"FLOAT_NUM","CYCLE_NUMBER","CHLA_FINAL","CHLA_FINAL_QC","CHLA_FLUORESCENCE","CHLA_FLUORESCENCE_QC","CHLA_FLUORESCENCE_ADJUSTED","CHLA_FLUORESCENCE_ADJUSTED_QC","DOXY_FINAL","DOXY_FINAL_QC","DOXY_ADJUSTED_ERROR","PRES","PRES_QC","TEMP","PSAL","CHLA","CHLA_ADJUSTED","DOXY","LONGITUDE","LATITUDE","MLD","MIN_FLUOCHLA_CYCLE1","MIN_FLUOCHLA_CYCLE2","MIN_FLUOCHLA_CYCLE3","MIN_FLUOCHLA_CYCLE4","MIN_FLUOCHLA_CYCLE5","MEDIAN_FIRST5","CHLA_NOLUT","NEAREST_INDICES","PHYSIO_RATIO","MATCHED_LAT","MATCHED_LON","SCALE_CHLA","DARK_CHLA","DATE_TIME","PRES_ADJUSTED","DOXY_SLOPE","DOXY_DRIFT","FLOAT_TYPE","DENSITY"
"7901009",1,0.0397239212926724,5,0.050463,1,0.028035,1,197.162844661649,1,4.88912012903481,2.29999995231628,1,29.0009994506836,35.8059997558594,0.0504629984498024,0.0561581738293171,190.12809753418,-88.6626,25.9392,29.9022338251094,63,63,63,63,61,63,0.046725,8044,1.17624339389221,26,-89,0.001869,51,2023-06-06 16:53:23.001794,2.29999995231628,1.037,0.0011,"aoml_navis",1022.67890091444
"7901009",1,0.0397239212926724,5,0.054201,1,0.031773,1,197.200488446654,1,4.88912330207376,4,1,29,35.7949981689453,0.0542009994387627,0.0561581738293171,190.164398193359,-88.6626,25.9392,29.9022338251094,63,63,63,63,61,63,0.046725,8044,1.17624339389221,26,-89,0.001869,51,2023-06-06 16:53:23.001794,4,1.037,0.0011,"aoml_navis",1022.67823719627
"7901009",1,0.0397239212926724,5,0.059808,1,0.03738,1,197.120232340078,1,4.8890449199427,6,1,28.9990005493164,35.8050003051758,0.0598080009222031,0.0561581738293171,190.087005615234,-88.6626,25.9392,29.9022338251094,63,63,63,63,61,63,0.046725,8044,1.17624339389221,26,-89,0.001869,51,2023-06-06 16:53:23.001794,6,1.037,0.0011,"aoml_navis",1022.69463297519
"7901009",1,0.0397239212926724,5,0.059808,1,0.03738,1,197.101766473284,1,4.8890036755335,8,1,29.0009994506836,35.8059997558594,0.0598080009222031,0.0561581738293171,190.069198608398,-88.6626,25.9392,29.9022338251094,63,63,63,63,61,63,0.046725,8044,1.17624339389221,26,-89,0.001869,51,2023-06-06 16:53:23.001794,8,1.037,0.0011,"aoml_navis",1022.70326058906
"7901009",1,0.0397239212926724,5,0.05607,1,0.033642,1,197.059454795646,1,4.88896281916312,10,1,29.0009994506836,35.8059997558594,0.0560699999332428,0.0561581738293171,190.028396606445,-88.6626,25.9392,29.9022338251094,63,63,63,63,61,63,0.046725,8044,1.17624339389221,26,-89,0.001869,51,2023-06-06 16:53:23.001794,10,1.037,0.0011,"aoml_navis",1022.71180717547
"7901009",1,0.0397239212926724,4,0.050463,1,0.028035,1,197.102700051811,1,4.88892196513365,12,1,29.0009994506836,35.8059997558594,0.0504629984498024,0.0561581738293171,190.070098876953,-88.6626,25.9392,29.9022338251094,63,63,63,63,61,63,0.046725,8044,1.17624339389221,26,-89,0.001869,51,2023-06-06 16:53:23.001794,12,1.037,0.0011,"aoml_navis",1022.72035341503
"7901009",1,0.0397239212926724,5,0.057939,1,0.035511,1,197.057176231106,1,4.88888310018343,14,1,29,35.8050003051758,0.0579390004277229,0.0561581738293171,190.02619934082,-88.6626,25.9392,29.9022338251094,63,63,63,63,61,63,0.046725,8044,1.17624339389221,26,-89,0.001869,51,2023-06-06 16:53:23.001794,14,1.037,0.0011,"aoml_navis",1022.7284836924
"7901009",1,0.0397239212926724,5,0.061677,1,0.039249,1,197.071907783791,1,4.88883904386579,16,1,28.9979991912842,35.8050003051758,0.0616770014166832,0.0561581738293171,190.040405273438,-88.6626,25.9392,29.9022338251094,63,63,63,63,61,63,0.046725,8044,1.17624339389221,26,-89,0.001869,51,2023-06-06 16:53:23.001794,16,1.037,0.0011,"aoml_navis",1022.73770012406
"7901009",1,0.0397239212926724,5,0.059808,1,0.03738,1,197.000860875564,1,4.88879781510606,18,1,29,35.8059997558594,0.0598080009222031,0.0561581738293171,189.971893310547,-88.6626,25.9392,29.9022338251094,63,63,63,63,61,63,0.046725,8044,1.17624339389221,26,-89,0.001869,51,2023-06-06 16:53:23.001794,18,1.037,0.0011,"aoml_navis",1022.74632519069
"7901009",1,0.0397239212926724,5,0.059808,1,0.03738,1,197.01901027506,1,4.88876055869349,20,1,29,35.8050003051758,0.0598080009222031,0.0561581738293171,189.989395141602,-88.6626,25.9392,29.9022338251094,63,63,63,63,61,63,0.046725,8044,1.17624339389221,26,-89,0.001869,51,2023-06-06 16:53:23.001794,20,1.037,0.0011,"aoml_navis",1022.75411936645
"7901009",1,0.0397239212926724,5,0.069153,1,0.046725,1,197.024200338735,1,4.88871650911432,22,1,28.9979991912842,35.8050003051758,0.0691530033946037,0.0561581738293171,189.994400024414,-88.6626,25.9392,29.9022338251094,63,63,63,63,61,63,0.046725,8044,1.17624339389221,26,-89,0.001869,51,2023-06-06 16:53:23.001794,22,1.037,0.0011,"aoml_navis",1022.76333485041
"7901009",1,0.0397239212926724,5,0.07476,1,0.052332,1,197.003455907402,1,4.88867124422793,24,1,28.9930000305176,35.8040008544922,0.0747599974274635,0.0561581738293171,189.974395751953,-88.6626,25.9392,29.9022338251094,63,63,63,63,61,63,0.046725,8044,1.17624339389221,26,-89,0.001869,51,2023-06-06 16:53:23.001794,24,1.037,0.0011,"aoml_navis",1022.77280475825
"7901009",1,0.0397239212926724,5,0.069153,1,0.046725,1,197.018187460087,1,4.88862719921257,26,1,28.9909992218018,35.8040008544922,0.0691530033946037,0.0560699999332428,189.98860168457,-88.6626,25.9392,29.9022338251094,63,63,63,63,61,63,0.046725,8044,1.17624339389221,26,-89,0.001869,51,2023-06-06 16:53:23.001794,26,1.037,0.0011,"aoml_navis",1022.78201962411
"7901009",1,0.0397239212926724,4,0.069153,1,0.046725,1,197.136609522709,1,4.88858674745937,28,1,28.9890003204346,35.8030014038086,0.0691530033946037,0.0560699999332428,190.102798461914,-88.6626,25.9392,29.9022338251094,63,63,63,63,61,63,0.046725,8044,1.17624339389221,26,-89,0.001869,51,2023-06-06 16:53:23.001794,28,1.037,0.0011,"aoml_navis",1022.79048287289
"7901009",1,0.0460797486994999,1,0.076629,1,0.054201,1,198.277315895555,1,4.88848736700641,30.1000003814697,1,28.94700050354,35.7999992370605,0.0766289979219437,0.0635460019111633,191.20280456543,-88.6626,25.9392,29.9022338251094,63,63,63,63,61,63,0.054201,8044,1.17624339389221,26,-89,0.001869,51,2023-06-06 16:53:23.001794,30.1000003814697,1.037,0.0011,"aoml_navis",1022.81127568135
"7901009",1,0.0460797486994999,1,0.076629,1,0.054201,1,199.300517960941,1,4.88830256582561,32.0999984741211,1,28.8570003509521,35.7999992370605,0.0766289979219437,0.0635460019111633,192.189498901367,-88.6626,25.9392,29.9022338251094,63,63,63,63,61,63,0.054201,8044,1.17624339389221,26,-89,0.001869,51,2023-06-06 16:53:23.001794,32.0999984741211,1.037,0.0011,"aoml_navis",1022.84994283195
"7901009",1,0.0444907918477931,1,0.07476,1,0.052332,1,200.666137641925,1,4.88812093710859,33.9000015258789,1,28.7639999389648,35.798999786377,0.0747599974274635,0.0616770014166832,193.506393432617,-88.6626,25.9392,29.9022338251094,63,63,63,63,61,63,0.052332,8044,1.17624339389221,26,-89,0.001869,51,2023-06-06 16:53:23.001794,33.9000015258789,1.037,0.0011,"aoml_navis",1022.88794903622
"7901009",1,0.0524355761063275,1,0.084105,1,0.061677,1,204.032969923638,1,4.88781227582569,35.9000015258789,1,28.5979995727539,35.7999992370605,0.0841049998998642,0.0710219964385033,196.75309753418,-88.6626,25.9392,29.9022338251094,63,63,63,63,61,63,0.061677,8044,1.17624339389221,26,-89,0.001869,51,2023-06-06 16:53:23.001794,35.9000015258789,1.037,0.0011,"aoml_navis",1022.95254356006
"7901009",1,0.0492576624029137,1,0.080367,1,0.057939,1,207.543320124642,1,4.88718853230369,38,1,28.2810001373291,35.8219985961914,0.0803669989109039,0.0672840029001236,200.138198852539,-88.6626,25.9392,29.9022338251094,63,63,63,63,61,63,0.057939,8044,1.17624339389221,26,-89,0.001869,51,2023-06-06 16:53:23.001794,38,1.037,0.0011,"aoml_navis",1023.08310124536
"7901009",1,0.0524355761063275,1,0.084105,1,0.061677,1,207.311444535965,1,4.8867568132237,40,1,28.1560001373291,35.8759994506836,0.0841049998998642,0.0710219964385033,199.914596557617,-88.6626,25.9392,29.9022338251094,63,63,63,63,61,63,0.061677,8044,1.17624339389221,26,-89,0.001869,51,2023-06-06 16:53:23.001794,40,1.037,0.0011,"aoml_navis",1023.17348521822
"7901009",1,0.0556134898097413,1,0.087843,1,0.065415,1,207.42261949748,1,4.88656844569352,42,1,28.0690002441406,35.8790016174316,0.0878430008888245,0.0747599974274635,200.02180480957,-88.6626,25.9392,29.9022338251094,63,63,63,63,61,63,0.065415,8044,1.17624339389221,26,-89,0.001869,51,2023-06-06 16:53:23.001794,42,1.037,0.0011,"aoml_navis",1023.21292652852
"7901009",1,0.0651472309199827,1,0.099057,1,0.076629,1,206.99962930801,1,4.88640426138823,44,1,28.0109996795654,35.8880004882812,0.0990569964051247,0.0859740003943443,199.613906860352,-88.6626,25.9392,29.9022338251094,63,63,63,63,61,63,0.076629,8044,1.17624339389221,26,-89,0.001869,51,2023-06-06 16:53:23.001794,44,1.037,0.0011,"aoml_navis",1023.24730671782
"7901009",1,0.0651472309199827,1,0.099057,1,0.076629,1,206.997651387402,1,4.88603503215794,46.0999984741211,1,27.8530006408691,35.9099998474121,0.0990569964051247,0.0859740003943443,199.611999511719,-88.6626,25.9392,29.9022338251094,63,63,63,63,61,63,0.076629,8044,1.17624339389221,26,-89,0.001869,51,2023-06-06 16:53:23.001794,46.0999984741211,1.037,0.0011,"aoml_navis",1023.32463174987
"7901009",1,0.0746809720302241,1,0.110271,1,0.087843,1,207.353756213604,1,4.88580500783656,48,1,27.7119998931885,35.9020004272461,0.110270999372005,0.0971880033612251,199.95539855957,-88.6626,25.9392,29.9022338251094,63,63,63,63,61,63,0.087843,8044,1.17624339389221,26,-89,0.001869,51,2023-06-06 16:53:23.001794,48,1.037,0.0011,"aoml_navis",1023.37281000373
"7901009",1,0.0826257562887585,1,0.119616,1,0.097188,1,207.208371137259,1,4.88556713764575,50,1,27.5830001831055,35.9010009765625,0.119616001844406,0.106532998383045,199.815200805664,-88.6626,25.9392,29.9022338251094,63,63,63,63,61,63,0.097188,8044,1.17624339389221,26,-89,0.001869,51,2023-06-06 16:53:23.001794,50,1.037,0.0011,"aoml_navis",1023.42263633478
"7901009",1,0.0842147131404654,1,0.121485,1,0.099057,1,206.581196247619,1,4.88537611022021,52,1,27.5139999389648,35.9129981994629,0.121485002338886,0.108401998877525,199.210403442383,-88.6626,25.9392,29.9022338251094,63,63,63,63,61,63,0.099057,8044,1.17624339389221,26,-89,0.001869,51,2023-06-06 16:53:23.001794,52,1.037,0.0011,"aoml_navis",1023.46265409126
"7901009",1,0.0873926268438792,1,0.125223,1,0.102795,1,206.490354309951,1,4.88526507736769,54,1,27.4780006408691,35.9169998168945,0.125222995877266,0.112139999866486,199.122802734375,-88.6626,25.9392,29.9022338251094,63,63,63,63,61,63,0.102795,8044,1.17624339389221,26,-89,0.001869,51,2023-06-06 16:53:23.001794,54,1.037,0.0011,"aoml_navis",1023.48591546523
"7901009",1,0.0985153248058275,1,0.138306,1,0.115878,1,206.237845053496,1,4.88518350273824,56,1,27.4610004425049,35.9210014343262,0.138306006789207,0.125222995877266,198.879302978516,-88.6626,25.9392,29.9022338251094,63,63,63,63,61,63,0.115878,8044,1.17624339389221,26,-89,0.001869,51,2023-06-06 16:53:23.001794,56,1.037,0.0011,"aoml_navis",1023.50300601756
"7901009",1,0.104871152212655,1,0.145782,1,0.123354,1,205.69746132012,1,4.88503927041531,58,1,27.4360008239746,35.9389991760254,0.145781993865967,0.132698997855186,198.358200073242,-88.6626,25.9392,29.9022338251094,63,63,63,63,61,63,0.123354,8044,1.17624339389221,26,-89,0.001869,51,2023-06-06 16:53:23.001794,58,1.037,0.0011,"aoml_navis",1023.53322526615
"7901009",1,0.11281593647119,1,0.155127,1,0.132699,1,204.821717191875,1,4.88481829171372,60,1,27.3659992218018,35.9589996337891,0.155127003788948,0.142043992877007,197.513702392578,-88.6626,25.9392,29.9022338251094,63,63,63,63,61,63,0.132699,8044,1.17624339389221,26,-89,0.001869,51,2023-06-06 16:53:23.001794,60,1.037,0.0011,"aoml_navis",1023.57952771379
"7901009",1,0.120760720729724,1,0.164472,1,0.142044,1,203.938393671862,1,4.88466838171132,62,1,27.3139991760254,35.9669990539551,0.164471998810768,0.151389002799988,196.661895751953,-88.6626,25.9392,29.9022338251094,63,63,63,63,61,63,0.142044,8044,1.17624339389221,26,-89,0.001869,51,2023-06-06 16:53:23.001794,62,1.037,0.0011,"aoml_navis",1023.61094127096
"7901009",1,0.120760720729724,1,0.164472,1,0.142044,1,203.107034082053,1,4.88452681908314,64,1,27.2859992980957,35.9830017089844,0.164471998810768,0.151389002799988,195.860198974609,-88.6626,25.9392,29.9022338251094,63,63,63,63,61,63,0.142044,8044,1.17624339389221,26,-89,0.001869,51,2023-06-06 16:53:23.001794,64,1.037,0.0011,"aoml_navis",1023.64060741067
"7901009",1,0.133472375543379,1,0.179424,1,0.156996,1,202.055935424416,1,4.88439710244306,66,1,27.253999710083,35.9939994812012,0.179424002766609,0.166341006755829,194.846603393555,-88.6626,25.9392,29.9022338251094,63,63,63,63,61,63,0.156996,8044,1.17624339389221,26,-89,0.001869,51,2023-06-06 16:53:23.001794,66,1.037,0.0011,"aoml_navis",1023.66779259187
"7901009",1,0.141417159801914,1,0.188769,1,0.166341,1,200.7367573193,1,4.8841924739186,68,1,27.1989994049072,36.015998840332,0.188768997788429,0.175686001777649,193.574493408203,-88.6626,25.9392,29.9022338251094,63,63,63,63,61,63,0.166341,8044,1.17624339389221,26,-89,0.001869,51,2023-06-06 16:53:23.001794,68,1.037,0.0011,"aoml_navis",1023.71068026082
"7901009",1,0.152539857763862,1,0.201852,1,0.179424,1,200.321647165531,1,4.88405515113979,70,1,27.1620006561279,36.0270004272461,0.20185199379921,0.188768997788429,193.174194335938,-88.6626,25.9392,29.9022338251094,63,63,63,63,61,63,0.179424,8044,1.17624339389221,26,-89,0.001869,51,2023-06-06 16:53:23.001794,70,1.037,0.0011,"aoml_navis",1023.73946347292
"7901009",1,0.149361944060448,1,0.198114,1,0.175686,1,199.842658087817,1,4.88397427845375,72,1,27.1499996185303,36.0330009460449,0.198113992810249,0.185030996799469,192.712295532227,-88.6626,25.9392,29.9022338251094,63,63,63,63,61,63,0.175686,8044,1.17624339389221,26,-89,0.001869,51,2023-06-06 16:53:23.001794,72,1.037,0.0011,"aoml_navis",1023.75641535585
"7901009",1,0.160484642022396,1,0.211197,1,0.188769,1,198.473193329172,1,4.88384062515865,74,1,27.113000869751,36.0429992675781,0.211197003722191,0.198113992810249,191.391693115234,-88.6626,25.9392,29.9022338251094,63,63,63,63,61,63,0.188769,8044,1.17624339389221,26,-89,0.001869,51,2023-06-06 16:53:23.001794,74,1.037,0.0011,"aoml_navis",1023.78443191675
"7901009",1,0.185907951649707,1,0.241101,1,0.218673,1,196.248934577359,1,4.88349580753787,76,1,27.0249996185303,36.0900001525879,0.241100996732712,0.228018000721931,189.246795654297,-88.6626,25.9392,29.9022338251094,63,63,63,63,61,63,0.218673,8044,1.17624339389221,26,-89,0.001869,51,2023-06-06 16:53:23.001794,76,1.037,0.0011,"aoml_navis",1023.85672007383
"7901009",1,0.184318994798,1,0.239232,1,0.216804,1,194.777646465832,1,4.88329145931888,78,1,26.9909992218018,36.1209983825684,0.239232003688812,0.226148992776871,187.828002929688,-88.6626,25.9392,29.9022338251094,63,63,63,63,61,63,0.216804,8044,1.17624339389221,26,-89,0.001869,51,2023-06-06 16:53:23.001794,78,1.037,0.0011,"aoml_navis",1023.89956480242
"7901009",1,0.185907951649707,1,0.241101,1,0.218673,1,194.47348974647,1,4.88312047584786,80,1,26.9599990844727,36.1440010070801,0.241100996732712,0.228018000721931,187.534698486328,-88.6626,25.9392,29.9022338251094,63,63,63,63,61,63,0.218673,8044,1.17624339389221,26,-89,0.001869,51,2023-06-06 16:53:23.001794,80,1.037,0.0011,"aoml_navis",1023.93541685695
"7901009",1,0.204975433870189,1,0.263529,1,0.241101,1,194.078712616547,1,4.88292233472287,82,1,26.9300003051758,36.1749992370605,0.263529002666473,0.250445991754532,187.154006958008,-88.6626,25.9392,29.9022338251094,63,63,63,63,61,63,0.241101,8044,1.17624339389221,26,-89,0.001869,51,2023-06-06 16:53:23.001794,82,1.037,0.0011,"aoml_navis",1023.97696650724
"7901009",1,0.220865002387258,1,0.282219,1,0.259791,1,193.647209456781,1,4.88276063215518,84.0999984741211,1,26.9039993286133,36.1969985961914,0.282218992710114,0.269136011600494,186.737899780273,-88.6626,25.9392,29.9022338251094,63,63,63,63,61,63,0.259791,8044,1.17624339389221,26,-89,0.001869,51,2023-06-06 16:53:23.001794,84.0999984741211,1.037,0.0011,"aoml_navis",1024.010877591
"7901009",1,0.239932484607741,1,0.304647,1,0.282219,1,193.155672450732,1,4.8825272583094,85.9000015258789,1,26.8600006103516,36.2330017089844,0.304646998643875,0.291563987731934,186.263900756836,-88.6626,25.9392,29.9022338251094,63,63,63,63,61,63,0.282219,8044,1.17624339389221,26,-89,0.001869,51,2023-06-06 16:53:23.001794,85.9000015258789,1.037,0.0011,"aoml_navis",1024.0598230129
"7901009",1,0.258999966828224,1,0.327075,1,0.304647,1,192.439617720667,1,4.88232419128152,87.9000015258789,1,26.82200050354,36.2620010375977,0.327075004577637,0.313991993665695,185.573394775391,-88.6626,25.9392,29.9022338251094,63,63,63,63,61,63,0.304647,8044,1.17624339389221,26,-89,0.001869,51,2023-06-06 16:53:23.001794,87.9000015258789,1.037,0.0011,"aoml_navis",1024.10241600273
"7901009",1,0.271711621641879,1,0.342027,1,0.319599,1,191.480183815671,1,4.88205437812577,90,1,26.7910003662109,36.3120002746582,0.342027008533478,0.328943997621536,184.648193359375,-88.6626,25.9392,29.9022338251094,63,63,63,63,61,63,0.319599,8044,1.17624339389221,26,-89,0.001869,51,2023-06-06 16:53:23.001794,90,1.037,0.0011,"aoml_navis",1024.15901436958
"7901009",1,0.308257629231138,1,0.385014,1,0.362586,1,192.197583531749,1,4.8818031825936,92,1,26.7520008087158,36.3540000915527,0.385013997554779,0.371930986642838,185.339996337891,-88.6626,25.9392,29.9022338251094,63,63,63,63,61,63,0.362586,8044,1.17624339389221,26,-89,0.001869,51,2023-06-06 16:53:23.001794,92,1.037,0.0011,"aoml_navis",1024.21171296455
"7901009",1,0.320969284044793,1,0.399966,1,0.377538,1,192.434744124289,1,4.88152581099012,94,1,26.7169990539551,36.4049987792969,0.39996600151062,0.386882990598679,185.568695068359,-88.6626,25.9392,29.9022338251094,63,63,63,63,61,63,0.377538,8044,1.17624339389221,26,-89,0.001869,51,2023-06-06 16:53:23.001794,94,1.037,0.0011,"aoml_navis",1024.26990936792
"7901009",1,0.355926334782344,1,0.441084,1,0.418656,1,191.438916480113,1,4.88136756367318,96,1,26.6800003051758,36.4220008850098,0.441083997488022,0.42800098657608,184.6083984375,-88.6626,25.9392,29.9022338251094,63,63,63,63,61,63,0.418656,8044,1.17624339389221,26,-89,0.001869,51,2023-06-06 16:53:23.001794,96,1.037,0.0011,"aoml_navis",1024.3031148094
"7901009",1,0.395650256075017,1,0.487809,1,0.465381,1,190.542222216792,1,4.88104135259943,98,1,26.6270008087158,36.4790000915527,0.487809002399445,0.474725991487503,183.743698120117,-88.6626,25.9392,29.9022338251094,63,63,63,63,61,63,0.465381,8044,1.17624339389221,26,-89,0.001869,51,2023-06-06 16:53:23.001794,98,1.037,0.0011,"aoml_navis",1024.37157131177
"7901009",1,0.543423243283758,1,0.661626,1,0.639198,1,188.663498283453,1,4.88069714706536,100,1,26.5550003051758,36.5330009460449,0.661625981330872,0.648543000221252,181.932006835938,-88.6626,25.9392,29.9022338251094,63,63,63,63,61,63,0.639198,8044,1.17624339389221,26,-89,0.001869,51,2023-06-06 16:53:23.001794,100,1.037,0.0011,"aoml_navis",1024.44381393473
"7901009",1,0.576791337169603,1,0.700875,1,0.678447,1,190.332230341719,1,4.88044284279408,102,1,26.5090007781982,36.5730018615723,0.700874984264374,0.687792003154755,183.541198730469,-88.6626,25.9392,29.9022338251094,63,63,63,63,61,63,0.678447,8044,1.17624339389221,26,-89,0.001869,51,2023-06-06 16:53:23.001794,102,1.037,0.0011,"aoml_navis",1024.49719442621
"7901009",1,0.589502991983258,1,0.715827,1,0.693399,1,192.254215354588,1,4.88016515216789,104,1,26.5020008087158,36.6360015869141,0.715826988220215,0.702744007110596,185.394607543945,-88.6626,25.9392,29.9022338251094,63,63,63,63,61,63,0.693399,8044,1.17624339389221,26,-89,0.001869,51,2023-06-06 16:53:23.001794,104,1.037,0.0011,"aoml_navis",1024.55549025403
"7901009",1,0.575202380317896,1,0.699006,1,0.676578,1,191.580772946094,1,4.880009504368,106,1,26.4759998321533,36.6570014953613,0.699006021022797,0.685922980308533,184.745193481445,-88.6626,25.9392,29.9022338251094,63,63,63,63,61,63,0.676578,8044,1.17624339389221,26,-89,0.001869,51,2023-06-06 16:53:23.001794,106,1.037,0.0011,"aoml_navis",1024.58816842971
"7901009",1,0.559312811800827,4,0.680316,1,0.657888,1,190.934625841986,1,4.87994334857472,108,1,26.4640007019043,36.6590003967285,0.680315971374512,0.667232990264893,184.122100830078,-88.6626,25.9392,29.9022338251094,63,63,63,63,61,63,0.657888,8044,1.17624339389221,26,-89,0.001869,51,2023-06-06 16:53:23.001794,108,1.037,0.0011,"aoml_navis",1024.60205843585
"7901009",1,0.589502991983258,1,0.715827,1,0.693399,1,189.381309407018,1,4.87984918670384,110,1,26.443000793457,36.6650009155273,0.715826988220215,0.702744007110596,182.624206542969,-88.6626,25.9392,29.9022338251094,63,63,63,63,61,63,0.693399,8044,1.17624339389221,26,-89,0.001869,51,2023-06-06 16:53:23.001794,110,1.037,0.0011,"aoml_navis",1024.62182922036
"7901009",1,0.524355761063275,4,0.639198,1,0.61677,1,185.357332782619,1,4.8796948502463,112,1,26.3680000305176,36.6650009155273,0.639198005199432,0.626115024089813,178.743804931641,-88.6626,25.9392,29.9022338251094,63,63,63,63,61,63,0.61677,8044,1.17624339389221,26,-89,0.001869,51,2023-06-06 16:53:23.001794,112,1.037,0.0011,"aoml_navis",1024.654236268
"7901009",1,0.529122631618396,1,0.644805,1,0.622377,1,181.959391765589,1,4.87955383426927,114,1,26.2660007476807,36.6500015258789,0.644805014133453,0.631721973419189,175.467102050781,-88.6626,25.9392,29.9022338251094,63,63,63,63,61,63,0.622377,8044,1.17624339389221,26,-89,0.001869,51,2023-06-06 16:53:23.001794,114,1.037,0.0011,"aoml_navis",1024.68384811841
"7901009",1,0.53230054532181,1,0.648543,1,0.626115,1,181.928488734015,1,4.87940519807216,116,1,26.2040004730225,36.6539993286133,0.648543000221252,0.635460019111633,175.437301635742,-88.6626,25.9392,29.9022338251094,63,63,63,63,61,63,0.626115,8044,1.17624339389221,26,-89,0.001869,51,2023-06-06 16:53:23.001794,116,1.037,0.0011,"aoml_navis",1024.71506198655
"7901009",1,0.505288278842792,1,0.61677,1,0.594342,1,182.660303535482,1,4.87924784205359,118,1,26.1909999847412,36.6809997558594,0.616770029067993,0.603686988353729,176.143005371094,-88.6626,25.9392,29.9022338251094,63,63,63,63,61,63,0.594342,8044,1.17624339389221,26,-89,0.001869,51,2023-06-06 16:53:23.001794,118,1.037,0.0011,"aoml_navis",1024.74810910519
"7901009",1,0.462386443846706,1,0.566307,1,0.543879,1,180.30184682628,1,4.87900643059168,120,1,26.0599994659424,36.681999206543,0.566307008266449,0.55322402715683,173.868698120117,-88.6626,25.9392,29.9022338251094,63,63,63,63,61,63,0.543879,8044,1.17624339389221,26,-89,0.001869,51,2023-06-06 16:53:23.001794,120,1.037,0.0011,"aoml_navis",1024.79881326856
"7901009",1,0.333680938858448,1,0.414918,1,0.39249,1,177.531713633485,1,4.8786877963021,122,1,25.9370002746582,36.7080001831055,0.414918005466461,0.40183499455452,171.197402954102,-88.6626,25.9392,29.9022338251094,63,63,63,63,61,63,0.39249,8044,1.17624339389221,26,-89,0.001869,51,2023-06-06 16:53:23.001794,122,1.037,0.0011,"aoml_navis",1024.86574438927
"7901009",1,0.276478492197,1,0.347634,1,0.325206,1,175.954535564307,1,4.87831143880247,124,1,25.7870006561279,36.7389984130859,0.347633987665176,0.334551006555557,169.676498413086,-88.6626,25.9392,29.9022338251094,63,63,63,63,61,63,0.325206,8044,1.17624339389221,26,-89,0.001869,51,2023-06-06 16:53:23.001794,124,1.037,0.0011,"aoml_navis",1024.94481189323
"7901009",1,0.239932484607741,1,0.304647,1,0.282219,1,175.854785072221,1,4.8780303043511,126,1,25.6860008239746,36.7639999389648,0.304646998643875,0.291563987731934,169.580307006836,-88.6626,25.9392,29.9022338251094,63,63,63,63,61,63,0.282219,8044,1.17624339389221,26,-89,0.001869,51,2023-06-06 16:53:23.001794,126,1.037,0.0011,"aoml_navis",1025.00388231293
"7901009",1,0.20974230442531,4,0.269136,1,0.246708,1,175.680253357802,1,4.87772164174676,128,1,25.5879993438721,36.7980003356934,0.269136011600494,0.256053000688553,169.412002563477,-88.6626,25.9392,29.9022338251094,63,63,63,63,61,63,0.246708,8044,1.17624339389221,26,-89,0.001869,51,2023-06-06 16:53:23.001794,128,1.037,0.0011,"aoml_navis",1025.06874463821
"7901009",1,0.225631872942379,4,0.287826,1,0.265398,1,175.488410882224,1,4.87749610297834,130,1,25.5410003662109,36.8300018310547,0.287826001644135,0.274742990732193,169.227005004883,-88.6626,25.9392,29.9022338251094,63,63,63,63,61,63,0.265398,8044,1.17624339389221,26,-89,0.001869,51,2023-06-06 16:53:23.001794,130,1.037,0.0011,"aoml_navis",1025.11614452072
"7901009",1,0.244699355162862,1,0.310254,1,0.287826,1,173.972200237857,1,4.87731198928107,132,1,25.5340003967285,36.867000579834,0.310254007577896,0.297170996665955,167.764892578125,-88.6626,25.9392,29.9022338251094,63,63,63,63,61,63,0.287826,8044,1.17624339389221,26,-89,0.001869,51,2023-06-06 16:53:23.001794,132,1.037,0.0011,"aoml_navis",1025.15484163994
"7901009",1,0.276478492197,1,0.347634,1,0.325206,1,171.905874490723,1,4.87711084881633,134,1,25.4839992523193,36.890998840332,0.347633987665176,0.334551006555557,165.77229309082,-88.6626,25.9392,29.9022338251094,63,63,63,63,61,63,0.325206,8044,1.17624339389221,26,-89,0.001869,51,2023-06-06 16:53:23.001794,134,1.037,0.0011,"aoml_navis",1025.19712079407
"7901009",1,0.228809786645793,1,0.291564,1,0.269136,1,173.115127680148,1,4.87676280646652,136,1,25.3369998931885,36.9160003662109,0.291563987731934,0.278481006622314,166.938400268555,-88.6626,25.9392,29.9022338251094,63,63,63,63,61,63,0.269136,8044,1.17624339389221,26,-89,0.001869,51,2023-06-06 16:53:23.001794,136,1.037,0.0011,"aoml_navis",1025.27028654542
"7901009",1,0.182730037946293,1,0.237363,1,0.214935,1,172.68621955222,1,4.87644511002654,138,1,25.193000793457,36.9339981079102,0.237362995743752,0.224279999732971,166.524795532227,-88.6626,25.9392,29.9022338251094,63,63,63,63,61,63,0.214935,8044,1.17624339389221,26,-89,0.001869,51,2023-06-06 16:53:23.001794,138,1.037,0.0011,"aoml_navis",1025.33708207223
"7901009",1,0.177963167391172,1,0.231756,1,0.209328,1,172.610219930791,1,4.87617117051536,140,1,25.0709991455078,36.9490013122559,0.231756001710892,0.218673005700111,166.451507568359,-88.6626,25.9392,29.9022338251094,63,63,63,63,61,63,0.209328,8044,1.17624339389221,26,-89,0.001869,51,2023-06-06 16:53:23.001794,140,1.037,0.0011,"aoml_navis",1025.39468471357
"7901009",1,0.16366255572581,1,0.214935,1,0.192507,1,172.166279606245,1,4.87606761851687,142,1,25.0380001068115,36.9529991149902,0.214935004711151,0.20185199379921,166.023406982422,-88.6626,25.9392,29.9022338251094,63,63,63,63,61,63,0.192507,8044,1.17624339389221,26,-89,0.001869,51,2023-06-06 16:53:23.001794,142,1.037,0.0011,"aoml_navis",1025.41646079978
"7901009",1,0.160484642022396,1,0.211197,1,0.188769,1,171.206734937695,1,4.87597207454632,144,1,25.007999420166,36.9560012817383,0.211197003722191,0.198113992810249,165.098098754883,-88.6626,25.9392,29.9022338251094,63,63,63,63,61,63,0.188769,8044,1.17624339389221,26,-89,0.001869,51,2023-06-06 16:53:23.001794,144,1.037,0.0011,"aoml_navis",1025.43655368765
"7901009",1,0.16366255572581,1,0.214935,1,0.192507,1,170.447245071086,1,4.87579657504559,146,1,24.9109992980957,36.9539985656738,0.214935004711151,0.20185199379921,164.365707397461,-88.6626,25.9392,29.9022338251094,63,63,63,63,61,63,0.192507,8044,1.17624339389221,26,-89,0.001869,51,2023-06-06 16:53:23.001794,146,1.037,0.0011,"aoml_navis",1025.47346326754
"7901009",1,0.155717771467276,1,0.20559,1,0.183162,1,169.563510143586,1,4.87565176620879,148,1,24.8570003509521,36.9609985351562,0.20558999478817,0.19250699877739,163.51350402832,-88.6626,25.9392,29.9022338251094,63,63,63,63,61,63,0.183162,8044,1.17624339389221,26,-89,0.001869,51,2023-06-06 16:53:23.001794,148,1.037,0.0011,"aoml_navis",1025.5039202457
"7901009",1,0.144595073505327,1,0.192507,1,0.170079,1,168.537918750106,1,4.87545984588261,150,1,24.7779998779297,36.9710006713867,0.19250699877739,0.179424002766609,162.524505615234,-88.6626,25.9392,29.9022338251094,63,63,63,63,61,63,0.170079,8044,1.17624339389221,26,-89,0.001869,51,2023-06-06 16:53:23.001794,150,1.037,0.0011,"aoml_navis",1025.54428875515
"7901009",1,0.143006116653621,1,0.190638,1,0.16821,1,167.522280253123,1,4.87533394943974,152,1,24.7220001220703,36.9720001220703,0.19063800573349,0.177554994821548,161.545104980469,-88.6626,25.9392,29.9022338251094,63,63,63,63,61,63,0.16821,8044,1.17624339389221,26,-89,0.001869,51,2023-06-06 16:53:23.001794,152,1.037,0.0011,"aoml_navis",1025.57077153137
"7901009",1,0.130294461839965,4,0.175686,1,0.153258,1,165.819733664149,1,4.87516869086028,154,1,24.6709995269775,36.9860000610352,0.175686001777649,0.162603005766869,159.903305053711,-88.6626,25.9392,29.9022338251094,63,63,63,63,61,63,0.153258,8044,1.17624339389221,26,-89,0.001869,51,2023-06-06 16:53:23.001794,154,1.037,0.0011,"aoml_navis",1025.60553635277
"7901009",1,0.1382392460985,1,0.185031,1,0.162603,1,162.578269902232,1,4.87498240607292,156,1,24.5310001373291,36.9700012207031,0.185030996799469,0.171948000788689,156.777496337891,-88.6626,25.9392,29.9022338251094,63,63,63,63,61,63,0.162603,8044,1.17624339389221,26,-89,0.001869,51,2023-06-06 16:53:23.001794,156,1.037,0.0011,"aoml_navis",1025.6447272038
"7901009",1,0.1382392460985,1,0.185031,1,0.162603,1,163.127150782538,1,4.87481646317134,158,1,24.431999206543,36.9650001525879,0.185030996799469,0.171948000788689,157.306793212891,-88.6626,25.9392,29.9022338251094,63,63,63,63,61,63,0.162603,8044,1.17624339389221,26,-89,0.001869,51,2023-06-06 16:53:23.001794,158,1.037,0.0011,"aoml_navis",1025.67964102329
"7901009",1,0.0778588857336378,1,0.114009,1,0.091581,1,164.28776294838,1,4.87463382381084,160,1,24.4009990692139,36.992000579834,0.114009000360966,0.100925996899605,158.425994873047,-88.6626,25.9392,29.9022338251094,63,63,63,63,61,63,0.091581,8044,1.17624339389221,26,-89,0.001869,51,2023-06-06 16:53:23.001794,160,1.037,0.0011,"aoml_navis",1025.71807046855
"7901009",1,0.0635582740682758,1,0.097188,1,0.07476,1,163.581154767137,1,4.87445253101565,162,1,24.3110008239746,36.9949989318848,0.0971880033612251,0.0841049998998642,157.744598388672,-88.6626,25.9392,29.9022338251094,63,63,63,63,61,63,0.07476,8044,1.17624339389221,26,-89,0.001869,51,2023-06-06 16:53:23.001794,162,1.037,0.0011,"aoml_navis",1025.75621942885
"7901009",1,0.0540245329580344,1,0.085974,1,0.063546,1,163.365972828389,1,4.87417197578804,164,1,24.1189994812012,36.9850006103516,0.0859740003943443,0.0728909969329834,157.537094116211,-88.6626,25.9392,29.9022338251094,63,63,63,63,61,63,0.063546,8044,1.17624339389221,26,-89,0.001869,51,2023-06-06 16:53:23.001794,164,1.037,0.0011,"aoml_navis",1025.81526151252
"7901009",1,0.0476687055512068,1,0.078498,1,0.05607,1,162.98436073803,1,4.87401737163756,166,1,24.0419998168945,36.9860000610352,0.0784979984164238,0.0654150024056435,157.169097900391,-88.6626,25.9392,29.9022338251094,63,63,63,63,61,63,0.05607,8044,1.17624339389221,26,-89,0.001869,51,2023-06-06 16:53:23.001794,166,1.037,0.0011,"aoml_navis",1025.84780043985
"7901009",1,0.0254233096273103,1,0.052332,1,0.029904,1,161.745043155369,1,4.87368475055481,168,1,23.8980007171631,37.0099983215332,0.0523319989442825,0.0392489992082119,155.973999023438,-88.6626,25.9392,29.9022338251094,63,63,63,63,61,63,0.029904,8044,1.17624339389221,26,-89,0.001869,51,2023-06-06 16:53:23.001794,168,1.037,0.0011,"aoml_navis",1025.91781288907
"7901009",1,0.0254233096273103,1,0.052332,1,0.029904,1,160.366036907713,1,4.87348505701327,170,1,23.8419990539551,37.0320014953613,0.0523319989442825,0.0392489992082119,154.644195556641,-88.6626,25.9392,29.9022338251094,63,63,63,63,61,63,0.029904,8044,1.17624339389221,26,-89,0.001869,51,2023-06-06 16:53:23.001794,170,1.037,0.0011,"aoml_navis",1025.9598503959
"7901009",1,0.0270122664790172,1,0.054201,1,0.031773,1,158.551919773103,1,4.87328940626122,172,1,23.7329998016357,37.0320014953613,0.0542009994387627,0.041117999702692,152.894805908203,-88.6626,25.9392,29.9022338251094,63,63,63,63,61,63,0.031773,8044,1.17624339389221,26,-89,0.001869,51,2023-06-06 16:53:23.001794,172,1.037,0.0011,"aoml_navis",1026.00104019597
"7901009",1,0.0397239212926724,1,0.069153,1,0.046725,1,156.798754239939,1,4.87301306481975,174,1,23.5359992980957,37.0200004577637,0.0691530033946037,0.0560699999332428,151.204193115234,-88.6626,25.9392,29.9022338251094,63,63,63,63,61,63,0.046725,8044,1.17624339389221,26,-89,0.001869,51,2023-06-06 16:53:23.001794,174,1.037,0.0011,"aoml_navis",1026.05922321387
"7901009",1,0.0365460075892586,1,0.065415,1,0.042987,1,154.957974735537,1,4.87274343113809,176,1,23.3530006408691,37.0120010375977,0.0654150024056435,0.0523319989442825,149.429092407227,-88.6626,25.9392,29.9022338251094,63,63,63,63,61,63,0.042987,8044,1.17624339389221,26,-89,0.001869,51,2023-06-06 16:53:23.001794,176,1.037,0.0011,"aoml_navis",1026.11600029025
"7901009",1,0.0381349644409655,1,0.067284,1,0.044856,1,153.889043145702,1,4.87245807256464,178,1,23.1630001068115,37.0060005187988,0.0672840029001236,0.0542009994387627,148.398300170898,-88.6626,25.9392,29.9022338251094,63,63,63,63,61,63,0.044856,8044,1.17624339389221,26,-89,0.001869,51,2023-06-06 16:53:23.001794,178,1.037,0.0011,"aoml_navis",1026.17609541958
"7901009",1,0.0381349644409655,1,0.067284,1,0.044856,1,152.767625454622,1,4.87234888195712,180,1,23.0960006713867,36.9990005493164,0.0672840029001236,0.0542009994387627,147.31689453125,-88.6626,25.9392,29.9022338251094,63,63,63,63,61,63,0.044856,8044,1.17624339389221,26,-89,0.001869,51,2023-06-06 16:53:23.001794,180,1.037,0.0011,"aoml_navis",1026.19909229316
"7901009",1,0.0333680938858448,1,0.061677,1,0.039249,1,151.223534041368,1,4.8721728434795,182,1,22.9860000610352,36.9939994812012,0.0616770014166832,0.0485940016806126,145.827896118164,-88.6626,25.9392,29.9022338251094,63,63,63,63,61,63,0.039249,8044,1.17624339389221,26,-89,0.001869,51,2023-06-06 16:53:23.001794,182,1.037,0.0011,"aoml_navis",1026.23617031394
"7901009",1,0.0349570507375517,1,0.063546,1,0.041118,1,150.728468424955,1,4.87188404115676,184,1,22.7759990692139,36.9819984436035,0.0635460019111633,0.0504629984498024,145.350494384766,-88.6626,25.9392,29.9022338251094,63,63,63,63,61,63,0.041118,8044,1.17624339389221,26,-89,0.001869,51,2023-06-06 16:53:23.001794,184,1.037,0.0011,"aoml_navis",1026.29700496993
"7901009",1,0.030190180182431,1,0.057939,1,0.035511,1,150.49535861382,1,4.87179723037079,186,1,22.7479991912842,36.984001159668,0.0579390004277229,0.0448560006916523,145.125701904297,-88.6626,25.9392,29.9022338251094,63,63,63,63,61,63,0.035511,8044,1.17624339389221,26,-89,0.001869,51,2023-06-06 16:53:23.001794,186,1.037,0.0011,"aoml_navis",1026.31529260495
"7901009",1,0.0270122664790172,1,0.054201,1,0.031773,1,149.417708349946,1,4.87167159378432,188,1,22.6840000152588,36.9830017089844,0.0542009994387627,0.041117999702692,144.086502075195,-88.6626,25.9392,29.9022338251094,63,63,63,63,61,63,0.031773,8044,1.17624339389221,26,-89,0.001869,51,2023-06-06 16:53:23.001794,188,1.037,0.0011,"aoml_navis",1026.34176047076
"7901009",1,0.0174785253687758,4,0.042987,1,0.020559,1,147.914995035804,1,4.87134512826426,190,1,22.4290008544922,36.9650001525879,0.0429870001971722,0.0299040004611015,142.637405395508,-88.6626,25.9392,29.9022338251094,63,63,63,63,61,63,0.020559,8044,1.17624339389221,26,-89,0.001869,51,2023-06-06 16:53:23.001794,190,1.037,0.0011,"aoml_navis",1026.41054336086
"7901009",1,0.0238343527756034,1,0.050463,1,0.028035,1,147.205791822724,1,4.87103887961052,192,1,22.1340007781982,36.9269981384277,0.0504629984498024,0.0373799987137318,141.953506469727,-88.6626,25.9392,29.9022338251094,63,63,63,63,61,63,0.028035,8044,1.17624339389221,26,-89,0.001869,51,2023-06-06 16:53:23.001794,192,1.037,0.0011,"aoml_navis",1026.47507514861
"7901009",1,0.0127116548136552,1,0.03738,1,0.014952,1,148.757858211868,1,4.87072762061879,194,1,21.9050006866455,36.9160003662109,0.0373799987137318,0.0242970008403063,143.4501953125,-88.6626,25.9392,29.9022338251094,63,63,63,63,61,63,0.014952,8044,1.17624339389221,26,-89,0.001869,51,2023-06-06 16:53:23.001794,194,1.037,0.0011,"aoml_navis",1026.54067101473
"7901009",1,0.00158895685170689,1,0.024297,1,0.001869,1,149.744777301627,1,4.87045580880723,196,1,21.7630004882812,36.9269981384277,0.0242970008403063,0.0112140001729131,144.401901245117,-88.6626,25.9392,29.9022338251094,63,63,63,63,61,63,0.001869,8044,1.17624339389221,26,-89,0.001869,51,2023-06-06 16:53:23.001794,196,1.037,0.0011,"aoml_navis",1026.59796049448
"7901009",1,0.00476687055512068,1,0.028035,1,0.005607,1,149.598870054242,1,4.87027537469967,198,1,21.6509990692139,36.923999786377,0.0280349999666214,0.0149520002305508,144.261199951172,-88.6626,25.9392,29.9022338251094,63,63,63,63,61,63,0.005607,8044,1.17624339389221,26,-89,0.001869,51,2023-06-06 16:53:23.001794,198,1.037,0.0011,"aoml_navis",1026.63599392639
"7901009",1,0.00158895685170689,1,0.024297,1,0.001869,1,148.858763809588,1,4.87017089815224,200,1,21.5820007324219,36.9160003662109,0.0242970008403063,0.0112140001729131,143.547500610352,-88.6626,25.9392,29.9022338251094,63,63,63,63,61,63,0.001869,8044,1.17624339389221,26,-89,0.001869,51,2023-06-06 16:53:23.001794,200,1.037,0.0011,"aoml_navis",1026.65801766772
"7901009",1,0.00476687055512068,1,0.028035,1,0.005607,1,148.624198248885,1,4.86991892170346,202,1,21.375,36.8979988098145,0.0280349999666214,0.0149520002305508,143.321304321289,-88.6626,25.9392,29.9022338251094,63,63,63,63,61,63,0.005607,8044,1.17624339389221,26,-89,0.001869,51,2023-06-06 16:53:23.001794,202,1.037,0.0011,"aoml_navis",1026.71113839633
"7901009",1,0.00158895685170689,1,0.024297,1,0.001869,1,148.570477925181,1,4.86979946329628,204,1,21.2859992980957,36.8870010375977,0.0242970008403063,0.0112140001729131,143.269500732422,-88.6626,25.9392,29.9022338251094,63,63,63,63,61,63,0.001869,8044,1.17624339389221,26,-89,0.001869,51,2023-06-06 16:53:23.001794,204,1.037,0.0011,"aoml_navis",1026.73632408994
"7901009",1,0,1,0.022428,1,0,1,148.233345313448,1,4.86969559104233,206,1,21.2140007019043,36.8779983520508,0.0224280003458261,0.00934499967843294,142.944396972656,-88.6626,25.9392,29.9022338251094,63,63,63,63,61,63,0,8044,1.17624339389221,26,-89,0.001869,51,2023-06-06 16:53:23.001794,206,1.037,0.0011,"aoml_navis",1026.75822472299
"7901009",1,0.00158895685170689,1,0.024297,1,0.001869,1,147.940391536407,1,4.86952485835852,208,1,21.07200050354,36.8619995117188,0.0242970008403063,0.0112140001729131,142.661895751953,-88.6626,25.9392,29.9022338251094,63,63,63,63,61,63,0.001869,8044,1.17624339389221,26,-89,0.001869,51,2023-06-06 16:53:23.001794,208,1.037,0.0011,"aoml_navis",1026.79422437233
"7901009",1,0.00476687055512068,1,0.028035,1,0.005607,1,147.576723141801,1,4.86945048117585,210,1,21.0219993591309,36.8530006408691,0.0280349999666214,0.0149520002305508,142.31120300293,-88.6626,25.9392,29.9022338251094,63,63,63,63,61,63,0.005607,8044,1.17624339389221,26,-89,0.001869,51,2023-06-06 16:53:23.001794,210,1.037,0.0011,"aoml_navis",1026.80990787951
"7901009",1,0,1,0.022428,1,0,1,147.867698998234,1,4.86925236237184,212,1,20.8500003814697,36.8339996337891,0.0224280003458261,0.00934499967843294,142.591796875,-88.6626,25.9392,29.9022338251094,63,63,63,63,61,63,0,8044,1.17624339389221,26,-89,0.001869,51,2023-06-06 16:53:23.001794,212,1.037,0.0011,"aoml_navis",1026.85168643928
"7901009",1,-0.00317791370341379,1,0.01869,1,-0.003738,1,148.519146929571,1,4.8691261734536,214,1,20.7600002288818,36.8250007629395,0.0186899993568659,0.00560700008645654,143.220001220703,-88.6626,25.9392,29.9022338251094,63,63,63,63,61,63,-0.003738,8044,1.17624339389221,26,-89,0.001869,51,2023-06-06 16:53:23.001794,214,1.037,0.0011,"aoml_navis",1026.87829846348
"7901009",1,-0.00476687055512068,1,0.016821,1,-0.005607,1,148.980097371343,1,4.86902060468873,216,1,20.7049999237061,36.8230018615723,0.0168210007250309,0.00373800005763769,143.664505004883,-88.6626,25.9392,29.9022338251094,63,63,63,63,61,63,-0.005607,8044,1.17624339389221,26,-89,0.001869,51,2023-06-06 16:53:23.001794,216,1.037,0.0011,"aoml_navis",1026.90056295616
"7901009",1,-0.00158895685170689,1,0.020559,1,-0.001869,1,149.000731039122,1,4.8689061832505,218,1,20.6319999694824,36.8170013427734,0.020558999851346,0.00747600011527538,143.68440246582,-88.6626,25.9392,29.9022338251094,63,63,63,63,61,63,-0.001869,8044,1.17624339389221,26,-89,0.001869,51,2023-06-06 16:53:23.001794,218,1.037,0.0011,"aoml_navis",1026.92469557135
"7901009",1,-0.00158895685170689,1,0.020559,1,-0.001869,1,148.881169694231,1,4.86882758094195,220,1,20.5919990539551,36.8129997253418,0.020558999851346,0.00747600011527538,143.569107055664,-88.6626,25.9392,29.9022338251094,63,63,63,63,61,63,-0.001869,8044,1.17624339389221,26,-89,0.001869,51,2023-06-06 16:53:23.001794,220,1.037,0.0011,"aoml_navis",1026.94127423438
"7901009",1,-0.00476687055512068,1,0.016821,1,-0.005607,1,148.870900330436,1,4.86875163515347,222,1,20.5540008544922,36.8089981079102,0.0168210007250309,0.00373800005763769,143.559204101562,-88.6626,25.9392,29.9022338251094,63,63,63,63,61,63,-0.005607,8044,1.17624339389221,26,-89,0.001869,51,2023-06-06 16:53:23.001794,222,1.037,0.0011,"aoml_navis",1026.95729309725
"7901009",1,-0.00317791370341379,1,0.01869,1,-0.003738,1,148.983831685451,1,4.86865233204126,224,1,20.4839992523193,36.7999992370605,0.0186899993568659,0.00560700008645654,143.668106079102,-88.6626,25.9392,29.9022338251094,63,63,63,63,61,63,-0.003738,8044,1.17624339389221,26,-89,0.001869,51,2023-06-06 16:53:23.001794,224,1.037,0.0011,"aoml_navis",1026.97823935678
"7901009",1,-0.00317791370341379,1,0.01869,1,-0.003738,1,149.240787307432,1,4.8685627988102,226,1,20.4270000457764,36.7929992675781,0.0186899993568659,0.00560700008645654,143.915893554688,-88.6626,25.9392,29.9022338251094,63,63,63,63,61,63,-0.003738,8044,1.17624339389221,26,-89,0.001869,51,2023-06-06 16:53:23.001794,226,1.037,0.0011,"aoml_navis",1026.99712556279
"7901009",1,-0.00476687055512068,1,0.016821,1,-0.005607,1,149.390634572668,1,4.86850049123278,228,1,20.3910007476807,36.7859992980957,0.0168210007250309,0.00373800005763769,144.060394287109,-88.6626,25.9392,29.9022338251094,63,63,63,63,61,63,-0.005607,8044,1.17624339389221,26,-89,0.001869,51,2023-06-06 16:53:23.001794,228,1.037,0.0011,"aoml_navis",1027.01026917919
"7901009",1,-0.00476687055512068,1,0.016821,1,-0.005607,1,149.692924134977,1,4.86836124415128,230,1,20.2700004577637,36.7700004577637,0.0168210007250309,0.00373800005763769,144.351898193359,-88.6626,25.9392,29.9022338251094,63,63,63,63,61,63,-0.005607,8044,1.17624339389221,26,-89,0.001869,51,2023-06-06 16:53:23.001794,230,1.037,0.0011,"aoml_navis",1027.0396441938
"7901009",1,-0.00158895685170689,1,0.020559,1,-0.001869,1,150.546373142132,1,4.86822548931507,232,1,20.1399993896484,36.75,0.020558999851346,0.00747600011527538,145.174896240234,-88.6626,25.9392,29.9022338251094,63,63,63,63,61,63,-0.001869,8044,1.17624339389221,26,-89,0.001869,51,2023-06-06 16:53:23.001794,232,1.037,0.0011,"aoml_navis",1027.06828411588
"7901009",1,-0.00158895685170689,1,0.020559,1,-0.001869,1,151.477609810945,1,4.86808148953812,234,1,20.0200004577637,36.7360000610352,0.020558999851346,0.00747600011527538,146.072906494141,-88.6626,25.9392,29.9022338251094,63,63,63,63,61,63,-0.001869,8044,1.17624339389221,26,-89,0.001869,51,2023-06-06 16:53:23.001794,234,1.037,0.0011,"aoml_navis",1027.09866520217
"7901009",1,0.00317791370341379,1,0.026166,1,0.003738,1,151.892925668458,1,4.86797536458129,236,1,19.9349994659424,36.7239990234375,0.0261659994721413,0.0130829997360706,146.473403930664,-88.6626,25.9392,29.9022338251094,63,63,63,63,61,63,0.003738,8044,1.17624339389221,26,-89,0.001869,51,2023-06-06 16:53:23.001794,236,1.037,0.0011,"aoml_navis",1027.12105660585
"7901009",1,-0.00317791370341379,1,0.01869,1,-0.003738,1,152.469386673717,1,4.86791157476572,238,1,19.9029998779297,36.7190017700195,0.0186899993568659,0.00560700008645654,147.029296875,-88.6626,25.9392,29.9022338251094,63,63,63,63,61,63,-0.003738,8044,1.17624339389221,26,-89,0.001869,51,2023-06-06 16:53:23.001794,238,1.037,0.0011,"aoml_navis",1027.13451614836
"7901009",1,-0.00476687055512068,1,0.016821,1,-0.005607,1,153.253355285767,1,4.86781647440285,240,1,19.8519992828369,36.7159996032715,0.0168210007250309,0.00373800005763769,147.785293579102,-88.6626,25.9392,29.9022338251094,63,63,63,63,61,63,-0.005607,8044,1.17624339389221,26,-89,0.001869,51,2023-06-06 16:53:23.001794,240,1.037,0.0011,"aoml_navis",1027.15458281803
"7901009",1,-0.00317791370341379,1,0.01869,1,-0.003738,1,153.979062268397,1,4.86773287231494,242,1,19.8099994659424,36.7130012512207,0.0186899993568659,0.00560700008645654,148.485107421875,-88.6626,25.9392,29.9022338251094,63,63,63,63,61,63,-0.003738,8044,1.17624339389221,26,-89,0.001869,51,2023-06-06 16:53:23.001794,242,1.037,0.0011,"aoml_navis",1027.17222393968
"7901009",1,-0.00635582740682758,1,0.014952,1,-0.007476,1,154.507198717371,1,4.86764915932402,244,1,19.7649993896484,36.7089996337891,0.0149520002305508,0.00186900002881885,148.994400024414,-88.6626,25.9392,29.9022338251094,63,63,63,63,61,63,-0.007476,8044,1.17624339389221,26,-89,0.001869,51,2023-06-06 16:53:23.001794,244,1.037,0.0011,"aoml_navis",1027.18988907047
"7901009",1,-0.00635582740682758,1,0.014952,1,-0.007476,1,154.858952118236,1,4.86756768476902,246,1,19.7159996032715,36.7029991149902,0.0149520002305508,0.00186900002881885,149.333602905273,-88.6626,25.9392,29.9022338251094,63,63,63,63,61,63,-0.007476,8044,1.17624339389221,26,-89,0.001869,51,2023-06-06 16:53:23.001794,246,1.037,0.0011,"aoml_navis",1027.20708242956
"7901009",1,-0.00794478425853447,1,0.013083,1,-0.009345,1,155.214123365911,1,4.86745530539291,248,1,19.6310005187988,36.693000793457,0.0130829997360706,0,149.67610168457,-88.6626,25.9392,29.9022338251094,63,63,63,63,61,63,-0.009345,8044,1.17624339389221,26,-89,0.001869,51,2023-06-06 16:53:23.001794,248,1.037,0.0011,"aoml_navis",1027.23079849552
"7901009",1,-0.00635582740682758,1,0.014952,1,-0.007476,1,155.199708280522,1,4.86736729718956,250,1,19.568000793457,36.6839981079102,0.0149520002305508,0.00186900002881885,149.662200927734,-88.6626,25.9392,29.9022338251094,63,63,63,63,61,63,-0.007476,8044,1.17624339389221,26,-89,0.001869,51,2023-06-06 16:53:23.001794,250,1.037,0.0011,"aoml_navis",1027.24937213738
"7901009",1,-0.0111226979619483,4,0.009345,1,-0.013083,1,155.225626952165,1,4.86726262563773,252,1,19.4829998016357,36.6720008850098,0.00934499967843294,-0.00373800005763769,149.687194824219,-88.6626,25.9392,29.9022338251094,63,63,63,63,61,63,-0.013083,8044,1.17624339389221,26,-89,0.001869,51,2023-06-06 16:53:23.001794,252,1.037,0.0011,"aoml_navis",1027.27146336076
"7901009",1,-0.00635582740682758,1,0.014952,1,-0.007476,1,154.722887003794,1,4.86719045261732,254,1,19.4409999847412,36.6660003662109,0.0149520002305508,0.00186900002881885,149.202392578125,-88.6626,25.9392,29.9022338251094,63,63,63,63,61,63,-0.007476,8044,1.17624339389221,26,-89,0.001869,51,2023-06-06 16:53:23.001794,254,1.037,0.0011,"aoml_navis",1027.28669623176
"7901009",1,-0.00476687055512068,1,0.016821,1,-0.005607,1,153.892571756066,1,4.86711319101718,256,1,19.3920001983643,36.6590003967285,0.0168210007250309,0.00373800005763769,148.401702880859,-88.6626,25.9392,29.9022338251094,63,63,63,63,61,63,-0.005607,8044,1.17624339389221,26,-89,0.001869,51,2023-06-06 16:53:23.001794,256,1.037,0.0011,"aoml_navis",1027.30300360141
"7901009",1,-0.00635582740682758,1,0.014952,1,-0.007476,1,154.112627291191,1,4.86702312103632,258,1,19.3239994049072,36.648998260498,0.0149520002305508,0.00186900002881885,148.613906860352,-88.6626,25.9392,29.9022338251094,63,63,63,63,61,63,-0.007476,8044,1.17624339389221,26,-89,0.001869,51,2023-06-06 16:53:23.001794,258,1.037,0.0011,"aoml_navis",1027.32201505042
"7901009",1,-0.00635582740682758,1,0.014952,1,-0.007476,1,156.354608211649,1,4.86690542106356,260,1,19.2250003814697,36.6360015869141,0.0149520002305508,0.00186900002881885,150.775894165039,-88.6626,25.9392,29.9022338251094,63,63,63,63,61,63,-0.007476,8044,1.17624339389221,26,-89,0.001869,51,2023-06-06 16:53:23.001794,260,1.037,0.0011,"aoml_navis",1027.34685953839
"7901009",1,-0.00317791370341379,1,0.01869,1,-0.003738,1,157.672441330751,1,4.86682133514844,262,1,19.1760005950928,36.6310005187988,0.0186899993568659,0.00560700008645654,152.04670715332,-88.6626,25.9392,29.9022338251094,63,63,63,63,61,63,-0.003738,8044,1.17624339389221,26,-89,0.001869,51,2023-06-06 16:53:23.001794,262,1.037,0.0011,"aoml_navis",1027.3646093991
"7901009",1,-0.00476687055512068,1,0.016821,1,-0.005607,1,157.77116330412,1,4.86675868604263,264,1,19.1499996185303,36.6279983520508,0.0168210007250309,0.00373800005763769,152.141906738281,-88.6626,25.9392,29.9022338251094,63,63,63,63,61,63,-0.005607,8044,1.17624339389221,26,-89,0.001869,51,2023-06-06 16:53:23.001794,264,1.037,0.0011,"aoml_navis",1027.37783452044
"7901009",1,-0.00794478425853447,1,0.013083,1,-0.009345,1,157.711841509256,1,4.86668702468736,266,1,19.1079998016357,36.6220016479492,0.0130829997360706,0,152.084701538086,-88.6626,25.9392,29.9022338251094,63,63,63,63,61,63,-0.009345,8044,1.17624339389221,26,-89,0.001869,51,2023-06-06 16:53:23.001794,266,1.037,0.0011,"aoml_navis",1027.39296253003
"7901009",1,-0.00953374111024137,1,0.011214,1,-0.011214,1,157.265622620169,1,4.86662298870539,268,1,19.0750007629395,36.617000579834,0.0112140001729131,-0.00186900002881885,151.654403686523,-88.6626,25.9392,29.9022338251094,63,63,63,63,61,63,-0.011214,8044,1.17624339389221,26,-89,0.001869,51,2023-06-06 16:53:23.001794,268,1.037,0.0011,"aoml_navis",1027.4064811686
"7901009",1,-0.00635582740682758,1,0.014952,1,-0.007476,1,156.563571568006,1,4.8665549711634,270,1,19.0300006866455,36.609001159668,0.0149520002305508,0.00186900002881885,150.977401733398,-88.6626,25.9392,29.9022338251094,63,63,63,63,61,63,-0.007476,8044,1.17624339389221,26,-89,0.001869,51,2023-06-06 16:53:23.001794,270,1.037,0.0011,"aoml_navis",1027.42084074408
"7901009",1,-0.00794478425853447,1,0.013083,1,-0.009345,1,155.936285914812,1,4.86643831072595,272,1,18.92799949646,36.5950012207031,0.0130829997360706,0,150.372497558594,-88.6626,25.9392,29.9022338251094,63,63,63,63,61,63,-0.009345,8044,1.17624339389221,26,-89,0.001869,51,2023-06-06 16:53:23.001794,272,1.037,0.0011,"aoml_navis",1027.44547053636
"7901009",1,-0.00953374111024137,1,0.011214,1,-0.011214,1,155.364287098444,1,4.86635167919884,274,1,18.8530006408691,36.5820007324219,0.0112140001729131,-0.00186900002881885,149.820907592773,-88.6626,25.9392,29.9022338251094,63,63,63,63,61,63,-0.011214,8044,1.17624339389221,26,-89,0.001869,51,2023-06-06 16:53:23.001794,274,1.037,0.0011,"aoml_navis",1027.46376127571
"7901009",1,-0.00317791370341379,1,0.01869,1,-0.003738,1,154.324897730804,1,4.86629019187391,276,1,18.8129997253418,36.5740013122559,0.0186899993568659,0.00560700008645654,148.818603515625,-88.6626,25.9392,29.9022338251094,63,63,63,63,61,63,-0.003738,8044,1.17624339389221,26,-89,0.001869,51,2023-06-06 16:53:23.001794,276,1.037,0.0011,"aoml_navis",1027.47674364948
"7901009",1,-0.00317791370341379,1,0.01869,1,-0.003738,1,153.167909115516,1,4.8661789553126,278,1,18.69700050354,36.5540008544922,0.0186899993568659,0.00560700008645654,147.702896118164,-88.6626,25.9392,29.9022338251094,63,63,63,63,61,63,-0.003738,8044,1.17624339389221,26,-89,0.001869,51,2023-06-06 16:53:23.001794,278,1.037,0.0011,"aoml_navis",1027.5002308621
"7901009",1,-0.00317791370341379,1,0.01869,1,-0.003738,1,152.322751551548,1,4.86607301959268,280,1,18.576000213623,36.5309982299805,0.0186899993568659,0.00560700008645654,146.887893676758,-88.6626,25.9392,29.9022338251094,63,63,63,63,61,63,-0.003738,8044,1.17624339389221,26,-89,0.001869,51,2023-06-06 16:53:23.001794,280,1.037,0.0011,"aoml_navis",1027.5225998188
"7901009",1,-0.00476687055512068,1,0.016821,1,-0.005607,1,152.824051573717,1,4.86589957881271,282,1,18.3840007781982,36.5029983520508,0.0168210007250309,0.00373800005763769,147.371307373047,-88.6626,25.9392,29.9022338251094,63,63,63,63,61,63,-0.005607,8044,1.17624339389221,26,-89,0.001869,51,2023-06-06 16:53:23.001794,282,1.037,0.0011,"aoml_navis",1027.55922497275
"7901009",1,0.00158895685170689,1,0.024297,1,0.001869,1,153.316727862036,1,4.86578914572748,284,1,18.2759990692139,36.4860000610352,0.0242970008403063,0.0112140001729131,147.846405029297,-88.6626,25.9392,29.9022338251094,63,63,63,63,61,63,0.001869,8044,1.17624339389221,26,-89,0.001869,51,2023-06-06 16:53:23.001794,284,1.037,0.0011,"aoml_navis",1027.5825462742
"7901009",1,-0.00476687055512068,1,0.016821,1,-0.005607,1,153.600029386511,1,4.86568397047479,286,1,18.1870002746582,36.4739990234375,0.0168210007250309,0.00373800005763769,148.119598388672,-88.6626,25.9392,29.9022338251094,63,63,63,63,61,63,-0.005607,8044,1.17624339389221,26,-89,0.001869,51,2023-06-06 16:53:23.001794,286,1.037,0.0011,"aoml_navis",1027.60475820876
"7901009",1,-0.00476687055512068,1,0.016821,1,-0.005607,1,153.639746032313,1,4.86562227157529,288,1,18.1550006866455,36.4690017700195,0.0168210007250309,0.00373800005763769,148.157897949219,-88.6626,25.9392,29.9022338251094,63,63,63,63,61,63,-0.005607,8044,1.17624339389221,26,-89,0.001869,51,2023-06-06 16:53:23.001794,288,1.037,0.0011,"aoml_navis",1027.61778883037
"7901009",1,-0.00158895685170689,1,0.020559,1,-0.001869,1,153.796951162209,1,4.86551751535949,290,1,18.0659999847412,36.4570007324219,0.020558999851346,0.00747600011527538,148.309494018555,-88.6626,25.9392,29.9022338251094,63,63,63,63,61,63,-0.001869,8044,1.17624339389221,26,-89,0.001869,51,2023-06-06 16:53:23.001794,290,1.037,0.0011,"aoml_navis",1027.6399137843
"7901009",1,-0.00158895685170689,1,0.020559,1,-0.001869,1,154.107532167706,1,4.86540712513975,292,1,17.9689998626709,36.4440002441406,0.020558999851346,0.00747600011527538,148.608993530273,-88.6626,25.9392,29.9022338251094,63,63,63,63,61,63,-0.001869,8044,1.17624339389221,26,-89,0.001869,51,2023-06-06 16:53:23.001794,292,1.037,0.0011,"aoml_navis",1027.66322969455
"7901009",1,-0.00635582740682758,1,0.014952,1,-0.007476,1,154.203975576535,1,4.8653338702856,294,1,17.9179992675781,36.4360008239746,0.0149520002305508,0.00186900002881885,148.701995849609,-88.6626,25.9392,29.9022338251094,63,63,63,63,61,63,-0.007476,8044,1.17624339389221,26,-89,0.001869,51,2023-06-06 16:53:23.001794,294,1.037,0.0011,"aoml_navis",1027.67870269641
"7901009",1,-0.00794478425853447,1,0.013083,1,-0.009345,1,154.00612022231,1,4.86526888998466,296,1,17.8859996795654,36.431999206543,0.0130829997360706,0,148.511199951172,-88.6626,25.9392,29.9022338251094,63,63,63,63,61,63,-0.009345,8044,1.17624339389221,26,-89,0.001869,51,2023-06-06 16:53:23.001794,296,1.037,0.0011,"aoml_navis",1027.69242832451
"7901009",1,-0.00476687055512068,1,0.016821,1,-0.005607,1,153.228053725354,1,4.86521823255742,298,1,17.8659992218018,36.4280014038086,0.0168210007250309,0.00373800005763769,147.760894775391,-88.6626,25.9392,29.9022338251094,63,63,63,63,61,63,-0.005607,8044,1.17624339389221,26,-89,0.001869,51,2023-06-06 16:53:23.001794,298,1.037,0.0011,"aoml_navis",1027.70312882177
"7901009",1,-0.00158895685170689,1,0.020559,1,-0.001869,1,151.995999067164,1,4.86513707033806,300,1,17.7959995269775,36.4160003662109,0.020558999851346,0.00747600011527538,146.572799682617,-88.6626,25.9392,29.9022338251094,63,63,63,63,61,63,-0.001869,8044,1.17624339389221,26,-89,0.001869,51,2023-06-06 16:53:23.001794,300,1.037,0.0011,"aoml_navis",1027.72027338843
"7901009",1,-0.00317791370341379,1,0.01869,1,-0.003738,1,151.618627638588,1,4.86505287216382,302,1,17.7080001831055,36.398998260498,0.0186899993568659,0.00560700008645654,146.208892822266,-88.6626,25.9392,29.9022338251094,63,63,63,63,61,63,-0.003738,8044,1.17624339389221,26,-89,0.001869,51,2023-06-06 16:53:23.001794,302,1.037,0.0011,"aoml_navis",1027.73805986946
"7901009",1,-0.00317791370341379,1,0.01869,1,-0.003738,1,151.757493488611,1,4.86499181858032,304,1,17.6730003356934,36.3930015563965,0.0186899993568659,0.00560700008645654,146.342803955078,-88.6626,25.9392,29.9022338251094,63,63,63,63,61,63,-0.003738,8044,1.17624339389221,26,-89,0.001869,51,2023-06-06 16:53:23.001794,304,1.037,0.0011,"aoml_navis",1027.75095754613
"7901009",1,-0.00317791370341379,1,0.01869,1,-0.003738,1,151.887846368337,1,4.86489457459065,306,1,17.5919990539551,36.3819999694824,0.0186899993568659,0.00560700008645654,146.468505859375,-88.6626,25.9392,29.9022338251094,63,63,63,63,61,63,-0.003738,8044,1.17624339389221,26,-89,0.001869,51,2023-06-06 16:53:23.001794,306,1.037,0.0011,"aoml_navis",1027.77150117805
"7901009",1,-0.00635582740682758,1,0.014952,1,-0.007476,1,151.665512268672,1,4.86484060618649,308,1,17.5690002441406,36.3779983520508,0.0149520002305508,0.00186900002881885,146.254104614258,-88.6626,25.9392,29.9022338251094,63,63,63,63,61,63,-0.007476,8044,1.17624339389221,26,-89,0.001869,51,2023-06-06 16:53:23.001794,308,1.037,0.0011,"aoml_navis",1027.7829028235
"7901009",1,-0.00476687055512068,1,0.016821,1,-0.005607,1,151.316037432347,1,4.86476460319471,310,1,17.5149993896484,36.3699989318848,0.0168210007250309,0.00373800005763769,145.917098999023,-88.6626,25.9392,29.9022338251094,63,63,63,63,61,63,-0.005607,8044,1.17624339389221,26,-89,0.001869,51,2023-06-06 16:53:23.001794,310,1.037,0.0011,"aoml_navis",1027.7989600394
"7901009",1,-0.00635582740682758,1,0.014952,1,-0.007476,1,150.927273181072,1,4.86468086804472,312,1,17.4419994354248,36.3580017089844,0.0149520002305508,0.00186900002881885,145.542205810547,-88.6626,25.9392,29.9022338251094,63,63,63,63,61,63,-0.007476,8044,1.17624339389221,26,-89,0.001869,51,2023-06-06 16:53:23.001794,312,1.037,0.0011,"aoml_navis",1027.81665141575
"7901009",1,-0.00476687055512068,1,0.016821,1,-0.005607,1,150.379009411995,1,4.8645808467073,314,1,17.3579998016357,36.3470001220703,0.0168210007250309,0.00373800005763769,145.01350402832,-88.6626,25.9392,29.9022338251094,63,63,63,63,61,63,-0.005607,8044,1.17624339389221,26,-89,0.001869,51,2023-06-06 16:53:23.001794,314,1.037,0.0011,"aoml_navis",1027.83778449984
"7901009",1,-0.00794478425853447,1,0.013083,1,-0.009345,1,150.064282684905,1,4.86450237212381,316,1,17.2859992980957,36.3339996337891,0.0130829997360706,0,144.710006713867,-88.6626,25.9392,29.9022338251094,63,63,63,63,61,63,-0.009345,8044,1.17624339389221,26,-89,0.001869,51,2023-06-06 16:53:23.001794,316,1.037,0.0011,"aoml_navis",1027.8543656701
"7901009",1,-0.00635582740682758,1,0.014952,1,-0.007476,1,149.645738860961,1,4.86443839377192,318,1,17.2479991912842,36.3279991149902,0.0149520002305508,0.00186900002881885,144.306396484375,-88.6626,25.9392,29.9022338251094,63,63,63,63,61,63,-0.007476,8044,1.17624339389221,26,-89,0.001869,51,2023-06-06 16:53:23.001794,318,1.037,0.0011,"aoml_navis",1027.86788427656
"7901009",1,-0.00476687055512068,1,0.016821,1,-0.005607,1,149.170278393611,1,4.86438742148684,320,1,17.2180004119873,36.3209991455078,0.0168210007250309,0.00373800005763769,143.847900390625,-88.6626,25.9392,29.9022338251094,63,63,63,63,61,63,-0.005607,8044,1.17624339389221,26,-89,0.001869,51,2023-06-06 16:53:23.001794,320,1.037,0.0011,"aoml_navis",1027.87865495954
"7901009",1,-0.00317791370341379,1,0.01869,1,-0.003738,1,148.507943987249,1,4.86431358510535,322,1,17.1590003967285,36.3110008239746,0.0186899993568659,0.00560700008645654,143.209197998047,-88.6626,25.9392,29.9022338251094,63,63,63,63,61,63,-0.003738,8044,1.17624339389221,26,-89,0.001869,51,2023-06-06 16:53:23.001794,322,1.037,0.0011,"aoml_navis",1027.89425733368
"7901009",1,-0.00476687055512068,1,0.016821,1,-0.005607,1,148.288932794205,1,4.86419900153282,324,1,17.0459995269775,36.2949981689453,0.0168210007250309,0.00373800005763769,142.998001098633,-88.6626,25.9392,29.9022338251094,63,63,63,63,61,63,-0.005607,8044,1.17624339389221,26,-89,0.001869,51,2023-06-06 16:53:23.001794,324,1.037,0.0011,"aoml_navis",1027.91847093928
"7901009",1,-0.00476687055512068,1,0.016821,1,-0.005607,1,148.014017653106,1,4.86414030753605,326,1,17.0060005187988,36.2869987487793,0.0168210007250309,0.00373800005763769,142.732894897461,-88.6626,25.9392,29.9022338251094,63,63,63,63,61,63,-0.005607,8044,1.17624339389221,26,-89,0.001869,51,2023-06-06 16:53:23.001794,326,1.037,0.0011,"aoml_navis",1027.93087449666
"7901009",1,-0.00635582740682758,1,0.014952,1,-0.007476,1,147.85619541198,1,4.86407242724609,328,1,16.9580001831055,36.2789993286133,0.0149520002305508,0.00186900002881885,142.580703735352,-88.6626,25.9392,29.9022338251094,63,63,63,63,61,63,-0.007476,8044,1.17624339389221,26,-89,0.001869,51,2023-06-06 16:53:23.001794,328,1.037,0.0011,"aoml_navis",1027.94521972833
"7901009",1,-0.00953374111024137,1,0.011214,1,-0.011214,1,147.678657258237,1,4.86399474973603,330,1,16.8920001983643,36.2680015563965,0.0112140001729131,-0.00186900002881885,142.40950012207,-88.6626,25.9392,29.9022338251094,63,63,63,63,61,63,-0.011214,8044,1.17624339389221,26,-89,0.001869,51,2023-06-06 16:53:23.001794,330,1.037,0.0011,"aoml_navis",1027.96163591076
"7901009",1,-0.00635582740682758,1,0.014952,1,-0.007476,1,147.224352629706,1,4.86391283331609,332,1,16.8190002441406,36.2560005187988,0.0149520002305508,0.00186900002881885,141.971405029297,-88.6626,25.9392,29.9022338251094,63,63,63,63,61,63,-0.007476,8044,1.17624339389221,26,-89,0.001869,51,2023-06-06 16:53:23.001794,332,1.037,0.0011,"aoml_navis",1027.97894850248
"7901009",1,0,1,0.011214,1,-0.011214,1,146.857139801372,1,4.86381123936521,334,1,16.7159996032715,36.2400016784668,0.0112140001729131,0,141.617294311523,-88.6626,25.9392,29.9022338251094,63,63,63,63,61,63,0,8044,1.17624339389221,26,-89,0.001869,51,2023-06-06 16:53:23.001794,334,1.037,0.0011,"aoml_navis",1028.00042064391
"7901009",1,0,1,0.016821,1,-0.005607,1,146.170342472935,1,4.86375820675913,336,1,16.6900005340576,36.2350006103516,0.0168210007250309,0,140.955001831055,-88.6626,25.9392,29.9022338251094,63,63,63,63,61,63,0,8044,1.17624339389221,26,-89,0.001869,51,2023-06-06 16:53:23.001794,336,1.037,0.0011,"aoml_navis",1028.01162957721
"7901009",1,0,1,0.009345,1,-0.013083,1,144.998638128326,1,4.86369947951819,338,1,16.6590003967285,36.2299995422363,0.00934499967843294,0,139.825103759766,-88.6626,25.9392,29.9022338251094,63,63,63,63,61,63,0,8044,1.17624339389221,26,-89,0.001869,51,2023-06-06 16:53:23.001794,338,1.037,0.0011,"aoml_navis",1028.02404240965
"7901009",1,0,1,0.013083,1,-0.009345,1,144.306429209107,1,4.86359349002391,340,1,16.5419998168945,36.2109985351562,0.0130829997360706,0,139.157592773438,-88.6626,25.9392,29.9022338251094,63,63,63,63,61,63,0,8044,1.17624339389221,26,-89,0.001869,51,2023-06-06 16:53:23.001794,340,1.037,0.0011,"aoml_navis",1028.04644554605
"7901009",1,0,1,0.014952,1,-0.007476,1,143.863216759344,1,4.86353422943801,342,1,16.503999710083,36.2039985656738,0.0149520002305508,0,138.730194091797,-88.6626,25.9392,29.9022338251094,63,63,63,63,61,63,0,8044,1.17624339389221,26,-89,0.001869,51,2023-06-06 16:53:23.001794,342,1.037,0.0011,"aoml_navis",1028.05897195829
"7901009",1,0,1,0.022428,1,0,1,143.434530158523,1,4.86348571868316,344,1,16.4850006103516,36.2000007629395,0.0224280003458261,0,138.316802978516,-88.6626,25.9392,29.9022338251094,63,63,63,63,61,63,0,8044,1.17624339389221,26,-89,0.001869,51,2023-06-06 16:53:23.001794,344,1.037,0.0011,"aoml_navis",1028.06922631487
"7901009",1,0,1,0.016821,1,-0.005607,1,142.963104649213,1,4.86343290917141,346,1,16.4589996337891,36.1949996948242,0.0168210007250309,0,137.862197875977,-88.6626,25.9392,29.9022338251094,63,63,63,63,61,63,0,8044,1.17624339389221,26,-89,0.001869,51,2023-06-06 16:53:23.001794,346,1.037,0.0011,"aoml_navis",1028.08038958881
"7901009",1,0,1,0.014952,1,-0.007476,1,142.462643265382,1,4.86338126063831,348,1,16.4340000152588,36.189998626709,0.0149520002305508,0,137.379592895508,-88.6626,25.9392,29.9022338251094,63,63,63,63,61,63,0,8044,1.17624339389221,26,-89,0.001869,51,2023-06-06 16:53:23.001794,348,1.037,0.0011,"aoml_navis",1028.09130768081
"7901009",1,0,1,0.01869,1,-0.003738,1,141.733945666792,1,4.86333257157268,350,1,16.4179992675781,36.1870002746582,0.0186899993568659,0,136.676895141602,-88.6626,25.9392,29.9022338251094,63,63,63,63,61,63,0,8044,1.17624339389221,26,-89,0.001869,51,2023-06-06 16:53:23.001794,350,1.037,0.0011,"aoml_navis",1028.10160037711
"7901009",1,0,1,0.014952,1,-0.007476,1,140.647276084948,1,4.86326060660467,352,1,16.3589992523193,36.1769981384277,0.0149520002305508,0,135.628997802734,-88.6626,25.9392,29.9022338251094,63,63,63,63,61,63,0,8044,1.17624339389221,26,-89,0.001869,51,2023-06-06 16:53:23.001794,352,1.037,0.0011,"aoml_navis",1028.11681389429
"7901009",1,0,1,0.016821,1,-0.005607,1,139.523896296625,1,4.86318247335914,354,1,16.2880001068115,36.1650009155273,0.0168210007250309,0,134.545700073242,-88.6626,25.9392,29.9022338251094,63,63,63,63,61,63,0,8044,1.17624339389221,26,-89,0.001869,51,2023-06-06 16:53:23.001794,354,1.037,0.0011,"aoml_navis",1028.13333190567
"7901009",1,0,1,0.014952,1,-0.007476,1,138.695748849883,1,4.86309605292638,356,1,16.2029991149902,36.1510009765625,0.0149520002305508,0,133.747100830078,-88.6626,25.9392,29.9022338251094,63,63,63,63,61,63,0,8044,1.17624339389221,26,-89,0.001869,51,2023-06-06 16:53:23.001794,356,1.037,0.0011,"aoml_navis",1028.15160251487
"7901009",1,0,1,0.020559,1,-0.001869,1,138.435454497915,1,4.86303159280812,358,1,16.1469993591309,36.1399993896484,0.020558999851346,0,133.49609375,-88.6626,25.9392,29.9022338251094,63,63,63,63,61,63,0,8044,1.17624339389221,26,-89,0.001869,51,2023-06-06 16:53:23.001794,358,1.037,0.0011,"aoml_navis",1028.16523079851
"7901009",1,0,1,0.016821,1,-0.005607,1,138.754643413896,1,4.86296697855953,360,1,16.0939998626709,36.1300010681152,0.0168210007250309,0,133.803894042969,-88.6626,25.9392,29.9022338251094,63,63,63,63,61,63,0,8044,1.17624339389221,26,-89,0.001869,51,2023-06-06 16:53:23.001794,360,1.037,0.0011,"aoml_navis",1028.17889203127
"7901009",1,0,1,0.01869,1,-0.003738,1,139.607886717308,1,4.86287844135774,362,1,16.0130004882812,36.1180000305176,0.0186899993568659,0,134.626693725586,-88.6626,25.9392,29.9022338251094,63,63,63,63,61,63,0,8044,1.17624339389221,26,-89,0.001869,51,2023-06-06 16:53:23.001794,362,1.037,0.0011,"aoml_navis",1028.19761182514
"7901009",1,0,1,0.022428,1,0,1,140.406586882043,1,4.86281633020709,364,1,15.9750003814697,36.1119995117188,0.0224280003458261,0,135.396896362305,-88.6626,25.9392,29.9022338251094,63,63,63,63,61,63,0,8044,1.17624339389221,26,-89,0.001869,51,2023-06-06 16:53:23.001794,364,1.037,0.0011,"aoml_navis",1028.21074465444
"7901009",1,0,1,0.020559,1,-0.001869,1,141.156867550304,1,4.86275869778964,366,1,15.9540004730225,36.1100006103516,0.020558999851346,0,136.120407104492,-88.6626,25.9392,29.9022338251094,63,63,63,63,61,63,0,8044,1.17624339389221,26,-89,0.001869,51,2023-06-06 16:53:23.001794,366,1.037,0.0011,"aoml_navis",1028.22293079703
"7901009",1,0,1,0.020559,1,-0.001869,1,141.563053326291,1,4.86270999717535,368,1,15.9409999847412,36.1080017089844,0.020558999851346,0,136.512100219727,-88.6626,25.9392,29.9022338251094,63,63,63,63,61,63,0,8044,1.17624339389221,26,-89,0.001869,51,2023-06-06 16:53:23.001794,368,1.037,0.0011,"aoml_navis",1028.23322857098
"7901009",1,0,1,0.01869,1,-0.003738,1,142.095351320223,1,4.86264823605863,370,1,15.9130001068115,36.1049995422363,0.0186899993568659,0,137.025405883789,-88.6626,25.9392,29.9022338251094,63,63,63,63,61,63,0,8044,1.17624339389221,26,-89,0.001869,51,2023-06-06 16:53:23.001794,370,1.037,0.0011,"aoml_navis",1028.24628829263
"7901009",1,0,1,0.016821,1,-0.005607,1,142.508072145898,1,4.86259287620725,372,1,15.8940000534058,36.1030006408691,0.0168210007250309,0,137.423400878906,-88.6626,25.9392,29.9022338251094,63,63,63,63,61,63,0,8044,1.17624339389221,26,-89,0.001869,51,2023-06-06 16:53:23.001794,372,1.037,0.0011,"aoml_navis",1028.25799471411
"7901009",1,0,1,0.016821,1,-0.005607,1,142.458291840045,1,4.86254725143957,374,1,15.8870000839233,36.1020011901855,0.0168210007250309,0,137.375396728516,-88.6626,25.9392,29.9022338251094,63,63,63,63,61,63,0,8044,1.17624339389221,26,-89,0.001869,51,2023-06-06 16:53:23.001794,374,1.037,0.0011,"aoml_navis",1028.26764275036
"7901009",1,0,1,0.016821,1,-0.005607,1,142.145637973752,1,4.86249502516904,376,1,15.8610000610352,36.0970001220703,0.0168210007250309,0,137.07389831543,-88.6626,25.9392,29.9022338251094,63,63,63,63,61,63,0,8044,1.17624339389221,26,-89,0.001869,51,2023-06-06 16:53:23.001794,376,1.037,0.0011,"aoml_navis",1028.27868699489
"7901009",1,0,1,0.016821,1,-0.005607,1,141.648404556353,1,4.86242403417987,378,1,15.8050003051758,36.0880012512207,0.0168210007250309,0,136.59440612793,-88.6626,25.9392,29.9022338251094,63,63,63,63,61,63,0,8044,1.17624339389221,26,-89,0.001869,51,2023-06-06 16:53:23.001794,378,1.037,0.0011,"aoml_navis",1028.29369977876
"7901009",1,0,1,0.01869,1,-0.003738,1,140.937112659111,1,4.86234224242829,380,1,15.7259998321533,36.0750007629395,0.0186899993568659,0,135.908493041992,-88.6626,25.9392,29.9022338251094,63,63,63,63,61,63,0,8044,1.17624339389221,26,-89,0.001869,51,2023-06-06 16:53:23.001794,380,1.037,0.0011,"aoml_navis",1028.31099719196
"7901009",1,0,1,0.020559,1,-0.001869,1,140.534866900973,1,4.86223389166791,382,1,15.5930004119873,36.0530014038086,0.020558999851346,0,135.520599365234,-88.6626,25.9392,29.9022338251094,63,63,63,63,61,63,0,8044,1.17624339389221,26,-89,0.001869,51,2023-06-06 16:53:23.001794,382,1.037,0.0011,"aoml_navis",1028.33391223079
"7901009",1,0,1,0.016821,1,-0.005607,1,140.019373320524,1,4.86215196901141,384,1,15.5,36.0359992980957,0.0168210007250309,0,135.023498535156,-88.6626,25.9392,29.9022338251094,63,63,63,63,61,63,0,8044,1.17624339389221,26,-89,0.001869,51,2023-06-06 16:53:23.001794,384,1.037,0.0011,"aoml_navis",1028.35123868344
"7901009",1,0,1,0.01869,1,-0.003738,1,139.610386808956,1,4.86207519827347,386,1,15.4280004501343,36.023998260498,0.0186899993568659,0,134.629104614258,-88.6626,25.9392,29.9022338251094,63,63,63,63,61,63,0,8044,1.17624339389221,26,-89,0.001869,51,2023-06-06 16:53:23.001794,386,1.037,0.0011,"aoml_navis",1028.36747604716
"7901009",1,0,1,0.022428,1,0,1,139.447580207899,1,4.86199826578531,388,1,15.3590002059937,36.0130004882812,0.0224280003458261,0,134.472106933594,-88.6626,25.9392,29.9022338251094,63,63,63,63,61,63,0,8044,1.17624339389221,26,-89,0.001869,51,2023-06-06 16:53:23.001794,388,1.037,0.0011,"aoml_navis",1028.3837481362
"7901009",1,0,1,0.01869,1,-0.003738,1,139.133043361188,1,4.86193276728776,390,1,15.3070001602173,36.0040016174316,0.0186899993568659,0,134.168792724609,-88.6626,25.9392,29.9022338251094,63,63,63,63,61,63,0,8044,1.17624339389221,26,-89,0.001869,51,2023-06-06 16:53:23.001794,390,1.037,0.0011,"aoml_navis",1028.39760221309
"7901009",1,0,1,0.01869,1,-0.003738,1,138.818522337841,1,4.86185907181945,392,1,15.2440004348755,35.9939994812012,0.0186899993568659,0,133.865493774414,-88.6626,25.9392,29.9022338251094,63,63,63,63,61,63,0,8044,1.17624339389221,26,-89,0.001869,51,2023-06-06 16:53:23.001794,392,1.037,0.0011,"aoml_navis",1028.41319053883
"7901009",1,0,1,0.016821,1,-0.005607,1,138.505979235102,1,4.86176796253304,394,1,15.1479997634888,35.9790000915527,0.0168210007250309,0,133.564102172852,-88.6626,25.9392,29.9022338251094,63,63,63,63,61,63,0,8044,1.17624339389221,26,-89,0.001869,51,2023-06-06 16:53:23.001794,394,1.037,0.0011,"aoml_navis",1028.43246295015
"7901009",1,0,1,0.01869,1,-0.003738,1,138.472275467947,1,4.86167695900504,396,1,15.0450000762939,35.9620018005371,0.0186899993568659,0,133.531600952148,-88.6626,25.9392,29.9022338251094,63,63,63,63,61,63,0,8044,1.17624339389221,26,-89,0.001869,51,2023-06-06 16:53:23.001794,396,1.037,0.0011,"aoml_navis",1028.45171371141
"7901009",1,0,1,0.020559,1,-0.001869,1,138.185128865811,1,4.86161561487563,398,1,15.0030002593994,35.9550018310547,0.020558999851346,0,133.254699707031,-88.6626,25.9392,29.9022338251094,63,63,63,63,61,63,0,8044,1.17624339389221,26,-89,0.001869,51,2023-06-06 16:53:23.001794,398,1.037,0.0011,"aoml_navis",1028.46469077089
"7901009",1,0,1,0.01869,1,-0.003738,1,137.805795339993,1,4.86156252733542,400,1,14.9720001220703,35.9490013122559,0.0186899993568659,0,132.888900756836,-88.6626,25.9392,29.9022338251094,63,63,63,63,61,63,0,8044,1.17624339389221,26,-89,0.001869,51,2023-06-06 16:53:23.001794,400,1.037,0.0011,"aoml_navis",1028.47592145245
"7901009",1,0,1,0.01869,1,-0.003738,1,137.44688977821,1,4.86148903404377,402,1,14.9049997329712,35.9379997253418,0.0186899993568659,0,132.54280090332,-88.6626,25.9392,29.9022338251094,63,63,63,63,61,63,0,8044,1.17624339389221,26,-89,0.001869,51,2023-06-06 16:53:23.001794,402,1.037,0.0011,"aoml_navis",1028.49146938032
"7901009",1,0,1,0.01869,1,-0.003738,1,137.07864843116,1,4.86142234761762,404,1,14.8509998321533,35.9290008544922,0.0186899993568659,0,132.187698364258,-88.6626,25.9392,29.9022338251094,63,63,63,63,61,63,0,8044,1.17624339389221,26,-89,0.001869,51,2023-06-06 16:53:23.001794,404,1.037,0.0011,"aoml_navis",1028.50557768351
"7901009",1,0,1,0.01869,1,-0.003738,1,136.787150403686,1,4.86134535159292,406,1,14.7770004272461,35.9169998168945,0.0186899993568659,0,131.906600952148,-88.6626,25.9392,29.9022338251094,63,63,63,63,61,63,0,8044,1.17624339389221,26,-89,0.001869,51,2023-06-06 16:53:23.001794,406,1.037,0.0011,"aoml_navis",1028.52186758582
"7901009",1,0,1,0.01869,1,-0.003738,1,136.494196626645,1,4.86127087160382,408,1,14.7119998931885,35.9070014953613,0.0186899993568659,0,131.624099731445,-88.6626,25.9392,29.9022338251094,63,63,63,63,61,63,0,8044,1.17624339389221,26,-89,0.001869,51,2023-06-06 16:53:23.001794,408,1.037,0.0011,"aoml_navis",1028.53762566627
"7901009",1,0,1,0.01869,1,-0.003738,1,136.334491405101,1,4.86119870162602,410,1,14.6490001678467,35.8969993591309,0.0186899993568659,0,131.470092773438,-88.6626,25.9392,29.9022338251094,63,63,63,63,61,63,0,8044,1.17624339389221,26,-89,0.001869,51,2023-06-06 16:53:23.001794,410,1.037,0.0011,"aoml_navis",1028.55289546744
"7901009",1,0,1,0.014952,1,-0.007476,1,136.066744248284,1,4.86115301216041,412,1,14.6280002593994,35.8919982910156,0.0149520002305508,0,131.211898803711,-88.6626,25.9392,29.9022338251094,63,63,63,63,61,63,0,8044,1.17624339389221,26,-89,0.001869,51,2023-06-06 16:53:23.001794,412,1.037,0.0011,"aoml_navis",1028.56256272787
"7901009",1,0,1,0.020559,1,-0.001869,1,135.771401143149,1,4.86109024321331,414,1,14.5839996337891,35.8849983215332,0.020558999851346,0,130.927093505859,-88.6626,25.9392,29.9022338251094,63,63,63,63,61,63,0,8044,1.17624339389221,26,-89,0.001869,51,2023-06-06 16:53:23.001794,414,1.037,0.0011,"aoml_navis",1028.57584406721
"7901009",1,0,1,0.024297,1,0.001869,1,135.491106057997,1,4.86103718510547,416,1,14.5559997558594,35.8800010681152,0.0242970008403063,0,130.656799316406,-88.6626,25.9392,29.9022338251094,63,63,63,63,61,63,0,8044,1.17624339389221,26,-89,0.001869,51,2023-06-06 16:53:23.001794,416,1.037,0.0011,"aoml_navis",1028.58707094863
"7901009",1,0,1,0.014952,1,-0.007476,1,135.174195706557,1,4.86096599116401,418,1,14.4969997406006,35.8709983825684,0.0149520002305508,0,130.351196289062,-88.6626,25.9392,29.9022338251094,63,63,63,63,61,63,0,8044,1.17624339389221,26,-89,0.001869,51,2023-06-06 16:53:23.001794,418,1.037,0.0011,"aoml_navis",1028.60213568429
"7901009",1,0,1,0.01869,1,-0.003738,1,134.794862180739,1,4.86091446257719,420,1,14.460000038147,35.8629989624023,0.0186899993568659,0,129.985397338867,-88.6626,25.9392,29.9022338251094,63,63,63,63,61,63,0,8044,1.17624339389221,26,-89,0.001869,51,2023-06-06 16:53:23.001794,420,1.037,0.0011,"aoml_navis",1028.61303947921
"7901009",1,0,1,0.01869,1,-0.003738,1,134.330810359453,1,4.86084291463293,422,1,14.3970003128052,35.8530006408691,0.0186899993568659,0,129.537902832031,-88.6626,25.9392,29.9022338251094,63,63,63,63,61,63,0,8044,1.17624339389221,26,-89,0.001869,51,2023-06-06 16:53:23.001794,422,1.037,0.0011,"aoml_navis",1028.62817988793
"7901009",1,0,1,0.016821,1,-0.005607,1,134.049470932221,1,4.86078103794375,424,1,14.3500003814697,35.8450012207031,0.0168210007250309,0,129.2666015625,-88.6626,25.9392,29.9022338251094,63,63,63,63,61,63,0,8044,1.17624339389221,26,-89,0.001869,51,2023-06-06 16:53:23.001794,424,1.037,0.0011,"aoml_navis",1028.64127410173
"7901009",1,0,1,0.01869,1,-0.003738,1,133.736817065928,1,4.86071132911104,426,1,14.2849998474121,35.8339996337891,0.0186899993568659,0,128.965103149414,-88.6626,25.9392,29.9022338251094,63,63,63,63,61,63,0,8044,1.17624339389221,26,-89,0.001869,51,2023-06-06 16:53:23.001794,426,1.037,0.0011,"aoml_navis",1028.65602613649
"7901009",1,0,1,0.01869,1,-0.003738,1,133.712654787785,1,4.86062609367297,428,1,14.1909999847412,35.8190002441406,0.0186899993568659,0,128.941802978516,-88.6626,25.9392,29.9022338251094,63,63,63,63,61,63,0,8044,1.17624339389221,26,-89,0.001869,51,2023-06-06 16:53:23.001794,428,1.037,0.0011,"aoml_navis",1028.67406454252
"7901009",1,0,1,0.020559,1,-0.001869,1,133.686514589034,1,4.86053343321093,430,1,14.1000003814697,35.806999206543,0.020558999851346,0,128.916595458984,-88.6626,25.9392,29.9022338251094,63,63,63,63,61,63,0,8044,1.17624339389221,26,-89,0.001869,51,2023-06-06 16:53:23.001794,430,1.037,0.0011,"aoml_navis",1028.69367502672
"7901009",1,0,1,0.020559,1,-0.001869,1,133.530765208705,1,4.86048195237065,432,1,14.0729999542236,35.8019981384277,0.020558999851346,0,128.766403198242,-88.6626,25.9392,29.9022338251094,63,63,63,63,61,63,0,8044,1.17624339389221,26,-89,0.001869,51,2023-06-06 16:53:23.001794,432,1.037,0.0011,"aoml_navis",1028.70457065709
"7901009",1,0,1,0.01869,1,-0.003738,1,133.270170212805,1,4.86043823549108,434,1,14.0640001296997,35.7999992370605,0.0186899993568659,0,128.515106201172,-88.6626,25.9392,29.9022338251094,63,63,63,63,61,63,0,8044,1.17624339389221,26,-89,0.001869,51,2023-06-06 16:53:23.001794,434,1.037,0.0011,"aoml_navis",1028.71382327006
"7901009",1,0,1,0.020559,1,-0.001869,1,133.094087808629,1,4.86036456756314,436,1,14.0050001144409,35.7919998168945,0.020558999851346,0,128.345306396484,-88.6626,25.9392,29.9022338251094,63,63,63,63,61,63,0,8044,1.17624339389221,26,-89,0.001869,51,2023-06-06 16:53:23.001794,436,1.037,0.0011,"aoml_navis",1028.72941535472
"7901009",1,0,1,0.022428,1,0,1,132.814299071153,1,4.86031933643473,438,1,13.9910001754761,35.7890014648438,0.0224280003458261,0,128.075500488281,-88.6626,25.9392,29.9022338251094,63,63,63,63,61,63,0,8044,1.17624339389221,26,-89,0.001869,51,2023-06-06 16:53:23.001794,438,1.037,0.0011,"aoml_navis",1028.73898892161
"7901009",1,0,1,0.016821,1,-0.005607,1,132.483392953493,1,4.86027003272707,440,1,13.9659996032715,35.7840003967285,0.0168210007250309,0,127.756401062012,-88.6626,25.9392,29.9022338251094,63,63,63,63,61,63,0,8044,1.17624339389221,26,-89,0.001869,51,2023-06-06 16:53:23.001794,440,1.037,0.0011,"aoml_navis",1028.74942468876
"7901009",1,0,1,0.01869,1,-0.003738,1,132.085910028179,1,4.86021358136868,442,1,13.9270000457764,35.7770004272461,0.0186899993568659,0,127.373100280762,-88.6626,25.9392,29.9022338251094,63,63,63,63,61,63,0,8044,1.17624339389221,26,-89,0.001869,51,2023-06-06 16:53:23.001794,442,1.037,0.0011,"aoml_navis",1028.7613736086
"7901009",1,0,1,0.01869,1,-0.003738,1,131.915112627867,1,4.86015068711568,444,1,13.8640003204346,35.7649993896484,0.0186899993568659,0,127.208396911621,-88.6626,25.9392,29.9022338251094,63,63,63,63,61,63,0,8044,1.17624339389221,26,-89,0.001869,51,2023-06-06 16:53:23.001794,444,1.037,0.0011,"aoml_navis",1028.77468660695
"7901009",1,0,1,0.026166,1,0.003738,1,131.692992143627,1,4.86008010421614,446,1,13.8039999008179,35.7560005187988,0.0261659994721413,0,126.994201660156,-88.6626,25.9392,29.9022338251094,63,63,63,63,61,63,0,8044,1.17624339389221,26,-89,0.001869,51,2023-06-06 16:53:23.001794,446,1.037,0.0011,"aoml_navis",1028.78962749245
"7901009",1,0,1,0.020559,1,-0.001869,1,130.962427387984,1,4.86003154380717,448,1,13.7760000228882,35.75,0.020558999851346,0,126.289703369141,-88.6626,25.9392,29.9022338251094,63,63,63,63,61,63,0,8044,1.17624339389221,26,-89,0.001869,51,2023-06-06 16:53:23.001794,448,1.037,0.0011,"aoml_navis",1028.79990694118
"7901009",1,0,1,0.020559,1,-0.001869,1,130.297292246042,1,4.8599437437254,450,1,13.673999786377,35.734001159668,0.020558999851346,0,125.648300170898,-88.6626,25.9392,29.9022338251094,63,63,63,63,61,63,0,8044,1.17624339389221,26,-89,0.001869,51,2023-06-06 16:53:23.001794,450,1.037,0.0011,"aoml_navis",1028.81849331187
"7901009",1,0,1,0.020559,1,-0.001869,1,129.920340136636,1,4.85985512988326,452,1,13.5600004196167,35.7150001525879,0.020558999851346,0,125.284797668457,-88.6626,25.9392,29.9022338251094,63,63,63,63,61,63,0,8044,1.17624339389221,26,-89,0.001869,51,2023-06-06 16:53:23.001794,452,1.037,0.0011,"aoml_navis",1028.83725262817
"7901009",1,0,1,0.020559,1,-0.001869,1,129.544638073053,1,4.85977819995073,454,1,13.4750003814697,35.701000213623,0.020558999851346,0,124.922500610352,-88.6626,25.9392,29.9022338251094,63,63,63,63,61,63,0,8044,1.17624339389221,26,-89,0.001869,51,2023-06-06 16:53:23.001794,454,1.037,0.0011,"aoml_navis",1028.85353904643
"7901009",1,0,1,0.022428,1,0,1,129.485632745486,1,4.8596754557831,456,1,13.3459997177124,35.681999206543,0.0224280003458261,0,124.865600585938,-88.6626,25.9392,29.9022338251094,63,63,63,63,61,63,0,8044,1.17624339389221,26,-89,0.001869,51,2023-06-06 16:53:23.001794,456,1.037,0.0011,"aoml_navis",1028.87529126043
"7901009",1,0,1,0.022428,1,0,1,129.491131364775,1,4.85959118161234,458,1,13.2419996261597,35.6650009155273,0.0224280003458261,0,124.870903015137,-88.6626,25.9392,29.9022338251094,63,63,63,63,61,63,0,8044,1.17624339389221,26,-89,0.001869,51,2023-06-06 16:53:23.001794,458,1.037,0.0011,"aoml_navis",1028.89313383376
"7901009",1,0,1,0.020559,1,-0.001869,1,129.37933929203,1,4.85954570387346,460,1,13.2309999465942,35.6629981994629,0.020558999851346,0,124.76309967041,-88.6626,25.9392,29.9022338251094,63,63,63,63,61,63,0,8044,1.17624339389221,26,-89,0.001869,51,2023-06-06 16:53:23.001794,460,1.037,0.0011,"aoml_navis",1028.90276266248
"7901009",1,0,1,0.01869,1,-0.003738,1,129.261020081281,1,4.85950222005584,462,1,13.2220001220703,35.6609992980957,0.0186899993568659,0,124.649002075195,-88.6626,25.9392,29.9022338251094,63,63,63,63,61,63,0,8044,1.17624339389221,26,-89,0.001869,51,2023-06-06 16:53:23.001794,462,1.037,0.0011,"aoml_navis",1028.91196949439
"7901009",1,0,1,0.022428,1,0,1,129.061083954577,1,4.85945645951998,463.899993896484,1,13.2049999237061,35.6580009460449,0.0224280003458261,0,124.456199645996,-88.6626,25.9392,29.9022338251094,63,63,63,63,61,63,0,8044,1.17624339389221,26,-89,0.001869,51,2023-06-06 16:53:23.001794,463.899993896484,1.037,0.0011,"aoml_navis",1028.92165855395
"7901009",1,0,1,0.026166,1,0.003738,1,128.824548384948,1,4.85940154555861,466,1,13.1829996109009,35.6549987792969,0.0261659994721413,0,124.228103637695,-88.6626,25.9392,29.9022338251094,63,63,63,63,61,63,0,8044,1.17624339389221,26,-89,0.001869,51,2023-06-06 16:53:23.001794,466,1.037,0.0011,"aoml_navis",1028.93328594545
"7901009",1,0,1,0.026166,1,0.003738,1,128.611858626166,1,4.85934202294405,468,1,13.1470003128052,35.6500015258789,0.0261659994721413,0,124.023002624512,-88.6626,25.9392,29.9022338251094,63,63,63,63,61,63,0,8044,1.17624339389221,26,-89,0.001869,51,2023-06-06 16:53:23.001794,468,1.037,0.0011,"aoml_navis",1028.94588946236
"7901009",1,0,1,0.020559,1,-0.001869,1,128.349285709659,1,4.8592938860217,470,1,13.1260004043579,35.6459999084473,0.020558999851346,0,123.769798278809,-88.6626,25.9392,29.9022338251094,63,63,63,63,61,63,0,8044,1.17624339389221,26,-89,0.001869,51,2023-06-06 16:53:23.001794,470,1.037,0.0011,"aoml_navis",1028.95608236066
"7901009",1,0,1,0.016821,1,-0.005607,1,128.110463663809,1,4.85924541965321,472,1,13.1009998321533,35.640998840332,0.0168210007250309,0,123.539497375488,-88.6626,25.9392,29.9022338251094,63,63,63,63,61,63,0,8044,1.17624339389221,26,-89,0.001869,51,2023-06-06 16:53:23.001794,472,1.037,0.0011,"aoml_navis",1028.96634522255
"7901009",1,0,1,0.01869,1,-0.003738,1,127.798949079785,1,4.85918833437481,474,1,13.0600004196167,35.6339988708496,0.0186899993568659,0,123.239097595215,-88.6626,25.9392,29.9022338251094,63,63,63,63,61,63,0,8044,1.17624339389221,26,-89,0.001869,51,2023-06-06 16:53:23.001794,474,1.037,0.0011,"aoml_navis",1028.97843342047
"7901009",1,0,1,0.022428,1,0,1,127.598087286237,1,4.85912303904383,476,1,13.0069999694824,35.6259994506836,0.0224280003458261,0,123.045402526855,-88.6626,25.9392,29.9022338251094,63,63,63,63,61,63,0,8044,1.17624339389221,26,-89,0.001869,51,2023-06-06 16:53:23.001794,476,1.037,0.0011,"aoml_navis",1028.99226050137
"7901009",1,0,1,0.022428,1,0,1,127.331060092521,1,4.85906412547753,478,1,12.96399974823,35.6189994812012,0.0224280003458261,0,122.787902832031,-88.6626,25.9392,29.9022338251094,63,63,63,63,61,63,0,8044,1.17624339389221,26,-89,0.001869,51,2023-06-06 16:53:23.001794,478,1.037,0.0011,"aoml_navis",1029.00473648485
"7901009",1,0,1,0.026166,1,0.003738,1,127.09835377719,1,4.85900591513364,480,1,12.9289999008179,35.6139984130859,0.0261659994721413,0,122.563499450684,-88.6626,25.9392,29.9022338251094,63,63,63,63,61,63,0,8044,1.17624339389221,26,-89,0.001869,51,2023-06-06 16:53:23.001794,480,1.037,0.0011,"aoml_navis",1029.01706384576
"7901009",1,0,1,0.022428,1,0,1,126.94208222582,1,4.85895398088225,482,1,12.9040002822876,35.6100006103516,0.0224280003458261,0,122.412803649902,-88.6626,25.9392,29.9022338251094,63,63,63,63,61,63,0,8044,1.17624339389221,26,-89,0.001869,51,2023-06-06 16:53:23.001794,482,1.037,0.0011,"aoml_navis",1029.02806235101
"7901009",1,0,4,0.01869,1,-0.003738,1,126.818675803268,1,4.85890436710323,484,1,12.8850002288818,35.6069984436035,0.0186899993568659,0,122.293800354004,-88.6626,25.9392,29.9022338251094,63,63,63,63,61,63,0,8044,1.17624339389221,26,-89,0.001869,51,2023-06-06 16:53:23.001794,484,1.037,0.0011,"aoml_navis",1029.03856965205
"7901009",1,0,1,0.026166,1,0.003738,1,126.688425775412,1,4.85885740922941,486,1,12.8649997711182,35.6030006408691,0.0261659994721413,0,122.168197631836,-88.6626,25.9392,29.9022338251094,63,63,63,63,61,63,0,8044,1.17624339389221,26,-89,0.001869,51,2023-06-06 16:53:23.001794,486,1.037,0.0011,"aoml_navis",1029.04851467806
"7901009",1,0,1,0.024297,1,0.001869,1,126.610345381505,1,4.85878917642035,488,1,12.8159999847412,35.5970001220703,0.0242970008403063,0,122.092903137207,-88.6626,25.9392,29.9022338251094,63,63,63,63,61,63,0,8044,1.17624339389221,26,-89,0.001869,51,2023-06-06 16:53:23.001794,488,1.037,0.0011,"aoml_navis",1029.0629657827
"7901009",1,0,1,0.01869,1,-0.003738,1,126.479367478866,1,4.85873128115794,490,1,12.7700004577637,35.5890007019043,0.0186899993568659,0,121.966598510742,-88.6626,25.9392,29.9022338251094,63,63,63,63,61,63,0,8044,1.17624339389221,26,-89,0.001869,51,2023-06-06 16:53:23.001794,490,1.037,0.0011,"aoml_navis",1029.07522780482
"7901009",1,0,1,0.022428,1,0,1,126.438717254537,1,4.85866912536045,492,1,12.7270002365112,35.5830001831055,0.0224280003458261,0,121.927398681641,-88.6626,25.9392,29.9022338251094,63,63,63,63,61,63,0,8044,1.17624339389221,26,-89,0.001869,51,2023-06-06 16:53:23.001794,492,1.037,0.0011,"aoml_navis",1029.08839251923
"7901009",1,0,1,0.020559,1,-0.001869,1,126.38479122709,1,4.85861373701347,494,1,12.7019996643066,35.5800018310547,0.020558999851346,0,121.875396728516,-88.6626,25.9392,29.9022338251094,63,63,63,63,61,63,0,8044,1.17624339389221,26,-89,0.001869,51,2023-06-06 16:53:23.001794,494,1.037,0.0011,"aoml_navis",1029.10012415876
"7901009",1,0,1,0.026166,1,0.003738,1,126.277880662405,1,4.85856971747149,496,1,12.6960000991821,35.5789985656738,0.0261659994721413,0,121.772300720215,-88.6626,25.9392,29.9022338251094,63,63,63,63,61,63,0,8044,1.17624339389221,26,-89,0.001869,51,2023-06-06 16:53:23.001794,496,1.037,0.0011,"aoml_navis",1029.10944799658
"7901009",1,0,1,0.020559,1,-0.001869,1,126.150328518259,1,4.85851408483793,498,1,12.6669998168945,35.5750007629395,0.020558999851346,0,121.649299621582,-88.6626,25.9392,29.9022338251094,63,63,63,63,61,63,0,8044,1.17624339389221,26,-89,0.001869,51,2023-06-06 16:53:23.001794,498,1.037,0.0011,"aoml_navis",1029.1212318605
"7901009",1,0,1,0.022428,1,0,1,126.02764997049,1,4.85845725422191,500,1,12.6330003738403,35.5699996948242,0.0224280003458261,0,121.53099822998,-88.6626,25.9392,29.9022338251094,63,63,63,63,61,63,0,8044,1.17624339389221,26,-89,0.001869,51,2023-06-06 16:53:23.001794,500,1.037,0.0011,"aoml_navis",1029.13326975453
"7901009",1,0,1,0.022428,1,0,1,125.882470597888,1,4.85840925833122,502,1,12.6079998016357,35.564998626709,0.0224280003458261,0,121.390998840332,-88.6626,25.9392,29.9022338251094,63,63,63,63,61,63,0,8044,1.17624339389221,26,-89,0.001869,51,2023-06-06 16:53:23.001794,502,1.037,0.0011,"aoml_navis",1029.14343649127
"7901009",1,0,1,0.01869,1,-0.003738,1,125.771200696184,1,4.85835346647357,504,1,12.5749998092651,35.560001373291,0.0186899993568659,0,121.283699035645,-88.6626,25.9392,29.9022338251094,63,63,63,63,61,63,0,8044,1.17624339389221,26,-89,0.001869,51,2023-06-06 16:53:23.001794,504,1.037,0.0011,"aoml_navis",1029.15525486235
"7901009",1,0,1,0.024297,1,0.001869,1,125.611606238194,1,4.85830285488083,506,1,12.5509996414185,35.5559997558594,0.0242970008403063,0,121.12979888916,-88.6626,25.9392,29.9022338251094,63,63,63,63,61,63,0,8044,1.17624339389221,26,-89,0.001869,51,2023-06-06 16:53:23.001794,506,1.037,0.0011,"aoml_navis",1029.16597613441
"7901009",1,0,1,0.022428,1,0,1,125.337735439175,1,4.85825957014412,508,1,12.5419998168945,35.5540008544922,0.0224280003458261,0,120.865699768066,-88.6626,25.9392,29.9022338251094,63,63,63,63,61,63,0,8044,1.17624339389221,26,-89,0.001869,51,2023-06-06 16:53:23.001794,508,1.037,0.0011,"aoml_navis",1029.17514550415
"7901009",1,0,1,0.020559,1,-0.001869,1,125.019788657336,1,4.85821458086493,510,1,12.5200004577637,35.548999786377,0.020558999851346,0,120.559097290039,-88.6626,25.9392,29.9022338251094,63,63,63,63,61,63,0,8044,1.17624339389221,26,-89,0.001869,51,2023-06-06 16:53:23.001794,510,1.037,0.0011,"aoml_navis",1029.18467613463
"7901009",1,0,1,0.024297,1,0.001869,1,124.895662271682,1,4.85814217420332,512,1,12.451000213623,35.5390014648438,0.0242970008403063,0,120.439399719238,-88.6626,25.9392,29.9022338251094,63,63,63,63,61,63,0,8044,1.17624339389221,26,-89,0.001869,51,2023-06-06 16:53:23.001794,512,1.037,0.0011,"aoml_navis",1029.20001529596
"7901009",1,0,1,0.024297,1,0.001869,1,124.84090551758,1,4.85807623952979,514,1,12.3959999084473,35.5309982299805,0.0242970008403063,0,120.386596679688,-88.6626,25.9392,29.9022338251094,63,63,63,63,61,63,0,8044,1.17624339389221,26,-89,0.001869,51,2023-06-06 16:53:23.001794,514,1.037,0.0011,"aoml_navis",1029.21398378135
"7901009",1,0,1,0.022428,1,0,1,124.639007293633,1,4.85800483773088,516,1,12.33899974823,35.523998260498,0.0224280003458261,0,120.191902160645,-88.6626,25.9392,29.9022338251094,63,63,63,63,61,63,0,8044,1.17624339389221,26,-89,0.001869,51,2023-06-06 16:53:23.001794,516,1.037,0.0011,"aoml_navis",1029.22911092354
"7901009",1,0,1,0.028035,1,0.005607,1,124.628737929838,1,4.85794547592692,518,1,12.2829999923706,35.5139999389648,0.0280349999666214,0,120.181999206543,-88.6626,25.9392,29.9022338251094,63,63,63,63,61,63,0,8044,1.17624339389221,26,-89,0.001869,51,2023-06-06 16:53:23.001794,518,1.037,0.0011,"aoml_navis",1029.24168761815
"7901009",1,0,1,0.022428,1,0,1,124.656428818346,1,4.85789628513654,520,1,12.2639999389648,35.5110015869141,0.0224280003458261,0,120.208702087402,-88.6626,25.9392,29.9022338251094,63,63,63,63,61,63,0,8044,1.17624339389221,26,-89,0.001869,51,2023-06-06 16:53:23.001794,520,1.037,0.0011,"aoml_navis",1029.25210966283
"7901009",1,0,1,0.020559,1,-0.001869,1,124.639315849248,1,4.85784539776193,522,1,12.2469997406006,35.5089988708496,0.020558999851346,0,120.192199707031,-88.6626,25.9392,29.9022338251094,63,63,63,63,61,63,0,8044,1.17624339389221,26,-89,0.001869,51,2023-06-06 16:53:23.001794,522,1.037,0.0011,"aoml_navis",1029.26289138464
"7901009",1,0,1,0.022428,1,0,1,124.415217444401,1,4.85779315119899,524,1,12.2209997177124,35.5050010681152,0.0224280003458261,0,119.976097106934,-88.6626,25.9392,29.9022338251094,63,63,63,63,61,63,0,8044,1.17624339389221,26,-89,0.001869,51,2023-06-06 16:53:23.001794,524,1.037,0.0011,"aoml_navis",1029.2739613184
"7901009",1,0,1,0.024297,1,0.001869,1,124.039412528947,1,4.85772790308974,526,1,12.1700000762939,35.4980010986328,0.0242970008403063,0,119.613700866699,-88.6626,25.9392,29.9022338251094,63,63,63,63,61,63,0,8044,1.17624339389221,26,-89,0.001869,51,2023-06-06 16:53:23.001794,526,1.037,0.0011,"aoml_navis",1029.28778633726
"7901009",1,0,1,0.022428,1,0,1,123.738373012462,1,4.85765424806724,528,1,12.0909996032715,35.4860000610352,0.0224280003458261,0,119.323402404785,-88.6626,25.9392,29.9022338251094,63,63,63,63,61,63,0,8044,1.17624339389221,26,-89,0.001869,51,2023-06-06 16:53:23.001794,528,1.037,0.0011,"aoml_navis",1029.30339309131
"7901009",1,0,1,0.028035,1,0.005607,1,123.532424007111,1,4.85758578273559,530,1,12.0209999084473,35.4749984741211,0.0280349999666214,0,119.124801635742,-88.6626,25.9392,29.9022338251094,63,63,63,63,61,63,0,8044,1.17624339389221,26,-89,0.001869,51,2023-06-06 16:53:23.001794,530,1.037,0.0011,"aoml_navis",1029.3179006268
"7901009",1,0,1,0.024297,1,0.001869,1,123.324504992834,1,4.85753126154632,532,1,11.9770002365112,35.4669990539551,0.0242970008403063,0,118.924301147461,-88.6626,25.9392,29.9022338251094,63,63,63,63,61,63,0,8044,1.17624339389221,26,-89,0.001869,51,2023-06-06 16:53:23.001794,532,1.037,0.0011,"aoml_navis",1029.32945374567
"7901009",1,0,1,0.026166,1,0.003738,1,123.270270409772,1,4.85747696486266,534,1,11.9370002746582,35.4599990844727,0.0261659994721413,0,118.872001647949,-88.6626,25.9392,29.9022338251094,63,63,63,63,61,63,0,8044,1.17624339389221,26,-89,0.001869,51,2023-06-06 16:53:23.001794,534,1.037,0.0011,"aoml_navis",1029.34095954923
"7901009",1,0,1,0.024297,1,0.001869,1,123.16024264221,1,4.85742503407015,536,1,11.91100025177,35.4560012817383,0.0242970008403063,0,118.765899658203,-88.6626,25.9392,29.9022338251094,63,63,63,63,61,63,0,8044,1.17624339389221,26,-89,0.001869,51,2023-06-06 16:53:23.001794,536,1.037,0.0011,"aoml_navis",1029.35196424645
"7901009",1,0,1,0.022428,1,0,1,123.065769242306,1,4.85737124971238,538,1,11.8830003738403,35.4519996643066,0.0224280003458261,0,118.674797058105,-88.6626,25.9392,29.9022338251094,63,63,63,63,61,63,0,8044,1.17624339389221,26,-89,0.001869,51,2023-06-06 16:53:23.001794,538,1.037,0.0011,"aoml_navis",1029.36336198228
"7901009",1,0,1,0.01869,1,-0.003738,1,122.974927304637,1,4.85731736285927,540,1,11.8509998321533,35.4469985961914,0.0186899993568659,0,118.587196350098,-88.6626,25.9392,29.9022338251094,63,63,63,63,61,63,0,8044,1.17624339389221,26,-89,0.001869,51,2023-06-06 16:53:23.001794,540,1.037,0.0011,"aoml_navis",1029.37478169158
"7901009",1,0,1,0.022428,1,0,1,122.837738731291,1,4.85726551729964,542,1,11.8249998092651,35.443000793457,0.0224280003458261,0,118.454902648926,-88.6626,25.9392,29.9022338251094,63,63,63,63,61,63,0,8044,1.17624339389221,26,-89,0.001869,51,2023-06-06 16:53:23.001794,542,1.037,0.0011,"aoml_navis",1029.38576904886
"7901009",1,0,1,0.022428,1,0,1,122.832548667616,1,4.85720039182123,544,1,11.7810001373291,35.4379997253418,0.0224280003458261,0,118.449897766113,-88.6626,25.9392,29.9022338251094,63,63,63,63,61,63,0,8044,1.17624339389221,26,-89,0.001869,51,2023-06-06 16:53:23.001794,544,1.037,0.0011,"aoml_navis",1029.39957108198
"7901009",1,0,1,0.01869,1,-0.003738,1,122.595490926948,1,4.857142982776,546,1,11.7489995956421,35.4339981079102,0.0186899993568659,0,118.221298217773,-88.6626,25.9392,29.9022338251094,63,63,63,63,61,63,0,8044,1.17624339389221,26,-89,0.001869,51,2023-06-06 16:53:23.001794,546,1.037,0.0011,"aoml_navis",1029.41173807948
"7901009",1,0,1,0.028035,1,0.005607,1,122.177477185726,1,4.85709113004716,548,1,11.7189998626709,35.4290008544922,0.0280349999666214,0,117.818199157715,-88.6626,25.9392,29.9022338251094,63,63,63,63,61,63,0,8044,1.17624339389221,26,-89,0.001869,51,2023-06-06 16:53:23.001794,548,1.037,0.0011,"aoml_navis",1029.42272774517
"7901009",1,0,1,0.028035,1,0.005607,1,121.771702817225,1,4.8570362035974,550,1,11.673999786377,35.4210014343262,0.0280349999666214,0,117.426902770996,-88.6626,25.9392,29.9022338251094,63,63,63,63,61,63,0,8044,1.17624339389221,26,-89,0.001869,51,2023-06-06 16:53:23.001794,550,1.037,0.0011,"aoml_navis",1029.43436911109
"7901009",1,0,1,0.022428,1,0,1,121.50259485103,1,4.85697183677043,552,1,11.6110000610352,35.4109992980957,0.0224280003458261,0,117.16739654541,-88.6626,25.9392,29.9022338251094,63,63,63,63,61,63,0,8044,1.17624339389221,26,-89,0.001869,51,2023-06-06 16:53:23.001794,552,1.037,0.0011,"aoml_navis",1029.44801164931
"7901009",1,0,1,0.026166,1,0.003738,1,121.181127370509,1,4.85692109655171,554,1,11.5819997787476,35.4059982299805,0.0261659994721413,0,116.857398986816,-88.6626,25.9392,29.9022338251094,63,63,63,63,61,63,0,8044,1.17624339389221,26,-89,0.001869,51,2023-06-06 16:53:23.001794,554,1.037,0.0011,"aoml_navis",1029.45876628506
"7901009",1,0,1,0.026166,1,0.003738,1,120.829381881326,1,4.8568702957489,556,1,11.548999786377,35.4000015258789,0.0261659994721413,0,116.518203735352,-88.6626,25.9392,29.9022338251094,63,63,63,63,61,63,0,8044,1.17624339389221,26,-89,0.001869,51,2023-06-06 16:53:23.001794,556,1.037,0.0011,"aoml_navis",1029.46953398702
"7901009",1,0,1,0.024297,1,0.001869,1,120.491109987323,1,4.85681482470725,558,1,11.5069999694824,35.3930015563965,0.0242970008403063,0,116.192001342773,-88.6626,25.9392,29.9022338251094,63,63,63,63,61,63,0,8044,1.17624339389221,26,-89,0.001869,51,2023-06-06 16:53:23.001794,558,1.037,0.0011,"aoml_navis",1029.48129184674
"7901009",1,0,1,0.026166,1,0.003738,1,120.298745340705,1,4.85674549572094,560,1,11.4499998092651,35.3860015869141,0.0261659994721413,0,116.006500244141,-88.6626,25.9392,29.9022338251094,63,63,63,63,61,63,0,8044,1.17624339389221,26,-89,0.001869,51,2023-06-06 16:53:23.001794,560,1.037,0.0011,"aoml_navis",1029.49598746841
"7901009",1,0,1,0.026166,1,0.003738,1,120.201265501477,1,4.85669772197149,562,1,11.423999786377,35.3810005187988,0.0261659994721413,0,115.912498474121,-88.6626,25.9392,29.9022338251094,63,63,63,63,61,63,0,8044,1.17624339389221,26,-89,0.001869,51,2023-06-06 16:53:23.001794,562,1.037,0.0011,"aoml_navis",1029.50611428424
"7901009",1,0,1,0.026166,1,0.003738,1,119.986400030027,1,4.85665382949032,564,1,11.4139995574951,35.3790016174316,0.0261659994721413,0,115.705299377441,-88.6626,25.9392,29.9022338251094,63,63,63,63,61,63,0,8044,1.17624339389221,26,-89,0.001869,51,2023-06-06 16:53:23.001794,564,1.037,0.0011,"aoml_navis",1029.51541854584
"7901009",1,0,1,0.026166,1,0.003738,1,119.648958862679,1,4.85661366218793,566,1,11.4079999923706,35.3769989013672,0.0261659994721413,0,115.379898071289,-88.6626,25.9392,29.9022338251094,63,63,63,63,61,63,0,8044,1.17624339389221,26,-89,0.001869,51,2023-06-06 16:53:23.001794,566,1.037,0.0011,"aoml_navis",1029.52393329707
"7901009",1,0,1,0.024297,1,0.001869,1,119.503573786334,1,4.85654185925462,568,1,11.3559999465942,35.3720016479492,0.0242970008403063,0,115.239700317383,-88.6626,25.9392,29.9022338251094,63,63,63,63,61,63,0,8044,1.17624339389221,26,-89,0.001869,51,2023-06-06 16:53:23.001794,568,1.037,0.0011,"aoml_navis",1029.53915458836
"7901009",1,0,1,0.026166,1,0.003738,1,119.316185587965,1,4.85649426374564,570,1,11.3380002975464,35.3689994812012,0.0261659994721413,0,115.05899810791,-88.6626,25.9392,29.9022338251094,63,63,63,63,61,63,0,8044,1.17624339389221,26,-89,0.001869,51,2023-06-06 16:53:23.001794,570,1.037,0.0011,"aoml_navis",1029.54924446748
"7901009",1,0,1,0.028035,1,0.005607,1,119.111692332181,1,4.85644762982385,572,1,11.3249998092651,35.367000579834,0.0280349999666214,0,114.861801147461,-88.6626,25.9392,29.9022338251094,63,63,63,63,61,63,0,8044,1.17624339389221,26,-89,0.001869,51,2023-06-06 16:53:23.001794,572,1.037,0.0011,"aoml_navis",1029.55913068939
"7901009",1,0,1,0.026166,1,0.003738,1,118.741686679948,1,4.85640743734504,574,1,11.3149995803833,35.3639984130859,0.0261659994721413,0,114.504997253418,-88.6626,25.9392,29.9022338251094,63,63,63,63,61,63,0,8044,1.17624339389221,26,-89,0.001869,51,2023-06-06 16:53:23.001794,574,1.037,0.0011,"aoml_navis",1029.56765150114
"7901009",1,0,1,0.024297,1,0.001869,1,118.343270176107,1,4.85635059659248,576,1,11.2829999923706,35.3600006103516,0.0242970008403063,0,114.120796203613,-88.6626,25.9392,29.9022338251094,63,63,63,63,61,63,0,8044,1.17624339389221,26,-89,0.001869,51,2023-06-06 16:53:23.001794,576,1.037,0.0011,"aoml_navis",1029.57970199028
"7901009",1,0,1,0.026166,1,0.003738,1,117.921110713292,1,4.85628909868088,578,1,11.2299995422363,35.3520011901855,0.0261659994721413,0,113.71369934082,-88.6626,25.9392,29.9022338251094,63,63,63,63,61,63,0,8044,1.17624339389221,26,-89,0.001869,51,2023-06-06 16:53:23.001794,578,1.037,0.0011,"aoml_navis",1029.59274013529
"7901009",1,0,1,0.026166,1,0.003738,1,117.474266801293,1,4.85622313363325,580,1,11.1680002212524,35.3429985046387,0.0261659994721413,0,113.28279876709,-88.6626,25.9392,29.9022338251094,63,63,63,63,61,63,0,8044,1.17624339389221,26,-89,0.001869,51,2023-06-06 16:53:23.001794,580,1.037,0.0011,"aoml_navis",1029.60672572291
"7901009",1,0,1,0.026166,1,0.003738,1,117.106856180898,1,4.8561417849731,582,1,11.08899974823,35.3339996337891,0.0261659994721413,0,112.928497314453,-88.6626,25.9392,29.9022338251094,63,63,63,63,61,63,0,8044,1.17624339389221,26,-89,0.001869,51,2023-06-06 16:53:23.001794,582,1.037,0.0011,"aoml_navis",1029.62397339222
"7901009",1,0,1,0.028035,1,0.005607,1,117.012074225379,1,4.85607978586276,584,1,11.0469999313354,35.3289985656738,0.0280349999666214,0,112.837097167969,-88.6626,25.9392,29.9022338251094,63,63,63,63,61,63,0,8044,1.17624339389221,26,-89,0.001869,51,2023-06-06 16:53:23.001794,584,1.037,0.0011,"aoml_navis",1029.63711892795
"7901009",1,0,1,0.022428,1,0,1,117.360615483178,1,4.85602334699013,586,1,11.0030002593994,35.3219985961914,0.0224280003458261,0,113.173202514648,-88.6626,25.9392,29.9022338251094,63,63,63,63,61,63,0,8044,1.17624339389221,26,-89,0.001869,51,2023-06-06 16:53:23.001794,586,1.037,0.0011,"aoml_navis",1029.64908583051
"7901009",1,0,1,0.026166,1,0.003738,1,117.772505582198,1,4.85596701119506,588,1,10.9549999237061,35.3139991760254,0.0261659994721413,0,113.57039642334,-88.6626,25.9392,29.9022338251094,63,63,63,63,61,63,0,8044,1.17624339389221,26,-89,0.001869,51,2023-06-06 16:53:23.001794,588,1.037,0.0011,"aoml_navis",1029.66103115464
"7901009",1,0,1,0.028035,1,0.005607,1,117.895081278095,1,4.85592057741515,590,1,10.9379997253418,35.3110008239746,0.0280349999666214,0,113.688598632812,-88.6626,25.9392,29.9022338251094,63,63,63,63,61,63,0,8044,1.17624339389221,26,-89,0.001869,51,2023-06-06 16:53:23.001794,590,1.037,0.0011,"aoml_navis",1029.67087708456
"7901009",1,0,1,0.029904,1,0.007476,1,118.076970857175,1,4.8558706702691,592,1,10.9010000228882,35.3040008544922,0.0299040004611015,0,113.863998413086,-88.6626,25.9392,29.9022338251094,63,63,63,63,61,63,0,8044,1.17624339389221,26,-89,0.001869,51,2023-06-06 16:53:23.001794,592,1.037,0.0011,"aoml_navis",1029.68145972531
"7901009",1,0,1,0.028035,1,0.005607,1,118.017656973993,1,4.85581016579085,594,1,10.8360004425049,35.2929992675781,0.0280349999666214,0,113.806800842285,-88.6626,25.9392,29.9022338251094,63,63,63,63,61,63,0,8044,1.17624339389221,26,-89,0.001869,51,2023-06-06 16:53:23.001794,594,1.037,0.0011,"aoml_navis",1029.69428978607
"7901009",1,0,1,0.026166,1,0.003738,1,117.763280560484,1,4.85573372032794,596,1,10.7489995956421,35.2809982299805,0.0261659994721413,0,113.561500549316,-88.6626,25.9392,29.9022338251094,63,63,63,63,61,63,0,8044,1.17624339389221,26,-89,0.001869,51,2023-06-06 16:53:23.001794,596,1.037,0.0011,"aoml_navis",1029.71050061252
"7901009",1,0,1,0.026166,1,0.003738,1,117.143669239248,1,4.85567603534426,598,1,10.7030000686646,35.273998260498,0.0261659994721413,0,112.963996887207,-88.6626,25.9392,29.9022338251094,63,63,63,63,61,63,0,8044,1.17624339389221,26,-89,0.001869,51,2023-06-06 16:53:23.001794,598,1.037,0.0011,"aoml_navis",1029.72273347835
"7901009",1,0,1,0.022428,1,0,1,116.540031604839,1,4.85561029614096,600,1,10.6520004272461,35.2680015563965,0.0224280003458261,0,112.381896972656,-88.6626,25.9392,29.9022338251094,63,63,63,63,61,63,0,8044,1.17624339389221,26,-89,0.001869,51,2023-06-06 16:53:23.001794,600,1.037,0.0011,"aoml_navis",1029.73667470262
"7901009",1,0,1,0.028035,1,0.005607,1,115.787591047276,1,4.85554735548271,602,1,10.6040000915527,35.2620010375977,0.0280349999666214,0,111.656303405762,-88.6626,25.9392,29.9022338251094,63,63,63,63,61,63,0,8044,1.17624339389221,26,-89,0.001869,51,2023-06-06 16:53:23.001794,602,1.037,0.0011,"aoml_navis",1029.75002279695
"7901009",1,0,1,0.024297,1,0.001869,1,114.719687976156,1,4.8554788828398,604,1,10.5620002746582,35.2589988708496,0.0242970008403063,0,110.626502990723,-88.6626,25.9392,29.9022338251094,63,63,63,63,61,63,0,8044,1.17624339389221,26,-89,0.001869,51,2023-06-06 16:53:23.001794,604,1.037,0.0011,"aoml_navis",1029.76454447593
"7901009",1,0,1,0.026166,1,0.003738,1,113.884799775983,1,4.85542182598853,606,1,10.5410003662109,35.257999420166,0.0261659994721413,0,109.821403503418,-88.6626,25.9392,29.9022338251094,63,63,63,63,61,63,0,8044,1.17624339389221,26,-89,0.001869,51,2023-06-06 16:53:23.001794,606,1.037,0.0011,"aoml_navis",1029.77664540651
"7901009",1,0,1,0.026166,1,0.003738,1,113.528172778741,1,4.85533924306643,608,1,10.4829998016357,35.2550010681152,0.0261659994721413,0,109.477500915527,-88.6626,25.9392,29.9022338251094,63,63,63,63,61,63,0,8044,1.17624339389221,26,-89,0.001869,51,2023-06-06 16:53:23.001794,608,1.037,0.0011,"aoml_navis",1029.79416055019
"7901009",1,0,1,0.024297,1,0.001869,1,113.406633513242,1,4.85527663585991,610,1,10.4350004196167,35.2490005493164,0.0242970008403063,0,109.360298156738,-88.6626,25.9392,29.9022338251094,63,63,63,63,61,63,0,8044,1.17624339389221,26,-89,0.001869,51,2023-06-06 16:53:23.001794,610,1.037,0.0011,"aoml_navis",1029.80743940957
"7901009",1,0,1,0.026166,1,0.003738,1,113.209917441287,1,4.85523129665885,612,1,10.4230003356934,35.2470016479492,0.0261659994721413,0,109.170600891113,-88.6626,25.9392,29.9022338251094,63,63,63,63,61,63,0,8044,1.17624339389221,26,-89,0.001869,51,2023-06-06 16:53:23.001794,612,1.037,0.0011,"aoml_navis",1029.8170559744
"7901009",1,0,1,0.026166,1,0.003738,1,113.102793261176,1,4.8551704425517,614,1,10.3809995651245,35.242000579834,0.0261659994721413,0,109.06729888916,-88.6626,25.9392,29.9022338251094,63,63,63,63,61,63,0,8044,1.17624339389221,26,-89,0.001869,51,2023-06-06 16:53:23.001794,614,1.037,0.0011,"aoml_navis",1029.82996357429
"7901009",1,0,1,0.028035,1,0.005607,1,113.020867789607,1,4.85512689149006,616,1,10.371000289917,35.2400016784668,0.0280349999666214,0,108.988296508789,-88.6626,25.9392,29.9022338251094,63,63,63,63,61,63,0,8044,1.17624339389221,26,-89,0.001869,51,2023-06-06 16:53:23.001794,616,1.037,0.0011,"aoml_navis",1029.8392012707
"7901009",1,0,1,0.028035,1,0.005607,1,112.913957224922,1,4.85508071063624,618,1,10.3579998016357,35.2379989624023,0.0280349999666214,0,108.885200500488,-88.6626,25.9392,29.9022338251094,63,63,63,63,61,63,0,8044,1.17624339389221,26,-89,0.001869,51,2023-06-06 16:53:23.001794,618,1.037,0.0011,"aoml_navis",1029.84899695823
"7901009",1,0,1,0.026166,1,0.003738,1,112.925263019116,1,4.8550354038326,620,1,10.3459997177124,35.2360000610352,0.0261659994721413,0,108.896102905273,-88.6626,25.9392,29.9022338251094,63,63,63,63,61,63,0,8044,1.17624339389221,26,-89,0.001869,51,2023-06-06 16:53:23.001794,620,1.037,0.0011,"aoml_navis",1029.85860742704
"7901009",1,0,1,0.026166,1,0.003738,1,112.934076633344,1,4.85498671179858,622,1,10.326000213623,35.2330017089844,0.0261659994721413,0,108.904602050781,-88.6626,25.9392,29.9022338251094,63,63,63,63,61,63,0,8044,1.17624339389221,26,-89,0.001869,51,2023-06-06 16:53:23.001794,622,1.037,0.0011,"aoml_navis",1029.8689361701
"7901009",1,0,1,0.028035,1,0.005607,1,112.983951879386,1,4.85492601296796,624,1,10.2840003967285,35.2280006408691,0.0280349999666214,0,108.952697753906,-88.6626,25.9392,29.9022338251094,63,63,63,63,61,63,0,8044,1.17624339389221,26,-89,0.001869,51,2023-06-06 16:53:23.001794,624,1.037,0.0011,"aoml_navis",1029.88181213154
"7901009",1,0,1,0.026166,1,0.003738,1,113.056644417559,1,4.85486583645414,626,1,10.2299995422363,35.2200012207031,0.0261659994721413,0,109.022796630859,-88.6626,25.9392,29.9022338251094,63,63,63,63,61,63,0,8044,1.17624339389221,26,-89,0.001869,51,2023-06-06 16:53:23.001794,626,1.037,0.0011,"aoml_navis",1029.89457761244
"7901009",1,0,1,0.026166,1,0.003738,1,113.210953871685,1,4.8548003783529,628,1,10.173999786377,35.2130012512207,0.0261659994721413,0,109.171600341797,-88.6626,25.9392,29.9022338251094,63,63,63,63,61,63,0,8044,1.17624339389221,26,-89,0.001869,51,2023-06-06 16:53:23.001794,628,1.037,0.0011,"aoml_navis",1029.90846385662
"7901009",1,0,1,0.024297,1,0.001869,1,113.201831701843,1,4.85474867143338,630,1,10.1420001983643,35.2080001831055,0.0242970008403063,0,109.162803649902,-88.6626,25.9392,29.9022338251094,63,63,63,63,61,63,0,8044,1.17624339389221,26,-89,0.001869,51,2023-06-06 16:53:23.001794,630,1.037,0.0011,"aoml_navis",1029.91943319771
"7901009",1,0,1,0.026166,1,0.003738,1,113.141062069093,1,4.85469751888515,632,1,10.1190004348755,35.2050018310547,0.0261659994721413,0,109.104202270508,-88.6626,25.9392,29.9022338251094,63,63,63,63,61,63,0,8044,1.17624339389221,26,-89,0.001869,51,2023-06-06 16:53:23.001794,632,1.037,0.0011,"aoml_navis",1029.93028516187
"7901009",1,0,1,0.026166,1,0.003738,1,113.039120040975,1,4.85464570370971,634,1,10.0909996032715,35.201000213623,0.0261659994721413,0,109.005897521973,-88.6626,25.9392,29.9022338251094,63,63,63,63,61,63,0,8044,1.17624339389221,26,-89,0.001869,51,2023-06-06 16:53:23.001794,634,1.037,0.0011,"aoml_navis",1029.94127793491
"7901009",1,0,1,0.029904,1,0.007476,1,112.98240118963,1,4.85458801637286,636,1,10.0520000457764,35.1959991455078,0.0299040004611015,0,108.951202392578,-88.6626,25.9392,29.9022338251094,63,63,63,63,61,63,0,8044,1.17624339389221,26,-89,0.001869,51,2023-06-06 16:53:23.001794,636,1.037,0.0011,"aoml_navis",1029.95351678386
"7901009",1,0,1,0.028035,1,0.005607,1,112.821042426457,1,4.85453539367071,638,1,10.0229997634888,35.1920013427734,0.0280349999666214,0,108.795600891113,-88.6626,25.9392,29.9022338251094,63,63,63,63,61,63,0,8044,1.17624339389221,26,-89,0.001869,51,2023-06-06 16:53:23.001794,638,1.037,0.0011,"aoml_navis",1029.96468138206
"7901009",1,0,1,0.026166,1,0.003738,1,112.833171035623,1,4.85447474156998,640,1,9.97200012207031,35.185001373291,0.0261659994721413,0,108.80729675293,-88.6626,25.9392,29.9022338251094,63,63,63,63,61,63,0,8044,1.17624339389221,26,-89,0.001869,51,2023-06-06 16:53:23.001794,640,1.037,0.0011,"aoml_navis",1029.97754982302
"7901009",1,0,1,0.028035,1,0.005607,1,112.944338085456,1,4.85441160970606,642,1,9.91800022125244,35.1780014038086,0.0280349999666214,0,108.914497375488,-88.6626,25.9392,29.9022338251094,63,63,63,63,61,63,0,8044,1.17624339389221,26,-89,0.001869,51,2023-06-06 16:53:23.001794,642,1.037,0.0011,"aoml_navis",1029.99094473218
"7901009",1,0,1,0.028035,1,0.005607,1,113.113679736201,1,4.85434539103222,644,1,9.85599994659424,35.1699981689453,0.0280349999666214,0,109.077796936035,-88.6626,25.9392,29.9022338251094,63,63,63,63,61,63,0,8044,1.17624339389221,26,-89,0.001869,51,2023-06-06 16:53:23.001794,644,1.037,0.0011,"aoml_navis",1030.00499495501
"7901009",1,0,1,0.026166,1,0.003738,1,113.199853781235,1,4.85428743634887,646,1,9.8120002746582,35.1640014648438,0.0261659994721413,0,109.16089630127,-88.6626,25.9392,29.9022338251094,63,63,63,63,61,63,0,8044,1.17624339389221,26,-89,0.001869,51,2023-06-06 16:53:23.001794,646,1.037,0.0011,"aoml_navis",1030.0172920458
"7901009",1,0,1,0.026166,1,0.003738,1,113.243201889272,1,4.85423316262854,648,1,9.78499984741211,35.1609992980957,0.0261659994721413,0,109.202697753906,-88.6626,25.9392,29.9022338251094,63,63,63,63,61,63,0,8044,1.17624339389221,26,-89,0.001869,51,2023-06-06 16:53:23.001794,648,1.037,0.0011,"aoml_navis",1030.0288083592
"7901009",1,0,1,0.024297,1,0.001869,1,113.334146678812,1,4.85417999581549,650,1,9.75500011444092,35.1570014953613,0.0242970008403063,0,109.290397644043,-88.6626,25.9392,29.9022338251094,63,63,63,63,61,63,0,8044,1.17624339389221,26,-89,0.001869,51,2023-06-06 16:53:23.001794,650,1.037,0.0011,"aoml_navis",1030.04009004821
"7901009",1,0,1,0.026166,1,0.003738,1,113.500584742105,1,4.85412248076002,652,1,9.70699977874756,35.1500015258789,0.0261659994721413,0,109.450897216797,-88.6626,25.9392,29.9022338251094,63,63,63,63,61,63,0,8044,1.17624339389221,26,-89,0.001869,51,2023-06-06 16:53:23.001794,652,1.037,0.0011,"aoml_navis",1030.05229468728
"7901009",1,0,1,0.028035,1,0.005607,1,113.743766124975,1,4.85406080504813,654,1,9.6540002822876,35.1430015563965,0.0280349999666214,0,109.685401916504,-88.6626,25.9392,29.9022338251094,63,63,63,63,61,63,0,8044,1.17624339389221,26,-89,0.001869,51,2023-06-06 16:53:23.001794,654,1.037,0.0011,"aoml_navis",1030.06538253499
"7901009",1,0,1,0.026166,1,0.003738,1,113.884277604943,1,4.85399839990196,656,1,9.60000038146973,35.1360015869141,0.0261659994721413,0,109.820899963379,-88.6626,25.9392,29.9022338251094,63,63,63,63,61,63,0,8044,1.17624339389221,26,-89,0.001869,51,2023-06-06 16:53:23.001794,656,1.037,0.0011,"aoml_navis",1030.07862551026
"7901009",1,0,1,0.028035,1,0.005607,1,113.932910716844,1,4.85394008135292,658,1,9.55500030517578,35.1300010681152,0.0280349999666214,0,109.867797851562,-88.6626,25.9392,29.9022338251094,63,63,63,63,61,63,0,8044,1.17624339389221,26,-89,0.001869,51,2023-06-06 16:53:23.001794,658,1.037,0.0011,"aoml_navis",1030.09100157791
"7901009",1,0,1,0.026166,1,0.003738,1,113.95219939861,1,4.85388072093407,660,1,9.51299953460693,35.125,0.0261659994721413,0,109.88639831543,-88.6626,25.9392,29.9022338251094,63,63,63,63,61,63,0,8044,1.17624339389221,26,-89,0.001869,51,2023-06-06 16:53:23.001794,660,1.037,0.0011,"aoml_navis",1030.10359905132
"7901009",1,0,1,0.031773,1,0.009345,1,113.954066555663,1,4.85382396587906,662,1,9.47399997711182,35.1199989318848,0.0317730009555817,0,109.888198852539,-88.6626,25.9392,29.9022338251094,63,63,63,63,61,63,0,8044,1.17624339389221,26,-89,0.001869,51,2023-06-06 16:53:23.001794,662,1.037,0.0011,"aoml_navis",1030.11564390232
"7901009",1,0,1,0.024297,1,0.001869,1,113.907712008302,1,4.85376414380242,664,1,9.4399995803833,35.117000579834,0.0242970008403063,0,109.84349822998,-88.6626,25.9392,29.9022338251094,63,63,63,63,61,63,0,8044,1.17624339389221,26,-89,0.001869,51,2023-06-06 16:53:23.001794,664,1.037,0.0011,"aoml_navis",1030.12833995741
"7901009",1,0,1,0.028035,1,0.005607,1,113.81822296833,1,4.85371868502699,666,1,9.42300033569336,35.1139984130859,0.0280349999666214,0,109.757202148438,-88.6626,25.9392,29.9022338251094,63,63,63,63,61,63,0,8044,1.17624339389221,26,-89,0.001869,51,2023-06-06 16:53:23.001794,666,1.037,0.0011,"aoml_navis",1030.13798789457
"7901009",1,0,1,0.026166,1,0.003738,1,113.782960599736,1,4.8536670976847,668,1,9.39000034332275,35.109001159668,0.0261659994721413,0,109.723197937012,-88.6626,25.9392,29.9022338251094,63,63,63,63,61,63,0,8044,1.17624339389221,26,-89,0.001869,51,2023-06-06 16:53:23.001794,668,1.037,0.0011,"aoml_navis",1030.14893674622
"7901009",1,0,1,0.028035,1,0.005607,1,113.760151219289,1,4.85360550513571,670,1,9.34500026702881,35.1040000915527,0.0280349999666214,0,109.701202392578,-88.6626,25.9392,29.9022338251094,63,63,63,63,61,63,0,8044,1.17624339389221,26,-89,0.001869,51,2023-06-06 16:53:23.001794,670,1.037,0.0011,"aoml_navis",1030.16200939887
"7901009",1,0,1,0.026166,1,0.003738,1,113.909270609741,1,4.85353293707466,672,1,9.27799987792969,35.0970001220703,0.0261659994721413,0,109.845001220703,-88.6626,25.9392,29.9022338251094,63,63,63,63,61,63,0,8044,1.17624339389221,26,-89,0.001869,51,2023-06-06 16:53:23.001794,672,1.037,0.0011,"aoml_navis",1030.17741196449
"7901009",1,0,1,0.028035,1,0.005607,1,114.047812080784,1,4.85346306278791,674,1,9.21399974822998,35.0900001525879,0.0280349999666214,0,109.97859954834,-88.6626,25.9392,29.9022338251094,63,63,63,63,61,63,0,8044,1.17624339389221,26,-89,0.001869,51,2023-06-06 16:53:23.001794,674,1.037,0.0011,"aoml_navis",1030.19224321199
"7901009",1,0,1,0.028035,1,0.005607,1,114.131913265021,1,4.85340381132183,676,1,9.16699981689453,35.0839996337891,0.0280349999666214,0,110.059700012207,-88.6626,25.9392,29.9022338251094,63,63,63,63,61,63,0,8044,1.17624339389221,26,-89,0.001869,51,2023-06-06 16:53:23.001794,676,1.037,0.0011,"aoml_navis",1030.204820035
"7901009",1,0,1,0.026166,1,0.003738,1,114.258840386255,1,4.85333471821857,678,1,9.10799980163574,35.0779991149902,0.0261659994721413,0,110.182098388672,-88.6626,25.9392,29.9022338251094,63,63,63,63,61,63,0,8044,1.17624339389221,26,-89,0.001869,51,2023-06-06 16:53:23.001794,678,1.037,0.0011,"aoml_navis",1030.2194862495
"7901009",1,0,1,0.031773,1,0.009345,1,114.322307902714,1,4.8532820167398,680,1,9.08199977874756,35.0750007629395,0.0317730009555817,0,110.243301391602,-88.6626,25.9392,29.9022338251094,63,63,63,63,61,63,0,8044,1.17624339389221,26,-89,0.001869,51,2023-06-06 16:53:23.001794,680,1.037,0.0011,"aoml_navis",1030.23067333696
"7901009",1,0,1,0.028035,1,0.005607,1,114.403608351371,1,4.85323889582922,681.900024414062,1,9.0649995803833,35.0719985961914,0.0280349999666214,0,110.321701049805,-88.6626,25.9392,29.9022338251094,63,63,63,63,61,63,0,8044,1.17624339389221,26,-89,0.001869,51,2023-06-06 16:53:23.001794,681.900024414062,1.037,0.0011,"aoml_navis",1030.23982691165
"7901009",1,0,1,0.031773,1,0.009345,1,114.513011096021,1,4.8531833032355,684,1,9.03800010681152,35.0690002441406,0.0317730009555817,0,110.427200317383,-88.6626,25.9392,29.9022338251094,63,63,63,63,61,63,0,8044,1.17624339389221,26,-89,0.001869,51,2023-06-06 16:53:23.001794,684,1.037,0.0011,"aoml_navis",1030.25162817704
"7901009",1,0,1,0.026166,1,0.003738,1,114.693136369919,1,4.85312737707017,686,1,9.00800037384033,35.0660018920898,0.0261659994721413,0,110.600898742676,-88.6626,25.9392,29.9022338251094,63,63,63,63,61,63,0,8044,1.17624339389221,26,-89,0.001869,51,2023-06-06 16:53:23.001794,686,1.037,0.0011,"aoml_navis",1030.26350052623
"7901009",1,0,1,0.029904,1,0.007476,1,114.848585106316,1,4.8530789773253,688,1,8.99600028991699,35.064998626709,0.0299040004611015,0,110.750801086426,-88.6626,25.9392,29.9022338251094,63,63,63,63,61,63,0,8044,1.17624339389221,26,-89,0.001869,51,2023-06-06 16:53:23.001794,688,1.037,0.0011,"aoml_navis",1030.27377534162
"7901009",1,0,1,0.028035,1,0.005607,1,115.044264747872,1,4.85302967496418,690,1,8.97399997711182,35.0620002746582,0.0280349999666214,0,110.939498901367,-88.6626,25.9392,29.9022338251094,63,63,63,63,61,63,0,8044,1.17624339389221,26,-89,0.001869,51,2023-06-06 16:53:23.001794,690,1.037,0.0011,"aoml_navis",1030.28424198476
"7901009",1,0,1,0.035511,1,0.013083,1,115.334939960373,1,4.85297706337258,692,1,8.93900012969971,35.056999206543,0.0355109982192516,0,111.219802856445,-88.6626,25.9392,29.9022338251094,63,63,63,63,61,63,0,8044,1.17624339389221,26,-89,0.001869,51,2023-06-06 16:53:23.001794,692,1.037,0.0011,"aoml_navis",1030.29541139542
"7901009",1,0,1,0.028035,1,0.005607,1,115.529891727146,1,4.85292983573862,694,1,8.91499996185303,35.0530014038086,0.0280349999666214,0,111.40779876709,-88.6626,25.9392,29.9022338251094,63,63,63,63,61,63,0,8044,1.17624339389221,26,-89,0.001869,51,2023-06-06 16:53:23.001794,694,1.037,0.0011,"aoml_navis",1030.30543800125
"7901009",1,0,1,0.028035,1,0.005607,1,115.771411656705,1,4.85287036906017,696,1,8.87600040435791,35.048999786377,0.0280349999666214,0,111.640701293945,-88.6626,25.9392,29.9022338251094,63,63,63,63,61,63,0,8044,1.17624339389221,26,-89,0.001869,51,2023-06-06 16:53:23.001794,696,1.037,0.0011,"aoml_navis",1030.31806328021
"7901009",1,0,1,0.024297,1,0.001869,1,115.947185505266,1,4.85281218304846,698,1,8.8430004119873,35.0460014343262,0.0242970008403063,0,111.810203552246,-88.6626,25.9392,29.9022338251094,63,63,63,63,61,63,0,8044,1.17624339389221,26,-89,0.001869,51,2023-06-06 16:53:23.001794,698,1.037,0.0011,"aoml_navis",1030.33041696229
"7901009",1,0,1,0.031773,1,0.009345,1,115.948324787536,1,4.85276791928626,700,1,8.82699966430664,35.0429992675781,0.0317730009555817,0,111.811302185059,-88.6626,25.9392,29.9022338251094,63,63,63,63,61,63,0,8044,1.17624339389221,26,-89,0.001869,51,2023-06-06 16:53:23.001794,700,1.037,0.0011,"aoml_navis",1030.33981495975
"7901009",1,0,1,0.028035,1,0.005607,1,115.988872159993,1,4.85270369136,702,1,8.7819995880127,35.0390014648438,0.0280349999666214,0,111.850402832031,-88.6626,25.9392,29.9022338251094,63,63,63,63,61,63,0,8044,1.17624339389221,26,-89,0.001869,51,2023-06-06 16:53:23.001794,702,1.037,0.0011,"aoml_navis",1030.35345201527
"7901009",1,0,1,0.028035,1,0.005607,1,115.971759190895,1,4.85265093609794,704,1,8.75100040435791,35.0349998474121,0.0280349999666214,0,111.83390045166,-88.6626,25.9392,29.9022338251094,63,63,63,63,61,63,0,8044,1.17624339389221,26,-89,0.001869,51,2023-06-06 16:53:23.001794,704,1.037,0.0011,"aoml_navis",1030.3646534322
"7901009",1,0,1,0.029904,1,0.007476,1,115.995296446127,1,4.85259416222052,706,1,8.71500015258789,35.0309982299805,0.0299040004611015,0,111.856597900391,-88.6626,25.9392,29.9022338251094,63,63,63,63,61,63,0,8044,1.17624339389221,26,-89,0.001869,51,2023-06-06 16:53:23.001794,706,1.037,0.0011,"aoml_navis",1030.37670838561
"7901009",1,0,1,0.026166,1,0.003738,1,116.031800948861,1,4.8525422419534,708,1,8.69400024414062,35.0289993286133,0.0261659994721413,0,111.891799926758,-88.6626,25.9392,29.9022338251094,63,63,63,63,61,63,0,8044,1.17624339389221,26,-89,0.001869,51,2023-06-06 16:53:23.001794,708,1.037,0.0011,"aoml_navis",1030.38773300554
"7901009",1,0,1,0.029904,1,0.007476,1,116.072039765703,1,4.85249276605297,710,1,8.67599964141846,35.0270004272461,0.0299040004611015,0,111.930603027344,-88.6626,25.9392,29.9022338251094,63,63,63,63,61,63,0,8044,1.17624339389221,26,-89,0.001869,51,2023-06-06 16:53:23.001794,710,1.037,0.0011,"aoml_navis",1030.39823881428
"7901009",1,0,1,0.028035,1,0.005607,1,116.20922833905,1,4.85244132292999,712,1,8.65100002288818,35.023998260498,0.0280349999666214,0,112.062896728516,-88.6626,25.9392,29.9022338251094,63,63,63,63,61,63,0,8044,1.17624339389221,26,-89,0.001869,51,2023-06-06 16:53:23.001794,712,1.037,0.0011,"aoml_navis",1030.40916257405
"7901009",1,0,1,0.031773,1,0.009345,1,116.457386170169,1,4.85238262346242,714,1,8.61699962615967,35.0209999084473,0.0317730009555817,0,112.302200317383,-88.6626,25.9392,29.9022338251094,63,63,63,63,61,63,0,8044,1.17624339389221,26,-89,0.001869,51,2023-06-06 16:53:23.001794,714,1.037,0.0011,"aoml_navis",1030.42162747509
"7901009",1,0,1,0.029904,1,0.007476,1,116.928083804696,1,4.85232246141585,716,1,8.57199954986572,35.015998840332,0.0299040004611015,0,112.756103515625,-88.6626,25.9392,29.9022338251094,63,63,63,63,61,63,0,8044,1.17624339389221,26,-89,0.001869,51,2023-06-06 16:53:23.001794,716,1.037,0.0011,"aoml_navis",1030.43440326945
"7901009",1,0,1,0.028035,1,0.005607,1,117.349309688984,1,4.85225928587759,718,1,8.51399993896484,35.0089988708496,0.0280349999666214,0,113.162300109863,-88.6626,25.9392,29.9022338251094,63,63,63,63,61,63,0,8044,1.17624339389221,26,-89,0.001869,51,2023-06-06 16:53:23.001794,718,1.037,0.0011,"aoml_navis",1030.447819339
"7901009",1,0,1,0.028035,1,0.005607,1,117.494591913458,1,4.85220250995814,720,1,8.47299957275391,35.0040016174316,0.0280349999666214,0,113.302398681641,-88.6626,25.9392,29.9022338251094,63,63,63,63,61,63,0,8044,1.17624339389221,26,-89,0.001869,51,2023-06-06 16:53:23.001794,720,1.037,0.0011,"aoml_navis",1030.4598766722
"7901009",1,0,1,0.029904,1,0.007476,1,117.531302119936,1,4.85215113007165,722,1,8.45699977874756,35.0029983520508,0.0299040004611015,0,113.337799072266,-88.6626,25.9392,29.9022338251094,63,63,63,63,61,63,0,8044,1.17624339389221,26,-89,0.001869,51,2023-06-06 16:53:23.001794,722,1.037,0.0011,"aoml_navis",1030.47078830914
"7901009",1,0,1,0.033642,1,0.011214,1,117.648173492801,1,4.85210101557341,724,1,8.4379997253418,35.0009994506836,0.0336420014500618,0,113.450500488281,-88.6626,25.9392,29.9022338251094,63,63,63,63,61,63,0,8044,1.17624339389221,26,-89,0.001869,51,2023-06-06 16:53:23.001794,724,1.037,0.0011,"aoml_navis",1030.48143143597
"7901009",1,0,1,0.024297,1,0.001869,1,117.764522694625,1,4.85205266309713,726,1,8.41199970245361,34.9970016479492,0.0242970008403063,0,113.562698364258,-88.6626,25.9392,29.9022338251094,63,63,63,63,61,63,0,8044,1.17624339389221,26,-89,0.001869,51,2023-06-06 16:53:23.001794,726,1.037,0.0011,"aoml_navis",1030.49170055966
"7901009",1,0,1,0.028035,1,0.005607,1,117.737876148199,1,4.85200259435702,728,1,8.39299964904785,34.9949989318848,0.0280349999666214,0,113.537002563477,-88.6626,25.9392,29.9022338251094,63,63,63,63,61,63,0,8044,1.17624339389221,26,-89,0.001869,51,2023-06-06 16:53:23.001794,728,1.037,0.0011,"aoml_navis",1030.50233440005
"7901009",1,0,1,0.028035,1,0.005607,1,117.680524362259,1,4.85194854256687,730,1,8.36900043487549,34.9930000305176,0.0280349999666214,0,113.48169708252,-88.6626,25.9392,29.9022338251094,63,63,63,63,61,63,0,8044,1.17624339389221,26,-89,0.001869,51,2023-06-06 16:53:23.001794,730,1.037,0.0011,"aoml_navis",1030.51381442615
"7901009",1,0,1,0.024297,1,0.001869,1,117.566453724975,1,4.85189689799418,732,1,8.34799957275391,34.9910011291504,0.0242970008403063,0,113.371696472168,-88.6626,25.9392,29.9022338251094,63,63,63,63,61,63,0,8044,1.17624339389221,26,-89,0.001869,51,2023-06-06 16:53:23.001794,732,1.037,0.0011,"aoml_navis",1030.52478342379
"7901009",1,0,1,0.029904,1,0.007476,1,117.631060523703,1,4.85183921793158,734,1,8.32400035858154,34.9900016784668,0.0299040004611015,0,113.43399810791,-88.6626,25.9392,29.9022338251094,63,63,63,63,61,63,0,8044,1.17624339389221,26,-89,0.001869,51,2023-06-06 16:53:23.001794,734,1.037,0.0011,"aoml_navis",1030.53703459934
"7901009",1,0,1,0.031773,1,0.009345,1,117.831408057894,1,4.85178762335993,736,1,8.30300045013428,34.9879989624023,0.0317730009555817,0,113.627197265625,-88.6626,25.9392,29.9022338251094,63,63,63,63,61,63,0,8044,1.17624339389221,26,-89,0.001869,51,2023-06-06 16:53:23.001794,736,1.037,0.0011,"aoml_navis",1030.54799347079
"7901009",1,0,4,0.024297,1,0.001869,1,118.160557782055,1,4.85172593604141,738,1,8.26000022888184,34.984001159668,0.0242970008403063,0,113.944602966309,-88.6626,25.9392,29.9022338251094,63,63,63,63,61,63,0,8044,1.17624339389221,26,-89,0.001869,51,2023-06-06 16:53:23.001794,738,1.037,0.0011,"aoml_navis",1030.56109638369
"7901009",1,0,1,0.026166,1,0.003738,1,118.449666481434,1,4.85166039095406,740,1,8.21199989318848,34.9799995422363,0.0261659994721413,0,114.22339630127,-88.6626,25.9392,29.9022338251094,63,63,63,63,61,63,0,8044,1.17624339389221,26,-89,0.001869,51,2023-06-06 16:53:23.001794,740,1.037,0.0011,"aoml_navis",1030.57501908471
"7901009",1,0,1,0.031773,1,0.009345,1,118.75288962227,1,4.85159492988658,742,1,8.16399955749512,34.976001739502,0.0317730009555817,0,114.515800476074,-88.6626,25.9392,29.9022338251094,63,63,63,63,61,63,0,8044,1.17624339389221,26,-89,0.001869,51,2023-06-06 16:53:23.001794,742,1.037,0.0011,"aoml_navis",1030.58892431419
"7901009",1,0,1,0.028035,1,0.005607,1,118.951164295663,1,4.85154477612613,744,1,8.14000034332275,34.9729995727539,0.0280349999666214,0,114.707000732422,-88.6626,25.9392,29.9022338251094,63,63,63,63,61,63,0,8044,1.17624339389221,26,-89,0.001869,51,2023-06-06 16:53:23.001794,744,1.037,0.0011,"aoml_navis",1030.59957822185
"7901009",1,0,1,0.028035,1,0.005607,1,119.126210269441,1,4.85149672016303,746,1,8.12800025939941,34.9720001220703,0.0280349999666214,0,114.875801086426,-88.6626,25.9392,29.9022338251094,63,63,63,63,61,63,0,8044,1.17624339389221,26,-89,0.001869,51,2023-06-06 16:53:23.001794,746,1.037,0.0011,"aoml_navis",1030.60978671176
"7901009",1,0,1,0.029904,1,0.007476,1,119.505440943387,1,4.85144055781762,748,1,8.10099983215332,34.9700012207031,0.0299040004611015,0,115.241500854492,-88.6626,25.9392,29.9022338251094,63,63,63,63,61,63,0,8044,1.17624339389221,26,-89,0.001869,51,2023-06-06 16:53:23.001794,748,1.037,0.0011,"aoml_navis",1030.62171749028
"7901009",1,0,1,0.029904,1,0.007476,1,119.879900872828,1,4.85139046037465,750,1,8.07699966430664,34.9669990539551,0.0299040004611015,0,115.602600097656,-88.6626,25.9392,29.9022338251094,63,63,63,63,61,63,0,8044,1.17624339389221,26,-89,0.001869,51,2023-06-06 16:53:23.001794,750,1.037,0.0011,"aoml_navis",1030.63236011184
"7901009",1,0,1,0.028035,1,0.005607,1,120.16507746604,1,4.85134531781677,752,1,8.06400012969971,34.9650001525879,0.0280349999666214,0,115.877601623535,-88.6626,25.9392,29.9022338251094,63,63,63,63,61,63,0,8044,1.17624339389221,26,-89,0.001869,51,2023-06-06 16:53:23.001794,752,1.037,0.0011,"aoml_navis",1030.64195031372
"7901009",1,0,1,0.028035,1,0.005607,1,120.667706650857,1,4.85130018046729,754,1,8.05099964141846,34.9630012512207,0.0280349999666214,0,116.362297058105,-88.6626,25.9392,29.9022338251094,63,63,63,63,61,63,0,8044,1.17624339389221,26,-89,0.001869,51,2023-06-06 16:53:23.001794,754,1.037,0.0011,"aoml_navis",1030.65153958756
"7901009",1,0,1,0.031773,1,0.009345,1,121.301835909353,1,4.85123035576819,756,1,7.99700021743774,34.9589996337891,0.0317730009555817,0,116.97380065918,-88.6626,25.9392,29.9022338251094,63,63,63,63,61,63,0,8044,1.17624339389221,26,-89,0.001869,51,2023-06-06 16:53:23.001794,756,1.037,0.0011,"aoml_navis",1030.666373955
"7901009",1,0,1,0.029904,1,0.007476,1,121.692475229365,1,4.85117055522413,758,1,7.95100021362305,34.9539985656738,0.0299040004611015,0,117.35050201416,-88.6626,25.9392,29.9022338251094,63,63,63,63,61,63,0,8044,1.17624339389221,26,-89,0.001869,51,2023-06-06 16:53:23.001794,758,1.037,0.0011,"aoml_navis",1030.67907901436
"7901009",1,0,1,0.028035,1,0.005607,1,121.988744001344,1,4.85111281044906,760,1,7.91699981689453,34.951000213623,0.0280349999666214,0,117.636199951172,-88.6626,25.9392,29.9022338251094,63,63,63,63,61,63,0,8044,1.17624339389221,26,-89,0.001869,51,2023-06-06 16:53:23.001794,760,1.037,0.0011,"aoml_navis",1030.69134760796
"7901009",1,0,1,0.029904,1,0.007476,1,122.321311572315,1,4.85105201092547,762,1,7.87900018692017,34.9480018615723,0.0299040004611015,0,117.956901550293,-88.6626,25.9392,29.9022338251094,63,63,63,63,61,63,0,8044,1.17624339389221,26,-89,0.001869,51,2023-06-06 16:53:23.001794,762,1.037,0.0011,"aoml_navis",1030.70426553644
"7901009",1,0,1,0.031773,1,0.009345,1,122.61405173393,1,4.85099283222953,764,1,7.84299993515015,34.9449996948242,0.0317730009555817,0,118.239196777344,-88.6626,25.9392,29.9022338251094,63,63,63,63,61,63,0,8044,1.17624339389221,26,-89,0.001869,51,2023-06-06 16:53:23.001794,764,1.037,0.0011,"aoml_navis",1030.71683940254
"7901009",1,0,1,0.031773,1,0.009345,1,122.882226121598,1,4.8509315656682,766,1,7.80900001525879,34.943000793457,0.0317730009555817,0,118.497802734375,-88.6626,25.9392,29.9022338251094,63,63,63,63,61,63,0,8044,1.17624339389221,26,-89,0.001869,51,2023-06-06 16:53:23.001794,766,1.037,0.0011,"aoml_navis",1030.72985720657
"7901009",1,0,1,0.026166,1,0.003738,1,123.21551365567,1,4.85086016256698,768,1,7.75699996948242,34.939998626709,0.0261659994721413,0,118.819198608398,-88.6626,25.9392,29.9022338251094,63,63,63,63,61,63,0,8044,1.17624339389221,26,-89,0.001869,51,2023-06-06 16:53:23.001794,768,1.037,0.0011,"aoml_navis",1030.74502921851
"7901009",1,0,1,0.024297,1,0.001869,1,123.432974158958,1,4.8507967101995,770,1,7.71999979019165,34.9379997253418,0.0242970008403063,0,119.028900146484,-88.6626,25.9392,29.9022338251094,63,63,63,63,61,63,0,8044,1.17624339389221,26,-89,0.001869,51,2023-06-06 16:53:23.001794,770,1.037,0.0011,"aoml_navis",1030.75851220208
"7901009",1,0,1,0.028035,1,0.005607,1,123.677184060544,1,4.85073928750318,772,1,7.68599987030029,34.935001373291,0.0280349999666214,0,119.26439666748,-88.6626,25.9392,29.9022338251094,63,63,63,63,61,63,0,8044,1.17624339389221,26,-89,0.001869,51,2023-06-06 16:53:23.001794,772,1.037,0.0011,"aoml_navis",1030.77071424584
"7901009",1,0,1,0.029904,1,0.007476,1,123.894644563831,1,4.85066983524348,774,1,7.64099979400635,34.9329986572266,0.0299040004611015,0,119.474098205566,-88.6626,25.9392,29.9022338251094,63,63,63,63,61,63,0,8044,1.17624339389221,26,-89,0.001869,51,2023-06-06 16:53:23.001794,774,1.037,0.0011,"aoml_navis",1030.78547289934
"7901009",1,0,1,0.029904,1,0.007476,1,123.994616583025,1,4.85061725109981,776,1,7.61800003051758,34.9309997558594,0.0299040004611015,0,119.570503234863,-88.6626,25.9392,29.9022338251094,63,63,63,63,61,63,0,8044,1.17624339389221,26,-89,0.001869,51,2023-06-06 16:53:23.001794,776,1.037,0.0011,"aoml_navis",1030.79664734758
"7901009",1,0,1,0.028035,1,0.005607,1,124.049159721701,1,4.85057399296772,778,1,7.61199998855591,34.9300003051758,0.0280349999666214,0,119.623100280762,-88.6626,25.9392,29.9022338251094,63,63,63,63,61,63,0,8044,1.17624339389221,26,-89,0.001869,51,2023-06-06 16:53:23.001794,778,1.037,0.0011,"aoml_navis",1030.80584014364
"7901009",1,0,1,0.031773,1,0.009345,1,124.216325659778,1,4.85050618288679,780,1,7.56899976730347,34.9280014038086,0.0317730009555817,0,119.784301757812,-88.6626,25.9392,29.9022338251094,63,63,63,63,61,63,0,8044,1.17624339389221,26,-89,0.001869,51,2023-06-06 16:53:23.001794,780,1.037,0.0011,"aoml_navis",1030.82025081024
"7901009",1,0,1,0.026166,1,0.003738,1,124.361607884251,1,4.85044517896407,782,1,7.53000020980835,34.9249992370605,0.0261659994721413,0,119.92440032959,-88.6626,25.9392,29.9022338251094,63,63,63,63,61,63,0,8044,1.17624339389221,26,-89,0.001869,51,2023-06-06 16:53:23.001794,782,1.037,0.0011,"aoml_navis",1030.8332154097
"7901009",1,0,1,0.028035,1,0.005607,1,124.424031058629,1,4.85037827445008,784,1,7.48799991607666,34.9230003356934,0.0280349999666214,0,119.984596252441,-88.6626,25.9392,29.9022338251094,63,63,63,63,61,63,0,8044,1.17624339389221,26,-89,0.001869,51,2023-06-06 16:53:23.001794,784,1.037,0.0011,"aoml_navis",1030.84743438219
"7901009",1,0,1,0.029904,1,0.007476,1,124.399045965513,1,4.85032669833211,786,1,7.47100019454956,34.9220008850098,0.0299040004611015,0,119.960502624512,-88.6626,25.9392,29.9022338251094,63,63,63,63,61,63,0,8044,1.17624339389221,26,-89,0.001869,51,2023-06-06 16:53:23.001794,786,1.037,0.0011,"aoml_navis",1030.85839593431
"7901009",1,0,1,0.031773,1,0.009345,1,124.303330431467,1,4.85027210406949,788,1,7.44999980926514,34.9210014343262,0.0317730009555817,0,119.868202209473,-88.6626,25.9392,29.9022338251094,63,63,63,63,61,63,0,8044,1.17624339389221,26,-89,0.001869,51,2023-06-06 16:53:23.001794,788,1.037,0.0011,"aoml_navis",1030.86999919136
"7901009",1,0,1,0.029904,1,0.007476,1,124.232916457835,1,4.85021763343923,790,1,7.43400001525879,34.9210014343262,0.0299040004611015,0,119.800300598145,-88.6626,25.9392,29.9022338251094,63,63,63,63,61,63,0,8044,1.17624339389221,26,-89,0.001869,51,2023-06-06 16:53:23.001794,790,1.037,0.0011,"aoml_navis",1030.88157643239
"7901009",1,0,1,0.026166,1,0.003738,1,124.233019309706,1,4.85017215111803,792,1,7.42500019073486,34.9199981689453,0.0261659994721413,0,119.800399780273,-88.6626,25.9392,29.9022338251094,63,63,63,63,61,63,0,8044,1.17624339389221,26,-89,0.001869,51,2023-06-06 16:53:23.001794,792,1.037,0.0011,"aoml_navis",1030.89124348863
"7901009",1,0,1,0.029904,1,0.007476,1,124.393444494352,1,4.85011996091946,794,1,7.41200017929077,34.9199981689453,0.0299040004611015,0,119.955101013184,-88.6626,25.9392,29.9022338251094,63,63,63,63,61,63,0,8044,1.17624339389221,26,-89,0.001869,51,2023-06-06 16:53:23.001794,794,1.037,0.0011,"aoml_navis",1030.90233649646
"7901009",1,0,1,0.028035,1,0.005607,1,124.617329283773,1,4.8500759824642,796,1,7.40500020980835,34.9189987182617,0.0280349999666214,0,120.170997619629,-88.6626,25.9392,29.9022338251094,63,63,63,63,61,63,0,8044,1.17624339389221,26,-89,0.001869,51,2023-06-06 16:53:23.001794,796,1.037,0.0011,"aoml_navis",1030.91168428657
"7901009",1,0,1,0.028035,1,0.005607,1,124.95518977029,1,4.85002219174884,798,1,7.38500022888184,34.9179992675781,0.0280349999666214,0,120.496803283691,-88.6626,25.9392,29.9022338251094,63,63,63,63,61,63,0,8044,1.17624339389221,26,-89,0.001869,51,2023-06-06 16:53:23.001794,798,1.037,0.0011,"aoml_navis",1030.92311794084
"7901009",1,0,1,0.028035,1,0.005607,1,125.486126954844,1,4.84996907469828,800,1,7.36100006103516,34.9160003662109,0.0280349999666214,0,121.008796691895,-88.6626,25.9392,29.9022338251094,63,63,63,63,61,63,0,8044,1.17624339389221,26,-89,0.001869,51,2023-06-06 16:53:23.001794,800,1.037,0.0011,"aoml_navis",1030.93440865106
"7901009",1,0,1,0.028035,1,0.005607,1,126.021114920802,1,4.8499001157352,802,1,7.31099987030029,34.9129981994629,0.0280349999666214,0,121.524696350098,-88.6626,25.9392,29.9022338251094,63,63,63,63,61,63,0,8044,1.17624339389221,26,-89,0.001869,51,2023-06-06 16:53:23.001794,802,1.037,0.0011,"aoml_navis",1030.94906713188
"7901009",1,0,1,0.029904,1,0.007476,1,126.373390492708,1,4.84983289362994,804,1,7.27299976348877,34.9119987487793,0.0299040004611015,0,121.864402770996,-88.6626,25.9392,29.9022338251094,63,63,63,63,61,63,0,8044,1.17624339389221,26,-89,0.001869,51,2023-06-06 16:53:23.001794,804,1.037,0.0011,"aoml_navis",1030.96335681324
"7901009",1,0,1,0.028035,1,0.005607,1,126.716219515791,1,4.84979186844017,806,1,7.2649998664856,34.9099998474121,0.0280349999666214,0,122.194999694824,-88.6626,25.9392,29.9022338251094,63,63,63,63,61,63,0,8044,1.17624339389221,26,-89,0.001869,51,2023-06-06 16:53:23.001794,806,1.037,0.0011,"aoml_navis",1030.97207790242
"7901009",1,0,1,0.031773,1,0.009345,1,127.01570834252,1,4.84973444035449,808,1,7.23999977111816,34.9090003967285,0.0317730009555817,0,122.48380279541,-88.6626,25.9392,29.9022338251094,63,63,63,63,61,63,0,8044,1.17624339389221,26,-89,0.001869,51,2023-06-06 16:53:23.001794,808,1.037,0.0011,"aoml_navis",1030.98428614877
"7901009",1,0,1,0.031773,1,0.009345,1,127.241982460035,1,4.84968370117592,810,1,7.2189998626709,34.9070014953613,0.0317730009555817,0,122.702003479004,-88.6626,25.9392,29.9022338251094,63,63,63,63,61,63,0,8044,1.17624339389221,26,-89,0.001869,51,2023-06-06 16:53:23.001794,810,1.037,0.0011,"aoml_navis",1030.99507268642
"7901009",1,0,1,0.029904,1,0.007476,1,127.612185904328,1,4.84963160411522,812,1,7.20599985122681,34.9070014953613,0.0299040004611015,0,123.05899810791,-88.6626,25.9392,29.9022338251094,63,63,63,63,61,63,0,8044,1.17624339389221,26,-89,0.001869,51,2023-06-06 16:53:23.001794,812,1.037,0.0011,"aoml_navis",1031.00614812828
"7901009",1,0,1,0.029904,1,0.007476,1,128.054361923693,1,4.84957115465063,814,1,7.16699981689453,34.9039993286133,0.0299040004611015,0,123.485397338867,-88.6626,25.9392,29.9022338251094,63,63,63,63,61,63,0,8044,1.17624339389221,26,-89,0.001869,51,2023-06-06 16:53:23.001794,814,1.037,0.0011,"aoml_navis",1031.0189995264
"7901009",1,0,1,0.029904,1,0.007476,1,128.416693243968,1,4.84950637920776,816,1,7.13199996948242,34.9029998779297,0.0299040004611015,0,123.834800720215,-88.6626,25.9392,29.9022338251094,63,63,63,63,61,63,0,8044,1.17624339389221,26,-89,0.001869,51,2023-06-06 16:53:23.001794,816,1.037,0.0011,"aoml_navis",1031.0327709718
"7901009",1,0,1,0.026166,1,0.003738,1,128.699171953471,1,4.84945275456067,818,1,7.10699987411499,34.9010009765625,0.0261659994721413,0,124.107200622559,-88.6626,25.9392,29.9022338251094,63,63,63,63,61,63,0,8044,1.17624339389221,26,-89,0.001869,51,2023-06-06 16:53:23.001794,818,1.037,0.0011,"aoml_navis",1031.04417200431
"7901009",1,0,1,0.029904,1,0.007476,1,129.055482483416,1,4.84939699699582,820,1,7.08900022506714,34.9010009765625,0.0299040004611015,0,124.450798034668,-88.6626,25.9392,29.9022338251094,63,63,63,63,61,63,0,8044,1.17624339389221,26,-89,0.001869,51,2023-06-06 16:53:23.001794,820,1.037,0.0011,"aoml_navis",1031.05602677972
"7901009",1,0,1,0.028035,1,0.005607,1,129.438241767726,1,4.84933453745694,822,1,7.05200004577637,34.898998260498,0.0280349999666214,0,124.819900512695,-88.6626,25.9392,29.9022338251094,63,63,63,63,61,63,0,8044,1.17624339389221,26,-89,0.001869,51,2023-06-06 16:53:23.001794,822,1.037,0.0011,"aoml_navis",1031.06930680474
"7901009",1,0,1,0.031773,1,0.009345,1,129.692096010195,1,4.84928323155413,824,1,7.03499984741211,34.8979988098145,0.0317730009555817,0,125.064697265625,-88.6626,25.9392,29.9022338251094,63,63,63,63,61,63,0,8044,1.17624339389221,26,-89,0.001869,51,2023-06-06 16:53:23.001794,824,1.037,0.0011,"aoml_navis",1031.08021562138
"7901009",1,0,1,0.031773,1,0.009345,1,129.983704801223,1,4.84922233089543,826,1,7.00500011444092,34.8969993591309,0.0317730009555817,0,125.345901489258,-88.6626,25.9392,29.9022338251094,63,63,63,63,61,63,0,8044,1.17624339389221,26,-89,0.001869,51,2023-06-06 16:53:23.001794,826,1.037,0.0011,"aoml_navis",1031.09316480375
"7901009",1,0,1,0.029904,1,0.007476,1,130.088233949496,1,4.84915705212146,828,1,6.97399997711182,34.8969993591309,0.0299040004611015,0,125.446701049805,-88.6626,25.9392,29.9022338251094,63,63,63,63,61,63,0,8044,1.17624339389221,26,-89,0.001869,51,2023-06-06 16:53:23.001794,828,1.037,0.0011,"aoml_navis",1031.10704525698
"7901009",1,0,1,0.031773,1,0.009345,1,130.074127419722,1,4.8491021128158,830,1,6.9520001411438,34.8959999084473,0.0317730009555817,0,125.433097839355,-88.6626,25.9392,29.9022338251094,63,63,63,63,61,63,0,8044,1.17624339389221,26,-89,0.001869,51,2023-06-06 16:53:23.001794,830,1.037,0.0011,"aoml_navis",1031.11872748264
"7901009",1,0,1,0.028035,1,0.005607,1,130.154185734237,1,4.8490413118963,832,1,6.93699979782104,34.8979988098145,0.0280349999666214,0,125.510299682617,-88.6626,25.9392,29.9022338251094,63,63,63,63,61,63,0,8044,1.17624339389221,26,-89,0.001869,51,2023-06-06 16:53:23.001794,832,1.037,0.0011,"aoml_navis",1031.13165642317
"7901009",1,0,1,0.029904,1,0.007476,1,130.388031331839,1,4.8489761101581,834,1,6.91099977493286,34.898998260498,0.0299040004611015,0,125.735801696777,-88.6626,25.9392,29.9022338251094,63,63,63,63,61,63,0,8044,1.17624339389221,26,-89,0.001869,51,2023-06-06 16:53:23.001794,834,1.037,0.0011,"aoml_navis",1031.14552153093
"7901009",1,0,1,0.028035,1,0.005607,1,130.768401288056,1,4.84890800960302,836,1,6.87599992752075,34.898998260498,0.0280349999666214,0,126.102600097656,-88.6626,25.9392,29.9022338251094,63,63,63,63,61,63,0,8044,1.17624339389221,26,-89,0.001869,51,2023-06-06 16:53:23.001794,836,1.037,0.0011,"aoml_navis",1031.16000346836
"7901009",1,0,1,0.026166,1,0.003738,1,130.937434383186,1,4.84885020684881,838,1,6.85500001907349,34.898998260498,0.0261659994721413,0,126.265602111816,-88.6626,25.9392,29.9022338251094,63,63,63,63,61,63,0,8044,1.17624339389221,26,-89,0.001869,51,2023-06-06 16:53:23.001794,838,1.037,0.0011,"aoml_navis",1031.17229584401
"7901009",1,0,1,0.028035,1,0.005607,1,131.181849988515,1,4.8488070754153,840,1,6.84899997711182,34.8979988098145,0.0280349999666214,0,126.50129699707,-88.6626,25.9392,29.9022338251094,63,63,63,63,61,63,0,8044,1.17624339389221,26,-89,0.001869,51,2023-06-06 16:53:23.001794,840,1.037,0.0011,"aoml_navis",1031.18146839689
"7901009",1,0,1,0.028035,1,0.005607,1,131.457279388972,1,4.84875514548779,842,1,6.83599996566772,34.8979988098145,0.0280349999666214,0,126.766899108887,-88.6626,25.9392,29.9022338251094,63,63,63,63,61,63,0,8044,1.17624339389221,26,-89,0.001869,51,2023-06-06 16:53:23.001794,842,1.037,0.0011,"aoml_navis",1031.19251229936
"7901009",1,0,4,0.022428,1,0,1,131.723998027073,1,4.84870249018075,844,1,6.82200002670288,34.8979988098145,0.0224280003458261,0,127.024101257324,-88.6626,25.9392,29.9022338251094,63,63,63,63,61,63,0,8044,1.17624339389221,26,-89,0.001869,51,2023-06-06 16:53:23.001794,844,1.037,0.0011,"aoml_navis",1031.20371070934
"7901009",1,0,1,0.029904,1,0.007476,1,132.020994673835,1,4.84865497991912,846,1,6.80999994277954,34.8969993591309,0.0299040004611015,0,127.310501098633,-88.6626,25.9392,29.9022338251094,63,63,63,63,61,63,0,8044,1.17624339389221,26,-89,0.001869,51,2023-06-06 16:53:23.001794,846,1.037,0.0011,"aoml_navis",1031.21381511113
"7901009",1,0,1,0.029904,1,0.007476,1,132.412251105077,1,4.84860674427316,848,1,6.79699993133545,34.8959999084473,0.0299040004611015,0,127.687797546387,-88.6626,25.9392,29.9022338251094,63,63,63,63,61,63,0,8044,1.17624339389221,26,-89,0.001869,51,2023-06-06 16:53:23.001794,848,1.037,0.0011,"aoml_navis",1031.22407398902
"7901009",1,0,1,0.033642,1,0.011214,1,132.8203119498,1,4.84854975802653,850,1,6.77199983596802,34.8950004577637,0.0336420014500618,0,128.081298828125,-88.6626,25.9392,29.9022338251094,63,63,63,63,61,63,0,8044,1.17624339389221,26,-89,0.001869,51,2023-06-06 16:53:23.001794,850,1.037,0.0011,"aoml_navis",1031.23619422957
"7901009",1,0,1,0.029904,1,0.007476,1,133.087347055199,1,4.84849932128876,852,1,6.76100015640259,34.8950004577637,0.0299040004611015,0,128.338806152344,-88.6626,25.9392,29.9022338251094,63,63,63,63,61,63,0,8044,1.17624339389221,26,-89,0.001869,51,2023-06-06 16:53:23.001794,852,1.037,0.0011,"aoml_navis",1031.24692171164
"7901009",1,0,1,0.033642,1,0.011214,1,133.488453531066,1,4.84845548046673,854,1,6.75400018692017,34.8940010070801,0.0336420014500618,0,128.725601196289,-88.6626,25.9392,29.9022338251094,63,63,63,63,61,63,0,8044,1.17624339389221,26,-89,0.001869,51,2023-06-06 16:53:23.001794,854,1.037,0.0011,"aoml_navis",1031.25624647763
"7901009",1,0,1,0.028035,1,0.005607,1,133.989009855086,1,4.84840654156885,856,1,6.73999977111816,34.8930015563965,0.0280349999666214,0,129.208297729492,-88.6626,25.9392,29.9022338251094,63,63,63,63,61,63,0,8044,1.17624339389221,26,-89,0.001869,51,2023-06-06 16:53:23.001794,856,1.037,0.0011,"aoml_navis",1031.26665578297
"7901009",1,0,1,0.029904,1,0.007476,1,134.428187346809,1,4.84834021295808,858,1,6.69700002670288,34.890998840332,0.0299040004611015,0,129.631805419922,-88.6626,25.9392,29.9022338251094,63,63,63,63,61,63,0,8044,1.17624339389221,26,-89,0.001869,51,2023-06-06 16:53:23.001794,858,1.037,0.0011,"aoml_navis",1031.28076421629
"7901009",1,0,1,0.028035,1,0.005607,1,134.630188422628,1,4.84829420681964,860,1,6.68699979782104,34.8899993896484,0.0280349999666214,0,129.826599121094,-88.6626,25.9392,29.9022338251094,63,63,63,63,61,63,0,8044,1.17624339389221,26,-89,0.001869,51,2023-06-06 16:53:23.001794,860,1.037,0.0011,"aoml_navis",1031.29055018298
"7901009",1,0,4,0.024297,1,0.001869,1,134.824103759002,1,4.84824380201937,862,1,6.67600011825562,34.8899993896484,0.0242970008403063,0,130.013595581055,-88.6626,25.9392,29.9022338251094,63,63,63,63,61,63,0,8044,1.17624339389221,26,-89,0.001869,51,2023-06-06 16:53:23.001794,862,1.037,0.0011,"aoml_navis",1031.30127200233
"7901009",1,0,1,0.029904,1,0.007476,1,135.026215598375,1,4.84819925470619,864,1,6.66800022125244,34.8889999389648,0.0299040004611015,0,130.20849609375,-88.6626,25.9392,29.9022338251094,63,63,63,63,61,63,0,8044,1.17624339389221,26,-89,0.001869,51,2023-06-06 16:53:23.001794,864,1.037,0.0011,"aoml_navis",1031.31074803628
"7901009",1,0,1,0.029904,1,0.007476,1,135.134795528052,1,4.84814885709583,866,1,6.65700006484985,34.8889999389648,0.0299040004611015,0,130.313201904297,-88.6626,25.9392,29.9022338251094,63,63,63,63,61,63,0,8044,1.17624339389221,26,-89,0.001869,51,2023-06-06 16:53:23.001794,866,1.037,0.0011,"aoml_navis",1031.32146874614
"7901009",1,0,1,0.028035,1,0.005607,1,135.216412444007,1,4.84810141575394,868,1,6.64499998092651,34.8880004882812,0.0280349999666214,0,130.391906738281,-88.6626,25.9392,29.9022338251094,63,63,63,63,61,63,0,8044,1.17624339389221,26,-89,0.001869,51,2023-06-06 16:53:23.001794,868,1.037,0.0011,"aoml_navis",1031.3315607946
"7901009",1,0,1,0.031773,1,0.009345,1,135.212472426156,1,4.84805247635204,870,1,6.63600015640259,34.8880004882812,0.0317730009555817,0,130.388107299805,-88.6626,25.9392,29.9022338251094,63,63,63,63,61,63,0,8044,1.17624339389221,26,-89,0.001869,51,2023-06-06 16:53:23.001794,870,1.037,0.0011,"aoml_navis",1031.34197172764
"7901009",1,0,1,0.029904,1,0.007476,1,135.243153930622,1,4.84798677412911,872,1,6.61399984359741,34.8899993896484,0.0299040004611015,0,130.417694091797,-88.6626,25.9392,29.9022338251094,63,63,63,63,61,63,0,8044,1.17624339389221,26,-89,0.001869,51,2023-06-06 16:53:23.001794,872,1.037,0.0011,"aoml_navis",1031.35594896465
"7901009",1,0,1,0.029904,1,0.007476,1,135.254673340241,1,4.84793121420012,874,1,6.60599994659424,34.8919982910156,0.0299040004611015,0,130.428802490234,-88.6626,25.9392,29.9022338251094,63,63,63,63,61,63,0,8044,1.17624339389221,26,-89,0.001869,51,2023-06-06 16:53:23.001794,874,1.037,0.0011,"aoml_navis",1031.36776886488
"7901009",1,0,1,0.031773,1,0.009345,1,135.367177464404,1,4.84788373379342,876,1,6.59899997711182,34.8919982910156,0.0317730009555817,0,130.537292480469,-88.6626,25.9392,29.9022338251094,63,63,63,63,61,63,0,8044,1.17624339389221,26,-89,0.001869,51,2023-06-06 16:53:23.001794,876,1.037,0.0011,"aoml_navis",1031.37787013047
"7901009",1,0,1,0.026166,1,0.003738,1,135.530300532759,1,4.8478340114407,878,1,6.5939998626709,34.8930015563965,0.0261659994721413,0,130.694595336914,-88.6626,25.9392,29.9022338251094,63,63,63,63,61,63,0,8044,1.17624339389221,26,-89,0.001869,51,2023-06-06 16:53:23.001794,878,1.037,0.0011,"aoml_navis",1031.38844857316
"7901009",1,0,1,0.028035,1,0.005607,1,135.747666095857,1,4.84778581226678,880,1,6.58599996566772,34.8930015563965,0.0280349999666214,0,130.904205322266,-88.6626,25.9392,29.9022338251094,63,63,63,63,61,63,0,8044,1.17624339389221,26,-89,0.001869,51,2023-06-06 16:53:23.001794,880,1.037,0.0011,"aoml_navis",1031.39870316631
"7901009",1,0,1,0.029904,1,0.007476,1,135.993735242814,1,4.84773183410876,882,1,6.57000017166138,34.8930015563965,0.0299040004611015,0,131.141494750977,-88.6626,25.9392,29.9022338251094,63,63,63,63,61,63,0,8044,1.17624339389221,26,-89,0.001869,51,2023-06-06 16:53:23.001794,882,1.037,0.0011,"aoml_navis",1031.41018750663
"7901009",1,0,1,0.028035,1,0.005607,1,136.24790595258,1,4.84767425555207,884,1,6.54899978637695,34.8930015563965,0.0280349999666214,0,131.386596679688,-88.6626,25.9392,29.9022338251094,63,63,63,63,61,63,0,8044,1.17624339389221,26,-89,0.001869,51,2023-06-06 16:53:23.001794,884,1.037,0.0011,"aoml_navis",1031.42243814618
"7901009",1,0,1,0.026166,1,0.003738,1,136.571557057452,1,4.84761813554317,886,1,6.53000020980835,34.8930015563965,0.0261659994721413,0,131.698699951172,-88.6626,25.9392,29.9022338251094,63,63,63,63,61,63,0,8044,1.17624339389221,26,-89,0.001869,51,2023-06-06 16:53:23.001794,886,1.037,0.0011,"aoml_navis",1031.43437873944
"7901009",1,0,1,0.033642,1,0.011214,1,136.870318009397,1,4.84756274838362,888,1,6.51200008392334,34.8930015563965,0.0336420014500618,0,131.986801147461,-88.6626,25.9392,29.9022338251094,63,63,63,63,61,63,0,8044,1.17624339389221,26,-89,0.001869,51,2023-06-06 16:53:23.001794,888,1.037,0.0011,"aoml_navis",1031.44616367621
"7901009",1,0,1,0.029904,1,0.007476,1,137.109757166477,1,4.84751817143756,890,1,6.50899982452393,34.8930015563965,0.0299040004611015,0,132.217697143555,-88.6626,25.9392,29.9022338251094,63,63,63,63,61,63,0,8044,1.17624339389221,26,-89,0.001869,51,2023-06-06 16:53:23.001794,890,1.037,0.0011,"aoml_navis",1031.45564867831
"7901009",1,0,1,0.028035,1,0.005607,1,137.537937419622,1,4.84746567594636,892,1,6.49499988555908,34.8930015563965,0.0280349999666214,0,132.630599975586,-88.6626,25.9392,29.9022338251094,63,63,63,63,61,63,0,8044,1.17624339389221,26,-89,0.001869,51,2023-06-06 16:53:23.001794,892,1.037,0.0011,"aoml_navis",1031.46681879782
"7901009",1,0,1,0.031773,1,0.009345,1,137.982083447911,1,4.84740384067733,894,1,6.46799993515015,34.8930015563965,0.0317730009555817,0,133.058898925781,-88.6626,25.9392,29.9022338251094,63,63,63,63,61,63,0,8044,1.17624339389221,26,-89,0.001869,51,2023-06-06 16:53:23.001794,894,1.037,0.0011,"aoml_navis",1031.47997656852
"7901009",1,0,1,0.026166,1,0.003738,1,138.256365654416,1,4.84735649242669,896,1,6.45599985122681,34.8919982910156,0.0261659994721413,0,133.323394775391,-88.6626,25.9392,29.9022338251094,63,63,63,63,61,63,0,8044,1.17624339389221,26,-89,0.001869,51,2023-06-06 16:53:23.001794,896,1.037,0.0011,"aoml_navis",1031.49005191011
"7901009",1,0,1,0.029904,1,0.007476,1,138.571931019844,1,4.84729756531627,898,1,6.43300008773804,34.8919982910156,0.0299040004611015,0,133.627700805664,-88.6626,25.9392,29.9022338251094,63,63,63,63,61,63,0,8044,1.17624339389221,26,-89,0.001869,51,2023-06-06 16:53:23.001794,898,1.037,0.0011,"aoml_navis",1031.50259141843
"7901009",1,0,1,0.024297,1,0.001869,1,138.769058499285,1,4.84722627617447,900,1,6.40299987792969,34.8940010070801,0.0242970008403063,0,133.817794799805,-88.6626,25.9392,29.9022338251094,63,63,63,63,61,63,0,8044,1.17624339389221,26,-89,0.001869,51,2023-06-06 16:53:23.001794,900,1.037,0.0011,"aoml_navis",1031.51776193665
"7901009",1,0,1,0.028035,1,0.005607,1,139.000633444029,1,4.84717955853605,902,1,6.39699983596802,34.8940010070801,0.0280349999666214,0,134.041107177734,-88.6626,25.9392,29.9022338251094,63,63,63,63,61,63,0,8044,1.17624339389221,26,-89,0.001869,51,2023-06-06 16:53:23.001794,902,1.037,0.0011,"aoml_navis",1031.52770381589
"7901009",1,0,1,0.029904,1,0.007476,1,139.262162018455,1,4.84713499080411,904,1,6.39400005340576,34.8940010070801,0.0299040004611015,0,134.293304443359,-88.6626,25.9392,29.9022338251094,63,63,63,63,61,63,0,8044,1.17624339389221,26,-89,0.001869,51,2023-06-06 16:53:23.001794,904,1.037,0.0011,"aoml_navis",1031.53718835681
"7901009",1,0,1,0.029904,1,0.007476,1,139.538833553054,1,4.84708827687326,906,1,6.38800001144409,34.8940010070801,0.0299040004611015,0,134.560104370117,-88.6626,25.9392,29.9022338251094,63,63,63,63,61,63,0,8044,1.17624339389221,26,-89,0.001869,51,2023-06-06 16:53:23.001794,906,1.037,0.0011,"aoml_navis",1031.54712982149
"7901009",1,0,1,0.029904,1,0.007476,1,139.893688333432,1,4.84704595741603,908,1,6.38299989700317,34.8930015563965,0.0299040004611015,0,134.902297973633,-88.6626,25.9392,29.9022338251094,63,63,63,63,61,63,0,8044,1.17624339389221,26,-89,0.001869,51,2023-06-06 16:53:23.001794,908,1.037,0.0011,"aoml_navis",1031.55613623798
"7901009",1,0,1,0.029904,1,0.007476,1,140.287025537152,1,4.84700067907171,910,1,6.37900018692017,34.8930015563965,0.0299040004611015,0,135.281600952148,-88.6626,25.9392,29.9022338251094,63,63,63,63,61,63,0,8044,1.17624339389221,26,-89,0.001869,51,2023-06-06 16:53:23.001794,910,1.037,0.0011,"aoml_navis",1031.56577253824
"7901009",1,0,1,0.028035,1,0.005607,1,140.851777252414,1,4.84695551435137,912,1,6.36999988555908,34.8919982910156,0.0280349999666214,0,135.826202392578,-88.6626,25.9392,29.9022338251094,63,63,63,63,61,63,0,8044,1.17624339389221,26,-89,0.001869,51,2023-06-06 16:53:23.001794,912,1.037,0.0011,"aoml_navis",1031.575384836
"7901009",1,0,1,0.028035,1,0.005607,1,141.314800554983,1,4.84689093802211,914,1,6.33900022506714,34.8919982910156,0.0280349999666214,0,136.272705078125,-88.6626,25.9392,29.9022338251094,63,63,63,63,61,63,0,8044,1.17624339389221,26,-89,0.001869,51,2023-06-06 16:53:23.001794,914,1.037,0.0011,"aoml_navis",1031.58912877053
"7901009",1,0,1,0.031773,1,0.009345,1,141.68345330952,1,4.84683709784197,916,1,6.32299995422363,34.8919982910156,0.0317730009555817,0,136.628204345703,-88.6626,25.9392,29.9022338251094,63,63,63,63,61,63,0,8044,1.17624339389221,26,-89,0.001869,51,2023-06-06 16:53:23.001794,916,1.037,0.0011,"aoml_navis",1031.60058798473
"7901009",1,0,1,0.031773,1,0.009345,1,141.971834134116,1,4.84678540611955,918,1,6.30999994277954,34.8919982910156,0.0317730009555817,0,136.906295776367,-88.6626,25.9392,29.9022338251094,63,63,63,63,61,63,0,8044,1.17624339389221,26,-89,0.001869,51,2023-06-06 16:53:23.001794,918,1.037,0.0011,"aoml_navis",1031.61159016593
"7901009",1,0,1,0.028035,1,0.005607,1,142.330533992155,1,4.84673597185534,920,1,6.29500007629395,34.890998840332,0.0280349999666214,0,137.252197265625,-88.6626,25.9392,29.9022338251094,63,63,63,63,61,63,0,8044,1.17624339389221,26,-89,0.001869,51,2023-06-06 16:53:23.001794,920,1.037,0.0011,"aoml_navis",1031.62211208423
"7901009",1,0,1,0.029904,1,0.007476,1,142.582948308422,1,4.84668856663722,922,1,6.28800010681152,34.890998840332,0.0299040004611015,0,137.49560546875,-88.6626,25.9392,29.9022338251094,63,63,63,63,61,63,0,8044,1.17624339389221,26,-89,0.001869,51,2023-06-06 16:53:23.001794,922,1.037,0.0011,"aoml_navis",1031.63220232844
"7901009",1,0,1,0.028035,1,0.005607,1,142.919558749115,1,4.84664484038116,924,1,6.2810001373291,34.8899993896484,0.0280349999666214,0,137.820205688477,-88.6626,25.9392,29.9022338251094,63,63,63,63,61,63,0,8044,1.17624339389221,26,-89,0.001869,51,2023-06-06 16:53:23.001794,924,1.037,0.0011,"aoml_navis",1031.64150967719
"7901009",1,0,1,0.029904,1,0.007476,1,143.374385548686,1,4.84659020276716,926,1,6.26900005340576,34.890998840332,0.0299040004611015,0,138.258804321289,-88.6626,25.9392,29.9022338251094,63,63,63,63,61,63,0,8044,1.17624339389221,26,-89,0.001869,51,2023-06-06 16:53:23.001794,926,1.037,0.0011,"aoml_navis",1031.65313979821
"7901009",1,0,1,0.028035,1,0.005607,1,143.846428169226,1,4.84654078944445,928,1,6.25400018692017,34.8899993896484,0.0280349999666214,0,138.714004516602,-88.6626,25.9392,29.9022338251094,63,63,63,63,61,63,0,8044,1.17624339389221,26,-89,0.001869,51,2023-06-06 16:53:23.001794,928,1.037,0.0011,"aoml_navis",1031.66365810637
"7901009",1,0,1,0.028035,1,0.005607,1,144.419882735162,1,4.84648557491789,930,1,6.23600006103516,34.8899993896484,0.0280349999666214,0,139.266998291016,-88.6626,25.9392,29.9022338251094,63,63,63,63,61,63,0,8044,1.17624339389221,26,-89,0.001869,51,2023-06-06 16:53:23.001794,930,1.037,0.0011,"aoml_navis",1031.67541153462
"7901009",1,0,1,0.029904,1,0.007476,1,145.053181267003,1,4.84640670203763,932,1,6.19500017166138,34.8919982910156,0.0299040004611015,0,139.877700805664,-88.6626,25.9392,29.9022338251094,63,63,63,63,61,63,0,8044,1.17624339389221,26,-89,0.001869,51,2023-06-06 16:53:23.001794,932,1.037,0.0011,"aoml_navis",1031.69220154342
"7901009",1,0,1,0.029904,1,0.007476,1,145.696638399085,1,4.84634373973448,934,1,6.16599988937378,34.8919982910156,0.0299040004611015,0,140.498199462891,-88.6626,25.9392,29.9022338251094,63,63,63,63,61,63,0,8044,1.17624339389221,26,-89,0.001869,51,2023-06-06 16:53:23.001794,934,1.037,0.0011,"aoml_navis",1031.7056049916
"7901009",1,0,1,0.031773,1,0.009345,1,146.279950921329,1,4.8462778255624,936,1,6.13800001144409,34.8930015563965,0.0317730009555817,0,141.060699462891,-88.6626,25.9392,29.9022338251094,63,63,63,63,61,63,0,8044,1.17624339389221,26,-89,0.001869,51,2023-06-06 16:53:23.001794,936,1.037,0.0011,"aoml_navis",1031.71963720833
"7901009",1,0,1,0.031773,1,0.009345,1,146.661673775241,1,4.8462255112157,938,1,6.12400007247925,34.8930015563965,0.0317730009555817,0,141.428802490234,-88.6626,25.9392,29.9022338251094,63,63,63,63,61,63,0,8044,1.17624339389221,26,-89,0.001869,51,2023-06-06 16:53:23.001794,938,1.037,0.0011,"aoml_navis",1031.73077448179
"7901009",1,0,1,0.029904,1,0.007476,1,147.121991282419,1,4.84616615161652,940,1,6.09999990463257,34.8930015563965,0.0299040004611015,0,141.872695922852,-88.6626,25.9392,29.9022338251094,63,63,63,63,61,63,0,8044,1.17624339389221,26,-89,0.001869,51,2023-06-06 16:53:23.001794,940,1.037,0.0011,"aoml_navis",1031.74341191999
"7901009",1,0,1,0.026166,1,0.003738,1,147.429771552335,1,4.8461101783876,942,1,6.08599996566772,34.8940010070801,0.0261659994721413,0,142.169494628906,-88.6626,25.9392,29.9022338251094,63,63,63,63,61,63,0,8044,1.17624339389221,26,-89,0.001869,51,2023-06-06 16:53:23.001794,942,1.037,0.0011,"aoml_navis",1031.75532869614
"7901009",1,0,1,0.029904,1,0.007476,1,147.72283609293,1,4.8460522594091,944,1,6.06400012969971,34.8940010070801,0.0299040004611015,0,142.452102661133,-88.6626,25.9392,29.9022338251094,63,63,63,63,61,63,0,8044,1.17624339389221,26,-89,0.001869,51,2023-06-06 16:53:23.001794,944,1.037,0.0011,"aoml_navis",1031.76766001481
"7901009",1,0,1,0.028035,1,0.005607,1,147.714956057229,1,4.84600560723679,946,1,6.05800008773804,34.8940010070801,0.0280349999666214,0,142.44450378418,-88.6626,25.9392,29.9022338251094,63,63,63,63,61,63,0,8044,1.17624339389221,26,-89,0.001869,51,2023-06-06 16:53:23.001794,946,1.037,0.0011,"aoml_navis",1031.77759277316
"7901009",1,0,1,0.028035,1,0.005607,1,147.629810530911,1,4.84596177100576,948,1,6.05600023269653,34.8940010070801,0.0280349999666214,0,142.362396240234,-88.6626,25.9392,29.9022338251094,63,63,63,63,61,63,0,8044,1.17624339389221,26,-89,0.001869,51,2023-06-06 16:53:23.001794,948,1.037,0.0011,"aoml_navis",1031.78692616105
"7901009",1,0,1,0.031773,1,0.009345,1,147.510043482276,1,4.84591793639544,950,1,6.05399990081787,34.8940010070801,0.0317730009555817,0,142.24690246582,-88.6626,25.9392,29.9022338251094,63,63,63,63,61,63,0,8044,1.17624339389221,26,-89,0.001869,51,2023-06-06 16:53:23.001794,950,1.037,0.0011,"aoml_navis",1031.79625937272
"7901009",1,0,1,0.029904,1,0.007476,1,147.423869437242,1,4.84587199288866,952,1,6.04899978637695,34.8940010070801,0.0299040004611015,0,142.163803100586,-88.6626,25.9392,29.9022338251094,63,63,63,63,61,63,0,8044,1.17624339389221,26,-89,0.001869,51,2023-06-06 16:53:23.001794,952,1.037,0.0011,"aoml_navis",1031.80604178929
"7901009",1,0,1,0.029904,1,0.007476,1,147.472605401014,1,4.84581252962128,954,1,6.03000020980835,34.8950004577637,0.0299040004611015,0,142.210800170898,-88.6626,25.9392,29.9022338251094,63,63,63,63,61,63,0,8044,1.17624339389221,26,-89,0.001869,51,2023-06-06 16:53:23.001794,954,1.037,0.0011,"aoml_navis",1031.81870314549
"7901009",1,0,1,0.029904,1,0.007476,1,147.745020450465,1,4.845755171829,956.099975585938,1,6.01700019836426,34.8959999084473,0.0299040004611015,0,142.473495483398,-88.6626,25.9392,29.9022338251094,63,63,63,63,61,63,0,8044,1.17624339389221,26,-89,0.001869,51,2023-06-06 16:53:23.001794,956.099975585938,1.037,0.0011,"aoml_navis",1031.83091648289
"7901009",1,0,1,0.029904,1,0.007476,1,148.293489923285,1,4.8457027633418,958,1,6.00500011444092,34.8969993591309,0.0299040004611015,0,143.002395629883,-88.6626,25.9392,29.9022338251094,63,63,63,63,61,63,0,8044,1.17624339389221,26,-89,0.001869,51,2023-06-06 16:53:23.001794,958,1.037,0.0011,"aoml_navis",1031.84207620522
"7901009",1,0,1,0.028035,1,0.005607,1,149.021253943348,1,4.84563929482888,960,1,5.97499990463257,34.8969993591309,0.0280349999666214,0,143.704193115234,-88.6626,25.9392,29.9022338251094,63,63,63,63,61,63,0,8044,1.17624339389221,26,-89,0.001869,51,2023-06-06 16:53:23.001794,960,1.037,0.0011,"aoml_navis",1031.85559134289
"7901009",1,0,1,0.029904,1,0.007476,1,149.587777875474,1,4.84558916064706,962,1,5.96400022506714,34.8969993591309,0.0299040004611015,0,144.250503540039,-88.6626,25.9392,29.9022338251094,63,63,63,63,61,63,0,8044,1.17624339389221,26,-89,0.001869,51,2023-06-06 16:53:23.001794,962,1.037,0.0011,"aoml_navis",1031.86626728633
"7901009",1,0,1,0.029904,1,0.007476,1,150.089679185507,1,4.84553693028017,964,1,5.94999980926514,34.8969993591309,0.0299040004611015,0,144.734497070312,-88.6626,25.9392,29.9022338251094,63,63,63,63,61,63,0,8044,1.17624339389221,26,-89,0.001869,51,2023-06-06 16:53:23.001794,964,1.037,0.0011,"aoml_navis",1031.87738984189
"7901009",1,0,1,0.029904,1,0.007476,1,150.613574972698,1,4.84547841456138,966,1,5.92700004577637,34.8969993591309,0.0299040004611015,0,145.239700317383,-88.6626,25.9392,29.9022338251094,63,63,63,63,61,63,0,8044,1.17624339389221,26,-89,0.001869,51,2023-06-06 16:53:23.001794,966,1.037,0.0011,"aoml_navis",1031.88985115985
"7901009",1,0,1,0.029904,1,0.007476,1,150.927573825004,1,4.84542550419988,968,1,5.91200017929077,34.8969993591309,0.0299040004611015,0,145.542495727539,-88.6626,25.9392,29.9022338251094,63,63,63,63,61,63,0,8044,1.17624339389221,26,-89,0.001869,51,2023-06-06 16:53:23.001794,968,1.037,0.0011,"aoml_navis",1031.90111903818
"7901009",1,0,1,0.031773,1,0.009345,1,151.115476282731,1,4.8453712058153,970,1,5.89499998092651,34.8969993591309,0.0317730009555817,0,145.723693847656,-88.6626,25.9392,29.9022338251094,63,63,63,63,61,63,0,8044,1.17624339389221,26,-89,0.001869,51,2023-06-06 16:53:23.001794,970,1.037,0.0011,"aoml_navis",1031.91268276806
"7901009",1,0,1,0.029904,1,0.007476,1,151.14867370221,1,4.84531184602261,972,1,5.87599992752075,34.8979988098145,0.0299040004611015,0,145.755706787109,-88.6626,25.9392,29.9022338251094,63,63,63,63,61,63,0,8044,1.17624339389221,26,-89,0.001869,51,2023-06-06 16:53:23.001794,972,1.037,0.0011,"aoml_navis",1031.9253247042
"7901009",1,0,1,0.033642,1,0.011214,1,151.270197144344,1,4.84525737433636,974,1,5.86399984359741,34.898998260498,0.0336420014500618,0,145.872894287109,-88.6626,25.9392,29.9022338251094,63,63,63,63,61,63,0,8044,1.17624339389221,26,-89,0.001869,51,2023-06-06 16:53:23.001794,974,1.037,0.0011,"aoml_navis",1031.93692588618
"7901009",1,0,1,0.029904,1,0.007476,1,151.658249344201,1,4.84520080525422,976,1,5.84899997711182,34.9000015258789,0.0299040004611015,0,146.247100830078,-88.6626,25.9392,29.9022338251094,63,63,63,63,61,63,0,8044,1.17624339389221,26,-89,0.001869,51,2023-06-06 16:53:23.001794,976,1.037,0.0011,"aoml_navis",1031.94897404003
"7901009",1,0,1,0.028035,1,0.005607,1,152.045367965531,1,4.84515489343345,978,1,5.8439998626709,34.9000015258789,0.0280349999666214,0,146.620407104492,-88.6626,25.9392,29.9022338251094,63,63,63,63,61,63,0,8044,1.17624339389221,26,-89,0.001869,51,2023-06-06 16:53:23.001794,978,1.037,0.0011,"aoml_navis",1031.95875260384
"7901009",1,0,1,0.028035,1,0.005607,1,156.367156139984,1,4.844584685494,1000.20001220703,1,5.7221999168396,34.9039993286133,0.0280349999666214,0,150.787994384766,-88.6626,25.9392,29.9022338251094,63,63,63,63,61,63,0,8044,1.17624339389221,26,-89,0.001869,51,2023-06-06 16:53:23.001794,1000.20001220703,1.037,0.0011,"aoml_navis",1032.08021421761
"7901009",1,0,1,0.028035,1,0.005607,1,163.473302712242,1,4.84334878606459,1049.80004882812,1,5.4871997833252,34.9099998474121,0.0280349999666214,0,157.640594482422,-88.6626,25.9392,29.9022338251094,63,63,63,63,61,63,0,8044,1.17624339389221,26,-89,0.001869,51,2023-06-06 16:53:23.001794,1049.80004882812,1.037,0.0011,"aoml_navis",1032.3435748394
"7901009",1,0,1,0.029904,1,0.007476,1,169.468617424513,1,4.84212709172969,1099.69995117188,1,5.27950000762939,34.9160003662109,0.0299040004611015,0,163.421997070312,-88.6626,25.9392,29.9022338251094,63,63,63,63,61,63,0,8044,1.17624339389221,26,-89,0.001869,51,2023-06-06 16:53:23.001794,1099.69995117188,1.037,0.0011,"aoml_navis",1032.60404059612
"7901009",1,0,1,0.026166,1,0.003738,1,164.239549155647,4,4.8408833155398,1150.40002441406,1,5.0725998878479,34.923999786377,0.0261659994721413,0,158.379501342773,-88.6626,25.9392,29.9022338251094,63,63,63,63,61,63,0,8044,1.17624339389221,26,-89,0.001869,51,2023-06-06 16:53:23.001794,1150.40002441406,1.037,0.0011,"aoml_navis",1032.86934926719
"7901009",2,0.0206875262705125,5,0.033642,1,0.011214,1,195.726554804405,1,4.88901438241625,2.20000004768372,1,29.4909992218018,36.0559997558594,0.0336420014500618,0.020558999851346,188.74299621582,-89.4289,26.8419,9.93412270012542,63,63,63,63,61,63,0.022428,7816,1.08413155380343,27,-89,0.001869,51,2023-06-16 22:15:36.002382,2.20000004768372,1.037,0.0011,"aoml_navis",1022.70102088121
"7901009",2,0.0206875262705125,5,0.039249,1,0.016821,1,195.791367326832,1,4.88893390138043,4,1,29.4640007019043,36.0559997558594,0.0392489992082119,0.0261659994721413,188.80549621582,-89.4289,26.8419,9.93412270012542,63,63,63,63,61,63,0.022428,7816,1.08413155380343,27,-89,0.001869,51,2023-06-16 22:15:36.002382,4,1.037,0.0011,"aoml_navis",1022.71785646114
"7901009",2,0.0206875262705125,5,0.042987,1,0.020559,1,195.841970463239,1,4.88879721953381,6,1,29.4069995880127,36.056999206543,0.0429870001971722,0.0299040004611015,188.854293823242,-89.4289,26.8419,9.93412270012542,63,63,63,63,61,63,0.022428,7816,1.08413155380343,27,-89,0.001869,51,2023-06-16 22:15:36.002382,6,1.037,0.0011,"aoml_navis",1022.74644978562
"7901009",2,0.0206875262705125,5,0.044856,1,0.022428,1,195.7339284947,1,4.88866388414726,8,1,29.3519992828369,36.0579986572266,0.0448560006916523,0.0317730009555817,188.750106811523,-89.4289,26.8419,9.93412270012542,63,63,63,63,61,63,0.022428,7816,1.08413155380343,27,-89,0.001869,51,2023-06-16 22:15:36.002382,8,1.037,0.0011,"aoml_navis",1022.77434458396
"7901009",2,0.0224114867930552,1,0.046725,1,0.024297,1,196.021486592863,1,4.88826938297879,10,1,29.1459999084473,36.0639991760254,0.0467250011861324,0.0336420014500618,189.027404785156,-89.4289,26.8419,9.93412270012542,63,63,63,63,61,63,0.024297,7816,1.08413155380343,27,-89,0.001869,51,2023-06-16 22:15:36.002382,10,1.037,0.0011,"aoml_navis",1022.85688620399
"7901009",2,0.0258594078381406,1,0.050463,1,0.028035,1,196.317541840573,1,4.88803820855816,12,1,29.0319995880127,36.0660018920898,0.0504629984498024,0.0373799987137318,189.312896728516,-89.4289,26.8419,9.93412270012542,63,63,63,63,61,63,0.028035,7816,1.08413155380343,27,-89,0.001869,51,2023-06-16 22:15:36.002382,12,1.037,0.0011,"aoml_navis",1022.90526110165
"7901009",2,0.029307328883226,1,0.054201,1,0.031773,1,196.474446374848,1,4.88793560721169,14,1,28.9890003204346,36.0639991760254,0.0542009994387627,0.041117999702692,189.464202880859,-89.4289,26.8419,9.93412270012542,63,63,63,63,61,63,0.031773,7816,1.08413155380343,27,-89,0.001869,51,2023-06-16 22:15:36.002382,14,1.037,0.0011,"aoml_navis",1022.92673263186
"7901009",2,0.029307328883226,1,0.054201,1,0.031773,1,196.91868748011,1,4.88786105512236,16,1,28.9589996337891,36.060001373291,0.0542009994387627,0.041117999702692,189.892593383789,-89.4289,26.8419,9.93412270012542,63,63,63,63,61,63,0.031773,7816,1.08413155380343,27,-89,0.001869,51,2023-06-16 22:15:36.002382,16,1.037,0.0011,"aoml_navis",1022.94233481946
"7901009",2,0.0310312894057687,1,0.05607,1,0.033642,1,197.586940030686,1,4.88778485287247,18,1,28.9099998474121,36.0480003356934,0.0560699999332428,0.0429870001971722,190.537002563477,-89.4289,26.8419,9.93412270012542,63,63,63,63,61,63,0.033642,7816,1.08413155380343,27,-89,0.001869,51,2023-06-16 22:15:36.002382,18,1.037,0.0011,"aoml_navis",1022.95828284291
"7901009",2,0.0327552499283114,1,0.057939,1,0.035511,1,198.13249817235,1,4.88771234885678,20,1,28.8700008392334,36.0390014648438,0.0579390004277229,0.0448560006916523,191.063095092773,-89.4289,26.8419,9.93412270012542,63,63,63,63,61,63,0.035511,7816,1.08413155380343,27,-89,0.001869,51,2023-06-16 22:15:36.002382,20,1.037,0.0011,"aoml_navis",1022.97345734134
"7901009",2,0.0344792104508541,1,0.059808,1,0.03738,1,198.799184209322,1,4.88761036034116,22,1,28.8159999847412,36.0320014953613,0.0598080009222031,0.0467250011861324,191.705993652344,-89.4289,26.8419,9.93412270012542,63,63,63,63,61,63,0.03738,7816,1.08413155380343,27,-89,0.001869,51,2023-06-16 22:15:36.002382,22,1.037,0.0011,"aoml_navis",1022.9948034669
"7901009",2,0.0344792104508541,1,0.059808,1,0.03738,1,199.329298742127,1,4.88749811018051,24,1,28.7600002288818,36.0270004272461,0.0598080009222031,0.0467250011861324,192.217193603516,-89.4289,26.8419,9.93412270012542,63,63,63,63,61,63,0.03738,7816,1.08413155380343,27,-89,0.001869,51,2023-06-16 22:15:36.002382,24,1.037,0.0011,"aoml_navis",1023.01829837748
"7901009",2,0.0448229735861103,1,0.071022,1,0.048594,1,199.899557163944,1,4.88728559775063,26,1,28.6590003967285,36.0299987792969,0.0710219964385033,0.0579390004277229,192.767105102539,-89.4289,26.8419,9.93412270012542,63,63,63,63,61,63,0.048594,7816,1.08413155380343,27,-89,0.001869,51,2023-06-16 22:15:36.002382,26,1.037,0.0011,"aoml_navis",1023.06278198705
"7901009",2,0.0499948551537385,1,0.076629,1,0.054201,1,199.965303265186,1,4.88712303146892,28,1,28.5960006713867,36.0359992980957,0.0766289979219437,0.0635460019111633,192.830505371094,-89.4289,26.8419,9.93412270012542,63,63,63,63,61,63,0.054201,7816,1.08413155380343,27,-89,0.001869,51,2023-06-16 22:15:36.002382,28,1.037,0.0011,"aoml_navis",1023.0968133612
"7901009",2,0.058614657766452,1,0.085974,1,0.063546,1,200.147082136682,1,4.8869248622171,30,1,28.5149993896484,36.0439987182617,0.0859740003943443,0.0728909969329834,193.005798339844,-89.4289,26.8419,9.93412270012542,63,63,63,63,61,63,0.063546,7816,1.08413155380343,27,-89,0.001869,51,2023-06-16 22:15:36.002382,30,1.037,0.0011,"aoml_navis",1023.13830086833
"7901009",2,0.0603386182889947,1,0.087843,1,0.065415,1,200.140547084982,1,4.88684353522842,32,1,28.4939994812012,36.0460014343262,0.0878430008888245,0.0747599974274635,192.999496459961,-89.4289,26.8419,9.93412270012542,63,63,63,63,61,63,0.065415,7816,1.08413155380343,27,-89,0.001869,51,2023-06-16 22:15:36.002382,32,1.037,0.0011,"aoml_navis",1023.15532796494
"7901009",2,0.0672344603791655,1,0.095319,1,0.072891,1,200.098029690509,1,4.88673675333423,34.0999984741211,1,28.4650001525879,36.0509986877441,0.095319002866745,0.0822359994053841,192.95849609375,-89.4289,26.8419,9.93412270012542,63,63,63,63,61,63,0.072891,7816,1.08413155380343,27,-89,0.001869,51,2023-06-16 22:15:36.002382,34.0999984741211,1.037,0.0011,"aoml_navis",1023.17768531085
"7901009",2,0.0810261445595072,1,0.110271,1,0.087843,1,200.037679358346,1,4.88656386750102,36,1,28.4029998779297,36.0610008239746,0.110270999372005,0.0971880033612251,192.900299072266,-89.4289,26.8419,9.93412270012542,63,63,63,63,61,63,0.087843,7816,1.08413155380343,27,-89,0.001869,51,2023-06-16 22:15:36.002382,36,1.037,0.0011,"aoml_navis",1023.2138851706
"7901009",2,0.0758542629918791,1,0.104664,1,0.082236,1,200.077601720183,1,4.88635705724506,38,1,28.3229999542236,36.0719985961914,0.104663997888565,0.0915810018777847,192.93879699707,-89.4289,26.8419,9.93412270012542,63,63,63,63,61,63,0.082236,7816,1.08413155380343,27,-89,0.001869,51,2023-06-16 22:15:36.002382,38,1.037,0.0011,"aoml_navis",1023.2571916918
"7901009",2,0.0741303024693363,4,0.102795,1,0.080367,1,200.302736624748,1,4.88618172678588,40,1,28.2560005187988,36.0800018310547,0.102794997394085,0.0897120013833046,193.155899047852,-89.4289,26.8419,9.93412270012542,63,63,63,63,61,63,0.080367,7816,1.08413155380343,27,-89,0.001869,51,2023-06-16 22:15:36.002382,40,1.037,0.0011,"aoml_navis",1023.2939091459
"7901009",2,0.0810261445595072,1,0.110271,1,0.087843,1,200.392439307766,1,4.88604412568226,42,1,28.2059993743896,36.0849990844727,0.110270999372005,0.0971880033612251,193.242401123047,-89.4289,26.8419,9.93412270012542,63,63,63,63,61,63,0.087843,7816,1.08413155380343,27,-89,0.001869,51,2023-06-16 22:15:36.002382,42,1.037,0.0011,"aoml_navis",1023.32272721786
"7901009",2,0.0844740656045926,1,0.114009,1,0.091581,1,200.498218534433,1,4.88590099654086,44,1,28.1569995880127,36.0919990539551,0.114009000360966,0.100925996899605,193.34440612793,-89.4289,26.8419,9.93412270012542,63,63,63,63,61,63,0.091581,7816,1.08413155380343,27,-89,0.001869,51,2023-06-16 22:15:36.002382,44,1.037,0.0011,"aoml_navis",1023.35270476007
"7901009",2,0.0948178287398488,1,0.125223,1,0.102795,1,200.403847957344,1,4.88576196041778,46.2000007629395,1,28.1200008392334,36.1020011901855,0.125222995877266,0.112139999866486,193.253402709961,-89.4289,26.8419,9.93412270012542,63,63,63,63,61,63,0.102795,7816,1.08413155380343,27,-89,0.001869,51,2023-06-16 22:15:36.002382,46.2000007629395,1.037,0.0011,"aoml_navis",1023.38182672585
"7901009",2,0.0965417892623915,1,0.127092,1,0.104664,1,200.16917156083,1,4.88567784400372,48,1,28.0990009307861,36.1059989929199,0.127092003822327,0.114009000360966,193.027099609375,-89.4289,26.8419,9.93412270012542,63,63,63,63,61,63,0.104664,7816,1.08413155380343,27,-89,0.001869,51,2023-06-16 22:15:36.002382,48,1.037,0.0011,"aoml_navis",1023.39944622763
"7901009",2,0.0999897103074769,1,0.13083,1,0.108402,1,199.657823544529,1,4.88550574625967,49.9000015258789,1,28.0370006561279,36.1160011291504,0.130830004811287,0.117747001349926,192.533996582031,-89.4289,26.8419,9.93412270012542,63,63,63,63,61,63,0.108402,7816,1.08413155380343,27,-89,0.001869,51,2023-06-16 22:15:36.002382,49.9000015258789,1.037,0.0011,"aoml_navis",1023.43549668895
"7901009",2,0.115505355010361,1,0.147651,1,0.125223,1,198.246774548564,1,4.8847406313056,52.2000007629395,1,27.7870006561279,36.2070007324219,0.147651001811028,0.134568005800247,191.173294067383,-89.4289,26.8419,9.93412270012542,63,63,63,63,61,63,0.125223,7816,1.08413155380343,27,-89,0.001869,51,2023-06-16 22:15:36.002382,52.2000007629395,1.037,0.0011,"aoml_navis",1023.59580116818
"7901009",2,0.12757307866816,1,0.160734,1,0.138306,1,198.814643641552,1,4.88392126753725,53.9000015258789,1,27.5459995269775,36.3209991455078,0.160733997821808,0.147651001811028,191.720901489258,-89.4289,26.8419,9.93412270012542,63,63,63,63,61,63,0.138306,7816,1.08413155380343,27,-89,0.001869,51,2023-06-16 22:15:36.002382,53.9000015258789,1.037,0.0011,"aoml_navis",1023.76752738303
"7901009",2,0.129297039190703,1,0.162603,1,0.140175,1,197.972397317389,1,4.88359536833765,56,1,27.3680000305176,36.3230018615723,0.162603005766869,0.149519994854927,190.908706665039,-89.4289,26.8419,9.93412270012542,63,63,63,63,61,63,0.140175,7816,1.08413155380343,27,-89,0.001869,51,2023-06-16 22:15:36.002382,56,1.037,0.0011,"aoml_navis",1023.83584692889
"7901009",2,0.134468920758331,1,0.16821,1,0.145782,1,194.378039765625,1,4.88331987542636,58,1,27.1879997253418,36.3110008239746,0.168209999799728,0.155127003788948,187.442596435547,-89.4289,26.8419,9.93412270012542,63,63,63,63,61,63,0.145782,7816,1.08413155380343,27,-89,0.001869,51,2023-06-16 22:15:36.002382,58,1.037,0.0011,"aoml_navis",1023.89360671636
"7901009",2,0.163776249641557,1,0.199983,1,0.177555,1,191.57461334998,1,4.88292112219271,60.0999984741211,1,26.9680004119873,36.3160018920898,0.19998300075531,0.18690000474453,184.739196777344,-89.4289,26.8419,9.93412270012542,63,63,63,63,61,63,0.177555,7816,1.08413155380343,27,-89,0.001869,51,2023-06-16 22:15:36.002382,60.0999984741211,1.037,0.0011,"aoml_navis",1023.97722078187
"7901009",2,0.174120012776813,1,0.211197,1,0.188769,1,189.923808655816,1,4.88263513504721,61.9000015258789,1,26.8050003051758,36.3160018920898,0.211197003722191,0.198113992810249,183.14729309082,-89.4289,26.8419,9.93412270012542,63,63,63,63,61,63,0.188769,7816,1.08413155380343,27,-89,0.001869,51,2023-06-16 22:15:36.002382,61.9000015258789,1.037,0.0011,"aoml_navis",1024.03719747772
"7901009",2,0.244802394201064,1,0.287826,1,0.265398,1,190.299930154376,1,4.88225289081359,64,1,26.738000869751,36.3819999694824,0.287826001644135,0.274742990732193,183.509994506836,-89.4289,26.8419,9.93412270012542,63,63,63,63,61,63,0.265398,7816,1.08413155380343,27,-89,0.001869,51,2023-06-16 22:15:36.002382,64,1.037,0.0011,"aoml_navis",1024.11737200422
"7901009",2,0.282729525697004,1,0.328944,1,0.306516,1,191.363276423822,1,4.88205958961199,66,1,26.7369995117188,36.423999786377,0.328943997621536,0.315860986709595,184.535400390625,-89.4289,26.8419,9.93412270012542,63,63,63,63,61,63,0.306516,7816,1.08413155380343,27,-89,0.001869,51,2023-06-16 22:15:36.002382,66,1.037,0.0011,"aoml_navis",1024.15792110341
"7901009",2,0.331000420328199,1,0.381276,1,0.358848,1,193.419744847838,1,4.88177233969105,68,1,26.738000869751,36.4930000305176,0.38127601146698,0.368193000555038,186.518493652344,-89.4289,26.8419,9.93412270012542,63,63,63,63,61,63,0.358848,7816,1.08413155380343,27,-89,0.001869,51,2023-06-16 22:15:36.002382,68,1.037,0.0011,"aoml_navis",1024.21818390581
"7901009",2,0.413750525410249,1,0.470988,1,0.44856,1,193.352859463976,1,4.88121715851417,70.1999969482422,1,26.6790008544922,36.6100006103516,0.470988005399704,0.457904994487762,186.453994750977,-89.4289,26.8419,9.93412270012542,63,63,63,63,61,63,0.44856,7816,1.08413155380343,27,-89,0.001869,51,2023-06-16 22:15:36.002382,70.1999969482422,1.037,0.0011,"aoml_navis",1024.33467670633
"7901009",2,0.589594498709605,1,0.661626,1,0.639198,1,189.763913504661,1,4.88086782765957,71.9000015258789,1,26.5240001678467,36.6319999694824,0.661625981330872,0.648543000221252,182.993103027344,-89.4289,26.8419,9.93412270012542,63,63,63,63,61,63,0.639198,7816,1.08413155380343,27,-89,0.001869,51,2023-06-16 22:15:36.002382,71.9000015258789,1.037,0.0011,"aoml_navis",1024.40798983847
"7901009",2,0.77750619566676,1,0.865347,1,0.842919,1,181.649895209241,1,4.880328346798,74,1,26.2859992980957,36.6699981689453,0.865347027778625,0.852263987064362,175.168594360352,-89.4289,26.8419,9.93412270012542,63,63,63,63,61,63,0.842919,7816,1.08413155380343,27,-89,0.001869,51,2023-06-16 22:15:36.002382,74,1.037,0.0011,"aoml_navis",1024.52122986367
"7901009",2,0.693032130062168,1,0.773766,1,0.751338,1,177.073207041065,1,4.87997074193011,76,1,26.1089992523193,36.6839981079102,0.773765981197357,0.760683000087738,170.75520324707,-89.4289,26.8419,9.93412270012542,63,63,63,63,61,63,0.751338,7816,1.08413155380343,27,-89,0.001869,51,2023-06-16 22:15:36.002382,76,1.037,0.0011,"aoml_navis",1024.59630690786
"7901009",2,0.63096955125063,4,0.706482,1,0.684054,1,175.992344301324,1,4.87980811070724,78,1,26.0590000152588,36.6969985961914,0.706481993198395,0.693399012088776,169.712905883789,-89.4289,26.8419,9.93412270012542,63,63,63,63,61,63,0.684054,7816,1.08413155380343,27,-89,0.001869,51,2023-06-16 22:15:36.002382,78,1.037,0.0011,"aoml_navis",1024.63045401909
"7901009",2,0.639589353863344,1,0.715827,1,0.693399,1,175.023463549186,1,4.87967851537131,80,1,26.0189990997314,36.7050018310547,0.715826988220215,0.702744007110596,168.778594970703,-89.4289,26.8419,9.93412270012542,63,63,63,63,61,63,0.693399,7816,1.08413155380343,27,-89,0.001869,51,2023-06-16 22:15:36.002382,80,1.037,0.0011,"aoml_navis",1024.65766632979
"7901009",2,0.537875683033324,1,0.605556,1,0.583128,1,174.106973974234,1,4.87956577446405,82,1,25.9829998016357,36.7099990844727,0.605556011199951,0.592472970485687,167.894805908203,-89.4289,26.8419,9.93412270012542,63,63,63,63,61,63,0.583128,7816,1.08413155380343,27,-89,0.001869,51,2023-06-16 22:15:36.002382,82,1.037,0.0011,"aoml_navis",1024.6813407386
"7901009",2,0.532703801465696,1,0.599949,1,0.577521,1,173.486428883404,1,4.87940515295711,84,1,25.9389991760254,36.7249984741211,0.59994900226593,0.586866021156311,167.296401977539,-89.4289,26.8419,9.93412270012542,63,63,63,63,61,63,0.577521,7816,1.08413155380343,27,-89,0.001869,51,2023-06-16 22:15:36.002382,84,1.037,0.0011,"aoml_navis",1024.71507146108
"7901009",2,0.493052709447214,1,0.556962,1,0.534534,1,172.732524432462,1,4.87924757603492,86,1,25.8969993591309,36.7400016784668,0.556962013244629,0.543878972530365,166.569396972656,-89.4289,26.8419,9.93412270012542,63,63,63,63,61,63,0.534534,7816,1.08413155380343,27,-89,0.001869,51,2023-06-16 22:15:36.002382,86,1.037,0.0011,"aoml_navis",1024.7481649749
"7901009",2,0.451677656906189,1,0.512106,1,0.489678,1,171.721664280421,1,4.87906408534306,88,1,25.8400001525879,36.7560005187988,0.512106001377106,0.499022990465164,165.594604492188,-89.4289,26.8419,9.93412270012542,63,63,63,63,61,63,0.489678,7816,1.08413155380343,27,-89,0.001869,51,2023-06-16 22:15:36.002382,88,1.037,0.0011,"aoml_navis",1024.7867034623
"7901009",2,0.398234880707365,1,0.454167,1,0.431739,1,170.423847318267,1,4.87869046774677,90.0999984741211,1,25.7169990539551,36.7970008850098,0.454167008399963,0.441083997488022,164.34309387207,-89.4289,26.8419,9.93412270012542,63,63,63,63,61,63,0.431739,7816,1.08413155380343,27,-89,0.001869,51,2023-06-16 22:15:36.002382,90.0999984741211,1.037,0.0011,"aoml_navis",1024.86518319931
"7901009",2,0.393062999139737,1,0.44856,1,0.426132,1,169.859000488898,1,4.8784513672576,92,1,25.6499996185303,36.8250007629395,0.448559999465942,0.435476988554001,163.798400878906,-89.4289,26.8419,9.93412270012542,63,63,63,63,61,63,0.426132,7816,1.08413155380343,27,-89,0.001869,51,2023-06-16 22:15:36.002382,92,1.037,0.0011,"aoml_navis",1024.91541343595
"7901009",2,0.39478695966228,1,0.450429,1,0.428001,1,169.213770941284,1,4.87832470471156,94,1,25.6140003204346,36.8339996337891,0.450428992509842,0.437346011400223,163.176193237305,-89.4289,26.8419,9.93412270012542,63,63,63,63,61,63,0.428001,7816,1.08413155380343,27,-89,0.001869,51,2023-06-16 22:15:36.002382,94,1.037,0.0011,"aoml_navis",1024.94202470182
"7901009",2,0.39478695966228,1,0.450429,1,0.428001,1,168.065500646479,1,4.87808120584851,96,1,25.5209999084473,36.8520011901855,0.450428992509842,0.437346011400223,162.068893432617,-89.4289,26.8419,9.93412270012542,63,63,63,63,61,63,0.428001,7816,1.08413155380343,27,-89,0.001869,51,2023-06-16 22:15:36.002382,96,1.037,0.0011,"aoml_navis",1024.99318666637
"7901009",2,0.351687946598712,1,0.403704,1,0.381276,1,166.891422435639,1,4.87783673692068,98,1,25.431999206543,36.8720016479492,0.403703987598419,0.3906210064888,160.936706542969,-89.4289,26.8419,9.93412270012542,63,63,63,63,61,63,0.381276,7816,1.08413155380343,27,-89,0.001869,51,2023-06-16 22:15:36.002382,98,1.037,0.0011,"aoml_navis",1025.04455759141
"7901009",2,0.33789626241837,1,0.388752,1,0.366324,1,165.61590060144,1,4.87756812753326,100,1,25.3239994049072,36.890998840332,0.388752013444901,0.375669002532959,159.706695556641,-89.4289,26.8419,9.93412270012542,63,63,63,63,61,63,0.366324,7816,1.08413155380343,27,-89,0.001869,51,2023-06-16 22:15:36.002382,100,1.037,0.0011,"aoml_navis",1025.1010071547
"7901009",2,0.286177446742089,1,0.332682,1,0.310254,1,163.787984929851,1,4.87726168827607,102,1,25.1900005340576,36.9099998474121,0.332682013511658,0.319599002599716,157.944000244141,-89.4289,26.8419,9.93412270012542,63,63,63,63,61,63,0.310254,7816,1.08413155380343,27,-89,0.001869,51,2023-06-16 22:15:36.002382,102,1.037,0.0011,"aoml_navis",1025.16541444126
"7901009",2,0.246526354723607,1,0.289695,1,0.267267,1,162.716869385866,1,4.87694283615808,104,1,25.0520000457764,36.9309997558594,0.289694994688034,0.276612013578415,156.911102294922,-89.4289,26.8419,9.93412270012542,63,63,63,63,61,63,0.267267,7816,1.08413155380343,27,-89,0.001869,51,2023-06-16 22:15:36.002382,104,1.037,0.0011,"aoml_navis",1025.23243925058
"7901009",2,0.24825031524615,1,0.291564,1,0.269136,1,161.839874941768,1,4.87672366420731,106,1,24.9669990539551,36.9459991455078,0.291563987731934,0.278481006622314,156.065399169922,-89.4289,26.8419,9.93412270012542,63,63,63,63,61,63,0.269136,7816,1.08413155380343,27,-89,0.001869,51,2023-06-16 22:15:36.002382,106,1.037,0.0011,"aoml_navis",1025.27851571691
"7901009",2,0.215495065317838,4,0.256053,1,0.233625,1,161.109927072602,1,4.87655472924234,108,1,24.8990001678467,36.9539985656738,0.256053000688553,0.242970004677773,155.36149597168,-89.4289,26.8419,9.93412270012542,63,63,63,63,61,63,0.233625,7816,1.08413155380343,27,-89,0.001869,51,2023-06-16 22:15:36.002382,108,1.037,0.0011,"aoml_navis",1025.31403370035
"7901009",2,0.239630512633436,1,0.282219,1,0.259791,1,160.4171166522,1,4.87637807216455,110,1,24.8330001831055,36.9650001525879,0.282218992710114,0.269136011600494,154.693405151367,-89.4289,26.8419,9.93412270012542,63,63,63,63,61,63,0.259791,7816,1.08413155380343,27,-89,0.001869,51,2023-06-16 22:15:36.002382,110,1.037,0.0011,"aoml_navis",1025.35117786316
"7901009",2,0.239630512633436,1,0.282219,1,0.259791,1,159.932620894337,1,4.87622040897416,112,1,24.7749996185303,36.9739990234375,0.282218992710114,0.269136011600494,154.226196289062,-89.4289,26.8419,9.93412270012542,63,63,63,63,61,63,0.259791,7816,1.08413155380343,27,-89,0.001869,51,2023-06-16 22:15:36.002382,112,1.037,0.0011,"aoml_navis",1025.38433061763
"7901009",2,0.218942986362924,1,0.259791,1,0.237363,1,159.543650819553,1,4.87600534167634,114,1,24.6650009155273,36.9780006408691,0.259790986776352,0.246708005666733,153.851104736328,-89.4289,26.8419,9.93412270012542,63,63,63,63,61,63,0.237363,7816,1.08413155380343,27,-89,0.001869,51,2023-06-16 22:15:36.002382,114,1.037,0.0011,"aoml_navis",1025.42955752403
"7901009",2,0.215495065317838,1,0.256053,1,0.233625,1,159.7158881991,1,4.87571456639622,116,1,24.4549999237061,36.9630012512207,0.256053000688553,0.242970004677773,154.017196655273,-89.4289,26.8419,9.93412270012542,63,63,63,63,61,63,0.233625,7816,1.08413155380343,27,-89,0.001869,51,2023-06-16 22:15:36.002382,116,1.037,0.0011,"aoml_navis",1025.49071154829
"7901009",2,0.196531499569868,4,0.235494,1,0.213066,1,159.546862963609,1,4.87559514123806,118,1,24.4130001068115,36.9679985046387,0.235494002699852,0.222411006689072,153.854202270508,-89.4289,26.8419,9.93412270012542,63,63,63,63,61,63,0.213066,7816,1.08413155380343,27,-89,0.001869,51,2023-06-16 22:15:36.002382,118,1.037,0.0011,"aoml_navis",1025.51583040801
"7901009",2,0.201703381137497,1,0.241101,1,0.218673,1,159.124489755319,1,4.87551035099333,120,1,24.3999996185303,36.9749984741211,0.241100996732712,0.228018000721931,153.446899414062,-89.4289,26.8419,9.93412270012542,63,63,63,63,61,63,0.218673,7816,1.08413155380343,27,-89,0.001869,51,2023-06-16 22:15:36.002382,120,1.037,0.0011,"aoml_navis",1025.53366520518
"7901009",2,0.153432486506301,1,0.188769,1,0.166341,1,158.396409043781,1,4.87525643761965,122,1,24.3169994354248,37.0009994506836,0.188768997788429,0.175686001777649,152.74479675293,-89.4289,26.8419,9.93412270012542,63,63,63,63,61,63,0.166341,7816,1.08413155380343,27,-89,0.001869,51,2023-06-16 22:15:36.002382,122,1.037,0.0011,"aoml_navis",1025.58707710589
"7901009",2,0.12757307866816,1,0.160734,1,0.138306,1,156.986499330437,1,4.87491387326296,124,1,24.1669998168945,37.0250015258789,0.160733997821808,0.147651001811028,151.385192871094,-89.4289,26.8419,9.93412270012542,63,63,63,63,61,63,0.138306,7816,1.08413155380343,27,-89,0.001869,51,2023-06-16 22:15:36.002382,124,1.037,0.0011,"aoml_navis",1025.65914598473
"7901009",2,0.105161591875105,1,0.136437,1,0.114009,1,156.004675061856,1,4.87457699900679,126,1,23.9750003814697,37.0309982299805,0.136436998844147,0.123354002833366,150.438400268555,-89.4289,26.8419,9.93412270012542,63,63,63,63,61,63,0.114009,7816,1.08413155380343,27,-89,0.001869,51,2023-06-16 22:15:36.002382,126,1.037,0.0011,"aoml_navis",1025.73002765548
"7901009",2,0.0930938682173061,1,0.123354,1,0.100926,1,155.184201694446,1,4.87433924325734,128,1,23.8239994049072,37.0260009765625,0.123354002833366,0.110270999372005,149.647201538086,-89.4289,26.8419,9.93412270012542,63,63,63,63,61,63,0.100926,7816,1.08413155380343,27,-89,0.001869,51,2023-06-16 22:15:36.002382,128,1.037,0.0011,"aoml_navis",1025.78005971096
"7901009",2,0.0620625788115374,1,0.089712,1,0.067284,1,153.980343901768,1,4.87412834151138,130,1,23.6989994049072,37.023998260498,0.0897120013833046,0.0766289979219437,148.486297607422,-89.4289,26.8419,9.93412270012542,63,63,63,63,61,63,0.067284,7816,1.08413155380343,27,-89,0.001869,51,2023-06-16 22:15:36.002382,130,1.037,0.0011,"aoml_navis",1025.82444483799
"7901009",2,0.0448229735861103,1,0.071022,1,0.048594,1,153.083965829748,1,4.8739568828973,132,1,23.5990009307861,37.0209999084473,0.0710219964385033,0.0579390004277229,147.62190246582,-89.4289,26.8419,9.93412270012542,63,63,63,63,61,63,0.048594,7816,1.08413155380343,27,-89,0.001869,51,2023-06-16 22:15:36.002382,132,1.037,0.0011,"aoml_navis",1025.86053182887
"7901009",2,0.0275833683606833,1,0.052332,1,0.029904,1,152.882882447177,1,4.87358488056175,134,1,23.3740005493164,37.0250015258789,0.0523319989442825,0.0392489992082119,147.427993774414,-89.4289,26.8419,9.93412270012542,63,63,63,63,61,63,0.029904,7816,1.08413155380343,27,-89,0.001869,51,2023-06-16 22:15:36.002382,134,1.037,0.0011,"aoml_navis",1025.93883610039
"7901009",2,0.0206875262705125,1,0.044856,1,0.022428,1,152.799936343035,1,4.87341261844803,136,1,23.2880001068115,37.0279998779297,0.0448560006916523,0.0317730009555817,147.348007202148,-89.4289,26.8419,9.93412270012542,63,63,63,63,61,63,0.022428,7816,1.08413155380343,27,-89,0.001869,51,2023-06-16 22:15:36.002382,136,1.037,0.0011,"aoml_navis",1025.97510029682
"7901009",2,0.0137916841803416,1,0.03738,1,0.014952,1,152.456062871992,1,4.87320733093141,138,1,23.1730003356934,37.0289993286133,0.0373799987137318,0.0242970008403063,147.016403198242,-89.4289,26.8419,9.93412270012542,63,63,63,63,61,63,0.014952,7816,1.08413155380343,27,-89,0.001869,51,2023-06-16 22:15:36.002382,138,1.037,0.0011,"aoml_navis",1026.01832026801
"7901009",2,0.0103437631352562,1,0.033642,1,0.011214,1,151.68079687191,1,4.87301774735436,140,1,23.0559997558594,37.0250015258789,0.0336420014500618,0.020558999851346,146.268798828125,-89.4289,26.8419,9.93412270012542,63,63,63,63,61,63,0.011214,7816,1.08413155380343,27,-89,0.001869,51,2023-06-16 22:15:36.002382,140,1.037,0.0011,"aoml_navis",1026.05823726265
"7901009",2,0.0120677236577989,1,0.035511,1,0.013083,1,151.111582792494,1,4.87264599141254,142,1,22.7940006256104,37.015998840332,0.0355109982192516,0.0224280003458261,145.71989440918,-89.4289,26.8419,9.93412270012542,63,63,63,63,61,63,0.013083,7816,1.08413155380343,27,-89,0.001869,51,2023-06-16 22:15:36.002382,142,1.037,0.0011,"aoml_navis",1026.13651983171
"7901009",2,0.0155156447028843,1,0.039249,1,0.016821,1,150.572448938942,1,4.87244124334946,144,1,22.6149997711182,36.9930000305176,0.0392489992082119,0.0261659994721413,145.199996948242,-89.4289,26.8419,9.93412270012542,63,63,63,63,61,63,0.016821,7816,1.08413155380343,27,-89,0.001869,51,2023-06-16 22:15:36.002382,144,1.037,0.0011,"aoml_navis",1026.17963979035
"7901009",2,0.0155156447028843,1,0.039249,1,0.016821,1,150.250158544214,1,4.8722320265861,146,1,22.4449996948242,36.9749984741211,0.0392489992082119,0.0261659994721413,144.889205932617,-89.4289,26.8419,9.93412270012542,63,63,63,63,61,63,0.016821,7816,1.08413155380343,27,-89,0.001869,51,2023-06-16 22:15:36.002382,146,1.037,0.0011,"aoml_navis",1026.22370460124
"7901009",2,0.0137916841803416,1,0.03738,1,0.014952,1,150.436399605975,1,4.87205685978303,148,1,22.3229999542236,36.9659996032715,0.0373799987137318,0.0242970008403063,145.068801879883,-89.4289,26.8419,9.93412270012542,63,63,63,63,61,63,0.014952,7816,1.08413155380343,27,-89,0.001869,51,2023-06-16 22:15:36.002382,148,1.037,0.0011,"aoml_navis",1026.26060078918
"7901009",2,0.0137916841803416,1,0.03738,1,0.014952,1,150.463156924194,1,4.87197362056162,150,1,22.2919998168945,36.9659996032715,0.0373799987137318,0.0242970008403063,145.094604492188,-89.4289,26.8419,9.93412270012542,63,63,63,63,61,63,0.014952,7816,1.08413155380343,27,-89,0.001869,51,2023-06-16 22:15:36.002382,150,1.037,0.0011,"aoml_navis",1026.27813477849
"7901009",2,0.0137916841803416,1,0.03738,1,0.014952,1,150.765541519797,1,4.87184783069036,152,1,22.2350006103516,36.9679985046387,0.0373799987137318,0.0242970008403063,145.386199951172,-89.4289,26.8419,9.93412270012542,63,63,63,63,61,63,0.014952,7816,1.08413155380343,27,-89,0.001869,51,2023-06-16 22:15:36.002382,152,1.037,0.0011,"aoml_navis",1026.30463301878
"7901009",2,0.0103437631352562,1,0.033642,1,0.011214,1,150.885830776509,1,4.87171357703132,154,1,22.1770000457764,36.9720001220703,0.0336420014500618,0.020558999851346,145.502197265625,-89.4289,26.8419,9.93412270012542,63,63,63,63,61,63,0.011214,7816,1.08413155380343,27,-89,0.001869,51,2023-06-16 22:15:36.002382,154,1.037,0.0011,"aoml_navis",1026.33291570619
"7901009",2,0.00172396052254271,1,0.024297,1,0.001869,1,150.762123671935,1,4.87159840690495,156,1,22.125,36.9729995727539,0.0242970008403063,0.0112140001729131,145.382904052734,-89.4289,26.8419,9.93412270012542,63,63,63,63,61,63,0.001869,7816,1.08413155380343,27,-89,0.001869,51,2023-06-16 22:15:36.002382,156,1.037,0.0011,"aoml_navis",1026.35717938348
"7901009",2,-0.00172396052254271,1,0.020559,1,-0.001869,1,150.330414675502,1,4.87141025502666,158,1,22.0109996795654,36.9710006713867,0.020558999851346,0.00747600011527538,144.966598510742,-89.4289,26.8419,9.93412270012542,63,63,63,63,61,63,-0.001869,7816,1.08413155380343,27,-89,0.001869,51,2023-06-16 22:15:36.002382,158,1.037,0.0011,"aoml_navis",1026.39682109316
"7901009",2,-0.00344792104508541,1,0.01869,1,-0.003738,1,149.616337646178,1,4.87124871284558,160,1,21.9029998779297,36.9640007019043,0.0186899993568659,0.00560700008645654,144.27799987793,-89.4289,26.8419,9.93412270012542,63,63,63,63,61,63,-0.003738,7816,1.08413155380343,27,-89,0.001869,51,2023-06-16 22:15:36.002382,160,1.037,0.0011,"aoml_navis",1026.4308588504
"7901009",2,-0.00172396052254271,1,0.020559,1,-0.001869,1,148.967278843089,1,4.87109490291764,162,1,21.7870006561279,36.9519996643066,0.020558999851346,0.00747600011527538,143.652099609375,-89.4289,26.8419,9.93412270012542,63,63,63,63,61,63,-0.001869,7816,1.08413155380343,27,-89,0.001869,51,2023-06-16 22:15:36.002382,162,1.037,0.0011,"aoml_navis",1026.46326948078
"7901009",2,-0.00172396052254271,1,0.020559,1,-0.001869,1,148.516803330152,1,4.87100757229367,164,1,21.7310009002686,36.9440002441406,0.020558999851346,0.00747600011527538,143.217697143555,-89.4289,26.8419,9.93412270012542,63,63,63,63,61,63,-0.001869,7816,1.08413155380343,27,-89,0.001869,51,2023-06-16 22:15:36.002382,164,1.037,0.0011,"aoml_navis",1026.48167258865
"7901009",2,0,1,0.022428,1,0,1,147.860908831338,1,4.87088544239834,166,1,21.6569995880127,36.9389991760254,0.0224280003458261,0.00934499967843294,142.585205078125,-89.4289,26.8419,9.93412270012542,63,63,63,63,61,63,0,7816,1.08413155380343,27,-89,0.001869,51,2023-06-16 22:15:36.002382,166,1.037,0.0011,"aoml_navis",1026.50741002402
"7901009",2,0,1,0.022428,1,0,1,147.145376051999,1,4.87071270819878,168,1,21.5259990692139,36.9269981384277,0.0224280003458261,0.00934499967843294,141.895202636719,-89.4289,26.8419,9.93412270012542,63,63,63,63,61,63,0,7816,1.08413155380343,27,-89,0.001869,51,2023-06-16 22:15:36.002382,168,1.037,0.0011,"aoml_navis",1026.54381392349
"7901009",2,-0.00344792104508541,1,0.01869,1,-0.003738,1,146.539356814584,1,4.87055546727032,170,1,21.378999710083,36.9049987792969,0.0186899993568659,0.00560700008645654,141.310806274414,-89.4289,26.8419,9.93412270012542,63,63,63,63,61,63,-0.003738,7816,1.08413155380343,27,-89,0.001869,51,2023-06-16 22:15:36.002382,170,1.037,0.0011,"aoml_navis",1026.57695484623
"7901009",2,0.00689584209017082,1,0.029904,1,0.007476,1,146.021473746583,1,4.87045679689986,172,1,21.2919998168945,36.8889999389648,0.0299040004611015,0.0168210007250309,140.811401367188,-89.4289,26.8419,9.93412270012542,63,63,63,63,61,63,0.007476,7816,1.08413155380343,27,-89,0.001869,51,2023-06-16 22:15:36.002382,172,1.037,0.0011,"aoml_navis",1026.59775222369
"7901009",2,0.00861980261271353,1,0.031773,1,0.009345,1,145.559288940044,1,4.87031748979491,174,1,21.173999786377,36.8730010986328,0.0317730009555817,0.0186899993568659,140.365707397461,-89.4289,26.8419,9.93412270012542,63,63,63,63,61,63,0.009345,7816,1.08413155380343,27,-89,0.001869,51,2023-06-16 22:15:36.002382,174,1.037,0.0011,"aoml_navis",1026.62711629721
"7901009",2,0.00172396052254271,1,0.024297,1,0.001869,1,145.214893297799,1,4.87017280328103,176,1,21.0459995269775,36.8549995422363,0.0242970008403063,0.0112140001729131,140.033599853516,-89.4289,26.8419,9.93412270012542,63,63,63,63,61,63,0.001869,7816,1.08413155380343,27,-89,0.001869,51,2023-06-16 22:15:36.002382,176,1.037,0.0011,"aoml_navis",1026.65761605656
"7901009",2,0,1,0.022428,1,0,1,144.934075955142,1,4.86995783363242,178,1,20.8500003814697,36.8320007324219,0.0224280003458261,0.00934499967843294,139.762802124023,-89.4289,26.8419,9.93412270012542,63,63,63,63,61,63,0,7816,1.08413155380343,27,-89,0.001869,51,2023-06-16 22:15:36.002382,178,1.037,0.0011,"aoml_navis",1026.70293477071
"7901009",2,0,1,0.022428,1,0,1,144.728641145895,1,4.86973009664069,180,1,20.6429996490479,36.8089981079102,0.0224280003458261,0.00934499967843294,139.564697265625,-89.4289,26.8419,9.93412270012542,63,63,63,63,61,63,0,7816,1.08413155380343,27,-89,0.001869,51,2023-06-16 22:15:36.002382,180,1.037,0.0011,"aoml_navis",1026.75094939023
"7901009",2,-0.00344792104508541,1,0.01869,1,-0.003738,1,145.093559698684,1,4.86946277539596,182,1,20.3899993896484,36.7809982299805,0.0186899993568659,0.00560700008645654,139.916595458984,-89.4289,26.8419,9.93412270012542,63,63,63,63,61,63,-0.003738,7816,1.08413155380343,27,-89,0.001869,51,2023-06-16 22:15:36.002382,182,1.037,0.0011,"aoml_navis",1026.80731543192
"7901009",2,0.00172396052254271,1,0.024297,1,0.001869,1,145.099066231351,1,4.86937174545775,184,1,20.326000213623,36.7719993591309,0.0242970008403063,0.0112140001729131,139.921905517578,-89.4289,26.8419,9.93412270012542,63,63,63,63,61,63,0.001869,7816,1.08413155380343,27,-89,0.001869,51,2023-06-16 22:15:36.002382,184,1.037,0.0011,"aoml_navis",1026.82651096912
"7901009",2,0.00172396052254271,1,0.024297,1,0.001869,1,145.098749763956,1,4.86931675928339,186,1,20.3040008544922,36.7680015563965,0.0242970008403063,0.0112140001729131,139.921600341797,-89.4289,26.8419,9.93412270012542,63,63,63,63,61,63,0.001869,7816,1.08413155380343,27,-89,0.001869,51,2023-06-16 22:15:36.002382,186,1.037,0.0011,"aoml_navis",1026.8381062841
"7901009",2,-0.00517188156762812,1,0.016821,1,-0.005607,1,145.361322761311,1,4.86921824867425,188,1,20.2339992523193,36.7589988708496,0.0168210007250309,0.00373800005763769,140.1748046875,-89.4289,26.8419,9.93412270012542,63,63,63,63,61,63,-0.005607,7816,1.08413155380343,27,-89,0.001869,51,2023-06-16 22:15:36.002382,188,1.037,0.0011,"aoml_navis",1026.85888055261
"7901009",2,-0.00172396052254271,1,0.020559,1,-0.001869,1,145.977611365682,1,4.86906614028334,190,1,20.1049995422363,36.7439994812012,0.020558999851346,0.00747600011527538,140.769104003906,-89.4289,26.8419,9.93412270012542,63,63,63,63,61,63,-0.001869,7816,1.08413155380343,27,-89,0.001869,51,2023-06-16 22:15:36.002382,190,1.037,0.0011,"aoml_navis",1026.89095936352
"7901009",2,-0.00344792104508541,1,0.01869,1,-0.003738,1,146.490510072217,1,4.86891575397381,192,1,19.9740009307861,36.7280006408691,0.0186899993568659,0.00560700008645654,141.263702392578,-89.4289,26.8419,9.93412270012542,63,63,63,63,61,63,-0.003738,7816,1.08413155380343,27,-89,0.001869,51,2023-06-16 22:15:36.002382,192,1.037,0.0011,"aoml_navis",1026.9226769675
"7901009",2,-0.00517188156762812,1,0.016821,1,-0.005607,1,147.047793330853,1,4.86877256766806,194,1,19.8509998321533,36.7130012512207,0.0168210007250309,0.00373800005763769,141.80110168457,-89.4289,26.8419,9.93412270012542,63,63,63,63,61,63,-0.005607,7816,1.08413155380343,27,-89,0.001869,51,2023-06-16 22:15:36.002382,194,1.037,0.0011,"aoml_navis",1026.95287785742
"7901009",2,-0.00689584209017082,1,0.014952,1,-0.007476,1,147.50894961836,1,4.86861415138636,196,1,19.7040004730225,36.6940002441406,0.0149520002305508,0.00186900002881885,142.245803833008,-89.4289,26.8419,9.93412270012542,63,63,63,63,61,63,-0.007476,7816,1.08413155380343,27,-89,0.001869,51,2023-06-16 22:15:36.002382,196,1.037,0.0011,"aoml_navis",1026.98629312742
"7901009",2,-0.00689584209017082,1,0.014952,1,-0.007476,1,147.645726826335,1,4.86853395978122,198,1,19.6529998779297,36.6870002746582,0.0149520002305508,0.00186900002881885,142.377700805664,-89.4289,26.8419,9.93412270012542,63,63,63,63,61,63,-0.007476,7816,1.08413155380343,27,-89,0.001869,51,2023-06-16 22:15:36.002382,198,1.037,0.0011,"aoml_navis",1027.00320903681
"7901009",2,-0.00517188156762812,1,0.016821,1,-0.005607,1,147.670411283119,1,4.86846944967612,200,1,19.6229991912842,36.6829986572266,0.0168210007250309,0.00373800005763769,142.401504516602,-89.4289,26.8419,9.93412270012542,63,63,63,63,61,63,-0.005607,7816,1.08413155380343,27,-89,0.001869,51,2023-06-16 22:15:36.002382,200,1.037,0.0011,"aoml_navis",1027.0168174379
"7901009",2,-0.00344792104508541,1,0.01869,1,-0.003738,1,147.663971171637,1,4.8684192808527,202,1,19.613000869751,36.681999206543,0.0186899993568659,0.00560700008645654,142.395294189453,-89.4289,26.8419,9.93412270012542,63,63,63,63,61,63,-0.003738,7816,1.08413155380343,27,-89,0.001869,51,2023-06-16 22:15:36.002382,202,1.037,0.0011,"aoml_navis",1027.02740079615
"7901009",2,-0.00517188156762812,1,0.016821,1,-0.005607,1,147.850117293179,1,4.86837005107171,204,1,19.5979995727539,36.6790008544922,0.0168210007250309,0.00373800005763769,142.574798583984,-89.4289,26.8419,9.93412270012542,63,63,63,63,61,63,-0.005607,7816,1.08413155380343,27,-89,0.001869,51,2023-06-16 22:15:36.002382,204,1.037,0.0011,"aoml_navis",1027.03778627085
"7901009",2,-0.00517188156762812,1,0.016821,1,-0.005607,1,148.276430520534,1,4.86825572328464,206,1,19.5109996795654,36.6689987182617,0.0168210007250309,0.00373800005763769,142.985900878906,-89.4289,26.8419,9.93412270012542,63,63,63,63,61,63,-0.005607,7816,1.08413155380343,27,-89,0.001869,51,2023-06-16 22:15:36.002382,206,1.037,0.0011,"aoml_navis",1027.06190557847
"7901009",2,-0.00517188156762812,1,0.016821,1,-0.005607,1,148.75894835718,1,4.86809449483961,208,1,19.3659992218018,36.6520004272461,0.0168210007250309,0.00373800005763769,143.451202392578,-89.4289,26.8419,9.93412270012542,63,63,63,63,61,63,-0.005607,7816,1.08413155380343,27,-89,0.001869,51,2023-06-16 22:15:36.002382,208,1.037,0.0011,"aoml_navis",1027.09592126862
"7901009",2,-0.00689584209017082,1,0.014952,1,-0.007476,1,148.884221975359,1,4.86794508166264,210,1,19.2240009307861,36.632999420166,0.0149520002305508,0.00186900002881885,143.572006225586,-89.4289,26.8419,9.93412270012542,63,63,63,63,61,63,-0.007476,7816,1.08413155380343,27,-89,0.001869,51,2023-06-16 22:15:36.002382,210,1.037,0.0011,"aoml_navis",1027.12744620616
"7901009",2,-0.00689584209017082,1,0.014952,1,-0.007476,1,148.437164310284,1,4.86789584461595,212,1,19.2029991149902,36.6279983520508,0.0149520002305508,0.00186900002881885,143.140899658203,-89.4289,26.8419,9.93412270012542,63,63,63,63,61,63,-0.007476,7816,1.08413155380343,27,-89,0.001869,51,2023-06-16 22:15:36.002382,212,1.037,0.0011,"aoml_navis",1027.13783523741
"7901009",2,-0.00517188156762812,1,0.016821,1,-0.005607,1,147.79256769746,1,4.86778360378211,214,1,19.1019992828369,36.6129989624023,0.0168210007250309,0.00373800005763769,142.519302368164,-89.4289,26.8419,9.93412270012542,63,63,63,63,61,63,-0.005607,7816,1.08413155380343,27,-89,0.001869,51,2023-06-16 22:15:36.002382,214,1.037,0.0011,"aoml_navis",1027.16151887178
"7901009",2,-0.00689584209017082,1,0.014952,1,-0.007476,1,147.558824879759,1,4.86768032250499,216,1,19.0049991607666,36.5970001220703,0.0149520002305508,0.00186900002881885,142.293899536133,-89.4289,26.8419,9.93412270012542,63,63,63,63,61,63,-0.007476,7816,1.08413155380343,27,-89,0.001869,51,2023-06-16 22:15:36.002382,216,1.037,0.0011,"aoml_navis",1027.18331293928
"7901009",2,-0.00861980261271353,1,0.013083,1,-0.009345,1,147.194729142197,1,4.86761127735048,218,1,18.9589996337891,36.5890007019043,0.0130829997360706,0,141.942794799805,-89.4289,26.8419,9.93412270012542,63,63,63,63,61,63,-0.009345,7816,1.08413155380343,27,-89,0.001869,51,2023-06-16 22:15:36.002382,218,1.037,0.0011,"aoml_navis",1027.19788313121
"7901009",2,-0.00517188156762812,1,0.016821,1,-0.005607,1,146.61671726921,1,4.86754608200865,220,1,18.9190006256104,36.5820007324219,0.0168210007250309,0.00373800005763769,141.385406494141,-89.4289,26.8419,9.93412270012542,63,63,63,63,61,63,-0.005607,7816,1.08413155380343,27,-89,0.001869,51,2023-06-16 22:15:36.002382,220,1.037,0.0011,"aoml_navis",1027.21164129928
"7901009",2,-0.00344792104508541,1,0.01869,1,-0.003738,1,146.206369821916,1,4.86744478852976,222,1,18.826000213623,36.5670013427734,0.0186899993568659,0.00560700008645654,140.989700317383,-89.4289,26.8419,9.93412270012542,63,63,63,63,61,63,-0.003738,7816,1.08413155380343,27,-89,0.001869,51,2023-06-16 22:15:36.002382,222,1.037,0.0011,"aoml_navis",1027.23301798566
"7901009",2,-0.00517188156762812,1,0.016821,1,-0.005607,1,146.12900936729,1,4.86732163215498,224,1,18.7029991149902,36.5480003356934,0.0168210007250309,0.00373800005763769,140.915100097656,-89.4289,26.8419,9.93412270012542,63,63,63,63,61,63,-0.005607,7816,1.08413155380343,27,-89,0.001869,51,2023-06-16 22:15:36.002382,224,1.037,0.0011,"aoml_navis",1027.25900975364
"7901009",2,-0.00689584209017082,1,0.014952,1,-0.007476,1,145.905535916547,1,4.86726289235631,226,1,18.6650009155273,36.5400009155273,0.0149520002305508,0.00186900002881885,140.699600219727,-89.4289,26.8419,9.93412270012542,63,63,63,63,61,63,-0.007476,7816,1.08413155380343,27,-89,0.001869,51,2023-06-16 22:15:36.002382,226,1.037,0.0011,"aoml_navis",1027.27140706785
"7901009",2,-0.0103437631352562,1,0.011214,1,-0.011214,1,145.676666696725,1,4.86717728798986,228,1,18.5960006713867,36.5289993286133,0.0112140001729131,-0.00186900002881885,140.478897094727,-89.4289,26.8419,9.93412270012542,63,63,63,63,61,63,-0.011214,7816,1.08413155380343,27,-89,0.001869,51,2023-06-16 22:15:36.002382,228,1.037,0.0011,"aoml_navis",1027.28947481282
"7901009",2,-0.00517188156762812,1,0.016821,1,-0.005607,1,146.51290014039,1,4.86697881756738,230,1,18.382999420166,36.5009994506836,0.0168210007250309,0.00373800005763769,141.285293579102,-89.4289,26.8419,9.93412270012542,63,63,63,63,61,63,-0.005607,7816,1.08413155380343,27,-89,0.001869,51,2023-06-16 22:15:36.002382,230,1.037,0.0011,"aoml_navis",1027.33136662779
"7901009",2,0,1,0.013083,1,-0.009345,1,147.345304328579,1,4.86690001226556,232,1,18.3279991149902,36.4930000305176,0.0130829997360706,0,142.087997436523,-89.4289,26.8419,9.93412270012542,63,63,63,63,61,63,0,7816,1.08413155380343,27,-89,0.001869,51,2023-06-16 22:15:36.002382,232,1.037,0.0011,"aoml_navis",1027.34800127371
"7901009",2,0,1,0.014952,1,-0.007476,1,147.55105560522,1,4.86680446171672,234,1,18.2560005187988,36.484001159668,0.0149520002305508,0,142.286407470703,-89.4289,26.8419,9.93412270012542,63,63,63,63,61,63,0,7816,1.08413155380343,27,-89,0.001869,51,2023-06-16 22:15:36.002382,234,1.037,0.0011,"aoml_navis",1027.36817131878
"7901009",2,0,1,0.013083,1,-0.009345,1,147.728277346233,1,4.86674755620975,236,1,18.2250003814697,36.4780006408691,0.0130829997360706,0,142.457305908203,-89.4289,26.8419,9.93412270012542,63,63,63,63,61,63,0,7816,1.08413155380343,27,-89,0.001869,51,2023-06-16 22:15:36.002382,236,1.037,0.0011,"aoml_navis",1027.38018404514
"7901009",2,0,1,0.01869,1,-0.003738,1,147.881843149495,1,4.8666594594207,238,1,18.1650009155273,36.4710006713867,0.0186899993568659,0,142.605392456055,-89.4289,26.8419,9.93412270012542,63,63,63,63,61,63,0,7816,1.08413155380343,27,-89,0.001869,51,2023-06-16 22:15:36.002382,238,1.037,0.0011,"aoml_navis",1027.3987817909
"7901009",2,0,1,0.011214,1,-0.011214,1,147.783849020736,1,4.86655373922333,240,1,18.0690002441406,36.4570007324219,0.0112140001729131,0,142.510894775391,-89.4289,26.8419,9.93412270012542,63,63,63,63,61,63,0,7816,1.08413155380343,27,-89,0.001869,51,2023-06-16 22:15:36.002382,240,1.037,0.0011,"aoml_navis",1027.42110082976
"7901009",2,0,1,0.014952,1,-0.007476,1,148.102626627383,1,4.86648878696989,242,1,18.0219993591309,36.4480018615723,0.0149520002305508,0,142.818298339844,-89.4289,26.8419,9.93412270012542,63,63,63,63,61,63,0,7816,1.08413155380343,27,-89,0.001869,51,2023-06-16 22:15:36.002382,242,1.037,0.0011,"aoml_navis",1027.43481365612
"7901009",2,0,1,0.020559,1,-0.001869,1,149.025872781211,1,4.86639877781147,244,1,17.9599990844727,36.4410018920898,0.020558999851346,0,143.708602905273,-89.4289,26.8419,9.93412270012542,63,63,63,63,61,63,0,7816,1.08413155380343,27,-89,0.001869,51,2023-06-16 22:15:36.002382,244,1.037,0.0011,"aoml_navis",1027.4538171425
"7901009",2,0,1,0.016821,1,-0.005607,1,150.275871520031,1,4.86631477210337,246,1,17.9090003967285,36.4360008239746,0.0168210007250309,0,144.914001464844,-89.4289,26.8419,9.93412270012542,63,63,63,63,61,63,0,7816,1.08413155380343,27,-89,0.001869,51,2023-06-16 22:15:36.002382,246,1.037,0.0011,"aoml_navis",1027.47155376446
"7901009",2,0,1,0.014952,1,-0.007476,1,150.352187632255,1,4.86623567438637,248,1,17.8589992523193,36.4300003051758,0.0149520002305508,0,144.987594604492,-89.4289,26.8419,9.93412270012542,63,63,63,63,61,63,0,7816,1.08413155380343,27,-89,0.001869,51,2023-06-16 22:15:36.002382,248,1.037,0.0011,"aoml_navis",1027.48825469299
"7901009",2,0,1,0.013083,1,-0.009345,1,150.08610184682,1,4.86615092987917,250,1,17.7950000762939,36.4210014343262,0.0130829997360706,0,144.731002807617,-89.4289,26.8419,9.93412270012542,63,63,63,63,61,63,0,7816,1.08413155380343,27,-89,0.001869,51,2023-06-16 22:15:36.002382,250,1.037,0.0011,"aoml_navis",1027.50614850414
"7901009",2,0,1,0.016821,1,-0.005607,1,149.537220797512,1,4.86606465377322,252.100006103516,1,17.7159996032715,36.4070014953613,0.0168210007250309,0,144.201705932617,-89.4289,26.8419,9.93412270012542,63,63,63,63,61,63,0,7816,1.08413155380343,27,-89,0.001869,51,2023-06-16 22:15:36.002382,252.100006103516,1.037,0.0011,"aoml_navis",1027.52436635278
"7901009",2,0,1,0.014952,1,-0.007476,1,149.026394952412,1,4.86596407701399,254,1,17.6149997711182,36.390998840332,0.0149520002305508,0,143.709106445312,-89.4289,26.8419,9.93412270012542,63,63,63,63,61,63,0,7816,1.08413155380343,27,-89,0.001869,51,2023-06-16 22:15:36.002382,254,1.037,0.0011,"aoml_navis",1027.54560470744
"7901009",2,0,1,0.013083,1,-0.009345,1,148.672979989419,1,4.86583876652675,256,1,17.4820003509521,36.3709983825684,0.0130829997360706,0,143.368301391602,-89.4289,26.8419,9.93412270012542,63,63,63,63,61,63,0,7816,1.08413155380343,27,-89,0.001869,51,2023-06-16 22:15:36.002382,256,1.037,0.0011,"aoml_navis",1027.57206720374
"7901009",2,0,1,0.016821,1,-0.005607,1,148.180192785816,1,4.86576105924265,258,1,17.4169998168945,36.3600006103516,0.0168210007250309,0,142.893096923828,-89.4289,26.8419,9.93412270012542,63,63,63,63,61,63,0,7816,1.08413155380343,27,-89,0.001869,51,2023-06-16 22:15:36.002382,258,1.037,0.0011,"aoml_navis",1027.58847775773
"7901009",2,0,1,0.016821,1,-0.005607,1,147.54575477636,1,4.86568820933262,260,1,17.3560009002686,36.3489990234375,0.0168210007250309,0,142.281295776367,-89.4289,26.8419,9.93412270012542,63,63,63,63,61,63,0,7816,1.08413155380343,27,-89,0.001869,51,2023-06-16 22:15:36.002382,260,1.037,0.0011,"aoml_navis",1027.6038629869
"7901009",2,0,1,0.01869,1,-0.003738,1,146.609343578914,1,4.86561782410287,262,1,17.2970008850098,36.3380012512207,0.0186899993568659,0,141.378295898438,-89.4289,26.8419,9.93412270012542,63,63,63,63,61,63,0,7816,1.08413155380343,27,-89,0.001869,51,2023-06-16 22:15:36.002382,262,1.037,0.0011,"aoml_navis",1027.61872813591
"7901009",2,0,1,0.016821,1,-0.005607,1,146.098628497403,1,4.8655343262427,264,1,17.2110004425049,36.3219985961914,0.0168210007250309,0,140.885803222656,-89.4289,26.8419,9.93412270012542,63,63,63,63,61,63,0,7816,1.08413155380343,27,-89,0.001869,51,2023-06-16 22:15:36.002382,264,1.037,0.0011,"aoml_navis",1027.63636319079
"7901009",2,0,1,0.016821,1,-0.005607,1,146.062535391041,1,4.86542346002248,266,1,17.0979995727539,36.3050003051758,0.0168210007250309,0,140.850997924805,-89.4289,26.8419,9.93412270012542,63,63,63,63,61,63,0,7816,1.08413155380343,27,-89,0.001869,51,2023-06-16 22:15:36.002382,266,1.037,0.0011,"aoml_navis",1027.65977947928
"7901009",2,0,4,0.011214,1,-0.011214,1,146.874717312711,1,4.86532448806161,268,1,16.9979991912842,36.2890014648438,0.0112140001729131,0,141.634201049805,-89.4289,26.8419,9.93412270012542,63,63,63,63,61,63,0,7816,1.08413155380343,27,-89,0.001869,51,2023-06-16 22:15:36.002382,268,1.037,0.0011,"aoml_navis",1027.68068445771
"7901009",2,0,1,0.01869,1,-0.003738,1,147.63297319033,1,4.86525046571647,270,1,16.9540004730225,36.2840003967285,0.0186899993568659,0,142.36540222168,-89.4289,26.8419,9.93412270012542,63,63,63,63,61,63,0,7816,1.08413155380343,27,-89,0.001869,51,2023-06-16 22:15:36.002382,270,1.037,0.0011,"aoml_navis",1027.69632010378
"7901009",2,0,1,0.01869,1,-0.003738,1,148.380548293378,1,4.86517554159947,272,1,16.9060001373291,36.2779998779297,0.0186899993568659,0,143.086303710938,-89.4289,26.8419,9.93412270012542,63,63,63,63,61,63,0,7816,1.08413155380343,27,-89,0.001869,51,2023-06-16 22:15:36.002382,272,1.037,0.0011,"aoml_navis",1027.71214671449
"7901009",2,0,1,0.020559,1,-0.001869,1,148.919682146931,1,4.86510185419521,274,1,16.8589992523193,36.2719993591309,0.020558999851346,0,143.606201171875,-89.4289,26.8419,9.93412270012542,63,63,63,63,61,63,0,7816,1.08413155380343,27,-89,0.001869,51,2023-06-16 22:15:36.002382,274,1.037,0.0011,"aoml_navis",1027.7277125634
"7901009",2,0,1,0.016821,1,-0.005607,1,149.313953050575,1,4.86502921244105,276,1,16.8159999847412,36.2669982910156,0.0168210007250309,0,143.986404418945,-89.4289,26.8419,9.93412270012542,63,63,63,63,61,63,0,7816,1.08413155380343,27,-89,0.001869,51,2023-06-16 22:15:36.002382,276,1.037,0.0011,"aoml_navis",1027.743057989
"7901009",2,0,1,0.016821,1,-0.005607,1,148.973086019781,1,4.86496636020012,278,1,16.7910003662109,36.2649993896484,0.0168210007250309,0,143.657699584961,-89.4289,26.8419,9.93412270012542,63,63,63,63,61,63,0,7816,1.08413155380343,27,-89,0.001869,51,2023-06-16 22:15:36.002382,278,1.037,0.0011,"aoml_navis",1027.75633576926
"7901009",2,0,1,0.013083,1,-0.009345,1,146.921997541474,1,4.86491004389204,280,1,16.7590007781982,36.2589988708496,0.0130829997360706,0,141.679794311523,-89.4289,26.8419,9.93412270012542,63,63,63,63,61,63,0,7816,1.08413155380343,27,-89,0.001869,51,2023-06-16 22:15:36.002382,280,1.037,0.0011,"aoml_navis",1027.76823309972
"7901009",2,0,1,0.014952,1,-0.007476,1,144.76275633104,1,4.8648187424316,282,1,16.6550006866455,36.2400016784668,0.0149520002305508,0,139.597595214844,-89.4289,26.8419,9.93412270012542,63,63,63,63,61,63,0,7816,1.08413155380343,27,-89,0.001869,51,2023-06-16 22:15:36.002382,282,1.037,0.0011,"aoml_navis",1027.78752194595
"7901009",2,0,1,0.01869,1,-0.003738,1,143.58337729134,1,4.86475040949029,284,1,16.5739994049072,36.2220001220703,0.0186899993568659,0,138.460296630859,-89.4289,26.8419,9.93412270012542,63,63,63,63,61,63,0,7816,1.08413155380343,27,-89,0.001869,51,2023-06-16 22:15:36.002382,284,1.037,0.0011,"aoml_navis",1027.80195881085
"7901009",2,0,1,0.016821,1,-0.005607,1,142.939825020917,1,4.86468119525286,286,1,16.507999420166,36.2089996337891,0.0168210007250309,0,137.839706420898,-89.4289,26.8419,9.93412270012542,63,63,63,63,61,63,0,7816,1.08413155380343,27,-89,0.001869,51,2023-06-16 22:15:36.002382,286,1.037,0.0011,"aoml_navis",1027.81658228276
"7901009",2,0,1,0.016821,1,-0.005607,1,142.665226262566,1,4.86460900089621,288,1,16.4360008239746,36.1949996948242,0.0168210007250309,0,137.574905395508,-89.4289,26.8419,9.93412270012542,63,63,63,63,61,63,0,7816,1.08413155380343,27,-89,0.001869,51,2023-06-16 22:15:36.002382,288,1.037,0.0011,"aoml_navis",1027.83183583282
"7901009",2,0,1,0.016821,1,-0.005607,1,142.671967018072,1,4.86453828052397,290,1,16.3780002593994,36.185001373291,0.0168210007250309,0,137.581405639648,-89.4289,26.8419,9.93412270012542,63,63,63,63,61,63,0,7816,1.08413155380343,27,-89,0.001869,51,2023-06-16 22:15:36.002382,290,1.037,0.0011,"aoml_navis",1027.84677839177
"7901009",2,0,1,0.014952,1,-0.007476,1,142.260575228377,1,4.86444293673992,292,1,16.2980003356934,36.1749992370605,0.0149520002305508,0,137.184692382812,-89.4289,26.8419,9.93412270012542,63,63,63,63,61,63,0,7816,1.08413155380343,27,-89,0.001869,51,2023-06-16 22:15:36.002382,292,1.037,0.0011,"aoml_navis",1027.86692433706
"7901009",2,0,1,0.01869,1,-0.003738,1,141.911211048036,1,4.86437195136911,294,1,16.2329998016357,36.1629981994629,0.0186899993568659,0,136.847793579102,-89.4289,26.8419,9.93412270012542,63,63,63,63,61,63,0,7816,1.08413155380343,27,-89,0.001869,51,2023-06-16 22:15:36.002382,294,1.037,0.0011,"aoml_navis",1027.88192391265
"7901009",2,0,1,0.014952,1,-0.007476,1,141.81840698455,1,4.86430201743149,296,1,16.1849994659424,36.1559982299805,0.0149520002305508,0,136.75830078125,-89.4289,26.8419,9.93412270012542,63,63,63,63,61,63,0,7816,1.08413155380343,27,-89,0.001869,51,2023-06-16 22:15:36.002382,296,1.037,0.0011,"aoml_navis",1027.89670174307
"7901009",2,0,1,0.014952,1,-0.007476,1,141.386080876697,1,4.86424672490921,298,1,16.1499996185303,36.148998260498,0.0149520002305508,0,136.341400146484,-89.4289,26.8419,9.93412270012542,63,63,63,63,61,63,0,7816,1.08413155380343,27,-89,0.001869,51,2023-06-16 22:15:36.002382,298,1.037,0.0011,"aoml_navis",1027.90838597796
"7901009",2,0,1,0.016821,1,-0.005607,1,140.289758704727,1,4.86420070525782,300,1,16.132999420166,36.1450004577637,0.0168210007250309,0,135.284194946289,-89.4289,26.8419,9.93412270012542,63,63,63,63,61,63,0,7816,1.08413155380343,27,-89,0.001869,51,2023-06-16 22:15:36.002382,300,1.037,0.0011,"aoml_navis",1027.91811090266
"7901009",2,0,1,0.01869,1,-0.003738,1,139.100948936665,1,4.8641037012063,302,1,16.0279998779297,36.1279983520508,0.0186899993568659,0,134.137802124023,-89.4289,26.8419,9.93412270012542,63,63,63,63,61,63,0,7816,1.08413155380343,27,-89,0.001869,51,2023-06-16 22:15:36.002382,302,1.037,0.0011,"aoml_navis",1027.93861051112
"7901009",2,0,1,0.01869,1,-0.003738,1,138.749606835108,1,4.86398328649907,304,1,15.8719997406006,36.1020011901855,0.0186899993568659,0,133.79899597168,-89.4289,26.8419,9.93412270012542,63,63,63,63,61,63,0,7816,1.08413155380343,27,-89,0.001869,51,2023-06-16 22:15:36.002382,304,1.037,0.0011,"aoml_navis",1027.96405856872
"7901009",2,0,1,0.020559,1,-0.001869,1,138.277975476837,1,4.86389074223879,306,1,15.7700004577637,36.0849990844727,0.020558999851346,0,133.344192504883,-89.4289,26.8419,9.93412270012542,63,63,63,63,61,63,0,7816,1.08413155380343,27,-89,0.001869,51,2023-06-16 22:15:36.002382,306,1.037,0.0011,"aoml_navis",1027.98361743187
"7901009",2,0,1,0.014952,1,-0.007476,1,137.9539128647,1,4.86379871248817,308,1,15.6780004501343,36.0709991455078,0.0149520002305508,0,133.031692504883,-89.4289,26.8419,9.93412270012542,63,63,63,63,61,63,0,7816,1.08413155380343,27,-89,0.001869,51,2023-06-16 22:15:36.002382,308,1.037,0.0011,"aoml_navis",1028.00306829354
"7901009",2,0,1,0.014952,1,-0.007476,1,137.814129216476,1,4.86373347923337,310,1,15.6300001144409,36.0629997253418,0.0149520002305508,0,132.896896362305,-89.4289,26.8419,9.93412270012542,63,63,63,63,61,63,0,7816,1.08413155380343,27,-89,0.001869,51,2023-06-16 22:15:36.002382,310,1.037,0.0011,"aoml_navis",1028.01685605275
"7901009",2,0,1,0.01869,1,-0.003738,1,137.631622469972,1,4.86369039008703,312,1,15.6219997406006,36.0610008239746,0.0186899993568659,0,132.720901489258,-89.4289,26.8419,9.93412270012542,63,63,63,63,61,63,0,7816,1.08413155380343,27,-89,0.001869,51,2023-06-16 22:15:36.002382,312,1.037,0.0011,"aoml_navis",1028.02596361618
"7901009",2,0,1,0.01869,1,-0.003738,1,137.437802014109,1,4.86364402633246,314,1,15.6110000610352,36.0589981079102,0.0186899993568659,0,132.533996582031,-89.4289,26.8419,9.93412270012542,63,63,63,63,61,63,0,7816,1.08413155380343,27,-89,0.001869,51,2023-06-16 22:15:36.002382,314,1.037,0.0011,"aoml_navis",1028.0357634994
"7901009",2,0,1,0.016821,1,-0.005607,1,137.372467320481,1,4.86358767813818,316,1,15.5710000991821,36.0509986877441,0.0168210007250309,0,132.470993041992,-89.4289,26.8419,9.93412270012542,63,63,63,63,61,63,0,7816,1.08413155380343,27,-89,0.001869,51,2023-06-16 22:15:36.002382,316,1.037,0.0011,"aoml_navis",1028.04767404009
"7901009",2,0,1,0.016821,1,-0.005607,1,137.161336098129,1,4.86351749903161,318,1,15.5050001144409,36.0390014648438,0.0168210007250309,0,132.267395019531,-89.4289,26.8419,9.93412270012542,63,63,63,63,61,63,0,7816,1.08413155380343,27,-89,0.001869,51,2023-06-16 22:15:36.002382,318,1.037,0.0011,"aoml_navis",1028.06250846133
"7901009",2,0,1,0.01869,1,-0.003738,1,136.422163204409,1,4.86343336773478,320,1,15.4160003662109,36.023998260498,0.0186899993568659,0,131.554595947266,-89.4289,26.8419,9.93412270012542,63,63,63,63,61,63,0,7816,1.08413155380343,27,-89,0.001869,51,2023-06-16 22:15:36.002382,320,1.037,0.0011,"aoml_navis",1028.08029265318
"7901009",2,0,1,0.01869,1,-0.003738,1,135.868092089828,1,4.86333078495374,322,1,15.3030004501343,36.0069999694824,0.0186899993568659,0,131.020294189453,-89.4289,26.8419,9.93412270012542,63,63,63,63,61,63,0,7816,1.08413155380343,27,-89,0.001869,51,2023-06-16 22:15:36.002382,322,1.037,0.0011,"aoml_navis",1028.10197806596
"7901009",2,0,1,0.020559,1,-0.001869,1,135.406018046877,1,4.86328026985275,324,1,15.2779998779297,36.0019989013672,0.020558999851346,0,130.57470703125,-89.4289,26.8419,9.93412270012542,63,63,63,63,61,63,0,7816,1.08413155380343,27,-89,0.001869,51,2023-06-16 22:15:36.002382,324,1.037,0.0011,"aoml_navis",1028.11265700535
"7901009",2,0,1,0.016821,1,-0.005607,1,134.98581264024,1,4.86323688013345,326,1,15.2729997634888,36.0009994506836,0.0168210007250309,0,130.169494628906,-89.4289,26.8419,9.93412270012542,63,63,63,63,61,63,0,7816,1.08413155380343,27,-89,0.001869,51,2023-06-16 22:15:36.002382,326,1.037,0.0011,"aoml_navis",1028.12182980953
"7901009",2,0,1,0.020559,1,-0.001869,1,134.171051509304,1,4.86318490796064,328,1,15.25,35.9970016479492,0.020558999851346,0,129.383804321289,-89.4289,26.8419,9.93412270012542,63,63,63,63,61,63,0,7816,1.08413155380343,27,-89,0.001869,51,2023-06-16 22:15:36.002382,328,1.037,0.0011,"aoml_navis",1028.13281720286
"7901009",2,0,1,0.01869,1,-0.003738,1,134.321104524484,1,4.86310480558301,330,1,15.173999786377,35.9850006103516,0.0186899993568659,0,129.528503417969,-89.4289,26.8419,9.93412270012542,63,63,63,63,61,63,0,7816,1.08413155380343,27,-89,0.001869,51,2023-06-16 22:15:36.002382,330,1.037,0.0011,"aoml_navis",1028.14975203903
"7901009",2,0,4,0.014952,1,-0.007476,1,135.166673756291,1,4.86304794277443,332,1,15.1429996490479,35.9799995422363,0.0149520002305508,0,130.343902587891,-89.4289,26.8419,9.93412270012542,63,63,63,63,61,63,0,7816,1.08413155380343,27,-89,0.001869,51,2023-06-16 22:15:36.002382,332,1.037,0.0011,"aoml_navis",1028.16177402262
"7901009",2,0,1,0.020559,1,-0.001869,1,135.654682302236,1,4.86298910753889,334,1,15.1000003814697,35.9720001220703,0.020558999851346,0,130.814498901367,-89.4289,26.8419,9.93412270012542,63,63,63,63,61,63,0,7816,1.08413155380343,27,-89,0.001869,51,2023-06-16 22:15:36.002382,334,1.037,0.0011,"aoml_navis",1028.17421331434
"7901009",2,0,1,0.020559,1,-0.001869,1,135.30438454308,1,4.86291268774622,336,1,15.0270004272461,35.9599990844727,0.020558999851346,0,130.476699829102,-89.4289,26.8419,9.93412270012542,63,63,63,63,61,63,0,7816,1.08413155380343,27,-89,0.001869,51,2023-06-16 22:15:36.002382,336,1.037,0.0011,"aoml_navis",1028.190370886
"7901009",2,0,1,0.01869,1,-0.003738,1,134.906585027986,1,4.86283968440326,338,1,14.9569997787476,35.9480018615723,0.0186899993568659,0,130.09309387207,-89.4289,26.8419,9.93412270012542,63,63,63,63,61,63,0,7816,1.08413155380343,27,-89,0.001869,51,2023-06-16 22:15:36.002382,338,1.037,0.0011,"aoml_navis",1028.20580658595
"7901009",2,0,1,0.016821,1,-0.005607,1,134.29113506221,1,4.8627850131266,340,1,14.9209995269775,35.9410018920898,0.0168210007250309,0,129.499603271484,-89.4289,26.8419,9.93412270012542,63,63,63,63,61,63,0,7816,1.08413155380343,27,-89,0.001869,51,2023-06-16 22:15:36.002382,340,1.037,0.0011,"aoml_navis",1028.21736648916
"7901009",2,0,1,0.016821,1,-0.005607,1,132.973317360713,1,4.86273059117049,342,1,14.8920001983643,35.9360008239746,0.0168210007250309,0,128.228805541992,-89.4289,26.8419,9.93412270012542,63,63,63,63,61,63,0,7816,1.08413155380343,27,-89,0.001869,51,2023-06-16 22:15:36.002382,342,1.037,0.0011,"aoml_navis",1028.22887393325
"7901009",2,0,1,0.016821,1,-0.005607,1,130.967649865225,1,4.8626583311239,344,1,14.8360004425049,35.9280014038086,0.0168210007250309,0,126.294700622559,-89.4289,26.8419,9.93412270012542,63,63,63,63,61,63,0,7816,1.08413155380343,27,-89,0.001869,51,2023-06-16 22:15:36.002382,344,1.037,0.0011,"aoml_navis",1028.24415361389
"7901009",2,0,1,0.022428,1,0,1,129.955951074588,1,4.86256102136753,346,1,14.7220001220703,35.9099998474121,0.0224280003458261,0,125.31909942627,-89.4289,26.8419,9.93412270012542,63,63,63,63,61,63,0,7816,1.08413155380343,27,-89,0.001869,51,2023-06-16 22:15:36.002382,346,1.037,0.0011,"aoml_navis",1028.26473087505
"7901009",2,0,1,0.016821,1,-0.005607,1,129.480696164649,1,4.86247398704405,348,1,14.6309995651245,35.8959999084473,0.0168210007250309,0,124.860801696777,-89.4289,26.8419,9.93412270012542,63,63,63,63,61,63,0,7816,1.08413155380343,27,-89,0.001869,51,2023-06-16 22:15:36.002382,348,1.037,0.0011,"aoml_navis",1028.28313597613
"7901009",2,0,1,0.01869,1,-0.003738,1,129.237934026201,1,4.86240482660936,350,1,14.5670003890991,35.8849983215332,0.0186899993568659,0,124.62670135498,-89.4289,26.8419,9.93412270012542,63,63,63,63,61,63,0,7816,1.08413155380343,27,-89,0.001869,51,2023-06-16 22:15:36.002382,350,1.037,0.0011,"aoml_navis",1028.29776176546
"7901009",2,0,1,0.01869,1,-0.003738,1,128.794507824481,1,4.86235395042125,352,1,14.5410003662109,35.8800010681152,0.0186899993568659,0,124.199096679688,-89.4289,26.8419,9.93412270012542,63,63,63,63,61,63,0,7816,1.08413155380343,27,-89,0.001869,51,2023-06-16 22:15:36.002382,352,1.037,0.0011,"aoml_navis",1028.30852113652
"7901009",2,0,1,0.016821,1,-0.005607,1,128.361770309015,1,4.86229518331321,354,1,14.503999710083,35.8740005493164,0.0168210007250309,0,123.781799316406,-89.4289,26.8419,9.93412270012542,63,63,63,63,61,63,0,7816,1.08413155380343,27,-89,0.001869,51,2023-06-16 22:15:36.002382,354,1.037,0.0011,"aoml_navis",1028.32094957118
"7901009",2,0,1,0.020559,1,-0.001869,1,128.121911758913,1,4.86221691263969,356,1,14.4309997558594,35.8629989624023,0.020558999851346,0,123.550498962402,-89.4289,26.8419,9.93412270012542,63,63,63,63,61,63,0,7816,1.08413155380343,27,-89,0.001869,51,2023-06-16 22:15:36.002382,356,1.037,0.0011,"aoml_navis",1028.33750320808
"7901009",2,0,1,0.020559,1,-0.001869,1,127.601441569961,1,4.86217929599961,358,1,14.4209995269775,35.859001159668,0.020558999851346,0,123.048599243164,-89.4289,26.8419,9.93412270012542,63,63,63,63,61,63,0,7816,1.08413155380343,27,-89,0.001869,51,2023-06-16 22:15:36.002382,358,1.037,0.0011,"aoml_navis",1028.34545902365
"7901009",2,0,1,0.020559,1,-0.001869,1,127.201988512729,1,4.86209554031597,360,1,14.3459997177124,35.8489990234375,0.020558999851346,0,122.663398742676,-89.4289,26.8419,9.93412270012542,63,63,63,63,61,63,0,7816,1.08413155380343,27,-89,0.001869,51,2023-06-16 22:15:36.002382,360,1.037,0.0011,"aoml_navis",1028.3631735618
"7901009",2,0,1,0.020559,1,-0.001869,1,126.775469581569,1,4.86204538484779,362,1,14.3100004196167,35.8409996032715,0.020558999851346,0,122.252098083496,-89.4289,26.8419,9.93412270012542,63,63,63,63,61,63,0,7816,1.08413155380343,27,-89,0.001869,51,2023-06-16 22:15:36.002382,362,1.037,0.0011,"aoml_navis",1028.37378186188
"7901009",2,0,1,0.024297,1,0.001869,1,126.95839564737,1,4.86195625536742,364,1,14.2189998626709,35.8279991149902,0.0242970008403063,0,122.428497314453,-89.4289,26.8419,9.93412270012542,63,63,63,63,61,63,0,7816,1.08413155380343,27,-89,0.001869,51,2023-06-16 22:15:36.002382,364,1.037,0.0011,"aoml_navis",1028.39263403084
"7901009",2,0,1,0.022428,1,0,1,127.374858827065,1,4.86188504850285,366,1,14.1520004272461,35.8170013427734,0.0224280003458261,0,122.830101013184,-89.4289,26.8419,9.93412270012542,63,63,63,63,61,63,0,7816,1.08413155380343,27,-89,0.001869,51,2023-06-16 22:15:36.002382,366,1.037,0.0011,"aoml_navis",1028.40769580508
"7901009",2,0,1,0.016821,1,-0.005607,1,127.560482777406,1,4.86183153183909,368,1,14.1160001754761,35.810001373291,0.0168210007250309,0,123.009101867676,-89.4289,26.8419,9.93412270012542,63,63,63,63,61,63,0,7816,1.08413155380343,27,-89,0.001869,51,2023-06-16 22:15:36.002382,368,1.037,0.0011,"aoml_navis",1028.41901601404
"7901009",2,0,1,0.01869,1,-0.003738,1,127.641886102999,1,4.86174981425905,370,1,14.0349998474121,35.7980003356934,0.0186899993568659,0,123.087600708008,-89.4289,26.8419,9.93412270012542,63,63,63,63,61,63,0,7816,1.08413155380343,27,-89,0.001869,51,2023-06-16 22:15:36.002382,370,1.037,0.0011,"aoml_navis",1028.43630195356
"7901009",2,0,1,0.014952,1,-0.007476,1,127.547001266394,1,4.86168221870467,372,1,13.9709997177124,35.7869987487793,0.0149520002305508,0,122.996101379395,-89.4289,26.8419,9.93412270012542,63,63,63,63,61,63,0,7816,1.08413155380343,27,-89,0.001869,51,2023-06-16 22:15:36.002382,372,1.037,0.0011,"aoml_navis",1028.45060106215
"7901009",2,0,1,0.022428,1,0,1,127.279040411645,1,4.86163549786465,374,1,13.9519996643066,35.7830009460449,0.0224280003458261,0,122.737701416016,-89.4289,26.8419,9.93412270012542,63,63,63,63,61,63,0,7816,1.08413155380343,27,-89,0.001869,51,2023-06-16 22:15:36.002382,374,1.037,0.0011,"aoml_navis",1028.46048458304
"7901009",2,0,4,0.016821,1,-0.005607,1,127.08211066363,1,4.86156687019759,376,1,13.9010000228882,35.7760009765625,0.0168210007250309,0,122.547798156738,-89.4289,26.8419,9.93412270012542,63,63,63,63,61,63,0,7816,1.08413155380343,27,-89,0.001869,51,2023-06-16 22:15:36.002382,376,1.037,0.0011,"aoml_navis",1028.47500270973
"7901009",2,0,1,0.022428,1,0,1,126.948442747808,1,4.86149643201693,378,1,13.8409996032715,35.7669982910156,0.0224280003458261,0,122.418899536133,-89.4289,26.8419,9.93412270012542,63,63,63,63,61,63,0,7816,1.08413155380343,27,-89,0.001869,51,2023-06-16 22:15:36.002382,378,1.037,0.0011,"aoml_navis",1028.48990427534
"7901009",2,0,1,0.022428,1,0,1,126.847022859502,1,4.86143998739107,380,1,13.7910003662109,35.7569999694824,0.0224280003458261,0,122.321098327637,-89.4289,26.8419,9.93412270012542,63,63,63,63,61,63,0,7816,1.08413155380343,27,-89,0.001869,51,2023-06-16 22:15:36.002382,380,1.037,0.0011,"aoml_navis",1028.50184574289
"7901009",2,0,1,0.022428,1,0,1,126.686083365945,1,4.86134909301981,382,1,13.6820001602173,35.7400016784668,0.0224280003458261,0,122.165901184082,-89.4289,26.8419,9.93412270012542,63,63,63,63,61,63,0,7816,1.08413155380343,27,-89,0.001869,51,2023-06-16 22:15:36.002382,382,1.037,0.0011,"aoml_navis",1028.52107600733
"7901009",2,0,1,0.020559,1,-0.001869,1,126.514874505431,1,4.86126014250251,384,1,13.5780000686646,35.7239990234375,0.020558999851346,0,122.000801086426,-89.4289,26.8419,9.93412270012542,63,63,63,63,61,63,0,7816,1.08413155380343,27,-89,0.001869,51,2023-06-16 22:15:36.002382,384,1.037,0.0011,"aoml_navis",1028.53989571232
"7901009",2,0,1,0.020559,1,-0.001869,1,126.321987628382,1,4.86120323788746,386,1,13.5270004272461,35.7140007019043,0.020558999851346,0,121.814796447754,-89.4289,26.8419,9.93412270012542,63,63,63,63,61,63,0,7816,1.08413155380343,27,-89,0.001869,51,2023-06-16 22:15:36.002382,386,1.037,0.0011,"aoml_navis",1028.55193566703
"7901009",2,0,1,0.024297,1,0.001869,1,126.413146061416,1,4.86110968322737,388,1,13.4250001907349,35.7000007629395,0.0242970008403063,0,121.902702331543,-89.4289,26.8419,9.93412270012542,63,63,63,63,61,63,0,7816,1.08413155380343,27,-89,0.001869,51,2023-06-16 22:15:36.002382,388,1.037,0.0011,"aoml_navis",1028.57173070006
"7901009",2,0,1,0.022428,1,0,1,126.398311652291,1,4.86104544364927,390,1,13.3699998855591,35.6910018920898,0.0224280003458261,0,121.888397216797,-89.4289,26.8419,9.93412270012542,63,63,63,63,61,63,0,7816,1.08413155380343,27,-89,0.001869,51,2023-06-16 22:15:36.002382,390,1.037,0.0011,"aoml_navis",1028.585323458
"7901009",2,0,1,0.022428,1,0,1,126.232601412759,1,4.86100217559774,392,1,13.3540000915527,35.6870002746582,0.0224280003458261,0,121.72859954834,-89.4289,26.8419,9.93412270012542,63,63,63,63,61,63,0,7816,1.08413155380343,27,-89,0.001869,51,2023-06-16 22:15:36.002382,392,1.037,0.0011,"aoml_navis",1028.59447895334
"7901009",2,0,1,0.024297,1,0.001869,1,126.004665771751,1,4.86095662231796,394,1,13.3430004119873,35.685001373291,0.0242970008403063,0,121.508796691895,-89.4289,26.8419,9.93412270012542,63,63,63,63,61,63,0,7816,1.08413155380343,27,-89,0.001869,51,2023-06-16 22:15:36.002382,394,1.037,0.0011,"aoml_navis",1028.60411817782
"7901009",2,0,1,0.024297,1,0.001869,1,125.717416229298,1,4.86089727264255,396,1,13.3000001907349,35.6780014038086,0.0242970008403063,0,121.231796264648,-89.4289,26.8419,9.93412270012542,63,63,63,63,61,63,0,7816,1.08413155380343,27,-89,0.001869,51,2023-06-16 22:15:36.002382,396,1.037,0.0011,"aoml_navis",1028.61667703622
"7901009",2,0,1,0.022428,1,0,1,125.09407831371,1,4.86084299275947,398,1,13.2620000839233,35.6710014343262,0.0224280003458261,0,120.630699157715,-89.4289,26.8419,9.93412270012542,63,63,63,63,61,63,0,7816,1.08413155380343,27,-89,0.001869,51,2023-06-16 22:15:36.002382,398,1.037,0.0011,"aoml_navis",1028.62816335516
"7901009",2,0,1,0.01869,1,-0.003738,1,124.109239693196,1,4.86077378763744,400,1,13.1870002746582,35.6580009460449,0.0186899993568659,0,119.680999755859,-89.4289,26.8419,9.93412270012542,63,63,63,63,61,63,0,7816,1.08413155380343,27,-89,0.001869,51,2023-06-16 22:15:36.002382,400,1.037,0.0011,"aoml_navis",1028.64280841801
"7901009",2,0,1,0.022428,1,0,1,123.427513543292,1,4.86065048808893,402,1,13.0240001678467,35.6360015869141,0.0224280003458261,0,119.023597717285,-89.4289,26.8419,9.93412270012542,63,63,63,63,61,63,0,7816,1.08413155380343,27,-89,0.001869,51,2023-06-16 22:15:36.002382,402,1.037,0.0011,"aoml_navis",1028.66890187899
"7901009",2,0,1,0.022428,1,0,1,123.20186437921,1,4.86058490936061,404,1,12.9630002975464,35.6259994506836,0.0224280003458261,0,118.805999755859,-89.4289,26.8419,9.93412270012542,63,63,63,63,61,63,0,7816,1.08413155380343,27,-89,0.001869,51,2023-06-16 22:15:36.002382,404,1.037,0.0011,"aoml_navis",1028.68278061986
"7901009",2,0,1,0.024297,1,0.001869,1,123.033044847526,1,4.8605355549592,406,1,12.9479999542236,35.6240005493164,0.0242970008403063,0,118.643203735352,-89.4289,26.8419,9.93412270012542,63,63,63,63,61,63,0,7816,1.08413155380343,27,-89,0.001869,51,2023-06-16 22:15:36.002382,406,1.037,0.0011,"aoml_navis",1028.69322597558
"7901009",2,0,1,0.024297,1,0.001869,1,122.944687150935,1,4.86049253569795,408,1,12.9320001602173,35.6199989318848,0.0242970008403063,0,118.557998657227,-89.4289,26.8419,9.93412270012542,63,63,63,63,61,63,0,7816,1.08413155380343,27,-89,0.001869,51,2023-06-16 22:15:36.002382,408,1.037,0.0011,"aoml_navis",1028.70233073653
"7901009",2,0,1,0.022428,1,0,1,122.880705355419,1,4.8604429097614,410,1,12.9130001068115,35.617000579834,0.0224280003458261,0,118.496299743652,-89.4289,26.8419,9.93412270012542,63,63,63,63,61,63,0,7816,1.08413155380343,27,-89,0.001869,51,2023-06-16 22:15:36.002382,410,1.037,0.0011,"aoml_navis",1028.7128339597
"7901009",2,0,1,0.020559,1,-0.001869,1,122.916379142482,1,4.86039175890747,412,1,12.8850002288818,35.6119995117188,0.020558999851346,0,118.530700683594,-89.4289,26.8419,9.93412270012542,63,63,63,63,61,63,0,7816,1.08413155380343,27,-89,0.001869,51,2023-06-16 22:15:36.002382,412,1.037,0.0011,"aoml_navis",1028.72366015284
"7901009",2,0,1,0.024297,1,0.001869,1,123.032111268712,1,4.86033965578008,414,1,12.8559999465942,35.6069984436035,0.0242970008403063,0,118.642303466797,-89.4289,26.8419,9.93412270012542,63,63,63,63,61,63,0,7816,1.08413155380343,27,-89,0.001869,51,2023-06-16 22:15:36.002382,414,1.037,0.0011,"aoml_navis",1028.73468813107
"7901009",2,0,1,0.022428,1,0,1,123.048282752579,1,4.86029624881336,416,1,12.8470001220703,35.6049995422363,0.0224280003458261,0,118.657897949219,-89.4289,26.8419,9.93412270012542,63,63,63,63,61,63,0,7816,1.08413155380343,27,-89,0.001869,51,2023-06-16 22:15:36.002382,416,1.037,0.0011,"aoml_navis",1028.7438756888
"7901009",2,0,1,0.024297,1,0.001869,1,123.058963527149,1,4.86025186333911,418,1,12.8369998931885,35.6030006408691,0.0242970008403063,0,118.668197631836,-89.4289,26.8419,9.93412270012542,63,63,63,63,61,63,0,7816,1.08413155380343,27,-89,0.001869,51,2023-06-16 22:15:36.002382,418,1.037,0.0011,"aoml_navis",1028.75327052802
"7901009",2,0,1,0.026166,1,0.003738,1,123.133317541526,1,4.860203732616,420,1,12.8120002746582,35.5979995727539,0.0261659994721413,0,118.739898681641,-89.4289,26.8419,9.93412270012542,63,63,63,63,61,63,0,7816,1.08413155380343,27,-89,0.001869,51,2023-06-16 22:15:36.002382,420,1.037,0.0011,"aoml_navis",1028.76345829823
"7901009",2,0,1,0.024297,1,0.001869,1,123.496993959791,1,4.86012665473575,422,1,12.7349996566772,35.5870018005371,0.0242970008403063,0,119.090599060059,-89.4289,26.8419,9.93412270012542,63,63,63,63,61,63,0,7816,1.08413155380343,27,-89,0.001869,51,2023-06-16 22:15:36.002382,422,1.037,0.0011,"aoml_navis",1028.77977369745
"7901009",2,0,1,0.020559,1,-0.001869,1,123.740381121343,1,4.86004935686933,424,1,12.6499996185303,35.5740013122559,0.020558999851346,0,119.325302124023,-89.4289,26.8419,9.93412270012542,63,63,63,63,61,63,0,7816,1.08413155380343,27,-89,0.001869,51,2023-06-16 22:15:36.002382,424,1.037,0.0011,"aoml_navis",1028.7961361818
"7901009",2,0,1,0.022428,1,0,1,123.76578554145,1,4.85999607552336,426,1,12.6120004653931,35.5670013427734,0.0224280003458261,0,119.349800109863,-89.4289,26.8419,9.93412270012542,63,63,63,63,61,63,0,7816,1.08413155380343,27,-89,0.001869,51,2023-06-16 22:15:36.002382,426,1.037,0.0011,"aoml_navis",1028.80741512977
"7901009",2,0,1,0.024297,1,0.001869,1,123.681890035124,1,4.85994428311837,428,1,12.5830001831055,35.5620002746582,0.0242970008403063,0,119.268898010254,-89.4289,26.8419,9.93412270012542,63,63,63,63,61,63,0,7816,1.08413155380343,27,-89,0.001869,51,2023-06-16 22:15:36.002382,428,1.037,0.0011,"aoml_navis",1028.81837912589
"7901009",2,0,1,0.024297,1,0.001869,1,123.691225823267,1,4.85989349296331,430,1,12.5550003051758,35.556999206543,0.0242970008403063,0,119.277900695801,-89.4289,26.8419,9.93412270012542,63,63,63,63,61,63,0,7816,1.08413155380343,27,-89,0.001869,51,2023-06-16 22:15:36.002382,430,1.037,0.0011,"aoml_navis",1028.82913118149
"7901009",2,0,1,0.022428,1,0,1,123.623201156783,1,4.8598501715659,432,1,12.5459995269775,35.5550003051758,0.0224280003458261,0,119.212303161621,-89.4289,26.8419,9.93412270012542,63,63,63,63,61,63,0,7816,1.08413155380343,27,-89,0.001869,51,2023-06-16 22:15:36.002382,432,1.037,0.0011,"aoml_navis",1028.83830231107
"7901009",2,0,1,0.022428,1,0,1,123.515554772488,1,4.85980135668522,434,1,12.5200004577637,35.5499992370605,0.0224280003458261,0,119.108497619629,-89.4289,26.8419,9.93412270012542,63,63,63,63,61,63,0,7816,1.08413155380343,27,-89,0.001869,51,2023-06-16 22:15:36.002382,434,1.037,0.0011,"aoml_navis",1028.84863660568
"7901009",2,0,1,0.024297,1,0.001869,1,123.615423970559,1,4.85973956982537,436,1,12.4729995727539,35.5429992675781,0.0242970008403063,0,119.204803466797,-89.4289,26.8419,9.93412270012542,63,63,63,63,61,63,0,7816,1.08413155380343,27,-89,0.001869,51,2023-06-16 22:15:36.002382,436,1.037,0.0011,"aoml_navis",1028.86171741497
"7901009",2,0,1,0.024297,1,0.001869,1,123.698377986386,1,4.85966630857861,438,1,12.4139995574951,35.5359992980957,0.0242970008403063,0,119.284797668457,-89.4289,26.8419,9.93412270012542,63,63,63,63,61,63,0,7816,1.08413155380343,27,-89,0.001869,51,2023-06-16 22:15:36.002382,438,1.037,0.0011,"aoml_navis",1028.87722788161
"7901009",2,0,1,0.024297,1,0.001869,1,123.450845101963,1,4.85961492497789,440,1,12.3889999389648,35.5320014953613,0.0242970008403063,0,119.046096801758,-89.4289,26.8419,9.93412270012542,63,63,63,63,61,63,0,7816,1.08413155380343,27,-89,0.001869,51,2023-06-16 22:15:36.002382,440,1.037,0.0011,"aoml_navis",1028.88810681286
"7901009",2,0,1,0.022428,1,0,1,123.254540377052,1,4.85955953902139,442,1,12.3559999465942,35.5270004272461,0.0224280003458261,0,118.856796264648,-89.4289,26.8419,9.93412270012542,63,63,63,63,61,63,0,7816,1.08413155380343,27,-89,0.001869,51,2023-06-16 22:15:36.002382,442,1.037,0.0011,"aoml_navis",1028.89983338015
"7901009",2,0,1,0.020559,1,-0.001869,1,123.146490496829,1,4.85951014498765,444,1,12.3330001831055,35.5229988098145,0.020558999851346,0,118.752601623535,-89.4289,26.8419,9.93412270012542,63,63,63,63,61,63,0,7816,1.08413155380343,27,-89,0.001869,51,2023-06-16 22:15:36.002382,444,1.037,0.0011,"aoml_navis",1028.91029153571
"7901009",2,0,1,0.024297,1,0.001869,1,122.793494853134,1,4.85946670054399,446,1,12.3199996948242,35.5200004577637,0.0242970008403063,0,118.412200927734,-89.4289,26.8419,9.93412270012542,63,63,63,63,61,63,0,7816,1.08413155380343,27,-89,0.001869,51,2023-06-16 22:15:36.002382,446,1.037,0.0011,"aoml_navis",1028.91949016551
"7901009",2,0,1,0.022428,1,0,1,122.489551655612,1,4.85940319710319,448,1,12.2670001983643,35.5120010375977,0.0224280003458261,0,118.119102478027,-89.4289,26.8419,9.93412270012542,63,63,63,63,61,63,0,7816,1.08413155380343,27,-89,0.001869,51,2023-06-16 22:15:36.002382,448,1.037,0.0011,"aoml_navis",1028.93293624629
"7901009",2,0,1,0.024297,1,0.001869,1,122.430229842482,1,4.85933757834498,450,1,12.2040004730225,35.5019989013672,0.0242970008403063,0,118.061897277832,-89.4289,26.8419,9.93412270012542,63,63,63,63,61,63,0,7816,1.08413155380343,27,-89,0.001869,51,2023-06-16 22:15:36.002382,450,1.037,0.0011,"aoml_navis",1028.94683058898
"7901009",2,0,1,0.024297,1,0.001869,1,122.315122739357,1,4.85928990039967,452,1,12.1750001907349,35.4959983825684,0.0242970008403063,0,117.950897216797,-89.4289,26.8419,9.93412270012542,63,63,63,63,61,63,0,7816,1.08413155380343,27,-89,0.001869,51,2023-06-16 22:15:36.002382,452,1.037,0.0011,"aoml_navis",1028.95692631731
"7901009",2,0,1,0.020559,1,-0.001869,1,122.21173284152,1,4.85923382728976,454,1,12.1409997940063,35.4910011291504,0.020558999851346,0,117.851196289062,-89.4289,26.8419,9.93412270012542,63,63,63,63,61,63,0,7816,1.08413155380343,27,-89,0.001869,51,2023-06-16 22:15:36.002382,454,1.037,0.0011,"aoml_navis",1028.96879996177
"7901009",2,0,1,0.024297,1,0.001869,1,122.142980300029,1,4.85917386212199,456,1,12.0989999771118,35.4850006103516,0.0242970008403063,0,117.784896850586,-89.4289,26.8419,9.93412270012542,63,63,63,63,61,63,0,7816,1.08413155380343,27,-89,0.001869,51,2023-06-16 22:15:36.002382,456,1.037,0.0011,"aoml_navis",1028.98149806406
"7901009",2,0,1,0.024297,1,0.001869,1,122.111254443714,1,4.85912089697521,458,1,12.0719995498657,35.4809989929199,0.0242970008403063,0,117.754302978516,-89.4289,26.8419,9.93412270012542,63,63,63,63,61,63,0,7816,1.08413155380343,27,-89,0.001869,51,2023-06-16 22:15:36.002382,458,1.037,0.0011,"aoml_navis",1028.99271411676
"7901009",2,0,1,0.028035,1,0.005607,1,122.063238428258,1,4.85906903565217,460,1,12.0500001907349,35.4780006408691,0.0280349999666214,0,117.708000183105,-89.4289,26.8419,9.93412270012542,63,63,63,63,61,63,0,7816,1.08413155380343,27,-89,0.001869,51,2023-06-16 22:15:36.002382,460,1.037,0.0011,"aoml_navis",1029.00369665748
"7901009",2,0,1,0.022428,1,0,1,122.124110931622,1,4.85901314316616,462,1,12.0159997940063,35.4729995727539,0.0224280003458261,0,117.766700744629,-89.4289,26.8419,9.93412270012542,63,63,63,63,61,63,0,7816,1.08413155380343,27,-89,0.001869,51,2023-06-16 22:15:36.002382,462,1.037,0.0011,"aoml_navis",1029.01553312983
"7901009",2,0,1,0.026166,1,0.003738,1,122.134269534991,1,4.85896335271953,464,1,12,35.4710006713867,0.0261659994721413,0,117.776496887207,-89.4289,26.8419,9.93412270012542,63,63,63,63,61,63,0,7816,1.08413155380343,27,-89,0.001869,51,2023-06-16 22:15:36.002382,464,1.037,0.0011,"aoml_navis",1029.02607758948
"7901009",2,0,1,0.024297,1,0.001869,1,122.12659520067,1,4.85891748650745,466,1,11.9919996261597,35.4700012207031,0.0242970008403063,0,117.769096374512,-89.4289,26.8419,9.93412270012542,63,63,63,63,61,63,0,7816,1.08413155380343,27,-89,0.001869,51,2023-06-16 22:15:36.002382,466,1.037,0.0011,"aoml_navis",1029.03579117866
"7901009",2,0,1,0.024297,1,0.001869,1,122.02248533951,1,4.85887256957855,468,1,11.9849996566772,35.4690017700195,0.0242970008403063,0,117.668701171875,-89.4289,26.8419,9.93412270012542,63,63,63,63,61,63,0,7816,1.08413155380343,27,-89,0.001869,51,2023-06-16 22:15:36.002382,468,1.037,0.0011,"aoml_navis",1029.04530390549
"7901009",2,0,1,0.024297,1,0.001869,1,121.870565166701,1,4.85881310550832,470,1,11.951000213623,35.4650001525879,0.0242970008403063,0,117.522201538086,-89.4289,26.8419,9.93412270012542,63,63,63,63,61,63,0,7816,1.08413155380343,27,-89,0.001869,51,2023-06-16 22:15:36.002382,470,1.037,0.0011,"aoml_navis",1029.05789776759
"7901009",2,0,1,0.026166,1,0.003738,1,121.54670825837,1,4.8587640651672,472,1,11.9280004501343,35.4609985351562,0.0261659994721413,0,117.209899902344,-89.4289,26.8419,9.93412270012542,63,63,63,63,61,63,0,7816,1.08413155380343,27,-89,0.001869,51,2023-06-16 22:15:36.002382,472,1.037,0.0011,"aoml_navis",1029.06828422589
"7901009",2,0,1,0.020559,1,-0.001869,1,121.074974048196,1,4.85869751535497,474,1,11.8669996261597,35.4519996643066,0.020558999851346,0,116.754997253418,-89.4289,26.8419,9.93412270012542,63,63,63,63,61,63,0,7816,1.08413155380343,27,-89,0.001869,51,2023-06-16 22:15:36.002382,474,1.037,0.0011,"aoml_navis",1029.08237942339
"7901009",2,0,1,0.024297,1,0.001869,1,120.728102048588,1,4.85863084213928,476,1,11.793999671936,35.439998626709,0.0242970008403063,0,116.420501708984,-89.4289,26.8419,9.93412270012542,63,63,63,63,61,63,0,7816,1.08413155380343,27,-89,0.001869,51,2023-06-16 22:15:36.002382,476,1.037,0.0011,"aoml_navis",1029.09650114485
"7901009",2,0,1,0.024297,1,0.001869,1,120.373033543458,1,4.8585705213972,478,1,11.7510004043579,35.4339981079102,0.0242970008403063,0,116.078102111816,-89.4289,26.8419,9.93412270012542,63,63,63,63,61,63,0,7816,1.08413155380343,27,-89,0.001869,51,2023-06-16 22:15:36.002382,478,1.037,0.0011,"aoml_navis",1029.10927771449
"7901009",2,0,4,0.01869,1,-0.003738,1,120.137629271936,1,4.85850739132749,480,1,11.701000213623,35.4269981384277,0.0186899993568659,0,115.851097106934,-89.4289,26.8419,9.93412270012542,63,63,63,63,61,63,0,7816,1.08413155380343,27,-89,0.001869,51,2023-06-16 22:15:36.002382,480,1.037,0.0011,"aoml_navis",1029.12264966913
"7901009",2,0,1,0.020559,1,-0.001869,1,119.888339993473,1,4.85845467805369,482,1,11.6660003662109,35.4210014343262,0.020558999851346,0,115.610702514648,-89.4289,26.8419,9.93412270012542,63,63,63,63,61,63,0,7816,1.08413155380343,27,-89,0.001869,51,2023-06-16 22:15:36.002382,482,1.037,0.0011,"aoml_navis",1029.13381544665
"7901009",2,0,1,0.026166,1,0.003738,1,119.905658671646,1,4.85839823624443,484,1,11.6230001449585,35.4140014648438,0.0261659994721413,0,115.627403259277,-89.4289,26.8419,9.93412270012542,63,63,63,63,61,63,0,7816,1.08413155380343,27,-89,0.001869,51,2023-06-16 22:15:36.002382,484,1.037,0.0011,"aoml_navis",1029.14577127482
"7901009",2,0,1,0.026166,1,0.003738,1,119.923903016949,1,4.85834564706619,486,1,11.5880002975464,35.4080009460449,0.0261659994721413,0,115.644996643066,-89.4289,26.8419,9.93412270012542,63,63,63,63,61,63,0,7816,1.08413155380343,27,-89,0.001869,51,2023-06-16 22:15:36.002382,486,1.037,0.0011,"aoml_navis",1029.15691126657
"7901009",2,0,4,0.020559,1,-0.001869,1,119.799262333559,1,4.85828661381765,488,1,11.5459995269775,35.4020004272461,0.020558999851346,0,115.524803161621,-89.4289,26.8419,9.93412270012542,63,63,63,63,61,63,0,7816,1.08413155380343,27,-89,0.001869,51,2023-06-16 22:15:36.002382,488,1.037,0.0011,"aoml_navis",1029.16941659623
"7901009",2,0,1,0.026166,1,0.003738,1,119.66102937557,1,4.85823135656039,490,1,11.5080003738403,35.3959999084473,0.0261659994721413,0,115.391502380371,-89.4289,26.8419,9.93412270012542,63,63,63,63,61,63,0,7816,1.08413155380343,27,-89,0.001869,51,2023-06-16 22:15:36.002382,490,1.037,0.0011,"aoml_navis",1029.18112231279
"7901009",2,0,1,0.022428,1,0,1,119.604611150786,1,4.85816788102063,492,1,11.4650001525879,35.390998840332,0.0224280003458261,0,115.337097167969,-89.4289,26.8419,9.93412270012542,63,63,63,63,61,63,0,7816,1.08413155380343,27,-89,0.001869,51,2023-06-16 22:15:36.002382,492,1.037,0.0011,"aoml_navis",1029.19456932179
"7901009",2,0,1,0.024297,1,0.001869,1,119.429881590506,1,4.85811735964164,494,1,11.4320001602173,35.3849983215332,0.0242970008403063,0,115.168601989746,-89.4289,26.8419,9.93412270012542,63,63,63,63,61,63,0,7816,1.08413155380343,27,-89,0.001869,51,2023-06-16 22:15:36.002382,494,1.037,0.0011,"aoml_navis",1029.20527230096
"7901009",2,0,1,0.024297,1,0.001869,1,119.207855978093,1,4.8580493649388,496,1,11.3760004043579,35.3779983520508,0.0242970008403063,0,114.954498291016,-89.4289,26.8419,9.93412270012542,63,63,63,63,61,63,0,7816,1.08413155380343,27,-89,0.001869,51,2023-06-16 22:15:36.002382,496,1.037,0.0011,"aoml_navis",1029.21967736386
"7901009",2,0,1,0.024297,1,0.001869,1,118.843245981014,1,4.85799802969919,498,1,11.3420000076294,35.3720016479492,0.0242970008403063,0,114.602897644043,-89.4289,26.8419,9.93412270012542,63,63,63,63,61,63,0,7816,1.08413155380343,27,-89,0.001869,51,2023-06-16 22:15:36.002382,498,1.037,0.0011,"aoml_navis",1029.23055329226
"7901009",2,0,1,0.022428,1,0,1,118.519080516973,1,4.85793025315934,500,1,11.289999961853,35.3660011291504,0.0224280003458261,0,114.290298461914,-89.4289,26.8419,9.93412270012542,63,63,63,63,61,63,0,7816,1.08413155380343,27,-89,0.001869,51,2023-06-16 22:15:36.002382,500,1.037,0.0011,"aoml_navis",1029.24491284087
"7901009",2,0,1,0.028035,1,0.005607,1,117.877181788688,1,4.85788547186002,502,1,11.2749996185303,35.3629989624023,0.0280349999666214,0,113.67130279541,-89.4289,26.8419,9.93412270012542,63,63,63,63,61,63,0,7816,1.08413155380343,27,-89,0.001869,51,2023-06-16 22:15:36.002382,502,1.037,0.0011,"aoml_navis",1029.25440069824
"7901009",2,0,1,0.024297,1,0.001869,1,117.225733656769,1,4.85782421810578,504,1,11.2340002059937,35.3580017089844,0.0242970008403063,0,113.043098449707,-89.4289,26.8419,9.93412270012542,63,63,63,63,61,63,0,7816,1.08413155380343,27,-89,0.001869,51,2023-06-16 22:15:36.002382,504,1.037,0.0011,"aoml_navis",1029.26737887392
"7901009",2,0,1,0.031773,1,0.009345,1,117.03762543738,1,4.8577612393365,506,1,11.1829996109009,35.351001739502,0.0317730009555817,0,112.861701965332,-89.4289,26.8419,9.93412270012542,63,63,63,63,61,63,0,7816,1.08413155380343,27,-89,0.001869,51,2023-06-16 22:15:36.002382,506,1.037,0.0011,"aoml_navis",1029.28072287944
"7901009",2,0,1,0.028035,1,0.005607,1,116.792576822005,1,4.85770197430644,508,1,11.1440000534058,35.3460006713867,0.0280349999666214,0,112.625396728516,-89.4289,26.8419,9.93412270012542,63,63,63,63,61,63,0,7816,1.08413155380343,27,-89,0.001869,51,2023-06-16 22:15:36.002382,508,1.037,0.0011,"aoml_navis",1029.29328033013
"7901009",2,0,1,0.028035,1,0.005607,1,116.430767561369,1,4.85764551978502,510,1,11.1040000915527,35.3400001525879,0.0280349999666214,0,112.276496887207,-89.4289,26.8419,9.93412270012542,63,63,63,63,61,63,0,7816,1.08413155380343,27,-89,0.001869,51,2023-06-16 22:15:36.002382,510,1.037,0.0011,"aoml_navis",1029.30524255736
"7901009",2,0,1,0.026166,1,0.003738,1,116.194334770814,1,4.85757556847416,512,1,11.0450000762939,35.3330001831055,0.0261659994721413,0,112.048500061035,-89.4289,26.8419,9.93412270012542,63,63,63,63,61,63,0,7816,1.08413155380343,27,-89,0.001869,51,2023-06-16 22:15:36.002382,512,1.037,0.0011,"aoml_navis",1029.32006502383
"7901009",2,0,4,0.01869,1,-0.003738,1,115.756098634366,1,4.8575201002561,514,1,11.0139999389648,35.3289985656738,0.0186899993568659,0,111.625900268555,-89.4289,26.8419,9.93412270012542,63,63,63,63,61,63,0,7816,1.08413155380343,27,-89,0.001869,51,2023-06-16 22:15:36.002382,514,1.037,0.0011,"aoml_navis",1029.33181887119
"7901009",2,0,1,0.024297,1,0.001869,1,115.163450144376,1,4.85746727880894,516,1,10.9940004348755,35.3269996643066,0.0242970008403063,0,111.054397583008,-89.4289,26.8419,9.93412270012542,63,63,63,63,61,63,0,7816,1.08413155380343,27,-89,0.001869,51,2023-06-16 22:15:36.002382,516,1.037,0.0011,"aoml_navis",1029.34301211104
"7901009",2,0,1,0.024297,1,0.001869,1,114.674302315811,1,4.8574144711569,518,1,10.9739999771118,35.3250007629395,0.0242970008403063,0,110.582702636719,-89.4289,26.8419,9.93412270012542,63,63,63,63,61,63,0,7816,1.08413155380343,27,-89,0.001869,51,2023-06-16 22:15:36.002382,518,1.037,0.0011,"aoml_navis",1029.35420267094
"7901009",2,0,1,0.028035,1,0.005607,1,113.972876070589,1,4.85736528827642,520,1,10.9580001831055,35.3230018615723,0.0280349999666214,0,109.906303405762,-89.4289,26.8419,9.93412270012542,63,63,63,63,61,63,0,7816,1.08413155380343,27,-89,0.001869,51,2023-06-16 22:15:36.002382,520,1.037,0.0011,"aoml_navis",1029.36462531814
"7901009",2,0,1,0.026166,1,0.003738,1,113.512028338792,1,4.85730361524727,522,1,10.9200000762939,35.3190002441406,0.0261659994721413,0,109.461898803711,-89.4289,26.8419,9.93412270012542,63,63,63,63,61,63,0,7816,1.08413155380343,27,-89,0.001869,51,2023-06-16 22:15:36.002382,522,1.037,0.0011,"aoml_navis",1029.37769512797
"7901009",2,0,1,0.022428,1,0,1,113.241163895698,1,4.85725536358959,524,1,10.9049997329712,35.3170013427734,0.0224280003458261,0,109.200698852539,-89.4289,26.8419,9.93412270012542,63,63,63,63,61,63,0,7816,1.08413155380343,27,-89,0.001869,51,2023-06-16 22:15:36.002382,524,1.037,0.0011,"aoml_navis",1029.38792089879
"7901009",2,0,1,0.026166,1,0.003738,1,112.936081415555,1,4.85721426290965,526,1,10.9020004272461,35.3160018920898,0.0261659994721413,0,108.90650177002,-89.4289,26.8419,9.93412270012542,63,63,63,63,61,63,0,7816,1.08413155380343,27,-89,0.001869,51,2023-06-16 22:15:36.002382,526,1.037,0.0011,"aoml_navis",1029.39663135322
"7901009",2,0,1,0.028035,1,0.005607,1,112.67236913558,1,4.85716795370401,528,1,10.8809995651245,35.3120002746582,0.0280349999666214,0,108.652198791504,-89.4289,26.8419,9.93412270012542,63,63,63,63,61,63,0,7816,1.08413155380343,27,-89,0.001869,51,2023-06-16 22:15:36.002382,528,1.037,0.0011,"aoml_navis",1029.40644582551
"7901009",2,0,1,0.026166,1,0.003738,1,112.636695348517,1,4.85707286099614,530,1,10.7770004272461,35.3009986877441,0.0261659994721413,0,108.617797851562,-89.4289,26.8419,9.93412270012542,63,63,63,63,61,63,0,7816,1.08413155380343,27,-89,0.001869,51,2023-06-16 22:15:36.002382,530,1.037,0.0011,"aoml_navis",1029.42659974315
"7901009",2,0,1,0.031773,1,0.009345,1,112.566906376308,1,4.85701440583895,532,1,10.7299995422363,35.2939987182617,0.0317730009555817,0,108.550498962402,-89.4289,26.8419,9.93412270012542,63,63,63,63,61,63,0,7816,1.08413155380343,27,-89,0.001869,51,2023-06-16 22:15:36.002382,532,1.037,0.0011,"aoml_navis",1029.43898910186
"7901009",2,0,1,0.028035,1,0.005607,1,112.480732304741,1,4.85695772979731,534,1,10.6890001296997,35.2879981994629,0.0280349999666214,0,108.467399597168,-89.4289,26.8419,9.93412270012542,63,63,63,63,61,63,0,7816,1.08413155380343,27,-89,0.001869,51,2023-06-16 22:15:36.002382,534,1.037,0.0011,"aoml_navis",1029.45100166821
"7901009",2,0,1,0.024297,1,0.001869,1,112.406481142267,1,4.85689411507161,536,1,10.6359996795654,35.2809982299805,0.0242970008403063,0,108.395797729492,-89.4289,26.8419,9.93412270012542,63,63,63,63,61,63,0,7816,1.08413155380343,27,-89,0.001869,51,2023-06-16 22:15:36.002382,536,1.037,0.0011,"aoml_navis",1029.4644852323
"7901009",2,0,1,0.026166,1,0.003738,1,112.344785823677,1,4.85683173852737,538,1,10.576000213623,35.2719993591309,0.0261659994721413,0,108.336303710938,-89.4289,26.8419,9.93412270012542,63,63,63,63,61,63,0,7816,1.08413155380343,27,-89,0.001869,51,2023-06-16 22:15:36.002382,538,1.037,0.0011,"aoml_navis",1029.47770669857
"7901009",2,0,1,0.028035,1,0.005607,1,112.26306603069,1,4.85677368239784,540,1,10.5290002822876,35.2649993896484,0.0280349999666214,0,108.257499694824,-89.4289,26.8419,9.93412270012542,63,63,63,63,61,63,0,7816,1.08413155380343,27,-89,0.001869,51,2023-06-16 22:15:36.002382,540,1.037,0.0011,"aoml_navis",1029.4900127056
"7901009",2,0,1,0.028035,1,0.005607,1,112.27104892072,1,4.85669234563625,542,1,10.4429998397827,35.2550010681152,0.0280349999666214,0,108.265197753906,-89.4289,26.8419,9.93412270012542,63,63,63,63,61,63,0,7816,1.08413155380343,27,-89,0.001869,51,2023-06-16 22:15:36.002382,542,1.037,0.0011,"aoml_navis",1029.5072539426
"7901009",2,0,1,0.024297,1,0.001869,1,112.158433998328,1,4.85664846448908,544,1,10.4160003662109,35.2490005493164,0.0242970008403063,0,108.156600952148,-89.4289,26.8419,9.93412270012542,63,63,63,63,61,63,0,7816,1.08413155380343,27,-89,0.001869,51,2023-06-16 22:15:36.002382,544,1.037,0.0011,"aoml_navis",1029.51655582221
"7901009",2,0,1,0.031773,1,0.009345,1,112.100362231407,1,4.8565800515465,546,1,10.3610000610352,35.2430000305176,0.0317730009555817,0,108.100601196289,-89.4289,26.8419,9.93412270012542,63,63,63,63,61,63,0,7816,1.08413155380343,27,-89,0.001869,51,2023-06-16 22:15:36.002382,546,1.037,0.0011,"aoml_navis",1029.53105826143
"7901009",2,0,1,0.028035,1,0.005607,1,112.057014110023,1,4.85651647068267,548,1,10.3030004501343,35.2350006103516,0.0280349999666214,0,108.058799743652,-89.4289,26.8419,9.93412270012542,63,63,63,63,61,63,0,7816,1.08413155380343,27,-89,0.001869,51,2023-06-16 22:15:36.002382,548,1.037,0.0011,"aoml_navis",1029.54453674429
"7901009",2,0,1,0.024297,1,0.001869,1,112.07910353417,1,4.85645616792348,550,1,10.2569999694824,35.2290000915527,0.0242970008403063,0,108.080101013184,-89.4289,26.8419,9.93412270012542,63,63,63,63,61,63,0,7816,1.08413155380343,27,-89,0.001869,51,2023-06-16 22:15:36.002382,550,1.037,0.0011,"aoml_navis",1029.55732062911
"7901009",2,0,1,0.026166,1,0.003738,1,112.009931673381,1,4.85641194017561,552,1,10.2419996261597,35.226001739502,0.0261659994721413,0,108.013397216797,-89.4289,26.8419,9.93412270012542,63,63,63,63,61,63,0,7816,1.08413155380343,27,-89,0.001869,51,2023-06-16 22:15:36.002382,552,1.037,0.0011,"aoml_navis",1029.56669689334
"7901009",2,0,1,0.026166,1,0.003738,1,111.972604344181,1,4.85635939412657,554,1,10.2089996337891,35.2210006713867,0.0261659994721413,0,107.977401733398,-89.4289,26.8419,9.93412270012542,63,63,63,63,61,63,0,7816,1.08413155380343,27,-89,0.001869,51,2023-06-16 22:15:36.002382,554,1.037,0.0011,"aoml_navis",1029.57783685597
"7901009",2,0,1,0.028035,1,0.005607,1,112.030676111102,1,4.85628905145114,556,1,10.1470003128052,35.2140007019043,0.0280349999666214,0,108.033401489258,-89.4289,26.8419,9.93412270012542,63,63,63,63,61,63,0,7816,1.08413155380343,27,-89,0.001869,51,2023-06-16 22:15:36.002382,556,1.037,0.0011,"aoml_navis",1029.59275014858
"7901009",2,0,1,0.028035,1,0.005607,1,112.083146405137,1,4.8562290465442,558,1,10.1009998321533,35.2080001831055,0.0280349999666214,0,108.083999633789,-89.4289,26.8419,9.93412270012542,63,63,63,63,61,63,0,7816,1.08413155380343,27,-89,0.001869,51,2023-06-16 22:15:36.002382,558,1.037,0.0011,"aoml_navis",1029.60547208087
"7901009",2,0,4,0.022428,1,0,1,112.148481098766,1,4.85617841914887,560,1,10.0699996948242,35.2029991149902,0.0224280003458261,0,108.147003173828,-89.4289,26.8419,9.93412270012542,63,63,63,63,61,63,0,7816,1.08413155380343,27,-89,0.001869,51,2023-06-16 22:15:36.002382,560,1.037,0.0011,"aoml_navis",1029.61620608584
"7901009",2,0,1,0.031773,1,0.009345,1,112.170356907422,1,4.85612695419941,562,1,10.0380001068115,35.1980018615723,0.0317730009555817,0,108.168098449707,-89.4289,26.8419,9.93412270012542,63,63,63,63,61,63,0,7816,1.08413155380343,27,-89,0.001869,51,2023-06-16 22:15:36.002382,562,1.037,0.0011,"aoml_navis",1029.62711789818
"7901009",2,0,1,0.031773,1,0.009345,1,112.244505217992,1,4.85606951700309,564,1,9.99899959564209,35.193000793457,0.0317730009555817,0,108.239601135254,-89.4289,26.8419,9.93412270012542,63,63,63,63,61,63,0,7816,1.08413155380343,27,-89,0.001869,51,2023-06-16 22:15:36.002382,564,1.037,0.0011,"aoml_navis",1029.63929624421
"7901009",2,0,4,0.024297,1,0.001869,1,112.346858685112,1,4.85600206850064,566,1,9.94400024414062,35.1870002746582,0.0242970008403063,0,108.338302612305,-89.4289,26.8419,9.93412270012542,63,63,63,63,61,63,0,7816,1.08413155380343,27,-89,0.001869,51,2023-06-16 22:15:36.002382,566,1.037,0.0011,"aoml_navis",1029.65359764433
"7901009",2,0,1,0.029904,1,0.007476,1,112.475755854959,1,4.85594673550696,568,1,9.90299987792969,35.1809997558594,0.0299040004611015,0,108.462600708008,-89.4289,26.8419,9.93412270012542,63,63,63,63,61,63,0,7816,1.08413155380343,27,-89,0.001869,51,2023-06-16 22:15:36.002382,568,1.037,0.0011,"aoml_navis",1029.66533043695
"7901009",2,0,1,0.026166,1,0.003738,1,112.483010869982,1,4.85590393597698,570,1,9.89799976348877,35.1800003051758,0.0261659994721413,0,108.469596862793,-89.4289,26.8419,9.93412270012542,63,63,63,63,61,63,0,7816,1.08413155380343,27,-89,0.001869,51,2023-06-16 22:15:36.002382,570,1.037,0.0011,"aoml_navis",1029.6744058208
"7901009",2,0,1,0.029904,1,0.007476,1,112.543163410023,1,4.85585564187591,572,1,9.87800025939941,35.1769981384277,0.0299040004611015,0,108.527603149414,-89.4289,26.8419,9.93412270012542,63,63,63,63,61,63,0,7816,1.08413155380343,27,-89,0.001869,51,2023-06-16 22:15:36.002382,572,1.037,0.0011,"aoml_navis",1029.68464648764
"7901009",2,0,1,0.026166,1,0.003738,1,112.562863505341,1,4.85580186040708,574,1,9.8430004119873,35.1720008850098,0.0261659994721413,0,108.546600341797,-89.4289,26.8419,9.93412270012542,63,63,63,63,61,63,0,7816,1.08413155380343,27,-89,0.001869,51,2023-06-16 22:15:36.002382,574,1.037,0.0011,"aoml_navis",1029.69605097948
"7901009",2,0,1,0.024297,1,0.001869,1,112.509768188201,1,4.85574328366536,576,1,9.79800033569336,35.1660003662109,0.0242970008403063,0,108.495399475098,-89.4289,26.8419,9.93412270012542,63,63,63,63,61,63,0,7816,1.08413155380343,27,-89,0.001869,51,2023-06-16 22:15:36.002382,576,1.037,0.0011,"aoml_navis",1029.70847260808
"7901009",2,0,1,0.031773,1,0.009345,1,112.460201482512,1,4.85569080884811,578,1,9.77299976348877,35.1629981994629,0.0317730009555817,0,108.447601318359,-89.4289,26.8419,9.93412270012542,63,63,63,63,61,63,0,7816,1.08413155380343,27,-89,0.001869,51,2023-06-16 22:15:36.002382,578,1.037,0.0011,"aoml_navis",1029.71960053324
"7901009",2,0,1,0.028035,1,0.005607,1,112.5223161204,1,4.8556295320759,580,1,9.72900009155273,35.1580009460449,0.0280349999666214,0,108.507499694824,-89.4289,26.8419,9.93412270012542,63,63,63,63,61,63,0,7816,1.08413155380343,27,-89,0.001869,51,2023-06-16 22:15:36.002382,580,1.037,0.0011,"aoml_navis",1029.73259532475
"7901009",2,0,1,0.026166,1,0.003738,1,112.621243827972,1,4.85557485451467,582,1,9.69699954986572,35.1539993286133,0.0261659994721413,0,108.602897644043,-89.4289,26.8419,9.93412270012542,63,63,63,63,61,63,0,7816,1.08413155380343,27,-89,0.001869,51,2023-06-16 22:15:36.002382,582,1.037,0.0011,"aoml_navis",1029.74419091718
"7901009",2,0,1,0.028035,1,0.005607,1,112.811844228094,1,4.8555230379383,584,1,9.66399955749512,35.148998260498,0.0280349999666214,0,108.786697387695,-89.4289,26.8419,9.93412270012542,63,63,63,63,61,63,0,7816,1.08413155380343,27,-89,0.001869,51,2023-06-16 22:15:36.002382,584,1.037,0.0011,"aoml_navis",1029.75518001518
"7901009",2,0,1,0.029904,1,0.007476,1,112.924467062171,1,4.85547575502129,586,1,9.64500045776367,35.1459999084473,0.0299040004611015,0,108.895301818848,-89.4289,26.8419,9.93412270012542,63,63,63,63,61,63,0,7816,1.08413155380343,27,-89,0.001869,51,2023-06-16 22:15:36.002382,586,1.037,0.0011,"aoml_navis",1029.7652078335
"7901009",2,0,1,0.026166,1,0.003738,1,113.033141965499,1,4.85542316186732,588,1,9.61100006103516,35.140998840332,0.0261659994721413,0,109.000099182129,-89.4289,26.8419,9.93412270012542,63,63,63,63,61,63,0,7816,1.08413155380343,27,-89,0.001869,51,2023-06-16 22:15:36.002382,588,1.037,0.0011,"aoml_navis",1029.77636208274
"7901009",2,0,1,0.026166,1,0.003738,1,113.114750994899,1,4.85536272193179,590,1,9.57199954986572,35.1370010375977,0.0261659994721413,0,109.078796386719,-89.4289,26.8419,9.93412270012542,63,63,63,63,61,63,0,7816,1.08413155380343,27,-89,0.001869,51,2023-06-16 22:15:36.002382,590,1.037,0.0011,"aoml_navis",1029.78918081957
"7901009",2,0,1,0.029904,1,0.007476,1,112.998718224644,1,4.85529792573928,592,1,9.51900005340576,35.1310005187988,0.0299040004611015,0,108.966903686523,-89.4289,26.8419,9.93412270012542,63,63,63,63,61,63,0,7816,1.08413155380343,27,-89,0.001869,51,2023-06-16 22:15:36.002382,592,1.037,0.0011,"aoml_navis",1029.80292383164
"7901009",2,0,1,0.028035,1,0.005607,1,112.871680300741,1,4.85523712493083,594,1,9.47500038146973,35.1259994506836,0.0280349999666214,0,108.844398498535,-89.4289,26.8419,9.93412270012542,63,63,63,63,61,63,0,7816,1.08413155380343,27,-89,0.001869,51,2023-06-16 22:15:36.002382,594,1.037,0.0011,"aoml_navis",1029.81581977239
"7901009",2,0,1,0.029904,1,0.007476,1,112.858618109026,1,4.85518662854237,596,1,9.45199966430664,35.1230010986328,0.0299040004611015,0,108.831802368164,-89.4289,26.8419,9.93412270012542,63,63,63,63,61,63,0,7816,1.08413155380343,27,-89,0.001869,51,2023-06-16 22:15:36.002382,596,1.037,0.0011,"aoml_navis",1029.82653037605
"7901009",2,0,1,0.028035,1,0.005607,1,112.833000073428,1,4.85514034951639,598,1,9.43400001525879,35.1199989318848,0.0280349999666214,0,108.807098388672,-89.4289,26.8419,9.93412270012542,63,63,63,63,61,63,0,7816,1.08413155380343,27,-89,0.001869,51,2023-06-16 22:15:36.002382,598,1.037,0.0011,"aoml_navis",1029.83634664609
"7901009",2,0,1,0.029904,1,0.007476,1,112.833316540822,1,4.85508821832006,600,1,9.40900039672852,35.117000579834,0.0299040004611015,0,108.807403564453,-89.4289,26.8419,9.93412270012542,63,63,63,63,61,63,0,7816,1.08413155380343,27,-89,0.001869,51,2023-06-16 22:15:36.002382,600,1.037,0.0011,"aoml_navis",1029.84740444739
"7901009",2,0,1,0.028035,1,0.005607,1,112.809668514756,1,4.85503695924758,602,1,9.38500022888184,35.1139984130859,0.0280349999666214,0,108.784599304199,-89.4289,26.8419,9.93412270012542,63,63,63,63,61,63,0,7816,1.08413155380343,27,-89,0.001869,51,2023-06-16 22:15:36.002382,602,1.037,0.0011,"aoml_navis",1029.8582774898
"7901009",2,0,1,0.026166,1,0.003738,1,112.907045532095,1,4.85497540710056,604,1,9.33100032806396,35.1069984436035,0.0261659994721413,0,108.87850189209,-89.4289,26.8419,9.93412270012542,63,63,63,63,61,63,0,7816,1.08413155380343,27,-89,0.001869,51,2023-06-16 22:15:36.002382,604,1.037,0.0011,"aoml_navis",1029.87133419612
"7901009",2,0,1,0.029904,1,0.007476,1,112.88920468272,1,4.85491278797326,606,1,9.27999973297119,35.101001739502,0.0299040004611015,0,108.861297607422,-89.4289,26.8419,9.93412270012542,63,63,63,63,61,63,0,7816,1.08413155380343,27,-89,0.001869,51,2023-06-16 22:15:36.002382,606,1.037,0.0011,"aoml_navis",1029.88461757462
"7901009",2,0,1,0.024297,1,0.001869,1,112.944475713199,1,4.85484745392783,608,1,9.22999954223633,35.0960006713867,0.0242970008403063,0,108.914596557617,-89.4289,26.8419,9.93412270012542,63,63,63,63,61,63,0,7816,1.08413155380343,27,-89,0.001869,51,2023-06-16 22:15:36.002382,608,1.037,0.0011,"aoml_navis",1029.89847723325
"7901009",2,0,1,0.031773,1,0.009345,1,113.058443533703,1,4.85478222722752,610,1,9.18000030517578,35.0909996032715,0.0317730009555817,0,109.02449798584,-89.4289,26.8419,9.93412270012542,63,63,63,63,61,63,0,7816,1.08413155380343,27,-89,0.001869,51,2023-06-16 22:15:36.002382,610,1.037,0.0011,"aoml_navis",1029.9123144923
"7901009",2,0,1,0.026166,1,0.003738,1,113.143478322649,1,4.85473611998379,612,1,9.16199970245361,35.0880012512207,0.0261659994721413,0,109.106498718262,-89.4289,26.8419,9.93412270012542,63,63,63,63,61,63,0,7816,1.08413155380343,27,-89,0.001869,51,2023-06-16 22:15:36.002382,612,1.037,0.0011,"aoml_navis",1029.92209595456
"7901009",2,0,1,0.028035,1,0.005607,1,113.209746595092,1,4.85468472269094,614,1,9.14200019836426,35.0859985351562,0.0280349999666214,0,109.170402526855,-89.4289,26.8419,9.93412270012542,63,63,63,63,61,63,0,7816,1.08413155380343,27,-89,0.001869,51,2023-06-16 22:15:36.002382,614,1.037,0.0011,"aoml_navis",1029.93299989799
"7901009",2,0,1,0.028035,1,0.005607,1,113.390077628258,1,4.85462541401249,616,1,9.09899997711182,35.0810012817383,0.0280349999666214,0,109.344299316406,-89.4289,26.8419,9.93412270012542,63,63,63,63,61,63,0,7816,1.08413155380343,27,-89,0.001869,51,2023-06-16 22:15:36.002382,616,1.037,0.0011,"aoml_navis",1029.94558252999
"7901009",2,0,1,0.029904,1,0.007476,1,113.40625702381,1,4.85458392196376,618,1,9.09099960327148,35.0789985656738,0.0299040004611015,0,109.359901428223,-89.4289,26.8419,9.93412270012542,63,63,63,63,61,63,0,7816,1.08413155380343,27,-89,0.001869,51,2023-06-16 22:15:36.002382,618,1.037,0.0011,"aoml_navis",1029.9543854579
"7901009",2,0,1,0.028035,1,0.005607,1,113.545629264421,1,4.85452841348883,620,1,9.05700016021729,35.0750007629395,0.0280349999666214,0,109.494300842285,-89.4289,26.8419,9.93412270012542,63,63,63,63,61,63,0,7816,1.08413155380343,27,-89,0.001869,51,2023-06-16 22:15:36.002382,620,1.037,0.0011,"aoml_navis",1029.96616233762
"7901009",2,0,1,0.031773,1,0.009345,1,113.608677481123,1,4.85447542216578,622,1,9.02600002288818,35.0709991455078,0.0317730009555817,0,109.555099487305,-89.4289,26.8419,9.93412270012542,63,63,63,63,61,63,0,7816,1.08413155380343,27,-89,0.001869,51,2023-06-16 22:15:36.002382,622,1.037,0.0011,"aoml_navis",1029.97740542052
"7901009",2,0,1,0.026166,1,0.003738,1,113.650364148685,1,4.85442453505877,624,1,9.01099967956543,35.0699996948242,0.0261659994721413,0,109.59529876709,-89.4289,26.8419,9.93412270012542,63,63,63,63,61,63,0,7816,1.08413155380343,27,-89,0.001869,51,2023-06-16 22:15:36.002382,624,1.037,0.0011,"aoml_navis",1029.98820228636
"7901009",2,0,1,0.031773,1,0.009345,1,113.710611628945,1,4.85437445415285,626,1,8.98799991607666,35.0670013427734,0.0317730009555817,0,109.653396606445,-89.4289,26.8419,9.93412270012542,63,63,63,63,61,63,0,7816,1.08413155380343,27,-89,0.001869,51,2023-06-16 22:15:36.002382,626,1.037,0.0011,"aoml_navis",1029.99882831918
"7901009",2,0,1,0.028035,1,0.005607,1,113.76577980752,1,4.85432073035577,628,1,8.95600032806396,35.0629997253418,0.0280349999666214,0,109.706596374512,-89.4289,26.8419,9.93412270012542,63,63,63,63,61,63,0,7816,1.08413155380343,27,-89,0.001869,51,2023-06-16 22:15:36.002382,628,1.037,0.0011,"aoml_navis",1030.01022753467
"7901009",2,0,1,0.026166,1,0.003738,1,113.646946300823,1,4.85427681328416,630,1,8.94499969482422,35.0610008239746,0.0261659994721413,0,109.592002868652,-89.4289,26.8419,9.93412270012542,63,63,63,63,61,63,0,7816,1.08413155380343,27,-89,0.001869,51,2023-06-16 22:15:36.002382,630,1.037,0.0011,"aoml_navis",1030.01954612828
"7901009",2,0,1,0.028035,1,0.005607,1,113.656171325377,1,4.85421947287481,632,1,8.91300010681152,35.0579986572266,0.0280349999666214,0,109.600898742676,-89.4289,26.8419,9.93412270012542,63,63,63,63,61,63,0,7816,1.08413155380343,27,-89,0.001869,51,2023-06-16 22:15:36.002382,632,1.037,0.0011,"aoml_navis",1030.03171322183
"7901009",2,0,1,0.029904,1,0.007476,1,113.603178860141,1,4.85415039116971,634,1,8.86200046539307,35.0540008544922,0.0299040004611015,0,109.549797058105,-89.4289,26.8419,9.93412270012542,63,63,63,63,61,63,0,7816,1.08413155380343,27,-89,0.001869,51,2023-06-16 22:15:36.002382,634,1.037,0.0011,"aoml_navis",1030.04637208926
"7901009",2,0,1,0.028035,1,0.005607,1,113.391636230176,1,4.85409682872621,636,1,8.82999992370605,35.0499992370605,0.0280349999666214,0,109.345802307129,-89.4289,26.8419,9.93412270012542,63,63,63,63,61,63,0,7816,1.08413155380343,27,-89,0.001869,51,2023-06-16 22:15:36.002382,636,1.037,0.0011,"aoml_navis",1030.05773811728
"7901009",2,0,1,0.029904,1,0.007476,1,113.083025138583,1,4.85404642888492,638,1,8.81999969482422,35.0499992370605,0.0299040004611015,0,109.048202514648,-89.4289,26.8419,9.93412270012542,63,63,63,63,61,63,0,7816,1.08413155380343,27,-89,0.001869,51,2023-06-16 22:15:36.002382,638,1.037,0.0011,"aoml_navis",1030.06843326561
"7901009",2,0,1,0.028035,1,0.005607,1,112.991043890324,1,4.85399085232042,640,1,8.78999996185303,35.0470008850098,0.0280349999666214,0,108.959503173828,-89.4289,26.8419,9.93412270012542,63,63,63,63,61,63,0,7816,1.08413155380343,27,-89,0.001869,51,2023-06-16 22:15:36.002382,640,1.037,0.0011,"aoml_navis",1030.0802272031
"7901009",2,0,1,0.029904,1,0.007476,1,112.985545269341,1,4.85394532028922,642,1,8.78600025177002,35.0470008850098,0.0299040004611015,0,108.954200744629,-89.4289,26.8419,9.93412270012542,63,63,63,63,61,63,0,7816,1.08413155380343,27,-89,0.001869,51,2023-06-16 22:15:36.002382,642,1.037,0.0011,"aoml_navis",1030.08988978518
"7901009",2,0,1,0.028035,1,0.005607,1,113.102210974385,1,4.85389464309231,644,1,8.76200008392334,35.0439987182617,0.0280349999666214,0,109.066703796387,-89.4289,26.8419,9.93412270012542,63,63,63,63,61,63,0,7816,1.08413155380343,27,-89,0.001869,51,2023-06-16 22:15:36.002382,644,1.037,0.0011,"aoml_navis",1030.10064446199
"7901009",2,0,1,0.028035,1,0.005607,1,113.235151015199,1,4.85383429178182,646,1,8.72599983215332,35.0410003662109,0.0280349999666214,0,109.194900512695,-89.4289,26.8419,9.93412270012542,63,63,63,63,61,63,0,7816,1.08413155380343,27,-89,0.001869,51,2023-06-16 22:15:36.002382,646,1.037,0.0011,"aoml_navis",1030.11345246492
"7901009",2,0,1,0.033642,1,0.011214,1,113.292289203306,1,4.85378562600546,648,1,8.70899963378906,35.0390014648438,0.0336420014500618,0,109.25,-89.4289,26.8419,9.93412270012542,63,63,63,63,61,63,0,7816,1.08413155380343,27,-89,0.001869,51,2023-06-16 22:15:36.002382,648,1.037,0.0011,"aoml_navis",1030.12378074778
"7901009",2,0,1,0.029904,1,0.007476,1,113.401177722126,1,4.85373341045251,650,1,8.68299961090088,35.0359992980957,0.0299040004611015,0,109.355003356934,-89.4289,26.8419,9.93412270012542,63,63,63,63,61,63,0,7816,1.08413155380343,27,-89,0.001869,51,2023-06-16 22:15:36.002382,650,1.037,0.0011,"aoml_navis",1030.13486262606
"7901009",2,0,4,0.022428,1,0,1,113.539719235825,1,4.85368522653313,652,1,8.66199970245361,35.0330009460449,0.0224280003458261,0,109.48860168457,-89.4289,26.8419,9.93412270012542,63,63,63,63,61,63,0,7816,1.08413155380343,27,-89,0.001869,51,2023-06-16 22:15:36.002382,652,1.037,0.0011,"aoml_navis",1030.14508906903
"7901009",2,0,1,0.028035,1,0.005607,1,113.747116142919,1,4.85362629643471,654,1,8.6230001449585,35.0289993286133,0.0280349999666214,0,109.688598632812,-89.4289,26.8419,9.93412270012542,63,63,63,63,61,63,0,7816,1.08413155380343,27,-89,0.001869,51,2023-06-16 22:15:36.002382,654,1.037,0.0011,"aoml_navis",1030.15759653206
"7901009",2,0,1,0.028035,1,0.005607,1,113.966135315083,1,4.85356581390496,656,1,8.58199977874756,35.0250015258789,0.0280349999666214,0,109.899803161621,-89.4289,26.8419,9.93412270012542,63,63,63,63,61,63,0,7816,1.08413155380343,27,-89,0.001869,51,2023-06-16 22:15:36.002382,656,1.037,0.0011,"aoml_navis",1030.17043380261
"7901009",2,0,1,0.026166,1,0.003738,1,114.152067821134,1,4.85350733618539,658,1,8.54800033569336,35.0219993591309,0.0261659994721413,0,110.0791015625,-89.4289,26.8419,9.93412270012542,63,63,63,63,61,63,0,7816,1.08413155380343,27,-89,0.001869,51,2023-06-16 22:15:36.002382,658,1.037,0.0011,"aoml_navis",1030.18284586127
"7901009",2,0,1,0.031773,1,0.009345,1,114.309795170635,1,4.85345495537443,660,1,8.51700019836426,35.0180015563965,0.0317730009555817,0,110.231201171875,-89.4289,26.8419,9.93412270012542,63,63,63,63,61,63,0,7816,1.08413155380343,27,-89,0.001869,51,2023-06-16 22:15:36.002382,660,1.037,0.0011,"aoml_navis",1030.19396408806
"7901009",2,0,1,0.029904,1,0.007476,1,114.442118100029,1,4.85341090532209,662,1,8.50100040435791,35.0149993896484,0.0299040004611015,0,110.35880279541,-89.4289,26.8419,9.93412270012542,63,63,63,63,61,63,0,7816,1.08413155380343,27,-89,0.001869,51,2023-06-16 22:15:36.002382,662,1.037,0.0011,"aoml_navis",1030.20331423354
"7901009",2,0,1,0.031773,1,0.009345,1,114.777795065551,1,4.85333921373227,664,1,8.44099998474121,35.0099983215332,0.0317730009555817,0,110.682502746582,-89.4289,26.8419,9.93412270012542,63,63,63,63,61,63,0,7816,1.08413155380343,27,-89,0.001869,51,2023-06-16 22:15:36.002382,664,1.037,0.0011,"aoml_navis",1030.21853198572
"7901009",2,0,1,0.029904,1,0.007476,1,115.05726742178,1,4.85327292245635,666,1,8.38300037384033,35.0040016174316,0.0299040004611015,0,110.952003479004,-89.4289,26.8419,9.93412270012542,63,63,63,63,61,63,0,7816,1.08413155380343,27,-89,0.001869,51,2023-06-16 22:15:36.002382,666,1.037,0.0011,"aoml_navis",1030.23260383003
"7901009",2,0,1,0.031773,1,0.009345,1,115.219346197959,1,4.85322499884343,668,1,8.36200046539307,35.0009994506836,0.0317730009555817,0,111.108299255371,-89.4289,26.8419,9.93412270012542,63,63,63,63,61,63,0,7816,1.08413155380343,27,-89,0.001869,51,2023-06-16 22:15:36.002382,668,1.037,0.0011,"aoml_navis",1030.24277695585
"7901009",2,0,1,0.026166,1,0.003738,1,115.472480555267,1,4.85315707472392,670,1,8.31099987030029,34.9970016479492,0.0261659994721413,0,111.352401733398,-89.4289,26.8419,9.93412270012542,63,63,63,63,61,63,0,7816,1.08413155380343,27,-89,0.001869,51,2023-06-16 22:15:36.002382,670,1.037,0.0011,"aoml_navis",1030.25719609218
"7901009",2,0,1,0.033642,1,0.011214,1,115.622011399246,1,4.85309740111756,672,1,8.27499961853027,34.9939994812012,0.0336420014500618,0,111.496597290039,-89.4289,26.8419,9.93412270012542,63,63,63,63,61,63,0,7816,1.08413155380343,27,-89,0.001869,51,2023-06-16 22:15:36.002382,672,1.037,0.0011,"aoml_navis",1030.26986411783
"7901009",2,0,1,0.028035,1,0.005607,1,115.707979767007,1,4.85305112410166,674,1,8.25599956512451,34.9910011291504,0.0280349999666214,0,111.579498291016,-89.4289,26.8419,9.93412270012542,63,63,63,63,61,63,0,7816,1.08413155380343,27,-89,0.001869,51,2023-06-16 22:15:36.002382,674,1.037,0.0011,"aoml_navis",1030.27968841469
"7901009",2,0,1,0.024297,1,0.001869,1,115.824336916341,1,4.85299727528378,676,1,8.23200035095215,34.9889984130859,0.0242970008403063,0,111.691703796387,-89.4289,26.8419,9.93412270012542,63,63,63,63,61,63,0,7816,1.08413155380343,27,-89,0.001869,51,2023-06-16 22:15:36.002382,676,1.037,0.0011,"aoml_navis",1030.29112038964
"7901009",2,0,1,0.026166,1,0.003738,1,116.055793257114,1,4.85293378389996,678,1,8.19099998474121,34.9860000610352,0.0261659994721413,0,111.914901733398,-89.4289,26.8419,9.93412270012542,63,63,63,63,61,63,0,7816,1.08413155380343,27,-89,0.001869,51,2023-06-16 22:15:36.002382,678,1.037,0.0011,"aoml_navis",1030.30459978414
"7901009",2,0,1,0.026166,1,0.003738,1,116.205221249191,1,4.85288232875122,680,1,8.17000007629395,34.984001159668,0.0261659994721413,0,112.05899810791,-89.4289,26.8419,9.93412270012542,63,63,63,63,61,63,0,7816,1.08413155380343,27,-89,0.001869,51,2023-06-16 22:15:36.002382,680,1.037,0.0011,"aoml_navis",1030.31552411176
"7901009",2,0,1,0.029904,1,0.007476,1,116.402768108626,1,4.8528332494275,682,1,8.15200042724609,34.9819984436035,0.0299040004611015,0,112.249496459961,-89.4289,26.8419,9.93412270012542,63,63,63,63,61,63,0,7816,1.08413155380343,27,-89,0.001869,51,2023-06-16 22:15:36.002382,682,1.037,0.0011,"aoml_navis",1030.32594424914
"7901009",2,0,1,0.029904,1,0.007476,1,116.639723070382,1,4.8527815948196,684,1,8.12600040435791,34.9790000915527,0.0299040004611015,0,112.477996826172,-89.4289,26.8419,9.93412270012542,63,63,63,63,61,63,0,7816,1.08413155380343,27,-89,0.001869,51,2023-06-16 22:15:36.002382,684,1.037,0.0011,"aoml_navis",1030.33691137832
"7901009",2,0,1,0.028035,1,0.005607,1,117.030568214479,1,4.85271963018261,686,1,8.08199977874756,34.9749984741211,0.0280349999666214,0,112.85489654541,-89.4289,26.8419,9.93412270012542,63,63,63,63,61,63,0,7816,1.08413155380343,27,-89,0.001869,51,2023-06-16 22:15:36.002382,686,1.037,0.0011,"aoml_navis",1030.35006780556
"7901009",2,0,1,0.026166,1,0.003738,1,117.417995510713,1,4.85266394934651,688,1,8.04599952697754,34.9710006713867,0.0261659994721413,0,113.228500366211,-89.4289,26.8419,9.93412270012542,63,63,63,63,61,63,0,7816,1.08413155380343,27,-89,0.001869,51,2023-06-16 22:15:36.002382,688,1.037,0.0011,"aoml_navis",1030.36189033311
"7901009",2,0,1,0.029904,1,0.007476,1,117.774931173472,1,4.85261629992253,690,1,8.02499961853027,34.9679985046387,0.0299040004611015,0,113.572700500488,-89.4289,26.8419,9.93412270012542,63,63,63,63,61,63,0,7816,1.08413155380343,27,-89,0.001869,51,2023-06-16 22:15:36.002382,690,1.037,0.0011,"aoml_navis",1030.37200779296
"7901009",2,0,1,0.028035,1,0.005607,1,118.209955165864,1,4.85254521941226,692,1,7.9689998626709,34.9640007019043,0.0280349999666214,0,113.992202758789,-89.4289,26.8419,9.93412270012542,63,63,63,63,61,63,0,7816,1.08413155380343,27,-89,0.001869,51,2023-06-16 22:15:36.002382,692,1.037,0.0011,"aoml_navis",1030.38710077298
"7901009",2,0,1,0.028035,1,0.005607,1,118.574565162943,1,4.85247891741226,694,1,7.91900014877319,34.9599990844727,0.0280349999666214,0,114.343803405762,-89.4289,26.8419,9.93412270012542,63,63,63,63,61,63,0,7816,1.08413155380343,27,-89,0.001869,51,2023-06-16 22:15:36.002382,694,1.037,0.0011,"aoml_navis",1030.4011794999
"7901009",2,0,1,0.029904,1,0.007476,1,118.767032720694,1,4.85243693369068,696,1,7.90999984741211,34.9580001831055,0.0299040004611015,0,114.529403686523,-89.4289,26.8419,9.93412270012542,63,63,63,63,61,63,0,7816,1.08413155380343,27,-89,0.001869,51,2023-06-16 22:15:36.002382,696,1.037,0.0011,"aoml_navis",1030.41009462375
"7901009",2,0,1,0.029904,1,0.007476,1,119.027524944928,1,4.85237954550774,698,1,7.88100004196167,34.9560012817383,0.0299040004611015,0,114.780601501465,-89.4289,26.8419,9.93412270012542,63,63,63,63,61,63,0,7816,1.08413155380343,27,-89,0.001869,51,2023-06-16 22:15:36.002382,698,1.037,0.0011,"aoml_navis",1030.42228109071
"7901009",2,0,1,0.026166,1,0.003738,1,119.152070688099,1,4.8523304929295,700,1,7.85799980163574,34.9529991149902,0.0261659994721413,0,114.900703430176,-89.4289,26.8419,9.93412270012542,63,63,63,63,61,63,0,7816,1.08413155380343,27,-89,0.001869,51,2023-06-16 22:15:36.002382,700,1.037,0.0011,"aoml_navis",1030.43269770797
"7901009",2,0,1,0.031773,1,0.009345,1,119.34629463989,1,4.85226932595887,702,1,7.82399988174438,34.951000213623,0.0317730009555817,0,115.087997436523,-89.4289,26.8419,9.93412270012542,63,63,63,63,61,63,0,7816,1.08413155380343,27,-89,0.001869,51,2023-06-16 22:15:36.002382,702,1.037,0.0011,"aoml_navis",1030.44568718616
"7901009",2,0,1,0.028035,1,0.005607,1,119.436203026714,1,4.85221433527117,704,1,7.7979998588562,34.9490013122559,0.0280349999666214,0,115.174697875977,-89.4289,26.8419,9.93412270012542,63,63,63,63,61,63,0,7816,1.08413155380343,27,-89,0.001869,51,2023-06-16 22:15:36.002382,704,1.037,0.0011,"aoml_navis",1030.45736534237
"7901009",2,0,1,0.031773,1,0.009345,1,119.431851600038,1,4.852166567991,706,1,7.79099988937378,34.9490013122559,0.0317730009555817,0,115.170501708984,-89.4289,26.8419,9.93412270012542,63,63,63,63,61,63,0,7816,1.08413155380343,27,-89,0.001869,51,2023-06-16 22:15:36.002382,706,1.037,0.0011,"aoml_navis",1030.46750970674
"7901009",2,0,1,0.029904,1,0.007476,1,119.482249032638,1,4.85210946332425,708,1,7.76700019836426,34.9480018615723,0.0299040004611015,0,115.219100952148,-89.4289,26.8419,9.93412270012542,63,63,63,63,61,63,0,7816,1.08413155380343,27,-89,0.001869,51,2023-06-16 22:15:36.002382,708,1.037,0.0011,"aoml_navis",1030.47963731932
"7901009",2,0,1,0.028035,1,0.005607,1,119.426250127152,1,4.85206524475014,710,1,7.75500011444092,34.9459991455078,0.0280349999666214,0,115.165100097656,-89.4289,26.8419,9.93412270012542,63,63,63,63,61,63,0,7816,1.08413155380343,27,-89,0.001869,51,2023-06-16 22:15:36.002382,710,1.037,0.0011,"aoml_navis",1030.48902844205
"7901009",2,0,1,0.028035,1,0.005607,1,119.33260742507,1,4.85200693156277,712,1,7.73899984359741,34.9469985961914,0.0280349999666214,0,115.074798583984,-89.4289,26.8419,9.93412270012542,63,63,63,63,61,63,0,7816,1.08413155380343,27,-89,0.001869,51,2023-06-16 22:15:36.002382,712,1.037,0.0011,"aoml_navis",1030.5014132347
"7901009",2,0,1,0.028035,1,0.005607,1,119.448133847493,1,4.8519507768829,714,1,7.72100019454956,34.9469985961914,0.0280349999666214,0,115.18620300293,-89.4289,26.8419,9.93412270012542,63,63,63,63,61,63,0,7816,1.08413155380343,27,-89,0.001869,51,2023-06-16 22:15:36.002382,714,1.037,0.0011,"aoml_navis",1030.51333987609
"7901009",2,0,1,0.031773,1,0.009345,1,119.700848885503,1,4.85189193909691,716,1,7.68499994277954,34.9440002441406,0.0317730009555817,0,115.429901123047,-89.4289,26.8419,9.93412270012542,63,63,63,63,61,63,0,7816,1.08413155380343,27,-89,0.001869,51,2023-06-16 22:15:36.002382,716,1.037,0.0011,"aoml_navis",1030.52583667613
"7901009",2,0,1,0.029904,1,0.007476,1,119.921830155513,1,4.85183797408442,718,1,7.66499996185303,34.943000793457,0.0299040004611015,0,115.642997741699,-89.4289,26.8419,9.93412270012542,63,63,63,63,61,63,0,7816,1.08413155380343,27,-89,0.001869,51,2023-06-16 22:15:36.002382,718,1.037,0.0011,"aoml_navis",1030.53729879418
"7901009",2,0,1,0.031773,1,0.009345,1,120.106109119427,1,4.85179315165369,720,1,7.65700006484985,34.9420013427734,0.0317730009555817,0,115.820701599121,-89.4289,26.8419,9.93412270012542,63,63,63,63,61,63,0,7816,1.08413155380343,27,-89,0.001869,51,2023-06-16 22:15:36.002382,720,1.037,0.0011,"aoml_navis",1030.54681923029
"7901009",2,0,1,0.033642,1,0.011214,1,120.445726104013,1,4.85174452874669,722,1,7.64400005340576,34.9410018920898,0.0336420014500618,0,116.14820098877,-89.4289,26.8419,9.93412270012542,63,63,63,63,61,63,0,7816,1.08413155380343,27,-89,0.001869,51,2023-06-16 22:15:36.002382,722,1.037,0.0011,"aoml_navis",1030.55714709934
"7901009",2,0,1,0.029904,1,0.007476,1,120.933014686634,1,4.85168125907098,724,1,7.60200023651123,34.9379997253418,0.0299040004611015,0,116.618103027344,-89.4289,26.8419,9.93412270012542,63,63,63,63,61,63,0,7816,1.08413155380343,27,-89,0.001869,51,2023-06-16 22:15:36.002382,724,1.037,0.0011,"aoml_navis",1030.57058636152
"7901009",2,0,1,0.029904,1,0.007476,1,121.259767271626,1,4.85161729277468,726,1,7.55900001525879,34.935001373291,0.0299040004611015,0,116.933197021484,-89.4289,26.8419,9.93412270012542,63,63,63,63,61,63,0,7816,1.08413155380343,27,-89,0.001869,51,2023-06-16 22:15:36.002382,726,1.037,0.0011,"aoml_navis",1030.58417395088
"7901009",2,0,1,0.029904,1,0.007476,1,121.462195640624,1,4.85157164968163,728,1,7.54500007629395,34.9329986572266,0.0299040004611015,0,117.128402709961,-89.4289,26.8419,9.93412270012542,63,63,63,63,61,63,0,7816,1.08413155380343,27,-89,0.001869,51,2023-06-16 22:15:36.002382,728,1.037,0.0011,"aoml_navis",1030.59386958206
"7901009",2,0,1,0.028035,1,0.005607,1,121.791028998736,1,4.85152458951106,730,1,7.53399991989136,34.931999206543,0.0280349999666214,0,117.445503234863,-89.4289,26.8419,9.93412270012542,63,63,63,63,61,63,0,7816,1.08413155380343,27,-89,0.001869,51,2023-06-16 22:15:36.002382,730,1.037,0.0011,"aoml_navis",1030.60386642375
"7901009",2,0,1,0.033642,1,0.011214,1,122.171604775876,1,4.8514661119712,732,1,7.50299978256226,34.9300003051758,0.0336420014500618,0,117.8125,-89.4289,26.8419,9.93412270012542,63,63,63,63,61,63,0,7816,1.08413155380343,27,-89,0.001869,51,2023-06-16 22:15:36.002382,732,1.037,0.0011,"aoml_navis",1030.61628889096
"7901009",2,0,1,0.029904,1,0.007476,1,122.507803912599,1,4.85141219287263,734,1,7.47800016403198,34.9280014038086,0.0299040004611015,0,118.136703491211,-89.4289,26.8419,9.93412270012542,63,63,63,63,61,63,0,7816,1.08413155380343,27,-89,0.001869,51,2023-06-16 22:15:36.002382,734,1.037,0.0011,"aoml_navis",1030.62774326734
"7901009",2,0,1,0.029904,1,0.007476,1,122.767259706116,1,4.85135981632588,736,1,7.45499992370605,34.9259986877441,0.0299040004611015,0,118.386901855469,-89.4289,26.8419,9.93412270012542,63,63,63,63,61,63,0,7816,1.08413155380343,27,-89,0.001869,51,2023-06-16 22:15:36.002382,736,1.037,0.0011,"aoml_navis",1030.63887019345
"7901009",2,0,1,0.028035,1,0.005607,1,122.973311626783,1,4.85131279003727,738,1,7.44399976730347,34.9249992370605,0.0280349999666214,0,118.585601806641,-89.4289,26.8419,9.93412270012542,63,63,63,63,61,63,0,7816,1.08413155380343,27,-89,0.001869,51,2023-06-16 22:15:36.002382,738,1.037,0.0011,"aoml_navis",1030.64886071005
"7901009",2,0,1,0.031773,1,0.009345,1,123.315001472803,1,4.85126343368836,740,1,7.42500019073486,34.9230003356934,0.0317730009555817,0,118.915100097656,-89.4289,26.8419,9.93412270012542,63,63,63,63,61,63,0,7816,1.08413155380343,27,-89,0.001869,51,2023-06-16 22:15:36.002382,740,1.037,0.0011,"aoml_navis",1030.65934644546
"7901009",2,0,1,0.029904,1,0.007476,1,123.831223086982,1,4.85120140944485,742,1,7.39400005340576,34.9220008850098,0.0299040004611015,0,119.412902832031,-89.4289,26.8419,9.93412270012542,63,63,63,63,61,63,0,7816,1.08413155380343,27,-89,0.001869,51,2023-06-16 22:15:36.002382,742,1.037,0.0011,"aoml_navis",1030.67252377224
"7901009",2,0,1,0.028035,1,0.005607,1,124.494380512504,1,4.85115128565673,744,1,7.36899995803833,34.9189987182617,0.0280349999666214,0,120.052398681641,-89.4289,26.8419,9.93412270012542,63,63,63,63,61,63,0,7816,1.08413155380343,27,-89,0.001869,51,2023-06-16 22:15:36.002382,744,1.037,0.0011,"aoml_navis",1030.68317304046
"7901009",2,0,1,0.028035,1,0.005607,1,125.26788220686,1,4.8510913968486,746,1,7.32600021362305,34.9150009155273,0.0280349999666214,0,120.798301696777,-89.4289,26.8419,9.93412270012542,63,63,63,63,61,63,0,7816,1.08413155380343,27,-89,0.001869,51,2023-06-16 22:15:36.002382,746,1.037,0.0011,"aoml_navis",1030.69589726719
"7901009",2,0,1,0.029904,1,0.007476,1,125.689313924652,1,4.85102121930322,748,1,7.27400016784668,34.9119987487793,0.0299040004611015,0,121.204696655273,-89.4289,26.8419,9.93412270012542,63,63,63,63,61,63,0,7816,1.08413155380343,27,-89,0.001869,51,2023-06-16 22:15:36.002382,748,1.037,0.0011,"aoml_navis",1030.71080788185
"7901009",2,0,1,0.024297,1,0.001869,1,126.148500202627,1,4.85095414833505,750,1,7.23099994659424,34.9099998474121,0.0242970008403063,0,121.647499084473,-89.4289,26.8419,9.93412270012542,63,63,63,63,61,63,0,7816,1.08413155380343,27,-89,0.001869,51,2023-06-16 22:15:36.002382,750,1.037,0.0011,"aoml_navis",1030.72505884561
"7901009",2,0,1,0.031773,1,0.009345,1,126.388153048922,1,4.85090494718847,752,1,7.21199989318848,34.9080009460449,0.0317730009555817,0,121.878601074219,-89.4289,26.8419,9.93412270012542,63,63,63,63,61,63,0,7816,1.08413155380343,27,-89,0.001869,51,2023-06-16 22:15:36.002382,752,1.037,0.0011,"aoml_navis",1030.73551315367
"7901009",2,0,1,0.026166,1,0.003738,1,126.73057076995,1,4.85085429135395,754,1,7.19099998474121,34.9059982299805,0.0261659994721413,0,122.208801269531,-89.4289,26.8419,9.93412270012542,63,63,63,63,61,63,0,7816,1.08413155380343,27,-89,0.001869,51,2023-06-16 22:15:36.002382,754,1.037,0.0011,"aoml_navis",1030.74627677683
"7901009",2,0,1,0.028035,1,0.005607,1,127.002368791859,1,4.85079401978304,756,1,7.15700006484985,34.9039993286133,0.0280349999666214,0,122.470901489258,-89.4289,26.8419,9.93412270012542,63,63,63,63,61,63,0,7816,1.08413155380343,27,-89,0.001869,51,2023-06-16 22:15:36.002382,756,1.037,0.0011,"aoml_navis",1030.75908389605
"7901009",2,0,1,0.028035,1,0.005607,1,127.235795142164,1,4.85072863994788,758,1,7.12099981307983,34.9029998779297,0.0280349999666214,0,122.695999145508,-89.4289,26.8419,9.93412270012542,63,63,63,63,61,63,0,7816,1.08413155380343,27,-89,0.001869,51,2023-06-16 22:15:36.002382,758,1.037,0.0011,"aoml_navis",1030.77297683132
"7901009",2,0,1,0.028035,1,0.005607,1,127.278209684734,1,4.85067658374735,760,1,7.10799980163574,34.9029998779297,0.0280349999666214,0,122.73690032959,-89.4289,26.8419,9.93412270012542,63,63,63,63,61,63,0,7816,1.08413155380343,27,-89,0.001869,51,2023-06-16 22:15:36.002382,760,1.037,0.0011,"aoml_navis",1030.78403881903
"7901009",2,0,1,0.031773,1,0.009345,1,127.382010990185,1,4.8506326539616,762,1,7.11100006103516,34.9039993286133,0.0317730009555817,0,122.83699798584,-89.4289,26.8419,9.93412270012542,63,63,63,63,61,63,0,7816,1.08413155380343,27,-89,0.001869,51,2023-06-16 22:15:36.002382,762,1.037,0.0011,"aoml_navis",1030.79337412129
"7901009",2,0,1,0.029904,1,0.007476,1,127.695084272043,1,4.85058207729721,764,1,7.09999990463257,34.9039993286133,0.0299040004611015,0,123.138900756836,-89.4289,26.8419,9.93412270012542,63,63,63,63,61,63,0,7816,1.08413155380343,27,-89,0.001869,51,2023-06-16 22:15:36.002382,764,1.037,0.0011,"aoml_navis",1030.80412212838
"7901009",2,0,1,0.026166,1,0.003738,1,128.127718935605,1,4.85053297295616,766,1,7.08599996566772,34.9029998779297,0.0261659994721413,0,123.556098937988,-89.4289,26.8419,9.93412270012542,63,63,63,63,61,63,0,7816,1.08413155380343,27,-89,0.001869,51,2023-06-16 22:15:36.002382,766,1.037,0.0011,"aoml_navis",1030.81455746764
"7901009",2,0,1,0.029904,1,0.007476,1,128.832365236568,1,4.850483136574,768,1,7.06599998474121,34.9010009765625,0.0299040004611015,0,124.23560333252,-89.4289,26.8419,9.93412270012542,63,63,63,63,61,63,0,7816,1.08413155380343,27,-89,0.001869,51,2023-06-16 22:15:36.002382,768,1.037,0.0011,"aoml_navis",1030.82514859161
"7901009",2,0,1,0.028035,1,0.005607,1,129.64526712156,1,4.85042158487806,770,1,7.01999998092651,34.8969993591309,0.0280349999666214,0,125.019500732422,-89.4289,26.8419,9.93412270012542,63,63,63,63,61,63,0,7816,1.08413155380343,27,-89,0.001869,51,2023-06-16 22:15:36.002382,770,1.037,0.0011,"aoml_navis",1030.83822973003
"7901009",2,0,1,0.029904,1,0.007476,1,130.160966564538,1,4.85036230709354,772,1,6.97700023651123,34.8930015563965,0.0299040004611015,0,125.516799926758,-89.4289,26.8419,9.93412270012542,63,63,63,63,61,63,0,7816,1.08413155380343,27,-89,0.001869,51,2023-06-16 22:15:36.002382,772,1.037,0.0011,"aoml_navis",1030.85082792426
"7901009",2,0,4,0.024297,1,0.001869,1,130.524120811601,1,4.85030818266002,774,1,6.95100021362305,34.890998840332,0.0242970008403063,0,125.866996765137,-89.4289,26.8419,9.93412270012542,63,63,63,63,61,63,0,7816,1.08413155380343,27,-89,0.001869,51,2023-06-16 22:15:36.002382,774,1.037,0.0011,"aoml_navis",1030.8623311556
"7901009",2,0,1,0.031773,1,0.009345,1,130.748219285449,1,4.85026064166856,776,1,6.93400001525879,34.8889999389648,0.0317730009555817,0,126.083099365234,-89.4289,26.8419,9.93412270012542,63,63,63,63,61,63,0,7816,1.08413155380343,27,-89,0.001869,51,2023-06-16 22:15:36.002382,776,1.037,0.0011,"aoml_navis",1030.87243539966
"7901009",2,0,1,0.031773,1,0.009345,1,130.825785443881,1,4.85021016120714,778,1,6.91800022125244,34.8880004882812,0.0317730009555817,0,126.157897949219,-89.4289,26.8419,9.93412270012542,63,63,63,63,61,63,0,7816,1.08413155380343,27,-89,0.001869,51,2023-06-16 22:15:36.002382,778,1.037,0.0011,"aoml_navis",1030.88316460819
"7901009",2,0,1,0.035511,1,0.013083,1,130.789803101108,1,4.85015965596329,780,1,6.90700006484985,34.8880004882812,0.0355109982192516,0,126.123199462891,-89.4289,26.8419,9.93412270012542,63,63,63,63,61,63,0,7816,1.08413155380343,27,-89,0.001869,51,2023-06-16 22:15:36.002382,780,1.037,0.0011,"aoml_navis",1030.89389930752
"7901009",2,0,1,0.031773,1,0.009345,1,130.627099301826,1,4.85010991949046,782,1,6.89200019836426,34.8870010375977,0.0317730009555817,0,125.966300964355,-89.4289,26.8419,9.93412270012542,63,63,63,63,61,63,0,7816,1.08413155380343,27,-89,0.001869,51,2023-06-16 22:15:36.002382,782,1.037,0.0011,"aoml_navis",1030.90447082595
"7901009",2,0,1,0.029904,1,0.007476,1,130.088899027087,1,4.85005574437734,784,1,6.88100004196167,34.8880004882812,0.0299040004611015,0,125.447303771973,-89.4289,26.8419,9.93412270012542,63,63,63,63,61,63,0,7816,1.08413155380343,27,-89,0.001869,51,2023-06-16 22:15:36.002382,784,1.037,0.0011,"aoml_navis",1030.91598602686
"7901009",2,0,1,0.026166,1,0.003738,1,129.15911782156,1,4.84999846291762,786,1,6.89099979400635,34.8940010070801,0.0261659994721413,0,124.55069732666,-89.4289,26.8419,9.93412270012542,63,63,63,63,61,63,0,7816,1.08413155380343,27,-89,0.001869,51,2023-06-16 22:15:36.002382,786,1.037,0.0011,"aoml_navis",1030.92816177763
"7901009",2,0,1,0.033642,1,0.011214,1,129.040798574379,1,4.84994330547346,788,1,6.91900014877319,34.9029998779297,0.0336420014500618,0,124.436599731445,-89.4289,26.8419,9.93412270012542,63,63,63,63,61,63,0,7816,1.08413155380343,27,-89,0.001869,51,2023-06-16 22:15:36.002382,788,1.037,0.0011,"aoml_navis",1030.93988631933
"7901009",2,0,1,0.026166,1,0.003738,1,129.343191081667,1,4.84989134172767,790,1,6.9060001373291,34.9029998779297,0.0261659994721413,0,124.728202819824,-89.4289,26.8419,9.93412270012542,63,63,63,63,61,63,0,7816,1.08413155380343,27,-89,0.001869,51,2023-06-16 22:15:36.002382,790,1.037,0.0011,"aoml_navis",1030.95093223653
"7901009",2,0,1,0.029904,1,0.007476,1,129.54975726185,1,4.84984601253872,792,1,6.89200019836426,34.9010009765625,0.0299040004611015,0,124.927398681641,-89.4289,26.8419,9.93412270012542,63,63,63,63,61,63,0,7816,1.08413155380343,27,-89,0.001869,51,2023-06-16 22:15:36.002382,792,1.037,0.0011,"aoml_navis",1030.96056804135
"7901009",2,0,1,0.026166,1,0.003738,1,129.704169615392,1,4.8497940611231,794,1,6.87900018692017,34.9010009765625,0.0261659994721413,0,125.076301574707,-89.4289,26.8419,9.93412270012542,63,63,63,63,61,63,0,7816,1.08413155380343,27,-89,0.001869,51,2023-06-16 22:15:36.002382,794,1.037,0.0011,"aoml_navis",1030.97161178059
"7901009",2,0,1,0.028035,1,0.005607,1,129.88377277355,1,4.84973843639875,796,1,6.86600017547607,34.9020004272461,0.0280349999666214,0,125.249496459961,-89.4289,26.8419,9.93412270012542,63,63,63,63,61,63,0,7816,1.08413155380343,27,-89,0.001869,51,2023-06-16 22:15:36.002382,796,1.037,0.0011,"aoml_navis",1030.98343664753
"7901009",2,0,1,0.028035,1,0.005607,1,130.084642540629,1,4.84967994155076,798,1,6.8439998626709,34.9020004272461,0.0280349999666214,0,125.443199157715,-89.4289,26.8419,9.93412270012542,63,63,63,63,61,63,0,7816,1.08413155380343,27,-89,0.001869,51,2023-06-16 22:15:36.002382,798,1.037,0.0011,"aoml_navis",1030.99587194638
"7901009",2,0,1,0.029904,1,0.007476,1,130.347626945596,1,4.84963969872357,800,1,6.84200000762939,34.9010009765625,0.0299040004611015,0,125.696800231934,-89.4289,26.8419,9.93412270012542,63,63,63,63,61,63,0,7816,1.08413155380343,27,-89,0.001869,51,2023-06-16 22:15:36.002382,800,1.037,0.0011,"aoml_navis",1031.00442726003
"7901009",2,0,1,0.029904,1,0.007476,1,130.801623158299,1,4.84958485941026,802,1,6.82499980926514,34.9010009765625,0.0299040004611015,0,126.13459777832,-89.4289,26.8419,9.93412270012542,63,63,63,63,61,63,0,7816,1.08413155380343,27,-89,0.001869,51,2023-06-16 22:15:36.002382,802,1.037,0.0011,"aoml_navis",1031.01608590225
"7901009",2,0,1,0.031773,1,0.009345,1,131.30373823836,1,4.84951695423147,804,1,6.78999996185303,34.9010009765625,0.0317730009555817,0,126.618797302246,-89.4289,26.8419,9.93412270012542,63,63,63,63,61,63,0,7816,1.08413155380343,27,-89,0.001869,51,2023-06-16 22:15:36.002382,804,1.037,0.0011,"aoml_navis",1031.03052266623
"7901009",2,0,1,0.033642,1,0.011214,1,131.815291958467,1,4.84944837413791,806,1,6.75400018692017,34.9010009765625,0.0336420014500618,0,127.112098693848,-89.4289,26.8419,9.93412270012542,63,63,63,63,61,63,0,7816,1.08413155380343,27,-89,0.001869,51,2023-06-16 22:15:36.002382,806,1.037,0.0011,"aoml_navis",1031.04510332865
"7901009",2,0,1,0.031773,1,0.009345,1,132.128468092228,1,4.8494016131102,808,1,6.74300003051758,34.9000015258789,0.0317730009555817,0,127.414100646973,-89.4289,26.8419,9.93412270012542,63,63,63,63,61,63,0,7816,1.08413155380343,27,-89,0.001869,51,2023-06-16 22:15:36.002382,808,1.037,0.0011,"aoml_navis",1031.05504532408
"7901009",2,0,1,0.029904,1,0.007476,1,132.572099997756,1,4.84935848972952,810,1,6.73699998855591,34.898998260498,0.0299040004611015,0,127.841903686523,-89.4289,26.8419,9.93412270012542,63,63,63,63,61,63,0,7816,1.08413155380343,27,-89,0.001869,51,2023-06-16 22:15:36.002382,810,1.037,0.0011,"aoml_navis",1031.06421407894
"7901009",2,0,1,0.028035,1,0.005607,1,133.121708922071,1,4.84929727316224,812,1,6.70599985122681,34.8979988098145,0.0280349999666214,0,128.37190246582,-89.4289,26.8419,9.93412270012542,63,63,63,63,61,63,0,7816,1.08413155380343,27,-89,0.001869,51,2023-06-16 22:15:36.002382,812,1.037,0.0011,"aoml_navis",1031.07723002914
"7901009",2,0,1,0.028035,1,0.005607,1,133.520125548586,1,4.84924403217842,814,1,6.68599987030029,34.8969993591309,0.0280349999666214,0,128.756103515625,-89.4289,26.8419,9.93412270012542,63,63,63,63,61,63,0,7816,1.08413155380343,27,-89,0.001869,51,2023-06-16 22:15:36.002382,814,1.037,0.0011,"aoml_navis",1031.08855046708
"7901009",2,0,1,0.029904,1,0.007476,1,134.147395571552,1,4.8492030704868,816,1,6.68300008773804,34.8959999084473,0.0299040004611015,0,129.360992431641,-89.4289,26.8419,9.93412270012542,63,63,63,63,61,63,0,7816,1.08413155380343,27,-89,0.001869,51,2023-06-16 22:15:36.002382,816,1.037,0.0011,"aoml_navis",1031.0972601727
"7901009",2,0,1,0.031773,1,0.009345,1,135.004167749131,1,4.84914624068631,818,1,6.65799999237061,34.8950004577637,0.0317730009555817,0,130.187194824219,-89.4289,26.8419,9.93412270012542,63,63,63,63,61,63,0,7816,1.08413155380343,27,-89,0.001869,51,2023-06-16 22:15:36.002382,818,1.037,0.0011,"aoml_navis",1031.10934416619
"7901009",2,0,1,0.026166,1,0.003738,1,135.855338453823,1,4.8490844815581,820,1,6.62099981307983,34.8930015563965,0.0261659994721413,0,131.007995605469,-89.4289,26.8419,9.93412270012542,63,63,63,63,61,63,0,7816,1.08413155380343,27,-89,0.001869,51,2023-06-16 22:15:36.002382,820,1.037,0.0011,"aoml_navis",1031.12247662747
"7901009",2,0,1,0.026166,1,0.003738,1,136.437717576857,1,4.84901911332044,822,1,6.58400011062622,34.8919982910156,0.0261659994721413,0,131.569595336914,-89.4289,26.8419,9.93412270012542,63,63,63,63,61,63,0,7816,1.08413155380343,27,-89,0.001869,51,2023-06-16 22:15:36.002382,822,1.037,0.0011,"aoml_navis",1031.13637689421
"7901009",2,0,1,0.029904,1,0.007476,1,136.701429856832,1,4.84893722869521,824,1,6.52899980545044,34.8919982910156,0.0299040004611015,0,131.82389831543,-89.4289,26.8419,9.93412270012542,63,63,63,63,61,63,0,7816,1.08413155380343,27,-89,0.001869,51,2023-06-16 22:15:36.002382,824,1.037,0.0011,"aoml_navis",1031.15378982653
"7901009",2,0,1,0.028035,1,0.005607,1,136.855327950858,1,4.84887116120784,826,1,6.49599981307983,34.8919982910156,0.0280349999666214,0,131.972305297852,-89.4289,26.8419,9.93412270012542,63,63,63,63,61,63,0,7816,1.08413155380343,27,-89,0.001869,51,2023-06-16 22:15:36.002382,826,1.037,0.0011,"aoml_navis",1031.16783964095
"7901009",2,0,1,0.026166,1,0.003738,1,136.817889858069,1,4.84881938945649,828,1,6.48299980163574,34.8919982910156,0.0261659994721413,0,131.93620300293,-89.4289,26.8419,9.93412270012542,63,63,63,63,61,63,0,7816,1.08413155380343,27,-89,0.001869,51,2023-06-16 22:15:36.002382,828,1.037,0.0011,"aoml_navis",1031.1788496128
"7901009",2,0,1,0.031773,1,0.009345,1,136.732237957702,1,4.84876464156332,830,1,6.47100019454956,34.8930015563965,0.0317730009555817,0,131.853607177734,-89.4289,26.8419,9.93412270012542,63,63,63,63,61,63,0,7816,1.08413155380343,27,-89,0.001869,51,2023-06-16 22:15:36.002382,830,1.037,0.0011,"aoml_navis",1031.19049275774
"7901009",2,0,1,0.028035,1,0.005607,1,136.704958468282,1,4.84871644282504,832,1,6.46299982070923,34.8930015563965,0.0280349999666214,0,131.827301025391,-89.4289,26.8419,9.93412270012542,63,63,63,63,61,63,0,7816,1.08413155380343,27,-89,0.001869,51,2023-06-16 22:15:36.002382,832,1.037,0.0011,"aoml_navis",1031.20074332225
"7901009",2,0,1,0.028035,1,0.005607,1,136.647092405168,1,4.8486645662051,834,1,6.45499992370605,34.8940010070801,0.0280349999666214,0,131.771499633789,-89.4289,26.8419,9.93412270012542,63,63,63,63,61,63,0,7816,1.08413155380343,27,-89,0.001869,51,2023-06-16 22:15:36.002382,834,1.037,0.0011,"aoml_navis",1031.21177630016
"7901009",2,0,1,0.029904,1,0.007476,1,136.525663865834,1,4.84861850951209,836,1,6.44999980926514,34.8940010070801,0.0299040004611015,0,131.654403686523,-89.4289,26.8419,9.93412270012542,63,63,63,63,61,63,0,7816,1.08413155380343,27,-89,0.001869,51,2023-06-16 22:15:36.002382,836,1.037,0.0011,"aoml_navis",1031.22157170974
"7901009",2,0,1,0.029904,1,0.007476,1,136.469759900567,1,4.84856948649904,838,1,6.44600009918213,34.8950004577637,0.0299040004611015,0,131.600494384766,-89.4289,26.8419,9.93412270012542,63,63,63,63,61,63,0,7816,1.08413155380343,27,-89,0.001869,51,2023-06-16 22:15:36.002382,838,1.037,0.0011,"aoml_navis",1031.23199820537
"7901009",2,0,1,0.028035,1,0.005607,1,136.421957500602,1,4.84851761670674,840,1,6.43800020217896,34.8959999084473,0.0280349999666214,0,131.554397583008,-89.4289,26.8419,9.93412270012542,63,63,63,63,61,63,0,7816,1.08413155380343,27,-89,0.001869,51,2023-06-16 22:15:36.002382,840,1.037,0.0011,"aoml_navis",1031.24303039991
"7901009",2,0,1,0.028035,1,0.005607,1,136.333504863793,1,4.84847014206348,842,1,6.43100023269653,34.8959999084473,0.0280349999666214,0,131.469100952148,-89.4289,26.8419,9.93412270012542,63,63,63,63,61,63,0,7816,1.08413155380343,27,-89,0.001869,51,2023-06-16 22:15:36.002382,842,1.037,0.0011,"aoml_navis",1031.25312799638
"7901009",2,0,1,0.026166,1,0.003738,1,136.139478704124,1,4.84841614241951,844,1,6.42000007629395,34.8969993591309,0.0261659994721413,0,131.281997680664,-89.4289,26.8419,9.93412270012542,63,63,63,63,61,63,0,7816,1.08413155380343,27,-89,0.001869,51,2023-06-16 22:15:36.002382,844,1.037,0.0011,"aoml_navis",1031.26461366512
"7901009",2,0,1,0.028035,1,0.005607,1,136.103179893956,1,4.84835832895445,846,1,6.41400003433228,34.9000015258789,0.0280349999666214,0,131.246994018555,-89.4289,26.8419,9.93412270012542,63,63,63,63,61,63,0,7816,1.08413155380343,27,-89,0.001869,51,2023-06-16 22:15:36.002382,846,1.037,0.0011,"aoml_navis",1031.27691081328
"7901009",2,0,1,0.029904,1,0.007476,1,136.249087186266,1,4.84831086185762,848,1,6.40700006484985,34.9000015258789,0.0299040004611015,0,131.3876953125,-89.4289,26.8419,9.93412270012542,63,63,63,63,61,63,0,7816,1.08413155380343,27,-89,0.001869,51,2023-06-16 22:15:36.002382,848,1.037,0.0011,"aoml_navis",1031.28700746805
"7901009",2,0,1,0.033642,1,0.011214,1,136.420501750587,1,4.84826126354179,850,1,6.39699983596802,34.9000015258789,0.0336420014500618,0,131.552993774414,-89.4289,26.8419,9.93412270012542,63,63,63,63,61,63,0,7816,1.08413155380343,27,-89,0.001869,51,2023-06-16 22:15:36.002382,850,1.037,0.0011,"aoml_navis",1031.29755766243
"7901009",2,0,1,0.028035,1,0.005607,1,136.68847051702,1,4.84820798888054,852,1,6.38700008392334,34.9010009765625,0.0280349999666214,0,131.811401367188,-89.4289,26.8419,9.93412270012542,63,63,63,63,61,63,0,7816,1.08413155380343,27,-89,0.001869,51,2023-06-16 22:15:36.002382,852,1.037,0.0011,"aoml_navis",1031.30889010282
"7901009",2,0,1,0.028035,1,0.005607,1,136.995728710501,1,4.84815626696234,854,1,6.37400007247925,34.9010009765625,0.0280349999666214,0,132.107696533203,-89.4289,26.8419,9.93412270012542,63,63,63,63,61,63,0,7816,1.08413155380343,27,-89,0.001869,51,2023-06-16 22:15:36.002382,854,1.037,0.0011,"aoml_navis",1031.31989248622
"7901009",2,0,1,0.028035,1,0.005607,1,137.464970739941,1,4.84810029279146,856,1,6.35500001907349,34.9010009765625,0.0280349999666214,0,132.560195922852,-89.4289,26.8419,9.93412270012542,63,63,63,63,61,63,0,7816,1.08413155380343,27,-89,0.001869,51,2023-06-16 22:15:36.002382,856,1.037,0.0011,"aoml_navis",1031.33179968129
"7901009",2,0,1,0.026166,1,0.003738,1,137.910572655,1,4.84802931689569,858,1,6.32000017166138,34.9020004272461,0.0261659994721413,0,132.989898681641,-89.4289,26.8419,9.93412270012542,63,63,63,63,61,63,0,7816,1.08413155380343,27,-89,0.001869,51,2023-06-16 22:15:36.002382,858,1.037,0.0011,"aoml_navis",1031.34689853765
"7901009",2,0,1,0.024297,1,0.001869,1,138.09806376297,1,4.84797338080408,860,1,6.30100011825562,34.9020004272461,0.0242970008403063,0,133.170700073242,-89.4289,26.8419,9.93412270012542,63,63,63,63,61,63,0,7816,1.08413155380343,27,-89,0.001869,51,2023-06-16 22:15:36.002382,860,1.037,0.0011,"aoml_navis",1031.35879825535
"7901009",2,0,1,0.029904,1,0.007476,1,138.277263425199,1,4.8479294755384,862,1,6.29899978637695,34.9020004272461,0.0299040004611015,0,133.343505859375,-89.4289,26.8419,9.93412270012542,63,63,63,63,61,63,0,7816,1.08413155380343,27,-89,0.001869,51,2023-06-16 22:15:36.002382,862,1.037,0.0011,"aoml_navis",1031.36813875468
"7901009",2,0,1,0.026166,1,0.003738,1,138.491923259001,1,4.84788486520062,864,1,6.2960000038147,34.9020004272461,0.0261659994721413,0,133.550506591797,-89.4289,26.8419,9.93412270012542,63,63,63,63,61,63,0,7816,1.08413155380343,27,-89,0.001869,51,2023-06-16 22:15:36.002382,864,1.037,0.0011,"aoml_navis",1031.37762942584
"7901009",2,0,1,0.026166,1,0.003738,1,138.778437014762,1,4.84784322934472,866,1,6.29199981689453,34.9010009765625,0.0261659994721413,0,133.826797485352,-89.4289,26.8419,9.93412270012542,63,63,63,63,61,63,0,7816,1.08413155380343,27,-89,0.001869,51,2023-06-16 22:15:36.002382,866,1.037,0.0011,"aoml_navis",1031.38648744544
"7901009",2,0,1,0.028035,1,0.005607,1,139.255353378523,1,4.84779508591008,868,1,6.28399991989136,34.9010009765625,0.0280349999666214,0,134.286697387695,-89.4289,26.8419,9.93412270012542,63,63,63,63,61,63,0,7816,1.08413155380343,27,-89,0.001869,51,2023-06-16 22:15:36.002382,868,1.037,0.0011,"aoml_navis",1031.39673014074
"7901009",2,0,1,0.031773,1,0.009345,1,139.974826176925,1,4.84774214524313,870,1,6.26399993896484,34.9000015258789,0.0317730009555817,0,134.980499267578,-89.4289,26.8419,9.93412270012542,63,63,63,63,61,63,0,7816,1.08413155380343,27,-89,0.001869,51,2023-06-16 22:15:36.002382,870,1.037,0.0011,"aoml_navis",1031.40799369997
"7901009",2,0,1,0.028035,1,0.005607,1,140.639645056269,1,4.84767073272402,872,1,6.22300004959106,34.9000015258789,0.0280349999666214,0,135.621597290039,-89.4289,26.8419,9.93412270012542,63,63,63,63,61,63,0,7816,1.08413155380343,27,-89,0.001869,51,2023-06-16 22:15:36.002382,872,1.037,0.0011,"aoml_navis",1031.42318768634
"7901009",2,0,1,0.024297,1,0.001869,1,141.034438131114,1,4.84761644526434,874,1,6.20100021362305,34.898998260498,0.0242970008403063,0,136.002304077148,-89.4289,26.8419,9.93412270012542,63,63,63,63,61,63,0,7816,1.08413155380343,27,-89,0.001869,51,2023-06-16 22:15:36.002382,874,1.037,0.0011,"aoml_navis",1031.43473838251
"7901009",2,0,1,0.028035,1,0.005607,1,141.386808751705,1,4.84756621397557,876,1,6.19000005722046,34.898998260498,0.0280349999666214,0,136.342102050781,-89.4289,26.8419,9.93412270012542,63,63,63,63,61,63,0,7816,1.08413155380343,27,-89,0.001869,51,2023-06-16 22:15:36.002382,876,1.037,0.0011,"aoml_navis",1031.44542628112
"7901009",2,0,1,0.028035,1,0.005607,1,141.693038426153,1,4.8475089603353,878,1,6.16900014877319,34.898998260498,0.0280349999666214,0,136.637405395508,-89.4289,26.8419,9.93412270012542,63,63,63,63,61,63,0,7816,1.08413155380343,27,-89,0.001869,51,2023-06-16 22:15:36.002382,878,1.037,0.0011,"aoml_navis",1031.45760862176
"7901009",2,0,1,0.031773,1,0.009345,1,141.945547760357,1,4.84745153637241,880,1,6.15299987792969,34.9000015258789,0.0317730009555817,0,136.880905151367,-89.4289,26.8419,9.93412270012542,63,63,63,63,61,63,0,7816,1.08413155380343,27,-89,0.001869,51,2023-06-16 22:15:36.002382,880,1.037,0.0011,"aoml_navis",1031.46982749244
"7901009",2,0,1,0.029904,1,0.007476,1,142.145064629324,1,4.84740062182093,882,1,6.14099979400635,34.9000015258789,0.0299040004611015,0,137.073303222656,-89.4289,26.8419,9.93412270012542,63,63,63,63,61,63,0,7816,1.08413155380343,27,-89,0.001869,51,2023-06-16 22:15:36.002382,882,1.037,0.0011,"aoml_navis",1031.48066151003
"7901009",2,0,1,0.029904,1,0.007476,1,142.306415530494,1,4.84735251699768,884,1,6.13299989700317,34.9000015258789,0.0299040004611015,0,137.228897094727,-89.4289,26.8419,9.93412270012542,63,63,63,63,61,63,0,7816,1.08413155380343,27,-89,0.001869,51,2023-06-16 22:15:36.002382,884,1.037,0.0011,"aoml_navis",1031.49089785961
"7901009",2,0,1,0.028035,1,0.005607,1,142.605493041823,1,4.84730441479072,886,1,6.125,34.9000015258789,0.0280349999666214,0,137.517303466797,-89.4289,26.8419,9.93412270012542,63,63,63,63,61,63,0,7816,1.08413155380343,27,-89,0.001869,51,2023-06-16 22:15:36.002382,886,1.037,0.0011,"aoml_navis",1031.50113385562
"7901009",2,0,1,0.028035,1,0.005607,1,142.910361906474,1,4.84725771686319,888,1,6.11899995803833,34.9000015258789,0.0280349999666214,0,137.811294555664,-89.4289,26.8419,9.93412270012542,63,63,63,63,61,63,0,7816,1.08413155380343,27,-89,0.001869,51,2023-06-16 22:15:36.002382,888,1.037,0.0011,"aoml_navis",1031.5110712198
"7901009",2,0,1,0.028035,1,0.005607,1,143.288144858856,1,4.8472089188267,890,1,6.1100001335144,34.9000015258789,0.0280349999666214,0,138.175598144531,-89.4289,26.8419,9.93412270012542,63,63,63,63,61,63,0,7816,1.08413155380343,27,-89,0.001869,51,2023-06-16 22:15:36.002382,890,1.037,0.0011,"aoml_navis",1031.52145569378
"7901009",2,0,1,0.035511,1,0.013083,1,143.741516048454,1,4.8471510221533,892,1,6.08799982070923,34.9000015258789,0.0355109982192516,0,138.61279296875,-89.4289,26.8419,9.93412270012542,63,63,63,63,61,63,0,7816,1.08413155380343,27,-89,0.001869,51,2023-06-16 22:15:36.002382,892,1.037,0.0011,"aoml_navis",1031.53377667585
"7901009",2,0,1,0.028035,1,0.005607,1,144.210868841483,1,4.84709174625567,894,1,6.06400012969971,34.9000015258789,0.0280349999666214,0,139.065399169922,-89.4289,26.8419,9.93412270012542,63,63,63,63,61,63,0,7816,1.08413155380343,27,-89,0.001869,51,2023-06-16 22:15:36.002382,894,1.037,0.0011,"aoml_navis",1031.54639147535
"7901009",2,0,1,0.026166,1,0.003738,1,144.505784806571,1,4.84703299861934,896,1,6.0460000038147,34.9010009765625,0.0261659994721413,0,139.349792480469,-89.4289,26.8419,9.93412270012542,63,63,63,63,61,63,0,7816,1.08413155380343,27,-89,0.001869,51,2023-06-16 22:15:36.002382,896,1.037,0.0011,"aoml_navis",1031.55889415736
"7901009",2,0,1,0.031773,1,0.009345,1,144.775731494221,1,4.84698422223903,898,1,6.03700017929077,34.9010009765625,0.0317730009555817,0,139.610107421875,-89.4289,26.8419,9.93412270012542,63,63,63,63,61,63,0,7816,1.08413155380343,27,-89,0.001869,51,2023-06-16 22:15:36.002382,898,1.037,0.0011,"aoml_navis",1031.56927498524
"7901009",2,0,1,0.028035,1,0.005607,1,145.029269347458,1,4.84693335618753,900,1,6.02500009536743,34.9010009765625,0.0280349999666214,0,139.854598999023,-89.4289,26.8419,9.93412270012542,63,63,63,63,61,63,0,7816,1.08413155380343,27,-89,0.001869,51,2023-06-16 22:15:36.002382,900,1.037,0.0011,"aoml_navis",1031.58010076971
"7901009",2,0,1,0.031773,1,0.009345,1,145.194465327473,1,4.8468852838585,902,1,6.01700019836426,34.9010009765625,0.0317730009555817,0,140.013900756836,-89.4289,26.8419,9.93412270012542,63,63,63,63,61,63,0,7816,1.08413155380343,27,-89,0.001869,51,2023-06-16 22:15:36.002382,902,1.037,0.0011,"aoml_navis",1031.59033217712
"7901009",2,0,1,0.028035,1,0.005607,1,145.342445481219,1,4.84684069969529,904,1,6.01399993896484,34.9010009765625,0.0280349999666214,0,140.156600952148,-89.4289,26.8419,9.93412270012542,63,63,63,63,61,63,0,7816,1.08413155380343,27,-89,0.001869,51,2023-06-16 22:15:36.002382,904,1.037,0.0011,"aoml_navis",1031.59982136701
"7901009",2,0,1,0.028035,1,0.005607,1,145.630209283188,1,4.84679472288865,906,1,6.00899982452393,34.9010009765625,0.0280349999666214,0,140.434097290039,-89.4289,26.8419,9.93412270012542,63,63,63,63,61,63,0,7816,1.08413155380343,27,-89,0.001869,51,2023-06-16 22:15:36.002382,906,1.037,0.0011,"aoml_navis",1031.60960714673
"7901009",2,0,1,0.029904,1,0.007476,1,145.935299675016,1,4.8467431721506,908,1,5.99599981307983,34.9010009765625,0.0299040004611015,0,140.728302001953,-89.4289,26.8419,9.93412270012542,63,63,63,63,61,63,0,7816,1.08413155380343,27,-89,0.001869,51,2023-06-16 22:15:36.002382,908,1.037,0.0011,"aoml_navis",1031.62057951203
"7901009",2,0,1,0.031773,1,0.009345,1,146.164168894838,1,4.84669302027703,910,1,5.9850001335144,34.9010009765625,0.0317730009555817,0,140.949005126953,-89.4289,26.8419,9.93412270012542,63,63,63,63,61,63,0,7816,1.08413155380343,27,-89,0.001869,51,2023-06-16 22:15:36.002382,910,1.037,0.0011,"aoml_navis",1031.63125435871
"7901009",2,0,1,0.028035,1,0.005607,1,146.48677575696,1,4.84664426449354,912,1,5.97599983215332,34.9010009765625,0.0280349999666214,0,141.260101318359,-89.4289,26.8419,9.93412270012542,63,63,63,63,61,63,0,7816,1.08413155380343,27,-89,0.001869,51,2023-06-16 22:15:36.002382,912,1.037,0.0011,"aoml_navis",1031.64163225883
"7901009",2,0,1,0.031773,1,0.009345,1,146.723319311103,1,4.84659043994975,914,1,5.96500015258789,34.9020004272461,0.0317730009555817,0,141.488204956055,-89.4289,26.8419,9.93412270012542,63,63,63,63,61,63,0,7816,1.08413155380343,27,-89,0.001869,51,2023-06-16 22:15:36.002382,914,1.037,0.0011,"aoml_navis",1031.65308931114
"7901009",2,0,1,0.029904,1,0.007476,1,147.095184323205,1,4.8465460668351,916,1,5.95699977874756,34.9010009765625,0.0299040004611015,0,141.846801757812,-89.4289,26.8419,9.93412270012542,63,63,63,63,61,63,0,7816,1.08413155380343,27,-89,0.001869,51,2023-06-16 22:15:36.002382,916,1.037,0.0011,"aoml_navis",1031.66253473066
"7901009",2,0,4,0.026166,1,0.003738,1,147.509677493368,1,4.84648738409604,918,1,5.93900012969971,34.9020004272461,0.0261659994721413,0,142.246505737305,-89.4289,26.8419,9.93412270012542,63,63,63,63,61,63,0,7816,1.08413155380343,27,-89,0.001869,51,2023-06-16 22:15:36.002382,918,1.037,0.0011,"aoml_navis",1031.6750264135
"7901009",2,0,1,0.031773,1,0.009345,1,147.902176179602,1,4.84643447586987,920,1,5.92399978637695,34.9020004272461,0.0317730009555817,0,142.625,-89.4289,26.8419,9.93412270012542,63,63,63,63,61,63,0,7816,1.08413155380343,27,-89,0.001869,51,2023-06-16 22:15:36.002382,920,1.037,0.0011,"aoml_navis",1031.68628914612
"7901009",2,0,1,0.031773,1,0.009345,1,148.311273580686,1,4.84637581414309,922,1,5.9060001373291,34.9029998779297,0.0317730009555817,0,143.019500732422,-89.4289,26.8419,9.93412270012542,63,63,63,63,61,63,0,7816,1.08413155380343,27,-89,0.001869,51,2023-06-16 22:15:36.002382,922,1.037,0.0011,"aoml_navis",1031.69877693112
"7901009",2,0,1,0.029904,1,0.007476,1,148.681793606361,1,4.84632361673073,924,1,5.89200019836426,34.9029998779297,0.0299040004611015,0,143.376800537109,-89.4289,26.8419,9.93412270012542,63,63,63,63,61,63,0,7816,1.08413155380343,27,-89,0.001869,51,2023-06-16 22:15:36.002382,924,1.037,0.0011,"aoml_navis",1031.70988886065
"7901009",2,0,1,0.029904,1,0.007476,1,148.997865416783,1,4.84626796319684,926,1,5.8730001449585,34.9029998779297,0.0299040004611015,0,143.681594848633,-89.4289,26.8419,9.93412270012542,63,63,63,63,61,63,0,7816,1.08413155380343,27,-89,0.001869,51,2023-06-16 22:15:36.002382,926,1.037,0.0011,"aoml_navis",1031.72173680255
"7901009",2,0,1,0.029904,1,0.007476,1,149.158393502727,1,4.84621924201714,928,1,5.86399984359741,34.9029998779297,0.0299040004611015,0,143.836395263672,-89.4289,26.8419,9.93412270012542,63,63,63,63,61,63,0,7816,1.08413155380343,27,-89,0.001869,51,2023-06-16 22:15:36.002382,928,1.037,0.0011,"aoml_navis",1031.73210915626
"7901009",2,0,1,0.031773,1,0.009345,1,149.372436225109,1,4.84617398463279,930,1,5.8600001335144,34.9029998779297,0.0317730009555817,0,144.04280090332,-89.4289,26.8419,9.93412270012542,63,63,63,63,61,63,0,7816,1.08413155380343,27,-89,0.001869,51,2023-06-16 22:15:36.002382,930,1.037,0.0011,"aoml_navis",1031.74174428219
"7901009",2,0,1,0.029904,1,0.007476,1,149.642778497002,1,4.84612020412825,932,1,5.84899997711182,34.9039993286133,0.0299040004611015,0,144.303497314453,-89.4289,26.8419,9.93412270012542,63,63,63,63,61,63,0,7816,1.08413155380343,27,-89,0.001869,51,2023-06-16 22:15:36.002382,932,1.037,0.0011,"aoml_navis",1031.75319418215
"7901009",2,0,1,0.026166,1,0.003738,1,149.839700333333,1,4.84607218328267,934,1,5.84100008010864,34.9039993286133,0.0261659994721413,0,144.493392944336,-89.4289,26.8419,9.93412270012542,63,63,63,63,61,63,0,7816,1.08413155380343,27,-89,0.001869,51,2023-06-16 22:15:36.002382,934,1.037,0.0011,"aoml_navis",1031.76341806223
"7901009",2,0,1,0.026166,1,0.003738,1,150.138983548468,1,4.84602693101109,936,1,5.83699989318848,34.9039993286133,0.0261659994721413,0,144.781997680664,-89.4289,26.8419,9.93412270012542,63,63,63,63,61,63,0,7816,1.08413155380343,27,-89,0.001869,51,2023-06-16 22:15:36.002382,936,1.037,0.0011,"aoml_navis",1031.77305268437
"7901009",2,0,1,0.028035,1,0.005607,1,150.596611224525,1,4.84597476675206,938,1,5.82299995422363,34.9039993286133,0.0280349999666214,0,145.223297119141,-89.4289,26.8419,9.93412270012542,63,63,63,63,61,63,0,7816,1.08413155380343,27,-89,0.001869,51,2023-06-16 22:15:36.002382,938,1.037,0.0011,"aoml_navis",1031.78415915508
"7901009",2,0,1,0.029904,1,0.007476,1,150.998872929884,1,4.84591133463874,940,1,5.7979998588562,34.9049987792969,0.0299040004611015,0,145.611206054688,-89.4289,26.8419,9.93412270012542,63,63,63,63,61,63,0,7816,1.08413155380343,27,-89,0.001869,51,2023-06-16 22:15:36.002382,940,1.037,0.0011,"aoml_navis",1031.79766502532
"7901009",2,0,1,0.029904,1,0.007476,1,151.161363113675,1,4.84586056869629,942,1,5.78599977493286,34.9049987792969,0.0299040004611015,0,145.76789855957,-89.4289,26.8419,9.93412270012542,63,63,63,63,61,63,0,7816,1.08413155380343,27,-89,0.001869,51,2023-06-16 22:15:36.002382,942,1.037,0.0011,"aoml_navis",1031.80847428823
"7901009",2,0,1,0.031773,1,0.009345,1,151.222140676821,1,4.84580681692507,944,1,5.77500009536743,34.9059982299805,0.0317730009555817,0,145.826507568359,-89.4289,26.8419,9.93412270012542,63,63,63,63,61,63,0,7816,1.08413155380343,27,-89,0.001869,51,2023-06-16 22:15:36.002382,944,1.037,0.0011,"aoml_navis",1031.81991955114
"7901009",2,0,1,0.028035,1,0.005607,1,151.319201226765,1,4.84575881697792,946,1,5.76700019836426,34.9059982299805,0.0280349999666214,0,145.920104980469,-89.4289,26.8419,9.93412270012542,63,63,63,63,61,63,0,7816,1.08413155380343,27,-89,0.001869,51,2023-06-16 22:15:36.002382,946,1.037,0.0011,"aoml_navis",1031.83014030365
"7901009",2,0,1,0.026166,1,0.003738,1,151.547342571579,1,4.84571495398477,948,1,5.7649998664856,34.9059982299805,0.0261659994721413,0,146.140106201172,-89.4289,26.8419,9.93412270012542,63,63,63,63,61,63,0,7816,1.08413155380343,27,-89,0.001869,51,2023-06-16 22:15:36.002382,948,1.037,0.0011,"aoml_navis",1031.83948034095
"7901009",2,0,1,0.031773,1,0.009345,1,151.827843446841,1,4.84566971476012,950,1,5.76100015640259,34.9059982299805,0.0317730009555817,0,146.410598754883,-89.4289,26.8419,9.93412270012542,63,63,63,63,61,63,0,7816,1.08413155380343,27,-89,0.001869,51,2023-06-16 22:15:36.002382,950,1.037,0.0011,"aoml_navis",1031.84911360545
"7901009",2,0,1,0.029904,1,0.007476,1,152.113534387375,1,4.84560907238827,952,1,5.73999977111816,34.9070014953613,0.0299040004611015,0,146.686096191406,-89.4289,26.8419,9.93412270012542,63,63,63,63,61,63,0,7816,1.08413155380343,27,-89,0.001869,51,2023-06-16 22:15:36.002382,952,1.037,0.0011,"aoml_navis",1031.86202710646
"7901009",2,0,1,0.029904,1,0.007476,1,152.306009856811,1,4.84555970720603,954,1,5.73000001907349,34.9070014953613,0.0299040004611015,0,146.871704101562,-89.4289,26.8419,9.93412270012542,63,63,63,63,61,63,0,7816,1.08413155380343,27,-89,0.001869,51,2023-06-16 22:15:36.002382,954,1.037,0.0011,"aoml_navis",1031.87253942291
"7901009",2,0,1,0.029904,1,0.007476,1,152.554879815976,1,4.8455124091382,956,1,5.72300004959106,34.9070014953613,0.0299040004611015,0,147.111694335938,-89.4289,26.8419,9.93412270012542,63,63,63,63,61,63,0,7816,1.08413155380343,27,-89,0.001869,51,2023-06-16 22:15:36.002382,956,1.037,0.0011,"aoml_navis",1031.88261174823
"7901009",2,0,1,0.026166,1,0.003738,1,152.814557136669,1,4.84546580108886,958,1,5.71700000762939,34.9070014953613,0.0261659994721413,0,147.362106323242,-89.4289,26.8419,9.93412270012542,63,63,63,63,61,63,0,7816,1.08413155380343,27,-89,0.001869,51,2023-06-16 22:15:36.002382,958,1.037,0.0011,"aoml_navis",1031.89253732354
"7901009",2,0,1,0.029904,1,0.007476,1,153.196375048333,1,4.84540726524848,960,1,5.69899988174438,34.9080009460449,0.0299040004611015,0,147.73030090332,-89.4289,26.8419,9.93412270012542,63,63,63,63,61,63,0,7816,1.08413155380343,27,-89,0.001869,51,2023-06-16 22:15:36.002382,960,1.037,0.0011,"aoml_navis",1031.90500329255
"7901009",2,0,1,0.028035,1,0.005607,1,153.429073523631,1,4.84535654087524,962,1,5.68699979782104,34.9080009460449,0.0280349999666214,0,147.954696655273,-89.4289,26.8419,9.93412270012542,63,63,63,63,61,63,0,7816,1.08413155380343,27,-89,0.001869,51,2023-06-16 22:15:36.002382,962,1.037,0.0011,"aoml_navis",1031.91580595157
"7901009",2,0,1,0.028035,1,0.005607,1,153.650157645544,1,4.84530856751229,964,1,5.67899990081787,34.9080009460449,0.0280349999666214,0,148.167892456055,-89.4289,26.8419,9.93412270012542,63,63,63,63,61,63,0,7816,1.08413155380343,27,-89,0.001869,51,2023-06-16 22:15:36.002382,964,1.037,0.0011,"aoml_navis",1031.92602294205
"7901009",2,0,1,0.026166,1,0.003738,1,153.908790623835,1,4.84525691669126,966,1,5.6710000038147,34.9090003967285,0.0261659994721413,0,148.417297363281,-89.4289,26.8419,9.93412270012542,63,63,63,63,61,63,0,7816,1.08413155380343,27,-89,0.001869,51,2023-06-16 22:15:36.002382,966,1.037,0.0011,"aoml_navis",1031.93702335488
"7901009",2,0,1,0.031773,1,0.009345,1,154.10602892756,1,4.84520689004355,968,1,5.65999984741211,34.9090003967285,0.0317730009555817,0,148.607498168945,-89.4289,26.8419,9.93412270012542,63,63,63,63,61,63,0,7816,1.08413155380343,27,-89,0.001869,51,2023-06-16 22:15:36.002382,968,1.037,0.0011,"aoml_navis",1031.94767808048
"7901009",2,0,1,0.029904,1,0.007476,1,154.329818845698,1,4.84516372707334,970,1,5.65899991989136,34.9090003967285,0.0299040004611015,0,148.823303222656,-89.4289,26.8419,9.93412270012542,63,63,63,63,61,63,0,7816,1.08413155380343,27,-89,0.001869,51,2023-06-16 22:15:36.002382,970,1.037,0.0011,"aoml_navis",1031.95687114998
"7901009",2,0,1,0.028035,1,0.005607,1,154.611664707387,1,4.84511850769878,972,1,5.65500020980835,34.9090003967285,0.0280349999666214,0,149.095092773438,-89.4289,26.8419,9.93412270012542,63,63,63,63,61,63,0,7816,1.08413155380343,27,-89,0.001869,51,2023-06-16 22:15:36.002382,972,1.037,0.0011,"aoml_navis",1031.96650237866
"7901009",2,0,1,0.028035,1,0.005607,1,154.945173871255,1,4.8450664303641,974,1,5.64099979400635,34.9090003967285,0.0280349999666214,0,149.416702270508,-89.4289,26.8419,9.93412270012542,63,63,63,63,61,63,0,7816,1.08413155380343,27,-89,0.001869,51,2023-06-16 22:15:36.002382,974,1.037,0.0011,"aoml_navis",1031.97759450003
"7901009",2,0,1,0.031773,1,0.009345,1,155.245169138029,1,4.84501778671601,976,1,5.63199996948242,34.9090003967285,0.0317730009555817,0,149.705993652344,-89.4289,26.8419,9.93412270012542,63,63,63,63,61,63,0,7816,1.08413155380343,27,-89,0.001869,51,2023-06-16 22:15:36.002382,976,1.037,0.0011,"aoml_navis",1031.98795548469
"7901009",2,0,1,0.031773,1,0.009345,1,159.500816957685,1,4.84440565842004,1000.09997558594,1,5.50670003890991,34.9129981994629,0.0317730009555817,0,153.809799194336,-89.4289,26.8419,9.93412270012542,63,63,63,63,61,63,0,7816,1.08413155380343,27,-89,0.001869,51,2023-06-16 22:15:36.002382,1000.09997558594,1.037,0.0011,"aoml_navis",1032.11835518141
"7901009",2,0,1,0.028035,1,0.005607,1,164.639472101938,1,4.84321962932371,1049.19995117188,1,5.32760000228882,34.9189987182617,0.0280349999666214,0,158.765106201172,-89.4289,26.8419,9.93412270012542,63,63,63,63,61,63,0,7816,1.08413155380343,27,-89,0.001869,51,2023-06-16 22:15:36.002382,1049.19995117188,1.037,0.0011,"aoml_navis",1032.37110490035
"7901009",2,0,1,0.028035,1,0.005607,1,169.746907737707,1,4.84201478794069,1099.90002441406,1,5.16340017318726,34.923999786377,0.0280349999666214,0,163.690307617188,-89.4289,26.8419,9.93412270012542,63,63,63,63,61,63,0,7816,1.08413155380343,27,-89,0.001869,51,2023-06-16 22:15:36.002382,1099.90002441406,1.037,0.0011,"aoml_navis",1032.62799040862
"7901009",2,0,1,0.029904,1,0.007476,1,177.353090804908,1,4.84081714667548,1149.19995117188,1,4.96920013427734,34.9300003051758,0.0299040004611015,0,171.025100708008,-89.4289,26.8419,9.93412270012542,63,63,63,63,61,63,0,7816,1.08413155380343,27,-89,0.001869,51,2023-06-16 22:15:36.002382,1149.19995117188,1.037,0.0011,"aoml_navis",1032.88346750173
"7901009",2,0,1,0.029904,1,0.007476,1,183.779894832407,1,4.83958436825857,1199.59997558594,1,4.77150011062622,34.9389991760254,0.0299040004611015,0,177.222595214844,-89.4289,26.8419,9.93412270012542,63,63,63,63,61,63,0,7816,1.08413155380343,27,-89,0.001869,51,2023-06-16 22:15:36.002382,1199.59997558594,1.037,0.0011,"aoml_navis",1033.14657200597
"7901009",2,0,1,0.031773,1,0.009345,1,188.491303170492,1,4.83841758042779,1249.90002441406,1,4.64569997787476,34.9440002441406,0.0317730009555817,0,181.765899658203,-89.4289,26.8419,9.93412270012542,63,63,63,63,61,63,0,7816,1.08413155380343,27,-89,0.001869,51,2023-06-16 22:15:36.002382,1249.90002441406,1.037,0.0011,"aoml_navis",1033.39571603448
"7901009",2,0,1,0.026166,1,0.003738,1,192.203861294163,1,4.83729145775427,1299.5,1,4.54610013961792,34.9469985961914,0.0261659994721413,0,185.345993041992,-89.4289,26.8419,9.93412270012542,63,63,63,63,61,63,0,7816,1.08413155380343,27,-89,0.001869,51,2023-06-16 22:15:36.002382,1299.5,1.037,0.0011,"aoml_navis",1033.63629081826
"7901009",2,0,1,0.029904,1,0.007476,1,185.813672544226,4,4.83616359594802,1350,1,4.47639989852905,34.951000213623,0.0299040004611015,0,179.183807373047,-89.4289,26.8419,9.93412270012542,63,63,63,63,61,63,0,7816,1.08413155380343,27,-89,0.001869,51,2023-06-16 22:15:36.002382,1350,1.037,0.0011,"aoml_navis",1033.87734943236
"7901009",3,0.029307328883226,1,0.054201,1,0.031773,1,192.047554241663,1,4.89109888099764,2.20000004768372,1,30.4050006866455,35.8919982910156,0.0542009994387627,0.041117999702692,185.195205688477,-88.7572,26.6186,11.9210866026725,63,63,63,63,61,63,0.031773,7816,1.08413155380343,27,-89,0.001869,51,2023-06-27 05:06:17.000545,2.20000004768372,1.037,0.0011,"aoml_navis",1022.26516405658
"7901009",3,0.0275833683606833,1,0.052332,1,0.029904,1,191.896346073655,1,4.89106051228116,4,1,30.4039993286133,35.8919982910156,0.0523319989442825,0.0392489992082119,185.049392700195,-88.7572,26.6186,11.9210866026725,63,63,63,63,61,63,0.029904,7816,1.08413155380343,27,-89,0.001869,51,2023-06-27 05:06:17.000545,4,1.037,0.0011,"aoml_navis",1022.27318338125
"7901009",3,0.029307328883226,1,0.054201,1,0.031773,1,191.883086085711,1,4.89100762063015,6,1,30.3880004882812,35.8880004882812,0.0542009994387627,0.041117999702692,185.036605834961,-88.7572,26.6186,11.9210866026725,63,63,63,63,61,63,0.031773,7816,1.08413155380343,27,-89,0.001869,51,2023-06-27 05:06:17.000545,6,1.037,0.0011,"aoml_navis",1022.28423830503
"7901009",3,0.0327552499283114,1,0.057939,1,0.035511,1,192.44761662255,1,4.89079259188669,8,1,30.2280006408691,35.8629989624023,0.0579390004277229,0.0448560006916523,185.580993652344,-88.7572,26.6186,11.9210866026725,63,63,63,63,61,63,0.035511,7816,1.08413155380343,27,-89,0.001869,51,2023-06-27 05:06:17.000545,8,1.037,0.0011,"aoml_navis",1022.32918408654
"7901009",3,0.0327552499283114,1,0.057939,1,0.035511,1,193.208578532103,1,4.89045045115614,10,1,30.0139999389648,35.8489990234375,0.0579390004277229,0.0448560006916523,186.314804077148,-88.7572,26.6186,11.9210866026725,63,63,63,63,61,63,0.035511,7816,1.08413155380343,27,-89,0.001869,51,2023-06-27 05:06:17.000545,10,1.037,0.0011,"aoml_navis",1022.40070724323
"7901009",3,0.029307328883226,1,0.054201,1,0.031773,1,193.443555645427,1,4.89029935081061,12,1,29.9619998931885,35.8559989929199,0.0542009994387627,0.041117999702692,186.541397094727,-88.7572,26.6186,11.9210866026725,63,63,63,63,61,63,0.031773,7816,1.08413155380343,27,-89,0.001869,51,2023-06-27 05:06:17.000545,12,1.037,0.0011,"aoml_navis",1022.43229735439
"7901009",3,0.0310312894057687,1,0.05607,1,0.033642,1,193.467622998246,1,4.89020878718259,14.1000003814697,1,29.9459991455078,35.8619995117188,0.0560699999332428,0.0429870001971722,186.564605712891,-88.7572,26.6186,11.9210866026725,63,63,63,63,61,63,0.033642,7816,1.08413155380343,27,-89,0.001869,51,2023-06-27 05:06:17.000545,14.1000003814697,1.037,0.0011,"aoml_navis",1022.45123216521
"7901009",3,0.029307328883226,1,0.054201,1,0.031773,1,193.63612611473,1,4.89012938489396,16,1,29.9080009460449,35.8559989929199,0.0542009994387627,0.041117999702692,186.727096557617,-88.7572,26.6186,11.9210866026725,63,63,63,63,61,63,0.031773,7816,1.08413155380343,27,-89,0.001869,51,2023-06-27 05:06:17.000545,16,1.037,0.0011,"aoml_navis",1022.46783396886
"7901009",3,0.0310312894057687,1,0.05607,1,0.033642,1,195.135833915849,1,4.88994477167195,18,1,29.7759990692139,35.8359985351562,0.0560699999332428,0.0429870001971722,188.173294067383,-88.7572,26.6186,11.9210866026725,63,63,63,63,61,63,0.033642,7816,1.08413155380343,27,-89,0.001869,51,2023-06-27 05:06:17.000545,18,1.037,0.0011,"aoml_navis",1022.50643585294
"7901009",3,0.0310312894057687,1,0.05607,1,0.033642,1,197.064766577307,1,4.88949881630327,20,1,29.548999786377,35.8460006713867,0.0560699999332428,0.0429870001971722,190.033401489258,-88.7572,26.6186,11.9210866026725,63,63,63,63,61,63,0.033642,7816,1.08413155380343,27,-89,0.001869,51,2023-06-27 05:06:17.000545,20,1.037,0.0011,"aoml_navis",1022.59969535697
"7901009",3,0.0327552499283114,1,0.057939,1,0.035511,1,196.767461191297,1,4.88905745162761,22,1,29.5100002288818,35.939998626709,0.0579390004277229,0.0448560006916523,189.746704101562,-88.7572,26.6186,11.9210866026725,63,63,63,63,61,63,0.035511,7816,1.08413155380343,27,-89,0.001869,51,2023-06-27 05:06:17.000545,22,1.037,0.0011,"aoml_navis",1022.69201159325
"7901009",3,0.029307328883226,1,0.054201,1,0.031773,1,197.130196231421,1,4.88888842831901,24,1,29.4220008850098,35.9360008239746,0.0542009994387627,0.041117999702692,190.096496582031,-88.7572,26.6186,11.9210866026725,63,63,63,63,61,63,0.031773,7816,1.08413155380343,27,-89,0.001869,51,2023-06-27 05:06:17.000545,24,1.037,0.0011,"aoml_navis",1022.72736907584
"7901009",3,0.0362031709733968,1,0.061677,1,0.039249,1,197.809224707116,1,4.88869731506115,26.2000007629395,1,29.2959995269775,35.9199981689453,0.0616770014166832,0.0485940016806126,190.75129699707,-88.7572,26.6186,11.9210866026725,63,63,63,63,61,63,0.039249,7816,1.08413155380343,27,-89,0.001869,51,2023-06-27 05:06:17.000545,26.2000007629395,1.037,0.0011,"aoml_navis",1022.76735043422
"7901009",3,0.0379271314959395,1,0.063546,1,0.041118,1,199.414094656057,1,4.88839148074833,27.8999996185303,1,29.121000289917,35.9169998168945,0.0635460019111633,0.0504629984498024,192.298904418945,-88.7572,26.6186,11.9210866026725,63,63,63,63,61,63,0.041118,7816,1.08413155380343,27,-89,0.001869,51,2023-06-27 05:06:17.000545,27.8999996185303,1.037,0.0011,"aoml_navis",1022.8313382206
"7901009",3,0.0413750525410249,1,0.067284,1,0.044856,1,199.291938203878,1,4.88792445612961,29.8999996185303,1,28.9090003967285,35.9410018920898,0.0672840029001236,0.0542009994387627,192.181106567383,-88.7572,26.6186,11.9210866026725,63,63,63,63,61,63,0.044856,7816,1.08413155380343,27,-89,0.001869,51,2023-06-27 05:06:17.000545,29.8999996185303,1.037,0.0011,"aoml_navis",1022.92906628904
"7901009",3,0.0344792104508541,4,0.059808,1,0.03738,1,199.956235117788,1,4.88751488614648,32,1,28.6770000457764,35.939998626709,0.0598080009222031,0.0467250011861324,192.821701049805,-88.7572,26.6186,11.9210866026725,63,63,63,63,61,63,0.03738,7816,1.08413155380343,27,-89,0.001869,51,2023-06-27 05:06:17.000545,32,1.037,0.0011,"aoml_navis",1023.01478695694
"7901009",3,0.0430990130635676,1,0.069153,1,0.046725,1,200.714174762786,1,4.88717929813112,34,1,28.496000289917,35.9420013427734,0.0691530033946037,0.0560699999332428,193.552597045898,-88.7572,26.6186,11.9210866026725,63,63,63,63,61,63,0.046725,7816,1.08413155380343,27,-89,0.001869,51,2023-06-27 05:06:17.000545,34,1.037,0.0011,"aoml_navis",1023.08503432891
"7901009",3,0.0448229735861103,1,0.071022,1,0.048594,1,200.855619908645,1,4.88704900033167,36,1,28.4349994659424,35.939998626709,0.0710219964385033,0.0579390004277229,193.688995361328,-88.7572,26.6186,11.9210866026725,63,63,63,63,61,63,0.048594,7816,1.08413155380343,27,-89,0.001869,51,2023-06-27 05:06:17.000545,36,1.037,0.0011,"aoml_navis",1023.11231167534
"7901009",3,0.0396510920184822,1,0.065415,1,0.042987,1,201.174397614034,1,4.88684339552635,38,1,28.3239994049072,35.9370002746582,0.0654150024056435,0.0523319989442825,193.996398925781,-88.7572,26.6186,11.9210866026725,63,63,63,63,61,63,0.042987,7816,1.08413155380343,27,-89,0.001869,51,2023-06-27 05:06:17.000545,38,1.037,0.0011,"aoml_navis",1023.15535721428
"7901009",3,0.0396510920184822,1,0.065415,1,0.042987,1,201.38978538956,1,4.88665039595214,40,1,28.2229995727539,35.935001373291,0.0654150024056435,0.0523319989442825,194.2041015625,-88.7572,26.6186,11.9210866026725,63,63,63,63,61,63,0.042987,7816,1.08413155380343,27,-89,0.001869,51,2023-06-27 05:06:17.000545,40,1.037,0.0011,"aoml_navis",1023.19576701082
"7901009",3,0.0379271314959395,1,0.063546,1,0.041118,1,201.652247704624,1,4.88644474965385,42,1,28.1159992218018,35.9339981079102,0.0635460019111633,0.0504629984498024,194.45719909668,-88.7572,26.6186,11.9210866026725,63,63,63,63,61,63,0.041118,7816,1.08413155380343,27,-89,0.001869,51,2023-06-27 05:06:17.000545,42,1.037,0.0011,"aoml_navis",1023.23882826143
"7901009",3,0.0396510920184822,1,0.065415,1,0.042987,1,201.772331294726,1,4.88635518879103,44,1,28.0849990844727,35.9339981079102,0.0654150024056435,0.0523319989442825,194.572998046875,-88.7572,26.6186,11.9210866026725,63,63,63,63,61,63,0.042987,7816,1.08413155380343,27,-89,0.001869,51,2023-06-27 05:06:17.000545,44,1.037,0.0011,"aoml_navis",1023.25758296688
"7901009",3,0.0413750525410249,1,0.067284,1,0.044856,1,201.846590391886,1,4.88623741189549,46,1,28.0359992980957,35.9339981079102,0.0672840029001236,0.0542009994387627,194.644607543945,-88.7572,26.6186,11.9210866026725,63,63,63,63,61,63,0.044856,7816,1.08413155380343,27,-89,0.001869,51,2023-06-27 05:06:17.000545,46,1.037,0.0011,"aoml_navis",1023.28224736431
"7901009",3,0.0551667367213666,1,0.082236,1,0.059808,1,201.918555099725,1,4.8861257859331,48,1,27.9839992523193,35.9309997558594,0.0822359994053841,0.0691530033946037,194.714004516602,-88.7572,26.6186,11.9210866026725,63,63,63,63,61,63,0.059808,7816,1.08413155380343,27,-89,0.001869,51,2023-06-27 05:06:17.000545,48,1.037,0.0011,"aoml_navis",1023.30562475382
"7901009",3,0.0551667367213666,1,0.082236,1,0.059808,1,201.99518770308,1,4.88603343314615,50,1,27.9580001831055,35.9339981079102,0.0822359994053841,0.0691530033946037,194.787902832031,-88.7572,26.6186,11.9210866026725,63,63,63,63,61,63,0.059808,7816,1.08413155380343,27,-89,0.001869,51,2023-06-27 05:06:17.000545,50,1.037,0.0011,"aoml_navis",1023.32496664487
"7901009",3,0.0534427761988239,1,0.080367,1,0.057939,1,202.178105913856,1,4.88590444670618,52,1,27.9039993286133,35.935001373291,0.0803669989109039,0.0672840029001236,194.964294433594,-88.7572,26.6186,11.9210866026725,63,63,63,63,61,63,0.057939,7816,1.08413155380343,27,-89,0.001869,51,2023-06-27 05:06:17.000545,52,1.037,0.0011,"aoml_navis",1023.35198212293
"7901009",3,0.0603386182889947,1,0.087843,1,0.065415,1,202.281495843719,1,4.88581274253482,54.0999984741211,1,27.8589992523193,35.9290008544922,0.0878430008888245,0.0747599974274635,195.063995361328,-88.7572,26.6186,11.9210866026725,63,63,63,63,61,63,0.065415,7816,1.08413155380343,27,-89,0.001869,51,2023-06-27 05:06:17.000545,54.0999984741211,1.037,0.0011,"aoml_navis",1023.37118990891
"7901009",3,0.0672344603791655,1,0.095319,1,0.072891,1,202.261067867065,1,4.88575096315659,56,1,27.8419990539551,35.9280014038086,0.095319002866745,0.0822359994053841,195.044296264648,-88.7572,26.6186,11.9210866026725,63,63,63,63,61,63,0.072891,7816,1.08413155380343,27,-89,0.001869,51,2023-06-27 05:06:17.000545,56,1.037,0.0011,"aoml_navis",1023.38413024015
"7901009",3,0.0758542629918791,1,0.104664,1,0.082236,1,202.399411631496,1,4.88565764580405,58,1,27.8129997253418,35.9300003051758,0.104663997888565,0.0915810018777847,195.177703857422,-88.7572,26.6186,11.9210866026725,63,63,63,63,61,63,0.082236,7816,1.08413155380343,27,-89,0.001869,51,2023-06-27 05:06:17.000545,58,1.037,0.0011,"aoml_navis",1023.40367714757
"7901009",3,0.0827501050820499,1,0.11214,1,0.089712,1,202.8809960385,1,4.88553057595784,59.9000015258789,1,27.738000869751,35.9220008850098,0.112139999866486,0.0990569964051247,195.642105102539,-88.7572,26.6186,11.9210866026725,63,63,63,63,61,63,0.089712,7816,1.08413155380343,27,-89,0.001869,51,2023-06-27 05:06:17.000545,59.9000015258789,1.037,0.0011,"aoml_navis",1023.43029528982
"7901009",3,0.0896459471722207,1,0.119616,1,0.097188,1,203.863959894177,1,4.88527895201309,62,1,27.5900001525879,35.9160003662109,0.119616001844406,0.106532998383045,196.589996337891,-88.7572,26.6186,11.9210866026725,63,63,63,63,61,63,0.097188,7816,1.08413155380343,27,-89,0.001869,51,2023-06-27 05:06:17.000545,62,1.037,0.0011,"aoml_navis",1023.48300867029
"7901009",3,0.0965417892623915,1,0.127092,1,0.104664,1,204.49716387693,1,4.88502502187842,64,1,27.4409999847412,35.9109992980957,0.127092003822327,0.114009000360966,197.200607299805,-88.7572,26.6186,11.9210866026725,63,63,63,63,61,63,0.104664,7816,1.08413155380343,27,-89,0.001869,51,2023-06-27 05:06:17.000545,64,1.037,0.0011,"aoml_navis",1023.53621068605
"7901009",3,0.0982657497849342,1,0.128961,1,0.106533,1,204.329894983668,1,4.88487226111852,66,1,27.3640003204346,35.9090003967285,0.128960996866226,0.115878000855446,197.039306640625,-88.7572,26.6186,11.9210866026725,63,63,63,63,61,63,0.106533,7816,1.08413155380343,27,-89,0.001869,51,2023-06-27 05:06:17.000545,66,1.037,0.0011,"aoml_navis",1023.56821892721
"7901009",3,0.122401197100532,1,0.155127,1,0.132699,1,203.444387292366,1,4.88464933697173,68,1,27.2600002288818,35.9150009155273,0.155127003788948,0.142043992877007,196.185394287109,-88.7572,26.6186,11.9210866026725,63,63,63,63,61,63,0.132699,7816,1.08413155380343,27,-89,0.001869,51,2023-06-27 05:06:17.000545,68,1.037,0.0011,"aoml_navis",1023.61493222352
"7901009",3,0.131020999713246,1,0.164472,1,0.142044,1,202.237222041491,1,4.88452683999221,70,1,27.242000579834,35.9300003051758,0.164471998810768,0.151389002799988,195.021301269531,-88.7572,26.6186,11.9210866026725,63,63,63,63,61,63,0.142044,7816,1.08413155380343,27,-89,0.001869,51,2023-06-27 05:06:17.000545,70,1.037,0.0011,"aoml_navis",1023.6406030288
"7901009",3,0.132744960235788,1,0.166341,1,0.143913,1,201.533097693626,1,4.88434946780399,72,1,27.1650009155273,35.935001373291,0.166341006755829,0.153257995843887,194.342300415039,-88.7572,26.6186,11.9210866026725,63,63,63,63,61,63,0.143913,7816,1.08413155380343,27,-89,0.001869,51,2023-06-27 05:06:17.000545,72,1.037,0.0011,"aoml_navis",1023.67777591639
"7901009",3,0.137916841803416,1,0.171948,1,0.14952,1,200.231451072808,1,4.88426447560801,74,1,27.1620006561279,35.9459991455078,0.171948000788689,0.158865004777908,193.087097167969,-88.7572,26.6186,11.9210866026725,63,63,63,63,61,63,0.14952,7816,1.08413155380343,27,-89,0.001869,51,2023-06-27 05:06:17.000545,74,1.037,0.0011,"aoml_navis",1023.69558916598
"7901009",3,0.148260604938673,1,0.183162,1,0.160734,1,199.011532181978,1,4.88405987059233,76.0999984741211,1,27.1760005950928,35.9970016479492,0.183162003755569,0.170078992843628,191.910705566406,-88.7572,26.6186,11.9210866026725,63,63,63,63,61,63,0.160734,7816,1.08413155380343,27,-89,0.001869,51,2023-06-27 05:06:17.000545,76.0999984741211,1.037,0.0011,"aoml_navis",1023.73847423652
"7901009",3,0.160328328596472,1,0.196245,1,0.173817,1,197.575481817014,1,4.88386875622182,78,1,27.1119995117188,36.0120010375977,0.19624499976635,0.183162003755569,190.525894165039,-88.7572,26.6186,11.9210866026725,63,63,63,63,61,63,0.173817,7816,1.08413155380343,27,-89,0.001869,51,2023-06-27 05:06:17.000545,78,1.037,0.0011,"aoml_navis",1023.7785349228
"7901009",3,0.182739815389527,1,0.220542,1,0.198114,1,195.90208083253,1,4.88363217029561,79.9000015258789,1,27.0370006561279,36.0349998474121,0.220541998744011,0.207459002733231,188.912200927734,-88.7572,26.6186,11.9210866026725,63,63,63,63,61,63,0.198114,7816,1.08413155380343,27,-89,0.001869,51,2023-06-27 05:06:17.000545,79.9000015258789,1.037,0.0011,"aoml_navis",1023.82813153132
"7901009",3,0.213771104795295,1,0.254184,1,0.231756,1,194.369697762791,1,4.88337573705899,82,1,27.0429992675781,36.0970001220703,0.254184007644653,0.241100996732712,187.434494018555,-88.7572,26.6186,11.9210866026725,63,63,63,63,61,63,0.231756,7816,1.08413155380343,27,-89,0.001869,51,2023-06-27 05:06:17.000545,82,1.037,0.0011,"aoml_navis",1023.88189425114
"7901009",3,0.199979420614954,4,0.239232,1,0.216804,1,193.359454409244,1,4.88323196364846,84,1,27.003999710083,36.109001159668,0.239232003688812,0.226148992776871,186.460296630859,-88.7572,26.6186,11.9210866026725,63,63,63,63,61,63,0.216804,7816,1.08413155380343,27,-89,0.001869,51,2023-06-27 05:06:17.000545,84,1.037,0.0011,"aoml_navis",1023.91203965341
"7901009",3,0.231010710020723,1,0.272874,1,0.250446,1,191.98834317378,1,4.88302521844304,86,1,26.8980007171631,36.1100006103516,0.272873997688293,0.259790986776352,185.138107299805,-88.7572,26.6186,11.9210866026725,63,63,63,63,61,63,0.250446,7816,1.08413155380343,27,-89,0.001869,51,2023-06-27 05:06:17.000545,86,1.037,0.0011,"aoml_navis",1023.95539165253
"7901009",3,0.234458631065808,1,0.276612,1,0.254184,1,190.735321783215,1,4.88287867484577,88,1,26.8500003814697,36.1189994812012,0.276612013578415,0.263529002666473,183.929794311523,-88.7572,26.6186,11.9210866026725,63,63,63,63,61,63,0.254184,7816,1.08413155380343,27,-89,0.001869,51,2023-06-27 05:06:17.000545,88,1.037,0.0011,"aoml_navis",1023.98612231706
"7901009",3,0.25514615733632,1,0.29904,1,0.276612,1,189.894008777267,1,4.88268467823596,90,1,26.8250007629395,36.1510009765625,0.299039989709854,0.285957008600235,183.118499755859,-88.7572,26.6186,11.9210866026725,63,63,63,63,61,63,0.276612,7816,1.08413155380343,27,-89,0.001869,51,2023-06-27 05:06:17.000545,90,1.037,0.0011,"aoml_navis",1024.02680686856
"7901009",3,0.281005565174461,1,0.327075,1,0.304647,1,189.212385268132,1,4.88254810908103,92,1,26.806999206543,36.1699981689453,0.327075004577637,0.313991993665695,182.461196899414,-88.7572,26.6186,11.9210866026725,63,63,63,63,61,63,0.304647,7816,1.08413155380343,27,-89,0.001869,51,2023-06-27 05:06:17.000545,92,1.037,0.0011,"aoml_navis",1024.0554497969
"7901009",3,0.287901407264632,1,0.334551,1,0.312123,1,188.579924983987,1,4.88236208409027,94,1,26.7660007476807,36.193000793457,0.334551006555557,0.321467995643616,181.851303100586,-88.7572,26.6186,11.9210866026725,63,63,63,63,61,63,0.312123,7816,1.08413155380343,27,-89,0.001869,51,2023-06-27 05:06:17.000545,94,1.037,0.0011,"aoml_navis",1024.09446777679
"7901009",3,0.336172301895828,1,0.386883,1,0.364455,1,187.412887811186,1,4.88214000261812,96,1,26.7059993743896,36.2179985046387,0.386882990598679,0.373800009489059,180.72590637207,-88.7572,26.6186,11.9210866026725,63,63,63,63,61,63,0.364455,7816,1.08413155380343,27,-89,0.001869,51,2023-06-27 05:06:17.000545,96,1.037,0.0011,"aoml_navis",1024.14105234972
"7901009",3,0.374099433391767,1,0.428001,1,0.405573,1,185.221809302157,1,4.88193768967087,98,1,26.6660003662109,36.2459983825684,0.42800098657608,0.414918005466461,178.613006591797,-88.7572,26.6186,11.9210866026725,63,63,63,63,61,63,0.405573,7816,1.08413155380343,27,-89,0.001869,51,2023-06-27 05:06:17.000545,98,1.037,0.0011,"aoml_navis",1024.18349389811
"7901009",3,0.518912117285354,1,0.584997,1,0.562569,1,182.816371536952,1,4.88164339877288,100,1,26.6079998016357,36.2919998168945,0.584996998310089,0.57191401720047,176.293395996094,-88.7572,26.6186,11.9210866026725,63,63,63,63,61,63,0.562569,7816,1.08413155380343,27,-89,0.001869,51,2023-06-27 05:06:17.000545,100,1.037,0.0011,"aoml_navis",1024.24523701524
"7901009",3,0.562011130348922,1,0.631722,1,0.609294,1,180.807388423218,1,4.88133643678067,102,1,26.5249996185303,36.3310012817383,0.631721973419189,0.61863899230957,174.356094360352,-88.7572,26.6186,11.9210866026725,63,63,63,63,61,63,0.609294,7816,1.08413155380343,27,-89,0.001869,51,2023-06-27 05:06:17.000545,102,1.037,0.0011,"aoml_navis",1024.30964649869
"7901009",3,0.606834103935032,1,0.680316,1,0.657888,1,179.300734160634,1,4.88108767114057,104,1,26.4850006103516,36.3720016479492,0.680315971374512,0.667232990264893,172.903198242188,-88.7572,26.6186,11.9210866026725,63,63,63,63,61,63,0.657888,7816,1.08413155380343,27,-89,0.001869,51,2023-06-27 05:06:17.000545,104,1.037,0.0011,"aoml_navis",1024.36185065114
"7901009",3,0.63096955125063,1,0.706482,1,0.684054,1,178.244444786901,1,4.88083118708381,106,1,26.42799949646,36.4080009460449,0.706481993198395,0.693399012088776,171.88459777832,-88.7572,26.6186,11.9210866026725,63,63,63,63,61,63,0.684054,7816,1.08413155380343,27,-89,0.001869,51,2023-06-27 05:06:17.000545,106,1.037,0.0011,"aoml_navis",1024.4156801062
"7901009",3,0.580974696096892,1,0.652281,1,0.629853,1,177.38249810043,1,4.8806555551892,108,1,26.3840007781982,36.4269981384277,0.652280986309052,0.639198005199432,171.053405761719,-88.7572,26.6186,11.9210866026725,63,63,63,63,61,63,0.629853,7816,1.08413155380343,27,-89,0.001869,51,2023-06-27 05:06:17.000545,108,1.037,0.0011,"aoml_navis",1024.45254402022
"7901009",3,0.565459051394008,1,0.63546,1,0.613032,1,176.245208871942,1,4.88046318686686,110,1,26.3169994354248,36.4410018920898,0.635460019111633,0.622376978397369,169.956695556641,-88.7572,26.6186,11.9210866026725,63,63,63,63,61,63,0.613032,7816,1.08413155380343,27,-89,0.001869,51,2023-06-27 05:06:17.000545,110,1.037,0.0011,"aoml_navis",1024.49292383862
"7901009",3,0.468917262131616,1,0.530796,1,0.508368,1,175.44195108199,1,4.88012879497056,112,1,26.1889991760254,36.4690017700195,0.530795991420746,0.517713010311127,169.182098388672,-88.7572,26.6186,11.9210866026725,63,63,63,63,61,63,0.508368,7816,1.08413155380343,27,-89,0.001869,51,2023-06-27 05:06:17.000545,112,1.037,0.0011,"aoml_navis",1024.56312324236
"7901009",3,0.422370328022963,1,0.480333,1,0.457905,1,174.833020155927,1,4.87980972185591,114,1,26.0779991149902,36.5,0.480333000421524,0.467249989509583,168.59489440918,-88.7572,26.6186,11.9210866026725,63,63,63,63,61,63,0.457905,7816,1.08413155380343,27,-89,0.001869,51,2023-06-27 05:06:17.000545,114,1.037,0.0011,"aoml_navis",1024.63011572065
"7901009",3,0.355135867643797,1,0.407442,1,0.385014,1,174.186872652722,1,4.8795383878468,116,1,25.9650001525879,36.5169982910156,0.407442003488541,0.394358992576599,167.971801757812,-88.7572,26.6186,11.9210866026725,63,63,63,63,61,63,0.385014,7816,1.08413155380343,27,-89,0.001869,51,2023-06-27 05:06:17.000545,116,1.037,0.0011,"aoml_navis",1024.68709180631
"7901009",3,0.31203685458023,4,0.360717,1,0.338289,1,173.78098726997,1,4.87941013778997,118,1,25.9330005645752,36.5279998779297,0.360716998577118,0.347633987665176,167.58039855957,-88.7572,26.6186,11.9210866026725,63,63,63,63,61,63,0.338289,7816,1.08413155380343,27,-89,0.001869,51,2023-06-27 05:06:17.000545,118,1.037,0.0011,"aoml_navis",1024.71402460639
"7901009",3,0.284453486219546,4,0.330813,1,0.308385,1,174.017736601253,1,4.87911164323788,120,1,25.8640003204346,36.5709991455078,0.330812990665436,0.317730009555817,167.808700561523,-88.7572,26.6186,11.9210866026725,63,63,63,63,61,63,0.308385,7816,1.08413155380343,27,-89,0.001869,51,2023-06-27 05:06:17.000545,120,1.037,0.0011,"aoml_navis",1024.77671461559
"7901009",3,0.324104578238029,1,0.3738,1,0.351372,1,175.843785680836,1,4.87877975424779,122,1,25.8759994506836,36.6570014953613,0.373800009489059,0.360716998577118,169.569595336914,-88.7572,26.6186,11.9210866026725,63,63,63,63,61,63,0.351372,7816,1.08413155380343,27,-89,0.001869,51,2023-06-27 05:06:17.000545,122,1.037,0.0011,"aoml_navis",1024.84642715152
"7901009",3,0.282729525697004,1,0.328944,1,0.306516,1,176.034394051685,1,4.87848265766089,124,1,25.9400005340576,36.7550010681152,0.328943997621536,0.315860986709595,169.753402709961,-88.7572,26.6186,11.9210866026725,63,63,63,63,61,63,0.306516,7816,1.08413155380343,27,-89,0.001869,51,2023-06-27 05:06:17.000545,124,1.037,0.0011,"aoml_navis",1024.90883966724
"7901009",3,0.239630512633436,1,0.282219,1,0.259791,1,174.821516562567,1,4.87825956861646,126,1,25.882999420166,36.7820014953613,0.282218992710114,0.269136011600494,168.583801269531,-88.7572,26.6186,11.9210866026725,63,63,63,63,61,63,0.259791,7816,1.08413155380343,27,-89,0.001869,51,2023-06-27 05:06:17.000545,126,1.037,0.0011,"aoml_navis",1024.9557100583
"7901009",3,0.203427341660039,1,0.24297,1,0.220542,1,173.753407127982,1,4.8779344924469,128,1,25.7600002288818,36.810001373291,0.242970004677773,0.229886993765831,167.553802490234,-88.7572,26.6186,11.9210866026725,63,63,63,63,61,63,0.220542,7816,1.08413155380343,27,-89,0.001869,51,2023-06-27 05:06:17.000545,128,1.037,0.0011,"aoml_navis",1025.02401533725
"7901009",3,0.193083578524783,1,0.231756,1,0.209328,1,172.633555258341,1,4.87774295542082,130,1,25.6949996948242,36.8250007629395,0.231756001710892,0.218673005700111,166.473907470703,-88.7572,26.6186,11.9210866026725,63,63,63,63,61,63,0.209328,7816,1.08413155380343,27,-89,0.001869,51,2023-06-27 05:06:17.000545,130,1.037,0.0011,"aoml_navis",1025.06426552127
"7901009",3,0.172396052254271,1,0.209328,1,0.1869,1,169.891918252275,1,4.87754623756416,132,1,25.6240005493164,36.8390007019043,0.20932799577713,0.19624499976635,163.830093383789,-88.7572,26.6186,11.9210866026725,63,63,63,63,61,63,0.1869,7816,1.08413155380343,27,-89,0.001869,51,2023-06-27 05:06:17.000545,132,1.037,0.0011,"aoml_navis",1025.10560771167
"7901009",3,0.137916841803416,1,0.171948,1,0.14952,1,167.227356904055,1,4.87710803402178,134,1,25.4190006256104,36.8650016784668,0.171948000788689,0.158865004777908,161.260604858398,-88.7572,26.6186,11.9210866026725,63,63,63,63,61,63,0.14952,7816,1.08413155380343,27,-89,0.001869,51,2023-06-27 05:06:17.000545,134,1.037,0.0011,"aoml_navis",1025.19771248062
"7901009",3,0.120677236577989,1,0.153258,1,0.13083,1,165.510599873073,1,4.8768736925682,136,1,25.3050003051758,36.8720016479492,0.153257995843887,0.140174999833107,159.605102539062,-88.7572,26.6186,11.9210866026725,63,63,63,63,61,63,0.13083,7816,1.08413155380343,27,-89,0.001869,51,2023-06-27 05:06:17.000545,136,1.037,0.0011,"aoml_navis",1025.24697484362
"7901009",3,0.106885552397648,1,0.138306,1,0.115878,1,163.925129381434,1,4.87668623089765,138,1,25.2029991149902,36.8709983825684,0.138306006789207,0.125222995877266,158.076202392578,-88.7572,26.6186,11.9210866026725,63,63,63,63,61,63,0.115878,7816,1.08413155380343,27,-89,0.001869,51,2023-06-27 05:06:17.000545,138,1.037,0.0011,"aoml_navis",1025.28638572666
"7901009",3,0.0965417892623915,1,0.127092,1,0.104664,1,163.252841663333,1,4.87644051487068,140,1,25.0879993438721,36.8810005187988,0.127092003822327,0.114009000360966,157.42790222168,-88.7572,26.6186,11.9210866026725,63,63,63,63,61,63,0.104664,7816,1.08413155380343,27,-89,0.001869,51,2023-06-27 05:06:17.000545,140,1.037,0.0011,"aoml_navis",1025.33804826544
"7901009",3,0.0896459471722207,1,0.119616,1,0.097188,1,163.094497153365,1,4.87624464555535,142,1,25.0189990997314,36.8959999084473,0.119616001844406,0.106532998383045,157.275207519531,-88.7572,26.6186,11.9210866026725,63,63,63,63,61,63,0.097188,7816,1.08413155380343,27,-89,0.001869,51,2023-06-27 05:06:17.000545,142,1.037,0.0011,"aoml_navis",1025.37923411153
"7901009",3,0.0810261445595072,1,0.110271,1,0.087843,1,161.193777568881,1,4.87606003034362,144,1,24.9330005645752,36.9010009765625,0.110270999372005,0.0971880033612251,155.442306518555,-88.7572,26.6186,11.9210866026725,63,63,63,63,61,63,0.087843,7816,1.08413155380343,27,-89,0.001869,51,2023-06-27 05:06:17.000545,144,1.037,0.0011,"aoml_navis",1025.41805656311
"7901009",3,0.0637865393340801,1,0.091581,1,0.069153,1,158.697703513769,1,4.87561389293036,146,1,24.6770000457764,36.9099998474121,0.0915810018777847,0.0784979984164238,153.035293579102,-88.7572,26.6186,11.9210866026725,63,63,63,63,61,63,0.069153,7816,1.08413155380343,27,-89,0.001869,51,2023-06-27 05:06:17.000545,146,1.037,0.0011,"aoml_navis",1025.51188625703
"7901009",3,0.0465469341086531,1,0.072891,1,0.050463,1,157.199451463116,1,4.87524162967678,148,1,24.4729995727539,36.9199981689453,0.0728909969329834,0.0598080009222031,151.59049987793,-88.7572,26.6186,11.9210866026725,63,63,63,63,61,63,0.050463,7816,1.08413155380343,27,-89,0.001869,51,2023-06-27 05:06:17.000545,148,1.037,0.0011,"aoml_navis",1025.59019219966
"7901009",3,0.0344792104508541,1,0.059808,1,0.03738,1,156.712787752854,1,4.87489317346907,150,1,24.2670001983643,36.9230003356934,0.0598080009222031,0.0467250011861324,151.121200561523,-88.7572,26.6186,11.9210866026725,63,63,63,63,61,63,0.03738,7816,1.08413155380343,27,-89,0.001869,51,2023-06-27 05:06:17.000545,150,1.037,0.0011,"aoml_navis",1025.66350114333
"7901009",3,0.0258594078381406,1,0.050463,1,0.028035,1,155.364383059991,1,4.87473876443082,152,1,24.2280006408691,36.9389991760254,0.0504629984498024,0.0373799987137318,149.820907592773,-88.7572,26.6186,11.9210866026725,63,63,63,63,61,63,0.028035,7816,1.08413155380343,27,-89,0.001869,51,2023-06-27 05:06:17.000545,152,1.037,0.0011,"aoml_navis",1025.69598938987
"7901009",3,0.0206875262705125,1,0.044856,1,0.022428,1,154.573657382751,1,4.87447582122463,154,1,24.0729999542236,36.9389991760254,0.0448560006916523,0.0317730009555817,149.058395385742,-88.7572,26.6186,11.9210866026725,63,63,63,63,61,63,0.022428,7816,1.08413155380343,27,-89,0.001869,51,2023-06-27 05:06:17.000545,154,1.037,0.0011,"aoml_navis",1025.75131837331
"7901009",3,0.0275833683606833,1,0.052332,1,0.029904,1,152.845396758409,1,4.87430834839795,156,1,24.0020008087158,36.9459991455078,0.0523319989442825,0.0392489992082119,147.391799926758,-88.7572,26.6186,11.9210866026725,63,63,63,63,61,63,0.029904,7816,1.08413155380343,27,-89,0.001869,51,2023-06-27 05:06:17.000545,156,1.037,0.0011,"aoml_navis",1025.78656141919
"7901009",3,0.0310312894057687,1,0.05607,1,0.033642,1,151.592280427596,1,4.87401901603403,158,1,23.9109992980957,36.9790000915527,0.0560699999332428,0.0429870001971722,146.183395385742,-88.7572,26.6186,11.9210866026725,63,63,63,63,61,63,0.033642,7816,1.08413155380343,27,-89,0.001869,51,2023-06-27 05:06:17.000545,158,1.037,0.0011,"aoml_navis",1025.84745433933
"7901009",3,0.0241354473155979,1,0.048594,1,0.026166,1,151.369946190605,1,4.87369177196289,160,1,23.75,36.9949989318848,0.0485940016806126,0.0355109982192516,145.968994140625,-88.7572,26.6186,11.9210866026725,63,63,63,63,61,63,0.026166,7816,1.08413155380343,27,-89,0.001869,51,2023-06-27 05:06:17.000545,160,1.037,0.0011,"aoml_navis",1025.91633487446
"7901009",3,0.0189635657479698,1,0.042987,1,0.020559,1,150.763926765474,1,4.87345732430905,162,1,23.6259994506836,37,0.0429870001971722,0.0299040004611015,145.38459777832,-88.7572,26.6186,11.9210866026725,63,63,63,63,61,63,0.020559,7816,1.08413155380343,27,-89,0.001869,51,2023-06-27 05:06:17.000545,162,1.037,0.0011,"aoml_navis",1025.9656886826
"7901009",3,0.0120677236577989,1,0.035511,1,0.013083,1,150.447538389655,1,4.87309676978397,164,1,23.4120006561279,37.0050010681152,0.0355109982192516,0.0224280003458261,145.079498291016,-88.7572,26.6186,11.9210866026725,63,63,63,63,61,63,0.013083,7816,1.08413155380343,27,-89,0.001869,51,2023-06-27 05:06:17.000545,164,1.037,0.0011,"aoml_navis",1026.0415986407
"7901009",3,0.0103437631352562,1,0.033642,1,0.011214,1,150.262120085686,1,4.87296197758013,166,1,23.3400001525879,37.0029983520508,0.0336420014500618,0.020558999851346,144.900695800781,-88.7572,26.6186,11.9210866026725,63,63,63,63,61,63,0.011214,7816,1.08413155380343,27,-89,0.001869,51,2023-06-27 05:06:17.000545,166,1.037,0.0011,"aoml_navis",1026.06998023058
"7901009",3,0.00689584209017082,1,0.029904,1,0.007476,1,149.923135930889,1,4.87266090929371,168,1,23.1669998168945,37.007999420166,0.0299040004611015,0.0168210007250309,144.573806762695,-88.7572,26.6186,11.9210866026725,63,63,63,63,61,63,0.007476,7816,1.08413155380343,27,-89,0.001869,51,2023-06-27 05:06:17.000545,168,1.037,0.0011,"aoml_navis",1026.13337826636
"7901009",3,0,1,0.022428,1,0,1,149.333382934883,1,4.87227229102971,170,1,22.9120006561279,37.0060005187988,0.0224280003458261,0.00934499967843294,144.005096435547,-88.7572,26.6186,11.9210866026725,63,63,63,63,61,63,0,7816,1.08413155380343,27,-89,0.001869,51,2023-06-27 05:06:17.000545,170,1.037,0.0011,"aoml_navis",1026.21522389162
"7901009",3,0.00344792104508541,1,0.026166,1,0.003738,1,148.999683787213,1,4.87200003493428,172,1,22.7369995117188,37.0029983520508,0.0261659994721413,0.0130829997360706,143.683303833008,-88.7572,26.6186,11.9210866026725,63,63,63,63,61,63,0.003738,7816,1.08413155380343,27,-89,0.001869,51,2023-06-27 05:06:17.000545,172,1.037,0.0011,"aoml_navis",1026.27257063791
"7901009",3,-0.00172396052254271,1,0.020559,1,-0.001869,1,148.556360300075,1,4.87179176062993,174,1,22.5919990539551,36.9939994812012,0.020558999851346,0.00747600011527538,143.255798339844,-88.7572,26.6186,11.9210866026725,63,63,63,63,61,63,-0.001869,7816,1.08413155380343,27,-89,0.001869,51,2023-06-27 05:06:17.000545,174,1.037,0.0011,"aoml_navis",1026.3164448871
"7901009",3,-0.00172396052254271,1,0.020559,1,-0.001869,1,148.516548689495,1,4.87156397300551,176,1,22.4190006256104,36.9799995422363,0.020558999851346,0.00747600011527538,143.217407226562,-88.7572,26.6186,11.9210866026725,63,63,63,63,61,63,-0.001869,7816,1.08413155380343,27,-89,0.001869,51,2023-06-27 05:06:17.000545,176,1.037,0.0011,"aoml_navis",1026.36443403108
"7901009",3,0,1,0.022428,1,0,1,148.411386541673,1,4.87133612584024,178,1,22.2609996795654,36.9720001220703,0.0224280003458261,0.00934499967843294,143.115997314453,-88.7572,26.6186,11.9210866026725,63,63,63,63,61,63,0,7816,1.08413155380343,27,-89,0.001869,51,2023-06-27 05:06:17.000545,178,1.037,0.0011,"aoml_navis",1026.4124402086
"7901009",3,-0.00344792104508541,1,0.01869,1,-0.003738,1,148.079127321096,1,4.87121927921137,180,1,22.1919994354248,36.9669990539551,0.0186899993568659,0.00560700008645654,142.795593261719,-88.7572,26.6186,11.9210866026725,63,63,63,63,61,63,-0.003738,7816,1.08413155380343,27,-89,0.001869,51,2023-06-27 05:06:17.000545,180,1.037,0.0011,"aoml_navis",1026.43706090962
"7901009",3,-0.00689584209017082,1,0.014952,1,-0.007476,1,147.800177049662,1,4.87100811501715,182,1,22.0400009155273,36.9570007324219,0.0149520002305508,0.00186900002881885,142.526596069336,-88.7572,26.6186,11.9210866026725,63,63,63,63,61,63,-0.007476,7816,1.08413155380343,27,-89,0.001869,51,2023-06-27 05:06:17.000545,182,1.037,0.0011,"aoml_navis",1026.48155821896
"7901009",3,-0.00689584209017082,1,0.014952,1,-0.007476,1,147.900149130604,1,4.87070061747583,184,1,21.7889995574951,36.9370002746582,0.0149520002305508,0.00186900002881885,142.623001098633,-88.7572,26.6186,11.9210866026725,63,63,63,63,61,63,-0.007476,7816,1.08413155380343,27,-89,0.001869,51,2023-06-27 05:06:17.000545,184,1.037,0.0011,"aoml_navis",1026.54636215173
"7901009",3,-0.00689584209017082,1,0.014952,1,-0.007476,1,148.196204470017,1,4.87045725452224,186,1,21.5949993133545,36.9210014343262,0.0149520002305508,0.00186900002881885,142.908493041992,-88.7572,26.6186,11.9210866026725,63,63,63,63,61,63,-0.007476,7816,1.08413155380343,27,-89,0.001869,51,2023-06-27 05:06:17.000545,186,1.037,0.0011,"aoml_navis",1026.59765576579
"7901009",3,-0.00517188156762812,1,0.016821,1,-0.005607,1,148.210113216321,1,4.87033483281301,188,1,21.5069999694824,36.9109992980957,0.0168210007250309,0.00373800005763769,142.921905517578,-88.7572,26.6186,11.9210866026725,63,63,63,63,61,63,-0.005607,7816,1.08413155380343,27,-89,0.001869,51,2023-06-27 05:06:17.000545,188,1.037,0.0011,"aoml_navis",1026.62346052953
"7901009",3,-0.00517188156762812,1,0.016821,1,-0.005607,1,148.420928036578,1,4.87011724444753,190,1,21.3390007019043,36.8979988098145,0.0168210007250309,0.00373800005763769,143.125198364258,-88.7572,26.6186,11.9210866026725,63,63,63,63,61,63,-0.005607,7816,1.08413155380343,27,-89,0.001869,51,2023-06-27 05:06:17.000545,190,1.037,0.0011,"aoml_navis",1026.66932827963
"7901009",3,-0.00689584209017082,1,0.014952,1,-0.007476,1,148.555537484594,1,4.86994732412537,192,1,21.2089996337891,36.8860015869141,0.0149520002305508,0.00186900002881885,143.255004882812,-88.7572,26.6186,11.9210866026725,63,63,63,63,61,63,-0.007476,7816,1.08413155380343,27,-89,0.001869,51,2023-06-27 05:06:17.000545,192,1.037,0.0011,"aoml_navis",1026.70515042952
"7901009",3,-0.00172396052254271,1,0.020559,1,-0.001869,1,148.450280396525,1,4.86988540223126,194,1,21.1849994659424,36.882999420166,0.020558999851346,0.00747600011527538,143.153503417969,-88.7572,26.6186,11.9210866026725,63,63,63,63,61,63,-0.001869,7816,1.08413155380343,27,-89,0.001869,51,2023-06-27 05:06:17.000545,194,1.037,0.0011,"aoml_navis",1026.71820525985
"7901009",3,-0.00172396052254271,1,0.020559,1,-0.001869,1,148.23831046992,1,4.86983440708938,196,1,21.1720008850098,36.8810005187988,0.020558999851346,0.00747600011527538,142.949096679688,-88.7572,26.6186,11.9210866026725,63,63,63,63,61,63,-0.001869,7816,1.08413155380343,27,-89,0.001869,51,2023-06-27 05:06:17.000545,196,1.037,0.0011,"aoml_navis",1026.72895668098
"7901009",3,-0.00689584209017082,1,0.014952,1,-0.007476,1,147.827045139792,1,4.86979397778696,198,1,21.1669998168945,36.8790016174316,0.0149520002305508,0.00186900002881885,142.552505493164,-88.7572,26.6186,11.9210866026725,63,63,63,63,61,63,-0.007476,7816,1.08413155380343,27,-89,0.001869,51,2023-06-27 05:06:17.000545,198,1.037,0.0011,"aoml_navis",1026.73748064229
"7901009",3,-0.00861980261271353,1,0.013083,1,-0.009345,1,147.764400399613,1,4.86961798993452,200,1,21.0289993286133,36.8660011291504,0.0130829997360706,0,142.492095947266,-88.7572,26.6186,11.9210866026725,63,63,63,63,61,63,-0.009345,7816,1.08413155380343,27,-89,0.001869,51,2023-06-27 05:06:17.000545,200,1.037,0.0011,"aoml_navis",1026.77458690496
"7901009",3,-0.00861980261271353,1,0.013083,1,-0.009345,1,147.708828707896,1,4.86947222667419,202,1,20.9080009460449,36.851001739502,0.0130829997360706,0,142.438507080078,-88.7572,26.6186,11.9210866026725,63,63,63,63,61,63,-0.009345,7816,1.08413155380343,27,-89,0.001869,51,2023-06-27 05:06:17.000545,202,1.037,0.0011,"aoml_navis",1026.80532247639
"7901009",3,0,1,0.016821,1,-0.005607,1,147.975958918478,1,4.86922814763342,204,1,20.6889991760254,36.8279991149902,0.0168210007250309,0,142.696105957031,-88.7572,26.6186,11.9210866026725,63,63,63,63,61,63,0,7816,1.08413155380343,27,-89,0.001869,51,2023-06-27 05:06:17.000545,204,1.037,0.0011,"aoml_navis",1026.85679298682
"7901009",3,0,1,0.016821,1,-0.005607,1,148.18201090297,1,4.86907879596816,206,1,20.5639991760254,36.8129997253418,0.0168210007250309,0,142.894805908203,-88.7572,26.6186,11.9210866026725,63,63,63,63,61,63,0,7816,1.08413155380343,27,-89,0.001869,51,2023-06-27 05:06:17.000545,206,1.037,0.0011,"aoml_navis",1026.88829027377
"7901009",3,0,1,0.013083,1,-0.009345,1,148.400389296302,1,4.86894507412265,208,1,20.4589996337891,36.8009986877441,0.0130829997360706,0,143.105392456055,-88.7572,26.6186,11.9210866026725,63,63,63,63,61,63,0,7816,1.08413155380343,27,-89,0.001869,51,2023-06-27 05:06:17.000545,208,1.037,0.0011,"aoml_navis",1026.91649297378
"7901009",3,0,1,0.013083,1,-0.009345,1,148.781289570506,1,4.86887679571642,210,1,20.423999786377,36.7960014343262,0.0130829997360706,0,143.472702026367,-88.7572,26.6186,11.9210866026725,63,63,63,63,61,63,0,7816,1.08413155380343,27,-89,0.001869,51,2023-06-27 05:06:17.000545,210,1.037,0.0011,"aoml_navis",1026.93089387658
"7901009",3,0,1,0.016821,1,-0.005607,1,149.224296590152,1,4.86877815085724,212,1,20.3570003509521,36.7879981994629,0.0168210007250309,0,143.89990234375,-88.7572,26.6186,11.9210866026725,63,63,63,63,61,63,0,7816,1.08413155380343,27,-89,0.001869,51,2023-06-27 05:06:17.000545,212,1.037,0.0011,"aoml_navis",1026.95170021654
"7901009",3,0,1,0.016821,1,-0.005607,1,149.500968295638,1,4.86870099115243,214,1,20.3150005340576,36.7830009460449,0.0168210007250309,0,144.166702270508,-88.7572,26.6186,11.9210866026725,63,63,63,63,61,63,0,7816,1.08413155380343,27,-89,0.001869,51,2023-06-27 05:06:17.000545,214,1.037,0.0011,"aoml_navis",1026.9679754592
"7901009",3,0,1,0.014952,1,-0.007476,1,149.540779906218,1,4.86865062322716,216,1,20.3050003051758,36.7820014953613,0.0149520002305508,0,144.205093383789,-88.7572,26.6186,11.9210866026725,63,63,63,63,61,63,0,7816,1.08413155380343,27,-89,0.001869,51,2023-06-27 05:06:17.000545,216,1.037,0.0011,"aoml_navis",1026.97859980878
"7901009",3,0,1,0.014952,1,-0.007476,1,149.877817785936,1,4.86859848658536,218,1,20.2880001068115,36.7789993286133,0.0149520002305508,0,144.53010559082,-88.7572,26.6186,11.9210866026725,63,63,63,63,61,63,0,7816,1.08413155380343,27,-89,0.001869,51,2023-06-27 05:06:17.000545,218,1.037,0.0011,"aoml_navis",1026.98959747383
"7901009",3,0,1,0.009345,1,-0.013083,1,150.708560777627,1,4.86848885055735,220,1,20.2150001525879,36.7719993591309,0.00934499967843294,0,145.331207275391,-88.7572,26.6186,11.9210866026725,63,63,63,63,61,63,0,7816,1.08413155380343,27,-89,0.001869,51,2023-06-27 05:06:17.000545,220,1.037,0.0011,"aoml_navis",1027.01272478576
"7901009",3,0,1,0.016821,1,-0.005607,1,150.637513825518,1,4.86840958048559,222,1,20.173999786377,36.7680015563965,0.0168210007250309,0,145.2626953125,-88.7572,26.6186,11.9210866026725,63,63,63,63,61,63,0,7816,1.08413155380343,27,-89,0.001869,51,2023-06-27 05:06:17.000545,222,1.037,0.0011,"aoml_navis",1027.02944716112
"7901009",3,0,1,0.014952,1,-0.007476,1,149.993961355754,1,4.86835449248514,224,1,20.1490001678467,36.7630004882812,0.0149520002305508,0,144.642105102539,-88.7572,26.6186,11.9210866026725,63,63,63,63,61,63,0,7816,1.08413155380343,27,-89,0.001869,51,2023-06-27 05:06:17.000545,224,1.037,0.0011,"aoml_navis",1027.04106854135
"7901009",3,0,1,0.013083,1,-0.009345,1,149.639929171679,1,4.8682853460295,226,1,20.113000869751,36.757999420166,0.0130829997360706,0,144.300704956055,-88.7572,26.6186,11.9210866026725,63,63,63,63,61,63,0,7816,1.08413155380343,27,-89,0.001869,51,2023-06-27 05:06:17.000545,226,1.037,0.0011,"aoml_navis",1027.05565606953
"7901009",3,0,1,0.014952,1,-0.007476,1,149.739885429246,1,4.8681925693887,228,1,20.0499992370605,36.75,0.0149520002305508,0,144.397094726562,-88.7572,26.6186,11.9210866026725,63,63,63,63,61,63,0,7816,1.08413155380343,27,-89,0.001869,51,2023-06-27 05:06:17.000545,228,1.037,0.0011,"aoml_navis",1027.07522940652
"7901009",3,0,1,0.014952,1,-0.007476,1,149.201067876188,1,4.86804184192049,230,1,19.9130001068115,36.7319984436035,0.0149520002305508,0,143.877502441406,-88.7572,26.6186,11.9210866026725,63,63,63,63,61,63,0,7816,1.08413155380343,27,-89,0.001869,51,2023-06-27 05:06:17.000545,230,1.037,0.0011,"aoml_navis",1027.10703037578
"7901009",3,0,1,0.013083,1,-0.009345,1,149.266703234172,1,4.86791268376409,232,1,19.8010005950928,36.7169990539551,0.0130829997360706,0,143.940795898438,-88.7572,26.6186,11.9210866026725,63,63,63,63,61,63,0,7816,1.08413155380343,27,-89,0.001869,51,2023-06-27 05:06:17.000545,232,1.037,0.0011,"aoml_navis",1027.13428214858
"7901009",3,0,1,0.014952,1,-0.007476,1,149.831043890516,1,4.86782301072609,234,1,19.7369995117188,36.7080001831055,0.0149520002305508,0,144.485000610352,-88.7572,26.6186,11.9210866026725,63,63,63,63,61,63,0,7816,1.08413155380343,27,-89,0.001869,51,2023-06-27 05:06:17.000545,234,1.037,0.0011,"aoml_navis",1027.15320359484
"7901009",3,0,1,0.029904,1,0.007476,1,150.408027423192,1,4.86772053634772,236,1,19.6569995880127,36.6969985961914,0.0299040004611015,0,145.041397094727,-88.7572,26.6186,11.9210866026725,63,63,63,63,61,63,0,7816,1.08413155380343,27,-89,0.001869,51,2023-06-27 05:06:17.000545,236,1.037,0.0011,"aoml_navis",1027.17482703958
"7901009",3,0,1,0.014952,1,-0.007476,1,150.607860821453,1,4.86760696869846,238,1,19.568000793457,36.6860008239746,0.0149520002305508,0,145.234100341797,-88.7572,26.6186,11.9210866026725,63,63,63,63,61,63,0,7816,1.08413155380343,27,-89,0.001869,51,2023-06-27 05:06:17.000545,238,1.037,0.0011,"aoml_navis",1027.19879237434
"7901009",3,0,1,0.01869,1,-0.003738,1,150.566688400653,1,4.86749858781197,240,1,19.4799995422363,36.673999786377,0.0186899993568659,0,145.194396972656,-88.7572,26.6186,11.9210866026725,63,63,63,63,61,63,0,7816,1.08413155380343,27,-89,0.001869,51,2023-06-27 05:06:17.000545,240,1.037,0.0011,"aoml_navis",1027.22166422807
"7901009",3,0,1,0.016821,1,-0.005607,1,150.529044592398,1,4.86739941623057,242,1,19.4020004272461,36.6629981994629,0.0168210007250309,0,145.158096313477,-88.7572,26.6186,11.9210866026725,63,63,63,63,61,63,0,7816,1.08413155380343,27,-89,0.001869,51,2023-06-27 05:06:17.000545,242,1.037,0.0011,"aoml_navis",1027.24259351457
"7901009",3,0,1,0.014952,1,-0.007476,1,150.535785349992,1,4.8672722374706,244,1,19.2840003967285,36.6459999084473,0.0149520002305508,0,145.164596557617,-88.7572,26.6186,11.9210866026725,63,63,63,63,61,63,0,7816,1.08413155380343,27,-89,0.001869,51,2023-06-27 05:06:17.000545,244,1.037,0.0011,"aoml_navis",1027.26943471697
"7901009",3,0,1,0.013083,1,-0.009345,1,150.494929396686,1,4.86723067074406,246,1,19.2749996185303,36.6430015563965,0.0130829997360706,0,145.125198364258,-88.7572,26.6186,11.9210866026725,63,63,63,63,61,63,0,7816,1.08413155380343,27,-89,0.001869,51,2023-06-27 05:06:17.000545,246,1.037,0.0011,"aoml_navis",1027.27820771964
"7901009",3,0,1,0.016821,1,-0.005607,1,150.905688378825,1,4.8671424294522,248,1,19.2140007019043,36.6349983215332,0.0168210007250309,0,145.521301269531,-88.7572,26.6186,11.9210866026725,63,63,63,63,61,63,0,7816,1.08413155380343,27,-89,0.001869,51,2023-06-27 05:06:17.000545,248,1.037,0.0011,"aoml_navis",1027.29683227346
"7901009",3,0,1,0.014952,1,-0.007476,1,151.370056954227,1,4.86702790599285,250,1,19.1229991912842,36.6240005493164,0.0149520002305508,0,145.969100952148,-88.7572,26.6186,11.9210866026725,63,63,63,63,61,63,0,7816,1.08413155380343,27,-89,0.001869,51,2023-06-27 05:06:17.000545,250,1.037,0.0011,"aoml_navis",1027.32100505185
"7901009",3,0,1,0.014952,1,-0.007476,1,151.258676220174,1,4.86697637049979,252,1,19.1030006408691,36.6199989318848,0.0149520002305508,0,145.861694335938,-88.7572,26.6186,11.9210866026725,63,63,63,63,61,63,0,7816,1.08413155380343,27,-89,0.001869,51,2023-06-27 05:06:17.000545,252,1.037,0.0011,"aoml_navis",1027.33188315984
"7901009",3,0,1,0.014952,1,-0.007476,1,150.955152247933,1,4.86690861754802,254,1,19.0669994354248,36.6150016784668,0.0149520002305508,0,145.569000244141,-88.7572,26.6186,11.9210866026725,63,63,63,63,61,63,0,7816,1.08413155380343,27,-89,0.001869,51,2023-06-27 05:06:17.000545,254,1.037,0.0011,"aoml_navis",1027.34618479831
"7901009",3,0,1,0.016821,1,-0.005607,1,150.860164530002,1,4.86679427715797,256,1,18.9640007019043,36.5999984741211,0.0168210007250309,0,145.477401733398,-88.7572,26.6186,11.9210866026725,63,63,63,63,61,63,0,7816,1.08413155380343,27,-89,0.001869,51,2023-06-27 05:06:17.000545,256,1.037,0.0011,"aoml_navis",1027.37032125381
"7901009",3,0,1,0.016821,1,-0.005607,1,150.812567819101,1,4.86668917882631,258,1,18.8770008087158,36.5880012512207,0.0168210007250309,0,145.431503295898,-88.7572,26.6186,11.9210866026725,63,63,63,63,61,63,0,7816,1.08413155380343,27,-89,0.001869,51,2023-06-27 05:06:17.000545,258,1.037,0.0011,"aoml_navis",1027.39250777586
"7901009",3,0,1,0.016821,1,-0.005607,1,150.821587142642,1,4.86663412591509,260,1,18.8540000915527,36.5839996337891,0.0168210007250309,0,145.440200805664,-88.7572,26.6186,11.9210866026725,63,63,63,63,61,63,0,7816,1.08413155380343,27,-89,0.001869,51,2023-06-27 05:06:17.000545,260,1.037,0.0011,"aoml_navis",1027.40412996628
"7901009",3,0,1,0.020559,1,-0.001869,1,150.658258269664,1,4.86658038158131,262,1,18.8349990844727,36.5810012817383,0.020558999851346,0,145.282699584961,-88.7572,26.6186,11.9210866026725,63,63,63,63,61,63,0,7816,1.08413155380343,27,-89,0.001869,51,2023-06-27 05:06:17.000545,262,1.037,0.0011,"aoml_navis",1027.41547615727
"7901009",3,0,1,0.016821,1,-0.005607,1,150.591262101461,1,4.8665167629032,264,1,18.8050003051758,36.5769996643066,0.0168210007250309,0,145.21809387207,-88.7572,26.6186,11.9210866026725,63,63,63,63,61,63,0,7816,1.08413155380343,27,-89,0.001869,51,2023-06-27 05:06:17.000545,264,1.037,0.0011,"aoml_navis",1027.42890728628
"7901009",3,0,1,0.016821,1,-0.005607,1,150.545738252637,1,4.86646428179113,266,1,18.7870006561279,36.5740013122559,0.0168210007250309,0,145.174194335938,-88.7572,26.6186,11.9210866026725,63,63,63,63,61,63,0,7816,1.08413155380343,27,-89,0.001869,51,2023-06-27 05:06:17.000545,266,1.037,0.0011,"aoml_navis",1027.43998732479
"7901009",3,0,1,0.011214,1,-0.011214,1,150.599363669274,1,4.86640814327809,268,1,18.7660007476807,36.5709991455078,0.0112140001729131,0,145.22590637207,-88.7572,26.6186,11.9210866026725,63,63,63,63,61,63,0,7816,1.08413155380343,27,-89,0.001869,51,2023-06-27 05:06:17.000545,268,1.037,0.0011,"aoml_navis",1027.45183979409
"7901009",3,0,1,0.020559,1,-0.001869,1,150.611595137867,1,4.8663631792629,270,1,18.7600002288818,36.5699996948242,0.020558999851346,0,145.237701416016,-88.7572,26.6186,11.9210866026725,63,63,63,63,61,63,0,7816,1.08413155380343,27,-89,0.001869,51,2023-06-27 05:06:17.000545,270,1.037,0.0011,"aoml_navis",1027.46133319983
"7901009",3,0,1,0.013083,1,-0.009345,1,150.63700747753,1,4.86631944419741,272,1,18.7549991607666,36.5690002441406,0.0130829997360706,0,145.26220703125,-88.7572,26.6186,11.9210866026725,63,63,63,63,61,63,0,7816,1.08413155380343,27,-89,0.001869,51,2023-06-27 05:06:17.000545,272,1.037,0.0011,"aoml_navis",1027.47056730153
"7901009",3,0,1,0.016821,1,-0.005607,1,150.696835657023,1,4.866277006372,274,1,18.753999710083,36.5690002441406,0.0168210007250309,0,145.319900512695,-88.7572,26.6186,11.9210866026725,63,63,63,63,61,63,0,7816,1.08413155380343,27,-89,0.001869,51,2023-06-27 05:06:17.000545,274,1.037,0.0011,"aoml_navis",1027.4795276662
"7901009",3,0,1,0.016821,1,-0.005607,1,150.742043038354,1,4.86623327770082,276,1,18.7490005493164,36.568000793457,0.0168210007250309,0,145.363494873047,-88.7572,26.6186,11.9210866026725,63,63,63,63,61,63,0,7816,1.08413155380343,27,-89,0.001869,51,2023-06-27 05:06:17.000545,276,1.037,0.0011,"aoml_navis",1027.48876074482
"7901009",3,0,1,0.016821,1,-0.005607,1,150.836318704427,1,4.86618089559556,278,1,18.7339992523193,36.5660018920898,0.0168210007250309,0,145.454406738281,-88.7572,26.6186,11.9210866026725,63,63,63,63,61,63,0,7816,1.08413155380343,27,-89,0.001869,51,2023-06-27 05:06:17.000545,278,1.037,0.0011,"aoml_navis",1027.49982116891
"7901009",3,0,1,0.01869,1,-0.003738,1,150.919992709495,1,4.86611486943613,280,1,18.6989994049072,36.5610008239746,0.0186899993568659,0,145.535095214844,-88.7572,26.6186,11.9210866026725,63,63,63,63,61,63,0,7816,1.08413155380343,27,-89,0.001869,51,2023-06-27 05:06:17.000545,280,1.037,0.0011,"aoml_navis",1027.51376285932
"7901009",3,0,1,0.013083,1,-0.009345,1,151.025455501435,1,4.86606865357348,282,1,18.6889991760254,36.5589981079102,0.0130829997360706,0,145.636795043945,-88.7572,26.6186,11.9210866026725,63,63,63,63,61,63,0,7816,1.08413155380343,27,-89,0.001869,51,2023-06-27 05:06:17.000545,282,1.037,0.0011,"aoml_navis",1027.5235217506
"7901009",3,0,1,0.011214,1,-0.011214,1,150.972779487276,1,4.86602248712359,284,1,18.681999206543,36.5579986572266,0.0112140001729131,0,145.585998535156,-88.7572,26.6186,11.9210866026725,63,63,63,63,61,63,0,7816,1.08413155380343,27,-89,0.001869,51,2023-06-27 05:06:17.000545,284,1.037,0.0011,"aoml_navis",1027.533270393
"7901009",3,0,1,0.014952,1,-0.007476,1,150.93513567902,1,4.86595895978932,286,1,18.6490001678467,36.5530014038086,0.0149520002305508,0,145.549697875977,-88.7572,26.6186,11.9210866026725,63,63,63,63,61,63,0,7816,1.08413155380343,27,-89,0.001869,51,2023-06-27 05:06:17.000545,286,1.037,0.0011,"aoml_navis",1027.54668531288
"7901009",3,0,1,0.014952,1,-0.007476,1,150.936907896979,1,4.8658992562698,288,1,18.625,36.5499992370605,0.0149520002305508,0,145.551406860352,-88.7572,26.6186,11.9210866026725,63,63,63,63,61,63,0,7816,1.08413155380343,27,-89,0.001869,51,2023-06-27 05:06:17.000545,288,1.037,0.0011,"aoml_navis",1027.55929308594
"7901009",3,0,1,0.014952,1,-0.007476,1,150.756046724906,1,4.8658517801709,290,1,18.6110000610352,36.5470008850098,0.0149520002305508,0,145.376998901367,-88.7572,26.6186,11.9210866026725,63,63,63,63,61,63,0,7816,1.08413155380343,27,-89,0.001869,51,2023-06-27 05:06:17.000545,290,1.037,0.0011,"aoml_navis",1027.56931897839
"7901009",3,0,1,0.01869,1,-0.003738,1,150.629950252443,1,4.86577361014537,292,1,18.5599994659424,36.5400009155273,0.0186899993568659,0,145.255401611328,-88.7572,26.6186,11.9210866026725,63,63,63,63,61,63,0,7816,1.08413155380343,27,-89,0.001869,51,2023-06-27 05:06:17.000545,292,1.037,0.0011,"aoml_navis",1027.58582716935
"7901009",3,0,1,0.020559,1,-0.001869,1,150.56534341381,1,4.8657261360471,294,1,18.5429992675781,36.5359992980957,0.020558999851346,0,145.193099975586,-88.7572,26.6186,11.9210866026725,63,63,63,63,61,63,0,7816,1.08413155380343,27,-89,0.001869,51,2023-06-27 05:06:17.000545,294,1.037,0.0011,"aoml_navis",1027.59585315708
"7901009",3,0,1,0.016821,1,-0.005607,1,150.471083571111,1,4.86567630547574,296,1,18.5300006866455,36.5340003967285,0.0168210007250309,0,145.102203369141,-88.7572,26.6186,11.9210866026725,63,63,63,63,61,63,0,7816,1.08413155380343,27,-89,0.001869,51,2023-06-27 05:06:17.000545,296,1.037,0.0011,"aoml_navis",1027.60637701548
"7901009",3,0,1,0.014952,1,-0.007476,1,150.292089557244,1,4.8656301357425,298,1,18.5200004577637,36.5320014953613,0.0149520002305508,0,144.929595947266,-88.7572,26.6186,11.9210866026725,63,63,63,63,61,63,0,7816,1.08413155380343,27,-89,0.001869,51,2023-06-27 05:06:17.000545,298,1.037,0.0011,"aoml_navis",1027.61612792358
"7901009",3,0,1,0.014952,1,-0.007476,1,150.273940146539,1,4.86557046685957,300,1,18.4899997711182,36.5270004272461,0.0149520002305508,0,144.912094116211,-88.7572,26.6186,11.9210866026725,63,63,63,63,61,63,0,7816,1.08413155380343,27,-89,0.001869,51,2023-06-27 05:06:17.000545,300,1.037,0.0011,"aoml_navis",1027.62873008541
"7901009",3,0,1,0.013083,1,-0.009345,1,150.400875257857,1,4.86546967176374,302.100006103516,1,18.4069995880127,36.5149993896484,0.0130829997360706,0,145.03450012207,-88.7572,26.6186,11.9210866026725,63,63,63,63,61,63,0,7816,1.08413155380343,27,-89,0.001869,51,2023-06-27 05:06:17.000545,302.100006103516,1.037,0.0011,"aoml_navis",1027.65001887012
"7901009",3,0,1,0.014952,1,-0.007476,1,150.67162902123,1,4.8653914467376,304,1,18.3419990539551,36.5040016174316,0.0149520002305508,0,145.295593261719,-88.7572,26.6186,11.9210866026725,63,63,63,63,61,63,0,7816,1.08413155380343,27,-89,0.001869,51,2023-06-27 05:06:17.000545,304,1.037,0.0011,"aoml_navis",1027.66654127134
"7901009",3,0,1,0.013083,1,-0.009345,1,150.908489116136,1,4.86531863531341,306,1,18.2919998168945,36.4959983825684,0.0130829997360706,0,145.524002075195,-88.7572,26.6186,11.9210866026725,63,63,63,63,61,63,0,7816,1.08413155380343,27,-89,0.001869,51,2023-06-27 05:06:17.000545,306,1.037,0.0011,"aoml_navis",1027.68192070896
"7901009",3,0,1,0.014952,1,-0.007476,1,151.286272185537,1,4.86523019373365,308,1,18.2229995727539,36.4860000610352,0.0149520002305508,0,145.888305664062,-88.7572,26.6186,11.9210866026725,63,63,63,63,61,63,0,7816,1.08413155380343,27,-89,0.001869,51,2023-06-27 05:06:17.000545,308,1.037,0.0011,"aoml_navis",1027.70060221198
"7901009",3,0,1,0.016821,1,-0.005607,1,151.351812603274,1,4.86515278072115,310,1,18.1630001068115,36.476001739502,0.0168210007250309,0,145.951507568359,-88.7572,26.6186,11.9210866026725,63,63,63,63,61,63,0,7816,1.08413155380343,27,-89,0.001869,51,2023-06-27 05:06:17.000545,310,1.037,0.0011,"aoml_navis",1027.71695470967
"7901009",3,0,1,0.020559,1,-0.001869,1,151.813997552976,1,4.86503476802258,312,1,18.0510005950928,36.4599990844727,0.020558999851346,0,146.397201538086,-88.7572,26.6186,11.9210866026725,63,63,63,63,61,63,0,7816,1.08413155380343,27,-89,0.001869,51,2023-06-27 05:06:17.000545,312,1.037,0.0011,"aoml_navis",1027.74188436731
"7901009",3,0,1,0.020559,1,-0.001869,1,151.203405172576,1,4.8649159138239,314,1,17.9500007629395,36.4480018615723,0.020558999851346,0,145.808395385742,-88.7572,26.6186,11.9210866026725,63,63,63,63,61,63,0,7816,1.08413155380343,27,-89,0.001869,51,2023-06-27 05:06:17.000545,314,1.037,0.0011,"aoml_navis",1027.76699301056
"7901009",3,0,1,0.016821,1,-0.005607,1,150.336885530835,1,4.86482154720962,316,1,17.8540000915527,36.4309997558594,0.0168210007250309,0,144.972793579102,-88.7572,26.6186,11.9210866026725,63,63,63,63,61,63,0,7816,1.08413155380343,27,-89,0.001869,51,2023-06-27 05:06:17.000545,316,1.037,0.0011,"aoml_navis",1027.78692938242
"7901009",3,0,1,0.014952,1,-0.007476,1,149.778573580227,1,4.86473089521739,318,1,17.7730007171631,36.4179992675781,0.0149520002305508,0,144.43440246582,-88.7572,26.6186,11.9210866026725,63,63,63,63,61,63,0,7816,1.08413155380343,27,-89,0.001869,51,2023-06-27 05:06:17.000545,318,1.037,0.0011,"aoml_navis",1027.80608171268
"7901009",3,0,1,0.016821,1,-0.005607,1,149.930905207835,1,4.86465473688309,320,1,17.7040004730225,36.4049987792969,0.0168210007250309,0,144.581298828125,-88.7572,26.6186,11.9210866026725,63,63,63,63,61,63,0,7816,1.08413155380343,27,-89,0.001869,51,2023-06-27 05:06:17.000545,320,1.037,0.0011,"aoml_navis",1027.82217247418
"7901009",3,0,1,0.013083,1,-0.009345,1,150.030149413543,1,4.86459131201096,322,1,17.6669998168945,36.398998260498,0.0130829997360706,0,144.677001953125,-88.7572,26.6186,11.9210866026725,63,63,63,63,61,63,0,7816,1.08413155380343,27,-89,0.001869,51,2023-06-27 05:06:17.000545,322,1.037,0.0011,"aoml_navis",1027.83557328952
"7901009",3,0,1,0.016821,1,-0.005607,1,149.956823895486,1,4.86452555897802,324,1,17.6280002593994,36.3930015563965,0.0168210007250309,0,144.606292724609,-88.7572,26.6186,11.9210866026725,63,63,63,63,61,63,0,7816,1.08413155380343,27,-89,0.001869,51,2023-06-27 05:06:17.000545,324,1.037,0.0011,"aoml_navis",1027.84946638258
"7901009",3,0,1,0.016821,1,-0.005607,1,149.024146724398,1,4.86446704091694,326,1,17.5919990539551,36.3860015869141,0.0168210007250309,0,143.706893920898,-88.7572,26.6186,11.9210866026725,63,63,63,63,61,63,0,7816,1.08413155380343,27,-89,0.001869,51,2023-06-27 05:06:17.000545,326,1.037,0.0011,"aoml_navis",1027.86183109949
"7901009",3,0,1,0.013083,1,-0.009345,1,148.031324906324,1,4.86435637322258,328,1,17.4810009002686,36.3689994812012,0.0130829997360706,0,142.749496459961,-88.7572,26.6186,11.9210866026725,63,63,63,63,61,63,0,7816,1.08413155380343,27,-89,0.001869,51,2023-06-27 05:06:17.000545,328,1.037,0.0011,"aoml_navis",1027.88521571407
"7901009",3,0,1,0.01869,1,-0.003738,1,147.490323727567,1,4.86425899408818,330,1,17.3840007781982,36.3530006408691,0.0186899993568659,0,142.227798461914,-88.7572,26.6186,11.9210866026725,63,63,63,63,61,63,0,7816,1.08413155380343,27,-89,0.001869,51,2023-06-27 05:06:17.000545,330,1.037,0.0011,"aoml_navis",1027.90579327227
"7901009",3,0,1,0.01869,1,-0.003738,1,146.998375010177,1,4.86417113169324,332,1,17.3010005950928,36.3390007019043,0.0186899993568659,0,141.753402709961,-88.7572,26.6186,11.9210866026725,63,63,63,63,61,63,0,7816,1.08413155380343,27,-89,0.001869,51,2023-06-27 05:06:17.000545,332,1.037,0.0011,"aoml_navis",1027.92436051885
"7901009",3,0,1,0.01869,1,-0.003738,1,146.421075010008,1,4.8641039518568,334,1,17.2509994506836,36.3300018310547,0.0186899993568659,0,141.196701049805,-88.7572,26.6186,11.9210866026725,63,63,63,63,61,63,0,7816,1.08413155380343,27,-89,0.001869,51,2023-06-27 05:06:17.000545,334,1.037,0.0011,"aoml_navis",1027.93855754076
"7901009",3,0,1,0.016821,1,-0.005607,1,145.625792200872,1,4.86404946042892,336,1,17.2180004119873,36.3230018615723,0.0168210007250309,0,140.429794311523,-88.7572,26.6186,11.9210866026725,63,63,63,63,61,63,0,7816,1.08413155380343,27,-89,0.001869,51,2023-06-27 05:06:17.000545,336,1.037,0.0011,"aoml_navis",1027.9500734269
"7901009",3,0,1,0.01869,1,-0.003738,1,144.854893212049,1,4.86396914098338,338,1,17.1410007476807,36.3089981079102,0.0186899993568659,0,139.686401367188,-88.7572,26.6186,11.9210866026725,63,63,63,63,61,63,0,7816,1.08413155380343,27,-89,0.001869,51,2023-06-27 05:06:17.000545,338,1.037,0.0011,"aoml_navis",1027.96704811929
"7901009",3,0,1,0.01869,1,-0.003738,1,144.324050639807,1,4.86384600689868,340,1,17.0049991607666,36.2879981994629,0.0186899993568659,0,139.174499511719,-88.7572,26.6186,11.9210866026725,63,63,63,63,61,63,0,7816,1.08413155380343,27,-89,0.001869,51,2023-06-27 05:06:17.000545,340,1.037,0.0011,"aoml_navis",1027.9930723358
"7901009",3,0,1,0.016821,1,-0.005607,1,144.043755381529,1,4.86374965828564,342,1,16.9009990692139,36.2700004577637,0.0168210007250309,0,138.904205322266,-88.7572,26.6186,11.9210866026725,63,63,63,63,61,63,0,7816,1.08413155380343,27,-89,0.001869,51,2023-06-27 05:06:17.000545,342,1.037,0.0011,"aoml_navis",1028.01343639927
"7901009",3,0,1,0.01869,1,-0.003738,1,143.549417334569,1,4.86368656059955,344,1,16.8570003509521,36.2620010375977,0.0186899993568659,0,138.427505493164,-88.7572,26.6186,11.9210866026725,63,63,63,63,61,63,0,7816,1.08413155380343,27,-89,0.001869,51,2023-06-27 05:06:17.000545,344,1.037,0.0011,"aoml_navis",1028.02677304593
"7901009",3,0,1,0.009345,1,-0.013083,1,143.154529197188,1,4.86360160442264,346,1,16.7749996185303,36.2480010986328,0.00934499967843294,0,138.04670715332,-88.7572,26.6186,11.9210866026725,63,63,63,63,61,63,0,7816,1.08413155380343,27,-89,0.001869,51,2023-06-27 05:06:17.000545,346,1.037,0.0011,"aoml_navis",1028.04473036059
"7901009",3,0,1,0.014952,1,-0.007476,1,142.738168740428,1,4.8635201704366,348,1,16.6989994049072,36.2350006103516,0.0149520002305508,0,137.645202636719,-88.7572,26.6186,11.9210866026725,63,63,63,63,61,63,0,7816,1.08413155380343,27,-89,0.001869,51,2023-06-27 05:06:17.000545,348,1.037,0.0011,"aoml_navis",1028.06194377336
"7901009",3,0,1,0.014952,1,-0.007476,1,142.515518035944,1,4.8634220327396,350,1,16.6049995422363,36.2210006713867,0.0149520002305508,0,137.43049621582,-88.7572,26.6186,11.9210866026725,63,63,63,63,61,63,0,7816,1.08413155380343,27,-89,0.001869,51,2023-06-27 05:06:17.000545,350,1.037,0.0011,"aoml_navis",1028.08268876133
"7901009",3,0,1,0.016821,1,-0.005607,1,142.164919524165,1,4.86334660918891,352,1,16.5370006561279,36.2089996337891,0.0168210007250309,0,137.092407226562,-88.7572,26.6186,11.9210866026725,63,63,63,63,61,63,0,7816,1.08413155380343,27,-89,0.001869,51,2023-06-27 05:06:17.000545,352,1.037,0.0011,"aoml_navis",1028.09863285354
"7901009",3,0,1,0.016821,1,-0.005607,1,141.48329601503,1,4.86327845333499,354,1,16.488000869751,36.201000213623,0.0168210007250309,0,136.435104370117,-88.7572,26.6186,11.9210866026725,63,63,63,63,61,63,0,7816,1.08413155380343,27,-89,0.001869,51,2023-06-27 05:06:17.000545,354,1.037,0.0011,"aoml_navis",1028.11304102303
"7901009",3,0,1,0.016821,1,-0.005607,1,140.747129333529,1,4.86320561483188,356,1,16.4220008850098,36.1889991760254,0.0168210007250309,0,135.725204467773,-88.7572,26.6186,11.9210866026725,63,63,63,63,61,63,0,7816,1.08413155380343,27,-89,0.001869,51,2023-06-27 05:06:17.000545,356,1.037,0.0011,"aoml_navis",1028.12843955249
"7901009",3,0,1,0.016821,1,-0.005607,1,140.063432962317,1,4.86310632855627,358,1,16.3099994659424,36.1699981689453,0.0168210007250309,0,135.065902709961,-88.7572,26.6186,11.9210866026725,63,63,63,63,61,63,0,7816,1.08413155380343,27,-89,0.001869,51,2023-06-27 05:06:17.000545,358,1.037,0.0011,"aoml_navis",1028.14943005459
"7901009",3,0,1,0.014952,1,-0.007476,1,139.64561675509,1,4.86300642602555,360,1,16.19700050354,36.1510009765625,0.0149520002305508,0,134.662994384766,-88.7572,26.6186,11.9210866026725,63,63,63,63,61,63,0,7816,1.08413155380343,27,-89,0.001869,51,2023-06-27 05:06:17.000545,360,1.037,0.0011,"aoml_navis",1028.17055170672
"7901009",3,0,1,0.016821,1,-0.005607,1,138.900952921411,1,4.8629388587743,362,1,16.1350002288818,36.1389999389648,0.0168210007250309,0,133.944900512695,-88.7572,26.6186,11.9210866026725,63,63,63,63,61,63,0,7816,1.08413155380343,27,-89,0.001869,51,2023-06-27 05:06:17.000545,362,1.037,0.0011,"aoml_navis",1028.18483744216
"7901009",3,0,1,0.01869,1,-0.003738,1,138.364508874548,1,4.86282050094755,364,1,15.9949998855591,36.117000579834,0.0186899993568659,0,133.427597045898,-88.7572,26.6186,11.9210866026725,63,63,63,63,61,63,0,7816,1.08413155380343,27,-89,0.001869,51,2023-06-27 05:06:17.000545,364,1.037,0.0011,"aoml_navis",1028.20986277937
"7901009",3,0,1,0.026166,1,0.003738,1,137.724896425068,1,4.86273789103283,366,1,15.9060001373291,36.101001739502,0.0261659994721413,0,132.810806274414,-88.7572,26.6186,11.9210866026725,63,63,63,63,61,63,0,7816,1.08413155380343,27,-89,0.001869,51,2023-06-27 05:06:17.000545,366,1.037,0.0011,"aoml_navis",1028.22733037293
"7901009",3,0,1,0.01869,1,-0.003738,1,136.904106336021,1,4.86262864002951,368,1,15.7729997634888,36.0789985656738,0.0186899993568659,0,132.019302368164,-88.7572,26.6186,11.9210866026725,63,63,63,63,61,63,0,7816,1.08413155380343,27,-89,0.001869,51,2023-06-27 05:06:17.000545,368,1.037,0.0011,"aoml_navis",1028.25043204814
"7901009",3,0,1,0.01869,1,-0.003738,1,136.672230604126,1,4.86249083800332,370,1,15.5869998931885,36.048999786377,0.0186899993568659,0,131.795700073242,-88.7572,26.6186,11.9210866026725,63,63,63,63,61,63,0,7816,1.08413155380343,27,-89,0.001869,51,2023-06-27 05:06:17.000545,370,1.037,0.0011,"aoml_navis",1028.2795724615
"7901009",3,0,1,0.01869,1,-0.003738,1,136.462349362972,1,4.86240830602608,372,1,15.5,36.0340003967285,0.0186899993568659,0,131.593307495117,-88.7572,26.6186,11.9210866026725,63,63,63,63,61,63,0,7816,1.08413155380343,27,-89,0.001869,51,2023-06-27 05:06:17.000545,372,1.037,0.0011,"aoml_navis",1028.29702594153
"7901009",3,0,1,0.016821,1,-0.005607,1,136.372646652169,1,4.86233853242155,374,1,15.4409999847412,36.023998260498,0.0168210007250309,0,131.506805419922,-88.7572,26.6186,11.9210866026725,63,63,63,63,61,63,0,7816,1.08413155380343,27,-89,0.001869,51,2023-06-27 05:06:17.000545,374,1.037,0.0011,"aoml_navis",1028.31178180222
"7901009",3,0,1,0.020559,1,-0.001869,1,136.195424856261,1,4.86228054434175,376,1,15.4060001373291,36.0180015563965,0.020558999851346,0,131.335906982422,-88.7572,26.6186,11.9210866026725,63,63,63,63,61,63,0,7816,1.08413155380343,27,-89,0.001869,51,2023-06-27 05:06:17.000545,376,1.037,0.0011,"aoml_navis",1028.32404555893
"7901009",3,0,1,0.014952,1,-0.007476,1,136.065372540139,1,4.86221898855946,378,1,15.3610000610352,36.0099983215332,0.0149520002305508,0,131.210494995117,-88.7572,26.6186,11.9210866026725,63,63,63,63,61,63,0,7816,1.08413155380343,27,-89,0.001869,51,2023-06-27 05:06:17.000545,378,1.037,0.0011,"aoml_navis",1028.33706416036
"7901009",3,0,1,0.016821,1,-0.005607,1,135.966856209664,1,4.86216328308857,380,1,15.3380002975464,36.0069999694824,0.0168210007250309,0,131.115493774414,-88.7572,26.6186,11.9210866026725,63,63,63,63,61,63,0,7816,1.08413155380343,27,-89,0.001869,51,2023-06-27 05:06:17.000545,380,1.037,0.0011,"aoml_navis",1028.3488457475
"7901009",3,0,1,0.020559,1,-0.001869,1,135.809761746292,1,4.8621170308048,382,1,15.3269996643066,36.0050010681152,0.020558999851346,0,130.964004516602,-88.7572,26.6186,11.9210866026725,63,63,63,63,61,63,0,7816,1.08413155380343,27,-89,0.001869,51,2023-06-27 05:06:17.000545,382,1.037,0.0011,"aoml_navis",1028.35862821105
"7901009",3,0,1,0.016821,1,-0.005607,1,135.771184358932,1,4.8620621029866,384,1,15.2980003356934,36,0.0168210007250309,0,130.926803588867,-88.7572,26.6186,11.9210866026725,63,63,63,63,61,63,0,7816,1.08413155380343,27,-89,0.001869,51,2023-06-27 05:06:17.000545,384,1.037,0.0011,"aoml_navis",1028.37024581168
"7901009",3,0,1,0.020559,1,-0.001869,1,135.598836162412,1,4.86201369104168,386,1,15.2849998474121,35.9980010986328,0.020558999851346,0,130.760604858398,-88.7572,26.6186,11.9210866026725,63,63,63,63,61,63,0,7816,1.08413155380343,27,-89,0.001869,51,2023-06-27 05:06:17.000545,386,1.037,0.0011,"aoml_navis",1028.38048547921
"7901009",3,0,1,0.01869,1,-0.003738,1,135.481759013491,1,4.86196893231861,388,1,15.2720003128052,35.9949989318848,0.0186899993568659,0,130.647705078125,-88.7572,26.6186,11.9210866026725,63,63,63,63,61,63,0,7816,1.08413155380343,27,-89,0.001869,51,2023-06-27 05:06:17.000545,388,1.037,0.0011,"aoml_navis",1028.38995263089
"7901009",3,0,1,0.016821,1,-0.005607,1,135.311990027036,1,4.86192450875234,390,1,15.2659997940063,35.9939994812012,0.0168210007250309,0,130.483993530273,-88.7572,26.6186,11.9210866026725,63,63,63,63,61,63,0,7816,1.08413155380343,27,-89,0.001869,51,2023-06-27 05:06:17.000545,390,1.037,0.0011,"aoml_navis",1028.39934906416
"7901009",3,0,1,0.020559,1,-0.001869,1,134.981186556925,1,4.86187865839694,392,1,15.2519998550415,35.9910011291504,0.020558999851346,0,130.164993286133,-88.7572,26.6186,11.9210866026725,63,63,63,63,61,63,0,7816,1.08413155380343,27,-89,0.001869,51,2023-06-27 05:06:17.000545,392,1.037,0.0011,"aoml_navis",1028.40904747068
"7901009",3,0,1,0.020559,1,-0.001869,1,134.368125730081,1,4.86182309798046,394,1,15.2189998626709,35.9850006103516,0.020558999851346,0,129.573806762695,-88.7572,26.6186,11.9210866026725,63,63,63,63,61,63,0,7816,1.08413155380343,27,-89,0.001869,51,2023-06-27 05:06:17.000545,394,1.037,0.0011,"aoml_navis",1028.42080002395
"7901009",3,0,1,0.016821,1,-0.005607,1,133.638699806175,1,4.86175186198511,396,1,15.1479997634888,35.9720001220703,0.0168210007250309,0,128.870407104492,-88.7572,26.6186,11.9210866026725,63,63,63,63,61,63,0,7816,1.08413155380343,27,-89,0.001869,51,2023-06-27 05:06:17.000545,396,1.037,0.0011,"aoml_navis",1028.43586878546
"7901009",3,0,1,0.014952,1,-0.007476,1,133.002805849734,1,4.86162749855799,398,1,14.9870004653931,35.9469985961914,0.0149520002305508,0,128.257202148438,-88.7572,26.6186,11.9210866026725,63,63,63,63,61,63,0,7816,1.08413155380343,27,-89,0.001869,51,2023-06-27 05:06:17.000545,398,1.037,0.0011,"aoml_navis",1028.4621768087
"7901009",3,0,1,0.016821,1,-0.005607,1,132.908435243413,1,4.86150212371435,400,1,14.8070001602173,35.9169998168945,0.0168210007250309,0,128.166198730469,-88.7572,26.6186,11.9210866026725,63,63,63,63,61,63,0,7816,1.08413155380343,27,-89,0.001869,51,2023-06-27 05:06:17.000545,400,1.037,0.0011,"aoml_navis",1028.48870015094
"7901009",3,0,1,0.020559,1,-0.001869,1,132.748429279108,1,4.86142820972599,402,1,14.746000289917,35.9080009460449,0.020558999851346,0,128.011901855469,-88.7572,26.6186,11.9210866026725,63,63,63,63,61,63,0,7816,1.08413155380343,27,-89,0.001869,51,2023-06-27 05:06:17.000545,402,1.037,0.0011,"aoml_navis",1028.50433746955
"7901009",3,0,1,0.016821,1,-0.005607,1,132.573486049148,1,4.8613809392001,404,1,14.7270002365112,35.9039993286133,0.0168210007250309,0,127.843200683594,-88.7572,26.6186,11.9210866026725,63,63,63,63,61,63,0,7816,1.08413155380343,27,-89,0.001869,51,2023-06-27 05:06:17.000545,404,1.037,0.0011,"aoml_navis",1028.51433831941
"7901009",3,0,1,0.014952,1,-0.007476,1,132.204730214976,1,4.86133109588123,406,1,14.7089996337891,35.9010009765625,0.0149520002305508,0,127.487602233887,-88.7572,26.6186,11.9210866026725,63,63,63,63,61,63,0,7816,1.08413155380343,27,-89,0.001869,51,2023-06-27 05:06:17.000545,406,1.037,0.0011,"aoml_navis",1028.52488369621
"7901009",3,0,1,0.022428,1,0,1,131.955432947607,1,4.86125727273307,408,1,14.6409997940063,35.8899993896484,0.0224280003458261,0,127.247200012207,-88.7572,26.6186,11.9210866026725,63,63,63,63,61,63,0,7816,1.08413155380343,27,-89,0.001869,51,2023-06-27 05:06:17.000545,408,1.037,0.0011,"aoml_navis",1028.54050289524
"7901009",3,0,1,0.01869,1,-0.003738,1,131.642881740137,1,4.86120190526052,410,1,14.6040000915527,35.882999420166,0.0186899993568659,0,126.94580078125,-88.7572,26.6186,11.9210866026725,63,63,63,63,61,63,0,7816,1.08413155380343,27,-89,0.001869,51,2023-06-27 05:06:17.000545,410,1.037,0.0011,"aoml_navis",1028.55221762941
"7901009",3,0,1,0.016821,1,-0.005607,1,131.215737653563,1,4.86113211995449,412,1,14.5430002212524,35.8730010986328,0.0168210007250309,0,126.533897399902,-88.7572,26.6186,11.9210866026725,63,63,63,63,61,63,0,7816,1.08413155380343,27,-89,0.001869,51,2023-06-27 05:06:17.000545,412,1.037,0.0011,"aoml_navis",1028.56698329088
"7901009",3,0,1,0.020559,1,-0.001869,1,130.988743432742,1,4.86104964703003,414,1,14.456000328064,35.859001159668,0.020558999851346,0,126.315002441406,-88.7572,26.6186,11.9210866026725,63,63,63,63,61,63,0,7816,1.08413155380343,27,-89,0.001869,51,2023-06-27 05:06:17.000545,414,1.037,0.0011,"aoml_navis",1028.58443403368
"7901009",3,0,1,0.01869,1,-0.003738,1,130.585033764002,1,4.86097442856467,416,1,14.3859996795654,35.8479995727539,0.0186899993568659,0,125.92569732666,-88.7572,26.6186,11.9210866026725,63,63,63,63,61,63,0,7816,1.08413155380343,27,-89,0.001869,51,2023-06-27 05:06:17.000545,416,1.037,0.0011,"aoml_navis",1028.60035029569
"7901009",3,0,1,0.024297,1,0.001869,1,130.415692008663,1,4.86088251658213,418,1,14.2790002822876,35.8310012817383,0.0242970008403063,0,125.762397766113,-88.7572,26.6186,11.9210866026725,63,63,63,63,61,63,0,7816,1.08413155380343,27,-89,0.001869,51,2023-06-27 05:06:17.000545,418,1.037,0.0011,"aoml_navis",1028.61979958234
"7901009",3,0,1,0.016821,1,-0.005607,1,130.219490074881,1,4.8608172294987,420,1,14.2250003814697,35.8219985961914,0.0168210007250309,0,125.573196411133,-88.7572,26.6186,11.9210866026725,63,63,63,63,61,63,0,7816,1.08413155380343,27,-89,0.001869,51,2023-06-27 05:06:17.000545,420,1.037,0.0011,"aoml_navis",1028.63361528112
"7901009",3,0,1,0.020559,1,-0.001869,1,129.786443869568,1,4.86076718405221,422,1,14.2030000686646,35.818000793457,0.020558999851346,0,125.155601501465,-88.7572,26.6186,11.9210866026725,63,63,63,63,61,63,0,7816,1.08413155380343,27,-89,0.001869,51,2023-06-27 05:06:17.000545,422,1.037,0.0011,"aoml_navis",1028.64420587857
"7901009",3,0,1,0.022428,1,0,1,129.613264945879,1,4.86068490380348,424,1,14.1149997711182,35.8040008544922,0.0224280003458261,0,124.98860168457,-88.7572,26.6186,11.9210866026725,63,63,63,63,61,63,0,7816,1.08413155380343,27,-89,0.001869,51,2023-06-27 05:06:17.000545,424,1.037,0.0011,"aoml_navis",1028.66161846605
"7901009",3,0,1,0.022428,1,0,1,129.425979483704,1,4.86061217767933,426,1,14.0570001602173,35.7960014343262,0.0224280003458261,0,124.807998657227,-88.7572,26.6186,11.9210866026725,63,63,63,63,61,63,0,7816,1.08413155380343,27,-89,0.001869,51,2023-06-27 05:06:17.000545,426,1.037,0.0011,"aoml_navis",1028.67700964927
"7901009",3,0,1,0.020559,1,-0.001869,1,129.318238125817,1,4.86054684056811,428,1,14.0059995651245,35.7879981994629,0.020558999851346,0,124.7041015625,-88.7572,26.6186,11.9210866026725,63,63,63,63,61,63,0,7816,1.08413155380343,27,-89,0.001869,51,2023-06-27 05:06:17.000545,428,1.037,0.0011,"aoml_navis",1028.69083747285
"7901009",3,0,1,0.022428,1,0,1,129.193589492133,1,4.86049904524731,430,1,13.9860000610352,35.7840003967285,0.0224280003458261,0,124.58390045166,-88.7572,26.6186,11.9210866026725,63,63,63,63,61,63,0,7816,1.08413155380343,27,-89,0.001869,51,2023-06-27 05:06:17.000545,430,1.037,0.0011,"aoml_navis",1028.70095302027
"7901009",3,0,1,0.01869,1,-0.003738,1,128.978098864672,1,4.8604559027995,432,1,13.9739999771118,35.7809982299805,0.0186899993568659,0,124.376098632812,-88.7572,26.6186,11.9210866026725,63,63,63,63,61,63,0,7816,1.08413155380343,27,-89,0.001869,51,2023-06-27 05:06:17.000545,432,1.037,0.0011,"aoml_navis",1028.71008399029
"7901009",3,0,1,0.01869,1,-0.003738,1,128.712527256492,1,4.86040508650641,434,1,13.9440002441406,35.7750015258789,0.0186899993568659,0,124.120002746582,-88.7572,26.6186,11.9210866026725,63,63,63,63,61,63,0,7816,1.08413155380343,27,-89,0.001869,51,2023-06-27 05:06:17.000545,434,1.037,0.0011,"aoml_navis",1028.72083931464
"7901009",3,0,1,0.020559,1,-0.001869,1,128.586842191769,1,4.86033640494788,436,1,13.8859996795654,35.765998840332,0.020558999851346,0,123.998802185059,-88.7572,26.6186,11.9210866026725,63,63,63,63,61,63,0,7816,1.08413155380343,27,-89,0.001869,51,2023-06-27 05:06:17.000545,436,1.037,0.0011,"aoml_navis",1028.73537619946
"7901009",3,0,1,0.014952,1,-0.007476,1,128.766342553624,1,4.86024911378238,438,1,13.7919998168945,35.7519989013672,0.0149520002305508,0,124.171897888184,-88.7572,26.6186,11.9210866026725,63,63,63,63,61,63,0,7816,1.08413155380343,27,-89,0.001869,51,2023-06-27 05:06:17.000545,438,1.037,0.0011,"aoml_navis",1028.75385251783
"7901009",3,0,1,0.020559,1,-0.001869,1,129.051938642404,1,4.86018861587401,440,1,13.7629995346069,35.7490005493164,0.020558999851346,0,124.447303771973,-88.7572,26.6186,11.9210866026725,63,63,63,63,61,63,0,7816,1.08413155380343,27,-89,0.001869,51,2023-06-27 05:06:17.000545,440,1.037,0.0011,"aoml_navis",1028.76665808182
"7901009",3,0,1,0.022428,1,0,1,129.105753939536,1,4.86013021083289,442,1,13.7360000610352,35.7459983825684,0.0224280003458261,0,124.499198913574,-88.7572,26.6186,11.9210866026725,63,63,63,63,61,63,0,7816,1.08413155380343,27,-89,0.001869,51,2023-06-27 05:06:17.000545,442,1.037,0.0011,"aoml_navis",1028.77902095202
"7901009",3,0,1,0.020559,1,-0.001869,1,129.143192043922,1,4.86008204339123,444,1,13.7189998626709,35.7430000305176,0.020558999851346,0,124.535301208496,-88.7572,26.6186,11.9210866026725,63,63,63,63,61,63,0,7816,1.08413155380343,27,-89,0.001869,51,2023-06-27 05:06:17.000545,444,1.037,0.0011,"aoml_navis",1028.78921700489
"7901009",3,0,1,0.020559,1,-0.001869,1,129.06064941014,1,4.86003198413795,446,1,13.6929998397827,35.7379989624023,0.020558999851346,0,124.455703735352,-88.7572,26.6186,11.9210866026725,63,63,63,63,61,63,0,7816,1.08413155380343,27,-89,0.001869,51,2023-06-27 05:06:17.000545,446,1.037,0.0011,"aoml_navis",1028.79981372939
"7901009",3,0,1,0.01869,1,-0.003738,1,128.954664446838,1,4.85995179815276,448,1,13.6160001754761,35.7270011901855,0.0186899993568659,0,124.353500366211,-88.7572,26.6186,11.9210866026725,63,63,63,63,61,63,0,7816,1.08413155380343,27,-89,0.001869,51,2023-06-27 05:06:17.000545,448,1.037,0.0011,"aoml_navis",1028.81678824479
"7901009",3,0,1,0.024297,1,0.001869,1,128.859779580841,1,4.85989632905712,450,1,13.581000328064,35.7210006713867,0.0242970008403063,0,124.262001037598,-88.7572,26.6186,11.9210866026725,63,63,63,63,61,63,0,7816,1.08413155380343,27,-89,0.001869,51,2023-06-27 05:06:17.000545,450,1.037,0.0011,"aoml_navis",1028.8285307868
"7901009",3,0,1,0.022428,1,0,1,128.886536907348,1,4.85983702103526,452,1,13.5349998474121,35.7130012512207,0.0224280003458261,0,124.287803649902,-88.7572,26.6186,11.9210866026725,63,63,63,63,61,63,0,7816,1.08413155380343,27,-89,0.001869,51,2023-06-27 05:06:17.000545,452,1.037,0.0011,"aoml_navis",1028.84108630764
"7901009",3,0,1,0.020559,1,-0.001869,1,128.706720078001,1,4.85977520879658,454,1,13.5080003738403,35.7109985351562,0.020558999851346,0,124.114402770996,-88.7572,26.6186,11.9210866026725,63,63,63,63,61,63,0,7816,1.08413155380343,27,-89,0.001869,51,2023-06-27 05:06:17.000545,454,1.037,0.0011,"aoml_navis",1028.85417229785
"7901009",3,0,1,0.024297,1,0.001869,1,128.110028532217,1,4.8597196783349,456,1,13.4799995422363,35.7070007324219,0.0242970008403063,0,123.539001464844,-88.7572,26.6186,11.9210866026725,63,63,63,63,61,63,0,7816,1.08413155380343,27,-89,0.001869,51,2023-06-27 05:06:17.000545,456,1.037,0.0011,"aoml_navis",1028.86592868525
"7901009",3,0,1,0.022428,1,0,1,127.635184882807,1,4.8596327792201,458,1,13.3739995956421,35.689998626709,0.0224280003458261,0,123.081100463867,-88.7572,26.6186,11.9210866026725,63,63,63,63,61,63,0,7816,1.08413155380343,27,-89,0.001869,51,2023-06-27 05:06:17.000545,458,1.037,0.0011,"aoml_navis",1028.88432668825
"7901009",3,0,1,0.01869,1,-0.003738,1,127.540197164875,1,4.85954233733539,460,1,13.2639999389648,35.6730003356934,0.0186899993568659,0,122.989501953125,-88.7572,26.6186,11.9210866026725,63,63,63,63,61,63,0,7816,1.08413155380343,27,-89,0.001869,51,2023-06-27 05:06:17.000545,460,1.037,0.0011,"aoml_navis",1028.90347545395
"7901009",3,0,1,0.020559,1,-0.001869,1,127.278874132785,1,4.85949548012514,462,1,13.2480001449585,35.6699981689453,0.020558999851346,0,122.737503051758,-88.7572,26.6186,11.9210866026725,63,63,63,63,61,63,0,7816,1.08413155380343,27,-89,0.001869,51,2023-06-27 05:06:17.000545,462,1.037,0.0011,"aoml_navis",1028.91339655516
"7901009",3,0,1,0.01869,1,-0.003738,1,126.970571501404,1,4.85943686688511,464,1,13.2130002975464,35.6650009155273,0.0186899993568659,0,122.440200805664,-88.7572,26.6186,11.9210866026725,63,63,63,63,61,63,0,7816,1.08413155380343,27,-89,0.001869,51,2023-06-27 05:06:17.000545,464,1.037,0.0011,"aoml_navis",1028.92580703595
"7901009",3,0,1,0.024297,1,0.001869,1,126.83607281701,1,4.85935787472456,466,1,13.1319999694824,35.6529998779297,0.0242970008403063,0,122.310501098633,-88.7572,26.6186,11.9210866026725,63,63,63,63,61,63,0,7816,1.08413155380343,27,-89,0.001869,51,2023-06-27 05:06:17.000545,466,1.037,0.0011,"aoml_navis",1028.94253292333
"7901009",3,0,1,0.01869,1,-0.003738,1,126.515119397609,1,4.85930840865329,468,1,13.1059999465942,35.6479988098145,0.0186899993568659,0,122.000999450684,-88.7572,26.6186,11.9210866026725,63,63,63,63,61,63,0,7816,1.08413155380343,27,-89,0.001869,51,2023-06-27 05:06:17.000545,468,1.037,0.0011,"aoml_navis",1028.95300720081
"7901009",3,0,1,0.01869,1,-0.003738,1,125.949955925784,1,4.85926695496073,470,1,13.0989999771118,35.6459999084473,0.0186899993568659,0,121.456001281738,-88.7572,26.6186,11.9210866026725,63,63,63,63,61,63,0,7816,1.08413155380343,27,-89,0.001869,51,2023-06-27 05:06:17.000545,470,1.037,0.0011,"aoml_navis",1028.96178504776
"7901009",3,0,1,0.020559,1,-0.001869,1,125.161524637865,1,4.85919960100825,472,1,13.0329999923706,35.6349983215332,0.020558999851346,0,120.695701599121,-88.7572,26.6186,11.9210866026725,63,63,63,63,61,63,0,7816,1.08413155380343,27,-89,0.001869,51,2023-06-27 05:06:17.000545,472,1.037,0.0011,"aoml_navis",1028.97604761132
"7901009",3,0,1,0.020559,1,-0.001869,1,124.560062344629,1,4.85910584221357,474,1,12.9069995880127,35.6150016784668,0.020558999851346,0,120.115699768066,-88.7572,26.6186,11.9210866026725,63,63,63,63,61,63,0,7816,1.08413155380343,27,-89,0.001869,51,2023-06-27 05:06:17.000545,474,1.037,0.0011,"aoml_navis",1028.99590220127
"7901009",3,0,1,0.026166,1,0.003738,1,123.768933171335,1,4.85903195175958,476,1,12.8190002441406,35.5999984741211,0.0261659994721413,0,119.352798461914,-88.7572,26.6186,11.9210866026725,63,63,63,63,61,63,0,7816,1.08413155380343,27,-89,0.001869,51,2023-06-27 05:06:17.000545,476,1.037,0.0011,"aoml_navis",1029.01154996303
"7901009",3,0,1,0.020559,1,-0.001869,1,122.576697274429,1,4.85896242674631,478,1,12.75,35.5890007019043,0.020558999851346,0,118.203102111816,-88.7572,26.6186,11.9210866026725,63,63,63,63,61,63,0,7816,1.08413155380343,27,-89,0.001869,51,2023-06-27 05:06:17.000545,478,1.037,0.0011,"aoml_navis",1029.02627369114
"7901009",3,0,1,0.020559,1,-0.001869,1,121.868110734916,1,4.85887347672075,480,1,12.6459999084473,35.5740013122559,0.020558999851346,0,117.519798278809,-88.7572,26.6186,11.9210866026725,63,63,63,63,61,63,0,7816,1.08413155380343,27,-89,0.001869,51,2023-06-27 05:06:17.000545,480,1.037,0.0011,"aoml_navis",1029.04511178474
"7901009",3,0,1,0.016821,1,-0.005607,1,121.639660763629,1,4.85883108476654,482,1,12.6230001449585,35.568000793457,0.0168210007250309,0,117.299499511719,-88.7572,26.6186,11.9210866026725,63,63,63,63,61,63,0,7816,1.08413155380343,27,-89,0.001869,51,2023-06-27 05:06:17.000545,482,1.037,0.0011,"aoml_navis",1029.05408991806
"7901009",3,0,1,0.022428,1,0,1,121.646607225093,1,4.85876603858309,484,1,12.5579996109009,35.556999206543,0.0224280003458261,0,117.306198120117,-88.7572,26.6186,11.9210866026725,63,63,63,63,61,63,0,7816,1.08413155380343,27,-89,0.001869,51,2023-06-27 05:06:17.000545,484,1.037,0.0011,"aoml_navis",1029.06786626386
"7901009",3,0,1,0.026166,1,0.003738,1,122.041289658605,1,4.85867242533183,486,1,12.4370002746582,35.5390014648438,0.0261659994721413,0,117.686798095703,-88.7572,26.6186,11.9210866026725,63,63,63,63,61,63,0,7816,1.08413155380343,27,-89,0.001869,51,2023-06-27 05:06:17.000545,486,1.037,0.0011,"aoml_navis",1029.08769357064
"7901009",3,0,1,0.022428,1,0,1,122.200267103558,1,4.85859646183797,488,1,12.3450002670288,35.523998260498,0.0224280003458261,0,117.840103149414,-88.7572,26.6186,11.9210866026725,63,63,63,63,61,63,0,7816,1.08413155380343,27,-89,0.001869,51,2023-06-27 05:06:17.000545,488,1.037,0.0011,"aoml_navis",1029.10378321655
"7901009",3,0,1,0.024297,1,0.001869,1,122.175274083323,1,4.85852218263735,490,1,12.2620000839233,35.5110015869141,0.0242970008403063,0,117.81600189209,-88.7572,26.6186,11.9210866026725,63,63,63,63,61,63,0,7816,1.08413155380343,27,-89,0.001869,51,2023-06-27 05:06:17.000545,490,1.037,0.0011,"aoml_navis",1029.11951660285
"7901009",3,0,1,0.020559,1,-0.001869,1,122.201200682662,1,4.85844893010025,492,1,12.1949996948242,35.5019989013672,0.020558999851346,0,117.841003417969,-88.7572,26.6186,11.9210866026725,63,63,63,63,61,63,0,7816,1.08413155380343,27,-89,0.001869,51,2023-06-27 05:06:17.000545,492,1.037,0.0011,"aoml_navis",1029.13503299845
"7901009",3,0,1,0.020559,1,-0.001869,1,122.166246848094,1,4.85838635703882,494,1,12.1389999389648,35.4930000305176,0.020558999851346,0,117.80729675293,-88.7572,26.6186,11.9210866026725,63,63,63,63,61,63,0,7816,1.08413155380343,27,-89,0.001869,51,2023-06-27 05:06:17.000545,494,1.037,0.0011,"aoml_navis",1029.14828763176
"7901009",3,0,1,0.020559,1,-0.001869,1,121.961231294641,1,4.85833840137446,496,1,12.125,35.4910011291504,0.020558999851346,0,117.609596252441,-88.7572,26.6186,11.9210866026725,63,63,63,63,61,63,0,7816,1.08413155380343,27,-89,0.001869,51,2023-06-27 05:06:17.000545,496,1.037,0.0011,"aoml_navis",1029.15844614395
"7901009",3,0,1,0.026166,1,0.003738,1,121.663617352826,1,4.85829237476399,498,1,12.1129999160767,35.4889984130859,0.0261659994721413,0,117.322601318359,-88.7572,26.6186,11.9210866026725,63,63,63,63,61,63,0,7816,1.08413155380343,27,-89,0.001869,51,2023-06-27 05:06:17.000545,498,1.037,0.0011,"aoml_navis",1029.16819621069
"7901009",3,0,1,0.024297,1,0.001869,1,121.190949417428,1,4.85824824692463,500,1,12.1029996871948,35.4869995117188,0.0242970008403063,0,116.866798400879,-88.7572,26.6186,11.9210866026725,63,63,63,63,61,63,0,7816,1.08413155380343,27,-89,0.001869,51,2023-06-27 05:06:17.000545,500,1.037,0.0011,"aoml_navis",1029.17754422391
"7901009",3,0,1,0.022428,1,0,1,120.504563072528,1,4.85819807881686,502,1,12.0790004730225,35.4830017089844,0.0224280003458261,0,116.204902648926,-88.7572,26.6186,11.9210866026725,63,63,63,63,61,63,0,7816,1.08413155380343,27,-89,0.001869,51,2023-06-27 05:06:17.000545,502,1.037,0.0011,"aoml_navis",1029.18817201
"7901009",3,0,1,0.022428,1,0,1,120.24842219563,1,4.85812845668262,504,1,12.0229997634888,35.476001739502,0.0224280003458261,0,115.957901000977,-88.7572,26.6186,11.9210866026725,63,63,63,63,61,63,0,7816,1.08413155380343,27,-89,0.001869,51,2023-06-27 05:06:17.000545,504,1.037,0.0011,"aoml_navis",1029.20292136825
"7901009",3,0,1,0.024297,1,0.001869,1,120.055954578262,1,4.85807917831932,506,1,11.996000289917,35.4710006713867,0.0242970008403063,0,115.772300720215,-88.7572,26.6186,11.9210866026725,63,63,63,63,61,63,0,7816,1.08413155380343,27,-89,0.001869,51,2023-06-27 05:06:17.000545,506,1.037,0.0011,"aoml_navis",1029.2133611807
"7901009",3,0,1,0.024297,1,0.001869,1,119.654009215793,1,4.85802286953984,508,1,11.9499998092651,35.4630012512207,0.0242970008403063,0,115.384696960449,-88.7572,26.6186,11.9210866026725,63,63,63,63,61,63,0,7816,1.08413155380343,27,-89,0.001869,51,2023-06-27 05:06:17.000545,508,1.037,0.0011,"aoml_navis",1029.22529067337
"7901009",3,0,1,0.024297,1,0.001869,1,119.198351408128,1,4.85794939854653,510,1,11.8780002593994,35.4529991149902,0.0242970008403063,0,114.945297241211,-88.7572,26.6186,11.9210866026725,63,63,63,63,61,63,0,7816,1.08413155380343,27,-89,0.001869,51,2023-06-27 05:06:17.000545,510,1.037,0.0011,"aoml_navis",1029.24085654247
"7901009",3,0,1,0.024297,1,0.001869,1,119.132399582651,1,4.85786849613303,512,1,11.793999671936,35.4420013427734,0.0242970008403063,0,114.881698608398,-88.7572,26.6186,11.9210866026725,63,63,63,63,61,63,0,7816,1.08413155380343,27,-89,0.001869,51,2023-06-27 05:06:17.000545,512,1.037,0.0011,"aoml_navis",1029.25799740773
"7901009",3,0,1,0.022428,1,0,1,119.2179565693,1,4.8577952189204,514,1,11.710000038147,35.4290008544922,0.0224280003458261,0,114.964202880859,-88.7572,26.6186,11.9210866026725,63,63,63,63,61,63,0,7816,1.08413155380343,27,-89,0.001869,51,2023-06-27 05:06:17.000545,514,1.037,0.0011,"aoml_navis",1029.27352320776
"7901009",3,0,1,0.028035,1,0.005607,1,119.306100677702,1,4.85773089762455,516,1,11.6470003128052,35.4189987182617,0.0280349999666214,0,115.049201965332,-88.7572,26.6186,11.9210866026725,63,63,63,63,61,63,0,7816,1.08413155380343,27,-89,0.001869,51,2023-06-27 05:06:17.000545,516,1.037,0.0011,"aoml_navis",1029.28715183565
"7901009",3,0,1,0.026166,1,0.003738,1,119.263583270059,1,4.85767355274927,518,1,11.6070003509521,35.4129981994629,0.0261659994721413,0,115.008201599121,-88.7572,26.6186,11.9210866026725,63,63,63,63,61,63,0,7816,1.08413155380343,27,-89,0.001869,51,2023-06-27 05:06:17.000545,518,1.037,0.0011,"aoml_navis",1029.29930257874
"7901009",3,0,1,0.026166,1,0.003738,1,119.179482033876,1,4.85762184343631,520,1,11.5729999542236,35.4070014953613,0.0261659994721413,0,114.927101135254,-88.7572,26.6186,11.9210866026725,63,63,63,63,61,63,0,7816,1.08413155380343,27,-89,0.001869,51,2023-06-27 05:06:17.000545,520,1.037,0.0011,"aoml_navis",1029.31025945465
"7901009",3,0,1,0.024297,1,0.001869,1,119.035956114253,1,4.85757690450034,522,1,11.5579996109009,35.4039993286133,0.0242970008403063,0,114.788696289062,-88.7572,26.6186,11.9210866026725,63,63,63,63,61,63,0,7816,1.08413155380343,27,-89,0.001869,51,2023-06-27 05:06:17.000545,522,1.037,0.0011,"aoml_navis",1029.31978192002
"7901009",3,0,1,0.024297,1,0.001869,1,118.775360957395,1,4.85752817575549,524,1,11.5349998474121,35.4000015258789,0.0242970008403063,0,114.537399291992,-88.7572,26.6186,11.9210866026725,63,63,63,63,61,63,0,7816,1.08413155380343,27,-89,0.001869,51,2023-06-27 05:06:17.000545,524,1.037,0.0011,"aoml_navis",1029.33010763697
"7901009",3,0,1,0.024297,1,0.001869,1,118.783446701834,1,4.85743079389815,526,1,11.4200000762939,35.3860015869141,0.0242970008403063,0,114.545196533203,-88.7572,26.6186,11.9210866026725,63,63,63,63,61,63,0,7816,1.08413155380343,27,-89,0.001869,51,2023-06-27 05:06:17.000545,526,1.037,0.0011,"aoml_navis",1029.35074366493
"7901009",3,0,1,0.024297,1,0.001869,1,118.675080320649,1,4.85737562904473,528,1,11.3780002593994,35.3790016174316,0.0242970008403063,0,114.440696716309,-88.7572,26.6186,11.9210866026725,63,63,63,63,61,63,0,7816,1.08413155380343,27,-89,0.001869,51,2023-06-27 05:06:17.000545,528,1.037,0.0011,"aoml_navis",1029.3624339247
"7901009",3,0,1,0.029904,1,0.007476,1,118.545043827901,1,4.85732335879384,530,1,11.3470001220703,35.3740005493164,0.0299040004611015,0,114.315299987793,-88.7572,26.6186,11.9210866026725,63,63,63,63,61,63,0,7816,1.08413155380343,27,-89,0.001869,51,2023-06-27 05:06:17.000545,530,1.037,0.0011,"aoml_navis",1029.37351101978
"7901009",3,0,1,0.022428,1,0,1,118.386485702375,1,4.85727207245509,532,1,11.3210000991821,35.3699989318848,0.0224280003458261,0,114.162399291992,-88.7572,26.6186,11.9210866026725,63,63,63,63,61,63,0,7816,1.08413155380343,27,-89,0.001869,51,2023-06-27 05:06:17.000545,532,1.037,0.0011,"aoml_navis",1029.38437983622
"7901009",3,0,1,0.022428,1,0,1,118.277494297892,1,4.85721521976711,534,1,11.2729997634888,35.3619995117188,0.0224280003458261,0,114.05729675293,-88.7572,26.6186,11.9210866026725,63,63,63,63,61,63,0,7816,1.08413155380343,27,-89,0.001869,51,2023-06-27 05:06:17.000545,534,1.037,0.0011,"aoml_navis",1029.39642856504
"7901009",3,0,1,0.022428,1,0,1,118.13511557293,1,4.85715391273725,536,1,11.2320003509521,35.3569984436035,0.0224280003458261,0,113.919998168945,-88.7572,26.6186,11.9210866026725,63,63,63,63,61,63,0,7816,1.08413155380343,27,-89,0.001869,51,2023-06-27 05:06:17.000545,536,1.037,0.0011,"aoml_navis",1029.40942161379
"7901009",3,0,1,0.022428,1,0,1,118.087313158159,1,4.85708626855201,538,1,11.1719999313354,35.3489990234375,0.0224280003458261,0,113.873901367188,-88.7572,26.6186,11.9210866026725,63,63,63,63,61,63,0,7816,1.08413155380343,27,-89,0.001869,51,2023-06-27 05:06:17.000545,538,1.037,0.0011,"aoml_navis",1029.42375810232
"7901009",3,0,1,0.020559,1,-0.001869,1,117.981431046791,1,4.85702060064061,540,1,11.1140003204346,35.3409996032715,0.020558999851346,0,113.771797180176,-88.7572,26.6186,11.9210866026725,63,63,63,63,61,63,0,7816,1.08413155380343,27,-89,0.001869,51,2023-06-27 05:06:17.000545,540,1.037,0.0011,"aoml_navis",1029.43767612197
"7901009",3,0,1,0.026166,1,0.003738,1,117.812405758944,1,4.85697135992237,542,1,11.0900001525879,35.3370018005371,0.0261659994721413,0,113.60880279541,-88.7572,26.6186,11.9210866026725,63,63,63,63,61,63,0,7816,1.08413155380343,27,-89,0.001869,51,2023-06-27 05:06:17.000545,542,1.037,0.0011,"aoml_navis",1029.44811271852
"7901009",3,0,1,0.024297,1,0.001869,1,117.682780673938,1,4.85691581157795,544,1,11.0550003051758,35.3320007324219,0.0242970008403063,0,113.48380279541,-88.7572,26.6186,11.9210866026725,63,63,63,63,61,63,0,7816,1.08413155380343,27,-89,0.001869,51,2023-06-27 05:06:17.000545,544,1.037,0.0011,"aoml_navis",1029.45988647383
"7901009",3,0,1,0.022428,1,0,1,117.407659659166,1,4.85686025938092,546,1,11.0279998779297,35.3289985656738,0.0224280003458261,0,113.21849822998,-88.7572,26.6186,11.9210866026725,63,63,63,63,61,63,0,7816,1.08413155380343,27,-89,0.001869,51,2023-06-27 05:06:17.000545,546,1.037,0.0011,"aoml_navis",1029.47166131507
"7901009",3,0,1,0.026166,1,0.003738,1,117.000745757062,1,4.85681106936767,548,1,11.0080003738403,35.326000213623,0.0261659994721413,0,112.826103210449,-88.7572,26.6186,11.9210866026725,63,63,63,63,61,63,0,7816,1.08413155380343,27,-89,0.001869,51,2023-06-27 05:06:17.000545,548,1.037,0.0011,"aoml_navis",1029.48208785296
"7901009",3,0,1,0.026166,1,0.003738,1,116.866349924603,1,4.85676089477758,550,1,10.9989995956421,35.326000213623,0.0261659994721413,0,112.696502685547,-88.7572,26.6186,11.9210866026725,63,63,63,63,61,63,0,7816,1.08413155380343,27,-89,0.001869,51,2023-06-27 05:06:17.000545,550,1.037,0.0011,"aoml_navis",1029.4927233038
"7901009",3,0,1,0.028035,1,0.005607,1,116.875369248145,1,4.8567135841163,552,1,10.9770002365112,35.3219985961914,0.0280349999666214,0,112.705200195312,-88.7572,26.6186,11.9210866026725,63,63,63,63,61,63,0,7816,1.08413155380343,27,-89,0.001869,51,2023-06-27 05:06:17.000545,552,1.037,0.0011,"aoml_navis",1029.50275189221
"7901009",3,0,1,0.024297,1,0.001869,1,116.955324760173,1,4.8566563640631,554,1,10.9399995803833,35.3170013427734,0.0242970008403063,0,112.782302856445,-88.7572,26.6186,11.9210866026725,63,63,63,63,61,63,0,7816,1.08413155380343,27,-89,0.001869,51,2023-06-27 05:06:17.000545,554,1.037,0.0011,"aoml_navis",1029.51488126637
"7901009",3,0,1,0.020559,1,-0.001869,1,116.87547210008,1,4.85661452352965,556,1,10.923999786377,35.3129997253418,0.020558999851346,0,112.705299377441,-88.7572,26.6186,11.9210866026725,63,63,63,63,61,63,0,7816,1.08413155380343,27,-89,0.001869,51,2023-06-27 05:06:17.000545,556,1.037,0.0011,"aoml_navis",1029.52375070652
"7901009",3,0,1,0.026166,1,0.003738,1,116.79914805253,1,4.85655473877842,558,1,10.8800001144409,35.306999206543,0.0261659994721413,0,112.631698608398,-88.7572,26.6186,11.9210866026725,63,63,63,63,61,63,0,7816,1.08413155380343,27,-89,0.001869,51,2023-06-27 05:06:17.000545,558,1.037,0.0011,"aoml_navis",1029.53642426311
"7901009",3,0,1,0.026166,1,0.003738,1,116.578269566005,1,4.85649521030523,560,1,10.8240003585815,35.2980003356934,0.0261659994721413,0,112.418701171875,-88.7572,26.6186,11.9210866026725,63,63,63,63,61,63,0,7816,1.08413155380343,27,-89,0.001869,51,2023-06-27 05:06:17.000545,560,1.037,0.0011,"aoml_navis",1029.54904380226
"7901009",3,0,1,0.024297,1,0.001869,1,116.264579075561,1,4.8564199190604,562,1,10.7379999160767,35.2859992980957,0.0242970008403063,0,112.116203308105,-88.7572,26.6186,11.9210866026725,63,63,63,63,61,63,0,7816,1.08413155380343,27,-89,0.001869,51,2023-06-27 05:06:17.000545,562,1.037,0.0011,"aoml_navis",1029.56500536045
"7901009",3,0,1,0.026166,1,0.003738,1,115.93097486814,1,4.85634752590193,564,1,10.6590003967285,35.2750015258789,0.0261659994721413,0,111.794502258301,-88.7572,26.6186,11.9210866026725,63,63,63,63,61,63,0,7816,1.08413155380343,27,-89,0.001869,51,2023-06-27 05:06:17.000545,564,1.037,0.0011,"aoml_navis",1029.58035299819
"7901009",3,0,1,0.029904,1,0.007476,1,115.365914248251,1,4.85627676877694,566,1,10.5979995727539,35.2680015563965,0.0299040004611015,0,111.249603271484,-88.7572,26.6186,11.9210866026725,63,63,63,63,61,63,0,7816,1.08413155380343,27,-89,0.001869,51,2023-06-27 05:06:17.000545,566,1.037,0.0011,"aoml_navis",1029.59535423251
"7901009",3,0,1,0.024297,1,0.001869,1,114.706174466235,1,4.85621503888364,568,1,10.5469999313354,35.2610015869141,0.0242970008403063,0,110.613403320312,-88.7572,26.6186,11.9210866026725,63,63,63,63,61,63,0,7816,1.08413155380343,27,-89,0.001869,51,2023-06-27 05:06:17.000545,568,1.037,0.0011,"aoml_navis",1029.60844195841
"7901009",3,0,1,0.028035,1,0.005607,1,114.683768567752,1,4.85613986870255,569.900024414062,1,10.4700002670288,35.2519989013672,0.0280349999666214,0,110.591796875,-88.7572,26.6186,11.9210866026725,63,63,63,63,61,63,0,7816,1.08413155380343,27,-89,0.001869,51,2023-06-27 05:06:17.000545,569.900024414062,1.037,0.0011,"aoml_navis",1029.62437968985
"7901009",3,0,1,0.022428,1,0,1,114.863901864593,1,4.85607570402947,572,1,10.4099998474121,35.2430000305176,0.0224280003458261,0,110.765502929688,-88.7572,26.6186,11.9210866026725,63,63,63,63,61,63,0,7816,1.08413155380343,27,-89,0.001869,51,2023-06-27 05:06:17.000545,572,1.037,0.0011,"aoml_navis",1029.63798440191
"7901009",3,0,1,0.022428,1,0,1,114.899053491344,1,4.85600270382536,574,1,10.3290004730225,35.2319984436035,0.0224280003458261,0,110.79940032959,-88.7572,26.6186,11.9210866026725,63,63,63,63,61,63,0,7816,1.08413155380343,27,-89,0.001869,51,2023-06-27 05:06:17.000545,574,1.037,0.0011,"aoml_navis",1029.65346293181
"7901009",3,0,1,0.029904,1,0.007476,1,114.516918993918,1,4.85594998185187,576,1,10.2959995269775,35.2270011901855,0.0299040004611015,0,110.43090057373,-88.7572,26.6186,11.9210866026725,63,63,63,63,61,63,0,7816,1.08413155380343,27,-89,0.001869,51,2023-06-27 05:06:17.000545,576,1.037,0.0011,"aoml_navis",1029.66464207549
"7901009",3,0,1,0.028035,1,0.005607,1,114.28991686141,1,4.85588524870371,578,1,10.2449998855591,35.2210006713867,0.0280349999666214,0,110.21199798584,-88.7572,26.6186,11.9210866026725,63,63,63,63,61,63,0,7816,1.08413155380343,27,-89,0.001869,51,2023-06-27 05:06:17.000545,578,1.037,0.0011,"aoml_navis",1029.67836839529
"7901009",3,0,1,0.028035,1,0.005607,1,114.296246211264,1,4.85583580077615,580,1,10.2239999771118,35.2179985046387,0.0280349999666214,0,110.218101501465,-88.7572,26.6186,11.9210866026725,63,63,63,63,61,63,0,7816,1.08413155380343,27,-89,0.001869,51,2023-06-27 05:06:17.000545,580,1.037,0.0011,"aoml_navis",1029.6888538119
"7901009",3,0,1,0.031773,1,0.009345,1,114.503334626794,1,4.85578548308629,582,1,10.2019996643066,35.2150001525879,0.0317730009555817,0,110.41780090332,-88.7572,26.6186,11.9210866026725,63,63,63,63,61,63,0,7816,1.08413155380343,27,-89,0.001869,51,2023-06-27 05:06:17.000545,582,1.037,0.0011,"aoml_navis",1029.69952388054
"7901009",3,0,1,0.024297,1,0.001869,1,114.917922865595,1,4.85571330589066,584,1,10.1379995346069,35.2080001831055,0.0242970008403063,0,110.817596435547,-88.7572,26.6186,11.9210866026725,63,63,63,63,61,63,0,7816,1.08413155380343,27,-89,0.001869,51,2023-06-27 05:06:17.000545,584,1.037,0.0011,"aoml_navis",1029.71482973146
"7901009",3,0,1,0.026166,1,0.003738,1,115.159751500136,1,4.855662398368,586,1,10.1110000610352,35.2039985656738,0.0261659994721413,0,111.050796508789,-88.7572,26.6186,11.9210866026725,63,63,63,63,61,63,0,7816,1.08413155380343,27,-89,0.001869,51,2023-06-27 05:06:17.000545,586,1.037,0.0011,"aoml_navis",1029.7256254225
"7901009",3,0,1,0.024297,1,0.001869,1,115.226122645041,1,4.85562065691799,588,1,10.1029996871948,35.2019996643066,0.0242970008403063,0,111.114799499512,-88.7572,26.6186,11.9210866026725,63,63,63,63,61,63,0,7816,1.08413155380343,27,-89,0.001869,51,2023-06-27 05:06:17.000545,588,1.037,0.0011,"aoml_navis",1029.73447748154
"7901009",3,0,1,0.028035,1,0.005607,1,115.208803961503,1,4.85557785901177,590,1,10.0979995727539,35.201000213623,0.0280349999666214,0,111.098098754883,-88.7572,26.6186,11.9210866026725,63,63,63,63,61,63,0,7816,1.08413155380343,27,-89,0.001869,51,2023-06-27 05:06:17.000545,590,1.037,0.0011,"aoml_navis",1029.74355373999
"7901009",3,0,1,0.028035,1,0.005607,1,115.180393092347,1,4.85552677997702,592,1,10.0749998092651,35.1980018615723,0.0280349999666214,0,111.070701599121,-88.7572,26.6186,11.9210866026725,63,63,63,63,61,63,0,7816,1.08413155380343,27,-89,0.001869,51,2023-06-27 05:06:17.000545,592,1.037,0.0011,"aoml_navis",1029.75438640741
"7901009",3,0,1,0.029904,1,0.007476,1,115.084368943377,1,4.85547333812371,594,1,10.0450000762939,35.1940002441406,0.0299040004611015,0,110.978103637695,-88.7572,26.6186,11.9210866026725,63,63,63,63,61,63,0,7816,1.08413155380343,27,-89,0.001869,51,2023-06-27 05:06:17.000545,594,1.037,0.0011,"aoml_navis",1029.76572041731
"7901009",3,0,1,0.024297,1,0.001869,1,114.9296479862,1,4.85542943931165,596,1,10.0260000228882,35.189998626709,0.0242970008403063,0,110.828903198242,-88.7572,26.6186,11.9210866026725,63,63,63,63,61,63,0,7816,1.08413155380343,27,-89,0.001869,51,2023-06-27 05:06:17.000545,596,1.037,0.0011,"aoml_navis",1029.77503071466
"7901009",3,0,1,0.028035,1,0.005607,1,114.784571375862,1,4.85537496811206,598,1,9.99899959564209,35.1870002746582,0.0280349999666214,0,110.689002990723,-88.7572,26.6186,11.9210866026725,63,63,63,63,61,63,0,7816,1.08413155380343,27,-89,0.001869,51,2023-06-27 05:06:17.000545,598,1.037,0.0011,"aoml_navis",1029.78658349515
"7901009",3,0,1,0.028035,1,0.005607,1,114.555702085147,1,4.85531665702238,600,1,9.95899963378906,35.181999206543,0.0280349999666214,0,110.468299865723,-88.7572,26.6186,11.9210866026725,63,63,63,63,61,63,0,7816,1.08413155380343,27,-89,0.001869,51,2023-06-27 05:06:17.000545,600,1.037,0.0011,"aoml_navis",1029.79895096406
"7901009",3,0,1,0.026166,1,0.003738,1,114.265240308667,1,4.8552680955522,602,1,9.92599964141846,35.1759986877441,0.0261659994721413,0,110.188201904297,-88.7572,26.6186,11.9210866026725,63,63,63,63,61,63,0,7816,1.08413155380343,27,-89,0.001869,51,2023-06-27 05:06:17.000545,602,1.037,0.0011,"aoml_navis",1029.80925081776
"7901009",3,0,1,0.024297,1,0.001869,1,114.139452392009,1,4.85518339759006,604,1,9.83800029754639,35.1669998168945,0.0242970008403063,0,110.066902160645,-88.7572,26.6186,11.9210866026725,63,63,63,63,61,63,0,7816,1.08413155380343,27,-89,0.001869,51,2023-06-27 05:06:17.000545,604,1.037,0.0011,"aoml_navis",1029.82721568908
"7901009",3,0,1,0.024297,1,0.001869,1,114.087702045267,1,4.85511962145325,606,1,9.78699970245361,35.1609992980957,0.0242970008403063,0,110.016998291016,-88.7572,26.6186,11.9210866026725,63,63,63,63,61,63,0,7816,1.08413155380343,27,-89,0.001869,51,2023-06-27 05:06:17.000545,606,1.037,0.0011,"aoml_navis",1029.84074334782
"7901009",3,0,1,0.028035,1,0.005607,1,113.991677896297,1,4.85507248490288,608,1,9.76399993896484,35.1570014953613,0.0280349999666214,0,109.92440032959,-88.7572,26.6186,11.9210866026725,63,63,63,63,61,63,0,7816,1.08413155380343,27,-89,0.001869,51,2023-06-27 05:06:17.000545,608,1.037,0.0011,"aoml_navis",1029.85074178558
"7901009",3,0,1,0.026166,1,0.003738,1,113.914625973513,1,4.85501805512202,610,1,9.74100017547607,35.1549987792969,0.0261659994721413,0,109.85009765625,-88.7572,26.6186,11.9210866026725,63,63,63,63,61,63,0,7816,1.08413155380343,27,-89,0.001869,51,2023-06-27 05:06:17.000545,610,1.037,0.0011,"aoml_navis",1029.86228747904
"7901009",3,0,1,0.026166,1,0.003738,1,113.789043760726,1,4.85496925553019,612,1,9.71599960327148,35.1510009765625,0.0261659994721413,0,109.728996276855,-88.7572,26.6186,11.9210866026725,63,63,63,63,61,63,0,7816,1.08413155380343,27,-89,0.001869,51,2023-06-27 05:06:17.000545,612,1.037,0.0011,"aoml_navis",1029.8726391119
"7901009",3,0,1,0.024297,1,0.001869,1,113.769549363176,1,4.85490207039868,614,1,9.66499996185303,35.1459999084473,0.0242970008403063,0,109.71019744873,-88.7572,26.6186,11.9210866026725,63,63,63,63,61,63,0,7816,1.08413155380343,27,-89,0.001869,51,2023-06-27 05:06:17.000545,614,1.037,0.0011,"aoml_navis",1029.88689112516
"7901009",3,0,1,0.024297,1,0.001869,1,113.743314208032,1,4.85484232421331,616,1,9.61400032043457,35.1389999389648,0.0242970008403063,0,109.684898376465,-88.7572,26.6186,11.9210866026725,63,63,63,63,61,63,0,7816,1.08413155380343,27,-89,0.001869,51,2023-06-27 05:06:17.000545,616,1.037,0.0011,"aoml_navis",1029.89956544268
"7901009",3,0,1,0.024297,1,0.001869,1,113.746320649212,1,4.85478803088687,618,1,9.57800006866455,35.1339988708496,0.0242970008403063,0,109.687797546387,-88.7572,26.6186,11.9210866026725,63,63,63,63,61,63,0,7816,1.08413155380343,27,-89,0.001869,51,2023-06-27 05:06:17.000545,618,1.037,0.0011,"aoml_navis",1029.91108328299
"7901009",3,0,1,0.028035,1,0.005607,1,113.711374726332,1,4.85474444566982,620,1,9.57199954986572,35.132999420166,0.0280349999666214,0,109.654098510742,-88.7572,26.6186,11.9210866026725,63,63,63,63,61,63,0,7816,1.08413155380343,27,-89,0.001869,51,2023-06-27 05:06:17.000545,620,1.037,0.0011,"aoml_navis",1029.92032968074
"7901009",3,0,1,0.028035,1,0.005607,1,113.729729840908,1,4.8546924379933,622,1,9.54300022125244,35.1290016174316,0.0280349999666214,0,109.671798706055,-88.7572,26.6186,11.9210866026725,63,63,63,63,61,63,0,7816,1.08413155380343,27,-89,0.001869,51,2023-06-27 05:06:17.000545,622,1.037,0.0011,"aoml_navis",1029.9313630807
"7901009",3,0,1,0.028035,1,0.005607,1,113.763227925009,1,4.85463150841275,624,1,9.49899959564209,35.1240005493164,0.0280349999666214,0,109.7041015625,-88.7572,26.6186,11.9210866026725,63,63,63,63,61,63,0,7816,1.08413155380343,27,-89,0.001869,51,2023-06-27 05:06:17.000545,624,1.037,0.0011,"aoml_navis",1029.9442895584
"7901009",3,0,1,0.024297,1,0.001869,1,113.818293268738,1,4.8545711955516,626,1,9.46000003814697,35.1199989318848,0.0242970008403063,0,109.757202148438,-88.7572,26.6186,11.9210866026725,63,63,63,63,61,63,0,7816,1.08413155380343,27,-89,0.001869,51,2023-06-27 05:06:17.000545,626,1.037,0.0011,"aoml_navis",1029.95708551595
"7901009",3,0,1,0.026166,1,0.003738,1,113.792675225204,1,4.85452015665773,628,1,9.43200016021729,35.1160011291504,0.0261659994721413,0,109.732498168945,-88.7572,26.6186,11.9210866026725,63,63,63,63,61,63,0,7816,1.08413155380343,27,-89,0.001869,51,2023-06-27 05:06:17.000545,628,1.037,0.0011,"aoml_navis",1029.96791415991
"7901009",3,0,1,0.028035,1,0.005607,1,113.791844498036,1,4.8544616244635,630,1,9.39500045776367,35.1119995117188,0.0280349999666214,0,109.73169708252,-88.7572,26.6186,11.9210866026725,63,63,63,63,61,63,0,7816,1.08413155380343,27,-89,0.001869,51,2023-06-27 05:06:17.000545,630,1.037,0.0011,"aoml_navis",1029.98033289687
"7901009",3,0,1,0.031773,1,0.009345,1,113.854275622657,1,4.85441651150315,632,1,9.37399959564209,35.1080017089844,0.0317730009555817,0,109.791900634766,-88.7572,26.6186,11.9210866026725,63,63,63,63,61,63,0,7816,1.08413155380343,27,-89,0.001869,51,2023-06-27 05:06:17.000545,632,1.037,0.0011,"aoml_navis",1029.98990468821
"7901009",3,0,1,0.029904,1,0.007476,1,113.924270320353,1,4.85435138799325,634,1,9.32900047302246,35.1040000915527,0.0299040004611015,0,109.859397888184,-88.7572,26.6186,11.9210866026725,63,63,63,63,61,63,0,7816,1.08413155380343,27,-89,0.001869,51,2023-06-27 05:06:17.000545,634,1.037,0.0011,"aoml_navis",1030.00372250905
"7901009",3,0,1,0.031773,1,0.009345,1,114.028285273514,1,4.85429849546305,636,1,9.30300045013428,35.101001739502,0.0317730009555817,0,109.959701538086,-88.7572,26.6186,11.9210866026725,63,63,63,63,61,63,0,7816,1.08413155380343,27,-89,0.001869,51,2023-06-27 05:06:17.000545,636,1.037,0.0011,"aoml_navis",1030.01494544951
"7901009",3,0,1,0.022428,1,0,1,114.112386509697,1,4.85425113582507,638,1,9.28800010681152,35.0989990234375,0.0224280003458261,0,110.040802001953,-88.7572,26.6186,11.9210866026725,63,63,63,63,61,63,0,7816,1.08413155380343,27,-89,0.001869,51,2023-06-27 05:06:17.000545,638,1.037,0.0011,"aoml_navis",1030.02499460716
"7901009",3,0,1,0.026166,1,0.003738,1,114.138415960971,1,4.85420543493223,640,1,9.27499961853027,35.0970001220703,0.0261659994721413,0,110.065902709961,-88.7572,26.6186,11.9210866026725,63,63,63,63,61,63,0,7816,1.08413155380343,27,-89,0.001869,51,2023-06-27 05:06:17.000545,640,1.037,0.0011,"aoml_navis",1030.03469198452
"7901009",3,0,1,0.026166,1,0.003738,1,114.17439831489,1,4.85416106730368,642,1,9.26799964904785,35.0960006713867,0.0261659994721413,0,110.100601196289,-88.7572,26.6186,11.9210866026725,63,63,63,63,61,63,0,7816,1.08413155380343,27,-89,0.001869,51,2023-06-27 05:06:17.000545,642,1.037,0.0011,"aoml_navis",1030.04410662816
"7901009",3,0,1,0.031773,1,0.009345,1,114.242320150509,1,4.85411323490505,644,1,9.2480001449585,35.0929985046387,0.0317730009555817,0,110.16609954834,-88.7572,26.6186,11.9210866026725,63,63,63,63,61,63,0,7816,1.08413155380343,27,-89,0.001869,51,2023-06-27 05:06:17.000545,644,1.037,0.0011,"aoml_navis",1030.05425667574
"7901009",3,0,1,0.028035,1,0.005607,1,114.271356042963,1,4.85406291127113,646,1,9.22500038146973,35.0900001525879,0.0280349999666214,0,110.19409942627,-88.7572,26.6186,11.9210866026725,63,63,63,63,61,63,0,7816,1.08413155380343,27,-89,0.001869,51,2023-06-27 05:06:17.000545,646,1.037,0.0011,"aoml_navis",1030.06493558005
"7901009",3,0,1,0.029904,1,0.007476,1,114.393512495142,1,4.85400467726347,648,1,9.1879997253418,35.0859985351562,0.0299040004611015,0,110.311897277832,-88.7572,26.6186,11.9210866026725,63,63,63,63,61,63,0,7816,1.08413155380343,27,-89,0.001869,51,2023-06-27 05:06:17.000545,648,1.037,0.0011,"aoml_navis",1030.07729337806
"7901009",3,0,1,0.028035,1,0.005607,1,114.42047552552,1,4.8539539338931,650,1,9.15999984741211,35.0820007324219,0.0280349999666214,0,110.337898254395,-88.7572,26.6186,11.9210866026725,63,63,63,63,61,63,0,7816,1.08413155380343,27,-89,0.001869,51,2023-06-27 05:06:17.000545,650,1.037,0.0011,"aoml_navis",1030.08806183493
"7901009",3,0,1,0.026166,1,0.003738,1,114.42587129627,1,4.85390984992956,652,1,9.14000034332275,35.0779991149902,0.0261659994721413,0,110.343101501465,-88.7572,26.6186,11.9210866026725,63,63,63,63,61,63,0,7816,1.08413155380343,27,-89,0.001869,51,2023-06-27 05:06:17.000545,652,1.037,0.0011,"aoml_navis",1030.09741725478
"7901009",3,0,1,0.028035,1,0.005607,1,114.481553751609,1,4.85384175399564,654,1,9.08199977874756,35.0719985961914,0.0280349999666214,0,110.396797180176,-88.7572,26.6186,11.9210866026725,63,63,63,63,61,63,0,7816,1.08413155380343,27,-89,0.001869,51,2023-06-27 05:06:17.000545,654,1.037,0.0011,"aoml_navis",1030.11186878601
"7901009",3,0,1,0.026166,1,0.003738,1,114.553209903642,1,4.85377587671536,656,1,9.0310001373291,35.0670013427734,0.0261659994721413,0,110.465896606445,-88.7572,26.6186,11.9210866026725,63,63,63,63,61,63,0,7816,1.08413155380343,27,-89,0.001869,51,2023-06-27 05:06:17.000545,656,1.037,0.0011,"aoml_navis",1030.12584985354
"7901009",3,0,1,0.029904,1,0.007476,1,114.514118256607,1,4.85372122068298,658,1,8.9980001449585,35.0629997253418,0.0299040004611015,0,110.428199768066,-88.7572,26.6186,11.9210866026725,63,63,63,63,61,63,0,7816,1.08413155380343,27,-89,0.001869,51,2023-06-27 05:06:17.000545,658,1.037,0.0011,"aoml_navis",1030.1374497352
"7901009",3,0,1,0.029904,1,0.007476,1,114.562648546612,1,4.85365228031919,660,1,8.95199966430664,35.060001373291,0.0299040004611015,0,110.474998474121,-88.7572,26.6186,11.9210866026725,63,63,63,63,61,63,0,7816,1.08413155380343,27,-89,0.001869,51,2023-06-27 05:06:17.000545,660,1.037,0.0011,"aoml_navis",1030.15208161372
"7901009",3,0,1,0.029904,1,0.007476,1,114.592206610429,1,4.85360223729948,662,1,8.92899990081787,35.056999206543,0.0299040004611015,0,110.50350189209,-88.7572,26.6186,11.9210866026725,63,63,63,63,61,63,0,7816,1.08413155380343,27,-89,0.001869,51,2023-06-27 05:06:17.000545,662,1.037,0.0011,"aoml_navis",1030.16270298696
"7901009",3,0,1,0.026166,1,0.003738,1,114.597491617557,1,4.85355751932308,664,1,8.91699981689453,35.0550003051758,0.0261659994721413,0,110.508598327637,-88.7572,26.6186,11.9210866026725,63,63,63,63,61,63,0,7816,1.08413155380343,27,-89,0.001869,51,2023-06-27 05:06:17.000545,664,1.037,0.0011,"aoml_navis",1030.17219433249
"7901009",3,0,1,0.028035,1,0.005607,1,114.643118318316,1,4.85350668942587,666,1,8.89299964904785,35.0519981384277,0.0280349999666214,0,110.552597045898,-88.7572,26.6186,11.9210866026725,63,63,63,63,61,63,0,7816,1.08413155380343,27,-89,0.001869,51,2023-06-27 05:06:17.000545,666,1.037,0.0011,"aoml_navis",1030.18298313945
"7901009",3,0,1,0.028035,1,0.005607,1,114.804374329217,1,4.85344242505034,668,1,8.84799957275391,35.0480003356934,0.0280349999666214,0,110.708099365234,-88.7572,26.6186,11.9210866026725,63,63,63,63,61,63,0,7816,1.08413155380343,27,-89,0.001869,51,2023-06-27 05:06:17.000545,668,1.037,0.0011,"aoml_navis",1030.19662378052
"7901009",3,0,1,0.026166,1,0.003738,1,115.003685556115,1,4.85338599047222,670,1,8.80799961090088,35.0429992675781,0.0261659994721413,0,110.900299072266,-88.7572,26.6186,11.9210866026725,63,63,63,63,61,63,0,7816,1.08413155380343,27,-89,0.001869,51,2023-06-27 05:06:17.000545,670,1.037,0.0011,"aoml_navis",1030.20860278074
"7901009",3,0,1,0.024297,1,0.001869,1,115.335944776693,1,4.85330742901285,672,1,8.72700023651123,35.0349998474121,0.0242970008403063,0,111.220703125,-88.7572,26.6186,11.9210866026725,63,63,63,63,61,63,0,7816,1.08413155380343,27,-89,0.001869,51,2023-06-27 05:06:17.000545,672,1.037,0.0011,"aoml_navis",1030.22527897372
"7901009",3,0,1,0.031773,1,0.009345,1,115.478323501655,1,4.85324958755478,674,1,8.6850004196167,35.0299987792969,0.0317730009555817,0,111.358001708984,-88.7572,26.6186,11.9210866026725,63,63,63,63,61,63,0,7816,1.08413155380343,27,-89,0.001869,51,2023-06-27 05:06:17.000545,674,1.037,0.0011,"aoml_navis",1030.23755728977
"7901009",3,0,1,0.029904,1,0.007476,1,115.562733293643,1,4.85319654810002,676,1,8.65799999237061,35.0270004272461,0.0299040004611015,0,111.439399719238,-88.7572,26.6186,11.9210866026725,63,63,63,63,61,63,0,7816,1.08413155380343,27,-89,0.001869,51,2023-06-27 05:06:17.000545,676,1.037,0.0011,"aoml_navis",1030.24881651609
"7901009",3,0,1,0.029904,1,0.007476,1,115.619246476151,1,4.85314516120777,678,1,8.63300037384033,35.023998260498,0.0299040004611015,0,111.493896484375,-88.7572,26.6186,11.9210866026725,63,63,63,63,61,63,0,7816,1.08413155380343,27,-89,0.001869,51,2023-06-27 05:06:17.000545,678,1.037,0.0011,"aoml_navis",1030.25972517082
"7901009",3,0,1,0.026166,1,0.003738,1,115.672341809737,1,4.85309217644148,680,1,8.60599994659424,35.0209999084473,0.0261659994721413,0,111.545097351074,-88.7572,26.6186,11.9210866026725,63,63,63,63,61,63,0,7816,1.08413155380343,27,-89,0.001869,51,2023-06-27 05:06:17.000545,680,1.037,0.0011,"aoml_navis",1030.27097327178
"7901009",3,0,1,0.029904,1,0.007476,1,115.723364281246,1,4.85304312075883,682,1,8.5930004119873,35.0200004577637,0.0299040004611015,0,111.594299316406,-88.7572,26.6186,11.9210866026725,63,63,63,63,61,63,0,7816,1.08413155380343,27,-89,0.001869,51,2023-06-27 05:06:17.000545,682,1.037,0.0011,"aoml_navis",1030.28138748913
"7901009",3,0,1,0.026166,1,0.003738,1,115.80342264521,1,4.85299613490993,684,1,8.57800006866455,35.0180015563965,0.0261659994721413,0,111.671501159668,-88.7572,26.6186,11.9210866026725,63,63,63,63,61,63,0,7816,1.08413155380343,27,-89,0.001869,51,2023-06-27 05:06:17.000545,684,1.037,0.0011,"aoml_navis",1030.29136249102
"7901009",3,0,1,0.026166,1,0.003738,1,115.973492275783,1,4.85293133886436,686,1,8.52700042724609,35.0130004882812,0.0261659994721413,0,111.835502624512,-88.7572,26.6186,11.9210866026725,63,63,63,63,61,63,0,7816,1.08413155380343,27,-89,0.001869,51,2023-06-27 05:06:17.000545,686,1.037,0.0011,"aoml_navis",1030.30511887895
"7901009",3,0,1,0.031773,1,0.009345,1,116.119083145796,1,4.85286857077155,688,1,8.48299980163574,35.0089988708496,0.0317730009555817,0,111.975898742676,-88.7572,26.6186,11.9210866026725,63,63,63,63,61,63,0,7816,1.08413155380343,27,-89,0.001869,51,2023-06-27 05:06:17.000545,688,1.037,0.0011,"aoml_navis",1030.31844507692
"7901009",3,0,1,0.028035,1,0.005607,1,116.135571102165,1,4.85282196459671,690,1,8.47299957275391,35.007999420166,0.0280349999666214,0,111.991798400879,-88.7572,26.6186,11.9210866026725,63,63,63,63,61,63,0,7816,1.08413155380343,27,-89,0.001869,51,2023-06-27 05:06:17.000545,690,1.037,0.0011,"aoml_navis",1030.32834018578
"7901009",3,0,1,0.026166,1,0.003738,1,116.236263146653,1,4.85276468129401,692,1,8.44499969482422,35.0060005187988,0.0261659994721413,0,112.088897705078,-88.7572,26.6186,11.9210866026725,63,63,63,63,61,63,0,7816,1.08413155380343,27,-89,0.001869,51,2023-06-27 05:06:17.000545,692,1.037,0.0011,"aoml_navis",1030.34050245081
"7901009",3,0,1,0.029904,1,0.007476,1,116.421887154491,1,4.852702363821,694,1,8.4060001373291,35.0029983520508,0.0299040004611015,0,112.26789855957,-88.7572,26.6186,11.9210866026725,63,63,63,63,61,63,0,7816,1.08413155380343,27,-89,0.001869,51,2023-06-27 05:06:17.000545,694,1.037,0.0011,"aoml_navis",1030.35373388592
"7901009",3,0,1,0.031773,1,0.009345,1,116.448225161571,1,4.85266183900763,696,1,8.39900016784668,35.0009994506836,0.0317730009555817,0,112.293296813965,-88.7572,26.6186,11.9210866026725,63,63,63,63,61,63,0,7816,1.08413155380343,27,-89,0.001869,51,2023-06-27 05:06:17.000545,696,1.037,0.0011,"aoml_navis",1030.36233841971
"7901009",3,0,1,0.028035,1,0.005607,1,116.540522905814,1,4.85260890495237,698,1,8.38099956512451,35,0.0280349999666214,0,112.382301330566,-88.7572,26.6186,11.9210866026725,63,63,63,63,61,63,0,7816,1.08413155380343,27,-89,0.001869,51,2023-06-27 05:06:17.000545,698,1.037,0.0011,"aoml_navis",1030.37357799373
"7901009",3,0,1,0.028035,1,0.005607,1,116.694207431953,1,4.85255697759253,700,1,8.35499954223633,34.9970016479492,0.0280349999666214,0,112.530502319336,-88.7572,26.6186,11.9210866026725,63,63,63,63,61,63,0,7816,1.08413155380343,27,-89,0.001869,51,2023-06-27 05:06:17.000545,700,1.037,0.0011,"aoml_navis",1030.38460405273
"7901009",3,0,1,0.029904,1,0.007476,1,116.804646675215,1,4.85249796359322,702,1,8.31999969482422,34.9939994812012,0.0299040004611015,0,112.637001037598,-88.7572,26.6186,11.9210866026725,63,63,63,63,61,63,0,7816,1.08413155380343,27,-89,0.001869,51,2023-06-27 05:06:17.000545,702,1.037,0.0011,"aoml_navis",1030.39713514842
"7901009",3,0,1,0.029904,1,0.007476,1,116.940078938713,1,4.85243582539692,704,1,8.2810001373291,34.9910011291504,0.0299040004611015,0,112.767601013184,-88.7572,26.6186,11.9210866026725,63,63,63,63,61,63,0,7816,1.08413155380343,27,-89,0.001869,51,2023-06-27 05:06:17.000545,704,1.037,0.0011,"aoml_navis",1030.41032996887
"7901009",3,0,1,0.029904,1,0.007476,1,116.976266996502,1,4.85239139264125,706,1,8.26900005340576,34.9889984130859,0.0299040004611015,0,112.80249786377,-88.7572,26.6186,11.9210866026725,63,63,63,63,61,63,0,7816,1.08413155380343,27,-89,0.001869,51,2023-06-27 05:06:17.000545,706,1.037,0.0011,"aoml_navis",1030.41976531048
"7901009",3,0,1,0.031773,1,0.009345,1,117.04501955929,1,4.85233539031586,708,1,8.24699974060059,34.9879989624023,0.0317730009555817,0,112.868797302246,-88.7572,26.6186,11.9210866026725,63,63,63,63,61,63,0,7816,1.08413155380343,27,-89,0.001869,51,2023-06-27 05:06:17.000545,708,1.037,0.0011,"aoml_navis",1030.43165770834
"7901009",3,0,1,0.028035,1,0.005607,1,117.203474832881,1,4.85228307829723,710,1,8.22500038146973,34.9860000610352,0.0280349999666214,0,113.021598815918,-88.7572,26.6186,11.9210866026725,63,63,63,63,61,63,0,7816,1.08413155380343,27,-89,0.001869,51,2023-06-27 05:06:17.000545,710,1.037,0.0011,"aoml_navis",1030.44276669749
"7901009",3,0,1,0.028035,1,0.005607,1,117.2643473551,1,4.85223471883596,712,1,8.20800018310547,34.984001159668,0.0280349999666214,0,113.080299377441,-88.7572,26.6186,11.9210866026725,63,63,63,63,61,63,0,7816,1.08413155380343,27,-89,0.001869,51,2023-06-27 05:06:17.000545,712,1.037,0.0011,"aoml_navis",1030.45303653396
"7901009",3,0,1,0.033642,1,0.011214,1,117.348551443218,1,4.85218481110621,714,1,8.18900012969971,34.9819984436035,0.0336420014500618,0,113.161499023438,-88.7572,26.6186,11.9210866026725,63,63,63,63,61,63,0,7816,1.08413155380343,27,-89,0.001869,51,2023-06-27 05:06:17.000545,714,1.037,0.0011,"aoml_navis",1030.46363538245
"7901009",3,0,1,0.026166,1,0.003738,1,117.427881931949,1,4.85213358826776,716,1,8.17300033569336,34.9809989929199,0.0261659994721413,0,113.237998962402,-88.7572,26.6186,11.9210866026725,63,63,63,63,61,63,0,7816,1.08413155380343,27,-89,0.001869,51,2023-06-27 05:06:17.000545,716,1.037,0.0011,"aoml_navis",1030.47451374582
"7901009",3,0,1,0.029904,1,0.007476,1,117.513747474403,1,4.85208237381586,718,1,8.1569995880127,34.9799995422363,0.0299040004611015,0,113.32080078125,-88.7572,26.6186,11.9210866026725,63,63,63,63,61,63,0,7816,1.08413155380343,27,-89,0.001869,51,2023-06-27 05:06:17.000545,718,1.037,0.0011,"aoml_navis",1030.48539055775
"7901009",3,0,1,0.029904,1,0.007476,1,117.691799997479,1,4.85203170326124,720,1,8.13700008392334,34.9780006408691,0.0299040004611015,0,113.492500305176,-88.7572,26.6186,11.9210866026725,63,63,63,63,61,63,0,7816,1.08413155380343,27,-89,0.001869,51,2023-06-27 05:06:17.000545,720,1.037,0.0011,"aoml_navis",1030.49615208394
"7901009",3,0,1,0.028035,1,0.005607,1,117.805451385792,1,4.85199045327116,722,1,8.12899971008301,34.976001739502,0.0280349999666214,0,113.602096557617,-88.7572,26.6186,11.9210866026725,63,63,63,63,61,63,0,7816,1.08413155380343,27,-89,0.001869,51,2023-06-27 05:06:17.000545,722,1.037,0.0011,"aoml_navis",1030.50491301545
"7901009",3,0,1,0.029904,1,0.007476,1,118.076007356982,1,4.85193017834162,724,1,8.09200000762939,34.9729995727539,0.0299040004611015,0,113.862998962402,-88.7572,26.6186,11.9210866026725,63,63,63,63,61,63,0,7816,1.08413155380343,27,-89,0.001869,51,2023-06-27 05:06:17.000545,724,1.037,0.0011,"aoml_navis",1030.51771485075
"7901009",3,0,1,0.031773,1,0.009345,1,118.316285300809,1,4.85186682187574,726,1,8.05099964141846,34.9700012207031,0.0317730009555817,0,114.094703674316,-88.7572,26.6186,11.9210866026725,63,63,63,63,61,63,0,7816,1.08413155380343,27,-89,0.001869,51,2023-06-27 05:06:17.000545,726,1.037,0.0011,"aoml_navis",1030.53117151863
"7901009",3,0,1,0.029904,1,0.007476,1,118.538200218372,1,4.85180432872297,728,1,8.01099967956543,34.9669990539551,0.0299040004611015,0,114.308700561523,-88.7572,26.6186,11.9210866026725,63,63,63,63,61,63,0,7816,1.08413155380343,27,-89,0.001869,51,2023-06-27 05:06:17.000545,728,1.037,0.0011,"aoml_navis",1030.54444516645
"7901009",3,0,1,0.028035,1,0.005607,1,118.718950626823,1,4.85175355148188,730,1,7.98600006103516,34.9640007019043,0.0280349999666214,0,114.483001708984,-88.7572,26.6186,11.9210866026725,63,63,63,63,61,63,0,7816,1.08413155380343,27,-89,0.001869,51,2023-06-27 05:06:17.000545,730,1.037,0.0011,"aoml_navis",1030.55523058727
"7901009",3,0,1,0.028035,1,0.005607,1,118.931324049482,1,4.85169368860956,732,1,7.9539999961853,34.9620018005371,0.0280349999666214,0,114.687797546387,-88.7572,26.6186,11.9210866026725,63,63,63,63,61,63,0,7816,1.08413155380343,27,-89,0.001869,51,2023-06-27 05:06:17.000545,732,1.037,0.0011,"aoml_navis",1030.56794614603
"7901009",3,0,1,0.033642,1,0.011214,1,119.105958723636,1,4.85163677855252,734,1,7.9210000038147,34.9589996337891,0.0336420014500618,0,114.856201171875,-88.7572,26.6186,11.9210866026725,63,63,63,63,61,63,0,7816,1.08413155380343,27,-89,0.001869,51,2023-06-27 05:06:17.000545,734,1.037,0.0011,"aoml_navis",1030.580034784
"7901009",3,0,1,0.028035,1,0.005607,1,119.202291428412,1,4.85158221964411,736,1,7.89099979400635,34.9560012817383,0.0280349999666214,0,114.949096679688,-88.7572,26.6186,11.9210866026725,63,63,63,63,61,63,0,7816,1.08413155380343,27,-89,0.001869,51,2023-06-27 05:06:17.000545,736,1.037,0.0011,"aoml_navis",1030.59162426537
"7901009",3,0,1,0.033642,1,0.011214,1,119.349654516384,1,4.8515153568933,738,1,7.84499979019165,34.9529991149902,0.0336420014500618,0,115.091201782227,-88.7572,26.6186,11.9210866026725,63,63,63,63,61,63,0,7816,1.08413155380343,27,-89,0.001869,51,2023-06-27 05:06:17.000545,738,1.037,0.0011,"aoml_navis",1030.605827702
"7901009",3,0,1,0.028035,1,0.005607,1,119.487262493894,1,4.85145105540726,740,1,7.80700016021729,34.951000213623,0.0280349999666214,0,115.223899841309,-88.7572,26.6186,11.9210866026725,63,63,63,63,61,63,0,7816,1.08413155380343,27,-89,0.001869,51,2023-06-27 05:06:17.000545,740,1.037,0.0011,"aoml_navis",1030.61948742679
"7901009",3,0,1,0.031773,1,0.009345,1,119.543775676401,1,4.85140236442346,742,1,7.79400014877319,34.9500007629395,0.0317730009555817,0,115.278396606445,-88.7572,26.6186,11.9210866026725,63,63,63,63,61,63,0,7816,1.08413155380343,27,-89,0.001869,51,2023-06-27 05:06:17.000545,742,1.037,0.0011,"aoml_navis",1030.62983121463
"7901009",3,0,1,0.026166,1,0.003738,1,119.646651346588,1,4.85135829526925,744,1,7.78700017929077,34.9490013122559,0.0261659994721413,0,115.377601623535,-88.7572,26.6186,11.9210866026725,63,63,63,63,61,63,0,7816,1.08413155380343,27,-89,0.001869,51,2023-06-27 05:06:17.000545,744,1.037,0.0011,"aoml_navis",1030.63919333183
"7901009",3,0,1,0.029904,1,0.007476,1,119.89169212618,1,4.85129008978758,746,1,7.73899984359741,34.9459991455078,0.0299040004611015,0,115.613899230957,-88.7572,26.6186,11.9210866026725,63,63,63,63,61,63,0,7816,1.08413155380343,27,-89,0.001869,51,2023-06-27 05:06:17.000545,746,1.037,0.0011,"aoml_navis",1030.65368334198
"7901009",3,0,1,0.029904,1,0.007476,1,120.02225079029,1,4.85123590571311,748,1,7.71400022506714,34.9440002441406,0.0299040004611015,0,115.739799499512,-88.7572,26.6186,11.9210866026725,63,63,63,63,61,63,0,7816,1.08413155380343,27,-89,0.001869,51,2023-06-27 05:06:17.000545,748,1.037,0.0011,"aoml_navis",1030.66519484482
"7901009",3,0,1,0.031773,1,0.009345,1,120.172406703885,1,4.85118725726445,750,1,7.70100021362305,34.943000793457,0.0317730009555817,0,115.88459777832,-88.7572,26.6186,11.9210866026725,63,63,63,63,61,63,0,7816,1.08413155380343,27,-89,0.001869,51,2023-06-27 05:06:17.000545,750,1.037,0.0011,"aoml_navis",1030.67553051322
"7901009",3,0,1,0.026166,1,0.003738,1,120.347555637716,1,4.85113325865351,752,1,7.68100023269653,34.9420013427734,0.0261659994721413,0,116.053497314453,-88.7572,26.6186,11.9210866026725,63,63,63,63,61,63,0,7816,1.08413155380343,27,-89,0.001869,51,2023-06-27 05:06:17.000545,752,1.037,0.0011,"aoml_navis",1030.68700309993
"7901009",3,0,1,0.031773,1,0.009345,1,120.632835259003,1,4.8510860198586,754,1,7.66499996185303,34.939998626709,0.0317730009555817,0,116.328598022461,-88.7572,26.6186,11.9210866026725,63,63,63,63,61,63,0,7816,1.08413155380343,27,-89,0.001869,51,2023-06-27 05:06:17.000545,754,1.037,0.0011,"aoml_navis",1030.69703970035
"7901009",3,0,1,0.029904,1,0.007476,1,121.132149757286,1,4.85100736864274,756,1,7.60300016403198,34.9370002746582,0.0299040004611015,0,116.810096740723,-88.7572,26.6186,11.9210866026725,63,63,63,63,61,63,0,7816,1.08413155380343,27,-89,0.001869,51,2023-06-27 05:06:17.000545,756,1.037,0.0011,"aoml_navis",1030.71375078099
"7901009",3,0,1,0.031773,1,0.009345,1,121.632817154099,1,4.85094851779397,758,1,7.56199979782104,34.9329986572266,0.0317730009555817,0,117.292900085449,-88.7572,26.6186,11.9210866026725,63,63,63,63,61,63,0,7816,1.08413155380343,27,-89,0.001869,51,2023-06-27 05:06:17.000545,758,1.037,0.0011,"aoml_navis",1030.72625521778
"7901009",3,0,1,0.028035,1,0.005607,1,121.952006267229,1,4.85088010081018,760,1,7.51800012588501,34.9309997558594,0.0280349999666214,0,117.600700378418,-88.7572,26.6186,11.9210866026725,63,63,63,63,61,63,0,7816,1.08413155380343,27,-89,0.001869,51,2023-06-27 05:06:17.000545,760,1.037,0.0011,"aoml_navis",1030.74079261718
"7901009",3,0,1,0.029904,1,0.007476,1,121.955637731707,1,4.85083532904361,762,1,7.51000022888184,34.9300003051758,0.0299040004611015,0,117.604202270508,-88.7572,26.6186,11.9210866026725,63,63,63,63,61,63,0,7816,1.08413155380343,27,-89,0.001869,51,2023-06-27 05:06:17.000545,762,1.037,0.0011,"aoml_navis",1030.75030604797
"7901009",3,0,1,0.029904,1,0.007476,1,121.944229078596,1,4.8507921868432,764,1,7.50899982452393,34.9300003051758,0.0299040004611015,0,117.593200683594,-88.7572,26.6186,11.9210866026725,63,63,63,63,61,63,0,7816,1.08413155380343,27,-89,0.001869,51,2023-06-27 05:06:17.000545,764,1.037,0.0011,"aoml_navis",1030.75947338282
"7901009",3,0,1,0.028035,1,0.005607,1,122.069186268085,1,4.85075044911959,766,1,7.50500011444092,34.9290008544922,0.0280349999666214,0,117.71369934082,-88.7572,26.6186,11.9210866026725,63,63,63,63,61,63,0,7816,1.08413155380343,27,-89,0.001869,51,2023-06-27 05:06:17.000545,766,1.037,0.0011,"aoml_navis",1030.768342434
"7901009",3,0,1,0.028035,1,0.005607,1,122.288822619701,1,4.85070113914607,768,1,7.49100017547607,34.9280014038086,0.0280349999666214,0,117.925498962402,-88.7572,26.6186,11.9210866026725,63,63,63,63,61,63,0,7816,1.08413155380343,27,-89,0.001869,51,2023-06-27 05:06:17.000545,768,1.037,0.0011,"aoml_navis",1030.77882074595
"7901009",3,0,1,0.028035,1,0.005607,1,122.62709472264,1,4.8506472050638,770,1,7.46600008010864,34.9259986877441,0.0280349999666214,0,118.25170135498,-88.7572,26.6186,11.9210866026725,63,63,63,63,61,63,0,7816,1.08413155380343,27,-89,0.001869,51,2023-06-27 05:06:17.000545,770,1.037,0.0011,"aoml_navis",1030.79028191955
"7901009",3,0,1,0.028035,1,0.005607,1,122.900237815582,1,4.85059489241055,772,1,7.44799995422363,34.9249992370605,0.0280349999666214,0,118.515098571777,-88.7572,26.6186,11.9210866026725,63,63,63,63,61,63,0,7816,1.08413155380343,27,-89,0.001869,51,2023-06-27 05:06:17.000545,772,1.037,0.0011,"aoml_navis",1030.80139877754
"7901009",3,0,1,0.029904,1,0.007476,1,123.23270274003,1,4.85054994173801,774,1,7.42999982833862,34.9220008850098,0.0299040004611015,0,118.83570098877,-88.7572,26.6186,11.9210866026725,63,63,63,63,61,63,0,7816,1.08413155380343,27,-89,0.001869,51,2023-06-27 05:06:17.000545,774,1.037,0.0011,"aoml_navis",1030.81095134719
"7901009",3,0,1,0.026166,1,0.003738,1,123.499524394806,1,4.85048618374547,776,1,7.38700008392334,34.9189987182617,0.0261659994721413,0,119.093002319336,-88.7572,26.6186,11.9210866026725,63,63,63,63,61,63,0,7816,1.08413155380343,27,-89,0.001869,51,2023-06-27 05:06:17.000545,776,1.037,0.0011,"aoml_navis",1030.82450100684
"7901009",3,0,1,0.029904,1,0.007476,1,123.598452133022,1,4.85043693262114,778,1,7.3730001449585,34.9179992675781,0.0299040004611015,0,119.188400268555,-88.7572,26.6186,11.9210866026725,63,63,63,63,61,63,0,7816,1.08413155380343,27,-89,0.001869,51,2023-06-27 05:06:17.000545,778,1.037,0.0011,"aoml_navis",1030.83496795371
"7901009",3,0,1,0.029904,1,0.007476,1,123.726518615627,1,4.85038626822662,780,1,7.36199998855591,34.9179992675781,0.0299040004611015,0,119.311897277832,-88.7572,26.6186,11.9210866026725,63,63,63,63,61,63,0,7816,1.08413155380343,27,-89,0.001869,51,2023-06-27 05:06:17.000545,780,1.037,0.0011,"aoml_navis",1030.84573547337
"7901009",3,0,1,0.024297,1,0.001869,1,123.997905313985,1,4.85031315975978,782,1,7.32600021362305,34.9189987182617,0.0242970008403063,0,119.573600769043,-88.7572,26.6186,11.9210866026725,63,63,63,63,61,63,0,7816,1.08413155380343,27,-89,0.001869,51,2023-06-27 05:06:17.000545,782,1.037,0.0011,"aoml_navis",1030.86127334665
"7901009",3,0,1,0.028035,1,0.005607,1,124.286919251687,1,4.85025787076102,784,1,7.29899978637695,34.9169998168945,0.0280349999666214,0,119.85230255127,-88.7572,26.6186,11.9210866026725,63,63,63,63,61,63,0,7816,1.08413155380343,27,-89,0.001869,51,2023-06-27 05:06:17.000545,784,1.037,0.0011,"aoml_navis",1030.87302432757
"7901009",3,0,1,0.029904,1,0.007476,1,124.472748963395,1,4.85020186270227,786,1,7.27099990844727,34.9150009155273,0.0299040004611015,0,120.03150177002,-88.7572,26.6186,11.9210866026725,63,63,63,63,61,63,0,7816,1.08413155380343,27,-89,0.001869,51,2023-06-27 05:06:17.000545,786,1.037,0.0011,"aoml_navis",1030.88492840879
"7901009",3,0,1,0.029904,1,0.007476,1,124.651940769445,1,4.8501497409125,788,1,7.25799989700317,34.9150009155273,0.0299040004611015,0,120.204299926758,-88.7572,26.6186,11.9210866026725,63,63,63,63,61,63,0,7816,1.08413155380343,27,-89,0.001869,51,2023-06-27 05:06:17.000545,788,1.037,0.0011,"aoml_navis",1030.89600674047
"7901009",3,0,1,0.029904,1,0.007476,1,124.78685086158,1,4.85009756609324,790,1,7.23999977111816,34.9140014648438,0.0299040004611015,0,120.334396362305,-88.7572,26.6186,11.9210866026725,63,63,63,63,61,63,0,7816,1.08413155380343,27,-89,0.001869,51,2023-06-27 05:06:17.000545,790,1.037,0.0011,"aoml_navis",1030.90709658187
"7901009",3,0,1,0.031773,1,0.009345,1,124.934941824785,1,4.8500424330959,792,1,7.21799993515015,34.9129981994629,0.0317730009555817,0,120.477203369141,-88.7572,26.6186,11.9210866026725,63,63,63,63,61,63,0,7816,1.08413155380343,27,-89,0.001869,51,2023-06-27 05:06:17.000545,792,1.037,0.0011,"aoml_navis",1030.91881544805
"7901009",3,0,1,0.026166,1,0.003738,1,125.040088149232,1,4.84999779293837,794,1,7.21500015258789,34.9129981994629,0.0261659994721413,0,120.578598022461,-88.7572,26.6186,11.9210866026725,63,63,63,63,61,63,0,7816,1.08413155380343,27,-89,0.001869,51,2023-06-27 05:06:17.000545,794,1.037,0.0011,"aoml_navis",1030.92830419017
"7901009",3,0,1,0.029904,1,0.007476,1,125.196984820422,1,4.8499463907999,796,1,7.19799995422363,34.9119987487793,0.0299040004611015,0,120.72989654541,-88.7572,26.6186,11.9210866026725,63,63,63,63,61,63,0,7816,1.08413155380343,27,-89,0.001869,51,2023-06-27 05:06:17.000545,796,1.037,0.0011,"aoml_navis",1030.9392304799
"7901009",3,0,1,0.029904,1,0.007476,1,125.395259616281,1,4.84988983386179,798,1,7.17899990081787,34.9119987487793,0.0299040004611015,0,120.921096801758,-88.7572,26.6186,11.9210866026725,63,63,63,63,61,63,0,7816,1.08413155380343,27,-89,0.001869,51,2023-06-27 05:06:17.000545,798,1.037,0.0011,"aoml_navis",1030.95125276664
"7901009",3,0,1,0.029904,1,0.007476,1,125.708230143178,1,4.84983994195354,800,1,7.16400003433228,34.9109992980957,0.0299040004611015,0,121.222900390625,-88.7572,26.6186,11.9210866026725,63,63,63,63,61,63,0,7816,1.08413155380343,27,-89,0.001869,51,2023-06-27 05:06:17.000545,800,1.037,0.0011,"aoml_navis",1030.96185850331
"7901009",3,0,1,0.024297,1,0.001869,1,126.128633472158,1,4.84977594065302,802,1,7.13000011444092,34.9099998474121,0.0242970008403063,0,121.628303527832,-88.7572,26.6186,11.9210866026725,63,63,63,63,61,63,0,7816,1.08413155380343,27,-89,0.001869,51,2023-06-27 05:06:17.000545,802,1.037,0.0011,"aoml_navis",1030.97546385344
"7901009",3,0,1,0.029904,1,0.007476,1,126.381142884577,1,4.84972604205024,804,1,7.1100001335144,34.9080009460449,0.0299040004611015,0,121.871803283691,-88.7572,26.6186,11.9210866026725,63,63,63,63,61,63,0,7816,1.08413155380343,27,-89,0.001869,51,2023-06-27 05:06:17.000545,804,1.037,0.0011,"aoml_navis",1030.98607151142
"7901009",3,0,1,0.031773,1,0.009345,1,126.709762728989,1,4.84966359400831,806,1,7.07800006866455,34.9070014953613,0.0317730009555817,0,122.188697814941,-88.7572,26.6186,11.9210866026725,63,63,63,63,61,63,0,7816,1.08413155380343,27,-89,0.001869,51,2023-06-27 05:06:17.000545,806,1.037,0.0011,"aoml_navis",1030.99934729028
"7901009",3,0,1,0.029904,1,0.007476,1,126.892174591777,1,4.84960933274422,808,1,7.05700016021729,34.9059982299805,0.0299040004611015,0,122.364601135254,-88.7572,26.6186,11.9210866026725,63,63,63,63,61,63,0,7816,1.08413155380343,27,-89,0.001869,51,2023-06-27 05:06:17.000545,808,1.037,0.0011,"aoml_navis",1031.01088292625
"7901009",3,0,1,0.031773,1,0.009345,1,127.081422152407,1,4.84955359634349,810,1,7.03399991989136,34.9049987792969,0.0317730009555817,0,122.547096252441,-88.7572,26.6186,11.9210866026725,63,63,63,63,61,63,0,7816,1.08413155380343,27,-89,0.001869,51,2023-06-27 05:06:17.000545,810,1.037,0.0011,"aoml_navis",1031.02273243664
"7901009",3,0,1,0.026166,1,0.003738,1,127.257512577028,1,4.84949419267115,812,1,7.00600004196167,34.9039993286133,0.0261659994721413,0,122.716903686523,-88.7572,26.6186,11.9210866026725,63,63,63,63,61,63,0,7816,1.08413155380343,27,-89,0.001869,51,2023-06-27 05:06:17.000545,812,1.037,0.0011,"aoml_navis",1031.03536190564
"7901009",3,0,1,0.033642,1,0.011214,1,127.4487301478,1,4.84944808797898,814,1,7.00099992752075,34.9039993286133,0.0336420014500618,0,122.901298522949,-88.7572,26.6186,11.9210866026725,63,63,63,63,61,63,0,7816,1.08413155380343,27,-89,0.001869,51,2023-06-27 05:06:17.000545,814,1.037,0.0011,"aoml_navis",1031.04516416914
"7901009",3,0,1,0.022428,1,0,1,127.790530863282,1,4.8493946151596,816,1,6.98600006103516,34.9039993286133,0.0224280003458261,0,123.230903625488,-88.7572,26.6186,11.9210866026725,63,63,63,63,61,63,0,7816,1.08413155380343,27,-89,0.001869,51,2023-06-27 05:06:17.000545,816,1.037,0.0011,"aoml_navis",1031.0565331948
"7901009",3,0,1,0.029904,1,0.007476,1,128.260595853552,1,4.8493293766375,818,1,6.95499992370605,34.9039993286133,0.0299040004611015,0,123.684196472168,-88.7572,26.6186,11.9210866026725,63,63,63,63,61,63,0,7816,1.08413155380343,27,-89,0.001869,51,2023-06-27 05:06:17.000545,818,1.037,0.0011,"aoml_navis",1031.07040410338
"7901009",3,0,1,0.031773,1,0.009345,1,128.769040438999,1,4.8492707961963,820,1,6.9229998588562,34.9020004272461,0.0317730009555817,0,124.174499511719,-88.7572,26.6186,11.9210866026725,63,63,63,63,61,63,0,7816,1.08413155380343,27,-89,0.001869,51,2023-06-27 05:06:17.000545,820,1.037,0.0011,"aoml_navis",1031.08285969963
"7901009",3,0,1,0.028035,1,0.005607,1,129.219310387602,1,4.84919684626853,822,1,6.88000011444092,34.9020004272461,0.0280349999666214,0,124.608703613281,-88.7572,26.6186,11.9210866026725,63,63,63,63,61,63,0,7816,1.08413155380343,27,-89,0.001869,51,2023-06-27 05:06:17.000545,822,1.037,0.0011,"aoml_navis",1031.09858364432
"7901009",3,0,1,0.031773,1,0.009345,1,129.533412285786,1,4.84914418982329,824,1,6.86100006103516,34.9010009765625,0.0317730009555817,0,124.911598205566,-88.7572,26.6186,11.9210866026725,63,63,63,63,61,63,0,7816,1.08413155380343,27,-89,0.001869,51,2023-06-27 05:06:17.000545,824,1.037,0.0011,"aoml_navis",1031.10978025634
"7901009",3,0,1,0.029904,1,0.007476,1,129.967502833824,1,4.84909158554498,826,1,6.83699989318848,34.898998260498,0.0299040004611015,0,125.330200195312,-88.7572,26.6186,11.9210866026725,63,63,63,63,61,63,0,7816,1.08413155380343,27,-89,0.001869,51,2023-06-27 05:06:17.000545,826,1.037,0.0011,"aoml_navis",1031.12096601864
"7901009",3,0,1,0.028035,1,0.005607,1,130.298100600065,1,4.84903455209304,828,1,6.81699991226196,34.898998260498,0.0280349999666214,0,125.649002075195,-88.7572,26.6186,11.9210866026725,63,63,63,63,61,63,0,7816,1.08413155380343,27,-89,0.001869,51,2023-06-27 05:06:17.000545,828,1.037,0.0011,"aoml_navis",1031.13309387367
"7901009",3,0,1,0.031773,1,0.009345,1,130.711858111699,1,4.84897461866846,830,1,6.79300022125244,34.898998260498,0.0317730009555817,0,126.047996520996,-88.7572,26.6186,11.9210866026725,63,63,63,63,61,63,0,7816,1.08413155380343,27,-89,0.001869,51,2023-06-27 05:06:17.000545,830,1.037,0.0011,"aoml_navis",1031.14583869961
"7901009",3,0,1,0.028035,1,0.005607,1,131.189818965912,1,4.84891179643011,832,1,6.7649998664856,34.898998260498,0.0280349999666214,0,126.508903503418,-88.7572,26.6186,11.9210866026725,63,63,63,63,61,63,0,7816,1.08413155380343,27,-89,0.001869,51,2023-06-27 05:06:17.000545,832,1.037,0.0011,"aoml_navis",1031.15919816919
"7901009",3,0,1,0.029904,1,0.007476,1,131.778725411375,1,4.84884614912241,834,1,6.72800016403198,34.8979988098145,0.0299040004611015,0,127.076797485352,-88.7572,26.6186,11.9210866026725,63,63,63,63,61,63,0,7816,1.08413155380343,27,-89,0.001869,51,2023-06-27 05:06:17.000545,834,1.037,0.0011,"aoml_navis",1031.17315877406
"7901009",3,0,1,0.031773,1,0.009345,1,132.193527265734,1,4.84878194954594,836,1,6.69799995422363,34.8979988098145,0.0317730009555817,0,127.47679901123,-88.7572,26.6186,11.9210866026725,63,63,63,63,61,63,0,7816,1.08413155380343,27,-89,0.001869,51,2023-06-27 05:06:17.000545,836,1.037,0.0011,"aoml_navis",1031.18681186895
"7901009",3,0,1,0.031773,1,0.009345,1,132.569237473058,1,4.84872363382775,838,1,6.6710000038147,34.8969993591309,0.0317730009555817,0,127.83910369873,-88.7572,26.6186,11.9210866026725,63,63,63,63,61,63,0,7816,1.08413155380343,27,-89,0.001869,51,2023-06-27 05:06:17.000545,838,1.037,0.0011,"aoml_navis",1031.19921397806
"7901009",3,0,1,0.029904,1,0.007476,1,132.916932395592,1,4.84866455696379,840,1,6.64799976348877,34.8969993591309,0.0299040004611015,0,128.174392700195,-88.7572,26.6186,11.9210866026725,63,63,63,63,61,63,0,7816,1.08413155380343,27,-89,0.001869,51,2023-06-27 05:06:17.000545,840,1.037,0.0011,"aoml_navis",1031.2117782656
"7901009",3,0,1,0.031773,1,0.009345,1,133.224934382855,1,4.84860477886594,842,1,6.62400007247925,34.8969993591309,0.0317730009555817,0,128.471405029297,-88.7572,26.6186,11.9210866026725,63,63,63,63,61,63,0,7816,1.08413155380343,27,-89,0.001869,51,2023-06-27 05:06:17.000545,842,1.037,0.0011,"aoml_navis",1031.22449200107
"7901009",3,0,1,0.028035,1,0.005607,1,133.387013209237,1,4.8485493456649,844,1,6.60599994659424,34.8969993591309,0.0280349999666214,0,128.627700805664,-88.7572,26.6186,11.9210866026725,63,63,63,63,61,63,0,7816,1.08413155380343,27,-89,0.001869,51,2023-06-27 05:06:17.000545,844,1.037,0.0011,"aoml_navis",1031.23628193462
"7901009",3,0,1,0.028035,1,0.005607,1,133.528980526459,1,4.84849752494374,846,1,6.59299993515015,34.8969993591309,0.0280349999666214,0,128.764602661133,-88.7572,26.6186,11.9210866026725,63,63,63,63,61,63,0,7816,1.08413155380343,27,-89,0.001869,51,2023-06-27 05:06:17.000545,846,1.037,0.0011,"aoml_navis",1031.24730378366
"7901009",3,0,1,0.028035,1,0.005607,1,133.64325693807,1,4.84844642993122,848,1,6.58099985122681,34.8969993591309,0.0280349999666214,0,128.874801635742,-88.7572,26.6186,11.9210866026725,63,63,63,63,61,63,0,7816,1.08413155380343,27,-89,0.001869,51,2023-06-27 05:06:17.000545,848,1.037,0.0011,"aoml_navis",1031.25817151102
"7901009",3,0,1,0.028035,1,0.005607,1,133.780144952034,1,4.84838518807374,850,1,6.55999994277954,34.8979988098145,0.0280349999666214,0,129.006805419922,-88.7572,26.6186,11.9210866026725,63,63,63,63,61,63,0,7816,1.08413155380343,27,-89,0.001869,51,2023-06-27 05:06:17.000545,850,1.037,0.0011,"aoml_navis",1031.271197738
"7901009",3,0,1,0.031773,1,0.009345,1,133.882379775548,1,4.8483377006991,852,1,6.55299997329712,34.8979988098145,0.0317730009555817,0,129.105392456055,-88.7572,26.6186,11.9210866026725,63,63,63,63,61,63,0,7816,1.08413155380343,27,-89,0.001869,51,2023-06-27 05:06:17.000545,852,1.037,0.0011,"aoml_navis",1031.28129859416
"7901009",3,0,1,0.024297,1,0.001869,1,133.916716498505,1,4.84829237187178,854,1,6.54899978637695,34.8979988098145,0.0242970008403063,0,129.13850402832,-88.7572,26.6186,11.9210866026725,63,63,63,63,61,63,0,7816,1.08413155380343,27,-89,0.001869,51,2023-06-27 05:06:17.000545,854,1.037,0.0011,"aoml_navis",1031.29094049863
"7901009",3,0,1,0.029904,1,0.007476,1,133.975721862518,1,4.84824848292758,856,1,6.54699993133545,34.8979988098145,0.0299040004611015,0,129.195404052734,-88.7572,26.6186,11.9210866026725,63,63,63,63,61,63,0,7816,1.08413155380343,27,-89,0.001869,51,2023-06-27 05:06:17.000545,856,1.037,0.0011,"aoml_navis",1031.30027629706
"7901009",3,0,1,0.028035,1,0.005607,1,134.085330378612,1,4.84820531498712,858,1,6.5460000038147,34.8979988098145,0.0280349999666214,0,129.30110168457,-88.7572,26.6186,11.9210866026725,63,63,63,63,61,63,0,7816,1.08413155380343,27,-89,0.001869,51,2023-06-27 05:06:17.000545,858,1.037,0.0011,"aoml_navis",1031.30945889268
"7901009",3,0,1,0.026166,1,0.003738,1,134.337523323538,1,4.84816510832375,860,1,6.54400014877319,34.8969993591309,0.0261659994721413,0,129.544296264648,-88.7572,26.6186,11.9210866026725,63,63,63,63,61,63,0,7816,1.08413155380343,27,-89,0.001869,51,2023-06-27 05:06:17.000545,860,1.037,0.0011,"aoml_navis",1031.31801171861
"7901009",3,0,1,0.028035,1,0.005607,1,134.657345371653,1,4.84810900436522,862,1,6.52500009536743,34.8969993591309,0.0280349999666214,0,129.85270690918,-88.7572,26.6186,11.9210866026725,63,63,63,63,61,63,0,7816,1.08413155380343,27,-89,0.001869,51,2023-06-27 05:06:17.000545,862,1.037,0.0011,"aoml_navis",1031.32994647976
"7901009",3,0,1,0.031773,1,0.009345,1,135.013861825545,1,4.84805506665102,864,1,6.50899982452393,34.8969993591309,0.0317730009555817,0,130.196502685547,-88.7572,26.6186,11.9210866026725,63,63,63,63,61,63,0,7816,1.08413155380343,27,-89,0.001869,51,2023-06-27 05:06:17.000545,864,1.037,0.0011,"aoml_navis",1031.34142068521
"7901009",3,0,1,0.029904,1,0.007476,1,135.374001832229,1,4.8480032901519,866,1,6.49599981307983,34.8969993591309,0.0299040004611015,0,130.543792724609,-88.7572,26.6186,11.9210866026725,63,63,63,63,61,63,0,7816,1.08413155380343,27,-89,0.001869,51,2023-06-27 05:06:17.000545,866,1.037,0.0011,"aoml_navis",1031.35243537414
"7901009",3,0,1,0.028035,1,0.005607,1,135.855079891245,1,4.84794363625412,868,1,6.47200012207031,34.8969993591309,0.0280349999666214,0,131.007705688477,-88.7572,26.6186,11.9210866026725,63,63,63,63,61,63,0,7816,1.08413155380343,27,-89,0.001869,51,2023-06-27 05:06:17.000545,868,1.037,0.0011,"aoml_navis",1031.3651261555
"7901009",3,0,1,0.029904,1,0.007476,1,136.30440043737,1,4.84787899701755,870,1,6.44099998474121,34.8969993591309,0.0299040004611015,0,131.440994262695,-88.7572,26.6186,11.9210866026725,63,63,63,63,61,63,0,7816,1.08413155380343,27,-89,0.001869,51,2023-06-27 05:06:17.000545,870,1.037,0.0011,"aoml_navis",1031.37887787134
"7901009",3,0,1,0.024297,1,0.001869,1,136.659793431663,1,4.84782367863017,872,1,6.4229998588562,34.8969993591309,0.0242970008403063,0,131.783706665039,-88.7572,26.6186,11.9210866026725,63,63,63,63,61,63,0,7816,1.08413155380343,27,-89,0.001869,51,2023-06-27 05:06:17.000545,872,1.037,0.0011,"aoml_navis",1031.39064690835
"7901009",3,0,1,0.029904,1,0.007476,1,136.972953839056,1,4.84777133698568,874,1,6.40399980545044,34.8959999084473,0.0299040004611015,0,132.085693359375,-88.7572,26.6186,11.9210866026725,63,63,63,63,61,63,0,7816,1.08413155380343,27,-89,0.001869,51,2023-06-27 05:06:17.000545,874,1.037,0.0011,"aoml_navis",1031.40178288792
"7901009",3,0,1,0.028035,1,0.005607,1,137.250559123646,1,4.84772032143161,876,1,6.39200019836426,34.8959999084473,0.0280349999666214,0,132.353393554688,-88.7572,26.6186,11.9210866026725,63,63,63,63,61,63,0,7816,1.08413155380343,27,-89,0.001869,51,2023-06-27 05:06:17.000545,876,1.037,0.0011,"aoml_navis",1031.4126369657
"7901009",3,0,1,0.028035,1,0.005607,1,137.52579090204,1,4.84766503447336,878,1,6.37400007247925,34.8959999084473,0.0280349999666214,0,132.618804931641,-88.7572,26.6186,11.9210866026725,63,63,63,63,61,63,0,7816,1.08413155380343,27,-89,0.001869,51,2023-06-27 05:06:17.000545,878,1.037,0.0011,"aoml_navis",1031.42440008609
"7901009",3,0,1,0.024297,1,0.001869,1,137.671381772054,1,4.84761759241934,880,1,6.36700010299683,34.8959999084473,0.0242970008403063,0,132.759201049805,-88.7572,26.6186,11.9210866026725,63,63,63,63,61,63,0,7816,1.08413155380343,27,-89,0.001869,51,2023-06-27 05:06:17.000545,880,1.037,0.0011,"aoml_navis",1031.43449430065
"7901009",3,0,1,0.031773,1,0.009345,1,137.784835368184,1,4.84757157707901,882,1,6.36199998855591,34.8959999084473,0.0317730009555817,0,132.868606567383,-88.7572,26.6186,11.9210866026725,63,63,63,63,61,63,0,7816,1.08413155380343,27,-89,0.001869,51,2023-06-27 05:06:17.000545,882,1.037,0.0011,"aoml_navis",1031.44428514304
"7901009",3,0,1,0.033642,1,0.011214,1,138.026758942972,1,4.84752556359054,884,1,6.35699987411499,34.8959999084473,0.0336420014500618,0,133.101898193359,-88.7572,26.6186,11.9210866026725,63,63,63,63,61,63,0,7816,1.08413155380343,27,-89,0.001869,51,2023-06-27 05:06:17.000545,884,1.037,0.0011,"aoml_navis",1031.45407577728
"7901009",3,0,1,0.029904,1,0.007476,1,138.314111426337,1,4.84747741569344,886,1,6.34899997711182,34.8959999084473,0.0299040004611015,0,133.378997802734,-88.7572,26.6186,11.9210866026725,63,63,63,63,61,63,0,7816,1.08413155380343,27,-89,0.001869,51,2023-06-27 05:06:17.000545,886,1.037,0.0011,"aoml_navis",1031.46432076461
"7901009",3,0,1,0.033642,1,0.011214,1,138.587776690642,1,4.84742002037826,888,1,6.32800006866455,34.8959999084473,0.0336420014500618,0,133.64289855957,-88.7572,26.6186,11.9210866026725,63,63,63,63,61,63,0,7816,1.08413155380343,27,-89,0.001869,51,2023-06-27 05:06:17.000545,888,1.037,0.0011,"aoml_navis",1031.4765336984
"7901009",3,0,1,0.031773,1,0.009345,1,138.775157093065,1,4.84736690447226,890,1,6.31300020217896,34.8959999084473,0.0317730009555817,0,133.823593139648,-88.7572,26.6186,11.9210866026725,63,63,63,63,61,63,0,7816,1.08413155380343,27,-89,0.001869,51,2023-06-27 05:06:17.000545,890,1.037,0.0011,"aoml_navis",1031.48783629045
"7901009",3,0,1,0.031773,1,0.009345,1,138.953628935569,1,4.84731592688694,892,1,6.30100011825562,34.8959999084473,0.0317730009555817,0,133.995697021484,-88.7572,26.6186,11.9210866026725,63,63,63,63,61,63,0,7816,1.08413155380343,27,-89,0.001869,51,2023-06-27 05:06:17.000545,892,1.037,0.0011,"aoml_navis",1031.49868409983
"7901009",3,0,1,0.029904,1,0.007476,1,139.209461256662,1,4.84726566418106,894,1,6.28999996185303,34.8959999084473,0.0299040004611015,0,134.242401123047,-88.7572,26.6186,11.9210866026725,63,63,63,63,61,63,0,7816,1.08413155380343,27,-89,0.001869,51,2023-06-27 05:06:17.000545,894,1.037,0.0011,"aoml_navis",1031.50938000935
"7901009",3,0,1,0.028035,1,0.005607,1,139.49836443074,1,4.84721540575683,896,1,6.27899980545044,34.8959999084473,0.0280349999666214,0,134.52099609375,-88.7572,26.6186,11.9210866026725,63,63,63,63,61,63,0,7816,1.08413155380343,27,-89,0.001869,51,2023-06-27 05:06:17.000545,896,1.037,0.0011,"aoml_navis",1031.52007522953
"7901009",3,0,1,0.028035,1,0.005607,1,139.829373604722,1,4.8471457448192,898,1,6.25099992752075,34.8979988098145,0.0280349999666214,0,134.840194702148,-88.7572,26.6186,11.9210866026725,63,63,63,63,61,63,0,7816,1.08413155380343,27,-89,0.001869,51,2023-06-27 05:06:17.000545,898,1.037,0.0011,"aoml_navis",1031.53489975914
"7901009",3,0,1,0.024297,1,0.001869,1,139.95309657099,1,4.84709337718147,900,1,6.23699998855591,34.8979988098145,0.0242970008403063,0,134.959503173828,-88.7572,26.6186,11.9210866026725,63,63,63,63,61,63,0,7816,1.08413155380343,27,-89,0.001869,51,2023-06-27 05:06:17.000545,900,1.037,0.0011,"aoml_navis",1031.54604438577
"7901009",3,0,1,0.029904,1,0.007476,1,140.065917232135,1,4.84704596938864,902,1,6.23000001907349,34.8979988098145,0.0299040004611015,0,135.068298339844,-88.7572,26.6186,11.9210866026725,63,63,63,63,61,63,0,7816,1.08413155380343,27,-89,0.001869,51,2023-06-27 05:06:17.000545,902,1.037,0.0011,"aoml_navis",1031.55613368995
"7901009",3,0,1,0.029904,1,0.007476,1,140.111346140711,1,4.84699997904586,904,1,6.22499990463257,34.8979988098145,0.0299040004611015,0,135.112106323242,-88.7572,26.6186,11.9210866026725,63,63,63,63,61,63,0,7816,1.08413155380343,27,-89,0.001869,51,2023-06-27 05:06:17.000545,904,1.037,0.0011,"aoml_navis",1031.56592152168
"7901009",3,0,1,0.028035,1,0.005607,1,140.174797872995,1,4.84695611387547,906,1,6.22300004959106,34.8979988098145,0.0280349999666214,0,135.173294067383,-88.7572,26.6186,11.9210866026725,63,63,63,63,61,63,0,7816,1.08413155380343,27,-89,0.001869,51,2023-06-27 05:06:17.000545,906,1.037,0.0011,"aoml_navis",1031.57525723957
"7901009",3,0,1,0.028035,1,0.005607,1,140.2979986679,1,4.84691295852169,908,1,6.22200012207031,34.8979988098145,0.0280349999666214,0,135.292098999023,-88.7572,26.6186,11.9210866026725,63,63,63,63,61,63,0,7816,1.08413155380343,27,-89,0.001869,51,2023-06-27 05:06:17.000545,908,1.037,0.0011,"aoml_navis",1031.58444205381
"7901009",3,0,1,0.033642,1,0.011214,1,140.421610870546,1,4.84686697332961,910,1,6.21700000762939,34.8979988098145,0.0336420014500618,0,135.41130065918,-88.7572,26.6186,11.9210866026725,63,63,63,63,61,63,0,7816,1.08413155380343,27,-89,0.001869,51,2023-06-27 05:06:17.000545,910,1.037,0.0011,"aoml_navis",1031.5942293265
"7901009",3,0,1,0.029904,1,0.007476,1,140.748680024243,1,4.84682098998104,912,1,6.21199989318848,34.8979988098145,0.0299040004611015,0,135.726699829102,-88.7572,26.6186,11.9210866026725,63,63,63,63,61,63,0,7816,1.08413155380343,27,-89,0.001869,51,2023-06-27 05:06:17.000545,912,1.037,0.0011,"aoml_navis",1031.60401639252
"7901009",3,0,1,0.033642,1,0.011214,1,141.220517232473,1,4.8467714705075,914,1,6.2020001411438,34.8979988098145,0.0336420014500618,0,136.181701660156,-88.7572,26.6186,11.9210866026725,63,63,63,63,61,63,0,7816,1.08413155380343,27,-89,0.001869,51,2023-06-27 05:06:17.000545,914,1.037,0.0011,"aoml_navis",1031.61455629276
"7901009",3,0,1,0.033642,1,0.011214,1,141.768987044058,1,4.84671488475255,916,1,6.18200016021729,34.8979988098145,0.0336420014500618,0,136.710601806641,-88.7572,26.6186,11.9210866026725,63,63,63,63,61,63,0,7816,1.08413155380343,27,-89,0.001869,51,2023-06-27 05:06:17.000545,916,1.037,0.0011,"aoml_navis",1031.62660046905
"7901009",3,0,1,0.029904,1,0.007476,1,142.136595683569,1,4.84665337327331,918,1,6.15500020980835,34.8979988098145,0.0299040004611015,0,137.065093994141,-88.7572,26.6186,11.9210866026725,63,63,63,63,61,63,0,7816,1.08413155380343,27,-89,0.001869,51,2023-06-27 05:06:17.000545,918,1.037,0.0011,"aoml_navis",1031.63969339592
"7901009",3,0,1,0.024297,1,0.001869,1,142.287582324332,1,4.84660966664335,920,1,6.14799976348877,34.8969993591309,0.0242970008403063,0,137.210693359375,-88.7572,26.6186,11.9210866026725,63,63,63,63,61,63,0,7816,1.08413155380343,27,-89,0.001869,51,2023-06-27 05:06:17.000545,920,1.037,0.0011,"aoml_navis",1031.64899670224
"7901009",3,0,1,0.031773,1,0.009345,1,142.623987269064,1,4.84655296546464,922,1,6.13299989700317,34.8979988098145,0.0317730009555817,0,137.535095214844,-88.7572,26.6186,11.9210866026725,63,63,63,63,61,63,0,7816,1.08413155380343,27,-89,0.001869,51,2023-06-27 05:06:17.000545,922,1.037,0.0011,"aoml_navis",1031.6610662524
"7901009",3,0,1,0.026166,1,0.003738,1,142.920058431852,1,4.84649783743997,924,1,6.11499977111816,34.8979988098145,0.0261659994721413,0,137.820602416992,-88.7572,26.6186,11.9210866026725,63,63,63,63,61,63,0,7816,1.08413155380343,27,-89,0.001869,51,2023-06-27 05:06:17.000545,924,1.037,0.0011,"aoml_navis",1031.67280120796
"7901009",3,0,1,0.029904,1,0.007476,1,143.196524433468,1,4.846450462539,926,1,6.10799980163574,34.8979988098145,0.0299040004611015,0,138.087203979492,-88.7572,26.6186,11.9210866026725,63,63,63,63,61,63,0,7816,1.08413155380343,27,-89,0.001869,51,2023-06-27 05:06:17.000545,926,1.037,0.0011,"aoml_navis",1031.68288599004
"7901009",3,0,1,0.028035,1,0.005607,1,143.550857261661,1,4.84640027494975,928,1,6.09700012207031,34.8979988098145,0.0280349999666214,0,138.428894042969,-88.7572,26.6186,11.9210866026725,63,63,63,63,61,63,0,7816,1.08413155380343,27,-89,0.001869,51,2023-06-27 05:06:17.000545,928,1.037,0.0011,"aoml_navis",1031.69356972931
"7901009",3,0,1,0.028035,1,0.005607,1,143.974480647379,1,4.84633586850256,930,1,6.07100009918213,34.898998260498,0.0280349999666214,0,138.83740234375,-88.7572,26.6186,11.9210866026725,63,63,63,63,61,63,0,7816,1.08413155380343,27,-89,0.001869,51,2023-06-27 05:06:17.000545,930,1.037,0.0011,"aoml_navis",1031.70728064807
"7901009",3,0,1,0.026166,1,0.003738,1,144.247101568959,1,4.84628007798761,932,1,6.05200004577637,34.898998260498,0.0261659994721413,0,139.100296020508,-88.7572,26.6186,11.9210866026725,63,63,63,63,61,63,0,7816,1.08413155380343,27,-89,0.001869,51,2023-06-27 05:06:17.000545,932,1.037,0.0011,"aoml_navis",1031.71915769181
"7901009",3,0,1,0.028035,1,0.005607,1,144.564122879763,1,4.84622762183652,934,1,6.04300022125244,34.9000015258789,0.0280349999666214,0,139.406005859375,-88.7572,26.6186,11.9210866026725,63,63,63,63,61,63,0,7816,1.08413155380343,27,-89,0.001869,51,2023-06-27 05:06:17.000545,934,1.037,0.0011,"aoml_navis",1031.73032514416
"7901009",3,0,1,0.028035,1,0.005607,1,144.811442225302,1,4.84617184985988,936,1,6.02400016784668,34.9000015258789,0.0280349999666214,0,139.644500732422,-88.7572,26.6186,11.9210866026725,63,63,63,63,61,63,0,7816,1.08413155380343,27,-89,0.001869,51,2023-06-27 05:06:17.000545,936,1.037,0.0011,"aoml_navis",1031.74219877171
"7901009",3,0,1,0.031773,1,0.009345,1,145.080328830468,1,4.84611451287543,938,1,6.00799989700317,34.9010009765625,0.0317730009555817,0,139.903793334961,-88.7572,26.6186,11.9210866026725,63,63,63,63,61,63,0,7816,1.08413155380343,27,-89,0.001869,51,2023-06-27 05:06:17.000545,938,1.037,0.0011,"aoml_navis",1031.75440586798
"7901009",3,0,1,0.028035,1,0.005607,1,145.297283120083,1,4.84606436281393,940,1,5.99700021743774,34.9010009765625,0.0280349999666214,0,140.113006591797,-88.7572,26.6186,11.9210866026725,63,63,63,63,61,63,0,7816,1.08413155380343,27,-89,0.001869,51,2023-06-27 05:06:17.000545,940,1.037,0.0011,"aoml_navis",1031.76508309863
"7901009",3,0,1,0.028035,1,0.005607,1,145.561913237472,1,4.84601631549841,942,1,5.98899984359741,34.9010009765625,0.0280349999666214,0,140.368194580078,-88.7572,26.6186,11.9210866026725,63,63,63,63,61,63,0,7816,1.08413155380343,27,-89,0.001869,51,2023-06-27 05:06:17.000545,942,1.037,0.0011,"aoml_navis",1031.77531285009
"7901009",3,0,1,0.022428,1,0,1,145.870010164983,1,4.845966872252,944,1,5.97900009155273,34.9010009765625,0.0224280003458261,0,140.665298461914,-88.7572,26.6186,11.9210866026725,63,63,63,63,61,63,0,7816,1.08413155380343,27,-89,0.001869,51,2023-06-27 05:06:17.000545,944,1.037,0.0011,"aoml_navis",1031.7858400209
"7901009",3,0,1,0.026166,1,0.003738,1,146.232444560989,1,4.84591883086833,946,1,5.97100019454956,34.9010009765625,0.0261659994721413,0,141.014801025391,-88.7572,26.6186,11.9210866026725,63,63,63,63,61,63,0,7816,1.08413155380343,27,-89,0.001869,51,2023-06-27 05:06:17.000545,946,1.037,0.0011,"aoml_navis",1031.79606892096
"7901009",3,0,1,0.028035,1,0.005607,1,146.566365235903,1,4.84586380410613,948,1,5.95300006866455,34.9010009765625,0.0280349999666214,0,141.336807250977,-88.7572,26.6186,11.9210866026725,63,63,63,63,61,63,0,7816,1.08413155380343,27,-89,0.001869,51,2023-06-27 05:06:17.000545,948,1.037,0.0011,"aoml_navis",1031.80778538664
"7901009",3,0,1,0.026166,1,0.003738,1,146.75789136248,1,4.8458072044379,950,1,5.93800020217896,34.9020004272461,0.0261659994721413,0,141.521499633789,-88.7572,26.6186,11.9210866026725,63,63,63,63,61,63,0,7816,1.08413155380343,27,-89,0.001869,51,2023-06-27 05:06:17.000545,950,1.037,0.0011,"aoml_navis",1031.81983703786
"7901009",3,0,1,0.029904,1,0.007476,1,147.010511538522,1,4.84575708097778,952,1,5.92700004577637,34.9020004272461,0.0299040004611015,0,141.765106201172,-88.7572,26.6186,11.9210866026725,63,63,63,63,61,63,0,7816,1.08413155380343,27,-89,0.001869,51,2023-06-27 05:06:17.000545,952,1.037,0.0011,"aoml_navis",1031.83050995843
"7901009",3,0,1,0.029904,1,0.007476,1,147.273179557456,1,4.84570905405703,954,1,5.91900014877319,34.9020004272461,0.0299040004611015,0,142.018402099609,-88.7572,26.6186,11.9210866026725,63,63,63,63,61,63,0,7816,1.08413155380343,27,-89,0.001869,51,2023-06-27 05:06:17.000545,954,1.037,0.0011,"aoml_navis",1031.84073666449
"7901009",3,0,1,0.031773,1,0.009345,1,147.719810129893,1,4.8456510779733,956,1,5.90199995040894,34.9029998779297,0.0317730009555817,0,142.449096679688,-88.7572,26.6186,11.9210866026725,63,63,63,63,61,63,0,7816,1.08413155380343,27,-89,0.001869,51,2023-06-27 05:06:17.000545,956,1.037,0.0011,"aoml_navis",1031.85308218504
"7901009",3,0,1,0.031773,1,0.009345,1,148.045122889006,1,4.84558893621509,958,1,5.87900018692017,34.9039993286133,0.0317730009555817,0,142.762802124023,-88.7572,26.6186,11.9210866026725,63,63,63,63,61,63,0,7816,1.08413155380343,27,-89,0.001869,51,2023-06-27 05:06:17.000545,958,1.037,0.0011,"aoml_navis",1031.86631507903
"7901009",3,0,1,0.028035,1,0.005607,1,148.320338844026,1,4.84554161765192,960,1,5.87200021743774,34.9039993286133,0.0280349999666214,0,143.028198242188,-88.7572,26.6186,11.9210866026725,63,63,63,63,61,63,0,7816,1.08413155380343,27,-89,0.001869,51,2023-06-27 05:06:17.000545,960,1.037,0.0011,"aoml_navis",1031.87639164741
"7901009",3,0,1,0.026166,1,0.003738,1,148.724562772441,1,4.8454929100541,962,1,5.86299991607666,34.9039993286133,0.0261659994721413,0,143.417999267578,-88.7572,26.6186,11.9210866026725,63,63,63,63,61,63,0,7816,1.08413155380343,27,-89,0.001869,51,2023-06-27 05:06:17.000545,962,1.037,0.0011,"aoml_navis",1031.88676421862
"7901009",3,0,1,0.033642,1,0.011214,1,149.25467746945,1,4.84544003537651,964,1,5.84800004959106,34.9039993286133,0.0336420014500618,0,143.92919921875,-88.7572,26.6186,11.9210866026725,63,63,63,63,61,63,0,7816,1.08413155380343,27,-89,0.001869,51,2023-06-27 05:06:17.000545,964,1.037,0.0011,"aoml_navis",1031.8980244302
"7901009",3,0,1,0.028035,1,0.005607,1,149.677984387675,1,4.84537863068224,966,1,5.82600021362305,34.9049987792969,0.0280349999666214,0,144.33740234375,-88.7572,26.6186,11.9210866026725,63,63,63,63,61,63,0,7816,1.08413155380343,27,-89,0.001869,51,2023-06-27 05:06:17.000545,966,1.037,0.0011,"aoml_navis",1031.91110150581
"7901009",3,0,1,0.028035,1,0.005607,1,149.918879443113,1,4.84532924330059,968,1,5.81599998474121,34.9049987792969,0.0280349999666214,0,144.569702148438,-88.7572,26.6186,11.9210866026725,63,63,63,63,61,63,0,7816,1.08413155380343,27,-89,0.001869,51,2023-06-27 05:06:17.000545,968,1.037,0.0011,"aoml_navis",1031.92161955006
"7901009",3,0,1,0.026166,1,0.003738,1,150.177718205385,1,4.84528471508289,970,1,5.81300020217896,34.9049987792969,0.0261659994721413,0,144.819305419922,-88.7572,26.6186,11.9210866026725,63,63,63,63,61,63,0,7816,1.08413155380343,27,-89,0.001869,51,2023-06-27 05:06:17.000545,970,1.037,0.0011,"aoml_navis",1031.93110292064
"7901009",3,0,1,0.031773,1,0.009345,1,150.738625189433,1,4.84523949458999,972,1,5.80900001525879,34.9049987792969,0.0317730009555817,0,145.360198974609,-88.7572,26.6186,11.9210866026725,63,63,63,63,61,63,0,7816,1.08413155380343,27,-89,0.001869,51,2023-06-27 05:06:17.000545,972,1.037,0.0011,"aoml_navis",1031.94073390651
"7901009",3,0,1,0.029904,1,0.007476,1,151.357920425883,1,4.84518387487967,974,1,5.78999996185303,34.9049987792969,0.0299040004611015,0,145.957397460938,-88.7572,26.6186,11.9210866026725,63,63,63,63,61,63,0,7816,1.08413155380343,27,-89,0.001869,51,2023-06-27 05:06:17.000545,974,1.037,0.0011,"aoml_navis",1031.95257994707
"7901009",3,0,1,0.029904,1,0.007476,1,152.007707305253,1,4.84511974496578,976,1,5.76399993896484,34.9059982299805,0.0299040004611015,0,146.583999633789,-88.7572,26.6186,11.9210866026725,63,63,63,63,61,63,0,7816,1.08413155380343,27,-89,0.001869,51,2023-06-27 05:06:17.000545,976,1.037,0.0011,"aoml_navis",1031.96623885202
"7901009",3,0,1,0.029904,1,0.007476,1,152.279299707481,1,4.84506553916969,978,1,5.74700021743774,34.9059982299805,0.0299040004611015,0,146.845901489258,-88.7572,26.6186,11.9210866026725,63,63,63,63,61,63,0,7816,1.08413155380343,27,-89,0.001869,51,2023-06-27 05:06:17.000545,978,1.037,0.0011,"aoml_navis",1031.97778432051
"7901009",3,0,1,0.028035,1,0.005607,1,156.431558915473,1,4.8445445946176,999.400024414062,1,5.6609001159668,34.9080009460449,0.0280349999666214,0,150.850006103516,-88.7572,26.6186,11.9210866026725,63,63,63,63,61,63,0,7816,1.08413155380343,27,-89,0.001869,51,2023-06-27 05:06:17.000545,999.400024414062,1.037,0.0011,"aoml_navis",1032.08875516496
"7901009",3,0,1,0.031773,1,0.009345,1,163.241322246599,1,4.84327083937566,1049.40002441406,1,5.39300012588501,34.9160003662109,0.0317730009555817,0,157.416793823242,-88.7572,26.6186,11.9210866026725,63,63,63,63,61,63,0,7816,1.08413155380343,27,-89,0.001869,51,2023-06-27 05:06:17.000545,1049.40002441406,1.037,0.0011,"aoml_navis",1032.36018918251
"7901009",3,0,1,0.026166,1,0.003738,1,168.572660215489,1,4.8420295719581,1099.90002441406,1,5.18529987335205,34.923999786377,0.0261659994721413,0,162.557907104492,-88.7572,26.6186,11.9210866026725,63,63,63,63,61,63,0,7816,1.08413155380343,27,-89,0.001869,51,2023-06-27 05:06:17.000545,1099.90002441406,1.037,0.0011,"aoml_navis",1032.62483751788
"7901009",3,0,1,0.035511,1,0.013083,1,174.47775374863,1,4.84083607517488,1149.69995117188,1,5.01319980621338,34.9300003051758,0.0355109982192516,0,168.252304077148,-88.7572,26.6186,11.9210866026725,63,63,63,63,61,63,0,7816,1.08413155380343,27,-89,0.001869,51,2023-06-27 05:06:17.000545,1149.69995117188,1.037,0.0011,"aoml_navis",1032.8794287502
"7901009",3,0,1,0.029904,1,0.007476,1,181.247705469175,1,4.83964111389253,1199.5,1,4.83690023422241,34.9360008239746,0.0299040004611015,0,174.780700683594,-88.7572,26.6186,11.9210866026725,63,63,63,63,61,63,0,7816,1.08413155380343,27,-89,0.001869,51,2023-06-27 05:06:17.000545,1199.5,1.037,0.0011,"aoml_navis",1033.13445818268
"7901009",3,0,1,0.028035,1,0.005607,1,187.343913721153,1,4.83845578022511,1249,1,4.66900014877319,34.943000793457,0.0280349999666214,0,180.659393310547,-88.7572,26.6186,11.9210866026725,63,63,63,63,61,63,0,7816,1.08413155380343,27,-89,0.001869,51,2023-06-27 05:06:17.000545,1249,1.037,0.0011,"aoml_navis",1033.38755733495
"7901009",3,0,1,0.024297,1,0.001869,1,191.996523858467,1,4.83728826480281,1299.30004882812,1,4.5460000038147,34.9490013122559,0.0242970008403063,0,185.14599609375,-88.7572,26.6186,11.9210866026725,63,63,63,63,61,63,0,7816,1.08413155380343,27,-89,0.001869,51,2023-06-27 05:06:17.000545,1299.30004882812,1.037,0.0011,"aoml_navis",1033.63697309113
"7901009",3,0,1,0.026166,1,0.003738,1,195.12433032249,1,4.83616633061536,1349.69995117188,1,4.47650003433228,34.9519996643066,0.0261659994721413,0,188.162200927734,-88.7572,26.6186,11.9210866026725,63,63,63,63,61,63,0,7816,1.08413155380343,27,-89,0.001869,51,2023-06-27 05:06:17.000545,1349.69995117188,1.037,0.0011,"aoml_navis",1033.87676481421
"7901009",3,0,1,0.024297,1,0.001869,1,197.140465601559,1,4.83507986711616,1399.40002441406,1,4.43079996109009,34.9539985656738,0.0242970008403063,0,190.106399536133,-88.7572,26.6186,11.9210866026725,63,63,63,63,61,63,0,7816,1.08413155380343,27,-89,0.001869,51,2023-06-27 05:06:17.000545,1399.40002441406,1.037,0.0011,"aoml_navis",1034.109081425
"7901009",3,0,1,0.029904,1,0.007476,1,198.901907842509,1,4.83399079165211,1449.59997558594,1,4.39510011672974,34.9560012817383,0.0299040004611015,0,191.804992675781,-88.7572,26.6186,11.9210866026725,63,63,63,63,61,63,0,7816,1.08413155380343,27,-89,0.001869,51,2023-06-27 05:06:17.000545,1449.59997558594,1.037,0.0011,"aoml_navis",1034.34206135324
"7901009",3,0,1,0.026166,1,0.003738,1,200.294095812986,1,4.83291500324877,1499.69995117188,1,4.3685998916626,34.9570007324219,0.0261659994721413,0,193.147506713867,-88.7572,26.6186,11.9210866026725,63,63,63,63,61,63,0,7816,1.08413155380343,27,-89,0.001869,51,2023-06-27 05:06:17.000545,1499.69995117188,1.037,0.0011,"aoml_navis",1034.57230194177
"7901009",3,0,1,0.031773,1,0.009345,1,201.864929683088,1,4.83183630184086,1549.90002441406,1,4.34429979324341,34.9589996337891,0.0317730009555817,0,194.662292480469,-88.7572,26.6186,11.9210866026725,63,63,63,63,61,63,0,7816,1.08413155380343,27,-89,0.001869,51,2023-06-27 05:06:17.000545,1549.90002441406,1.037,0.0011,"aoml_navis",1034.80326891353
"7901009",3,0,1,0.029904,1,0.007476,1,202.840757196804,1,4.83077721766615,1599.59997558594,1,4.32600021362305,34.9599990844727,0.0299040004611015,0,195.603302001953,-88.7572,26.6186,11.9210866026725,63,63,63,63,61,63,0,7816,1.08413155380343,27,-89,0.001869,51,2023-06-27 05:06:17.000545,1599.59997558594,1.037,0.0011,"aoml_navis",1035.03013587855
"7901009",3,0,1,0.029904,1,0.007476,1,204.045232473991,1,4.82971893541572,1649.40002441406,1,4.30989980697632,34.9609985351562,0.0299040004611015,0,196.764801025391,-88.7572,26.6186,11.9210866026725,63,63,63,63,61,63,0,7816,1.08413155380343,27,-89,0.001869,51,2023-06-27 05:06:17.000545,1649.40002441406,1.037,0.0011,"aoml_navis",1035.25693044695
"7901009",3,0,1,0.026166,1,0.003738,1,204.865389628052,1,4.82864498950849,1700.30004882812,1,4.29710006713867,34.9609985351562,0.0261659994721413,0,197.555694580078,-88.7572,26.6186,11.9210866026725,63,63,63,63,61,63,0,7816,1.08413155380343,27,-89,0.001869,51,2023-06-27 05:06:17.000545,1700.30004882812,1.037,0.0011,"aoml_navis",1035.48718343631
"7901009",3,0,1,0.028035,1,0.005607,1,205.313381010707,1,4.8275977707643,1750,1,4.28980016708374,34.9620018005371,0.0280349999666214,0,197.987701416016,-88.7572,26.6186,11.9210866026725,63,63,63,63,61,63,0,7816,1.08413155380343,27,-89,0.001869,51,2023-06-27 05:06:17.000545,1750,1.037,0.0011,"aoml_navis",1035.7118047986
"7901009",3,0,1,0.035511,1,0.013083,1,205.823795606296,1,4.8265715242216,1798.90002441406,1,4.28649997711182,34.9630012512207,0.0355109982192516,0,198.479904174805,-88.7572,26.6186,11.9210866026725,63,63,63,63,61,63,0,7816,1.08413155380343,27,-89,0.001869,51,2023-06-27 05:06:17.000545,1798.90002441406,1.037,0.0011,"aoml_navis",1035.93202232849
"7901009",3,0,1,0.029904,1,0.007476,1,206.403991284023,1,4.82551823214021,1849.59997558594,1,4.28560018539429,34.9620018005371,0.0299040004611015,0,199.039398193359,-88.7572,26.6186,11.9210866026725,63,63,63,63,61,63,0,7816,1.08413155380343,27,-89,0.001869,51,2023-06-27 05:06:17.000545,1849.59997558594,1.037,0.0011,"aoml_navis",1036.15814083919
"7901009",3,0,1,0.028035,1,0.005607,1,206.416950627849,1,4.82448870764196,1898.90002441406,1,4.28520011901855,34.9630012512207,0.0280349999666214,0,199.051895141602,-88.7572,26.6186,11.9210866026725,63,63,63,63,61,63,0,7816,1.08413155380343,27,-89,0.001869,51,2023-06-27 05:06:17.000545,1898.90002441406,1.037,0.0011,"aoml_navis",1036.37925239208
"7901009",3,0,1,0.026166,1,0.003738,1,206.591482450069,1,4.82342668807447,1949.69995117188,1,4.28079986572266,34.9640007019043,0.0261659994721413,0,199.220199584961,-88.7572,26.6186,11.9210866026725,63,63,63,63,61,63,0,7816,1.08413155380343,27,-89,0.001869,51,2023-06-27 05:06:17.000545,1949.69995117188,1.037,0.0011,"aoml_navis",1036.60744183427
"7901009",3,0,1,0.029904,1,0.007476,1,202.147313626817,4,4.82238545708378,1999.90002441406,1,4.28079986572266,34.9640007019043,0.0299040004611015,0,194.934600830078,-88.7572,26.6186,11.9210866026725,63,63,63,63,61,63,0,7816,1.08413155380343,27,-89,0.001869,51,2023-06-27 05:06:17.000545,1999.90002441406,1.037,0.0011,"aoml_navis",1036.83126214129
"7901009",4,0.0465469341086531,5,0.067284,1,0.044856,1,192.137300658879,1,4.8893347344195,2.20000004768372,1,30.0109996795654,36.2029991149902,0.0672840029001236,0.0616679564118385,185.281692504883,-89.2033,26.745,11.920975120825,63,63,63,63,61,63,0.050463,7816,1.08413155380343,27,-89,0.001869,51,2023-07-07 12:00:39.001287,2.20000004768372,1.037,0.0011,"aoml_navis",1022.63401292643
"7901009",4,0.0465469341086531,5,0.071022,1,0.048594,1,192.022407100059,1,4.88930131741463,4,1,30.0130004882812,36.2029991149902,0.0710219964385033,0.0616679564118385,185.1708984375,-89.2033,26.745,11.920975120825,63,63,63,63,61,63,0.050463,7816,1.08413155380343,27,-89,0.001869,51,2023-07-07 12:00:39.001287,4,1.037,0.0011,"aoml_navis",1022.64100234344
"7901009",4,0.0465469341086531,5,0.072891,1,0.050463,1,191.979573211652,1,4.88925726297591,6,1,30.0109996795654,36.2029991149902,0.0728909969329834,0.0616679564118385,185.129592895508,-89.2033,26.745,11.920975120825,63,63,63,63,61,63,0.050463,7816,1.08413155380343,27,-89,0.001869,51,2023-07-07 12:00:39.001287,6,1.037,0.0011,"aoml_navis",1022.65021680546
"7901009",4,0.0465469341086531,5,0.078498,1,0.05607,1,191.929697919351,1,4.88920789453756,8.10000038146973,1,30.0069999694824,36.2029991149902,0.0784979984164238,0.0616679564118385,185.081497192383,-89.2033,26.745,11.920975120825,63,63,63,63,61,63,0.050463,7816,1.08413155380343,27,-89,0.001869,51,2023-07-07 12:00:39.001287,8.10000038146973,1.037,0.0011,"aoml_navis",1022.66054294525
"7901009",4,0.0465469341086531,5,0.072891,1,0.050463,1,191.94204015539,1,4.88913801568231,10,1,29.988000869751,36.2029991149902,0.0728909969329834,0.0598080009222031,185.093399047852,-89.2033,26.745,11.920975120825,63,63,63,63,61,63,0.050463,7816,1.08413155380343,27,-89,0.001869,51,2023-07-07 12:00:39.001287,10,1.037,0.0011,"aoml_navis",1022.67515949889
"7901009",4,0.0482708946311958,1,0.07476,1,0.052332,1,192.070320293298,1,4.8890568942175,12,1,29.9589996337891,36.201000213623,0.0747599974274635,0.0616770014166832,185.217102050781,-89.2033,26.745,11.920975120825,63,63,63,63,61,63,0.052332,7816,1.08413155380343,27,-89,0.001869,51,2023-07-07 12:00:39.001287,12,1.037,0.0011,"aoml_navis",1022.69212819219
"7901009",4,0.0482708946311958,1,0.07476,1,0.052332,1,192.820791537986,1,4.8888251907295,14.1000003814697,1,29.8150005340576,36.1879997253418,0.0747599974274635,0.0616770014166832,185.940795898438,-89.2033,26.745,11.920975120825,63,63,63,63,61,63,0.052332,7816,1.08413155380343,27,-89,0.001869,51,2023-07-07 12:00:39.001287,14.1000003814697,1.037,0.0011,"aoml_navis",1022.74059818734
"7901009",4,0.0482708946311958,1,0.07476,1,0.052332,1,193.172228797506,1,4.88869276938294,16,1,29.7399997711182,36.1800003051758,0.0747599974274635,0.0616770014166832,186.279693603516,-89.2033,26.745,11.920975120825,63,63,63,63,61,63,0.052332,7816,1.08413155380343,27,-89,0.001869,51,2023-07-07 12:00:39.001287,16,1.037,0.0011,"aoml_navis",1022.76830143922
"7901009",4,0.0517188156762812,1,0.078498,1,0.05607,1,194.032118711694,1,4.88844796946731,18,1,29.5860004425049,36.1669998168945,0.0784979984164238,0.0654150024056435,187.108901977539,-89.2033,26.745,11.920975120825,63,63,63,63,61,63,0.05607,7816,1.08413155380343,27,-89,0.001869,51,2023-07-07 12:00:39.001287,18,1.037,0.0011,"aoml_navis",1022.81951883899
"7901009",4,0.0517188156762812,1,0.078498,1,0.05607,1,195.241357199304,1,4.88815783162344,19.8999996185303,1,29.3999996185303,36.1529998779297,0.0784979984164238,0.0654150024056435,188.274993896484,-89.2033,26.745,11.920975120825,63,63,63,63,61,63,0.05607,7816,1.08413155380343,27,-89,0.001869,51,2023-07-07 12:00:39.001287,19.8999996185303,1.037,0.0011,"aoml_navis",1022.88022855011
"7901009",4,0.058614657766452,1,0.085974,1,0.063546,1,196.560536527937,1,4.88764297453002,22,1,29.1229991912842,36.1599998474121,0.0859740003943443,0.0728909969329834,189.547103881836,-89.2033,26.745,11.920975120825,63,63,63,63,61,63,0.063546,7816,1.08413155380343,27,-89,0.001869,51,2023-07-07 12:00:39.001287,22,1.037,0.0011,"aoml_navis",1022.98797724291
"7901009",4,0.0517188156762812,1,0.078498,1,0.05607,1,196.677502949476,1,4.88747553681704,24.1000003814697,1,29.0410003662109,36.1580009460449,0.0784979984164238,0.0654150024056435,189.659896850586,-89.2033,26.745,11.920975120825,63,63,63,63,61,63,0.05607,7816,1.08413155380343,27,-89,0.001869,51,2023-07-07 12:00:39.001287,24.1000003814697,1.037,0.0011,"aoml_navis",1023.02302330422
"7901009",4,0.0551667367213666,1,0.082236,1,0.059808,1,196.871845696951,1,4.88725949434676,26,1,28.9169998168945,36.1520004272461,0.0822359994053841,0.0691530033946037,189.847305297852,-89.2033,26.745,11.920975120825,63,63,63,63,61,63,0.059808,7816,1.08413155380343,27,-89,0.001869,51,2023-07-07 12:00:39.001287,26,1.037,0.0011,"aoml_navis",1023.06824628069
"7901009",4,0.0517188156762812,1,0.078498,1,0.05607,1,197.159198269346,1,4.88673293200288,28,1,28.67799949646,36.1809997558594,0.0784979984164238,0.0654150024056435,190.124404907227,-89.2033,26.745,11.920975120825,63,63,63,63,61,63,0.05607,7816,1.08413155380343,27,-89,0.001869,51,2023-07-07 12:00:39.001287,28,1.037,0.0011,"aoml_navis",1023.17848541616
"7901009",4,0.0517188156762812,1,0.078498,1,0.05607,1,197.47153595803,1,4.88656759099188,30,1,28.6019992828369,36.181999206543,0.0784979984164238,0.0654150024056435,190.425598144531,-89.2033,26.745,11.920975120825,63,63,63,63,61,63,0.05607,7816,1.08413155380343,27,-89,0.001869,51,2023-07-07 12:00:39.001287,30,1.037,0.0011,"aoml_navis",1023.21310549704
"7901009",4,0.058614657766452,1,0.085974,1,0.063546,1,197.575970262975,1,4.88644850239054,32,1,28.5550003051758,36.1829986572266,0.0859740003943443,0.0728909969329834,190.526306152344,-89.2033,26.745,11.920975120825,63,63,63,63,61,63,0.063546,7816,1.08413155380343,27,-89,0.001869,51,2023-07-07 12:00:39.001287,32,1.037,0.0011,"aoml_navis",1023.23804242568
"7901009",4,0.0637865393340801,1,0.091581,1,0.069153,1,197.834904045721,1,4.88627756255526,34,1,28.4729995727539,36.1829986572266,0.0915810018777847,0.0784979984164238,190.776000976562,-89.2033,26.745,11.920975120825,63,63,63,63,61,63,0.069153,7816,1.08413155380343,27,-89,0.001869,51,2023-07-07 12:00:39.001287,34,1.037,0.0011,"aoml_navis",1023.27383902958
"7901009",4,0.0672344603791655,1,0.095319,1,0.072891,1,197.908846698298,1,4.88612140805984,36,1,28.4069995880127,36.1860008239746,0.095319002866745,0.0822359994053841,190.847305297852,-89.2033,26.745,11.920975120825,63,63,63,63,61,63,0.072891,7816,1.08413155380343,27,-89,0.001869,51,2023-07-07 12:00:39.001287,36,1.037,0.0011,"aoml_navis",1023.30654161649
"7901009",4,0.0724063419467936,1,0.100926,1,0.078498,1,198.058694102515,1,4.88596065632014,38,1,28.3129997253418,36.1780014038086,0.100925996899605,0.0878430008888245,190.991806030273,-89.2033,26.745,11.920975120825,63,63,63,63,61,63,0.078498,7816,1.08413155380343,27,-89,0.001869,51,2023-07-07 12:00:39.001287,38,1.037,0.0011,"aoml_navis",1023.34020916283
"7901009",4,0.0775782235144218,1,0.106533,1,0.084105,1,198.05475408101,1,4.88587006297388,40,1,28.2609996795654,36.1689987182617,0.106532998383045,0.0934500023722649,190.988006591797,-89.2033,26.745,11.920975120825,63,63,63,63,61,63,0.084105,7816,1.08413155380343,27,-89,0.001869,51,2023-07-07 12:00:39.001287,40,1.037,0.0011,"aoml_navis",1023.35918384138
"7901009",4,0.0810261445595072,1,0.110271,1,0.087843,1,197.769268667401,1,4.88569855035503,42,1,28.2099990844727,36.1829986572266,0.110270999372005,0.0971880033612251,190.712707519531,-89.2033,26.745,11.920975120825,63,63,63,63,61,63,0.087843,7816,1.08413155380343,27,-89,0.001869,51,2023-07-07 12:00:39.001287,42,1.037,0.0011,"aoml_navis",1023.3951089014
"7901009",4,0.0793021840369645,1,0.108402,1,0.085974,1,197.856582075687,1,4.88548644224968,44,1,28.1399993896484,36.2000007629395,0.108401998877525,0.095319002866745,190.796905517578,-89.2033,26.745,11.920975120825,63,63,63,63,61,63,0.085974,7816,1.08413155380343,27,-89,0.001869,51,2023-07-07 12:00:39.001287,44,1.037,0.0011,"aoml_navis",1023.43954058699
"7901009",4,0.087921986649678,1,0.117747,1,0.095319,1,197.877943638062,1,4.88528326469859,46,1,28.0709991455078,36.2150001525879,0.117747001349926,0.104663997888565,190.817504882812,-89.2033,26.745,11.920975120825,63,63,63,63,61,63,0.095319,7816,1.08413155380343,27,-89,0.001869,51,2023-07-07 12:00:39.001287,46,1.037,0.0011,"aoml_navis",1023.48210514841
"7901009",4,0.0982657497849342,1,0.128961,1,0.106533,1,197.686306688488,1,4.8851147680148,48,1,28.0400009155273,36.2369995117188,0.128960996866226,0.115878000855446,190.632705688477,-89.2033,26.745,11.920975120825,63,63,63,63,61,63,0.106533,7816,1.08413155380343,27,-89,0.001869,51,2023-07-07 12:00:39.001287,48,1.037,0.0011,"aoml_navis",1023.51740694761
"7901009",4,0.10171367083002,1,0.132699,1,0.110271,1,197.677698770019,1,4.88495799378007,50.0999984741211,1,27.988000869751,36.2459983825684,0.132698997855186,0.119616001844406,190.624404907227,-89.2033,26.745,11.920975120825,63,63,63,63,61,63,0.110271,7816,1.08413155380343,27,-89,0.001869,51,2023-07-07 12:00:39.001287,50.0999984741211,1.037,0.0011,"aoml_navis",1023.55025495949
"7901009",4,0.105161591875105,1,0.136437,1,0.114009,1,197.737004796525,1,4.88474956978222,52,1,27.9209995269775,36.2639999389648,0.136436998844147,0.123354002833366,190.681594848633,-89.2033,26.745,11.920975120825,63,63,63,63,61,63,0.114009,7816,1.08413155380343,27,-89,0.001869,51,2023-07-07 12:00:39.001287,52,1.037,0.0011,"aoml_navis",1023.59392811675
"7901009",4,0.120677236577989,1,0.153258,1,0.13083,1,198.195882803102,1,4.88451593395863,54,1,27.8229999542236,36.2750015258789,0.153257995843887,0.140174999833107,191.124099731445,-89.2033,26.745,11.920975120825,63,63,63,63,61,63,0.13083,7816,1.08413155380343,27,-89,0.001869,51,2023-07-07 12:00:39.001287,54,1.037,0.0011,"aoml_navis",1023.64288858973
"7901009",4,0.143088723371045,1,0.177555,1,0.155127,1,197.828986101774,1,4.8842893273084,56,1,27.75,36.2949981689453,0.177554994821548,0.164471998810768,190.770294189453,-89.2033,26.745,11.920975120825,63,63,63,63,61,63,0.155127,7816,1.08413155380343,27,-89,0.001869,51,2023-07-07 12:00:39.001287,56,1.037,0.0011,"aoml_navis",1023.69038051138
"7901009",4,0.137916841803416,1,0.171948,1,0.14952,1,197.163549698719,1,4.88405834079238,58,1,27.6809997558594,36.318000793457,0.171948000788689,0.158865004777908,190.128601074219,-89.2033,26.745,11.920975120825,63,63,63,63,61,63,0.14952,7816,1.08413155380343,27,-89,0.001869,51,2023-07-07 12:00:39.001287,58,1.037,0.0011,"aoml_navis",1023.73879489507
"7901009",4,0.158604368073929,1,0.194376,1,0.171948,1,196.359152376567,1,4.88365797888922,60.0999984741211,1,27.5620002746582,36.3660011291504,0.19437600672245,0.181292995810509,189.352905273438,-89.2033,26.745,11.920975120825,63,63,63,63,61,63,0.171948,7816,1.08413155380343,27,-89,0.001869,51,2023-07-07 12:00:39.001287,60.0999984741211,1.037,0.0011,"aoml_navis",1023.82272092225
"7901009",4,0.19135961800224,1,0.229887,1,0.207459,1,197.14674526965,1,4.88340795278102,62,1,27.4489994049072,36.3759994506836,0.229886993765831,0.216803997755051,190.112396240234,-89.2033,26.745,11.920975120825,63,63,63,63,61,63,0.207459,7816,1.08413155380343,27,-89,0.001869,51,2023-07-07 12:00:39.001287,62,1.037,0.0011,"aoml_navis",1023.87513972749
"7901009",4,0.21032318375021,1,0.250446,1,0.228018,1,196.939348234057,1,4.88313518185215,63.9000015258789,1,27.3209991455078,36.3860015869141,0.250445991754532,0.237362995743752,189.912399291992,-89.2033,26.745,11.920975120825,63,63,63,63,61,63,0.228018,7816,1.08413155380343,27,-89,0.001869,51,2023-07-07 12:00:39.001287,63.9000015258789,1.037,0.0011,"aoml_navis",1023.93233318262
"7901009",4,0.208599223227667,1,0.248577,1,0.226149,1,194.278298850533,1,4.88266905182474,66,1,27.1350002288818,36.423999786377,0.248576998710632,0.235494002699852,187.346298217773,-89.2033,26.745,11.920975120825,63,63,63,63,61,63,0.226149,7816,1.08413155380343,27,-89,0.001869,51,2023-07-07 12:00:39.001287,66,1.037,0.0011,"aoml_navis",1024.03008414658
"7901009",4,0.196531499569868,4,0.235494,1,0.213066,1,192.255010779255,1,4.8823681825116,68,1,27.0709991455078,36.4690017700195,0.235494002699852,0.222411006689072,185.395202636719,-89.2033,26.745,11.920975120825,63,63,63,63,61,63,0.213066,7816,1.08413155380343,27,-89,0.001869,51,2023-07-07 12:00:39.001287,68,1.037,0.0011,"aoml_navis",1024.09318861075
"7901009",4,0.218942986362924,1,0.259791,1,0.237363,1,191.427384735944,1,4.882138750202,70,1,27.0160007476807,36.4980010986328,0.259790986776352,0.246708005666733,184.597106933594,-89.2033,26.745,11.920975120825,63,63,63,63,61,63,0.237363,7816,1.08413155380343,27,-89,0.001869,51,2023-07-07 12:00:39.001287,70,1.037,0.0011,"aoml_navis",1024.14131507285
"7901009",4,0.225838828453094,1,0.267267,1,0.244839,1,190.504755121891,1,4.8819500309918,72,1,26.9500007629395,36.5110015869141,0.267266988754272,0.254184007644653,183.707397460938,-89.2033,26.745,11.920975120825,63,63,63,63,61,63,0.244839,7816,1.08413155380343,27,-89,0.001869,51,2023-07-07 12:00:39.001287,72,1.037,0.0011,"aoml_navis",1024.18090481443
"7901009",4,0.25514615733632,1,0.29904,1,0.276612,1,189.915840582277,1,4.8817687191794,74,1,26.8770008087158,36.5190010070801,0.299039989709854,0.285957008600235,183.139495849609,-89.2033,26.745,11.920975120825,63,63,63,63,61,63,0.276612,7816,1.08413155380343,27,-89,0.001869,51,2023-07-07 12:00:39.001287,74,1.037,0.0011,"aoml_navis",1024.21894350629
"7901009",4,0.249974275768692,1,0.293433,1,0.271005,1,190.214807515252,1,4.88160934535233,76,1,26.8299999237061,36.5320014953613,0.293433010578156,0.280349999666214,183.427795410156,-89.2033,26.745,11.920975120825,63,63,63,63,61,63,0.271005,7816,1.08413155380343,27,-89,0.001869,51,2023-07-07 12:00:39.001287,76,1.037,0.0011,"aoml_navis",1024.25238200603
"7901009",4,0.224114867930552,4,0.265398,1,0.24297,1,190.808184247896,1,4.88138917363354,78,1,26.7689990997314,36.5559997558594,0.265397995710373,0.252315014600754,184,-89.2033,26.745,11.920975120825,63,63,63,63,61,63,0.24297,7816,1.08413155380343,27,-89,0.001869,51,2023-07-07 12:00:39.001287,78,1.037,0.0011,"aoml_navis",1024.29858020891
"7901009",4,0.22928674949818,4,0.271005,1,0.248577,1,190.627639487377,1,4.88128454015326,80,1,26.746000289917,36.5639991760254,0.271005004644394,0.257921993732452,183.825897216797,-89.2033,26.745,11.920975120825,63,63,63,63,61,63,0.248577,7816,1.08413155380343,27,-89,0.001869,51,2023-07-07 12:00:39.001287,80,1.037,0.0011,"aoml_navis",1024.32053670918
"7901009",4,0.237906552110893,1,0.28035,1,0.257922,1,189.580796343957,1,4.88117631951797,82,1,26.7229995727539,36.5730018615723,0.280349999666214,0.267266988754272,182.81640625,-89.2033,26.745,11.920975120825,63,63,63,63,61,63,0.257922,7816,1.08413155380343,27,-89,0.001869,51,2023-07-07 12:00:39.001287,82,1.037,0.0011,"aoml_navis",1024.34324693556
"7901009",4,0.275833683606833,1,0.321468,1,0.29904,1,188.660445296558,1,4.8809194213262,84,1,26.632999420166,36.5950012207031,0.321467995643616,0.308385014533997,181.928894042969,-89.2033,26.745,11.920975120825,63,63,63,63,61,63,0.29904,7816,1.08413155380343,27,-89,0.001869,51,2023-07-07 12:00:39.001287,84,1.037,0.0011,"aoml_navis",1024.39716135315
"7901009",4,0.305141012490059,1,0.353241,1,0.330813,1,188.10586749054,1,4.88062025987537,86,1,26.5410003662109,36.6279983520508,0.353240996599197,0.340157985687256,181.394104003906,-89.2033,26.745,11.920975120825,63,63,63,63,61,63,0.330813,7816,1.08413155380343,27,-89,0.001869,51,2023-07-07 12:00:39.001287,86,1.037,0.0011,"aoml_navis",1024.45995258145
"7901009",4,0.389615078094651,1,0.444822,1,0.422394,1,187.042425621986,1,4.88044913252296,88,1,26.4930000305176,36.6440010070801,0.444822013378143,0.431739002466202,180.368606567383,-89.2033,26.745,11.920975120825,63,63,63,63,61,63,0.422394,7816,1.08413155380343,27,-89,0.001869,51,2023-07-07 12:00:39.001287,88,1.037,0.0011,"aoml_navis",1024.49587409494
"7901009",4,0.608558064457575,1,0.682185,1,0.659757,1,184.888768726701,1,4.88014766670025,90,1,26.3159999847412,36.6419982910156,0.682184994220734,0.669102013111115,178.291793823242,-89.2033,26.745,11.920975120825,63,63,63,63,61,63,0.659757,7816,1.08413155380343,27,-89,0.001869,51,2023-07-07 12:00:39.001287,90,1.037,0.0011,"aoml_navis",1024.55916121505
"7901009",4,0.787849958802017,1,0.876561,1,0.854133,1,183.489966152237,1,4.87992046333231,92,1,26.1900005340576,36.640998840332,0.876560986042023,0.863478004932404,176.942901611328,-89.2033,26.745,11.920975120825,63,63,63,63,61,63,0.854133,7816,1.08413155380343,27,-89,0.001869,51,2023-07-07 12:00:39.001287,92,1.037,0.0011,"aoml_navis",1024.60686348681
"7901009",4,0.87921986649678,1,0.975618,1,0.95319,1,183.197328571077,1,4.87966166739821,94,1,26.0209999084473,36.6310005187988,0.975618004798889,0.96253502368927,176.660705566406,-89.2033,26.745,11.920975120825,63,63,63,63,61,63,0.95319,7816,1.08413155380343,27,-89,0.001869,51,2023-07-07 12:00:39.001287,94,1.037,0.0011,"aoml_navis",1024.66120415802
"7901009",4,0.861980261271353,1,0.956928,1,0.9345,1,182.854594170302,1,4.87952196473585,96,1,25.9549999237061,36.6310005187988,0.956928014755249,0.943844974040985,176.330200195312,-89.2033,26.745,11.920975120825,63,63,63,63,61,63,0.9345,7816,1.08413155380343,27,-89,0.001869,51,2023-07-07 12:00:39.001287,96,1.037,0.0011,"aoml_navis",1024.69054061747
"7901009",4,0.784402037756931,1,0.872823,1,0.850395,1,180.541358492385,1,4.87919549248967,98,1,25.9009990692139,36.6879997253418,0.872822999954224,0.859740018844604,174.099502563477,-89.2033,26.745,11.920975120825,63,63,63,63,61,63,0.850395,7816,1.08413155380343,27,-89,0.001869,51,2023-07-07 12:00:39.001287,98,1.037,0.0011,"aoml_navis",1024.75910376952
"7901009",4,0.768886393054047,4,0.856002,1,0.833574,1,178.776893440196,1,4.87903520872657,100,1,25.8859996795654,36.7150001525879,0.856001973152161,0.842918992042542,172.397994995117,-89.2033,26.745,11.920975120825,63,63,63,63,61,63,0.833574,7816,1.08413155380343,27,-89,0.001869,51,2023-07-07 12:00:39.001287,100,1.037,0.0011,"aoml_navis",1024.79276867219
"7901009",4,0.782678077234388,1,0.870954,1,0.848526,1,176.817389411833,1,4.87879849424864,102,1,25.8150005340576,36.7400016784668,0.870953977108002,0.857870995998383,170.508407592773,-89.2033,26.745,11.920975120825,63,63,63,63,61,63,0.848526,7816,1.08413155380343,27,-89,0.001869,51,2023-07-07 12:00:39.001287,102,1.037,0.0011,"aoml_navis",1024.84249060383
"7901009",4,0.799917682459815,1,0.889644,1,0.867216,1,175.377809988301,1,4.87859255453037,104,1,25.738000869751,36.7540016174316,0.889644026756287,0.876560986042023,169.120193481445,-89.2033,26.745,11.920975120825,63,63,63,63,61,63,0.867216,7816,1.08413155380343,27,-89,0.001869,51,2023-07-07 12:00:39.001287,104,1.037,0.0011,"aoml_navis",1024.88575221493
"7901009",4,0.715443616855223,1,0.798063,1,0.775635,1,173.766103842164,1,4.87837880259674,106,1,25.628999710083,36.7569999694824,0.798062980175018,0.784979999065399,167.565994262695,-89.2033,26.745,11.920975120825,63,63,63,63,61,63,0.775635,7816,1.08413155380343,27,-89,0.001869,51,2023-07-07 12:00:39.001287,106,1.037,0.0011,"aoml_navis",1024.93065879561
"7901009",4,0.672344603791655,1,0.751338,1,0.72891,1,172.622500732875,1,4.87815383547298,108,1,25.5170001983643,36.7620010375977,0.751338005065918,0.738255023956299,166.463195800781,-89.2033,26.745,11.920975120825,63,63,63,63,61,63,0.72891,7816,1.08413155380343,27,-89,0.001869,51,2023-07-07 12:00:39.001287,108,1.037,0.0011,"aoml_navis",1024.97792579664
"7901009",4,0.660276880133856,1,0.738255,1,0.715827,1,170.99057230769,1,4.87799647813656,110,1,25.4650001525879,36.7729988098145,0.738255023956299,0.725171983242035,164.889495849609,-89.2033,26.745,11.920975120825,63,63,63,63,61,63,0.715827,7816,1.08413155380343,27,-89,0.001869,51,2023-07-07 12:00:39.001287,110,1.037,0.0011,"aoml_navis",1025.01099014939
"7901009",4,0.60511014341249,1,0.678447,1,0.656019,1,168.305265683336,1,4.87772589103631,112,1,25.3460006713867,36.7879981994629,0.678447008132935,0.665364027023315,162.300003051758,-89.2033,26.745,11.920975120825,63,63,63,63,61,63,0.656019,7816,1.08413155380343,27,-89,0.001869,51,2023-07-07 12:00:39.001287,112,1.037,0.0011,"aoml_navis",1025.06785163725
"7901009",4,0.536151722510781,1,0.603687,1,0.581259,1,167.15813396041,1,4.87729429118418,114,1,25.0949993133545,36.7939987182617,0.603686988353729,0.59060400724411,161.193801879883,-89.2033,26.745,11.920975120825,63,63,63,63,61,63,0.581259,7816,1.08413155380343,27,-89,0.001869,51,2023-07-07 12:00:39.001287,114,1.037,0.0011,"aoml_navis",1025.15856158969
"7901009",4,0.539599643555867,1,0.607425,1,0.584997,1,166.3147320077,1,4.87708383926815,116,1,24.9890003204346,36.7980003356934,0.607424974441528,0.594341993331909,160.380493164062,-89.2033,26.745,11.920975120825,63,63,63,63,61,63,0.584997,7816,1.08413155380343,27,-89,0.001869,51,2023-07-07 12:00:39.001287,116,1.037,0.0011,"aoml_navis",1025.20279838993
"7901009",4,0.527531919898068,1,0.594342,1,0.571914,1,164.926815918357,1,4.87690148211403,118,1,24.9340000152588,36.814998626709,0.594341993331909,0.58125901222229,159.042098999023,-89.2033,26.745,11.920975120825,63,63,63,63,61,63,0.571914,7816,1.08413155380343,27,-89,0.001869,51,2023-07-07 12:00:39.001287,118,1.037,0.0011,"aoml_navis",1025.2411327843
"7901009",4,0.520636077807897,1,0.586866,1,0.564438,1,162.598959437748,1,4.87660705724181,120,1,24.8439998626709,36.8489990234375,0.586866021156311,0.573782980442047,156.797302246094,-89.2033,26.745,11.920975120825,63,63,63,63,61,63,0.564438,7816,1.08413155380343,27,-89,0.001869,51,2023-07-07 12:00:39.001287,120,1.037,0.0011,"aoml_navis",1025.30303165906
"7901009",4,0.498224591014842,1,0.562569,1,0.540141,1,160.585197040952,1,4.87606008213391,122,1,24.6790008544922,36.9230003356934,0.56256902217865,0.549485981464386,154.855392456055,-89.2033,26.745,11.920975120825,63,63,63,63,61,63,0.540141,7816,1.08413155380343,27,-89,0.001869,51,2023-07-07 12:00:39.001287,122,1.037,0.0011,"aoml_navis",1025.41804567179
"7901009",4,0.472365183176701,1,0.534534,1,0.512106,1,159.092656766109,1,4.87584250919392,124,1,24.5669994354248,36.9269981384277,0.534533977508545,0.521450996398926,153.416107177734,-89.2033,26.745,11.920975120825,63,63,63,63,61,63,0.512106,7816,1.08413155380343,27,-89,0.001869,51,2023-07-07 12:00:39.001287,124,1.037,0.0011,"aoml_navis",1025.46380252684
"7901009",4,0.456849538473817,4,0.517713,1,0.495285,1,156.821922685629,1,4.87568309047535,126,1,24.4850006103516,36.9269981384277,0.517713010311127,0.504630029201508,151.22639465332,-89.2033,26.745,11.920975120825,63,63,63,63,61,63,0.495285,7816,1.08413155380343,27,-89,0.001869,51,2023-07-07 12:00:39.001287,126,1.037,0.0011,"aoml_navis",1025.49733180311
"7901009",4,0.472365183176701,1,0.534534,1,0.512106,1,155.480464038607,1,4.87529435811328,128,1,24.2810001373291,36.9420013427734,0.534533977508545,0.521450996398926,149.932800292969,-89.2033,26.745,11.920975120825,63,63,63,63,61,63,0.512106,7816,1.08413155380343,27,-89,0.001869,51,2023-07-07 12:00:39.001287,128,1.037,0.0011,"aoml_navis",1025.57909999407
"7901009",4,0.413750525410249,1,0.470988,1,0.44856,1,155.806805418182,1,4.87514580396144,130,1,24.2110004425049,36.9440002441406,0.470988005399704,0.457904994487762,150.247497558594,-89.2033,26.745,11.920975120825,63,63,63,63,61,63,0.44856,7816,1.08413155380343,27,-89,0.001869,51,2023-07-07 12:00:39.001287,130,1.037,0.0011,"aoml_navis",1025.6103511688
"7901009",4,0.389615078094651,1,0.444822,1,0.422394,1,157.222934593239,1,4.8750502184168,132,1,24.1100006103516,36.9189987182617,0.444822013378143,0.431739002466202,151.613098144531,-89.2033,26.745,11.920975120825,63,63,63,63,61,63,0.422394,7816,1.08413155380343,27,-89,0.001869,51,2023-07-07 12:00:39.001287,132,1.037,0.0011,"aoml_navis",1025.63046040247
"7901009",4,0.348240025553627,1,0.399966,1,0.377538,1,159.244988440913,1,4.87488638212624,134,1,23.8850002288818,36.8639984130859,0.39996600151062,0.386882990598679,153.563003540039,-89.2033,26.745,11.920975120825,63,63,63,63,61,63,0.377538,7816,1.08413155380343,27,-89,0.001869,51,2023-07-07 12:00:39.001287,134,1.037,0.0011,"aoml_navis",1025.66493002432
"7901009",4,0.322380617715486,1,0.371931,1,0.349503,1,161.803375737999,1,4.87464182599921,136,1,23.511999130249,36.773998260498,0.371930986642838,0.358848005533218,156.03010559082,-89.2033,26.745,11.920975120825,63,63,63,63,61,63,0.349503,7816,1.08413155380343,27,-89,0.001869,51,2023-07-07 12:00:39.001287,136,1.037,0.0011,"aoml_navis",1025.71638665475
"7901009",4,0.294797249354803,4,0.342027,1,0.319599,1,165.507011775846,1,4.87450772782263,138,1,23.2709999084473,36.7060012817383,0.342027008533478,0.328943997621536,159.601593017578,-89.2033,26.745,11.920975120825,63,63,63,63,61,63,0.319599,7816,1.08413155380343,27,-89,0.001869,51,2023-07-07 12:00:39.001287,138,1.037,0.0011,"aoml_navis",1025.74460421123
"7901009",4,0.299969130922431,4,0.347634,1,0.325206,1,171.875447338167,1,4.87423335854499,140,1,22.8020000457764,36.5900001525879,0.347633987665176,0.334551006555557,165.742797851562,-89.2033,26.745,11.920975120825,63,63,63,63,61,63,0.325206,7816,1.08413155380343,27,-89,0.001869,51,2023-07-07 12:00:39.001287,140,1.037,0.0011,"aoml_navis",1025.80234309761
"7901009",4,0.313760815102772,1,0.362586,1,0.340158,1,174.235140458405,1,4.87404449516433,142,1,22.4869995117188,36.5110015869141,0.362585991621017,0.349503010511398,168.018295288086,-89.2033,26.745,11.920975120825,63,63,63,63,61,63,0.340158,7816,1.08413155380343,27,-89,0.001869,51,2023-07-07 12:00:39.001287,142,1.037,0.0011,"aoml_navis",1025.84209170857
"7901009",4,0.320656657192943,1,0.370062,1,0.347634,1,174.785176954496,1,4.8739720579954,144,1,22.3530006408691,36.4690017700195,0.370061993598938,0.356979012489319,168.548706054688,-89.2033,26.745,11.920975120825,63,63,63,63,61,63,0.347634,7816,1.08413155380343,27,-89,0.001869,51,2023-07-07 12:00:39.001287,144,1.037,0.0011,"aoml_navis",1025.85733781503
"7901009",4,0.306864973012602,1,0.35511,1,0.332682,1,173.524480836632,1,4.87379231708333,146,1,22.2590007781982,36.4720001220703,0.355109989643097,0.342027008533478,167.332992553711,-89.2033,26.745,11.920975120825,63,63,63,63,61,63,0.332682,7816,1.08413155380343,27,-89,0.001869,51,2023-07-07 12:00:39.001287,146,1.037,0.0011,"aoml_navis",1025.89517047624
"7901009",4,0.308588933535144,4,0.356979,1,0.334551,1,166.804101666646,1,4.87354632812636,148,1,22.2169990539551,36.5130004882812,0.356979012489319,0.343896001577377,160.852401733398,-89.2033,26.745,11.920975120825,63,63,63,63,61,63,0.334551,7816,1.08413155380343,27,-89,0.001869,51,2023-07-07 12:00:39.001287,148,1.037,0.0011,"aoml_navis",1025.94695184159
"7901009",4,0.322380617715486,1,0.371931,1,0.349503,1,157.887959588427,1,4.87337841255842,150,1,22.3649997711182,36.6040000915527,0.371930986642838,0.358848005533218,152.25439453125,-89.2033,26.745,11.920975120825,63,63,63,63,61,63,0.349503,7816,1.08413155380343,27,-89,0.001869,51,2023-07-07 12:00:39.001287,150,1.037,0.0011,"aoml_navis",1025.98230154163
"7901009",4,0.353411907121255,1,0.405573,1,0.383145,1,152.292306235942,1,4.87317183220281,152,1,22.4839992523193,36.6949996948242,0.405573010444641,0.3924899995327,146.8583984375,-89.2033,26.745,11.920975120825,63,63,63,63,61,63,0.383145,7816,1.08413155380343,27,-89,0.001869,51,2023-07-07 12:00:39.001287,152,1.037,0.0011,"aoml_navis",1026.02579432128
"7901009",4,0.334448341373285,1,0.385014,1,0.362586,1,149.342764996698,1,4.87297057074101,154,1,22.4379997253418,36.7220001220703,0.385013997554779,0.371930986642838,144.014099121094,-89.2033,26.745,11.920975120825,63,63,63,63,61,63,0.362586,7816,1.08413155380343,27,-89,0.001869,51,2023-07-07 12:00:39.001287,154,1.037,0.0011,"aoml_navis",1026.06817082412
"7901009",4,0.334448341373285,4,0.385014,1,0.362586,1,149.811801612938,1,4.87261001507929,156,1,22.1450004577637,36.7000007629395,0.385013997554779,0.371930986642838,144.466400146484,-89.2033,26.745,11.920975120825,63,63,63,63,61,63,0.362586,7816,1.08413155380343,27,-89,0.001869,51,2023-07-07 12:00:39.001287,156,1.037,0.0011,"aoml_navis",1026.14409618797
"7901009",4,0.351687946598712,1,0.403704,1,0.381276,1,149.86882907279,1,4.87239349850741,158,1,21.9109992980957,36.6609992980957,0.403703987598419,0.3906210064888,144.521392822266,-89.2033,26.745,11.920975120825,63,63,63,63,61,63,0.381276,7816,1.08413155380343,27,-89,0.001869,51,2023-07-07 12:00:39.001287,158,1.037,0.0011,"aoml_navis",1026.18969537901
"7901009",4,0.355135867643797,1,0.407442,1,0.385014,1,149.240213673917,1,4.87211259434886,160,1,21.6919994354248,36.6459999084473,0.407442003488541,0.394358992576599,143.91520690918,-89.2033,26.745,11.920975120825,63,63,63,63,61,63,0.385014,7816,1.08413155380343,27,-89,0.001869,51,2023-07-07 12:00:39.001287,160,1.037,0.0011,"aoml_navis",1026.24886087392
"7901009",4,0.341344183463456,1,0.39249,1,0.370062,1,148.112876998793,1,4.87186385114746,162,1,21.5960006713867,36.6679992675781,0.3924899995327,0.379406988620758,142.828094482422,-89.2033,26.745,11.920975120825,63,63,63,63,61,63,0.370062,7816,1.08413155380343,27,-89,0.001869,51,2023-07-07 12:00:39.001287,162,1.037,0.0011,"aoml_navis",1026.30125815654
"7901009",4,0.289625367787175,1,0.33642,1,0.313992,1,150.998238610634,1,4.87149124649364,164,1,21.5259990692139,36.734001159668,0.336419999599457,0.323336988687515,145.610504150391,-89.2033,26.745,11.920975120825,63,63,63,63,61,63,0.313992,7816,1.08413155380343,27,-89,0.001869,51,2023-07-07 12:00:39.001287,164,1.037,0.0011,"aoml_navis",1026.37975662973
"7901009",4,0.275833683606833,1,0.321468,1,0.29904,1,152.70399892474,1,4.87114902533637,166,1,21.4379997253418,36.7849998474121,0.321467995643616,0.308385014533997,147.255401611328,-89.2033,26.745,11.920975120825,63,63,63,63,61,63,0.29904,7816,1.08413155380343,27,-89,0.001869,51,2023-07-07 12:00:39.001287,166,1.037,0.0011,"aoml_navis",1026.45186464085
"7901009",4,0.268937841516662,1,0.313992,1,0.291564,1,149.798003625982,1,4.87085794567007,168,1,21.2329998016357,36.7789993286133,0.313991993665695,0.300909012556076,144.453094482422,-89.2033,26.745,11.920975120825,63,63,63,63,61,63,0.291564,7816,1.08413155380343,27,-89,0.001869,51,2023-07-07 12:00:39.001287,168,1.037,0.0011,"aoml_navis",1026.51320481328
"7901009",4,0.263765959949034,1,0.308385,1,0.285957,1,147.473786522666,1,4.87068659000091,170,1,21.136999130249,36.7799987792969,0.308385014533997,0.295302003622055,142.211807250977,-89.2033,26.745,11.920975120825,63,63,63,63,61,63,0.285957,7816,1.08413155380343,27,-89,0.001869,51,2023-07-07 12:00:39.001287,170,1.037,0.0011,"aoml_navis",1026.54931858366
"7901009",4,0.244802394201064,1,0.287826,1,0.265398,1,145.316395309811,1,4.87044538252712,172,1,20.9599990844727,36.7709999084473,0.287826001644135,0.274742990732193,140.131393432617,-89.2033,26.745,11.920975120825,63,63,63,63,61,63,0.265398,7816,1.08413155380343,27,-89,0.001869,51,2023-07-07 12:00:39.001287,172,1.037,0.0011,"aoml_navis",1026.60015815754
"7901009",4,0.24825031524615,1,0.291564,1,0.269136,1,141.179072085609,1,4.87030836634797,174,1,20.8369998931885,36.7529983520508,0.291563987731934,0.278481006622314,136.141693115234,-89.2033,26.745,11.920975120825,63,63,63,63,61,63,0.269136,7816,1.08413155380343,27,-89,0.001869,51,2023-07-07 12:00:39.001287,174,1.037,0.0011,"aoml_navis",1026.62903945634
"7901009",4,0.249974275768692,1,0.293433,1,0.271005,1,136.869305671212,1,4.87007605296227,176,1,20.5650005340576,36.7080001831055,0.293433010578156,0.280349999666214,131.985702514648,-89.2033,26.745,11.920975120825,63,63,63,63,61,63,0.271005,7816,1.08413155380343,27,-89,0.001869,51,2023-07-07 12:00:39.001287,176,1.037,0.0011,"aoml_navis",1026.67801192934
"7901009",4,0.25514615733632,1,0.29904,1,0.276612,1,134.810130175144,1,4.86981638241106,178,1,20.2749996185303,36.6650009155273,0.299039989709854,0.285957008600235,130,-89.2033,26.745,11.920975120825,63,63,63,63,61,63,0.276612,7816,1.08413155380343,27,-89,0.001869,51,2023-07-07 12:00:39.001287,178,1.037,0.0011,"aoml_navis",1026.73275691854
"7901009",4,0.262041999426491,1,0.306516,1,0.284088,1,133.085176101659,1,4.86956670530137,180,1,20.0809993743896,36.6539993286133,0.306515991687775,0.293433010578156,128.33659362793,-89.2033,26.745,11.920975120825,63,63,63,63,61,63,0.284088,7816,1.08413155380343,27,-89,0.001869,51,2023-07-07 12:00:39.001287,180,1.037,0.0011,"aoml_navis",1026.7854005484
"7901009",4,0.213771104795295,1,0.254184,1,0.231756,1,132.316452588675,1,4.86931734449658,182,1,19.8490009307861,36.6300010681152,0.254184007644653,0.241100996732712,127.59529876709,-89.2033,26.745,11.920975120825,63,63,63,63,61,63,0.231756,7816,1.08413155380343,27,-89,0.001869,51,2023-07-07 12:00:39.001287,182,1.037,0.0011,"aoml_navis",1026.83798287477
"7901009",4,0.198255460092411,1,0.237363,1,0.214935,1,131.560996979432,1,4.86917780178107,184,1,19.7770004272461,36.6319999694824,0.237362995743752,0.224279999732971,126.866798400879,-89.2033,26.745,11.920975120825,63,63,63,63,61,63,0.214935,7816,1.08413155380343,27,-89,0.001869,51,2023-07-07 12:00:39.001287,184,1.037,0.0011,"aoml_navis",1026.86741038109
"7901009",4,0.187911696957155,1,0.226149,1,0.203721,1,130.228138339189,1,4.86907127647016,186,1,19.6879997253418,36.6189994812012,0.226148992776871,0.21306599676609,125.581497192383,-89.2033,26.745,11.920975120825,63,63,63,63,61,63,0.203721,7816,1.08413155380343,27,-89,0.001869,51,2023-07-07 12:00:39.001287,186,1.037,0.0011,"aoml_navis",1026.88987613769
"7901009",4,0.174120012776813,1,0.211197,1,0.188769,1,128.712147815872,1,4.86888981837585,188,1,19.5160007476807,36.5979995727539,0.211197003722191,0.198113992810249,124.119598388672,-89.2033,26.745,11.920975120825,63,63,63,63,61,63,0.188769,7816,1.08413155380343,27,-89,0.001869,51,2023-07-07 12:00:39.001287,188,1.037,0.0011,"aoml_navis",1026.9281471783
"7901009",4,0.167224170686642,1,0.203721,1,0.181293,1,128.126556185961,1,4.86873672972001,190,1,19.3600006103516,36.5750007629395,0.20372100174427,0.19063800573349,123.554901123047,-89.2033,26.745,11.920975120825,63,63,63,63,61,63,0.181293,7816,1.08413155380343,27,-89,0.001869,51,2023-07-07 12:00:39.001287,190,1.037,0.0011,"aoml_navis",1026.96043708396
"7901009",4,0.163776249641557,1,0.199983,1,0.177555,1,126.423485846377,1,4.86863632161681,192,1,19.2660007476807,36.5589981079102,0.19998300075531,0.18690000474453,121.91259765625,-89.2033,26.745,11.920975120825,63,63,63,63,61,63,0.177555,7816,1.08413155380343,27,-89,0.001869,51,2023-07-07 12:00:39.001287,192,1.037,0.0011,"aoml_navis",1026.98161655656
"7901009",4,0.134468920758331,1,0.16821,1,0.145782,1,122.390383311497,1,4.86845168751089,194,1,19.0510005950928,36.5250015258789,0.168209999799728,0.155127003788948,118.023399353027,-89.2033,26.745,11.920975120825,63,63,63,63,61,63,0.145782,7816,1.08413155380343,27,-89,0.001869,51,2023-07-07 12:00:39.001287,194,1.037,0.0011,"aoml_navis",1027.02056442843
"7901009",4,0.0948178287398488,1,0.125223,1,0.102795,1,119.26963310566,1,4.86820568996397,196,1,18.7339992523193,36.4739990234375,0.125222995877266,0.112139999866486,115.013999938965,-89.2033,26.745,11.920975120825,63,63,63,63,61,63,0.102795,7816,1.08413155380343,27,-89,0.001869,51,2023-07-07 12:00:39.001287,196,1.037,0.0011,"aoml_navis",1027.07246127823
"7901009",4,0.0741303024693363,1,0.102795,1,0.080367,1,119.97935914804,1,4.86806844923483,198,1,18.5809993743896,36.4490013122559,0.102794997394085,0.0897120013833046,115.698402404785,-89.2033,26.745,11.920975120825,63,63,63,63,61,63,0.080367,7816,1.08413155380343,27,-89,0.001869,51,2023-07-07 12:00:39.001287,198,1.037,0.0011,"aoml_navis",1027.10141653532
"7901009",4,0.0482708946311958,1,0.07476,1,0.052332,1,121.61626402609,1,4.8679287506898,200,1,18.4939994812012,36.4469985961914,0.0747599974274635,0.0616770014166832,117.276901245117,-89.2033,26.745,11.920975120825,63,63,63,63,61,63,0.052332,7816,1.08413155380343,27,-89,0.001869,51,2023-07-07 12:00:39.001287,200,1.037,0.0011,"aoml_navis",1027.13089202291
"7901009",4,0.0362031709733968,1,0.061677,1,0.039249,1,121.788817979943,1,4.86782926958938,202,1,18.4519996643066,36.4490013122559,0.0616770014166832,0.0485940016806126,117.443298339844,-89.2033,26.745,11.920975120825,63,63,63,63,61,63,0.039249,7816,1.08413155380343,27,-89,0.001869,51,2023-07-07 12:00:39.001287,202,1.037,0.0011,"aoml_navis",1027.15188292168
"7901009",4,0.029307328883226,1,0.054201,1,0.031773,1,121.051306083095,1,4.86776250451181,204,1,18.4220008850098,36.4459991455078,0.0542009994387627,0.041117999702692,116.73210144043,-89.2033,26.745,11.920975120825,63,63,63,63,61,63,0.031773,7816,1.08413155380343,27,-89,0.001869,51,2023-07-07 12:00:39.001287,204,1.037,0.0011,"aoml_navis",1027.16597109362
"7901009",4,0.0258594078381406,1,0.050463,1,0.028035,1,119.646688416651,1,4.8676174175343,206,1,18.2880001068115,36.4300003051758,0.0504629984498024,0.0373799987137318,115.377601623535,-89.2033,26.745,11.920975120825,63,63,63,63,61,63,0.028035,7816,1.08413155380343,27,-89,0.001869,51,2023-07-07 12:00:39.001287,206,1.037,0.0011,"aoml_navis",1027.19658738767
"7901009",4,0.0258594078381406,1,0.050463,1,0.028035,1,119.095520548923,1,4.86746725190907,208,1,18.1310005187988,36.4080009460449,0.0504629984498024,0.0373799987137318,114.846099853516,-89.2033,26.745,11.920975120825,63,63,63,63,61,63,0.028035,7816,1.08413155380343,27,-89,0.001869,51,2023-07-07 12:00:39.001287,208,1.037,0.0011,"aoml_navis",1027.2282773015
"7901009",4,0.0327552499283114,1,0.057939,1,0.035511,1,118.996276312466,1,4.86736290484402,210,1,18.0450000762939,36.3969993591309,0.0579390004277229,0.0448560006916523,114.750396728516,-89.2033,26.745,11.920975120825,63,63,63,63,61,63,0.035511,7816,1.08413155380343,27,-89,0.001869,51,2023-07-07 12:00:39.001287,210,1.037,0.0011,"aoml_navis",1027.25029913508
"7901009",4,0.0344792104508541,1,0.059808,1,0.03738,1,119.253770167674,1,4.86722331455193,212,1,17.9200000762939,36.382999420166,0.0598080009222031,0.0467250011861324,114.99870300293,-89.2033,26.745,11.920975120825,63,63,63,63,61,63,0.03738,7816,1.08413155380343,27,-89,0.001869,51,2023-07-07 12:00:39.001287,212,1.037,0.0011,"aoml_navis",1027.27976032065
"7901009",4,0.0258594078381406,1,0.050463,1,0.028035,1,119.869434130396,1,4.86712540883978,214,1,17.8479995727539,36.375,0.0504629984498024,0.0373799987137318,115.592399597168,-89.2033,26.745,11.920975120825,63,63,63,63,61,63,0.028035,7816,1.08413155380343,27,-89,0.001869,51,2023-07-07 12:00:39.001287,214,1.037,0.0011,"aoml_navis",1027.3004247885
"7901009",4,0.0258594078381406,1,0.050463,1,0.028035,1,120.61047464088,1,4.86703710428851,216,1,17.7870006561279,36.3680000305176,0.0504629984498024,0.0373799987137318,116.306999206543,-89.2033,26.745,11.920975120825,63,63,63,63,61,63,0.028035,7816,1.08413155380343,27,-89,0.001869,51,2023-07-07 12:00:39.001287,216,1.037,0.0011,"aoml_navis",1027.31906350053
"7901009",4,0.0206875262705125,1,0.044856,1,0.022428,1,121.113420759469,1,4.86695366842039,218,1,17.7299995422363,36.3610000610352,0.0448560006916523,0.0317730009555817,116.791999816895,-89.2033,26.745,11.920975120825,63,63,63,63,61,63,0.022428,7816,1.08413155380343,27,-89,0.001869,51,2023-07-07 12:00:39.001287,218,1.037,0.0011,"aoml_navis",1027.33667518614
"7901009",4,0.0120677236577989,1,0.035511,1,0.013083,1,120.334839281032,1,4.86685394281897,220,1,17.6560001373291,36.3530006408691,0.0355109982192516,0.0224280003458261,116.041198730469,-89.2033,26.745,11.920975120825,63,63,63,63,61,63,0.013083,7816,1.08413155380343,27,-89,0.001869,51,2023-07-07 12:00:39.001287,220,1.037,0.0011,"aoml_navis",1027.35772610918
"7901009",4,0.00689584209017082,1,0.029904,1,0.007476,1,120.05422746832,1,4.86671801749626,222,1,17.5170001983643,36.3339996337891,0.0299040004611015,0.0168210007250309,115.770599365234,-89.2033,26.745,11.920975120825,63,63,63,63,61,63,0.007476,7816,1.08413155380343,27,-89,0.001869,51,2023-07-07 12:00:39.001287,222,1.037,0.0011,"aoml_navis",1027.38641976473
"7901009",4,0.00861980261271353,1,0.031773,1,0.009345,1,119.686816507157,1,4.86663073946721,224,1,17.4500007629395,36.3250007629395,0.0317730009555817,0.0186899993568659,115.416297912598,-89.2033,26.745,11.920975120825,63,63,63,63,61,63,0.009345,7816,1.08413155380343,27,-89,0.001869,51,2023-07-07 12:00:39.001287,224,1.037,0.0011,"aoml_navis",1027.40484488605
"7901009",4,0.0120677236577989,1,0.035511,1,0.013083,1,118.708512332203,1,4.86653364979291,226,1,17.3619995117188,36.3120002746582,0.0355109982192516,0.0224280003458261,114.472900390625,-89.2033,26.745,11.920975120825,63,63,63,63,61,63,0.013083,7816,1.08413155380343,27,-89,0.001869,51,2023-07-07 12:00:39.001287,226,1.037,0.0011,"aoml_navis",1027.42534210418
"7901009",4,0.0103437631352562,1,0.033642,1,0.011214,1,118.359353639336,1,4.86641158039189,228,1,17.246000289917,36.2970008850098,0.0336420014500618,0.020558999851346,114.136199951172,-89.2033,26.745,11.920975120825,63,63,63,63,61,63,0.011214,7816,1.08413155380343,27,-89,0.001869,51,2023-07-07 12:00:39.001287,228,1.037,0.0011,"aoml_navis",1027.45111411176
"7901009",4,0.0137916841803416,1,0.03738,1,0.014952,1,118.514383200352,1,4.86635140623124,230,1,17.2080001831055,36.2900009155273,0.0373799987137318,0.0242970008403063,114.285697937012,-89.2033,26.745,11.920975120825,63,63,63,63,61,63,0.014952,7816,1.08413155380343,27,-89,0.001869,51,2023-07-07 12:00:39.001287,230,1.037,0.0011,"aoml_navis",1027.4638189091
"7901009",4,0.0155156447028843,1,0.039249,1,0.016821,1,118.854214010981,1,4.86627174439071,232,1,17.1499996185303,36.2820014953613,0.0392489992082119,0.0261659994721413,114.613403320312,-89.2033,26.745,11.920975120825,63,63,63,63,61,63,0.016821,7816,1.08413155380343,27,-89,0.001869,51,2023-07-07 12:00:39.001287,232,1.037,0.0011,"aoml_navis",1027.48063869706
"7901009",4,0.0103437631352562,1,0.033642,1,0.011214,1,119.130260778697,1,4.86617291549682,234,1,17.0690002441406,36.2719993591309,0.0336420014500618,0.020558999851346,114.879600524902,-89.2033,26.745,11.920975120825,63,63,63,63,61,63,0.011214,7816,1.08413155380343,27,-89,0.001869,51,2023-07-07 12:00:39.001287,234,1.037,0.0011,"aoml_navis",1027.50150617891
"7901009",4,0.00689584209017082,1,0.029904,1,0.007476,1,119.48947522926,1,4.86609570763231,236,1,17.0160007476807,36.2649993896484,0.0299040004611015,0.0168210007250309,115.225997924805,-89.2033,26.745,11.920975120825,63,63,63,63,61,63,0.007476,7816,1.08413155380343,27,-89,0.001869,51,2023-07-07 12:00:39.001287,236,1.037,0.0011,"aoml_navis",1027.51780902247
"7901009",4,0.00172396052254271,1,0.024297,1,0.001869,1,120.120179314231,1,4.86603834860608,238,1,16.9769992828369,36.2569999694824,0.0242970008403063,0.0112140001729131,115.834197998047,-89.2033,26.745,11.920975120825,63,63,63,63,61,63,0.001869,7816,1.08413155380343,27,-89,0.001869,51,2023-07-07 12:00:39.001287,238,1.037,0.0011,"aoml_navis",1027.52992101517
"7901009",4,0,1,0.022428,1,0,1,121.240767317984,1,4.86595498922623,240,1,16.9090003967285,36.2470016479492,0.0224280003458261,0.00934499967843294,116.91480255127,-89.2033,26.745,11.920975120825,63,63,63,63,61,63,0,7816,1.08413155380343,27,-89,0.001869,51,2023-07-07 12:00:39.001287,240,1.037,0.0011,"aoml_navis",1027.54752377911
"7901009",4,0.0103437631352562,1,0.033642,1,0.011214,1,123.350332366188,1,4.86581716092284,242,1,16.7709999084473,36.2299995422363,0.0336420014500618,0.020558999851346,118.949096679688,-89.2033,26.745,11.920975120825,63,63,63,63,61,63,0.011214,7816,1.08413155380343,27,-89,0.001869,51,2023-07-07 12:00:39.001287,242,1.037,0.0011,"aoml_navis",1027.57662991425
"7901009",4,0.0137916841803416,1,0.03738,1,0.014952,1,121.588264555999,1,4.86570491391032,244,1,16.6580009460449,36.2140007019043,0.0373799987137318,0.0242970008403063,117.249900817871,-89.2033,26.745,11.920975120825,63,63,63,63,61,63,0.014952,7816,1.08413155380343,27,-89,0.001869,51,2023-07-07 12:00:39.001287,244,1.037,0.0011,"aoml_navis",1027.60033509343
"7901009",4,0.0103437631352562,1,0.033642,1,0.011214,1,119.124967858242,1,4.86563061706469,246,1,16.5939998626709,36.2029991149902,0.0336420014500618,0.020558999851346,114.874496459961,-89.2033,26.745,11.920975120825,63,63,63,63,61,63,0.011214,7816,1.08413155380343,27,-89,0.001869,51,2023-07-07 12:00:39.001287,246,1.037,0.0011,"aoml_navis",1027.61602626884
"7901009",4,0.00344792104508541,1,0.026166,1,0.003738,1,116.991137657517,1,4.8655372870231,248,1,16.4969997406006,36.1870002746582,0.0261659994721413,0.0130829997360706,112.816802978516,-89.2033,26.745,11.920975120825,63,63,63,63,61,63,0.003738,7816,1.08413155380343,27,-89,0.001869,51,2023-07-07 12:00:39.001287,248,1.037,0.0011,"aoml_navis",1027.63573785274
"7901009",4,-0.00517188156762812,1,0.016821,1,-0.005607,1,116.727322362184,1,4.86540613120906,250,1,16.3369998931885,36.1619987487793,0.0168210007250309,0.00373800005763769,112.562400817871,-89.2033,26.745,11.920975120825,63,63,63,63,61,63,-0.005607,7816,1.08413155380343,27,-89,0.001869,51,2023-07-07 12:00:39.001287,250,1.037,0.0011,"aoml_navis",1027.66343963099
"7901009",4,-0.00517188156762812,1,0.016821,1,-0.005607,1,117.386231621181,1,4.86530572401788,252,1,16.2360000610352,36.1469993591309,0.0168210007250309,0.00373800005763769,113.197799682617,-89.2033,26.745,11.920975120825,63,63,63,63,61,63,-0.005607,7816,1.08413155380343,27,-89,0.001869,51,2023-07-07 12:00:39.001287,252,1.037,0.0011,"aoml_navis",1027.68464791785
"7901009",4,-0.00344792104508541,1,0.01869,1,-0.003738,1,118.77322204282,1,4.86519569414087,254,1,16.1259994506836,36.1319999694824,0.0186899993568659,0.00560700008645654,114.535301208496,-89.2033,26.745,11.920975120825,63,63,63,63,61,63,-0.003738,7816,1.08413155380343,27,-89,0.001869,51,2023-07-07 12:00:39.001287,254,1.037,0.0011,"aoml_navis",1027.70788974048
"7901009",4,0,1,0.022428,1,0,1,121.045396050838,1,4.86511662201903,256,1,16.0629997253418,36.1230010986328,0.0224280003458261,0.00934499967843294,116.726402282715,-89.2033,26.745,11.920975120825,63,63,63,63,61,63,0,7816,1.08413155380343,27,-89,0.001869,51,2023-07-07 12:00:39.001287,256,1.037,0.0011,"aoml_navis",1027.72459294614
"7901009",4,-0.00344792104508541,1,0.01869,1,-0.003738,1,123.280756966363,1,4.8650337725486,258,1,16.0030002593994,36.1160011291504,0.0186899993568659,0.00560700008645654,118.88200378418,-89.2033,26.745,11.920975120825,63,63,63,63,61,63,-0.003738,7816,1.08413155380343,27,-89,0.001869,51,2023-07-07 12:00:39.001287,258,1.037,0.0011,"aoml_navis",1027.7420946619
"7901009",4,-0.00517188156762812,1,0.016821,1,-0.005607,1,123.913945321922,1,4.86497756407273,260,1,15.9799995422363,36.1129989624023,0.0168210007250309,0.00373800005763769,119.492599487305,-89.2033,26.745,11.920975120825,63,63,63,63,61,63,-0.005607,7816,1.08413155380343,27,-89,0.001869,51,2023-07-07 12:00:39.001287,260,1.037,0.0011,"aoml_navis",1027.75396888249
"7901009",4,0,1,0.01869,1,-0.003738,1,123.598181871568,1,4.86491310902424,262,1,15.9429998397827,36.1080017089844,0.0186899993568659,0,119.188102722168,-89.2033,26.745,11.920975120825,63,63,63,63,61,63,0,7816,1.08413155380343,27,-89,0.001869,51,2023-07-07 12:00:39.001287,262,1.037,0.0011,"aoml_navis",1027.76758555568
"7901009",4,0,1,0.016821,1,-0.005607,1,123.689957472884,1,4.86483261320843,264,1,15.875,36.0979995727539,0.0168210007250309,0,119.27660369873,-89.2033,26.745,11.920975120825,63,63,63,63,61,63,0,7816,1.08413155380343,27,-89,0.001869,51,2023-07-07 12:00:39.001287,264,1.037,0.0011,"aoml_navis",1027.78459148308
"7901009",4,0,1,0.014952,1,-0.007476,1,123.473944607132,1,4.86477117673099,266,1,15.8339996337891,36.0909996032715,0.0149520002305508,0,119.068298339844,-89.2033,26.745,11.920975120825,63,63,63,63,61,63,0,7816,1.08413155380343,27,-89,0.001869,51,2023-07-07 12:00:39.001287,266,1.037,0.0011,"aoml_navis",1027.79757122305
"7901009",4,0,1,0.016821,1,-0.005607,1,122.93864758908,1,4.86468834195575,268,1,15.7569999694824,36.0789985656738,0.0168210007250309,0,118.552101135254,-89.2033,26.745,11.920975120825,63,63,63,63,61,63,0,7816,1.08413155380343,27,-89,0.001869,51,2023-07-07 12:00:39.001287,268,1.037,0.0011,"aoml_navis",1027.81507231969
"7901009",4,0,1,0.020559,1,-0.001869,1,121.693933084548,1,4.86461974455011,270,1,15.706000328064,36.0709991455078,0.020558999851346,0,117.35179901123,-89.2033,26.745,11.920975120825,63,63,63,63,61,63,0,7816,1.08413155380343,27,-89,0.001869,51,2023-07-07 12:00:39.001287,270,1.037,0.0011,"aoml_navis",1027.82956583638
"7901009",4,0,1,0.01869,1,-0.003738,1,119.5954602254,1,4.86456989874487,272,1,15.6719999313354,36.0629997253418,0.0186899993568659,0,115.328201293945,-89.2033,26.745,11.920975120825,63,63,63,63,61,63,0,7816,1.08413155380343,27,-89,0.001869,51,2023-07-07 12:00:39.001287,272,1.037,0.0011,"aoml_navis",1027.84009770115
"7901009",4,0,1,0.024297,1,0.001869,1,118.779962802503,1,4.86447769956575,274,1,15.576000213623,36.0480003356934,0.0242970008403063,0,114.541801452637,-89.2033,26.745,11.920975120825,63,63,63,63,61,63,0,7816,1.08413155380343,27,-89,0.001869,51,2023-07-07 12:00:39.001287,274,1.037,0.0011,"aoml_navis",1027.85957893205
"7901009",4,0,1,0.016821,1,-0.005607,1,118.653858379282,1,4.86439314233248,276,1,15.4899997711182,36.0340003967285,0.0168210007250309,0,114.420196533203,-89.2033,26.745,11.920975120825,63,63,63,63,61,63,0,7816,1.08413155380343,27,-89,0.001869,51,2023-07-07 12:00:39.001287,276,1.037,0.0011,"aoml_navis",1027.87744610677
"7901009",4,0,1,0.014952,1,-0.007476,1,118.082270440261,1,4.86432760943974,278,1,15.4479999542236,36.0279998779297,0.0149520002305508,0,113.869003295898,-89.2033,26.745,11.920975120825,63,63,63,63,61,63,0,7816,1.08413155380343,27,-89,0.001869,51,2023-07-07 12:00:39.001287,278,1.037,0.0011,"aoml_navis",1027.89129381355
"7901009",4,0,1,0.020559,1,-0.001869,1,117.755612593096,1,4.86425103282908,280,1,15.378999710083,36.0169982910156,0.020558999851346,0,113.554000854492,-89.2033,26.745,11.920975120825,63,63,63,63,61,63,0,7816,1.08413155380343,27,-89,0.001869,51,2023-07-07 12:00:39.001287,280,1.037,0.0011,"aoml_navis",1027.90747563289
"7901009",4,0,1,0.020559,1,-0.001869,1,117.225394879875,1,4.86420657869636,282,1,15.3629999160767,36.0130004882812,0.020558999851346,0,113.042701721191,-89.2033,26.745,11.920975120825,63,63,63,63,61,63,0,7816,1.08413155380343,27,-89,0.001869,51,2023-07-07 12:00:39.001287,282,1.037,0.0011,"aoml_navis",1027.91686971075
"7901009",4,0,1,0.01869,1,-0.003738,1,116.974230376482,1,4.86411480857923,284,1,15.2729997634888,36,0.0186899993568659,0,112.800498962402,-89.2033,26.745,11.920975120825,63,63,63,63,61,63,0,7816,1.08413155380343,27,-89,0.001869,51,2023-07-07 12:00:39.001287,284,1.037,0.0011,"aoml_navis",1027.93626317806
"7901009",4,0,1,0.01869,1,-0.003738,1,117.096181162575,1,4.86403374204123,286,1,15.1960000991821,35.9879989624023,0.0186899993568659,0,112.918098449707,-89.2033,26.745,11.920975120825,63,63,63,63,61,63,0,7816,1.08413155380343,27,-89,0.001869,51,2023-07-07 12:00:39.001287,286,1.037,0.0011,"aoml_navis",1027.95339530307
"7901009",4,0,1,0.022428,1,0,1,117.26386942722,1,4.86397903594437,288,1,15.1669998168945,35.9830017089844,0.0224280003458261,0,113.079803466797,-89.2033,26.745,11.920975120825,63,63,63,63,61,63,0,7816,1.08413155380343,27,-89,0.001869,51,2023-07-07 12:00:39.001287,288,1.037,0.0011,"aoml_navis",1027.96495689033
"7901009",4,0,1,0.020559,1,-0.001869,1,117.726885247546,1,4.86392975243747,290,1,15.1429996490479,35.9780006408691,0.020558999851346,0,113.526298522949,-89.2033,26.745,11.920975120825,63,63,63,63,61,63,0,7816,1.08413155380343,27,-89,0.001869,51,2023-07-07 12:00:39.001287,290,1.037,0.0011,"aoml_navis",1027.97537269002
"7901009",4,0,1,0.01869,1,-0.003738,1,118.126647108173,1,4.86387809962521,292,1,15.1099996566772,35.9710006713867,0.0186899993568659,0,113.911796569824,-89.2033,26.745,11.920975120825,63,63,63,63,61,63,0,7816,1.08413155380343,27,-89,0.001869,51,2023-07-07 12:00:39.001287,292,1.037,0.0011,"aoml_navis",1027.986289456
"7901009",4,0,1,0.016821,1,-0.005607,1,117.48744586839,1,4.8637489898485,294,1,14.9739999771118,35.9550018310547,0.0168210007250309,0,113.295402526855,-89.2033,26.745,11.920975120825,63,63,63,63,61,63,0,7816,1.08413155380343,27,-89,0.001869,51,2023-07-07 12:00:39.001287,294,1.037,0.0011,"aoml_navis",1028.01357768172
"7901009",4,0,1,0.020559,1,-0.001869,1,117.462761396312,1,4.86366047014146,296,1,14.8719997406006,35.9379997253418,0.020558999851346,0,113.271598815918,-89.2033,26.745,11.920975120825,63,63,63,63,61,63,0,7816,1.08413155380343,27,-89,0.001869,51,2023-07-07 12:00:39.001287,296,1.037,0.0011,"aoml_navis",1028.03228775848
"7901009",4,0,1,0.024297,1,0.001869,1,118.30180400796,1,4.8635918924528,298,1,14.8090000152588,35.9269981384277,0.0242970008403063,0,114.080703735352,-89.2033,26.745,11.920975120825,63,63,63,63,61,63,0,7816,1.08413155380343,27,-89,0.001869,51,2023-07-07 12:00:39.001287,298,1.037,0.0011,"aoml_navis",1028.04678323419
"7901009",4,0,1,0.020559,1,-0.001869,1,118.886564910445,1,4.8635343215662,300,1,14.7700004577637,35.9199981689453,0.020558999851346,0,114.644599914551,-89.2033,26.745,11.920975120825,63,63,63,63,61,63,0,7816,1.08413155380343,27,-89,0.001869,51,2023-07-07 12:00:39.001287,300,1.037,0.0011,"aoml_navis",1028.05895248414
"7901009",4,0,1,0.020559,1,-0.001869,1,119.273161719297,1,4.86347844592783,302,1,14.7360000610352,35.9140014648438,0.020558999851346,0,115.017402648926,-89.2033,26.745,11.920975120825,63,63,63,63,61,63,0,7816,1.08413155380343,27,-89,0.001869,51,2023-07-07 12:00:39.001287,302,1.037,0.0011,"aoml_navis",1028.07076367049
"7901009",4,0,1,0.020559,1,-0.001869,1,119.563520733804,1,4.86342147152933,304,1,14.6940002441406,35.9059982299805,0.020558999851346,0,115.297401428223,-89.2033,26.745,11.920975120825,63,63,63,63,61,63,0,7816,1.08413155380343,27,-89,0.001869,51,2023-07-07 12:00:39.001287,304,1.037,0.0011,"aoml_navis",1028.08280739603
"7901009",4,0,1,0.024297,1,0.001869,1,119.927711637231,1,4.86335669180935,306,1,14.6479997634888,35.898998260498,0.0242970008403063,0,115.648597717285,-89.2033,26.745,11.920975120825,63,63,63,63,61,63,0,7816,1.08413155380343,27,-89,0.001869,51,2023-07-07 12:00:39.001287,306,1.037,0.0011,"aoml_navis",1028.09650141862
"7901009",4,0,1,0.01869,1,-0.003738,1,120.710335989139,1,4.86326540721038,308,1,14.548999786377,35.8839988708496,0.0186899993568659,0,116.403297424316,-89.2033,26.745,11.920975120825,63,63,63,63,61,63,0,7816,1.08413155380343,27,-89,0.001869,51,2023-07-07 12:00:39.001287,308,1.037,0.0011,"aoml_navis",1028.11579902403
"7901009",4,0,1,0.020559,1,-0.001869,1,122.389449732104,1,4.86317663144626,310,1,14.4519996643066,35.8689994812012,0.020558999851346,0,118.022499084473,-89.2033,26.745,11.920975120825,63,63,63,63,61,63,0,7816,1.08413155380343,27,-89,0.001869,51,2023-07-07 12:00:39.001287,310,1.037,0.0011,"aoml_navis",1028.13456695548
"7901009",4,0,1,0.016821,1,-0.005607,1,123.808585349274,1,4.86310339564473,312,1,14.3800001144409,35.8569984436035,0.0168210007250309,0,119.390998840332,-89.2033,26.745,11.920975120825,63,63,63,63,61,63,0,7816,1.08413155380343,27,-89,0.001869,51,2023-07-07 12:00:39.001287,312,1.037,0.0011,"aoml_navis",1028.15005012599
"7901009",4,0,1,0.022428,1,0,1,124.584888261057,1,4.86303972524529,314,1,14.3240003585815,35.8470001220703,0.0224280003458261,0,120.139602661133,-89.2033,26.745,11.920975120825,63,63,63,63,61,63,0,7816,1.08413155380343,27,-89,0.001869,51,2023-07-07 12:00:39.001287,314,1.037,0.0011,"aoml_navis",1028.1635114029
"7901009",4,0,1,0.01869,1,-0.003738,1,124.588306111037,1,4.86298395408597,316,1,14.28600025177,35.8400001525879,0.0186899993568659,0,120.14289855957,-89.2033,26.745,11.920975120825,63,63,63,63,61,63,0,7816,1.08413155380343,27,-89,0.001869,51,2023-07-07 12:00:39.001287,316,1.037,0.0011,"aoml_navis",1028.17530290202
"7901009",4,0,1,0.024297,1,0.001869,1,124.563938106549,1,4.86291424676,318,1,14.2309999465942,35.8320007324219,0.0242970008403063,0,120.119400024414,-89.2033,26.745,11.920975120825,63,63,63,63,61,63,0,7816,1.08413155380343,27,-89,0.001869,51,2023-07-07 12:00:39.001287,318,1.037,0.0011,"aoml_navis",1028.19004125589
"7901009",4,0,1,0.01869,1,-0.003738,1,124.504204848797,1,4.86285915405662,320,1,14.1899995803833,35.8240013122559,0.0186899993568659,0,120.061798095703,-89.2033,26.745,11.920975120825,63,63,63,63,61,63,0,7816,1.08413155380343,27,-89,0.001869,51,2023-07-07 12:00:39.001287,320,1.037,0.0011,"aoml_navis",1028.20168991096
"7901009",4,0,1,0.022428,1,0,1,124.706111171691,1,4.86278621419129,322,1,14.1140003204346,35.8110008239746,0.0224280003458261,0,120.256500244141,-89.2033,26.745,11.920975120825,63,63,63,63,61,63,0,7816,1.08413155380343,27,-89,0.001869,51,2023-07-07 12:00:39.001287,322,1.037,0.0011,"aoml_navis",1028.21711252867
"7901009",4,0,1,0.020559,1,-0.001869,1,125.06170206834,1,4.86267226408584,324,1,13.9729995727539,35.7910003662109,0.020558999851346,0,120.599403381348,-89.2033,26.745,11.920975120825,63,63,63,63,61,63,0,7816,1.08413155380343,27,-89,0.001869,51,2023-07-07 12:00:39.001287,324,1.037,0.0011,"aoml_navis",1028.2412073971
"7901009",4,0,1,0.022428,1,0,1,124.942860576326,1,4.86261083456432,326,1,13.9040002822876,35.7770004272461,0.0224280003458261,0,120.484802246094,-89.2033,26.745,11.920975120825,63,63,63,63,61,63,0,7816,1.08413155380343,27,-89,0.001869,51,2023-07-07 12:00:39.001287,326,1.037,0.0011,"aoml_navis",1028.25419720186
"7901009",4,0,1,0.024297,1,0.001869,1,124.975630795347,1,4.86253033934468,328,1,13.8339996337891,35.7680015563965,0.0242970008403063,0,120.516403198242,-89.2033,26.745,11.920975120825,63,63,63,63,61,63,0,7816,1.08413155380343,27,-89,0.001869,51,2023-07-07 12:00:39.001287,328,1.037,0.0011,"aoml_navis",1028.27121911055
"7901009",4,0,1,0.020559,1,-0.001869,1,125.02374178083,1,4.86246447770896,330,1,13.7709999084473,35.7569999694824,0.020558999851346,0,120.562797546387,-89.2033,26.745,11.920975120825,63,63,63,63,61,63,0,7816,1.08413155380343,27,-89,0.001869,51,2023-07-07 12:00:39.001287,330,1.037,0.0011,"aoml_navis",1028.28514694998
"7901009",4,0,1,0.022428,1,0,1,124.982680110931,1,4.86240914519266,332,1,13.7290000915527,35.7490005493164,0.0224280003458261,0,120.52320098877,-89.2033,26.745,11.920975120825,63,63,63,63,61,63,0,7816,1.08413155380343,27,-89,0.001869,51,2023-07-07 12:00:39.001287,332,1.037,0.0011,"aoml_navis",1028.29684847549
"7901009",4,0,1,0.020559,1,-0.001869,1,124.978637237459,1,4.86232897983199,334,1,13.6479997634888,35.7369995117188,0.020558999851346,0,120.519302368164,-89.2033,26.745,11.920975120825,63,63,63,63,61,63,0,7816,1.08413155380343,27,-89,0.001869,51,2023-07-07 12:00:39.001287,334,1.037,0.0011,"aoml_navis",1028.31380203582
"7901009",4,0,1,0.022428,1,0,1,124.844035659426,1,4.86227021134413,336,1,13.6059999465942,35.7299995422363,0.0224280003458261,0,120.389503479004,-89.2033,26.745,11.920975120825,63,63,63,63,61,63,0,7816,1.08413155380343,27,-89,0.001869,51,2023-07-07 12:00:39.001287,336,1.037,0.0011,"aoml_navis",1028.32623088995
"7901009",4,0,1,0.022428,1,0,1,124.851915702436,1,4.86220027859157,338,1,13.5419998168945,35.7200012207031,0.0224280003458261,0,120.397102355957,-89.2033,26.745,11.920975120825,63,63,63,63,61,63,0,7816,1.08413155380343,27,-89,0.001869,51,2023-07-07 12:00:39.001287,338,1.037,0.0011,"aoml_navis",1028.34102124817
"7901009",4,0,1,0.022428,1,0,1,124.792696704518,1,4.86215187982637,340,1,13.5209999084473,35.7159996032715,0.0224280003458261,0,120.339996337891,-89.2033,26.745,11.920975120825,63,63,63,63,61,63,0,7816,1.08413155380343,27,-89,0.001869,51,2023-07-07 12:00:39.001287,340,1.037,0.0011,"aoml_navis",1028.35125754619
"7901009",4,0,1,0.022428,1,0,1,124.749459319933,1,4.86208454749407,342,1,13.4630002975464,35.7070007324219,0.0224280003458261,0,120.298301696777,-89.2033,26.745,11.920975120825,63,63,63,63,61,63,0,7816,1.08413155380343,27,-89,0.001869,51,2023-07-07 12:00:39.001287,342,1.037,0.0011,"aoml_navis",1028.36549861664
"7901009",4,0,1,0.024297,1,0.001869,1,124.6285449652,1,4.86203010359564,344,1,13.4250001907349,35.7000007629395,0.0242970008403063,0,120.181701660156,-89.2033,26.745,11.920975120825,63,63,63,63,61,63,0,7816,1.08413155380343,27,-89,0.001869,51,2023-07-07 12:00:39.001287,344,1.037,0.0011,"aoml_navis",1028.37701401773
"7901009",4,0,1,0.020559,1,-0.001869,1,124.470192494482,1,4.86197142365783,346,1,13.3900003433228,35.6949996948242,0.020558999851346,0,120.028999328613,-89.2033,26.745,11.920975120825,63,63,63,63,61,63,0,7816,1.08413155380343,27,-89,0.001869,51,2023-07-07 12:00:39.001287,346,1.037,0.0011,"aoml_navis",1028.38942567012
"7901009",4,0,1,0.022428,1,0,1,124.148305396247,1,4.86190739857599,348,1,13.335000038147,35.6860008239746,0.0224280003458261,0,119.718597412109,-89.2033,26.745,11.920975120825,63,63,63,63,61,63,0,7816,1.08413155380343,27,-89,0.001869,51,2023-07-07 12:00:39.001287,348,1.037,0.0011,"aoml_navis",1028.40296823927
"7901009",4,0,1,0.024297,1,0.001869,1,123.554525167425,1,4.86184417343787,350,1,13.2770004272461,35.6759986877441,0.0242970008403063,0,119.146003723145,-89.2033,26.745,11.920975120825,63,63,63,63,61,63,0,7816,1.08413155380343,27,-89,0.001869,51,2023-07-07 12:00:39.001287,350,1.037,0.0011,"aoml_navis",1028.41634195455
"7901009",4,0,1,0.024297,1,0.001869,1,122.787969457437,1,4.86175497116905,352,1,13.1780004501343,35.6619987487793,0.0242970008403063,0,118.406799316406,-89.2033,26.745,11.920975120825,63,63,63,63,61,63,0,7816,1.08413155380343,27,-89,0.001869,51,2023-07-07 12:00:39.001287,352,1.037,0.0011,"aoml_navis",1028.43521108134
"7901009",4,0,1,0.022428,1,0,1,122.241058078805,1,4.86167903912023,354,1,13.0920000076294,35.6479988098145,0.0224280003458261,0,117.879402160645,-89.2033,26.745,11.920975120825,63,63,63,63,61,63,0,7816,1.08413155380343,27,-89,0.001869,51,2023-07-07 12:00:39.001287,354,1.037,0.0011,"aoml_navis",1028.45127367865
"7901009",4,0,1,0.026166,1,0.003738,1,121.633788418928,1,4.86162053480117,356,1,13.0530004501343,35.6419982910156,0.0261659994721413,0,117.293800354004,-89.2033,26.745,11.920975120825,63,63,63,63,61,63,0,7816,1.08413155380343,27,-89,0.001869,51,2023-07-07 12:00:39.001287,356,1.037,0.0011,"aoml_navis",1028.46364997191
"7901009",4,0,1,0.022428,1,0,1,121.155526772417,1,4.86157025088827,358,1,13.0260000228882,35.6370010375977,0.0224280003458261,0,116.83260345459,-89.2033,26.745,11.920975120825,63,63,63,63,61,63,0,7816,1.08413155380343,27,-89,0.001869,51,2023-07-07 12:00:39.001287,358,1.037,0.0011,"aoml_navis",1028.47428751779
"7901009",4,0,1,0.024297,1,0.001869,1,120.914315174753,1,4.86150074308377,360,1,12.9720001220703,35.6300010681152,0.0242970008403063,0,116.599998474121,-89.2033,26.745,11.920975120825,63,63,63,63,61,63,0,7816,1.08413155380343,27,-89,0.001869,51,2023-07-07 12:00:39.001287,360,1.037,0.0011,"aoml_navis",1028.48899223419
"7901009",4,0,1,0.022428,1,0,1,120.795893002296,1,4.86144187621059,362,1,12.9250001907349,35.6220016479492,0.0224280003458261,0,116.485801696777,-89.2033,26.745,11.920975120825,63,63,63,63,61,63,0,7816,1.08413155380343,27,-89,0.001869,51,2023-07-07 12:00:39.001287,362,1.037,0.0011,"aoml_navis",1028.50144613832
"7901009",4,0,1,0.020559,1,-0.001869,1,120.784587197617,1,4.86138265354885,364,1,12.8850002288818,35.6160011291504,0.020558999851346,0,116.474899291992,-89.2033,26.745,11.920975120825,63,63,63,63,61,63,0,7816,1.08413155380343,27,-89,0.001869,51,2023-07-07 12:00:39.001287,364,1.037,0.0011,"aoml_navis",1028.51397561761
"7901009",4,0,1,0.028035,1,0.005607,1,120.650397027452,1,4.86131686686326,366,1,12.8269996643066,35.6069984436035,0.0280349999666214,0,116.345497131348,-89.2033,26.745,11.920975120825,63,63,63,63,61,63,0,7816,1.08413155380343,27,-89,0.001869,51,2023-07-07 12:00:39.001287,366,1.037,0.0011,"aoml_navis",1028.52789417659
"7901009",4,0,1,0.024297,1,0.001869,1,120.517971164106,1,4.86124511531505,368,1,12.7589998245239,35.5970001220703,0.0242970008403063,0,116.217796325684,-89.2033,26.745,11.920975120825,63,63,63,63,61,63,0,7816,1.08413155380343,27,-89,0.001869,51,2023-07-07 12:00:39.001287,368,1.037,0.0011,"aoml_navis",1028.54307515739
"7901009",4,0,1,0.022428,1,0,1,120.239226510179,1,4.86119565405068,370,1,12.7250003814697,35.5900001525879,0.0224280003458261,0,115.948997497559,-89.2033,26.745,11.920975120825,63,63,63,63,61,63,0,7816,1.08413155380343,27,-89,0.001869,51,2023-07-07 12:00:39.001287,370,1.037,0.0011,"aoml_navis",1028.55354028667
"7901009",4,0,1,0.022428,1,0,1,120.177634005331,1,4.86113047024369,372,1,12.6709995269775,35.5820007324219,0.0224280003458261,0,115.889602661133,-89.2033,26.745,11.920975120825,63,63,63,63,61,63,0,7816,1.08413155380343,27,-89,0.001869,51,2023-07-07 12:00:39.001287,372,1.037,0.0011,"aoml_navis",1028.56733235332
"7901009",4,0,1,0.024297,1,0.001869,1,120.021560101266,1,4.8610777001118,374,1,12.6409997940063,35.5769996643066,0.0242970008403063,0,115.739097595215,-89.2033,26.745,11.920975120825,63,63,63,63,61,63,0,7816,1.08413155380343,27,-89,0.001869,51,2023-07-07 12:00:39.001287,374,1.037,0.0011,"aoml_navis",1028.57849811473
"7901009",4,0,1,0.024297,1,0.001869,1,119.941398860531,1,4.86100593561771,376,1,12.5799999237061,35.5690002441406,0.0242970008403063,0,115.661796569824,-89.2033,26.745,11.920975120825,63,63,63,63,61,63,0,7816,1.08413155380343,27,-89,0.001869,51,2023-07-07 12:00:39.001287,376,1.037,0.0011,"aoml_navis",1028.59368332876
"7901009",4,0,1,0.024297,1,0.001869,1,119.731201086759,1,4.86093701701844,378,1,12.5179996490479,35.560001373291,0.0242970008403063,0,115.459098815918,-89.2033,26.745,11.920975120825,63,63,63,63,61,63,0,7816,1.08413155380343,27,-89,0.001869,51,2023-07-07 12:00:39.001287,378,1.037,0.0011,"aoml_navis",1028.60826677957
"7901009",4,0,1,0.026166,1,0.003738,1,119.418444078517,1,4.86088866853465,380,1,12.4809999465942,35.5519981384277,0.0261659994721413,0,115.157501220703,-89.2033,26.745,11.920975120825,63,63,63,63,61,63,0,7816,1.08413155380343,27,-89,0.001869,51,2023-07-07 12:00:39.001287,380,1.037,0.0011,"aoml_navis",1028.61849775862
"7901009",4,0,1,0.022428,1,0,1,119.021475044379,1,4.860825581601,382,1,12.4209995269775,35.5419998168945,0.0224280003458261,0,114.774696350098,-89.2033,26.745,11.920975120825,63,63,63,63,61,63,0,7816,1.08413155380343,27,-89,0.001869,51,2023-07-07 12:00:39.001287,382,1.037,0.0011,"aoml_navis",1028.63184783379
"7901009",4,0,1,0.022428,1,0,1,118.703947287207,1,4.86072644982877,384,1,12.3039999008179,35.5270004272461,0.0224280003458261,0,114.46849822998,-89.2033,26.745,11.920975120825,63,63,63,63,61,63,0,7816,1.08413155380343,27,-89,0.001869,51,2023-07-07 12:00:39.001287,384,1.037,0.0011,"aoml_navis",1028.6528261997
"7901009",4,0,1,0.020559,1,-0.001869,1,118.178911730784,1,4.860655267843,386,1,12.2349996566772,35.5169982910156,0.020558999851346,0,113.962196350098,-89.2033,26.745,11.920975120825,63,63,63,63,61,63,0,7816,1.08413155380343,27,-89,0.001869,51,2023-07-07 12:00:39.001287,386,1.037,0.0011,"aoml_navis",1028.66789033135
"7901009",4,0,1,0.026166,1,0.003738,1,117.525089688309,1,4.86059893673072,388,1,12.1929998397827,35.5099983215332,0.0261659994721413,0,113.331703186035,-89.2033,26.745,11.920975120825,63,63,63,63,61,63,0,7816,1.08413155380343,27,-89,0.001869,51,2023-07-07 12:00:39.001287,388,1.037,0.0011,"aoml_navis",1028.67981190875
"7901009",4,0,1,0.026166,1,0.003738,1,117.0830161108,1,4.8605456450271,390,1,12.1579999923706,35.5040016174316,0.0261659994721413,0,112.905403137207,-89.2033,26.745,11.920975120825,63,63,63,63,61,63,0,7816,1.08413155380343,27,-89,0.001869,51,2023-07-07 12:00:39.001287,390,1.037,0.0011,"aoml_navis",1028.69109049836
"7901009",4,0,1,0.024297,1,0.001869,1,117.449074173012,1,4.86046934137893,392,1,12.0869998931885,35.4949989318848,0.0242970008403063,0,113.258399963379,-89.2033,26.745,11.920975120825,63,63,63,63,61,63,0,7816,1.08413155380343,27,-89,0.001869,51,2023-07-07 12:00:39.001287,392,1.037,0.0011,"aoml_navis",1028.70723973777
"7901009",4,0,1,0.026166,1,0.003738,1,117.397015254335,1,4.86042081639195,394,1,12.0530004501343,35.4879989624023,0.0261659994721413,0,113.208198547363,-89.2033,26.745,11.920975120825,63,63,63,63,61,63,0,7816,1.08413155380343,27,-89,0.001869,51,2023-07-07 12:00:39.001287,394,1.037,0.0011,"aoml_navis",1028.71751004302
"7901009",4,0,1,0.022428,1,0,1,117.050451595712,1,4.86036385770525,396,1,12.0100002288818,35.4809989929199,0.0224280003458261,0,112.874000549316,-89.2033,26.745,11.920975120825,63,63,63,63,61,63,0,7816,1.08413155380343,27,-89,0.001869,51,2023-07-07 12:00:39.001287,396,1.037,0.0011,"aoml_navis",1028.72956560101
"7901009",4,0,1,0.024297,1,0.001869,1,117.045783698749,1,4.86028872904529,398,1,11.9320001602173,35.4700012207031,0.0242970008403063,0,112.869499206543,-89.2033,26.745,11.920975120825,63,63,63,63,61,63,0,7816,1.08413155380343,27,-89,0.001869,51,2023-07-07 12:00:39.001287,398,1.037,0.0011,"aoml_navis",1028.74546734637
"7901009",4,0,1,0.024297,1,0.001869,1,117.262619380236,1,4.86021278206929,400,1,11.8450002670288,35.4570007324219,0.0242970008403063,0,113.078598022461,-89.2033,26.745,11.920975120825,63,63,63,63,61,63,0,7816,1.08413155380343,27,-89,0.001869,51,2023-07-07 12:00:39.001287,400,1.037,0.0011,"aoml_navis",1028.76154279632
"7901009",4,0,1,0.029904,1,0.007476,1,117.470744291289,1,4.86015053292026,402,1,11.7919998168945,35.4490013122559,0.0299040004611015,0,113.279296875,-89.2033,26.745,11.920975120825,63,63,63,63,61,63,0,7816,1.08413155380343,27,-89,0.001869,51,2023-07-07 12:00:39.001287,402,1.037,0.0011,"aoml_navis",1028.77471924634
"7901009",4,0,1,0.020559,1,-0.001869,1,117.306798255904,1,4.86010435006247,404,1,11.7639999389648,35.443000793457,0.020558999851346,0,113.121200561523,-89.2033,26.745,11.920975120825,63,63,63,63,61,63,0,7816,1.08413155380343,27,-89,0.001869,51,2023-07-07 12:00:39.001287,404,1.037,0.0011,"aoml_navis",1028.78449511804
"7901009",4,0,1,0.024297,1,0.001869,1,116.787775583706,1,4.86006029639481,406,1,11.753999710083,35.4410018920898,0.0242970008403063,0,112.620697021484,-89.2033,26.745,11.920975120825,63,63,63,63,61,63,0,7816,1.08413155380343,27,-89,0.001869,51,2023-07-07 12:00:39.001287,406,1.037,0.0011,"aoml_navis",1028.79382046124
"7901009",4,0,1,0.024297,1,0.001869,1,116.198141080323,1,4.86000038821597,408,1,11.7229995727539,35.4379997253418,0.0242970008403063,0,112.052101135254,-89.2033,26.745,11.920975120825,63,63,63,63,61,63,0,7816,1.08413155380343,27,-89,0.001869,51,2023-07-07 12:00:39.001287,408,1.037,0.0011,"aoml_navis",1028.80650218125
"7901009",4,0,1,0.024297,1,0.001869,1,115.165182952447,1,4.85995164726558,410,1,11.7040004730225,35.435001373291,0.0242970008403063,0,111.055999755859,-89.2033,26.745,11.920975120825,63,63,63,63,61,63,0,7816,1.08413155380343,27,-89,0.001869,51,2023-07-07 12:00:39.001287,410,1.037,0.0011,"aoml_navis",1028.81682018652
"7901009",4,0,1,0.026166,1,0.003738,1,114.022616274518,1,4.85990133797106,412,1,11.7030000686646,35.4370002746582,0.0261659994721413,0,109.954200744629,-89.2033,26.745,11.920975120825,63,63,63,63,61,63,0,7816,1.08413155380343,27,-89,0.001869,51,2023-07-07 12:00:39.001287,412,1.037,0.0011,"aoml_navis",1028.82747041269
"7901009",4,0,1,0.026166,1,0.003738,1,114.200771704727,1,4.8598292400029,414,1,11.6429996490479,35.4300003051758,0.0261659994721413,0,110.125999450684,-89.2033,26.745,11.920975120825,63,63,63,63,61,63,0,7816,1.08413155380343,27,-89,0.001869,51,2023-07-07 12:00:39.001287,414,1.037,0.0011,"aoml_navis",1028.84273357658
"7901009",4,0,1,0.024297,1,0.001869,1,114.413667364709,1,4.85978326051438,416,1,11.6190004348755,35.4249992370605,0.0242970008403063,0,110.331298828125,-89.2033,26.745,11.920975120825,63,63,63,63,61,63,0,7816,1.08413155380343,27,-89,0.001869,51,2023-07-07 12:00:39.001287,416,1.037,0.0011,"aoml_navis",1028.85246768614
"7901009",4,0,1,0.026166,1,0.003738,1,114.796118448122,1,4.8597233715806,418,1,11.5719995498657,35.4179992675781,0.0261659994721413,0,110.700103759766,-89.2033,26.745,11.920975120825,63,63,63,63,61,63,0,7816,1.08413155380343,27,-89,0.001869,51,2023-07-07 12:00:39.001287,418,1.037,0.0011,"aoml_navis",1028.86514677764
"7901009",4,0,1,0.026166,1,0.003738,1,115.177628040453,1,4.85967374083921,420,1,11.539999961853,35.4119987487793,0.0261659994721413,0,111.068000793457,-89.2033,26.745,11.920975120825,63,63,63,63,61,63,0,7816,1.08413155380343,27,-89,0.001869,51,2023-07-07 12:00:39.001287,420,1.037,0.0011,"aoml_navis",1028.87565434312
"7901009",4,0,1,0.026166,1,0.003738,1,115.773591895651,1,4.85959554869557,422,1,11.4490003585815,35.398998260498,0.0261659994721413,0,111.642700195312,-89.2033,26.745,11.920975120825,63,63,63,63,61,63,0,7816,1.08413155380343,27,-89,0.001869,51,2023-07-07 12:00:39.001287,422,1.037,0.0011,"aoml_navis",1028.89220921731
"7901009",4,0,1,0.028035,1,0.005607,1,116.282756602398,1,4.85953507965598,424,1,11.3970003128052,35.390998840332,0.0280349999666214,0,112.133697509766,-89.2033,26.745,11.920975120825,63,63,63,63,61,63,0,7816,1.08413155380343,27,-89,0.001869,51,2023-07-07 12:00:39.001287,424,1.037,0.0011,"aoml_navis",1028.90501211362
"7901009",4,0,1,0.026166,1,0.003738,1,116.591470737168,1,4.85947563169387,426,1,11.3500003814697,35.3839988708496,0.0261659994721413,0,112.431396484375,-89.2033,26.745,11.920975120825,63,63,63,63,61,63,0,7816,1.08413155380343,27,-89,0.001869,51,2023-07-07 12:00:39.001287,426,1.037,0.0011,"aoml_navis",1028.9175991314
"7901009",4,0,1,0.022428,1,0,1,116.295826713895,1,4.85942625628009,428,1,11.326000213623,35.3800010681152,0.0224280003458261,0,112.146301269531,-89.2033,26.745,11.920975120825,63,63,63,63,61,63,0,7816,1.08413155380343,27,-89,0.001869,51,2023-07-07 12:00:39.001287,428,1.037,0.0011,"aoml_navis",1028.92805370557
"7901009",4,0,1,0.028035,1,0.005607,1,115.954856619939,1,4.85937509378362,430,1,11.3000001907349,35.3759994506836,0.0280349999666214,0,111.817497253418,-89.2033,26.745,11.920975120825,63,63,63,63,61,63,0,7816,1.08413155380343,27,-89,0.001869,51,2023-07-07 12:00:39.001287,430,1.037,0.0011,"aoml_navis",1028.93888689438
"7901009",4,0,1,0.026166,1,0.003738,1,115.74082167663,1,4.85932397729522,432,1,11.2700004577637,35.3709983825684,0.0261659994721413,0,111.611099243164,-89.2033,26.745,11.920975120825,63,63,63,63,61,63,0,7816,1.08413155380343,27,-89,0.001869,51,2023-07-07 12:00:39.001287,432,1.037,0.0011,"aoml_navis",1028.94971056922
"7901009",4,0,1,0.024297,1,0.001869,1,115.689593485378,1,4.85927280948024,434,1,11.2519998550415,35.3689994812012,0.0242970008403063,0,111.561698913574,-89.2033,26.745,11.920975120825,63,63,63,63,61,63,0,7816,1.08413155380343,27,-89,0.001869,51,2023-07-07 12:00:39.001287,434,1.037,0.0011,"aoml_navis",1028.96054534028
"7901009",4,0,1,0.024297,1,0.001869,1,115.855098123647,1,4.85921639081201,436,1,11.2040004730225,35.3610000610352,0.0242970008403063,0,111.721298217773,-89.2033,26.745,11.920975120825,63,63,63,63,61,63,0,7816,1.08413155380343,27,-89,0.001869,51,2023-07-07 12:00:39.001287,436,1.037,0.0011,"aoml_navis",1028.97249224261
"7901009",4,0,1,0.026166,1,0.003738,1,116.056482275016,1,4.85916810693825,438,1,11.1770000457764,35.3559989929199,0.0261659994721413,0,111.915496826172,-89.2033,26.745,11.920975120825,63,63,63,63,61,63,0,7816,1.08413155380343,27,-89,0.001869,51,2023-07-07 12:00:39.001287,438,1.037,0.0011,"aoml_navis",1028.98271678657
"7901009",4,0,1,0.026166,1,0.003738,1,116.485287948784,1,4.8591126972604,440,1,11.1339998245239,35.3489990234375,0.0261659994721413,0,112.329002380371,-89.2033,26.745,11.920975120825,63,63,63,63,61,63,0,7816,1.08413155380343,27,-89,0.001869,51,2023-07-07 12:00:39.001287,440,1.037,0.0011,"aoml_navis",1028.99445053395
"7901009",4,0,1,0.026166,1,0.003738,1,116.924560788115,1,4.85903943348834,442,1,11.0629997253418,35.3400001525879,0.0261659994721413,0,112.752601623535,-89.2033,26.745,11.920975120825,63,63,63,63,61,63,0,7816,1.08413155380343,27,-89,0.001869,51,2023-07-07 12:00:39.001287,442,1.037,0.0011,"aoml_navis",1029.00996553767
"7901009",4,0,1,0.026166,1,0.003738,1,116.795244218847,1,4.85899220367444,444,1,11.0369997024536,35.3349990844727,0.0261659994721413,0,112.627899169922,-89.2033,26.745,11.920975120825,63,63,63,63,61,63,0,7816,1.08413155380343,27,-89,0.001869,51,2023-07-07 12:00:39.001287,444,1.037,0.0011,"aoml_navis",1029.01996760129
"7901009",4,0,1,0.026166,1,0.003738,1,116.451789854303,1,4.85894035904501,446,1,11.0139999389648,35.3320007324219,0.0261659994721413,0,112.296699523926,-89.2033,26.745,11.920975120825,63,63,63,63,61,63,0,7816,1.08413155380343,27,-89,0.001869,51,2023-07-07 12:00:39.001287,446,1.037,0.0011,"aoml_navis",1029.03094718839
"7901009",4,0,1,0.026166,1,0.003738,1,116.013862002233,1,4.85889295930916,448,1,11,35.3300018310547,0.0261659994721413,0,111.874397277832,-89.2033,26.745,11.920975120825,63,63,63,63,61,63,0,7816,1.08413155380343,27,-89,0.001869,51,2023-07-07 12:00:39.001287,448,1.037,0.0011,"aoml_navis",1029.04098564684
"7901009",4,0,1,0.024297,1,0.001869,1,115.434599724137,1,4.85884288557333,450,1,10.9829998016357,35.3279991149902,0.0242970008403063,0,111.315803527832,-89.2033,26.745,11.920975120825,63,63,63,63,61,63,0,7816,1.08413155380343,27,-89,0.001869,51,2023-07-07 12:00:39.001287,450,1.037,0.0011,"aoml_navis",1029.05159062578
"7901009",4,0,1,0.024297,1,0.001869,1,115.026016329418,1,4.85879460430419,452,1,10.9680004119873,35.326000213623,0.0242970008403063,0,110.921798706055,-89.2033,26.745,11.920975120825,63,63,63,63,61,63,0,7816,1.08413155380343,27,-89,0.001869,51,2023-07-07 12:00:39.001287,452,1.037,0.0011,"aoml_navis",1029.06181619011
"7901009",4,0,1,0.028035,1,0.005607,1,115.442376915179,1,4.85873597426617,454,1,10.9209995269775,35.3190002441406,0.0280349999666214,0,111.323303222656,-89.2033,26.745,11.920975120825,63,63,63,63,61,63,0,7816,1.08413155380343,27,-89,0.001869,51,2023-07-07 12:00:39.001287,454,1.037,0.0011,"aoml_navis",1029.07423380937
"7901009",4,0,1,0.020559,1,-0.001869,1,116.15209504587,1,4.85868029817266,456,1,10.8690004348755,35.310001373291,0.020558999851346,0,112.007698059082,-89.2033,26.745,11.920975120825,63,63,63,63,61,63,0,7816,1.08413155380343,27,-89,0.001869,51,2023-07-07 12:00:39.001287,456,1.037,0.0011,"aoml_navis",1029.08602607183
"7901009",4,0,1,0.026166,1,0.003738,1,116.689781394232,1,4.85861594579271,458,1,10.8030004501343,35.2999992370605,0.0261659994721413,0,112.52619934082,-89.2033,26.745,11.920975120825,63,63,63,63,61,63,0,7816,1.08413155380343,27,-89,0.001869,51,2023-07-07 12:00:39.001287,458,1.037,0.0011,"aoml_navis",1029.09965631874
"7901009",4,0,1,0.026166,1,0.003738,1,116.995180530989,1,4.85855479183841,460,1,10.7279996871948,35.2869987487793,0.0261659994721413,0,112.820701599121,-89.2033,26.745,11.920975120825,63,63,63,63,61,63,0,7816,1.08413155380343,27,-89,0.001869,51,2023-07-07 12:00:39.001287,460,1.037,0.0011,"aoml_navis",1029.11260945316
"7901009",4,0,1,0.028035,1,0.005607,1,116.987814747814,1,4.8584917198918,462,1,10.6630001068115,35.2770004272461,0.0280349999666214,0,112.813598632812,-89.2033,26.745,11.920975120825,63,63,63,63,61,63,0,7816,1.08413155380343,27,-89,0.001869,51,2023-07-07 12:00:39.001287,462,1.037,0.0011,"aoml_navis",1029.12596918275
"7901009",4,0,1,0.028035,1,0.005607,1,117.025047159865,1,4.85842929591101,464,1,10.6110000610352,35.2700004577637,0.0280349999666214,0,112.849502563477,-89.2033,26.745,11.920975120825,63,63,63,63,61,63,0,7816,1.08413155380343,27,-89,0.001869,51,2023-07-07 12:00:39.001287,464,1.037,0.0011,"aoml_navis",1029.1391920035
"7901009",4,0,1,0.028035,1,0.005607,1,116.957433859103,1,4.85837945547234,466,1,10.5939998626709,35.2680015563965,0.0280349999666214,0,112.784301757812,-89.2033,26.745,11.920975120825,63,63,63,63,61,63,0,7816,1.08413155380343,27,-89,0.001869,51,2023-07-07 12:00:39.001287,466,1.037,0.0011,"aoml_navis",1029.14974958741
"7901009",4,0,1,0.028035,1,0.005607,1,116.871773993979,1,4.85833330462934,468,1,10.5769996643066,35.2649993896484,0.0280349999666214,0,112.701698303223,-89.2033,26.745,11.920975120825,63,63,63,63,61,63,0,7816,1.08413155380343,27,-89,0.001869,51,2023-07-07 12:00:39.001287,468,1.037,0.0011,"aoml_navis",1029.15952580604
"7901009",4,0,1,0.028035,1,0.005607,1,116.829050869228,1,4.85828042467249,470,1,10.543999671936,35.2599983215332,0.0280349999666214,0,112.660499572754,-89.2033,26.745,11.920975120825,63,63,63,63,61,63,0,7816,1.08413155380343,27,-89,0.001869,51,2023-07-07 12:00:39.001287,470,1.037,0.0011,"aoml_navis",1029.17072769365
"7901009",4,0,1,0.026166,1,0.003738,1,116.666449821104,1,4.85823589765264,472,1,10.5329999923706,35.257999420166,0.0261659994721413,0,112.503700256348,-89.2033,26.745,11.920975120825,63,63,63,63,61,63,0,7816,1.08413155380343,27,-89,0.001869,51,2023-07-07 12:00:39.001287,472,1.037,0.0011,"aoml_navis",1029.18016031619
"7901009",4,0,1,0.029904,1,0.007476,1,116.650476119462,1,4.85817748369211,474,1,10.5019998550415,35.2550010681152,0.0299040004611015,0,112.488296508789,-89.2033,26.745,11.920975120825,63,63,63,63,61,63,0,7816,1.08413155380343,27,-89,0.001869,51,2023-07-07 12:00:39.001287,474,1.037,0.0011,"aoml_navis",1029.19253501626
"7901009",4,0,1,0.028035,1,0.005607,1,116.620617402275,1,4.85812629224763,476,1,10.4750003814697,35.2509994506836,0.0280349999666214,0,112.459503173828,-89.2033,26.745,11.920975120825,63,63,63,63,61,63,0,7816,1.08413155380343,27,-89,0.001869,51,2023-07-07 12:00:39.001287,476,1.037,0.0011,"aoml_navis",1029.20337990776
"7901009",4,0,1,0.026166,1,0.003738,1,116.577372106,1,4.8580835425285,478,1,10.4659996032715,35.2490005493164,0.0261659994721413,0,112.41780090332,-89.2033,26.745,11.920975120825,63,63,63,63,61,63,0,7816,1.08413155380343,27,-89,0.001869,51,2023-07-07 12:00:39.001287,478,1.037,0.0011,"aoml_navis",1029.21243659751
"7901009",4,0,1,0.029904,1,0.007476,1,116.461639908065,1,4.85803800746031,480,1,10.4580001831055,35.2480010986328,0.0299040004611015,0,112.306198120117,-89.2033,26.745,11.920975120825,63,63,63,63,61,63,0,7816,1.08413155380343,27,-89,0.001869,51,2023-07-07 12:00:39.001287,480,1.037,0.0011,"aoml_navis",1029.2220835493
"7901009",4,0,1,0.029904,1,0.007476,1,116.449408435683,1,4.85798440288536,482,1,10.423999786377,35.2430000305176,0.0299040004611015,0,112.294403076172,-89.2033,26.745,11.920975120825,63,63,63,63,61,63,0,7816,1.08413155380343,27,-89,0.001869,51,2023-07-07 12:00:39.001287,482,1.037,0.0011,"aoml_navis",1029.23344031946
"7901009",4,0,1,0.029904,1,0.007476,1,116.461639908065,1,4.8579264823298,484,1,10.3850002288818,35.2379989624023,0.0299040004611015,0,112.306198120117,-89.2033,26.745,11.920975120825,63,63,63,63,61,63,0,7816,1.08413155380343,27,-89,0.001869,51,2023-07-07 12:00:39.001287,484,1.037,0.0011,"aoml_navis",1029.24571176344
"7901009",4,0,1,0.028035,1,0.005607,1,116.420578238166,1,4.85788201542739,486,1,10.3739995956421,35.2360000610352,0.0280349999666214,0,112.2666015625,-89.2033,26.745,11.920975120825,63,63,63,63,61,63,0,7816,1.08413155380343,27,-89,0.001869,51,2023-07-07 12:00:39.001287,486,1.037,0.0011,"aoml_navis",1029.25513302326
"7901009",4,0,1,0.028035,1,0.005607,1,116.212761883015,1,4.85783912052726,488,1,10.3690004348755,35.2350006103516,0.0280349999666214,0,112.066200256348,-89.2033,26.745,11.920975120825,63,63,63,63,61,63,0,7816,1.08413155380343,27,-89,0.001869,51,2023-07-07 12:00:39.001287,488,1.037,0.0011,"aoml_navis",1029.26422138437
"7901009",4,0,1,0.029904,1,0.007476,1,116.019463478589,1,4.85778824603707,490,1,10.3380002975464,35.2299995422363,0.0299040004611015,0,111.87979888916,-89.2033,26.745,11.920975120825,63,63,63,63,61,63,0,7816,1.08413155380343,27,-89,0.001869,51,2023-07-07 12:00:39.001287,490,1.037,0.0011,"aoml_navis",1029.27500062996
"7901009",4,0,1,0.024297,1,0.001869,1,116.01873560313,1,4.85770798953815,492,1,10.2519998550415,35.2200012207031,0.0242970008403063,0,111.879096984863,-89.2033,26.745,11.920975120825,63,63,63,63,61,63,0,7816,1.08413155380343,27,-89,0.001869,51,2023-07-07 12:00:39.001287,492,1.037,0.0011,"aoml_navis",1029.29200577068
"7901009",4,0,1,0.026166,1,0.003738,1,115.909957780502,1,4.85765899665499,494,1,10.2229995727539,35.2150001525879,0.0261659994721413,0,111.774200439453,-89.2033,26.745,11.920975120825,63,63,63,63,61,63,0,7816,1.08413155380343,27,-89,0.001869,51,2023-07-07 12:00:39.001287,494,1.037,0.0011,"aoml_navis",1029.30238689933
"7901009",4,0,1,0.026166,1,0.003738,1,115.971969604908,1,4.85759663835903,496,1,10.1700000762939,35.2080001831055,0.0261659994721413,0,111.833999633789,-89.2033,26.745,11.920975120825,63,63,63,63,61,63,0,7816,1.08413155380343,27,-89,0.001869,51,2023-07-07 12:00:39.001287,496,1.037,0.0011,"aoml_navis",1029.31560033545
"7901009",4,0,1,0.029904,1,0.007476,1,116.119427678815,1,4.8575378447276,498,1,10.121000289917,35.201000213623,0.0299040004611015,0,111.976196289062,-89.2033,26.745,11.920975120825,63,63,63,63,61,63,0,7816,1.08413155380343,27,-89,0.001869,51,2023-07-07 12:00:39.001287,498,1.037,0.0011,"aoml_navis",1029.32805874627
"7901009",4,0,1,0.028035,1,0.005607,1,116.206954702725,1,4.85747525450322,500,1,10.076000213623,35.1959991455078,0.0280349999666214,0,112.060600280762,-89.2033,26.745,11.920975120825,63,63,63,63,61,63,0,7816,1.08413155380343,27,-89,0.001869,51,2023-07-07 12:00:39.001287,500,1.037,0.0011,"aoml_navis",1029.34132198917
"7901009",4,0,1,0.028035,1,0.005607,1,116.264195778201,1,4.85742388221226,502,1,10.043999671936,35.1910018920898,0.0280349999666214,0,112.115798950195,-89.2033,26.745,11.920975120825,63,63,63,63,61,63,0,7816,1.08413155380343,27,-89,0.001869,51,2023-07-07 12:00:39.001287,502,1.037,0.0011,"aoml_navis",1029.35220834028
"7901009",4,0,1,0.028035,1,0.005607,1,116.261917211547,1,4.85737208361111,504,1,10.0200004577637,35.1879997253418,0.0280349999666214,0,112.11360168457,-89.2033,26.745,11.920975120825,63,63,63,63,61,63,0,7816,1.08413155380343,27,-89,0.001869,51,2023-07-07 12:00:39.001287,504,1.037,0.0011,"aoml_navis",1029.36318526434
"7901009",4,0,1,0.028035,1,0.005607,1,116.252889973521,1,4.85731883961088,506,1,9.98999977111816,35.1839981079102,0.0280349999666214,0,112.10489654541,-89.2033,26.745,11.920975120825,63,63,63,63,61,63,0,7816,1.08413155380343,27,-89,0.001869,51,2023-07-07 12:00:39.001287,506,1.037,0.0011,"aoml_navis",1029.3744687348
"7901009",4,0,1,0.031773,1,0.009345,1,116.253206441112,1,4.85725843871076,508,1,9.94299983978271,35.1780014038086,0.0317730009555817,0,112.105201721191,-89.2033,26.745,11.920975120825,63,63,63,63,61,63,0,7816,1.08413155380343,27,-89,0.001869,51,2023-07-07 12:00:39.001287,508,1.037,0.0011,"aoml_navis",1029.38726919524
"7901009",4,0,1,0.028035,1,0.005607,1,116.184762412924,1,4.85720784605178,510,1,9.91600036621094,35.173999786377,0.0280349999666214,0,112.039199829102,-89.2033,26.745,11.920975120825,63,63,63,63,61,63,0,7816,1.08413155380343,27,-89,0.001869,51,2023-07-07 12:00:39.001287,510,1.037,0.0011,"aoml_navis",1029.39799128923
"7901009",4,0,1,0.028035,1,0.005607,1,116.128866324709,1,4.85714903768202,512,1,9.875,35.1689987182617,0.0280349999666214,0,111.985298156738,-89.2033,26.745,11.920975120825,63,63,63,63,61,63,0,7816,1.08413155380343,27,-89,0.001869,51,2023-07-07 12:00:39.001287,512,1.037,0.0011,"aoml_navis",1029.41045481819
"7901009",4,0,1,0.028035,1,0.005607,1,115.980166115509,1,4.85710163174292,514,1,9.85599994659424,35.1660003662109,0.0280349999666214,0,111.841903686523,-89.2033,26.745,11.920975120825,63,63,63,63,61,63,0,7816,1.08413155380343,27,-89,0.001869,51,2023-07-07 12:00:39.001287,514,1.037,0.0011,"aoml_navis",1029.42050199716
"7901009",4,0,1,0.026166,1,0.003738,1,115.762911114463,1,4.85705057041181,516,1,9.83699989318848,35.1640014648438,0.0261659994721413,0,111.632400512695,-89.2033,26.745,11.920975120825,63,63,63,63,61,63,0,7816,1.08413155380343,27,-89,0.001869,51,2023-07-07 12:00:39.001287,516,1.037,0.0011,"aoml_navis",1029.43132411653
"7901009",4,0,1,0.028035,1,0.005607,1,115.580602047126,1,4.85699754597071,518,1,9.80700016021729,35.1599998474121,0.0280349999666214,0,111.456596374512,-89.2033,26.745,11.920975120825,63,63,63,63,61,63,0,7816,1.08413155380343,27,-89,0.001869,51,2023-07-07 12:00:39.001287,518,1.037,0.0011,"aoml_navis",1029.44256254523
"7901009",4,0,1,0.028035,1,0.005607,1,115.493391490807,1,4.85694314793441,520,1,9.77099990844727,35.1549987792969,0.0280349999666214,0,111.372497558594,-89.2033,26.745,11.920975120825,63,63,63,63,61,63,0,7816,1.08413155380343,27,-89,0.001869,51,2023-07-07 12:00:39.001287,520,1.037,0.0011,"aoml_navis",1029.45409235981
"7901009",4,0,1,0.026166,1,0.003738,1,115.339501213118,1,4.85688229551524,522,1,9.73600006103516,35.1520004272461,0.0261659994721413,0,111.224098205566,-89.2033,26.745,11.920975120825,63,63,63,63,61,63,0,7816,1.08413155380343,27,-89,0.001869,51,2023-07-07 12:00:39.001287,522,1.037,0.0011,"aoml_navis",1029.46699050478
"7901009",4,0,1,0.026166,1,0.003738,1,115.270337221161,1,4.85682463011334,524,1,9.69600009918213,35.1469993591309,0.0261659994721413,0,111.157402038574,-89.2033,26.745,11.920975120825,63,63,63,63,61,63,0,7816,1.08413155380343,27,-89,0.001869,51,2023-07-07 12:00:39.001287,524,1.037,0.0011,"aoml_navis",1029.47921343483
"7901009",4,0,1,0.028035,1,0.005607,1,115.312538174387,1,4.85676787207807,526,1,9.6569995880127,35.1419982910156,0.0280349999666214,0,111.198097229004,-89.2033,26.745,11.920975120825,63,63,63,63,61,63,0,7816,1.08413155380343,27,-89,0.001869,51,2023-07-07 12:00:39.001287,526,1.037,0.0011,"aoml_navis",1029.49124432019
"7901009",4,0,1,0.028035,1,0.005607,1,115.315133208631,1,4.85671474175885,528,1,9.63099956512451,35.1389999389648,0.0280349999666214,0,111.20059967041,-89.2033,26.745,11.920975120825,63,63,63,63,61,63,0,7816,1.08413155380343,27,-89,0.001869,51,2023-07-07 12:00:39.001287,528,1.037,0.0011,"aoml_navis",1029.50250650077
"7901009",4,0,1,0.029904,1,0.007476,1,115.256855701796,1,4.85666856933359,530,1,9.62199974060059,35.1380004882812,0.0299040004611015,0,111.144401550293,-89.2033,26.745,11.920975120825,63,63,63,63,61,63,0,7816,1.08413155380343,27,-89,0.001869,51,2023-07-07 12:00:39.001287,530,1.037,0.0011,"aoml_navis",1029.51229399746
"7901009",4,0,1,0.026166,1,0.003738,1,115.322601843773,1,4.85661632607142,532,1,9.59700012207031,35.1349983215332,0.0261659994721413,0,111.207801818848,-89.2033,26.745,11.920975120825,63,63,63,63,61,63,0,7816,1.08413155380343,27,-89,0.001869,51,2023-07-07 12:00:39.001287,532,1.037,0.0011,"aoml_navis",1029.52336859695
"7901009",4,0,1,0.029904,1,0.007476,1,115.448286947436,1,4.8565644115259,534,1,9.56799983978271,35.1310005187988,0.0299040004611015,0,111.329002380371,-89.2033,26.745,11.920975120825,63,63,63,63,61,63,0,7816,1.08413155380343,27,-89,0.001869,51,2023-07-07 12:00:39.001287,534,1.037,0.0011,"aoml_navis",1029.53437375065
"7901009",4,0,1,0.031773,1,0.009345,1,115.636703839275,1,4.8565180780898,536,1,9.55000019073486,35.1279983520508,0.0317730009555817,0,111.510696411133,-89.2033,26.745,11.920975120825,63,63,63,63,61,63,0,7816,1.08413155380343,27,-89,0.001869,51,2023-07-07 12:00:39.001287,536,1.037,0.0011,"aoml_navis",1029.54419598632
"7901009",4,0,1,0.028035,1,0.005607,1,115.817667919352,1,4.85645869750749,538,1,9.51200008392334,35.1240005493164,0.0280349999666214,0,111.685203552246,-89.2033,26.745,11.920975120825,63,63,63,63,61,63,0,7816,1.08413155380343,27,-89,0.001869,51,2023-07-07 12:00:39.001287,538,1.037,0.0011,"aoml_navis",1029.55678436351
"7901009",4,0,1,0.028035,1,0.005607,1,115.583299933337,1,4.85640556225274,540,1,9.47700023651123,35.1189994812012,0.0280349999666214,0,111.459197998047,-89.2033,26.745,11.920975120825,63,63,63,63,61,63,0,7816,1.08413155380343,27,-89,0.001869,51,2023-07-07 12:00:39.001287,540,1.037,0.0011,"aoml_navis",1029.56804902444
"7901009",4,0,1,0.029904,1,0.007476,1,115.258722860581,1,4.85634498859294,542,1,9.43299961090088,35.1139984130859,0.0299040004611015,0,111.146202087402,-89.2033,26.745,11.920975120825,63,63,63,63,61,63,0,7816,1.08413155380343,27,-89,0.001869,51,2023-07-07 12:00:39.001287,542,1.037,0.0011,"aoml_navis",1029.58089092609
"7901009",4,0,1,0.028035,1,0.005607,1,115.213918961422,1,4.85628188502709,544,1,9.3769998550415,35.1069984436035,0.0280349999666214,0,111.102996826172,-89.2033,26.745,11.920975120825,63,63,63,63,61,63,0,7816,1.08413155380343,27,-89,0.001869,51,2023-07-07 12:00:39.001287,544,1.037,0.0011,"aoml_navis",1029.59426952048
"7901009",4,0,1,0.020559,1,-0.001869,1,115.279047991597,1,4.85622443362822,546,1,9.34099960327148,35.1030006408691,0.020558999851346,0,111.165802001953,-89.2033,26.745,11.920975120825,63,63,63,63,61,63,0,7816,1.08413155380343,27,-89,0.001869,51,2023-07-07 12:00:39.001287,546,1.037,0.0011,"aoml_navis",1029.60645010065
"7901009",4,0,1,0.028035,1,0.005607,1,115.465083464815,1,4.85615585875423,548,1,9.28699970245361,35.0979995727539,0.0280349999666214,0,111.345199584961,-89.2033,26.745,11.920975120825,63,63,63,63,61,63,0,7816,1.08413155380343,27,-89,0.001869,51,2023-07-07 12:00:39.001287,548,1.037,0.0011,"aoml_navis",1029.62098940594
"7901009",4,0,1,0.029904,1,0.007476,1,115.489973640827,1,4.85610768234374,550,1,9.27099990844727,35.0960006713867,0.0299040004611015,0,111.369201660156,-89.2033,26.745,11.920975120825,63,63,63,63,61,63,0,7816,1.08413155380343,27,-89,0.001869,51,2023-07-07 12:00:39.001287,550,1.037,0.0011,"aoml_navis",1029.63120405658
"7901009",4,0,1,0.029904,1,0.007476,1,115.581852094109,1,4.85606693355465,552,1,9.26399993896484,35.0940017700195,0.0299040004611015,0,111.457801818848,-89.2033,26.745,11.920975120825,63,63,63,63,61,63,0,7816,1.08413155380343,27,-89,0.001869,51,2023-07-07 12:00:39.001287,552,1.037,0.0011,"aoml_navis",1029.63984401673
"7901009",4,0,1,0.026166,1,0.003738,1,115.827517973114,1,4.85601130545749,554,1,9.22999954223633,35.0900001525879,0.0261659994721413,0,111.694702148438,-89.2033,26.745,11.920975120825,63,63,63,63,61,63,0,7816,1.08413155380343,27,-89,0.001869,51,2023-07-07 12:00:39.001287,554,1.037,0.0011,"aoml_navis",1029.65163906861
"7901009",4,0,1,0.029904,1,0.007476,1,116.210791872263,1,4.85595939746416,556,1,9.19600009918213,35.0849990844727,0.0299040004611015,0,112.064300537109,-89.2033,26.745,11.920975120825,63,63,63,63,61,63,0,7816,1.08413155380343,27,-89,0.001869,51,2023-07-07 12:00:39.001287,556,1.037,0.0011,"aoml_navis",1029.66264557547
"7901009",4,0,1,0.024297,1,0.001869,1,116.203845408646,1,4.85589932469378,558,1,9.15200042724609,35.0800018310547,0.0242970008403063,0,112.057601928711,-89.2033,26.745,11.920975120825,63,63,63,63,61,63,0,7816,1.08413155380343,27,-89,0.001869,51,2023-07-07 12:00:39.001287,558,1.037,0.0011,"aoml_navis",1029.67538362532
"7901009",4,0,1,0.029904,1,0.007476,1,115.684719884481,1,4.85583730963425,560,1,9.10999965667725,35.076000213623,0.0299040004611015,0,111.556999206543,-89.2033,26.745,11.920975120825,63,63,63,63,61,63,0,7816,1.08413155380343,27,-89,0.001869,51,2023-07-07 12:00:39.001287,560,1.037,0.0011,"aoml_navis",1029.68853385589
"7901009",4,0,1,0.031773,1,0.009345,1,115.568884834579,1,4.85577413024725,562,1,9.07100009918213,35.0730018615723,0.0317730009555817,0,111.445297241211,-89.2033,26.745,11.920975120825,63,63,63,63,61,63,0,7816,1.08413155380343,27,-89,0.001869,51,2023-07-07 12:00:39.001287,562,1.037,0.0011,"aoml_navis",1029.70193132632
"7901009",4,0,1,0.026166,1,0.003738,1,115.553749772051,1,4.85573180495372,564,1,9.0620002746582,35.0709991455078,0.0261659994721413,0,111.430702209473,-89.2033,26.745,11.920975120825,63,63,63,63,61,63,0,7816,1.08413155380343,27,-89,0.001869,51,2023-07-07 12:00:39.001287,564,1.037,0.0011,"aoml_navis",1029.71090678837
"7901009",4,0,1,0.029904,1,0.007476,1,115.661799719221,1,4.85567847065983,566,1,9.03499984741211,35.068000793457,0.0299040004611015,0,111.534896850586,-89.2033,26.745,11.920975120825,63,63,63,63,61,63,0,7816,1.08413155380343,27,-89,0.001869,51,2023-07-07 12:00:39.001287,566,1.037,0.0011,"aoml_navis",1029.72221703151
"7901009",4,0,1,0.033642,1,0.011214,1,115.717490103502,1,4.85562273938381,568,1,9.00500011444092,35.064998626709,0.0336420014500618,0,111.588600158691,-89.2033,26.745,11.920975120825,63,63,63,63,61,63,0,7816,1.08413155380343,27,-89,0.001869,51,2023-07-07 12:00:39.001287,568,1.037,0.0011,"aoml_navis",1029.73403585191
"7901009",4,0,1,0.028035,1,0.005607,1,115.794439198191,1,4.85556502031241,570,1,8.9680004119873,35.0610008239746,0.0280349999666214,0,111.662803649902,-89.2033,26.745,11.920975120825,63,63,63,63,61,63,0,7816,1.08413155380343,27,-89,0.001869,51,2023-07-07 12:00:39.001287,570,1.037,0.0011,"aoml_navis",1029.74627650611
"7901009",4,0,1,0.029904,1,0.007476,1,115.880091151626,1,4.85551061229515,572,1,8.9350004196167,35.056999206543,0.0299040004611015,0,111.745399475098,-89.2033,26.745,11.920975120825,63,63,63,63,61,63,0,7816,1.08413155380343,27,-89,0.001869,51,2023-07-07 12:00:39.001287,572,1.037,0.0011,"aoml_navis",1029.75781524171
"7901009",4,0,1,0.029904,1,0.007476,1,116.022264216767,1,4.85544779525471,574,1,8.88700008392334,35.0519981384277,0.0299040004611015,0,111.882499694824,-89.2033,26.745,11.920975120825,63,63,63,63,61,63,0,7816,1.08413155380343,27,-89,0.001869,51,2023-07-07 12:00:39.001287,574,1.037,0.0011,"aoml_navis",1029.77113766655
"7901009",4,0,1,0.028035,1,0.005607,1,116.134776356966,1,4.85539707149748,576,1,8.86299991607666,35.048999786377,0.0280349999666214,0,111.990997314453,-89.2033,26.745,11.920975120825,63,63,63,63,61,63,0,7816,1.08413155380343,27,-89,0.001869,51,2023-07-07 12:00:39.001287,576,1.037,0.0011,"aoml_navis",1029.78189556347
"7901009",4,0,1,0.029904,1,0.007476,1,116.282448046497,1,4.85533394606322,578,1,8.81900024414062,35.0449981689453,0.0299040004611015,0,112.133399963379,-89.2033,26.745,11.920975120825,63,63,63,63,61,63,0,7816,1.08413155380343,27,-89,0.001869,51,2023-07-07 12:00:39.001287,578,1.037,0.0011,"aoml_navis",1029.79528402039
"7901009",4,0,1,0.026166,1,0.003738,1,116.075256714837,1,4.85527456229862,580,1,8.77499961853027,35.0400009155273,0.0261659994721413,0,111.933601379395,-89.2033,26.745,11.920975120825,63,63,63,63,61,63,0,7816,1.08413155380343,27,-89,0.001869,51,2023-07-07 12:00:39.001287,580,1.037,0.0011,"aoml_navis",1029.8078792135
"7901009",4,0,1,0.029904,1,0.007476,1,115.737087359059,1,4.85521433756747,582,1,8.73900032043457,35.0369987487793,0.0299040004611015,0,111.607498168945,-89.2033,26.745,11.920975120825,63,63,63,63,61,63,0,7816,1.08413155380343,27,-89,0.001869,51,2023-07-07 12:00:39.001287,582,1.037,0.0011,"aoml_navis",1029.82065308883
"7901009",4,0,1,0.026166,1,0.003738,1,115.567951255186,1,4.8551551024239,584,1,8.69499969482422,35.0320014953613,0.0261659994721413,0,111.444396972656,-89.2033,26.745,11.920975120825,63,63,63,63,61,63,0,7816,1.08413155380343,27,-89,0.001869,51,2023-07-07 12:00:39.001287,584,1.037,0.0011,"aoml_navis",1029.83321737833
"7901009",4,0,1,0.029904,1,0.007476,1,115.527198141188,1,4.85510841245595,586,1,8.6850004196167,35.0309982299805,0.0299040004611015,0,111.405097961426,-89.2033,26.745,11.920975120825,63,63,63,63,61,63,0,7816,1.08413155380343,27,-89,0.001869,51,2023-07-07 12:00:39.001287,586,1.037,0.0011,"aoml_navis",1029.84312094295
"7901009",4,0,1,0.029904,1,0.007476,1,115.484680720372,1,4.85506139204264,588,1,8.67000007629395,35.0289993286133,0.0299040004611015,0,111.364097595215,-89.2033,26.745,11.920975120825,63,63,63,63,61,63,0,7816,1.08413155380343,27,-89,0.001869,51,2023-07-07 12:00:39.001287,588,1.037,0.0011,"aoml_navis",1029.85309479195
"7901009",4,0,1,0.026166,1,0.003738,1,115.537364662541,1,4.85500338477437,590,1,8.63199996948242,35.0250015258789,0.0261659994721413,0,111.414901733398,-89.2033,26.745,11.920975120825,63,63,63,63,61,63,0,7816,1.08413155380343,27,-89,0.001869,51,2023-07-07 12:00:39.001287,590,1.037,0.0011,"aoml_navis",1029.8653994105
"7901009",4,0,1,0.031773,1,0.009345,1,115.577184197146,1,4.85495322208885,592,1,8.61299991607666,35.0229988098145,0.0317730009555817,0,111.453300476074,-89.2033,26.745,11.920975120825,63,63,63,63,61,63,0,7816,1.08413155380343,27,-89,0.001869,51,2023-07-07 12:00:39.001287,592,1.037,0.0011,"aoml_navis",1029.87604025745
"7901009",4,0,1,0.028035,1,0.005607,1,115.613475118114,1,4.85490146780249,594,1,8.59200000762939,35.0209999084473,0.0280349999666214,0,111.488296508789,-89.2033,26.745,11.920975120825,63,63,63,63,61,63,0,7816,1.08413155380343,27,-89,0.001869,51,2023-07-07 12:00:39.001287,594,1.037,0.0011,"aoml_navis",1029.88701895596
"7901009",4,0,1,0.029904,1,0.007476,1,115.737506678616,1,4.8548457574549,596,1,8.56599998474121,35.0190010070801,0.0299040004611015,0,111.607902526855,-89.2033,26.745,11.920975120825,63,63,63,63,61,63,0,7816,1.08413155380343,27,-89,0.001869,51,2023-07-07 12:00:39.001287,596,1.037,0.0011,"aoml_navis",1029.89883712005
"7901009",4,0,1,0.028035,1,0.005607,1,115.825856518262,1,4.85479138325324,598,1,8.53699970245361,35.015998840332,0.0280349999666214,0,111.693099975586,-89.2033,26.745,11.920975120825,63,63,63,63,61,63,0,7816,1.08413155380343,27,-89,0.001869,51,2023-07-07 12:00:39.001287,598,1.037,0.0011,"aoml_navis",1029.91037210119
"7901009",4,0,1,0.031773,1,0.009345,1,115.953614484645,1,4.85474365194175,600,1,8.52099990844727,35.0139999389648,0.0317730009555817,0,111.816299438477,-89.2033,26.745,11.920975120825,63,63,63,63,61,63,0,7816,1.08413155380343,27,-89,0.001869,51,2023-07-07 12:00:39.001287,600,1.037,0.0011,"aoml_navis",1029.92049806794
"7901009",4,0,1,0.031773,1,0.009345,1,116.111341931872,1,4.85470334582679,602,1,8.51900005340576,35.0130004882812,0.0317730009555817,0,111.968399047852,-89.2033,26.745,11.920975120825,63,63,63,63,61,63,0,7816,1.08413155380343,27,-89,0.001869,51,2023-07-07 12:00:39.001287,602,1.037,0.0011,"aoml_navis",1029.92904897023
"7901009",4,0,1,0.028035,1,0.005607,1,116.364682149951,1,4.8546532485098,604,1,8.5,35.0110015869141,0.0280349999666214,0,112.212699890137,-89.2033,26.745,11.920975120825,63,63,63,63,61,63,0,7816,1.08413155380343,27,-89,0.001869,51,2023-07-07 12:00:39.001287,604,1.037,0.0011,"aoml_navis",1029.93967726424
"7901009",4,0,1,0.026166,1,0.003738,1,116.423378976344,1,4.85460052689306,606,1,8.47299957275391,35.007999420166,0.0261659994721413,0,112.269302368164,-89.2033,26.745,11.920975120825,63,63,63,63,61,63,0,7816,1.08413155380343,27,-89,0.001869,51,2023-07-07 12:00:39.001287,606,1.037,0.0011,"aoml_navis",1029.95086254811
"7901009",4,0,1,0.029904,1,0.007476,1,116.521373165818,1,4.85453808119975,608,1,8.42899990081787,35.0040016174316,0.0299040004611015,0,112.363800048828,-89.2033,26.745,11.920975120825,63,63,63,63,61,63,0,7816,1.08413155380343,27,-89,0.001869,51,2023-07-07 12:00:39.001287,608,1.037,0.0011,"aoml_navis",1029.96411118157
"7901009",4,0,1,0.029904,1,0.007476,1,116.783218450399,1,4.8544741584757,610,1,8.38300037384033,35,0.0299040004611015,0,112.616302490234,-89.2033,26.745,11.920975120825,63,63,63,63,61,63,0,7816,1.08413155380343,27,-89,0.001869,51,2023-07-07 12:00:39.001287,610,1.037,0.0011,"aoml_navis",1029.97767353859
"7901009",4,0,1,0.028035,1,0.005607,1,117.047239449666,1,4.85442101638226,612,1,8.35999965667725,34.9980010986328,0.0280349999666214,0,112.870903015137,-89.2033,26.745,11.920975120825,63,63,63,63,61,63,0,7816,1.08413155380343,27,-89,0.001869,51,2023-07-07 12:00:39.001287,612,1.037,0.0011,"aoml_navis",1029.98894886258
"7901009",4,0,1,0.026166,1,0.003738,1,117.429057597898,1,4.85437442512148,614,1,8.35000038146973,34.9970016479492,0.0261659994721413,0,113.239097595215,-89.2033,26.745,11.920975120825,63,63,63,63,61,63,0,7816,1.08413155380343,27,-89,0.001869,51,2023-07-07 12:00:39.001287,614,1.037,0.0011,"aoml_navis",1029.99883447904
"7901009",4,0,1,0.024297,1,0.001869,1,118.00335133482,1,4.85433437031746,616,1,8.35299968719482,34.9970016479492,0.0242970008403063,0,113.792900085449,-89.2033,26.745,11.920975120825,63,63,63,63,61,63,0,7816,1.08413155380343,27,-89,0.001869,51,2023-07-07 12:00:39.001287,616,1.037,0.0011,"aoml_navis",1030.00733335825
"7901009",4,0,1,0.029904,1,0.007476,1,118.950966065161,1,4.85429068713726,618,1,8.34200000762939,34.9949989318848,0.0299040004611015,0,114.706703186035,-89.2033,26.745,11.920975120825,63,63,63,63,61,63,0,7816,1.08413155380343,27,-89,0.001869,51,2023-07-07 12:00:39.001287,618,1.037,0.0011,"aoml_navis",1030.01660227082
"7901009",4,0,1,0.029904,1,0.007476,1,119.711500979235,1,4.85422979591109,620,1,8.29500007629395,34.9900016784668,0.0299040004611015,0,115.440101623535,-89.2033,26.745,11.920975120825,63,63,63,63,61,63,0,7816,1.08413155380343,27,-89,0.001869,51,2023-07-07 12:00:39.001287,620,1.037,0.0011,"aoml_navis",1030.02952274977
"7901009",4,0,1,0.028035,1,0.005607,1,119.846411113169,1,4.85416768076439,622,1,8.25100040435791,34.9860000610352,0.0280349999666214,0,115.570198059082,-89.2033,26.745,11.920975120825,63,63,63,63,61,63,0,7816,1.08413155380343,27,-89,0.001869,51,2023-07-07 12:00:39.001287,622,1.037,0.0011,"aoml_navis",1030.04270326579
"7901009",4,0,1,0.029904,1,0.007476,1,119.841126104404,1,4.85410897130351,624,1,8.21599960327148,34.9830017089844,0.0299040004611015,0,115.565101623535,-89.2033,26.745,11.920975120825,63,63,63,63,61,63,0,7816,1.08413155380343,27,-89,0.001869,51,2023-07-07 12:00:39.001287,624,1.037,0.0011,"aoml_navis",1030.05516142282
"7901009",4,0,1,0.028035,1,0.005607,1,119.813435190214,1,4.85404601533964,626,1,8.16600036621094,34.9780006408691,0.0280349999666214,0,115.538398742676,-89.2033,26.745,11.920975120825,63,63,63,63,61,63,0,7816,1.08413155380343,27,-89,0.001869,51,2023-07-07 12:00:39.001287,626,1.037,0.0011,"aoml_navis",1030.06852102331
"7901009",4,0,1,0.029904,1,0.007476,1,119.752254093233,1,4.85398336599936,628,1,8.12100028991699,34.9739990234375,0.0299040004611015,0,115.479400634766,-89.2033,26.745,11.920975120825,63,63,63,63,61,63,0,7816,1.08413155380343,27,-89,0.001869,51,2023-07-07 12:00:39.001287,628,1.037,0.0011,"aoml_navis",1030.08181590061
"7901009",4,0,1,0.026166,1,0.003738,1,119.623040375933,1,4.85392503869722,630,1,8.09099960327148,34.9720001220703,0.0261659994721413,0,115.354797363281,-89.2033,26.745,11.920975120825,63,63,63,63,61,63,0,7816,1.08413155380343,27,-89,0.001869,51,2023-07-07 12:00:39.001287,630,1.037,0.0011,"aoml_navis",1030.09419390251
"7901009",4,0,1,0.029904,1,0.007476,1,119.558441428972,1,4.85387757221476,632,1,8.07499980926514,34.9700012207031,0.0299040004611015,0,115.292503356934,-89.2033,26.745,11.920975120825,63,63,63,63,61,63,0,7816,1.08413155380343,27,-89,0.001869,51,2023-07-07 12:00:39.001287,632,1.037,0.0011,"aoml_navis",1030.10426728142
"7901009",4,0,1,0.029904,1,0.007476,1,119.633104045319,1,4.85381545292185,634,1,8.03999996185303,34.9679985046387,0.0299040004611015,0,115.364501953125,-89.2033,26.745,11.920975120825,63,63,63,63,61,63,0,7816,1.08413155380343,27,-89,0.001869,51,2023-07-07 12:00:39.001287,634,1.037,0.0011,"aoml_navis",1030.11745059037
"7901009",4,0,1,0.028035,1,0.005607,1,119.614432457465,1,4.85375550742789,636,1,8.00300025939941,34.9650001525879,0.0280349999666214,0,115.346496582031,-89.2033,26.745,11.920975120825,63,63,63,63,61,63,0,7816,1.08413155380343,27,-89,0.001869,51,2023-07-07 12:00:39.001287,636,1.037,0.0011,"aoml_navis",1030.13017288331
"7901009",4,0,1,0.031773,1,0.009345,1,119.640050508935,1,4.8536870182774,638,1,7.94999980926514,34.9609985351562,0.0317730009555817,0,115.371200561523,-89.2033,26.745,11.920975120825,63,63,63,63,61,63,0,7816,1.08413155380343,27,-89,0.001869,51,2023-07-07 12:00:39.001287,638,1.037,0.0011,"aoml_navis",1030.14470878976
"7901009",4,0,1,0.029904,1,0.007476,1,119.597010916594,1,4.85362568028263,640,1,7.91099977493286,34.9580001831055,0.0299040004611015,0,115.329696655273,-89.2033,26.745,11.920975120825,63,63,63,63,61,63,0,7816,1.08413155380343,27,-89,0.001869,51,2023-07-07 12:00:39.001287,640,1.037,0.0011,"aoml_navis",1030.15772730724
"7901009",4,0,1,0.028035,1,0.005607,1,119.451317149506,1,4.85357081522218,642,1,7.8899998664856,34.9570007324219,0.0280349999666214,0,115.18920135498,-89.2033,26.745,11.920975120825,63,63,63,63,61,63,0,7816,1.08413155380343,27,-89,0.001869,51,2023-07-07 12:00:39.001287,642,1.037,0.0011,"aoml_navis",1030.169372273
"7901009",4,0,1,0.033642,1,0.011214,1,119.406829717937,1,4.85351826047127,644,1,7.87200021743774,34.9560012817383,0.0336420014500618,0,115.146301269531,-89.2033,26.745,11.920975120825,63,63,63,63,61,63,0,7816,1.08413155380343,27,-89,0.001869,51,2023-07-07 12:00:39.001287,644,1.037,0.0011,"aoml_navis",1030.18052712848
"7901009",4,0,1,0.031773,1,0.009345,1,119.377168792995,1,4.85346953745262,646,1,7.85900020599365,34.9550018310547,0.0317730009555817,0,115.117698669434,-89.2033,26.745,11.920975120825,63,63,63,63,61,63,0,7816,1.08413155380343,27,-89,0.001869,51,2023-07-07 12:00:39.001287,646,1.037,0.0011,"aoml_navis",1030.19086890659
"7901009",4,0,1,0.029904,1,0.007476,1,119.355910082587,1,4.85342694555005,648,1,7.85400009155273,34.9539985656738,0.0299040004611015,0,115.097198486328,-89.2033,26.745,11.920975120825,63,63,63,63,61,63,0,7816,1.08413155380343,27,-89,0.001869,51,2023-07-07 12:00:39.001287,648,1.037,0.0011,"aoml_navis",1030.19990948547
"7901009",4,0,1,0.029904,1,0.007476,1,119.420619793204,1,4.85338340819695,649.900024414062,1,7.84499979019165,34.9529991149902,0.0299040004611015,0,115.159599304199,-89.2033,26.745,11.920975120825,63,63,63,63,61,63,0,7816,1.08413155380343,27,-89,0.001869,51,2023-07-07 12:00:39.001287,649.900024414062,1.037,0.0011,"aoml_navis",1030.20915091015
"7901009",4,0,1,0.029904,1,0.007476,1,119.6532234724,1,4.8533102002413,652,1,7.79300022125244,34.9500007629395,0.0299040004611015,0,115.383903503418,-89.2033,26.745,11.920975120825,63,63,63,63,61,63,0,7816,1.08413155380343,27,-89,0.001869,51,2023-07-07 12:00:39.001287,652,1.037,0.0011,"aoml_navis",1030.22469071757
"7901009",4,0,1,0.031773,1,0.009345,1,119.90313792881,1,4.85325682524031,654,1,7.76900005340576,34.9480018615723,0.0317730009555817,0,115.624900817871,-89.2033,26.745,11.920975120825,63,63,63,63,61,63,0,7816,1.08413155380343,27,-89,0.001869,51,2023-07-07 12:00:39.001287,654,1.037,0.0011,"aoml_navis",1030.23602089148
"7901009",4,0,1,0.026166,1,0.003738,1,120.279362512375,1,4.85319915144892,656,1,7.74900007247925,34.9480018615723,0.0261659994721413,0,115.987701416016,-89.2033,26.745,11.920975120825,63,63,63,63,61,63,0,7816,1.08413155380343,27,-89,0.001869,51,2023-07-07 12:00:39.001287,656,1.037,0.0011,"aoml_navis",1030.24826387091
"7901009",4,0,1,0.031773,1,0.009345,1,120.686593008144,1,4.85313380888153,658,1,7.71400022506714,34.9469985961914,0.0317730009555817,0,116.380401611328,-89.2033,26.745,11.920975120825,63,63,63,63,61,63,0,7816,1.08413155380343,27,-89,0.001869,51,2023-07-07 12:00:39.001287,658,1.037,0.0011,"aoml_navis",1030.26213512796
"7901009",4,0,1,0.033642,1,0.011214,1,120.713658898842,1,4.85307293832313,660,1,7.67999982833862,34.9449996948242,0.0336420014500618,0,116.40650177002,-89.2033,26.745,11.920975120825,63,63,63,63,61,63,0,7816,1.08413155380343,27,-89,0.001869,51,2023-07-07 12:00:39.001287,660,1.037,0.0011,"aoml_navis",1030.27505737996
"7901009",4,0,1,0.028035,1,0.005607,1,120.763534191143,1,4.85300532115568,662,1,7.63700008392334,34.943000793457,0.0280349999666214,0,116.454597473145,-89.2033,26.745,11.920975120825,63,63,63,63,61,63,0,7816,1.08413155380343,27,-89,0.001869,51,2023-07-07 12:00:39.001287,662,1.037,0.0011,"aoml_navis",1030.2894122542
"7901009",4,0,1,0.029904,1,0.007476,1,120.920850230501,1,4.85293620824216,664,1,7.58699989318848,34.939998626709,0.0299040004611015,0,116.606300354004,-89.2033,26.745,11.920975120825,63,63,63,63,61,63,0,7816,1.08413155380343,27,-89,0.001869,51,2023-07-07 12:00:39.001287,664,1.037,0.0011,"aoml_navis",1030.30408508318
"7901009",4,0,1,0.028035,1,0.005607,1,120.918460900191,1,4.85288836863472,666,1,7.57499980926514,34.9389991760254,0.0280349999666214,0,116.603996276855,-89.2033,26.745,11.920975120825,63,63,63,63,61,63,0,7816,1.08413155380343,27,-89,0.001869,51,2023-07-07 12:00:39.001287,666,1.037,0.0011,"aoml_navis",1030.31424178559
"7901009",4,0,1,0.028035,1,0.005607,1,121.413012715935,1,4.85283745267465,668,1,7.55399990081787,34.9370002746582,0.0280349999666214,0,117.080902099609,-89.2033,26.745,11.920975120825,63,63,63,63,61,63,0,7816,1.08413155380343,27,-89,0.001869,51,2023-07-07 12:00:39.001287,668,1.037,0.0011,"aoml_navis",1030.32505184039
"7901009",4,0,1,0.029904,1,0.007476,1,122.255987437398,1,4.85275653511609,670,1,7.48799991607666,34.9339981079102,0.0299040004611015,0,117.893798828125,-89.2033,26.745,11.920975120825,63,63,63,63,61,63,0,7816,1.08413155380343,27,-89,0.001869,51,2023-07-07 12:00:39.001287,670,1.037,0.0011,"aoml_navis",1030.34223205273
"7901009",4,0,1,0.033642,1,0.011214,1,122.361869581571,1,4.85268861857543,672,1,7.4539999961853,34.9339981079102,0.0336420014500618,0,117.995903015137,-89.2033,26.745,11.920975120825,63,63,63,63,61,63,0,7816,1.08413155380343,27,-89,0.001869,51,2023-07-07 12:00:39.001287,672,1.037,0.0011,"aoml_navis",1030.35665236395
"7901009",4,0,1,0.031773,1,0.009345,1,122.254017426646,1,4.85263416884852,674,1,7.43800020217896,34.9339981079102,0.0317730009555817,0,117.891899108887,-89.2033,26.745,11.920975120825,63,63,63,63,61,63,0,7816,1.08413155380343,27,-89,0.001869,51,2023-07-07 12:00:39.001287,674,1.037,0.0011,"aoml_navis",1030.36821363899
"7901009",4,0,1,0.028035,1,0.005607,1,122.656580025451,1,4.85258266415335,676,1,7.4210000038147,34.9329986572266,0.0280349999666214,0,118.280097961426,-89.2033,26.745,11.920975120825,63,63,63,63,61,63,0,7816,1.08413155380343,27,-89,0.001869,51,2023-07-07 12:00:39.001287,676,1.037,0.0011,"aoml_navis",1030.37914983616
"7901009",4,0,1,0.029904,1,0.007476,1,122.976702816867,1,4.85250881773413,678,1,7.36899995803833,34.9309997558594,0.0299040004611015,0,118.588798522949,-89.2033,26.745,11.920975120825,63,63,63,63,61,63,0,7816,1.08413155380343,27,-89,0.001869,51,2023-07-07 12:00:39.001287,678,1.037,0.0011,"aoml_navis",1030.39483034566
"7901009",4,0,1,0.031773,1,0.009345,1,122.951195529053,1,4.85243728990914,680,1,7.31500005722046,34.9280014038086,0.0317730009555817,0,118.56420135498,-89.2033,26.745,11.920975120825,63,63,63,63,61,63,0,7816,1.08413155380343,27,-89,0.001869,51,2023-07-07 12:00:39.001287,680,1.037,0.0011,"aoml_navis",1030.41001898113
"7901009",4,0,1,0.028035,1,0.005607,1,122.836396910511,1,4.85237700412988,682,1,7.29099988937378,34.9280014038086,0.0280349999666214,0,118.453498840332,-89.2033,26.745,11.920975120825,63,63,63,63,61,63,0,7816,1.08413155380343,27,-89,0.001869,51,2023-07-07 12:00:39.001287,682,1.037,0.0011,"aoml_navis",1030.42282076279
"7901009",4,0,1,0.031773,1,0.009345,1,122.950364801627,1,4.85233299836551,684,1,7.28399991989136,34.9269981384277,0.0317730009555817,0,118.563400268555,-89.2033,26.745,11.920975120825,63,63,63,63,61,63,0,7816,1.08413155380343,27,-89,0.001869,51,2023-07-07 12:00:39.001287,684,1.037,0.0011,"aoml_navis",1030.43216565809
"7901009",4,0,1,0.033642,1,0.011214,1,123.04566110489,1,4.85228825562455,686,1,7.2810001373291,34.9269981384277,0.0336420014500618,0,118.655296325684,-89.2033,26.745,11.920975120825,63,63,63,63,61,63,0,7816,1.08413155380343,27,-89,0.001869,51,2023-07-07 12:00:39.001287,686,1.037,0.0011,"aoml_navis",1030.4416672287
"7901009",4,0,1,0.031773,1,0.009345,1,123.31538643248,1,4.85224497879875,688,1,7.27500009536743,34.9259986877441,0.0317730009555817,0,118.915397644043,-89.2033,26.745,11.920975120825,63,63,63,63,61,63,0,7816,1.08413155380343,27,-89,0.001869,51,2023-07-07 12:00:39.001287,688,1.037,0.0011,"aoml_navis",1030.4508576642
"7901009",4,0,4,0.024297,1,0.001869,1,123.673778067307,1,4.85219356634357,690,1,7.25299978256226,34.923999786377,0.0242970008403063,0,119.261001586914,-89.2033,26.745,11.920975120825,63,63,63,63,61,63,0,7816,1.08413155380343,27,-89,0.001869,51,2023-07-07 12:00:39.001287,690,1.037,0.0011,"aoml_navis",1030.46177602676
"7901009",4,0,1,0.033642,1,0.011214,1,124.059955556601,1,4.85213701202943,692,1,7.22399997711182,34.9220008850098,0.0336420014500618,0,119.633399963379,-89.2033,26.745,11.920975120825,63,63,63,63,61,63,0,7816,1.08413155380343,27,-89,0.001869,51,2023-07-07 12:00:39.001287,692,1.037,0.0011,"aoml_navis",1030.47378662309
"7901009",4,0,1,0.031773,1,0.009345,1,124.335488064482,1,4.85208637860961,694,1,7.20800018310547,34.9210014343262,0.0317730009555817,0,119.899101257324,-89.2033,26.745,11.920975120825,63,63,63,63,61,63,0,7816,1.08413155380343,27,-89,0.001869,51,2023-07-07 12:00:39.001287,694,1.037,0.0011,"aoml_navis",1030.48454002024
"7901009",4,0,1,0.028035,1,0.005607,1,124.81177970024,1,4.85202620616636,696,1,7.17899990081787,34.9199981689453,0.0280349999666214,0,120.3583984375,-89.2033,26.745,11.920975120825,63,63,63,63,61,63,0,7816,1.08413155380343,27,-89,0.001869,51,2023-07-07 12:00:39.001287,696,1.037,0.0011,"aoml_navis",1030.49731958281
"7901009",4,0,1,0.029904,1,0.007476,1,125.374664780515,1,4.85197341900248,698,1,7.15000009536743,34.9169998168945,0.0299040004611015,0,120.90119934082,-89.2033,26.745,11.920975120825,63,63,63,63,61,63,0,7816,1.08413155380343,27,-89,0.001869,51,2023-07-07 12:00:39.001287,698,1.037,0.0011,"aoml_navis",1030.50853090369
"7901009",4,0,1,0.028035,1,0.005607,1,125.833534875403,1,4.85192872804349,700,1,7.13199996948242,34.9140014648438,0.0280349999666214,0,121.343696594238,-89.2033,26.745,11.920975120825,63,63,63,63,61,63,0,7816,1.08413155380343,27,-89,0.001869,51,2023-07-07 12:00:39.001287,700,1.037,0.0011,"aoml_navis",1030.51802288452
"7901009",4,0,1,0.028035,1,0.005607,1,126.175335696785,1,4.85187381319161,702,1,7.09999990463257,34.9109992980957,0.0280349999666214,0,121.673301696777,-89.2033,26.745,11.920975120825,63,63,63,63,61,63,0,7816,1.08413155380343,27,-89,0.001869,51,2023-07-07 12:00:39.001287,702,1.037,0.0011,"aoml_navis",1030.52968657298
"7901009",4,0,1,0.028035,1,0.005607,1,126.437283833333,1,4.85182103212401,704,1,7.08599996566772,34.9109992980957,0.0280349999666214,0,121.925903320312,-89.2033,26.745,11.920975120825,63,63,63,63,61,63,0,7816,1.08413155380343,27,-89,0.001869,51,2023-07-07 12:00:39.001287,704,1.037,0.0011,"aoml_navis",1030.54089730328
"7901009",4,0,1,0.026166,1,0.003738,1,126.833208524422,1,4.8517785200524,706,1,7.08099985122681,34.9099998474121,0.0261659994721413,0,122.30770111084,-89.2033,26.745,11.920975120825,63,63,63,63,61,63,0,7816,1.08413155380343,27,-89,0.001869,51,2023-07-07 12:00:39.001287,706,1.037,0.0011,"aoml_navis",1030.54992707004
"7901009",4,0,1,0.028035,1,0.005607,1,127.335323915585,1,4.85172288931245,708,1,7.05299997329712,34.9080009460449,0.0280349999666214,0,122.791900634766,-89.2033,26.745,11.920975120825,63,63,63,63,61,63,0,7816,1.08413155380343,27,-89,0.001869,51,2023-07-07 12:00:39.001287,708,1.037,0.0011,"aoml_navis",1030.56174354355
"7901009",4,0,1,0.028035,1,0.005607,1,127.902457573266,1,4.85166876148264,710,1,7.02699995040894,34.9059982299805,0.0280349999666214,0,123.338798522949,-89.2033,26.745,11.920975120825,63,63,63,63,61,63,0,7816,1.08413155380343,27,-89,0.001869,51,2023-07-07 12:00:39.001287,710,1.037,0.0011,"aoml_navis",1030.57324104542
"7901009",4,0,1,0.031773,1,0.009345,1,128.436409604058,1,4.85161323633633,712,1,6.99399995803833,34.9029998779297,0.0317730009555817,0,123.853698730469,-89.2033,26.745,11.920975120825,63,63,63,63,61,63,0,7816,1.08413155380343,27,-89,0.001869,51,2023-07-07 12:00:39.001287,712,1.037,0.0011,"aoml_navis",1030.58503562327
"7901009",4,0,1,0.026166,1,0.003738,1,128.848205144823,1,4.85155697697467,714,1,6.96500015258789,34.9010009765625,0.0261659994721413,0,124.250801086426,-89.2033,26.745,11.920975120825,63,63,63,63,61,63,0,7816,1.08413155380343,27,-89,0.001869,51,2023-07-07 12:00:39.001287,714,1.037,0.0011,"aoml_navis",1030.59698643752
"7901009",4,0,1,0.028035,1,0.005607,1,129.270364999184,1,4.85150801688456,716,1,6.94600009918213,34.898998260498,0.0280349999666214,0,124.657897949219,-89.2033,26.745,11.920975120825,63,63,63,63,61,63,0,7816,1.08413155380343,27,-89,0.001869,51,2023-07-07 12:00:39.001287,716,1.037,0.0011,"aoml_navis",1030.60738694003
"7901009",4,0,1,0.028035,1,0.005607,1,129.586444917129,1,4.85145181204917,718,1,6.91699981689453,34.8969993591309,0.0280349999666214,0,124.962699890137,-89.2033,26.745,11.920975120825,63,63,63,63,61,63,0,7816,1.08413155380343,27,-89,0.001869,51,2023-07-07 12:00:39.001287,718,1.037,0.0011,"aoml_navis",1030.61932668936
"7901009",4,0,1,0.033642,1,0.011214,1,129.811477109217,1,4.85140280618327,720,1,6.90299987792969,34.8959999084473,0.0336420014500618,0,125.179702758789,-89.2033,26.745,11.920975120825,63,63,63,63,61,63,0,7816,1.08413155380343,27,-89,0.001869,51,2023-07-07 12:00:39.001287,720,1.037,0.0011,"aoml_navis",1030.62973736737
"7901009",4,0,1,0.029904,1,0.007476,1,129.933530747276,1,4.85135156964072,722,1,6.89099979400635,34.8959999084473,0.0299040004611015,0,125.297401428223,-89.2033,26.745,11.920975120825,63,63,63,63,61,63,0,7816,1.08413155380343,27,-89,0.001869,51,2023-07-07 12:00:39.001287,722,1.037,0.0011,"aoml_navis",1030.64062214941
"7901009",4,0,1,0.029904,1,0.007476,1,130.111061153994,1,4.85130171576715,724,1,6.88600015640259,34.8969993591309,0.0299040004611015,0,125.468597412109,-89.2033,26.745,11.920975120825,63,63,63,63,61,63,0,7816,1.08413155380343,27,-89,0.001869,51,2023-07-07 12:00:39.001287,724,1.037,0.0011,"aoml_navis",1030.65121341548
"7901009",4,0,1,0.026166,1,0.003738,1,130.332461880478,1,4.85125272510234,726,1,6.87200021743774,34.8959999084473,0.0261659994721413,0,125.682098388672,-89.2033,26.745,11.920975120825,63,63,63,63,61,63,0,7816,1.08413155380343,27,-89,0.001869,51,2023-07-07 12:00:39.001287,726,1.037,0.0011,"aoml_navis",1030.66162150819
"7901009",4,0,1,0.029904,1,0.007476,1,130.522334523234,1,4.85119933514556,728,1,6.85699987411499,34.8959999084473,0.0299040004611015,0,125.865196228027,-89.2033,26.745,11.920975120825,63,63,63,63,61,63,0,7816,1.08413155380343,27,-89,0.001869,51,2023-07-07 12:00:39.001287,728,1.037,0.0011,"aoml_navis",1030.67296447219
"7901009",4,0,1,0.028035,1,0.005607,1,130.753071043645,1,4.85114675138885,730,1,6.83799982070923,34.8950004577637,0.0280349999666214,0,126.087699890137,-89.2033,26.745,11.920975120825,63,63,63,63,61,63,0,7816,1.08413155380343,27,-89,0.001869,51,2023-07-07 12:00:39.001287,730,1.037,0.0011,"aoml_navis",1030.68413639899
"7901009",4,0,1,0.031773,1,0.009345,1,130.970112429066,1,4.85109265924937,732,1,6.82200002670288,34.8950004577637,0.0317730009555817,0,126.296997070312,-89.2033,26.745,11.920975120825,63,63,63,63,61,63,0,7816,1.08413155380343,27,-89,0.001869,51,2023-07-07 12:00:39.001287,732,1.037,0.0011,"aoml_navis",1030.695629049
"7901009",4,0,1,0.031773,1,0.009345,1,131.025597109413,1,4.8510385762512,734,1,6.80600023269653,34.8950004577637,0.0317730009555817,0,126.35050201416,-89.2033,26.745,11.920975120825,63,63,63,63,61,63,0,7816,1.08413155380343,27,-89,0.001869,51,2023-07-07 12:00:39.001287,734,1.037,0.0011,"aoml_navis",1030.70712001303
"7901009",4,0,1,0.029904,1,0.007476,1,131.004441250972,1,4.85098450205022,736,1,6.78999996185303,34.8950004577637,0.0299040004611015,0,126.330101013184,-89.2033,26.745,11.920975120825,63,63,63,63,61,63,0,7816,1.08413155380343,27,-89,0.001869,51,2023-07-07 12:00:39.001287,736,1.037,0.0011,"aoml_navis",1030.7186093641
"7901009",4,0,1,0.033642,1,0.011214,1,130.897625527406,1,4.85093178728515,738,1,6.7810001373291,34.8959999084473,0.0336420014500618,0,126.227096557617,-89.2033,26.745,11.920975120825,63,63,63,63,61,63,0,7816,1.08413155380343,27,-89,0.001869,51,2023-07-07 12:00:39.001287,738,1.037,0.0011,"aoml_navis",1030.72981011722
"7901009",4,0,1,0.031773,1,0.009345,1,130.636927437842,1,4.85087269739551,740,1,6.75799989700317,34.8959999084473,0.0317730009555817,0,125.975700378418,-89.2033,26.745,11.920975120825,63,63,63,63,61,63,0,7816,1.08413155380343,27,-89,0.001869,51,2023-07-07 12:00:39.001287,740,1.037,0.0011,"aoml_navis",1030.74236573649
"7901009",4,0,1,0.031773,1,0.009345,1,130.049365797178,1,4.85080371320124,742,1,6.7519998550415,34.9020004272461,0.0317730009555817,0,125.409103393555,-89.2033,26.745,11.920975120825,63,63,63,63,61,63,0,7816,1.08413155380343,27,-89,0.001869,51,2023-07-07 12:00:39.001287,742,1.037,0.0011,"aoml_navis",1030.75702411803
"7901009",4,0,1,0.029904,1,0.007476,1,130.030797061291,1,4.85074786159851,744,1,6.75400018692017,34.9059982299805,0.0299040004611015,0,125.39119720459,-89.2033,26.745,11.920975120825,63,63,63,63,61,63,0,7816,1.08413155380343,27,-89,0.001869,51,2023-07-07 12:00:39.001287,744,1.037,0.0011,"aoml_navis",1030.76889227392
"7901009",4,0,1,0.029904,1,0.007476,1,130.293987333133,1,4.85069956177498,746,1,6.74599981307983,34.9059982299805,0.0299040004611015,0,125.644996643066,-89.2033,26.745,11.920975120825,63,63,63,63,61,63,0,7816,1.08413155380343,27,-89,0.001869,51,2023-07-07 12:00:39.001287,746,1.037,0.0011,"aoml_navis",1030.77915593898
"7901009",4,0,1,0.029904,1,0.007476,1,130.399347305781,1,4.85064848675389,748,1,6.72900009155273,34.9049987792969,0.0299040004611015,0,125.746597290039,-89.2033,26.745,11.920975120825,63,63,63,63,61,63,0,7816,1.08413155380343,27,-89,0.001869,51,2023-07-07 12:00:39.001287,748,1.037,0.0011,"aoml_navis",1030.79000955315
"7901009",4,0,1,0.028035,1,0.005607,1,130.693132081958,1,4.85059794588929,750,1,6.72300004959106,34.9059982299805,0.0280349999666214,0,126.029899597168,-89.2033,26.745,11.920975120825,63,63,63,63,61,63,0,7816,1.08413155380343,27,-89,0.001869,51,2023-07-07 12:00:39.001287,750,1.037,0.0011,"aoml_navis",1030.80074988225
"7901009",4,0,1,0.031773,1,0.009345,1,131.068217382196,1,4.85054616715609,752,1,6.70499992370605,34.9049987792969,0.0317730009555817,0,126.3916015625,-89.2033,26.745,11.920975120825,63,63,63,63,61,63,0,7816,1.08413155380343,27,-89,0.001869,51,2023-07-07 12:00:39.001287,752,1.037,0.0011,"aoml_navis",1030.81175350023
"7901009",4,0,1,0.031773,1,0.009345,1,131.145577884754,1,4.85049603954343,754,1,6.67899990081787,34.9020004272461,0.0317730009555817,0,126.466201782227,-89.2033,26.745,11.920975120825,63,63,63,63,61,63,0,7816,1.08413155380343,27,-89,0.001869,51,2023-07-07 12:00:39.001287,754,1.037,0.0011,"aoml_navis",1030.82240645859
"7901009",4,0,1,0.028035,1,0.005607,1,131.058367328434,1,4.85044755202385,756,1,6.68100023269653,34.9039993286133,0.0280349999666214,0,126.382102966309,-89.2033,26.745,11.920975120825,63,63,63,63,61,63,0,7816,1.08413155380343,27,-89,0.001869,51,2023-07-07 12:00:39.001287,756,1.037,0.0011,"aoml_navis",1030.83271107916
"7901009",4,0,1,0.029904,1,0.007476,1,131.07392171052,1,4.85039845397688,758,1,6.67700004577637,34.9049987792969,0.0299040004611015,0,126.397102355957,-89.2033,26.745,11.920975120825,63,63,63,63,61,63,0,7816,1.08413155380343,27,-89,0.001869,51,2023-07-07 12:00:39.001287,758,1.037,0.0011,"aoml_navis",1030.8431456596
"7901009",4,0,1,0.031773,1,0.009345,1,131.458334892995,1,4.85035079057514,760,1,6.67500019073486,34.9059982299805,0.0317730009555817,0,126.767799377441,-89.2033,26.745,11.920975120825,63,63,63,63,61,63,0,7816,1.08413155380343,27,-89,0.001869,51,2023-07-07 12:00:39.001287,760,1.037,0.0011,"aoml_navis",1030.85327554363
"7901009",4,0,1,0.028035,1,0.005607,1,131.871372569054,1,4.85029914730052,762,1,6.65199995040894,34.9039993286133,0.0280349999666214,0,127.16609954834,-89.2033,26.745,11.920975120825,63,63,63,63,61,63,0,7816,1.08413155380343,27,-89,0.001869,51,2023-07-07 12:00:39.001287,762,1.037,0.0011,"aoml_navis",1030.86425149319
"7901009",4,0,1,0.031773,1,0.009345,1,132.133423557569,1,4.85025527649306,764,1,6.64499998092651,34.9029998779297,0.0317730009555817,0,127.418800354004,-89.2033,26.745,11.920975120825,63,63,63,63,61,63,0,7816,1.08413155380343,27,-89,0.001869,51,2023-07-07 12:00:39.001287,764,1.037,0.0011,"aoml_navis",1030.87357571315
"7901009",4,0,1,0.029904,1,0.007476,1,132.498967359946,1,4.85021294688891,766,1,6.63500022888184,34.9010009765625,0.0299040004611015,0,127.771301269531,-89.2033,26.745,11.920975120825,63,63,63,63,61,63,0,7816,1.08413155380343,27,-89,0.001869,51,2023-07-07 12:00:39.001287,766,1.037,0.0011,"aoml_navis",1030.88257252853
"7901009",4,0,1,0.029904,1,0.007476,1,132.804880756538,1,4.85016265100866,768,1,6.61899995803833,34.9000015258789,0.0299040004611015,0,128.066299438477,-89.2033,26.745,11.920975120825,63,63,63,63,61,63,0,7816,1.08413155380343,27,-89,0.001869,51,2023-07-07 12:00:39.001287,768,1.037,0.0011,"aoml_navis",1030.89326271567
"7901009",4,0,1,0.031773,1,0.009345,1,133.08788189956,1,4.85009786389543,770,1,6.59299993515015,34.9010009765625,0.0317730009555817,0,128.339202880859,-89.2033,26.745,11.920975120825,63,63,63,63,61,63,0,7816,1.08413155380343,27,-89,0.001869,51,2023-07-07 12:00:39.001287,770,1.037,0.0011,"aoml_navis",1030.90703328287
"7901009",4,0,1,0.028035,1,0.005607,1,133.437562763952,1,4.85003951295105,772,1,6.57600021362305,34.9020004272461,0.0280349999666214,0,128.676406860352,-89.2033,26.745,11.920975120825,63,63,63,63,61,63,0,7816,1.08413155380343,27,-89,0.001869,51,2023-07-07 12:00:39.001287,772,1.037,0.0011,"aoml_navis",1030.91943615068
"7901009",4,0,1,0.029904,1,0.007476,1,133.84789464211,1,4.8499949474774,774,1,6.56799983978271,34.9010009765625,0.0299040004611015,0,129.07209777832,-89.2033,26.745,11.920975120825,63,63,63,63,61,63,0,7816,1.08413155380343,27,-89,0.001869,51,2023-07-07 12:00:39.001287,774,1.037,0.0011,"aoml_navis",1030.9289090292
"7901009",4,0,1,0.031773,1,0.009345,1,134.501510980651,1,4.84994242994908,776,1,6.55399990081787,34.9010009765625,0.0317730009555817,0,129.702392578125,-89.2033,26.745,11.920975120825,63,63,63,63,61,63,0,7816,1.08413155380343,27,-89,0.001869,51,2023-07-07 12:00:39.001287,776,1.037,0.0011,"aoml_navis",1030.94007242731
"7901009",4,0,1,0.031773,1,0.009345,1,135.460233723428,1,4.84989529641222,778,1,6.53200006484985,34.8979988098145,0.0317730009555817,0,130.626907348633,-89.2033,26.745,11.920975120825,63,63,63,63,61,63,0,7816,1.08413155380343,27,-89,0.001869,51,2023-07-07 12:00:39.001287,778,1.037,0.0011,"aoml_navis",1030.95009158215
"7901009",4,0,1,0.031773,1,0.009345,1,136.337845822697,1,4.84982533435562,780,1,6.48299980163574,34.8959999084473,0.0317730009555817,0,131.473205566406,-89.2033,26.745,11.920975120825,63,63,63,63,61,63,0,7816,1.08413155380343,27,-89,0.001869,51,2023-07-07 12:00:39.001287,780,1.037,0.0011,"aoml_navis",1030.96496374427
"7901009",4,0,1,0.031773,1,0.009345,1,136.5367298801,1,4.8497502269801,782,1,6.43699979782104,34.8959999084473,0.0317730009555817,0,131.664993286133,-89.2033,26.745,11.920975120825,63,63,63,63,61,63,0,7816,1.08413155380343,27,-89,0.001869,51,2023-07-07 12:00:39.001287,782,1.037,0.0011,"aoml_navis",1030.98093014853
"7901009",4,0,1,0.028035,1,0.005607,1,136.526159862569,1,4.84970413068342,784,1,6.43200016021729,34.8959999084473,0.0280349999666214,0,131.654800415039,-89.2033,26.745,11.920975120825,63,63,63,63,61,63,0,7816,1.08413155380343,27,-89,0.001869,51,2023-07-07 12:00:39.001287,784,1.037,0.0011,"aoml_navis",1030.99072959228
"7901009",4,0,1,0.031773,1,0.009345,1,136.474828819351,1,4.84965152645457,786,1,6.4229998588562,34.8969993591309,0.0317730009555817,0,131.60530090332,-89.2033,26.745,11.920975120825,63,63,63,63,61,63,0,7816,1.08413155380343,27,-89,0.001869,51,2023-07-07 12:00:39.001287,786,1.037,0.0011,"aoml_navis",1031.00191276121
"7901009",4,0,1,0.029904,1,0.007476,1,136.379524604398,1,4.84959963164831,788,1,6.41499996185303,34.8979988098145,0.0299040004611015,0,131.513397216797,-89.2033,26.745,11.920975120825,63,63,63,63,61,63,0,7816,1.08413155380343,27,-89,0.001869,51,2023-07-07 12:00:39.001287,788,1.037,0.0011,"aoml_navis",1031.01294535124
"7901009",4,0,1,0.031773,1,0.009345,1,136.547727128878,1,4.84955056286884,790,1,6.41099977493286,34.898998260498,0.0317730009555817,0,131.675598144531,-89.2033,26.745,11.920975120825,63,63,63,63,61,63,0,7816,1.08413155380343,27,-89,0.001869,51,2023-07-07 12:00:39.001287,790,1.037,0.0011,"aoml_navis",1031.02337735853
"7901009",4,0,1,0.031773,1,0.009345,1,136.905810207804,1,4.84948596310601,792,1,6.38500022888184,34.9000015258789,0.0317730009555817,0,132.020904541016,-89.2033,26.745,11.920975120825,63,63,63,63,61,63,0,7816,1.08413155380343,27,-89,0.001869,51,2023-07-07 12:00:39.001287,792,1.037,0.0011,"aoml_navis",1031.03711156998
"7901009",4,0,1,0.026166,1,0.003738,1,137.459248730496,1,4.84943564956543,794,1,6.37400007247925,34.9000015258789,0.0261659994721413,0,132.554595947266,-89.2033,26.745,11.920975120825,63,63,63,63,61,63,0,7816,1.08413155380343,27,-89,0.001869,51,2023-07-07 12:00:39.001287,794,1.037,0.0011,"aoml_navis",1031.0478087173
"7901009",4,0,1,0.031773,1,0.009345,1,138.198532845851,1,4.84938835021412,795.900024414062,1,6.35900020599365,34.898998260498,0.0317730009555817,0,133.267501831055,-89.2033,26.745,11.920975120825,63,63,63,63,61,63,0,7816,1.08413155380343,27,-89,0.001869,51,2023-07-07 12:00:39.001287,795.900024414062,1.037,0.0011,"aoml_navis",1031.05786522113
"7901009",4,0,1,0.028035,1,0.005607,1,139.102791516262,1,4.84932694661628,798,1,6.32999992370605,34.8979988098145,0.0280349999666214,0,134.139495849609,-89.2033,26.745,11.920975120825,63,63,63,63,61,63,0,7816,1.08413155380343,27,-89,0.001869,51,2023-07-07 12:00:39.001287,798,1.037,0.0011,"aoml_navis",1031.07092077775
"7901009",4,0,1,0.029904,1,0.007476,1,139.684443124668,1,4.84927717805896,800,1,6.30399990081787,34.8950004577637,0.0299040004611015,0,134.700393676758,-89.2033,26.745,11.920975120825,63,63,63,63,61,63,0,7816,1.08413155380343,27,-89,0.001869,51,2023-07-07 12:00:39.001287,800,1.037,0.0011,"aoml_navis",1031.08150274911
"7901009",4,0,1,0.029904,1,0.007476,1,140.056529894484,1,4.84922689514404,802,1,6.29300022125244,34.8950004577637,0.0299040004611015,0,135.059204101562,-89.2033,26.745,11.920975120825,63,63,63,63,61,63,0,7816,1.08413155380343,27,-89,0.001869,51,2023-07-07 12:00:39.001287,802,1.037,0.0011,"aoml_navis",1031.09219430564
"7901009",4,0,1,0.029904,1,0.007476,1,140.354658188344,1,4.84917101095701,804,1,6.27400016784668,34.8950004577637,0.0299040004611015,0,135.346694946289,-89.2033,26.745,11.920975120825,63,63,63,63,61,63,0,7816,1.08413155380343,27,-89,0.001869,51,2023-07-07 12:00:39.001287,804,1.037,0.0011,"aoml_navis",1031.10407710971
"7901009",4,0,1,0.031773,1,0.009345,1,140.523382884349,1,4.84911723915602,806,1,6.25799989700317,34.8950004577637,0.0317730009555817,0,135.509399414062,-89.2033,26.745,11.920975120825,63,63,63,63,61,63,0,7816,1.08413155380343,27,-89,0.001869,51,2023-07-07 12:00:39.001287,806,1.037,0.0011,"aoml_navis",1031.11551101005
"7901009",4,0,1,0.026166,1,0.003738,1,140.724561331784,1,4.84907397121234,808,1,6.25699996948242,34.8950004577637,0.0261659994721413,0,135.703399658203,-89.2033,26.745,11.920975120825,63,63,63,63,61,63,0,7816,1.08413155380343,27,-89,0.001869,51,2023-07-07 12:00:39.001287,808,1.037,0.0011,"aoml_navis",1031.12471158074
"7901009",4,0,1,0.029904,1,0.007476,1,141.074242196176,1,4.84902580566027,810,1,6.24900007247925,34.8950004577637,0.0299040004611015,0,136.040603637695,-89.2033,26.745,11.920975120825,63,63,63,63,61,63,0,7816,1.08413155380343,27,-89,0.001869,51,2023-07-07 12:00:39.001287,810,1.037,0.0011,"aoml_navis",1031.13495378051
"7901009",4,0,1,0.031773,1,0.009345,1,141.375804163395,1,4.84896855217351,812,1,6.22800016403198,34.8950004577637,0.0317730009555817,0,136.331405639648,-89.2033,26.745,11.920975120825,63,63,63,63,61,63,0,7816,1.08413155380343,27,-89,0.001869,51,2023-07-07 12:00:39.001287,812,1.037,0.0011,"aoml_navis",1031.14712875562
"7901009",4,0,1,0.033642,1,0.011214,1,141.676638255155,1,4.84892179204849,814,1,6.22200012207031,34.8950004577637,0.0336420014500618,0,136.621505737305,-89.2033,26.745,11.920975120825,63,63,63,63,61,63,0,7816,1.08413155380343,27,-89,0.001869,51,2023-07-07 12:00:39.001287,814,1.037,0.0011,"aoml_navis",1031.15707252677
"7901009",4,0,1,0.031773,1,0.009345,1,141.987520192922,1,4.8488680488661,816,1,6.20599985122681,34.8950004577637,0.0317730009555817,0,136.921295166016,-89.2033,26.745,11.920975120825,63,63,63,63,61,63,0,7816,1.08413155380343,27,-89,0.001869,51,2023-07-07 12:00:39.001287,816,1.037,0.0011,"aoml_navis",1031.1685015164
"7901009",4,0,1,0.029904,1,0.007476,1,142.386981409337,1,4.84880295929506,818,1,6.17899990081787,34.8959999084473,0.0299040004611015,0,137.306503295898,-89.2033,26.745,11.920975120825,63,63,63,63,61,63,0,7816,1.08413155380343,27,-89,0.001869,51,2023-07-07 12:00:39.001287,818,1.037,0.0011,"aoml_navis",1031.18234376076
"7901009",4,0,1,0.031773,1,0.009345,1,142.64570948815,1,4.84874486009428,820,1,6.16200017929077,34.8969993591309,0.0317730009555817,0,137.555999755859,-89.2033,26.745,11.920975120825,63,63,63,63,61,63,0,7816,1.08413155380343,27,-89,0.001869,51,2023-07-07 12:00:39.001287,820,1.037,0.0011,"aoml_navis",1031.19469971509
"7901009",4,0,1,0.029904,1,0.007476,1,142.833817824087,1,4.8487004044191,822,1,6.15399980545044,34.8959999084473,0.0299040004611015,0,137.737396240234,-89.2033,26.745,11.920975120825,63,63,63,63,61,63,0,7816,1.08413155380343,27,-89,0.001869,51,2023-07-07 12:00:39.001287,822,1.037,0.0011,"aoml_navis",1031.20415430143
"7901009",4,0,1,0.029904,1,0.007476,1,143.107071765315,1,4.84864371125433,824,1,6.13899993896484,34.8969993591309,0.0299040004611015,0,138.000900268555,-89.2033,26.745,11.920975120825,63,63,63,63,61,63,0,7816,1.08413155380343,27,-89,0.001869,51,2023-07-07 12:00:39.001287,824,1.037,0.0011,"aoml_navis",1031.21621174069
"7901009",4,0,1,0.033642,1,0.011214,1,143.716002880043,1,4.84858563587419,826,1,6.12200021743774,34.8979988098145,0.0336420014500618,0,138.588104248047,-89.2033,26.745,11.920975120825,63,63,63,63,61,63,0,7816,1.08413155380343,27,-89,0.001869,51,2023-07-07 12:00:39.001287,826,1.037,0.0011,"aoml_navis",1031.22856344034
"7901009",4,0,1,0.028035,1,0.005607,1,144.139721337289,1,4.84852361965405,828,1,6.0939998626709,34.8979988098145,0.0280349999666214,0,138.996704101562,-89.2033,26.745,11.920975120825,63,63,63,63,61,63,0,7816,1.08413155380343,27,-89,0.001869,51,2023-07-07 12:00:39.001287,828,1.037,0.0011,"aoml_navis",1031.24175361999
"7901009",4,0,1,0.033642,1,0.011214,1,144.401455858213,1,4.84846210640247,830,1,6.07200002670288,34.898998260498,0.0336420014500618,0,139.249099731445,-89.2033,26.745,11.920975120825,63,63,63,63,61,63,0,7816,1.08413155380343,27,-89,0.001869,51,2023-07-07 12:00:39.001287,830,1.037,0.0011,"aoml_navis",1031.25483715701
"7901009",4,0,1,0.029904,1,0.007476,1,144.254725659765,1,4.8484132971756,832,1,6.06300020217896,34.898998260498,0.0299040004611015,0,139.107604980469,-89.2033,26.745,11.920975120825,63,63,63,63,61,63,0,7816,1.08413155380343,27,-89,0.001869,51,2023-07-07 12:00:39.001287,832,1.037,0.0011,"aoml_navis",1031.26521885267
"7901009",4,0,1,0.031773,1,0.009345,1,144.097203916473,1,4.84836217701256,834,1,6.05600023269653,34.9000015258789,0.0317730009555817,0,138.955703735352,-89.2033,26.745,11.920975120825,63,63,63,63,61,63,0,7816,1.08413155380343,27,-89,0.001869,51,2023-07-07 12:00:39.001287,834,1.037,0.0011,"aoml_navis",1031.27609230729
"7901009",4,0,1,0.028035,1,0.005607,1,143.951296533761,1,4.8483110729745,836,1,6.04899978637695,34.9010009765625,0.0280349999666214,0,138.815002441406,-89.2033,26.745,11.920975120825,63,63,63,63,61,63,0,7816,1.08413155380343,27,-89,0.001869,51,2023-07-07 12:00:39.001287,836,1.037,0.0011,"aoml_navis",1031.28696256126
"7901009",4,0,1,0.029904,1,0.007476,1,143.789834768963,1,4.84826343374089,838,1,6.04699993133545,34.9020004272461,0.0299040004611015,0,138.659301757812,-89.2033,26.745,11.920975120825,63,63,63,63,61,63,0,7816,1.08413155380343,27,-89,0.001869,51,2023-07-07 12:00:39.001287,838,1.037,0.0011,"aoml_navis",1031.29709602888
"7901009",4,0,1,0.033642,1,0.011214,1,143.890740460272,1,4.84822155920358,840,1,6.0479998588562,34.9020004272461,0.0336420014500618,0,138.756607055664,-89.2033,26.745,11.920975120825,63,63,63,63,61,63,0,7816,1.08413155380343,27,-89,0.001869,51,2023-07-07 12:00:39.001287,840,1.037,0.0011,"aoml_navis",1031.30600343713
"7901009",4,0,1,0.033642,1,0.011214,1,144.202555977431,1,4.84816976817214,842,1,6.03999996185303,34.9029998779297,0.0336420014500618,0,139.05729675293,-89.2033,26.745,11.920975120825,63,63,63,63,61,63,0,7816,1.08413155380343,27,-89,0.001869,51,2023-07-07 12:00:39.001287,842,1.037,0.0011,"aoml_navis",1031.31702046092
"7901009",4,0,1,0.031773,1,0.009345,1,144.73214866716,1,4.84811474291808,844,1,6.02199983596802,34.9029998779297,0.0317730009555817,0,139.567993164062,-89.2033,26.745,11.920975120825,63,63,63,63,61,63,0,7816,1.08413155380343,27,-89,0.001869,51,2023-07-07 12:00:39.001287,844,1.037,0.0011,"aoml_navis",1031.32872572865
"7901009",4,0,1,0.031773,1,0.009345,1,145.302502382577,1,4.8480659521152,846,1,6.01300001144409,34.9029998779297,0.0317730009555817,0,140.11799621582,-89.2033,26.745,11.920975120825,63,63,63,63,61,63,0,7816,1.08413155380343,27,-89,0.001869,51,2023-07-07 12:00:39.001287,846,1.037,0.0011,"aoml_navis",1031.33910499269
"7901009",4,0,1,0.031773,1,0.009345,1,145.872745334337,1,4.84801601060827,848,1,5.99700021743774,34.9020004272461,0.0317730009555817,0,140.667892456055,-89.2033,26.745,11.920975120825,63,63,63,63,61,63,0,7816,1.08413155380343,27,-89,0.001869,51,2023-07-07 12:00:39.001287,848,1.037,0.0011,"aoml_navis",1031.34972926227
"7901009",4,0,1,0.033642,1,0.011214,1,146.196096095179,1,4.84796584606545,850,1,5.98600006103516,34.9020004272461,0.0336420014500618,0,140.979705810547,-89.2033,26.745,11.920975120825,63,63,63,63,61,63,0,7816,1.08413155380343,27,-89,0.001869,51,2023-07-07 12:00:39.001287,850,1.037,0.0011,"aoml_navis",1031.3604011996
"7901009",4,0,1,0.033642,1,0.011214,1,146.691668518903,1,4.84791982852777,852,1,5.98099994659424,34.9020004272461,0.0336420014500618,0,141.457595825195,-89.2033,26.745,11.920975120825,63,63,63,63,61,63,0,7816,1.08413155380343,27,-89,0.001869,51,2023-07-07 12:00:39.001287,852,1.037,0.0011,"aoml_navis",1031.37019110285
"7901009",4,0,1,0.028035,1,0.005607,1,147.324350526317,1,4.84786346039568,854,1,5.96099996566772,34.9020004272461,0.0280349999666214,0,142.06770324707,-89.2033,26.745,11.920975120825,63,63,63,63,61,63,0,7816,1.08413155380343,27,-89,0.001869,51,2023-07-07 12:00:39.001287,854,1.037,0.0011,"aoml_navis",1031.38218327459
"7901009",4,0,1,0.031773,1,0.009345,1,148.066213852537,1,4.84780297388494,856,1,5.93499994277954,34.9020004272461,0.0317730009555817,0,142.783096313477,-89.2033,26.745,11.920975120825,63,63,63,63,61,63,0,7816,1.08413155380343,27,-89,0.001869,51,2023-07-07 12:00:39.001287,856,1.037,0.0011,"aoml_navis",1031.39505193073
"7901009",4,0,1,0.028035,1,0.005607,1,148.341129248616,1,4.84774732783486,858,1,5.91599988937378,34.9020004272461,0.0280349999666214,0,143.048202514648,-89.2033,26.745,11.920975120825,63,63,63,63,61,63,0,7816,1.08413155380343,27,-89,0.001869,51,2023-07-07 12:00:39.001287,858,1.037,0.0011,"aoml_navis",1031.40689105039
"7901009",4,0,1,0.031773,1,0.009345,1,148.36424720612,1,4.84770132037197,860,1,5.91099977493286,34.9020004272461,0.0317730009555817,0,143.070495605469,-89.2033,26.745,11.920975120825,63,63,63,63,61,63,0,7816,1.08413155380343,27,-89,0.001869,51,2023-07-07 12:00:39.001287,860,1.037,0.0011,"aoml_navis",1031.41667969271
"7901009",4,0,1,0.031773,1,0.009345,1,148.358139381618,1,4.84765462731936,862,1,5.90500020980835,34.9020004272461,0.0317730009555817,0,143.064605712891,-89.2033,26.745,11.920975120825,63,63,63,63,61,63,0,7816,1.08413155380343,27,-89,0.001869,51,2023-07-07 12:00:39.001287,862,1.037,0.0011,"aoml_navis",1031.42661439247
"7901009",4,0,1,0.031773,1,0.009345,1,148.41516684147,1,4.84759163115012,864,1,5.88600015640259,34.9039993286133,0.0317730009555817,0,143.119598388672,-89.2033,26.745,11.920975120825,63,63,63,63,61,63,0,7816,1.08413155380343,27,-89,0.001869,51,2023-07-07 12:00:39.001287,864,1.037,0.0011,"aoml_navis",1031.44001814644
"7901009",4,0,1,0.026166,1,0.003738,1,148.102196217605,1,4.8475394493756,866,1,5.87200021743774,34.9039993286133,0.0261659994721413,0,142.817794799805,-89.2033,26.745,11.920975120825,63,63,63,63,61,63,0,7816,1.08413155380343,27,-89,0.001869,51,2023-07-07 12:00:39.001287,866,1.037,0.0011,"aoml_navis",1031.45112117531
"7901009",4,0,1,0.029904,1,0.007476,1,147.859544692403,1,4.8474799048933,868,1,5.85799980163574,34.9059982299805,0.0299040004611015,0,142.583801269531,-89.2033,26.745,11.920975120825,63,63,63,63,61,63,0,7816,1.08413155380343,27,-89,0.001869,51,2023-07-07 12:00:39.001287,868,1.037,0.0011,"aoml_navis",1031.46379110365
"7901009",4,0,1,0.026166,1,0.003738,1,147.918866542287,1,4.84743253690551,870,1,5.85099983215332,34.9059982299805,0.0261659994721413,0,142.641006469727,-89.2033,26.745,11.920975120825,63,63,63,63,61,63,0,7816,1.08413155380343,27,-89,0.001869,51,2023-07-07 12:00:39.001287,870,1.037,0.0011,"aoml_navis",1031.47387032887
"7901009",4,0,1,0.029904,1,0.007476,1,148.073366020088,1,4.8473865430009,872,1,5.84600019454956,34.9059982299805,0.0299040004611015,0,142.789993286133,-89.2033,26.745,11.920975120825,63,63,63,63,61,63,0,7816,1.08413155380343,27,-89,0.001869,51,2023-07-07 12:00:39.001287,872,1.037,0.0011,"aoml_navis",1031.48365735748
"7901009",4,0,1,0.029904,1,0.007476,1,148.263563042125,1,4.84733780767829,874,1,5.83699989318848,34.9059982299805,0.0299040004611015,0,142.973403930664,-89.2033,26.745,11.920975120825,63,63,63,63,61,63,0,7816,1.08413155380343,27,-89,0.001869,51,2023-07-07 12:00:39.001287,874,1.037,0.0011,"aoml_navis",1031.49402793424
"7901009",4,0,1,0.026166,1,0.003738,1,148.381985214581,1,4.84728332127335,876,1,5.82499980926514,34.9070014953613,0.0261659994721413,0,143.087600708008,-89.2033,26.745,11.920975120825,63,63,63,63,61,63,0,7816,1.08413155380343,27,-89,0.001869,51,2023-07-07 12:00:39.001287,876,1.037,0.0011,"aoml_navis",1031.50562255283
"7901009",4,0,1,0.029904,1,0.007476,1,148.510471056423,1,4.84723938907414,878,1,5.82299995422363,34.9070014953613,0.0299040004611015,0,143.211502075195,-89.2033,26.745,11.920975120825,63,63,63,63,61,63,0,7816,1.08413155380343,27,-89,0.001869,51,2023-07-07 12:00:39.001287,878,1.037,0.0011,"aoml_navis",1031.51497144337
"7901009",4,0,1,0.028035,1,0.005607,1,148.742236096503,1,4.84719340268676,880,1,5.81799983978271,34.9070014953613,0.0280349999666214,0,143.434997558594,-89.2033,26.745,11.920975120825,63,63,63,63,61,63,0,7816,1.08413155380343,27,-89,0.001869,51,2023-07-07 12:00:39.001287,880,1.037,0.0011,"aoml_navis",1031.52475765224
"7901009",4,0,1,0.028035,1,0.005607,1,148.971216221786,1,4.847146047941,882,1,5.81099987030029,34.9070014953613,0.0280349999666214,0,143.655807495117,-89.2033,26.745,11.920975120825,63,63,63,63,61,63,0,7816,1.08413155380343,27,-89,0.001869,51,2023-07-07 12:00:39.001287,882,1.037,0.0011,"aoml_navis",1031.53483525093
"7901009",4,0,1,0.029904,1,0.007476,1,149.127076510227,1,4.84709801057438,884,1,5.80299997329712,34.9070014953613,0.0299040004611015,0,143.806106567383,-89.2033,26.745,11.920975120825,63,63,63,63,61,63,0,7816,1.08413155380343,27,-89,0.001869,51,2023-07-07 12:00:39.001287,884,1.037,0.0011,"aoml_navis",1031.54505831985
"7901009",4,0,1,0.029904,1,0.007476,1,149.374712399983,1,4.84705339995264,886,1,5.80000019073486,34.9070014953613,0.0299040004611015,0,144.044906616211,-89.2033,26.745,11.920975120825,63,63,63,63,61,63,0,7816,1.08413155380343,27,-89,0.001869,51,2023-07-07 12:00:39.001287,886,1.037,0.0011,"aoml_navis",1031.55455230777
"7901009",4,0,1,0.029904,1,0.007476,1,149.929923141183,1,4.84700879082061,888,1,5.79699993133545,34.9070014953613,0.0299040004611015,0,144.580307006836,-89.2033,26.745,11.920975120825,63,63,63,63,61,63,0,7816,1.08413155380343,27,-89,0.001869,51,2023-07-07 12:00:39.001287,888,1.037,0.0011,"aoml_navis",1031.5640461534
"7901009",4,0,1,0.026166,1,0.003738,1,150.87223703938,1,4.84695596700393,890,1,5.78200006484985,34.9070014953613,0.0261659994721413,0,145.488998413086,-89.2033,26.745,11.920975120825,63,63,63,63,61,63,0,7816,1.08413155380343,27,-89,0.001869,51,2023-07-07 12:00:39.001287,890,1.037,0.0011,"aoml_navis",1031.57528849817
"7901009",4,0,1,0.031773,1,0.009345,1,151.780657258608,1,4.84690109949557,892,1,5.76399993896484,34.9070014953613,0.0317730009555817,0,146.365005493164,-89.2033,26.745,11.920975120825,63,63,63,63,61,63,0,7816,1.08413155380343,27,-89,0.001869,51,2023-07-07 12:00:39.001287,892,1.037,0.0011,"aoml_navis",1031.58696605556
"7901009",4,0,1,0.031773,1,0.009345,1,152.7764858264,1,4.84685609111275,894,1,5.75500011444092,34.9059982299805,0.0317730009555817,0,147.325302124023,-89.2033,26.745,11.920975120825,63,63,63,63,61,63,0,7816,1.08413155380343,27,-89,0.001869,51,2023-07-07 12:00:39.001287,894,1.037,0.0011,"aoml_navis",1031.59654547368
"7901009",4,0,1,0.029904,1,0.007476,1,153.568857380103,1,4.84679071754473,896,1,5.72700023651123,34.9070014953613,0.0299040004611015,0,148.089401245117,-89.2033,26.745,11.920975120825,63,63,63,63,61,63,0,7816,1.08413155380343,27,-89,0.001869,51,2023-07-07 12:00:39.001287,896,1.037,0.0011,"aoml_navis",1031.61045965956
"7901009",4,0,1,0.031773,1,0.009345,1,153.875498652153,1,4.84673724886415,898,1,5.71099996566772,34.9070014953613,0.0317730009555817,0,148.385101318359,-89.2033,26.745,11.920975120825,63,63,63,63,61,63,0,7816,1.08413155380343,27,-89,0.001869,51,2023-07-07 12:00:39.001287,898,1.037,0.0011,"aoml_navis",1031.62184027446
"7901009",4,0,1,0.026166,1,0.003738,1,154.165335495135,1,4.84669060253891,900,1,5.70499992370605,34.9070014953613,0.0261659994721413,0,148.664596557617,-89.2033,26.745,11.920975120825,63,63,63,63,61,63,0,7816,1.08413155380343,27,-89,0.001869,51,2023-07-07 12:00:39.001287,900,1.037,0.0011,"aoml_navis",1031.63176898083
"7901009",4,0,1,0.026166,1,0.003738,1,154.476233256281,1,4.84664055143225,902,1,5.69399976730347,34.9070014953613,0.0261659994721413,0,148.964401245117,-89.2033,26.745,11.920975120825,63,63,63,63,61,63,0,7816,1.08413155380343,27,-89,0.001869,51,2023-07-07 12:00:39.001287,902,1.037,0.0011,"aoml_navis",1031.64242261012
"7901009",4,0,1,0.029904,1,0.007476,1,154.617361978373,1,4.84659118574752,904,1,5.68400001525879,34.9070014953613,0.0299040004611015,0,149.100494384766,-89.2033,26.745,11.920975120825,63,63,63,63,61,63,0,7816,1.08413155380343,27,-89,0.001869,51,2023-07-07 12:00:39.001287,904,1.037,0.0011,"aoml_navis",1031.65293055944
"7901009",4,0,1,0.031773,1,0.009345,1,154.707792592428,1,4.8465381393615,906,1,5.67399978637695,34.9080009460449,0.0317730009555817,0,149.187698364258,-89.2033,26.745,11.920975120825,63,63,63,63,61,63,0,7816,1.08413155380343,27,-89,0.001869,51,2023-07-07 12:00:39.001287,906,1.037,0.0011,"aoml_navis",1031.66422221918
"7901009",4,0,1,0.029904,1,0.007476,1,154.681351725222,1,4.84648946120429,908,1,5.66499996185303,34.9080009460449,0.0299040004611015,0,149.162200927734,-89.2033,26.745,11.920975120825,63,63,63,63,61,63,0,7816,1.08413155380343,27,-89,0.001869,51,2023-07-07 12:00:39.001287,908,1.037,0.0011,"aoml_navis",1031.67458425826
"7901009",4,0,1,0.026166,1,0.003738,1,154.669120252839,1,4.8464428265015,910,1,5.65899991989136,34.9080009460449,0.0261659994721413,0,149.150405883789,-89.2033,26.745,11.920975120825,63,63,63,63,61,63,0,7816,1.08413155380343,27,-89,0.001869,51,2023-07-07 12:00:39.001287,910,1.037,0.0011,"aoml_navis",1031.6845115058
"7901009",4,0,1,0.028035,1,0.005607,1,154.735483506618,1,4.84638503138235,912,1,5.64200019836426,34.9090003967285,0.0280349999666214,0,149.214401245117,-89.2033,26.745,11.920975120825,63,63,63,63,61,63,0,7816,1.08413155380343,27,-89,0.001869,51,2023-07-07 12:00:39.001287,912,1.037,0.0011,"aoml_navis",1031.6968147646
"7901009",4,0,1,0.031773,1,0.009345,1,154.887293009898,1,4.84632928315266,914,1,5.62799978256226,34.9099998474121,0.0317730009555817,0,149.360794067383,-89.2033,26.745,11.920975120825,63,63,63,63,61,63,0,7816,1.08413155380343,27,-89,0.001869,51,2023-07-07 12:00:39.001287,914,1.037,0.0011,"aoml_navis",1031.70868256549
"7901009",4,0,1,0.029904,1,0.007476,1,155.092838710086,1,4.84628265680258,916,1,5.62200021743774,34.9099998474121,0.0299040004611015,0,149.559005737305,-89.2033,26.745,11.920975120825,63,63,63,63,61,63,0,7816,1.08413155380343,27,-89,0.001869,51,2023-07-07 12:00:39.001287,916,1.037,0.0011,"aoml_navis",1031.71860869107
"7901009",4,0,1,0.029904,1,0.007476,1,155.42259793964,1,4.84622895423427,918,1,5.61100006103516,34.9109992980957,0.0299040004611015,0,149.876998901367,-89.2033,26.745,11.920975120825,63,63,63,63,61,63,0,7816,1.08413155380343,27,-89,0.001869,51,2023-07-07 12:00:39.001287,918,1.037,0.0011,"aoml_navis",1031.73004148543
"7901009",4,0,1,0.029904,1,0.007476,1,155.633428648593,1,4.84618029674062,920,1,5.60200023651123,34.9109992980957,0.0299040004611015,0,150.080307006836,-89.2033,26.745,11.920975120825,63,63,63,63,61,63,0,7816,1.08413155380343,27,-89,0.001869,51,2023-07-07 12:00:39.001287,920,1.037,0.0011,"aoml_navis",1031.74040044751
"7901009",4,0,1,0.031773,1,0.009345,1,155.803181864268,1,4.84613503353485,922,1,5.59800004959106,34.9109992980957,0.0317730009555817,0,150.244003295898,-89.2033,26.745,11.920975120825,63,63,63,63,61,63,0,7816,1.08413155380343,27,-89,0.001869,51,2023-07-07 12:00:39.001287,922,1.037,0.0011,"aoml_navis",1031.75003696769
"7901009",4,0,1,0.029904,1,0.007476,1,156.086800119092,1,4.84609045049034,924,1,5.59499979019165,34.9109992980957,0.0299040004611015,0,150.517501831055,-89.2033,26.745,11.920975120825,63,63,63,63,61,63,0,7816,1.08413155380343,27,-89,0.001869,51,2023-07-07 12:00:39.001287,924,1.037,0.0011,"aoml_navis",1031.75952885776
"7901009",4,0,1,0.026166,1,0.003738,1,156.473697572155,1,4.84603743763579,926,1,5.58500003814697,34.9119987487793,0.0261659994721413,0,150.890594482422,-89.2033,26.745,11.920975120825,63,63,63,63,61,63,0,7816,1.08413155380343,27,-89,0.001869,51,2023-07-07 12:00:39.001287,926,1.037,0.0011,"aoml_navis",1031.77081571192
"7901009",4,0,1,0.026166,1,0.003738,1,156.882589522775,1,4.84598607838465,928,1,5.57200002670288,34.9119987487793,0.0261659994721413,0,151.284896850586,-89.2033,26.745,11.920975120825,63,63,63,63,61,63,0,7816,1.08413155380343,27,-89,0.001869,51,2023-07-07 12:00:39.001287,928,1.037,0.0011,"aoml_navis",1031.78175073641
"7901009",4,0,1,0.026166,1,0.003738,1,157.276132795243,1,4.84593540224247,930,1,5.55999994277954,34.9119987487793,0.0261659994721413,0,151.664398193359,-89.2033,26.745,11.920975120825,63,63,63,63,61,63,0,7816,1.08413155380343,27,-89,0.001869,51,2023-07-07 12:00:39.001287,930,1.037,0.0011,"aoml_navis",1031.79254054568
"7901009",4,0,1,0.028035,1,0.005607,1,157.631510076268,1,4.84588473110356,932,1,5.5479998588562,34.9119987487793,0.0280349999666214,0,152.007095336914,-89.2033,26.745,11.920975120825,63,63,63,63,61,63,0,7816,1.08413155380343,27,-89,0.001869,51,2023-07-07 12:00:39.001287,932,1.037,0.0011,"aoml_navis",1031.8033295153
"7901009",4,0,1,0.031773,1,0.009345,1,157.968025888885,1,4.8458256469882,934,1,5.52899980545044,34.9129981994629,0.0317730009555817,0,152.331604003906,-89.2033,26.745,11.920975120825,63,63,63,63,61,63,0,7816,1.08413155380343,27,-89,0.001869,51,2023-07-07 12:00:39.001287,934,1.037,0.0011,"aoml_navis",1031.81591007254
"7901009",4,0,1,0.033642,1,0.011214,1,158.270932843365,1,4.84576656210495,936,1,5.51000022888184,34.9140014648438,0.0336420014500618,0,152.62370300293,-89.2033,26.745,11.920975120825,63,63,63,63,61,63,0,7816,1.08413155380343,27,-89,0.001869,51,2023-07-07 12:00:39.001287,936,1.037,0.0011,"aoml_navis",1031.82849110009
"7901009",4,0,1,0.024297,1,0.001869,1,158.518457969465,1,4.8457118623085,938,1,5.49200010299683,34.9140014648438,0.0242970008403063,0,152.862396240234,-89.2033,26.745,11.920975120825,63,63,63,63,61,63,0,7816,1.08413155380343,27,-89,0.001869,51,2023-07-07 12:00:39.001287,938,1.037,0.0011,"aoml_navis",1031.84013867841
"7901009",4,0,1,0.022428,1,0,1,158.664887523702,1,4.84566796486241,940,1,5.48999977111816,34.9140014648438,0.0224280003458261,0,153.003601074219,-89.2033,26.745,11.920975120825,63,63,63,63,61,63,0,7816,1.08413155380343,27,-89,0.001869,51,2023-07-07 12:00:39.001287,940,1.037,0.0011,"aoml_navis",1031.84948623321
"7901009",4,0,1,0.026166,1,0.003738,1,158.868138833856,1,4.84561701206117,942,1,5.48299980163574,34.9150009155273,0.0261659994721413,0,153.199600219727,-89.2033,26.745,11.920975120825,63,63,63,63,61,63,0,7816,1.08413155380343,27,-89,0.001869,51,2023-07-07 12:00:39.001287,942,1.037,0.0011,"aoml_navis",1031.86033637297
"7901009",4,0,1,0.033642,1,0.011214,1,158.948094370658,1,4.84556907062124,944,1,5.47499990463257,34.9150009155273,0.0336420014500618,0,153.276702880859,-89.2033,26.745,11.920975120825,63,63,63,63,61,63,0,7816,1.08413155380343,27,-89,0.001869,51,2023-07-07 12:00:39.001287,944,1.037,0.0011,"aoml_navis",1031.87054546701
"7901009",4,0,1,0.028035,1,0.005607,1,159.127705551784,1,4.84552517838323,946,1,5.47300004959106,34.9150009155273,0.0280349999666214,0,153.449905395508,-89.2033,26.745,11.920975120825,63,63,63,63,61,63,0,7816,1.08413155380343,27,-89,0.001869,51,2023-07-07 12:00:39.001287,946,1.037,0.0011,"aoml_navis",1031.87989246365
"7901009",4,0,1,0.031773,1,0.009345,1,159.244671973323,1,4.84548128809673,948,1,5.47100019454956,34.9150009155273,0.0317730009555817,0,153.562698364258,-89.2033,26.745,11.920975120825,63,63,63,63,61,63,0,7816,1.08413155380343,27,-89,0.001869,51,2023-07-07 12:00:39.001287,948,1.037,0.0011,"aoml_navis",1031.88923921404
"7901009",4,0,1,0.035511,1,0.013083,1,159.365894883957,1,4.84543470091578,950,1,5.46500015258789,34.9150009155273,0.0355109982192516,0,153.679595947266,-89.2033,26.745,11.920975120825,63,63,63,63,61,63,0,7816,1.08413155380343,27,-89,0.001869,51,2023-07-07 12:00:39.001287,950,1.037,0.0011,"aoml_navis",1031.89916047264
"7901009",4,0,1,0.028035,1,0.005607,1,159.484317056413,1,4.8453894646582,952,1,5.46099996566772,34.9150009155273,0.0280349999666214,0,153.793792724609,-89.2033,26.745,11.920975120825,63,63,63,63,61,63,0,7816,1.08413155380343,27,-89,0.001869,51,2023-07-07 12:00:39.001287,952,1.037,0.0011,"aoml_navis",1031.90879421964
"7901009",4,0,1,0.028035,1,0.005607,1,159.627123056736,1,4.84534692898983,954,1,5.46099996566772,34.9150009155273,0.0280349999666214,0,153.931503295898,-89.2033,26.745,11.920975120825,63,63,63,63,61,63,0,7816,1.08413155380343,27,-89,0.001869,51,2023-07-07 12:00:39.001287,954,1.037,0.0011,"aoml_navis",1031.91785299931
"7901009",4,0,1,0.029904,1,0.007476,1,159.866040264367,1,4.84529464030713,956,1,5.4520001411438,34.9160003662109,0.0299040004611015,0,154.161895751953,-89.2033,26.745,11.920975120825,63,63,63,63,61,63,0,7816,1.08413155380343,27,-89,0.001869,51,2023-07-07 12:00:39.001287,956,1.037,0.0011,"aoml_navis",1031.92898908684
"7901009",4,0,1,0.031773,1,0.009345,1,160.096048909319,1,4.84524671155628,958,1,5.44399976730347,34.9160003662109,0.0317730009555817,0,154.383697509766,-89.2033,26.745,11.920975120825,63,63,63,63,61,63,0,7816,1.08413155380343,27,-89,0.001869,51,2023-07-07 12:00:39.001287,958,1.037,0.0011,"aoml_navis",1031.9391968369
"7901009",4,0,1,0.028035,1,0.005607,1,160.325741086681,1,4.84520080849094,960,1,5.43900012969971,34.9160003662109,0.0280349999666214,0,154.605194091797,-89.2033,26.745,11.920975120825,63,63,63,63,61,63,0,7816,1.08413155380343,27,-89,0.001869,51,2023-07-07 12:00:39.001287,960,1.037,0.0011,"aoml_navis",1031.94897335066
"7901009",4,0,1,0.026166,1,0.003738,1,160.505463031464,1,4.84515086240969,962,1,5.42799997329712,34.9160003662109,0.0261659994721413,0,154.778503417969,-89.2033,26.745,11.920975120825,63,63,63,63,61,63,0,7816,1.08413155380343,27,-89,0.001869,51,2023-07-07 12:00:39.001287,962,1.037,0.0011,"aoml_navis",1031.95961116333
"7901009",4,0,1,0.029904,1,0.007476,1,160.608536525769,1,4.84510765898751,964,1,5.42700004577637,34.9160003662109,0.0299040004611015,0,154.877899169922,-89.2033,26.745,11.920975120825,63,63,63,63,61,63,0,7816,1.08413155380343,27,-89,0.001869,51,2023-07-07 12:00:39.001287,964,1.037,0.0011,"aoml_navis",1031.96881306139
"7901009",4,0,1,0.031773,1,0.009345,1,160.842485192226,1,4.84506445776231,966,1,5.42600011825562,34.9160003662109,0.0317730009555817,0,155.103500366211,-89.2033,26.745,11.920975120825,63,63,63,63,61,63,0,7816,1.08413155380343,27,-89,0.001869,51,2023-07-07 12:00:39.001287,966,1.037,0.0011,"aoml_navis",1031.97801465561
"7901009",4,0,1,0.028035,1,0.005607,1,161.193827511469,1,4.84501721335619,968,1,5.41900014877319,34.9160003662109,0.0280349999666214,0,155.442306518555,-89.2033,26.745,11.920975120825,63,63,63,63,61,63,0,7816,1.08413155380343,27,-89,0.001869,51,2023-07-07 12:00:39.001287,968,1.037,0.0011,"aoml_navis",1031.98807761024
"7901009",4,0,1,0.028035,1,0.005607,1,161.424136800632,1,4.84495551204375,970,1,5.39599990844727,34.9169998168945,0.0280349999666214,0,155.664398193359,-89.2033,26.745,11.920975120825,63,63,63,63,61,63,0,7816,1.08413155380343,27,-89,0.001869,51,2023-07-07 12:00:39.001287,970,1.037,0.0011,"aoml_navis",1032.00122014967
"7901009",4,0,1,0.029904,1,0.007476,1,161.553239754276,1,4.84490661141086,972,1,5.39200019836426,34.9179992675781,0.0299040004611015,0,155.78889465332,-89.2033,26.745,11.920975120825,63,63,63,63,61,63,0,7816,1.08413155380343,27,-89,0.001869,51,2023-07-07 12:00:39.001287,972,1.037,0.0011,"aoml_navis",1032.01163634896
"7901009",4,0,1,0.033642,1,0.011214,1,161.855846064545,1,4.84486642343743,974,1,5.3899998664856,34.9169998168945,0.0336420014500618,0,156.080703735352,-89.2033,26.745,11.920975120825,63,63,63,63,61,63,0,7816,1.08413155380343,27,-89,0.001869,51,2023-07-07 12:00:39.001287,974,1.037,0.0011,"aoml_navis",1032.02019684425
"7901009",4,0,1,0.026166,1,0.003738,1,162.318236861379,1,4.84481550684639,976,1,5.38299989700317,34.9179992675781,0.0261659994721413,0,156.526596069336,-89.2033,26.745,11.920975120825,63,63,63,63,61,63,0,7816,1.08413155380343,27,-89,0.001869,51,2023-07-07 12:00:39.001287,976,1.037,0.0011,"aoml_navis",1032.03104286104
"7901009",4,99999,9,99999,9,99999,9,162.658787635778,1,4.84476491070008,978,1,5.37099981307983,34.9179992675781,99999,99999,156.854995727539,-89.2033,26.745,11.920975120825,63,63,63,63,61,63,0,7816,1.08413155380343,27,-89,0.001869,51,2023-07-07 12:00:39.001287,978,1.037,0.0011,"aoml_navis",1032.04182084399
"7901009",4,0,1,0.029904,1,0.007476,1,167.821908908615,1,4.84422900960831,999.599975585938,1,5.27320003509521,34.9210014343262,0.0299040004611015,0,161.833892822266,-89.2033,26.745,11.920975120825,63,63,63,63,61,63,0,7816,1.08413155380343,27,-89,0.001869,51,2023-07-07 12:00:39.001287,999.599975585938,1.037,0.0011,"aoml_navis",1032.15599222967
"7901009",4,0,1,0.028035,1,0.005607,1,172.885596064439,1,4.84302752616172,1047.30004882812,1,5.04129981994629,34.9300003051758,0.0280349999666214,0,166.716903686523,-89.2033,26.745,11.920975120825,63,63,63,63,61,63,0,7816,1.08413155380343,27,-89,0.001869,51,2023-07-07 12:00:39.001287,1047.30004882812,1.037,0.0011,"aoml_navis",1032.41205485418
"7901009",4,0,1,0.031773,1,0.009345,1,177.366476505152,1,4.8418325211265,1099.5,1,4.93319988250732,34.9339981079102,0.0317730009555817,0,171.037902832031,-89.2033,26.745,11.920975120825,63,63,63,63,61,63,0,7816,1.08413155380343,27,-89,0.001869,51,2023-07-07 12:00:39.001287,1099.5,1.037,0.0011,"aoml_navis",1032.6668628424
"7901009",4,0,1,0.029904,1,0.007476,1,182.716155422731,1,4.84065828256655,1149.19995117188,1,4.78569984436035,34.939998626709,0.0299040004611015,0,176.196701049805,-89.2033,26.745,11.920975120825,63,63,63,63,61,63,0,7816,1.08413155380343,27,-89,0.001869,51,2023-07-07 12:00:39.001287,1149.19995117188,1.037,0.0011,"aoml_navis",1032.91736539374
"7901009",4,0,1,0.031773,1,0.009345,1,187.664094557242,1,4.83948125862404,1199.59997558594,1,4.64909982681274,34.9449996948242,0.0317730009555817,0,180.96809387207,-89.2033,26.745,11.920975120825,63,63,63,63,61,63,0,7816,1.08413155380343,27,-89,0.001869,51,2023-07-07 12:00:39.001287,1199.59997558594,1.037,0.0011,"aoml_navis",1033.16858415143
"7901009",4,0,1,0.031773,1,0.009345,1,191.433081152577,1,4.83835818411516,1249.40002441406,1,4.56220006942749,34.9480018615723,0.0317730009555817,0,184.602600097656,-89.2033,26.745,11.920975120825,63,63,63,63,61,63,0,7816,1.08413155380343,27,-89,0.001869,51,2023-07-07 12:00:39.001287,1249.40002441406,1.037,0.0011,"aoml_navis",1033.40840213433
"7901009",4,0,4,0.024297,1,0.001869,1,194.411547529616,1,4.8372240127689,1299.80004882812,1,4.48159980773926,34.9519996643066,0.0242970008403063,0,187.474792480469,-89.2033,26.745,11.920975120825,63,63,63,63,61,63,0,7816,1.08413155380343,27,-89,0.001869,51,2023-07-07 12:00:39.001287,1299.80004882812,1.037,0.0011,"aoml_navis",1033.65070271739
"7901009",4,0,1,0.033642,1,0.011214,1,196.424170643086,1,4.83614131037816,1349.30004882812,1,4.43720006942749,34.9539985656738,0.0336420014500618,0,189.415603637695,-89.2033,26.745,11.920975120825,63,63,63,63,61,63,0,7816,1.08413155380343,27,-89,0.001869,51,2023-07-07 12:00:39.001287,1349.30004882812,1.037,0.0011,"aoml_navis",1033.88211367402
"7901009",4,0,1,0.024297,1,0.001869,1,198.773705153661,1,4.83504550870998,1399.5,1,4.39349985122681,34.9560012817383,0.0242970008403063,0,191.681304931641,-89.2033,26.745,11.920975120825,63,63,63,63,61,63,0,7816,1.08413155380343,27,-89,0.001869,51,2023-07-07 12:00:39.001287,1399.5,1.037,0.0011,"aoml_navis",1034.11642992664
"7901009",4,0,1,0.031773,1,0.009345,1,200.374936222544,1,4.83397742853364,1449.19995117188,1,4.3681001663208,34.9570007324219,0.0317730009555817,0,193.225402832031,-89.2033,26.745,11.920975120825,63,63,63,63,61,63,0,7816,1.08413155380343,27,-89,0.001869,51,2023-07-07 12:00:39.001287,1449.19995117188,1.037,0.0011,"aoml_navis",1034.34492070368
"7901009",4,0,1,0.022428,1,0,1,201.76959307157,1,4.83288723271531,1499.69995117188,1,4.3383002281189,34.9589996337891,0.0224280003458261,0,194.570297241211,-89.2033,26.745,11.920975120825,63,63,63,63,61,63,0,7816,1.08413155380343,27,-89,0.001869,51,2023-07-07 12:00:39.001287,1499.69995117188,1.037,0.0011,"aoml_navis",1034.57824675764
"7901009",4,0,1,0.029904,1,0.007476,1,202.579591870077,1,4.83182814742494,1549.59997558594,1,4.32840013504028,34.9599990844727,0.0299040004611015,0,195.35139465332,-89.2033,26.745,11.920975120825,63,63,63,63,61,63,0,7816,1.08413155380343,27,-89,0.001869,51,2023-07-07 12:00:39.001287,1549.59997558594,1.037,0.0011,"aoml_navis",1034.80501529523
"7901009",4,0,1,0.029904,1,0.007476,1,203.535498051296,1,4.83076456473255,1599.69995117188,1,4.31589984893799,34.9609985351562,0.0299040004611015,0,196.273193359375,-89.2033,26.745,11.920975120825,63,63,63,63,61,63,0,7816,1.08413155380343,27,-89,0.001869,51,2023-07-07 12:00:39.001287,1599.69995117188,1.037,0.0011,"aoml_navis",1035.03284687127
"7901009",4,0,1,0.026166,1,0.003738,1,204.159888607832,1,4.82972628057337,1649,1,4.30840015411377,34.9609985351562,0.0261659994721413,0,196.875305175781,-89.2033,26.745,11.920975120825,63,63,63,63,61,63,0,7816,1.08413155380343,27,-89,0.001869,51,2023-07-07 12:00:39.001287,1649,1.037,0.0011,"aoml_navis",1035.25535600465
"7901009",4,0,1,0.026166,1,0.003738,1,204.688136310301,1,4.82866250445092,1699.40002441406,1,4.30049991607666,34.9620018005371,0.0261659994721413,0,197.384704589844,-89.2033,26.745,11.920975120825,63,63,63,63,61,63,0,7816,1.08413155380343,27,-89,0.001869,51,2023-07-07 12:00:39.001287,1699.40002441406,1.037,0.0011,"aoml_navis",1035.48342742761
"7901009",4,0,1,0.028035,1,0.005607,1,205.258268498404,1,4.82760659466102,1749.59997558594,1,4.29570007324219,34.9630012512207,0.0280349999666214,0,197.934494018555,-89.2033,26.745,11.920975120825,63,63,63,63,61,63,0,7816,1.08413155380343,27,-89,0.001869,51,2023-07-07 12:00:39.001287,1749.59997558594,1.037,0.0011,"aoml_navis",1035.70991172513
"7901009",4,0,1,0.031773,1,0.009345,1,205.628583049713,1,4.82656732587628,1799.30004882812,1,4.29239988327026,34.9630012512207,0.0317730009555817,0,198.291595458984,-89.2033,26.745,11.920975120825,63,63,63,63,61,63,0,7816,1.08413155380343,27,-89,0.001869,51,2023-07-07 12:00:39.001287,1799.30004882812,1.037,0.0011,"aoml_navis",1035.93292342446
"7901009",4,0,1,0.024297,1,0.001869,1,206.012284180109,1,4.82552402140688,1849.30004882812,1,4.29010009765625,34.9630012512207,0.0242970008403063,0,198.661605834961,-89.2033,26.745,11.920975120825,63,63,63,63,61,63,0,7816,1.08413155380343,27,-89,0.001869,51,2023-07-07 12:00:39.001287,1849.30004882812,1.037,0.0011,"aoml_navis",1036.15689774191
"7901009",4,0,1,0.033642,1,0.011214,1,206.264793670763,1,4.82447100874375,1899.69995117188,1,4.28879976272583,34.9640007019043,0.0336420014500618,0,198.90510559082,-89.2033,26.745,11.920975120825,63,63,63,63,61,63,0,7816,1.08413155380343,27,-89,0.001869,51,2023-07-07 12:00:39.001287,1899.69995117188,1.037,0.0011,"aoml_navis",1036.38305441946
"7901009",4,0,1,0.028035,1,0.005607,1,206.636247505398,1,4.82349412055549,1946.69995117188,1,4.28800010681152,34.9640007019043,0.0280349999666214,0,199.263305664062,-89.2033,26.745,11.920975120825,63,63,63,63,61,63,0,7816,1.08413155380343,27,-89,0.001869,51,2023-07-07 12:00:39.001287,1946.69995117188,1.037,0.0011,"aoml_navis",1036.59295005509
"7901009",4,0,1,0.022428,1,0,1,203.382137856822,4,4.8223931010531,1999.59997558594,1,4.28779983520508,34.9650001525879,0.0224280003458261,0,196.125305175781,-89.2033,26.745,11.920975120825,63,63,63,63,61,63,0,7816,1.08413155380343,27,-89,0.001869,51,2023-07-07 12:00:39.001287,1999.59997558594,1.037,0.0011,"aoml_navis",1036.82961866135
"7901009",5,0.0187811092472539,5,0.041118,1,0.01869,1,190.82867134974,1,4.89163304223442,2.09999990463257,1,31.2080001831055,36.117000579834,0.041117999702692,0.0299040004611015,184.01969909668,-89.5491,26.6873,10.0335768831146,63,63,63,63,61,63,0.020559,7815,1.09466377780674,27,-90,0.001869,51,2023-07-17 18:53:39.002008,2.09999990463257,1.037,0.0011,"aoml_navis",1022.15353376468
"7901009",5,0.0187811092472539,5,0.041118,1,0.01869,1,190.983075935098,1,4.89139561944794,4,1,31.0790004730225,36.1119995117188,0.041117999702692,0.0299040004611015,184.168594360352,-89.5491,26.6873,10.0335768831146,63,63,63,63,61,63,0.020559,7815,1.09466377780674,27,-90,0.001869,51,2023-07-17 18:53:39.002008,4,1.037,0.0011,"aoml_navis",1022.20314793599
"7901009",5,0.0187811092472539,5,0.042987,1,0.020559,1,191.061370041304,1,4.89121838504856,6,1,30.9740009307861,36.101001739502,0.0429870001971722,0.0299040004611015,184.244094848633,-89.5491,26.6873,10.0335768831146,63,63,63,63,61,63,0.020559,7815,1.09466377780674,27,-90,0.001869,51,2023-07-17 18:53:39.002008,6,1.037,0.0011,"aoml_navis",1022.24018769719
"7901009",5,0.0187811092472539,5,0.042987,1,0.020559,1,191.522226113097,1,4.89103536861022,8,1,30.80299949646,36.0610008239746,0.0429870001971722,0.0299040004611015,184.688507080078,-89.5491,26.6873,10.0335768831146,63,63,63,63,61,63,0.020559,7815,1.09466377780674,27,-90,0.001869,51,2023-07-17 18:53:39.002008,8,1.037,0.0011,"aoml_navis",1022.27843864902
"7901009",5,0.0221958563831182,1,0.046725,1,0.024297,1,191.96532834755,1,4.89087737115159,10.1000003814697,1,30.806999206543,36.0950012207031,0.0467250011861324,0.0336420014500618,185.115798950195,-89.5491,26.6873,10.0335768831146,63,63,63,63,61,63,0.024297,7815,1.09466377780674,27,-90,0.001869,51,2023-07-17 18:53:39.002008,10.1000003814697,1.037,0.0011,"aoml_navis",1022.31146286596
"7901009",5,0.0204884828151861,1,0.044856,1,0.022428,1,192.570525332198,1,4.89069203854614,12,1,30.7189998626709,36.0950012207031,0.0448560006916523,0.0317730009555817,185.699401855469,-89.5491,26.6873,10.0335768831146,63,63,63,63,61,63,0.022428,7815,1.09466377780674,27,-90,0.001869,51,2023-07-17 18:53:39.002008,12,1.037,0.0011,"aoml_navis",1022.35020332344
"7901009",5,0.0256106035189826,1,0.050463,1,0.028035,1,193.256389930717,1,4.89043784206786,14,1,30.5690002441406,36.0849990844727,0.0504629984498024,0.0373799987137318,186.360794067383,-89.5491,26.6873,10.0335768831146,63,63,63,63,61,63,0.028035,7815,1.09466377780674,27,-90,0.001869,51,2023-07-17 18:53:39.002008,14,1.037,0.0011,"aoml_navis",1022.40334331411
"7901009",5,0.0221958563831182,1,0.046725,1,0.024297,1,194.578781815075,1,4.89006429350212,16,1,30.3549995422363,36.0789985656738,0.0467250011861324,0.0336420014500618,187.636001586914,-89.5491,26.6873,10.0335768831146,63,63,63,63,61,63,0.024297,7815,1.09466377780674,27,-90,0.001869,51,2023-07-17 18:53:39.002008,16,1.037,0.0011,"aoml_navis",1022.48144398509
"7901009",5,0.0221958563831182,1,0.046725,1,0.024297,1,195.559673416464,1,4.88983689080039,18,1,30.2310009002686,36.0740013122559,0.0467250011861324,0.0336420014500618,188.581893920898,-89.5491,26.6873,10.0335768831146,63,63,63,63,61,63,0.024297,7815,1.09466377780674,27,-90,0.001869,51,2023-07-17 18:53:39.002008,18,1.037,0.0011,"aoml_navis",1022.52899465969
"7901009",5,0.0239032299510504,1,0.048594,1,0.026166,1,196.766744475028,1,4.88935491167675,20,1,30.003999710083,36.0929985046387,0.0485940016806126,0.0355109982192516,189.745895385742,-89.5491,26.6873,10.0335768831146,63,63,63,63,61,63,0.026166,7815,1.09466377780674,27,-90,0.001869,51,2023-07-17 18:53:39.002008,20,1.037,0.0011,"aoml_navis",1022.62979274812
"7901009",5,0.0256106035189826,1,0.050463,1,0.028035,1,197.672459176947,1,4.88905084485277,22,1,29.8080005645752,36.0769996643066,0.0504629984498024,0.0373799987137318,190.619293212891,-89.5491,26.6873,10.0335768831146,63,63,63,63,61,63,0.028035,7815,1.09466377780674,27,-90,0.001869,51,2023-07-17 18:53:39.002008,22,1.037,0.0011,"aoml_navis",1022.69339359889
"7901009",5,0.0290253506548469,1,0.054201,1,0.031773,1,198.286786254416,1,4.88884408368487,24,1,29.681999206543,36.0660018920898,0.0542009994387627,0.041117999702692,191.211700439453,-89.5491,26.6873,10.0335768831146,63,63,63,63,61,63,0.031773,7815,1.09466377780674,27,-90,0.001869,51,2023-07-17 18:53:39.002008,24,1.037,0.0011,"aoml_navis",1022.73664580265
"7901009",5,0.0341474713586434,1,0.059808,1,0.03738,1,198.415588603752,1,4.88864195069124,26,1,29.5849990844727,36.0670013427734,0.0598080009222031,0.0467250011861324,191.335906982422,-89.5491,26.6873,10.0335768831146,63,63,63,63,61,63,0.03738,7815,1.09466377780674,27,-90,0.001869,51,2023-07-17 18:53:39.002008,26,1.037,0.0011,"aoml_navis",1022.77893337904
"7901009",5,0.0341474713586434,1,0.059808,1,0.03738,1,198.574866791518,1,4.88836063461918,28,1,29.4810009002686,36.0870018005371,0.0598080009222031,0.0467250011861324,191.489501953125,-89.5491,26.6873,10.0335768831146,63,63,63,63,61,63,0.03738,7815,1.09466377780674,27,-90,0.001869,51,2023-07-17 18:53:39.002008,28,1.037,0.0011,"aoml_navis",1022.83779240635
"7901009",5,0.0375622184945078,1,0.063546,1,0.041118,1,198.625469974954,1,4.88809565981212,30,1,29.3780002593994,36.1030006408691,0.0635460019111633,0.0504629984498024,191.538299560547,-89.5491,26.6873,10.0335768831146,63,63,63,63,61,63,0.041118,7815,1.09466377780674,27,-90,0.001869,51,2023-07-17 18:53:39.002008,30,1.037,0.0011,"aoml_navis",1022.8932385894
"7901009",5,0.0443917127662365,1,0.071022,1,0.048594,1,198.533282937211,1,4.8878308637664,32,1,29.2859992980957,36.1240005493164,0.0710219964385033,0.0579390004277229,191.449401855469,-89.5491,26.6873,10.0335768831146,63,63,63,63,61,63,0.048594,7815,1.09466377780674,27,-90,0.001869,51,2023-07-17 18:53:39.002008,32,1.037,0.0011,"aoml_navis",1022.94865337201
"7901009",5,0.0443917127662365,1,0.071022,1,0.048594,1,197.990208559871,1,4.88764684772154,34,1,29.2150001525879,36.1319999694824,0.0710219964385033,0.0579390004277229,190.925704956055,-89.5491,26.6873,10.0335768831146,63,63,63,63,61,63,0.048594,7815,1.09466377780674,27,-90,0.001869,51,2023-07-17 18:53:39.002008,34,1.037,0.0011,"aoml_navis",1022.98716658116
"7901009",5,0.0580507013096939,1,0.085974,1,0.063546,1,197.652236891633,1,4.88752668382892,36,1,29.1879997253418,36.1419982910156,0.0859740003943443,0.0728909969329834,190.599792480469,-89.5491,26.6873,10.0335768831146,63,63,63,63,61,63,0.063546,7815,1.09466377780674,27,-90,0.001869,51,2023-07-17 18:53:39.002008,36,1.037,0.0011,"aoml_navis",1023.01231756815
"7901009",5,0.0614654484455582,1,0.089712,1,0.067284,1,197.562439184941,1,4.88741767116769,38,1,29.1590003967285,36.1479988098145,0.0897120013833046,0.0766289979219437,190.513198852539,-89.5491,26.6873,10.0335768831146,63,63,63,63,61,63,0.067284,7815,1.09466377780674,27,-90,0.001869,51,2023-07-17 18:53:39.002008,38,1.037,0.0011,"aoml_navis",1023.03513560882
"7901009",5,0.0648801955814225,1,0.09345,1,0.071022,1,197.381482960493,1,4.88736341648653,40,1,29.1639995574951,36.1539993286133,0.0934500023722649,0.0803669989109039,190.33869934082,-89.5491,26.6873,10.0335768831146,63,63,63,63,61,63,0.071022,7815,1.09466377780674,27,-90,0.001869,51,2023-07-17 18:53:39.002008,40,1.037,0.0011,"aoml_navis",1023.0464923344
"7901009",5,0.0734170634210834,1,0.102795,1,0.080367,1,197.211824632536,1,4.88729453906559,42,1,29.1509990692139,36.1559982299805,0.102794997394085,0.0897120013833046,190.175094604492,-89.5491,26.6873,10.0335768831146,63,63,63,63,61,63,0.080367,7815,1.09466377780674,27,-90,0.001869,51,2023-07-17 18:53:39.002008,42,1.037,0.0011,"aoml_navis",1023.06091029168
"7901009",5,0.0785391841248799,1,0.108402,1,0.085974,1,197.203533179089,1,4.88719954359369,44,1,29.1240005493164,36.1590003967285,0.108401998877525,0.095319002866745,190.167098999023,-89.5491,26.6873,10.0335768831146,63,63,63,63,61,63,0.085974,7815,1.09466377780674,27,-90,0.001869,51,2023-07-17 18:53:39.002008,44,1.037,0.0011,"aoml_navis",1023.08079614923
"7901009",5,0.0768318105569477,1,0.106533,1,0.084105,1,197.283077332666,1,4.88711855879368,46,1,29.0990009307861,36.1590003967285,0.106532998383045,0.0934500023722649,190.243804931641,-89.5491,26.6873,10.0335768831146,63,63,63,63,61,63,0.084105,7815,1.09466377780674,27,-90,0.001869,51,2023-07-17 18:53:39.002008,46,1.037,0.0011,"aoml_navis",1023.09774969613
"7901009",5,0.0887834255324729,1,0.119616,1,0.097188,1,197.628501814975,1,4.88703689078645,48,1,29.048999786377,36.1479988098145,0.119616001844406,0.106532998383045,190.576904296875,-89.5491,26.6873,10.0335768831146,63,63,63,63,61,63,0.097188,7815,1.09466377780674,27,-90,0.001869,51,2023-07-17 18:53:39.002008,48,1.037,0.0011,"aoml_navis",1023.11484683623
"7901009",5,0.0939055462362695,1,0.125223,1,0.102795,1,197.946346138206,1,4.8869745571173,50,1,29.0109996795654,36.1370010375977,0.125222995877266,0.112139999866486,190.883407592773,-89.5491,26.6873,10.0335768831146,63,63,63,63,61,63,0.102795,7815,1.09466377780674,27,-90,0.001869,51,2023-07-17 18:53:39.002008,50,1.037,0.0011,"aoml_navis",1023.12789673073
"7901009",5,0.0870760519645408,4,0.117747,1,0.095319,1,198.31053715446,1,4.88687258688798,52,1,28.9459991455078,36.125,0.117747001349926,0.104663997888565,191.234603881836,-89.5491,26.6873,10.0335768831146,63,63,63,63,61,63,0.095319,7815,1.09466377780674,27,-90,0.001869,51,2023-07-17 18:53:39.002008,52,1.037,0.0011,"aoml_navis",1023.14924547359
"7901009",5,0.099027666940066,1,0.13083,1,0.108402,1,199.019013369343,1,4.88674570168603,54,1,28.8899993896484,36.1240005493164,0.130830004811287,0.117747001349926,191.91780090332,-89.5491,26.6873,10.0335768831146,63,63,63,63,61,63,0.108402,7815,1.09466377780674,27,-90,0.001869,51,2023-07-17 18:53:39.002008,54,1.037,0.0011,"aoml_navis",1023.17581172167
"7901009",5,0.110979281915591,1,0.143913,1,0.121485,1,201.760841954824,1,4.88656217742169,56,1,28.6590003967285,36.0610008239746,0.143913000822067,0.130830004811287,194.561798095703,-89.5491,26.6873,10.0335768831146,63,63,63,63,61,63,0.121485,7815,1.09466377780674,27,-90,0.001869,51,2023-07-17 18:53:39.002008,56,1.037,0.0011,"aoml_navis",1023.21423906206
"7901009",5,0.128053017594913,1,0.162603,1,0.140175,1,204.300874918551,1,4.88633127934553,58,1,28.3309993743896,35.9690017700195,0.162603005766869,0.149519994854927,197.011199951172,-89.5491,26.6873,10.0335768831146,63,63,63,63,61,63,0.140175,7815,1.09466377780674,27,-90,0.001869,51,2023-07-17 18:53:39.002008,58,1.037,0.0011,"aoml_navis",1023.26258989744
"7901009",5,0.136589885434574,1,0.171948,1,0.14952,1,205.045032865345,1,4.8861178685211,60,1,28.1350002288818,35.9309997558594,0.171948000788689,0.158865004777908,197.728805541992,-89.5491,26.6873,10.0335768831146,63,63,63,63,61,63,0.14952,7815,1.09466377780674,27,-90,0.001869,51,2023-07-17 18:53:39.002008,60,1.037,0.0011,"aoml_navis",1023.30728290707
"7901009",5,0.15707836824976,1,0.194376,1,0.171948,1,204.716396993926,1,4.88585596724886,62,1,28.0240001678467,35.9440002441406,0.19437600672245,0.181292995810509,197.411895751953,-89.5491,26.6873,10.0335768831146,63,63,63,63,61,63,0.171948,7815,1.09466377780674,27,-90,0.001869,51,2023-07-17 18:53:39.002008,62,1.037,0.0011,"aoml_navis",1023.36213623903
"7901009",5,0.15707836824976,1,0.194376,1,0.171948,1,204.409961330875,1,4.88563584011083,64,1,27.9050006866455,35.9420013427734,0.19437600672245,0.181292995810509,197.116394042969,-89.5491,26.6873,10.0335768831146,63,63,63,63,61,63,0.171948,7815,1.09466377780674,27,-90,0.001869,51,2023-07-17 18:53:39.002008,64,1.037,0.0011,"aoml_navis",1023.4082448287
"7901009",5,0.163907862521489,1,0.201852,1,0.179424,1,203.937617481979,1,4.88534007887218,66,1,27.7509994506836,35.9459991455078,0.20185199379921,0.188768997788429,196.660903930664,-89.5491,26.6873,10.0335768831146,63,63,63,63,61,63,0.179424,7815,1.09466377780674,27,-90,0.001869,51,2023-07-17 18:53:39.002008,66,1.037,0.0011,"aoml_navis",1023.47020253998
"7901009",5,0.175859477497014,1,0.214935,1,0.192507,1,203.10696891584,1,4.88518444775759,68,1,27.7049999237061,35.9580001831055,0.214935004711151,0.20185199379921,195.859893798828,-89.5491,26.6873,10.0335768831146,63,63,63,63,61,63,0.192507,7815,1.09466377780674,27,-90,0.001869,51,2023-07-17 18:53:39.002008,68,1.037,0.0011,"aoml_navis",1023.50280802501
"7901009",5,0.204884828151861,1,0.246708,1,0.22428,1,201.781269944135,1,4.88500363977799,70,1,27.6520004272461,35.9739990234375,0.246708005666733,0.233624994754791,194.581497192383,-89.5491,26.6873,10.0335768831146,63,63,63,63,61,63,0.22428,7815,1.09466377780674,27,-90,0.001869,51,2023-07-17 18:53:39.002008,70,1.037,0.0011,"aoml_navis",1023.54069079614
"7901009",5,0.201470081015996,1,0.24297,1,0.220542,1,200.406202012979,1,4.88461635678122,72.0999984741211,1,27.6429996490479,36.0660018920898,0.242970004677773,0.229886993765831,193.255493164062,-89.5491,26.6873,10.0335768831146,63,63,63,63,61,63,0.220542,7815,1.09466377780674,27,-90,0.001869,51,2023-07-17 18:53:39.002008,72.0999984741211,1.037,0.0011,"aoml_navis",1023.62184351665
"7901009",5,0.22025119026325,1,0.263529,1,0.241101,1,199.487844426894,1,4.88436691633993,74,1,27.6529998779297,36.1290016174316,0.263529002666473,0.250445991754532,192.369903564453,-89.5491,26.6873,10.0335768831146,63,63,63,63,61,63,0.241101,7815,1.09466377780674,27,-90,0.001869,51,2023-07-17 18:53:39.002008,74,1.037,0.0011,"aoml_navis",1023.6741190088
"7901009",5,0.237324925942572,1,0.282219,1,0.259791,1,198.26241824238,1,4.88414492460398,76,1,27.5849990844727,36.1500015258789,0.282218992710114,0.269136011600494,191.188201904297,-89.5491,26.6873,10.0335768831146,63,63,63,63,61,63,0.259791,7815,1.09466377780674,27,-90,0.001869,51,2023-07-17 18:53:39.002008,76,1.037,0.0011,"aoml_navis",1023.72064653782
"7901009",5,0.244154420214301,1,0.289695,1,0.267267,1,197.807685820365,1,4.88394225946108,78,1,27.4899997711182,36.1539993286133,0.289694994688034,0.276612013578415,190.749694824219,-89.5491,26.6873,10.0335768831146,63,63,63,63,61,63,0.267267,7815,1.09466377780674,27,-90,0.001869,51,2023-07-17 18:53:39.002008,78,1.037,0.0011,"aoml_navis",1023.76312707508
"7901009",5,0.240739673078436,1,0.285957,1,0.263529,1,197.279232250247,1,4.8837952751344,80,1,27.4909992218018,36.1839981079102,0.285957008600235,0.272873997688293,190.240097045898,-89.5491,26.6873,10.0335768831146,63,63,63,63,61,63,0.263529,7815,1.09466377780674,27,-90,0.001869,51,2023-07-17 18:53:39.002008,80,1.037,0.0011,"aoml_navis",1023.7939385906
"7901009",5,0.245861793782233,1,0.291564,1,0.269136,1,196.290555543713,1,4.88366534549411,82,1,27.4589996337891,36.1949996948242,0.291563987731934,0.278481006622314,189.286697387695,-89.5491,26.6873,10.0335768831146,63,63,63,63,61,63,0.269136,7815,1.09466377780674,27,-90,0.001869,51,2023-07-17 18:53:39.002008,82,1.037,0.0011,"aoml_navis",1023.82117657043
"7901009",5,0.264642903029487,1,0.312123,1,0.289695,1,194.052701752623,1,4.88348963328555,84,1,27.4090003967285,36.2109985351562,0.312123000621796,0.299039989709854,187.128692626953,-89.5491,26.6873,10.0335768831146,63,63,63,63,61,63,0.289695,7815,1.09466377780674,27,-90,0.001869,51,2023-07-17 18:53:39.002008,84,1.037,0.0011,"aoml_navis",1023.8580145477
"7901009",5,0.295375627252266,1,0.345765,1,0.323337,1,192.741212180144,1,4.88303160124556,86,1,27.19700050354,36.2360000610352,0.345764994621277,0.332682013511658,185.863998413086,-89.5491,26.6873,10.0335768831146,63,63,63,63,61,63,0.323337,7815,1.09466377780674,27,-90,0.001869,51,2023-07-17 18:53:39.002008,86,1.037,0.0011,"aoml_navis",1023.95405320019
"7901009",5,0.293668253684334,1,0.343896,1,0.321468,1,192.321117146666,1,4.88280656681325,88,1,27.1380004882812,36.2620010375977,0.343896001577377,0.330812990665436,185.458892822266,-89.5491,26.6873,10.0335768831146,63,63,63,63,61,63,0.321468,7815,1.09466377780674,27,-90,0.001869,51,2023-07-17 18:53:39.002008,88,1.037,0.0011,"aoml_navis",1024.00124428096
"7901009",5,0.303912495091927,1,0.35511,1,0.332682,1,192.087279171423,1,4.88257190532758,90,1,27.0820007324219,36.2919998168945,0.355109989643097,0.342027008533478,185.2333984375,-89.5491,26.6873,10.0335768831146,63,63,63,63,61,63,0.332682,7815,1.09466377780674,27,-90,0.001869,51,2023-07-17 18:53:39.002008,90,1.037,0.0011,"aoml_navis",1024.05045884614
"7901009",5,0.324400977907113,1,0.377538,1,0.35511,1,191.327677601416,1,4.8824577836871,92,1,27.0599994659424,36.3030014038086,0.377537995576859,0.364455014467239,184.500900268555,-89.5491,26.6873,10.0335768831146,63,63,63,63,61,63,0.35511,7815,1.09466377780674,27,-90,0.001869,51,2023-07-17 18:53:39.002008,92,1.037,0.0011,"aoml_navis",1024.07439480698
"7901009",5,0.379036932080942,1,0.437346,1,0.414918,1,189.48306656041,1,4.88229501089431,94,1,27.0249996185303,36.3219985961914,0.437346011400223,0.424263000488281,182.722106933594,-89.5491,26.6873,10.0335768831146,63,63,63,63,61,63,0.414918,7815,1.09466377780674,27,-90,0.001869,51,2023-07-17 18:53:39.002008,94,1.037,0.0011,"aoml_navis",1024.10853683422
"7901009",5,0.420013897711314,1,0.482202,1,0.459774,1,188.207654304453,1,4.8820578248978,96,1,26.8640003204346,36.3079986572266,0.482201993465424,0.469119012355804,181.492202758789,-89.5491,26.6873,10.0335768831146,63,63,63,63,61,63,0.459774,7815,1.09466377780674,27,-90,0.001869,51,2023-07-17 18:53:39.002008,96,1.037,0.0011,"aoml_navis",1024.1582913051
"7901009",5,0.459283489773754,1,0.525189,1,0.502761,1,189.038397810898,1,4.88192702245531,98,1,26.8850002288818,36.3419990539551,0.525188982486725,0.512106001377106,182.293304443359,-89.5491,26.6873,10.0335768831146,63,63,63,63,61,63,0.502761,7815,1.09466377780674,27,-90,0.001869,51,2023-07-17 18:53:39.002008,98,1.037,0.0011,"aoml_navis",1024.18573178206
"7901009",5,0.570262771689345,1,0.646674,1,0.624246,1,188.532017862073,1,4.88167535080873,100,1,26.9559993743896,36.4309997558594,0.646673977375031,0.633590996265411,181.804992675781,-89.5491,26.6873,10.0335768831146,63,63,63,63,61,63,0.624246,7815,1.09466377780674,27,-90,0.001869,51,2023-07-17 18:53:39.002008,100,1.037,0.0011,"aoml_navis",1024.23853302159
"7901009",5,0.606117616615921,1,0.685923,1,0.663495,1,187.239199883233,1,4.88156097403917,102,1,26.9150009155273,36.4339981079102,0.685922980308533,0.672839999198914,180.558303833008,-89.5491,26.6873,10.0335768831146,63,63,63,63,61,63,0.663495,7815,1.09466377780674,27,-90,0.001869,51,2023-07-17 18:53:39.002008,102,1.037,0.0011,"aoml_navis",1024.26253130724
"7901009",5,0.633435593702836,1,0.715827,1,0.693399,1,184.312569990886,1,4.88136470989025,104,1,26.8579998016357,36.4529991149902,0.715826988220215,0.702744007110596,177.736099243164,-89.5491,26.6873,10.0335768831146,63,63,63,63,61,63,0.693399,7815,1.09466377780674,27,-90,0.001869,51,2023-07-17 18:53:39.002008,104,1.037,0.0011,"aoml_navis",1024.30371364577
"7901009",5,0.606117616615921,1,0.685923,1,0.663495,1,181.843267555602,1,4.88085830869507,106,1,26.6469993591309,36.4930000305176,0.685922980308533,0.672839999198914,175.354904174805,-89.5491,26.6873,10.0335768831146,63,63,63,63,61,63,0.663495,7815,1.09466377780674,27,-90,0.001869,51,2023-07-17 18:53:39.002008,106,1.037,0.0011,"aoml_navis",1024.40998770497
"7901009",5,0.568555398121413,1,0.644805,1,0.622377,1,181.192024522236,1,4.88034249501164,108,1,26.488000869751,36.5579986572266,0.644805014133453,0.631721973419189,174.726898193359,-89.5491,26.6873,10.0335768831146,63,63,63,63,61,63,0.622377,7815,1.09466377780674,27,-90,0.001869,51,2023-07-17 18:53:39.002008,108,1.037,0.0011,"aoml_navis",1024.51825975547
"7901009",5,0.565140650985549,1,0.641067,1,0.618639,1,180.584865437917,1,4.88021822121722,110,1,26.4589996337891,36.5690002441406,0.641067028045654,0.62798398733139,174.141403198242,-89.5491,26.6873,10.0335768831146,63,63,63,63,61,63,0.618639,7815,1.09466377780674,27,-90,0.001869,51,2023-07-17 18:53:39.002008,110,1.037,0.0011,"aoml_navis",1024.54434891088
"7901009",5,0.539530047466566,1,0.613032,1,0.590604,1,179.759929113561,1,4.88008109540366,112,1,26.4120006561279,36.576000213623,0.613031983375549,0.59994900226593,173.345901489258,-89.5491,26.6873,10.0335768831146,63,63,63,63,61,63,0.590604,7815,1.09466377780674,27,-90,0.001869,51,2023-07-17 18:53:39.002008,112,1.037,0.0011,"aoml_navis",1024.57313766964
"7901009",5,0.493430961132398,4,0.562569,1,0.540141,1,179.141155665064,1,4.87984389746153,114,1,26.3129997253418,36.5890007019043,0.56256902217865,0.549485981464386,172.749206542969,-89.5491,26.6873,10.0335768831146,63,63,63,63,61,63,0.540141,7815,1.09466377780674,27,-90,0.001869,51,2023-07-17 18:53:39.002008,114,1.037,0.0011,"aoml_navis",1024.62293980366
"7901009",5,0.510504696811719,1,0.581259,1,0.558831,1,178.689951857779,1,4.87954120659832,116,1,26.2679996490479,36.6430015563965,0.58125901222229,0.568175971508026,172.314102172852,-89.5491,26.6873,10.0335768831146,63,63,63,63,61,63,0.558831,7815,1.09466377780674,27,-90,0.001869,51,2023-07-17 18:53:39.002008,116,1.037,0.0011,"aoml_navis",1024.68649987806
"7901009",5,0.474649851885144,1,0.54201,1,0.519582,1,177.248409888594,1,4.87925052232936,118,1,26.2189998626709,36.6920013427734,0.542010009288788,0.528927028179169,170.92399597168,-89.5491,26.6873,10.0335768831146,63,63,63,63,61,63,0.519582,7815,1.09466377780674,27,-90,0.001869,51,2023-07-17 18:53:39.002008,118,1.037,0.0011,"aoml_navis",1024.74754618933
"7901009",5,0.363670569969553,1,0.420525,1,0.398097,1,174.448193014532,1,4.87893872216182,120,1,26.1009998321533,36.7179985046387,0.420525014400482,0.407442003488541,168.223693847656,-89.5491,26.6873,10.0335768831146,63,63,63,63,61,63,0.398097,7815,1.09466377780674,27,-90,0.001869,51,2023-07-17 18:53:39.002008,120,1.037,0.0011,"aoml_navis",1024.81303511526
"7901009",5,0.285131385844673,1,0.334551,1,0.312123,1,171.063523612822,1,4.87867555777844,122,1,25.9720001220703,36.726001739502,0.334551006555557,0.321467995643616,164.95979309082,-89.5491,26.6873,10.0335768831146,63,63,63,63,61,63,0.312123,7815,1.09466377780674,27,-90,0.001869,51,2023-07-17 18:53:39.002008,122,1.037,0.0011,"aoml_navis",1024.86831534188
"7901009",5,0.225373310967047,1,0.269136,1,0.246708,1,170.266705442614,1,4.878398266775,124,1,25.8740005493164,36.7509994506836,0.269136011600494,0.256053000688553,164.19140625,-89.5491,26.6873,10.0335768831146,63,63,63,63,61,63,0.246708,7815,1.09466377780674,27,-90,0.001869,51,2023-07-17 18:53:39.002008,124,1.037,0.0011,"aoml_navis",1024.92656945481
"7901009",5,0.163907862521489,1,0.201852,1,0.179424,1,167.673062852407,1,4.878078246142,126,1,25.7639999389648,36.7830009460449,0.20185199379921,0.188768997788429,161.690307617188,-89.5491,26.6873,10.0335768831146,63,63,63,63,61,63,0.179424,7815,1.09466377780674,27,-90,0.001869,51,2023-07-17 18:53:39.002008,126,1.037,0.0011,"aoml_navis",1024.99380856681
"7901009",5,0.128053017594913,4,0.162603,1,0.140175,1,166.316144343203,1,4.8777500984318,128,1,25.6410007476807,36.8120002746582,0.162603005766869,0.149519994854927,160.381805419922,-89.5491,26.6873,10.0335768831146,63,63,63,63,61,63,0.140175,7815,1.09466377780674,27,-90,0.001869,51,2023-07-17 18:53:39.002008,128,1.037,0.0011,"aoml_navis",1025.06276441007
"7901009",5,0.119516149755252,4,0.153258,1,0.13083,1,165.384083706194,1,4.87748494091594,130,1,25.5480003356934,36.8359985351562,0.153257995843887,0.140174999833107,159.483001708984,-89.5491,26.6873,10.0335768831146,63,63,63,63,61,63,0.13083,7815,1.09466377780674,27,-90,0.001869,51,2023-07-17 18:53:39.002008,130,1.037,0.0011,"aoml_navis",1025.11849048601
"7901009",5,0.138297259002506,1,0.173817,1,0.151389,1,164.416657804962,1,4.87724057891498,132,1,25.4640007019043,36.8580017089844,0.173816993832588,0.160733997821808,158.550094604492,-89.5491,26.6873,10.0335768831146,63,63,63,63,61,63,0.151389,7815,1.09466377780674,27,-90,0.001869,51,2023-07-17 18:53:39.002008,132,1.037,0.0011,"aoml_navis",1025.16985149671
"7901009",5,0.151956247545963,1,0.188769,1,0.166341,1,163.077588073405,1,4.87698805448621,134,1,25.367000579834,36.8769989013672,0.188768997788429,0.175686001777649,157.258804321289,-89.5491,26.6873,10.0335768831146,63,63,63,63,61,63,0.166341,7815,1.09466377780674,27,-90,0.001869,51,2023-07-17 18:53:39.002008,134,1.037,0.0011,"aoml_navis",1025.22293352772
"7901009",5,0.143419379706302,1,0.179424,1,0.156996,1,161.101579648016,1,4.87662002787975,136,1,25.2059993743896,36.9020004272461,0.179424002766609,0.166341006755829,155.353302001953,-89.5491,26.6873,10.0335768831146,63,63,63,63,61,63,0.156996,7815,1.09466377780674,27,-90,0.001869,51,2023-07-17 18:53:39.002008,136,1.037,0.0011,"aoml_navis",1025.30030459927
"7901009",5,0.109271908347659,1,0.142044,1,0.119616,1,160.141005272246,1,4.87624573773324,138,1,25.0450000762939,36.9290008544922,0.142043992877007,0.128960996866226,154.427001953125,-89.5491,26.6873,10.0335768831146,63,63,63,63,61,63,0.119616,7815,1.09466377780674,27,-90,0.001869,51,2023-07-17 18:53:39.002008,138,1.037,0.0011,"aoml_navis",1025.37900444785
"7901009",5,0.059758074877626,4,0.087843,1,0.065415,1,157.333731168725,1,4.87601943123585,140,1,24.9330005645752,36.935001373291,0.0878430008888245,0.0747599974274635,151.71989440918,-89.5491,26.6873,10.0335768831146,63,63,63,63,61,63,0.065415,7815,1.09466377780674,27,-90,0.001869,51,2023-07-17 18:53:39.002008,140,1.037,0.0011,"aoml_navis",1025.42659448195
"7901009",5,0.0682949427172869,1,0.097188,1,0.07476,1,155.821585258172,1,4.87573401069289,142,1,24.7479991912842,36.9280014038086,0.0971880033612251,0.0841049998998642,150.261703491211,-89.5491,26.6873,10.0335768831146,63,63,63,63,61,63,0.07476,7815,1.09466377780674,27,-90,0.001869,51,2023-07-17 18:53:39.002008,142,1.037,0.0011,"aoml_navis",1025.48662191879
"7901009",5,0.0717096898531512,1,0.100926,1,0.078498,1,155.053882115332,1,4.87541754898678,144,1,24.568000793457,36.931999206543,0.100925996899605,0.0878430008888245,149.521392822266,-89.5491,26.6873,10.0335768831146,63,63,63,63,61,63,0.078498,7815,1.09466377780674,27,-90,0.001869,51,2023-07-17 18:53:39.002008,144,1.037,0.0011,"aoml_navis",1025.55318590899
"7901009",5,0.0580507013096939,1,0.085974,1,0.063546,1,154.562043856807,1,4.87525670923193,146,1,24.4950008392334,36.9360008239746,0.0859740003943443,0.0728909969329834,149.047103881836,-89.5491,26.6873,10.0335768831146,63,63,63,63,61,63,0.063546,7815,1.09466377780674,27,-90,0.001869,51,2023-07-17 18:53:39.002008,146,1.037,0.0011,"aoml_navis",1025.58701996796
"7901009",5,0.0478064599021008,1,0.07476,1,0.052332,1,153.687849336692,1,4.87506425809753,147.899993896484,1,24.4109992980957,36.9449996948242,0.0747599974274635,0.0616770014166832,148.2041015625,-89.5491,26.6873,10.0335768831146,63,63,63,63,61,63,0.052332,7815,1.09466377780674,27,-90,0.001869,51,2023-07-17 18:53:39.002008,147.899993896484,1.037,0.0011,"aoml_navis",1025.62750669285
"7901009",5,0.0443917127662365,1,0.071022,1,0.048594,1,152.624818546678,1,4.87483990297972,150,1,24.3099994659424,36.9550018310547,0.0710219964385033,0.0579390004277229,147.179000854492,-89.5491,26.6873,10.0335768831146,63,63,63,63,61,63,0.048594,7815,1.09466377780674,27,-90,0.001869,51,2023-07-17 18:53:39.002008,150,1.037,0.0011,"aoml_navis",1025.67470922353
"7901009",5,0.0358548449265756,1,0.061677,1,0.039249,1,151.892069260065,1,4.87446231368083,152,1,24.1229991912842,36.9739990234375,0.0616770014166832,0.0485940016806126,146.472396850586,-89.5491,26.6873,10.0335768831146,63,63,63,63,61,63,0.039249,7815,1.09466377780674,27,-90,0.001869,51,2023-07-17 18:53:39.002008,152,1.037,0.0011,"aoml_navis",1025.75416081623
"7901009",5,0.0256106035189826,1,0.050463,1,0.028035,1,151.325038278684,1,4.87420889173657,154,1,24.0020008087158,36.9850006103516,0.0504629984498024,0.0373799987137318,145.925598144531,-89.5491,26.6873,10.0335768831146,63,63,63,63,61,63,0.028035,7815,1.09466377780674,27,-90,0.001869,51,2023-07-17 18:53:39.002008,154,1.037,0.0011,"aoml_navis",1025.80749226335
"7901009",5,0.0307327242227791,1,0.05607,1,0.033642,1,150.943425716163,1,4.8740103218851,156,1,23.9039993286133,36.9900016784668,0.0560699999332428,0.0429870001971722,145.557601928711,-89.5491,26.6873,10.0335768831146,63,63,63,63,61,63,0.033642,7815,1.09466377780674,27,-90,0.001869,51,2023-07-17 18:53:39.002008,156,1.037,0.0011,"aoml_navis",1025.84928422272
"7901009",5,0.0307327242227791,1,0.05607,1,0.033642,1,150.389765494633,1,4.87387548201585,158,1,23.8430004119873,36.992000579834,0.0560699999332428,0.0429870001971722,145.023696899414,-89.5491,26.6873,10.0335768831146,63,63,63,63,61,63,0.033642,7815,1.09466377780674,27,-90,0.001869,51,2023-07-17 18:53:39.002008,158,1.037,0.0011,"aoml_navis",1025.87766520699
"7901009",5,0.0290253506548469,1,0.054201,1,0.031773,1,149.980050601347,1,4.87363353199825,160,1,23.7140007019043,36.9970016479492,0.0542009994387627,0.041117999702692,144.628601074219,-89.5491,26.6873,10.0335768831146,63,63,63,63,61,63,0.031773,7815,1.09466377780674,27,-90,0.001869,51,2023-07-17 18:53:39.002008,160,1.037,0.0011,"aoml_navis",1025.92859458391
"7901009",5,0.0204884828151861,1,0.044856,1,0.022428,1,149.524906771337,1,4.8734849598991,162,1,23.6429996490479,36.9990005493164,0.0448560006916523,0.0317730009555817,144.189697265625,-89.5491,26.6873,10.0335768831146,63,63,63,63,61,63,0.022428,7815,1.09466377780674,27,-90,0.001869,51,2023-07-17 18:53:39.002008,162,1.037,0.0011,"aoml_navis",1025.95987084025
"7901009",5,0.0239032299510504,1,0.048594,1,0.026166,1,148.756808043886,1,4.87335082340073,164,1,23.5769996643066,36.9990005493164,0.0485940016806126,0.0355109982192516,143.449005126953,-89.5491,26.6873,10.0335768831146,63,63,63,63,61,63,0.026166,7815,1.09466377780674,27,-90,0.001869,51,2023-07-17 18:53:39.002008,164,1.037,0.0011,"aoml_navis",1025.98810986296
"7901009",5,0.0136589885434574,1,0.03738,1,0.014952,1,147.980813447601,1,4.87310685478267,166,1,23.4379997253418,37.0009994506836,0.0373799987137318,0.0242970008403063,142.700698852539,-89.5491,26.6873,10.0335768831146,63,63,63,63,61,63,0.014952,7815,1.09466377780674,27,-90,0.001869,51,2023-07-17 18:53:39.002008,166,1.037,0.0011,"aoml_navis",1026.0394752257
"7901009",5,0.00853686783966086,1,0.031773,1,0.009345,1,147.522362530242,1,4.87283376010454,168,1,23.2700004577637,37,0.0317730009555817,0.0186899993568659,142.258605957031,-89.5491,26.6873,10.0335768831146,63,63,63,63,61,63,0.009345,7815,1.09466377780674,27,-90,0.001869,51,2023-07-17 18:53:39.002008,168,1.037,0.0011,"aoml_navis",1026.09697891535
"7901009",5,0.00341474713586434,1,0.026166,1,0.003738,1,147.464591353655,1,4.87245022437246,170,1,23.0090007781982,36.9939994812012,0.0261659994721413,0.0130829997360706,142.202896118164,-89.5491,26.6873,10.0335768831146,63,63,63,63,61,63,0.003738,7815,1.09466377780674,27,-90,0.001869,51,2023-07-17 18:53:39.002008,170,1.037,0.0011,"aoml_navis",1026.17774831019
"7901009",5,0.00170737356793217,1,0.024297,1,0.001869,1,147.043372859882,1,4.87228209578039,172,1,22.9200000762939,36.9949989318848,0.0242970008403063,0.0112140001729131,141.79670715332,-89.5491,26.6873,10.0335768831146,63,63,63,63,61,63,0.001869,7815,1.09466377780674,27,-90,0.001869,51,2023-07-17 18:53:39.002008,172,1.037,0.0011,"aoml_navis",1026.21315878451
"7901009",5,0.00170737356793217,1,0.024297,1,0.001869,1,146.847685064521,1,4.87210764638509,174,1,22.8080005645752,36.9889984130859,0.0242970008403063,0.0112140001729131,141.608001708984,-89.5491,26.6873,10.0335768831146,63,63,63,63,61,63,0.001869,7815,1.09466377780674,27,-90,0.001869,51,2023-07-17 18:53:39.002008,174,1.037,0.0011,"aoml_navis",1026.24990310093
"7901009",5,0.00170737356793217,1,0.024297,1,0.001869,1,146.434235852508,1,4.87193502873793,176,1,22.69700050354,36.9830017089844,0.0242970008403063,0.0112140001729131,141.20930480957,-89.5491,26.6873,10.0335768831146,63,63,63,63,61,63,0.001869,7815,1.09466377780674,27,-90,0.001869,51,2023-07-17 18:53:39.002008,176,1.037,0.0011,"aoml_navis",1026.28626418593
"7901009",5,0.00682949427172869,1,0.029904,1,0.007476,1,146.419615045286,1,4.8716229716194,178,1,22.4419994354248,36.9609985351562,0.0299040004611015,0.0168210007250309,141.195205688477,-89.5491,26.6873,10.0335768831146,63,63,63,63,61,63,0.007476,7815,1.09466377780674,27,-90,0.001869,51,2023-07-17 18:53:39.002008,178,1.037,0.0011,"aoml_navis",1026.35200407102
"7901009",5,0.0119516149755252,1,0.035511,1,0.013083,1,146.433808621128,1,4.87148743365735,180,1,22.3279991149902,36.9440002441406,0.0355109982192516,0.0224280003458261,141.208892822266,-89.5491,26.6873,10.0335768831146,63,63,63,63,61,63,0.013083,7815,1.09466377780674,27,-90,0.001869,51,2023-07-17 18:53:39.002008,180,1.037,0.0011,"aoml_navis",1026.38055996096
"7901009",5,0.0136589885434574,1,0.03738,1,0.014952,1,146.347855996854,1,4.87140838008347,182.100006103516,1,22.2910003662109,36.939998626709,0.0373799987137318,0.0242970008403063,141.126007080078,-89.5491,26.6873,10.0335768831146,63,63,63,63,61,63,0.014952,7815,1.09466377780674,27,-90,0.001869,51,2023-07-17 18:53:39.002008,182.100006103516,1.037,0.0011,"aoml_navis",1026.39721614026
"7901009",5,0.0170737356793217,1,0.041118,1,0.01869,1,146.314452832303,1,4.871359442118,184,1,22.2810001373291,36.9389991760254,0.041117999702692,0.0280349999666214,141.093795776367,-89.5491,26.6873,10.0335768831146,63,63,63,63,61,63,0.01869,7815,1.09466377780674,27,-90,0.001869,51,2023-07-17 18:53:39.002008,184,1.037,0.0011,"aoml_navis",1026.40752738748
"7901009",5,0.0187811092472539,1,0.042987,1,0.020559,1,146.558465243741,1,4.87128160505063,186,1,22.246000289917,36.9360008239746,0.0429870001971722,0.0299040004611015,141.3291015625,-89.5491,26.6873,10.0335768831146,63,63,63,63,61,63,0.020559,7815,1.09466377780674,27,-90,0.001869,51,2023-07-17 18:53:39.002008,186,1.037,0.0011,"aoml_navis",1026.42392811286
"7901009",5,0.0136589885434574,1,0.03738,1,0.014952,1,147.277100071434,1,4.87107983263703,188,1,22.1410007476807,36.9410018920898,0.0373799987137318,0.0242970008403063,142.022094726562,-89.5491,26.6873,10.0335768831146,63,63,63,63,61,63,0.014952,7815,1.09466377780674,27,-90,0.001869,51,2023-07-17 18:53:39.002008,188,1.037,0.0011,"aoml_navis",1026.46644518104
"7901009",5,0.00853686783966086,1,0.031773,1,0.009345,1,147.199438900606,1,4.87092995763142,190,1,22.0739994049072,36.9459991455078,0.0317730009555817,0.0186899993568659,141.947204589844,-89.5491,26.6873,10.0335768831146,63,63,63,63,61,63,0.009345,7815,1.09466377780674,27,-90,0.001869,51,2023-07-17 18:53:39.002008,190,1.037,0.0011,"aoml_navis",1026.49802881406
"7901009",5,0.00170737356793217,1,0.024297,1,0.001869,1,146.925868407036,1,4.870685212034,192,1,21.9099998474121,36.9410018920898,0.0242970008403063,0.0112140001729131,141.683395385742,-89.5491,26.6873,10.0335768831146,63,63,63,63,61,63,0.001869,7815,1.09466377780674,27,-90,0.001869,51,2023-07-17 18:53:39.002008,192,1.037,0.0011,"aoml_navis",1026.54960900501
"7901009",5,0.00170737356793217,1,0.024297,1,0.001869,1,146.956470832541,1,4.87045288359547,194,1,21.7329998016357,36.9280014038086,0.0242970008403063,0.0112140001729131,141.712905883789,-89.5491,26.6873,10.0335768831146,63,63,63,63,61,63,0.001869,7815,1.09466377780674,27,-90,0.001869,51,2023-07-17 18:53:39.002008,194,1.037,0.0011,"aoml_navis",1026.59857707296
"7901009",5,0.00170737356793217,1,0.024297,1,0.001869,1,146.885851067789,1,4.87025905033938,196,1,21.5919990539551,36.9179992675781,0.0242970008403063,0.0112140001729131,141.644805908203,-89.5491,26.6873,10.0335768831146,63,63,63,63,61,63,0.001869,7815,1.09466377780674,27,-90,0.001869,51,2023-07-17 18:53:39.002008,196,1.037,0.0011,"aoml_navis",1026.63943505255
"7901009",5,0.00170737356793217,1,0.024297,1,0.001869,1,146.755909434774,1,4.87008233742318,198,1,21.4659996032715,36.9090003967285,0.0242970008403063,0.0112140001729131,141.519500732422,-89.5491,26.6873,10.0335768831146,63,63,63,63,61,63,0.001869,7815,1.09466377780674,27,-90,0.001869,51,2023-07-17 18:53:39.002008,198,1.037,0.0011,"aoml_navis",1026.67668708155
"7901009",5,0.00512212070379652,1,0.028035,1,0.005607,1,146.541360165162,1,4.86995973635782,200,1,21.382999420166,36.9010009765625,0.0280349999666214,0.0149520002305508,141.312606811523,-89.5491,26.6873,10.0335768831146,63,63,63,63,61,63,0.005607,7815,1.09466377780674,27,-90,0.001869,51,2023-07-17 18:53:39.002008,200,1.037,0.0011,"aoml_navis",1026.7025336311
"7901009",5,0.010244241407593,1,0.033642,1,0.011214,1,146.641838656351,1,4.86984101426493,202,1,21.2999992370605,36.8919982910156,0.0336420014500618,0.020558999851346,141.40950012207,-89.5491,26.6873,10.0335768831146,63,63,63,63,61,63,0.011214,7815,1.09466377780674,27,-90,0.001869,51,2023-07-17 18:53:39.002008,202,1.037,0.0011,"aoml_navis",1026.72756366251
"7901009",5,-0.00512212070379652,1,0.016821,1,-0.005607,1,147.28934737099,1,4.86967343145714,204,1,21.1580009460449,36.875,0.0168210007250309,0.00373800005763769,142.033905029297,-89.5491,26.6873,10.0335768831146,63,63,63,63,61,63,-0.005607,7815,1.09466377780674,27,-90,0.001869,51,2023-07-17 18:53:39.002008,204,1.037,0.0011,"aoml_navis",1026.76289701502
"7901009",5,-0.00341474713586434,1,0.01869,1,-0.003738,1,147.595561506658,1,4.86950694246375,206,1,21.007999420166,36.8549995422363,0.0186899993568659,0.00560700008645654,142.329193115234,-89.5491,26.6873,10.0335768831146,63,63,63,63,61,63,-0.003738,7815,1.09466377780674,27,-90,0.001869,51,2023-07-17 18:53:39.002008,206,1.037,0.0011,"aoml_navis",1026.79800215465
"7901009",5,-0.00341474713586434,1,0.01869,1,-0.003738,1,147.735155404181,1,4.86933704348383,208,1,20.863000869751,36.8380012512207,0.0186899993568659,0.00560700008645654,142.463806152344,-89.5491,26.6873,10.0335768831146,63,63,63,63,61,63,-0.003738,7815,1.09466377780674,27,-90,0.001869,51,2023-07-17 18:53:39.002008,208,1.037,0.0011,"aoml_navis",1026.83382878395
"7901009",5,-0.00682949427172869,1,0.014952,1,-0.007476,1,147.659962681326,1,4.86920898918019,210,1,20.7549991607666,36.8230018615723,0.0149520002305508,0.00186900002881885,142.391296386719,-89.5491,26.6873,10.0335768831146,63,63,63,63,61,63,-0.007476,7815,1.09466377780674,27,-90,0.001869,51,2023-07-17 18:53:39.002008,210,1.037,0.0011,"aoml_navis",1026.86083327096
"7901009",5,-0.00341474713586434,1,0.01869,1,-0.003738,1,147.473310038481,1,4.86914003281543,212,1,20.7169990539551,36.8170013427734,0.0186899993568659,0.00560700008645654,142.211303710938,-89.5491,26.6873,10.0335768831146,63,63,63,63,61,63,-0.003738,7815,1.09466377780674,27,-90,0.001869,51,2023-07-17 18:53:39.002008,212,1.037,0.0011,"aoml_navis",1026.87537559048
"7901009",5,-0.00512212070379652,1,0.016821,1,-0.005607,1,147.270786541043,1,4.86908314764961,214,1,20.6909999847412,36.8120002746582,0.0168210007250309,0.00373800005763769,142.016006469727,-89.5491,26.6873,10.0335768831146,63,63,63,63,61,63,-0.005607,7815,1.09466377780674,27,-90,0.001869,51,2023-07-17 18:53:39.002008,214,1.037,0.0011,"aoml_navis",1026.88737250535
"7901009",5,-0.00512212070379652,1,0.016821,1,-0.005607,1,147.45370486516,1,4.86898134142734,216,1,20.6110000610352,36.7999992370605,0.0168210007250309,0.00373800005763769,142.192398071289,-89.5491,26.6873,10.0335768831146,63,63,63,63,61,63,-0.005607,7815,1.09466377780674,27,-90,0.001869,51,2023-07-17 18:53:39.002008,216,1.037,0.0011,"aoml_navis",1026.90884383924
"7901009",5,-0.00682949427172869,1,0.014952,1,-0.007476,1,147.953233288523,1,4.86880629960774,218,1,20.4909992218018,36.7939987182617,0.0149520002305508,0.00186900002881885,142.674102783203,-89.5491,26.6873,10.0335768831146,63,63,63,63,61,63,-0.007476,7815,1.09466377780674,27,-90,0.001869,51,2023-07-17 18:53:39.002008,218,1.037,0.0011,"aoml_navis",1026.94576294868
"7901009",5,-0.00341474713586434,1,0.01869,1,-0.003738,1,147.813750154691,1,4.8686114214337,220,1,20.3579998016357,36.7890014648438,0.0186899993568659,0.00560700008645654,142.539596557617,-89.5491,26.6873,10.0335768831146,63,63,63,63,61,63,-0.003738,7815,1.09466377780674,27,-90,0.001869,51,2023-07-17 18:53:39.002008,220,1.037,0.0011,"aoml_navis",1026.98686898442
"7901009",5,-0.00512212070379652,1,0.016821,1,-0.005607,1,147.235943448507,1,4.86855333084777,222,1,20.3279991149902,36.7830009460449,0.0168210007250309,0.00373800005763769,141.982406616211,-89.5491,26.6873,10.0335768831146,63,63,63,63,61,63,-0.005607,7815,1.09466377780674,27,-90,0.001869,51,2023-07-17 18:53:39.002008,222,1.037,0.0011,"aoml_navis",1026.9991227824
"7901009",5,-0.00512212070379652,1,0.016821,1,-0.005607,1,146.848207236208,1,4.86836940213194,224,1,20.1550006866455,36.7610015869141,0.0168210007250309,0.00373800005763769,141.608505249023,-89.5491,26.6873,10.0335768831146,63,63,63,63,61,63,-0.005607,7815,1.09466377780674,27,-90,0.001869,51,2023-07-17 18:53:39.002008,224,1.037,0.0011,"aoml_navis",1027.03792317206
"7901009",5,-0.00170737356793217,1,0.020559,1,-0.001869,1,146.608340551493,1,4.86822512769467,226,1,20.0149993896484,36.7400016784668,0.020558999851346,0.00747600011527538,141.377197265625,-89.5491,26.6873,10.0335768831146,63,63,63,63,61,63,-0.001869,7815,1.09466377780674,27,-90,0.001869,51,2023-07-17 18:53:39.002008,226,1.037,0.0011,"aoml_navis",1027.06836040833
"7901009",5,0,1,0.022428,1,0,1,146.399804167968,1,4.86812226071326,228,1,19.923999786377,36.7249984741211,0.0224280003458261,0.00934499967843294,141.17610168457,-89.5491,26.6873,10.0335768831146,63,63,63,63,61,63,0,7815,1.09466377780674,27,-90,0.001869,51,2023-07-17 18:53:39.002008,228,1.037,0.0011,"aoml_navis",1027.09006311346
"7901009",5,0,1,0.022428,1,0,1,146.529017925299,1,4.86799160849859,230,1,19.8080005645752,36.7089996337891,0.0224280003458261,0.00934499967843294,141.300704956055,-89.5491,26.6873,10.0335768831146,63,63,63,63,61,63,0,7815,1.09466377780674,27,-90,0.001869,51,2023-07-17 18:53:39.002008,230,1.037,0.0011,"aoml_navis",1027.1176292233
"7901009",5,-0.00170737356793217,1,0.020559,1,-0.001869,1,146.614464201271,1,4.86791350073074,232,1,19.7560005187988,36.701000213623,0.020558999851346,0.00747600011527538,141.383102416992,-89.5491,26.6873,10.0335768831146,63,63,63,63,61,63,-0.001869,7815,1.09466377780674,27,-90,0.001869,51,2023-07-17 18:53:39.002008,232,1.037,0.0011,"aoml_navis",1027.13410976786
"7901009",5,-0.00512212070379652,1,0.016821,1,-0.005607,1,146.692853247783,1,4.86784994287358,234,1,19.7240009307861,36.6959991455078,0.0168210007250309,0.00373800005763769,141.458694458008,-89.5491,26.6873,10.0335768831146,63,63,63,63,61,63,-0.005607,7815,1.09466377780674,27,-90,0.001869,51,2023-07-17 18:53:39.002008,234,1.037,0.0011,"aoml_navis",1027.14752070776
"7901009",5,-0.00170737356793217,1,0.020559,1,-0.001869,1,147.03071415233,1,4.86773851294299,236,1,19.6340007781982,36.6839981079102,0.020558999851346,0.00747600011527538,141.78450012207,-89.5491,26.6873,10.0335768831146,63,63,63,63,61,63,-0.001869,7815,1.09466377780674,27,-90,0.001869,51,2023-07-17 18:53:39.002008,236,1.037,0.0011,"aoml_navis",1027.17103367515
"7901009",5,-0.00170737356793217,1,0.020559,1,-0.001869,1,147.250453492038,1,4.86767180626624,238,1,19.6079998016357,36.681999206543,0.020558999851346,0.00747600011527538,141.996398925781,-89.5491,26.6873,10.0335768831146,63,63,63,63,61,63,-0.001869,7815,1.09466377780674,27,-90,0.001869,51,2023-07-17 18:53:39.002008,238,1.037,0.0011,"aoml_navis",1027.18511004859
"7901009",5,-0.00512212070379652,1,0.016821,1,-0.005607,1,147.321911896166,1,4.86758640481776,240,1,19.5699996948242,36.6809997558594,0.0168210007250309,0.00373800005763769,142.065307617188,-89.5491,26.6873,10.0335768831146,63,63,63,63,61,63,-0.005607,7815,1.09466377780674,27,-90,0.001869,51,2023-07-17 18:53:39.002008,240,1.037,0.0011,"aoml_navis",1027.20313193643
"7901009",5,-0.00512212070379652,1,0.016821,1,-0.005607,1,147.413465998531,1,4.86746966979082,242,1,19.4839992523193,36.6720008850098,0.0168210007250309,0.00373800005763769,142.153594970703,-89.5491,26.6873,10.0335768831146,63,63,63,63,61,63,-0.005607,7815,1.09466377780674,27,-90,0.001869,51,2023-07-17 18:53:39.002008,242,1.037,0.0011,"aoml_navis",1027.22776703298
"7901009",5,-0.00341474713586434,1,0.01869,1,-0.003738,1,147.522457470549,1,4.86738926820494,244,1,19.4209995269775,36.6609992980957,0.0186899993568659,0.00560700008645654,142.258697509766,-89.5491,26.6873,10.0335768831146,63,63,63,63,61,63,-0.003738,7815,1.09466377780674,27,-90,0.001869,51,2023-07-17 18:53:39.002008,244,1.037,0.0011,"aoml_navis",1027.24473521387
"7901009",5,-0.00512212070379652,1,0.016821,1,-0.005607,1,147.497994518206,1,4.86732596554666,246,1,19.3859996795654,36.6549987792969,0.0168210007250309,0.00373800005763769,142.235107421875,-89.5491,26.6873,10.0335768831146,63,63,63,63,61,63,-0.005607,7815,1.09466377780674,27,-90,0.001869,51,2023-07-17 18:53:39.002008,246,1.037,0.0011,"aoml_navis",1027.25809518254
"7901009",5,-0.00682949427172869,1,0.014952,1,-0.007476,1,147.489165069689,1,4.86719946950549,248,1,19.2830009460449,36.6430015563965,0.0149520002305508,0.00186900002881885,142.226593017578,-89.5491,26.6873,10.0335768831146,63,63,63,63,61,63,-0.007476,7815,1.09466377780674,27,-90,0.001869,51,2023-07-17 18:53:39.002008,248,1.037,0.0011,"aoml_navis",1027.28479309848
"7901009",5,-0.00341474713586434,1,0.01869,1,-0.003738,1,147.092314587952,1,4.86711037795445,250,1,19.201000213623,36.6279983520508,0.0186899993568659,0.00560700008645654,141.843902587891,-89.5491,26.6873,10.0335768831146,63,63,63,63,61,63,-0.003738,7815,1.09466377780674,27,-90,0.001869,51,2023-07-17 18:53:39.002008,250,1.037,0.0011,"aoml_navis",1027.30359735573
"7901009",5,-0.00512212070379652,1,0.016821,1,-0.005607,1,147.270565013661,1,4.86697389675384,252,1,19.0659999847412,36.6080017089844,0.0168210007250309,0.00373800005763769,142.01579284668,-89.5491,26.6873,10.0335768831146,63,63,63,63,61,63,-0.005607,7815,1.09466377780674,27,-90,0.001869,51,2023-07-17 18:53:39.002008,252,1.037,0.0011,"aoml_navis",1027.33240532374
"7901009",5,-0.00512212070379652,1,0.016821,1,-0.005607,1,147.795189324744,1,4.86688133216995,254.100006103516,1,18.9939994812012,36.5970001220703,0.0168210007250309,0.00373800005763769,142.521697998047,-89.5491,26.6873,10.0335768831146,63,63,63,63,61,63,-0.005607,7815,1.09466377780674,27,-90,0.001869,51,2023-07-17 18:53:39.002008,254.100006103516,1.037,0.0011,"aoml_navis",1027.35194444749
"7901009",5,-0.00682949427172869,1,0.014952,1,-0.007476,1,148.187799139451,1,4.86677738118568,256,1,18.9209995269775,36.5900001525879,0.0149520002305508,0.00186900002881885,142.900299072266,-89.5491,26.6873,10.0335768831146,63,63,63,63,61,63,-0.007476,7815,1.09466377780674,27,-90,0.001869,51,2023-07-17 18:53:39.002008,256,1.037,0.0011,"aoml_navis",1027.3738879714
"7901009",5,0,1,0.014952,1,-0.007476,1,148.243798096981,1,4.8666700619281,258,1,18.8349990844727,36.5789985656738,0.0149520002305508,0,142.954299926758,-89.5491,26.6873,10.0335768831146,63,63,63,63,61,63,0,7815,1.09466377780674,27,-90,0.001869,51,2023-07-17 18:53:39.002008,258,1.037,0.0011,"aoml_navis",1027.39654350414
"7901009",5,0,1,0.01869,1,-0.003738,1,147.813227983005,1,4.86657136819248,260,1,18.7439994812012,36.5639991760254,0.0186899993568659,0,142.539093017578,-89.5491,26.6873,10.0335768831146,63,63,63,63,61,63,0,7815,1.09466377780674,27,-90,0.001869,51,2023-07-17 18:53:39.002008,260,1.037,0.0011,"aoml_navis",1027.41737903601
"7901009",5,0,1,0.013083,1,-0.009345,1,147.556161279405,1,4.86648640041257,262,1,18.6609992980957,36.5480003356934,0.0130829997360706,0,142.291198730469,-89.5491,26.6873,10.0335768831146,63,63,63,63,61,63,0,7815,1.09466377780674,27,-90,0.001869,51,2023-07-17 18:53:39.002008,262,1.037,0.0011,"aoml_navis",1027.43531751699
"7901009",5,0,1,0.014952,1,-0.007476,1,147.535733290094,1,4.86641538714782,264,1,18.6070003509521,36.5379981994629,0.0149520002305508,0,142.271499633789,-89.5491,26.6873,10.0335768831146,63,63,63,63,61,63,0,7815,1.09466377780674,27,-90,0.001869,51,2023-07-17 18:53:39.002008,264,1.037,0.0011,"aoml_navis",1027.4503103876
"7901009",5,0,1,0.013083,1,-0.009345,1,147.434938331215,1,4.86629934573573,266,1,18.5100002288818,36.5260009765625,0.0130829997360706,0,142.174301147461,-89.5491,26.6873,10.0335768831146,63,63,63,63,61,63,0,7815,1.09466377780674,27,-90,0.001869,51,2023-07-17 18:53:39.002008,266,1.037,0.0011,"aoml_navis",1027.47481089124
"7901009",5,0,1,0.016821,1,-0.005607,1,147.486380154028,1,4.86617627903268,268,1,18.382999420166,36.5060005187988,0.0168210007250309,0,142.223907470703,-89.5491,26.6873,10.0335768831146,63,63,63,63,61,63,0,7815,1.09466377780674,27,-90,0.001869,51,2023-07-17 18:53:39.002008,268,1.037,0.0011,"aoml_navis",1027.50079596252
"7901009",5,0,1,0.016821,1,-0.005607,1,147.376866510323,1,4.86611192196469,270,1,18.3430004119873,36.4990005493164,0.0168210007250309,0,142.118301391602,-89.5491,26.6873,10.0335768831146,63,63,63,63,61,63,0,7815,1.09466377780674,27,-90,0.001869,51,2023-07-17 18:53:39.002008,270,1.037,0.0011,"aoml_navis",1027.51438523865
"7901009",5,0,1,0.014952,1,-0.007476,1,146.923700603368,1,4.86605731010225,272,1,18.3169994354248,36.4939994812012,0.0149520002305508,0,141.681304931641,-89.5491,26.6873,10.0335768831146,63,63,63,63,61,63,0,7815,1.09466377780674,27,-90,0.001869,51,2023-07-17 18:53:39.002008,272,1.037,0.0011,"aoml_navis",1027.52591705397
"7901009",5,0,1,0.014952,1,-0.007476,1,146.522688571524,1,4.86598217773929,274,1,18.2590007781982,36.484001159668,0.0149520002305508,0,141.29460144043,-89.5491,26.6873,10.0335768831146,63,63,63,63,61,63,0,7815,1.09466377780674,27,-90,0.001869,51,2023-07-17 18:53:39.002008,274,1.037,0.0011,"aoml_navis",1027.5417823916
"7901009",5,0,1,0.01869,1,-0.003738,1,146.352302367882,1,4.86585074886092,276,1,18.1270008087158,36.4650001525879,0.0186899993568659,0,141.130294799805,-89.5491,26.6873,10.0335768831146,63,63,63,63,61,63,0,7815,1.09466377780674,27,-90,0.001869,51,2023-07-17 18:53:39.002008,276,1.037,0.0011,"aoml_navis",1027.56953677021
"7901009",5,0,1,0.016821,1,-0.005607,1,146.024410195531,1,4.86576893804654,278,1,18.0540008544922,36.4519996643066,0.0168210007250309,0,140.814102172852,-89.5491,26.6873,10.0335768831146,63,63,63,63,61,63,0,7815,1.09466377780674,27,-90,0.001869,51,2023-07-17 18:53:39.002008,278,1.037,0.0011,"aoml_navis",1027.58681385462
"7901009",5,0,1,0.01869,1,-0.003738,1,145.674934926806,1,4.86569796283047,280,1,18.0020008087158,36.443000793457,0.0186899993568659,0,140.477096557617,-89.5491,26.6873,10.0335768831146,63,63,63,63,61,63,0,7815,1.09466377780674,27,-90,0.001869,51,2023-07-17 18:53:39.002008,280,1.037,0.0011,"aoml_navis",1027.60180311139
"7901009",5,0,1,0.022428,1,0,1,145.33169407155,1,4.86561882088502,282,1,17.9370002746582,36.431999206543,0.0224280003458261,0,140.146102905273,-89.5491,26.6873,10.0335768831146,63,63,63,63,61,63,0,7815,1.09466377780674,27,-90,0.001869,51,2023-07-17 18:53:39.002008,282,1.037,0.0011,"aoml_navis",1027.61851761551
"7901009",5,0,1,0.016821,1,-0.005607,1,145.367470743767,1,4.86549735066699,284,1,17.8150005340576,36.4140014648438,0.0168210007250309,0,140.180603027344,-89.5491,26.6873,10.0335768831146,63,63,63,63,61,63,0,7815,1.09466377780674,27,-90,0.001869,51,2023-07-17 18:53:39.002008,284,1.037,0.0011,"aoml_navis",1027.64417276161
"7901009",5,0,1,0.022428,1,0,1,145.31094961455,1,4.86542343693258,286,1,17.753999710083,36.4029998779297,0.0224280003458261,0,140.126098632812,-89.5491,26.6873,10.0335768831146,63,63,63,63,61,63,0,7815,1.09466377780674,27,-90,0.001869,51,2023-07-17 18:53:39.002008,286,1.037,0.0011,"aoml_navis",1027.65978435625
"7901009",5,0,1,0.022428,1,0,1,144.871154467445,1,4.86530145563309,288,1,17.6399993896484,36.3880004882812,0.0224280003458261,0,139.701995849609,-89.5491,26.6873,10.0335768831146,63,63,63,63,61,63,0,7815,1.09466377780674,27,-90,0.001869,51,2023-07-17 18:53:39.002008,288,1.037,0.0011,"aoml_navis",1027.68554951738
"7901009",5,0,1,0.01869,1,-0.003738,1,144.817449900658,1,4.86518301022864,290,1,17.5069999694824,36.3660011291504,0.0186899993568659,0,139.650207519531,-89.5491,26.6873,10.0335768831146,63,63,63,63,61,63,0,7815,1.09466377780674,27,-90,0.001869,51,2023-07-17 18:53:39.002008,290,1.037,0.0011,"aoml_navis",1027.71056905525
"7901009",5,0,1,0.016821,1,-0.005607,1,144.89148751645,1,4.86507506430882,292,1,17.4039993286133,36.351001739502,0.0168210007250309,0,139.721603393555,-89.5491,26.6873,10.0335768831146,63,63,63,63,61,63,0,7815,1.09466377780674,27,-90,0.001869,51,2023-07-17 18:53:39.002008,292,1.037,0.0011,"aoml_navis",1027.7333718201
"7901009",5,0,1,0.01869,1,-0.003738,1,144.849270726766,1,4.86496859882043,294,1,17.3050003051758,36.3370018005371,0.0186899993568659,0,139.680892944336,-89.5491,26.6873,10.0335768831146,63,63,63,63,61,63,0,7815,1.09466377780674,27,-90,0.001869,51,2023-07-17 18:53:39.002008,294,1.037,0.0011,"aoml_navis",1027.75586284613
"7901009",5,0,1,0.020559,1,-0.001869,1,144.800234058388,1,4.8648740423718,296,1,17.2189998626709,36.3240013122559,0.020558999851346,0,139.633605957031,-89.5491,26.6873,10.0335768831146,63,63,63,63,61,63,0,7815,1.09466377780674,27,-90,0.001869,51,2023-07-17 18:53:39.002008,296,1.037,0.0011,"aoml_navis",1027.77583889147
"7901009",5,0,1,0.020559,1,-0.001869,1,144.656810901831,1,4.86481225904344,297.899993896484,1,17.1809997558594,36.318000793457,0.020558999851346,0,139.495300292969,-89.5491,26.6873,10.0335768831146,63,63,63,63,61,63,0,7815,1.09466377780674,27,-90,0.001869,51,2023-07-17 18:53:39.002008,297.899993896484,1.037,0.0011,"aoml_navis",1027.78889168955
"7901009",5,0,1,0.016821,1,-0.005607,1,144.486646225571,1,4.86475438854094,300,1,17.1529998779297,36.3129997253418,0.0168210007250309,0,139.331207275391,-89.5491,26.6873,10.0335768831146,63,63,63,63,61,63,0,7815,1.09466377780674,27,-90,0.001869,51,2023-07-17 18:53:39.002008,300,1.037,0.0011,"aoml_navis",1027.80111813613
"7901009",5,0,1,0.020559,1,-0.001869,1,144.118705067205,1,4.86471212307372,302,1,17.1459999084473,36.3110008239746,0.020558999851346,0,138.97639465332,-89.5491,26.6873,10.0335768831146,63,63,63,63,61,63,0,7815,1.09466377780674,27,-90,0.001869,51,2023-07-17 18:53:39.002008,302,1.037,0.0011,"aoml_navis",1027.81004785146
"7901009",5,0,1,0.01869,1,-0.003738,1,143.566294893046,1,4.86465882081931,304,1,17.117000579834,36.3050003051758,0.0186899993568659,0,138.443695068359,-89.5491,26.6873,10.0335768831146,63,63,63,63,61,63,0,7815,1.09466377780674,27,-90,0.001869,51,2023-07-17 18:53:39.002008,304,1.037,0.0011,"aoml_navis",1027.82130960582
"7901009",5,0,1,0.014952,1,-0.007476,1,143.249811380877,1,4.86455709831162,306,1,17.0179996490479,36.2900009155273,0.0149520002305508,0,138.13850402832,-89.5491,26.6873,10.0335768831146,63,63,63,63,61,63,0,7815,1.09466377780674,27,-90,0.001869,51,2023-07-17 18:53:39.002008,306,1.037,0.0011,"aoml_navis",1027.84280232529
"7901009",5,0,1,0.013083,1,-0.009345,1,142.947837912238,1,4.86448411960959,308,1,16.9529991149902,36.2779998779297,0.0130829997360706,0,137.847305297852,-89.5491,26.6873,10.0335768831146,63,63,63,63,61,63,0,7815,1.09466377780674,27,-90,0.001869,51,2023-07-17 18:53:39.002008,308,1.037,0.0011,"aoml_navis",1027.85822238459
"7901009",5,0,1,0.016821,1,-0.005607,1,142.552110890797,1,4.86440634924225,310,1,16.8899993896484,36.2680015563965,0.0168210007250309,0,137.465698242188,-89.5491,26.6873,10.0335768831146,63,63,63,63,61,63,0,7815,1.09466377780674,27,-90,0.001869,51,2023-07-17 18:53:39.002008,310,1.037,0.0011,"aoml_navis",1027.87465540967
"7901009",5,0,1,0.01869,1,-0.003738,1,142.290581992785,1,4.86432106555105,312,1,16.8139991760254,36.2560005187988,0.0186899993568659,0,137.213500976562,-89.5491,26.6873,10.0335768831146,63,63,63,63,61,63,0,7815,1.09466377780674,27,-90,0.001869,51,2023-07-17 18:53:39.002008,312,1.037,0.0011,"aoml_navis",1027.89267661829
"7901009",5,0,1,0.016821,1,-0.005607,1,141.951581804558,1,4.86425168112221,314,1,16.757999420166,36.2459983825684,0.0168210007250309,0,136.886596679688,-89.5491,26.6873,10.0335768831146,63,63,63,63,61,63,0,7815,1.09466377780674,27,-90,0.001869,51,2023-07-17 18:53:39.002008,314,1.037,0.0011,"aoml_navis",1027.90733863641
"7901009",5,0,1,0.014952,1,-0.007476,1,141.470519270836,1,4.86419441885858,316,1,16.7220001220703,36.2389984130859,0.0149520002305508,0,136.422698974609,-89.5491,26.6873,10.0335768831146,63,63,63,63,61,63,0,7815,1.09466377780674,27,-90,0.001869,51,2023-07-17 18:53:39.002008,316,1.037,0.0011,"aoml_navis",1027.91943936593
"7901009",5,0,1,0.016821,1,-0.005607,1,140.936669926624,1,4.8641217944655,318,1,16.6630001068115,36.2290000915527,0.0168210007250309,0,135.907897949219,-89.5491,26.6873,10.0335768831146,63,63,63,63,61,63,0,7815,1.09466377780674,27,-90,0.001869,51,2023-07-17 18:53:39.002008,318,1.037,0.0011,"aoml_navis",1027.9347868487
"7901009",5,0,1,0.020559,1,-0.001869,1,140.200297084975,1,4.86405386883706,320,1,16.6079998016357,36.2190017700195,0.020558999851346,0,135.197799682617,-89.5491,26.6873,10.0335768831146,63,63,63,63,61,63,0,7815,1.09466377780674,27,-90,0.001869,51,2023-07-17 18:53:39.002008,320,1.037,0.0011,"aoml_navis",1027.94914177121
"7901009",5,0,1,0.020559,1,-0.001869,1,139.860790548446,1,4.86390583779789,322,1,16.42799949646,36.1920013427734,0.020558999851346,0,134.870407104492,-89.5491,26.6873,10.0335768831146,63,63,63,63,61,63,0,7815,1.09466377780674,27,-90,0.001869,51,2023-07-17 18:53:39.002008,322,1.037,0.0011,"aoml_navis",1027.98042699439
"7901009",5,0,1,0.026166,1,0.003738,1,139.706686607392,1,4.86382230029703,324,1,16.3330001831055,36.173999786377,0.0261659994721413,0,134.721801757812,-89.5491,26.6873,10.0335768831146,63,63,63,63,61,63,0,7815,1.09466377780674,27,-90,0.001869,51,2023-07-17 18:53:39.002008,324,1.037,0.0011,"aoml_navis",1027.99808284416
"7901009",5,0,1,0.029904,1,0.007476,1,139.466519278373,1,4.86375235791089,326,1,16.2819995880127,36.1660003662109,0.0299040004611015,0,134.490203857422,-89.5491,26.6873,10.0335768831146,63,63,63,63,61,63,0,7815,1.09466377780674,27,-90,0.001869,51,2023-07-17 18:53:39.002008,326,1.037,0.0011,"aoml_navis",1028.01286580052
"7901009",5,0,1,0.026166,1,0.003738,1,139.294170975061,1,4.8636923902489,328,1,16.2430000305176,36.1590003967285,0.0261659994721413,0,134.324005126953,-89.5491,26.6873,10.0335768831146,63,63,63,63,61,63,0,7815,1.09466377780674,27,-90,0.001869,51,2023-07-17 18:53:39.002008,328,1.037,0.0011,"aoml_navis",1028.02554084719
"7901009",5,0,1,0.029904,1,0.007476,1,139.01510976709,1,4.86364805254626,330,1,16.2339992523193,36.1570014953613,0.0299040004611015,0,134.054901123047,-89.5491,26.6873,10.0335768831146,63,63,63,63,61,63,0,7815,1.09466377780674,27,-90,0.001869,51,2023-07-17 18:53:39.002008,330,1.037,0.0011,"aoml_navis",1028.03491247323
"7901009",5,0,1,0.033642,1,0.011214,1,138.719560592534,1,4.8635836614584,332,1,16.1909999847412,36.1500015258789,0.0336420014500618,0,133.769897460938,-89.5491,26.6873,10.0335768831146,63,63,63,63,61,63,0,7815,1.09466377780674,27,-90,0.001869,51,2023-07-17 18:53:39.002008,332,1.037,0.0011,"aoml_navis",1028.04852307212
"7901009",5,0,1,0.033642,1,0.011214,1,138.39882058995,1,4.86353029530914,334,1,16.1609992980957,36.1440010070801,0.0336420014500618,0,133.460601806641,-89.5491,26.6873,10.0335768831146,63,63,63,63,61,63,0,7815,1.09466377780674,27,-90,0.001869,51,2023-07-17 18:53:39.002008,334,1.037,0.0011,"aoml_navis",1028.05980355925
"7901009",5,0,1,0.035511,1,0.013083,1,138.18167628529,1,4.8634416408149,336,1,16.0799999237061,36.1319999694824,0.0355109982192516,0,133.251205444336,-89.5491,26.6873,10.0335768831146,63,63,63,63,61,63,0,7815,1.09466377780674,27,-90,0.001869,51,2023-07-17 18:53:39.002008,336,1.037,0.0011,"aoml_navis",1028.07854381125
"7901009",5,0,1,0.031773,1,0.009345,1,137.747688320275,1,4.86339483414261,338,1,16.0590000152588,36.1269989013672,0.0317730009555817,0,132.832702636719,-89.5491,26.6873,10.0335768831146,63,63,63,63,61,63,0,7815,1.09466377780674,27,-90,0.001869,51,2023-07-17 18:53:39.002008,338,1.037,0.0011,"aoml_navis",1028.08843832674
"7901009",5,0,1,0.03738,1,0.014952,1,137.148092813718,1,4.86333239293453,340,1,16.0240001678467,36.1220016479492,0.0373799987137318,0,132.254501342773,-89.5491,26.6873,10.0335768831146,63,63,63,63,61,63,0,7815,1.09466377780674,27,-90,0.001869,51,2023-07-17 18:53:39.002008,340,1.037,0.0011,"aoml_navis",1028.10163814096
"7901009",5,0,1,0.033642,1,0.011214,1,136.585096795369,1,4.86325197244054,342,1,15.9499998092651,36.1100006103516,0.0336420014500618,0,131.71159362793,-89.5491,26.6873,10.0335768831146,63,63,63,63,61,63,0,7815,1.09466377780674,27,-90,0.001869,51,2023-07-17 18:53:39.002008,342,1.037,0.0011,"aoml_navis",1028.11863920159
"7901009",5,0,1,0.031773,1,0.009345,1,135.769607031523,1,4.86317451112943,344,1,15.8850002288818,36.0999984741211,0.0317730009555817,0,130.925201416016,-89.5491,26.6873,10.0335768831146,63,63,63,63,61,63,0,7815,1.09466377780674,27,-90,0.001869,51,2023-07-17 18:53:39.002008,344,1.037,0.0011,"aoml_navis",1028.13501521639
"7901009",5,0,1,0.035511,1,0.013083,1,135.181420185147,1,4.86307138964451,346,1,15.7770004272461,36.0839996337891,0.0355109982192516,0,130.358001708984,-89.5491,26.6873,10.0335768831146,63,63,63,63,61,63,0,7815,1.09466377780674,27,-90,0.001869,51,2023-07-17 18:53:39.002008,346,1.037,0.0011,"aoml_navis",1028.15681683125
"7901009",5,0,1,0.03738,1,0.014952,1,134.87136096706,1,4.86302703179592,348,1,15.7580003738403,36.0789985656738,0.0373799987137318,0,130.059005737305,-89.5491,26.6873,10.0335768831146,63,63,63,63,61,63,0,7815,1.09466377780674,27,-90,0.001869,51,2023-07-17 18:53:39.002008,348,1.037,0.0011,"aoml_navis",1028.16619511027
"7901009",5,0,1,0.039249,1,0.016821,1,134.339995894206,1,4.86298093674173,350,1,15.7440004348755,36.076000213623,0.0392489992082119,0,129.546600341797,-89.5491,26.6873,10.0335768831146,63,63,63,63,61,63,0,7815,1.09466377780674,27,-90,0.001869,51,2023-07-17 18:53:39.002008,350,1.037,0.0011,"aoml_navis",1028.17594085616
"7901009",5,0,1,0.035511,1,0.013083,1,134.234010865231,1,4.86287547048542,352,1,15.6300001144409,36.0589981079102,0.0355109982192516,0,129.444396972656,-89.5491,26.6873,10.0335768831146,63,63,63,63,61,63,0,7815,1.09466377780674,27,-90,0.001869,51,2023-07-17 18:53:39.002008,352,1.037,0.0011,"aoml_navis",1028.19823998102
"7901009",5,0,1,0.039249,1,0.016821,1,134.316355757853,1,4.86279067399709,354,1,15.5410003662109,36.0439987182617,0.0392489992082119,0,129.523803710938,-89.5491,26.6873,10.0335768831146,63,63,63,63,61,63,0,7815,1.09466377780674,27,-90,0.001869,51,2023-07-17 18:53:39.002008,354,1.037,0.0011,"aoml_navis",1028.21616952106
"7901009",5,0,1,0.035511,1,0.013083,1,134.312827143123,1,4.86270987209918,356,1,15.4619998931885,36.0309982299805,0.0355109982192516,0,129.520401000977,-89.5491,26.6873,10.0335768831146,63,63,63,63,61,63,0,7815,1.09466377780674,27,-90,0.001869,51,2023-07-17 18:53:39.002008,356,1.037,0.0011,"aoml_navis",1028.23325501868
"7901009",5,0,1,0.03738,1,0.014952,1,134.231843061563,1,4.86264058595999,358,1,15.3999996185303,36.0200004577637,0.0373799987137318,0,129.442306518555,-89.5491,26.6873,10.0335768831146,63,63,63,63,61,63,0,7815,1.09466377780674,27,-90,0.001869,51,2023-07-17 18:53:39.002008,358,1.037,0.0011,"aoml_navis",1028.24790597039
"7901009",5,0,1,0.041118,1,0.01869,1,134.061868265917,1,4.86256820576295,360,1,15.335000038147,36.0089988708496,0.041117999702692,0,129.278396606445,-89.5491,26.6873,10.0335768831146,63,63,63,63,61,63,0,7815,1.09466377780674,27,-90,0.001869,51,2023-07-17 18:53:39.002008,360,1.037,0.0011,"aoml_navis",1028.2632116243
"7901009",5,0,1,0.035511,1,0.013083,1,133.89937793111,1,4.86249560587648,362,1,15.2729997634888,35.9990005493164,0.0355109982192516,0,129.121704101562,-89.5491,26.6873,10.0335768831146,63,63,63,63,61,63,0,7815,1.09466377780674,27,-90,0.001869,51,2023-07-17 18:53:39.002008,362,1.037,0.0011,"aoml_navis",1028.27856419188
"7901009",5,0,1,0.033642,1,0.011214,1,133.942923885087,1,4.86240268810043,364,1,15.1820001602173,35.9860000610352,0.0336420014500618,0,129.163696289062,-89.5491,26.6873,10.0335768831146,63,63,63,63,61,63,0,7815,1.09466377780674,27,-90,0.001869,51,2023-07-17 18:53:39.002008,364,1.037,0.0011,"aoml_navis",1028.29821401594
"7901009",5,0,1,0.035511,1,0.013083,1,133.756682650237,1,4.86235079259966,366,1,15.1590003967285,35.9819984436035,0.0355109982192516,0,128.984100341797,-89.5491,26.6873,10.0335768831146,63,63,63,63,61,63,0,7815,1.09466377780674,27,-90,0.001869,51,2023-07-17 18:53:39.002008,366,1.037,0.0011,"aoml_navis",1028.3091889647
"7901009",5,0,1,0.039249,1,0.016821,1,133.528446153085,1,4.86229389748392,368,1,15.1280002593994,35.9770011901855,0.0392489992082119,0,128.764007568359,-89.5491,26.6873,10.0335768831146,63,63,63,63,61,63,0,7815,1.09466377780674,27,-90,0.001869,51,2023-07-17 18:53:39.002008,368,1.037,0.0011,"aoml_navis",1028.32122150974
"7901009",5,0,1,0.035511,1,0.013083,1,133.258926445931,1,4.86224068701679,370,1,15.0970001220703,35.9710006713867,0.0355109982192516,0,128.504104614258,-89.5491,26.6873,10.0335768831146,63,63,63,63,61,63,0,7815,1.09466377780674,27,-90,0.001869,51,2023-07-17 18:53:39.002008,370,1.037,0.0011,"aoml_navis",1028.33247505642
"7901009",5,0,1,0.03738,1,0.014952,1,132.868278730895,1,4.86217770647571,372,1,15.039999961853,35.9599990844727,0.0373799987137318,0,128.127395629883,-89.5491,26.6873,10.0335768831146,63,63,63,63,61,63,0,7815,1.09466377780674,27,-90,0.001869,51,2023-07-17 18:53:39.002008,372,1.037,0.0011,"aoml_navis",1028.34579520628
"7901009",5,0,1,0.035511,1,0.013083,1,132.458358133611,1,4.86210280817194,374,1,14.9650001525879,35.9469985961914,0.0355109982192516,0,127.73210144043,-89.5491,26.6873,10.0335768831146,63,63,63,63,61,63,0,7815,1.09466377780674,27,-90,0.001869,51,2023-07-17 18:53:39.002008,374,1.037,0.0011,"aoml_navis",1028.36163636777
"7901009",5,0,1,0.033642,1,0.011214,1,131.953647551845,1,4.86204206545307,376,1,14.9200000762939,35.9389991760254,0.0336420014500618,0,127.245399475098,-89.5491,26.6873,10.0335768831146,63,63,63,63,61,63,0,7815,1.09466377780674,27,-90,0.001869,51,2023-07-17 18:53:39.002008,376,1.037,0.0011,"aoml_navis",1028.37448394928
"7901009",5,0,1,0.029904,1,0.007476,1,131.459514902576,1,4.86193726366447,378,1,14.8030004501343,35.9220008850098,0.0299040004611015,0,126.768898010254,-89.5491,26.6873,10.0335768831146,63,63,63,63,61,63,0,7815,1.09466377780674,27,-90,0.001869,51,2023-07-17 18:53:39.002008,378,1.037,0.0011,"aoml_navis",1028.39665113891
"7901009",5,0,1,0.028035,1,0.005607,1,130.704059059292,1,4.86186797086563,380,1,14.7360000610352,35.9099998474121,0.0280349999666214,0,126.040397644043,-89.5491,26.6873,10.0335768831146,63,63,63,63,61,63,0,7815,1.09466377780674,27,-90,0.001869,51,2023-07-17 18:53:39.002008,380,1.037,0.0011,"aoml_navis",1028.41130815607
"7901009",5,0,1,0.024297,1,0.001869,1,130.039967437761,1,4.86175291357803,382,1,14.6049995422363,35.8919982910156,0.0242970008403063,0,125.400001525879,-89.5491,26.6873,10.0335768831146,63,63,63,63,61,63,0,7815,1.09466377780674,27,-90,0.001869,51,2023-07-17 18:53:39.002008,382,1.037,0.0011,"aoml_navis",1028.43564633568
"7901009",5,0,1,0.024297,1,0.001869,1,129.305873163471,1,4.86167619739381,384,1,14.5270004272461,35.8790016174316,0.0242970008403063,0,124.692100524902,-89.5491,26.6873,10.0335768831146,63,63,63,63,61,63,0,7815,1.09466377780674,27,-90,0.001869,51,2023-07-17 18:53:39.002008,384,1.037,0.0011,"aoml_navis",1028.45187482464
"7901009",5,0,1,0.01869,1,-0.003738,1,128.25518461332,1,4.86161893421254,386,1,14.4879999160767,35.8720016479492,0.0186899993568659,0,123.678901672363,-89.5491,26.6873,10.0335768831146,63,63,63,63,61,63,0,7815,1.09466377780674,27,-90,0.001869,51,2023-07-17 18:53:39.002008,386,1.037,0.0011,"aoml_navis",1028.46398857254
"7901009",5,0,1,0.022428,1,0,1,127.651546232039,1,4.86153631135064,388,1,14.4040002822876,35.859001159668,0.0224280003458261,0,123.096801757812,-89.5491,26.6873,10.0335768831146,63,63,63,63,61,63,0,7815,1.09466377780674,27,-90,0.001869,51,2023-07-17 18:53:39.002008,388,1.037,0.0011,"aoml_navis",1028.48146754064
"7901009",5,0,1,0.024297,1,0.001869,1,127.614108104456,1,4.8614550294035,390,1,14.3210000991821,35.8460006713867,0.0242970008403063,0,123.060699462891,-89.5491,26.6873,10.0335768831146,63,63,63,63,61,63,0,7815,1.09466377780674,27,-90,0.001869,51,2023-07-17 18:53:39.002008,390,1.037,0.0011,"aoml_navis",1028.49866341631
"7901009",5,0,1,0.01869,1,-0.003738,1,127.301865259316,1,4.86139707748239,392,1,14.2880001068115,35.8409996032715,0.0186899993568659,0,122.75959777832,-89.5491,26.6873,10.0335768831146,63,63,63,63,61,63,0,7815,1.09466377780674,27,-90,0.001869,51,2023-07-17 18:53:39.002008,392,1.037,0.0011,"aoml_navis",1028.51092398101
"7901009",5,0,1,0.024297,1,0.001869,1,127.148908513634,1,4.86134751341455,394,1,14.2629995346069,35.8359985351562,0.0242970008403063,0,122.612098693848,-89.5491,26.6873,10.0335768831146,63,63,63,63,61,63,0,7815,1.09466377780674,27,-90,0.001869,51,2023-07-17 18:53:39.002008,394,1.037,0.0011,"aoml_navis",1028.5214102063
"7901009",5,0,1,0.022428,1,0,1,127.149114217632,1,4.86129951427698,396,1,14.2360000610352,35.8300018310547,0.0224280003458261,0,122.612297058105,-89.5491,26.6873,10.0335768831146,63,63,63,63,61,63,0,7815,1.09466377780674,27,-90,0.001869,51,2023-07-17 18:53:39.002008,396,1.037,0.0011,"aoml_navis",1028.5315655445
"7901009",5,0,1,0.016821,1,-0.005607,1,127.682757857845,1,4.86123646788656,398,1,14.1840000152588,35.8209991455078,0.0168210007250309,0,123.126899719238,-89.5491,26.6873,10.0335768831146,63,63,63,63,61,63,0,7815,1.09466377780674,27,-90,0.001869,51,2023-07-17 18:53:39.002008,398,1.037,0.0011,"aoml_navis",1028.54490478505
"7901009",5,0,1,0.01869,1,-0.003738,1,128.646544380656,1,4.86113589174015,400,1,14.0500001907349,35.798999786377,0.0186899993568659,0,124.056297302246,-89.5491,26.6873,10.0335768831146,63,63,63,63,61,63,0,7815,1.09466377780674,27,-90,0.001869,51,2023-07-17 18:53:39.002008,400,1.037,0.0011,"aoml_navis",1028.56618521934
"7901009",5,0,1,0.026166,1,0.003738,1,128.669258849019,1,4.86105343899396,402,1,13.9469995498657,35.7809982299805,0.0261659994721413,0,124.078201293945,-89.5491,26.6873,10.0335768831146,63,63,63,63,61,63,0,7815,1.09466377780674,27,-90,0.001869,51,2023-07-17 18:53:39.002008,402,1.037,0.0011,"aoml_navis",1028.5836316654
"7901009",5,0,1,0.022428,1,0,1,128.251450294592,1,4.86097932678426,404,1,13.8730001449585,35.7690010070801,0.0224280003458261,0,123.675300598145,-89.5491,26.6873,10.0335768831146,63,63,63,63,61,63,0,7815,1.09466377780674,27,-90,0.001869,51,2023-07-17 18:53:39.002008,404,1.037,0.0011,"aoml_navis",1028.59931381517
"7901009",5,0,1,0.024297,1,0.001869,1,127.382232228883,1,4.86091853290483,406,1,13.826000213623,35.7610015869141,0.0242970008403063,0,122.837097167969,-89.5491,26.6873,10.0335768831146,63,63,63,63,61,63,0,7815,1.09466377780674,27,-90,0.001869,51,2023-07-17 18:53:39.002008,406,1.037,0.0011,"aoml_navis",1028.61217816215
"7901009",5,0,1,0.026166,1,0.003738,1,125.677816374009,1,4.86085827801502,408,1,13.7829999923706,35.7540016174316,0.0261659994721413,0,121.193496704102,-89.5491,26.6873,10.0335768831146,63,63,63,63,61,63,0,7815,1.09466377780674,27,-90,0.001869,51,2023-07-17 18:53:39.002008,408,1.037,0.0011,"aoml_navis",1028.62492877324
"7901009",5,0,1,0.022428,1,0,1,124.053458932705,1,4.86076123352825,410,1,13.6859998703003,35.742000579834,0.0224280003458261,0,119.627098083496,-89.5491,26.6873,10.0335768831146,63,63,63,63,61,63,0,7815,1.09466377780674,27,-90,0.001869,51,2023-07-17 18:53:39.002008,410,1.037,0.0011,"aoml_navis",1028.64546514059
"7901009",5,0,1,0.024297,1,0.001869,1,123.107505364157,1,4.86070775514588,412,1,13.6529998779297,35.7360000610352,0.0242970008403063,0,118.714897155762,-89.5491,26.6873,10.0335768831146,63,63,63,63,61,63,0,7815,1.09466377780674,27,-90,0.001869,51,2023-07-17 18:53:39.002008,412,1.037,0.0011,"aoml_navis",1028.6567824833
"7901009",5,0,1,0.028035,1,0.005607,1,121.820067336026,1,4.86065474144025,414,1,13.6239995956421,35.7309989929199,0.0280349999666214,0,117.47339630127,-89.5491,26.6873,10.0335768831146,63,63,63,63,61,63,0,7815,1.09466377780674,27,-90,0.001869,51,2023-07-17 18:53:39.002008,414,1.037,0.0011,"aoml_navis",1028.66800173477
"7901009",5,0,1,0.026166,1,0.003738,1,120.424990735247,1,4.86058732018307,416,1,13.5699996948242,35.7229995727539,0.0261659994721413,0,116.12809753418,-89.5491,26.6873,10.0335768831146,63,63,63,63,61,63,0,7815,1.09466377780674,27,-90,0.001869,51,2023-07-17 18:53:39.002008,416,1.037,0.0011,"aoml_navis",1028.68227039931
"7901009",5,0,1,0.024297,1,0.001869,1,119.366627843643,1,4.86048529486863,418,1,13.460000038147,35.7089996337891,0.0242970008403063,0,115.107498168945,-89.5491,26.6873,10.0335768831146,63,63,63,63,61,63,0,7815,1.09466377780674,27,-90,0.001869,51,2023-07-17 18:53:39.002008,418,1.037,0.0011,"aoml_navis",1028.70386322918
"7901009",5,0,1,0.01869,1,-0.003738,1,117.638366148418,1,4.8604242845296,420,1,13.4119997024536,35.701000213623,0.0186899993568659,0,113.440902709961,-89.5491,26.6873,10.0335768831146,63,63,63,63,61,63,0,7815,1.09466377780674,27,-90,0.001869,51,2023-07-17 18:53:39.002008,420,1.037,0.0011,"aoml_navis",1028.71677600547
"7901009",5,0,1,0.024297,1,0.001869,1,116.308513538298,1,4.86035771365888,422,1,13.3620004653931,35.6940002441406,0.0242970008403063,0,112.158500671387,-89.5491,26.6873,10.0335768831146,63,63,63,63,61,63,0,7815,1.09466377780674,27,-90,0.001869,51,2023-07-17 18:53:39.002008,422,1.037,0.0011,"aoml_navis",1028.73086603249
"7901009",5,0,1,0.026166,1,0.003738,1,114.5426000998,1,4.86029235163467,424,1,13.3240003585815,35.689998626709,0.0261659994721413,0,110.455596923828,-89.5491,26.6873,10.0335768831146,63,63,63,63,61,63,0,7815,1.09466377780674,27,-90,0.001869,51,2023-07-17 18:53:39.002008,424,1.037,0.0011,"aoml_navis",1028.74470057719
"7901009",5,0,1,0.026166,1,0.003738,1,114.023379474503,1,4.86023734181347,426,1,13.2889995574951,35.6839981079102,0.0261659994721413,0,109.954902648926,-89.5491,26.6873,10.0335768831146,63,63,63,63,61,63,0,7815,1.09466377780674,27,-90,0.001869,51,2023-07-17 18:53:39.002008,426,1.037,0.0011,"aoml_navis",1028.75634426001
"7901009",5,0,1,0.028035,1,0.005607,1,113.409993888407,1,4.86017772175732,428,1,13.2530002593994,35.6790008544922,0.0280349999666214,0,109.363403320312,-89.5491,26.6873,10.0335768831146,63,63,63,63,61,63,0,7815,1.09466377780674,27,-90,0.001869,51,2023-07-17 18:53:39.002008,428,1.037,0.0011,"aoml_navis",1028.76896406828
"7901009",5,0,1,0.026166,1,0.003738,1,112.87199090578,1,4.86011716550545,430,1,13.2159996032715,35.673999786377,0.0261659994721413,0,108.844596862793,-89.5491,26.6873,10.0335768831146,63,63,63,63,61,63,0,7815,1.09466377780674,27,-90,0.001869,51,2023-07-17 18:53:39.002008,430,1.037,0.0011,"aoml_navis",1028.78178235853
"7901009",5,0,1,0.022428,1,0,1,112.216190737695,1,4.86005766216725,432,1,13.1800003051758,35.6689987182617,0.0224280003458261,0,108.212196350098,-89.5491,26.6873,10.0335768831146,63,63,63,63,61,63,0,7815,1.09466377780674,27,-90,0.001869,51,2023-07-17 18:53:39.002008,432,1.037,0.0011,"aoml_navis",1028.79437808364
"7901009",5,0,1,0.024297,1,0.001869,1,111.62241032492,1,4.85999986140216,434,1,13.1420001983643,35.6629981994629,0.0242970008403063,0,107.639602661133,-89.5491,26.6873,10.0335768831146,63,63,63,63,61,63,0,7815,1.09466377780674,27,-90,0.001869,51,2023-07-17 18:53:39.002008,434,1.037,0.0011,"aoml_navis",1028.80661370172
"7901009",5,0,1,0.028035,1,0.005607,1,111.474738589641,1,4.859926212075,436,1,13.0769996643066,35.6539993286133,0.0280349999666214,0,107.497200012207,-89.5491,26.6873,10.0335768831146,63,63,63,63,61,63,0,7815,1.09466377780674,27,-90,0.001869,51,2023-07-17 18:53:39.002008,436,1.037,0.0011,"aoml_navis",1028.82220466166
"7901009",5,0,1,0.026166,1,0.003738,1,111.478164352372,1,4.85986134084507,438,1,13.0170001983643,35.6440010070801,0.0261659994721413,0,107.500503540039,-89.5491,26.6873,10.0335768831146,63,63,63,63,61,63,0,7815,1.09466377780674,27,-90,0.001869,51,2023-07-17 18:53:39.002008,438,1.037,0.0011,"aoml_navis",1028.83593776166
"7901009",5,0,1,0.022428,1,0,1,111.529178943804,1,4.859805457719,440,1,12.9770002365112,35.6370010375977,0.0224280003458261,0,107.549697875977,-89.5491,26.6873,10.0335768831146,63,63,63,63,61,63,0,7815,1.09466377780674,27,-90,0.001869,51,2023-07-17 18:53:39.002008,440,1.037,0.0011,"aoml_navis",1028.84776839335
"7901009",5,0,1,0.044856,1,0.022428,1,111.899912929524,1,4.85973986191142,442,1,12.9160003662109,35.6269989013672,0.0448560006916523,0,107.907203674316,-89.5491,26.6873,10.0335768831146,63,63,63,63,61,63,0,7815,1.09466377780674,27,-90,0.001869,51,2023-07-17 18:53:39.002008,442,1.037,0.0011,"aoml_navis",1028.86165557706
"7901009",5,0,1,0.026166,1,0.003738,1,112.258091059691,1,4.85968148031768,444,1,12.8769998550415,35.6209983825684,0.0261659994721413,0,108.252601623535,-89.5491,26.6873,10.0335768831146,63,63,63,63,61,63,0,7815,1.09466377780674,27,-90,0.001869,51,2023-07-17 18:53:39.002008,444,1.037,0.0011,"aoml_navis",1028.87401576639
"7901009",5,0,1,0.029904,1,0.007476,1,112.904658282955,1,4.85961374189807,446,1,12.8210000991821,35.6129989624023,0.0299040004611015,0,108.876098632812,-89.5491,26.6873,10.0335768831146,63,63,63,63,61,63,0,7815,1.09466377780674,27,-90,0.001869,51,2023-07-17 18:53:39.002008,446,1.037,0.0011,"aoml_navis",1028.88835729712
"7901009",5,0,1,0.024297,1,0.001869,1,113.111746826804,1,4.85954406495304,448,1,12.7480001449585,35.601001739502,0.0242970008403063,0,109.075798034668,-89.5491,26.6873,10.0335768831146,63,63,63,63,61,63,0,7815,1.09466377780674,27,-90,0.001869,51,2023-07-17 18:53:39.002008,448,1.037,0.0011,"aoml_navis",1028.90310966824
"7901009",5,0,1,0.024297,1,0.001869,1,112.422139997865,1,4.85950409472917,450,1,12.7349996566772,35.5970001220703,0.0242970008403063,0,108.410797119141,-89.5491,26.6873,10.0335768831146,63,63,63,63,61,63,0,7815,1.09466377780674,27,-90,0.001869,51,2023-07-17 18:53:39.002008,450,1.037,0.0011,"aoml_navis",1028.91157256627
"7901009",5,0,1,0.022428,1,0,1,110.106625035946,1,4.85943519174101,452,1,12.6700000762939,35.5870018005371,0.0224280003458261,0,106.17790222168,-89.5491,26.6873,10.0335768831146,63,63,63,63,61,63,0,7815,1.09466377780674,27,-90,0.001869,51,2023-07-17 18:53:39.002008,452,1.037,0.0011,"aoml_navis",1028.92616172717
"7901009",5,0,1,0.024297,1,0.001869,1,107.488400818013,1,4.8593535735649,454,1,12.6029996871948,35.5800018310547,0.0242970008403063,0,103.653099060059,-89.5491,26.6873,10.0335768831146,63,63,63,63,61,63,0,7815,1.09466377780674,27,-90,0.001869,51,2023-07-17 18:53:39.002008,454,1.037,0.0011,"aoml_navis",1028.94344367124
"7901009",5,0,1,0.022428,1,0,1,106.906440473413,1,4.85927363276619,456,1,12.5299997329712,35.5709991455078,0.0224280003458261,0,103.091903686523,-89.5491,26.6873,10.0335768831146,63,63,63,63,61,63,0,7815,1.09466377780674,27,-90,0.001869,51,2023-07-17 18:53:39.002008,456,1.037,0.0011,"aoml_navis",1028.9603710079
"7901009",5,0,1,0.024297,1,0.001869,1,106.420804981588,1,4.85920476593763,458,1,12.4720001220703,35.5629997253418,0.0242970008403063,0,102.623596191406,-89.5491,26.6873,10.0335768831146,63,63,63,63,61,63,0,7815,1.09466377780674,27,-90,0.001869,51,2023-07-17 18:53:39.002008,458,1.037,0.0011,"aoml_navis",1028.97495389561
"7901009",5,0,1,0.024297,1,0.001869,1,106.295230602678,1,4.85912770580354,460,1,12.3940000534058,35.5519981384277,0.0242970008403063,0,102.502502441406,-89.5491,26.6873,10.0335768831146,63,63,63,63,61,63,0,7815,1.09466377780674,27,-90,0.001869,51,2023-07-17 18:53:39.002008,460,1.037,0.0011,"aoml_navis",1028.99127224588
"7901009",5,0,1,0.022428,1,0,1,106.13137945681,1,4.85906454653312,462,1,12.3339996337891,35.5419998168945,0.0224280003458261,0,102.344497680664,-89.5491,26.6873,10.0335768831146,63,63,63,63,61,63,0,7815,1.09466377780674,27,-90,0.001869,51,2023-07-17 18:53:39.002008,462,1.037,0.0011,"aoml_navis",1029.00464731785
"7901009",5,0,1,0.022428,1,0,1,106.032554509294,1,4.85898489002183,464,1,12.2489995956421,35.5299987792969,0.0224280003458261,0,102.249198913574,-89.5491,26.6873,10.0335768831146,63,63,63,63,61,63,0,7815,1.09466377780674,27,-90,0.001869,51,2023-07-17 18:53:39.002008,464,1.037,0.0011,"aoml_navis",1029.02151646278
"7901009",5,0,1,0.031773,1,0.009345,1,105.763968381823,1,4.85892548555433,466,1,12.2040004730225,35.5229988098145,0.0317730009555817,0,101.990196228027,-89.5491,26.6873,10.0335768831146,63,63,63,63,61,63,0,7815,1.09466377780674,27,-90,0.001869,51,2023-07-17 18:53:39.002008,466,1.037,0.0011,"aoml_navis",1029.03409711984
"7901009",5,0,1,0.026166,1,0.003738,1,105.72664101793,1,4.858843927726,468,1,12.1049995422363,35.507999420166,0.0261659994721413,0,101.954200744629,-89.5491,26.6873,10.0335768831146,63,63,63,63,61,63,0,7815,1.09466377780674,27,-90,0.001869,51,2023-07-17 18:53:39.002008,468,1.037,0.0011,"aoml_navis",1029.0513699089
"7901009",5,0,1,0.024297,1,0.001869,1,105.741056121155,1,4.85876511287723,470,1,12.0200004577637,35.4959983825684,0.0242970008403063,0,101.968101501465,-89.5491,26.6873,10.0335768831146,63,63,63,63,61,63,0,7815,1.09466377780674,27,-90,0.001869,51,2023-07-17 18:53:39.002008,470,1.037,0.0011,"aoml_navis",1029.06806232482
"7901009",5,0,1,0.029904,1,0.007476,1,105.69242294908,1,4.85869844264417,472,1,11.9630002975464,35.4879989624023,0.0299040004611015,0,101.921203613281,-89.5491,26.6873,10.0335768831146,63,63,63,63,61,63,0,7815,1.09466377780674,27,-90,0.001869,51,2023-07-17 18:53:39.002008,472,1.037,0.0011,"aoml_navis",1029.08218302162
"7901009",5,0,1,0.026166,1,0.003738,1,105.54132545107,1,4.85864358297033,474,1,11.9300003051758,35.4830017089844,0.0261659994721413,0,101.775497436523,-89.5491,26.6873,10.0335768831146,63,63,63,63,61,63,0,7815,1.09466377780674,27,-90,0.001869,51,2023-07-17 18:53:39.002008,474,1.037,0.0011,"aoml_navis",1029.09380254298
"7901009",5,0,1,0.028035,1,0.005607,1,105.504512347172,1,4.85858090621071,476,1,11.8769998550415,35.4749984741211,0.0280349999666214,0,101.73999786377,-89.5491,26.6873,10.0335768831146,63,63,63,63,61,63,0,7815,1.09466377780674,27,-90,0.001869,51,2023-07-17 18:53:39.002008,476,1.037,0.0011,"aoml_navis",1029.10707807881
"7901009",5,0,1,0.028035,1,0.005607,1,105.393242307795,1,4.85851937907451,478,1,11.8290004730225,35.4679985046387,0.0280349999666214,0,101.632698059082,-89.5491,26.6873,10.0335768831146,63,63,63,63,61,63,0,7815,1.09466377780674,27,-90,0.001869,51,2023-07-17 18:53:39.002008,478,1.037,0.0011,"aoml_navis",1029.12011044658
"7901009",5,0,1,0.029904,1,0.007476,1,105.382355819301,1,4.85846076005279,480,1,11.7840003967285,35.4609985351562,0.0299040004611015,0,101.622200012207,-89.5491,26.6873,10.0335768831146,63,63,63,63,61,63,0,7815,1.09466377780674,27,-90,0.001869,51,2023-07-17 18:53:39.002008,480,1.037,0.0011,"aoml_navis",1029.13252713925
"7901009",5,0,1,0.026166,1,0.003738,1,105.435965445781,1,4.8583943907642,482,1,11.7150001525879,35.4500007629395,0.0261659994721413,0,101.673896789551,-89.5491,26.6873,10.0335768831146,63,63,63,63,61,63,0,7815,1.09466377780674,27,-90,0.001869,51,2023-07-17 18:53:39.002008,482,1.037,0.0011,"aoml_navis",1029.14658585663
"7901009",5,0,1,0.026166,1,0.003738,1,105.564039919433,1,4.85833210303786,484,1,11.6579999923706,35.4410018920898,0.0261659994721413,0,101.797401428223,-89.5491,26.6873,10.0335768831146,63,63,63,63,61,63,0,7815,1.09466377780674,27,-90,0.001869,51,2023-07-17 18:53:39.002008,484,1.037,0.0011,"aoml_navis",1029.15978034387
"7901009",5,0,1,0.024297,1,0.001869,1,105.796841462995,1,4.85825596238446,486,1,11.5819997787476,35.4309997558594,0.0242970008403063,0,102.021896362305,-89.5491,26.6873,10.0335768831146,63,63,63,63,61,63,0,7815,1.09466377780674,27,-90,0.001869,51,2023-07-17 18:53:39.002008,486,1.037,0.0011,"aoml_navis",1029.17590977359
"7901009",5,0,1,0.029904,1,0.007476,1,105.885927117388,1,4.85819307207097,488,1,11.5240001678467,35.4220008850098,0.0299040004611015,0,102.107803344727,-89.5491,26.6873,10.0335768831146,63,63,63,63,61,63,0,7815,1.09466377780674,27,-90,0.001869,51,2023-07-17 18:53:39.002008,488,1.037,0.0011,"aoml_navis",1029.18923266847
"7901009",5,0,1,0.029904,1,0.007476,1,105.810536602227,1,4.85813137235767,490,1,11.4790000915527,35.4160003662109,0.0299040004611015,0,102.035102844238,-89.5491,26.6873,10.0335768831146,63,63,63,63,61,63,0,7815,1.09466377780674,27,-90,0.001869,51,2023-07-17 18:53:39.002008,490,1.037,0.0011,"aoml_navis",1029.20230367782
"7901009",5,0,1,0.026166,1,0.003738,1,105.761689814463,1,4.85806320252383,492,1,11.414999961853,35.4070014953613,0.0261659994721413,0,101.987998962402,-89.5491,26.6873,10.0335768831146,63,63,63,63,61,63,0,7815,1.09466377780674,27,-90,0.001869,51,2023-07-17 18:53:39.002008,492,1.037,0.0011,"aoml_navis",1029.21674576042
"7901009",5,0,1,0.029904,1,0.007476,1,105.512186688625,1,4.85801098526573,494,1,11.3920001983643,35.4039993286133,0.0299040004611015,0,101.747398376465,-89.5491,26.6873,10.0335768831146,63,63,63,63,61,63,0,7815,1.09466377780674,27,-90,0.001869,51,2023-07-17 18:53:39.002008,494,1.037,0.0011,"aoml_navis",1029.22780849301
"7901009",5,0,1,0.026166,1,0.003738,1,105.408385286704,1,4.85796243015155,496,1,11.3690004348755,35.4000015258789,0.0261659994721413,0,101.647300720215,-89.5491,26.6873,10.0335768831146,63,63,63,63,61,63,0,7815,1.09466377780674,27,-90,0.001869,51,2023-07-17 18:53:39.002008,496,1.037,0.0011,"aoml_navis",1029.23809557828
"7901009",5,0,1,0.026166,1,0.003738,1,105.354047784539,1,4.85791486804224,498,1,11.3549995422363,35.3979988098145,0.0261659994721413,0,101.594902038574,-89.5491,26.6873,10.0335768831146,63,63,63,63,61,63,0,7815,1.09466377780674,27,-90,0.001869,51,2023-07-17 18:53:39.002008,498,1.037,0.0011,"aoml_navis",1029.24817248085
"7901009",5,0,1,0.031773,1,0.009345,1,105.382252967302,1,4.85786081793504,500,1,11.3219995498657,35.3930015563965,0.0317730009555817,0,101.622100830078,-89.5491,26.6873,10.0335768831146,63,63,63,63,61,63,0,7815,1.09466377780674,27,-90,0.001869,51,2023-07-17 18:53:39.002008,500,1.037,0.0011,"aoml_navis",1029.25962422394
"7901009",5,0,1,0.026166,1,0.003738,1,105.447374105962,1,4.85780683598097,502,1,11.2930002212524,35.3889999389648,0.0261659994721413,0,101.684898376465,-89.5491,26.6873,10.0335768831146,63,63,63,63,61,63,0,7815,1.09466377780674,27,-90,0.001869,51,2023-07-17 18:53:39.002008,502,1.037,0.0011,"aoml_navis",1029.27106178159
"7901009",5,0,1,0.026166,1,0.003738,1,105.548485532529,1,4.85774830026335,504,1,11.2510004043579,35.382999420166,0.0261659994721413,0,101.782402038574,-89.5491,26.6873,10.0335768831146,63,63,63,63,61,63,0,7815,1.09466377780674,27,-90,0.001869,51,2023-07-17 18:53:39.002008,504,1.037,0.0011,"aoml_navis",1029.28346446623
"7901009",5,0,1,0.024297,1,0.001869,1,105.41792678752,1,4.85769714693934,506,1,11.2130002975464,35.3759994506836,0.0242970008403063,0,101.65650177002,-89.5491,26.6873,10.0335768831146,63,63,63,63,61,63,0,7815,1.09466377780674,27,-90,0.001869,51,2023-07-17 18:53:39.002008,506,1.037,0.0011,"aoml_navis",1029.2943031968
"7901009",5,0,1,0.029904,1,0.007476,1,105.192277413724,1,4.85763419126112,508,1,11.1660003662109,35.3699989318848,0.0299040004611015,0,101.438903808594,-89.5491,26.6873,10.0335768831146,63,63,63,63,61,63,0,7815,1.09466377780674,27,-90,0.001869,51,2023-07-17 18:53:39.002008,508,1.037,0.0011,"aoml_navis",1029.30764300758
"7901009",5,0,1,0.028035,1,0.005607,1,105.333825499226,1,4.85756866471469,510,1,11.1040000915527,35.3610000610352,0.0280349999666214,0,101.575401306152,-89.5491,26.6873,10.0335768831146,63,63,63,63,61,63,0,7815,1.09466377780674,27,-90,0.001869,51,2023-07-17 18:53:39.002008,510,1.037,0.0011,"aoml_navis",1029.32152793226
"7901009",5,0,1,0.024297,1,0.001869,1,105.400916649248,1,4.8575023297139,512,1,11.048999786377,35.3540000915527,0.0242970008403063,0,101.640098571777,-89.5491,26.6873,10.0335768831146,63,63,63,63,61,63,0,7815,1.09466377780674,27,-90,0.001869,51,2023-07-17 18:53:39.002008,512,1.037,0.0011,"aoml_navis",1029.33558454814
"7901009",5,0,1,0.026166,1,0.003738,1,105.426115388968,1,4.85743621081073,514,1,10.9860000610352,35.3450012207031,0.0261659994721413,0,101.664398193359,-89.5491,26.6873,10.0335768831146,63,63,63,63,61,63,0,7815,1.09466377780674,27,-90,0.001869,51,2023-07-17 18:53:39.002008,514,1.037,0.0011,"aoml_navis",1029.34959575423
"7901009",5,0,1,0.026166,1,0.003738,1,105.305303848774,1,4.85737736178775,516,1,10.9390001296997,35.3380012512207,0.0261659994721413,0,101.547897338867,-89.5491,26.6873,10.0335768831146,63,63,63,63,61,63,0,7815,1.09466377780674,27,-90,0.001869,51,2023-07-17 18:53:39.002008,516,1.037,0.0011,"aoml_navis",1029.36206672643
"7901009",5,0,1,0.029904,1,0.007476,1,105.073435884893,1,4.85731944367488,518,1,10.8970003128052,35.3320007324219,0.0299040004611015,0,101.32430267334,-89.5491,26.6873,10.0335768831146,63,63,63,63,61,63,0,7815,1.09466377780674,27,-90,0.001869,51,2023-07-17 18:53:39.002008,518,1.037,0.0011,"aoml_navis",1029.37434072015
"7901009",5,0,1,0.029904,1,0.007476,1,105.023655517448,1,4.85725373220761,520,1,10.8339996337891,35.3230018615723,0.0299040004611015,0,101.276298522949,-89.5491,26.6873,10.0335768831146,63,63,63,63,61,63,0,7815,1.09466377780674,27,-90,0.001869,51,2023-07-17 18:53:39.002008,520,1.037,0.0011,"aoml_navis",1029.38826663426
"7901009",5,0,1,0.024297,1,0.001869,1,104.955527935744,1,4.85719673568624,522,1,10.8009996414185,35.3190002441406,0.0242970008403063,0,101.210601806641,-89.5491,26.6873,10.0335768831146,63,63,63,63,61,63,0,7815,1.09466377780674,27,-90,0.001869,51,2023-07-17 18:53:39.002008,522,1.037,0.0011,"aoml_navis",1029.40034593711
"7901009",5,0,1,0.026166,1,0.003738,1,104.983424562511,1,4.85713548389347,524,1,10.7550001144409,35.3129997253418,0.0261659994721413,0,101.237503051758,-89.5491,26.6873,10.0335768831146,63,63,63,63,61,63,0,7815,1.09466377780674,27,-90,0.001869,51,2023-07-17 18:53:39.002008,524,1.037,0.0011,"aoml_navis",1029.41332737789
"7901009",5,0,1,0.029904,1,0.007476,1,104.971082322648,1,4.85708919652703,526,1,10.7379999160767,35.310001373291,0.0299040004611015,0,101.225601196289,-89.5491,26.6873,10.0335768831146,63,63,63,63,61,63,0,7815,1.09466377780674,27,-90,0.001869,51,2023-07-17 18:53:39.002008,526,1.037,0.0011,"aoml_navis",1029.4231375399
"7901009",5,0,1,0.028035,1,0.005607,1,104.943913571566,1,4.85702885568478,528,1,10.6969995498657,35.3050003051758,0.0280349999666214,0,101.199401855469,-89.5491,26.6873,10.0335768831146,63,63,63,63,61,63,0,7815,1.09466377780674,27,-90,0.001869,51,2023-07-17 18:53:39.002008,528,1.037,0.0011,"aoml_navis",1029.43592648166
"7901009",5,0,1,0.029904,1,0.007476,1,104.937481365791,1,4.85696947329848,530,1,10.6569995880127,35.2999992370605,0.0299040004611015,0,101.193199157715,-89.5491,26.6873,10.0335768831146,63,63,63,63,61,63,0,7815,1.09466377780674,27,-90,0.001869,51,2023-07-17 18:53:39.002008,530,1.037,0.0011,"aoml_navis",1029.44851259367
"7901009",5,0,1,0.028035,1,0.005607,1,104.88262169194,1,4.85692481629229,532,1,10.6499996185303,35.298999786377,0.0280349999666214,0,101.140296936035,-89.5491,26.6873,10.0335768831146,63,63,63,63,61,63,0,7815,1.09466377780674,27,-90,0.001869,51,2023-07-17 18:53:39.002008,532,1.037,0.0011,"aoml_navis",1029.45797786035
"7901009",5,0,1,0.028035,1,0.005607,1,104.855144384862,1,4.85686938474336,534.099975585938,1,10.625,35.2960014343262,0.0280349999666214,0,101.113800048828,-89.5491,26.6873,10.0335768831146,63,63,63,63,61,63,0,7815,1.09466377780674,27,-90,0.001869,51,2023-07-17 18:53:39.002008,534.099975585938,1.037,0.0011,"aoml_navis",1029.46972708516
"7901009",5,0,1,0.026166,1,0.003738,1,104.868420204406,1,4.85682108537561,536,1,10.5950002670288,35.2910003662109,0.0261659994721413,0,101.126602172852,-89.5491,26.6873,10.0335768831146,63,63,63,63,61,63,0,7815,1.09466377780674,27,-90,0.001869,51,2023-07-17 18:53:39.002008,536,1.037,0.0011,"aoml_navis",1029.47996479745
"7901009",5,0,1,0.028035,1,0.005607,1,104.824138463053,1,4.85677389705023,538,1,10.581000328064,35.2890014648438,0.0280349999666214,0,101.08390045166,-89.5491,26.6873,10.0335768831146,63,63,63,63,61,63,0,7815,1.09466377780674,27,-90,0.001869,51,2023-07-17 18:53:39.002008,538,1.037,0.0011,"aoml_navis",1029.48996720575
"7901009",5,0,1,0.026166,1,0.003738,1,104.801843314378,1,4.85672088882403,540,1,10.5480003356934,35.2840003967285,0.0261659994721413,0,101.062400817871,-89.5491,26.6873,10.0335768831146,63,63,63,63,61,63,0,7815,1.09466377780674,27,-90,0.001869,51,2023-07-17 18:53:39.002008,540,1.037,0.0011,"aoml_navis",1029.50120347778
"7901009",5,0,1,0.026166,1,0.003738,1,104.751754390936,1,4.85666981738612,542,1,10.5129995346069,35.2779998779297,0.0261659994721413,0,101.014099121094,-89.5491,26.6873,10.0335768831146,63,63,63,63,61,63,0,7815,1.09466377780674,27,-90,0.001869,51,2023-07-17 18:53:39.002008,542,1.037,0.0011,"aoml_navis",1029.51202943646
"7901009",5,0,1,0.024297,1,0.001869,1,104.695858285404,1,4.856606453662,544,1,10.46399974823,35.2719993591309,0.0242970008403063,0,100.96019744873,-89.5491,26.6873,10.0335768831146,63,63,63,63,61,63,0,7815,1.09466377780674,27,-90,0.001869,51,2023-07-17 18:53:39.002008,544,1.037,0.0011,"aoml_navis",1029.52546139082
"7901009",5,0,1,0.026166,1,0.003738,1,104.710273388628,1,4.8565427508105,546,1,10.4020004272461,35.2630004882812,0.0261659994721413,0,100.974098205566,-89.5491,26.6873,10.0335768831146,63,63,63,63,61,63,0,7815,1.09466377780674,27,-90,0.001869,51,2023-07-17 18:53:39.002008,546,1.037,0.0011,"aoml_navis",1029.53896558731
"7901009",5,0,1,0.024297,1,0.001869,1,104.786391779473,1,4.8564634571841,548,1,10.3219995498657,35.2540016174316,0.0242970008403063,0,101.047500610352,-89.5491,26.6873,10.0335768831146,63,63,63,63,61,63,0,7815,1.09466377780674,27,-90,0.001869,51,2023-07-17 18:53:39.002008,548,1.037,0.0011,"aoml_navis",1029.55577532527
"7901009",5,0,1,0.029904,1,0.007476,1,104.827667077783,1,4.85640590083954,550,1,10.2749996185303,35.2470016479492,0.0299040004611015,0,101.087303161621,-89.5491,26.6873,10.0335768831146,63,63,63,63,61,63,0,7815,1.09466377780674,27,-90,0.001869,51,2023-07-17 18:53:39.002008,550,1.037,0.0011,"aoml_navis",1029.56797724334
"7901009",5,0,1,0.026166,1,0.003738,1,104.79354394924,1,4.85635731651031,552,1,10.2550001144409,35.2439994812012,0.0261659994721413,0,101.054397583008,-89.5491,26.6873,10.0335768831146,63,63,63,63,61,63,0,7815,1.09466377780674,27,-90,0.001869,51,2023-07-17 18:53:39.002008,552,1.037,0.0011,"aoml_navis",1029.57827732349
"7901009",5,0,1,0.028035,1,0.005607,1,104.854416509178,1,4.85629187725684,554,1,10.2030000686646,35.2379989624023,0.0280349999666214,0,101.113098144531,-89.5491,26.6873,10.0335768831146,63,63,63,63,61,63,0,7815,1.09466377780674,27,-90,0.001869,51,2023-07-17 18:53:39.002008,554,1.037,0.0011,"aoml_navis",1029.59215104351
"7901009",5,0,1,0.028035,1,0.005607,1,104.885636046676,1,4.85623301138043,556,1,10.1499996185303,35.2299995422363,0.0280349999666214,0,101.143203735352,-89.5491,26.6873,10.0335768831146,63,63,63,63,61,63,0,7815,1.09466377780674,27,-90,0.001869,51,2023-07-17 18:53:39.002008,556,1.037,0.0011,"aoml_navis",1029.60463146695
"7901009",5,0,1,0.026166,1,0.003738,1,104.916847672483,1,4.85617366086657,558,1,10.1090002059937,35.2249984741211,0.0261659994721413,0,101.173301696777,-89.5491,26.6873,10.0335768831146,63,63,63,63,61,63,0,7815,1.09466377780674,27,-90,0.001869,51,2023-07-17 18:53:39.002008,558,1.037,0.0011,"aoml_navis",1029.61721494691
"7901009",5,0,1,0.028035,1,0.005607,1,105.040143484033,1,4.85611306993028,560,1,10.0579996109009,35.2179985046387,0.0280349999666214,0,101.292198181152,-89.5491,26.6873,10.0335768831146,63,63,63,63,61,63,0,7815,1.09466377780674,27,-90,0.001869,51,2023-07-17 18:53:39.002008,560,1.037,0.0011,"aoml_navis",1029.6300617382
"7901009",5,0,1,0.022428,1,0,1,105.181074457541,1,4.8560588172246,562,1,10.0270004272461,35.2140007019043,0.0224280003458261,0,101.428100585938,-89.5491,26.6873,10.0335768831146,63,63,63,63,61,63,0,7815,1.09466377780674,27,-90,0.001869,51,2023-07-17 18:53:39.002008,562,1.037,0.0011,"aoml_navis",1029.64156493839
"7901009",5,0,1,0.028035,1,0.005607,1,105.381627943617,1,4.8560050592319,564,1,9.98799991607666,35.2080001831055,0.0280349999666214,0,101.62149810791,-89.5491,26.6873,10.0335768831146,63,63,63,63,61,63,0,7815,1.09466377780674,27,-90,0.001869,51,2023-07-17 18:53:39.002008,564,1.037,0.0011,"aoml_navis",1029.65296349812
"7901009",5,0,1,0.026166,1,0.003738,1,105.432025423056,1,4.85594020552292,566,1,9.93599987030029,35.2019996643066,0.0261659994721413,0,101.670097351074,-89.5491,26.6873,10.0335768831146,63,63,63,63,61,63,0,7815,1.09466377780674,27,-90,0.001869,51,2023-07-17 18:53:39.002008,566,1.037,0.0011,"aoml_navis",1029.66671507059
"7901009",5,0,1,0.024297,1,0.001869,1,105.381422239619,1,4.85589443992376,568,1,9.91899967193604,35.1990013122559,0.0242970008403063,0,101.621299743652,-89.5491,26.6873,10.0335768831146,63,63,63,63,61,63,0,7815,1.09466377780674,27,-90,0.001869,51,2023-07-17 18:53:39.002008,568,1.037,0.0011,"aoml_navis",1029.67641942367
"7901009",5,0,1,0.026166,1,0.003738,1,105.4453012426,1,4.85583609385156,570,1,9.88300037384033,35.1949996948242,0.0261659994721413,0,101.682899475098,-89.5491,26.6873,10.0335768831146,63,63,63,63,61,63,0,7815,1.09466377780674,27,-90,0.001869,51,2023-07-17 18:53:39.002008,570,1.037,0.0011,"aoml_navis",1029.68879166473
"7901009",5,0,1,0.029904,1,0.007476,1,105.484709381546,1,4.85577231947914,572,1,9.83199977874756,35.1889991760254,0.0299040004611015,0,101.720901489258,-89.5491,26.6873,10.0335768831146,63,63,63,63,61,63,0,7815,1.09466377780674,27,-90,0.001869,51,2023-07-17 18:53:39.002008,572,1.037,0.0011,"aoml_navis",1029.70231531291
"7901009",5,0,1,0.028035,1,0.005607,1,105.45214485637,1,4.85572747349715,574,1,9.81599998474121,35.1860008239746,0.0280349999666214,0,101.689498901367,-89.5491,26.6873,10.0335768831146,63,63,63,63,61,63,0,7815,1.09466377780674,27,-90,0.001869,51,2023-07-17 18:53:39.002008,574,1.037,0.0011,"aoml_navis",1029.71182532181
"7901009",5,0,1,0.022428,1,0,1,105.455151299414,1,4.8556826507606,576,1,9.80000019073486,35.1829986572266,0.0224280003458261,0,101.692398071289,-89.5491,26.6873,10.0335768831146,63,63,63,63,61,63,0,7815,1.09466377780674,27,-90,0.001869,51,2023-07-17 18:53:39.002008,576,1.037,0.0011,"aoml_navis",1029.72133057682
"7901009",5,0,1,0.028035,1,0.005607,1,105.690445026026,1,4.85560625961731,578,1,9.7209997177124,35.173999786377,0.0280349999666214,0,101.919296264648,-89.5491,26.6873,10.0335768831146,63,63,63,63,61,63,0,7815,1.09466377780674,27,-90,0.001869,51,2023-07-17 18:53:39.002008,578,1.037,0.0011,"aoml_navis",1029.73753073505
"7901009",5,0,1,0.028035,1,0.005607,1,105.849936829481,1,4.85553944763821,580,1,9.66600036621094,35.1679992675781,0.0280349999666214,0,102.073097229004,-89.5491,26.6873,10.0335768831146,63,63,63,63,61,63,0,7815,1.09466377780674,27,-90,0.001869,51,2023-07-17 18:53:39.002008,580,1.037,0.0011,"aoml_navis",1029.75169987179
"7901009",5,0,1,0.024297,1,0.001869,1,105.927194504006,1,4.85548737575274,582,1,9.63700008392334,35.1640014648438,0.0242970008403063,0,102.147598266602,-89.5491,26.6873,10.0335768831146,63,63,63,63,61,63,0,7815,1.09466377780674,27,-90,0.001869,51,2023-07-17 18:53:39.002008,582,1.037,0.0011,"aoml_navis",1029.76274327659
"7901009",5,0,1,0.028035,1,0.005607,1,105.979253438811,1,4.85544237210932,584,1,9.625,35.1619987487793,0.0280349999666214,0,102.197799682617,-89.5491,26.6873,10.0335768831146,63,63,63,63,61,63,0,7815,1.09466377780674,27,-90,0.001869,51,2023-07-17 18:53:39.002008,584,1.037,0.0011,"aoml_navis",1029.77228783953
"7901009",5,0,1,0.026166,1,0.003738,1,105.957061142135,1,4.85539005418382,586,1,9.60000038146973,35.1590003967285,0.0261659994721413,0,102.176399230957,-89.5491,26.6873,10.0335768831146,63,63,63,63,61,63,0,7815,1.09466377780674,27,-90,0.001869,51,2023-07-17 18:53:39.002008,586,1.037,0.0011,"aoml_navis",1029.78338386873
"7901009",5,0,1,0.026166,1,0.003738,1,105.948872540687,1,4.8553386164841,588,1,9.57600021362305,35.1559982299805,0.0261659994721413,0,102.168502807617,-89.5491,26.6873,10.0335768831146,63,63,63,63,61,63,0,7815,1.09466377780674,27,-90,0.001869,51,2023-07-17 18:53:39.002008,588,1.037,0.0011,"aoml_navis",1029.79429344532
"7901009",5,0,1,0.028035,1,0.005607,1,105.990970654988,1,4.85528664520074,590,1,9.54699993133545,35.1520004272461,0.0280349999666214,0,102.209098815918,-89.5491,26.6873,10.0335768831146,63,63,63,63,61,63,0,7815,1.09466377780674,27,-90,0.001869,51,2023-07-17 18:53:39.002008,590,1.037,0.0011,"aoml_navis",1029.80531642602
"7901009",5,0,1,0.026166,1,0.003738,1,106.034627372656,1,4.85523105438825,592,1,9.51799964904785,35.148998260498,0.0261659994721413,0,102.251197814941,-89.5491,26.6873,10.0335768831146,63,63,63,63,61,63,0,7815,1.09466377780674,27,-90,0.001869,51,2023-07-17 18:53:39.002008,592,1.037,0.0011,"aoml_navis",1029.81710736112
"7901009",5,0,1,0.029904,1,0.007476,1,106.161665414627,1,4.85518082839685,594,1,9.49100017547607,35.1450004577637,0.0299040004611015,0,102.37370300293,-89.5491,26.6873,10.0335768831146,63,63,63,63,61,63,0,7815,1.09466377780674,27,-90,0.001869,51,2023-07-17 18:53:39.002008,594,1.037,0.0011,"aoml_navis",1029.8277606379
"7901009",5,0,1,0.022428,1,0,1,106.328617943845,1,4.85513818807859,596,1,9.47299957275391,35.140998840332,0.0224280003458261,0,102.534698486328,-89.5491,26.6873,10.0335768831146,63,63,63,63,61,63,0,7815,1.09466377780674,27,-90,0.001869,51,2023-07-17 18:53:39.002008,596,1.037,0.0011,"aoml_navis",1029.83680511445
"7901009",5,0,1,0.026166,1,0.003738,1,106.626865005448,1,4.85505420810235,598,1,9.38799953460693,35.132999420166,0.0261659994721413,0,102.822303771973,-89.5491,26.6873,10.0335768831146,63,63,63,63,61,63,0,7815,1.09466377780674,27,-90,0.001869,51,2023-07-17 18:53:39.002008,598,1.037,0.0011,"aoml_navis",1029.85461864787
"7901009",5,0,1,0.028035,1,0.005607,1,106.843803606111,1,4.85499897744496,600,1,9.3459997177124,35.1269989013672,0.0280349999666214,0,103.03150177002,-89.5491,26.6873,10.0335768831146,63,63,63,63,61,63,0,7815,1.09466377780674,27,-90,0.001869,51,2023-07-17 18:53:39.002008,600,1.037,0.0011,"aoml_navis",1029.86633431411
"7901009",5,0,1,0.029904,1,0.007476,1,107.008888975965,1,4.85494893916711,602,1,9.31900024414062,35.1230010986328,0.0299040004611015,0,103.190696716309,-89.5491,26.6873,10.0335768831146,63,63,63,63,61,63,0,7815,1.09466377780674,27,-90,0.001869,51,2023-07-17 18:53:39.002008,602,1.037,0.0011,"aoml_navis",1029.87694878986
"7901009",5,0,1,0.028035,1,0.005607,1,107.123584778073,1,4.85489811278022,604,1,9.29100036621094,35.1189994812012,0.0280349999666214,0,103.301300048828,-89.5491,26.6873,10.0335768831146,63,63,63,63,61,63,0,7815,1.09466377780674,27,-90,0.001869,51,2023-07-17 18:53:39.002008,604,1.037,0.0011,"aoml_navis",1029.88773066891
"7901009",5,0,1,0.026166,1,0.003738,1,107.106471787802,1,4.85484957184692,606,1,9.2790002822876,35.1180000305176,0.0261659994721413,0,103.284797668457,-89.5491,26.6873,10.0335768831146,63,63,63,63,61,63,0,7815,1.09466377780674,27,-90,0.001869,51,2023-07-17 18:53:39.002008,606,1.037,0.0011,"aoml_navis",1029.89802794196
"7901009",5,0,1,0.028035,1,0.005607,1,107.138727756982,1,4.85479417067896,608,1,9.24100017547607,35.1129989624023,0.0280349999666214,0,103.315902709961,-89.5491,26.6873,10.0335768831146,63,63,63,63,61,63,0,7815,1.09466377780674,27,-90,0.001869,51,2023-07-17 18:53:39.002008,608,1.037,0.0011,"aoml_navis",1029.90978076847
"7901009",5,0,1,0.029904,1,0.007476,1,107.185082361697,1,4.85473855987286,610,1,9.21599960327148,35.1110000610352,0.0299040004611015,0,103.36060333252,-89.5491,26.6873,10.0335768831146,63,63,63,63,61,63,0,7815,1.09466377780674,27,-90,0.001869,51,2023-07-17 18:53:39.002008,610,1.037,0.0011,"aoml_navis",1029.92157833746
"7901009",5,0,1,0.029904,1,0.007476,1,107.276960843443,1,4.85468573330457,612,1,9.18099975585938,35.1059989929199,0.0299040004611015,0,103.449203491211,-89.5491,26.6873,10.0335768831146,63,63,63,63,61,63,0,7815,1.09466377780674,27,-90,0.001869,51,2023-07-17 18:53:39.002008,612,1.037,0.0011,"aoml_navis",1029.93278549393
"7901009",5,0,1,0.026166,1,0.003738,1,107.419956768621,1,4.85461691554458,614,1,9.13099956512451,35.1020011901855,0.0261659994721413,0,103.587097167969,-89.5491,26.6873,10.0335768831146,63,63,63,63,61,63,0,7815,1.09466377780674,27,-90,0.001869,51,2023-07-17 18:53:39.002008,614,1.037,0.0011,"aoml_navis",1029.94738554754
"7901009",5,0,1,0.029904,1,0.007476,1,107.575927869038,1,4.85456054306276,616,1,9.0959997177124,35.0979995727539,0.0299040004611015,0,103.737503051758,-89.5491,26.6873,10.0335768831146,63,63,63,63,61,63,0,7815,1.09466377780674,27,-90,0.001869,51,2023-07-17 18:53:39.002008,616,1.037,0.0011,"aoml_navis",1029.95934557765
"7901009",5,0,1,0.029904,1,0.007476,1,107.716020203171,1,4.8545082737512,618.099975585938,1,9.07299995422363,35.0950012207031,0.0299040004611015,0,103.872596740723,-89.5491,26.6873,10.0335768831146,63,63,63,63,61,63,0,7815,1.09466377780674,27,-90,0.001869,51,2023-07-17 18:53:39.002008,618.099975585938,1.037,0.0011,"aoml_navis",1029.97043532411
"7901009",5,0,1,0.026166,1,0.003738,1,107.898432178987,1,4.8544635451862,620,1,9.05399990081787,35.0919990539551,0.0261659994721413,0,104.048500061035,-89.5491,26.6873,10.0335768831146,63,63,63,63,61,63,0,7815,1.09466377780674,27,-90,0.001869,51,2023-07-17 18:53:39.002008,620,1.037,0.0011,"aoml_navis",1029.97992537365
"7901009",5,0,1,0.026166,1,0.003738,1,108.156123906272,1,4.85440317214958,622,1,9.01399993896484,35.0880012512207,0.0261659994721413,0,104.296997070312,-89.5491,26.6873,10.0335768831146,63,63,63,63,61,63,0,7815,1.09466377780674,27,-90,0.001869,51,2023-07-17 18:53:39.002008,622,1.037,0.0011,"aoml_navis",1029.99273498455
"7901009",5,0,1,0.026166,1,0.003738,1,108.478533275915,1,4.85434654932166,624,1,8.97399997711182,35.0830001831055,0.0261659994721413,0,104.607902526855,-89.5491,26.6873,10.0335768831146,63,63,63,63,61,63,0,7815,1.09466377780674,27,-90,0.001869,51,2023-07-17 18:53:39.002008,624,1.037,0.0011,"aoml_navis",1030.00474918683
"7901009",5,0,1,0.029904,1,0.007476,1,108.646110828818,1,4.85429406926709,626,1,8.93900012969971,35.0779991149902,0.0299040004611015,0,104.769500732422,-89.5491,26.6873,10.0335768831146,63,63,63,63,61,63,0,7815,1.09466377780674,27,-90,0.001869,51,2023-07-17 18:53:39.002008,626,1.037,0.0011,"aoml_navis",1030.01588462788
"7901009",5,0,1,0.028035,1,0.005607,1,108.813276973727,1,4.85423388714865,628,1,8.89900016784668,35.0740013122559,0.0280349999666214,0,104.930702209473,-89.5491,26.6873,10.0335768831146,63,63,63,63,61,63,0,7815,1.09466377780674,27,-90,0.001869,51,2023-07-17 18:53:39.002008,628,1.037,0.0011,"aoml_navis",1030.02865462195
"7901009",5,0,1,0.026166,1,0.003738,1,108.800626177868,1,4.85418554710325,630,1,8.87800025939941,35.0709991455078,0.0261659994721413,0,104.918502807617,-89.5491,26.6873,10.0335768831146,63,63,63,63,61,63,0,7815,1.09466377780674,27,-90,0.001869,51,2023-07-17 18:53:39.002008,630,1.037,0.0011,"aoml_navis",1030.03891208563
"7901009",5,0,1,0.031773,1,0.009345,1,108.821157019178,1,4.85412384268482,632,1,8.83600044250488,35.0670013427734,0.0317730009555817,0,104.938301086426,-89.5491,26.6873,10.0335768831146,63,63,63,63,61,63,0,7815,1.09466377780674,27,-90,0.001869,51,2023-07-17 18:53:39.002008,632,1.037,0.0011,"aoml_navis",1030.05200568482
"7901009",5,0,1,0.031773,1,0.009345,1,108.81275480204,1,4.85407593280662,634,1,8.81999969482422,35.064998626709,0.0317730009555817,0,104.930198669434,-89.5491,26.6873,10.0335768831146,63,63,63,63,61,63,0,7815,1.09466377780674,27,-90,0.001869,51,2023-07-17 18:53:39.002008,634,1.037,0.0011,"aoml_navis",1030.06217232968
"7901009",5,0,1,0.029904,1,0.007476,1,108.912410477239,1,4.85402154331859,636,1,8.79599952697754,35.0629997253418,0.0299040004611015,0,105.026298522949,-89.5491,26.6873,10.0335768831146,63,63,63,63,61,63,0,7815,1.09466377780674,27,-90,0.001869,51,2023-07-17 18:53:39.002008,636,1.037,0.0011,"aoml_navis",1030.0737142138
"7901009",5,0,1,0.026166,1,0.003738,1,109.047225712661,1,4.85397291602978,638,1,8.77000045776367,35.0589981079102,0.0261659994721413,0,105.156303405762,-89.5491,26.6873,10.0335768831146,63,63,63,63,61,63,0,7815,1.09466377780674,27,-90,0.001869,51,2023-07-17 18:53:39.002008,638,1.037,0.0011,"aoml_navis",1030.0840335322
"7901009",5,0,1,0.029904,1,0.007476,1,109.261055018281,1,4.85391220017963,640,1,8.72900009155273,35.0550003051758,0.0299040004611015,0,105.362503051758,-89.5491,26.6873,10.0335768831146,63,63,63,63,61,63,0,7815,1.09466377780674,27,-90,0.001869,51,2023-07-17 18:53:39.002008,640,1.037,0.0011,"aoml_navis",1030.09691848463
"7901009",5,0,1,0.028035,1,0.005607,1,109.443664786402,1,4.85385237339087,642,1,8.68900012969971,35.0509986877441,0.0280349999666214,0,105.538597106934,-89.5491,26.6873,10.0335768831146,63,63,63,63,61,63,0,7815,1.09466377780674,27,-90,0.001869,51,2023-07-17 18:53:39.002008,642,1.037,0.0011,"aoml_navis",1030.10961507819
"7901009",5,0,1,0.029904,1,0.007476,1,109.678135697023,1,4.85379019090559,644,1,8.64599990844727,35.0470008850098,0.0299040004611015,0,105.764701843262,-89.5491,26.6873,10.0335768831146,63,63,63,63,61,63,0,7815,1.09466377780674,27,-90,0.001869,51,2023-07-17 18:53:39.002008,644,1.037,0.0011,"aoml_navis",1030.12281193537
"7901009",5,0,1,0.031773,1,0.009345,1,109.851828988013,1,4.85373724676358,646,1,8.61900043487549,35.0439987182617,0.0317730009555817,0,105.932197570801,-89.5491,26.6873,10.0335768831146,63,63,63,63,61,63,0,7815,1.09466377780674,27,-90,0.001869,51,2023-07-17 18:53:39.002008,646,1.037,0.0011,"aoml_navis",1030.13404842505
"7901009",5,0,1,0.022428,1,0,1,110.025324486697,1,4.85369185431987,648,1,8.60599994659424,35.0419998168945,0.0224280003458261,0,106.099502563477,-89.5491,26.6873,10.0335768831146,63,63,63,63,61,63,0,7815,1.09466377780674,27,-90,0.001869,51,2023-07-17 18:53:39.002008,648,1.037,0.0011,"aoml_navis",1030.14368239094
"7901009",5,0,1,0.029904,1,0.007476,1,110.271710405801,1,4.85364022350688,650,1,8.57600021362305,35.0379981994629,0.0299040004611015,0,106.337097167969,-89.5491,26.6873,10.0335768831146,63,63,63,63,61,63,0,7815,1.09466377780674,27,-90,0.001869,51,2023-07-17 18:53:39.002008,650,1.037,0.0011,"aoml_navis",1030.15464059002
"7901009",5,0,1,0.029904,1,0.007476,1,110.478284689655,1,4.85358031535162,652,1,8.5310001373291,35.0330009460449,0.0299040004611015,0,106.53630065918,-89.5491,26.6873,10.0335768831146,63,63,63,63,61,63,0,7815,1.09466377780674,27,-90,0.001869,51,2023-07-17 18:53:39.002008,652,1.037,0.0011,"aoml_navis",1030.1673558765
"7901009",5,0,1,0.029904,1,0.007476,1,110.604697707941,1,4.85351047039197,654,1,8.47799968719482,35.0289993286133,0.0299040004611015,0,106.658203125,-89.5491,26.6873,10.0335768831146,63,63,63,63,61,63,0,7815,1.09466377780674,27,-90,0.001869,51,2023-07-17 18:53:39.002008,654,1.037,0.0011,"aoml_navis",1030.18218060961
"7901009",5,0,1,0.028035,1,0.005607,1,110.616723480114,1,4.85346942280461,656,1,8.47500038146973,35.0279998779297,0.0280349999666214,0,106.669799804688,-89.5491,26.6873,10.0335768831146,63,63,63,63,61,63,0,7815,1.09466377780674,27,-90,0.001869,51,2023-07-17 18:53:39.002008,656,1.037,0.0011,"aoml_navis",1030.19089324163
"7901009",5,0,1,0.029904,1,0.007476,1,110.874525971091,1,4.85341505758577,658,1,8.44600009918213,35.0250015258789,0.0299040004611015,0,106.918403625488,-89.5491,26.6873,10.0335768831146,63,63,63,63,61,63,0,7815,1.09466377780674,27,-90,0.001869,51,2023-07-17 18:53:39.002008,658,1.037,0.0011,"aoml_navis",1030.20243285913
"7901009",5,0,1,0.028035,1,0.005607,1,111.229175486528,1,4.85335094038829,660,1,8.39999961853027,35.0209999084473,0.0280349999666214,0,107.260398864746,-89.5491,26.6873,10.0335768831146,63,63,63,63,61,63,0,7815,1.09466377780674,27,-90,0.001869,51,2023-07-17 18:53:39.002008,660,1.037,0.0011,"aoml_navis",1030.21604277394
"7901009",5,0,1,0.035511,1,0.013083,1,111.493821591275,1,4.85329508244129,662,1,8.36900043487549,35.0180015563965,0.0355109982192516,0,107.515602111816,-89.5491,26.6873,10.0335768831146,63,63,63,63,61,63,0,7815,1.09466377780674,27,-90,0.001869,51,2023-07-17 18:53:39.002008,662,1.037,0.0011,"aoml_navis",1030.22789982202
"7901009",5,0,1,0.029904,1,0.007476,1,111.732643932616,1,4.85323821376602,664,1,8.33199977874756,35.0139999389648,0.0299040004611015,0,107.745903015137,-89.5491,26.6873,10.0335768831146,63,63,63,63,61,63,0,7815,1.09466377780674,27,-90,0.001869,51,2023-07-17 18:53:39.002008,664,1.037,0.0011,"aoml_navis",1030.23997169925
"7901009",5,0,1,0.028035,1,0.005607,1,111.89120215639,1,4.85318480408833,666,1,8.30399990081787,35.0110015869141,0.0280349999666214,0,107.898803710938,-89.5491,26.6873,10.0335768831146,63,63,63,63,61,63,0,7815,1.09466377780674,27,-90,0.001869,51,2023-07-17 18:53:39.002008,666,1.037,0.0011,"aoml_navis",1030.25130957057
"7901009",5,0,1,0.029904,1,0.007476,1,112.049135356478,1,4.85313642239624,668,1,8.28699970245361,35.0089988708496,0.0299040004611015,0,108.05110168457,-89.5491,26.6873,10.0335768831146,63,63,63,63,61,63,0,7815,1.09466377780674,27,-90,0.001869,51,2023-07-17 18:53:39.002008,668,1.037,0.0011,"aoml_navis",1030.26158031042
"7901009",5,0,1,0.026166,1,0.003738,1,112.249688842553,1,4.85307781581546,670,1,8.25699996948242,35.0069999694824,0.0261659994721413,0,108.244499206543,-89.5491,26.6873,10.0335768831146,63,63,63,63,61,63,0,7815,1.09466377780674,27,-90,0.001869,51,2023-07-17 18:53:39.002008,670,1.037,0.0011,"aoml_navis",1030.27402192187
"7901009",5,0,1,0.031773,1,0.009345,1,112.344890235032,1,4.8530263089479,672,1,8.23600006103516,35.0050010681152,0.0317730009555817,0,108.336303710938,-89.5491,26.6873,10.0335768831146,63,63,63,63,61,63,0,7815,1.09466377780674,27,-90,0.001869,51,2023-07-17 18:53:39.002008,672,1.037,0.0011,"aoml_navis",1030.28495658083
"7901009",5,0,1,0.029904,1,0.007476,1,112.44682447759,1,4.85297953879831,674,1,8.2209997177124,35.0029983520508,0.0299040004611015,0,108.434600830078,-89.5491,26.6873,10.0335768831146,63,63,63,63,61,63,0,7815,1.09466377780674,27,-90,0.001869,51,2023-07-17 18:53:39.002008,674,1.037,0.0011,"aoml_navis",1030.29488585853
"7901009",5,0,1,0.028035,1,0.005607,1,112.645510804301,1,4.85292962727003,676,1,8.20199966430664,35.0009994506836,0.0280349999666214,0,108.626197814941,-89.5491,26.6873,10.0335768831146,63,63,63,63,61,63,0,7815,1.09466377780674,27,-90,0.001869,51,2023-07-17 18:53:39.002008,676,1.037,0.0011,"aoml_navis",1030.30548226035
"7901009",5,0,1,0.031773,1,0.009345,1,112.964494411212,1,4.85286751618235,678,1,8.15799999237061,34.9970016479492,0.0317730009555817,0,108.933799743652,-89.5491,26.6873,10.0335768831146,63,63,63,63,61,63,0,7815,1.09466377780674,27,-90,0.001869,51,2023-07-17 18:53:39.002008,678,1.037,0.0011,"aoml_navis",1030.31866897809
"7901009",5,0,1,0.031773,1,0.009345,1,113.231830491313,1,4.85280751450115,680,1,8.12600040435791,34.9949989318848,0.0317730009555817,0,109.191596984863,-89.5491,26.6873,10.0335768831146,63,63,63,63,61,63,0,7815,1.09466377780674,27,-90,0.001869,51,2023-07-17 18:53:39.002008,680,1.037,0.0011,"aoml_navis",1030.33140817125
"7901009",5,0,1,0.028035,1,0.005607,1,113.449394115661,1,4.85276703167554,682,1,8.11900043487549,34.9930000305176,0.0280349999666214,0,109.401397705078,-89.5491,26.6873,10.0335768831146,63,63,63,63,61,63,0,7815,1.09466377780674,27,-90,0.001869,51,2023-07-17 18:53:39.002008,682,1.037,0.0011,"aoml_navis",1030.34000341731
"7901009",5,0,1,0.029904,1,0.007476,1,113.854037614234,1,4.85271953134189,684,1,8.10299968719482,34.9910011291504,0.0299040004611015,0,109.791603088379,-89.5491,26.6873,10.0335768831146,63,63,63,63,61,63,0,7815,1.09466377780674,27,-90,0.001869,51,2023-07-17 18:53:39.002008,684,1.037,0.0011,"aoml_navis",1030.35008879184
"7901009",5,0,1,0.028035,1,0.005607,1,114.293207737653,1,4.85267339218838,686,1,8.08399963378906,34.9879989624023,0.0280349999666214,0,110.215103149414,-89.5491,26.6873,10.0335768831146,63,63,63,63,61,63,0,7815,1.09466377780674,27,-90,0.001869,51,2023-07-17 18:53:39.002008,686,1.037,0.0011,"aoml_navis",1030.35988534666
"7901009",5,0,1,0.029904,1,0.007476,1,114.919655527603,1,4.85261982545584,688,1,8.04599952697754,34.9830017089844,0.0299040004611015,0,110.819198608398,-89.5491,26.6873,10.0335768831146,63,63,63,63,61,63,0,7815,1.09466377780674,27,-90,0.001869,51,2023-07-17 18:53:39.002008,688,1.037,0.0011,"aoml_navis",1030.3712592054
"7901009",5,0,1,0.026166,1,0.003738,1,115.395021642927,1,4.85256886473141,690,1,8.01599979400635,34.9790000915527,0.0261659994721413,0,111.277603149414,-89.5491,26.6873,10.0335768831146,63,63,63,63,61,63,0,7815,1.09466377780674,27,-90,0.001869,51,2023-07-17 18:53:39.002008,690,1.037,0.0011,"aoml_navis",1030.38207996184
"7901009",5,0,1,0.033642,1,0.011214,1,115.856067595334,1,4.85251639137935,692,1,7.98400020599365,34.9749984741211,0.0336420014500618,0,111.722198486328,-89.5491,26.6873,10.0335768831146,63,63,63,63,61,63,0,7815,1.09466377780674,27,-90,0.001869,51,2023-07-17 18:53:39.002008,692,1.037,0.0011,"aoml_navis",1030.39322213989
"7901009",5,0,1,0.029904,1,0.007476,1,116.192884156508,1,4.85246162610637,694,1,7.94899988174438,34.9710006713867,0.0299040004611015,0,112.046997070312,-89.5491,26.6873,10.0335768831146,63,63,63,63,61,63,0,7815,1.09466377780674,27,-90,0.001869,51,2023-07-17 18:53:39.002008,694,1.037,0.0011,"aoml_navis",1030.40485124084
"7901009",5,0,1,0.029904,1,0.007476,1,116.318363595111,1,4.85241173932445,696,1,7.92500019073486,34.9679985046387,0.0299040004611015,0,112.167999267578,-89.5491,26.6873,10.0335768831146,63,63,63,63,61,63,0,7815,1.09466377780674,27,-90,0.001869,51,2023-07-17 18:53:39.002008,696,1.037,0.0011,"aoml_navis",1030.41544464982
"7901009",5,0,1,0.031773,1,0.009345,1,116.384212609455,1,4.85236453643499,698,1,7.91400003433228,34.9669990539551,0.0317730009555817,0,112.231498718262,-89.5491,26.6873,10.0335768831146,63,63,63,63,61,63,0,7815,1.09466377780674,27,-90,0.001869,51,2023-07-17 18:53:39.002008,698,1.037,0.0011,"aoml_navis",1030.42546833744
"7901009",5,0,1,0.026166,1,0.003738,1,116.397282725002,1,4.85231792882952,700,1,7.89900016784668,34.9650001525879,0.0261659994721413,0,112.244102478027,-89.5491,26.6873,10.0335768831146,63,63,63,63,61,63,0,7815,1.09466377780674,27,-90,0.001869,51,2023-07-17 18:53:39.002008,700,1.037,0.0011,"aoml_navis",1030.4353658059
"7901009",5,0,1,0.028035,1,0.005607,1,116.154520360935,1,4.85225900753308,702,1,7.86800003051758,34.9630012512207,0.0280349999666214,0,112.01000213623,-89.5491,26.6873,10.0335768831146,63,63,63,63,61,63,0,7815,1.09466377780674,27,-90,0.001869,51,2023-07-17 18:53:39.002008,702,1.037,0.0011,"aoml_navis",1030.44787844951
"7901009",5,0,1,0.033642,1,0.011214,1,115.595052957316,1,4.8521960155325,704,1,7.84600019454956,34.9640007019043,0.0336420014500618,0,111.470497131348,-89.5491,26.6873,10.0335768831146,63,63,63,63,61,63,0,7815,1.09466377780674,27,-90,0.001869,51,2023-07-17 18:53:39.002008,704,1.037,0.0011,"aoml_navis",1030.46125589205
"7901009",5,0,1,0.029904,1,0.007476,1,115.137013447953,1,4.85214617784142,706,1,7.86499977111816,34.9700012207031,0.0299040004611015,0,111.028800964355,-89.5491,26.6873,10.0335768831146,63,63,63,63,61,63,0,7815,1.09466377780674,27,-90,0.001869,51,2023-07-17 18:53:39.002008,706,1.037,0.0011,"aoml_navis",1030.4718400352
"7901009",5,0,1,0.031773,1,0.009345,1,115.249011363014,1,4.85209472742055,708,1,7.85799980163574,34.9710006713867,0.0317730009555817,0,111.13680267334,-89.5491,26.6873,10.0335768831146,63,63,63,63,61,63,0,7815,1.09466377780674,27,-90,0.001869,51,2023-07-17 18:53:39.002008,708,1.037,0.0011,"aoml_navis",1030.48276690552
"7901009",5,0,1,0.028035,1,0.005607,1,115.50338809126,1,4.85204524315085,710,1,7.8439998626709,34.9700012207031,0.0280349999666214,0,111.382102966309,-89.5491,26.6873,10.0335768831146,63,63,63,63,61,63,0,7815,1.09466377780674,27,-90,0.001869,51,2023-07-17 18:53:39.002008,710,1.037,0.0011,"aoml_navis",1030.49327642977
"7901009",5,0,1,0.029904,1,0.007476,1,115.965992647033,1,4.85198929927157,712,1,7.81199979782104,34.9669990539551,0.0299040004611015,0,111.828201293945,-89.5491,26.6873,10.0335768831146,63,63,63,63,61,63,0,7815,1.09466377780674,27,-90,0.001869,51,2023-07-17 18:53:39.002008,712,1.037,0.0011,"aoml_navis",1030.50515811126
"7901009",5,0,1,0.028035,1,0.005607,1,116.579172529131,1,4.85194335247692,714,1,7.79300022125244,34.9640007019043,0.0280349999666214,0,112.419502258301,-89.5491,26.6873,10.0335768831146,63,63,63,63,61,63,0,7815,1.09466377780674,27,-90,0.001869,51,2023-07-17 18:53:39.002008,714,1.037,0.0011,"aoml_navis",1030.51491675959
"7901009",5,0,1,0.029904,1,0.007476,1,117.415715305974,1,4.8518847243567,716,1,7.74300003051758,34.9580001831055,0.0299040004611015,0,113.226196289062,-89.5491,26.6873,10.0335768831146,63,63,63,63,61,63,0,7815,1.09466377780674,27,-90,0.001869,51,2023-07-17 18:53:39.002008,716,1.037,0.0011,"aoml_navis",1030.52736906542
"7901009",5,0,1,0.028035,1,0.005607,1,117.997477858267,1,4.85181858246988,718,1,7.68300008773804,34.9519996643066,0.0280349999666214,0,113.787200927734,-89.5491,26.6873,10.0335768831146,63,63,63,63,61,63,0,7815,1.09466377780674,27,-90,0.001869,51,2023-07-17 18:53:39.002008,718,1.037,0.0011,"aoml_navis",1030.5414176172
"7901009",5,0,1,0.029904,1,0.007476,1,118.381788307836,1,4.85176740297908,720,1,7.65700006484985,34.9490013122559,0.0299040004611015,0,114.15779876709,-89.5491,26.6873,10.0335768831146,63,63,63,63,61,63,0,7815,1.09466377780674,27,-90,0.001869,51,2023-07-17 18:53:39.002008,720,1.037,0.0011,"aoml_navis",1030.55228841554
"7901009",5,0,1,0.028035,1,0.005607,1,118.650682991304,1,4.85171562774749,722,1,7.63500022888184,34.9469985961914,0.0280349999666214,0,114.417098999023,-89.5491,26.6873,10.0335768831146,63,63,63,63,61,63,0,7815,1.09466377780674,27,-90,0.001869,51,2023-07-17 18:53:39.002008,722,1.037,0.0011,"aoml_navis",1030.56328598578
"7901009",5,0,1,0.029904,1,0.007476,1,119.040594918964,1,4.8516667738638,724,1,7.61199998855591,34.9440002441406,0.0299040004611015,0,114.793098449707,-89.5491,26.6873,10.0335768831146,63,63,63,63,61,63,0,7815,1.09466377780674,27,-90,0.001869,51,2023-07-17 18:53:39.002008,724,1.037,0.0011,"aoml_navis",1030.57366324812
"7901009",5,0,1,0.029904,1,0.007476,1,119.380417923181,1,4.85160354403529,726,1,7.57000017166138,34.9410018920898,0.0299040004611015,0,115.120796203613,-89.5491,26.6873,10.0335768831146,63,63,63,63,61,63,0,7815,1.09466377780674,27,-90,0.001869,51,2023-07-17 18:53:39.002008,726,1.037,0.0011,"aoml_navis",1030.58709447666
"7901009",5,0,1,0.026166,1,0.003738,1,119.679282096778,1,4.8515519481202,728,1,7.55299997329712,34.939998626709,0.0261659994721413,0,115.408996582031,-89.5491,26.6873,10.0335768831146,63,63,63,63,61,63,0,7815,1.09466377780674,27,-90,0.001869,51,2023-07-17 18:53:39.002008,728,1.037,0.0011,"aoml_navis",1030.59805469821
"7901009",5,0,1,0.024297,1,0.001869,1,119.997957147692,1,4.85149485876108,730,1,7.51900005340576,34.9370002746582,0.0242970008403063,0,115.716300964355,-89.5491,26.6873,10.0335768831146,63,63,63,63,61,63,0,7815,1.09466377780674,27,-90,0.001869,51,2023-07-17 18:53:39.002008,730,1.037,0.0011,"aoml_navis",1030.61018213196
"7901009",5,0,1,0.028035,1,0.005607,1,120.239683080079,1,4.85143724678254,732,1,7.49399995803833,34.9360008239746,0.0280349999666214,0,115.949401855469,-89.5491,26.6873,10.0335768831146,63,63,63,63,61,63,0,7815,1.09466377780674,27,-90,0.001869,51,2023-07-17 18:53:39.002008,732,1.037,0.0011,"aoml_navis",1030.62242087455
"7901009",5,0,1,0.028035,1,0.005607,1,120.463053886515,1,4.85138560957542,734,1,7.47200012207031,34.9339981079102,0.0280349999666214,0,116.16480255127,-89.5491,26.6873,10.0335768831146,63,63,63,63,61,63,0,7815,1.09466377780674,27,-90,0.001869,51,2023-07-17 18:53:39.002008,734,1.037,0.0011,"aoml_navis",1030.63339061963
"7901009",5,0,1,0.026166,1,0.003738,1,120.730287114618,1,4.85133330853332,736,1,7.4539999961853,34.9329986572266,0.0261659994721413,0,116.422500610352,-89.5491,26.6873,10.0335768831146,63,63,63,63,61,63,0,7815,1.09466377780674,27,-90,0.001869,51,2023-07-17 18:53:39.002008,736,1.037,0.0011,"aoml_navis",1030.64450162704
"7901009",5,0,1,0.029904,1,0.007476,1,121.080790903332,1,4.85127342594443,738,1,7.4210000038147,34.9309997558594,0.0299040004611015,0,116.760498046875,-89.5491,26.6873,10.0335768831146,63,63,63,63,61,63,0,7815,1.09466377780674,27,-90,0.001869,51,2023-07-17 18:53:39.002008,738,1.037,0.0011,"aoml_navis",1030.65722357767
"7901009",5,0,1,0.033642,1,0.011214,1,121.451730593049,1,4.85120841080779,740,1,7.38600015640259,34.9300003051758,0.0336420014500618,0,117.118202209473,-89.5491,26.6873,10.0335768831146,63,63,63,63,61,63,0,7815,1.09466377780674,27,-90,0.001869,51,2023-07-17 18:53:39.002008,740,1.037,0.0011,"aoml_navis",1030.67103628463
"7901009",5,0,1,0.031773,1,0.009345,1,121.68131998957,1,4.85115610197033,742,1,7.36299991607666,34.9280014038086,0.0317730009555817,0,117.339599609375,-89.5491,26.6873,10.0335768831146,63,63,63,63,61,63,0,7815,1.09466377780674,27,-90,0.001869,51,2023-07-17 18:53:39.002008,742,1.037,0.0011,"aoml_navis",1030.68214975997
"7901009",5,0,1,0.029904,1,0.007476,1,122.001854288156,1,4.85110538411724,744,1,7.34700012207031,34.9269981384277,0.0299040004611015,0,117.648696899414,-89.5491,26.6873,10.0335768831146,63,63,63,63,61,63,0,7815,1.09466377780674,27,-90,0.001869,51,2023-07-17 18:53:39.002008,744,1.037,0.0011,"aoml_navis",1030.69292544546
"7901009",5,0,1,0.031773,1,0.009345,1,122.717909904186,1,4.85105092526403,746,1,7.32600021362305,34.9259986877441,0.0317730009555817,0,118.339202880859,-89.5491,26.6873,10.0335768831146,63,63,63,63,61,63,0,7815,1.09466377780674,27,-90,0.001869,51,2023-07-17 18:53:39.002008,746,1.037,0.0011,"aoml_navis",1030.70449620725
"7901009",5,0,1,0.029904,1,0.007476,1,123.36012569673,1,4.85098659657876,748,1,7.27199983596802,34.9210014343262,0.0299040004611015,0,118.958503723145,-89.5491,26.6873,10.0335768831146,63,63,63,63,61,63,0,7815,1.09466377780674,27,-90,0.001869,51,2023-07-17 18:53:39.002008,748,1.037,0.0011,"aoml_navis",1030.71816432689
"7901009",5,0,1,0.029904,1,0.007476,1,123.757498350153,1,4.85094035465165,750,1,7.25699996948242,34.9189987182617,0.0299040004611015,0,119.341697692871,-89.5491,26.6873,10.0335768831146,63,63,63,63,61,63,0,7815,1.09466377780674,27,-90,0.001869,51,2023-07-17 18:53:39.002008,750,1.037,0.0011,"aoml_navis",1030.72798971965
"7901009",5,0,1,0.026166,1,0.003738,1,124.171991905539,1,4.85088816070558,752,1,7.23400020599365,34.9169998168945,0.0261659994721413,0,119.741401672363,-89.5491,26.6873,10.0335768831146,63,63,63,63,61,63,0,7815,1.09466377780674,27,-90,0.001869,51,2023-07-17 18:53:39.002008,752,1.037,0.0011,"aoml_navis",1030.7390800106
"7901009",5,0,1,0.031773,1,0.009345,1,124.444407292045,1,4.85083005138951,754,1,7.20300006866455,34.9150009155273,0.0317730009555817,0,120.004096984863,-89.5491,26.6873,10.0335768831146,63,63,63,63,61,63,0,7815,1.09466377780674,27,-90,0.001869,51,2023-07-17 18:53:39.002008,754,1.037,0.0011,"aoml_navis",1030.75142749389
"7901009",5,0,1,0.028035,1,0.005607,1,124.666124554808,1,4.85076906634338,756,1,7.17799997329712,34.9150009155273,0.0280349999666214,0,120.217903137207,-89.5491,26.6873,10.0335768831146,63,63,63,63,61,63,0,7815,1.09466377780674,27,-90,0.001869,51,2023-07-17 18:53:39.002008,756,1.037,0.0011,"aoml_navis",1030.76438635103
"7901009",5,0,1,0.028035,1,0.005607,1,124.853093665342,1,4.85070512933309,758,1,7.14400005340576,34.9140014648438,0.0280349999666214,0,120.39820098877,-89.5491,26.6873,10.0335768831146,63,63,63,63,61,63,0,7815,1.09466377780674,27,-90,0.001869,51,2023-07-17 18:53:39.002008,758,1.037,0.0011,"aoml_navis",1030.77797282793
"7901009",5,0,1,0.035511,1,0.013083,1,124.879225984744,1,4.85066267069194,760,1,7.14400005340576,34.9140014648438,0.0355109982192516,0,120.423400878906,-89.5491,26.6873,10.0335768831146,63,63,63,63,61,63,0,7815,1.09466377780674,27,-90,0.001869,51,2023-07-17 18:53:39.002008,760,1.037,0.0011,"aoml_navis",1030.78699539557
"7901009",5,0,1,0.029904,1,0.007476,1,124.86698659688,1,4.8506224284123,762,1,7.14200019836426,34.9129981994629,0.0299040004611015,0,120.411598205566,-89.5491,26.6873,10.0335768831146,63,63,63,63,61,63,0,7815,1.09466377780674,27,-90,0.001869,51,2023-07-17 18:53:39.002008,762,1.037,0.0011,"aoml_navis",1030.79554712664
"7901009",5,0,1,0.028035,1,0.005607,1,124.903799700778,1,4.85057110201582,764,1,7.13000011444092,34.9129981994629,0.0280349999666214,0,120.44709777832,-89.5491,26.6873,10.0335768831146,63,63,63,63,61,63,0,7815,1.09466377780674,27,-90,0.001869,51,2023-07-17 18:53:39.002008,764,1.037,0.0011,"aoml_navis",1030.80645450637
"7901009",5,0,1,0.029904,1,0.007476,1,125.042554958926,1,4.85051461085468,766,1,7.11600017547607,34.9140014648438,0.0299040004611015,0,120.580902099609,-89.5491,26.6873,10.0335768831146,63,63,63,63,61,63,0,7815,1.09466377780674,27,-90,0.001869,51,2023-07-17 18:53:39.002008,766,1.037,0.0011,"aoml_navis",1030.81845971782
"7901009",5,0,1,0.033642,1,0.011214,1,125.113791835671,1,4.85046403584353,768,1,7.09999990463257,34.9129981994629,0.0336420014500618,0,120.649597167969,-89.5491,26.6873,10.0335768831146,63,63,63,63,61,63,0,7815,1.09466377780674,27,-90,0.001869,51,2023-07-17 18:53:39.002008,768,1.037,0.0011,"aoml_navis",1030.8292078967
"7901009",5,0,1,0.029904,1,0.007476,1,125.110271132634,1,4.85041346506367,770,1,7.08900022506714,34.9129981994629,0.0299040004611015,0,120.646202087402,-89.5491,26.6873,10.0335768831146,63,63,63,63,61,63,0,7815,1.09466377780674,27,-90,0.001869,51,2023-07-17 18:53:39.002008,770,1.037,0.0011,"aoml_navis",1030.83995540045
"7901009",5,0,1,0.031773,1,0.009345,1,125.207434624783,1,4.85036289828503,772,1,7.07800006866455,34.9129981994629,0.0317730009555817,0,120.739898681641,-89.5491,26.6873,10.0335768831146,63,63,63,63,61,63,0,7815,1.09466377780674,27,-90,0.001869,51,2023-07-17 18:53:39.002008,772,1.037,0.0011,"aoml_navis",1030.85070227794
"7901009",5,0,1,0.031773,1,0.009345,1,125.399071633727,1,4.8503093888217,774,1,7.06300020217896,34.9129981994629,0.0317730009555817,0,120.924697875977,-89.5491,26.6873,10.0335768831146,63,63,63,63,61,63,0,7815,1.09466377780674,27,-90,0.001869,51,2023-07-17 18:53:39.002008,774,1.037,0.0011,"aoml_navis",1030.86207480358
"7901009",5,0,1,0.029904,1,0.007476,1,125.61373166703,1,4.85025294289001,776,1,7.04400014877319,34.9129981994629,0.0299040004611015,0,121.131698608398,-89.5491,26.6873,10.0335768831146,63,63,63,63,61,63,0,7815,1.09466377780674,27,-90,0.001869,51,2023-07-17 18:53:39.002008,776,1.037,0.0011,"aoml_navis",1030.87407169754
"7901009",5,0,1,0.026166,1,0.003738,1,125.70986663919,1,4.85020533660049,778,1,7.03200006484985,34.9119987487793,0.0261659994721413,0,121.224403381348,-89.5491,26.6873,10.0335768831146,63,63,63,63,61,63,0,7815,1.09466377780674,27,-90,0.001869,51,2023-07-17 18:53:39.002008,778,1.037,0.0011,"aoml_navis",1030.8841900505
"7901009",5,0,1,0.028035,1,0.005607,1,125.895379998356,1,4.85016288262003,780,1,7.02699995040894,34.9109992980957,0.0280349999666214,0,121.403297424316,-89.5491,26.6873,10.0335768831146,63,63,63,63,61,63,0,7815,1.09466377780674,27,-90,0.001869,51,2023-07-17 18:53:39.002008,780,1.037,0.0011,"aoml_navis",1030.8932134871
"7901009",5,0,1,0.029904,1,0.007476,1,126.118339396797,1,4.8501035221196,782,1,7.00400018692017,34.9109992980957,0.0299040004611015,0,121.618301391602,-89.5491,26.6873,10.0335768831146,63,63,63,63,61,63,0,7815,1.09466377780674,27,-90,0.001869,51,2023-07-17 18:53:39.002008,782,1.037,0.0011,"aoml_navis",1030.90583060687
"7901009",5,0,1,0.035511,1,0.013083,1,126.33527799746,1,4.85004198063824,784,1,6.97800016403198,34.9109992980957,0.0355109982192516,0,121.827499389648,-89.5491,26.6873,10.0335768831146,63,63,63,63,61,63,0,7815,1.09466377780674,27,-90,0.001869,51,2023-07-17 18:53:39.002008,784,1.037,0.0011,"aoml_navis",1030.91891162188
"7901009",5,0,1,0.029904,1,0.007476,1,126.558648803896,1,4.84998925724233,786,1,6.96400022506714,34.9109992980957,0.0299040004611015,0,122.042900085449,-89.5491,26.6873,10.0335768831146,63,63,63,63,61,63,0,7815,1.09466377780674,27,-90,0.001869,51,2023-07-17 18:53:39.002008,786,1.037,0.0011,"aoml_navis",1030.93011856339
"7901009",5,0,1,0.029904,1,0.007476,1,126.769265962475,1,4.84993655787721,788,1,6.94500017166138,34.9099998474121,0.0299040004611015,0,122.246002197266,-89.5491,26.6873,10.0335768831146,63,63,63,63,61,63,0,7815,1.09466377780674,27,-90,0.001869,51,2023-07-17 18:53:39.002008,788,1.037,0.0011,"aoml_navis",1030.94132064038
"7901009",5,0,1,0.024297,1,0.001869,1,126.92066410479,1,4.8498787296205,790,1,6.92399978637695,34.9099998474121,0.0242970008403063,0,122.391998291016,-89.5491,26.6873,10.0335768831146,63,63,63,63,61,63,0,7815,1.09466377780674,27,-90,0.001869,51,2023-07-17 18:53:39.002008,790,1.037,0.0011,"aoml_navis",1030.9536132239
"7901009",5,0,1,0.029904,1,0.007476,1,127.149636389318,1,4.84982968797122,792,1,6.91499996185303,34.9099998474121,0.0299040004611015,0,122.612800598145,-89.5491,26.6873,10.0335768831146,63,63,63,63,61,63,0,7815,1.09466377780674,27,-90,0.001869,51,2023-07-17 18:53:39.002008,792,1.037,0.0011,"aoml_navis",1030.96403826329
"7901009",5,0,1,0.028035,1,0.005607,1,127.4387533581,1,4.84977848284432,794,1,6.89799976348877,34.9090003967285,0.0280349999666214,0,122.8916015625,-89.5491,26.6873,10.0335768831146,63,63,63,63,61,63,0,7815,1.09466377780674,27,-90,0.001869,51,2023-07-17 18:53:39.002008,794,1.037,0.0011,"aoml_navis",1030.9749234294
"7901009",5,0,1,0.031773,1,0.009345,1,127.712315939978,1,4.84972798921891,796,1,6.88700008392334,34.9090003967285,0.0317730009555817,0,123.155403137207,-89.5491,26.6873,10.0335768831146,63,63,63,63,61,63,0,7815,1.09466377780674,27,-90,0.001869,51,2023-07-17 18:53:39.002008,796,1.037,0.0011,"aoml_navis",1030.9856575699
"7901009",5,0,1,0.029904,1,0.007476,1,128.285154103448,1,4.84967461292316,798,1,6.86700010299683,34.9080009460449,0.0299040004611015,0,123.707801818848,-89.5491,26.6873,10.0335768831146,63,63,63,63,61,63,0,7815,1.09466377780674,27,-90,0.001869,51,2023-07-17 18:53:39.002008,798,1.037,0.0011,"aoml_navis",1030.99700476322
"7901009",5,0,1,0.031773,1,0.009345,1,128.737908602408,1,4.84961251278139,800,1,6.83500003814697,34.9070014953613,0.0317730009555817,0,124.144401550293,-89.5491,26.6873,10.0335768831146,63,63,63,63,61,63,0,7815,1.09466377780674,27,-90,0.001869,51,2023-07-17 18:53:39.002008,800,1.037,0.0011,"aoml_navis",1031.01020686132
"7901009",5,0,1,0.028035,1,0.005607,1,129.060935084043,1,4.84955269443449,802,1,6.80100011825562,34.9049987792969,0.0280349999666214,0,124.455902099609,-89.5491,26.6873,10.0335768831146,63,63,63,63,61,63,0,7815,1.09466377780674,27,-90,0.001869,51,2023-07-17 18:53:39.002008,802,1.037,0.0011,"aoml_navis",1031.02292418395
"7901009",5,0,1,0.029904,1,0.007476,1,129.260349286439,1,4.84949788081044,804,1,6.78399991989136,34.9049987792969,0.0299040004611015,0,124.64820098877,-89.5491,26.6873,10.0335768831146,63,63,63,63,61,63,0,7815,1.09466377780674,27,-90,0.001869,51,2023-07-17 18:53:39.002008,804,1.037,0.0011,"aoml_navis",1031.03457778281
"7901009",5,0,1,0.031773,1,0.009345,1,129.516696026047,1,4.84944742917544,806,1,6.77299976348877,34.9049987792969,0.0317730009555817,0,124.895401000977,-89.5491,26.6873,10.0335768831146,63,63,63,63,61,63,0,7815,1.09466377780674,27,-90,0.001869,51,2023-07-17 18:53:39.002008,806,1.037,0.0011,"aoml_navis",1031.04530423792
"7901009",5,0,1,0.026166,1,0.003738,1,129.760494821795,1,4.84939335740616,808,1,6.75699996948242,34.9049987792969,0.0261659994721413,0,125.130500793457,-89.5491,26.6873,10.0335768831146,63,63,63,63,61,63,0,7815,1.09466377780674,27,-90,0.001869,51,2023-07-17 18:53:39.002008,808,1.037,0.0011,"aoml_navis",1031.05680061277
"7901009",5,0,1,0.024297,1,0.001869,1,130.069936927889,1,4.84933277845816,810,1,6.73199987411499,34.9049987792969,0.0242970008403063,0,125.428901672363,-89.5491,26.6873,10.0335768831146,63,63,63,63,61,63,0,7815,1.09466377780674,27,-90,0.001869,51,2023-07-17 18:53:39.002008,810,1.037,0.0011,"aoml_navis",1031.06968080457
"7901009",5,0,1,0.029904,1,0.007476,1,130.347020212805,1,4.84927728404992,812,1,6.71400022506714,34.9049987792969,0.0299040004611015,0,125.696098327637,-89.5491,26.6873,10.0335768831146,63,63,63,63,61,63,0,7815,1.09466377780674,27,-90,0.001869,51,2023-07-17 18:53:39.002008,812,1.037,0.0011,"aoml_navis",1031.0814802127
"7901009",5,0,1,0.033642,1,0.011214,1,130.632402862859,1,4.84922613621856,814,1,6.7020001411438,34.9049987792969,0.0336420014500618,0,125.971298217773,-89.5491,26.6873,10.0335768831146,63,63,63,63,61,63,0,7815,1.09466377780674,27,-90,0.001869,51,2023-07-17 18:53:39.002008,814,1.037,0.0011,"aoml_navis",1031.09235567616
"7901009",5,0,1,0.033642,1,0.011214,1,131.037663473425,1,4.84917506228674,816,1,6.68499994277954,34.9039993286133,0.0336420014500618,0,126.362098693848,-89.5491,26.6873,10.0335768831146,63,63,63,63,61,63,0,7815,1.09466377780674,27,-90,0.001869,51,2023-07-17 18:53:39.002008,816,1.037,0.0011,"aoml_navis",1031.10321565543
"7901009",5,0,1,0.028035,1,0.005607,1,131.613824547627,1,4.84912327745487,818,1,6.66699981689453,34.9029998779297,0.0280349999666214,0,126.917701721191,-89.5491,26.6873,10.0335768831146,63,63,63,63,61,63,0,7815,1.09466377780674,27,-90,0.001869,51,2023-07-17 18:53:39.002008,818,1.037,0.0011,"aoml_navis",1031.11422702875
"7901009",5,0,1,0.029904,1,0.007476,1,132.171939051877,1,4.84906286080555,820,1,6.63700008392334,34.9020004272461,0.0299040004611015,0,127.455902099609,-89.5491,26.6873,10.0335768831146,63,63,63,63,61,63,0,7815,1.09466377780674,27,-90,0.001869,51,2023-07-17 18:53:39.002008,820,1.037,0.0011,"aoml_navis",1031.12707414343
"7901009",5,0,1,0.029904,1,0.007476,1,132.674885326278,1,4.84900176095965,822,1,6.60599994659424,34.9010009765625,0.0299040004611015,0,127.940902709961,-89.5491,26.6873,10.0335768831146,63,63,63,63,61,63,0,7815,1.09466377780674,27,-90,0.001869,51,2023-07-17 18:53:39.002008,822,1.037,0.0011,"aoml_navis",1031.14006685996
"7901009",5,0,1,0.029904,1,0.007476,1,132.912979791936,1,4.84894419532636,824,1,6.58500003814697,34.9010009765625,0.0299040004611015,0,128.170501708984,-89.5491,26.6873,10.0335768831146,63,63,63,63,61,63,0,7815,1.09466377780674,27,-90,0.001869,51,2023-07-17 18:53:39.002008,824,1.037,0.0011,"aoml_navis",1031.15230833534
"7901009",5,0,1,0.033642,1,0.011214,1,133.152735712959,1,4.84889166609596,826,1,6.57100009918213,34.9010009765625,0.0336420014500618,0,128.401702880859,-89.5491,26.6873,10.0335768831146,63,63,63,63,61,63,0,7815,1.09466377780674,27,-90,0.001869,51,2023-07-17 18:53:39.002008,826,1.037,0.0011,"aoml_navis",1031.16347906071
"7901009",5,0,1,0.031773,1,0.009345,1,133.245334158698,1,4.84883770992749,828,1,6.55499982833862,34.9010009765625,0.0317730009555817,0,128.490997314453,-89.5491,26.6873,10.0335768831146,63,63,63,63,61,63,0,7815,1.09466377780674,27,-90,0.001869,51,2023-07-17 18:53:39.002008,828,1.037,0.0011,"aoml_navis",1031.1749534869
"7901009",5,0,1,0.024297,1,0.001869,1,133.154080700637,1,4.848788777323,830,1,6.5460000038147,34.9010009765625,0.0242970008403063,0,128.40299987793,-89.5491,26.6873,10.0335768831146,63,63,63,63,61,63,0,7815,1.09466377780674,27,-90,0.001869,51,2023-07-17 18:53:39.002008,830,1.037,0.0011,"aoml_navis",1031.18535981278
"7901009",5,0,1,0.024297,1,0.001869,1,132.944294269741,1,4.84874046603363,832,1,6.54300022125244,34.9020004272461,0.0242970008403063,0,128.200698852539,-89.5491,26.6873,10.0335768831146,63,63,63,63,61,63,0,7815,1.09466377780674,27,-90,0.001869,51,2023-07-17 18:53:39.002008,832,1.037,0.0011,"aoml_navis",1031.19563421181
"7901009",5,0,1,0.028035,1,0.005607,1,132.922932700748,1,4.84868706964583,834.099975585938,1,6.54099988937378,34.9039993286133,0.0280349999666214,0,128.180099487305,-89.5491,26.6873,10.0335768831146,63,63,63,63,61,63,0,7815,1.09466377780674,27,-90,0.001869,51,2023-07-17 18:53:39.002008,834.099975585938,1.037,0.0011,"aoml_navis",1031.20699030082
"7901009",5,0,1,0.033642,1,0.011214,1,133.09175238933,1,4.84864384924111,836,1,6.53700017929077,34.9039993286133,0.0336420014500618,0,128.342895507812,-89.5491,26.6873,10.0335768831146,63,63,63,63,61,63,0,7815,1.09466377780674,27,-90,0.001869,51,2023-07-17 18:53:39.002008,836,1.037,0.0011,"aoml_navis",1031.21618239347
"7901009",5,0,1,0.033642,1,0.011214,1,133.27250290978,1,4.84859277548549,838,1,6.52500009536743,34.9039993286133,0.0336420014500618,0,128.517196655273,-89.5491,26.6873,10.0335768831146,63,63,63,63,61,63,0,7815,1.09466377780674,27,-90,0.001869,51,2023-07-17 18:53:39.002008,838,1.037,0.0011,"aoml_navis",1031.22704494385
"7901009",5,0,1,0.028035,1,0.005607,1,133.427429666825,1,4.84854242260378,840,1,6.51399993896484,34.9039993286133,0.0280349999666214,0,128.666595458984,-89.5491,26.6873,10.0335768831146,63,63,63,63,61,63,0,7815,1.09466377780674,27,-90,0.001869,51,2023-07-17 18:53:39.002008,840,1.037,0.0011,"aoml_navis",1031.23775440019
"7901009",5,0,1,0.029904,1,0.007476,1,133.560377742883,1,4.84849861648034,842,1,6.50699996948242,34.9029998779297,0.0299040004611015,0,128.794799804688,-89.5491,26.6873,10.0335768831146,63,63,63,63,61,63,0,7815,1.09466377780674,27,-90,0.001869,51,2023-07-17 18:53:39.002008,842,1.037,0.0011,"aoml_navis",1031.24707162021
"7901009",5,0,1,0.028035,1,0.005607,1,133.727757503482,1,4.84845256393002,844,1,6.5019998550415,34.9029998779297,0.0280349999666214,0,128.956207275391,-89.5491,26.6873,10.0335768831146,63,63,63,63,61,63,0,7815,1.09466377780674,27,-90,0.001869,51,2023-07-17 18:53:39.002008,844,1.037,0.0011,"aoml_navis",1031.2568668192
"7901009",5,0,1,0.033642,1,0.011214,1,133.990109217485,1,4.84840293606304,846,1,6.49200010299683,34.9029998779297,0.0336420014500618,0,129.209197998047,-89.5491,26.6873,10.0335768831146,63,63,63,63,61,63,0,7815,1.09466377780674,27,-90,0.001869,51,2023-07-17 18:53:39.002008,846,1.037,0.0011,"aoml_navis",1031.2674226825
"7901009",5,0,1,0.028035,1,0.005607,1,134.364981018235,1,4.8483504518611,848,1,6.47800016403198,34.9029998779297,0.0280349999666214,0,129.570693969727,-89.5491,26.6873,10.0335768831146,63,63,63,63,61,63,0,7815,1.09466377780674,27,-90,0.001869,51,2023-07-17 18:53:39.002008,848,1.037,0.0011,"aoml_navis",1031.27858632428
"7901009",5,0,1,0.026166,1,0.003738,1,134.94218643581,1,4.84829368918295,850,1,6.45800018310547,34.9029998779297,0.0261659994721413,0,130.127304077148,-89.5491,26.6873,10.0335768831146,63,63,63,63,61,63,0,7815,1.09466377780674,27,-90,0.001869,51,2023-07-17 18:53:39.002008,850,1.037,0.0011,"aoml_navis",1031.29066029055
"7901009",5,0,1,0.031773,1,0.009345,1,135.360509250231,1,4.84822767272698,852,1,6.42500019073486,34.9029998779297,0.0317730009555817,0,130.530700683594,-89.5491,26.6873,10.0335768831146,63,63,63,63,61,63,0,7815,1.09466377780674,27,-90,0.001869,51,2023-07-17 18:53:39.002008,852,1.037,0.0011,"aoml_navis",1031.30470297977
"7901009",5,0,1,0.029904,1,0.007476,1,135.561276351996,1,4.84817961363501,854,1,6.41200017929077,34.9020004272461,0.0299040004611015,0,130.724304199219,-89.5491,26.6873,10.0335768831146,63,63,63,63,61,63,0,7815,1.09466377780674,27,-90,0.001869,51,2023-07-17 18:53:39.002008,854,1.037,0.0011,"aoml_navis",1031.31492610918
"7901009",5,0,1,0.031773,1,0.009345,1,135.831413171143,1,4.84813001573767,856,1,6.40199995040894,34.9020004272461,0.0317730009555817,0,130.984802246094,-89.5491,26.6873,10.0335768831146,63,63,63,63,61,63,0,7815,1.09466377780674,27,-90,0.001869,51,2023-07-17 18:53:39.002008,856,1.037,0.0011,"aoml_navis",1031.32547678576
"7901009",5,0,1,0.028035,1,0.005607,1,136.070124748794,1,4.84807899855228,858,1,6.3899998664856,34.9020004272461,0.0280349999666214,0,131.214996337891,-89.5491,26.6873,10.0335768831146,63,63,63,63,61,63,0,7815,1.09466377780674,27,-90,0.001869,51,2023-07-17 18:53:39.002008,858,1.037,0.0011,"aoml_navis",1031.33632960459
"7901009",5,0,1,0.029904,1,0.007476,1,136.32461224073,1,4.84802940888935,860,1,6.38000011444092,34.9020004272461,0.0299040004611015,0,131.460403442383,-89.5491,26.6873,10.0335768831146,63,63,63,63,61,63,0,7815,1.09466377780674,27,-90,0.001869,51,2023-07-17 18:53:39.002008,860,1.037,0.0011,"aoml_navis",1031.34687896736
"7901009",5,0,1,0.028035,1,0.005607,1,136.630320028097,1,4.84797840100334,862,1,6.36800003051758,34.9020004272461,0.0280349999666214,0,131.75520324707,-89.5491,26.6873,10.0335768831146,63,63,63,63,61,63,0,7815,1.09466377780674,27,-90,0.001869,51,2023-07-17 18:53:39.002008,862,1.037,0.0011,"aoml_navis",1031.35773025829
"7901009",5,0,1,0.026166,1,0.003738,1,136.978845893756,1,4.84792171689878,864,1,6.34800004959106,34.9020004272461,0.0261659994721413,0,132.091293334961,-89.5491,26.6873,10.0335768831146,63,63,63,63,61,63,0,7815,1.09466377780674,27,-90,0.001869,51,2023-07-17 18:53:39.002008,864,1.037,0.0011,"aoml_navis",1031.36978936172
"7901009",5,0,1,0.028035,1,0.005607,1,137.211971816699,1,4.84786433831922,866,1,6.3270001411438,34.9020004272461,0.0280349999666214,0,132.316101074219,-89.5491,26.6873,10.0335768831146,63,63,63,63,61,63,0,7815,1.09466377780674,27,-90,0.001869,51,2023-07-17 18:53:39.002008,866,1.037,0.0011,"aoml_navis",1031.38199649653
"7901009",5,0,1,0.026166,1,0.003738,1,137.357879244614,1,4.84781618747727,868,1,6.31899976730347,34.9020004272461,0.0261659994721413,0,132.456802368164,-89.5491,26.6873,10.0335768831146,63,63,63,63,61,63,0,7815,1.09466377780674,27,-90,0.001869,51,2023-07-17 18:53:39.002008,868,1.037,0.0011,"aoml_navis",1031.39224067857
"7901009",5,0,1,0.029904,1,0.007476,1,137.418546100554,1,4.84777016616084,870,1,6.31400012969971,34.9020004272461,0.0299040004611015,0,132.51530456543,-89.5491,26.6873,10.0335768831146,63,63,63,63,61,63,0,7815,1.09466377780674,27,-90,0.001869,51,2023-07-17 18:53:39.002008,870,1.037,0.0011,"aoml_navis",1031.40203199025
"7901009",5,0,1,0.028035,1,0.005607,1,137.504198080523,1,4.8477248551419,872,1,6.30999994277954,34.9020004272461,0.0280349999666214,0,132.597900390625,-89.5491,26.6873,10.0335768831146,63,63,63,63,61,63,0,7815,1.09466377780674,27,-90,0.001869,51,2023-07-17 18:53:39.002008,872,1.037,0.0011,"aoml_navis",1031.4116723635
"7901009",5,0,1,0.031773,1,0.009345,1,137.603236643729,1,4.84768025507879,874,1,6.30700016021729,34.9020004272461,0.0317730009555817,0,132.693405151367,-89.5491,26.6873,10.0335768831146,63,63,63,63,61,63,0,7815,1.09466377780674,27,-90,0.001869,51,2023-07-17 18:53:39.002008,874,1.037,0.0011,"aoml_navis",1031.42116164977
"7901009",5,0,1,0.033642,1,0.011214,1,137.711389476371,1,4.84763707473426,876,1,6.30600023269653,34.9020004272461,0.0336420014500618,0,132.797698974609,-89.5491,26.6873,10.0335768831146,63,63,63,63,61,63,0,7815,1.09466377780674,27,-90,0.001869,51,2023-07-17 18:53:39.002008,876,1.037,0.0011,"aoml_navis",1031.43034903744
"7901009",5,0,1,0.028035,1,0.005607,1,138.090201299847,1,4.84759247807537,878,1,6.30299997329712,34.9020004272461,0.0280349999666214,0,133.162994384766,-89.5491,26.6873,10.0335768831146,63,63,63,63,61,63,0,7815,1.09466377780674,27,-90,0.001869,51,2023-07-17 18:53:39.002008,878,1.037,0.0011,"aoml_navis",1031.43983794305
"7901009",5,0,1,0.033642,1,0.011214,1,138.681188885268,1,4.84754730905839,880,1,6.29400014877319,34.9010009765625,0.0336420014500618,0,133.732894897461,-89.5491,26.6873,10.0335768831146,63,63,63,63,61,63,0,7815,1.09466377780674,27,-90,0.001869,51,2023-07-17 18:53:39.002008,880,1.037,0.0011,"aoml_navis",1031.44944880821
"7901009",5,0,1,0.026166,1,0.003738,1,139.668109196129,1,4.84749279637734,882,1,6.27699995040894,34.9010009765625,0.0261659994721413,0,134.684600830078,-89.5491,26.6873,10.0335768831146,63,63,63,63,61,63,0,7815,1.09466377780674,27,-90,0.001869,51,2023-07-17 18:53:39.002008,882,1.037,0.0011,"aoml_navis",1031.46104801572
"7901009",5,0,1,0.026166,1,0.003738,1,140.810984784023,1,4.84741935835086,884,1,6.22800016403198,34.9000015258789,0.0261659994721413,0,135.786697387695,-89.5491,26.6873,10.0335768831146,63,63,63,63,61,63,0,7815,1.09466377780674,27,-90,0.001869,51,2023-07-17 18:53:39.002008,884,1.037,0.0011,"aoml_navis",1031.47667457041
"7901009",5,0,1,0.024297,1,0.001869,1,141.396070247049,1,4.84736294029834,886,1,6.20300006866455,34.898998260498,0.0242970008403063,0,136.35090637207,-89.5491,26.6873,10.0335768831146,63,63,63,63,61,63,0,7815,1.09466377780674,27,-90,0.001869,51,2023-07-17 18:53:39.002008,886,1.037,0.0011,"aoml_navis",1031.48867984131
"7901009",5,0,1,0.029904,1,0.007476,1,141.804535092964,1,4.84731920936294,888,1,6.19600009918213,34.8979988098145,0.0299040004611015,0,136.74479675293,-89.5491,26.6873,10.0335768831146,63,63,63,63,61,63,0,7815,1.09466377780674,27,-90,0.001869,51,2023-07-17 18:53:39.002008,888,1.037,0.0011,"aoml_navis",1031.49798559627
"7901009",5,0,1,0.028035,1,0.005607,1,142.34460302726,1,4.84727039146348,890,1,6.18699979782104,34.8979988098145,0.0280349999666214,0,137.265594482422,-89.5491,26.6873,10.0335768831146,63,63,63,63,61,63,0,7815,1.09466377780674,27,-90,0.001869,51,2023-07-17 18:53:39.002008,890,1.037,0.0011,"aoml_navis",1031.50837403366
"7901009",5,0,1,0.031773,1,0.009345,1,143.118524760184,1,4.84721892103198,892,1,6.16900014877319,34.8969993591309,0.0317730009555817,0,138.011901855469,-89.5491,26.6873,10.0335768831146,63,63,63,63,61,63,0,7815,1.09466377780674,27,-90,0.001869,51,2023-07-17 18:53:39.002008,892,1.037,0.0011,"aoml_navis",1031.51932715585
"7901009",5,0,1,0.029904,1,0.007476,1,143.747251117494,1,4.84716886809903,894,1,6.15299987792969,34.8959999084473,0.0299040004611015,0,138.618194580078,-89.5491,26.6873,10.0335768831146,63,63,63,63,61,63,0,7815,1.09466377780674,27,-90,0.001869,51,2023-07-17 18:53:39.002008,894,1.037,0.0011,"aoml_navis",1031.52997885153
"7901009",5,0,1,0.029904,1,0.007476,1,144.137376660844,1,4.84710601557117,896,1,6.12400007247925,34.8959999084473,0.0299040004611015,0,138.994400024414,-89.5491,26.6873,10.0335768831146,63,63,63,63,61,63,0,7815,1.09466377780674,27,-90,0.001869,51,2023-07-17 18:53:39.002008,896,1.037,0.0011,"aoml_navis",1031.54335472293
"7901009",5,0,1,0.039249,1,0.016821,1,144.157488182466,1,4.84704950392062,898,1,6.10400009155273,34.8959999084473,0.0392489992082119,0,139.013793945312,-89.5491,26.6873,10.0335768831146,63,63,63,63,61,63,0,7815,1.09466377780674,27,-90,0.001869,51,2023-07-17 18:53:39.002008,898,1.037,0.0011,"aoml_navis",1031.55538146571
"7901009",5,0,1,0.029904,1,0.007476,1,143.769973497549,1,4.84700281614801,900,1,6.09800004959106,34.8959999084473,0.0299040004611015,0,138.640106201172,-89.5491,26.6873,10.0335768831146,63,63,63,63,61,63,0,7815,1.09466377780674,27,-90,0.001869,51,2023-07-17 18:53:39.002008,900,1.037,0.0011,"aoml_navis",1031.56531771392
"7901009",5,0,1,0.031773,1,0.009345,1,143.53529688293,1,4.84695350519424,902,1,6.10400009155273,34.898998260498,0.0317730009555817,0,138.413803100586,-89.5491,26.6873,10.0335768831146,63,63,63,63,61,63,0,7815,1.09466377780674,27,-90,0.001869,51,2023-07-17 18:53:39.002008,902,1.037,0.0011,"aoml_navis",1031.5758124442
"7901009",5,0,1,0.035511,1,0.013083,1,144.50727991888,1,4.84689821768463,904,1,6.09100008010864,34.9000015258789,0.0355109982192516,0,139.351104736328,-89.5491,26.6873,10.0335768831146,63,63,63,63,61,63,0,7815,1.09466377780674,27,-90,0.001869,51,2023-07-17 18:53:39.002008,904,1.037,0.0011,"aoml_navis",1031.58757940424
"7901009",5,0,1,0.028035,1,0.005607,1,145.199584634866,1,4.84684191984859,906,1,6.06599998474121,34.898998260498,0.0280349999666214,0,140.018707275391,-89.5491,26.6873,10.0335768831146,63,63,63,63,61,63,0,7815,1.09466377780674,27,-90,0.001869,51,2023-07-17 18:53:39.002008,906,1.037,0.0011,"aoml_navis",1031.59956167008
"7901009",5,0,1,0.031773,1,0.009345,1,145.835257457945,1,4.84679104298932,908,1,6.05399990081787,34.898998260498,0.0317730009555817,0,140.631698608398,-89.5491,26.6873,10.0335768831146,63,63,63,63,61,63,0,7815,1.09466377780674,27,-90,0.001869,51,2023-07-17 18:53:39.002008,908,1.037,0.0011,"aoml_navis",1031.61039039063
"7901009",5,0,1,0.029904,1,0.007476,1,146.355008166621,1,4.8467197097001,910,1,6.01800012588501,34.9000015258789,0.0299040004611015,0,141.132904052734,-89.5491,26.6873,10.0335768831146,63,63,63,63,61,63,0,7815,1.09466377780674,27,-90,0.001869,51,2023-07-17 18:53:39.002008,910,1.037,0.0011,"aoml_navis",1031.62557347666
"7901009",5,0,1,0.028035,1,0.005607,1,146.53575868707,1,4.84667812946225,912,1,6.01399993896484,34.898998260498,0.0280349999666214,0,141.307205200195,-89.5491,26.6873,10.0335768831146,63,63,63,63,61,63,0,7815,1.09466377780674,27,-90,0.001869,51,2023-07-17 18:53:39.002008,912,1.037,0.0011,"aoml_navis",1031.63442391723
"7901009",5,0,1,0.028035,1,0.005607,1,146.662994521346,1,4.84663304751133,914,1,6.00500011444092,34.8979988098145,0.0280349999666214,0,141.429901123047,-89.5491,26.6873,10.0335768831146,63,63,63,63,61,63,0,7815,1.09466377780674,27,-90,0.001869,51,2023-07-17 18:53:39.002008,914,1.037,0.0011,"aoml_navis",1031.64401987632
"7901009",5,0,1,0.028035,1,0.005607,1,146.53098002497,1,4.84656854723571,916,1,5.98400020599365,34.9000015258789,0.0280349999666214,0,141.302597045898,-89.5491,26.6873,10.0335768831146,63,63,63,63,61,63,0,7815,1.09466377780674,27,-90,0.001869,51,2023-07-17 18:53:39.002008,916,1.037,0.0011,"aoml_navis",1031.65774945075
"7901009",5,0,1,0.029904,1,0.007476,1,146.531502196656,1,4.84651611389075,918,1,5.97499990463257,34.9010009765625,0.0299040004611015,0,141.303100585938,-89.5491,26.6873,10.0335768831146,63,63,63,63,61,63,0,7815,1.09466377780674,27,-90,0.001869,51,2023-07-17 18:53:39.002008,918,1.037,0.0011,"aoml_navis",1031.66891071905
"7901009",5,0,1,0.028035,1,0.005607,1,146.568212448555,1,4.84646438046339,920,1,5.96700000762939,34.9020004272461,0.0280349999666214,0,141.338500976562,-89.5491,26.6873,10.0335768831146,63,63,63,63,61,63,0,7815,1.09466377780674,27,-90,0.001869,51,2023-07-17 18:53:39.002008,920,1.037,0.0011,"aoml_navis",1031.67992323549
"7901009",5,0,1,0.029904,1,0.007476,1,146.625556393763,1,4.84642193543581,921.900024414062,1,5.96400022506714,34.9020004272461,0.0299040004611015,0,141.393798828125,-89.5491,26.6873,10.0335768831146,63,63,63,63,61,63,0,7815,1.09466377780674,27,-90,0.001869,51,2023-07-17 18:53:39.002008,921.900024414062,1.037,0.0011,"aoml_navis",1031.68895870194
"7901009",5,0,1,0.028035,1,0.005607,1,146.75643160646,1,4.84636738639409,924,1,5.95499992370605,34.9029998779297,0.0280349999666214,0,141.520004272461,-89.5491,26.6873,10.0335768831146,63,63,63,63,61,63,0,7815,1.09466377780674,27,-90,0.001869,51,2023-07-17 18:53:39.002008,924,1.037,0.0011,"aoml_navis",1031.70057103744
"7901009",5,0,1,0.028035,1,0.005607,1,147.140227796034,1,4.84632073238325,926,1,5.94899988174438,34.9029998779297,0.0280349999666214,0,141.890106201172,-89.5491,26.6873,10.0335768831146,63,63,63,63,61,63,0,7815,1.09466377780674,27,-90,0.001869,51,2023-07-17 18:53:39.002008,926,1.037,0.0011,"aoml_navis",1031.7105028955
"7901009",5,0,1,0.029904,1,0.007476,1,147.552949132363,1,4.84626573081012,928,1,5.93100023269653,34.9029998779297,0.0299040004611015,0,142.288101196289,-89.5491,26.6873,10.0335768831146,63,63,63,63,61,63,0,7815,1.09466377780674,27,-90,0.001869,51,2023-07-17 18:53:39.002008,928,1.037,0.0011,"aoml_navis",1031.72221205546
"7901009",5,0,1,0.031773,1,0.009345,1,147.726753187044,1,4.84621699580106,930,1,5.92199993133545,34.9029998779297,0.0317730009555817,0,142.455703735352,-89.5491,26.6873,10.0335768831146,63,63,63,63,61,63,0,7815,1.09466377780674,27,-90,0.001869,51,2023-07-17 18:53:39.002008,930,1.037,0.0011,"aoml_navis",1031.73258736292
"7901009",5,0,1,0.028035,1,0.005607,1,147.675311364232,1,4.84616548437205,932,1,5.90899991989136,34.9029998779297,0.0280349999666214,0,142.406097412109,-89.5491,26.6873,10.0335768831146,63,63,63,63,61,63,0,7815,1.09466377780674,27,-90,0.001869,51,2023-07-17 18:53:39.002008,932,1.037,0.0011,"aoml_navis",1031.74355397562
"7901009",5,0,1,0.029904,1,0.007476,1,147.678729215271,1,4.84611029892783,934,1,5.89599990844727,34.9039993286133,0.0299040004611015,0,142.409393310547,-89.5491,26.6873,10.0335768831146,63,63,63,63,61,63,0,7815,1.09466377780674,27,-90,0.001869,51,2023-07-17 18:53:39.002008,934,1.037,0.0011,"aoml_navis",1031.75530303266
"7901009",5,0,1,0.029904,1,0.007476,1,147.711404504138,1,4.84605581325776,936,1,5.88399982452393,34.9049987792969,0.0299040004611015,0,142.440902709961,-89.5491,26.6873,10.0335768831146,63,63,63,63,61,63,0,7815,1.09466377780674,27,-90,0.001869,51,2023-07-17 18:53:39.002008,936,1.037,0.0011,"aoml_navis",1031.76690336935
"7901009",5,0,1,0.031773,1,0.009345,1,147.776739258488,1,4.84600410753599,938,1,5.87599992752075,34.9059982299805,0.0317730009555817,0,142.50390625,-89.5491,26.6873,10.0335768831146,63,63,63,63,61,63,0,7815,1.09466377780674,27,-90,0.001869,51,2023-07-17 18:53:39.002008,938,1.037,0.0011,"aoml_navis",1031.77791207905
"7901009",5,0,1,0.031773,1,0.009345,1,147.996367834505,1,4.84595677783279,940,1,5.86899995803833,34.9059982299805,0.0317730009555817,0,142.715698242188,-89.5491,26.6873,10.0335768831146,63,63,63,63,61,63,0,7815,1.09466377780674,27,-90,0.001869,51,2023-07-17 18:53:39.002008,940,1.037,0.0011,"aoml_navis",1031.78798929282
"7901009",5,0,1,0.026166,1,0.003738,1,148.052366792035,1,4.84590806358412,942,1,5.8600001335144,34.9059982299805,0.0261659994721413,0,142.76969909668,-89.5491,26.6873,10.0335768831146,63,63,63,63,61,63,0,7815,1.09466377780674,27,-90,0.001869,51,2023-07-17 18:53:39.002008,942,1.037,0.0011,"aoml_navis",1031.79836150294
"7901009",5,0,1,0.028035,1,0.005607,1,148.264843198286,1,4.84585427224341,944,1,5.84899997711182,34.9070014953613,0.0280349999666214,0,142.974594116211,-89.5491,26.6873,10.0335768831146,63,63,63,63,61,63,0,7815,1.09466377780674,27,-90,0.001869,51,2023-07-17 18:53:39.002008,944,1.037,0.0011,"aoml_navis",1031.80981496689
"7901009",5,0,1,0.029904,1,0.007476,1,148.501592676266,1,4.84580625740379,946,1,5.84100008010864,34.9070014953613,0.0299040004611015,0,143.202896118164,-89.5491,26.6873,10.0335768831146,63,63,63,63,61,63,0,7815,1.09466377780674,27,-90,0.001869,51,2023-07-17 18:53:39.002008,946,1.037,0.0011,"aoml_navis",1031.82003869028
"7901009",5,0,1,0.031773,1,0.009345,1,148.738547858244,1,4.84575478245432,948,1,5.82800006866455,34.9070014953613,0.0317730009555817,0,143.431396484375,-89.5491,26.6873,10.0335768831146,63,63,63,63,61,63,0,7815,1.09466377780674,27,-90,0.001869,51,2023-07-17 18:53:39.002008,948,1.037,0.0011,"aoml_navis",1031.83099939439
"7901009",5,0,1,0.033642,1,0.011214,1,148.972085189182,1,4.84570677380386,950,1,5.82000017166138,34.9070014953613,0.0336420014500618,0,143.656600952148,-89.5491,26.6873,10.0335768831146,63,63,63,63,61,63,0,7815,1.09466377780674,27,-90,0.001869,51,2023-07-17 18:53:39.002008,950,1.037,0.0011,"aoml_navis",1031.84122221969
"7901009",5,0,1,0.028035,1,0.005607,1,149.240354848966,1,4.8456523204579,952,1,5.80800008773804,34.9080009460449,0.0280349999666214,0,143.915298461914,-89.5491,26.6873,10.0335768831146,63,63,63,63,61,63,0,7815,1.09466377780674,27,-90,0.001869,51,2023-07-17 18:53:39.002008,952,1.037,0.0011,"aoml_navis",1031.85281760527
"7901009",5,0,1,0.031773,1,0.009345,1,149.489857974804,1,4.84560224306625,954,1,5.79699993133545,34.9080009460449,0.0317730009555817,0,144.155899047852,-89.5491,26.6873,10.0335768831146,63,63,63,63,61,63,0,7815,1.09466377780674,27,-90,0.001869,51,2023-07-17 18:53:39.002008,954,1.037,0.0011,"aoml_navis",1031.86348139794
"7901009",5,0,1,0.029904,1,0.007476,1,149.812053728756,1,4.84554365381512,956,1,5.77899980545044,34.9090003967285,0.0299040004611015,0,144.466598510742,-89.5491,26.6873,10.0335768831146,63,63,63,63,61,63,0,7815,1.09466377780674,27,-90,0.001869,51,2023-07-17 18:53:39.002008,956,1.037,0.0011,"aoml_navis",1031.87595803894
"7901009",5,0,1,0.031773,1,0.009345,1,150.204663543463,1,4.84548714669667,958,1,5.76399993896484,34.9099998474121,0.0317730009555817,0,144.845199584961,-89.5491,26.6873,10.0335768831146,63,63,63,63,61,63,0,7815,1.09466377780674,27,-90,0.001869,51,2023-07-17 18:53:39.002008,958,1.037,0.0011,"aoml_navis",1031.88799157349
"7901009",5,0,1,0.028035,1,0.005607,1,150.46236318244,1,4.84543501666504,960,1,5.75,34.9099998474121,0.0280349999666214,0,145.093704223633,-89.5491,26.6873,10.0335768831146,63,63,63,63,61,63,0,7815,1.09466377780674,27,-90,0.001869,51,2023-07-17 18:53:39.002008,960,1.037,0.0011,"aoml_navis",1031.89909322968
"7901009",5,0,1,0.031773,1,0.009345,1,150.652655203707,1,4.84539346757756,962,1,5.74599981307983,34.9090003967285,0.0317730009555817,0,145.277206420898,-89.5491,26.6873,10.0335768831146,63,63,63,63,61,63,0,7815,1.09466377780674,27,-90,0.001869,51,2023-07-17 18:53:39.002008,962,1.037,0.0011,"aoml_navis",1031.90794173001
"7901009",5,0,1,0.029904,1,0.007476,1,150.901841861856,1,4.84534824096249,964,1,5.74200010299683,34.9090003967285,0.0299040004611015,0,145.517501831055,-89.5491,26.6873,10.0335768831146,63,63,63,63,61,63,0,7815,1.09466377780674,27,-90,0.001869,51,2023-07-17 18:53:39.002008,964,1.037,0.0011,"aoml_navis",1031.9175735874
"7901009",5,0,1,0.033642,1,0.011214,1,151.352824141759,1,4.84529313106948,966,1,5.72900009155273,34.9099998474121,0.0336420014500618,0,145.952392578125,-89.5491,26.6873,10.0335768831146,63,63,63,63,61,63,0,7815,1.09466377780674,27,-90,0.001869,51,2023-07-17 18:53:39.002008,966,1.037,0.0011,"aoml_navis",1031.92931051756
"7901009",5,0,4,0.01869,1,-0.003738,1,151.978148471414,1,4.84524170645386,968,1,5.71600008010864,34.9099998474121,0.0186899993568659,0,146.555404663086,-89.5491,26.6873,10.0335768831146,63,63,63,63,61,63,0,7815,1.09466377780674,27,-90,0.001869,51,2023-07-17 18:53:39.002008,968,1.037,0.0011,"aoml_navis",1031.94026282321
"7901009",5,0,1,0.033642,1,0.011214,1,152.817594839301,1,4.84519097602543,970,1,5.7039999961853,34.9099998474121,0.0336420014500618,0,147.364898681641,-89.5491,26.6873,10.0335768831146,63,63,63,63,61,63,0,7815,1.09466377780674,27,-90,0.001869,51,2023-07-17 18:53:39.002008,970,1.037,0.0011,"aoml_navis",1031.95106751015
"7901009",5,0,1,0.031773,1,0.009345,1,153.828360990512,1,4.84514162663204,972,1,5.69399976730347,34.9099998474121,0.0317730009555817,0,148.339599609375,-89.5491,26.6873,10.0335768831146,63,63,63,63,61,63,0,7815,1.09466377780674,27,-90,0.001869,51,2023-07-17 18:53:39.002008,972,1.037,0.0011,"aoml_navis",1031.96157827807
"7901009",5,0,1,0.033642,1,0.011214,1,155.026507660252,1,4.84508128247791,974,1,5.66800022125244,34.9099998474121,0.0336420014500618,0,149.494995117188,-89.5491,26.6873,10.0335768831146,63,63,63,63,61,63,0,7815,1.09466377780674,27,-90,0.001869,51,2023-07-17 18:53:39.002008,974,1.037,0.0011,"aoml_navis",1031.97443107556
"7901009",5,0,1,0.028035,1,0.005607,1,155.872394145606,1,4.84501822047275,976,1,5.63800001144409,34.9099998474121,0.0280349999666214,0,150.310699462891,-89.5491,26.6873,10.0335768831146,63,63,63,63,61,63,0,7815,1.09466377780674,27,-90,0.001869,51,2023-07-17 18:53:39.002008,976,1.037,0.0011,"aoml_navis",1031.98786309458
"7901009",5,99999,9,99999,9,99999,9,156.130188724891,1,4.84496110151498,978,1,5.62200021743774,34.9109992980957,99999,99999,150.559295654297,-89.5491,26.6873,10.0335768831146,63,63,63,63,61,63,0,7815,1.09466377780674,27,-90,0.001869,51,2023-07-17 18:53:39.002008,978,1.037,0.0011,"aoml_navis",1032.00002956402
"7901009",5,0,1,0.031773,1,0.009345,1,159.341275599302,1,4.84441546311548,1000.20001220703,1,5.52960014343262,34.9140014648438,0.0317730009555817,0,153.655807495117,-89.5491,26.6873,10.0335768831146,63,63,63,63,61,63,0,7815,1.09466377780674,27,-90,0.001869,51,2023-07-17 18:53:39.002008,1000.20001220703,1.037,0.0011,"aoml_navis",1032.11626625939
"7901009",5,0,1,0.029904,1,0.007476,1,165.738321813635,1,4.84318403953884,1050,1,5.31099987030029,34.9210014343262,0.0299040004611015,0,159.824600219727,-89.5491,26.6873,10.0335768831146,63,63,63,63,61,63,0,7815,1.09466377780674,27,-90,0.001869,51,2023-07-17 18:53:39.002008,1050,1.037,0.0011,"aoml_navis",1032.37869120416
"7901009",5,0,1,0.033642,1,0.011214,1,171.630665357894,1,4.84198131669795,1099.19995117188,1,5.11350011825562,34.9280014038086,0.0336420014500618,0,165.506698608398,-89.5491,26.6873,10.0335768831146,63,63,63,63,61,63,0,7815,1.09466377780674,27,-90,0.001869,51,2023-07-17 18:53:39.002008,1099.19995117188,1.037,0.0011,"aoml_navis",1032.63512867287
"7901009",5,0,1,0.031773,1,0.009345,1,177.143152735304,1,4.84078067152058,1149.40002441406,1,4.94299983978271,34.9339981079102,0.0317730009555817,0,170.822494506836,-89.5491,26.6873,10.0335768831146,63,63,63,63,61,63,0,7815,1.09466377780674,27,-90,0.001869,51,2023-07-17 18:53:39.002008,1149.40002441406,1.037,0.0011,"aoml_navis",1032.89125025146
"7901009",5,0,1,0.035511,1,0.013083,1,182.602252013616,1,4.83959780468127,1199.09997558594,1,4.78130006790161,34.939998626709,0.0355109982192516,0,176.086807250977,-89.5491,26.6873,10.0335768831146,63,63,63,63,61,63,0,7815,1.09466377780674,27,-90,0.001869,51,2023-07-17 18:53:39.002008,1199.09997558594,1.037,0.0011,"aoml_navis",1033.14370362834
"7901009",5,0,1,0.026166,1,0.003738,1,187.160177901343,1,4.83843180735841,1249.5,1,4.65990018844604,34.9449996948242,0.0261659994721413,0,180.48210144043,-89.5491,26.6873,10.0335768831146,63,63,63,63,61,63,0,7815,1.09466377780674,27,-90,0.001869,51,2023-07-17 18:53:39.002008,1249.5,1.037,0.0011,"aoml_navis",1033.39267743649
"7901009",5,0,1,0.029904,1,0.007476,1,190.935273490707,1,4.83729561796654,1299.59997558594,1,4.56659984588623,34.9490013122559,0.0299040004611015,0,184.122497558594,-89.5491,26.6873,10.0335768831146,63,63,63,63,61,63,0,7815,1.09466377780674,27,-90,0.001869,51,2023-07-17 18:53:39.002008,1299.59997558594,1.037,0.0011,"aoml_navis",1033.63540186156
"7901009",5,0,1,0.024297,1,0.001869,1,193.633556122211,1,4.83618999526144,1349.69995117188,1,4.50649976730347,34.951000213623,0.0242970008403063,0,186.724502563477,-89.5491,26.6873,10.0335768831146,63,63,63,63,61,63,0,7815,1.09466377780674,27,-90,0.001869,51,2023-07-17 18:53:39.002008,1349.69995117188,1.037,0.0011,"aoml_navis",1033.87170580541
"7901009",5,0,1,0.029904,1,0.007476,1,196.37092251328,1,4.83509271544279,1399.19995117188,1,4.44369983673096,34.9539985656738,0.0299040004611015,0,189.364196777344,-89.5491,26.6873,10.0335768831146,63,63,63,63,61,63,0,7815,1.09466377780674,27,-90,0.001869,51,2023-07-17 18:53:39.002008,1399.19995117188,1.037,0.0011,"aoml_navis",1034.1063334795
"7901009",5,0,1,0.026166,1,0.003738,1,198.242718128753,1,4.83400839023867,1448.90002441406,1,4.4047999382019,34.9570007324219,0.0261659994721413,0,191.169204711914,-89.5491,26.6873,10.0335768831146,63,63,63,63,61,63,0,7815,1.09466377780674,27,-90,0.001869,51,2023-07-17 18:53:39.002008,1448.90002441406,1.037,0.0011,"aoml_navis",1034.33829574986
"7901009",5,0,1,0.028035,1,0.005607,1,199.799881568036,1,4.83291396611221,1499.90002441406,1,4.3786997795105,34.9580001831055,0.0280349999666214,0,192.670806884766,-89.5491,26.6873,10.0335768831146,63,63,63,63,61,63,0,7815,1.09466377780674,27,-90,0.001869,51,2023-07-17 18:53:39.002008,1499.90002441406,1.037,0.0011,"aoml_navis",1034.57252395954
"7901009",5,0,1,0.029904,1,0.007476,1,200.972315238062,1,4.83186093114858,1549.19995117188,1,4.35890007019043,34.9589996337891,0.0299040004611015,0,193.801406860352,-89.5491,26.6873,10.0335768831146,63,63,63,63,61,63,0,7815,1.09466377780674,27,-90,0.001869,51,2023-07-17 18:53:39.002008,1549.19995117188,1.037,0.0011,"aoml_navis",1034.79799424017
"7901009",5,0,1,0.028035,1,0.005607,1,201.983587737575,1,4.83079383792344,1599.30004882812,1,4.34110021591187,34.9599990844727,0.0280349999666214,0,194.776596069336,-89.5491,26.6873,10.0335768831146,63,63,63,63,61,63,0,7815,1.09466377780674,27,-90,0.001869,51,2023-07-17 18:53:39.002008,1599.30004882812,1.037,0.0011,"aoml_navis",1035.02657487642
"7901009",5,0,1,0.029904,1,0.007476,1,202.703377672332,1,4.82974952720312,1648.59997558594,1,4.32999992370605,34.9609985351562,0.0299040004611015,0,195.470703125,-89.5491,26.6873,10.0335768831146,63,63,63,63,61,63,0,7815,1.09466377780674,27,-90,0.001869,51,2023-07-17 18:53:39.002008,1648.59997558594,1.037,0.0011,"aoml_navis",1035.25037309657
"7901009",5,0,1,0.026166,1,0.003738,1,203.571242838672,1,4.8286792320525,1699.19995117188,1,4.31860017776489,34.9620018005371,0.0261659994721413,0,196.307601928711,-89.5491,26.6873,10.0335768831146,63,63,63,63,61,63,0,7815,1.09466377780674,27,-90,0.001869,51,2023-07-17 18:53:39.002008,1699.19995117188,1.037,0.0011,"aoml_navis",1035.47984028641
"7901009",5,0,1,0.031773,1,0.009345,1,204.144698114135,1,4.82762586291063,1749.5,1,4.31510019302368,34.9620018005371,0.0317730009555817,0,196.860595703125,-89.5491,26.6873,10.0335768831146,63,63,63,63,61,63,0,7815,1.09466377780674,27,-90,0.001869,51,2023-07-17 18:53:39.002008,1749.5,1.037,0.0011,"aoml_navis",1035.70577795054
"7901009",5,0,1,0.028035,1,0.005607,1,204.783598907639,1,4.82657807527941,1799.30004882812,1,4.30770015716553,34.9630012512207,0.0280349999666214,0,197.476699829102,-89.5491,26.6873,10.0335768831146,63,63,63,63,61,63,0,7815,1.09466377780674,27,-90,0.001869,51,2023-07-17 18:53:39.002008,1799.30004882812,1.037,0.0011,"aoml_navis",1035.93061627011
"7901009",5,0,1,0.035511,1,0.013083,1,205.130890549312,1,4.82552976241118,1849.5,1,4.30410003662109,34.9630012512207,0.0355109982192516,0,197.811599731445,-89.5491,26.6873,10.0335768831146,63,63,63,63,61,63,0,7815,1.09466377780674,27,-90,0.001869,51,2023-07-17 18:53:39.002008,1849.5,1.037,0.0011,"aoml_navis",1036.15566501068
"7901009",5,0,1,0.029904,1,0.007476,1,205.552852742154,1,4.82449923437622,1899,1,4.3028998374939,34.9630012512207,0.0299040004611015,0,198.218505859375,-89.5491,26.6873,10.0335768831146,63,63,63,63,61,63,0,7815,1.09466377780674,27,-90,0.001869,51,2023-07-17 18:53:39.002008,1899,1.037,0.0011,"aoml_navis",1036.37699108195
"7901009",5,0,1,0.024297,1,0.001869,1,205.931664565629,1,4.82343673256335,1949.90002441406,1,4.30060005187988,34.9640007019043,0.0242970008403063,0,198.583801269531,-89.5491,26.6873,10.0335768831146,63,63,63,63,61,63,0,7815,1.09466377780674,27,-90,0.001869,51,2023-07-17 18:53:39.002008,1949.90002441406,1.037,0.0011,"aoml_navis",1036.60528316764
"7901009",5,0,1,0.033642,1,0.011214,1,201.778991376776,4,4.82239071893989,2000.19995117188,1,4.29670000076294,34.9640007019043,0.0336420014500618,0,194.579299926758,-89.5491,26.6873,10.0335768831146,63,63,63,63,61,63,0,7815,1.09466377780674,27,-90,0.001869,51,2023-07-17 18:53:39.002008,2000.19995117188,1.037,0.0011,"aoml_navis",1036.8301308234
"7901009",6,0.0396510920184822,1,0.065415,1,0.042987,1,191.38860951711,1,4.89204760093423,2.09999990463257,1,31.2350006103516,36.0139999389648,0.0654150024056435,0.0523319989442825,184.559600830078,-89.1377,26.6736,15.8945633129542,63,63,63,63,61,63,0.042987,7816,1.08413155380343,27,-89,0.001869,51,2023-07-28 02:02:30.000217,2.09999990463257,1.037,0.0011,"aoml_navis",1022.06691509812
"7901009",6,0.0379271314959395,1,0.063546,1,0.041118,1,191.374194409415,1,4.89197614018098,4,1,31.2070007324219,36.0099983215332,0.0635460019111633,0.0504629984498024,184.545700073242,-89.1377,26.6736,15.8945633129542,63,63,63,63,61,63,0.041118,7816,1.08413155380343,27,-89,0.001869,51,2023-07-28 02:02:30.000217,4,1.037,0.0011,"aoml_navis",1022.08184519376
"7901009",6,0.0396510920184822,1,0.065415,1,0.042987,1,191.835873440381,1,4.89172728418325,6,1,31.0510005950928,35.9949989318848,0.0654150024056435,0.0523319989442825,184.990905761719,-89.1377,26.6736,15.8945633129542,63,63,63,63,61,63,0.042987,7816,1.08413155380343,27,-89,0.001869,51,2023-07-28 02:02:30.000217,6,1.037,0.0011,"aoml_navis",1022.13384138704
"7901009",6,0.0465469341086531,1,0.072891,1,0.050463,1,191.835446208868,1,4.89159176540902,8,1,30.988000869751,35.992000579834,0.0728909969329834,0.0598080009222031,184.990493774414,-89.1377,26.6736,15.8945633129542,63,63,63,63,61,63,0.050463,7816,1.08413155380343,27,-89,0.001869,51,2023-07-28 02:02:30.000217,8,1.037,0.0011,"aoml_navis",1022.16215902512
"7901009",6,0.0448229735861103,1,0.071022,1,0.048594,1,191.923392606857,1,4.89149268904166,10,1,30.951000213623,35.9910011291504,0.0710219964385033,0.0579390004277229,185.075302124023,-89.1377,26.6736,15.8945633129542,63,63,63,63,61,63,0.048594,7816,1.08413155380343,27,-89,0.001869,51,2023-07-28 02:02:30.000217,10,1.037,0.0011,"aoml_navis",1022.18286274892
"7901009",6,0.0448229735861103,1,0.071022,1,0.048594,1,191.967255042126,1,4.89140345062967,12,1,30.9220008850098,35.9910011291504,0.0710219964385033,0.0579390004277229,185.117599487305,-89.1377,26.6736,15.8945633129542,63,63,63,63,61,63,0.048594,7816,1.08413155380343,27,-89,0.001869,51,2023-07-28 02:02:30.000217,12,1.037,0.0011,"aoml_navis",1022.20151137939
"7901009",6,0.0499948551537385,1,0.076629,1,0.054201,1,192.173924330381,1,4.89131640544936,14,1,30.8899993896484,35.9889984130859,0.0766289979219437,0.0635460019111633,185.31689453125,-89.1377,26.6736,15.8945633129542,63,63,63,63,61,63,0.054201,7816,1.08413155380343,27,-89,0.001869,51,2023-07-28 02:02:30.000217,14,1.037,0.0011,"aoml_navis",1022.21970233403
"7901009",6,0.0413750525410249,1,0.067284,1,0.044856,1,192.286033043902,1,4.89123229117769,16,1,30.8490009307861,35.9819984436035,0.0672840029001236,0.0542009994387627,185.425003051758,-89.1377,26.6736,15.8945633129542,63,63,63,63,61,63,0.044856,7816,1.08413155380343,27,-89,0.001869,51,2023-07-28 02:02:30.000217,16,1.037,0.0011,"aoml_navis",1022.23728139399
"7901009",6,0.0465469341086531,1,0.072891,1,0.050463,1,192.366083570607,1,4.89116032721778,18,1,30.826000213623,35.9799995422363,0.0728909969329834,0.0598080009222031,185.502197265625,-89.1377,26.6736,15.8945633129542,63,63,63,63,61,63,0.050463,7816,1.08413155380343,27,-89,0.001869,51,2023-07-28 02:02:30.000217,18,1.037,0.0011,"aoml_navis",1022.25232163758
"7901009",6,0.0482708946311958,1,0.07476,1,0.052332,1,192.395119490058,1,4.89110864095456,20,1,30.8129997253418,35.9770011901855,0.0747599974274635,0.0616770014166832,185.530197143555,-89.1377,26.6736,15.8945633129542,63,63,63,63,61,63,0.052332,7816,1.08413155380343,27,-89,0.001869,51,2023-07-28 02:02:30.000217,20,1.037,0.0011,"aoml_navis",1022.26312417877
"7901009",6,0.0430990130635676,1,0.069153,1,0.046725,1,192.410990349572,1,4.89105121726832,22,1,30.80299949646,35.9770011901855,0.0691530033946037,0.0560699999332428,185.545501708984,-89.1377,26.6736,15.8945633129542,63,63,63,63,61,63,0.046725,7816,1.08413155380343,27,-89,0.001869,51,2023-07-28 02:02:30.000217,22,1.037,0.0011,"aoml_navis",1022.27512612156
"7901009",6,0.0499948551537385,1,0.076629,1,0.054201,1,192.399993093976,1,4.89099176144198,24.1000003814697,1,30.7929992675781,35.9770011901855,0.0766289979219437,0.0635460019111633,185.534896850586,-89.1377,26.6736,15.8945633129542,63,63,63,63,61,63,0.054201,7816,1.08413155380343,27,-89,0.001869,51,2023-07-28 02:02:30.000217,24.1000003814697,1.037,0.0011,"aoml_navis",1022.28755309248
"7901009",6,0.0551667367213666,1,0.082236,1,0.059808,1,192.239053400932,1,4.89093613807207,26,1,30.7849998474121,35.9780006408691,0.0822359994053841,0.0691530033946037,185.379699707031,-89.1377,26.6736,15.8945633129542,63,63,63,63,61,63,0.059808,7816,1.08413155380343,27,-89,0.001869,51,2023-07-28 02:02:30.000217,26,1.037,0.0011,"aoml_navis",1022.29917930822
"7901009",6,0.0534427761988239,1,0.080367,1,0.057939,1,192.142404138803,1,4.89088372943154,28,1,30.7779998779297,35.9780006408691,0.0803669989109039,0.0672840029001236,185.286499023438,-89.1377,26.6736,15.8945633129542,63,63,63,63,61,63,0.057939,7816,1.08413155380343,27,-89,0.001869,51,2023-07-28 02:02:30.000217,28,1.037,0.0011,"aoml_navis",1022.31013383365
"7901009",6,0.0551667367213666,1,0.082236,1,0.059808,1,192.043887716731,1,4.89082274260082,30,1,30.7679996490479,35.9790000915527,0.0822359994053841,0.0691530033946037,185.191497802734,-89.1377,26.6736,15.8945633129542,63,63,63,63,61,63,0.059808,7816,1.08413155380343,27,-89,0.001869,51,2023-07-28 02:02:30.000217,30,1.037,0.0011,"aoml_navis",1022.32288167964
"7901009",6,0.0534427761988239,1,0.080367,1,0.057939,1,192.346699918657,1,4.89072873647767,32.4000015258789,1,30.7280006408691,35.9729995727539,0.0803669989109039,0.0672840029001236,185.483505249023,-89.1377,26.6736,15.8945633129542,63,63,63,63,61,63,0.057939,7816,1.08413155380343,27,-89,0.001869,51,2023-07-28 02:02:30.000217,32.4000015258789,1.037,0.0011,"aoml_navis",1022.34253204585
"7901009",6,0.0551667367213666,1,0.082236,1,0.059808,1,196.100324339457,1,4.89019629684358,33.5,1,30.3859996795654,35.9570007324219,0.0822359994053841,0.0691530033946037,189.10319519043,-89.1377,26.6736,15.8945633129542,63,63,63,63,61,63,0.059808,7816,1.08413155380343,27,-89,0.001869,51,2023-07-28 02:02:30.000217,33.5,1.037,0.0011,"aoml_navis",1022.45384366826
"7901009",6,0.0465469341086531,1,0.072891,1,0.050463,1,203.326676373375,1,4.88880842584743,35.9000015258789,1,29.5179996490479,35.9339981079102,0.0728909969329834,0.0598080009222031,196.071701049805,-89.1377,26.6736,15.8945633129542,63,63,63,63,61,63,0.050463,7816,1.08413155380343,27,-89,0.001869,51,2023-07-28 02:02:30.000217,35.9000015258789,1.037,0.0011,"aoml_navis",1022.7441054071
"7901009",6,0.0465469341086531,1,0.072891,1,0.050463,1,204.300621811047,1,4.88829093090314,38,1,29.2199993133545,35.931999206543,0.0728909969329834,0.0598080009222031,197.010894775391,-89.1377,26.6736,15.8945633129542,63,63,63,63,61,63,0.050463,7816,1.08413155380343,27,-89,0.001869,51,2023-07-28 02:02:30.000217,38,1.037,0.0011,"aoml_navis",1022.85237738013
"7901009",6,0.0448229735861103,1,0.071022,1,0.048594,1,204.482622435312,1,4.88785840749396,40,1,28.9829998016357,35.935001373291,0.0710219964385033,0.0579390004277229,197.186401367188,-89.1377,26.6736,15.8945633129542,63,63,63,63,61,63,0.048594,7816,1.08413155380343,27,-89,0.001869,51,2023-07-28 02:02:30.000217,40,1.037,0.0011,"aoml_navis",1022.94288892127
"7901009",6,0.0482708946311958,1,0.07476,1,0.052332,1,204.895660367426,1,4.88758554934042,42,1,28.8470001220703,35.9389991760254,0.0747599974274635,0.0616770014166832,197.584701538086,-89.1377,26.6736,15.8945633129542,63,63,63,63,61,63,0.052332,7816,1.08413155380343,27,-89,0.001869,51,2023-07-28 02:02:30.000217,42,1.037,0.0011,"aoml_navis",1022.99999652686
"7901009",6,0.0413750525410249,1,0.067284,1,0.044856,1,204.83187628497,1,4.88750676827522,44,1,28.8120002746582,35.9339981079102,0.0672840029001236,0.0542009994387627,197.523193359375,-89.1377,26.6736,15.8945633129542,63,63,63,63,61,63,0.044856,7816,1.08413155380343,27,-89,0.001869,51,2023-07-28 02:02:30.000217,44,1.037,0.0011,"aoml_navis",1023.01648612642
"7901009",6,0.0413750525410249,1,0.067284,1,0.044856,1,204.984951753509,1,4.88741445834204,46,1,28.7819995880127,35.935001373291,0.0672840029001236,0.0542009994387627,197.670806884766,-89.1377,26.6736,15.8945633129542,63,63,63,63,61,63,0.044856,7816,1.08413155380343,27,-89,0.001869,51,2023-07-28 02:02:30.000217,46,1.037,0.0011,"aoml_navis",1023.0358081185
"7901009",6,0.0465469341086531,1,0.072891,1,0.050463,1,205.392688850192,1,4.88725048981493,48,1,28.6889991760254,35.9280014038086,0.0728909969329834,0.0598080009222031,198.063995361328,-89.1377,26.6736,15.8945633129542,63,63,63,63,61,63,0.050463,7816,1.08413155380343,27,-89,0.001869,51,2023-07-28 02:02:30.000217,48,1.037,0.0011,"aoml_navis",1023.07013123638
"7901009",6,0.0517188156762812,1,0.078498,1,0.05607,1,205.550210691137,1,4.88714004903481,50,1,28.6429996490479,35.9269981384277,0.0784979984164238,0.0654150024056435,198.215896606445,-89.1377,26.6736,15.8945633129542,63,63,63,63,61,63,0.05607,7816,1.08413155380343,27,-89,0.001869,51,2023-07-28 02:02:30.000217,50,1.037,0.0011,"aoml_navis",1023.09325082417
"7901009",6,0.0499948551537385,1,0.076629,1,0.054201,1,205.964704375072,1,4.88700372697329,52.0999984741211,1,28.5909996032715,35.9300003051758,0.0766289979219437,0.0635460019111633,198.615600585938,-89.1377,26.6736,15.8945633129542,63,63,63,63,61,63,0.054201,7816,1.08413155380343,27,-89,0.001869,51,2023-07-28 02:02:30.000217,52.0999984741211,1.037,0.0011,"aoml_navis",1023.12178982043
"7901009",6,0.0499948551537385,1,0.076629,1,0.054201,1,206.071512253161,1,4.88687987247859,54,1,28.5510005950928,35.9360008239746,0.0766289979219437,0.0635460019111633,198.718597412109,-89.1377,26.6736,15.8945633129542,63,63,63,63,61,63,0.054201,7816,1.08413155380343,27,-89,0.001869,51,2023-07-28 02:02:30.000217,54,1.037,0.0011,"aoml_navis",1023.14772011452
"7901009",6,0.0534427761988239,1,0.080367,1,0.057939,1,206.075563040834,1,4.88678653109262,56,1,28.5359992980957,35.9440002441406,0.0803669989109039,0.0672840029001236,198.722503662109,-89.1377,26.6736,15.8945633129542,63,63,63,63,61,63,0.057939,7816,1.08413155380343,27,-89,0.001869,51,2023-07-28 02:02:30.000217,56,1.037,0.0011,"aoml_navis",1023.16726302388
"7901009",6,0.0689584209017082,1,0.097188,1,0.07476,1,206.499281760757,1,4.88657247619329,58,1,28.4290008544922,35.9449996948242,0.0971880033612251,0.0841049998998642,199.131103515625,-89.1377,26.6736,15.8945633129542,63,63,63,63,61,63,0.07476,7816,1.08413155380343,27,-89,0.001869,51,2023-07-28 02:02:30.000217,58,1.037,0.0011,"aoml_navis",1023.21208257103
"7901009",6,0.0724063419467936,1,0.100926,1,0.078498,1,206.743594892268,1,4.88643393506416,60,1,28.3400001525879,35.9329986572266,0.100925996899605,0.0878430008888245,199.36669921875,-89.1377,26.6736,15.8945633129542,63,63,63,63,61,63,0.078498,7816,1.08413155380343,27,-89,0.001869,51,2023-07-28 02:02:30.000217,60,1.037,0.0011,"aoml_navis",1023.2410928798
"7901009",6,0.0913699076947634,1,0.121485,1,0.099057,1,207.018605399112,1,4.88628332380954,62,1,28.25,35.923999786377,0.121485002338886,0.108401998877525,199.631896972656,-89.1377,26.6736,15.8945633129542,63,63,63,63,61,63,0.099057,7816,1.08413155380343,27,-89,0.001869,51,2023-07-28 02:02:30.000217,62,1.037,0.0011,"aoml_navis",1023.2726325214
"7901009",6,0.0930938682173061,1,0.123354,1,0.100926,1,207.138483396802,1,4.88610044126693,64,1,28.1529998779297,35.9210014343262,0.123354002833366,0.110270999372005,199.747497558594,-89.1377,26.6736,15.8945633129542,63,63,63,63,61,63,0.100926,7816,1.08413155380343,27,-89,0.001869,51,2023-07-28 02:02:30.000217,64,1.037,0.0011,"aoml_navis",1023.3109327371
"7901009",6,0.0930938682173061,1,0.123354,1,0.100926,1,207.104573873432,1,4.88591139265778,66,1,28.0610008239746,35.9220008850098,0.123354002833366,0.110270999372005,199.714797973633,-89.1377,26.6736,15.8945633129542,63,63,63,63,61,63,0.100926,7816,1.08413155380343,27,-89,0.001869,51,2023-07-28 02:02:30.000217,66,1.037,0.0011,"aoml_navis",1023.35052729644
"7901009",6,0.10171367083002,1,0.132699,1,0.110271,1,207.439729083183,1,4.88576320551837,68,1,27.988000869751,35.9199981689453,0.132698997855186,0.119616001844406,200.037994384766,-89.1377,26.6736,15.8945633129542,63,63,63,63,61,63,0.110271,7816,1.08413155380343,27,-89,0.001869,51,2023-07-28 02:02:30.000217,68,1.037,0.0011,"aoml_navis",1023.38156592456
"7901009",6,0.117229315532904,1,0.14952,1,0.127092,1,207.784441620098,1,4.88562090076076,70,1,27.8980007171631,35.9090003967285,0.149519994854927,0.136436998844147,200.370407104492,-89.1377,26.6736,15.8945633129542,63,63,63,63,61,63,0.127092,7816,1.08413155380343,27,-89,0.001869,51,2023-07-28 02:02:30.000217,70,1.037,0.0011,"aoml_navis",1023.41137422706
"7901009",6,0.125849118145618,1,0.158865,1,0.136437,1,207.796878804125,1,4.88548220099087,72,1,27.8400001525879,35.9109992980957,0.158865004777908,0.145781993865967,200.382400512695,-89.1377,26.6736,15.8945633129542,63,63,63,63,61,63,0.136437,7816,1.08413155380343,27,-89,0.001869,51,2023-07-28 02:02:30.000217,72,1.037,0.0011,"aoml_navis",1023.44042907083
"7901009",6,0.131020999713246,1,0.164472,1,0.142044,1,207.702096701939,1,4.88526454885453,74,1,27.7290000915527,35.9119987487793,0.164471998810768,0.151389002799988,200.291000366211,-89.1377,26.6736,15.8945633129542,63,63,63,63,61,63,0.142044,7816,1.08413155380343,27,-89,0.001869,51,2023-07-28 02:02:30.000217,74,1.037,0.0011,"aoml_navis",1023.48602619123
"7901009",6,0.134468920758331,1,0.16821,1,0.145782,1,207.673266486549,1,4.88505472550438,76.0999984741211,1,27.6310005187988,35.9160003662109,0.168209999799728,0.155127003788948,200.263198852539,-89.1377,26.6736,15.8945633129542,63,63,63,63,61,63,0.145782,7816,1.08413155380343,27,-89,0.001869,51,2023-07-28 02:02:30.000217,76.0999984741211,1.037,0.0011,"aoml_navis",1023.5299870635
"7901009",6,0.155156447028844,1,0.190638,1,0.16821,1,207.440156314695,1,4.88498424377317,78,1,27.6060009002686,35.9140014648438,0.19063800573349,0.177554994821548,200.03840637207,-89.1377,26.6736,15.8945633129542,63,63,63,63,61,63,0.16821,7816,1.08413155380343,27,-89,0.001869,51,2023-07-28 02:02:30.000217,78,1.037,0.0011,"aoml_navis",1023.54475480109
"7901009",6,0.1655002101641,1,0.201852,1,0.179424,1,206.699321048877,1,4.8848666198298,80,1,27.5820007324219,35.9249992370605,0.20185199379921,0.188768997788429,199.324005126953,-89.1377,26.6736,15.8945633129542,63,63,63,63,61,63,0.179424,7816,1.08413155380343,27,-89,0.001869,51,2023-07-28 02:02:30.000217,80,1.037,0.0011,"aoml_navis",1023.56940099507
"7901009",6,0.168948131209185,1,0.20559,1,0.183162,1,205.516712575891,1,4.88468457083986,82,1,27.5349998474121,35.9440002441406,0.20558999478817,0.19250699877739,198.18359375,-89.1377,26.6736,15.8945633129542,63,63,63,63,61,63,0.183162,7816,1.08413155380343,27,-89,0.001869,51,2023-07-28 02:02:30.000217,82,1.037,0.0011,"aoml_navis",1023.60754875526
"7901009",6,0.163776249641557,1,0.199983,1,0.177555,1,204.323549902211,1,4.88452759006593,84,1,27.4740009307861,35.9500007629395,0.19998300075531,0.18690000474453,197.033004760742,-89.1377,26.6736,15.8945633129542,63,63,63,63,61,63,0.177555,7816,1.08413155380343,27,-89,0.001869,51,2023-07-28 02:02:30.000217,84,1.037,0.0011,"aoml_navis",1023.64044583737
"7901009",6,0.181015854866984,1,0.218673,1,0.196245,1,203.197367635635,1,4.88432332946414,86,1,27.386999130249,35.9580001831055,0.218673005700111,0.20558999478817,195.947006225586,-89.1377,26.6736,15.8945633129542,63,63,63,63,61,63,0.196245,7816,1.08413155380343,27,-89,0.001869,51,2023-07-28 02:02:30.000217,86,1.037,0.0011,"aoml_navis",1023.6832541036
"7901009",6,0.193083578524783,1,0.231756,1,0.209328,1,201.907334172375,1,4.88413634813514,88,1,27.318000793457,35.9690017700195,0.231756001710892,0.218673005700111,194.703002929688,-89.1377,26.6736,15.8945633129542,63,63,63,63,61,63,0.209328,7816,1.08413155380343,27,-89,0.001869,51,2023-07-28 02:02:30.000217,88,1.037,0.0011,"aoml_navis",1023.72244417564
"7901009",6,0.215495065317838,1,0.256053,1,0.233625,1,200.803542001724,1,4.8840101722556,90,1,27.2789993286133,35.976001739502,0.256053000688553,0.242970004677773,193.638595581055,-89.1377,26.6736,15.8945633129542,63,63,63,63,61,63,0.233625,7816,1.08413155380343,27,-89,0.001869,51,2023-07-28 02:02:30.000217,90,1.037,0.0011,"aoml_navis",1023.7488915161
"7901009",6,0.225838828453094,1,0.267267,1,0.244839,1,199.606012072584,1,4.88380292695193,92,1,27.2059993743896,35.9910011291504,0.267266988754272,0.254184007644653,192.483795166016,-89.1377,26.6736,15.8945633129542,63,63,63,63,61,63,0.244839,7816,1.08413155380343,27,-89,0.001869,51,2023-07-28 02:02:30.000217,92,1.037,0.0011,"aoml_navis",1023.79233453644
"7901009",6,0.227562788975637,1,0.269136,1,0.246708,1,199.429834455599,1,4.88371693111866,94,1,27.1790008544922,35.992000579834,0.269136011600494,0.256053000688553,192.313903808594,-89.1377,26.6736,15.8945633129542,63,63,63,63,61,63,0.246708,7816,1.08413155380343,27,-89,0.001869,51,2023-07-28 02:02:30.000217,94,1.037,0.0011,"aoml_navis",1023.8103621732
"7901009",6,0.249974275768692,1,0.293433,1,0.271005,1,198.639946682807,1,4.88364941932866,96,1,27.1569995880127,35.9900016784668,0.293433010578156,0.280349999666214,191.552200317383,-89.1377,26.6736,15.8945633129542,63,63,63,63,61,63,0.271005,7816,1.08413155380343,27,-89,0.001869,51,2023-07-28 02:02:30.000217,96,1.037,0.0011,"aoml_navis",1023.82451537386
"7901009",6,0.24825031524615,1,0.291564,1,0.269136,1,197.287806416361,1,4.88348092321687,98,1,27.1019992828369,36.0019989013672,0.291563987731934,0.278481006622314,190.248306274414,-89.1377,26.6736,15.8945633129542,63,63,63,63,61,63,0.269136,7816,1.08413155380343,27,-89,0.001869,51,2023-07-28 02:02:30.000217,98,1.037,0.0011,"aoml_navis",1023.85984067823
"7901009",6,0.260318038903949,1,0.304647,1,0.282219,1,195.689675739134,1,4.88335290806306,100,1,27.0849990844727,36.0190010070801,0.304646998643875,0.291563987731934,188.70719909668,-89.1377,26.6736,15.8945633129542,63,63,63,63,61,63,0.282219,7816,1.08413155380343,27,-89,0.001869,51,2023-07-28 02:02:30.000217,100,1.037,0.0011,"aoml_navis",1023.88668075664
"7901009",6,0.298245170399888,1,0.345765,1,0.323337,1,193.851583362465,1,4.8830968509224,102,1,27.0219993591309,36.0519981384277,0.345764994621277,0.332682013511658,186.934692382812,-89.1377,26.6736,15.8945633129542,63,63,63,63,61,63,0.323337,7816,1.08413155380343,27,-89,0.001869,51,2023-07-28 02:02:30.000217,102,1.037,0.0011,"aoml_navis",1023.94037076195
"7901009",6,0.303417051967516,1,0.351372,1,0.328944,1,192.873903604907,1,4.88292898746665,104,1,26.9860000610352,36.0719985961914,0.351372003555298,0.338288992643356,185.991897583008,-89.1377,26.6736,15.8945633129542,63,63,63,63,61,63,0.328944,7816,1.08413155380343,27,-89,0.001869,51,2023-07-28 02:02:30.000217,104,1.037,0.0011,"aoml_navis",1023.97557139042
"7901009",6,0.320656657192943,1,0.370062,1,0.347634,1,192.002098145467,1,4.88277902893143,106,1,26.9640007019043,36.0929985046387,0.370061993598938,0.356979012489319,185.15119934082,-89.1377,26.6736,15.8945633129542,63,63,63,63,61,63,0.347634,7816,1.08413155380343,27,-89,0.001869,51,2023-07-28 02:02:30.000217,106,1.037,0.0011,"aoml_navis",1024.00701943996
"7901009",6,0.329276459805657,1,0.379407,1,0.356979,1,191.499151715085,1,4.88266906668787,108,1,26.94700050354,36.1049995422363,0.379406988620758,0.366324007511139,184.666198730469,-89.1377,26.6736,15.8945633129542,63,63,63,63,61,63,0.356979,7816,1.08413155380343,27,-89,0.001869,51,2023-07-28 02:02:30.000217,108,1.037,0.0011,"aoml_navis",1024.03008102937
"7901009",6,0.362031709733968,1,0.414918,1,0.39249,1,190.433636323264,1,4.8825030832917,110,1,26.9449996948242,36.1389999389648,0.414918005466461,0.40183499455452,183.638702392578,-89.1377,26.6736,15.8945633129542,63,63,63,63,61,63,0.39249,7816,1.08413155380343,27,-89,0.001869,51,2023-07-28 02:02:30.000217,110,1.037,0.0011,"aoml_navis",1024.06489349907
"7901009",6,0.399958841229908,1,0.456036,1,0.433608,1,189.029120638082,1,4.88231399120259,112,1,26.9489994049072,36.181999206543,0.456036001443863,0.442952990531921,182.284301757812,-89.1377,26.6736,15.8945633129542,63,63,63,63,61,63,0.433608,7816,1.08413155380343,27,-89,0.001869,51,2023-07-28 02:02:30.000217,112,1.037,0.0011,"aoml_navis",1024.10455554671
"7901009",6,0.415474485932792,1,0.472857,1,0.450429,1,188.225751337565,1,4.88211662084943,114,1,26.8959999084473,36.2029991149902,0.472856998443604,0.459773987531662,181.50959777832,-89.1377,26.6736,15.8945633129542,63,63,63,63,61,63,0.450429,7816,1.08413155380343,27,-89,0.001869,51,2023-07-28 02:02:30.000217,114,1.037,0.0011,"aoml_navis",1024.14595723649
"7901009",6,0.422370328022963,1,0.480333,1,0.457905,1,187.673546696148,1,4.88198717031321,116,1,26.8850002288818,36.2229995727539,0.480333000421524,0.467249989509583,180.977096557617,-89.1377,26.6736,15.8945633129542,63,63,63,63,61,63,0.457905,7816,1.08413155380343,27,-89,0.001869,51,2023-07-28 02:02:30.000217,116,1.037,0.0011,"aoml_navis",1024.17311344127
"7901009",6,0.429266170113134,1,0.487809,1,0.465381,1,186.615294240037,1,4.88183625482537,118,1,26.867000579834,36.2459983825684,0.487809002399445,0.474725991487503,179.956604003906,-89.1377,26.6736,15.8945633129542,63,63,63,63,61,63,0.465381,7816,1.08413155380343,27,-89,0.001869,51,2023-07-28 02:02:30.000217,118,1.037,0.0011,"aoml_navis",1024.20477439362
"7901009",6,0.460297459518902,1,0.521451,1,0.499023,1,185.317175024821,1,4.8816381148623,120,1,26.8040008544922,36.2630004882812,0.521450996398926,0.508368015289307,178.704803466797,-89.1377,26.6736,15.8945633129542,63,63,63,63,61,63,0.499023,7816,1.08413155380343,27,-89,0.001869,51,2023-07-28 02:02:30.000217,120,1.037,0.0011,"aoml_navis",1024.24634566363
"7901009",6,0.496500630492299,1,0.5607,1,0.538272,1,183.652063940489,1,4.88138974911718,122,1,26.7479991912842,36.2970008850098,0.560699999332428,0.547617018222809,177.099105834961,-89.1377,26.6736,15.8945633129542,63,63,63,63,61,63,0.538272,7816,1.08413155380343,27,-89,0.001869,51,2023-07-28 02:02:30.000217,122,1.037,0.0011,"aoml_navis",1024.29845945087
"7901009",6,0.580974696096892,1,0.652281,1,0.629853,1,181.643173899213,1,4.88124280820018,124,1,26.7089996337891,36.310001373291,0.652280986309052,0.639198005199432,175.161895751953,-89.1377,26.6736,15.8945633129542,63,63,63,63,61,63,0.629853,7816,1.08413155380343,27,-89,0.001869,51,2023-07-28 02:02:30.000217,124,1.037,0.0011,"aoml_navis",1024.32929408886
"7901009",6,0.579250735574349,1,0.650412,1,0.627984,1,178.623327512583,1,4.88089838176813,126,1,26.5849990844727,36.3419990539551,0.650412023067474,0.63732898235321,172.249801635742,-89.1377,26.6736,15.8945633129542,63,63,63,63,61,63,0.627984,7816,1.08413155380343,27,-89,0.001869,51,2023-07-28 02:02:30.000217,126,1.037,0.0011,"aoml_navis",1024.40157711063
"7901009",6,0.486156867357043,1,0.549486,1,0.527058,1,177.516956129469,1,4.88053669048016,128,1,26.4540004730225,36.3759994506836,0.549485981464386,0.536403000354767,171.182907104492,-89.1377,26.6736,15.8945633129542,63,63,63,63,61,63,0.527058,7816,1.08413155380343,27,-89,0.001869,51,2023-07-28 02:02:30.000217,128,1.037,0.0011,"aoml_navis",1024.47749440197
"7901009",6,0.456849538473817,1,0.517713,1,0.495285,1,177.046147002851,1,4.88039675910663,130,1,26.4169998168945,36.3880004882812,0.517713010311127,0.504630029201508,170.728897094727,-89.1377,26.6736,15.8945633129542,63,63,63,63,61,63,0.495285,7816,1.08413155380343,27,-89,0.001869,51,2023-07-28 02:02:30.000217,130,1.037,0.0011,"aoml_navis",1024.50686835454
"7901009",6,0.42064636750042,1,0.478464,1,0.456036,1,176.49134732558,1,4.88019095695965,132.100006103516,1,26.3519992828369,36.4059982299805,0.478464007377625,0.465380996465683,170.193893432617,-89.1377,26.6736,15.8945633129542,63,63,63,63,61,63,0.456036,7816,1.08413155380343,27,-89,0.001869,51,2023-07-28 02:02:30.000217,132.100006103516,1.037,0.0011,"aoml_navis",1024.55007275268
"7901009",6,0.424094288545506,1,0.482202,1,0.459774,1,176.35404777622,1,4.88007625869178,134,1,26.3159999847412,36.4119987487793,0.482201993465424,0.469119012355804,170.061492919922,-89.1377,26.6736,15.8945633129542,63,63,63,63,61,63,0.459774,7816,1.08413155380343,27,-89,0.001869,51,2023-07-28 02:02:30.000217,134,1.037,0.0011,"aoml_navis",1024.57415313841
"7901009",6,0.424094288545506,1,0.482202,1,0.459774,1,176.038386982145,1,4.87994957248025,136,1,26.2709999084473,36.4169998168945,0.482201993465424,0.469119012355804,169.757095336914,-89.1377,26.6736,15.8945633129542,63,63,63,63,61,63,0.459774,7816,1.08413155380343,27,-89,0.001869,51,2023-07-28 02:02:30.000217,136,1.037,0.0011,"aoml_navis",1024.60075165464
"7901009",6,0.377547354436853,1,0.431739,1,0.409311,1,175.829534066159,1,4.87975504909393,138,1,26.2000007629395,36.4300003051758,0.431739002466202,0.41865599155426,169.555694580078,-89.1377,26.6736,15.8945633129542,63,63,63,63,61,63,0.409311,7816,1.08413155380343,27,-89,0.001869,51,2023-07-28 02:02:30.000217,138,1.037,0.0011,"aoml_navis",1024.64159567362
"7901009",6,0.355135867643797,1,0.407442,1,0.385014,1,175.632517045404,1,4.8795402312657,140,1,26.113000869751,36.4420013427734,0.407442003488541,0.394358992576599,169.365707397461,-89.1377,26.6736,15.8945633129542,63,63,63,63,61,63,0.385014,7816,1.08413155380343,27,-89,0.001869,51,2023-07-28 02:02:30.000217,140,1.037,0.0011,"aoml_navis",1024.68670469452
"7901009",6,0.327552499283114,1,0.377538,1,0.35511,1,175.045975649105,1,4.87931651575123,142,1,26.0510005950928,36.4669990539551,0.377537995576859,0.364455014467239,168.800094604492,-89.1377,26.6736,15.8945633129542,63,63,63,63,61,63,0.35511,7816,1.08413155380343,27,-89,0.001869,51,2023-07-28 02:02:30.000217,142,1.037,0.0011,"aoml_navis",1024.73368633889
"7901009",6,0.27410972308429,1,0.319599,1,0.297171,1,173.648833663358,1,4.8790466250832,144,1,26.0179996490479,36.5169982910156,0.319599002599716,0.306515991687775,167.45280456543,-89.1377,26.6736,15.8945633129542,63,63,63,63,61,63,0.297171,7816,1.08413155380343,27,-89,0.001869,51,2023-07-28 02:02:30.000217,144,1.037,0.0011,"aoml_navis",1024.79037078575
"7901009",6,0.232734670543265,1,0.274743,1,0.252315,1,172.095198356973,1,4.87873779750139,146,1,25.9589996337891,36.5670013427734,0.274742990732193,0.261660009622574,165.954605102539,-89.1377,26.6736,15.8945633129542,63,63,63,63,61,63,0.252315,7816,1.08413155380343,27,-89,0.001869,51,2023-07-28 02:02:30.000217,146,1.037,0.0011,"aoml_navis",1024.85524074705
"7901009",6,0.194807539047326,1,0.233625,1,0.211197,1,170.998764062368,1,4.87833865732528,148,1,25.7889995574951,36.5960006713867,0.233624994754791,0.220541998744011,164.89729309082,-89.1377,26.6736,15.8945633129542,63,63,63,63,61,63,0.211197,7816,1.08413155380343,27,-89,0.001869,51,2023-07-28 02:02:30.000217,148,1.037,0.0011,"aoml_navis",1024.9390932489
"7901009",6,0.177567933821899,1,0.214935,1,0.192507,1,169.623505824088,1,4.87810862981746,150,1,25.7439994812012,36.6300010681152,0.214935004711151,0.20185199379921,163.571105957031,-89.1377,26.6736,15.8945633129542,63,63,63,63,61,63,0.192507,7816,1.08413155380343,27,-89,0.001869,51,2023-07-28 02:02:30.000217,150,1.037,0.0011,"aoml_navis",1024.9874243139
"7901009",6,0.172396052254271,1,0.209328,1,0.1869,1,168.122546580838,1,4.8778820117195,152,1,25.6940002441406,36.6609992980957,0.20932799577713,0.19624499976635,162.12370300293,-89.1377,26.6736,15.8945633129542,63,63,63,63,61,63,0.1869,7816,1.08413155380343,27,-89,0.001869,51,2023-07-28 02:02:30.000217,152,1.037,0.0011,"aoml_navis",1025.03504348549
"7901009",6,0.162052289119014,1,0.198114,1,0.175686,1,167.012646581899,1,4.87766898243238,154,1,25.5830001831055,36.6629981994629,0.198113992810249,0.185030996799469,161.053405761719,-89.1377,26.6736,15.8945633129542,63,63,63,63,61,63,0.175686,7816,1.08413155380343,27,-89,0.001869,51,2023-07-28 02:02:30.000217,154,1.037,0.0011,"aoml_navis",1025.07981128039
"7901009",6,0.136192881280874,4,0.170079,1,0.147651,1,165.480372851132,1,4.87744917966897,156,1,25.5349998474121,36.693000793457,0.170078992843628,0.156995996832848,159.575805664062,-89.1377,26.6736,15.8945633129542,63,63,63,63,61,63,0.147651,7816,1.08413155380343,27,-89,0.001869,51,2023-07-28 02:02:30.000217,156,1.037,0.0011,"aoml_navis",1025.12600661056
"7901009",6,0.143088723371045,1,0.177555,1,0.155127,1,163.995790815856,1,4.87719201782249,158,1,25.4689998626709,36.726001739502,0.177554994821548,0.164471998810768,158.144195556641,-89.1377,26.6736,15.8945633129542,63,63,63,63,61,63,0.155127,7816,1.08413155380343,27,-89,0.001869,51,2023-07-28 02:02:30.000217,158,1.037,0.0011,"aoml_navis",1025.18005887993
"7901009",6,0.117229315532904,1,0.14952,1,0.127092,1,162.702450264223,1,4.87686570228469,160,1,25.3950004577637,36.7750015258789,0.149519994854927,0.136436998844147,156.897003173828,-89.1377,26.6736,15.8945633129542,63,63,63,63,61,63,0.127092,7816,1.08413155380343,27,-89,0.001869,51,2023-07-28 02:02:30.000217,160,1.037,0.0011,"aoml_navis",1025.24865461389
"7901009",6,0.120677236577989,1,0.153258,1,0.13083,1,161.8520063804,1,4.87669252905155,162,1,25.3369998931885,36.7879981994629,0.153257995843887,0.140174999833107,156.076904296875,-89.1377,26.6736,15.8945633129542,63,63,63,63,61,63,0.13083,7816,1.08413155380343,27,-89,0.001869,51,2023-07-28 02:02:30.000217,162,1.037,0.0011,"aoml_navis",1025.28506158916
"7901009",6,0.115505355010361,1,0.147651,1,0.125223,1,160.754337861427,1,4.87656120712522,164,1,25.2999992370605,36.7980003356934,0.147651001811028,0.134568005800247,155.018402099609,-89.1377,26.6736,15.8945633129542,63,63,63,63,61,63,0.125223,7816,1.08413155380343,27,-89,0.001869,51,2023-07-28 02:02:30.000217,164,1.037,0.0011,"aoml_navis",1025.31267170284
"7901009",6,0.10171367083002,1,0.132699,1,0.110271,1,159.470222345783,1,4.87629161243807,166,1,25.2129993438721,36.826000213623,0.132698997855186,0.119616001844406,153.78010559082,-89.1377,26.6736,15.8945633129542,63,63,63,63,61,63,0.110271,7816,1.08413155380343,27,-89,0.001869,51,2023-07-28 02:02:30.000217,166,1.037,0.0011,"aoml_navis",1025.36935798638
"7901009",6,0.0999897103074769,1,0.13083,1,0.108402,1,158.230902845378,1,4.87605853202526,168,1,25.1359996795654,36.8479995727539,0.130830004811287,0.117747001349926,152.585006713867,-89.1377,26.6736,15.8945633129542,63,63,63,63,61,63,0.108402,7816,1.08413155380343,27,-89,0.001869,51,2023-07-28 02:02:30.000217,168,1.037,0.0011,"aoml_navis",1025.41837165422
"7901009",6,0.0861980261271353,1,0.115878,1,0.09345,1,157.180308909711,1,4.87578619619297,170,1,25.0370006561279,36.8720016479492,0.115878000855446,0.102794997394085,151.571899414062,-89.1377,26.6736,15.8945633129542,63,63,63,63,61,63,0.09345,7816,1.08413155380343,27,-89,0.001869,51,2023-07-28 02:02:30.000217,170,1.037,0.0011,"aoml_navis",1025.4756461438
"7901009",6,0.0672344603791655,1,0.095319,1,0.072891,1,156.595334028957,1,4.87541170924806,172,1,24.8899993896484,36.9049987792969,0.095319002866745,0.0822359994053841,151.007797241211,-89.1377,26.6736,15.8945633129542,63,63,63,63,61,63,0.072891,7816,1.08413155380343,27,-89,0.001869,51,2023-07-28 02:02:30.000217,172,1.037,0.0011,"aoml_navis",1025.55441431041
"7901009",6,0.0603386182889947,1,0.087843,1,0.065415,1,156.326336410065,1,4.87514565211823,174,1,24.7749996185303,36.9210014343262,0.0878430008888245,0.0747599974274635,150.748397827148,-89.1377,26.6736,15.8945633129542,63,63,63,63,61,63,0.065415,7816,1.08413155380343,27,-89,0.001869,51,2023-07-28 02:02:30.000217,174,1.037,0.0011,"aoml_navis",1025.61038311287
"7901009",6,0.0655104998566228,1,0.09345,1,0.071022,1,156.667409567431,1,4.87497072832996,176,1,24.7099990844727,36.931999206543,0.0934500023722649,0.0803669989109039,151.077301025391,-89.1377,26.6736,15.8945633129542,63,63,63,63,61,63,0.071022,7816,1.08413155380343,27,-89,0.001869,51,2023-07-28 02:02:30.000217,176,1.037,0.0011,"aoml_navis",1025.64718408327
"7901009",6,0.0775782235144218,1,0.106533,1,0.084105,1,157.182793181839,1,4.87485168225203,178,1,24.6709995269775,36.9379997253418,0.106532998383045,0.0934500023722649,151.574295043945,-89.1377,26.6736,15.8945633129542,63,63,63,63,61,63,0.084105,7816,1.08413155380343,27,-89,0.001869,51,2023-07-28 02:02:30.000217,178,1.037,0.0011,"aoml_navis",1025.67223085034
"7901009",6,0.0810261445595072,1,0.110271,1,0.087843,1,157.923327803259,1,4.87470455548317,180,1,24.625,36.9490013122559,0.110270999372005,0.0971880033612251,152.28840637207,-89.1377,26.6736,15.8945633129542,63,63,63,63,61,63,0.087843,7816,1.08413155380343,27,-89,0.001869,51,2023-07-28 02:02:30.000217,180,1.037,0.0011,"aoml_navis",1025.70318736053
"7901009",6,0.0844740656045926,1,0.114009,1,0.091581,1,157.717892739372,1,4.8744468750682,182,1,24.5200004577637,36.9669990539551,0.114009000360966,0.100925996899605,152.090301513672,-89.1377,26.6736,15.8945633129542,63,63,63,63,61,63,0.091581,7816,1.08413155380343,27,-89,0.001869,51,2023-07-28 02:02:30.000217,182,1.037,0.0011,"aoml_navis",1025.75740964046
"7901009",6,0.0793021840369645,1,0.108402,1,0.085974,1,156.789249665399,1,4.87429189398898,184,1,24.451000213623,36.9710006713867,0.108401998877525,0.095319002866745,151.194793701172,-89.1377,26.6736,15.8945633129542,63,63,63,63,61,63,0.085974,7816,1.08413155380343,27,-89,0.001869,51,2023-07-28 02:02:30.000217,184,1.037,0.0011,"aoml_navis",1025.79002422199
"7901009",6,0.0775782235144218,1,0.106533,1,0.084105,1,156.303218438229,1,4.8740074218059,186,1,24.3120002746582,36.9830017089844,0.106532998383045,0.0934500023722649,150.726104736328,-89.1377,26.6736,15.8945633129542,63,63,63,63,61,63,0.084105,7816,1.08413155380343,27,-89,0.001869,51,2023-07-28 02:02:30.000217,186,1.037,0.0011,"aoml_navis",1025.84989461247
"7901009",6,0.0810261445595072,1,0.110271,1,0.087843,1,156.325307889757,1,4.87378683911227,188,1,24.2169990539551,36.9949989318848,0.110270999372005,0.0971880033612251,150.747406005859,-89.1377,26.6736,15.8945633129542,63,63,63,63,61,63,0.087843,7816,1.08413155380343,27,-89,0.001869,51,2023-07-28 02:02:30.000217,188,1.037,0.0011,"aoml_navis",1025.89632354761
"7901009",6,0.0896459471722207,1,0.119616,1,0.097188,1,156.164985308897,1,4.87357438025548,190,1,24.1450004577637,37.0139999389648,0.119616001844406,0.106532998383045,150.592803955078,-89.1377,26.6736,15.8945633129542,63,63,63,63,61,63,0.097188,7816,1.08413155380343,27,-89,0.001869,51,2023-07-28 02:02:30.000217,190,1.037,0.0011,"aoml_navis",1025.94104652567
"7901009",6,0.0896459471722207,1,0.119616,1,0.097188,1,155.668463174591,1,4.87348335288288,192,1,24.1200008392334,37.0180015563965,0.119616001844406,0.106532998383045,150.113998413086,-89.1377,26.6736,15.8945633129542,63,63,63,63,61,63,0.097188,7816,1.08413155380343,27,-89,0.001869,51,2023-07-28 02:02:30.000217,192,1.037,0.0011,"aoml_navis",1025.96020914738
"7901009",6,0.0913699076947634,1,0.121485,1,0.099057,1,154.753000983943,1,4.87341822785517,194,1,24.0979995727539,37.015998840332,0.121485002338886,0.108401998877525,149.231201171875,-89.1377,26.6736,15.8945633129542,63,63,63,63,61,63,0.099057,7816,1.08413155380343,27,-89,0.001869,51,2023-07-28 02:02:30.000217,194,1.037,0.0011,"aoml_navis",1025.97391937784
"7901009",6,0.0810261445595072,1,0.110271,1,0.087843,1,153.32452868729,1,4.87330301543785,196,1,24.0410003662109,37.0139999389648,0.110270999372005,0.0971880033612251,147.853698730469,-89.1377,26.6736,15.8945633129542,63,63,63,63,61,63,0.087843,7816,1.08413155380343,27,-89,0.001869,51,2023-07-28 02:02:30.000217,196,1.037,0.0011,"aoml_navis",1025.99817498744
"7901009",6,0.0672344603791655,1,0.095319,1,0.072891,1,151.435105235581,1,4.87311808588256,198,1,23.9249992370605,37.007999420166,0.095319002866745,0.0822359994053841,146.031692504883,-89.1377,26.6736,15.8945633129542,63,63,63,63,61,63,0.072891,7816,1.08413155380343,27,-89,0.001869,51,2023-07-28 02:02:30.000217,198,1.037,0.0011,"aoml_navis",1026.03711050734
"7901009",6,0.0379271314959395,1,0.063546,1,0.041118,1,150.389812135345,1,4.87279797545646,200,1,23.7159996032715,37.0029983520508,0.0635460019111633,0.0504629984498024,145.023696899414,-89.1377,26.6736,15.8945633129542,63,63,63,63,61,63,0.041118,7816,1.08413155380343,27,-89,0.001869,51,2023-07-28 02:02:30.000217,200,1.037,0.0011,"aoml_navis",1026.10451432303
"7901009",6,0.029307328883226,1,0.054201,1,0.031773,1,150.41003442693,1,4.87249190141303,202,1,23.5259990692139,37.0019989013672,0.0542009994387627,0.041117999702692,145.043197631836,-89.1377,26.6736,15.8945633129542,63,63,63,63,61,63,0.031773,7816,1.08413155380343,27,-89,0.001869,51,2023-07-28 02:02:30.000217,202,1.037,0.0011,"aoml_navis",1026.16897086068
"7901009",6,0.0310312894057687,1,0.05607,1,0.033642,1,151.564319032985,1,4.87222629088786,204,1,23.3920001983643,37.0120010375977,0.0560699999332428,0.0429870001971722,146.156295776367,-89.1377,26.6736,15.8945633129542,63,63,63,63,61,63,0.033642,7816,1.08413155380343,27,-89,0.001869,51,2023-07-28 02:02:30.000217,204,1.037,0.0011,"aoml_navis",1026.22491269568
"7901009",6,0.0275833683606833,1,0.052332,1,0.029904,1,151.223040171558,1,4.87193998611107,206,1,23.2709999084473,37.0330009460449,0.0523319989442825,0.0392489992082119,145.827194213867,-89.1377,26.6736,15.8945633129542,63,63,63,63,61,63,0.029904,7816,1.08413155380343,27,-89,0.001869,51,2023-07-28 02:02:30.000217,206,1.037,0.0011,"aoml_navis",1026.28521990296
"7901009",6,0.0327552499283114,1,0.057939,1,0.035511,1,150.628112378904,1,4.8716735918188,208,1,23.0839996337891,37.0229988098145,0.0579390004277229,0.0448560006916523,145.253494262695,-89.1377,26.6736,15.8945633129542,63,63,63,63,61,63,0.035511,7816,1.08413155380343,27,-89,0.001869,51,2023-07-28 02:02:30.000217,208,1.037,0.0011,"aoml_navis",1026.34133953406
"7901009",6,0.0379271314959395,1,0.063546,1,0.041118,1,149.920885992058,1,4.87144712787229,210,1,22.9300003051758,37.0149993896484,0.0635460019111633,0.0504629984498024,144.571502685547,-89.1377,26.6736,15.8945633129542,63,63,63,63,61,63,0.041118,7816,1.08413155380343,27,-89,0.001869,51,2023-07-28 02:02:30.000217,210,1.037,0.0011,"aoml_navis",1026.38905211394
"7901009",6,0.0310312894057687,1,0.05607,1,0.033642,1,149.786276418887,1,4.87111435640944,212,1,22.6879997253418,37.0029983520508,0.0560699999332428,0.0429870001971722,144.441696166992,-89.1377,26.6736,15.8945633129542,63,63,63,63,61,63,0.033642,7816,1.08413155380343,27,-89,0.001869,51,2023-07-28 02:02:30.000217,212,1.037,0.0011,"aoml_navis",1026.45917015292
"7901009",6,0.0275833683606833,1,0.052332,1,0.029904,1,149.644008325272,1,4.87089292935987,214,1,22.5359992980957,36.9949989318848,0.0523319989442825,0.0392489992082119,144.304504394531,-89.1377,26.6736,15.8945633129542,63,63,63,63,61,63,0.029904,7816,1.08413155380343,27,-89,0.001869,51,2023-07-28 02:02:30.000217,214,1.037,0.0011,"aoml_navis",1026.50583219802
"7901009",6,0.0275833683606833,1,0.052332,1,0.029904,1,149.6004465344,1,4.87074958861695,216,1,22.443000793457,36.9879989624023,0.0523319989442825,0.0392489992082119,144.262496948242,-89.1377,26.6736,15.8945633129542,63,63,63,63,61,63,0.029904,7816,1.08413155380343,27,-89,0.001869,51,2023-07-28 02:02:30.000217,216,1.037,0.0011,"aoml_navis",1026.53604112293
"7901009",6,0.0206875262705125,1,0.044856,1,0.022428,1,149.664119853131,1,4.87056742766522,218,1,22.3239994049072,36.9819984436035,0.0448560006916523,0.0317730009555817,144.32389831543,-89.1377,26.6736,15.8945633129542,63,63,63,63,61,63,0.022428,7816,1.08413155380343,27,-89,0.001869,51,2023-07-28 02:02:30.000217,218,1.037,0.0011,"aoml_navis",1026.57443393548
"7901009",6,0.0224114867930552,1,0.046725,1,0.024297,1,149.671477729177,1,4.87045987401111,220,1,22.261999130249,36.9770011901855,0.0467250011861324,0.0336420014500618,144.330993652344,-89.1377,26.6736,15.8945633129542,63,63,63,63,61,63,0.024297,7816,1.08413155380343,27,-89,0.001869,51,2023-07-28 02:02:30.000217,220,1.037,0.0011,"aoml_navis",1026.59710362878
"7901009",6,0.0206875262705125,1,0.044856,1,0.022428,1,149.512610900137,1,4.87038527423392,222,1,22.2320003509521,36.9749984741211,0.0448560006916523,0.0317730009555817,144.177795410156,-89.1377,26.6736,15.8945633129542,63,63,63,63,61,63,0.022428,7816,1.08413155380343,27,-89,0.001869,51,2023-07-28 02:02:30.000217,222,1.037,0.0011,"aoml_navis",1026.61282803473
"7901009",6,0.0172396052254271,1,0.041118,1,0.01869,1,149.34182905892,1,4.87028705845336,224,1,22.181999206543,36.9720001220703,0.041117999702692,0.0280349999666214,144.013107299805,-89.1377,26.6736,15.8945633129542,63,63,63,63,61,63,0.01869,7816,1.08413155380343,27,-89,0.001869,51,2023-07-28 02:02:30.000217,224,1.037,0.0011,"aoml_navis",1026.63353104033
"7901009",6,0.0206875262705125,1,0.044856,1,0.022428,1,148.925563155379,1,4.87017712299426,226,1,22.1180000305176,36.9669990539551,0.0448560006916523,0.0317730009555817,143.611694335938,-89.1377,26.6736,15.8945633129542,63,63,63,63,61,63,0.022428,7816,1.08413155380343,27,-89,0.001869,51,2023-07-28 02:02:30.000217,226,1.037,0.0011,"aoml_navis",1026.65670543948
"7901009",6,0.0155156447028843,1,0.039249,1,0.016821,1,148.603794533016,1,4.87005419555346,228,1,22.0389995574951,36.9599990844727,0.0392489992082119,0.0261659994721413,143.301406860352,-89.1377,26.6736,15.8945633129542,63,63,63,63,61,63,0.016821,7816,1.08413155380343,27,-89,0.001869,51,2023-07-28 02:02:30.000217,228,1.037,0.0011,"aoml_navis",1026.68261978792
"7901009",6,0.0206875262705125,1,0.044856,1,0.022428,1,147.923515378227,1,4.8699829574418,230,1,22.0060005187988,36.9560012817383,0.0448560006916523,0.0317730009555817,142.645401000977,-89.1377,26.6736,15.8945633129542,63,63,63,63,61,63,0.022428,7816,1.08413155380343,27,-89,0.001869,51,2023-07-28 02:02:30.000217,230,1.037,0.0011,"aoml_navis",1026.69763810149
"7901009",6,0.0275833683606833,1,0.052332,1,0.029904,1,147.001106719656,1,4.8698855887844,232,1,21.943000793457,36.9480018615723,0.0523319989442825,0.0392489992082119,141.755905151367,-89.1377,26.6736,15.8945633129542,63,63,63,63,61,63,0.029904,7816,1.08413155380343,27,-89,0.001869,51,2023-07-28 02:02:30.000217,232,1.037,0.0011,"aoml_navis",1026.71816592884
"7901009",6,0.0379271314959395,1,0.063546,1,0.041118,1,145.735852684113,1,4.86977716829218,234,1,21.8530006408691,36.9329986572266,0.0635460019111633,0.0504629984498024,140.535797119141,-89.1377,26.6736,15.8945633129542,63,63,63,63,61,63,0.041118,7816,1.08413155380343,27,-89,0.001869,51,2023-07-28 02:02:30.000217,234,1.037,0.0011,"aoml_navis",1026.7410247343
"7901009",6,0.0241354473155979,1,0.048594,1,0.026166,1,144.544129938864,1,4.86958090243302,236,1,21.6840000152588,36.9129981994629,0.0485940016806126,0.0355109982192516,139.386596679688,-89.1377,26.6736,15.8945633129542,63,63,63,63,61,63,0.026166,7816,1.08413155380343,27,-89,0.001869,51,2023-07-28 02:02:30.000217,236,1.037,0.0011,"aoml_navis",1026.78240698328
"7901009",6,0.0224114867930552,1,0.046725,1,0.024297,1,143.734953454457,1,4.86939856236109,238,1,21.5300006866455,36.8950004577637,0.0467250011861324,0.0336420014500618,138.606292724609,-89.1377,26.6736,15.8945633129542,63,63,63,63,61,63,0.024297,7816,1.08413155380343,27,-89,0.001869,51,2023-07-28 02:02:30.000217,238,1.037,0.0011,"aoml_navis",1026.8208559982
"7901009",6,0.0258594078381406,1,0.050463,1,0.028035,1,142.64196865873,1,4.86925690841745,240,1,21.4139995574951,36.8800010681152,0.0504629984498024,0.0373799987137318,137.552307128906,-89.1377,26.6736,15.8945633129542,63,63,63,63,61,63,0.028035,7816,1.08413155380343,27,-89,0.001869,51,2023-07-28 02:02:30.000217,240,1.037,0.0011,"aoml_navis",1026.85072774791
"7901009",6,0.0241354473155979,1,0.048594,1,0.026166,1,141.062810225329,1,4.86914690352492,242,1,21.2970008850098,36.8559989929199,0.0485940016806126,0.0355109982192516,136.029495239258,-89.1377,26.6736,15.8945633129542,63,63,63,63,61,63,0.026166,7816,1.08413155380343,27,-89,0.001869,51,2023-07-28 02:02:30.000217,242,1.037,0.0011,"aoml_navis",1026.87392659695
"7901009",6,0.0327552499283114,1,0.057939,1,0.035511,1,139.999889869361,1,4.86892842153383,244,1,21.0510005950928,36.814998626709,0.0579390004277229,0.0448560006916523,135.004501342773,-89.1377,26.6736,15.8945633129542,63,63,63,63,61,63,0.035511,7816,1.08413155380343,27,-89,0.001869,51,2023-07-28 02:02:30.000217,244,1.037,0.0011,"aoml_navis",1026.92000520823
"7901009",6,0.0275833683606833,1,0.052332,1,0.029904,1,139.312569306313,1,4.86879315446127,246,1,20.9080009460449,36.7890014648438,0.0523319989442825,0.0392489992082119,134.341705322266,-89.1377,26.6736,15.8945633129542,63,63,63,63,61,63,0.029904,7816,1.08413155380343,27,-89,0.001869,51,2023-07-28 02:02:30.000217,246,1.037,0.0011,"aoml_navis",1026.94853557673
"7901009",6,0.0241354473155979,1,0.048594,1,0.026166,1,138.898170562715,1,4.86858982364069,248,1,20.7150001525879,36.7639999389648,0.0485940016806126,0.0355109982192516,133.942092895508,-89.1377,26.6736,15.8945633129542,63,63,63,63,61,63,0.026166,7816,1.08413155380343,27,-89,0.001869,51,2023-07-28 02:02:30.000217,248,1.037,0.0011,"aoml_navis",1026.99142485186
"7901009",6,0.0206875262705125,1,0.044856,1,0.022428,1,138.441475899394,1,4.86840769039944,250,1,20.5400009155273,36.7400016784668,0.0448560006916523,0.0317730009555817,133.501693725586,-89.1377,26.6736,15.8945633129542,63,63,63,63,61,63,0.022428,7816,1.08413155380343,27,-89,0.001869,51,2023-07-28 02:02:30.000217,250,1.037,0.0011,"aoml_navis",1027.02984588987
"7901009",6,0.0206875262705125,1,0.044856,1,0.022428,1,140.289837655748,1,4.86823526617518,252,1,20.3519992828369,36.7089996337891,0.0448560006916523,0.0317730009555817,135.284103393555,-89.1377,26.6736,15.8945633129542,63,63,63,63,61,63,0.022428,7816,1.08413155380343,27,-89,0.001869,51,2023-07-28 02:02:30.000217,252,1.037,0.0011,"aoml_navis",1027.06622145818
"7901009",6,0.0137916841803416,1,0.03738,1,0.014952,1,143.659365123549,1,4.86810162457941,254,1,20.3250007629395,36.7249984741211,0.0373799987137318,0.0242970008403063,138.533401489258,-89.1377,26.6736,15.8945633129542,63,63,63,63,61,63,0.014952,7816,1.08413155380343,27,-89,0.001869,51,2023-07-28 02:02:30.000217,254,1.037,0.0011,"aoml_navis",1027.0944170012
"7901009",6,0.00689584209017082,1,0.029904,1,0.007476,1,146.562545660526,1,4.86798606821909,256,1,20.3540000915527,36.7560005187988,0.0299040004611015,0.0168210007250309,141.332992553711,-89.1377,26.6736,15.8945633129542,63,63,63,63,61,63,0.007476,7816,1.08413155380343,27,-89,0.001869,51,2023-07-28 02:02:30.000217,256,1.037,0.0011,"aoml_navis",1027.11879819106
"7901009",6,-0.00517188156762812,1,0.016821,1,-0.005607,1,147.256100638977,1,4.86790494318181,258,1,20.4039993286133,36.7849998474121,0.0168210007250309,0.00373800005763769,142.001800537109,-89.1377,26.6736,15.8945633129542,63,63,63,63,61,63,-0.005607,7816,1.08413155380343,27,-89,0.001869,51,2023-07-28 02:02:30.000217,258,1.037,0.0011,"aoml_navis",1027.13591542152
"7901009",6,0,1,0.022428,1,0,1,147.042991231257,1,4.86780780190511,260,1,20.3549995422363,36.7830009460449,0.0224280003458261,0.00934499967843294,141.796295166016,-89.1377,26.6736,15.8945633129542,63,63,63,63,61,63,0,7816,1.08413155380343,27,-89,0.001869,51,2023-07-28 02:02:30.000217,260,1.037,0.0011,"aoml_navis",1027.15641279903
"7901009",6,0,1,0.022428,1,0,1,146.365006467923,1,4.86772519167874,262,1,20.3059997558594,36.7770004272461,0.0224280003458261,0.00934499967843294,141.142501831055,-89.1377,26.6736,15.8945633129542,63,63,63,63,61,63,0,7816,1.08413155380343,27,-89,0.001869,51,2023-07-28 02:02:30.000217,262,1.037,0.0011,"aoml_navis",1027.17384468363
"7901009",6,-0.00344792104508541,1,0.01869,1,-0.003738,1,145.091049568239,1,4.86759315539316,264,1,20.181999206543,36.757999420166,0.0186899993568659,0.00560700008645654,139.914001464844,-89.1377,26.6736,15.8945633129542,63,63,63,63,61,63,-0.003738,7816,1.08413155380343,27,-89,0.001869,51,2023-07-28 02:02:30.000217,264,1.037,0.0011,"aoml_navis",1027.20170736951
"7901009",6,0,1,0.022428,1,0,1,144.106201815307,1,4.86751015929019,266,1,20.0620002746582,36.7270011901855,0.0224280003458261,0.00934499967843294,138.964294433594,-89.1377,26.6736,15.8945633129542,63,63,63,63,61,63,0,7816,1.08413155380343,27,-89,0.001869,51,2023-07-28 02:02:30.000217,266,1.037,0.0011,"aoml_navis",1027.21922222534
"7901009",6,-0.00172396052254271,1,0.020559,1,-0.001869,1,141.845023654289,1,4.86742311305632,268,1,20.0429992675781,36.7330017089844,0.020558999851346,0.00747600011527538,136.783798217773,-89.1377,26.6736,15.8945633129542,63,63,63,63,61,63,-0.001869,7816,1.08413155380343,27,-89,0.001869,51,2023-07-28 02:02:30.000217,268,1.037,0.0011,"aoml_navis",1027.23759243121
"7901009",6,0.00689584209017082,1,0.029904,1,0.007476,1,137.680212637929,1,4.8673106386931,270,1,19.9050006866455,36.7039985656738,0.0299040004611015,0.0168210007250309,132.767593383789,-89.1377,26.6736,15.8945633129542,63,63,63,63,61,63,0.007476,7816,1.08413155380343,27,-89,0.001869,51,2023-07-28 02:02:30.000217,270,1.037,0.0011,"aoml_navis",1027.26132995336
"7901009",6,0.0155156447028843,1,0.039249,1,0.016821,1,137.726986576837,1,4.86718248803731,272,1,19.6770000457764,36.6479988098145,0.0392489992082119,0.0261659994721413,132.812698364258,-89.1377,26.6736,15.8945633129542,63,63,63,63,61,63,0.016821,7816,1.08413155380343,27,-89,0.001869,51,2023-07-28 02:02:30.000217,272,1.037,0.0011,"aoml_navis",1027.28837726737
"7901009",6,0.0172396052254271,1,0.041118,1,0.01869,1,139.775166093861,1,4.8671109397052,274,1,19.6100006103516,36.632999420166,0.041117999702692,0.0280349999666214,134.787796020508,-89.1377,26.6736,15.8945633129542,63,63,63,63,61,63,0.01869,7816,1.08413155380343,27,-89,0.001869,51,2023-07-28 02:02:30.000217,274,1.037,0.0011,"aoml_navis",1027.30347878671
"7901009",6,0.00517188156762812,1,0.028035,1,0.005607,1,143.807028992931,1,4.8669715231932,276,1,19.5319995880127,36.632999420166,0.0280349999666214,0.0149520002305508,138.675796508789,-89.1377,26.6736,15.8945633129542,63,63,63,63,61,63,0.005607,7816,1.08413155380343,27,-89,0.001869,51,2023-07-28 02:02:30.000217,276,1.037,0.0011,"aoml_navis",1027.3329063408
"7901009",6,0.00344792104508541,1,0.026166,1,0.003738,1,146.070802189802,1,4.86684829654432,278,1,19.5499992370605,36.6619987487793,0.0261659994721413,0.0130829997360706,140.858795166016,-89.1377,26.6736,15.8945633129542,63,63,63,63,61,63,0.003738,7816,1.08413155380343,27,-89,0.001869,51,2023-07-28 02:02:30.000217,278,1.037,0.0011,"aoml_navis",1027.35891799837
"7901009",6,0,1,0.022428,1,0,1,147.340819065538,1,4.86680079659208,280,1,19.5650005340576,36.6689987182617,0.0224280003458261,0.00934499967843294,142.08349609375,-89.1377,26.6736,15.8945633129542,63,63,63,63,61,63,0,7816,1.08413155380343,27,-89,0.001869,51,2023-07-28 02:02:30.000217,280,1.037,0.0011,"aoml_navis",1027.36894501645
"7901009",6,-0.00172396052254271,1,0.020559,1,-0.001869,1,148.766079214154,1,4.86675548824304,282,1,19.576000213623,36.673999786377,0.020558999851346,0.00747600011527538,143.457901000977,-89.1377,26.6736,15.8945633129542,63,63,63,63,61,63,-0.001869,7816,1.08413155380343,27,-89,0.001869,51,2023-07-28 02:02:30.000217,282,1.037,0.0011,"aoml_navis",1027.37850957971
"7901009",6,-0.00861980261271353,1,0.013083,1,-0.009345,1,149.565919898846,1,4.86663233276786,284,1,19.507999420166,36.6730003356934,0.0130829997360706,0,144.229202270508,-89.1377,26.6736,15.8945633129542,63,63,63,63,61,63,-0.009345,7816,1.08413155380343,27,-89,0.001869,51,2023-07-28 02:02:30.000217,284,1.037,0.0011,"aoml_navis",1027.40450852105
"7901009",6,-0.00517188156762812,1,0.016821,1,-0.005607,1,149.673867060969,1,4.86656275615117,286,1,19.4710006713867,36.6679992675781,0.0168210007250309,0.00373800005763769,144.333297729492,-89.1377,26.6736,15.8945633129542,63,63,63,63,61,63,-0.005607,7816,1.08413155380343,27,-89,0.001869,51,2023-07-28 02:02:30.000217,286,1.037,0.0011,"aoml_navis",1027.41919719008
"7901009",6,-0.00344792104508541,1,0.01869,1,-0.003738,1,149.752999831091,1,4.86647549937809,288,1,19.4169998168945,36.6619987487793,0.0186899993568659,0.00560700008645654,144.409606933594,-89.1377,26.6736,15.8945633129542,63,63,63,63,61,63,-0.003738,7816,1.08413155380343,27,-89,0.001869,51,2023-07-28 02:02:30.000217,288,1.037,0.0011,"aoml_navis",1027.43761899941
"7901009",6,-0.00344792104508541,1,0.01869,1,-0.003738,1,149.522057463577,1,4.86642373521655,290,1,19.3969993591309,36.6580009460449,0.0186899993568659,0.00560700008645654,144.186904907227,-89.1377,26.6736,15.8945633129542,63,63,63,63,61,63,-0.003738,7816,1.08413155380343,27,-89,0.001869,51,2023-07-28 02:02:30.000217,290,1.037,0.0011,"aoml_navis",1027.44854785596
"7901009",6,-0.00517188156762812,1,0.016821,1,-0.005607,1,149.46749841711,1,4.8663527632501,292,1,19.3530006408691,36.6510009765625,0.0168210007250309,0.00373800005763769,144.134292602539,-89.1377,26.6736,15.8945633129542,63,63,63,63,61,63,-0.005607,7816,1.08413155380343,27,-89,0.001869,51,2023-07-28 02:02:30.000217,292,1.037,0.0011,"aoml_navis",1027.46353239313
"7901009",6,-0.00517188156762812,1,0.016821,1,-0.005607,1,149.458384144847,1,4.86625921480979,294,1,19.2880001068115,36.6430015563965,0.0168210007250309,0.00373800005763769,144.125503540039,-89.1377,26.6736,15.8945633129542,63,63,63,63,61,63,-0.005607,7816,1.08413155380343,27,-89,0.001869,51,2023-07-28 02:02:30.000217,294,1.037,0.0011,"aoml_navis",1027.48328424084
"7901009",6,-0.00689584209017082,1,0.014952,1,-0.007476,1,149.716590212204,1,4.86614886049851,296,1,19.1919994354248,36.6290016174316,0.0149520002305508,0.00186900002881885,144.374496459961,-89.1377,26.6736,15.8945633129542,63,63,63,63,61,63,-0.007476,7816,1.08413155380343,27,-89,0.001869,51,2023-07-28 02:02:30.000217,296,1.037,0.0011,"aoml_navis",1027.50658546187
"7901009",6,-0.00689584209017082,1,0.014952,1,-0.007476,1,149.957184847219,1,4.86607834966146,298,1,19.1509990692139,36.6230010986328,0.0149520002305508,0.00186900002881885,144.606506347656,-89.1377,26.6736,15.8945633129542,63,63,63,63,61,63,-0.007476,7816,1.08413155380343,27,-89,0.001869,51,2023-07-28 02:02:30.000217,298,1.037,0.0011,"aoml_navis",1027.52147431984
"7901009",6,-0.00517188156762812,1,0.016821,1,-0.005607,1,149.922230980153,1,4.86601547926104,300,1,19.1189994812012,36.6180000305176,0.0168210007250309,0.00373800005763769,144.572799682617,-89.1377,26.6736,15.8945633129542,63,63,63,63,61,63,-0.005607,7816,1.08413155380343,27,-89,0.001869,51,2023-07-28 02:02:30.000217,300,1.037,0.0011,"aoml_navis",1027.5347502099
"7901009",6,-0.00172396052254271,1,0.020559,1,-0.001869,1,149.830771789729,1,4.86594248365769,302,1,19.0729999542236,36.6110000610352,0.020558999851346,0.00747600011527538,144.484603881836,-89.1377,26.6736,15.8945633129542,63,63,63,63,61,63,-0.001869,7816,1.08413155380343,27,-89,0.001869,51,2023-07-28 02:02:30.000217,302,1.037,0.0011,"aoml_navis",1027.55016459659
"7901009",6,0,1,0.022428,1,0,1,150.05693549366,1,4.86581569832186,304,1,18.9659996032715,36.5979995727539,0.0224280003458261,0.00934499967843294,144.702697753906,-89.1377,26.6736,15.8945633129542,63,63,63,63,61,63,0,7816,1.08413155380343,27,-89,0.001869,51,2023-07-28 02:02:30.000217,304,1.037,0.0011,"aoml_navis",1027.57693879043
"7901009",6,-0.00861980261271353,1,0.013083,1,-0.009345,1,150.019608118192,1,4.86575038577871,306,1,18.9260005950928,36.5909996032715,0.0130829997360706,0,144.666702270508,-89.1377,26.6736,15.8945633129542,63,63,63,63,61,63,-0.009345,7816,1.08413155380343,27,-89,0.001869,51,2023-07-28 02:02:30.000217,306,1.037,0.0011,"aoml_navis",1027.59073186608
"7901009",6,0,1,0.013083,1,-0.009345,1,149.89952441644,1,4.86565041182682,308,1,18.8519992828369,36.5820007324219,0.0130829997360706,0,144.550903320312,-89.1377,26.6736,15.8945633129542,63,63,63,63,61,63,0,7816,1.08413155380343,27,-89,0.001869,51,2023-07-28 02:02:30.000217,308,1.037,0.0011,"aoml_navis",1027.61184565307
"7901009",6,0,1,0.016821,1,-0.005607,1,149.368776290977,1,4.86557534146095,310,1,18.8010005950928,36.5740013122559,0.0168210007250309,0,144.039093017578,-89.1377,26.6736,15.8945633129542,63,63,63,63,61,63,0,7816,1.08413155380343,27,-89,0.001869,51,2023-07-28 02:02:30.000217,310,1.037,0.0011,"aoml_navis",1027.62770055035
"7901009",6,0,1,0.014952,1,-0.007476,1,149.477467152399,1,4.86550535812796,312,1,18.7569999694824,36.5670013427734,0.0149520002305508,0,144.143905639648,-89.1377,26.6736,15.8945633129542,63,63,63,63,61,63,0,7816,1.08413155380343,27,-89,0.001869,51,2023-07-28 02:02:30.000217,312,1.037,0.0011,"aoml_navis",1027.64248150449
"7901009",6,0,1,0.01869,1,-0.003738,1,149.583230686791,1,4.86543299376835,314,1,18.7110004425049,36.560001373291,0.0186899993568659,0,144.245895385742,-89.1377,26.6736,15.8945633129542,63,63,63,63,61,63,0,7816,1.08413155380343,27,-89,0.001869,51,2023-07-28 02:02:30.000217,314,1.037,0.0011,"aoml_navis",1027.65776579474
"7901009",6,0,1,0.016821,1,-0.005607,1,149.429142521334,1,4.86538297624574,316,1,18.6919994354248,36.5559997558594,0.0168210007250309,0,144.097305297852,-89.1377,26.6736,15.8945633129542,63,63,63,63,61,63,0,7816,1.08413155380343,27,-89,0.001869,51,2023-07-28 02:02:30.000217,316,1.037,0.0011,"aoml_navis",1027.66833040924
"7901009",6,0,1,0.013083,1,-0.009345,1,149.195700058304,1,4.86529217431206,318,1,18.6219997406006,36.5460014343262,0.0130829997360706,0,143.872192382812,-89.1377,26.6736,15.8945633129542,63,63,63,63,61,63,0,7816,1.08413155380343,27,-89,0.001869,51,2023-07-28 02:02:30.000217,318,1.037,0.0011,"aoml_navis",1027.68750999152
"7901009",6,0,1,0.022428,1,0,1,149.165746382271,1,4.86518926761935,320,1,18.5359992980957,36.5340003967285,0.0224280003458261,0,143.843307495117,-89.1377,26.6736,15.8945633129542,63,63,63,63,61,63,0,7816,1.08413155380343,27,-89,0.001869,51,2023-07-28 02:02:30.000217,320,1.037,0.0011,"aoml_navis",1027.70924725948
"7901009",6,0,1,0.01869,1,-0.003738,1,149.251699033201,1,4.86514509122794,321.899993896484,1,18.5200004577637,36.5299987792969,0.0186899993568659,0,143.926193237305,-89.1377,26.6736,15.8945633129542,63,63,63,63,61,63,0,7816,1.08413155380343,27,-89,0.001869,51,2023-07-28 02:02:30.000217,321.899993896484,1.037,0.0011,"aoml_navis",1027.71857904407
"7901009",6,0,1,0.016821,1,-0.005607,1,149.298267268048,1,4.86509893885877,323.899993896484,1,18.5100002288818,36.5279998779297,0.0168210007250309,0,143.971099853516,-89.1377,26.6736,15.8945633129542,63,63,63,63,61,63,0,7816,1.08413155380343,27,-89,0.001869,51,2023-07-28 02:02:30.000217,323.899993896484,1.037,0.0011,"aoml_navis",1027.72832841358
"7901009",6,0,1,0.016821,1,-0.005607,1,149.149353350908,1,4.86503842597947,326,1,18.4810009002686,36.5229988098145,0.0168210007250309,0,143.827499389648,-89.1377,26.6736,15.8945633129542,63,63,63,63,61,63,0,7816,1.08413155380343,27,-89,0.001869,51,2023-07-28 02:02:30.000217,326,1.037,0.0011,"aoml_navis",1027.74111162202
"7901009",6,0,1,0.016821,1,-0.005607,1,149.085157860328,1,4.86492376695234,328,1,18.378999710083,36.5089988708496,0.0168210007250309,0,143.765594482422,-89.1377,26.6736,15.8945633129542,63,63,63,63,61,63,0,7816,1.08413155380343,27,-89,0.001869,51,2023-07-28 02:02:30.000217,328,1.037,0.0011,"aoml_navis",1027.76533395348
"7901009",6,0,1,0.01869,1,-0.003738,1,148.853503440294,1,4.86482889574618,330,1,18.2929992675781,36.4949989318848,0.0186899993568659,0,143.542205810547,-89.1377,26.6736,15.8945633129542,63,63,63,63,61,63,0,7816,1.08413155380343,27,-89,0.001869,51,2023-07-28 02:02:30.000217,330,1.037,0.0011,"aoml_navis",1027.78537686536
"7901009",6,0,1,0.020559,1,-0.001869,1,148.689446539549,1,4.86471136703342,332,1,18.181999206543,36.4790000915527,0.020558999851346,0,143.384002685547,-89.1377,26.6736,15.8945633129542,63,63,63,63,61,63,0,7816,1.08413155380343,27,-89,0.001869,51,2023-07-28 02:02:30.000217,332,1.037,0.0011,"aoml_navis",1027.8102075867
"7901009",6,0,1,0.01869,1,-0.003738,1,148.086005763427,1,4.86463642105101,334,1,18.1180000305176,36.4669990539551,0.0186899993568659,0,142.802093505859,-89.1377,26.6736,15.8945633129542,63,63,63,63,61,63,0,7816,1.08413155380343,27,-89,0.001869,51,2023-07-28 02:02:30.000217,334,1.037,0.0011,"aoml_navis",1027.82604232522
"7901009",6,0,1,0.016821,1,-0.005607,1,147.513278186027,1,4.8645532108433,336,1,18.0470008850098,36.4550018310547,0.0168210007250309,0,142.249801635742,-89.1377,26.6736,15.8945633129542,63,63,63,63,61,63,0,7816,1.08413155380343,27,-89,0.001869,51,2023-07-28 02:02:30.000217,336,1.037,0.0011,"aoml_navis",1027.84362371755
"7901009",6,0,1,0.016821,1,-0.005607,1,146.804073875512,1,4.8644773834334,338,1,17.9850006103516,36.4440002441406,0.0168210007250309,0,141.565902709961,-89.1377,26.6736,15.8945633129542,63,63,63,63,61,63,0,7816,1.08413155380343,27,-89,0.001869,51,2023-07-28 02:02:30.000217,338,1.037,0.0011,"aoml_navis",1027.85964573052
"7901009",6,0,1,0.01869,1,-0.003738,1,145.877503665544,1,4.86439820107028,340,1,17.9109992980957,36.4300003051758,0.0186899993568659,0,140.672393798828,-89.1377,26.6736,15.8945633129542,63,63,63,63,61,63,0,7816,1.08413155380343,27,-89,0.001869,51,2023-07-28 02:02:30.000217,340,1.037,0.0011,"aoml_navis",1027.87637716417
"7901009",6,0,1,0.016821,1,-0.005607,1,145.501492464501,1,4.86425768999077,342,1,17.757999420166,36.4070014953613,0.0168210007250309,0,140.309799194336,-89.1377,26.6736,15.8945633129542,63,63,63,63,61,63,0,7816,1.08413155380343,27,-89,0.001869,51,2023-07-28 02:02:30.000217,342,1.037,0.0011,"aoml_navis",1027.90606885169
"7901009",6,0,1,0.014952,1,-0.007476,1,144.703107531629,1,4.86417194612929,344,1,17.6840000152588,36.3950004577637,0.0149520002305508,0,139.539901733398,-89.1377,26.6736,15.8945633129542,63,63,63,63,61,63,0,7816,1.08413155380343,27,-89,0.001869,51,2023-07-28 02:02:30.000217,344,1.037,0.0011,"aoml_navis",1027.92418840761
"7901009",6,0,1,0.01869,1,-0.003738,1,142.535983596887,1,4.86407981462929,346,1,17.5830001831055,36.3759994506836,0.0186899993568659,0,137.450103759766,-89.1377,26.6736,15.8945633129542,63,63,63,63,61,63,0,7816,1.08413155380343,27,-89,0.001869,51,2023-07-28 02:02:30.000217,346,1.037,0.0011,"aoml_navis",1027.94365852343
"7901009",6,0,1,0.020559,1,-0.001869,1,140.395300545743,1,4.86394515786843,348,1,17.423999786377,36.3499984741211,0.020558999851346,0,135.385803222656,-89.1377,26.6736,15.8945633129542,63,63,63,63,61,63,0,7816,1.08413155380343,27,-89,0.001869,51,2023-07-28 02:02:30.000217,348,1.037,0.0011,"aoml_navis",1027.97211681375
"7901009",6,0,1,0.01869,1,-0.003738,1,138.025130878906,1,4.86387116519116,350,1,17.3530006408691,36.3359985351562,0.0186899993568659,0,133.100204467773,-89.1377,26.6736,15.8945633129542,63,63,63,63,61,63,0,7816,1.08413155380343,27,-89,0.001869,51,2023-07-28 02:02:30.000217,350,1.037,0.0011,"aoml_navis",1027.98775505878
"7901009",6,0,1,0.020559,1,-0.001869,1,135.777845653734,1,4.86372775438898,352,1,17.1790008544922,36.3079986572266,0.020558999851346,0,130.93310546875,-89.1377,26.6736,15.8945633129542,63,63,63,63,61,63,0,7816,1.08413155380343,27,-89,0.001869,51,2023-07-28 02:02:30.000217,352,1.037,0.0011,"aoml_navis",1028.01806607865
"7901009",6,0,1,0.01869,1,-0.003738,1,135.528136746456,1,4.86361345087331,354,1,17.0540008544922,36.2879981994629,0.0186899993568659,0,130.692306518555,-89.1377,26.6736,15.8945633129542,63,63,63,63,61,63,0,7816,1.08413155380343,27,-89,0.001869,51,2023-07-28 02:02:30.000217,354,1.037,0.0011,"aoml_navis",1028.04222632089
"7901009",6,0,1,0.01869,1,-0.003738,1,135.901236443859,1,4.86347550956533,356,1,16.9080009460449,36.2680015563965,0.0186899993568659,0,131.052093505859,-89.1377,26.6736,15.8945633129542,63,63,63,63,61,63,0,7816,1.08413155380343,27,-89,0.001869,51,2023-07-28 02:02:30.000217,356,1.037,0.0011,"aoml_navis",1028.07138437649
"7901009",6,0,1,0.01869,1,-0.003738,1,135.615244504809,1,4.86342704708475,358,1,16.882999420166,36.2620010375977,0.0186899993568659,0,130.776306152344,-89.1377,26.6736,15.8945633129542,63,63,63,63,61,63,0,7816,1.08413155380343,27,-89,0.001869,51,2023-07-28 02:02:30.000217,358,1.037,0.0011,"aoml_navis",1028.08162877597
"7901009",6,0,1,0.01869,1,-0.003738,1,135.223457384587,1,4.86336016359514,360,1,16.8419990539551,36.2560005187988,0.0186899993568659,0,130.398498535156,-89.1377,26.6736,15.8945633129542,63,63,63,63,61,63,0,7816,1.08413155380343,27,-89,0.001869,51,2023-07-28 02:02:30.000217,360,1.037,0.0011,"aoml_navis",1028.09576749583
"7901009",6,0,1,0.020559,1,-0.001869,1,135.085429959317,1,4.86328661196947,362,1,16.7919998168945,36.2490005493164,0.020558999851346,0,130.265396118164,-89.1377,26.6736,15.8945633129542,63,63,63,63,61,63,0,7816,1.08413155380343,27,-89,0.001869,51,2023-07-28 02:02:30.000217,362,1.037,0.0011,"aoml_navis",1028.11131626379
"7901009",6,0,1,0.01869,1,-0.003738,1,135.068008407646,1,4.86322924036871,364,1,16.7560005187988,36.242000579834,0.0186899993568659,0,130.248596191406,-89.1377,26.6736,15.8945633129542,63,63,63,63,61,63,0,7816,1.08413155380343,27,-89,0.001869,51,2023-07-28 02:02:30.000217,364,1.037,0.0011,"aoml_navis",1028.12344491104
"7901009",6,0,1,0.020559,1,-0.001869,1,135.083357095312,1,4.8631573647769,366,1,16.701000213623,36.2330017089844,0.020558999851346,0,130.263397216797,-89.1377,26.6736,15.8945633129542,63,63,63,63,61,63,0,7816,1.08413155380343,27,-89,0.001869,51,2023-07-28 02:02:30.000217,366,1.037,0.0011,"aoml_navis",1028.13864017937
"7901009",6,0,1,0.01869,1,-0.003738,1,135.103785090959,1,4.86310318123589,368,1,16.673999786377,36.2280006408691,0.0186899993568659,0,130.283096313477,-89.1377,26.6736,15.8945633129542,63,63,63,63,61,63,0,7816,1.08413155380343,27,-89,0.001869,51,2023-07-28 02:02:30.000217,368,1.037,0.0011,"aoml_navis",1028.15009545599
"7901009",6,0,1,0.01869,1,-0.003738,1,135.134593230016,1,4.86303090455759,370,1,16.6280002593994,36.2220001220703,0.0186899993568659,0,130.312805175781,-89.1377,26.6736,15.8945633129542,63,63,63,63,61,63,0,7816,1.08413155380343,27,-89,0.001869,51,2023-07-28 02:02:30.000217,370,1.037,0.0011,"aoml_navis",1028.16537631173
"7901009",6,0,1,0.024297,1,0.001869,1,135.070919911286,1,4.86297222277359,372,1,16.5970001220703,36.2169990539551,0.0242970008403063,0,130.251403808594,-89.1377,26.6736,15.8945633129542,63,63,63,63,61,63,0,7816,1.08413155380343,27,-89,0.001869,51,2023-07-28 02:02:30.000217,372,1.037,0.0011,"aoml_navis",1028.17778324637
"7901009",6,0,1,0.020559,1,-0.001869,1,135.076521391114,1,4.86292572990203,374,1,16.5830001831055,36.2140007019043,0.020558999851346,0,130.256805419922,-89.1377,26.6736,15.8945633129542,63,63,63,63,61,63,0,7816,1.08413155380343,27,-89,0.001869,51,2023-07-28 02:02:30.000217,374,1.037,0.0011,"aoml_navis",1028.18761332403
"7901009",6,0,1,0.022428,1,0,1,135.19503857732,1,4.86286803996714,376,1,16.5559997558594,36.2099990844727,0.0224280003458261,0,130.37109375,-89.1377,26.6736,15.8945633129542,63,63,63,63,61,63,0,7816,1.08413155380343,27,-89,0.001869,51,2023-07-28 02:02:30.000217,376,1.037,0.0011,"aoml_navis",1028.19981107976
"7901009",6,0,1,0.016821,1,-0.005607,1,135.468197747611,1,4.86279295987438,378,1,16.5009994506836,36.2019996643066,0.0168210007250309,0,130.634506225586,-89.1377,26.6736,15.8945633129542,63,63,63,63,61,63,0,7816,1.08413155380343,27,-89,0.001869,51,2023-07-28 02:02:30.000217,378,1.037,0.0011,"aoml_navis",1028.21568618236
"7901009",6,0,1,0.022428,1,0,1,135.81548949699,1,4.8627291582958,380,1,16.4589996337891,36.1949996948242,0.0224280003458261,0,130.96940612793,-89.1377,26.6736,15.8945633129542,63,63,63,63,61,63,0,7816,1.08413155380343,27,-89,0.001869,51,2023-07-28 02:02:30.000217,380,1.037,0.0011,"aoml_navis",1028.22917691602
"7901009",6,0,1,0.01869,1,-0.003738,1,135.982236373924,1,4.86267088736716,382,1,16.4249992370605,36.1889991760254,0.0186899993568659,0,131.13020324707,-89.1377,26.6736,15.8945633129542,63,63,63,63,61,63,0,7816,1.08413155380343,27,-89,0.001869,51,2023-07-28 02:02:30.000217,382,1.037,0.0011,"aoml_navis",1028.2414985126
"7901009",6,0,1,0.022428,1,0,1,136.191184230246,1,4.86260244929837,384,1,16.3819999694824,36.1829986572266,0.0224280003458261,0,131.331695556641,-89.1377,26.6736,15.8945633129542,63,63,63,63,61,63,0,7816,1.08413155380343,27,-89,0.001869,51,2023-07-28 02:02:30.000217,384,1.037,0.0011,"aoml_navis",1028.25597036448
"7901009",6,0,1,0.020559,1,-0.001869,1,136.251328933153,1,4.86254834811322,386,1,16.3579998016357,36.1790008544922,0.020558999851346,0,131.389694213867,-89.1377,26.6736,15.8945633129542,63,63,63,63,61,63,0,7816,1.08413155380343,27,-89,0.001869,51,2023-07-28 02:02:30.000217,386,1.037,0.0011,"aoml_navis",1028.26741084027
"7901009",6,0,1,0.016821,1,-0.005607,1,136.21773587757,1,4.86249360341266,388,1,16.3269996643066,36.1730003356934,0.0168210007250309,0,131.357299804688,-89.1377,26.6736,15.8945633129542,63,63,63,63,61,63,0,7816,1.08413155380343,27,-89,0.001869,51,2023-07-28 02:02:30.000217,388,1.037,0.0011,"aoml_navis",1028.2789876558
"7901009",6,0,1,0.01869,1,-0.003738,1,136.404182874241,1,4.86239625109533,390,1,16.2390003204346,36.1609992980957,0.0186899993568659,0,131.537094116211,-89.1377,26.6736,15.8945633129542,63,63,63,63,61,63,0,7816,1.08413155380343,27,-89,0.001869,51,2023-07-28 02:02:30.000217,390,1.037,0.0011,"aoml_navis",1028.299575312
"7901009",6,0,1,0.020559,1,-0.001869,1,136.319780915466,1,4.86233022538303,392,1,16.1849994659424,36.1510009765625,0.020558999851346,0,131.455703735352,-89.1377,26.6736,15.8945633129542,63,63,63,63,61,63,0,7816,1.08413155380343,27,-89,0.001869,51,2023-07-28 02:02:30.000217,392,1.037,0.0011,"aoml_navis",1028.31353861946
"7901009",6,0,1,0.020559,1,-0.001869,1,136.175740602244,1,4.86226520298925,394,1,16.1350002288818,36.1419982910156,0.020558999851346,0,131.316802978516,-89.1377,26.6736,15.8945633129542,63,63,63,63,61,63,0,7816,1.08413155380343,27,-89,0.001869,51,2023-07-28 02:02:30.000217,394,1.037,0.0011,"aoml_navis",1028.32729011286
"7901009",6,0,1,0.01869,1,-0.003738,1,136.046210337053,1,4.86218731584618,396,1,16.0669994354248,36.1310005187988,0.0186899993568659,0,131.19189453125,-89.1377,26.6736,15.8945633129542,63,63,63,63,61,63,0,7816,1.08413155380343,27,-89,0.001869,51,2023-07-28 02:02:30.000217,396,1.037,0.0011,"aoml_navis",1028.34376283791
"7901009",6,0,1,0.020559,1,-0.001869,1,135.525430946877,1,4.86211495688329,398,1,16.0069999694824,36.1209983825684,0.020558999851346,0,130.689697265625,-89.1377,26.6736,15.8945633129542,63,63,63,63,61,63,0,7816,1.08413155380343,27,-89,0.001869,51,2023-07-28 02:02:30.000217,398,1.037,0.0011,"aoml_navis",1028.35906685454
"7901009",6,0,1,0.022428,1,0,1,135.209564448741,1,4.86200564707188,400,1,15.8909997940063,36.1040000915527,0.0224280003458261,0,130.385101318359,-89.1377,26.6736,15.8945633129542,63,63,63,63,61,63,0,7816,1.08413155380343,27,-89,0.001869,51,2023-07-28 02:02:30.000217,400,1.037,0.0011,"aoml_navis",1028.3821868885
"7901009",6,0,1,0.01869,1,-0.003738,1,134.784295036661,1,4.86194980903338,402,1,15.8520002365112,36.0960006713867,0.0186899993568659,0,129.975006103516,-89.1377,26.6736,15.8945633129542,63,63,63,63,61,63,0,7816,1.08413155380343,27,-89,0.001869,51,2023-07-28 02:02:30.000217,402,1.037,0.0011,"aoml_navis",1028.39399755014
"7901009",6,0,1,0.020559,1,-0.001869,1,134.233023975215,1,4.86188373400404,404,1,15.8070001602173,36.0890007019043,0.020558999851346,0,129.443405151367,-89.1377,26.6736,15.8945633129542,63,63,63,63,61,63,0,7816,1.08413155380343,27,-89,0.001869,51,2023-07-28 02:02:30.000217,404,1.037,0.0011,"aoml_navis",1028.40797385383
"7901009",6,0,1,0.01869,1,-0.003738,1,133.701975205354,1,4.86181390075678,406,1,15.7519998550415,36.0800018310547,0.0186899993568659,0,128.931304931641,-89.1377,26.6736,15.8945633129542,63,63,63,63,61,63,0,7816,1.08413155380343,27,-89,0.001869,51,2023-07-28 02:02:30.000217,406,1.037,0.0011,"aoml_navis",1028.42274551515
"7901009",6,0,1,0.024297,1,0.001869,1,132.814615354187,1,4.86176320152012,408,1,15.7239999771118,36.0740013122559,0.0242970008403063,0,128.075607299805,-89.1377,26.6736,15.8945633129542,63,63,63,63,61,63,0,7816,1.08413155380343,27,-89,0.001869,51,2023-07-28 02:02:30.000217,408,1.037,0.0011,"aoml_navis",1028.43347007042
"7901009",6,0,1,0.01869,1,-0.003738,1,130.881432319239,1,4.86169323649339,410,1,15.6719999313354,36.0660018920898,0.0186899993568659,0,126.211402893066,-89.1377,26.6736,15.8945633129542,63,63,63,63,61,63,0,7816,1.08413155380343,27,-89,0.001869,51,2023-07-28 02:02:30.000217,410,1.037,0.0011,"aoml_navis",1028.44827034097
"7901009",6,0,1,0.01869,1,-0.003738,1,129.036084918555,1,4.86160689573029,412,1,15.5819997787476,36.0509986877441,0.0186899993568659,0,124.431900024414,-89.1377,26.6736,15.8945633129542,63,63,63,63,61,63,0,7816,1.08413155380343,27,-89,0.001869,51,2023-07-28 02:02:30.000217,412,1.037,0.0011,"aoml_navis",1028.4665352913
"7901009",6,0,1,0.020559,1,-0.001869,1,129.018971922977,1,4.86153964447886,414,1,15.5190000534058,36.0390014648438,0.020558999851346,0,124.415397644043,-89.1377,26.6736,15.8945633129542,63,63,63,63,61,63,0,7816,1.08413155380343,27,-89,0.001869,51,2023-07-28 02:02:30.000217,414,1.037,0.0011,"aoml_navis",1028.48076240176
"7901009",6,0,1,0.022428,1,0,1,130.401714624419,1,4.86144803559811,416,1,15.4270000457764,36.0250015258789,0.0224280003458261,0,125.748802185059,-89.1377,26.6736,15.8945633129542,63,63,63,63,61,63,0,7816,1.08413155380343,27,-89,0.001869,51,2023-07-28 02:02:30.000217,416,1.037,0.0011,"aoml_navis",1028.5001430412
"7901009",6,0,1,0.020559,1,-0.001869,1,131.107706786896,1,4.8613458521388,418,1,15.3149995803833,36.007999420166,0.020558999851346,0,126.42960357666,-89.1377,26.6736,15.8945633129542,63,63,63,63,61,63,0,7816,1.08413155380343,27,-89,0.001869,51,2023-07-28 02:02:30.000217,418,1.037,0.0011,"aoml_navis",1028.52176168462
"7901009",6,0,1,0.022428,1,0,1,130.918862546739,1,4.86127855972333,420,1,15.2580003738403,35.9980010986328,0.0224280003458261,0,126.247497558594,-89.1377,26.6736,15.8945633129542,63,63,63,63,61,63,0,7816,1.08413155380343,27,-89,0.001869,51,2023-07-28 02:02:30.000217,420,1.037,0.0011,"aoml_navis",1028.53599903244
"7901009",6,0,1,0.022428,1,0,1,130.76082644564,1,4.86119583323032,422,1,15.1899995803833,35.9889984130859,0.0224280003458261,0,126.095100402832,-89.1377,26.6736,15.8945633129542,63,63,63,63,61,63,0,7816,1.08413155380343,27,-89,0.001869,51,2023-07-28 02:02:30.000217,422,1.037,0.0011,"aoml_navis",1028.55350237504
"7901009",6,0,1,0.020559,1,-0.001869,1,130.537764126021,1,4.86113386465178,424,1,15.1409997940063,35.9799995422363,0.020558999851346,0,125.879997253418,-89.1377,26.6736,15.8945633129542,63,63,63,63,61,63,0,7816,1.08413155380343,27,-89,0.001869,51,2023-07-28 02:02:30.000217,424,1.037,0.0011,"aoml_navis",1028.5666141305
"7901009",6,0,1,0.022428,1,0,1,130.283078762793,1,4.86106658298915,426,1,15.0869998931885,35.9710006713867,0.0224280003458261,0,125.634399414062,-89.1377,26.6736,15.8945633129542,63,63,63,63,61,63,0,7816,1.08413155380343,27,-89,0.001869,51,2023-07-28 02:02:30.000217,426,1.037,0.0011,"aoml_navis",1028.58085044484
"7901009",6,0,1,0.022428,1,0,1,129.997696024232,1,4.86099617971786,428,1,15.0299997329712,35.9620018005371,0.0224280003458261,0,125.359199523926,-89.1377,26.6736,15.8945633129542,63,63,63,63,61,63,0,7816,1.08413155380343,27,-89,0.001869,51,2023-07-28 02:02:30.000217,428,1.037,0.0011,"aoml_navis",1028.595747691
"7901009",6,0,1,0.01869,1,-0.003738,1,129.433149139124,1,4.86093737040002,430,1,14.9870004653931,35.9539985656738,0.0186899993568659,0,124.814796447754,-89.1377,26.6736,15.8945633129542,63,63,63,63,61,63,0,7816,1.08413155380343,27,-89,0.001869,51,2023-07-28 02:02:30.000217,430,1.037,0.0011,"aoml_navis",1028.60819200156
"7901009",6,0,1,0.022428,1,0,1,128.640571390142,1,4.86087928997912,432,1,14.9479999542236,35.9469985961914,0.0224280003458261,0,124.050498962402,-89.1377,26.6736,15.8945633129542,63,63,63,63,61,63,0,7816,1.08413155380343,27,-89,0.001869,51,2023-07-28 02:02:30.000217,432,1.037,0.0011,"aoml_navis",1028.62048236986
"7901009",6,0,1,0.020559,1,-0.001869,1,128.059750149092,1,4.86081324544777,434,1,14.8879995346069,35.9360008239746,0.020558999851346,0,123.49040222168,-89.1377,26.6736,15.8945633129542,63,63,63,63,61,63,0,7816,1.08413155380343,27,-89,0.001869,51,2023-07-28 02:02:30.000217,434,1.037,0.0011,"aoml_navis",1028.6344583764
"7901009",6,0,1,0.022428,1,0,1,128.126113444011,1,4.86073107661897,436,1,14.8059997558594,35.9230003356934,0.0224280003458261,0,123.554397583008,-89.1377,26.6736,15.8945633129542,63,63,63,63,61,63,0,7816,1.08413155380343,27,-89,0.001869,51,2023-07-28 02:02:30.000217,436,1.037,0.0011,"aoml_navis",1028.65184705464
"7901009",6,0,1,0.022428,1,0,1,128.510843332584,1,4.86062198465384,438,1,14.6780004501343,35.9039993286133,0.0224280003458261,0,123.925399780273,-89.1377,26.6736,15.8945633129542,63,63,63,63,61,63,0,7816,1.08413155380343,27,-89,0.001869,51,2023-07-28 02:02:30.000217,438,1.037,0.0011,"aoml_navis",1028.67493415168
"7901009",6,0,1,0.016821,1,-0.005607,1,128.395111062903,1,4.86053976612174,440,1,14.585000038147,35.8880004882812,0.0168210007250309,0,123.81379699707,-89.1377,26.6736,15.8945633129542,63,63,63,63,61,63,0,7816,1.08413155380343,27,-89,0.001869,51,2023-07-28 02:02:30.000217,440,1.037,0.0011,"aoml_navis",1028.6923347177
"7901009",6,0,1,0.016821,1,-0.005607,1,127.87682385655,1,4.86047384235234,442,1,14.5380001068115,35.8810005187988,0.0168210007250309,0,123.314002990723,-89.1377,26.6736,15.8945633129542,63,63,63,63,61,63,0,7816,1.08413155380343,27,-89,0.001869,51,2023-07-28 02:02:30.000217,442,1.037,0.0011,"aoml_navis",1028.70628711791
"7901009",6,0,1,0.020559,1,-0.001869,1,127.15735016635,1,4.86039122585565,444,1,14.451000213623,35.867000579834,0.020558999851346,0,122.62020111084,-89.1377,26.6736,15.8945633129542,63,63,63,63,61,63,0,7816,1.08413155380343,27,-89,0.001869,51,2023-07-28 02:02:30.000217,444,1.037,0.0011,"aoml_navis",1028.72377297566
"7901009",6,0,1,0.01869,1,-0.003738,1,126.57082459344,1,4.86031475458405,446,1,14.3730001449585,35.8540000915527,0.0186899993568659,0,122.05460357666,-89.1377,26.6736,15.8945633129542,63,63,63,63,61,63,0,7816,1.08413155380343,27,-89,0.001869,51,2023-07-28 02:02:30.000217,446,1.037,0.0011,"aoml_navis",1028.73995872062
"7901009",6,0,1,0.022428,1,0,1,125.483939714306,1,4.86025391738653,448,1,14.3269996643066,35.8460006713867,0.0224280003458261,0,121.006500244141,-89.1377,26.6736,15.8945633129542,63,63,63,63,61,63,0,7816,1.08413155380343,27,-89,0.001869,51,2023-07-28 02:02:30.000217,448,1.037,0.0011,"aoml_navis",1028.75283575485
"7901009",6,0,1,0.020559,1,-0.001869,1,124.543278776124,1,4.86016783156137,450,1,14.2290000915527,35.8300018310547,0.020558999851346,0,120.099403381348,-89.1377,26.6736,15.8945633129542,63,63,63,63,61,63,0,7816,1.08413155380343,27,-89,0.001869,51,2023-07-28 02:02:30.000217,450,1.037,0.0011,"aoml_navis",1028.77105756114
"7901009",6,0,1,0.01869,1,-0.003738,1,123.334648739358,1,4.86008531711703,452,1,14.1479997634888,35.818000793457,0.0186899993568659,0,118.933898925781,-89.1377,26.6736,15.8945633129542,63,63,63,63,61,63,0,7816,1.08413155380343,27,-89,0.001869,51,2023-07-28 02:02:30.000217,452,1.037,0.0011,"aoml_navis",1028.78852401833
"7901009",6,0,1,0.024297,1,0.001869,1,122.10487074273,1,4.86002595163,454,1,14.1099996566772,35.8120002746582,0.0242970008403063,0,117.748001098633,-89.1377,26.6736,15.8945633129542,63,63,63,63,61,63,0,7816,1.08413155380343,27,-89,0.001869,51,2023-07-28 02:02:30.000217,454,1.037,0.0011,"aoml_navis",1028.80109072732
"7901009",6,0,1,0.024297,1,0.001869,1,121.760482585296,1,4.85995989435193,456,1,14.0550003051758,35.8030014038086,0.0242970008403063,0,117.415901184082,-89.1377,26.6736,15.8945633129542,63,63,63,63,61,63,0,7816,1.08413155380343,27,-89,0.001869,51,2023-07-28 02:02:30.000217,456,1.037,0.0011,"aoml_navis",1028.8150743406
"7901009",6,0,1,0.020559,1,-0.001869,1,121.391101384389,1,4.85988467518472,458,1,13.9840002059937,35.7919998168945,0.020558999851346,0,117.059700012207,-89.1377,26.6736,15.8945633129542,63,63,63,63,61,63,0,7816,1.08413155380343,27,-89,0.001869,51,2023-07-28 02:02:30.000217,458,1.037,0.0011,"aoml_navis",1028.83099788987
"7901009",6,0,1,0.014952,1,-0.007476,1,120.968110540375,1,4.85982766314963,460,1,13.9409999847412,35.7840003967285,0.0149520002305508,0,116.651802062988,-89.1377,26.6736,15.8945633129542,63,63,63,63,61,63,0,7816,1.08413155380343,27,-89,0.001869,51,2023-07-28 02:02:30.000217,460,1.037,0.0011,"aoml_navis",1028.84306740201
"7901009",6,0,1,0.022428,1,0,1,120.64953824266,1,4.85974659422591,462,1,13.8640003204346,35.7729988098145,0.0224280003458261,0,116.344596862793,-89.1377,26.6736,15.8945633129542,63,63,63,63,61,63,0,7816,1.08413155380343,27,-89,0.001869,51,2023-07-28 02:02:30.000217,462,1.037,0.0011,"aoml_navis",1028.86023027224
"7901009",6,0,1,0.020559,1,-0.001869,1,120.500007213335,1,4.85967594833932,464,1,13.8039999008179,35.7639999389648,0.020558999851346,0,116.200401306152,-89.1377,26.6736,15.8945633129542,63,63,63,63,61,63,0,7816,1.08413155380343,27,-89,0.001869,51,2023-07-28 02:02:30.000217,464,1.037,0.0011,"aoml_navis",1028.87518697798
"7901009",6,0,1,0.014952,1,-0.007476,1,120.767446228377,1,4.85960454043449,466,1,13.7360000610352,35.7529983520508,0.0149520002305508,0,116.458297729492,-89.1377,26.6736,15.8945633129542,63,63,63,63,61,63,0,7816,1.08413155380343,27,-89,0.001869,51,2023-07-28 02:02:30.000217,466,1.037,0.0011,"aoml_navis",1028.89030545538
"7901009",6,0,1,0.022428,1,0,1,121.19189282421,1,4.85952753711002,468.100006103516,1,13.6429996490479,35.7360000610352,0.0224280003458261,0,116.867599487305,-89.1377,26.6736,15.8945633129542,63,63,63,63,61,63,0,7816,1.08413155380343,27,-89,0.001869,51,2023-07-28 02:02:30.000217,468.100006103516,1.037,0.0011,"aoml_navis",1028.9066090926
"7901009",6,0,1,0.020559,1,-0.001869,1,120.456350482128,1,4.85945111596291,470,1,13.5640001296997,35.7239990234375,0.020558999851346,0,116.158302307129,-89.1377,26.6736,15.8945633129542,63,63,63,63,61,63,0,7816,1.08413155380343,27,-89,0.001869,51,2023-07-28 02:02:30.000217,470,1.037,0.0011,"aoml_navis",1028.92278997836
"7901009",6,0,1,0.022428,1,0,1,119.33421109153,1,4.8593991483986,472,1,13.53600025177,35.7190017700195,0.0224280003458261,0,115.076202392578,-89.1377,26.6736,15.8945633129542,63,63,63,63,61,63,0,7816,1.08413155380343,27,-89,0.001869,51,2023-07-28 02:02:30.000217,472,1.037,0.0011,"aoml_navis",1028.93379352213
"7901009",6,0,1,0.022428,1,0,1,118.469352100013,1,4.85933034277729,474,1,13.4770002365112,35.7099990844727,0.0224280003458261,0,114.242202758789,-89.1377,26.6736,15.8945633129542,63,63,63,63,61,63,0,7816,1.08413155380343,27,-89,0.001869,51,2023-07-28 02:02:30.000217,474,1.037,0.0011,"aoml_navis",1028.94836269607
"7901009",6,0,1,0.024297,1,0.001869,1,117.381430788877,1,4.85924125185752,476,1,13.3870000839233,35.6980018615723,0.0242970008403063,0,113.193099975586,-89.1377,26.6736,15.8945633129542,63,63,63,63,61,63,0,7816,1.08413155380343,27,-89,0.001869,51,2023-07-28 02:02:30.000217,476,1.037,0.0011,"aoml_navis",1028.96722777217
"7901009",6,0,1,0.022428,1,0,1,116.559603504688,1,4.85917746019304,478,1,13.3290004730225,35.6879997253418,0.0224280003458261,0,112.400596618652,-89.1377,26.6736,15.8945633129542,63,63,63,63,61,63,0,7816,1.08413155380343,27,-89,0.001869,51,2023-07-28 02:02:30.000217,478,1.037,0.0011,"aoml_navis",1028.98073613499
"7901009",6,0,1,0.024297,1,0.001869,1,116.221236146901,1,4.8591151781873,480,1,13.2760000228882,35.6790008544922,0.0242970008403063,0,112.07430267334,-89.1377,26.6736,15.8945633129542,63,63,63,63,61,63,0,7816,1.08413155380343,27,-89,0.001869,51,2023-07-28 02:02:30.000217,480,1.037,0.0011,"aoml_navis",1028.99392515846
"7901009",6,0,1,0.028035,1,0.005607,1,115.905053180977,1,4.85905237965917,482,1,13.2259998321533,35.6710014343262,0.0280349999666214,0,111.769401550293,-89.1377,26.6736,15.8945633129542,63,63,63,63,61,63,0,7816,1.08413155380343,27,-89,0.001869,51,2023-07-28 02:02:30.000217,482,1.037,0.0011,"aoml_navis",1029.00722390457
"7901009",6,0,1,0.022428,1,0,1,115.134145563705,1,4.85896054277896,484,1,13.125,35.6570014953613,0.0224280003458261,0,111.026000976562,-89.1377,26.6736,15.8945633129542,63,63,63,63,61,63,0,7816,1.08413155380343,27,-89,0.001869,51,2023-07-28 02:02:30.000217,484,1.037,0.0011,"aoml_navis",1029.02667267604
"7901009",6,0,1,0.026166,1,0.003738,1,115.343512739845,1,4.85887743946911,486,1,13.03600025177,35.6440010070801,0.0261659994721413,0,111.227897644043,-89.1377,26.6736,15.8945633129542,63,63,63,63,61,63,0,7816,1.08413155380343,27,-89,0.001869,51,2023-07-28 02:02:30.000217,486,1.037,0.0011,"aoml_navis",1029.04427252775
"7901009",6,0,1,0.01869,1,-0.003738,1,115.631593366289,1,4.85881846761406,488,1,12.9820003509521,35.6339988708496,0.0186899993568659,0,111.505699157715,-89.1377,26.6736,15.8945633129542,63,63,63,63,61,63,0,7816,1.08413155380343,27,-89,0.001869,51,2023-07-28 02:02:30.000217,488,1.037,0.0011,"aoml_navis",1029.05676211757
"7901009",6,0,1,0.024297,1,0.001869,1,115.866270053688,1,4.85875132414247,490,1,12.9270000457764,35.6259994506836,0.0242970008403063,0,111.732002258301,-89.1377,26.6736,15.8945633129542,63,63,63,63,61,63,0,7816,1.08413155380343,27,-89,0.001869,51,2023-07-28 02:02:30.000217,490,1.037,0.0011,"aoml_navis",1029.07098273494
"7901009",6,0,1,0.026166,1,0.003738,1,116.401464551558,1,4.8586850647272,492,1,12.8579998016357,35.6139984130859,0.0261659994721413,0,112.248100280762,-89.1377,26.6736,15.8945633129542,63,63,63,63,61,63,0,7816,1.08413155380343,27,-89,0.001869,51,2023-07-28 02:02:30.000217,492,1.037,0.0011,"aoml_navis",1029.08501649936
"7901009",6,0,1,0.022428,1,0,1,116.383940147857,1,4.85861101354575,494,1,12.7919998168945,35.6049995422363,0.0224280003458261,0,112.231201171875,-89.1377,26.6736,15.8945633129542,63,63,63,63,61,63,0,7816,1.08413155380343,27,-89,0.001869,51,2023-07-28 02:02:30.000217,494,1.037,0.0011,"aoml_navis",1029.10070101518
"7901009",6,0,1,0.024297,1,0.001869,1,116.029385462768,1,4.85854541675868,496,1,12.7270002365112,35.5940017700195,0.0242970008403063,0,111.889297485352,-89.1377,26.6736,15.8945633129542,63,63,63,63,61,63,0,7816,1.08413155380343,27,-89,0.001869,51,2023-07-28 02:02:30.000217,496,1.037,0.0011,"aoml_navis",1029.11459523531
"7901009",6,0,1,0.022428,1,0,1,115.430209090075,1,4.85847619009243,498,1,12.6730003356934,35.5870018005371,0.0224280003458261,0,111.311500549316,-89.1377,26.6736,15.8945633129542,63,63,63,63,61,63,0,7816,1.08413155380343,27,-89,0.001869,51,2023-07-28 02:02:30.000217,498,1.037,0.0011,"aoml_navis",1029.12925871617
"7901009",6,0,1,0.024297,1,0.001869,1,115.132903427642,1,4.85842299385319,500,1,12.6389999389648,35.5810012817383,0.0242970008403063,0,111.024803161621,-89.1377,26.6736,15.8945633129542,63,63,63,63,61,63,0,7816,1.08413155380343,27,-89,0.001869,51,2023-07-28 02:02:30.000217,500,1.037,0.0011,"aoml_navis",1029.14052694175
"7901009",6,0,1,0.024297,1,0.001869,1,114.935142707588,1,4.85836105291944,502,1,12.5959997177124,35.5750007629395,0.0242970008403063,0,110.834098815918,-89.1377,26.6736,15.8945633129542,63,63,63,63,61,63,0,7816,1.08413155380343,27,-89,0.001869,51,2023-07-28 02:02:30.000217,502,1.037,0.0011,"aoml_navis",1029.15364781204
"7901009",6,0,1,0.024297,1,0.001869,1,114.775033742484,1,4.85829550940065,504,1,12.5380001068115,35.5660018920898,0.0242970008403063,0,110.679702758789,-89.1377,26.6736,15.8945633129542,63,63,63,63,61,63,0,7816,1.08413155380343,27,-89,0.001869,51,2023-07-28 02:02:30.000217,504,1.037,0.0011,"aoml_navis",1029.16753217773
"7901009",6,0,1,0.026166,1,0.003738,1,114.957232159116,1,4.85822526275564,506,1,12.4750003814697,35.556999206543,0.0261659994721413,0,110.855400085449,-89.1377,26.6736,15.8945633129542,63,63,63,63,61,63,0,7816,1.08413155380343,27,-89,0.001869,51,2023-07-28 02:02:30.000217,506,1.037,0.0011,"aoml_navis",1029.1824132428
"7901009",6,0,1,0.024297,1,0.001869,1,114.785500914537,1,4.85818564396873,508,1,12.4659996032715,35.5540008544922,0.0242970008403063,0,110.689796447754,-89.1377,26.6736,15.8945633129542,63,63,63,63,61,63,0,7816,1.08413155380343,27,-89,0.001869,51,2023-07-28 02:02:30.000217,508,1.037,0.0011,"aoml_navis",1029.19080628533
"7901009",6,0,1,0.024297,1,0.001869,1,114.851563565059,1,4.85812594178531,510,1,12.4250001907349,35.5480003356934,0.0242970008403063,0,110.75350189209,-89.1377,26.6736,15.8945633129542,63,63,63,63,61,63,0,7816,1.08413155380343,27,-89,0.001869,51,2023-07-28 02:02:30.000217,510,1.037,0.0011,"aoml_navis",1029.20345415388
"7901009",6,0,1,0.026166,1,0.003738,1,115.196465982647,1,4.8580526483933,512,1,12.3509998321533,35.5369987487793,0.0261659994721413,0,111.086097717285,-89.1377,26.6736,15.8945633129542,63,63,63,63,61,63,0,7816,1.08413155380343,27,-89,0.001869,51,2023-07-28 02:02:30.000217,512,1.037,0.0011,"aoml_navis",1029.21898173616
"7901009",6,0,1,0.022428,1,0,1,115.17739088679,1,4.8580051265439,514,1,12.3299999237061,35.5330009460449,0.0224280003458261,0,111.06770324707,-89.1377,26.6736,15.8945633129542,63,63,63,63,61,63,0,7816,1.08413155380343,27,-89,0.001869,51,2023-07-28 02:02:30.000217,514,1.037,0.0011,"aoml_navis",1029.22904973489
"7901009",6,0,1,0.026166,1,0.003738,1,114.865456500906,1,4.85794992008164,516,1,12.3009996414185,35.5289993286133,0.0261659994721413,0,110.766899108887,-89.1377,26.6736,15.8945633129542,63,63,63,63,61,63,0,7816,1.08413155380343,27,-89,0.001869,51,2023-07-28 02:02:30.000217,516,1.037,0.0011,"aoml_navis",1029.24074604622
"7901009",6,0,1,0.022428,1,0,1,114.718306891677,1,4.85788836263345,518,1,12.253999710083,35.5219993591309,0.0224280003458261,0,110.625,-89.1377,26.6736,15.8945633129542,63,63,63,63,61,63,0,7816,1.08413155380343,27,-89,0.001869,51,2023-07-28 02:02:30.000217,518,1.037,0.0011,"aoml_navis",1029.25378822199
"7901009",6,0,1,0.026166,1,0.003738,1,114.58795381024,1,4.85783669397628,520,1,12.2209997177124,35.515998840332,0.0261659994721413,0,110.499298095703,-89.1377,26.6736,15.8945633129542,63,63,63,63,61,63,0,7816,1.08413155380343,27,-89,0.001869,51,2023-07-28 02:02:30.000217,520,1.037,0.0011,"aoml_navis",1029.26473551489
"7901009",6,0,1,0.022428,1,0,1,114.4861223881,1,4.85778219078712,522,1,12.1850004196167,35.5099983215332,0.0224280003458261,0,110.401100158691,-89.1377,26.6736,15.8945633129542,63,63,63,63,61,63,0,7816,1.08413155380343,27,-89,0.001869,51,2023-07-28 02:02:30.000217,522,1.037,0.0011,"aoml_navis",1029.27628362643
"7901009",6,0,1,0.024297,1,0.001869,1,113.979235933771,1,4.85771989603223,524,1,12.1370000839233,35.5029983520508,0.0242970008403063,0,109.912300109863,-89.1377,26.6736,15.8945633129542,63,63,63,63,61,63,0,7816,1.08413155380343,27,-89,0.001869,51,2023-07-28 02:02:30.000217,524,1.037,0.0011,"aoml_navis",1029.28948292881
"7901009",6,0,1,0.022428,1,0,1,113.136466393782,1,4.85764988489769,526,1,12.0769996643066,35.4949989318848,0.0224280003458261,0,109.099601745605,-89.1377,26.6736,15.8945633129542,63,63,63,63,61,63,0,7816,1.08413155380343,27,-89,0.001869,51,2023-07-28 02:02:30.000217,526,1.037,0.0011,"aoml_navis",1029.30431761763
"7901009",6,0,1,0.024297,1,0.001869,1,112.45152725083,1,4.85757685246256,528,1,12.0059995651245,35.4850006103516,0.0242970008403063,0,108.439102172852,-89.1377,26.6736,15.8945633129542,63,63,63,63,61,63,0,7816,1.08413155380343,27,-89,0.001869,51,2023-07-28 02:02:30.000217,528,1.037,0.0011,"aoml_navis",1029.31979294681
"7901009",6,0,1,0.020559,1,-0.001869,1,111.357490199712,1,4.85751191828509,530,1,11.951000213623,35.4770011901855,0.020558999851346,0,107.384101867676,-89.1377,26.6736,15.8945633129542,63,63,63,63,61,63,0,7816,1.08413155380343,27,-89,0.001869,51,2023-07-28 02:02:30.000217,530,1.037,0.0011,"aoml_navis",1029.33355267304
"7901009",6,0,1,0.024297,1,0.001869,1,110.586993990563,1,4.8574495613203,532,1,11.9139995574951,35.4729995727539,0.0242970008403063,0,106.641098022461,-89.1377,26.6736,15.8945633129542,63,63,63,63,61,63,0,7816,1.08413155380343,27,-89,0.001869,51,2023-07-28 02:02:30.000217,532,1.037,0.0011,"aoml_navis",1029.34676662725
"7901009",6,0,1,0.020559,1,-0.001869,1,110.548519419367,1,4.85737808918124,534,1,11.8479995727539,35.4640007019043,0.020558999851346,0,106.603996276855,-89.1377,26.6736,15.8945633129542,63,63,63,63,61,63,0,7816,1.08413155380343,27,-89,0.001869,51,2023-07-28 02:02:30.000217,534,1.037,0.0011,"aoml_navis",1029.36191257922
"7901009",6,0,1,0.026166,1,0.003738,1,110.67099245291,1,4.85732495041179,536,1,11.8090000152588,35.4570007324219,0.0261659994721413,0,106.722099304199,-89.1377,26.6736,15.8945633129542,63,63,63,63,61,63,0,7816,1.08413155380343,27,-89,0.001869,51,2023-07-28 02:02:30.000217,536,1.037,0.0011,"aoml_navis",1029.37317372109
"7901009",6,0,1,0.024297,1,0.001869,1,110.782681846613,1,4.8572655135704,538,1,11.7709999084473,35.4519996643066,0.0242970008403063,0,106.829803466797,-89.1377,26.6736,15.8945633129542,63,63,63,63,61,63,0,7816,1.08413155380343,27,-89,0.001869,51,2023-07-28 02:02:30.000217,538,1.037,0.0011,"aoml_navis",1029.38576983919
"7901009",6,0,4,0.016821,1,-0.005607,1,111.103524800699,1,4.85720487057112,540,1,11.7200002670288,35.4440002441406,0.0168210007250309,0,107.139198303223,-89.1377,26.6736,15.8945633129542,63,63,63,63,61,63,0,7816,1.08413155380343,27,-89,0.001869,51,2023-07-28 02:02:30.000217,540,1.037,0.0011,"aoml_navis",1029.39862188932
"7901009",6,0,1,0.026166,1,0.003738,1,111.54425366417,1,4.85713460194018,542,1,11.6429996490479,35.431999206543,0.0261659994721413,0,107.56420135498,-89.1377,26.6736,15.8945633129542,63,63,63,63,61,63,0,7816,1.08413155380343,27,-89,0.001869,51,2023-07-28 02:02:30.000217,542,1.037,0.0011,"aoml_navis",1029.41351429766
"7901009",6,0,1,0.028035,1,0.005607,1,111.398346191005,1,4.85707321703264,544,1,11.5869998931885,35.4230003356934,0.0280349999666214,0,107.423500061035,-89.1377,26.6736,15.8945633129542,63,63,63,63,61,63,0,7816,1.08413155380343,27,-89,0.001869,51,2023-07-28 02:02:30.000217,544,1.037,0.0011,"aoml_navis",1029.42652428342
"7901009",6,0,1,0.028035,1,0.005607,1,110.992879750693,1,4.85700566530483,546,1,11.53600025177,35.4169998168945,0.0280349999666214,0,107.032501220703,-89.1377,26.6736,15.8945633129542,63,63,63,63,61,63,0,7816,1.08413155380343,27,-89,0.001869,51,2023-07-28 02:02:30.000217,546,1.037,0.0011,"aoml_navis",1029.44084165201
"7901009",6,0,1,0.026166,1,0.003738,1,111.035500049898,1,4.85694645383296,548,1,11.4860000610352,35.4090003967285,0.0261659994721413,0,107.073600769043,-89.1377,26.6736,15.8945633129542,63,63,63,63,61,63,0,7816,1.08413155380343,27,-89,0.001869,51,2023-07-28 02:02:30.000217,548,1.037,0.0011,"aoml_navis",1029.45339165808
"7901009",6,0,1,0.024297,1,0.001869,1,111.551928008003,1,4.85689970296919,550,1,11.4689998626709,35.4059982299805,0.0242970008403063,0,107.571601867676,-89.1377,26.6736,15.8945633129542,63,63,63,63,61,63,0,7816,1.08413155380343,27,-89,0.001869,51,2023-07-28 02:02:30.000217,550,1.037,0.0011,"aoml_navis",1029.46330082611
"7901009",6,0,1,0.028035,1,0.005607,1,112.604689748011,1,4.85684999204832,552,1,11.4370002746582,35.4000015258789,0.0280349999666214,0,108.586799621582,-89.1377,26.6736,15.8945633129542,63,63,63,63,61,63,0,7816,1.08413155380343,27,-89,0.001869,51,2023-07-28 02:02:30.000217,552,1.037,0.0011,"aoml_navis",1029.47383760792
"7901009",6,0,1,0.028035,1,0.005607,1,113.226272040018,1,4.85677606948721,554,1,11.3590002059937,35.3889999389648,0.0280349999666214,0,109.18620300293,-89.1377,26.6736,15.8945633129542,63,63,63,63,61,63,0,7816,1.08413155380343,27,-89,0.001869,51,2023-07-28 02:02:30.000217,554,1.037,0.0011,"aoml_navis",1029.48950671467
"7901009",6,0,1,0.028035,1,0.005607,1,113.335255634143,1,4.85672470775795,556,1,11.3290004730225,35.3839988708496,0.0280349999666214,0,109.291297912598,-89.1377,26.6736,15.8945633129542,63,63,63,63,61,63,0,7816,1.08413155380343,27,-89,0.001869,51,2023-07-28 02:02:30.000217,556,1.037,0.0011,"aoml_navis",1029.50039396163
"7901009",6,0,1,0.026166,1,0.003738,1,113.458867951719,1,4.85668176490563,558,1,11.3199996948242,35.3819999694824,0.0261659994721413,0,109.410499572754,-89.1377,26.6736,15.8945633129542,63,63,63,63,61,63,0,7816,1.08413155380343,27,-89,0.001869,51,2023-07-28 02:02:30.000217,558,1.037,0.0011,"aoml_navis",1029.50949681941
"7901009",6,0,1,0.028035,1,0.005607,1,114.004956853154,1,4.8566350850528,560,1,11.298999786377,35.3779983520508,0.0280349999666214,0,109.937103271484,-89.1377,26.6736,15.8945633129542,63,63,63,63,61,63,0,7816,1.08413155380343,27,-89,0.001869,51,2023-07-28 02:02:30.000217,560,1.037,0.0011,"aoml_navis",1029.51939201453
"7901009",6,0,1,0.022428,1,0,1,113.830013460538,1,4.85656802062458,562,1,11.2279996871948,35.367000579834,0.0224280003458261,0,109.768402099609,-89.1377,26.6736,15.8945633129542,63,63,63,63,61,63,0,7816,1.08413155380343,27,-89,0.001869,51,2023-07-28 02:02:30.000217,562,1.037,0.0011,"aoml_navis",1029.53360866486
"7901009",6,0,1,0.026166,1,0.003738,1,113.125888458003,1,4.85650120874904,564,1,11.1730003356934,35.3600006103516,0.0261659994721413,0,109.089401245117,-89.1377,26.6736,15.8945633129542,63,63,63,63,61,63,0,7816,1.08413155380343,27,-89,0.001869,51,2023-07-28 02:02:30.000217,564,1.037,0.0011,"aoml_navis",1029.54777216825
"7901009",6,0,1,0.029904,1,0.007476,1,112.357156556767,1,4.8564445803572,566,1,11.1370000839233,35.3549995422363,0.0299040004611015,0,108.348098754883,-89.1377,26.6736,15.8945633129542,63,63,63,63,61,63,0,7816,1.08413155380343,27,-89,0.001869,51,2023-07-28 02:02:30.000217,566,1.037,0.0011,"aoml_navis",1029.55977717185
"7901009",6,0,1,0.028035,1,0.005607,1,112.127044917194,1,4.8563870939272,568,1,11.0959997177124,35.3489990234375,0.0280349999666214,0,108.126197814941,-89.1377,26.6736,15.8945633129542,63,63,63,63,61,63,0,7816,1.08413155380343,27,-89,0.001869,51,2023-07-28 02:02:30.000217,568,1.037,0.0011,"aoml_navis",1029.57196436264
"7901009",6,0,1,0.026166,1,0.003738,1,111.501111193116,1,4.8563034717812,570,1,10.9899997711182,35.3339996337891,0.0261659994721413,0,107.522598266602,-89.1377,26.6736,15.8945633129542,63,63,63,63,61,63,0,7816,1.08413155380343,27,-89,0.001869,51,2023-07-28 02:02:30.000217,570,1.037,0.0011,"aoml_navis",1029.58969287109
"7901009",6,0,1,0.026166,1,0.003738,1,110.618522093836,1,4.85623728128962,572,1,10.9270000457764,35.3250007629395,0.0261659994721413,0,106.671501159668,-89.1377,26.6736,15.8945633129542,63,63,63,63,61,63,0,7816,1.08413155380343,27,-89,0.001869,51,2023-07-28 02:02:30.000217,572,1.037,0.0011,"aoml_navis",1029.60372617382
"7901009",6,0,1,0.026166,1,0.003738,1,109.663754604052,1,4.85618178837941,574,1,10.9040002822876,35.3230018615723,0.0261659994721413,0,105.750801086426,-89.1377,26.6736,15.8945633129542,63,63,63,63,61,63,0,7816,1.08413155380343,27,-89,0.001869,51,2023-07-28 02:02:30.000217,574,1.037,0.0011,"aoml_navis",1029.61549173566
"7901009",6,0,1,0.024297,1,0.001869,1,108.861738203325,1,4.85612095371705,576,1,10.871000289917,35.3199996948242,0.0242970008403063,0,104.977401733398,-89.1377,26.6736,15.8945633129542,63,63,63,63,61,63,0,7816,1.08413155380343,27,-89,0.001869,51,2023-07-28 02:02:30.000217,576,1.037,0.0011,"aoml_navis",1029.62839016043
"7901009",6,0,1,0.024297,1,0.001869,1,108.268052546736,1,4.85606104869288,578,1,10.83899974823,35.3170013427734,0.0242970008403063,0,104.404899597168,-89.1377,26.6736,15.8945633129542,63,63,63,63,61,63,0,7816,1.08413155380343,27,-89,0.001869,51,2023-07-28 02:02:30.000217,578,1.037,0.0011,"aoml_navis",1029.64109179514
"7901009",6,0,1,0.024297,1,0.001869,1,108.32364011351,1,4.85599417158754,580,1,10.7869997024536,35.3110008239746,0.0242970008403063,0,104.458503723145,-89.1377,26.6736,15.8945633129542,63,63,63,63,61,63,0,7816,1.08413155380343,27,-89,0.001869,51,2023-07-28 02:02:30.000217,580,1.037,0.0011,"aoml_navis",1029.65527208724
"7901009",6,0,1,0.029904,1,0.007476,1,108.376624732737,1,4.85594259818857,582,1,10.7559995651245,35.3059997558594,0.0299040004611015,0,104.50959777832,-89.1377,26.6736,15.8945633129542,63,63,63,63,61,63,0,7816,1.08413155380343,27,-89,0.001869,51,2023-07-28 02:02:30.000217,582,1.037,0.0011,"aoml_navis",1029.66620772354
"7901009",6,0,1,0.026166,1,0.003738,1,108.371236868665,1,4.85589099394145,584,1,10.7290000915527,35.3019981384277,0.0261659994721413,0,104.504402160645,-89.1377,26.6736,15.8945633129542,63,63,63,63,61,63,0,7816,1.08413155380343,27,-89,0.001869,51,2023-07-28 02:02:30.000217,584,1.037,0.0011,"aoml_navis",1029.67715013338
"7901009",6,0,1,0.029904,1,0.007476,1,108.523157229781,1,4.85582702141972,586,1,10.6800003051758,35.2960014343262,0.0299040004611015,0,104.650901794434,-89.1377,26.6736,15.8945633129542,63,63,63,63,61,63,0,7816,1.08413155380343,27,-89,0.001869,51,2023-07-28 02:02:30.000217,586,1.037,0.0011,"aoml_navis",1029.69071549384
"7901009",6,0,1,0.028035,1,0.005607,1,108.584029808598,1,4.8557720068946,588,1,10.6450004577637,35.2910003662109,0.0280349999666214,0,104.709602355957,-89.1377,26.6736,15.8945633129542,63,63,63,63,61,63,0,7816,1.08413155380343,27,-89,0.001869,51,2023-07-28 02:02:30.000217,588,1.037,0.0011,"aoml_navis",1029.70238159877
"7901009",6,0,1,0.029904,1,0.007476,1,108.235590863491,1,4.8557162393441,590,1,10.6049995422363,35.2849998474121,0.0299040004611015,0,104.373596191406,-89.1377,26.6736,15.8945633129542,63,63,63,63,61,63,0,7816,1.08413155380343,27,-89,0.001869,51,2023-07-28 02:02:30.000217,590,1.037,0.0011,"aoml_navis",1029.71420765629
"7901009",6,0,1,0.028035,1,0.005607,1,107.727462273098,1,4.85566726450902,592,1,10.58899974823,35.2830009460449,0.0280349999666214,0,103.883598327637,-89.1377,26.6736,15.8945633129542,63,63,63,63,61,63,0,7816,1.08413155380343,27,-89,0.001869,51,2023-07-28 02:02:30.000217,592,1.037,0.0011,"aoml_navis",1029.72459347574
"7901009",6,0,1,0.028035,1,0.005607,1,107.487603425688,1,4.85560704063534,594,1,10.5480003356934,35.2779998779297,0.0280349999666214,0,103.652297973633,-89.1377,26.6736,15.8945633129542,63,63,63,63,61,63,0,7816,1.08413155380343,27,-89,0.001869,51,2023-07-28 02:02:30.000217,594,1.037,0.0011,"aoml_navis",1029.73736510312
"7901009",6,0,1,0.028035,1,0.005607,1,107.486155585563,1,4.85554000715419,596,1,10.4910001754761,35.2709999084473,0.0280349999666214,0,103.650901794434,-89.1377,26.6736,15.8945633129542,63,63,63,63,61,63,0,7816,1.08413155380343,27,-89,0.001869,51,2023-07-28 02:02:30.000217,596,1.037,0.0011,"aoml_navis",1029.75158121094
"7901009",6,0,1,0.026166,1,0.003738,1,107.405685739041,1,4.8554955291311,598,1,10.4799995422363,35.2690010070801,0.0261659994721413,0,103.573303222656,-89.1377,26.6736,15.8945633129542,63,63,63,63,61,63,0,7816,1.08413155380343,27,-89,0.001869,51,2023-07-28 02:02:30.000217,598,1.037,0.0011,"aoml_navis",1029.76101409257
"7901009",6,0,1,0.022428,1,0,1,107.333404496506,1,4.85544952838029,600,1,10.4589996337891,35.2649993896484,0.0224280003458261,0,103.503601074219,-89.1377,26.6736,15.8945633129542,63,63,63,63,61,63,0,7816,1.08413155380343,27,-89,0.001869,51,2023-07-28 02:02:30.000217,600,1.037,0.0011,"aoml_navis",1029.7707700955
"7901009",6,0,1,0.029904,1,0.007476,1,107.422687970894,1,4.85538775152647,602,1,10.4160003662109,35.2599983215332,0.0299040004611015,0,103.589698791504,-89.1377,26.6736,15.8945633129542,63,63,63,63,61,63,0,7816,1.08413155380343,27,-89,0.001869,51,2023-07-28 02:02:30.000217,602,1.037,0.0011,"aoml_navis",1029.78387224132
"7901009",6,0,1,0.028035,1,0.005607,1,107.386911287581,1,4.85533472696137,604,1,10.3870000839233,35.2560005187988,0.0280349999666214,0,103.555198669434,-89.1377,26.6736,15.8945633129542,63,63,63,63,61,63,0,7816,1.08413155380343,27,-89,0.001869,51,2023-07-28 02:02:30.000217,604,1.037,0.0011,"aoml_navis",1029.7951183953
"7901009",6,0,1,0.028035,1,0.005607,1,107.378303363776,1,4.85527158833131,606,1,10.3339996337891,35.2490005493164,0.0280349999666214,0,103.546897888184,-89.1377,26.6736,15.8945633129542,63,63,63,63,61,63,0,7816,1.08413155380343,27,-89,0.001869,51,2023-07-28 02:02:30.000217,606,1.037,0.0011,"aoml_navis",1029.80850999489
"7901009",6,0,1,0.026166,1,0.003738,1,107.396452791357,1,4.85520666628102,608,1,10.2829999923706,35.2430000305176,0.0261659994721413,0,103.564399719238,-89.1377,26.6736,15.8945633129542,63,63,63,63,61,63,0,7816,1.08413155380343,27,-89,0.001869,51,2023-07-28 02:02:30.000217,608,1.037,0.0011,"aoml_navis",1029.82228021818
"7901009",6,0,1,0.026166,1,0.003738,1,107.254176786047,1,4.85516402140057,610,1,10.2740001678467,35.2410011291504,0.0261659994721413,0,103.427200317383,-89.1377,26.6736,15.8945633129542,63,63,63,63,61,63,0,7816,1.08413155380343,27,-89,0.001869,51,2023-07-28 02:02:30.000217,610,1.037,0.0011,"aoml_navis",1029.83132556615
"7901009",6,0,1,0.026166,1,0.003738,1,107.270142585898,1,4.85509818961913,612,1,10.2259998321533,35.2360000610352,0.0261659994721413,0,103.442596435547,-89.1377,26.6736,15.8945633129542,63,63,63,63,61,63,0,7816,1.08413155380343,27,-89,0.001869,51,2023-07-28 02:02:30.000217,612,1.037,0.0011,"aoml_navis",1029.84528936834
"7901009",6,0,1,0.028035,1,0.005607,1,107.344085284314,1,4.85504048083665,614,1,10.1829996109009,35.2299995422363,0.0280349999666214,0,103.513900756836,-89.1377,26.6736,15.8945633129542,63,63,63,63,61,63,0,7816,1.08413155380343,27,-89,0.001869,51,2023-07-28 02:02:30.000217,614,1.037,0.0011,"aoml_navis",1029.85753048518
"7901009",6,0,1,0.033642,1,0.011214,1,107.238519542289,1,4.85499279253145,616,1,10.1639995574951,35.2270011901855,0.0336420014500618,0,103.412101745605,-89.1377,26.6736,15.8945633129542,63,63,63,63,61,63,0,7816,1.08413155380343,27,-89,0.001869,51,2023-07-28 02:02:30.000217,616,1.037,0.0011,"aoml_navis",1029.86764629015
"7901009",6,0,1,0.026166,1,0.003738,1,106.951681051908,1,4.8549433872984,618,1,10.1429996490479,35.2239990234375,0.0261659994721413,0,103.135498046875,-89.1377,26.6736,15.8945633129542,63,63,63,63,61,63,0,7816,1.08413155380343,27,-89,0.001869,51,2023-07-28 02:02:30.000217,618,1.037,0.0011,"aoml_navis",1029.87812650527
"7901009",6,0,1,0.028035,1,0.005607,1,106.742725283892,1,4.85488927961386,620,1,10.125,35.2229995727539,0.0280349999666214,0,102.93399810791,-89.1377,26.6736,15.8945633129542,63,63,63,63,61,63,0,7816,1.08413155380343,27,-89,0.001869,51,2023-07-28 02:02:30.000217,620,1.037,0.0011,"aoml_navis",1029.889604485
"7901009",6,0,1,0.029904,1,0.007476,1,106.619010114285,1,4.85484163160132,622,1,10.1059999465942,35.2200012207031,0.0299040004611015,0,102.814697265625,-89.1377,26.6736,15.8945633129542,63,63,63,63,61,63,0,7816,1.08413155380343,27,-89,0.001869,51,2023-07-28 02:02:30.000217,622,1.037,0.0011,"aoml_navis",1029.89971237245
"7901009",6,0,1,0.029904,1,0.007476,1,106.552124647517,1,4.85478792249717,624,1,10.0799999237061,35.2169990539551,0.0299040004611015,0,102.750198364258,-89.1377,26.6736,15.8945633129542,63,63,63,63,61,63,0,7816,1.08413155380343,27,-89,0.001869,51,2023-07-28 02:02:30.000217,624,1.037,0.0011,"aoml_navis",1029.91110627715
"7901009",6,0,1,0.028035,1,0.005607,1,106.504005720514,1,4.85473093795067,626,1,10.0459995269775,35.2130012512207,0.0280349999666214,0,102.703796386719,-89.1377,26.6736,15.8945633129542,63,63,63,63,61,63,0,7816,1.08413155380343,27,-89,0.001869,51,2023-07-28 02:02:30.000217,626,1.037,0.0011,"aoml_navis",1029.9231953132
"7901009",6,0,1,0.028035,1,0.005607,1,106.485864204628,1,4.85467420812734,628,1,10.0080003738403,35.2080001831055,0.0280349999666214,0,102.686302185059,-89.1377,26.6736,15.8945633129542,63,63,63,63,61,63,0,7816,1.08413155380343,27,-89,0.001869,51,2023-07-28 02:02:30.000217,628,1.037,0.0011,"aoml_navis",1029.93523059269
"7901009",6,0,1,0.026166,1,0.003738,1,106.401137866372,1,4.85463097304333,630,1,9.99400043487549,35.2050018310547,0.0261659994721413,0,102.604598999023,-89.1377,26.6736,15.8945633129542,63,63,63,63,61,63,0,7816,1.08413155380343,27,-89,0.001869,51,2023-07-28 02:02:30.000217,630,1.037,0.0011,"aoml_navis",1029.94440314081
"7901009",6,0,1,0.033642,1,0.011214,1,106.454233249325,1,4.85457066018508,632,1,9.95600032806396,35.201000213623,0.0336420014500618,0,102.655799865723,-89.1377,26.6736,15.8945633129542,63,63,63,63,61,63,0,7816,1.08413155380343,27,-89,0.001869,51,2023-07-28 02:02:30.000217,632,1.037,0.0011,"aoml_navis",1029.95719910056
"7901009",6,0,1,0.028035,1,0.005607,1,106.485967056659,1,4.8545142755545,634,1,9.91399955749512,35.1949996948242,0.0280349999666214,0,102.686401367188,-89.1377,26.6736,15.8945633129542,63,63,63,63,61,63,0,7816,1.08413155380343,27,-89,0.001869,51,2023-07-28 02:02:30.000217,634,1.037,0.0011,"aoml_navis",1029.96916193616
"7901009",6,0,1,0.026166,1,0.003738,1,106.500176460292,1,4.85446440718446,636,1,9.88799953460693,35.1910018920898,0.0261659994721413,0,102.700103759766,-89.1377,26.6736,15.8945633129542,63,63,63,63,61,63,0,7816,1.08413155380343,27,-89,0.001869,51,2023-07-28 02:02:30.000217,636,1.037,0.0011,"aoml_navis",1029.97974248202
"7901009",6,0,1,0.028035,1,0.005607,1,106.581057714938,1,4.85439932245058,638,1,9.84000015258789,35.1860008239746,0.0280349999666214,0,102.778099060059,-89.1377,26.6736,15.8945633129542,63,63,63,63,61,63,0,7816,1.08413155380343,27,-89,0.001869,51,2023-07-28 02:02:30.000217,638,1.037,0.0011,"aoml_navis",1029.9935518028
"7901009",6,0,1,0.028035,1,0.005607,1,106.703111428663,1,4.85434313944186,640,1,9.79800033569336,35.1800003051758,0.0280349999666214,0,102.895797729492,-89.1377,26.6736,15.8945633129542,63,63,63,63,61,63,0,7816,1.08413155380343,27,-89,0.001869,51,2023-07-28 02:02:30.000217,640,1.037,0.0011,"aoml_navis",1030.0054727023
"7901009",6,0,1,0.028035,1,0.005607,1,106.83492026192,1,4.85430345275893,642,1,9.78800010681152,35.1769981384277,0.0280349999666214,0,103.022903442383,-89.1377,26.6736,15.8945633129542,63,63,63,63,61,63,0,7816,1.08413155380343,27,-89,0.001869,51,2023-07-28 02:02:30.000217,642,1.037,0.0011,"aoml_navis",1030.01389358102
"7901009",6,0,1,0.026166,1,0.003738,1,107.115010076744,1,4.85422818534389,644,1,9.71500015258789,35.1689987182617,0.0261659994721413,0,103.292999267578,-89.1377,26.6736,15.8945633129542,63,63,63,63,61,63,0,7816,1.08413155380343,27,-89,0.001869,51,2023-07-28 02:02:30.000217,644,1.037,0.0011,"aoml_navis",1030.02986449962
"7901009",6,0,1,0.028035,1,0.005607,1,107.371879067702,1,4.85416683975608,646,1,9.67099952697754,35.1640014648438,0.0280349999666214,0,103.540702819824,-89.1377,26.6736,15.8945633129542,63,63,63,63,61,63,0,7816,1.08413155380343,27,-89,0.001869,51,2023-07-28 02:02:30.000217,646,1.037,0.0011,"aoml_navis",1030.04288172576
"7901009",6,0,1,0.024297,1,0.001869,1,107.523696576788,1,4.85412523755775,648,1,9.66300010681152,35.1619987487793,0.0242970008403063,0,103.687103271484,-89.1377,26.6736,15.8945633129542,63,63,63,63,61,63,0,7816,1.08413155380343,27,-89,0.001869,51,2023-07-28 02:02:30.000217,648,1.037,0.0011,"aoml_navis",1030.05170969088
"7901009",6,0,1,0.029904,1,0.007476,1,107.811563587476,1,4.85407962299677,650,1,9.64599990844727,35.1590003967285,0.0299040004611015,0,103.964698791504,-89.1377,26.6736,15.8945633129542,63,63,63,63,61,63,0,7816,1.08413155380343,27,-89,0.001869,51,2023-07-28 02:02:30.000217,650,1.037,0.0011,"aoml_navis",1030.0613892512
"7901009",6,0,1,0.024297,1,0.001869,1,108.308394277875,1,4.85401979247863,652,1,9.59500026702881,35.1520004272461,0.0242970008403063,0,104.443801879883,-89.1377,26.6736,15.8945633129542,63,63,63,63,61,63,0,7816,1.08413155380343,27,-89,0.001869,51,2023-07-28 02:02:30.000217,652,1.037,0.0011,"aoml_navis",1030.07408576034
"7901009",6,0,1,0.029904,1,0.007476,1,108.815794992357,1,4.85395950239169,654,1,9.53899955749512,35.1440010070801,0.0299040004611015,0,104.933097839355,-89.1377,26.6736,15.8945633129542,63,63,63,63,61,63,0,7816,1.08413155380343,27,-89,0.001869,51,2023-07-28 02:02:30.000217,654,1.037,0.0011,"aoml_navis",1030.08688011022
"7901009",6,0,1,0.026166,1,0.003738,1,108.849601663696,1,4.85389260008061,656,1,9.47500038146973,35.1360015869141,0.0261659994721413,0,104.965698242188,-89.1377,26.6736,15.8945633129542,63,63,63,63,61,63,0,7816,1.08413155380343,27,-89,0.001869,51,2023-07-28 02:02:30.000217,656,1.037,0.0011,"aoml_navis",1030.10107803311
"7901009",6,0,1,0.028035,1,0.005607,1,108.860488155567,1,4.85383309409713,658,1,9.4370002746582,35.1319999694824,0.0280349999666214,0,104.976196289062,-89.1377,26.6736,15.8945633129542,63,63,63,63,61,63,0,7816,1.08413155380343,27,-89,0.001869,51,2023-07-28 02:02:30.000217,658,1.037,0.0011,"aoml_navis",1030.11370664571
"7901009",6,0,1,0.028035,1,0.005607,1,109.196584856983,1,4.85378457323798,660,1,9.41199970245361,35.1279983520508,0.0280349999666214,0,105.300300598145,-89.1377,26.6736,15.8945633129542,63,63,63,63,61,63,0,7816,1.08413155380343,27,-89,0.001869,51,2023-07-28 02:02:30.000217,660,1.037,0.0011,"aoml_navis",1030.12400417773
"7901009",6,0,1,0.026166,1,0.003738,1,109.819717841147,1,4.85373079900854,662,1,9.37199974060059,35.1220016479492,0.0261659994721413,0,105.90119934082,-89.1377,26.6736,15.8945633129542,63,63,63,63,61,63,0,7816,1.08413155380343,27,-89,0.001869,51,2023-07-28 02:02:30.000217,662,1.037,0.0011,"aoml_navis",1030.13541686765
"7901009",6,0,1,0.026166,1,0.003738,1,110.302861299761,1,4.85367344143843,664,1,9.33199977874756,35.117000579834,0.0261659994721413,0,106.36710357666,-89.1377,26.6736,15.8945633129542,63,63,63,63,61,63,0,7816,1.08413155380343,27,-89,0.001869,51,2023-07-28 02:02:30.000217,664,1.037,0.0011,"aoml_navis",1030.14759034102
"7901009",6,0,1,0.028035,1,0.005607,1,110.381772542433,1,4.85362586094301,666,1,9.30799961090088,35.1129989624023,0.0280349999666214,0,106.443199157715,-89.1377,26.6736,15.8945633129542,63,63,63,63,61,63,0,7816,1.08413155380343,27,-89,0.001869,51,2023-07-28 02:02:30.000217,666,1.037,0.0011,"aoml_navis",1030.15768896298
"7901009",6,0,1,0.028035,1,0.005607,1,110.320488555493,1,4.85357931632456,668,1,9.29399967193604,35.1110000610352,0.0280349999666214,0,106.384101867676,-89.1377,26.6736,15.8945633129542,63,63,63,63,61,63,0,7816,1.08413155380343,27,-89,0.001869,51,2023-07-28 02:02:30.000217,668,1.037,0.0011,"aoml_navis",1030.16756791899
"7901009",6,0,1,0.028035,1,0.005607,1,110.490558344191,1,4.85352475302871,670,1,9.26599979400635,35.1080017089844,0.0280349999666214,0,106.54810333252,-89.1377,26.6736,15.8945633129542,63,63,63,63,61,63,0,7816,1.08413155380343,27,-89,0.001869,51,2023-07-28 02:02:30.000217,670,1.037,0.0011,"aoml_navis",1030.17914905655
"7901009",6,0,1,0.029904,1,0.007476,1,110.96861458313,1,4.85346642020903,672,1,9.20699977874756,35.0989990234375,0.0299040004611015,0,107.009101867676,-89.1377,26.6736,15.8945633129542,63,63,63,63,61,63,0,7816,1.08413155380343,27,-89,0.001869,51,2023-07-28 02:02:30.000217,672,1.037,0.0011,"aoml_navis",1030.19153056892
"7901009",6,0,1,0.028035,1,0.005607,1,111.227137118275,1,4.85338171298312,674,1,9.11600017547607,35.0900001525879,0.0280349999666214,0,107.258399963379,-89.1377,26.6736,15.8945633129542,63,63,63,63,61,63,0,7816,1.08413155380343,27,-89,0.001869,51,2023-07-28 02:02:30.000217,674,1.037,0.0011,"aoml_navis",1030.20951074684
"7901009",6,0,1,0.026166,1,0.003738,1,111.043688653885,1,4.85332817904302,676,1,9.08899974822998,35.0870018005371,0.0261659994721413,0,107.081497192383,-89.1377,26.6736,15.8945633129542,63,63,63,63,61,63,0,7816,1.08413155380343,27,-89,0.001869,51,2023-07-28 02:02:30.000217,676,1.037,0.0011,"aoml_navis",1030.22087432503
"7901009",6,0,1,0.033642,1,0.011214,1,110.708011272286,1,4.85327881662529,678,1,9.06700038909912,35.0839996337891,0.0336420014500618,0,106.757797241211,-89.1377,26.6736,15.8945633129542,63,63,63,63,61,63,0,7816,1.08413155380343,27,-89,0.001869,51,2023-07-28 02:02:30.000217,678,1.037,0.0011,"aoml_navis",1030.23135264187
"7901009",6,0,1,0.029904,1,0.007476,1,110.41889421384,1,4.85321581097255,680,1,9.02400016784668,35.0800018310547,0.0299040004611015,0,106.478996276855,-89.1377,26.6736,15.8945633129542,63,63,63,63,61,63,0,7816,1.08413155380343,27,-89,0.001869,51,2023-07-28 02:02:30.000217,680,1.037,0.0011,"aoml_navis",1030.2447273611
"7901009",6,0,1,0.029904,1,0.007476,1,110.528091423721,1,4.85315865146084,682,1,8.98799991607666,35.076000213623,0.0299040004611015,0,106.584297180176,-89.1377,26.6736,15.8945633129542,63,63,63,63,61,63,0,7816,1.08413155380343,27,-89,0.001869,51,2023-07-28 02:02:30.000217,682,1.037,0.0011,"aoml_navis",1030.25686137315
"7901009",6,0,1,0.026166,1,0.003738,1,110.770751011045,1,4.85309864675666,684,1,8.94400024414062,35.0709991455078,0.0261659994721413,0,106.818298339844,-89.1377,26.6736,15.8945633129542,63,63,63,63,61,63,0,7816,1.08413155380343,27,-89,0.001869,51,2023-07-28 02:02:30.000217,684,1.037,0.0011,"aoml_navis",1030.26959967968
"7901009",6,0,1,0.028035,1,0.005607,1,111.395854007183,1,4.85303502529027,686,1,8.89099979400635,35.064998626709,0.0280349999666214,0,107.421096801758,-89.1377,26.6736,15.8945633129542,63,63,63,63,61,63,0,7816,1.08413155380343,27,-89,0.001869,51,2023-07-28 02:02:30.000217,686,1.037,0.0011,"aoml_navis",1030.28310612717
"7901009",6,0,1,0.031773,1,0.009345,1,111.82237346702,1,4.85297560455849,688,1,8.8430004119873,35.0589981079102,0.0317730009555817,0,107.832397460938,-89.1377,26.6736,15.8945633129542,63,63,63,63,61,63,0,7816,1.08413155380343,27,-89,0.001869,51,2023-07-28 02:02:30.000217,688,1.037,0.0011,"aoml_navis",1030.29572110427
"7901009",6,0,1,0.026166,1,0.003738,1,112.071362410084,1,4.85291788670565,690,1,8.80599975585938,35.0550003051758,0.0261659994721413,0,108.07250213623,-89.1377,26.6736,15.8945633129542,63,63,63,63,61,63,0,7816,1.08413155380343,27,-89,0.001869,51,2023-07-28 02:02:30.000217,690,1.037,0.0011,"aoml_navis",1030.3079748572
"7901009",6,0,1,0.029904,1,0.007476,1,112.054146562474,1,4.85286674280661,692,1,8.77700042724609,35.0509986877441,0.0299040004611015,0,108.05590057373,-89.1377,26.6736,15.8945633129542,63,63,63,63,61,63,0,7816,1.08413155380343,27,-89,0.001869,51,2023-07-28 02:02:30.000217,692,1.037,0.0011,"aoml_navis",1030.31883317453
"7901009",6,0,1,0.026166,1,0.003738,1,111.686838225572,1,4.85282127740177,694,1,8.76399993896484,35.048999786377,0.0261659994721413,0,107.701698303223,-89.1377,26.6736,15.8945633129542,63,63,63,63,61,63,0,7816,1.08413155380343,27,-89,0.001869,51,2023-07-28 02:02:30.000217,694,1.037,0.0011,"aoml_navis",1030.32848608779
"7901009",6,0,1,0.026166,1,0.003738,1,111.165536663548,1,4.8527745873907,696,1,8.75399971008301,35.0480003356934,0.0261659994721413,0,107.198997497559,-89.1377,26.6736,15.8945633129542,63,63,63,63,61,63,0,7816,1.08413155380343,27,-89,0.001869,51,2023-07-28 02:02:30.000217,696,1.037,0.0011,"aoml_navis",1030.33839918958
"7901009",6,0,1,0.029904,1,0.007476,1,110.444100873069,1,4.8527213787928,698,1,8.74499988555908,35.048999786377,0.0299040004611015,0,106.503303527832,-89.1377,26.6736,15.8945633129542,63,63,63,63,61,63,0,7816,1.08413155380343,27,-89,0.001869,51,2023-07-28 02:02:30.000217,698,1.037,0.0011,"aoml_navis",1030.34969653334
"7901009",6,0,1,0.028035,1,0.005607,1,110.073161068311,1,4.85266369418512,700,1,8.73499965667725,35.0509986877441,0.0280349999666214,0,106.145599365234,-89.1377,26.6736,15.8945633129542,63,63,63,63,61,63,0,7816,1.08413155380343,27,-89,0.001869,51,2023-07-28 02:02:30.000217,700,1.037,0.0011,"aoml_navis",1030.36194451131
"7901009",6,0,1,0.024297,1,0.001869,1,110.168148874559,1,4.85260122257678,702,1,8.70100021362305,35.048999786377,0.0242970008403063,0,106.237197875977,-89.1377,26.6736,15.8945633129542,63,63,63,63,61,63,0,7816,1.08413155380343,27,-89,0.001869,51,2023-07-28 02:02:30.000217,702,1.037,0.0011,"aoml_navis",1030.3752092254
"7901009",6,0,1,0.028035,1,0.005607,1,110.232241513107,1,4.85255984196451,704,1,8.69299983978271,35.0470008850098,0.0280349999666214,0,106.299003601074,-89.1377,26.6736,15.8945633129542,63,63,63,63,61,63,0,7816,1.08413155380343,27,-89,0.001869,51,2023-07-28 02:02:30.000217,704,1.037,0.0011,"aoml_navis",1030.38399583668
"7901009",6,0,1,0.031773,1,0.009345,1,110.418688509778,1,4.85251038248857,706,1,8.67500019073486,35.0449981689453,0.0317730009555817,0,106.478797912598,-89.1377,26.6736,15.8945633129542,63,63,63,63,61,63,0,7816,1.08413155380343,27,-89,0.001869,51,2023-07-28 02:02:30.000217,706,1.037,0.0011,"aoml_navis",1030.39449808159
"7901009",6,0,1,0.029904,1,0.007476,1,110.728233563871,1,4.85244805382343,708,1,8.63199996948242,35.0410003662109,0.0299040004611015,0,106.777297973633,-89.1377,26.6736,15.8945633129542,63,63,63,63,61,63,0,7816,1.08413155380343,27,-89,0.001869,51,2023-07-28 02:02:30.000217,708,1.037,0.0011,"aoml_navis",1030.40773328018
"7901009",6,0,1,0.028035,1,0.005607,1,110.992776898662,1,4.85238787353394,710,1,8.58699989318848,35.0359992980957,0.0280349999666214,0,107.032402038574,-89.1377,26.6736,15.8945633129542,63,63,63,63,61,63,0,7816,1.08413155380343,27,-89,0.001869,51,2023-07-28 02:02:30.000217,710,1.037,0.0011,"aoml_navis",1030.42051260394
"7901009",6,0,1,0.028035,1,0.005607,1,111.095439048743,1,4.85233731175864,712,1,8.5629997253418,35.0330009460449,0.0280349999666214,0,107.131401062012,-89.1377,26.6736,15.8945633129542,63,63,63,63,61,63,0,7816,1.08413155380343,27,-89,0.001869,51,2023-07-28 02:02:30.000217,712,1.037,0.0011,"aoml_navis",1030.43124967498
"7901009",6,0,1,0.029904,1,0.007476,1,111.287803993029,1,4.85228231478863,714,1,8.53800010681152,35.0309982299805,0.0299040004611015,0,107.316902160645,-89.1377,26.6736,15.8945633129542,63,63,63,63,61,63,0,7816,1.08413155380343,27,-89,0.001869,51,2023-07-28 02:02:30.000217,714,1.037,0.0011,"aoml_navis",1030.44292883808
"7901009",6,0,1,0.029904,1,0.007476,1,111.43588718223,1,4.85223455117482,716,1,8.52200031280518,35.0289993286133,0.0299040004611015,0,107.459701538086,-89.1377,26.6736,15.8945633129542,63,63,63,63,61,63,0,7816,1.08413155380343,27,-89,0.001869,51,2023-07-28 02:02:30.000217,716,1.037,0.0011,"aoml_navis",1030.4530721396
"7901009",6,0,1,0.028035,1,0.005607,1,111.592158975417,1,4.85218599418641,718,1,8.50500011444092,35.0270004272461,0.0280349999666214,0,107.610397338867,-89.1377,26.6736,15.8945633129542,63,63,63,63,61,63,0,7816,1.08413155380343,27,-89,0.001869,51,2023-07-28 02:02:30.000217,718,1.037,0.0011,"aoml_navis",1030.46338413051
"7901009",6,0,1,0.028035,1,0.005607,1,112.115430549414,1,4.85213872534965,720,1,8.48499965667725,35.023998260498,0.0280349999666214,0,108.11499786377,-89.1377,26.6736,15.8945633129542,63,63,63,63,61,63,0,7816,1.08413155380343,27,-89,0.001869,51,2023-07-28 02:02:30.000217,720,1.037,0.0011,"aoml_navis",1030.47342275641
"7901009",6,0,1,0.029904,1,0.007476,1,112.875451674815,1,4.85206473880564,722,1,8.4040002822876,35.0149993896484,0.0299040004611015,0,108.847900390625,-89.1377,26.6736,15.8945633129542,63,63,63,63,61,63,0,7816,1.08413155380343,27,-89,0.001869,51,2023-07-28 02:02:30.000217,722,1.037,0.0011,"aoml_navis",1030.48913589532
"7901009",6,0,1,0.028035,1,0.005607,1,113.233424212003,1,4.851999597316,724,1,8.3430004119873,35.007999420166,0.0280349999666214,0,109.193099975586,-89.1377,26.6736,15.8945633129542,63,63,63,63,61,63,0,7816,1.08413155380343,27,-89,0.001869,51,2023-07-28 02:02:30.000217,724,1.037,0.0011,"aoml_navis",1030.50297093303
"7901009",6,0,1,0.029904,1,0.007476,1,113.799624641297,1,4.85194529744618,726,1,8.31400012969971,35.0050010681152,0.0299040004611015,0,109.739097595215,-89.1377,26.6736,15.8945633129542,63,63,63,63,61,63,0,7816,1.08413155380343,27,-89,0.001869,51,2023-07-28 02:02:30.000217,726,1.037,0.0011,"aoml_navis",1030.51450366346
"7901009",6,0,1,0.028035,1,0.005607,1,114.008683261345,1,4.85188988699757,728,1,8.26500034332275,34.9980010986328,0.0280349999666214,0,109.940696716309,-89.1377,26.6736,15.8945633129542,63,63,63,63,61,63,0,7816,1.08413155380343,27,-89,0.001869,51,2023-07-28 02:02:30.000217,728,1.037,0.0011,"aoml_navis",1030.52627253544
"7901009",6,0,1,0.028035,1,0.005607,1,113.688354567412,1,4.85183597429057,730,1,8.24100017547607,34.9959983825684,0.0280349999666214,0,109.631797790527,-89.1377,26.6736,15.8945633129542,63,63,63,63,61,63,0,7816,1.08413155380343,27,-89,0.001869,51,2023-07-28 02:02:30.000217,730,1.037,0.0011,"aoml_navis",1030.53772355342
"7901009",6,0,1,0.029904,1,0.007476,1,113.74580929413,1,4.85178661933544,732,1,8.24600028991699,34.9990005493164,0.0299040004611015,0,109.687202453613,-89.1377,26.6736,15.8945633129542,63,63,63,63,61,63,0,7816,1.08413155380343,27,-89,0.001869,51,2023-07-28 02:02:30.000217,732,1.037,0.0011,"aoml_navis",1030.5482067315
"7901009",6,0,1,0.031773,1,0.009345,1,114.259333660289,1,4.85173718072378,734,1,8.22299957275391,34.9959983825684,0.0317730009555817,0,110.182403564453,-89.1377,26.6736,15.8945633129542,63,63,63,63,61,63,0,7816,1.08413155380343,27,-89,0.001869,51,2023-07-28 02:02:30.000217,734,1.037,0.0011,"aoml_navis",1030.55870789236
"7901009",6,0,1,0.028035,1,0.005607,1,115.021839057818,1,4.8516932727845,736,1,8.20699977874756,34.9930000305176,0.0280349999666214,0,110.917701721191,-89.1377,26.6736,15.8945633129542,63,63,63,63,61,63,0,7816,1.08413155380343,27,-89,0.001869,51,2023-07-28 02:02:30.000217,736,1.037,0.0011,"aoml_navis",1030.56803447312
"7901009",6,0,1,0.026166,1,0.003738,1,115.952958492224,1,4.85163544472802,738,1,8.14999961853027,34.9850006103516,0.0261659994721413,0,111.81559753418,-89.1377,26.6736,15.8945633129542,63,63,63,63,61,63,0,7816,1.08413155380343,27,-89,0.001869,51,2023-07-28 02:02:30.000217,738,1.037,0.0011,"aoml_navis",1030.5803181138
"7901009",6,0,1,0.031773,1,0.009345,1,116.254932054514,1,4.85158271791338,740,1,8.10400009155273,34.9780006408691,0.0317730009555817,0,112.106796264648,-89.1377,26.6736,15.8945633129542,63,63,63,63,61,63,0,7816,1.08413155380343,27,-89,0.001869,51,2023-07-28 02:02:30.000217,740,1.037,0.0011,"aoml_navis",1030.59151842112
"7901009",6,0,1,0.031773,1,0.009345,1,116.451964898658,1,4.85151828680853,742,1,8.05700016021729,34.9739990234375,0.0317730009555817,0,112.296798706055,-89.1377,26.6736,15.8945633129542,63,63,63,63,61,63,0,7816,1.08413155380343,27,-89,0.001869,51,2023-07-28 02:02:30.000217,742,1.037,0.0011,"aoml_navis",1030.60520530144
"7901009",6,0,1,0.031773,1,0.009345,1,116.342459132685,1,4.8514510443068,744,1,8.01099967956543,34.9710006713867,0.0317730009555817,0,112.191200256348,-89.1377,26.6736,15.8945633129542,63,63,63,63,61,63,0,7816,1.08413155380343,27,-89,0.001869,51,2023-07-28 02:02:30.000217,744,1.037,0.0011,"aoml_navis",1030.61948978492
"7901009",6,0,1,0.026166,1,0.003738,1,116.053342074239,1,4.8513928069295,746,1,8,34.9729995727539,0.0261659994721413,0,111.912399291992,-89.1377,26.6736,15.8945633129542,63,63,63,63,61,63,0,7816,1.08413155380343,27,-89,0.001869,51,2023-07-28 02:02:30.000217,746,1.037,0.0011,"aoml_navis",1030.63186160853
"7901009",6,0,1,0.029904,1,0.007476,1,116.198940991311,1,4.85134269603572,748,1,7.98999977111816,34.9729995727539,0.0299040004611015,0,112.052803039551,-89.1377,26.6736,15.8945633129542,63,63,63,63,61,63,0,7816,1.08413155380343,27,-89,0.001869,51,2023-07-28 02:02:30.000217,748,1.037,0.0011,"aoml_navis",1030.64250729716
"7901009",6,0,1,0.028035,1,0.005607,1,116.594035199906,1,4.85129993181952,750,1,7.98000001907349,34.9710006713867,0.0280349999666214,0,112.433799743652,-89.1377,26.6736,15.8945633129542,63,63,63,63,61,63,0,7816,1.08413155380343,27,-89,0.001869,51,2023-07-28 02:02:30.000217,750,1.037,0.0011,"aoml_navis",1030.65159241241
"7901009",6,0,1,0.031773,1,0.009345,1,117.023252547628,1,4.85124294927884,752.099975585938,1,7.94500017166138,34.9669990539551,0.0317730009555817,0,112.847702026367,-89.1377,26.6736,15.8945633129542,63,63,63,63,61,63,0,7816,1.08413155380343,27,-89,0.001869,51,2023-07-28 02:02:30.000217,752.099975585938,1.037,0.0011,"aoml_navis",1030.66369841223
"7901009",6,0,1,0.029904,1,0.007476,1,117.185125820643,1,4.8511919974226,754,1,7.91699981689453,34.9640007019043,0.0299040004611015,0,113.003799438477,-89.1377,26.6736,15.8945633129542,63,63,63,63,61,63,0,7816,1.08413155380343,27,-89,0.001869,51,2023-07-28 02:02:30.000217,754,1.037,0.0011,"aoml_navis",1030.67452342774
"7901009",6,0,1,0.029904,1,0.007476,1,117.225364699752,1,4.85114502035485,756,1,7.91099977493286,34.9640007019043,0.0299040004611015,0,113.042602539062,-89.1377,26.6736,15.8945633129542,63,63,63,63,61,63,0,7816,1.08413155380343,27,-89,0.001869,51,2023-07-28 02:02:30.000217,756,1.037,0.0011,"aoml_navis",1030.684504178
"7901009",6,0,1,0.028035,1,0.005607,1,117.714410282592,1,4.85110037535031,758,1,7.90799999237061,34.9640007019043,0.0280349999666214,0,113.514198303223,-89.1377,26.6736,15.8945633129542,63,63,63,63,61,63,0,7816,1.08413155380343,27,-89,0.001869,51,2023-07-28 02:02:30.000217,758,1.037,0.0011,"aoml_navis",1030.69398963713
"7901009",6,0,1,0.029904,1,0.007476,1,118.680792140157,1,4.85105004993104,760,1,7.87400007247925,34.9589996337891,0.0299040004611015,0,114.446098327637,-89.1377,26.6736,15.8945633129542,63,63,63,63,61,63,0,7816,1.08413155380343,27,-89,0.001869,51,2023-07-28 02:02:30.000217,760,1.037,0.0011,"aoml_navis",1030.7046821896
"7901009",6,0,1,0.029904,1,0.007476,1,119.397670794504,1,4.85098895645119,762,1,7.80700016021729,34.9500007629395,0.0299040004611015,0,115.137397766113,-89.1377,26.6736,15.8945633129542,63,63,63,63,61,63,0,7816,1.08413155380343,27,-89,0.001869,51,2023-07-28 02:02:30.000217,762,1.037,0.0011,"aoml_navis",1030.71766291091
"7901009",6,0,1,0.028035,1,0.005607,1,119.276653512782,1,4.85093030393806,764,1,7.76200008392334,34.9449996948242,0.0280349999666214,0,115.020698547363,-89.1377,26.6736,15.8945633129542,63,63,63,63,61,63,0,7816,1.08413155380343,27,-89,0.001869,51,2023-07-28 02:02:30.000217,764,1.037,0.0011,"aoml_navis",1030.73012530007
"7901009",6,0,1,0.029904,1,0.007476,1,118.997394425898,1,4.85087659767602,766,1,7.7519998550415,34.9459991455078,0.0299040004611015,0,114.751403808594,-89.1377,26.6736,15.8945633129542,63,63,63,63,61,63,0,7816,1.08413155380343,27,-89,0.001869,51,2023-07-28 02:02:30.000217,766,1.037,0.0011,"aoml_navis",1030.74153698229
"7901009",6,0,1,0.028035,1,0.005607,1,118.902818027774,1,4.85082074796315,768,1,7.74399995803833,34.9480018615723,0.0280349999666214,0,114.660202026367,-89.1377,26.6736,15.8945633129542,63,63,63,63,61,63,0,7816,1.08413155380343,27,-89,0.001869,51,2023-07-28 02:02:30.000217,768,1.037,0.0011,"aoml_navis",1030.75340437997
"7901009",6,0,1,0.028035,1,0.005607,1,118.88425719207,1,4.85076995199372,770,1,7.73299980163574,34.9480018615723,0.0280349999666214,0,114.642303466797,-89.1377,26.6736,15.8945633129542,63,63,63,63,61,63,0,7816,1.08413155380343,27,-89,0.001869,51,2023-07-28 02:02:30.000217,770,1.037,0.0011,"aoml_navis",1030.76419815476
"7901009",6,0,1,0.026166,1,0.003738,1,118.926561023488,1,4.85071345650954,772,1,7.70499992370605,34.9459991455078,0.0261659994721413,0,114.683097839355,-89.1377,26.6736,15.8945633129542,63,63,63,63,61,63,0,7816,1.08413155380343,27,-89,0.001869,51,2023-07-28 02:02:30.000217,772,1.037,0.0011,"aoml_navis",1030.77620330059
"7901009",6,0,1,0.035511,1,0.013083,1,118.954560510937,1,4.85066190759628,774,1,7.69299983978271,34.9459991455078,0.0355109982192516,0,114.710098266602,-89.1377,26.6736,15.8945633129542,63,63,63,63,61,63,0,7816,1.08413155380343,27,-89,0.001869,51,2023-07-28 02:02:30.000217,774,1.037,0.0011,"aoml_navis",1030.78715755676
"7901009",6,0,1,0.031773,1,0.009345,1,119.182804990567,1,4.85061080628059,776,1,7.67199993133545,34.9440002441406,0.0317730009555817,0,114.930198669434,-89.1377,26.6736,15.8945633129542,63,63,63,63,61,63,0,7816,1.08413155380343,27,-89,0.001869,51,2023-07-28 02:02:30.000217,776,1.037,0.0011,"aoml_navis",1030.79801692727
"7901009",6,0,1,0.031773,1,0.009345,1,119.499921536462,1,4.85054609598462,778,1,7.63800001144409,34.943000793457,0.0317730009555817,0,115.236000061035,-89.1377,26.6736,15.8945633129542,63,63,63,63,61,63,0,7816,1.08413155380343,27,-89,0.001869,51,2023-07-28 02:02:30.000217,778,1.037,0.0011,"aoml_navis",1030.81176862521
"7901009",6,0,1,0.029904,1,0.007476,1,119.963768371768,1,4.85049503855678,780,1,7.61700010299683,34.9410018920898,0.0299040004611015,0,115.683296203613,-89.1377,26.6736,15.8945633129542,63,63,63,63,61,63,0,7816,1.08413155380343,27,-89,0.001869,51,2023-07-28 02:02:30.000217,780,1.037,0.0011,"aoml_navis",1030.82261918728
"7901009",6,0,1,0.029904,1,0.007476,1,120.543141772694,1,4.85043762112259,782,1,7.57800006866455,34.9370002746582,0.0299040004611015,0,116.241996765137,-89.1377,26.6736,15.8945633129542,63,63,63,63,61,63,0,7816,1.08413155380343,27,-89,0.001869,51,2023-07-28 02:02:30.000217,782,1.037,0.0011,"aoml_navis",1030.83482163055
"7901009",6,0,1,0.031773,1,0.009345,1,121.210872979731,1,4.85037659403183,784,1,7.53900003433228,34.9339981079102,0.0317730009555817,0,116.885902404785,-89.1377,26.6736,15.8945633129542,63,63,63,63,61,63,0,7816,1.08413155380343,27,-89,0.001869,51,2023-07-28 02:02:30.000217,784,1.037,0.0011,"aoml_navis",1030.84779152041
"7901009",6,0,1,0.029904,1,0.007476,1,122.028752328278,1,4.85031941305084,786,1,7.50500011444092,34.9309997558594,0.0299040004611015,0,117.674598693848,-89.1377,26.6736,15.8945633129542,63,63,63,63,61,63,0,7816,1.08413155380343,27,-89,0.001869,51,2023-07-28 02:02:30.000217,786,1.037,0.0011,"aoml_navis",1030.8599443052
"7901009",6,0,1,0.026166,1,0.003738,1,123.232295145369,1,4.85026346533914,788,1,7.45800018310547,34.9249992370605,0.0261659994721413,0,118.83519744873,-89.1377,26.6736,15.8945633129542,63,63,63,63,61,63,0,7816,1.08413155380343,27,-89,0.001869,51,2023-07-28 02:02:30.000217,788,1.037,0.0011,"aoml_navis",1030.87183525821
"7901009",6,0,1,0.031773,1,0.009345,1,124.091141248935,1,4.85018696280248,790,1,7.36899995803833,34.9160003662109,0.0317730009555817,0,119.663398742676,-89.1377,26.6736,15.8945633129542,63,63,63,63,61,63,0,7816,1.08413155380343,27,-89,0.001869,51,2023-07-28 02:02:30.000217,790,1.037,0.0011,"aoml_navis",1030.88809531395
"7901009",6,0,1,0.029904,1,0.007476,1,124.400480598966,1,4.85012695334301,792,1,7.32600021362305,34.9119987487793,0.0299040004611015,0,119.961700439453,-89.1377,26.6736,15.8945633129542,63,63,63,63,61,63,0,7816,1.08413155380343,27,-89,0.001869,51,2023-07-28 02:02:30.000217,792,1.037,0.0011,"aoml_navis",1030.90085024552
"7901009",6,0,1,0.026166,1,0.003738,1,124.55706885994,1,4.85007848231967,794,1,7.31300020217896,34.9109992980957,0.0261659994721413,0,120.112701416016,-89.1377,26.6736,15.8945633129542,63,63,63,63,61,63,0,7816,1.08413155380343,27,-89,0.001869,51,2023-07-28 02:02:30.000217,794,1.037,0.0011,"aoml_navis",1030.91115292811
"7901009",6,0,1,0.028035,1,0.005607,1,124.882271157791,1,4.85002334139419,796,1,7.2960000038147,34.9109992980957,0.0280349999666214,0,120.426300048828,-89.1377,26.6736,15.8945633129542,63,63,63,63,61,63,0,7816,1.08413155380343,27,-89,0.001869,51,2023-07-28 02:02:30.000217,796,1.037,0.0011,"aoml_navis",1030.92287357172
"7901009",6,0,1,0.028035,1,0.005607,1,125.281202538303,1,4.84997623894065,798,1,7.27500009536743,34.9080009460449,0.0280349999666214,0,120.810997009277,-89.1377,26.6736,15.8945633129542,63,63,63,63,61,63,0,7816,1.08413155380343,27,-89,0.001869,51,2023-07-28 02:02:30.000217,798,1.037,0.0011,"aoml_navis",1030.93288578505
"7901009",6,0,1,0.028035,1,0.005607,1,125.692998334353,1,4.84990466452024,800,1,7.23600006103516,34.9080009460449,0.0280349999666214,0,121.208099365234,-89.1377,26.6736,15.8945633129542,63,63,63,63,61,63,0,7816,1.08413155380343,27,-89,0.001869,51,2023-07-28 02:02:30.000217,800,1.037,0.0011,"aoml_navis",1030.94810019211
"7901009",6,0,1,0.031773,1,0.009345,1,126.237734335999,1,4.84985554800342,802,1,7.22700023651123,34.9080009460449,0.0317730009555817,0,121.7333984375,-89.1377,26.6736,15.8945633129542,63,63,63,63,61,63,0,7816,1.08413155380343,27,-89,0.001869,51,2023-07-28 02:02:30.000217,802,1.037,0.0011,"aoml_navis",1030.95854103498
"7901009",6,0,1,0.028035,1,0.005607,1,126.76805522995,1,4.84978604892639,804,1,7.16599988937378,34.9029998779297,0.0280349999666214,0,122.24479675293,-89.1377,26.6736,15.8945633129542,63,63,63,63,61,63,0,7816,1.08413155380343,27,-89,0.001869,51,2023-07-28 02:02:30.000217,804,1.037,0.0011,"aoml_navis",1030.97331502013
"7901009",6,0,1,0.026166,1,0.003738,1,127.122918471132,1,4.84973760752041,806,1,7.14799976348877,34.9010009765625,0.0261659994721413,0,122.58699798584,-89.1377,26.6736,15.8945633129542,63,63,63,63,61,63,0,7816,1.08413155380343,27,-89,0.001869,51,2023-07-28 02:02:30.000217,806,1.037,0.0011,"aoml_navis",1030.98361285497
"7901009",6,0,1,0.028035,1,0.005607,1,127.500385423995,1,4.84967950214253,808,1,7.11199998855591,34.8979988098145,0.0280349999666214,0,122.950996398926,-89.1377,26.6736,15.8945633129542,63,63,63,63,61,63,0,7816,1.08413155380343,27,-89,0.001869,51,2023-07-28 02:02:30.000217,808,1.037,0.0011,"aoml_navis",1030.9959653604
"7901009",6,0,1,0.033642,1,0.011214,1,127.730599915598,1,4.84962667975578,810,1,7.09299993515015,34.8969993591309,0.0336420014500618,0,123.172996520996,-89.1377,26.6736,15.8945633129542,63,63,63,63,61,63,0,7816,1.08413155380343,27,-89,0.001869,51,2023-07-28 02:02:30.000217,810,1.037,0.0011,"aoml_navis",1031.00719502224
"7901009",6,0,1,0.026166,1,0.003738,1,128.015468394005,1,4.84957532529678,812,1,7.07100009918213,34.8950004577637,0.0261659994721413,0,123.447700500488,-89.1377,26.6736,15.8945633129542,63,63,63,63,61,63,0,7816,1.08413155380343,27,-89,0.001869,51,2023-07-28 02:02:30.000217,812,1.037,0.0011,"aoml_navis",1031.01811284765
"7901009",6,0,1,0.031773,1,0.009345,1,128.218308422039,1,4.84952107450203,814,1,7.05499982833862,34.8950004577637,0.0317730009555817,0,123.64330291748,-89.1377,26.6736,15.8945633129542,63,63,63,63,61,63,0,7816,1.08413155380343,27,-89,0.001869,51,2023-07-28 02:02:30.000217,814,1.037,0.0011,"aoml_navis",1031.02964667772
"7901009",6,0,1,0.029904,1,0.007476,1,128.396669666754,1,4.84944326371514,816,1,7.03200006484985,34.9000015258789,0.0299040004611015,0,123.815299987793,-89.1377,26.6736,15.8945633129542,63,63,63,63,61,63,0,7816,1.08413155380343,27,-89,0.001869,51,2023-07-28 02:02:30.000217,816,1.037,0.0011,"aoml_navis",1031.04618986088
"7901009",6,0,1,0.033642,1,0.011214,1,128.51301904862,1,4.84939198913976,818,1,7.01999998092651,34.9000015258789,0.0336420014500618,0,123.92749786377,-89.1377,26.6736,15.8945633129542,63,63,63,63,61,63,0,7816,1.08413155380343,27,-89,0.001869,51,2023-07-28 02:02:30.000217,818,1.037,0.0011,"aoml_navis",1031.05709152766
"7901009",6,0,1,0.026166,1,0.003738,1,128.689829601178,1,4.84933335291633,820,1,7.00299978256226,34.9010009765625,0.0261659994721413,0,124.097999572754,-89.1377,26.6736,15.8945633129542,63,63,63,63,61,63,0,7816,1.08413155380343,27,-89,0.001869,51,2023-07-28 02:02:30.000217,820,1.037,0.0011,"aoml_navis",1031.06955866275
"7901009",6,0,1,0.029904,1,0.007476,1,128.81219978269,1,4.84928356595224,822,1,6.99300003051758,34.9010009765625,0.0299040004611015,0,124.216003417969,-89.1377,26.6736,15.8945633129542,63,63,63,63,61,63,0,7816,1.08413155380343,27,-89,0.001869,51,2023-07-28 02:02:30.000217,822,1.037,0.0011,"aoml_navis",1031.0801445199
"7901009",6,0,1,0.029904,1,0.007476,1,129.135115600781,1,4.84923082468328,824,1,6.97399997711182,34.9000015258789,0.0299040004611015,0,124.527397155762,-89.1377,26.6736,15.8945633129542,63,63,63,63,61,63,0,7816,1.08413155380343,27,-89,0.001869,51,2023-07-28 02:02:30.000217,824,1.037,0.0011,"aoml_navis",1031.09135876751
"7901009",6,0,1,0.029904,1,0.007476,1,129.499006085585,1,4.84916558974941,826,1,6.94299983978271,34.9000015258789,0.0299040004611015,0,124.878303527832,-89.1377,26.6736,15.8945633129542,63,63,63,63,61,63,0,7816,1.08413155380343,27,-89,0.001869,51,2023-07-28 02:02:30.000217,826,1.037,0.0011,"aoml_navis",1031.10522985015
"7901009",6,0,1,0.028035,1,0.005607,1,129.90644253787,1,4.84911289780329,828,1,6.92399978637695,34.898998260498,0.0280349999666214,0,125.271202087402,-89.1377,26.6736,15.8945633129542,63,63,63,63,61,63,0,7816,1.08413155380343,27,-89,0.001869,51,2023-07-28 02:02:30.000217,828,1.037,0.0011,"aoml_navis",1031.11643415542
"7901009",6,0,1,0.033642,1,0.011214,1,130.274162282896,1,4.84905653553435,830,1,6.90000009536743,34.8979988098145,0.0336420014500618,0,125.625801086426,-89.1377,26.6736,15.8945633129542,63,63,63,63,61,63,0,7816,1.08413155380343,27,-89,0.001869,51,2023-07-28 02:02:30.000217,830,1.037,0.0011,"aoml_navis",1031.12841918
"7901009",6,0,1,0.026166,1,0.003738,1,130.616888984448,1,4.84900459269774,832,1,6.88199996948242,34.8969993591309,0.0261659994721413,0,125.956298828125,-89.1377,26.6736,15.8945633129542,63,63,63,63,61,63,0,7816,1.08413155380343,27,-89,0.001869,51,2023-07-28 02:02:30.000217,832,1.037,0.0011,"aoml_navis",1031.1394646913
"7901009",6,0,1,0.029904,1,0.007476,1,131.10822104705,1,4.84894094928717,834,1,6.84800004959106,34.8959999084473,0.0299040004611015,0,126.430099487305,-89.1377,26.6736,15.8945633129542,63,63,63,63,61,63,0,7816,1.08413155380343,27,-89,0.001869,51,2023-07-28 02:02:30.000217,834,1.037,0.0011,"aoml_navis",1031.15299862232
"7901009",6,0,1,0.029904,1,0.007476,1,131.466296436268,1,4.84888977203437,836,1,6.83099985122681,34.8950004577637,0.0299040004611015,0,126.775398254395,-89.1377,26.6736,15.8945633129542,63,63,63,63,61,63,0,7816,1.08413155380343,27,-89,0.001869,51,2023-07-28 02:02:30.000217,836,1.037,0.0011,"aoml_navis",1031.16388185129
"7901009",6,0,1,0.031773,1,0.009345,1,131.662189996379,1,4.84883279251562,838,1,6.80100011825562,34.8930015563965,0.0317730009555817,0,126.964302062988,-89.1377,26.6736,15.8945633129542,63,63,63,63,61,63,0,7816,1.08413155380343,27,-89,0.001869,51,2023-07-28 02:02:30.000217,838,1.037,0.0011,"aoml_navis",1031.17599924619
"7901009",6,0,1,0.031773,1,0.009345,1,131.529866902968,1,4.84878380111893,840,1,6.79199981689453,34.8930015563965,0.0317730009555817,0,126.836700439453,-89.1377,26.6736,15.8945633129542,63,63,63,63,61,63,0,7816,1.08413155380343,27,-89,0.001869,51,2023-07-28 02:02:30.000217,840,1.037,0.0011,"aoml_navis",1031.18641809647
"7901009",6,0,1,0.028035,1,0.005607,1,131.178010105763,1,4.84872898140071,842,1,6.77500009536743,34.8930015563965,0.0280349999666214,0,126.497398376465,-89.1377,26.6736,15.8945633129542,63,63,63,63,61,63,0,7816,1.08413155380343,27,-89,0.001869,51,2023-07-28 02:02:30.000217,842,1.037,0.0011,"aoml_navis",1031.19807668763
"7901009",6,0,1,0.026166,1,0.003738,1,130.63451624018,1,4.84866744316242,844,1,6.77400016784668,34.8979988098145,0.0261659994721413,0,125.973297119141,-89.1377,26.6736,15.8945633129542,63,63,63,63,61,63,0,7816,1.08413155380343,27,-89,0.001869,51,2023-07-28 02:02:30.000217,844,1.037,0.0011,"aoml_navis",1031.21116443055
"7901009",6,0,1,0.029904,1,0.007476,1,130.657025011526,1,4.8486147843229,846,1,6.7649998664856,34.898998260498,0.0299040004611015,0,125.995002746582,-89.1377,26.6736,15.8945633129542,63,63,63,63,61,63,0,7816,1.08413155380343,27,-89,0.001869,51,2023-07-28 02:02:30.000217,846,1.037,0.0011,"aoml_navis",1031.22236399695
"7901009",6,0,1,0.028035,1,0.005607,1,130.513815426245,1,4.84856290901018,848.099975585938,1,6.76000022888184,34.9000015258789,0.0280349999666214,0,125.856903076172,-89.1377,26.6736,15.8945633129542,63,63,63,63,61,63,0,7816,1.08413155380343,27,-89,0.001869,51,2023-07-28 02:02:30.000217,848.099975585938,1.037,0.0011,"aoml_navis",1031.23339715948
"7901009",6,0,1,0.029904,1,0.007476,1,130.499606022611,1,4.84851601896291,850,1,6.75600004196167,34.9010009765625,0.0299040004611015,0,125.843200683594,-89.1377,26.6736,15.8945633129542,63,63,63,63,61,63,0,7816,1.08413155380343,27,-89,0.001869,51,2023-07-28 02:02:30.000217,850,1.037,0.0011,"aoml_navis",1031.24337022805
"7901009",6,0,1,0.031773,1,0.009345,1,130.669470107247,1,4.84846409628969,852,1,6.7480001449585,34.9020004272461,0.0317730009555817,0,126.00700378418,-89.1377,26.6736,15.8945633129542,63,63,63,63,61,63,0,7816,1.08413155380343,27,-89,0.001869,51,2023-07-28 02:02:30.000217,852,1.037,0.0011,"aoml_navis",1031.25441391353
"7901009",6,0,1,0.029904,1,0.007476,1,131.006286772879,1,4.84841516093106,854,1,6.73400020599365,34.9010009765625,0.0299040004611015,0,126.331802368164,-89.1377,26.6736,15.8945633129542,63,63,63,63,61,63,0,7816,1.08413155380343,27,-89,0.001869,51,2023-07-28 02:02:30.000217,854,1.037,0.0011,"aoml_navis",1031.26482242907
"7901009",6,0,1,0.026166,1,0.003738,1,131.315309655123,1,4.84836695989271,856,1,6.72100019454956,34.9000015258789,0.0261659994721413,0,126.62979888916,-89.1377,26.6736,15.8945633129542,63,63,63,63,61,63,0,7816,1.08413155380343,27,-89,0.001869,51,2023-07-28 02:02:30.000217,856,1.037,0.0011,"aoml_navis",1031.27507496063
"7901009",6,0,1,0.031773,1,0.009345,1,131.571553622202,1,4.84829765206512,858,1,6.68400001525879,34.9000015258789,0.0317730009555817,0,126.876899719238,-89.1377,26.6736,15.8945633129542,63,63,63,63,61,63,0,7816,1.08413155380343,27,-89,0.001869,51,2023-07-28 02:02:30.000217,858,1.037,0.0011,"aoml_navis",1031.28981733831
"7901009",6,0,1,0.031773,1,0.009345,1,131.50269814346,1,4.84824937712747,860,1,6.68100023269653,34.9010009765625,0.0317730009555817,0,126.810501098633,-89.1377,26.6736,15.8945633129542,63,63,63,63,61,63,0,7816,1.08413155380343,27,-89,0.001869,51,2023-07-28 02:02:30.000217,860,1.037,0.0011,"aoml_navis",1031.30008608642
"7901009",6,0,1,0.029904,1,0.007476,1,131.765888578462,1,4.8482011038866,862,1,6.67799997329712,34.9020004272461,0.0299040004611015,0,127.064300537109,-89.1377,26.6736,15.8945633129542,63,63,63,63,61,63,0,7816,1.08413155380343,27,-89,0.001869,51,2023-07-28 02:02:30.000217,862,1.037,0.0011,"aoml_navis",1031.31035467809
"7901009",6,0,1,0.035511,1,0.013083,1,132.214181022041,1,4.84814060087639,864,1,6.64799976348877,34.9010009765625,0.0355109982192516,0,127.496597290039,-89.1377,26.6736,15.8945633129542,63,63,63,63,61,63,0,7816,1.08413155380343,27,-89,0.001869,51,2023-07-28 02:02:30.000217,864,1.037,0.0011,"aoml_navis",1031.32322505172
"7901009",6,0,1,0.026166,1,0.003738,1,132.400533078375,1,4.84808731367619,866,1,6.63299989700317,34.9010009765625,0.0261659994721413,0,127.676300048828,-89.1377,26.6736,15.8945633129542,63,63,63,63,61,63,0,7816,1.08413155380343,27,-89,0.001869,51,2023-07-28 02:02:30.000217,866,1.037,0.0011,"aoml_navis",1031.33456072362
"7901009",6,0,1,0.029904,1,0.007476,1,132.9053466687,1,4.84802818651451,868,1,6.61499977111816,34.9020004272461,0.0299040004611015,0,128.163101196289,-89.1377,26.6736,15.8945633129542,63,63,63,63,61,63,0,7816,1.08413155380343,27,-89,0.001869,51,2023-07-28 02:02:30.000217,868,1.037,0.0011,"aoml_navis",1031.34713900967
"7901009",6,0,1,0.033642,1,0.011214,1,133.306358824911,1,4.84797504419636,870,1,6.59000015258789,34.9000015258789,0.0336420014500618,0,128.5498046875,-89.1377,26.6736,15.8945633129542,63,63,63,63,61,63,0,7816,1.08413155380343,27,-89,0.001869,51,2023-07-28 02:02:30.000217,870,1.037,0.0011,"aoml_navis",1031.35844438507
"7901009",6,0,1,0.028035,1,0.005607,1,133.771234180524,1,4.84792250963373,872,1,6.57600021362305,34.9000015258789,0.0280349999666214,0,128.998092651367,-89.1377,26.6736,15.8945633129542,63,63,63,63,61,63,0,7816,1.08413155380343,27,-89,0.001869,51,2023-07-28 02:02:30.000217,872,1.037,0.0011,"aoml_navis",1031.36962071156
"7901009",6,0,1,0.029904,1,0.007476,1,134.256347651112,1,4.84786574027438,874,1,6.55100011825562,34.898998260498,0.0299040004611015,0,129.465896606445,-89.1377,26.6736,15.8945633129542,63,63,63,63,61,63,0,7816,1.08413155380343,27,-89,0.001869,51,2023-07-28 02:02:30.000217,874,1.037,0.0011,"aoml_navis",1031.38169823098
"7901009",6,0,1,0.028035,1,0.005607,1,134.382966412664,1,4.84781546124678,876,1,6.53499984741211,34.8979988098145,0.0280349999666214,0,129.587997436523,-89.1377,26.6736,15.8945633129542,63,63,63,63,61,63,0,7816,1.08413155380343,27,-89,0.001869,51,2023-07-28 02:02:30.000217,876,1.037,0.0011,"aoml_navis",1031.39239518702
"7901009",6,0,1,0.029904,1,0.007476,1,134.345639037195,1,4.8477628760465,878,1,6.52600002288818,34.898998260498,0.0299040004611015,0,129.552001953125,-89.1377,26.6736,15.8945633129542,63,63,63,63,61,63,0,7816,1.08413155380343,27,-89,0.001869,51,2023-07-28 02:02:30.000217,878,1.037,0.0011,"aoml_navis",1031.40358302295
"7901009",6,0,1,0.029904,1,0.007476,1,134.524411690033,1,4.84770533727335,880,1,6.50500011444092,34.898998260498,0.0299040004611015,0,129.724395751953,-89.1377,26.6736,15.8945633129542,63,63,63,63,61,63,0,7816,1.08413155380343,27,-89,0.001869,51,2023-07-28 02:02:30.000217,880,1.037,0.0011,"aoml_navis",1031.41582504111
"7901009",6,0,1,0.031773,1,0.009345,1,134.423727463621,1,4.84765346617719,882,1,6.49700021743774,34.9000015258789,0.0317730009555817,0,129.627304077148,-89.1377,26.6736,15.8945633129542,63,63,63,63,61,63,0,7816,1.08413155380343,27,-89,0.001869,51,2023-07-28 02:02:30.000217,882,1.037,0.0011,"aoml_navis",1031.42686144663
"7901009",6,0,1,0.029904,1,0.007476,1,134.586629256944,1,4.84759873687295,884,1,6.4850001335144,34.9010009765625,0.0299040004611015,0,129.784393310547,-89.1377,26.6736,15.8945633129542,63,63,63,63,61,63,0,7816,1.08413155380343,27,-89,0.001869,51,2023-07-28 02:02:30.000217,884,1.037,0.0011,"aoml_navis",1031.4385062377
"7901009",6,0,1,0.029904,1,0.007476,1,134.820071719974,1,4.84754329448887,886,1,6.47200012207031,34.9020004272461,0.0299040004611015,0,130.009506225586,-89.1377,26.6736,15.8945633129542,63,63,63,63,61,63,0,7816,1.08413155380343,27,-89,0.001869,51,2023-07-28 02:02:30.000217,886,1.037,0.0011,"aoml_navis",1031.45030301936
"7901009",6,0,1,0.031773,1,0.009345,1,135.153676237568,1,4.84749736570451,888,1,6.46199989318848,34.9010009765625,0.0317730009555817,0,130.331207275391,-89.1377,26.6736,15.8945633129542,63,63,63,63,61,63,0,7816,1.08413155380343,27,-89,0.001869,51,2023-07-28 02:02:30.000217,888,1.037,0.0011,"aoml_navis",1031.46007574433
"7901009",6,0,1,0.031773,1,0.009345,1,135.445791828296,1,4.84742974483904,890,1,6.43200016021729,34.9020004272461,0.0317730009555817,0,130.612899780273,-89.1377,26.6736,15.8945633129542,63,63,63,63,61,63,0,7816,1.08413155380343,27,-89,0.001869,51,2023-07-28 02:02:30.000217,890,1.037,0.0011,"aoml_navis",1031.47446444652
"7901009",6,0,1,0.026166,1,0.003738,1,135.465808415819,1,4.84738158470601,892,1,6.42399978637695,34.9020004272461,0.0261659994721413,0,130.632202148438,-89.1377,26.6736,15.8945633129542,63,63,63,63,61,63,0,7816,1.08413155380343,27,-89,0.001869,51,2023-07-28 02:02:30.000217,892,1.037,0.0011,"aoml_navis",1031.48471244259
"7901009",6,0,1,0.029904,1,0.007476,1,135.655261856466,1,4.84733629280942,894,1,6.42000007629395,34.9020004272461,0.0299040004611015,0,130.814895629883,-89.1377,26.6736,15.8945633129542,63,63,63,63,61,63,0,7816,1.08413155380343,27,-89,0.001869,51,2023-07-28 02:02:30.000217,894,1.037,0.0011,"aoml_navis",1031.49435029235
"7901009",6,0,1,0.029904,1,0.007476,1,135.846076108597,1,4.84728384124061,896,1,6.4060001373291,34.9020004272461,0.0299040004611015,0,130.998901367188,-89.1377,26.6736,15.8945633129542,63,63,63,63,61,63,0,7816,1.08413155380343,27,-89,0.001869,51,2023-07-28 02:02:30.000217,896,1.037,0.0011,"aoml_navis",1031.50551190341
"7901009",6,0,1,0.029904,1,0.007476,1,135.992711457672,1,4.84723712109083,898,1,6.40000009536743,34.9020004272461,0.0299040004611015,0,131.14030456543,-89.1377,26.6736,15.8945633129542,63,63,63,63,61,63,0,7816,1.08413155380343,27,-89,0.001869,51,2023-07-28 02:02:30.000217,898,1.037,0.0011,"aoml_navis",1031.51545408094
"7901009",6,0,1,0.029904,1,0.007476,1,136.148160434613,1,4.8471962271205,900,1,6.39699983596802,34.9010009765625,0.0299040004611015,0,131.29020690918,-89.1377,26.6736,15.8945633129542,63,63,63,63,61,63,0,7816,1.08413155380343,27,-89,0.001869,51,2023-07-28 02:02:30.000217,900,1.037,0.0011,"aoml_navis",1031.52415658862
"7901009",6,0,1,0.031773,1,0.009345,1,136.404910750151,1,4.84714736385815,902,1,6.38800001144409,34.9010009765625,0.0317730009555817,0,131.537796020508,-89.1377,26.6736,15.8945633129542,63,63,63,63,61,63,0,7816,1.08413155380343,27,-89,0.001869,51,2023-07-28 02:02:30.000217,902,1.037,0.0011,"aoml_navis",1031.53455520696
"7901009",6,0,1,0.029904,1,0.007476,1,136.599554262503,1,4.84707910131971,904,1,6.35699987411499,34.9020004272461,0.0299040004611015,0,131.725494384766,-89.1377,26.6736,15.8945633129542,63,63,63,63,61,63,0,7816,1.08413155380343,27,-89,0.001869,51,2023-07-28 02:02:30.000217,904,1.037,0.0011,"aoml_navis",1031.54908254719
"7901009",6,0,1,0.029904,1,0.007476,1,136.706583668043,1,4.84703310626113,906,1,6.35200023651123,34.9020004272461,0.0299040004611015,0,131.828704833984,-89.1377,26.6736,15.8945633129542,63,63,63,63,61,63,0,7816,1.08413155380343,27,-89,0.001869,51,2023-07-28 02:02:30.000217,906,1.037,0.0011,"aoml_navis",1031.55887124874
"7901009",6,0,1,0.029904,1,0.007476,1,136.927256655871,1,4.84698200725014,908,1,6.34499979019165,34.9029998779297,0.0299040004611015,0,132.04150390625,-89.1377,26.6736,15.8945633129542,63,63,63,63,61,63,0,7816,1.08413155380343,27,-89,0.001869,51,2023-07-28 02:02:30.000217,908,1.037,0.0011,"aoml_navis",1031.56974639497
"7901009",6,0,1,0.031773,1,0.009345,1,137.18422849886,1,4.84692816510832,910,1,6.3289999961853,34.9029998779297,0.0317730009555817,0,132.289306640625,-89.1377,26.6736,15.8945633129542,63,63,63,63,61,63,0,7816,1.08413155380343,27,-89,0.001869,51,2023-07-28 02:02:30.000217,910,1.037,0.0011,"aoml_navis",1031.58120559607
"7901009",6,0,1,0.022428,1,0,1,137.497610724869,1,4.8468736188593,912,1,6.31199979782104,34.9029998779297,0.0224280003458261,0,132.591506958008,-89.1377,26.6736,15.8945633129542,63,63,63,63,61,63,0,7816,1.08413155380343,27,-89,0.001869,51,2023-07-28 02:02:30.000217,912,1.037,0.0011,"aoml_navis",1031.59281491163
"7901009",6,0,1,0.029904,1,0.007476,1,137.751987532005,1,4.84682335703348,914,1,6.30100011825562,34.9029998779297,0.0299040004611015,0,132.836807250977,-89.1377,26.6736,15.8945633129542,63,63,63,63,61,63,0,7816,1.08413155380343,27,-89,0.001869,51,2023-07-28 02:02:30.000217,914,1.037,0.0011,"aoml_navis",1031.60351258608
"7901009",6,0,1,0.031773,1,0.009345,1,138.066603982383,1,4.84676443851901,916,1,6.28299999237061,34.9039993286133,0.0317730009555817,0,133.140197753906,-89.1377,26.6736,15.8945633129542,63,63,63,63,61,63,0,7816,1.08413155380343,27,-89,0.001869,51,2023-07-28 02:02:30.000217,916,1.037,0.0011,"aoml_navis",1031.61605302357
"7901009",6,0,1,0.029904,1,0.007476,1,138.316423653387,1,4.84671134231085,918,1,6.26800012588501,34.9039993286133,0.0299040004611015,0,133.381103515625,-89.1377,26.6736,15.8945633129542,63,63,63,63,61,63,0,7816,1.08413155380343,27,-89,0.001869,51,2023-07-28 02:02:30.000217,918,1.037,0.0011,"aoml_navis",1031.62735448075
"7901009",6,0,1,0.031773,1,0.009345,1,138.528077309288,1,4.84666109683249,920,1,6.25699996948242,34.9039993286133,0.0317730009555817,0,133.585205078125,-89.1377,26.6736,15.8945633129542,63,63,63,63,61,63,0,7816,1.08413155380343,27,-89,0.001869,51,2023-07-28 02:02:30.000217,920,1.037,0.0011,"aoml_navis",1031.63804939192
"7901009",6,0,1,0.029904,1,0.007476,1,138.735569413789,1,4.84661440891174,922,1,6.25099992752075,34.9039993286133,0.0299040004611015,0,133.785293579102,-89.1377,26.6736,15.8945633129542,63,63,63,63,61,63,0,7816,1.08413155380343,27,-89,0.001869,51,2023-07-28 02:02:30.000217,922,1.037,0.0011,"aoml_navis",1031.64798726431
"7901009",6,0,1,0.026166,1,0.003738,1,139.004883500469,1,4.84657068942854,924,1,6.24399995803833,34.9029998779297,0.0261659994721413,0,134.044998168945,-89.1377,26.6736,15.8945633129542,63,63,63,63,61,63,0,7816,1.08413155380343,27,-89,0.001869,51,2023-07-28 02:02:30.000217,924,1.037,0.0011,"aoml_navis",1031.6572934562
"7901009",6,0,1,0.031773,1,0.009345,1,139.376543269441,1,4.84651619327256,926,1,6.22700023651123,34.9029998779297,0.0317730009555817,0,134.403396606445,-89.1377,26.6736,15.8945633129542,63,63,63,63,61,63,0,7816,1.08413155380343,27,-89,0.001869,51,2023-07-28 02:02:30.000217,926,1.037,0.0011,"aoml_navis",1031.66889382119
"7901009",6,0,1,0.029904,1,0.007476,1,139.670541843501,1,4.84646099777968,928,1,6.20900011062622,34.9029998779297,0.0299040004611015,0,134.686904907227,-89.1377,26.6736,15.8945633129542,63,63,63,63,61,63,0,7816,1.08413155380343,27,-89,0.001869,51,2023-07-28 02:02:30.000217,928,1.037,0.0011,"aoml_navis",1031.68064331698
"7901009",6,0,1,0.028035,1,0.005607,1,139.933732278503,1,4.84641219283789,930,1,6.19999980926514,34.9029998779297,0.0280349999666214,0,134.940704345703,-89.1377,26.6736,15.8945633129542,63,63,63,63,61,63,0,7816,1.08413155380343,27,-89,0.001869,51,2023-07-28 02:02:30.000217,930,1.037,0.0011,"aoml_navis",1031.69103267549
"7901009",6,0,1,0.031773,1,0.009345,1,140.157300946581,1,4.8463519206776,932,1,6.17999982833862,34.9039993286133,0.0317730009555817,0,135.156295776367,-89.1377,26.6736,15.8945633129542,63,63,63,63,61,63,0,7816,1.08413155380343,27,-89,0.001869,51,2023-07-28 02:02:30.000217,932,1.037,0.0011,"aoml_navis",1031.70386340844
"7901009",6,0,1,0.028035,1,0.005607,1,140.257795292321,1,4.84630312500192,934,1,6.1710000038147,34.9039993286133,0.0280349999666214,0,135.253204345703,-89.1377,26.6736,15.8945633129542,63,63,63,63,61,63,0,7816,1.08413155380343,27,-89,0.001869,51,2023-07-28 02:02:30.000217,934,1.037,0.0011,"aoml_navis",1031.71425126199
"7901009",6,0,1,0.028035,1,0.005607,1,140.325820043122,1,4.84625716347568,936,1,6.16599988937378,34.9039993286133,0.0280349999666214,0,135.318801879883,-89.1377,26.6736,15.8945633129542,63,63,63,63,61,63,0,7816,1.08413155380343,27,-89,0.001869,51,2023-07-28 02:02:30.000217,936,1.037,0.0011,"aoml_navis",1031.72403595975
"7901009",6,0,1,0.031773,1,0.009345,1,140.484164700314,1,4.84621191196732,938,1,6.16200017929077,34.9039993286133,0.0317730009555817,0,135.471496582031,-89.1377,26.6736,15.8945633129542,63,63,63,63,61,63,0,7816,1.08413155380343,27,-89,0.001869,51,2023-07-28 02:02:30.000217,938,1.037,0.0011,"aoml_navis",1031.73366968393
"7901009",6,0,1,0.026166,1,0.003738,1,140.692811912238,1,4.84616666190112,940,1,6.15799999237061,34.9039993286133,0.0261659994721413,0,135.672698974609,-89.1377,26.6736,15.8945633129542,63,63,63,63,61,63,0,7816,1.08413155380343,27,-89,0.001869,51,2023-07-28 02:02:30.000217,940,1.037,0.0011,"aoml_navis",1031.74330328098
"7901009",6,0,1,0.033642,1,0.011214,1,141.144110799792,1,4.84612212183324,942,1,6.15500020980835,34.9039993286133,0.0336420014500618,0,136.107894897461,-89.1377,26.6736,15.8945633129542,63,63,63,63,61,63,0,7816,1.08413155380343,27,-89,0.001869,51,2023-07-28 02:02:30.000217,942,1.037,0.0011,"aoml_navis",1031.7527858973
"7901009",6,0,1,0.029904,1,0.007476,1,141.958271651843,1,4.84606838337709,944,1,6.13899993896484,34.9039993286133,0.0299040004611015,0,136.893005371094,-89.1377,26.6736,15.8945633129542,63,63,63,63,61,63,0,7816,1.08413155380343,27,-89,0.001869,51,2023-07-28 02:02:30.000217,944,1.037,0.0011,"aoml_navis",1031.76422708993
"7901009",6,0,1,0.031773,1,0.009345,1,142.965920908823,1,4.84601055959033,946,1,6.11199998855591,34.9029998779297,0.0317730009555817,0,137.864700317383,-89.1377,26.6736,15.8945633129542,63,63,63,63,61,63,0,7816,1.08413155380343,27,-89,0.001869,51,2023-07-28 02:02:30.000217,946,1.037,0.0011,"aoml_navis",1031.77653835379
"7901009",6,0,1,0.033642,1,0.011214,1,143.570279441527,1,4.84594203865817,948,1,6.07499980926514,34.9029998779297,0.0336420014500618,0,138.447494506836,-89.1377,26.6736,15.8945633129542,63,63,63,63,61,63,0,7816,1.08413155380343,27,-89,0.001869,51,2023-07-28 02:02:30.000217,948,1.037,0.0011,"aoml_navis",1031.79112752749
"7901009",6,0,1,0.031773,1,0.009345,1,144.048129976405,1,4.84589186721662,950,1,6.06400012969971,34.9029998779297,0.0317730009555817,0,138.908294677734,-89.1377,26.6736,15.8945633129542,63,63,63,63,61,63,0,7816,1.08413155380343,27,-89,0.001869,51,2023-07-28 02:02:30.000217,950,1.037,0.0011,"aoml_navis",1031.8018100705
"7901009",6,0,1,0.028035,1,0.005607,1,144.604907577344,1,4.84584099588502,952,1,6.05200004577637,34.9029998779297,0.0280349999666214,0,139.445205688477,-89.1377,26.6736,15.8945633129542,63,63,63,63,61,63,0,7816,1.08413155380343,27,-89,0.001869,51,2023-07-28 02:02:30.000217,952,1.037,0.0011,"aoml_navis",1031.81264186049
"7901009",6,0,1,0.028035,1,0.005607,1,145.043247109023,1,4.84579380665556,954,1,6.03999996185303,34.9020004272461,0.0280349999666214,0,139.867904663086,-89.1377,26.6736,15.8945633129542,63,63,63,63,61,63,0,7816,1.08413155380343,27,-89,0.001869,51,2023-07-28 02:02:30.000217,954,1.037,0.0011,"aoml_navis",1031.82268984137
"7901009",6,0,1,0.031773,1,0.009345,1,145.440303417897,1,4.8457422423628,956,1,6.02699995040894,34.9020004272461,0.0317730009555817,0,140.250793457031,-89.1377,26.6736,15.8945633129542,63,63,63,63,61,63,0,7816,1.08413155380343,27,-89,0.001869,51,2023-07-28 02:02:30.000217,956,1.037,0.0011,"aoml_navis",1031.83366962622
"7901009",6,0,1,0.031773,1,0.009345,1,145.648950629822,1,4.84569208896739,958,1,6.01599979400635,34.9020004272461,0.0317730009555817,0,140.451995849609,-89.1377,26.6736,15.8945633129542,63,63,63,63,61,63,0,7816,1.08413155380343,27,-89,0.001869,51,2023-07-28 02:02:30.000217,958,1.037,0.0011,"aoml_navis",1031.8443492074
"7901009",6,0,1,0.028035,1,0.005607,1,145.764888603564,1,4.84564545223759,960,1,6.01000022888184,34.9020004272461,0.0280349999666214,0,140.56379699707,-89.1377,26.6736,15.8945633129542,63,63,63,63,61,63,0,7816,1.08413155380343,27,-89,0.001869,51,2023-07-28 02:02:30.000217,960,1.037,0.0011,"aoml_navis",1031.85428015398
"7901009",6,0,4,0.024297,1,0.001869,1,145.937442664389,1,4.84559811447887,962,1,6.00299978256226,34.9020004272461,0.0242970008403063,0,140.730194091797,-89.1377,26.6736,15.8945633129542,63,63,63,63,61,63,0,7816,1.08413155380343,27,-89,0.001869,51,2023-07-28 02:02:30.000217,962,1.037,0.0011,"aoml_navis",1031.86436057497
"7901009",6,0,1,0.031773,1,0.009345,1,146.136659136262,1,4.84554656683604,964,1,5.98999977111816,34.9020004272461,0.0317730009555817,0,140.922302246094,-89.1377,26.6736,15.8945633129542,63,63,63,63,61,63,0,7816,1.08413155380343,27,-89,0.001869,51,2023-07-28 02:02:30.000217,964,1.037,0.0011,"aoml_navis",1031.87533770103
"7901009",6,0,1,0.031773,1,0.009345,1,146.320004748621,1,4.84549923480452,966,1,5.98299980163574,34.9020004272461,0.0317730009555817,0,141.099105834961,-89.1377,26.6736,15.8945633129542,63,63,63,63,61,63,0,7816,1.08413155380343,27,-89,0.001869,51,2023-07-28 02:02:30.000217,966,1.037,0.0011,"aoml_navis",1031.88541731381
"7901009",6,0,1,0.033642,1,0.011214,1,146.45491496619,1,4.84545330858337,968,1,5.97800016403198,34.9020004272461,0.0336420014500618,0,141.229202270508,-89.1377,26.6736,15.8945633129542,63,63,63,63,61,63,0,7816,1.08413155380343,27,-89,0.001869,51,2023-07-28 02:02:30.000217,968,1.037,0.0011,"aoml_navis",1031.89519773988
"7901009",6,0,1,0.031773,1,0.009345,1,146.660856378536,1,4.84540230398019,970,1,5.97100019454956,34.9029998779297,0.0317730009555817,0,141.427795410156,-89.1377,26.6736,15.8945633129542,63,63,63,63,61,63,0,7816,1.08413155380343,27,-89,0.001869,51,2023-07-28 02:02:30.000217,970,1.037,0.0011,"aoml_navis",1031.90605987305
"7901009",6,0,1,0.029904,1,0.007476,1,146.908191777413,1,4.84535147183298,972,1,5.95900011062622,34.9029998779297,0.0299040004611015,0,141.666305541992,-89.1377,26.6736,15.8945633129542,63,63,63,63,61,63,0,7816,1.08413155380343,27,-89,0.001869,51,2023-07-28 02:02:30.000217,972,1.037,0.0011,"aoml_navis",1031.91688550687
"7901009",6,0,1,0.028035,1,0.005607,1,147.262952166564,1,4.8452985423763,974,1,5.94399976730347,34.9029998779297,0.0280349999666214,0,142.008407592773,-89.1377,26.6736,15.8945633129542,63,63,63,63,61,63,0,7816,1.08413155380343,27,-89,0.001869,51,2023-07-28 02:02:30.000217,974,1.037,0.0011,"aoml_navis",1031.92815804242
"7901009",6,0,1,0.035511,1,0.013083,1,147.612933892132,1,4.84524544547816,976,1,5.93400001525879,34.9039993286133,0.0355109982192516,0,142.345901489258,-89.1377,26.6736,15.8945633129542,63,63,63,63,61,63,0,7816,1.08413155380343,27,-89,0.001869,51,2023-07-28 02:02:30.000217,976,1.037,0.0011,"aoml_navis",1031.93946648591
"7901009",6,99999,9,99999,9,99999,9,147.888672274886,1,4.84520022975696,978,1,5.92999982833862,34.9039993286133,99999,99999,142.611801147461,-89.1377,26.6736,15.8945633129542,63,63,63,63,61,63,0,7816,1.08413155380343,27,-89,0.001869,51,2023-07-28 02:02:30.000217,978,1.037,0.0011,"aoml_navis",1031.9490966116
"7901009",6,0,1,0.026166,1,0.003738,1,152.786739153567,1,4.84467185806598,998.900024414062,1,5.81860017776489,34.9059982299805,0.0261659994721413,0,147.335098266602,-89.1377,26.6736,15.8945633129542,63,63,63,63,61,63,0,7816,1.08413155380343,27,-89,0.001869,51,2023-07-28 02:02:30.000217,998.900024414062,1.037,0.0011,"aoml_navis",1032.0616434889
"7901009",6,0,1,0.031773,1,0.009345,1,159.076473125282,1,4.84332872253679,1050.09997558594,1,5.49940013885498,34.9160003662109,0.0317730009555817,0,153.400405883789,-89.1377,26.6736,15.8945633129542,63,63,63,63,61,63,0,7816,1.08413155380343,27,-89,0.001869,51,2023-07-28 02:02:30.000217,1050.09997558594,1.037,0.0011,"aoml_navis",1032.34785133088
"7901009",6,0,1,0.028035,1,0.005607,1,165.54580256608,1,4.84212665658432,1099.09997558594,1,5.29260015487671,34.9220008850098,0.0280349999666214,0,159.638900756836,-89.1377,26.6736,15.8945633129542,63,63,63,63,61,63,0,7816,1.08413155380343,27,-89,0.001869,51,2023-07-28 02:02:30.000217,1099.09997558594,1.037,0.0011,"aoml_navis",1032.60413339271
"7901009",6,0,1,0.029904,1,0.007476,1,171.667223145315,1,4.84090248606285,1149,1,5.08430004119873,34.9290008544922,0.0299040004611015,0,165.541900634766,-89.1377,26.6736,15.8945633129542,63,63,63,63,61,63,0,7816,1.08413155380343,27,-89,0.001869,51,2023-07-28 02:02:30.000217,1149,1.037,0.0011,"aoml_navis",1032.86525898739
"7901009",6,0,1,0.026166,1,0.003738,1,178.248550535909,1,4.83971218011089,1198.59997558594,1,4.91450023651123,34.9360008239746,0.0261659994721413,0,171.888397216797,-89.1377,26.6736,15.8945633129542,63,63,63,63,61,63,0,7816,1.08413155380343,27,-89,0.001869,51,2023-07-28 02:02:30.000217,1198.59997558594,1.037,0.0011,"aoml_navis",1033.11928766091
"7901009",6,0,1,0.033642,1,0.011214,1,183.977566882738,1,4.83849540659648,1249.69995117188,1,4.7451000213623,34.9420013427734,0.0336420014500618,0,177.412994384766,-89.1377,26.6736,15.8945633129542,63,63,63,63,61,63,0,7816,1.08413155380343,27,-89,0.001869,51,2023-07-28 02:02:30.000217,1249.69995117188,1.037,0.0011,"aoml_navis",1033.37909408436
"7901009",6,0,1,0.028035,1,0.005607,1,187.801510445794,1,4.83737262289498,1299,1,4.64650011062622,34.9459991455078,0.0280349999666214,0,181.100494384766,-89.1377,26.6736,15.8945633129542,63,63,63,63,61,63,0,7816,1.08413155380343,27,-89,0.001869,51,2023-07-28 02:02:30.000217,1299,1.037,0.0011,"aoml_navis",1033.61894767736
"7901009",6,0,1,0.028035,1,0.005607,1,191.650344200292,1,4.83622323620791,1349.80004882812,1,4.55389976501465,34.9500007629395,0.0280349999666214,0,184.811996459961,-89.1377,26.6736,15.8945633129542,63,63,63,63,61,63,0,7816,1.08413155380343,27,-89,0.001869,51,2023-07-28 02:02:30.000217,1349.80004882812,1.037,0.0011,"aoml_navis",1033.86459966652
"7901009",6,0,1,0.028035,1,0.005607,1,194.398819459628,1,4.83515965834776,1397.90002441406,1,4.49720001220703,34.9529991149902,0.0280349999666214,0,187.46240234375,-89.1377,26.6736,15.8945633129542,63,63,63,63,61,63,0,7816,1.08413155380343,27,-89,0.001869,51,2023-07-28 02:02:30.000217,1397.90002441406,1.037,0.0011,"aoml_navis",1034.09201625176
"7901009",6,0,1,0.033642,1,0.011214,1,197.148528943333,1,4.83402399371734,1449.09997558594,1,4.42880010604858,34.9560012817383,0.0336420014500618,0,190.113998413086,-89.1377,26.6736,15.8945633129542,63,63,63,63,61,63,0,7816,1.08413155380343,27,-89,0.001869,51,2023-07-28 02:02:30.000217,1449.09997558594,1.037,0.0011,"aoml_navis",1034.33495706649
"7901009",6,0,1,0.024297,1,0.001869,1,198.966082560629,1,4.83293387173519,1499.80004882812,1,4.3996000289917,34.9570007324219,0.0242970008403063,0,191.86669921875,-89.1377,26.6736,15.8945633129542,63,63,63,63,61,63,0,7816,1.08413155380343,27,-89,0.001869,51,2023-07-28 02:02:30.000217,1499.80004882812,1.037,0.0011,"aoml_navis",1034.56826281896
"7901009",6,0,1,0.026166,1,0.003738,1,200.350375954227,1,4.83186849479289,1549.30004882812,1,4.37309980392456,34.9589996337891,0.0261659994721413,0,193.201599121094,-89.1377,26.6736,15.8945633129542,63,63,63,63,61,63,0,7816,1.08413155380343,27,-89,0.001869,51,2023-07-28 02:02:30.000217,1549.30004882812,1.037,0.0011,"aoml_navis",1034.79637440222
"7901009",6,0,1,0.026166,1,0.003738,1,201.691012616617,1,4.8307983149993,1599.40002441406,1,4.35069990158081,34.9599990844727,0.0261659994721413,0,194.494400024414,-89.1377,26.6736,15.8945633129542,63,63,63,63,61,63,0,7816,1.08413155380343,27,-89,0.001869,51,2023-07-28 02:02:30.000217,1599.40002441406,1.037,0.0011,"aoml_navis",1035.02561563693
"7901009",6,0,1,0.029904,1,0.007476,1,202.714738437174,1,4.82971579182437,1650,1,4.32889986038208,34.9620018005371,0.0299040004611015,0,195.481597900391,-89.1377,26.6736,15.8945633129542,63,63,63,63,61,63,0,7816,1.08413155380343,27,-89,0.001869,51,2023-07-28 02:02:30.000217,1650,1.037,0.0011,"aoml_navis",1035.25760428054
"7901009",6,0,1,0.024297,1,0.001869,1,203.573995948862,1,4.82866325974364,1699.69995117188,1,4.31589984893799,34.9630012512207,0.0242970008403063,0,196.310195922852,-89.1377,26.6736,15.8945633129542,63,63,63,63,61,63,0,7816,1.08413155380343,27,-89,0.001869,51,2023-07-28 02:02:30.000217,1699.69995117188,1.037,0.0011,"aoml_navis",1035.48326545874
"7901009",6,0,1,0.029904,1,0.007476,1,204.259354411631,1,4.82762673943525,1749.19995117188,1,4.31260013580322,34.9630012512207,0.0299040004611015,0,196.971099853516,-89.1377,26.6736,15.8945633129542,63,63,63,63,61,63,0,7816,1.08413155380343,27,-89,0.001869,51,2023-07-28 02:02:30.000217,1749.19995117188,1.037,0.0011,"aoml_navis",1035.70558990336
"7901009",6,0,1,0.024297,1,0.001869,1,204.804707525462,1,4.82657059473517,1799.40002441406,1,4.30520009994507,34.9640007019043,0.0242970008403063,0,197.496994018555,-89.1377,26.6736,15.8945633129542,63,63,63,63,61,63,0,7816,1.08413155380343,27,-89,0.001869,51,2023-07-28 02:02:30.000217,1799.40002441406,1.037,0.0011,"aoml_navis",1035.93222182516
"7901009",6,0,1,0.028035,1,0.005607,1,205.25663934859,1,4.82554171964106,1848.69995117188,1,4.30259990692139,34.9640007019043,0.0280349999666214,0,197.932800292969,-89.1377,26.6736,15.8945633129542,63,63,63,63,61,63,0,7816,1.08413155380343,27,-89,0.001869,51,2023-07-28 02:02:30.000217,1848.69995117188,1.037,0.0011,"aoml_navis",1036.15309751625
"7901009",6,0,1,0.028035,1,0.005607,1,205.660452244715,1,4.82450264674001,1898.5,1,4.29820013046265,34.9640007019043,0.0280349999666214,0,198.322204589844,-89.1377,26.6736,15.8945633129542,63,63,63,63,61,63,0,7816,1.08413155380343,27,-89,0.001869,51,2023-07-28 02:02:30.000217,1898.5,1.037,0.0011,"aoml_navis",1036.37625805399
"7901009",6,0,1,0.026166,1,0.003738,1,205.966982943137,1,4.82344254293118,1949.30004882812,1,4.29640007019043,34.9650001525879,0.0261659994721413,0,198.617797851562,-89.1377,26.6736,15.8945633129542,63,63,63,63,61,63,0,7816,1.08413155380343,27,-89,0.001869,51,2023-07-28 02:02:30.000217,1949.30004882812,1.037,0.0011,"aoml_navis",1036.60403446239
"7901009",6,0,1,0.031773,1,0.009345,1,201.62143717366,4,4.82242617927912,1998.30004882812,1,4.29629993438721,34.9650001525879,0.0317730009555817,0,194.427307128906,-89.1377,26.6736,15.8945633129542,63,63,63,63,61,63,0,7816,1.08413155380343,27,-89,0.001869,51,2023-07-28 02:02:30.000217,1998.30004882812,1.037,0.0011,"aoml_navis",1036.82250678795
"7901009",7,0.037506075753821,1,0.071022,1,0.048594,1,191.291402490124,1,4.89353979896909,2.29999995231628,1,31.507999420166,35.7249984741211,0.0710219964385033,0.0597853921353817,184.465805053711,-88.3405,26.1886,9.93460077315259,63,63,63,63,61,63,0.048594,8045,1.29563008188212,26,-88,0.001869,51,2023-08-07 09:16:47.000989,2.29999995231628,1.037,0.0011,"aoml_navis",1021.75525394794
"7901009",7,0.0346209930035271,1,0.067284,1,0.044856,1,191.735027171478,1,4.89345314997102,4.09999990463257,1,31.4529991149902,35.7130012512207,0.0672840029001236,0.0597853921353817,184.893600463867,-88.3405,26.1886,9.93460077315259,63,63,63,63,61,63,0.044856,8045,1.29563008188212,26,-88,0.001869,51,2023-08-07 09:16:47.000989,4.09999990463257,1.037,0.0011,"aoml_navis",1021.77334629833
"7901009",7,0.038948617128968,1,0.072891,1,0.050463,1,192.490578423795,1,4.89325572873243,6,1,31.2929992675781,35.681999206543,0.0728909969329834,0.0597853921353817,185.622192382812,-88.3405,26.1886,9.93460077315259,63,63,63,63,61,63,0.050463,8045,1.29563008188212,26,-88,0.001869,51,2023-08-07 09:16:47.000989,6,1.037,0.0011,"aoml_navis",1021.81457033623
"7901009",7,0.0360635343786741,1,0.069153,1,0.046725,1,192.799925781494,1,4.89305798051258,8,1,31.1889991760254,35.6769981384277,0.0691530033946037,0.0560699999332428,185.920501708984,-88.3405,26.1886,9.93460077315259,63,63,63,63,61,63,0.046725,8045,1.29563008188212,26,-88,0.001869,51,2023-08-07 09:16:47.000989,8,1.037,0.0011,"aoml_navis",1021.85586598674
"7901009",7,0.038948617128968,1,0.072891,1,0.050463,1,193.123783191727,1,4.89296713981736,10,1,31.1720008850098,35.6829986572266,0.0728909969329834,0.0598080009222031,186.232803344727,-88.3405,26.1886,9.93460077315259,63,63,63,63,61,63,0.050463,8045,1.29563008188212,26,-88,0.001869,51,2023-08-07 09:16:47.000989,10,1.037,0.0011,"aoml_navis",1021.87483731735
"7901009",7,0.040391158504115,1,0.07476,1,0.052332,1,194.237734323936,1,4.89268862210489,12,1,31.0879993438721,35.7099990844727,0.0747599974274635,0.0616770014166832,187.307006835938,-88.3405,26.1886,9.93460077315259,63,63,63,63,61,63,0.052332,8045,1.29563008188212,26,-88,0.001869,51,2023-08-07 09:16:47.000989,12,1.037,0.0011,"aoml_navis",1021.93300783751
"7901009",7,0.0418336998792619,1,0.076629,1,0.054201,1,194.474056717146,1,4.89247964286333,14.1000003814697,1,31.068000793457,35.7470016479492,0.0766289979219437,0.0635460019111633,187.534896850586,-88.3405,26.1886,9.93460077315259,63,63,63,63,61,63,0.054201,8045,1.29563008188212,26,-88,0.001869,51,2023-08-07 09:16:47.000989,14.1000003814697,1.037,0.0011,"aoml_navis",1021.97665907379
"7901009",7,0.0432762412544089,1,0.078498,1,0.05607,1,196.065969296244,1,4.89183747982038,15.8999996185303,1,30.9589996337891,35.8650016784668,0.0784979984164238,0.0654150024056435,189.070007324219,-88.3405,26.1886,9.93460077315259,63,63,63,63,61,63,0.05607,8045,1.29563008188212,26,-88,0.001869,51,2023-08-07 09:16:47.000989,15.8999996185303,1.037,0.0011,"aoml_navis",1022.11081636007
"7901009",7,0.040391158504115,1,0.07476,1,0.052332,1,196.38846589457,1,4.8914875199173,18,1,30.8759994506836,35.9119987487793,0.0747599974274635,0.0616770014166832,189.380996704102,-88.3405,26.1886,9.93460077315259,63,63,63,63,61,63,0.052332,8045,1.29563008188212,26,-88,0.001869,51,2023-08-07 09:16:47.000989,18,1.037,0.0011,"aoml_navis",1022.18394295004
"7901009",7,0.0302933688780862,1,0.061677,1,0.039249,1,197.246489448087,1,4.89113481904905,20,1,30.7900009155273,35.9589996337891,0.0616770014166832,0.0485940016806126,190.208404541016,-88.3405,26.1886,9.93460077315259,63,63,63,63,61,63,0.039249,8045,1.29563008188212,26,-88,0.001869,51,2023-08-07 09:16:47.000989,20,1.037,0.0011,"aoml_navis",1022.25765287167
"7901009",7,0.0346209930035271,1,0.067284,1,0.044856,1,198.083246359725,1,4.89084344178218,22,1,30.6889991760254,35.9819984436035,0.0672840029001236,0.0542009994387627,191.01530456543,-88.3405,26.1886,9.93460077315259,63,63,63,63,61,63,0.044856,8045,1.29563008188212,26,-88,0.001869,51,2023-08-07 09:16:47.000989,22,1.037,0.0011,"aoml_navis",1022.3185549726
"7901009",7,0.0317359102532332,1,0.063546,1,0.041118,1,198.487154321497,1,4.89052869304644,24,1,30.6319999694824,36.0320014953613,0.0635460019111633,0.0504629984498024,191.404800415039,-88.3405,26.1886,9.93460077315259,63,63,63,63,61,63,0.041118,8045,1.29563008188212,26,-88,0.001869,51,2023-08-07 09:16:47.000989,24,1.037,0.0011,"aoml_navis",1022.38435020516
"7901009",7,0.0346209930035271,1,0.067284,1,0.044856,1,198.646432608075,1,4.8902687745893,26.1000003814697,1,30.4860000610352,36.0250015258789,0.0672840029001236,0.0542009994387627,191.558395385742,-88.3405,26.1886,9.93460077315259,63,63,63,63,61,63,0.044856,8045,1.29563008188212,26,-88,0.001869,51,2023-08-07 09:16:47.000989,26.1000003814697,1.037,0.0011,"aoml_navis",1022.43869007382
"7901009",7,0.038948617128968,1,0.072891,1,0.050463,1,199.410702550627,1,4.88973864356776,28,1,30.1469993591309,36.0060005187988,0.0728909969329834,0.0598080009222031,192.295394897461,-88.3405,26.1886,9.93460077315259,63,63,63,63,61,63,0.050463,8045,1.29563008188212,26,-88,0.001869,51,2023-08-07 09:16:47.000989,28,1.037,0.0011,"aoml_navis",1022.54953985675
"7901009",7,0.040391158504115,1,0.07476,1,0.052332,1,200.194688442422,1,4.88941841854383,30,1,29.9680004119873,36.0019989013672,0.0747599974274635,0.0616770014166832,193.051406860352,-88.3405,26.1886,9.93460077315259,63,63,63,63,61,63,0.052332,8045,1.29563008188212,26,-88,0.001869,51,2023-08-07 09:16:47.000989,30,1.037,0.0011,"aoml_navis",1022.61651018386
"7901009",7,0.038948617128968,1,0.072891,1,0.050463,1,201.067633456722,1,4.88919382861482,31.8999996185303,1,29.8610000610352,36.0050010681152,0.0728909969329834,0.0598080009222031,193.893203735352,-88.3405,26.1886,9.93460077315259,63,63,63,63,61,63,0.050463,8045,1.29563008188212,26,-88,0.001869,51,2023-08-07 09:16:47.000989,31.8999996185303,1.037,0.0011,"aoml_navis",1022.66348507941
"7901009",7,0.0418336998792619,1,0.076629,1,0.054201,1,202.078811643241,1,4.88893462074042,34,1,29.7019996643066,35.9930000305176,0.0766289979219437,0.0635460019111633,194.868301391602,-88.3405,26.1886,9.93460077315259,63,63,63,63,61,63,0.054201,8045,1.29563008188212,26,-88,0.001869,51,2023-08-07 09:16:47.000989,34,1.037,0.0011,"aoml_navis",1022.71770597799
"7901009",7,0.040391158504115,1,0.07476,1,0.052332,1,202.818302150388,1,4.88873666312903,36.0999984741211,1,29.5890007019043,35.9850006103516,0.0747599974274635,0.0616770014166832,195.581405639648,-88.3405,26.1886,9.93460077315259,63,63,63,63,61,63,0.052332,8045,1.29563008188212,26,-88,0.001869,51,2023-08-07 09:16:47.000989,36.0999984741211,1.037,0.0011,"aoml_navis",1022.75911846717
"7901009",7,0.0461613240047028,1,0.082236,1,0.059808,1,203.243160286155,1,4.88857556917791,38,1,29.5069999694824,35.9819984436035,0.0822359994053841,0.0691530033946037,195.991104125977,-88.3405,26.1886,9.93460077315259,63,63,63,63,61,63,0.059808,8045,1.29563008188212,26,-88,0.001869,51,2023-08-07 09:16:47.000989,38,1.037,0.0011,"aoml_navis",1022.79282159912
"7901009",7,0.0476038653798498,1,0.084105,1,0.061677,1,203.562761203332,1,4.88839464098271,40,1,29.4050006866455,35.9749984741211,0.0841049998998642,0.0710219964385033,196.299301147461,-88.3405,26.1886,9.93460077315259,63,63,63,63,61,63,0.061677,8045,1.29563008188212,26,-88,0.001869,51,2023-08-07 09:16:47.000989,40,1.037,0.0011,"aoml_navis",1022.83067698373
"7901009",7,0.0490464067549967,1,0.085974,1,0.063546,1,202.22626985431,1,4.88808244595716,42,1,29.3369998931885,36.0200004577637,0.0859740003943443,0.0728909969329834,195.010498046875,-88.3405,26.1886,9.93460077315259,63,63,63,63,61,63,0.063546,8045,1.29563008188212,26,-88,0.001869,51,2023-08-07 09:16:47.000989,42,1.037,0.0011,"aoml_navis",1022.89600375612
"7901009",7,0.0562591136307315,1,0.095319,1,0.072891,1,202.220146200733,1,4.88786100877078,44,1,29.253999710083,36.0330009460449,0.095319002866745,0.0822359994053841,195.004592895508,-88.3405,26.1886,9.93460077315259,63,63,63,63,61,63,0.072891,8045,1.29563008188212,26,-88,0.001869,51,2023-08-07 09:16:47.000989,44,1.037,0.0011,"aoml_navis",1022.94234452003
"7901009",7,0.0663569032567603,1,0.108402,1,0.085974,1,202.684626115716,1,4.88759218954393,45.9000015258789,1,29.1000003814697,36.0279998779297,0.108401998877525,0.095319002866745,195.452499389648,-88.3405,26.1886,9.93460077315259,63,63,63,63,61,63,0.085974,8045,1.29563008188212,26,-88,0.001869,51,2023-08-07 09:16:47.000989,45.9000015258789,1.037,0.0011,"aoml_navis",1022.99860669565
"7901009",7,0.0634718205064664,1,0.104664,1,0.082236,1,202.463019479164,1,4.88736881484636,47.9000015258789,1,28.9930000305176,36.0309982299805,0.104663997888565,0.0915810018777847,195.238800048828,-88.3405,26.1886,9.93460077315259,63,63,63,63,61,63,0.082236,8045,1.29563008188212,26,-88,0.001869,51,2023-08-07 09:16:47.000989,47.9000015258789,1.037,0.0011,"aoml_navis",1023.04536232492
"7901009",7,0.077897234257936,1,0.123354,1,0.100926,1,202.51446133389,1,4.88708628570472,50,1,28.8680000305176,36.0419998168945,0.123354002833366,0.110270999372005,195.28840637207,-88.3405,26.1886,9.93460077315259,63,63,63,63,61,63,0.100926,8045,1.29563008188212,26,-88,0.001869,51,2023-08-07 09:16:47.000989,50,1.037,0.0011,"aoml_navis",1023.10450597641
"7901009",7,0.0822248583833769,1,0.128961,1,0.106533,1,202.8998084542,1,4.8868797089946,52,1,28.7439994812012,36.0330009460449,0.128960996866226,0.115878000855446,195.660003662109,-88.3405,26.1886,9.93460077315259,63,63,63,63,61,63,0.106533,8045,1.29563008188212,26,-88,0.001869,51,2023-08-07 09:16:47.000989,52,1.037,0.0011,"aoml_navis",1023.14775434255
"7901009",7,0.0793397756330829,1,0.125223,1,0.102795,1,202.638374334306,1,4.88675920134506,54,1,28.6940002441406,36.0330009460449,0.125222995877266,0.112139999866486,195.407897949219,-88.3405,26.1886,9.93460077315259,63,63,63,63,61,63,0.102795,8045,1.29563008188212,26,-88,0.001869,51,2023-08-07 09:16:47.000989,54,1.037,0.0011,"aoml_navis",1023.17298520127
"7901009",7,0.0836673997585238,1,0.13083,1,0.108402,1,201.833248387786,1,4.88658773240951,56,1,28.6480007171631,36.048999786377,0.130830004811287,0.117747001349926,194.631500244141,-88.3405,26.1886,9.93460077315259,63,63,63,63,61,63,0.108402,8045,1.29563008188212,26,-88,0.001869,51,2023-08-07 09:16:47.000989,56,1.037,0.0011,"aoml_navis",1023.20888804233
"7901009",7,0.0966502721348465,1,0.147651,1,0.125223,1,201.391380103195,1,4.88630181430557,58.0999984741211,1,28.5380001068115,36.068000793457,0.147651001811028,0.134568005800247,194.20539855957,-88.3405,26.1886,9.93460077315259,63,63,63,63,61,63,0.125223,8045,1.29563008188212,26,-88,0.001869,51,2023-08-07 09:16:47.000989,58.0999984741211,1.037,0.0011,"aoml_navis",1023.26876030489
"7901009",7,0.108190603136022,1,0.162603,1,0.140175,1,200.973879845757,1,4.88604298796951,60,1,28.4060001373291,36.0709991455078,0.162603005766869,0.149519994854927,193.802795410156,-88.3405,26.1886,9.93460077315259,63,63,63,63,61,63,0.140175,8045,1.29563008188212,26,-88,0.001869,51,2023-08-07 09:16:47.000989,60,1.037,0.0011,"aoml_navis",1023.32296549807
"7901009",7,0.119730934137198,1,0.177555,1,0.155127,1,200.032593591666,1,4.88575601953429,62,1,28.2730007171631,36.0810012817383,0.177554994821548,0.164471998810768,192.895095825195,-88.3405,26.1886,9.93460077315259,63,63,63,63,61,63,0.155127,8045,1.29563008188212,26,-88,0.001869,51,2023-08-07 09:16:47.000989,62,1.037,0.0011,"aoml_navis",1023.38307111713
"7901009",7,0.131271265138374,1,0.192507,1,0.170079,1,199.751886577569,1,4.8854512380424,64,1,28.1830005645752,36.1150016784668,0.19250699877739,0.179424002766609,192.624404907227,-88.3405,26.1886,9.93460077315259,63,63,63,63,61,63,0.170079,8045,1.29563008188212,26,-88,0.001869,51,2023-08-07 09:16:47.000989,64,1.037,0.0011,"aoml_navis",1023.44691541809
"7901009",7,0.126943641012933,1,0.1869,1,0.164472,1,199.171990824885,1,4.88520053154882,66,1,28.1499996185303,36.1590003967285,0.18690000474453,0.173816993832588,192.065200805664,-88.3405,26.1886,9.93460077315259,63,63,63,63,61,63,0.164472,8045,1.29563008188212,26,-88,0.001869,51,2023-08-07 09:16:47.000989,66,1.037,0.0011,"aoml_navis",1023.49943829528
"7901009",7,0.135598889263814,1,0.198114,1,0.175686,1,198.588787982801,1,4.88510618293259,68,1,28.1000003814697,36.1520004272461,0.198113992810249,0.185030996799469,191.502807617188,-88.3405,26.1886,9.93460077315259,63,63,63,63,61,63,0.175686,8045,1.29563008188212,26,-88,0.001869,51,2023-08-07 09:16:47.000989,68,1.037,0.0011,"aoml_navis",1023.51920567639
"7901009",7,0.132713806513521,1,0.194376,1,0.171948,1,197.801067769962,1,4.8849749103101,70,1,28.0149993896484,36.1399993896484,0.19437600672245,0.181292995810509,190.743194580078,-88.3405,26.1886,9.93460077315259,63,63,63,63,61,63,0.171948,8045,1.29563008188212,26,-88,0.001869,51,2023-08-07 09:16:47.000989,70,1.037,0.0011,"aoml_navis",1023.54671043389
"7901009",7,0.163007175391607,1,0.233625,1,0.211197,1,196.744682146055,1,4.88463005327478,72.0999984741211,1,27.9300003051758,36.1870002746582,0.233624994754791,0.220541998744011,189.724502563477,-88.3405,26.1886,9.93460077315259,63,63,63,63,61,63,0.211197,8045,1.29563008188212,26,-88,0.001869,51,2023-08-07 09:16:47.000989,72.0999984741211,1.037,0.0011,"aoml_navis",1023.61897328292
"7901009",7,0.173104965017636,1,0.246708,1,0.22428,1,196.119673896348,1,4.88435829248378,73.9000015258789,1,27.867000579834,36.2249984741211,0.246708005666733,0.233624994754791,189.121795654297,-88.3405,26.1886,9.93460077315259,63,63,63,63,61,63,0.22428,8045,1.29563008188212,26,-88,0.001869,51,2023-08-07 09:16:47.000989,73.9000015258789,1.037,0.0011,"aoml_navis",1023.67592641477
"7901009",7,0.181760213268517,1,0.257922,1,0.235494,1,195.90585236977,1,4.88410281308544,76,1,27.7700004577637,36.242000579834,0.257921993732452,0.244838997721672,188.915603637695,-88.3405,26.1886,9.93460077315259,63,63,63,63,61,63,0.235494,8045,1.29563008188212,26,-88,0.001869,51,2023-08-07 09:16:47.000989,76,1.037,0.0011,"aoml_navis",1023.72947322158
"7901009",7,0.177432589143076,1,0.252315,1,0.229887,1,195.235430978549,1,4.88386448388631,78,1,27.6940002441406,36.2639999389648,0.252315014600754,0.239232003688812,188.269104003906,-88.3405,26.1886,9.93460077315259,63,63,63,63,61,63,0.229887,8045,1.29563008188212,26,-88,0.001869,51,2023-08-07 09:16:47.000989,78,1.037,0.0011,"aoml_navis",1023.77943050977
"7901009",7,0.171662423642489,4,0.244839,1,0.222411,1,194.555990252602,1,4.88353209419323,80,1,27.5620002746582,36.2879981994629,0.244838997721672,0.231756001710892,187.613906860352,-88.3405,26.1886,9.93460077315259,63,63,63,63,61,63,0.222411,8045,1.29563008188212,26,-88,0.001869,51,2023-08-07 09:16:47.000989,80,1.037,0.0011,"aoml_navis",1023.84911239659
"7901009",7,0.188972920144252,1,0.267267,1,0.244839,1,194.017567616262,1,4.88326360156148,82.1999969482422,1,27.3969993591309,36.2789993286133,0.267266988754272,0.254184007644653,187.094696044922,-88.3405,26.1886,9.93460077315259,63,63,63,63,61,63,0.244839,8045,1.29563008188212,26,-88,0.001869,51,2023-08-07 09:16:47.000989,82.1999969482422,1.037,0.0011,"aoml_navis",1023.90540588495
"7901009",7,0.226478995898073,1,0.315861,1,0.293433,1,192.233622324476,1,4.88278672048524,84,1,27.2259998321533,36.3279991149902,0.315860986709595,0.302778005599976,185.374404907227,-88.3405,26.1886,9.93460077315259,63,63,63,63,61,63,0.293433,8045,1.29563008188212,26,-88,0.001869,51,2023-08-07 09:16:47.000989,84,1.037,0.0011,"aoml_navis",1024.00540638464
"7901009",7,0.236576785524102,1,0.328944,1,0.306516,1,191.026439753312,1,4.88237697368718,86,1,27.1870002746582,36.4140014648438,0.328943997621536,0.315860986709595,184.210296630859,-88.3405,26.1886,9.93460077315259,63,63,63,63,61,63,0.306516,8045,1.29563008188212,26,-88,0.001869,51,2023-08-07 09:16:47.000989,86,1.037,0.0011,"aoml_navis",1024.09134463535
"7901009",7,0.266870154402188,1,0.368193,1,0.345765,1,189.36071104001,1,4.8820864065227,88,1,27.0550003051758,36.4269981384277,0.368193000555038,0.355109989643097,182.60400390625,-88.3405,26.1886,9.93460077315259,63,63,63,63,61,63,0.345765,8045,1.29563008188212,26,-88,0.001869,51,2023-08-07 09:16:47.000989,88,1.037,0.0011,"aoml_navis",1024.15229548575
"7901009",7,0.291393357779687,1,0.399966,1,0.377538,1,188.073572857672,1,4.881811931433,90.0999984741211,1,26.9109992980957,36.4300003051758,0.39996600151062,0.386882990598679,181.36279296875,-88.3405,26.1886,9.93460077315259,63,63,63,63,61,63,0.377538,8045,1.29563008188212,26,-88,0.001869,51,2023-08-07 09:16:47.000989,90.0999984741211,1.037,0.0011,"aoml_navis",1024.20987744448
"7901009",7,0.327456892158361,1,0.446691,1,0.424263,1,186.702459922018,1,4.88150645767495,92,1,26.7999992370605,36.4570007324219,0.446691006422043,0.433607995510101,180.040603637695,-88.3405,26.1886,9.93460077315259,63,63,63,63,61,63,0.424263,8045,1.29563008188212,26,-88,0.001869,51,2023-08-07 09:16:47.000989,92,1.037,0.0011,"aoml_navis",1024.27397020826
"7901009",7,0.379388381663651,1,0.513975,1,0.491547,1,185.239666240046,1,4.88100510544696,94,1,26.6180000305176,36.507999420166,0.513975024223328,0.500891983509064,178.630004882812,-88.3405,26.1886,9.93460077315259,63,63,63,63,61,63,0.491547,8045,1.29563008188212,26,-88,0.001869,51,2023-08-07 09:16:47.000989,94,1.037,0.0011,"aoml_navis",1024.37917846475
"7901009",7,0.369290592037622,4,0.500892,1,0.478464,1,184.949196191694,1,4.88091951675955,96,1,26.5979995727539,36.5120010375977,0.500891983509064,0.487809002399445,178.349899291992,-88.3405,26.1886,9.93460077315259,63,63,63,63,61,63,0.478464,8045,1.29563008188212,26,-88,0.001869,51,2023-08-07 09:16:47.000989,96,1.037,0.0011,"aoml_navis",1024.39714132379
"7901009",7,0.37506075753821,1,0.508368,1,0.48594,1,184.053544606636,1,4.88086044469066,97.9000015258789,1,26.5869998931885,36.5130004882812,0.508368015289307,0.495285004377365,177.486206054688,-88.3405,26.1886,9.93460077315259,63,63,63,63,61,63,0.48594,8045,1.29563008188212,26,-88,0.001869,51,2023-08-07 09:16:47.000989,97.9000015258789,1.037,0.0011,"aoml_navis",1024.40953939565
"7901009",7,0.418336998792619,1,0.564438,1,0.54201,1,181.904047260754,1,4.88050953989987,100,1,26.4549999237061,36.5429992675781,0.564437985420227,0.551355004310608,175.41340637207,-88.3405,26.1886,9.93460077315259,63,63,63,63,61,63,0.54201,8045,1.29563008188212,26,-88,0.001869,51,2023-08-07 09:16:47.000989,100,1.037,0.0011,"aoml_navis",1024.48319363445
"7901009",7,0.426992247043501,1,0.575652,1,0.553224,1,178.159741654625,1,4.88019524990876,102,1,26.3740005493164,36.5849990844727,0.575652003288269,0.56256902217865,171.802703857422,-88.3405,26.1886,9.93460077315259,63,63,63,63,61,63,0.553224,8045,1.29563008188212,26,-88,0.001869,51,2023-08-07 09:16:47.000989,102,1.037,0.0011,"aoml_navis",1024.54917148929
"7901009",7,0.43709003666953,1,0.588735,1,0.566307,1,174.940060685045,1,4.87956769935252,104,1,26.17799949646,36.6660003662109,0.588734984397888,0.575652003288269,168.697906494141,-88.3405,26.1886,9.93460077315259,63,63,63,63,61,63,0.566307,8045,1.29563008188212,26,-88,0.001869,51,2023-08-07 09:16:47.000989,104,1.037,0.0011,"aoml_navis",1024.68093652302
"7901009",7,0.429877329793795,1,0.57939,1,0.556962,1,171.946132081312,1,4.87928579834108,106,1,26.0750007629395,36.689998626709,0.579389989376068,0.566307008266449,165.810806274414,-88.3405,26.1886,9.93460077315259,63,63,63,63,61,63,0.556962,8045,1.29563008188212,26,-88,0.001869,51,2023-08-07 09:16:47.000989,106,1.037,0.0011,"aoml_navis",1024.74013752176
"7901009",7,0.426992247043501,1,0.575652,1,0.553224,1,169.421746878723,1,4.87875189900299,108,1,25.8729991912842,36.7430000305176,0.575652003288269,0.56256902217865,163.376495361328,-88.3405,26.1886,9.93460077315259,63,63,63,63,61,63,0.553224,8045,1.29563008188212,26,-88,0.001869,51,2023-08-07 09:16:47.000989,108,1.037,0.0011,"aoml_navis",1024.85227851447
"7901009",7,0.398141419540562,1,0.538272,1,0.515844,1,168.935715500764,1,4.87845671106673,110,1,25.7700004577637,36.7709999084473,0.538272023200989,0.525188982486725,162.907806396484,-88.3405,26.1886,9.93460077315259,63,63,63,63,61,63,0.515844,8045,1.29563008188212,26,-88,0.001869,51,2023-08-07 09:16:47.000989,110,1.037,0.0011,"aoml_navis",1024.9142907546
"7901009",7,0.388043629914533,1,0.525189,1,0.502761,1,168.087027749857,1,4.87814591197271,112,1,25.67799949646,36.8079986572266,0.525188982486725,0.512106001377106,162.089401245117,-88.3405,26.1886,9.93460077315259,63,63,63,63,61,63,0.502761,8045,1.29563008188212,26,-88,0.001869,51,2023-08-07 09:16:47.000989,112,1.037,0.0011,"aoml_navis",1024.97959065312
"7901009",7,0.357750261036447,1,0.48594,1,0.463512,1,165.808316566483,1,4.87793102692859,114,1,25.6019992828369,36.8250007629395,0.485940009355545,0.472856998443604,159.891998291016,-88.3405,26.1886,9.93460077315259,63,63,63,63,61,63,0.463512,8045,1.29563008188212,26,-88,0.001869,51,2023-08-07 09:16:47.000989,114,1.037,0.0011,"aoml_navis",1025.02474356393
"7901009",7,0.362077885161888,1,0.491547,1,0.469119,1,163.362336282431,1,4.87769005432017,116,1,25.4500007629395,36.818000793457,0.491546988487244,0.478464007377625,157.533294677734,-88.3405,26.1886,9.93460077315259,63,63,63,63,61,63,0.469119,8045,1.29563008188212,26,-88,0.001869,51,2023-08-07 09:16:47.000989,116,1.037,0.0011,"aoml_navis",1025.07538287955
"7901009",7,0.362077885161888,1,0.491547,1,0.469119,1,161.688411050906,1,4.87752128878994,118,1,25.3610000610352,36.8170013427734,0.491546988487244,0.478464007377625,155.919097900391,-88.3405,26.1886,9.93460077315259,63,63,63,63,61,63,0.469119,8045,1.29563008188212,26,-88,0.001869,51,2023-08-07 09:16:47.000989,118,1.037,0.0011,"aoml_navis",1025.11085118
"7901009",7,0.304376230156009,1,0.416787,1,0.394359,1,160.931087578432,1,4.87724609892998,120,1,25.2630004882812,36.8419990539551,0.416786998510361,0.403703987598419,155.18879699707,-88.3405,26.1886,9.93460077315259,63,63,63,63,61,63,0.394359,8045,1.29563008188212,26,-88,0.001869,51,2023-08-07 09:16:47.000989,120,1.037,0.0011,"aoml_navis",1025.16869122043
"7901009",7,0.2610999889016,1,0.360717,1,0.338289,1,161.350565760151,1,4.87699049830469,122,1,25.1830005645752,36.8689994812012,0.360716998577118,0.347633987665176,155.593307495117,-88.3405,26.1886,9.93460077315259,63,63,63,63,61,63,0.338289,8045,1.29563008188212,26,-88,0.001869,51,2023-08-07 09:16:47.000989,122,1.037,0.0011,"aoml_navis",1025.22241979722
"7901009",7,0.248117116525278,1,0.343896,1,0.321468,1,161.325042625217,1,4.87675428849718,124,1,25.1429996490479,36.9070014953613,0.343896001577377,0.330812990665436,155.568695068359,-88.3405,26.1886,9.93460077315259,63,63,63,63,61,63,0.321468,8045,1.29563008188212,26,-88,0.001869,51,2023-08-07 09:16:47.000989,124,1.037,0.0011,"aoml_navis",1025.27207733092
"7901009",7,0.222151371772632,1,0.310254,1,0.287826,1,160.752520574256,1,4.87642084108018,126,1,25.0170001983643,36.9370002746582,0.310254007577896,0.297170996665955,155.0166015625,-88.3405,26.1886,9.93460077315259,63,63,63,63,61,63,0.287826,8045,1.29563008188212,26,-88,0.001869,51,2023-08-07 09:16:47.000989,126,1.037,0.0011,"aoml_navis",1025.34218496459
"7901009",7,0.154351927140725,1,0.222411,1,0.199983,1,160.073079848309,1,4.875892918331,128,1,24.7719993591309,36.9729995727539,0.222411006689072,0.20932799577713,154.361404418945,-88.3405,26.1886,9.93460077315259,63,63,63,63,61,63,0.199983,8045,1.29563008188212,26,-88,0.001869,51,2023-08-07 09:16:47.000989,128,1.037,0.0011,"aoml_navis",1025.45320082859
"7901009",7,0.138483972014108,1,0.201852,1,0.179424,1,159.842548817397,1,4.87560439370646,130,1,24.5939998626709,36.9700012207031,0.20185199379921,0.188768997788429,154.139099121094,-88.3405,26.1886,9.93460077315259,63,63,63,63,61,63,0.179424,8045,1.29563008188212,26,-88,0.001869,51,2023-08-07 09:16:47.000989,130,1.037,0.0011,"aoml_navis",1025.51388427948
"7901009",7,0.129828723763227,1,0.190638,1,0.16821,1,159.718208585335,1,4.87544206254708,132,1,24.5200004577637,36.9739990234375,0.19063800573349,0.177554994821548,154.019195556641,-88.3405,26.1886,9.93460077315259,63,63,63,63,61,63,0.16821,8045,1.29563008188212,26,-88,0.001869,51,2023-08-07 09:16:47.000989,132,1.037,0.0011,"aoml_navis",1025.54802946173
"7901009",7,0.122616016887492,1,0.181293,1,0.158865,1,159.400997000691,1,4.87533982949936,134,1,24.4850006103516,36.9770011901855,0.181292995810509,0.168209999799728,153.713302612305,-88.3405,26.1886,9.93460077315259,63,63,63,63,61,63,0.158865,8045,1.29563008188212,26,-88,0.001869,51,2023-08-07 09:16:47.000989,134,1.037,0.0011,"aoml_navis",1025.56953460892
"7901009",7,0.121173475512345,1,0.179424,1,0.156996,1,158.922212737301,1,4.87519076452,136,1,24.4200000762939,36.9809989929199,0.179424002766609,0.166341006755829,153.251602172852,-88.3405,26.1886,9.93460077315259,63,63,63,63,61,63,0.156996,8045,1.29563008188212,26,-88,0.001869,51,2023-08-07 09:16:47.000989,136,1.037,0.0011,"aoml_navis",1025.60089266421
"7901009",7,0.11396076863661,1,0.170079,1,0.147651,1,158.264861469735,1,4.87505410006623,138,1,24.3759994506836,36.9900016784668,0.170078992843628,0.156995996832848,152.617706298828,-88.3405,26.1886,9.93460077315259,63,63,63,63,61,63,0.147651,8045,1.29563008188212,26,-88,0.001869,51,2023-08-07 09:16:47.000989,138,1.037,0.0011,"aoml_navis",1025.62964376786
"7901009",7,0.108190603136022,1,0.162603,1,0.140175,1,157.075622627656,1,4.87491175989854,140,1,24.3279991149902,36.9990005493164,0.162603005766869,0.149519994854927,151.470901489258,-88.3405,26.1886,9.93460077315259,63,63,63,63,61,63,0.140175,8045,1.29563008188212,26,-88,0.001869,51,2023-08-07 09:16:47.000989,140,1.037,0.0011,"aoml_navis",1025.65959062694
"7901009",7,0.106748061760875,1,0.160734,1,0.138306,1,155.302453067359,1,4.87472779957431,142,1,24.2609996795654,37.0120010375977,0.160733997821808,0.147651001811028,149.761001586914,-88.3405,26.1886,9.93460077315259,63,63,63,63,61,63,0.138306,8045,1.29563008188212,26,-88,0.001869,51,2023-08-07 09:16:47.000989,142,1.037,0.0011,"aoml_navis",1025.69829651548
"7901009",7,0.0937651893845526,1,0.143913,1,0.121485,1,154.089574074262,1,4.87447389385628,144,1,24.125,37.0169982910156,0.143913000822067,0.130830004811287,148.591400146484,-88.3405,26.1886,9.93460077315259,63,63,63,63,61,63,0.121485,8045,1.29563008188212,26,-88,0.001869,51,2023-08-07 09:16:47.000989,144,1.037,0.0011,"aoml_navis",1025.75172395567
"7901009",7,0.0807823170082299,1,0.127092,1,0.104664,1,153.586311019958,1,4.87429584563014,146,1,24.0189990997314,37.0130004882812,0.127092003822327,0.114009000360966,148.106094360352,-88.3405,26.1886,9.93460077315259,63,63,63,63,61,63,0.104664,8045,1.29563008188212,26,-88,0.001869,51,2023-08-07 09:16:47.000989,146,1.037,0.0011,"aoml_navis",1025.78919260359
"7901009",7,0.0735696101324951,1,0.117747,1,0.095319,1,153.984111151548,1,4.87409744865987,148,1,23.863000869751,36.9949989318848,0.117747001349926,0.104663997888565,148.489700317383,-88.3405,26.1886,9.93460077315259,63,63,63,63,61,63,0.095319,8045,1.29563008188212,26,-88,0.001869,51,2023-08-07 09:16:47.000989,148,1.037,0.0011,"aoml_navis",1025.83094668629
"7901009",7,0.0620292791313194,1,0.102795,1,0.080367,1,154.696116422873,1,4.87380142768158,150,1,23.5659999847412,36.9490013122559,0.102794997394085,0.0897120013833046,149.176300048828,-88.3405,26.1886,9.93460077315259,63,63,63,63,61,63,0.080367,8045,1.29563008188212,26,-88,0.001869,51,2023-08-07 09:16:47.000989,150,1.037,0.0011,"aoml_navis",1025.89325277014
"7901009",7,0.0519314895052907,1,0.089712,1,0.067284,1,153.607466898078,1,4.87367282992205,152,1,23.4909992218018,36.9440002441406,0.0897120013833046,0.0766289979219437,148.126495361328,-88.3405,26.1886,9.93460077315259,63,63,63,63,61,63,0.067284,8045,1.29563008188212,26,-88,0.001869,51,2023-08-07 09:16:47.000989,152,1.037,0.0011,"aoml_navis",1025.92032220595
"7901009",7,0.040391158504115,1,0.07476,1,0.052332,1,151.398663470526,1,4.87345170855536,154,1,23.3910007476807,36.9550018310547,0.0747599974274635,0.0616770014166832,145.996505737305,-88.3405,26.1886,9.93460077315259,63,63,63,63,61,63,0.052332,8045,1.29563008188212,26,-88,0.001869,51,2023-08-07 09:16:47.000989,154,1.037,0.0011,"aoml_navis",1025.96687091871
"7901009",7,0.0274082861277923,1,0.057939,1,0.035511,1,150.795855442959,1,4.87324785059473,156.100006103516,1,23.3610000610352,36.9879989624023,0.0579390004277229,0.0448560006916523,145.41520690918,-88.3405,26.1886,9.93460077315259,63,63,63,63,61,63,0.035511,8045,1.29563008188212,26,-88,0.001869,51,2023-08-07 09:16:47.000989,156.100006103516,1.037,0.0011,"aoml_navis",1026.00978921887
"7901009",7,0.0274082861277923,1,0.057939,1,0.035511,1,151.000040522435,1,4.87307448262194,158,1,23.1620006561279,36.9480018615723,0.0579390004277229,0.0448560006916523,145.612106323242,-88.3405,26.1886,9.93460077315259,63,63,63,63,61,63,0.035511,8045,1.29563008188212,26,-88,0.001869,51,2023-08-07 09:16:47.000989,158,1.037,0.0011,"aoml_navis",1026.04629127478
"7901009",7,0.0302933688780862,1,0.061677,1,0.039249,1,150.960624447344,1,4.87293993974551,160,1,23.0690002441406,36.9379997253418,0.0616770014166832,0.0485940016806126,145.574096679688,-88.3405,26.1886,9.93460077315259,63,63,63,63,61,63,0.039249,8045,1.29563008188212,26,-88,0.001869,51,2023-08-07 09:16:47.000989,160,1.037,0.0011,"aoml_navis",1026.07462062443
"7901009",7,0.0302933688780862,1,0.061677,1,0.039249,1,150.807976162959,1,4.8728087972126,162,1,22.9860000610352,36.9309997558594,0.0616770014166832,0.0485940016806126,145.426895141602,-88.3405,26.1886,9.93460077315259,63,63,63,63,61,63,0.039249,8045,1.29563008188212,26,-88,0.001869,51,2023-08-07 09:16:47.000989,162,1.037,0.0011,"aoml_navis",1026.1022355033
"7901009",7,0.0360635343786741,1,0.069153,1,0.046725,1,150.137349067613,1,4.87263885388331,164,1,22.9190006256104,36.9410018920898,0.0691530033946037,0.0560699999332428,144.780197143555,-88.3405,26.1886,9.93460077315259,63,63,63,63,61,63,0.046725,8045,1.29563008188212,26,-88,0.001869,51,2023-08-07 09:16:47.000989,164,1.037,0.0011,"aoml_navis",1026.13802293498
"7901009",7,0.0360635343786741,1,0.069153,1,0.046725,1,149.274262027934,1,4.87242199450139,166,1,22.8439998626709,36.9609985351562,0.0691530033946037,0.0560699999332428,143.947906494141,-88.3405,26.1886,9.93460077315259,63,63,63,63,61,63,0.046725,8045,1.29563008188212,26,-88,0.001869,51,2023-08-07 09:16:47.000989,166,1.037,0.0011,"aoml_navis",1026.18369378568
"7901009",7,0.0274082861277923,1,0.057939,1,0.035511,1,149.082624900102,1,4.87209301792625,168,1,22.5960006713867,36.9459991455078,0.0579390004277229,0.0448560006916523,143.763107299805,-88.3405,26.1886,9.93460077315259,63,63,63,63,61,63,0.035511,8045,1.29563008188212,26,-88,0.001869,51,2023-08-07 09:16:47.000989,168,1.037,0.0011,"aoml_navis",1026.25298441617
"7901009",7,0.0230806620023514,1,0.052332,1,0.029904,1,148.351837259795,1,4.87197246943857,170,1,22.6009998321533,36.9700012207031,0.0523319989442825,0.0392489992082119,143.058395385742,-88.3405,26.1886,9.93460077315259,63,63,63,63,61,63,0.029904,8045,1.29563008188212,26,-88,0.001869,51,2023-08-07 09:16:47.000989,170,1.037,0.0011,"aoml_navis",1026.27837726189
"7901009",7,0.0158679551266166,1,0.042987,1,0.020559,1,147.078402136882,1,4.87181255807728,172,1,22.5170001983643,36.9710006713867,0.0429870001971722,0.0299040004611015,141.83039855957,-88.3405,26.1886,9.93460077315259,63,63,63,63,61,63,0.020559,8045,1.29563008188212,26,-88,0.001869,51,2023-08-07 09:16:47.000989,172,1.037,0.0011,"aoml_navis",1026.31206360971
"7901009",7,0.00288508275029393,4,0.026166,1,0.003738,1,146.197782776368,1,4.87155361837346,174,1,22.3339996337891,36.9620018005371,0.0261659994721413,0.0130829997360706,140.981201171875,-88.3405,26.1886,9.93460077315259,63,63,63,63,61,63,0.003738,8045,1.29563008188212,26,-88,0.001869,51,2023-08-07 09:16:47.000989,174,1.037,0.0011,"aoml_navis",1026.3666155992
"7901009",7,0.0100977896260287,1,0.035511,1,0.013083,1,145.892596971358,1,4.87136393145228,176,1,22.1399993896484,36.9300003051758,0.0355109982192516,0.0224280003458261,140.686904907227,-88.3405,26.1886,9.93460077315259,63,63,63,63,61,63,0.013083,8045,1.29563008188212,26,-88,0.001869,51,2023-08-07 09:16:47.000989,176,1.037,0.0011,"aoml_navis",1026.40658147448
"7901009",7,0.0144254137514696,1,0.041118,1,0.01869,1,145.446677897837,1,4.87119913512948,178,1,21.9500007629395,36.8930015563965,0.041117999702692,0.0280349999666214,140.256896972656,-88.3405,26.1886,9.93460077315259,63,63,63,63,61,63,0.01869,8045,1.29563008188212,26,-88,0.001869,51,2023-08-07 09:16:47.000989,178,1.037,0.0011,"aoml_navis",1026.44130557949
"7901009",7,0.0100977896260287,1,0.035511,1,0.013083,1,145.705406217312,1,4.87101040873011,180,1,21.8269996643066,36.8880004882812,0.0355109982192516,0.0224280003458261,140.506393432617,-88.3405,26.1886,9.93460077315259,63,63,63,63,61,63,0.013083,8045,1.29563008188212,26,-88,0.001869,51,2023-08-07 09:16:47.000989,180,1.037,0.0011,"aoml_navis",1026.48107485845
"7901009",7,0.00144254137514696,1,0.024297,1,0.001869,1,145.871029684987,1,4.87085229975921,182,1,21.8150005340576,36.9160003662109,0.0242970008403063,0.0112140001729131,140.666107177734,-88.3405,26.1886,9.93460077315259,63,63,63,63,61,63,0.001869,8045,1.29563008188212,26,-88,0.001869,51,2023-08-07 09:16:47.000989,182,1.037,0.0011,"aoml_navis",1026.51439466706
"7901009",7,-0.00432762412544089,1,0.016821,1,-0.005607,1,146.057998911513,1,4.87068309574874,184,1,21.7329998016357,36.9210014343262,0.0168210007250309,0.00373800005763769,140.846405029297,-88.3405,26.1886,9.93460077315259,63,63,63,63,61,63,-0.005607,8045,1.29563008188212,26,-88,0.001869,51,2023-08-07 09:16:47.000989,184,1.037,0.0011,"aoml_navis",1026.55005503522
"7901009",7,-0.00577016550058785,1,0.014952,1,-0.007476,1,146.337677404983,1,4.87048879523004,186,1,21.5970001220703,36.9129981994629,0.0149520002305508,0.00186900002881885,141.116104125977,-88.3405,26.1886,9.93460077315259,63,63,63,63,61,63,-0.007476,8045,1.29563008188212,26,-88,0.001869,51,2023-08-07 09:16:47.000989,186,1.037,0.0011,"aoml_navis",1026.59100764112
"7901009",7,-0.00432762412544089,1,0.016821,1,-0.005607,1,146.327724489996,1,4.8703751484061,188,1,21.5209999084473,36.9049987792969,0.0168210007250309,0.00373800005763769,141.106506347656,-88.3405,26.1886,9.93460077315259,63,63,63,63,61,63,-0.005607,8045,1.29563008188212,26,-88,0.001869,51,2023-08-07 09:16:47.000989,188,1.037,0.0011,"aoml_navis",1026.61496242981
"7901009",7,-0.00577016550058785,1,0.014952,1,-0.007476,1,146.512415147749,1,4.87017908103847,190,1,21.3719997406006,36.8930015563965,0.0149520002305508,0.00186900002881885,141.284606933594,-88.3405,26.1886,9.93460077315259,63,63,63,63,61,63,-0.007476,8045,1.29563008188212,26,-88,0.001869,51,2023-08-07 09:16:47.000989,190,1.037,0.0011,"aoml_navis",1026.65629267453
"7901009",7,-0.00721270687573481,1,0.013083,1,-0.009345,1,146.5048357419,1,4.8700190040742,192,1,21.2549991607666,36.882999420166,0.0130829997360706,0,141.277297973633,-88.3405,26.1886,9.93460077315259,63,63,63,63,61,63,-0.009345,8045,1.29563008188212,26,-88,0.001869,51,2023-08-07 09:16:47.000989,192,1.037,0.0011,"aoml_navis",1026.69003874873
"7901009",7,-0.00577016550058785,1,0.014952,1,-0.007476,1,146.513032260125,1,4.86985048853032,194,1,21.1229991912842,36.8699989318848,0.0149520002305508,0.00186900002881885,141.285202026367,-88.3405,26.1886,9.93460077315259,63,63,63,63,61,63,-0.007476,8045,1.29563008188212,26,-88,0.001869,51,2023-08-07 09:16:47.000989,194,1.037,0.0011,"aoml_navis",1026.72556617009
"7901009",7,-0.00721270687573481,1,0.013083,1,-0.009345,1,146.676883507643,1,4.86963637117792,196,1,20.9419994354248,36.8520011901855,0.0130829997360706,0,141.443206787109,-88.3405,26.1886,9.93460077315259,63,63,63,63,61,63,-0.009345,8045,1.29563008188212,26,-88,0.001869,51,2023-08-07 09:16:47.000989,196,1.037,0.0011,"aoml_navis",1026.77071117541
"7901009",7,-0.00288508275029393,1,0.01869,1,-0.003738,1,146.989221486857,1,4.86941993616472,198,1,20.7609996795654,36.8349990844727,0.0186899993568659,0.00560700008645654,141.744400024414,-88.3405,26.1886,9.93460077315259,63,63,63,63,61,63,-0.003738,8045,1.29563008188212,26,-88,0.001869,51,2023-08-07 09:16:47.000989,198,1.037,0.0011,"aoml_navis",1026.81634887668
"7901009",7,-0.00432762412544089,1,0.016821,1,-0.005607,1,147.003747362784,1,4.86929192163768,200,1,20.6609992980957,36.8230018615723,0.0168210007250309,0.00373800005763769,141.758407592773,-88.3405,26.1886,9.93460077315259,63,63,63,63,61,63,-0.005607,8045,1.29563008188212,26,-88,0.001869,51,2023-08-07 09:16:47.000989,200,1.037,0.0011,"aoml_navis",1026.84334405614
"7901009",7,-0.00288508275029393,1,0.01869,1,-0.003738,1,147.172662096464,1,4.86916402810654,202,1,20.5580005645752,36.810001373291,0.0186899993568659,0.00560700008645654,141.921295166016,-88.3405,26.1886,9.93460077315259,63,63,63,63,61,63,-0.003738,8045,1.29563008188212,26,-88,0.001869,51,2023-08-07 09:16:47.000989,202,1.037,0.0011,"aoml_navis",1026.87031513792
"7901009",7,-0.00432762412544089,1,0.016821,1,-0.005607,1,147.524004742518,1,4.8690202762,204,1,20.4479999542236,36.798999786377,0.0168210007250309,0.00373800005763769,142.260101318359,-88.3405,26.1886,9.93460077315259,63,63,63,63,61,63,-0.005607,8045,1.29563008188212,26,-88,0.001869,51,2023-08-07 09:16:47.000989,204,1.037,0.0011,"aoml_navis",1026.90063223606
"7901009",7,-0.00144254137514696,1,0.020559,1,-0.001869,1,147.803366768103,1,4.86890429097874,206,1,20.3619995117188,36.7890014648438,0.020558999851346,0.00747600011527538,142.529495239258,-88.3405,26.1886,9.93460077315259,63,63,63,63,61,63,-0.001869,8045,1.29563008188212,26,-88,0.001869,51,2023-08-07 09:16:47.000989,206,1.037,0.0011,"aoml_navis",1026.92509467975
"7901009",7,-0.00721270687573481,1,0.013083,1,-0.009345,1,148.017504762566,1,4.86876241392387,208,1,20.25,36.7770004272461,0.0130829997360706,0,142.735992431641,-88.3405,26.1886,9.93460077315259,63,63,63,63,61,63,-0.009345,8045,1.29563008188212,26,-88,0.001869,51,2023-08-07 09:16:47.000989,208,1.037,0.0011,"aoml_navis",1026.95501955503
"7901009",7,-0.00432762412544089,1,0.016821,1,-0.005607,1,147.961410829929,1,4.86865047686,210,1,20.1609992980957,36.7649993896484,0.0168210007250309,0.00373800005763769,142.681900024414,-88.3405,26.1886,9.93460077315259,63,63,63,63,61,63,-0.005607,8045,1.29563008188212,26,-88,0.001869,51,2023-08-07 09:16:47.000989,210,1.037,0.0011,"aoml_navis",1026.97863068304
"7901009",7,-0.00577016550058785,1,0.014952,1,-0.007476,1,147.494652346174,1,4.86854140278732,212,1,20.0739994049072,36.7529983520508,0.0149520002305508,0.00186900002881885,142.231796264648,-88.3405,26.1886,9.93460077315259,63,63,63,63,61,63,-0.007476,8045,1.29563008188212,26,-88,0.001869,51,2023-08-07 09:16:47.000989,212,1.037,0.0011,"aoml_navis",1027.00163895852
"7901009",7,-0.00432762412544089,1,0.016821,1,-0.005607,1,146.771966283726,1,4.86844600720232,214,1,19.9890003204346,36.7379989624023,0.0168210007250309,0.00373800005763769,141.534896850586,-88.3405,26.1886,9.93460077315259,63,63,63,63,61,63,-0.005607,8045,1.29563008188212,26,-88,0.001869,51,2023-08-07 09:16:47.000989,214,1.037,0.0011,"aoml_navis",1027.02176271505
"7901009",7,-0.00577016550058785,1,0.014952,1,-0.007476,1,147.003636599024,1,4.86833720474143,216,1,19.878999710083,36.7179985046387,0.0149520002305508,0.00186900002881885,141.75830078125,-88.3405,26.1886,9.93460077315259,63,63,63,63,61,63,-0.007476,8045,1.29563008188212,26,-88,0.001869,51,2023-08-07 09:16:47.000989,216,1.037,0.0011,"aoml_navis",1027.04471562289
"7901009",7,0,1,0.022428,1,0,1,147.595874599228,1,4.86823723763228,218,1,19.806999206543,36.7089996337891,0.0224280003458261,0.00934499967843294,142.329406738281,-88.3405,26.1886,9.93460077315259,63,63,63,63,61,63,0,8045,1.29563008188212,26,-88,0.001869,51,2023-08-07 09:16:47.000989,218,1.037,0.0011,"aoml_navis",1027.06580553412
"7901009",7,-0.00144254137514696,1,0.020559,1,-0.001869,1,148.222528481938,1,4.86815535960793,220,1,19.7520008087158,36.701000213623,0.020558999851346,0.00747600011527538,142.933700561523,-88.3405,26.1886,9.93460077315259,63,63,63,63,61,63,-0.001869,8045,1.29563008188212,26,-88,0.001869,51,2023-08-07 09:16:47.000989,220,1.037,0.0011,"aoml_navis",1027.08307986348
"7901009",7,-0.00288508275029393,1,0.01869,1,-0.003738,1,148.953711707101,1,4.86805482691312,222,1,19.6849994659424,36.6940002441406,0.0186899993568659,0.00560700008645654,143.638793945312,-88.3405,26.1886,9.93460077315259,63,63,63,63,61,63,-0.003738,8045,1.29563008188212,26,-88,0.001869,51,2023-08-07 09:16:47.000989,222,1.037,0.0011,"aoml_navis",1027.10429068248
"7901009",7,-0.00288508275029393,1,0.01869,1,-0.003738,1,149.678169989706,1,4.86795698849528,224,1,19.6200008392334,36.6870002746582,0.0186899993568659,0.00560700008645654,144.33740234375,-88.3405,26.1886,9.93460077315259,63,63,63,63,61,63,-0.003738,8045,1.29563008188212,26,-88,0.001869,51,2023-08-07 09:16:47.000989,224,1.037,0.0011,"aoml_navis",1027.12493389255
"7901009",7,-0.00577016550058785,1,0.014952,1,-0.007476,1,150.299538858734,1,4.86784815030592,226,1,19.548999786377,36.6809997558594,0.0149520002305508,0.00186900002881885,144.936599731445,-88.3405,26.1886,9.93460077315259,63,63,63,63,61,63,-0.007476,8045,1.29563008188212,26,-88,0.001869,51,2023-08-07 09:16:47.000989,226,1.037,0.0011,"aoml_navis",1027.14789895116
"7901009",7,-0.00865524825088178,1,0.011214,1,-0.011214,1,150.664774444945,1,4.86775958141924,228,1,19.4939994812012,36.6749992370605,0.0112140001729131,-0.00186900002881885,145.288803100586,-88.3405,26.1886,9.93460077315259,63,63,63,63,61,63,-0.011214,8045,1.29563008188212,26,-88,0.001869,51,2023-08-07 09:16:47.000989,228,1.037,0.0011,"aoml_navis",1027.16658790741
"7901009",7,-0.00288508275029393,1,0.01869,1,-0.003738,1,151.204937654653,1,4.86768533872051,230,1,19.4589996337891,36.6720008850098,0.0186899993568659,0.00560700008645654,145.809692382812,-88.3405,26.1886,9.93460077315259,63,63,63,63,61,63,-0.003738,8045,1.29563008188212,26,-88,0.001869,51,2023-08-07 09:16:47.000989,230,1.037,0.0011,"aoml_navis",1027.18225441299
"7901009",7,-0.00432762412544089,1,0.016821,1,-0.005607,1,151.475391109272,1,4.8675665304953,232,1,19.371000289917,36.6629981994629,0.0168210007250309,0.00373800005763769,146.070495605469,-88.3405,26.1886,9.93460077315259,63,63,63,63,61,63,-0.005607,8045,1.29563008188212,26,-88,0.001869,51,2023-08-07 09:16:47.000989,232,1.037,0.0011,"aoml_navis",1027.20732601702
"7901009",7,-0.00721270687573481,1,0.013083,1,-0.009345,1,151.611757120968,1,4.86746908324481,234,1,19.2970008850098,36.6529998779297,0.0130829997360706,0,146.201995849609,-88.3405,26.1886,9.93460077315259,63,63,63,63,61,63,-0.009345,8045,1.29563008188212,26,-88,0.001869,51,2023-08-07 09:16:47.000989,234,1.037,0.0011,"aoml_navis",1027.2278908173
"7901009",7,-0.00432762412544089,1,0.016821,1,-0.005607,1,151.875374869269,1,4.8673856577505,236,1,19.2369995117188,36.6440010070801,0.0168210007250309,0.00373800005763769,146.456207275391,-88.3405,26.1886,9.93460077315259,63,63,63,63,61,63,-0.005607,8045,1.29563008188212,26,-88,0.001869,51,2023-08-07 09:16:47.000989,236,1.037,0.0011,"aoml_navis",1027.24549718766
"7901009",7,-0.00721270687573481,1,0.013083,1,-0.009345,1,152.216226604931,1,4.8673162751054,238,1,19.1940002441406,36.6370010375977,0.0130829997360706,0,146.784896850586,-88.3405,26.1886,9.93460077315259,63,63,63,63,61,63,-0.009345,8045,1.29563008188212,26,-88,0.001869,51,2023-08-07 09:16:47.000989,238,1.037,0.0011,"aoml_navis",1027.26014037206
"7901009",7,-0.00577016550058785,1,0.014952,1,-0.007476,1,152.874511452758,1,4.86719413057575,240,1,19.0879993438721,36.6230010986328,0.0149520002305508,0.00186900002881885,147.419692993164,-88.3405,26.1886,9.93460077315259,63,63,63,63,61,63,-0.007476,8045,1.29563008188212,26,-88,0.001869,51,2023-08-07 09:16:47.000989,240,1.037,0.0011,"aoml_navis",1027.28591994923
"7901009",7,-0.00577016550058785,1,0.014952,1,-0.007476,1,153.244003532024,1,4.86706987260196,242,1,18.9769992828369,36.6080017089844,0.0149520002305508,0.00186900002881885,147.776000976562,-88.3405,26.1886,9.93460077315259,63,63,63,63,61,63,-0.007476,8045,1.29563008188212,26,-88,0.001869,51,2023-08-07 09:16:47.000989,242,1.037,0.0011,"aoml_navis",1027.31214691335
"7901009",7,-0.00721270687573481,1,0.013083,1,-0.009345,1,153.568161586747,1,4.86697842052694,244,1,18.9039993286133,36.5970001220703,0.0130829997360706,0,148.088592529297,-88.3405,26.1886,9.93460077315259,63,63,63,63,61,63,-0.009345,8045,1.29563008188212,26,-88,0.001869,51,2023-08-07 09:16:47.000989,244,1.037,0.0011,"aoml_navis",1027.33145043587
"7901009",7,-0.00577016550058785,1,0.014952,1,-0.007476,1,153.842871534421,1,4.8668935952641,246,1,18.8479995727539,36.5900001525879,0.0149520002305508,0.00186900002881885,148.353500366211,-88.3405,26.1886,9.93460077315259,63,63,63,63,61,63,-0.007476,8045,1.29563008188212,26,-88,0.001869,51,2023-08-07 09:16:47.000989,246,1.037,0.0011,"aoml_navis",1027.34935583252
"7901009",7,-0.00721270687573481,1,0.013083,1,-0.009345,1,153.91410845536,1,4.86682737474258,248,1,18.8099994659424,36.5839996337891,0.0130829997360706,0,148.42219543457,-88.3405,26.1886,9.93460077315259,63,63,63,63,61,63,-0.009345,8045,1.29563008188212,26,-88,0.001869,51,2023-08-07 09:16:47.000989,248,1.037,0.0011,"aoml_navis",1027.36333446889
"7901009",7,0,1,0.007476,1,-0.014952,1,153.975613988832,1,4.86676249842849,250,1,18.7759990692139,36.5789985656738,0.00747600011527538,0,148.481506347656,-88.3405,26.1886,9.93460077315259,63,63,63,63,61,63,0,8045,1.29563008188212,26,-88,0.001869,51,2023-08-07 09:16:47.000989,250,1.037,0.0011,"aoml_navis",1027.37702972243
"7901009",7,0,1,0.009345,1,-0.013083,1,153.994064066535,1,4.86669759309952,252,1,18.7390003204346,36.5730018615723,0.00934499967843294,0,148.499298095703,-88.3405,26.1886,9.93460077315259,63,63,63,63,61,63,0,8045,1.29563008188212,26,-88,0.001869,51,2023-08-07 09:16:47.000989,252,1.037,0.0011,"aoml_navis",1027.39073146634
"7901009",7,0,1,0.007476,1,-0.014952,1,153.853963733794,1,4.86663402972913,254,1,18.7059993743896,36.568000793457,0.00747600011527538,0,148.364196777344,-88.3405,26.1886,9.93460077315259,63,63,63,63,61,63,0,8045,1.29563008188212,26,-88,0.001869,51,2023-08-07 09:16:47.000989,254,1.037,0.0011,"aoml_navis",1027.40415027228
"7901009",7,0,1,0.016821,1,-0.005607,1,153.46094226727,1,4.86656933655896,256,1,18.6749992370605,36.5639991760254,0.0168210007250309,0,147.985198974609,-88.3405,26.1886,9.93460077315259,63,63,63,63,61,63,0,8045,1.29563008188212,26,-88,0.001869,51,2023-08-07 09:16:47.000989,256,1.037,0.0011,"aoml_navis",1027.41780794916
"7901009",7,0,1,0.013083,1,-0.009345,1,152.707258175475,1,4.86651313664431,258,1,18.6450004577637,36.5579986572266,0.0130829997360706,0,147.258407592773,-88.3405,26.1886,9.93460077315259,63,63,63,63,61,63,0,8045,1.29563008188212,26,-88,0.001869,51,2023-08-07 09:16:47.000989,258,1.037,0.0011,"aoml_navis",1027.42967287
"7901009",7,0,1,0.013083,1,-0.009345,1,152.10527296441,1,4.86643356797385,260,1,18.5809993743896,36.5470008850098,0.0130829997360706,0,146.67790222168,-88.3405,26.1886,9.93460077315259,63,63,63,63,61,63,0,8045,1.29563008188212,26,-88,0.001869,51,2023-08-07 09:16:47.000989,260,1.037,0.0011,"aoml_navis",1027.44647186908
"7901009",7,0,1,0.014952,1,-0.007476,1,151.934158778929,1,4.86635059098706,262,1,18.5200004577637,36.5379981994629,0.0149520002305508,0,146.512893676758,-88.3405,26.1886,9.93460077315259,63,63,63,63,61,63,0,8045,1.29563008188212,26,-88,0.001869,51,2023-08-07 09:16:47.000989,262,1.037,0.0011,"aoml_navis",1027.46399103683
"7901009",7,0,1,0.011214,1,-0.011214,1,151.956675468954,1,4.86627994684288,264,1,18.4750003814697,36.5309982299805,0.0112140001729131,0,146.534606933594,-88.3405,26.1886,9.93460077315259,63,63,63,63,61,63,0,8045,1.29563008188212,26,-88,0.001869,51,2023-08-07 09:16:47.000989,264,1.037,0.0011,"aoml_navis",1027.47890680722
"7901009",7,0,1,0.014952,1,-0.007476,1,151.620159343318,1,4.86623131811652,266,1,18.4599990844727,36.5279998779297,0.0149520002305508,0,146.210098266602,-88.3405,26.1886,9.93460077315259,63,63,63,63,61,63,0,8045,1.29563008188212,26,-88,0.001869,51,2023-08-07 09:16:47.000989,266,1.037,0.0011,"aoml_navis",1027.4891745046
"7901009",7,0,1,0.01869,1,-0.003738,1,151.51189567982,1,4.86613887141207,268,1,18.3819999694824,36.515998840332,0.0186899993568659,0,146.105697631836,-88.3405,26.1886,9.93460077315259,63,63,63,63,61,63,0,8045,1.29563008188212,26,-88,0.001869,51,2023-08-07 09:16:47.000989,268,1.037,0.0011,"aoml_navis",1027.50869470133
"7901009",7,0,1,0.013083,1,-0.009345,1,151.228894273556,1,4.86605390131761,270,1,18.3099994659424,36.5040016174316,0.0130829997360706,0,145.832794189453,-88.3405,26.1886,9.93460077315259,63,63,63,63,61,63,0,8045,1.29563008188212,26,-88,0.001869,51,2023-08-07 09:16:47.000989,270,1.037,0.0011,"aoml_navis",1027.52663685993
"7901009",7,0,1,0.016821,1,-0.005607,1,151.33342361601,1,4.86593781306503,272,1,18.2089996337891,36.4910011291504,0.0168210007250309,0,145.93359375,-88.3405,26.1886,9.93460077315259,63,63,63,63,61,63,0,8045,1.29563008188212,26,-88,0.001869,51,2023-08-07 09:16:47.000989,272,1.037,0.0011,"aoml_navis",1027.55115089531
"7901009",7,0,1,0.014952,1,-0.007476,1,151.320669960239,1,4.86585456597766,274,1,18.1350002288818,36.4780006408691,0.0149520002305508,0,145.921295166016,-88.3405,26.1886,9.93460077315259,63,63,63,63,61,63,0,8045,1.29563008188212,26,-88,0.001869,51,2023-08-07 09:16:47.000989,274,1.037,0.0011,"aoml_navis",1027.56873067278
"7901009",7,0,1,0.014952,1,-0.007476,1,150.988426151052,1,4.86578940648749,276,1,18.0909996032715,36.4700012207031,0.0149520002305508,0,145.60090637207,-88.3405,26.1886,9.93460077315259,63,63,63,63,61,63,0,8045,1.29563008188212,26,-88,0.001869,51,2023-08-07 09:16:47.000989,276,1.037,0.0011,"aoml_navis",1027.58249120555
"7901009",7,0,1,0.013083,1,-0.009345,1,150.699206150845,1,4.86569809486656,278,1,18.0130004882812,36.4580001831055,0.0130829997360706,0,145.322006225586,-88.3405,26.1886,9.93460077315259,63,63,63,63,61,63,0,8045,1.29563008188212,26,-88,0.001869,51,2023-08-07 09:16:47.000989,278,1.037,0.0011,"aoml_navis",1027.60177522628
"7901009",7,0,1,0.013083,1,-0.009345,1,150.43601563419,1,4.86562477664437,280,1,17.9619998931885,36.4500007629395,0.0130829997360706,0,145.068206787109,-88.3405,26.1886,9.93460077315259,63,63,63,63,61,63,0,8045,1.29563008188212,26,-88,0.001869,51,2023-08-07 09:16:47.000989,280,1.037,0.0011,"aoml_navis",1027.61725976089
"7901009",7,0,1,0.014952,1,-0.007476,1,150.075447949284,1,4.86556468549039,282,1,17.9220008850098,36.4420013427734,0.0149520002305508,0,144.720504760742,-88.3405,26.1886,9.93460077315259,63,63,63,63,61,63,0,8045,1.29563008188212,26,-88,0.001869,51,2023-08-07 09:16:47.000989,282,1.037,0.0011,"aoml_navis",1027.6299511361
"7901009",7,0,1,0.014952,1,-0.007476,1,149.596457981769,1,4.86550452081645,284,1,17.8910007476807,36.4370002746582,0.0149520002305508,0,144.258605957031,-88.3405,26.1886,9.93460077315259,63,63,63,63,61,63,0,8045,1.29563008188212,26,-88,0.001869,51,2023-08-07 09:16:47.000989,284,1.037,0.0011,"aoml_navis",1027.64265835293
"7901009",7,0,1,0.014952,1,-0.007476,1,148.986276252479,1,4.86543615200317,286,1,17.8470001220703,36.4300003051758,0.0149520002305508,0,143.670196533203,-88.3405,26.1886,9.93460077315259,63,63,63,63,61,63,0,8045,1.29563008188212,26,-88,0.001869,51,2023-08-07 09:16:47.000989,286,1.037,0.0011,"aoml_navis",1027.65709872514
"7901009",7,0,1,0.01869,1,-0.003738,1,147.876692377084,1,4.86536915603973,288,1,17.7980003356934,36.4210014343262,0.0186899993568659,0,142.600204467773,-88.3405,26.1886,9.93460077315259,63,63,63,63,61,63,0,8045,1.29563008188212,26,-88,0.001869,51,2023-08-07 09:16:47.000989,288,1.037,0.0011,"aoml_navis",1027.67124952752
"7901009",7,0,1,0.020559,1,-0.001869,1,146.734433192551,1,4.86524620503592,290,1,17.6650009155273,36.4000015258789,0.020558999851346,0,141.49870300293,-88.3405,26.1886,9.93460077315259,63,63,63,63,61,63,0,8045,1.29563008188212,26,-88,0.001869,51,2023-08-07 09:16:47.000989,290,1.037,0.0011,"aoml_navis",1027.6972200964
"7901009",7,0,1,0.01869,1,-0.003738,1,146.375004792032,1,4.8651148408797,292,1,17.5149993896484,36.3759994506836,0.0186899993568659,0,141.152099609375,-88.3405,26.1886,9.93460077315259,63,63,63,63,61,63,0,8045,1.29563008188212,26,-88,0.001869,51,2023-08-07 09:16:47.000989,292,1.037,0.0011,"aoml_navis",1027.7249692005
"7901009",7,0,1,0.014952,1,-0.007476,1,146.188557737517,1,4.86504741128828,294,1,17.4619998931885,36.3660011291504,0.0149520002305508,0,140.972305297852,-88.3405,26.1886,9.93460077315259,63,63,63,63,61,63,0,8045,1.29563008188212,26,-88,0.001869,51,2023-08-07 09:16:47.000989,294,1.037,0.0011,"aoml_navis",1027.73921347582
"7901009",7,0,1,0.01869,1,-0.003738,1,146.056543159241,1,4.86498886012932,296,1,17.4349994659424,36.3619995117188,0.0186899993568659,0,140.845001220703,-88.3405,26.1886,9.93460077315259,63,63,63,63,61,63,0,8045,1.29563008188212,26,-88,0.001869,51,2023-08-07 09:16:47.000989,296,1.037,0.0011,"aoml_navis",1027.75158253232
"7901009",7,0,1,0.013083,1,-0.009345,1,146.011636366343,1,4.8649466437395,298,1,17.4249992370605,36.359001159668,0.0130829997360706,0,140.801696777344,-88.3405,26.1886,9.93460077315259,63,63,63,63,61,63,0,8045,1.29563008188212,26,-88,0.001869,51,2023-08-07 09:16:47.000989,298,1.037,0.0011,"aoml_navis",1027.76050101892
"7901009",7,0,1,0.013083,1,-0.009345,1,145.856187341175,1,4.86489378550113,300,1,17.4090003967285,36.3569984436035,0.0130829997360706,0,140.651794433594,-88.3405,26.1886,9.93460077315259,63,63,63,63,61,63,0,8045,1.29563008188212,26,-88,0.001869,51,2023-08-07 09:16:47.000989,300,1.037,0.0011,"aoml_navis",1027.77166788338
"7901009",7,0,1,0.014952,1,-0.007476,1,145.443149280918,1,4.86482845755183,302,1,17.3700008392334,36.351001739502,0.0149520002305508,0,140.253494262695,-88.3405,26.1886,9.93460077315259,63,63,63,63,61,63,0,8045,1.29563008188212,26,-88,0.001869,51,2023-08-07 09:16:47.000989,302,1.037,0.0011,"aoml_navis",1027.78546944206
"7901009",7,0,1,0.016821,1,-0.005607,1,144.383345803851,1,4.86474998914277,304,1,17.2980003356934,36.3380012512207,0.0168210007250309,0,139.231506347656,-88.3405,26.1886,9.93460077315259,63,63,63,63,61,63,0,8045,1.29563008188212,26,-88,0.001869,51,2023-08-07 09:16:47.000989,304,1.037,0.0011,"aoml_navis",1027.80204761994
"7901009",7,0,1,0.016821,1,-0.005607,1,143.265454646472,1,4.86462854141003,306,1,17.1639995574951,36.3170013427734,0.0168210007250309,0,138.153503417969,-88.3405,26.1886,9.93460077315259,63,63,63,63,61,63,0,8045,1.29563008188212,26,-88,0.001869,51,2023-08-07 09:16:47.000989,306,1.037,0.0011,"aoml_navis",1027.82770718003
"7901009",7,0,1,0.014952,1,-0.007476,1,142.573038737235,1,4.86452258616543,308,1,17.048999786377,36.2980003356934,0.0149520002305508,0,137.485794067383,-88.3405,26.1886,9.93460077315259,63,63,63,63,61,63,0,8045,1.29563008188212,26,-88,0.001869,51,2023-08-07 09:16:47.000989,308,1.037,0.0011,"aoml_navis",1027.85009452312
"7901009",7,0,1,0.013083,1,-0.009345,1,141.734414665075,1,4.86443382312149,310,1,16.9610004425049,36.2830009460449,0.0130829997360706,0,136.677093505859,-88.3405,26.1886,9.93460077315259,63,63,63,63,61,63,0,8045,1.29563008188212,26,-88,0.001869,51,2023-08-07 09:16:47.000989,310,1.037,0.0011,"aoml_navis",1027.86885006722
"7901009",7,0,1,0.024297,1,0.001869,1,140.017671328694,1,4.86437661856641,312,1,16.9190006256104,36.273998260498,0.0242970008403063,0,135.021606445312,-88.3405,26.1886,9.93460077315259,63,63,63,63,61,63,0,8045,1.29563008188212,26,-88,0.001869,51,2023-08-07 09:16:47.000989,312,1.037,0.0011,"aoml_navis",1027.8809376963
"7901009",7,0,1,0.024297,1,0.001869,1,137.538192919003,1,4.86428752045401,314,1,16.8239994049072,36.2569999694824,0.0242970008403063,0,132.630599975586,-88.3405,26.1886,9.93460077315259,63,63,63,63,61,63,0,8045,1.29563008188212,26,-88,0.001869,51,2023-08-07 09:16:47.000989,314,1.037,0.0011,"aoml_navis",1027.89976517123
"7901009",7,0,1,0.022428,1,0,1,134.473644506706,1,4.86422095875809,316,1,16.7609996795654,36.2439994812012,0.0224280003458261,0,129.675399780273,-88.3405,26.1886,9.93460077315259,63,63,63,63,61,63,0,8045,1.29563008188212,26,-88,0.001869,51,2023-08-07 09:16:47.000989,316,1.037,0.0011,"aoml_navis",1027.91383088744
"7901009",7,0,1,0.024297,1,0.001869,1,131.154513504228,1,4.86414445868808,318,1,16.6860008239746,36.2299995422363,0.0242970008403063,0,126.474700927734,-88.3405,26.1886,9.93460077315259,63,63,63,63,61,63,0,8045,1.29563008188212,26,-88,0.001869,51,2023-08-07 09:16:47.000989,318,1.037,0.0011,"aoml_navis",1027.92999724119
"7901009",7,0,1,0.029904,1,0.007476,1,127.878619926555,1,4.86407368197552,320,1,16.6189994812012,36.2169990539551,0.0299040004611015,0,123.315696716309,-88.3405,26.1886,9.93460077315259,63,63,63,63,61,63,0,8045,1.29563008188212,26,-88,0.001869,51,2023-08-07 09:16:47.000989,320,1.037,0.0011,"aoml_navis",1027.94495456107
"7901009",7,0,1,0.024297,1,0.001869,1,124.973563416658,1,4.86396778222372,322,1,16.5049991607666,36.1990013122559,0.0242970008403063,0,120.514297485352,-88.3405,26.1886,9.93460077315259,63,63,63,63,61,63,0,8045,1.29563008188212,26,-88,0.001869,51,2023-08-07 09:16:47.000989,322,1.037,0.0011,"aoml_navis",1027.96733528405
"7901009",7,0,1,0.020559,1,-0.001869,1,126.681920354085,1,4.86384262649592,324,1,16.3509998321533,36.173999786377,0.020558999851346,0,122.161697387695,-88.3405,26.1886,9.93460077315259,63,63,63,63,61,63,0,8045,1.29563008188212,26,-88,0.001869,51,2023-08-07 09:16:47.000989,324,1.037,0.0011,"aoml_navis",1027.99378679778
"7901009",7,0,1,0.01869,1,-0.003738,1,130.255119686429,1,4.86378859382127,326,1,16.3269996643066,36.1699981689453,0.0186899993568659,0,125.607398986816,-88.3405,26.1886,9.93460077315259,63,63,63,63,61,63,0,8045,1.29563008188212,26,-88,0.001869,51,2023-08-07 09:16:47.000989,326,1.037,0.0011,"aoml_navis",1028.00520695981
"7901009",7,0,1,0.01869,1,-0.003738,1,134.422835587751,1,4.86370526018407,328,1,16.2770004272461,36.1660003662109,0.0186899993568659,0,129.626403808594,-88.3405,26.1886,9.93460077315259,63,63,63,63,61,63,0,8045,1.29563008188212,26,-88,0.001869,51,2023-08-07 09:16:47.000989,328,1.037,0.0011,"aoml_navis",1028.02282057091
"7901009",7,0,1,0.020559,1,-0.001869,1,137.185093876186,1,4.86361666738306,330,1,16.2189998626709,36.1609992980957,0.020558999851346,0,132.290100097656,-88.3405,26.1886,9.93460077315259,63,63,63,63,61,63,0,8045,1.29563008188212,26,-88,0.001869,51,2023-08-07 09:16:47.000989,330,1.037,0.0011,"aoml_navis",1028.04154643428
"7901009",7,0,1,0.014952,1,-0.007476,1,139.722216911151,1,4.86356421265287,332,1,16.2059993743896,36.1599998474121,0.0149520002305508,0,134.736694335938,-88.3405,26.1886,9.93460077315259,63,63,63,63,61,63,0,8045,1.29563008188212,26,-88,0.001869,51,2023-08-07 09:16:47.000989,332,1.037,0.0011,"aoml_navis",1028.05263411393
"7901009",7,0,1,0.01869,1,-0.003738,1,141.902933813899,1,4.86350986927307,334,1,16.201000213623,36.1619987487793,0.0186899993568659,0,136.839599609375,-88.3405,26.1886,9.93460077315259,63,63,63,63,61,63,0,8045,1.29563008188212,26,-88,0.001869,51,2023-08-07 09:16:47.000989,334,1.037,0.0011,"aoml_navis",1028.06412126132
"7901009",7,0,1,0.014952,1,-0.007476,1,142.521201297653,1,4.86346365242934,336,1,16.2000007629395,36.1629981994629,0.0149520002305508,0,137.435806274414,-88.3405,26.1886,9.93460077315259,63,63,63,63,61,63,0,8045,1.29563008188212,26,-88,0.001869,51,2023-08-07 09:16:47.000989,336,1.037,0.0011,"aoml_navis",1028.07389081698
"7901009",7,0,1,0.014952,1,-0.007476,1,142.084206618493,1,4.86338498524046,338,1,16.1410007476807,36.1549987792969,0.0149520002305508,0,137.014404296875,-88.3405,26.1886,9.93460077315259,63,63,63,63,61,63,0,8045,1.29563008188212,26,-88,0.001869,51,2023-08-07 09:16:47.000989,338,1.037,0.0011,"aoml_navis",1028.09052032158
"7901009",7,0,1,0.014952,1,-0.007476,1,141.240914645028,1,4.86325564866299,340,1,15.9779996871948,36.1290016174316,0.0149520002305508,0,136.201202392578,-88.3405,26.1886,9.93460077315259,63,63,63,63,61,63,0,8045,1.29563008188212,26,-88,0.001869,51,2023-08-07 09:16:47.000989,340,1.037,0.0011,"aoml_navis",1028.11786202821
"7901009",7,0,1,0.020559,1,-0.001869,1,140.563958191979,1,4.86312492860324,342,1,15.8159999847412,36.1040000915527,0.020558999851346,0,135.548400878906,-88.3405,26.1886,9.93460077315259,63,63,63,63,61,63,0,8045,1.29563008188212,26,-88,0.001869,51,2023-08-07 09:16:47.000989,342,1.037,0.0011,"aoml_navis",1028.14549768025
"7901009",7,0,1,0.01869,1,-0.003738,1,139.971419547284,1,4.86307625099835,344,1,15.7799997329712,36.0950012207031,0.0186899993568659,0,134.977005004883,-88.3405,26.1886,9.93460077315259,63,63,63,63,61,63,0,8045,1.29563008188212,26,-88,0.001869,51,2023-08-07 09:16:47.000989,344,1.037,0.0011,"aoml_navis",1028.15578903858
"7901009",7,0,1,0.020559,1,-0.001869,1,138.914400987607,1,4.86303790164658,346,1,15.7729997634888,36.0919990539551,0.020558999851346,0,133.957702636719,-88.3405,26.1886,9.93460077315259,63,63,63,63,61,63,0,8045,1.29563008188212,26,-88,0.001869,51,2023-08-07 09:16:47.000989,346,1.037,0.0011,"aoml_navis",1028.16389695565
"7901009",7,0,1,0.016821,1,-0.005607,1,137.501688348455,1,4.86297870608177,348,1,15.7340002059937,36.0849990844727,0.0168210007250309,0,132.595397949219,-88.3405,26.1886,9.93460077315259,63,63,63,63,61,63,0,8045,1.29563008188212,26,-88,0.001869,51,2023-08-07 09:16:47.000989,348,1.037,0.0011,"aoml_navis",1028.17641248292
"7901009",7,0,1,0.01869,1,-0.003738,1,136.131809637553,1,4.86291690441112,350,1,15.6859998703003,36.076000213623,0.0186899993568659,0,131.274398803711,-88.3405,26.1886,9.93460077315259,63,63,63,63,61,63,0,8045,1.29563008188212,26,-88,0.001869,51,2023-08-07 09:16:47.000989,350,1.037,0.0011,"aoml_navis",1028.18947933586
"7901009",7,0,1,0.01869,1,-0.003738,1,134.860542319653,1,4.86283969629623,352,1,15.6140003204346,36.0639991760254,0.0186899993568659,0,130.048492431641,-88.3405,26.1886,9.93460077315259,63,63,63,63,61,63,0,8045,1.29563008188212,26,-88,0.001869,51,2023-08-07 09:16:47.000989,352,1.037,0.0011,"aoml_navis",1028.20580407128
"7901009",7,0,1,0.014952,1,-0.007476,1,133.335119643217,1,4.86278733366737,354,1,15.581000328064,36.056999206543,0.0149520002305508,0,128.577499389648,-88.3405,26.1886,9.93460077315259,63,63,63,63,61,63,0,8045,1.29563008188212,26,-88,0.001869,51,2023-08-07 09:16:47.000989,354,1.037,0.0011,"aoml_navis",1028.21687581989
"7901009",7,0,1,0.01869,1,-0.003738,1,131.196097384332,1,4.86271814901055,356,1,15.5260000228882,36.0480003356934,0.0186899993568659,0,126.514801025391,-88.3405,26.1886,9.93460077315259,63,63,63,63,61,63,0,8045,1.29563008188212,26,-88,0.001869,51,2023-08-07 09:16:47.000989,356,1.037,0.0011,"aoml_navis",1028.23150484619
"7901009",7,0,1,0.020559,1,-0.001869,1,128.877566629314,1,4.86264465107008,358,1,15.4469995498657,36.0330009460449,0.020558999851346,0,124.278999328613,-88.3405,26.1886,9.93460077315259,63,63,63,63,61,63,0,8045,1.29563008188212,26,-88,0.001869,51,2023-08-07 09:16:47.000989,358,1.037,0.0011,"aoml_navis",1028.24704636801
"7901009",7,0,1,0.020559,1,-0.001869,1,127.824488094806,1,4.86255908711515,360,1,15.3500003814697,36.015998840332,0.020558999851346,0,123.263496398926,-88.3405,26.1886,9.93460077315259,63,63,63,63,61,63,0,8045,1.29563008188212,26,-88,0.001869,51,2023-08-07 09:16:47.000989,360,1.037,0.0011,"aoml_navis",1028.26513990319
"7901009",7,0,1,0.01869,1,-0.003738,1,126.762184521447,1,4.86250237289014,362,1,15.3059997558594,36.0069999694824,0.0186899993568659,0,122.239097595215,-88.3405,26.1886,9.93460077315259,63,63,63,63,61,63,0,8045,1.29563008188212,26,-88,0.001869,51,2023-08-07 09:16:47.000989,362,1.037,0.0011,"aoml_navis",1028.27713316428
"7901009",7,0,1,0.01869,1,-0.003738,1,126.068328683333,1,4.86241512551364,364,1,15.2170000076294,35.9930000305176,0.0186899993568659,0,121.569999694824,-88.3405,26.1886,9.93460077315259,63,63,63,63,61,63,0,8045,1.29563008188212,26,-88,0.001869,51,2023-08-07 09:16:47.000989,364,1.037,0.0011,"aoml_navis",1028.29558376545
"7901009",7,0,1,0.020559,1,-0.001869,1,125.683915143284,1,4.86233036647064,366,1,15.1300001144409,35.9790000915527,0.020558999851346,0,121.19930267334,-88.3405,26.1886,9.93460077315259,63,63,63,63,61,63,0,8045,1.29563008188212,26,-88,0.001869,51,2023-08-07 09:16:47.000989,366,1.037,0.0011,"aoml_navis",1028.31350878145
"7901009",7,0,1,0.022428,1,0,1,125.541528330074,1,4.86225170924582,368,1,15.0450000762939,35.9640007019043,0.0224280003458261,0,121.061996459961,-88.3405,26.1886,9.93460077315259,63,63,63,63,61,63,0,8045,1.29563008188212,26,-88,0.001869,51,2023-08-07 09:16:47.000989,368,1.037,0.0011,"aoml_navis",1028.33014393151
"7901009",7,0,1,0.020559,1,-0.001869,1,125.584876518637,1,4.86215298361562,370,1,14.9409999847412,35.9490013122559,0.020558999851346,0,121.103797912598,-88.3405,26.1886,9.93460077315259,63,63,63,63,61,63,0,8045,1.29563008188212,26,-88,0.001869,51,2023-08-07 09:16:47.000989,370,1.037,0.0011,"aoml_navis",1028.35102409342
"7901009",7,0,1,0.01869,1,-0.003738,1,125.434926122973,1,4.86209594277658,372,1,14.8959999084473,35.939998626709,0.0186899993568659,0,120.959197998047,-88.3405,26.1886,9.93460077315259,63,63,63,63,61,63,0,8045,1.29563008188212,26,-88,0.001869,51,2023-08-07 09:16:47.000989,372,1.037,0.0011,"aoml_navis",1028.36308843891
"7901009",7,0,1,0.016821,1,-0.005607,1,125.234681068667,1,4.8620263570165,374,1,14.8459997177124,35.9329986572266,0.0168210007250309,0,120.766098022461,-88.3405,26.1886,9.93460077315259,63,63,63,63,61,63,0,8045,1.29563008188212,26,-88,0.001869,51,2023-08-07 09:16:47.000989,374,1.037,0.0011,"aoml_navis",1028.37780646425
"7901009",7,0,1,0.020559,1,-0.001869,1,125.268487750494,1,4.86193257269402,376,1,14.7390003204346,35.9160003662109,0.020558999851346,0,120.798698425293,-88.3405,26.1886,9.93460077315259,63,63,63,63,61,63,0,8045,1.29563008188212,26,-88,0.001869,51,2023-08-07 09:16:47.000989,376,1.037,0.0011,"aoml_navis",1028.39764337363
"7901009",7,0,1,0.022428,1,0,1,125.228359622661,1,4.86186892429521,378,1,14.6840000152588,35.9059982299805,0.0224280003458261,0,120.76000213623,-88.3405,26.1886,9.93460077315259,63,63,63,63,61,63,0,8045,1.29563008188212,26,-88,0.001869,51,2023-08-07 09:16:47.000989,378,1.037,0.0011,"aoml_navis",1028.411106481
"7901009",7,0,1,0.022428,1,0,1,125.202947251487,1,4.86180764025389,380,1,14.6379995346069,35.8979988098145,0.0224280003458261,0,120.735496520996,-88.3405,26.1886,9.93460077315259,63,63,63,63,61,63,0,8045,1.29563008188212,26,-88,0.001869,51,2023-08-07 09:16:47.000989,380,1.037,0.0011,"aoml_navis",1028.42406980522
"7901009",7,0,1,0.020559,1,-0.001869,1,125.443019789135,1,4.86172823932531,382,1,14.5609998703003,35.8860015869141,0.020558999851346,0,120.967002868652,-88.3405,26.1886,9.93460077315259,63,63,63,63,61,63,0,8045,1.29563008188212,26,-88,0.001869,51,2023-08-07 09:16:47.000989,382,1.037,0.0011,"aoml_navis",1028.4408658543
"7901009",7,0,1,0.020559,1,-0.001869,1,125.915268990697,1,4.86164642151365,384,1,14.4779996871948,35.8730010986328,0.020558999851346,0,121.422401428223,-88.3405,26.1886,9.93460077315259,63,63,63,63,61,63,0,8045,1.29563008188212,26,-88,0.001869,51,2023-08-07 09:16:47.000989,384,1.037,0.0011,"aoml_navis",1028.45817373187
"7901009",7,0,1,0.024297,1,0.001869,1,125.901993162917,1,4.86158027067349,386,1,14.4270000457764,35.8650016784668,0.0242970008403063,0,121.409599304199,-88.3405,26.1886,9.93460077315259,63,63,63,63,61,63,0,8045,1.29563008188212,26,-88,0.001869,51,2023-08-07 09:16:47.000989,386,1.037,0.0011,"aoml_navis",1028.47216781784
"7901009",7,0,1,0.020559,1,-0.001869,1,124.942146067364,1,4.8615342817217,388,1,14.4090003967285,35.8610000610352,0.020558999851346,0,120.484001159668,-88.3405,26.1886,9.93460077315259,63,63,63,63,61,63,0,8045,1.29563008188212,26,-88,0.001869,51,2023-08-07 09:16:47.000989,388,1.037,0.0011,"aoml_navis",1028.48189691861
"7901009",7,0,1,0.022428,1,0,1,123.031471210984,1,4.86146986756256,390,1,14.3629999160767,35.8540000915527,0.0224280003458261,0,118.641502380371,-88.3405,26.1886,9.93460077315259,63,63,63,63,61,63,0,8045,1.29563008188212,26,-88,0.001869,51,2023-08-07 09:16:47.000989,390,1.037,0.0011,"aoml_navis",1028.49552423677
"7901009",7,0,1,0.020559,1,-0.001869,1,120.337443398579,1,4.86139922461339,392,1,14.3039999008179,35.8450012207031,0.020558999851346,0,116.043601989746,-88.3405,26.1886,9.93460077315259,63,63,63,63,61,63,0,8045,1.29563008188212,26,-88,0.001869,51,2023-08-07 09:16:47.000989,392,1.037,0.0011,"aoml_navis",1028.51046971927
"7901009",7,0,1,0.020559,1,-0.001869,1,118.670353873372,1,4.86131829593366,394,1,14.2279996871948,35.8339996337891,0.020558999851346,0,114.435997009277,-88.3405,26.1886,9.93460077315259,63,63,63,63,61,63,0,8045,1.29563008188212,26,-88,0.001869,51,2023-08-07 09:16:47.000989,394,1.037,0.0011,"aoml_navis",1028.52759182264
"7901009",7,0,1,0.024297,1,0.001869,1,117.799481723719,1,4.86125109874461,396,1,14.1719999313354,35.8250007629395,0.0242970008403063,0,113.596199035645,-88.3405,26.1886,9.93460077315259,63,63,63,63,61,63,0,8045,1.29563008188212,26,-88,0.001869,51,2023-08-07 09:16:47.000989,396,1.037,0.0011,"aoml_navis",1028.5418091839
"7901009",7,0,1,0.022428,1,0,1,117.574140766123,1,4.8611866456518,398,1,14.1149997711182,35.814998626709,0.0224280003458261,0,113.378898620605,-88.3405,26.1886,9.93460077315259,63,63,63,63,61,63,0,8045,1.29563008188212,26,-88,0.001869,51,2023-08-07 09:16:47.000989,398,1.037,0.0011,"aoml_navis",1028.55544632757
"7901009",7,0,1,0.026166,1,0.003738,1,118.186181744238,1,4.86112534999205,400,1,14.0749998092651,35.8089981079102,0.0261659994721413,0,113.969100952148,-88.3405,26.1886,9.93460077315259,63,63,63,63,61,63,0,8045,1.29563008188212,26,-88,0.001869,51,2023-08-07 09:16:47.000989,400,1.037,0.0011,"aoml_navis",1028.56841574928
"7901009",7,0,1,0.026166,1,0.003738,1,119.17288905154,1,4.86107337180016,402,1,14.0509996414185,35.8050003051758,0.0261659994721413,0,114.920600891113,-88.3405,26.1886,9.93460077315259,63,63,63,63,61,63,0,8045,1.29563008188212,26,-88,0.001869,51,2023-08-07 09:16:47.000989,402,1.037,0.0011,"aoml_navis",1028.57941396354
"7901009",7,0,1,0.022428,1,0,1,120.084308648973,1,4.86102453060439,404,1,14.0299997329712,35.8009986877441,0.0224280003458261,0,115.799499511719,-88.3405,26.1886,9.93460077315259,63,63,63,63,61,63,0,8045,1.29563008188212,26,-88,0.001869,51,2023-08-07 09:16:47.000989,404,1.037,0.0011,"aoml_navis",1028.58974862617
"7901009",7,0,1,0.020559,1,-0.001869,1,120.656941463694,1,4.86095880923613,406,1,13.9750003814697,35.7919998168945,0.020558999851346,0,116.351699829102,-88.3405,26.1886,9.93460077315259,63,63,63,63,61,63,0,8045,1.29563008188212,26,-88,0.001869,51,2023-08-07 09:16:47.000989,406,1.037,0.0011,"aoml_navis",1028.60365541458
"7901009",7,0,1,0.020559,1,-0.001869,1,120.536754872624,1,4.86088964751484,408,1,13.9130001068115,35.7820014953613,0.020558999851346,0,116.235801696777,-88.3405,26.1886,9.93460077315259,63,63,63,63,61,63,0,8045,1.29563008188212,26,-88,0.001869,51,2023-08-07 09:16:47.000989,408,1.037,0.0011,"aoml_navis",1028.61829059548
"7901009",7,0,1,0.016821,1,-0.005607,1,120.320741805942,1,4.86080400999517,410,1,13.8170003890991,35.7669982910156,0.0168210007250309,0,116.027496337891,-88.3405,26.1886,9.93460077315259,63,63,63,63,61,63,0,8045,1.29563008188212,26,-88,0.001869,51,2023-08-07 09:16:47.000989,410,1.037,0.0011,"aoml_navis",1028.636412766
"7901009",7,0,1,0.024297,1,0.001869,1,121.19587044865,1,4.86072940305045,412,1,13.7349996566772,35.7529983520508,0.0242970008403063,0,116.871398925781,-88.3405,26.1886,9.93460077315259,63,63,63,63,61,63,0,8045,1.29563008188212,26,-88,0.001869,51,2023-08-07 09:16:47.000989,412,1.037,0.0011,"aoml_navis",1028.65220122358
"7901009",7,0,1,0.024297,1,0.001869,1,121.946761711359,1,4.86064490657837,414,1,13.6429996490479,35.7389984130859,0.0242970008403063,0,117.595497131348,-88.3405,26.1886,9.93460077315259,63,63,63,63,61,63,0,8045,1.29563008188212,26,-88,0.001869,51,2023-08-07 09:16:47.000989,414,1.037,0.0011,"aoml_navis",1028.67008310626
"7901009",7,0,1,0.020559,1,-0.001869,1,121.737805878515,1,4.86059392148116,416,1,13.6160001754761,35.734001159668,0.020558999851346,0,117.393997192383,-88.3405,26.1886,9.93460077315259,63,63,63,63,61,63,0,8045,1.29563008188212,26,-88,0.001869,51,2023-08-07 09:16:47.000989,416,1.037,0.0011,"aoml_navis",1028.68087331936
"7901009",7,0,1,0.022428,1,0,1,121.08626179664,1,4.86053342615342,418,1,13.576000213623,35.7280006408691,0.0224280003458261,0,116.765701293945,-88.3405,26.1886,9.93460077315259,63,63,63,63,61,63,0,8045,1.29563008188212,26,-88,0.001869,51,2023-08-07 09:16:47.000989,418,1.037,0.0011,"aoml_navis",1028.69367652039
"7901009",7,0,1,0.020559,1,-0.001869,1,120.359841413148,1,4.86046913960727,420,1,13.5249996185303,35.7200012207031,0.020558999851346,0,116.065200805664,-88.3405,26.1886,9.93460077315259,63,63,63,63,61,63,0,8045,1.29563008188212,26,-88,0.001869,51,2023-08-07 09:16:47.000989,420,1.037,0.0011,"aoml_navis",1028.70728244229
"7901009",7,0,1,0.022428,1,0,1,119.434734579684,1,4.86040817889847,422,1,13.4879999160767,35.7150001525879,0.0224280003458261,0,115.17310333252,-88.3405,26.1886,9.93460077315259,63,63,63,63,61,63,0,8045,1.29563008188212,26,-88,0.001869,51,2023-08-07 09:16:47.000989,422,1.037,0.0011,"aoml_navis",1028.72018480003
"7901009",7,0,1,0.024297,1,0.001869,1,118.156006531392,1,4.86034828063507,424,1,13.4519996643066,35.7099990844727,0.0242970008403063,0,113.940002441406,-88.3405,26.1886,9.93460077315259,63,63,63,63,61,63,0,8045,1.29563008188212,26,-88,0.001869,51,2023-08-07 09:16:47.000989,424,1.037,0.0011,"aoml_navis",1028.73286260603
"7901009",7,0,1,0.022428,1,0,1,117.028890335162,1,4.86030130225723,426,1,13.4359998703003,35.7070007324219,0.0224280003458261,0,112.853103637695,-88.3405,26.1886,9.93460077315259,63,63,63,63,61,63,0,8045,1.29563008188212,26,-88,0.001869,51,2023-08-07 09:16:47.000989,426,1.037,0.0011,"aoml_navis",1028.74280606387
"7901009",7,0,1,0.029904,1,0.007476,1,116.289708384202,1,4.86025068943949,428,1,13.4200000762939,35.7050018310547,0.0299040004611015,0,112.140296936035,-88.3405,26.1886,9.93460077315259,63,63,63,63,61,63,0,8045,1.29563008188212,26,-88,0.001869,51,2023-08-07 09:16:47.000989,428,1.037,0.0011,"aoml_navis",1028.75351900349
"7901009",7,0,1,0.026166,1,0.003738,1,116.163920311566,1,4.86019831884703,430,1,13.3950004577637,35.701000213623,0.0261659994721413,0,112.018997192383,-88.3405,26.1886,9.93460077315259,63,63,63,63,61,63,0,8045,1.29563008188212,26,-88,0.001869,51,2023-08-07 09:16:47.000989,430,1.037,0.0011,"aoml_navis",1028.76460423659
"7901009",7,0,1,0.022428,1,0,1,116.123689331671,1,4.86014734573564,432,1,13.375,35.6980018615723,0.0224280003458261,0,111.980201721191,-88.3405,26.1886,9.93460077315259,63,63,63,63,61,63,0,8045,1.29563008188212,26,-88,0.001869,51,2023-08-07 09:16:47.000989,432,1.037,0.0011,"aoml_navis",1028.77539389563
"7901009",7,0,1,0.020559,1,-0.001869,1,115.8985540782,1,4.86009564368324,434,1,13.3470001220703,35.693000793457,0.020558999851346,0,111.76309967041,-88.3405,26.1886,9.93460077315259,63,63,63,63,61,63,0,8045,1.29563008188212,26,-88,0.001869,51,2023-08-07 09:16:47.000989,434,1.037,0.0011,"aoml_navis",1028.78633808341
"7901009",7,0,1,0.022428,1,0,1,115.995100518252,1,4.86003482402432,436,1,13.298999786377,35.685001373291,0.0224280003458261,0,111.856201171875,-88.3405,26.1886,9.93460077315259,63,63,63,63,61,63,0,8045,1.29563008188212,26,-88,0.001869,51,2023-08-07 09:16:47.000989,436,1.037,0.0011,"aoml_navis",1028.79921256609
"7901009",7,0,1,0.024297,1,0.001869,1,116.256423874385,1,4.85996502495601,438,1,13.2309999465942,35.673999786377,0.0242970008403063,0,112.108200073242,-88.3405,26.1886,9.93460077315259,63,63,63,63,61,63,0,8045,1.29563008188212,26,-88,0.001869,51,2023-08-07 09:16:47.000989,438,1.037,0.0011,"aoml_navis",1028.81398823344
"7901009",7,0,1,0.022428,1,0,1,116.181761188589,1,4.85990178809355,440,1,13.1840000152588,35.6669998168945,0.0224280003458261,0,112.036201477051,-88.3405,26.1886,9.93460077315259,63,63,63,63,61,63,0,8045,1.29563008188212,26,-88,0.001869,51,2023-08-07 09:16:47.000989,440,1.037,0.0011,"aoml_navis",1028.82737512303
"7901009",7,0,1,0.022428,1,0,1,115.496924685201,1,4.85984029253161,442,1,13.1350002288818,35.6590003967285,0.0224280003458261,0,111.375801086426,-88.3405,26.1886,9.93460077315259,63,63,63,63,61,63,0,8045,1.29563008188212,26,-88,0.001869,51,2023-08-07 09:16:47.000989,442,1.037,0.0011,"aoml_navis",1028.84039372318
"7901009",7,0,1,0.024297,1,0.001869,1,114.729228977793,1,4.85977160432177,444,1,13.0860004425049,35.6529998779297,0.0242970008403063,0,110.635498046875,-88.3405,26.1886,9.93460077315259,63,63,63,63,61,63,0,8045,1.29563008188212,26,-88,0.001869,51,2023-08-07 09:16:47.000989,444,1.037,0.0011,"aoml_navis",1028.85493539522
"7901009",7,0,1,0.020559,1,-0.001869,1,115.255198602853,1,4.85972386336577,446,1,13.0579996109009,35.6469993591309,0.020558999851346,0,111.142700195312,-88.3405,26.1886,9.93460077315259,63,63,63,63,61,63,0,8045,1.29563008188212,26,-88,0.001869,51,2023-08-07 09:16:47.000989,446,1.037,0.0011,"aoml_navis",1028.86504266049
"7901009",7,0,1,0.022428,1,0,1,116.218265759137,1,4.8596573977766,448,1,12.9890003204346,35.6349983215332,0.0224280003458261,0,112.071403503418,-88.3405,26.1886,9.93460077315259,63,63,63,63,61,63,0,8045,1.29563008188212,26,-88,0.001869,51,2023-08-07 09:16:47.000989,448,1.037,0.0011,"aoml_navis",1028.87911445931
"7901009",7,0,1,0.026166,1,0.003738,1,116.542637429683,1,4.85955060165784,450,1,12.8529996871948,35.6160011291504,0.0261659994721413,0,112.384201049805,-88.3405,26.1886,9.93460077315259,63,63,63,63,61,63,0,8045,1.29563008188212,26,-88,0.001869,51,2023-08-07 09:16:47.000989,450,1.037,0.0011,"aoml_navis",1028.90172566456
"7901009",7,0,1,0.026166,1,0.003738,1,116.48518268514,1,4.85949315748101,452,1,12.8000001907349,35.6059989929199,0.0261659994721413,0,112.328796386719,-88.3405,26.1886,9.93460077315259,63,63,63,63,61,63,0,8045,1.29563008188212,26,-88,0.001869,51,2023-08-07 09:16:47.000989,452,1.037,0.0011,"aoml_navis",1028.91388833477
"7901009",7,0,1,0.026166,1,0.003738,1,116.335343053236,1,4.85942656102916,454,1,12.7449998855591,35.5979995727539,0.0261659994721413,0,112.184303283691,-88.3405,26.1886,9.93460077315259,63,63,63,63,61,63,0,8045,1.29563008188212,26,-88,0.001869,51,2023-08-07 09:16:47.000989,454,1.037,0.0011,"aoml_navis",1028.92798917843
"7901009",7,0,1,0.022428,1,0,1,115.980993962273,1,4.85935937479744,456,1,12.6929998397827,35.5909996032715,0.0224280003458261,0,111.842597961426,-88.3405,26.1886,9.93460077315259,63,63,63,63,61,63,0,8045,1.29563008188212,26,-88,0.001869,51,2023-08-07 09:16:47.000989,456,1.037,0.0011,"aoml_navis",1028.94221529117
"7901009",7,0,1,0.022428,1,0,1,115.047801374343,1,4.85929620211579,458,1,12.6450004577637,35.5839996337891,0.0224280003458261,0,110.94270324707,-88.3405,26.1886,9.93460077315259,63,63,63,63,61,63,0,8045,1.29563008188212,26,-88,0.001869,51,2023-08-07 09:16:47.000989,458,1.037,0.0011,"aoml_navis",1028.95559192768
"7901009",7,0,1,0.022428,1,0,1,114.233023157327,1,4.85923409559222,460,1,12.5979995727539,35.5769996643066,0.0224280003458261,0,110.156997680664,-88.3405,26.1886,9.93460077315259,63,63,63,63,61,63,0,8045,1.29563008188212,26,-88,0.001869,51,2023-08-07 09:16:47.000989,460,1.037,0.0011,"aoml_navis",1028.96874314729
"7901009",7,0,1,0.020559,1,-0.001869,1,114.238213230643,1,4.85917670063716,462,1,12.5520000457764,35.5690002441406,0.020558999851346,0,110.162002563477,-88.3405,26.1886,9.93460077315259,63,63,63,63,61,63,0,8045,1.29563008188212,26,-88,0.001869,51,2023-08-07 09:16:47.000989,462,1.037,0.0011,"aoml_navis",1028.98089697878
"7901009",7,0,1,0.026166,1,0.003738,1,115.38368456421,1,4.85911380353021,464,1,12.503999710083,35.5620002746582,0.0261659994721413,0,111.2666015625,-88.3405,26.1886,9.93460077315259,63,63,63,63,61,63,0,8045,1.29563008188212,26,-88,0.001869,51,2023-08-07 09:16:47.000989,464,1.037,0.0011,"aoml_navis",1028.99421626376
"7901009",7,0,1,0.022428,1,0,1,116.245331675012,1,4.85905606239725,466,1,12.4650001525879,35.5559997558594,0.0224280003458261,0,112.097503662109,-88.3405,26.1886,9.93460077315259,63,63,63,63,61,63,0,8045,1.29563008188212,26,-88,0.001869,51,2023-08-07 09:16:47.000989,466,1.037,0.0011,"aoml_navis",1029.0064440074
"7901009",7,0,1,0.024297,1,0.001869,1,117.237015439807,1,4.85899988274888,468,1,12.4200000762939,35.5480003356934,0.0242970008403063,0,113.053802490234,-88.3405,26.1886,9.93460077315259,63,63,63,63,61,63,0,8045,1.29563008188212,26,-88,0.001869,51,2023-08-07 09:16:47.000989,468,1.037,0.0011,"aoml_navis",1029.01834135698
"7901009",7,0,1,0.022428,1,0,1,117.910648980062,1,4.85894571438264,470,1,12.3769998550415,35.5400009155273,0.0224280003458261,0,113.703399658203,-88.3405,26.1886,9.93460077315259,63,63,63,63,61,63,0,8045,1.29563008188212,26,-88,0.001869,51,2023-08-07 09:16:47.000989,470,1.037,0.0011,"aoml_navis",1029.02981303122
"7901009",7,0,1,0.026166,1,0.003738,1,118.423864949353,1,4.85889932276048,472,1,12.3420000076294,35.5320014953613,0.0261659994721413,0,114.198303222656,-88.3405,26.1886,9.93460077315259,63,63,63,63,61,63,0,8045,1.29563008188212,26,-88,0.001869,51,2023-08-07 09:16:47.000989,472,1.037,0.0011,"aoml_navis",1029.03963796462
"7901009",7,0,1,0.029904,1,0.007476,1,119.081216216919,1,4.85880789668101,474,1,12.2410001754761,35.5190010070801,0.0299040004611015,0,114.83219909668,-88.3405,26.1886,9.93460077315259,63,63,63,63,61,63,0,8045,1.29563008188212,26,-88,0.001869,51,2023-08-07 09:16:47.000989,474,1.037,0.0011,"aoml_navis",1029.05900095689
"7901009",7,0,1,0.026166,1,0.003738,1,119.352389635977,1,4.85874752768075,476,1,12.1949996948242,35.5120010375977,0.0261659994721413,0,115.093696594238,-88.3405,26.1886,9.93460077315259,63,63,63,63,61,63,0,8045,1.29563008188212,26,-88,0.001869,51,2023-08-07 09:16:47.000989,476,1.037,0.0011,"aoml_navis",1029.07178681636
"7901009",7,0,1,0.026166,1,0.003738,1,119.518313748142,1,4.85869392826211,478,1,12.1560001373291,35.5050010681152,0.0261659994721413,0,115.253700256348,-88.3405,26.1886,9.93460077315259,63,63,63,63,61,63,0,8045,1.29563008188212,26,-88,0.001869,51,2023-08-07 09:16:47.000989,478,1.037,0.0011,"aoml_navis",1029.08313917778
"7901009",7,0,1,0.024297,1,0.001869,1,119.60542153352,1,4.85863230455242,480,1,12.0970001220703,35.4949989318848,0.0242970008403063,0,115.337699890137,-88.3405,26.1886,9.93460077315259,63,63,63,63,61,63,0,8045,1.29563008188212,26,-88,0.001869,51,2023-08-07 09:16:47.000989,480,1.037,0.0011,"aoml_navis",1029.09619139426
"7901009",7,0,1,0.024297,1,0.001869,1,119.66494914271,1,4.85857425941488,482,1,12.0570001602173,35.4889984130859,0.0242970008403063,0,115.39510345459,-88.3405,26.1886,9.93460077315259,63,63,63,63,61,63,0,8045,1.29563008188212,26,-88,0.001869,51,2023-08-07 09:16:47.000989,482,1.037,0.0011,"aoml_navis",1029.10848595369
"7901009",7,0,1,0.024297,1,0.001869,1,119.589558580779,1,4.85852590087774,484,1,12.0310001373291,35.484001159668,0.0242970008403063,0,115.322402954102,-88.3405,26.1886,9.93460077315259,63,63,63,63,61,63,0,8045,1.29563008188212,26,-88,0.001869,51,2023-08-07 09:16:47.000989,484,1.037,0.0011,"aoml_navis",1029.11872901546
"7901009",7,0,1,0.026166,1,0.003738,1,119.540300354461,1,4.85846768355765,486,1,11.9829998016357,35.476001739502,0.0261659994721413,0,115.27490234375,-88.3405,26.1886,9.93460077315259,63,63,63,63,61,63,0,8045,1.29563008188212,26,-88,0.001869,51,2023-08-07 09:16:47.000989,486,1.037,0.0011,"aoml_navis",1029.13106058549
"7901009",7,0,1,0.022428,1,0,1,119.356123957021,1,4.85840579505723,488,1,11.9309997558594,35.4679985046387,0.0224280003458261,0,115.097297668457,-88.3405,26.1886,9.93460077315259,63,63,63,63,61,63,0,8045,1.29563008188212,26,-88,0.001869,51,2023-08-07 09:16:47.000989,488,1.037,0.0011,"aoml_navis",1029.14417010757
"7901009",7,0,1,0.024297,1,0.001869,1,118.650242339273,1,4.85835366687857,490,1,11.8970003128052,35.4620018005371,0.0242970008403063,0,114.416603088379,-88.3405,26.1886,9.93460077315259,63,63,63,63,61,63,0,8045,1.29563008188212,26,-88,0.001869,51,2023-08-07 09:16:47.000989,490,1.037,0.0011,"aoml_navis",1029.15521241014
"7901009",7,0,1,0.024297,1,0.001869,1,117.335112572496,1,4.85828138853854,492,1,11.826000213623,35.4519996643066,0.0242970008403063,0,113.148399353027,-88.3405,26.1886,9.93460077315259,63,63,63,63,61,63,0,8045,1.29563008188212,26,-88,0.001869,51,2023-08-07 09:16:47.000989,492,1.037,0.0011,"aoml_navis",1029.17052350977
"7901009",7,0,1,0.026166,1,0.003738,1,115.82409709653,1,4.85821054407232,494,1,11.7679996490479,35.4449996948242,0.0261659994721413,0,111.691299438477,-88.3405,26.1886,9.93460077315259,63,63,63,63,61,63,0,8045,1.29563008188212,26,-88,0.001869,51,2023-08-07 09:16:47.000989,494,1.037,0.0011,"aoml_navis",1029.18553130652
"7901009",7,0,1,0.026166,1,0.003738,1,115.705152641909,1,4.8581446100248,496,1,11.7189998626709,35.4389991760254,0.0261659994721413,0,111.576599121094,-88.3405,26.1886,9.93460077315259,63,63,63,63,61,63,0,8045,1.29563008188212,26,-88,0.001869,51,2023-08-07 09:16:47.000989,496,1.037,0.0011,"aoml_navis",1029.19949926614
"7901009",7,0,1,0.024297,1,0.001869,1,115.621573473451,1,4.85807122497667,498,1,11.6579999923706,35.431999206543,0.0242970008403063,0,111.496002197266,-88.3405,26.1886,9.93460077315259,63,63,63,63,61,63,0,8045,1.29563008188212,26,-88,0.001869,51,2023-08-07 09:16:47.000989,498,1.037,0.0011,"aoml_navis",1029.21504614705
"7901009",7,0,1,0.026166,1,0.003738,1,115.428583445411,1,4.85802350665164,500,1,11.6440000534058,35.4300003051758,0.0261659994721413,0,111.309898376465,-88.3405,26.1886,9.93460077315259,63,63,63,63,61,63,0,8045,1.29563008188212,26,-88,0.001869,51,2023-08-07 09:16:47.000989,500,1.037,0.0011,"aoml_navis",1029.22515569428
"7901009",7,0,1,0.024297,1,0.001869,1,115.140502729591,1,4.85797866929956,502,1,11.6370000839233,35.4290008544922,0.0242970008403063,0,111.032096862793,-88.3405,26.1886,9.93460077315259,63,63,63,63,61,63,0,8045,1.29563008188212,26,-88,0.001869,51,2023-08-07 09:16:47.000989,502,1.037,0.0011,"aoml_navis",1029.23465506301
"7901009",7,0,1,0.028035,1,0.005607,1,114.533857528917,1,4.8579375645257,504,1,11.6339998245239,35.4280014038086,0.0280349999666214,0,110.44709777832,-88.3405,26.1886,9.93460077315259,63,63,63,63,61,63,0,8045,1.29563008188212,26,-88,0.001869,51,2023-08-07 09:16:47.000989,504,1.037,0.0011,"aoml_navis",1029.24336379119
"7901009",7,0,1,0.026166,1,0.003738,1,113.912488659889,1,4.85789733172522,506,1,11.6280002593994,35.4259986877441,0.0261659994721413,0,109.847900390625,-88.3405,26.1886,9.93460077315259,63,63,63,63,61,63,0,8045,1.29563008188212,26,-88,0.001869,51,2023-08-07 09:16:47.000989,506,1.037,0.0011,"aoml_navis",1029.25188792006
"7901009",7,0,1,0.026166,1,0.003738,1,113.394090528979,1,4.85784475084523,508,1,11.5970001220703,35.4210014343262,0.0261659994721413,0,109.347999572754,-88.3405,26.1886,9.93460077315259,63,63,63,63,61,63,0,8045,1.29563008188212,26,-88,0.001869,51,2023-08-07 09:16:47.000989,508,1.037,0.0011,"aoml_navis",1029.26302845105
"7901009",7,0,1,0.029904,1,0.007476,1,112.837217814937,1,4.85776122457709,510,1,11.5089998245239,35.4099998474121,0.0299040004611015,0,108.810997009277,-88.3405,26.1886,9.93460077315259,63,63,63,63,61,63,0,8045,1.29563008188212,26,-88,0.001869,51,2023-08-07 09:16:47.000989,510,1.037,0.0011,"aoml_navis",1029.28072600672
"7901009",7,0,1,0.024297,1,0.001869,1,112.673477331179,1,4.85768076826014,512,1,11.4200000762939,35.3979988098145,0.0242970008403063,0,108.653099060059,-88.3405,26.1886,9.93460077315259,63,63,63,63,61,63,0,8045,1.29563008188212,26,-88,0.001869,51,2023-08-07 09:16:47.000989,512,1.037,0.0011,"aoml_navis",1029.29777367623
"7901009",7,0,1,0.026166,1,0.003738,1,112.802477552849,1,4.85762658771527,514,1,11.3830003738403,35.3919982910156,0.0261659994721413,0,108.777496337891,-88.3405,26.1886,9.93460077315259,63,63,63,63,61,63,0,8045,1.29563008188212,26,-88,0.001869,51,2023-08-07 09:16:47.000989,514,1.037,0.0011,"aoml_navis",1029.30925416227
"7901009",7,0,1,0.024297,1,0.001869,1,113.098232614883,1,4.85757986827875,516,1,11.3620004653931,35.3880004882812,0.0242970008403063,0,109.062698364258,-88.3405,26.1886,9.93460077315259,63,63,63,63,61,63,0,8045,1.29563008188212,26,-88,0.001869,51,2023-08-07 09:16:47.000989,516,1.037,0.0011,"aoml_navis",1029.31915389622
"7901009",7,0,1,0.026166,1,0.003738,1,113.460461756185,1,4.85752109181331,518,1,11.3000001907349,35.3769989013672,0.0261659994721413,0,109.412002563477,-88.3405,26.1886,9.93460077315259,63,63,63,63,61,63,0,8045,1.29563008188212,26,-88,0.001869,51,2023-08-07 09:16:47.000989,518,1.037,0.0011,"aoml_navis",1029.33160875551
"7901009",7,0,1,0.026166,1,0.003738,1,113.740345953781,1,4.85742501273722,520,1,11.168999671936,35.359001159668,0.0261659994721413,0,109.681900024414,-88.3405,26.1886,9.93460077315259,63,63,63,63,61,63,0,8045,1.29563008188212,26,-88,0.001869,51,2023-08-07 09:16:47.000989,520,1.037,0.0011,"aoml_navis",1029.35196876718
"7901009",7,0,1,0.020559,1,-0.001869,1,113.746675311483,1,4.85735314488361,522,1,11.0880002975464,35.3470001220703,0.020558999851346,0,109.688003540039,-88.3405,26.1886,9.93460077315259,63,63,63,63,61,63,0,8045,1.29563008188212,26,-88,0.001869,51,2023-08-07 09:16:47.000989,522,1.037,0.0011,"aoml_navis",1029.36719873181
"7901009",7,0,1,0.026166,1,0.003738,1,113.67200471399,1,4.85728328942087,524,1,11.0170001983643,35.3370018005371,0.0261659994721413,0,109.615997314453,-88.3405,26.1886,9.93460077315259,63,63,63,63,61,63,0,8045,1.29563008188212,26,-88,0.001869,51,2023-08-07 09:16:47.000989,524,1.037,0.0011,"aoml_navis",1029.38200267009
"7901009",7,0,1,0.026166,1,0.003738,1,113.67646691117,1,4.85722697655539,526,1,10.9809999465942,35.3320007324219,0.0261659994721413,0,109.620300292969,-88.3405,26.1886,9.93460077315259,63,63,63,63,61,63,0,8045,1.29563008188212,26,-88,0.001869,51,2023-08-07 09:16:47.000989,526,1.037,0.0011,"aoml_navis",1029.39393693845
"7901009",7,0,1,0.024297,1,0.001869,1,113.656553169499,1,4.85717965352451,528,1,10.9630002975464,35.3289985656738,0.0242970008403063,0,109.601097106934,-88.3405,26.1886,9.93460077315259,63,63,63,63,61,63,0,8045,1.29563008188212,26,-88,0.001869,51,2023-08-07 09:16:47.000989,528,1.037,0.0011,"aoml_navis",1029.40396622387
"7901009",7,0,1,0.026166,1,0.003738,1,113.601487757489,1,4.85713313846723,530,1,10.9540004730225,35.3279991149902,0.0261659994721413,0,109.547996520996,-88.3405,26.1886,9.93460077315259,63,63,63,63,61,63,0,8045,1.29563008188212,26,-88,0.001869,51,2023-08-07 09:16:47.000989,530,1.037,0.0011,"aoml_navis",1029.41382446392
"7901009",7,0,1,0.022428,1,0,1,113.545599528978,1,4.85708311067037,532,1,10.9329996109009,35.3250007629395,0.0224280003458261,0,109.494102478027,-88.3405,26.1886,9.93460077315259,63,63,63,63,61,63,0,8045,1.29563008188212,26,-88,0.001869,51,2023-08-07 09:16:47.000989,532,1.037,0.0011,"aoml_navis",1029.42442739258
"7901009",7,0,1,0.028035,1,0.005607,1,113.521540058012,1,4.85703845924579,534,1,10.9219999313354,35.3230018615723,0.0280349999666214,0,109.470901489258,-88.3405,26.1886,9.93460077315259,63,63,63,63,61,63,0,8045,1.29563008188212,26,-88,0.001869,51,2023-08-07 09:16:47.000989,534,1.037,0.0011,"aoml_navis",1029.43389103335
"7901009",7,0,1,0.028035,1,0.005607,1,113.501523464279,1,4.85698937212551,536,1,10.9020004272461,35.3199996948242,0.0280349999666214,0,109.451599121094,-88.3405,26.1886,9.93460077315259,63,63,63,63,61,63,0,8045,1.29563008188212,26,-88,0.001869,51,2023-08-07 09:16:47.000989,536,1.037,0.0011,"aoml_navis",1029.44429499789
"7901009",7,0,1,0.026166,1,0.003738,1,113.434432272634,1,4.85693237593265,538,1,10.8610000610352,35.3139991760254,0.0261659994721413,0,109.386901855469,-88.3405,26.1886,9.93460077315259,63,63,63,63,61,63,0,8045,1.29563008188212,26,-88,0.001869,51,2023-08-07 09:16:47.000989,538,1.037,0.0011,"aoml_navis",1029.45637554607
"7901009",7,0,1,0.024297,1,0.001869,1,113.396582713575,1,4.85688248660754,540,1,10.8360004425049,35.310001373291,0.0242970008403063,0,109.350402832031,-88.3405,26.1886,9.93460077315259,63,63,63,63,61,63,0,8045,1.29563008188212,26,-88,0.001869,51,2023-08-07 09:16:47.000989,540,1.037,0.0011,"aoml_navis",1029.46695000077
"7901009",7,0,1,0.029904,1,0.007476,1,113.488461252321,1,4.85680792188417,542,1,10.7629995346069,35.3009986877441,0.0299040004611015,0,109.439002990723,-88.3405,26.1886,9.93460077315259,63,63,63,63,61,63,0,8045,1.29563008188212,26,-88,0.001869,51,2023-08-07 09:16:47.000989,542,1.037,0.0011,"aoml_navis",1029.482755015
"7901009",7,0,1,0.026166,1,0.003738,1,113.566233235088,1,4.85675723610254,544,1,10.7370004653931,35.2970008850098,0.0261659994721413,0,109.513999938965,-88.3405,26.1886,9.93460077315259,63,63,63,63,61,63,0,8045,1.29563008188212,26,-88,0.001869,51,2023-08-07 09:16:47.000989,544,1.037,0.0011,"aoml_navis",1029.49349883759
"7901009",7,0,1,0.028035,1,0.005607,1,113.580442643129,1,4.85670837534048,546,1,10.7130002975464,35.2929992675781,0.0280349999666214,0,109.527702331543,-88.3405,26.1886,9.93460077315259,63,63,63,63,61,63,0,8045,1.29563008188212,26,-88,0.001869,51,2023-08-07 09:16:47.000989,546,1.037,0.0011,"aoml_navis",1029.5038560246
"7901009",7,0,1,0.024297,1,0.001869,1,113.592887742711,1,4.85665773855629,548,1,10.6870002746582,35.2890014648438,0.0242970008403063,0,109.539703369141,-88.3405,26.1886,9.93460077315259,63,63,63,63,61,63,0,8045,1.29563008188212,26,-88,0.001869,51,2023-08-07 09:16:47.000989,548,1.037,0.0011,"aoml_navis",1029.51458990115
"7901009",7,0,1,0.028035,1,0.005607,1,113.587183409082,1,4.85660367457502,550,1,10.6529998779297,35.2840003967285,0.0280349999666214,0,109.534202575684,-88.3405,26.1886,9.93460077315259,63,63,63,63,61,63,0,8045,1.29563008188212,26,-88,0.001869,51,2023-08-07 09:16:47.000989,550,1.037,0.0011,"aoml_navis",1029.52605051462
"7901009",7,0,1,0.026166,1,0.003738,1,113.649709551484,1,4.85654876831549,552,1,10.6180000305176,35.2789993286133,0.0261659994721413,0,109.594497680664,-88.3405,26.1886,9.93460077315259,63,63,63,63,61,63,0,8045,1.29563008188212,26,-88,0.001869,51,2023-08-07 09:16:47.000989,552,1.037,0.0011,"aoml_navis",1029.53768993743
"7901009",7,0,1,0.026166,1,0.003738,1,113.685802713781,1,4.85650491627278,554,1,10.6160001754761,35.2789993286133,0.0261659994721413,0,109.629302978516,-88.3405,26.1886,9.93460077315259,63,63,63,63,61,63,0,8045,1.29563008188212,26,-88,0.001869,51,2023-08-07 09:16:47.000989,554,1.037,0.0011,"aoml_navis",1029.54698619709
"7901009",7,0,1,0.028035,1,0.005607,1,113.745425263337,1,4.85646749512901,556,1,10.6129999160767,35.2770004272461,0.0280349999666214,0,109.686798095703,-88.3405,26.1886,9.93460077315259,63,63,63,63,61,63,0,8045,1.29563008188212,26,-88,0.001869,51,2023-08-07 09:16:47.000989,556,1.037,0.0011,"aoml_navis",1029.5549192937
"7901009",7,0,1,0.024297,1,0.001869,1,114.01338653336,1,4.85640132700993,558,1,10.5570001602173,35.2700004577637,0.0242970008403063,0,109.945198059082,-88.3405,26.1886,9.93460077315259,63,63,63,63,61,63,0,8045,1.29563008188212,26,-88,0.001869,51,2023-08-07 09:16:47.000989,558,1.037,0.0011,"aoml_navis",1029.56894690548
"7901009",7,0,1,0.026166,1,0.003738,1,114.128288110748,1,4.85634691187637,560,1,10.5100002288818,35.2620010375977,0.0261659994721413,0,110.055999755859,-88.3405,26.1886,9.93460077315259,63,63,63,63,61,63,0,8045,1.29563008188212,26,-88,0.001869,51,2023-08-07 09:16:47.000989,560,1.037,0.0011,"aoml_navis",1029.58048317601
"7901009",7,0,1,0.026166,1,0.003738,1,114.302812237692,1,4.85627644621358,562,1,10.4530000686646,35.2560005187988,0.0261659994721413,0,110.224296569824,-88.3405,26.1886,9.93460077315259,63,63,63,63,61,63,0,8045,1.29563008188212,26,-88,0.001869,51,2023-08-07 09:16:47.000989,562,1.037,0.0011,"aoml_navis",1029.59542262024
"7901009",7,0,1,0.028035,1,0.005607,1,114.301261545055,1,4.85623340833604,564,1,10.4270000457764,35.25,0.0280349999666214,0,110.222801208496,-88.3405,26.1886,9.93460077315259,63,63,63,63,61,63,0,8045,1.29563008188212,26,-88,0.001869,51,2023-08-07 09:16:47.000989,564,1.037,0.0011,"aoml_navis",1029.60454730557
"7901009",7,0,1,0.024297,1,0.001869,1,114.369705636908,1,4.85618219571116,566,1,10.3999996185303,35.2459983825684,0.0242970008403063,0,110.288803100586,-88.3405,26.1886,9.93460077315259,63,63,63,63,61,63,0,8045,1.29563008188212,26,-88,0.001869,51,2023-08-07 09:16:47.000989,566,1.037,0.0011,"aoml_navis",1029.61540537253
"7901009",7,0,1,0.024297,1,0.001869,1,114.5278446391,1,4.85611260184524,568,1,10.3269996643066,35.2360000610352,0.0242970008403063,0,110.441299438477,-88.3405,26.1886,9.93460077315259,63,63,63,63,61,63,0,8045,1.29563008188212,26,-88,0.001869,51,2023-08-07 09:16:47.000989,568,1.037,0.0011,"aoml_navis",1029.63016098517
"7901009",7,0,1,0.029904,1,0.007476,1,114.554396294661,1,4.85605290728247,570,1,10.28600025177,35.2309989929199,0.0299040004611015,0,110.466903686523,-88.3405,26.1886,9.93460077315259,63,63,63,63,61,63,0,8045,1.29563008188212,26,-88,0.001869,51,2023-08-07 09:16:47.000989,570,1.037,0.0011,"aoml_navis",1029.64281803883
"7901009",7,0,1,0.020559,1,-0.001869,1,114.420308851738,1,4.85600969866405,572,1,10.2679996490479,35.2270011901855,0.020558999851346,0,110.337600708008,-88.3405,26.1886,9.93460077315259,63,63,63,63,61,63,0,8045,1.29563008188212,26,-88,0.001869,51,2023-08-07 09:16:47.000989,572,1.037,0.0011,"aoml_navis",1029.65197976758
"7901009",7,0,1,0.028035,1,0.005607,1,114.208963686361,1,4.85596214997415,574,1,10.2449998855591,35.2229995727539,0.0280349999666214,0,110.133796691895,-88.3405,26.1886,9.93460077315259,63,63,63,63,61,63,0,8045,1.29563008188212,26,-88,0.001869,51,2023-08-07 09:16:47.000989,574,1.037,0.0011,"aoml_navis",1029.66206193074
"7901009",7,0,1,0.029904,1,0.007476,1,114.018885162864,1,4.85589528399255,576,1,10.1829996109009,35.2150001525879,0.0299040004611015,0,109.950500488281,-88.3405,26.1886,9.93460077315259,63,63,63,63,61,63,0,8045,1.29563008188212,26,-88,0.001869,51,2023-08-07 09:16:47.000989,576,1.037,0.0011,"aoml_navis",1029.67624044169
"7901009",7,0,1,0.029904,1,0.007476,1,113.784002698532,1,4.85582579043526,578,1,10.1219997406006,35.2080001831055,0.0299040004611015,0,109.723999023438,-88.3405,26.1886,9.93460077315259,63,63,63,63,61,63,0,8045,1.29563008188212,26,-88,0.001869,51,2023-08-07 09:16:47.000989,578,1.037,0.0011,"aoml_navis",1029.69097652735
"7901009",7,0,1,0.028035,1,0.005607,1,113.772285475086,1,4.85574324369679,580,1,10.0329999923706,35.1980018615723,0.0280349999666214,0,109.712699890137,-88.3405,26.1886,9.93460077315259,63,63,63,63,61,63,0,8045,1.29563008188212,26,-88,0.001869,51,2023-08-07 09:16:47.000989,580,1.037,0.0011,"aoml_navis",1029.70848108381
"7901009",7,0,1,0.024297,1,0.001869,1,113.573385409291,1,4.85569807740115,582,1,10.0209999084473,35.1959991455078,0.0242970008403063,0,109.520896911621,-88.3405,26.1886,9.93460077315259,63,63,63,63,61,63,0,8045,1.29563008188212,26,-88,0.001869,51,2023-08-07 09:16:47.000989,582,1.037,0.0011,"aoml_navis",1029.71805913354
"7901009",7,0,1,0.024297,1,0.001869,1,113.354168105272,1,4.85565420802556,584,1,10.0190000534058,35.1959991455078,0.0242970008403063,0,109.309501647949,-88.3405,26.1886,9.93460077315259,63,63,63,63,61,63,0,8045,1.29563008188212,26,-88,0.001869,51,2023-08-07 09:16:47.000989,584,1.037,0.0011,"aoml_navis",1029.72736232655
"7901009",7,0,1,0.026166,1,0.003738,1,112.998165469609,1,4.85560947691711,586,1,10.0159997940063,35.1959991455078,0.0261659994721413,0,108.966201782227,-88.3405,26.1886,9.93460077315259,63,63,63,63,61,63,0,8045,1.29563008188212,26,-88,0.001869,51,2023-08-07 09:16:47.000989,586,1.037,0.0011,"aoml_navis",1029.7368484367
"7901009",7,0,1,0.026166,1,0.003738,1,112.641640661936,1,4.85556236769868,588,1,10.0059995651245,35.1949996948242,0.0261659994721413,0,108.622398376465,-88.3405,26.1886,9.93460077315259,63,63,63,63,61,63,0,8045,1.29563008188212,26,-88,0.001869,51,2023-08-07 09:16:47.000989,588,1.037,0.0011,"aoml_navis",1029.74683906074
"7901009",7,0,1,0.026166,1,0.003738,1,112.213878933324,1,4.85551461239825,590,1,9.99100017547607,35.193000793457,0.0261659994721413,0,108.209899902344,-88.3405,26.1886,9.93460077315259,63,63,63,63,61,63,0,8045,1.29563008188212,26,-88,0.001869,51,2023-08-07 09:16:47.000989,590,1.037,0.0011,"aoml_navis",1029.75696689962
"7901009",7,0,1,0.033642,1,0.011214,1,111.68687287594,1,4.85545738568923,592,1,9.96500015258789,35.1910018920898,0.0336420014500618,0,107.701698303223,-88.3405,26.1886,9.93460077315259,63,63,63,63,61,63,0,8045,1.29563008188212,26,-88,0.001869,51,2023-08-07 09:16:47.000989,592,1.037,0.0011,"aoml_navis",1029.76910367637
"7901009",7,0,1,0.026166,1,0.003738,1,111.412590159911,1,4.85539783993772,594,1,9.93200016021729,35.1879997253418,0.0261659994721413,0,107.437202453613,-88.3405,26.1886,9.93460077315259,63,63,63,63,61,63,0,8045,1.29563008188212,26,-88,0.001869,51,2023-08-07 09:16:47.000989,594,1.037,0.0011,"aoml_navis",1029.78173258489
"7901009",7,0,1,0.028035,1,0.005607,1,111.038335238974,1,4.85534903999085,596,1,9.92000007629395,35.1870002746582,0.0280349999666214,0,107.076301574707,-88.3405,26.1886,9.93460077315259,63,63,63,63,61,63,0,8045,1.29563008188212,26,-88,0.001869,51,2023-08-07 09:16:47.000989,596,1.037,0.0011,"aoml_navis",1029.79208267371
"7901009",7,0,1,0.024297,1,0.001869,1,110.596158398195,1,4.85529789446806,598,1,9.90100002288818,35.185001373291,0.0242970008403063,0,106.64990234375,-88.3405,26.1886,9.93460077315259,63,63,63,63,61,63,0,8045,1.29563008188212,26,-88,0.001869,51,2023-08-07 09:16:47.000989,598,1.037,0.0011,"aoml_navis",1029.80293046423
"7901009",7,0,1,0.026166,1,0.003738,1,110.477625351825,1,4.85524357472601,600,1,9.87399959564209,35.181999206543,0.0261659994721413,0,106.535598754883,-88.3405,26.1886,9.93460077315259,63,63,63,63,61,63,0,8045,1.29563008188212,26,-88,0.001869,51,2023-08-07 09:16:47.000989,600,1.037,0.0011,"aoml_navis",1029.81445174605
"7901009",7,0,1,0.026166,1,0.003738,1,110.43116786629,1,4.85516885188553,602,1,9.80599975585938,35.1749992370605,0.0261659994721413,0,106.490798950195,-88.3405,26.1886,9.93460077315259,63,63,63,63,61,63,0,8045,1.29563008188212,26,-88,0.001869,51,2023-08-07 09:16:47.000989,602,1.037,0.0011,"aoml_navis",1029.83030097053
"7901009",7,0,1,0.028035,1,0.005607,1,110.384607528692,1,4.85511401743998,604,1,9.77400016784668,35.1710014343262,0.0280349999666214,0,106.445899963379,-88.3405,26.1886,9.93460077315259,63,63,63,63,61,63,0,8045,1.29563008188212,26,-88,0.001869,51,2023-08-07 09:16:47.000989,604,1.037,0.0011,"aoml_navis",1029.84193204106
"7901009",7,0,1,0.026166,1,0.003738,1,110.320934190207,1,4.85507091825321,606,1,9.76000022888184,35.1679992675781,0.0261659994721413,0,106.384498596191,-88.3405,26.1886,9.93460077315259,63,63,63,63,61,63,0,8045,1.29563008188212,26,-88,0.001869,51,2023-08-07 09:16:47.000989,606,1.037,0.0011,"aoml_navis",1029.85107410108
"7901009",7,0,1,0.024297,1,0.001869,1,110.339495031669,1,4.85502269816434,608,1,9.73999977111816,35.1650009155273,0.0242970008403063,0,106.402397155762,-88.3405,26.1886,9.93460077315259,63,63,63,63,61,63,0,8045,1.29563008188212,26,-88,0.001869,51,2023-08-07 09:16:47.000989,608,1.037,0.0011,"aoml_navis",1029.86130258268
"7901009",7,0,1,0.028035,1,0.005607,1,110.52854503454,1,4.85496907085805,610,1,9.70499992370605,35.1599998474121,0.0280349999666214,0,106.584701538086,-88.3405,26.1886,9.93460077315259,63,63,63,63,61,63,0,8045,1.29563008188212,26,-88,0.001869,51,2023-08-07 09:16:47.000989,610,1.037,0.0011,"aoml_navis",1029.87267828594
"7901009",7,0,1,0.031773,1,0.009345,1,110.981814074692,1,4.85490812299131,612,1,9.6569995880127,35.1539993286133,0.0317730009555817,0,107.021797180176,-88.3405,26.1886,9.93460077315259,63,63,63,63,61,63,0,8045,1.29563008188212,26,-88,0.001869,51,2023-08-07 09:16:47.000989,612,1.037,0.0011,"aoml_navis",1029.8856071697
"7901009",7,0,1,0.026166,1,0.003738,1,111.68687287594,1,4.85483994340572,614,1,9.58300018310547,35.1440010070801,0.0261659994721413,0,107.701698303223,-88.3405,26.1886,9.93460077315259,63,63,63,63,61,63,0,8045,1.29563008188212,26,-88,0.001869,51,2023-08-07 09:16:47.000989,614,1.037,0.0011,"aoml_navis",1029.90007050417
"7901009",7,0,1,0.028035,1,0.005607,1,112.376480132696,1,4.85477959850125,616,1,9.51799964904785,35.1339988708496,0.0280349999666214,0,108.36669921875,-88.3405,26.1886,9.93460077315259,63,63,63,63,61,63,0,8045,1.29563008188212,26,-88,0.001869,51,2023-08-07 09:16:47.000989,616,1.037,0.0011,"aoml_navis",1029.91287216078
"7901009",7,0,1,0.026166,1,0.003738,1,113.007604124283,1,4.85470411854866,618,1,9.42599964141846,35.1220016479492,0.0261659994721413,0,108.975303649902,-88.3405,26.1886,9.93460077315259,63,63,63,63,61,63,0,8045,1.29563008188212,26,-88,0.001869,51,2023-08-07 09:16:47.000989,618,1.037,0.0011,"aoml_navis",1029.92888503672
"7901009",7,0,1,0.029904,1,0.007476,1,113.266229591696,1,4.85464040885103,620,1,9.37399959564209,35.1160011291504,0.0299040004611015,0,109.224700927734,-88.3405,26.1886,9.93460077315259,63,63,63,63,61,63,0,8045,1.29563008188212,26,-88,0.001869,51,2023-08-07 09:16:47.000989,620,1.037,0.0011,"aoml_navis",1029.94240127115
"7901009",7,0,1,0.026166,1,0.003738,1,113.400000566734,1,4.85459098748786,622,1,9.33899974822998,35.1100006103516,0.0261659994721413,0,109.353698730469,-88.3405,26.1886,9.93460077315259,63,63,63,63,61,63,0,8045,1.29563008188212,26,-88,0.001869,51,2023-08-07 09:16:47.000989,622,1.037,0.0011,"aoml_navis",1029.95288642996
"7901009",7,0,1,0.031773,1,0.009345,1,113.578053310597,1,4.85454177774352,624,1,9.3129997253418,35.1059989929199,0.0317730009555817,0,109.525398254395,-88.3405,26.1886,9.93460077315259,63,63,63,63,61,63,0,8045,1.29563008188212,26,-88,0.001869,51,2023-08-07 09:16:47.000989,624,1.037,0.0011,"aoml_navis",1029.96332690417
"7901009",7,0,1,0.022428,1,0,1,113.708097876287,1,4.85448460554918,626,1,9.27299976348877,35.101001739502,0.0224280003458261,0,109.650802612305,-88.3405,26.1886,9.93460077315259,63,63,63,63,61,63,0,8045,1.29563008188212,26,-88,0.001869,51,2023-08-07 09:16:47.000989,626,1.037,0.0011,"aoml_navis",1029.9754569794
"7901009",7,0,1,0.028035,1,0.005607,1,113.924103031272,1,4.85441329849067,628,1,9.20699977874756,35.0940017700195,0.0280349999666214,0,109.859100341797,-88.3405,26.1886,9.93460077315259,63,63,63,63,61,63,0,8045,1.29563008188212,26,-88,0.001869,51,2023-08-07 09:16:47.000989,628,1.037,0.0011,"aoml_navis",1029.99058641229
"7901009",7,0,1,0.029904,1,0.007476,1,114.122480925057,1,4.85436458676015,630,1,9.17700004577637,35.0890007019043,0.0299040004611015,0,110.050399780273,-88.3405,26.1886,9.93460077315259,63,63,63,63,61,63,0,8045,1.29563008188212,26,-88,0.001869,51,2023-08-07 09:16:47.000989,630,1.037,0.0011,"aoml_navis",1030.00092198206
"7901009",7,0,1,0.029904,1,0.007476,1,114.379967108083,1,4.85431059232105,632,1,9.14500045776367,35.0849990844727,0.0299040004611015,0,110.298698425293,-88.3405,26.1886,9.93460077315259,63,63,63,63,61,63,0,8045,1.29563008188212,26,-88,0.001869,51,2023-08-07 09:16:47.000989,632,1.037,0.0011,"aoml_navis",1030.01237867009
"7901009",7,0,1,0.031773,1,0.009345,1,114.637666906932,1,4.85424134858571,634,1,9.09000015258789,35.0800018310547,0.0317730009555817,0,110.547203063965,-88.3405,26.1886,9.93460077315259,63,63,63,63,61,63,0,8045,1.29563008188212,26,-88,0.001869,51,2023-08-07 09:16:47.000989,634,1.037,0.0011,"aoml_navis",1030.02707136858
"7901009",7,0,1,0.029904,1,0.007476,1,114.734102583223,1,4.85419157683317,636,1,9.0629997253418,35.076000213623,0.0299040004611015,0,110.640197753906,-88.3405,26.1886,9.93460077315259,63,63,63,63,61,63,0,8045,1.29563008188212,26,-88,0.001869,51,2023-08-07 09:16:47.000989,636,1.037,0.0011,"aoml_navis",1030.03763260245
"7901009",7,0,1,0.029904,1,0.007476,1,114.871924347191,1,4.85412253865849,638,1,9.00800037384033,35.0709991455078,0.0299040004611015,0,110.773101806641,-88.3405,26.1886,9.93460077315259,63,63,63,63,61,63,0,8045,1.29563008188212,26,-88,0.001869,51,2023-08-07 09:16:47.000989,638,1.037,0.0011,"aoml_navis",1030.05228240114
"7901009",7,0,1,0.028035,1,0.005607,1,114.91371393142,1,4.8540703871947,640,1,8.97799968719482,35.0670013427734,0.0280349999666214,0,110.813400268555,-88.3405,26.1886,9.93460077315259,63,63,63,63,61,63,0,8045,1.29563008188212,26,-88,0.001869,51,2023-08-07 09:16:47.000989,640,1.037,0.0011,"aoml_navis",1030.06334914102
"7901009",7,0,1,0.028035,1,0.005607,1,114.963280713926,1,4.85401585145599,642,1,8.95400047302246,35.064998626709,0.0280349999666214,0,110.861198425293,-88.3405,26.1886,9.93460077315259,63,63,63,63,61,63,0,8045,1.29563008188212,26,-88,0.001869,51,2023-08-07 09:16:47.000989,642,1.037,0.0011,"aoml_navis",1030.0749220875
"7901009",7,0,1,0.026166,1,0.003738,1,114.961935725415,1,4.85397030418801,644,1,8.94099998474121,35.0629997253418,0.0261659994721413,0,110.859901428223,-88.3405,26.1886,9.93460077315259,63,63,63,63,61,63,0,8045,1.29563008188212,26,-88,0.001869,51,2023-08-07 09:16:47.000989,644,1.037,0.0011,"aoml_navis",1030.08458780351
"7901009",7,0,1,0.028035,1,0.005607,1,114.890999448966,1,4.85391945565467,646,1,8.91699981689453,35.060001373291,0.0280349999666214,0,110.791496276855,-88.3405,26.1886,9.93460077315259,63,63,63,63,61,63,0,8045,1.29563008188212,26,-88,0.001869,51,2023-08-07 09:16:47.000989,646,1.037,0.0011,"aoml_navis",1030.09537873051
"7901009",7,0,1,0.028035,1,0.005607,1,114.847239852152,1,4.85386701382641,648,1,8.89099979400635,35.056999206543,0.0280349999666214,0,110.749298095703,-88.3405,26.1886,9.93460077315259,63,63,63,63,61,63,0,8045,1.29563008188212,26,-88,0.001869,51,2023-08-07 09:16:47.000989,648,1.037,0.0011,"aoml_navis",1030.10650801872
"7901009",7,0,1,0.029904,1,0.007476,1,114.890999448966,1,4.85380930697779,650,1,8.85400009155273,35.0530014038086,0.0299040004611015,0,110.791496276855,-88.3405,26.1886,9.93460077315259,63,63,63,63,61,63,0,8045,1.29563008188212,26,-88,0.001869,51,2023-08-07 09:16:47.000989,650,1.037,0.0011,"aoml_navis",1030.11875493585
"7901009",7,0,1,0.029904,1,0.007476,1,114.916720376329,1,4.85376138279958,652,1,8.83800029754639,35.0509986877441,0.0299040004611015,0,110.816299438477,-88.3405,26.1886,9.93460077315259,63,63,63,63,61,63,0,8045,1.29563008188212,26,-88,0.001869,51,2023-08-07 09:16:47.000989,652,1.037,0.0011,"aoml_navis",1030.12892593333
"7901009",7,0,1,0.031773,1,0.009345,1,114.979974394866,1,4.85370900675335,654,1,8.8120002746582,35.0480003356934,0.0317730009555817,0,110.877296447754,-88.3405,26.1886,9.93460077315259,63,63,63,63,61,63,0,8045,1.29563008188212,26,-88,0.001869,51,2023-08-07 09:16:47.000989,654,1.037,0.0011,"aoml_navis",1030.14004198503
"7901009",7,0,1,0.028035,1,0.005607,1,115.133761963638,1,4.85365748084346,656,1,8.78699970245361,35.0449981689453,0.0280349999666214,0,111.025596618652,-88.3405,26.1886,9.93460077315259,63,63,63,63,61,63,0,8045,1.29563008188212,26,-88,0.001869,51,2023-08-07 09:16:47.000989,656,1.037,0.0011,"aoml_navis",1030.15097784179
"7901009",7,0,1,0.028035,1,0.005607,1,115.281639494655,1,4.8536039147184,658,1,8.76399993896484,35.0429992675781,0.0280349999666214,0,111.168197631836,-88.3405,26.1886,9.93460077315259,63,63,63,63,61,63,0,8045,1.29563008188212,26,-88,0.001869,51,2023-08-07 09:16:47.000989,658,1.037,0.0011,"aoml_navis",1030.16234695989
"7901009",7,0,1,0.024297,1,0.001869,1,115.497652561337,1,4.8535580814264,660,1,8.74600028991699,35.0400009155273,0.0242970008403063,0,111.376502990723,-88.3405,26.1886,9.93460077315259,63,63,63,63,61,63,0,8045,1.29563008188212,26,-88,0.001869,51,2023-08-07 09:16:47.000989,660,1.037,0.0011,"aoml_navis",1030.17207502554
"7901009",7,0,1,0.024297,1,0.001869,1,115.863505259924,1,4.85350037196951,661.900024414062,1,8.69699954986572,35.0340003967285,0.0242970008403063,0,111.729301452637,-88.3405,26.1886,9.93460077315259,63,63,63,63,61,63,0,8045,1.29563008188212,26,-88,0.001869,51,2023-08-07 09:16:47.000989,661.900024414062,1.037,0.0011,"aoml_navis",1030.18432405539
"7901009",7,0,1,0.029904,1,0.007476,1,116.026209311358,1,4.85344049990596,664,1,8.65499973297119,35.0289993286133,0.0299040004611015,0,111.886199951172,-88.3405,26.1886,9.93460077315259,63,63,63,63,61,63,0,8045,1.29563008188212,26,-88,0.001869,51,2023-08-07 09:16:47.000989,664,1.037,0.0011,"aoml_navis",1030.19703241378
"7901009",7,0,1,0.028035,1,0.005607,1,116.092477686501,1,4.8533950914713,666,1,8.64200019836426,35.0270004272461,0.0280349999666214,0,111.950103759766,-88.3405,26.1886,9.93460077315259,63,63,63,63,61,63,0,8045,1.29563008188212,26,-88,0.001869,51,2023-08-07 09:16:47.000989,666,1.037,0.0011,"aoml_navis",1030.20667095212
"7901009",7,0,1,0.029904,1,0.007476,1,116.134884383107,1,4.85333857077643,668,1,8.60599994659424,35.0229988098145,0.0299040004611015,0,111.990997314453,-88.3405,26.1886,9.93460077315259,63,63,63,63,61,63,0,8045,1.29563008188212,26,-88,0.001869,51,2023-08-07 09:16:47.000989,668,1.037,0.0011,"aoml_navis",1030.21866846601
"7901009",7,0,1,0.026166,1,0.003738,1,115.975392480706,1,4.85328289071508,670,1,8.57100009918213,35.0190010070801,0.0261659994721413,0,111.837196350098,-88.3405,26.1886,9.93460077315259,63,63,63,63,61,63,0,8045,1.29563008188212,26,-88,0.001869,51,2023-08-07 09:16:47.000989,670,1.037,0.0011,"aoml_navis",1030.23048781385
"7901009",7,0,1,0.029904,1,0.007476,1,115.726102815904,1,4.853222331223,672,1,8.53899955749512,35.0169982910156,0.0299040004611015,0,111.596801757812,-88.3405,26.1886,9.93460077315259,63,63,63,63,61,63,0,8045,1.29563008188212,26,-88,0.001869,51,2023-08-07 09:16:47.000989,672,1.037,0.0011,"aoml_navis",1030.24334323872
"7901009",7,0,1,0.029904,1,0.007476,1,115.479708832251,1,4.8531789013492,674,1,8.53299999237061,35.015998840332,0.0299040004611015,0,111.359199523926,-88.3405,26.1886,9.93460077315259,63,63,63,63,61,63,0,8045,1.29563008188212,26,-88,0.001869,51,2023-08-07 09:16:47.000989,674,1.037,0.0011,"aoml_navis",1030.25256262652
"7901009",7,0,1,0.028035,1,0.005607,1,115.497438945514,1,4.85311566101552,676,1,8.49300003051758,35.0130004882812,0.0280349999666214,0,111.37629699707,-88.3405,26.1886,9.93460077315259,63,63,63,63,61,63,0,8045,1.29563008188212,26,-88,0.001869,51,2023-08-07 09:16:47.000989,676,1.037,0.0011,"aoml_navis",1030.26598771679
"7901009",7,0,1,0.026166,1,0.003738,1,115.623543486036,1,4.853045032134,678,1,8.43900012969971,35.0089988708496,0.0261659994721413,0,111.497901916504,-88.3405,26.1886,9.93460077315259,63,63,63,63,61,63,0,8045,1.29563008188212,26,-88,0.001869,51,2023-08-07 09:16:47.000989,678,1.037,0.0011,"aoml_navis",1030.28098171209
"7901009",7,0,1,0.026166,1,0.003738,1,115.663157353555,1,4.85299624204367,680,1,8.41699981689453,35.0060005187988,0.0261659994721413,0,111.536102294922,-88.3405,26.1886,9.93460077315259,63,63,63,63,61,63,0,8045,1.29563008188212,26,-88,0.001869,51,2023-08-07 09:16:47.000989,680,1.037,0.0011,"aoml_navis",1030.29133974652
"7901009",7,0,1,0.028035,1,0.005607,1,115.830323602169,1,4.85293717203394,682,1,8.38199996948242,35.0029983520508,0.0280349999666214,0,111.697303771973,-88.3405,26.1886,9.93460077315259,63,63,63,63,61,63,0,8045,1.29563008188212,26,-88,0.001869,51,2023-08-07 09:16:47.000989,682,1.037,0.0011,"aoml_navis",1030.30388046512
"7901009",7,0,1,0.029904,1,0.007476,1,115.997070530836,1,4.85287677936715,684,1,8.33600044250488,34.9980010986328,0.0299040004611015,0,111.858100891113,-88.3405,26.1886,9.93460077315259,63,63,63,63,61,63,0,8045,1.29563008188212,26,-88,0.001869,51,2023-08-07 09:16:47.000989,684,1.037,0.0011,"aoml_navis",1030.31670230293
"7901009",7,0,1,0.028035,1,0.005607,1,116.106576330783,1,4.85281387920276,686,1,8.29599952697754,34.9949989318848,0.0280349999666214,0,111.96369934082,-88.3405,26.1886,9.93460077315259,63,63,63,63,61,63,0,8045,1.29563008188212,26,-88,0.001869,51,2023-08-07 09:16:47.000989,686,1.037,0.0011,"aoml_navis",1030.33005684146
"7901009",7,0,1,0.028035,1,0.005607,1,116.218154995378,1,4.85275496974841,688,1,8.26099967956543,34.992000579834,0.0280349999666214,0,112.071296691895,-88.3405,26.1886,9.93460077315259,63,63,63,63,61,63,0,8045,1.29563008188212,26,-88,0.001869,51,2023-08-07 09:16:47.000989,688,1.037,0.0011,"aoml_navis",1030.34256441331
"7901009",7,0,1,0.029904,1,0.007476,1,116.327043682948,1,4.85271000738025,690,1,8.25300025939941,34.9910011291504,0.0299040004611015,0,112.176300048828,-88.3405,26.1886,9.93460077315259,63,63,63,63,61,63,0,8045,1.29563008188212,26,-88,0.001869,51,2023-08-07 09:16:47.000989,690,1.037,0.0011,"aoml_navis",1030.35211096392
"7901009",7,0,1,0.028035,1,0.005607,1,116.509867180179,1,4.8526543139322,692,1,8.22200012207031,34.9879989624023,0.0280349999666214,0,112.352600097656,-88.3405,26.1886,9.93460077315259,63,63,63,63,61,63,0,8045,1.29563008188212,26,-88,0.001869,51,2023-08-07 09:16:47.000989,692,1.037,0.0011,"aoml_navis",1030.36393621626
"7901009",7,0,1,0.033642,1,0.011214,1,116.603510027385,1,4.85260335391441,694,1,8.19699954986572,34.9850006103516,0.0336420014500618,0,112.442901611328,-88.3405,26.1886,9.93460077315259,63,63,63,63,61,63,0,8045,1.29563008188212,26,-88,0.001869,51,2023-08-07 09:16:47.000989,694,1.037,0.0011,"aoml_navis",1030.37475666885
"7901009",7,0,1,0.029904,1,0.007476,1,116.690412108637,1,4.85255683849401,696,1,8.1870002746582,34.984001159668,0.0299040004611015,0,112.526702880859,-88.3405,26.1886,9.93460077315259,63,63,63,63,61,63,0,8045,1.29563008188212,26,-88,0.001869,51,2023-08-07 09:16:47.000989,696,1.037,0.0011,"aoml_navis",1030.3846335887
"7901009",7,0,1,0.031773,1,0.009345,1,116.721520901744,1,4.85251032601797,698,1,8.17700004577637,34.9830017089844,0.0317730009555817,0,112.556701660156,-88.3405,26.1886,9.93460077315259,63,63,63,63,61,63,0,8045,1.29563008188212,26,-88,0.001869,51,2023-08-07 09:16:47.000989,698,1.037,0.0011,"aoml_navis",1030.3945100727
"7901009",7,0,1,0.029904,1,0.007476,1,116.895633620437,1,4.85245863797615,700,1,8.15100002288818,34.9799995422363,0.0299040004611015,0,112.724601745605,-88.3405,26.1886,9.93460077315259,63,63,63,63,61,63,0,8045,1.29563008188212,26,-88,0.001869,51,2023-08-07 09:16:47.000989,700,1.037,0.0011,"aoml_navis",1030.40548576121
"7901009",7,0,1,0.026166,1,0.003738,1,117.113403083881,1,4.85239132752624,702,1,8.10499954223633,34.9770011901855,0.0261659994721413,0,112.934600830078,-88.3405,26.1886,9.93460077315259,63,63,63,63,61,63,0,8045,1.29563008188212,26,-88,0.001869,51,2023-08-07 09:16:47.000989,702,1.037,0.0011,"aoml_navis",1030.41977913785
"7901009",7,0,1,0.029904,1,0.007476,1,117.142019692393,1,4.85234228398448,704,1,8.08699989318848,34.9749984741211,0.0299040004611015,0,112.962196350098,-88.3405,26.1886,9.93460077315259,63,63,63,63,61,63,0,8045,1.29563008188212,26,-88,0.001869,51,2023-08-07 09:16:47.000989,704,1.037,0.0011,"aoml_navis",1030.43019378556
"7901009",7,0,1,0.029904,1,0.007476,1,117.225187452601,1,4.85228878482938,706,1,8.06799983978271,34.9739990234375,0.0299040004611015,0,113.04239654541,-88.3405,26.1886,9.93460077315259,63,63,63,63,61,63,0,8045,1.29563008188212,26,-88,0.001869,51,2023-08-07 09:16:47.000989,706,1.037,0.0011,"aoml_navis",1030.44155484571
"7901009",7,0,1,0.033642,1,0.011214,1,117.324534633436,1,4.85223663509134,708,1,8.04599952697754,34.9720001220703,0.0336420014500618,0,113.138198852539,-88.3405,26.1886,9.93460077315259,63,63,63,63,61,63,0,8045,1.29563008188212,26,-88,0.001869,51,2023-08-07 09:16:47.000989,708,1.037,0.0011,"aoml_navis",1030.4526295853
"7901009",7,0,1,0.033642,1,0.011214,1,117.359797067535,1,4.8521845043316,710,1,8.02400016784668,34.9700012207031,0.0336420014500618,0,113.172203063965,-88.3405,26.1886,9.93460077315259,63,63,63,63,61,63,0,8045,1.29563008188212,26,-88,0.001869,51,2023-08-07 09:16:47.000989,710,1.037,0.0011,"aoml_navis",1030.4637005325
"7901009",7,0,1,0.026166,1,0.003738,1,117.436738322103,1,4.85212153039671,712,1,7.98799991607666,34.9679985046387,0.0261659994721413,0,113.246398925781,-88.3405,26.1886,9.93460077315259,63,63,63,63,61,63,0,8045,1.29563008188212,26,-88,0.001869,51,2023-08-07 09:16:47.000989,712,1.037,0.0011,"aoml_navis",1030.47707454912
"7901009",7,0,1,0.026166,1,0.003738,1,117.56563569171,1,4.85206112212339,714,1,7.96000003814697,34.9669990539551,0.0261659994721413,0,113.370697021484,-88.3405,26.1886,9.93460077315259,63,63,63,63,61,63,0,8045,1.29563008188212,26,-88,0.001869,51,2023-08-07 09:16:47.000989,714,1.037,0.0011,"aoml_navis",1030.48990401256
"7901009",7,0,1,0.029904,1,0.007476,1,117.765777893954,1,4.85201371024572,716,1,7.94399976730347,34.9650001525879,0.0299040004611015,0,113.563697814941,-88.3405,26.1886,9.93460077315259,63,63,63,63,61,63,0,8045,1.29563008188212,26,-88,0.001869,51,2023-08-07 09:16:47.000989,716,1.037,0.0011,"aoml_navis",1030.49997353507
"7901009",7,0,1,0.029904,1,0.007476,1,118.116906924186,1,4.85195683017854,718,1,7.91099977493286,34.9620018005371,0.0299040004611015,0,113.902297973633,-88.3405,26.1886,9.93460077315259,63,63,63,63,61,63,0,8045,1.29563008188212,26,-88,0.001869,51,2023-08-07 09:16:47.000989,718,1.037,0.0011,"aoml_navis",1030.51205420886
"7901009",7,0,1,0.028035,1,0.005607,1,118.52549069896,1,4.85190019371356,720,1,7.88299989700317,34.9599990844727,0.0280349999666214,0,114.29630279541,-88.3405,26.1886,9.93460077315259,63,63,63,63,61,63,0,8045,1.29563008188212,26,-88,0.001869,51,2023-08-07 09:16:47.000989,720,1.037,0.0011,"aoml_navis",1030.52408342577
"7901009",7,0,1,0.029904,1,0.007476,1,118.961757501985,1,4.8518472483221,722,1,7.85500001907349,34.9570007324219,0.0299040004611015,0,114.717002868652,-88.3405,26.1886,9.93460077315259,63,63,63,63,61,63,0,8045,1.29563008188212,26,-88,0.001869,51,2023-08-07 09:16:47.000989,722,1.037,0.0011,"aoml_navis",1030.53532893665
"7901009",7,0,1,0.031773,1,0.009345,1,119.36629048783,1,4.85178879051903,724,1,7.81500005722046,34.9529991149902,0.0317730009555817,0,115.10710144043,-88.3405,26.1886,9.93460077315259,63,63,63,63,61,63,0,8045,1.29563008188212,26,-88,0.001869,51,2023-08-07 09:16:47.000989,724,1.037,0.0011,"aoml_navis",1030.54774555945
"7901009",7,0,1,0.031773,1,0.009345,1,119.593910014199,1,4.85173071121453,726,1,7.78499984741211,34.951000213623,0.0317730009555817,0,115.326599121094,-88.3405,26.1886,9.93460077315259,63,63,63,63,61,63,0,8045,1.29563008188212,26,-88,0.001869,51,2023-08-07 09:16:47.000989,726,1.037,0.0011,"aoml_navis",1030.56008208427
"7901009",7,0,1,0.028035,1,0.005607,1,119.700203665112,1,4.85167803444573,728,1,7.76200008392334,34.9490013122559,0.0280349999666214,0,115.429100036621,-88.3405,26.1886,9.93460077315259,63,63,63,63,61,63,0,8045,1.29563008188212,26,-88,0.001869,51,2023-08-07 09:16:47.000989,728,1.037,0.0011,"aoml_navis",1030.57127132122
"7901009",7,0,1,0.028035,1,0.005607,1,119.788553586939,1,4.8516292214176,730,1,7.74399995803833,34.9469985961914,0.0280349999666214,0,115.514297485352,-88.3405,26.1886,9.93460077315259,63,63,63,63,61,63,0,8045,1.29563008188212,26,-88,0.001869,51,2023-08-07 09:16:47.000989,730,1.037,0.0011,"aoml_navis",1030.58164006586
"7901009",7,0,1,0.026166,1,0.003738,1,119.987145096546,1,4.851561286883,732,1,7.70100021362305,34.9449996948242,0.0261659994721413,0,115.70580291748,-88.3405,26.1886,9.93460077315259,63,63,63,63,61,63,0,8045,1.29563008188212,26,-88,0.001869,51,2023-08-07 09:16:47.000989,732,1.037,0.0011,"aoml_navis",1030.59607090161
"7901009",7,0,1,0.028035,1,0.005607,1,120.453587112416,1,4.85149495392733,734,1,7.65999984741211,34.943000793457,0.0280349999666214,0,116.155601501465,-88.3405,26.1886,9.93460077315259,63,63,63,63,61,63,0,8045,1.29563008188212,26,-88,0.001869,51,2023-08-07 09:16:47.000989,734,1.037,0.0011,"aoml_navis",1030.61016191565
"7901009",7,0,1,0.031773,1,0.009345,1,120.796938944371,1,4.85143529637,736,1,7.61800003051758,34.9389991760254,0.0317730009555817,0,116.486701965332,-88.3405,26.1886,9.93460077315259,63,63,63,63,61,63,0,8045,1.29563008188212,26,-88,0.001869,51,2023-08-07 09:16:47.000989,736,1.037,0.0011,"aoml_navis",1030.62283521356
"7901009",7,0,1,0.031773,1,0.009345,1,121.097148291888,1,4.85137062347172,738,1,7.5789999961853,34.9370002746582,0.0317730009555817,0,116.77619934082,-88.3405,26.1886,9.93460077315259,63,63,63,63,61,63,0,8045,1.29563008188212,26,-88,0.001869,51,2023-08-07 09:16:47.000989,738,1.037,0.0011,"aoml_navis",1030.63657429288
"7901009",7,0,1,0.029904,1,0.007476,1,121.271988886717,1,4.85131585892521,740,1,7.55299997329712,34.935001373291,0.0299040004611015,0,116.944801330566,-88.3405,26.1886,9.93460077315259,63,63,63,63,61,63,0,8045,1.29563008188212,26,-88,0.001869,51,2023-08-07 09:16:47.000989,740,1.037,0.0011,"aoml_navis",1030.64820873315
"7901009",7,0,1,0.028035,1,0.005607,1,121.447035185671,1,4.85126048525149,742,1,7.5310001373291,34.9339981079102,0.0280349999666214,0,117.11360168457,-88.3405,26.1886,9.93460077315259,63,63,63,63,61,63,0,8045,1.29563008188212,26,-88,0.001869,51,2023-08-07 09:16:47.000989,742,1.037,0.0011,"aoml_navis",1030.65997284638
"7901009",7,0,1,0.028035,1,0.005607,1,121.492250534757,1,4.85121429601544,744,1,7.52600002288818,34.9339981079102,0.0280349999666214,0,117.157203674316,-88.3405,26.1886,9.93460077315259,63,63,63,63,61,63,0,8045,1.29563008188212,26,-88,0.001869,51,2023-08-07 09:16:47.000989,744,1.037,0.0011,"aoml_navis",1030.6697859352
"7901009",7,0,1,0.028035,1,0.005607,1,121.572403938359,1,4.85117113576258,746,1,7.52500009536743,34.9339981079102,0.0280349999666214,0,117.234497070312,-88.3405,26.1886,9.93460077315259,63,63,63,63,61,63,0,8045,1.29563008188212,26,-88,0.001869,51,2023-08-07 09:16:47.000989,746,1.037,0.0011,"aoml_navis",1030.67895567325
"7901009",7,0,1,0.028035,1,0.005607,1,121.664701797053,1,4.85113165358898,748,1,7.52400016784668,34.9329986572266,0.0280349999666214,0,117.323501586914,-88.3405,26.1886,9.93460077315259,63,63,63,63,61,63,0,8045,1.29563008188212,26,-88,0.001869,51,2023-08-07 09:16:47.000989,748,1.037,0.0011,"aoml_navis",1030.6873441171
"7901009",7,0,1,0.028035,1,0.005607,1,121.830934465407,1,4.85108698329356,750,1,7.52099990844727,34.9329986572266,0.0280349999666214,0,117.48380279541,-88.3405,26.1886,9.93460077315259,63,63,63,63,61,63,0,8045,1.29563008188212,26,-88,0.001869,51,2023-08-07 09:16:47.000989,750,1.037,0.0011,"aoml_navis",1030.69683500198
"7901009",7,0,1,0.031773,1,0.009345,1,122.105525737624,1,4.85104890964842,752,1,7.51700019836426,34.9309997558594,0.0317730009555817,0,117.748596191406,-88.3405,26.1886,9.93460077315259,63,63,63,63,61,63,0,8045,1.29563008188212,26,-88,0.001869,51,2023-08-07 09:16:47.000989,752,1.037,0.0011,"aoml_navis",1030.70492446599
"7901009",7,0,1,0.028035,1,0.005607,1,122.591778643102,1,4.85098351982124,754,1,7.47200012207031,34.9280014038086,0.0280349999666214,0,118.217498779297,-88.3405,26.1886,9.93460077315259,63,63,63,63,61,63,0,8045,1.29563008188212,26,-88,0.001869,51,2023-08-07 09:16:47.000989,754,1.037,0.0011,"aoml_navis",1030.71881806439
"7901009",7,0,1,0.029904,1,0.007476,1,122.812554551456,1,4.8509250081189,756,1,7.43599987030029,34.9249992370605,0.0299040004611015,0,118.430397033691,-88.3405,26.1886,9.93460077315259,63,63,63,63,61,63,0,8045,1.29563008188212,26,-88,0.001869,51,2023-08-07 09:16:47.000989,756,1.037,0.0011,"aoml_navis",1030.73125056182
"7901009",7,0,1,0.029904,1,0.007476,1,122.892407310567,1,4.85088016292979,758,1,7.4229998588562,34.9230003356934,0.0299040004611015,0,118.507400512695,-88.3405,26.1886,9.93460077315259,63,63,63,63,61,63,0,8045,1.29563008188212,26,-88,0.001869,51,2023-08-07 09:16:47.000989,758,1.037,0.0011,"aoml_navis",1030.74077941768
"7901009",7,0,1,0.029904,1,0.007476,1,122.904852410149,1,4.85083098146603,760,1,7.41400003433228,34.9230003356934,0.0299040004611015,0,118.519401550293,-88.3405,26.1886,9.93460077315259,63,63,63,63,61,63,0,8045,1.29563008188212,26,-88,0.001869,51,2023-08-07 09:16:47.000989,760,1.037,0.0011,"aoml_navis",1030.75122986225
"7901009",7,0,1,0.028035,1,0.005607,1,122.913871744875,1,4.85078330787903,762,1,7.40700006484985,34.9230003356934,0.0280349999666214,0,118.528099060059,-88.3405,26.1886,9.93460077315259,63,63,63,63,61,63,0,8045,1.29563008188212,26,-88,0.001869,51,2023-08-07 09:16:47.000989,762,1.037,0.0011,"aoml_navis",1030.76136010417
"7901009",7,0,1,0.028035,1,0.005607,1,123.038211976937,1,4.85073939885264,764,1,7.40500020980835,34.9230003356934,0.0280349999666214,0,118.648002624512,-88.3405,26.1886,9.93460077315259,63,63,63,63,61,63,0,8045,1.29563008188212,26,-88,0.001869,51,2023-08-07 09:16:47.000989,764,1.037,0.0011,"aoml_navis",1030.77069058434
"7901009",7,0,1,0.033642,1,0.011214,1,123.233891982,1,4.8506796154794,766,1,7.3769998550415,34.9220008850098,0.0336420014500618,0,118.836700439453,-88.3405,26.1886,9.93460077315259,63,63,63,63,61,63,0,8045,1.29563008188212,26,-88,0.001869,51,2023-08-07 09:16:47.000989,766,1.037,0.0011,"aoml_navis",1030.78339456683
"7901009",7,0,1,0.028035,1,0.005607,1,123.414223294636,1,4.85062961948823,768,1,7.36199998855591,34.9210014343262,0.0280349999666214,0,119.010597229004,-88.3405,26.1886,9.93460077315259,63,63,63,63,61,63,0,8045,1.29563008188212,26,-88,0.001869,51,2023-08-07 09:16:47.000989,768,1.037,0.0011,"aoml_navis",1030.79401896852
"7901009",7,0,1,0.029904,1,0.007476,1,123.523942710405,1,4.85057295447277,770,1,7.34299993515015,34.9210014343262,0.0299040004611015,0,119.116401672363,-88.3405,26.1886,9.93460077315259,63,63,63,63,61,63,0,8045,1.29563008188212,26,-88,0.001869,51,2023-08-07 09:16:47.000989,770,1.037,0.0011,"aoml_navis",1030.80606083647
"7901009",7,0,1,0.029904,1,0.007476,1,123.718174874894,1,4.85051480408391,772,1,7.32200002670288,34.9210014343262,0.0299040004611015,0,119.303703308105,-88.3405,26.1886,9.93460077315259,63,63,63,63,61,63,0,8045,1.29563008188212,26,-88,0.001869,51,2023-08-07 09:16:47.000989,772,1.037,0.0011,"aoml_navis",1030.81841865326
"7901009",7,0,1,0.028035,1,0.005607,1,123.847380800689,1,4.85046865033425,774,1,7.31699991226196,34.9210014343262,0.0280349999666214,0,119.428298950195,-88.3405,26.1886,9.93460077315259,63,63,63,63,61,63,0,8045,1.29563008188212,26,-88,0.001869,51,2023-08-07 09:16:47.000989,774,1.037,0.0011,"aoml_navis",1030.82822721789
"7901009",7,0,1,0.031773,1,0.009345,1,124.141062998076,1,4.85041720318711,776,1,7.30000019073486,34.9199981689453,0.0317730009555817,0,119.711502075195,-88.3405,26.1886,9.93460077315259,63,63,63,63,61,63,0,8045,1.29563008188212,26,-88,0.001869,51,2023-08-07 09:16:47.000989,776,1.037,0.0011,"aoml_navis",1030.83916095189
"7901009",7,0,1,0.031773,1,0.009345,1,124.464192532172,1,4.85035977071178,778,1,7.27500009536743,34.9189987182617,0.0317730009555817,0,120.023101806641,-88.3405,26.1886,9.93460077315259,63,63,63,63,61,63,0,8045,1.29563008188212,26,-88,0.001869,51,2023-08-07 09:16:47.000989,778,1.037,0.0011,"aoml_navis",1030.8513669835
"7901009",7,0,1,0.033642,1,0.011214,1,124.842284626216,1,4.85029932289092,780,1,7.24100017547607,34.9169998168945,0.0336420014500618,0,120.387702941895,-88.3405,26.1886,9.93460077315259,63,63,63,63,61,63,0,8045,1.29563008188212,26,-88,0.001869,51,2023-08-07 09:16:47.000989,780,1.037,0.0011,"aoml_navis",1030.86421417387
"7901009",7,0,1,0.026166,1,0.003738,1,125.155350481566,1,4.8502456244715,782,1,7.21600008010864,34.9150009155273,0.0261659994721413,0,120.689598083496,-88.3405,26.1886,9.93460077315259,63,63,63,63,61,63,0,8045,1.29563008188212,26,-88,0.001869,51,2023-08-07 09:16:47.000989,782,1.037,0.0011,"aoml_navis",1030.87562715854
"7901009",7,0,1,0.026166,1,0.003738,1,125.437624011694,1,4.85020092686965,784,1,7.20800018310547,34.9140014648438,0.0261659994721413,0,120.961799621582,-88.3405,26.1886,9.93460077315259,63,63,63,63,61,63,0,8045,1.29563008188212,26,-88,0.001869,51,2023-08-07 09:16:47.000989,784,1.037,0.0011,"aoml_navis",1030.88512731513
"7901009",7,0,1,0.033642,1,0.011214,1,125.986300207511,1,4.85015247973005,786,1,7.19000005722046,34.9119987487793,0.0336420014500618,0,121.490898132324,-88.3405,26.1886,9.93460077315259,63,63,63,63,61,63,0,8045,1.29563008188212,26,-88,0.001869,51,2023-08-07 09:16:47.000989,786,1.037,0.0011,"aoml_navis",1030.895424607
"7901009",7,0,1,0.024297,1,0.001869,1,126.614726310378,1,4.85009214392344,788,1,7.1560001373291,34.9099998474121,0.0242970008403063,0,122.096900939941,-88.3405,26.1886,9.93460077315259,63,63,63,63,61,63,0,8045,1.29563008188212,26,-88,0.001869,51,2023-08-07 09:16:47.000989,788,1.037,0.0011,"aoml_navis",1030.90824908644
"7901009",7,0,1,0.029904,1,0.007476,1,127.149509566039,1,4.8500185244105,790,1,7.10400009155273,34.9080009460449,0.0299040004611015,0,122.612602233887,-88.3405,26.1886,9.93460077315259,63,63,63,63,61,63,0,8045,1.29563008188212,26,-88,0.001869,51,2023-08-07 09:16:47.000989,790,1.037,0.0011,"aoml_navis",1030.92389747269
"7901009",7,0,1,0.031773,1,0.009345,1,127.407201453191,1,4.84996275656764,792,1,7.07600021362305,34.9059982299805,0.0317730009555817,0,122.861099243164,-88.3405,26.1886,9.93460077315259,63,63,63,63,61,63,0,8045,1.29563008188212,26,-88,0.001869,51,2023-08-07 09:16:47.000989,792,1.037,0.0011,"aoml_navis",1030.9357516672
"7901009",7,0,1,0.028035,1,0.005607,1,127.550513934965,1,4.84990775521458,794,1,7.05399990081787,34.9049987792969,0.0280349999666214,0,122.999298095703,-88.3405,26.1886,9.93460077315259,63,63,63,63,61,63,0,8045,1.29563008188212,26,-88,0.001869,51,2023-08-07 09:16:47.000989,794,1.037,0.0011,"aoml_navis",1030.94744320117
"7901009",7,0,1,0.031773,1,0.009345,1,127.553520379873,1,4.84986015767473,796,1,7.04699993133545,34.9049987792969,0.0317730009555817,0,123.002197265625,-88.3405,26.1886,9.93460077315259,63,63,63,63,61,63,0,8045,1.29563008188212,26,-88,0.001869,51,2023-08-07 09:16:47.000989,796,1.037,0.0011,"aoml_navis",1030.95756113456
"7901009",7,0,1,0.031773,1,0.009345,1,127.511833647707,1,4.84981256244897,798,1,7.03999996185303,34.9049987792969,0.0317730009555817,0,122.96199798584,-88.3405,26.1886,9.93460077315259,63,63,63,63,61,63,0,8045,1.29563008188212,26,-88,0.001869,51,2023-08-07 09:16:47.000989,798,1.037,0.0011,"aoml_navis",1030.96767877462
"7901009",7,0,1,0.029904,1,0.007476,1,127.361677547917,1,4.8497642320247,800,1,7.03200006484985,34.9049987792969,0.0299040004611015,0,122.817199707031,-88.3405,26.1886,9.93460077315259,63,63,63,63,61,63,0,8045,1.29563008188212,26,-88,0.001869,51,2023-08-07 09:16:47.000989,800,1.037,0.0011,"aoml_navis",1030.97795290403
"7901009",7,0,1,0.033642,1,0.011214,1,127.080440450113,1,4.8497151765397,802,1,7.02799987792969,34.9059982299805,0.0336420014500618,0,122.545997619629,-88.3405,26.1886,9.93460077315259,63,63,63,63,61,63,0,8045,1.29563008188212,26,-88,0.001869,51,2023-08-07 09:16:47.000989,802,1.037,0.0011,"aoml_navis",1030.98838137697
"7901009",7,0,1,0.031773,1,0.009345,1,126.982968341497,1,4.84966538260353,804,1,7.02799987792969,34.9080009460449,0.0317730009555817,0,122.452003479004,-88.3405,26.1886,9.93460077315259,63,63,63,63,61,63,0,8045,1.29563008188212,26,-88,0.001869,51,2023-08-07 09:16:47.000989,804,1.037,0.0011,"aoml_navis",1030.99896704951
"7901009",7,0,1,0.033642,1,0.011214,1,127.10989569852,1,4.8496200086004,806,1,7.02400016784668,34.9080009460449,0.0336420014500618,0,122.574401855469,-88.3405,26.1886,9.93460077315259,63,63,63,63,61,63,0,8045,1.29563008188212,26,-88,0.001869,51,2023-08-07 09:16:47.000989,806,1.037,0.0011,"aoml_navis",1031.00861327958
"7901009",7,0,1,0.029904,1,0.007476,1,127.164541790582,1,4.84957389841172,808,1,7.01900005340576,34.9080009460449,0.0299040004611015,0,122.627098083496,-88.3405,26.1886,9.93460077315259,63,63,63,63,61,63,0,8045,1.29563008188212,26,-88,0.001869,51,2023-08-07 09:16:47.000989,808,1.037,0.0011,"aoml_navis",1031.01841620303
"7901009",7,0,1,0.029904,1,0.007476,1,127.280171244106,1,4.84952999194946,810,1,7.01200008392334,34.9070014953613,0.0299040004611015,0,122.73860168457,-88.3405,26.1886,9.93460077315259,63,63,63,63,61,63,0,8045,1.29563008188212,26,-88,0.001869,51,2023-08-07 09:16:47.000989,810,1.037,0.0011,"aoml_navis",1031.02775079241
"7901009",7,0,1,0.029904,1,0.007476,1,127.366139745097,1,4.84948388556216,812,1,7.00699996948242,34.9070014953613,0.0299040004611015,0,122.821502685547,-88.3405,26.1886,9.93460077315259,63,63,63,63,61,63,0,8045,1.29563008188212,26,-88,0.001869,51,2023-08-07 09:16:47.000989,812,1.037,0.0011,"aoml_navis",1031.03755327159
"7901009",7,0,1,0.031773,1,0.009345,1,127.664893340342,1,4.84943556924043,814,1,6.99900007247925,34.9070014953613,0.0317730009555817,0,123.109596252441,-88.3405,26.1886,9.93460077315259,63,63,63,63,61,63,0,8045,1.29563008188212,26,-88,0.001869,51,2023-08-07 09:16:47.000989,814,1.037,0.0011,"aoml_navis",1031.04782579535
"7901009",7,0,1,0.028035,1,0.005607,1,128.078556424673,1,4.84937989597616,816,1,6.97599983215332,34.9059982299805,0.0280349999666214,0,123.508499145508,-88.3405,26.1886,9.93460077315259,63,63,63,63,61,63,0,8045,1.29563008188212,26,-88,0.001869,51,2023-08-07 09:16:47.000989,816,1.037,0.0011,"aoml_navis",1031.05966273107
"7901009",7,0,1,0.028035,1,0.005607,1,128.405008871563,1,4.84931981768485,818,1,6.94700002670288,34.9049987792969,0.0280349999666214,0,123.823303222656,-88.3405,26.1886,9.93460077315259,63,63,63,63,61,63,0,8045,1.29563008188212,26,-88,0.001869,51,2023-08-07 09:16:47.000989,818,1.037,0.0011,"aoml_navis",1031.07243654371
"7901009",7,0,1,0.024297,1,0.001869,1,128.633356274068,1,4.84926196750845,820,1,6.92600011825562,34.9049987792969,0.0242970008403063,0,124.043502807617,-88.3405,26.1886,9.93460077315259,63,63,63,63,61,63,0,8045,1.29563008188212,26,-88,0.001869,51,2023-08-07 09:16:47.000989,820,1.037,0.0011,"aoml_navis",1031.08473691492
"7901009",7,0,1,0.028035,1,0.005607,1,128.78755525109,1,4.84921367174981,822,1,6.91800022125244,34.9049987792969,0.0280349999666214,0,124.192199707031,-88.3405,26.1886,9.93460077315259,63,63,63,63,61,63,0,8045,1.29563008188212,26,-88,0.001869,51,2023-08-07 09:16:47.000989,822,1.037,0.0011,"aoml_navis",1031.09500600657
"7901009",7,0,1,0.029904,1,0.007476,1,128.995886059861,1,4.84916685422984,824,1,6.90700006484985,34.9039993286133,0.0299040004611015,0,124.393096923828,-88.3405,26.1886,9.93460077315259,63,63,63,63,61,63,0,8045,1.29563008188212,26,-88,0.001869,51,2023-08-07 09:16:47.000989,824,1.037,0.0011,"aoml_navis",1031.10496097667
"7901009",7,0,1,0.028035,1,0.005607,1,129.273080280433,1,4.8491163750062,826,1,6.89099979400635,34.9029998779297,0.0280349999666214,0,124.660400390625,-88.3405,26.1886,9.93460077315259,63,63,63,63,61,63,0,8045,1.29563008188212,26,-88,0.001869,51,2023-08-07 09:16:47.000989,826,1.037,0.0011,"aoml_navis",1031.11569476276
"7901009",7,0,1,0.031773,1,0.009345,1,129.677510414215,1,4.84904905166095,828,1,6.85699987411499,34.9029998779297,0.0317730009555817,0,125.050399780273,-88.3405,26.1886,9.93460077315259,63,63,63,63,61,63,0,8045,1.29563008188212,26,-88,0.001869,51,2023-08-07 09:16:47.000989,828,1.037,0.0011,"aoml_navis",1031.13001059194
"7901009",7,0,1,0.033642,1,0.011214,1,129.973162624186,1,4.84898177464531,830,1,6.82299995422363,34.9029998779297,0.0336420014500618,0,125.335502624512,-88.3405,26.1886,9.93460077315259,63,63,63,63,61,63,0,8045,1.29563008188212,26,-88,0.001869,51,2023-08-07 09:16:47.000989,830,1.037,0.0011,"aoml_navis",1031.14431696657
"7901009",7,0,1,0.031773,1,0.009345,1,130.256472586638,1,4.84892256198933,832,1,6.80000019073486,34.9029998779297,0.0317730009555817,0,125.608703613281,-88.3405,26.1886,9.93460077315259,63,63,63,63,61,63,0,8045,1.29563008188212,26,-88,0.001869,51,2023-08-07 09:16:47.000989,832,1.037,0.0011,"aoml_navis",1031.1569087935
"7901009",7,0,1,0.028035,1,0.005607,1,130.433069578229,1,4.848860456109,834,1,6.77299976348877,34.9029998779297,0.0280349999666214,0,125.778999328613,-88.3405,26.1886,9.93460077315259,63,63,63,63,61,63,0,8045,1.29563008188212,26,-88,0.001869,51,2023-08-07 09:16:47.000989,834,1.037,0.0011,"aoml_navis",1031.17011620753
"7901009",7,0,1,0.029904,1,0.007476,1,130.546729019168,1,4.8488158762649,836,1,6.7649998664856,34.9020004272461,0.0299040004611015,0,125.888603210449,-88.3405,26.1886,9.93460077315259,63,63,63,63,61,63,0,8045,1.29563008188212,26,-88,0.001869,51,2023-08-07 09:16:47.000989,836,1.037,0.0011,"aoml_navis",1031.17959674962
"7901009",7,0,1,0.029904,1,0.007476,1,130.644620447731,1,4.84876616636948,838,1,6.75500011444092,34.9020004272461,0.0299040004611015,0,125.983001708984,-88.3405,26.1886,9.93460077315259,63,63,63,63,61,63,0,8045,1.29563008188212,26,-88,0.001869,51,2023-08-07 09:16:47.000989,838,1.037,0.0011,"aoml_navis",1031.19016847615
"7901009",7,0,1,0.029904,1,0.007476,1,130.832523254518,1,4.84871137049194,840,1,6.73799991607666,34.9020004272461,0.0299040004611015,0,126.164199829102,-88.3405,26.1886,9.93460077315259,63,63,63,63,61,63,0,8045,1.29563008188212,26,-88,0.001869,51,2023-08-07 09:16:47.000989,840,1.037,0.0011,"aoml_navis",1031.20182208179
"7901009",7,0,1,0.029904,1,0.007476,1,130.937155449034,1,4.84866094353997,842,1,6.72700023651123,34.9020004272461,0.0299040004611015,0,126.265098571777,-88.3405,26.1886,9.93460077315259,63,63,63,63,61,63,0,8045,1.29563008188212,26,-88,0.001869,51,2023-08-07 09:16:47.000989,842,1.037,0.0011,"aoml_navis",1031.21254676751
"7901009",7,0,1,0.031773,1,0.009345,1,131.077667190025,1,4.84860979445991,844,1,6.71500015258789,34.9020004272461,0.0317730009555817,0,126.400596618652,-88.3405,26.1886,9.93460077315259,63,63,63,63,61,63,0,8045,1.29563008188212,26,-88,0.001869,51,2023-08-07 09:16:47.000989,844,1.037,0.0011,"aoml_navis",1031.22342526162
"7901009",7,0,1,0.033642,1,0.011214,1,131.233116215194,1,4.84855279569527,846,1,6.69999980926514,34.9029998779297,0.0336420014500618,0,126.550498962402,-88.3405,26.1886,9.93460077315259,63,63,63,63,61,63,0,8045,1.29563008188212,26,-88,0.001869,51,2023-08-07 09:16:47.000989,846,1.037,0.0011,"aoml_navis",1031.23554814938
"7901009",7,0,1,0.029904,1,0.007476,1,131.388976648613,1,4.84851041331512,848,1,6.69500017166138,34.9020004272461,0.0299040004611015,0,126.700798034668,-88.3405,26.1886,9.93460077315259,63,63,63,63,61,63,0,8045,1.29563008188212,26,-88,0.001869,51,2023-08-07 09:16:47.000989,848,1.037,0.0011,"aoml_navis",1031.24456250911
"7901009",7,0,1,0.031773,1,0.009345,1,131.579680196183,1,4.84846435484881,850,1,6.69000005722046,34.9020004272461,0.0317730009555817,0,126.884696960449,-88.3405,26.1886,9.93460077315259,63,63,63,63,61,63,0,8045,1.29563008188212,26,-88,0.001869,51,2023-08-07 09:16:47.000989,850,1.037,0.0011,"aoml_navis",1031.25435891875
"7901009",7,0,1,0.031773,1,0.009345,1,131.855632280306,1,4.84840814739195,852,1,6.6710000038147,34.9020004272461,0.0317730009555817,0,127.150802612305,-88.3405,26.1886,9.93460077315259,63,63,63,63,61,63,0,8045,1.29563008188212,26,-88,0.001869,51,2023-08-07 09:16:47.000989,852,1.037,0.0011,"aoml_navis",1031.26631422101
"7901009",7,0,1,0.028035,1,0.005607,1,132.040528642184,1,4.84834760997381,854,1,6.64599990844727,34.9020004272461,0.0280349999666214,0,127.3291015625,-88.3405,26.1886,9.93460077315259,63,63,63,63,61,63,0,8045,1.29563008188212,26,-88,0.001869,51,2023-08-07 09:16:47.000989,854,1.037,0.0011,"aoml_navis",1031.27919081425
"7901009",7,0,1,0.026166,1,0.003738,1,132.174402469285,1,4.84830445406354,856,1,6.64499998092651,34.9020004272461,0.0261659994721413,0,127.458198547363,-88.3405,26.1886,9.93460077315259,63,63,63,63,61,63,0,8045,1.29563008188212,26,-88,0.001869,51,2023-08-07 09:16:47.000989,856,1.037,0.0011,"aoml_navis",1031.28837047544
"7901009",7,0,1,0.033642,1,0.011214,1,132.355153101868,1,4.8482540630009,858,1,6.63399982452393,34.9020004272461,0.0336420014500618,0,127.632499694824,-88.3405,26.1886,9.93460077315259,63,63,63,63,61,63,0,8045,1.29563008188212,26,-88,0.001869,51,2023-08-07 09:16:47.000989,858,1.037,0.0011,"aoml_navis",1031.29908932726
"7901009",7,0,1,0.026166,1,0.003738,1,132.555706712362,1,4.84821386392012,860,1,6.63199996948242,34.9010009765625,0.0261659994721413,0,127.825897216797,-88.3405,26.1886,9.93460077315259,63,63,63,63,61,63,0,8045,1.29563008188212,26,-88,0.001869,51,2023-08-07 09:16:47.000989,860,1.037,0.0011,"aoml_navis",1031.30764036823
"7901009",7,0,1,0.031773,1,0.009345,1,132.90133711309,1,4.84815841708658,862,1,6.61399984359741,34.9010009765625,0.0317730009555817,0,128.159194946289,-88.3405,26.1886,9.93460077315259,63,63,63,63,61,63,0,8045,1.29563008188212,26,-88,0.001869,51,2023-08-07 09:16:47.000989,862,1.037,0.0011,"aoml_navis",1031.31943510309
"7901009",7,0,1,0.028035,1,0.005607,1,133.175730592879,1,4.84810803855777,864,1,6.60300016403198,34.9010009765625,0.0280349999666214,0,128.423797607422,-88.3405,26.1886,9.93460077315259,63,63,63,63,61,63,0,8045,1.29563008188212,26,-88,0.001869,51,2023-08-07 09:16:47.000989,864,1.037,0.0011,"aoml_navis",1031.33015193436
"7901009",7,0,1,0.031773,1,0.009345,1,133.567312130526,1,4.84805484412556,866,1,6.58300018310547,34.9000015258789,0.0317730009555817,0,128.801406860352,-88.3405,26.1886,9.93460077315259,63,63,63,63,61,63,0,8045,1.29563008188212,26,-88,0.001869,51,2023-08-07 09:16:47.000989,866,1.037,0.0011,"aoml_navis",1031.34146802373
"7901009",7,0,1,0.028035,1,0.005607,1,133.905473889165,1,4.84798137954516,868.099975585938,1,6.5479998588562,34.9010009765625,0.0280349999666214,0,129.127502441406,-88.3405,26.1886,9.93460077315259,63,63,63,63,61,63,0,8045,1.29563008188212,26,-88,0.001869,51,2023-08-07 09:16:47.000989,868.099975585938,1.037,0.0011,"aoml_navis",1031.35709660442
"7901009",7,0,1,0.026166,1,0.003738,1,134.093170991827,1,4.84793610424069,870,1,6.53599977493286,34.9000015258789,0.0261659994721413,0,129.308502197266,-88.3405,26.1886,9.93460077315259,63,63,63,63,61,63,0,8045,1.29563008188212,26,-88,0.001869,51,2023-08-07 09:16:47.000989,870,1.037,0.0011,"aoml_navis",1031.36672853966
"7901009",7,0,1,0.028035,1,0.005607,1,134.335617038613,1,4.84788431580608,872,1,6.52299976348877,34.9000015258789,0.0280349999666214,0,129.542297363281,-88.3405,26.1886,9.93460077315259,63,63,63,63,61,63,0,8045,1.29563008188212,26,-88,0.001869,51,2023-08-07 09:16:47.000989,872,1.037,0.0011,"aoml_navis",1031.37774630842
"7901009",7,0,1,0.031773,1,0.009345,1,134.586671011874,1,4.84783325246409,874,1,6.51100015640259,34.9000015258789,0.0317730009555817,0,129.784393310547,-88.3405,26.1886,9.93460077315259,63,63,63,63,61,63,0,8045,1.29563008188212,26,-88,0.001869,51,2023-08-07 09:16:47.000989,874,1.037,0.0011,"aoml_navis",1031.3886100473
"7901009",7,0,1,0.028035,1,0.005607,1,134.822392116102,1,4.84777860169796,876,1,6.49399995803833,34.9000015258789,0.0280349999666214,0,130.011703491211,-88.3405,26.1886,9.93460077315259,63,63,63,63,61,63,0,8045,1.29563008188212,26,-88,0.001869,51,2023-08-07 09:16:47.000989,876,1.037,0.0011,"aoml_navis",1031.40023726511
"7901009",7,0,1,0.033642,1,0.011214,1,134.946510820644,1,4.84772171911176,878,1,6.47900009155273,34.9010009765625,0.0336420014500618,0,130.131393432617,-88.3405,26.1886,9.93460077315259,63,63,63,63,61,63,0,8045,1.29563008188212,26,-88,0.001869,51,2023-08-07 09:16:47.000989,878,1.037,0.0011,"aoml_navis",1031.412339592
"7901009",7,0,1,0.031773,1,0.009345,1,135.036941518816,1,4.84768009167817,880,1,6.47499990463257,34.9000015258789,0.0317730009555817,0,130.218597412109,-88.3405,26.1886,9.93460077315259,63,63,63,63,61,63,0,8045,1.29563008188212,26,-88,0.001869,51,2023-08-07 09:16:47.000989,880,1.037,0.0011,"aoml_navis",1031.42119641585
"7901009",7,0,1,0.028035,1,0.005607,1,135.243832398709,1,4.8476369419174,882,1,6.47399997711182,34.9000015258789,0.0280349999666214,0,130.418106079102,-88.3405,26.1886,9.93460077315259,63,63,63,63,61,63,0,8045,1.29563008188212,26,-88,0.001869,51,2023-08-07 09:16:47.000989,882,1.037,0.0011,"aoml_navis",1031.43037729685
"7901009",7,0,1,0.029904,1,0.007476,1,135.559081882466,1,4.84757801004192,884,1,6.45100021362305,34.9000015258789,0.0299040004611015,0,130.722106933594,-88.3405,26.1886,9.93460077315259,63,63,63,63,61,63,0,8045,1.29563008188212,26,-88,0.001869,51,2023-08-07 09:16:47.000989,884,1.037,0.0011,"aoml_navis",1031.4429163682
"7901009",7,0,1,0.031773,1,0.009345,1,135.750924714423,1,4.84752626015545,886,1,6.43800020217896,34.9000015258789,0.0317730009555817,0,130.907104492188,-88.3405,26.1886,9.93460077315259,63,63,63,63,61,63,0,8045,1.29563008188212,26,-88,0.001869,51,2023-08-07 09:16:47.000989,886,1.037,0.0011,"aoml_navis",1031.45392756256
"7901009",7,0,1,0.029904,1,0.007476,1,135.984667894369,1,4.84747666432961,888,1,6.42799997329712,34.9000015258789,0.0299040004611015,0,131.132507324219,-88.3405,26.1886,9.93460077315259,63,63,63,63,61,63,0,8045,1.29563008188212,26,-88,0.001869,51,2023-08-07 09:16:47.000989,888,1.037,0.0011,"aoml_navis",1031.46448064263
"7901009",7,0,1,0.028035,1,0.005607,1,136.278761500006,1,4.84742349360166,890,1,6.41300010681152,34.9000015258789,0.0280349999666214,0,131.416107177734,-88.3405,26.1886,9.93460077315259,63,63,63,63,61,63,0,8045,1.29563008188212,26,-88,0.001869,51,2023-08-07 09:16:47.000989,890,1.037,0.0011,"aoml_navis",1031.475794636
"7901009",7,0,1,0.033642,1,0.011214,1,136.608932444546,1,4.84737033040829,892,1,6.39799976348877,34.9000015258789,0.0336420014500618,0,131.734497070312,-88.3405,26.1886,9.93460077315259,63,63,63,63,61,63,0,8045,1.29563008188212,26,-88,0.001869,51,2023-08-07 09:16:47.000989,892,1.037,0.0011,"aoml_navis",1031.48710727428
"7901009",7,0,1,0.029904,1,0.007476,1,137.010261193054,1,4.84730635492946,894,1,6.3730001449585,34.9010009765625,0.0299040004611015,0,132.121505737305,-88.3405,26.1886,9.93460077315259,63,63,63,63,61,63,0,8045,1.29563008188212,26,-88,0.001869,51,2023-08-07 09:16:47.000989,894,1.037,0.0011,"aoml_navis",1031.50072099636
"7901009",7,0,1,0.028035,1,0.005607,1,137.360037323077,1,4.84725974520942,896,1,6.36199998855591,34.9000015258789,0.0280349999666214,0,132.458801269531,-88.3405,26.1886,9.93460077315259,63,63,63,63,61,63,0,8045,1.29563008188212,26,-88,0.001869,51,2023-08-07 09:16:47.000989,896,1.037,0.0011,"aoml_navis",1031.51063958178
"7901009",7,0,1,0.033642,1,0.011214,1,137.833947981037,1,4.84720732238597,898,1,6.34800004959106,34.9000015258789,0.0336420014500618,0,132.915802001953,-88.3405,26.1886,9.93460077315259,63,63,63,63,61,63,0,8045,1.29563008188212,26,-88,0.001869,51,2023-08-07 09:16:47.000989,898,1.037,0.0011,"aoml_navis",1031.52179542814
"7901009",7,0,1,0.031773,1,0.009345,1,138.402435066462,1,4.84715348084209,900,1,6.33199977874756,34.9000015258789,0.0317730009555817,0,133.464004516602,-88.3405,26.1886,9.93460077315259,63,63,63,63,61,63,0,8045,1.29563008188212,26,-88,0.001869,51,2023-08-07 09:16:47.000989,900,1.037,0.0011,"aoml_navis",1031.53325343669
"7901009",7,0,1,0.028035,1,0.005607,1,138.988549413089,1,4.84709253119753,902,1,6.30600023269653,34.9000015258789,0.0280349999666214,0,134.029205322266,-88.3405,26.1886,9.93460077315259,63,63,63,63,61,63,0,8045,1.29563008188212,26,-88,0.001869,51,2023-08-07 09:16:47.000989,902,1.037,0.0011,"aoml_navis",1031.54622442594
"7901009",7,0,1,0.028035,1,0.005607,1,139.196975162226,1,4.84704667195154,904,1,6.2960000038147,34.898998260498,0.0280349999666214,0,134.230194091797,-88.3405,26.1886,9.93460077315259,63,63,63,63,61,63,0,8045,1.29563008188212,26,-88,0.001869,51,2023-08-07 09:16:47.000989,904,1.037,0.0011,"aoml_navis",1031.5559841694
"7901009",7,0,1,0.031773,1,0.009345,1,139.458614986244,1,4.84700649123508,906,1,6.29400014877319,34.8979988098145,0.0317730009555817,0,134.482498168945,-88.3405,26.1886,9.93460077315259,63,63,63,63,61,63,0,8045,1.29563008188212,26,-88,0.001869,51,2023-08-07 09:16:47.000989,906,1.037,0.0011,"aoml_navis",1031.56453556264
"7901009",7,0,1,0.029904,1,0.007476,1,139.845417858826,1,4.84695339049835,908,1,6.27899980545044,34.8979988098145,0.0299040004611015,0,134.855499267578,-88.3405,26.1886,9.93460077315259,63,63,63,63,61,63,0,8045,1.29563008188212,26,-88,0.001869,51,2023-08-07 09:16:47.000989,908,1.037,0.0011,"aoml_navis",1031.57583685489
"7901009",7,0,1,0.026166,1,0.003738,1,140.199244777778,1,4.84689235983857,910,1,6.25799989700317,34.898998260498,0.0261659994721413,0,135.196701049805,-88.3405,26.1886,9.93460077315259,63,63,63,63,61,63,0,8045,1.29563008188212,26,-88,0.001869,51,2023-08-07 09:16:47.000989,910,1.037,0.0011,"aoml_navis",1031.58882615799
"7901009",7,0,1,0.031773,1,0.009345,1,140.567376045138,1,4.84683998777049,912,1,6.24399995803833,34.898998260498,0.0317730009555817,0,135.551696777344,-88.3405,26.1886,9.93460077315259,63,63,63,63,61,63,0,8045,1.29563008188212,26,-88,0.001869,51,2023-08-07 09:16:47.000989,912,1.037,0.0011,"aoml_navis",1031.59997289285
"7901009",7,0,1,0.029904,1,0.007476,1,140.882736292655,1,4.84678691368405,914,1,6.22900009155273,34.898998260498,0.0299040004611015,0,135.855804443359,-88.3405,26.1886,9.93460077315259,63,63,63,63,61,63,0,8045,1.29563008188212,26,-88,0.001869,51,2023-08-07 09:16:47.000989,914,1.037,0.0011,"aoml_navis",1031.61126928922
"7901009",7,0,1,0.031773,1,0.009345,1,141.044403911766,1,4.84673172255112,916,1,6.21099996566772,34.898998260498,0.0317730009555817,0,136.011703491211,-88.3405,26.1886,9.93460077315259,63,63,63,63,61,63,0,8045,1.29563008188212,26,-88,0.001869,51,2023-08-07 09:16:47.000989,916,1.037,0.0011,"aoml_navis",1031.62301654448
"7901009",7,0,1,0.031773,1,0.009345,1,141.046888184664,1,4.84667992847936,918,1,6.20300006866455,34.9000015258789,0.0317730009555817,0,136.014099121094,-88.3405,26.1886,9.93460077315259,63,63,63,63,61,63,0,8045,1.29563008188212,26,-88,0.001869,51,2023-08-07 09:16:47.000989,918,1.037,0.0011,"aoml_navis",1031.63404098953
"7901009",7,0,1,0.031773,1,0.009345,1,141.219964471033,1,4.84663041326745,920,1,6.19299983978271,34.9000015258789,0.0317730009555817,0,136.180999755859,-88.3405,26.1886,9.93460077315259,63,63,63,63,61,63,0,8045,1.29563008188212,26,-88,0.001869,51,2023-08-07 09:16:47.000989,920,1.037,0.0011,"aoml_navis",1031.64458059618
"7901009",7,0,1,0.029904,1,0.007476,1,141.304999391763,1,4.84658160935745,922,1,6.18400001525879,34.9000015258789,0.0299040004611015,0,136.263000488281,-88.3405,26.1886,9.93460077315259,63,63,63,63,61,63,0,8045,1.29563008188212,26,-88,0.001869,51,2023-08-07 09:16:47.000989,922,1.037,0.0011,"aoml_navis",1031.65496900874
"7901009",7,0,1,0.026166,1,0.003738,1,141.535008250665,1,4.84651767683142,924,1,6.16400003433228,34.9020004272461,0.0261659994721413,0,136.484802246094,-88.3405,26.1886,9.93460077315259,63,63,63,63,61,63,0,8045,1.29563008188212,26,-88,0.001869,51,2023-08-07 09:16:47.000989,924,1.037,0.0011,"aoml_navis",1031.66857801887
"7901009",7,0,1,0.031773,1,0.009345,1,141.735775476981,1,4.84646026014996,926,1,6.14799976348877,34.9029998779297,0.0317730009555817,0,136.678405761719,-88.3405,26.1886,9.93460077315259,63,63,63,63,61,63,0,8045,1.29563008188212,26,-88,0.001869,51,2023-08-07 09:16:47.000989,926,1.037,0.0011,"aoml_navis",1031.68080033845
"7901009",7,0,1,0.026166,1,0.003738,1,141.885828724709,1,4.84641217586222,928,1,6.1399998664856,34.9029998779297,0.0261659994721413,0,136.823104858398,-88.3405,26.1886,9.93460077315259,63,63,63,63,61,63,0,8045,1.29563008188212,26,-88,0.001869,51,2023-08-07 09:16:47.000989,928,1.037,0.0011,"aoml_navis",1031.69103628922
"7901009",7,0,1,0.031773,1,0.009345,1,142.027068341835,1,4.84636550549441,930,1,6.13399982452393,34.9029998779297,0.0317730009555817,0,136.95930480957,-88.3405,26.1886,9.93460077315259,63,63,63,63,61,63,0,8045,1.29563008188212,26,-88,0.001869,51,2023-08-07 09:16:47.000989,930,1.037,0.0011,"aoml_navis",1031.7009714458
"7901009",7,0,1,0.029904,1,0.007476,1,142.326130493269,1,4.84631883712228,932,1,6.12799978256226,34.9029998779297,0.0299040004611015,0,137.247695922852,-88.3405,26.1886,9.93460077315259,63,63,63,63,61,63,0,8045,1.29563008188212,26,-88,0.001869,51,2023-08-07 09:16:47.000989,932,1.037,0.0011,"aoml_navis",1031.71090636888
"7901009",7,0,1,0.031773,1,0.009345,1,142.812288458382,1,4.84626652799451,934,1,6.11399984359741,34.9029998779297,0.0317730009555817,0,137.716506958008,-88.3405,26.1886,9.93460077315259,63,63,63,63,61,63,0,8045,1.29563008188212,26,-88,0.001869,51,2023-08-07 09:16:47.000989,934,1.037,0.0011,"aoml_navis",1031.72204234279
"7901009",7,0,1,0.029904,1,0.007476,1,143.347372358534,1,4.84620859006267,936,1,6.09200000762939,34.9029998779297,0.0299040004611015,0,138.232498168945,-88.3405,26.1886,9.93460077315259,63,63,63,63,61,63,0,8045,1.29563008188212,26,-88,0.001869,51,2023-08-07 09:16:47.000989,936,1.037,0.0011,"aoml_navis",1031.73437690088
"7901009",7,0,1,0.028035,1,0.005607,1,143.794430716441,1,4.84615137340595,938,1,6.07100009918213,34.9029998779297,0.0280349999666214,0,138.663604736328,-88.3405,26.1886,9.93460077315259,63,63,63,63,61,63,0,8045,1.29563008188212,26,-88,0.001869,51,2023-08-07 09:16:47.000989,938,1.037,0.0011,"aoml_navis",1031.74655819427
"7901009",7,0,1,0.026166,1,0.003738,1,144.153637589441,1,4.84610120099122,940,1,6.05999994277954,34.9029998779297,0.0261659994721413,0,139.009994506836,-88.3405,26.1886,9.93460077315259,63,63,63,63,61,63,0,8045,1.29563008188212,26,-88,0.001869,51,2023-08-07 09:16:47.000989,940,1.037,0.0011,"aoml_navis",1031.75724002159
"7901009",7,0,1,0.029904,1,0.007476,1,144.644669159985,1,4.84604752011041,942,1,6.04400014877319,34.9029998779297,0.0299040004611015,0,139.483505249023,-88.3405,26.1886,9.93460077315259,63,63,63,63,61,63,0,8045,1.29563008188212,26,-88,0.001869,51,2023-08-07 09:16:47.000989,942,1.037,0.0011,"aoml_navis",1031.76866905467
"7901009",7,0,1,0.029904,1,0.007476,1,144.933461928546,1,4.84599174263481,944,1,6.02500009536743,34.9029998779297,0.0299040004611015,0,139.761993408203,-88.3405,26.1886,9.93460077315259,63,63,63,63,61,63,0,8045,1.29563008188212,26,-88,0.001869,51,2023-08-07 09:16:47.000989,944,1.037,0.0011,"aoml_navis",1031.78054473561
"7901009",7,0,1,0.029904,1,0.007476,1,145.113073276743,1,4.84594509511849,946,1,6.01900005340576,34.9029998779297,0.0299040004611015,0,139.935195922852,-88.3405,26.1886,9.93460077315259,63,63,63,63,61,63,0,8045,1.29563008188212,26,-88,0.001869,51,2023-08-07 09:16:47.000989,946,1.037,0.0011,"aoml_navis",1031.7904767507
"7901009",7,0,1,0.031773,1,0.009345,1,145.362893025253,1,4.84589844959098,948,1,6.01300001144409,34.9029998779297,0.0317730009555817,0,140.17610168457,-88.3405,26.1886,9.93460077315259,63,63,63,63,61,63,0,8045,1.29563008188212,26,-88,0.001869,51,2023-08-07 09:16:47.000989,948,1.037,0.0011,"aoml_navis",1031.80040853354
"7901009",7,0,1,0.029904,1,0.007476,1,145.696592586712,1,4.84585040341603,950,1,6.00500011444092,34.9029998779297,0.0299040004611015,0,140.497894287109,-88.3405,26.1886,9.93460077315259,63,63,63,63,61,63,0,8045,1.29563008188212,26,-88,0.001869,51,2023-08-07 09:16:47.000989,950,1.037,0.0011,"aoml_navis",1031.81063874265
"7901009",7,0,1,0.028035,1,0.005607,1,146.167291095637,1,4.84579167320645,952,1,5.98699998855591,34.9039993286133,0.0280349999666214,0,140.951797485352,-88.3405,26.1886,9.93460077315259,63,63,63,63,61,63,0,8045,1.29563008188212,26,-88,0.001869,51,2023-08-07 09:16:47.000989,952,1.037,0.0011,"aoml_navis",1031.82314412033
"7901009",7,0,1,0.024297,1,0.001869,1,146.335810244461,1,4.84574013266795,954,1,5.97399997711182,34.9039993286133,0.0242970008403063,0,141.114303588867,-88.3405,26.1886,9.93460077315259,63,63,63,63,61,63,0,8045,1.29563008188212,26,-88,0.001869,51,2023-08-07 09:16:47.000989,954,1.037,0.0011,"aoml_navis",1031.8341188567
"7901009",7,0,1,0.026166,1,0.003738,1,146.575139082579,1,4.84569489748038,956,1,5.96999979019165,34.9039993286133,0.0261659994721413,0,141.345092773438,-88.3405,26.1886,9.93460077315259,63,63,63,63,61,63,0,8045,1.29563008188212,26,-88,0.001869,51,2023-08-07 09:16:47.000989,956,1.037,0.0011,"aoml_navis",1031.84375116144
"7901009",7,0,1,0.028035,1,0.005607,1,146.996579365186,1,4.84564616405042,958,1,5.96099996566772,34.9039993286133,0.0280349999666214,0,141.751495361328,-88.3405,26.1886,9.93460077315259,63,63,63,63,61,63,0,8045,1.29563008188212,26,-88,0.001869,51,2023-08-07 09:16:47.000989,958,1.037,0.0011,"aoml_navis",1031.85412857726
"7901009",7,0,1,0.028035,1,0.005607,1,147.334124011449,1,4.8455883420043,960,1,5.93900012969971,34.9039993286133,0.0280349999666214,0,142.076995849609,-88.3405,26.1886,9.93460077315259,63,63,63,63,61,63,0,8045,1.29563008188212,26,-88,0.001869,51,2023-08-07 09:16:47.000989,960,1.037,0.0011,"aoml_navis",1031.86644161601
"7901009",7,0,1,0.033642,1,0.011214,1,147.508861754215,1,4.84552895460032,962,1,5.92000007629395,34.9049987792969,0.0336420014500618,0,142.245498657227,-88.3405,26.1886,9.93460077315259,63,63,63,63,61,63,0,8045,1.29563008188212,26,-88,0.001869,51,2023-08-07 09:16:47.000989,962,1.037,0.0011,"aoml_navis",1031.87908829913
"7901009",7,0,1,0.031773,1,0.009345,1,147.53364118962,1,4.84547935081341,964,1,5.91499996185303,34.9059982299805,0.0317730009555817,0,142.269393920898,-88.3405,26.1886,9.93460077315259,63,63,63,63,61,63,0,8045,1.29563008188212,26,-88,0.001869,51,2023-08-07 09:16:47.000989,964,1.037,0.0011,"aoml_navis",1031.88965177628
"7901009",7,0,1,0.026166,1,0.003738,1,147.643677073274,1,4.84543272849919,966,1,5.90899991989136,34.9059982299805,0.0261659994721413,0,142.375503540039,-88.3405,26.1886,9.93460077315259,63,63,63,63,61,63,0,8045,1.29563008188212,26,-88,0.001869,51,2023-08-07 09:16:47.000989,966,1.037,0.0011,"aoml_navis",1031.89958052491
"7901009",7,0,1,0.028035,1,0.005607,1,147.701021054057,1,4.84538680619431,968,1,5.90399980545044,34.9059982299805,0.0280349999666214,0,142.430801391602,-88.3405,26.1886,9.93460077315259,63,63,63,63,61,63,0,8045,1.29563008188212,26,-88,0.001869,51,2023-08-07 09:16:47.000989,968,1.037,0.0011,"aoml_navis",1031.90936038544
"7901009",7,0,1,0.028035,1,0.005607,1,147.815709015623,1,4.84533948981505,970,1,5.89699983596802,34.9059982299805,0.0280349999666214,0,142.541397094727,-88.3405,26.1886,9.93460077315259,63,63,63,63,61,63,0,8045,1.29563008188212,26,-88,0.001869,51,2023-08-07 09:16:47.000989,970,1.037,0.0011,"aoml_navis",1031.91943732943
"7901009",7,0,1,0.029904,1,0.007476,1,147.93620416288,1,4.84528429822001,972,1,5.88399982452393,34.9070014953613,0.0299040004611015,0,142.657592773438,-88.3405,26.1886,9.93460077315259,63,63,63,63,61,63,0,8045,1.29563008188212,26,-88,0.001869,51,2023-08-07 09:16:47.000989,972,1.037,0.0011,"aoml_navis",1031.93119170259
"7901009",7,0,1,0.028035,1,0.005607,1,148.114881930816,1,4.84523838233363,974,1,5.87900018692017,34.9070014953613,0.0280349999666214,0,142.829895019531,-88.3405,26.1886,9.93460077315259,63,63,63,63,61,63,0,8045,1.29563008188212,26,-88,0.001869,51,2023-08-07 09:16:47.000989,974,1.037,0.0011,"aoml_navis",1031.9409707953
"7901009",7,0,1,0.028035,1,0.005607,1,148.341472936558,1,4.84518898144045,976,1,5.86899995803833,34.9070014953613,0.0280349999666214,0,143.048400878906,-88.3405,26.1886,9.93460077315259,63,63,63,63,61,63,0,8045,1.29563008188212,26,-88,0.001869,51,2023-08-07 09:16:47.000989,976,1.037,0.0011,"aoml_navis",1031.95149232621
"7901009",7,99999,9,99999,9,99999,9,148.456683070134,1,4.84514237210117,978,1,5.86299991607666,34.9070014953613,99999,99999,143.15950012207,-88.3405,26.1886,9.93460077315259,63,63,63,63,61,63,0,8045,1.29563008188212,26,-88,0.001869,51,2023-08-07 09:16:47.000989,978,1.037,0.0011,"aoml_navis",1031.96141950142
"7901009",7,0,1,0.029904,1,0.007476,1,151.542482300916,1,4.84463951841971,999.299987792969,1,5.80019998550415,34.9090003967285,0.0299040004611015,0,146.135192871094,-88.3405,26.1886,9.93460077315259,63,63,63,63,61,63,0,8045,1.29563008188212,26,-88,0.001869,51,2023-08-07 09:16:47.000989,999.299987792969,1.037,0.0011,"aoml_navis",1032.06853285773
"7901009",7,0,1,0.029904,1,0.007476,1,158.801401122158,1,4.84339861815261,1049.19995117188,1,5.56260013580322,34.9140014648438,0.0299040004611015,0,153.135101318359,-88.3405,26.1886,9.93460077315259,63,63,63,63,61,63,0,8045,1.29563008188212,26,-88,0.001869,51,2023-08-07 09:16:47.000989,1049.19995117188,1.037,0.0011,"aoml_navis",1032.33295340599
"7901009",7,0,1,0.026166,1,0.003738,1,166.409162493162,1,4.84208561616849,1099.90002441406,1,5.26800012588501,34.923999786377,0.0261659994721413,0,160.471405029297,-88.3405,26.1886,9.93460077315259,63,63,63,63,61,63,0,8045,1.29563008188212,26,-88,0.001869,51,2023-08-07 09:16:47.000989,1099.90002441406,1.037,0.0011,"aoml_navis",1032.61288551037
"7901009",7,0,1,0.028035,1,0.005607,1,171.540657603509,1,4.84090645305031,1149.40002441406,1,5.10270023345947,34.9290008544922,0.0280349999666214,0,165.419799804688,-88.3405,26.1886,9.93460077315259,63,63,63,63,61,63,0,8045,1.29563008188212,26,-88,0.001869,51,2023-08-07 09:16:47.000989,1149.40002441406,1.037,0.0011,"aoml_navis",1032.86441258319
"7901009",7,0,1,0.029904,1,0.007476,1,176.969363528161,1,4.83972364999778,1199.30004882812,1,4.94810009002686,34.935001373291,0.0299040004611015,0,170.654800415039,-88.3405,26.1886,9.93460077315259,63,63,63,63,61,63,0,8045,1.29563008188212,26,-88,0.001869,51,2023-08-07 09:16:47.000989,1199.30004882812,1.037,0.0011,"aoml_navis",1033.11683922331
"7901009",7,0,1,0.031773,1,0.009345,1,182.241370379498,1,4.83853688075988,1249.30004882812,1,4.78889989852905,34.9410018920898,0.0317730009555817,0,175.738693237305,-88.3405,26.1886,9.93460077315259,63,63,63,63,61,63,0,8045,1.29563008188212,26,-88,0.001869,51,2023-08-07 09:16:47.000989,1249.30004882812,1.037,0.0011,"aoml_navis",1033.3702363378
"7901009",7,0,1,0.026166,1,0.003738,1,186.757525334028,1,4.83737249773519,1299.90002441406,1,4.6746997833252,34.9459991455078,0.0261659994721413,0,180.093704223633,-88.3405,26.1886,9.93460077315259,63,63,63,63,61,63,0,8045,1.29563008188212,26,-88,0.001869,51,2023-08-07 09:16:47.000989,1299.90002441406,1.037,0.0011,"aoml_navis",1033.61897442071
"7901009",7,0,1,0.031773,1,0.009345,1,190.827856155402,1,4.83623141441215,1350,1,4.57240009307861,34.9500007629395,0.0317730009555817,0,184.018798828125,-88.3405,26.1886,9.93460077315259,63,63,63,63,61,63,0,8045,1.29563008188212,26,-88,0.001869,51,2023-08-07 09:16:47.000989,1350,1.037,0.0011,"aoml_navis",1033.86285137221
"7901009",7,0,1,0.031773,1,0.009345,1,193.448257714335,1,4.83514357322917,1399.09997558594,1,4.51090002059937,34.9529991149902,0.0317730009555817,0,186.545700073242,-88.3405,26.1886,9.93460077315259,63,63,63,63,61,63,0,8045,1.29563008188212,26,-88,0.001869,51,2023-08-07 09:16:47.000989,1399.09997558594,1.037,0.0011,"aoml_navis",1034.09545637561
"7901009",7,0,1,0.026166,1,0.003738,1,195.697094329354,1,4.8340509344715,1449,1,4.46019983291626,34.9550018310547,0.0261659994721413,0,188.714294433594,-88.3405,26.1886,9.93460077315259,63,63,63,63,61,63,0,8045,1.29563008188212,26,-88,0.001869,51,2023-08-07 09:16:47.000989,1449,1.037,0.0011,"aoml_navis",1034.32919259189
"7901009",7,0,1,0.026166,1,0.003738,1,197.445800922133,1,4.83295862304052,1499.59997558594,1,4.42990016937256,34.9570007324219,0.0261659994721413,0,190.400604248047,-88.3405,26.1886,9.93460077315259,63,63,63,63,61,63,0,8045,1.29563008188212,26,-88,0.001869,51,2023-08-07 09:16:47.000989,1499.59997558594,1.037,0.0011,"aoml_navis",1034.56296442579
"7901009",7,0,1,0.028035,1,0.005607,1,199.10002602781,1,4.83187400204303,1549.69995117188,1,4.39349985122681,34.9589996337891,0.0280349999666214,0,191.995803833008,-88.3405,26.1886,9.93460077315259,63,63,63,63,61,63,0,8045,1.29563008188212,26,-88,0.001869,51,2023-08-07 09:16:47.000989,1549.69995117188,1.037,0.0011,"aoml_navis",1034.79519496698
"7901009",7,0,1,0.028035,1,0.005607,1,200.1928212819,1,4.83081817692969,1599.5,1,4.37739992141724,34.9589996337891,0.0280349999666214,0,193.049606323242,-88.3405,26.1886,9.93460077315259,63,63,63,63,61,63,0,8045,1.29563008188212,26,-88,0.001869,51,2023-08-07 09:16:47.000989,1599.5,1.037,0.0011,"aoml_navis",1035.02136012452
"7901009",7,0,1,0.031773,1,0.009345,1,200.967772015574,1,4.82974355169828,1649.90002441406,1,4.36079978942871,34.9609985351562,0.0317730009555817,0,193.796905517578,-88.3405,26.1886,9.93460077315259,63,63,63,63,61,63,0,8045,1.29563008188212,26,-88,0.001869,51,2023-08-07 09:16:47.000989,1649.90002441406,1.037,0.0011,"aoml_navis",1035.25165393965
"7901009",7,0,1,0.026166,1,0.003738,1,201.859372811702,1,4.82869618770449,1699.59997558594,1,4.34980010986328,34.9609985351562,0.0261659994721413,0,194.656692504883,-88.3405,26.1886,9.93460077315259,63,63,63,63,61,63,0,8045,1.29563008188212,26,-88,0.001869,51,2023-08-07 09:16:47.000989,1699.59997558594,1.037,0.0011,"aoml_navis",1035.47620426642
"7901009",7,0,1,0.029904,1,0.007476,1,202.649672237805,1,4.82763595279301,1749.80004882812,1,4.33850002288818,34.9620018005371,0.0299040004611015,0,195.418792724609,-88.3405,26.1886,9.93460077315259,63,63,63,63,61,63,0,8045,1.29563008188212,26,-88,0.001869,51,2023-08-07 09:16:47.000989,1749.80004882812,1.037,0.0011,"aoml_navis",1035.70361329903
"7901009",7,0,1,0.029904,1,0.007476,1,203.475242009704,1,4.82658097397784,1799.90002441406,1,4.32959985733032,34.9630012512207,0.0299040004611015,0,196.214904785156,-88.3405,26.1886,9.93460077315259,63,63,63,63,61,63,0,8045,1.29563008188212,26,-88,0.001869,51,2023-08-07 09:16:47.000989,1799.90002441406,1.037,0.0011,"aoml_navis",1035.92999412154
"7901009",7,0,1,0.028035,1,0.005607,1,204.031481787976,1,4.82555171262775,1849,1,4.32040023803711,34.9630012512207,0.0280349999666214,0,196.75129699707,-88.3405,26.1886,9.93460077315259,63,63,63,63,61,63,0,8045,1.29563008188212,26,-88,0.001869,51,2023-08-07 09:16:47.000989,1849,1.037,0.0011,"aoml_navis",1036.15095180013
"7901009",7,0,1,0.033642,1,0.011214,1,204.344769170845,1,4.82449748244137,1899.40002441406,1,4.31720018386841,34.9640007019043,0.0336420014500618,0,197.053405761719,-88.3405,26.1886,9.93460077315259,63,63,63,63,61,63,0,8045,1.29563008188212,26,-88,0.001869,51,2023-08-07 09:16:47.000989,1899.40002441406,1.037,0.0011,"aoml_navis",1036.37736742477
"7901009",7,0,1,0.028035,1,0.005607,1,204.75976933199,1,4.82345830051037,1949.30004882812,1,4.31330013275146,34.9640007019043,0.0280349999666214,0,197.453598022461,-88.3405,26.1886,9.93460077315259,63,63,63,63,61,63,0,8045,1.29563008188212,26,-88,0.001869,51,2023-08-07 09:16:47.000989,1949.30004882812,1.037,0.0011,"aoml_navis",1036.60064801865
"7901009",7,0,1,0.031773,1,0.009345,1,200.461391752602,4,4.82241094381255,1999.59997558594,1,4.3125,34.9650001525879,0.0317730009555817,0,193.30859375,-88.3405,26.1886,9.93460077315259,63,63,63,63,61,63,0,8045,1.29563008188212,26,-88,0.001869,51,2023-08-07 09:16:47.000989,1999.59997558594,1.037,0.0011,"aoml_navis",1036.82578242638
"7901009",8,0.0200918178005876,5,0.031773,1,0.009345,1,189.647284052899,1,4.89274368014406,2,1,31.867000579834,36.1189994812012,0.0317730009555817,0.0299040004611015,182.880294799805,-88.4063,26.6967,23.8413416573614,63,63,63,63,61,63,0.022428,7817,1.11627530284214,27,-88,0.001869,51,2023-08-17 16:24:59.001751,2,1.037,0.0011,"aoml_navis",1021.92150802651
"7901009",8,0.0200918178005876,5,0.033642,1,0.011214,1,189.678614383242,1,4.89265149552139,4,1,31.8409996032715,36.1209983825684,0.0336420014500618,0.0299040004611015,182.910507202148,-88.4063,26.6967,23.8413416573614,63,63,63,63,61,63,0.022428,7817,1.11627530284214,27,-88,0.001869,51,2023-08-17 16:24:59.001751,4,1.037,0.0011,"aoml_navis",1021.94076250411
"7901009",8,0.0200918178005876,5,0.031773,1,0.009345,1,189.637125430637,1,4.89258898309792,6,1,31.8239994049072,36.1189994812012,0.0317730009555817,0.0299040004611015,182.870498657227,-88.4063,26.6967,23.8413416573614,63,63,63,63,61,63,0.022428,7817,1.11627530284214,27,-88,0.001869,51,2023-08-17 16:24:59.001751,6,1.037,0.0011,"aoml_navis",1021.95381980239
"7901009",8,0.0200918178005876,5,0.039249,1,0.016821,1,189.662838454276,1,4.89253124064876,8,1,31.8139991760254,36.1189994812012,0.0392489992082119,0.0299040004611015,182.895294189453,-88.4063,26.6967,23.8413416573614,63,63,63,63,61,63,0.022428,7817,1.11627530284214,27,-88,0.001869,51,2023-08-17 16:24:59.001751,8,1.037,0.0011,"aoml_navis",1021.96588106752
"7901009",8,0.0200918178005876,5,0.042987,1,0.020559,1,189.783444402696,1,4.89248371985728,10,1,31.8099994659424,36.1189994812012,0.0429870001971722,0.0299040004611015,183.011596679688,-88.4063,26.6967,23.8413416573614,63,63,63,63,61,63,0.022428,7817,1.11627530284214,27,-88,0.001869,51,2023-08-17 16:24:59.001751,10,1.037,0.0011,"aoml_navis",1021.97580744241
"7901009",8,0.0200918178005876,5,0.03738,1,0.014952,1,189.664499911188,1,4.89243450002793,12,1,31.8050003051758,36.1189994812012,0.0373799987137318,0.0299040004611015,182.896896362305,-88.4063,26.6967,23.8413416573614,63,63,63,63,61,63,0.022428,7817,1.11627530284214,27,-88,0.001869,51,2023-08-17 16:24:59.001751,12,1.037,0.0011,"aoml_navis",1021.98608892392
"7901009",8,0.0200918178005876,5,0.03738,1,0.014952,1,189.794963837286,1,4.89238698457389,14,1,31.8010005950928,36.1189994812012,0.0373799987137318,0.0299040004611015,183.022705078125,-88.4063,26.6967,23.8413416573614,63,63,63,63,61,63,0.022428,7817,1.11627530284214,27,-88,0.001869,51,2023-08-17 16:24:59.001751,14,1.037,0.0011,"aoml_navis",1021.99601457641
"7901009",8,0.0200918178005876,5,0.035511,1,0.013083,1,189.890473874633,1,4.89234134658715,16,1,31.7959995269775,36.1180000305176,0.0355109982192516,0.0299040004611015,183.114807128906,-88.4063,26.6967,23.8413416573614,63,63,63,63,61,63,0.022428,7817,1.11627530284214,27,-88,0.001869,51,2023-08-17 16:24:59.001751,16,1.037,0.0011,"aoml_navis",1022.00554822037
"7901009",8,0.0200918178005876,5,0.041118,1,0.01869,1,190.20903054658,1,4.89228532713597,18,1,31.7870006561279,36.1180000305176,0.041117999702692,0.0299040004611015,183.421997070312,-88.4063,26.6967,23.8413416573614,63,63,63,63,61,63,0.022428,7817,1.11627530284214,27,-88,0.001869,51,2023-08-17 16:24:59.001751,18,1.037,0.0011,"aoml_navis",1022.01725076552
"7901009",8,0.0200918178005876,5,0.042987,1,0.020559,1,190.512143580944,1,4.89222080198649,20,1,31.7730007171631,36.1180000305176,0.0429870001971722,0.0299040004611015,183.714294433594,-88.4063,26.6967,23.8413416573614,63,63,63,63,61,63,0.022428,7817,1.11627530284214,27,-88,0.001869,51,2023-08-17 16:24:59.001751,20,1.037,0.0011,"aoml_navis",1022.0307304956
"7901009",8,0.0200918178005876,5,0.044856,1,0.022428,1,190.868249179104,1,4.8921479572063,22,1,31.7520008087158,36.117000579834,0.0448560006916523,0.0317730009555817,184.057693481445,-88.4063,26.6967,23.8413416573614,63,63,63,63,61,63,0.022428,7817,1.11627530284214,27,-88,0.001869,51,2023-08-17 16:24:59.001751,22,1.037,0.0011,"aoml_navis",1022.04594867881
"7901009",8,0.0234404541006856,1,0.048594,1,0.026166,1,191.385405333944,1,4.89206959668708,24,1,31.7129993438721,36.109001159668,0.0485940016806126,0.0355109982192516,184.556396484375,-88.4063,26.6967,23.8413416573614,63,63,63,63,61,63,0.026166,7817,1.11627530284214,27,-88,0.001869,51,2023-08-17 16:24:59.001751,24,1.037,0.0011,"aoml_navis",1022.06231967469
"7901009",8,0.0251147722507345,1,0.050463,1,0.028035,1,195.45502536464,1,4.89172427999699,26,1,31.4890003204346,36.0880012512207,0.0504629984498024,0.0373799987137318,188.480804443359,-88.4063,26.6967,23.8413416573614,63,63,63,63,61,63,0.028035,7817,1.11627530284214,27,-88,0.001869,51,2023-08-17 16:24:59.001751,26,1.037,0.0011,"aoml_navis",1022.1344691167
"7901009",8,0.0267890904007835,1,0.052332,1,0.029904,1,200.061897267113,1,4.89078115394797,28.1000003814697,1,30.9260005950928,36.0750007629395,0.0523319989442825,0.0392489992082119,192.923294067383,-88.4063,26.6967,23.8413416573614,63,63,63,63,61,63,0.029904,7817,1.11627530284214,27,-88,0.001869,51,2023-08-17 16:24:59.001751,28.1000003814697,1.037,0.0011,"aoml_navis",1022.33157498038
"7901009",8,0.0284634085508325,1,0.054201,1,0.031773,1,201.413848491588,1,4.89044953363691,29.8999996185303,1,30.7169990539551,36.060001373291,0.0542009994387627,0.041117999702692,194.227005004883,-88.4063,26.6967,23.8413416573614,63,63,63,63,61,63,0.031773,7817,1.11627530284214,27,-88,0.001869,51,2023-08-17 16:24:59.001751,29.8999996185303,1.037,0.0011,"aoml_navis",1022.40089906042
"7901009",8,0.0334863630009794,1,0.059808,1,0.03738,1,202.468478045793,1,4.8897451285421,32,1,30.382999420166,36.0900001525879,0.0598080009222031,0.0467250011861324,195.244003295898,-88.4063,26.6967,23.8413416573614,63,63,63,63,61,63,0.03738,7817,1.11627530284214,27,-88,0.001869,51,2023-08-17 16:24:59.001751,32,1.037,0.0011,"aoml_navis",1022.54818371091
"7901009",8,0.0368349993010773,1,0.063546,1,0.041118,1,203.433515513938,1,4.88938839483031,34,1,30.1979999542236,36.0929985046387,0.0635460019111633,0.0504629984498024,196.174606323242,-88.4063,26.6967,23.8413416573614,63,63,63,63,61,63,0.041118,7817,1.11627530284214,27,-88,0.001869,51,2023-08-17 16:24:59.001751,34,1.037,0.0011,"aoml_navis",1022.62278964924
"7901009",8,0.0368349993010773,1,0.063546,1,0.041118,1,203.88315322455,1,4.88908531391907,36.0999984741211,1,30.0200004577637,36.0839996337891,0.0635460019111633,0.0504629984498024,196.608200073242,-88.4063,26.6967,23.8413416573614,63,63,63,63,61,63,0.041118,7817,1.11627530284214,27,-88,0.001869,51,2023-08-17 16:24:59.001751,36.0999984741211,1.037,0.0011,"aoml_navis",1022.68618339818
"7901009",8,0.0435322719012732,1,0.071022,1,0.048594,1,203.106018621464,1,4.88892573792028,38,1,30.0249996185303,36.1199989318848,0.0710219964385033,0.0579390004277229,195.858795166016,-88.4063,26.6967,23.8413416573614,63,63,63,63,61,63,0.048594,7817,1.11627530284214,27,-88,0.001869,51,2023-08-17 16:24:59.001751,38,1.037,0.0011,"aoml_navis",1022.71956418118
"7901009",8,0.0435322719012732,1,0.071022,1,0.048594,1,204.120314331203,1,4.88876785007613,40,1,29.9009990692139,36.0960006713867,0.0710219964385033,0.0579390004277229,196.836898803711,-88.4063,26.6967,23.8413416573614,63,63,63,63,61,63,0.048594,7817,1.11627530284214,27,-88,0.001869,51,2023-08-17 16:24:59.001751,40,1.037,0.0011,"aoml_navis",1022.75259397358
"7901009",8,0.050229544501469,1,0.078498,1,0.05607,1,204.296808525465,1,4.88861871056963,42,1,29.7929992675781,36.0769996643066,0.0784979984164238,0.0654150024056435,197.007095336914,-88.4063,26.6967,23.8413416573614,63,63,63,63,61,63,0.05607,7817,1.11627530284214,27,-88,0.001869,51,2023-08-17 16:24:59.001751,42,1.037,0.0011,"aoml_navis",1022.78379559231
"7901009",8,0.053578180801567,1,0.082236,1,0.059808,1,204.068983224318,1,4.88836694729742,44,1,29.7339992523193,36.109001159668,0.0822359994053841,0.0691530033946037,196.787399291992,-88.4063,26.6967,23.8413416573614,63,63,63,63,61,63,0.059808,7817,1.11627530284214,27,-88,0.001869,51,2023-08-17 16:24:59.001751,44,1.037,0.0011,"aoml_navis",1022.83647154686
"7901009",8,0.0569268171016649,1,0.085974,1,0.063546,1,204.550362673651,1,4.88815684703119,46,1,29.6189994812012,36.1040000915527,0.0859740003943443,0.0728909969329834,197.251602172852,-88.4063,26.6967,23.8413416573614,63,63,63,63,61,63,0.063546,7817,1.11627530284214,27,-88,0.001869,51,2023-08-17 16:24:59.001751,46,1.037,0.0011,"aoml_navis",1022.88043458277
"7901009",8,0.0602754534017628,1,0.089712,1,0.067284,1,205.205546339388,1,4.88801971898487,48,1,29.5310001373291,36.0909996032715,0.0897120013833046,0.0766289979219437,197.883407592773,-88.4063,26.6967,23.8413416573614,63,63,63,63,61,63,0.067284,7817,1.11627530284214,27,-88,0.001869,51,2023-08-17 16:24:59.001751,48,1.037,0.0011,"aoml_navis",1022.90913037446
"7901009",8,0.0636240897018608,1,0.09345,1,0.071022,1,205.961920642772,1,4.88787735069172,50,1,29.3819999694824,36.0519981384277,0.0934500023722649,0.0803669989109039,198.61279296875,-88.4063,26.6967,23.8413416573614,63,63,63,63,61,63,0.071022,7817,1.11627530284214,27,-88,0.001869,51,2023-08-17 16:24:59.001751,50,1.037,0.0011,"aoml_navis",1022.93892445816
"7901009",8,0.0703213623020567,1,0.100926,1,0.078498,1,206.242754331115,1,4.8876878783968,52,1,29.2900009155273,36.0519981384277,0.100925996899605,0.0878430008888245,198.883605957031,-88.4063,26.6967,23.8413416573614,63,63,63,63,61,63,0.078498,7817,1.11627530284214,27,-88,0.001869,51,2023-08-17 16:24:59.001751,52,1.037,0.0011,"aoml_navis",1022.97857891041
"7901009",8,0.0786929530523015,1,0.110271,1,0.087843,1,206.621661447469,1,4.88753015318358,54,1,29.1730003356934,36.0320014953613,0.110270999372005,0.0971880033612251,199.248992919922,-88.4063,26.6967,23.8413416573614,63,63,63,63,61,63,0.087843,7817,1.11627530284214,27,-88,0.001869,51,2023-08-17 16:24:59.001751,54,1.037,0.0011,"aoml_navis",1023.01159139513
"7901009",8,0.0870645438025463,1,0.119616,1,0.097188,1,206.647279530713,1,4.88738538653207,56,1,29.0949993133545,36.0260009765625,0.119616001844406,0.106532998383045,199.273696899414,-88.4063,26.6967,23.8413416573614,63,63,63,63,61,63,0.097188,7817,1.11627530284214,27,-88,0.001869,51,2023-08-17 16:24:59.001751,56,1.037,0.0011,"aoml_navis",1023.04189347913
"7901009",8,0.0853902256524974,1,0.117747,1,0.095319,1,206.026021232781,1,4.88710971102444,58,1,29.0179996490479,36.056999206543,0.117747001349926,0.104663997888565,198.674606323242,-88.4063,26.6967,23.8413416573614,63,63,63,63,61,63,0.095319,7817,1.11627530284214,27,-88,0.001869,51,2023-08-17 16:24:59.001751,58,1.037,0.0011,"aoml_navis",1023.09960194282
"7901009",8,0.0954361345527912,1,0.128961,1,0.106533,1,206.307978382464,1,4.88680849708399,60,1,28.8419990539551,36.0509986877441,0.128960996866226,0.115878000855446,198.946502685547,-88.4063,26.6967,23.8413416573614,63,63,63,63,61,63,0.106533,7817,1.11627530284214,27,-88,0.001869,51,2023-08-17 16:24:59.001751,60,1.037,0.0011,"aoml_navis",1023.16266393159
"7901009",8,0.108830679753183,1,0.143913,1,0.121485,1,206.830941724797,1,4.88661477283572,62,1,28.7080001831055,36.0340003967285,0.143913000822067,0.130830004811287,199.450805664062,-88.4063,26.6967,23.8413416573614,63,63,63,63,61,63,0.121485,7817,1.11627530284214,27,-88,0.001869,51,2023-08-17 16:24:59.001751,62,1.037,0.0011,"aoml_navis",1023.20322604405
"7901009",8,0.11385363420333,1,0.14952,1,0.127092,1,206.892953626116,1,4.88645181594216,64,1,28.6110000610352,36.0250015258789,0.149519994854927,0.136436998844147,199.510604858398,-88.4063,26.6967,23.8413416573614,63,63,63,63,61,63,0.127092,7817,1.11627530284214,27,-88,0.001869,51,2023-08-17 16:24:59.001751,64,1.037,0.0011,"aoml_navis",1023.23734855778
"7901009",8,0.115527952353379,1,0.151389,1,0.128961,1,206.784278520665,1,4.88634785248723,66,1,28.5690002441406,36.023998260498,0.151389002799988,0.138306006789207,199.405807495117,-88.4063,26.6967,23.8413416573614,63,63,63,63,61,63,0.128961,7817,1.11627530284214,27,-88,0.001869,51,2023-08-17 16:24:59.001751,66,1.037,0.0011,"aoml_navis",1023.25911927349
"7901009",8,0.108830679753183,4,0.143913,1,0.121485,1,206.924473837248,1,4.88627277753895,68,1,28.5090007781982,36.0069999694824,0.143913000822067,0.130830004811287,199.541000366211,-88.4063,26.6967,23.8413416573614,63,63,63,63,61,63,0.121485,7817,1.11627530284214,27,-88,0.001869,51,2023-08-17 16:24:59.001751,68,1.037,0.0011,"aoml_navis",1023.27484109848
"7901009",8,0.117202270503428,1,0.153258,1,0.13083,1,206.810608656872,1,4.88620124159174,70,1,28.4669990539551,35.9970016479492,0.153257995843887,0.140174999833107,199.431198120117,-88.4063,26.6967,23.8413416573614,63,63,63,63,61,63,0.13083,7817,1.11627530284214,27,-88,0.001869,51,2023-08-17 16:24:59.001751,70,1.037,0.0011,"aoml_navis",1023.28982225284
"7901009",8,0.122225224953575,1,0.158865,1,0.136437,1,205.909766719132,1,4.8860500905071,72,1,28.4200000762939,36.0069999694824,0.158865004777908,0.145781993865967,198.5625,-88.4063,26.6967,23.8413416573614,63,63,63,63,61,63,0.136437,7817,1.11627530284214,27,-88,0.001869,51,2023-08-17 16:24:59.001751,72,1.037,0.0011,"aoml_navis",1023.32147795912
"7901009",8,0.149014315354358,1,0.188769,1,0.166341,1,204.81915475523,1,4.88582008018755,74.0999984741211,1,28.3379993438721,36.0229988098145,0.188768997788429,0.175686001777649,197.510803222656,-88.4063,26.6967,23.8413416573614,63,63,63,63,61,63,0.166341,7817,1.11627530284214,27,-88,0.001869,51,2023-08-17 16:24:59.001751,74.0999984741211,1.037,0.0011,"aoml_navis",1023.36965298322
"7901009",8,0.152362951654456,1,0.192507,1,0.170079,1,204.402999357247,1,4.88558348377651,76,1,28.2399997711182,36.0349998474121,0.19250699877739,0.179424002766609,197.109497070312,-88.4063,26.6967,23.8413416573614,63,63,63,63,61,63,0.170079,7817,1.11627530284214,27,-88,0.001869,51,2023-08-17 16:24:59.001751,76,1.037,0.0011,"aoml_navis",1023.41921217874
"7901009",8,0.150688633504407,1,0.190638,1,0.16821,1,203.741090746865,1,4.88532290793208,78,1,28.121000289917,36.0439987182617,0.19063800573349,0.177554994821548,196.471206665039,-88.4063,26.6967,23.8413416573614,63,63,63,63,61,63,0.16821,7817,1.11627530284214,27,-88,0.001869,51,2023-08-17 16:24:59.001751,78,1.037,0.0011,"aoml_navis",1023.47379983455
"7901009",8,0.170780451304995,1,0.213066,1,0.190638,1,202.636158606722,1,4.88507067179844,79.9000015258789,1,28.0240001678467,36.0610008239746,0.21306599676609,0.19998300075531,195.405700683594,-88.4063,26.6967,23.8413416573614,63,63,63,63,61,63,0.190638,7817,1.11627530284214,27,-88,0.001869,51,2023-08-17 16:24:59.001751,79.9000015258789,1.037,0.0011,"aoml_navis",1023.52664596339
"7901009",8,0.175803405755142,1,0.218673,1,0.196245,1,201.475749629113,1,4.8847665022108,82,1,27.871000289917,36.0670013427734,0.218673005700111,0.20558999478817,194.286697387695,-88.4063,26.6967,23.8413416573614,63,63,63,63,61,63,0.196245,7817,1.11627530284214,27,-88,0.001869,51,2023-08-17 16:24:59.001751,82,1.037,0.0011,"aoml_navis",1023.59037995717
"7901009",8,0.187523632805484,1,0.231756,1,0.209328,1,200.252600873824,1,4.88447876109291,83.9000015258789,1,27.7530002593994,36.0849990844727,0.231756001710892,0.218673005700111,193.107192993164,-88.4063,26.6967,23.8413416573614,63,63,63,63,61,63,0.209328,7817,1.11627530284214,27,-88,0.001869,51,2023-08-17 16:24:59.001751,83.9000015258789,1.037,0.0011,"aoml_navis",1023.65067892756
"7901009",8,0.197569541705778,1,0.24297,1,0.220542,1,197.695666156299,1,4.88406448968254,86,1,27.548999786377,36.0999984741211,0.242970004677773,0.229886993765831,190.641494750977,-88.4063,26.6967,23.8413416573614,63,63,63,63,61,63,0.220542,7817,1.11627530284214,27,-88,0.001869,51,2023-08-17 16:24:59.001751,86,1.037,0.0011,"aoml_navis",1023.73750603875
"7901009",8,0.212638405056219,1,0.259791,1,0.237363,1,197.075135734728,1,4.88388844396834,88,1,27.4850006103516,36.1100006103516,0.259790986776352,0.246708005666733,190.043106079102,-88.4063,26.6967,23.8413416573614,63,63,63,63,61,63,0.237363,7817,1.11627530284214,27,-88,0.001869,51,2023-08-17 16:24:59.001751,88,1.037,0.0011,"aoml_navis",1023.77440790546
"7901009",8,0.209289768756121,1,0.256053,1,0.233625,1,195.998717359876,1,4.88373282977438,90,1,27.492000579834,36.1450004577637,0.256053000688553,0.242970004677773,189.005096435547,-88.4063,26.6967,23.8413416573614,63,63,63,63,61,63,0.233625,7817,1.11627530284214,27,-88,0.001869,51,2023-08-17 16:24:59.001751,90,1.037,0.0011,"aoml_navis",1023.80702922911
"7901009",8,0.209289768756121,1,0.256053,1,0.233625,1,194.804715305845,1,4.88348855758982,92,1,27.4139995574951,36.1679992675781,0.256053000688553,0.242970004677773,187.853698730469,-88.4063,26.6967,23.8413416573614,63,63,63,63,61,63,0.233625,7817,1.11627530284214,27,-88,0.001869,51,2023-08-17 16:24:59.001751,92,1.037,0.0011,"aoml_navis",1023.85824007494
"7901009",8,0.221009995806464,1,0.269136,1,0.246708,1,194.276672652381,1,4.8832207382784,94,1,27.431999206543,36.2389984130859,0.269136011600494,0.256053000688553,187.344497680664,-88.4063,26.6967,23.8413416573614,63,63,63,63,61,63,0.246708,7817,1.11627530284214,27,-88,0.001869,51,2023-08-17 16:24:59.001751,94,1.037,0.0011,"aoml_navis",1023.91439338513
"7901009",8,0.246124768057198,1,0.297171,1,0.274743,1,192.275155068871,1,4.88299815329395,96,1,27.3540000915527,36.2560005187988,0.297170996665955,0.284087985754013,185.414398193359,-88.4063,26.6967,23.8413416573614,63,63,63,63,61,63,0.274743,7817,1.11627530284214,27,-88,0.001869,51,2023-08-17 16:24:59.001751,96,1.037,0.0011,"aoml_navis",1023.96106716262
"7901009",8,0.247799086207247,1,0.29904,1,0.276612,1,190.814955970723,1,4.88276119062363,98,1,27.2199993133545,36.2529983520508,0.299039989709854,0.285957008600235,184.006301879883,-88.4063,26.6967,23.8413416573614,63,63,63,63,61,63,0.276612,7817,1.11627530284214,27,-88,0.001869,51,2023-08-17 16:24:59.001751,98,1.037,0.0011,"aoml_navis",1024.0107604692
"7901009",8,0.264542267707737,1,0.31773,1,0.295302,1,189.865789371939,1,4.88248326825842,100,1,27.1219997406006,36.2770004272461,0.317730009555817,0.304646998643875,183.091003417969,-88.4063,26.6967,23.8413416573614,63,63,63,63,61,63,0.295302,7817,1.11627530284214,27,-88,0.001869,51,2023-08-17 16:24:59.001751,100,1.037,0.0011,"aoml_navis",1024.06904955631
"7901009",8,0.272913858457982,1,0.327075,1,0.304647,1,188.71201039858,1,4.88225782938696,102,1,27.1000003814697,36.3190002441406,0.327075004577637,0.313991993665695,181.978393554688,-88.4063,26.6967,23.8413416573614,63,63,63,63,61,63,0.304647,7817,1.11627530284214,27,-88,0.001869,51,2023-08-17 16:24:59.001751,102,1.037,0.0011,"aoml_navis",1024.11633607392
"7901009",8,0.29133135810852,1,0.347634,1,0.325206,1,187.11462242969,1,4.88198723588685,104,1,26.9549999237061,36.3209991455078,0.347633987665176,0.334551006555557,180.438003540039,-88.4063,26.6967,23.8413416573614,63,63,63,63,61,63,0.325206,7817,1.11627530284214,27,-88,0.001869,51,2023-08-17 16:24:59.001751,104,1.037,0.0011,"aoml_navis",1024.17309968483
"7901009",8,0.3248177211095,1,0.385014,1,0.362586,1,187.504954040239,1,4.88165397478787,106,1,26.8929996490479,36.3759994506836,0.385013997554779,0.371930986642838,180.814407348633,-88.4063,26.6967,23.8413416573614,63,63,63,63,61,63,0.362586,7817,1.11627530284214,27,-88,0.001869,51,2023-08-17 16:24:59.001751,106,1.037,0.0011,"aoml_navis",1024.24301800647
"7901009",8,0.346583857060136,1,0.409311,1,0.386883,1,186.131024114327,1,4.88141940101697,108,1,26.878999710083,36.423999786377,0.40931099653244,0.396227985620499,179.489501953125,-88.4063,26.6967,23.8413416573614,63,63,63,63,61,63,0.386883,7817,1.11627530284214,27,-88,0.001869,51,2023-08-17 16:24:59.001751,108,1.037,0.0011,"aoml_navis",1024.29223740913
"7901009",8,0.371698629310871,1,0.437346,1,0.414918,1,184.575615623416,1,4.88124942732383,110,1,26.818000793457,36.4339981079102,0.437346011400223,0.424263000488281,177.989593505859,-88.4063,26.6967,23.8413416573614,63,63,63,63,61,63,0.414918,7817,1.11627530284214,27,-88,0.001869,51,2023-08-17 16:24:59.001751,110,1.037,0.0011,"aoml_navis",1024.32790506698
"7901009",8,0.433648400862683,1,0.506499,1,0.484071,1,180.836403990639,1,4.88095858785906,112,1,26.7129993438721,36.4589996337891,0.506498992443085,0.493416011333466,174.383804321289,-88.4063,26.6967,23.8413416573614,63,63,63,63,61,63,0.484071,7817,1.11627530284214,27,-88,0.001869,51,2023-08-17 16:24:59.001751,112,1.037,0.0011,"aoml_navis",1024.38894122909
"7901009",8,0.522387262815278,1,0.605556,1,0.583128,1,177.526291296361,1,4.88063634404092,114,1,26.5799999237061,36.4809989929199,0.605556011199951,0.592472970485687,171.191802978516,-88.4063,26.6967,23.8413416573614,63,63,63,63,61,63,0.583128,7817,1.11627530284214,27,-88,0.001869,51,2023-08-17 16:24:59.001751,114,1.037,0.0011,"aoml_navis",1024.4565764677
"7901009",8,0.500621126864641,4,0.581259,1,0.558831,1,175.723974484913,1,4.88031791190021,116,1,26.4419994354248,36.5,0.58125901222229,0.568175971508026,169.453796386719,-88.4063,26.6967,23.8413416573614,63,63,63,63,61,63,0.558831,7817,1.11627530284214,27,-88,0.001869,51,2023-08-17 16:24:59.001751,116,1.037,0.0011,"aoml_navis",1024.5234204534
"7901009",8,0.520712944665229,1,0.603687,1,0.581259,1,175.047445053704,1,4.8800889292625,118,1,26.3770008087158,36.5250015258789,0.603686988353729,0.59060400724411,168.801406860352,-88.4063,26.6967,23.8413416573614,63,63,63,63,61,63,0.581259,7817,1.11627530284214,27,-88,0.001869,51,2023-08-17 16:24:59.001751,118,1.037,0.0011,"aoml_navis",1024.57149295343
"7901009",8,0.559222262116355,1,0.646674,1,0.624246,1,174.807894613778,1,4.8798765947838,120,1,26.2919998168945,36.5369987487793,0.646673977375031,0.633590996265411,168.570404052734,-88.4063,26.6967,23.8413416573614,63,63,63,63,61,63,0.624246,7817,1.11627530284214,27,-88,0.001869,51,2023-08-17 16:24:59.001751,120,1.037,0.0011,"aoml_navis",1024.61607437872
"7901009",8,0.549176353216062,1,0.63546,1,0.613032,1,174.495445773908,1,4.87967238914848,122,1,26.1860008239746,36.5379981994629,0.635460019111633,0.622376978397369,168.269104003906,-88.4063,26.6967,23.8413416573614,63,63,63,63,61,63,0.613032,7817,1.11627530284214,27,-88,0.001869,51,2023-08-17 16:24:59.001751,122,1.037,0.0011,"aoml_navis",1024.65895274427
"7901009",8,0.50229544501469,1,0.583128,1,0.5607,1,173.533826159983,1,4.87944642797945,124,1,26.0820007324219,36.5460014343262,0.583127975463867,0.570044994354248,167.341796875,-88.4063,26.6967,23.8413416573614,63,63,63,63,61,63,0.5607,7817,1.11627530284214,27,-88,0.001869,51,2023-08-17 16:24:59.001751,124,1.037,0.0011,"aoml_navis",1024.70640344144
"7901009",8,0.458763173113417,1,0.534534,1,0.512106,1,171.847668921789,1,4.8792623206724,126,1,26.0319995880127,36.564998626709,0.534533977508545,0.521450996398926,165.715805053711,-88.4063,26.6967,23.8413416573614,63,63,63,63,61,63,0.512106,7817,1.11627530284214,27,-88,0.001869,51,2023-08-17 16:24:59.001751,126,1.037,0.0011,"aoml_navis",1024.74506828954
"7901009",8,0.430299764562585,4,0.502761,1,0.480333,1,170.469181856918,1,4.87897166457912,128,1,25.9419994354248,36.5970001220703,0.502761006355286,0.489677995443344,164.386505126953,-88.4063,26.6967,23.8413416573614,63,63,63,63,61,63,0.480333,7817,1.11627530284214,27,-88,0.001869,51,2023-08-17 16:24:59.001751,128,1.037,0.0011,"aoml_navis",1024.80611566153
"7901009",8,0.458763173113417,1,0.534534,1,0.512106,1,169.47490274712,1,4.87879198992294,130,1,25.8899993896484,36.6139984130859,0.534533977508545,0.521450996398926,163.427703857422,-88.4063,26.6967,23.8413416573614,63,63,63,63,61,63,0.512106,7817,1.11627530284214,27,-88,0.001869,51,2023-08-17 16:24:59.001751,130,1.037,0.0011,"aoml_navis",1024.84385690708
"7901009",8,0.448717264213123,1,0.52332,1,0.500892,1,168.732199860613,1,4.87857865538575,132,1,25.8129997253418,36.6300010681152,0.523320019245148,0.510236978530884,162.711502075195,-88.4063,26.6967,23.8413416573614,63,63,63,63,61,63,0.500892,7817,1.11627530284214,27,-88,0.001869,51,2023-08-17 16:24:59.001751,132,1.037,0.0011,"aoml_navis",1024.88867212999
"7901009",8,0.408533628611948,1,0.478464,1,0.456036,1,168.36177408621,1,4.87838973433213,134,1,25.7980003356934,36.6650009155273,0.478464007377625,0.465380996465683,162.354293823242,-88.4063,26.6967,23.8413416573614,63,63,63,63,61,63,0.456036,7817,1.11627530284214,27,-88,0.001869,51,2023-08-17 16:24:59.001751,134,1.037,0.0011,"aoml_navis",1024.92836208063
"7901009",8,0.378395901911067,4,0.444822,1,0.422394,1,167.967201804685,1,4.87815021243739,136,1,25.7900009155273,36.7169990539551,0.444822013378143,0.431739002466202,161.97380065918,-88.4063,26.6967,23.8413416573614,63,63,63,63,61,63,0.422394,7817,1.11627530284214,27,-88,0.001869,51,2023-08-17 16:24:59.001751,136,1.037,0.0011,"aoml_navis",1024.97868705477
"7901009",8,0.383418856361214,1,0.450429,1,0.428001,1,167.546600031537,1,4.87771161586608,138,1,25.6870002746582,36.7849998474121,0.450428992509842,0.437346011400223,161.568206787109,-88.4063,26.6967,23.8413416573614,63,63,63,63,61,63,0.428001,7817,1.11627530284214,27,-88,0.001869,51,2023-08-17 16:24:59.001751,138,1.037,0.0011,"aoml_navis",1025.07085161332
"7901009",8,0.411882264912046,1,0.482202,1,0.459774,1,167.038985386393,1,4.87763202992659,140,1,25.6730003356934,36.7900009155273,0.482201993465424,0.469119012355804,161.078704833984,-88.4063,26.6967,23.8413416573614,63,63,63,63,61,63,0.459774,7817,1.11627530284214,27,-88,0.001869,51,2023-08-17 16:24:59.001751,140,1.037,0.0011,"aoml_navis",1025.08757719373
"7901009",8,0.351606811510283,1,0.414918,1,0.39249,1,165.370550355261,1,4.87747909092727,142,1,25.628999710083,36.8030014038086,0.414918005466461,0.40183499455452,159.469802856445,-88.4063,26.6967,23.8413416573614,63,63,63,63,61,63,0.39249,7817,1.11627530284214,27,-88,0.001869,51,2023-08-17 16:24:59.001751,142,1.037,0.0011,"aoml_navis",1025.11972000057
"7901009",8,0.304725903308912,1,0.362586,1,0.340158,1,164.121055640366,1,4.87719125032993,144,1,25.5109996795654,36.8230018615723,0.362585991621017,0.349503010511398,158.264892578125,-88.4063,26.6967,23.8413416573614,63,63,63,63,61,63,0.340158,7817,1.11627530284214,27,-88,0.001869,51,2023-08-17 16:24:59.001751,144,1.037,0.0011,"aoml_navis",1025.180220206
"7901009",8,0.289657039958471,4,0.345765,1,0.323337,1,163.457279868883,1,4.87700133417388,146,1,25.4370002746582,36.8339996337891,0.345764994621277,0.332682013511658,157.624801635742,-88.4063,26.6967,23.8413416573614,63,63,63,63,61,63,0.323337,7817,1.11627530284214,27,-88,0.001869,51,2023-08-17 16:24:59.001751,146,1.037,0.0011,"aoml_navis",1025.22014192702
"7901009",8,0.294679994408618,1,0.351372,1,0.328944,1,162.955266707042,1,4.87679572672706,148,1,25.378999710083,36.8559989929199,0.351372003555298,0.338288992643356,157.140701293945,-88.4063,26.6967,23.8413416573614,63,63,63,63,61,63,0.328944,7817,1.11627530284214,27,-88,0.001869,51,2023-08-17 16:24:59.001751,148,1.037,0.0011,"aoml_navis",1025.26336557378
"7901009",8,0.301377267008814,1,0.358848,1,0.33642,1,162.266695669071,1,4.87664662584796,150,1,25.3299999237061,36.8660011291504,0.358848005533218,0.345764994621277,156.476699829102,-88.4063,26.6967,23.8413416573614,63,63,63,63,61,63,0.33642,7817,1.11627530284214,27,-88,0.001869,51,2023-08-17 16:24:59.001751,150,1.037,0.0011,"aoml_navis",1025.29471245635
"7901009",8,0.298028630708716,1,0.35511,1,0.332682,1,161.546287951984,1,4.87641203944516,152,1,25.2399997711182,36.882999420166,0.355109989643097,0.342027008533478,155.781997680664,-88.4063,26.6967,23.8413416573614,63,63,63,63,61,63,0.332682,7817,1.11627530284214,27,-88,0.001869,51,2023-08-17 16:24:59.001751,152,1.037,0.0011,"aoml_navis",1025.34403564652
"7901009",8,0.272913858457982,1,0.327075,1,0.304647,1,160.347000882632,1,4.87627214301105,154,1,25.1800003051758,36.8860015869141,0.327075004577637,0.313991993665695,154.625503540039,-88.4063,26.6967,23.8413416573614,63,63,63,63,61,63,0.304647,7817,1.11627530284214,27,-88,0.001869,51,2023-08-17 16:24:59.001751,154,1.037,0.0011,"aoml_navis",1025.373451965
"7901009",8,0.256170676957492,1,0.308385,1,0.285957,1,158.320798796429,1,4.87609320034627,156,1,25.1079998016357,36.8950004577637,0.308385014533997,0.295302003622055,152.671600341797,-88.4063,26.6967,23.8413416573614,63,63,63,63,61,63,0.285957,7817,1.11627530284214,27,-88,0.001869,51,2023-08-17 16:24:59.001751,156,1.037,0.0011,"aoml_navis",1025.41108107715
"7901009",8,0.224358632106562,1,0.272874,1,0.250446,1,156.976332039758,1,4.87565748235079,158,1,24.9120006561279,36.9249992370605,0.272873997688293,0.259790986776352,151.375106811523,-88.4063,26.6967,23.8413416573614,63,63,63,63,61,63,0.250446,7817,1.11627530284214,27,-88,0.001869,51,2023-08-17 16:24:59.001751,158,1.037,0.0011,"aoml_navis",1025.50271796149
"7901009",8,0.219335677656415,1,0.267267,1,0.244839,1,156.01626311895,1,4.8755048332451,160,1,24.8279991149902,36.9220008850098,0.267266988754272,0.254184007644653,150.449295043945,-88.4063,26.6967,23.8413416573614,63,63,63,63,61,63,0.244839,7817,1.11627530284214,27,-88,0.001869,51,2023-08-17 16:24:59.001751,160,1.037,0.0011,"aoml_navis",1025.53482583096
"7901009",8,0.204266814305974,4,0.250446,1,0.228018,1,155.555833850109,1,4.87539214510904,162,1,24.7910003662109,36.9269981384277,0.250445991754532,0.237362995743752,150.005294799805,-88.4063,26.6967,23.8413416573614,63,63,63,63,61,63,0.228018,7817,1.11627530284214,27,-88,0.001869,51,2023-08-17 16:24:59.001751,162,1.037,0.0011,"aoml_navis",1025.55852968996
"7901009",8,0.212638405056219,1,0.259791,1,0.237363,1,155.26568017966,1,4.87525714675013,164,1,24.7509994506836,36.9370002746582,0.259790986776352,0.246708005666733,149.725494384766,-88.4063,26.6967,23.8413416573614,63,63,63,63,61,63,0.237363,7817,1.11627530284214,27,-88,0.001869,51,2023-08-17 16:24:59.001751,164,1.037,0.0011,"aoml_navis",1025.58692792913
"7901009",8,0.19422090540568,4,0.239232,1,0.216804,1,155.770604846947,1,4.87502667550517,166,1,24.6700000762939,36.9570007324219,0.239232003688812,0.226148992776871,150.21240234375,-88.4063,26.6967,23.8413416573614,63,63,63,63,61,63,0.216804,7817,1.11627530284214,27,-88,0.001869,51,2023-08-17 16:24:59.001751,166,1.037,0.0011,"aoml_navis",1025.63541346815
"7901009",8,0.204266814305974,1,0.250446,1,0.228018,1,156.431579876778,1,4.87486296600249,168,1,24.6200008392334,36.9710006713867,0.250445991754532,0.237362995743752,150.849792480469,-88.4063,26.6967,23.8413416573614,63,63,63,63,61,63,0.228018,7817,1.11627530284214,27,-88,0.001869,51,2023-08-17 16:24:59.001751,168,1.037,0.0011,"aoml_navis",1025.66985674679
"7901009",8,0.207615450606072,1,0.254184,1,0.231756,1,156.598959793123,1,4.87479108390309,170,1,24.6060009002686,36.9739990234375,0.254184007644653,0.241100996732712,151.011199951172,-88.4063,26.6967,23.8413416573614,63,63,63,63,61,63,0.231756,7817,1.11627530284214,27,-88,0.001869,51,2023-08-17 16:24:59.001751,170,1.037,0.0011,"aoml_navis",1025.68498094418
"7901009",8,0.200918178005876,1,0.246708,1,0.22428,1,156.653091641659,1,4.87468162801278,172,1,24.576000213623,36.9809989929199,0.246708005666733,0.233624994754791,151.063400268555,-88.4063,26.6967,23.8413416573614,63,63,63,63,61,63,0.22428,7817,1.11627530284214,27,-88,0.001869,51,2023-08-17 16:24:59.001751,172,1.037,0.0011,"aoml_navis",1025.70801163035
"7901009",8,0.185849314655435,1,0.229887,1,0.207459,1,155.804514391353,1,4.87450705527547,174,1,24.5009994506836,36.9879989624023,0.229886993765831,0.216803997755051,150.245101928711,-88.4063,26.6967,23.8413416573614,63,63,63,63,61,63,0.207459,7817,1.11627530284214,27,-88,0.001869,51,2023-08-17 16:24:59.001751,174,1.037,0.0011,"aoml_navis",1025.74474573561
"7901009",8,0.167431815004897,1,0.209328,1,0.1869,1,154.556902660958,1,4.87433479692773,176,1,24.4200000762939,36.992000579834,0.20932799577713,0.19624499976635,149.042007446289,-88.4063,26.6967,23.8413416573614,63,63,63,63,61,63,0.1869,7817,1.11627530284214,27,-88,0.001869,51,2023-08-17 16:24:59.001751,176,1.037,0.0011,"aoml_navis",1025.78099541941
"7901009",8,0.164083178704799,1,0.20559,1,0.183162,1,153.722518999701,1,4.87402533619507,178,1,24.2759990692139,37.0089988708496,0.20558999478817,0.19250699877739,148.237396240234,-88.4063,26.6967,23.8413416573614,63,63,63,63,61,63,0.183162,7817,1.11627530284214,27,-88,0.001869,51,2023-08-17 16:24:59.001751,178,1.037,0.0011,"aoml_navis",1025.84612412033
"7901009",8,0.14566567905426,1,0.185031,1,0.162603,1,153.047334557422,1,4.87375830188693,180,1,24.1359996795654,37.015998840332,0.185030996799469,0.171948000788689,147.586303710938,-88.4063,26.6967,23.8413416573614,63,63,63,63,61,63,0.162603,7817,1.11627530284214,27,-88,0.001869,51,2023-08-17 16:24:59.001751,180,1.037,0.0011,"aoml_navis",1025.90233045906
"7901009",8,0.140642724604113,1,0.179424,1,0.156996,1,152.515968990134,1,4.87361072859271,182,1,24.0690002441406,37.0190010070801,0.179424002766609,0.166341006755829,147.07389831543,-88.4063,26.6967,23.8413416573614,63,63,63,63,61,63,0.156996,7817,1.11627530284214,27,-88,0.001869,51,2023-08-17 16:24:59.001751,182,1.037,0.0011,"aoml_navis",1025.93339485769
"7901009",8,0.125573861253673,1,0.162603,1,0.140175,1,152.195434393291,1,4.8734419001579,184,1,23.9869995117188,37.0219993591309,0.162603005766869,0.149519994854927,146.764801025391,-88.4063,26.6967,23.8413416573614,63,63,63,63,61,63,0.140175,7817,1.11627530284214,27,-88,0.001869,51,2023-08-17 16:24:59.001751,184,1.037,0.0011,"aoml_navis",1025.96893580243
"7901009",8,0.112179316053281,1,0.147651,1,0.125223,1,151.673404631509,1,4.87333189074204,186,1,23.9360008239746,37.0209999084473,0.147651001811028,0.134568005800247,146.26139831543,-88.4063,26.6967,23.8413416573614,63,63,63,63,61,63,0.125223,7817,1.11627530284214,27,-88,0.001869,51,2023-08-17 16:24:59.001751,186,1.037,0.0011,"aoml_navis",1025.99209577714
"7901009",8,0.100459089002938,1,0.134568,1,0.11214,1,150.99198576996,1,4.87315380410637,188,1,23.8269996643066,37.015998840332,0.134568005800247,0.121485002338886,145.604293823242,-88.4063,26.6967,23.8413416573614,63,63,63,63,61,63,0.11214,7817,1.11627530284214,27,-88,0.001869,51,2023-08-17 16:24:59.001751,188,1.037,0.0011,"aoml_navis",1026.02959007507
"7901009",8,0.0904131801026443,1,0.123354,1,0.100926,1,150.621053646784,1,4.87274790662418,190,1,23.57200050354,37.0169982910156,0.123354002833366,0.110270999372005,145.246597290039,-88.4063,26.6967,23.8413416573614,63,63,63,63,61,63,0.100926,7817,1.11627530284214,27,-88,0.001869,51,2023-08-17 16:24:59.001751,190,1.037,0.0011,"aoml_navis",1026.11505783068
"7901009",8,0.0904131801026443,1,0.123354,1,0.100926,1,150.730978800769,1,4.8724655054598,192,1,23.3519992828369,36.9980010986328,0.123354002833366,0.110270999372005,145.352600097656,-88.4063,26.6967,23.8413416573614,63,63,63,63,61,63,0.100926,7817,1.11627530284214,27,-88,0.001869,51,2023-08-17 16:24:59.001751,192,1.037,0.0011,"aoml_navis",1026.17452999868
"7901009",8,0.0954361345527912,1,0.128961,1,0.106533,1,150.429622163712,1,4.8723661658692,194,1,23.2590007781982,36.9780006408691,0.128960996866226,0.115878000855446,145.061996459961,-88.4063,26.6967,23.8413416573614,63,63,63,63,61,63,0.106533,7817,1.11627530284214,27,-88,0.001869,51,2023-08-17 16:24:59.001751,194,1.037,0.0011,"aoml_navis",1026.19545202183
"7901009",8,0.0837159075024484,1,0.115878,1,0.09345,1,149.81043673107,1,4.87225431305392,196,1,23.1979999542236,36.9739990234375,0.115878000855446,0.102794997394085,144.464904785156,-88.4063,26.6967,23.8413416573614,63,63,63,63,61,63,0.09345,7817,1.11627530284214,27,-88,0.001869,51,2023-08-17 16:24:59.001751,196,1.037,0.0011,"aoml_navis",1026.21901049045
"7901009",8,0.0837159075024484,1,0.115878,1,0.09345,1,148.828183404636,1,4.87210462213662,198,1,23.0839996337891,36.9599990844727,0.115878000855446,0.102794997394085,143.517700195312,-88.4063,26.6967,23.8413416573614,63,63,63,63,61,63,0.09345,7817,1.11627530284214,27,-88,0.001869,51,2023-08-17 16:24:59.001751,198,1.037,0.0011,"aoml_navis",1026.25054012229
"7901009",8,0.0602754534017628,1,0.089712,1,0.067284,1,148.262496884564,1,4.87173099545691,200,1,22.8290004730225,36.9539985656738,0.0897120013833046,0.0766289979219437,142.972198486328,-88.4063,26.6967,23.8413416573614,63,63,63,63,61,63,0.067284,7817,1.11627530284214,27,-88,0.001869,51,2023-08-17 16:24:59.001751,200,1.037,0.0011,"aoml_navis",1026.32924614736
"7901009",8,0.053578180801567,1,0.082236,1,0.059808,1,147.582533775737,1,4.87159596693419,202,1,22.7870006561279,36.9640007019043,0.0822359994053841,0.0691530033946037,142.316497802734,-88.4063,26.6967,23.8413416573614,63,63,63,63,61,63,0.059808,7817,1.11627530284214,27,-88,0.001869,51,2023-08-17 16:24:59.001751,202,1.037,0.0011,"aoml_navis",1026.35769344119
"7901009",8,0.0452065900513221,1,0.072891,1,0.050463,1,146.4037696551,1,4.87148897776199,204,1,22.7469997406006,36.9669990539551,0.0728909969329834,0.0598080009222031,141.179794311523,-88.4063,26.6967,23.8413416573614,63,63,63,63,61,63,0.050463,7817,1.11627530284214,27,-88,0.001869,51,2023-08-17 16:24:59.001751,204,1.037,0.0011,"aoml_navis",1026.38023463148
"7901009",8,0.0368349993010773,1,0.063546,1,0.041118,1,145.800755736402,1,4.87124833503772,206,1,22.576000213623,36.9570007324219,0.0635460019111633,0.0504629984498024,140.598297119141,-88.4063,26.6967,23.8413416573614,63,63,63,63,61,63,0.041118,7817,1.11627530284214,27,-88,0.001869,51,2023-08-17 16:24:59.001751,206,1.037,0.0011,"aoml_navis",1026.43093845908
"7901009",8,0.0435322719012732,1,0.071022,1,0.048594,1,145.68720702401,1,4.87102991401367,208,1,22.4020004272461,36.939998626709,0.0710219964385033,0.0579390004277229,140.488800048828,-88.4063,26.6967,23.8413416573614,63,63,63,63,61,63,0.048594,7817,1.11627530284214,27,-88,0.001869,51,2023-08-17 16:24:59.001751,208,1.037,0.0011,"aoml_navis",1026.47696447425
"7901009",8,0.0368349993010773,1,0.063546,1,0.041118,1,145.12525482614,1,4.87094707393184,210,1,22.3740005493164,36.9410018920898,0.0635460019111633,0.0504629984498024,139.946899414062,-88.4063,26.6967,23.8413416573614,63,63,63,63,61,63,0.041118,7817,1.11627530284214,27,-88,0.001869,51,2023-08-17 16:24:59.001751,210,1.037,0.0011,"aoml_navis",1026.49442174373
"7901009",8,0.0351606811510283,1,0.061677,1,0.039249,1,144.53758960463,1,4.87075826296435,212,1,22.2339992523193,36.9290008544922,0.0616770014166832,0.0485940016806126,139.38020324707,-88.4063,26.6967,23.8413416573614,63,63,63,63,61,63,0.039249,7817,1.11627530284214,27,-88,0.001869,51,2023-08-17 16:24:59.001751,212,1.037,0.0011,"aoml_navis",1026.53421296195
"7901009",8,0.0385093174511263,1,0.065415,1,0.042987,1,144.159805949617,1,4.87059270236644,214,1,22.0919990539551,36.9099998474121,0.0654150024056435,0.0523319989442825,139.015899658203,-88.4063,26.6967,23.8413416573614,63,63,63,63,61,63,0.042987,7817,1.11627530284214,27,-88,0.001869,51,2023-08-17 16:24:59.001751,214,1.037,0.0011,"aoml_navis",1026.56910678872
"7901009",8,0.0318120448509304,4,0.057939,1,0.035511,1,142.969332513599,1,4.8704563382462,216,1,21.9950008392334,36.9000015258789,0.0579390004277229,0.0448560006916523,137.867904663086,-88.4063,26.6967,23.8413416573614,63,63,63,63,61,63,0.035511,7817,1.11627530284214,27,-88,0.001869,51,2023-08-17 16:24:59.001751,216,1.037,0.0011,"aoml_navis",1026.59784889899
"7901009",8,0.0452065900513221,1,0.072891,1,0.050463,1,141.544482889181,1,4.87026523911057,218,1,21.8090000152588,36.8720016479492,0.0728909969329834,0.0598080009222031,136.493896484375,-88.4063,26.6967,23.8413416573614,63,63,63,63,61,63,0.050463,7817,1.11627530284214,27,-88,0.001869,51,2023-08-17 16:24:59.001751,218,1.037,0.0011,"aoml_navis",1026.63813047544
"7901009",8,0.0837159075024484,1,0.115878,1,0.09345,1,141.229344071453,1,4.87004660289771,220,1,21.4610004425049,36.7919998168945,0.115878000855446,0.102794997394085,136.190002441406,-88.4063,26.6967,23.8413416573614,63,63,63,63,61,63,0.09345,7817,1.11627530284214,27,-88,0.001869,51,2023-08-17 16:24:59.001751,220,1.037,0.0011,"aoml_navis",1026.68422043948
"7901009",8,0.0937618164027422,1,0.127092,1,0.104664,1,141.138501936859,1,4.8699724257754,222,1,21.4090003967285,36.7820014953613,0.127092003822327,0.114009000360966,136.102401733398,-88.4063,26.6967,23.8413416573614,63,63,63,63,61,63,0.104664,7817,1.11627530284214,27,-88,0.001869,51,2023-08-17 16:24:59.001751,222,1.037,0.0011,"aoml_navis",1026.69985840914
"7901009",8,0.0904131801026443,1,0.123354,1,0.100926,1,141.021424606453,1,4.86989931427685,224,1,21.3740005493164,36.7779998779297,0.123354002833366,0.110270999372005,135.989501953125,-88.4063,26.6967,23.8413416573614,63,63,63,63,61,63,0.100926,7817,1.11627530284214,27,-88,0.001869,51,2023-08-17 16:24:59.001751,224,1.037,0.0011,"aoml_navis",1026.71527219089
"7901009",8,0.0937618164027422,1,0.127092,1,0.104664,1,140.910249403935,1,4.8697729938743,226,1,21.2880001068115,36.7700004577637,0.127092003822327,0.114009000360966,135.882293701172,-88.4063,26.6967,23.8413416573614,63,63,63,63,61,63,0.104664,7817,1.11627530284214,27,-88,0.001869,51,2023-08-17 16:24:59.001751,226,1.037,0.0011,"aoml_navis",1026.74190486692
"7901009",8,0.0954361345527912,1,0.128961,1,0.106533,1,140.497844151553,1,4.86965538879595,228,1,21.2220001220703,36.7669982910156,0.128960996866226,0.115878000855446,135.484603881836,-88.4063,26.6967,23.8413416573614,63,63,63,63,61,63,0.106533,7817,1.11627530284214,27,-88,0.001869,51,2023-08-17 16:24:59.001751,228,1.037,0.0011,"aoml_navis",1026.76670129553
"7901009",8,0.0937618164027422,1,0.127092,1,0.104664,1,139.757309070731,1,4.86943724875973,230,1,21.0659999847412,36.7589988708496,0.127092003822327,0.114009000360966,134.770492553711,-88.4063,26.6967,23.8413416573614,63,63,63,63,61,63,0.104664,7817,1.11627530284214,27,-88,0.001869,51,2023-08-17 16:24:59.001751,230,1.037,0.0011,"aoml_navis",1026.81269817647
"7901009",8,0.0837159075024484,1,0.115878,1,0.09345,1,139.554785384846,1,4.86922399584649,232,1,20.8910007476807,36.7430000305176,0.115878000855446,0.102794997394085,134.5751953125,-88.4063,26.6967,23.8413416573614,63,63,63,63,61,63,0.09345,7817,1.11627530284214,27,-88,0.001869,51,2023-08-17 16:24:59.001751,232,1.037,0.0011,"aoml_navis",1026.85766854535
"7901009",8,0.0803672712023505,1,0.11214,1,0.089712,1,139.175356096319,1,4.86902695410152,234,1,20.7689990997314,36.742000579834,0.112139999866486,0.0990569964051247,134.20930480957,-88.4063,26.6967,23.8413416573614,63,63,63,63,61,63,0.089712,7817,1.11627530284214,27,-88,0.001869,51,2023-08-17 16:24:59.001751,234,1.037,0.0011,"aoml_navis",1026.8992238353
"7901009",8,0.0669727260019587,1,0.097188,1,0.07476,1,138.330718872405,1,4.86882423269555,236,1,20.6200008392334,36.7330017089844,0.0971880033612251,0.0841049998998642,133.394805908203,-88.4063,26.6967,23.8413416573614,63,63,63,63,61,63,0.07476,7817,1.11627530284214,27,-88,0.001869,51,2023-08-17 16:24:59.001751,236,1.037,0.0011,"aoml_navis",1026.9419804526
"7901009",8,0.053578180801567,1,0.082236,1,0.059808,1,137.468232854235,1,4.86856433500198,238,1,20.386999130249,36.7099990844727,0.0822359994053841,0.0691530033946037,132.563095092773,-88.4063,26.6967,23.8413416573614,63,63,63,63,61,63,0.059808,7817,1.11627530284214,27,-88,0.001869,51,2023-08-17 16:24:59.001751,238,1.037,0.0011,"aoml_navis",1026.9968015115
"7901009",8,0.0468809082013711,1,0.07476,1,0.052332,1,137.540308437422,1,4.86827525831866,240,1,20.1070003509521,36.6790008544922,0.0747599974274635,0.0616770014166832,132.632598876953,-88.4063,26.6967,23.8413416573614,63,63,63,63,61,63,0.052332,7817,1.11627530284214,27,-88,0.001869,51,2023-08-17 16:24:59.001751,240,1.037,0.0011,"aoml_navis",1027.05778426482
"7901009",8,0.0435322719012732,1,0.071022,1,0.048594,1,137.745632864959,1,4.86814503323665,242,1,20.0090007781982,36.6689987182617,0.0710219964385033,0.0579390004277229,132.830596923828,-88.4063,26.6967,23.8413416573614,63,63,63,63,61,63,0.048594,7817,1.11627530284214,27,-88,0.001869,51,2023-08-17 16:24:59.001751,242,1.037,0.0011,"aoml_navis",1027.08525852519
"7901009",8,0.0401836356011752,1,0.067284,1,0.044856,1,138.071468300521,1,4.86801745768842,244,1,19.9270000457764,36.6640014648438,0.0672840029001236,0.0542009994387627,133.144805908203,-88.4063,26.6967,23.8413416573614,63,63,63,63,61,63,0.044856,7817,1.11627530284214,27,-88,0.001869,51,2023-08-17 16:24:59.001751,244,1.037,0.0011,"aoml_navis",1027.11217522508
"7901009",8,0.0401836356011752,1,0.067284,1,0.044856,1,138.448413315378,1,4.86789864491221,246,1,19.8460006713867,36.6570014953613,0.0672840029001236,0.0542009994387627,133.50830078125,-88.4063,26.6967,23.8413416573614,63,63,63,63,61,63,0.044856,7817,1.11627530284214,27,-88,0.001869,51,2023-08-17 16:24:59.001751,246,1.037,0.0011,"aoml_navis",1027.13724436844
"7901009",8,0.0368349993010773,1,0.063546,1,0.041118,1,139.117901333959,1,4.8678059978005,248,1,19.7940006256104,36.6529998779297,0.0635460019111633,0.0504629984498024,134.153900146484,-88.4063,26.6967,23.8413416573614,63,63,63,63,61,63,0.041118,7817,1.11627530284214,27,-88,0.001869,51,2023-08-17 16:24:59.001751,248,1.037,0.0011,"aoml_navis",1027.15679348339
"7901009",8,0.0301377267008814,1,0.05607,1,0.033642,1,140.268768801872,1,4.86768687763653,250,1,19.7210006713867,36.648998260498,0.0560699999332428,0.0429870001971722,135.263702392578,-88.4063,26.6967,23.8413416573614,63,63,63,63,61,63,0.033642,7817,1.11627530284214,27,-88,0.001869,51,2023-08-17 16:24:59.001751,250,1.037,0.0011,"aoml_navis",1027.18192966999
"7901009",8,0.0301377267008814,1,0.05607,1,0.033642,1,142.088602116194,1,4.86757299380159,252,1,19.6520004272461,36.6450004577637,0.0560699999332428,0.0429870001971722,137.018600463867,-88.4063,26.6967,23.8413416573614,63,63,63,63,61,63,0.033642,7817,1.11627530284214,27,-88,0.001869,51,2023-08-17 16:24:59.001751,252,1.037,0.0011,"aoml_navis",1027.20596206098
"7901009",8,0.0184174996505387,1,0.042987,1,0.020559,1,144.349781679966,1,4.86738725905825,254,1,19.5429992675781,36.6469993591309,0.0429870001971722,0.0299040004611015,139.199096679688,-88.4063,26.6967,23.8413416573614,63,63,63,63,61,63,0.020559,7817,1.11627530284214,27,-88,0.001869,51,2023-08-17 16:24:59.001751,254,1.037,0.0011,"aoml_navis",1027.24515923712
"7901009",8,0.00669727260019587,1,0.029904,1,0.007476,1,145.906851627789,1,4.86724588850204,256,1,19.4689998626709,36.648998260498,0.0299040004611015,0.0168210007250309,140.700607299805,-88.4063,26.6967,23.8413416573614,63,63,63,63,61,63,0.007476,7817,1.11627530284214,27,-88,0.001869,51,2023-08-17 16:24:59.001751,256,1.037,0.0011,"aoml_navis",1027.27499586811
"7901009",8,0.0100459089002938,1,0.033642,1,0.011214,1,147.317270312171,1,4.86716819879602,258,1,19.4370002746582,36.6479988098145,0.0336420014500618,0.020558999851346,142.060699462891,-88.4063,26.6967,23.8413416573614,63,63,63,63,61,63,0.011214,7817,1.11627530284214,27,-88,0.001869,51,2023-08-17 16:24:59.001751,258,1.037,0.0011,"aoml_navis",1027.29139322468
"7901009",8,0.0050229544501469,1,0.028035,1,0.005607,1,148.53304536345,1,4.86705839931264,260,1,19.3880004882812,36.6500015258789,0.0280349999666214,0.0149520002305508,143.233093261719,-88.4063,26.6967,23.8413416573614,63,63,63,63,61,63,0.005607,7817,1.11627530284214,27,-88,0.001869,51,2023-08-17 16:24:59.001751,260,1.037,0.0011,"aoml_navis",1027.3145686327
"7901009",8,-0.00167431815004897,1,0.020559,1,-0.001869,1,149.292030527696,1,4.8669758108717,262,1,19.3519992828369,36.648998260498,0.020558999851346,0.00747600011527538,143.964996337891,-88.4063,26.6967,23.8413416573614,63,63,63,63,61,63,-0.001869,7817,1.11627530284214,27,-88,0.001869,51,2023-08-17 16:24:59.001751,262,1.037,0.0011,"aoml_navis",1027.33200128736
"7901009",8,-0.00167431815004897,1,0.020559,1,-0.001869,1,150.052993616837,1,4.86687648244416,264,1,19.2910003662109,36.6440010070801,0.020558999851346,0.00747600011527538,144.698806762695,-88.4063,26.6967,23.8413416573614,63,63,63,63,61,63,-0.001869,7817,1.11627530284214,27,-88,0.001869,51,2023-08-17 16:24:59.001751,264,1.037,0.0011,"aoml_navis",1027.35296817909
"7901009",8,0,1,0.022428,1,0,1,150.374556734625,1,4.8668087328672,266,1,19.2609996795654,36.640998840332,0.0224280003458261,0.00934499967843294,145.008895874023,-88.4063,26.6967,23.8413416573614,63,63,63,63,61,63,0,7817,1.11627530284214,27,-88,0.001869,51,2023-08-17 16:24:59.001751,266,1.037,0.0011,"aoml_navis",1027.36726969222
"7901009",8,-0.00334863630009794,1,0.01869,1,-0.003738,1,150.752134685449,1,4.86669420762749,268,1,19.1760005950928,36.6319999694824,0.0186899993568659,0.00560700008645654,145.373001098633,-88.4063,26.6967,23.8413416573614,63,63,63,63,61,63,-0.003738,7817,1.11627530284214,27,-88,0.001869,51,2023-08-17 16:24:59.001751,268,1.037,0.0011,"aoml_navis",1027.39144616146
"7901009",8,-0.00837159075024484,1,0.013083,1,-0.009345,1,150.691879181437,1,4.86657210132753,270,1,19.0729999542236,36.6189994812012,0.0130829997360706,0,145.314895629883,-88.4063,26.6967,23.8413416573614,63,63,63,63,61,63,-0.009345,7817,1.11627530284214,27,-88,0.001869,51,2023-08-17 16:24:59.001751,270,1.037,0.0011,"aoml_navis",1027.41722425854
"7901009",8,0,1,0.01869,1,-0.003738,1,150.376835304105,1,4.86651821208747,272,1,19.0540008544922,36.6160011291504,0.0186899993568659,0,145.011093139648,-88.4063,26.6967,23.8413416573614,63,63,63,63,61,63,0,7817,1.11627530284214,27,-88,0.001869,51,2023-08-17 16:24:59.001751,272,1.037,0.0011,"aoml_navis",1027.42860133164
"7901009",8,0,1,0.014952,1,-0.007476,1,149.934666237898,1,4.86646280356834,274,1,19.0249996185303,36.6100006103516,0.0149520002305508,0,144.584701538086,-88.4063,26.6967,23.8413416573614,63,63,63,63,61,63,0,7817,1.11627530284214,27,-88,0.001869,51,2023-08-17 16:24:59.001751,274,1.037,0.0011,"aoml_navis",1027.44029941701
"7901009",8,0,1,0.016821,1,-0.005607,1,149.414709341406,1,4.86640124120304,276,1,18.9909992218018,36.6040000915527,0.0168210007250309,0,144.083297729492,-88.4063,26.6967,23.8413416573614,63,63,63,63,61,63,0,7817,1.11627530284214,27,-88,0.001869,51,2023-08-17 16:24:59.001751,276,1.037,0.0011,"aoml_navis",1027.45329704131
"7901009",8,0,1,0.020559,1,-0.001869,1,148.38371994555,1,4.86633706604696,278,1,18.9489994049072,36.5960006713867,0.020558999851346,0,143.089096069336,-88.4063,26.6967,23.8413416573614,63,63,63,63,61,63,0,7817,1.11627530284214,27,-88,0.001869,51,2023-08-17 16:24:59.001751,278,1.037,0.0011,"aoml_navis",1027.46684665261
"7901009",8,0,1,0.016821,1,-0.005607,1,147.681667371493,1,4.86618443340669,280,1,18.7940006256104,36.5740013122559,0.0168210007250309,0,142.412094116211,-88.4063,26.6967,23.8413416573614,63,63,63,63,61,63,0,7817,1.11627530284214,27,-88,0.001869,51,2023-08-17 16:24:59.001751,280,1.037,0.0011,"aoml_navis",1027.49907415647
"7901009",8,0,1,0.016821,1,-0.005607,1,146.48144672159,1,4.86610669835181,282,1,18.7229995727539,36.560001373291,0.0168210007250309,0,141.254699707031,-88.4063,26.6967,23.8413416573614,63,63,63,63,61,63,0,7817,1.11627530284214,27,-88,0.001869,51,2023-08-17 16:24:59.001751,282,1.037,0.0011,"aoml_navis",1027.5154882431
"7901009",8,0,1,0.024297,1,0.001869,1,145.781783480806,1,4.86596624498933,284,1,18.5620002746582,36.5330009460449,0.0242970008403063,0,140.580001831055,-88.4063,26.6967,23.8413416573614,63,63,63,63,61,63,0,7817,1.11627530284214,27,-88,0.001869,51,2023-08-17 16:24:59.001751,284,1.037,0.0011,"aoml_navis",1027.5451468963
"7901009",8,0,1,0.016821,1,-0.005607,1,146.893029157216,1,4.8658440890385,286,1,18.4449996948242,36.515998840332,0.0168210007250309,0,141.651596069336,-88.4063,26.6967,23.8413416573614,63,63,63,63,61,63,0,7817,1.11627530284214,27,-88,0.001869,51,2023-08-17 16:24:59.001751,286,1.037,0.0011,"aoml_navis",1027.57094319231
"7901009",8,0,1,0.020559,1,-0.001869,1,146.599046224169,1,4.86575413418988,288,1,18.3840007781982,36.5089988708496,0.020558999851346,0,141.368103027344,-88.4063,26.6967,23.8413416573614,63,63,63,63,61,63,0,7817,1.11627530284214,27,-88,0.001869,51,2023-08-17 16:24:59.001751,288,1.037,0.0011,"aoml_navis",1027.5899402452
"7901009",8,0,1,0.01869,1,-0.003738,1,145.683377761412,1,4.86567878942401,290,1,18.3229999542236,36.4980010986328,0.0186899993568659,0,140.485107421875,-88.4063,26.6967,23.8413416573614,63,63,63,63,61,63,0,7817,1.11627530284214,27,-88,0.001869,51,2023-08-17 16:24:59.001751,290,1.037,0.0011,"aoml_navis",1027.60585241836
"7901009",8,0,1,0.029904,1,0.007476,1,144.8821757682,1,4.86556618873494,292,1,18.201000213623,36.4770011901855,0.0299040004611015,0,139.712493896484,-88.4063,26.6967,23.8413416573614,63,63,63,63,61,63,0,7817,1.11627530284214,27,-88,0.001869,51,2023-08-17 16:24:59.001751,292,1.037,0.0011,"aoml_navis",1027.62963364393
"7901009",8,0,1,0.022428,1,0,1,142.686647487554,1,4.86551050698874,294,1,18.1709995269775,36.4710006713867,0.0224280003458261,0,137.595306396484,-88.4063,26.6967,23.8413416573614,63,63,63,63,61,63,0,7817,1.11627530284214,27,-88,0.001869,51,2023-08-17 16:24:59.001751,294,1.037,0.0011,"aoml_navis",1027.64139401571
"7901009",8,0,1,0.024297,1,0.001869,1,138.959350874347,1,4.86540910923715,295.899993896484,1,18.0559997558594,36.4500007629395,0.0242970008403063,0,134.001007080078,-88.4063,26.6967,23.8413416573614,63,63,63,63,61,63,0,7817,1.11627530284214,27,-88,0.001869,51,2023-08-17 16:24:59.001751,295.899993896484,1.037,0.0011,"aoml_navis",1027.66281061696
"7901009",8,0,1,0.039249,1,0.016821,1,137.305742368232,1,4.86532930225209,298,1,17.9559993743896,36.4269981384277,0.0392489992082119,0,132.406402587891,-88.4063,26.6967,23.8413416573614,63,63,63,63,61,63,0,7817,1.11627530284214,27,-88,0.001869,51,2023-08-17 16:24:59.001751,298,1.037,0.0011,"aoml_navis",1027.67966757884
"7901009",8,0,1,0.041118,1,0.01869,1,136.786196880118,1,4.86526326791934,300,1,17.9080009460449,36.4179992675781,0.041117999702692,0,131.905395507812,-88.4063,26.6967,23.8413416573614,63,63,63,63,61,63,0,7817,1.11627530284214,27,-88,0.001869,51,2023-08-17 16:24:59.001751,300,1.037,0.0011,"aoml_navis",1027.69361587668
"7901009",8,0,1,0.03738,1,0.014952,1,135.938553210363,1,4.86518668594258,302,1,17.8449993133545,36.4070014953613,0.0373799987137318,0,131.087997436523,-88.4063,26.6967,23.8413416573614,63,63,63,63,61,63,0,7817,1.11627530284214,27,-88,0.001869,51,2023-08-17 16:24:59.001751,302,1.037,0.0011,"aoml_navis",1027.7097926061
"7901009",8,0,1,0.041118,1,0.01869,1,135.715696456553,1,4.86508675548299,304,1,17.75,36.3919982910156,0.041117999702692,0,130.873092651367,-88.4063,26.6967,23.8413416573614,63,63,63,63,61,63,0,7817,1.11627530284214,27,-88,0.001869,51,2023-08-17 16:24:59.001751,304,1.037,0.0011,"aoml_navis",1027.7309020985
"7901009",8,0,1,0.03738,1,0.014952,1,136.510458326306,1,4.86495797123408,306,1,17.6149997711182,36.3720016479492,0.0373799987137318,0,131.639495849609,-88.4063,26.6967,23.8413416573614,63,63,63,63,61,63,0,7817,1.11627530284214,27,-88,0.001869,51,2023-08-17 16:24:59.001751,306,1.037,0.0011,"aoml_navis",1027.7581079969
"7901009",8,0,1,0.026166,1,0.003738,1,137.318084619579,1,4.86481329254041,308,1,17.4720001220703,36.3540000915527,0.0261659994721413,0,132.418304443359,-88.4063,26.6967,23.8413416573614,63,63,63,63,61,63,0,7817,1.11627530284214,27,-88,0.001869,51,2023-08-17 16:24:59.001751,308,1.037,0.0011,"aoml_navis",1027.78867334269
"7901009",8,0,1,0.020559,1,-0.001869,1,135.991134365781,1,4.86473301244126,310,1,17.4080009460449,36.3440017700195,0.020558999851346,0,131.138702392578,-88.4063,26.6967,23.8413416573614,63,63,63,63,61,63,0,7817,1.11627530284214,27,-88,0.001869,51,2023-08-17 16:24:59.001751,310,1.037,0.0011,"aoml_navis",1027.80563439202
"7901009",8,0,1,0.020559,1,-0.001869,1,134.940444837968,1,4.86468047483278,312,1,17.382999420166,36.3390007019043,0.020558999851346,0,130.125503540039,-88.4063,26.6967,23.8413416573614,63,63,63,63,61,63,0,7817,1.11627530284214,27,-88,0.001869,51,2023-08-17 16:24:59.001751,312,1.037,0.0011,"aoml_navis",1027.81673449413
"7901009",8,0,1,0.022428,1,0,1,134.127011357202,1,4.86460966462855,314,1,17.3299999237061,36.3300018310547,0.0224280003458261,0,129.341094970703,-88.4063,26.6967,23.8413416573614,63,63,63,63,61,63,0,7817,1.11627530284214,27,-88,0.001869,51,2023-08-17 16:24:59.001751,314,1.037,0.0011,"aoml_navis",1027.83169559439
"7901009",8,0,1,0.020559,1,-0.001869,1,133.512066595536,1,4.864503533307,316,1,17.2280006408691,36.314998626709,0.020558999851346,0,128.748092651367,-88.4063,26.6967,23.8413416573614,63,63,63,63,61,63,0,7817,1.11627530284214,27,-88,0.001869,51,2023-08-17 16:24:59.001751,316,1.037,0.0011,"aoml_navis",1027.85412031573
"7901009",8,0,1,0.024297,1,0.001869,1,132.946490839258,1,4.86445231687576,318,1,17.2040004730225,36.310001373291,0.0242970008403063,0,128.202697753906,-88.4063,26.6967,23.8413416573614,63,63,63,63,61,63,0,7817,1.11627530284214,27,-88,0.001869,51,2023-08-17 16:24:59.001751,318,1.037,0.0011,"aoml_navis",1027.86494229864
"7901009",8,0,1,0.026166,1,0.003738,1,132.399578782292,1,4.86440113527629,320,1,17.1800003051758,36.3050003051758,0.0261659994721413,0,127.675300598145,-88.4063,26.6967,23.8413416573614,63,63,63,63,61,63,0,7817,1.11627530284214,27,-88,0.001869,51,2023-08-17 16:24:59.001751,320,1.037,0.0011,"aoml_navis",1027.87575714929
"7901009",8,0,1,0.022428,1,0,1,132.982995421127,1,4.86431634619852,322,1,17.0990009307861,36.2910003662109,0.0224280003458261,0,128.237899780273,-88.4063,26.6967,23.8413416573614,63,63,63,63,61,63,0,7817,1.11627530284214,27,-88,0.001869,51,2023-08-17 16:24:59.001751,322,1.037,0.0011,"aoml_navis",1027.89367387824
"7901009",8,0,1,0.020559,1,-0.001869,1,134.079936744693,1,4.86419826056971,324,1,16.9890003204346,36.2770004272461,0.020558999851346,0,129.295700073242,-88.4063,26.6967,23.8413416573614,63,63,63,63,61,63,0,7817,1.11627530284214,27,-88,0.001869,51,2023-08-17 16:24:59.001751,324,1.037,0.0011,"aoml_navis",1027.91862752206
"7901009",8,0,1,0.016821,1,-0.005607,1,132.687865291641,1,4.8641089896797,326,1,16.9130001068115,36.265998840332,0.0168210007250309,0,127.953300476074,-88.4063,26.6967,23.8413416573614,63,63,63,63,61,63,0,7817,1.11627530284214,27,-88,0.001869,51,2023-08-17 16:24:59.001751,326,1.037,0.0011,"aoml_navis",1027.93749289101
"7901009",8,0,1,0.020559,1,-0.001869,1,131.91384789819,1,4.86403950005348,328,1,16.8540000915527,36.2550010681152,0.020558999851346,0,127.206901550293,-88.4063,26.6967,23.8413416573614,63,63,63,63,61,63,0,7817,1.11627530284214,27,-88,0.001869,51,2023-08-17 16:24:59.001751,328,1.037,0.0011,"aoml_navis",1027.95217841981
"7901009",8,0,1,0.020559,1,-0.001869,1,131.358217148286,1,4.86398420674956,330,1,16.8229999542236,36.2490005493164,0.020558999851346,0,126.671096801758,-88.4063,26.6967,23.8413416573614,63,63,63,63,61,63,0,7817,1.11627530284214,27,-88,0.001869,51,2023-08-17 16:24:59.001751,330,1.037,0.0011,"aoml_navis",1027.96386408116
"7901009",8,0,1,0.022428,1,0,1,131.339450596879,1,4.86391685661886,332,1,16.7719993591309,36.2400016784668,0.0224280003458261,0,126.65299987793,-88.4063,26.6967,23.8413416573614,63,63,63,63,61,63,0,7817,1.11627530284214,27,-88,0.001869,51,2023-08-17 16:24:59.001751,332,1.037,0.0011,"aoml_navis",1027.97809818561
"7901009",8,0,1,0.020559,1,-0.001869,1,131.362054322583,1,4.86383377533705,334,1,16.7040004730225,36.2299995422363,0.020558999851346,0,126.674797058105,-88.4063,26.6967,23.8413416573614,63,63,63,63,61,63,0,7817,1.11627530284214,27,-88,0.001869,51,2023-08-17 16:24:59.001751,334,1.037,0.0011,"aoml_navis",1027.99565753118
"7901009",8,0,1,0.020559,1,-0.001869,1,130.919671640487,1,4.86375980524805,336,1,16.6469993591309,36.2210006713867,0.020558999851346,0,126.248199462891,-88.4063,26.6967,23.8413416573614,63,63,63,63,61,63,0,7817,1.11627530284214,27,-88,0.001869,51,2023-08-17 16:24:59.001751,336,1.037,0.0011,"aoml_navis",1028.01129171818
"7901009",8,0,1,0.01869,1,-0.003738,1,129.31750500505,1,4.86368918437705,338,1,16.5960006713867,36.2130012512207,0.0186899993568659,0,124.703201293945,-88.4063,26.6967,23.8413416573614,63,63,63,63,61,63,0,7817,1.11627530284214,27,-88,0.001869,51,2023-08-17 16:24:59.001751,338,1.037,0.0011,"aoml_navis",1028.02621846412
"7901009",8,0,1,0.01869,1,-0.003738,1,127.24132471259,1,4.86360742719547,340,1,16.5160007476807,36.1990013122559,0.0186899993568659,0,122.701103210449,-88.4063,26.6967,23.8413416573614,63,63,63,63,61,63,0,7817,1.11627530284214,27,-88,0.001869,51,2023-08-17 16:24:59.001751,340,1.037,0.0011,"aoml_navis",1028.04349957233
"7901009",8,0,1,0.016821,1,-0.005607,1,125.150001427132,1,4.86353682935572,342,1,16.4519996643066,36.1870002746582,0.0168210007250309,0,120.68440246582,-88.4063,26.6967,23.8413416573614,63,63,63,63,61,63,0,7817,1.11627530284214,27,-88,0.001869,51,2023-08-17 16:24:59.001751,342,1.037,0.0011,"aoml_navis",1028.05842238525
"7901009",8,0,1,0.020559,1,-0.001869,1,123.37289129055,1,4.86344965017738,344,1,16.3700008392334,36.173999786377,0.020558999851346,0,118.970703125,-88.4063,26.6967,23.8413416573614,63,63,63,63,61,63,0,7817,1.11627530284214,27,-88,0.001869,51,2023-08-17 16:24:59.001751,344,1.037,0.0011,"aoml_navis",1028.07685072213
"7901009",8,0,1,0.020559,1,-0.001869,1,122.103182183224,1,4.86337604182555,346,1,16.30299949646,36.1619987487793,0.020558999851346,0,117.746299743652,-88.4063,26.6967,23.8413416573614,63,63,63,63,61,63,0,7817,1.11627530284214,27,-88,0.001869,51,2023-08-17 16:24:59.001751,346,1.037,0.0011,"aoml_navis",1028.09241090951
"7901009",8,0,1,0.01869,1,-0.003738,1,121.311537523106,1,4.86327748663223,348,1,16.2040004730225,36.1469993591309,0.0186899993568659,0,116.982902526855,-88.4063,26.6967,23.8413416573614,63,63,63,63,61,63,0,7817,1.11627530284214,27,-88,0.001869,51,2023-08-17 16:24:59.001751,348,1.037,0.0011,"aoml_navis",1028.11324538721
"7901009",8,0,1,0.01869,1,-0.003738,1,120.494583336027,1,4.86321924901211,350,1,16.1599998474121,36.1380004882812,0.0186899993568659,0,116.195098876953,-88.4063,26.6967,23.8413416573614,63,63,63,63,61,63,0,7817,1.11627530284214,27,-88,0.001869,51,2023-08-17 16:24:59.001751,350,1.037,0.0011,"aoml_navis",1028.12555716374
"7901009",8,0,1,0.016821,1,-0.005607,1,119.878815757604,1,4.86313867277577,352,1,16.0960006713867,36.1290016174316,0.0168210007250309,0,115.601303100586,-88.4063,26.6967,23.8413416573614,63,63,63,63,61,63,0,7817,1.11627530284214,27,-88,0.001869,51,2023-08-17 16:24:59.001751,352,1.037,0.0011,"aoml_navis",1028.14259194178
"7901009",8,0,1,0.016821,1,-0.005607,1,119.50746431435,1,4.8630624515103,354,1,16.0259990692139,36.117000579834,0.0168210007250309,0,115.243202209473,-88.4063,26.6967,23.8413416573614,63,63,63,63,61,63,0,7817,1.11627530284214,27,-88,0.001869,51,2023-08-17 16:24:59.001751,354,1.037,0.0011,"aoml_navis",1028.15870654657
"7901009",8,0,1,0.01869,1,-0.003738,1,119.695572883599,1,4.86294860849802,356,1,15.9090003967285,36.101001739502,0.0186899993568659,0,115.424598693848,-88.4063,26.6967,23.8413416573614,63,63,63,63,61,63,0,7817,1.11627530284214,27,-88,0.001869,51,2023-08-17 16:24:59.001751,356,1.037,0.0011,"aoml_navis",1028.18277603479
"7901009",8,0,1,0.014952,1,-0.007476,1,119.965820717901,1,4.86286818347075,358,1,15.8380002975464,36.0900001525879,0.0149520002305508,0,115.685203552246,-88.4063,26.6967,23.8413416573614,63,63,63,63,61,63,0,7817,1.11627530284214,27,-88,0.001869,51,2023-08-17 16:24:59.001751,358,1.037,0.0011,"aoml_navis",1028.1997807375
"7901009",8,0,1,0.016821,1,-0.005607,1,119.927346122837,1,4.86281904013175,360,1,15.8179998397827,36.0859985351562,0.0168210007250309,0,115.648101806641,-88.4063,26.6967,23.8413416573614,63,63,63,63,61,63,0,7817,1.11627530284214,27,-88,0.001869,51,2023-08-17 16:24:59.001751,360,1.037,0.0011,"aoml_navis",1028.21017165889
"7901009",8,0,1,0.01869,1,-0.003738,1,119.850396932708,1,4.86277644341408,362,1,15.8170003890991,36.0859985351562,0.0186899993568659,0,115.57389831543,-88.4063,26.6967,23.8413416573614,63,63,63,63,61,63,0,7817,1.11627530284214,27,-88,0.001869,51,2023-08-17 16:24:59.001751,362,1.037,0.0011,"aoml_navis",1028.21917852542
"7901009",8,0,1,0.01869,1,-0.003738,1,119.763186268221,1,4.86273939418219,364,1,15.8210000991821,36.0859985351562,0.0186899993568659,0,115.489799499512,-88.4063,26.6967,23.8413416573614,63,63,63,63,61,63,0,7817,1.11627530284214,27,-88,0.001869,51,2023-08-17 16:24:59.001751,364,1.037,0.0011,"aoml_navis",1028.22701253167
"7901009",8,0,1,0.014952,1,-0.007476,1,119.820846734771,1,4.8627012399888,366,1,15.8240003585815,36.0859985351562,0.0149520002305508,0,115.545402526855,-88.4063,26.6967,23.8413416573614,63,63,63,63,61,63,0,7817,1.11627530284214,27,-88,0.001869,51,2023-08-17 16:24:59.001751,366,1.037,0.0011,"aoml_navis",1028.23508030518
"7901009",8,0,1,0.013083,1,-0.009345,1,119.930146864488,1,4.86264876472995,368,1,15.8009996414185,36.0820007324219,0.0130829997360706,0,115.650802612305,-88.4063,26.6967,23.8413416573614,63,63,63,63,61,63,0,7817,1.11627530284214,27,-88,0.001869,51,2023-08-17 16:24:59.001751,368,1.037,0.0011,"aoml_navis",1028.24617650082
"7901009",8,0,1,0.022428,1,0,1,119.942069795758,1,4.86258032745539,370,1,15.7569999694824,36.076000213623,0.0224280003458261,0,115.662300109863,-88.4063,26.6967,23.8413416573614,63,63,63,63,61,63,0,7817,1.11627530284214,27,-88,0.001869,51,2023-08-17 16:24:59.001751,370,1.037,0.0011,"aoml_navis",1028.26064831643
"7901009",8,0,1,0.020559,1,-0.001869,1,120.361326579977,1,4.86253898730792,372,1,15.7440004348755,36.0719985961914,0.020558999851346,0,116.066596984863,-88.4063,26.6967,23.8413416573614,63,63,63,63,61,63,0,7817,1.11627530284214,27,-88,0.001869,51,2023-08-17 16:24:59.001751,372,1.037,0.0011,"aoml_navis",1028.26939034337
"7901009",8,0,1,0.024297,1,0.001869,1,122.355794839159,1,4.86245881148919,374,1,15.6859998703003,36.064998626709,0.0242970008403063,0,117.989898681641,-88.4063,26.6967,23.8413416573614,63,63,63,63,61,63,0,7817,1.11627530284214,27,-88,0.001869,51,2023-08-17 16:24:59.001751,374,1.037,0.0011,"aoml_navis",1028.28634520992
"7901009",8,0,1,0.016821,1,-0.005607,1,125.877972729018,1,4.86240204205868,376,1,15.6590003967285,36.0610008239746,0.0168210007250309,0,121.38639831543,-88.4063,26.6967,23.8413416573614,63,63,63,63,61,63,0,7817,1.11627530284214,27,-88,0.001869,51,2023-08-17 16:24:59.001751,376,1.037,0.0011,"aoml_navis",1028.29835064051
"7901009",8,0,1,0.01869,1,-0.003738,1,126.409124680418,1,4.86232976494736,378,1,15.6079998016357,36.0540008544922,0.0186899993568659,0,121.898597717285,-88.4063,26.6967,23.8413416573614,63,63,63,63,61,63,0,7817,1.11627530284214,27,-88,0.001869,51,2023-08-17 16:24:59.001751,378,1.037,0.0011,"aoml_navis",1028.31363599506
"7901009",8,0,1,0.01869,1,-0.003738,1,126.356140028321,1,4.86220091747959,380,1,15.4490003585815,36.0299987792969,0.0186899993568659,0,121.847503662109,-88.4063,26.6967,23.8413416573614,63,63,63,63,61,63,0,7817,1.11627530284214,27,-88,0.001869,51,2023-08-17 16:24:59.001751,380,1.037,0.0011,"aoml_navis",1028.34088612526
"7901009",8,0,1,0.01869,1,-0.003738,1,126.035494667685,1,4.86213049431645,382,1,15.3859996795654,36.0190010070801,0.0186899993568659,0,121.538299560547,-88.4063,26.6967,23.8413416573614,63,63,63,63,61,63,0,7817,1.11627530284214,27,-88,0.001869,51,2023-08-17 16:24:59.001751,382,1.037,0.0011,"aoml_navis",1028.35578062841
"7901009",8,0,1,0.022428,1,0,1,125.470013851801,1,4.8620215010979,384,1,15.2639999389648,36.0009994506836,0.0224280003458261,0,120.99299621582,-88.4063,26.6967,23.8413416573614,63,63,63,63,61,63,0,7817,1.11627530284214,27,-88,0.001869,51,2023-08-17 16:24:59.001751,384,1.037,0.0011,"aoml_navis",1028.37883355122
"7901009",8,0,1,0.01869,1,-0.003738,1,125.268526598561,1,4.86193824814772,386,1,15.1820001602173,35.9879989624023,0.0186899993568659,0,120.798698425293,-88.4063,26.6967,23.8413416573614,63,63,63,63,61,63,0,7817,1.11627530284214,27,-88,0.001869,51,2023-08-17 16:24:59.001751,386,1.037,0.0011,"aoml_navis",1028.39644290112
"7901009",8,0,1,0.022428,1,0,1,125.283566739465,1,4.86188918972541,388,1,15.164999961853,35.9850006103516,0.0224280003458261,0,120.813201904297,-88.4063,26.6967,23.8413416573614,63,63,63,63,61,63,0,7817,1.11627530284214,27,-88,0.001869,51,2023-08-17 16:24:59.001751,388,1.037,0.0011,"aoml_navis",1028.40681983589
"7901009",8,0,1,0.01869,1,-0.003738,1,125.247687181864,1,4.86184949558556,390,1,15.1599998474121,35.9830017089844,0.0186899993568659,0,120.778602600098,-88.4063,26.6967,23.8413416573614,63,63,63,63,61,63,0,7817,1.11627530284214,27,-88,0.001869,51,2023-08-17 16:24:59.001751,390,1.037,0.0011,"aoml_navis",1028.41521617234
"7901009",8,0,1,0.020559,1,-0.001869,1,124.991023735742,1,4.86179219968669,392,1,15.1319999694824,35.9790000915527,0.020558999851346,0,120.531097412109,-88.4063,26.6967,23.8413416573614,63,63,63,63,61,63,0,7817,1.11627530284214,27,-88,0.001869,51,2023-08-17 16:24:59.001751,392,1.037,0.0011,"aoml_navis",1028.42733597751
"7901009",8,0,1,0.01869,1,-0.003738,1,124.783104270742,1,4.86172355005485,394,1,15.0799999237061,35.9710006713867,0.0186899993568659,0,120.330596923828,-88.4063,26.6967,23.8413416573614,63,63,63,63,61,63,0,7817,1.11627530284214,27,-88,0.001869,51,2023-08-17 16:24:59.001751,394,1.037,0.0011,"aoml_navis",1028.44185781472
"7901009",8,0,1,0.022428,1,0,1,125.037797703668,1,4.86166861417393,396,1,15.043999671936,35.9640007019043,0.0224280003458261,0,120.576202392578,-88.4063,26.6967,23.8413416573614,63,63,63,63,61,63,0,7817,1.11627530284214,27,-88,0.001869,51,2023-08-17 16:24:59.001751,396,1.037,0.0011,"aoml_navis",1028.45347900159
"7901009",8,0,1,0.026166,1,0.003738,1,125.556085231548,1,4.86159170521379,398,1,14.9739999771118,35.9529991149902,0.0261659994721413,0,121.075996398926,-88.4063,26.6967,23.8413416573614,63,63,63,63,61,63,0,7817,1.11627530284214,27,-88,0.001869,51,2023-08-17 16:24:59.001751,398,1.037,0.0011,"aoml_navis",1028.46974883509
"7901009",8,0,1,0.020559,1,-0.001869,1,125.984060708706,1,4.86153345537308,400,1,14.9280004501343,35.9440002441406,0.020558999851346,0,121.488700866699,-88.4063,26.6967,23.8413416573614,63,63,63,63,61,63,0,7817,1.11627530284214,27,-88,0.001869,51,2023-08-17 16:24:59.001751,400,1.037,0.0011,"aoml_navis",1028.48207173683
"7901009",8,0,1,0.020559,1,-0.001869,1,126.304801009737,1,4.86144981103701,402,1,14.8479995727539,35.931999206543,0.020558999851346,0,121.797996520996,-88.4063,26.6967,23.8413416573614,63,63,63,63,61,63,0,7817,1.11627530284214,27,-88,0.001869,51,2023-08-17 16:24:59.001751,402,1.037,0.0011,"aoml_navis",1028.49976742502
"7901009",8,0,1,0.026166,1,0.003738,1,126.631664966244,1,4.86135885671992,404,1,14.7370004653931,35.9129981994629,0.0261659994721413,0,122.11319732666,-88.4063,26.6967,23.8413416573614,63,63,63,63,61,63,0,7817,1.11627530284214,27,-88,0.001869,51,2023-08-17 16:24:59.001751,404,1.037,0.0011,"aoml_navis",1028.51901029451
"7901009",8,0,1,0.020559,1,-0.001869,1,126.863129649199,1,4.86123351440516,406,1,14.5690002441406,35.8870010375977,0.020558999851346,0,122.336402893066,-88.4063,26.6967,23.8413416573614,63,63,63,63,61,63,0,7817,1.11627530284214,27,-88,0.001869,51,2023-08-17 16:24:59.001751,406,1.037,0.0011,"aoml_navis",1028.54552968575
"7901009",8,0,1,0.024297,1,0.001869,1,126.874949728373,1,4.8611433082686,408,1,14.4540004730225,35.867000579834,0.0242970008403063,0,122.347801208496,-88.4063,26.6967,23.8413416573614,63,63,63,63,61,63,0,7817,1.11627530284214,27,-88,0.001869,51,2023-08-17 16:24:59.001751,408,1.037,0.0011,"aoml_navis",1028.56461596086
"7901009",8,0,1,0.01869,1,-0.003738,1,126.79675840141,1,4.86104434339107,410,1,14.3439998626709,35.851001739502,0.0186899993568659,0,122.272399902344,-88.4063,26.6967,23.8413416573614,63,63,63,63,61,63,0,7817,1.11627530284214,27,-88,0.001869,51,2023-08-17 16:24:59.001751,410,1.037,0.0011,"aoml_navis",1028.58555626999
"7901009",8,0,1,0.020559,1,-0.001869,1,126.74760301191,1,4.86095427254652,412,1,14.2489995956421,35.8370018005371,0.020558999851346,0,122.224998474121,-88.4063,26.6967,23.8413416573614,63,63,63,63,61,63,0,7817,1.11627530284214,27,-88,0.001869,51,2023-08-17 16:24:59.001751,412,1.037,0.0011,"aoml_navis",1028.60461540212
"7901009",8,0,1,0.01869,1,-0.003738,1,126.370238676975,1,4.86090577687496,414,1,14.2250003814697,35.8320007324219,0.0186899993568659,0,121.861099243164,-88.4063,26.6967,23.8413416573614,63,63,63,63,61,63,0,7817,1.11627530284214,27,-88,0.001869,51,2023-08-17 16:24:59.001751,414,1.037,0.0011,"aoml_navis",1028.61487745489
"7901009",8,0,1,0.020559,1,-0.001869,1,126.051049069062,1,4.86085628686365,416,1,14.21399974823,35.8310012817383,0.020558999851346,0,121.553298950195,-88.4063,26.6967,23.8413416573614,63,63,63,63,61,63,0,7817,1.11627530284214,27,-88,0.001869,51,2023-08-17 16:24:59.001751,416,1.037,0.0011,"aoml_navis",1028.62535012861
"7901009",8,0,1,0.022428,1,0,1,125.825090929016,1,4.86081305762394,418,1,14.2089996337891,35.8300018310547,0.0224280003458261,0,121.335403442383,-88.4063,26.6967,23.8413416573614,63,63,63,63,61,63,0,7817,1.11627530284214,27,-88,0.001869,51,2023-08-17 16:24:59.001751,418,1.037,0.0011,"aoml_navis",1028.63449812326
"7901009",8,0,1,0.020559,1,-0.001869,1,125.427812846234,1,4.86077401586721,420,1,14.2080001831055,35.8289985656738,0.020558999851346,0,120.952301025391,-88.4063,26.6967,23.8413416573614,63,63,63,63,61,63,0,7817,1.11627530284214,27,-88,0.001869,51,2023-08-17 16:24:59.001751,420,1.037,0.0011,"aoml_navis",1028.64276011975
"7901009",8,0,1,0.020559,1,-0.001869,1,124.511622211305,1,4.86073287567237,422,1,14.2049999237061,35.8279991149902,0.020558999851346,0,120.068801879883,-88.4063,26.6967,23.8413416573614,63,63,63,63,61,63,0,7817,1.11627530284214,27,-88,0.001869,51,2023-08-17 16:24:59.001751,422,1.037,0.0011,"aoml_navis",1028.65146633024
"7901009",8,0,1,0.022428,1,0,1,122.561332882585,1,4.86069016162414,424,1,14.1969995498657,35.826000213623,0.0224280003458261,0,118.188102722168,-88.4063,26.6967,23.8413416573614,63,63,63,63,61,63,0,7817,1.11627530284214,27,-88,0.001869,51,2023-08-17 16:24:59.001751,424,1.037,0.0011,"aoml_navis",1028.66050576022
"7901009",8,0,1,0.020559,1,-0.001869,1,118.876237274946,1,4.86063806927515,426,1,14.1730003356934,35.8219985961914,0.020558999851346,0,114.634498596191,-88.4063,26.6967,23.8413416573614,63,63,63,63,61,63,0,7817,1.11627530284214,27,-88,0.001869,51,2023-08-17 16:24:59.001751,426,1.037,0.0011,"aoml_navis",1028.67153010338
"7901009",8,0,1,0.020559,1,-0.001869,1,115.968379122486,1,4.86052223024985,428,1,14.0349998474121,35.8030014038086,0.020558999851346,0,111.83039855957,-88.4063,26.6967,23.8413416573614,63,63,63,63,61,63,0,7817,1.11627530284214,27,-88,0.001869,51,2023-08-17 16:24:59.001751,428,1.037,0.0011,"aoml_navis",1028.69604605079
"7901009",8,0,1,0.022428,1,0,1,115.305117611476,1,4.86042920717064,430,1,13.9359998703003,35.7890014648438,0.0224280003458261,0,111.190803527832,-88.4063,26.6967,23.8413416573614,63,63,63,63,61,63,0,7817,1.11627530284214,27,-88,0.001869,51,2023-08-17 16:24:59.001751,430,1.037,0.0011,"aoml_navis",1028.71573412147
"7901009",8,0,1,0.022428,1,0,1,115.610714919508,1,4.86035707168217,432,1,13.8640003204346,35.7770004272461,0.0224280003458261,0,111.485496520996,-88.4063,26.6967,23.8413416573614,63,63,63,63,61,63,0,7817,1.11627530284214,27,-88,0.001869,51,2023-08-17 16:24:59.001751,432,1.037,0.0011,"aoml_navis",1028.73100191166
"7901009",8,0,1,0.020559,1,-0.001869,1,115.890290647617,1,4.86031089484145,434,1,13.8489999771118,35.773998260498,0.020558999851346,0,111.755096435547,-88.4063,26.6967,23.8413416573614,63,63,63,63,61,63,0,7817,1.11627530284214,27,-88,0.001869,51,2023-08-17 16:24:59.001751,434,1.037,0.0011,"aoml_navis",1028.74077567894
"7901009",8,0,1,0.01869,1,-0.003738,1,116.573885226552,1,4.86025808151572,436,1,13.8240003585815,35.7700004577637,0.0186899993568659,0,112.41429901123,-88.4063,26.6967,23.8413416573614,63,63,63,63,61,63,0,7817,1.11627530284214,27,-88,0.001869,51,2023-08-17 16:24:59.001751,436,1.037,0.0011,"aoml_navis",1028.75195434904
"7901009",8,0,1,0.024297,1,0.001869,1,117.109293672326,1,4.8601967398056,438,1,13.7799997329712,35.7630004882812,0.0242970008403063,0,112.930603027344,-88.4063,26.6967,23.8413416573614,63,63,63,63,61,63,0,7817,1.11627530284214,27,-88,0.001869,51,2023-08-17 16:24:59.001751,438,1.037,0.0011,"aoml_navis",1028.76493847449
"7901009",8,0,1,0.01869,1,-0.003738,1,117.623024061247,1,4.86013502422198,440,1,13.7320003509521,35.7550010681152,0.0186899993568659,0,113.426002502441,-88.4063,26.6967,23.8413416573614,63,63,63,63,61,63,0,7817,1.11627530284214,27,-88,0.001869,51,2023-08-17 16:24:59.001751,440,1.037,0.0011,"aoml_navis",1028.77800206804
"7901009",8,0,1,0.022428,1,0,1,118.381898461699,1,4.86007092988551,442,1,13.6780004501343,35.7459983825684,0.0224280003458261,0,114.15779876709,-88.4063,26.6967,23.8413416573614,63,63,63,63,61,63,0,7817,1.11627530284214,27,-88,0.001869,51,2023-08-17 16:24:59.001751,442,1.037,0.0011,"aoml_navis",1028.79156953328
"7901009",8,0,1,0.024297,1,0.001869,1,119.099505437134,1,4.86001944251957,444,1,13.6470003128052,35.7400016784668,0.0242970008403063,0,114.849800109863,-88.4063,26.6967,23.8413416573614,63,63,63,63,61,63,0,7817,1.11627530284214,27,-88,0.001869,51,2023-08-17 16:24:59.001751,444,1.037,0.0011,"aoml_navis",1028.8024686189
"7901009",8,0,1,0.020559,1,-0.001869,1,120.666828947614,1,4.85996120929297,446,1,13.5950002670288,35.7299995422363,0.020558999851346,0,116.361198425293,-88.4063,26.6967,23.8413416573614,63,63,63,63,61,63,0,7817,1.11627530284214,27,-88,0.001869,51,2023-08-17 16:24:59.001751,446,1.037,0.0011,"aoml_navis",1028.81479597805
"7901009",8,0,1,0.020559,1,-0.001869,1,122.075601998483,1,4.85985642128191,448,1,13.4610004425049,35.7099990844727,0.020558999851346,0,117.719703674316,-88.4063,26.6967,23.8413416573614,63,63,63,63,61,63,0,7817,1.11627530284214,27,-88,0.001869,51,2023-08-17 16:24:59.001751,448,1.037,0.0011,"aoml_navis",1028.83697923757
"7901009",8,0,1,0.022428,1,0,1,122.551894224985,1,4.85978049692021,450,1,13.3730001449585,35.6949996948242,0.0224280003458261,0,118.179000854492,-88.4063,26.6967,23.8413416573614,63,63,63,63,61,63,0,7817,1.11627530284214,27,-88,0.001869,51,2023-08-17 16:24:59.001751,450,1.037,0.0011,"aoml_navis",1028.85305276003
"7901009",8,0,1,0.022428,1,0,1,123.047578027161,1,4.8597124301151,452,1,13.3070001602173,35.6839981079102,0.0224280003458261,0,118.656997680664,-88.4063,26.6967,23.8413416573614,63,63,63,63,61,63,0,7817,1.11627530284214,27,-88,0.001869,51,2023-08-17 16:24:59.001751,452,1.037,0.0011,"aoml_navis",1028.86746323004
"7901009",8,0,1,0.020559,1,-0.001869,1,122.639002037376,1,4.85965064458242,454,1,13.2580003738403,35.6759986877441,0.020558999851346,0,118.263000488281,-88.4063,26.6967,23.8413416573614,63,63,63,63,61,63,0,7817,1.11627530284214,27,-88,0.001869,51,2023-08-17 16:24:59.001751,454,1.037,0.0011,"aoml_navis",1028.88054423707
"7901009",8,0,1,0.020559,1,-0.001869,1,122.33443325029,1,4.85959059796058,456,1,13.2069997787476,35.6669998168945,0.020558999851346,0,117.969299316406,-88.4063,26.6967,23.8413416573614,63,63,63,63,61,63,0,7817,1.11627530284214,27,-88,0.001869,51,2023-08-17 16:24:59.001751,456,1.037,0.0011,"aoml_navis",1028.89325740698
"7901009",8,0,1,0.020559,1,-0.001869,1,122.342313303073,1,4.85951730630854,458,1,13.1280002593994,35.6539993286133,0.020558999851346,0,117.976898193359,-88.4063,26.6967,23.8413416573614,63,63,63,63,61,63,0,7817,1.11627530284214,27,-88,0.001869,51,2023-08-17 16:24:59.001751,458,1.037,0.0011,"aoml_navis",1028.90877526233
"7901009",8,0,1,0.026166,1,0.003738,1,122.010678591718,1,4.85942408290062,460,1,13.0249996185303,35.6399993896484,0.0261659994721413,0,117.657096862793,-88.4063,26.6967,23.8413416573614,63,63,63,63,61,63,0,7817,1.11627530284214,27,-88,0.001869,51,2023-08-17 16:24:59.001751,460,1.037,0.0011,"aoml_navis",1028.92851389407
"7901009",8,0,1,0.022428,1,0,1,121.66360024278,1,4.85935926395549,462,1,12.9650001525879,35.6300010681152,0.0224280003458261,0,117.322402954102,-88.4063,26.6967,23.8413416573614,63,63,63,63,61,63,0,7817,1.11627530284214,27,-88,0.001869,51,2023-08-17 16:24:59.001751,462,1.037,0.0011,"aoml_navis",1028.94223876134
"7901009",8,0,1,0.022428,1,0,1,120.958335518692,1,4.85931325712694,464,1,12.9460000991821,35.6259994506836,0.0224280003458261,0,116.642303466797,-88.4063,26.6967,23.8413416573614,63,63,63,63,61,63,0,7817,1.11627530284214,27,-88,0.001869,51,2023-08-17 16:24:59.001751,464,1.037,0.0011,"aoml_navis",1028.95198054308
"7901009",8,0,1,0.022428,1,0,1,119.706570146017,1,4.85925121204963,466,1,12.8959999084473,35.6180000305176,0.0224280003458261,0,115.435203552246,-88.4063,26.6967,23.8413416573614,63,63,63,63,61,63,0,7817,1.11627530284214,27,-88,0.001869,51,2023-08-17 16:24:59.001751,466,1.037,0.0011,"aoml_navis",1028.96511865889
"7901009",8,0,1,0.024297,1,0.001869,1,118.939910633177,1,4.85916420162298,468,1,12.8020000457764,35.6049995422363,0.0242970008403063,0,114.695899963379,-88.4063,26.6967,23.8413416573614,63,63,63,63,61,63,0,7817,1.11627530284214,27,-88,0.001869,51,2023-08-17 16:24:59.001751,468,1.037,0.0011,"aoml_navis",1028.98354378104
"7901009",8,0,1,0.022428,1,0,1,118.313248644431,1,4.85910245597557,470,1,12.7519998550415,35.5970001220703,0.0224280003458261,0,114.091598510742,-88.4063,26.6967,23.8413416573614,63,63,63,63,61,63,0,7817,1.11627530284214,27,-88,0.001869,51,2023-08-17 16:24:59.001751,470,1.037,0.0011,"aoml_navis",1028.99661929358
"7901009",8,0,1,0.026166,1,0.003738,1,118.347783213103,1,4.85902677425581,472,1,12.668999671936,35.5839996337891,0.0261659994721413,0,114.124900817871,-88.4063,26.6967,23.8413416573614,63,63,63,63,61,63,0,7817,1.11627530284214,27,-88,0.001869,51,2023-08-17 16:24:59.001751,472,1.037,0.0011,"aoml_navis",1029.01264641946
"7901009",8,0,1,0.020559,1,-0.001869,1,119.063420175343,1,4.85893848520276,474,1,12.5690002441406,35.5699996948242,0.020558999851346,0,114.815002441406,-88.4063,26.6967,23.8413416573614,63,63,63,63,61,63,0,7817,1.11627530284214,27,-88,0.001869,51,2023-08-17 16:24:59.001751,474,1.037,0.0011,"aoml_navis",1029.03134403262
"7901009",8,0,1,0.022428,1,0,1,118.823561179132,1,4.85887481382991,476,1,12.5089998245239,35.560001373291,0.0224280003458261,0,114.583702087402,-88.4063,26.6967,23.8413416573614,63,63,63,63,61,63,0,7817,1.11627530284214,27,-88,0.001869,51,2023-08-17 16:24:59.001751,476,1.037,0.0011,"aoml_navis",1029.04482860279
"7901009",8,0,1,0.022428,1,0,1,118.561715569785,1,4.85882114666716,478,1,12.4779996871948,35.5550003051758,0.0224280003458261,0,114.331199645996,-88.4063,26.6967,23.8413416573614,63,63,63,63,61,63,0,7817,1.11627530284214,27,-88,0.001869,51,2023-08-17 16:24:59.001751,478,1.037,0.0011,"aoml_navis",1029.05619471704
"7901009",8,0,1,0.026166,1,0.003738,1,118.456252614365,1,4.85876774211428,480,1,12.451000213623,35.5509986877441,0.0261659994721413,0,114.229499816895,-88.4063,26.6967,23.8413416573614,63,63,63,63,61,63,0,7817,1.11627530284214,27,-88,0.001869,51,2023-08-17 16:24:59.001751,480,1.037,0.0011,"aoml_navis",1029.06750546266
"7901009",8,0,1,0.026166,1,0.003738,1,118.202081353612,1,4.85872477048524,482,1,12.4309997558594,35.5460014343262,0.0261659994721413,0,113.984397888184,-88.4063,26.6967,23.8413416573614,63,63,63,63,61,63,0,7817,1.11627530284214,27,-88,0.001869,51,2023-08-17 16:24:59.001751,482,1.037,0.0011,"aoml_navis",1029.07660676171
"7901009",8,0,1,0.028035,1,0.005607,1,117.669062241111,1,4.85866606339573,484,1,12.3719997406006,35.5349998474121,0.0280349999666214,0,113.470397949219,-88.4063,26.6967,23.8413416573614,63,63,63,63,61,63,0,7817,1.11627530284214,27,-88,0.001869,51,2023-08-17 16:24:59.001751,484,1.037,0.0011,"aoml_navis",1029.0890410578
"7901009",8,0,1,0.026166,1,0.003738,1,117.645422082762,1,4.8585361441219,486,1,12.1929998397827,35.5120010375977,0.0261659994721413,0,113.447601318359,-88.4063,26.6967,23.8413416573614,63,63,63,63,61,63,0,7817,1.11627530284214,27,-88,0.001869,51,2023-08-17 16:24:59.001751,486,1.037,0.0011,"aoml_navis",1029.11655932605
"7901009",8,0,1,0.022428,1,0,1,117.516311057293,1,4.85847393102482,488,1,12.1450004577637,35.5050010681152,0.0224280003458261,0,113.323097229004,-88.4063,26.6967,23.8413416573614,63,63,63,63,61,63,0,7817,1.11627530284214,27,-88,0.001869,51,2023-08-17 16:24:59.001751,488,1.037,0.0011,"aoml_navis",1029.12973723527
"7901009",8,0,1,0.022428,1,0,1,117.287552175595,1,4.8584218360383,490,1,12.1190004348755,35.5009994506836,0.0224280003458261,0,113.102500915527,-88.4063,26.6967,23.8413416573614,63,63,63,63,61,63,0,7817,1.11627530284214,27,-88,0.001869,51,2023-08-17 16:24:59.001751,490,1.037,0.0011,"aoml_navis",1029.14077219716
"7901009",8,0,1,0.020559,1,-0.001869,1,116.951352413582,1,4.85837451695356,492,1,12.0979995727539,35.4970016479492,0.020558999851346,0,112.778297424316,-88.4063,26.6967,23.8413416573614,63,63,63,63,61,63,0,7817,1.11627530284214,27,-88,0.001869,51,2023-08-17 16:24:59.001751,492,1.037,0.0011,"aoml_navis",1029.15079571413
"7901009",8,0,1,0.026166,1,0.003738,1,116.514982623168,1,4.85833008635347,494,1,12.0799999237061,35.4930000305176,0.0261659994721413,0,112.357498168945,-88.4063,26.6967,23.8413416573614,63,63,63,63,61,63,0,7817,1.11627530284214,27,-88,0.001869,51,2023-08-17 16:24:59.001751,494,1.037,0.0011,"aoml_navis",1029.16020754631
"7901009",8,0,1,0.022428,1,0,1,116.095725838949,1,4.85826099044509,496,1,12.0129995346069,35.4830017089844,0.0224280003458261,0,111.953201293945,-88.4063,26.6967,23.8413416573614,63,63,63,63,61,63,0,7817,1.11627530284214,27,-88,0.001869,51,2023-08-17 16:24:59.001751,496,1.037,0.0011,"aoml_navis",1029.17484462726
"7901009",8,0,1,0.024297,1,0.001869,1,115.784724840102,1,4.85818358344798,498,1,11.9370002746582,35.4729995727539,0.0242970008403063,0,111.653297424316,-88.4063,26.6967,23.8413416573614,63,63,63,63,61,63,0,7817,1.11627530284214,27,-88,0.001869,51,2023-08-17 16:24:59.001751,498,1.037,0.0011,"aoml_navis",1029.19124280013
"7901009",8,0,1,0.029904,1,0.007476,1,115.751234615774,1,4.85810440463725,500,1,11.8549995422363,35.4620018005371,0.0299040004611015,0,111.621002197266,-88.4063,26.6967,23.8413416573614,63,63,63,63,61,63,0,7817,1.11627530284214,27,-88,0.001869,51,2023-08-17 16:24:59.001751,500,1.037,0.0011,"aoml_navis",1029.20801686092
"7901009",8,0,1,0.022428,1,0,1,115.69233201239,1,4.85804077523389,502,1,11.7969999313354,35.4529991149902,0.0224280003458261,0,111.56420135498,-88.4063,26.6967,23.8413416573614,63,63,63,63,61,63,0,7817,1.11627530284214,27,-88,0.001869,51,2023-08-17 16:24:59.001751,502,1.037,0.0011,"aoml_navis",1029.22149717018
"7901009",8,0,1,0.028035,1,0.005607,1,115.682996206884,1,4.85797830979145,504,1,11.7440004348755,35.4449996948242,0.0280349999666214,0,111.555198669434,-88.4063,26.6967,23.8413416573614,63,63,63,63,61,63,0,7817,1.11627530284214,27,-88,0.001869,51,2023-08-17 16:24:59.001751,504,1.037,0.0011,"aoml_navis",1029.23473123013
"7901009",8,0,1,0.024297,1,0.001869,1,115.794891374064,1,4.85791409029154,506,1,11.6890001296997,35.4370002746582,0.0242970008403063,0,111.663101196289,-88.4063,26.6967,23.8413416573614,63,63,63,63,61,63,0,7817,1.11627530284214,27,-88,0.001869,51,2023-08-17 16:24:59.001751,506,1.037,0.0011,"aoml_navis",1029.24833726319
"7901009",8,0,1,0.028035,1,0.005607,1,115.94090178984,1,4.85784892353447,508,1,11.625,35.4269981384277,0.0280349999666214,0,111.803901672363,-88.4063,26.6967,23.8413416573614,63,63,63,63,61,63,0,7817,1.11627530284214,27,-88,0.001869,51,2023-08-17 16:24:59.001751,508,1.037,0.0011,"aoml_navis",1029.26214435712
"7901009",8,0,1,0.022428,1,0,1,115.901185057941,1,4.85778411765643,510,1,11.5729999542236,35.4199981689453,0.0224280003458261,0,111.765602111816,-88.4063,26.6967,23.8413416573614,63,63,63,63,61,63,0,7817,1.11627530284214,27,-88,0.001869,51,2023-08-17 16:24:59.001751,510,1.037,0.0011,"aoml_navis",1029.27587535779
"7901009",8,0,1,0.024297,1,0.001869,1,115.671484683993,1,4.85773346064698,512,1,11.543999671936,35.4150009155273,0.0242970008403063,0,111.544097900391,-88.4063,26.6967,23.8413416573614,63,63,63,63,61,63,0,7817,1.11627530284214,27,-88,0.001869,51,2023-08-17 16:24:59.001751,512,1.037,0.0011,"aoml_navis",1029.28660876632
"7901009",8,0,1,0.020559,1,-0.001869,1,115.315070529549,1,4.85768569400469,514,1,11.5220003128052,35.4109992980957,0.020558999851346,0,111.200401306152,-88.4063,26.6967,23.8413416573614,63,63,63,63,61,63,0,7817,1.11627530284214,27,-88,0.001869,51,2023-08-17 16:24:59.001751,514,1.037,0.0011,"aoml_navis",1029.29672995743
"7901009",8,0,1,0.029904,1,0.007476,1,114.678558474824,1,4.85762475997877,516,1,11.4700002670288,35.4029998779297,0.0299040004611015,0,110.586601257324,-88.4063,26.6967,23.8413416573614,63,63,63,63,61,63,0,7817,1.11627530284214,27,-88,0.001869,51,2023-08-17 16:24:59.001751,516,1.037,0.0011,"aoml_navis",1029.30964145157
"7901009",8,0,1,0.026166,1,0.003738,1,114.485054126461,1,4.85753603602312,518,1,11.3599996566772,35.3880004882812,0.0261659994721413,0,110.400001525879,-88.4063,26.6967,23.8413416573614,63,63,63,63,61,63,0,7817,1.11627530284214,27,-88,0.001869,51,2023-08-17 16:24:59.001751,518,1.037,0.0011,"aoml_navis",1029.32844201677
"7901009",8,0,1,0.026166,1,0.003738,1,114.165555962264,1,4.85748658744708,520,1,11.3360004425049,35.3839988708496,0.0261659994721413,0,110.091903686523,-88.4063,26.6967,23.8413416573614,63,63,63,63,61,63,0,7817,1.11627530284214,27,-88,0.001869,51,2023-08-17 16:24:59.001751,520,1.037,0.0011,"aoml_navis",1029.33892044524
"7901009",8,0,1,0.026166,1,0.003738,1,113.859839978738,1,4.85743714583112,522,1,11.3120002746582,35.3800010681152,0.0261659994721413,0,109.797096252441,-88.4063,26.6967,23.8413416573614,63,63,63,63,61,63,0,7817,1.11627530284214,27,-88,0.001869,51,2023-08-17 16:24:59.001751,522,1.037,0.0011,"aoml_navis",1029.34939761212
"7901009",8,0,1,0.028035,1,0.005607,1,113.752304158028,1,4.85736292198116,524,1,11.2449998855591,35.3720016479492,0.0280349999666214,0,109.693397521973,-88.4063,26.6967,23.8413416573614,63,63,63,63,61,63,0,7817,1.11627530284214,27,-88,0.001869,51,2023-08-17 16:24:59.001751,524,1.037,0.0011,"aoml_navis",1029.36512677967
"7901009",8,0,1,0.022428,1,0,1,113.786007998244,1,4.85730716590816,526,1,11.2019996643066,35.3650016784668,0.0224280003458261,0,109.725898742676,-88.4063,26.6967,23.8413416573614,63,63,63,63,61,63,0,7817,1.11627530284214,27,-88,0.001869,51,2023-08-17 16:24:59.001751,526,1.037,0.0011,"aoml_navis",1029.37694265937
"7901009",8,0,1,0.028035,1,0.005607,1,113.623612452636,1,4.85725786268973,528,1,11.1820001602173,35.3619995117188,0.0280349999666214,0,109.569297790527,-88.4063,26.6967,23.8413416573614,63,63,63,63,61,63,0,7817,1.11627530284214,27,-88,0.001869,51,2023-08-17 16:24:59.001751,528,1.037,0.0011,"aoml_navis",1029.38739127003
"7901009",8,0,1,0.031773,1,0.009345,1,113.387693482817,1,4.85719944065747,530,1,11.1479997634888,35.3580017089844,0.0317730009555817,0,109.341796875,-88.4063,26.6967,23.8413416573614,63,63,63,63,61,63,0,7817,1.11627530284214,27,-88,0.001869,51,2023-08-17 16:24:59.001751,530,1.037,0.0011,"aoml_navis",1029.39977266472
"7901009",8,0,1,0.024297,1,0.001869,1,112.825954900836,1,4.8571574698219,532,1,11.1359996795654,35.3549995422363,0.0242970008403063,0,108.800102233887,-88.4063,26.6967,23.8413416573614,63,63,63,63,61,63,0,7817,1.11627530284214,27,-88,0.001869,51,2023-08-17 16:24:59.001751,532,1.037,0.0011,"aoml_navis",1029.40866773737
"7901009",8,0,1,0.024297,1,0.001869,1,112.250418314785,1,4.8571000047165,534,1,11.1070003509521,35.3520011901855,0.0242970008403063,0,108.245101928711,-88.4063,26.6967,23.8413416573614,63,63,63,63,61,63,0,7817,1.11627530284214,27,-88,0.001869,51,2023-08-17 16:24:59.001751,534,1.037,0.0011,"aoml_navis",1029.42084683139
"7901009",8,0,1,0.026166,1,0.003738,1,111.569727329597,1,4.85704440379939,536,1,11.0799999237061,35.3489990234375,0.0261659994721413,0,107.58869934082,-88.4063,26.6967,23.8413416573614,63,63,63,63,61,63,0,7817,1.11627530284214,27,-88,0.001869,51,2023-08-17 16:24:59.001751,536,1.037,0.0011,"aoml_navis",1029.43263110561
"7901009",8,0,1,0.024297,1,0.001869,1,111.164054933559,1,4.85697806995936,538,1,11.0209999084473,35.3409996032715,0.0242970008403063,0,107.19750213623,-88.4063,26.6967,23.8413416573614,63,63,63,63,61,63,0,7817,1.11627530284214,27,-88,0.001869,51,2023-08-17 16:24:59.001751,538,1.037,0.0011,"aoml_navis",1029.44669051014
"7901009",8,0,1,0.031773,1,0.009345,1,111.072690626793,1,4.8569153877364,540,1,10.9779996871948,35.3359985351562,0.0317730009555817,0,107.109397888184,-88.4063,26.6967,23.8413416573614,63,63,63,63,61,63,0,7817,1.11627530284214,27,-88,0.001869,51,2023-08-17 16:24:59.001751,540,1.037,0.0011,"aoml_navis",1029.45997631025
"7901009",8,0,1,0.024297,1,0.001869,1,110.9421317603,1,4.85687249398512,542,1,10.9729995727539,35.3349990844727,0.0242970008403063,0,106.983497619629,-88.4063,26.6967,23.8413416573614,63,63,63,63,61,63,0,7817,1.11627530284214,27,-88,0.001869,51,2023-08-17 16:24:59.001751,542,1.037,0.0011,"aoml_navis",1029.46906804577
"7901009",8,0,1,0.028035,1,0.005607,1,110.911331513829,1,4.85681615857358,544,1,10.9409999847412,35.3310012817383,0.0280349999666214,0,106.953796386719,-88.4063,26.6967,23.8413416573614,63,63,63,63,61,63,0,7817,1.11627530284214,27,-88,0.001869,51,2023-08-17 16:24:59.001751,544,1.037,0.0011,"aoml_navis",1029.48100911204
"7901009",8,0,1,0.028035,1,0.005607,1,110.879811302697,1,4.85676705029842,546,1,10.9209995269775,35.3279991149902,0.0280349999666214,0,106.923400878906,-88.4063,26.6967,23.8413416573614,63,63,63,63,61,63,0,7817,1.11627530284214,27,-88,0.001869,51,2023-08-17 16:24:59.001751,546,1.037,0.0011,"aoml_navis",1029.49141851322
"7901009",8,0,1,0.026166,1,0.003738,1,110.754956771602,1,4.85671704123745,548,1,10.8999996185303,35.3250007629395,0.0261659994721413,0,106.803001403809,-88.4063,26.6967,23.8413416573614,63,63,63,63,61,63,0,7817,1.11627530284214,27,-88,0.001869,51,2023-08-17 16:24:59.001751,548,1.037,0.0011,"aoml_navis",1029.50201906884
"7901009",8,0,1,0.028035,1,0.005607,1,110.771136197246,1,4.85666261097977,550,1,10.8699998855591,35.3209991455078,0.0280349999666214,0,106.818603515625,-88.4063,26.6967,23.8413416573614,63,63,63,63,61,63,0,7817,1.11627530284214,27,-88,0.001869,51,2023-08-17 16:24:59.001751,550,1.037,0.0011,"aoml_navis",1029.51355704557
"7901009",8,0,1,0.029904,1,0.007476,1,110.74479023764,1,4.85661534235852,552,1,10.8520002365112,35.318000793457,0.0299040004611015,0,106.793197631836,-88.4063,26.6967,23.8413416573614,63,63,63,63,61,63,0,7817,1.11627530284214,27,-88,0.001869,51,2023-08-17 16:24:59.001751,552,1.037,0.0011,"aoml_navis",1029.52357712807
"7901009",8,0,1,0.024297,1,0.001869,1,110.562488855885,1,4.85656096647036,554,1,10.8219995498657,35.3139991760254,0.0242970008403063,0,106.617401123047,-88.4063,26.6967,23.8413416573614,63,63,63,63,61,63,0,7817,1.11627530284214,27,-88,0.001869,51,2023-08-17 16:24:59.001751,554,1.037,0.0011,"aoml_navis",1029.53510406231
"7901009",8,0,1,0.028035,1,0.005607,1,110.27129875279,1,4.85651911995763,556,1,10.8100004196167,35.3110008239746,0.0280349999666214,0,106.336601257324,-88.4063,26.6967,23.8413416573614,63,63,63,63,61,63,0,7817,1.11627530284214,27,-88,0.001869,51,2023-08-17 16:24:59.001751,556,1.037,0.0011,"aoml_navis",1029.54397511846
"7901009",8,0,1,0.029904,1,0.007476,1,110.099155993298,1,4.85646645120023,558,1,10.789999961853,35.3089981079102,0.0299040004611015,0,106.170600891113,-88.4063,26.6967,23.8413416573614,63,63,63,63,61,63,0,7817,1.11627530284214,27,-88,0.001869,51,2023-08-17 16:24:59.001751,558,1.037,0.0011,"aoml_navis",1029.55514060316
"7901009",8,0,1,0.028035,1,0.005607,1,110.23406629456,1,4.85640340949335,560,1,10.7379999160767,35.3019981384277,0.0280349999666214,0,106.30069732666,-88.4063,26.6967,23.8413416573614,63,63,63,63,61,63,0,7817,1.11627530284214,27,-88,0.001869,51,2023-08-17 16:24:59.001751,560,1.037,0.0011,"aoml_navis",1029.5685054141
"7901009",8,0,1,0.028035,1,0.005607,1,110.655609559958,1,4.85632050752061,562,1,10.6389999389648,35.2890014648438,0.0280349999666214,0,106.70719909668,-88.4063,26.6967,23.8413416573614,63,63,63,63,61,63,0,7817,1.11627530284214,27,-88,0.001869,51,2023-08-17 16:24:59.001751,562,1.037,0.0011,"aoml_navis",1029.58608111983
"7901009",8,0,1,0.026166,1,0.003738,1,110.83552952014,1,4.85626747922945,564,1,10.6020002365112,35.2830009460449,0.0261659994721413,0,106.880699157715,-88.4063,26.6967,23.8413416573614,63,63,63,63,61,63,0,7817,1.11627530284214,27,-88,0.001869,51,2023-08-17 16:24:59.001751,564,1.037,0.0011,"aoml_navis",1029.59732374407
"7901009",8,0,1,0.028035,1,0.005607,1,111.045941170508,1,4.85621439883372,566,1,10.5690002441406,35.2779998779297,0.0280349999666214,0,107.083602905273,-88.4063,26.6967,23.8413416573614,63,63,63,63,61,63,0,7817,1.11627530284214,27,-88,0.001869,51,2023-08-17 16:24:59.001751,566,1.037,0.0011,"aoml_navis",1029.60857766099
"7901009",8,0,1,0.029904,1,0.007476,1,111.148286916293,1,4.85616479614416,568,1,10.543999671936,35.273998260498,0.0299040004611015,0,107.18229675293,-88.4063,26.6967,23.8413416573614,63,63,63,63,61,63,0,7817,1.11627530284214,27,-88,0.001869,51,2023-08-17 16:24:59.001751,568,1.037,0.0011,"aoml_navis",1029.61909446937
"7901009",8,0,1,0.029904,1,0.007476,1,111.28444726609,1,4.85611797717676,570,1,10.5179996490479,35.2690010070801,0.0299040004611015,0,107.313598632812,-88.4063,26.6967,23.8413416573614,63,63,63,63,61,63,0,7817,1.11627530284214,27,-88,0.001869,51,2023-08-17 16:24:59.001751,570,1.037,0.0011,"aoml_navis",1029.6290212675
"7901009",8,0,1,0.029904,1,0.007476,1,111.459082210951,1,4.85605918850029,572,1,10.4659996032715,35.2610015869141,0.0299040004611015,0,107.482002258301,-88.4063,26.6967,23.8413416573614,63,63,63,63,61,63,0,7817,1.11627530284214,27,-88,0.001869,51,2023-08-17 16:24:59.001751,572,1.037,0.0011,"aoml_navis",1029.64148621594
"7901009",8,0,1,0.029904,1,0.007476,1,111.609863381574,1,4.85599213323335,574,1,10.3920001983643,35.25,0.0299040004611015,0,107.627403259277,-88.4063,26.6967,23.8413416573614,63,63,63,63,61,63,0,7817,1.11627530284214,27,-88,0.001869,51,2023-08-17 16:24:59.001751,574,1.037,0.0011,"aoml_navis",1029.65570429596
"7901009",8,0,1,0.024297,1,0.001869,1,111.678616050936,1,4.85592733246144,576,1,10.3369998931885,35.2430000305176,0.0242970008403063,0,107.693702697754,-88.4063,26.6967,23.8413416573614,63,63,63,63,61,63,0,7817,1.11627530284214,27,-88,0.001869,51,2023-08-17 16:24:59.001751,576,1.037,0.0011,"aoml_navis",1029.66944471666
"7901009",8,0,1,0.028035,1,0.005607,1,111.748199448755,1,4.85586739168743,577.900024414062,1,10.2849998474121,35.2360000610352,0.0280349999666214,0,107.760803222656,-88.4063,26.6967,23.8413416573614,63,63,63,63,61,63,0,7817,1.11627530284214,27,-88,0.001869,51,2023-08-17 16:24:59.001751,577.900024414062,1.037,0.0011,"aoml_navis",1029.68215494503
"7901009",8,0,1,0.026166,1,0.003738,1,111.743634398096,1,4.85582104026216,580,1,10.2700004577637,35.2330017089844,0.0261659994721413,0,107.756401062012,-88.4063,26.6967,23.8413416573614,63,63,63,63,61,63,0,7817,1.11627530284214,27,-88,0.001869,51,2023-08-17 16:24:59.001751,580,1.037,0.0011,"aoml_navis",1029.69198381538
"7901009",8,0,1,0.028035,1,0.005607,1,111.781792525178,1,4.85576316442496,582,1,10.2309999465942,35.2280006408691,0.0280349999666214,0,107.793197631836,-88.4063,26.6967,23.8413416573614,63,63,63,63,61,63,0,7817,1.11627530284214,27,-88,0.001869,51,2023-08-17 16:24:59.001751,582,1.037,0.0011,"aoml_navis",1029.70425671329
"7901009",8,0,1,0.026166,1,0.003738,1,111.86434319861,1,4.85569804192908,584,1,10.1709995269775,35.2200012207031,0.0261659994721413,0,107.872802734375,-88.4063,26.6967,23.8413416573614,63,63,63,63,61,63,0,7817,1.11627530284214,27,-88,0.001869,51,2023-08-17 16:24:59.001751,584,1.037,0.0011,"aoml_navis",1029.71806665589
"7901009",8,0,1,0.024297,1,0.001869,1,111.853037379908,1,4.85564535732883,586,1,10.1420001983643,35.2159996032715,0.0242970008403063,0,107.86190032959,-88.4063,26.6967,23.8413416573614,63,63,63,63,61,63,0,7817,1.11627530284214,27,-88,0.001869,51,2023-08-17 16:24:59.001751,586,1.037,0.0011,"aoml_navis",1029.72923927677
"7901009",8,0,1,0.026166,1,0.003738,1,111.80460986677,1,4.85559858166167,588,1,10.1239995956421,35.2130012512207,0.0261659994721413,0,107.815200805664,-88.4063,26.6967,23.8413416573614,63,63,63,63,61,63,0,7817,1.11627530284214,27,-88,0.001869,51,2023-08-17 16:24:59.001751,588,1.037,0.0011,"aoml_navis",1029.73915901609
"7901009",8,0,1,0.024297,1,0.001869,1,111.770391766081,1,4.855542672691,590,1,10.0869998931885,35.2080001831055,0.0242970008403063,0,107.782203674316,-88.4063,26.6967,23.8413416573614,63,63,63,63,61,63,0,7817,1.11627530284214,27,-88,0.001869,51,2023-08-17 16:24:59.001751,590,1.037,0.0011,"aoml_navis",1029.75101591043
"7901009",8,0,1,0.026166,1,0.003738,1,111.763650998037,1,4.85549114764984,592,1,10.0550003051758,35.2029991149902,0.0261659994721413,0,107.775703430176,-88.4063,26.6967,23.8413416573614,63,63,63,63,61,63,0,7817,1.11627530284214,27,-88,0.001869,51,2023-08-17 16:24:59.001751,592,1.037,0.0011,"aoml_navis",1029.76194332475
"7901009",8,0,1,0.026166,1,0.003738,1,111.824832170901,1,4.85542021412101,594,1,9.99199962615967,35.1959991455078,0.0261659994721413,0,107.834701538086,-88.4063,26.6967,23.8413416573614,63,63,63,63,61,63,0,7817,1.11627530284214,27,-88,0.001869,51,2023-08-17 16:24:59.001751,594,1.037,0.0011,"aoml_navis",1029.77698726436
"7901009",8,0,1,0.029904,1,0.007476,1,111.806682732061,1,4.85536363153941,596,1,9.95400047302246,35.1910018920898,0.0299040004611015,0,107.817199707031,-88.4063,26.6967,23.8413416573614,63,63,63,63,61,63,0,7817,1.11627530284214,27,-88,0.001869,51,2023-08-17 16:24:59.001751,596,1.037,0.0011,"aoml_navis",1029.78898789806
"7901009",8,0,1,0.028035,1,0.005607,1,111.801706273024,1,4.85531785852132,598,1,9.9370002746582,35.1879997253418,0.0280349999666214,0,107.812400817871,-88.4063,26.6967,23.8413416573614,63,63,63,63,61,63,0,7817,1.11627530284214,27,-88,0.001869,51,2023-08-17 16:24:59.001751,598,1.037,0.0011,"aoml_navis",1029.7986961296
"7901009",8,0,1,0.029904,1,0.007476,1,111.812284215364,1,4.85526692251669,600,1,9.91399955749512,35.185001373291,0.0299040004611015,0,107.822601318359,-88.4063,26.6967,23.8413416573614,63,63,63,63,61,63,0,7817,1.11627530284214,27,-88,0.001869,51,2023-08-17 16:24:59.001751,600,1.037,0.0011,"aoml_navis",1029.80949962032
"7901009",8,0,1,0.033642,1,0.011214,1,111.882801193734,1,4.85520938215637,602,1,9.87899971008301,35.1809997558594,0.0336420014500618,0,107.890602111816,-88.4063,26.6967,23.8413416573614,63,63,63,63,61,63,0,7817,1.11627530284214,27,-88,0.001869,51,2023-08-17 16:24:59.001751,602,1.037,0.0011,"aoml_navis",1029.82170416291
"7901009",8,0,1,0.026166,1,0.003738,1,111.935682993736,1,4.85515983840056,604,1,9.84899997711182,35.1759986877441,0.0261659994721413,0,107.941596984863,-88.4063,26.6967,23.8413416573614,63,63,63,63,61,63,0,7817,1.11627530284214,27,-88,0.001869,51,2023-08-17 16:24:59.001751,604,1.037,0.0011,"aoml_navis",1029.83221282518
"7901009",8,0,1,0.029904,1,0.007476,1,112.072982628272,1,4.85509884362075,606,1,9.79699993133545,35.1689987182617,0.0299040004611015,0,108.073997497559,-88.4063,26.6967,23.8413416573614,63,63,63,63,61,63,0,7817,1.11627530284214,27,-88,0.001869,51,2023-08-17 16:24:59.001751,606,1.037,0.0011,"aoml_navis",1029.84515064397
"7901009",8,0,1,0.028035,1,0.005607,1,112.254872601649,1,4.8550231481044,608,1,9.7189998626709,35.1599998474121,0.0280349999666214,0,108.249397277832,-88.4063,26.6967,23.8413416573614,63,63,63,63,61,63,0,7817,1.11627530284214,27,-88,0.001869,51,2023-08-17 16:24:59.001751,608,1.037,0.0011,"aoml_navis",1029.86120714012
"7901009",8,0,1,0.031773,1,0.009345,1,112.249484734234,1,4.85497863858873,610,1,9.69900035858154,35.1559982299805,0.0317730009555817,0,108.244201660156,-88.4063,26.6967,23.8413416573614,63,63,63,63,61,63,0,7817,1.11627530284214,27,-88,0.001869,51,2023-08-17 16:24:59.001751,610,1.037,0.0011,"aoml_navis",1029.87064871071
"7901009",8,0,1,0.029904,1,0.007476,1,112.178034175314,1,4.85492478798435,612,1,9.66800022125244,35.1520004272461,0.0299040004611015,0,108.175300598145,-88.4063,26.6967,23.8413416573614,63,63,63,63,61,63,0,7817,1.11627530284214,27,-88,0.001869,51,2023-08-17 16:24:59.001751,612,1.037,0.0011,"aoml_navis",1029.88207198898
"7901009",8,0,1,0.029904,1,0.007476,1,111.917224998613,1,4.85487353297565,614,1,9.64000034332275,35.1479988098145,0.0299040004611015,0,107.923797607422,-88.4063,26.6967,23.8413416573614,63,63,63,63,61,63,0,7817,1.11627530284214,27,-88,0.001869,51,2023-08-17 16:24:59.001751,614,1.037,0.0011,"aoml_navis",1029.89294490137
"7901009",8,0,1,0.031773,1,0.009345,1,111.433986299878,1,4.85481241868922,616,1,9.5959997177124,35.1430015563965,0.0317730009555817,0,107.457801818848,-88.4063,26.6967,23.8413416573614,63,63,63,63,61,63,0,7817,1.11627530284214,27,-88,0.001869,51,2023-08-17 16:24:59.001751,616,1.037,0.0011,"aoml_navis",1029.90590959846
"7901009",8,0,1,0.031773,1,0.009345,1,111.18313004125,1,4.85474884759329,618,1,9.5620002746582,35.140998840332,0.0317730009555817,0,107.215896606445,-88.4063,26.6967,23.8413416573614,63,63,63,63,61,63,0,7817,1.11627530284214,27,-88,0.001869,51,2023-08-17 16:24:59.001751,618,1.037,0.0011,"aoml_navis",1029.91939582595
"7901009",8,0,1,0.026166,1,0.003738,1,111.293055195234,1,4.85469627081199,620,1,9.54100036621094,35.1389999389648,0.0261659994721413,0,107.321899414062,-88.4063,26.6967,23.8413416573614,63,63,63,63,61,63,0,7817,1.11627530284214,27,-88,0.001869,51,2023-08-17 16:24:59.001751,620,1.037,0.0011,"aoml_navis",1029.93054994225
"7901009",8,0,1,0.026166,1,0.003738,1,111.789261169582,1,4.85463198173046,622,1,9.49300003051758,35.1339988708496,0.0261659994721413,0,107.800399780273,-88.4063,26.6967,23.8413416573614,63,63,63,63,61,63,0,7817,1.11627530284214,27,-88,0.001869,51,2023-08-17 16:24:59.001751,622,1.037,0.0011,"aoml_navis",1029.94418914072
"7901009",8,0,1,0.028035,1,0.005607,1,112.389482258328,1,4.85457825561693,624,1,9.4399995803833,35.125,0.0280349999666214,0,108.379203796387,-88.4063,26.6967,23.8413416573614,63,63,63,63,61,63,0,7817,1.11627530284214,27,-88,0.001869,51,2023-08-17 16:24:59.001751,624,1.037,0.0011,"aoml_navis",1029.95558763829
"7901009",8,0,1,0.028035,1,0.005607,1,112.928719966699,1,4.85450891461052,626,1,9.35499954223633,35.1129989624023,0.0280349999666214,0,108.899200439453,-88.4063,26.6967,23.8413416573614,63,63,63,63,61,63,0,7817,1.11627530284214,27,-88,0.001869,51,2023-08-17 16:24:59.001751,626,1.037,0.0011,"aoml_navis",1029.9702993544
"7901009",8,0,1,0.022428,1,0,1,113.082404731069,1,4.85445151053097,628,1,9.30599975585938,35.1059989929199,0.0224280003458261,0,109.047401428223,-88.4063,26.6967,23.8413416573614,63,63,63,63,61,63,0,7817,1.11627530284214,27,-88,0.001869,51,2023-08-17 16:24:59.001751,628,1.037,0.0011,"aoml_navis",1029.98247879359
"7901009",8,0,1,0.033642,1,0.011214,1,113.266778978114,1,4.85438021657939,630,1,9.24899959564209,35.101001739502,0.0336420014500618,0,109.225196838379,-88.4063,26.6967,23.8413416573614,63,63,63,63,61,63,0,7817,1.11627530284214,27,-88,0.001869,51,2023-08-17 16:24:59.001751,630,1.037,0.0011,"aoml_navis",1029.99760565175
"7901009",8,0,1,0.029904,1,0.007476,1,113.323505864113,1,4.85433026734732,632,1,9.22200012207031,35.0970001220703,0.0299040004611015,0,109.279899597168,-88.4063,26.6967,23.8413416573614,63,63,63,63,61,63,0,7817,1.11627530284214,27,-88,0.001869,51,2023-08-17 16:24:59.001751,632,1.037,0.0011,"aoml_navis",1030.00820393959
"7901009",8,0,1,0.028035,1,0.005607,1,113.31769867662,1,4.85428673261338,634,1,9.21599960327148,35.0960006713867,0.0280349999666214,0,109.274299621582,-88.4063,26.6967,23.8413416573614,63,63,63,63,61,63,0,7817,1.11627530284214,27,-88,0.001869,51,2023-08-17 16:24:59.001751,634,1.037,0.0011,"aoml_navis",1030.01744136943
"7901009",8,0,1,0.026166,1,0.003738,1,113.286281317583,1,4.85424320068758,636,1,9.21000003814697,35.0950012207031,0.0261659994721413,0,109.244003295898,-88.4063,26.6967,23.8413416573614,63,63,63,63,61,63,0,7817,1.11627530284214,27,-88,0.001869,51,2023-08-17 16:24:59.001751,636,1.037,0.0011,"aoml_navis",1030.0266783691
"7901009",8,0,1,0.029904,1,0.007476,1,113.362708335539,1,4.85419683244284,638,1,9.20499992370605,35.0950012207031,0.0299040004611015,0,109.31770324707,-88.4063,26.6967,23.8413416573614,63,63,63,63,61,63,0,7817,1.11627530284214,27,-88,0.001869,51,2023-08-17 16:24:59.001751,638,1.037,0.0011,"aoml_navis",1030.03651738691
"7901009",8,0,1,0.028035,1,0.005607,1,113.399307857803,1,4.85415035560553,640,1,9.19099998474121,35.0929985046387,0.0280349999666214,0,109.352996826172,-88.4063,26.6967,23.8413416573614,63,63,63,63,61,63,0,7817,1.11627530284214,27,-88,0.001869,51,2023-08-17 16:24:59.001751,640,1.037,0.0011,"aoml_navis",1030.04637963594
"7901009",8,0,1,0.031773,1,0.009345,1,113.541481099281,1,4.85409206954564,642,1,9.14500045776367,35.0870018005371,0.0317730009555817,0,109.490097045898,-88.4063,26.6967,23.8413416573614,63,63,63,63,61,63,0,7817,1.11627530284214,27,-88,0.001869,51,2023-08-17 16:24:59.001751,642,1.037,0.0011,"aoml_navis",1030.05874803442
"7901009",8,0,1,0.029904,1,0.007476,1,113.710000300366,1,4.85403223808945,644,1,9.09700012207031,35.0810012817383,0.0299040004611015,0,109.652603149414,-88.4063,26.6967,23.8413416573614,63,63,63,63,61,63,0,7817,1.11627530284214,27,-88,0.001869,51,2023-08-17 16:24:59.001751,644,1.037,0.0011,"aoml_navis",1030.07144467751
"7901009",8,0,1,0.028035,1,0.005607,1,113.873535130714,1,4.85396220314013,646,1,9.0319995880127,35.0740013122559,0.0280349999666214,0,109.810302734375,-88.4063,26.6967,23.8413416573614,63,63,63,63,61,63,0,7817,1.11627530284214,27,-88,0.001869,51,2023-08-17 16:24:59.001751,646,1.037,0.0011,"aoml_navis",1030.08630696906
"7901009",8,0,1,0.028035,1,0.005607,1,114.042149272193,1,4.85388786792579,648,1,8.96599960327148,35.068000793457,0.0280349999666214,0,109.972900390625,-88.4063,26.6967,23.8413416573614,63,63,63,63,61,63,0,7817,1.11627530284214,27,-88,0.001869,51,2023-08-17 16:24:59.001751,648,1.037,0.0011,"aoml_navis",1030.10208229978
"7901009",8,0,1,0.029904,1,0.007476,1,114.088503920041,1,4.85383618730411,650,1,8.94099998474121,35.064998626709,0.0299040004611015,0,110.017601013184,-88.4063,26.6967,23.8413416573614,63,63,63,63,61,63,0,7817,1.11627530284214,27,-88,0.001869,51,2023-08-17 16:24:59.001751,650,1.037,0.0011,"aoml_navis",1030.11305018455
"7901009",8,0,1,0.028035,1,0.005607,1,114.178618178273,1,4.85378247278922,652,1,8.90900039672852,35.0610008239746,0.0280349999666214,0,110.104499816895,-88.4063,26.6967,23.8413416573614,63,63,63,63,61,63,0,7817,1.11627530284214,27,-88,0.001869,51,2023-08-17 16:24:59.001751,652,1.037,0.0011,"aoml_navis",1030.12444995846
"7901009",8,0,1,0.029904,1,0.007476,1,114.309699216939,1,4.85372799869058,654,1,8.87600040435791,35.056999206543,0.0299040004611015,0,110.230903625488,-88.4063,26.6967,23.8413416573614,63,63,63,63,61,63,0,7817,1.11627530284214,27,-88,0.001869,51,2023-08-17 16:24:59.001751,654,1.037,0.0011,"aoml_navis",1030.1360111957
"7901009",8,0,1,0.026166,1,0.003738,1,114.465765402882,1,4.85366461317203,656,1,8.83199977874756,35.0530014038086,0.0261659994721413,0,110.381401062012,-88.4063,26.6967,23.8413416573614,63,63,63,63,61,63,0,7817,1.11627530284214,27,-88,0.001869,51,2023-08-17 16:24:59.001751,656,1.037,0.0011,"aoml_navis",1030.14946406285
"7901009",8,0,1,0.028035,1,0.005607,1,114.531717330593,1,4.85361793413896,658,1,8.8129997253418,35.0499992370605,0.0280349999666214,0,110.444999694824,-88.4063,26.6967,23.8413416573614,63,63,63,63,61,63,0,7817,1.11627530284214,27,-88,0.001869,51,2023-08-17 16:24:59.001751,658,1.037,0.0011,"aoml_navis",1030.15937139004
"7901009",8,0,1,0.028035,1,0.005607,1,114.629094529041,1,4.85356959446721,660,1,8.80099964141846,35.048999786377,0.0280349999666214,0,110.538902282715,-88.4063,26.6967,23.8413416573614,63,63,63,63,61,63,0,7817,1.11627530284214,27,-88,0.001869,51,2023-08-17 16:24:59.001751,660,1.037,0.0011,"aoml_navis",1030.16963137805
"7901009",8,0,1,0.029904,1,0.007476,1,114.898195166904,1,4.85352417490076,662,1,8.7790002822876,35.0449981689453,0.0299040004611015,0,110.798400878906,-88.4063,26.6967,23.8413416573614,63,63,63,63,61,63,0,7817,1.11627530284214,27,-88,0.001869,51,2023-08-17 16:24:59.001751,662,1.037,0.0011,"aoml_navis",1030.17927176642
"7901009",8,0,1,0.031773,1,0.009345,1,115.345657160131,1,4.85345428139936,664,1,8.70400047302246,35.0359992980957,0.0317730009555817,0,111.22989654541,-88.4063,26.6967,23.8413416573614,63,63,63,63,61,63,0,7817,1.11627530284214,27,-88,0.001869,51,2023-08-17 16:24:59.001751,664,1.037,0.0011,"aoml_navis",1030.19410714597
"7901009",8,0,1,0.031773,1,0.009345,1,115.744390995636,1,4.85340303905294,666,1,8.66100025177002,35.0289993286133,0.0317730009555817,0,111.614402770996,-88.4063,26.6967,23.8413416573614,63,63,63,63,61,63,0,7817,1.11627530284214,27,-88,0.001869,51,2023-08-17 16:24:59.001751,666,1.037,0.0011,"aoml_navis",1030.20498396022
"7901009",8,0,1,0.028035,1,0.005607,1,116.270566487999,1,4.85333527245478,668,1,8.57900047302246,35.0180015563965,0.0280349999666214,0,112.121803283691,-88.4063,26.6967,23.8413416573614,63,63,63,63,61,63,0,7817,1.11627530284214,27,-88,0.001869,51,2023-08-17 16:24:59.001751,668,1.037,0.0011,"aoml_navis",1030.21936860155
"7901009",8,0,1,0.028035,1,0.005607,1,116.495693899588,1,4.85328219287923,670,1,8.53800010681152,35.0120010375977,0.0280349999666214,0,112.338897705078,-88.4063,26.6967,23.8413416573614,63,63,63,63,61,63,0,7817,1.11627530284214,27,-88,0.001869,51,2023-08-17 16:24:59.001751,670,1.037,0.0011,"aoml_navis",1030.23063594695
"7901009",8,0,1,0.029904,1,0.007476,1,116.625738505608,1,4.85323285812672,672,1,8.52000045776367,35.0099983215332,0.0299040004611015,0,112.464302062988,-88.4063,26.6967,23.8413416573614,63,63,63,63,61,63,0,7817,1.11627530284214,27,-88,0.001869,51,2023-08-17 16:24:59.001751,672,1.037,0.0011,"aoml_navis",1030.24110858961
"7901009",8,0,1,0.028035,1,0.005607,1,116.749453751963,1,4.85318719162917,674,1,8.5019998550415,35.0069999694824,0.0280349999666214,0,112.583602905273,-88.4063,26.6967,23.8413416573614,63,63,63,63,61,63,0,7817,1.11627530284214,27,-88,0.001869,51,2023-08-17 16:24:59.001751,674,1.037,0.0011,"aoml_navis",1030.25080273517
"7901009",8,0,1,0.026166,1,0.003738,1,116.800990563037,1,4.85314344899098,676,1,8.49100017547607,35.0050010681152,0.0261659994721413,0,112.63330078125,-88.4063,26.6967,23.8413416573614,63,63,63,63,61,63,0,7817,1.11627530284214,27,-88,0.001869,51,2023-08-17 16:24:59.001751,676,1.037,0.0011,"aoml_navis",1030.26008865235
"7901009",8,0,1,0.029904,1,0.007476,1,116.91433357124,1,4.85309603875622,678,1,8.47999954223633,35.0040016174316,0.0299040004611015,0,112.742599487305,-88.4063,26.6967,23.8413416573614,63,63,63,63,61,63,0,7817,1.11627530284214,27,-88,0.001869,51,2023-08-17 16:24:59.001751,678,1.037,0.0011,"aoml_navis",1030.27015333524
"7901009",8,0,1,0.028035,1,0.005607,1,117.044789585638,1,4.85304992801692,680,1,8.46599960327148,35.0019989013672,0.0280349999666214,0,112.86840057373,-88.4063,26.6967,23.8413416573614,63,63,63,63,61,63,0,7817,1.11627530284214,27,-88,0.001869,51,2023-08-17 16:24:59.001751,680,1.037,0.0011,"aoml_navis",1030.27994233785
"7901009",8,0,1,0.031773,1,0.009345,1,117.136668152878,1,4.8529968278515,682,1,8.43400001525879,34.9980010986328,0.0317730009555817,0,112.957000732422,-88.4063,26.6967,23.8413416573614,63,63,63,63,61,63,0,7817,1.11627530284214,27,-88,0.001869,51,2023-08-17 16:24:59.001751,682,1.037,0.0011,"aoml_navis",1030.2912153795
"7901009",8,0,1,0.029904,1,0.007476,1,117.089071368196,1,4.85294021986463,684,1,8.37899971008301,34.9900016784668,0.0299040004611015,0,112.911102294922,-88.4063,26.6967,23.8413416573614,63,63,63,63,61,63,0,7817,1.11627530284214,27,-88,0.001869,51,2023-08-17 16:24:59.001751,684,1.037,0.0011,"aoml_navis",1030.30323339517
"7901009",8,0,1,0.028035,1,0.005607,1,116.814986359596,1,4.85288639837422,686,1,8.33199977874756,34.9830017089844,0.0280349999666214,0,112.646797180176,-88.4063,26.6967,23.8413416573614,63,63,63,63,61,63,0,7817,1.11627530284214,27,-88,0.001869,51,2023-08-17 16:24:59.001751,686,1.037,0.0011,"aoml_navis",1030.31466009076
"7901009",8,0,1,0.028035,1,0.005607,1,116.360577894137,1,4.85283175811804,688,1,8.33500003814697,34.9869995117188,0.0280349999666214,0,112.208602905273,-88.4063,26.6967,23.8413416573614,63,63,63,63,61,63,0,7817,1.11627530284214,27,-88,0.001869,51,2023-08-17 16:24:59.001751,688,1.037,0.0011,"aoml_navis",1030.32626087557
"7901009",8,0,1,0.028035,1,0.005607,1,115.963505515544,1,4.85277473477659,690,1,8.33500003814697,34.9910011291504,0.0280349999666214,0,111.825698852539,-88.4063,26.6967,23.8413416573614,63,63,63,63,61,63,0,7817,1.11627530284214,27,-88,0.001869,51,2023-08-17 16:24:59.001751,690,1.037,0.0011,"aoml_navis",1030.33836789669
"7901009",8,0,1,0.026166,1,0.003738,1,115.531700775788,1,4.85272615034541,692,1,8.34099960327148,34.9939994812012,0.0261659994721413,0,111.409301757812,-88.4063,26.6967,23.8413416573614,63,63,63,63,61,63,0,7817,1.11627530284214,27,-88,0.001869,51,2023-08-17 16:24:59.001751,692,1.037,0.0011,"aoml_navis",1030.34868341872
"7901009",8,0,1,0.026166,1,0.003738,1,115.176940166557,1,4.85266863293423,694,1,8.34500026702881,34.9990005493164,0.0261659994721413,0,111.067199707031,-88.4063,26.6967,23.8413416573614,63,63,63,63,61,63,0,7817,1.11627530284214,27,-88,0.001869,51,2023-08-17 16:24:59.001751,694,1.037,0.0011,"aoml_navis",1030.36089587199
"7901009",8,0,1,0.026166,1,0.003738,1,114.950459854339,1,4.85262294182801,696,1,8.35000038146973,35.0009994506836,0.0261659994721413,0,110.84880065918,-88.4063,26.6967,23.8413416573614,63,63,63,63,61,63,0,7817,1.11627530284214,27,-88,0.001869,51,2023-08-17 16:24:59.001751,696,1.037,0.0011,"aoml_navis",1030.37059749721
"7901009",8,0,1,0.031773,1,0.009345,1,114.793871496223,1,4.85257091342236,698,1,8.34700012207031,35.0029983520508,0.0317730009555817,0,110.697799682617,-88.4063,26.6967,23.8413416573614,63,63,63,63,61,63,0,7817,1.11627530284214,27,-88,0.001869,51,2023-08-17 16:24:59.001751,698,1.037,0.0011,"aoml_navis",1030.38164494822
"7901009",8,0,1,0.029904,1,0.007476,1,114.720656628297,1,4.85252385112199,700,1,8.34099960327148,35.0029983520508,0.0299040004611015,0,110.627197265625,-88.4063,26.6967,23.8413416573614,63,63,63,63,61,63,0,7817,1.11627530284214,27,-88,0.001869,51,2023-08-17 16:24:59.001751,700,1.037,0.0011,"aoml_navis",1030.39163812537
"7901009",8,0,1,0.028035,1,0.005607,1,114.785263567079,1,4.85246699731027,702,1,8.31799983978271,35.0019989013672,0.0280349999666214,0,110.689498901367,-88.4063,26.6967,23.8413416573614,63,63,63,63,61,63,0,7817,1.11627530284214,27,-88,0.001869,51,2023-08-17 16:24:59.001751,702,1.037,0.0011,"aoml_navis",1030.40371068397
"7901009",8,0,1,0.026166,1,0.003738,1,114.866564191978,1,4.85241649102406,704,1,8.30300045013428,35.0009994506836,0.0261659994721413,0,110.76789855957,-88.4063,26.6967,23.8413416573614,63,63,63,63,61,63,0,7817,1.11627530284214,27,-88,0.001869,51,2023-08-17 16:24:59.001751,704,1.037,0.0011,"aoml_navis",1030.4144356217
"7901009",8,0,1,0.031773,1,0.009345,1,114.921004596797,1,4.8523746908374,706,1,8.29899978637695,35,0.0317730009555817,0,110.82039642334,-88.4063,26.6967,23.8413416573614,63,63,63,63,61,63,0,7817,1.11627530284214,27,-88,0.001869,51,2023-08-17 16:24:59.001751,706,1.037,0.0011,"aoml_navis",1030.42331200048
"7901009",8,0,1,0.031773,1,0.009345,1,114.914786000926,1,4.85232470328419,708,1,8.27999973297119,34.9980010986328,0.0317730009555817,0,110.814399719238,-88.4063,26.6967,23.8413416573614,63,63,63,63,61,63,0,7817,1.11627530284214,27,-88,0.001869,51,2023-08-17 16:24:59.001751,708,1.037,0.0011,"aoml_navis",1030.43392718873
"7901009",8,0,1,0.026166,1,0.003738,1,114.935839033513,1,4.85226606062313,710,1,8.25,34.9959983825684,0.0261659994721413,0,110.834701538086,-88.4063,26.6967,23.8413416573614,63,63,63,63,61,63,0,7817,1.11627530284214,27,-88,0.001869,51,2023-08-17 16:24:59.001751,710,1.037,0.0011,"aoml_navis",1030.44638062528
"7901009",8,0,1,0.028035,1,0.005607,1,114.855155521181,1,4.85222083899517,712,1,8.23700046539307,34.9939994812012,0.0280349999666214,0,110.756896972656,-88.4063,26.6967,23.8413416573614,63,63,63,63,61,63,0,7817,1.11627530284214,27,-88,0.001869,51,2023-08-17 16:24:59.001751,712,1.037,0.0011,"aoml_navis",1030.45598415826
"7901009",8,0,1,0.026166,1,0.003738,1,114.761726260824,1,4.85216591561609,714,1,8.2209997177124,34.9939994812012,0.0261659994721413,0,110.666801452637,-88.4063,26.6967,23.8413416573614,63,63,63,63,61,63,0,7817,1.11627530284214,27,-88,0.001869,51,2023-08-17 16:24:59.001751,714,1.037,0.0011,"aoml_navis",1030.46764825336
"7901009",8,0,1,0.031773,1,0.009345,1,114.668083384578,1,4.85212255013652,716,1,8.21500015258789,34.9930000305176,0.0317730009555817,0,110.576499938965,-88.4063,26.6967,23.8413416573614,63,63,63,63,61,63,0,7817,1.11627530284214,27,-88,0.001869,51,2023-08-17 16:24:59.001751,716,1.037,0.0011,"aoml_navis",1030.47685798029
"7901009",8,0,1,0.028035,1,0.005607,1,114.595493540919,1,4.85206868520949,718,1,8.19099998474121,34.9910011291504,0.0280349999666214,0,110.506500244141,-88.4063,26.6967,23.8413416573614,63,63,63,63,61,63,0,7817,1.11627530284214,27,-88,0.001869,51,2023-08-17 16:24:59.001751,718,1.037,0.0011,"aoml_navis",1030.48829775255
"7901009",8,0,1,0.028035,1,0.005607,1,114.482459088999,1,4.85200409954281,720,1,8.15799999237061,34.9900016784668,0.0280349999666214,0,110.397499084473,-88.4063,26.6967,23.8413416573614,63,63,63,63,61,63,0,7817,1.11627530284214,27,-88,0.001869,51,2023-08-17 16:24:59.001751,720,1.037,0.0011,"aoml_navis",1030.50201471823
"7901009",8,0,1,0.028035,1,0.005607,1,114.40437061413,1,4.85195628815849,722,1,8.15100002288818,34.9900016784668,0.0280349999666214,0,110.322196960449,-88.4063,26.6967,23.8413416573614,63,63,63,63,61,63,0,7817,1.11627530284214,27,-88,0.001869,51,2023-08-17 16:24:59.001751,722,1.037,0.0011,"aoml_navis",1030.51216932906
"7901009",8,0,1,0.031773,1,0.009345,1,114.366212487049,1,4.85191452046391,724,1,8.14700031280518,34.9889984130859,0.0317730009555817,0,110.285400390625,-88.4063,26.6967,23.8413416573614,63,63,63,63,61,63,0,7817,1.11627530284214,27,-88,0.001869,51,2023-08-17 16:24:59.001751,724,1.037,0.0011,"aoml_navis",1030.52104049062
"7901009",8,0,1,0.029904,1,0.007476,1,114.322555728758,1,4.85186435782595,726,1,8.13700008392334,34.9889984130859,0.0299040004611015,0,110.243301391602,-88.4063,26.6967,23.8413416573614,63,63,63,63,61,63,0,7817,1.11627530284214,27,-88,0.001869,51,2023-08-17 16:24:59.001751,726,1.037,0.0011,"aoml_navis",1030.53169488036
"7901009",8,0,1,0.029904,1,0.007476,1,114.418065766105,1,4.8517972388032,728,1,8.0959997177124,34.9869995117188,0.0299040004611015,0,110.335403442383,-88.4063,26.6967,23.8413416573614,63,63,63,63,61,63,0,7817,1.11627530284214,27,-88,0.001869,51,2023-08-17 16:24:59.001751,728,1.037,0.0011,"aoml_navis",1030.5459510986
"7901009",8,0,1,0.026166,1,0.003738,1,114.536590937535,1,4.85174919886183,730,1,8.08399963378906,34.9860000610352,0.0261659994721413,0,110.449699401855,-88.4063,26.6967,23.8413416573614,63,63,63,63,61,63,0,7817,1.11627530284214,27,-88,0.001869,51,2023-08-17 16:24:59.001751,730,1.037,0.0011,"aoml_navis",1030.55615512297
"7901009",8,0,1,0.029904,1,0.007476,1,114.737872486586,1,4.85170585969826,732,1,8.07800006866455,34.9850006103516,0.0299040004611015,0,110.643798828125,-88.4063,26.6967,23.8413416573614,63,63,63,63,61,63,0,7817,1.11627530284214,27,-88,0.001869,51,2023-08-17 16:24:59.001751,732,1.037,0.0011,"aoml_navis",1030.56536084217
"7901009",8,0,1,0.024297,1,0.001869,1,115.124469774933,1,4.85166252174802,734,1,8.07199954986572,34.984001159668,0.0242970008403063,0,111.0166015625,-88.4063,26.6967,23.8413416573614,63,63,63,63,61,63,0,7817,1.11627530284214,27,-88,0.001869,51,2023-08-17 16:24:59.001751,734,1.037,0.0011,"aoml_navis",1030.5745664681
"7901009",8,0,1,0.024297,1,0.001869,1,116.160435629825,1,4.85161692016409,736,1,8.04899978637695,34.9799995422363,0.0242970008403063,0,112.015602111816,-88.4063,26.6967,23.8413416573614,63,63,63,63,61,63,0,7817,1.11627530284214,27,-88,0.001869,51,2023-08-17 16:24:59.001751,736,1.037,0.0011,"aoml_navis",1030.58425310111
"7901009",8,0,1,0.029904,1,0.007476,1,117.43791402614,1,4.85153050980898,738,1,7.94999980926514,34.9710006713867,0.0299040004611015,0,113.247497558594,-88.4063,26.6967,23.8413416573614,63,63,63,63,61,63,0,7817,1.11627530284214,27,-88,0.001869,51,2023-08-17 16:24:59.001751,738,1.037,0.0011,"aoml_navis",1030.60260878311
"7901009",8,0,1,0.028035,1,0.005607,1,118.059805260039,1,4.85147665585262,740,1,7.90199995040894,34.9640007019043,0.0280349999666214,0,113.847198486328,-88.4063,26.6967,23.8413416573614,63,63,63,63,61,63,0,7817,1.11627530284214,27,-88,0.001869,51,2023-08-17 16:24:59.001751,740,1.037,0.0011,"aoml_navis",1030.61404901706
"7901009",8,0,1,0.028035,1,0.005607,1,118.434685321306,1,4.85142347777608,742,1,7.86899995803833,34.9599990844727,0.0280349999666214,0,114.208702087402,-88.4063,26.6967,23.8413416573614,63,63,63,63,61,63,0,7817,1.11627530284214,27,-88,0.001869,51,2023-08-17 16:24:59.001751,742,1.037,0.0011,"aoml_navis",1030.6253459226
"7901009",8,0,1,0.031773,1,0.009345,1,118.641149033583,1,4.85137843152613,744,1,7.85599994659424,34.9580001831055,0.0317730009555817,0,114.40779876709,-88.4063,26.6967,23.8413416573614,63,63,63,63,61,63,0,7817,1.11627530284214,27,-88,0.001869,51,2023-08-17 16:24:59.001751,744,1.037,0.0011,"aoml_navis",1030.63491553412
"7901009",8,0,1,0.028035,1,0.005607,1,118.841702706273,1,4.85133821777845,746,1,7.85400009155273,34.9570007324219,0.0280349999666214,0,114.601196289062,-88.4063,26.6967,23.8413416573614,63,63,63,63,61,63,0,7817,1.11627530284214,27,-88,0.001869,51,2023-08-17 16:24:59.001751,746,1.037,0.0011,"aoml_navis",1030.64345868048
"7901009",8,0,1,0.029904,1,0.007476,1,119.340709422273,1,4.85129008872494,748,1,7.83699989318848,34.9550018310547,0.0299040004611015,0,115.082397460938,-88.4063,26.6967,23.8413416573614,63,63,63,63,61,63,0,7817,1.11627530284214,27,-88,0.001869,51,2023-08-17 16:24:59.001751,748,1.037,0.0011,"aoml_navis",1030.65368356773
"7901009",8,0,1,0.028035,1,0.005607,1,119.82426458899,1,4.85121815709977,750,1,7.76999998092651,34.9490013122559,0.0280349999666214,0,115.548698425293,-88.4063,26.6967,23.8413416573614,63,63,63,63,61,63,0,7817,1.11627530284214,27,-88,0.001869,51,2023-08-17 16:24:59.001751,750,1.037,0.0011,"aoml_navis",1030.66896562516
"7901009",8,0,1,0.029904,1,0.007476,1,119.893222962542,1,4.85116179863084,752,1,7.74700021743774,34.9480018615723,0.0299040004611015,0,115.615196228027,-88.4063,26.6967,23.8413416573614,63,63,63,63,61,63,0,7817,1.11627530284214,27,-88,0.001869,51,2023-08-17 16:24:59.001751,752,1.037,0.0011,"aoml_navis",1030.68093944242
"7901009",8,0,1,0.028035,1,0.005607,1,120.001597423408,1,4.85111654220895,754,1,7.7480001449585,34.9490013122559,0.0280349999666214,0,115.719703674316,-88.4063,26.6967,23.8413416573614,63,63,63,63,61,63,0,7817,1.11627530284214,27,-88,0.001869,51,2023-08-17 16:24:59.001751,754,1.037,0.0011,"aoml_navis",1030.69055474047
"7901009",8,0,1,0.029904,1,0.007476,1,120.301078987664,1,4.85106926171322,756,1,7.73199987411499,34.9469985961914,0.0299040004611015,0,116.008499145508,-88.4063,26.6967,23.8413416573614,63,63,63,63,61,63,0,7817,1.11627530284214,27,-88,0.001869,51,2023-08-17 16:24:59.001751,756,1.037,0.0011,"aoml_navis",1030.70060027017
"7901009",8,0,1,0.024297,1,0.001869,1,120.508998452664,1,4.85102181439609,758,1,7.71099996566772,34.9440002441406,0.0242970008403063,0,116.208999633789,-88.4063,26.6967,23.8413416573614,63,63,63,63,61,63,0,7817,1.11627530284214,27,-88,0.001869,51,2023-08-17 16:24:59.001751,758,1.037,0.0011,"aoml_navis",1030.71068144072
"7901009",8,0,1,0.029904,1,0.007476,1,120.737551630173,1,4.85096917813323,760,1,7.68800020217896,34.9420013427734,0.0299040004611015,0,116.429397583008,-88.4063,26.6967,23.8413416573614,63,63,63,63,61,63,0,7817,1.11627530284214,27,-88,0.001869,51,2023-08-17 16:24:59.001751,760,1.037,0.0011,"aoml_navis",1030.72186534158
"7901009",8,0,1,0.029904,1,0.007476,1,120.912186575034,1,4.85090113673146,762,1,7.6399998664856,34.9389991760254,0.0299040004611015,0,116.597801208496,-88.4063,26.6967,23.8413416573614,63,63,63,63,61,63,0,7817,1.11627530284214,27,-88,0.001869,51,2023-08-17 16:24:59.001751,762,1.037,0.0011,"aoml_navis",1030.73632281218
"7901009",8,0,1,0.029904,1,0.007476,1,121.096457969985,1,4.85083788796362,764,1,7.60300016403198,34.9370002746582,0.0299040004611015,0,116.775497436523,-88.4063,26.6967,23.8413416573614,63,63,63,63,61,63,0,7817,1.11627530284214,27,-88,0.001869,51,2023-08-17 16:24:59.001751,764,1.037,0.0011,"aoml_navis",1030.74976230529
"7901009",8,0,1,0.031773,1,0.009345,1,121.356855738308,1,4.85078306506895,766,1,7.5770001411438,34.935001373291,0.0317730009555817,0,117.02660369873,-88.4063,26.6967,23.8413416573614,63,63,63,63,61,63,0,7817,1.11627530284214,27,-88,0.001869,51,2023-08-17 16:24:59.001751,766,1.037,0.0011,"aoml_navis",1030.76141169981
"7901009",8,0,1,0.029904,1,0.007476,1,121.694503341345,1,4.8507229630584,768,1,7.54400014877319,34.9329986572266,0.0299040004611015,0,117.352203369141,-88.4063,26.6967,23.8413416573614,63,63,63,63,61,63,0,7817,1.11627530284214,27,-88,0.001869,51,2023-08-17 16:24:59.001751,768,1.037,0.0011,"aoml_navis",1030.77418316372
"7901009",8,0,1,0.024297,1,0.001869,1,122.022190114609,1,4.8506612586307,770,1,7.50400018692017,34.9300003051758,0.0242970008403063,0,117.668197631836,-88.4063,26.6967,23.8413416573614,63,63,63,63,61,63,0,7817,1.11627530284214,27,-88,0.001869,51,2023-08-17 16:24:59.001751,770,1.037,0.0011,"aoml_navis",1030.78729546484
"7901009",8,0,1,0.028035,1,0.005607,1,122.442696947362,1,4.85059367765401,772,1,7.46099996566772,34.9280014038086,0.0280349999666214,0,118.073699951172,-88.4063,26.6967,23.8413416573614,63,63,63,63,61,63,0,7817,1.11627530284214,27,-88,0.001869,51,2023-08-17 16:24:59.001751,772,1.037,0.0011,"aoml_navis",1030.80165692589
"7901009",8,0,1,0.028035,1,0.005607,1,122.942320775929,1,4.85052760148315,774,1,7.41499996185303,34.9249992370605,0.0280349999666214,0,118.55549621582,-88.4063,26.6967,23.8413416573614,63,63,63,63,61,63,0,7817,1.11627530284214,27,-88,0.001869,51,2023-08-17 16:24:59.001751,774,1.037,0.0011,"aoml_navis",1030.81569899141
"7901009",8,0,1,0.029904,1,0.007476,1,123.552700486937,1,4.85047062771136,776,1,7.38100004196167,34.9220008850098,0.0299040004611015,0,119.144096374512,-88.4063,26.6967,23.8413416573614,63,63,63,63,61,63,0,7817,1.11627530284214,27,-88,0.001869,51,2023-08-17 16:24:59.001751,776,1.037,0.0011,"aoml_navis",1030.82780698317
"7901009",8,0,1,0.033642,1,0.011214,1,124.257656654741,1,4.85037616091387,778,1,7.29199981689453,34.9179992675781,0.0336420014500618,0,119.82389831543,-88.4063,26.6967,23.8413416573614,63,63,63,63,61,63,0,7817,1.11627530284214,27,-88,0.001869,51,2023-08-17 16:24:59.001751,778,1.037,0.0011,"aoml_navis",1030.84788357073
"7901009",8,0,1,0.033642,1,0.011214,1,124.593128540393,1,4.85032241147226,780,1,7.26700019836426,34.9160003662109,0.0336420014500618,0,120.147399902344,-88.4063,26.6967,23.8413416573614,63,63,63,63,61,63,0,7817,1.11627530284214,27,-88,0.001869,51,2023-08-17 16:24:59.001751,780,1.037,0.0011,"aoml_navis",1030.85930703776
"7901009",8,0,4,0.024297,1,0.001869,1,125.111218275784,1,4.85026799438634,782,1,7.24599981307983,34.9150009155273,0.0242970008403063,0,120.647003173828,-88.4063,26.6967,23.8413416573614,63,63,63,63,61,63,0,7817,1.11627530284214,27,-88,0.001869,51,2023-08-17 16:24:59.001751,782,1.037,0.0011,"aoml_navis",1030.87087265837
"7901009",8,0,1,0.029904,1,0.007476,1,125.504239864191,1,4.85019866110294,784,1,7.19999980926514,34.9129981994629,0.0299040004611015,0,121.026000976562,-88.4063,26.6967,23.8413416573614,63,63,63,63,61,63,0,7817,1.11627530284214,27,-88,0.001869,51,2023-08-17 16:24:59.001751,784,1.037,0.0011,"aoml_navis",1030.88560889236
"7901009",8,0,1,0.033642,1,0.011214,1,125.673787586221,1,4.85013909525721,786,1,7.17199993133545,34.9119987487793,0.0336420014500618,0,121.189498901367,-88.4063,26.6967,23.8413416573614,63,63,63,63,61,63,0,7817,1.11627530284214,27,-88,0.001869,51,2023-08-17 16:24:59.001751,786,1.037,0.0011,"aoml_navis",1030.89826947217
"7901009",8,0,1,0.028035,1,0.005607,1,125.81689440825,1,4.85008850317466,788,1,7.16099977493286,34.9119987487793,0.0280349999666214,0,121.327499389648,-88.4063,26.6967,23.8413416573614,63,63,63,63,61,63,0,7817,1.11627530284214,27,-88,0.001869,51,2023-08-17 16:24:59.001751,788,1.037,0.0011,"aoml_navis",1030.90902294406
"7901009",8,0,1,0.026166,1,0.003738,1,126.041713263556,1,4.85003713890865,790,1,7.14400005340576,34.9109992980957,0.0261659994721413,0,121.544296264648,-88.4063,26.6967,23.8413416573614,63,63,63,63,61,63,0,7817,1.11627530284214,27,-88,0.001869,51,2023-08-17 16:24:59.001751,790,1.037,0.0011,"aoml_navis",1030.91994077495
"7901009",8,0,1,0.031773,1,0.009345,1,126.277117972902,1,4.84997982658192,792,1,7.11399984359741,34.9090003967285,0.0317730009555817,0,121.771301269531,-88.4063,26.6967,23.8413416573614,63,63,63,63,61,63,0,7817,1.11627530284214,27,-88,0.001869,51,2023-08-17 16:24:59.001751,792,1.037,0.0011,"aoml_navis",1030.93212318036
"7901009",8,0,1,0.029904,1,0.007476,1,126.479127398314,1,4.84993295936965,794,1,7.10799980163574,34.9090003967285,0.0299040004611015,0,121.966102600098,-88.4063,26.6967,23.8413416573614,63,63,63,63,61,63,0,7817,1.11627530284214,27,-88,0.001869,51,2023-08-17 16:24:59.001751,794,1.037,0.0011,"aoml_navis",1030.94208556851
"7901009",8,0,1,0.031773,1,0.009345,1,126.661531632164,1,4.84987792769726,796,1,7.08599996566772,34.9080009460449,0.0317730009555817,0,122.141998291016,-88.4063,26.6967,23.8413416573614,63,63,63,63,61,63,0,7817,1.11627530284214,27,-88,0.001869,51,2023-08-17 16:24:59.001751,796,1.037,0.0011,"aoml_navis",1030.95378369122
"7901009",8,0,1,0.029904,1,0.007476,1,126.866966823496,1,4.84982441079715,798,1,7.07100009918213,34.9080009460449,0.0299040004611015,0,122.340103149414,-88.4063,26.6967,23.8413416573614,63,63,63,63,61,63,0,7817,1.11627530284214,27,-88,0.001869,51,2023-08-17 16:24:59.001751,798,1.037,0.0011,"aoml_navis",1030.96516007229
"7901009",8,0,1,0.029904,1,0.007476,1,127.107545784368,1,4.84976497953178,800,1,7.04300022125244,34.9070014953613,0.0299040004611015,0,122.57209777832,-88.4063,26.6967,23.8413416573614,63,63,63,63,61,63,0,7817,1.11627530284214,27,-88,0.001869,51,2023-08-17 16:24:59.001751,800,1.037,0.0011,"aoml_navis",1030.97779399667
"7901009",8,0,1,0.031773,1,0.009345,1,127.328329672887,1,4.84970337537722,802,1,7.01700019836426,34.9070014953613,0.0317730009555817,0,122.785003662109,-88.4063,26.6967,23.8413416573614,63,63,63,63,61,63,0,7817,1.11627530284214,27,-88,0.001869,51,2023-08-17 16:24:59.001751,802,1.037,0.0011,"aoml_navis",1030.99089016163
"7901009",8,0,1,0.029904,1,0.007476,1,127.332269699279,1,4.84965578861536,804,1,7.01000022888184,34.9070014953613,0.0299040004611015,0,122.788803100586,-88.4063,26.6967,23.8413416573614,63,63,63,63,61,63,0,7817,1.11627530284214,27,-88,0.001869,51,2023-08-17 16:24:59.001751,804,1.037,0.0011,"aoml_navis",1031.00100665651
"7901009",8,0,1,0.033642,1,0.011214,1,127.477963647071,1,4.84961263209931,806,1,7.00400018692017,34.9059982299805,0.0336420014500618,0,122.929298400879,-88.4063,26.6967,23.8413416573614,63,63,63,63,61,63,0,7817,1.11627530284214,27,-88,0.001869,51,2023-08-17 16:24:59.001751,806,1.037,0.0011,"aoml_navis",1031.01018149476
"7901009",8,0,1,0.028035,1,0.005607,1,127.678208763477,1,4.84956357642107,808,1,6.99499988555908,34.9059982299805,0.0280349999666214,0,123.122398376465,-88.4063,26.6967,23.8413416573614,63,63,63,63,61,63,0,7817,1.11627530284214,27,-88,0.001869,51,2023-08-17 16:24:59.001751,808,1.037,0.0011,"aoml_navis",1031.0206106608
"7901009",8,0,1,0.029904,1,0.007476,1,127.825358463992,1,4.84951452076145,810,1,6.98099994659424,34.9049987792969,0.0299040004611015,0,123.264297485352,-88.4063,26.6967,23.8413416573614,63,63,63,63,61,63,0,7817,1.11627530284214,27,-88,0.001869,51,2023-08-17 16:24:59.001751,810,1.037,0.0011,"aoml_navis",1031.03104003386
"7901009",8,0,1,0.028035,1,0.005607,1,128.042091562326,1,4.84945297035525,812,1,6.96000003814697,34.9059982299805,0.0280349999666214,0,123.473297119141,-88.4063,26.6967,23.8413416573614,63,63,63,63,61,63,0,7817,1.11627530284214,27,-88,0.001869,51,2023-08-17 16:24:59.001751,812,1.037,0.0011,"aoml_navis",1031.04412612413
"7901009",8,0,1,0.031773,1,0.009345,1,128.185720556527,1,4.84939731637517,814,1,6.94199991226196,34.9059982299805,0.0317730009555817,0,123.611801147461,-88.4063,26.6967,23.8413416573614,63,63,63,63,61,63,0,7817,1.11627530284214,27,-88,0.001869,51,2023-08-17 16:24:59.001751,814,1.037,0.0011,"aoml_navis",1031.05595887478
"7901009",8,0,1,0.026166,1,0.003738,1,128.324990204259,1,4.84934901430818,816,1,6.93400001525879,34.9059982299805,0.0261659994721413,0,123.746101379395,-88.4063,26.6967,23.8413416573614,63,63,63,63,61,63,0,7817,1.11627530284214,27,-88,0.001869,51,2023-08-17 16:24:59.001751,816,1.037,0.0011,"aoml_navis",1031.06622873448
"7901009",8,0,1,0.033642,1,0.011214,1,128.476079931165,1,4.84930732845654,818,1,6.92999982833862,34.9049987792969,0.0336420014500618,0,123.891799926758,-88.4063,26.6967,23.8413416573614,63,63,63,63,61,63,0,7817,1.11627530284214,27,-88,0.001869,51,2023-08-17 16:24:59.001751,818,1.037,0.0011,"aoml_navis",1031.07509203617
"7901009",8,0,1,0.031773,1,0.009345,1,128.750370643954,1,4.84926270170761,820,1,6.92700004577637,34.9049987792969,0.0317730009555817,0,124.156303405762,-88.4063,26.6967,23.8413416573614,63,63,63,63,61,63,0,7817,1.11627530284214,27,-88,0.001869,51,2023-08-17 16:24:59.001751,820,1.037,0.0011,"aoml_navis",1031.08458080428
"7901009",8,0,1,0.031773,1,0.009345,1,129.120891358752,1,4.8492188238271,822,1,6.91499996185303,34.9029998779297,0.0317730009555817,0,124.513603210449,-88.4063,26.6967,23.8413416573614,63,63,63,63,61,63,0,7817,1.11627530284214,27,-88,0.001869,51,2023-08-17 16:24:59.001751,822,1.037,0.0011,"aoml_navis",1031.09391051442
"7901009",8,0,1,0.029904,1,0.007476,1,129.50084281945,1,4.84915366995754,824,1,6.88399982452393,34.9029998779297,0.0299040004611015,0,124.879997253418,-88.4063,26.6967,23.8413416573614,63,63,63,63,61,63,0,7817,1.11627530284214,27,-88,0.001869,51,2023-08-17 16:24:59.001751,824,1.037,0.0011,"aoml_navis",1031.10776442846
"7901009",8,0,1,0.028035,1,0.005607,1,129.695494364252,1,4.84910027758369,826,1,6.86399984359741,34.9020004272461,0.0280349999666214,0,125.06770324707,-88.4063,26.6967,23.8413416573614,63,63,63,63,61,63,0,7817,1.11627530284214,27,-88,0.001869,51,2023-08-17 16:24:59.001751,826,1.037,0.0011,"aoml_navis",1031.11911772868
"7901009",8,0,1,0.028035,1,0.005607,1,129.806139482898,1,4.84904541579389,828,1,6.84700012207031,34.9020004272461,0.0280349999666214,0,125.17440032959,-88.4063,26.6967,23.8413416573614,63,63,63,63,61,63,0,7817,1.11627530284214,27,-88,0.001869,51,2023-08-17 16:24:59.001751,828,1.037,0.0011,"aoml_navis",1031.13078374445
"7901009",8,0,1,0.029904,1,0.007476,1,130.07016080963,1,4.84899419368583,830,1,6.84000015258789,34.9029998779297,0.0299040004611015,0,125.429000854492,-88.4063,26.6967,23.8413416573614,63,63,63,63,61,63,0,7817,1.11627530284214,27,-88,0.001869,51,2023-08-17 16:24:59.001751,830,1.037,0.0011,"aoml_navis",1031.141676043
"7901009",8,0,1,0.026166,1,0.003738,1,130.60659777635,1,4.84894229275975,832,1,6.82200002670288,34.9020004272461,0.0261659994721413,0,125.946296691895,-88.4063,26.6967,23.8413416573614,63,63,63,63,61,63,0,7817,1.11627530284214,27,-88,0.001869,51,2023-08-17 16:24:59.001751,832,1.037,0.0011,"aoml_navis",1031.15271292583
"7901009",8,0,1,0.026166,1,0.003738,1,131.000766561197,1,4.84887946616794,834,1,6.78900003433228,34.9010009765625,0.0261659994721413,0,126.326400756836,-88.4063,26.6967,23.8413416573614,63,63,63,63,61,63,0,7817,1.11627530284214,27,-88,0.001869,51,2023-08-17 16:24:59.001751,834,1.037,0.0011,"aoml_navis",1031.16607349935
"7901009",8,0,1,0.033642,1,0.011214,1,131.257738563602,1,4.84881522890384,836,1,6.75400018692017,34.9000015258789,0.0336420014500618,0,126.574203491211,-88.4063,26.6967,23.8413416573614,63,63,63,63,61,63,0,7817,1.11627530284214,27,-88,0.001869,51,2023-08-17 16:24:59.001751,836,1.037,0.0011,"aoml_navis",1031.1797344215
"7901009",8,0,1,0.029904,1,0.007476,1,131.312281820516,1,4.84876334141375,838,1,6.74100017547607,34.9000015258789,0.0299040004611015,0,126.626800537109,-88.4063,26.6967,23.8413416573614,63,63,63,63,61,63,0,7817,1.11627530284214,27,-88,0.001869,51,2023-08-17 16:24:59.001751,838,1.037,0.0011,"aoml_navis",1031.19076926162
"7901009",8,0,1,0.029904,1,0.007476,1,131.425521976625,1,4.84872017945809,840,1,6.73999977111816,34.9000015258789,0.0299040004611015,0,126.736000061035,-88.4063,26.6967,23.8413416573614,63,63,63,63,61,63,0,7817,1.11627530284214,27,-88,0.001869,51,2023-08-17 16:24:59.001751,840,1.037,0.0011,"aoml_navis",1031.19994863445
"7901009",8,0,1,0.026166,1,0.003738,1,131.609793371576,1,4.84867338546523,842,1,6.73400020599365,34.9000015258789,0.0261659994721413,0,126.913696289062,-88.4063,26.6967,23.8413416573614,63,63,63,63,61,63,0,7817,1.11627530284214,27,-88,0.001869,51,2023-08-17 16:24:59.001751,842,1.037,0.0011,"aoml_navis",1031.20990062733
"7901009",8,0,1,0.029904,1,0.007476,1,132.082359187575,1,4.84861061648219,844,1,6.70599985122681,34.9000015258789,0.0299040004611015,0,127.369400024414,-88.4063,26.6967,23.8413416573614,63,63,63,63,61,63,0,7817,1.11627530284214,27,-88,0.001869,51,2023-08-17 16:24:59.001751,844,1.037,0.0011,"aoml_navis",1031.22325043038
"7901009",8,0,1,0.028035,1,0.005607,1,132.719804822851,1,4.84855150134154,846,1,6.68300008773804,34.9000015258789,0.0280349999666214,0,127.984100341797,-88.4063,26.6967,23.8413416573614,63,63,63,63,61,63,0,7817,1.11627530284214,27,-88,0.001869,51,2023-08-17 16:24:59.001751,846,1.037,0.0011,"aoml_navis",1031.23582344471
"7901009",8,0,1,0.028035,1,0.005607,1,133.274905488883,1,4.84848380069492,848,1,6.64300012588501,34.898998260498,0.0280349999666214,0,128.519393920898,-88.4063,26.6967,23.8413416573614,63,63,63,63,61,63,0,7817,1.11627530284214,27,-88,0.001869,51,2023-08-17 16:24:59.001751,848,1.037,0.0011,"aoml_navis",1031.25022286005
"7901009",8,0,1,0.028035,1,0.005607,1,133.648954821694,1,4.8484211314008,850,1,6.61499977111816,34.898998260498,0.0280349999666214,0,128.880096435547,-88.4063,26.6967,23.8413416573614,63,63,63,63,61,63,0,7817,1.11627530284214,27,-88,0.001869,51,2023-08-17 16:24:59.001751,850,1.037,0.0011,"aoml_navis",1031.26355250321
"7901009",8,0,1,0.028035,1,0.005607,1,133.971055935053,1,4.84835633155535,852,1,6.58400011062622,34.898998260498,0.0280349999666214,0,129.190704345703,-88.4063,26.6967,23.8413416573614,63,63,63,63,61,63,0,7817,1.11627530284214,27,-88,0.001869,51,2023-08-17 16:24:59.001751,852,1.037,0.0011,"aoml_navis",1031.27733567306
"7901009",8,0,1,0.026166,1,0.003738,1,134.134179357023,1,4.8483016413622,854,1,6.56699991226196,34.898998260498,0.0261659994721413,0,129.348007202148,-88.4063,26.6967,23.8413416573614,63,63,63,63,61,63,0,7817,1.11627530284214,27,-88,0.001869,51,2023-08-17 16:24:59.001751,854,1.037,0.0011,"aoml_navis",1031.2889687687
"7901009",8,0,1,0.031773,1,0.009345,1,134.246066612504,1,4.84824911925197,856,1,6.55299997329712,34.898998260498,0.0317730009555817,0,129.455902099609,-88.4063,26.6967,23.8413416573614,63,63,63,63,61,63,0,7817,1.11627530284214,27,-88,0.001869,51,2023-08-17 16:24:59.001751,856,1.037,0.0011,"aoml_navis",1031.30014094066
"7901009",8,0,1,0.024297,1,0.001869,1,134.341054477679,1,4.84820307486505,858,1,6.5479998588562,34.898998260498,0.0242970008403063,0,129.547500610352,-88.4063,26.6967,23.8413416573614,63,63,63,63,61,63,0,7817,1.11627530284214,27,-88,0.001869,51,2023-08-17 16:24:59.001751,858,1.037,0.0011,"aoml_navis",1031.30993541131
"7901009",8,0,1,0.028035,1,0.005607,1,134.461343958115,1,4.84814830704639,860,1,6.53599977493286,34.9000015258789,0.0280349999666214,0,129.663497924805,-88.4063,26.6967,23.8413416573614,63,63,63,63,61,63,0,7817,1.11627530284214,27,-88,0.001869,51,2023-08-17 16:24:59.001751,860,1.037,0.0011,"aoml_navis",1031.32158575531
"7901009",8,0,1,0.029904,1,0.007476,1,134.575731310663,1,4.84809867385573,862,1,6.52600002288818,34.9000015258789,0.0299040004611015,0,129.773803710938,-88.4063,26.6967,23.8413416573614,63,63,63,63,61,63,0,7817,1.11627530284214,27,-88,0.001869,51,2023-08-17 16:24:59.001751,862,1.037,0.0011,"aoml_navis",1031.33214407607
"7901009",8,0,1,0.031773,1,0.009345,1,134.78540717297,1,4.84804832581984,864,1,6.5149998664856,34.9000015258789,0.0317730009555817,0,129.975997924805,-88.4063,26.6967,23.8413416573614,63,63,63,63,61,63,0,7817,1.11627530284214,27,-88,0.001869,51,2023-08-17 16:24:59.001751,864,1.037,0.0011,"aoml_navis",1031.34285468462
"7901009",8,0,1,0.026166,1,0.003738,1,134.946663433839,1,4.84799511137573,866,1,6.5,34.9000015258789,0.0261659994721413,0,130.131500244141,-88.4063,26.6967,23.8413416573614,63,63,63,63,61,63,0,7817,1.11627530284214,27,-88,0.001869,51,2023-08-17 16:24:59.001751,866,1.037,0.0011,"aoml_navis",1031.35417531004
"7901009",8,0,1,0.031773,1,0.009345,1,135.036571987882,1,4.8479490779356,868,1,6.49499988555908,34.9000015258789,0.0317730009555817,0,130.218200683594,-88.4063,26.6967,23.8413416573614,63,63,63,63,61,63,0,7817,1.11627530284214,27,-88,0.001869,51,2023-08-17 16:24:59.001751,868,1.037,0.0011,"aoml_navis",1031.36396847822
"7901009",8,0,1,0.031773,1,0.009345,1,135.114249054373,1,4.84790161151773,870,1,6.48799991607666,34.9000015258789,0.0317730009555817,0,130.293106079102,-88.4063,26.6967,23.8413416573614,63,63,63,63,61,63,0,7817,1.11627530284214,27,-88,0.001869,51,2023-08-17 16:24:59.001751,870,1.037,0.0011,"aoml_navis",1031.37406669329
"7901009",8,0,1,0.033642,1,0.011214,1,135.209442623736,1,4.84785199595396,872,1,6.47800016403198,34.9000015258789,0.0336420014500618,0,130.384902954102,-88.4063,26.6967,23.8413416573614,63,63,63,63,61,63,0,7817,1.11627530284214,27,-88,0.001869,51,2023-08-17 16:24:59.001751,872,1.037,0.0011,"aoml_navis",1031.38462233852
"7901009",8,0,1,0.026166,1,0.003738,1,135.352549445765,1,4.84780238369135,874,1,6.46799993515015,34.9000015258789,0.0261659994721413,0,130.522903442383,-88.4063,26.6967,23.8413416573614,63,63,63,63,61,63,0,7817,1.11627530284214,27,-88,0.001869,51,2023-08-17 16:24:59.001751,874,1.037,0.0011,"aoml_navis",1031.39517749747
"7901009",8,0,1,0.028035,1,0.005607,1,135.491716241403,1,4.84774847717032,876,1,6.4520001411438,34.9000015258789,0.0280349999666214,0,130.657104492188,-88.4063,26.6967,23.8413416573614,63,63,63,63,61,63,0,7817,1.11627530284214,27,-88,0.001869,51,2023-08-17 16:24:59.001751,876,1.037,0.0011,"aoml_navis",1031.4066465178
"7901009",8,0,1,0.033642,1,0.011214,1,135.618540785693,1,4.84769591182681,878,1,6.44299983978271,34.9010009765625,0.0336420014500618,0,130.779403686523,-88.4063,26.6967,23.8413416573614,63,63,63,63,61,63,0,7817,1.11627530284214,27,-88,0.001869,51,2023-08-17 16:24:59.001751,878,1.037,0.0011,"aoml_navis",1031.41783043809
"7901009",8,0,1,0.029904,1,0.007476,1,135.839736082591,1,4.84764488121519,880,1,6.43100023269653,34.9010009765625,0.0299040004611015,0,130.992706298828,-88.4063,26.6967,23.8413416573614,63,63,63,63,61,63,0,7817,1.11627530284214,27,-88,0.001869,51,2023-08-17 16:24:59.001751,880,1.037,0.0011,"aoml_navis",1031.42868805741
"7901009",8,0,1,0.028035,1,0.005607,1,136.016230276853,1,4.84759314020074,882,1,6.41800022125244,34.9010009765625,0.0280349999666214,0,131.162902832031,-88.4063,26.6967,23.8413416573614,63,63,63,63,61,63,0,7817,1.11627530284214,27,-88,0.001869,51,2023-08-17 16:24:59.001751,882,1.037,0.0011,"aoml_navis",1031.43969706025
"7901009",8,0,1,0.029904,1,0.007476,1,136.136108348911,1,4.84754998450893,884,1,6.41699981689453,34.9010009765625,0.0299040004611015,0,131.278503417969,-88.4063,26.6967,23.8413416573614,63,63,63,63,61,63,0,7817,1.11627530284214,27,-88,0.001869,51,2023-08-17 16:24:59.001751,884,1.037,0.0011,"aoml_navis",1031.4488795326
"7901009",8,0,1,0.031773,1,0.009345,1,136.474792384593,1,4.84750039475812,886,1,6.40700006484985,34.9010009765625,0.0317730009555817,0,131.605102539062,-88.4063,26.6967,23.8413416573614,63,63,63,63,61,63,0,7817,1.11627530284214,27,-88,0.001869,51,2023-08-17 16:24:59.001751,886,1.037,0.0011,"aoml_navis",1031.45943121671
"7901009",8,0,1,0.028035,1,0.005607,1,136.778633295318,1,4.84745591582322,888,1,6.39900016784668,34.9000015258789,0.0280349999666214,0,131.898101806641,-88.4063,26.6967,23.8413416573614,63,63,63,63,61,63,0,7817,1.11627530284214,27,-88,0.001869,51,2023-08-17 16:24:59.001751,888,1.037,0.0011,"aoml_navis",1031.46889560746
"7901009",8,0,1,0.026166,1,0.003738,1,137.149043246322,1,4.84739562115938,890,1,6.37400007247925,34.9000015258789,0.0261659994721413,0,132.255294799805,-88.4063,26.6967,23.8413416573614,63,63,63,63,61,63,0,7817,1.11627530284214,27,-88,0.001869,51,2023-08-17 16:24:59.001751,890,1.037,0.0011,"aoml_navis",1031.48172560426
"7901009",8,0,1,0.031773,1,0.009345,1,137.368276441723,1,4.84733238481972,892,1,6.34999990463257,34.9010009765625,0.0317730009555817,0,132.466705322266,-88.4063,26.6967,23.8413416573614,63,63,63,63,61,63,0,7817,1.11627530284214,27,-88,0.001869,51,2023-08-17 16:24:59.001751,892,1.037,0.0011,"aoml_navis",1031.49518189806
"7901009",8,0,1,0.026166,1,0.003738,1,137.440652669494,1,4.84728780597579,894,1,6.34700012207031,34.9010009765625,0.0261659994721413,0,132.536499023438,-88.4063,26.6967,23.8413416573614,63,63,63,63,61,63,0,7817,1.11627530284214,27,-88,0.001869,51,2023-08-17 16:24:59.001751,894,1.037,0.0011,"aoml_navis",1031.50466820558
"7901009",8,0,1,0.026166,1,0.003738,1,137.550989231857,1,4.84724322861878,896,1,6.3439998626709,34.9010009765625,0.0261659994721413,0,132.64289855957,-88.4063,26.6967,23.8413416573614,63,63,63,63,61,63,0,7817,1.11627530284214,27,-88,0.001869,51,2023-08-17 16:24:59.001751,896,1.037,0.0011,"aoml_navis",1031.51415437115
"7901009",8,0,1,0.029904,1,0.007476,1,137.710584035813,1,4.84719936626885,898,1,6.34200000762939,34.9010009765625,0.0299040004611015,0,132.796798706055,-88.4063,26.6967,23.8413416573614,63,63,63,63,61,63,0,7817,1.11627530284214,27,-88,0.001869,51,2023-08-17 16:24:59.001751,898,1.037,0.0011,"aoml_navis",1031.52348855186
"7901009",8,0,1,0.033642,1,0.011214,1,138.10381132841,1,4.84715490638863,900,1,6.33400011062622,34.9000015258789,0.0336420014500618,0,133.175994873047,-88.4063,26.6967,23.8413416573614,63,63,63,63,61,63,0,7817,1.11627530284214,27,-88,0.001869,51,2023-08-17 16:24:59.001751,900,1.037,0.0011,"aoml_navis",1031.53295006312
"7901009",8,0,1,0.029904,1,0.007476,1,138.582295095695,1,4.84709537745261,902,1,6.30999994277954,34.9000015258789,0.0299040004611015,0,133.637405395508,-88.4063,26.6967,23.8413416573614,63,63,63,63,61,63,0,7817,1.11627530284214,27,-88,0.001869,51,2023-08-17 16:24:59.001751,902,1.037,0.0011,"aoml_navis",1031.54561869334
"7901009",8,0,1,0.029904,1,0.007476,1,139.076428204753,1,4.84703503576086,904,1,6.28999996185303,34.9010009765625,0.0299040004611015,0,134.113906860352,-88.4063,26.6967,23.8413416573614,63,63,63,63,61,63,0,7817,1.11627530284214,27,-88,0.001869,51,2023-08-17 16:24:59.001751,904,1.037,0.0011,"aoml_navis",1031.55846060748
"7901009",8,0,1,0.031773,1,0.009345,1,139.633285268093,1,4.84697625642669,906,1,6.26700019836426,34.9010009765625,0.0317730009555817,0,134.650894165039,-88.4063,26.6967,23.8413416573614,63,63,63,63,61,63,0,7817,1.11627530284214,27,-88,0.001869,51,2023-08-17 16:24:59.001751,906,1.037,0.0011,"aoml_navis",1031.57097032824
"7901009",8,0,1,0.029904,1,0.007476,1,140.242122197682,1,4.8469096998939,908,1,6.23299980163574,34.9010009765625,0.0299040004611015,0,135.238006591797,-88.4063,26.6967,23.8413416573614,63,63,63,63,61,63,0,7817,1.11627530284214,27,-88,0.001869,51,2023-08-17 16:24:59.001751,908,1.037,0.0011,"aoml_navis",1031.58513559876
"7901009",8,0,1,0.029904,1,0.007476,1,140.631931636059,1,4.84685026300289,910,1,6.20900011062622,34.9010009765625,0.0299040004611015,0,135.613906860352,-88.4063,26.6967,23.8413416573614,63,63,63,63,61,63,0,7817,1.11627530284214,27,-88,0.001869,51,2023-08-17 16:24:59.001751,910,1.037,0.0011,"aoml_navis",1031.59778592009
"7901009",8,0,1,0.026166,1,0.003738,1,140.996217931587,1,4.84680074357906,912,1,6.19899988174438,34.9010009765625,0.0261659994721413,0,135.965194702148,-88.4063,26.6967,23.8413416573614,63,63,63,63,61,63,0,7817,1.11627530284214,27,-88,0.001869,51,2023-08-17 16:24:59.001751,912,1.037,0.0011,"aoml_navis",1031.60832568244
"7901009",8,0,1,0.029904,1,0.007476,1,141.355757207365,1,4.84674628097032,914,1,6.18200016021729,34.9010009765625,0.0299040004611015,0,136.311904907227,-88.4063,26.6967,23.8413416573614,63,63,63,63,61,63,0,7817,1.11627530284214,27,-88,0.001869,51,2023-08-17 16:24:59.001751,914,1.037,0.0011,"aoml_navis",1031.61991780577
"7901009",8,0,1,0.026166,1,0.003738,1,141.517630580801,1,4.84668462082429,916,1,6.15999984741211,34.9020004272461,0.0261659994721413,0,136.468002319336,-88.4063,26.6967,23.8413416573614,63,63,63,63,61,63,0,7817,1.11627530284214,27,-88,0.001869,51,2023-08-17 16:24:59.001751,916,1.037,0.0011,"aoml_navis",1031.63304220724
"7901009",8,0,1,0.026166,1,0.003738,1,141.629217191698,1,4.84664005719738,918,1,6.15700006484985,34.9020004272461,0.0261659994721413,0,136.575607299805,-88.4063,26.6967,23.8413416573614,63,63,63,63,61,63,0,7817,1.11627530284214,27,-88,0.001869,51,2023-08-17 16:24:59.001751,918,1.037,0.0011,"aoml_navis",1031.64252781159
"7901009",8,0,1,0.031773,1,0.009345,1,141.772102486138,1,4.84659408371475,920,1,6.15199995040894,34.9020004272461,0.0317730009555817,0,136.713394165039,-88.4063,26.6967,23.8413416573614,63,63,63,63,61,63,0,7817,1.11627530284214,27,-88,0.001869,51,2023-08-17 16:24:59.001751,920,1.037,0.0011,"aoml_navis",1031.652313694
"7901009",8,0,1,0.031773,1,0.009345,1,141.948501740006,1,4.84654105853781,922,1,6.13700008392334,34.9020004272461,0.0317730009555817,0,136.883499145508,-88.4063,26.6967,23.8413416573614,63,63,63,63,61,63,0,7817,1.11627530284214,27,-88,0.001869,51,2023-08-17 16:24:59.001751,922,1.037,0.0011,"aoml_navis",1031.66360082555
"7901009",8,0,1,0.026166,1,0.003738,1,142.052825410687,1,4.84649438428182,924,1,6.13100004196167,34.9020004272461,0.0261659994721413,0,136.984100341797,-88.4063,26.6967,23.8413416573614,63,63,63,63,61,63,0,7817,1.11627530284214,27,-88,0.001869,51,2023-08-17 16:24:59.001751,924,1.037,0.0011,"aoml_navis",1031.67353628141
"7901009",8,0,1,0.029904,1,0.007476,1,142.12137237586,1,4.84644982684266,926,1,6.12799978256226,34.9020004272461,0.0299040004611015,0,137.050201416016,-88.4063,26.6967,23.8413416573614,63,63,63,63,61,63,0,7817,1.11627530284214,27,-88,0.001869,51,2023-08-17 16:24:59.001751,926,1.037,0.0011,"aoml_navis",1031.68302131323
"7901009",8,0,1,0.028035,1,0.005607,1,142.171358493816,1,4.84640386154041,928,1,6.1230001449585,34.9020004272461,0.0280349999666214,0,137.098403930664,-88.4063,26.6967,23.8413416573614,63,63,63,63,61,63,0,7817,1.11627530284214,27,-88,0.001869,51,2023-08-17 16:24:59.001751,928,1.037,0.0011,"aoml_navis",1031.69280622246
"7901009",8,0,1,0.033642,1,0.011214,1,142.305224450734,1,4.84635860267097,930,1,6.11899995803833,34.9020004272461,0.0336420014500618,0,137.227493286133,-88.4063,26.6967,23.8413416573614,63,63,63,63,61,63,0,7817,1.11627530284214,27,-88,0.001869,51,2023-08-17 16:24:59.001751,930,1.037,0.0011,"aoml_navis",1031.70244093047
"7901009",8,0,1,0.031773,1,0.009345,1,142.362679213094,1,4.84630896285076,932,1,6.11399984359741,34.9029998779297,0.0317730009555817,0,137.282897949219,-88.4063,26.6967,23.8413416573614,63,63,63,63,61,63,0,7817,1.11627530284214,27,-88,0.001869,51,2023-08-17 16:24:59.001751,932,1.037,0.0011,"aoml_navis",1031.71300846218
"7901009",8,0,1,0.026166,1,0.003738,1,142.411003874137,1,4.84626879557652,934,1,6.11199998855591,34.9020004272461,0.0261659994721413,0,137.329498291016,-88.4063,26.6967,23.8413416573614,63,63,63,63,61,63,0,7817,1.11627530284214,27,-88,0.001869,51,2023-08-17 16:24:59.001751,934,1.037,0.0011,"aoml_navis",1031.72155959731
"7901009",8,0,1,0.029904,1,0.007476,1,142.472604367078,1,4.84622636273477,936,1,6.11199998855591,34.9020004272461,0.0299040004611015,0,137.388900756836,-88.4063,26.6967,23.8413416573614,63,63,63,63,61,63,0,7817,1.11627530284214,27,-88,0.001869,51,2023-08-17 16:24:59.001751,936,1.037,0.0011,"aoml_navis",1031.7305931988
"7901009",8,0,1,0.031773,1,0.009345,1,142.701062604192,1,4.84617320321178,938,1,6.10200023651123,34.9029998779297,0.0317730009555817,0,137.60920715332,-88.4063,26.6967,23.8413416573614,63,63,63,63,61,63,0,7817,1.11627530284214,27,-88,0.001869,51,2023-08-17 16:24:59.001751,938,1.037,0.0011,"aoml_navis",1031.74191064535
"7901009",8,0,1,0.033642,1,0.011214,1,143.019097103966,1,4.84612231542509,940,1,6.09000015258789,34.9029998779297,0.0336420014500618,0,137.915893554688,-88.4063,26.6967,23.8413416573614,63,63,63,63,61,63,0,7817,1.11627530284214,27,-88,0.001869,51,2023-08-17 16:24:59.001751,940,1.037,0.0011,"aoml_navis",1031.75274468107
"7901009",8,0,1,0.028035,1,0.005607,1,143.467294885254,1,4.84606720859944,942,1,6.07200002670288,34.9029998779297,0.0280349999666214,0,138.348098754883,-88.4063,26.6967,23.8413416573614,63,63,63,63,61,63,0,7817,1.11627530284214,27,-88,0.001869,51,2023-08-17 16:24:59.001751,942,1.037,0.0011,"aoml_navis",1031.76447720894
"7901009",8,0,1,0.028035,1,0.005607,1,143.971586616575,1,4.84600788311103,944.099975585938,1,6.05100011825562,34.9029998779297,0.0280349999666214,0,138.834396362305,-88.4063,26.6967,23.8413416573614,63,63,63,63,61,63,0,7817,1.11627530284214,27,-88,0.001869,51,2023-08-17 16:24:59.001751,944.099975585938,1.037,0.0011,"aoml_navis",1031.77710821017
"7901009",8,0,1,0.029904,1,0.007476,1,144.368342527184,1,4.8459435222538,946,1,6.02199983596802,34.9039993286133,0.0299040004611015,0,139.216995239258,-88.4063,26.6967,23.8413416573614,63,63,63,63,61,63,0,7817,1.11627530284214,27,-88,0.001869,51,2023-08-17 16:24:59.001751,946,1.037,0.0011,"aoml_navis",1031.79081164251
"7901009",8,0,1,0.029904,1,0.007476,1,144.678829265558,1,4.84588828816397,948,1,6.00899982452393,34.9049987792969,0.0299040004611015,0,139.516403198242,-88.4063,26.6967,23.8413416573614,63,63,63,63,61,63,0,7817,1.11627530284214,27,-88,0.001869,51,2023-08-17 16:24:59.001751,948,1.037,0.0011,"aoml_navis",1031.80257213367
"7901009",8,0,1,0.031773,1,0.009345,1,144.971783677659,1,4.84583884081411,950,1,5.99900007247925,34.9049987792969,0.0317730009555817,0,139.798904418945,-88.4063,26.6967,23.8413416573614,63,63,63,63,61,63,0,7817,1.11627530284214,27,-88,0.001869,51,2023-08-17 16:24:59.001751,950,1.037,0.0011,"aoml_navis",1031.81310073448
"7901009",8,0,1,0.028035,1,0.005607,1,145.279770318965,1,4.84578519313526,952,1,5.98299980163574,34.9049987792969,0.0280349999666214,0,140.095901489258,-88.4063,26.6967,23.8413416573614,63,63,63,63,61,63,0,7817,1.11627530284214,27,-88,0.001869,51,2023-08-17 16:24:59.001751,952,1.037,0.0011,"aoml_navis",1031.8245239354
"7901009",8,0,1,0.029904,1,0.007476,1,145.658582494924,1,4.84573715507655,954,1,5.97499990463257,34.9049987792969,0.0299040004611015,0,140.461196899414,-88.4063,26.6967,23.8413416573614,63,63,63,63,61,63,0,7817,1.11627530284214,27,-88,0.001869,51,2023-08-17 16:24:59.001751,954,1.037,0.0011,"aoml_navis",1031.83475289448
"7901009",8,0,1,0.033642,1,0.011214,1,145.998105170762,1,4.84568422054419,956,1,5.96000003814697,34.9049987792969,0.0336420014500618,0,140.788604736328,-88.4063,26.6967,23.8413416573614,63,63,63,63,61,63,0,7817,1.11627530284214,27,-88,0.001869,51,2023-08-17 16:24:59.001751,956,1.037,0.0011,"aoml_navis",1031.8460247165
"7901009",8,0,1,0.029904,1,0.007476,1,146.278717331516,1,4.84563618908408,958,1,5.9520001411438,34.9049987792969,0.0299040004611015,0,141.059204101562,-88.4063,26.6967,23.8413416573614,63,63,63,63,61,63,0,7817,1.11627530284214,27,-88,0.001869,51,2023-08-17 16:24:59.001751,958,1.037,0.0011,"aoml_navis",1031.85625269674
"7901009",8,0,1,0.028035,1,0.005607,1,146.610454894965,1,4.84558396531351,960,1,5.93800020217896,34.9049987792969,0.0280349999666214,0,141.379104614258,-88.4063,26.6967,23.8413416573614,63,63,63,63,61,63,0,7817,1.11627530284214,27,-88,0.001869,51,2023-08-17 16:24:59.001751,960,1.037,0.0011,"aoml_navis",1031.86737363172
"7901009",8,0,1,0.029904,1,0.007476,1,146.959186789115,1,4.84552876907967,962,1,5.92500019073486,34.9059982299805,0.0299040004611015,0,141.715393066406,-88.4063,26.6967,23.8413416573614,63,63,63,63,61,63,0,7817,1.11627530284214,27,-88,0.001869,51,2023-08-17 16:24:59.001751,962,1.037,0.0011,"aoml_navis",1031.87912780666
"7901009",8,0,1,0.029904,1,0.007476,1,147.277237112289,1,4.84548512365712,964,1,5.91800022125244,34.9049987792969,0.0299040004611015,0,142.022094726562,-88.4063,26.6967,23.8413416573614,63,63,63,63,61,63,0,7817,1.11627530284214,27,-88,0.001869,51,2023-08-17 16:24:59.001751,964,1.037,0.0011,"aoml_navis",1031.88842239727
"7901009",8,0,1,0.031773,1,0.009345,1,147.846657954564,1,4.84542226181644,966,1,5.89400005340576,34.9059982299805,0.0317730009555817,0,142.571197509766,-88.4063,26.6967,23.8413416573614,63,63,63,63,61,63,0,7817,1.11627530284214,27,-88,0.001869,51,2023-08-17 16:24:59.001751,966,1.037,0.0011,"aoml_navis",1031.90180954954
"7901009",8,0,1,0.029904,1,0.007476,1,148.180784851287,1,4.84535871105922,968,1,5.86899995803833,34.9070014953613,0.0299040004611015,0,142.893402099609,-88.4063,26.6967,23.8413416573614,63,63,63,63,61,63,0,7817,1.11627530284214,27,-88,0.001869,51,2023-08-17 16:24:59.001751,968,1.037,0.0011,"aoml_navis",1031.9153437676
"7901009",8,0,1,0.029904,1,0.007476,1,148.424069613416,1,4.84531000779397,970,1,5.8600001335144,34.9070014953613,0.0299040004611015,0,143.128005981445,-88.4063,26.6967,23.8413416573614,63,63,63,63,61,63,0,7817,1.11627530284214,27,-88,0.001869,51,2023-08-17 16:24:59.001751,970,1.037,0.0011,"aoml_navis",1031.92571619921
"7901009",8,0,1,0.031773,1,0.009345,1,148.741597764417,1,4.84526130723495,972,1,5.85099983215332,34.9070014953613,0.0317730009555817,0,143.434204101562,-88.4063,26.6967,23.8413416573614,63,63,63,63,61,63,0,7817,1.11627530284214,27,-88,0.001869,51,2023-08-17 16:24:59.001751,972,1.037,0.0011,"aoml_navis",1031.93608826298
"7901009",8,0,1,0.031773,1,0.009345,1,148.979375983637,1,4.84521330564888,974,1,5.84299993515015,34.9070014953613,0.0317730009555817,0,143.663497924805,-88.4063,26.6967,23.8413416573614,63,63,63,63,61,63,0,7817,1.11627530284214,27,-88,0.001869,51,2023-08-17 16:24:59.001751,974,1.037,0.0011,"aoml_navis",1031.94631166613
"7901009",8,0,1,0.029904,1,0.007476,1,149.204400543132,1,4.84516878473482,976,1,5.84000015258789,34.9070014953613,0.0299040004611015,0,143.880493164062,-88.4063,26.6967,23.8413416573614,63,63,63,63,61,63,0,7817,1.11627530284214,27,-88,0.001869,51,2023-08-17 16:24:59.001751,976,1.037,0.0011,"aoml_navis",1031.95579393498
"7901009",8,99999,9,99999,9,99999,9,149.444789623214,1,4.84511154675377,978,1,5.82399988174438,34.9080009460449,99999,99999,144.1123046875,-88.4063,26.6967,23.8413416573614,63,63,63,63,61,63,0,7817,1.11627530284214,27,-88,0.001869,51,2023-08-17 16:24:59.001751,978,1.037,0.0011,"aoml_navis",1031.96798499923
"7901009",8,0,1,0.031773,1,0.009345,1,152.860159568724,1,4.84459605707748,999.599975585938,1,5.7467999458313,34.9090003967285,0.0317730009555817,0,147.405807495117,-88.4063,26.6967,23.8413416573614,63,63,63,63,61,63,0,7817,1.11627530284214,27,-88,0.001869,51,2023-08-17 16:24:59.001751,999.599975585938,1.037,0.0011,"aoml_navis",1032.07779164488
"7901009",8,0,1,0.026166,1,0.003738,1,159.148014457865,1,4.84335356882506,1048.80004882812,1,5.50080013275146,34.9169998168945,0.0261659994721413,0,153.469299316406,-88.4063,26.6967,23.8413416573614,63,63,63,63,61,63,0,7817,1.11627530284214,27,-88,0.001869,51,2023-08-17 16:24:59.001751,1048.80004882812,1.037,0.0011,"aoml_navis",1032.34255541103
"7901009",8,0,1,0.028035,1,0.005607,1,165.048560005696,1,4.84211638896418,1099.80004882812,1,5.30469989776611,34.9230003356934,0.0280349999666214,0,159.159301757812,-88.4063,26.6967,23.8413416573614,63,63,63,63,61,63,0,7817,1.11627530284214,27,-88,0.001869,51,2023-08-17 16:24:59.001751,1099.80004882812,1.037,0.0011,"aoml_navis",1032.60632301108
"7901009",8,0,1,0.029904,1,0.007476,1,171.381115997472,1,4.84091218640371,1149.5,1,5.11429977416992,34.9290008544922,0.0299040004611015,0,165.265899658203,-88.4063,26.6967,23.8413416573614,63,63,63,63,61,63,0,7817,1.11627530284214,27,-88,0.001869,51,2023-08-17 16:24:59.001751,1149.5,1.037,0.0011,"aoml_navis",1032.86318930616
"7901009",8,0,1,0.024297,1,0.001869,1,177.513537636636,1,4.83970245828584,1199.80004882812,1,4.93779993057251,34.9360008239746,0.0242970008403063,0,171.179504394531,-88.4063,26.6967,23.8413416573614,63,63,63,63,61,63,0,7817,1.11627530284214,27,-88,0.001869,51,2023-08-17 16:24:59.001751,1199.80004882812,1.037,0.0011,"aoml_navis",1033.12136295481
"7901009",8,0,1,0.029904,1,0.007476,1,183.658918639714,1,4.83850055904151,1249.90002441406,1,4.76459980010986,34.943000793457,0.0299040004611015,0,177.105606079102,-88.4063,26.6967,23.8413416573614,63,63,63,63,61,63,0,7817,1.11627530284214,27,-88,0.001869,51,2023-08-17 16:24:59.001751,1249.90002441406,1.037,0.0011,"aoml_navis",1033.37799365481
"7901009",8,0,1,0.029904,1,0.007476,1,188.726536279011,1,4.837340867161,1299.5,1,4.62580013275146,34.9480018615723,0.0299040004611015,0,181.992401123047,-88.4063,26.6967,23.8413416573614,63,63,63,63,61,63,0,7817,1.11627530284214,27,-88,0.001869,51,2023-08-17 16:24:59.001751,1299.5,1.037,0.0011,"aoml_navis",1033.62573308473
"7901009",8,0,1,0.028035,1,0.005607,1,191.919666583279,1,4.83621584615325,1349.40002441406,1,4.54120016098022,34.9519996643066,0.0280349999666214,0,185.071594238281,-88.4063,26.6967,23.8413416573614,63,63,63,63,61,63,0,7817,1.11627530284214,27,-88,0.001869,51,2023-08-17 16:24:59.001751,1349.40002441406,1.037,0.0011,"aoml_navis",1033.86617947936
"7901009",8,0,1,0.033642,1,0.011214,1,194.489671428512,1,4.83510236638023,1400.09997558594,1,4.48640012741089,34.9539985656738,0.0336420014500618,0,187.549896240234,-88.4063,26.6967,23.8413416573614,63,63,63,63,61,63,0,7817,1.11627530284214,27,-88,0.001869,51,2023-08-17 16:24:59.001751,1400.09997558594,1.037,0.0011,"aoml_navis",1034.10426938762
"7901009",8,0,1,0.033642,1,0.011214,1,196.628694350747,1,4.83402825857052,1449.40002441406,1,4.44449996948242,34.9560012817383,0.0336420014500618,0,189.612594604492,-88.4063,26.6967,23.8413416573614,63,63,63,63,61,63,0,7817,1.11627530284214,27,-88,0.001869,51,2023-08-17 16:24:59.001751,1449.40002441406,1.037,0.0011,"aoml_navis",1034.33404451768
"7901009",8,0,1,0.026166,1,0.003738,1,198.72428204228,1,4.8329399118846,1499.40002441406,1,4.40150022506714,34.9580001831055,0.0261659994721413,0,191.633407592773,-88.4063,26.6967,23.8413416573614,63,63,63,63,61,63,0,7817,1.11627530284214,27,-88,0.001869,51,2023-08-17 16:24:59.001751,1499.40002441406,1.037,0.0011,"aoml_navis",1034.56696982815
"7901009",8,0,1,0.028035,1,0.005607,1,200.393951298546,1,4.8318630711445,1549.09997558594,1,4.36969995498657,34.9609985351562,0.0280349999666214,0,193.243499755859,-88.4063,26.6967,23.8413416573614,63,63,63,63,61,63,0,7817,1.11627530284214,27,-88,0.001869,51,2023-08-17 16:24:59.001751,1549.09997558594,1.037,0.0011,"aoml_navis",1034.7975359359
"7901009",8,0,1,0.029904,1,0.007476,1,201.716027945402,1,4.83078216627687,1599.80004882812,1,4.34469985961914,34.9609985351562,0.0299040004611015,0,194.518402099609,-88.4063,26.6967,23.8413416573614,63,63,63,63,61,63,0,7817,1.11627530284214,27,-88,0.001869,51,2023-08-17 16:24:59.001751,1599.80004882812,1.037,0.0011,"aoml_navis",1035.02907560279
"7901009",8,0,1,0.028035,1,0.005607,1,202.815247838447,1,4.82972020133333,1649.5,1,4.32539987564087,34.9630012512207,0.0280349999666214,0,195.578399658203,-88.4063,26.6967,23.8413416573614,63,63,63,63,61,63,0,7817,1.11627530284214,27,-88,0.001869,51,2023-08-17 16:24:59.001751,1649.5,1.037,0.0011,"aoml_navis",1035.25665909583
"7901009",8,0,1,0.028035,1,0.005607,1,203.873089542682,1,4.82866682705908,1699.40002441406,1,4.31199979782104,34.9630012512207,0.0280349999666214,0,196.598495483398,-88.4063,26.6967,23.8413416573614,63,63,63,63,61,63,0,7817,1.11627530284214,27,-88,0.001869,51,2023-08-17 16:24:59.001751,1699.40002441406,1.037,0.0011,"aoml_navis",1035.48250046592
"7901009",8,0,1,0.028035,1,0.005607,1,204.693675199869,1,4.82760115210591,1749.90002441406,1,4.30210018157959,34.9640007019043,0.0280349999666214,0,197.389801025391,-88.4063,26.6967,23.8413416573614,63,63,63,63,61,63,0,7817,1.11627530284214,27,-88,0.001869,51,2023-08-17 16:24:59.001751,1749.90002441406,1.037,0.0011,"aoml_navis",1035.7110793668
"7901009",8,0,1,0.031773,1,0.009345,1,205.262368165782,1,4.82656374979708,1799.19995117188,1,4.29470014572144,34.9650001525879,0.0317730009555817,0,197.938201904297,-88.4063,26.6967,23.8413416573614,63,63,63,63,61,63,0,7817,1.11627530284214,27,-88,0.001869,51,2023-08-17 16:24:59.001751,1799.19995117188,1.037,0.0011,"aoml_navis",1035.93369096393
"7901009",8,0,1,0.031773,1,0.009345,1,205.848577634569,1,4.82550764643327,1849.69995117188,1,4.28900003433228,34.9650001525879,0.0317730009555817,0,198.503494262695,-88.4063,26.6967,23.8413416573614,63,63,63,63,61,63,0,7817,1.11627530284214,27,-88,0.001869,51,2023-08-17 16:24:59.001751,1849.69995117188,1.037,0.0011,"aoml_navis",1036.16041385733
"7901009",8,0,1,0.035511,1,0.013083,1,206.302994011728,1,4.82447658491787,1899,1,4.28639984130859,34.9659996032715,0.0355109982192516,0,198.941696166992,-88.4063,26.6967,23.8413416573614,63,63,63,63,61,63,0,7817,1.11627530284214,27,-88,0.001869,51,2023-08-17 16:24:59.001751,1899,1.037,0.0011,"aoml_navis",1036.38185655846
"7901009",8,0,1,0.028035,1,0.005607,1,206.455642343452,1,4.82342086303218,1949.80004882812,1,4.28569984436035,34.9659996032715,0.0280349999666214,0,199.088897705078,-88.4063,26.6967,23.8413416573614,63,63,63,63,61,63,0,7817,1.11627530284214,27,-88,0.001869,51,2023-08-17 16:24:59.001751,1949.80004882812,1.037,0.0011,"aoml_navis",1036.60869370143
"7901009",8,0,1,0.028035,1,0.005607,1,202.220003208739,4,4.82238487668652,1999.69995117188,1,4.28429985046387,34.9659996032715,0.0280349999666214,0,195.00439453125,-88.4063,26.6967,23.8413416573614,63,63,63,63,61,63,0,7817,1.11627530284214,27,-88,0.001869,51,2023-08-17 16:24:59.001751,1999.69995117188,1.037,0.0011,"aoml_navis",1036.83138692893
"7901009",9,0.0605867377561724,5,0.080367,1,0.057939,1,190.014857210381,1,4.89123958544088,2.29999995231628,1,30.7870006561279,36.0289993286133,0.0803669989109039,0.0672840029001236,183.23469543457,-88.2501,26.4018,27.8152335728682,63,63,63,63,61,63,0.078498,8045,1.29563008188212,26,-88,0.001869,51,2023-08-27 23:23:29.002501,2.29999995231628,1.037,0.0011,"aoml_navis",1022.2357569404
"7901009",9,0.0605867377561724,5,0.084105,1,0.061677,1,190.156524146991,1,4.89112689437437,4,1,30.738000869751,36.0279998779297,0.0841049998998642,0.0710219964385033,183.371307373047,-88.2501,26.4018,27.8152335728682,63,63,63,63,61,63,0.078498,8045,1.29563008188212,26,-88,0.001869,51,2023-08-27 23:23:29.002501,4,1.037,0.0011,"aoml_navis",1022.25930914834
"7901009",9,0.0605867377561724,5,0.080367,1,0.057939,1,190.116791579379,1,4.89106615199029,6,1,30.7259998321533,36.0279998779297,0.0803669989109039,0.0672840029001236,183.332992553711,-88.2501,26.4018,27.8152335728682,63,63,63,63,61,63,0.078498,8045,1.29563008188212,26,-88,0.001869,51,2023-08-27 23:23:29.002501,6,1.037,0.0011,"aoml_navis",1022.27200463551
"7901009",9,0.0605867377561724,5,0.082236,1,0.059808,1,190.113373724101,1,4.89101181968707,8,1,30.7199993133545,36.0289993286133,0.0822359994053841,0.0691530033946037,183.329696655273,-88.2501,26.4018,27.8152335728682,63,63,63,63,61,63,0.078498,8045,1.29563008188212,26,-88,0.001869,51,2023-08-27 23:23:29.002501,8,1.037,0.0011,"aoml_navis",1022.28336064825
"7901009",9,0.0605867377561724,5,0.084105,1,0.061677,1,190.105810136957,1,4.89096440364264,10,1,30.7159996032715,36.0289993286133,0.0841049998998642,0.0710219964385033,183.322402954102,-88.2501,26.4018,27.8152335728682,63,63,63,63,61,63,0.078498,8045,1.29563008188212,26,-88,0.001869,51,2023-08-27 23:23:29.002501,10,1.037,0.0011,"aoml_navis",1022.29327129761
"7901009",9,0.0605867377561724,5,0.084105,1,0.061677,1,190.203804478343,1,4.89091391702816,12,1,30.7080001831055,36.0279998779297,0.0841049998998642,0.0710219964385033,183.416900634766,-88.2501,26.4018,27.8152335728682,63,63,63,63,61,63,0.078498,8045,1.29563008188212,26,-88,0.001869,51,2023-08-27 23:23:29.002501,12,1.037,0.0011,"aoml_navis",1022.30382395242
"7901009",9,0.0605867377561724,5,0.085974,1,0.063546,1,190.290595849649,1,4.89086125740901,14,1,30.7029991149902,36.0289993286133,0.0859740003943443,0.0728909969329834,183.500595092773,-88.2501,26.4018,27.8152335728682,63,63,63,63,61,63,0.078498,8045,1.29563008188212,26,-88,0.001869,51,2023-08-27 23:23:29.002501,14,1.037,0.0011,"aoml_navis",1022.31483103833
"7901009",9,0.0605867377561724,5,0.09345,1,0.071022,1,190.209611667635,1,4.89080860397794,16,1,30.6979999542236,36.0299987792969,0.0934500023722649,0.0803669989109039,183.422500610352,-88.2501,26.4018,27.8152335728682,63,63,63,63,61,63,0.078498,8045,1.29563008188212,26,-88,0.001869,51,2023-08-27 23:23:29.002501,16,1.037,0.0011,"aoml_navis",1022.32583706777
"7901009",9,0.0605867377561724,5,0.091581,1,0.069153,1,190.215007448422,1,4.89076094198443,18,1,30.6959991455078,36.0309982299805,0.0915810018777847,0.0784979984164238,183.427703857422,-88.2501,26.4018,27.8152335728682,63,63,63,63,61,63,0.078498,8045,1.29563008188212,26,-88,0.001869,51,2023-08-27 23:23:29.002501,18,1.037,0.0011,"aoml_navis",1022.33579995248
"7901009",9,0.0605867377561724,5,0.089712,1,0.067284,1,190.263949237201,1,4.89071520541988,20,1,30.693000793457,36.0309982299805,0.0897120013833046,0.0766289979219437,183.474899291992,-88.2501,26.4018,27.8152335728682,63,63,63,63,61,63,0.078498,8045,1.29563008188212,26,-88,0.001869,51,2023-08-27 23:23:29.002501,20,1.037,0.0011,"aoml_navis",1022.34536054339
"7901009",9,0.0605867377561724,5,0.095319,1,0.072891,1,190.277114309384,1,4.89065858641138,22.1000003814697,1,30.6889991760254,36.0330009460449,0.095319002866745,0.0822359994053841,183.487594604492,-88.2501,26.4018,27.8152335728682,63,63,63,63,61,63,0.078498,8045,1.29563008188212,26,-88,0.001869,51,2023-08-27 23:23:29.002501,22.1000003814697,1.037,0.0011,"aoml_navis",1022.35719620511
"7901009",9,0.0605867377561724,5,0.097188,1,0.07476,1,190.251717745857,1,4.89060772749017,24,1,30.6860008239746,36.0349998474121,0.0971880033612251,0.0841049998998642,183.463104248047,-88.2501,26.4018,27.8152335728682,63,63,63,63,61,63,0.078498,8045,1.29563008188212,26,-88,0.001869,51,2023-08-27 23:23:29.002501,24,1.037,0.0011,"aoml_navis",1022.36782800938
"7901009",9,0.0605867377561724,5,0.100926,1,0.078498,1,190.186066442384,1,4.89054573322036,26,1,30.6840000152588,36.0400009155273,0.100925996899605,0.0878430008888245,183.399795532227,-88.2501,26.4018,27.8152335728682,63,63,63,63,61,63,0.078498,8045,1.29563008188212,26,-88,0.001869,51,2023-08-27 23:23:29.002501,26,1.037,0.0011,"aoml_navis",1022.38078790188
"7901009",9,0.0634718205064664,1,0.104664,1,0.082236,1,190.12364311334,1,4.89047710273446,28,1,30.67799949646,36.0449981689453,0.104663997888565,0.0915810018777847,183.339599609375,-88.2501,26.4018,27.8152335728682,63,63,63,63,61,63,0.082236,8045,1.29563008188212,26,-88,0.001869,51,2023-08-27 23:23:29.002501,28,1.037,0.0011,"aoml_navis",1022.39513547754
"7901009",9,0.0649143618816133,1,0.106533,1,0.084105,1,190.161904104374,1,4.89040768383958,30,1,30.67799949646,36.0530014038086,0.106532998383045,0.0934500023722649,183.376495361328,-88.2501,26.4018,27.8152335728682,63,63,63,63,61,63,0.084105,8045,1.29563008188212,26,-88,0.001869,51,2023-08-27 23:23:29.002501,30,1.037,0.0011,"aoml_navis",1022.40964828404
"7901009",9,0.0605867377561724,1,0.100926,1,0.078498,1,191.502336309679,1,4.89019969358285,31.8999996185303,1,30.6429996490479,36.0839996337891,0.100925996899605,0.0878430008888245,184.669097900391,-88.2501,26.4018,27.8152335728682,63,63,63,63,61,63,0.078498,8045,1.29563008188212,26,-88,0.001869,51,2023-08-27 23:23:29.002501,31.8999996185303,1.037,0.0011,"aoml_navis",1022.45313347045
"7901009",9,0.0634718205064664,1,0.104664,1,0.082236,1,193.301742173345,1,4.88947066337379,34.0999984741211,1,30.5049991607666,36.2109985351562,0.104663997888565,0.0915810018777847,186.404296875,-88.2501,26.4018,27.8152335728682,63,63,63,63,61,63,0.082236,8045,1.29563008188212,26,-88,0.001869,51,2023-08-27 23:23:29.002501,34.0999984741211,1.037,0.0011,"aoml_navis",1022.60558335162
"7901009",9,0.0634718205064664,1,0.104664,1,0.082236,1,194.268235693743,1,4.88906846580153,36,1,30.3460006713867,36.2389984130859,0.104663997888565,0.0915810018777847,187.336303710938,-88.2501,26.4018,27.8152335728682,63,63,63,63,61,63,0.082236,8045,1.29563008188212,26,-88,0.001869,51,2023-08-27 23:23:29.002501,36,1.037,0.0011,"aoml_navis",1022.68970765585
"7901009",9,0.0677994446319072,1,0.110271,1,0.087843,1,194.937818860233,1,4.88881611028127,38,1,30.1959991455078,36.2290000915527,0.110270999372005,0.0971880033612251,187.981994628906,-88.2501,26.4018,27.8152335728682,63,63,63,63,61,63,0.087843,8045,1.29563008188212,26,-88,0.001869,51,2023-08-27 23:23:29.002501,38,1.037,0.0011,"aoml_navis",1022.7424978176
"7901009",9,0.0663569032567603,1,0.108402,1,0.085974,1,195.009894465757,1,4.88866063279818,40,1,30.1350002288818,36.2330017089844,0.108401998877525,0.095319002866745,188.051498413086,-88.2501,26.4018,27.8152335728682,63,63,63,63,61,63,0.085974,8045,1.29563008188212,26,-88,0.001869,51,2023-08-27 23:23:29.002501,40,1.037,0.0011,"aoml_navis",1022.77502481044
"7901009",9,0.0721270687573481,1,0.115878,1,0.09345,1,195.487017568583,1,4.88845930562686,42,1,30.0459995269775,36.2369995117188,0.115878000855446,0.102794997394085,188.511596679688,-88.2501,26.4018,27.8152335728682,63,63,63,63,61,63,0.09345,8045,1.29563008188212,26,-88,0.001869,51,2023-08-27 23:23:29.002501,42,1.037,0.0011,"aoml_navis",1022.81714695768
"7901009",9,0.0721270687573481,1,0.115878,1,0.09345,1,195.720871657286,1,4.88834964933996,44,1,30.003999710083,36.2369995117188,0.115878000855446,0.102794997394085,188.737106323242,-88.2501,26.4018,27.8152335728682,63,63,63,63,61,63,0.09345,8045,1.29563008188212,26,-88,0.001869,51,2023-08-27 23:23:29.002501,44,1.037,0.0011,"aoml_navis",1022.84009096508
"7901009",9,0.0721270687573481,1,0.115878,1,0.09345,1,196.082990259354,1,4.88819018000281,46,1,29.9249992370605,36.234001159668,0.115878000855446,0.102794997394085,189.086303710938,-88.2501,26.4018,27.8152335728682,63,63,63,63,61,63,0.09345,8045,1.29563008188212,26,-88,0.001869,51,2023-08-27 23:23:29.002501,46,1.037,0.0011,"aoml_navis",1022.8734594768
"7901009",9,0.0750121515076421,1,0.119616,1,0.097188,1,196.340373749904,1,4.8880381689539,48,1,29.8570003509521,36.234001159668,0.119616001844406,0.106532998383045,189.334503173828,-88.2501,26.4018,27.8152335728682,63,63,63,63,61,63,0.097188,8045,1.29563008188212,26,-88,0.001869,51,2023-08-27 23:23:29.002501,48,1.037,0.0011,"aoml_navis",1022.90526938951
"7901009",9,0.0865524825088178,1,0.134568,1,0.11214,1,196.397607002414,1,4.88794644628621,50,1,29.8279991149902,36.2350006103516,0.134568005800247,0.121485002338886,189.389694213867,-88.2501,26.4018,27.8152335728682,63,63,63,63,61,63,0.11214,8045,1.29563008188212,26,-88,0.001869,51,2023-08-27 23:23:29.002501,50,1.037,0.0011,"aoml_navis",1022.92446428068
"7901009",9,0.0836673997585238,1,0.13083,1,0.108402,1,196.425820131865,1,4.88787567805087,52,1,29.8139991760254,36.2369995117188,0.130830004811287,0.117747001349926,189.416900634766,-88.2501,26.4018,27.8152335728682,63,63,63,63,61,63,0.108402,8045,1.29563008188212,26,-88,0.001869,51,2023-08-27 23:23:29.002501,52,1.037,0.0011,"aoml_navis",1022.93927450991
"7901009",9,0.0908801066342587,1,0.140175,1,0.117747,1,196.369298932538,1,4.88780264031181,54,1,29.80299949646,36.2410011291504,0.140174999833107,0.127092003822327,189.362396240234,-88.2501,26.4018,27.8152335728682,63,63,63,63,61,63,0.117747,8045,1.29563008188212,26,-88,0.001869,51,2023-08-27 23:23:29.002501,54,1.037,0.0011,"aoml_navis",1022.95456014587
"7901009",9,0.0908801066342587,1,0.140175,1,0.117747,1,196.32502504796,1,4.88773125497893,56,1,29.7929992675781,36.2449989318848,0.140174999833107,0.127092003822327,189.319702148438,-88.2501,26.4018,27.8152335728682,63,63,63,63,61,63,0.117747,8045,1.29563008188212,26,-88,0.001869,51,2023-08-27 23:23:29.002501,56,1.037,0.0011,"aoml_navis",1022.96950040097
"7901009",9,0.0937651893845526,1,0.143913,1,0.121485,1,196.409221380999,1,4.88766930903346,58,1,29.7800006866455,36.2449989318848,0.143913000822067,0.130830004811287,189.400894165039,-88.2501,26.4018,27.8152335728682,63,63,63,63,61,63,0.121485,8045,1.29563008188212,26,-88,0.001869,51,2023-08-27 23:23:29.002501,58,1.037,0.0011,"aoml_navis",1022.98246543786
"7901009",9,0.106748061760875,1,0.160734,1,0.138306,1,196.503275694772,1,4.88757309282162,60,1,29.746000289917,36.2449989318848,0.160733997821808,0.147651001811028,189.491592407227,-88.2501,26.4018,27.8152335728682,63,63,63,63,61,63,0.138306,8045,1.29563008188212,26,-88,0.001869,51,2023-08-27 23:23:29.002501,60,1.037,0.0011,"aoml_navis",1023.00260375512
"7901009",9,0.103862979010581,1,0.156996,1,0.134568,1,196.789283723279,1,4.887432903339,62,1,29.6849994659424,36.2449989318848,0.156995996832848,0.143913000822067,189.767395019531,-88.2501,26.4018,27.8152335728682,63,63,63,63,61,63,0.134568,8045,1.29563008188212,26,-88,0.001869,51,2023-08-27 23:23:29.002501,62,1.037,0.0011,"aoml_navis",1023.03194721796
"7901009",9,0.124058558262639,1,0.183162,1,0.160734,1,197.015764105687,1,4.88727136323496,64,1,29.613000869751,36.2459983825684,0.183162003755569,0.170078992843628,189.985794067383,-88.2501,26.4018,27.8152335728682,63,63,63,63,61,63,0.160734,8045,1.29563008188212,26,-88,0.001869,51,2023-08-27 23:23:29.002501,64,1.037,0.0011,"aoml_navis",1023.06576172812
"7901009",9,0.129828723763227,1,0.190638,1,0.16821,1,197.204505669395,1,4.88717011908788,66,1,29.5779991149902,36.2470016479492,0.19063800573349,0.177554994821548,190.16780090332,-88.2501,26.4018,27.8152335728682,63,63,63,63,61,63,0.16821,8045,1.29563008188212,26,-88,0.001869,51,2023-08-27 23:23:29.002501,66,1.037,0.0011,"aoml_navis",1023.08695587891
"7901009",9,0.138483972014108,1,0.201852,1,0.179424,1,197.116258544915,1,4.88709201812098,68,1,29.5550003051758,36.2470016479492,0.20185199379921,0.188768997788429,190.082702636719,-88.2501,26.4018,27.8152335728682,63,63,63,63,61,63,0.179424,8045,1.29563008188212,26,-88,0.001869,51,2023-08-27 23:23:29.002501,68,1.037,0.0011,"aoml_navis",1023.10330590469
"7901009",9,0.148581761640137,1,0.214935,1,0.192507,1,197.302705715034,1,4.88699281832461,70,1,29.5189990997314,36.2470016479492,0.214935004711151,0.20185199379921,190.262496948242,-88.2501,26.4018,27.8152335728682,63,63,63,63,61,63,0.192507,8045,1.29563008188212,26,-88,0.001869,51,2023-08-27 23:23:29.002501,70,1.037,0.0011,"aoml_navis",1023.12407361264
"7901009",9,0.154351927140725,1,0.222411,1,0.199983,1,197.632576219614,1,4.88684799509378,72,1,29.4459991455078,36.2430000305176,0.222411006689072,0.20932799577713,190.580596923828,-88.2501,26.4018,27.8152335728682,63,63,63,63,61,63,0.199983,8045,1.29563008188212,26,-88,0.001869,51,2023-08-27 23:23:29.002501,72,1.037,0.0011,"aoml_navis",1023.15439420662
"7901009",9,0.173104965017636,1,0.246708,1,0.22428,1,198.058162495394,1,4.88666381176525,74,1,29.3530006408691,36.2410011291504,0.246708005666733,0.233624994754791,190.990997314453,-88.2501,26.4018,27.8152335728682,63,63,63,63,61,63,0.22428,8045,1.29563008188212,26,-88,0.001869,51,2023-08-27 23:23:29.002501,74,1.037,0.0011,"aoml_navis",1023.19295793623
"7901009",9,0.183202754643664,1,0.259791,1,0.237363,1,198.188199230015,1,4.88648097290486,76.0999984741211,1,29.2730007171631,36.2439994812012,0.259790986776352,0.246708005666733,191.116394042969,-88.2501,26.4018,27.8152335728682,63,63,63,63,61,63,0.237363,8045,1.29563008188212,26,-88,0.001869,51,2023-08-27 23:23:29.002501,76.0999984741211,1.037,0.0011,"aoml_navis",1023.23124304067
"7901009",9,0.178875130518223,1,0.254184,1,0.231756,1,197.920340645972,1,4.8863513503419,78,1,29.2299995422363,36.25,0.254184007644653,0.241100996732712,190.858093261719,-88.2501,26.4018,27.8152335728682,63,63,63,63,61,63,0.231756,8045,1.29563008188212,26,-88,0.001869,51,2023-08-27 23:23:29.002501,78,1.037,0.0011,"aoml_navis",1023.25838678182
"7901009",9,0.197628168395134,1,0.278481,1,0.256053,1,197.629886240922,1,4.88615722848198,80,1,29.1660003662109,36.2639999389648,0.278481006622314,0.265397995710373,190.578002929688,-88.2501,26.4018,27.8152335728682,63,63,63,63,61,63,0.256053,8045,1.29563008188212,26,-88,0.001869,51,2023-08-27 23:23:29.002501,80,1.037,0.0011,"aoml_navis",1023.2990397555
"7901009",9,0.207725958021163,1,0.291564,1,0.269136,1,197.414498064765,1,4.88587762659043,82,1,29.0510005950928,36.2789993286133,0.291563987731934,0.278481006622314,190.370300292969,-88.2501,26.4018,27.8152335728682,63,63,63,63,61,63,0.269136,8045,1.29563008188212,26,-88,0.001869,51,2023-08-27 23:23:29.002501,82,1.037,0.0011,"aoml_navis",1023.35759962314
"7901009",9,0.214938664896897,1,0.300909,1,0.278481,1,197.25385886668,1,4.8857281419794,84,1,28.9899997711182,36.2820014953613,0.300909012556076,0.287826001644135,190.215393066406,-88.2501,26.4018,27.8152335728682,63,63,63,63,61,63,0.278481,8045,1.29563008188212,26,-88,0.001869,51,2023-08-27 23:23:29.002501,84,1.037,0.0011,"aoml_navis",1023.38891045508
"7901009",9,0.239461868274396,1,0.332682,1,0.310254,1,197.77516091366,1,4.88530637894865,86,1,28.7700004577637,36.2900009155273,0.332682013511658,0.319599002599716,190.71809387207,-88.2501,26.4018,27.8152335728682,63,63,63,63,61,63,0.310254,8045,1.29563008188212,26,-88,0.001869,51,2023-08-27 23:23:29.002501,86,1.037,0.0011,"aoml_navis",1023.47726266373
"7901009",9,0.252444740650718,1,0.349503,1,0.327075,1,198.140191022076,1,4.88481445571115,88,1,28.4979991912842,36.2949981689453,0.349503010511398,0.336419999599457,191.070098876953,-88.2501,26.4018,27.8152335728682,63,63,63,63,61,63,0.327075,8045,1.29563008188212,26,-88,0.001869,51,2023-08-27 23:23:29.002501,88,1.037,0.0011,"aoml_navis",1023.58033152194
"7901009",9,0.281295568153658,1,0.386883,1,0.364455,1,197.308924312832,1,4.88434329439168,90,1,28.2919998168945,36.3240013122559,0.386882990598679,0.373800009489059,190.268493652344,-88.2501,26.4018,27.8152335728682,63,63,63,63,61,63,0.364455,8045,1.29563008188212,26,-88,0.001869,51,2023-08-27 23:23:29.002501,90,1.037,0.0011,"aoml_navis",1023.67906976177
"7901009",9,0.284180650903952,1,0.390621,1,0.368193,1,196.825788316461,1,4.88399120165076,92,1,28.1469993591309,36.3470001220703,0.3906210064888,0.377537995576859,189.802597045898,-88.2501,26.4018,27.8152335728682,63,63,63,63,61,63,0.368193,8045,1.29563008188212,26,-88,0.001869,51,2023-08-27 23:23:29.002501,92,1.037,0.0011,"aoml_navis",1023.75286800476
"7901009",9,0.298606064655421,1,0.409311,1,0.386883,1,196.436912338116,1,4.88385169964808,94,1,28.0820007324219,36.3460006713867,0.40931099653244,0.396227985620499,189.427597045898,-88.2501,26.4018,27.8152335728682,63,63,63,63,61,63,0.386883,8045,1.29563008188212,26,-88,0.001869,51,2023-08-27 23:23:29.002501,94,1.037,0.0011,"aoml_navis",1023.78211041099
"7901009",9,0.295720981905127,1,0.405573,1,0.383145,1,195.881083623462,1,4.88370583404466,96,1,28.0060005187988,36.3419990539551,0.405573010444641,0.3924899995327,188.8916015625,-88.2501,26.4018,27.8152335728682,63,63,63,63,61,63,0.383145,8045,1.29563008188212,26,-88,0.001869,51,2023-08-27 23:23:29.002501,96,1.037,0.0011,"aoml_navis",1023.81268854169
"7901009",9,0.311588937031744,1,0.426132,1,0.403704,1,195.327834123671,1,4.88340547609063,98,1,27.8449993133545,36.3440017700195,0.426131993532181,0.413049012422562,188.358093261719,-88.2501,26.4018,27.8152335728682,63,63,63,63,61,63,0.403704,8045,1.29563008188212,26,-88,0.001869,51,2023-08-27 23:23:29.002501,98,1.037,0.0011,"aoml_navis",1023.87565900072
"7901009",9,0.331784516283801,1,0.452298,1,0.42987,1,195.061842701309,1,4.88317719204376,100,1,27.7019996643066,36.3339996337891,0.452297985553741,0.439215004444122,188.101593017578,-88.2501,26.4018,27.8152335728682,63,63,63,63,61,63,0.42987,8045,1.29563008188212,26,-88,0.001869,51,2023-08-27 23:23:29.002501,100,1.037,0.0011,"aoml_navis",1023.923524247
"7901009",9,0.326014350783214,1,0.444822,1,0.422394,1,194.906092935079,1,4.88303092122456,102,1,27.6319999694824,36.3330001831055,0.444822013378143,0.431739002466202,187.951400756836,-88.2501,26.4018,27.8152335728682,63,63,63,63,61,63,0.422394,8045,1.29563008188212,26,-88,0.001869,51,2023-08-27 23:23:29.002501,102,1.037,0.0011,"aoml_navis",1023.95419579815
"7901009",9,0.328899433533508,1,0.44856,1,0.426132,1,194.586697523991,1,4.88296152549911,104,1,27.6089992523193,36.3310012817383,0.448559999465942,0.435476988554001,187.643402099609,-88.2501,26.4018,27.8152335728682,63,63,63,63,61,63,0.426132,8045,1.29563008188212,26,-88,0.001869,51,2023-08-27 23:23:29.002501,104,1.037,0.0011,"aoml_navis",1023.96874804147
"7901009",9,0.340439764534683,1,0.463512,1,0.441084,1,194.050458183572,1,4.88281693593809,106,1,27.5330009460449,36.3269996643066,0.463512003421783,0.450428992509842,187.12629699707,-88.2501,26.4018,27.8152335728682,63,63,63,63,61,63,0.441084,8045,1.29563008188212,26,-88,0.001869,51,2023-08-27 23:23:29.002501,106,1.037,0.0011,"aoml_navis",1023.9990697172
"7901009",9,0.351980095535859,1,0.478464,1,0.456036,1,193.580898667891,1,4.88266429399942,108,1,27.4540004730225,36.3240013122559,0.478464007377625,0.465380996465683,186.673492431641,-88.2501,26.4018,27.8152335728682,63,63,63,63,61,63,0.456036,8045,1.29563008188212,26,-88,0.001869,51,2023-08-27 23:23:29.002501,108,1.037,0.0011,"aoml_navis",1024.03108199447
"7901009",9,0.360635343786741,1,0.489678,1,0.46725,1,192.781168002952,1,4.88252075062447,110,1,27.3899993896484,36.3250007629395,0.489677995443344,0.476595014333725,185.902297973633,-88.2501,26.4018,27.8152335728682,63,63,63,63,61,63,0.46725,8045,1.29563008188212,26,-88,0.001869,51,2023-08-27 23:23:29.002501,110,1.037,0.0011,"aoml_navis",1024.06118793463
"7901009",9,0.445745284920411,1,0.599949,1,0.577521,1,191.400718408762,1,4.88222411634644,112,1,27.2639999389648,36.3419990539551,0.59994900226593,0.586866021156311,184.571105957031,-88.2501,26.4018,27.8152335728682,63,63,63,63,61,63,0.577521,8045,1.29563008188212,26,-88,0.001869,51,2023-08-27 23:23:29.002501,112,1.037,0.0011,"aoml_navis",1024.12340786635
"7901009",9,0.457285615921587,1,0.614901,1,0.592473,1,190.759016080238,1,4.88198599974026,114,1,27.1569995880127,36.351001739502,0.614901006221771,0.601818025112152,183.952301025391,-88.2501,26.4018,27.8152335728682,63,63,63,63,61,63,0.592473,8045,1.29563008188212,26,-88,0.001869,51,2023-08-27 23:23:29.002501,114,1.037,0.0011,"aoml_navis",1024.17335901127
"7901009",9,0.450072909045852,1,0.605556,1,0.583128,1,190.945890482266,1,4.88176929154113,116,1,27.1149997711182,36.3819999694824,0.605556011199951,0.592472970485687,184.132507324219,-88.2501,26.4018,27.8152335728682,63,63,63,63,61,63,0.583128,8045,1.29563008188212,26,-88,0.001869,51,2023-08-27 23:23:29.002501,116,1.037,0.0011,"aoml_navis",1024.21882342202
"7901009",9,0.441417660794971,1,0.594342,1,0.571914,1,190.91913310599,1,4.88124000606242,118,1,27.1660003662109,36.5400009155273,0.594341993331909,0.58125901222229,184.106704711914,-88.2501,26.4018,27.8152335728682,63,63,63,63,61,63,0.571914,8045,1.29563008188212,26,-88,0.001869,51,2023-08-27 23:23:29.002501,118,1.037,0.0011,"aoml_navis",1024.32988211809
"7901009",9,0.434204953919236,1,0.584997,1,0.562569,1,190.367750767879,1,4.88100583722059,120,1,27.1079998016357,36.5690002441406,0.584996998310089,0.57191401720047,183.574996948242,-88.2501,26.4018,27.8152335728682,63,63,63,63,61,63,0.562569,8045,1.29563008188212,26,-88,0.001869,51,2023-08-27 23:23:29.002501,120,1.037,0.0011,"aoml_navis",1024.37902488705
"7901009",9,0.406796667791444,1,0.549486,1,0.527058,1,189.373265645686,1,4.8807056779361,122,1,27.0139999389648,36.601001739502,0.549485981464386,0.536403000354767,182.615997314453,-88.2501,26.4018,27.8152335728682,63,63,63,63,61,63,0.527058,8045,1.29563008188212,26,-88,0.001869,51,2023-08-27 23:23:29.002501,122,1.037,0.0011,"aoml_navis",1024.44202333347
"7901009",9,0.370733133412769,1,0.502761,1,0.480333,1,188.388116331892,1,4.88039001703727,124,1,26.9050006866455,36.6310005187988,0.502761006355286,0.489677995443344,181.666000366211,-88.2501,26.4018,27.8152335728682,63,63,63,63,61,63,0.480333,8045,1.29563008188212,26,-88,0.001869,51,2023-08-27 23:23:29.002501,124,1.037,0.0011,"aoml_navis",1024.50828367101
"7901009",9,0.367848050662476,1,0.499023,1,0.476595,1,187.037319796923,1,4.88011923652688,126,1,26.8110008239746,36.6549987792969,0.499022990465164,0.485940009355545,180.363403320312,-88.2501,26.4018,27.8152335728682,63,63,63,63,61,63,0.476595,8045,1.29563008188212,26,-88,0.001869,51,2023-08-27 23:23:29.002501,126,1.037,0.0011,"aoml_navis",1024.56513000253
"7901009",9,0.343324847284977,1,0.46725,1,0.444822,1,185.330718198109,1,4.87982524114711,128,1,26.7110004425049,36.6829986572266,0.467249989509583,0.454167008399963,178.717697143555,-88.2501,26.4018,27.8152335728682,63,63,63,63,61,63,0.444822,8045,1.29563008188212,26,-88,0.001869,51,2023-08-27 23:23:29.002501,128,1.037,0.0011,"aoml_navis",1024.62685709307
"7901009",9,0.343324847284977,1,0.46725,1,0.444822,1,183.362808904536,1,4.87956681851288,130,1,26.6200008392334,36.7050018310547,0.467249989509583,0.454167008399963,176.820007324219,-88.2501,26.4018,27.8152335728682,63,63,63,63,61,63,0.444822,8045,1.29563008188212,26,-88,0.001869,51,2023-08-27 23:23:29.002501,130,1.037,0.0011,"aoml_navis",1024.68112149427
"7901009",9,0.326014350783214,1,0.444822,1,0.422394,1,181.486137358812,1,4.87914291705953,132,1,26.4599990844727,36.7439994812012,0.444822013378143,0.431739002466202,175.010299682617,-88.2501,26.4018,27.8152335728682,63,63,63,63,61,63,0.422394,8045,1.29563008188212,26,-88,0.001869,51,2023-08-27 23:23:29.002501,132,1.037,0.0011,"aoml_navis",1024.77014610863
"7901009",9,0.287065733654246,1,0.394359,1,0.371931,1,180.256152513893,1,4.87879455351706,134,1,26.3470001220703,36.7820014953613,0.394358992576599,0.38127601146698,173.824203491211,-88.2501,26.4018,27.8152335728682,63,63,63,63,61,63,0.371931,8045,1.29563008188212,26,-88,0.001869,51,2023-08-27 23:23:29.002501,134,1.037,0.0011,"aoml_navis",1024.84331839626
"7901009",9,0.284180650903952,1,0.390621,1,0.368193,1,178.455607365135,1,4.87862077432692,136,1,26.2779998779297,36.7900009155273,0.3906210064888,0.377537995576859,172.087905883789,-88.2501,26.4018,27.8152335728682,63,63,63,63,61,63,0.368193,8045,1.29563008188212,26,-88,0.001869,51,2023-08-27 23:23:29.002501,136,1.037,0.0011,"aoml_navis",1024.87982388625
"7901009",9,0.262542530276747,1,0.362586,1,0.340158,1,175.935793561116,1,4.87827890459154,138,1,26.1450004577637,36.818000793457,0.362585991621017,0.349503010511398,169.658004760742,-88.2501,26.4018,27.8152335728682,63,63,63,63,61,63,0.340158,8045,1.29563008188212,26,-88,0.001869,51,2023-08-27 23:23:29.002501,138,1.037,0.0011,"aoml_navis",1024.95164745376
"7901009",9,0.249559657900425,1,0.345765,1,0.323337,1,174.144267752676,1,4.87792635532331,140,1,26.0259990692139,36.8549995422363,0.345764994621277,0.332682013511658,167.930404663086,-88.2501,26.4018,27.8152335728682,63,63,63,63,61,63,0.323337,8045,1.29563008188212,26,-88,0.001869,51,2023-08-27 23:23:29.002501,140,1.037,0.0011,"aoml_navis",1025.02572523332
"7901009",9,0.236576785524102,1,0.328944,1,0.306516,1,173.145731839042,1,4.87767128624382,142,1,25.9309997558594,36.875,0.328943997621536,0.315860986709595,166.967498779297,-88.2501,26.4018,27.8152335728682,63,63,63,63,61,63,0.306516,8045,1.29563008188212,26,-88,0.001869,51,2023-08-27 23:23:29.002501,142,1.037,0.0011,"aoml_navis",1025.07932711685
"7901009",9,0.219266289022338,1,0.306516,1,0.284088,1,172.27754912811,1,4.87754639462482,144,1,25.8939990997314,36.882999420166,0.306515991687775,0.293433010578156,166.130294799805,-88.2501,26.4018,27.8152335728682,63,63,63,63,61,63,0.284088,8045,1.29563008188212,26,-88,0.001869,51,2023-08-27 23:23:29.002501,144,1.037,0.0011,"aoml_navis",1025.1055747025
"7901009",9,0.207725958021163,1,0.291564,1,0.269136,1,171.801470369953,1,4.87742633797355,146,1,25.8530006408691,36.8880004882812,0.291563987731934,0.278481006622314,165.671203613281,-88.2501,26.4018,27.8152335728682,63,63,63,63,61,63,0.269136,8045,1.29563008188212,26,-88,0.001869,51,2023-08-27 23:23:29.002501,146,1.037,0.0011,"aoml_navis",1025.13080742443
"7901009",9,0.18031767189337,1,0.256053,1,0.233625,1,171.767450051209,1,4.87729407686549,148,1,25.8110008239746,36.8959999084473,0.256053000688553,0.242970004677773,165.638397216797,-88.2501,26.4018,27.8152335728682,63,63,63,63,61,63,0.233625,8045,1.29563008188212,26,-88,0.001869,51,2023-08-27 23:23:29.002501,148,1.037,0.0011,"aoml_navis",1025.15860663735
"7901009",9,0.158679551266166,1,0.228018,1,0.20559,1,171.182680330517,1,4.87714058835017,149.899993896484,1,25.7630004882812,36.9080009460449,0.228018000721931,0.214935004711151,165.074493408203,-88.2501,26.4018,27.8152335728682,63,63,63,63,61,63,0.20559,8045,1.29563008188212,26,-88,0.001869,51,2023-08-27 23:23:29.002501,149.899993896484,1.037,0.0011,"aoml_navis",1025.19086940887
"7901009",9,0.141369054764402,1,0.20559,1,0.183162,1,170.202309684752,1,4.87688321485999,152,1,25.6599998474121,36.9249992370605,0.20558999478817,0.19250699877739,164.129104614258,-88.2501,26.4018,27.8152335728682,63,63,63,63,61,63,0.183162,8045,1.29563008188212,26,-88,0.001869,51,2023-08-27 23:23:29.002501,152,1.037,0.0011,"aoml_navis",1025.24497301163
"7901009",9,0.12838618238808,1,0.188769,1,0.166341,1,169.242240466404,1,4.87649227732331,154,1,25.492000579834,36.9529991149902,0.188768997788429,0.175686001777649,163.20329284668,-88.2501,26.4018,27.8152335728682,63,63,63,63,61,63,0.166341,8045,1.29563008188212,26,-88,0.001869,51,2023-08-27 23:23:29.002501,154,1.037,0.0011,"aoml_navis",1025.32716462016
"7901009",9,0.126943641012933,1,0.1869,1,0.164472,1,168.645033550116,1,4.87627510313701,156,1,25.4020004272461,36.9650001525879,0.18690000474453,0.173816993832588,162.627395629883,-88.2501,26.4018,27.8152335728682,63,63,63,63,61,63,0.164472,8045,1.29563008188212,26,-88,0.001869,51,2023-08-27 23:23:29.002501,156,1.037,0.0011,"aoml_navis",1025.37282951559
"7901009",9,0.125501099637786,1,0.185031,1,0.162603,1,168.0963570141,1,4.87605103344602,158,1,25.3120002746582,36.9790000915527,0.185030996799469,0.171948000788689,162.098297119141,-88.2501,26.4018,27.8152335728682,63,63,63,63,61,63,0.162603,8045,1.29563008188212,26,-88,0.001869,51,2023-08-27 23:23:29.002501,158,1.037,0.0011,"aoml_navis",1025.41994858212
"7901009",9,0.129828723763227,1,0.190638,1,0.16821,1,167.626797498419,1,4.87590186158214,160,1,25.257999420166,36.9869995117188,0.19063800573349,0.177554994821548,161.645492553711,-88.2501,26.4018,27.8152335728682,63,63,63,63,61,63,0.16821,8045,1.29563008188212,26,-88,0.001869,51,2023-08-27 23:23:29.002501,160,1.037,0.0011,"aoml_navis",1025.45131996927
"7901009",9,0.126943641012933,1,0.1869,1,0.164472,1,167.343083863501,1,4.87578297704177,162.100006103516,1,25.2210006713867,36.9930000305176,0.18690000474453,0.173816993832588,161.37190246582,-88.2501,26.4018,27.8152335728682,63,63,63,63,61,63,0.164472,8045,1.29563008188212,26,-88,0.001869,51,2023-08-27 23:23:29.002501,162.100006103516,1.037,0.0011,"aoml_navis",1025.47632319632
"7901009",9,0.122616016887492,1,0.181293,1,0.158865,1,167.208268460852,1,4.87565938172209,164,1,25.17799949646,36.9990005493164,0.181292995810509,0.168209999799728,161.241897583008,-88.2501,26.4018,27.8152335728682,63,63,63,63,61,63,0.158865,8045,1.29563008188212,26,-88,0.001869,51,2023-08-27 23:23:29.002501,164,1.037,0.0011,"aoml_navis",1025.50231846466
"7901009",9,0.124058558262639,1,0.183162,1,0.160734,1,166.91718111964,1,4.87556371715797,166,1,25.1480007171631,37.0019989013672,0.183162003755569,0.170078992843628,160.961196899414,-88.2501,26.4018,27.8152335728682,63,63,63,63,61,63,0.160734,8045,1.29563008188212,26,-88,0.001869,51,2023-08-27 23:23:29.002501,166,1.037,0.0011,"aoml_navis",1025.522440083
"7901009",9,0.132713806513521,1,0.194376,1,0.171948,1,165.999961679505,1,4.87549143019434,168,1,25.128999710083,37.0029983520508,0.19437600672245,0.181292995810509,160.076705932617,-88.2501,26.4018,27.8152335728682,63,63,63,63,61,63,0.171948,8045,1.29563008188212,26,-88,0.001869,51,2023-08-27 23:23:29.002501,168,1.037,0.0011,"aoml_navis",1025.53764509452
"7901009",9,0.124058558262639,1,0.183162,1,0.160734,1,164.520251871604,1,4.87524276503131,170,1,25.0289993286133,37.0200004577637,0.183162003755569,0.170078992843628,158.649795532227,-88.2501,26.4018,27.8152335728682,63,63,63,63,61,63,0.160734,8045,1.29563008188212,26,-88,0.001869,51,2023-08-27 23:23:29.002501,170,1.037,0.0011,"aoml_navis",1025.58995335854
"7901009",9,0.121173475512345,1,0.179424,1,0.156996,1,163.73400274693,1,4.87492744655148,172,1,24.8929996490479,37.0410003662109,0.179424002766609,0.166341006755829,157.8916015625,-88.2501,26.4018,27.8152335728682,63,63,63,63,61,63,0.156996,8045,1.29563008188212,26,-88,0.001869,51,2023-08-27 23:23:29.002501,172,1.037,0.0011,"aoml_navis",1025.65629023607
"7901009",9,0.122616016887492,1,0.181293,1,0.158865,1,162.996584647206,1,4.87476593047039,174,1,24.8299999237061,37.048999786377,0.181292995810509,0.168209999799728,157.18049621582,-88.2501,26.4018,27.8152335728682,63,63,63,63,61,63,0.158865,8045,1.29563008188212,26,-88,0.001869,51,2023-08-27 23:23:29.002501,174,1.037,0.0011,"aoml_navis",1025.69027340304
"7901009",9,0.108190603136022,1,0.162603,1,0.140175,1,161.792012189219,1,4.87453269410356,176,1,24.7299995422363,37.0620002746582,0.162603005766869,0.149519994854927,156.018905639648,-88.2501,26.4018,27.8152335728682,63,63,63,63,61,63,0.140175,8045,1.29563008188212,26,-88,0.001869,51,2023-08-27 23:23:29.002501,176,1.037,0.0011,"aoml_navis",1025.73935057369
"7901009",9,0.0923226480094056,1,0.142044,1,0.119616,1,160.4114518312,1,4.87419037425459,178,1,24.5620002746582,37.0779991149902,0.142043992877007,0.128960996866226,154.687606811523,-88.2501,26.4018,27.8152335728682,63,63,63,63,61,63,0.119616,8045,1.29563008188212,26,-88,0.001869,51,2023-08-27 23:23:29.002501,178,1.037,0.0011,"aoml_navis",1025.81138939708
"7901009",9,0.0663569032567603,1,0.108402,1,0.085974,1,159.262134700214,1,4.87386417176154,180,1,24.3969993591309,37.0909996032715,0.108401998877525,0.095319002866745,153.579299926758,-88.2501,26.4018,27.8152335728682,63,63,63,63,61,63,0.085974,8045,1.29563008188212,26,-88,0.001869,51,2023-08-27 23:23:29.002501,180,1.037,0.0011,"aoml_navis",1025.88004585135
"7901009",9,0.0476038653798498,1,0.084105,1,0.061677,1,158.857182143337,1,4.87350160572894,182,1,24.1959991455078,37.0999984741211,0.0841049998998642,0.0710219964385033,153.18879699707,-88.2501,26.4018,27.8152335728682,63,63,63,63,61,63,0.061677,8045,1.29563008188212,26,-88,0.001869,51,2023-08-27 23:23:29.002501,182,1.037,0.0011,"aoml_navis",1025.95636659324
"7901009",9,0.040391158504115,4,0.07476,1,0.052332,1,158.023130514977,1,4.87325073161802,184,1,24.056999206543,37.1030006408691,0.0747599974274635,0.0616770014166832,152.384506225586,-88.2501,26.4018,27.8152335728682,63,63,63,63,61,63,0.052332,8045,1.29563008188212,26,-88,0.001869,51,2023-08-27 23:23:29.002501,184,1.037,0.0011,"aoml_navis",1026.00918265084
"7901009",9,0.0504889481301437,1,0.087843,1,0.065415,1,156.952629759647,1,4.87303480976635,186,1,23.9419994354248,37.1059989929199,0.0878430008888245,0.0747599974274635,151.352203369141,-88.2501,26.4018,27.8152335728682,63,63,63,63,61,63,0.065415,8045,1.29563008188212,26,-88,0.001869,51,2023-08-27 23:23:29.002501,186,1.037,0.0011,"aoml_navis",1026.05464462909
"7901009",9,0.0605867377561724,1,0.100926,1,0.078498,1,156.09419426562,1,4.87294184440499,188,1,23.9130001068115,37.109001159668,0.100925996899605,0.0878430008888245,150.524398803711,-88.2501,26.4018,27.8152335728682,63,63,63,63,61,63,0.078498,8045,1.29563008188212,26,-88,0.001869,51,2023-08-27 23:23:29.002501,188,1.037,0.0011,"aoml_navis",1026.07421956839
"7901009",9,0.0634718205064664,1,0.104664,1,0.082236,1,155.150834561967,1,4.87284328602118,190,1,23.875,37.1100006103516,0.104663997888565,0.0915810018777847,149.614700317383,-88.2501,26.4018,27.8152335728682,63,63,63,63,61,63,0.082236,8045,1.29563008188212,26,-88,0.001869,51,2023-08-27 23:23:29.002501,190,1.037,0.0011,"aoml_navis",1026.09497299936
"7901009",9,0.0634718205064664,1,0.104664,1,0.082236,1,154.756357098582,1,4.87265195282558,192,1,23.753999710083,37.1040000915527,0.104663997888565,0.0915810018777847,149.234298706055,-88.2501,26.4018,27.8152335728682,63,63,63,63,61,63,0.082236,8045,1.29563008188212,26,-88,0.001869,51,2023-08-27 23:23:29.002501,192,1.037,0.0011,"aoml_navis",1026.13526441193
"7901009",9,0.0634718205064664,1,0.104664,1,0.082236,1,154.244913032336,1,4.8724965624311,194,1,23.6580009460449,37.0979995727539,0.104663997888565,0.0915810018777847,148.741104125977,-88.2501,26.4018,27.8152335728682,63,63,63,63,61,63,0.082236,8045,1.29563008188212,26,-88,0.001869,51,2023-08-27 23:23:29.002501,194,1.037,0.0011,"aoml_navis",1026.16798923
"7901009",9,0.0562591136307315,1,0.095319,1,0.072891,1,153.425260701677,1,4.87234228211401,196,1,23.5879993438721,37.1020011901855,0.095319002866745,0.0822359994053841,147.950698852539,-88.2501,26.4018,27.8152335728682,63,63,63,63,61,63,0.072891,8045,1.29563008188212,26,-88,0.001869,51,2023-08-27 23:23:29.002501,196,1.037,0.0011,"aoml_navis",1026.20048233364
"7901009",9,0.0490464067549967,4,0.085974,1,0.063546,1,152.9199244694,1,4.87209057317113,198,1,23.3899993896484,37.0830001831055,0.0859740003943443,0.0728909969329834,147.463394165039,-88.2501,26.4018,27.8152335728682,63,63,63,63,61,63,0.063546,8045,1.29563008188212,26,-88,0.001869,51,2023-08-27 23:23:29.002501,198,1.037,0.0011,"aoml_navis",1026.2534993773
"7901009",9,0.0562591136307315,1,0.095319,1,0.072891,1,152.455665794081,1,4.87195884854731,200,1,23.2919998168945,37.0699996948242,0.095319002866745,0.0822359994053841,147.015701293945,-88.2501,26.4018,27.8152335728682,63,63,63,63,61,63,0.072891,8045,1.29563008188212,26,-88,0.001869,51,2023-08-27 23:23:29.002501,200,1.037,0.0011,"aoml_navis",1026.28124650332
"7901009",9,0.0620292791313194,1,0.102795,1,0.080367,1,151.580853076845,1,4.87187848176788,202,1,23.2329998016357,37.0579986572266,0.102794997394085,0.0897120013833046,146.172103881836,-88.2501,26.4018,27.8152335728682,63,63,63,63,61,63,0.080367,8045,1.29563008188212,26,-88,0.001869,51,2023-08-27 23:23:29.002501,202,1.037,0.0011,"aoml_navis",1026.29817609606
"7901009",9,0.0577016550058785,1,0.097188,1,0.07476,1,150.290201300734,1,4.87170307944237,204,1,23.0930004119873,37.0410003662109,0.0971880033612251,0.0841049998998642,144.927505493164,-88.2501,26.4018,27.8152335728682,63,63,63,63,61,63,0.07476,8045,1.29563008188212,26,-88,0.001869,51,2023-08-27 23:23:29.002501,204,1.037,0.0011,"aoml_navis",1026.33512725745
"7901009",9,0.0461613240047028,1,0.082236,1,0.059808,1,149.256616547092,1,4.87147080529822,206,1,22.882999420166,37.0130004882812,0.0822359994053841,0.0691530033946037,143.930801391602,-88.2501,26.4018,27.8152335728682,63,63,63,63,61,63,0.059808,8045,1.29563008188212,26,-88,0.001869,51,2023-08-27 23:23:29.002501,206,1.037,0.0011,"aoml_navis",1026.38406342536
"7901009",9,0.0346209930035271,1,0.067284,1,0.044856,1,148.845761860498,1,4.87124064654365,208,1,22.7019996643066,36.9959983825684,0.0672840029001236,0.0542009994387627,143.534606933594,-88.2501,26.4018,27.8152335728682,63,63,63,63,61,63,0.044856,8045,1.29563008188212,26,-88,0.001869,51,2023-08-27 23:23:29.002501,208,1.037,0.0011,"aoml_navis",1026.43255852032
"7901009",9,0.0259657447526453,1,0.05607,1,0.033642,1,148.951430552856,1,4.87104083046995,210,1,22.5709991455078,36.9900016784668,0.0560699999332428,0.0429870001971722,143.636505126953,-88.2501,26.4018,27.8152335728682,63,63,63,63,61,63,0.033642,8045,1.29563008188212,26,-88,0.001869,51,2023-08-27 23:23:29.002501,210,1.037,0.0011,"aoml_navis",1026.47466404374
"7901009",9,0.0173104965017636,1,0.044856,1,0.022428,1,149.252470815227,1,4.87085571053678,212,1,22.4659996032715,36.9900016784668,0.0448560006916523,0.0317730009555817,143.926803588867,-88.2501,26.4018,27.8152335728682,63,63,63,63,61,63,0.022428,8045,1.29563008188212,26,-88,0.001869,51,2023-08-27 23:23:29.002501,212,1.037,0.0011,"aoml_navis",1026.51367585861
"7901009",9,0.00577016550058785,1,0.029904,1,0.007476,1,149.297789044474,1,4.87066763114564,214,1,22.3479995727539,36.9860000610352,0.0299040004611015,0.0168210007250309,143.970504760742,-88.2501,26.4018,27.8152335728682,63,63,63,63,61,63,0.007476,8045,1.29563008188212,26,-88,0.001869,51,2023-08-27 23:23:29.002501,214,1.037,0.0011,"aoml_navis",1026.55331438083
"7901009",9,0.00288508275029393,1,0.026166,1,0.003738,1,149.400751934737,1,4.87045584496385,216,1,22.1989994049072,36.9770011901855,0.0261659994721413,0.0130829997360706,144.069793701172,-88.2501,26.4018,27.8152335728682,63,63,63,63,61,63,0.003738,8045,1.29563008188212,26,-88,0.001869,51,2023-08-27 23:23:29.002501,216,1.037,0.0011,"aoml_navis",1026.59795287337
"7901009",9,-0.00288508275029393,4,0.01869,1,-0.003738,1,149.674117063394,1,4.87022364835739,218,1,22.0289993286133,36.9659996032715,0.0186899993568659,0.00560700008645654,144.333404541016,-88.2501,26.4018,27.8152335728682,63,63,63,63,61,63,-0.003738,8045,1.29563008188212,26,-88,0.001869,51,2023-08-27 23:23:29.002501,218,1.037,0.0011,"aoml_navis",1026.64689776339
"7901009",9,0.00288508275029393,1,0.026166,1,0.003738,1,149.712172350175,1,4.87010687264885,220,1,21.9570007324219,36.9599990844727,0.0261659994721413,0.0130829997360706,144.370101928711,-88.2501,26.4018,27.8152335728682,63,63,63,63,61,63,0.003738,8045,1.29563008188212,26,-88,0.001869,51,2023-08-27 23:23:29.002501,220,1.037,0.0011,"aoml_navis",1026.67151476298
"7901009",9,0.00288508275029393,1,0.026166,1,0.003738,1,149.521357920534,1,4.86996285626632,222,1,21.8619995117188,36.9529991149902,0.0261659994721413,0.0130829997360706,144.186096191406,-88.2501,26.4018,27.8152335728682,63,63,63,63,61,63,0.003738,8045,1.29563008188212,26,-88,0.001869,51,2023-08-27 23:23:29.002501,222,1.037,0.0011,"aoml_navis",1026.70187588112
"7901009",9,-0.00144254137514696,1,0.020559,1,-0.001869,1,148.517964221851,1,4.8698438743853,224,1,21.7800006866455,36.9440002441406,0.020558999851346,0.00747600011527538,143.218505859375,-88.2501,26.4018,27.8152335728682,63,63,63,63,61,63,-0.001869,8045,1.29563008188212,26,-88,0.001869,51,2023-08-27 23:23:29.002501,224,1.037,0.0011,"aoml_navis",1026.72696065254
"7901009",9,0,1,0.022428,1,0,1,147.421323203003,1,4.86970241278937,226,1,21.6730003356934,36.931999206543,0.0224280003458261,0.00934499967843294,142.160995483398,-88.2501,26.4018,27.8152335728682,63,63,63,63,61,63,0,8045,1.29563008188212,26,-88,0.001869,51,2023-08-27 23:23:29.002501,226,1.037,0.0011,"aoml_navis",1026.75678638358
"7901009",9,-0.00577016550058785,1,0.014952,1,-0.007476,1,147.18322844201,1,4.86957783492861,228,1,21.5809993743896,36.9210014343262,0.0149520002305508,0.00186900002881885,141.931396484375,-88.2501,26.4018,27.8152335728682,63,63,63,63,61,63,-0.007476,8045,1.29563008188212,26,-88,0.001869,51,2023-08-27 23:23:29.002501,228,1.037,0.0011,"aoml_navis",1026.78305378669
"7901009",9,-0.00432762412544089,1,0.016821,1,-0.005607,1,146.978742591255,1,4.86951919529971,230,1,21.556999206543,36.9169998168945,0.0168210007250309,0.00373800005763769,141.73420715332,-88.2501,26.4018,27.8152335728682,63,63,63,63,61,63,-0.005607,8045,1.29563008188212,26,-88,0.001869,51,2023-08-27 23:23:29.002501,230,1.037,0.0011,"aoml_navis",1026.79541849352
"7901009",9,-0.00144254137514696,1,0.020559,1,-0.001869,1,146.958725985111,1,4.86941504144966,232,1,21.4799995422363,36.9059982299805,0.020558999851346,0.00747600011527538,141.714904785156,-88.2501,26.4018,27.8152335728682,63,63,63,63,61,63,-0.001869,8045,1.29563008188212,26,-88,0.001869,51,2023-08-27 23:23:29.002501,232,1.037,0.0011,"aoml_navis",1026.81738102806
"7901009",9,-0.00288508275029393,1,0.01869,1,-0.003738,1,147.529491993204,1,4.86917421147148,234,1,21.2810001373291,36.8880004882812,0.0186899993568659,0.00560700008645654,142.26530456543,-88.2501,26.4018,27.8152335728682,63,63,63,63,61,63,-0.003738,8045,1.29563008188212,26,-88,0.001869,51,2023-08-27 23:23:29.002501,234,1.037,0.0011,"aoml_navis",1026.86816754683
"7901009",9,-0.00577016550058785,1,0.014952,1,-0.007476,1,147.558417175838,1,4.86898684207106,236,1,21.1350002288818,36.875,0.0149520002305508,0.00186900002881885,142.293197631836,-88.2501,26.4018,27.8152335728682,63,63,63,63,61,63,-0.007476,8045,1.29563008188212,26,-88,0.001869,51,2023-08-27 23:23:29.002501,236,1.037,0.0011,"aoml_navis",1026.90768370884
"7901009",9,-0.00288508275029393,1,0.01869,1,-0.003738,1,147.760940924488,1,4.8688308391152,238,1,21.003999710083,36.859001159668,0.0186899993568659,0.00560700008645654,142.488494873047,-88.2501,26.4018,27.8152335728682,63,63,63,63,61,63,-0.003738,8045,1.29563008188212,26,-88,0.001869,51,2023-08-27 23:23:29.002501,238,1.037,0.0011,"aoml_navis",1026.94058701547
"7901009",9,0,1,0.022428,1,0,1,148.339697751635,1,4.86863652069411,240,1,20.8460006713867,36.8440017700195,0.0224280003458261,0.00934499967843294,143.046600341797,-88.2501,26.4018,27.8152335728682,63,63,63,63,61,63,0,8045,1.29563008188212,26,-88,0.001869,51,2023-08-27 23:23:29.002501,240,1.037,0.0011,"aoml_navis",1026.98157456354
"7901009",9,-0.00288508275029393,1,0.01869,1,-0.003738,1,149.108113899926,1,4.86840218829222,242,1,20.6509990692139,36.8269996643066,0.0186899993568659,0.00560700008645654,143.78759765625,-88.2501,26.4018,27.8152335728682,63,63,63,63,61,63,-0.003738,8045,1.29563008188212,26,-88,0.001869,51,2023-08-27 23:23:29.002501,242,1.037,0.0011,"aoml_navis",1027.03100660505
"7901009",9,-0.00577016550058785,1,0.014952,1,-0.007476,1,149.055849196293,1,4.86832714532542,244,1,20.6110000610352,36.8219985961914,0.0149520002305508,0.00186900002881885,143.737197875977,-88.2501,26.4018,27.8152335728682,63,63,63,63,61,63,-0.007476,8045,1.29563008188212,26,-88,0.001869,51,2023-08-27 23:23:29.002501,244,1.037,0.0011,"aoml_navis",1027.04683780362
"7901009",9,-0.00577016550058785,1,0.014952,1,-0.007476,1,149.299656206154,1,4.868266728996,246,1,20.5849990844727,36.818000793457,0.0149520002305508,0.00186900002881885,143.972305297852,-88.2501,26.4018,27.8152335728682,63,63,63,63,61,63,-0.007476,8045,1.29563008188212,26,-88,0.001869,51,2023-08-27 23:23:29.002501,246,1.037,0.0011,"aoml_navis",1027.05958369524
"7901009",9,-0.00288508275029393,1,0.01869,1,-0.003738,1,150.509735208757,1,4.86813793044741,248,1,20.4839992523193,36.8059997558594,0.0186899993568659,0.00560700008645654,145.139205932617,-88.2501,26.4018,27.8152335728682,63,63,63,63,61,63,-0.003738,8045,1.29563008188212,26,-88,0.001869,51,2023-08-27 23:23:29.002501,248,1.037,0.0011,"aoml_navis",1027.08675707972
"7901009",9,-0.00144254137514696,1,0.020559,1,-0.001869,1,152.342623395428,1,4.86803439857027,250,1,20.4190006256104,36.7999992370605,0.020558999851346,0.00747600011527538,146.906692504883,-88.2501,26.4018,27.8152335728682,63,63,63,63,61,63,-0.001869,8045,1.29563008188212,26,-88,0.001869,51,2023-08-27 23:23:29.002501,250,1.037,0.0011,"aoml_navis",1027.10860084894
"7901009",9,-0.00721270687573481,1,0.013083,1,-0.009345,1,153.342409357983,1,4.86788175084114,252,1,20.298999786377,36.7879981994629,0.0130829997360706,0,147.870803833008,-88.2501,26.4018,27.8152335728682,63,63,63,63,61,63,-0.009345,8045,1.29563008188212,26,-88,0.001869,51,2023-08-27 23:23:29.002501,252,1.037,0.0011,"aoml_navis",1027.1408090667
"7901009",9,-0.0100977896260287,1,0.009345,1,-0.013083,1,153.421004205983,1,4.86777742684049,254,1,20.2189998626709,36.7770004272461,0.00934499967843294,-0.00373800005763769,147.946594238281,-88.2501,26.4018,27.8152335728682,63,63,63,63,61,63,-0.013083,8045,1.29563008188212,26,-88,0.001869,51,2023-08-27 23:23:29.002501,254,1.037,0.0011,"aoml_navis",1027.16282228322
"7901009",9,-0.00721270687573481,1,0.013083,1,-0.009345,1,153.477936813815,1,4.86767895732162,256,1,20.1490001678467,36.7680015563965,0.0130829997360706,0,148.001495361328,-88.2501,26.4018,27.8152335728682,63,63,63,63,61,63,-0.009345,8045,1.29563008188212,26,-88,0.001869,51,2023-08-27 23:23:29.002501,256,1.037,0.0011,"aoml_navis",1027.18360102187
"7901009",9,-0.00721270687573481,1,0.013083,1,-0.009345,1,153.823266784169,1,4.86750068951158,258,1,19.9909992218018,36.75,0.0130829997360706,0,148.334503173828,-88.2501,26.4018,27.8152335728682,63,63,63,63,61,63,-0.009345,8045,1.29563008188212,26,-88,0.001869,51,2023-08-27 23:23:29.002501,258,1.037,0.0011,"aoml_navis",1027.22122069216
"7901009",9,-0.00432762412544089,1,0.016821,1,-0.005607,1,153.712819423783,1,4.86740665585255,260,1,19.923999786377,36.7410011291504,0.0168210007250309,0.00373800005763769,148.227996826172,-88.2501,26.4018,27.8152335728682,63,63,63,63,61,63,-0.005607,8045,1.29563008188212,26,-88,0.001869,51,2023-08-27 23:23:29.002501,260,1.037,0.0011,"aoml_navis",1027.24106562743
"7901009",9,-0.00577016550058785,1,0.014952,1,-0.007476,1,153.37154024487,1,4.86733885004239,262,1,19.8859996795654,36.7350006103516,0.0149520002305508,0.00186900002881885,147.898895263672,-88.2501,26.4018,27.8152335728682,63,63,63,63,61,63,-0.007476,8045,1.29563008188212,26,-88,0.001869,51,2023-08-27 23:23:29.002501,262,1.037,0.0011,"aoml_navis",1027.25537589323
"7901009",9,-0.00577016550058785,1,0.014952,1,-0.007476,1,153.265665848259,1,4.86722526186314,264,1,19.7919998168945,36.7220001220703,0.0149520002305508,0.00186900002881885,147.796798706055,-88.2501,26.4018,27.8152335728682,63,63,63,63,61,63,-0.007476,8045,1.29563008188212,26,-88,0.001869,51,2023-08-27 23:23:29.002501,264,1.037,0.0011,"aoml_navis",1027.27934931987
"7901009",9,-0.00721270687573481,1,0.013083,1,-0.009345,1,152.807720711163,1,4.86715491823906,266,1,19.7490005493164,36.7150001525879,0.0130829997360706,0,147.355194091797,-88.2501,26.4018,27.8152335728682,63,63,63,63,61,63,-0.009345,8045,1.29563008188212,26,-88,0.001869,51,2023-08-27 23:23:29.002501,266,1.037,0.0011,"aoml_navis",1027.2941963
"7901009",9,-0.00432762412544089,1,0.016821,1,-0.005607,1,152.381833790705,1,4.86707217259251,268,1,19.6989994049072,36.7089996337891,0.0168210007250309,0.00373800005763769,146.94450378418,-88.2501,26.4018,27.8152335728682,63,63,63,63,61,63,-0.005607,8045,1.29563008188212,26,-88,0.001869,51,2023-08-27 23:23:29.002501,268,1.037,0.0011,"aoml_navis",1027.31166144526
"7901009",9,-0.00721270687573481,1,0.013083,1,-0.009345,1,152.254803502857,1,4.86700595100348,270,1,19.6620006561279,36.7029991149902,0.0130829997360706,0,146.822006225586,-88.2501,26.4018,27.8152335728682,63,63,63,63,61,63,-0.009345,8045,1.29563008188212,26,-88,0.001869,51,2023-08-27 23:23:29.002501,270,1.037,0.0011,"aoml_navis",1027.32563928119
"7901009",9,-0.00288508275029393,1,0.01869,1,-0.003738,1,152.229185411673,1,4.86694643229939,272,1,19.6359996795654,36.6990013122559,0.0186899993568659,0.00560700008645654,146.797302246094,-88.2501,26.4018,27.8152335728682,63,63,63,63,61,63,-0.003738,8045,1.29563008188212,26,-88,0.001869,51,2023-08-27 23:23:29.002501,272,1.037,0.0011,"aoml_navis",1027.33820261871
"7901009",9,-0.00577016550058785,1,0.014952,1,-0.007476,1,152.70849214426,1,4.86686952883073,274,1,19.5790004730225,36.6889991760254,0.0149520002305508,0.00186900002881885,147.259506225586,-88.2501,26.4018,27.8152335728682,63,63,63,63,61,63,-0.007476,8045,1.29563008188212,26,-88,0.001869,51,2023-08-27 23:23:29.002501,274,1.037,0.0011,"aoml_navis",1027.35443602517
"7901009",9,-0.00721270687573481,1,0.013083,1,-0.009345,1,154.147425039881,1,4.86673316483137,276,1,19.4659996032715,36.6759986877441,0.0130829997360706,0,148.647094726562,-88.2501,26.4018,27.8152335728682,63,63,63,63,61,63,-0.009345,8045,1.29563008188212,26,-88,0.001869,51,2023-08-27 23:23:29.002501,276,1.037,0.0011,"aoml_navis",1027.383222103
"7901009",9,-0.00721270687573481,1,0.013083,1,-0.009345,1,154.535066792709,1,4.86663685791467,278,1,19.3990001678467,36.6679992675781,0.0130829997360706,0,149.020904541016,-88.2501,26.4018,27.8152335728682,63,63,63,63,61,63,-0.009345,8045,1.29563008188212,26,-88,0.001869,51,2023-08-27 23:23:29.002501,278,1.037,0.0011,"aoml_navis",1027.40355320912
"7901009",9,-0.00432762412544089,1,0.016821,1,-0.005607,1,154.794823793869,1,4.86656934821134,279.899993896484,1,19.3589992523193,36.6619987487793,0.0168210007250309,0.00373800005763769,149.271392822266,-88.2501,26.4018,27.8152335728682,63,63,63,63,61,63,-0.005607,8045,1.29563008188212,26,-88,0.001869,51,2023-08-27 23:23:29.002501,279.899993896484,1.037,0.0011,"aoml_navis",1027.41780548914
"7901009",9,-0.00577016550058785,1,0.014952,1,-0.007476,1,155.110295000748,1,4.86651571230271,282,1,19.3419990539551,36.6590003967285,0.0149520002305508,0.00186900002881885,149.575607299805,-88.2501,26.4018,27.8152335728682,63,63,63,63,61,63,-0.007476,8045,1.29563008188212,26,-88,0.001869,51,2023-08-27 23:23:29.002501,282,1.037,0.0011,"aoml_navis",1027.42912909124
"7901009",9,-0.00432762412544089,1,0.016821,1,-0.005607,1,155.787030345876,1,4.86642721273032,284,1,19.2810001373291,36.6510009765625,0.0168210007250309,0.00373800005763769,150.22819519043,-88.2501,26.4018,27.8152335728682,63,63,63,63,61,63,-0.005607,8045,1.29563008188212,26,-88,0.001869,51,2023-08-27 23:23:29.002501,284,1.037,0.0011,"aoml_navis",1027.44781364864
"7901009",9,-0.00577016550058785,1,0.014952,1,-0.007476,1,156.585210317217,1,4.86635158421428,286,1,19.2360000610352,36.6450004577637,0.0149520002305508,0.00186900002881885,150.997894287109,-88.2501,26.4018,27.8152335728682,63,63,63,63,61,63,-0.007476,8045,1.29563008188212,26,-88,0.001869,51,2023-08-27 23:23:29.002501,286,1.037,0.0011,"aoml_navis",1027.4637813304
"7901009",9,-0.00144254137514696,1,0.020559,1,-0.001869,1,157.416271322208,1,4.86623955726665,288,1,19.1529998779297,36.6360015869141,0.020558999851346,0.00747600011527538,151.799301147461,-88.2501,26.4018,27.8152335728682,63,63,63,63,61,63,-0.001869,8045,1.29563008188212,26,-88,0.001869,51,2023-08-27 23:23:29.002501,288,1.037,0.0011,"aoml_navis",1027.48743483736
"7901009",9,-0.00577016550058785,1,0.014952,1,-0.007476,1,157.711187927205,1,4.86615917645882,290,1,19.1040000915527,36.6300010681152,0.0149520002305508,0.00186900002881885,152.083694458008,-88.2501,26.4018,27.8152335728682,63,63,63,63,61,63,-0.007476,8045,1.29563008188212,26,-88,0.001869,51,2023-08-27 23:23:29.002501,290,1.037,0.0011,"aoml_navis",1027.50440721065
"7901009",9,-0.00577016550058785,1,0.014952,1,-0.007476,1,157.808881623913,1,4.86611408592996,292,1,19.0949993133545,36.6279983520508,0.0149520002305508,0.00186900002881885,152.17790222168,-88.2501,26.4018,27.8152335728682,63,63,63,63,61,63,-0.007476,8045,1.29563008188212,26,-88,0.001869,51,2023-08-27 23:23:29.002501,292,1.037,0.0011,"aoml_navis",1027.51392830208
"7901009",9,-0.00865524825088178,1,0.011214,1,-0.011214,1,158.062214323022,1,4.86605894267527,294,1,19.0750007629395,36.625,0.0112140001729131,-0.00186900002881885,152.42219543457,-88.2501,26.4018,27.8152335728682,63,63,63,63,61,63,-0.011214,8045,1.29563008188212,26,-88,0.001869,51,2023-08-27 23:23:29.002501,294,1.037,0.0011,"aoml_navis",1027.52557231686
"7901009",9,-0.00865524825088178,1,0.011214,1,-0.011214,1,158.35507388549,1,4.86597951759341,295.899993896484,1,19.0249996185303,36.6189994812012,0.0112140001729131,-0.00186900002881885,152.704605102539,-88.2501,26.4018,27.8152335728682,63,63,63,63,61,63,-0.011214,8045,1.29563008188212,26,-88,0.001869,51,2023-08-27 23:23:29.002501,295.899993896484,1.037,0.0011,"aoml_navis",1027.54234413072
"7901009",9,-0.00577016550058785,1,0.014952,1,-0.007476,1,158.726939704463,1,4.86586961168784,298,1,18.9389991760254,36.6080017089844,0.0149520002305508,0.00186900002881885,153.063201904297,-88.2501,26.4018,27.8152335728682,63,63,63,63,61,63,-0.007476,8045,1.29563008188212,26,-88,0.001869,51,2023-08-27 23:23:29.002501,298,1.037,0.0011,"aoml_navis",1027.56555333706
"7901009",9,-0.00577016550058785,1,0.014952,1,-0.007476,1,158.883623051533,1,4.86578946068773,300,1,18.8840007781982,36.5999984741211,0.0149520002305508,0.00186900002881885,153.214294433594,-88.2501,26.4018,27.8152335728682,63,63,63,63,61,63,-0.007476,8045,1.29563008188212,26,-88,0.001869,51,2023-08-27 23:23:29.002501,300,1.037,0.0011,"aoml_navis",1027.58247975927
"7901009",9,-0.00721270687573481,1,0.013083,1,-0.009345,1,158.867768000658,1,4.86572812985249,302,1,18.8530006408691,36.5950012207031,0.0130829997360706,0,153.199005126953,-88.2501,26.4018,27.8152335728682,63,63,63,63,61,63,-0.009345,8045,1.29563008188212,26,-88,0.001869,51,2023-08-27 23:23:29.002501,302,1.037,0.0011,"aoml_navis",1027.5954320842
"7901009",9,-0.00721270687573481,1,0.013083,1,-0.009345,1,158.752352091394,1,4.86566438377816,304,1,18.8199996948242,36.5900001525879,0.0130829997360706,0,153.087707519531,-88.2501,26.4018,27.8152335728682,63,63,63,63,61,63,-0.009345,8045,1.29563008188212,26,-88,0.001869,51,2023-08-27 23:23:29.002501,304,1.037,0.0011,"aoml_navis",1027.60889482425
"7901009",9,-0.00577016550058785,1,0.014952,1,-0.007476,1,158.425060801677,1,4.86558945577981,306,1,18.7719993591309,36.5830001831055,0.0149520002305508,0.00186900002881885,152.772094726562,-88.2501,26.4018,27.8152335728682,63,63,63,63,61,63,-0.007476,8045,1.29563008188212,26,-88,0.001869,51,2023-08-27 23:23:29.002501,306,1.037,0.0011,"aoml_navis",1027.62471956209
"7901009",9,-0.00432762412544089,1,0.016821,1,-0.005607,1,158.007987517285,1,4.86552068528843,308,1,18.7259998321533,36.5750007629395,0.0168210007250309,0.00373800005763769,152.369903564453,-88.2501,26.4018,27.8152335728682,63,63,63,63,61,63,-0.005607,8045,1.29563008188212,26,-88,0.001869,51,2023-08-27 23:23:29.002501,308,1.037,0.0011,"aoml_navis",1027.63924426797
"7901009",9,-0.00865524825088178,1,0.011214,1,-0.011214,1,157.41242623502,1,4.86542725046709,310,1,18.6480007171631,36.5629997253418,0.0112140001729131,-0.00186900002881885,151.795593261719,-88.2501,26.4018,27.8152335728682,63,63,63,63,61,63,-0.011214,8045,1.29563008188212,26,-88,0.001869,51,2023-08-27 23:23:29.002501,310,1.037,0.0011,"aoml_navis",1027.65897887385
"7901009",9,-0.00432762412544089,1,0.016821,1,-0.005607,1,156.715152111413,1,4.86534024970263,312,1,18.5809993743896,36.5530014038086,0.0168210007250309,0.00373800005763769,151.123199462891,-88.2501,26.4018,27.8152335728682,63,63,63,63,61,63,-0.005607,8045,1.29563008188212,26,-88,0.001869,51,2023-08-27 23:23:29.002501,312,1.037,0.0011,"aoml_navis",1027.67735520771
"7901009",9,0,1,0.009345,1,-0.013083,1,156.41390614479,1,4.86526193191043,314,1,18.5179996490479,36.5419998168945,0.00934499967843294,0,150.832702636719,-88.2501,26.4018,27.8152335728682,63,63,63,63,61,63,0,8045,1.29563008188212,26,-88,0.001869,51,2023-08-27 23:23:29.002501,314,1.037,0.0011,"aoml_navis",1027.69389808303
"7901009",9,0,1,0.014952,1,-0.007476,1,156.513245475521,1,4.86516186538342,316,1,18.4370002746582,36.5309982299805,0.0149520002305508,0,150.928497314453,-88.2501,26.4018,27.8152335728682,63,63,63,63,61,63,0,8045,1.29563008188212,26,-88,0.001869,51,2023-08-27 23:23:29.002501,316,1.037,0.0011,"aoml_navis",1027.7150356653
"7901009",9,0,1,0.011214,1,-0.011214,1,157.136070482993,1,4.86510469661169,318,1,18.4090003967285,36.5260009765625,0.0112140001729131,0,151.529098510742,-88.2501,26.4018,27.8152335728682,63,63,63,63,61,63,0,8045,1.29563008188212,26,-88,0.001869,51,2023-08-27 23:23:29.002501,318,1.037,0.0011,"aoml_navis",1027.72711211791
"7901009",9,0,1,0.016821,1,-0.005607,1,158.004047489673,1,4.86504031163745,320,1,18.3780002593994,36.5219993591309,0.0168210007250309,0,152.366104125977,-88.2501,26.4018,27.8152335728682,63,63,63,63,61,63,0,8045,1.29563008188212,26,-88,0.001869,51,2023-08-27 23:23:29.002501,320,1.037,0.0011,"aoml_navis",1027.74071327625
"7901009",9,0,1,0.014952,1,-0.007476,1,157.495182638289,1,4.86495039417444,322,1,18.3110008239746,36.5130004882812,0.0149520002305508,0,151.875396728516,-88.2501,26.4018,27.8152335728682,63,63,63,63,61,63,0,8045,1.29563008188212,26,-88,0.001869,51,2023-08-27 23:23:29.002501,322,1.037,0.0011,"aoml_navis",1027.75970870891
"7901009",9,0,1,0.013083,1,-0.009345,1,156.567060872752,1,4.86488728451544,324,1,18.2719993591309,36.5060005187988,0.0130829997360706,0,150.980392456055,-88.2501,26.4018,27.8152335728682,63,63,63,63,61,63,0,8045,1.29563008188212,26,-88,0.001869,51,2023-08-27 23:23:29.002501,324,1.037,0.0011,"aoml_navis",1027.77304130244
"7901009",9,0,1,0.016821,1,-0.005607,1,155.481955115469,1,4.86479641886827,326,1,18.1889991760254,36.492000579834,0.0168210007250309,0,149.934005737305,-88.2501,26.4018,27.8152335728682,63,63,63,63,61,63,0,8045,1.29563008188212,26,-88,0.001869,51,2023-08-27 23:23:29.002501,326,1.037,0.0011,"aoml_navis",1027.79223825427
"7901009",9,0,1,0.016821,1,-0.005607,1,154.614500281124,1,4.86471785556844,328,1,18.1219997406006,36.4799995422363,0.0168210007250309,0,149.097503662109,-88.2501,26.4018,27.8152335728682,63,63,63,63,61,63,0,8045,1.29563008188212,26,-88,0.001869,51,2023-08-27 23:23:29.002501,328,1.037,0.0011,"aoml_navis",1027.80883669886
"7901009",9,0,1,0.013083,1,-0.009345,1,153.585789135934,1,4.86466825399876,330,1,18.0970001220703,36.4739990234375,0.0130829997360706,0,148.105499267578,-88.2501,26.4018,27.8152335728682,63,63,63,63,61,63,0,8045,1.29563008188212,26,-88,0.001869,51,2023-08-27 23:23:29.002501,330,1.037,0.0011,"aoml_navis",1027.81931653613
"7901009",9,0,1,0.013083,1,-0.009345,1,152.275848630266,1,4.8645743413942,332,1,18.0139999389648,36.4609985351562,0.0130829997360706,0,146.842300415039,-88.2501,26.4018,27.8152335728682,63,63,63,63,61,63,0,8045,1.29563008188212,26,-88,0.001869,51,2023-08-27 23:23:29.002501,332,1.037,0.0011,"aoml_navis",1027.83915900995
"7901009",9,0,1,0.014952,1,-0.007476,1,151.52278118392,1,4.86449358835325,333.899993896484,1,17.9340000152588,36.4459991455078,0.0149520002305508,0,146.116104125977,-88.2501,26.4018,27.8152335728682,63,63,63,63,61,63,0,8045,1.29563008188212,26,-88,0.001869,51,2023-08-27 23:23:29.002501,333.899993896484,1.037,0.0011,"aoml_navis",1027.85622165711
"7901009",9,0,1,0.014952,1,-0.007476,1,150.894560395661,1,4.86441235370922,336,1,17.8719997406006,36.4360008239746,0.0149520002305508,0,145.510299682617,-88.2501,26.4018,27.8152335728682,63,63,63,63,61,63,0,8045,1.29563008188212,26,-88,0.001869,51,2023-08-27 23:23:29.002501,336,1.037,0.0011,"aoml_navis",1027.87338663578
"7901009",9,0,1,0.014952,1,-0.007476,1,150.436409554311,1,4.86432160788942,338,1,17.7880001068115,36.4220008850098,0.0149520002305508,0,145.068496704102,-88.2501,26.4018,27.8152335728682,63,63,63,63,61,63,0,8045,1.29563008188212,26,-88,0.001869,51,2023-08-27 23:23:29.002501,338,1.037,0.0011,"aoml_navis",1027.89256201533
"7901009",9,0,1,0.016821,1,-0.005607,1,149.528620863,1,4.86426165832526,340,1,17.7509994506836,36.4150009155273,0.0168210007250309,0,144.193099975586,-88.2501,26.4018,27.8152335728682,63,63,63,63,61,63,0,8045,1.29563008188212,26,-88,0.001869,51,2023-08-27 23:23:29.002501,340,1.037,0.0011,"aoml_navis",1027.90523027116
"7901009",9,0,1,0.013083,1,-0.009345,1,148.465477990562,1,4.86416314844879,342,1,17.6539993286133,36.398998260498,0.0130829997360706,0,143.167892456055,-88.2501,26.4018,27.8152335728682,63,63,63,63,61,63,0,8045,1.29563008188212,26,-88,0.001869,51,2023-08-27 23:23:29.002501,342,1.037,0.0011,"aoml_navis",1027.92604758632
"7901009",9,0,1,0.016821,1,-0.005607,1,147.710242737858,1,4.86404422279444,344,1,17.5209999084473,36.3769989013672,0.0168210007250309,0,142.439605712891,-88.2501,26.4018,27.8152335728682,63,63,63,63,61,63,0,8045,1.29563008188212,26,-88,0.001869,51,2023-08-27 23:23:29.002501,344,1.037,0.0011,"aoml_navis",1027.95118033024
"7901009",9,0,1,0.014952,1,-0.007476,1,147.572009479931,1,4.86391906972266,346,1,17.378999710083,36.3540000915527,0.0149520002305508,0,142.306304931641,-88.2501,26.4018,27.8152335728682,63,63,63,63,61,63,0,8045,1.29563008188212,26,-88,0.001869,51,2023-08-27 23:23:29.002501,346,1.037,0.0011,"aoml_navis",1027.97763045122
"7901009",9,0,1,0.01869,1,-0.003738,1,147.598450388127,1,4.86387231132474,348,1,17.3619995117188,36.3499984741211,0.0186899993568659,0,142.331802368164,-88.2501,26.4018,27.8152335728682,63,63,63,63,61,63,0,8045,1.29563008188212,26,-88,0.001869,51,2023-08-27 23:23:29.002501,348,1.037,0.0011,"aoml_navis",1027.98751282148
"7901009",9,0,1,0.020559,1,-0.001869,1,147.625935640991,1,4.86382642236246,350,1,17.3549995422363,36.3489990234375,0.020558999851346,0,142.358306884766,-88.2501,26.4018,27.8152335728682,63,63,63,63,61,63,0,8045,1.29563008188212,26,-88,0.001869,51,2023-08-27 23:23:29.002501,350,1.037,0.0011,"aoml_navis",1027.99721162158
"7901009",9,0,1,0.016821,1,-0.005607,1,147.882480491125,1,4.86378171102445,352,1,17.3490009307861,36.3479995727539,0.0168210007250309,0,142.605697631836,-88.2501,26.4018,27.8152335728682,63,63,63,63,61,63,0,8045,1.29563008188212,26,-88,0.001869,51,2023-08-27 23:23:29.002501,352,1.037,0.0011,"aoml_navis",1028.00666170252
"7901009",9,0,1,0.014952,1,-0.007476,1,148.261514312141,1,4.8637312337757,354,1,17.3349990844727,36.3460006713867,0.0149520002305508,0,142.971206665039,-88.2501,26.4018,27.8152335728682,63,63,63,63,61,63,0,8045,1.29563008188212,26,-88,0.001869,51,2023-08-27 23:23:29.002501,354,1.037,0.0011,"aoml_navis",1028.01733066128
"7901009",9,0,1,0.016821,1,-0.005607,1,148.624455731221,1,4.86368652822916,356,1,17.3290004730225,36.3450012207031,0.0168210007250309,0,143.321197509766,-88.2501,26.4018,27.8152335728682,63,63,63,63,61,63,0,8045,1.29563008188212,26,-88,0.001869,51,2023-08-27 23:23:29.002501,356,1.037,0.0011,"aoml_navis",1028.02677988798
"7901009",9,0,1,0.01869,1,-0.003738,1,149.042067011351,1,4.86362914779986,358,1,17.3059997558594,36.3419990539551,0.0186899993568659,0,143.723907470703,-88.2501,26.4018,27.8152335728682,63,63,63,63,61,63,0,8045,1.29563008188212,26,-88,0.001869,51,2023-08-27 23:23:29.002501,358,1.037,0.0011,"aoml_navis",1028.03890840687
"7901009",9,0,1,0.014952,1,-0.007476,1,149.635017431945,1,4.86354319074711,360,1,17.2399997711182,36.3330001831055,0.0149520002305508,0,144.295700073242,-88.2501,26.4018,27.8152335728682,63,63,63,63,61,63,0,8045,1.29563008188212,26,-88,0.001869,51,2023-08-27 23:23:29.002501,360,1.037,0.0011,"aoml_navis",1028.05707771085
"7901009",9,0,1,0.016821,1,-0.005607,1,149.621947300186,1,4.863455757751,362,1,17.1849994659424,36.3279991149902,0.0168210007250309,0,144.283096313477,-88.2501,26.4018,27.8152335728682,63,63,63,63,61,63,0,8045,1.29563008188212,26,-88,0.001869,51,2023-08-27 23:23:29.002501,362,1.037,0.0011,"aoml_navis",1028.07555965352
"7901009",9,0,1,0.014952,1,-0.007476,1,148.245326969781,1,4.86339665896679,364,1,17.1480007171631,36.3209991455078,0.0149520002305508,0,142.955596923828,-88.2501,26.4018,27.8152335728682,63,63,63,63,61,63,0,8045,1.29563008188212,26,-88,0.001869,51,2023-08-27 23:23:29.002501,364,1.037,0.0011,"aoml_navis",1028.08805257152
"7901009",9,0,1,0.014952,1,-0.007476,1,146.318162941679,1,4.8633209508592,366,1,17.0779991149902,36.3079986572266,0.0149520002305508,0,141.097198486328,-88.2501,26.4018,27.8152335728682,63,63,63,63,61,63,0,8045,1.29563008188212,26,-88,0.001869,51,2023-08-27 23:23:29.002501,366,1.037,0.0011,"aoml_navis",1028.10405698531
"7901009",9,0,1,0.014952,1,-0.007476,1,145.509191408765,1,4.8632467432169,368,1,17.0060005187988,36.2939987182617,0.0149520002305508,0,140.317092895508,-88.2501,26.4018,27.8152335728682,63,63,63,63,61,63,0,8045,1.29563008188212,26,-88,0.001869,51,2023-08-27 23:23:29.002501,368,1.037,0.0011,"aoml_navis",1028.11974468987
"7901009",9,0,1,0.016821,1,-0.005607,1,145.253469375642,1,4.863167963438,370,1,16.9330005645752,36.2809982299805,0.0168210007250309,0,140.070495605469,-88.2501,26.4018,27.8152335728682,63,63,63,63,61,63,0,8045,1.29563008188212,26,-88,0.001869,51,2023-08-27 23:23:29.002501,370,1.037,0.0011,"aoml_navis",1028.1363994809
"7901009",9,0,1,0.01869,1,-0.003738,1,144.88845509063,1,4.86309798216501,372,1,16.8799991607666,36.2719993591309,0.0186899993568659,0,139.718505859375,-88.2501,26.4018,27.8152335728682,63,63,63,63,61,63,0,8045,1.29563008188212,26,-88,0.001869,51,2023-08-27 23:23:29.002501,372,1.037,0.0011,"aoml_navis",1028.15119463705
"7901009",9,0,1,0.016821,1,-0.005607,1,144.372232356355,1,4.86302943070723,374,1,16.8250007629395,36.2620010375977,0.0168210007250309,0,139.220703125,-88.2501,26.4018,27.8152335728682,63,63,63,63,61,63,0,8045,1.29563008188212,26,-88,0.001869,51,2023-08-27 23:23:29.002501,374,1.037,0.0011,"aoml_navis",1028.16568792035
"7901009",9,0,1,0.016821,1,-0.005607,1,144.001711526727,1,4.86294657625737,376,1,16.7479991912842,36.2490005493164,0.0168210007250309,0,138.863403320312,-88.2501,26.4018,27.8152335728682,63,63,63,63,61,63,0,8045,1.29563008188212,26,-88,0.001869,51,2023-08-27 23:23:29.002501,376,1.037,0.0011,"aoml_navis",1028.1832057156
"7901009",9,0,1,0.014952,1,-0.007476,1,143.617914861088,1,4.86286245015981,378,1,16.6760005950928,36.2379989624023,0.0149520002305508,0,138.493301391602,-88.2501,26.4018,27.8152335728682,63,63,63,63,61,63,0,8045,1.29563008188212,26,-88,0.001869,51,2023-08-27 23:23:29.002501,378,1.037,0.0011,"aoml_navis",1028.20099298422
"7901009",9,0,1,0.01869,1,-0.003738,1,143.517119777182,1,4.8627644436992,380,1,16.5790004730225,36.2229995727539,0.0186899993568659,0,138.396102905273,-88.2501,26.4018,27.8152335728682,63,63,63,63,61,63,0,8045,1.29563008188212,26,-88,0.001869,51,2023-08-27 23:23:29.002501,380,1.037,0.0011,"aoml_navis",1028.22171583463
"7901009",9,0,1,0.016821,1,-0.005607,1,143.435613422834,1,4.8627117166767,382,1,16.5499992370605,36.2169990539551,0.0168210007250309,0,138.317504882812,-88.2501,26.4018,27.8152335728682,63,63,63,63,61,63,0,8045,1.29563008188212,26,-88,0.001869,51,2023-08-27 23:23:29.002501,382,1.037,0.0011,"aoml_navis",1028.23286497788
"7901009",9,0,1,0.016821,1,-0.005607,1,143.328378213474,1,4.86263797983412,384,1,16.4930000305176,36.2080001831055,0.0168210007250309,0,138.214096069336,-88.2501,26.4018,27.8152335728682,63,63,63,63,61,63,0,8045,1.29563008188212,26,-88,0.001869,51,2023-08-27 23:23:29.002501,384,1.037,0.0011,"aoml_navis",1028.24845705881
"7901009",9,0,1,0.01869,1,-0.003738,1,143.239608916659,1,4.86256367537034,386,1,16.4290008544922,36.1969985961914,0.0186899993568659,0,138.128494262695,-88.2501,26.4018,27.8152335728682,63,63,63,63,61,63,0,8045,1.29563008188212,26,-88,0.001869,51,2023-08-27 23:23:29.002501,386,1.037,0.0011,"aoml_navis",1028.26416964487
"7901009",9,0,1,0.01869,1,-0.003738,1,143.085520607857,1,4.86247297625338,388,1,16.3600006103516,36.1889991760254,0.0186899993568659,0,137.979904174805,-88.2501,26.4018,27.8152335728682,63,63,63,63,61,63,0,8045,1.29563008188212,26,-88,0.001869,51,2023-08-27 23:23:29.002501,388,1.037,0.0011,"aoml_navis",1028.28334973135
"7901009",9,0,1,0.01869,1,-0.003738,1,143.115284430907,1,4.86240305985969,390,1,16.3059997558594,36.1800003051758,0.0186899993568659,0,138.008605957031,-88.2501,26.4018,27.8152335728682,63,63,63,63,61,63,0,8045,1.29563008188212,26,-88,0.001869,51,2023-08-27 23:23:29.002501,390,1.037,0.0011,"aoml_navis",1028.29813539651
"7901009",9,0,1,0.016821,1,-0.005607,1,143.292506556454,1,4.86234564610294,392,1,16.2789993286133,36.1759986877441,0.0168210007250309,0,138.179504394531,-88.2501,26.4018,27.8152335728682,63,63,63,63,61,63,0,8045,1.29563008188212,26,-88,0.001869,51,2023-08-27 23:23:29.002501,392,1.037,0.0011,"aoml_navis",1028.31027736734
"7901009",9,0,1,0.01869,1,-0.003738,1,143.349739808964,1,4.862287604702,394,1,16.2450008392334,36.1699981689453,0.0186899993568659,0,138.23469543457,-88.2501,26.4018,27.8152335728682,63,63,63,63,61,63,0,8045,1.29563008188212,26,-88,0.001869,51,2023-08-27 23:23:29.002501,394,1.037,0.0011,"aoml_navis",1028.32255236503
"7901009",9,0,1,0.014952,1,-0.007476,1,143.139130300835,1,4.86223362317806,396,1,16.2210006713867,36.1660003662109,0.0149520002305508,0,138.031600952148,-88.2501,26.4018,27.8152335728682,63,63,63,63,61,63,0,8045,1.29563008188212,26,-88,0.001869,51,2023-08-27 23:23:29.002501,396,1.037,0.0011,"aoml_navis",1028.33396901482
"7901009",9,0,1,0.013083,1,-0.009345,1,142.739889992826,1,4.86219522537907,398,1,16.2140007019043,36.1629981994629,0.0130829997360706,0,137.646606445312,-88.2501,26.4018,27.8152335728682,63,63,63,63,61,63,0,8045,1.29563008188212,26,-88,0.001869,51,2023-08-27 23:23:29.002501,398,1.037,0.0011,"aoml_navis",1028.34208998883
"7901009",9,0,1,0.016821,1,-0.005607,1,141.920237662167,1,4.86214376642528,400,1,16.1889991760254,36.1580009460449,0.0168210007250309,0,136.856201171875,-88.2501,26.4018,27.8152335728682,63,63,63,63,61,63,0,8045,1.29563008188212,26,-88,0.001869,51,2023-08-27 23:23:29.002501,400,1.037,0.0011,"aoml_navis",1028.35297354362
"7901009",9,0,1,0.016821,1,-0.005607,1,141.166964511568,1,4.86205947768456,402,1,16.1089992523193,36.1450004577637,0.0168210007250309,0,136.129806518555,-88.2501,26.4018,27.8152335728682,63,63,63,63,61,63,0,8045,1.29563008188212,26,-88,0.001869,51,2023-08-27 23:23:29.002501,402,1.037,0.0011,"aoml_navis",1028.37080108718
"7901009",9,0,1,0.01869,1,-0.003738,1,140.853471230197,1,4.86198105381506,404,1,16.0340003967285,36.1319999694824,0.0186899993568659,0,135.827499389648,-88.2501,26.4018,27.8152335728682,63,63,63,63,61,63,0,8045,1.29563008188212,26,-88,0.001869,51,2023-08-27 23:23:29.002501,404,1.037,0.0011,"aoml_navis",1028.38738873255
"7901009",9,0,1,0.01869,1,-0.003738,1,140.509502072594,1,4.86191965467692,406,1,15.9870004653931,36.1230010986328,0.0186899993568659,0,135.495803833008,-88.2501,26.4018,27.8152335728682,63,63,63,63,61,63,0,8045,1.29563008188212,26,-88,0.001869,51,2023-08-27 23:23:29.002501,406,1.037,0.0011,"aoml_navis",1028.40037580429
"7901009",9,0,1,0.016821,1,-0.005607,1,139.798730585318,1,4.86186338046214,408,1,15.951000213623,36.1160011291504,0.0168210007250309,0,134.810394287109,-88.2501,26.4018,27.8152335728682,63,63,63,63,61,63,0,8045,1.29563008188212,26,-88,0.001869,51,2023-08-27 23:23:29.002501,408,1.037,0.0011,"aoml_navis",1028.41227914651
"7901009",9,0,1,0.014952,1,-0.007476,1,138.649840686241,1,4.8617843509653,410,1,15.8620004653931,36.0989990234375,0.0149520002305508,0,133.702499389648,-88.2501,26.4018,27.8152335728682,63,63,63,63,61,63,0,8045,1.29563008188212,26,-88,0.001869,51,2023-08-27 23:23:29.002501,410,1.037,0.0011,"aoml_navis",1028.42899624029
"7901009",9,0,1,0.01869,1,-0.003738,1,138.138697264672,1,4.86162100581883,412,1,15.6540002822876,36.0690002441406,0.0186899993568659,0,133.209594726562,-88.2501,26.4018,27.8152335728682,63,63,63,63,61,63,0,8045,1.29563008188212,26,-88,0.001869,51,2023-08-27 23:23:29.002501,412,1.037,0.0011,"aoml_navis",1028.46355032931
"7901009",9,0,1,0.016821,1,-0.005607,1,137.681068595657,1,4.86156396561304,414,1,15.6070003509521,36.0589981079102,0.0168210007250309,0,132.768295288086,-88.2501,26.4018,27.8152335728682,63,63,63,63,61,63,0,8045,1.29563008188212,26,-88,0.001869,51,2023-08-27 23:23:29.002501,414,1.037,0.0011,"aoml_navis",1028.47561718125
"7901009",9,0,1,0.01869,1,-0.003738,1,137.149607923266,1,4.86150414768222,416,1,15.5640001296997,36.0509986877441,0.0186899993568659,0,132.255798339844,-88.2501,26.4018,27.8152335728682,63,63,63,63,61,63,0,8045,1.29563008188212,26,-88,0.001869,51,2023-08-27 23:23:29.002501,416,1.037,0.0011,"aoml_navis",1028.48827196492
"7901009",9,0,1,0.020559,1,-0.001869,1,136.77846998088,1,4.86144473094819,418,1,15.5179996490479,36.0419998168945,0.020558999851346,0,131.897903442383,-88.2501,26.4018,27.8152335728682,63,63,63,63,61,63,0,8045,1.29563008188212,26,-88,0.001869,51,2023-08-27 23:23:29.002501,418,1.037,0.0011,"aoml_navis",1028.5008421817
"7901009",9,0,1,0.01869,1,-0.003738,1,136.573446134387,1,4.86138582669169,420,1,15.4790000915527,36.0349998474121,0.0186899993568659,0,131.7001953125,-88.2501,26.4018,27.8152335728682,63,63,63,63,61,63,0,8045,1.29563008188212,26,-88,0.001869,51,2023-08-27 23:23:29.002501,420,1.037,0.0011,"aoml_navis",1028.51330428193
"7901009",9,0,1,0.016821,1,-0.005607,1,136.225426185342,1,4.86134283592587,422,1,15.4709997177124,36.0330009460449,0.0168210007250309,0,131.364593505859,-88.2501,26.4018,27.8152335728682,63,63,63,63,61,63,0,8045,1.29563008188212,26,-88,0.001869,51,2023-08-27 23:23:29.002501,422,1.037,0.0011,"aoml_navis",1028.52239982941
"7901009",9,0,1,0.01869,1,-0.003738,1,135.546095801947,1,4.86130239346422,424,1,15.4619998931885,36.0299987792969,0.0186899993568659,0,130.709503173828,-88.2501,26.4018,27.8152335728682,63,63,63,63,61,63,0,8045,1.29563008188212,26,-88,0.001869,51,2023-08-27 23:23:29.002501,424,1.037,0.0011,"aoml_navis",1028.53095637956
"7901009",9,0,1,0.01869,1,-0.003738,1,134.700319031174,1,4.86124390931271,426,1,15.4200000762939,36.0219993591309,0.0186899993568659,0,129.893905639648,-88.2501,26.4018,27.8152335728682,63,63,63,63,61,63,0,8045,1.29563008188212,26,-88,0.001869,51,2023-08-27 23:23:29.002501,426,1.037,0.0011,"aoml_navis",1028.54333032364
"7901009",9,0,1,0.01869,1,-0.003738,1,134.324608125012,1,4.86113586811451,428,1,15.3059997558594,36.0060005187988,0.0186899993568659,0,129.531600952148,-88.2501,26.4018,27.8152335728682,63,63,63,63,61,63,0,8045,1.29563008188212,26,-88,0.001869,51,2023-08-27 23:23:29.002501,428,1.037,0.0011,"aoml_navis",1028.56619021829
"7901009",9,0,1,0.022428,1,0,1,133.881711045183,1,4.86108891273393,430,1,15.2810001373291,36,0.0224280003458261,0,129.104507446289,-88.2501,26.4018,27.8152335728682,63,63,63,63,61,63,0,8045,1.29563008188212,26,-88,0.001869,51,2023-08-27 23:23:29.002501,430,1.037,0.0011,"aoml_navis",1028.57612558828
"7901009",9,0,4,0.014952,1,-0.007476,1,133.205371285157,1,4.86102238764678,432,1,15.2279996871948,35.9910011291504,0.0149520002305508,0,128.452301025391,-88.2501,26.4018,27.8152335728682,63,63,63,63,61,63,0,8045,1.29563008188212,26,-88,0.001869,51,2023-08-27 23:23:29.002501,432,1.037,0.0011,"aoml_navis",1028.59020207486
"7901009",9,0,1,0.022428,1,0,1,132.529553697464,1,4.86093151095204,434,1,15.128999710083,35.9749984741211,0.0224280003458261,0,127.800598144531,-88.2501,26.4018,27.8152335728682,63,63,63,63,61,63,0,8045,1.29563008188212,26,-88,0.001869,51,2023-08-27 23:23:29.002501,434,1.037,0.0011,"aoml_navis",1028.60943190305
"7901009",9,0,1,0.022428,1,0,1,131.628917184792,1,4.86084858811049,436,1,15.0369997024536,35.9589996337891,0.0224280003458261,0,126.932098388672,-88.2501,26.4018,27.8152335728682,63,63,63,63,61,63,0,8045,1.29563008188212,26,-88,0.001869,51,2023-08-27 23:23:29.002501,436,1.037,0.0011,"aoml_navis",1028.62697929532
"7901009",9,0,1,0.022428,1,0,1,130.150465337514,1,4.86075808307438,438,1,14.9409999847412,35.9440002441406,0.0224280003458261,0,125.506401062012,-88.2501,26.4018,27.8152335728682,63,63,63,63,61,63,0,8045,1.29563008188212,26,-88,0.001869,51,2023-08-27 23:23:29.002501,438,1.037,0.0011,"aoml_navis",1028.64613184731
"7901009",9,0,1,0.024297,1,0.001869,1,128.713589484422,1,4.86070032272884,440,1,14.9090003967285,35.9389991760254,0.0242970008403063,0,124.120796203613,-88.2501,26.4018,27.8152335728682,63,63,63,63,61,63,0,8045,1.29563008188212,26,-88,0.001869,51,2023-08-27 23:23:29.002501,440,1.037,0.0011,"aoml_navis",1028.6583553855
"7901009",9,0,1,0.026166,1,0.003738,1,127.270811501613,1,4.86063830686809,442,1,14.8730001449585,35.9339981079102,0.0261659994721413,0,122.729499816895,-88.2501,26.4018,27.8152335728682,63,63,63,63,61,63,0,8045,1.29563008188212,26,-88,0.001869,51,2023-08-27 23:23:29.002501,442,1.037,0.0011,"aoml_navis",1028.67147982087
"7901009",9,0,1,0.026166,1,0.003738,1,126.513796115953,1,4.86058275903153,444,1,14.8430004119873,35.9290008544922,0.0261659994721413,0,121.999496459961,-88.2501,26.4018,27.8152335728682,63,63,63,63,61,63,0,8045,1.29563008188212,26,-88,0.001869,51,2023-08-27 23:23:29.002501,444,1.037,0.0011,"aoml_navis",1028.68323571066
"7901009",9,0,1,0.028035,1,0.005607,1,127.259197123028,1,4.86052016563453,446,1,14.78600025177,35.9179992675781,0.0280349999666214,0,122.718299865723,-88.2501,26.4018,27.8152335728682,63,63,63,63,61,63,0,8045,1.29563008188212,26,-88,0.001869,51,2023-08-27 23:23:29.002501,446,1.037,0.0011,"aoml_navis",1028.69648301259
"7901009",9,0,1,0.028035,1,0.005607,1,128.521129420758,1,4.86037048266584,448,1,14.58899974823,35.8899993896484,0.0280349999666214,0,123.935203552246,-88.2501,26.4018,27.8152335728682,63,63,63,63,61,63,0,8045,1.29563008188212,26,-88,0.001869,51,2023-08-27 23:23:29.002501,448,1.037,0.0011,"aoml_navis",1028.72816338428
"7901009",9,0,1,0.031773,1,0.009345,1,128.336850056996,1,4.8602761048935,450,1,14.4670000076294,35.8689994812012,0.0317730009555817,0,123.757499694824,-88.2501,26.4018,27.8152335728682,63,63,63,63,61,63,0,8045,1.29563008188212,26,-88,0.001869,51,2023-08-27 23:23:29.002501,450,1.037,0.0011,"aoml_navis",1028.7481394248
"7901009",9,0,1,0.033642,1,0.011214,1,127.257227109222,1,4.86022046284419,452,1,14.4329996109009,35.8629989624023,0.0336420014500618,0,122.716400146484,-88.2501,26.4018,27.8152335728682,63,63,63,63,61,63,0,8045,1.29563008188212,26,-88,0.001869,51,2023-08-27 23:23:29.002501,452,1.037,0.0011,"aoml_navis",1028.75991700879
"7901009",9,0,1,0.031773,1,0.009345,1,125.410430150376,1,4.86016495804958,454,1,14.4060001373291,35.859001159668,0.0317730009555817,0,120.935501098633,-88.2501,26.4018,27.8152335728682,63,63,63,63,61,63,0,8045,1.29563008188212,26,-88,0.001869,51,2023-08-27 23:23:29.002501,454,1.037,0.0011,"aoml_navis",1028.77166580916
"7901009",9,0,1,0.024297,1,0.001869,1,122.51916193589,1,4.86011350820782,456,1,14.3690004348755,35.851001739502,0.0242970008403063,0,118.147399902344,-88.2501,26.4018,27.8152335728682,63,63,63,63,61,63,0,8045,1.29563008188212,26,-88,0.001869,51,2023-08-27 23:23:29.002501,456,1.037,0.0011,"aoml_navis",1028.78255652999
"7901009",9,0,1,0.022428,1,0,1,118.855331841248,1,4.86001677918708,458,1,14.2679996490479,35.8370018005371,0.0224280003458261,0,114.614303588867,-88.2501,26.4018,27.8152335728682,63,63,63,63,61,63,0,8045,1.29563008188212,26,-88,0.001869,51,2023-08-27 23:23:29.002501,458,1.037,0.0011,"aoml_navis",1028.80303241182
"7901009",9,0,1,0.022428,1,0,1,115.444834445715,1,4.85991839313735,460,1,14.164999961853,35.8230018615723,0.0224280003458261,0,111.325500488281,-88.2501,26.4018,27.8152335728682,63,63,63,63,61,63,0,8045,1.29563008188212,26,-88,0.001869,51,2023-08-27 23:23:29.002501,460,1.037,0.0011,"aoml_navis",1028.82385989453
"7901009",9,0,1,0.020559,1,-0.001869,1,113.614216917527,1,4.8598318928781,462,1,14.0799999237061,35.8110008239746,0.020558999851346,0,109.560203552246,-88.2501,26.4018,27.8152335728682,63,63,63,63,61,63,0,8045,1.29563008188212,26,-88,0.001869,51,2023-08-27 23:23:29.002501,462,1.037,0.0011,"aoml_navis",1028.842171954
"7901009",9,0,1,0.022428,1,0,1,112.450073256931,1,4.85975966900759,464,1,14.0190000534058,35.8019981384277,0.0224280003458261,0,108.437599182129,-88.2501,26.4018,27.8152335728682,63,63,63,63,61,63,0,8045,1.29563008188212,26,-88,0.001869,51,2023-08-27 23:23:29.002501,464,1.037,0.0011,"aoml_navis",1028.85746220884
"7901009",9,0,1,0.022428,1,0,1,111.810863114547,1,4.85969529217965,466,1,13.9759998321533,35.7960014343262,0.0224280003458261,0,107.821197509766,-88.2501,26.4018,27.8152335728682,63,63,63,63,61,63,0,8045,1.29563008188212,26,-88,0.001869,51,2023-08-27 23:23:29.002501,466,1.037,0.0011,"aoml_navis",1028.87109157772
"7901009",9,0,1,0.026166,1,0.003738,1,111.394406942913,1,4.85964598259107,468,1,13.951000213623,35.7910003662109,0.0261659994721413,0,107.41960144043,-88.2501,26.4018,27.8152335728682,63,63,63,63,61,63,0,8045,1.29563008188212,26,-88,0.001869,51,2023-08-27 23:23:29.002501,468,1.037,0.0011,"aoml_navis",1028.88153127033
"7901009",9,0,1,0.020559,1,-0.001869,1,110.915622382661,1,4.85958946048746,470,1,13.918999671936,35.7859992980957,0.020558999851346,0,106.957901000977,-88.2501,26.4018,27.8152335728682,63,63,63,63,61,63,0,8045,1.29563008188212,26,-88,0.001869,51,2023-08-27 23:23:29.002501,470,1.037,0.0011,"aoml_navis",1028.8934982377
"7901009",9,0,1,0.020559,1,-0.001869,1,110.538257930774,1,4.85953861792428,472,1,13.8959999084473,35.7820014953613,0.020558999851346,0,106.59400177002,-88.2501,26.4018,27.8152335728682,63,63,63,63,61,63,0,8045,1.29563008188212,26,-88,0.001869,51,2023-08-27 23:23:29.002501,472,1.037,0.0011,"aoml_navis",1028.90426295979
"7901009",9,0,1,0.022428,1,0,1,110.160577010806,1,4.85948476909726,474,1,13.8629999160767,35.7760009765625,0.0224280003458261,0,106.229797363281,-88.2501,26.4018,27.8152335728682,63,63,63,63,61,63,0,8045,1.29563008188212,26,-88,0.001869,51,2023-08-27 23:23:29.002501,474,1.037,0.0011,"aoml_navis",1028.91566443346
"7901009",9,0,1,0.01869,1,-0.003738,1,110.120029537885,1,4.85940025587511,476,1,13.78600025177,35.765998840332,0.0186899993568659,0,106.190696716309,-88.2501,26.4018,27.8152335728682,63,63,63,63,61,63,0,8045,1.29563008188212,26,-88,0.001869,51,2023-08-27 23:23:29.002501,476,1.037,0.0011,"aoml_navis",1028.93355902406
"7901009",9,0,1,0.01869,1,-0.003738,1,110.87040700554,1,4.85933601324327,478,1,13.7250003814697,35.7550010681152,0.0186899993568659,0,106.91429901123,-88.2501,26.4018,27.8152335728682,63,63,63,63,61,63,0,8045,1.29563008188212,26,-88,0.001869,51,2023-08-27 23:23:29.002501,478,1.037,0.0011,"aoml_navis",1028.94716199361
"7901009",9,0,1,0.024297,1,0.001869,1,112.136073626629,1,4.85922913625901,480,1,13.5900001525879,35.7350006103516,0.0242970008403063,0,108.134803771973,-88.2501,26.4018,27.8152335728682,63,63,63,63,61,63,0,8045,1.29563008188212,26,-88,0.001869,51,2023-08-27 23:23:29.002501,480,1.037,0.0011,"aoml_navis",1028.96979331363
"7901009",9,0,1,0.01869,1,-0.003738,1,113.120289359583,1,4.85914727836128,482,1,13.503999710083,35.7220001220703,0.0186899993568659,0,109.08390045166,-88.2501,26.4018,27.8152335728682,63,63,63,63,61,63,0,8045,1.29563008188212,26,-88,0.001869,51,2023-08-27 23:23:29.002501,482,1.037,0.0011,"aoml_navis",1028.98712748757
"7901009",9,0,1,0.022428,1,0,1,113.581027327497,1,4.85908478503988,484,1,13.4440002441406,35.7109985351562,0.0224280003458261,0,109.528198242188,-88.2501,26.4018,27.8152335728682,63,63,63,63,61,63,0,8045,1.29563008188212,26,-88,0.001869,51,2023-08-27 23:23:29.002501,484,1.037,0.0011,"aoml_navis",1029.00036142484
"7901009",9,0,1,0.024297,1,0.001869,1,113.574705877573,1,4.85903233434604,486,1,13.418999671936,35.7070007324219,0.0242970008403063,0,109.522102355957,-88.2501,26.4018,27.8152335728682,63,63,63,63,61,63,0,8045,1.29563008188212,26,-88,0.001869,51,2023-08-27 23:23:29.002501,486,1.037,0.0011,"aoml_navis",1029.01146894157
"7901009",9,0,1,0.024297,1,0.001869,1,114.057636169691,1,4.85896679280226,488,1,13.3629999160767,35.6980018615723,0.0242970008403063,0,109.987800598145,-88.2501,26.4018,27.8152335728682,63,63,63,63,61,63,0,8045,1.29563008188212,26,-88,0.001869,51,2023-08-27 23:23:29.002501,488,1.037,0.0011,"aoml_navis",1029.02534905294
"7901009",9,0,1,0.024297,1,0.001869,1,115.00763379135,1,4.85890061558002,490,1,13.298999786377,35.6870002746582,0.0242970008403063,0,110.903900146484,-88.2501,26.4018,27.8152335728682,63,63,63,63,61,63,0,8045,1.29563008188212,26,-88,0.001869,51,2023-08-27 23:23:29.002501,490,1.037,0.0011,"aoml_navis",1029.03936416554
"7901009",9,0,1,0.022428,1,0,1,114.699022030134,1,4.85883021630843,492,1,13.2270002365112,35.6749992370605,0.0224280003458261,0,110.606300354004,-88.2501,26.4018,27.8152335728682,63,63,63,63,61,63,0,8045,1.29563008188212,26,-88,0.001869,51,2023-08-27 23:23:29.002501,492,1.037,0.0011,"aoml_navis",1029.05427384924
"7901009",9,0,1,0.022428,1,0,1,113.960464645317,1,4.85874130495639,494,1,13.128999710083,35.6609992980957,0.0224280003458261,0,109.894096374512,-88.2501,26.4018,27.8152335728682,63,63,63,63,61,63,0,8045,1.29563008188212,26,-88,0.001869,51,2023-08-27 23:23:29.002501,494,1.037,0.0011,"aoml_navis",1029.07310477706
"7901009",9,0,1,0.016821,1,-0.005607,1,113.476806476612,1,4.8586747466284,496,1,13.0640001296997,35.6500015258789,0.0168210007250309,0,109.427696228027,-88.2501,26.4018,27.8152335728682,63,63,63,63,61,63,0,8045,1.29563008188212,26,-88,0.001869,51,2023-08-27 23:23:29.002501,496,1.037,0.0011,"aoml_navis",1029.08720191029
"7901009",9,0,1,0.022428,1,0,1,113.579476633899,1,4.85858353884245,498,1,12.9630002975464,35.6360015869141,0.0224280003458261,0,109.526702880859,-88.2501,26.4018,27.8152335728682,63,63,63,63,61,63,0,8045,1.29563008188212,26,-88,0.001869,51,2023-08-27 23:23:29.002501,498,1.037,0.0011,"aoml_navis",1029.10652045539
"7901009",9,0,1,0.026166,1,0.003738,1,113.837580089334,1,4.85852271737599,500,1,12.9069995880127,35.6259994506836,0.0261659994721413,0,109.775596618652,-88.2501,26.4018,27.8152335728682,63,63,63,63,61,63,0,8045,1.29563008188212,26,-88,0.001869,51,2023-08-27 23:23:29.002501,500,1.037,0.0011,"aoml_navis",1029.11940333592
"7901009",9,0,1,0.024297,1,0.001869,1,114.350796376836,1,4.85846398913356,502,1,12.8529996871948,35.6160011291504,0.0242970008403063,0,110.270500183105,-88.2501,26.4018,27.8152335728682,63,63,63,63,61,63,0,8045,1.29563008188212,26,-88,0.001869,51,2023-08-27 23:23:29.002501,502,1.037,0.0011,"aoml_navis",1029.13184314693
"7901009",9,0,1,0.01869,1,-0.003738,1,115.577466218603,1,4.85837889990643,504,1,12.7609996795654,35.6030006408691,0.0186899993568659,0,111.453399658203,-88.2501,26.4018,27.8152335728682,63,63,63,63,61,63,0,8045,1.29563008188212,26,-88,0.001869,51,2023-08-27 23:23:29.002501,504,1.037,0.0011,"aoml_navis",1029.14986727287
"7901009",9,0,1,0.024297,1,0.001869,1,117.087343346357,1,4.85832373131653,506,1,12.71399974823,35.5940017700195,0.0242970008403063,0,112.909400939941,-88.2501,26.4018,27.8152335728682,63,63,63,63,61,63,0,8045,1.29563008188212,26,-88,0.001869,51,2023-08-27 23:23:29.002501,506,1.037,0.0011,"aoml_navis",1029.16155376189
"7901009",9,0,1,0.022428,1,0,1,118.082239877056,1,4.85826724590433,508,1,12.6730003356934,35.5870018005371,0.0224280003458261,0,113.868797302246,-88.2501,26.4018,27.8152335728682,63,63,63,63,61,63,0,8045,1.29563008188212,26,-88,0.001869,51,2023-08-27 23:23:29.002501,508,1.037,0.0011,"aoml_navis",1029.1735194714
"7901009",9,0,1,0.024297,1,0.001869,1,118.656843060634,1,4.8582147418375,510,1,12.6359996795654,35.5800018310547,0.0242970008403063,0,114.422897338867,-88.2501,26.4018,27.8152335728682,63,63,63,63,61,63,0,8045,1.29563008188212,26,-88,0.001869,51,2023-08-27 23:23:29.002501,510,1.037,0.0011,"aoml_navis",1029.18464203352
"7901009",9,0,1,0.028035,1,0.005607,1,118.835109530851,1,4.8581507762516,512,1,12.576000213623,35.5699996948242,0.0280349999666214,0,114.594802856445,-88.2501,26.4018,27.8152335728682,63,63,63,63,61,63,0,8045,1.29563008188212,26,-88,0.001869,51,2023-08-27 23:23:29.002501,512,1.037,0.0011,"aoml_navis",1029.19819295066
"7901009",9,0,1,0.022428,1,0,1,118.757535292413,1,4.85809134337816,514,1,12.5279998779297,35.5620002746582,0.0224280003458261,0,114.519996643066,-88.2501,26.4018,27.8152335728682,63,63,63,63,61,63,0,8045,1.29563008188212,26,-88,0.001869,51,2023-08-27 23:23:29.002501,514,1.037,0.0011,"aoml_navis",1029.2107839461
"7901009",9,0,1,0.022428,1,0,1,118.575756026494,1,4.85804013171374,516.099975585938,1,12.4980001449585,35.5559997558594,0.0224280003458261,0,114.344703674316,-88.2501,26.4018,27.8152335728682,63,63,63,63,61,63,0,8045,1.29563008188212,26,-88,0.001869,51,2023-08-27 23:23:29.002501,516.099975585938,1.037,0.0011,"aoml_navis",1029.22163350598
"7901009",9,0,1,0.028035,1,0.005607,1,118.415116828408,1,4.8579856007574,518,1,12.46399974823,35.5509986877441,0.0280349999666214,0,114.189796447754,-88.2501,26.4018,27.8152335728682,63,63,63,63,61,63,0,8045,1.29563008188212,26,-88,0.001869,51,2023-08-27 23:23:29.002501,518,1.037,0.0011,"aoml_navis",1029.23318653321
"7901009",9,0,1,0.022428,1,0,1,118.334749759153,1,4.85793340747385,520,1,12.4270000457764,35.5439987182617,0.0224280003458261,0,114.112297058105,-88.2501,26.4018,27.8152335728682,63,63,63,63,61,63,0,8045,1.29563008188212,26,-88,0.001869,51,2023-08-27 23:23:29.002501,520,1.037,0.0011,"aoml_navis",1029.24424453978
"7901009",9,0,1,0.024297,1,0.001869,1,118.312146026444,1,4.85786123643324,522,1,12.3579998016357,35.5340003967285,0.0242970008403063,0,114.09049987793,-88.2501,26.4018,27.8152335728682,63,63,63,63,61,63,0,8045,1.29563008188212,26,-88,0.001869,51,2023-08-27 23:23:29.002501,522,1.037,0.0011,"aoml_navis",1029.25953555461
"7901009",9,0,1,0.024297,1,0.001869,1,118.349164880258,1,4.85780845297031,524,1,12.3240003585815,35.5279998779297,0.0242970008403063,0,114.126197814941,-88.2501,26.4018,27.8152335728682,63,63,63,63,61,63,0,8045,1.29563008188212,26,-88,0.001869,51,2023-08-27 23:23:29.002501,524,1.037,0.0011,"aoml_navis",1029.27071917435
"7901009",9,0,1,0.024297,1,0.001869,1,118.296283063867,1,4.85775474941584,526,1,12.2889995574951,35.5219993591309,0.0242970008403063,0,114.075202941895,-88.2501,26.4018,27.8152335728682,63,63,63,63,61,63,0,8045,1.29563008188212,26,-88,0.001869,51,2023-08-27 23:23:29.002501,526,1.037,0.0011,"aoml_navis",1029.28209799008
"7901009",9,0,1,0.026166,1,0.003738,1,118.466242246948,1,4.85768181569238,528,1,12.2150001525879,35.5110015869141,0.0261659994721413,0,114.239097595215,-88.2501,26.4018,27.8152335728682,63,63,63,63,61,63,0,8045,1.29563008188212,26,-88,0.001869,51,2023-08-27 23:23:29.002501,528,1.037,0.0011,"aoml_navis",1029.29755173504
"7901009",9,0,1,0.022428,1,0,1,118.599704748549,1,4.8576303778701,530,1,12.1859998703003,35.5060005187988,0.0224280003458261,0,114.367797851562,-88.2501,26.4018,27.8152335728682,63,63,63,63,61,63,0,8045,1.29563008188212,26,-88,0.001869,51,2023-08-27 23:23:29.002501,530,1.037,0.0011,"aoml_navis",1029.30845104611
"7901009",9,0,1,0.022428,1,0,1,118.653733761735,1,4.85758184894764,532,1,12.1599998474121,35.5009994506836,0.0224280003458261,0,114.419898986816,-88.2501,26.4018,27.8152335728682,63,63,63,63,61,63,0,8045,1.29563008188212,26,-88,0.001869,51,2023-08-27 23:23:29.002501,532,1.037,0.0011,"aoml_navis",1029.31873419348
"7901009",9,0,1,0.022428,1,0,1,118.779521912364,1,4.85752358889433,534,1,12.1199998855591,35.4949989318848,0.0224280003458261,0,114.541198730469,-88.2501,26.4018,27.8152335728682,63,63,63,63,61,63,0,8045,1.29563008188212,26,-88,0.001869,51,2023-08-27 23:23:29.002501,534,1.037,0.0011,"aoml_navis",1029.33107961254
"7901009",9,0,1,0.026166,1,0.003738,1,118.872642645297,1,4.85746235369237,536,1,12.0729999542236,35.4879989624023,0.0261659994721413,0,114.630996704102,-88.2501,26.4018,27.8152335728682,63,63,63,63,61,63,0,8045,1.29563008188212,26,-88,0.001869,51,2023-08-27 23:23:29.002501,536,1.037,0.0011,"aoml_navis",1029.34405579063
"7901009",9,0,1,0.01869,1,-0.003738,1,118.820069385285,1,4.85741027687267,538,1,12.0469999313354,35.484001159668,0.0186899993568659,0,114.580299377441,-88.2501,26.4018,27.8152335728682,63,63,63,63,61,63,0,8045,1.29563008188212,26,-88,0.001869,51,2023-08-27 23:23:29.002501,538,1.037,0.0011,"aoml_navis",1029.35509149932
"7901009",9,0,1,0.024297,1,0.001869,1,118.786571238876,1,4.8573548927751,540,1,12.0059995651245,35.4770011901855,0.0242970008403063,0,114.547996520996,-88.2501,26.4018,27.8152335728682,63,63,63,63,61,63,0,8045,1.29563008188212,26,-88,0.001869,51,2023-08-27 23:23:29.002501,540,1.037,0.0011,"aoml_navis",1029.36682831989
"7901009",9,0,1,0.026166,1,0.003738,1,118.761269615773,1,4.85730068314955,542,1,11.9700002670288,35.4710006713867,0.0261659994721413,0,114.523597717285,-88.2501,26.4018,27.8152335728682,63,63,63,63,61,63,0,8045,1.29563008188212,26,-88,0.001869,51,2023-08-27 23:23:29.002501,542,1.037,0.0011,"aoml_navis",1029.37831650931
"7901009",9,0,1,0.026166,1,0.003738,1,118.637665094906,1,4.85724732457155,544,1,11.9309997558594,35.4640007019043,0.0261659994721413,0,114.404403686523,-88.2501,26.4018,27.8152335728682,63,63,63,63,61,63,0,8045,1.29563008188212,26,-88,0.001869,51,2023-08-27 23:23:29.002501,544,1.037,0.0011,"aoml_navis",1029.38962459381
"7901009",9,0,1,0.028035,1,0.005607,1,118.74717096275,1,4.8571494606933,546,1,11.8140001296997,35.4490013122559,0.0280349999666214,0,114.51000213623,-88.2501,26.4018,27.8152335728682,63,63,63,63,61,63,0,8045,1.29563008188212,26,-88,0.001869,51,2023-08-27 23:23:29.002501,546,1.037,0.0011,"aoml_navis",1029.41036516638
"7901009",9,0,1,0.028035,1,0.005607,1,118.747479519129,1,4.85710201070351,548,1,11.7810001373291,35.4420013427734,0.0280349999666214,0,114.510299682617,-88.2501,26.4018,27.8152335728682,63,63,63,63,61,63,0,8045,1.29563008188212,26,-88,0.001869,51,2023-08-27 23:23:29.002501,548,1.037,0.0011,"aoml_navis",1029.42042167976
"7901009",9,0,1,0.024297,1,0.001869,1,118.562583042609,1,4.85704930298735,550,1,11.753999710083,35.4379997253418,0.0242970008403063,0,114.332000732422,-88.2501,26.4018,27.8152335728682,63,63,63,63,61,63,0,8045,1.29563008188212,26,-88,0.001869,51,2023-08-27 23:23:29.002501,550,1.037,0.0011,"aoml_navis",1029.43159274186
"7901009",9,0,1,0.024297,1,0.001869,1,118.433685593081,1,4.85698700153446,552,1,11.7089996337891,35.431999206543,0.0242970008403063,0,114.207702636719,-88.2501,26.4018,27.8152335728682,63,63,63,63,61,63,0,8045,1.29563008188212,26,-88,0.001869,51,2023-08-27 23:23:29.002501,552,1.037,0.0011,"aoml_navis",1029.44479744755
"7901009",9,0,1,0.022428,1,0,1,118.294415902187,1,4.85693332765954,554,1,11.6770000457764,35.4269981384277,0.0224280003458261,0,114.073402404785,-88.2501,26.4018,27.8152335728682,63,63,63,63,61,63,0,8045,1.29563008188212,26,-88,0.001869,51,2023-08-27 23:23:29.002501,554,1.037,0.0011,"aoml_navis",1029.45617382181
"7901009",9,0,1,0.020559,1,-0.001869,1,118.063576171959,1,4.85688091422441,556,1,11.6579999923706,35.4249992370605,0.020558999851346,0,113.850799560547,-88.2501,26.4018,27.8152335728682,63,63,63,63,61,63,0,8045,1.29563008188212,26,-88,0.001869,51,2023-08-27 23:23:29.002501,556,1.037,0.0011,"aoml_navis",1029.46728328389
"7901009",9,0,1,0.028035,1,0.005607,1,117.830980043879,1,4.85683198426421,558,1,11.6309995651245,35.4199981689453,0.0280349999666214,0,113.626502990723,-88.2501,26.4018,27.8152335728682,63,63,63,63,61,63,0,8045,1.29563008188212,26,-88,0.001869,51,2023-08-27 23:23:29.002501,558,1.037,0.0011,"aoml_navis",1029.477654611
"7901009",9,0,1,0.024297,1,0.001869,1,117.490943002186,1,4.85677661244179,560,1,11.6009998321533,35.4160003662109,0.0242970008403063,0,113.298599243164,-88.2501,26.4018,27.8152335728682,63,63,63,63,61,63,0,8045,1.29563008188212,26,-88,0.001869,51,2023-08-27 23:23:29.002501,560,1.037,0.0011,"aoml_navis",1029.48939162475
"7901009",9,0,1,0.026166,1,0.003738,1,116.891971776344,1,4.85672035482416,562,1,11.5699996948242,35.4119987487793,0.0261659994721413,0,112.721000671387,-88.2501,26.4018,27.8152335728682,63,63,63,63,61,63,0,8045,1.29563008188212,26,-88,0.001869,51,2023-08-27 23:23:29.002501,562,1.037,0.0011,"aoml_navis",1029.50131667217
"7901009",9,0,1,0.024297,1,0.001869,1,116.166998783919,1,4.85666878507934,564,1,11.543999671936,35.4080009460449,0.0242970008403063,0,112.021896362305,-88.2501,26.4018,27.8152335728682,63,63,63,63,61,63,0,8045,1.29563008188212,26,-88,0.001869,51,2023-08-27 23:23:29.002501,564,1.037,0.0011,"aoml_navis",1029.51224826387
"7901009",9,0,1,0.020559,1,-0.001869,1,115.588977745061,1,4.85661461397269,566,1,11.5229997634888,35.4059982299805,0.020558999851346,0,111.464500427246,-88.2501,26.4018,27.8152335728682,63,63,63,63,61,63,0,8045,1.29563008188212,26,-88,0.001869,51,2023-08-27 23:23:29.002501,566,1.037,0.0011,"aoml_navis",1029.52373153406
"7901009",9,0,1,0.024297,1,0.001869,1,115.030965400646,1,4.8565631649251,568,1,11.5010004043579,35.4029998779297,0.0242970008403063,0,110.926399230957,-88.2501,26.4018,27.8152335728682,63,63,63,63,61,63,0,8045,1.29563008188212,26,-88,0.001869,51,2023-08-27 23:23:29.002501,568,1.037,0.0011,"aoml_navis",1029.53463801538
"7901009",9,0,1,0.026166,1,0.003738,1,114.638457951068,1,4.85650974584317,570,1,11.4689998626709,35.3979988098145,0.0261659994721413,0,110.547897338867,-88.2501,26.4018,27.8152335728682,63,63,63,63,61,63,0,8045,1.29563008188212,26,-88,0.001869,51,2023-08-27 23:23:29.002501,570,1.037,0.0011,"aoml_navis",1029.54596236106
"7901009",9,0,1,0.026166,1,0.003738,1,114.458435083,1,4.85642819312145,572,1,11.3830003738403,35.3870010375977,0.0261659994721413,0,110.374298095703,-88.2501,26.4018,27.8152335728682,63,63,63,63,61,63,0,8045,1.29563008188212,26,-88,0.001869,51,2023-08-27 23:23:29.002501,572,1.037,0.0011,"aoml_navis",1029.56325125571
"7901009",9,0,1,0.029904,1,0.007476,1,114.352038514055,1,4.85635901081028,574,1,11.3140001296997,35.3769989013672,0.0299040004611015,0,110.271697998047,-88.2501,26.4018,27.8152335728682,63,63,63,63,61,63,0,8045,1.29563008188212,26,-88,0.001869,51,2023-08-27 23:23:29.002501,574,1.037,0.0011,"aoml_navis",1029.57791812137
"7901009",9,0,1,0.028035,1,0.005607,1,114.227286796393,1,4.85627711679838,576,1,11.2270002365112,35.3660011291504,0.0280349999666214,0,110.151397705078,-88.2501,26.4018,27.8152335728682,63,63,63,63,61,63,0,8045,1.29563008188212,26,-88,0.001869,51,2023-08-27 23:23:29.002501,576,1.037,0.0011,"aoml_navis",1029.59528044733
"7901009",9,0,1,0.026166,1,0.003738,1,114.186952939427,1,4.85621364832556,578.099975585938,1,11.1700000762939,35.3569984436035,0.0261659994721413,0,110.112503051758,-88.2501,26.4018,27.8152335728682,63,63,63,63,61,63,0,8045,1.29563008188212,26,-88,0.001869,51,2023-08-27 23:23:29.002501,578.099975585938,1.037,0.0011,"aoml_navis",1029.60873678283
"7901009",9,0,1,0.028035,1,0.005607,1,113.996241361912,1,4.85616182857078,580,1,11.1370000839233,35.3520011901855,0.0280349999666214,0,109.928596496582,-88.2501,26.4018,27.8152335728682,63,63,63,63,61,63,0,8045,1.29563008188212,26,-88,0.001869,51,2023-08-27 23:23:29.002501,580,1.037,0.0011,"aoml_navis",1029.61972366385
"7901009",9,0,1,0.024297,1,0.001869,1,113.898349872653,1,4.85610157041732,582,1,11.0930004119873,35.3460006713867,0.0242970008403063,0,109.834197998047,-88.2501,26.4018,27.8152335728682,63,63,63,63,61,63,0,8045,1.29563008188212,26,-88,0.001869,51,2023-08-27 23:23:29.002501,582,1.037,0.0011,"aoml_navis",1029.63249995826
"7901009",9,0,1,0.024297,1,0.001869,1,113.836962976575,1,4.85604412626641,584,1,11.0520000457764,35.3400001525879,0.0242970008403063,0,109.775001525879,-88.2501,26.4018,27.8152335728682,63,63,63,63,61,63,0,8045,1.29563008188212,26,-88,0.001869,51,2023-08-27 23:23:29.002501,584,1.037,0.0011,"aoml_navis",1029.64467990621
"7901009",9,0,1,0.028035,1,0.005607,1,113.741658613881,1,4.85598402120132,586,1,11.0080003738403,35.3339996337891,0.0280349999666214,0,109.683097839355,-88.2501,26.4018,27.8152335728682,63,63,63,63,61,63,0,8045,1.29563008188212,26,-88,0.001869,51,2023-08-27 23:23:29.002501,586,1.037,0.0011,"aoml_navis",1029.65742435929
"7901009",9,0,1,0.024297,1,0.001869,1,113.531769070638,1,4.85593669367806,588,1,10.9820003509521,35.3289985656738,0.0242970008403063,0,109.480697631836,-88.2501,26.4018,27.8152335728682,63,63,63,63,61,63,0,8045,1.29563008188212,26,-88,0.001869,51,2023-08-27 23:23:29.002501,588,1.037,0.0011,"aoml_navis",1029.66745973223
"7901009",9,0,1,0.028035,1,0.005607,1,113.377047825673,1,4.85585063391784,590,1,10.8850002288818,35.3170013427734,0.0280349999666214,0,109.331497192383,-88.2501,26.4018,27.8152335728682,63,63,63,63,61,63,0,8045,1.29563008188212,26,-88,0.001869,51,2023-08-27 23:23:29.002501,590,1.037,0.0011,"aoml_navis",1029.68570842671
"7901009",9,0,1,0.024297,1,0.001869,1,112.83386992257,1,4.85579635271846,592,1,10.83899974823,35.3089981079102,0.0242970008403063,0,108.80770111084,-88.2501,26.4018,27.8152335728682,63,63,63,63,61,63,0,8045,1.29563008188212,26,-88,0.001869,51,2023-08-27 23:23:29.002501,592,1.037,0.0011,"aoml_navis",1029.69721891257
"7901009",9,0,1,0.024297,1,0.001869,1,112.600126597696,1,4.85571689138773,594,1,10.7690000534058,35.3019981384277,0.0242970008403063,0,108.582298278809,-88.2501,26.4018,27.8152335728682,63,63,63,63,61,63,0,8045,1.29563008188212,26,-88,0.001869,51,2023-08-27 23:23:29.002501,594,1.037,0.0011,"aoml_navis",1029.71406938246
"7901009",9,0,1,0.028035,1,0.005607,1,112.538011825032,1,4.85565370096784,596,1,10.7209997177124,35.2960014343262,0.0280349999666214,0,108.522399902344,-88.2501,26.4018,27.8152335728682,63,63,63,63,61,63,0,8045,1.29563008188212,26,-88,0.001869,51,2023-08-27 23:23:29.002501,596,1.037,0.0011,"aoml_navis",1029.72746985713
"7901009",9,0,1,0.028035,1,0.005607,1,112.365457603683,1,4.8556083957555,598,1,10.701000213623,35.2919998168945,0.0280349999666214,0,108.356002807617,-88.2501,26.4018,27.8152335728682,63,63,63,63,61,63,0,8045,1.29563008188212,26,-88,0.001869,51,2023-08-27 23:23:29.002501,598,1.037,0.0011,"aoml_navis",1029.73707772042
"7901009",9,0,1,0.026166,1,0.003738,1,112.128288511829,1,4.85556749873377,600,1,10.6899995803833,35.2890014648438,0.0261659994721413,0,108.127296447754,-88.2501,26.4018,27.8152335728682,63,63,63,63,61,63,0,8045,1.29563008188212,26,-88,0.001869,51,2023-08-27 23:23:29.002501,600,1.037,0.0011,"aoml_navis",1029.74575089398
"7901009",9,0,1,0.024297,1,0.001869,1,112.067313024257,1,4.85548784591942,602,1,10.6070003509521,35.2789993286133,0.0242970008403063,0,108.068496704102,-88.2501,26.4018,27.8152335728682,63,63,63,63,61,63,0,8045,1.29563008188212,26,-88,0.001869,51,2023-08-27 23:23:29.002501,602,1.037,0.0011,"aoml_navis",1029.76264356259
"7901009",9,0,1,0.028035,1,0.005607,1,112.124767804424,1,4.85541669672009,604,1,10.5249996185303,35.2669982910156,0.0280349999666214,0,108.123901367188,-88.2501,26.4018,27.8152335728682,63,63,63,63,61,63,0,8045,1.29563008188212,26,-88,0.001869,51,2023-08-27 23:23:29.002501,604,1.037,0.0011,"aoml_navis",1029.77773326388
"7901009",9,0,1,0.033642,1,0.011214,1,112.122172766157,1,4.85534802849116,606,1,10.4619998931885,35.2589988708496,0.0336420014500618,0,108.121398925781,-88.2501,26.4018,27.8152335728682,63,63,63,63,61,63,0,8045,1.29563008188212,26,-88,0.001869,51,2023-08-27 23:23:29.002501,606,1.037,0.0011,"aoml_navis",1029.79229720713
"7901009",9,0,1,0.024297,1,0.001869,1,112.191653333414,1,4.85527877304323,608,1,10.3940000534058,35.25,0.0242970008403063,0,108.188400268555,-88.2501,26.4018,27.8152335728682,63,63,63,63,61,63,0,8045,1.29563008188212,26,-88,0.001869,51,2023-08-27 23:23:29.002501,608,1.037,0.0011,"aoml_navis",1029.80698611175
"7901009",9,0,1,0.026166,1,0.003738,1,112.067732344465,1,4.85523004251196,609.900024414062,1,10.3549995422363,35.2430000305176,0.0261659994721413,0,108.068901062012,-88.2501,26.4018,27.8152335728682,63,63,63,63,61,63,0,8045,1.29563008188212,26,-88,0.001869,51,2023-08-27 23:23:29.002501,609.900024414062,1.037,0.0011,"aoml_navis",1029.81732198484
"7901009",9,0,1,0.026166,1,0.003738,1,111.999185358048,1,4.85516749865358,612,1,10.3050003051758,35.2360000610352,0.0261659994721413,0,108.002799987793,-88.2501,26.4018,27.8152335728682,63,63,63,63,61,63,0,8045,1.29563008188212,26,-88,0.001869,51,2023-08-27 23:23:29.002501,612,1.037,0.0011,"aoml_navis",1029.83058800476
"7901009",9,0,1,0.028035,1,0.005607,1,111.972950154105,1,4.85509504311412,614,1,10.2370004653931,35.2280006408691,0.0280349999666214,0,107.977500915527,-88.2501,26.4018,27.8152335728682,63,63,63,63,61,63,0,8045,1.29563008188212,26,-88,0.001869,51,2023-08-27 23:23:29.002501,614,1.037,0.0011,"aoml_navis",1029.84595679366
"7901009",9,0,1,0.029904,1,0.007476,1,112.049480047874,1,4.8550297736882,616,1,10.1770000457764,35.2200012207031,0.0299040004611015,0,108.051300048828,-88.2501,26.4018,27.8152335728682,63,63,63,63,61,63,0,8045,1.29563008188212,26,-88,0.001869,51,2023-08-27 23:23:29.002501,616,1.037,0.0011,"aoml_navis",1029.85980170451
"7901009",9,0,1,0.028035,1,0.005607,1,112.470089863075,1,4.85497738095024,618,1,10.1400003433228,35.2140007019043,0.0280349999666214,0,108.456901550293,-88.2501,26.4018,27.8152335728682,63,63,63,63,61,63,0,8045,1.29563008188212,26,-88,0.001869,51,2023-08-27 23:23:29.002501,618,1.037,0.0011,"aoml_navis",1029.87091548949
"7901009",9,0,1,0.029904,1,0.007476,1,112.503690861611,1,4.85491670630128,620,1,10.085000038147,35.2060012817383,0.0299040004611015,0,108.489303588867,-88.2501,26.4018,27.8152335728682,63,63,63,63,61,63,0,8045,1.29563008188212,26,-88,0.001869,51,2023-08-27 23:23:29.002501,620,1.037,0.0011,"aoml_navis",1029.88378637071
"7901009",9,0,1,0.024297,1,0.001869,1,112.456086150476,1,4.85484922772774,622,1,10.0220003128052,35.1980018615723,0.0242970008403063,0,108.443397521973,-88.2501,26.4018,27.8152335728682,63,63,63,63,61,63,0,8045,1.29563008188212,26,-88,0.001869,51,2023-08-27 23:23:29.002501,622,1.037,0.0011,"aoml_navis",1029.89810094271
"7901009",9,0,1,0.028035,1,0.005607,1,112.498500785077,1,4.85478214064863,624,1,9.95499992370605,35.1889991760254,0.0280349999666214,0,108.484298706055,-88.2501,26.4018,27.8152335728682,63,63,63,63,61,63,0,8045,1.29563008188212,26,-88,0.001869,51,2023-08-27 23:23:29.002501,624,1.037,0.0011,"aoml_navis",1029.91233285949
"7901009",9,0,1,0.028035,1,0.005607,1,112.53096249852,1,4.85471910553912,626,1,9.90100002288818,35.181999206543,0.0280349999666214,0,108.515602111816,-88.2501,26.4018,27.8152335728682,63,63,63,63,61,63,0,8045,1.29563008188212,26,-88,0.001869,51,2023-08-27 23:23:29.002501,626,1.037,0.0011,"aoml_navis",1029.925705546
"7901009",9,0,1,0.029904,1,0.007476,1,112.604169477435,1,4.85464846793674,628,1,9.83800029754639,35.1749992370605,0.0299040004611015,0,108.586196899414,-88.2501,26.4018,27.8152335728682,63,63,63,63,61,63,0,8045,1.29563008188212,26,-88,0.001869,51,2023-08-27 23:23:29.002501,628,1.037,0.0011,"aoml_navis",1029.94069148843
"7901009",9,0,1,0.026166,1,0.003738,1,112.643886221642,1,4.85459317329773,630,1,9.79699993133545,35.1689987182617,0.0261659994721413,0,108.624496459961,-88.2501,26.4018,27.8152335728682,63,63,63,63,61,63,0,8045,1.29563008188212,26,-88,0.001869,51,2023-08-27 23:23:29.002501,630,1.037,0.0011,"aoml_navis",1029.95242268746
"7901009",9,0,1,0.026166,1,0.003738,1,112.54516400367,1,4.85454025719706,632,1,9.76299953460693,35.1640014648438,0.0261659994721413,0,108.529296875,-88.2501,26.4018,27.8152335728682,63,63,63,63,61,63,0,8045,1.29563008188212,26,-88,0.001869,51,2023-08-27 23:23:29.002501,632,1.037,0.0011,"aoml_navis",1029.96364951085
"7901009",9,0,1,0.028035,1,0.005607,1,112.467391972682,1,4.85447997059848,634,1,9.71599960327148,35.1580009460449,0.0280349999666214,0,108.454299926758,-88.2501,26.4018,27.8152335728682,63,63,63,63,61,63,0,8045,1.29563008188212,26,-88,0.001869,51,2023-08-27 23:23:29.002501,634,1.037,0.0011,"aoml_navis",1029.97644037732
"7901009",9,0,1,0.028035,1,0.005607,1,112.453285407956,1,4.85441127002409,636,1,9.65900039672852,35.1520004272461,0.0280349999666214,0,108.440696716309,-88.2501,26.4018,27.8152335728682,63,63,63,63,61,63,0,8045,1.29563008188212,26,-88,0.001869,51,2023-08-27 23:23:29.002501,636,1.037,0.0011,"aoml_navis",1029.99101680464
"7901009",9,0,1,0.026166,1,0.003738,1,112.45038181331,1,4.85435797906902,638,1,9.61999988555908,35.1459999084473,0.0261659994721413,0,108.437896728516,-88.2501,26.4018,27.8152335728682,63,63,63,63,61,63,0,8045,1.29563008188212,26,-88,0.001869,51,2023-08-27 23:23:29.002501,638,1.037,0.0011,"aoml_navis",1030.00232400638
"7901009",9,0,1,0.028035,1,0.005607,1,112.542679729231,1,4.85429966955649,640,1,9.57499980926514,35.1399993896484,0.0280349999666214,0,108.526901245117,-88.2501,26.4018,27.8152335728682,63,63,63,63,61,63,0,8045,1.29563008188212,26,-88,0.001869,51,2023-08-27 23:23:29.002501,640,1.037,0.0011,"aoml_navis",1030.01469632319
"7901009",9,0,1,0.028035,1,0.005607,1,112.6740693649,1,4.85423917472175,642,1,9.53600025177002,35.1360015869141,0.0280349999666214,0,108.653602600098,-88.2501,26.4018,27.8152335728682,63,63,63,63,61,63,0,8045,1.29563008188212,26,-88,0.001869,51,2023-08-27 23:23:29.002501,642,1.037,0.0011,"aoml_navis",1030.02753264349
"7901009",9,0,1,0.028035,1,0.005607,1,112.791043879463,1,4.85418550489837,644,1,9.50500011444092,35.1319999694824,0.0280349999666214,0,108.766403198242,-88.2501,26.4018,27.8152335728682,63,63,63,63,61,63,0,8045,1.29563008188212,26,-88,0.001869,51,2023-08-27 23:23:29.002501,644,1.037,0.0011,"aoml_navis",1030.03892104133
"7901009",9,0,1,0.029904,1,0.007476,1,112.759310042608,1,4.85413886203045,646,1,9.49100017547607,35.1300010681152,0.0299040004611015,0,108.735801696777,-88.2501,26.4018,27.8152335728682,63,63,63,63,61,63,0,8045,1.29563008188212,26,-88,0.001869,51,2023-08-27 23:23:29.002501,646,1.037,0.0011,"aoml_navis",1030.04881856811
"7901009",9,0,1,0.028035,1,0.005607,1,112.687653757291,1,4.85408747754896,648,1,9.46700000762939,35.1269989013672,0.0280349999666214,0,108.666702270508,-88.2501,26.4018,27.8152335728682,63,63,63,63,61,63,0,8045,1.29563008188212,26,-88,0.001869,51,2023-08-27 23:23:29.002501,648,1.037,0.0011,"aoml_navis",1030.05972247635
"7901009",9,0,1,0.026166,1,0.003738,1,112.59504728499,1,4.85402883119332,650,1,9.43000030517578,35.1230010986328,0.0261659994721413,0,108.57740020752,-88.2501,26.4018,27.8152335728682,63,63,63,63,61,63,0,8045,1.29563008188212,26,-88,0.001869,51,2023-08-27 23:23:29.002501,650,1.037,0.0011,"aoml_navis",1030.07216765352
"7901009",9,0,1,0.026166,1,0.003738,1,112.654464167261,1,4.85397246496559,652,1,9.39999961853027,35.1199989318848,0.0261659994721413,0,108.634696960449,-88.2501,26.4018,27.8152335728682,63,63,63,63,61,63,0,8045,1.29563008188212,26,-88,0.001869,51,2023-08-27 23:23:29.002501,652,1.037,0.0011,"aoml_navis",1030.08412925462
"7901009",9,0,1,0.026166,1,0.003738,1,112.675414354246,1,4.85392565402533,654,1,9.3769998550415,35.1160011291504,0.0261659994721413,0,108.654899597168,-88.2501,26.4018,27.8152335728682,63,63,63,63,61,63,0,8045,1.29563008188212,26,-88,0.001869,51,2023-08-27 23:23:29.002501,654,1.037,0.0011,"aoml_navis",1030.09406331832
"7901009",9,0,1,0.028035,1,0.005607,1,112.683816581805,1,4.85387186299833,656,1,9.35000038146973,35.1129989624023,0.0280349999666214,0,108.66300201416,-88.2501,26.4018,27.8152335728682,63,63,63,63,61,63,0,8045,1.29563008188212,26,-88,0.001869,51,2023-08-27 23:23:29.002501,656,1.037,0.0011,"aoml_navis",1030.10547890966
"7901009",9,0,1,0.026166,1,0.003738,1,112.704972473042,1,4.85381705333051,658,1,9.3129997253418,35.1080017089844,0.0261659994721413,0,108.683403015137,-88.2501,26.4018,27.8152335728682,63,63,63,63,61,63,0,8045,1.29563008188212,26,-88,0.001869,51,2023-08-27 23:23:29.002501,658,1.037,0.0011,"aoml_navis",1030.11711093833
"7901009",9,0,1,0.029904,1,0.007476,1,112.671062918127,1,4.85375847338545,660,1,9.26700019836426,35.1020011901855,0.0299040004611015,0,108.650703430176,-88.2501,26.4018,27.8152335728682,63,63,63,63,61,63,0,8045,1.29563008188212,26,-88,0.001869,51,2023-08-27 23:23:29.002501,660,1.037,0.0011,"aoml_navis",1030.12954340774
"7901009",9,0,1,0.026166,1,0.003738,1,112.631235410091,1,4.85368800222745,662,1,9.21100044250488,35.0970001220703,0.0261659994721413,0,108.612297058105,-88.2501,26.4018,27.8152335728682,63,63,63,63,61,63,0,8045,1.29563008188212,26,-88,0.001869,51,2023-08-27 23:23:29.002501,662,1.037,0.0011,"aoml_navis",1030.14449995661
"7901009",9,0,1,0.026166,1,0.003738,1,112.669915721332,1,4.85363507990372,664,1,9.17599964141846,35.0919990539551,0.0261659994721413,0,108.649597167969,-88.2501,26.4018,27.8152335728682,63,63,63,63,61,63,0,8045,1.29563008188212,26,-88,0.001869,51,2023-08-27 23:23:29.002501,664,1.037,0.0011,"aoml_navis",1030.15573228863
"7901009",9,0,1,0.026166,1,0.003738,1,112.631235410091,1,4.85357770098733,666,1,9.14000034332275,35.0880012512207,0.0261659994721413,0,108.612297058105,-88.2501,26.4018,27.8152335728682,63,63,63,63,61,63,0,8045,1.29563008188212,26,-88,0.001869,51,2023-08-27 23:23:29.002501,666,1.037,0.0011,"aoml_navis",1030.16791077289
"7901009",9,0,1,0.029904,1,0.007476,1,112.635286201532,1,4.85352110762642,668,1,9.0959997177124,35.0820007324219,0.0299040004611015,0,108.616203308105,-88.2501,26.4018,27.8152335728682,63,63,63,63,61,63,0,8045,1.29563008188212,26,-88,0.001869,51,2023-08-27 23:23:29.002501,668,1.037,0.0011,"aoml_navis",1030.17992280767
"7901009",9,0,1,0.029904,1,0.007476,1,112.739601992842,1,4.85345845762582,670,1,9.04899978637695,35.0769996643066,0.0299040004611015,0,108.716796875,-88.2501,26.4018,27.8152335728682,63,63,63,63,61,63,0,8045,1.29563008188212,26,-88,0.001869,51,2023-08-27 23:23:29.002501,670,1.037,0.0011,"aoml_navis",1030.19322070099
"7901009",9,0,1,0.028035,1,0.005607,1,112.627398234605,1,4.85339090844738,672,1,8.98700046539307,35.0699996948242,0.0280349999666214,0,108.608596801758,-88.2501,26.4018,27.8152335728682,63,63,63,63,61,63,0,8045,1.29563008188212,26,-88,0.001869,51,2023-08-27 23:23:29.002501,672,1.037,0.0011,"aoml_navis",1030.20755886311
"7901009",9,0,1,0.028035,1,0.005607,1,111.620990177448,1,4.85333096383039,674,1,8.95199966430664,35.0670013427734,0.0280349999666214,0,107.63809967041,-88.2501,26.4018,27.8152335728682,63,63,63,63,61,63,0,8045,1.29563008188212,26,-88,0.001869,51,2023-08-27 23:23:29.002501,674,1.037,0.0011,"aoml_navis",1030.22028319574
"7901009",9,0,1,0.026166,1,0.003738,1,110.714443623356,1,4.85326462577362,676,1,8.93599987030029,35.0699996948242,0.0261659994721413,0,106.763900756836,-88.2501,26.4018,27.8152335728682,63,63,63,63,61,63,0,8045,1.29563008188212,26,-88,0.001869,51,2023-08-27 23:23:29.002501,676,1.037,0.0011,"aoml_navis",1030.23436501837
"7901009",9,0,1,0.026166,1,0.003738,1,109.998181414869,1,4.85321916811769,678,1,8.94099998474121,35.0719985961914,0.0261659994721413,0,106.073196411133,-88.2501,26.4018,27.8152335728682,63,63,63,63,61,63,0,8045,1.29563008188212,26,-88,0.001869,51,2023-08-27 23:23:29.002501,678,1.037,0.0011,"aoml_navis",1030.244014704
"7901009",9,0,1,0.033642,1,0.011214,1,109.492022365581,1,4.85316839584445,680,1,8.94400024414062,35.0750007629395,0.0336420014500618,0,105.585098266602,-88.2501,26.4018,27.8152335728682,63,63,63,63,61,63,0,8045,1.29563008188212,26,-88,0.001869,51,2023-08-27 23:23:29.002501,680,1.037,0.0011,"aoml_navis",1030.25479278264
"7901009",9,0,1,0.028035,1,0.005607,1,109.601844701506,1,4.85311670197032,682,1,8.91899967193604,35.0719985961914,0.0280349999666214,0,105.69100189209,-88.2501,26.4018,27.8152335728682,63,63,63,63,61,63,0,8045,1.29563008188212,26,-88,0.001869,51,2023-08-27 23:23:29.002501,682,1.037,0.0011,"aoml_navis",1030.26576673296
"7901009",9,0,1,0.031773,1,0.009345,1,109.21451941676,1,4.85304578902511,684,1,8.84799957275391,35.0639991760254,0.0317730009555817,0,105.317497253418,-88.2501,26.4018,27.8152335728682,63,63,63,63,61,63,0,8045,1.29563008188212,26,-88,0.001869,51,2023-08-27 23:23:29.002501,684,1.037,0.0011,"aoml_navis",1030.28082102733
"7901009",9,0,1,0.024297,1,0.001869,1,108.419662360273,1,4.85297827248676,686,1,8.82600021362305,35.0660018920898,0.0242970008403063,0,104.551002502441,-88.2501,26.4018,27.8152335728682,63,63,63,63,61,63,0,8045,1.29563008188212,26,-88,0.001869,51,2023-08-27 23:23:29.002501,686,1.037,0.0011,"aoml_navis",1030.29515469846
"7901009",9,0,1,0.031773,1,0.009345,1,108.323946589073,1,4.85291730773682,688,1,8.80300045013428,35.0660018920898,0.0317730009555817,0,104.458702087402,-88.2501,26.4018,27.8152335728682,63,63,63,63,61,63,0,8045,1.29563008188212,26,-88,0.001869,51,2023-08-27 23:23:29.002501,688,1.037,0.0011,"aoml_navis",1030.3080977763
"7901009",9,0,1,0.028035,1,0.005607,1,108.5045865699,1,4.85286900428245,690,1,8.7819995880127,35.0629997253418,0.0280349999666214,0,104.63289642334,-88.2501,26.4018,27.8152335728682,63,63,63,63,61,63,0,8045,1.29563008188212,26,-88,0.001869,51,2023-08-27 23:23:29.002501,690,1.037,0.0011,"aoml_navis",1030.3183530377
"7901009",9,0,1,0.029904,1,0.007476,1,108.857899447605,1,4.85281905690397,692,1,8.76799964904785,35.0620002746582,0.0299040004611015,0,104.973602294922,-88.2501,26.4018,27.8152335728682,63,63,63,63,61,63,0,8045,1.29563008188212,26,-88,0.001869,51,2023-08-27 23:23:29.002501,692,1.037,0.0011,"aoml_navis",1030.32895753379
"7901009",9,0,1,0.029904,1,0.007476,1,109.310029483707,1,4.85276918903414,694,1,8.73600006103516,35.056999206543,0.0299040004611015,0,105.409599304199,-88.2501,26.4018,27.8152335728682,63,63,63,63,61,63,0,8045,1.29563008188212,26,-88,0.001869,51,2023-08-27 23:23:29.002501,694,1.037,0.0011,"aoml_navis",1030.33954536691
"7901009",9,0,1,0.026166,1,0.003738,1,109.444425566148,1,4.85271973060437,696,1,8.70899963378906,35.0530014038086,0.0261659994721413,0,105.539199829102,-88.2501,26.4018,27.8152335728682,63,63,63,63,61,63,0,8045,1.29563008188212,26,-88,0.001869,51,2023-08-27 23:23:29.002501,696,1.037,0.0011,"aoml_navis",1030.35004648358
"7901009",9,0,1,0.029904,1,0.007476,1,109.47626225513,1,4.85266465349671,698,1,8.67500019073486,35.048999786377,0.0299040004611015,0,105.569900512695,-88.2501,26.4018,27.8152335728682,63,63,63,63,61,63,0,8045,1.29563008188212,26,-88,0.001869,51,2023-08-27 23:23:29.002501,698,1.037,0.0011,"aoml_navis",1030.36174082153
"7901009",9,0,1,0.033642,1,0.011214,1,109.539207756508,1,4.85259590623234,700,1,8.62399959564209,35.0449981689453,0.0336420014500618,0,105.630599975586,-88.2501,26.4018,27.8152335728682,63,63,63,63,61,63,0,8045,1.29563008188212,26,-88,0.001869,51,2023-08-27 23:23:29.002501,700,1.037,0.0011,"aoml_navis",1030.37633807059
"7901009",9,0,1,0.029904,1,0.007476,1,109.829258664754,1,4.85254093411532,702,1,8.59000015258789,35.0410003662109,0.0299040004611015,0,105.910301208496,-88.2501,26.4018,27.8152335728682,63,63,63,63,61,63,0,8045,1.29563008188212,26,-88,0.001869,51,2023-08-27 23:23:29.002501,702,1.037,0.0011,"aoml_navis",1030.38801071166
"7901009",9,0,1,0.028035,1,0.005607,1,110.151454818362,1,4.85247042108387,704,1,8.5319995880127,35.0359992980957,0.0280349999666214,0,106.221000671387,-88.2501,26.4018,27.8152335728682,63,63,63,63,61,63,0,8045,1.29563008188212,26,-88,0.001869,51,2023-08-27 23:23:29.002501,704,1.037,0.0011,"aoml_navis",1030.40298365862
"7901009",9,0,1,0.029904,1,0.007476,1,110.3908945687,1,4.85241958361493,706,1,8.50300025939941,35.0320014953613,0.0299040004611015,0,106.45189666748,-88.2501,26.4018,27.8152335728682,63,63,63,63,61,63,0,8045,1.29563008188212,26,-88,0.001869,51,2023-08-27 23:23:29.002501,706,1.037,0.0011,"aoml_navis",1030.41377890803
"7901009",9,0,1,0.028035,1,0.005607,1,110.658341744237,1,4.85236112485155,708,1,8.4689998626709,35.0289993286133,0.0280349999666214,0,106.709800720215,-88.2501,26.4018,27.8152335728682,63,63,63,63,61,63,0,8045,1.29563008188212,26,-88,0.001869,51,2023-08-27 23:23:29.002501,708,1.037,0.0011,"aoml_navis",1030.42619280587
"7901009",9,0,1,0.029904,1,0.007476,1,110.935638988805,1,4.85230446664132,710,1,8.42800045013428,35.023998260498,0.0299040004611015,0,106.977203369141,-88.2501,26.4018,27.8152335728682,63,63,63,63,61,63,0,8045,1.29563008188212,26,-88,0.001869,51,2023-08-27 23:23:29.002501,710,1.037,0.0011,"aoml_navis",1030.43822463616
"7901009",9,0,1,0.031773,1,0.009345,1,111.161082938247,1,4.8522418065902,712,1,8.38399982452393,35.0200004577637,0.0317730009555817,0,107.194602966309,-88.2501,26.4018,27.8152335728682,63,63,63,63,61,63,0,8045,1.29563008188212,26,-88,0.001869,51,2023-08-27 23:23:29.002501,712,1.037,0.0011,"aoml_navis",1030.45153133323
"7901009",9,0,1,0.026166,1,0.003738,1,111.412034215044,1,4.85219572728409,714,1,8.36999988555908,35.0180015563965,0.0261659994721413,0,107.436599731445,-88.2501,26.4018,27.8152335728682,63,63,63,63,61,63,0,8045,1.29563008188212,26,-88,0.001869,51,2023-08-27 23:23:29.002501,714,1.037,0.0011,"aoml_navis",1030.46131710739
"7901009",9,0,1,0.029904,1,0.007476,1,111.785252935065,1,4.85214221592281,716,1,8.34200000762939,35.0149993896484,0.0299040004611015,0,107.796501159668,-88.2501,26.4018,27.8152335728682,63,63,63,63,61,63,0,8045,1.29563008188212,26,-88,0.001869,51,2023-08-27 23:23:29.002501,716,1.037,0.0011,"aoml_navis",1030.47268144614
"7901009",9,0,1,0.026166,1,0.003738,1,112.209383457671,1,4.85208101802763,718,1,8.29500007629395,35.0099983215332,0.0261659994721413,0,108.205497741699,-88.2501,26.4018,27.8152335728682,63,63,63,63,61,63,0,8045,1.29563008188212,26,-88,0.001869,51,2023-08-27 23:23:29.002501,718,1.037,0.0011,"aoml_navis",1030.48567850017
"7901009",9,0,1,0.028035,1,0.005607,1,112.615681003893,1,4.85202808402363,720,1,8.26299953460693,35.0060005187988,0.0280349999666214,0,108.597297668457,-88.2501,26.4018,27.8152335728682,63,63,63,63,61,63,0,8045,1.29563008188212,26,-88,0.001869,51,2023-08-27 23:23:29.002501,720,1.037,0.0011,"aoml_navis",1030.49692075435
"7901009",9,0,1,0.029904,1,0.007476,1,112.977182493203,1,4.85196889331151,722,1,8.22299957275391,35.0019989013672,0.0299040004611015,0,108.945899963379,-88.2501,26.4018,27.8152335728682,63,63,63,63,61,63,0,8045,1.29563008188212,26,-88,0.001869,51,2023-08-27 23:23:29.002501,722,1.037,0.0011,"aoml_navis",1030.50949211413
"7901009",9,0,1,0.031773,1,0.009345,1,113.330590311332,1,4.85191054282324,724,1,8.18400001525879,34.9980010986328,0.0317730009555817,0,109.286697387695,-88.2501,26.4018,27.8152335728682,63,63,63,63,61,63,0,8045,1.29563008188212,26,-88,0.001869,51,2023-08-27 23:23:29.002501,724,1.037,0.0011,"aoml_navis",1030.5218853212
"7901009",9,0,1,0.029904,1,0.007476,1,113.628418422677,1,4.8518627440826,726,1,8.16300010681152,34.9949989318848,0.0299040004611015,0,109.57389831543,-88.2501,26.4018,27.8152335728682,63,63,63,63,61,63,0,8045,1.29563008188212,26,-88,0.001869,51,2023-08-27 23:23:29.002501,726,1.037,0.0011,"aoml_navis",1030.53203763814
"7901009",9,0,1,0.026166,1,0.003738,1,113.968558316497,1,4.85180370407741,728,1,8.1230001449585,34.9910011291504,0.0261659994721413,0,109.901901245117,-88.2501,26.4018,27.8152335728682,63,63,63,63,61,63,0,8045,1.29563008188212,26,-88,0.001869,51,2023-08-27 23:23:29.002501,728,1.037,0.0011,"aoml_navis",1030.54457784392
"7901009",9,0,1,0.029904,1,0.007476,1,114.214952452923,1,4.85174993239007,730,1,8.09899997711182,34.9889984130859,0.0299040004611015,0,110.139503479004,-88.2501,26.4018,27.8152335728682,63,63,63,63,61,63,0,8045,1.29563008188212,26,-88,0.001869,51,2023-08-27 23:23:29.002501,730,1.037,0.0011,"aoml_navis",1030.55599931485
"7901009",9,0,1,0.028035,1,0.005607,1,114.553533741442,1,4.85169279924444,732,1,8.06599998474121,34.9860000610352,0.0280349999666214,0,110.466003417969,-88.2501,26.4018,27.8152335728682,63,63,63,63,61,63,0,8045,1.29563008188212,26,-88,0.001869,51,2023-08-27 23:23:29.002501,732,1.037,0.0011,"aoml_navis",1030.56813505972
"7901009",9,0,1,0.028035,1,0.005607,1,114.786232721648,1,4.85164351961557,734,1,8.04300022125244,34.9830017089844,0.0280349999666214,0,110.690399169922,-88.2501,26.4018,27.8152335728682,63,63,63,63,61,63,0,8045,1.29563008188212,26,-88,0.001869,51,2023-08-27 23:23:29.002501,734,1.037,0.0011,"aoml_navis",1030.57860285584
"7901009",9,0,1,0.028035,1,0.005607,1,114.985132910767,1,4.85159528432339,736,1,8.02600002288818,34.9809989929199,0.0280349999666214,0,110.882202148438,-88.2501,26.4018,27.8152335728682,63,63,63,63,61,63,0,8045,1.29563008188212,26,-88,0.001869,51,2023-08-27 23:23:29.002501,736,1.037,0.0011,"aoml_navis",1030.58884902377
"7901009",9,0,1,0.031773,1,0.009345,1,115.041337642012,1,4.85154727373174,738,1,8.01399993896484,34.9799995422363,0.0317730009555817,0,110.936401367188,-88.2501,26.4018,27.8152335728682,63,63,63,63,61,63,0,8045,1.29563008188212,26,-88,0.001869,51,2023-08-27 23:23:29.002501,738,1.037,0.0011,"aoml_navis",1030.59904766301
"7901009",9,0,1,0.029904,1,0.007476,1,115.015616698702,1,4.85149904236211,740,1,7.99700021743774,34.9780006408691,0.0299040004611015,0,110.911598205566,-88.2501,26.4018,27.8152335728682,63,63,63,63,61,63,0,8045,1.29563008188212,26,-88,0.001869,51,2023-08-27 23:23:29.002501,740,1.037,0.0011,"aoml_navis",1030.60929340421
"7901009",9,0,1,0.026166,1,0.003738,1,114.900097937312,1,4.85144481323778,742,1,7.97700023651123,34.9770011901855,0.0261659994721413,0,110.800201416016,-88.2501,26.4018,27.8152335728682,63,63,63,63,61,63,0,8045,1.29563008188212,26,-88,0.001869,51,2023-08-27 23:23:29.002501,742,1.037,0.0011,"aoml_navis",1030.62081348568
"7901009",9,0,1,0.035511,1,0.013083,1,114.947900440998,1,4.85139237325097,744,1,7.96400022506714,34.9770011901855,0.0355109982192516,0,110.846298217773,-88.2501,26.4018,27.8152335728682,63,63,63,63,61,63,0,8045,1.29563008188212,26,-88,0.001869,51,2023-08-27 23:23:29.002501,744,1.037,0.0011,"aoml_navis",1030.63195373938
"7901009",9,0,1,0.024297,1,0.001869,1,115.038014727158,1,4.85134050021573,746,1,7.94700002670288,34.976001739502,0.0242970008403063,0,110.933197021484,-88.2501,26.4018,27.8152335728682,63,63,63,63,61,63,0,8045,1.29563008188212,26,-88,0.001869,51,2023-08-27 23:23:29.002501,746,1.037,0.0011,"aoml_navis",1030.6429737879
"7901009",9,0,1,0.028035,1,0.005607,1,115.298721132562,1,4.85128321427333,748,1,7.9229998588562,34.9749984741211,0.0280349999666214,0,111.184600830078,-88.2501,26.4018,27.8152335728682,63,63,63,63,61,63,0,8045,1.29563008188212,26,-88,0.001869,51,2023-08-27 23:23:29.002501,748,1.037,0.0011,"aoml_navis",1030.65514404294
"7901009",9,0,1,0.028035,1,0.005607,1,115.556413179492,1,4.85123193533072,750,1,7.90199995040894,34.9729995727539,0.0280349999666214,0,111.433097839355,-88.2501,26.4018,27.8152335728682,63,63,63,63,61,63,0,8045,1.29563008188212,26,-88,0.001869,51,2023-08-27 23:23:29.002501,750,1.037,0.0011,"aoml_navis",1030.66603836972
"7901009",9,0,1,0.031773,1,0.009345,1,115.860570652464,1,4.85117989802282,752,1,7.88000011444092,34.9710006713867,0.0317730009555817,0,111.726402282715,-88.2501,26.4018,27.8152335728682,63,63,63,63,61,63,0,8045,1.29563008188212,26,-88,0.001869,51,2023-08-27 23:23:29.002501,752,1.037,0.0011,"aoml_navis",1030.67709404836
"7901009",9,0,1,0.026166,1,0.003738,1,116.157148714887,1,4.85113543513691,754,1,7.86299991607666,34.9679985046387,0.0261659994721413,0,112.012397766113,-88.2501,26.4018,27.8152335728682,63,63,63,63,61,63,0,8045,1.29563008188212,26,-88,0.001869,51,2023-08-27 23:23:29.002501,754,1.037,0.0011,"aoml_navis",1030.68654067764
"7901009",9,0,1,0.033642,1,0.011214,1,116.403542851313,1,4.85108884397754,756,1,7.84800004959106,34.9659996032715,0.0336420014500618,0,112.25,-88.2501,26.4018,27.8152335728682,63,63,63,63,61,63,0,8045,1.29563008188212,26,-88,0.001869,51,2023-08-27 23:23:29.002501,756,1.037,0.0011,"aoml_navis",1030.69643966783
"7901009",9,0,1,0.028035,1,0.005607,1,116.760067880044,1,4.85103607757458,758,1,7.82499980926514,34.9640007019043,0.0280349999666214,0,112.593803405762,-88.2501,26.4018,27.8152335728682,63,63,63,63,61,63,0,8045,1.29563008188212,26,-88,0.001869,51,2023-08-27 23:23:29.002501,758,1.037,0.0011,"aoml_navis",1030.70765091071
"7901009",9,0,1,0.031773,1,0.009345,1,117.008424118574,1,4.85097621857689,760,1,7.78800010681152,34.9609985351562,0.0317730009555817,0,112.833297729492,-88.2501,26.4018,27.8152335728682,63,63,63,63,61,63,0,8045,1.29563008188212,26,-88,0.001869,51,2023-08-27 23:23:29.002501,760,1.037,0.0011,"aoml_navis",1030.72036940779
"7901009",9,0,1,0.026166,1,0.003738,1,117.187204849422,1,4.85093216120219,762,1,7.7810001373291,34.9599990844727,0.0261659994721413,0,113.005699157715,-88.2501,26.4018,27.8152335728682,63,63,63,63,61,63,0,8045,1.29563008188212,26,-88,0.001869,51,2023-08-27 23:23:29.002501,762,1.037,0.0011,"aoml_navis",1030.72973066704
"7901009",9,0,1,0.029904,1,0.007476,1,117.365154851557,1,4.85089100742588,764,1,7.77299976348877,34.9580001831055,0.0299040004611015,0,113.177299499512,-88.2501,26.4018,27.8152335728682,63,63,63,63,61,63,0,8045,1.29563008188212,26,-88,0.001869,51,2023-08-27 23:23:29.002501,764,1.037,0.0011,"aoml_navis",1030.73847512671
"7901009",9,0,1,0.029904,1,0.007476,1,117.703530435823,1,4.85083001550847,766,1,7.74399995803833,34.9570007324219,0.0299040004611015,0,113.503601074219,-88.2501,26.4018,27.8152335728682,63,63,63,63,61,63,0,8045,1.29563008188212,26,-88,0.001869,51,2023-08-27 23:23:29.002501,766,1.037,0.0011,"aoml_navis",1030.75143511824
"7901009",9,0,1,0.029904,1,0.007476,1,117.843528003304,1,4.85076950377559,768,1,7.70599985122681,34.9539985656738,0.0299040004611015,0,113.638603210449,-88.2501,26.4018,27.8152335728682,63,63,63,63,61,63,0,8045,1.29563008188212,26,-88,0.001869,51,2023-08-27 23:23:29.002501,768,1.037,0.0011,"aoml_navis",1030.76429339886
"7901009",9,0,1,0.031773,1,0.009345,1,117.900452699434,1,4.85072563009489,770,1,7.7039999961853,34.9539985656738,0.0317730009555817,0,113.693496704102,-88.2501,26.4018,27.8152335728682,63,63,63,63,61,63,0,8045,1.29563008188212,26,-88,0.001869,51,2023-08-27 23:23:29.002501,770,1.037,0.0011,"aoml_navis",1030.77361642122
"7901009",9,0,1,0.028035,1,0.005607,1,117.939552330883,1,4.85068449688274,772,1,7.69600009918213,34.9519996643066,0.0280349999666214,0,113.731201171875,-88.2501,26.4018,27.8152335728682,63,63,63,63,61,63,0,8045,1.29563008188212,26,-88,0.001869,51,2023-08-27 23:23:29.002501,772,1.037,0.0011,"aoml_navis",1030.7823572556
"7901009",9,0,1,0.035511,1,0.013083,1,117.848187995802,1,4.85062113173503,774,1,7.65899991989136,34.9500007629395,0.0355109982192516,0,113.643096923828,-88.2501,26.4018,27.8152335728682,63,63,63,63,61,63,0,8045,1.29563008188212,26,-88,0.001869,51,2023-08-27 23:23:29.002501,774,1.037,0.0011,"aoml_navis",1030.79582268087
"7901009",9,0,1,0.029904,1,0.007476,1,117.458489200445,1,4.85056363223702,776,1,7.64400005340576,34.951000213623,0.0299040004611015,0,113.267303466797,-88.2501,26.4018,27.8152335728682,63,63,63,63,61,63,0,8045,1.29563008188212,26,-88,0.001869,51,2023-08-27 23:23:29.002501,776,1.037,0.0011,"aoml_navis",1030.80804192936
"7901009",9,0,1,0.028035,1,0.005607,1,117.475594300241,1,4.85051165028571,778,1,7.64099979400635,34.9529991149902,0.0280349999666214,0,113.283798217773,-88.2501,26.4018,27.8152335728682,63,63,63,63,61,63,0,8045,1.29563008188212,26,-88,0.001869,51,2023-08-27 23:23:29.002501,778,1.037,0.0011,"aoml_navis",1030.81908889044
"7901009",9,0,1,0.029904,1,0.007476,1,117.371167745103,1,4.85045783295494,780,1,7.62599992752075,34.9529991149902,0.0299040004611015,0,113.183097839355,-88.2501,26.4018,27.8152335728682,63,63,63,63,61,63,0,8045,1.29563008188212,26,-88,0.001869,51,2023-08-27 23:23:29.002501,780,1.037,0.0011,"aoml_navis",1030.83052614725
"7901009",9,0,1,0.028035,1,0.005607,1,117.507739545603,1,4.85040646783402,782,1,7.61899995803833,34.9539985656738,0.0280349999666214,0,113.314796447754,-88.2501,26.4018,27.8152335728682,63,63,63,63,61,63,0,8045,1.29563008188212,26,-88,0.001869,51,2023-08-27 23:23:29.002501,782,1.037,0.0011,"aoml_navis",1030.84144249725
"7901009",9,0,1,0.031773,1,0.009345,1,117.779854625339,1,4.85034167862874,784,1,7.57999992370605,34.9519996643066,0.0317730009555817,0,113.577201843262,-88.2501,26.4018,27.8152335728682,63,63,63,63,61,63,0,8045,1.29563008188212,26,-88,0.001869,51,2023-08-27 23:23:29.002501,784,1.037,0.0011,"aoml_navis",1030.85521212468
"7901009",9,0,1,0.031773,1,0.009345,1,117.964228929525,1,4.85029385444958,786,1,7.56799983978271,34.951000213623,0.0317730009555817,0,113.754997253418,-88.2501,26.4018,27.8152335728682,63,63,63,63,61,63,0,8045,1.29563008188212,26,-88,0.001869,51,2023-08-27 23:23:29.002501,786,1.037,0.0011,"aoml_navis",1030.86537641695
"7901009",9,0,1,0.028035,1,0.005607,1,118.334029794268,1,4.85024374882723,788,1,7.55299997329712,34.9500007629395,0.0280349999666214,0,114.111602783203,-88.2501,26.4018,27.8152335728682,63,63,63,63,61,63,0,8045,1.29563008188212,26,-88,0.001869,51,2023-08-27 23:23:29.002501,788,1.037,0.0011,"aoml_navis",1030.87602580983
"7901009",9,0,1,0.029904,1,0.007476,1,118.829302341558,1,4.85019199414933,790,1,7.5310001373291,34.9480018615723,0.0299040004611015,0,114.589202880859,-88.2501,26.4018,27.8152335728682,63,63,63,63,61,63,0,8045,1.29563008188212,26,-88,0.001869,51,2023-08-27 23:23:29.002501,790,1.037,0.0011,"aoml_navis",1030.88702592214
"7901009",9,0,1,0.026166,1,0.003738,1,119.190075954281,1,4.85014077660433,792,1,7.5,34.9440002441406,0.0261659994721413,0,114.937103271484,-88.2501,26.4018,27.8152335728682,63,63,63,63,61,63,0,8045,1.29563008188212,26,-88,0.001869,51,2023-08-27 23:23:29.002501,792,1.037,0.0011,"aoml_navis",1030.89791210155
"7901009",9,0,1,0.031773,1,0.009345,1,119.357234394842,1,4.85009425789668,794,1,7.48000001907349,34.9410018920898,0.0317730009555817,0,115.098297119141,-88.2501,26.4018,27.8152335728682,63,63,63,63,61,63,0,8045,1.29563008188212,26,-88,0.001869,51,2023-08-27 23:23:29.002501,794,1.037,0.0011,"aoml_navis",1030.9077997524
"7901009",9,0,1,0.029904,1,0.007476,1,119.275625188368,1,4.85003647378369,795.900024414062,1,7.4520001411438,34.939998626709,0.0299040004611015,0,115.019599914551,-88.2501,26.4018,27.8152335728682,63,63,63,63,61,63,0,8045,1.29563008188212,26,-88,0.001869,51,2023-08-27 23:23:29.002501,795.900024414062,1.037,0.0011,"aoml_navis",1030.92008215339
"7901009",9,0,1,0.031773,1,0.009345,1,119.276036596874,1,4.84998009757332,798,1,7.44600009918213,34.9420013427734,0.0317730009555817,0,115.019996643066,-88.2501,26.4018,27.8152335728682,63,63,63,63,61,63,0,8045,1.29563008188212,26,-88,0.001869,51,2023-08-27 23:23:29.002501,798,1.037,0.0011,"aoml_navis",1030.93206557729
"7901009",9,0,1,0.028035,1,0.005607,1,119.309020482651,1,4.8499308146058,800,1,7.43200016021729,34.9410018920898,0.0280349999666214,0,115.051803588867,-88.2501,26.4018,27.8152335728682,63,63,63,63,61,63,0,8045,1.29563008188212,26,-88,0.001869,51,2023-08-27 23:23:29.002501,800,1.037,0.0011,"aoml_navis",1030.94254147755
"7901009",9,0,1,0.033642,1,0.011214,1,119.314511203862,1,4.84988543566595,802,1,7.42799997329712,34.9410018920898,0.0336420014500618,0,115.057098388672,-88.2501,26.4018,27.8152335728682,63,63,63,63,61,63,0,8045,1.29563008188212,26,-88,0.001869,51,2023-08-27 23:23:29.002501,802,1.037,0.0011,"aoml_navis",1030.9521877012
"7901009",9,0,1,0.033642,1,0.011214,1,119.404839105977,1,4.84984233086518,804,1,7.42700004577637,34.9410018920898,0.0336420014500618,0,115.144203186035,-88.2501,26.4018,27.8152335728682,63,63,63,63,61,63,0,8045,1.29563008188212,26,-88,0.001869,51,2023-08-27 23:23:29.002501,804,1.037,0.0011,"aoml_navis",1030.96135067715
"7901009",9,0,1,0.029904,1,0.007476,1,119.583097664491,1,4.84979316926618,806,1,7.41800022125244,34.9410018920898,0.0299040004611015,0,115.316101074219,-88.2501,26.4018,27.8152335728682,63,63,63,63,61,63,0,8045,1.29563008188212,26,-88,0.001869,51,2023-08-27 23:23:29.002501,806,1.037,0.0011,"aoml_navis",1030.97180137201
"7901009",9,0,1,0.029904,1,0.007476,1,119.770486327152,1,4.84974910019704,808,1,7.4060001373291,34.9389991760254,0.0299040004611015,0,115.496803283691,-88.2501,26.4018,27.8152335728682,63,63,63,63,61,63,0,8045,1.29563008188212,26,-88,0.001869,51,2023-08-27 23:23:29.002501,808,1.037,0.0011,"aoml_navis",1030.98116968502
"7901009",9,0,1,0.029904,1,0.007476,1,120.077436630942,1,4.84968698677896,810,1,7.375,34.9379997253418,0.0299040004611015,0,115.79280090332,-88.2501,26.4018,27.8152335728682,63,63,63,63,61,63,0,8045,1.29563008188212,26,-88,0.001869,51,2023-08-27 23:23:29.002501,810,1.037,0.0011,"aoml_navis",1030.99437419999
"7901009",9,0,1,0.028035,1,0.005607,1,120.226967799373,1,4.84963320974787,812,1,7.35500001907349,34.9370002746582,0.0280349999666214,0,115.936996459961,-88.2501,26.4018,27.8152335728682,63,63,63,63,61,63,0,8045,1.29563008188212,26,-88,0.001869,51,2023-08-27 23:23:29.002501,812,1.037,0.0011,"aoml_navis",1031.00580677934
"7901009",9,0,1,0.028035,1,0.005607,1,120.381689044338,1,4.84958482399947,814,1,7.34700012207031,34.9370002746582,0.0280349999666214,0,116.086196899414,-88.2501,26.4018,27.8152335728682,63,63,63,63,61,63,0,8045,1.29563008188212,26,-88,0.001869,51,2023-08-27 23:23:29.002501,814,1.037,0.0011,"aoml_navis",1031.01609343055
"7901009",9,0,1,0.029904,1,0.007476,1,120.598944382175,1,4.84953860552146,816,1,7.33699989318848,34.9360008239746,0.0299040004611015,0,116.295700073242,-88.2501,26.4018,27.8152335728682,63,63,63,63,61,63,0,8045,1.29563008188212,26,-88,0.001869,51,2023-08-27 23:23:29.002501,816,1.037,0.0011,"aoml_navis",1031.02591951887
"7901009",9,0,1,0.028035,1,0.005607,1,120.912951924178,1,4.84949004895622,818,1,7.31899976730347,34.9339981079102,0.0280349999666214,0,116.598503112793,-88.2501,26.4018,27.8152335728682,63,63,63,63,61,63,0,8045,1.29563008188212,26,-88,0.001869,51,2023-08-27 23:23:29.002501,818,1.037,0.0011,"aoml_navis",1031.0362428883
"7901009",9,0,1,0.028035,1,0.005607,1,121.342375375444,1,4.8494287877583,820,1,7.28900003433228,34.9329986572266,0.0280349999666214,0,117.012603759766,-88.2501,26.4018,27.8152335728682,63,63,63,63,61,63,0,8045,1.29563008188212,26,-88,0.001869,51,2023-08-27 23:23:29.002501,820,1.037,0.0011,"aoml_navis",1031.04926762133
"7901009",9,0,1,0.026166,1,0.003738,1,121.685616656461,1,4.84937206776826,822,1,7.2649998664856,34.931999206543,0.0261659994721413,0,117.343597412109,-88.2501,26.4018,27.8152335728682,63,63,63,63,61,63,0,8045,1.29563008188212,26,-88,0.001869,51,2023-08-27 23:23:29.002501,822,1.037,0.0011,"aoml_navis",1031.06132714231
"7901009",9,0,1,0.028035,1,0.005607,1,122.099279997276,1,4.84932963212726,824,1,7.26000022888184,34.9309997558594,0.0280349999666214,0,117.742500305176,-88.2501,26.4018,27.8152335728682,63,63,63,63,61,63,0,8045,1.29563008188212,26,-88,0.001869,51,2023-08-27 23:23:29.002501,824,1.037,0.0011,"aoml_navis",1031.07034978083
"7901009",9,0,1,0.028035,1,0.005607,1,122.648265089671,1,4.84928786741933,826,1,7.25099992752075,34.9290008544922,0.0280349999666214,0,118.271896362305,-88.2501,26.4018,27.8152335728682,63,63,63,63,61,63,0,8045,1.29563008188212,26,-88,0.001869,51,2023-08-27 23:23:29.002501,826,1.037,0.0011,"aoml_navis",1031.07922992018
"7901009",9,0,1,0.031773,1,0.009345,1,123.336630636788,1,4.84922430293743,828,1,7.20800018310547,34.9259986877441,0.0317730009555817,0,118.935699462891,-88.2501,26.4018,27.8152335728682,63,63,63,63,61,63,0,8045,1.29563008188212,26,-88,0.001869,51,2023-08-27 23:23:29.002501,828,1.037,0.0011,"aoml_navis",1031.09274548741
"7901009",9,0,1,0.029904,1,0.007476,1,123.916415985199,1,4.84917874349876,830,1,7.18900012969971,34.9230003356934,0.0299040004611015,0,119.49479675293,-88.2501,26.4018,27.8152335728682,63,63,63,63,61,63,0,8045,1.29563008188212,26,-88,0.001869,51,2023-08-27 23:23:29.002501,830,1.037,0.0011,"aoml_navis",1031.10243290236
"7901009",9,0,1,0.031773,1,0.009345,1,124.453066734124,1,4.84913101831371,832,1,7.17199993133545,34.9210014343262,0.0317730009555817,0,120.012298583984,-88.2501,26.4018,27.8152335728682,63,63,63,63,61,63,0,8045,1.29563008188212,26,-88,0.001869,51,2023-08-27 23:23:29.002501,832,1.037,0.0011,"aoml_navis",1031.1125810205
"7901009",9,0,1,0.029904,1,0.007476,1,124.717396699059,1,4.84906615385126,834,1,7.13199996948242,34.9189987182617,0.0299040004611015,0,120.267196655273,-88.2501,26.4018,27.8152335728682,63,63,63,63,61,63,0,8045,1.29563008188212,26,-88,0.001869,51,2023-08-27 23:23:29.002501,834,1.037,0.0011,"aoml_navis",1031.12637389549
"7901009",9,0,1,0.031773,1,0.009345,1,124.93268202309,1,4.84900441296547,836,1,7.10599994659424,34.9189987182617,0.0317730009555817,0,120.474800109863,-88.2501,26.4018,27.8152335728682,63,63,63,63,61,63,0,8045,1.29563008188212,26,-88,0.001869,51,2023-08-27 23:23:29.002501,836,1.037,0.0011,"aoml_navis",1031.13950291132
"7901009",9,0,1,0.029904,1,0.007476,1,125.226467254696,1,4.84895381009225,838,1,7.09000015258789,34.9179992675781,0.0299040004611015,0,120.758102416992,-88.2501,26.4018,27.8152335728682,63,63,63,63,61,63,0,8045,1.29563008188212,26,-88,0.001869,51,2023-08-27 23:23:29.002501,838,1.037,0.0011,"aoml_navis",1031.15026371119
"7901009",9,0,1,0.031773,1,0.009345,1,125.507285206669,1,4.84891288448139,840,1,7.08699989318848,34.9169998168945,0.0317730009555817,0,121.028900146484,-88.2501,26.4018,27.8152335728682,63,63,63,63,61,63,0,8045,1.29563008188212,26,-88,0.001869,51,2023-08-27 23:23:29.002501,840,1.037,0.0011,"aoml_navis",1031.15896678659
"7901009",9,0,1,0.028035,1,0.005607,1,125.916383495411,1,4.84885931841889,842,1,7.06699991226196,34.9160003662109,0.0280349999666214,0,121.423400878906,-88.2501,26.4018,27.8152335728682,63,63,63,63,61,63,0,8045,1.29563008188212,26,-88,0.001869,51,2023-08-27 23:23:29.002501,842,1.037,0.0011,"aoml_navis",1031.17035815145
"7901009",9,0,1,0.031773,1,0.009345,1,126.401078097083,1,4.84880422385651,844,1,7.03499984741211,34.9129981994629,0.0317730009555817,0,121.890800476074,-88.2501,26.4018,27.8152335728682,63,63,63,63,61,63,0,8045,1.29563008188212,26,-88,0.001869,51,2023-08-27 23:23:29.002501,844,1.037,0.0011,"aoml_navis",1031.18207482983
"7901009",9,0,1,0.028035,1,0.005607,1,126.676088859763,1,4.84875292042192,846,1,7.01800012588501,34.9119987487793,0.0280349999666214,0,122.15599822998,-88.2501,26.4018,27.8152335728682,63,63,63,63,61,63,0,8045,1.29563008188212,26,-88,0.001869,51,2023-08-27 23:23:29.002501,846,1.037,0.0011,"aoml_navis",1031.19298550789
"7901009",9,0,1,0.035511,1,0.013083,1,126.976614861502,1,4.84870461971811,848,1,7.01000022888184,34.9119987487793,0.0355109982192516,0,122.44580078125,-88.2501,26.4018,27.8152335728682,63,63,63,63,61,63,0,8045,1.29563008188212,26,-88,0.001869,51,2023-08-27 23:23:29.002501,848,1.037,0.0011,"aoml_navis",1031.20325780759
"7901009",9,0,1,0.029904,1,0.007476,1,127.755094694779,1,4.84866150805991,850,1,7.00899982452393,34.9119987487793,0.0299040004611015,0,123.196502685547,-88.2501,26.4018,27.8152335728682,63,63,63,63,61,63,0,8045,1.29563008188212,26,-88,0.001869,51,2023-08-27 23:23:29.002501,850,1.037,0.0011,"aoml_navis",1031.2124267055
"7901009",9,0,1,0.029904,1,0.007476,1,128.802358781237,1,4.84858800652689,852,1,6.95699977874756,34.9099998474121,0.0299040004611015,0,124.206398010254,-88.2501,26.4018,27.8152335728682,63,63,63,63,61,63,0,8045,1.29563008188212,26,-88,0.001869,51,2023-08-27 23:23:29.002501,852,1.037,0.0011,"aoml_navis",1031.22805923483
"7901009",9,0,1,0.028035,1,0.005607,1,129.266728220385,1,4.8485389348308,854,1,6.93300008773804,34.9070014953613,0.0280349999666214,0,124.654197692871,-88.2501,26.4018,27.8152335728682,63,63,63,63,61,63,0,8045,1.29563008188212,26,-88,0.001869,51,2023-08-27 23:23:29.002501,854,1.037,0.0011,"aoml_navis",1031.23849621607
"7901009",9,0,1,0.031773,1,0.009345,1,129.650524886024,1,4.84849506887085,856,1,6.9210000038147,34.9049987792969,0.0317730009555817,0,125.024299621582,-88.2501,26.4018,27.8152335728682,63,63,63,63,61,63,0,8045,1.29563008188212,26,-88,0.001869,51,2023-08-27 23:23:29.002501,856,1.037,0.0011,"aoml_navis",1031.24782617639
"7901009",9,0,1,0.024297,1,0.001869,1,130.022912877332,1,4.84844162529021,858,1,6.90100002288818,34.9039993286133,0.0242970008403063,0,125.383399963379,-88.2501,26.4018,27.8152335728682,63,63,63,63,61,63,0,8045,1.29563008188212,26,-88,0.001869,51,2023-08-27 23:23:29.002501,858,1.037,0.0011,"aoml_navis",1031.25919345285
"7901009",9,0,1,0.031773,1,0.009345,1,130.435642637308,1,4.84838451817644,860,1,6.87599992752075,34.9029998779297,0.0317730009555817,0,125.781402587891,-88.2501,26.4018,27.8152335728682,63,63,63,63,61,63,0,8045,1.29563008188212,26,-88,0.001869,51,2023-08-27 23:23:29.002501,860,1.037,0.0011,"aoml_navis",1031.2713402279
"7901009",9,0,1,0.028035,1,0.005607,1,130.64428213163,1,4.84832155682648,862,1,6.84800004959106,34.9029998779297,0.0280349999666214,0,125.982597351074,-88.2501,26.4018,27.8152335728682,63,63,63,63,61,63,0,8045,1.29563008188212,26,-88,0.001869,51,2023-08-27 23:23:29.002501,862,1.037,0.0011,"aoml_navis",1031.28473254006
"7901009",9,0,1,0.029904,1,0.007476,1,130.820467824212,1,4.84827256440129,864,1,6.83900022506714,34.9029998779297,0.0299040004611015,0,126.152496337891,-88.2501,26.4018,27.8152335728682,63,63,63,63,61,63,0,8045,1.29563008188212,26,-88,0.001869,51,2023-08-27 23:23:29.002501,864,1.037,0.0011,"aoml_navis",1031.29515380649
"7901009",9,0,1,0.029904,1,0.007476,1,131.124205976976,1,4.84821624815661,866,1,6.81500005722046,34.9020004272461,0.0299040004611015,0,126.44539642334,-88.2501,26.4018,27.8152335728682,63,63,63,63,61,63,0,8045,1.29563008188212,26,-88,0.001869,51,2023-08-27 23:23:29.002501,866,1.037,0.0011,"aoml_navis",1031.30713319586
"7901009",9,0,1,0.029904,1,0.007476,1,131.665833186479,1,4.8481540987066,868,1,6.78299999237061,34.9010009765625,0.0299040004611015,0,126.967697143555,-88.2501,26.4018,27.8152335728682,63,63,63,63,61,63,0,8045,1.29563008188212,26,-88,0.001869,51,2023-08-27 23:23:29.002501,868,1.037,0.0011,"aoml_navis",1031.32035372677
"7901009",9,0,1,0.031773,1,0.009345,1,132.579848387291,1,4.84809269743555,870,1,6.75699996948242,34.9010009765625,0.0317730009555817,0,127.849098205566,-88.2501,26.4018,27.8152335728682,63,63,63,63,61,63,0,8045,1.29563008188212,26,-88,0.001869,51,2023-08-27 23:23:29.002501,870,1.037,0.0011,"aoml_navis",1031.33341543672
"7901009",9,0,1,0.033642,1,0.011214,1,133.606273050592,1,4.84802260294726,872,1,6.71400022506714,34.9000015258789,0.0336420014500618,0,128.838897705078,-88.2501,26.4018,27.8152335728682,63,63,63,63,61,63,0,8045,1.29563008188212,26,-88,0.001869,51,2023-08-27 23:23:29.002501,872,1.037,0.0011,"aoml_navis",1031.34832683337
"7901009",9,0,1,0.031773,1,0.009345,1,134.572038694404,1,4.84795399797922,874,1,6.67799997329712,34.9000015258789,0.0317730009555817,0,129.770202636719,-88.2501,26.4018,27.8152335728682,63,63,63,63,61,63,0,8045,1.29563008188212,26,-88,0.001869,51,2023-08-27 23:23:29.002501,874,1.037,0.0011,"aoml_navis",1031.36292177775
"7901009",9,0,1,0.031773,1,0.009345,1,135.131190323912,1,4.84790075066583,876,1,6.65799999237061,34.898998260498,0.0317730009555817,0,130.30940246582,-88.2501,26.4018,27.8152335728682,63,63,63,63,61,63,0,8045,1.29563008188212,26,-88,0.001869,51,2023-08-27 23:23:29.002501,876,1.037,0.0011,"aoml_navis",1031.37424983655
"7901009",9,0,1,0.029904,1,0.007476,1,135.628741441388,1,4.84785258382323,878,1,6.64499998092651,34.8979988098145,0.0299040004611015,0,130.789199829102,-88.2501,26.4018,27.8152335728682,63,63,63,63,61,63,0,8045,1.29563008188212,26,-88,0.001869,51,2023-08-27 23:23:29.002501,878,1.037,0.0011,"aoml_navis",1031.38449726885
"7901009",9,0,1,0.024297,1,0.001869,1,136.263908704032,1,4.84779934626806,880,1,6.625,34.8969993591309,0.0242970008403063,0,131.401702880859,-88.2501,26.4018,27.8152335728682,63,63,63,63,61,63,0,8045,1.29563008188212,26,-88,0.001869,51,2023-08-27 23:23:29.002501,880,1.037,0.0011,"aoml_navis",1031.39582372548
"7901009",9,0,1,0.029904,1,0.007476,1,136.68182062884,1,4.84773375941667,882,1,6.59299993515015,34.8969993591309,0.0299040004611015,0,131.804702758789,-88.2501,26.4018,27.8152335728682,63,63,63,63,61,63,0,8045,1.29563008188212,26,-88,0.001869,51,2023-08-27 23:23:29.002501,882,1.037,0.0011,"aoml_navis",1031.4097778756
"7901009",9,0,1,0.031773,1,0.009345,1,137.005883944128,1,4.84768122265348,884,1,6.5789999961853,34.8969993591309,0.0317730009555817,0,132.117202758789,-88.2501,26.4018,27.8152335728682,63,63,63,63,61,63,0,8045,1.29563008188212,26,-88,0.001869,51,2023-08-27 23:23:29.002501,884,1.037,0.0011,"aoml_navis",1031.42095578289
"7901009",9,0,1,0.029904,1,0.007476,1,137.271353194156,1,4.84761280554833,886,1,6.54300022125244,34.8969993591309,0.0299040004611015,0,132.373199462891,-88.2501,26.4018,27.8152335728682,63,63,63,63,61,63,0,8045,1.29563008188212,26,-88,0.001869,51,2023-08-27 23:23:29.002501,886,1.037,0.0011,"aoml_navis",1031.43551281102
"7901009",9,0,1,0.026166,1,0.003738,1,137.366958201527,1,4.84754804139962,888,1,6.51200008392334,34.8969993591309,0.0261659994721413,0,132.465393066406,-88.2501,26.4018,27.8152335728682,63,63,63,63,61,63,0,8045,1.29563008188212,26,-88,0.001869,51,2023-08-27 23:23:29.002501,888,1.037,0.0011,"aoml_navis",1031.44929298243
"7901009",9,0,1,0.028035,1,0.005607,1,137.476377040649,1,4.84747164839153,890,1,6.47499990463257,34.898998260498,0.0280349999666214,0,132.570907592773,-88.2501,26.4018,27.8152335728682,63,63,63,63,61,63,0,8045,1.29563008188212,26,-88,0.001869,51,2023-08-27 23:23:29.002501,890,1.037,0.0011,"aoml_navis",1031.46554795407
"7901009",9,0,1,0.029904,1,0.007476,1,137.432815209253,1,4.84741486155767,892,1,6.45499992370605,34.898998260498,0.0299040004611015,0,132.528900146484,-88.2501,26.4018,27.8152335728682,63,63,63,63,61,63,0,8045,1.29563008188212,26,-88,0.001869,51,2023-08-27 23:23:29.002501,892,1.037,0.0011,"aoml_navis",1031.47763143865
"7901009",9,0,1,0.031773,1,0.009345,1,137.192125409994,1,4.84736650922551,894,1,6.45699977874756,34.9010009765625,0.0317730009555817,0,132.296798706055,-88.2501,26.4018,27.8152335728682,63,63,63,63,61,63,0,8045,1.29563008188212,26,-88,0.001869,51,2023-08-27 23:23:29.002501,894,1.037,0.0011,"aoml_navis",1031.48792039636
"7901009",9,0,1,0.028035,1,0.005607,1,137.54096817605,1,4.84731027475888,896,1,6.44799995422363,34.9029998779297,0.0280349999666214,0,132.633193969727,-88.2501,26.4018,27.8152335728682,63,63,63,63,61,63,0,8045,1.29563008188212,26,-88,0.001869,51,2023-08-27 23:23:29.002501,896,1.037,0.0011,"aoml_navis",1031.49988686225
"7901009",9,0,1,0.026166,1,0.003738,1,138.471684979854,1,4.84726148595264,898,1,6.43400001525879,34.9020004272461,0.0261659994721413,0,133.530700683594,-88.2501,26.4018,27.8152335728682,63,63,63,63,61,63,0,8045,1.29563008188212,26,-88,0.001869,51,2023-08-27 23:23:29.002501,898,1.037,0.0011,"aoml_navis",1031.51026914682
"7901009",9,0,1,0.029904,1,0.007476,1,139.427070470597,1,4.84721628940371,900,1,6.42500019073486,34.9010009765625,0.0299040004611015,0,134.451995849609,-88.2501,26.4018,27.8152335728682,63,63,63,63,61,63,0,8045,1.29563008188212,26,-88,0.001869,51,2023-08-27 23:23:29.002501,900,1.037,0.0011,"aoml_navis",1031.51988718355
"7901009",9,0,1,0.029904,1,0.007476,1,140.753609727132,1,4.84716177960183,902,1,6.40299987792969,34.9000015258789,0.0299040004611015,0,135.731201171875,-88.2501,26.4018,27.8152335728682,63,63,63,63,61,63,0,8045,1.29563008188212,26,-88,0.001869,51,2023-08-27 23:23:29.002501,902,1.037,0.0011,"aoml_navis",1031.53148736264
"7901009",9,0,1,0.031773,1,0.009345,1,141.400597072614,1,4.84710229578919,904,1,6.37400007247925,34.898998260498,0.0317730009555817,0,136.355102539062,-88.2501,26.4018,27.8152335728682,63,63,63,63,61,63,0,8045,1.29563008188212,26,-88,0.001869,51,2023-08-27 23:23:29.002501,904,1.037,0.0011,"aoml_navis",1031.54414635392
"7901009",9,0,1,0.029904,1,0.007476,1,141.650923324951,1,4.84705201013199,906,1,6.36299991607666,34.898998260498,0.0299040004611015,0,136.596496582031,-88.2501,26.4018,27.8152335728682,63,63,63,63,61,63,0,8045,1.29563008188212,26,-88,0.001869,51,2023-08-27 23:23:29.002501,906,1.037,0.0011,"aoml_navis",1031.55484809082
"7901009",9,0,1,0.029904,1,0.007476,1,141.881660203052,1,4.84700101448569,908,1,6.35099983215332,34.898998260498,0.0299040004611015,0,136.819000244141,-88.2501,26.4018,27.8152335728682,63,63,63,63,61,63,0,8045,1.29563008188212,26,-88,0.001869,51,2023-08-27 23:23:29.002501,908,1.037,0.0011,"aoml_navis",1031.56570115357
"7901009",9,0,1,0.028035,1,0.005607,1,142.284128485491,1,4.8469471688827,910,1,6.33500003814697,34.898998260498,0.0280349999666214,0,137.207107543945,-88.2501,26.4018,27.8152335728682,63,63,63,63,61,63,0,8045,1.29563008188212,26,-88,0.001869,51,2023-08-27 23:23:29.002501,910,1.037,0.0011,"aoml_navis",1031.57716100144
"7901009",9,0,1,0.028035,1,0.005607,1,142.652782153439,1,4.84689106739689,912,1,6.32100009918213,34.9000015258789,0.0280349999666214,0,137.562606811523,-88.2501,26.4018,27.8152335728682,63,63,63,63,61,63,0,8045,1.29563008188212,26,-88,0.001869,51,2023-08-27 23:23:29.002501,912,1.037,0.0011,"aoml_navis",1031.58910123502
"7901009",9,0,1,0.028035,1,0.005607,1,142.981402609098,1,4.84683723824198,914,1,6.30499982833862,34.9000015258789,0.0280349999666214,0,137.879501342773,-88.2501,26.4018,27.8152335728682,63,63,63,63,61,63,0,8045,1.29563008188212,26,-88,0.001869,51,2023-08-27 23:23:29.002501,914,1.037,0.0011,"aoml_navis",1031.600558102
"7901009",9,0,1,0.029904,1,0.007476,1,143.338647602713,1,4.84678128240646,916,1,6.28599977493286,34.9000015258789,0.0299040004611015,0,138.223999023438,-88.2501,26.4018,27.8152335728682,63,63,63,63,61,63,0,8045,1.29563008188212,26,-88,0.001869,51,2023-08-27 23:23:29.002501,916,1.037,0.0011,"aoml_navis",1031.6124678763
"7901009",9,0,1,0.028035,1,0.005607,1,143.584938887013,1,4.84671952935538,918,1,6.26399993896484,34.9010009765625,0.0280349999666214,0,138.461502075195,-88.2501,26.4018,27.8152335728682,63,63,63,63,61,63,0,8045,1.29563008188212,26,-88,0.001869,51,2023-08-27 23:23:29.002501,918,1.037,0.0011,"aoml_navis",1031.62561186308
"7901009",9,0,1,0.028035,1,0.005607,1,143.862861156042,1,4.84666857464795,920,1,6.2519998550415,34.9010009765625,0.0280349999666214,0,138.729507446289,-88.2501,26.4018,27.8152335728682,63,63,63,63,61,63,0,8045,1.29563008188212,26,-88,0.001869,51,2023-08-27 23:23:29.002501,920,1.037,0.0011,"aoml_navis",1031.63645770088
"7901009",9,0,1,0.028035,1,0.005607,1,144.124485318882,1,4.8465956328945,922,1,6.20900011062622,34.9010009765625,0.0280349999666214,0,138.981796264648,-88.2501,26.4018,27.8152335728682,63,63,63,63,61,63,0,8045,1.29563008188212,26,-88,0.001869,51,2023-08-27 23:23:29.002501,922,1.037,0.0011,"aoml_navis",1031.6519839337
"7901009",9,0,1,0.024297,1,0.001869,1,144.344541399238,1,4.84653762023894,924,1,6.18699979782104,34.9010009765625,0.0242970008403063,0,139.194000244141,-88.2501,26.4018,27.8152335728682,63,63,63,63,61,63,0,8045,1.29563008188212,26,-88,0.001869,51,2023-08-27 23:23:29.002501,924,1.037,0.0011,"aoml_navis",1031.66433272285
"7901009",9,0,1,0.028035,1,0.005607,1,144.452900070288,1,4.84648598965465,926,1,6.17399978637695,34.9010009765625,0.0280349999666214,0,139.298492431641,-88.2501,26.4018,27.8152335728682,63,63,63,63,61,63,0,8045,1.29563008188212,26,-88,0.001869,51,2023-08-27 23:23:29.002501,926,1.037,0.0011,"aoml_navis",1031.67532324927
"7901009",9,0,1,0.029904,1,0.007476,1,144.639774472316,1,4.84643634426607,928,1,6.16900014877319,34.9020004272461,0.0299040004611015,0,139.478698730469,-88.2501,26.4018,27.8152335728682,63,63,63,63,61,63,0,8045,1.29563008188212,26,-88,0.001869,51,2023-08-27 23:23:29.002501,928,1.037,0.0011,"aoml_navis",1031.68589141083
"7901009",9,0,1,0.029904,1,0.007476,1,144.71278365868,1,4.8463847218179,930,1,6.1560001373291,34.9020004272461,0.0299040004611015,0,139.549102783203,-88.2501,26.4018,27.8152335728682,63,63,63,63,61,63,0,8045,1.29563008188212,26,-88,0.001869,51,2023-08-27 23:23:29.002501,930,1.037,0.0011,"aoml_navis",1031.69688066458
"7901009",9,0,1,0.029904,1,0.007476,1,144.870194882337,1,4.84633381158692,932,1,6.14400005340576,34.9020004272461,0.0299040004611015,0,139.700897216797,-88.2501,26.4018,27.8152335728682,63,63,63,63,61,63,0,8045,1.29563008188212,26,-88,0.001869,51,2023-08-27 23:23:29.002501,932,1.037,0.0011,"aoml_navis",1031.70771853265
"7901009",9,0,1,0.029904,1,0.007476,1,144.953362694112,1,4.84628643723226,934,1,6.13700008392334,34.9020004272461,0.0299040004611015,0,139.781097412109,-88.2501,26.4018,27.8152335728682,63,63,63,63,61,63,0,8045,1.29563008188212,26,-88,0.001869,51,2023-08-27 23:23:29.002501,934,1.037,0.0011,"aoml_navis",1031.7178038811
"7901009",9,0,1,0.028035,1,0.005607,1,145.078225175603,1,4.84623835907706,936,1,6.12900018692017,34.9020004272461,0.0280349999666214,0,139.901504516602,-88.2501,26.4018,27.8152335728682,63,63,63,63,61,63,0,8045,1.29563008188212,26,-88,0.001869,51,2023-08-27 23:23:29.002501,936,1.037,0.0011,"aoml_navis",1031.72803926058
"7901009",9,0,1,0.031773,1,0.009345,1,145.234607877995,1,4.84619396053284,938,1,6.12099981307983,34.9010009765625,0.0317730009555817,0,140.052307128906,-88.2501,26.4018,27.8152335728682,63,63,63,63,61,63,0,8045,1.29563008188212,26,-88,0.001869,51,2023-08-27 23:23:29.002501,938,1.037,0.0011,"aoml_navis",1031.73749146645
"7901009",9,0,1,0.029904,1,0.007476,1,145.451435983922,1,4.84612951600493,940,1,6.09499979019165,34.9020004272461,0.0299040004611015,0,140.26139831543,-88.2501,26.4018,27.8152335728682,63,63,63,63,61,63,0,8045,1.29563008188212,26,-88,0.001869,51,2023-08-27 23:23:29.002501,940,1.037,0.0011,"aoml_navis",1031.75121166013
"7901009",9,0,1,0.028035,1,0.005607,1,145.538132414804,1,4.84606877467435,942,1,6.06899976730347,34.9020004272461,0.0280349999666214,0,140.345001220703,-88.2501,26.4018,27.8152335728682,63,63,63,63,61,63,0,8045,1.29563008188212,26,-88,0.001869,51,2023-08-27 23:23:29.002501,942,1.037,0.0011,"aoml_navis",1031.76414377982
"7901009",9,0,1,0.028035,1,0.005607,1,145.429346511844,1,4.84601070722928,944,1,6.05200004577637,34.9029998779297,0.0280349999666214,0,140.240097045898,-88.2501,26.4018,27.8152335728682,63,63,63,63,61,63,0,8045,1.29563008188212,26,-88,0.001869,51,2023-08-27 23:23:29.002501,944,1.037,0.0011,"aoml_navis",1031.7765069196
"7901009",9,0,1,0.029904,1,0.007476,1,145.361527402014,1,4.84596475986421,946,1,6.04699993133545,34.9029998779297,0.0299040004611015,0,140.174697875977,-88.2501,26.4018,27.8152335728682,63,63,63,63,61,63,0,8045,1.29563008188212,26,-88,0.001869,51,2023-08-27 23:23:29.002501,946,1.037,0.0011,"aoml_navis",1031.78628978311
"7901009",9,0,1,0.031773,1,0.009345,1,145.314136306834,1,4.84592162667183,948,1,6.0460000038147,34.9029998779297,0.0317730009555817,0,140.128997802734,-88.2501,26.4018,27.8152335728682,63,63,63,63,61,63,0,8045,1.29563008188212,26,-88,0.001869,51,2023-08-27 23:23:29.002501,948,1.037,0.0011,"aoml_navis",1031.79547363707
"7901009",9,0,1,0.029904,1,0.007476,1,145.330418589619,1,4.84588006317485,950,1,6.04199981689453,34.9020004272461,0.0299040004611015,0,140.14469909668,-88.2501,26.4018,27.8152335728682,63,63,63,63,61,63,0,8045,1.29563008188212,26,-88,0.001869,51,2023-08-27 23:23:29.002501,950,1.037,0.0011,"aoml_navis",1031.80432342854
"7901009",9,0,1,0.033642,1,0.011214,1,145.441688767017,1,4.84583341795287,952,1,6.03599977493286,34.9020004272461,0.0336420014500618,0,140.251998901367,-88.2501,26.4018,27.8152335728682,63,63,63,63,61,63,0,8045,1.29563008188212,26,-88,0.001869,51,2023-08-27 23:23:29.002501,952,1.037,0.0011,"aoml_navis",1031.8142554129
"7901009",9,0,1,0.033642,1,0.011214,1,145.799345169138,1,4.845769048922,954,1,6.01000022888184,34.9029998779297,0.0336420014500618,0,140.596893310547,-88.2501,26.4018,27.8152335728682,63,63,63,63,61,63,0,8045,1.29563008188212,26,-88,0.001869,51,2023-08-27 23:23:29.002501,954,1.037,0.0011,"aoml_navis",1031.82796157244
"7901009",9,0,1,0.033642,1,0.011214,1,146.0793403041,1,4.84570750883332,956,1,5.98799991607666,34.9039993286133,0.0336420014500618,0,140.866897583008,-88.2501,26.4018,27.8152335728682,63,63,63,63,61,63,0,8045,1.29563008188212,26,-88,0.001869,51,2023-08-27 23:23:29.002501,956,1.037,0.0011,"aoml_navis",1031.84106570308
"7901009",9,0,1,0.026166,1,0.003738,1,146.327182281997,1,4.84566087341587,958,1,5.98199987411499,34.9039993286133,0.0261659994721413,0,141.105895996094,-88.2501,26.4018,27.8152335728682,63,63,63,63,61,63,0,8045,1.29563008188212,26,-88,0.001869,51,2023-08-27 23:23:29.002501,958,1.037,0.0011,"aoml_navis",1031.850996307
"7901009",9,0,1,0.029904,1,0.007476,1,146.588300095907,1,4.84560565774374,960,1,5.9689998626709,34.9049987792969,0.0299040004611015,0,141.357696533203,-88.2501,26.4018,27.8152335728682,63,63,63,63,61,63,0,8045,1.29563008188212,26,-88,0.001869,51,2023-08-27 23:23:29.002501,960,1.037,0.0011,"aoml_navis",1031.86275424818
"7901009",9,0,1,0.026166,1,0.003738,1,146.914135632451,1,4.84555692618034,962,1,5.96000003814697,34.9049987792969,0.0261659994721413,0,141.671905517578,-88.2501,26.4018,27.8152335728682,63,63,63,63,61,63,0,8045,1.29563008188212,26,-88,0.001869,51,2023-08-27 23:23:29.002501,962,1.037,0.0011,"aoml_navis",1031.87313164875
"7901009",9,0,1,0.026166,1,0.003738,1,147.361289207974,1,4.84550889766301,964,1,5.9520001411438,34.9049987792969,0.0261659994721413,0,142.103103637695,-88.2501,26.4018,27.8152335728682,63,63,63,63,61,63,0,8045,1.29563008188212,26,-88,0.001869,51,2023-08-27 23:23:29.002501,964,1.037,0.0011,"aoml_navis",1031.8833595397
"7901009",9,0,1,0.028035,1,0.005607,1,147.866403912593,1,4.84545457464354,966,1,5.93499994277954,34.9049987792969,0.0280349999666214,0,142.590194702148,-88.2501,26.4018,27.8152335728682,63,63,63,63,61,63,0,8045,1.29563008188212,26,-88,0.001869,51,2023-08-27 23:23:29.002501,966,1.037,0.0011,"aoml_navis",1031.89492811783
"7901009",9,0,1,0.028035,1,0.005607,1,148.173979240843,1,4.84539029740757,968,1,5.90899991989136,34.9059982299805,0.0280349999666214,0,142.886795043945,-88.2501,26.4018,27.8152335728682,63,63,63,63,61,63,0,8045,1.29563008188212,26,-88,0.001869,51,2023-08-27 23:23:29.002501,968,1.037,0.0011,"aoml_navis",1031.90861687141
"7901009",9,0,1,0.028035,1,0.005607,1,148.333162685755,1,4.84534018774043,970,1,5.89799976348877,34.9059982299805,0.0280349999666214,0,143.040298461914,-88.2501,26.4018,27.8152335728682,63,63,63,63,61,63,0,8045,1.29563008188212,26,-88,0.001869,51,2023-08-27 23:23:29.002501,970,1.037,0.0011,"aoml_navis",1031.9192886912
"7901009",9,0,1,0.028035,1,0.005607,1,148.43769209302,1,4.84529566536585,972,1,5.89499998092651,34.9059982299805,0.0280349999666214,0,143.141098022461,-88.2501,26.4018,27.8152335728682,63,63,63,63,61,63,0,8045,1.29563008188212,26,-88,0.001869,51,2023-08-27 23:23:29.002501,972,1.037,0.0011,"aoml_navis",1031.9287707745
"7901009",9,0,1,0.029904,1,0.007476,1,148.553013061859,1,4.84524974848439,974,1,5.8899998664856,34.9059982299805,0.0299040004611015,0,143.252304077148,-88.2501,26.4018,27.8152335728682,63,63,63,63,61,63,0,8045,1.29563008188212,26,-88,0.001869,51,2023-08-27 23:23:29.002501,974,1.037,0.0011,"aoml_navis",1031.93855003326
"7901009",9,0,1,0.028035,1,0.005607,1,148.687606936851,1,4.84520084044602,976,1,5.88600015640259,34.9070014953613,0.0280349999666214,0,143.382095336914,-88.2501,26.4018,27.8152335728682,63,63,63,63,61,63,0,8045,1.29563008188212,26,-88,0.001869,51,2023-08-27 23:23:29.002501,976,1.037,0.0011,"aoml_navis",1031.94896654474
"7901009",9,99999,9,99999,9,99999,9,148.81868801614,1,4.84515771955971,978,1,5.88500022888184,34.9070014953613,99999,99999,143.508499145508,-88.2501,26.4018,27.8152335728682,63,63,63,63,61,63,0,8045,1.29563008188212,26,-88,0.001869,51,2023-08-27 23:23:29.002501,978,1.037,0.0011,"aoml_navis",1031.95815067386
"7901009",9,0,1,0.033642,1,0.011214,1,152.170179937908,1,4.84462374004918,999.099975585938,1,5.77670001983643,34.9099998474121,0.0336420014500618,0,146.74040222168,-88.2501,26.4018,27.8152335728682,63,63,63,63,61,63,0,8045,1.29563008188212,26,-88,0.001869,51,2023-08-27 23:23:29.002501,999.099975585938,1.037,0.0011,"aoml_navis",1032.07189418372
"7901009",9,0,1,0.026166,1,0.003738,1,157.340777861405,1,4.84338749114304,1049.30004882812,1,5.56020021438599,34.9160003662109,0.0261659994721413,0,151.726501464844,-88.2501,26.4018,27.8152335728682,63,63,63,63,61,63,0,8045,1.29563008188212,26,-88,0.001869,51,2023-08-27 23:23:29.002501,1049.30004882812,1.037,0.0011,"aoml_navis",1032.33532504747
"7901009",9,0,1,0.026166,1,0.003738,1,163.552935534194,1,4.8421545415622,1099.5,1,5.34590005874634,34.9220008850098,0.0261659994721413,0,157.716995239258,-88.2501,26.4018,27.8152335728682,63,63,63,63,61,63,0,8045,1.29563008188212,26,-88,0.001869,51,2023-08-27 23:23:29.002501,1099.5,1.037,0.0011,"aoml_navis",1032.59818683665
"7901009",9,0,1,0.028035,1,0.005607,1,170.066877169344,1,4.84093200111484,1149.90002441406,1,5.15059995651245,34.9280014038086,0.0280349999666214,0,163.998504638672,-88.2501,26.4018,27.8152335728682,63,63,63,63,61,63,0,8045,1.29563008188212,26,-88,0.001869,51,2023-08-27 23:23:29.002501,1149.90002441406,1.037,0.0011,"aoml_navis",1032.85896163146
"7901009",9,0,1,0.026166,1,0.003738,1,176.499913739501,1,4.83972208929974,1199.59997558594,1,4.9552001953125,34.935001373291,0.0261659994721413,0,170.201995849609,-88.2501,26.4018,27.8152335728682,63,63,63,63,61,63,0,8045,1.29563008188212,26,-88,0.001869,51,2023-08-27 23:23:29.002501,1199.59997558594,1.037,0.0011,"aoml_navis",1033.11717237951
"7901009",9,0,1,0.024297,1,0.001869,1,181.628627112434,1,4.83853876949983,1249.90002441406,1,4.81059980392456,34.9410018920898,0.0242970008403063,0,175.147705078125,-88.2501,26.4018,27.8152335728682,63,63,63,63,61,63,0,8045,1.29563008188212,26,-88,0.001869,51,2023-08-27 23:23:29.002501,1249.90002441406,1.037,0.0011,"aoml_navis",1033.36983295824
"7901009",9,0,1,0.026166,1,0.003738,1,185.500788145019,1,4.83740463793564,1299.30004882812,1,4.70370006561279,34.9459991455078,0.0261659994721413,0,178.881698608398,-88.2501,26.4018,27.8152335728682,63,63,63,63,61,63,0,8045,1.29563008188212,26,-88,0.001869,51,2023-08-27 23:23:29.002501,1299.30004882812,1.037,0.0011,"aoml_navis",1033.61210695282
"7901009",9,0,1,0.029904,1,0.007476,1,189.422428962121,1,4.83627456055102,1349.30004882812,1,4.60920000076294,34.9490013122559,0.0299040004611015,0,182.66340637207,-88.2501,26.4018,27.8152335728682,63,63,63,63,61,63,0,8045,1.29563008188212,26,-88,0.001869,51,2023-08-27 23:23:29.002501,1349.30004882812,1.037,0.0011,"aoml_navis",1033.85362791113
"7901009",9,0,1,0.028035,1,0.005607,1,192.510920084895,1,4.8351657201561,1398.90002441406,1,4.53210020065308,34.9519996643066,0.0280349999666214,0,185.641693115234,-88.2501,26.4018,27.8152335728682,63,63,63,63,61,63,0,8045,1.29563008188212,26,-88,0.001869,51,2023-08-27 23:23:29.002501,1398.90002441406,1.037,0.0011,"aoml_navis",1034.09071981892
"7901009",9,0,1,0.026166,1,0.003738,1,194.810693631961,1,4.83405214817702,1449.69995117188,1,4.48379993438721,34.9550018310547,0.0261659994721413,0,187.859405517578,-88.2501,26.4018,27.8152335728682,63,63,63,63,61,63,0,8045,1.29563008188212,26,-88,0.001869,51,2023-08-27 23:23:29.002501,1449.69995117188,1.037,0.0011,"aoml_navis",1034.32893289858
"7901009",9,0,1,0.026166,1,0.003738,1,197.066683819974,1,4.83296344631779,1499.40002441406,1,4.43620014190674,34.9580001831055,0.0261659994721413,0,190.034896850586,-88.2501,26.4018,27.8152335728682,63,63,63,63,61,63,0,8045,1.29563008188212,26,-88,0.001869,51,2023-08-27 23:23:29.002501,1499.40002441406,1.037,0.0011,"aoml_navis",1034.56193193629
"7901009",9,0,1,0.031773,1,0.009345,1,198.752952344562,1,4.83188982082295,1549.19995117188,1,4.40129995346069,34.9589996337891,0.0317730009555817,0,191.660995483398,-88.2501,26.4018,27.8152335728682,63,63,63,63,61,63,0,8045,1.29563008188212,26,-88,0.001869,51,2023-08-27 23:23:29.002501,1549.19995117188,1.037,0.0011,"aoml_navis",1034.7918072247
"7901009",9,0,1,0.031773,1,0.009345,1,200.251112241605,1,4.83080754870077,1599.80004882812,1,4.37639999389648,34.9599990844727,0.0317730009555817,0,193.105697631836,-88.2501,26.4018,27.8152335728682,63,63,63,63,61,63,0,8045,1.29563008188212,26,-88,0.001869,51,2023-08-27 23:23:29.002501,1599.80004882812,1.037,0.0011,"aoml_navis",1035.02363726842
"7901009",9,0,4,0.024297,1,0.001869,1,201.220295740695,1,4.82974140773836,1649.59997558594,1,4.35389995574951,34.9620018005371,0.0242970008403063,0,194.040298461914,-88.2501,26.4018,27.8152335728682,63,63,63,63,61,63,0,8045,1.29563008188212,26,-88,0.001869,51,2023-08-27 23:23:29.002501,1649.59997558594,1.037,0.0011,"aoml_navis",1035.25211349594
"7901009",9,0,1,0.031773,1,0.009345,1,202.188229190864,1,4.82869127110407,1699.19995117188,1,4.34119987487793,34.9630012512207,0.0317730009555817,0,194.973693847656,-88.2501,26.4018,27.8152335728682,63,63,63,63,61,63,0,8045,1.29563008188212,26,-88,0.001869,51,2023-08-27 23:23:29.002501,1699.19995117188,1.037,0.0011,"aoml_navis",1035.47725859408
"7901009",9,0,1,0.029904,1,0.007476,1,202.979668392072,1,4.82763750407485,1749.30004882812,1,4.33099985122681,34.9630012512207,0.0299040004611015,0,195.736892700195,-88.2501,26.4018,27.8152335728682,63,63,63,63,61,63,0,8045,1.29563008188212,26,-88,0.001869,51,2023-08-27 23:23:29.002501,1749.30004882812,1.037,0.0011,"aoml_navis",1035.70328049272
"7901009",9,0,1,0.031773,1,0.009345,1,203.589439091189,1,4.82657798647108,1799.69995117188,1,4.32460021972656,34.9640007019043,0.0317730009555817,0,196.324905395508,-88.2501,26.4018,27.8152335728682,63,63,63,63,61,63,0,8045,1.29563008188212,26,-88,0.001869,51,2023-08-27 23:23:29.002501,1799.69995117188,1.037,0.0011,"aoml_navis",1035.93063533108
"7901009",9,0,1,0.026166,1,0.003738,1,204.332965024883,1,4.82553740164234,1849.09997558594,1,4.31339979171753,34.9650001525879,0.0261659994721413,0,197.041900634766,-88.2501,26.4018,27.8152335728682,63,63,63,63,61,63,0,8045,1.29563008188212,26,-88,0.001869,51,2023-08-27 23:23:29.002501,1849.09997558594,1.037,0.0011,"aoml_navis",1036.1540246892
"7901009",9,0,1,0.028035,1,0.005607,1,204.898129547936,1,4.82450070028829,1898.69995117188,1,4.30639982223511,34.9650001525879,0.0280349999666214,0,197.586898803711,-88.2501,26.4018,27.8152335728682,63,63,63,63,61,63,0,8045,1.29563008188212,26,-88,0.001869,51,2023-08-27 23:23:29.002501,1898.69995117188,1.037,0.0011,"aoml_navis",1036.37667618148
"7901009",9,0,1,0.029904,1,0.007476,1,205.32423799605,1,4.8234469250062,1949.40002441406,1,4.30539989471436,34.9650001525879,0.0299040004611015,0,197.997802734375,-88.2501,26.4018,27.8152335728682,63,63,63,63,61,63,0,8045,1.29563008188212,26,-88,0.001869,51,2023-08-27 23:23:29.002501,1949.40002441406,1.037,0.0011,"aoml_navis",1036.60309271332
"7901009",9,0,1,0.024297,1,0.001869,1,200.885868095743,4,4.82233806562304,2002.59997558594,1,4.30270004272461,34.9659996032715,0.0242970008403063,0,193.717803955078,-88.2501,26.4018,27.8152335728682,63,63,63,63,61,63,0,8045,1.29563008188212,26,-88,0.001869,51,2023-08-27 23:23:29.002501,2002.59997558594,1.037,0.0011,"aoml_navis",1036.8414515862
"7901009",10,0.0173104965017636,1,0.044856,1,0.022428,1,190.910378650807,1,4.89135531879107,2.29999995231628,1,30.7789993286133,35.9930000305176,0.0448560006916523,0.0317730009555817,184.098205566406,-87.571,26.0372,26.4451339143196,63,63,63,63,61,63,0.022428,8045,1.29563008188212,26,-88,0.001869,51,2023-09-07 06:25:42.00068,2.29999995231628,1.037,0.0011,"aoml_navis",1022.21157003082
"7901009",10,0.0201955792520575,1,0.048594,1,0.026166,1,190.986489247962,1,4.89129553755785,4,1,30.7509994506836,35.9869995117188,0.0485940016806126,0.0355109982192516,184.171600341797,-87.571,26.0372,26.4451339143196,63,63,63,63,61,63,0.026166,8045,1.29563008188212,26,-88,0.001869,51,2023-09-07 06:25:42.00068,4,1.037,0.0011,"aoml_navis",1022.22406346283
"7901009",10,0.0259657447526453,1,0.05607,1,0.033642,1,191.333987132394,1,4.89110205792753,6,1,30.628999710083,35.9729995727539,0.0560699999332428,0.0429870001971722,184.506698608398,-87.571,26.0372,26.4451339143196,63,63,63,63,61,63,0.033642,8045,1.29563008188212,26,-88,0.001869,51,2023-09-07 06:25:42.00068,6,1.037,0.0011,"aoml_navis",1022.2645000621
"7901009",10,0.0245232033774984,1,0.054201,1,0.031773,1,191.624140982712,1,4.89093537730895,8,1,30.5380001068115,35.9659996032715,0.0542009994387627,0.041117999702692,184.786499023438,-87.571,26.0372,26.4451339143196,63,63,63,63,61,63,0.031773,8045,1.29563008188212,26,-88,0.001869,51,2023-09-07 06:25:42.00068,8,1.037,0.0011,"aoml_navis",1022.29933832229
"7901009",10,0.0245232033774984,1,0.054201,1,0.031773,1,191.563173387943,1,4.89086669330038,10,1,30.5189990997314,35.9650001525879,0.0542009994387627,0.041117999702692,184.72770690918,-87.571,26.0372,26.4451339143196,63,63,63,63,61,63,0.031773,8045,1.29563008188212,26,-88,0.001869,51,2023-09-07 06:25:42.00068,10,1.037,0.0011,"aoml_navis",1022.31369479956
"7901009",10,0.0216381206272044,1,0.050463,1,0.028035,1,191.696833723529,1,4.89080684904597,12,1,30.5009994506836,35.9620018005371,0.0504629984498024,0.0373799987137318,184.856597900391,-87.571,26.0372,26.4451339143196,63,63,63,63,61,63,0.028035,8045,1.29563008188212,26,-88,0.001869,51,2023-09-07 06:25:42.00068,12,1.037,0.0011,"aoml_navis",1022.32620390137
"7901009",10,0.0245232033774984,1,0.054201,1,0.031773,1,191.716644631562,1,4.8907531113191,14,1,30.4909992218018,35.9609985351562,0.0542009994387627,0.041117999702692,184.875701904297,-87.571,26.0372,26.4451339143196,63,63,63,63,61,63,0.031773,8045,1.29563008188212,26,-88,0.001869,51,2023-09-07 06:25:42.00068,14,1.037,0.0011,"aoml_navis",1022.33743683116
"7901009",10,0.0245232033774984,1,0.054201,1,0.031773,1,191.739968336387,1,4.89070295156853,16,1,30.4810009002686,35.9589996337891,0.0542009994387627,0.041117999702692,184.898193359375,-87.571,26.0372,26.4451339143196,63,63,63,63,61,63,0.031773,8045,1.29563008188212,26,-88,0.001869,51,2023-09-07 06:25:42.00068,16,1.037,0.0011,"aoml_navis",1022.34792207047
"7901009",10,0.0288508275029393,1,0.059808,1,0.03738,1,191.775745064072,1,4.89064920990934,18,1,30.4710006713867,35.9580001831055,0.0598080009222031,0.0467250011861324,184.932693481445,-87.571,26.0372,26.4451339143196,63,63,63,63,61,63,0.03738,8045,1.29563008188212,26,-88,0.001869,51,2023-09-07 06:25:42.00068,18,1.037,0.0011,"aoml_navis",1022.35915629956
"7901009",10,0.0288508275029393,1,0.059808,1,0.03738,1,191.741218385696,1,4.89060374889159,20,1,30.4659996032715,35.9570007324219,0.0598080009222031,0.0467250011861324,184.899398803711,-87.571,26.0372,26.4451339143196,63,63,63,63,61,63,0.03738,8045,1.29563008188212,26,-88,0.001869,51,2023-09-07 06:25:42.00068,20,1.037,0.0011,"aoml_navis",1022.36865972493
"7901009",10,0.0274082861277923,1,0.057939,1,0.035511,1,191.784985934912,1,4.89055139831647,22,1,30.4589996337891,35.9570007324219,0.0579390004277229,0.0448560006916523,184.941604614258,-87.571,26.0372,26.4451339143196,63,63,63,63,61,63,0.035511,8045,1.29563008188212,26,-88,0.001869,51,2023-09-07 06:25:42.00068,22,1.037,0.0011,"aoml_navis",1022.37960360077
"7901009",10,0.0302933688780862,1,0.061677,1,0.039249,1,191.916367699606,1,4.89049905124452,24,1,30.4519996643066,35.9570007324219,0.0616770014166832,0.0485940016806126,185.068298339844,-87.571,26.0372,26.4451339143196,63,63,63,63,61,63,0.039249,8045,1.29563008188212,26,-88,0.001869,51,2023-09-07 06:25:42.00068,24,1.037,0.0011,"aoml_navis",1022.39054697856
"7901009",10,0.0288508275029393,1,0.059808,1,0.03738,1,192.408744716585,1,4.89044616338588,26,1,30.4360008239746,35.9529991149902,0.0598080009222031,0.0467250011861324,185.543106079102,-87.571,26.0372,26.4451339143196,63,63,63,63,61,63,0.03738,8045,1.29563008188212,26,-88,0.001869,51,2023-09-07 06:25:42.00068,26,1.037,0.0011,"aoml_navis",1022.40160364801
"7901009",10,0.0302933688780862,1,0.061677,1,0.039249,1,193.599218890588,1,4.89032193105131,28,1,30.3659992218018,35.9440002441406,0.0616770014166832,0.0485940016806126,186.691101074219,-87.571,26.0372,26.4451339143196,63,63,63,63,61,63,0.039249,8045,1.29563008188212,26,-88,0.001869,51,2023-09-07 06:25:42.00068,28,1.037,0.0011,"aoml_navis",1022.42757644487
"7901009",10,0.0288508275029393,1,0.059808,1,0.03738,1,194.924603449485,1,4.8901768752589,30,1,30.3050003051758,35.9449996948242,0.0598080009222031,0.0467250011861324,187.969192504883,-87.571,26.0372,26.4451339143196,63,63,63,63,61,63,0.03738,8045,1.29563008188212,26,-88,0.001869,51,2023-09-07 06:25:42.00068,30,1.037,0.0011,"aoml_navis",1022.45790439539
"7901009",10,0.0331784516283801,1,0.065415,1,0.042987,1,196.580918783621,1,4.89000247613188,32.0999984741211,1,30.2229995727539,35.9440002441406,0.0654150024056435,0.0523319989442825,189.56640625,-87.571,26.0372,26.4451339143196,63,63,63,63,61,63,0.042987,8045,1.29563008188212,26,-88,0.001869,51,2023-09-07 06:25:42.00068,32.0999984741211,1.037,0.0011,"aoml_navis",1022.49436976873
"7901009",10,0.0360635343786741,1,0.069153,1,0.046725,1,197.515670845229,1,4.88982416684064,34,1,30.1359996795654,35.943000793457,0.0691530033946037,0.0560699999332428,190.467803955078,-87.571,26.0372,26.4451339143196,63,63,63,63,61,63,0.046725,8045,1.29563008188212,26,-88,0.001869,51,2023-09-07 06:25:42.00068,34,1.037,0.0011,"aoml_navis",1022.5316554134
"7901009",10,0.0360635343786741,1,0.069153,1,0.046725,1,199.070035955359,1,4.8896470393515,35.9000015258789,1,30.0429992675781,35.9389991760254,0.0691530033946037,0.0560699999332428,191.966705322266,-87.571,26.0372,26.4451339143196,63,63,63,63,61,63,0.046725,8045,1.29563008188212,26,-88,0.001869,51,2023-09-07 06:25:42.00068,35.9000015258789,1.037,0.0011,"aoml_navis",1022.56869662787
"7901009",10,0.0447187826295558,1,0.080367,1,0.057939,1,206.906452661433,1,4.88860241500106,38.2000007629395,1,29.3910007476807,35.9210014343262,0.0803669989109039,0.0672840029001236,199.523498535156,-87.571,26.0372,26.4451339143196,63,63,63,63,61,63,0.057939,8045,1.29563008188212,26,-88,0.001869,51,2023-09-07 06:25:42.00068,38.2000007629395,1.037,0.0011,"aoml_navis",1022.78720491916
"7901009",10,0.0533740308804376,1,0.091581,1,0.069153,1,210.727805928153,1,4.88763266943117,39.9000015258789,1,28.7709999084473,35.9039993286133,0.0915810018777847,0.0784979984164238,203.20849609375,-87.571,26.0372,26.4451339143196,63,63,63,63,61,63,0.069153,8045,1.29563008188212,26,-88,0.001869,51,2023-09-07 06:25:42.00068,39.9000015258789,1.037,0.0011,"aoml_navis",1022.99013411372
"7901009",10,0.0591441963810255,1,0.099057,1,0.076629,1,210.617469297391,1,4.88725724184539,41.9000015258789,1,28.5540008544922,35.9010009765625,0.0990569964051247,0.0859740003943443,203.102096557617,-87.571,26.0372,26.4451339143196,63,63,63,63,61,63,0.076629,8045,1.29563008188212,26,-88,0.001869,51,2023-09-07 06:25:42.00068,41.9000015258789,1.037,0.0011,"aoml_navis",1023.06871780542
"7901009",10,0.0663569032567603,1,0.108402,1,0.085974,1,209.794921028804,1,4.88692657076257,44,1,28.3610000610352,35.8959999084473,0.108401998877525,0.095319002866745,202.308898925781,-87.571,26.0372,26.4451339143196,63,63,63,63,61,63,0.085974,8045,1.29563008188212,26,-88,0.001869,51,2023-09-07 06:25:42.00068,44,1.037,0.0011,"aoml_navis",1023.13794316328
"7901009",10,0.0721270687573481,1,0.115878,1,0.09345,1,209.269789555253,1,4.88663907263747,46,1,28.1909999847412,35.8899993896484,0.115878000855446,0.102794997394085,201.802505493164,-87.571,26.0372,26.4451339143196,63,63,63,63,61,63,0.09345,8045,1.29563008188212,26,-88,0.001869,51,2023-09-07 06:25:42.00068,46,1.037,0.0011,"aoml_navis",1023.19813795893
"7901009",10,0.076454692882789,1,0.121485,1,0.099057,1,208.729815724086,1,4.8865276067735,48,1,28.136999130249,35.8860015869141,0.121485002338886,0.108401998877525,201.281799316406,-87.571,26.0372,26.4451339143196,63,63,63,63,61,63,0.099057,8045,1.29563008188212,26,-88,0.001869,51,2023-09-07 06:25:42.00068,48,1.037,0.0011,"aoml_navis",1023.22147798146
"7901009",10,0.0822248583833769,1,0.128961,1,0.106533,1,208.252692473355,1,4.88642097360849,50,1,28.0860004425049,35.8819999694824,0.128960996866226,0.115878000855446,200.821701049805,-87.571,26.0372,26.4451339143196,63,63,63,63,61,63,0.106533,8045,1.29563008188212,26,-88,0.001869,51,2023-09-07 06:25:42.00068,50,1.037,0.0011,"aoml_navis",1023.24380707371
"7901009",10,0.0966502721348465,1,0.147651,1,0.125223,1,207.50429269921,1,4.88631376472887,52,1,28.0300006866455,35.8759994506836,0.147651001811028,0.134568005800247,200.100006103516,-87.571,26.0372,26.4451339143196,63,63,63,63,61,63,0.125223,8045,1.29563008188212,26,-88,0.001869,51,2023-09-07 06:25:42.00068,52,1.037,0.0011,"aoml_navis",1023.26625770366
"7901009",10,0.0793397756330829,4,0.125223,1,0.102795,1,206.277203156846,1,4.88612523776449,54,1,27.9220008850098,35.8699989318848,0.125222995877266,0.112139999866486,198.916702270508,-87.571,26.0372,26.4451339143196,63,63,63,63,61,63,0.102795,8045,1.29563008188212,26,-88,0.001869,51,2023-09-07 06:25:42.00068,54,1.037,0.0011,"aoml_navis",1023.30573955726
"7901009",10,0.103862979010581,1,0.156996,1,0.134568,1,205.38952573693,1,4.88586246148554,56.0999984741211,1,27.8020000457764,35.8790016174316,0.156995996832848,0.143913000822067,198.060699462891,-87.571,26.0372,26.4451339143196,63,63,63,63,61,63,0.134568,8045,1.29563008188212,26,-88,0.001869,51,2023-09-07 06:25:42.00068,56.0999984741211,1.037,0.0011,"aoml_navis",1023.36077599691
"7901009",10,0.112518227261463,1,0.16821,1,0.145782,1,204.372539418896,1,4.88568242682428,58,1,27.746000289917,35.8940010070801,0.168209999799728,0.155127003788948,197.080001831055,-87.571,26.0372,26.4451339143196,63,63,63,63,61,63,0.145782,8045,1.29563008188212,26,-88,0.001869,51,2023-09-07 06:25:42.00068,58,1.037,0.0011,"aoml_navis",1023.39848626838
"7901009",10,0.112518227261463,1,0.16821,1,0.145782,1,201.812169436558,1,4.88537167580165,60,1,27.6280002593994,35.9179992675781,0.168209999799728,0.155127003788948,194.610992431641,-87.571,26.0372,26.4451339143196,63,63,63,63,61,63,0.145782,8045,1.29563008188212,26,-88,0.001869,51,2023-09-07 06:25:42.00068,60,1.037,0.0011,"aoml_navis",1023.46358308133
"7901009",10,0.129828723763227,1,0.190638,1,0.16821,1,199.324618782308,1,4.88504703337327,62,1,27.5100002288818,35.9459991455078,0.19063800573349,0.177554994821548,192.212203979492,-87.571,26.0372,26.4451339143196,63,63,63,63,61,63,0.16821,8045,1.29563008188212,26,-88,0.001869,51,2023-09-07 06:25:42.00068,62,1.037,0.0011,"aoml_navis",1023.53159874233
"7901009",10,0.135598889263814,1,0.198114,1,0.175686,1,198.123353043387,1,4.88480835583932,64,1,27.4309997558594,35.9669990539551,0.198113992810249,0.185030996799469,191.053802490234,-87.571,26.0372,26.4451339143196,63,63,63,63,61,63,0.175686,8045,1.29563008188212,26,-88,0.001869,51,2023-09-07 06:25:42.00068,64,1.037,0.0011,"aoml_navis",1023.58160971105
"7901009",10,0.14713922026499,1,0.213066,1,0.190638,1,197.588252822183,1,4.88471035814676,66,1,27.4080009460449,35.9729995727539,0.21306599676609,0.19998300075531,190.537796020508,-87.571,26.0372,26.4451339143196,63,63,63,63,61,63,0.190638,8045,1.29563008188212,26,-88,0.001869,51,2023-09-07 06:25:42.00068,66,1.037,0.0011,"aoml_navis",1023.60214493802
"7901009",10,0.139926513389255,4,0.203721,1,0.181293,1,196.933290278017,1,4.88462728827265,68,1,27.3899993896484,35.9770011901855,0.20372100174427,0.19063800573349,189.906204223633,-87.571,26.0372,26.4451339143196,63,63,63,63,61,63,0.181293,8045,1.29563008188212,26,-88,0.001869,51,2023-09-07 06:25:42.00068,68,1.037,0.0011,"aoml_navis",1023.61955271477
"7901009",10,0.154351927140725,1,0.222411,1,0.199983,1,195.707862193596,1,4.88449846367062,70,1,27.3540000915527,35.9860000610352,0.222411006689072,0.20932799577713,188.724502563477,-87.571,26.0372,26.4451339143196,63,63,63,63,61,63,0.199983,8045,1.29563008188212,26,-88,0.001869,51,2023-09-07 06:25:42.00068,70,1.037,0.0011,"aoml_navis",1023.64654983279
"7901009",10,0.151466844390431,1,0.218673,1,0.196245,1,194.4438566381,1,4.88434141395616,72,1,27.3090000152588,35.9990005493164,0.218673005700111,0.20558999478817,187.505599975586,-87.571,26.0372,26.4451339143196,63,63,63,63,61,63,0.196245,8045,1.29563008188212,26,-88,0.001869,51,2023-09-07 06:25:42.00068,72,1.037,0.0011,"aoml_navis",1023.67946387068
"7901009",10,0.164449716766754,1,0.235494,1,0.213066,1,193.808799942421,1,4.88417775901623,74,1,27.261999130249,36.0130004882812,0.235494002699852,0.222411006689072,186.893203735352,-87.571,26.0372,26.4451339143196,63,63,63,63,61,63,0.213066,8045,1.29563008188212,26,-88,0.001869,51,2023-09-07 06:25:42.00068,74,1.037,0.0011,"aoml_navis",1023.71376446526
"7901009",10,0.177432589143076,1,0.252315,1,0.229887,1,193.705299024336,1,4.88411072608578,76,1,27.2520008087158,36.015998840332,0.252315014600754,0.239232003688812,186.793395996094,-87.571,26.0372,26.4451339143196,63,63,63,63,61,63,0.229887,8045,1.29563008188212,26,-88,0.001869,51,2023-09-07 06:25:42.00068,76,1.037,0.0011,"aoml_navis",1023.72781462453
"7901009",10,0.168777340892195,1,0.241101,1,0.218673,1,193.616640463866,1,4.88406320767838,78,1,27.25,36.0169982910156,0.241100996732712,0.228018000721931,186.707901000977,-87.571,26.0372,26.4451339143196,63,63,63,63,61,63,0.218673,8045,1.29563008188212,26,-88,0.001869,51,2023-09-07 06:25:42.00068,78,1.037,0.0011,"aoml_navis",1023.73777475675
"7901009",10,0.164449716766754,1,0.235494,1,0.213066,1,193.390682183747,1,4.8840090062471,80,1,27.246000289917,36.0190010070801,0.235494002699852,0.222411006689072,186.490005493164,-87.571,26.0372,26.4451339143196,63,63,63,63,61,63,0.213066,8045,1.29563008188212,26,-88,0.001869,51,2023-09-07 06:25:42.00068,80,1.037,0.0011,"aoml_navis",1023.74913592594
"7901009",10,0.164449716766754,1,0.235494,1,0.213066,1,192.903590185364,1,4.88393993235538,82,1,27.2369995117188,36.0229988098145,0.235494002699852,0.222411006689072,186.020294189453,-87.571,26.0372,26.4451339143196,63,63,63,63,61,63,0.213066,8045,1.29563008188212,26,-88,0.001869,51,2023-09-07 06:25:42.00068,82,1.037,0.0011,"aoml_navis",1023.76361487899
"7901009",10,0.175990047767929,1,0.250446,1,0.228018,1,191.772232267281,1,4.88381797237081,84,1,27.2099990844727,36.0340003967285,0.250445991754532,0.237362995743752,184.929306030273,-87.571,26.0372,26.4451339143196,63,63,63,63,61,63,0.228018,8045,1.29563008188212,26,-88,0.001869,51,2023-09-07 06:25:42.00068,84,1.037,0.0011,"aoml_navis",1023.78918057275
"7901009",10,0.201955792520575,1,0.284088,1,0.26166,1,190.76456593713,1,4.8836396020433,86,1,27.1650009155273,36.0530014038086,0.284087985754013,0.271005004644394,183.957595825195,-87.571,26.0372,26.4451339143196,63,63,63,63,61,63,0.26166,8045,1.29563008188212,26,-88,0.001869,51,2023-09-07 06:25:42.00068,86,1.037,0.0011,"aoml_navis",1023.82657350637
"7901009",10,0.249559657900425,1,0.345765,1,0.323337,1,189.679665547788,1,4.88338534508815,88,1,27.128999710083,36.0970001220703,0.345764994621277,0.332682013511658,182.911407470703,-87.571,26.0372,26.4451339143196,63,63,63,63,61,63,0.323337,8045,1.29563008188212,26,-88,0.001869,51,2023-09-07 06:25:42.00068,88,1.037,0.0011,"aoml_navis",1023.87987977012
"7901009",10,0.291393357779687,1,0.399966,1,0.377538,1,188.169780040278,1,4.8829899965321,90,1,27.1110000610352,36.1879997253418,0.39996600151062,0.386882990598679,181.45539855957,-87.571,26.0372,26.4451339143196,63,63,63,63,61,63,0.377538,8045,1.29563008188212,26,-88,0.001869,51,2023-09-07 06:25:42.00068,90,1.037,0.0011,"aoml_navis",1023.96277763235
"7901009",10,0.363520426537035,1,0.493416,1,0.470988,1,185.839735598936,1,4.88278264095787,92,1,27.0400009155273,36.2039985656738,0.493416011333466,0.480333000421524,179.20849609375,-87.571,26.0372,26.4451339143196,63,63,63,63,61,63,0.470988,8045,1.29563008188212,26,-88,0.001869,51,2023-09-07 06:25:42.00068,92,1.037,0.0011,"aoml_navis",1024.00626193328
"7901009",10,0.419779540167766,1,0.566307,1,0.543879,1,184.785627563453,1,4.88266117335068,94,1,26.9640007019043,36.1940002441406,0.566307008266449,0.55322402715683,178.192001342773,-87.571,26.0372,26.4451339143196,63,63,63,63,61,63,0.543879,8045,1.29563008188212,26,-88,0.001869,51,2023-09-07 06:25:42.00068,94,1.037,0.0011,"aoml_navis",1024.03173648209
"7901009",10,0.435647495294383,1,0.586866,1,0.564438,1,184.715735566024,1,4.88255886184422,96,1,26.9519996643066,36.2060012817383,0.586866021156311,0.573782980442047,178.124603271484,-87.571,26.0372,26.4451339143196,63,63,63,63,61,63,0.564438,8045,1.29563008188212,26,-88,0.001869,51,2023-09-07 06:25:42.00068,96,1.037,0.0011,"aoml_navis",1024.05319453976
"7901009",10,0.476038653798498,1,0.639198,1,0.61677,1,184.684927388756,1,4.88243909127366,98,1,26.9449996948242,36.2249984741211,0.639198005199432,0.626115024089813,178.09489440918,-87.571,26.0372,26.4451339143196,63,63,63,63,61,63,0.61677,8045,1.29563008188212,26,-88,0.001869,51,2023-09-07 06:25:42.00068,98,1.037,0.0011,"aoml_navis",1024.07831547483
"7901009",10,0.502004398551143,1,0.67284,1,0.650412,1,184.263803182377,1,4.88222799235423,100,1,26.9370002746582,36.2690010070801,0.672839999198914,0.659757018089294,177.68879699707,-87.571,26.0372,26.4451339143196,63,63,63,63,61,63,0.650412,8045,1.29563008188212,26,-88,0.001869,51,2023-09-07 06:25:42.00068,100,1.037,0.0011,"aoml_navis",1024.12259481331
"7901009",10,0.496234233050555,1,0.665364,1,0.642936,1,183.635376495057,1,4.882098690939,102,1,26.9050006866455,36.2799987792969,0.665364027023315,0.652280986309052,177.082794189453,-87.571,26.0372,26.4451339143196,63,63,63,63,61,63,0.642936,8045,1.29563008188212,26,-88,0.001869,51,2023-09-07 06:25:42.00068,102,1.037,0.0011,"aoml_navis",1024.14971849705
"7901009",10,0.478923736548792,1,0.642936,1,0.620508,1,184.291383384215,1,4.88200825990088,104,1,26.8889999389648,36.2869987487793,0.642935991287231,0.629853010177612,177.715393066406,-87.571,26.0372,26.4451339143196,63,63,63,63,61,63,0.620508,8045,1.29563008188212,26,-88,0.001869,51,2023-09-07 06:25:42.00068,104,1.037,0.0011,"aoml_navis",1024.16868915775
"7901009",10,0.432762412544089,1,0.583128,1,0.5607,1,185.943331457475,1,4.88177394368174,106,1,26.9009990692139,36.3460006713867,0.583127975463867,0.570044994354248,179.308395385742,-87.571,26.0372,26.4451339143196,63,63,63,63,61,63,0.5607,8045,1.29563008188212,26,-88,0.001869,51,2023-09-07 06:25:42.00068,106,1.037,0.0011,"aoml_navis",1024.21784738134
"7901009",10,0.428434788418648,1,0.577521,1,0.555093,1,186.16857768419,1,4.88159343895965,108,1,26.9270000457764,36.3959999084473,0.577521026134491,0.564437985420227,179.525604248047,-87.571,26.0372,26.4451339143196,63,63,63,63,61,63,0.555093,8045,1.29563008188212,26,-88,0.001869,51,2023-09-07 06:25:42.00068,108,1.037,0.0011,"aoml_navis",1024.25571947376
"7901009",10,0.429877329793795,1,0.57939,1,0.556962,1,185.467252551737,1,4.88141901024518,110,1,26.8959999084473,36.4199981689453,0.579389989376068,0.566307008266449,178.849304199219,-87.571,26.0372,26.4451339143196,63,63,63,63,61,63,0.556962,8045,1.29563008188212,26,-88,0.001869,51,2023-09-07 06:25:42.00068,110,1.037,0.0011,"aoml_navis",1024.2923194067
"7901009",10,0.399583960915709,1,0.540141,1,0.517713,1,184.793618384984,1,4.88127385524005,112,1,26.863000869751,36.435001373291,0.540140986442566,0.527058005332947,178.19970703125,-87.571,26.0372,26.4451339143196,63,63,63,63,61,63,0.517713,8045,1.29563008188212,26,-88,0.001869,51,2023-09-07 06:25:42.00068,112,1.037,0.0011,"aoml_navis",1024.32277890586
"7901009",10,0.380830923038798,1,0.515844,1,0.493416,1,184.465915585175,1,4.88109092020742,114,1,26.8169994354248,36.4550018310547,0.515843987464905,0.502761006355286,177.883697509766,-87.571,26.0372,26.4451339143196,63,63,63,63,61,63,0.493416,8045,1.29563008188212,26,-88,0.001869,51,2023-09-07 06:25:42.00068,114,1.037,0.0011,"aoml_navis",1024.36116879124
"7901009",10,0.380830923038798,1,0.515844,1,0.493416,1,184.076216669015,1,4.88102562614743,116,1,26.8080005645752,36.4580001831055,0.515843987464905,0.502761006355286,177.507904052734,-87.571,26.0372,26.4451339143196,63,63,63,63,61,63,0.493416,8045,1.29563008188212,26,-88,0.001869,51,2023-09-07 06:25:42.00068,116,1.037,0.0011,"aoml_navis",1024.37487179236
"7901009",10,0.382273464413945,1,0.517713,1,0.495285,1,183.423516872332,1,4.8809215264428,118,1,26.7830009460449,36.4650001525879,0.517713010311127,0.504630029201508,176.878494262695,-87.571,26.0372,26.4451339143196,63,63,63,63,61,63,0.495285,8045,1.29563008188212,26,-88,0.001869,51,2023-09-07 06:25:42.00068,118,1.037,0.0011,"aoml_navis",1024.39671953587
"7901009",10,0.357750261036447,1,0.48594,1,0.463512,1,182.919747000893,1,4.88082561498998,120,1,26.7609996795654,36.4710006713867,0.485940009355545,0.472856998443604,176.392700195312,-87.571,26.0372,26.4451339143196,63,63,63,63,61,63,0.463512,8045,1.29563008188212,26,-88,0.001869,51,2023-09-07 06:25:42.00068,120,1.037,0.0011,"aoml_navis",1024.41684960922
"7901009",10,0.347652471410418,1,0.472857,1,0.450429,1,182.130174716603,1,4.8807348377699,122,1,26.7399997711182,36.476001739502,0.472856998443604,0.459773987531662,175.631301879883,-87.571,26.0372,26.4451339143196,63,63,63,63,61,63,0.450429,8045,1.29563008188212,26,-88,0.001869,51,2023-09-07 06:25:42.00068,122,1.037,0.0011,"aoml_navis",1024.43590282905
"7901009",10,0.32312926803292,1,0.441084,1,0.418656,1,181.467838463856,1,4.88055884994026,124,1,26.6889991760254,36.492000579834,0.441083997488022,0.42800098657608,174.992599487305,-87.571,26.0372,26.4451339143196,63,63,63,63,61,63,0.418656,8045,1.29563008188212,26,-88,0.001869,51,2023-09-07 06:25:42.00068,124,1.037,0.0011,"aoml_navis",1024.47284291249
"7901009",10,0.301491147405715,1,0.413049,1,0.390621,1,181.133299951371,1,4.88044615809538,126,1,26.6630001068115,36.5009994506836,0.413049012422562,0.39996600151062,174.669998168945,-87.571,26.0372,26.4451339143196,63,63,63,63,61,63,0.390621,8045,1.29563008188212,26,-88,0.001869,51,2023-09-07 06:25:42.00068,126,1.037,0.0011,"aoml_navis",1024.49649848228
"7901009",10,0.284180650903952,1,0.390621,1,0.368193,1,180.777304896321,1,4.88037633495042,128,1,26.6509990692139,36.5040016174316,0.3906210064888,0.377537995576859,174.326705932617,-87.571,26.0372,26.4451339143196,63,63,63,63,61,63,0.368193,8045,1.29563008188212,26,-88,0.001869,51,2023-09-07 06:25:42.00068,128,1.037,0.0011,"aoml_navis",1024.51115586987
"7901009",10,0.265427613027041,1,0.366324,1,0.343896,1,180.241476798305,1,4.88030240530527,130,1,26.6410007476807,36.5089988708496,0.366324007511139,0.353240996599197,173.809997558594,-87.571,26.0372,26.4451339143196,63,63,63,63,61,63,0.343896,8045,1.29563008188212,26,-88,0.001869,51,2023-09-07 06:25:42.00068,130,1.037,0.0011,"aoml_navis",1024.52667575776
"7901009",10,0.258214906151306,1,0.356979,1,0.334551,1,179.704414474389,1,4.8801245125381,132,1,26.5909996032715,36.5260009765625,0.356979012489319,0.343896001577377,173.292098999023,-87.571,26.0372,26.4451339143196,63,63,63,63,61,63,0.334551,8045,1.29563008188212,26,-88,0.001869,51,2023-09-07 06:25:42.00068,132,1.037,0.0011,"aoml_navis",1024.56402232236
"7901009",10,0.252444740650718,4,0.349503,1,0.327075,1,179.757201366719,1,4.88000680343923,134,1,26.5639991760254,36.5359992980957,0.349503010511398,0.336419999599457,173.343002319336,-87.571,26.0372,26.4451339143196,63,63,63,63,61,63,0.327075,8045,1.29563008188212,26,-88,0.001869,51,2023-09-07 06:25:42.00068,134,1.037,0.0011,"aoml_navis",1024.58873550672
"7901009",10,0.246674575150131,4,0.342027,1,0.319599,1,179.84399276493,1,4.87996093825832,136,1,26.5629997253418,36.5369987487793,0.342027008533478,0.328943997621536,173.426696777344,-87.571,26.0372,26.4451339143196,63,63,63,63,61,63,0.319599,8045,1.29563008188212,26,-88,0.001869,51,2023-09-07 06:25:42.00068,136,1.037,0.0011,"aoml_navis",1024.5983652862
"7901009",10,0.262542530276747,1,0.362586,1,0.340158,1,179.593460730677,1,4.87991244706846,138,1,26.5650005340576,36.5400009155273,0.362585991621017,0.349503010511398,173.185104370117,-87.571,26.0372,26.4451339143196,63,63,63,63,61,63,0.340158,8045,1.29563008188212,26,-88,0.001869,51,2023-09-07 06:25:42.00068,138,1.037,0.0011,"aoml_navis",1024.60854661515
"7901009",10,0.246674575150131,1,0.342027,1,0.319599,1,179.178444360162,1,4.87978289196661,140,1,26.5419998168945,36.5550003051758,0.342027008533478,0.328943997621536,172.784896850586,-87.571,26.0372,26.4451339143196,63,63,63,63,61,63,0.319599,8045,1.29563008188212,26,-88,0.001869,51,2023-09-07 06:25:42.00068,140,1.037,0.0011,"aoml_navis",1024.63574931403
"7901009",10,0.238019326899249,1,0.330813,1,0.308385,1,178.701226168978,1,4.87967503012754,142,1,26.511999130249,36.5610008239746,0.330812990665436,0.317730009555817,172.32470703125,-87.571,26.0372,26.4451339143196,63,63,63,63,61,63,0.308385,8045,1.29563008188212,26,-88,0.001869,51,2023-09-07 06:25:42.00068,142,1.037,0.0011,"aoml_navis",1024.65839817807
"7901009",10,0.225036454522926,1,0.313992,1,0.291564,1,178.265259604983,1,4.87957879221381,144,1,26.492000579834,36.568000793457,0.313991993665695,0.300909012556076,171.904296875,-87.571,26.0372,26.4451339143196,63,63,63,63,61,63,0.291564,8045,1.29563008188212,26,-88,0.001869,51,2023-09-07 06:25:42.00068,144,1.037,0.0011,"aoml_navis",1024.67860709173
"7901009",10,0.201955792520575,1,0.284088,1,0.26166,1,177.74862530205,1,4.87946794909999,146,1,26.4599990844727,36.5740013122559,0.284087985754013,0.271005004644394,171.406097412109,-87.571,26.0372,26.4451339143196,63,63,63,63,61,63,0.26166,8045,1.29563008188212,26,-88,0.001869,51,2023-09-07 06:25:42.00068,146,1.037,0.0011,"aoml_navis",1024.70188392614
"7901009",10,0.190415461519399,1,0.269136,1,0.246708,1,177.715554377298,1,4.87938100786625,148,1,26.4389991760254,36.5779991149902,0.269136011600494,0.256053000688553,171.374206542969,-87.571,26.0372,26.4451339143196,63,63,63,63,61,63,0.246708,8045,1.29563008188212,26,-88,0.001869,51,2023-09-07 06:25:42.00068,148,1.037,0.0011,"aoml_navis",1024.72014215313
"7901009",10,0.183202754643664,1,0.259791,1,0.237363,1,177.575754559031,1,4.8793010900559,150,1,26.4249992370605,36.5830001831055,0.259790986776352,0.246708005666733,171.239395141602,-87.571,26.0372,26.4451339143196,63,63,63,63,61,63,0.237363,8045,1.29563008188212,26,-88,0.001869,51,2023-09-07 06:25:42.00068,150,1.037,0.0011,"aoml_navis",1024.73692598927
"7901009",10,0.175990047767929,1,0.250446,1,0.228018,1,177.407251076889,1,4.87921911053767,152,1,26.4120006561279,36.5890007019043,0.250445991754532,0.237362995743752,171.076904296875,-87.571,26.0372,26.4451339143196,63,63,63,63,61,63,0.228018,8045,1.29563008188212,26,-88,0.001869,51,2023-09-07 06:25:42.00068,152,1.037,0.0011,"aoml_navis",1024.75414338362
"7901009",10,0.170219882267342,1,0.24297,1,0.220542,1,177.159203317846,1,4.87914375142455,154,1,26.4009990692139,36.5940017700195,0.242970004677773,0.229886993765831,170.837707519531,-87.571,26.0372,26.4451339143196,63,63,63,63,61,63,0.220542,8045,1.29563008188212,26,-88,0.001869,51,2023-09-07 06:25:42.00068,154,1.037,0.0011,"aoml_navis",1024.76997086634
"7901009",10,0.154351927140725,1,0.222411,1,0.199983,1,176.80267026689,1,4.87901149190652,156,1,26.3689994812012,36.6059989929199,0.222411006689072,0.20932799577713,170.493896484375,-87.571,26.0372,26.4451339143196,63,63,63,63,61,63,0.199983,8045,1.29563008188212,26,-88,0.001869,51,2023-09-07 06:25:42.00068,156,1.037,0.0011,"aoml_navis",1024.79775017833
"7901009",10,0.142811596139549,1,0.207459,1,0.185031,1,176.394410492006,1,4.87889966886607,158,1,26.3409996032715,36.6139984130859,0.207459002733231,0.19437600672245,170.100204467773,-87.571,26.0372,26.4451339143196,63,63,63,63,61,63,0.185031,8045,1.29563008188212,26,-88,0.001869,51,2023-09-07 06:25:42.00068,158,1.037,0.0011,"aoml_navis",1024.82123826131
"7901009",10,0.12838618238808,1,0.188769,1,0.166341,1,176.166474285765,1,4.87875329457552,160,1,26.3020000457764,36.6269989013672,0.188768997788429,0.175686001777649,169.880401611328,-87.571,26.0372,26.4451339143196,63,63,63,63,61,63,0.166341,8045,1.29563008188212,26,-88,0.001869,51,2023-09-07 06:25:42.00068,160,1.037,0.0011,"aoml_navis",1024.85198535439
"7901009",10,0.115403310011757,4,0.171948,1,0.14952,1,175.981055579432,1,4.8785943242575,162,1,26.2569999694824,36.640998840332,0.171948000788689,0.158865004777908,169.701599121094,-87.571,26.0372,26.4451339143196,63,63,63,63,61,63,0.14952,8045,1.29563008188212,26,-88,0.001869,51,2023-09-07 06:25:42.00068,162,1.037,0.0011,"aoml_navis",1024.88538043404
"7901009",10,0.125501099637786,1,0.185031,1,0.162603,1,175.69712032884,1,4.87849525509617,164,1,26.2350006103516,36.6479988098145,0.185030996799469,0.171948000788689,169.427795410156,-87.571,26.0372,26.4451339143196,63,63,63,63,61,63,0.162603,8045,1.29563008188212,26,-88,0.001869,51,2023-09-07 06:25:42.00068,164,1.037,0.0011,"aoml_navis",1024.90619310881
"7901009",10,0.0995353548851404,1,0.151389,1,0.128961,1,175.344543130127,1,4.87836280145321,166,1,26.1979999542236,36.6580009460449,0.151389002799988,0.138306006789207,169.087799072266,-87.571,26.0372,26.4451339143196,63,63,63,63,61,63,0.128961,8045,1.29563008188212,26,-88,0.001869,51,2023-09-07 06:25:42.00068,166,1.037,0.0011,"aoml_navis",1024.93402059202
"7901009",10,0.0865524825088178,1,0.134568,1,0.11214,1,174.92216887444,1,4.87822022283388,168,1,26.1590003967285,36.6699981689453,0.134568005800247,0.121485002338886,168.68049621582,-87.571,26.0372,26.4451339143196,63,63,63,63,61,63,0.11214,8045,1.29563008188212,26,-88,0.001869,51,2023-09-07 06:25:42.00068,168,1.037,0.0011,"aoml_navis",1024.96397694309
"7901009",10,0.0793397756330829,1,0.125223,1,0.102795,1,174.528419165582,1,4.87806205199771,170,1,26.1119995117188,36.6829986572266,0.125222995877266,0.112139999866486,168.300796508789,-87.571,26.0372,26.4451339143196,63,63,63,63,61,63,0.102795,8045,1.29563008188212,26,-88,0.001869,51,2023-09-07 06:25:42.00068,170,1.037,0.0011,"aoml_navis",1024.99721133157
"7901009",10,0.0649143618816133,1,0.106533,1,0.084105,1,174.26957984162,1,4.87795557317493,172,1,26.0849990844727,36.689998626709,0.106532998383045,0.0934500023722649,168.051193237305,-87.571,26.0372,26.4451339143196,63,63,63,63,61,63,0.084105,8045,1.29563008188212,26,-88,0.001869,51,2023-09-07 06:25:42.00068,172,1.037,0.0011,"aoml_navis",1025.01958556085
"7901009",10,0.0634718205064664,1,0.104664,1,0.082236,1,173.700902346578,1,4.87784461307808,174,1,26.0550003051758,36.6969985961914,0.104663997888565,0.0915810018777847,167.502807617188,-87.571,26.0372,26.4451339143196,63,63,63,63,61,63,0.082236,8045,1.29563008188212,26,-88,0.001869,51,2023-09-07 06:25:42.00068,174,1.037,0.0011,"aoml_navis",1025.04290247262
"7901009",10,0.0504889481301437,1,0.087843,1,0.065415,1,173.431888570646,1,4.87768210706286,176,1,26.0049991607666,36.7099990844727,0.0878430008888245,0.0747599974274635,167.243392944336,-87.571,26.0372,26.4451339143196,63,63,63,63,61,63,0.065415,8045,1.29563008188212,26,-88,0.001869,51,2023-09-07 06:25:42.00068,176,1.037,0.0011,"aoml_navis",1025.07705304534
"7901009",10,0.0447187826295558,1,0.080367,1,0.057939,1,172.977899143832,1,4.87754936456876,178,1,25.9699993133545,36.7210006713867,0.0803669989109039,0.0672840029001236,166.805603027344,-87.571,26.0372,26.4451339143196,63,63,63,63,61,63,0.057939,8045,1.29563008188212,26,-88,0.001869,51,2023-09-07 06:25:42.00068,178,1.037,0.0011,"aoml_navis",1025.10495051485
"7901009",10,0.037506075753821,1,0.071022,1,0.048594,1,172.646050610873,1,4.8773421035485,180,1,25.9020004272461,36.7389984130859,0.0710219964385033,0.0579390004277229,166.485595703125,-87.571,26.0372,26.4451339143196,63,63,63,63,61,63,0.048594,8045,1.29563008188212,26,-88,0.001869,51,2023-09-07 06:25:42.00068,180,1.037,0.0011,"aoml_navis",1025.14851200662
"7901009",10,0.0331784516283801,1,0.065415,1,0.042987,1,172.358175331447,1,4.87724390228029,182,1,25.8780002593994,36.7449989318848,0.0654150024056435,0.0523319989442825,166.207992553711,-87.571,26.0372,26.4451339143196,63,63,63,63,61,63,0.042987,8045,1.29563008188212,26,-88,0.001869,51,2023-09-07 06:25:42.00068,182,1.037,0.0011,"aoml_navis",1025.1691529436
"7901009",10,0.0288508275029393,1,0.059808,1,0.03738,1,171.983097245177,1,4.87711490173758,184,1,25.8430004119873,36.7550010681152,0.0598080009222031,0.0467250011861324,165.846298217773,-87.571,26.0372,26.4451339143196,63,63,63,63,61,63,0.03738,8045,1.29563008188212,26,-88,0.001869,51,2023-09-07 06:25:42.00068,184,1.037,0.0011,"aoml_navis",1025.19626884711
"7901009",10,0.0230806620023514,1,0.052332,1,0.029904,1,171.75340464054,1,4.87700269858138,186,1,25.8120002746582,36.7620010375977,0.0523319989442825,0.0392489992082119,165.624801635742,-87.571,26.0372,26.4451339143196,63,63,63,63,61,63,0.029904,8045,1.29563008188212,26,-88,0.001869,51,2023-09-07 06:25:42.00068,186,1.037,0.0011,"aoml_navis",1025.21985510781
"7901009",10,0.0245232033774984,1,0.054201,1,0.031773,1,171.362977847567,1,4.87689202230673,188,1,25.7819995880127,36.7690010070801,0.0542009994387627,0.041117999702692,165.248306274414,-87.571,26.0372,26.4451339143196,63,63,63,63,61,63,0.031773,8045,1.29563008188212,26,-88,0.001869,51,2023-09-07 06:25:42.00068,188,1.037,0.0011,"aoml_navis",1025.24312146551
"7901009",10,0.0230806620023514,1,0.052332,1,0.029904,1,171.107144971309,1,4.87675121357315,190,1,25.7390003204346,36.7789993286133,0.0523319989442825,0.0392489992082119,165.001602172852,-87.571,26.0372,26.4451339143196,63,63,63,63,61,63,0.029904,8045,1.29563008188212,26,-88,0.001869,51,2023-09-07 06:25:42.00068,190,1.037,0.0011,"aoml_navis",1025.2727237928
"7901009",10,0.0144254137514696,1,0.041118,1,0.01869,1,170.841248406945,1,4.87664210463236,192,1,25.7099990844727,36.7859992980957,0.041117999702692,0.0280349999666214,164.745193481445,-87.571,26.0372,26.4451339143196,63,63,63,63,61,63,0.01869,8045,1.29563008188212,26,-88,0.001869,51,2023-09-07 06:25:42.00068,192,1.037,0.0011,"aoml_navis",1025.29566302404
"7901009",10,0.0115403310011757,1,0.03738,1,0.014952,1,170.507548535136,1,4.87652199039043,194,1,25.6760005950928,36.7939987182617,0.0373799987137318,0.0242970008403063,164.423400878906,-87.571,26.0372,26.4451339143196,63,63,63,63,61,63,0.014952,8045,1.29563008188212,26,-88,0.001869,51,2023-09-07 06:25:42.00068,194,1.037,0.0011,"aoml_navis",1025.32091721372
"7901009",10,0.0158679551266166,1,0.042987,1,0.020559,1,170.034571017556,1,4.87640698934515,196,1,25.6429996490479,36.8009986877441,0.0429870001971722,0.0299040004611015,163.967300415039,-87.571,26.0372,26.4451339143196,63,63,63,63,61,63,0.020559,8045,1.29563008188212,26,-88,0.001869,51,2023-09-07 06:25:42.00068,196,1.037,0.0011,"aoml_navis",1025.34509751235
"7901009",10,0.0129828723763227,1,0.039249,1,0.016821,1,169.296013403791,1,4.87622735186853,198,1,25.5809993743896,36.8139991760254,0.0392489992082119,0.0261659994721413,163.255096435547,-87.571,26.0372,26.4451339143196,63,63,63,63,61,63,0.016821,8045,1.29563008188212,26,-88,0.001869,51,2023-09-07 06:25:42.00068,198,1.037,0.0011,"aoml_navis",1025.38287064979
"7901009",10,0.0100977896260287,1,0.035511,1,0.013083,1,169.021413964492,1,4.87600824954561,200,1,25.5020008087158,36.8310012817383,0.0355109982192516,0.0224280003458261,162.990295410156,-87.571,26.0372,26.4451339143196,63,63,63,63,61,63,0.013083,8045,1.29563008188212,26,-88,0.001869,51,2023-09-07 06:25:42.00068,200,1.037,0.0011,"aoml_navis",1025.42894599613
"7901009",10,0.00721270687573481,1,0.031773,1,0.009345,1,168.893972228633,1,4.87589196503067,202,1,25.4680004119873,36.8380012512207,0.0317730009555817,0.0186899993568659,162.867401123047,-87.571,26.0372,26.4451339143196,63,63,63,63,61,63,0.009345,8045,1.29563008188212,26,-88,0.001869,51,2023-09-07 06:25:42.00068,202,1.037,0.0011,"aoml_navis",1025.45340131804
"7901009",10,0.00865524825088178,1,0.033642,1,0.011214,1,168.742146619547,1,4.87583431742254,204,1,25.4589996337891,36.8390007019043,0.0336420014500618,0.020558999851346,162.720993041992,-87.571,26.0372,26.4451339143196,63,63,63,63,61,63,0.011214,8045,1.29563008188212,26,-88,0.001869,51,2023-09-07 06:25:42.00068,204,1.037,0.0011,"aoml_navis",1025.46552538379
"7901009",10,0.0144254137514696,1,0.041118,1,0.01869,1,168.311180252788,1,4.87576060695552,206,1,25.4440002441406,36.8419990539551,0.041117999702692,0.0280349999666214,162.305404663086,-87.571,26.0372,26.4451339143196,63,63,63,63,61,63,0.01869,8045,1.29563008188212,26,-88,0.001869,51,2023-09-07 06:25:42.00068,206,1.037,0.0011,"aoml_navis",1025.481028102
"7901009",10,0.00432762412544089,1,0.028035,1,0.005607,1,167.917114075751,1,4.87559745358119,208,1,25.3880004882812,36.8530006408691,0.0280349999666214,0.0149520002305508,161.925399780273,-87.571,26.0372,26.4451339143196,63,63,63,63,61,63,0.005607,8045,1.29563008188212,26,-88,0.001869,51,2023-09-07 06:25:42.00068,208,1.037,0.0011,"aoml_navis",1025.51534403798
"7901009",10,0.00432762412544089,1,0.028035,1,0.005607,1,167.390621789028,1,4.87548700164918,210,1,25.3530006408691,36.8580017089844,0.0280349999666214,0.0149520002305508,161.417694091797,-87.571,26.0372,26.4451339143196,63,63,63,63,61,63,0.005607,8045,1.29563008188212,26,-88,0.001869,51,2023-09-07 06:25:42.00068,210,1.037,0.0011,"aoml_navis",1025.53857661987
"7901009",10,0.00577016550058785,1,0.029904,1,0.007476,1,166.945034592379,1,4.87532045117909,212,1,25.2970008850098,36.8699989318848,0.0299040004611015,0.0168210007250309,160.988006591797,-87.571,26.0372,26.4451339143196,63,63,63,63,61,63,0.007476,8045,1.29563008188212,26,-88,0.001869,51,2023-09-07 06:25:42.00068,212,1.037,0.0011,"aoml_navis",1025.57361102094
"7901009",10,0.00288508275029393,1,0.026166,1,0.003738,1,166.418858773835,1,4.87518606378017,214,1,25.2530002593994,36.8779983520508,0.0261659994721413,0.0130829997360706,160.480606079102,-87.571,26.0372,26.4451339143196,63,63,63,63,61,63,0.003738,8045,1.29563008188212,26,-88,0.001869,51,2023-09-07 06:25:42.00068,214,1.037,0.0011,"aoml_navis",1025.60188156656
"7901009",10,0.00288508275029393,1,0.026166,1,0.003738,1,166.006120974212,1,4.87503993874188,216,1,25.201000213623,36.8860015869141,0.0261659994721413,0.0130829997360706,160.082595825195,-87.571,26.0372,26.4451339143196,63,63,63,63,61,63,0.003738,8045,1.29563008188212,26,-88,0.001869,51,2023-09-07 06:25:42.00068,216,1.037,0.0011,"aoml_navis",1025.63262308172
"7901009",10,0.00144254137514696,1,0.024297,1,0.001869,1,165.630109306812,1,4.87492530999199,218,1,25.1630001068115,36.890998840332,0.0242970008403063,0.0112140001729131,159.720001220703,-87.571,26.0372,26.4451339143196,63,63,63,63,61,63,0.001869,8045,1.29563008188212,26,-88,0.001869,51,2023-09-07 06:25:42.00068,218,1.037,0.0011,"aoml_navis",1025.65673975592
"7901009",10,-0.00144254137514696,1,0.020559,1,-0.001869,1,165.122700051309,1,4.87480418666871,220,1,25.1229991912842,36.8969993591309,0.020558999851346,0.00747600011527538,159.230697631836,-87.571,26.0372,26.4451339143196,63,63,63,63,61,63,-0.001869,8045,1.29563008188212,26,-88,0.001869,51,2023-09-07 06:25:42.00068,220,1.037,0.0011,"aoml_navis",1025.68222405193
"7901009",10,0,1,0.022428,1,0,1,164.786610844745,1,4.87467659351003,222,1,25.0809993743896,36.9039993286133,0.0224280003458261,0.00934499967843294,158.906600952148,-87.571,26.0372,26.4451339143196,63,63,63,63,61,63,0,8045,1.29563008188212,26,-88,0.001869,51,2023-09-07 06:25:42.00068,222,1.037,0.0011,"aoml_navis",1025.70907096828
"7901009",10,0.00144254137514696,1,0.024297,1,0.001869,1,164.279201589243,1,4.87459278509417,224,1,25.0590000152588,36.9070014953613,0.0242970008403063,0.0112140001729131,158.417297363281,-87.571,26.0372,26.4451339143196,63,63,63,63,61,63,0.001869,8045,1.29563008188212,26,-88,0.001869,51,2023-09-07 06:25:42.00068,224,1.037,0.0011,"aoml_navis",1025.72670588799
"7901009",10,0.00288508275029393,1,0.026166,1,0.003738,1,163.313546409913,1,4.8744798113531,226,1,25.0219993591309,36.9119987487793,0.0261659994721413,0.0130829997360706,157.486099243164,-87.571,26.0372,26.4451339143196,63,63,63,63,61,63,0.003738,8045,1.29563008188212,26,-88,0.001869,51,2023-09-07 06:25:42.00068,226,1.037,0.0011,"aoml_navis",1025.75047871868
"7901009",10,0.00288508275029393,1,0.026166,1,0.003738,1,162.550209337698,1,4.87418384650188,228,1,24.886999130249,36.9280014038086,0.0261659994721413,0.0130829997360706,156.75,-87.571,26.0372,26.4451339143196,63,63,63,63,61,63,0.003738,8045,1.29563008188212,26,-88,0.001869,51,2023-09-07 06:25:42.00068,228,1.037,0.0011,"aoml_navis",1025.81276321541
"7901009",10,0,1,0.022428,1,0,1,161.980487497664,1,4.87397865011422,230,1,24.798999786377,36.9379997253418,0.0224280003458261,0.00934499967843294,156.200607299805,-87.571,26.0372,26.4451339143196,63,63,63,63,61,63,0,8045,1.29563008188212,26,-88,0.001869,51,2023-09-07 06:25:42.00068,230,1.037,0.0011,"aoml_navis",1025.85595032978
"7901009",10,0.00288508275029393,1,0.026166,1,0.003738,1,161.355162198503,1,4.87382237217636,232,1,24.7369995117188,36.9449996948242,0.0261659994721413,0.0130829997360706,155.597595214844,-87.571,26.0372,26.4451339143196,63,63,63,63,61,63,0.003738,8045,1.29563008188212,26,-88,0.001869,51,2023-09-07 06:25:42.00068,232,1.037,0.0011,"aoml_navis",1025.8888441532
"7901009",10,-0.00144254137514696,1,0.020559,1,-0.001869,1,160.635798379821,1,4.87365032283774,234,1,24.6690006256104,36.9539985656738,0.020558999851346,0.00747600011527538,154.903900146484,-87.571,26.0372,26.4451339143196,63,63,63,63,61,63,-0.001869,8045,1.29563008188212,26,-88,0.001869,51,2023-09-07 06:25:42.00068,234,1.037,0.0011,"aoml_navis",1025.92506002538
"7901009",10,0.00144254137514696,1,0.024297,1,0.001869,1,159.93966332551,1,4.87339147894086,236,1,24.5510005950928,36.9669990539551,0.0242970008403063,0.0112140001729131,154.232604980469,-87.571,26.0372,26.4451339143196,63,63,63,63,61,63,0.001869,8045,1.29563008188212,26,-88,0.001869,51,2023-09-07 06:25:42.00068,236,1.037,0.0011,"aoml_navis",1025.97955071048
"7901009",10,0.00144254137514696,1,0.024297,1,0.001869,1,159.591943913352,1,4.8731750932077,238,1,24.4619998931885,36.9799995422363,0.0242970008403063,0.0112140001729131,153.89729309082,-87.571,26.0372,26.4451339143196,63,63,63,63,61,63,0.001869,8045,1.29563008188212,26,-88,0.001869,51,2023-09-07 06:25:42.00068,238,1.037,0.0011,"aoml_navis",1026.02510773091
"7901009",10,0.00288508275029393,1,0.026166,1,0.003738,1,159.25337043158,1,4.87307005089667,240,1,24.4249992370605,36.9830017089844,0.0261659994721413,0.0130829997360706,153.57080078125,-87.571,26.0372,26.4451339143196,63,63,63,63,61,63,0.003738,8045,1.29563008188212,26,-88,0.001869,51,2023-09-07 06:25:42.00068,240,1.037,0.0011,"aoml_navis",1026.04722439399
"7901009",10,0.00432762412544089,1,0.028035,1,0.005607,1,158.853085654817,1,4.87295136950176,242,1,24.3810005187988,36.9869995117188,0.0280349999666214,0.0149520002305508,153.184799194336,-87.571,26.0372,26.4451339143196,63,63,63,63,61,63,0.005607,8045,1.29563008188212,26,-88,0.001869,51,2023-09-07 06:25:42.00068,242,1.037,0.0011,"aoml_navis",1026.07221391402
"7901009",10,0.00288508275029393,1,0.026166,1,0.003738,1,158.486504739165,1,4.87278660653178,244,1,24.3099994659424,36.9930000305176,0.0261659994721413,0.0130829997360706,152.831298828125,-87.571,26.0372,26.4451339143196,63,63,63,63,61,63,0.003738,8045,1.29563008188212,26,-88,0.001869,51,2023-09-07 06:25:42.00068,244,1.037,0.0011,"aoml_navis",1026.10690837512
"7901009",10,0.00432762412544089,1,0.028035,1,0.005607,1,158.033021661438,1,4.87264576316335,246,1,24.2479991912842,36.9959983825684,0.0280349999666214,0.0149520002305508,152.393997192383,-87.571,26.0372,26.4451339143196,63,63,63,63,61,63,0.005607,8045,1.29563008188212,26,-88,0.001869,51,2023-09-07 06:25:42.00068,246,1.037,0.0011,"aoml_navis",1026.13656789899
"7901009",10,0.00432762412544089,1,0.028035,1,0.005607,1,157.289495497256,1,4.8725510556006,248,1,24.2080001831055,36.9949989318848,0.0280349999666214,0.0149520002305508,151.677001953125,-87.571,26.0372,26.4451339143196,63,63,63,63,61,63,0.005607,8045,1.29563008188212,26,-88,0.001869,51,2023-09-07 06:25:42.00068,248,1.037,0.0011,"aoml_navis",1026.15651287079
"7901009",10,0.00288508275029393,1,0.026166,1,0.003738,1,156.486441668522,1,4.87225111871101,250,1,24.0599994659424,37.007999420166,0.0261659994721413,0.0130829997360706,150.902603149414,-87.571,26.0372,26.4451339143196,63,63,63,63,61,63,0.003738,8045,1.29563008188212,26,-88,0.001869,51,2023-09-07 06:25:42.00068,250,1.037,0.0011,"aoml_navis",1026.21968329965
"7901009",10,0.00577016550058785,1,0.029904,1,0.007476,1,156.059510271051,1,4.87193045437535,252,1,23.9069995880127,37.0250015258789,0.0299040004611015,0.0168210007250309,150.490905761719,-87.571,26.0372,26.4451339143196,63,63,63,63,61,63,0.007476,8045,1.29563008188212,26,-88,0.001869,51,2023-09-07 06:25:42.00068,252,1.037,0.0011,"aoml_navis",1026.28722778866
"7901009",10,0.00432762412544089,1,0.028035,1,0.005607,1,155.141135437729,1,4.87171135122108,254,1,23.7970008850098,37.0309982299805,0.0280349999666214,0.0149520002305508,149.60530090332,-87.571,26.0372,26.4451339143196,63,63,63,63,61,63,0.005607,8045,1.29563008188212,26,-88,0.001869,51,2023-09-07 06:25:42.00068,254,1.037,0.0011,"aoml_navis",1026.33338462197
"7901009",10,0.00721270687573481,1,0.031773,1,0.009345,1,154.474336983652,1,4.87142364669444,256,1,23.613000869751,37.0270004272461,0.0317730009555817,0.0186899993568659,148.962295532227,-87.571,26.0372,26.4451339143196,63,63,63,63,61,63,0.009345,8045,1.29563008188212,26,-88,0.001869,51,2023-09-07 06:25:42.00068,256,1.037,0.0011,"aoml_navis",1026.39399950214
"7901009",10,0.00288508275029393,1,0.026166,1,0.003738,1,153.923176002342,1,4.8712494734524,258,1,23.5060005187988,37.0219993591309,0.0261659994721413,0.0130829997360706,148.430801391602,-87.571,26.0372,26.4451339143196,63,63,63,63,61,63,0.003738,8045,1.29563008188212,26,-88,0.001869,51,2023-09-07 06:25:42.00068,258,1.037,0.0011,"aoml_navis",1026.4306985814
"7901009",10,0.00288508275029393,1,0.026166,1,0.003738,1,153.26446331025,1,4.87107197326419,260,1,23.4039993286133,37.0200004577637,0.0261659994721413,0.0130829997360706,147.795593261719,-87.571,26.0372,26.4451339143196,63,63,63,63,61,63,0.003738,8045,1.29563008188212,26,-88,0.001869,51,2023-09-07 06:25:42.00068,260,1.037,0.0011,"aoml_navis",1026.4681013632
"7901009",10,-0.00144254137514696,1,0.020559,1,-0.001869,1,152.486711112462,1,4.87081963977545,262,1,23.2509994506836,37.0190010070801,0.020558999851346,0.00747600011527538,147.045593261719,-87.571,26.0372,26.4451339143196,63,63,63,63,61,63,-0.001869,8045,1.29563008188212,26,-88,0.001869,51,2023-09-07 06:25:42.00068,262,1.037,0.0011,"aoml_navis",1026.52127768593
"7901009",10,0.00144254137514696,1,0.024297,1,0.001869,1,151.921040065125,1,4.87048379439749,264,1,23.0349998474121,37.0169982910156,0.0242970008403063,0.0112140001729131,146.500106811523,-87.571,26.0372,26.4451339143196,63,63,63,63,61,63,0.001869,8045,1.29563008188212,26,-88,0.001869,51,2023-09-07 06:25:42.00068,264,1.037,0.0011,"aoml_navis",1026.59206170678
"7901009",10,0,1,0.022428,1,0,1,151.350985933502,1,4.87024873399452,266,1,22.8799991607666,37.0110015869141,0.0224280003458261,0.00934499967843294,145.950393676758,-87.571,26.0372,26.4451339143196,63,63,63,63,61,63,0,8045,1.29563008188212,26,-88,0.001869,51,2023-09-07 06:25:42.00068,266,1.037,0.0011,"aoml_navis",1026.64160971899
"7901009",10,-0.00288508275029393,1,0.01869,1,-0.003738,1,150.849399692501,1,4.8699775276207,268,1,22.693000793457,37.0029983520508,0.0186899993568659,0.00560700008645654,145.466705322266,-87.571,26.0372,26.4451339143196,63,63,63,63,61,63,-0.003738,8045,1.29563008188212,26,-88,0.001869,51,2023-09-07 06:25:42.00068,268,1.037,0.0011,"aoml_navis",1026.69878282638
"7901009",10,0,1,0.022428,1,0,1,150.450982077997,1,4.86958807004757,270,1,22.3980007171631,36.9869995117188,0.0224280003458261,0.00934499967843294,145.082504272461,-87.571,26.0372,26.4451339143196,63,63,63,63,61,63,0,8045,1.29563008188212,26,-88,0.001869,51,2023-09-07 06:25:42.00068,270,1.037,0.0011,"aoml_navis",1026.78089564795
"7901009",10,0,1,0.022428,1,0,1,150.087201905733,1,4.86930353540196,272,1,22.1749992370605,36.9700012207031,0.0224280003458261,0.00934499967843294,144.731704711914,-87.571,26.0372,26.4451339143196,63,63,63,63,61,63,0,8045,1.29563008188212,26,-88,0.001869,51,2023-09-07 06:25:42.00068,272,1.037,0.0011,"aoml_navis",1026.84089493453
"7901009",10,-0.00288508275029393,1,0.01869,1,-0.003738,1,149.714703035124,1,4.86915347365326,274,1,22.0629997253418,36.9580001831055,0.0186899993568659,0.00560700008645654,144.372497558594,-87.571,26.0372,26.4451339143196,63,63,63,63,61,63,-0.003738,8045,1.29563008188212,26,-88,0.001869,51,2023-09-07 06:25:42.00068,274,1.037,0.0011,"aoml_navis",1026.87254099809
"7901009",10,-0.00432762412544089,1,0.016821,1,-0.005607,1,149.614319328607,1,4.86899216098592,276,1,21.9449996948242,36.9469985961914,0.0168210007250309,0.00373800005763769,144.275695800781,-87.571,26.0372,26.4451339143196,63,63,63,63,61,63,-0.005607,8045,1.29563008188212,26,-88,0.001869,51,2023-09-07 06:25:42.00068,276,1.037,0.0011,"aoml_navis",1026.90656190902
"7901009",10,-0.00288508275029393,1,0.01869,1,-0.003738,1,149.378819532877,1,4.86891560580438,278,1,21.9080009460449,36.943000793457,0.0186899993568659,0.00560700008645654,144.048599243164,-87.571,26.0372,26.4451339143196,63,63,63,63,61,63,-0.003738,8045,1.29563008188212,26,-88,0.001869,51,2023-09-07 06:25:42.00068,278,1.037,0.0011,"aoml_navis",1026.92270821851
"7901009",10,-0.00288508275029393,1,0.01869,1,-0.003738,1,149.176707130079,1,4.86883325025517,280,1,21.8640003204346,36.9379997253418,0.0186899993568659,0.00560700008645654,143.853698730469,-87.571,26.0372,26.4451339143196,63,63,63,63,61,63,-0.003738,8045,1.29563008188212,26,-88,0.001869,51,2023-09-07 06:25:42.00068,280,1.037,0.0011,"aoml_navis",1026.94007845472
"7901009",10,-0.00721270687573481,1,0.013083,1,-0.009345,1,149.134189630171,1,4.86873297763511,282,1,21.8040008544922,36.931999206543,0.0130829997360706,0,143.812698364258,-87.571,26.0372,26.4451339143196,63,63,63,63,61,63,-0.009345,8045,1.29563008188212,26,-88,0.001869,51,2023-09-07 06:25:42.00068,282,1.037,0.0011,"aoml_navis",1026.96122851014
"7901009",10,-0.00432762412544089,1,0.016821,1,-0.005607,1,149.034533800466,1,4.86867097774708,284,1,21.7830009460449,36.9300003051758,0.0168210007250309,0.00373800005763769,143.716598510742,-87.571,26.0372,26.4451339143196,63,63,63,63,61,63,-0.005607,8045,1.29563008188212,26,-88,0.001869,51,2023-09-07 06:25:42.00068,284,1.037,0.0011,"aoml_navis",1026.97430630519
"7901009",10,-0.00144254137514696,1,0.020559,1,-0.001869,1,149.040135287242,1,4.86860968830947,285.899993896484,1,21.7609996795654,36.9280014038086,0.020558999851346,0.00747600011527538,143.72200012207,-87.571,26.0372,26.4451339143196,63,63,63,63,61,63,-0.001869,8045,1.29563008188212,26,-88,0.001869,51,2023-09-07 06:25:42.00068,285.899993896484,1.037,0.0011,"aoml_navis",1026.98723457048
"7901009",10,-0.00865524825088178,1,0.011214,1,-0.011214,1,148.903152035772,1,4.8685609488538,288,1,21.753999710083,36.9269981384277,0.0112140001729131,-0.00186900002881885,143.589904785156,-87.571,26.0372,26.4451339143196,63,63,63,63,61,63,-0.011214,8045,1.29563008188212,26,-88,0.001869,51,2023-09-07 06:25:42.00068,288,1.037,0.0011,"aoml_navis",1026.99751580128
"7901009",10,-0.00432762412544089,1,0.016821,1,-0.005607,1,148.783685298034,1,4.86851424255727,290,1,21.7469997406006,36.9259986877441,0.0168210007250309,0.00373800005763769,143.474700927734,-87.571,26.0372,26.4451339143196,63,63,63,63,61,63,-0.005607,8045,1.29563008188212,26,-88,0.001869,51,2023-09-07 06:25:42.00068,290,1.037,0.0011,"aoml_navis",1027.00736834523
"7901009",10,-0.00432762412544089,1,0.016821,1,-0.005607,1,148.734427025905,1,4.86845407257798,292,1,21.7299995422363,36.9249992370605,0.0168210007250309,0.00373800005763769,143.427200317383,-87.571,26.0372,26.4451339143196,63,63,63,63,61,63,-0.005607,8045,1.29563008188212,26,-88,0.001869,51,2023-09-07 06:25:42.00068,292,1.037,0.0011,"aoml_navis",1027.02006128865
"7901009",10,-0.00432762412544089,1,0.016821,1,-0.005607,1,148.528786002906,1,4.86840872206347,294,1,21.7240009307861,36.923999786377,0.0168210007250309,0.00373800005763769,143.228897094727,-87.571,26.0372,26.4451339143196,63,63,63,63,61,63,-0.005607,8045,1.29563008188212,26,-88,0.001869,51,2023-09-07 06:25:42.00068,294,1.037,0.0011,"aoml_navis",1027.02962825207
"7901009",10,-0.00432762412544089,1,0.016821,1,-0.005607,1,148.22951786902,1,4.86837235398448,296,1,21.7220001220703,36.9220008850098,0.0168210007250309,0.00373800005763769,142.940307617188,-87.571,26.0372,26.4451339143196,63,63,63,63,61,63,-0.005607,8045,1.29563008188212,26,-88,0.001869,51,2023-09-07 06:25:42.00068,296,1.037,0.0011,"aoml_navis",1027.03730044556
"7901009",10,-0.00577016550058785,1,0.014952,1,-0.007476,1,147.887811352271,1,4.868243246619,298,1,21.6429996490479,36.9169998168945,0.0149520002305508,0.00186900002881885,142.610794067383,-87.571,26.0372,26.4451339143196,63,63,63,63,61,63,-0.007476,8045,1.29563008188212,26,-88,0.001869,51,2023-09-07 06:25:42.00068,298,1.037,0.0011,"aoml_navis",1027.06453780273
"7901009",10,-0.00432762412544089,1,0.016821,1,-0.005607,1,148.014018862231,1,4.86801252382692,300,1,21.4610004425049,36.9020004272461,0.0168210007250309,0.00373800005763769,142.732498168945,-87.571,26.0372,26.4451339143196,63,63,63,63,61,63,-0.005607,8045,1.29563008188212,26,-88,0.001869,51,2023-09-07 06:25:42.00068,300,1.037,0.0011,"aoml_navis",1027.11321623087
"7901009",10,-0.00288508275029393,1,0.01869,1,-0.003738,1,148.353019576045,1,4.86780856578056,302,1,21.3090000152588,36.890998840332,0.0186899993568659,0.00560700008645654,143.05940246582,-87.571,26.0372,26.4451339143196,63,63,63,63,61,63,-0.003738,8045,1.29563008188212,26,-88,0.001869,51,2023-09-07 06:25:42.00068,302,1.037,0.0011,"aoml_navis",1027.15625161365
"7901009",10,-0.00432762412544089,1,0.016821,1,-0.005607,1,148.331025037575,1,4.86774388327225,304,1,21.2830009460449,36.8880004882812,0.0168210007250309,0.00373800005763769,143.038192749023,-87.571,26.0372,26.4451339143196,63,63,63,63,61,63,-0.005607,8045,1.29563008188212,26,-88,0.001869,51,2023-09-07 06:25:42.00068,304,1.037,0.0011,"aoml_navis",1027.16990045065
"7901009",10,-0.00288508275029393,1,0.01869,1,-0.003738,1,148.432548029538,1,4.86767030841851,306,1,21.2530002593994,36.8860015869141,0.0186899993568659,0.00560700008645654,143.136093139648,-87.571,26.0372,26.4451339143196,63,63,63,63,61,63,-0.003738,8045,1.29563008188212,26,-88,0.001869,51,2023-09-07 06:25:42.00068,306,1.037,0.0011,"aoml_navis",1027.18542612729
"7901009",10,-0.00144254137514696,1,0.020559,1,-0.001869,1,148.549324787751,1,4.86759905240702,308,1,21.2220001220703,36.882999420166,0.020558999851346,0.00747600011527538,143.24870300293,-87.571,26.0372,26.4451339143196,63,63,63,63,61,63,-0.001869,8045,1.29563008188212,26,-88,0.001869,51,2023-09-07 06:25:42.00068,308,1.037,0.0011,"aoml_navis",1027.20046293203
"7901009",10,-0.00432762412544089,1,0.016821,1,-0.005607,1,148.668063648677,1,4.8675092527818,310,1,21.1770000457764,36.8800010681152,0.0168210007250309,0.00373800005763769,143.363204956055,-87.571,26.0372,26.4451339143196,63,63,63,63,61,63,-0.005607,8045,1.29563008188212,26,-88,0.001869,51,2023-09-07 06:25:42.00068,310,1.037,0.0011,"aoml_navis",1027.21941353116
"7901009",10,-0.00288508275029393,1,0.01869,1,-0.003738,1,148.596810838076,1,4.86745132945777,312,1,21.1560001373291,36.8769989013672,0.0186899993568659,0.00560700008645654,143.294494628906,-87.571,26.0372,26.4451339143196,63,63,63,63,61,63,-0.003738,8045,1.29563008188212,26,-88,0.001869,51,2023-09-07 06:25:42.00068,312,1.037,0.0011,"aoml_navis",1027.23163758003
"7901009",10,-0.00721270687573481,1,0.013083,1,-0.009345,1,148.475287057172,1,4.86738451169896,314,1,21.1310005187988,36.875,0.0130829997360706,0,143.177307128906,-87.571,26.0372,26.4451339143196,63,63,63,63,61,63,-0.009345,8045,1.29563008188212,26,-88,0.001869,51,2023-09-07 06:25:42.00068,314,1.037,0.0011,"aoml_navis",1027.24573905807
"7901009",10,0,1,0.01869,1,-0.003738,1,148.213947634591,1,4.86731566819169,316,1,21.0990009307861,36.8709983825684,0.0186899993568659,0,142.92529296875,-87.571,26.0372,26.4451339143196,63,63,63,63,61,63,0,8045,1.29563008188212,26,-88,0.001869,51,2023-09-07 06:25:42.00068,316,1.037,0.0011,"aoml_navis",1027.26026846284
"7901009",10,0,1,0.013083,1,-0.009345,1,147.534917685379,1,4.86726006520017,318,1,21.0769996643066,36.867000579834,0.0130829997360706,0,142.270492553711,-87.571,26.0372,26.4451339143196,63,63,63,63,61,63,0,8045,1.29563008188212,26,-88,0.001869,51,2023-09-07 06:25:42.00068,318,1.037,0.0011,"aoml_navis",1027.27200376016
"7901009",10,0,1,0.013083,1,-0.009345,1,146.846567748282,1,4.86708884061029,319.899993896484,1,20.9330005645752,36.851001739502,0.0130829997360706,0,141.606704711914,-87.571,26.0372,26.4451339143196,63,63,63,63,61,63,0,8045,1.29563008188212,26,-88,0.001869,51,2023-09-07 06:25:42.00068,319.899993896484,1.037,0.0011,"aoml_navis",1027.30814327463
"7901009",10,0,1,0.014952,1,-0.007476,1,146.658142594245,1,4.86693629321073,322,1,20.80299949646,36.8339996337891,0.0149520002305508,0,141.425003051758,-87.571,26.0372,26.4451339143196,63,63,63,63,61,63,0,8045,1.29563008188212,26,-88,0.001869,51,2023-09-07 06:25:42.00068,322,1.037,0.0011,"aoml_navis",1027.34034283023
"7901009",10,0,1,0.016821,1,-0.005607,1,147.093159753701,1,4.86675247380477,324,1,20.6469993591309,36.8170013427734,0.0168210007250309,0,141.844497680664,-87.571,26.0372,26.4451339143196,63,63,63,63,61,63,0,8045,1.29563008188212,26,-88,0.001869,51,2023-09-07 06:25:42.00068,324,1.037,0.0011,"aoml_navis",1027.379145932
"7901009",10,0,4,0.009345,1,-0.013083,1,147.634162106451,1,4.86665702805605,325.899993896484,1,20.576000213623,36.806999206543,0.00934499967843294,0,142.366195678711,-87.571,26.0372,26.4451339143196,63,63,63,63,61,63,0,8045,1.29563008188212,26,-88,0.001869,51,2023-09-07 06:25:42.00068,325.899993896484,1.037,0.0011,"aoml_navis",1027.3992950757
"7901009",10,0,1,0.016821,1,-0.005607,1,148.734427025905,1,4.86641651889702,328,1,20.3740005493164,36.7890014648438,0.0168210007250309,0,143.427200317383,-87.571,26.0372,26.4451339143196,63,63,63,63,61,63,0,8045,1.29563008188212,26,-88,0.001869,51,2023-09-07 06:25:42.00068,328,1.037,0.0011,"aoml_navis",1027.45007144051
"7901009",10,0,1,0.016821,1,-0.005607,1,149.310889638161,1,4.86620387025412,330,1,20.173999786377,36.7649993896484,0.0168210007250309,0,143.983093261719,-87.571,26.0372,26.4451339143196,63,63,63,63,61,63,0,8045,1.29563008188212,26,-88,0.001869,51,2023-09-07 06:25:42.00068,330,1.037,0.0011,"aoml_navis",1027.49497006563
"7901009",10,0,1,0.014952,1,-0.007476,1,149.638070265473,1,4.86610379647542,332,1,20.1000003814697,36.7550010681152,0.0149520002305508,0,144.298599243164,-87.571,26.0372,26.4451339143196,63,63,63,63,61,63,0,8045,1.29563008188212,26,-88,0.001869,51,2023-09-07 06:25:42.00068,332,1.037,0.0011,"aoml_navis",1027.51610099677
"7901009",10,0,1,0.016821,1,-0.005607,1,150.089891885258,1,4.86593958528319,334,1,19.9559993743896,36.7379989624023,0.0168210007250309,0,144.734298706055,-87.571,26.0372,26.4451339143196,63,63,63,63,61,63,0,8045,1.29563008188212,26,-88,0.001869,51,2023-09-07 06:25:42.00068,334,1.037,0.0011,"aoml_navis",1027.55077665211
"7901009",10,0,1,0.013083,1,-0.009345,1,150.181050544345,1,4.86586355101362,336,1,19.9060001373291,36.7299995422363,0.0130829997360706,0,144.822204589844,-87.571,26.0372,26.4451339143196,63,63,63,63,61,63,0,8045,1.29563008188212,26,-88,0.001869,51,2023-09-07 06:25:42.00068,336,1.037,0.0011,"aoml_navis",1027.56683322089
"7901009",10,0,1,0.014952,1,-0.007476,1,150.183645583416,1,4.86581188483742,338,1,19.8920001983643,36.7280006408691,0.0149520002305508,0,144.82470703125,-87.571,26.0372,26.4451339143196,63,63,63,63,61,63,0,8045,1.29563008188212,26,-88,0.001869,51,2023-09-07 06:25:42.00068,338,1.037,0.0011,"aoml_navis",1027.57774413366
"7901009",10,0,1,0.016821,1,-0.005607,1,150.33566107341,1,4.86576129228058,340,1,19.8759994506836,36.7249984741211,0.0168210007250309,0,144.971298217773,-87.571,26.0372,26.4451339143196,63,63,63,63,61,63,0,8045,1.29563008188212,26,-88,0.001869,51,2023-09-07 06:25:42.00068,340,1.037,0.0011,"aoml_navis",1027.58842854301
"7901009",10,0,1,0.014952,1,-0.007476,1,150.585575994712,1,4.8656764868343,342,1,19.8190002441406,36.7169990539551,0.0149520002305508,0,145.212295532227,-87.571,26.0372,26.4451339143196,63,63,63,63,61,63,0,8045,1.29563008188212,26,-88,0.001869,51,2023-09-07 06:25:42.00068,342,1.037,0.0011,"aoml_navis",1027.60633871347
"7901009",10,0,1,0.014952,1,-0.007476,1,151.169317375096,1,4.86553196128021,344,1,19.6949996948242,36.7019996643066,0.0149520002305508,0,145.775207519531,-87.571,26.0372,26.4451339143196,63,63,63,63,61,63,0,8045,1.29563008188212,26,-88,0.001869,51,2023-09-07 06:25:42.00068,344,1.037,0.0011,"aoml_navis",1027.63686268837
"7901009",10,0,1,0.011214,1,-0.011214,1,151.696110306589,1,4.86535411883936,346,1,19.5270004272461,36.6809997558594,0.0112140001729131,0,146.283203125,-87.571,26.0372,26.4451339143196,63,63,63,63,61,63,0,8045,1.29563008188212,26,-88,0.001869,51,2023-09-07 06:25:42.00068,346,1.037,0.0011,"aoml_navis",1027.67442571945
"7901009",10,0,1,0.016821,1,-0.005607,1,151.967276066141,1,4.8652261020202,348,1,19.4150009155273,36.6660003662109,0.0168210007250309,0,146.544692993164,-87.571,26.0372,26.4451339143196,63,63,63,63,61,63,0,8045,1.29563008188212,26,-88,0.001869,51,2023-09-07 06:25:42.00068,348,1.037,0.0011,"aoml_navis",1027.7014665205
"7901009",10,0,1,0.014952,1,-0.007476,1,152.105003017832,1,4.8650984210695,350,1,19.2999992370605,36.6500015258789,0.0149520002305508,0,146.677505493164,-87.571,26.0372,26.4451339143196,63,63,63,63,61,63,0,8045,1.29563008188212,26,-88,0.001869,51,2023-09-07 06:25:42.00068,350,1.037,0.0011,"aoml_navis",1027.72843779404
"7901009",10,0,1,0.013083,1,-0.009345,1,152.303681740884,1,4.86497266144262,352,1,19.1889991760254,36.6349983215332,0.0130829997360706,0,146.869094848633,-87.571,26.0372,26.4451339143196,63,63,63,63,61,63,0,8045,1.29563008188212,26,-88,0.001869,51,2023-09-07 06:25:42.00068,352,1.037,0.0011,"aoml_navis",1027.75500459181
"7901009",10,0,1,0.016821,1,-0.005607,1,152.391216839316,1,4.86487663135256,354,1,19.1159992218018,36.625,0.0168210007250309,0,146.953506469727,-87.571,26.0372,26.4451339143196,63,63,63,63,61,63,0,8045,1.29563008188212,26,-88,0.001869,51,2023-09-07 06:25:42.00068,354,1.037,0.0011,"aoml_navis",1027.77529193168
"7901009",10,0,1,0.016821,1,-0.005607,1,152.282525843088,1,4.86481625492522,356,1,19.0860004425049,36.6199989318848,0.0168210007250309,0,146.848693847656,-87.571,26.0372,26.4451339143196,63,63,63,63,61,63,0,8045,1.29563008188212,26,-88,0.001869,51,2023-09-07 06:25:42.00068,356,1.037,0.0011,"aoml_navis",1027.7880474803
"7901009",10,0,1,0.01869,1,-0.003738,1,152.268015777061,1,4.86474832693,358,1,19.0470008850098,36.6139984130859,0.0186899993568659,0,146.834701538086,-87.571,26.0372,26.4451339143196,63,63,63,63,61,63,0,8045,1.29563008188212,26,-88,0.001869,51,2023-09-07 06:25:42.00068,358,1.037,0.0011,"aoml_navis",1027.80239880474
"7901009",10,0,1,0.016821,1,-0.005607,1,152.28926661531,1,4.86467130154459,360,1,18.9890003204346,36.6040000915527,0.0168210007250309,0,146.855194091797,-87.571,26.0372,26.4451339143196,63,63,63,63,61,63,0,8045,1.29563008188212,26,-88,0.001869,51,2023-09-07 06:25:42.00068,360,1.037,0.0011,"aoml_navis",1027.8186726434
"7901009",10,0,1,0.013083,1,-0.009345,1,152.247904224258,1,4.86459607654865,362,1,18.9440002441406,36.5979995727539,0.0130829997360706,0,146.815307617188,-87.571,26.0372,26.4451339143196,63,63,63,63,61,63,0,8045,1.29563008188212,26,-88,0.001869,51,2023-09-07 06:25:42.00068,362,1.037,0.0011,"aoml_navis",1027.83456659518
"7901009",10,0,1,0.014952,1,-0.007476,1,151.969981869075,1,4.86453156967735,364.200012207031,1,18.9080009460449,36.5909996032715,0.0149520002305508,0,146.547302246094,-87.571,26.0372,26.4451339143196,63,63,63,63,61,63,0,8045,1.29563008188212,26,-88,0.001869,51,2023-09-07 06:25:42.00068,364.200012207031,1.037,0.0011,"aoml_navis",1027.84819635401
"7901009",10,0,1,0.01869,1,-0.003738,1,151.699844631106,1,4.86440294641389,366,1,18.7900009155273,36.576000213623,0.0186899993568659,0,146.286804199219,-87.571,26.0372,26.4451339143196,63,63,63,63,61,63,0,8045,1.29563008188212,26,-88,0.001869,51,2023-09-07 06:25:42.00068,366,1.037,0.0011,"aoml_navis",1027.87537444571
"7901009",10,0,1,0.016821,1,-0.005607,1,151.675476581289,1,4.86432141670955,368,1,18.7220001220703,36.5639991760254,0.0168210007250309,0,146.263305664062,-87.571,26.0372,26.4451339143196,63,63,63,63,61,63,0,8045,1.29563008188212,26,-88,0.001869,51,2023-09-07 06:25:42.00068,368,1.037,0.0011,"aoml_navis",1027.89260241405
"7901009",10,0,1,0.016821,1,-0.005607,1,151.371208250168,1,4.86426024508004,370,1,18.6909999847412,36.5589981079102,0.0168210007250309,0,145.96989440918,-87.571,26.0372,26.4451339143196,63,63,63,63,61,63,0,8045,1.29563008188212,26,-88,0.001869,51,2023-09-07 06:25:42.00068,370,1.037,0.0011,"aoml_navis",1027.90552891516
"7901009",10,0,1,0.016821,1,-0.005607,1,151.048394883732,1,4.86419527467335,372,1,18.6509990692139,36.5519981384277,0.0168210007250309,0,145.658599853516,-87.571,26.0372,26.4451339143196,63,63,63,63,61,63,0,8045,1.29563008188212,26,-88,0.001869,51,2023-09-07 06:25:42.00068,372,1.037,0.0011,"aoml_navis",1027.91925851204
"7901009",10,0,1,0.013083,1,-0.009345,1,150.483546653661,1,4.86412654993681,374,1,18.6019992828369,36.5429992675781,0.0130829997360706,0,145.113906860352,-87.571,26.0372,26.4451339143196,63,63,63,63,61,63,0,8045,1.29563008188212,26,-88,0.001869,51,2023-09-07 06:25:42.00068,374,1.037,0.0011,"aoml_navis",1027.933781876
"7901009",10,0,1,0.013083,1,-0.009345,1,150.215893690901,1,4.86398521124755,376,1,18.4610004425049,36.5229988098145,0.0130829997360706,0,144.855804443359,-87.571,26.0372,26.4451339143196,63,63,63,63,61,63,0,8045,1.29563008188212,26,-88,0.001869,51,2023-09-07 06:25:42.00068,376,1.037,0.0011,"aoml_navis",1027.96365178865
"7901009",10,0,1,0.014952,1,-0.007476,1,149.912780468635,1,4.86389963622212,378,1,18.3859996795654,36.5099983215332,0.0149520002305508,0,144.563507080078,-87.571,26.0372,26.4451339143196,63,63,63,63,61,63,0,8045,1.29563008188212,26,-88,0.001869,51,2023-09-07 06:25:42.00068,378,1.037,0.0011,"aoml_navis",1027.98173769136
"7901009",10,0,1,0.016821,1,-0.005607,1,149.727978875252,1,4.86379848346469,380,1,18.2980003356934,36.4970016479492,0.0168210007250309,0,144.385299682617,-87.571,26.0372,26.4451339143196,63,63,63,63,61,63,0,8045,1.29563008188212,26,-88,0.001869,51,2023-09-07 06:25:42.00068,380,1.037,0.0011,"aoml_navis",1028.0031166995
"7901009",10,0,1,0.016821,1,-0.005607,1,149.534062998301,1,4.86372562461484,382,1,18.2509994506836,36.4900016784668,0.0168210007250309,0,144.198303222656,-87.571,26.0372,26.4451339143196,63,63,63,63,61,63,0,8045,1.29563008188212,26,-88,0.001869,51,2023-09-07 06:25:42.00068,382,1.037,0.0011,"aoml_navis",1028.01851623691
"7901009",10,0,1,0.011214,1,-0.011214,1,149.293262360566,1,4.86366618838083,384,1,18.2180004119873,36.484001159668,0.0112140001729131,0,143.966094970703,-87.571,26.0372,26.4451339143196,63,63,63,63,61,63,0,8045,1.29563008188212,26,-88,0.001869,51,2023-09-07 06:25:42.00068,384,1.037,0.0011,"aoml_navis",1028.0310790952
"7901009",10,0,1,0.013083,1,-0.009345,1,149.215696009786,1,4.86357045239188,386,1,18.1340007781982,36.4710006713867,0.0130829997360706,0,143.891296386719,-87.571,26.0372,26.4451339143196,63,63,63,63,61,63,0,8045,1.29563008188212,26,-88,0.001869,51,2023-09-07 06:25:42.00068,386,1.037,0.0011,"aoml_navis",1028.0513151693
"7901009",10,0,1,0.014952,1,-0.007476,1,149.074250556986,1,4.86350512818289,388,1,18.0960006713867,36.4650001525879,0.0149520002305508,0,143.754898071289,-87.571,26.0372,26.4451339143196,63,63,63,63,61,63,0,8045,1.29563008188212,26,-88,0.001869,51,2023-09-07 06:25:42.00068,388,1.037,0.0011,"aoml_navis",1028.06512344896
"7901009",10,0,1,0.013083,1,-0.009345,1,148.924925046518,1,4.86343022205793,390,1,18.0440006256104,36.4570007324219,0.0130829997360706,0,143.610900878906,-87.571,26.0372,26.4451339143196,63,63,63,63,61,63,0,8045,1.29563008188212,26,-88,0.001869,51,2023-09-07 06:25:42.00068,390,1.037,0.0011,"aoml_navis",1028.08095761766
"7901009",10,0,1,0.013083,1,-0.009345,1,148.772893733115,1,4.86336261952813,392,1,18.003999710083,36.451000213623,0.0130829997360706,0,143.464294433594,-87.571,26.0372,26.4451339143196,63,63,63,63,61,63,0,8045,1.29563008188212,26,-88,0.001869,51,2023-09-07 06:25:42.00068,392,1.037,0.0011,"aoml_navis",1028.09524832124
"7901009",10,0,1,0.016821,1,-0.005607,1,148.65955065465,1,4.86331308358253,394,1,17.9850006103516,36.4469985961914,0.0168210007250309,0,143.354995727539,-87.571,26.0372,26.4451339143196,63,63,63,63,61,63,0,8045,1.29563008188212,26,-88,0.001869,51,2023-09-07 06:25:42.00068,394,1.037,0.0011,"aoml_navis",1028.10572012707
"7901009",10,0,1,0.014952,1,-0.007476,1,148.507835809427,1,4.86326113158675,396,1,17.9669990539551,36.4440002441406,0.0149520002305508,0,143.208694458008,-87.571,26.0372,26.4451339143196,63,63,63,63,61,63,0,8045,1.29563008188212,26,-88,0.001869,51,2023-09-07 06:25:42.00068,396,1.037,0.0011,"aoml_navis",1028.11670291055
"7901009",10,0,1,0.016821,1,-0.005607,1,148.317559316539,1,4.86320199179947,398,1,17.943000793457,36.4410018920898,0.0168210007250309,0,143.025207519531,-87.571,26.0372,26.4451339143196,63,63,63,63,61,63,0,8045,1.29563008188212,26,-88,0.001869,51,2023-09-07 06:25:42.00068,398,1.037,0.0011,"aoml_navis",1028.12920549696
"7901009",10,0,1,0.016821,1,-0.005607,1,148.019098176511,1,4.86314411265764,400,1,17.9139995574951,36.4360008239746,0.0168210007250309,0,142.737396240234,-87.571,26.0372,26.4451339143196,63,63,63,63,61,63,0,8045,1.29563008188212,26,-88,0.001869,51,2023-09-07 06:25:42.00068,400,1.037,0.0011,"aoml_navis",1028.14144186806
"7901009",10,0,1,0.014952,1,-0.007476,1,147.606898372792,1,4.8630994322763,402,1,17.8990001678467,36.431999206543,0.0149520002305508,0,142.339904785156,-87.571,26.0372,26.4451339143196,63,63,63,63,61,63,0,8045,1.29563008188212,26,-88,0.001869,51,2023-09-07 06:25:42.00068,402,1.037,0.0011,"aoml_navis",1028.1508880561
"7901009",10,0,1,0.01869,1,-0.003738,1,146.950780719771,1,4.86301777238403,404,1,17.8349990844727,36.4220008850098,0.0186899993568659,0,141.70719909668,-87.571,26.0372,26.4451339143196,63,63,63,63,61,63,0,8045,1.29563008188212,26,-88,0.001869,51,2023-09-07 06:25:42.00068,404,1.037,0.0011,"aoml_navis",1028.1681527865
"7901009",10,0,1,0.014952,1,-0.007476,1,146.698476463714,1,4.86290442573119,406,1,17.7169990539551,36.4029998779297,0.0149520002305508,0,141.463897705078,-87.571,26.0372,26.4451339143196,63,63,63,63,61,63,0,8045,1.29563008188212,26,-88,0.001869,51,2023-09-07 06:25:42.00068,406,1.037,0.0011,"aoml_navis",1028.19211776884
"7901009",10,0,1,0.016821,1,-0.005607,1,146.551429524138,1,4.86281972025955,408,1,17.6469993591309,36.3919982910156,0.0168210007250309,0,141.32209777832,-87.571,26.0372,26.4451339143196,63,63,63,63,61,63,0,8045,1.29563008188212,26,-88,0.001869,51,2023-09-07 06:25:42.00068,408,1.037,0.0011,"aoml_navis",1028.21002785049
"7901009",10,0,1,0.014952,1,-0.007476,1,146.374523811832,1,4.86277744262957,410,1,17.6399993896484,36.3899993896484,0.0149520002305508,0,141.151504516602,-87.571,26.0372,26.4451339143196,63,63,63,63,61,63,0,8045,1.29563008188212,26,-88,0.001869,51,2023-09-07 06:25:42.00068,410,1.037,0.0011,"aoml_navis",1028.21896724441
"7901009",10,0,1,0.014952,1,-0.007476,1,145.977862595724,1,4.86273635757212,412,1,17.6340007781982,36.3880004882812,0.0149520002305508,0,140.768997192383,-87.571,26.0372,26.4451339143196,63,63,63,63,61,63,0,8045,1.29563008188212,26,-88,0.001869,51,2023-09-07 06:25:42.00068,412,1.037,0.0011,"aoml_navis",1028.22765462375
"7901009",10,0,1,0.014952,1,-0.007476,1,145.76921512502,1,4.86267427829412,414,1,17.5890007019043,36.3790016174316,0.0149520002305508,0,140.567794799805,-87.571,26.0372,26.4451339143196,63,63,63,63,61,63,0,8045,1.29563008188212,26,-88,0.001869,51,2023-09-07 06:25:42.00068,414,1.037,0.0011,"aoml_navis",1028.24078148085
"7901009",10,0,1,0.014952,1,-0.007476,1,145.645824181857,1,4.86259438292518,416,1,17.5349998474121,36.3720016479492,0.0149520002305508,0,140.448806762695,-87.571,26.0372,26.4451339143196,63,63,63,63,61,63,0,8045,1.29563008188212,26,-88,0.001869,51,2023-09-07 06:25:42.00068,416,1.037,0.0011,"aoml_navis",1028.25767609927
"7901009",10,0,1,0.01869,1,-0.003738,1,145.902068466748,1,4.86245750001399,418,1,17.4020004272461,36.3549995422363,0.0186899993568659,0,140.695907592773,-87.571,26.0372,26.4451339143196,63,63,63,63,61,63,0,8045,1.29563008188212,26,-88,0.001869,51,2023-09-07 06:25:42.00068,418,1.037,0.0011,"aoml_navis",1028.28662255364
"7901009",10,0,1,0.01869,1,-0.003738,1,145.866291739063,1,4.86241442525076,420,1,17.3819999694824,36.3489990234375,0.0186899993568659,0,140.661407470703,-87.571,26.0372,26.4451339143196,63,63,63,63,61,63,0,8045,1.29563008188212,26,-88,0.001869,51,2023-09-07 06:25:42.00068,420,1.037,0.0011,"aoml_navis",1028.29573185592
"7901009",10,0,1,0.014952,1,-0.007476,1,145.917717818221,1,4.86236984491089,422,1,17.3729991912842,36.3470001220703,0.0149520002305508,0,140.710998535156,-87.571,26.0372,26.4451339143196,63,63,63,63,61,63,0,8045,1.29563008188212,26,-88,0.001869,51,2023-09-07 06:25:42.00068,422,1.037,0.0011,"aoml_navis",1028.3051597223
"7901009",10,0,1,0.014952,1,-0.007476,1,146.035206629838,1,4.86230434241495,424,1,17.3369998931885,36.3419990539551,0.0149520002305508,0,140.824295043945,-87.571,26.0372,26.4451339143196,63,63,63,63,61,63,0,8045,1.29563008188212,26,-88,0.001869,51,2023-09-07 06:25:42.00068,424,1.037,0.0011,"aoml_navis",1028.31901252743
"7901009",10,0,1,0.016821,1,-0.005607,1,145.941152286909,1,4.86221829499247,426,1,17.2649993896484,36.3310012817383,0.0168210007250309,0,140.733596801758,-87.571,26.0372,26.4451339143196,63,63,63,63,61,63,0,8045,1.29563008188212,26,-88,0.001869,51,2023-09-07 06:25:42.00068,426,1.037,0.0011,"aoml_navis",1028.33721084663
"7901009",10,0,1,0.016821,1,-0.005607,1,145.751176438792,1,4.86214366025432,428,1,17.2180004119873,36.3250007629395,0.0168210007250309,0,140.550399780273,-87.571,26.0372,26.4451339143196,63,63,63,63,61,63,0,8045,1.29563008188212,26,-88,0.001869,51,2023-09-07 06:25:42.00068,428,1.037,0.0011,"aoml_navis",1028.35299599899
"7901009",10,0,1,0.01869,1,-0.003738,1,145.536310368362,1,4.86207282929742,430,1,17.1679992675781,36.3170013427734,0.0186899993568659,0,140.343200683594,-87.571,26.0372,26.4451339143196,63,63,63,63,61,63,0,8045,1.29563008188212,26,-88,0.001869,51,2023-09-07 06:25:42.00068,430,1.037,0.0011,"aoml_navis",1028.36797710463
"7901009",10,0,1,0.016821,1,-0.005607,1,145.359088187877,1,4.86198855405924,432,1,17.0939998626709,36.3050003051758,0.0168210007250309,0,140.172302246094,-87.571,26.0372,26.4451339143196,63,63,63,63,61,63,0,8045,1.29563008188212,26,-88,0.001869,51,2023-09-07 06:25:42.00068,432,1.037,0.0011,"aoml_navis",1028.38580231242
"7901009",10,0,1,0.014952,1,-0.007476,1,145.208829096279,1,4.86191356371162,434,1,17.0340003967285,36.2949981689453,0.0149520002305508,0,140.027404785156,-87.571,26.0372,26.4451339143196,63,63,63,63,61,63,0,8045,1.29563008188212,26,-88,0.001869,51,2023-09-07 06:25:42.00068,434,1.037,0.0011,"aoml_navis",1028.40166417581
"7901009",10,0,1,0.016821,1,-0.005607,1,145.091957397613,1,4.8618283711891,436,1,16.9619998931885,36.2840003967285,0.0168210007250309,0,139.914703369141,-87.571,26.0372,26.4451339143196,63,63,63,63,61,63,0,8045,1.29563008188212,26,-88,0.001869,51,2023-09-07 06:25:42.00068,436,1.037,0.0011,"aoml_navis",1028.41968458403
"7901009",10,0,1,0.01869,1,-0.003738,1,145.06198786102,1,4.8617333968204,438,1,16.8719997406006,36.2700004577637,0.0186899993568659,0,139.885803222656,-87.571,26.0372,26.4451339143196,63,63,63,63,61,63,0,8045,1.29563008188212,26,-88,0.001869,51,2023-09-07 06:25:42.00068,438,1.037,0.0011,"aoml_navis",1028.43977484862
"7901009",10,0,1,0.016821,1,-0.005607,1,144.524925537104,1,4.86166324132778,440,1,16.82200050354,36.2620010375977,0.0168210007250309,0,139.367904663086,-87.571,26.0372,26.4451339143196,63,63,63,63,61,63,0,8045,1.29563008188212,26,-88,0.001869,51,2023-09-07 06:25:42.00068,440,1.037,0.0011,"aoml_navis",1028.45461559251
"7901009",10,0,1,0.013083,1,-0.009345,1,143.776414999096,1,4.86158904901238,442,1,16.7590007781982,36.2509994506836,0.0130829997360706,0,138.646102905273,-87.571,26.0372,26.4451339143196,63,63,63,63,61,63,0,8045,1.29563008188212,26,-88,0.001869,51,2023-09-07 06:25:42.00068,442,1.037,0.0011,"aoml_navis",1028.47031075482
"7901009",10,0,1,0.013083,1,-0.009345,1,142.851204453098,1,4.86152289274167,444,1,16.7059993743896,36.2410011291504,0.0130829997360706,0,137.75390625,-87.571,26.0372,26.4451339143196,63,63,63,63,61,63,0,8045,1.29563008188212,26,-88,0.001869,51,2023-09-07 06:25:42.00068,444,1.037,0.0011,"aoml_navis",1028.48430631996
"7901009",10,0,1,0.013083,1,-0.009345,1,142.080699376619,1,4.86142628999039,446,1,16.5979995727539,36.2220001220703,0.0130829997360706,0,137.010894775391,-87.571,26.0372,26.4451339143196,63,63,63,63,61,63,0,8045,1.29563008188212,26,-88,0.001869,51,2023-09-07 06:25:42.00068,446,1.037,0.0011,"aoml_navis",1028.5047436171
"7901009",10,0,1,0.01869,1,-0.003738,1,141.492416677861,1,4.86134808079269,448,1,16.5310001373291,36.2109985351562,0.0186899993568659,0,136.443603515625,-87.571,26.0372,26.4451339143196,63,63,63,63,61,63,0,8045,1.29563008188212,26,-88,0.001869,51,2023-09-07 06:25:42.00068,448,1.037,0.0011,"aoml_navis",1028.5212901654
"7901009",10,0,1,0.014952,1,-0.007476,1,140.835681911891,1,4.86129782911412,450,1,16.5009994506836,36.2039985656738,0.0149520002305508,0,135.810302734375,-87.571,26.0372,26.4451339143196,63,63,63,63,61,63,0,8045,1.29563008188212,26,-88,0.001869,51,2023-09-07 06:25:42.00068,450,1.037,0.0011,"aoml_navis",1028.53192208369
"7901009",10,0,1,0.014952,1,-0.007476,1,139.806448275312,1,4.86122139969863,452,1,16.4290008544922,36.1910018920898,0.0149520002305508,0,134.817794799805,-87.571,26.0372,26.4451339143196,63,63,63,63,61,63,0,8045,1.29563008188212,26,-88,0.001869,51,2023-09-07 06:25:42.00068,452,1.037,0.0011,"aoml_navis",1028.54809293606
"7901009",10,0,1,0.01869,1,-0.003738,1,139.130852005846,1,4.86111599771306,454,1,16.3090000152588,36.1710014343262,0.0186899993568659,0,134.166305541992,-87.571,26.0372,26.4451339143196,63,63,63,63,61,63,0,8045,1.29563008188212,26,-88,0.001869,51,2023-09-07 06:25:42.00068,454,1.037,0.0011,"aoml_navis",1028.57039460739
"7901009",10,0,1,0.020559,1,-0.001869,1,138.981004322882,1,4.86098840732817,456,1,16.1560001373291,36.1469993591309,0.020558999851346,0,134.02180480957,-87.571,26.0372,26.4451339143196,63,63,63,63,61,63,0,8045,1.29563008188212,26,-88,0.001869,51,2023-09-07 06:25:42.00068,456,1.037,0.0011,"aoml_navis",1028.59739234561
"7901009",10,0,1,0.016821,1,-0.005607,1,138.775458240337,1,4.86093770038259,458,1,16.1219997406006,36.1389999389648,0.0168210007250309,0,133.823593139648,-87.571,26.0372,26.4451339143196,63,63,63,63,61,63,0,8045,1.29563008188212,26,-88,0.001869,51,2023-09-07 06:25:42.00068,458,1.037,0.0011,"aoml_navis",1028.60812217496
"7901009",10,0,1,0.01869,1,-0.003738,1,138.467471408107,1,4.86086539847937,460,1,16.07200050354,36.1319999694824,0.0186899993568659,0,133.526596069336,-87.571,26.0372,26.4451339143196,63,63,63,63,61,63,0,8045,1.29563008188212,26,-88,0.001869,51,2023-09-07 06:25:42.00068,460,1.037,0.0011,"aoml_navis",1028.62342198658
"7901009",10,0,1,0.020559,1,-0.001869,1,138.090621100032,1,4.86080018552653,462,1,16.0249996185303,36.1240005493164,0.020558999851346,0,133.163192749023,-87.571,26.0372,26.4451339143196,63,63,63,63,61,63,0,8045,1.29563008188212,26,-88,0.001869,51,2023-09-07 06:25:42.00068,462,1.037,0.0011,"aoml_navis",1028.63722209523
"7901009",10,0,1,0.016821,1,-0.005607,1,137.4843946555,1,4.86073618185725,464,1,15.9790000915527,36.1160011291504,0.0168210007250309,0,132.578598022461,-87.571,26.0372,26.4451339143196,63,63,63,63,61,63,0,8045,1.29563008188212,26,-88,0.001869,51,2023-09-07 06:25:42.00068,464,1.037,0.0011,"aoml_navis",1028.65076666011
"7901009",10,0,1,0.014952,1,-0.007476,1,137.116152281905,1,4.86065653371671,466,1,15.9060001373291,36.1040000915527,0.0149520002305508,0,132.223495483398,-87.571,26.0372,26.4451339143196,63,63,63,63,61,63,0,8045,1.29563008188212,26,-88,0.001869,51,2023-09-07 06:25:42.00068,466,1.037,0.0011,"aoml_navis",1028.66762243263
"7901009",10,0,1,0.01869,1,-0.003738,1,136.992239166246,1,4.86059890760861,468,1,15.8719997406006,36.0979995727539,0.0186899993568659,0,132.10400390625,-87.571,26.0372,26.4451339143196,63,63,63,63,61,63,0,8045,1.29563008188212,26,-88,0.001869,51,2023-09-07 06:25:42.00068,468,1.037,0.0011,"aoml_navis",1028.67981807204
"7901009",10,0,1,0.01869,1,-0.003738,1,136.861980863589,1,4.86054775246132,470,1,15.8470001220703,36.0929985046387,0.0186899993568659,0,131.978393554688,-87.571,26.0372,26.4451339143196,63,63,63,63,61,63,0,8045,1.29563008188212,26,-88,0.001869,51,2023-09-07 06:25:42.00068,470,1.037,0.0011,"aoml_navis",1028.69064447892
"7901009",10,0,1,0.014952,1,-0.007476,1,136.525685952709,1,4.86048155693208,472,1,15.8020000457764,36.0859985351562,0.0149520002305508,0,131.654098510742,-87.571,26.0372,26.4451339143196,63,63,63,63,61,63,0,8045,1.29563008188212,26,-88,0.001869,51,2023-09-07 06:25:42.00068,472,1.037,0.0011,"aoml_navis",1028.70465435034
"7901009",10,0,1,0.01869,1,-0.003738,1,136.09502023072,1,4.86041127144525,474,1,15.75,36.0779991149902,0.0186899993568659,0,131.238800048828,-87.571,26.0372,26.4451339143196,63,63,63,63,61,63,0,8045,1.29563008188212,26,-88,0.001869,51,2023-09-07 06:25:42.00068,474,1.037,0.0011,"aoml_navis",1028.7195302535
"7901009",10,0,1,0.020559,1,-0.001869,1,135.710906977926,1,4.86034775826862,476,1,15.7040004730225,36.0699996948242,0.020558999851346,0,130.868392944336,-87.571,26.0372,26.4451339143196,63,63,63,63,61,63,0,8045,1.29563008188212,26,-88,0.001869,51,2023-09-07 06:25:42.00068,476,1.037,0.0011,"aoml_navis",1028.73297316921
"7901009",10,0,1,0.014952,1,-0.007476,1,135.576518765528,1,4.86027585029187,478,1,15.6339998245239,36.056999206543,0.0149520002305508,0,130.738800048828,-87.571,26.0372,26.4451339143196,63,63,63,63,61,63,0,8045,1.29563008188212,26,-88,0.001869,51,2023-09-07 06:25:42.00068,478,1.037,0.0011,"aoml_navis",1028.74819331494
"7901009",10,0,1,0.020559,1,-0.001869,1,135.312394422969,1,4.86019657099879,480,1,15.5670003890991,36.0470008850098,0.020558999851346,0,130.484100341797,-87.571,26.0372,26.4451339143196,63,63,63,63,61,63,0,8045,1.29563008188212,26,-88,0.001869,51,2023-09-07 06:25:42.00068,480,1.037,0.0011,"aoml_navis",1028.76497420607
"7901009",10,0,1,0.01869,1,-0.003738,1,135.030231394181,1,4.8601118217809,482,1,15.4849996566772,36.0340003967285,0.0186899993568659,0,130.212005615234,-87.571,26.0372,26.4451339143196,63,63,63,63,61,63,0,8045,1.29563008188212,26,-88,0.001869,51,2023-09-07 06:25:42.00068,482,1.037,0.0011,"aoml_navis",1028.78291351079
"7901009",10,0,1,0.016821,1,-0.005607,1,134.883184454605,1,4.86003317053432,484,1,15.4049997329712,36.0200004577637,0.0168210007250309,0,130.070205688477,-87.571,26.0372,26.4451339143196,63,63,63,63,61,63,0,8045,1.29563008188212,26,-88,0.001869,51,2023-09-07 06:25:42.00068,484,1.037,0.0011,"aoml_navis",1028.79956258617
"7901009",10,0,1,0.01869,1,-0.003738,1,134.678888421369,1,4.85996480100619,486,1,15.3540000915527,36.0120010375977,0.0186899993568659,0,129.873199462891,-87.571,26.0372,26.4451339143196,63,63,63,63,61,63,0,8045,1.29563008188212,26,-88,0.001869,51,2023-09-07 06:25:42.00068,486,1.037,0.0011,"aoml_navis",1028.81403564174
"7901009",10,0,1,0.014952,1,-0.007476,1,134.385933827662,1,4.8599012675464,488,1,15.3039999008179,36.0029983520508,0.0149520002305508,0,129.590698242188,-87.571,26.0372,26.4451339143196,63,63,63,63,61,63,0,8045,1.29563008188212,26,-88,0.001869,51,2023-09-07 06:25:42.00068,488,1.037,0.0011,"aoml_navis",1028.82748532139
"7901009",10,0,1,0.016821,1,-0.005607,1,134.121493016924,1,4.85984696254259,490,1,15.2690000534058,35.9959983825684,0.0168210007250309,0,129.335693359375,-87.571,26.0372,26.4451339143196,63,63,63,63,61,63,0,8045,1.29563008188212,26,-88,0.001869,51,2023-09-07 06:25:42.00068,490,1.037,0.0011,"aoml_navis",1028.83898166704
"7901009",10,0,1,0.014952,1,-0.007476,1,133.811338377665,1,4.85977196440377,492,1,15.2150001525879,35.9889984130859,0.0149520002305508,0,129.036605834961,-87.571,26.0372,26.4451339143196,63,63,63,63,61,63,0,8045,1.29563008188212,26,-88,0.001869,51,2023-09-07 06:25:42.00068,492,1.037,0.0011,"aoml_navis",1028.85485916281
"7901009",10,0,1,0.014952,1,-0.007476,1,133.624986090202,1,4.85969997773714,494,1,15.1569995880127,35.9799995422363,0.0149520002305508,0,128.856903076172,-87.571,26.0372,26.4451339143196,63,63,63,63,61,63,0,8045,1.29563008188212,26,-88,0.001869,51,2023-09-07 06:25:42.00068,494,1.037,0.0011,"aoml_navis",1028.8700995752
"7901009",10,0,1,0.016821,1,-0.005607,1,133.496088600717,1,4.85962775900277,496,1,15.1020002365112,35.9720001220703,0.0168210007250309,0,128.732604980469,-87.571,26.0372,26.4451339143196,63,63,63,63,61,63,0,8045,1.29563008188212,26,-88,0.001869,51,2023-09-07 06:25:42.00068,496,1.037,0.0011,"aoml_navis",1028.88538957273
"7901009",10,0,1,0.020559,1,-0.001869,1,133.316160617297,1,4.85957478590263,498,1,15.0780000686646,35.9679985046387,0.020558999851346,0,128.559097290039,-87.571,26.0372,26.4451339143196,63,63,63,63,61,63,0,8045,1.29563008188212,26,-88,0.001869,51,2023-09-07 06:25:42.00068,498,1.037,0.0011,"aoml_navis",1028.89660521425
"7901009",10,0,1,0.01869,1,-0.003738,1,133.016781719549,1,4.85952653212234,500,1,15.0550003051758,35.9630012512207,0.0186899993568659,0,128.270401000977,-87.571,26.0372,26.4451339143196,63,63,63,63,61,63,0,8045,1.29563008188212,26,-88,0.001869,51,2023-09-07 06:25:42.00068,500,1.037,0.0011,"aoml_navis",1028.90682187845
"7901009",10,0,1,0.020559,1,-0.001869,1,132.831774421849,1,4.85946937596935,502,1,15.0069999694824,35.9529991149902,0.020558999851346,0,128.091995239258,-87.571,26.0372,26.4451339143196,63,63,63,63,61,63,0,8045,1.29563008188212,26,-88,0.001869,51,2023-09-07 06:25:42.00068,502,1.037,0.0011,"aoml_navis",1028.91892368446
"7901009",10,0,1,0.01869,1,-0.003738,1,132.793513418955,1,4.8593852890955,504,1,14.9340000152588,35.943000793457,0.0186899993568659,0,128.055099487305,-87.571,26.0372,26.4451339143196,63,63,63,63,61,63,0,8045,1.29563008188212,26,-88,0.001869,51,2023-09-07 06:25:42.00068,504,1.037,0.0011,"aoml_navis",1028.93672811251
"7901009",10,0,1,0.022428,1,0,1,132.737197906424,1,4.85931315665096,506,1,14.8819999694824,35.9360008239746,0.0224280003458261,0,128.000793457031,-87.571,26.0372,26.4451339143196,63,63,63,63,61,63,0,8045,1.29563008188212,26,-88,0.001869,51,2023-09-07 06:25:42.00068,506,1.037,0.0011,"aoml_navis",1028.95200181871
"7901009",10,0,1,0.016821,1,-0.005607,1,132.678200326072,1,4.85924409905529,508,1,14.826000213623,35.9269981384277,0.0168210007250309,0,127.943901062012,-87.571,26.0372,26.4451339143196,63,63,63,63,61,63,0,8045,1.29563008188212,26,-88,0.001869,51,2023-09-07 06:25:42.00068,508,1.037,0.0011,"aoml_navis",1028.96662486498
"7901009",10,0,1,0.020559,1,-0.001869,1,132.478057937691,1,4.85919069004794,510,1,14.7980003356934,35.9220008850098,0.020558999851346,0,127.750900268555,-87.571,26.0372,26.4451339143196,63,63,63,63,61,63,0,8045,1.29563008188212,26,-88,0.001869,51,2023-09-07 06:25:42.00068,510,1.037,0.0011,"aoml_navis",1028.97793458496
"7901009",10,0,1,0.020559,1,-0.001869,1,132.304356465701,1,4.85913947044823,512,1,14.7720003128052,35.9169998168945,0.020558999851346,0,127.583396911621,-87.571,26.0372,26.4451339143196,63,63,63,63,61,63,0,8045,1.29563008188212,26,-88,0.001869,51,2023-09-07 06:25:42.00068,512,1.037,0.0011,"aoml_navis",1028.98878091655
"7901009",10,0,1,0.022428,1,0,1,132.035983537833,1,4.85908654296758,514,1,14.7410001754761,35.9109992980957,0.0224280003458261,0,127.324600219727,-87.571,26.0372,26.4451339143196,63,63,63,63,61,63,0,8045,1.29563008188212,26,-88,0.001869,51,2023-09-07 06:25:42.00068,514,1.037,0.0011,"aoml_navis",1028.99998915153
"7901009",10,0,1,0.024297,1,0.001869,1,131.63393445097,1,4.85903365174204,516,1,14.710000038147,35.9049987792969,0.0242970008403063,0,126.936897277832,-87.571,26.0372,26.4451339143196,63,63,63,63,61,63,0,8045,1.29563008188212,26,-88,0.001869,51,2023-09-07 06:25:42.00068,516,1.037,0.0011,"aoml_navis",1029.01118995285
"7901009",10,0,1,0.01869,1,-0.003738,1,131.088161340415,1,4.85895981723837,518,1,14.6389999389648,35.8930015563965,0.0186899993568659,0,126.410598754883,-87.571,26.0372,26.4451339143196,63,63,63,63,61,63,0,8045,1.29563008188212,26,-88,0.001869,51,2023-09-07 06:25:42.00068,518,1.037,0.0011,"aoml_navis",1029.02682633045
"7901009",10,0,1,0.01869,1,-0.003738,1,130.411829282432,1,4.85889342641265,520,1,14.585000038147,35.8839988708496,0.0186899993568659,0,125.758399963379,-87.571,26.0372,26.4451339143196,63,63,63,63,61,63,0,8045,1.29563008188212,26,-88,0.001869,51,2023-09-07 06:25:42.00068,520,1.037,0.0011,"aoml_navis",1029.04088672131
"7901009",10,0,1,0.01869,1,-0.003738,1,130.161811508971,1,4.8588059802516,522,1,14.4940004348755,35.8699989318848,0.0186899993568659,0,125.517303466797,-87.571,26.0372,26.4451339143196,63,63,63,63,61,63,0,8045,1.29563008188212,26,-88,0.001869,51,2023-09-07 06:25:42.00068,522,1.037,0.0011,"aoml_navis",1029.0594068424
"7901009",10,0,1,0.020559,1,-0.001869,1,129.884617030601,1,4.85875049061234,524,1,14.4499998092651,35.8610000610352,0.020558999851346,0,125.25,-87.571,26.0372,26.4451339143196,63,63,63,63,61,63,0,8045,1.29563008188212,26,-88,0.001869,51,2023-09-07 06:25:42.00068,524,1.037,0.0011,"aoml_navis",1029.0711592745
"7901009",10,0,1,0.020559,1,-0.001869,1,129.439536183039,1,4.85869053835301,526,1,14.4119997024536,35.8549995422363,0.020558999851346,0,124.82080078125,-87.571,26.0372,26.4451339143196,63,63,63,63,61,63,0,8045,1.29563008188212,26,-88,0.001869,51,2023-09-07 06:25:42.00068,526,1.037,0.0011,"aoml_navis",1029.08385716924
"7901009",10,0,1,0.020559,1,-0.001869,1,128.832684713852,1,4.85861736459953,528,1,14.3579998016357,35.8479995727539,0.020558999851346,0,124.23560333252,-87.571,26.0372,26.4451339143196,63,63,63,63,61,63,0,8045,1.29563008188212,26,-88,0.001869,51,2023-09-07 06:25:42.00068,528,1.037,0.0011,"aoml_navis",1029.09935580246
"7901009",10,0,1,0.020559,1,-0.001869,1,128.247709107569,1,4.85855789438831,530,1,14.3100004196167,35.8390007019043,0.020558999851346,0,123.671501159668,-87.571,26.0372,26.4451339143196,63,63,63,63,61,63,0,8045,1.29563008188212,26,-88,0.001869,51,2023-09-07 06:25:42.00068,530,1.037,0.0011,"aoml_navis",1029.11195228836
"7901009",10,0,1,0.022428,1,0,1,127.84358715413,1,4.85850283249759,532,1,14.2729997634888,35.8320007324219,0.0224280003458261,0,123.281799316406,-87.571,26.0372,26.4451339143196,63,63,63,63,61,63,0,8045,1.29563008188212,26,-88,0.001869,51,2023-09-07 06:25:42.00068,532,1.037,0.0011,"aoml_navis",1029.12361531539
"7901009",10,0,1,0.020559,1,-0.001869,1,127.835912800779,1,4.85840758784539,534,1,14.1700000762939,35.8170013427734,0.020558999851346,0,123.274398803711,-87.571,26.0372,26.4451339143196,63,63,63,63,61,63,0,8045,1.29563008188212,26,-88,0.001869,51,2023-09-07 06:25:42.00068,534,1.037,0.0011,"aoml_navis",1029.1437903458
"7901009",10,0,1,0.01869,1,-0.003738,1,127.976843992788,1,4.85833692618043,536,1,14.1040000915527,35.8059997558594,0.0186899993568659,0,123.410301208496,-87.571,26.0372,26.4451339143196,63,63,63,63,61,63,0,8045,1.29563008188212,26,-88,0.001869,51,2023-09-07 06:25:42.00068,536,1.037,0.0011,"aoml_navis",1029.15875863944
"7901009",10,0,1,0.01869,1,-0.003738,1,127.98596618806,1,4.85826909571496,538,1,14.0509996414185,35.7980003356934,0.0186899993568659,0,123.419097900391,-87.571,26.0372,26.4451339143196,63,63,63,63,61,63,0,8045,1.29563008188212,26,-88,0.001869,51,2023-09-07 06:25:42.00068,538,1.037,0.0011,"aoml_navis",1029.17312760836
"7901009",10,0,1,0.022428,1,0,1,127.783133820153,1,4.8582269237673,540,1,14.0260000228882,35.7910003662109,0.0224280003458261,0,123.223503112793,-87.571,26.0372,26.4451339143196,63,63,63,63,61,63,0,8045,1.29563008188212,26,-88,0.001869,51,2023-09-07 06:25:42.00068,540,1.037,0.0011,"aoml_navis",1029.18206136875
"7901009",10,0,1,0.024297,1,0.001869,1,127.589835056152,1,4.85816237867402,542,1,13.9759998321533,35.7830009460449,0.0242970008403063,0,123.037101745605,-87.571,26.0372,26.4451339143196,63,63,63,63,61,63,0,8045,1.29563008188212,26,-88,0.001869,51,2023-09-07 06:25:42.00068,542,1.037,0.0011,"aoml_navis",1029.19573498585
"7901009",10,0,1,0.01869,1,-0.003738,1,127.516105882048,1,4.85806324579016,544,1,13.8610000610352,35.765998840332,0.0186899993568659,0,122.966003417969,-87.571,26.0372,26.4451339143196,63,63,63,63,61,63,0,8045,1.29563008188212,26,-88,0.001869,51,2023-09-07 06:25:42.00068,544,1.037,0.0011,"aoml_navis",1029.21673659412
"7901009",10,0,1,0.022428,1,0,1,127.458033971121,1,4.85798936865944,546,1,13.7770004272461,35.7509994506836,0.0224280003458261,0,122.910003662109,-87.571,26.0372,26.4451339143196,63,63,63,63,61,63,0,8045,1.29563008188212,26,-88,0.001869,51,2023-09-07 06:25:42.00068,546,1.037,0.0011,"aoml_navis",1029.23238825032
"7901009",10,0,1,0.022428,1,0,1,127.21724124509,1,4.85793248895564,548,1,13.7410001754761,35.7449989318848,0.0224280003458261,0,122.677803039551,-87.571,26.0372,26.4451339143196,63,63,63,63,61,63,0,8045,1.29563008188212,26,-88,0.001869,51,2023-09-07 06:25:42.00068,548,1.037,0.0011,"aoml_navis",1029.24443914512
"7901009",10,0,1,0.016821,1,-0.005607,1,126.914436579299,1,4.85786502939532,550,1,13.6770000457764,35.734001159668,0.0168210007250309,0,122.385803222656,-87.571,26.0372,26.4451339143196,63,63,63,63,61,63,0,8045,1.29563008188212,26,-88,0.001869,51,2023-09-07 06:25:42.00068,550,1.037,0.0011,"aoml_navis",1029.25873192125
"7901009",10,0,1,0.022428,1,0,1,126.684008186145,1,4.8577925337637,552,1,13.6149997711182,35.7249984741211,0.0224280003458261,0,122.163597106934,-87.571,26.0372,26.4451339143196,63,63,63,63,61,63,0,8045,1.29563008188212,26,-88,0.001869,51,2023-09-07 06:25:42.00068,552,1.037,0.0011,"aoml_navis",1029.27409214121
"7901009",10,0,1,0.020559,1,-0.001869,1,126.52140683555,1,4.85772222770765,554,1,13.5550003051758,35.7159996032715,0.020558999851346,0,122.006797790527,-87.571,26.0372,26.4451339143196,63,63,63,63,61,63,0,8045,1.29563008188212,26,-88,0.001869,51,2023-09-07 06:25:42.00068,554,1.037,0.0011,"aoml_navis",1029.28898887648
"7901009",10,0,1,0.022428,1,0,1,126.321683767506,1,4.85767179259352,556,1,13.5249996185303,35.7099990844727,0.0224280003458261,0,121.81420135498,-87.571,26.0372,26.4451339143196,63,63,63,63,61,63,0,8045,1.29563008188212,26,-88,0.001869,51,2023-09-07 06:25:42.00068,556,1.037,0.0011,"aoml_navis",1029.29967554076
"7901009",10,0,1,0.020559,1,-0.001869,1,125.922229719715,1,4.85762037282499,558,1,13.4940004348755,35.7039985656738,0.020558999851346,0,121.429000854492,-87.571,26.0372,26.4451339143196,63,63,63,63,61,63,0,8045,1.29563008188212,26,-88,0.001869,51,2023-09-07 06:25:42.00068,558,1.037,0.0011,"aoml_navis",1029.31057107129
"7901009",10,0,1,0.024297,1,0.001869,1,125.651364604933,1,4.85755573940421,560,1,13.4250001907349,35.6910018920898,0.0242970008403063,0,121.16780090332,-87.571,26.0372,26.4451339143196,63,63,63,63,61,63,0,8045,1.29563008188212,26,-88,0.001869,51,2023-09-07 06:25:42.00068,560,1.037,0.0011,"aoml_navis",1029.3242668201
"7901009",10,0,1,0.01869,1,-0.003738,1,125.375317323713,1,4.85748345519675,562,1,13.3590002059937,35.6809997558594,0.0186899993568659,0,120.90160369873,-87.571,26.0372,26.4451339143196,63,63,63,63,61,63,0,8045,1.29563008188212,26,-88,0.001869,51,2023-09-07 06:25:42.00068,562,1.037,0.0011,"aoml_navis",1029.3395841937
"7901009",10,0,1,0.024297,1,0.001869,1,125.148726107235,1,4.85741154120457,564,1,13.28600025177,35.6689987182617,0.0242970008403063,0,120.683097839355,-87.571,26.0372,26.4451339143196,63,63,63,63,61,63,0,8045,1.29563008188212,26,-88,0.001869,51,2023-09-07 06:25:42.00068,564,1.037,0.0011,"aoml_navis",1029.35482356928
"7901009",10,0,1,0.024297,1,0.001869,1,124.792825992639,1,4.8573517325861,566,1,13.2320003509521,35.6590003967285,0.0242970008403063,0,120.339897155762,-87.571,26.0372,26.4451339143196,63,63,63,63,61,63,0,8045,1.29563008188212,26,-88,0.001869,51,2023-09-07 06:25:42.00068,566,1.037,0.0011,"aoml_navis",1029.36749802509
"7901009",10,0,1,0.022428,1,0,1,124.65044695871,1,4.85727053027539,568,1,13.1529998779297,35.6479988098145,0.0224280003458261,0,120.202598571777,-87.571,26.0372,26.4451339143196,63,63,63,63,61,63,0,8045,1.29563008188212,26,-88,0.001869,51,2023-09-07 06:25:42.00068,568,1.037,0.0011,"aoml_navis",1029.38470666498
"7901009",10,0,1,0.022428,1,0,1,124.277330975152,1,4.85721340301896,570,1,13.1049995422363,35.6389999389648,0.0224280003458261,0,119.842796325684,-87.571,26.0372,26.4451339143196,63,63,63,63,61,63,0,8045,1.29563008188212,26,-88,0.001869,51,2023-09-07 06:25:42.00068,570,1.037,0.0011,"aoml_navis",1029.39681359116
"7901009",10,0,1,0.026166,1,0.003738,1,123.80715420096,1,4.85714189650469,572,1,13.0279998779297,35.6259994506836,0.0261659994721413,0,119.38939666748,-87.571,26.0372,26.4451339143196,63,63,63,63,61,63,0,8045,1.29563008188212,26,-88,0.001869,51,2023-09-07 06:25:42.00068,572,1.037,0.0011,"aoml_navis",1029.41196830138
"7901009",10,0,1,0.022428,1,0,1,123.478114323093,1,4.85706261378053,574,1,12.9320001602173,35.6100006103516,0.0224280003458261,0,119.07209777832,-87.571,26.0372,26.4451339143196,63,63,63,63,61,63,0,8045,1.29563008188212,26,-88,0.001869,51,2023-09-07 06:25:42.00068,574,1.037,0.0011,"aoml_navis",1029.4287715818
"7901009",10,0,1,0.022428,1,0,1,123.271025458173,1,4.85698935300516,576,1,12.8489999771118,35.5960006713867,0.0224280003458261,0,118.872398376465,-87.571,26.0372,26.4451339143196,63,63,63,63,61,63,0,8045,1.29563008188212,26,-88,0.001869,51,2023-09-07 06:25:42.00068,576,1.037,0.0011,"aoml_navis",1029.44429905047
"7901009",10,0,1,0.022428,1,0,1,123.01250260239,1,4.85691964417683,578,1,12.7840003967285,35.5859985351562,0.0224280003458261,0,118.623100280762,-87.571,26.0372,26.4451339143196,63,63,63,63,61,63,0,8045,1.29563008188212,26,-88,0.001869,51,2023-09-07 06:25:42.00068,578,1.037,0.0011,"aoml_navis",1029.45907412628
"7901009",10,0,1,0.024297,1,0.001869,1,122.848864818507,1,4.85685534504728,580,1,12.7279996871948,35.5769996643066,0.0242970008403063,0,118.465301513672,-87.571,26.0372,26.4451339143196,63,63,63,63,61,63,0,8045,1.29563008188212,26,-88,0.001869,51,2023-09-07 06:25:42.00068,580,1.037,0.0011,"aoml_navis",1029.47270296998
"7901009",10,0,1,0.022428,1,0,1,122.742048896242,1,4.85679147766622,582,1,12.6759996414185,35.5690002441406,0.0224280003458261,0,118.362297058105,-87.571,26.0372,26.4451339143196,63,63,63,63,61,63,0,8045,1.29563008188212,26,-88,0.001869,51,2023-09-07 06:25:42.00068,582,1.037,0.0011,"aoml_navis",1029.4862406575
"7901009",10,0,1,0.024297,1,0.001869,1,122.611284244498,1,4.85674563740978,584,1,12.6569995880127,35.564998626709,0.0242970008403063,0,118.236198425293,-87.571,26.0372,26.4451339143196,63,63,63,63,61,63,0,8045,1.29563008188212,26,-88,0.001869,51,2023-09-07 06:25:42.00068,584,1.037,0.0011,"aoml_navis",1029.49595743429
"7901009",10,0,1,0.022428,1,0,1,122.414567624159,1,4.85669812532561,586,1,12.6400003433228,35.5620002746582,0.0224280003458261,0,118.046501159668,-87.571,26.0372,26.4451339143196,63,63,63,63,61,63,0,8045,1.29563008188212,26,-88,0.001869,51,2023-09-07 06:25:42.00068,586,1.037,0.0011,"aoml_navis",1029.50602878263
"7901009",10,0,1,0.022428,1,0,1,122.234338995968,1,4.85662111811814,588,1,12.5670003890991,35.5519981384277,0.0224280003458261,0,117.872703552246,-87.571,26.0372,26.4451339143196,63,63,63,63,61,63,0,8045,1.29563008188212,26,-88,0.001869,51,2023-09-07 06:25:42.00068,588,1.037,0.0011,"aoml_navis",1029.52235276229
"7901009",10,0,1,0.022428,1,0,1,122.182588536926,1,4.85656302160913,590,1,12.5279998779297,35.5460014343262,0.0224280003458261,0,117.822799682617,-87.571,26.0372,26.4451339143196,63,63,63,63,61,63,0,8045,1.29563008188212,26,-88,0.001869,51,2023-09-07 06:25:42.00068,590,1.037,0.0011,"aoml_navis",1029.53466839669
"7901009",10,0,1,0.026166,1,0.003738,1,122.010548522879,1,4.85652273304969,592,1,12.5220003128052,35.5439987182617,0.0261659994721413,0,117.656898498535,-87.571,26.0372,26.4451339143196,63,63,63,63,61,63,0,8045,1.29563008188212,26,-88,0.001869,51,2023-09-07 06:25:42.00068,592,1.037,0.0011,"aoml_navis",1029.54320917185
"7901009",10,0,1,0.020559,1,-0.001869,1,121.760325045101,1,4.85647530321208,594,1,12.5050001144409,35.5410003662109,0.020558999851346,0,117.415603637695,-87.571,26.0372,26.4451339143196,63,63,63,63,61,63,0,8045,1.29563008188212,26,-88,0.001869,51,2023-09-07 06:25:42.00068,594,1.037,0.0011,"aoml_navis",1029.55326400877
"7901009",10,0,1,0.024297,1,0.001869,1,121.604456555023,1,4.85641509012863,596,1,12.460000038147,35.5340003967285,0.0242970008403063,0,117.265296936035,-87.571,26.0372,26.4451339143196,63,63,63,63,61,63,0,8045,1.29563008188212,26,-88,0.001869,51,2023-09-07 06:25:42.00068,596,1.037,0.0011,"aoml_navis",1029.56602909896
"7901009",10,0,1,0.022428,1,0,1,121.610058041799,1,4.85635300872598,598,1,12.4130001068115,35.5270004272461,0.0224280003458261,0,117.270698547363,-87.571,26.0372,26.4451339143196,63,63,63,63,61,63,0,8045,1.29563008188212,26,-88,0.001869,51,2023-09-07 06:25:42.00068,598,1.037,0.0011,"aoml_navis",1029.57919060165
"7901009",10,0,1,0.024297,1,0.001869,1,121.614314538813,1,4.85629663941061,600,1,12.3830003738403,35.5229988098145,0.0242970008403063,0,117.274803161621,-87.571,26.0372,26.4451339143196,63,63,63,63,61,63,0,8045,1.29563008188212,26,-88,0.001869,51,2023-09-07 06:25:42.00068,600,1.037,0.0011,"aoml_navis",1029.59114141076
"7901009",10,0,1,0.022428,1,0,1,121.542136058787,1,4.85624929531826,602,1,12.3660001754761,35.5200004577637,0.0224280003458261,0,117.205200195312,-87.571,26.0372,26.4451339143196,63,63,63,63,61,63,0,8045,1.29563008188212,26,-88,0.001869,51,2023-09-07 06:25:42.00068,602,1.037,0.0011,"aoml_navis",1029.60117900461
"7901009",10,0,1,0.024297,1,0.001869,1,121.295536141664,1,4.85620051395808,604,1,12.3549995422363,35.5190010070801,0.0242970008403063,0,116.967399597168,-87.571,26.0372,26.4451339143196,63,63,63,63,61,63,0,8045,1.29563008188212,26,-88,0.001869,51,2023-09-07 06:25:42.00068,604,1.037,0.0011,"aoml_navis",1029.61152152359
"7901009",10,0,1,0.026166,1,0.003738,1,121.148592054246,1,4.85615027577939,606,1,12.3199996948242,35.5120010375977,0.0261659994721413,0,116.825698852539,-87.571,26.0372,26.4451339143196,63,63,63,63,61,63,0,8045,1.29563008188212,26,-88,0.001869,51,2023-09-07 06:25:42.00068,606,1.037,0.0011,"aoml_navis",1029.62217313127
"7901009",10,0,1,0.024297,1,0.001869,1,120.988166422385,1,4.85607904365327,608,1,12.2519998550415,35.5019989013672,0.0242970008403063,0,116.670997619629,-87.571,26.0372,26.4451339143196,63,63,63,63,61,63,0,8045,1.29563008188212,26,-88,0.001869,51,2023-09-07 06:25:42.00068,608,1.037,0.0011,"aoml_navis",1029.63727629904
"7901009",10,0,1,0.024297,1,0.001869,1,120.814884270733,1,4.85601616058675,610,1,12.1999998092651,35.4939994812012,0.0242970008403063,0,116.503898620605,-87.571,26.0372,26.4451339143196,63,63,63,63,61,63,0,8045,1.29563008188212,26,-88,0.001869,51,2023-09-07 06:25:42.00068,610,1.037,0.0011,"aoml_navis",1029.65060960503
"7901009",10,0,1,0.024297,1,0.001869,1,120.622519087861,1,4.85594546636152,612,1,12.1359996795654,35.4850006103516,0.0242970008403063,0,116.318397521973,-87.571,26.0372,26.4451339143196,63,63,63,63,61,63,0,8045,1.29563008188212,26,-88,0.001869,51,2023-09-07 06:25:42.00068,612,1.037,0.0011,"aoml_navis",1029.66559954933
"7901009",10,0,1,0.024297,1,0.001869,1,120.496422341764,1,4.85588052279895,614,1,12.0740003585815,35.4749984741211,0.0242970008403063,0,116.196800231934,-87.571,26.0372,26.4451339143196,63,63,63,63,61,63,0,8045,1.29563008188212,26,-88,0.001869,51,2023-09-07 06:25:42.00068,614,1.037,0.0011,"aoml_navis",1029.6793705126
"7901009",10,0,1,0.024297,1,0.001869,1,120.273051189012,1,4.85582414655868,616,1,12.03600025177,35.4690017700195,0.0242970008403063,0,115.981399536133,-87.571,26.0372,26.4451339143196,63,63,63,63,61,63,0,8045,1.29563008188212,26,-88,0.001869,51,2023-09-07 06:25:42.00068,616,1.037,0.0011,"aoml_navis",1029.69132511594
"7901009",10,0,1,0.022428,1,0,1,120.009860427582,1,4.85576652578141,618,1,11.9890003204346,35.4609985351562,0.0224280003458261,0,115.727600097656,-87.571,26.0372,26.4451339143196,63,63,63,63,61,63,0,8045,1.29563008188212,26,-88,0.001869,51,2023-09-07 06:25:42.00068,618,1.037,0.0011,"aoml_navis",1029.70354391069
"7901009",10,0,1,0.022428,1,0,1,119.830976789154,1,4.85571810607906,620,1,11.9630002975464,35.4560012817383,0.0224280003458261,0,115.555099487305,-87.571,26.0372,26.4451339143196,63,63,63,63,61,63,0,8045,1.29563008188212,26,-88,0.001869,51,2023-09-07 06:25:42.00068,620,1.037,0.0011,"aoml_navis",1029.71381179239
"7901009",10,0,1,0.024297,1,0.001869,1,119.558141659956,1,4.8556674641446,622,1,11.9270000457764,35.4490013122559,0.0242970008403063,0,115.291999816895,-87.571,26.0372,26.4451339143196,63,63,63,63,61,63,0,8045,1.29563008188212,26,-88,0.001869,51,2023-09-07 06:25:42.00068,622,1.037,0.0011,"aoml_navis",1029.72455113971
"7901009",10,0,1,0.026166,1,0.003738,1,119.479641728046,1,4.85559369722271,624,1,11.8590002059937,35.439998626709,0.0261659994721413,0,115.216300964355,-87.571,26.0372,26.4451339143196,63,63,63,63,61,63,0,8045,1.29563008188212,26,-88,0.001869,51,2023-09-07 06:25:42.00068,624,1.037,0.0011,"aoml_navis",1029.74019487254
"7901009",10,0,1,0.024297,1,0.001869,1,119.371069407385,1,4.855530550634,626,1,11.8020000457764,35.4309997558594,0.0242970008403063,0,115.111602783203,-87.571,26.0372,26.4451339143196,63,63,63,63,61,63,0,8045,1.29563008188212,26,-88,0.001869,51,2023-09-07 06:25:42.00068,626,1.037,0.0011,"aoml_navis",1029.75358673156
"7901009",10,0,1,0.024297,1,0.001869,1,119.276698596277,1,4.85546877318983,628,1,11.753999710083,35.423999786377,0.0242970008403063,0,115.020599365234,-87.571,26.0372,26.4451339143196,63,63,63,63,61,63,0,8045,1.29563008188212,26,-88,0.001869,51,2023-09-07 06:25:42.00068,628,1.037,0.0011,"aoml_navis",1029.76668856532
"7901009",10,0,1,0.024297,1,0.001869,1,119.217281695587,1,4.85539845134604,630,1,11.6929998397827,35.4160003662109,0.0242970008403063,0,114.963302612305,-87.571,26.0372,26.4451339143196,63,63,63,63,61,63,0,8045,1.29563008188212,26,-88,0.001869,51,2023-09-07 06:25:42.00068,630,1.037,0.0011,"aoml_navis",1029.78160291127
"7901009",10,0,1,0.024297,1,0.001869,1,119.12882092773,1,4.85534160282012,632,1,11.6499996185303,35.4090003967285,0.0242970008403063,0,114.877998352051,-87.571,26.0372,26.4451339143196,63,63,63,63,61,63,0,8045,1.29563008188212,26,-88,0.001869,51,2023-09-07 06:25:42.00068,632,1.037,0.0011,"aoml_navis",1029.793660058
"7901009",10,0,1,0.024297,1,0.001869,1,118.995880557252,1,4.85529472924358,634,1,11.6330003738403,35.4059982299805,0.0242970008403063,0,114.749801635742,-87.571,26.0372,26.4451339143196,63,63,63,63,61,63,0,8045,1.29563008188212,26,-88,0.001869,51,2023-09-07 06:25:42.00068,634,1.037,0.0011,"aoml_navis",1029.80360180503
"7901009",10,0,1,0.028035,1,0.005607,1,118.774582271075,1,4.85522658821112,636,1,11.5740003585815,35.3979988098145,0.0280349999666214,0,114.536399841309,-87.571,26.0372,26.4451339143196,63,63,63,63,61,63,0,8045,1.29563008188212,26,-88,0.001869,51,2023-09-07 06:25:42.00068,636,1.037,0.0011,"aoml_navis",1029.81805465895
"7901009",10,0,1,0.022428,1,0,1,118.786608061894,1,4.85514789241412,638,1,11.4879999160767,35.3860015869141,0.0224280003458261,0,114.547996520996,-87.571,26.0372,26.4451339143196,63,63,63,63,61,63,0,8045,1.29563008188212,26,-88,0.001869,51,2023-09-07 06:25:42.00068,638,1.037,0.0011,"aoml_navis",1029.83474670508
"7901009",10,0,1,0.026166,1,0.003738,1,118.734865514556,1,4.85509812780976,640,1,11.460000038147,35.3810005187988,0.0261659994721413,0,114.498100280762,-87.571,26.0372,26.4451339143196,63,63,63,63,61,63,0,8045,1.29563008188212,26,-88,0.001869,51,2023-09-07 06:25:42.00068,640,1.037,0.0011,"aoml_navis",1029.84530247911
"7901009",10,0,1,0.028035,1,0.005607,1,118.603064429524,1,4.85505417478083,642,1,11.4460000991821,35.3779983520508,0.0280349999666214,0,114.371002197266,-87.571,26.0372,26.4451339143196,63,63,63,63,61,63,0,8045,1.29563008188212,26,-88,0.001869,51,2023-09-07 06:25:42.00068,642,1.037,0.0011,"aoml_navis",1029.85462571604
"7901009",10,0,1,0.024297,1,0.001869,1,118.555253999315,1,4.85497903752647,644,1,11.378999710083,35.3699989318848,0.0242970008403063,0,114.324897766113,-87.571,26.0372,26.4451339143196,63,63,63,63,61,63,0,8045,1.29563008188212,26,-88,0.001869,51,2023-09-07 06:25:42.00068,644,1.037,0.0011,"aoml_navis",1029.87056408536
"7901009",10,0,1,0.022428,1,0,1,118.570602706018,1,4.85491630296865,646,1,11.3330001831055,35.3639984130859,0.0224280003458261,0,114.339698791504,-87.571,26.0372,26.4451339143196,63,63,63,63,61,63,0,8045,1.29563008188212,26,-88,0.001869,51,2023-09-07 06:25:42.00068,646,1.037,0.0011,"aoml_navis",1029.88387193053
"7901009",10,0,1,0.026166,1,0.003738,1,118.490441316166,1,4.85486298077294,648,1,11.3009996414185,35.359001159668,0.0261659994721413,0,114.262397766113,-87.571,26.0372,26.4451339143196,63,63,63,63,61,63,0,8045,1.29563008188212,26,-88,0.001869,51,2023-09-07 06:25:42.00068,648,1.037,0.0011,"aoml_navis",1029.89518340721
"7901009",10,0,1,0.024297,1,0.001869,1,118.44274164982,1,4.85480224320925,650,1,11.2569999694824,35.3530006408691,0.0242970008403063,0,114.216400146484,-87.571,26.0372,26.4451339143196,63,63,63,63,61,63,0,8045,1.29563008188212,26,-88,0.001869,51,2023-09-07 06:25:42.00068,650,1.037,0.0011,"aoml_navis",1029.90806824188
"7901009",10,0,1,0.026166,1,0.003738,1,118.406862069977,1,4.8547379362273,652,1,11.2130002975464,35.3479995727539,0.0261659994721413,0,114.181800842285,-87.571,26.0372,26.4451339143196,63,63,63,63,61,63,0,8045,1.29563008188212,26,-88,0.001869,51,2023-09-07 06:25:42.00068,652,1.037,0.0011,"aoml_navis",1029.92171064245
"7901009",10,0,1,0.024297,1,0.001869,1,118.393894786324,1,4.85468388721216,654,1,11.1840000152588,35.3440017700195,0.0242970008403063,0,114.169296264648,-87.571,26.0372,26.4451339143196,63,63,63,63,61,63,0,8045,1.29563008188212,26,-88,0.001869,51,2023-09-07 06:25:42.00068,654,1.037,0.0011,"aoml_navis",1029.93317714684
"7901009",10,0,1,0.026166,1,0.003738,1,118.303163359279,1,4.85462896289762,656,1,11.1540002822876,35.3400001525879,0.0261659994721413,0,114.081802368164,-87.571,26.0372,26.4451339143196,63,63,63,63,61,63,0,8045,1.29563008188212,26,-88,0.001869,51,2023-09-07 06:25:42.00068,656,1.037,0.0011,"aoml_navis",1029.94482960766
"7901009",10,0,1,0.024297,1,0.001869,1,118.279515274571,1,4.85456851655071,658,1,11.1140003204346,35.3349990844727,0.0242970008403063,0,114.05899810791,-87.571,26.0372,26.4451339143196,63,63,63,63,61,63,0,8045,1.29563008188212,26,-88,0.001869,51,2023-09-07 06:25:42.00068,658,1.037,0.0011,"aoml_navis",1029.95765389931
"7901009",10,0,1,0.026166,1,0.003738,1,118.229845593808,1,4.85451917467334,660,1,11.0900001525879,35.3310012817383,0.0261659994721413,0,114.011100769043,-87.571,26.0372,26.4451339143196,63,63,63,63,61,63,0,8045,1.29563008188212,26,-88,0.001869,51,2023-09-07 06:25:42.00068,660,1.037,0.0011,"aoml_navis",1029.96812250442
"7901009",10,0,1,0.026166,1,0.003738,1,118.215121911759,1,4.85446711320358,662,1,11.0629997253418,35.3269996643066,0.0261659994721413,0,113.99690246582,-87.571,26.0372,26.4451339143196,63,63,63,63,61,63,0,8045,1.29563008188212,26,-88,0.001869,51,2023-09-07 06:25:42.00068,662,1.037,0.0011,"aoml_navis",1029.97916834179
"7901009",10,0,1,0.026166,1,0.003738,1,118.109556038803,1,4.85441696442842,664,1,11.0500001907349,35.326000213623,0.0261659994721413,0,113.89510345459,-87.571,26.0372,26.4451339143196,63,63,63,63,61,63,0,8045,1.29563008188212,26,-88,0.001869,51,2023-09-07 06:25:42.00068,664,1.037,0.0011,"aoml_navis",1029.98980858842
"7901009",10,0,1,0.028035,1,0.005607,1,118.017463798587,1,4.85437044949432,666,1,11.0329999923706,35.3230018615723,0.0280349999666214,0,113.806297302246,-87.571,26.0372,26.4451339143196,63,63,63,63,61,63,0,8045,1.29563008188212,26,-88,0.001869,51,2023-09-07 06:25:42.00068,666,1.037,0.0011,"aoml_navis",1029.9996780264
"7901009",10,0,1,0.029904,1,0.007476,1,117.847401710661,1,4.85432672678252,668,1,11.0229997634888,35.3209991455078,0.0299040004611015,0,113.642303466797,-87.571,26.0372,26.4451339143196,63,63,63,63,61,63,0,8045,1.29563008188212,26,-88,0.001869,51,2023-09-07 06:25:42.00068,668,1.037,0.0011,"aoml_navis",1030.00895518914
"7901009",10,0,1,0.028035,1,0.005607,1,117.699001869618,1,4.85427745046914,670,1,10.9949998855591,35.3160018920898,0.0280349999666214,0,113.499198913574,-87.571,26.0372,26.4451339143196,63,63,63,63,61,63,0,8045,1.29563008188212,26,-88,0.001869,51,2023-09-07 06:25:42.00068,670,1.037,0.0011,"aoml_navis",1030.01941092526
"7901009",10,0,1,0.028035,1,0.005607,1,117.530284771454,1,4.85422364545018,672,1,10.9540004730225,35.3089981079102,0.0280349999666214,0,113.336502075195,-87.571,26.0372,26.4451339143196,63,63,63,63,61,63,0,8045,1.29563008188212,26,-88,0.001869,51,2023-09-07 06:25:42.00068,672,1.037,0.0011,"aoml_navis",1030.03082783103
"7901009",10,0,1,0.026166,1,0.003738,1,117.380231384174,1,4.85415802313948,674,1,10.9040002822876,35.3030014038086,0.0261659994721413,0,113.191802978516,-87.571,26.0372,26.4451339143196,63,63,63,63,61,63,0,8045,1.29563008188212,26,-88,0.001869,51,2023-09-07 06:25:42.00068,674,1.037,0.0011,"aoml_navis",1030.04475259464
"7901009",10,0,1,0.028035,1,0.005607,1,117.3157272575,1,4.85409620484603,676,1,10.8459997177124,35.2939987182617,0.0280349999666214,0,113.129600524902,-87.571,26.0372,26.4451339143196,63,63,63,63,61,63,0,8045,1.29563008188212,26,-88,0.001869,51,2023-09-07 06:25:42.00068,676,1.037,0.0011,"aoml_navis",1030.05787050704
"7901009",10,0,1,0.028035,1,0.005607,1,117.198958410991,1,4.85404709199521,678,1,10.826000213623,35.2910003662109,0.0280349999666214,0,113.016998291016,-87.571,26.0372,26.4451339143196,63,63,63,63,61,63,0,8045,1.29563008188212,26,-88,0.001869,51,2023-09-07 06:25:42.00068,678,1.037,0.0011,"aoml_navis",1030.06829254819
"7901009",10,0,1,0.028035,1,0.005607,1,117.030241312828,1,4.85399448440802,680,1,10.7819995880127,35.2830009460449,0.0280349999666214,0,112.854301452637,-87.571,26.0372,26.4451339143196,63,63,63,63,61,63,0,8045,1.29563008188212,26,-88,0.001869,51,2023-09-07 06:25:42.00068,680,1.037,0.0011,"aoml_navis",1030.07945642727
"7901009",10,0,1,0.020559,1,-0.001869,1,116.895425868387,1,4.85393107097159,682,1,10.7299995422363,35.2760009765625,0.020558999851346,0,112.724296569824,-87.571,26.0372,26.4451339143196,63,63,63,63,61,63,0,8045,1.29563008188212,26,-88,0.001869,51,2023-09-07 06:25:42.00068,682,1.037,0.0011,"aoml_navis",1030.09291374201
"7901009",10,0,1,0.022428,1,0,1,116.886303673115,1,4.85385615204805,684,1,10.6569995880127,35.2669982910156,0.0224280003458261,0,112.71549987793,-87.571,26.0372,26.4451339143196,63,63,63,63,61,63,0,8045,1.29563008188212,26,-88,0.001869,51,2023-09-07 06:25:42.00068,684,1.037,0.0011,"aoml_navis",1030.10881315267
"7901009",10,0,1,0.024297,1,0.001869,1,116.931621916411,1,4.8537903165462,686,1,10.6020002365112,35.2599983215332,0.0242970008403063,0,112.759201049805,-87.571,26.0372,26.4451339143196,63,63,63,63,61,63,0,8045,1.29563008188212,26,-88,0.001869,51,2023-09-07 06:25:42.00068,686,1.037,0.0011,"aoml_navis",1030.12278527059
"7901009",10,0,1,0.026166,1,0.003738,1,116.84451405002,1,4.85374318375661,688,1,10.5839996337891,35.2569999694824,0.0261659994721413,0,112.675201416016,-87.571,26.0372,26.4451339143196,63,63,63,63,61,63,0,8045,1.29563008188212,26,-88,0.001869,51,2023-09-07 06:25:42.00068,688,1.037,0.0011,"aoml_navis",1030.1327883875
"7901009",10,0,1,0.028035,1,0.005607,1,116.714366511226,1,4.85369157708731,690,1,10.5609998703003,35.2540016174316,0.0280349999666214,0,112.549697875977,-87.571,26.0372,26.4451339143196,63,63,63,63,61,63,0,8045,1.29563008188212,26,-88,0.001869,51,2023-09-07 06:25:42.00068,690,1.037,0.0011,"aoml_navis",1030.14374123056
"7901009",10,0,1,0.029904,1,0.007476,1,116.660756801629,1,4.85363400919024,692,1,10.5150003433228,35.2470016479492,0.0299040004611015,0,112.498001098633,-87.571,26.0372,26.4451339143196,63,63,63,63,61,63,0,8045,1.29563008188212,26,-88,0.001869,51,2023-09-07 06:25:42.00068,692,1.037,0.0011,"aoml_navis",1030.15595954137
"7901009",10,0,1,0.026166,1,0.003738,1,116.640012312467,1,4.85357563549622,694,1,10.4680004119873,35.2400016784668,0.0261659994721413,0,112.477996826172,-87.571,26.0372,26.4451339143196,63,63,63,63,61,63,0,8045,1.29563008188212,26,-88,0.001869,51,2023-09-07 06:25:42.00068,694,1.037,0.0011,"aoml_navis",1030.16834917188
"7901009",10,0,1,0.028035,1,0.005607,1,116.548964417243,1,4.8535145045824,696,1,10.4259996414185,35.2350006103516,0.0280349999666214,0,112.390197753906,-87.571,26.0372,26.4451339143196,63,63,63,63,61,63,0,8045,1.29563008188212,26,-88,0.001869,51,2023-09-07 06:25:42.00068,696,1.037,0.0011,"aoml_navis",1030.18132433298
"7901009",10,0,1,0.031773,1,0.009345,1,116.539320049474,1,4.85345007984314,698,1,10.3719997406006,35.2280006408691,0.0317730009555817,0,112.380897521973,-87.571,26.0372,26.4451339143196,63,63,63,63,61,63,0,8045,1.29563008188212,26,-88,0.001869,51,2023-09-07 06:25:42.00068,698,1.037,0.0011,"aoml_navis",1030.19499896898
"7901009",10,0,1,0.028035,1,0.005607,1,116.494001806179,1,4.8533838981782,700,1,10.3199996948242,35.2220001220703,0.0280349999666214,0,112.337196350098,-87.571,26.0372,26.4451339143196,63,63,63,63,61,63,0,8045,1.29563008188212,26,-88,0.001869,51,2023-09-07 06:25:42.00068,700,1.037,0.0011,"aoml_navis",1030.20904690371
"7901009",10,0,1,0.031773,1,0.009345,1,116.492862520733,1,4.85330822139514,702,1,10.2530002593994,35.2150001525879,0.0317730009555817,0,112.336097717285,-87.571,26.0372,26.4451339143196,63,63,63,63,61,63,0,8045,1.29563008188212,26,-88,0.001869,51,2023-09-07 06:25:42.00068,702,1.037,0.0011,"aoml_navis",1030.22511077252
"7901009",10,0,1,0.028035,1,0.005607,1,116.41395118019,1,4.85325704468622,704,1,10.2259998321533,35.2109985351562,0.0280349999666214,0,112.26000213623,-87.571,26.0372,26.4451339143196,63,63,63,63,61,63,0,8045,1.29563008188212,26,-88,0.001869,51,2023-09-07 06:25:42.00068,704,1.037,0.0011,"aoml_navis",1030.23597430811
"7901009",10,0,1,0.026166,1,0.003738,1,116.209346590478,1,4.85320802736072,706,1,10.2180004119873,35.2109985351562,0.0261659994721413,0,112.062698364258,-87.571,26.0372,26.4451339143196,63,63,63,63,61,63,0,8045,1.29563008188212,26,-88,0.001869,51,2023-09-07 06:25:42.00068,706,1.037,0.0011,"aoml_navis",1030.24637967541
"7901009",10,0,1,0.026166,1,0.003738,1,116.200738655997,1,4.8531548529177,708,1,10.1969995498657,35.2089996337891,0.0261659994721413,0,112.054397583008,-87.571,26.0372,26.4451339143196,63,63,63,63,61,63,0,8045,1.29563008188212,26,-88,0.001869,51,2023-09-07 06:25:42.00068,708,1.037,0.0011,"aoml_navis",1030.2576677507
"7901009",10,0,1,0.026166,1,0.003738,1,116.283906493554,1,4.85309457789996,710.099975585938,1,10.1619997024536,35.2050018310547,0.0261659994721413,0,112.13459777832,-87.571,26.0372,26.4451339143196,63,63,63,63,61,63,0,8045,1.29563008188212,26,-88,0.001869,51,2023-09-07 06:25:42.00068,710.099975585938,1.037,0.0011,"aoml_navis",1030.27046346243
"7901009",10,0,1,0.026166,1,0.003738,1,116.282252947316,1,4.85305174653412,712,1,10.1420001983643,35.201000213623,0.0261659994721413,0,112.133003234863,-87.571,26.0372,26.4451339143196,63,63,63,63,61,63,0,8045,1.29563008188212,26,-88,0.001869,51,2023-09-07 06:25:42.00068,712,1.037,0.0011,"aoml_navis",1030.27955627525
"7901009",10,0,1,0.022428,1,0,1,116.300916658199,1,4.8529927798853,714,1,10.1059999465942,35.1969985961914,0.0224280003458261,0,112.151000976562,-87.571,26.0372,26.4451339143196,63,63,63,63,61,63,0,8045,1.29563008188212,26,-88,0.001869,51,2023-09-07 06:25:42.00068,714,1.037,0.0011,"aoml_navis",1030.29207476344
"7901009",10,0,1,0.029904,1,0.007476,1,116.32051395021,1,4.85294188732552,716,1,10.0749998092651,35.1920013427734,0.0299040004611015,0,112.169898986816,-87.571,26.0372,26.4451339143196,63,63,63,63,61,63,0,8045,1.29563008188212,26,-88,0.001869,51,2023-09-07 06:25:42.00068,716,1.037,0.0011,"aoml_navis",1030.30287938509
"7901009",10,0,1,0.026166,1,0.003738,1,116.189852150625,1,4.85289950148401,718,1,10.0620002746582,35.1889991760254,0.0261659994721413,0,112.043899536133,-87.571,26.0372,26.4451339143196,63,63,63,63,61,63,0,8045,1.29563008188212,26,-88,0.001869,51,2023-09-07 06:25:42.00068,718,1.037,0.0011,"aoml_navis",1030.31187818149
"7901009",10,0,1,0.028035,1,0.005607,1,116.178032064123,1,4.8528411181265,720,1,10.0139999389648,35.181999206543,0.0280349999666214,0,112.032501220703,-87.571,26.0372,26.4451339143196,63,63,63,63,61,63,0,8045,1.29563008188212,26,-88,0.001869,51,2023-09-07 06:25:42.00068,720,1.037,0.0011,"aoml_navis",1030.32427361445
"7901009",10,0,1,0.024297,1,0.001869,1,116.13312522946,1,4.85278511680105,722,1,9.97700023651123,35.1769981384277,0.0242970008403063,0,111.989196777344,-87.571,26.0372,26.4451339143196,63,63,63,63,61,63,0,8045,1.29563008188212,26,-88,0.001869,51,2023-09-07 06:25:42.00068,722,1.037,0.0011,"aoml_navis",1030.33616359589
"7901009",10,0,1,0.029904,1,0.007476,1,116.071429757879,1,4.85273246998949,724,1,9.94799995422363,35.1730003356934,0.0299040004611015,0,111.929702758789,-87.571,26.0372,26.4451339143196,63,63,63,63,61,63,0,8045,1.29563008188212,26,-88,0.001869,51,2023-09-07 06:25:42.00068,724,1.037,0.0011,"aoml_navis",1030.34734161037
"7901009",10,0,1,0.029904,1,0.007476,1,116.017195023628,1,4.85268091525299,726,1,9.91600036621094,35.1679992675781,0.0299040004611015,0,111.877403259277,-87.571,26.0372,26.4451339143196,63,63,63,63,61,63,0,8045,1.29563008188212,26,-88,0.001869,51,2023-09-07 06:25:42.00068,726,1.037,0.0011,"aoml_navis",1030.35828798962
"7901009",10,0,1,0.024297,1,0.001869,1,116.005889197917,1,4.85261829652982,728,1,9.86699962615967,35.1619987487793,0.0242970008403063,0,111.866500854492,-87.571,26.0372,26.4451339143196,63,63,63,63,61,63,0,8045,1.29563008188212,26,-88,0.001869,51,2023-09-07 06:25:42.00068,728,1.037,0.0011,"aoml_navis",1030.37158384693
"7901009",10,0,1,0.031773,1,0.009345,1,115.944288666789,1,4.8525601077963,730,1,9.82299995422363,35.1559982299805,0.0317730009555817,0,111.807098388672,-87.571,26.0372,26.4451339143196,63,63,63,63,61,63,0,8045,1.29563008188212,26,-88,0.001869,51,2023-09-07 06:25:42.00068,730,1.037,0.0011,"aoml_navis",1030.38393939043
"7901009",10,0,1,0.026166,1,0.003738,1,115.874602373677,1,4.85248407047951,732,1,9.75399971008301,35.148998260498,0.0261659994721413,0,111.739898681641,-87.571,26.0372,26.4451339143196,63,63,63,63,61,63,0,8045,1.29563008188212,26,-88,0.001869,51,2023-09-07 06:25:42.00068,732,1.037,0.0011,"aoml_navis",1030.40008527136
"7901009",10,0,1,0.024297,1,0.001869,1,115.729011187726,1,4.8524258848827,734,1,9.73099994659424,35.1479988098145,0.0242970008403063,0,111.599502563477,-87.571,26.0372,26.4451339143196,63,63,63,63,61,63,0,8045,1.29563008188212,26,-88,0.001869,51,2023-09-07 06:25:42.00068,734,1.037,0.0011,"aoml_navis",1030.41244083234
"7901009",10,0,1,0.028035,1,0.005607,1,115.532603123862,1,4.852373746662,736,1,9.71500015258789,35.1469993591309,0.0280349999666214,0,111.410102844238,-87.571,26.0372,26.4451339143196,63,63,63,63,61,63,0,8045,1.29563008188212,26,-88,0.001869,51,2023-09-07 06:25:42.00068,736,1.037,0.0011,"aoml_navis",1030.42351250036
"7901009",10,0,1,0.024297,1,0.001869,1,115.476501227352,1,4.8523117242643,738,1,9.67899990081787,35.1440010070801,0.0242970008403063,0,111.356002807617,-87.571,26.0372,26.4451339143196,63,63,63,63,61,63,0,8045,1.29563008188212,26,-88,0.001869,51,2023-09-07 06:25:42.00068,738,1.037,0.0011,"aoml_navis",1030.43668340539
"7901009",10,0,1,0.028035,1,0.005607,1,115.481058369136,1,4.85225428228906,740,1,9.64400005340576,35.1399993896484,0.0280349999666214,0,111.360397338867,-87.571,26.0372,26.4451339143196,63,63,63,63,61,63,0,8045,1.29563008188212,26,-88,0.001869,51,2023-09-07 06:25:42.00068,740,1.037,0.0011,"aoml_navis",1030.44888192489
"7901009",10,0,1,0.031773,1,0.009345,1,115.504603601687,1,4.8521988323559,742,1,9.60700035095215,35.1349983215332,0.0317730009555817,0,111.383102416992,-87.571,26.0372,26.4451339143196,63,63,63,63,61,63,0,8045,1.29563008188212,26,-88,0.001869,51,2023-09-07 06:25:42.00068,742,1.037,0.0011,"aoml_navis",1030.46065768338
"7901009",10,0,1,0.026166,1,0.003738,1,115.634228967985,1,4.85213622106418,744,1,9.55300045013428,35.1279983520508,0.0261659994721413,0,111.508102416992,-87.571,26.0372,26.4451339143196,63,63,63,63,61,63,0,8045,1.29563008188212,26,-88,0.001869,51,2023-09-07 06:25:42.00068,744,1.037,0.0011,"aoml_navis",1030.47395460455
"7901009",10,0,1,0.028035,1,0.005607,1,115.618049532311,1,4.85209419413245,746,1,9.55300045013428,35.1279983520508,0.0280349999666214,0,111.492500305176,-87.571,26.0372,26.4451339143196,63,63,63,63,61,63,0,8045,1.29563008188212,26,-88,0.001869,51,2023-09-07 06:25:42.00068,746,1.037,0.0011,"aoml_navis",1030.4828801647
"7901009",10,0,1,0.028035,1,0.005607,1,115.618049532311,1,4.85205264709053,748,1,9.54500007629395,35.1259994506836,0.0280349999666214,0,111.492500305176,-87.571,26.0372,26.4451339143196,63,63,63,63,61,63,0,8045,1.29563008188212,26,-88,0.001869,51,2023-09-07 06:25:42.00068,748,1.037,0.0011,"aoml_navis",1030.49170395919
"7901009",10,0,1,0.028035,1,0.005607,1,115.771734391951,1,4.8519967341658,750,1,9.50300025939941,35.1199989318848,0.0280349999666214,0,111.640701293945,-87.571,26.0372,26.4451339143196,63,63,63,63,61,63,0,8045,1.29563008188212,26,-88,0.001869,51,2023-09-07 06:25:42.00068,750,1.037,0.0011,"aoml_navis",1030.50357903006
"7901009",10,0,1,0.028035,1,0.005607,1,115.974258203382,1,4.85193172460148,752,1,9.43299961090088,35.1100006103516,0.0280349999666214,0,111.835998535156,-87.571,26.0372,26.4451339143196,63,63,63,63,61,63,0,8045,1.29563008188212,26,-88,0.001869,51,2023-09-07 06:25:42.00068,752,1.037,0.0011,"aoml_navis",1030.51738643554
"7901009",10,0,1,0.028035,1,0.005607,1,116.075986899663,1,4.85186696194936,754,1,9.37600040435791,35.1030006408691,0.0280349999666214,0,111.934097290039,-87.571,26.0372,26.4451339143196,63,63,63,63,61,63,0,8045,1.29563008188212,26,-88,0.001869,51,2023-09-07 06:25:42.00068,754,1.037,0.0011,"aoml_navis",1030.53114176715
"7901009",10,0,1,0.031773,1,0.009345,1,116.091232754207,1,4.85182375146996,756,1,9.35299968719482,35.0979995727539,0.0317730009555817,0,111.948799133301,-87.571,26.0372,26.4451339143196,63,63,63,63,61,63,0,8045,1.29563008188212,26,-88,0.001869,51,2023-09-07 06:25:42.00068,756,1.037,0.0011,"aoml_navis",1030.54031970662
"7901009",10,0,1,0.026166,1,0.003738,1,116.11674008947,1,4.85176367433523,758,1,9.3100004196167,35.0929985046387,0.0261659994721413,0,111.97339630127,-87.571,26.0372,26.4451339143196,63,63,63,63,61,63,0,8045,1.29563008188212,26,-88,0.001869,51,2023-09-07 06:25:42.00068,758,1.037,0.0011,"aoml_navis",1030.55308040845
"7901009",10,0,1,0.029904,1,0.007476,1,116.113630789607,1,4.85171825170036,760,1,9.29300022125244,35.0900001525879,0.0299040004611015,0,111.970397949219,-87.571,26.0372,26.4451339143196,63,63,63,63,61,63,0,8045,1.29563008188212,26,-88,0.001869,51,2023-09-07 06:25:42.00068,760,1.037,0.0011,"aoml_navis",1030.56272862664
"7901009",10,0,1,0.029904,1,0.007476,1,116.079515519864,1,4.85167395186348,762,1,9.28600025177002,35.0890007019043,0.0299040004611015,0,111.9375,-87.571,26.0372,26.4451339143196,63,63,63,63,61,63,0,8045,1.29563008188212,26,-88,0.001869,51,2023-09-07 06:25:42.00068,762,1.037,0.0011,"aoml_navis",1030.57213852542
"7901009",10,0,1,0.029904,1,0.007476,1,116.107309337723,1,4.85161958360124,764,1,9.25399971008301,35.0849990844727,0.0299040004611015,0,111.964302062988,-87.571,26.0372,26.4451339143196,63,63,63,63,61,63,0,8045,1.29563008188212,26,-88,0.001869,51,2023-09-07 06:25:42.00068,764,1.037,0.0011,"aoml_navis",1030.58368733202
"7901009",10,0,1,0.028035,1,0.005607,1,116.061571774089,1,4.85156188171081,766,1,9.2180004119873,35.0810012817383,0.0280349999666214,0,111.920196533203,-87.571,26.0372,26.4451339143196,63,63,63,63,61,63,0,8045,1.29563008188212,26,-88,0.001869,51,2023-09-07 06:25:42.00068,766,1.037,0.0011,"aoml_navis",1030.59594454494
"7901009",10,0,1,0.031773,1,0.009345,1,116.053280307788,1,4.85151119246451,768,1,9.19900035858154,35.0789985656738,0.0317730009555817,0,111.912200927734,-87.571,26.0372,26.4451339143196,63,63,63,63,61,63,0,8045,1.29563008188212,26,-88,0.001869,51,2023-09-07 06:25:42.00068,768,1.037,0.0011,"aoml_navis",1030.60671235101
"7901009",10,0,1,0.022428,1,0,1,115.984211127626,1,4.85145295462967,770,1,9.17099952697754,35.0769996643066,0.0224280003458261,0,111.845596313477,-87.571,26.0372,26.4451339143196,63,63,63,63,61,63,0,8045,1.29563008188212,26,-88,0.001869,51,2023-09-07 06:25:42.00068,770,1.037,0.0011,"aoml_navis",1030.61908396506
"7901009",10,0,1,0.024297,1,0.001869,1,115.845052157422,1,4.85140042068629,771.900024414062,1,9.1560001373291,35.0769996643066,0.0242970008403063,0,111.711402893066,-87.571,26.0372,26.4451339143196,63,63,63,63,61,63,0,8045,1.29563008188212,26,-88,0.001869,51,2023-09-07 06:25:42.00068,771.900024414062,1.037,0.0011,"aoml_navis",1030.63024414148
"7901009",10,0,1,0.028035,1,0.005607,1,115.739272668445,1,4.85135016911261,774,1,9.14000034332275,35.0750007629395,0.0280349999666214,0,111.609397888184,-87.571,26.0372,26.4451339143196,63,63,63,63,61,63,0,8045,1.29563008188212,26,-88,0.001869,51,2023-09-07 06:25:42.00068,774,1.037,0.0011,"aoml_navis",1030.64091968331
"7901009",10,0,1,0.028035,1,0.005607,1,115.698622330796,1,4.85129450093598,776,1,9.11499977111816,35.0730018615723,0.0280349999666214,0,111.570198059082,-87.571,26.0372,26.4451339143196,63,63,63,63,61,63,0,8045,1.29563008188212,26,-88,0.001869,51,2023-09-07 06:25:42.00068,776,1.037,0.0011,"aoml_navis",1030.65274619699
"7901009",10,0,1,0.028035,1,0.005607,1,115.829181278223,1,4.85122196619381,778,1,9.03899955749512,35.0639991760254,0.0280349999666214,0,111.696098327637,-87.571,26.0372,26.4451339143196,63,63,63,63,61,63,0,8045,1.29563008188212,26,-88,0.001869,51,2023-09-07 06:25:42.00068,778,1.037,0.0011,"aoml_navis",1030.66815636204
"7901009",10,0,1,0.031773,1,0.009345,1,115.811031828132,1,4.85115495189467,780,1,8.98700046539307,35.0589981079102,0.0317730009555817,0,111.678596496582,-87.571,26.0372,26.4451339143196,63,63,63,63,61,63,0,8045,1.29563008188212,26,-88,0.001869,51,2023-09-07 06:25:42.00068,780,1.037,0.0011,"aoml_navis",1030.68239410642
"7901009",10,0,1,0.029904,1,0.007476,1,115.762604284974,1,4.85109362940068,782,1,8.95499992370605,35.056999206543,0.0299040004611015,0,111.631896972656,-87.571,26.0372,26.4451339143196,63,63,63,63,61,63,0,8045,1.29563008188212,26,-88,0.001869,51,2023-09-07 06:25:42.00068,782,1.037,0.0011,"aoml_navis",1030.69542292419
"7901009",10,0,1,0.028035,1,0.005607,1,115.758561403982,1,4.85102431564483,784,1,8.89999961853027,35.0519981384277,0.0280349999666214,0,111.627998352051,-87.571,26.0372,26.4451339143196,63,63,63,63,61,63,0,8045,1.29563008188212,26,-88,0.001869,51,2023-09-07 06:25:42.00068,784,1.037,0.0011,"aoml_navis",1030.71014999342
"7901009",10,0,1,0.028035,1,0.005607,1,115.683487240114,1,4.85095284327363,786,1,8.85999965667725,35.0509986877441,0.0280349999666214,0,111.555603027344,-87.571,26.0372,26.4451339143196,63,63,63,63,61,63,0,8045,1.29563008188212,26,-88,0.001869,51,2023-09-07 06:25:42.00068,786,1.037,0.0011,"aoml_navis",1030.72533614361
"7901009",10,0,1,0.026166,1,0.003738,1,115.691470149941,1,4.85089223712085,788,1,8.84200000762939,35.0519981384277,0.0261659994721413,0,111.563301086426,-87.571,26.0372,26.4451339143196,63,63,63,63,61,63,0,8045,1.29563008188212,26,-88,0.001869,51,2023-09-07 06:25:42.00068,788,1.037,0.0011,"aoml_navis",1030.73821383582
"7901009",10,0,1,0.028035,1,0.005607,1,115.709097427535,1,4.85084683862554,790,1,8.83800029754639,35.0519981384277,0.0280349999666214,0,111.580299377441,-87.571,26.0372,26.4451339143196,63,63,63,63,61,63,0,8045,1.29563008188212,26,-88,0.001869,51,2023-09-07 06:25:42.00068,790,1.037,0.0011,"aoml_navis",1030.74786039147
"7901009",10,0,1,0.028035,1,0.005607,1,115.764685063254,1,4.85079677027053,792,1,8.8149995803833,35.048999786377,0.0280349999666214,0,111.633903503418,-87.571,26.0372,26.4451339143196,63,63,63,63,61,63,0,8045,1.29563008188212,26,-88,0.001869,51,2023-09-07 06:25:42.00068,792,1.037,0.0011,"aoml_navis",1030.75849943743
"7901009",10,0,1,0.026166,1,0.003738,1,115.888392474596,1,4.8507310489095,794,1,8.76399993896484,35.0439987182617,0.0261659994721413,0,111.753196716309,-87.571,26.0372,26.4451339143196,63,63,63,63,61,63,0,8045,1.29563008188212,26,-88,0.001869,51,2023-09-07 06:25:42.00068,794,1.037,0.0011,"aoml_navis",1030.77246493063
"7901009",10,0,1,0.026166,1,0.003738,1,115.961915944384,1,4.85067241106219,796,1,8.72599983215332,35.0400009155273,0.0261659994721413,0,111.824096679688,-87.571,26.0372,26.4451339143196,63,63,63,63,61,63,0,8045,1.29563008188212,26,-88,0.001869,51,2023-09-07 06:25:42.00068,796,1.037,0.0011,"aoml_navis",1030.78492552852
"7901009",10,0,1,0.026166,1,0.003738,1,116.00899849778,1,4.85062082067629,798,1,8.70100021362305,35.0369987487793,0.0261659994721413,0,111.869499206543,-87.571,26.0372,26.4451339143196,63,63,63,63,61,63,0,8045,1.29563008188212,26,-88,0.001869,51,2023-09-07 06:25:42.00068,798,1.037,0.0011,"aoml_navis",1030.79588878334
"7901009",10,0,1,0.029904,1,0.007476,1,116.00723418768,1,4.85057784467026,800,1,8.69099998474121,35.0349998474121,0.0299040004611015,0,111.867797851562,-87.571,26.0372,26.4451339143196,63,63,63,63,61,63,0,8045,1.29563008188212,26,-88,0.001869,51,2023-09-07 06:25:42.00068,800,1.037,0.0011,"aoml_navis",1030.80502161076
"7901009",10,0,1,0.029904,1,0.007476,1,116.104302890018,1,4.85051443173603,802,1,8.64700031280518,35.0309982299805,0.0299040004611015,0,111.961402893066,-87.571,26.0372,26.4451339143196,63,63,63,63,61,63,0,8045,1.29563008188212,26,-88,0.001869,51,2023-09-07 06:25:42.00068,802,1.037,0.0011,"aoml_navis",1030.81849778364
"7901009",10,0,1,0.029904,1,0.007476,1,116.317096093872,1,4.8504510978681,804,1,8.58500003814697,35.0229988098145,0.0299040004611015,0,112.166603088379,-87.571,26.0372,26.4451339143196,63,63,63,63,61,63,0,8045,1.29563008188212,26,-88,0.001869,51,2023-09-07 06:25:42.00068,804,1.037,0.0011,"aoml_navis",1030.83195750549
"7901009",10,0,1,0.031773,1,0.009345,1,116.481564606727,1,4.85038385106267,806,1,8.52700042724609,35.0169982910156,0.0317730009555817,0,112.325202941895,-87.571,26.0372,26.4451339143196,63,63,63,63,61,63,0,8045,1.29563008188212,26,-88,0.001869,51,2023-09-07 06:25:42.00068,806,1.037,0.0011,"aoml_navis",1030.84624919006
"7901009",10,0,1,0.029904,1,0.007476,1,116.433548472201,1,4.85033163289592,808,1,8.50100040435791,35.0139999389648,0.0299040004611015,0,112.278900146484,-87.571,26.0372,26.4451339143196,63,63,63,63,61,63,0,8045,1.29563008188212,26,-88,0.001869,51,2023-09-07 06:25:42.00068,808,1.037,0.0011,"aoml_navis",1030.85734717375
"7901009",10,0,1,0.028035,1,0.005607,1,116.33545124828,1,4.8502861536205,810.099975585938,1,8.50399971008301,35.0149993896484,0.0280349999666214,0,112.184303283691,-87.571,26.0372,26.4451339143196,63,63,63,63,61,63,0,8045,1.29563008188212,26,-88,0.001869,51,2023-09-07 06:25:42.00068,810.099975585938,1.037,0.0011,"aoml_navis",1030.86701312824
"7901009",10,0,1,0.029904,1,0.007476,1,116.314192498326,1,4.8502400312943,812,1,8.50100040435791,35.015998840332,0.0299040004611015,0,112.163803100586,-87.571,26.0372,26.4451339143196,63,63,63,63,61,63,0,8045,1.29563008188212,26,-88,0.001869,51,2023-09-07 06:25:42.00068,812,1.037,0.0011,"aoml_navis",1030.87681593889
"7901009",10,0,1,0.028035,1,0.005607,1,116.232472502691,1,4.85019507847524,814,1,8.49300003051758,35.0149993896484,0.0280349999666214,0,112.084999084473,-87.571,26.0372,26.4451339143196,63,63,63,63,61,63,0,8045,1.29563008188212,26,-88,0.001869,51,2023-09-07 06:25:42.00068,814,1.037,0.0011,"aoml_navis",1030.88637036262
"7901009",10,0,1,0.033642,1,0.011214,1,116.29904949594,1,4.85013523205908,816,1,8.45300006866455,35.0110015869141,0.0336420014500618,0,112.149200439453,-87.571,26.0372,26.4451339143196,63,63,63,63,61,63,0,8045,1.29563008188212,26,-88,0.001869,51,2023-09-07 06:25:42.00068,816,1.037,0.0011,"aoml_navis",1030.89909059655
"7901009",10,0,1,0.031773,1,0.009345,1,116.354320663479,1,4.85007664139197,818,1,8.41899967193604,35.007999420166,0.0317730009555817,0,112.202499389648,-87.571,26.0372,26.4451339143196,63,63,63,63,61,63,0,8045,1.29563008188212,26,-88,0.001869,51,2023-09-07 06:25:42.00068,818,1.037,0.0011,"aoml_navis",1030.91154422768
"7901009",10,0,1,0.029904,1,0.007476,1,116.348513472386,1,4.85003214609619,820,1,8.4069995880127,35.0060005187988,0.0299040004611015,0,112.196899414062,-87.571,26.0372,26.4451339143196,63,63,63,63,61,63,0,8045,1.29563008188212,26,-88,0.001869,51,2023-09-07 06:25:42.00068,820,1.037,0.0011,"aoml_navis",1030.92100204419
"7901009",10,0,1,0.028035,1,0.005607,1,116.429814147684,1,4.84998569300419,822,1,8.38799953460693,35.0029983520508,0.0280349999666214,0,112.275299072266,-87.571,26.0372,26.4451339143196,63,63,63,63,61,63,0,8045,1.29563008188212,26,-88,0.001869,51,2023-09-07 06:25:42.00068,822,1.037,0.0011,"aoml_navis",1030.93087619046
"7901009",10,0,1,0.031773,1,0.009345,1,116.485085315223,1,4.84992762137146,824,1,8.35000038146973,34.9990005493164,0.0317730009555817,0,112.328598022461,-87.571,26.0372,26.4451339143196,63,63,63,63,61,63,0,8045,1.29563008188212,26,-88,0.001869,51,2023-09-07 06:25:42.00068,824,1.037,0.0011,"aoml_navis",1030.94322025905
"7901009",10,0,1,0.03738,1,0.014952,1,116.530506410677,1,4.84987799648643,826,1,8.32699966430664,34.9959983825684,0.0373799987137318,0,112.372398376465,-87.571,26.0372,26.4451339143196,63,63,63,63,61,63,0,8045,1.29563008188212,26,-88,0.001869,51,2023-09-07 06:25:42.00068,826,1.037,0.0011,"aoml_navis",1030.95376906849
"7901009",10,0,1,0.026166,1,0.003738,1,116.594804833034,1,4.84981830064267,828,1,8.29599952697754,34.9939994812012,0.0261659994721413,0,112.43440246582,-87.571,26.0372,26.4451339143196,63,63,63,63,61,63,0,8045,1.29563008188212,26,-88,0.001869,51,2023-09-07 06:25:42.00068,828,1.037,0.0011,"aoml_navis",1030.96645895732
"7901009",10,0,1,0.028035,1,0.005607,1,116.747342495524,1,4.84976024376885,830,1,8.26700019836426,34.992000579834,0.0280349999666214,0,112.581497192383,-87.571,26.0372,26.4451339143196,63,63,63,63,61,63,0,8045,1.29563008188212,26,-88,0.001869,51,2023-09-07 06:25:42.00068,830,1.037,0.0011,"aoml_navis",1030.97880074055
"7901009",10,0,1,0.028035,1,0.005607,1,116.959518586428,1,4.84969902273639,832,1,8.23400020599365,34.9900016784668,0.0280349999666214,0,112.786102294922,-87.571,26.0372,26.4451339143196,63,63,63,63,61,63,0,8045,1.29563008188212,26,-88,0.001869,51,2023-09-07 06:25:42.00068,832,1.037,0.0011,"aoml_navis",1030.99181548359
"7901009",10,0,1,0.031773,1,0.009345,1,117.132072861267,1,4.84964982716116,834,1,8.21599960327148,34.9879989624023,0.0317730009555817,0,112.952499389648,-87.571,26.0372,26.4451339143196,63,63,63,63,61,63,0,8045,1.29563008188212,26,-88,0.001869,51,2023-09-07 06:25:42.00068,834,1.037,0.0011,"aoml_navis",1031.00227401921
"7901009",10,0,1,0.024297,1,0.001869,1,117.372034858326,1,4.84958755514785,836,1,8.17700004577637,34.9850006103516,0.0242970008403063,0,113.183898925781,-87.571,26.0372,26.4451339143196,63,63,63,63,61,63,0,8045,1.29563008188212,26,-88,0.001869,51,2023-09-07 06:25:42.00068,836,1.037,0.0011,"aoml_navis",1031.01551279191
"7901009",10,0,1,0.029904,1,0.007476,1,117.498448072603,1,4.84952645105337,838,1,8.14400005340576,34.9830017089844,0.0299040004611015,0,113.305801391602,-87.571,26.0372,26.4451339143196,63,63,63,63,61,63,0,8045,1.29563008188212,26,-88,0.001869,51,2023-09-07 06:25:42.00068,838,1.037,0.0011,"aoml_navis",1031.02850360038
"7901009",10,0,1,0.029904,1,0.007476,1,117.593641700978,1,4.84946937364336,840,1,8.11600017547607,34.9809989929199,0.0299040004611015,0,113.397598266602,-87.571,26.0372,26.4451339143196,63,63,63,63,61,63,0,8045,1.29563008188212,26,-88,0.001869,51,2023-09-07 06:25:42.00068,840,1.037,0.0011,"aoml_navis",1031.04063862631
"7901009",10,0,1,0.028035,1,0.005607,1,117.596031035733,1,4.84942341689967,842,1,8.10200023651123,34.9790000915527,0.0280349999666214,0,113.39990234375,-87.571,26.0372,26.4451339143196,63,63,63,63,61,63,0,8045,1.29563008188212,26,-88,0.001869,51,2023-09-07 06:25:42.00068,842,1.037,0.0011,"aoml_navis",1031.05040953438
"7901009",10,0,1,0.033642,1,0.011214,1,117.66779019542,1,4.84937508803673,844,1,8.08500003814697,34.9770011901855,0.0336420014500618,0,113.469100952148,-87.571,26.0372,26.4451339143196,63,63,63,63,61,63,0,8045,1.29563008188212,26,-88,0.001869,51,2023-09-07 06:25:42.00068,844,1.037,0.0011,"aoml_navis",1031.0606849808
"7901009",10,0,1,0.033642,1,0.011214,1,117.856421053775,1,4.84932411214876,846,1,8.0600004196167,34.9739990234375,0.0336420014500618,0,113.651000976562,-87.571,26.0372,26.4451339143196,63,63,63,63,61,63,0,8045,1.29563008188212,26,-88,0.001869,51,2023-09-07 06:25:42.00068,846,1.037,0.0011,"aoml_navis",1031.07152344669
"7901009",10,0,4,0.026166,1,0.003738,1,118.171251510385,1,4.84925970885685,848,1,8.01799964904785,34.9710006713867,0.0261659994721413,0,113.954597473145,-87.571,26.0372,26.4451339143196,63,63,63,63,61,63,0,8045,1.29563008188212,26,-88,0.001869,51,2023-09-07 06:25:42.00068,848,1.037,0.0011,"aoml_navis",1031.08521716579
"7901009",10,0,1,0.029904,1,0.007476,1,118.507862889444,1,4.8491966941464,850,1,7.97300004959106,34.9669990539551,0.0299040004611015,0,114.279197692871,-87.571,26.0372,26.4451339143196,63,63,63,63,61,63,0,8045,1.29563008188212,26,-88,0.001869,51,2023-09-07 06:25:42.00068,850,1.037,0.0011,"aoml_navis",1031.09861599049
"7901009",10,0,1,0.03738,1,0.014952,1,118.753014964646,1,4.84913821495972,852,1,7.94299983978271,34.9650001525879,0.0373799987137318,0,114.515602111816,-87.571,26.0372,26.4451339143196,63,63,63,63,61,63,0,8045,1.29563008188212,26,-88,0.001869,51,2023-09-07 06:25:42.00068,852,1.037,0.0011,"aoml_navis",1031.11105073781
"7901009",10,0,4,0.024297,1,0.001869,1,118.899642583885,1,4.84907584464248,854,1,7.90799999237061,34.9630012512207,0.0242970008403063,0,114.656997680664,-87.571,26.0372,26.4451339143196,63,63,63,63,61,63,0,8045,1.29563008188212,26,-88,0.001869,51,2023-09-07 06:25:42.00068,854,1.037,0.0011,"aoml_navis",1031.1243132079
"7901009",10,0,1,0.033642,1,0.011214,1,119.108915079243,1,4.84901146753925,856,1,7.86100006103516,34.9589996337891,0.0336420014500618,0,114.85880279541,-87.571,26.0372,26.4451339143196,63,63,63,63,61,63,0,8045,1.29563008188212,26,-88,0.001869,51,2023-09-07 06:25:42.00068,856,1.037,0.0011,"aoml_navis",1031.13800276026
"7901009",10,0,1,0.033642,1,0.011214,1,119.244450488792,1,4.84896460898467,858,1,7.84100008010864,34.9560012817383,0.0336420014500618,0,114.989501953125,-87.571,26.0372,26.4451339143196,63,63,63,63,61,63,0,8045,1.29563008188212,26,-88,0.001869,51,2023-09-07 06:25:42.00068,858,1.037,0.0011,"aoml_navis",1031.14796728676
"7901009",10,0,1,0.031773,1,0.009345,1,119.390769551555,1,4.8489023961223,860,1,7.80600023269653,34.9539985656738,0.0317730009555817,0,115.130599975586,-87.571,26.0372,26.4451339143196,63,63,63,63,61,63,0,8045,1.29563008188212,26,-88,0.001869,51,2023-09-07 06:25:42.00068,860,1.037,0.0011,"aoml_navis",1031.16119722239
"7901009",10,0,1,0.026166,1,0.003738,1,119.564154555365,1,4.84884489474054,862,1,7.77699995040894,34.9519996643066,0.0261659994721413,0,115.297798156738,-87.571,26.0372,26.4451339143196,63,63,63,63,61,63,0,8045,1.29563008188212,26,-88,0.001869,51,2023-09-07 06:25:42.00068,862,1.037,0.0011,"aoml_navis",1031.17342553552
"7901009",10,0,1,0.028035,1,0.005607,1,119.644735265555,1,4.84879566857064,864.099975585938,1,7.76599979400635,34.951000213623,0.0280349999666214,0,115.375503540039,-87.571,26.0372,26.4451339143196,63,63,63,63,61,63,0,8045,1.29563008188212,26,-88,0.001869,51,2023-09-07 06:25:42.00068,864.099975585938,1.037,0.0011,"aoml_navis",1031.18389426254
"7901009",10,0,1,0.029904,1,0.007476,1,119.778087044666,1,4.84875043904429,866,1,7.75,34.9490013122559,0.0299040004611015,0,115.504096984863,-87.571,26.0372,26.4451339143196,63,63,63,63,61,63,0,8045,1.29563008188212,26,-88,0.001869,51,2023-09-07 06:25:42.00068,866,1.037,0.0011,"aoml_navis",1031.1935132272
"7901009",10,0,1,0.031773,1,0.009345,1,119.896723053433,1,4.84870099867125,868,1,7.73600006103516,34.9480018615723,0.0317730009555817,0,115.618499755859,-87.571,26.0372,26.4451339143196,63,63,63,63,61,63,0,8045,1.29563008188212,26,-88,0.001869,51,2023-09-07 06:25:42.00068,868,1.037,0.0011,"aoml_navis",1031.20402791804
"7901009",10,0,1,0.026166,1,0.003738,1,120.114595571567,1,4.84864514012819,870,1,7.70900011062622,34.9459991455078,0.0261659994721413,0,115.828598022461,-87.571,26.0372,26.4451339143196,63,63,63,63,61,63,0,8045,1.29563008188212,26,-88,0.001869,51,2023-09-07 06:25:42.00068,870,1.037,0.0011,"aoml_navis",1031.21590784592
"7901009",10,0,1,0.026166,1,0.003738,1,120.320133742408,1,4.84859628036306,872,1,7.69099998474121,34.9440002441406,0.0261659994721413,0,116.026802062988,-87.571,26.0372,26.4451339143196,63,63,63,63,61,63,0,8045,1.29563008188212,26,-88,0.001869,51,2023-09-07 06:25:42.00068,872,1.037,0.0011,"aoml_navis",1031.22629950655
"7901009",10,0,1,0.035511,1,0.013083,1,120.488850840571,1,4.84853756269828,874,1,7.66499996185303,34.943000793457,0.0355109982192516,0,116.189498901367,-87.571,26.0372,26.4451339143196,63,63,63,63,61,63,0,8045,1.29563008188212,26,-88,0.001869,51,2023-09-07 06:25:42.00068,874,1.037,0.0011,"aoml_navis",1031.2387880558
"7901009",10,0,1,0.024297,1,0.001869,1,120.642329995894,1,4.84849281343706,876,1,7.65700006484985,34.9420013427734,0.0242970008403063,0,116.337501525879,-87.571,26.0372,26.4451339143196,63,63,63,63,61,63,0,8045,1.29563008188212,26,-88,0.001869,51,2023-09-07 06:25:42.00068,876,1.037,0.0011,"aoml_navis",1031.24830589478
"7901009",10,0,1,0.026166,1,0.003738,1,120.852425308519,1,4.84844013010596,878,1,7.63399982452393,34.939998626709,0.0261659994721413,0,116.540100097656,-87.571,26.0372,26.4451339143196,63,63,63,63,61,63,0,8045,1.29563008188212,26,-88,0.001869,51,2023-09-07 06:25:42.00068,878,1.037,0.0011,"aoml_navis",1031.2595114773
"7901009",10,0,1,0.029904,1,0.007476,1,121.118416813337,1,4.84838745300893,880,1,7.61100006103516,34.9379997253418,0.0299040004611015,0,116.796600341797,-87.571,26.0372,26.4451339143196,63,63,63,63,61,63,0,8045,1.29563008188212,26,-88,0.001869,51,2023-09-07 06:25:42.00068,880,1.037,0.0011,"aoml_navis",1031.27071597733
"7901009",10,0,1,0.028035,1,0.005607,1,121.399551320541,1,4.84832630425654,882,1,7.5770001411438,34.9360008239746,0.0280349999666214,0,117.06770324707,-87.571,26.0372,26.4451339143196,63,63,63,63,61,63,0,8045,1.29563008188212,26,-88,0.001869,51,2023-09-07 06:25:42.00068,882,1.037,0.0011,"aoml_navis",1031.28372271691
"7901009",10,0,1,0.033642,1,0.011214,1,121.532903099652,1,4.84827155191739,884,1,7.55600023269653,34.935001373291,0.0336420014500618,0,117.196296691895,-87.571,26.0372,26.4451339143196,63,63,63,63,61,63,0,8045,1.29563008188212,26,-88,0.001869,51,2023-09-07 06:25:42.00068,884,1.037,0.0011,"aoml_navis",1031.29536917597
"7901009",10,0,1,0.029904,1,0.007476,1,121.732428375084,1,4.84821990995134,886,1,7.53900003433228,34.9339981079102,0.0299040004611015,0,117.388702392578,-87.571,26.0372,26.4451339143196,63,63,63,63,61,63,0,8045,1.29563008188212,26,-88,0.001869,51,2023-09-07 06:25:42.00068,886,1.037,0.0011,"aoml_navis",1031.30635426358
"7901009",10,0,1,0.028035,1,0.005607,1,121.929667167919,1,4.84816270015801,888,1,7.51000022888184,34.931999206543,0.0280349999666214,0,117.578903198242,-87.571,26.0372,26.4451339143196,63,63,63,63,61,63,0,8045,1.29563008188212,26,-88,0.001869,51,2023-09-07 06:25:42.00068,888,1.037,0.0011,"aoml_navis",1031.31852399199
"7901009",10,0,1,0.031773,1,0.009345,1,122.074427624898,1,4.84811260910943,890,1,7.49499988555908,34.9309997558594,0.0317730009555817,0,117.71849822998,-87.571,26.0372,26.4451339143196,63,63,63,63,61,63,0,8045,1.29563008188212,26,-88,0.001869,51,2023-09-07 06:25:42.00068,890,1.037,0.0011,"aoml_navis",1031.32917964925
"7901009",10,0,1,0.029904,1,0.007476,1,122.203325114384,1,4.84805809151246,892,1,7.47900009155273,34.9309997558594,0.0299040004611015,0,117.842796325684,-87.571,26.0372,26.4451339143196,63,63,63,63,61,63,0,8045,1.29563008188212,26,-88,0.001869,51,2023-09-07 06:25:42.00068,892,1.037,0.0011,"aoml_navis",1031.34077719769
"7901009",10,0,1,0.028035,1,0.005607,1,122.34259484845,1,4.84801031906843,894,1,7.46700000762939,34.9300003051758,0.0280349999666214,0,117.977096557617,-87.571,26.0372,26.4451339143196,63,63,63,63,61,63,0,8045,1.29563008188212,26,-88,0.001869,51,2023-09-07 06:25:42.00068,894,1.037,0.0011,"aoml_navis",1031.35094006169
"7901009",10,0,1,0.029904,1,0.007476,1,122.580278274617,1,4.84796391788946,896,1,7.4520001411438,34.9280014038086,0.0299040004611015,0,118.206298828125,-87.571,26.0372,26.4451339143196,63,63,63,63,61,63,0,8045,1.29563008188212,26,-88,0.001869,51,2023-09-07 06:25:42.00068,896,1.037,0.0011,"aoml_navis",1031.36081140157
"7901009",10,0,1,0.028035,1,0.005607,1,122.859751323879,1,4.84790774210695,898,1,7.42899990081787,34.9269981384277,0.0280349999666214,0,118.475799560547,-87.571,26.0372,26.4451339143196,63,63,63,63,61,63,0,8045,1.29563008188212,26,-88,0.001869,51,2023-09-07 06:25:42.00068,898,1.037,0.0011,"aoml_navis",1031.37276243358
"7901009",10,0,1,0.028035,1,0.005607,1,123.208285641599,1,4.84784453401481,900,1,7.39200019836426,34.9249992370605,0.0280349999666214,0,118.811897277832,-87.571,26.0372,26.4451339143196,63,63,63,63,61,63,0,8045,1.29563008188212,26,-88,0.001869,51,2023-09-07 06:25:42.00068,900,1.037,0.0011,"aoml_navis",1031.38620987484
"7901009",10,0,1,0.028035,1,0.005607,1,123.386655019235,1,4.84778229100007,902,1,7.36100006103516,34.923999786377,0.0280349999666214,0,118.983901977539,-87.571,26.0372,26.4451339143196,63,63,63,63,61,63,0,8045,1.29563008188212,26,-88,0.001869,51,2023-09-07 06:25:42.00068,902,1.037,0.0011,"aoml_navis",1031.39945233979
"7901009",10,0,1,0.031773,1,0.009345,1,123.460795601973,1,4.84773242482695,904,1,7.35099983215332,34.923999786377,0.0317730009555817,0,119.055397033691,-87.571,26.0372,26.4451339143196,63,63,63,63,61,63,0,8045,1.29563008188212,26,-88,0.001869,51,2023-09-07 06:25:42.00068,904,1.037,0.0011,"aoml_navis",1031.41006182462
"7901009",10,0,1,0.033642,1,0.011214,1,123.542927006242,1,4.84768851743314,906,1,7.3439998626709,34.9230003356934,0.0336420014500618,0,119.13459777832,-87.571,26.0372,26.4451339143196,63,63,63,63,61,63,0,8045,1.29563008188212,26,-88,0.001869,51,2023-09-07 06:25:42.00068,906,1.037,0.0011,"aoml_navis",1031.41940370532
"7901009",10,0,1,0.028035,1,0.005607,1,123.68987109366,1,4.84764537460467,908,1,7.33799982070923,34.9220008850098,0.0280349999666214,0,119.276298522949,-87.571,26.0372,26.4451339143196,63,63,63,63,61,63,0,8045,1.29563008188212,26,-88,0.001869,51,2023-09-07 06:25:42.00068,908,1.037,0.0011,"aoml_navis",1031.42858307942
"7901009",10,0,1,0.031773,1,0.009345,1,123.905670745219,1,4.84759018370256,910,1,7.32100009918213,34.9220008850098,0.0317730009555817,0,119.484397888184,-87.571,26.0372,26.4451339143196,63,63,63,63,61,63,0,8045,1.29563008188212,26,-88,0.001869,51,2023-09-07 06:25:42.00068,910,1.037,0.0011,"aoml_navis",1031.44032612531
"7901009",10,0,1,0.028035,1,0.005607,1,124.131842641359,1,4.84753854603792,912,1,7.29899978637695,34.9199981689453,0.0280349999666214,0,119.702499389648,-87.571,26.0372,26.4451339143196,63,63,63,63,61,63,0,8045,1.29563008188212,26,-88,0.001869,51,2023-09-07 06:25:42.00068,912,1.037,0.0011,"aoml_navis",1031.45131338598
"7901009",10,0,1,0.026166,1,0.003738,1,124.437242346222,1,4.84747564736782,914,1,7.26700019836426,34.9189987182617,0.0261659994721413,0,119.997001647949,-87.571,26.0372,26.4451339143196,63,63,63,63,61,63,0,8045,1.29563008188212,26,-88,0.001869,51,2023-09-07 06:25:42.00068,914,1.037,0.0011,"aoml_navis",1031.46469703566
"7901009",10,0,1,0.031773,1,0.009345,1,124.683320090849,1,4.84742125831394,916,1,7.25099992752075,34.9189987182617,0.0317730009555817,0,120.234298706055,-87.571,26.0372,26.4451339143196,63,63,63,63,61,63,0,8045,1.29563008188212,26,-88,0.001869,51,2023-09-07 06:25:42.00068,916,1.037,0.0011,"aoml_navis",1031.47627027966
"7901009",10,0,1,0.028035,1,0.005607,1,124.899847619221,1,4.84736675482319,918,1,7.23000001907349,34.9179992675781,0.0280349999666214,0,120.443099975586,-87.571,26.0372,26.4451339143196,63,63,63,63,61,63,0,8045,1.29563008188212,26,-88,0.001869,51,2023-09-07 06:25:42.00068,918,1.037,0.0011,"aoml_navis",1031.48786813478
"7901009",10,0,1,0.029904,1,0.007476,1,125.091382073121,1,4.84732287451181,920,1,7.22300004959106,34.9169998168945,0.0299040004611015,0,120.627799987793,-87.571,26.0372,26.4451339143196,63,63,63,63,61,63,0,8045,1.29563008188212,26,-88,0.001869,51,2023-09-07 06:25:42.00068,920,1.037,0.0011,"aoml_navis",1031.49720566191
"7901009",10,0,1,0.024297,1,0.001869,1,125.418143380096,1,4.84727217771035,922,1,7.20699977874756,34.9160003662109,0.0242970008403063,0,120.942901611328,-87.571,26.0372,26.4451339143196,63,63,63,63,61,63,0,8045,1.29563008188212,26,-88,0.001869,51,2023-09-07 06:25:42.00068,922,1.037,0.0011,"aoml_navis",1031.50799391706
"7901009",10,0,1,0.029904,1,0.007476,1,125.805777341386,1,4.84720636405635,924,1,7.1710000038147,34.9150009155273,0.0299040004611015,0,121.316703796387,-87.571,26.0372,26.4451339143196,63,63,63,63,61,63,0,8045,1.29563008188212,26,-88,0.001869,51,2023-09-07 06:25:42.00068,924,1.037,0.0011,"aoml_navis",1031.52199936786
"7901009",10,0,1,0.033642,1,0.011214,1,126.213317151162,1,4.84714805624812,926,1,7.1399998664856,34.9129981994629,0.0336420014500618,0,121.709701538086,-87.571,26.0372,26.4451339143196,63,63,63,63,61,63,0,8045,1.29563008188212,26,-88,0.001869,51,2023-09-07 06:25:42.00068,926,1.037,0.0011,"aoml_navis",1031.53440785759
"7901009",10,0,1,0.031773,1,0.009345,1,126.634963530037,1,4.84708309211951,928,1,7.10500001907349,34.9119987487793,0.0317730009555817,0,122.116302490234,-87.571,26.0372,26.4451339143196,63,63,63,63,61,63,0,8045,1.29563008188212,26,-88,0.001869,51,2023-09-07 06:25:42.00068,928,1.037,0.0011,"aoml_navis",1031.54823323106
"7901009",10,0,1,0.029904,1,0.007476,1,127.016062423421,1,4.84701817704488,930,1,7.07000017166138,34.9109992980957,0.0299040004611015,0,122.48380279541,-87.571,26.0372,26.4451339143196,63,63,63,63,61,63,0,8045,1.29563008188212,26,-88,0.001869,51,2023-09-07 06:25:42.00068,930,1.037,0.0011,"aoml_navis",1031.56204853525
"7901009",10,0,1,0.029904,1,0.007476,1,127.385024762124,1,4.84695856161699,932,1,7.04199981689453,34.9099998474121,0.0299040004611015,0,122.839599609375,-87.571,26.0372,26.4451339143196,63,63,63,63,61,63,0,8045,1.29563008188212,26,-88,0.001869,51,2023-09-07 06:25:42.00068,932,1.037,0.0011,"aoml_navis",1031.57473628823
"7901009",10,0,1,0.026166,1,0.003738,1,127.776804456564,1,4.84690272315264,934,1,7.01900005340576,34.9090003967285,0.0261659994721413,0,123.217399597168,-87.571,26.0372,26.4451339143196,63,63,63,63,61,63,0,8045,1.29563008188212,26,-88,0.001869,51,2023-09-07 06:25:42.00068,934,1.037,0.0011,"aoml_navis",1031.58662048571
"7901009",10,0,1,0.031773,1,0.009345,1,128.215563852242,1,4.84684465912857,936,1,6.99300003051758,34.9080009460449,0.0317730009555817,0,123.640502929688,-87.571,26.0372,26.4451339143196,63,63,63,63,61,63,0,8045,1.29563008188212,26,-88,0.001869,51,2023-09-07 06:25:42.00068,936,1.037,0.0011,"aoml_navis",1031.59897864335
"7901009",10,0,1,0.029904,1,0.007476,1,128.58483474742,1,4.84678064481137,938,1,6.95900011062622,34.9070014953613,0.0299040004611015,0,123.996597290039,-87.571,26.0372,26.4451339143196,63,63,63,63,61,63,0,8045,1.29563008188212,26,-88,0.001869,51,2023-09-07 06:25:42.00068,938,1.037,0.0011,"aoml_navis",1031.61260358516
"7901009",10,0,1,0.029904,1,0.007476,1,128.897600249159,1,4.8467203391455,939.900024414062,1,6.93200016021729,34.9070014953613,0.0299040004611015,0,124.298202514648,-87.571,26.0372,26.4451339143196,63,63,63,63,61,63,0,8045,1.29563008188212,26,-88,0.001869,51,2023-09-07 06:25:42.00068,939.900024414062,1.037,0.0011,"aoml_navis",1031.62543949906
"7901009",10,0,1,0.029904,1,0.007476,1,129.077931729508,1,4.84666696647602,942,1,6.91499996185303,34.9059982299805,0.0299040004611015,0,124.472099304199,-87.571,26.0372,26.4451339143196,63,63,63,63,61,63,0,8045,1.29563008188212,26,-88,0.001869,51,2023-09-07 06:25:42.00068,942,1.037,0.0011,"aoml_navis",1031.63680000804
"7901009",10,0,1,0.031773,1,0.009345,1,129.277037684602,1,4.84661650124989,944,1,6.90399980545044,34.9059982299805,0.0317730009555817,0,124.664100646973,-87.571,26.0372,26.4451339143196,63,63,63,63,61,63,0,8045,1.29563008188212,26,-88,0.001869,51,2023-09-07 06:25:42.00068,944,1.037,0.0011,"aoml_navis",1031.64754189042
"7901009",10,0,1,0.026166,1,0.003738,1,129.564082235057,1,4.84656896556378,946,1,6.89200019836426,34.9049987792969,0.0261659994721413,0,124.940902709961,-87.571,26.0372,26.4451339143196,63,63,63,63,61,63,0,8045,1.29563008188212,26,-88,0.001869,51,2023-09-07 06:25:42.00068,946,1.037,0.0011,"aoml_navis",1031.65766040397
"7901009",10,0,1,0.028035,1,0.005607,1,129.903597209663,1,4.84651032843004,948,1,6.86999988555908,34.9049987792969,0.0280349999666214,0,125.26830291748,-87.571,26.0372,26.4451339143196,63,63,63,63,61,63,0,8045,1.29563008188212,26,-88,0.001869,51,2023-09-07 06:25:42.00068,948,1.037,0.0011,"aoml_navis",1031.67014226083
"7901009",10,0,1,0.028035,1,0.005607,1,130.211481189734,1,4.8464553787592,950,1,6.84800004959106,34.9039993286133,0.0280349999666214,0,125.565200805664,-87.571,26.0372,26.4451339143196,63,63,63,63,61,63,0,8045,1.29563008188212,26,-88,0.001869,51,2023-09-07 06:25:42.00068,950,1.037,0.0011,"aoml_navis",1031.68183945606
"7901009",10,0,1,0.029904,1,0.007476,1,130.555244749649,1,4.84640197036584,952,1,6.83300018310547,34.9039993286133,0.0299040004611015,0,125.896697998047,-87.571,26.0372,26.4451339143196,63,63,63,63,61,63,0,8045,1.29563008188212,26,-88,0.001869,51,2023-09-07 06:25:42.00068,952,1.037,0.0011,"aoml_navis",1031.6932088121
"7901009",10,0,1,0.031773,1,0.009345,1,131.030508749825,1,4.84634630882743,954,1,6.80999994277954,34.9029998779297,0.0317730009555817,0,126.355003356934,-87.571,26.0372,26.4451339143196,63,63,63,63,61,63,0,8045,1.29563008188212,26,-88,0.001869,51,2023-09-07 06:25:42.00068,954,1.037,0.0011,"aoml_navis",1031.70505807492
"7901009",10,0,1,0.031773,1,0.009345,1,131.44769292737,1,4.84626703172461,956,1,6.76000022888184,34.9029998779297,0.0317730009555817,0,126.757301330566,-87.571,26.0372,26.4451339143196,63,63,63,63,61,63,0,8045,1.29563008188212,26,-88,0.001869,51,2023-09-07 06:25:42.00068,956,1.037,0.0011,"aoml_navis",1031.72193510366
"7901009",10,0,1,0.028035,1,0.005607,1,131.593078409004,1,4.84621219327791,958,1,6.74300003051758,34.9029998779297,0.0280349999666214,0,126.897499084473,-87.571,26.0372,26.4451339143196,63,63,63,63,61,63,0,8045,1.29563008188212,26,-88,0.001869,51,2023-09-07 06:25:42.00068,958,1.037,0.0011,"aoml_navis",1031.73360979435
"7901009",10,0,1,0.028035,1,0.005607,1,131.69180065758,1,4.84616474316874,960,1,6.73600006103516,34.9029998779297,0.0280349999666214,0,126.992698669434,-87.571,26.0372,26.4451339143196,63,63,63,63,61,63,0,8045,1.29563008188212,26,-88,0.001869,51,2023-09-07 06:25:42.00068,960,1.037,0.0011,"aoml_navis",1031.74371177705
"7901009",10,0,1,0.031773,1,0.009345,1,131.783884986092,1,4.84612170293288,962,1,6.73000001907349,34.9020004272461,0.0317730009555817,0,127.081497192383,-87.571,26.0372,26.4451339143196,63,63,63,63,61,63,0,8045,1.29563008188212,26,-88,0.001869,51,2023-09-07 06:25:42.00068,962,1.037,0.0011,"aoml_navis",1031.75287508236
"7901009",10,0,1,0.028035,1,0.005607,1,131.97169302718,1,4.8460720438515,964,1,6.71999979019165,34.9020004272461,0.0280349999666214,0,127.262603759766,-87.571,26.0372,26.4451339143196,63,63,63,63,61,63,0,8045,1.29563008188212,26,-88,0.001869,51,2023-09-07 06:25:42.00068,964,1.037,0.0011,"aoml_navis",1031.76344774812
"7901009",10,0,1,0.028035,1,0.005607,1,132.192571993019,1,4.84602386339986,966,1,6.71199989318848,34.9020004272461,0.0280349999666214,0,127.475601196289,-87.571,26.0372,26.4451339143196,63,63,63,63,61,63,0,8045,1.29563008188212,26,-88,0.001869,51,2023-09-07 06:25:42.00068,966,1.037,0.0011,"aoml_navis",1031.77370581335
"7901009",10,0,1,0.029904,1,0.007476,1,132.43304825087,1,4.84596905259766,968,1,6.69500017166138,34.9020004272461,0.0299040004611015,0,127.707496643066,-87.571,26.0372,26.4451339143196,63,63,63,63,61,63,0,8045,1.29563008188212,26,-88,0.001869,51,2023-09-07 06:25:42.00068,968,1.037,0.0011,"aoml_navis",1031.78537578975
"7901009",10,0,1,0.031773,1,0.009345,1,132.763132473729,1,4.84591277949691,970,1,6.67600011825562,34.9020004272461,0.0317730009555817,0,128.025802612305,-87.571,26.0372,26.4451339143196,63,63,63,63,61,63,0,8045,1.29563008188212,26,-88,0.001869,51,2023-09-07 06:25:42.00068,970,1.037,0.0011,"aoml_navis",1031.79735738436
"7901009",10,0,1,0.029904,1,0.007476,1,132.978821361425,1,4.84586019661564,972,1,6.66200017929077,34.9020004272461,0.0299040004611015,0,128.233795166016,-87.571,26.0372,26.4451339143196,63,63,63,63,61,63,0,8045,1.29563008188212,26,-88,0.001869,51,2023-09-07 06:25:42.00068,972,1.037,0.0011,"aoml_navis",1031.80855351378
"7901009",10,0,1,0.033642,1,0.011214,1,133.208830434241,1,4.84580615606545,974,1,6.65100002288818,34.9029998779297,0.0336420014500618,0,128.455596923828,-87.571,26.0372,26.4451339143196,63,63,63,63,61,63,0,8045,1.29563008188212,26,-88,0.001869,51,2023-09-07 06:25:42.00068,974,1.037,0.0011,"aoml_navis",1031.82006026831
"7901009",10,0,1,0.026166,1,0.003738,1,133.422667983087,1,4.84576093488902,976,1,6.64699983596802,34.9029998779297,0.0261659994721413,0,128.661804199219,-87.571,26.0372,26.4451339143196,63,63,63,63,61,63,0,8045,1.29563008188212,26,-88,0.001869,51,2023-09-07 06:25:42.00068,976,1.037,0.0011,"aoml_navis",1031.82968932711
"7901009",10,0,1,0.028035,1,0.005607,1,139.994778488896,1,4.84511935885269,999.599975585938,1,6.4721999168396,34.9070014953613,0.0280349999666214,0,134.999404907227,-87.571,26.0372,26.4451339143196,63,63,63,63,61,63,0,8045,1.29563008188212,26,-88,0.001869,51,2023-09-07 06:25:42.00068,999.599975585938,1.037,0.0011,"aoml_navis",1031.96632109059
"7901009",10,0,1,0.031773,1,0.009345,1,147.048680151081,1,4.84384142628112,1048.90002441406,1,6.10540008544922,34.898998260498,0.0317730009555817,0,141.801605224609,-87.571,26.0372,26.4451339143196,63,63,63,63,61,63,0,8045,1.29563008188212,26,-88,0.001869,51,2023-09-07 06:25:42.00068,1048.90002441406,1.037,0.0011,"aoml_navis",1032.23858090639
"7901009",10,0,1,0.026166,1,0.003738,1,152.836186923016,1,4.84254452241743,1100.09997558594,1,5.85059976577759,34.9080009460449,0.0261659994721413,0,147.382598876953,-87.571,26.0372,26.4451339143196,63,63,63,63,61,63,0,8045,1.29563008188212,26,-88,0.001869,51,2023-09-07 06:25:42.00068,1100.09997558594,1.037,0.0011,"aoml_navis",1032.5150294135
"7901009",10,0,1,0.026166,1,0.003738,1,158.298601757623,1,4.84127194656081,1149.5,1,5.56239986419678,34.9150009155273,0.0261659994721413,0,152.650100708008,-87.571,26.0372,26.4451339143196,63,63,63,63,61,63,0,8045,1.29563008188212,26,-88,0.001869,51,2023-09-07 06:25:42.00068,1149.5,1.037,0.0011,"aoml_navis",1032.7864361249
"7901009",10,0,1,0.029904,1,0.007476,1,164.517201483589,1,4.84004230269283,1198.90002441406,1,5.33750009536743,34.9230003356934,0.0299040004611015,0,158.64680480957,-87.571,26.0372,26.4451339143196,63,63,63,63,61,63,0,8045,1.29563008188212,26,-88,0.001869,51,2023-09-07 06:25:42.00068,1198.90002441406,1.037,0.0011,"aoml_navis",1033.04882215971
"7901009",10,0,1,0.035511,1,0.013083,1,170.67139993504,1,4.83881661413796,1249.90002441406,1,5.15409994125366,34.9290008544922,0.0355109982192516,0,164.581405639648,-87.571,26.0372,26.4451339143196,63,63,63,63,61,63,0,8045,1.29563008188212,26,-88,0.001869,51,2023-09-07 06:25:42.00068,1249.90002441406,1.037,0.0011,"aoml_navis",1033.31049690767
"7901009",10,0,1,0.028035,1,0.005607,1,176.322224100276,1,4.83761210847285,1299.90002441406,1,4.96869993209839,34.935001373291,0.0280349999666214,0,170.03059387207,-87.571,26.0372,26.4451339143196,63,63,63,63,61,63,0,8045,1.29563008188212,26,-88,0.001869,51,2023-09-07 06:25:42.00068,1299.90002441406,1.037,0.0011,"aoml_navis",1033.56777845887
"7901009",10,0,1,0.028035,1,0.005607,1,181.035416343471,1,4.83644680333384,1349.59997558594,1,4.82940006256104,34.9410018920898,0.0280349999666214,0,174.575607299805,-87.571,26.0372,26.4451339143196,63,63,63,63,61,63,0,8045,1.29563008188212,26,-88,0.001869,51,2023-09-07 06:25:42.00068,1349.59997558594,1.037,0.0011,"aoml_navis",1033.81680876825
"7901009",10,0,1,0.029904,1,0.007476,1,185.601640764135,1,4.8352889219475,1399.5,1,4.70009994506836,34.9459991455078,0.0299040004611015,0,178.978897094727,-87.571,26.0372,26.4451339143196,63,63,63,63,61,63,0,8045,1.29563008188212,26,-88,0.001869,51,2023-09-07 06:25:42.00068,1399.5,1.037,0.0011,"aoml_navis",1034.06437148044
"7901009",10,0,1,0.029904,1,0.007476,1,189.632986491321,1,4.83415768055512,1449.5,1,4.60599994659424,34.9500007629395,0.0299040004611015,0,182.866394042969,-87.571,26.0372,26.4451339143196,63,63,63,63,61,63,0,8045,1.29563008188212,26,-88,0.001869,51,2023-09-07 06:25:42.00068,1449.5,1.037,0.0011,"aoml_navis",1034.30635291686
"7901009",10,0,1,0.035511,1,0.013083,1,192.638326557359,1,4.8330364466153,1499.90002441406,1,4.53189992904663,34.9529991149902,0.0355109982192516,0,185.764495849609,-87.571,26.0372,26.4451339143196,63,63,63,63,61,63,0,8045,1.29563008188212,26,-88,0.001869,51,2023-09-07 06:25:42.00068,1499.90002441406,1.037,0.0011,"aoml_navis",1034.54630546013
"7901009",10,0,1,0.029904,1,0.007476,1,195.01503423176,1,4.83195074178044,1549.5,1,4.4835000038147,34.9560012817383,0.0299040004611015,0,188.056396484375,-87.571,26.0372,26.4451339143196,63,63,63,63,61,63,0,8045,1.29563008188212,26,-88,0.001869,51,2023-09-07 06:25:42.00068,1549.5,1.037,0.0011,"aoml_navis",1034.77876062901
"7901009",10,0,1,0.035511,1,0.013083,1,197.044244021728,1,4.83085952152419,1599.69995117188,1,4.43830013275146,34.9580001831055,0.0355109982192516,0,190.013198852539,-87.571,26.0372,26.4451339143196,63,63,63,63,61,63,0,8045,1.29563008188212,26,-88,0.001869,51,2023-09-07 06:25:42.00068,1599.69995117188,1.037,0.0011,"aoml_navis",1035.01250196206
"7901009",10,0,1,0.028035,1,0.005607,1,198.481326024559,1,4.82978913782376,1649.69995117188,1,4.41009998321533,34.9589996337891,0.0280349999666214,0,191.399002075195,-87.571,26.0372,26.4451339143196,63,63,63,63,61,63,0,8045,1.29563008188212,26,-88,0.001869,51,2023-09-07 06:25:42.00068,1649.69995117188,1.037,0.0011,"aoml_navis",1035.24188268247
"7901009",10,0,1,0.026166,1,0.003738,1,199.776028993459,1,4.82872892366575,1699.5,1,4.38859987258911,34.9599990844727,0.0261659994721413,0,192.647506713867,-87.571,26.0372,26.4451339143196,63,63,63,63,61,63,0,8045,1.29563008188212,26,-88,0.001869,51,2023-09-07 06:25:42.00068,1699.5,1.037,0.0011,"aoml_navis",1035.46918434266
"7901009",10,0,1,0.029904,1,0.007476,1,201.015967143908,1,4.82765681794834,1749.80004882812,1,4.36829996109009,34.9620018005371,0.0299040004611015,0,193.843200683594,-87.571,26.0372,26.4451339143196,63,63,63,63,61,63,0,8045,1.29563008188212,26,-88,0.001869,51,2023-09-07 06:25:42.00068,1749.80004882812,1.037,0.0011,"aoml_navis",1035.69913698317
"7901009",10,0,1,0.022428,1,0,1,202.033064225806,1,4.82661212330989,1799.19995117188,1,4.35309982299805,34.9630012512207,0.0224280003458261,0,194.824005126953,-87.571,26.0372,26.4451339143196,63,63,63,63,61,63,0,8045,1.29563008188212,26,-88,0.001869,51,2023-09-07 06:25:42.00068,1799.19995117188,1.037,0.0011,"aoml_navis",1035.92330857761
"7901009",10,0,1,0.031773,1,0.009345,1,202.636695631267,1,4.82557426456626,1848.69995117188,1,4.34340000152588,34.9630012512207,0.0317730009555817,0,195.406097412109,-87.571,26.0372,26.4451339143196,63,63,63,63,61,63,0,8045,1.29563008188212,26,-88,0.001869,51,2023-09-07 06:25:42.00068,1848.69995117188,1.037,0.0011,"aoml_navis",1036.14610943086
"7901009",10,0,1,0.029904,1,0.007476,1,203.202287561559,1,4.82453175519286,1898.40002441406,1,4.33610010147095,34.9640007019043,0.0299040004611015,0,195.951507568359,-87.571,26.0372,26.4451339143196,63,63,63,63,61,63,0,8045,1.29563008188212,26,-88,0.001869,51,2023-09-07 06:25:42.00068,1898.40002441406,1.037,0.0011,"aoml_navis",1036.37000515507
"7901009",10,0,1,0.029904,1,0.007476,1,202.288374929568,1,4.82346056912218,1949.80004882812,1,4.33090019226074,34.9640007019043,0.0299040004611015,0,195.070205688477,-87.571,26.0372,26.4451339143196,63,63,63,63,61,63,0,8045,1.29563008188212,26,-88,0.001869,51,2023-09-07 06:25:42.00068,1949.80004882812,1.037,0.0011,"aoml_navis",1036.60016047565
"7901009",11,0.0280086507274739,5,0.035511,1,0.013083,1,190.612293072667,1,4.89129823654873,2.20000004768372,1,30.8360004425049,36.0359992980957,0.0355109982192516,0.0466797836124897,183.810699462891,-87.1332,25.9172,33.7763436885018,63,63,63,63,61,63,0.03738,8046,1.33458767306251,26,-87,0.001869,51,2023-09-17 13:29:14.001437,2.20000004768372,1.037,0.0011,"aoml_navis",1022.22349940534
"7901009",11,0.0280086507274739,5,0.03738,1,0.014952,1,190.634493322337,1,4.89125988125453,4,1,30.8349990844727,36.0359992980957,0.0373799987137318,0.0466797836124897,183.832107543945,-87.1332,25.9172,33.7763436885018,63,63,63,63,61,63,0.03738,8046,1.33458767306251,26,-87,0.001869,51,2023-09-17 13:29:14.001437,4,1.037,0.0011,"aoml_navis",1022.23151527119
"7901009",11,0.0280086507274739,5,0.03738,1,0.014952,1,190.597150065586,1,4.89121745524916,6,1,30.8339996337891,36.0359992980957,0.0373799987137318,0.0466797836124897,183.796096801758,-87.1332,25.9172,33.7763436885018,63,63,63,63,61,63,0.03738,8046,1.33458767306251,26,-87,0.001869,51,2023-09-17 13:29:14.001437,6,1.037,0.0011,"aoml_navis",1022.24038202065
"7901009",11,0.0280086507274739,5,0.03738,1,0.014952,1,190.591865045351,1,4.89117669904329,8,1,30.8339996337891,36.0359992980957,0.0373799987137318,0.0466797836124897,183.791000366211,-87.1332,25.9172,33.7763436885018,63,63,63,63,61,63,0.03738,8046,1.33458767306251,26,-87,0.001869,51,2023-09-17 13:29:14.001437,8,1.037,0.0011,"aoml_navis",1022.24889993813
"7901009",11,0.0280086507274739,5,0.044856,1,0.022428,1,190.539394604933,1,4.89113594516985,10,1,30.8339996337891,36.0359992980957,0.0448560006916523,0.0466797836124897,183.74040222168,-87.1332,25.9172,33.7763436885018,63,63,63,63,61,63,0.03738,8046,1.33458767306251,26,-87,0.001869,51,2023-09-17 13:29:14.001437,10,1.037,0.0011,"aoml_navis",1022.25741751007
"7901009",11,0.0280086507274739,5,0.046725,1,0.024297,1,190.57827273283,1,4.89109185849688,12,1,30.8320007324219,36.0359992980957,0.0467250011861324,0.0466797836124897,183.777893066406,-87.1332,25.9172,33.7763436885018,63,63,63,63,61,63,0.03738,8046,1.33458767306251,26,-87,0.001869,51,2023-09-17 13:29:14.001437,12,1.037,0.0011,"aoml_navis",1022.26663179795
"7901009",11,0.0280086507274739,5,0.044856,1,0.022428,1,190.594048676466,1,4.89105302094651,14,1,30.8309993743896,36.0349998474121,0.0448560006916523,0.0466797836124897,183.793106079102,-87.1332,25.9172,33.7763436885018,63,63,63,63,61,63,0.03738,8046,1.33458767306251,26,-87,0.001869,51,2023-09-17 13:29:14.001437,14,1.037,0.0011,"aoml_navis",1022.27474913621
"7901009",11,0.0280086507274739,5,0.044856,1,0.022428,1,190.73248772448,1,4.8910056006715,16,1,30.8269996643066,36.0349998474121,0.0448560006916523,0.0466797836124897,183.926605224609,-87.1332,25.9172,33.7763436885018,63,63,63,63,61,63,0.03738,8046,1.33458767306251,26,-87,0.001869,51,2023-09-17 13:29:14.001437,16,1.037,0.0011,"aoml_navis",1022.28466050285
"7901009",11,0.0280086507274739,5,0.054201,1,0.031773,1,190.890215514011,1,4.89094250389411,18,1,30.8050003051758,36.0309982299805,0.0542009994387627,0.0466797836124897,184.078704833984,-87.1332,25.9172,33.7763436885018,63,63,63,63,61,63,0.03738,8046,1.33458767306251,26,-87,0.001869,51,2023-09-17 13:29:14.001437,18,1.037,0.0011,"aoml_navis",1022.29784873142
"7901009",11,0.0280086507274739,5,0.048594,1,0.026166,1,190.86605316102,1,4.89090033909712,20,1,30.8020000457764,36.0299987792969,0.0485940016806126,0.0466797836124897,184.055404663086,-87.1332,25.9172,33.7763436885018,63,63,63,63,61,63,0.03738,8046,1.33458767306251,26,-87,0.001869,51,2023-09-17 13:29:14.001437,20,1.037,0.0011,"aoml_navis",1022.30666203332
"7901009",11,0.0280086507274739,5,0.052332,1,0.029904,1,190.874661098169,1,4.89085959735647,22,1,30.8020000457764,36.0299987792969,0.0523319989442825,0.0466797836124897,184.063705444336,-87.1332,25.9172,33.7763436885018,63,63,63,63,61,63,0.03738,8046,1.33458767306251,26,-87,0.001869,51,2023-09-17 13:29:14.001437,22,1.037,0.0011,"aoml_navis",1022.3151780318
"7901009",11,0.0280086507274739,5,0.052332,1,0.029904,1,190.806414714116,1,4.89081410379909,24,1,30.7970008850098,36.0289993286133,0.0523319989442825,0.0466797836124897,183.997894287109,-87.1332,25.9172,33.7763436885018,63,63,63,63,61,63,0.03738,8046,1.33458767306251,26,-87,0.001869,51,2023-09-17 13:29:14.001437,24,1.037,0.0011,"aoml_navis",1022.32468744132
"7901009",11,0.0280086507274739,5,0.05607,1,0.033642,1,190.921324345694,1,4.89076552328689,26,1,30.7880001068115,36.0270004272461,0.0560699999332428,0.0466797836124897,184.108703613281,-87.1332,25.9172,33.7763436885018,63,63,63,63,61,63,0.03738,8046,1.33458767306251,26,-87,0.001869,51,2023-09-17 13:29:14.001437,26,1.037,0.0011,"aoml_navis",1022.33484230495
"7901009",11,0.0280086507274739,5,0.05607,1,0.033642,1,190.955123157737,1,4.89072387765186,28,1,30.7810001373291,36.023998260498,0.0560699999332428,0.0466797836124897,184.141296386719,-87.1332,25.9172,33.7763436885018,63,63,63,63,61,63,0.03738,8046,1.33458767306251,26,-87,0.001869,51,2023-09-17 13:29:14.001437,28,1.037,0.0011,"aoml_navis",1022.34354772051
"7901009",11,0.0280086507274739,5,0.059808,1,0.03738,1,191.053750496435,1,4.89067530483722,30,1,30.7719993591309,36.0219993591309,0.0598080009222031,0.0467250011861324,184.236404418945,-87.1332,25.9172,33.7763436885018,63,63,63,63,61,63,0.03738,8046,1.33458767306251,26,-87,0.001869,51,2023-09-17 13:29:14.001437,30,1.037,0.0011,"aoml_navis",1022.35370134972
"7901009",11,0.0280086507274739,5,0.059808,1,0.03738,1,191.279392378328,1,4.89061941960522,32,1,30.75,36.015998840332,0.0598080009222031,0.0467250011861324,184.453994750977,-87.1332,25.9172,33.7763436885018,63,63,63,63,61,63,0.03738,8046,1.33458767306251,26,-87,0.001869,51,2023-09-17 13:29:14.001437,32,1.037,0.0011,"aoml_navis",1022.36538381136
"7901009",11,0.0294090832638475,1,0.061677,1,0.039249,1,191.699899602123,1,4.89055265222084,34,1,30.7150001525879,36.0069999694824,0.0616770014166832,0.0485940016806126,184.859497070312,-87.1332,25.9172,33.7763436885018,63,63,63,63,61,63,0.039249,8046,1.33458767306251,26,-87,0.001869,51,2023-09-17 13:29:14.001437,34,1.037,0.0011,"aoml_navis",1022.37934146961
"7901009",11,0.0322099483365949,1,0.065415,1,0.042987,1,192.280207482667,1,4.89045063854944,36,1,30.6480007171631,35.9930000305176,0.0654150024056435,0.0523319989442825,185.419097900391,-87.1332,25.9172,33.7763436885018,63,63,63,63,61,63,0.042987,8046,1.33458767306251,26,-87,0.001869,51,2023-09-17 13:29:14.001437,36,1.037,0.0011,"aoml_navis",1022.40066806667
"7901009",11,0.0378116784820897,1,0.072891,1,0.050463,1,192.534489743678,1,4.89036086936259,38.2000007629395,1,30.6079998016357,35.9869995117188,0.0728909969329834,0.0598080009222031,185.664306640625,-87.1332,25.9172,33.7763436885018,63,63,63,63,61,63,0.050463,8046,1.33458767306251,26,-87,0.001869,51,2023-09-17 13:29:14.001437,38.2000007629395,1.037,0.0011,"aoml_navis",1022.41943561349
"7901009",11,0.0378116784820897,1,0.072891,1,0.050463,1,192.87679765609,1,4.89028900046094,40,1,30.576000213623,35.9819984436035,0.0728909969329834,0.0598080009222031,185.994400024414,-87.1332,25.9172,33.7763436885018,63,63,63,63,61,63,0.050463,8046,1.33458767306251,26,-87,0.001869,51,2023-09-17 13:29:14.001437,40,1.037,0.0011,"aoml_navis",1022.43446134343
"7901009",11,0.0350108134093423,1,0.069153,1,0.046725,1,194.811115062132,1,4.89015399796528,41.9000015258789,1,30.492000579834,35.9700012207031,0.0691530033946037,0.0560699999332428,187.85969543457,-87.1332,25.9172,33.7763436885018,63,63,63,63,61,63,0.046725,8046,1.33458767306251,26,-87,0.001869,51,2023-09-17 13:29:14.001437,41.9000015258789,1.037,0.0011,"aoml_navis",1022.46268769458
"7901009",11,0.0420129760912108,1,0.078498,1,0.05607,1,198.7866845052,1,4.88984376786851,44,1,30.2759990692139,35.9449996948242,0.0784979984164238,0.0654150024056435,191.693405151367,-87.1332,25.9172,33.7763436885018,63,63,63,63,61,63,0.05607,8046,1.33458767306251,26,-87,0.001869,51,2023-09-17 13:29:14.001437,44,1.037,0.0011,"aoml_navis",1022.52755657662
"7901009",11,0.0490151387730792,1,0.087843,1,0.065415,1,205.93256985911,1,4.88925265171934,45.9000015258789,1,29.8390007019043,35.898998260498,0.0878430008888245,0.0747599974274635,198.58430480957,-87.1332,25.9172,33.7763436885018,63,63,63,63,61,63,0.065415,8046,1.33458767306251,26,-87,0.001869,51,2023-09-17 13:29:14.001437,45.9000015258789,1.037,0.0011,"aoml_navis",1022.65118130922
"7901009",11,0.054616868918574,1,0.095319,1,0.072891,1,211.581227968516,1,4.88860098940654,48,1,29.4050006866455,35.8720016479492,0.095319002866745,0.0822359994053841,204.031402587891,-87.1332,25.9172,33.7763436885018,63,63,63,63,61,63,0.072891,8046,1.33458767306251,26,-87,0.001869,51,2023-09-17 13:29:14.001437,48,1.037,0.0011,"aoml_navis",1022.78750318033
"7901009",11,0.054616868918574,1,0.095319,1,0.072891,1,212.27726829816,1,4.88816255502065,50,1,29.1429996490479,35.8650016784668,0.095319002866745,0.0822359994053841,204.702606201172,-87.1332,25.9172,33.7763436885018,63,63,63,63,61,63,0.072891,8046,1.33458767306251,26,-87,0.001869,51,2023-09-17 13:29:14.001437,50,1.037,0.0011,"aoml_navis",1022.87924014812
"7901009",11,0.0560173014549477,1,0.097188,1,0.07476,1,211.71044196624,1,4.88796713926885,52,1,29.0869998931885,35.882999420166,0.0971880033612251,0.0841049998998642,204.156005859375,-87.1332,25.9172,33.7763436885018,63,63,63,63,61,63,0.07476,8046,1.33458767306251,26,-87,0.001869,51,2023-09-17 13:29:14.001437,52,1.037,0.0011,"aoml_navis",1022.92013377731
"7901009",11,0.0560173014549477,1,0.097188,1,0.07476,1,211.455226123809,1,4.8878148782143,54,1,29.0310001373291,35.8889999389648,0.0971880033612251,0.0841049998998642,203.909896850586,-87.1332,25.9172,33.7763436885018,63,63,63,63,61,63,0.07476,8046,1.33458767306251,26,-87,0.001869,51,2023-09-17 13:29:14.001437,54,1.037,0.0011,"aoml_navis",1022.95199891586
"7901009",11,0.0630194641368162,1,0.106533,1,0.084105,1,211.399954939135,1,4.88760747480674,56,1,28.9449996948242,35.8969993591309,0.106532998383045,0.0934500023722649,203.856597900391,-87.1332,25.9172,33.7763436885018,63,63,63,63,61,63,0.084105,8046,1.33458767306251,26,-87,0.001869,51,2023-09-17 13:29:14.001437,56,1.037,0.0011,"aoml_navis",1022.99540742021
"7901009",11,0.0616190316004425,1,0.104664,1,0.082236,1,211.408673640182,1,4.88750209081984,58,1,28.9449996948242,35.9150009155273,0.104663997888565,0.0915810018777847,203.865005493164,-87.1332,25.9172,33.7763436885018,63,63,63,63,61,63,0.082236,8046,1.33458767306251,26,-87,0.001869,51,2023-09-17 13:29:14.001437,58,1.037,0.0011,"aoml_navis",1023.01746517745
"7901009",11,0.0616190316004425,1,0.104664,1,0.082236,1,211.308289902543,1,4.88737402048658,60,1,28.8859996795654,35.9129981994629,0.104663997888565,0.0915810018777847,203.768203735352,-87.1332,25.9172,33.7763436885018,63,63,63,63,61,63,0.082236,8046,1.33458767306251,26,-87,0.001869,51,2023-09-17 13:29:14.001437,60,1.037,0.0011,"aoml_navis",1023.04427265876
"7901009",11,0.0700216268186846,1,0.115878,1,0.09345,1,211.005065822408,1,4.88717778176493,62,1,28.7910003662109,35.9140014648438,0.115878000855446,0.102794997394085,203.475799560547,-87.1332,25.9172,33.7763436885018,63,63,63,63,61,63,0.09345,8046,1.33458767306251,26,-87,0.001869,51,2023-09-17 13:29:14.001437,62,1.037,0.0011,"aoml_navis",1023.08535176601
"7901009",11,0.0742229244278057,1,0.121485,1,0.099057,1,210.760340903379,1,4.88699742448675,64,1,28.6989994049072,35.9119987487793,0.121485002338886,0.108401998877525,203.239807128906,-87.1332,25.9172,33.7763436885018,63,63,63,63,61,63,0.099057,8046,1.33458767306251,26,-87,0.001869,51,2023-09-17 13:29:14.001437,64,1.037,0.0011,"aoml_navis",1023.12310928323
"7901009",11,0.0770237895005531,1,0.125223,1,0.102795,1,210.843508766719,1,4.88676577977638,66,1,28.5610008239746,35.9039993286133,0.125222995877266,0.112139999866486,203.320007324219,-87.1332,25.9172,33.7763436885018,63,63,63,63,61,63,0.102795,8046,1.33458767306251,26,-87,0.001869,51,2023-09-17 13:29:14.001437,66,1.037,0.0011,"aoml_navis",1023.1716078336
"7901009",11,0.0868268172551689,1,0.138306,1,0.115878,1,211.374336832067,1,4.88653105429371,68,1,28.3729991912842,35.875,0.138306006789207,0.125222995877266,203.831893920898,-87.1332,25.9172,33.7763436885018,63,63,63,63,61,63,0.115878,8046,1.33458767306251,26,-87,0.001869,51,2023-09-17 13:29:14.001437,68,1.037,0.0011,"aoml_navis",1023.22075608352
"7901009",11,0.0980302775461585,1,0.153258,1,0.13083,1,210.703708905111,1,4.88632565617852,70,1,28.261999130249,35.8720016479492,0.153257995843887,0.140174999833107,203.185195922852,-87.1332,25.9172,33.7763436885018,63,63,63,63,61,63,0.13083,8046,1.33458767306251,26,-87,0.001869,51,2023-09-17 13:29:14.001437,70,1.037,0.0011,"aoml_navis",1023.26376746457
"7901009",11,0.0994307100825322,1,0.155127,1,0.132699,1,210.068129839893,1,4.88614253382859,72,1,28.2150001525879,35.890998840332,0.155127003788948,0.142043992877007,202.572296142578,-87.1332,25.9172,33.7763436885018,63,63,63,63,61,63,0.132699,8046,1.33458767306251,26,-87,0.001869,51,2023-09-17 13:29:14.001437,72,1.037,0.0011,"aoml_navis",1023.30211723934
"7901009",11,0.105032440228027,1,0.162603,1,0.140175,1,209.253255672029,1,4.886071528372,74,1,28.2299995422363,35.9059982299805,0.162603005766869,0.149519994854927,201.786499023438,-87.1332,25.9172,33.7763436885018,63,63,63,63,61,63,0.140175,8046,1.33458767306251,26,-87,0.001869,51,2023-09-17 13:29:14.001437,74,1.037,0.0011,"aoml_navis",1023.31698808879
"7901009",11,0.103632007691653,1,0.160734,1,0.138306,1,207.954612271689,1,4.88596876796176,76,1,28.3090000152588,35.9580001831055,0.160733997821808,0.147651001811028,200.534194946289,-87.1332,25.9172,33.7763436885018,63,63,63,63,61,63,0.138306,8046,1.33458767306251,26,-87,0.001869,51,2023-09-17 13:29:14.001437,76,1.037,0.0011,"aoml_navis",1023.33851022257
"7901009",11,0.119036765591764,1,0.181293,1,0.158865,1,208.246427670418,1,4.88579303266134,78,1,28.1620006561279,35.9309997558594,0.181292995810509,0.168209999799728,200.81559753418,-87.1332,25.9172,33.7763436885018,63,63,63,63,61,63,0.158865,8046,1.33458767306251,26,-87,0.001869,51,2023-09-17 13:29:14.001437,78,1.037,0.0011,"aoml_navis",1023.3753183107
"7901009",11,0.131640658419127,1,0.198114,1,0.175686,1,207.631482336896,1,4.88565533507683,80,1,28.0890007019043,35.9259986877441,0.198113992810249,0.185030996799469,200.222595214844,-87.1332,25.9172,33.7763436885018,63,63,63,63,61,63,0.175686,8046,1.33458767306251,26,-87,0.001869,51,2023-09-17 13:29:14.001437,80,1.037,0.0011,"aoml_navis",1023.40416117818
"7901009",11,0.130240225882753,1,0.196245,1,0.173817,1,206.545537265897,1,4.88547925740344,82,1,27.996000289917,35.9230003356934,0.19624499976635,0.183162003755569,199.175399780273,-87.1332,25.9172,33.7763436885018,63,63,63,63,61,63,0.173817,8046,1.33458767306251,26,-87,0.001869,51,2023-09-17 13:29:14.001437,82,1.037,0.0011,"aoml_navis",1023.44104571174
"7901009",11,0.138642821100996,1,0.207459,1,0.185031,1,205.715725795332,1,4.88527507486192,84,1,27.9330005645752,35.9410018920898,0.207459002733231,0.19437600672245,198.375198364258,-87.1332,25.9172,33.7763436885018,63,63,63,63,61,63,0.185031,8046,1.33458767306251,26,-87,0.001869,51,2023-09-17 13:29:14.001437,84,1.037,0.0011,"aoml_navis",1023.48382094765
"7901009",11,0.138642821100996,1,0.207459,1,0.185031,1,204.719167189327,1,4.88515902935557,86,1,27.9009990692139,35.9480018615723,0.207459002733231,0.19437600672245,197.414199829102,-87.1332,25.9172,33.7763436885018,63,63,63,63,61,63,0.185031,8046,1.33458767306251,26,-87,0.001869,51,2023-09-17 13:29:14.001437,86,1.037,0.0011,"aoml_navis",1023.50813350279
"7901009",11,0.148445848855611,1,0.220542,1,0.198114,1,203.33300448683,1,4.88500215360311,88,1,27.875,35.9690017700195,0.220541998744011,0.207459002733231,196.077499389648,-87.1332,25.9172,33.7763436885018,63,63,63,63,61,63,0.198114,8046,1.33458767306251,26,-87,0.001869,51,2023-09-17 13:29:14.001437,88,1.037,0.0011,"aoml_navis",1023.54100219016
"7901009",11,0.166651471828469,1,0.244839,1,0.222411,1,202.407382245237,1,4.88478260189059,90,1,27.7789993286133,35.9770011901855,0.244838997721672,0.231756001710892,195.184906005859,-87.1332,25.9172,33.7763436885018,63,63,63,63,61,63,0.222411,8046,1.33458767306251,26,-87,0.001869,51,2023-09-17 13:29:14.001437,90,1.037,0.0011,"aoml_navis",1023.58700632139
"7901009",11,0.163850606755722,1,0.241101,1,0.218673,1,201.739760766918,1,4.88465306048314,92,1,27.7059993743896,35.9700012207031,0.241100996732712,0.228018000721931,194.541107177734,-87.1332,25.9172,33.7763436885018,63,63,63,63,61,63,0.218673,8046,1.33458767306251,26,-87,0.001869,51,2023-09-17 13:29:14.001437,92,1.037,0.0011,"aoml_navis",1023.61415193435
"7901009",11,0.180655797192206,1,0.263529,1,0.241101,1,200.759057221617,1,4.88454316838479,94,1,27.6870002746582,35.9809989929199,0.263529002666473,0.250445991754532,193.595397949219,-87.1332,25.9172,33.7763436885018,63,63,63,63,61,63,0.241101,8046,1.33458767306251,26,-87,0.001869,51,2023-09-17 13:29:14.001437,94,1.037,0.0011,"aoml_navis",1023.63718113139
"7901009",11,0.190458824946822,1,0.276612,1,0.254184,1,199.219423227922,1,4.8843831156521,96,1,27.6450004577637,35.9959983825684,0.276612013578415,0.263529002666473,192.110702514648,-87.1332,25.9172,33.7763436885018,63,63,63,63,61,63,0.254184,8046,1.33458767306251,26,-87,0.001869,51,2023-09-17 13:29:14.001437,96,1.037,0.0011,"aoml_navis",1023.67072394002
"7901009",11,0.191859257483196,1,0.278481,1,0.256053,1,197.840618412878,1,4.88414368869856,98,1,27.5750007629395,36.0209999084473,0.278481006622314,0.265397995710373,190.781097412109,-87.1332,25.9172,33.7763436885018,63,63,63,63,61,63,0.256053,8046,1.33458767306251,26,-87,0.001869,51,2023-09-17 13:29:14.001437,98,1.037,0.0011,"aoml_navis",1023.72090558464
"7901009",11,0.205863582846933,1,0.297171,1,0.274743,1,196.902543144564,1,4.88396429016672,100,1,27.5319995880127,36.0410003662109,0.297170996665955,0.284087985754013,189.876495361328,-87.1332,25.9172,33.7763436885018,63,63,63,63,61,63,0.274743,8046,1.33458767306251,26,-87,0.001869,51,2023-09-17 13:29:14.001437,100,1.037,0.0011,"aoml_navis",1023.75850905931
"7901009",11,0.201662285237812,4,0.291564,1,0.269136,1,195.524687734352,1,4.88384005280321,102,1,27.5060005187988,36.0530014038086,0.291563987731934,0.278481006622314,188.547805786133,-87.1332,25.9172,33.7763436885018,63,63,63,63,61,63,0.269136,8046,1.33458767306251,26,-87,0.001869,51,2023-09-17 13:29:14.001437,102,1.037,0.0011,"aoml_navis",1023.78455189787
"7901009",11,0.211465312992428,1,0.304647,1,0.282219,1,194.409690875474,1,4.88361329648807,104,1,27.3859996795654,36.0530014038086,0.304646998643875,0.291563987731934,187.472595214844,-87.1332,25.9172,33.7763436885018,63,63,63,63,61,63,0.282219,8046,1.33458767306251,26,-87,0.001869,51,2023-09-17 13:29:14.001437,104,1.037,0.0011,"aoml_navis",1023.83208834238
"7901009",11,0.218467475674296,1,0.313992,1,0.291564,1,193.390014261793,1,4.88349103924523,106,1,27.3309993743896,36.0519981384277,0.313991993665695,0.300909012556076,186.489303588867,-87.1332,25.9172,33.7763436885018,63,63,63,63,61,63,0.291564,8046,1.33458767306251,26,-87,0.001869,51,2023-09-17 13:29:14.001437,106,1.037,0.0011,"aoml_navis",1023.85771977843
"7901009",11,0.247876558938144,1,0.353241,1,0.330813,1,191.836787955577,1,4.88329780010277,108,1,27.3159999847412,36.0880012512207,0.353240996599197,0.340157985687256,184.991500854492,-87.1332,25.9172,33.7763436885018,63,63,63,63,61,63,0.330813,8046,1.33458767306251,26,-87,0.001869,51,2023-09-17 13:29:14.001437,108,1.037,0.0011,"aoml_navis",1023.89823530623
"7901009",11,0.264681749374628,1,0.375669,1,0.353241,1,190.358532984313,1,4.88302589004055,110,1,27.2569999694824,36.1269989013672,0.375669002532959,0.362585991621017,183.565994262695,-87.1332,25.9172,33.7763436885018,63,63,63,63,61,63,0.353241,8046,1.33458767306251,26,-87,0.001869,51,2023-09-17 13:29:14.001437,110,1.037,0.0011,"aoml_navis",1023.95525082061
"7901009",11,0.271683912056496,1,0.385014,1,0.362586,1,189.780092266607,1,4.8828135221166,112,1,27.1690006256104,36.1370010375977,0.385013997554779,0.371930986642838,183.008193969727,-87.1332,25.9172,33.7763436885018,63,63,63,63,61,63,0.362586,8046,1.33458767306251,26,-87,0.001869,51,2023-09-17 13:29:14.001437,112,1.037,0.0011,"aoml_navis",1023.99978564666
"7901009",11,0.277285642201991,1,0.39249,1,0.370062,1,189.112787256565,1,4.88271322535355,114,1,27.1630001068115,36.1510009765625,0.3924899995327,0.379406988620758,182.364700317383,-87.1332,25.9172,33.7763436885018,63,63,63,63,61,63,0.370062,8046,1.33458767306251,26,-87,0.001869,51,2023-09-17 13:29:14.001437,114,1.037,0.0011,"aoml_navis",1024.02081982563
"7901009",11,0.308095158002212,1,0.433608,1,0.41118,1,188.206453756489,1,4.88252829199236,116,1,27.1229991912842,36.173999786377,0.433607995510101,0.420525014400482,181.490707397461,-87.1332,25.9172,33.7763436885018,63,63,63,63,61,63,0.41118,8046,1.33458767306251,26,-87,0.001869,51,2023-09-17 13:29:14.001437,116,1.037,0.0011,"aoml_navis",1024.05960620859
"7901009",11,0.327701213511444,1,0.459774,1,0.437346,1,187.483244625217,1,4.88224904778296,118,1,27.0799999237061,36.2220001220703,0.459773987531662,0.446691006422043,180.793304443359,-87.1332,25.9172,33.7763436885018,63,63,63,63,61,63,0.437346,8046,1.33458767306251,26,-87,0.001869,51,2023-09-17 13:29:14.001437,118,1.037,0.0011,"aoml_navis",1024.11817813155
"7901009",11,0.344506403947928,1,0.482202,1,0.459774,1,186.914962539221,1,4.88209496010565,120,1,27.0599994659424,36.2449989318848,0.482201993465424,0.469119012355804,180.245300292969,-87.1332,25.9172,33.7763436885018,63,63,63,63,61,63,0.459774,8046,1.33458767306251,26,-87,0.001869,51,2023-09-17 13:29:14.001437,120,1.037,0.0011,"aoml_navis",1024.15050113892
"7901009",11,0.352908999166171,1,0.493416,1,0.470988,1,185.756324704868,1,4.88199830313715,122,1,27.0470008850098,36.2550010681152,0.493416011333466,0.480333000421524,179.128005981445,-87.1332,25.9172,33.7763436885018,63,63,63,63,61,63,0.470988,8046,1.33458767306251,26,-87,0.001869,51,2023-09-17 13:29:14.001437,122,1.037,0.0011,"aoml_navis",1024.17077793473
"7901009",11,0.37531591974815,1,0.52332,1,0.500892,1,184.857333268831,1,4.88184691301439,124,1,26.996000289917,36.2639999389648,0.523320019245148,0.510236978530884,178.261093139648,-87.1332,25.9172,33.7763436885018,63,63,63,63,61,63,0.500892,8046,1.33458767306251,26,-87,0.001869,51,2023-09-17 13:29:14.001437,124,1.037,0.0011,"aoml_navis",1024.20253832021
"7901009",11,0.383718514966392,1,0.534534,1,0.512106,1,184.455197028548,1,4.88167461033331,126.099998474121,1,26.9419994354248,36.2770004272461,0.534533977508545,0.521450996398926,177.873306274414,-87.1332,25.9172,33.7763436885018,63,63,63,63,61,63,0.512106,8046,1.33458767306251,26,-87,0.001869,51,2023-09-17 13:29:14.001437,126.099998474121,1.037,0.0011,"aoml_navis",1024.23868838292
"7901009",11,0.362712026920786,4,0.506499,1,0.484071,1,183.275909639086,1,4.88154209972501,128,1,26.9300003051758,36.2980003356934,0.506498992443085,0.493416011333466,176.736099243164,-87.1332,25.9172,33.7763436885018,63,63,63,63,61,63,0.484071,8046,1.33458767306251,26,-87,0.001869,51,2023-09-17 13:29:14.001437,128,1.037,0.0011,"aoml_navis",1024.26649158299
"7901009",11,0.368313757066281,1,0.513975,1,0.491547,1,181.590162241645,1,4.88131655260646,130,1,26.8209991455078,36.3030014038086,0.513975024223328,0.500891983509064,175.110504150391,-87.1332,25.9172,33.7763436885018,63,63,63,63,61,63,0.491547,8046,1.33458767306251,26,-87,0.001869,51,2023-09-17 13:29:14.001437,130,1.037,0.0011,"aoml_navis",1024.31381905158
"7901009",11,0.350108134093423,1,0.489678,1,0.46725,1,181.325610585027,1,4.88116815045584,132,1,26.8139991760254,36.3300018310547,0.489677995443344,0.476595014333725,174.855392456055,-87.1332,25.9172,33.7763436885018,63,63,63,63,61,63,0.46725,8046,1.33458767306251,26,-87,0.001869,51,2023-09-17 13:29:14.001437,132,1.037,0.0011,"aoml_navis",1024.34496126364
"7901009",11,0.334703376193313,1,0.469119,1,0.446691,1,179.867277291835,1,4.88107075470572,134,1,26.8379993438721,36.3559989929199,0.469119012355804,0.456036001443863,173.449096679688,-87.1332,25.9172,33.7763436885018,63,63,63,63,61,63,0.446691,8046,1.33458767306251,26,-87,0.001869,51,2023-09-17 13:29:14.001437,134,1.037,0.0011,"aoml_navis",1024.36540080465
"7901009",11,0.334703376193313,1,0.469119,1,0.446691,1,178.22113589933,1,4.88094051471803,136,1,26.7630004882812,36.3489990234375,0.469119012355804,0.456036001443863,171.861694335938,-87.1332,25.9172,33.7763436885018,63,63,63,63,61,63,0.446691,8046,1.33458767306251,26,-87,0.001869,51,2023-09-17 13:29:14.001437,136,1.037,0.0011,"aoml_navis",1024.39273433531
"7901009",11,0.32630078097507,1,0.457905,1,0.435477,1,177.039791466063,1,4.88075533408365,138,1,26.7059993743896,36.3650016784668,0.457904994487762,0.444822013378143,170.722503662109,-87.1332,25.9172,33.7763436885018,63,63,63,63,61,63,0.435477,8046,1.33458767306251,26,-87,0.001869,51,2023-09-17 13:29:14.001437,138,1.037,0.0011,"aoml_navis",1024.43160079827
"7901009",11,0.271683912056496,1,0.385014,1,0.362586,1,175.798492117614,1,4.88049098747933,140,1,26.636999130249,36.3979988098145,0.385013997554779,0.371930986642838,169.525497436523,-87.1332,25.9172,33.7763436885018,63,63,63,63,61,63,0.362586,8046,1.33458767306251,26,-87,0.001869,51,2023-09-17 13:29:14.001437,140,1.037,0.0011,"aoml_navis",1024.48708804652
"7901009",11,0.242274828792649,1,0.345765,1,0.323337,1,175.108258980864,1,4.8802682166843,142,1,26.5739994049072,36.4220008850098,0.345764994621277,0.332682013511658,168.859893798828,-87.1332,25.9172,33.7763436885018,63,63,63,63,61,63,0.323337,8046,1.33458767306251,26,-87,0.001869,51,2023-09-17 13:29:14.001437,142,1.037,0.0011,"aoml_navis",1024.53385305881
"7901009",11,0.225469638356165,1,0.323337,1,0.300909,1,174.387755653365,1,4.88013381734319,144,1,26.5359992980957,36.431999206543,0.323336988687515,0.310254007577896,168.165100097656,-87.1332,25.9172,33.7763436885018,63,63,63,63,61,63,0.300909,8046,1.33458767306251,26,-87,0.001869,51,2023-09-17 13:29:14.001437,144,1.037,0.0011,"aoml_navis",1024.56206881681
"7901009",11,0.204463150310559,1,0.295302,1,0.272874,1,173.752382292528,1,4.87993776873614,146,1,26.4810009002686,36.4519996643066,0.295302003622055,0.282218992710114,167.552398681641,-87.1332,25.9172,33.7763436885018,63,63,63,63,61,63,0.272874,8046,1.33458767306251,26,-87,0.001869,51,2023-09-17 13:29:14.001437,146,1.037,0.0011,"aoml_navis",1024.60322999056
"7901009",11,0.18205622972858,1,0.265398,1,0.24297,1,173.281271791153,1,4.87969778013747,148,1,26.4230003356934,36.4830017089844,0.265397995710373,0.252315014600754,167.098098754883,-87.1332,25.9172,33.7763436885018,63,63,63,63,61,63,0.24297,8046,1.33458767306251,26,-87,0.001869,51,2023-09-17 13:29:14.001437,148,1.037,0.0011,"aoml_navis",1024.65362104027
"7901009",11,0.149846281391985,1,0.222411,1,0.199983,1,173.047227676491,1,4.8794439158559,150,1,26.3509998321533,36.5120010375977,0.222411006689072,0.20932799577713,166.872406005859,-87.1332,25.9172,33.7763436885018,63,63,63,63,61,63,0.199983,8046,1.33458767306251,26,-87,0.001869,51,2023-09-17 13:29:14.001437,150,1.037,0.0011,"aoml_navis",1024.70693099932
"7901009",11,0.141443686173743,1,0.211197,1,0.188769,1,172.609093169637,1,4.87916436409231,152,1,26.2689990997314,36.5439987182617,0.211197003722191,0.198113992810249,166.449905395508,-87.1332,25.9172,33.7763436885018,63,63,63,63,61,63,0.188769,8046,1.33458767306251,26,-87,0.001869,51,2023-09-17 13:29:14.001437,152,1.037,0.0011,"aoml_navis",1024.76564159161
"7901009",11,0.123238063200885,1,0.1869,1,0.164472,1,172.191275926201,1,4.8788988084293,154,1,26.1889991760254,36.5730018615723,0.18690000474453,0.173816993832588,166.046997070312,-87.1332,25.9172,33.7763436885018,63,63,63,63,61,63,0.164472,8046,1.33458767306251,26,-87,0.001869,51,2023-09-17 13:29:14.001437,154,1.037,0.0011,"aoml_navis",1024.82141899756
"7901009",11,0.106432872764401,1,0.164472,1,0.142044,1,173.30076623705,1,4.87874664160451,156,1,26.1770000457764,36.5989990234375,0.164471998810768,0.151389002799988,167.116897583008,-87.1332,25.9172,33.7763436885018,63,63,63,63,61,63,0.142044,8046,1.33458767306251,26,-87,0.001869,51,2023-09-17 13:29:14.001437,156,1.037,0.0011,"aoml_navis",1024.85338290812
"7901009",11,0.100831142618906,1,0.156996,1,0.134568,1,172.762880929112,1,4.87854062654024,158,1,26.1650009155273,36.6399993896484,0.156995996832848,0.143913000822067,166.598205566406,-87.1332,25.9172,33.7763436885018,63,63,63,63,61,63,0.134568,8046,1.33458767306251,26,-87,0.001869,51,2023-09-17 13:29:14.001437,158,1.037,0.0011,"aoml_navis",1024.89666126771
"7901009",11,0.0896276823279163,1,0.142044,1,0.119616,1,171.291683200437,1,4.8782944775859,160,1,26.0809993743896,36.6619987487793,0.142043992877007,0.128960996866226,165.179504394531,-87.1332,25.9172,33.7763436885018,63,63,63,63,61,63,0.119616,8046,1.33458767306251,26,-87,0.001869,51,2023-09-17 13:29:14.001437,160,1.037,0.0011,"aoml_navis",1024.94837549748
"7901009",11,0.0560173014549477,1,0.097188,1,0.07476,1,169.289435878619,1,4.87787904297323,162,1,25.951000213623,36.7120018005371,0.0971880033612251,0.0841049998998642,163.24870300293,-87.1332,25.9172,33.7763436885018,63,63,63,63,61,63,0.07476,8046,1.33458767306251,26,-87,0.001869,51,2023-09-17 13:29:14.001437,162,1.037,0.0011,"aoml_navis",1025.03566733634
"7901009",11,0.0476147062367056,1,0.085974,1,0.063546,1,168.213016502774,1,4.87756594331294,164,1,25.8169994354248,36.7319984436035,0.0859740003943443,0.0728909969329834,162.210693359375,-87.1332,25.9172,33.7763436885018,63,63,63,63,61,63,0.063546,8046,1.33458767306251,26,-87,0.001869,51,2023-09-17 13:29:14.001437,164,1.037,0.0011,"aoml_navis",1025.10146620466
"7901009",11,0.0420129760912108,1,0.078498,1,0.05607,1,167.630224346251,1,4.87743725954428,165.899993896484,1,25.7759990692139,36.7400016784668,0.0784979984164238,0.0654150024056435,161.648696899414,-87.1332,25.9172,33.7763436885018,63,63,63,63,61,63,0.05607,8046,1.33458767306251,26,-87,0.001869,51,2023-09-17 13:29:14.001437,165.899993896484,1.037,0.0011,"aoml_navis",1025.12851194875
"7901009",11,0.0294090832638475,1,0.061677,1,0.039249,1,166.798972945024,1,4.87717977628537,168,1,25.6849994659424,36.7620010375977,0.0616770014166832,0.0485940016806126,160.847106933594,-87.1332,25.9172,33.7763436885018,63,63,63,63,61,63,0.039249,8046,1.33458767306251,26,-87,0.001869,51,2023-09-17 13:29:14.001437,168,1.037,0.0011,"aoml_navis",1025.18263204318
"7901009",11,0.0308095158002212,1,0.063546,1,0.041118,1,166.283161299445,1,4.87701468398519,170,1,25.6280002593994,36.7729988098145,0.0635460019111633,0.0504629984498024,160.349700927734,-87.1332,25.9172,33.7763436885018,63,63,63,63,61,63,0.041118,8046,1.33458767306251,26,-87,0.001869,51,2023-09-17 13:29:14.001437,170,1.037,0.0011,"aoml_navis",1025.21733560054
"7901009",11,0.0280086507274739,1,0.059808,1,0.03738,1,165.452210543082,1,4.87685476463034,172,1,25.57200050354,36.7830009460449,0.0598080009222031,0.0467250011861324,159.548400878906,-87.1332,25.9172,33.7763436885018,63,63,63,63,61,63,0.03738,8046,1.33458767306251,26,-87,0.001869,51,2023-09-17 13:29:14.001437,172,1.037,0.0011,"aoml_navis",1025.25095400888
"7901009",11,0.0210064880456054,1,0.050463,1,0.028035,1,165.024646076698,1,4.87665960355147,174,1,25.4969997406006,36.7949981689453,0.0504629984498024,0.0373799987137318,159.136093139648,-87.1332,25.9172,33.7763436885018,63,63,63,63,61,63,0.028035,8046,1.33458767306251,26,-87,0.001869,51,2023-09-17 13:29:14.001437,174,1.037,0.0011,"aoml_navis",1025.29198395531
"7901009",11,0.0238073531183528,1,0.054201,1,0.031773,1,164.989707978856,1,4.8765333890388,176,1,25.4659996032715,36.8059997558594,0.0542009994387627,0.041117999702692,159.102401733398,-87.1332,25.9172,33.7763436885018,63,63,63,63,61,63,0.031773,8046,1.33458767306251,26,-87,0.001869,51,2023-09-17 13:29:14.001437,176,1.037,0.0011,"aoml_navis",1025.31852057831
"7901009",11,0.0196060555092317,1,0.048594,1,0.026166,1,164.881238476726,1,4.87648398355478,178,1,25.4650001525879,36.8079986572266,0.0485940016806126,0.0355109982192516,158.997802734375,-87.1332,25.9172,33.7763436885018,63,63,63,63,61,63,0.026166,8046,1.33458767306251,26,-87,0.001869,51,2023-09-17 13:29:14.001437,178,1.037,0.0011,"aoml_navis",1025.32890846392
"7901009",11,0.0168051904364843,1,0.044856,1,0.022428,1,165.321762319076,1,4.87629480381682,180,1,25.4060001373291,36.8250007629395,0.0448560006916523,0.0317730009555817,159.422607421875,-87.1332,25.9172,33.7763436885018,63,63,63,63,61,63,0.022428,8046,1.33458767306251,26,-87,0.001869,51,2023-09-17 13:29:14.001437,180,1.037,0.0011,"aoml_navis",1025.36868691498
"7901009",11,0.0140043253637369,1,0.041118,1,0.01869,1,166.276009116373,1,4.87611188096423,182,1,25.3899993896484,36.8580017089844,0.041117999702692,0.0280349999666214,160.342803955078,-87.1332,25.9172,33.7763436885018,63,63,63,63,61,63,0.01869,8046,1.33458767306251,26,-87,0.001869,51,2023-09-17 13:29:14.001437,182,1.037,0.0011,"aoml_navis",1025.40715267823
"7901009",11,0.0154047579001106,1,0.042987,1,0.020559,1,166.239820968835,1,4.87600482012667,184,1,25.3840007781982,36.8740005493164,0.0429870001971722,0.0299040004611015,160.307907104492,-87.1332,25.9172,33.7763436885018,63,63,63,63,61,63,0.020559,8046,1.33458767306251,26,-87,0.001869,51,2023-09-17 13:29:14.001437,184,1.037,0.0011,"aoml_navis",1025.42966720655
"7901009",11,0.0112034602909895,1,0.03738,1,0.014952,1,165.632344286664,1,4.8758814879313,186,1,25.3500003814697,36.882999420166,0.0373799987137318,0.0242970008403063,159.722106933594,-87.1332,25.9172,33.7763436885018,63,63,63,63,61,63,0.014952,8046,1.33458767306251,26,-87,0.001869,51,2023-09-17 13:29:14.001437,186,1.037,0.0011,"aoml_navis",1025.45560477135
"7901009",11,0.00980302775461585,1,0.035511,1,0.013083,1,164.621465491099,1,4.87569829994813,188,1,25.2730007171631,36.890998840332,0.0355109982192516,0.0224280003458261,158.747299194336,-87.1332,25.9172,33.7763436885018,63,63,63,63,61,63,0.013083,8046,1.33458767306251,26,-87,0.001869,51,2023-09-17 13:29:14.001437,188,1.037,0.0011,"aoml_navis",1025.49413282056
"7901009",11,0.00980302775461585,1,0.035511,1,0.013083,1,164.222224935556,1,4.87544424462448,190,1,25.1770000457764,36.9109992980957,0.0355109982192516,0.0224280003458261,158.3623046875,-87.1332,25.9172,33.7763436885018,63,63,63,63,61,63,0.013083,8046,1.33458767306251,26,-87,0.001869,51,2023-09-17 13:29:14.001437,190,1.037,0.0011,"aoml_navis",1025.5475704625
"7901009",11,0.0126038928273632,1,0.039249,1,0.016821,1,163.810626293774,1,4.87535822796356,192,1,25.1560001373291,36.9150009155273,0.0392489992082119,0.0261659994721413,157.965393066406,-87.1332,25.9172,33.7763436885018,63,63,63,63,61,63,0.016821,8046,1.33458767306251,26,-87,0.001869,51,2023-09-17 13:29:14.001437,192,1.037,0.0011,"aoml_navis",1025.56566434883
"7901009",11,0.00840259521824216,1,0.033642,1,0.011214,1,162.947538183825,1,4.87525394533854,194,1,25.125,36.9199981689453,0.0336420014500618,0.020558999851346,157.133102416992,-87.1332,25.9172,33.7763436885018,63,63,63,63,61,63,0.011214,8046,1.33458767306251,26,-87,0.001869,51,2023-09-17 13:29:14.001437,194,1.037,0.0011,"aoml_navis",1025.58760139679
"7901009",11,0.0126038928273632,1,0.039249,1,0.016821,1,161.455912427835,1,4.875048841362,196,1,25.0400009155273,36.9309997558594,0.0392489992082119,0.0261659994721413,155.694702148438,-87.1332,25.9172,33.7763436885018,63,63,63,63,61,63,0.016821,8046,1.33458767306251,26,-87,0.001869,51,2023-09-17 13:29:14.001437,196,1.037,0.0011,"aoml_navis",1025.63075011226
"7901009",11,0.00840259521824216,1,0.033642,1,0.011214,1,160.525305810871,1,4.8748095174899,198,1,24.9290008544922,36.9410018920898,0.0336420014500618,0.020558999851346,154.797302246094,-87.1332,25.9172,33.7763436885018,63,63,63,63,61,63,0.011214,8046,1.33458767306251,26,-87,0.001869,51,2023-09-17 13:29:14.001437,198,1.037,0.0011,"aoml_navis",1025.68110242276
"7901009",11,0.00700216268186846,1,0.031773,1,0.009345,1,159.956295847836,1,4.87462364146181,200,1,24.8419990539551,36.9459991455078,0.0317730009555817,0.0186899993568659,154.248596191406,-87.1332,25.9172,33.7763436885018,63,63,63,63,61,63,0.009345,8046,1.33458767306251,26,-87,0.001869,51,2023-09-17 13:29:14.001437,200,1.037,0.0011,"aoml_navis",1025.72021303794
"7901009",11,0.00560173014549477,1,0.029904,1,0.007476,1,159.77431076483,1,4.87446291201549,202,1,24.7770004272461,36.9529991149902,0.0299040004611015,0.0168210007250309,154.073104858398,-87.1332,25.9172,33.7763436885018,63,63,63,63,61,63,0.007476,8046,1.33458767306251,26,-87,0.001869,51,2023-09-17 13:29:14.001437,202,1.037,0.0011,"aoml_navis",1025.75403490609
"7901009",11,0.00560173014549477,1,0.029904,1,0.007476,1,159.599050632723,1,4.87421770200243,204,1,24.6809997558594,36.9710006713867,0.0299040004611015,0.0168210007250309,153.904098510742,-87.1332,25.9172,33.7763436885018,63,63,63,63,61,63,0.007476,8046,1.33458767306251,26,-87,0.001869,51,2023-09-17 13:29:14.001437,204,1.037,0.0011,"aoml_navis",1025.80563809161
"7901009",11,0.00140043253637369,1,0.024297,1,0.001869,1,159.146295291446,1,4.87411016581525,206,1,24.6399993896484,36.9729995727539,0.0242970008403063,0.0112140001729131,153.467498779297,-87.1332,25.9172,33.7763436885018,63,63,63,63,61,63,0.001869,8046,1.33458767306251,26,-87,0.001869,51,2023-09-17 13:29:14.001437,206,1.037,0.0011,"aoml_navis",1025.82827016666
"7901009",11,0.00140043253637369,1,0.024297,1,0.001869,1,158.818291745179,1,4.87390210892349,208,1,24.5470008850098,36.9819984436035,0.0242970008403063,0.0112140001729131,153.15119934082,-87.1332,25.9172,33.7763436885018,63,63,63,63,61,63,0.001869,8046,1.33458767306251,26,-87,0.001869,51,2023-09-17 13:29:14.001437,208,1.037,0.0011,"aoml_navis",1025.87206067304
"7901009",11,0.00280086507274739,1,0.026166,1,0.003738,1,158.435634127379,1,4.87378675514721,210,1,24.4979991912842,36.9830017089844,0.0261659994721413,0.0130829997360706,152.782196044922,-87.1332,25.9172,33.7763436885018,63,63,63,63,61,63,0.003738,8046,1.33458767306251,26,-87,0.001869,51,2023-09-17 13:29:14.001437,210,1.037,0.0011,"aoml_navis",1025.89634122164
"7901009",11,-0.00280086507274739,4,0.01869,1,-0.003738,1,158.02457348167,1,4.87364337970913,212,1,24.4370002746582,36.9869995117188,0.0186899993568659,0.00560700008645654,152.385803222656,-87.1332,25.9172,33.7763436885018,63,63,63,63,61,63,-0.003738,8046,1.33458767306251,26,-87,0.001869,51,2023-09-17 13:29:14.001437,212,1.037,0.0011,"aoml_navis",1025.9265215869
"7901009",11,0,1,0.022428,1,0,1,156.782245611319,1,4.87343736982465,214,1,24.3349990844727,36.992000579834,0.0224280003458261,0.00934499967843294,151.187805175781,-87.1332,25.9172,33.7763436885018,63,63,63,63,61,63,0,8046,1.33458767306251,26,-87,0.001869,51,2023-09-17 13:29:14.001437,214,1.037,0.0011,"aoml_navis",1025.96988954018
"7901009",11,0.00280086507274739,1,0.026166,1,0.003738,1,155.428014558026,1,4.87325834666167,216,1,24.2439994812012,36.9939994812012,0.0261659994721413,0.0130829997360706,149.881896972656,-87.1332,25.9172,33.7763436885018,63,63,63,63,61,63,0.003738,8046,1.33458767306251,26,-87,0.001869,51,2023-09-17 13:29:14.001437,216,1.037,0.0011,"aoml_navis",1026.00757938991
"7901009",11,-0.00140043253637369,1,0.020559,1,-0.001869,1,154.946428956664,1,4.87301144430835,218,1,24.113000869751,36.9990005493164,0.020558999851346,0.00747600011527538,149.417495727539,-87.1332,25.9172,33.7763436885018,63,63,63,63,61,63,-0.001869,8046,1.33458767306251,26,-87,0.001869,51,2023-09-17 13:29:14.001437,218,1.037,0.0011,"aoml_navis",1026.05956442807
"7901009",11,0.00140043253637369,1,0.024297,1,0.001869,1,155.153415033596,1,4.87288181075862,220,1,24.0559997558594,37.0009994506836,0.0242970008403063,0.0112140001729131,149.617095947266,-87.1332,25.9172,33.7763436885018,63,63,63,63,61,63,0.001869,8046,1.33458767306251,26,-87,0.001869,51,2023-09-17 13:29:14.001437,220,1.037,0.0011,"aoml_navis",1026.08686074855
"7901009",11,-0.00140043253637369,1,0.020559,1,-0.001869,1,154.978993542424,1,4.87275939920419,222,1,24.0090007781982,37.0050010681152,0.020558999851346,0.00747600011527538,149.44889831543,-87.1332,25.9172,33.7763436885018,63,63,63,63,61,63,-0.001869,8046,1.33458767306251,26,-87,0.001869,51,2023-09-17 13:29:14.001437,222,1.037,0.0011,"aoml_navis",1026.11263770105
"7901009",11,0.00140043253637369,1,0.024297,1,0.001869,1,154.946745424942,1,4.87255581169865,224,1,23.8950004577637,37.0050010681152,0.0242970008403063,0.0112140001729131,149.41780090332,-87.1332,25.9172,33.7763436885018,63,63,63,63,61,63,0.001869,8046,1.33458767306251,26,-87,0.001869,51,2023-09-17 13:29:14.001437,224,1.037,0.0011,"aoml_navis",1026.15551124019
"7901009",11,0,1,0.022428,1,0,1,154.108009548951,1,4.87237021146979,226,1,23.8110008239746,37.0120010375977,0.0224280003458261,0.00934499967843294,148.608993530273,-87.1332,25.9172,33.7763436885018,63,63,63,63,61,63,0,8046,1.33458767306251,26,-87,0.001869,51,2023-09-17 13:29:14.001437,226,1.037,0.0011,"aoml_navis",1026.19459995666
"7901009",11,0,1,0.022428,1,0,1,153.684084467759,1,4.87216999739314,228,1,23.7140007019043,37.0180015563965,0.0224280003458261,0.00934499967843294,148.2001953125,-87.1332,25.9172,33.7763436885018,63,63,63,63,61,63,0,8046,1.33458767306251,26,-87,0.001869,51,2023-09-17 13:29:14.001437,228,1.037,0.0011,"aoml_navis",1026.23676979154
"7901009",11,0.00140043253637369,1,0.024297,1,0.001869,1,153.939600955053,1,4.87189384340247,230,1,23.5580005645752,37.0219993591309,0.0242970008403063,0.0112140001729131,148.446594238281,-87.1332,25.9172,33.7763436885018,63,63,63,63,61,63,0.001869,8046,1.33458767306251,26,-87,0.001869,51,2023-09-17 13:29:14.001437,230,1.037,0.0011,"aoml_navis",1026.29494006135
"7901009",11,0,1,0.022428,1,0,1,153.799500448581,1,4.87171631022879,232,1,23.4790000915527,37.0289993286133,0.0224280003458261,0.00934499967843294,148.311492919922,-87.1332,25.9172,33.7763436885018,63,63,63,63,61,63,0,8046,1.33458767306251,26,-87,0.001869,51,2023-09-17 13:29:14.001437,232,1.037,0.0011,"aoml_navis",1026.33233989875
"7901009",11,-0.00140043253637369,1,0.020559,1,-0.001869,1,153.765701636539,1,4.8715602407839,234,1,23.386999130249,37.0250015258789,0.020558999851346,0.00747600011527538,148.278900146484,-87.1332,25.9172,33.7763436885018,63,63,63,63,61,63,-0.001869,8046,1.33458767306251,26,-87,0.001869,51,2023-09-17 13:29:14.001437,234,1.037,0.0011,"aoml_navis",1026.36522035401
"7901009",11,0.00140043253637369,1,0.024297,1,0.001869,1,153.3491344428,1,4.87136107514595,236,1,23.2819995880127,37.0279998779297,0.0242970008403063,0.0112140001729131,147.877197265625,-87.1332,25.9172,33.7763436885018,63,63,63,63,61,63,0.001869,8046,1.33458767306251,26,-87,0.001869,51,2023-09-17 13:29:14.001437,236,1.037,0.0011,"aoml_navis",1026.40718330455
"7901009",11,0.00420129760912108,1,0.028035,1,0.005607,1,152.524513051987,1,4.87111913257054,238,1,23.1410007476807,37.0289993286133,0.0280349999666214,0.0149520002305508,147.082000732422,-87.1332,25.9172,33.7763436885018,63,63,63,63,61,63,0.005607,8046,1.33458767306251,26,-87,0.001869,51,2023-09-17 13:29:14.001437,238,1.037,0.0011,"aoml_navis",1026.45816370363
"7901009",11,0,1,0.022428,1,0,1,151.122178820507,1,4.87090309587742,240,1,23,37.0229988098145,0.0224280003458261,0.00934499967843294,145.729705810547,-87.1332,25.9172,33.7763436885018,63,63,63,63,61,63,0,8046,1.33458767306251,26,-87,0.001869,51,2023-09-17 13:29:14.001437,240,1.037,0.0011,"aoml_navis",1026.50368968166
"7901009",11,0.00140043253637369,1,0.024297,1,0.001869,1,150.680404928461,1,4.87075853924856,242,1,22.8969993591309,37.0120010375977,0.0242970008403063,0.0112140001729131,145.303695678711,-87.1332,25.9172,33.7763436885018,63,63,63,63,61,63,0.001869,8046,1.33458767306251,26,-87,0.001869,51,2023-09-17 13:29:14.001437,242,1.037,0.0011,"aoml_navis",1026.53415473381
"7901009",11,-0.00420129760912108,4,0.016821,1,-0.005607,1,150.148326813416,1,4.87061332904874,244,1,22.8139991760254,37.0089988708496,0.0168210007250309,0.00373800005763769,144.790603637695,-87.1332,25.9172,33.7763436885018,63,63,63,63,61,63,-0.005607,8046,1.33458767306251,26,-87,0.001869,51,2023-09-17 13:29:14.001437,244,1.037,0.0011,"aoml_navis",1026.56475934552
"7901009",11,0.00140043253637369,1,0.024297,1,0.001869,1,149.415987572337,1,4.87048413937151,246,1,22.7320003509521,37.0019989013672,0.0242970008403063,0.0112140001729131,144.084396362305,-87.1332,25.9172,33.7763436885018,63,63,63,63,61,63,0.001869,8046,1.33458767306251,26,-87,0.001869,51,2023-09-17 13:29:14.001437,246,1.037,0.0011,"aoml_navis",1026.59198899377
"7901009",11,0,1,0.022428,1,0,1,148.916252515258,1,4.87034384880083,248,1,22.6469993591309,36.9970016479492,0.0224280003458261,0.00934499967843294,143.602493286133,-87.1332,25.9172,33.7763436885018,63,63,63,63,61,63,0,8046,1.33458767306251,26,-87,0.001869,51,2023-09-17 13:29:14.001437,248,1.037,0.0011,"aoml_navis",1026.62156004264
"7901009",11,0,1,0.022428,1,0,1,148.825204591807,1,4.87013158072565,250,1,22.4990005493164,36.9879989624023,0.0224280003458261,0.00934499967843294,143.514694213867,-87.1332,25.9172,33.7763436885018,63,63,63,63,61,63,0,8046,1.33458767306251,26,-87,0.001869,51,2023-09-17 13:29:14.001437,250,1.037,0.0011,"aoml_navis",1026.666306058
"7901009",11,0.00140043253637369,1,0.024297,1,0.001869,1,149.038425093806,1,4.86986662246849,252,1,22.3040008544922,36.976001739502,0.0242970008403063,0.0112140001729131,143.720306396484,-87.1332,25.9172,33.7763436885018,63,63,63,63,61,63,0.001869,8046,1.33458767306251,26,-87,0.001869,51,2023-09-17 13:29:14.001437,252,1.037,0.0011,"aoml_navis",1026.72216461353
"7901009",11,-0.00280086507274739,1,0.01869,1,-0.003738,1,148.887849487348,1,4.86961495513245,254,1,22.1229991912842,36.9659996032715,0.0186899993568659,0.00560700008645654,143.575103759766,-87.1332,25.9172,33.7763436885018,63,63,63,63,61,63,-0.003738,8046,1.33458767306251,26,-87,0.001869,51,2023-09-17 13:29:14.001437,254,1.037,0.0011,"aoml_navis",1026.77522680312
"7901009",11,-0.00140043253637369,1,0.020559,1,-0.001869,1,148.581302490299,1,4.86941911258112,256,1,21.9769992828369,36.9539985656738,0.020558999851346,0.00747600011527538,143.279495239258,-87.1332,25.9172,33.7763436885018,63,63,63,63,61,63,-0.001869,8046,1.33458767306251,26,-87,0.001869,51,2023-09-17 13:29:14.001437,256,1.037,0.0011,"aoml_navis",1026.81652254609
"7901009",11,-0.00280086507274739,1,0.01869,1,-0.003738,1,148.355344140128,1,4.86930194308144,258,1,21.9020004272461,36.9469985961914,0.0186899993568659,0.00560700008645654,143.061599731445,-87.1332,25.9172,33.7763436885018,63,63,63,63,61,63,-0.003738,8046,1.33458767306251,26,-87,0.001869,51,2023-09-17 13:29:14.001437,258,1.037,0.0011,"aoml_navis",1026.8412307239
"7901009",11,-0.00280086507274739,1,0.01869,1,-0.003738,1,148.090396898163,1,4.86921555122569,260,1,21.8549995422363,36.9420013427734,0.0186899993568659,0.00560700008645654,142.806106567383,-87.1332,25.9172,33.7763436885018,63,63,63,63,61,63,-0.003738,8046,1.33458767306251,26,-87,0.001869,51,2023-09-17 13:29:14.001437,260,1.037,0.0011,"aoml_navis",1026.85944941201
"7901009",11,-0.00420129760912108,1,0.016821,1,-0.005607,1,147.705967058009,1,4.86908616894138,262,1,21.7679996490479,36.9339981079102,0.0168210007250309,0.00373800005763769,142.435394287109,-87.1332,25.9172,33.7763436885018,63,63,63,63,61,63,-0.005607,8046,1.33458767306251,26,-87,0.001869,51,2023-09-17 13:29:14.001437,262,1.037,0.0011,"aoml_navis",1026.88673531672
"7901009",11,-0.00140043253637369,1,0.020559,1,-0.001869,1,147.816303722977,1,4.86886202598784,264,1,21.5860004425049,36.9169998168945,0.020558999851346,0.00747600011527538,142.541793823242,-87.1332,25.9172,33.7763436885018,63,63,63,63,61,63,-0.001869,8046,1.33458767306251,26,-87,0.001869,51,2023-09-17 13:29:14.001437,264,1.037,0.0011,"aoml_navis",1026.93400907896
"7901009",11,-0.00140043253637369,1,0.020559,1,-0.001869,1,147.855814787429,1,4.86869717488462,266,1,21.4610004425049,36.9049987792969,0.020558999851346,0.00747600011527538,142.579895019531,-87.1332,25.9172,33.7763436885018,63,63,63,63,61,63,-0.001869,8046,1.33458767306251,26,-87,0.001869,51,2023-09-17 13:29:14.001437,266,1.037,0.0011,"aoml_navis",1026.96878043529
"7901009",11,-0.00140043253637369,1,0.020559,1,-0.001869,1,147.726395085325,1,4.86861821695331,268,1,21.4190006256104,36.9000015258789,0.020558999851346,0.00747600011527538,142.455093383789,-87.1332,25.9172,33.7763436885018,63,63,63,63,61,63,-0.001869,8046,1.33458767306251,26,-87,0.001869,51,2023-09-17 13:29:14.001437,268,1.037,0.0011,"aoml_navis",1026.98543553676
"7901009",11,-0.00700216268186846,4,0.013083,1,-0.009345,1,147.407521648865,1,4.86853667226327,270,1,21.375,36.8950004577637,0.0130829997360706,0,142.147598266602,-87.1332,25.9172,33.7763436885018,63,63,63,63,61,63,-0.009345,8046,1.33458767306251,26,-87,0.001869,51,2023-09-17 13:29:14.001437,270,1.037,0.0011,"aoml_navis",1027.00263684686
"7901009",11,-0.00560173014549477,1,0.014952,1,-0.007476,1,147.253417421112,1,4.86843713734143,272,1,21.3120002746582,36.8880004882812,0.0149520002305508,0.00186900002881885,141.998992919922,-87.1332,25.9172,33.7763436885018,63,63,63,63,61,63,-0.007476,8046,1.33458767306251,26,-87,0.001869,51,2023-09-17 13:29:14.001437,272,1.037,0.0011,"aoml_navis",1027.02363385766
"7901009",11,0,1,0.01869,1,-0.003738,1,147.106591963743,1,4.86835329423579,274,1,21.257999420166,36.8800010681152,0.0186899993568659,0,141.857406616211,-87.1332,25.9172,33.7763436885018,63,63,63,63,61,63,0,8046,1.33458767306251,26,-87,0.001869,51,2023-09-17 13:29:14.001437,274,1.037,0.0011,"aoml_navis",1027.04132132729
"7901009",11,0,1,0.013083,1,-0.009345,1,147.574063079926,1,4.86815356946603,276,1,21.1000003814697,36.8660011291504,0.0130829997360706,0,142.308197021484,-87.1332,25.9172,33.7763436885018,63,63,63,63,61,63,0,8046,1.33458767306251,26,-87,0.001869,51,2023-09-17 13:29:14.001437,276,1.037,0.0011,"aoml_navis",1027.08345754763
"7901009",11,0,1,0.013083,1,-0.009345,1,147.77016264811,1,4.86800778662483,278,1,20.9850006103516,36.8530006408691,0.0130829997360706,0,142.497299194336,-87.1332,25.9172,33.7763436885018,63,63,63,63,61,63,0,8046,1.33458767306251,26,-87,0.001869,51,2023-09-17 13:29:14.001437,278,1.037,0.0011,"aoml_navis",1027.11421574506
"7901009",11,0,1,0.014952,1,-0.007476,1,147.979538060537,1,4.86788452176757,280,1,20.8950004577637,36.8429985046387,0.0149520002305508,0,142.699203491211,-87.1332,25.9172,33.7763436885018,63,63,63,63,61,63,0,8046,1.33458767306251,26,-87,0.001869,51,2023-09-17 13:29:14.001437,280,1.037,0.0011,"aoml_navis",1027.14022439145
"7901009",11,0,1,0.020559,1,-0.001869,1,148.095476214018,1,4.86779430413242,282,1,20.8409996032715,36.8370018005371,0.020558999851346,0,142.811004638672,-87.1332,25.9172,33.7763436885018,63,63,63,63,61,63,0,8046,1.33458767306251,26,-87,0.001869,51,2023-09-17 13:29:14.001437,282,1.037,0.0011,"aoml_navis",1027.15926097275
"7901009",11,0,4,0.011214,1,-0.011214,1,148.368509220474,1,4.86767708094142,284,1,20.757999420166,36.8279991149902,0.0112140001729131,0,143.074295043945,-87.1332,25.9172,33.7763436885018,63,63,63,63,61,63,0,8046,1.33458767306251,26,-87,0.001869,51,2023-09-17 13:29:14.001437,284,1.037,0.0011,"aoml_navis",1027.18399697808
"7901009",11,0,1,0.016821,1,-0.005607,1,148.55372227991,1,4.86756626139168,286,1,20.6879997253418,36.8219985961914,0.0168210007250309,0,143.252899169922,-87.1332,25.9172,33.7763436885018,63,63,63,63,61,63,0,8046,1.33458767306251,26,-87,0.001869,51,2023-09-17 13:29:14.001437,286,1.037,0.0011,"aoml_navis",1027.20738280622
"7901009",11,0,1,0.016821,1,-0.005607,1,148.643836621943,1,4.86745862080033,288,1,20.6119995117188,36.8129997253418,0.0168210007250309,0,143.339797973633,-87.1332,25.9172,33.7763436885018,63,63,63,63,61,63,0,8046,1.33458767306251,26,-87,0.001869,51,2023-09-17 13:29:14.001437,288,1.037,0.0011,"aoml_navis",1027.23009881035
"7901009",11,0,1,0.01869,1,-0.003738,1,148.883276520737,1,4.86732406270045,290,1,20.503999710083,36.7999992370605,0.0186899993568659,0,143.570693969727,-87.1332,25.9172,33.7763436885018,63,63,63,63,61,63,0,8046,1.33458767306251,26,-87,0.001869,51,2023-09-17 13:29:14.001437,290,1.037,0.0011,"aoml_navis",1027.25849678189
"7901009",11,0,1,0.016821,1,-0.005607,1,149.224555911247,1,4.86717054577019,292,1,20.3810005187988,36.7869987487793,0.0168210007250309,0,143.899795532227,-87.1332,25.9172,33.7763436885018,63,63,63,63,61,63,0,8046,1.33458767306251,26,-87,0.001869,51,2023-09-17 13:29:14.001437,292,1.037,0.0011,"aoml_navis",1027.29089785959
"7901009",11,0,1,0.01869,1,-0.003738,1,149.357820702923,1,4.86705965568474,294,1,20.298999786377,36.7770004272461,0.0186899993568659,0,144.028305053711,-87.1332,25.9172,33.7763436885018,63,63,63,63,61,63,0,8046,1.33458767306251,26,-87,0.001869,51,2023-09-17 13:29:14.001437,294,1.037,0.0011,"aoml_navis",1027.31430344397
"7901009",11,0,1,0.014952,1,-0.007476,1,149.672548404947,1,4.86689736202448,296,1,20.1599998474121,36.7610015869141,0.0149520002305508,0,144.331802368164,-87.1332,25.9172,33.7763436885018,63,63,63,63,61,63,0,8046,1.33458767306251,26,-87,0.001869,51,2023-09-17 13:29:14.001437,296,1.037,0.0011,"aoml_navis",1027.34856071018
"7901009",11,0,1,0.014952,1,-0.007476,1,149.859106454563,1,4.8667782093766,298,1,20.0709991455078,36.7509994506836,0.0149520002305508,0,144.511703491211,-87.1332,25.9172,33.7763436885018,63,63,63,63,61,63,0,8046,1.33458767306251,26,-87,0.001869,51,2023-09-17 13:29:14.001437,298,1.037,0.0011,"aoml_navis",1027.3737131408
"7901009",11,0,1,0.013083,1,-0.009345,1,149.956167275287,1,4.86670375710413,300,1,20.0279998779297,36.7449989318848,0.0130829997360706,0,144.60530090332,-87.1332,25.9172,33.7763436885018,63,63,63,63,61,63,0,8046,1.33458767306251,26,-87,0.001869,51,2023-09-17 13:29:14.001437,300,1.037,0.0011,"aoml_navis",1027.38943020752
"7901009",11,0,1,0.014952,1,-0.007476,1,149.957512265467,1,4.86663320858316,302,1,19.988000869751,36.7389984130859,0.0149520002305508,0,144.606597900391,-87.1332,25.9172,33.7763436885018,63,63,63,63,61,63,0,8046,1.33458767306251,26,-87,0.001869,51,2023-09-17 13:29:14.001437,302,1.037,0.0011,"aoml_navis",1027.40432362596
"7901009",11,0,1,0.01869,1,-0.003738,1,149.92308051687,1,4.86655298896259,304.100006103516,1,19.9419994354248,36.7330017089844,0.0186899993568659,0,144.573394775391,-87.1332,25.9172,33.7763436885018,63,63,63,63,61,63,0,8046,1.33458767306251,26,-87,0.001869,51,2023-09-17 13:29:14.001437,304.100006103516,1.037,0.0011,"aoml_navis",1027.42125922395
"7901009",11,0,1,0.016821,1,-0.005607,1,149.854533487952,1,4.8664546688842,306,1,19.8700008392334,36.7239990234375,0.0168210007250309,0,144.507293701172,-87.1332,25.9172,33.7763436885018,63,63,63,63,61,63,0,8046,1.33458767306251,26,-87,0.001869,51,2023-09-17 13:29:14.001437,306,1.037,0.0011,"aoml_navis",1027.44201686901
"7901009",11,0,1,0.014952,1,-0.007476,1,149.769609225672,1,4.86636104009877,308,1,19.8059997558594,36.7159996032715,0.0149520002305508,0,144.425399780273,-87.1332,25.9172,33.7763436885018,63,63,63,63,61,63,0,8046,1.33458767306251,26,-87,0.001869,51,2023-09-17 13:29:14.001437,308,1.037,0.0011,"aoml_navis",1027.46178485321
"7901009",11,0,1,0.016821,1,-0.005607,1,149.667674793473,1,4.86628554013691,310,1,19.7590007781982,36.7089996337891,0.0168210007250309,0,144.327102661133,-87.1332,25.9172,33.7763436885018,63,63,63,63,61,63,0,8046,1.33458767306251,26,-87,0.001869,51,2023-09-17 13:29:14.001437,310,1.037,0.0011,"aoml_navis",1027.47772582604
"7901009",11,0,1,0.013083,1,-0.009345,1,149.698989329536,1,4.86618837747666,312,1,19.6919994354248,36.701000213623,0.0130829997360706,0,144.357299804688,-87.1332,25.9172,33.7763436885018,63,63,63,63,61,63,0,8046,1.33458767306251,26,-87,0.001869,51,2023-09-17 13:29:14.001437,312,1.037,0.0011,"aoml_navis",1027.49824136334
"7901009",11,0,1,0.016821,1,-0.005607,1,149.921640586207,1,4.86608036867909,314,1,19.6019992828369,36.6879997253418,0.0168210007250309,0,144.572006225586,-87.1332,25.9172,33.7763436885018,63,63,63,63,61,63,0,8046,1.33458767306251,26,-87,0.001869,51,2023-09-17 13:29:14.001437,314,1.037,0.0011,"aoml_navis",1027.5210479841
"7901009",11,0,1,0.013083,1,-0.009345,1,150.201620071355,1,4.86597288223737,315.899993896484,1,19.5219993591309,36.6790008544922,0.0130829997360706,0,144.841995239258,-87.1332,25.9172,33.7763436885018,63,63,63,63,61,63,0,8046,1.33458767306251,26,-87,0.001869,51,2023-09-17 13:29:14.001437,315.899993896484,1.037,0.0011,"aoml_navis",1027.54374531183
"7901009",11,0,1,0.014952,1,-0.007476,1,150.481931848195,1,4.865885134477,317.899993896484,1,19.4619998931885,36.6710014343262,0.0149520002305508,0,145.1123046875,-87.1332,25.9172,33.7763436885018,63,63,63,63,61,63,0,8046,1.33458767306251,26,-87,0.001869,51,2023-09-17 13:29:14.001437,317.899993896484,1.037,0.0011,"aoml_navis",1027.56227527295
"7901009",11,0,1,0.020559,1,-0.001869,1,150.686322885251,1,4.86580944551402,320,1,19.4160003662109,36.6640014648438,0.020558999851346,0,145.30940246582,-87.1332,25.9172,33.7763436885018,63,63,63,63,61,63,0,8046,1.33458767306251,26,-87,0.001869,51,2023-09-17 13:29:14.001437,320,1.037,0.0011,"aoml_navis",1027.57825927805
"7901009",11,0,1,0.013083,1,-0.009345,1,151.241835476249,1,4.86568610856817,322,1,19.3129997253418,36.6510009765625,0.0130829997360706,0,145.845092773438,-87.1332,25.9172,33.7763436885018,63,63,63,63,61,63,0,8046,1.33458767306251,26,-87,0.001869,51,2023-09-17 13:29:14.001437,322,1.037,0.0011,"aoml_navis",1027.60430665581
"7901009",11,0,1,0.014952,1,-0.007476,1,151.820592662232,1,4.86557206094845,324,1,19.2199993133545,36.6389999389648,0.0149520002305508,0,146.403198242188,-87.1332,25.9172,33.7763436885018,63,63,63,63,61,63,0,8046,1.33458767306251,26,-87,0.001869,51,2023-09-17 13:29:14.001437,324,1.037,0.0011,"aoml_navis",1027.62839340732
"7901009",11,0,1,0.016821,1,-0.005607,1,152.063149773561,1,4.86550947535971,326,1,19.19700050354,36.6370010375977,0.0168210007250309,0,146.637100219727,-87.1332,25.9172,33.7763436885018,63,63,63,63,61,63,0,8046,1.33458767306251,26,-87,0.001869,51,2023-09-17 13:29:14.001437,326,1.037,0.0011,"aoml_navis",1027.64161190547
"7901009",11,0,1,0.01869,1,-0.003738,1,152.184784356037,1,4.86545801372441,328,1,19.1800003051758,36.6339988708496,0.0186899993568659,0,146.75439453125,-87.1332,25.9172,33.7763436885018,63,63,63,63,61,63,0,8046,1.33458767306251,26,-87,0.001869,51,2023-09-17 13:29:14.001437,328,1.037,0.0011,"aoml_navis",1027.65248120446
"7901009",11,0,1,0.013083,1,-0.009345,1,152.259771514403,1,4.86539880984626,330,1,19.1509990692139,36.6290016174316,0.0130829997360706,0,146.826705932617,-87.1332,25.9172,33.7763436885018,63,63,63,63,61,63,0,8046,1.33458767306251,26,-87,0.001869,51,2023-09-17 13:29:14.001437,330,1.037,0.0011,"aoml_navis",1027.66498604006
"7901009",11,0,1,0.014952,1,-0.007476,1,152.355787989811,1,4.86529302463053,332,1,19.0699996948242,36.6189994812012,0.0149520002305508,0,146.919296264648,-87.1332,25.9172,33.7763436885018,63,63,63,63,61,63,0,8046,1.33458767306251,26,-87,0.001869,51,2023-09-17 13:29:14.001437,332,1.037,0.0011,"aoml_navis",1027.68733038021
"7901009",11,0,1,0.013083,1,-0.009345,1,152.447880258578,1,4.86517849155212,334,1,18.9729995727539,36.6059989929199,0.0130829997360706,0,147.008102416992,-87.1332,25.9172,33.7763436885018,63,63,63,63,61,63,0,8046,1.33458767306251,26,-87,0.001869,51,2023-09-17 13:29:14.001437,334,1.037,0.0011,"aoml_navis",1027.71152357143
"7901009",11,0,1,0.013083,1,-0.009345,1,152.327274198004,1,4.86511951177908,336,1,18.9440002441406,36.601001739502,0.0130829997360706,0,146.891799926758,-87.1332,25.9172,33.7763436885018,63,63,63,63,61,63,0,8046,1.33458767306251,26,-87,0.001869,51,2023-09-17 13:29:14.001437,336,1.037,0.0011,"aoml_navis",1027.72398250328
"7901009",11,0,1,0.014952,1,-0.007476,1,152.029240197621,1,4.86507438830801,338,1,18.931999206543,36.5979995727539,0.0149520002305508,0,146.604400634766,-87.1332,25.9172,33.7763436885018,63,63,63,63,61,63,0,8046,1.33458767306251,26,-87,0.001869,51,2023-09-17 13:29:14.001437,338,1.037,0.0011,"aoml_navis",1027.73351462338
"7901009",11,0,1,0.016821,1,-0.005607,1,151.737219094512,1,4.86501307617765,340,1,18.9039993286133,36.5940017700195,0.0168210007250309,0,146.322799682617,-87.1332,25.9172,33.7763436885018,63,63,63,63,61,63,0,8046,1.33458767306251,26,-87,0.001869,51,2023-09-17 13:29:14.001437,340,1.037,0.0011,"aoml_navis",1027.74646680465
"7901009",11,0,1,0.013083,1,-0.009345,1,151.453695164655,1,4.86495294717536,342,1,18.8740005493164,36.5890007019043,0.0130829997360706,0,146.049392700195,-87.1332,25.9172,33.7763436885018,63,63,63,63,61,63,0,8046,1.33458767306251,26,-87,0.001869,51,2023-09-17 13:29:14.001437,342,1.037,0.0011,"aoml_navis",1027.75916936731
"7901009",11,0,1,0.016821,1,-0.005607,1,151.440941493069,1,4.86488402535137,344,1,18.8309993743896,36.5820007324219,0.0168210007250309,0,146.037094116211,-87.1332,25.9172,33.7763436885018,63,63,63,63,61,63,0,8046,1.33458767306251,26,-87,0.001869,51,2023-09-17 13:29:14.001437,344,1.037,0.0011,"aoml_navis",1027.77372984526
"7901009",11,0,1,0.013083,1,-0.009345,1,151.229920445599,1,4.86482899607068,346,1,18.8080005645752,36.5779991149902,0.0130829997360706,0,145.833602905273,-87.1332,25.9172,33.7763436885018,63,63,63,63,61,63,0,8046,1.33458767306251,26,-87,0.001869,51,2023-09-17 13:29:14.001437,346,1.037,0.0011,"aoml_navis",1027.78535566995
"7901009",11,0,1,0.01869,1,-0.003738,1,151.074787695944,1,4.86476017915613,348,1,18.7649993896484,36.5709991455078,0.0186899993568659,0,145.684005737305,-87.1332,25.9172,33.7763436885018,63,63,63,63,61,63,0,8046,1.33458767306251,26,-87,0.001869,51,2023-09-17 13:29:14.001437,348,1.037,0.0011,"aoml_navis",1027.7998947252
"7901009",11,0,1,0.014952,1,-0.007476,1,151.078300493825,1,4.86465658924632,350,1,18.6760005950928,36.5579986572266,0.0149520002305508,0,145.687393188477,-87.1332,25.9172,33.7763436885018,63,63,63,63,61,63,0,8046,1.33458767306251,26,-87,0.001869,51,2023-09-17 13:29:14.001437,350,1.037,0.0011,"aoml_navis",1027.8217811002
"7901009",11,0,1,0.016821,1,-0.005607,1,150.900144676978,1,4.86458172505686,352,1,18.6219997406006,36.548999786377,0.0168210007250309,0,145.515594482422,-87.1332,25.9172,33.7763436885018,63,63,63,63,61,63,0,8046,1.33458767306251,26,-87,0.001869,51,2023-09-17 13:29:14.001437,352,1.037,0.0011,"aoml_navis",1027.83759891331
"7901009",11,0,1,0.016821,1,-0.005607,1,150.766690004335,1,4.86450213699303,354,1,18.5669994354248,36.5410003662109,0.0168210007250309,0,145.386901855469,-87.1332,25.9172,33.7763436885018,63,63,63,63,61,63,0,8046,1.33458767306251,26,-87,0.001869,51,2023-09-17 13:29:14.001437,354,1.037,0.0011,"aoml_navis",1027.85441535251
"7901009",11,0,4,0.009345,1,-0.013083,1,150.544355215942,1,4.86443238609918,356,1,18.5170001983643,36.5320014953613,0.00934499967843294,0,145.172500610352,-87.1332,25.9172,33.7763436885018,63,63,63,63,61,63,0,8046,1.33458767306251,26,-87,0.001869,51,2023-09-17 13:29:14.001437,356,1.037,0.0011,"aoml_navis",1027.86915371426
"7901009",11,0,1,0.016821,1,-0.005607,1,150.249739072957,1,4.86438005915347,358,1,18.496000289917,36.5279998779297,0.0168210007250309,0,144.888397216797,-87.1332,25.9172,33.7763436885018,63,63,63,63,61,63,0,8046,1.33458767306251,26,-87,0.001869,51,2023-09-17 13:29:14.001437,358,1.037,0.0011,"aoml_navis",1027.88021067378
"7901009",11,0,1,0.016821,1,-0.005607,1,150.342859863626,1,4.86426396407688,360,1,18.3929996490479,36.5139999389648,0.0168210007250309,0,144.97819519043,-87.1332,25.9172,33.7763436885018,63,63,63,63,61,63,0,8046,1.33458767306251,26,-87,0.001869,51,2023-09-17 13:29:14.001437,360,1.037,0.0011,"aoml_navis",1027.90474302496
"7901009",11,0,1,0.016821,1,-0.005607,1,150.241969776743,1,4.86418850191264,362,1,18.3409996032715,36.5060005187988,0.0168210007250309,0,144.880905151367,-87.1332,25.9172,33.7763436885018,63,63,63,63,61,63,0,8046,1.33458767306251,26,-87,0.001869,51,2023-09-17 13:29:14.001437,362,1.037,0.0011,"aoml_navis",1027.92068975821
"7901009",11,0,1,0.016821,1,-0.005607,1,150.156823986668,1,4.86410341744201,364,1,18.2779998779297,36.4970016479492,0.0168210007250309,0,144.798797607422,-87.1332,25.9172,33.7763436885018,63,63,63,63,61,63,0,8046,1.33458767306251,26,-87,0.001869,51,2023-09-17 13:29:14.001437,364,1.037,0.0011,"aoml_navis",1027.93867047947
"7901009",11,0,1,0.013083,1,-0.009345,1,149.934900607036,1,4.86400879204214,366,1,18.201000213623,36.4860000610352,0.0130829997360706,0,144.58479309082,-87.1332,25.9172,33.7763436885018,63,63,63,63,61,63,0,8046,1.33458767306251,26,-87,0.001869,51,2023-09-17 13:29:14.001437,366,1.037,0.0011,"aoml_navis",1027.95866820396
"7901009",11,0,1,0.013083,1,-0.009345,1,149.382710932953,1,4.86393128384343,368,1,18.1350002288818,36.4739990234375,0.0130829997360706,0,144.052307128906,-87.1332,25.9172,33.7763436885018,63,63,63,63,61,63,0,8046,1.33458767306251,26,-87,0.001869,51,2023-09-17 13:29:14.001437,368,1.037,0.0011,"aoml_navis",1027.97504903257
"7901009",11,0,1,0.020559,1,-0.001869,1,148.817530236076,1,4.86386236003855,370,1,18.0879993438721,36.4659996032715,0.020558999851346,0,143.507293701172,-87.1332,25.9172,33.7763436885018,63,63,63,63,61,63,0,8046,1.33458767306251,26,-87,0.001869,51,2023-09-17 13:29:14.001437,370,1.037,0.0011,"aoml_navis",1027.9896160467
"7901009",11,0,1,0.013083,1,-0.009345,1,148.348397661436,1,4.86380676209533,372,1,18.048999786377,36.4570007324219,0.0130829997360706,0,143.054901123047,-87.1332,25.9172,33.7763436885018,63,63,63,63,61,63,0,8046,1.33458767306251,26,-87,0.001869,51,2023-09-17 13:29:14.001437,372,1.037,0.0011,"aoml_navis",1028.00136694699
"7901009",11,0,1,0.014952,1,-0.007476,1,148.019144065473,1,4.86373558045681,374,1,18.0030002593994,36.4500007629395,0.0149520002305508,0,142.737396240234,-87.1332,25.9172,33.7763436885018,63,63,63,63,61,63,0,8046,1.33458767306251,26,-87,0.001869,51,2023-09-17 13:29:14.001437,374,1.037,0.0011,"aoml_navis",1028.01641193052
"7901009",11,0,1,0.014952,1,-0.007476,1,147.788929216969,1,4.86366329257236,376,1,17.9529991149902,36.4420013427734,0.0149520002305508,0,142.515396118164,-87.1332,25.9172,33.7763436885018,63,63,63,63,61,63,0,8046,1.33458767306251,26,-87,0.001869,51,2023-09-17 13:29:14.001437,376,1.037,0.0011,"aoml_navis",1028.03169118139
"7901009",11,0,1,0.01869,1,-0.003738,1,147.542432075585,1,4.86357564650773,378,1,17.8780002593994,36.4300003051758,0.0186899993568659,0,142.277694702148,-87.1332,25.9172,33.7763436885018,63,63,63,63,61,63,0,8046,1.33458767306251,26,-87,0.001869,51,2023-09-17 13:29:14.001437,378,1.037,0.0011,"aoml_navis",1028.05021724916
"7901009",11,0,1,0.014952,1,-0.007476,1,147.451494916031,1,4.8634846381726,380,1,17.7999992370605,36.4179992675781,0.0149520002305508,0,142.190002441406,-87.1332,25.9172,33.7763436885018,63,63,63,63,61,63,0,8046,1.33458767306251,26,-87,0.001869,51,2023-09-17 13:29:14.001437,380,1.037,0.0011,"aoml_navis",1028.06945471893
"7901009",11,0,1,0.014952,1,-0.007476,1,147.239429523245,1,4.86340448742284,382,1,17.7369995117188,36.4080009460449,0.0149520002305508,0,141.985504150391,-87.1332,25.9172,33.7763436885018,63,63,63,63,61,63,0,8046,1.33458767306251,26,-87,0.001869,51,2023-09-17 13:29:14.001437,382,1.037,0.0011,"aoml_navis",1028.08639769331
"7901009",11,0,1,0.011214,1,-0.011214,1,147.03565559933,1,4.86332921006763,384,1,17.6809997558594,36.398998260498,0.0112140001729131,0,141.789001464844,-87.1332,25.9172,33.7763436885018,63,63,63,63,61,63,0,8046,1.33458767306251,26,-87,0.001869,51,2023-09-17 13:29:14.001437,384,1.037,0.0011,"aoml_navis",1028.102310995
"7901009",11,0,1,0.014952,1,-0.007476,1,146.906441601606,1,4.86324909754082,385.899993896484,1,17.613000869751,36.3880004882812,0.0149520002305508,0,141.664398193359,-87.1332,25.9172,33.7763436885018,63,63,63,63,61,63,0,8046,1.33458767306251,26,-87,0.001869,51,2023-09-17 13:29:14.001437,385.899993896484,1.037,0.0011,"aoml_navis",1028.11924697181
"7901009",11,0,1,0.013083,1,-0.009345,1,146.980479355139,1,4.86315565734209,388,1,17.5340003967285,36.3759994506836,0.0130829997360706,0,141.735794067383,-87.1332,25.9172,33.7763436885018,63,63,63,63,61,63,0,8046,1.33458767306251,26,-87,0.001869,51,2023-09-17 13:29:14.001437,388,1.037,0.0011,"aoml_navis",1028.1390011548
"7901009",11,0,1,0.014952,1,-0.007476,1,147.317929479491,1,4.86308774623848,390,1,17.4899997711182,36.3689994812012,0.0149520002305508,0,142.06120300293,-87.1332,25.9172,33.7763436885018,63,63,63,63,61,63,0,8046,1.33458767306251,26,-87,0.001869,51,2023-09-17 13:29:14.001437,390,1.037,0.0011,"aoml_navis",1028.15335871071
"7901009",11,0,1,0.016821,1,-0.005607,1,147.854580561146,1,4.86302084204003,392,1,17.4559993743896,36.3650016784668,0.0168210007250309,0,142.578704833984,-87.1332,25.9172,33.7763436885018,63,63,63,63,61,63,0,8046,1.33458767306251,26,-87,0.001869,51,2023-09-17 13:29:14.001437,392,1.037,0.0011,"aoml_navis",1028.16750378197
"7901009",11,0,1,0.01869,1,-0.003738,1,148.029002052318,1,4.86295643318885,394,1,17.4209995269775,36.3600006103516,0.0186899993568659,0,142.74690246582,-87.1332,25.9172,33.7763436885018,63,63,63,63,61,63,0,8046,1.33458767306251,26,-87,0.001869,51,2023-09-17 13:29:14.001437,394,1.037,0.0011,"aoml_navis",1028.1811216477
"7901009",11,0,1,0.016821,1,-0.005607,1,148.077848930958,1,4.86289206973913,396,1,17.3859996795654,36.3549995422363,0.0168210007250309,0,142.794006347656,-87.1332,25.9172,33.7763436885018,63,63,63,63,61,63,0,8046,1.33458767306251,26,-87,0.001869,51,2023-09-17 13:29:14.001437,396,1.037,0.0011,"aoml_navis",1028.19473027462
"7901009",11,0,1,0.020559,1,-0.001869,1,147.978193070358,1,4.86281636025846,398,1,17.3290004730225,36.3460006713867,0.020558999851346,0,142.697906494141,-87.1332,25.9172,33.7763436885018,63,63,63,63,61,63,0,8046,1.33458767306251,26,-87,0.001869,51,2023-09-17 13:29:14.001437,398,1.037,0.0011,"aoml_navis",1028.21073830027
"7901009",11,0,1,0.01869,1,-0.003738,1,147.601864818109,1,4.86276160317112,400,1,17.298999786377,36.3400001525879,0.0186899993568659,0,142.335006713867,-87.1332,25.9172,33.7763436885018,63,63,63,63,61,63,0,8046,1.33458767306251,26,-87,0.001869,51,2023-09-17 13:29:14.001437,400,1.037,0.0011,"aoml_navis",1028.2223164589
"7901009",11,0,1,0.014952,1,-0.007476,1,147.160723862618,1,4.8627011166815,402,1,17.2609996795654,36.3330001831055,0.0149520002305508,0,141.909606933594,-87.1332,25.9172,33.7763436885018,63,63,63,63,61,63,0,8046,1.33458767306251,26,-87,0.001869,51,2023-09-17 13:29:14.001437,402,1.037,0.0011,"aoml_navis",1028.23510637894
"7901009",11,0,1,0.013083,1,-0.009345,1,146.746023831716,1,4.86261655155547,404,1,17.1900005340576,36.3219985961914,0.0130829997360706,0,141.509704589844,-87.1332,25.9172,33.7763436885018,63,63,63,63,61,63,0,8046,1.33458767306251,26,-87,0.001869,51,2023-09-17 13:29:14.001437,404,1.037,0.0011,"aoml_navis",1028.25298828068
"7901009",11,0,1,0.013083,1,-0.009345,1,146.247222356055,1,4.86251878747452,406,1,17.0919990539551,36.3059997558594,0.0130829997360706,0,141.028701782227,-87.1332,25.9172,33.7763436885018,63,63,63,63,61,63,0,8046,1.33458767306251,26,-87,0.001869,51,2023-09-17 13:29:14.001437,406,1.037,0.0011,"aoml_navis",1028.27366197116
"7901009",11,0,1,0.013083,1,-0.009345,1,145.699479061272,1,4.86243379845492,408,1,17.0139999389648,36.2929992675781,0.0130829997360706,0,140.500503540039,-87.1332,25.9172,33.7763436885018,63,63,63,63,61,63,0,8046,1.33458767306251,26,-87,0.001869,51,2023-09-17 13:29:14.001437,408,1.037,0.0011,"aoml_navis",1028.29163485759
"7901009",11,0,1,0.013083,1,-0.009345,1,145.253148026029,1,4.86232891316294,410,1,16.9029998779297,36.2750015258789,0.0130829997360706,0,140.070098876953,-87.1332,25.9172,33.7763436885018,63,63,63,63,61,63,0,8046,1.33458767306251,26,-87,0.001869,51,2023-09-17 13:29:14.001437,410,1.037,0.0011,"aoml_navis",1028.31381613538
"7901009",11,0,1,0.016821,1,-0.005607,1,144.736513562928,1,4.86227232850854,412,1,16.871000289917,36.2690010070801,0.0168210007250309,0,139.571899414062,-87.1332,25.9172,33.7763436885018,63,63,63,63,61,63,0,8046,1.33458767306251,26,-87,0.001869,51,2023-09-17 13:29:14.001437,412,1.037,0.0011,"aoml_navis",1028.325783129
"7901009",11,0,1,0.014952,1,-0.007476,1,144.172076566504,1,4.86218786620054,414,1,16.7959995269775,36.2569999694824,0.0149520002305508,0,139.027603149414,-87.1332,25.9172,33.7763436885018,63,63,63,63,61,63,0,8046,1.33458767306251,26,-87,0.001869,51,2023-09-17 13:29:14.001437,414,1.037,0.0011,"aoml_navis",1028.34364643897
"7901009",11,0,1,0.01869,1,-0.003738,1,143.78475104161,1,4.86210823301734,416,1,16.7250003814697,36.2449989318848,0.0186899993568659,0,138.654098510742,-87.1332,25.9172,33.7763436885018,63,63,63,63,61,63,0,8046,1.33458767306251,26,-87,0.001869,51,2023-09-17 13:29:14.001437,416,1.037,0.0011,"aoml_navis",1028.36048898424
"7901009",11,0,1,0.01869,1,-0.003738,1,143.307421938581,1,4.86204416430172,418,1,16.6800003051758,36.2369995117188,0.0186899993568659,0,138.193801879883,-87.1332,25.9172,33.7763436885018,63,63,63,63,61,63,0,8046,1.33458767306251,26,-87,0.001869,51,2023-09-17 13:29:14.001437,418,1.037,0.0011,"aoml_navis",1028.37404002028
"7901009",11,0,1,0.014952,1,-0.007476,1,142.84232433448,1,4.86198114185705,420,1,16.6389999389648,36.2299995422363,0.0149520002305508,0,137.745300292969,-87.1332,25.9172,33.7763436885018,63,63,63,63,61,63,0,8046,1.33458767306251,26,-87,0.001869,51,2023-09-17 13:29:14.001437,420,1.037,0.0011,"aoml_navis",1028.38737011025
"7901009",11,0,1,0.016821,1,-0.005607,1,142.217426073629,1,4.86191740551306,422,1,16.5909996032715,36.2210006713867,0.0168210007250309,0,137.142700195312,-87.1332,25.9172,33.7763436885018,63,63,63,63,61,63,0,8046,1.33458767306251,26,-87,0.001869,51,2023-09-17 13:29:14.001437,422,1.037,0.0011,"aoml_navis",1028.40085155095
"7901009",11,0,1,0.01869,1,-0.003738,1,141.646976179931,1,4.86182179790969,424,1,16.496000289917,36.2060012817383,0.0186899993568659,0,136.59260559082,-87.1332,25.9172,33.7763436885018,63,63,63,63,61,63,0,8046,1.33458767306251,26,-87,0.001869,51,2023-09-17 13:29:14.001437,424,1.037,0.0011,"aoml_navis",1028.42107502783
"7901009",11,0,1,0.016821,1,-0.005607,1,141.360762269715,1,4.86174321492318,426,1,16.4220008850098,36.193000793457,0.0168210007250309,0,136.316604614258,-87.1332,25.9172,33.7763436885018,63,63,63,63,61,63,0,8046,1.33458767306251,26,-87,0.001869,51,2023-09-17 13:29:14.001437,426,1.037,0.0011,"aoml_navis",1028.43769795419
"7901009",11,0,1,0.016821,1,-0.005607,1,140.828573390773,1,4.86168969985415,428,1,16.3889999389648,36.1860008239746,0.0168210007250309,0,135.803405761719,-87.1332,25.9172,33.7763436885018,63,63,63,63,61,63,0,8046,1.33458767306251,26,-87,0.001869,51,2023-09-17 13:29:14.001437,428,1.037,0.0011,"aoml_navis",1028.44901848631
"7901009",11,0,1,0.020559,1,-0.001869,1,140.399553170312,1,4.86158466444892,430,1,16.2849998474121,36.1710014343262,0.020558999851346,0,135.389694213867,-87.1332,25.9172,33.7763436885018,63,63,63,63,61,63,0,8046,1.33458767306251,26,-87,0.001869,51,2023-09-17 13:29:14.001437,430,1.037,0.0011,"aoml_navis",1028.47123831109
"7901009",11,0,1,0.016821,1,-0.005607,1,140.069381816344,1,4.86151777987685,432,1,16.2240009307861,36.1590003967285,0.0168210007250309,0,135.071304321289,-87.1332,25.9172,33.7763436885018,63,63,63,63,61,63,0,8046,1.33458767306251,26,-87,0.001869,51,2023-09-17 13:29:14.001437,432,1.037,0.0011,"aoml_navis",1028.48538797829
"7901009",11,0,1,0.01869,1,-0.003738,1,139.827141173293,1,4.86145120553585,434,1,16.1760005950928,36.1510009765625,0.0186899993568659,0,134.837707519531,-87.1332,25.9172,33.7763436885018,63,63,63,63,61,63,0,8046,1.33458767306251,26,-87,0.001869,51,2023-09-17 13:29:14.001437,434,1.037,0.0011,"aoml_navis",1028.49947240165
"7901009",11,0,1,0.01869,1,-0.003738,1,139.332691136449,1,4.86139349412086,436,1,16.1389999389648,36.1440010070801,0.0186899993568659,0,134.360900878906,-87.1332,25.9172,33.7763436885018,63,63,63,63,61,63,0,8046,1.33458767306251,26,-87,0.001869,51,2023-09-17 13:29:14.001437,436,1.037,0.0011,"aoml_navis",1028.51168210242
"7901009",11,0,1,0.014952,1,-0.007476,1,138.927643388012,1,4.86132308688137,438,1,16.0809993743896,36.1339988708496,0.0149520002305508,0,133.970306396484,-87.1332,25.9172,33.7763436885018,63,63,63,63,61,63,0,8046,1.33458767306251,26,-87,0.001869,51,2023-09-17 13:29:14.001437,438,1.037,0.0011,"aoml_navis",1028.52657818462
"7901009",11,0,1,0.013083,1,-0.009345,1,138.413382436994,1,4.86126489707434,440,1,16.0370006561279,36.125,0.0130829997360706,0,133.474395751953,-87.1332,25.9172,33.7763436885018,63,63,63,63,61,63,0,8046,1.33458767306251,26,-87,0.001869,51,2023-09-17 13:29:14.001437,440,1.037,0.0011,"aoml_navis",1028.5388897464
"7901009",11,0,1,0.016821,1,-0.005607,1,137.852679766244,1,4.86119134696272,442,1,15.9759998321533,36.1150016784668,0.0168210007250309,0,132.933700561523,-87.1332,25.9172,33.7763436885018,63,63,63,63,61,63,0,8046,1.33458767306251,26,-87,0.001869,51,2023-09-17 13:29:14.001437,442,1.037,0.0011,"aoml_navis",1028.55445160043
"7901009",11,0,1,0.016821,1,-0.005607,1,137.428960389432,1,4.86109475196264,444,1,15.8780002593994,36.0999984741211,0.0168210007250309,0,132.525100708008,-87.1332,25.9172,33.7763436885018,63,63,63,63,61,63,0,8046,1.33458767306251,26,-87,0.001869,51,2023-09-17 13:29:14.001437,444,1.037,0.0011,"aoml_navis",1028.57489004535
"7901009",11,0,1,0.01869,1,-0.003738,1,136.91594948811,1,4.86101798581782,446,1,15.8039999008179,36.0870018005371,0.0186899993568659,0,132.030395507812,-87.1332,25.9172,33.7763436885018,63,63,63,63,61,63,0,8046,1.33458767306251,26,-87,0.001869,51,2023-09-17 13:29:14.001437,446,1.037,0.0011,"aoml_navis",1028.59113350077
"7901009",11,0,1,0.016821,1,-0.005607,1,136.606617570218,1,4.86090996614996,448,1,15.6820001602173,36.068000793457,0.0168210007250309,0,131.73210144043,-87.1332,25.9172,33.7763436885018,63,63,63,63,61,63,0,8046,1.33458767306251,26,-87,0.001869,51,2023-09-17 13:29:14.001437,448,1.037,0.0011,"aoml_navis",1028.61399096437
"7901009",11,0,1,0.01869,1,-0.003738,1,136.56141007677,1,4.86082797021609,450,1,15.6059999465942,36.0559997558594,0.0186899993568659,0,131.688507080078,-87.1332,25.9172,33.7763436885018,63,63,63,63,61,63,0,8046,1.33458767306251,26,-87,0.001869,51,2023-09-17 13:29:14.001437,450,1.037,0.0011,"aoml_navis",1028.63134236321
"7901009",11,0,1,0.016821,1,-0.005607,1,136.423588141897,1,4.86078671150981,452,1,15.5930004119873,36.0519981384277,0.0168210007250309,0,131.555603027344,-87.1332,25.9172,33.7763436885018,63,63,63,63,61,63,0,8046,1.33458767306251,26,-87,0.001869,51,2023-09-17 13:29:14.001437,452,1.037,0.0011,"aoml_navis",1028.64007345983
"7901009",11,0,4,0.011214,1,-0.011214,1,136.196474682513,1,4.8607314039966,454,1,15.5640001296997,36.0470008850098,0.0112140001729131,0,131.33659362793,-87.1332,25.9172,33.7763436885018,63,63,63,63,61,63,0,8046,1.33458767306251,26,-87,0.001869,51,2023-09-17 13:29:14.001437,454,1.037,0.0011,"aoml_navis",1028.65177777338
"7901009",11,0,1,0.014952,1,-0.007476,1,136.009916632897,1,4.86067834683112,456,1,15.5369997024536,36.0419998168945,0.0149520002305508,0,131.156692504883,-87.1332,25.9172,33.7763436885018,63,63,63,63,61,63,0,8046,1.33458767306251,26,-87,0.001869,51,2023-09-17 13:29:14.001437,456,1.037,0.0011,"aoml_navis",1028.66300611307
"7901009",11,0,1,0.01869,1,-0.003738,1,135.789354066859,1,4.86061462446487,458,1,15.4969997406006,36.0359992980957,0.0186899993568659,0,130.944000244141,-87.1332,25.9172,33.7763436885018,63,63,63,63,61,63,0,8046,1.33458767306251,26,-87,0.001869,51,2023-09-17 13:29:14.001437,458,1.037,0.0011,"aoml_navis",1028.67649182339
"7901009",11,0,1,0.016821,1,-0.005607,1,135.47068633478,1,4.86056933771117,460,1,15.4770002365112,36.0309982299805,0.0168210007250309,0,130.636703491211,-87.1332,25.9172,33.7763436885018,63,63,63,63,61,63,0,8046,1.33458767306251,26,-87,0.001869,51,2023-09-17 13:29:14.001437,460,1.037,0.0011,"aoml_navis",1028.68607617775
"7901009",11,0,1,0.01869,1,-0.003738,1,135.139043403321,1,4.86049528360095,462,1,15.41100025177,36.0200004577637,0.0186899993568659,0,130.31689453125,-87.1332,25.9172,33.7763436885018,63,63,63,63,61,63,0,8046,1.33458767306251,26,-87,0.001869,51,2023-09-17 13:29:14.001437,462,1.037,0.0011,"aoml_navis",1028.70174915502
"7901009",11,0,1,0.014952,1,-0.007476,1,134.942231781513,1,4.86042326768948,464,1,15.3500003814697,36.0099983215332,0.0149520002305508,0,130.127105712891,-87.1332,25.9172,33.7763436885018,63,63,63,63,61,63,0,8046,1.33458767306251,26,-87,0.001869,51,2023-09-17 13:29:14.001437,464,1.037,0.0011,"aoml_navis",1028.7169912214
"7901009",11,0,1,0.020559,1,-0.001869,1,134.67986375601,1,4.86033496365122,466,1,15.2639999389648,35.9970016479492,0.020558999851346,0,129.874099731445,-87.1332,25.9172,33.7763436885018,63,63,63,63,61,63,0,8046,1.33458767306251,26,-87,0.001869,51,2023-09-17 13:29:14.001437,466,1.037,0.0011,"aoml_navis",1028.73568126339
"7901009",11,0,1,0.020559,1,-0.001869,1,134.527943159372,1,4.86024298923917,468,1,15.1709995269775,35.9830017089844,0.020558999851346,0,129.727600097656,-87.1332,25.9172,33.7763436885018,63,63,63,63,61,63,0,8046,1.33458767306251,26,-87,0.001869,51,2023-09-17 13:29:14.001437,468,1.037,0.0011,"aoml_navis",1028.75514888253
"7901009",11,0,1,0.022428,1,0,1,134.279990263911,1,4.86017299334789,470,1,15.1180000305176,35.9749984741211,0.0224280003458261,0,129.488494873047,-87.1332,25.9172,33.7763436885018,63,63,63,63,61,63,0,8046,1.33458767306251,26,-87,0.001869,51,2023-09-17 13:29:14.001437,470,1.037,0.0011,"aoml_navis",1028.76996494641
"7901009",11,0,4,0.014952,1,-0.007476,1,134.317950633803,1,4.86009053509248,472,1,15.039999961853,35.9630012512207,0.0149520002305508,0,129.525100708008,-87.1332,25.9172,33.7763436885018,63,63,63,63,61,63,0,8046,1.33458767306251,26,-87,0.001869,51,2023-09-17 13:29:14.001437,472,1.037,0.0011,"aoml_navis",1028.78741947239
"7901009",11,0,1,0.022428,1,0,1,134.212582520793,1,4.86003801596909,474,1,15.0129995346069,35.9580001831055,0.0224280003458261,0,129.423492431641,-87.1332,25.9172,33.7763436885018,63,63,63,63,61,63,0,8046,1.33458767306251,26,-87,0.001869,51,2023-09-17 13:29:14.001437,474,1.037,0.0011,"aoml_navis",1028.79853687791
"7901009",11,0,4,0.014952,1,-0.007476,1,134.029141683711,1,4.85998945927256,476,1,14.9930000305176,35.9539985656738,0.0149520002305508,0,129.246597290039,-87.1332,25.9172,33.7763436885018,63,63,63,63,61,63,0,8046,1.33458767306251,26,-87,0.001869,51,2023-09-17 13:29:14.001437,476,1.037,0.0011,"aoml_navis",1028.80881571879
"7901009",11,0,1,0.020559,1,-0.001869,1,133.744177823191,1,4.85994198242919,478,1,14.9739999771118,35.9500007629395,0.020558999851346,0,128.971801757812,-87.1332,25.9172,33.7763436885018,63,63,63,63,61,63,0,8046,1.33458767306251,26,-87,0.001869,51,2023-09-17 13:29:14.001437,478,1.037,0.0011,"aoml_navis",1028.81886616696
"7901009",11,0,1,0.020559,1,-0.001869,1,133.471761929876,1,4.85988032059975,480,1,14.9250001907349,35.9410018920898,0.020558999851346,0,128.709106445312,-87.1332,25.9172,33.7763436885018,63,63,63,63,61,63,0,8046,1.33458767306251,26,-87,0.001869,51,2023-09-17 13:29:14.001437,480,1.037,0.0011,"aoml_navis",1028.83191975043
"7901009",11,0,1,0.01869,1,-0.003738,1,133.342437168255,1,4.85980236646431,482,1,14.8540000915527,35.9300003051758,0.0186899993568659,0,128.584396362305,-87.1332,25.9172,33.7763436885018,63,63,63,63,61,63,0,8046,1.33458767306251,26,-87,0.001869,51,2023-09-17 13:29:14.001437,482,1.037,0.0011,"aoml_navis",1028.84842282953
"7901009",11,0,1,0.016821,1,-0.005607,1,133.252528530603,1,4.85971948806365,484,1,14.7849998474121,35.9210014343262,0.0168210007250309,0,128.497695922852,-87.1332,25.9172,33.7763436885018,63,63,63,63,61,63,0,8046,1.33458767306251,26,-87,0.001869,51,2023-09-17 13:29:14.001437,484,1.037,0.0011,"aoml_navis",1028.86596896815
"7901009",11,0,1,0.01869,1,-0.003738,1,133.073961304996,1,4.85966528431584,486,1,14.746000289917,35.9129981994629,0.0186899993568659,0,128.325500488281,-87.1332,25.9172,33.7763436885018,63,63,63,63,61,63,0,8046,1.33458767306251,26,-87,0.001869,51,2023-09-17 13:29:14.001437,486,1.037,0.0011,"aoml_navis",1028.87744473618
"7901009",11,0,1,0.022428,1,0,1,132.720339651661,1,4.85960385063695,488,1,14.7069997787476,35.9070014953613,0.0224280003458261,0,127.984497070312,-87.1332,25.9172,33.7763436885018,63,63,63,63,61,63,0,8046,1.33458767306251,26,-87,0.001869,51,2023-09-17 13:29:14.001437,488,1.037,0.0011,"aoml_navis",1028.89045150144
"7901009",11,0,1,0.016821,1,-0.005607,1,132.360396544482,1,4.85955273993942,490,1,14.6809997558594,35.9020004272461,0.0168210007250309,0,127.637397766113,-87.1332,25.9172,33.7763436885018,63,63,63,63,61,63,0,8046,1.33458767306251,26,-87,0.001869,51,2023-09-17 13:29:14.001437,490,1.037,0.0011,"aoml_navis",1028.90127293121
"7901009",11,0,1,0.01869,1,-0.003738,1,131.982723302054,1,4.85949184907237,492,1,14.6389999389648,35.8950004577637,0.0186899993568659,0,127.27320098877,-87.1332,25.9172,33.7763436885018,63,63,63,63,61,63,0,8046,1.33458767306251,26,-87,0.001869,51,2023-09-17 13:29:14.001437,492,1.037,0.0011,"aoml_navis",1028.91416536782
"7901009",11,0,1,0.01869,1,-0.003738,1,131.565428231277,1,4.85940921335693,494,1,14.5559997558594,35.8819999694824,0.0186899993568659,0,126.870796203613,-87.1332,25.9172,33.7763436885018,63,63,63,63,61,63,0,8046,1.33458767306251,26,-87,0.001869,51,2023-09-17 13:29:14.001437,494,1.037,0.0011,"aoml_navis",1028.93166236271
"7901009",11,0,1,0.020559,1,-0.001869,1,131.466705952095,1,4.85932656269748,496,1,14.4589996337891,35.8650016784668,0.020558999851346,0,126.775596618652,-87.1332,25.9172,33.7763436885018,63,63,63,63,61,63,0,8046,1.33458767306251,26,-87,0.001869,51,2023-09-17 13:29:14.001437,496,1.037,0.0011,"aoml_navis",1028.94916311705
"7901009",11,0,1,0.020559,1,-0.001869,1,131.163695488047,1,4.8592726675072,498,1,14.4370002746582,35.8619995117188,0.020558999851346,0,126.4833984375,-87.1332,25.9172,33.7763436885018,63,63,63,63,61,63,0,8046,1.33458767306251,26,-87,0.001869,51,2023-09-17 13:29:14.001437,498,1.037,0.0011,"aoml_navis",1028.96057540335
"7901009",11,0,1,0.01869,1,-0.003738,1,130.925909136003,1,4.85922122844256,500,1,14.4069995880127,35.8559989929199,0.0186899993568659,0,126.254096984863,-87.1332,25.9172,33.7763436885018,63,63,63,63,61,63,0,8046,1.33458767306251,26,-87,0.001869,51,2023-09-17 13:29:14.001437,500,1.037,0.0011,"aoml_navis",1028.97146784209
"7901009",11,0,1,0.01869,1,-0.003738,1,130.655771814286,1,4.85916934576703,502,1,14.3800001144409,35.851001739502,0.0186899993568659,0,125.993598937988,-87.1332,25.9172,33.7763436885018,63,63,63,63,61,63,0,8046,1.33458767306251,26,-87,0.001869,51,2023-09-17 13:29:14.001437,502,1.037,0.0011,"aoml_navis",1028.98245445091
"7901009",11,0,1,0.01869,1,-0.003738,1,130.321130345898,1,4.85910089888835,504,1,14.3199996948242,35.8409996032715,0.0186899993568659,0,125.6708984375,-87.1332,25.9172,33.7763436885018,63,63,63,63,61,63,0,8046,1.33458767306251,26,-87,0.001869,51,2023-09-17 13:29:14.001437,504,1.037,0.0011,"aoml_navis",1028.99694903308
"7901009",11,0,1,0.024297,1,0.001869,1,129.94490494584,1,4.85904586490329,506,1,14.2829999923706,35.8339996337891,0.0242970008403063,0,125.308097839355,-87.1332,25.9172,33.7763436885018,63,63,63,63,61,63,0,8046,1.33458767306251,26,-87,0.001869,51,2023-09-17 13:29:14.001437,506,1.037,0.0011,"aoml_navis",1029.00860354392
"7901009",11,0,1,0.01869,1,-0.003738,1,129.786662895357,1,4.85895814310518,508,1,14.1940002441406,35.8209991455078,0.0186899993568659,0,125.155502319336,-87.1332,25.9172,33.7763436885018,63,63,63,63,61,63,0,8046,1.33458767306251,26,-87,0.001869,51,2023-09-17 13:29:14.001437,508,1.037,0.0011,"aoml_navis",1029.02718087723
"7901009",11,0,1,0.01869,1,-0.003738,1,129.684514847071,1,4.85889806232923,510,1,14.1520004272461,35.8139991760254,0.0186899993568659,0,125.056999206543,-87.1332,25.9172,33.7763436885018,63,63,63,63,61,63,0,8046,1.33458767306251,26,-87,0.001869,51,2023-09-17 13:29:14.001437,510,1.037,0.0011,"aoml_navis",1029.03990490451
"7901009",11,0,4,0.013083,1,-0.009345,1,129.455858604834,1,4.85884385483618,512,1,14.1260004043579,35.810001373291,0.0130829997360706,0,124.836502075195,-87.1332,25.9172,33.7763436885018,63,63,63,63,61,63,0,8046,1.33458767306251,26,-87,0.001869,51,2023-09-17 13:29:14.001437,512,1.037,0.0011,"aoml_navis",1029.05138534619
"7901009",11,0,1,0.020559,1,-0.001869,1,129.112189878829,1,4.85879072983812,514,1,14.1009998321533,35.8059997558594,0.020558999851346,0,124.505096435547,-87.1332,25.9172,33.7763436885018,63,63,63,63,61,63,0,8046,1.33458767306251,26,-87,0.001869,51,2023-09-17 13:29:14.001437,514,1.037,0.0011,"aoml_navis",1029.06263677806
"7901009",11,0,1,0.01869,1,-0.003738,1,128.851799780061,1,4.85872922035916,516,1,14.0539999008179,35.7980003356934,0.0186899993568659,0,124.253997802734,-87.1332,25.9172,33.7763436885018,63,63,63,63,61,63,0,8046,1.33458767306251,26,-87,0.001869,51,2023-09-17 13:29:14.001437,516,1.037,0.0011,"aoml_navis",1029.07566428046
"7901009",11,0,1,0.014952,1,-0.007476,1,128.532404170943,1,4.85866936775396,518,1,14.0120000839233,35.7910003662109,0.0149520002305508,0,123.945999145508,-87.1332,25.9172,33.7763436885018,63,63,63,63,61,63,0,8046,1.33458767306251,26,-87,0.001869,51,2023-09-17 13:29:14.001437,518,1.037,0.0011,"aoml_navis",1029.08834117918
"7901009",11,0,1,0.020559,1,-0.001869,1,128.166653870871,1,4.85861842058991,520,1,13.9820003509521,35.7849998474121,0.020558999851346,0,123.593299865723,-87.1332,25.9172,33.7763436885018,63,63,63,63,61,63,0,8046,1.33458767306251,26,-87,0.001869,51,2023-09-17 13:29:14.001437,520,1.037,0.0011,"aoml_navis",1029.09913213414
"7901009",11,0,1,0.014952,1,-0.007476,1,127.57690732395,1,4.85855454123161,522,1,13.9289999008179,35.7760009765625,0.0149520002305508,0,123.024597167969,-87.1332,25.9172,33.7763436885018,63,63,63,63,61,63,0,8046,1.33458767306251,26,-87,0.001869,51,2023-09-17 13:29:14.001437,522,1.037,0.0011,"aoml_navis",1029.11266253533
"7901009",11,0,1,0.01869,1,-0.003738,1,127.175071728531,1,4.85846971428471,524,1,13.831000328064,35.7599983215332,0.0186899993568659,0,122.637100219727,-87.1332,25.9172,33.7763436885018,63,63,63,63,61,63,0,8046,1.33458767306251,26,-87,0.001869,51,2023-09-17 13:29:14.001437,524,1.037,0.0011,"aoml_navis",1029.1306304327
"7901009",11,0,1,0.020559,1,-0.001869,1,126.669845946836,1,4.8583786285719,526,1,13.7229995727539,35.7430000305176,0.020558999851346,0,122.14990234375,-87.1332,25.9172,33.7763436885018,63,63,63,63,61,63,0,8046,1.33458767306251,26,-87,0.001869,51,2023-09-17 13:29:14.001437,526,1.037,0.0011,"aoml_navis",1029.14992474963
"7901009",11,0,1,0.01869,1,-0.003738,1,126.271428208814,1,4.85829249545961,528,1,13.6300001144409,35.7290000915527,0.0186899993568659,0,121.765701293945,-87.1332,25.9172,33.7763436885018,63,63,63,63,61,63,0,8046,1.33458767306251,26,-87,0.001869,51,2023-09-17 13:29:14.001437,528,1.037,0.0011,"aoml_navis",1029.16817064284
"7901009",11,0,1,0.01869,1,-0.003738,1,125.945600381955,1,4.85821170283711,530,1,13.548999786377,35.7169990539551,0.0186899993568659,0,121.451499938965,-87.1332,25.9172,33.7763436885018,63,63,63,63,61,63,0,8046,1.33458767306251,26,-87,0.001869,51,2023-09-17 13:29:14.001437,530,1.037,0.0011,"aoml_navis",1029.18528582855
"7901009",11,0,1,0.020559,1,-0.001869,1,125.598102389791,1,4.85814338512817,532,1,13.4799995422363,35.7050018310547,0.020558999851346,0,121.116401672363,-87.1332,25.9172,33.7763436885018,63,63,63,63,61,63,0,8046,1.33458767306251,26,-87,0.001869,51,2023-09-17 13:29:14.001437,532,1.037,0.0011,"aoml_navis",1029.19975876095
"7901009",11,0,1,0.01869,1,-0.003738,1,125.172515850142,1,4.85808333126061,534,1,13.4440002441406,35.7000007629395,0.0186899993568659,0,120.706001281738,-87.1332,25.9172,33.7763436885018,63,63,63,63,61,63,0,8046,1.33458767306251,26,-87,0.001869,51,2023-09-17 13:29:14.001437,534,1.037,0.0011,"aoml_navis",1029.2124813558
"7901009",11,0,1,0.024297,1,0.001869,1,124.570846360864,1,4.85803161646511,536,1,13.4090003967285,35.693000793457,0.0242970008403063,0,120.125801086426,-87.1332,25.9172,33.7763436885018,63,63,63,63,61,63,0,8046,1.33458767306251,26,-87,0.001869,51,2023-09-17 13:29:14.001437,536,1.037,0.0011,"aoml_navis",1029.22343754489
"7901009",11,0,1,0.024297,1,0.001869,1,123.638269728872,1,4.85797082644175,538,1,13.3649997711182,35.6860008239746,0.0242970008403063,0,119.226501464844,-87.1332,25.9172,33.7763436885018,63,63,63,63,61,63,0,8046,1.33458767306251,26,-87,0.001869,51,2023-09-17 13:29:14.001437,538,1.037,0.0011,"aoml_navis",1029.23631669116
"7901009",11,0,1,0.020559,1,-0.001869,1,122.621694504312,1,4.85790991711882,540,1,13.3100004196167,35.6759986877441,0.020558999851346,0,118.246200561523,-87.1332,25.9172,33.7763436885018,63,63,63,63,61,63,0,8046,1.33458767306251,26,-87,0.001869,51,2023-09-17 13:29:14.001437,540,1.037,0.0011,"aoml_navis",1029.24922143584
"7901009",11,0,1,0.026166,1,0.003738,1,122.198908708919,1,4.85780347233397,542,1,13.1879997253418,35.6599998474121,0.0261659994721413,0,117.838500976562,-87.1332,25.9172,33.7763436885018,63,63,63,63,61,63,0,8046,1.33458767306251,26,-87,0.001869,51,2023-09-17 13:29:14.001437,542,1.037,0.0011,"aoml_navis",1029.27177447088
"7901009",11,0,1,0.026166,1,0.003738,1,122.250754124488,1,4.85773482730323,544,1,13.1140003204346,35.6469993591309,0.0261659994721413,0,117.888496398926,-87.1332,25.9172,33.7763436885018,63,63,63,63,61,63,0,8046,1.33458767306251,26,-87,0.001869,51,2023-09-17 13:29:14.001437,544,1.037,0.0011,"aoml_navis",1029.28631919082
"7901009",11,0,1,0.026166,1,0.003738,1,122.392516089417,1,4.85763603977685,546,1,12.9949998855591,35.6300010681152,0.0261659994721413,0,118.025199890137,-87.1332,25.9172,33.7763436885018,63,63,63,63,61,63,0,8046,1.33458767306251,26,-87,0.001869,51,2023-09-17 13:29:14.001437,546,1.037,0.0011,"aoml_navis",1029.30725131677
"7901009",11,0,1,0.020559,1,-0.001869,1,122.666909909467,1,4.85757629621409,548,1,12.9329996109009,35.6180000305176,0.020558999851346,0,118.28980255127,-87.1332,25.9172,33.7763436885018,63,63,63,63,61,63,0,8046,1.33458767306251,26,-87,0.001869,51,2023-09-17 13:29:14.001437,548,1.037,0.0011,"aoml_navis",1029.31991081579
"7901009",11,0,1,0.022428,1,0,1,123.004454974302,1,4.85748802956692,550,1,12.8199996948242,35.5999984741211,0.0224280003458261,0,118.615303039551,-87.1332,25.9172,33.7763436885018,63,63,63,63,61,63,0,8046,1.33458767306251,26,-87,0.001869,51,2023-09-17 13:29:14.001437,550,1.037,0.0011,"aoml_navis",1029.338614849
"7901009",11,0,1,0.020559,1,-0.001869,1,122.976455443445,1,4.85743589804501,552,1,12.7799997329712,35.5919990539551,0.020558999851346,0,118.588302612305,-87.1332,25.9172,33.7763436885018,63,63,63,63,61,63,0,8046,1.33458767306251,26,-87,0.001869,51,2023-09-17 13:29:14.001437,552,1.037,0.0011,"aoml_navis",1029.34966203308
"7901009",11,0,1,0.031773,1,0.009345,1,122.955196686901,1,4.85737852096483,554,1,12.7419996261597,35.5859985351562,0.0317730009555817,0,118.567802429199,-87.1332,25.9172,33.7763436885018,63,63,63,63,61,63,0,8046,1.33458767306251,26,-87,0.001869,51,2023-09-17 13:29:14.001437,554,1.037,0.0011,"aoml_navis",1029.36182107686
"7901009",11,0,1,0.024297,1,0.001869,1,122.876277410187,1,4.8573316437602,556,1,12.7220001220703,35.5820007324219,0.0242970008403063,0,118.49169921875,-87.1332,25.9172,33.7763436885018,63,63,63,63,61,63,0,8046,1.33458767306251,26,-87,0.001869,51,2023-09-17 13:29:14.001437,556,1.037,0.0011,"aoml_navis",1029.37175525642
"7901009",11,0,1,0.024297,1,0.001869,1,122.712742427763,1,4.85727927437769,558,1,12.6890001296997,35.576000213623,0.0242970008403063,0,118.333999633789,-87.1332,25.9172,33.7763436885018,63,63,63,63,61,63,0,8046,1.33458767306251,26,-87,0.001869,51,2023-09-17 13:29:14.001437,558,1.037,0.0011,"aoml_navis",1029.38285356067
"7901009",11,0,1,0.01869,1,-0.003738,1,122.366075164827,1,4.85722775395632,560,1,12.6420001983643,35.5660018920898,0.0186899993568659,0,117.999702453613,-87.1332,25.9172,33.7763436885018,63,63,63,63,61,63,0,8046,1.33458767306251,26,-87,0.001869,51,2023-09-17 13:29:14.001437,560,1.037,0.0011,"aoml_navis",1029.39377218361
"7901009",11,0,1,0.022428,1,0,1,122.10475148464,1,4.85714042927864,562,1,12.53600025177,35.5499992370605,0.0224280003458261,0,117.747703552246,-87.1332,25.9172,33.7763436885018,63,63,63,63,61,63,0,8046,1.33458767306251,26,-87,0.001869,51,2023-09-17 13:29:14.001437,562,1.037,0.0011,"aoml_navis",1029.41227926214
"7901009",11,0,1,0.022428,1,0,1,121.964025953321,1,4.85705674961881,564,1,12.4370002746582,35.5349998474121,0.0224280003458261,0,117.611999511719,-87.1332,25.9172,33.7763436885018,63,63,63,63,61,63,0,8046,1.33458767306251,26,-87,0.001869,51,2023-09-17 13:29:14.001437,564,1.037,0.0011,"aoml_navis",1029.43001446141
"7901009",11,0,1,0.022428,1,0,1,121.64027099368,1,4.85700475999968,566,1,12.4040002822876,35.5289993286133,0.0224280003458261,0,117.299797058105,-87.1332,25.9172,33.7763436885018,63,63,63,63,61,63,0,8046,1.33458767306251,26,-87,0.001869,51,2023-09-17 13:29:14.001437,566,1.037,0.0011,"aoml_navis",1029.44103353119
"7901009",11,0,1,0.024297,1,0.001869,1,121.486483234205,1,4.85692693694629,568,1,12.3179998397827,35.515998840332,0.0242970008403063,0,117.151496887207,-87.1332,25.9172,33.7763436885018,63,63,63,63,61,63,0,8046,1.33458767306251,26,-87,0.001869,51,2023-09-17 13:29:14.001437,568,1.037,0.0011,"aoml_navis",1029.45752837362
"7901009",11,0,1,0.024297,1,0.001869,1,121.314134610251,1,4.85685564134582,570,1,12.246000289917,35.5050010681152,0.0242970008403063,0,116.985298156738,-87.1332,25.9172,33.7763436885018,63,63,63,63,61,63,0,8046,1.33458767306251,26,-87,0.001869,51,2023-09-17 13:29:14.001437,570,1.037,0.0011,"aoml_navis",1029.47264016571
"7901009",11,0,1,0.024297,1,0.001869,1,121.383512368397,1,4.85677012649113,572,1,12.1400003433228,35.4889984130859,0.0242970008403063,0,117.052200317383,-87.1332,25.9172,33.7763436885018,63,63,63,63,61,63,0,8046,1.33458767306251,26,-87,0.001869,51,2023-09-17 13:29:14.001437,572,1.037,0.0011,"aoml_navis",1029.49076645148
"7901009",11,0,1,0.024297,1,0.001869,1,121.336429800404,1,4.85671354631043,574,1,12.0979995727539,35.4819984436035,0.0242970008403063,0,117.006797790527,-87.1332,25.9172,33.7763436885018,63,63,63,63,61,63,0,8046,1.33458767306251,26,-87,0.001869,51,2023-09-17 13:29:14.001437,574,1.037,0.0011,"aoml_navis",1029.50275990611
"7901009",11,0,1,0.026166,1,0.003738,1,121.109435016624,1,4.85666542897766,576,1,12.0799999237061,35.4790000915527,0.0261659994721413,0,116.787902832031,-87.1332,25.9172,33.7763436885018,63,63,63,63,61,63,0,8046,1.33458767306251,26,-87,0.001869,51,2023-09-17 13:29:14.001437,576,1.037,0.0011,"aoml_navis",1029.51295968776
"7901009",11,0,1,0.01869,1,-0.003738,1,121.12363653058,1,4.85659104887439,578,1,12.003999710083,35.4679985046387,0.0186899993568659,0,116.801597595215,-87.1332,25.9172,33.7763436885018,63,63,63,63,61,63,0,8046,1.33458767306251,26,-87,0.001869,51,2023-09-17 13:29:14.001437,578,1.037,0.0011,"aoml_navis",1029.52872697792
"7901009",11,0,1,0.020559,1,-0.001869,1,121.069196075134,1,4.85652293814699,580,1,11.9420003890991,35.4589996337891,0.020558999851346,0,116.749099731445,-87.1332,25.9172,33.7763436885018,63,63,63,63,61,63,0,8046,1.33458767306251,26,-87,0.001869,51,2023-09-17 13:29:14.001437,580,1.037,0.0011,"aoml_navis",1029.54316569289
"7901009",11,0,1,0.022428,1,0,1,120.969437362343,1,4.85647302090852,582,1,11.9219999313354,35.4560012817383,0.0224280003458261,0,116.652900695801,-87.1332,25.9172,33.7763436885018,63,63,63,63,61,63,0,8046,1.33458767306251,26,-87,0.001869,51,2023-09-17 13:29:14.001437,582,1.037,0.0011,"aoml_navis",1029.55374784819
"7901009",11,0,1,0.020559,1,-0.001869,1,120.875897251206,1,4.85642662241425,584,1,11.8979997634888,35.451000213623,0.020558999851346,0,116.562698364258,-87.1332,25.9172,33.7763436885018,63,63,63,63,61,63,0,8046,1.33458767306251,26,-87,0.001869,51,2023-09-17 13:29:14.001437,584,1.037,0.0011,"aoml_navis",1029.56358424589
"7901009",11,0,1,0.022428,1,0,1,120.762554137602,1,4.85637170053731,586,1,11.8649997711182,35.4459991455078,0.0224280003458261,0,116.453399658203,-87.1332,25.9172,33.7763436885018,63,63,63,63,61,63,0,8046,1.33458767306251,26,-87,0.001869,51,2023-09-17 13:29:14.001437,586,1.037,0.0011,"aoml_navis",1029.57522782838
"7901009",11,0,1,0.020559,1,-0.001869,1,120.596321263112,1,4.85630814939987,588,1,11.8190002441406,35.439998626709,0.020558999851346,0,116.293098449707,-87.1332,25.9172,33.7763436885018,63,63,63,63,61,63,0,8046,1.33458767306251,26,-87,0.001869,51,2023-09-17 13:29:14.001437,588,1.037,0.0011,"aoml_navis",1029.58870116549
"7901009",11,0,1,0.026166,1,0.003738,1,120.502994768062,1,4.85625615389509,590,1,11.7889995574951,35.435001373291,0.0261659994721413,0,116.203102111816,-87.1332,25.9172,33.7763436885018,63,63,63,63,61,63,0,8046,1.33458767306251,26,-87,0.001869,51,2023-09-17 13:29:14.001437,590,1.037,0.0011,"aoml_navis",1029.59972488058
"7901009",11,0,1,0.024297,1,0.001869,1,120.243641102903,1,4.85621690350699,592,1,11.7840003967285,35.4329986572266,0.0242970008403063,0,115.953002929688,-87.1332,25.9172,33.7763436885018,63,63,63,63,61,63,0,8046,1.33458767306251,26,-87,0.001869,51,2023-09-17 13:29:14.001437,592,1.037,0.0011,"aoml_navis",1029.60804662353
"7901009",11,0,1,0.026166,1,0.003738,1,119.836409723351,1,4.85617264030052,594,1,11.7659997940063,35.4290008544922,0.0261659994721413,0,115.560302734375,-87.1332,25.9172,33.7763436885018,63,63,63,63,61,63,0,8046,1.33458767306251,26,-87,0.001869,51,2023-09-17 13:29:14.001437,594,1.037,0.0011,"aoml_navis",1029.61743132974
"7901009",11,0,1,0.026166,1,0.003738,1,119.719846545023,1,4.85608758332696,596,1,11.6660003662109,35.4150009155273,0.0261659994721413,0,115.447898864746,-87.1332,25.9172,33.7763436885018,63,63,63,63,61,63,0,8046,1.33458767306251,26,-87,0.001869,51,2023-09-17 13:29:14.001437,596,1.037,0.0011,"aoml_navis",1029.63546563022
"7901009",11,0,1,0.024297,1,0.001869,1,119.626100729505,1,4.85602898832586,598,1,11.621000289917,35.4080009460449,0.0242970008403063,0,115.357498168945,-87.1332,25.9172,33.7763436885018,63,63,63,63,61,63,0,8046,1.33458767306251,26,-87,0.001869,51,2023-09-17 13:29:14.001437,598,1.037,0.0011,"aoml_navis",1029.64788966875
"7901009",11,0,1,0.028035,1,0.005607,1,119.501348934495,1,4.85597161526313,600,1,11.585000038147,35.4029998779297,0.0280349999666214,0,115.237197875977,-87.1332,25.9172,33.7763436885018,63,63,63,63,61,63,0,8046,1.33458767306251,26,-87,0.001869,51,2023-09-17 13:29:14.001437,600,1.037,0.0011,"aoml_navis",1029.66005490727
"7901009",11,0,1,0.028035,1,0.005607,1,119.333668217635,1,4.85592281754027,602,1,11.5620002746582,35.398998260498,0.0280349999666214,0,115.075500488281,-87.1332,25.9172,33.7763436885018,63,63,63,63,61,63,0,8046,1.33458767306251,26,-87,0.001869,51,2023-09-17 13:29:14.001437,602,1.037,0.0011,"aoml_navis",1029.67040207874
"7901009",11,0,1,0.029904,1,0.007476,1,119.095881865591,1,4.85587290217858,604,1,11.5299997329712,35.3930015563965,0.0299040004611015,0,114.846199035645,-87.1332,25.9172,33.7763436885018,63,63,63,63,61,63,0,8046,1.33458767306251,26,-87,0.001869,51,2023-09-17 13:29:14.001437,604,1.037,0.0011,"aoml_navis",1029.68098645184
"7901009",11,0,1,0.026166,1,0.003738,1,119.101894762864,1,4.85579939685956,606,1,11.4569997787476,35.382999420166,0.0261659994721413,0,114.851997375488,-87.1332,25.9172,33.7763436885018,63,63,63,63,61,63,0,8046,1.33458767306251,26,-87,0.001869,51,2023-09-17 13:29:14.001437,606,1.037,0.0011,"aoml_navis",1029.6965733868
"7901009",11,0,1,0.024297,1,0.001869,1,119.007737538586,1,4.85574883649041,608,1,11.4320001602173,35.3790016174316,0.0242970008403063,0,114.761199951172,-87.1332,25.9172,33.7763436885018,63,63,63,63,61,63,0,8046,1.33458767306251,26,-87,0.001869,51,2023-09-17 13:29:14.001437,608,1.037,0.0011,"aoml_navis",1029.70729507786
"7901009",11,0,4,0.020559,1,-0.001869,1,118.849906896865,1,4.85570132251868,610,1,11.4219999313354,35.3779983520508,0.020558999851346,0,114.609001159668,-87.1332,25.9172,33.7763436885018,63,63,63,63,61,63,0,8046,1.33458767306251,26,-87,0.001869,51,2023-09-17 13:29:14.001437,610,1.037,0.0011,"aoml_navis",1029.71737096187
"7901009",11,0,1,0.028035,1,0.005607,1,118.615229845648,1,4.85565737496008,612,1,11.4079999923706,35.375,0.0280349999666214,0,114.382698059082,-87.1332,25.9172,33.7763436885018,63,63,63,63,61,63,0,8046,1.33458767306251,26,-87,0.001869,51,2023-09-17 13:29:14.001437,612,1.037,0.0011,"aoml_navis",1029.72669072251
"7901009",11,0,1,0.028035,1,0.005607,1,118.433656171403,1,4.85560866256947,614,1,11.3809995651245,35.3699989318848,0.0280349999666214,0,114.20760345459,-87.1332,25.9172,33.7763436885018,63,63,63,63,61,63,0,8046,1.33458767306251,26,-87,0.001869,51,2023-09-17 13:29:14.001437,614,1.037,0.0011,"aoml_navis",1029.73702113673
"7901009",11,0,1,0.024297,1,0.001869,1,118.398813014045,1,4.85554217817854,616,1,11.3229999542236,35.3619995117188,0.0242970008403063,0,114.174003601074,-87.1332,25.9172,33.7763436885018,63,63,63,63,61,63,0,8046,1.33458767306251,26,-87,0.001869,51,2023-09-17 13:29:14.001437,616,1.037,0.0011,"aoml_navis",1029.75112078537
"7901009",11,0,1,0.029904,1,0.007476,1,118.282044131336,1,4.85549087177909,618,1,11.3009996414185,35.359001159668,0.0299040004611015,0,114.061401367188,-87.1332,25.9172,33.7763436885018,63,63,63,63,61,63,0,8046,1.33458767306251,26,-87,0.001869,51,2023-09-17 13:29:14.001437,618,1.037,0.0011,"aoml_navis",1029.76200183195
"7901009",11,0,1,0.028035,1,0.005607,1,118.049542799527,1,4.85544705125163,620,1,11.2910003662109,35.3569984436035,0.0280349999666214,0,113.837196350098,-87.1332,25.9172,33.7763436885018,63,63,63,63,61,63,0,8046,1.33458767306251,26,-87,0.001869,51,2023-09-17 13:29:14.001437,620,1.037,0.0011,"aoml_navis",1029.771295459
"7901009",11,0,4,0.020559,1,-0.001869,1,117.866513371206,1,4.8553900512948,622,1,11.2469997406006,35.3499984741211,0.020558999851346,0,113.660697937012,-87.1332,25.9172,33.7763436885018,63,63,63,63,61,63,0,8046,1.33458767306251,26,-87,0.001869,51,2023-09-17 13:29:14.001437,622,1.037,0.0011,"aoml_navis",1029.78338448147
"7901009",11,0,1,0.026166,1,0.003738,1,117.737512989569,1,4.85533407711463,624,1,11.2080001831055,35.3440017700195,0.0261659994721413,0,113.53630065918,-87.1332,25.9172,33.7763436885018,63,63,63,63,61,63,0,8046,1.33458767306251,26,-87,0.001869,51,2023-09-17 13:29:14.001437,624,1.037,0.0011,"aoml_navis",1029.79525622495
"7901009",11,0,1,0.022428,1,0,1,117.565472922186,1,4.85528189158491,626,1,11.1770000457764,35.3390007019043,0.0224280003458261,0,113.370399475098,-87.1332,25.9172,33.7763436885018,63,63,63,63,61,63,0,8046,1.33458767306251,26,-87,0.001869,51,2023-09-17 13:29:14.001437,626,1.037,0.0011,"aoml_navis",1029.80632466797
"7901009",11,0,1,0.022428,1,0,1,117.444558305041,1,4.8552195836083,628,1,11.1269998550415,35.3320007324219,0.0224280003458261,0,113.253799438477,-87.1332,25.9172,33.7763436885018,63,63,63,63,61,63,0,8046,1.33458767306251,26,-87,0.001869,51,2023-09-17 13:29:14.001437,628,1.037,0.0011,"aoml_navis",1029.81954037269
"7901009",11,0,1,0.026166,1,0.003738,1,117.212064884939,1,4.8551693139662,630,1,11.0939998626709,35.326000213623,0.0261659994721413,0,113.029602050781,-87.1332,25.9172,33.7763436885018,63,63,63,63,61,63,0,8046,1.33458767306251,26,-87,0.001869,51,2023-09-17 13:29:14.001437,630,1.037,0.0011,"aoml_navis",1029.83020295856
"7901009",11,0,1,0.024297,1,0.001869,1,117.145068550582,1,4.85509801607119,632,1,11.0260000228882,35.3170013427734,0.0242970008403063,0,112.964996337891,-87.1332,25.9172,33.7763436885018,63,63,63,63,61,63,0,8046,1.33458767306251,26,-87,0.001869,51,2023-09-17 13:29:14.001437,632,1.037,0.0011,"aoml_navis",1029.84532618068
"7901009",11,0,1,0.026166,1,0.003738,1,117.173795958476,1,4.85502420434989,634,1,10.951000213623,35.306999206543,0.0261659994721413,0,112.992698669434,-87.1332,25.9172,33.7763436885018,63,63,63,63,61,63,0,8046,1.33458767306251,26,-87,0.001869,51,2023-09-17 13:29:14.001437,634,1.037,0.0011,"aoml_navis",1029.86098308639
"7901009",11,0,1,0.026166,1,0.003738,1,117.133770633073,1,4.85496147783995,636,1,10.8959999084473,35.298999786377,0.0261659994721413,0,112.9541015625,-87.1332,25.9172,33.7763436885018,63,63,63,63,61,63,0,8046,1.33458767306251,26,-87,0.001869,51,2023-09-17 13:29:14.001437,636,1.037,0.0011,"aoml_navis",1029.87428897676
"7901009",11,0,1,0.028035,1,0.005607,1,117.192253970764,1,4.85489519988478,638,1,10.8450002670288,35.2929992675781,0.0280349999666214,0,113.010498046875,-87.1332,25.9172,33.7763436885018,63,63,63,63,61,63,0,8046,1.33458767306251,26,-87,0.001869,51,2023-09-17 13:29:14.001437,638,1.037,0.0011,"aoml_navis",1029.88834859271
"7901009",11,0,1,0.024297,1,0.001869,1,117.157205109026,1,4.85485247536949,640,1,10.8280000686646,35.2890014648438,0.0242970008403063,0,112.976699829102,-87.1332,25.9172,33.7763436885018,63,63,63,63,61,63,0,8046,1.33458767306251,26,-87,0.001869,51,2023-09-17 13:29:14.001437,640,1.037,0.0011,"aoml_navis",1029.89741199489
"7901009",11,0,1,0.026166,1,0.003738,1,117.24648872183,1,4.85479078091512,642,1,10.789999961853,35.2849998474121,0.0261659994721413,0,113.062797546387,-87.1332,25.9172,33.7763436885018,63,63,63,63,61,63,0,8046,1.33458767306251,26,-87,0.001869,51,2023-09-17 13:29:14.001437,642,1.037,0.0011,"aoml_navis",1029.91049988307
"7901009",11,0,1,0.026166,1,0.003738,1,117.334221640073,1,4.85474168988953,644,1,10.7740001678467,35.2830009460449,0.0261659994721413,0,113.147399902344,-87.1332,25.9172,33.7763436885018,63,63,63,63,61,63,0,8046,1.33458767306251,26,-87,0.001869,51,2023-09-17 13:29:14.001437,644,1.037,0.0011,"aoml_navis",1029.92091431208
"7901009",11,0,1,0.026166,1,0.003738,1,117.381715616827,1,4.85469335341151,646,1,10.7749996185303,35.2849998474121,0.0261659994721413,0,113.193199157715,-87.1332,25.9172,33.7763436885018,63,63,63,63,61,63,0,8046,1.33458767306251,26,-87,0.001869,51,2023-09-17 13:29:14.001437,646,1.037,0.0011,"aoml_navis",1029.93116887319
"7901009",11,0,1,0.024297,1,0.001869,1,117.279884036818,1,4.85463975573033,648,1,10.753999710083,35.2830009460449,0.0242970008403063,0,113.095001220703,-87.1332,25.9172,33.7763436885018,63,63,63,63,61,63,0,8046,1.33458767306251,26,-87,0.001869,51,2023-09-17 13:29:14.001437,648,1.037,0.0011,"aoml_navis",1029.94253983482
"7901009",11,0,1,0.029904,1,0.007476,1,117.325819407305,1,4.85456762633057,650,1,10.6840000152588,35.273998260498,0.0299040004611015,0,113.139297485352,-87.1332,25.9172,33.7763436885018,63,63,63,63,61,63,0,8046,1.33458767306251,26,-87,0.001869,51,2023-09-17 13:29:14.001437,650,1.037,0.0011,"aoml_navis",1029.95784277072
"7901009",11,0,1,0.022428,1,0,1,117.346461050708,1,4.85451337694596,652,1,10.6499996185303,35.2690010070801,0.0224280003458261,0,113.159202575684,-87.1332,25.9172,33.7763436885018,63,63,63,63,61,63,0,8046,1.33458767306251,26,-87,0.001869,51,2023-09-17 13:29:14.001437,652,1.037,0.0011,"aoml_navis",1029.96935259154
"7901009",11,0,1,0.022428,1,0,1,117.267747478374,1,4.85445912289451,654,1,10.6199998855591,35.2649993896484,0.0224280003458261,0,113.083297729492,-87.1332,25.9172,33.7763436885018,63,63,63,63,61,63,0,8046,1.33458767306251,26,-87,0.001869,51,2023-09-17 13:29:14.001437,654,1.037,0.0011,"aoml_navis",1029.98086365978
"7901009",11,0,1,0.026166,1,0.003738,1,117.16965022404,1,4.85440392465659,656,1,10.5930004119873,35.2620010375977,0.0261659994721413,0,112.988700866699,-87.1332,25.9172,33.7763436885018,63,63,63,63,61,63,0,8046,1.33458767306251,26,-87,0.001869,51,2023-09-17 13:29:14.001437,656,1.037,0.0011,"aoml_navis",1029.99257531988
"7901009",11,0,1,0.026166,1,0.003738,1,117.086063040233,1,4.85434794651393,658,1,10.5609998703003,35.257999420166,0.0261659994721413,0,112.908096313477,-87.1332,25.9172,33.7763436885018,63,63,63,63,61,63,0,8046,1.33458767306251,26,-87,0.001869,51,2023-09-17 13:29:14.001437,658,1.037,0.0011,"aoml_navis",1030.00445272792
"7901009",11,0,1,0.026166,1,0.003738,1,116.948351869257,1,4.8542973558058,660,1,10.5349998474121,35.2540016174316,0.0261659994721413,0,112.775299072266,-87.1332,25.9172,33.7763436885018,63,63,63,63,61,63,0,8046,1.33458767306251,26,-87,0.001869,51,2023-09-17 13:29:14.001437,660,1.037,0.0011,"aoml_navis",1030.01518726906
"7901009",11,0,4,0.01869,1,-0.003738,1,116.832516567966,1,4.85424510433508,662,1,10.5030002593994,35.2490005493164,0.0186899993568659,0,112.663597106934,-87.1332,25.9172,33.7763436885018,63,63,63,63,61,63,0,8046,1.33458767306251,26,-87,0.001869,51,2023-09-17 13:29:14.001437,662,1.037,0.0011,"aoml_navis",1030.0262744324
"7901009",11,0,1,0.026166,1,0.003738,1,116.789065473459,1,4.85418211321085,664,1,10.4630002975464,35.2449989318848,0.0261659994721413,0,112.621696472168,-87.1332,25.9172,33.7763436885018,63,63,63,63,61,63,0,8046,1.33458767306251,26,-87,0.001869,51,2023-09-17 13:29:14.001437,664,1.037,0.0011,"aoml_navis",1030.03964074448
"7901009",11,0,1,0.026166,1,0.003738,1,116.688689647527,1,4.85412993840494,666,1,10.4309997558594,35.2400016784668,0.0261659994721413,0,112.52490234375,-87.1332,25.9172,33.7763436885018,63,63,63,63,61,63,0,8046,1.33458767306251,26,-87,0.001869,51,2023-09-17 13:29:14.001437,666,1.037,0.0011,"aoml_navis",1030.05071216594
"7901009",11,0,1,0.029904,1,0.007476,1,116.551492737502,1,4.85407071688467,668,1,10.3909997940063,35.2350006103516,0.0299040004611015,0,112.392601013184,-87.1332,25.9172,33.7763436885018,63,63,63,63,61,63,0,8046,1.33458767306251,26,-87,0.001869,51,2023-09-17 13:29:14.001437,668,1.037,0.0011,"aoml_navis",1030.0632791788
"7901009",11,0,1,0.026166,1,0.003738,1,116.368874717942,1,4.85400801759447,670,1,10.3470001220703,35.2299995422363,0.0261659994721413,0,112.216499328613,-87.1332,25.9172,33.7763436885018,63,63,63,63,61,63,0,8046,1.33458767306251,26,-87,0.001869,51,2023-09-17 13:29:14.001437,670,1.037,0.0011,"aoml_navis",1030.07658452074
"7901009",11,0,1,0.028035,1,0.005607,1,116.00302156568,1,4.85394033855016,672,1,10.2889995574951,35.2229995727539,0.0280349999666214,0,111.863700866699,-87.1332,25.9172,33.7763436885018,63,63,63,63,61,63,0,8046,1.33458767306251,26,-87,0.001869,51,2023-09-17 13:29:14.001437,672,1.037,0.0011,"aoml_navis",1030.09094699616
"7901009",11,0,1,0.026166,1,0.003738,1,115.324299962525,1,4.85387531288322,674,1,10.2379999160767,35.2169990539551,0.0261659994721413,0,111.209197998047,-87.1332,25.9172,33.7763436885018,63,63,63,63,61,63,0,8046,1.33458767306251,26,-87,0.001869,51,2023-09-17 13:29:14.001437,674,1.037,0.0011,"aoml_navis",1030.10474676367
"7901009",11,0,1,0.028035,1,0.005607,1,114.345890812237,1,4.85377882015218,676,1,10.1260004043579,35.2050018310547,0.0280349999666214,0,110.265701293945,-87.1332,25.9172,33.7763436885018,63,63,63,63,61,63,0,8046,1.33458767306251,26,-87,0.001869,51,2023-09-17 13:29:14.001437,676,1.037,0.0011,"aoml_navis",1030.12522516286
"7901009",11,0,1,0.028035,1,0.005607,1,113.188281499786,1,4.85369198004921,678,1,9.99499988555908,35.1860008239746,0.0280349999666214,0,109.149398803711,-87.1332,25.9172,33.7763436885018,63,63,63,63,61,63,0,8046,1.33458767306251,26,-87,0.001869,51,2023-09-17 13:29:14.001437,678,1.037,0.0011,"aoml_navis",1030.14365570625
"7901009",11,0,1,0.028035,1,0.005607,1,111.337646218036,1,4.85362561044007,680,1,9.96700000762939,35.1860008239746,0.0280349999666214,0,107.364799499512,-87.1332,25.9172,33.7763436885018,63,63,63,63,61,63,0,8046,1.33458767306251,26,-87,0.001869,51,2023-09-17 13:29:14.001437,680,1.037,0.0011,"aoml_navis",1030.15774213097
"7901009",11,0,4,0.022428,1,0,1,110.179728349015,1,4.85356420521405,682,1,9.99100017547607,35.1969985961914,0.0224280003458261,0,106.248199462891,-87.1332,25.9172,33.7763436885018,63,63,63,63,61,63,0,8046,1.33458767306251,26,-87,0.001869,51,2023-09-17 13:29:14.001437,682,1.037,0.0011,"aoml_navis",1030.17077524773
"7901009",11,0,1,0.028035,1,0.005607,1,109.064636549653,1,4.85351851113737,684,1,9.99100017547607,35.1980018615723,0.0280349999666214,0,105.172897338867,-87.1332,25.9172,33.7763436885018,63,63,63,63,61,63,0,8046,1.33458767306251,26,-87,0.001869,51,2023-09-17 13:29:14.001437,684,1.037,0.0011,"aoml_navis",1030.18047392351
"7901009",11,0,1,0.024297,1,0.001869,1,108.427609642065,1,4.85347022540184,686,1,10.0089998245239,35.2039985656738,0.0242970008403063,0,104.558601379395,-87.1332,25.9172,33.7763436885018,63,63,63,63,61,63,0,8046,1.33458767306251,26,-87,0.001869,51,2023-09-17 13:29:14.001437,686,1.037,0.0011,"aoml_navis",1030.19072288344
"7901009",11,0,1,0.028035,1,0.005607,1,108.338840290212,1,4.8534184558545,688,1,9.98099994659424,35.2000007629395,0.0280349999666214,0,104.472999572754,-87.1332,25.9172,33.7763436885018,63,63,63,63,61,63,0,8046,1.33458767306251,26,-87,0.001869,51,2023-09-17 13:29:14.001437,688,1.037,0.0011,"aoml_navis",1030.20171153153
"7901009",11,0,1,0.028035,1,0.005607,1,108.468568548887,1,4.8533525218541,690,1,9.92399978637695,35.193000793457,0.0280349999666214,0,104.598098754883,-87.1332,25.9172,33.7763436885018,63,63,63,63,61,63,0,8046,1.33458767306251,26,-87,0.001869,51,2023-09-17 13:29:14.001437,690,1.037,0.0011,"aoml_navis",1030.21570707785
"7901009",11,0,1,0.028035,1,0.005607,1,108.512328199965,1,4.85328605987377,692,1,9.86200046539307,35.185001373291,0.0280349999666214,0,104.640296936035,-87.1332,25.9172,33.7763436885018,63,63,63,63,61,63,0,8046,1.33458767306251,26,-87,0.001869,51,2023-09-17 13:29:14.001437,692,1.037,0.0011,"aoml_navis",1030.22981508122
"7901009",11,0,4,0.022428,1,0,1,108.458718473748,1,4.85324204282456,694,1,9.84700012207031,35.181999206543,0.0224280003458261,0,104.588600158691,-87.1332,25.9172,33.7763436885018,63,63,63,63,61,63,0,8046,1.33458767306251,26,-87,0.001869,51,2023-09-17 13:29:14.001437,694,1.037,0.0011,"aoml_navis",1030.23915887163
"7901009",11,0,1,0.028035,1,0.005607,1,108.596532496914,1,4.85317363476959,696,1,9.79100036621094,35.1759986877441,0.0280349999666214,0,104.721496582031,-87.1332,25.9172,33.7763436885018,63,63,63,63,61,63,0,8046,1.33458767306251,26,-87,0.001869,51,2023-09-17 13:29:14.001437,696,1.037,0.0011,"aoml_navis",1030.25368063869
"7901009",11,0,1,0.029904,1,0.007476,1,108.634176398529,1,4.85311694541707,698,1,9.75699996948242,35.1720008850098,0.0299040004611015,0,104.757797241211,-87.1332,25.9172,33.7763436885018,63,63,63,63,61,63,0,8046,1.33458767306251,26,-87,0.001869,51,2023-09-17 13:29:14.001437,698,1.037,0.0011,"aoml_navis",1030.26571505177
"7901009",11,0,1,0.029904,1,0.007476,1,108.703039895724,1,4.85306289321345,700,1,9.72599983215332,35.1679992675781,0.0299040004611015,0,104.824203491211,-87.1332,25.9172,33.7763436885018,63,63,63,63,61,63,0,8046,1.33458767306251,26,-87,0.001869,51,2023-09-17 13:29:14.001437,700,1.037,0.0011,"aoml_navis",1030.27718989425
"7901009",11,0,1,0.029904,1,0.007476,1,108.628060649065,1,4.85302043050131,702,1,9.71700000762939,35.1660003662109,0.0299040004611015,0,104.751899719238,-87.1332,25.9172,33.7763436885018,63,63,63,63,61,63,0,8046,1.33458767306251,26,-87,0.001869,51,2023-09-17 13:29:14.001437,702,1.037,0.0011,"aoml_navis",1030.28620456137
"7901009",11,0,1,0.028035,1,0.005607,1,108.503411706245,1,4.85297453748739,704,1,9.70400047302246,35.1640014648438,0.0280349999666214,0,104.631698608398,-87.1332,25.9172,33.7763436885018,63,63,63,63,61,63,0,8046,1.33458767306251,26,-87,0.001869,51,2023-09-17 13:29:14.001437,704,1.037,0.0011,"aoml_navis",1030.29594764549
"7901009",11,0,1,0.029904,1,0.007476,1,108.226011437559,1,4.85292952182193,706,1,9.69200038909912,35.1619987487793,0.0299040004611015,0,104.364196777344,-87.1332,25.9172,33.7763436885018,63,63,63,63,61,63,0,8046,1.33458767306251,26,-87,0.001869,51,2023-09-17 13:29:14.001437,706,1.037,0.0011,"aoml_navis",1030.3055046476
"7901009",11,0,1,0.026166,1,0.003738,1,107.938658241543,1,4.8528522915107,708,1,9.62100028991699,35.1549987792969,0.0261659994721413,0,104.087097167969,-87.1332,25.9172,33.7763436885018,63,63,63,63,61,63,0,8046,1.33458767306251,26,-87,0.001869,51,2023-09-17 13:29:14.001437,708,1.037,0.0011,"aoml_navis",1030.32190135824
"7901009",11,0,1,0.028035,1,0.005607,1,108.494289508145,1,4.85278072657733,710,1,9.5649995803833,35.1500015258789,0.0280349999666214,0,104.622901916504,-87.1332,25.9172,33.7763436885018,63,63,63,63,61,63,0,8046,1.33458767306251,26,-87,0.001869,51,2023-09-17 13:29:14.001437,710,1.037,0.0011,"aoml_navis",1030.33709572254
"7901009",11,0,1,0.028035,1,0.005607,1,110.407039601072,1,4.85273278193422,712,1,9.52799987792969,35.1430015563965,0.0280349999666214,0,106.467399597168,-87.1332,25.9172,33.7763436885018,63,63,63,63,61,63,0,8046,1.33458767306251,26,-87,0.001869,51,2023-09-17 13:29:14.001437,712,1.037,0.0011,"aoml_navis",1030.34727537729
"7901009",11,0,1,0.026166,1,0.003738,1,112.219200251979,1,4.85267715854157,714,1,9.44299983978271,35.1269989013672,0.0261659994721413,0,108.214897155762,-87.1332,25.9172,33.7763436885018,63,63,63,63,61,63,0,8046,1.33458767306251,26,-87,0.001869,51,2023-09-17 13:29:14.001437,714,1.037,0.0011,"aoml_navis",1030.35908564391
"7901009",11,0,1,0.026166,1,0.003738,1,114.077509889461,1,4.85262349323005,716,1,9.38599967956543,35.117000579834,0.0261659994721413,0,110.006896972656,-87.1332,25.9172,33.7763436885018,63,63,63,63,61,63,0,8046,1.33458767306251,26,-87,0.001869,51,2023-09-17 13:29:14.001437,716,1.037,0.0011,"aoml_navis",1030.37048041653
"7901009",11,0,1,0.028035,1,0.005607,1,115.279915286598,1,4.85256810376855,718,1,9.30500030517578,35.1020011901855,0.0280349999666214,0,111.166397094727,-87.1332,25.9172,33.7763436885018,63,63,63,63,61,63,0,8046,1.33458767306251,26,-87,0.001869,51,2023-09-17 13:29:14.001437,718,1.037,0.0011,"aoml_navis",1030.38224154277
"7901009",11,0,1,0.028035,1,0.005607,1,116.054249868108,1,4.85249199067632,720,1,9.21199989318848,35.0900001525879,0.0280349999666214,0,111.913101196289,-87.1332,25.9172,33.7763436885018,63,63,63,63,61,63,0,8046,1.33458767306251,26,-87,0.001869,51,2023-09-17 13:29:14.001437,720,1.037,0.0011,"aoml_navis",1030.39840346097
"7901009",11,0,1,0.031773,1,0.009345,1,116.46189265642,1,4.85244442112123,722,1,9.16600036621094,35.0810012817383,0.0317730009555817,0,112.306198120117,-87.1332,25.9172,33.7763436885018,63,63,63,63,61,63,0,8046,1.33458767306251,26,-87,0.001869,51,2023-09-17 13:29:14.001437,722,1.037,0.0011,"aoml_navis",1030.40850467787
"7901009",11,0,1,0.028035,1,0.005607,1,116.698642574856,1,4.85238462623446,724,1,9.11400032043457,35.0740013122559,0.0280349999666214,0,112.53450012207,-87.1332,25.9172,33.7763436885018,63,63,63,63,61,63,0,8046,1.33458767306251,26,-87,0.001869,51,2023-09-17 13:29:14.001437,724,1.037,0.0011,"aoml_navis",1030.42120217912
"7901009",11,0,1,0.028035,1,0.005607,1,116.742196521554,1,4.85233969671939,726,1,9.0930004119873,35.0699996948242,0.0280349999666214,0,112.576499938965,-87.1332,25.9172,33.7763436885018,63,63,63,63,61,63,0,8046,1.33458767306251,26,-87,0.001869,51,2023-09-17 13:29:14.001437,726,1.037,0.0011,"aoml_navis",1030.43074321042
"7901009",11,0,1,0.031773,1,0.009345,1,116.649487139645,1,4.85229325693295,728,1,9.07900047302246,35.068000793457,0.0317730009555817,0,112.487098693848,-87.1332,25.9172,33.7763436885018,63,63,63,63,61,63,0,8046,1.33458767306251,26,-87,0.001869,51,2023-09-17 13:29:14.001437,728,1.037,0.0011,"aoml_navis",1030.44060514191
"7901009",11,0,1,0.029904,1,0.007476,1,116.597428107988,1,4.85224372308099,730,1,9.04800033569336,35.0629997253418,0.0299040004611015,0,112.436897277832,-87.1332,25.9172,33.7763436885018,63,63,63,63,61,63,0,8046,1.33458767306251,26,-87,0.001869,51,2023-09-17 13:29:14.001437,730,1.037,0.0011,"aoml_navis",1030.45112433577
"7901009",11,0,1,0.029904,1,0.007476,1,116.62791982653,1,4.85217792490485,732,1,8.98400020599365,35.0550003051758,0.0299040004611015,0,112.466300964355,-87.1332,25.9172,33.7763436885018,63,63,63,63,61,63,0,8046,1.33458767306251,26,-87,0.001869,51,2023-09-17 13:29:14.001437,732,1.037,0.0011,"aoml_navis",1030.46509781441
"7901009",11,0,1,0.033642,1,0.011214,1,116.711918419099,1,4.8521181590658,734,1,8.93599987030029,35.048999786377,0.0336420014500618,0,112.547302246094,-87.1332,25.9172,33.7763436885018,63,63,63,63,61,63,0,8046,1.33458767306251,26,-87,0.001869,51,2023-09-17 13:29:14.001437,734,1.037,0.0011,"aoml_navis",1030.47779054141
"7901009",11,0,1,0.031773,1,0.009345,1,116.850151762733,1,4.85205445275995,736,1,8.89200019836426,35.0449981689453,0.0317730009555817,0,112.680603027344,-87.1332,25.9172,33.7763436885018,63,63,63,63,61,63,0,8046,1.33458767306251,26,-87,0.001869,51,2023-09-17 13:29:14.001437,736,1.037,0.0011,"aoml_navis",1030.49132046651
"7901009",11,0,1,0.026166,1,0.003738,1,116.937568212699,1,4.8520023007541,738,1,8.86200046539307,35.0410003662109,0.0261659994721413,0,112.76490020752,-87.1332,25.9172,33.7763436885018,63,63,63,63,61,63,0,8046,1.33458767306251,26,-87,0.001869,51,2023-09-17 13:29:14.001437,738,1.037,0.0011,"aoml_navis",1030.5023967575
"7901009",11,0,1,0.028035,1,0.005607,1,116.985473598213,1,4.85196133979109,740,1,8.85900020599365,35.0400009155273,0.0280349999666214,0,112.811096191406,-87.1332,25.9172,33.7763436885018,63,63,63,63,61,63,0,8046,1.33458767306251,26,-87,0.001869,51,2023-09-17 13:29:14.001437,740,1.037,0.0011,"aoml_navis",1030.51109640855
"7901009",11,0,1,0.028035,1,0.005607,1,117.114893300317,1,4.85189979347346,742,1,8.8129997253418,35.0349998474121,0.0280349999666214,0,112.935897827148,-87.1332,25.9172,33.7763436885018,63,63,63,63,61,63,0,8046,1.33458767306251,26,-87,0.001869,51,2023-09-17 13:29:14.001437,742,1.037,0.0011,"aoml_navis",1030.52416843517
"7901009",11,0,1,0.028035,1,0.005607,1,117.124434818886,1,4.85185306642306,744,1,8.79399967193604,35.0320014953613,0.0280349999666214,0,112.945098876953,-87.1332,25.9172,33.7763436885018,63,63,63,63,61,63,0,8046,1.33458767306251,26,-87,0.001869,51,2023-09-17 13:29:14.001437,744,1.037,0.0011,"aoml_navis",1030.53409316992
"7901009",11,0,1,0.031773,1,0.009345,1,117.206154839856,1,4.85179656140832,746,1,8.76299953460693,35.0289993286133,0.0317730009555817,0,113.023902893066,-87.1332,25.9172,33.7763436885018,63,63,63,63,61,63,0,8046,1.33458767306251,26,-87,0.001869,51,2023-09-17 13:29:14.001437,746,1.037,0.0011,"aoml_navis",1030.54609498067
"7901009",11,0,1,0.029904,1,0.007476,1,117.317630790623,1,4.85174171215283,748,1,8.73400020599365,35.0260009765625,0.0299040004611015,0,113.131401062012,-87.1332,25.9172,33.7763436885018,63,63,63,63,61,63,0,8046,1.33458767306251,26,-87,0.001869,51,2023-09-17 13:29:14.001437,748,1.037,0.0011,"aoml_navis",1030.55774537128
"7901009",11,0,1,0.035511,1,0.013083,1,117.467787076614,1,4.85168039527062,750,1,8.69699954986572,35.0229988098145,0.0355109982192516,0,113.27619934082,-87.1332,25.9172,33.7763436885018,63,63,63,63,61,63,0,8046,1.33458767306251,26,-87,0.001869,51,2023-09-17 13:29:14.001437,750,1.037,0.0011,"aoml_navis",1030.57076984584
"7901009",11,0,1,0.028035,1,0.005607,1,117.511032466741,1,4.85161709985694,752,1,8.65299987792969,35.0190010070801,0.0280349999666214,0,113.317901611328,-87.1332,25.9172,33.7763436885018,63,63,63,63,61,63,0,8046,1.33458767306251,26,-87,0.001869,51,2023-09-17 13:29:14.001437,752,1.037,0.0011,"aoml_navis",1030.58421493061
"7901009",11,0,4,0.024297,1,0.001869,1,117.543177732033,1,4.8515571398372,754,1,8.61299991607666,35.0149993896484,0.0242970008403063,0,113.348899841309,-87.1332,25.9172,33.7763436885018,63,63,63,63,61,63,0,8046,1.33458767306251,26,-87,0.001869,51,2023-09-17 13:29:14.001437,754,1.037,0.0011,"aoml_navis",1030.59695184128
"7901009",11,0,1,0.029904,1,0.007476,1,117.504497396809,1,4.85150208452522,756,1,8.57900047302246,35.0110015869141,0.0299040004611015,0,113.311599731445,-87.1332,25.9172,33.7763436885018,63,63,63,63,61,63,0,8046,1.33458767306251,26,-87,0.001869,51,2023-09-17 13:29:14.001437,756,1.037,0.0011,"aoml_navis",1030.60864715455
"7901009",11,0,1,0.029904,1,0.007476,1,117.435538959131,1,4.85144789617861,758,1,8.54599952697754,35.0069999694824,0.0299040004611015,0,113.245101928711,-87.1332,25.9172,33.7763436885018,63,63,63,63,61,63,0,8046,1.33458767306251,26,-87,0.001869,51,2023-09-17 13:29:14.001437,758,1.037,0.0011,"aoml_navis",1030.62015855893
"7901009",11,0,1,0.028035,1,0.005607,1,117.509473860474,1,4.85138488966101,760,1,8.5019998550415,35.0029983520508,0.0280349999666214,0,113.316398620605,-87.1332,25.9172,33.7763436885018,63,63,63,63,61,63,0,8046,1.33458767306251,26,-87,0.001869,51,2023-09-17 13:29:14.001437,760,1.037,0.0011,"aoml_navis",1030.63354355902
"7901009",11,0,1,0.031773,1,0.009345,1,117.547845639127,1,4.85132712571834,762,1,8.4689998626709,35,0.0317730009555817,0,113.353401184082,-87.1332,25.9172,33.7763436885018,63,63,63,63,61,63,0,8046,1.33458767306251,26,-87,0.001869,51,2023-09-17 13:29:14.001437,762,1.037,0.0011,"aoml_navis",1030.64581514067
"7901009",11,0,1,0.029904,1,0.007476,1,117.580615929267,1,4.85127020837019,764,1,8.4370002746582,34.9970016479492,0.0299040004611015,0,113.38500213623,-87.1332,25.9172,33.7763436885018,63,63,63,63,61,63,0,8046,1.33458767306251,26,-87,0.001869,51,2023-09-17 13:29:14.001437,764,1.037,0.0011,"aoml_navis",1030.65790715454
"7901009",11,0,1,0.031773,1,0.009345,1,117.611202588292,1,4.85120407065306,766,1,8.39799976348877,34.9949989318848,0.0317730009555817,0,113.414497375488,-87.1332,25.9172,33.7763436885018,63,63,63,63,61,63,0,8046,1.33458767306251,26,-87,0.001869,51,2023-09-17 13:29:14.001437,766,1.037,0.0011,"aoml_navis",1030.67195837979
"7901009",11,0,1,0.026166,1,0.003738,1,117.693025461453,1,4.85114217808242,768,1,8.37800025939941,34.9959983825684,0.0261659994721413,0,113.49340057373,-87.1332,25.9172,33.7763436885018,63,63,63,63,61,63,0,8046,1.33458767306251,26,-87,0.001869,51,2023-09-17 13:29:14.001437,768,1.037,0.0011,"aoml_navis",1030.68510805355
"7901009",11,0,1,0.029904,1,0.007476,1,117.823062276698,1,4.85109096803826,770,1,8.35299968719482,34.9930000305176,0.0299040004611015,0,113.618797302246,-87.1332,25.9172,33.7763436885018,63,63,63,63,61,63,0,8046,1.33458767306251,26,-87,0.001869,51,2023-09-17 13:29:14.001437,770,1.037,0.0011,"aoml_navis",1030.69598837516
"7901009",11,0,1,0.029904,1,0.007476,1,118.033988383685,1,4.85102719129929,772,1,8.30300045013428,34.9879989624023,0.0299040004611015,0,113.822196960449,-87.1332,25.9172,33.7763436885018,63,63,63,63,61,63,0,8046,1.33458767306251,26,-87,0.001869,51,2023-09-17 13:29:14.001437,772,1.037,0.0011,"aoml_navis",1030.70953899576
"7901009",11,0,1,0.031773,1,0.009345,1,118.247406678358,1,4.85097116219689,774,1,8.25800037384033,34.9819984436035,0.0317730009555817,0,114.02799987793,-87.1332,25.9172,33.7763436885018,63,63,63,63,61,63,0,8046,1.33458767306251,26,-87,0.001869,51,2023-09-17 13:29:14.001437,774,1.037,0.0011,"aoml_navis",1030.72144377284
"7901009",11,0,1,0.029904,1,0.007476,1,118.367799122845,1,4.8509081687255,776,1,8.2180004119873,34.9790000915527,0.0299040004611015,0,114.144096374512,-87.1332,25.9172,33.7763436885018,63,63,63,63,61,63,0,8046,1.33458767306251,26,-87,0.001869,51,2023-09-17 13:29:14.001437,776,1.037,0.0011,"aoml_navis",1030.73482863182
"7901009",11,0,1,0.029904,1,0.007476,1,118.421108204199,1,4.85086405008148,778,1,8.21100044250488,34.9780006408691,0.0299040004611015,0,114.195503234863,-87.1332,25.9172,33.7763436885018,63,63,63,63,61,63,0,8046,1.33458767306251,26,-87,0.001869,51,2023-09-17 13:29:14.001437,778,1.037,0.0011,"aoml_navis",1030.74420317263
"7901009",11,0,1,0.026166,1,0.003738,1,118.596566128979,1,4.85081805137853,780,1,8.19699954986572,34.976001739502,0.0261659994721413,0,114.364700317383,-87.1332,25.9172,33.7763436885018,63,63,63,63,61,63,0,8046,1.33458767306251,26,-87,0.001869,51,2023-09-17 13:29:14.001437,780,1.037,0.0011,"aoml_navis",1030.75397737894
"7901009",11,0,1,0.029904,1,0.007476,1,118.826053100445,1,4.85076595252835,782,1,8.16600036621094,34.9720001220703,0.0299040004611015,0,114.585998535156,-87.1332,25.9172,33.7763436885018,63,63,63,63,61,63,0,8046,1.33458767306251,26,-87,0.001869,51,2023-09-17 13:29:14.001437,782,1.037,0.0011,"aoml_navis",1030.76504802172
"7901009",11,0,1,0.031773,1,0.009345,1,119.114545582259,1,4.85071439967497,784,1,8.13099956512451,34.9669990539551,0.0317730009555817,0,114.864196777344,-87.1332,25.9172,33.7763436885018,63,63,63,63,61,63,0,8046,1.33458767306251,26,-87,0.001869,51,2023-09-17 13:29:14.001437,784,1.037,0.0011,"aoml_navis",1030.77600287806
"7901009",11,0,1,0.026166,1,0.003738,1,119.42938404818,1,4.85065133313404,786,1,8.07199954986572,34.9599990844727,0.0261659994721413,0,115.16780090332,-87.1332,25.9172,33.7763436885018,63,63,63,63,61,63,0,8046,1.33458767306251,26,-87,0.001869,51,2023-09-17 13:29:14.001437,786,1.037,0.0011,"aoml_navis",1030.78940468176
"7901009",11,0,1,0.026166,1,0.003738,1,119.479575917,1,4.85060121181874,788,1,8.04800033569336,34.9570007324219,0.0261659994721413,0,115.216201782227,-87.1332,25.9172,33.7763436885018,63,63,63,63,61,63,0,8046,1.33458767306251,26,-87,0.001869,51,2023-09-17 13:29:14.001437,788,1.037,0.0011,"aoml_navis",1030.80005583993
"7901009",11,0,1,0.028035,1,0.005607,1,119.517219818614,1,4.85055948392649,790,1,8.04399967193604,34.9560012817383,0.0280349999666214,0,115.252502441406,-87.1332,25.9172,33.7763436885018,63,63,63,63,61,63,0,8046,1.33458767306251,26,-87,0.001869,51,2023-09-17 13:29:14.001437,790,1.037,0.0011,"aoml_navis",1030.80892350021
"7901009",11,0,1,0.031773,1,0.009345,1,119.609715584435,1,4.85051225823513,792,1,8.03299999237061,34.9550018310547,0.0317730009555817,0,115.341697692871,-87.1332,25.9172,33.7763436885018,63,63,63,63,61,63,0,8046,1.33458767306251,26,-87,0.001869,51,2023-09-17 13:29:14.001437,792,1.037,0.0011,"aoml_navis",1030.81895969051
"7901009",11,0,1,0.028035,1,0.005607,1,119.725653737916,1,4.85045641577122,794,1,8.01099967956543,34.9539985656738,0.0280349999666214,0,115.453498840332,-87.1332,25.9172,33.7763436885018,63,63,63,63,61,63,0,8046,1.33458767306251,26,-87,0.001869,51,2023-09-17 13:29:14.001437,794,1.037,0.0011,"aoml_navis",1030.83082733051
"7901009",11,0,1,0.031773,1,0.009345,1,119.893445218673,1,4.85039274199111,796,1,7.97900009155273,34.9529991149902,0.0317730009555817,0,115.615303039551,-87.1332,25.9172,33.7763436885018,63,63,63,63,61,63,0,8046,1.33458767306251,26,-87,0.001869,51,2023-09-17 13:29:14.001437,796,1.037,0.0011,"aoml_navis",1030.84435961519
"7901009",11,0,1,0.031773,1,0.009345,1,119.96323438558,1,4.85033717476455,798,1,7.96199989318848,34.9529991149902,0.0317730009555817,0,115.682601928711,-87.1332,25.9172,33.7763436885018,63,63,63,63,61,63,0,8046,1.33458767306251,26,-87,0.001869,51,2023-09-17 13:29:14.001437,798,1.037,0.0011,"aoml_navis",1030.85616934306
"7901009",11,0,1,0.029904,1,0.007476,1,119.973393017289,1,4.85029100620182,800,1,7.95699977874756,34.9529991149902,0.0299040004611015,0,115.692398071289,-87.1332,25.9172,33.7763436885018,63,63,63,63,61,63,0,8046,1.33458767306251,26,-87,0.001869,51,2023-09-17 13:29:14.001437,800,1.037,0.0011,"aoml_navis",1030.86598177444
"7901009",11,0,1,0.026166,1,0.003738,1,119.97972238284,1,4.85024669967711,802,1,7.94500017166138,34.951000213623,0.0261659994721413,0,115.698501586914,-87.1332,25.9172,33.7763436885018,63,63,63,63,61,63,0,8046,1.33458767306251,26,-87,0.001869,51,2023-09-17 13:29:14.001437,802,1.037,0.0011,"aoml_navis",1030.87539863341
"7901009",11,0,1,0.028035,1,0.005607,1,120.048269411757,1,4.85019247646345,804,1,7.92500019073486,34.9500007629395,0.0280349999666214,0,115.764602661133,-87.1332,25.9172,33.7763436885018,63,63,63,63,61,63,0,8046,1.33458767306251,26,-87,0.001869,51,2023-09-17 13:29:14.001437,804,1.037,0.0011,"aoml_navis",1030.8869234084
"7901009",11,0,1,0.029904,1,0.007476,1,120.008552642925,1,4.85012671698923,806,1,7.90899991989136,34.9529991149902,0.0299040004611015,0,115.726303100586,-87.1332,25.9172,33.7763436885018,63,63,63,63,61,63,0,8046,1.33458767306251,26,-87,0.001869,51,2023-09-17 13:29:14.001437,806,1.037,0.0011,"aoml_navis",1030.90090048282
"7901009",11,0,1,0.026166,1,0.003738,1,120.039867178988,1,4.85005058304521,808,1,7.875,34.9550018310547,0.0261659994721413,0,115.756500244141,-87.1332,25.9172,33.7763436885018,63,63,63,63,61,63,0,8046,1.33458767306251,26,-87,0.001869,51,2023-09-17 13:29:14.001437,808,1.037,0.0011,"aoml_navis",1030.91708310816
"7901009",11,0,1,0.029904,1,0.007476,1,119.962300804161,1,4.84998219679074,810,1,7.83199977874756,34.9529991149902,0.0299040004611015,0,115.681701660156,-87.1332,25.9172,33.7763436885018,63,63,63,63,61,63,0,8046,1.33458767306251,26,-87,0.001869,51,2023-09-17 13:29:14.001437,810,1.037,0.0011,"aoml_navis",1030.93161935904
"7901009",11,0,1,0.024297,1,0.001869,1,119.939902761817,1,4.8499270670547,812,1,7.80600023269653,34.951000213623,0.0242970008403063,0,115.660102844238,-87.1332,25.9172,33.7763436885018,63,63,63,63,61,63,0,8046,1.33458767306251,26,-87,0.001869,51,2023-09-17 13:29:14.001437,812,1.037,0.0011,"aoml_navis",1030.9433380895
"7901009",11,0,1,0.029904,1,0.007476,1,119.823964608337,1,4.84987156359051,814,1,7.76999998092651,34.9469985961914,0.0299040004611015,0,115.548301696777,-87.1332,25.9172,33.7763436885018,63,63,63,63,61,63,0,8046,1.33458767306251,26,-87,0.001869,51,2023-09-17 13:29:14.001437,814,1.037,0.0011,"aoml_navis",1030.95513653115
"7901009",11,0,1,0.024297,1,0.001869,1,119.368408522803,1,4.84982289109706,816,1,7.75699996948242,34.9459991455078,0.0242970008403063,0,115.109001159668,-87.1332,25.9172,33.7763436885018,63,63,63,63,61,63,0,8046,1.33458767306251,26,-87,0.001869,51,2023-09-17 13:29:14.001437,816,1.037,0.0011,"aoml_navis",1030.96548312695
"7901009",11,0,1,0.031773,1,0.009345,1,118.57904169811,1,4.84977153111655,818,1,7.75,34.9469985961914,0.0317730009555817,0,114.347801208496,-87.1332,25.9172,33.7763436885018,63,63,63,63,61,63,0,8046,1.33458767306251,26,-87,0.001869,51,2023-09-17 13:29:14.001437,818,1.037,0.0011,"aoml_navis",1030.97640124273
"7901009",11,0,4,0.024297,1,0.001869,1,117.848988940337,1,4.8497161218728,820,1,7.7519998550415,34.951000213623,0.0242970008403063,0,113.643798828125,-87.1332,25.9172,33.7763436885018,63,63,63,63,61,63,0,8046,1.33458767306251,26,-87,0.001869,51,2023-09-17 13:29:14.001437,820,1.037,0.0011,"aoml_navis",1030.9881804111
"7901009",11,0,1,0.029904,1,0.007476,1,117.381509912446,1,4.84965704884536,822,1,7.75400018692017,34.9560012817383,0.0299040004611015,0,113.193000793457,-87.1332,25.9172,33.7763436885018,63,63,63,63,61,63,0,8046,1.33458767306251,26,-87,0.001869,51,2023-09-17 13:29:14.001437,822,1.037,0.0011,"aoml_navis",1031.00073874099
"7901009",11,0,1,0.033642,1,0.011214,1,117.139680678156,1,4.84961055085671,824,1,7.75799989700317,34.9580001831055,0.0336420014500618,0,112.959800720215,-87.1332,25.9172,33.7763436885018,63,63,63,63,61,63,0,8046,1.33458767306251,26,-87,0.001869,51,2023-09-17 13:29:14.001437,824,1.037,0.0011,"aoml_navis",1031.01062395963
"7901009",11,0,1,0.028035,1,0.005607,1,117.177118875391,1,4.84956074740921,826,1,7.75299978256226,34.9589996337891,0.0280349999666214,0,112.995903015137,-87.1332,25.9172,33.7763436885018,63,63,63,63,61,63,0,8046,1.33458767306251,26,-87,0.001869,51,2023-09-17 13:29:14.001437,826,1.037,0.0011,"aoml_navis",1031.02121211105
"7901009",11,0,1,0.029904,1,0.007476,1,117.17099521422,1,4.84951518274951,828,1,7.74399995803833,34.9580001831055,0.0299040004611015,0,112.98999786377,-87.1332,25.9172,33.7763436885018,63,63,63,63,61,63,0,8046,1.33458767306251,26,-87,0.001869,51,2023-09-17 13:29:14.001437,828,1.037,0.0011,"aoml_navis",1031.03089929191
"7901009",11,0,1,0.028035,1,0.005607,1,117.126927006571,1,4.84946905191408,830,1,7.73899984359741,34.9580001831055,0.0280349999666214,0,112.94750213623,-87.1332,25.9172,33.7763436885018,63,63,63,63,61,63,0,8046,1.33458767306251,26,-87,0.001869,51,2023-09-17 13:29:14.001437,830,1.037,0.0011,"aoml_navis",1031.04070702885
"7901009",11,0,1,0.026166,1,0.003738,1,117.164357292098,1,4.84941207913097,832,1,7.71999979019165,34.9580001831055,0.0261659994721413,0,112.983596801758,-87.1332,25.9172,33.7763436885018,63,63,63,63,61,63,0,8046,1.33458767306251,26,-87,0.001869,51,2023-09-17 13:29:14.001437,832,1.037,0.0011,"aoml_navis",1031.05282009691
"7901009",11,0,1,0.028035,1,0.005607,1,117.27168750843,1,4.84935801442631,834,1,7.69999980926514,34.9570007324219,0.0280349999666214,0,113.087097167969,-87.1332,25.9172,33.7763436885018,63,63,63,63,61,63,0,8046,1.33458767306251,26,-87,0.001869,51,2023-09-17 13:29:14.001437,834,1.037,0.0011,"aoml_navis",1031.06431513729
"7901009",11,0,1,0.031773,1,0.009345,1,117.406297290286,1,4.84930782827129,836,1,7.68499994277954,34.9560012817383,0.0317730009555817,0,113.216903686523,-87.1332,25.9172,33.7763436885018,63,63,63,63,61,63,0,8046,1.33458767306251,26,-87,0.001869,51,2023-09-17 13:29:14.001437,836,1.037,0.0011,"aoml_navis",1031.07498576399
"7901009",11,0,1,0.031773,1,0.009345,1,117.517670388862,1,4.84926383025689,838,1,7.67799997329712,34.9550018310547,0.0317730009555817,0,113.32430267334,-87.1332,25.9172,33.7763436885018,63,63,63,63,61,63,0,8046,1.33458767306251,26,-87,0.001869,51,2023-09-17 13:29:14.001437,838,1.037,0.0011,"aoml_navis",1031.08434084419
"7901009",11,0,1,0.029904,1,0.007476,1,117.657976599714,1,4.84921753114199,840,1,7.66800022125244,34.9539985656738,0.0299040004611015,0,113.459602355957,-87.1332,25.9172,33.7763436885018,63,63,63,63,61,63,0,8046,1.33458767306251,26,-87,0.001869,51,2023-09-17 13:29:14.001437,840,1.037,0.0011,"aoml_navis",1031.09418537933
"7901009",11,0,1,0.029904,1,0.007476,1,117.916088126884,1,4.84916446459668,842,1,7.65399980545044,34.9539985656738,0.0299040004611015,0,113.708503723145,-87.1332,25.9172,33.7763436885018,63,63,63,63,61,63,0,8046,1.33458767306251,26,-87,0.001869,51,2023-09-17 13:29:14.001437,842,1.037,0.0011,"aoml_navis",1031.10546909773
"7901009",11,0,1,0.031773,1,0.009345,1,118.553115034472,1,4.84911565714299,844,1,7.63600015640259,34.9519996643066,0.0317730009555817,0,114.322799682617,-87.1332,25.9172,33.7763436885018,63,63,63,63,61,63,0,8046,1.33458767306251,26,-87,0.001869,51,2023-09-17 13:29:14.001437,844,1.037,0.0011,"aoml_navis",1031.11584740916
"7901009",11,0,1,0.031773,1,0.009345,1,119.566786662586,1,4.84906359699926,846,1,7.60900020599365,34.9490013122559,0.0317730009555817,0,115.300300598145,-87.1332,25.9172,33.7763436885018,63,63,63,63,61,63,0,8046,1.33458767306251,26,-87,0.001869,51,2023-09-17 13:29:14.001437,846,1.037,0.0011,"aoml_navis",1031.12691759583
"7901009",11,0,1,0.029904,1,0.007476,1,120.433822714297,1,4.8489903332441,848,1,7.53999996185303,34.943000793457,0.0299040004611015,0,116.13639831543,-87.1332,25.9172,33.7763436885018,63,63,63,63,61,63,0,8046,1.33458767306251,26,-87,0.001869,51,2023-09-17 13:29:14.001437,848,1.037,0.0011,"aoml_navis",1031.14249696903
"7901009",11,0,1,0.031773,1,0.009345,1,121.086514801623,1,4.84894375398747,850,1,7.51999998092651,34.939998626709,0.0317730009555817,0,116.765800476074,-87.1332,25.9172,33.7763436885018,63,63,63,63,61,63,0,8046,1.33458767306251,26,-87,0.001869,51,2023-09-17 13:29:14.001437,850,1.037,0.0011,"aoml_navis",1031.15240218827
"7901009",11,0,1,0.029904,1,0.007476,1,121.8806523856,1,4.84887165194781,852,1,7.45699977874756,34.935001373291,0.0299040004611015,0,117.531600952148,-87.1332,25.9172,33.7763436885018,63,63,63,63,61,63,0,8046,1.33458767306251,26,-87,0.001869,51,2023-09-17 13:29:14.001437,852,1.037,0.0011,"aoml_navis",1031.1677352795
"7901009",11,0,1,0.029904,1,0.007476,1,122.570466201883,1,4.84879277038217,854,1,7.38000011444092,34.9290008544922,0.0299040004611015,0,118.196800231934,-87.1332,25.9172,33.7763436885018,63,63,63,63,61,63,0,8046,1.33458767306251,26,-87,0.001869,51,2023-09-17 13:29:14.001437,854,1.037,0.0011,"aoml_navis",1031.18451061498
"7901009",11,0,1,0.026166,1,0.003738,1,123.058586873176,1,4.84871664662449,856,1,7.31599998474121,34.9249992370605,0.0261659994721413,0,118.667503356934,-87.1332,25.9172,33.7763436885018,63,63,63,63,61,63,0,8046,1.33458767306251,26,-87,0.001869,51,2023-09-17 13:29:14.001437,856,1.037,0.0011,"aoml_navis",1031.2006999792
"7901009",11,0,1,0.031773,1,0.009345,1,123.278010153416,1,4.84866666803684,858,1,7.30100011825562,34.923999786377,0.0317730009555817,0,118.879096984863,-87.1332,25.9172,33.7763436885018,63,63,63,63,61,63,0,8046,1.33458767306251,26,-87,0.001869,51,2023-09-17 13:29:14.001437,858,1.037,0.0011,"aoml_navis",1031.21132928373
"7901009",11,0,1,0.029904,1,0.007476,1,123.545560346964,1,4.8486256584444,860,1,7.29300022125244,34.9220008850098,0.0299040004611015,0,119.137100219727,-87.1332,25.9172,33.7763436885018,63,63,63,63,61,63,0,8046,1.33458767306251,26,-87,0.001869,51,2023-09-17 13:29:14.001437,860,1.037,0.0011,"aoml_navis",1031.22005125142
"7901009",11,0,1,0.029904,1,0.007476,1,123.90726776479,1,4.84857418096348,862,1,7.27600002288818,34.9210014343262,0.0299040004611015,0,119.485900878906,-87.1332,25.9172,33.7763436885018,63,63,63,63,61,63,0,8046,1.33458767306251,26,-87,0.001869,51,2023-09-17 13:29:14.001437,862,1.037,0.0011,"aoml_navis",1031.23099975062
"7901009",11,0,1,0.028035,1,0.005607,1,124.3836632864,1,4.84852111768312,864,1,7.2519998550415,34.9189987182617,0.0280349999666214,0,119.945297241211,-87.1332,25.9172,33.7763436885018,63,63,63,63,61,63,0,8046,1.33458767306251,26,-87,0.001869,51,2023-09-17 13:29:14.001437,864,1.037,0.0011,"aoml_navis",1031.24228576925
"7901009",11,0,1,0.029904,1,0.007476,1,124.946866056542,1,4.84845893512219,866,1,7.21099996566772,34.9160003662109,0.0299040004611015,0,120.488403320312,-87.1332,25.9172,33.7763436885018,63,63,63,63,61,63,0,8046,1.33458767306251,26,-87,0.001869,51,2023-09-17 13:29:14.001437,866,1.037,0.0011,"aoml_navis",1031.25551168023
"7901009",11,0,1,0.029904,1,0.007476,1,125.460177602728,1,4.84840216235846,868,1,7.18200016021729,34.9140014648438,0.0299040004611015,0,120.9833984375,-87.1332,25.9172,33.7763436885018,63,63,63,63,61,63,0,8046,1.33458767306251,26,-87,0.001869,51,2023-09-17 13:29:14.001437,868,1.037,0.0011,"aoml_navis",1031.26758725143
"7901009",11,0,1,0.029904,1,0.007476,1,125.997453709232,1,4.84833649782243,870.099975585938,1,7.13899993896484,34.9109992980957,0.0299040004611015,0,121.501502990723,-87.1332,25.9172,33.7763436885018,63,63,63,63,61,63,0,8046,1.33458767306251,26,-87,0.001869,51,2023-09-17 13:29:14.001437,870.099975585938,1.037,0.0011,"aoml_navis",1031.28155445599
"7901009",11,0,1,0.028035,1,0.005607,1,126.389953490463,1,4.84826853176196,872,1,7.09700012207031,34.9099998474121,0.0280349999666214,0,121.879997253418,-87.1332,25.9172,33.7763436885018,63,63,63,63,61,63,0,8046,1.33458767306251,26,-87,0.001869,51,2023-09-17 13:29:14.001437,872,1.037,0.0011,"aoml_navis",1031.2960116058
"7901009",11,0,1,0.029904,1,0.007476,1,126.585428033799,1,4.84820977172388,874,1,7.07499980926514,34.9099998474121,0.0299040004611015,0,122.068496704102,-87.1332,25.9172,33.7763436885018,63,63,63,63,61,63,0,8046,1.33458767306251,26,-87,0.001869,51,2023-09-17 13:29:14.001437,874,1.037,0.0011,"aoml_navis",1031.30851085722
"7901009",11,0,1,0.031773,1,0.009345,1,126.740465842971,1,4.84814059539143,876,1,7.03900003433228,34.9099998474121,0.0317730009555817,0,122.218002319336,-87.1332,25.9172,33.7763436885018,63,63,63,63,61,63,0,8046,1.33458767306251,26,-87,0.001869,51,2023-09-17 13:29:14.001437,876,1.037,0.0011,"aoml_navis",1031.32322621851
"7901009",11,0,1,0.029904,1,0.007476,1,126.82611798229,1,4.84808634887053,878,1,7.02299976348877,34.9099998474121,0.0299040004611015,0,122.300598144531,-87.1332,25.9172,33.7763436885018,63,63,63,63,61,63,0,8046,1.33458767306251,26,-87,0.001869,51,2023-09-17 13:29:14.001437,878,1.037,0.0011,"aoml_navis",1031.33476596696
"7901009",11,0,1,0.029904,1,0.007476,1,126.857851838821,1,4.84803731949088,880,1,7.01399993896484,34.9099998474121,0.0299040004611015,0,122.331199645996,-87.1332,25.9172,33.7763436885018,63,63,63,63,61,63,0,8046,1.33458767306251,26,-87,0.001869,51,2023-09-17 13:29:14.001437,880,1.037,0.0011,"aoml_navis",1031.3451961061
"7901009",11,0,1,0.028035,1,0.005607,1,126.807145709051,1,4.84798978099137,882,1,7.00699996948242,34.9099998474121,0.0280349999666214,0,122.282302856445,-87.1332,25.9172,33.7763436885018,63,63,63,63,61,63,0,8046,1.33458767306251,26,-87,0.001869,51,2023-09-17 13:29:14.001437,882,1.037,0.0011,"aoml_navis",1031.35530928812
"7901009",11,0,1,0.029904,1,0.007476,1,126.893525725408,1,4.84790815333294,884,1,6.96400022506714,34.9119987487793,0.0299040004611015,0,122.365600585938,-87.1332,25.9172,33.7763436885018,63,63,63,63,61,63,0,8046,1.33458767306251,26,-87,0.001869,51,2023-09-17 13:29:14.001437,884,1.037,0.0011,"aoml_navis",1031.37267494693
"7901009",11,0,1,0.033642,1,0.011214,1,126.877868457376,1,4.84785546857767,886,1,6.95499992370605,34.9129981994629,0.0336420014500618,0,122.35050201416,-87.1332,25.9172,33.7763436885018,63,63,63,63,61,63,0,8046,1.33458767306251,26,-87,0.001869,51,2023-09-17 13:29:14.001437,886,1.037,0.0011,"aoml_navis",1031.38388353541
"7901009",11,0,1,0.026166,1,0.003738,1,126.839805235294,1,4.84781387817771,888,1,6.95599985122681,34.9129981994629,0.0261659994721413,0,122.31379699707,-87.1332,25.9172,33.7763436885018,63,63,63,63,61,63,0,8046,1.33458767306251,26,-87,0.001869,51,2023-09-17 13:29:14.001437,888,1.037,0.0011,"aoml_navis",1031.3927319915
"7901009",11,0,1,0.028035,1,0.005607,1,126.81740719295,1,4.8477700640914,890,1,6.9539999961853,34.9129981994629,0.0280349999666214,0,122.292198181152,-87.1332,25.9172,33.7763436885018,63,63,63,63,61,63,0,8046,1.33458767306251,26,-87,0.001869,51,2023-09-17 13:29:14.001437,890,1.037,0.0011,"aoml_navis",1031.40205370634
"7901009",11,0,1,0.028035,1,0.005607,1,126.830374480623,1,4.84772847886347,892,1,6.95499992370605,34.9129981994629,0.0280349999666214,0,122.304702758789,-87.1332,25.9172,33.7763436885018,63,63,63,63,61,63,0,8046,1.33458767306251,26,-87,0.001869,51,2023-09-17 13:29:14.001437,892,1.037,0.0011,"aoml_navis",1031.4109013738
"7901009",11,0,1,0.028035,1,0.005607,1,126.907315830602,1,4.84768541146227,894,1,6.9539999961853,34.9129981994629,0.0280349999666214,0,122.378898620605,-87.1332,25.9172,33.7763436885018,63,63,63,63,61,63,0,8046,1.33458767306251,26,-87,0.001869,51,2023-09-17 13:29:14.001437,894,1.037,0.0011,"aoml_navis",1031.42006454824
"7901009",11,0,1,0.028035,1,0.005607,1,127.019519658408,1,4.8476408610643,896,1,6.95100021362305,34.9129981994629,0.0280349999666214,0,122.487098693848,-87.1332,25.9172,33.7763436885018,63,63,63,63,61,63,0,8046,1.33458767306251,26,-87,0.001869,51,2023-09-17 13:29:14.001437,896,1.037,0.0011,"aoml_navis",1031.42954342172
"7901009",11,0,1,0.031773,1,0.009345,1,127.241023717572,1,4.84759185714704,898,1,6.94199991226196,34.9129981994629,0.0317730009555817,0,122.700698852539,-87.1332,25.9172,33.7763436885018,63,63,63,63,61,63,0,8046,1.33458767306251,26,-87,0.001869,51,2023-09-17 13:29:14.001437,898,1.037,0.0011,"aoml_navis",1031.43997006024
"7901009",11,0,1,0.028035,1,0.005607,1,127.571622303715,1,4.84753766319996,900,1,6.92600011825562,34.9129981994629,0.0280349999666214,0,123.019500732422,-87.1332,25.9172,33.7763436885018,63,63,63,63,61,63,0,8046,1.33458767306251,26,-87,0.001869,51,2023-09-17 13:29:14.001437,900,1.037,0.0011,"aoml_navis",1031.45150123483
"7901009",11,0,1,0.029904,1,0.007476,1,127.920473197765,1,4.84747532819139,902,1,6.89900016784668,34.9129981994629,0.0299040004611015,0,123.355903625488,-87.1332,25.9172,33.7763436885018,63,63,63,63,61,63,0,8046,1.33458767306251,26,-87,0.001869,51,2023-09-17 13:29:14.001437,902,1.037,0.0011,"aoml_navis",1031.46476495127
"7901009",11,0,1,0.024297,1,0.001869,1,128.129634994105,1,4.84741967846716,904,1,6.88100004196167,34.9129981994629,0.0242970008403063,0,123.557601928711,-87.1332,25.9172,33.7763436885018,63,63,63,63,61,63,0,8046,1.33458767306251,26,-87,0.001869,51,2023-09-17 13:29:14.001437,904,1.037,0.0011,"aoml_navis",1031.47660645325
"7901009",11,0,1,0.028035,1,0.005607,1,128.252622478468,1,4.84737143548875,906,1,6.8730001449585,34.9129981994629,0.0280349999666214,0,123.676200866699,-87.1332,25.9172,33.7763436885018,63,63,63,63,61,63,0,8046,1.33458767306251,26,-87,0.001869,51,2023-09-17 13:29:14.001437,906,1.037,0.0011,"aoml_navis",1031.4868721208
"7901009",11,0,1,0.028035,1,0.005607,1,128.402675912268,1,4.84732763297196,908,1,6.87099981307983,34.9129981994629,0.0280349999666214,0,123.820899963379,-87.1332,25.9172,33.7763436885018,63,63,63,63,61,63,0,8046,1.33458767306251,26,-87,0.001869,51,2023-09-17 13:29:14.001437,908,1.037,0.0011,"aoml_navis",1031.49619307545
"7901009",11,0,1,0.031773,1,0.009345,1,128.64243227934,1,4.84727570826436,910,1,6.86299991607666,34.9140014648438,0.0317730009555817,0,124.052101135254,-87.1332,25.9172,33.7763436885018,63,63,63,63,61,63,0,8046,1.33458767306251,26,-87,0.001869,51,2023-09-17 13:29:14.001437,910,1.037,0.0011,"aoml_navis",1031.50724260954
"7901009",11,0,1,0.028035,1,0.005607,1,128.877212182748,1,4.847225254109,912,1,6.85200023651123,34.9140014648438,0.0280349999666214,0,124.278503417969,-87.1332,25.9172,33.7763436885018,63,63,63,63,61,63,0,8046,1.33458767306251,26,-87,0.001869,51,2023-09-17 13:29:14.001437,912,1.037,0.0011,"aoml_navis",1031.51797943813
"7901009",11,0,4,0.024297,1,0.001869,1,129.201062082872,1,4.84717627285758,914,1,6.83799982070923,34.9129981994629,0.0242970008403063,0,124.590797424316,-87.1332,25.9172,33.7763436885018,63,63,63,63,61,63,0,8046,1.33458767306251,26,-87,0.001869,51,2023-09-17 13:29:14.001437,914,1.037,0.0011,"aoml_navis",1031.52840304121
"7901009",11,0,1,0.031773,1,0.009345,1,129.521288421218,1,4.84710736867674,916,1,6.79699993133545,34.9119987487793,0.0317730009555817,0,124.899597167969,-87.1332,25.9172,33.7763436885018,63,63,63,63,61,63,0,8046,1.33458767306251,26,-87,0.001869,51,2023-09-17 13:29:14.001437,916,1.037,0.0011,"aoml_navis",1031.54306676004
"7901009",11,0,1,0.029904,1,0.007476,1,129.714484392955,1,4.84705471065803,918,1,6.77299976348877,34.9099998474121,0.0299040004611015,0,125.085899353027,-87.1332,25.9172,33.7763436885018,63,63,63,63,61,63,0,8046,1.33458767306251,26,-87,0.001869,51,2023-09-17 13:29:14.001437,918,1.037,0.0011,"aoml_navis",1031.55427336227
"7901009",11,0,1,0.031773,1,0.009345,1,129.965230120965,1,4.84700943291768,920,1,6.76399993896484,34.9090003967285,0.0317730009555817,0,125.327697753906,-87.1332,25.9172,33.7763436885018,63,63,63,63,61,63,0,8046,1.33458767306251,26,-87,0.001869,51,2023-09-17 13:29:14.001437,920,1.037,0.0011,"aoml_navis",1031.56390949919
"7901009",11,0,1,0.031773,1,0.009345,1,130.2283181118,1,4.84696415818383,922,1,6.75500011444092,34.9080009460449,0.0317730009555817,0,125.581398010254,-87.1332,25.9172,33.7763436885018,63,63,63,63,61,63,0,8046,1.33458767306251,26,-87,0.001869,51,2023-09-17 13:29:14.001437,922,1.037,0.0011,"aoml_navis",1031.57354517627
"7901009",11,0,1,0.031773,1,0.009345,1,130.649656064823,1,4.84690419185738,924,1,6.72599983215332,34.9070014953613,0.0317730009555817,0,125.987701416016,-87.1332,25.9172,33.7763436885018,63,63,63,63,61,63,0,8046,1.33458767306251,26,-87,0.001869,51,2023-09-17 13:29:14.001437,924,1.037,0.0011,"aoml_navis",1031.58630789522
"7901009",11,0,1,0.029904,1,0.007476,1,130.855605708146,1,4.846850144171,926,1,6.69999980926514,34.9049987792969,0.0299040004611015,0,126.186302185059,-87.1332,25.9172,33.7763436885018,63,63,63,63,61,63,0,8046,1.33458767306251,26,-87,0.001869,51,2023-09-17 13:29:14.001437,926,1.037,0.0011,"aoml_navis",1031.59781121213
"7901009",11,0,1,0.029904,1,0.007476,1,130.979526773927,1,4.84680414775025,928,1,6.69500017166138,34.9049987792969,0.0299040004611015,0,126.305801391602,-87.1332,25.9172,33.7763436885018,63,63,63,63,61,63,0,8046,1.33458767306251,26,-87,0.001869,51,2023-09-17 13:29:14.001437,928,1.037,0.0011,"aoml_navis",1031.60760112844
"7901009",11,0,1,0.031773,1,0.009345,1,131.158616172193,1,4.84675961886688,930,1,6.69199991226196,34.9049987792969,0.0317730009555817,0,126.478500366211,-87.1332,25.9172,33.7763436885018,63,63,63,63,61,63,0,8046,1.33458767306251,26,-87,0.001869,51,2023-09-17 13:29:14.001437,930,1.037,0.0011,"aoml_navis",1031.61707886989
"7901009",11,0,1,0.031773,1,0.009345,1,131.498131252056,1,4.84671289272039,932,1,6.68599987030029,34.9049987792969,0.0317730009555817,0,126.80590057373,-87.1332,25.9172,33.7763436885018,63,63,63,63,61,63,0,8046,1.33458767306251,26,-87,0.001869,51,2023-09-17 13:29:14.001437,932,1.037,0.0011,"aoml_navis",1031.62702447464
"7901009",11,0,1,0.031773,1,0.009345,1,132.02835011597,1,4.84666324665926,934,1,6.6710000038147,34.9039993286133,0.0317730009555817,0,127.317199707031,-87.1332,25.9172,33.7763436885018,63,63,63,63,61,63,0,8046,1.33458767306251,26,-87,0.001869,51,2023-09-17 13:29:14.001437,934,1.037,0.0011,"aoml_navis",1031.63759178986
"7901009",11,0,1,0.028035,1,0.005607,1,132.839395017675,1,4.84661726835009,936,1,6.66099977493286,34.9029998779297,0.0280349999666214,0,128.099304199219,-87.1332,25.9172,33.7763436885018,63,63,63,63,61,63,0,8046,1.33458767306251,26,-87,0.001869,51,2023-09-17 13:29:14.001437,936,1.037,0.0011,"aoml_navis",1031.64737860601
"7901009",11,0,1,0.031773,1,0.009345,1,133.877948964112,1,4.84653773222966,938,1,6.59499979019165,34.9000015258789,0.0317730009555817,0,129.100799560547,-87.1332,25.9172,33.7763436885018,63,63,63,63,61,63,0,8046,1.33458767306251,26,-87,0.001869,51,2023-09-17 13:29:14.001437,938,1.037,0.0011,"aoml_navis",1031.66430888381
"7901009",11,0,1,0.033642,1,0.011214,1,134.274499539296,1,4.8464764989482,940,1,6.56400012969971,34.898998260498,0.0336420014500618,0,129.483200073242,-87.1332,25.9172,33.7763436885018,63,63,63,63,61,63,0,8046,1.33458767306251,26,-87,0.001869,51,2023-09-17 13:29:14.001437,940,1.037,0.0011,"aoml_navis",1031.67734354745
"7901009",11,0,4,0.024297,1,0.001869,1,134.599607400823,1,4.84641524924047,942,1,6.53800010681152,34.898998260498,0.0242970008403063,0,129.79670715332,-87.1332,25.9172,33.7763436885018,63,63,63,63,61,63,0,8046,1.33458767306251,26,-87,0.001869,51,2023-09-17 13:29:14.001437,942,1.037,0.0011,"aoml_navis",1031.69038203724
"7901009",11,0,1,0.028035,1,0.005607,1,134.895979942749,1,4.8463474359328,944,1,6.50799989700317,34.9000015258789,0.0280349999666214,0,130.082504272461,-87.1332,25.9172,33.7763436885018,63,63,63,63,61,63,0,8046,1.33458767306251,26,-87,0.001869,51,2023-09-17 13:29:14.001437,944,1.037,0.0011,"aoml_navis",1031.70481813334
"7901009",11,0,1,0.029904,1,0.007476,1,135.184061015803,1,4.84628546647744,946,1,6.48600006103516,34.9010009765625,0.0299040004611015,0,130.360305786133,-87.1332,25.9172,33.7763436885018,63,63,63,63,61,63,0,8046,1.33458767306251,26,-87,0.001869,51,2023-09-17 13:29:14.001437,946,1.037,0.0011,"aoml_navis",1031.7180105435
"7901009",11,0,1,0.028035,1,0.005607,1,135.442884596597,1,4.8462344267885,948,1,6.47399997711182,34.9010009765625,0.0280349999666214,0,130.609893798828,-87.1332,25.9172,33.7763436885018,63,63,63,63,61,63,0,8046,1.33458767306251,26,-87,0.001869,51,2023-09-17 13:29:14.001437,948,1.037,0.0011,"aoml_navis",1031.7288764162
"7901009",11,0,1,0.028035,1,0.005607,1,135.790493352658,1,4.84618778898078,950,1,6.46299982070923,34.9000015258789,0.0280349999666214,0,130.945098876953,-87.1332,25.9172,33.7763436885018,63,63,63,63,61,63,0,8046,1.33458767306251,26,-87,0.001869,51,2023-09-17 13:29:14.001437,950,1.037,0.0011,"aoml_navis",1031.73880536965
"7901009",11,0,1,0.028035,1,0.005607,1,136.39662504465,1,4.84611862785711,952,1,6.43100023269653,34.9010009765625,0.0280349999666214,0,131.529602050781,-87.1332,25.9172,33.7763436885018,63,63,63,63,61,63,0,8046,1.33458767306251,26,-87,0.001869,51,2023-09-17 13:29:14.001437,952,1.037,0.0011,"aoml_navis",1031.75352977501
"7901009",11,0,1,0.031773,1,0.009345,1,136.726907162515,1,4.8460488545156,954,1,6.39300012588501,34.9010009765625,0.0317730009555817,0,131.848098754883,-87.1332,25.9172,33.7763436885018,63,63,63,63,61,63,0,8046,1.33458767306251,26,-87,0.001869,51,2023-09-17 13:29:14.001437,954,1.037,0.0011,"aoml_navis",1031.76838494745
"7901009",11,0,1,0.029904,1,0.007476,1,136.84926962203,1,4.84600217577826,956,1,6.38700008392334,34.9010009765625,0.0299040004611015,0,131.966094970703,-87.1332,25.9172,33.7763436885018,63,63,63,63,61,63,0,8046,1.33458767306251,26,-87,0.001869,51,2023-09-17 13:29:14.001437,956,1.037,0.0011,"aoml_navis",1031.77832337581
"7901009",11,0,1,0.028035,1,0.005607,1,137.040084169979,1,4.84595838176853,958,1,6.38500022888184,34.9010009765625,0.0280349999666214,0,132.150100708008,-87.1332,25.9172,33.7763436885018,63,63,63,63,61,63,0,8046,1.33458767306251,26,-87,0.001869,51,2023-09-17 13:29:14.001437,958,1.037,0.0011,"aoml_navis",1031.78764778728
"7901009",11,0,1,0.033642,1,0.011214,1,137.334067376409,1,4.84591537995021,960,1,6.37900018692017,34.9000015258789,0.0336420014500618,0,132.43359375,-87.1332,25.9172,33.7763436885018,63,63,63,63,61,63,0,8046,1.33458767306251,26,-87,0.001869,51,2023-09-17 13:29:14.001437,960,1.037,0.0011,"aoml_navis",1031.79680369313
"7901009",11,0,1,0.028035,1,0.005607,1,137.663938085513,1,4.84584775451289,962,1,6.34899997711182,34.9010009765625,0.0280349999666214,0,132.751693725586,-87.1332,25.9172,33.7763436885018,63,63,63,63,61,63,0,8046,1.33458767306251,26,-87,0.001869,51,2023-09-17 13:29:14.001437,962,1.037,0.0011,"aoml_navis",1031.811202765
"7901009",11,0,1,0.029904,1,0.007476,1,137.854958337842,1,4.845799647526,964,1,6.34100008010864,34.9010009765625,0.0299040004611015,0,132.935897827148,-87.1332,25.9172,33.7763436885018,63,63,63,63,61,63,0,8046,1.33458767306251,26,-87,0.001869,51,2023-09-17 13:29:14.001437,964,1.037,0.0011,"aoml_navis",1031.82144613691
"7901009",11,0,1,0.029904,1,0.007476,1,138.236365905946,1,4.84575010508082,966,1,6.33099985122681,34.9010009765625,0.0299040004611015,0,133.303695678711,-87.1332,25.9172,33.7763436885018,63,63,63,63,61,63,0,8046,1.33458767306251,26,-87,0.001869,51,2023-09-17 13:29:14.001437,966,1.037,0.0011,"aoml_navis",1031.83199537208
"7901009",11,0,1,0.028035,1,0.005607,1,138.710277151577,1,4.84568620506614,968,1,6.30100011825562,34.9010009765625,0.0280349999666214,0,133.760696411133,-87.1332,25.9172,33.7763436885018,63,63,63,63,61,63,0,8046,1.33458767306251,26,-87,0.001869,51,2023-09-17 13:29:14.001437,968,1.037,0.0011,"aoml_navis",1031.8456021301
"7901009",11,0,1,0.031773,1,0.009345,1,139.101954115287,1,4.8456266386181,970,1,6.27699995040894,34.9010009765625,0.0317730009555817,0,134.138397216797,-87.1332,25.9172,33.7763436885018,63,63,63,63,61,63,0,8046,1.33458767306251,26,-87,0.001869,51,2023-09-17 13:29:14.001437,970,1.037,0.0011,"aoml_navis",1031.85828642917
"7901009",11,0,1,0.028035,1,0.005607,1,139.482633806352,1,4.84556924100303,972,1,6.25600004196167,34.9010009765625,0.0280349999666214,0,134.505493164062,-87.1332,25.9172,33.7763436885018,63,63,63,63,61,63,0,8046,1.33458767306251,26,-87,0.001869,51,2023-09-17 13:29:14.001437,972,1.037,0.0011,"aoml_navis",1031.87050918397
"7901009",11,0,1,0.029904,1,0.007476,1,139.809814535097,1,4.84551247618992,974,1,6.24100017547607,34.9020004272461,0.0299040004611015,0,134.820999145508,-87.1332,25.9172,33.7763436885018,63,63,63,63,61,63,0,8046,1.33458767306251,26,-87,0.001869,51,2023-09-17 13:29:14.001437,974,1.037,0.0011,"aoml_navis",1031.88259746914
"7901009",11,0,1,0.033642,1,0.011214,1,140.092199179155,1,4.84546082231981,976,1,6.22800016403198,34.9020004272461,0.0336420014500618,0,135.093307495117,-87.1332,25.9172,33.7763436885018,63,63,63,63,61,63,0,8046,1.33458767306251,26,-87,0.001869,51,2023-09-17 13:29:14.001437,976,1.037,0.0011,"aoml_navis",1031.89359760548
"7901009",11,99999,9,99999,9,99999,9,140.274595670921,1,4.84541417583702,978,1,6.22200012207031,34.9020004272461,99999,99999,135.269195556641,-87.1332,25.9172,33.7763436885018,63,63,63,63,61,63,0,8046,1.33458767306251,26,-87,0.001869,51,2023-09-17 13:29:14.001437,978,1.037,0.0011,"aoml_navis",1031.90353157711
"7901009",11,0,1,0.028035,1,0.005607,1,143.836082196229,1,4.84488039641357,999.099975585938,1,6.10519981384277,34.9029998779297,0.0280349999666214,0,138.703598022461,-87.1332,25.9172,33.7763436885018,63,63,63,63,61,63,0,8046,1.33458767306251,26,-87,0.001869,51,2023-09-17 13:29:14.001437,999.099975585938,1.037,0.0011,"aoml_navis",1032.01722042535
"7901009",11,0,1,0.026166,1,0.003738,1,149.850909926174,1,4.84364256570423,1048.90002441406,1,5.86670017242432,34.9070014953613,0.0261659994721413,0,144.503799438477,-87.1332,25.9172,33.7763436885018,63,63,63,63,61,63,0,8046,1.33458767306251,26,-87,0.001869,51,2023-09-17 13:29:14.001437,1048.90002441406,1.037,0.0011,"aoml_navis",1032.28096049095
"7901009",11,0,1,0.031773,1,0.009345,1,156.769903348494,1,4.84236591548938,1099.69995117188,1,5.61569976806641,34.9140014648438,0.0317730009555817,0,151.175903320312,-87.1332,25.9172,33.7763436885018,63,63,63,63,61,63,0,8046,1.33458767306251,26,-87,0.001869,51,2023-09-17 13:29:14.001437,1099.69995117188,1.037,0.0011,"aoml_navis",1032.55311293316
"7901009",11,0,1,0.033642,1,0.011214,1,163.071767806178,1,4.84113823698646,1149.09997558594,1,5.3895001411438,34.9210014343262,0.0336420014500618,0,157.252899169922,-87.1332,25.9172,33.7763436885018,63,63,63,63,61,63,0,8046,1.33458767306251,26,-87,0.001869,51,2023-09-17 13:29:14.001437,1149.09997558594,1.037,0.0011,"aoml_navis",1032.81496111799
"7901009",11,0,1,0.035511,1,0.013083,1,169.63112667789,1,4.83989845841134,1198.90002441406,1,5.16060018539429,34.9290008544922,0.0355109982192516,0,163.578201293945,-87.1332,25.9172,33.7763436885018,63,63,63,63,61,63,0,8046,1.33458767306251,26,-87,0.001869,51,2023-09-17 13:29:14.001437,1198.90002441406,1.037,0.0011,"aoml_navis",1033.07952490417
"7901009",11,0,1,0.031773,1,0.009345,1,176.298116410797,1,4.838663569191,1249.5,1,4.95559978485107,34.9360008239746,0.0317730009555817,0,170.007293701172,-87.1332,25.9172,33.7763436885018,63,63,63,63,61,63,0,8046,1.33458767306251,26,-87,0.001869,51,2023-09-17 13:29:14.001437,1249.5,1.037,0.0011,"aoml_navis",1033.34318009548
"7901009",11,0,1,0.028035,1,0.005607,1,181.390217583889,1,4.83749082946761,1299.80004882812,1,4.81990003585815,34.9410018920898,0.0280349999666214,0,174.917694091797,-87.1332,25.9172,33.7763436885018,63,63,63,63,61,63,0,8046,1.33458767306251,26,-87,0.001869,51,2023-09-17 13:29:14.001437,1299.80004882812,1.037,0.0011,"aoml_navis",1033.59369066758
"7901009",11,0,1,0.024297,1,0.001869,1,185.740975993407,1,4.83635849704997,1349,1,4.70790004730225,34.9459991455078,0.0242970008403063,0,179.113204956055,-87.1332,25.9172,33.7763436885018,63,63,63,63,61,63,0,8046,1.33458767306251,26,-87,0.001869,51,2023-09-17 13:29:14.001437,1349,1.037,0.0011,"aoml_navis",1033.83568506136
"7901009",11,0,1,0.033642,1,0.011214,1,189.257239201852,1,4.8352166899606,1399.40002441406,1,4.61229991912842,34.9500007629395,0.0336420014500618,0,182.503997802734,-87.1332,25.9172,33.7763436885018,63,63,63,63,61,63,0,8046,1.33458767306251,26,-87,0.001869,51,2023-09-17 13:29:14.001437,1399.40002441406,1.037,0.0011,"aoml_navis",1034.07981908681
"7901009",11,0,1,0.028035,1,0.005607,1,192.667833652424,1,4.8340917926295,1450,1,4.53539991378784,34.9519996643066,0.0280349999666214,0,185.792892456055,-87.1332,25.9172,33.7763436885018,63,63,63,63,61,63,0,8046,1.33458767306251,26,-87,0.001869,51,2023-09-17 13:29:14.001437,1450,1.037,0.0011,"aoml_navis",1034.32045035294
"7901009",11,0,1,0.029904,1,0.007476,1,195.497613873208,1,4.83298818552433,1499.69995117188,1,4.47109985351562,34.9560012817383,0.0299040004611015,0,188.521697998047,-87.1332,25.9172,33.7763436885018,63,63,63,63,61,63,0,8046,1.33458767306251,26,-87,0.001869,51,2023-09-17 13:29:14.001437,1499.69995117188,1.037,0.0011,"aoml_navis",1034.55663619785
"7901009",11,0,1,0.03738,1,0.014952,1,197.357276412576,1,4.83191253285734,1549.19995117188,1,4.42920017242432,34.9580001831055,0.0373799987137318,0,190.315002441406,-87.1332,25.9172,33.7763436885018,63,63,63,63,61,63,0,8046,1.33458767306251,26,-87,0.001869,51,2023-09-17 13:29:14.001437,1549.19995117188,1.037,0.0011,"aoml_navis",1034.78694326515
"7901009",11,0,1,0.029904,1,0.007476,1,199.110020144373,1,4.83082846722192,1599.5,1,4.39769983291626,34.9599990844727,0.0299040004611015,0,192.00520324707,-87.1332,25.9172,33.7763436885018,63,63,63,63,61,63,0,8046,1.33458767306251,26,-87,0.001869,51,2023-09-17 13:29:14.001437,1599.5,1.037,0.0011,"aoml_navis",1035.01915539455
"7901009",11,0,1,0.031773,1,0.009345,1,200.334720731664,1,4.82975922915974,1649.59997558594,1,4.37440013885498,34.9609985351562,0.0317730009555817,0,193.18620300293,-87.1332,25.9172,33.7763436885018,63,63,63,63,61,63,0,8046,1.33458767306251,26,-87,0.001869,51,2023-09-17 13:29:14.001437,1649.59997558594,1.037,0.0011,"aoml_navis",1035.24829349928
"7901009",11,0,1,0.031773,1,0.009345,1,201.077313544936,1,4.82870087542917,1699.5,1,4.35879993438721,34.9620018005371,0.0317730009555817,0,193.902297973633,-87.1332,25.9172,33.7763436885018,63,63,63,63,61,63,0,8046,1.33458767306251,26,-87,0.001869,51,2023-09-17 13:29:14.001437,1699.5,1.037,0.0011,"aoml_navis",1035.47519902144
"7901009",11,0,1,0.035511,1,0.013083,1,201.725234872978,1,4.8276507148479,1749.19995117188,1,4.34689998626709,34.9630012512207,0.0355109982192516,0,194.527099609375,-87.1332,25.9172,33.7763436885018,63,63,63,63,61,63,0,8046,1.33458767306251,26,-87,0.001869,51,2023-09-17 13:29:14.001437,1749.19995117188,1.037,0.0011,"aoml_navis",1035.70044631067
"7901009",11,0,1,0.031773,1,0.009345,1,202.32255292344,1,4.82659349611551,1799.59997558594,1,4.33850002288818,34.9630012512207,0.0317730009555817,0,195.103103637695,-87.1332,25.9172,33.7763436885018,63,63,63,63,61,63,0,8046,1.33458767306251,26,-87,0.001869,51,2023-09-17 13:29:14.001437,1799.59997558594,1.037,0.0011,"aoml_navis",1035.92730649972
"7901009",11,0,4,0.024297,1,0.001869,1,202.815752910588,1,4.82554102021484,1849.69995117188,1,4.33099985122681,34.9640007019043,0.0242970008403063,0,195.578704833984,-87.1332,25.9172,33.7763436885018,63,63,63,63,61,63,0,8046,1.33458767306251,26,-87,0.001869,51,2023-09-17 13:29:14.001437,1849.69995117188,1.037,0.0011,"aoml_navis",1036.15324769893
"7901009",11,0,4,0.022428,1,0,1,203.40735870864,1,4.82451654270525,1898.59997558594,1,4.32569980621338,34.9650001525879,0.0224280003458261,0,196.149200439453,-87.1332,25.9172,33.7763436885018,63,63,63,63,61,63,0,8046,1.33458767306251,26,-87,0.001869,51,2023-09-17 13:29:14.001437,1898.59997558594,1.037,0.0011,"aoml_navis",1036.37327299874
"7901009",11,0,1,0.029904,1,0.007476,1,203.774351146701,1,4.82344467850781,1950.09997558594,1,4.32250022888184,34.9650001525879,0.0299040004611015,0,196.50309753418,-87.1332,25.9172,33.7763436885018,63,63,63,63,61,63,0,8046,1.33458767306251,26,-87,0.001869,51,2023-09-17 13:29:14.001437,1950.09997558594,1.037,0.0011,"aoml_navis",1036.60357550671
"7901009",11,0,1,0.029904,1,0.007476,1,198.498397727766,4,4.82243081366868,1998.69995117188,1,4.31920003890991,34.9659996032715,0.0299040004611015,0,191.415405273438,-87.1332,25.9172,33.7763436885018,63,63,63,63,61,63,0,8046,1.33458767306251,26,-87,0.001869,51,2023-09-17 13:29:14.001437,1998.69995117188,1.037,0.0011,"aoml_navis",1036.82151039431
"7901009",12,0.0367408821603251,5,0.026166,1,0.003738,1,192.338861178086,1,4.8904174945881,2.29999995231628,1,30.3519992828369,36.056999206543,0.0261659994721413,0.0130829997360706,185.475601196289,-87.1174,25.2582,37.9501261117169,63,63,63,63,61,63,0.052332,8278,1.42435338845813,25,-87,0.001869,51,2023-09-27 20:24:02.00218,2.29999995231628,1.037,0.0011,"aoml_navis",1022.40759721091
"7901009",12,0.0367408821603251,5,0.031773,1,0.009345,1,192.438105660676,1,4.89029495479541,3.90000009536743,1,30.2910003662109,36.0540008544922,0.0317730009555817,0.0186899993568659,185.571304321289,-87.1174,25.2582,37.9501261117169,63,63,63,63,61,63,0.052332,8278,1.42435338845813,25,-87,0.001869,51,2023-09-27 20:24:02.00218,3.90000009536743,1.037,0.0011,"aoml_navis",1022.43321644577
"7901009",12,0.0367408821603251,5,0.033642,1,0.011214,1,192.933473609008,1,4.88996854102729,6,1,30.1100006103516,36.0499992370605,0.0336420014500618,0.020558999851346,186.04899597168,-87.1174,25.2582,37.9501261117169,63,63,63,63,61,63,0.052332,8278,1.42435338845813,25,-87,0.001869,51,2023-09-27 20:24:02.00218,6,1.037,0.0011,"aoml_navis",1022.50146561262
"7901009",12,0.0367408821603251,5,0.033642,1,0.011214,1,193.028572355877,1,4.8897918171385,8,1,30.0249996185303,36.048999786377,0.0336420014500618,0.020558999851346,186.140701293945,-87.1174,25.2582,37.9501261117169,63,63,63,63,61,63,0.052332,8278,1.42435338845813,25,-87,0.001869,51,2023-09-27 20:24:02.00218,8,1.037,0.0011,"aoml_navis",1022.53842024015
"7901009",12,0.0367408821603251,5,0.041118,1,0.01869,1,193.04164249979,1,4.88971823895526,10,1,30.0049991607666,36.048999786377,0.041117999702692,0.0280349999666214,186.153305053711,-87.1174,25.2582,37.9501261117169,63,63,63,63,61,63,0.052332,8278,1.42435338845813,25,-87,0.001869,51,2023-09-27 20:24:02.00218,10,1.037,0.0011,"aoml_navis",1022.55380691798
"7901009",12,0.0367408821603251,5,0.042987,1,0.020559,1,192.927049300984,1,4.88966270511908,12,1,29.996000289917,36.048999786377,0.0429870001971722,0.0299040004611015,186.04280090332,-87.1174,25.2582,37.9501261117169,63,63,63,63,61,63,0.052332,8278,1.42435338845813,25,-87,0.001869,51,2023-09-27 20:24:02.00218,12,1.037,0.0011,"aoml_navis",1022.56542046661
"7901009",12,0.0367408821603251,5,0.048594,1,0.026166,1,192.951211661461,1,4.8896101424916,14,1,29.9909992218018,36.0499992370605,0.0485940016806126,0.0355109982192516,186.066101074219,-87.1174,25.2582,37.9501261117169,63,63,63,63,61,63,0.052332,8278,1.42435338845813,25,-87,0.001869,51,2023-09-27 20:24:02.00218,14,1.037,0.0011,"aoml_navis",1022.57641290235
"7901009",12,0.0367408821603251,5,0.050463,1,0.028035,1,192.941986608312,1,4.88956117071914,16,1,29.9860000610352,36.0499992370605,0.0504629984498024,0.0373799987137318,186.057205200195,-87.1174,25.2582,37.9501261117169,63,63,63,63,61,63,0.052332,8278,1.42435338845813,25,-87,0.001869,51,2023-09-27 20:24:02.00218,16,1.037,0.0011,"aoml_navis",1022.58665459433
"7901009",12,0.0367408821603251,5,0.057939,1,0.035511,1,192.893551123426,1,4.88951189258083,18,1,29.9829998016357,36.0509986877441,0.0579390004277229,0.0448560006916523,186.010498046875,-87.1174,25.2582,37.9501261117169,63,63,63,63,61,63,0.052332,8278,1.42435338845813,25,-87,0.001869,51,2023-09-27 20:24:02.00218,18,1.037,0.0011,"aoml_navis",1022.59696056509
"7901009",12,0.0367408821603251,5,0.061677,1,0.039249,1,192.83226702249,1,4.8894645638896,20,1,29.9790000915527,36.0509986877441,0.0616770014166832,0.0485940016806126,185.951400756836,-87.1174,25.2582,37.9501261117169,63,63,63,63,61,63,0.052332,8278,1.42435338845813,25,-87,0.001869,51,2023-09-27 20:24:02.00218,20,1.037,0.0011,"aoml_navis",1022.60685902639
"7901009",12,0.0367408821603251,5,0.065415,1,0.042987,1,192.755950673713,1,4.8894116927931,22,1,29.9759998321533,36.0530014038086,0.0654150024056435,0.0523319989442825,185.877807617188,-87.1174,25.2582,37.9501261117169,63,63,63,63,61,63,0.052332,8278,1.42435338845813,25,-87,0.001869,51,2023-09-27 20:24:02.00218,22,1.037,0.0011,"aoml_navis",1022.6179168692
"7901009",12,0.0367408821603251,5,0.063546,1,0.041118,1,192.740807661941,1,4.88936764755458,24,1,29.9740009307861,36.0530014038086,0.0635460019111633,0.0504629984498024,185.863204956055,-87.1174,25.2582,37.9501261117169,63,63,63,63,61,63,0.052332,8278,1.42435338845813,25,-87,0.001869,51,2023-09-27 20:24:02.00218,24,1.037,0.0011,"aoml_navis",1022.62712899096
"7901009",12,0.0367408821603251,5,0.065415,1,0.042987,1,192.669143398285,1,4.88932165484472,26,1,29.9729995727539,36.0540008544922,0.0654150024056435,0.0523319989442825,185.794097900391,-87.1174,25.2582,37.9501261117169,63,63,63,63,61,63,0.052332,8278,1.42435338845813,25,-87,0.001869,51,2023-09-27 20:24:02.00218,26,1.037,0.0011,"aoml_navis",1022.63674860614
"7901009",12,0.0367408821603251,5,0.071022,1,0.048594,1,192.627765158175,1,4.88927925187977,28,1,29.9720001220703,36.0540008544922,0.0710219964385033,0.0579390004277229,185.754196166992,-87.1174,25.2582,37.9501261117169,63,63,63,63,61,63,0.052332,8278,1.42435338845813,25,-87,0.001869,51,2023-09-27 20:24:02.00218,28,1.037,0.0011,"aoml_navis",1022.6456175678
"7901009",12,0.0367408821603251,5,0.072891,1,0.050463,1,192.581212660124,1,4.88924043522074,30,1,29.9710006713867,36.0530014038086,0.0728909969329834,0.0598080009222031,185.70930480957,-87.1174,25.2582,37.9501261117169,63,63,63,63,61,63,0.052332,8278,1.42435338845813,25,-87,0.001869,51,2023-09-27 20:24:02.00218,30,1.037,0.0011,"aoml_navis",1022.65373655617
"7901009",12,0.0367408821603251,5,0.072891,1,0.050463,1,192.587019854816,1,4.88919475843616,32,1,29.9680004119873,36.0530014038086,0.0728909969329834,0.0598080009222031,185.714904785156,-87.1174,25.2582,37.9501261117169,63,63,63,63,61,63,0.052332,8278,1.42435338845813,25,-87,0.001869,51,2023-09-27 20:24:02.00218,32,1.037,0.0011,"aoml_navis",1022.66329059047
"7901009",12,0.0367408821603251,5,0.072891,1,0.050463,1,192.554550199479,1,4.88914908405086,34,1,29.9650001525879,36.0530014038086,0.0728909969329834,0.0598080009222031,185.68359375,-87.1174,25.2582,37.9501261117169,63,63,63,63,61,63,0.052332,8278,1.42435338845813,25,-87,0.001869,51,2023-09-27 20:24:02.00218,34,1.037,0.0011,"aoml_navis",1022.67284430142
"7901009",12,0.0367408821603251,5,0.07476,1,0.052332,1,192.523647062601,1,4.88911192499352,36,1,29.9650001525879,36.0519981384277,0.0747599974274635,0.0616770014166832,185.653793334961,-87.1174,25.2582,37.9501261117169,63,63,63,63,61,63,0.052332,8278,1.42435338845813,25,-87,0.001869,51,2023-09-27 20:24:02.00218,36,1.037,0.0011,"aoml_navis",1022.68061699296
"7901009",12,0.0380530565231938,1,0.076629,1,0.054201,1,192.381267940417,1,4.88904813730176,38.2000007629395,1,29.9599990844727,36.0550003051758,0.0766289979219437,0.0635460019111633,185.516494750977,-87.1174,25.2582,37.9501261117169,63,63,63,63,61,63,0.054201,8278,1.42435338845813,25,-87,0.001869,51,2023-09-27 20:24:02.00218,38.2000007629395,1.037,0.0011,"aoml_navis",1022.69395996569
"7901009",12,0.0472382770632751,1,0.089712,1,0.067284,1,192.726898876833,1,4.88893014331729,40,1,29.9409999847412,36.0690002441406,0.0897120013833046,0.0766289979219437,185.849792480469,-87.1174,25.2582,37.9501261117169,63,63,63,63,61,63,0.067284,8278,1.42435338845813,25,-87,0.001869,51,2023-09-27 20:24:02.00218,40,1.037,0.0011,"aoml_navis",1022.71864261234
"7901009",12,0.0537991488776189,1,0.099057,1,0.076629,1,198.181753503187,1,4.88864631346559,41.9000015258789,1,29.8349990844727,36.0890007019043,0.0990569964051247,0.0859740003943443,191.110000610352,-87.1174,25.2582,37.9501261117169,63,63,63,63,61,63,0.076629,8278,1.42435338845813,25,-87,0.001869,51,2023-09-27 20:24:02.00218,41.9000015258789,1.037,0.0011,"aoml_navis",1022.77802062049
"7901009",12,0.0551113232404876,1,0.100926,1,0.078498,1,203.214645020929,1,4.88826590172242,44,1,29.6940002441406,36.1189994812012,0.100925996899605,0.0878430008888245,195.963302612305,-87.1174,25.2582,37.9501261117169,63,63,63,63,61,63,0.078498,8278,1.42435338845813,25,-87,0.001869,51,2023-09-27 20:24:02.00218,44,1.037,0.0011,"aoml_navis",1022.85761464781
"7901009",12,0.0642965437805689,1,0.114009,1,0.091581,1,204.539318347533,1,4.88804744397842,46,1,29.5869998931885,36.1199989318848,0.114009000360966,0.100925996899605,197.240707397461,-87.1174,25.2582,37.9501261117169,63,63,63,63,61,63,0.091581,8278,1.42435338845813,25,-87,0.001869,51,2023-09-27 20:24:02.00218,46,1.037,0.0011,"aoml_navis",1022.90332843628
"7901009",12,0.0682330668691751,1,0.119616,1,0.097188,1,203.930385722614,1,4.88778111563351,48,1,29.3859996795654,36.0919990539551,0.119616001844406,0.106532998383045,196.653503417969,-87.1174,25.2582,37.9501261117169,63,63,63,63,61,63,0.097188,8278,1.42435338845813,25,-87,0.001869,51,2023-09-27 20:24:02.00218,48,1.037,0.0011,"aoml_navis",1022.9590650055
"7901009",12,0.0800426361349939,1,0.136437,1,0.114009,1,197.553848599151,1,4.88765599298921,50,1,29.4379997253418,36.1389999389648,0.136436998844147,0.123354002833366,190.504501342773,-87.1174,25.2582,37.9501261117169,63,63,63,63,61,63,0.114009,8278,1.42435338845813,25,-87,0.001869,51,2023-09-27 20:24:02.00218,50,1.037,0.0011,"aoml_navis",1022.9852524752
"7901009",12,0.0866035079493377,1,0.145782,1,0.123354,1,196.033392111981,1,4.88754809908154,52,1,29.5160007476807,36.193000793457,0.145781993865967,0.132698997855186,189.038299560547,-87.1174,25.2582,37.9501261117169,63,63,63,63,61,63,0.123354,8278,1.42435338845813,25,-87,0.001869,51,2023-09-27 20:24:02.00218,52,1.037,0.0011,"aoml_navis",1023.00783514327
"7901009",12,0.0931643797636815,1,0.155127,1,0.132699,1,195.901583033542,1,4.88748396036203,54,1,29.5060005187988,36.1949996948242,0.155127003788948,0.142043992877007,188.911193847656,-87.1174,25.2582,37.9501261117169,63,63,63,63,61,63,0.132699,8278,1.42435338845813,25,-87,0.001869,51,2023-09-27 20:24:02.00218,54,1.037,0.0011,"aoml_navis",1023.02126013108
"7901009",12,0.0944765541265502,1,0.156996,1,0.134568,1,195.98060518693,1,4.88737533330309,56,1,29.4729995727539,36.1990013122559,0.156995996832848,0.143913000822067,188.987396240234,-87.1174,25.2582,37.9501261117169,63,63,63,63,61,63,0.134568,8278,1.42435338845813,25,-87,0.001869,51,2023-09-27 20:24:02.00218,56,1.037,0.0011,"aoml_navis",1023.04399785494
"7901009",12,0.0879156823122064,4,0.147651,1,0.125223,1,195.84569471841,1,4.88725354864113,58,1,29.4230003356934,36.1990013122559,0.147651001811028,0.134568005800247,188.857299804688,-87.1174,25.2582,37.9501261117169,63,63,63,63,61,63,0.125223,8278,1.42435338845813,25,-87,0.001869,51,2023-09-27 20:24:02.00218,58,1.037,0.0011,"aoml_navis",1023.06949091893
"7901009",12,0.0918522054008127,1,0.153258,1,0.13083,1,196.019704854736,1,4.88713417661513,60,1,29.3700008392334,36.1969985961914,0.153257995843887,0.140174999833107,189.025100708008,-87.1174,25.2582,37.9501261117169,63,63,63,63,61,63,0.13083,8278,1.42435338845813,25,-87,0.001869,51,2023-09-27 20:24:02.00218,60,1.037,0.0011,"aoml_navis",1023.09448018123
"7901009",12,0.0984130772151564,1,0.162603,1,0.140175,1,196.004672606895,1,4.88706487368363,62,1,29.3589992523193,36.2000007629395,0.162603005766869,0.149519994854927,189.010604858398,-87.1174,25.2582,37.9501261117169,63,63,63,63,61,63,0.140175,8278,1.42435338845813,25,-87,0.001869,51,2023-09-27 20:24:02.00218,62,1.037,0.0011,"aoml_navis",1023.10898857196
"7901009",12,0.106286123392369,1,0.173817,1,0.151389,1,196.630298938626,1,4.88695672405,64,1,29.3040008544922,36.1940002441406,0.173816993832588,0.160733997821808,189.613906860352,-87.1174,25.2582,37.9501261117169,63,63,63,63,61,63,0.151389,8278,1.42435338845813,25,-87,0.001869,51,2023-09-27 20:24:02.00218,64,1.037,0.0011,"aoml_navis",1023.13163024213
"7901009",12,0.118095692658188,1,0.190638,1,0.16821,1,197.266590254615,1,4.88683741099075,66,1,29.2819995880127,36.2060012817383,0.19063800573349,0.177554994821548,190.227493286133,-87.1174,25.2582,37.9501261117169,63,63,63,63,61,63,0.16821,8278,1.42435338845813,25,-87,0.001869,51,2023-09-27 20:24:02.00218,66,1.037,0.0011,"aoml_navis",1023.1566101943
"7901009",12,0.116783518295319,1,0.188769,1,0.166341,1,197.216619898108,1,4.88667849738643,68,1,29.2110004425049,36.2070007324219,0.188768997788429,0.175686001777649,190.179306030273,-87.1174,25.2582,37.9501261117169,63,63,63,63,61,63,0.166341,8278,1.42435338845813,25,-87,0.001869,51,2023-09-27 20:24:02.00218,68,1.037,0.0011,"aoml_navis",1023.18988300011
"7901009",12,0.128593087561138,1,0.20559,1,0.183162,1,196.202528635322,1,4.88651680125664,70,1,29.1760005950928,36.2249984741211,0.20558999478817,0.19250699877739,189.201400756836,-87.1174,25.2582,37.9501261117169,63,63,63,63,61,63,0.183162,8278,1.42435338845813,25,-87,0.001869,51,2023-09-27 20:24:02.00218,70,1.037,0.0011,"aoml_navis",1023.22374062321
"7901009",12,0.127280913198269,1,0.203721,1,0.181293,1,195.648139334939,1,4.88632168545662,72,1,29.1180000305176,36.242000579834,0.20372100174427,0.19063800573349,188.666793823242,-87.1174,25.2582,37.9501261117169,63,63,63,63,61,63,0.181293,8278,1.42435338845813,25,-87,0.001869,51,2023-09-27 20:24:02.00218,72,1.037,0.0011,"aoml_navis",1023.26459898899
"7901009",12,0.150900051729907,1,0.237363,1,0.214935,1,195.620353411561,1,4.886014842128,74.0999984741211,1,28.9759998321533,36.2519989013672,0.237362995743752,0.224279999732971,188.639999389648,-87.1174,25.2582,37.9501261117169,63,63,63,63,61,63,0.214935,8278,1.42435338845813,25,-87,0.001869,51,2023-09-27 20:24:02.00218,74.0999984741211,1.037,0.0011,"aoml_navis",1023.32886034017
"7901009",12,0.164021795358594,1,0.256053,1,0.233625,1,194.689857270192,1,4.88577915792083,76,1,28.871000289917,36.2599983215332,0.256053000688553,0.242970004677773,187.742706298828,-87.1174,25.2582,37.9501261117169,63,63,63,63,61,63,0.233625,8278,1.42435338845813,25,-87,0.001869,51,2023-09-27 20:24:02.00218,76,1.037,0.0011,"aoml_navis",1023.37822451389
"7901009",12,0.175831364624413,1,0.272874,1,0.250446,1,194.348467010009,1,4.88544608423732,78,1,28.7329998016357,36.2799987792969,0.272873997688293,0.259790986776352,187.413497924805,-87.1174,25.2582,37.9501261117169,63,63,63,63,61,63,0.250446,8278,1.42435338845813,25,-87,0.001869,51,2023-09-27 20:24:02.00218,78,1.037,0.0011,"aoml_navis",1023.44799508325
"7901009",12,0.206011374970394,1,0.315861,1,0.293433,1,194.152367381066,1,4.88512517477885,80,1,28.6180000305176,36.306999206543,0.315860986709595,0.302778005599976,187.224395751953,-87.1174,25.2582,37.9501261117169,63,63,63,63,61,63,0.293433,8278,1.42435338845813,25,-87,0.001869,51,2023-09-27 20:24:02.00218,80,1.037,0.0011,"aoml_navis",1023.51522655228
"7901009",12,0.209947898059,1,0.321468,1,0.29904,1,194.06630380632,1,4.88494236715048,82,1,28.548999786377,36.3160018920898,0.321467995643616,0.308385014533997,187.141403198242,-87.1174,25.2582,37.9501261117169,63,63,63,63,61,63,0.29904,8278,1.42435338845813,25,-87,0.001869,51,2023-09-27 20:24:02.00218,82,1.037,0.0011,"aoml_navis",1023.55352923368
"7901009",12,0.227006164776294,1,0.345765,1,0.323337,1,193.483400705295,1,4.88474770224312,84.0999984741211,1,28.4850006103516,36.3300018310547,0.345764994621277,0.332682013511658,186.579299926758,-87.1174,25.2582,37.9501261117169,63,63,63,63,61,63,0.323337,8278,1.42435338845813,25,-87,0.001869,51,2023-09-27 20:24:02.00218,84.0999984741211,1.037,0.0011,"aoml_navis",1023.59431945768
"7901009",12,0.265059221299488,1,0.399966,1,0.377538,1,192.956196038377,1,4.88454231947239,86,1,28.3980007171631,36.3380012512207,0.39996600151062,0.386882990598679,186.070907592773,-87.1174,25.2582,37.9501261117169,63,63,63,63,61,63,0.377538,8278,1.42435338845813,25,-87,0.001869,51,2023-09-27 20:24:02.00218,86,1.037,0.0011,"aoml_navis",1023.63735903512
"7901009",12,0.282117488016782,1,0.424263,1,0.401835,1,192.466413756873,1,4.88435256119795,88,1,28.32200050354,36.3460006713867,0.424263000488281,0.41117998957634,185.598602294922,-87.1174,25.2582,37.9501261117169,63,63,63,63,61,63,0.401835,8278,1.42435338845813,25,-87,0.001869,51,2023-09-27 20:24:02.00218,88,1.037,0.0011,"aoml_navis",1023.67712759328
"7901009",12,0.288678359831126,1,0.433608,1,0.41118,1,192.164645337316,1,4.88415653559908,90,1,28.2259998321533,36.3470001220703,0.433607995510101,0.420525014400482,185.307601928711,-87.1174,25.2582,37.9501261117169,63,63,63,63,61,63,0.41118,8278,1.42435338845813,25,-87,0.001869,51,2023-09-27 20:24:02.00218,90,1.037,0.0011,"aoml_navis",1023.71821286983
"7901009",12,0.300487929096944,1,0.450429,1,0.428001,1,191.935158294747,1,4.88389137143185,92,1,28.0949993133545,36.3520011901855,0.450428992509842,0.437346011400223,185.086303710938,-87.1174,25.2582,37.9501261117169,63,63,63,63,61,63,0.428001,8278,1.42435338845813,25,-87,0.001869,51,2023-09-27 20:24:02.00218,92,1.037,0.0011,"aoml_navis",1023.77379424271
"7901009",12,0.297863580371207,1,0.446691,1,0.424263,1,191.472022650469,1,4.8836472346131,94,1,27.9930000305176,36.3639984130859,0.446691006422043,0.433607995510101,184.639694213867,-87.1174,25.2582,37.9501261117169,63,63,63,63,61,63,0.424263,8278,1.42435338845813,25,-87,0.001869,51,2023-09-27 20:24:02.00218,94,1.037,0.0011,"aoml_navis",1023.82497338511
"7901009",12,0.314921847088501,1,0.470988,1,0.44856,1,190.981116906232,1,4.88345850694232,96,1,27.9330005645752,36.3790016174316,0.470988005399704,0.457904994487762,184.166305541992,-87.1174,25.2582,37.9501261117169,63,63,63,63,61,63,0.44856,8278,1.42435338845813,25,-87,0.001869,51,2023-09-27 20:24:02.00218,96,1.037,0.0011,"aoml_navis",1023.86454044649
"7901009",12,0.322794893265713,1,0.482202,1,0.459774,1,190.34253119452,1,4.88325295824141,98,1,27.8530006408691,36.3899993896484,0.482201993465424,0.469119012355804,183.550506591797,-87.1174,25.2582,37.9501261117169,63,63,63,63,61,63,0.459774,8278,1.42435338845813,25,-87,0.001869,51,2023-09-27 20:24:02.00218,98,1.037,0.0011,"aoml_navis",1023.90763754344
"7901009",12,0.326731416354319,1,0.487809,1,0.465381,1,189.705290473404,1,4.8829853462675,100,1,27.7630004882812,36.4140014648438,0.487809002399445,0.474725991487503,182.936004638672,-87.1174,25.2582,37.9501261117169,63,63,63,63,61,63,0.465381,8278,1.42435338845813,25,-87,0.001869,51,2023-09-27 20:24:02.00218,100,1.037,0.0011,"aoml_navis",1023.96375279355
"7901009",12,0.351662729248826,1,0.52332,1,0.500892,1,188.359571999823,1,4.88282332972304,101.900001525879,1,27.7070007324219,36.423999786377,0.523320019245148,0.510236978530884,181.638305664062,-87.1174,25.2582,37.9501261117169,63,63,63,63,61,63,0.500892,8278,1.42435338845813,25,-87,0.001869,51,2023-09-27 20:24:02.00218,101.900001525879,1.037,0.0011,"aoml_navis",1023.9977288475
"7901009",12,0.388403611409151,1,0.575652,1,0.553224,1,186.871885812947,1,4.88249916491658,104,1,27.5540008544922,36.4360008239746,0.575652003288269,0.56256902217865,180.203704833984,-87.1174,25.2582,37.9501261117169,63,63,63,63,61,63,0.553224,8278,1.42435338845813,25,-87,0.001869,51,2023-09-27 20:24:02.00218,104,1.037,0.0011,"aoml_navis",1024.06571534671
"7901009",12,0.438266237198163,1,0.646674,1,0.624246,1,186.132188455229,1,4.88227110979976,106,1,27.4379997253418,36.4379997253418,0.646673977375031,0.633590996265411,179.49040222168,-87.1174,25.2582,37.9501261117169,63,63,63,63,61,63,0.624246,8278,1.42435338845813,25,-87,0.001869,51,2023-09-27 20:24:02.00218,106,1.037,0.0011,"aoml_navis",1024.11355034421
"7901009",12,0.49468973480152,1,0.727041,1,0.704613,1,185.349973571248,1,4.88200664844047,108,1,27.326000213623,36.4519996643066,0.727041006088257,0.713958024978638,178.736099243164,-87.1174,25.2582,37.9501261117169,63,63,63,63,61,63,0.704613,8278,1.42435338845813,25,-87,0.001869,51,2023-09-27 20:24:02.00218,108,1.037,0.0011,"aoml_navis",1024.16902721696
"7901009",12,0.507811478430207,1,0.745731,1,0.723303,1,184.422990228848,1,4.88168472511525,110,1,27.2229995727539,36.4860000610352,0.745730996131897,0.732648015022278,177.842193603516,-87.1174,25.2582,37.9501261117169,63,63,63,63,61,63,0.723303,8278,1.42435338845813,25,-87,0.001869,51,2023-09-27 20:24:02.00218,110,1.037,0.0011,"aoml_navis",1024.2365661748
"7901009",12,0.524869745147501,1,0.770028,1,0.7476,1,184.703919205872,1,4.8814662616121,112,1,27.1380004882812,36.4990005493164,0.770027995109558,0.756945013999939,178.113098144531,-87.1174,25.2582,37.9501261117169,63,63,63,63,61,63,0.7476,8278,1.42435338845813,25,-87,0.001869,51,2023-09-27 20:24:02.00218,112,1.037,0.0011,"aoml_navis",1024.28240451441
"7901009",12,0.493377560438651,1,0.725172,1,0.702744,1,184.797245729837,1,4.88121779575196,114,1,27.0590000152588,36.5229988098145,0.725171983242035,0.712089002132416,178.203094482422,-87.1174,25.2582,37.9501261117169,63,63,63,63,61,63,0.702744,8278,1.42435338845813,25,-87,0.001869,51,2023-09-27 20:24:02.00218,114,1.037,0.0011,"aoml_navis",1024.33454298053
"7901009",12,0.482880165535701,1,0.71022,1,0.687792,1,181.996516429161,1,4.88089283879369,116,1,26.9300003051758,36.5470008850098,0.710219979286194,0.697136998176575,175.502304077148,-87.1174,25.2582,37.9501261117169,63,63,63,63,61,63,0.687792,8278,1.42435338845813,25,-87,0.001869,51,2023-09-27 20:24:02.00218,116,1.037,0.0011,"aoml_navis",1024.40274046987
"7901009",12,0.451387980826851,1,0.665364,1,0.642936,1,181.05605153396,1,4.88054070066998,118,1,26.6840000152588,36.5289993286133,0.665364027023315,0.652280986309052,174.595397949219,-87.1174,25.2582,37.9501261117169,63,63,63,63,61,63,0.642936,8278,1.42435338845813,25,-87,0.001869,51,2023-09-27 20:24:02.00218,118,1.037,0.0011,"aoml_navis",1024.4766526204
"7901009",12,0.450075806463982,1,0.663495,1,0.641067,1,180.241699286437,1,4.88034935097223,120,1,26.636999130249,36.5509986877441,0.663495004177094,0.650412023067474,173.810104370117,-87.1174,25.2582,37.9501261117169,63,63,63,63,61,63,0.641067,8278,1.42435338845813,25,-87,0.001869,51,2023-09-27 20:24:02.00218,120,1.037,0.0011,"aoml_navis",1024.5168205026
"7901009",12,0.435641888472426,1,0.642936,1,0.620508,1,178.645337859378,1,4.88024040715951,122,1,26.6040000915527,36.5559997558594,0.642935991287231,0.629853010177612,172.270706176758,-87.1174,25.2582,37.9501261117169,63,63,63,63,61,63,0.620508,8278,1.42435338845813,25,-87,0.001869,51,2023-09-27 20:24:02.00218,122,1.037,0.0011,"aoml_navis",1024.53969125472
"7901009",12,0.41071057557792,1,0.607425,1,0.584997,1,177.247354633566,1,4.88004284112452,124,1,26.5149993896484,36.5620002746582,0.607424974441528,0.594341993331909,170.922607421875,-87.1174,25.2582,37.9501261117169,63,63,63,63,61,63,0.584997,8278,1.42435338845813,25,-87,0.001869,51,2023-09-27 20:24:02.00218,124,1.037,0.0011,"aoml_navis",1024.58116921937
"7901009",12,0.40021318067497,1,0.592473,1,0.570045,1,176.654387838197,1,4.87980454884663,126,1,26.4249992370605,36.5789985656738,0.592472970485687,0.579389989376068,170.350799560547,-87.1174,25.2582,37.9501261117169,63,63,63,63,61,63,0.570045,8278,1.42435338845813,25,-87,0.001869,51,2023-09-27 20:24:02.00218,126,1.037,0.0011,"aoml_navis",1024.63120191602
"7901009",12,0.360847949788907,1,0.536403,1,0.513975,1,176.836594505451,1,4.8795119147967,128,1,26.363000869751,36.6230010986328,0.536403000354767,0.523320019245148,170.526504516602,-87.1174,25.2582,37.9501261117169,63,63,63,63,61,63,0.513975,8278,1.42435338845813,25,-87,0.001869,51,2023-09-27 20:24:02.00218,128,1.037,0.0011,"aoml_navis",1024.69265109035
"7901009",12,0.320170544539976,1,0.478464,1,0.456036,1,175.99951982856,1,4.87914874059733,130,1,26.2970008850098,36.685001373291,0.478464007377625,0.465380996465683,169.719299316406,-87.1174,25.2582,37.9501261117169,63,63,63,63,61,63,0.456036,8278,1.42435338845813,25,-87,0.001869,51,2023-09-27 20:24:02.00218,130,1.037,0.0011,"aoml_navis",1024.76892298796
"7901009",12,0.265059221299488,1,0.399966,1,0.377538,1,174.555189809141,1,4.87868253792274,132,1,26.1840000152588,36.7560005187988,0.39996600151062,0.386882990598679,168.326507568359,-87.1174,25.2582,37.9501261117169,63,63,63,63,61,63,0.377538,8278,1.42435338845813,25,-87,0.001869,51,2023-09-27 20:24:02.00218,132,1.037,0.0011,"aoml_navis",1024.866849018
"7901009",12,0.244064431493588,1,0.370062,1,0.347634,1,172.750892835891,1,4.87838797069971,134,1,26.0750007629395,36.7809982299805,0.370061993598938,0.356979012489319,166.58659362793,-87.1174,25.2582,37.9501261117169,63,63,63,63,61,63,0.347634,8278,1.42435338845813,25,-87,0.001869,51,2023-09-27 20:24:02.00218,134,1.037,0.0011,"aoml_navis",1024.92873261223
"7901009",12,0.215196595510475,1,0.328944,1,0.306516,1,171.196226117318,1,4.87808206315506,136,1,25.9389991760254,36.7980003356934,0.328943997621536,0.315860986709595,165.08740234375,-87.1174,25.2582,37.9501261117169,63,63,63,63,61,63,0.306516,8278,1.42435338845813,25,-87,0.001869,51,2023-09-27 20:24:02.00218,136,1.037,0.0011,"aoml_navis",1024.99300652726
"7901009",12,0.185016585164494,1,0.285957,1,0.263529,1,169.856520542874,1,4.87773038167314,138,1,25.8199996948242,36.8349990844727,0.285957008600235,0.272873997688293,163.795501708984,-87.1174,25.2582,37.9501261117169,63,63,63,63,61,63,0.263529,8278,1.42435338845813,25,-87,0.001869,51,2023-09-27 20:24:02.00218,138,1.037,0.0011,"aoml_navis",1025.06690791813
"7901009",12,0.169270492810069,1,0.263529,1,0.241101,1,169.135067587009,1,4.87753300602747,140,1,25.7560005187988,36.8520011901855,0.263529002666473,0.250445991754532,163.099792480469,-87.1174,25.2582,37.9501261117169,63,63,63,63,61,63,0.241101,8278,1.42435338845813,25,-87,0.001869,51,2023-09-27 20:24:02.00218,140,1.037,0.0011,"aoml_navis",1025.10838856881
"7901009",12,0.153524400455644,1,0.241101,1,0.218673,1,168.448157154342,1,4.87738133427119,142,1,25.6840000152588,36.8530006408691,0.241100996732712,0.228018000721931,162.437393188477,-87.1174,25.2582,37.9501261117169,63,63,63,63,61,63,0.218673,8278,1.42435338845813,25,-87,0.001869,51,2023-09-27 20:24:02.00218,142,1.037,0.0011,"aoml_navis",1025.14026632841
"7901009",12,0.143027005552694,1,0.226149,1,0.203721,1,167.466946955782,1,4.87718254115148,144,1,25.5849990844727,36.8559989929199,0.226148992776871,0.21306599676609,161.491195678711,-87.1174,25.2582,37.9501261117169,63,63,63,63,61,63,0.203721,8278,1.42435338845813,25,-87,0.001869,51,2023-09-27 20:24:02.00218,144,1.037,0.0011,"aoml_navis",1025.18205086897
"7901009",12,0.139090482464088,1,0.220542,1,0.198114,1,166.755668458193,1,4.87686884062358,146,1,25.44700050354,36.875,0.220541998744011,0.207459002733231,160.805297851562,-87.1174,25.2582,37.9501261117169,63,63,63,63,61,63,0.198114,8278,1.42435338845813,25,-87,0.001869,51,2023-09-27 20:24:02.00218,146,1.037,0.0011,"aoml_navis",1025.24799485087
"7901009",12,0.140402656826957,1,0.222411,1,0.199983,1,166.124139991257,1,4.87665306602898,148,1,25.4039993286133,36.9059982299805,0.222411006689072,0.20932799577713,160.196304321289,-87.1174,25.2582,37.9501261117169,63,63,63,63,61,63,0.199983,8278,1.42435338845813,25,-87,0.001869,51,2023-09-27 20:24:02.00218,148,1.037,0.0011,"aoml_navis",1025.29335843681
"7901009",12,0.133841785012613,1,0.213066,1,0.190638,1,165.098434339087,1,4.87639573730198,150,1,25.3449993133545,36.9420013427734,0.21306599676609,0.19998300075531,159.20719909668,-87.1174,25.2582,37.9501261117169,63,63,63,63,61,63,0.190638,8278,1.42435338845813,25,-87,0.001869,51,2023-09-27 20:24:02.00218,150,1.037,0.0011,"aoml_navis",1025.3474634457
"7901009",12,0.122032215746794,1,0.196245,1,0.173817,1,164.235646606678,1,4.87620117334223,152.100006103516,1,25.2859992980957,36.9599990844727,0.19624499976635,0.183162003755569,158.375198364258,-87.1174,25.2582,37.9501261117169,63,63,63,63,61,63,0.173817,8278,1.42435338845813,25,-87,0.001869,51,2023-09-27 20:24:02.00218,152.100006103516,1.037,0.0011,"aoml_navis",1025.38837555238
"7901009",12,0.123344390109663,1,0.198114,1,0.175686,1,163.597171658897,1,4.87606127590232,154,1,25.2320003509521,36.9659996032715,0.198113992810249,0.185030996799469,157.759506225586,-87.1174,25.2582,37.9501261117169,63,63,63,63,61,63,0.175686,8278,1.42435338845813,25,-87,0.001869,51,2023-09-27 20:24:02.00218,154,1.037,0.0011,"aoml_navis",1025.41779462662
"7901009",12,0.103661774666631,1,0.170079,1,0.147651,1,163.046105276458,1,4.87593545036269,156,1,25.1840000152588,36.9700012207031,0.170078992843628,0.156995996832848,157.228103637695,-87.1174,25.2582,37.9501261117169,63,63,63,63,61,63,0.147651,8278,1.42435338845813,25,-87,0.001869,51,2023-09-27 20:24:02.00218,156,1.037,0.0011,"aoml_navis",1025.44425595874
"7901009",12,0.103661774666631,1,0.170079,1,0.147651,1,162.439356283331,1,4.87578818359679,158,1,25.0919990539551,36.9620018005371,0.170078992843628,0.156995996832848,156.643005371094,-87.1174,25.2582,37.9501261117169,63,63,63,63,61,63,0.147651,8278,1.42435338845813,25,-87,0.001869,51,2023-09-27 20:24:02.00218,158,1.037,0.0011,"aoml_navis",1025.47522815308
"7901009",12,0.0931643797636815,4,0.155127,1,0.132699,1,161.678914423592,1,4.87558134411254,160,1,24.9909992218018,36.9669990539551,0.155127003788948,0.142043992877007,155.909698486328,-87.1174,25.2582,37.9501261117169,63,63,63,63,61,63,0.132699,8278,1.42435338845813,25,-87,0.001869,51,2023-09-27 20:24:02.00218,160,1.037,0.0011,"aoml_navis",1025.51873245591
"7901009",12,0.0984130772151564,1,0.162603,1,0.140175,1,161.35205006185,1,4.8754568587384,162,1,24.951000213623,36.9739990234375,0.162603005766869,0.149519994854927,155.594497680664,-87.1174,25.2582,37.9501261117169,63,63,63,63,61,63,0.140175,8278,1.42435338845813,25,-87,0.001869,51,2023-09-27 20:24:02.00218,162,1.037,0.0011,"aoml_navis",1025.544917096
"7901009",12,0.0905400310379439,1,0.151389,1,0.128961,1,161.254577802164,1,4.8753069132669,164,1,24.8959999084473,36.9819984436035,0.151389002799988,0.138306006789207,155.500503540039,-87.1174,25.2582,37.9501261117169,63,63,63,63,61,63,0.128961,8278,1.42435338845813,25,-87,0.001869,51,2023-09-27 20:24:02.00218,164,1.037,0.0011,"aoml_navis",1025.5764588674
"7901009",12,0.0839791592236002,1,0.142044,1,0.119616,1,160.992526163745,1,4.87518424638128,166,1,24.8349990844727,36.9799995422363,0.142043992877007,0.128960996866226,155.247802734375,-87.1174,25.2582,37.9501261117169,63,63,63,63,61,63,0.119616,8278,1.42435338845813,25,-87,0.001869,51,2023-09-27 20:24:02.00218,166,1.037,0.0011,"aoml_navis",1025.60226389626
"7901009",12,0.0879156823122064,1,0.147651,1,0.125223,1,159.986425727443,1,4.87500834876917,168,1,24.7250003814697,36.9729995727539,0.147651001811028,0.134568005800247,154.277603149414,-87.1174,25.2582,37.9501261117169,63,63,63,63,61,63,0.125223,8278,1.42435338845813,25,-87,0.001869,51,2023-09-27 20:24:02.00218,168,1.037,0.0011,"aoml_navis",1025.639269164
"7901009",12,0.0866035079493377,1,0.145782,1,0.123354,1,159.212407374391,1,4.87476033053913,170,1,24.5599994659424,36.9640007019043,0.145781993865967,0.132698997855186,153.531204223633,-87.1174,25.2582,37.9501261117169,63,63,63,63,61,63,0.123354,8278,1.42435338845813,25,-87,0.001869,51,2023-09-27 20:24:02.00218,170,1.037,0.0011,"aoml_navis",1025.69145167533
"7901009",12,0.0971009028522877,1,0.160734,1,0.138306,1,158.710282826239,1,4.87454769569392,172,1,24.3589992523193,36.9309997558594,0.160733997821808,0.147651001811028,153.046997070312,-87.1174,25.2582,37.9501261117169,63,63,63,63,61,63,0.138306,8278,1.42435338845813,25,-87,0.001869,51,2023-09-27 20:24:02.00218,172,1.037,0.0011,"aoml_navis",1025.7361938251
"7901009",12,0.0931643797636815,1,0.155127,1,0.132699,1,157.902465650673,1,4.87435375847932,174,1,24.1800003051758,36.9020004272461,0.155127003788948,0.142043992877007,152.268005371094,-87.1174,25.2582,37.9501261117169,63,63,63,63,61,63,0.132699,8278,1.42435338845813,25,-87,0.001869,51,2023-09-27 20:24:02.00218,174,1.037,0.0011,"aoml_navis",1025.77700506495
"7901009",12,0.0866035079493377,1,0.145782,1,0.123354,1,157.521057964395,1,4.874034316917,176,1,23.9500007629395,36.8880004882812,0.145781993865967,0.132698997855186,151.900207519531,-87.1174,25.2582,37.9501261117169,63,63,63,63,61,63,0.123354,8278,1.42435338845813,25,-87,0.001869,51,2023-09-27 20:24:02.00218,176,1.037,0.0011,"aoml_navis",1025.84423393282
"7901009",12,0.0734817643206502,4,0.127092,1,0.104664,1,157.49491767657,1,4.87383928805577,178,1,23.7150001525879,36.8380012512207,0.127092003822327,0.114009000360966,151.875,-87.1174,25.2582,37.9501261117169,63,63,63,63,61,63,0.104664,8278,1.42435338845813,25,-87,0.001869,51,2023-09-27 20:24:02.00218,178,1.037,0.0011,"aoml_navis",1025.88528354913
"7901009",12,0.0747939386835189,4,0.128961,1,0.106533,1,157.588766373355,1,4.87355057761935,180,1,23.2630004882812,36.7299995422363,0.128960996866226,0.115878000855446,151.96549987793,-87.1174,25.2582,37.9501261117169,63,63,63,63,61,63,0.106533,8278,1.42435338845813,25,-87,0.001869,51,2023-09-27 20:24:02.00218,180,1.037,0.0011,"aoml_navis",1025.94605726703
"7901009",12,0.107598297755238,1,0.175686,1,0.153258,1,156.142458426589,1,4.87309386345062,182,1,22.5890007019043,36.5859985351562,0.175686001777649,0.162603005766869,150.57080078125,-87.1174,25.2582,37.9501261117169,63,63,63,63,61,63,0.153258,8278,1.42435338845813,25,-87,0.001869,51,2023-09-27 20:24:02.00218,182,1.037,0.0011,"aoml_navis",1026.04221057616
"7901009",12,0.101037425940894,1,0.166341,1,0.143913,1,153.161895971475,1,4.87289229871993,184,1,22.2950000762939,36.5190010070801,0.166341006755829,0.153257995843887,147.696594238281,-87.1174,25.2582,37.9501261117169,63,63,63,63,61,63,0.143913,8278,1.42435338845813,25,-87,0.001869,51,2023-09-27 20:24:02.00218,184,1.037,0.0011,"aoml_navis",1026.08465229438
"7901009",12,0.0984130772151564,1,0.162603,1,0.140175,1,149.911512579322,1,4.87263540084496,186,1,22.1679992675781,36.5309982299805,0.162603005766869,0.149519994854927,144.562194824219,-87.1174,25.2582,37.9501261117169,63,63,63,63,61,63,0.140175,8278,1.42435338845813,25,-87,0.001869,51,2023-09-27 20:24:02.00218,186,1.037,0.0011,"aoml_navis",1026.13875011723
"7901009",12,0.0747939386835189,4,0.128961,1,0.106533,1,146.089634771085,1,4.87232593804618,188,1,22.0790004730225,36.5719985961914,0.128960996866226,0.115878000855446,140.876693725586,-87.1174,25.2582,37.9501261117169,63,63,63,63,61,63,0.106533,8278,1.42435338845813,25,-87,0.001869,51,2023-09-27 20:24:02.00218,188,1.037,0.0011,"aoml_navis",1026.20392469167
"7901009",12,0.0669208925063064,4,0.117747,1,0.095319,1,143.589534603813,1,4.87206209599598,190,1,22.1459999084473,36.6590003967285,0.117747001349926,0.104663997888565,138.465805053711,-87.1174,25.2582,37.9501261117169,63,63,63,63,61,63,0.095319,8278,1.42435338845813,25,-87,0.001869,51,2023-09-27 20:24:02.00218,190,1.037,0.0011,"aoml_navis",1026.25949782314
"7901009",12,0.0826669848607314,1,0.140175,1,0.117747,1,142.599194292617,1,4.87172811721276,192,1,21.8999996185303,36.6479988098145,0.140174999833107,0.127092003822327,137.510803222656,-87.1174,25.2582,37.9501261117169,63,63,63,63,61,63,0.117747,8278,1.42435338845813,25,-87,0.001869,51,2023-09-27 20:24:02.00218,192,1.037,0.0011,"aoml_navis",1026.3298525084
"7901009",12,0.0787304617721252,1,0.134568,1,0.11214,1,139.381881845715,1,4.87150101641262,194,1,21.6889991760254,36.6209983825684,0.134568005800247,0.121485002338886,134.408294677734,-87.1174,25.2582,37.9501261117169,63,63,63,63,61,63,0.11214,8278,1.42435338845813,25,-87,0.001869,51,2023-09-27 20:24:02.00218,194,1.037,0.0011,"aoml_navis",1026.37769819907
"7901009",12,0.0879156823122064,1,0.147651,1,0.125223,1,133.971427732458,1,4.8713122201536,196,1,21.5189990997314,36.5989990234375,0.147651001811028,0.134568005800247,129.190902709961,-87.1174,25.2582,37.9501261117169,63,63,63,63,61,63,0.125223,8278,1.42435338845813,25,-87,0.001869,51,2023-09-27 20:24:02.00218,196,1.037,0.0011,"aoml_navis",1026.41747726906
"7901009",12,0.0813548104978627,1,0.138306,1,0.115878,1,131.278843587435,1,4.87095387578786,198,1,21.2910003662109,36.6030006408691,0.138306006789207,0.125222995877266,126.594398498535,-87.1174,25.2582,37.9501261117169,63,63,63,63,61,63,0.115878,8278,1.42435338845813,25,-87,0.001869,51,2023-09-27 20:24:02.00218,198,1.037,0.0011,"aoml_navis",1026.49298833512
"7901009",12,0.0564234976033564,1,0.102795,1,0.080367,1,129.076563896735,1,4.87070817320566,200,1,21.4060001373291,36.7019996643066,0.102794997394085,0.0897120013833046,124.470703125,-87.1174,25.2582,37.9501261117169,63,63,63,63,61,63,0.080367,8278,1.42435338845813,25,-87,0.001869,51,2023-09-27 20:24:02.00218,200,1.037,0.0011,"aoml_navis",1026.54476971246
"7901009",12,0.0551113232404876,1,0.100926,1,0.078498,1,126.785095506081,1,4.87054282641623,202,1,21.2959995269775,36.6959991455078,0.100925996899605,0.0878430008888245,122.261001586914,-87.1174,25.2582,37.9501261117169,63,63,63,63,61,63,0.078498,8278,1.42435338845813,25,-87,0.001869,51,2023-09-27 20:24:02.00218,202,1.037,0.0011,"aoml_navis",1026.57961919186
"7901009",12,0.0551113232404876,1,0.100926,1,0.078498,1,125.956731621228,1,4.87025715279923,204,1,21.0669994354248,36.6800003051758,0.100925996899605,0.0878430008888245,121.462196350098,-87.1174,25.2582,37.9501261117169,63,63,63,63,61,63,0.078498,8278,1.42435338845813,25,-87,0.001869,51,2023-09-27 20:24:02.00218,204,1.037,0.0011,"aoml_navis",1026.63983504982
"7901009",12,0.0577356719662251,1,0.104664,1,0.082236,1,129.699698040009,1,4.87007145222338,206,1,20.8770008087158,36.6510009765625,0.104663997888565,0.0915810018777847,125.071601867676,-87.1174,25.2582,37.9501261117169,63,63,63,63,61,63,0.082236,8278,1.42435338845813,25,-87,0.001869,51,2023-09-27 20:24:02.00218,206,1.037,0.0011,"aoml_navis",1026.67898182835
"7901009",12,0.0341165334345876,1,0.071022,1,0.048594,1,137.216621043251,1,4.86988325902772,208,1,20.9080009460449,36.7029991149902,0.0710219964385033,0.0579390004277229,132.320297241211,-87.1174,25.2582,37.9501261117169,63,63,63,63,61,63,0.048594,8278,1.42435338845813,25,-87,0.001869,51,2023-09-27 20:24:02.00218,208,1.037,0.0011,"aoml_navis",1026.71865711176
"7901009",12,0.0275556616202438,4,0.061677,1,0.039249,1,140.513256288499,1,4.86956027643614,210,1,20.9489994049072,36.7960014343262,0.0616770014166832,0.0485940016806126,135.499298095703,-87.1174,25.2582,37.9501261117169,63,63,63,63,61,63,0.039249,8278,1.42435338845813,25,-87,0.001869,51,2023-09-27 20:24:02.00218,210,1.037,0.0011,"aoml_navis",1026.78675612561
"7901009",12,0.0223069641687688,4,0.054201,1,0.031773,1,138.404516737918,1,4.86934127402776,212,1,20.7910003662109,36.7879981994629,0.0542009994387627,0.041117999702692,133.465805053711,-87.1174,25.2582,37.9501261117169,63,63,63,63,61,63,0.031773,8278,1.42435338845813,25,-87,0.001869,51,2023-09-27 20:24:02.00218,212,1.037,0.0011,"aoml_navis",1026.83293665801
"7901009",12,0.0341165334345876,1,0.071022,1,0.048594,1,137.528041748264,1,4.86916394606013,214,1,20.4890003204346,36.7169990539551,0.0710219964385033,0.0579390004277229,132.62060546875,-87.1174,25.2582,37.9501261117169,63,63,63,63,61,63,0.048594,8278,1.42435338845813,25,-87,0.001869,51,2023-09-27 20:24:02.00218,214,1.037,0.0011,"aoml_navis",1026.8703324409
"7901009",12,0.0301800103459813,1,0.065415,1,0.042987,1,138.610569297274,1,4.86904717279897,216,1,20.4640007019043,36.7290000915527,0.0654150024056435,0.0523319989442825,133.664505004883,-87.1174,25.2582,37.9501261117169,63,63,63,63,61,63,0.042987,8278,1.42435338845813,25,-87,0.001869,51,2023-09-27 20:24:02.00218,216,1.037,0.0011,"aoml_navis",1026.89495964069
"7901009",12,0.0314921847088501,1,0.067284,1,0.044856,1,136.843710532858,1,4.8689414867749,218,1,20.42799949646,36.734001159668,0.0672840029001236,0.0542009994387627,131.960693359375,-87.1174,25.2582,37.9501261117169,63,63,63,63,61,63,0.044856,8278,1.42435338845813,25,-87,0.001869,51,2023-09-27 20:24:02.00218,218,1.037,0.0011,"aoml_navis",1026.91724958722
"7901009",12,0.0380530565231938,1,0.076629,1,0.054201,1,134.938839909842,1,4.86881021856453,220,1,20.2880001068115,36.7089996337891,0.0766289979219437,0.0635460019111633,130.123794555664,-87.1174,25.2582,37.9501261117169,63,63,63,63,61,63,0.054201,8278,1.42435338845813,25,-87,0.001869,51,2023-09-27 20:24:02.00218,220,1.037,0.0011,"aoml_navis",1026.94493634918
"7901009",12,0.0419895796118001,1,0.082236,1,0.059808,1,133.818367802597,1,4.86860269049815,222,1,20.068000793457,36.6769981384277,0.0822359994053841,0.0691530033946037,129.043304443359,-87.1174,25.2582,37.9501261117169,63,63,63,63,61,63,0.059808,8278,1.42435338845813,25,-87,0.001869,51,2023-09-27 20:24:02.00218,222,1.037,0.0011,"aoml_navis",1026.98871069481
"7901009",12,0.0472382770632751,1,0.089712,1,0.067284,1,133.625686032111,1,4.86850539931525,224,1,19.9729995727539,36.6590003967285,0.0897120013833046,0.0766289979219437,128.857498168945,-87.1174,25.2582,37.9501261117169,63,63,63,63,61,63,0.067284,8278,1.42435338845813,25,-87,0.001869,51,2023-09-27 20:24:02.00218,224,1.037,0.0011,"aoml_navis",1027.00923382015
"7901009",12,0.0472382770632751,1,0.089712,1,0.067284,1,133.813589130125,1,4.8684344084829,226,1,19.923999786377,36.6500015258789,0.0897120013833046,0.0766289979219437,129.038696289062,-87.1174,25.2582,37.9501261117169,63,63,63,63,61,63,0.067284,8278,1.42435338845813,25,-87,0.001869,51,2023-09-27 20:24:02.00218,226,1.037,0.0011,"aoml_navis",1027.02420952573
"7901009",12,0.0459261027004063,1,0.087843,1,0.065415,1,134.188778212823,1,4.86838015868999,228,1,19.9080009460449,36.6479988098145,0.0878430008888245,0.0747599974274635,129.400497436523,-87.1174,25.2582,37.9501261117169,63,63,63,63,61,63,0.065415,8278,1.42435338845813,25,-87,0.001869,51,2023-09-27 20:24:02.00218,228,1.037,0.0011,"aoml_navis",1027.03565395875
"7901009",12,0.0419895796118001,1,0.082236,1,0.059808,1,134.03198395613,1,4.86832590203423,230,1,19.8920001983643,36.6459999084473,0.0822359994053841,0.0691530033946037,129.249298095703,-87.1174,25.2582,37.9501261117169,63,63,63,63,61,63,0.059808,8278,1.42435338845813,25,-87,0.001869,51,2023-09-27 20:24:02.00218,230,1.037,0.0011,"aoml_navis",1027.04710009466
"7901009",12,0.0472382770632751,1,0.089712,1,0.067284,1,134.062064275231,1,4.86826256571999,232,1,19.8659992218018,36.6430015563965,0.0897120013833046,0.0766289979219437,129.278305053711,-87.1174,25.2582,37.9501261117169,63,63,63,63,61,63,0.067284,8278,1.42435338845813,25,-87,0.001869,51,2023-09-27 20:24:02.00218,232,1.037,0.0011,"aoml_navis",1027.06046202348
"7901009",12,0.0459261027004063,1,0.087843,1,0.065415,1,135.94536757845,1,4.86813673668502,234,1,19.7649993896484,36.6310005187988,0.0878430008888245,0.0747599974274635,131.09440612793,-87.1174,25.2582,37.9501261117169,63,63,63,63,61,63,0.065415,8278,1.42435338845813,25,-87,0.001869,51,2023-09-27 20:24:02.00218,234,1.037,0.0011,"aoml_navis",1027.08700894149
"7901009",12,0.0393652308860626,1,0.078498,1,0.05607,1,142.826197058438,1,4.86803071630163,236,1,19.7080001831055,36.6290016174316,0.0784979984164238,0.0654150024056435,137.729705810547,-87.1174,25.2582,37.9501261117169,63,63,63,63,61,63,0.05607,8278,1.42435338845813,25,-87,0.001869,51,2023-09-27 20:24:02.00218,236,1.037,0.0011,"aoml_navis",1027.10937777291
"7901009",12,0.00131217436286875,1,0.024297,1,0.001869,1,148.320657701999,1,4.8678770274466,238,1,19.8360004425049,36.7050018310547,0.0242970008403063,0.0112140001729131,143.028106689453,-87.1174,25.2582,37.9501261117169,63,63,63,63,61,63,0.001869,8278,1.42435338845813,25,-87,0.001869,51,2023-09-27 20:24:02.00218,238,1.037,0.0011,"aoml_navis",1027.14180572115
"7901009",12,0,1,0.022428,1,0,1,148.857926063262,1,4.86777979024299,240,1,19.8799991607666,36.7360000610352,0.0224280003458261,0.00934499967843294,143.546203613281,-87.1174,25.2582,37.9501261117169,63,63,63,63,61,63,0,8278,1.42435338845813,25,-87,0.001869,51,2023-09-27 20:24:02.00218,240,1.037,0.0011,"aoml_navis",1027.16232357553
"7901009",12,-0.00131217436286875,1,0.020559,1,-0.001869,1,149.054437101093,1,4.86770464896558,242,1,19.8390007019043,36.7309989929199,0.020558999851346,0.00747600011527538,143.735702514648,-87.1174,25.2582,37.9501261117169,63,63,63,63,61,63,-0.001869,8278,1.42435338845813,25,-87,0.001869,51,2023-09-27 20:24:02.00218,242,1.037,0.0011,"aoml_navis",1027.17817956817
"7901009",12,0,1,0.022428,1,0,1,148.572645646073,1,4.86759131616456,244,1,19.7450008392334,36.7179985046387,0.0224280003458261,0.00934499967843294,143.271102905273,-87.1174,25.2582,37.9501261117169,63,63,63,63,61,63,0,8278,1.42435338845813,25,-87,0.001869,51,2023-09-27 20:24:02.00218,244,1.037,0.0011,"aoml_navis",1027.20209549962
"7901009",12,-0.00131217436286875,1,0.020559,1,-0.001869,1,147.685489848743,1,4.86751206902039,246,1,19.6720008850098,36.7029991149902,0.020558999851346,0.00747600011527538,142.415603637695,-87.1174,25.2582,37.9501261117169,63,63,63,63,61,63,-0.001869,8278,1.42435338845813,25,-87,0.001869,51,2023-09-27 20:24:02.00218,246,1.037,0.0011,"aoml_navis",1027.21881920393
"7901009",12,0.00131217436286875,1,0.024297,1,0.001869,1,148.36046942365,1,4.8673970976041,247.899993896484,1,19.5429992675781,36.6790008544922,0.0242970008403063,0.0112140001729131,143.066497802734,-87.1174,25.2582,37.9501261117169,63,63,63,63,61,63,0.001869,8278,1.42435338845813,25,-87,0.001869,51,2023-09-27 20:24:02.00218,247.899993896484,1.037,0.0011,"aoml_navis",1027.24308285042
"7901009",12,-0.00131217436286875,1,0.020559,1,-0.001869,1,150.494526444279,1,4.86730895695343,250,1,19.4899997711182,36.6730003356934,0.020558999851346,0.00747600011527538,145.124404907227,-87.1174,25.2582,37.9501261117169,63,63,63,63,61,63,-0.001869,8278,1.42435338845813,25,-87,0.001869,51,2023-09-27 20:24:02.00218,250,1.037,0.0011,"aoml_navis",1027.26168488997
"7901009",12,-0.00262434872573751,1,0.01869,1,-0.003738,1,151.190139757275,1,4.86721006755095,252,1,19.4440002441406,36.6730003356934,0.0186899993568659,0.00560700008645654,145.795196533203,-87.1174,25.2582,37.9501261117169,63,63,63,63,61,63,-0.003738,8278,1.42435338845813,25,-87,0.001869,51,2023-09-27 20:24:02.00218,252,1.037,0.0011,"aoml_navis",1027.28255625011
"7901009",12,-0.00262434872573751,1,0.01869,1,-0.003738,1,151.474185947798,1,4.86713781172329,254,1,19.3990001678467,36.6660003662109,0.0186899993568659,0.00560700008645654,146.069107055664,-87.1174,25.2582,37.9501261117169,63,63,63,63,61,63,-0.003738,8278,1.42435338845813,25,-87,0.001869,51,2023-09-27 20:24:02.00218,254,1.037,0.0011,"aoml_navis",1027.29780692806
"7901009",12,-0.00524869745147501,1,0.014952,1,-0.007476,1,151.685317824583,1,4.8670734171616,256,1,19.3659992218018,36.6609992980957,0.0149520002305508,0.00186900002881885,146.272705078125,-87.1174,25.2582,37.9501261117169,63,63,63,63,61,63,-0.007476,8278,1.42435338845813,25,-87,0.001869,51,2023-09-27 20:24:02.00218,256,1.037,0.0011,"aoml_navis",1027.31139874934
"7901009",12,-0.00393652308860626,1,0.016821,1,-0.005607,1,152.266559466636,1,4.86695594257927,258,1,19.2759990692139,36.6510009765625,0.0168210007250309,0.00373800005763769,146.833206176758,-87.1174,25.2582,37.9501261117169,63,63,63,63,61,63,-0.005607,8278,1.42435338845813,25,-87,0.001869,51,2023-09-27 20:24:02.00218,258,1.037,0.0011,"aoml_navis",1027.33619514752
"7901009",12,-0.00656087181434376,1,0.013083,1,-0.009345,1,152.444810279194,1,4.86689020389539,260,1,19.2360000610352,36.6440010070801,0.0130829997360706,0,147.005096435547,-87.1174,25.2582,37.9501261117169,63,63,63,63,61,63,-0.009345,8278,1.42435338845813,25,-87,0.001869,51,2023-09-27 20:24:02.00218,260,1.037,0.0011,"aoml_navis",1027.3500717148
"7901009",12,-0.00262434872573751,1,0.01869,1,-0.003738,1,152.670262349975,1,4.8668265635412,262.100006103516,1,19.2080001831055,36.6399993896484,0.0186899993568659,0.00560700008645654,147.222503662109,-87.1174,25.2582,37.9501261117169,63,63,63,63,61,63,-0.003738,8278,1.42435338845813,25,-87,0.001869,51,2023-09-27 20:24:02.00218,262.100006103516,1.037,0.0011,"aoml_navis",1027.36350570954
"7901009",12,-0.00262434872573751,1,0.01869,1,-0.003738,1,152.939561114195,1,4.86675948594898,264,1,19.1709995269775,36.6349983215332,0.0186899993568659,0.00560700008645654,147.482192993164,-87.1174,25.2582,37.9501261117169,63,63,63,63,61,63,-0.003738,8278,1.42435338845813,25,-87,0.001869,51,2023-09-27 20:24:02.00218,264,1.037,0.0011,"aoml_navis",1027.3776656594
"7901009",12,-0.00262434872573751,1,0.01869,1,-0.003738,1,153.112637668813,1,4.86667640417004,266,1,19.1140003204346,36.6269989013672,0.0186899993568659,0.00560700008645654,147.64909362793,-87.1174,25.2582,37.9501261117169,63,63,63,63,61,63,-0.003738,8278,1.42435338845813,25,-87,0.001869,51,2023-09-27 20:24:02.00218,266,1.037,0.0011,"aoml_navis",1027.39520460323
"7901009",12,-0.00393652308860626,1,0.016821,1,-0.005607,1,153.263419026369,1,4.86659726726274,268,1,19.0629997253418,36.6199989318848,0.0168210007250309,0.00373800005763769,147.794494628906,-87.1174,25.2582,37.9501261117169,63,63,63,63,61,63,-0.005607,8278,1.42435338845813,25,-87,0.001869,51,2023-09-27 20:24:02.00218,268,1.037,0.0011,"aoml_navis",1027.41191132347
"7901009",12,-0.00787304617721252,1,0.011214,1,-0.011214,1,153.185551982552,1,4.86653566011916,270,1,19.0289993286133,36.6139984130859,0.0112140001729131,-0.00186900002881885,147.71940612793,-87.1174,25.2582,37.9501261117169,63,63,63,63,61,63,-0.011214,8278,1.42435338845813,25,-87,0.001869,51,2023-09-27 20:24:02.00218,270,1.037,0.0011,"aoml_navis",1027.42491768314
"7901009",12,-0.00262434872573751,1,0.01869,1,-0.003738,1,153.184713341357,1,4.86644308950552,272,1,18.9669990539551,36.6069984436035,0.0186899993568659,0.00560700008645654,147.718597412109,-87.1174,25.2582,37.9501261117169,63,63,63,63,61,63,-0.003738,8278,1.42435338845813,25,-87,0.001869,51,2023-09-27 20:24:02.00218,272,1.037,0.0011,"aoml_navis",1027.44446159917
"7901009",12,-0.00393652308860626,1,0.016821,1,-0.005607,1,152.998883111202,1,4.86638785538904,274,1,18.9409999847412,36.6020011901855,0.0168210007250309,0.00373800005763769,147.539398193359,-87.1174,25.2582,37.9501261117169,63,63,63,63,61,63,-0.005607,8278,1.42435338845813,25,-87,0.001869,51,2023-09-27 20:24:02.00218,274,1.037,0.0011,"aoml_navis",1027.45612322351
"7901009",12,-0.00393652308860626,1,0.016821,1,-0.005607,1,152.745645117044,1,4.86634657832971,276,1,18.9379997253418,36.601001739502,0.0168210007250309,0.00373800005763769,147.295196533203,-87.1174,25.2582,37.9501261117169,63,63,63,63,61,63,-0.005607,8278,1.42435338845813,25,-87,0.001869,51,2023-09-27 20:24:02.00218,276,1.037,0.0011,"aoml_navis",1027.46483825576
"7901009",12,0,1,0.014952,1,-0.007476,1,152.51699671567,1,4.86630019869189,278,1,18.9249992370605,36.5979995727539,0.0149520002305508,0,147.07470703125,-87.1174,25.2582,37.9501261117169,63,63,63,63,61,63,0,8278,1.42435338845813,25,-87,0.001869,51,2023-09-27 20:24:02.00218,278,1.037,0.0011,"aoml_navis",1027.47463079735
"7901009",12,0,1,0.011214,1,-0.011214,1,152.385076873299,1,4.86622265329466,280,1,18.875,36.5909996032715,0.0112140001729131,0,146.947494506836,-87.1174,25.2582,37.9501261117169,63,63,63,63,61,63,0,8278,1.42435338845813,25,-87,0.001869,51,2023-09-27 20:24:02.00218,280,1.037,0.0011,"aoml_navis",1027.49100405728
"7901009",12,0,1,0.013083,1,-0.009345,1,152.592379482739,1,4.86612890784761,282,1,18.7999992370605,36.5800018310547,0.0130829997360706,0,147.147399902344,-87.1174,25.2582,37.9501261117169,63,63,63,63,61,63,0,8278,1.42435338845813,25,-87,0.001869,51,2023-09-27 20:24:02.00218,282,1.037,0.0011,"aoml_navis",1027.51079856033
"7901009",12,0,1,0.016821,1,-0.005607,1,152.910430200221,1,4.86602055640344,284,1,18.7070007324219,36.5670013427734,0.0168210007250309,0,147.4541015625,-87.1174,25.2582,37.9501261117169,63,63,63,63,61,63,0,8278,1.42435338845813,25,-87,0.001869,51,2023-09-27 20:24:02.00218,284,1.037,0.0011,"aoml_navis",1027.53367809354
"7901009",12,0,1,0.014952,1,-0.007476,1,152.96362853416,1,4.86594220320192,286,1,18.6560001373291,36.560001373291,0.0149520002305508,0,147.505401611328,-87.1174,25.2582,37.9501261117169,63,63,63,63,61,63,0,8278,1.42435338845813,25,-87,0.001869,51,2023-09-27 20:24:02.00218,286,1.037,0.0011,"aoml_navis",1027.55022382096
"7901009",12,0,1,0.014952,1,-0.007476,1,153.135771507069,1,4.86586761500393,288,1,18.6079998016357,36.5530014038086,0.0149520002305508,0,147.671401977539,-87.1174,25.2582,37.9501261117169,63,63,63,63,61,63,0,8278,1.42435338845813,25,-87,0.001869,51,2023-09-27 20:24:02.00218,288,1.037,0.0011,"aoml_navis",1027.56597499333
"7901009",12,0,1,0.016821,1,-0.005607,1,153.254510441596,1,4.8658213817857,290,1,18.5949993133545,36.5499992370605,0.0168210007250309,0,147.785903930664,-87.1174,25.2582,37.9501261117169,63,63,63,63,61,63,0,8278,1.42435338845813,25,-87,0.001869,51,2023-09-27 20:24:02.00218,290,1.037,0.0011,"aoml_navis",1027.57573854161
"7901009",12,0,1,0.01869,1,-0.003738,1,153.540202267672,1,4.8657727001298,292,1,18.5799999237061,36.5470008850098,0.0186899993568659,0,148.061401367188,-87.1174,25.2582,37.9501261117169,63,63,63,63,61,63,0,8278,1.42435338845813,25,-87,0.001869,51,2023-09-27 20:24:02.00218,292,1.037,0.0011,"aoml_navis",1027.58601935241
"7901009",12,0,1,0.011214,1,-0.011214,1,153.943288037679,1,4.86568727572727,294,1,18.5230007171631,36.5400009155273,0.0112140001729131,0,148.450103759766,-87.1174,25.2582,37.9501261117169,63,63,63,63,61,63,0,8278,1.42435338845813,25,-87,0.001869,51,2023-09-27 20:24:02.00218,294,1.037,0.0011,"aoml_navis",1027.60406015873
"7901009",12,0,1,0.014952,1,-0.007476,1,153.707566568111,1,4.86561661269338,296,1,18.4810009002686,36.5340003967285,0.0149520002305508,0,148.222793579102,-87.1174,25.2582,37.9501261117169,63,63,63,63,61,63,0,8278,1.42435338845813,25,-87,0.001869,51,2023-09-27 20:24:02.00218,296,1.037,0.0011,"aoml_navis",1027.61898398572
"7901009",12,0,1,0.020559,1,-0.001869,1,151.531735721902,1,4.86554825272803,298,1,18.4200000762939,36.5209999084473,0.020558999851346,0,146.124603271484,-87.1174,25.2582,37.9501261117169,63,63,63,63,61,63,0,8278,1.42435338845813,25,-87,0.001869,51,2023-09-27 20:24:02.00218,298,1.037,0.0011,"aoml_navis",1027.63342182386
"7901009",12,0,1,0.020559,1,-0.001869,1,147.21904710994,1,4.86549210237792,300,1,18.3600006103516,36.5050010681152,0.020558999851346,0,141.965805053711,-87.1174,25.2582,37.9501261117169,63,63,63,63,61,63,0,8278,1.42435338845813,25,-87,0.001869,51,2023-09-27 20:24:02.00218,300,1.037,0.0011,"aoml_navis",1027.64528125662
"7901009",12,0,1,0.028035,1,0.005607,1,141.639551413854,1,4.86539977649216,302,1,18.246000289917,36.4809989929199,0.0280349999666214,0,136.585403442383,-87.1174,25.2582,37.9501261117169,63,63,63,63,61,63,0,8278,1.42435338845813,25,-87,0.001869,51,2023-09-27 20:24:02.00218,302,1.037,0.0011,"aoml_navis",1027.66478186606
"7901009",12,0,1,0.024297,1,0.001869,1,136.07249292493,1,4.86533801804829,304,1,18.17799949646,36.4640007019043,0.0242970008403063,0,131.216995239258,-87.1174,25.2582,37.9501261117169,63,63,63,63,61,63,0,8278,1.42435338845813,25,-87,0.001869,51,2023-09-27 20:24:02.00218,304,1.037,0.0011,"aoml_navis",1027.67782658721
"7901009",12,0,1,0.028035,1,0.005607,1,137.173486403656,1,4.86516607746976,306,1,17.8999996185303,36.4080009460449,0.0280349999666214,0,132.278701782227,-87.1174,25.2582,37.9501261117169,63,63,63,63,61,63,0,8278,1.42435338845813,25,-87,0.001869,51,2023-09-27 20:24:02.00218,306,1.037,0.0011,"aoml_navis",1027.71414590648
"7901009",12,0,1,0.024297,1,0.001869,1,145.963648710757,1,4.86507772367716,308,1,17.8999996185303,36.4210014343262,0.0242970008403063,0,140.75520324707,-87.1174,25.2582,37.9501261117169,63,63,63,63,61,63,0,8278,1.42435338845813,25,-87,0.001869,51,2023-09-27 20:24:02.00218,308,1.037,0.0011,"aoml_navis",1027.73281003636
"7901009",12,0,1,0.020559,1,-0.001869,1,145.431665371367,1,4.86499889279772,310,1,17.9109992980957,36.435001373291,0.020558999851346,0,140.242202758789,-87.1174,25.2582,37.9501261117169,63,63,63,63,61,63,0,8278,1.42435338845813,25,-87,0.001869,51,2023-09-27 20:24:02.00218,310,1.037,0.0011,"aoml_navis",1027.7494630887
"7901009",12,0,1,0.014952,1,-0.007476,1,143.407850109379,1,4.86490227664869,312,1,17.8159999847412,36.4189987182617,0.0149520002305508,0,138.290603637695,-87.1174,25.2582,37.9501261117169,63,63,63,63,61,63,0,8278,1.42435338845813,25,-87,0.001869,51,2023-09-27 20:24:02.00218,312,1.037,0.0011,"aoml_navis",1027.76987402188
"7901009",12,0,1,0.01869,1,-0.003738,1,141.110890992408,1,4.86483891127033,314,1,17.7670001983643,36.4090003967285,0.0186899993568659,0,136.075607299805,-87.1174,25.2582,37.9501261117169,63,63,63,63,61,63,0,8278,1.42435338845813,25,-87,0.001869,51,2023-09-27 20:24:02.00218,314,1.037,0.0011,"aoml_navis",1027.78326090439
"7901009",12,0,1,0.020559,1,-0.001869,1,137.052057487937,1,4.86478151350996,316,1,17.7259998321533,36.4000015258789,0.020558999851346,0,132.161605834961,-87.1174,25.2582,37.9501261117169,63,63,63,63,61,63,0,8278,1.42435338845813,25,-87,0.001869,51,2023-09-27 20:24:02.00218,316,1.037,0.0011,"aoml_navis",1027.7953873395
"7901009",12,0,1,0.028035,1,0.005607,1,132.793912200511,1,4.86469460953888,318,1,17.6079998016357,36.3740005493164,0.0280349999666214,0,128.055404663086,-87.1174,25.2582,37.9501261117169,63,63,63,63,61,63,0,8278,1.42435338845813,25,-87,0.001869,51,2023-09-27 20:24:02.00218,318,1.037,0.0011,"aoml_navis",1027.81374810164
"7901009",12,0,1,0.026166,1,0.003738,1,131.926242943408,1,4.86457208494952,320,1,17.4500007629395,36.3450012207031,0.0261659994721413,0,127.218696594238,-87.1174,25.2582,37.9501261117169,63,63,63,63,61,63,0,8278,1.42435338845813,25,-87,0.001869,51,2023-09-27 20:24:02.00218,320,1.037,0.0011,"aoml_navis",1027.83963577588
"7901009",12,0,1,0.024297,1,0.001869,1,132.667910316764,1,4.86445190575024,322,1,17.3209991455078,36.3250007629395,0.0242970008403063,0,127.933898925781,-87.1174,25.2582,37.9501261117169,63,63,63,63,61,63,0,8278,1.42435338845813,25,-87,0.001869,51,2023-09-27 20:24:02.00218,322,1.037,0.0011,"aoml_navis",1027.86502916999
"7901009",12,0,1,0.024297,1,0.001869,1,132.848455525046,1,4.86436485474852,324,1,17.253999710083,36.3160018920898,0.0242970008403063,0,128.108001708984,-87.1174,25.2582,37.9501261117169,63,63,63,63,61,63,0,8278,1.42435338845813,25,-87,0.001869,51,2023-09-27 20:24:02.00218,324,1.037,0.0011,"aoml_navis",1027.88342348931
"7901009",12,0,1,0.022428,1,0,1,132.424941721394,1,4.86430908076889,326,1,17.2229995727539,36.310001373291,0.0224280003458261,0,127.699600219727,-87.1174,25.2582,37.9501261117169,63,63,63,63,61,63,0,8278,1.42435338845813,25,-87,0.001869,51,2023-09-27 20:24:02.00218,326,1.037,0.0011,"aoml_navis",1027.89520916086
"7901009",12,0,1,0.01869,1,-0.003738,1,131.818398432711,1,4.86423510373933,328,1,17.1669998168945,36.3009986877441,0.0186899993568659,0,127.114700317383,-87.1174,25.2582,37.9501261117169,63,63,63,63,61,63,0,8278,1.42435338845813,25,-87,0.001869,51,2023-09-27 20:24:02.00218,328,1.037,0.0011,"aoml_navis",1027.91084175933
"7901009",12,0,1,0.014952,1,-0.007476,1,131.421847734661,1,4.86411261498239,330,1,17.0410003662109,36.2830009460449,0.0149520002305508,0,126.732299804688,-87.1174,25.2582,37.9501261117169,63,63,63,63,61,63,0,8278,1.42435338845813,25,-87,0.001869,51,2023-09-27 20:24:02.00218,330,1.037,0.0011,"aoml_navis",1027.93672675239
"7901009",12,0,1,0.016821,1,-0.005607,1,130.905110259265,1,4.86400316375979,332,1,16.931999206543,36.2669982910156,0.0168210007250309,0,126.234001159668,-87.1174,25.2582,37.9501261117169,63,63,63,63,61,63,0,8278,1.42435338845813,25,-87,0.001869,51,2023-09-27 20:24:02.00218,332,1.037,0.0011,"aoml_navis",1027.95985768543
"7901009",12,0,1,0.01869,1,-0.003738,1,130.480868578349,1,4.86390338787742,334,1,16.8309993743896,36.2509994506836,0.0186899993568659,0,125.824897766113,-87.1174,25.2582,37.9501261117169,63,63,63,63,61,63,0,8278,1.42435338845813,25,-87,0.001869,51,2023-09-27 20:24:02.00218,334,1.037,0.0011,"aoml_navis",1027.98094478229
"7901009",12,0,1,0.01869,1,-0.003738,1,130.022100197655,1,4.86384829567851,336,1,16.7970008850098,36.2439994812012,0.0186899993568659,0,125.382499694824,-87.1174,25.2582,37.9501261117169,63,63,63,63,61,63,0,8278,1.42435338845813,25,-87,0.001869,51,2023-09-27 20:24:02.00218,336,1.037,0.0011,"aoml_navis",1027.99258859337
"7901009",12,0,1,0.01869,1,-0.003738,1,129.516352086602,1,4.86375269380106,338,1,16.7150001525879,36.2330017089844,0.0186899993568659,0,124.894798278809,-87.1174,25.2582,37.9501261117169,63,63,63,63,61,63,0,8278,1.42435338845813,25,-87,0.001869,51,2023-09-27 20:24:02.00218,338,1.037,0.0011,"aoml_navis",1028.01279480607
"7901009",12,0,1,0.026166,1,0.003738,1,129.005730362565,1,4.86368804603329,340,1,16.6630001068115,36.2229995727539,0.0261659994721413,0,124.402397155762,-87.1174,25.2582,37.9501261117169,63,63,63,63,61,63,0,8278,1.42435338845813,25,-87,0.001869,51,2023-09-27 20:24:02.00218,340,1.037,0.0011,"aoml_navis",1028.02645907315
"7901009",12,0,1,0.016821,1,-0.005607,1,128.722111404349,1,4.86360201008338,342,1,16.5890007019043,36.2120018005371,0.0168210007250309,0,124.128898620605,-87.1174,25.2582,37.9501261117169,63,63,63,63,61,63,0,8278,1.42435338845813,25,-87,0.001869,51,2023-09-27 20:24:02.00218,342,1.037,0.0011,"aoml_navis",1028.04464461398
"7901009",12,0,1,0.01869,1,-0.003738,1,128.421695887098,1,4.86353242334816,344,1,16.5419998168945,36.2050018310547,0.0186899993568659,0,123.839202880859,-87.1174,25.2582,37.9501261117169,63,63,63,63,61,63,0,8278,1.42435338845813,25,-87,0.001869,51,2023-09-27 20:24:02.00218,344,1.037,0.0011,"aoml_navis",1028.0593537316
"7901009",12,0,1,0.016821,1,-0.005607,1,127.902774779911,1,4.86346607400888,346,1,16.4850006103516,36.1940002441406,0.0168210007250309,0,123.338798522949,-87.1174,25.2582,37.9501261117169,63,63,63,63,61,63,0,8278,1.42435338845813,25,-87,0.001869,51,2023-09-27 20:24:02.00218,346,1.037,0.0011,"aoml_navis",1028.07337892635
"7901009",12,0,1,0.020559,1,-0.001869,1,127.650058958572,1,4.8633470864299,348,1,16.3589992523193,36.1759986877441,0.020558999851346,0,123.095100402832,-87.1174,25.2582,37.9501261117169,63,63,63,63,61,63,0,8278,1.42435338845813,25,-87,0.001869,51,2023-09-27 20:24:02.00218,348,1.037,0.0011,"aoml_navis",1028.09853196606
"7901009",12,0,1,0.022428,1,0,1,127.450019298353,1,4.8632431410536,350,1,16.2490005493164,36.1590003967285,0.0224280003458261,0,122.902198791504,-87.1174,25.2582,37.9501261117169,63,63,63,63,61,63,0,8278,1.42435338845813,25,-87,0.001869,51,2023-09-27 20:24:02.00218,350,1.037,0.0011,"aoml_navis",1028.12050620952
"7901009",12,0,1,0.020559,1,-0.001869,1,127.120979216528,1,4.86317418704688,352,1,16.2019996643066,36.1520004272461,0.020558999851346,0,122.584899902344,-87.1174,25.2582,37.9501261117169,63,63,63,63,61,63,0,8278,1.42435338845813,25,-87,0.001869,51,2023-09-27 20:24:02.00218,352,1.037,0.0011,"aoml_navis",1028.13508373144
"7901009",12,0,1,0.022428,1,0,1,126.703478312012,1,4.86311854314206,354,1,16.1700000762939,36.1459999084473,0.0224280003458261,0,122.18229675293,-87.1174,25.2582,37.9501261117169,63,63,63,63,61,63,0,8278,1.42435338845813,25,-87,0.001869,51,2023-09-27 20:24:02.00218,354,1.037,0.0011,"aoml_navis",1028.14684767472
"7901009",12,0,1,0.016821,1,-0.005607,1,126.230397649031,1,4.8630651815457,356,1,16.1399993896484,36.1399993896484,0.0168210007250309,0,121.726097106934,-87.1174,25.2582,37.9501261117169,63,63,63,63,61,63,0,8278,1.42435338845813,25,-87,0.001869,51,2023-09-27 20:24:02.00218,356,1.037,0.0011,"aoml_navis",1028.15812935717
"7901009",12,0,1,0.022428,1,0,1,125.887258901073,1,4.86300064412348,358,1,16.1000003814697,36.1339988708496,0.0224280003458261,0,121.395202636719,-87.1174,25.2582,37.9501261117169,63,63,63,63,61,63,0,8278,1.42435338845813,25,-87,0.001869,51,2023-09-27 20:24:02.00218,358,1.037,0.0011,"aoml_navis",1028.17177415801
"7901009",12,0,1,0.01869,1,-0.003738,1,125.723826720202,1,4.86294176433739,360,1,16.0650005340576,36.1279983520508,0.0186899993568659,0,121.237602233887,-87.1174,25.2582,37.9501261117169,63,63,63,63,61,63,0,8278,1.42435338845813,25,-87,0.001869,51,2023-09-27 20:24:02.00218,360,1.037,0.0011,"aoml_navis",1028.18422311115
"7901009",12,0,1,0.01869,1,-0.003738,1,125.46934658767,1,4.86290057955194,362,1,16.0620002746582,36.1269989013672,0.0186899993568659,0,120.992202758789,-87.1174,25.2582,37.9501261117169,63,63,63,63,61,63,0,8278,1.42435338845813,25,-87,0.001869,51,2023-09-27 20:24:02.00218,362,1.037,0.0011,"aoml_navis",1028.19293098949
"7901009",12,0,1,0.01869,1,-0.003738,1,125.463436540755,1,4.86282804198891,364,1,16.0049991607666,36.1180000305176,0.0186899993568659,0,120.986503601074,-87.1174,25.2582,37.9501261117169,63,63,63,63,61,63,0,8278,1.42435338845813,25,-87,0.001869,51,2023-09-27 20:24:02.00218,364,1.037,0.0011,"aoml_navis",1028.20826828065
"7901009",12,0,1,0.020559,1,-0.001869,1,126.03699591299,1,4.86273397305923,366,1,15.9090003967285,36.1030006408691,0.020558999851346,0,121.539596557617,-87.1174,25.2582,37.9501261117169,63,63,63,63,61,63,0,8278,1.42435338845813,25,-87,0.001869,51,2023-09-27 20:24:02.00218,366,1.037,0.0011,"aoml_navis",1028.22815883025
"7901009",12,0,1,0.01869,1,-0.003738,1,126.56223847598,1,4.86263302304586,368,1,15.8129997253418,36.0900001525879,0.0186899993568659,0,122.046096801758,-87.1174,25.2582,37.9501261117169,63,63,63,63,61,63,0,8278,1.42435338845813,25,-87,0.001869,51,2023-09-27 20:24:02.00218,368,1.037,0.0011,"aoml_navis",1028.24950521726
"7901009",12,0,1,0.020559,1,-0.001869,1,126.491310001298,1,4.8625618567596,370,1,15.7600002288818,36.0820007324219,0.020558999851346,0,121.977699279785,-87.1174,25.2582,37.9501261117169,63,63,63,63,61,63,0,8278,1.42435338845813,25,-87,0.001869,51,2023-09-27 20:24:02.00218,370,1.037,0.0011,"aoml_navis",1028.26455421834
"7901009",12,0,1,0.01869,1,-0.003738,1,126.336074351355,1,4.86249932853431,372,1,15.7180004119873,36.0750007629395,0.0186899993568659,0,121.828002929688,-87.1174,25.2582,37.9501261117169,63,63,63,63,61,63,0,8278,1.42435338845813,25,-87,0.001869,51,2023-09-27 20:24:02.00218,372,1.037,0.0011,"aoml_navis",1028.27777695696
"7901009",12,0,1,0.011214,1,-0.011214,1,126.062716880218,1,4.86244128380813,374,1,15.6800003051758,36.068000793457,0.0112140001729131,0,121.564399719238,-87.1174,25.2582,37.9501261117169,63,63,63,63,61,63,0,8278,1.42435338845813,25,-87,0.001869,51,2023-09-27 20:24:02.00218,374,1.037,0.0011,"aoml_navis",1028.29005188195
"7901009",12,0,1,0.016821,1,-0.005607,1,125.745188335555,1,4.86236180066133,376,1,15.6059999465942,36.0559997558594,0.0168210007250309,0,121.258201599121,-87.1174,25.2582,37.9501261117169,63,63,63,63,61,63,0,8278,1.42435338845813,25,-87,0.001869,51,2023-09-27 20:24:02.00218,376,1.037,0.0011,"aoml_navis",1028.30686094152
"7901009",12,0,1,0.01869,1,-0.003738,1,125.730773201047,1,4.86228662983892,378.100006103516,1,15.5310001373291,36.0419998168945,0.0186899993568659,0,121.244300842285,-87.1174,25.2582,37.9501261117169,63,63,63,63,61,63,0,8278,1.42435338845813,25,-87,0.001869,51,2023-09-27 20:24:02.00218,378.100006103516,1.037,0.0011,"aoml_navis",1028.32275853833
"7901009",12,0,1,0.020559,1,-0.001869,1,126.290858932191,1,4.86219833190841,380,1,15.4399995803833,36.0279998779297,0.020558999851346,0,121.784400939941,-87.1174,25.2582,37.9501261117169,63,63,63,63,61,63,0,8278,1.42435338845813,25,-87,0.001869,51,2023-09-27 20:24:02.00218,380,1.037,0.0011,"aoml_navis",1028.34143296608
"7901009",12,0,1,0.020559,1,-0.001869,1,127.318115279401,1,4.8620858154227,382,1,15.3050003051758,36.0069999694824,0.020558999851346,0,122.775001525879,-87.1174,25.2582,37.9501261117169,63,63,63,63,61,63,0,8278,1.42435338845813,25,-87,0.001869,51,2023-09-27 20:24:02.00218,382,1.037,0.0011,"aoml_navis",1028.36523044078
"7901009",12,0,1,0.022428,1,0,1,128.236902090873,1,4.86198551736487,384,1,15.1940002441406,35.9900016784668,0.0224280003458261,0,123.661003112793,-87.1174,25.2582,37.9501261117169,63,63,63,63,61,63,0,8278,1.42435338845813,25,-87,0.001869,51,2023-09-27 20:24:02.00218,384,1.037,0.0011,"aoml_navis",1028.38644462066
"7901009",12,0,1,0.020559,1,-0.001869,1,129.064015925642,1,4.86190319675625,386,1,15.1160001754761,35.9780006408691,0.020558999851346,0,124.458602905273,-87.1174,25.2582,37.9501261117169,63,63,63,63,61,63,0,8278,1.42435338845813,25,-87,0.001869,51,2023-09-27 20:24:02.00218,386,1.037,0.0011,"aoml_navis",1028.40385701959
"7901009",12,0,1,0.016821,1,-0.005607,1,129.464087334371,1,4.86179543203817,388,1,15.003999710083,35.9630012512207,0.0168210007250309,0,124.844398498535,-87.1174,25.2582,37.9501261117169,63,63,63,63,61,63,0,8278,1.42435338845813,25,-87,0.001869,51,2023-09-27 20:24:02.00218,388,1.037,0.0011,"aoml_navis",1028.42665223039
"7901009",12,0,1,0.020559,1,-0.001869,1,129.663296265105,1,4.86175187250453,390,1,14.9919996261597,35.9599990844727,0.020558999851346,0,125.036499023438,-87.1174,25.2582,37.9501261117169,63,63,63,63,61,63,0,8278,1.42435338845813,25,-87,0.001869,51,2023-09-27 20:24:02.00218,390,1.037,0.0011,"aoml_navis",1028.43586656023
"7901009",12,0,1,0.01869,1,-0.003738,1,129.840312850999,1,4.86169796998898,392,1,14.9670000076294,35.9560012817383,0.0186899993568659,0,125.20719909668,-87.1174,25.2582,37.9501261117169,63,63,63,63,61,63,0,8278,1.42435338845813,25,-87,0.001869,51,2023-09-27 20:24:02.00218,392,1.037,0.0011,"aoml_navis",1028.44726901275
"7901009",12,0,1,0.01869,1,-0.003738,1,129.778823045619,1,4.86164666482682,394,1,14.9409999847412,35.951000213623,0.0186899993568659,0,125.147903442383,-87.1174,25.2582,37.9501261117169,63,63,63,63,61,63,0,8278,1.42435338845813,25,-87,0.001869,51,2023-09-27 20:24:02.00218,394,1.037,0.0011,"aoml_navis",1028.45812226013
"7901009",12,0,1,0.022428,1,0,1,129.146147380821,1,4.8615998994795,396,1,14.9259996414185,35.9480018615723,0.0224280003458261,0,124.537803649902,-87.1174,25.2582,37.9501261117169,63,63,63,63,61,63,0,8278,1.42435338845813,25,-87,0.001869,51,2023-09-27 20:24:02.00218,396,1.037,0.0011,"aoml_navis",1028.46801534106
"7901009",12,0,1,0.016821,1,-0.005607,1,128.456119734654,1,4.86153019429881,398,1,14.8760004043579,35.9410018920898,0.0168210007250309,0,123.872398376465,-87.1174,25.2582,37.9501261117169,63,63,63,63,61,63,0,8278,1.42435338845813,25,-87,0.001869,51,2023-09-27 20:24:02.00218,398,1.037,0.0011,"aoml_navis",1028.4827616341
"7901009",12,0,1,0.016821,1,-0.005607,1,128.282528918926,1,4.86146252764472,400,1,14.8210000991821,35.931999206543,0.0168210007250309,0,123.705001831055,-87.1174,25.2582,37.9501261117169,63,63,63,63,61,63,0,8278,1.42435338845813,25,-87,0.001869,51,2023-09-27 20:24:02.00218,400,1.037,0.0011,"aoml_navis",1028.4970770766
"7901009",12,0,1,0.01869,1,-0.003738,1,128.490860050586,1,4.86141179841279,402,1,14.7919998168945,35.9259986877441,0.0186899993568659,0,123.905899047852,-87.1174,25.2582,37.9501261117169,63,63,63,63,61,63,0,8278,1.42435338845813,25,-87,0.001869,51,2023-09-27 20:24:02.00218,402,1.037,0.0011,"aoml_navis",1028.50780952818
"7901009",12,0,1,0.01869,1,-0.003738,1,128.710916335562,1,4.8613498146609,404,1,14.7489995956421,35.9189987182617,0.0186899993568659,0,124.118103027344,-87.1174,25.2582,37.9501261117169,63,63,63,63,61,63,0,8278,1.42435338845813,25,-87,0.001869,51,2023-09-27 20:24:02.00218,404,1.037,0.0011,"aoml_navis",1028.52092332894
"7901009",12,0,1,0.01869,1,-0.003738,1,128.760894603779,1,4.86126921045694,406,1,14.6850004196167,35.9109992980957,0.0186899993568659,0,124.166297912598,-87.1174,25.2582,37.9501261117169,63,63,63,63,61,63,0,8278,1.42435338845813,25,-87,0.001869,51,2023-09-27 20:24:02.00218,406,1.037,0.0011,"aoml_navis",1028.53797712841
"7901009",12,0,1,0.022428,1,0,1,129.01942553152,1,4.86122409242422,408,1,14.6680002212524,35.9070014953613,0.0224280003458261,0,124.415603637695,-87.1174,25.2582,37.9501261117169,63,63,63,63,61,63,0,8278,1.42435338845813,25,-87,0.001869,51,2023-09-27 20:24:02.00218,408,1.037,0.0011,"aoml_navis",1028.54752320348
"7901009",12,0,1,0.022428,1,0,1,128.810469374818,1,4.86117050673513,410,1,14.6429996490479,35.9029998779297,0.0224280003458261,0,124.21410369873,-87.1174,25.2582,37.9501261117169,63,63,63,63,61,63,0,8278,1.42435338845813,25,-87,0.001869,51,2023-09-27 20:24:02.00218,410,1.037,0.0011,"aoml_navis",1028.5588610958
"7901009",12,0,1,0.020559,1,-0.001869,1,128.24654646462,1,4.8611227011226,412,1,14.6199998855591,35.8979988098145,0.020558999851346,0,123.670303344727,-87.1174,25.2582,37.9501261117169,63,63,63,63,61,63,0,8278,1.42435338845813,25,-87,0.001869,51,2023-09-27 20:24:02.00218,412,1.037,0.0011,"aoml_navis",1028.56897622546
"7901009",12,0,1,0.01869,1,-0.003738,1,127.153330196224,1,4.86105342372906,413.899993896484,1,14.5609998703003,35.8889999389648,0.0186899993568659,0,122.616096496582,-87.1174,25.2582,37.9501261117169,63,63,63,63,61,63,0,8278,1.42435338845813,25,-87,0.001869,51,2023-09-27 20:24:02.00218,413.899993896484,1.037,0.0011,"aoml_navis",1028.58363489541
"7901009",12,0,1,0.022428,1,0,1,126.171083563734,1,4.86098962764044,416,1,14.5109996795654,35.8800010681152,0.0224280003458261,0,121.668899536133,-87.1174,25.2582,37.9501261117169,63,63,63,63,61,63,0,8278,1.42435338845813,25,-87,0.001869,51,2023-09-27 20:24:02.00218,416,1.037,0.0011,"aoml_navis",1028.59713412453
"7901009",12,0,1,0.020559,1,-0.001869,1,125.446220661122,1,4.86092859246229,418,1,14.4650001525879,35.8720016479492,0.020558999851346,0,120.969902038574,-87.1174,25.2582,37.9501261117169,63,63,63,63,61,63,0,8278,1.42435338845813,25,-87,0.001869,51,2023-09-27 20:24:02.00218,418,1.037,0.0011,"aoml_navis",1028.61004947766
"7901009",12,0,1,0.022428,1,0,1,125.171723903833,1,4.86085389491006,420,1,14.3990001678467,35.8619995117188,0.0224280003458261,0,120.705200195312,-87.1174,25.2582,37.9501261117169,63,63,63,63,61,63,0,8278,1.42435338845813,25,-87,0.001869,51,2023-09-27 20:24:02.00218,420,1.037,0.0011,"aoml_navis",1028.62585629978
"7901009",12,0,1,0.022428,1,0,1,125.18862331509,1,4.86078460504994,422,1,14.3380002975464,35.8520011901855,0.0224280003458261,0,120.721496582031,-87.1174,25.2582,37.9501261117169,63,63,63,63,61,63,0,8278,1.42435338845813,25,-87,0.001869,51,2023-09-27 20:24:02.00218,422,1.037,0.0011,"aoml_navis",1028.64051922923
"7901009",12,0,1,0.024297,1,0.001869,1,125.274180540435,1,4.86072230666468,424,1,14.2869997024536,35.8429985046387,0.0242970008403063,0,120.804000854492,-87.1174,25.2582,37.9501261117169,63,63,63,63,61,63,0,8278,1.42435338845813,25,-87,0.001869,51,2023-09-27 20:24:02.00218,424,1.037,0.0011,"aoml_navis",1028.6537029989
"7901009",12,0,1,0.016821,1,-0.005607,1,125.6766412854,1,4.86065383403037,426,1,14.2299995422363,35.8339996337891,0.0168210007250309,0,121.192100524902,-87.1174,25.2582,37.9501261117169,63,63,63,63,61,63,0,8278,1.42435338845813,25,-87,0.001869,51,2023-09-27 20:24:02.00218,426,1.037,0.0011,"aoml_navis",1028.66819377139
"7901009",12,0,1,0.01869,1,-0.003738,1,126.193584465239,1,4.86058549447182,428,1,14.1730003356934,35.8250007629395,0.0186899993568659,0,121.69059753418,-87.1174,25.2582,37.9501261117169,63,63,63,63,61,63,0,8278,1.42435338845813,25,-87,0.001869,51,2023-09-27 20:24:02.00218,428,1.037,0.0011,"aoml_navis",1028.68265678831
"7901009",12,0,1,0.022428,1,0,1,125.913288424967,1,4.86051832498142,430,1,14.1169996261597,35.8160018920898,0.0224280003458261,0,121.420303344727,-87.1174,25.2582,37.9501261117169,63,63,63,63,61,63,0,8278,1.42435338845813,25,-87,0.001869,51,2023-09-27 20:24:02.00218,430,1.037,0.0011,"aoml_navis",1028.69687257462
"7901009",12,0,1,0.024297,1,0.001869,1,124.59722303818,1,4.86043786622913,432,1,14.0340003967285,35.8030014038086,0.0242970008403063,0,120.15119934082,-87.1174,25.2582,37.9501261117169,63,63,63,63,61,63,0,8278,1.42435338845813,25,-87,0.001869,51,2023-09-27 20:24:02.00218,432,1.037,0.0011,"aoml_navis",1028.71390142451
"7901009",12,0,1,0.01869,1,-0.003738,1,123.418465367859,1,4.86039166219843,434,1,14.0050001144409,35.7960014343262,0.0186899993568659,0,119.014503479004,-87.1174,25.2582,37.9501261117169,63,63,63,63,61,63,0,8278,1.42435338845813,25,-87,0.001869,51,2023-09-27 20:24:02.00218,434,1.037,0.0011,"aoml_navis",1028.72368062174
"7901009",12,0,1,0.020559,1,-0.001869,1,123.205355563727,1,4.86031365028672,436,1,13.923999786377,35.7830009460449,0.020558999851346,0,118.80899810791,-87.1174,25.2582,37.9501261117169,63,63,63,63,61,63,0,8278,1.42435338845813,25,-87,0.001869,51,2023-09-27 20:24:02.00218,436,1.037,0.0011,"aoml_navis",1028.74019245755
"7901009",12,0,1,0.020559,1,-0.001869,1,123.728525258857,1,4.86024319492805,438,1,13.8430004119873,35.7680015563965,0.020558999851346,0,119.313499450684,-87.1174,25.2582,37.9501261117169,63,63,63,63,61,63,0,8278,1.42435338845813,25,-87,0.001869,51,2023-09-27 20:24:02.00218,438,1.037,0.0011,"aoml_navis",1028.75510534489
"7901009",12,0,1,0.026166,1,0.003738,1,124.106515086678,1,4.86016357873519,440,1,13.7670001983643,35.7569999694824,0.0261659994721413,0,119.678001403809,-87.1174,25.2582,37.9501261117169,63,63,63,63,61,63,0,8278,1.42435338845813,25,-87,0.001869,51,2023-09-27 20:24:02.00218,440,1.037,0.0011,"aoml_navis",1028.77195777456
"7901009",12,0,1,0.020559,1,-0.001869,1,124.474646924599,1,4.86010609768213,442,1,13.7159996032715,35.7470016479492,0.020558999851346,0,120.032997131348,-87.1174,25.2582,37.9501261117169,63,63,63,63,61,63,0,8278,1.42435338845813,25,-87,0.001869,51,2023-09-27 20:24:02.00218,442,1.037,0.0011,"aoml_navis",1028.7841251829
"7901009",12,0,1,0.022428,1,0,1,124.781605425516,1,4.86003824317887,444,1,13.6440000534058,35.734001159668,0.0224280003458261,0,120.329002380371,-87.1174,25.2582,37.9501261117169,63,63,63,63,61,63,0,8278,1.42435338845813,25,-87,0.001869,51,2023-09-27 20:24:02.00218,444,1.037,0.0011,"aoml_navis",1028.79848878094
"7901009",12,0,1,0.020559,1,-0.001869,1,124.936635371015,1,4.85996781461944,446,1,13.5799999237061,35.7239990234375,0.020558999851346,0,120.478500366211,-87.1174,25.2582,37.9501261117169,63,63,63,63,61,63,0,8278,1.42435338845813,25,-87,0.001869,51,2023-09-27 20:24:02.00218,446,1.037,0.0011,"aoml_navis",1028.81339768533
"7901009",12,0,1,0.020559,1,-0.001869,1,125.348534785283,1,4.85991280616143,448,1,13.548999786377,35.7190017700195,0.020558999851346,0,120.875701904297,-87.1174,25.2582,37.9501261117169,63,63,63,63,61,63,0,8278,1.42435338845813,25,-87,0.001869,51,2023-09-27 20:24:02.00218,448,1.037,0.0011,"aoml_navis",1028.82504263471
"7901009",12,0,1,0.024297,1,0.001869,1,125.548677297724,1,4.85985984910719,450,1,13.5019998550415,35.7089996337891,0.0242970008403063,0,121.068702697754,-87.1174,25.2582,37.9501261117169,63,63,63,63,61,63,0,8278,1.42435338845813,25,-87,0.001869,51,2023-09-27 20:24:02.00218,450,1.037,0.0011,"aoml_navis",1028.83625356368
"7901009",12,0,1,0.022428,1,0,1,125.498691117797,1,4.8598013036999,452,1,13.4530000686646,35.7000007629395,0.0224280003458261,0,121.020500183105,-87.1174,25.2582,37.9501261117169,63,63,63,63,61,63,0,8278,1.42435338845813,25,-87,0.001869,51,2023-09-27 20:24:02.00218,452,1.037,0.0011,"aoml_navis",1028.84864782298
"7901009",12,0,1,0.026166,1,0.003738,1,125.2920135334,1,4.85973658058672,454,1,13.4049997329712,35.693000793457,0.0261659994721413,0,120.821197509766,-87.1174,25.2582,37.9501261117169,63,63,63,63,61,63,0,8278,1.42435338845813,25,-87,0.001869,51,2023-09-27 20:24:02.00218,454,1.037,0.0011,"aoml_navis",1028.86235027092
"7901009",12,0,1,0.024297,1,0.001869,1,125.213932873429,1,4.85967171944954,456,1,13.3640003204346,35.6879997253418,0.0242970008403063,0,120.745903015137,-87.1174,25.2582,37.9501261117169,63,63,63,63,61,63,0,8278,1.42435338845813,25,-87,0.001869,51,2023-09-27 20:24:02.00218,456,1.037,0.0011,"aoml_navis",1028.8760823059
"7901009",12,0,1,0.022428,1,0,1,125.140717914733,1,4.85960578202685,458,1,13.3109998703003,35.6800003051758,0.0224280003458261,0,120.675300598145,-87.1174,25.2582,37.9501261117169,63,63,63,63,61,63,0,8278,1.42435338845813,25,-87,0.001869,51,2023-09-27 20:24:02.00218,458,1.037,0.0011,"aoml_navis",1028.89004258172
"7901009",12,0,1,0.024297,1,0.001869,1,125.001345242117,1,4.85954560974366,460,1,13.2600002288818,35.6710014343262,0.0242970008403063,0,120.540901184082,-87.1174,25.2582,37.9501261117169,63,63,63,63,61,63,0,8278,1.42435338845813,25,-87,0.001869,51,2023-09-27 20:24:02.00218,460,1.037,0.0011,"aoml_navis",1028.90278259241
"7901009",12,0,1,0.022428,1,0,1,124.747592986848,1,4.85948591960559,462,1,13.2130002975464,35.6629981994629,0.0224280003458261,0,120.296203613281,-87.1174,25.2582,37.9501261117169,63,63,63,63,61,63,0,8278,1.42435338845813,25,-87,0.001869,51,2023-09-27 20:24:02.00218,462,1.037,0.0011,"aoml_navis",1028.91542083238
"7901009",12,0,1,0.020559,1,-0.001869,1,124.708596171265,1,4.85940827129774,464,1,13.1370000839233,35.6520004272461,0.020558999851346,0,120.258598327637,-87.1174,25.2582,37.9501261117169,63,63,63,63,61,63,0,8278,1.42435338845813,25,-87,0.001869,51,2023-09-27 20:24:02.00218,464,1.037,0.0011,"aoml_navis",1028.93186183443
"7901009",12,0,1,0.020559,1,-0.001869,1,124.883231332632,1,4.85932192573163,466,1,13.0410003662109,35.6380004882812,0.020558999851346,0,120.427001953125,-87.1174,25.2582,37.9501261117169,63,63,63,63,61,63,0,8278,1.42435338845813,25,-87,0.001869,51,2023-09-27 20:24:02.00218,466,1.037,0.0011,"aoml_navis",1028.95014498287
"7901009",12,0,1,0.022428,1,0,1,124.741057914892,1,4.8592794878205,468,1,13.0329999923706,35.6360015869141,0.0224280003458261,0,120.289901733398,-87.1174,25.2582,37.9501261117169,63,63,63,63,61,63,0,8278,1.42435338845813,25,-87,0.001869,51,2023-09-27 20:24:02.00218,468,1.037,0.0011,"aoml_navis",1028.95913119058
"7901009",12,0,1,0.022428,1,0,1,124.643166334609,1,4.85923276475026,470,1,13.0170001983643,35.632999420166,0.0224280003458261,0,120.195503234863,-87.1174,25.2582,37.9501261117169,63,63,63,63,61,63,0,8278,1.42435338845813,25,-87,0.001869,51,2023-09-27 20:24:02.00218,470,1.037,0.0011,"aoml_navis",1028.96902496026
"7901009",12,0,1,0.020559,1,-0.001869,1,124.474963392975,1,4.85918670351017,472,1,12.9980001449585,35.6290016174316,0.020558999851346,0,120.033302307129,-87.1174,25.2582,37.9501261117169,63,63,63,63,61,63,0,8278,1.42435338845813,25,-87,0.001869,51,2023-09-27 20:24:02.00218,472,1.037,0.0011,"aoml_navis",1028.97877877138
"7901009",12,0,1,0.020559,1,-0.001869,1,124.279172320698,1,4.8591353902861,474,1,12.9700002670288,35.6240005493164,0.020558999851346,0,119.844497680664,-87.1174,25.2582,37.9501261117169,63,63,63,63,61,63,0,8278,1.42435338845813,25,-87,0.001869,51,2023-09-27 20:24:02.00218,474,1.037,0.0011,"aoml_navis",1028.98964494702
"7901009",12,0,1,0.01869,1,-0.003738,1,124.009865644769,1,4.8590883847984,476,1,12.9499998092651,35.6199989318848,0.0186899993568659,0,119.584800720215,-87.1174,25.2582,37.9501261117169,63,63,63,63,61,63,0,8278,1.42435338845813,25,-87,0.001869,51,2023-09-27 20:24:02.00218,476,1.037,0.0011,"aoml_navis",1028.99959911049
"7901009",12,0,1,0.024297,1,0.001869,1,123.828284002557,1,4.85901679303682,478,1,12.8830003738403,35.6100006103516,0.0242970008403063,0,119.409698486328,-87.1174,25.2582,37.9501261117169,63,63,63,63,61,63,0,8278,1.42435338845813,25,-87,0.001869,51,2023-09-27 20:24:02.00218,478,1.037,0.0011,"aoml_navis",1029.01476018054
"7901009",12,0,1,0.022428,1,0,1,123.647635942052,1,4.85894923047038,480,1,12.831000328064,35.6030006408691,0.0224280003458261,0,119.235496520996,-87.1174,25.2582,37.9501261117169,63,63,63,63,61,63,0,8278,1.42435338845813,25,-87,0.001869,51,2023-09-27 20:24:02.00218,480,1.037,0.0011,"aoml_navis",1029.02906839304
"7901009",12,0,1,0.022428,1,0,1,123.448324159097,1,4.85889948422217,482,1,12.7969999313354,35.5960006713867,0.0224280003458261,0,119.043296813965,-87.1174,25.2582,37.9501261117169,63,63,63,63,61,63,0,8278,1.42435338845813,25,-87,0.001869,51,2023-09-27 20:24:02.00218,482,1.037,0.0011,"aoml_navis",1029.03960376954
"7901009",12,0,1,0.024297,1,0.001869,1,123.159728735674,1,4.85883897723397,484,1,12.7519998550415,35.5890007019043,0.0242970008403063,0,118.764999389648,-87.1174,25.2582,37.9501261117169,63,63,63,63,61,63,0,8278,1.42435338845813,25,-87,0.001869,51,2023-09-27 20:24:02.00218,484,1.037,0.0011,"aoml_navis",1029.05241837143
"7901009",12,0,1,0.022428,1,0,1,122.869883262168,1,4.85877159487192,486,1,12.6850004196167,35.5779991149902,0.0224280003458261,0,118.485496520996,-87.1174,25.2582,37.9501261117169,63,63,63,63,61,63,0,8278,1.42435338845813,25,-87,0.001869,51,2023-09-27 20:24:02.00218,486,1.037,0.0011,"aoml_navis",1029.06668946471
"7901009",12,0,1,0.026166,1,0.003738,1,122.737354218175,1,4.85870171794624,488,1,12.6190004348755,35.568000793457,0.0261659994721413,0,118.357696533203,-87.1174,25.2582,37.9501261117169,63,63,63,63,61,63,0,8278,1.42435338845813,25,-87,0.001869,51,2023-09-27 20:24:02.00218,488,1.037,0.0011,"aoml_navis",1029.08148930646
"7901009",12,0,1,0.020559,1,-0.001869,1,122.56345484578,1,4.85864518670637,490,1,12.5740003585815,35.560001373291,0.020558999851346,0,118.190002441406,-87.1174,25.2582,37.9501261117169,63,63,63,63,61,63,0,8278,1.42435338845813,25,-87,0.001869,51,2023-09-27 20:24:02.00218,490,1.037,0.0011,"aoml_navis",1029.09346286088
"7901009",12,0,1,0.022428,1,0,1,122.29818314164,1,4.85859750769209,492,1,12.5530004501343,35.5559997558594,0.0224280003458261,0,117.934196472168,-87.1174,25.2582,37.9501261117169,63,63,63,63,61,63,0,8278,1.42435338845813,25,-87,0.001869,51,2023-09-27 20:24:02.00218,492,1.037,0.0011,"aoml_navis",1029.10356169327
"7901009",12,0,1,0.026166,1,0.003738,1,122.018607066922,1,4.8585272556914,494,1,12.4899997711182,35.5470008850098,0.0261659994721413,0,117.664596557617,-87.1174,25.2582,37.9501261117169,63,63,63,63,61,63,0,8278,1.42435338845813,25,-87,0.001869,51,2023-09-27 20:24:02.00218,494,1.037,0.0011,"aoml_navis",1029.11844204288
"7901009",12,0,1,0.024297,1,0.001869,1,121.738619583315,1,4.85844274633284,496,1,12.3970003128052,35.5340003967285,0.0242970008403063,0,117.394599914551,-87.1174,25.2582,37.9501261117169,63,63,63,63,61,63,0,8278,1.42435338845813,25,-87,0.001869,51,2023-09-27 20:24:02.00218,496,1.037,0.0011,"aoml_navis",1029.13634286912
"7901009",12,0,1,0.022428,1,0,1,121.550091460259,1,4.85838483329172,498,1,12.335000038147,35.5219993591309,0.0224280003458261,0,117.212799072266,-87.1174,25.2582,37.9501261117169,63,63,63,63,61,63,0,8278,1.42435338845813,25,-87,0.001869,51,2023-09-27 20:24:02.00218,498,1.037,0.0011,"aoml_navis",1029.14861040605
"7901009",12,0,1,0.024297,1,0.001869,1,121.203424089913,1,4.8583209332135,500,1,12.2779998779297,35.5130004882812,0.0242970008403063,0,116.87850189209,-87.1174,25.2582,37.9501261117169,63,63,63,63,61,63,0,8278,1.42435338845813,25,-87,0.001869,51,2023-09-27 20:24:02.00218,500,1.037,0.0011,"aoml_navis",1029.16214649755
"7901009",12,0,1,0.024297,1,0.001869,1,120.923642310751,1,4.85825393082868,502,1,12.210000038147,35.5019989013672,0.0242970008403063,0,116.608703613281,-87.1174,25.2582,37.9501261117169,63,63,63,63,61,63,0,8278,1.42435338845813,25,-87,0.001869,51,2023-09-27 20:24:02.00218,502,1.037,0.0011,"aoml_navis",1029.17634013979
"7901009",12,0,1,0.022428,1,0,1,120.708981811578,1,4.85818024839771,504,1,12.1309995651245,35.4900016784668,0.0224280003458261,0,116.401702880859,-87.1174,25.2582,37.9501261117169,63,63,63,63,61,63,0,8278,1.42435338845813,25,-87,0.001869,51,2023-09-27 20:24:02.00218,504,1.037,0.0011,"aoml_navis",1029.19194932075
"7901009",12,0,1,0.022428,1,0,1,120.493182026254,1,4.85811462671406,506,1,12.0640001296997,35.4790000915527,0.0224280003458261,0,116.193603515625,-87.1174,25.2582,37.9501261117169,63,63,63,63,61,63,0,8278,1.42435338845813,25,-87,0.001869,51,2023-09-27 20:24:02.00218,506,1.037,0.0011,"aoml_navis",1029.20585127937
"7901009",12,0,1,0.026166,1,0.003738,1,120.244611940636,1,4.85805137963839,508,1,12.0069999694824,35.4700012207031,0.0261659994721413,0,115.953903198242,-87.1174,25.2582,37.9501261117169,63,63,63,63,61,63,0,8278,1.42435338845813,25,-87,0.001869,51,2023-09-27 20:24:02.00218,508,1.037,0.0011,"aoml_navis",1029.21925053254
"7901009",12,0,1,0.022428,1,0,1,120.019784894898,1,4.85797867244001,510,1,11.9359998703003,35.4599990844727,0.0224280003458261,0,115.737098693848,-87.1174,25.2582,37.9501261117169,63,63,63,63,61,63,0,8278,1.42435338845813,25,-87,0.001869,51,2023-09-27 20:24:02.00218,510,1.037,0.0011,"aoml_navis",1029.23465439766
"7901009",12,0,1,0.024297,1,0.001869,1,119.863409958802,1,4.85791183106368,512,1,11.871000289917,35.4500007629395,0.0242970008403063,0,115.586303710938,-87.1174,25.2582,37.9501261117169,63,63,63,63,61,63,0,8278,1.42435338845813,25,-87,0.001869,51,2023-09-27 20:24:02.00218,512,1.037,0.0011,"aoml_navis",1029.24881592699
"7901009",12,0,1,0.026166,1,0.003738,1,119.779822749096,1,4.85783681150972,514,1,11.8009996414185,35.4410018920898,0.0261659994721413,0,115.505699157715,-87.1174,25.2582,37.9501261117169,63,63,63,63,61,63,0,8278,1.42435338845813,25,-87,0.001869,51,2023-09-27 20:24:02.00218,514,1.037,0.0011,"aoml_navis",1029.26471061223
"7901009",12,0,1,0.024297,1,0.001869,1,119.669486049942,1,4.85777357077385,516,1,11.7550001144409,35.435001373291,0.0242970008403063,0,115.399299621582,-87.1174,25.2582,37.9501261117169,63,63,63,63,61,63,0,8278,1.42435338845813,25,-87,0.001869,51,2023-09-27 20:24:02.00218,516,1.037,0.0011,"aoml_navis",1029.27811005474
"7901009",12,0,1,0.022428,1,0,1,119.54380063457,1,4.85771613727715,518,1,11.7189998626709,35.4300003051758,0.0224280003458261,0,115.278099060059,-87.1174,25.2582,37.9501261117169,63,63,63,63,61,63,0,8278,1.42435338845813,25,-87,0.001869,51,2023-09-27 20:24:02.00218,518,1.037,0.0011,"aoml_navis",1029.29027936215
"7901009",12,0,1,0.026166,1,0.003738,1,119.424025266114,1,4.85765679232522,520,1,11.6770000457764,35.423999786377,0.0261659994721413,0,115.16259765625,-87.1174,25.2582,37.9501261117169,63,63,63,63,61,63,0,8278,1.42435338845813,25,-87,0.001869,51,2023-09-27 20:24:02.00218,520,1.037,0.0011,"aoml_navis",1029.30285398089
"7901009",12,0,1,0.024297,1,0.001869,1,119.237364306473,1,4.85760804206472,522,1,11.6579999923706,35.4210014343262,0.0242970008403063,0,114.982597351074,-87.1174,25.2582,37.9501261117169,63,63,63,63,61,63,0,8278,1.42435338845813,25,-87,0.001869,51,2023-09-27 20:24:02.00218,522,1.037,0.0011,"aoml_navis",1029.31318391732
"7901009",12,0,1,0.024297,1,0.001869,1,118.991183557091,1,4.85755066526076,524,1,11.6180000305176,35.4150009155273,0.0242970008403063,0,114.74520111084,-87.1174,25.2582,37.9501261117169,63,63,63,63,61,63,0,8278,1.42435338845813,25,-87,0.001869,51,2023-09-27 20:24:02.00218,524,1.037,0.0011,"aoml_navis",1029.32534204079
"7901009",12,0,1,0.024297,1,0.001869,1,118.785130997735,1,4.85747558957171,526,1,11.5550003051758,35.4080009460449,0.0242970008403063,0,114.546501159668,-87.1174,25.2582,37.9501261117169,63,63,63,63,61,63,0,8278,1.42435338845813,25,-87,0.001869,51,2023-09-27 20:24:02.00218,526,1.037,0.0011,"aoml_navis",1029.34125098524
"7901009",12,0,1,0.024297,1,0.001869,1,118.503062734559,1,4.85741547171917,528,1,11.503999710083,35.4000015258789,0.0242970008403063,0,114.27449798584,-87.1174,25.2582,37.9501261117169,63,63,63,63,61,63,0,8278,1.42435338845813,25,-87,0.001869,51,2023-09-27 20:24:02.00218,528,1.037,0.0011,"aoml_navis",1029.35399063782
"7901009",12,0,1,0.022428,1,0,1,118.17848485683,1,4.85734995782385,530,1,11.451000213623,35.3930015563965,0.0224280003458261,0,113.961502075195,-87.1174,25.2582,37.9501261117169,63,63,63,63,61,63,0,8278,1.42435338845813,25,-87,0.001869,51,2023-09-27 20:24:02.00218,530,1.037,0.0011,"aoml_navis",1029.36787413194
"7901009",12,0,1,0.028035,1,0.005607,1,118.065141708108,1,4.85729377252539,532,1,11.4040002822876,35.3849983215332,0.0280349999666214,0,113.852203369141,-87.1174,25.2582,37.9501261117169,63,63,63,63,61,63,0,8278,1.42435338845813,25,-87,0.001869,51,2023-09-27 20:24:02.00218,532,1.037,0.0011,"aoml_navis",1029.37978103812
"7901009",12,0,1,0.024297,1,0.001869,1,117.828700272985,1,4.85722933590379,534,1,11.3439998626709,35.3759994506836,0.0242970008403063,0,113.624198913574,-87.1174,25.2582,37.9501261117169,63,63,63,63,61,63,0,8278,1.42435338845813,25,-87,0.001869,51,2023-09-27 20:24:02.00218,534,1.037,0.0011,"aoml_navis",1029.3934369211
"7901009",12,0,1,0.026166,1,0.003738,1,117.608549047496,1,4.85714942159787,536,1,11.2629995346069,35.3660011291504,0.0261659994721413,0,113.411903381348,-87.1174,25.2582,37.9501261117169,63,63,63,63,61,63,0,8278,1.42435338845813,25,-87,0.001869,51,2023-09-27 20:24:02.00218,536,1.037,0.0011,"aoml_navis",1029.41037345216
"7901009",12,0,1,0.028035,1,0.005607,1,117.324716473126,1,4.85708745356357,537.900024414062,1,11.2069997787476,35.3580017089844,0.0280349999666214,0,113.138198852539,-87.1174,25.2582,37.9501261117169,63,63,63,63,61,63,0,8278,1.42435338845813,25,-87,0.001869,51,2023-09-27 20:24:02.00218,537.900024414062,1.037,0.0011,"aoml_navis",1029.42350694789
"7901009",12,0,1,0.029904,1,0.007476,1,116.782052326059,1,4.85702781027375,540,1,11.1619997024536,35.351001739502,0.0299040004611015,0,112.614898681641,-87.1174,25.2582,37.9501261117169,63,63,63,63,61,63,0,8278,1.42435338845813,25,-87,0.001869,51,2023-09-27 20:24:02.00218,540,1.037,0.0011,"aoml_navis",1029.43614805413
"7901009",12,0,1,0.022428,1,0,1,115.933062614826,1,4.85695853023619,542,1,11.1000003814697,35.3429985046387,0.0224280003458261,0,111.796203613281,-87.1174,25.2582,37.9501261117169,63,63,63,63,61,63,0,8278,1.42435338845813,25,-87,0.001869,51,2023-09-27 20:24:02.00218,542,1.037,0.0011,"aoml_navis",1029.45083201212
"7901009",12,0,1,0.028035,1,0.005607,1,115.133631851213,1,4.85688843060087,544,1,11.0450000762939,35.3370018005371,0.0280349999666214,0,111.025299072266,-87.1174,25.2582,37.9501261117169,63,63,63,63,61,63,0,8278,1.42435338845813,25,-87,0.001869,51,2023-09-27 20:24:02.00218,544,1.037,0.0011,"aoml_navis",1029.46569011087
"7901009",12,0,1,0.029904,1,0.007476,1,114.504168340428,1,4.85683924105544,546,1,11.0249996185303,35.3339996337891,0.0299040004611015,0,110.418296813965,-87.1174,25.2582,37.9501261117169,63,63,63,63,61,63,0,8278,1.42435338845813,25,-87,0.001869,51,2023-09-27 20:24:02.00218,546,1.037,0.0011,"aoml_navis",1029.47611642864
"7901009",12,0,1,0.028035,1,0.005607,1,114.105133365629,1,4.85676924095298,548,1,10.9779996871948,35.3300018310547,0.0280349999666214,0,110.033500671387,-87.1174,25.2582,37.9501261117169,63,63,63,63,61,63,0,8278,1.42435338845813,25,-87,0.001869,51,2023-09-27 20:24:02.00218,548,1.037,0.0011,"aoml_navis",1029.49095415925
"7901009",12,0,1,0.028035,1,0.005607,1,113.616601134209,1,4.85671101750506,550,1,10.9519996643066,35.3279991149902,0.0280349999666214,0,109.562400817871,-87.1174,25.2582,37.9501261117169,63,63,63,63,61,63,0,8278,1.42435338845813,25,-87,0.001869,51,2023-09-27 20:24:02.00218,550,1.037,0.0011,"aoml_navis",1029.50329595038
"7901009",12,0,1,0.026166,1,0.003738,1,113.148908345322,1,4.85665917328111,552,1,10.9289999008179,35.3250007629395,0.0261659994721413,0,109.111396789551,-87.1174,25.2582,37.9501261117169,63,63,63,63,61,63,0,8278,1.42435338845813,25,-87,0.001869,51,2023-09-27 20:24:02.00218,552,1.037,0.0011,"aoml_navis",1029.51428576818
"7901009",12,0,1,0.024297,1,0.001869,1,112.743646855233,1,4.85660549755929,554,1,10.9079999923706,35.3230018615723,0.0242970008403063,0,108.720596313477,-87.1174,25.2582,37.9501261117169,63,63,63,63,61,63,0,8278,1.42435338845813,25,-87,0.001869,51,2023-09-27 20:24:02.00218,554,1.037,0.0011,"aoml_navis",1029.52566406985
"7901009",12,0,1,0.028035,1,0.005607,1,112.514159812664,1,4.85655816723042,556,1,10.8940000534058,35.3209991455078,0.0280349999666214,0,108.499298095703,-87.1174,25.2582,37.9501261117169,63,63,63,63,61,63,0,8278,1.42435338845813,25,-87,0.001869,51,2023-09-27 20:24:02.00218,556,1.037,0.0011,"aoml_navis",1029.53569746934
"7901009",12,0,1,0.024297,1,0.001869,1,112.416165380158,1,4.85651002897202,558,1,10.871000289917,35.3170013427734,0.0242970008403063,0,108.404800415039,-87.1174,25.2582,37.9501261117169,63,63,63,63,61,63,0,8278,1.42435338845813,25,-87,0.001869,51,2023-09-27 20:24:02.00218,558,1.037,0.0011,"aoml_navis",1029.54590233974
"7901009",12,0,1,0.024297,1,0.001869,1,112.30613723767,1,4.85645646610599,560,1,10.8459997177124,35.3139991760254,0.0242970008403063,0,108.298698425293,-87.1174,25.2582,37.9501261117169,63,63,63,63,61,63,0,8278,1.42435338845813,25,-87,0.001869,51,2023-09-27 20:24:02.00218,560,1.037,0.0011,"aoml_navis",1029.55725741512
"7901009",12,0,1,0.028035,1,0.005607,1,112.181591108451,1,4.85641365300521,562,1,10.8369998931885,35.3120002746582,0.0280349999666214,0,108.178596496582,-87.1174,25.2582,37.9501261117169,63,63,63,63,61,63,0,8278,1.42435338845813,25,-87,0.001869,51,2023-09-27 20:24:02.00218,562,1.037,0.0011,"aoml_navis",1029.566333771
"7901009",12,0,1,0.028035,1,0.005607,1,112.137317182704,1,4.85635036096637,564,1,10.7930002212524,35.306999206543,0.0280349999666214,0,108.135902404785,-87.1174,25.2582,37.9501261117169,63,63,63,63,61,63,0,8278,1.42435338845813,25,-87,0.001869,51,2023-09-27 20:24:02.00218,564,1.037,0.0011,"aoml_navis",1029.57975194464
"7901009",12,0,1,0.028035,1,0.005607,1,112.105994725229,1,4.85629356638232,566,1,10.7480001449585,35.2999992370605,0.0280349999666214,0,108.105697631836,-87.1174,25.2582,37.9501261117169,63,63,63,63,61,63,0,8278,1.42435338845813,25,-87,0.001869,51,2023-09-27 20:24:02.00218,566,1.037,0.0011,"aoml_navis",1029.59179292877
"7901009",12,0,1,0.024297,1,0.001869,1,112.060890069996,1,4.85623848693852,568,1,10.7130002975464,35.2949981689453,0.0242970008403063,0,108.062202453613,-87.1174,25.2582,37.9501261117169,63,63,63,63,61,63,0,8278,1.42435338845813,25,-87,0.001869,51,2023-09-27 20:24:02.00218,568,1.037,0.0011,"aoml_navis",1029.6034705561
"7901009",12,0,1,0.028035,1,0.005607,1,112.131612840234,1,4.85616248422193,570,1,10.6339998245239,35.2849998474121,0.0280349999666214,0,108.130401611328,-87.1174,25.2582,37.9501261117169,63,63,63,63,61,63,0,8278,1.42435338845813,25,-87,0.001869,51,2023-09-27 20:24:02.00218,570,1.037,0.0011,"aoml_navis",1029.61958465052
"7901009",12,0,1,0.029904,1,0.007476,1,112.183252567423,1,4.85610075835314,572,1,10.5790004730225,35.2770004272461,0.0299040004611015,0,108.180198669434,-87.1174,25.2582,37.9501261117169,63,63,63,63,61,63,0,8278,1.42435338845813,25,-87,0.001869,51,2023-09-27 20:24:02.00218,572,1.037,0.0011,"aoml_navis",1029.63267213913
"7901009",12,0,1,0.028035,1,0.005607,1,112.124555595458,1,4.85604304226734,574,1,10.548999786377,35.273998260498,0.0280349999666214,0,108.123596191406,-87.1174,25.2582,37.9501261117169,63,63,63,63,61,63,0,8278,1.42435338845813,25,-87,0.001869,51,2023-09-27 20:24:02.00218,574,1.037,0.0011,"aoml_navis",1029.64490975052
"7901009",12,0,1,0.029904,1,0.007476,1,112.035588423366,1,4.85599687438512,576,1,10.5319995880127,35.2709999084473,0.0299040004611015,0,108.037803649902,-87.1174,25.2582,37.9501261117169,63,63,63,63,61,63,0,8278,1.42435338845813,25,-87,0.001869,51,2023-09-27 20:24:02.00218,576,1.037,0.0011,"aoml_navis",1029.65469899177
"7901009",12,0,1,0.026166,1,0.003738,1,111.887188490336,1,4.85595093425012,577.900024414062,1,10.5170001983643,35.2690010070801,0.0261659994721413,0,107.89469909668,-87.1174,25.2582,37.9501261117169,63,63,63,63,61,63,0,8278,1.42435338845813,25,-87,0.001869,51,2023-09-27 20:24:02.00218,577.900024414062,1.037,0.0011,"aoml_navis",1029.66444012724
"7901009",12,0,1,0.028035,1,0.005607,1,111.675328736288,1,4.8559026974321,580,1,10.5,35.265998840332,0.0280349999666214,0,107.690399169922,-87.1174,25.2582,37.9501261117169,63,63,63,63,61,63,0,8278,1.42435338845813,25,-87,0.001869,51,2023-09-27 20:24:02.00218,580,1.037,0.0011,"aoml_navis",1029.67466844921
"7901009",12,0,1,0.035511,1,0.013083,1,111.450193133884,1,4.85584340910747,582,1,10.46399974823,35.2620010375977,0.0355109982192516,0,107.473297119141,-87.1174,25.2582,37.9501261117169,63,63,63,63,61,63,0,8278,1.42435338845813,25,-87,0.001869,51,2023-09-27 20:24:02.00218,582,1.037,0.0011,"aoml_navis",1029.68724045387
"7901009",12,0,1,0.024297,1,0.001869,1,111.346494358908,1,4.85578078592264,584,1,10.4200000762939,35.2569999694824,0.0242970008403063,0,107.37329864502,-87.1174,25.2582,37.9501261117169,63,63,63,63,61,63,0,8278,1.42435338845813,25,-87,0.001869,51,2023-09-27 20:24:02.00218,584,1.037,0.0011,"aoml_navis",1029.70051994428
"7901009",12,0,1,0.024297,1,0.001869,1,111.359350886667,1,4.85572955698688,586,1,10.3929996490479,35.2529983520508,0.0242970008403063,0,107.385696411133,-87.1174,25.2582,37.9501261117169,63,63,63,63,61,63,0,8278,1.42435338845813,25,-87,0.001869,51,2023-09-27 20:24:02.00218,586,1.037,0.0011,"aoml_navis",1029.71138349448
"7901009",12,0,1,0.028035,1,0.005607,1,111.39264335978,1,4.85568274444508,588,1,10.371000289917,35.2490005493164,0.0280349999666214,0,107.41780090332,-87.1174,25.2582,37.9501261117169,63,63,63,63,61,63,0,8278,1.42435338845813,25,-87,0.001869,51,2023-09-27 20:24:02.00218,588,1.037,0.0011,"aoml_navis",1029.72131070961
"7901009",12,0,1,0.028035,1,0.005607,1,111.376986086897,1,4.85564006817451,590,1,10.3620004653931,35.2470016479492,0.0280349999666214,0,107.402702331543,-87.1174,25.2582,37.9501261117169,63,63,63,63,61,63,0,8278,1.42435338845813,25,-87,0.001869,51,2023-09-27 20:24:02.00218,590,1.037,0.0011,"aoml_navis",1029.73036094081
"7901009",12,0,1,0.028035,1,0.005607,1,111.320053426126,1,4.85559300954853,592,1,10.3479995727539,35.2449989318848,0.0280349999666214,0,107.347801208496,-87.1174,25.2582,37.9501261117169,63,63,63,63,61,63,0,8278,1.42435338845813,25,-87,0.001869,51,2023-09-27 20:24:02.00218,592,1.037,0.0011,"aoml_navis",1029.74034070967
"7901009",12,0,1,0.029904,1,0.007476,1,111.381028970395,1,4.85554008298952,594,1,10.3190002441406,35.2410011291504,0.0299040004611015,0,107.406600952148,-87.1174,25.2582,37.9501261117169,63,63,63,63,61,63,0,8278,1.42435338845813,25,-87,0.001869,51,2023-09-27 20:24:02.00218,594,1.037,0.0011,"aoml_navis",1029.75156512796
"7901009",12,0,4,0.020559,1,-0.001869,1,111.555869836207,1,4.85548560016425,596,1,10.2840003967285,35.2360000610352,0.020558999851346,0,107.575202941895,-87.1174,25.2582,37.9501261117169,63,63,63,63,61,63,0,8278,1.42435338845813,25,-87,0.001869,51,2023-09-27 20:24:02.00218,596,1.037,0.0011,"aoml_navis",1029.76311984755
"7901009",12,0,1,0.029904,1,0.007476,1,111.697726785572,1,4.85544095452447,598,1,10.2559995651245,35.2299995422363,0.0299040004611015,0,107.71199798584,-87.1174,25.2582,37.9501261117169,63,63,63,63,61,63,0,8278,1.42435338845813,25,-87,0.001869,51,2023-09-27 20:24:02.00218,598,1.037,0.0011,"aoml_navis",1029.77258848979
"7901009",12,0,1,0.029904,1,0.007476,1,111.993070897104,1,4.85534589103544,600,1,10.1450004577637,35.2179985046387,0.0299040004611015,0,107.996803283691,-87.1174,25.2582,37.9501261117169,63,63,63,63,61,63,0,8278,1.42435338845813,25,-87,0.001869,51,2023-09-27 20:24:02.00218,600,1.037,0.0011,"aoml_navis",1029.79275054979
"7901009",12,0,1,0.024297,1,0.001869,1,112.092410320206,1,4.85528874239219,602,1,10.0939998626709,35.2099990844727,0.0242970008403063,0,108.092597961426,-87.1174,25.2582,37.9501261117169,63,63,63,63,61,63,0,8278,1.42435338845813,25,-87,0.001869,51,2023-09-27 20:24:02.00218,602,1.037,0.0011,"aoml_navis",1029.80487161233
"7901009",12,0,1,0.026166,1,0.003738,1,112.111081954367,1,4.85523939153418,604,1,10.0729999542236,35.2070007324219,0.0261659994721413,0,108.11060333252,-87.1174,25.2582,37.9501261117169,63,63,63,63,61,63,0,8278,1.42435338845813,25,-87,0.001869,51,2023-09-27 20:24:02.00218,604,1.037,0.0011,"aoml_navis",1029.8153390167
"7901009",12,0,1,0.026166,1,0.003738,1,112.120307007516,1,4.85519246432174,606,1,10.0590000152588,35.2050018310547,0.0261659994721413,0,108.119499206543,-87.1174,25.2582,37.9501261117169,63,63,63,63,61,63,0,8278,1.42435338845813,25,-87,0.001869,51,2023-09-27 20:24:02.00218,606,1.037,0.0011,"aoml_navis",1029.82529255892
"7901009",12,0,1,0.024297,1,0.001869,1,112.079450940225,1,4.85514382514922,608,1,10.0430002212524,35.2029991149902,0.0242970008403063,0,108.080101013184,-87.1174,25.2582,37.9501261117169,63,63,63,63,61,63,0,8278,1.42435338845813,25,-87,0.001869,51,2023-09-27 20:24:02.00218,608,1.037,0.0011,"aoml_navis",1029.83560942118
"7901009",12,0,1,0.029904,1,0.007476,1,112.044710624293,1,4.85508952021109,610,1,10.0120000839233,35.1990013122559,0.0299040004611015,0,108.046600341797,-87.1174,25.2582,37.9501261117169,63,63,63,63,61,63,0,8278,1.42435338845813,25,-87,0.001869,51,2023-09-27 20:24:02.00218,610,1.037,0.0011,"aoml_navis",1029.84712829406
"7901009",12,0,1,0.028035,1,0.005607,1,111.96133703074,1,4.85503547376259,612,1,9.97700023651123,35.1940002441406,0.0280349999666214,0,107.966201782227,-87.1174,25.2582,37.9501261117169,63,63,63,63,61,63,0,8278,1.42435338845813,25,-87,0.001869,51,2023-09-27 20:24:02.00218,612,1.037,0.0011,"aoml_navis",1029.85859259337
"7901009",12,0,1,0.024297,1,0.001869,1,111.847471709198,1,4.85498103829485,614,1,9.94999980926514,35.1910018920898,0.0242970008403063,0,107.856399536133,-87.1174,25.2582,37.9501261117169,63,63,63,63,61,63,0,8278,1.42435338845813,25,-87,0.001869,51,2023-09-27 20:24:02.00218,614,1.037,0.0011,"aoml_navis",1029.87013966919
"7901009",12,0,1,0.028035,1,0.005607,1,111.756526609759,1,4.85492901541123,616,1,9.93000030517578,35.1889991760254,0.0280349999666214,0,107.768699645996,-87.1174,25.2582,37.9501261117169,63,63,63,63,61,63,0,8278,1.42435338845813,25,-87,0.001869,51,2023-09-27 20:24:02.00218,616,1.037,0.0011,"aoml_navis",1029.88117521971
"7901009",12,0,1,0.024297,1,0.001869,1,111.722205614425,1,4.85488323740687,618,1,9.91300010681152,35.1860008239746,0.0242970008403063,0,107.73560333252,-87.1174,25.2582,37.9501261117169,63,63,63,63,61,63,0,8278,1.42435338845813,25,-87,0.001869,51,2023-09-27 20:24:02.00218,618,1.037,0.0011,"aoml_navis",1029.89088624728
"7901009",12,0,1,0.028035,1,0.005607,1,111.803403487895,1,4.8548321014759,620,1,9.89400005340576,35.1839981079102,0.0280349999666214,0,107.813903808594,-87.1174,25.2582,37.9501261117169,63,63,63,63,61,63,0,8278,1.42435338845813,25,-87,0.001869,51,2023-09-27 20:24:02.00218,620,1.037,0.0011,"aoml_navis",1029.90173408468
"7901009",12,0,1,0.026166,1,0.003738,1,111.766693156325,1,4.85478978478729,622,1,9.88099956512451,35.1809997558594,0.0261659994721413,0,107.778503417969,-87.1174,25.2582,37.9501261117169,63,63,63,63,61,63,0,8278,1.42435338845813,25,-87,0.001869,51,2023-09-27 20:24:02.00218,622,1.037,0.0011,"aoml_navis",1029.91071120478
"7901009",12,0,1,0.022428,1,0,1,111.695448213267,1,4.85474231931144,624,1,9.86200046539307,35.1780014038086,0.0224280003458261,0,107.709800720215,-87.1174,25.2582,37.9501261117169,63,63,63,63,61,63,0,8278,1.42435338845813,25,-87,0.001869,51,2023-09-27 20:24:02.00218,624,1.037,0.0011,"aoml_navis",1029.92078078186
"7901009",12,0,1,0.022428,1,0,1,111.785459730998,1,4.85465896122944,626,1,9.78400039672852,35.1710014343262,0.0224280003458261,0,107.796600341797,-87.1174,25.2582,37.9501261117169,63,63,63,63,61,63,0,8278,1.42435338845813,25,-87,0.001869,51,2023-09-27 20:24:02.00218,626,1.037,0.0011,"aoml_navis",1029.93846528279
"7901009",12,0,1,0.029904,1,0.007476,1,111.730085676977,1,4.85461499929967,628,1,9.76900005340576,35.1679992675781,0.0299040004611015,0,107.743202209473,-87.1174,25.2582,37.9501261117169,63,63,63,63,61,63,0,8278,1.42435338845813,25,-87,0.001869,51,2023-09-27 20:24:02.00218,628,1.037,0.0011,"aoml_navis",1029.94779209501
"7901009",12,0,1,0.026166,1,0.003738,1,111.676570874663,1,4.8545731106841,630,1,9.76500034332275,35.1669998168945,0.0261659994721413,0,107.691596984863,-87.1174,25.2582,37.9501261117169,63,63,63,63,61,63,0,8278,1.42435338845813,25,-87,0.001869,51,2023-09-27 20:24:02.00218,630,1.037,0.0011,"aoml_navis",1029.95667919716
"7901009",12,0,1,0.031773,1,0.009345,1,111.536992497602,1,4.85452865859965,632,1,9.75800037384033,35.1660003662109,0.0317730009555817,0,107.556999206543,-87.1174,25.2582,37.9501261117169,63,63,63,63,61,63,0,8278,1.42435338845813,25,-87,0.001869,51,2023-09-27 20:24:02.00218,632,1.037,0.0011,"aoml_navis",1029.96611033342
"7901009",12,0,1,0.028035,1,0.005607,1,111.421370776576,1,4.85448043881552,634,1,9.73799991607666,35.1629981994629,0.0280349999666214,0,107.445503234863,-87.1174,25.2582,37.9501261117169,63,63,63,63,61,63,0,8278,1.42435338845813,25,-87,0.001869,51,2023-09-27 20:24:02.00218,634,1.037,0.0011,"aoml_navis",1029.97634103558
"7901009",12,0,1,0.029904,1,0.007476,1,111.353235135308,1,4.85442760310325,636,1,9.70400047302246,35.1580009460449,0.0299040004611015,0,107.37979888916,-87.1174,25.2582,37.9501261117169,63,63,63,63,61,63,0,8278,1.42435338845813,25,-87,0.001869,51,2023-09-27 20:24:02.00218,636,1.037,0.0011,"aoml_navis",1029.98755132401
"7901009",12,0,1,0.028035,1,0.005607,1,111.478089821193,1,4.85435150231568,638,1,9.62100028991699,35.1479988098145,0.0280349999666214,0,107.500198364258,-87.1174,25.2582,37.9501261117169,63,63,63,63,61,63,0,8278,1.42435338845813,25,-87,0.001869,51,2023-09-27 20:24:02.00218,638,1.037,0.0011,"aoml_navis",1030.00369825194
"7901009",12,0,1,0.033642,1,0.011214,1,111.500907191074,1,4.85429290083581,640,1,9.57999992370605,35.1430015563965,0.0336420014500618,0,107.522201538086,-87.1174,25.2582,37.9501261117169,63,63,63,63,61,63,0,8278,1.42435338845813,25,-87,0.001869,51,2023-09-27 20:24:02.00218,640,1.037,0.0011,"aoml_navis",1030.01613255333
"7901009",12,0,1,0.022428,1,0,1,111.684458848924,1,4.85422143654961,642,1,9.51500034332275,35.1360015869141,0.0224280003458261,0,107.699203491211,-87.1174,25.2582,37.9501261117169,63,63,63,63,61,63,0,8278,1.42435338845813,25,-87,0.001869,51,2023-09-27 20:24:02.00218,642,1.037,0.0011,"aoml_navis",1030.03129654382
"7901009",12,0,1,0.026166,1,0.003738,1,111.821030776416,1,4.85416134706121,644,1,9.47200012207031,35.1310005187988,0.0261659994721413,0,107.830902099609,-87.1174,25.2582,37.9501261117169,63,63,63,63,61,63,0,8278,1.42435338845813,25,-87,0.001869,51,2023-09-27 20:24:02.00218,644,1.037,0.0011,"aoml_navis",1030.04404726412
"7901009",12,0,1,0.026166,1,0.003738,1,111.85068386321,1,4.85412092458546,646,1,9.46100044250488,35.1279983520508,0.0261659994721413,0,107.859497070312,-87.1174,25.2582,37.9501261117169,63,63,63,63,61,63,0,8278,1.42435338845813,25,-87,0.001869,51,2023-09-27 20:24:02.00218,646,1.037,0.0011,"aoml_navis",1030.05262491004
"7901009",12,0,1,0.031773,1,0.009345,1,111.89258427614,1,4.85407766965841,648,1,9.45100021362305,35.1259994506836,0.0317730009555817,0,107.89990234375,-87.1174,25.2582,37.9501261117169,63,63,63,63,61,63,0,8278,1.42435338845813,25,-87,0.001869,51,2023-09-27 20:24:02.00218,648,1.037,0.0011,"aoml_navis",1030.06180376011
"7901009",12,0,1,0.024297,1,0.001869,1,111.990167299758,1,4.85403417667719,650,1,9.43200016021729,35.1220016479492,0.0242970008403063,0,107.994003295898,-87.1174,25.2582,37.9501261117169,63,63,63,63,61,63,0,8278,1.42435338845813,25,-87,0.001869,51,2023-09-27 20:24:02.00218,650,1.037,0.0011,"aoml_navis",1030.07103329106
"7901009",12,0,1,0.031773,1,0.009345,1,112.41523179845,1,4.85394243846553,652,1,9.31599998474121,35.109001159668,0.0317730009555817,0,108.403900146484,-87.1174,25.2582,37.9501261117169,63,63,63,63,61,63,0,8278,1.42435338845813,25,-87,0.001869,51,2023-09-27 20:24:02.00218,652,1.037,0.0011,"aoml_navis",1030.09050135762
"7901009",12,0,1,0.026166,1,0.003738,1,112.644615988797,1,4.85387454077168,654,1,9.25,35.101001739502,0.0261659994721413,0,108.625099182129,-87.1174,25.2582,37.9501261117169,63,63,63,63,61,63,0,8278,1.42435338845813,25,-87,0.001869,51,2023-09-27 20:24:02.00218,654,1.037,0.0011,"aoml_navis",1030.10491062365
"7901009",12,0,1,0.028035,1,0.005607,1,112.702062910679,1,4.85382338786302,656,1,9.22599983215332,35.0979995727539,0.0280349999666214,0,108.68049621582,-87.1174,25.2582,37.9501261117169,63,63,63,63,61,63,0,8278,1.42435338845813,25,-87,0.001869,51,2023-09-27 20:24:02.00218,656,1.037,0.0011,"aoml_navis",1030.11576657332
"7901009",12,0,1,0.028035,1,0.005607,1,112.700306511194,1,4.85377903806365,658,1,9.2189998626709,35.0970001220703,0.0280349999666214,0,108.678802490234,-87.1174,25.2582,37.9501261117169,63,63,63,63,61,63,0,8278,1.42435338845813,25,-87,0.001869,51,2023-09-27 20:24:02.00218,658,1.037,0.0011,"aoml_navis",1030.12517891517
"7901009",12,0,1,0.028035,1,0.005607,1,112.662662597916,1,4.85373635290081,660,1,9.21399974822998,35.0960006713867,0.0280349999666214,0,108.642501831055,-87.1174,25.2582,37.9501261117169,63,63,63,63,61,63,0,8278,1.42435338845813,25,-87,0.001869,51,2023-09-27 20:24:02.00218,660,1.037,0.0011,"aoml_navis",1030.13423813425
"7901009",12,0,1,0.026166,1,0.003738,1,112.749564813857,1,4.85368308471887,662,1,9.18299961090088,35.0919990539551,0.0261659994721413,0,108.726303100586,-87.1174,25.2582,37.9501261117169,63,63,63,63,61,63,0,8278,1.42435338845813,25,-87,0.001869,51,2023-09-27 20:24:02.00218,662,1.037,0.0011,"aoml_navis",1030.14554364742
"7901009",12,0,1,0.028035,1,0.005607,1,112.633832328899,1,4.85363411598837,664,1,9.16600036621094,35.0900001525879,0.0280349999666214,0,108.614700317383,-87.1174,25.2582,37.9501261117169,63,63,63,63,61,63,0,8278,1.42435338845813,25,-87,0.001869,51,2023-09-27 20:24:02.00218,664,1.037,0.0011,"aoml_navis",1030.15593687408
"7901009",12,0,1,0.029904,1,0.007476,1,112.728408902948,1,4.85356543171766,666,1,9.10299968719482,35.0830001831055,0.0299040004611015,0,108.705902099609,-87.1174,25.2582,37.9501261117169,63,63,63,63,61,63,0,8278,1.42435338845813,25,-87,0.001869,51,2023-09-27 20:24:02.00218,666,1.037,0.0011,"aoml_navis",1030.17051492196
"7901009",12,0,1,0.029904,1,0.007476,1,112.908329086188,1,4.85349280456391,668,1,9.03499984741211,35.076000213623,0.0299040004611015,0,108.879402160645,-87.1174,25.2582,37.9501261117169,63,63,63,63,61,63,0,8278,1.42435338845813,25,-87,0.001869,51,2023-09-27 20:24:02.00218,668,1.037,0.0011,"aoml_navis",1030.18593028475
"7901009",12,0,1,0.028035,1,0.005607,1,113.078810600126,1,4.85342125265278,670,1,8.97700023651123,35.0709991455078,0.0280349999666214,0,109.043800354004,-87.1174,25.2582,37.9501261117169,63,63,63,63,61,63,0,8278,1.42435338845813,25,-87,0.001869,51,2023-09-27 20:24:02.00218,670,1.037,0.0011,"aoml_navis",1030.20111787476
"7901009",12,0,1,0.024297,1,0.001869,1,113.055376116913,1,4.85338143839274,672,1,8.9709997177124,35.0690002441406,0.0242970008403063,0,109.021202087402,-87.1174,25.2582,37.9501261117169,63,63,63,63,61,63,0,8278,1.42435338845813,25,-87,0.001869,51,2023-09-27 20:24:02.00218,672,1.037,0.0011,"aoml_navis",1030.20956903313
"7901009",12,0,1,0.028035,1,0.005607,1,113.022914373285,1,4.85334080597083,674,1,8.96399974822998,35.0670013427734,0.0280349999666214,0,108.989898681641,-87.1174,25.2582,37.9501261117169,63,63,63,63,61,63,0,8278,1.42435338845813,25,-87,0.001869,51,2023-09-27 20:24:02.00218,674,1.037,0.0011,"aoml_navis",1030.21819400128
"7901009",12,0,1,0.029904,1,0.007476,1,113.217455395478,1,4.85325877200614,676,1,8.88399982452393,35.060001373291,0.0299040004611015,0,109.17749786377,-87.1174,25.2582,37.9501261117169,63,63,63,63,61,63,0,8278,1.42435338845813,25,-87,0.001869,51,2023-09-27 20:24:02.00218,676,1.037,0.0011,"aoml_navis",1030.23560763755
"7901009",12,0,1,0.028035,1,0.005607,1,113.491643596101,1,4.8532030663102,678,1,8.84500026702881,35.0550003051758,0.0280349999666214,0,109.441902160645,-87.1174,25.2582,37.9501261117169,63,63,63,63,61,63,0,8278,1.42435338845813,25,-87,0.001869,51,2023-09-27 20:24:02.00218,678,1.037,0.0011,"aoml_navis",1030.24743281583
"7901009",12,0,1,0.028035,1,0.005607,1,113.99510522314,1,4.85316410472599,680,1,8.83100032806396,35.0509986877441,0.0280349999666214,0,109.927398681641,-87.1174,25.2582,37.9501261117169,63,63,63,63,61,63,0,8278,1.42435338845813,25,-87,0.001869,51,2023-09-27 20:24:02.00218,680,1.037,0.0011,"aoml_navis",1030.25570372348
"7901009",12,0,1,0.029904,1,0.007476,1,114.90808483992,1,4.85305980061485,682,1,8.67300033569336,35.0330009460449,0.0299040004611015,0,110.807800292969,-87.1174,25.2582,37.9501261117169,63,63,63,63,61,63,0,8278,1.42435338845813,25,-87,0.001869,51,2023-09-27 20:24:02.00218,682,1.037,0.0011,"aoml_navis",1030.27784643547
"7901009",12,0,1,0.026166,1,0.003738,1,114.927998612455,1,4.85300811793148,684,1,8.63399982452393,35.0270004272461,0.0261659994721413,0,110.827003479004,-87.1174,25.2582,37.9501261117169,63,63,63,63,61,63,0,8278,1.42435338845813,25,-87,0.001869,51,2023-09-27 20:24:02.00218,684,1.037,0.0011,"aoml_navis",1030.28881850113
"7901009",12,0,1,0.028035,1,0.005607,1,114.739573341621,1,4.85295744025644,686,1,8.61900043487549,35.0260009765625,0.0280349999666214,0,110.645301818848,-87.1174,25.2582,37.9501261117169,63,63,63,63,61,63,0,8278,1.42435338845813,25,-87,0.001869,51,2023-09-27 20:24:02.00218,686,1.037,0.0011,"aoml_navis",1030.29957743371
"7901009",12,0,1,0.029904,1,0.007476,1,114.430336268399,1,4.85290114116537,688,1,8.59700012207031,35.0250015258789,0.0299040004611015,0,110.347099304199,-87.1174,25.2582,37.9501261117169,63,63,63,63,61,63,0,8278,1.42435338845813,25,-87,0.001869,51,2023-09-27 20:24:02.00218,688,1.037,0.0011,"aoml_navis",1030.31153006329
"7901009",12,0,1,0.026166,1,0.003738,1,114.243881013203,1,4.85285153116096,690,1,8.59700012207031,35.0270004272461,0.0261659994721413,0,110.167297363281,-87.1174,25.2582,37.9501261117169,63,63,63,63,61,63,0,8278,1.42435338845813,25,-87,0.001869,51,2023-09-27 20:24:02.00218,690,1.037,0.0011,"aoml_navis",1030.32206279013
"7901009",12,0,1,0.026166,1,0.003738,1,114.064894411671,1,4.85279926535294,692,1,8.57999992370605,35.0260009765625,0.0261659994721413,0,109.994697570801,-87.1174,25.2582,37.9501261117169,63,63,63,63,61,63,0,8278,1.42435338845813,25,-87,0.001869,51,2023-09-27 20:24:02.00218,692,1.037,0.0011,"aoml_navis",1030.33315960502
"7901009",12,0,1,0.026166,1,0.003738,1,113.934232531093,1,4.85274976520593,694,1,8.57100009918213,35.0260009765625,0.0261659994721413,0,109.868698120117,-87.1174,25.2582,37.9501261117169,63,63,63,63,61,63,0,8278,1.42435338845813,25,-87,0.001869,51,2023-09-27 20:24:02.00218,694,1.037,0.0011,"aoml_navis",1030.34366944899
"7901009",12,0,1,0.029904,1,0.007476,1,113.834576639615,1,4.85269671285381,696,1,8.55300045013428,35.0250015258789,0.0299040004611015,0,109.772598266602,-87.1174,25.2582,37.9501261117169,63,63,63,63,61,63,0,8278,1.42435338845813,25,-87,0.001869,51,2023-09-27 20:24:02.00218,696,1.037,0.0011,"aoml_navis",1030.35493373324
"7901009",12,0,1,0.026166,1,0.003738,1,113.85138111036,1,4.85263693525428,698,1,8.52200031280518,35.0229988098145,0.0261659994721413,0,109.788803100586,-87.1174,25.2582,37.9501261117169,63,63,63,63,61,63,0,8278,1.42435338845813,25,-87,0.001869,51,2023-09-27 20:24:02.00218,698,1.037,0.0011,"aoml_navis",1030.36762624361
"7901009",12,0,1,0.026166,1,0.003738,1,113.930498204261,1,4.85258438254951,700,1,8.5,35.0209999084473,0.0261659994721413,0,109.865097045898,-87.1174,25.2582,37.9501261117169,63,63,63,63,61,63,0,8278,1.42435338845813,25,-87,0.001869,51,2023-09-27 20:24:02.00218,700,1.037,0.0011,"aoml_navis",1030.37878495851
"7901009",12,0,1,0.028035,1,0.005607,1,113.996869534334,1,4.85253424673017,702,1,8.48099994659424,35.0190010070801,0.0280349999666214,0,109.929100036621,-87.1174,25.2582,37.9501261117169,63,63,63,63,61,63,0,8278,1.42435338845813,25,-87,0.001869,51,2023-09-27 20:24:02.00218,702,1.037,0.0011,"aoml_navis",1030.38943071225
"7901009",12,0,1,0.028035,1,0.005607,1,114.084388863608,1,4.85248254068823,704,1,8.46000003814697,35.0169982910156,0.0280349999666214,0,110.013496398926,-87.1174,25.2582,37.9501261117169,63,63,63,63,61,63,0,8278,1.42435338845813,25,-87,0.001869,51,2023-09-27 20:24:02.00218,704,1.037,0.0011,"aoml_navis",1030.40041011479
"7901009",12,0,1,0.024297,1,0.001869,1,114.276137052386,1,4.85241585455288,706,1,8.41100025177002,35.0130004882812,0.0242970008403063,0,110.198402404785,-87.1174,25.2582,37.9501261117169,63,63,63,63,61,63,0,8278,1.42435338845813,25,-87,0.001869,51,2023-09-27 20:24:02.00218,706,1.037,0.0011,"aoml_navis",1030.41457077687
"7901009",12,0,1,0.031773,1,0.009345,1,114.378902245654,1,4.85235435500279,708,1,8.3730001449585,35.0099983215332,0.0317730009555817,0,110.297500610352,-87.1174,25.2582,37.9501261117169,63,63,63,63,61,63,0,8278,1.42435338845813,25,-87,0.001869,51,2023-09-27 20:24:02.00218,708,1.037,0.0011,"aoml_navis",1030.42763042336
"7901009",12,0,1,0.031773,1,0.009345,1,114.429711243357,1,4.85230589867022,710,1,8.35599994659424,35.007999420166,0.0317730009555817,0,110.346496582031,-87.1174,25.2582,37.9501261117169,63,63,63,63,61,63,0,8278,1.42435338845813,25,-87,0.001869,51,2023-09-27 20:24:02.00218,710,1.037,0.0011,"aoml_navis",1030.43792052975
"7901009",12,0,1,0.029904,1,0.007476,1,114.517547041006,1,4.85225427906258,712,1,8.33500003814697,35.0060005187988,0.0299040004611015,0,110.431198120117,-87.1174,25.2582,37.9501261117169,63,63,63,63,61,63,0,8278,1.42435338845813,25,-87,0.001869,51,2023-09-27 20:24:02.00218,712,1.037,0.0011,"aoml_navis",1030.44888261008
"7901009",12,0,1,0.026166,1,0.003738,1,114.517135632118,1,4.85220326334334,714,1,8.32400035858154,35.0060005187988,0.0261659994721413,0,110.430801391602,-87.1174,25.2582,37.9501261117169,63,63,63,63,61,63,0,8278,1.42435338845813,25,-87,0.001869,51,2023-09-27 20:24:02.00218,714,1.037,0.0011,"aoml_navis",1030.45971667618
"7901009",12,0,1,0.029904,1,0.007476,1,114.574685406222,1,4.85215830000373,716,1,8.31599998474121,35.0050010681152,0.0299040004611015,0,110.486297607422,-87.1174,25.2582,37.9501261117169,63,63,63,63,61,63,0,8278,1.42435338845813,25,-87,0.001869,51,2023-09-27 20:24:02.00218,716,1.037,0.0011,"aoml_navis",1030.46926560417
"7901009",12,0,1,0.029904,1,0.007476,1,114.621245815982,1,4.85211781643924,718,1,8.30900001525879,35.0029983520508,0.0299040004611015,0,110.531196594238,-87.1174,25.2582,37.9501261117169,63,63,63,63,61,63,0,8278,1.42435338845813,25,-87,0.001869,51,2023-09-27 20:24:02.00218,718,1.037,0.0011,"aoml_navis",1030.47786330738
"7901009",12,0,1,0.029904,1,0.007476,1,114.725363911556,1,4.85206546620884,719.900024414062,1,8.28899955749512,35.0019989013672,0.0299040004611015,0,110.63159942627,-87.1174,25.2582,37.9501261117169,63,63,63,63,61,63,0,8278,1.42435338845813,25,-87,0.001869,51,2023-09-27 20:24:02.00218,719.900024414062,1.037,0.0011,"aoml_navis",1030.48898140831
"7901009",12,0,1,0.028035,1,0.005607,1,114.957240290361,1,4.85201070784619,722,1,8.26200008392334,34.9990005493164,0.0280349999666214,0,110.855201721191,-87.1174,25.2582,37.9501261117169,63,63,63,63,61,63,0,8278,1.42435338845813,25,-87,0.001869,51,2023-09-27 20:24:02.00218,722,1.037,0.0011,"aoml_navis",1030.50061120321
"7901009",12,0,1,0.033642,1,0.011214,1,115.250092213436,1,4.85195889515508,724,1,8.23600006103516,34.9959983825684,0.0336420014500618,0,111.137603759766,-87.1174,25.2582,37.9501261117169,63,63,63,63,61,63,0,8278,1.42435338845813,25,-87,0.001869,51,2023-09-27 20:24:02.00218,724,1.037,0.0011,"aoml_navis",1030.51161562658
"7901009",12,0,1,0.031773,1,0.009345,1,115.563261406224,1,4.85189999996782,726,1,8.20100021362305,34.9930000305176,0.0317730009555817,0,111.439598083496,-87.1174,25.2582,37.9501261117169,63,63,63,63,61,63,0,8278,1.42435338845813,25,-87,0.001869,51,2023-09-27 20:24:02.00218,726,1.037,0.0011,"aoml_navis",1030.52412457659
"7901009",12,0,1,0.029904,1,0.007476,1,115.823240176782,1,4.85184980973221,728,1,8.17700004577637,34.9900016784668,0.0299040004611015,0,111.690299987793,-87.1174,25.2582,37.9501261117169,63,63,63,63,61,63,0,8278,1.42435338845813,25,-87,0.001869,51,2023-09-27 20:24:02.00218,728,1.037,0.0011,"aoml_navis",1030.53478489186
"7901009",12,0,1,0.029904,1,0.007476,1,116.24135819463,1,4.85179521111673,730,1,8.13799953460693,34.9850006103516,0.0299040004611015,0,112.09349822998,-87.1174,25.2582,37.9501261117169,63,63,63,63,61,63,0,8278,1.42435338845813,25,-87,0.001869,51,2023-09-27 20:24:02.00218,730,1.037,0.0011,"aoml_navis",1030.54638178951
"7901009",12,0,1,0.029904,1,0.007476,1,116.584196297632,1,4.85171851447674,732,1,8.06599998474121,34.9790000915527,0.0299040004611015,0,112.424102783203,-87.1174,25.2582,37.9501261117169,63,63,63,63,61,63,0,8278,1.42435338845813,25,-87,0.001869,51,2023-09-27 20:24:02.00218,732,1.037,0.0011,"aoml_navis",1030.56267280981
"7901009",12,0,1,0.031773,1,0.009345,1,116.699920870881,1,4.85166064577873,734,1,8.0319995880127,34.976001739502,0.0317730009555817,0,112.535697937012,-87.1174,25.2582,37.9501261117169,63,63,63,63,61,63,0,8278,1.42435338845813,25,-87,0.001869,51,2023-09-27 20:24:02.00218,734,1.037,0.0011,"aoml_navis",1030.57496495562
"7901009",12,0,1,0.024297,1,0.001869,1,116.843961452037,1,4.85159159970453,736,1,7.99300003051758,34.9749984741211,0.0242970008403063,0,112.674598693848,-87.1174,25.2582,37.9501261117169,63,63,63,63,61,63,0,8278,1.42435338845813,25,-87,0.001869,51,2023-09-27 20:24:02.00218,736,1.037,0.0011,"aoml_navis",1030.58963172096
"7901009",12,0,1,0.029904,1,0.007476,1,116.911472068262,1,4.85154338269274,738,1,7.97599983215332,34.9729995727539,0.0299040004611015,0,112.739700317383,-87.1174,25.2582,37.9501261117169,63,63,63,63,61,63,0,8278,1.42435338845813,25,-87,0.001869,51,2023-09-27 20:24:02.00218,738,1.037,0.0011,"aoml_navis",1030.59987422494
"7901009",12,0,1,0.033642,1,0.011214,1,116.982400542945,1,4.85149305949918,740,1,7.96099996566772,34.9720001220703,0.0336420014500618,0,112.808097839355,-87.1174,25.2582,37.9501261117169,63,63,63,63,61,63,0,8278,1.42435338845813,25,-87,0.001869,51,2023-09-27 20:24:02.00218,740,1.037,0.0011,"aoml_navis",1030.61056435195
"7901009",12,0,1,0.029904,1,0.007476,1,117.168547241475,1,4.8514365289313,742,1,7.93800020217896,34.9710006713867,0.0299040004611015,0,112.987602233887,-87.1174,25.2582,37.9501261117169,63,63,63,63,61,63,0,8278,1.42435338845813,25,-87,0.001869,51,2023-09-27 20:24:02.00218,742,1.037,0.0011,"aoml_navis",1030.62257337239
"7901009",12,0,1,0.029904,1,0.007476,1,117.298481244789,1,4.85137729531189,744,1,7.90199995040894,34.9679985046387,0.0299040004611015,0,113.112899780273,-87.1174,25.2582,37.9501261117169,63,63,63,63,61,63,0,8278,1.42435338845813,25,-87,0.001869,51,2023-09-27 20:24:02.00218,744,1.037,0.0011,"aoml_navis",1030.63515691343
"7901009",12,0,1,0.026166,1,0.003738,1,117.502460936284,1,4.85131385048553,746,1,7.86999988555908,34.9669990539551,0.0261659994721413,0,113.309600830078,-87.1174,25.2582,37.9501261117169,63,63,63,63,61,63,0,8278,1.42435338845813,25,-87,0.001869,51,2023-09-27 20:24:02.00218,746,1.037,0.0011,"aoml_navis",1030.64863542061
"7901009",12,0,1,0.031773,1,0.009345,1,117.653859407173,1,4.85126184574674,748,1,7.84800004959106,34.9650001525879,0.0317730009555817,0,113.455596923828,-87.1174,25.2582,37.9501261117169,63,63,63,63,61,63,0,8278,1.42435338845813,25,-87,0.001869,51,2023-09-27 20:24:02.00218,748,1.037,0.0011,"aoml_navis",1030.65968380653
"7901009",12,0,1,0.029904,1,0.007476,1,117.903576690653,1,4.85120137002921,750,1,7.81500005722046,34.9630012512207,0.0299040004611015,0,113.696403503418,-87.1174,25.2582,37.9501261117169,63,63,63,63,61,63,0,8278,1.42435338845813,25,-87,0.001869,51,2023-09-27 20:24:02.00218,750,1.037,0.0011,"aoml_navis",1030.67253214638
"7901009",12,0,1,0.029904,1,0.007476,1,118.135967330568,1,4.85114154527714,752,1,7.77799987792969,34.9599990844727,0.0299040004611015,0,113.920501708984,-87.1174,25.2582,37.9501261117169,63,63,63,63,61,63,0,8278,1.42435338845813,25,-87,0.001869,51,2023-09-27 20:24:02.00218,752,1.037,0.0011,"aoml_navis",1030.68524250087
"7901009",12,0,1,0.033642,1,0.011214,1,118.365042964249,1,4.85108808092561,754,1,7.75400018692017,34.9580001831055,0.0336420014500618,0,114.141403198242,-87.1174,25.2582,37.9501261117169,63,63,63,63,61,63,0,8278,1.42435338845813,25,-87,0.001869,51,2023-09-27 20:24:02.00218,754,1.037,0.0011,"aoml_navis",1030.69660179124
"7901009",12,0,1,0.026166,1,0.003738,1,118.586752796488,1,4.85103600838421,756,1,7.72700023651123,34.9550018310547,0.0261659994721413,0,114.355201721191,-87.1174,25.2582,37.9501261117169,63,63,63,63,61,63,0,8278,1.42435338845813,25,-87,0.001869,51,2023-09-27 20:24:02.00218,756,1.037,0.0011,"aoml_navis",1030.7076656117
"7901009",12,0,1,0.029904,1,0.007476,1,118.885823323143,1,4.85096556956648,757.900024414062,1,7.67799997329712,34.9529991149902,0.0299040004611015,0,114.643600463867,-87.1174,25.2582,37.9501261117169,63,63,63,63,61,63,0,8278,1.42435338845813,25,-87,0.001869,51,2023-09-27 20:24:02.00218,757.900024414062,1.037,0.0011,"aoml_navis",1030.72263208144
"7901009",12,0,1,0.029904,1,0.007476,1,119.140303455675,1,4.850910846359,760,1,7.65500020980835,34.951000213623,0.0299040004611015,0,114.888999938965,-87.1174,25.2582,37.9501261117169,63,63,63,63,61,63,0,8278,1.42435338845813,25,-87,0.001869,51,2023-09-27 20:24:02.00218,760,1.037,0.0011,"aoml_navis",1030.73425968092
"7901009",12,0,1,0.031773,1,0.009345,1,119.309337126795,1,4.85085302997765,761.900024414062,1,7.63199996948242,34.951000213623,0.0317730009555817,0,115.052001953125,-87.1174,25.2582,37.9501261117169,63,63,63,63,61,63,0,8278,1.42435338845813,25,-87,0.001869,51,2023-09-27 20:24:02.00218,761.900024414062,1.037,0.0011,"aoml_navis",1030.7465448037
"7901009",12,0,1,0.026166,1,0.003738,1,119.359006838346,1,4.85080320773457,764,1,7.625,34.951000213623,0.0261659994721413,0,115.099899291992,-87.1174,25.2582,37.9501261117169,63,63,63,63,61,63,0,8278,1.42435338845813,25,-87,0.001869,51,2023-09-27 20:24:02.00218,764,1.037,0.0011,"aoml_navis",1030.75713152567
"7901009",12,0,1,0.031773,1,0.009345,1,119.50398100121,1,4.85075994236158,766,1,7.61899995803833,34.9500007629395,0.0317730009555817,0,115.239700317383,-87.1174,25.2582,37.9501261117169,63,63,63,63,61,63,0,8278,1.42435338845813,25,-87,0.001869,51,2023-09-27 20:24:02.00218,766,1.037,0.0011,"aoml_navis",1030.76632515559
"7901009",12,0,1,0.028035,1,0.005607,1,119.783865632594,1,4.85070433571278,768,1,7.59200000762939,34.9480018615723,0.0280349999666214,0,115.50959777832,-87.1174,25.2582,37.9501261117169,63,63,63,63,61,63,0,8278,1.42435338845813,25,-87,0.001869,51,2023-09-27 20:24:02.00218,768,1.037,0.0011,"aoml_navis",1030.77814147278
"7901009",12,0,1,0.031773,1,0.009345,1,120.14039099284,1,4.85065396763201,770,1,7.56699991226196,34.9449996948242,0.0317730009555817,0,115.853401184082,-87.1174,25.2582,37.9501261117169,63,63,63,63,61,63,0,8278,1.42435338845813,25,-87,0.001869,51,2023-09-27 20:24:02.00218,770,1.037,0.0011,"aoml_navis",1030.78884483712
"7901009",12,0,1,0.029904,1,0.007476,1,120.511426428108,1,4.85060449726542,772,1,7.5479998588562,34.943000793457,0.0299040004611015,0,116.211196899414,-87.1174,25.2582,37.9501261117169,63,63,63,63,61,63,0,8278,1.42435338845813,25,-87,0.001869,51,2023-09-27 20:24:02.00218,772,1.037,0.0011,"aoml_navis",1030.79935765095
"7901009",12,0,1,0.031773,1,0.009345,1,120.843892280098,1,4.85055639838072,773.900024414062,1,7.52799987792969,34.9410018920898,0.0317730009555817,0,116.531799316406,-87.1174,25.2582,37.9501261117169,63,63,63,63,61,63,0,8278,1.42435338845813,25,-87,0.001869,51,2023-09-27 20:24:02.00218,773.900024414062,1.037,0.0011,"aoml_navis",1030.80957922047
"7901009",12,0,1,0.029904,1,0.007476,1,121.258386735046,1,4.85050485157217,776,1,7.50899982452393,34.9389991760254,0.0299040004611015,0,116.931503295898,-87.1174,25.2582,37.9501261117169,63,63,63,63,61,63,0,8278,1.42435338845813,25,-87,0.001869,51,2023-09-27 20:24:02.00218,776,1.037,0.0011,"aoml_navis",1030.82053373875
"7901009",12,0,1,0.029904,1,0.007476,1,121.841906949403,1,4.85045239006917,778,1,7.48600006103516,34.9370002746582,0.0299040004611015,0,117.494201660156,-87.1174,25.2582,37.9501261117169,63,63,63,63,61,63,0,8278,1.42435338845813,25,-87,0.001869,51,2023-09-27 20:24:02.00218,778,1.037,0.0011,"aoml_navis",1030.83168288323
"7901009",12,0,1,0.028035,1,0.005607,1,122.607214510417,1,4.85039304450153,780,1,7.44899988174438,34.9339981079102,0.0280349999666214,0,118.232200622559,-87.1174,25.2582,37.9501261117169,63,63,63,63,61,63,0,8278,1.42435338845813,25,-87,0.001869,51,2023-09-27 20:24:02.00218,780,1.037,0.0011,"aoml_navis",1030.84429532326
"7901009",12,0,1,0.028035,1,0.005607,1,123.415767474957,1,4.85033430182278,782,1,7.40299987792969,34.9290008544922,0.0280349999666214,0,119.011901855469,-87.1174,25.2582,37.9501261117169,63,63,63,63,61,63,0,8278,1.42435338845813,25,-87,0.001869,51,2023-09-27 20:24:02.00218,782,1.037,0.0011,"aoml_navis",1030.85677993803
"7901009",12,0,1,0.031773,1,0.009345,1,123.909379023805,1,4.85027809542376,784,1,7.36999988555908,34.9259986877441,0.0317730009555817,0,119.487899780273,-87.1174,25.2582,37.9501261117169,63,63,63,63,61,63,0,8278,1.42435338845813,25,-87,0.001869,51,2023-09-27 20:24:02.00218,784,1.037,0.0011,"aoml_navis",1030.86872579894
"7901009",12,0,1,0.029904,1,0.007476,1,124.390442601561,1,4.85023093812975,786,1,7.34899997711182,34.9230003356934,0.0299040004611015,0,119.951797485352,-87.1174,25.2582,37.9501261117169,63,63,63,63,61,63,0,8278,1.42435338845813,25,-87,0.001869,51,2023-09-27 20:24:02.00218,786,1.037,0.0011,"aoml_navis",1030.87874861645
"7901009",12,0,1,0.033642,1,0.011214,1,124.966810630629,1,4.85018838628681,788,1,7.33900022506714,34.9210014343262,0.0336420014500618,0,120.507598876953,-87.1174,25.2582,37.9501261117169,63,63,63,63,61,63,0,8278,1.42435338845813,25,-87,0.001869,51,2023-09-27 20:24:02.00218,788,1.037,0.0011,"aoml_navis",1030.88779275806
"7901009",12,0,1,0.028035,1,0.005607,1,125.778995069779,1,4.85013001202792,790,1,7.30299997329712,34.9179992675781,0.0280349999666214,0,121.290802001953,-87.1174,25.2582,37.9501261117169,63,63,63,63,61,63,0,8278,1.42435338845813,25,-87,0.001869,51,2023-09-27 20:24:02.00218,790,1.037,0.0011,"aoml_navis",1030.90020011843
"7901009",12,0,1,0.029904,1,0.007476,1,126.590238015512,1,4.85005586800967,792,1,7.23600006103516,34.9129981994629,0.0299040004611015,0,122.073097229004,-87.1174,25.2582,37.9501261117169,63,63,63,63,61,63,0,8278,1.42435338845813,25,-87,0.001869,51,2023-09-27 20:24:02.00218,792,1.037,0.0011,"aoml_navis",1030.91595974787
"7901009",12,0,1,0.031773,1,0.009345,1,127.122324207124,1,4.85000061812319,794,1,7.2039999961853,34.9099998474121,0.0317730009555817,0,122.586196899414,-87.1174,25.2582,37.9501261117169,63,63,63,63,61,63,0,8278,1.42435338845813,25,-87,0.001869,51,2023-09-27 20:24:02.00218,794,1.037,0.0011,"aoml_navis",1030.92770366179
"7901009",12,0,1,0.031773,1,0.009345,1,127.592192716093,1,4.84992760591354,796,1,7.15299987792969,34.9080009460449,0.0317730009555817,0,123.03929901123,-87.1174,25.2582,37.9501261117169,63,63,63,63,61,63,0,8278,1.42435338845813,25,-87,0.001869,51,2023-09-27 20:24:02.00218,796,1.037,0.0011,"aoml_navis",1030.94322354492
"7901009",12,0,1,0.028035,1,0.005607,1,127.862749442106,1,4.84985843919598,798,1,7.11199998855591,34.9070014953613,0.0280349999666214,0,123.300201416016,-87.1174,25.2582,37.9501261117169,63,63,63,63,61,63,0,8278,1.42435338845813,25,-87,0.001869,51,2023-09-27 20:24:02.00218,798,1.037,0.0011,"aoml_navis",1030.95792643979
"7901009",12,0,1,0.029904,1,0.007476,1,127.918954225613,1,4.84979305426501,800,1,7.07600021362305,34.9059982299805,0.0299040004611015,0,123.354400634766,-87.1174,25.2582,37.9501261117169,63,63,63,63,61,63,0,8278,1.42435338845813,25,-87,0.001869,51,2023-09-27 20:24:02.00218,800,1.037,0.0011,"aoml_navis",1030.97182581902
"7901009",12,0,1,0.026166,1,0.003738,1,127.772010047111,1,4.84974249911677,802,1,7.06500005722046,34.9059982299805,0.0261659994721413,0,123.212699890137,-87.1174,25.2582,37.9501261117169,63,63,63,63,61,63,0,8278,1.42435338845813,25,-87,0.001869,51,2023-09-27 20:24:02.00218,802,1.037,0.0011,"aoml_navis",1030.98257297384
"7901009",12,0,1,0.026166,1,0.003738,1,127.75905066713,1,4.84967276268434,804,1,7.03800010681152,34.9080009460449,0.0261659994721413,0,123.200202941895,-87.1174,25.2582,37.9501261117169,63,63,63,63,61,63,0,8278,1.42435338845813,25,-87,0.001869,51,2023-09-27 20:24:02.00218,804,1.037,0.0011,"aoml_navis",1030.99739810742
"7901009",12,0,1,0.026166,1,0.003738,1,127.989779848073,1,4.84961778508706,806,1,7.01599979400635,34.9070014953613,0.0261659994721413,0,123.422698974609,-87.1174,25.2582,37.9501261117169,63,63,63,63,61,63,0,8278,1.42435338845813,25,-87,0.001869,51,2023-09-27 20:24:02.00218,806,1.037,0.0011,"aoml_navis",1031.00908598929
"7901009",12,0,1,0.026166,1,0.003738,1,128.446372508685,1,4.84955546705951,808,1,6.98899984359741,34.9070014953613,0.0261659994721413,0,123.862998962402,-87.1174,25.2582,37.9501261117169,63,63,63,63,61,63,0,8278,1.42435338845813,25,-87,0.001869,51,2023-09-27 20:24:02.00218,808,1.037,0.0011,"aoml_navis",1031.02233471962
"7901009",12,0,1,0.026166,1,0.003738,1,128.974312964577,1,4.84948658245515,810,1,6.94799995422363,34.9059982299805,0.0261659994721413,0,124.372100830078,-87.1174,25.2582,37.9501261117169,63,63,63,63,61,63,0,8278,1.42435338845813,25,-87,0.001869,51,2023-09-27 20:24:02.00218,810,1.037,0.0011,"aoml_navis",1031.03697989172
"7901009",12,0,1,0.028035,1,0.005607,1,129.386829492177,1,4.84941702127002,812,1,6.9060001373291,34.9049987792969,0.0280349999666214,0,124.769897460938,-87.1174,25.2582,37.9501261117169,63,63,63,63,61,63,0,8278,1.42435338845813,25,-87,0.001869,51,2023-09-27 20:24:02.00218,812,1.037,0.0011,"aoml_navis",1031.05176933011
"7901009",12,0,1,0.029904,1,0.007476,1,129.623888040633,1,4.84936654620541,814,1,6.8899998664856,34.9039993286133,0.0299040004611015,0,124.998497009277,-87.1174,25.2582,37.9501261117169,63,63,63,63,61,63,0,8278,1.42435338845813,25,-87,0.001869,51,2023-09-27 20:24:02.00218,814,1.037,0.0011,"aoml_navis",1031.06250112449
"7901009",12,0,1,0.029904,1,0.007476,1,129.907514910558,1,4.84931532813834,816,1,6.87799978256226,34.9039993286133,0.0299040004611015,0,125.272003173828,-87.1174,25.2582,37.9501261117169,63,63,63,63,61,63,0,8278,1.42435338845813,25,-87,0.001869,51,2023-09-27 20:24:02.00218,816,1.037,0.0011,"aoml_navis",1031.07339112128
"7901009",12,0,1,0.028035,1,0.005607,1,130.074159245442,1,4.8492611913674,818,1,6.86199998855591,34.9039993286133,0.0280349999666214,0,125.43270111084,-87.1174,25.2582,37.9501261117169,63,63,63,63,61,63,0,8278,1.42435338845813,25,-87,0.001869,51,2023-09-27 20:24:02.00218,818,1.037,0.0011,"aoml_navis",1031.08490194361
"7901009",12,0,1,0.031773,1,0.009345,1,130.100600178224,1,4.84921436897692,820,1,6.85599994659424,34.9039993286133,0.0317730009555817,0,125.458198547363,-87.1174,25.2582,37.9501261117169,63,63,63,63,61,63,0,8278,1.42435338845813,25,-87,0.001869,51,2023-09-27 20:24:02.00218,820,1.037,0.0011,"aoml_navis",1031.09485775423
"7901009",12,0,1,0.026166,1,0.003738,1,130.149447071998,1,4.84916684310345,822,1,6.8439998626709,34.9029998779297,0.0261659994721413,0,125.505302429199,-87.1174,25.2582,37.9501261117169,63,63,63,63,61,63,0,8278,1.42435338845813,25,-87,0.001869,51,2023-09-27 20:24:02.00218,822,1.037,0.0011,"aoml_navis",1031.10496334253
"7901009",12,0,1,0.031773,1,0.009345,1,130.298361266139,1,4.84909813922299,824,1,6.80800008773804,34.9029998779297,0.0317730009555817,0,125.648902893066,-87.1174,25.2582,37.9501261117169,63,63,63,63,61,63,0,8278,1.42435338845813,25,-87,0.001869,51,2023-09-27 20:24:02.00218,824,1.037,0.0011,"aoml_navis",1031.11957243274
"7901009",12,0,1,0.029904,1,0.007476,1,130.366283291253,1,4.84904404194758,826,1,6.79199981689453,34.9029998779297,0.0299040004611015,0,125.714401245117,-87.1174,25.2582,37.9501261117169,63,63,63,63,61,63,0,8278,1.42435338845813,25,-87,0.001869,51,2023-09-27 20:24:02.00218,826,1.037,0.0011,"aoml_navis",1031.13107588765
"7901009",12,0,1,0.029904,1,0.007476,1,130.734834449772,1,4.84898918708194,828,1,6.78000020980835,34.9039993286133,0.0299040004611015,0,126.069801330566,-87.1174,25.2582,37.9501261117169,63,63,63,63,61,63,0,8278,1.42435338845813,25,-87,0.001869,51,2023-09-27 20:24:02.00218,828,1.037,0.0011,"aoml_navis",1031.14274070158
"7901009",12,0,1,0.029904,1,0.007476,1,131.305600988592,1,4.84892129700038,830,1,6.74499988555908,34.9039993286133,0.0299040004611015,0,126.62020111084,-87.1174,25.2582,37.9501261117169,63,63,63,63,61,63,0,8278,1.42435338845813,25,-87,0.001869,51,2023-09-27 20:24:02.00218,830,1.037,0.0011,"aoml_navis",1031.15717780222
"7901009",12,0,1,0.029904,1,0.007476,1,131.424751332007,1,4.84886360819197,832,1,6.72399997711182,34.9039993286133,0.0299040004611015,0,126.73509979248,-87.1174,25.2582,37.9501261117169,63,63,63,63,61,63,0,8278,1.42435338845813,25,-87,0.001869,51,2023-09-27 20:24:02.00218,832,1.037,0.0011,"aoml_navis",1031.16944587855
"7901009",12,0,1,0.026166,1,0.003738,1,131.3752873249,1,4.84881681024047,834,1,6.71799993515015,34.9039993286133,0.0261659994721413,0,126.687400817871,-87.1174,25.2582,37.9501261117169,63,63,63,63,61,63,0,8278,1.42435338845813,25,-87,0.001869,51,2023-09-27 20:24:02.00218,834,1.037,0.0011,"aoml_navis",1031.17939812456
"7901009",12,0,1,0.031773,1,0.009345,1,131.364812221668,1,4.8487721904585,836,1,6.71500015258789,34.9039993286133,0.0317730009555817,0,126.677299499512,-87.1174,25.2582,37.9501261117169,63,63,63,63,61,63,0,8278,1.42435338845813,25,-87,0.001869,51,2023-09-27 20:24:02.00218,836,1.037,0.0011,"aoml_navis",1031.18888733092
"7901009",12,0,1,0.028035,1,0.005607,1,131.307982413119,1,4.84872829757274,838,1,6.71299982070923,34.9039993286133,0.0280349999666214,0,126.622497558594,-87.1174,25.2582,37.9501261117169,63,63,63,63,61,63,0,8278,1.42435338845813,25,-87,0.001869,51,2023-09-27 20:24:02.00218,838,1.037,0.0011,"aoml_navis",1031.19822212001
"7901009",12,0,1,0.029904,1,0.007476,1,131.295853762624,1,4.84868513254604,840,1,6.71199989318848,34.9039993286133,0.0299040004611015,0,126.610801696777,-87.1174,25.2582,37.9501261117169,63,63,63,63,61,63,0,8278,1.42435338845813,25,-87,0.001869,51,2023-09-27 20:24:02.00218,840,1.037,0.0011,"aoml_navis",1031.20740227867
"7901009",12,0,1,0.028035,1,0.005607,1,131.491225514303,1,4.84863761601696,842,1,6.70499992370605,34.9039993286133,0.0280349999666214,0,126.799201965332,-87.1174,25.2582,37.9501261117169,63,63,63,63,61,63,0,8278,1.42435338845813,25,-87,0.001869,51,2023-09-27 20:24:02.00218,842,1.037,0.0011,"aoml_navis",1031.21750808578
"7901009",12,0,1,0.029904,1,0.007476,1,131.848265135659,1,4.84858502583086,844,1,6.69099998474121,34.9039993286133,0.0299040004611015,0,127.143501281738,-87.1174,25.2582,37.9501261117169,63,63,63,63,61,63,0,8278,1.42435338845813,25,-87,0.001869,51,2023-09-27 20:24:02.00218,844,1.037,0.0011,"aoml_navis",1031.22869318832
"7901009",12,0,1,0.028035,1,0.005607,1,132.28619407382,1,4.84852381147288,846,1,6.65999984741211,34.9029998779297,0.0280349999666214,0,127.565803527832,-87.1174,25.2582,37.9501261117169,63,63,63,63,61,63,0,8278,1.42435338845813,25,-87,0.001869,51,2023-09-27 20:24:02.00218,846,1.037,0.0011,"aoml_navis",1031.24171282168
"7901009",12,0,1,0.033642,1,0.011214,1,132.635970745956,1,4.84846618281147,848,1,6.63899993896484,34.9029998779297,0.0336420014500618,0,127.903099060059,-87.1174,25.2582,37.9501261117169,63,63,63,63,61,63,0,8278,1.42435338845813,25,-87,0.001869,51,2023-09-27 20:24:02.00218,848,1.037,0.0011,"aoml_navis",1031.25397011652
"7901009",12,0,1,0.031773,1,0.009345,1,132.884754447728,1,4.84841513679688,850,1,6.62200021743774,34.9020004272461,0.0317730009555817,0,128.143005371094,-87.1174,25.2582,37.9501261117169,63,63,63,63,61,63,0,8278,1.42435338845813,25,-87,0.001869,51,2023-09-27 20:24:02.00218,850,1.037,0.0011,"aoml_navis",1031.26482756245
"7901009",12,0,1,0.028035,1,0.005607,1,133.058337351747,1,4.8483690840328,852,1,6.61700010299683,34.9020004272461,0.0280349999666214,0,128.310394287109,-87.1174,25.2582,37.9501261117169,63,63,63,63,61,63,0,8278,1.42435338845813,25,-87,0.001869,51,2023-09-27 20:24:02.00218,852,1.037,0.0011,"aoml_navis",1031.27462314422
"7901009",12,0,1,0.029904,1,0.007476,1,133.216998771856,1,4.84832303313315,854,1,6.61199998855591,34.9020004272461,0.0299040004611015,0,128.463394165039,-87.1174,25.2582,37.9501261117169,63,63,63,63,61,63,0,8278,1.42435338845813,25,-87,0.001869,51,2023-09-27 20:24:02.00218,854,1.037,0.0011,"aoml_navis",1031.2844185155
"7901009",12,0,1,0.029904,1,0.007476,1,133.451375250828,1,4.84828282823005,856,1,6.6100001335144,34.9010009765625,0.0299040004611015,0,128.689407348633,-87.1174,25.2582,37.9501261117169,63,63,63,63,61,63,0,8278,1.42435338845813,25,-87,0.001869,51,2023-09-27 20:24:02.00218,856,1.037,0.0011,"aoml_navis",1031.29297055167
"7901009",12,0,1,0.028035,1,0.005607,1,133.87643974952,1,4.84822956269143,858,1,6.59499979019165,34.9010009765625,0.0280349999666214,0,129.099304199219,-87.1174,25.2582,37.9501261117169,63,63,63,63,61,63,0,8278,1.42435338845813,25,-87,0.001869,51,2023-09-27 20:24:02.00218,858,1.037,0.0011,"aoml_navis",1031.3043009507
"7901009",12,0,1,0.031773,1,0.009345,1,134.200392602207,1,4.84817053901777,860,1,6.57200002670288,34.9010009765625,0.0317730009555817,0,129.411697387695,-87.1174,25.2582,37.9501261117169,63,63,63,63,61,63,0,8278,1.42435338845813,25,-87,0.001869,51,2023-09-27 20:24:02.00218,860,1.037,0.0011,"aoml_navis",1031.31685648438
"7901009",12,0,1,0.031773,1,0.009345,1,134.418898192143,1,4.84812017442434,862,1,6.56099987030029,34.9010009765625,0.0317730009555817,0,129.622406005859,-87.1174,25.2582,37.9501261117169,63,63,63,63,61,63,0,8278,1.42435338845813,25,-87,0.001869,51,2023-09-27 20:24:02.00218,862,1.037,0.0011,"aoml_navis",1031.32757029763
"7901009",12,0,1,0.026166,1,0.003738,1,134.554125129039,1,4.84807269429308,864,1,6.55399990081787,34.9010009765625,0.0261659994721413,0,129.752807617188,-87.1174,25.2582,37.9501261117169,63,63,63,63,61,63,0,8278,1.42435338845813,25,-87,0.001869,51,2023-09-27 20:24:02.00218,864,1.037,0.0011,"aoml_navis",1031.33767071722
"7901009",12,0,1,0.028035,1,0.005607,1,134.670047495022,1,4.84802521644293,866,1,6.54699993133545,34.9010009765625,0.0280349999666214,0,129.864593505859,-87.1174,25.2582,37.9501261117169,63,63,63,63,61,63,0,8278,1.42435338845813,25,-87,0.001869,51,2023-09-27 20:24:02.00218,866,1.037,0.0011,"aoml_navis",1031.34777084938
"7901009",12,0,1,0.029904,1,0.007476,1,134.880767962918,1,4.84797997926011,868,1,6.53800010681152,34.9000015258789,0.0299040004611015,0,130.067794799805,-87.1174,25.2582,37.9501261117169,63,63,63,63,61,63,0,8278,1.42435338845813,25,-87,0.001869,51,2023-09-27 20:24:02.00218,868,1.037,0.0011,"aoml_navis",1031.35739450044
"7901009",12,0,1,0.035511,1,0.013083,1,135.203170120565,1,4.84792099976386,870,1,6.5149998664856,34.9000015258789,0.0355109982192516,0,130.378692626953,-87.1174,25.2582,37.9501261117169,63,63,63,63,61,63,0,8278,1.42435338845813,25,-87,0.001869,51,2023-09-27 20:24:02.00218,870,1.037,0.0011,"aoml_navis",1031.36994192842
"7901009",12,0,1,0.026166,1,0.003738,1,135.429144364165,1,4.84785190384399,872,1,6.48299980163574,34.9010009765625,0.0261659994721413,0,130.596603393555,-87.1174,25.2582,37.9501261117169,63,63,63,63,61,63,0,8278,1.42435338845813,25,-87,0.001869,51,2023-09-27 20:24:02.00218,872,1.037,0.0011,"aoml_navis",1031.38464193499
"7901009",12,0,1,0.026166,1,0.003738,1,135.513862948314,1,4.8478044417336,874,1,6.47599983215332,34.9010009765625,0.0261659994721413,0,130.678298950195,-87.1174,25.2582,37.9501261117169,63,63,63,63,61,63,0,8278,1.42435338845813,25,-87,0.001869,51,2023-09-27 20:24:02.00218,874,1.037,0.0011,"aoml_navis",1031.39473963846
"7901009",12,0,1,0.031773,1,0.009345,1,135.602743091602,1,4.84775769893901,876,1,6.46999979019165,34.9010009765625,0.0317730009555817,0,130.764007568359,-87.1174,25.2582,37.9501261117169,63,63,63,63,61,63,0,8278,1.42435338845813,25,-87,0.001869,51,2023-09-27 20:24:02.00218,876,1.037,0.0011,"aoml_navis",1031.40468449863
"7901009",12,0,1,0.031773,1,0.009345,1,135.858560303022,1,4.84770522371584,878,1,6.45599985122681,34.9010009765625,0.0317730009555817,0,131.010696411133,-87.1174,25.2582,37.9501261117169,63,63,63,63,61,63,0,8278,1.42435338845813,25,-87,0.001869,51,2023-09-27 20:24:02.00218,878,1.037,0.0011,"aoml_navis",1031.41584920203
"7901009",12,0,1,0.031773,1,0.009345,1,136.125184909468,1,4.84765275533101,880,1,6.44199991226196,34.9010009765625,0.0317730009555817,0,131.267807006836,-87.1174,25.2582,37.9501261117169,63,63,63,63,61,63,0,8278,1.42435338845813,25,-87,0.001869,51,2023-09-27 20:24:02.00218,880,1.037,0.0011,"aoml_navis",1031.42701269216
"7901009",12,0,1,0.029904,1,0.007476,1,136.31338865244,1,4.84759957823779,882,1,6.42700004577637,34.9010009765625,0.0299040004611015,0,131.449295043945,-87.1174,25.2582,37.9501261117169,63,63,63,63,61,63,0,8278,1.42435338845813,25,-87,0.001869,51,2023-09-27 20:24:02.00218,882,1.037,0.0011,"aoml_navis",1031.43832721794
"7901009",12,0,1,0.033642,1,0.011214,1,136.538002082025,1,4.84754926931394,884,1,6.41599988937378,34.9010009765625,0.0336420014500618,0,131.665893554688,-87.1174,25.2582,37.9501261117169,63,63,63,63,61,63,0,8278,1.42435338845813,25,-87,0.001869,51,2023-09-27 20:24:02.00218,884,1.037,0.0011,"aoml_navis",1031.44903170992
"7901009",12,0,1,0.029904,1,0.007476,1,136.750384008893,1,4.84749824988373,886,1,6.40399980545044,34.9010009765625,0.0299040004611015,0,131.870697021484,-87.1174,25.2582,37.9501261117169,63,63,63,63,61,63,0,8278,1.42435338845813,25,-87,0.001869,51,2023-09-27 20:24:02.00218,886,1.037,0.0011,"aoml_navis",1031.45988760696
"7901009",12,0,1,0.029904,1,0.007476,1,136.918903418902,1,4.84744795022779,888,1,6.39300012588501,34.9010009765625,0.0299040004611015,0,132.033203125,-87.1174,25.2582,37.9501261117169,63,63,63,63,61,63,0,8278,1.42435338845813,25,-87,0.001869,51,2023-09-27 20:24:02.00218,888,1.037,0.0011,"aoml_navis",1031.47059057438
"7901009",12,0,1,0.029904,1,0.007476,1,137.108562916401,1,4.84739979728907,890,1,6.38500022888184,34.9010009765625,0.0299040004611015,0,132.216094970703,-87.1174,25.2582,37.9501261117169,63,63,63,63,61,63,0,8278,1.42435338845813,25,-87,0.001869,51,2023-09-27 20:24:02.00218,890,1.037,0.0011,"aoml_navis",1031.48083696259
"7901009",12,0,1,0.029904,1,0.007476,1,137.352781561855,1,4.84734736309318,892,1,6.37099981307983,34.9010009765625,0.0299040004611015,0,132.451599121094,-87.1174,25.2582,37.9501261117169,63,63,63,63,61,63,0,8278,1.42435338845813,25,-87,0.001869,51,2023-09-27 20:24:02.00218,892,1.037,0.0011,"aoml_navis",1031.49199458431
"7901009",12,0,1,0.031773,1,0.009345,1,137.661907871145,1,4.84729564931365,894,1,6.35799980163574,34.9010009765625,0.0317730009555817,0,132.749694824219,-87.1174,25.2582,37.9501261117169,63,63,63,63,61,63,0,8278,1.42435338845813,25,-87,0.001869,51,2023-09-27 20:24:02.00218,894,1.037,0.0011,"aoml_navis",1031.50299914303
"7901009",12,0,1,0.029904,1,0.007476,1,137.824715026974,1,4.84724180317227,896,1,6.34200000762939,34.9010009765625,0.0299040004611015,0,132.906692504883,-87.1174,25.2582,37.9501261117169,63,63,63,63,61,63,0,8278,1.42435338845813,25,-87,0.001869,51,2023-09-27 20:24:02.00218,896,1.037,0.0011,"aoml_navis",1031.51445771238
"7901009",12,0,1,0.028035,1,0.005607,1,138.028077605137,1,4.84719794063691,898,1,6.34000015258789,34.9010009765625,0.0280349999666214,0,133.102798461914,-87.1174,25.2582,37.9501261117169,63,63,63,63,61,63,0,8278,1.42435338845813,25,-87,0.001869,51,2023-09-27 20:24:02.00218,898,1.037,0.0011,"aoml_navis",1031.52379193803
"7901009",12,0,1,0.029904,1,0.007476,1,138.379310031801,1,4.84714481603119,900,1,6.32499980926514,34.9010009765625,0.0299040004611015,0,133.441497802734,-87.1174,25.2582,37.9501261117169,63,63,63,63,61,63,0,8278,1.42435338845813,25,-87,0.001869,51,2023-09-27 20:24:02.00218,900,1.037,0.0011,"aoml_navis",1031.5350974172
"7901009",12,0,1,0.031773,1,0.009345,1,138.660239008825,1,4.84709098798795,902,1,6.30900001525879,34.9010009765625,0.0317730009555817,0,133.71240234375,-87.1174,25.2582,37.9501261117169,63,63,63,63,61,63,0,8278,1.42435338845813,25,-87,0.001869,51,2023-09-27 20:24:02.00218,902,1.037,0.0011,"aoml_navis",1031.54655284809
"7901009",12,0,1,0.029904,1,0.007476,1,139.056584002431,1,4.8470407247056,904,1,6.2979998588562,34.9010009765625,0.0299040004611015,0,134.094604492188,-87.1174,25.2582,37.9501261117169,63,63,63,63,61,63,0,8278,1.42435338845813,25,-87,0.001869,51,2023-09-27 20:24:02.00218,904,1.037,0.0011,"aoml_navis",1031.55724987305
"7901009",12,0,1,0.029904,1,0.007476,1,139.545622583252,1,4.84697257844608,906,1,6.26700019836426,34.9020004272461,0.0299040004611015,0,134.566192626953,-87.1174,25.2582,37.9501261117169,63,63,63,63,61,63,0,8278,1.42435338845813,25,-87,0.001869,51,2023-09-27 20:24:02.00218,906,1.037,0.0011,"aoml_navis",1031.57175310511
"7901009",12,0,1,0.029904,1,0.007476,1,139.799493514162,1,4.84691878303892,908,1,6.25099992752075,34.9020004272461,0.0299040004611015,0,134.811004638672,-87.1174,25.2582,37.9501261117169,63,63,63,63,61,63,0,8278,1.42435338845813,25,-87,0.001869,51,2023-09-27 20:24:02.00218,908,1.037,0.0011,"aoml_navis",1031.58320240413
"7901009",12,0,1,0.029904,1,0.007476,1,140.016527526151,1,4.84687066892494,910,1,6.24300003051758,34.9020004272461,0.0299040004611015,0,135.020294189453,-87.1174,25.2582,37.9501261117169,63,63,63,63,61,63,0,8278,1.42435338845813,25,-87,0.001869,51,2023-09-27 20:24:02.00218,910,1.037,0.0011,"aoml_navis",1031.59344276645
"7901009",12,0,1,0.028035,1,0.005607,1,140.233577361559,1,4.84682468448478,912,1,6.23799991607666,34.9020004272461,0.0280349999666214,0,135.229598999023,-87.1174,25.2582,37.9501261117169,63,63,63,63,61,63,0,8278,1.42435338845813,25,-87,0.001869,51,2023-09-27 20:24:02.00218,912,1.037,0.0011,"aoml_navis",1031.60323004988
"7901009",12,0,1,0.029904,1,0.007476,1,140.593528491971,1,4.84677444854229,914,1,6.22700023651123,34.9020004272461,0.0299040004611015,0,135.576705932617,-87.1174,25.2582,37.9501261117169,63,63,63,63,61,63,0,8278,1.42435338845813,25,-87,0.001869,51,2023-09-27 20:24:02.00218,914,1.037,0.0011,"aoml_navis",1031.61392243119
"7901009",12,0,1,0.035511,1,0.013083,1,141.001693579406,1,4.84672421653338,916,1,6.21600008010864,34.9020004272461,0.0355109982192516,0,135.970306396484,-87.1174,25.2582,37.9501261117169,63,63,63,63,61,63,0,8278,1.42435338845813,25,-87,0.001869,51,2023-09-27 20:24:02.00218,916,1.037,0.0011,"aoml_navis",1031.62461419689
"7901009",12,0,1,0.035511,1,0.013083,1,141.41493798427,1,4.84666691049451,918,1,6.19500017166138,34.9020004272461,0.0355109982192516,0,136.368804931641,-87.1174,25.2582,37.9501261117169,63,63,63,63,61,63,0,8278,1.42435338845813,25,-87,0.001869,51,2023-09-27 20:24:02.00218,918,1.037,0.0011,"aoml_navis",1031.63681192398
"7901009",12,0,1,0.028035,1,0.005607,1,141.726959979196,1,4.84661527622714,920,1,6.18200016021729,34.9020004272461,0.0280349999666214,0,136.669692993164,-87.1174,25.2582,37.9501261117169,63,63,63,63,61,63,0,8278,1.42435338845813,25,-87,0.001869,51,2023-09-27 20:24:02.00218,920,1.037,0.0011,"aoml_navis",1031.64780264801
"7901009",12,0,1,0.033642,1,0.011214,1,142.157214559249,1,4.8465700100296,922,1,6.17799997329712,34.9020004272461,0.0336420014500618,0,137.084594726562,-87.1174,25.2582,37.9501261117169,63,63,63,63,61,63,0,8278,1.42435338845813,25,-87,0.001869,51,2023-09-27 20:24:02.00218,922,1.037,0.0011,"aoml_navis",1031.65743807536
"7901009",12,0,1,0.029904,1,0.007476,1,142.794660984809,1,4.84651555692271,924,1,6.16099977493286,34.9020004272461,0.0299040004611015,0,137.699295043945,-87.1174,25.2582,37.9501261117169,63,63,63,63,61,63,0,8278,1.42435338845813,25,-87,0.001869,51,2023-09-27 20:24:02.00218,924,1.037,0.0011,"aoml_navis",1031.66902927982
"7901009",12,0,1,0.028035,1,0.005607,1,143.583205236301,1,4.84645970288732,926,1,6.14200019836426,34.9020004272461,0.0280349999666214,0,138.459701538086,-87.1174,25.2582,37.9501261117169,63,63,63,63,61,63,0,8278,1.42435338845813,25,-87,0.001869,51,2023-09-27 20:24:02.00218,926,1.037,0.0011,"aoml_navis",1031.68091896466
"7901009",12,0,1,0.029904,1,0.007476,1,144.203230077785,1,4.84638820519519,928,1,6.10599994659424,34.9029998779297,0.0299040004611015,0,139.057601928711,-87.1174,25.2582,37.9501261117169,63,63,63,63,61,63,0,8278,1.42435338845813,25,-87,0.001869,51,2023-09-27 20:24:02.00218,928,1.037,0.0011,"aoml_navis",1031.69613912483
"7901009",12,0,1,0.028035,1,0.005607,1,144.405342605864,1,4.846331686122,930,1,6.08599996566772,34.9029998779297,0.0280349999666214,0,139.252502441406,-87.1174,25.2582,37.9501261117169,63,63,63,63,61,63,0,8278,1.42435338845813,25,-87,0.001869,51,2023-09-27 20:24:02.00218,930,1.037,0.0011,"aoml_navis",1031.70817101067
"7901009",12,0,1,0.028035,1,0.005607,1,144.447860132126,1,4.84628783637077,932,1,6.08400011062622,34.9029998779297,0.0280349999666214,0,139.293502807617,-87.1174,25.2582,37.9501261117169,63,63,63,63,61,63,0,8278,1.42435338845813,25,-87,0.001869,51,2023-09-27 20:24:02.00218,932,1.037,0.0011,"aoml_navis",1031.71750602093
"7901009",12,0,1,0.026166,1,0.003738,1,144.536202279176,1,4.84624328474154,934,1,6.08099985122681,34.9029998779297,0.0261659994721413,0,139.378692626953,-87.1174,25.2582,37.9501261117169,63,63,63,63,61,63,0,8278,1.42435338845813,25,-87,0.001869,51,2023-09-27 20:24:02.00218,934,1.037,0.0011,"aoml_navis",1031.72699062438
"7901009",12,0,1,0.031773,1,0.009345,1,144.585682109702,1,4.84619873526596,936,1,6.07800006866455,34.9029998779297,0.0317730009555817,0,139.426406860352,-87.1174,25.2582,37.9501261117169,63,63,63,63,61,63,0,8278,1.42435338845813,25,-87,0.001869,51,2023-09-27 20:24:02.00218,936,1.037,0.0011,"aoml_navis",1031.73647494372
"7901009",12,0,1,0.028035,1,0.005607,1,144.714373974641,1,4.84615418727288,938,1,6.07499980926514,34.9029998779297,0.0280349999666214,0,139.550506591797,-87.1174,25.2582,37.9501261117169,63,63,63,63,61,63,0,8278,1.42435338845813,25,-87,0.001869,51,2023-09-27 20:24:02.00218,938,1.037,0.0011,"aoml_navis",1031.7459591218
"7901009",12,0,1,0.028035,1,0.005607,1,144.91844860665,1,4.84610542032334,940,1,6.06599998474121,34.9029998779297,0.0280349999666214,0,139.747299194336,-87.1174,25.2582,37.9501261117169,63,63,63,63,61,63,0,8278,1.42435338845813,25,-87,0.001869,51,2023-09-27 20:24:02.00218,940,1.037,0.0011,"aoml_navis",1031.75634170715
"7901009",12,0,1,0.028035,1,0.005607,1,145.086762312215,1,4.84605665642817,942,1,6.05700016021729,34.9029998779297,0.0280349999666214,0,139.909606933594,-87.1174,25.2582,37.9501261117169,63,63,63,63,61,63,0,8278,1.42435338845813,25,-87,0.001869,51,2023-09-27 20:24:02.00218,942,1.037,0.0011,"aoml_navis",1031.76672385116
"7901009",12,0,1,0.026166,1,0.003738,1,145.303495679247,1,4.84599368013129,944,1,6.03299999237061,34.9039993286133,0.0261659994721413,0,140.118606567383,-87.1174,25.2582,37.9501261117169,63,63,63,63,61,63,0,8278,1.42435338845813,25,-87,0.001869,51,2023-09-27 20:24:02.00218,944,1.037,0.0011,"aoml_navis",1031.78013221522
"7901009",12,0,1,0.028035,1,0.005607,1,145.353687563618,1,4.84594071572378,946,1,6.01800012588501,34.9039993286133,0.0280349999666214,0,140.167007446289,-87.1174,25.2582,37.9501261117169,63,63,63,63,61,63,0,8278,1.42435338845813,25,-87,0.001869,51,2023-09-27 20:24:02.00218,946,1.037,0.0011,"aoml_navis",1031.79140920489
"7901009",12,0,1,0.033642,1,0.011214,1,145.480812910098,1,4.84589266760738,948,1,6.01000022888184,34.9039993286133,0.0336420014500618,0,140.289596557617,-87.1174,25.2582,37.9501261117169,63,63,63,63,61,63,0,8278,1.42435338845813,25,-87,0.001869,51,2023-09-27 20:24:02.00218,948,1.037,0.0011,"aoml_navis",1031.80163964893
"7901009",12,0,1,0.029904,1,0.007476,1,145.574772370815,1,4.8458411167197,950,1,5.99700021743774,34.9039993286133,0.0299040004611015,0,140.38020324707,-87.1174,25.2582,37.9501261117169,63,63,63,63,61,63,0,8278,1.42435338845813,25,-87,0.001869,51,2023-09-27 20:24:02.00218,950,1.037,0.0011,"aoml_navis",1031.81261613147
"7901009",12,0,1,0.028035,1,0.005607,1,145.724303678288,1,4.84578449276469,952,1,5.98199987411499,34.9049987792969,0.0280349999666214,0,140.524398803711,-87.1174,25.2582,37.9501261117169,63,63,63,63,61,63,0,8278,1.42435338845813,25,-87,0.001869,51,2023-09-27 20:24:02.00218,952,1.037,0.0011,"aoml_navis",1031.82467306699
"7901009",12,0,1,0.028035,1,0.005607,1,145.76734337737,1,4.8457350547178,954,1,5.97200012207031,34.9049987792969,0.0280349999666214,0,140.565902709961,-87.1174,25.2582,37.9501261117169,63,63,63,63,61,63,0,8278,1.42435338845813,25,-87,0.001869,51,2023-09-27 20:24:02.00218,954,1.037,0.0011,"aoml_navis",1031.8352001379
"7901009",12,0,1,0.031773,1,0.009345,1,145.943315617624,1,4.84569121981121,956,1,5.96999979019165,34.9049987792969,0.0317730009555817,0,140.735595703125,-87.1174,25.2582,37.9501261117169,63,63,63,63,61,63,0,8278,1.42435338845813,25,-87,0.001869,51,2023-09-27 20:24:02.00218,956,1.037,0.0011,"aoml_navis",1031.84453428603
"7901009",12,0,1,0.029904,1,0.007476,1,146.231602484381,1,4.845648787763,958,1,5.96999979019165,34.9049987792969,0.0299040004611015,0,141.013595581055,-87.1174,25.2582,37.9501261117169,63,63,63,63,61,63,0,8278,1.42435338845813,25,-87,0.001869,51,2023-09-27 20:24:02.00218,958,1.037,0.0011,"aoml_navis",1031.85356987217
"7901009",12,0,1,0.029904,1,0.007476,1,146.791387570568,1,4.84559235656582,960,1,5.94999980926514,34.9049987792969,0.0299040004611015,0,141.553405761719,-87.1174,25.2582,37.9501261117169,63,63,63,63,61,63,0,8278,1.42435338845813,25,-87,0.001869,51,2023-09-27 20:24:02.00218,960,1.037,0.0011,"aoml_navis",1031.86558671717
"7901009",12,0,1,0.029904,1,0.007476,1,147.138047029204,1,4.8455280702632,962,1,5.92399978637695,34.9059982299805,0.0299040004611015,0,141.8876953125,-87.1174,25.2582,37.9501261117169,63,63,63,63,61,63,0,8278,1.42435338845813,25,-87,0.001869,51,2023-09-27 20:24:02.00218,962,1.037,0.0011,"aoml_navis",1031.87927662308
"7901009",12,0,1,0.031773,1,0.009345,1,147.421048874088,1,4.84547286627606,964,1,5.91099977493286,34.9070014953613,0.0317730009555817,0,142.160598754883,-87.1174,25.2582,37.9501261117169,63,63,63,63,61,63,0,8278,1.42435338845813,25,-87,0.001869,51,2023-09-27 20:24:02.00218,964,1.037,0.0011,"aoml_navis",1031.89103272034
"7901009",12,0,1,0.031773,1,0.009345,1,147.618398553115,1,4.84542345316742,966,1,5.90100002288818,34.9070014953613,0.0317730009555817,0,142.35090637207,-87.1174,25.2582,37.9501261117169,63,63,63,63,61,63,0,8278,1.42435338845813,25,-87,0.001869,51,2023-09-27 20:24:02.00218,966,1.037,0.0011,"aoml_navis",1031.90155583441
"7901009",12,0,1,0.035511,1,0.013083,1,147.763467656492,1,4.84537683372514,968,1,5.89499998092651,34.9070014953613,0.0355109982192516,0,142.490798950195,-87.1174,25.2582,37.9501261117169,63,63,63,63,61,63,0,8278,1.42435338845813,25,-87,0.001869,51,2023-09-27 20:24:02.00218,968,1.037,0.0011,"aoml_navis",1031.91148420049
"7901009",12,0,1,0.031773,1,0.009345,1,147.958728644239,1,4.84533161139299,970,1,5.89099979400635,34.9070014953613,0.0317730009555817,0,142.679092407227,-87.1174,25.2582,37.9501261117169,63,63,63,63,61,63,0,8278,1.42435338845813,25,-87,0.001869,51,2023-09-27 20:24:02.00218,970,1.037,0.0011,"aoml_navis",1031.92111521187
"7901009",12,0,1,0.026166,1,0.003738,1,148.242046957499,1,4.84528499603974,972,1,5.88500022888184,34.9070014953613,0.0261659994721413,0,142.952301025391,-87.1174,25.2582,37.9501261117169,63,63,63,63,61,63,0,8278,1.42435338845813,25,-87,0.001869,51,2023-09-27 20:24:02.00218,972,1.037,0.0011,"aoml_navis",1031.93104308348
"7901009",12,0,1,0.028035,1,0.005607,1,148.779426082693,1,4.84523210698528,974,1,5.86999988555908,34.9070014953613,0.0280349999666214,0,143.470504760742,-87.1174,25.2582,37.9501261117169,63,63,63,63,61,63,0,8278,1.42435338845813,25,-87,0.001869,51,2023-09-27 20:24:02.00218,974,1.037,0.0011,"aoml_navis",1031.94230732344
"7901009",12,0,1,0.033642,1,0.011214,1,149.299889973211,1,4.84516093352643,976,1,5.83400011062622,34.9080009460449,0.0336420014500618,0,143.972396850586,-87.1174,25.2582,37.9501261117169,63,63,63,63,61,63,0,8278,1.42435338845813,25,-87,0.001869,51,2023-09-27 20:24:02.00218,976,1.037,0.0011,"aoml_navis",1031.95746613949
"7901009",12,0,1,0.031773,1,0.009345,1,149.538712832861,1,4.84511293736024,978,1,5.82600021362305,34.9080009460449,0.0317730009555817,0,144.202697753906,-87.1174,25.2582,37.9501261117169,63,63,63,63,61,63,0,8278,1.42435338845813,25,-87,0.001869,51,2023-09-27 20:24:02.00218,978,1.037,0.0011,"aoml_navis",1031.96768881184
"7901009",12,0,1,0.028035,1,0.005607,1,152.886362780256,1,4.84457620281769,999.5,1,5.72569990158081,34.9109992980957,0.0280349999666214,0,147.430892944336,-87.1174,25.2582,37.9501261117169,63,63,63,63,61,63,0,8278,1.42435338845813,25,-87,0.001869,51,2023-09-27 20:24:02.00218,999.5,1.037,0.0011,"aoml_navis",1032.08202135244
"7901009",12,0,1,0.028035,1,0.005607,1,159.095124194392,1,4.84336750794684,1048.80004882812,1,5.52110004425049,34.9169998168945,0.0280349999666214,0,153.418106079102,-87.1174,25.2582,37.9501261117169,63,63,63,63,61,63,0,8278,1.42435338845813,25,-87,0.001869,51,2023-09-27 20:24:02.00218,1048.80004882812,1.037,0.0011,"aoml_navis",1032.33958434832
"7901009",12,0,1,0.031773,1,0.009345,1,166.560502410958,1,4.84209046430691,1099.69995117188,1,5.27430009841919,34.9249992370605,0.0317730009555817,0,160.617095947266,-87.1174,25.2582,37.9501261117169,63,63,63,63,61,63,0,8278,1.42435338845813,25,-87,0.001869,51,2023-09-27 20:24:02.00218,1099.69995117188,1.037,0.0011,"aoml_navis",1032.61185160771
"7901009",12,0,1,0.031773,1,0.009345,1,175.522079813705,1,4.84079639249981,1149.90002441406,1,4.98780012130737,34.935001373291,0.0317730009555817,0,169.258895874023,-87.1174,25.2582,37.9501261117169,63,63,63,63,61,63,0,8278,1.42435338845813,25,-87,0.001869,51,2023-09-27 20:24:02.00218,1149.90002441406,1.037,0.0011,"aoml_navis",1032.88789583195
"7901009",12,0,1,0.028035,1,0.005607,1,182.272350265337,1,4.83957799213959,1199.69995117188,1,4.78719997406006,34.943000793457,0.0280349999666214,0,175.768295288086,-87.1174,25.2582,37.9501261117169,63,63,63,63,61,63,0,8278,1.42435338845813,25,-87,0.001869,51,2023-09-27 20:24:02.00218,1199.69995117188,1.037,0.0011,"aoml_navis",1033.14793317123
"7901009",12,0,1,0.031773,1,0.009345,1,186.026725369059,1,4.83845324881857,1249.19995117188,1,4.68809986114502,34.9459991455078,0.0317730009555817,0,179.388702392578,-87.1174,25.2582,37.9501261117169,63,63,63,63,61,63,0,8278,1.42435338845813,25,-87,0.001869,51,2023-09-27 20:24:02.00218,1249.19995117188,1.037,0.0011,"aoml_navis",1033.3880979879
"7901009",12,0,1,0.031773,1,0.009345,1,189.578465771881,1,4.83730410700623,1299.5,1,4.58720016479492,34.951000213623,0.0317730009555817,0,182.813705444336,-87.1174,25.2582,37.9501261117169,63,63,63,63,61,63,0,8278,1.42435338845813,25,-87,0.001869,51,2023-09-27 20:24:02.00218,1299.5,1.037,0.0011,"aoml_navis",1033.6335879231
"7901009",12,0,1,0.031773,1,0.009345,1,192.495861139223,1,4.83620415490165,1349.40002441406,1,4.52920007705688,34.9529991149902,0.0317730009555817,0,185.626998901367,-87.1174,25.2582,37.9501261117169,63,63,63,63,61,63,0,8278,1.42435338845813,25,-87,0.001869,51,2023-09-27 20:24:02.00218,1349.40002441406,1.037,0.0011,"aoml_navis",1033.86867879271
"7901009",12,0,1,0.028035,1,0.005607,1,195.268298167121,1,4.83510453605571,1399.19995117188,1,4.47230005264282,34.9560012817383,0.0280349999666214,0,188.300506591797,-87.1174,25.2582,37.9501261117169,63,63,63,63,61,63,0,8278,1.42435338845813,25,-87,0.001869,51,2023-09-27 20:24:02.00218,1399.19995117188,1.037,0.0011,"aoml_navis",1034.10380534995
"7901009",12,0,1,0.029904,1,0.007476,1,197.062404858676,1,4.83402634002097,1448.90002441406,1,4.43690013885498,34.9580001831055,0.0299040004611015,0,190.03059387207,-87.1174,25.2582,37.9501261117169,63,63,63,63,61,63,0,8278,1.42435338845813,25,-87,0.001869,51,2023-09-27 20:24:02.00218,1448.90002441406,1.037,0.0011,"aoml_navis",1034.3344550287
"7901009",12,0,1,0.026166,1,0.003738,1,198.781033842649,1,4.83293836316869,1499.09997558594,1,4.40070009231567,34.9599990844727,0.0261659994721413,0,191.687896728516,-87.1174,25.2582,37.9501261117169,63,63,63,63,61,63,0,8278,1.42435338845813,25,-87,0.001869,51,2023-09-27 20:24:02.00218,1499.09997558594,1.037,0.0011,"aoml_navis",1034.56730135531
"7901009",12,0,1,0.029904,1,0.007476,1,200.223306817627,1,4.83185122234938,1549.69995117188,1,4.37080001831055,34.9609985351562,0.0299040004611015,0,193.078704833984,-87.1174,25.2582,37.9501261117169,63,63,63,63,61,63,0,8278,1.42435338845813,25,-87,0.001869,51,2023-09-27 20:24:02.00218,1549.69995117188,1.037,0.0011,"aoml_navis",1034.80007349416
"7901009",12,0,1,0.020559,1,-0.001869,1,201.32667380917,1,4.83079061417409,1599.5,1,4.35319995880127,34.9620018005371,0.020558999851346,0,194.142700195312,-87.1174,25.2582,37.9501261117169,63,63,63,63,61,63,0,8278,1.42435338845813,25,-87,0.001869,51,2023-09-27 20:24:02.00218,1599.5,1.037,0.0011,"aoml_navis",1035.02726558453
"7901009",12,0,1,0.029904,1,0.007476,1,202.196518786355,1,4.82972497362911,1649.69995117188,1,4.33839988708496,34.9630012512207,0.0299040004611015,0,194.981506347656,-87.1174,25.2582,37.9501261117169,63,63,63,63,61,63,0,8278,1.42435338845813,25,-87,0.001869,51,2023-09-27 20:24:02.00218,1649.69995117188,1.037,0.0011,"aoml_navis",1035.25563614918
"7901009",12,0,1,0.028035,1,0.005607,1,202.812081423742,1,4.82865588901294,1700.19995117188,1,4.32560014724731,34.9640007019043,0.0280349999666214,0,195.575103759766,-87.1174,25.2582,37.9501261117169,63,63,63,63,61,63,0,8278,1.42435338845813,25,-87,0.001869,51,2023-09-27 20:24:02.00218,1700.19995117188,1.037,0.0011,"aoml_navis",1035.48484607838
"7901009",12,0,1,0.035511,1,0.013083,1,203.384810066492,1,4.82761392038896,1749.80004882812,1,4.3173999786377,34.9640007019043,0.0355109982192516,0,196.127395629883,-87.1174,25.2582,37.9501261117169,63,63,63,63,61,63,0,8278,1.42435338845813,25,-87,0.001869,51,2023-09-27 20:24:02.00218,1749.80004882812,1.037,0.0011,"aoml_navis",1035.70834007313
"7901009",12,0,1,0.031773,1,0.009345,1,204.094332164596,1,4.82657459358655,1799.30004882812,1,4.31309986114502,34.9650001525879,0.0317730009555817,0,196.811599731445,-87.1174,25.2582,37.9501261117169,63,63,63,63,61,63,0,8278,1.42435338845813,25,-87,0.001869,51,2023-09-27 20:24:02.00218,1799.30004882812,1.037,0.0011,"aoml_navis",1035.93136354795
"7901009",12,0,1,0.033642,1,0.011214,1,204.563575648523,1,4.82554703111332,1848.59997558594,1,4.31230020523071,34.9650001525879,0.0336420014500618,0,197.264099121094,-87.1174,25.2582,37.9501261117169,63,63,63,63,61,63,0,8278,1.42435338845813,25,-87,0.001869,51,2023-09-27 20:24:02.00218,1848.59997558594,1.037,0.0011,"aoml_navis",1036.15195702412
"7901009",12,0,1,0.024297,1,0.001869,1,204.626932617318,1,4.82448306608393,1899.59997558594,1,4.31300020217896,34.9659996032715,0.0242970008403063,0,197.3251953125,-87.1174,25.2582,37.9501261117169,63,63,63,63,61,63,0,8278,1.42435338845813,25,-87,0.001869,51,2023-09-27 20:24:02.00218,1899.59997558594,1.037,0.0011,"aoml_navis",1036.38046429263
"7901009",12,0,1,0.029904,1,0.007476,1,204.945616271552,1,4.82343586886577,1950,1,4.31239986419678,34.9659996032715,0.0299040004611015,0,197.632507324219,-87.1174,25.2582,37.9501261117169,63,63,63,63,61,63,0,8278,1.42435338845813,25,-87,0.001869,51,2023-09-27 20:24:02.00218,1950,1.037,0.0011,"aoml_navis",1036.605468785
"7901009",12,0,1,0.028035,1,0.005607,1,201.3065622439,4,4.82244569332689,1997.5,1,4.31040000915527,34.9669990539551,0.0280349999666214,0,194.123306274414,-87.1174,25.2582,37.9501261117169,63,63,63,63,61,63,0,8278,1.42435338845813,25,-87,0.001869,51,2023-09-27 20:24:02.00218,1997.5,1.037,0.0011,"aoml_navis",1036.8183112811
"7901009",13,0.0757127520348421,1,0.117747,1,0.095319,1,191.935312876512,1,4.88868792212287,2.20000004768372,1,29.4799995422363,36.1419982910156,0.117747001349926,0.104663997888565,185.086395263672,-86.4599,25.751,59.6022722384137,63,63,63,63,61,63,0.095319,8047,1.25895569026649,26,-86,0.001869,51,2023-10-08 04:01:48.000431,2.20000004768372,1.037,0.0011,"aoml_navis",1022.76931554035
"7901009",13,0.0771973158002312,1,0.119616,1,0.097188,1,191.906593362502,1,4.8886641669434,4,1,29.488000869751,36.1419982910156,0.119616001844406,0.106532998383045,185.058700561523,-86.4599,25.751,59.6022722384137,63,63,63,63,61,63,0.097188,8047,1.25895569026649,26,-86,0.001869,51,2023-10-08 04:01:48.000431,4,1.037,0.0011,"aoml_navis",1022.7742854192
"7901009",13,0.0697744969732859,4,0.110271,1,0.087843,1,191.963842509438,1,4.8886366758631,6,1,29.4939994812012,36.140998840332,0.110270999372005,0.0971880033612251,185.113906860352,-86.4599,25.751,59.6022722384137,63,63,63,63,61,63,0.087843,8047,1.25895569026649,26,-86,0.001869,51,2023-10-08 04:01:48.000431,6,1.037,0.0011,"aoml_navis",1022.78003695524
"7901009",13,0.0742281882694531,1,0.115878,1,0.09345,1,191.878696666524,1,4.88860074049419,8,1,29.4969997406006,36.140998840332,0.115878000855446,0.102794997394085,185.031799316406,-86.4599,25.751,59.6022722384137,63,63,63,63,61,63,0.09345,8047,1.25895569026649,26,-86,0.001869,51,2023-10-08 04:01:48.000431,8,1.037,0.0011,"aoml_navis",1022.78755525749
"7901009",13,0.0712590607386749,1,0.11214,1,0.089712,1,191.945265810018,1,4.88856156360352,10,1,29.4979991912842,36.140998840332,0.112139999866486,0.0990569964051247,185.095993041992,-86.4599,25.751,59.6022722384137,63,63,63,63,61,63,0.089712,8047,1.25895569026649,26,-86,0.001869,51,2023-10-08 04:01:48.000431,10,1.037,0.0011,"aoml_navis",1022.79575186823
"7901009",13,0.0786818795656203,1,0.121485,1,0.099057,1,191.860025026561,1,4.88852076847057,12,1,29.4979991912842,36.140998840332,0.121485002338886,0.108401998877525,185.013793945312,-86.4599,25.751,59.6022722384137,63,63,63,63,61,63,0.099057,8047,1.25895569026649,26,-86,0.001869,51,2023-10-08 04:01:48.000431,12,1.037,0.0011,"aoml_navis",1022.80428718815
"7901009",13,0.0742281882694531,1,0.115878,1,0.09345,1,191.863553650046,1,4.88848159951288,14,1,29.4990005493164,36.140998840332,0.115878000855446,0.102794997394085,185.017196655273,-86.4599,25.751,59.6022722384137,63,63,63,63,61,63,0.09345,8047,1.25895569026649,26,-86,0.001869,51,2023-10-08 04:01:48.000431,14,1.037,0.0011,"aoml_navis",1022.81248240726
"7901009",13,0.0757127520348421,1,0.117747,1,0.095319,1,191.911783445474,1,4.8884408090954,16,1,29.4990005493164,36.140998840332,0.117747001349926,0.104663997888565,185.063705444336,-86.4599,25.751,59.6022722384137,63,63,63,63,61,63,0.095319,8047,1.25895569026649,26,-86,0.001869,51,2023-10-08 04:01:48.000431,16,1.037,0.0011,"aoml_navis",1022.82101701979
"7901009",13,0.0771973158002312,1,0.119616,1,0.097188,1,191.891038937008,1,4.8884016418838,18,1,29.5,36.140998840332,0.119616001844406,0.106532998383045,185.043701171875,-86.4599,25.751,59.6022722384137,63,63,63,63,61,63,0.097188,8047,1.25895569026649,26,-86,0.001869,51,2023-10-08 04:01:48.000431,18,1.037,0.0011,"aoml_navis",1022.82921214166
"7901009",13,0.072743624504064,1,0.114009,1,0.091581,1,191.881180944044,1,4.88836085618081,20,1,29.5,36.140998840332,0.114009000360966,0.100925996899605,185.034194946289,-86.4599,25.751,59.6022722384137,63,63,63,63,61,63,0.091581,8047,1.25895569026649,26,-86,0.001869,51,2023-10-08 04:01:48.000431,20,1.037,0.0011,"aoml_navis",1022.83774604693
"7901009",13,0.0757127520348421,1,0.117747,1,0.095319,1,191.929822148489,1,4.8883216938073,22,1,29.5009994506836,36.140998840332,0.117747001349926,0.104663997888565,185.081100463867,-86.4599,25.751,59.6022722384137,63,63,63,63,61,63,0.095319,8047,1.25895569026649,26,-86,0.001869,51,2023-10-08 04:01:48.000431,22,1.037,0.0011,"aoml_navis",1022.84594042454
"7901009",13,0.0742281882694531,1,0.115878,1,0.09345,1,191.869360846543,1,4.8882757062954,24,1,29.5,36.1419982910156,0.115878000855446,0.102794997394085,185.022796630859,-86.4599,25.751,59.6022722384137,63,63,63,63,61,63,0.09345,8047,1.25895569026649,26,-86,0.001869,51,2023-10-08 04:01:48.000431,24,1.037,0.0011,"aoml_navis",1022.85556306914
"7901009",13,0.0786818795656203,1,0.121485,1,0.099057,1,191.78298077658,1,4.88823492770398,26,1,29.5,36.1419982910156,0.121485002338886,0.108401998877525,184.939498901367,-86.4599,25.751,59.6022722384137,63,63,63,63,61,63,0.099057,8047,1.25895569026649,26,-86,0.001869,51,2023-10-08 04:01:48.000431,26,1.037,0.0011,"aoml_navis",1022.86409592604
"7901009",13,0.0816510070963984,1,0.125223,1,0.102795,1,191.848109988517,1,4.88819577257706,28,1,29.5009994506836,36.1419982910156,0.125222995877266,0.112139999866486,185.002304077148,-86.4599,25.751,59.6022722384137,63,63,63,63,61,63,0.102795,8047,1.25895569026649,26,-86,0.001869,51,2023-10-08 04:01:48.000431,28,1.037,0.0011,"aoml_navis",1022.87228920948
"7901009",13,0.0757127520348421,1,0.117747,1,0.095319,1,191.790544373107,1,4.88815499869793,30,1,29.5009994506836,36.1419982910156,0.117747001349926,0.104663997888565,184.946792602539,-86.4599,25.751,59.6022722384137,63,63,63,63,61,63,0.095319,8047,1.25895569026649,26,-86,0.001869,51,2023-10-08 04:01:48.000431,30,1.037,0.0011,"aoml_navis",1022.88082135936
"7901009",13,0.0771973158002312,1,0.119616,1,0.097188,1,191.824564734056,1,4.88811260593378,32,1,29.5,36.1419982910156,0.119616001844406,0.106532998383045,184.979598999023,-86.4599,25.751,59.6022722384137,63,63,63,63,61,63,0.097188,8047,1.25895569026649,26,-86,0.001869,51,2023-10-08 04:01:48.000431,32,1.037,0.0011,"aoml_navis",1022.88969242042
"7901009",13,0.0742281882694531,1,0.115878,1,0.09345,1,191.79543381103,1,4.88807345794063,34,1,29.5009994506836,36.1419982910156,0.115878000855446,0.102794997394085,184.951507568359,-86.4599,25.751,59.6022722384137,63,63,63,63,61,63,0.09345,8047,1.25895569026649,26,-86,0.001869,51,2023-10-08 04:01:48.000431,34,1.037,0.0011,"aoml_navis",1022.8978846211
"7901009",13,0.0786818795656203,1,0.121485,1,0.099057,1,191.768882106066,1,4.8880343154989,36,1,29.5020008087158,36.1419982910156,0.121485002338886,0.108401998877525,184.925903320312,-86.4599,25.751,59.6022722384137,63,63,63,63,61,63,0.099057,8047,1.25895569026649,26,-86,0.001869,51,2023-10-08 04:01:48.000431,36,1.037,0.0011,"aoml_navis",1022.90607579126
"7901009",13,0.0757127520348421,1,0.117747,1,0.095319,1,191.751871925592,1,4.88799517242012,38,1,29.5030002593994,36.1419982910156,0.117747001349926,0.104663997888565,184.90950012207,-86.4599,25.751,59.6022722384137,63,63,63,63,61,63,0.095319,8047,1.25895569026649,26,-86,0.001869,51,2023-10-08 04:01:48.000431,38,1.037,0.0011,"aoml_navis",1022.91426722593
"7901009",13,0.0757127520348421,1,0.117747,1,0.095319,1,191.750732639085,1,4.88795603179809,40,1,29.503999710083,36.1419982910156,0.117747001349926,0.104663997888565,184.908401489258,-86.4599,25.751,59.6022722384137,63,63,63,63,61,63,0.095319,8047,1.25895569026649,26,-86,0.001869,51,2023-10-08 04:01:48.000431,40,1.037,0.0011,"aoml_navis",1022.92245827766
"7901009",13,0.0742281882694531,1,0.115878,1,0.09345,1,191.685714191114,1,4.88791167387081,42,1,29.503999710083,36.1430015563965,0.115878000855446,0.102794997394085,184.845703125,-86.4599,25.751,59.6022722384137,63,63,63,63,61,63,0.09345,8047,1.25895569026649,26,-86,0.001869,51,2023-10-08 04:01:48.000431,42,1.037,0.0011,"aoml_navis",1022.93174132593
"7901009",13,0.0801664433310093,1,0.123354,1,0.100926,1,191.746064729095,1,4.88787613626171,44,1,29.5049991607666,36.1419982910156,0.123354002833366,0.110270999372005,184.903900146484,-86.4599,25.751,59.6022722384137,63,63,63,63,61,63,0.100926,8047,1.25895569026649,26,-86,0.001869,51,2023-10-08 04:01:48.000431,44,1.037,0.0011,"aoml_navis",1022.93917861512
"7901009",13,0.0771973158002312,1,0.119616,1,0.097188,1,191.727820321572,1,4.88783178326249,46,1,29.5049991607666,36.1430015563965,0.119616001844406,0.106532998383045,184.886306762695,-86.4599,25.751,59.6022722384137,63,63,63,63,61,63,0.097188,8047,1.25895569026649,26,-86,0.001869,51,2023-10-08 04:01:48.000431,46,1.037,0.0011,"aoml_navis",1022.9484609355
"7901009",13,0.0801664433310093,1,0.123354,1,0.100926,1,191.639557264189,1,4.88779103066394,48,1,29.5049991607666,36.1430015563965,0.123354002833366,0.110270999372005,184.801193237305,-86.4599,25.751,59.6022722384137,63,63,63,63,61,63,0.100926,8047,1.25895569026649,26,-86,0.001869,51,2023-10-08 04:01:48.000431,48,1.037,0.0011,"aoml_navis",1022.95698990241
"7901009",13,0.0935275172195109,1,0.140175,1,0.117747,1,191.636250168637,1,4.88775028039716,50,1,29.5049991607666,36.1430015563965,0.140174999833107,0.127092003822327,184.798004150391,-86.4599,25.751,59.6022722384137,63,63,63,63,61,63,0.117747,8047,1.25895569026649,26,-86,0.001869,51,2023-10-08 04:01:48.000431,50,1.037,0.0011,"aoml_navis",1022.96551852353
"7901009",13,0.0846201346271765,1,0.128961,1,0.106533,1,191.555155122189,1,4.88770953246193,52,1,29.5049991607666,36.1430015563965,0.128960996866226,0.115878000855446,184.719802856445,-86.4599,25.751,59.6022722384137,63,63,63,63,61,63,0.106533,8047,1.25895569026649,26,-86,0.001869,51,2023-10-08 04:01:48.000431,52,1.037,0.0011,"aoml_navis",1022.97404679887
"7901009",13,0.0905583896887327,1,0.136437,1,0.114009,1,191.502573885244,1,4.88767203375949,54,1,29.5069999694824,36.1430015563965,0.136436998844147,0.123354002833366,184.669097900391,-86.4599,25.751,59.6022722384137,63,63,63,63,61,63,0.114009,8047,1.25895569026649,26,-86,0.001869,51,2023-10-08 04:01:48.000431,54,1.037,0.0011,"aoml_navis",1022.98189515676
"7901009",13,0.0861046983925656,1,0.13083,1,0.108402,1,191.424896698314,1,4.88762445984661,56,1,29.5049991607666,36.1440010070801,0.130830004811287,0.117747001349926,184.594192504883,-86.4599,25.751,59.6022722384137,63,63,63,63,61,63,0.108402,8047,1.25895569026649,26,-86,0.001869,51,2023-10-08 04:01:48.000431,56,1.037,0.0011,"aoml_navis",1022.99185239713
"7901009",13,0.0861046983925656,4,0.13083,1,0.108402,1,191.372631929843,1,4.8875736447259,58,1,29.5009994506836,36.1450004577637,0.130830004811287,0.117747001349926,184.543792724609,-86.4599,25.751,59.6022722384137,63,63,63,63,61,63,0.108402,8047,1.25895569026649,26,-86,0.001869,51,2023-10-08 04:01:48.000431,58,1.037,0.0011,"aoml_navis",1023.00248823778
"7901009",13,0.096496644750289,1,0.143913,1,0.121485,1,191.415260233283,1,4.88745717975174,60,1,29.4720001220703,36.1529998779297,0.143913000822067,0.130830004811287,184.584899902344,-86.4599,25.751,59.6022722384137,63,63,63,63,61,63,0.121485,8047,1.25895569026649,26,-86,0.001869,51,2023-10-08 04:01:48.000431,60,1.037,0.0011,"aoml_navis",1023.02686573184
"7901009",13,0.152910067835073,1,0.214935,1,0.192507,1,191.877035207036,1,4.88697327200029,62,1,29.3090000152588,36.2029991149902,0.214935004711151,0.20185199379921,185.030197143555,-86.4599,25.751,59.6022722384137,63,63,63,63,61,63,0.192507,8047,1.25895569026649,26,-86,0.001869,51,2023-10-08 04:01:48.000431,62,1.037,0.0011,"aoml_navis",1023.1281657805
"7901009",13,0.170724833019742,1,0.237363,1,0.214935,1,192.55855006567,1,4.88629148017805,63.9000015258789,1,29.068000793457,36.273998260498,0.237362995743752,0.224279999732971,185.687393188477,-86.4599,25.751,59.6022722384137,63,63,63,63,61,63,0.214935,8047,1.25895569026649,26,-86,0.001869,51,2023-10-08 04:01:48.000431,63.9000015258789,1.037,0.0011,"aoml_navis",1023.27092443896
"7901009",13,0.185570470673633,1,0.256053,1,0.233625,1,192.389635017703,1,4.88555361142352,66.5,1,28.7299995422363,36.3139991760254,0.256053000688553,0.242970004677773,185.524505615234,-86.4599,25.751,59.6022722384137,63,63,63,63,61,63,0.233625,8047,1.25895569026649,26,-86,0.001869,51,2023-10-08 04:01:48.000431,66.5,1.037,0.0011,"aoml_navis",1023.42546979914
"7901009",13,0.200416108327523,1,0.274743,1,0.252315,1,191.175092308408,1,4.88441179760254,67.8000030517578,1,28.1669998168945,36.3759994506836,0.274742990732193,0.261660009622574,184.353302001953,-86.4599,25.751,59.6022722384137,63,63,63,63,61,63,0.252315,8047,1.25895569026649,26,-86,0.001869,51,2023-10-08 04:01:48.000431,67.8000030517578,1.037,0.0011,"aoml_navis",1023.6647128021
"7901009",13,0.233076511166083,1,0.315861,1,0.293433,1,189.570739556335,1,4.8834052020331,70,1,27.6770000457764,36.4300003051758,0.315860986709595,0.302778005599976,182.806198120117,-86.4599,25.751,59.6022722384137,63,63,63,63,61,63,0.293433,8047,1.25895569026649,26,-86,0.001869,51,2023-10-08 04:01:48.000431,70,1.037,0.0011,"aoml_navis",1023.87571646079
"7901009",13,0.259798658943086,1,0.349503,1,0.327075,1,189.143396352547,1,4.88288436032076,71.9000015258789,1,27.4500007629395,36.4659996032715,0.349503010511398,0.336419999599457,182.394104003906,-86.4599,25.751,59.6022722384137,63,63,63,63,61,63,0.327075,8047,1.25895569026649,26,-86,0.001869,51,2023-10-08 04:01:48.000431,71.9000015258789,1.037,0.0011,"aoml_navis",1023.98493002024
"7901009",13,0.2850362429547,1,0.381276,1,0.358848,1,188.406705215481,1,4.88245886859349,74,1,27.2630004882812,36.492000579834,0.38127601146698,0.368193000555038,181.683700561523,-86.4599,25.751,59.6022722384137,63,63,63,63,61,63,0.358848,8047,1.25895569026649,26,-86,0.001869,51,2023-10-08 04:01:48.000431,74,1.037,0.0011,"aoml_navis",1024.07416725261
"7901009",13,0.360748994989542,1,0.476595,1,0.454167,1,187.233445818611,1,4.88221565488403,76,1,27.1550006866455,36.5019989013672,0.476595014333725,0.463512003421783,180.552307128906,-86.4599,25.751,59.6022722384137,63,63,63,63,61,63,0.454167,8047,1.25895569026649,26,-86,0.001869,51,2023-10-08 04:01:48.000431,76,1.037,0.0011,"aoml_navis",1024.12518279444
"7901009",13,0.532958391774673,1,0.693399,1,0.670971,1,186.296714959166,1,4.88203583868584,78,1,27.0949993133545,36.5149993896484,0.693399012088776,0.680315971374512,179.649002075195,-86.4599,25.751,59.6022722384137,63,63,63,63,61,63,0.670971,8047,1.25895569026649,26,-86,0.001869,51,2023-10-08 04:01:48.000431,78,1.037,0.0011,"aoml_navis",1024.16290359432
"7901009",13,0.452791948443664,4,0.592473,1,0.570045,1,184.973496975919,1,4.88170545378831,80,1,27,36.5550003051758,0.592472970485687,0.579389989376068,178.373001098633,-86.4599,25.751,59.6022722384137,63,63,63,63,61,63,0.570045,8047,1.25895569026649,26,-86,0.001869,51,2023-10-08 04:01:48.000431,80,1.037,0.0011,"aoml_navis",1024.23221706666
"7901009",13,0.50623624399767,4,0.659757,1,0.637329,1,183.894497714013,1,4.88153331734816,82.0999984741211,1,26.9179992675781,36.5559997558594,0.659757018089294,0.646673977375031,177.332504272461,-86.4599,25.751,59.6022722384137,63,63,63,63,61,63,0.637329,8047,1.25895569026649,26,-86,0.001869,51,2023-10-08 04:01:48.000431,82.0999984741211,1.037,0.0011,"aoml_navis",1024.26833434299
"7901009",13,0.86995436651799,1,1.117662,1,1.095234,1,182.046337649614,1,4.88101059546206,83.9000015258789,1,26.6420001983643,36.5740013122559,1.11766195297241,1.10457897186279,175.55029296875,-86.4599,25.751,59.6022722384137,63,63,63,63,61,63,1.095234,8047,1.25895569026649,26,-86,0.001869,51,2023-10-08 04:01:48.000431,83.9000015258789,1.037,0.0011,"aoml_navis",1024.37802627361
"7901009",13,0.99614228657606,1,1.276527,1,1.254099,1,181.062642868636,1,4.88040850005274,86,1,26.3490009307861,36.6059989929199,1.27652704715729,1.26344394683838,174.601699829102,-86.4599,25.751,59.6022722384137,63,63,63,63,61,63,1.254099,8047,1.25895569026649,26,-86,0.001869,51,2023-10-08 04:01:48.000431,86,1.037,0.0011,"aoml_navis",1024.50440366743
"7901009",13,0.975358393860613,1,1.250361,1,1.227933,1,181.752465024712,1,4.88014333864953,87.9000015258789,1,26.2180004119873,36.6139984130859,1.25036096572876,1.23727798461914,175.266906738281,-86.4599,25.751,59.6022722384137,63,63,63,63,61,63,1.227933,8047,1.25895569026649,26,-86,0.001869,51,2023-10-08 04:01:48.000431,87.9000015258789,1.037,0.0011,"aoml_navis",1024.56006986541
"7901009",13,0.878861749110324,1,1.128876,1,1.106448,1,186.452575682582,1,4.87993690490678,90,1,26.0590000152588,36.5929985046387,1.12887597084045,1.11579298973083,179.799301147461,-86.4599,25.751,59.6022722384137,63,63,63,63,61,63,1.106448,8047,1.25895569026649,26,-86,0.001869,51,2023-10-08 04:01:48.000431,90,1.037,0.0011,"aoml_navis",1024.60341136225
"7901009",13,0.69626040596747,1,0.898989,1,0.876561,1,191.086528605975,1,4.87951600921427,92,1,25.6889991760254,36.5449981689453,0.898989021778107,0.885905981063843,184.26789855957,-86.4599,25.751,59.6022722384137,63,63,63,63,61,63,0.876561,8047,1.25895569026649,26,-86,0.001869,51,2023-10-08 04:01:48.000431,92,1.037,0.0011,"aoml_navis",1024.69179126746
"7901009",13,0.694775842202081,1,0.89712,1,0.874692,1,190.834951992615,1,4.8792674686101,94.0999984741211,1,25.5650005340576,36.5509986877441,0.897119998931885,0.884037017822266,184.025299072266,-86.4599,25.751,59.6022722384137,63,63,63,63,61,63,0.874692,8047,1.25895569026649,26,-86,0.001869,51,2023-10-08 04:01:48.000431,94.0999984741211,1.037,0.0011,"aoml_navis",1024.74398711827
"7901009",13,0.694775842202081,1,0.89712,1,0.874692,1,191.903586911999,1,4.87912583009655,96,1,25.4979991912842,36.5519981384277,0.897119998931885,0.884037017822266,185.055801391602,-86.4599,25.751,59.6022722384137,63,63,63,63,61,63,0.874692,8047,1.25895569026649,26,-86,0.001869,51,2023-10-08 04:01:48.000431,96,1.037,0.0011,"aoml_navis",1024.7737349092
"7901009",13,0.611640271340293,1,0.792456,1,0.770028,1,194.240880649723,1,4.87888638147114,98,1,25.2609996795654,36.5099983215332,0.792455971240997,0.779372990131378,187.309692382812,-86.4599,25.751,59.6022722384137,63,63,63,63,61,63,0.770028,8047,1.25895569026649,26,-86,0.001869,51,2023-10-08 04:01:48.000431,98,1.037,0.0011,"aoml_navis",1024.82402930899
"7901009",13,0.48990604257839,1,0.639198,1,0.61677,1,195.263580170115,1,4.87832767083887,100,1,24.8059997558594,36.4690017700195,0.639198005199432,0.626115024089813,188.2958984375,-86.4599,25.751,59.6022722384137,63,63,63,63,61,63,0.61677,8047,1.25895569026649,26,-86,0.001869,51,2023-10-08 04:01:48.000431,100,1.037,0.0011,"aoml_navis",1024.94140151521
"7901009",13,0.39489396159349,1,0.519582,1,0.497154,1,191.140138365461,1,4.87785885978963,102,1,24.5230007171631,36.4739990234375,0.519581973552704,0.506498992443085,184.319595336914,-86.4599,25.751,59.6022722384137,63,63,63,63,61,63,0.497154,8047,1.25895569026649,26,-86,0.001869,51,2023-10-08 04:01:48.000431,102,1.037,0.0011,"aoml_navis",1025.0399086405
"7901009",13,0.372625505112654,1,0.491547,1,0.469119,1,189.131987664061,1,4.87746468862977,104.300003051758,1,24.367000579834,36.507999420166,0.491546988487244,0.478464007377625,182.383102416992,-86.4599,25.751,59.6022722384137,63,63,63,63,61,63,0.469119,8047,1.25895569026649,26,-86,0.001869,51,2023-10-08 04:01:48.000431,104.300003051758,1.037,0.0011,"aoml_navis",1025.12274699925
"7901009",13,0.305820135670147,1,0.407442,1,0.385014,1,192.847469958956,1,4.87720256731196,105.800003051758,1,23.9759998321533,36.4169998168945,0.407442003488541,0.394358992576599,185.966003417969,-86.4599,25.751,59.6022722384137,63,63,63,63,61,63,0.385014,8047,1.25895569026649,26,-86,0.001869,51,2023-10-08 04:01:48.000431,105.800003051758,1.037,0.0011,"aoml_navis",1025.17784139438
"7901009",13,0.227138256104526,1,0.308385,1,0.285957,1,188.965857538665,1,4.87692073115259,107.900001525879,1,23.8229999542236,36.4230003356934,0.308385014533997,0.295302003622055,182.222900390625,-86.4599,25.751,59.6022722384137,63,63,63,63,61,63,0.285957,8047,1.25895569026649,26,-86,0.001869,51,2023-10-08 04:01:48.000431,107.900001525879,1.037,0.0011,"aoml_navis",1025.23708619277
"7901009",13,0.178147651846687,1,0.246708,1,0.22428,1,183.101601775975,1,4.87657067287167,110,1,23.6669998168945,36.4469985961914,0.246708005666733,0.233624994754791,176.567901611328,-86.4599,25.751,59.6022722384137,63,63,63,63,61,63,0.22428,8047,1.25895569026649,26,-86,0.001869,51,2023-10-08 04:01:48.000431,110,1.037,0.0011,"aoml_navis",1025.31068150308
"7901009",13,0.144002685242739,1,0.203721,1,0.181293,1,178.241579598221,1,4.87623240592404,112,1,23.5659999847412,36.4900016784668,0.20372100174427,0.19063800573349,171.881301879883,-86.4599,25.751,59.6022722384137,63,63,63,63,61,63,0.181293,8047,1.25895569026649,26,-86,0.001869,51,2023-10-08 04:01:48.000431,112,1.037,0.0011,"aoml_navis",1025.38180787396
"7901009",13,0.129157047588848,1,0.185031,1,0.162603,1,177.490679026675,1,4.87575655145411,114,1,23.3460006713867,36.5250015258789,0.185030996799469,0.171948000788689,171.157196044922,-86.4599,25.751,59.6022722384137,63,63,63,63,61,63,0.162603,8047,1.25895569026649,26,-86,0.001869,51,2023-10-08 04:01:48.000431,114,1.037,0.0011,"aoml_navis",1025.48188106497
"7901009",13,0.112826846169569,1,0.164472,1,0.142044,1,177.697775996022,1,4.87533071977845,116,1,22.9060001373291,36.4620018005371,0.164471998810768,0.151389002799988,171.356903076172,-86.4599,25.751,59.6022722384137,63,63,63,63,61,63,0.142044,8047,1.25895569026649,26,-86,0.001869,51,2023-10-08 04:01:48.000431,116,1.037,0.0011,"aoml_navis",1025.5714509204
"7901009",13,0.0816510070963984,1,0.125223,1,0.102795,1,174.045555749069,1,4.87495918883196,118,1,22.6030006408691,36.4379997253418,0.125222995877266,0.112139999866486,167.835006713867,-86.4599,25.751,59.6022722384137,63,63,63,63,61,63,0.102795,8047,1.25895569026649,26,-86,0.001869,51,2023-10-08 04:01:48.000431,118,1.037,0.0011,"aoml_navis",1025.64961188896
"7901009",13,0.0742281882694531,1,0.115878,1,0.09345,1,168.116787887965,1,4.87470685779539,120,1,22.503999710083,36.4589996337891,0.115878000855446,0.102794997394085,162.117797851562,-86.4599,25.751,59.6022722384137,63,63,63,63,61,63,0.09345,8047,1.25895569026649,26,-86,0.001869,51,2023-10-08 04:01:48.000431,120,1.037,0.0011,"aoml_navis",1025.70270292341
"7901009",13,0.0757127520348421,1,0.117747,1,0.095319,1,162.417728668672,1,4.87435084465919,122,1,22.318000793457,36.476001739502,0.117747001349926,0.104663997888565,156.622100830078,-86.4599,25.751,59.6022722384137,63,63,63,63,61,63,0.095319,8047,1.25895569026649,26,-86,0.001869,51,2023-10-08 04:01:48.000431,122,1.037,0.0011,"aoml_navis",1025.77761826038
"7901009",13,0.0757127520348421,1,0.117747,1,0.095319,1,154.447834091183,1,4.87403357956978,124,1,22.1650009155273,36.4949989318848,0.117747001349926,0.104663997888565,148.936599731445,-86.4599,25.751,59.6022722384137,63,63,63,63,61,63,0.095319,8047,1.25895569026649,26,-86,0.001869,51,2023-10-08 04:01:48.000431,124,1.037,0.0011,"aoml_navis",1025.84438912326
"7901009",13,0.0831355708617874,1,0.127092,1,0.104664,1,148.571963935499,1,4.87371064993768,126,1,22.0580005645752,36.5330009460449,0.127092003822327,0.114009000360966,143.270401000977,-86.4599,25.751,59.6022722384137,63,63,63,63,61,63,0.104664,8047,1.25895569026649,26,-86,0.001869,51,2023-10-08 04:01:48.000431,126,1.037,0.0011,"aoml_navis",1025.91236105983
"7901009",13,0.0905583896887327,1,0.136437,1,0.114009,1,146.334737529236,1,4.87342557165023,128,1,21.9519996643066,36.5610008239746,0.136436998844147,0.123354002833366,141.113006591797,-86.4599,25.751,59.6022722384137,63,63,63,63,61,63,0.114009,8047,1.25895569026649,26,-86,0.001869,51,2023-10-08 04:01:48.000431,128,1.037,0.0011,"aoml_navis",1025.97237333142
"7901009",13,0.115795973700347,1,0.16821,1,0.145782,1,145.551272351721,1,4.87315955326603,130,1,21.8330001831055,36.5789985656738,0.168209999799728,0.155127003788948,140.357498168945,-86.4599,25.751,59.6022722384137,63,63,63,63,61,63,0.145782,8047,1.25895569026649,26,-86,0.001869,51,2023-10-08 04:01:48.000431,130,1.037,0.0011,"aoml_navis",1026.0283796062
"7901009",13,0.157363759131241,1,0.220542,1,0.198114,1,145.219328569403,1,4.872949604182,132,1,21.7689990997314,36.6020011901855,0.220541998744011,0.207459002733231,140.037399291992,-86.4599,25.751,59.6022722384137,63,63,63,63,61,63,0.198114,8047,1.25895569026649,26,-86,0.001869,51,2023-10-08 04:01:48.000431,132,1.037,0.0011,"aoml_navis",1026.07258562842
"7901009",13,0.194477853265967,1,0.267267,1,0.244839,1,143.93717237065,1,4.87273463525043,134,1,21.8600006103516,36.6839981079102,0.267266988754272,0.254184007644653,138.800994873047,-86.4599,25.751,59.6022722384137,63,63,63,63,61,63,0.244839,8047,1.25895569026649,26,-86,0.001869,51,2023-10-08 04:01:48.000431,134,1.037,0.0011,"aoml_navis",1026.11785255633
"7901009",13,0.201900672092912,1,0.276612,1,0.254184,1,141.080237398713,1,4.87258089889925,136,1,21.8969993591309,36.7290000915527,0.276612013578415,0.263529002666473,136.046005249023,-86.4599,25.751,59.6022722384137,63,63,63,63,61,63,0.254184,8047,1.25895569026649,26,-86,0.001869,51,2023-10-08 04:01:48.000431,136,1.037,0.0011,"aoml_navis",1026.15022792737
"7901009",13,0.191508725735189,1,0.263529,1,0.241101,1,139.444459327177,1,4.87229488886536,138,1,21.6009998321533,36.6870002746582,0.263529002666473,0.250445991754532,134.468597412109,-86.4599,25.751,59.6022722384137,63,63,63,63,61,63,0.241101,8047,1.25895569026649,26,-86,0.001869,51,2023-10-08 04:01:48.000431,138,1.037,0.0011,"aoml_navis",1026.21046427762
"7901009",13,0.188539598204411,1,0.259791,1,0.237363,1,138.71803759209,1,4.87206179782418,140,1,21.326000213623,36.6389999389648,0.259790986776352,0.246708005666733,133.768096923828,-86.4599,25.751,59.6022722384137,63,63,63,63,61,63,0.237363,8047,1.25895569026649,26,-86,0.001869,51,2023-10-08 04:01:48.000431,140,1.037,0.0011,"aoml_navis",1026.25956063056
"7901009",13,0.182601343142855,1,0.252315,1,0.229887,1,138.823200065981,1,4.87180630616464,142,1,21.1909999847412,36.648998260498,0.252315014600754,0.239232003688812,133.869506835938,-86.4599,25.751,59.6022722384137,63,63,63,63,61,63,0.229887,8047,1.25895569026649,26,-86,0.001869,51,2023-10-08 04:01:48.000431,142,1.037,0.0011,"aoml_navis",1026.31338065989
"7901009",13,0.175178524315909,1,0.24297,1,0.220542,1,138.668684333579,1,4.87166029637306,144,1,21.1580009460449,36.6660003662109,0.242970004677773,0.229886993765831,133.720504760742,-86.4599,25.751,59.6022722384137,63,63,63,63,61,63,0.220542,8047,1.25895569026649,26,-86,0.001869,51,2023-10-08 04:01:48.000431,144,1.037,0.0011,"aoml_navis",1026.34414056384
"7901009",13,0.155879195365851,1,0.218673,1,0.196245,1,137.902229336539,1,4.87154288235749,146,1,21.1110000610352,36.6699981689453,0.218673005700111,0.20558999478817,132.981399536133,-86.4599,25.751,59.6022722384137,63,63,63,63,61,63,0.196245,8047,1.25895569026649,26,-86,0.001869,51,2023-10-08 04:01:48.000431,146,1.037,0.0011,"aoml_navis",1026.36887752907
"7901009",13,0.145487249008128,1,0.20559,1,0.183162,1,136.140148697052,1,4.87134164024289,148,1,20.9780006408691,36.6660003662109,0.20558999478817,0.19250699877739,131.282196044922,-86.4599,25.751,59.6022722384137,63,63,63,63,61,63,0.183162,8047,1.25895569026649,26,-86,0.001869,51,2023-10-08 04:01:48.000431,148,1.037,0.0011,"aoml_navis",1026.41127830047
"7901009",13,0.130641611354237,1,0.1869,1,0.164472,1,134.893357850262,1,4.87100144091676,150,1,20.7099990844727,36.6520004272461,0.18690000474453,0.173816993832588,130.079895019531,-86.4599,25.751,59.6022722384137,63,63,63,63,61,63,0.164472,8047,1.25895569026649,26,-86,0.001869,51,2023-10-08 04:01:48.000431,150,1.037,0.0011,"aoml_navis",1026.48296467327
"7901009",13,0.124703356292681,4,0.179424,1,0.156996,1,134.243474015598,1,4.87076372498126,152,1,20.5499992370605,36.648998260498,0.179424002766609,0.166341006755829,129.453201293945,-86.4599,25.751,59.6022722384137,63,63,63,63,61,63,0.156996,8047,1.25895569026649,26,-86,0.001869,51,2023-10-08 04:01:48.000431,152,1.037,0.0011,"aoml_navis",1026.5330618186
"7901009",13,0.133610738885016,1,0.190638,1,0.16821,1,133.943161257251,1,4.87052281151519,154,1,20.3980007171631,36.6500015258789,0.19063800573349,0.177554994821548,129.163604736328,-86.4599,25.751,59.6022722384137,63,63,63,63,61,63,0.16821,8047,1.25895569026649,26,-86,0.001869,51,2023-10-08 04:01:48.000431,154,1.037,0.0011,"aoml_navis",1026.58383781279
"7901009",13,0.130641611354237,1,0.1869,1,0.164472,1,133.610901006459,1,4.87042406555123,156,1,20.3419990539551,36.6459999084473,0.18690000474453,0.173816993832588,128.843200683594,-86.4599,25.751,59.6022722384137,63,63,63,63,61,63,0.164472,8047,1.25895569026649,26,-86,0.001869,51,2023-10-08 04:01:48.000431,156,1.037,0.0011,"aoml_navis",1026.604651403
"7901009",13,0.114311409934958,1,0.166341,1,0.143913,1,132.972726505331,1,4.87025493790013,158,1,20.2310009002686,36.6419982910156,0.166341006755829,0.153257995843887,128.227798461914,-86.4599,25.751,59.6022722384137,63,63,63,63,61,63,0.143913,8047,1.25895569026649,26,-86,0.001869,51,2023-10-08 04:01:48.000431,158,1.037,0.0011,"aoml_navis",1026.64030194604
"7901009",13,0.0950120809848999,1,0.142044,1,0.119616,1,132.24889981173,1,4.86987688965178,160,1,19.94700050354,36.6349983215332,0.142043992877007,0.128960996866226,127.529800415039,-86.4599,25.751,59.6022722384137,63,63,63,63,61,63,0.119616,8047,1.25895569026649,26,-86,0.001869,51,2023-10-08 04:01:48.000431,160,1.037,0.0011,"aoml_navis",1026.71999997058
"7901009",13,0.0979812085156781,1,0.145782,1,0.123354,1,130.713513451841,1,4.86966398131368,162,1,19.7369995117188,36.609001159668,0.145781993865967,0.132698997855186,126.049201965332,-86.4599,25.751,59.6022722384137,63,63,63,63,61,63,0.123354,8047,1.25895569026649,26,-86,0.001869,51,2023-10-08 04:01:48.000431,162,1.037,0.0011,"aoml_navis",1026.7648895666
"7901009",13,0.0935275172195109,1,0.140175,1,0.117747,1,129.903195924312,1,4.86952581935361,164,1,19.6140003204346,36.5929985046387,0.140174999833107,0.127092003822327,125.267799377441,-86.4599,25.751,59.6022722384137,63,63,63,63,61,63,0.117747,8047,1.25895569026649,26,-86,0.001869,51,2023-10-08 04:01:48.000431,164,1.037,0.0011,"aoml_navis",1026.79402173572
"7901009",13,0.0890738259233437,1,0.134568,1,0.11214,1,128.947801336616,1,4.86928638243207,166,1,19.423999786377,36.5820007324219,0.134568005800247,0.121485002338886,124.346496582031,-86.4599,25.751,59.6022722384137,63,63,63,63,61,63,0.11214,8047,1.25895569026649,26,-86,0.001869,51,2023-10-08 04:01:48.000431,166,1.037,0.0011,"aoml_navis",1026.84451217319
"7901009",13,0.0801664433310093,1,0.123354,1,0.100926,1,128.903424544857,1,4.86904823433619,168,1,19.193000793457,36.556999206543,0.123354002833366,0.110270999372005,124.303703308105,-86.4599,25.751,59.6022722384137,63,63,63,63,61,63,0.100926,8047,1.25895569026649,26,-86,0.001869,51,2023-10-08 04:01:48.000431,168,1.037,0.0011,"aoml_navis",1026.89473575972
"7901009",13,0.0771973158002312,1,0.119616,1,0.097188,1,129.272695783677,1,4.86888280223564,170,1,19.0340003967285,36.5369987487793,0.119616001844406,0.106532998383045,124.659797668457,-86.4599,25.751,59.6022722384137,63,63,63,63,61,63,0.097188,8047,1.25895569026649,26,-86,0.001869,51,2023-10-08 04:01:48.000431,170,1.037,0.0011,"aoml_navis",1026.92962699865
"7901009",13,0.0638362419117296,4,0.102795,1,0.080367,1,131.16512978758,1,4.86868677968976,172,1,18.8640003204346,36.5219993591309,0.102794997394085,0.0897120013833046,126.484703063965,-86.4599,25.751,59.6022722384137,63,63,63,63,61,63,0.080367,8047,1.25895569026649,26,-86,0.001869,51,2023-10-08 04:01:48.000431,172,1.037,0.0011,"aoml_navis",1026.97097312935
"7901009",13,0.0697744969732859,1,0.110271,1,0.087843,1,131.139717369122,1,4.86849080615947,174,1,18.7019996643066,36.5099983215332,0.110270999372005,0.0971880033612251,126.46019744873,-86.4599,25.751,59.6022722384137,63,63,63,63,61,63,0.087843,8047,1.25895569026649,26,-86,0.001869,51,2023-10-08 04:01:48.000431,174,1.037,0.0011,"aoml_navis",1027.01231224965
"7901009",13,0.0593825506155624,1,0.097188,1,0.07476,1,130.44699952651,1,4.86843340200916,176,1,18.6709995269775,36.5040016174316,0.0971880033612251,0.0841049998998642,125.792198181152,-86.4599,25.751,59.6022722384137,63,63,63,63,61,63,0.07476,8047,1.25895569026649,26,-86,0.001869,51,2023-10-08 04:01:48.000431,176,1.037,0.0011,"aoml_navis",1027.02442184719
"7901009",13,0.0534442955540062,1,0.089712,1,0.067284,1,129.765793224638,1,4.86835288457179,178,1,18.6149997711182,36.4959983825684,0.0897120013833046,0.0766289979219437,125.135299682617,-86.4599,25.751,59.6022722384137,63,63,63,63,61,63,0.067284,8047,1.25895569026649,26,-86,0.001869,51,2023-10-08 04:01:48.000431,178,1.037,0.0011,"aoml_navis",1027.04140775115
"7901009",13,0.0445369129616718,1,0.078498,1,0.05607,1,130.173855586651,1,4.86820326039319,180,1,18.4780006408691,36.4799995422363,0.0784979984164238,0.0654150024056435,125.528800964355,-86.4599,25.751,59.6022722384137,63,63,63,63,61,63,0.05607,8047,1.25895569026649,26,-86,0.001869,51,2023-10-08 04:01:48.000431,180,1.037,0.0011,"aoml_navis",1027.07297385857
"7901009",13,0.0385986579001156,1,0.071022,1,0.048594,1,130.390280464268,1,4.86807608211179,182,1,18.3649997711182,36.4659996032715,0.0710219964385033,0.0579390004277229,125.737503051758,-86.4599,25.751,59.6022722384137,63,63,63,63,61,63,0.048594,8047,1.25895569026649,26,-86,0.001869,51,2023-10-08 04:01:48.000431,182,1.037,0.0011,"aoml_navis",1027.09980609649
"7901009",13,0.0415677854308937,1,0.07476,1,0.052332,1,131.15361824684,1,4.86795781179646,184,1,18.261999130249,36.4529991149902,0.0747599974274635,0.0616770014166832,126.473602294922,-86.4599,25.751,59.6022722384137,63,63,63,63,61,63,0.052332,8047,1.25895569026649,26,-86,0.001869,51,2023-10-08 04:01:48.000431,184,1.037,0.0011,"aoml_navis",1027.1247601784
"7901009",13,0.0311758390731703,4,0.061677,1,0.039249,1,132.549426186298,1,4.86783034013602,186,1,18.1539993286133,36.4410018920898,0.0616770014166832,0.0485940016806126,127.819602966309,-86.4599,25.751,59.6022722384137,63,63,63,63,61,63,0.039249,8047,1.25895569026649,26,-86,0.001869,51,2023-10-08 04:01:48.000431,186,1.037,0.0011,"aoml_navis",1027.15165702761
"7901009",13,0.0356295303693375,1,0.067284,1,0.044856,1,133.187909244188,1,4.86772236510209,188,1,18.068000793457,36.4309997558594,0.0672840029001236,0.0542009994387627,128.435302734375,-86.4599,25.751,59.6022722384137,63,63,63,63,61,63,0.044856,8047,1.25895569026649,26,-86,0.001869,51,2023-10-08 04:01:48.000431,188,1.037,0.0011,"aoml_navis",1027.17444114032
"7901009",13,0.025237584011614,1,0.054201,1,0.031773,1,133.555218378469,1,4.86758158340177,190,1,17.9419994354248,36.4169998168945,0.0542009994387627,0.041117999702692,128.789505004883,-86.4599,25.751,59.6022722384137,63,63,63,63,61,63,0.031773,8047,1.25895569026649,26,-86,0.001869,51,2023-10-08 04:01:48.000431,190,1.037,0.0011,"aoml_navis",1027.20414939726
"7901009",13,0.0267221477770031,1,0.05607,1,0.033642,1,133.875959176809,1,4.86750391198642,192,1,17.8840007781982,36.4080009460449,0.0560699999332428,0.0429870001971722,129.09880065918,-86.4599,25.751,59.6022722384137,63,63,63,63,61,63,0.033642,8047,1.25895569026649,26,-86,0.001869,51,2023-10-08 04:01:48.000431,192,1.037,0.0011,"aoml_navis",1027.22054063219
"7901009",13,0.0207838927154469,1,0.048594,1,0.026166,1,134.31243249607,1,4.86741217143645,194,1,17.8139991760254,36.398998260498,0.0485940016806126,0.0355109982192516,129.51969909668,-86.4599,25.751,59.6022722384137,63,63,63,63,61,63,0.026166,8047,1.25895569026649,26,-86,0.001869,51,2023-10-08 04:01:48.000431,194,1.037,0.0011,"aoml_navis",1027.23990159322
"7901009",13,0.0163302014192797,1,0.042987,1,0.020559,1,134.108864150207,1,4.8672733336769,196,1,17.6669998168945,36.3779983520508,0.0429870001971722,0.0299040004611015,129.323394775391,-86.4599,25.751,59.6022722384137,63,63,63,63,61,63,0.020559,8047,1.25895569026649,26,-86,0.001869,51,2023-10-08 04:01:48.000431,196,1.037,0.0011,"aoml_navis",1027.26920335555
"7901009",13,0.0103919463577234,4,0.035511,1,0.013083,1,133.895770103278,1,4.86710305356786,198,1,17.4799995422363,36.3530006408691,0.0355109982192516,0.0224280003458261,129.117904663086,-86.4599,25.751,59.6022722384137,63,63,63,63,61,63,0.013083,8047,1.25895569026649,26,-86,0.001869,51,2023-10-08 04:01:48.000431,198,1.037,0.0011,"aoml_navis",1027.30514332026
"7901009",13,0.0148456376538906,1,0.041118,1,0.01869,1,133.517257985019,1,4.86698913640675,200,1,17.3619995117188,36.3349990844727,0.041117999702692,0.0280349999666214,128.752899169922,-86.4599,25.751,59.6022722384137,63,63,63,63,61,63,0.01869,8047,1.25895569026649,26,-86,0.001869,51,2023-10-08 04:01:48.000431,200,1.037,0.0011,"aoml_navis",1027.3291885117
"7901009",13,0.00890738259233437,1,0.033642,1,0.011214,1,133.238718257679,1,4.86687331094965,202,1,17.2450008392334,36.318000793457,0.0336420014500618,0.020558999851346,128.484298706055,-86.4599,25.751,59.6022722384137,63,63,63,63,61,63,0.011214,8047,1.25895569026649,26,-86,0.001869,51,2023-10-08 04:01:48.000431,202,1.037,0.0011,"aoml_navis",1027.35363765291
"7901009",13,0.00742281882694531,1,0.031773,1,0.009345,1,132.3187918742,1,4.8668359117545,204,1,17.2360000610352,36.3139991760254,0.0317730009555817,0.0186899993568659,127.597198486328,-86.4599,25.751,59.6022722384137,63,63,63,63,61,63,0.009345,8047,1.25895569026649,26,-86,0.001869,51,2023-10-08 04:01:48.000431,204,1.037,0.0011,"aoml_navis",1027.3615323508
"7901009",13,0.00742281882694531,1,0.031773,1,0.009345,1,131.092017658387,1,4.86673968817643,206,1,17.1480007171631,36.3009986877441,0.0317730009555817,0.0186899993568659,126.414199829102,-86.4599,25.751,59.6022722384137,63,63,63,63,61,63,0.009345,8047,1.25895569026649,26,-86,0.001869,51,2023-10-08 04:01:48.000431,206,1.037,0.0011,"aoml_navis",1027.38184500546
"7901009",13,0.00445369129616718,1,0.028035,1,0.005607,1,130.819593684306,1,4.86661134700723,208,1,16.9939994812012,36.2760009765625,0.0280349999666214,0.0149520002305508,126.151496887207,-86.4599,25.751,59.6022722384137,63,63,63,63,61,63,0.005607,8047,1.25895569026649,26,-86,0.001869,51,2023-10-08 04:01:48.000431,208,1.037,0.0011,"aoml_navis",1027.40893888615
"7901009",13,0.00148456376538906,1,0.024297,1,0.001869,1,131.309684674765,1,4.86646760430302,210,1,16.8320007324219,36.2529983520508,0.0242970008403063,0.0112140001729131,126.624099731445,-86.4599,25.751,59.6022722384137,63,63,63,63,61,63,0.001869,8047,1.25895569026649,26,-86,0.001869,51,2023-10-08 04:01:48.000431,210,1.037,0.0011,"aoml_navis",1027.43928585467
"7901009",13,0.00148456376538906,1,0.024297,1,0.001869,1,131.82030655747,1,4.86636643080205,212,1,16.7320003509521,36.2379989624023,0.0242970008403063,0.0112140001729131,127.116500854492,-86.4599,25.751,59.6022722384137,63,63,63,63,61,63,0.001869,8047,1.25895569026649,26,-86,0.001869,51,2023-10-08 04:01:48.000431,212,1.037,0.0011,"aoml_navis",1027.4606466854
"7901009",13,-0.00296912753077812,1,0.01869,1,-0.003738,1,132.362037291165,1,4.86626635103642,214,1,16.6389999389648,36.2249984741211,0.0186899993568659,0.00560700008645654,127.638900756836,-86.4599,25.751,59.6022722384137,63,63,63,63,61,63,-0.003738,8047,1.25895569026649,26,-86,0.001869,51,2023-10-08 04:01:48.000431,214,1.037,0.0011,"aoml_navis",1027.4817774689
"7901009",13,-0.00296912753077812,1,0.01869,1,-0.003738,1,132.055498015592,1,4.86618581557068,216,1,16.5790004730225,36.2169990539551,0.0186899993568659,0.00560700008645654,127.343299865723,-86.4599,25.751,59.6022722384137,63,63,63,63,61,63,-0.003738,8047,1.25895569026649,26,-86,0.001869,51,2023-10-08 04:01:48.000431,216,1.037,0.0011,"aoml_navis",1027.49878231142
"7901009",13,-0.00148456376538906,1,0.020559,1,-0.001869,1,131.783390509985,1,4.86614090030973,218,1,16.5599994659424,36.2120018005371,0.020558999851346,0.00747600011527538,127.080902099609,-86.4599,25.751,59.6022722384137,63,63,63,63,61,63,-0.001869,8047,1.25895569026649,26,-86,0.001869,51,2023-10-08 04:01:48.000431,218,1.037,0.0011,"aoml_navis",1027.50826628998
"7901009",13,0,1,0.022428,1,0,1,131.557946280861,1,4.8660932746875,220,1,16.5450000762939,36.2089996337891,0.0224280003458261,0.00934499967843294,126.863502502441,-86.4599,25.751,59.6022722384137,63,63,63,63,61,63,0,8047,1.25895569026649,26,-86,0.001869,51,2023-10-08 04:01:48.000431,220,1.037,0.0011,"aoml_navis",1027.51832275987
"7901009",13,-0.00148456376538906,1,0.020559,1,-0.001869,1,131.172281975091,1,4.86601508371109,222,1,16.4740009307861,36.1969985961914,0.020558999851346,0.00747600011527538,126.491600036621,-86.4599,25.751,59.6022722384137,63,63,63,63,61,63,-0.001869,8047,1.25895569026649,26,-86,0.001869,51,2023-10-08 04:01:48.000431,222,1.037,0.0011,"aoml_navis",1027.53483373642
"7901009",13,-0.00148456376538906,1,0.020559,1,-0.001869,1,130.734772221578,1,4.86590152826182,224,1,16.3519992828369,36.1790008544922,0.020558999851346,0.00747600011527538,126.069702148438,-86.4599,25.751,59.6022722384137,63,63,63,63,61,63,-0.001869,8047,1.25895569026649,26,-86,0.001869,51,2023-10-08 04:01:48.000431,224,1.037,0.0011,"aoml_navis",1027.55881329684
"7901009",13,-0.00148456376538906,1,0.020559,1,-0.001869,1,130.329716310067,1,4.86581940262131,226,1,16.2639999389648,36.1629981994629,0.020558999851346,0.00747600011527538,125.679100036621,-86.4599,25.751,59.6022722384137,63,63,63,63,61,63,-0.001869,8047,1.25895569026649,26,-86,0.001869,51,2023-10-08 04:01:48.000431,226,1.037,0.0011,"aoml_navis",1027.57615650643
"7901009",13,0,1,0.022428,1,0,1,129.895418711565,1,4.8657083235403,228,1,16.1399993896484,36.1440010070801,0.0224280003458261,0.00934499967843294,125.260299682617,-86.4599,25.751,59.6022722384137,63,63,63,63,61,63,0,8047,1.25895569026649,26,-86,0.001869,51,2023-10-08 04:01:48.000431,228,1.037,0.0011,"aoml_navis",1027.59961500569
"7901009",13,0.00148456376538906,1,0.024297,1,0.001869,1,129.368205969112,1,4.8655780837456,230,1,15.9849996566772,36.1209983825684,0.0242970008403063,0.0112140001729131,124.751899719238,-86.4599,25.751,59.6022722384137,63,63,63,63,61,63,0.001869,8047,1.25895569026649,26,-86,0.001869,51,2023-10-08 04:01:48.000431,230,1.037,0.0011,"aoml_navis",1027.62712136991
"7901009",13,-0.00445369129616718,4,0.016821,1,-0.005607,1,128.536843288066,1,4.86549144945811,232,1,15.8950004577637,36.1059989929199,0.0168210007250309,0.00373800005763769,123.950202941895,-86.4599,25.751,59.6022722384137,63,63,63,63,61,63,-0.005607,8047,1.25895569026649,26,-86,0.001869,51,2023-10-08 04:01:48.000431,232,1.037,0.0011,"aoml_navis",1027.64541916046
"7901009",13,-0.00445369129616718,1,0.016821,1,-0.005607,1,128.155846892287,1,4.8654040502388,234,1,15.8039999008179,36.0909996032715,0.0168210007250309,0.00373800005763769,123.582801818848,-86.4599,25.751,59.6022722384137,63,63,63,63,61,63,-0.005607,8047,1.25895569026649,26,-86,0.001869,51,2023-10-08 04:01:48.000431,234,1.037,0.0011,"aoml_navis",1027.66387917044
"7901009",13,0,1,0.022428,1,0,1,127.941289178666,1,4.86532952639636,236,1,15.7410001754761,36.0810012817383,0.0224280003458261,0.00934499967843294,123.375900268555,-86.4599,25.751,59.6022722384137,63,63,63,63,61,63,0,8047,1.25895569026649,26,-86,0.001869,51,2023-10-08 04:01:48.000431,236,1.037,0.0011,"aoml_navis",1027.67962023394
"7901009",13,-0.00148456376538906,1,0.020559,1,-0.001869,1,127.718439991028,1,4.8652592097055,238,1,15.6850004196167,36.0719985961914,0.020558999851346,0.00747600011527538,123.161003112793,-86.4599,25.751,59.6022722384137,63,63,63,63,61,63,-0.001869,8047,1.25895569026649,26,-86,0.001869,51,2023-10-08 04:01:48.000431,238,1.037,0.0011,"aoml_navis",1027.69447309728
"7901009",13,-0.00148456376538906,1,0.020559,1,-0.001869,1,127.602501765599,1,4.86517223894221,240,1,15.5970001220703,36.0579986572266,0.020558999851346,0.00747600011527538,123.049201965332,-86.4599,25.751,59.6022722384137,63,63,63,63,61,63,-0.001869,8047,1.25895569026649,26,-86,0.001869,51,2023-10-08 04:01:48.000431,240,1.037,0.0011,"aoml_navis",1027.71284436316
"7901009",13,-0.00148456376538906,1,0.020559,1,-0.001869,1,127.468833393918,1,4.86509245355909,242,1,15.5220003128052,36.0460014343262,0.020558999851346,0.00747600011527538,122.920303344727,-86.4599,25.751,59.6022722384137,63,63,63,63,61,63,-0.001869,8047,1.25895569026649,26,-86,0.001869,51,2023-10-08 04:01:48.000431,242,1.037,0.0011,"aoml_navis",1027.72969840321
"7901009",13,-0.00445369129616718,1,0.016821,1,-0.005607,1,127.513320949643,1,4.86500895266088,244,1,15.4399995803833,36.0330009460449,0.0168210007250309,0.00373800005763769,122.963203430176,-86.4599,25.751,59.6022722384137,63,63,63,63,61,63,-0.005607,8047,1.25895569026649,26,-86,0.001869,51,2023-10-08 04:01:48.000431,244,1.037,0.0011,"aoml_navis",1027.74733790886
"7901009",13,0,1,0.022428,1,0,1,127.350197274749,1,4.8649476869854,246,1,15.3850002288818,36.0219993591309,0.0224280003458261,0,122.80590057373,-86.4599,25.751,59.6022722384137,63,63,63,63,61,63,0,8047,1.25895569026649,26,-86,0.001869,51,2023-10-08 04:01:48.000431,246,1.037,0.0011,"aoml_navis",1027.76028062458
"7901009",13,0,1,0.01869,1,-0.003738,1,126.843823981306,1,4.86487464147682,248,1,15.3190002441406,36.0110015869141,0.0186899993568659,0,122.317596435547,-86.4599,25.751,59.6022722384137,63,63,63,63,61,63,0,8047,1.25895569026649,26,-86,0.001869,51,2023-10-08 04:01:48.000431,248,1.037,0.0011,"aoml_navis",1027.77571232178
"7901009",13,0,1,0.016821,1,-0.005607,1,126.445097439274,1,4.86475666462898,250,1,15.1840000152588,35.992000579834,0.0168210007250309,0,121.933097839355,-86.4599,25.751,59.6022722384137,63,63,63,63,61,63,0,8047,1.25895569026649,26,-86,0.001869,51,2023-10-08 04:01:48.000431,250,1.037,0.0011,"aoml_navis",1027.80063725579
"7901009",13,0,1,0.01869,1,-0.003738,1,126.046268044989,1,4.86465059200549,252,1,15.0559997558594,35.9720001220703,0.0186899993568659,0,121.548500061035,-86.4599,25.751,59.6022722384137,63,63,63,63,61,63,0,8047,1.25895569026649,26,-86,0.001869,51,2023-10-08 04:01:48.000431,252,1.037,0.0011,"aoml_navis",1027.82304821994
"7901009",13,0,1,0.01869,1,-0.003738,1,126.05560386497,1,4.86455450101479,254,1,14.9469995498657,35.9550018310547,0.0186899993568659,0,121.557502746582,-86.4599,25.751,59.6022722384137,63,63,63,63,61,63,0,8047,1.25895569026649,26,-86,0.001869,51,2023-10-08 04:01:48.000431,254,1.037,0.0011,"aoml_navis",1027.84335111406
"7901009",13,0,1,0.024297,1,0.001869,1,126.078832650957,1,4.86449026408206,256,1,14.8950004577637,35.9459991455078,0.0242970008403063,0,121.579902648926,-86.4599,25.751,59.6022722384137,63,63,63,63,61,63,0,8047,1.25895569026649,26,-86,0.001869,51,2023-10-08 04:01:48.000431,256,1.037,0.0011,"aoml_navis",1027.85692406839
"7901009",13,0,1,0.020559,1,-0.001869,1,126.038387979988,1,4.86442944059428,258,1,14.8529996871948,35.9389991760254,0.020558999851346,0,121.540901184082,-86.4599,25.751,59.6022722384137,63,63,63,63,61,63,0,8047,1.25895569026649,26,-86,0.001869,51,2023-10-08 04:01:48.000431,258,1.037,0.0011,"aoml_navis",1027.86977610866
"7901009",13,0,1,0.016821,1,-0.005607,1,125.827667446613,1,4.86436339334075,260,1,14.8059997558594,35.931999206543,0.0168210007250309,0,121.337699890137,-86.4599,25.751,59.6022722384137,63,63,63,63,61,63,0,8047,1.25895569026649,26,-86,0.001869,51,2023-10-08 04:01:48.000431,260,1.037,0.0011,"aoml_navis",1027.88373229782
"7901009",13,0,1,0.020559,1,-0.001869,1,125.602634626505,1,4.86430636287821,262,1,14.7639999389648,35.923999786377,0.020558999851346,0,121.120697021484,-86.4599,25.751,59.6022722384137,63,63,63,63,61,63,0,8047,1.25895569026649,26,-86,0.001869,51,2023-10-08 04:01:48.000431,262,1.037,0.0011,"aoml_navis",1027.89578348875
"7901009",13,0,1,0.01869,1,-0.003738,1,125.41763506835,1,4.86424729239039,264,1,14.7200002670288,35.9160003662109,0.0186899993568659,0,120.94229888916,-86.4599,25.751,59.6022722384137,63,63,63,63,61,63,0,8047,1.25895569026649,26,-86,0.001869,51,2023-10-08 04:01:48.000431,264,1.037,0.0011,"aoml_navis",1027.90826605834
"7901009",13,0,1,0.020559,1,-0.001869,1,125.080817671533,1,4.86417250227135,266,1,14.66100025177,35.9080009460449,0.020558999851346,0,120.617500305176,-86.4599,25.751,59.6022722384137,63,63,63,63,61,63,0,8047,1.25895569026649,26,-86,0.001869,51,2023-10-08 04:01:48.000431,266,1.037,0.0011,"aoml_navis",1027.92407088055
"7901009",13,0,1,0.020559,1,-0.001869,1,124.780710617694,1,4.86409034247644,268,1,14.5740003585815,35.8940010070801,0.020558999851346,0,120.328102111816,-86.4599,25.751,59.6022722384137,63,63,63,63,61,63,0,8047,1.25895569026649,26,-86,0.001869,51,2023-10-08 04:01:48.000431,268,1.037,0.0011,"aoml_navis",1027.94143364006
"7901009",13,0,1,0.022428,1,0,1,124.397538501157,1,4.86403631723827,270,1,14.5310001373291,35.8849983215332,0.0224280003458261,0,119.958602905273,-86.4599,25.751,59.6022722384137,63,63,63,63,61,63,0,8047,1.25895569026649,26,-86,0.001869,51,2023-10-08 04:01:48.000431,270,1.037,0.0011,"aoml_navis",1027.95285106731
"7901009",13,0,1,0.022428,1,0,1,123.994246901388,1,4.86395412137422,272,1,14.4540004730225,35.8740005493164,0.0224280003458261,0,119.569702148438,-86.4599,25.751,59.6022722384137,63,63,63,63,61,63,0,8047,1.25895569026649,26,-86,0.001869,51,2023-10-08 04:01:48.000431,272,1.037,0.0011,"aoml_navis",1027.97022242211
"7901009",13,0,1,0.020559,1,-0.001869,1,123.845126956467,1,4.86386025209562,274,1,14.3479995727539,35.8580017089844,0.020558999851346,0,119.425903320312,-86.4599,25.751,59.6022722384137,63,63,63,63,61,63,0,8047,1.25895569026649,26,-86,0.001869,51,2023-10-08 04:01:48.000431,274,1.037,0.0011,"aoml_navis",1027.99006156596
"7901009",13,0,1,0.020559,1,-0.001869,1,123.630252774372,1,4.86379263972355,276,1,14.2880001068115,35.8479995727539,0.020558999851346,0,119.218696594238,-86.4599,25.751,59.6022722384137,63,63,63,63,61,63,0,8047,1.25895569026649,26,-86,0.001869,51,2023-10-08 04:01:48.000431,276,1.037,0.0011,"aoml_navis",1028.0043518229
"7901009",13,0,1,0.01869,1,-0.003738,1,123.535889787154,1,4.86370771758233,278,1,14.1969995498657,35.8339996337891,0.0186899993568659,0,119.127700805664,-86.4599,25.751,59.6022722384137,63,63,63,63,61,63,0,8047,1.25895569026649,26,-86,0.001869,51,2023-10-08 04:01:48.000431,278,1.037,0.0011,"aoml_navis",1028.02230116028
"7901009",13,0,1,0.022428,1,0,1,123.377742579014,1,4.86365729576147,280,1,14.1709995269775,35.8289985656738,0.0224280003458261,0,118.975196838379,-86.4599,25.751,59.6022722384137,63,63,63,63,61,63,0,8047,1.25895569026649,26,-86,0.001869,51,2023-10-08 04:01:48.000431,280,1.037,0.0011,"aoml_navis",1028.03295872786
"7901009",13,0,1,0.022428,1,0,1,123.173351415118,1,4.86361251978261,282,1,14.1540002822876,35.8250007629395,0.0224280003458261,0,118.778099060059,-86.4599,25.751,59.6022722384137,63,63,63,63,61,63,0,8047,1.25895569026649,26,-86,0.001869,51,2023-10-08 04:01:48.000431,282,1.037,0.0011,"aoml_navis",1028.04242312944
"7901009",13,0,1,0.01869,1,-0.003738,1,123.045078830917,1,4.86354883623577,284,1,14.1079998016357,35.818000793457,0.0186899993568659,0,118.654403686523,-86.4599,25.751,59.6022722384137,63,63,63,63,61,63,0,8047,1.25895569026649,26,-86,0.001869,51,2023-10-08 04:01:48.000431,284,1.037,0.0011,"aoml_navis",1028.05588436732
"7901009",13,0,1,0.01869,1,-0.003738,1,122.915136875517,1,4.8634823811678,286,1,14.0450000762939,35.806999206543,0.0186899993568659,0,118.529098510742,-86.4599,25.751,59.6022722384137,63,63,63,63,61,63,0,8047,1.25895569026649,26,-86,0.001869,51,2023-10-08 04:01:48.000431,286,1.037,0.0011,"aoml_navis",1028.06993181693
"7901009",13,0,1,0.01869,1,-0.003738,1,122.706805679121,1,4.86341935443753,288,1,14.0030002593994,35.8009986877441,0.0186899993568659,0,118.328201293945,-86.4599,25.751,59.6022722384137,63,63,63,63,61,63,0,8047,1.25895569026649,26,-86,0.001869,51,2023-10-08 04:01:48.000431,288,1.037,0.0011,"aoml_navis",1028.08325493006
"7901009",13,0,1,0.020559,1,-0.001869,1,122.515168194725,1,4.86336253786419,290,1,13.9670000076294,35.7949981689453,0.020558999851346,0,118.143402099609,-86.4599,25.751,59.6022722384137,63,63,63,63,61,63,0,8047,1.25895569026649,26,-86,0.001869,51,2023-10-08 04:01:48.000431,290,1.037,0.0011,"aoml_navis",1028.09526558467
"7901009",13,0,1,0.020559,1,-0.001869,1,122.177725772672,1,4.8633224264079,292,1,13.9580001831055,35.7919998168945,0.020558999851346,0,117.818000793457,-86.4599,25.751,59.6022722384137,63,63,63,63,61,63,0,8047,1.25895569026649,26,-86,0.001869,51,2023-10-08 04:01:48.000431,292,1.037,0.0011,"aoml_navis",1028.10374505501
"7901009",13,0,1,0.020559,1,-0.001869,1,121.764481239399,1,4.86327064020583,294,1,13.9340000152588,35.7879981994629,0.020558999851346,0,117.419502258301,-86.4599,25.751,59.6022722384137,63,63,63,63,61,63,0,8047,1.25895569026649,26,-86,0.001869,51,2023-10-08 04:01:48.000431,294,1.037,0.0011,"aoml_navis",1028.11469274685
"7901009",13,0,1,0.022428,1,0,1,121.361498196392,1,4.86320547503565,296,1,13.878999710083,35.7789993286133,0.0224280003458261,0,117.030899047852,-86.4599,25.751,59.6022722384137,63,63,63,63,61,63,0,8047,1.25895569026649,26,-86,0.001869,51,2023-10-08 04:01:48.000431,296,1.037,0.0011,"aoml_navis",1028.12846910676
"7901009",13,0,1,0.022428,1,0,1,121.087934935805,1,4.86311557698013,298,1,13.7779998779297,35.7639999389648,0.0224280003458261,0,116.767097473145,-86.4599,25.751,59.6022722384137,63,63,63,63,61,63,0,8047,1.25895569026649,26,-86,0.001869,51,2023-10-08 04:01:48.000431,298,1.037,0.0011,"aoml_navis",1028.14747477272
"7901009",13,0,1,0.024297,1,0.001869,1,120.762731931982,1,4.86303522139058,300,1,13.6859998703003,35.7490005493164,0.0242970008403063,0,116.453498840332,-86.4599,25.751,59.6022722384137,63,63,63,63,61,63,0,8047,1.25895569026649,26,-86,0.001869,51,2023-10-08 04:01:48.000431,300,1.037,0.0011,"aoml_navis",1028.16446362695
"7901009",13,0,1,0.022428,1,0,1,120.221729075778,1,4.86296583558997,302,1,13.6190004348755,35.7379989624023,0.0224280003458261,0,115.931800842285,-86.4599,25.751,59.6022722384137,63,63,63,63,61,63,0,8047,1.25895569026649,26,-86,0.001869,51,2023-10-08 04:01:48.000431,302,1.037,0.0011,"aoml_navis",1028.1791336898
"7901009",13,0,1,0.020559,1,-0.001869,1,119.690054127843,1,4.8628746934371,304,1,13.5120000839233,35.7220001220703,0.020558999851346,0,115.419097900391,-86.4599,25.751,59.6022722384137,63,63,63,63,61,63,0,8047,1.25895569026649,26,-86,0.001869,51,2023-10-08 04:01:48.000431,304,1.037,0.0011,"aoml_navis",1028.19840427884
"7901009",13,0,1,0.024297,1,0.001869,1,119.007914243973,1,4.86281110328071,306,1,13.4429998397827,35.7089996337891,0.0242970008403063,0,114.761299133301,-86.4599,25.751,59.6022722384137,63,63,63,63,61,63,0,8047,1.25895569026649,26,-86,0.001869,51,2023-10-08 04:01:48.000431,306,1.037,0.0011,"aoml_navis",1028.21184985506
"7901009",13,0,1,0.022428,1,0,1,118.867196537034,1,4.86268531469404,308,1,13.2819995880127,35.6879997253418,0.0224280003458261,0,114.625602722168,-86.4599,25.751,59.6022722384137,63,63,63,63,61,63,0,8047,1.25895569026649,26,-86,0.001869,51,2023-10-08 04:01:48.000431,308,1.037,0.0011,"aoml_navis",1028.23844777515
"7901009",13,0,1,0.020559,1,-0.001869,1,118.579218137459,1,4.86262630938819,310,1,13.2279996871948,35.6780014038086,0.020558999851346,0,114.347900390625,-86.4599,25.751,59.6022722384137,63,63,63,63,61,63,0,8047,1.25895569026649,26,-86,0.001869,51,2023-10-08 04:01:48.000431,310,1.037,0.0011,"aoml_navis",1028.2509248853
"7901009",13,0,1,0.020559,1,-0.001869,1,118.209836134673,1,4.86256842987601,312,1,13.1750001907349,35.6679992675781,0.020558999851346,0,113.99169921875,-86.4599,25.751,59.6022722384137,63,63,63,63,61,63,0,8047,1.25895569026649,26,-86,0.001869,51,2023-10-08 04:01:48.000431,312,1.037,0.0011,"aoml_navis",1028.26316423222
"7901009",13,0,1,0.022428,1,0,1,117.746921874414,1,4.86249979869784,314,1,13.1110000610352,35.6580009460449,0.0224280003458261,0,113.545303344727,-86.4599,25.751,59.6022722384137,63,63,63,63,61,63,0,8047,1.25895569026649,26,-86,0.001869,51,2023-10-08 04:01:48.000431,314,1.037,0.0011,"aoml_navis",1028.27767753101
"7901009",13,0,1,0.022428,1,0,1,117.140892658527,1,4.86242602489903,316,1,13.0229997634888,35.6430015563965,0.0224280003458261,0,112.960899353027,-86.4599,25.751,59.6022722384137,63,63,63,63,61,63,0,8047,1.25895569026649,26,-86,0.001869,51,2023-10-08 04:01:48.000431,316,1.037,0.0011,"aoml_navis",1028.29327878645
"7901009",13,0,1,0.022428,1,0,1,116.629756514551,1,4.86232763669455,318,1,12.9020004272461,35.6259994506836,0.0224280003458261,0,112.468002319336,-86.4599,25.751,59.6022722384137,63,63,63,63,61,63,0,8047,1.25895569026649,26,-86,0.001869,51,2023-10-08 04:01:48.000431,318,1.037,0.0011,"aoml_navis",1028.31408609047
"7901009",13,0,1,0.028035,1,0.005607,1,116.596464031092,1,4.86220381204981,320,1,12.7239999771118,35.601001739502,0.0280349999666214,0,112.435897827148,-86.4599,25.751,59.6022722384137,63,63,63,63,61,63,0,8047,1.25895569026649,26,-86,0.001869,51,2023-10-08 04:01:48.000431,320,1.037,0.0011,"aoml_navis",1028.34027393272
"7901009",13,0,1,0.020559,1,-0.001869,1,116.274995355262,1,4.86215544581086,322,1,12.6909999847412,35.5940017700195,0.020558999851346,0,112.125900268555,-86.4599,25.751,59.6022722384137,63,63,63,63,61,63,0,8047,1.25895569026649,26,-86,0.001869,51,2023-10-08 04:01:48.000431,322,1.037,0.0011,"aoml_navis",1028.35050333652
"7901009",13,0,1,0.022428,1,0,1,115.998837053188,1,4.86208120605586,324,1,12.6160001754761,35.5830001831055,0.0224280003458261,0,111.859596252441,-86.4599,25.751,59.6022722384137,63,63,63,63,61,63,0,8047,1.25895569026649,26,-86,0.001869,51,2023-10-08 04:01:48.000431,324,1.037,0.0011,"aoml_navis",1028.3662053551
"7901009",13,0,1,0.024297,1,0.001869,1,115.819850396038,1,4.86199434414655,326,1,12.5200004577637,35.5699996948242,0.0242970008403063,0,111.686996459961,-86.4599,25.751,59.6022722384137,63,63,63,63,61,63,0,8047,1.25895569026649,26,-86,0.001869,51,2023-10-08 04:01:48.000431,326,1.037,0.0011,"aoml_navis",1028.38457762083
"7901009",13,0,1,0.024297,1,0.001869,1,115.339308841781,1,4.86194757428449,328,1,12.496000289917,35.564998626709,0.0242970008403063,0,111.223602294922,-86.4599,25.751,59.6022722384137,63,63,63,63,61,63,0,8047,1.25895569026649,26,-86,0.001869,51,2023-10-08 04:01:48.000431,328,1.037,0.0011,"aoml_navis",1028.39447024186
"7901009",13,0,1,0.022428,1,0,1,114.797261639613,1,4.86188593570397,330,1,12.4449996948242,35.556999206543,0.0224280003458261,0,110.700897216797,-86.4599,25.751,59.6022722384137,63,63,63,63,61,63,0,8047,1.25895569026649,26,-86,0.001869,51,2023-10-08 04:01:48.000431,330,1.037,0.0011,"aoml_navis",1028.40750814036
"7901009",13,0,1,0.024297,1,0.001869,1,114.32127723138,1,4.86183395985962,332,1,12.4040002822876,35.548999786377,0.0242970008403063,0,110.241897583008,-86.4599,25.751,59.6022722384137,63,63,63,63,61,63,0,8047,1.25895569026649,26,-86,0.001869,51,2023-10-08 04:01:48.000431,332,1.037,0.0011,"aoml_navis",1028.41850241722
"7901009",13,0,1,0.026166,1,0.003738,1,114.328745887365,1,4.86171972173228,334,1,12.2589998245239,35.5309982299805,0.0261659994721413,0,110.249099731445,-86.4599,25.751,59.6022722384137,63,63,63,63,61,63,0,8047,1.25895569026649,26,-86,0.001869,51,2023-10-08 04:01:48.000431,334,1.037,0.0011,"aoml_navis",1028.44266765309
"7901009",13,0,1,0.026166,1,0.003738,1,114.12880901724,1,4.86165455965594,336,1,12.1960000991821,35.5209999084473,0.0261659994721413,0,110.056297302246,-86.4599,25.751,59.6022722384137,63,63,63,63,61,63,0,8047,1.25895569026649,26,-86,0.001869,51,2023-10-08 04:01:48.000431,336,1.037,0.0011,"aoml_navis",1028.45645214946
"7901009",13,0,1,0.026166,1,0.003738,1,113.69576146921,1,4.86160561727691,338,1,12.1809997558594,35.5190010070801,0.0261659994721413,0,109.638702392578,-86.4599,25.751,59.6022722384137,63,63,63,63,61,63,0,8047,1.25895569026649,26,-86,0.001869,51,2023-10-08 04:01:48.000431,338,1.037,0.0011,"aoml_navis",1028.4668057465
"7901009",13,0,1,0.024297,1,0.001869,1,113.561048751564,1,4.86154488882945,340,1,12.1379995346069,35.5130004882812,0.0242970008403063,0,109.508796691895,-86.4599,25.751,59.6022722384137,63,63,63,63,61,63,0,8047,1.25895569026649,26,-86,0.001869,51,2023-10-08 04:01:48.000431,340,1.037,0.0011,"aoml_navis",1028.4796529368
"7901009",13,0,1,0.024297,1,0.001869,1,113.680207043715,1,4.86148308063605,342,1,12.0860004425049,35.5050010681152,0.0242970008403063,0,109.62370300293,-86.4599,25.751,59.6022722384137,63,63,63,63,61,63,0,8047,1.25895569026649,26,-86,0.001869,51,2023-10-08 04:01:48.000431,342,1.037,0.0011,"aoml_navis",1028.49272887849
"7901009",13,0,1,0.029904,1,0.007476,1,113.668901207484,1,4.86142440038859,344,1,12.0450000762939,35.4990005493164,0.0299040004611015,0,109.612800598145,-86.4599,25.751,59.6022722384137,63,63,63,63,61,63,0,8047,1.25895569026649,26,-86,0.001869,51,2023-10-08 04:01:48.000431,344,1.037,0.0011,"aoml_navis",1028.50514338973
"7901009",13,0,1,0.028035,1,0.005607,1,113.670974075988,1,4.86136270439156,346,1,11.9890003204346,35.4900016784668,0.0280349999666214,0,109.614799499512,-86.4599,25.751,59.6022722384137,63,63,63,63,61,63,0,8047,1.25895569026649,26,-86,0.001869,51,2023-10-08 04:01:48.000431,346,1.037,0.0011,"aoml_navis",1028.51819624222
"7901009",13,0,1,0.024297,1,0.001869,1,113.516671959806,1,4.86129632698434,348,1,11.9200000762939,35.4790000915527,0.0242970008403063,0,109.466003417969,-86.4599,25.751,59.6022722384137,63,63,63,63,61,63,0,8047,1.25895569026649,26,-86,0.001869,51,2023-10-08 04:01:48.000431,348,1.037,0.0011,"aoml_navis",1028.53223989777
"7901009",13,0,1,0.024297,1,0.001869,1,113.237712911738,1,4.86123779403496,350,1,11.871000289917,35.4710006713867,0.0242970008403063,0,109.196998596191,-86.4599,25.751,59.6022722384137,63,63,63,63,61,63,0,8047,1.25895569026649,26,-86,0.001869,51,2023-10-08 04:01:48.000431,350,1.037,0.0011,"aoml_navis",1028.54462419742
"7901009",13,0,1,0.029904,1,0.007476,1,112.669438384791,1,4.8611886064589,352.100006103516,1,11.8459997177124,35.4659996032715,0.0299040004611015,0,108.649002075195,-86.4599,25.751,59.6022722384137,63,63,63,63,61,63,0,8047,1.25895569026649,26,-86,0.001869,51,2023-10-08 04:01:48.000431,352.100006103516,1.037,0.0011,"aoml_navis",1028.55503144985
"7901009",13,0,1,0.028035,1,0.005607,1,112.547590110612,1,4.8611031561364,354.100006103516,1,11.7559995651245,35.4550018310547,0.0280349999666214,0,108.53150177002,-86.4599,25.751,59.6022722384137,63,63,63,63,61,63,0,8047,1.25895569026649,26,-86,0.001869,51,2023-10-08 04:01:48.000431,354.100006103516,1.037,0.0011,"aoml_navis",1028.57311178189
"7901009",13,0,1,0.026166,1,0.003738,1,112.58824048609,1,4.86103492745636,356,1,11.6780004501343,35.443000793457,0.0261659994721413,0,108.570701599121,-86.4599,25.751,59.6022722384137,63,63,63,63,61,63,0,8047,1.25895569026649,26,-86,0.001869,51,2023-10-08 04:01:48.000431,356,1.037,0.0011,"aoml_navis",1028.5875486635
"7901009",13,0,1,0.028035,1,0.005607,1,112.57724320662,1,4.86095474025,358,1,11.58899974823,35.4309997558594,0.0280349999666214,0,108.560096740723,-86.4599,25.751,59.6022722384137,63,63,63,63,61,63,0,8047,1.25895569026649,26,-86,0.001869,51,2023-10-08 04:01:48.000431,358,1.037,0.0011,"aoml_navis",1028.6045164335
"7901009",13,0,1,0.026166,1,0.003738,1,112.649318901561,1,4.86088680277644,360,1,11.5209999084473,35.4210014343262,0.0261659994721413,0,108.629600524902,-86.4599,25.751,59.6022722384137,63,63,63,63,61,63,0,8047,1.25895569026649,26,-86,0.001869,51,2023-10-08 04:01:48.000431,360,1.037,0.0011,"aoml_navis",1028.61889257411
"7901009",13,0,1,0.028035,1,0.005607,1,112.588651895106,1,4.86083458567781,362,1,11.4860000610352,35.4150009155273,0.0280349999666214,0,108.571098327637,-86.4599,25.751,59.6022722384137,63,63,63,63,61,63,0,8047,1.25895569026649,26,-86,0.001869,51,2023-10-08 04:01:48.000431,362,1.037,0.0011,"aoml_navis",1028.62994242434
"7901009",13,0,1,0.028035,1,0.005607,1,112.679913491279,1,4.86076061546179,364,1,11.4029998779297,35.4029998779297,0.0280349999666214,0,108.659103393555,-86.4599,25.751,59.6022722384137,63,63,63,63,61,63,0,8047,1.25895569026649,26,-86,0.001869,51,2023-10-08 04:01:48.000431,364,1.037,0.0011,"aoml_navis",1028.64559593725
"7901009",13,0,4,0.01869,1,-0.003738,1,112.549971535878,1,4.86070592084923,366,1,11.3529996871948,35.3940010070801,0.0186899993568659,0,108.533798217773,-86.4599,25.751,59.6022722384137,63,63,63,63,61,63,0,8047,1.25895569026649,26,-86,0.001869,51,2023-10-08 04:01:48.000431,366,1.037,0.0011,"aoml_navis",1028.65717067006
"7901009",13,0,1,0.026166,1,0.003738,1,112.350976159463,1,4.86061895513644,368,1,11.2469997406006,35.3800010681152,0.0261659994721413,0,108.341903686523,-86.4599,25.751,59.6022722384137,63,63,63,63,61,63,0,8047,1.25895569026649,26,-86,0.001869,51,2023-10-08 04:01:48.000431,368,1.037,0.0011,"aoml_navis",1028.67557530225
"7901009",13,0,1,0.028035,1,0.005607,1,112.319550840001,1,4.86052912242591,370,1,11.125,35.3629989624023,0.0280349999666214,0,108.311599731445,-86.4599,25.751,59.6022722384137,63,63,63,63,61,63,0,8047,1.25895569026649,26,-86,0.001869,51,2023-10-08 04:01:48.000431,370,1.037,0.0011,"aoml_navis",1028.69458737128
"7901009",13,0,1,0.028035,1,0.005607,1,112.16088937059,1,4.86048018345229,372,1,11.0930004119873,35.3569984436035,0.0280349999666214,0,108.158599853516,-86.4599,25.751,59.6022722384137,63,63,63,63,61,63,0,8047,1.25895569026649,26,-86,0.001869,51,2023-10-08 04:01:48.000431,372,1.037,0.0011,"aoml_navis",1028.70494504282
"7901009",13,0,1,0.026166,1,0.003738,1,111.957431788693,1,4.86043282068019,374,1,11.0749998092651,35.3540000915527,0.0261659994721413,0,107.96240234375,-86.4599,25.751,59.6022722384137,63,63,63,63,61,63,0,8047,1.25895569026649,26,-86,0.001869,51,2023-10-08 04:01:48.000431,374,1.037,0.0011,"aoml_navis",1028.71496931837
"7901009",13,0,1,0.026166,1,0.003738,1,111.944053083957,1,4.86036622703431,376,1,11.0150003433228,35.3460006713867,0.0261659994721413,0,107.949501037598,-86.4599,25.751,59.6022722384137,63,63,63,63,61,63,0,8047,1.25895569026649,26,-86,0.001869,51,2023-10-08 04:01:48.000431,376,1.037,0.0011,"aoml_navis",1028.72906411641
"7901009",13,0,1,0.031773,1,0.009345,1,111.851446496769,1,4.86031306563724,378,1,10.9739999771118,35.3390007019043,0.0317730009555817,0,107.860198974609,-86.4599,25.751,59.6022722384137,63,63,63,63,61,63,0,8047,1.25895569026649,26,-86,0.001869,51,2023-10-08 04:01:48.000431,378,1.037,0.0011,"aoml_navis",1028.74031620522
"7901009",13,0,1,0.024297,1,0.001869,1,111.775850090056,1,4.86025442156307,380,1,10.9350004196167,35.3339996337891,0.0242970008403063,0,107.787300109863,-86.4599,25.751,59.6022722384137,63,63,63,63,61,63,0,8047,1.25895569026649,26,-86,0.001869,51,2023-10-08 04:01:48.000431,380,1.037,0.0011,"aoml_navis",1028.75272903759
"7901009",13,0,1,0.029904,1,0.007476,1,111.604640645654,1,4.86019873049463,382,1,10.8909997940063,35.3269996643066,0.0299040004611015,0,107.622200012207,-86.4599,25.751,59.6022722384137,63,63,63,63,61,63,0,8047,1.25895569026649,26,-86,0.001869,51,2023-10-08 04:01:48.000431,382,1.037,0.0011,"aoml_navis",1028.76451710261
"7901009",13,0,1,0.028035,1,0.005607,1,111.642593127391,1,4.8601283044302,384,1,10.8219995498657,35.318000793457,0.0280349999666214,0,107.658798217773,-86.4599,25.751,59.6022722384137,63,63,63,63,61,63,0,8047,1.25895569026649,26,-86,0.001869,51,2023-10-08 04:01:48.000431,384,1.037,0.0011,"aoml_navis",1028.77942449427
"7901009",13,0,1,0.026166,1,0.003738,1,111.652759677117,1,4.86006929269351,386,1,10.7740001678467,35.3110008239746,0.0261659994721413,0,107.668601989746,-86.4599,25.751,59.6022722384137,63,63,63,63,61,63,0,8047,1.25895569026649,26,-86,0.001869,51,2023-10-08 04:01:48.000431,386,1.037,0.0011,"aoml_navis",1028.79191609816
"7901009",13,0,1,0.024297,1,0.001869,1,111.70066509236,1,4.86000099377233,388,1,10.7069997787476,35.3019981384277,0.0242970008403063,0,107.714797973633,-86.4599,25.751,59.6022722384137,63,63,63,63,61,63,0,8047,1.25895569026649,26,-86,0.001869,51,2023-10-08 04:01:48.000431,388,1.037,0.0011,"aoml_navis",1028.80637399191
"7901009",13,0,1,0.024297,1,0.001869,1,111.915744978963,1,4.85991793523505,390,1,10.6020002365112,35.2879981994629,0.0242970008403063,0,107.922203063965,-86.4599,25.751,59.6022722384137,63,63,63,63,61,63,0,8047,1.25895569026649,26,-86,0.001869,51,2023-10-08 04:01:48.000431,390,1.037,0.0011,"aoml_navis",1028.82395683049
"7901009",13,0,1,0.028035,1,0.005607,1,111.814324744776,1,4.85986987087736,391.899993896484,1,10.5719995498657,35.2830009460449,0.0280349999666214,0,107.824401855469,-86.4599,25.751,59.6022722384137,63,63,63,63,61,63,0,8047,1.25895569026649,26,-86,0.001869,51,2023-10-08 04:01:48.000431,391.899993896484,1.037,0.0011,"aoml_navis",1028.83413195122
"7901009",13,0,1,0.024297,1,0.001869,1,111.630361620873,1,4.85981221331077,394,1,10.539999961853,35.2789993286133,0.0242970008403063,0,107.647003173828,-86.4599,25.751,59.6022722384137,63,63,63,63,61,63,0,8047,1.25895569026649,26,-86,0.001869,51,2023-10-08 04:01:48.000431,394,1.037,0.0011,"aoml_navis",1028.84633819909
"7901009",13,0,1,0.026166,1,0.003738,1,111.486526699467,1,4.8597518544225,396,1,10.4940004348755,35.2729988098145,0.0261659994721413,0,107.50830078125,-86.4599,25.751,59.6022722384137,63,63,63,63,61,63,0,8047,1.25895569026649,26,-86,0.001869,51,2023-10-08 04:01:48.000431,396,1.037,0.0011,"aoml_navis",1028.85911663368
"7901009",13,0,1,0.024297,1,0.001869,1,111.447640635731,1,4.85968656849658,398,1,10.4379997253418,35.265998840332,0.0242970008403063,0,107.470802307129,-86.4599,25.751,59.6022722384137,63,63,63,63,61,63,0,8047,1.25895569026649,26,-86,0.001869,51,2023-10-08 04:01:48.000431,398,1.037,0.0011,"aoml_navis",1028.87293851686
"7901009",13,0,1,0.028035,1,0.005607,1,111.418810357755,1,4.85963334119464,400,1,10.3999996185303,35.2599983215332,0.0280349999666214,0,107.443000793457,-86.4599,25.751,59.6022722384137,63,63,63,63,61,63,0,8047,1.25895569026649,26,-86,0.001869,51,2023-10-08 04:01:48.000431,400,1.037,0.0011,"aoml_navis",1028.88420770668
"7901009",13,0,4,0.016821,1,-0.005607,1,111.3542033188,1,4.85958691216967,402,1,10.3909997940063,35.2589988708496,0.0168210007250309,0,107.380699157715,-86.4599,25.751,59.6022722384137,63,63,63,63,61,63,0,8047,1.25895569026649,26,-86,0.001869,51,2023-10-08 04:01:48.000431,402,1.037,0.0011,"aoml_navis",1028.89403777895
"7901009",13,0,1,0.029904,1,0.007476,1,111.298409926844,1,4.85954415725268,404,1,10.3819999694824,35.2569999694824,0.0299040004611015,0,107.32689666748,-86.4599,25.751,59.6022722384137,63,63,63,63,61,63,0,8047,1.25895569026649,26,-86,0.001869,51,2023-10-08 04:01:48.000431,404,1.037,0.0011,"aoml_navis",1028.90309012579
"7901009",13,0,1,0.031773,1,0.009345,1,111.263155338846,1,4.85949274861662,406,1,10.3629999160767,35.2550010681152,0.0317730009555817,0,107.292900085449,-86.4599,25.751,59.6022722384137,63,63,63,63,61,63,0,8047,1.25895569026649,26,-86,0.001869,51,2023-10-08 04:01:48.000431,406,1.037,0.0011,"aoml_navis",1028.91397490476
"7901009",13,0,1,0.029904,1,0.007476,1,111.296962083575,1,4.85944659400423,408.100006103516,1,10.3439998626709,35.2509994506836,0.0299040004611015,0,107.325500488281,-86.4599,25.751,59.6022722384137,63,63,63,63,61,63,0,8047,1.25895569026649,26,-86,0.001869,51,2023-10-08 04:01:48.000431,408.100006103516,1.037,0.0011,"aoml_navis",1028.9237474426
"7901009",13,0,4,0.020559,1,-0.001869,1,111.334297451789,1,4.85939907255036,410,1,10.3100004196167,35.2449989318848,0.020558999851346,0,107.361503601074,-86.4599,25.751,59.6022722384137,63,63,63,63,61,63,0,8047,1.25895569026649,26,-86,0.001869,51,2023-10-08 04:01:48.000431,410,1.037,0.0011,"aoml_navis",1028.93380958231
"7901009",13,0,1,0.026166,1,0.003738,1,111.495031789704,1,4.85932646311781,412,1,10.2449998855591,35.2379989624023,0.0261659994721413,0,107.516502380371,-86.4599,25.751,59.6022722384137,63,63,63,63,61,63,0,8047,1.25895569026649,26,-86,0.001869,51,2023-10-08 04:01:48.000431,412,1.037,0.0011,"aoml_navis",1028.94918420277
"7901009",13,0,1,0.026166,1,0.003738,1,111.453962093498,1,4.85927945203963,414,1,10.2309999465942,35.2360000610352,0.0261659994721413,0,107.476898193359,-86.4599,25.751,59.6022722384137,63,63,63,63,61,63,0,8047,1.25895569026649,26,-86,0.001869,51,2023-10-08 04:01:48.000431,414,1.037,0.0011,"aoml_navis",1028.95913876723
"7901009",13,0,1,0.029904,1,0.007476,1,111.350674695315,1,4.85923909101466,416,1,10.2290000915527,35.2350006103516,0.0299040004611015,0,107.377296447754,-86.4599,25.751,59.6022722384137,63,63,63,63,61,63,0,8047,1.25895569026649,26,-86,0.001869,51,2023-10-08 04:01:48.000431,416,1.037,0.0011,"aoml_navis",1028.96768534103
"7901009",13,0,1,0.026166,1,0.003738,1,111.257450994604,1,4.85920131105805,418,1,10.2299995422363,35.234001159668,0.0261659994721413,0,107.287399291992,-86.4599,25.751,59.6022722384137,63,63,63,63,61,63,0,8047,1.25895569026649,26,-86,0.001869,51,2023-10-08 04:01:48.000431,418,1.037,0.0011,"aoml_navis",1028.97568549414
"7901009",13,0,1,0.028035,1,0.005607,1,111.222504963369,1,4.85913699811315,420,1,10.1829996109009,35.2290000915527,0.0280349999666214,0,107.253700256348,-86.4599,25.751,59.6022722384137,63,63,63,63,61,63,0,8047,1.25895569026649,26,-86,0.001869,51,2023-10-08 04:01:48.000431,420,1.037,0.0011,"aoml_navis",1028.98930446735
"7901009",13,0,1,0.026166,1,0.003738,1,111.343831064566,1,4.85907046075381,422,1,10.128999710083,35.2229995727539,0.0261659994721413,0,107.370697021484,-86.4599,25.751,59.6022722384137,63,63,63,63,61,63,0,8047,1.25895569026649,26,-86,0.001869,51,2023-10-08 04:01:48.000431,422,1.037,0.0011,"aoml_navis",1029.00339486419
"7901009",13,0,1,0.029904,1,0.007476,1,111.501044690709,1,4.859010281145,424,1,10.0780000686646,35.2159996032715,0.0299040004611015,0,107.522300720215,-86.4599,25.751,59.6022722384137,63,63,63,63,61,63,0,8047,1.25895569026649,26,-86,0.001869,51,2023-10-08 04:01:48.000431,424,1.037,0.0011,"aoml_navis",1029.01613923356
"7901009",13,0,4,0.024297,1,0.001869,1,111.545840803195,1,4.85896160056535,426,1,10.048999786377,35.2109985351562,0.0242970008403063,0,107.565498352051,-86.4599,25.751,59.6022722384137,63,63,63,63,61,63,0,8047,1.25895569026649,26,-86,0.001869,51,2023-10-08 04:01:48.000431,426,1.037,0.0011,"aoml_navis",1029.02644865896
"7901009",13,0,1,0.029904,1,0.007476,1,111.626524440627,1,4.85891181986766,428,1,10.0229997634888,35.2070007324219,0.0299040004611015,0,107.64330291748,-86.4599,25.751,59.6022722384137,63,63,63,63,61,63,0,8047,1.25895569026649,26,-86,0.001869,51,2023-10-08 04:01:48.000431,428,1.037,0.0011,"aoml_navis",1029.03699127764
"7901009",13,0,1,0.029904,1,0.007476,1,111.634507357882,1,4.85886577250751,430,1,10.0100002288818,35.2050018310547,0.0299040004611015,0,107.651000976562,-86.4599,25.751,59.6022722384137,63,63,63,63,61,63,0,8047,1.25895569026649,26,-86,0.001869,51,2023-10-08 04:01:48.000431,430,1.037,0.0011,"aoml_navis",1029.04674343775
"7901009",13,0,1,0.024297,1,0.001869,1,111.553720868196,1,4.8588234170633,432,1,9.99699974060059,35.2019996643066,0.0242970008403063,0,107.573097229004,-86.4599,25.751,59.6022722384137,63,63,63,63,61,63,0,8047,1.25895569026649,26,-86,0.001869,51,2023-10-08 04:01:48.000431,432,1.037,0.0011,"aoml_navis",1029.05571386705
"7901009",13,0,1,0.024297,1,0.001869,1,111.541070040951,1,4.85877198976954,434,1,9.9689998626709,35.1980018615723,0.0242970008403063,0,107.560897827148,-86.4599,25.751,59.6022722384137,63,63,63,63,61,63,0,8047,1.25895569026649,26,-86,0.001869,51,2023-10-08 04:01:48.000431,434,1.037,0.0011,"aoml_navis",1029.06660582712
"7901009",13,0,1,0.028035,1,0.005607,1,111.495237494212,1,4.8587194796503,436,1,9.93099975585938,35.1920013427734,0.0280349999666214,0,107.516700744629,-86.4599,25.751,59.6022722384137,63,63,63,63,61,63,0,8047,1.25895569026649,26,-86,0.001869,51,2023-10-08 04:01:48.000431,436,1.037,0.0011,"aoml_navis",1029.07772736035
"7901009",13,0,1,0.026166,1,0.003738,1,111.519399862197,1,4.85865139162405,438.100006103516,1,9.8769998550415,35.1860008239746,0.0261659994721413,0,107.540000915527,-86.4599,25.751,59.6022722384137,63,63,63,63,61,63,0,8047,1.25895569026649,26,-86,0.001869,51,2023-10-08 04:01:48.000431,438.100006103516,1.037,0.0011,"aoml_navis",1029.0921486196
"7901009",13,0,1,0.028035,1,0.005607,1,111.583381875917,1,4.85859103399107,440,1,9.82699966430664,35.1800003051758,0.0280349999666214,0,107.601699829102,-86.4599,25.751,59.6022722384137,63,63,63,63,61,63,0,8047,1.25895569026649,26,-86,0.001869,51,2023-10-08 04:01:48.000431,440,1.037,0.0011,"aoml_navis",1029.10493289508
"7901009",13,0,1,0.028035,1,0.005607,1,111.570319639655,1,4.85854455631969,442,1,9.80900001525879,35.1769981384277,0.0280349999666214,0,107.58910369873,-86.4599,25.751,59.6022722384137,63,63,63,63,61,63,0,8047,1.25895569026649,26,-86,0.001869,51,2023-10-08 04:01:48.000431,442,1.037,0.0011,"aoml_navis",1029.11477748955
"7901009",13,0,1,0.026166,1,0.003738,1,111.628280840657,1,4.85849029307548,444,1,9.77299976348877,35.1720008850098,0.0261659994721413,0,107.644996643066,-86.4599,25.751,59.6022722384137,63,63,63,63,61,63,0,8047,1.25895569026649,26,-86,0.001869,51,2023-10-08 04:01:48.000431,444,1.037,0.0011,"aoml_navis",1029.12627141114
"7901009",13,0,1,0.024297,1,0.001869,1,111.78819236054,1,4.85842952055811,446,1,9.71599960327148,35.1640014648438,0.0242970008403063,0,107.799201965332,-86.4599,25.751,59.6022722384137,63,63,63,63,61,63,0,8047,1.25895569026649,26,-86,0.001869,51,2023-10-08 04:01:48.000431,446,1.037,0.0011,"aoml_navis",1029.13914441752
"7901009",13,0,1,0.024297,1,0.001869,1,111.865758783503,1,4.85837206903523,448,1,9.67599964141846,35.1590003967285,0.0242970008403063,0,107.874000549316,-86.4599,25.751,59.6022722384137,63,63,63,63,61,63,0,8047,1.25895569026649,26,-86,0.001869,51,2023-10-08 04:01:48.000431,448,1.037,0.0011,"aoml_navis",1029.1513142576
"7901009",13,0,1,0.028035,1,0.005607,1,112.001088614673,1,4.85830487387488,450,1,9.61100006103516,35.1510009765625,0.0280349999666214,0,108.004501342773,-86.4599,25.751,59.6022722384137,63,63,63,63,61,63,0,8047,1.25895569026649,26,-86,0.001869,51,2023-10-08 04:01:48.000431,450,1.037,0.0011,"aoml_navis",1029.16554843791
"7901009",13,0,1,0.033642,1,0.011214,1,111.921030002477,1,4.85825591466083,452,1,9.58100032806396,35.1459999084473,0.0336420014500618,0,107.927299499512,-86.4599,25.751,59.6022722384137,63,63,63,63,61,63,0,8047,1.25895569026649,26,-86,0.001869,51,2023-10-08 04:01:48.000431,452,1.037,0.0011,"aoml_navis",1029.17591988339
"7901009",13,0,1,0.028035,1,0.005607,1,111.98066057468,1,4.85819381592253,454,1,9.54399967193604,35.1430015563965,0.0280349999666214,0,107.984802246094,-86.4599,25.751,59.6022722384137,63,63,63,63,61,63,0,8047,1.25895569026649,26,-86,0.001869,51,2023-10-08 04:01:48.000431,454,1.037,0.0011,"aoml_navis",1029.18907508645
"7901009",13,0,1,0.028035,1,0.005607,1,111.964275419442,1,4.85814338906963,456,1,9.52099990844727,35.1399993896484,0.0280349999666214,0,107.96900177002,-86.4599,25.751,59.6022722384137,63,63,63,63,61,63,0,8047,1.25895569026649,26,-86,0.001869,51,2023-10-08 04:01:48.000431,456,1.037,0.0011,"aoml_navis",1029.19975792595
"7901009",13,0,1,0.026166,1,0.003738,1,111.927873633226,1,4.85810006099207,458,1,9.51099967956543,35.1380004882812,0.0261659994721413,0,107.933898925781,-86.4599,25.751,59.6022722384137,63,63,63,63,61,63,0,8047,1.25895569026649,26,-86,0.001869,51,2023-10-08 04:01:48.000431,458,1.037,0.0011,"aoml_navis",1029.2089370796
"7901009",13,0,1,0.031773,1,0.009345,1,111.928079337734,1,4.85805131777203,460,1,9.48999977111816,35.1349983215332,0.0317730009555817,0,107.934097290039,-86.4599,25.751,59.6022722384137,63,63,63,63,61,63,0,8047,1.25895569026649,26,-86,0.001869,51,2023-10-08 04:01:48.000431,460,1.037,0.0011,"aoml_navis",1029.21926363945
"7901009",13,0,1,0.029904,1,0.007476,1,112.067871374387,1,4.85799046915204,462,1,9.44099998474121,35.1290016174316,0.0299040004611015,0,108.068901062012,-86.4599,25.751,59.6022722384137,63,63,63,63,61,63,0,8047,1.25895569026649,26,-86,0.001869,51,2023-10-08 04:01:48.000431,462,1.037,0.0011,"aoml_navis",1029.23215509576
"7901009",13,0,1,0.029904,1,0.007476,1,112.271020399522,1,4.85791900207737,464,1,9.36999988555908,35.1209983825684,0.0299040004611015,0,108.264801025391,-86.4599,25.751,59.6022722384137,63,63,63,63,61,63,0,8047,1.25895569026649,26,-86,0.001869,51,2023-10-08 04:01:48.000431,464,1.037,0.0011,"aoml_navis",1029.24729660208
"7901009",13,0,1,0.033642,1,0.011214,1,112.393905107954,1,4.85786293729568,466,1,9.33100032806396,35.1160011291504,0.0336420014500618,0,108.38330078125,-86.4599,25.751,59.6022722384137,63,63,63,63,61,63,0,8047,1.25895569026649,26,-86,0.001869,51,2023-10-08 04:01:48.000431,466,1.037,0.0011,"aoml_navis",1029.25917518444
"7901009",13,0,1,0.028035,1,0.005607,1,112.417861771431,1,4.85781844238181,468,1,9.3149995803833,35.1129989624023,0.0280349999666214,0,108.406402587891,-86.4599,25.751,59.6022722384137,63,63,63,63,61,63,0,8047,1.25895569026649,26,-86,0.001869,51,2023-10-08 04:01:48.000431,468,1.037,0.0011,"aoml_navis",1029.26860262576
"7901009",13,0,1,0.031773,1,0.009345,1,112.485261644669,1,4.85776533607169,470,1,9.28400039672852,35.109001159668,0.0317730009555817,0,108.471397399902,-86.4599,25.751,59.6022722384137,63,63,63,63,61,63,0,8047,1.25895569026649,26,-86,0.001869,51,2023-10-08 04:01:48.000431,470,1.037,0.0011,"aoml_navis",1029.27985484851
"7901009",13,0,1,0.024297,1,0.001869,1,112.532969267116,1,4.85770737872628,472,1,9.24699974060059,35.1049995422363,0.0242970008403063,0,108.517402648926,-86.4599,25.751,59.6022722384137,63,63,63,63,61,63,0,8047,1.25895569026649,26,-86,0.001869,51,2023-10-08 04:01:48.000431,472,1.037,0.0011,"aoml_navis",1029.29213519465
"7901009",13,0,1,0.022428,1,0,1,112.636043049079,1,4.85764542330905,474,1,9.19600009918213,35.0989990234375,0.0224280003458261,0,108.616798400879,-86.4599,25.751,59.6022722384137,63,63,63,63,61,63,0,8047,1.25895569026649,26,-86,0.001869,51,2023-10-08 04:01:48.000431,474,1.037,0.0011,"aoml_navis",1029.30526300003
"7901009",13,0,1,0.026166,1,0.003738,1,112.651494622319,1,4.85759246844212,476,1,9.16499996185303,35.0950012207031,0.0261659994721413,0,108.631698608398,-86.4599,25.751,59.6022722384137,63,63,63,63,61,63,0,8047,1.25895569026649,26,-86,0.001869,51,2023-10-08 04:01:48.000431,476,1.037,0.0011,"aoml_navis",1029.31648393377
"7901009",13,0,1,0.029904,1,0.007476,1,112.558373773861,1,4.85754520936234,478,1,9.14999961853027,35.0929985046387,0.0299040004611015,0,108.541900634766,-86.4599,25.751,59.6022722384137,63,63,63,63,61,63,0,8047,1.25895569026649,26,-86,0.001869,51,2023-10-08 04:01:48.000431,478,1.037,0.0011,"aoml_navis",1029.3264981586
"7901009",13,0,1,0.028035,1,0.005607,1,112.560343790112,1,4.85748126611937,480.100006103516,1,9.10799980163574,35.0890007019043,0.0280349999666214,0,108.543800354004,-86.4599,25.751,59.6022722384137,63,63,63,63,61,63,0,8047,1.25895569026649,26,-86,0.001869,51,2023-10-08 04:01:48.000431,480.100006103516,1.037,0.0011,"aoml_navis",1029.34004807691
"7901009",13,0,1,0.029904,1,0.007476,1,112.497501062899,1,4.85742475720804,482.100006103516,1,9.07699966430664,35.0859985351562,0.0299040004611015,0,108.483200073242,-86.4599,25.751,59.6022722384137,63,63,63,63,61,63,0,8047,1.25895569026649,26,-86,0.001869,51,2023-10-08 04:01:48.000431,482.100006103516,1.037,0.0011,"aoml_navis",1029.35202291716
"7901009",13,0,1,0.029904,1,0.007476,1,112.298394922518,1,4.85738032885216,484.100006103516,1,9.06999969482422,35.0849990844727,0.0299040004611015,0,108.291198730469,-86.4599,25.751,59.6022722384137,63,63,63,63,61,63,0,8047,1.25895569026649,26,-86,0.001869,51,2023-10-08 04:01:48.000431,484.100006103516,1.037,0.0011,"aoml_navis",1029.36143795467
"7901009",13,0,4,0.022428,1,0,1,112.1179604221,1,4.85733199549752,486,1,9.05099964141846,35.0830001831055,0.0224280003458261,0,108.117202758789,-86.4599,25.751,59.6022722384137,63,63,63,63,61,63,0,8047,1.25895569026649,26,-86,0.001869,51,2023-10-08 04:01:48.000431,486,1.037,0.0011,"aoml_navis",1029.37168071582
"7901009",13,0,1,0.028035,1,0.005607,1,111.903711265241,1,4.85727715568603,488,1,9.02200031280518,35.0800018310547,0.0280349999666214,0,107.910598754883,-86.4599,25.751,59.6022722384137,63,63,63,63,61,63,0,8047,1.25895569026649,26,-86,0.001869,51,2023-10-08 04:01:48.000431,488,1.037,0.0011,"aoml_navis",1029.38330256631
"7901009",13,0,1,0.029904,1,0.007476,1,111.924970034978,1,4.85719624636956,490,1,8.95600032806396,35.076000213623,0.0299040004611015,0,107.931098937988,-86.4599,25.751,59.6022722384137,63,63,63,63,61,63,0,8047,1.25895569026649,26,-86,0.001869,51,2023-10-08 04:01:48.000431,490,1.037,0.0011,"aoml_navis",1029.40044963948
"7901009",13,0,1,0.03738,1,0.014952,1,111.840140660538,1,4.85714828495033,492,1,8.9399995803833,35.0740013122559,0.0373799987137318,0,107.849296569824,-86.4599,25.751,59.6022722384137,63,63,63,63,61,63,0,8047,1.25895569026649,26,-86,0.001869,51,2023-10-08 04:01:48.000431,492,1.037,0.0011,"aoml_navis",1029.41061435005
"7901009",13,0,1,0.028035,1,0.005607,1,111.763927140301,1,4.85709920867536,494,1,8.91800022125244,35.0709991455078,0.0280349999666214,0,107.775802612305,-86.4599,25.751,59.6022722384137,63,63,63,63,61,63,0,8047,1.25895569026649,26,-86,0.001869,51,2023-10-08 04:01:48.000431,494,1.037,0.0011,"aoml_navis",1029.42101554553
"7901009",13,0,1,0.026166,1,0.003738,1,111.88701755324,1,4.85702465446964,496,1,8.85499954223633,35.0660018920898,0.0261659994721413,0,107.894500732422,-86.4599,25.751,59.6022722384137,63,63,63,63,61,63,0,8047,1.25895569026649,26,-86,0.001869,51,2023-10-08 04:01:48.000431,496,1.037,0.0011,"aoml_navis",1029.43681692017
"7901009",13,0,1,0.026166,1,0.003738,1,112.151039289339,1,4.8569605472112,498,1,8.79100036621094,35.0579986572266,0.0261659994721413,0,108.149101257324,-86.4599,25.751,59.6022722384137,63,63,63,63,61,63,0,8047,1.25895569026649,26,-86,0.001869,51,2023-10-08 04:01:48.000431,498,1.037,0.0011,"aoml_navis",1029.45040450677
"7901009",13,0,1,0.028035,1,0.005607,1,112.542510791605,1,4.85686591310218,500,1,8.67899990081787,35.0480003356934,0.0280349999666214,0,108.52660369873,-86.4599,25.751,59.6022722384137,63,63,63,63,61,63,0,8047,1.25895569026649,26,-86,0.001869,51,2023-10-08 04:01:48.000431,500,1.037,0.0011,"aoml_navis",1029.47046294025
"7901009",13,0,1,0.028035,1,0.005607,1,112.821667632469,1,4.8567925768814,502,1,8.61200046539307,35.0419998168945,0.0280349999666214,0,108.795799255371,-86.4599,25.751,59.6022722384137,63,63,63,63,61,63,0,8047,1.25895569026649,26,-86,0.001869,51,2023-10-08 04:01:48.000431,502,1.037,0.0011,"aoml_navis",1029.48600765869
"7901009",13,0,1,0.031773,1,0.009345,1,113.067128492571,1,4.85672754770199,504,1,8.5600004196167,35.0369987487793,0.0317730009555817,0,109.032501220703,-86.4599,25.751,59.6022722384137,63,63,63,63,61,63,0,8047,1.25895569026649,26,-86,0.001869,51,2023-10-08 04:01:48.000431,504,1.037,0.0011,"aoml_navis",1029.49979196708
"7901009",13,0,1,0.028035,1,0.005607,1,113.248188018225,1,4.85667227253458,506,1,8.52499961853027,35.0330009460449,0.0280349999666214,0,109.207099914551,-86.4599,25.751,59.6022722384137,63,63,63,63,61,63,0,8047,1.25895569026649,26,-86,0.001869,51,2023-10-08 04:01:48.000431,506,1.037,0.0011,"aoml_navis",1029.5115089968
"7901009",13,0,1,0.029904,1,0.007476,1,113.449889200092,1,4.85661784662442,508,1,8.49100017547607,35.0289993286133,0.0299040004611015,0,109.40160369873,-86.4599,25.751,59.6022722384137,63,63,63,63,61,63,0,8047,1.25895569026649,26,-86,0.001869,51,2023-10-08 04:01:48.000431,508,1.037,0.0011,"aoml_navis",1029.52304626464
"7901009",13,0,1,0.028035,1,0.005607,1,113.684661337486,1,4.85655899055233,510,1,8.45600032806396,35.0260009765625,0.0280349999666214,0,109.627998352051,-86.4599,25.751,59.6022722384137,63,63,63,63,61,63,0,8047,1.25895569026649,26,-86,0.001869,51,2023-10-08 04:01:48.000431,510,1.037,0.0011,"aoml_navis",1029.53552293439
"7901009",13,0,1,0.029904,1,0.007476,1,113.996699252793,1,4.85648496280359,512,1,8.39200019836426,35.0209999084473,0.0299040004611015,0,109.928901672363,-86.4599,25.751,59.6022722384137,63,63,63,63,61,63,0,8047,1.25895569026649,26,-86,0.001869,51,2023-10-08 04:01:48.000431,512,1.037,0.0011,"aoml_navis",1029.55121621823
"7901009",13,0,1,0.031773,1,0.009345,1,114.21312413041,1,4.85642353482057,514,1,8.3439998626709,35.015998840332,0.0317730009555817,0,110.137603759766,-86.4599,25.751,59.6022722384137,63,63,63,63,61,63,0,8047,1.25895569026649,26,-86,0.001869,51,2023-10-08 04:01:48.000431,514,1.037,0.0011,"aoml_navis",1029.5642388169
"7901009",13,0,1,0.028035,1,0.005607,1,114.280112594632,1,4.8563769178939,516,1,8.33399963378906,35.0149993896484,0.0280349999666214,0,110.202201843262,-86.4599,25.751,59.6022722384137,63,63,63,63,61,63,0,8047,1.25895569026649,26,-86,0.001869,51,2023-10-08 04:01:48.000431,516,1.037,0.0011,"aoml_navis",1029.57412172373
"7901009",13,0,1,0.028035,1,0.005607,1,114.473720095278,1,4.8563324362491,518,1,8.32199954986572,35.0130004882812,0.0280349999666214,0,110.388900756836,-86.4599,25.751,59.6022722384137,63,63,63,63,61,63,0,8047,1.25895569026649,26,-86,0.001869,51,2023-10-08 04:01:48.000431,518,1.037,0.0011,"aoml_navis",1029.58355212228
"7901009",13,0,1,0.028035,1,0.005607,1,114.741262543149,1,4.85626746230859,520,1,8.27400016784668,35.0089988708496,0.0280349999666214,0,110.646896362305,-86.4599,25.751,59.6022722384137,63,63,63,63,61,63,0,8047,1.25895569026649,26,-86,0.001869,51,2023-10-08 04:01:48.000431,520,1.037,0.0011,"aoml_navis",1029.59732733153
"7901009",13,0,1,0.028035,1,0.005607,1,114.94503659352,1,4.85620565894818,522,1,8.22999954223633,35.0050010681152,0.0280349999666214,0,110.843399047852,-86.4599,25.751,59.6022722384137,63,63,63,63,61,63,0,8047,1.25895569026649,26,-86,0.001869,51,2023-10-08 04:01:48.000431,522,1.037,0.0011,"aoml_navis",1029.61043068406
"7901009",13,0,1,0.031773,1,0.009345,1,115.071758482198,1,4.85614736414183,524,1,8.19999980926514,35.0029983520508,0.0317730009555817,0,110.965599060059,-86.4599,25.751,59.6022722384137,63,63,63,63,61,63,0,8047,1.25895569026649,26,-86,0.001869,51,2023-10-08 04:01:48.000431,524,1.037,0.0011,"aoml_navis",1029.62279046974
"7901009",13,0,1,0.029904,1,0.007476,1,115.145179168153,1,4.85610217029447,526,1,8.1870002746582,35.0009994506836,0.0299040004611015,0,111.036399841309,-86.4599,25.751,59.6022722384137,63,63,63,63,61,63,0,8047,1.25895569026649,26,-86,0.001869,51,2023-10-08 04:01:48.000431,526,1.037,0.0011,"aoml_navis",1029.63237276715
"7901009",13,0,1,0.028035,1,0.005607,1,115.322401513561,1,4.85605483662192,528,1,8.17599964141846,35,0.0280349999666214,0,111.207298278809,-86.4599,25.751,59.6022722384137,63,63,63,63,61,63,0,8047,1.25895569026649,26,-86,0.001869,51,2023-10-08 04:01:48.000431,528,1.037,0.0011,"aoml_navis",1029.64240895562
"7901009",13,0,1,0.028035,1,0.005607,1,115.567134496172,1,4.85600257793047,530,1,8.14900016784668,34.9970016479492,0.0280349999666214,0,111.443298339844,-86.4599,25.751,59.6022722384137,63,63,63,63,61,63,0,8047,1.25895569026649,26,-86,0.001869,51,2023-10-08 04:01:48.000431,530,1.037,0.0011,"aoml_navis",1029.65348962621
"7901009",13,0,1,0.029904,1,0.007476,1,115.993243472911,1,4.85593244396282,532,1,8.08899974822998,34.992000579834,0.0299040004611015,0,111.854202270508,-86.4599,25.751,59.6022722384137,63,63,63,63,61,63,0,8047,1.25895569026649,26,-86,0.001869,51,2023-10-08 04:01:48.000431,532,1.037,0.0011,"aoml_navis",1029.66836085545
"7901009",13,0,1,0.029904,1,0.007476,1,116.433348267911,1,4.8558471054434,534,1,8.00399971008301,34.9860000610352,0.0299040004611015,0,112.278602600098,-86.4599,25.751,59.6022722384137,63,63,63,63,61,63,0,8047,1.25895569026649,26,-86,0.001869,51,2023-10-08 04:01:48.000431,534,1.037,0.0011,"aoml_navis",1029.68645664214
"7901009",13,0,1,0.029904,1,0.007476,1,116.636497293046,1,4.85578430441186,536,1,7.95800018310547,34.9819984436035,0.0299040004611015,0,112.474502563477,-86.4599,25.751,59.6022722384137,63,63,63,63,61,63,0,8047,1.25895569026649,26,-86,0.001869,51,2023-10-08 04:01:48.000431,536,1.037,0.0011,"aoml_navis",1029.69977382585
"7901009",13,0,1,0.031773,1,0.009345,1,116.70328005276,1,4.85573467213213,538,1,7.93900012969971,34.9799995422363,0.0317730009555817,0,112.538902282715,-86.4599,25.751,59.6022722384137,63,63,63,63,61,63,0,8047,1.25895569026649,26,-86,0.001869,51,2023-10-08 04:01:48.000431,538,1.037,0.0011,"aoml_navis",1029.71029877226
"7901009",13,0,1,0.031773,1,0.009345,1,116.724847379259,1,4.85569122321468,540,1,7.93300008773804,34.9790000915527,0.0317730009555817,0,112.559700012207,-86.4599,25.751,59.6022722384137,63,63,63,63,61,63,0,8047,1.25895569026649,26,-86,0.001869,51,2023-10-08 04:01:48.000431,540,1.037,0.0011,"aoml_navis",1029.71951266081
"7901009",13,0,1,0.029904,1,0.007476,1,116.820151860187,1,4.85564550141954,542,1,7.92399978637695,34.9780006408691,0.0299040004611015,0,112.65160369873,-86.4599,25.751,59.6022722384137,63,63,63,63,61,63,0,8047,1.25895569026649,26,-86,0.001869,51,2023-10-08 04:01:48.000431,542,1.037,0.0011,"aoml_navis",1029.72920871968
"7901009",13,0,1,0.028035,1,0.005607,1,116.917727002415,1,4.85559296433959,544,1,7.9060001373291,34.9770011901855,0.0280349999666214,0,112.745697021484,-86.4599,25.751,59.6022722384137,63,63,63,63,61,63,0,8047,1.25895569026649,26,-86,0.001869,51,2023-10-08 04:01:48.000431,544,1.037,0.0011,"aoml_navis",1029.74035029727
"7901009",13,0,1,0.028035,1,0.005607,1,116.997477057848,1,4.85554952319056,546,1,7.90000009536743,34.976001739502,0.0280349999666214,0,112.822601318359,-86.4599,25.751,59.6022722384137,63,63,63,63,61,63,0,8047,1.25895569026649,26,-86,0.001869,51,2023-10-08 04:01:48.000431,546,1.037,0.0011,"aoml_navis",1029.74956307613
"7901009",13,0,1,0.026166,1,0.003738,1,117.247811532448,1,4.85550599787197,548,1,7.88899993896484,34.9739990234375,0.0261659994721413,0,113.064002990723,-86.4599,25.751,59.6022722384137,63,63,63,63,61,63,0,8047,1.25895569026649,26,-86,0.001869,51,2023-10-08 04:01:48.000431,548,1.037,0.0011,"aoml_navis",1029.75879387058
"7901009",13,0,1,0.033642,1,0.011214,1,117.693723523945,1,4.85545404960838,550,1,7.86199998855591,34.9710006713867,0.0336420014500618,0,113.494003295898,-86.4599,25.751,59.6022722384137,63,63,63,63,61,63,0,8047,1.25895569026649,26,-86,0.001869,51,2023-10-08 04:01:48.000431,550,1.037,0.0011,"aoml_navis",1029.76981120917
"7901009",13,0,1,0.029904,1,0.007476,1,118.196979602919,1,4.85537184738988,552,1,7.78499984741211,34.9659996032715,0.0299040004611015,0,113.979301452637,-86.4599,25.751,59.6022722384137,63,63,63,63,61,63,0,8047,1.25895569026649,26,-86,0.001869,51,2023-10-08 04:01:48.000431,552,1.037,0.0011,"aoml_navis",1029.78724537604
"7901009",13,0,1,0.028035,1,0.005607,1,118.520315442746,1,4.85530189878761,554,1,7.72399997711182,34.9609985351562,0.0280349999666214,0,114.29109954834,-86.4599,25.751,59.6022722384137,63,63,63,63,61,63,0,8047,1.25895569026649,26,-86,0.001869,51,2023-10-08 04:01:48.000431,554,1.037,0.0011,"aoml_navis",1029.8020811535
"7901009",13,0,1,0.029904,1,0.007476,1,118.62827075092,1,4.85525099627558,556,1,7.70800018310547,34.9599990844727,0.0299040004611015,0,114.395202636719,-86.4599,25.751,59.6022722384137,63,63,63,63,61,63,0,8047,1.25895569026649,26,-86,0.001869,51,2023-10-08 04:01:48.000431,556,1.037,0.0011,"aoml_navis",1029.81287761137
"7901009",13,0,1,0.028035,1,0.005607,1,118.647559504407,1,4.85520234729914,558,1,7.69500017166138,34.9589996337891,0.0280349999666214,0,114.413803100586,-86.4599,25.751,59.6022722384137,63,63,63,63,61,63,0,8047,1.25895569026649,26,-86,0.001869,51,2023-10-08 04:01:48.000431,558,1.037,0.0011,"aoml_navis",1029.82319630435
"7901009",13,0,1,0.028035,1,0.005607,1,118.675139731911,1,4.85515450529975,560,1,7.68800020217896,34.9589996337891,0.0280349999666214,0,114.440399169922,-86.4599,25.751,59.6022722384137,63,63,63,63,61,63,0,8047,1.25895569026649,26,-86,0.001869,51,2023-10-08 04:01:48.000431,560,1.037,0.0011,"aoml_navis",1029.83334403512
"7901009",13,0,1,0.028035,1,0.005607,1,118.717143010115,1,4.85511259574911,562,1,7.68400001525879,34.9580001831055,0.0280349999666214,0,114.480903625488,-86.4599,25.751,59.6022722384137,63,63,63,63,61,63,0,8047,1.25895569026649,26,-86,0.001869,51,2023-10-08 04:01:48.000431,562,1.037,0.0011,"aoml_navis",1029.84223360293
"7901009",13,0,1,0.031773,1,0.009345,1,118.799480195322,1,4.85506999416986,564,1,7.68400001525879,34.9580001831055,0.0317730009555817,0,114.560302734375,-86.4599,25.751,59.6022722384137,63,63,63,63,61,63,0,8047,1.25895569026649,26,-86,0.001869,51,2023-10-08 04:01:48.000431,564,1.037,0.0011,"aoml_navis",1029.85127011643
"7901009",13,0,1,0.029904,1,0.007476,1,119.093360731937,1,4.85502883648095,566,1,7.68100023269653,34.9570007324219,0.0299040004611015,0,114.843696594238,-86.4599,25.751,59.6022722384137,63,63,63,63,61,63,0,8047,1.25895569026649,26,-86,0.001869,51,2023-10-08 04:01:48.000431,566,1.037,0.0011,"aoml_navis",1029.86000050705
"7901009",13,0,1,0.029904,1,0.007476,1,119.860749310976,1,4.85497329518428,568,1,7.63899993896484,34.9519996643066,0.0299040004611015,0,115.583702087402,-86.4599,25.751,59.6022722384137,63,63,63,63,61,63,0,8047,1.25895569026649,26,-86,0.001869,51,2023-10-08 04:01:48.000431,568,1.037,0.0011,"aoml_navis",1029.87178219076
"7901009",13,0,1,0.029904,1,0.007476,1,120.882301633149,1,4.85485247619059,570,1,7.48899984359741,34.943000793457,0.0299040004611015,0,116.568801879883,-86.4599,25.751,59.6022722384137,63,63,63,63,61,63,0,8047,1.25895569026649,26,-86,0.001869,51,2023-10-08 04:01:48.000431,570,1.037,0.0011,"aoml_navis",1029.8974118207
"7901009",13,0,1,0.031773,1,0.009345,1,121.177843629252,1,4.85478550048609,572,1,7.44099998474121,34.939998626709,0.0317730009555817,0,116.853797912598,-86.4599,25.751,59.6022722384137,63,63,63,63,61,63,0,8047,1.25895569026649,26,-86,0.001869,51,2023-10-08 04:01:48.000431,572,1.037,0.0011,"aoml_navis",1029.91162009102
"7901009",13,0,1,0.028035,1,0.005607,1,121.209577505476,1,4.85474213152707,574,1,7.43499994277954,34.9389991760254,0.0280349999666214,0,116.884399414062,-86.4599,25.751,59.6022722384137,63,63,63,63,61,63,0,8047,1.25895569026649,26,-86,0.001869,51,2023-10-08 04:01:48.000431,574,1.037,0.0011,"aoml_navis",1029.92082061982
"7901009",13,0,1,0.033642,1,0.011214,1,121.281756052671,1,4.8546965500276,576,1,7.43100023269653,34.9389991760254,0.0336420014500618,0,116.954002380371,-86.4599,25.751,59.6022722384137,63,63,63,63,61,63,0,8047,1.25895569026649,26,-86,0.001869,51,2023-10-08 04:01:48.000431,576,1.037,0.0011,"aoml_navis",1029.93049070628
"7901009",13,0,1,0.028035,1,0.005607,1,121.394679915885,1,4.85465318480873,578,1,7.42500019073486,34.9379997253418,0.0280349999666214,0,117.062896728516,-86.4599,25.751,59.6022722384137,63,63,63,63,61,63,0,8047,1.25895569026649,26,-86,0.001869,51,2023-10-08 04:01:48.000431,578,1.037,0.0011,"aoml_navis",1029.93969077875
"7901009",13,0,1,0.031773,1,0.009345,1,121.532810493049,1,4.85460613990239,580,1,7.41400003433228,34.9370002746582,0.0317730009555817,0,117.196098327637,-86.4599,25.751,59.6022722384137,63,63,63,63,61,63,0,8047,1.25895569026649,26,-86,0.001869,51,2023-10-08 04:01:48.000431,580,1.037,0.0011,"aoml_navis",1029.94967169479
"7901009",13,0,1,0.029904,1,0.007476,1,121.736378838912,1,4.85455689230967,582,1,7.40000009536743,34.9360008239746,0.0299040004611015,0,117.392402648926,-86.4599,25.751,59.6022722384137,63,63,63,63,61,63,0,8047,1.25895569026649,26,-86,0.001869,51,2023-10-08 04:01:48.000431,582,1.037,0.0011,"aoml_navis",1029.96012013387
"7901009",13,0,1,0.028035,1,0.005607,1,121.968144525804,1,4.85450914832979,584,1,7.38299989700317,34.9339981079102,0.0280349999666214,0,117.615898132324,-86.4599,25.751,59.6022722384137,63,63,63,63,61,63,0,8047,1.25895569026649,26,-86,0.001869,51,2023-10-08 04:01:48.000431,584,1.037,0.0011,"aoml_navis",1029.97024976671
"7901009",13,0,1,0.028035,1,0.005607,1,122.319693530083,1,4.85445479412029,586,1,7.35699987411499,34.931999206543,0.0280349999666214,0,117.954902648926,-86.4599,25.751,59.6022722384137,63,63,63,63,61,63,0,8047,1.25895569026649,26,-86,0.001869,51,2023-10-08 04:01:48.000431,586,1.037,0.0011,"aoml_navis",1029.98178210579
"7901009",13,0,1,0.028035,1,0.005607,1,122.562456496444,1,4.85439533857089,588,1,7.32399988174438,34.9300003051758,0.0280349999666214,0,118.189002990723,-86.4599,25.751,59.6022722384137,63,63,63,63,61,63,0,8047,1.25895569026649,26,-86,0.001869,51,2023-10-08 04:01:48.000431,588,1.037,0.0011,"aoml_navis",1029.99439709251
"7901009",13,0,1,0.026166,1,0.003738,1,122.743199553624,1,4.85434324006906,590,1,7.30100011825562,34.9280014038086,0.0261659994721413,0,118.363296508789,-86.4599,25.751,59.6022722384137,63,63,63,63,61,63,0,8047,1.25895569026649,26,-86,0.001869,51,2023-10-08 04:01:48.000431,590,1.037,0.0011,"aoml_navis",1030.005451351
"7901009",13,0,1,0.031773,1,0.009345,1,122.913372563775,1,4.85429991293172,592,1,7.29500007629395,34.9269981384277,0.0317730009555817,0,118.527397155762,-86.4599,25.751,59.6022722384137,63,63,63,63,61,63,0,8047,1.25895569026649,26,-86,0.001869,51,2023-10-08 04:01:48.000431,592,1.037,0.0011,"aoml_navis",1030.01464468236
"7901009",13,0,1,0.031773,1,0.009345,1,123.222198324071,1,4.85424634164408,594,1,7.27500009536743,34.9259986877441,0.0317730009555817,0,118.825202941895,-86.4599,25.751,59.6022722384137,63,63,63,63,61,63,0,8047,1.25895569026649,26,-86,0.001869,51,2023-10-08 04:01:48.000431,594,1.037,0.0011,"aoml_navis",1030.02601188685
"7901009",13,0,1,0.033642,1,0.011214,1,123.605370440608,1,4.85419059628555,596,1,7.2519998550415,34.9249992370605,0.0336420014500618,0,119.194702148438,-86.4599,25.751,59.6022722384137,63,63,63,63,61,63,0,8047,1.25895569026649,26,-86,0.001869,51,2023-10-08 04:01:48.000431,596,1.037,0.0011,"aoml_navis",1030.03784067029
"7901009",13,0,1,0.029904,1,0.007476,1,123.985013933661,1,4.8541421598339,598,1,7.23899984359741,34.923999786377,0.0299040004611015,0,119.56079864502,-86.4599,25.751,59.6022722384137,63,63,63,63,61,63,0,8047,1.25895569026649,26,-86,0.001869,51,2023-10-08 04:01:48.000431,598,1.037,0.0011,"aoml_navis",1030.04811877432
"7901009",13,0,1,0.031773,1,0.009345,1,124.704077776729,1,4.85407636256741,600,1,7.19199991226196,34.9210014343262,0.0317730009555817,0,120.254203796387,-86.4599,25.751,59.6022722384137,63,63,63,63,61,63,0,8047,1.25895569026649,26,-86,0.001869,51,2023-10-08 04:01:48.000431,600,1.037,0.0011,"aoml_navis",1030.06208113204
"7901009",13,0,1,0.029904,1,0.007476,1,125.30657045742,1,4.85399322510224,602,1,7.12599992752075,34.9189987182617,0.0299040004611015,0,120.83519744873,-86.4599,25.751,59.6022722384137,63,63,63,63,61,63,0,8047,1.25895569026649,26,-86,0.001869,51,2023-10-08 04:01:48.000431,602,1.037,0.0011,"aoml_navis",1030.07972366807
"7901009",13,0,1,0.028035,1,0.005607,1,125.485976435298,1,4.85393978520653,604,1,7.10599994659424,34.9179992675781,0.0280349999666214,0,121.008201599121,-86.4599,25.751,59.6022722384137,63,63,63,63,61,63,0,8047,1.25895569026649,26,-86,0.001869,51,2023-10-08 04:01:48.000431,604,1.037,0.0011,"aoml_navis",1030.09106442536
"7901009",13,0,1,0.029904,1,0.007476,1,125.653965812978,1,4.85388997197387,606,1,7.09100008010864,34.9169998168945,0.0299040004611015,0,121.170196533203,-86.4599,25.751,59.6022722384137,63,63,63,63,61,63,0,8047,1.25895569026649,26,-86,0.001869,51,2023-10-08 04:01:48.000431,606,1.037,0.0011,"aoml_navis",1030.10163577456
"7901009",13,0,1,0.031773,1,0.009345,1,125.716705687937,1,4.8538371992554,608,1,7.0770001411438,34.9169998168945,0.0317730009555817,0,121.230697631836,-86.4599,25.751,59.6022722384137,63,63,63,63,61,63,0,8047,1.25895569026649,26,-86,0.001869,51,2023-10-08 04:01:48.000431,608,1.037,0.0011,"aoml_navis",1030.11283542164
"7901009",13,0,1,0.028035,1,0.005607,1,125.745638818167,1,4.85379165007464,610,1,7.07299995422363,34.9169998168945,0.0280349999666214,0,121.258598327637,-86.4599,25.751,59.6022722384137,63,63,63,63,61,63,0,8047,1.25895569026649,26,-86,0.001869,51,2023-10-08 04:01:48.000431,610,1.037,0.0011,"aoml_navis",1030.12250225514
"7901009",13,0,1,0.026166,1,0.003738,1,125.802880053392,1,4.85375123612489,612,1,7.07100009918213,34.9160003662109,0.0261659994721413,0,121.31379699707,-86.4599,25.751,59.6022722384137,63,63,63,63,61,63,0,8047,1.25895569026649,26,-86,0.001869,51,2023-10-08 04:01:48.000431,612,1.037,0.0011,"aoml_navis",1030.13107939827
"7901009",13,0,1,0.028035,1,0.005607,1,125.895383788325,1,4.85370208110949,614,1,7.06199979782104,34.9160003662109,0.0280349999666214,0,121.40299987793,-86.4599,25.751,59.6022722384137,63,63,63,63,61,63,0,8047,1.25895569026649,26,-86,0.001869,51,2023-10-08 04:01:48.000431,614,1.037,0.0011,"aoml_navis",1030.14151186986
"7901009",13,0,1,0.031773,1,0.009345,1,126.045856635973,1,4.85363344000864,615.900024414062,1,7.02299976348877,34.9160003662109,0.0317730009555817,0,121.54810333252,-86.4599,25.751,59.6022722384137,63,63,63,63,61,63,0,8047,1.25895569026649,26,-86,0.001869,51,2023-10-08 04:01:48.000431,615.900024414062,1.037,0.0011,"aoml_navis",1030.15608034691
"7901009",13,0,1,0.024297,1,0.001869,1,126.094798485468,1,4.85358072759995,618,1,7.01200008392334,34.9160003662109,0.0242970008403063,0,121.59529876709,-86.4599,25.751,59.6022722384137,63,63,63,63,61,63,0,8047,1.25895569026649,26,-86,0.001869,51,2023-10-08 04:01:48.000431,618,1.037,0.0011,"aoml_navis",1030.16726837723
"7901009",13,0,1,0.028035,1,0.005607,1,126.242573439375,1,4.85353302949161,620,1,7.00500011444092,34.9160003662109,0.0280349999666214,0,121.737800598145,-86.4599,25.751,59.6022722384137,63,63,63,63,61,63,0,8047,1.25895569026649,26,-86,0.001869,51,2023-10-08 04:01:48.000431,620,1.037,0.0011,"aoml_navis",1030.17739234871
"7901009",13,0,1,0.029904,1,0.007476,1,126.471546291984,1,4.8534795805326,622,1,6.98999977111816,34.9160003662109,0.0299040004611015,0,121.958602905273,-86.4599,25.751,59.6022722384137,63,63,63,63,61,63,0,8047,1.25895569026649,26,-86,0.001869,51,2023-10-08 04:01:48.000431,622,1.037,0.0011,"aoml_navis",1030.18873718046
"7901009",13,0,1,0.029904,1,0.007476,1,126.853262653541,1,4.85342911111769,624,1,6.97399997711182,34.9150009155273,0.0299040004611015,0,122.326698303223,-86.4599,25.751,59.6022722384137,63,63,63,63,61,63,0,8047,1.25895569026649,26,-86,0.001869,51,2023-10-08 04:01:48.000431,624,1.037,0.0011,"aoml_navis",1030.19944981715
"7901009",13,0,1,0.026166,1,0.003738,1,127.270969392298,1,4.85337649797537,626,1,6.95499992370605,34.9140014648438,0.0261659994721413,0,122.729499816895,-86.4599,25.751,59.6022722384137,63,63,63,63,61,63,0,8047,1.25895569026649,26,-86,0.001869,51,2023-10-08 04:01:48.000431,626,1.037,0.0011,"aoml_navis",1030.21061771857
"7901009",13,0,1,0.031773,1,0.009345,1,127.769557561282,1,4.85331316648834,628,1,6.9210000038147,34.9129981994629,0.0317730009555817,0,123.210296630859,-86.4599,25.751,59.6022722384137,63,63,63,63,61,63,0,8047,1.25895569026649,26,-86,0.001869,51,2023-10-08 04:01:48.000431,628,1.037,0.0011,"aoml_navis",1030.22406106503
"7901009",13,0,1,0.029904,1,0.007476,1,128.107205687842,1,4.85324986851527,630,1,6.88700008392334,34.9119987487793,0.0299040004611015,0,123.53589630127,-86.4599,25.751,59.6022722384137,63,63,63,63,61,63,0,8047,1.25895569026649,26,-86,0.001869,51,2023-10-08 04:01:48.000431,630,1.037,0.0011,"aoml_navis",1030.23749764807
"7901009",13,0,1,0.029904,1,0.007476,1,128.307973287711,1,4.85320303013934,632,1,6.87599992752075,34.9109992980957,0.0299040004611015,0,123.729499816895,-86.4599,25.751,59.6022722384137,63,63,63,63,61,63,0,8047,1.25895569026649,26,-86,0.001869,51,2023-10-08 04:01:48.000431,632,1.037,0.0011,"aoml_navis",1030.24744049425
"7901009",13,0,1,0.031773,1,0.009345,1,128.609947505547,1,4.85315905176262,634,1,6.86899995803833,34.9099998474121,0.0317730009555817,0,124.020698547363,-86.4599,25.751,59.6022722384137,63,63,63,63,61,63,0,8047,1.25895569026649,26,-86,0.001869,51,2023-10-08 04:01:48.000431,634,1.037,0.0011,"aoml_navis",1030.25677639476
"7901009",13,0,1,0.029904,1,0.007476,1,129.117768642258,1,4.85311222064044,636,1,6.85799980163574,34.9090003967285,0.0299040004611015,0,124.510398864746,-86.4599,25.751,59.6022722384137,63,63,63,63,61,63,0,8047,1.25895569026649,26,-86,0.001869,51,2023-10-08 04:01:48.000431,636,1.037,0.0011,"aoml_navis",1030.26671807317
"7901009",13,0,1,0.029904,1,0.007476,1,129.789852740369,1,4.85303832700317,638,1,6.80900001525879,34.9080009460449,0.0299040004611015,0,125.158500671387,-86.4599,25.751,59.6022722384137,63,63,63,63,61,63,0,8047,1.25895569026649,26,-86,0.001869,51,2023-10-08 04:01:48.000431,638,1.037,0.0011,"aoml_navis",1030.28240518504
"7901009",13,0,1,0.031773,1,0.009345,1,130.107587088207,1,4.85295730218439,640,1,6.75500011444092,34.9080009460449,0.0317730009555817,0,125.464897155762,-86.4599,25.751,59.6022722384137,63,63,63,63,61,63,0,8047,1.25895569026649,26,-86,0.001869,51,2023-10-08 04:01:48.000431,640,1.037,0.0011,"aoml_navis",1030.29960674688
"7901009",13,0,1,0.029904,1,0.007476,1,130.287926648083,1,4.85290186525867,642,1,6.73699998855591,34.9080009460449,0.0299040004611015,0,125.638801574707,-86.4599,25.751,59.6022722384137,63,63,63,63,61,63,0,8047,1.25895569026649,26,-86,0.001869,51,2023-10-08 04:01:48.000431,642,1.037,0.0011,"aoml_navis",1030.31137633225
"7901009",13,0,1,0.031773,1,0.009345,1,130.344859326545,1,4.85285720772389,644,1,6.72900009155273,34.9070014953613,0.0317730009555817,0,125.693702697754,-86.4599,25.751,59.6022722384137,63,63,63,63,61,63,0,8047,1.25895569026649,26,-86,0.001869,51,2023-10-08 04:01:48.000431,644,1.037,0.0011,"aoml_navis",1030.32085758508
"7901009",13,0,1,0.031773,1,0.009345,1,130.424190061251,1,4.85281098545629,646,1,6.72399997711182,34.9070014953613,0.0317730009555817,0,125.770202636719,-86.4599,25.751,59.6022722384137,63,63,63,63,61,63,0,8047,1.25895569026649,26,-86,0.001869,51,2023-10-08 04:01:48.000431,646,1.037,0.0011,"aoml_navis",1030.33067123052
"7901009",13,0,1,0.029904,1,0.007476,1,130.472198328748,1,4.8527654728544,648,1,6.71999979019165,34.9070014953613,0.0299040004611015,0,125.816497802734,-86.4599,25.751,59.6022722384137,63,63,63,63,61,63,0,8047,1.25895569026649,26,-86,0.001869,51,2023-10-08 04:01:48.000431,648,1.037,0.0011,"aoml_navis",1030.34033438649
"7901009",13,0,1,0.031773,1,0.009345,1,130.600170267898,1,4.85271925464691,650,1,6.71500015258789,34.9070014953613,0.0317730009555817,0,125.939903259277,-86.4599,25.751,59.6022722384137,63,63,63,63,61,63,0,8047,1.25895569026649,26,-86,0.001869,51,2023-10-08 04:01:48.000431,650,1.037,0.0011,"aoml_navis",1030.3501475409
"7901009",13,0,1,0.031773,1,0.009345,1,130.75177449034,1,4.85267233033491,652,1,6.70900011062622,34.9070014953613,0.0317730009555817,0,126.086097717285,-86.4599,25.751,59.6022722384137,63,63,63,63,61,63,0,8047,1.25895569026649,26,-86,0.001869,51,2023-10-08 04:01:48.000431,652,1.037,0.0011,"aoml_navis",1030.36011080825
"7901009",13,0,1,0.031773,1,0.009345,1,130.999933244182,1,4.85262628235436,654,1,6.69899988174438,34.9059982299805,0.0317730009555817,0,126.325401306152,-86.4599,25.751,59.6022722384137,63,63,63,63,61,63,0,8047,1.25895569026649,26,-86,0.001869,51,2023-10-08 04:01:48.000431,654,1.037,0.0011,"aoml_navis",1030.36988819467
"7901009",13,0,1,0.028035,1,0.005607,1,131.261154234286,1,4.85257229262212,656,1,6.68300008773804,34.9059982299805,0.0280349999666214,0,126.577301025391,-86.4599,25.751,59.6022722384137,63,63,63,63,61,63,0,8047,1.25895569026649,26,-86,0.001869,51,2023-10-08 04:01:48.000431,656,1.037,0.0011,"aoml_navis",1030.38135209279
"7901009",13,0,1,0.029904,1,0.007476,1,131.502152888905,1,4.85251689967131,658,1,6.66499996185303,34.9059982299805,0.0299040004611015,0,126.809700012207,-86.4599,25.751,59.6022722384137,63,63,63,63,61,63,0,8047,1.25895569026649,26,-86,0.001869,51,2023-10-08 04:01:48.000431,658,1.037,0.0011,"aoml_navis",1030.39311420815
"7901009",13,0,1,0.028035,1,0.005607,1,131.810970737489,1,4.85246292958607,660,1,6.64900016784668,34.9059982299805,0.0280349999666214,0,127.107498168945,-86.4599,25.751,59.6022722384137,63,63,63,63,61,63,0,8047,1.25895569026649,26,-86,0.001869,51,2023-10-08 04:01:48.000431,660,1.037,0.0011,"aoml_navis",1030.40457445113
"7901009",13,0,1,0.035511,1,0.013083,1,132.076962489838,1,4.85240333136937,662,1,6.625,34.9059982299805,0.0355109982192516,0,127.363998413086,-86.4599,25.751,59.6022722384137,63,63,63,63,61,63,0,8047,1.25895569026649,26,-86,0.001869,51,2023-10-08 04:01:48.000431,662,1.037,0.0011,"aoml_navis",1030.41723009224
"7901009",13,0,1,0.031773,1,0.009345,1,132.243923344978,1,4.85234868048698,664,1,6.60799980163574,34.9059982299805,0.0317730009555817,0,127.525001525879,-86.4599,25.751,59.6022722384137,63,63,63,63,61,63,0,8047,1.25895569026649,26,-86,0.001869,51,2023-10-08 04:01:48.000431,664,1.037,0.0011,"aoml_navis",1030.4288354435
"7901009",13,0,1,0.029904,1,0.007476,1,132.399475511632,1,4.85229896346101,666,1,6.59800004959106,34.9059982299805,0.0299040004611015,0,127.675003051758,-86.4599,25.751,59.6022722384137,63,63,63,63,61,63,0,8047,1.25895569026649,26,-86,0.001869,51,2023-10-08 04:01:48.000431,666,1.037,0.0011,"aoml_navis",1030.43939329609
"7901009",13,0,4,0.026166,1,0.003738,1,132.519037301087,1,4.85225065647217,668,1,6.59000015258789,34.9059982299805,0.0261659994721413,0,127.790298461914,-86.4599,25.751,59.6022722384137,63,63,63,63,61,63,0,8047,1.25895569026649,26,-86,0.001869,51,2023-10-08 04:01:48.000431,668,1.037,0.0011,"aoml_navis",1030.44965192199
"7901009",13,0,1,0.031773,1,0.009345,1,132.740755113931,1,4.85220092179668,670.099975585938,1,6.58300018310547,34.9059982299805,0.0317730009555817,0,128.004104614258,-86.4599,25.751,59.6022722384137,63,63,63,63,61,63,0,8047,1.25895569026649,26,-86,0.001869,51,2023-10-08 04:01:48.000431,670.099975585938,1.037,0.0011,"aoml_navis",1030.46021394938
"7901009",13,0,1,0.031773,1,0.009345,1,133.033504275751,1,4.85215420165238,672.099975585938,1,6.57200002670288,34.9049987792969,0.0317730009555817,0,128.286407470703,-86.4599,25.751,59.6022722384137,63,63,63,63,61,63,0,8047,1.25895569026649,26,-86,0.001869,51,2023-10-08 04:01:48.000431,672.099975585938,1.037,0.0011,"aoml_navis",1030.47013598564
"7901009",13,0,1,0.031773,1,0.009345,1,133.466654676036,1,4.85210663126777,674,1,6.56199979782104,34.9049987792969,0.0317730009555817,0,128.7041015625,-86.4599,25.751,59.6022722384137,63,63,63,63,61,63,0,8047,1.25895569026649,26,-86,0.001869,51,2023-10-08 04:01:48.000431,674,1.037,0.0011,"aoml_navis",1030.48023878519
"7901009",13,0,1,0.031773,1,0.009345,1,134.010663982743,1,4.85204869303139,676,1,6.53499984741211,34.9039993286133,0.0317730009555817,0,129.228698730469,-86.4599,25.751,59.6022722384137,63,63,63,63,61,63,0,8047,1.25895569026649,26,-86,0.001869,51,2023-10-08 04:01:48.000431,676,1.037,0.0011,"aoml_navis",1030.49254373335
"7901009",13,0,1,0.031773,1,0.009345,1,134.302685267073,1,4.85198289339809,678,1,6.5019998550415,34.9039993286133,0.0317730009555817,0,129.510299682617,-86.4599,25.751,59.6022722384137,63,63,63,63,61,63,0,8047,1.25895569026649,26,-86,0.001869,51,2023-10-08 04:01:48.000431,678,1.037,0.0011,"aoml_navis",1030.50651864484
"7901009",13,0,1,0.029904,1,0.007476,1,134.464353186986,1,4.85192971646511,680,1,6.48699998855591,34.9039993286133,0.0299040004611015,0,129.666198730469,-86.4599,25.751,59.6022722384137,63,63,63,63,61,63,0,8047,1.25895569026649,26,-86,0.001869,51,2023-10-08 04:01:48.000431,680,1.037,0.0011,"aoml_navis",1030.51781295026
"7901009",13,0,1,0.028035,1,0.005607,1,134.653822862335,1,4.85188652822216,682,1,6.48099994659424,34.9029998779297,0.0280349999666214,0,129.848907470703,-86.4599,25.751,59.6022722384137,63,63,63,63,61,63,0,8047,1.25895569026649,26,-86,0.001869,51,2023-10-08 04:01:48.000431,682,1.037,0.0011,"aoml_navis",1030.52698592935
"7901009",13,0,1,0.028035,1,0.005607,1,134.840887377283,1,4.85183825353563,684,1,6.47300004959106,34.9029998779297,0.0280349999666214,0,130.029296875,-86.4599,25.751,59.6022722384137,63,63,63,63,61,63,0,8047,1.25895569026649,26,-86,0.001869,51,2023-10-08 04:01:48.000431,684,1.037,0.0011,"aoml_navis",1030.53723943835
"7901009",13,0,1,0.031773,1,0.009345,1,135.127623638098,1,4.85179207772518,686,1,6.46799993515015,34.9029998779297,0.0317730009555817,0,130.305801391602,-86.4599,25.751,59.6022722384137,63,63,63,63,61,63,0,8047,1.25895569026649,26,-86,0.001869,51,2023-10-08 04:01:48.000431,686,1.037,0.0011,"aoml_navis",1030.5470473385
"7901009",13,0,1,0.028035,1,0.005607,1,135.606408792325,1,4.8517461010831,688,1,6.45800018310547,34.9020004272461,0.0280349999666214,0,130.767501831055,-86.4599,25.751,59.6022722384137,63,63,63,63,61,63,0,8047,1.25895569026649,26,-86,0.001869,51,2023-10-08 04:01:48.000431,688,1.037,0.0011,"aoml_navis",1030.55681312009
"7901009",13,0,1,0.029904,1,0.007476,1,136.19325210698,1,4.85169155096923,690,1,6.44099998474121,34.9020004272461,0.0299040004611015,0,131.333404541016,-86.4599,25.751,59.6022722384137,63,63,63,63,61,63,0,8047,1.25895569026649,26,-86,0.001869,51,2023-10-08 04:01:48.000431,690,1.037,0.0011,"aoml_navis",1030.56840021108
"7901009",13,0,1,0.028035,1,0.005607,1,136.796789133635,1,4.8516351693794,691.900024414062,1,6.41300010681152,34.9010009765625,0.0280349999666214,0,131.915405273438,-86.4599,25.751,59.6022722384137,63,63,63,63,61,63,0,8047,1.25895569026649,26,-86,0.001869,51,2023-10-08 04:01:48.000431,691.900024414062,1.037,0.0011,"aoml_navis",1030.58037660313
"7901009",13,0,1,0.029904,1,0.007476,1,137.27680851491,1,4.85157503432605,694,1,6.39099979400635,34.9010009765625,0.0299040004611015,0,132.378295898438,-86.4599,25.751,59.6022722384137,63,63,63,63,61,63,0,8047,1.25895569026649,26,-86,0.001869,51,2023-10-08 04:01:48.000431,694,1.037,0.0011,"aoml_navis",1030.59315060033
"7901009",13,0,1,0.031773,1,0.009345,1,138.031332650483,1,4.85151657423311,696,1,6.36299991607666,34.9000015258789,0.0317730009555817,0,133.105895996094,-86.4599,25.751,59.6022722384137,63,63,63,63,61,63,0,8047,1.25895569026649,26,-86,0.001869,51,2023-10-08 04:01:48.000431,696,1.037,0.0011,"aoml_navis",1030.60556910297
"7901009",13,0,1,0.029904,1,0.007476,1,138.838232318494,1,4.85143967629471,698,1,6.31899976730347,34.9010009765625,0.0299040004611015,0,133.884002685547,-86.4599,25.751,59.6022722384137,63,63,63,63,61,63,0,8047,1.25895569026649,26,-86,0.001869,51,2023-10-08 04:01:48.000431,698,1.037,0.0011,"aoml_navis",1030.62190475771
"7901009",13,0,1,0.028035,1,0.005607,1,139.654040574046,1,4.85137069622581,700,1,6.2810001373291,34.9010009765625,0.0280349999666214,0,134.670700073242,-86.4599,25.751,59.6022722384137,63,63,63,63,61,63,0,8047,1.25895569026649,26,-86,0.001869,51,2023-10-08 04:01:48.000431,700,1.037,0.0011,"aoml_navis",1030.63655883683
"7901009",13,0,1,0.029904,1,0.007476,1,140.215060061227,1,4.85130108710194,702,1,6.24200010299683,34.9010009765625,0.0299040004611015,0,135.211700439453,-86.4599,25.751,59.6022722384137,63,63,63,63,61,63,0,8047,1.25895569026649,26,-86,0.001869,51,2023-10-08 04:01:48.000431,702,1.037,0.0011,"aoml_navis",1030.6513469744
"7901009",13,0,1,0.031773,1,0.009345,1,140.674350757459,1,4.85123610110721,704,1,6.21500015258789,34.9020004272461,0.0317730009555817,0,135.654602050781,-86.4599,25.751,59.6022722384137,63,63,63,63,61,63,0,8047,1.25895569026649,26,-86,0.001869,51,2023-10-08 04:01:48.000431,704,1.037,0.0011,"aoml_navis",1030.66515333254
"7901009",13,0,1,0.029904,1,0.007476,1,141.058037135266,1,4.85117964389596,706,1,6.19500017166138,34.9020004272461,0.0299040004611015,0,136.024597167969,-86.4599,25.751,59.6022722384137,63,63,63,63,61,63,0,8047,1.25895569026649,26,-86,0.001869,51,2023-10-08 04:01:48.000431,706,1.037,0.0011,"aoml_navis",1030.67714803992
"7901009",13,0,1,0.031773,1,0.009345,1,141.36531220004,1,4.85112251503214,708,1,6.17399978637695,34.9020004272461,0.0317730009555817,0,136.320907592773,-86.4599,25.751,59.6022722384137,63,63,63,63,61,63,0,8047,1.25895569026649,26,-86,0.001869,51,2023-10-08 04:01:48.000431,708,1.037,0.0011,"aoml_navis",1030.68928572852
"7901009",13,0,1,0.028035,1,0.005607,1,141.45604371152,1,4.85106513857988,710,1,6.15799999237061,34.9029998779297,0.0280349999666214,0,136.408401489258,-86.4599,25.751,59.6022722384137,63,63,63,63,61,63,0,8047,1.25895569026649,26,-86,0.001869,51,2023-10-08 04:01:48.000431,710,1.037,0.0011,"aoml_navis",1030.70147630789
"7901009",13,0,1,0.028035,1,0.005607,1,141.565035453945,1,4.85101900136781,712,1,6.15299987792969,34.9029998779297,0.0280349999666214,0,136.51350402832,-86.4599,25.751,59.6022722384137,63,63,63,63,61,63,0,8047,1.25895569026649,26,-86,0.001869,51,2023-10-08 04:01:48.000431,712,1.037,0.0011,"aoml_navis",1030.71127913335
"7901009",13,0,1,0.026166,1,0.003738,1,141.652554810414,1,4.8509728660183,714,1,6.14799976348877,34.9029998779297,0.0261659994721413,0,136.597900390625,-86.4599,25.751,59.6022722384137,63,63,63,63,61,63,0,8047,1.25895569026649,26,-86,0.001869,51,2023-10-08 04:01:48.000431,714,1.037,0.0011,"aoml_navis",1030.72108174953
"7901009",13,0,1,0.028035,1,0.005607,1,141.739868462375,1,4.85092878931908,716,1,6.14599990844727,34.9029998779297,0.0280349999666214,0,136.682098388672,-86.4599,25.751,59.6022722384137,63,63,63,63,61,63,0,8047,1.25895569026649,26,-86,0.001869,51,2023-10-08 04:01:48.000431,716,1.037,0.0011,"aoml_navis",1030.73044712781
"7901009",13,0,1,0.029904,1,0.007476,1,141.869493949301,1,4.8508826575241,718,1,6.14099979400635,34.9029998779297,0.0299040004611015,0,136.807098388672,-86.4599,25.751,59.6022722384137,63,63,63,63,61,63,0,8047,1.25895569026649,26,-86,0.001869,51,2023-10-08 04:01:48.000431,718,1.037,0.0011,"aoml_navis",1030.7402493533
"7901009",13,0,1,0.029904,1,0.007476,1,142.07834731868,1,4.85084296166206,720,1,6.1399998664856,34.9020004272461,0.0299040004611015,0,137.008499145508,-86.4599,25.751,59.6022722384137,63,63,63,63,61,63,0,8047,1.25895569026649,26,-86,0.001869,51,2023-10-08 04:01:48.000431,720,1.037,0.0011,"aoml_navis",1030.74868420124
"7901009",13,0,1,0.029904,1,0.007476,1,142.397648185464,1,4.85079751921892,722,1,6.13600015640259,34.9020004272461,0.0299040004611015,0,137.31640625,-86.4599,25.751,59.6022722384137,63,63,63,63,61,63,0,8047,1.25895569026649,26,-86,0.001869,51,2023-10-08 04:01:48.000431,722,1.037,0.0011,"aoml_navis",1030.75834029146
"7901009",13,0,1,0.029904,1,0.007476,1,142.880151844259,1,4.85073399858318,724,1,6.11100006103516,34.9029998779297,0.0299040004611015,0,137.781692504883,-86.4599,25.751,59.6022722384137,63,63,63,63,61,63,0,8047,1.25895569026649,26,-86,0.001869,51,2023-10-08 04:01:48.000431,724,1.037,0.0011,"aoml_navis",1030.77183813015
"7901009",13,0,1,0.028035,1,0.005607,1,143.017878924119,1,4.85067487717931,726,1,6.08699989318848,34.9029998779297,0.0280349999666214,0,137.914505004883,-86.4599,25.751,59.6022722384137,63,63,63,63,61,63,0,8047,1.25895569026649,26,-86,0.001869,51,2023-10-08 04:01:48.000431,726,1.037,0.0011,"aoml_navis",1030.78440147024
"7901009",13,0,1,0.035511,1,0.013083,1,143.055728553603,1,4.85063217512475,728,1,6.08699989318848,34.9029998779297,0.0355109982192516,0,137.95100402832,-86.4599,25.751,59.6022722384137,63,63,63,63,61,63,0,8047,1.25895569026649,26,-86,0.001869,51,2023-10-08 04:01:48.000431,728,1.037,0.0011,"aoml_navis",1030.79347587748
"7901009",13,0,1,0.028035,1,0.005607,1,143.112028295117,1,4.85058879168896,730,1,6.08599996566772,34.9029998779297,0.0280349999666214,0,138.005294799805,-86.4599,25.751,59.6022722384137,63,63,63,63,61,63,0,8047,1.25895569026649,26,-86,0.001869,51,2023-10-08 04:01:48.000431,730,1.037,0.0011,"aoml_navis",1030.80269524538
"7901009",13,0,1,0.029904,1,0.007476,1,143.17829679356,1,4.85054541046719,732,1,6.08500003814697,34.9029998779297,0.0299040004611015,0,138.069198608398,-86.4599,25.751,59.6022722384137,63,63,63,63,61,63,0,8047,1.25895569026649,26,-86,0.001869,51,2023-10-08 04:01:48.000431,732,1.037,0.0011,"aoml_navis",1030.81191430768
"7901009",13,0,1,0.029904,1,0.007476,1,143.321514601443,1,4.85049997875626,734,1,6.08099985122681,34.9029998779297,0.0299040004611015,0,138.207305908203,-86.4599,25.751,59.6022722384137,63,63,63,63,61,63,0,8047,1.25895569026649,26,-86,0.001869,51,2023-10-08 04:01:48.000431,734,1.037,0.0011,"aoml_navis",1030.82156930183
"7901009",13,0,1,0.029904,1,0.007476,1,143.435269194401,1,4.85044607056627,736,1,6.07000017166138,34.9039993286133,0.0299040004611015,0,138.317001342773,-86.4599,25.751,59.6022722384137,63,63,63,63,61,63,0,8047,1.25895569026649,26,-86,0.001869,51,2023-10-08 04:01:48.000431,736,1.037,0.0011,"aoml_navis",1030.83302592338
"7901009",13,0,1,0.031773,1,0.009345,1,143.528595747367,1,4.85040337809392,738,1,6.07000017166138,34.9039993286133,0.0317730009555817,0,138.406997680664,-86.4599,25.751,59.6022722384137,63,63,63,63,61,63,0,8047,1.25895569026649,26,-86,0.001869,51,2023-10-08 04:01:48.000431,738,1.037,0.0011,"aoml_navis",1030.84209915029
"7901009",13,0,1,0.029904,1,0.007476,1,143.595687063843,1,4.85036301071442,740,1,6.06799983978271,34.9029998779297,0.0299040004611015,0,138.471694946289,-86.4599,25.751,59.6022722384137,63,63,63,63,61,63,0,8047,1.25895569026649,26,-86,0.001869,51,2023-10-08 04:01:48.000431,740,1.037,0.0011,"aoml_navis",1030.85067838325
"7901009",13,0,1,0.028035,1,0.005607,1,143.717543249734,1,4.85031115978329,742,1,6.05999994277954,34.9039993286133,0.0280349999666214,0,138.589202880859,-86.4599,25.751,59.6022722384137,63,63,63,63,61,63,0,8047,1.25895569026649,26,-86,0.001869,51,2023-10-08 04:01:48.000431,742,1.037,0.0011,"aoml_navis",1030.86169841182
"7901009",13,0,1,0.026166,1,0.003738,1,143.84395658165,1,4.85027011209804,744,1,6.05700016021729,34.9029998779297,0.0261659994721413,0,138.71110534668,-86.4599,25.751,59.6022722384137,63,63,63,63,61,63,0,8047,1.25895569026649,26,-86,0.001869,51,2023-10-08 04:01:48.000431,744,1.037,0.0011,"aoml_navis",1030.87042256234
"7901009",13,0,1,0.031773,1,0.009345,1,143.98228495161,1,4.85021963292155,746,1,6.05100011825562,34.9039993286133,0.0317730009555817,0,138.844497680664,-86.4599,25.751,59.6022722384137,63,63,63,63,61,63,0,8047,1.25895569026649,26,-86,0.001869,51,2023-10-08 04:01:48.000431,746,1.037,0.0011,"aoml_navis",1030.88115145586
"7901009",13,0,1,0.028035,1,0.005607,1,144.218101434969,1,4.8501701121634,748,1,6.04099988937378,34.9039993286133,0.0280349999666214,0,139.071899414062,-86.4599,25.751,59.6022722384137,63,63,63,63,61,63,0,8047,1.25895569026649,26,-86,0.001869,51,2023-10-08 04:01:48.000431,748,1.037,0.0011,"aoml_navis",1030.89167686322
"7901009",13,0,1,0.031773,1,0.009345,1,144.434106991858,1,4.85011718015289,750,1,6.02600002288818,34.9039993286133,0.0317730009555817,0,139.280197143555,-86.4599,25.751,59.6022722384137,63,63,63,63,61,63,0,8047,1.25895569026649,26,-86,0.001869,51,2023-10-08 04:01:48.000431,750,1.037,0.0011,"aoml_navis",1030.90292755409
"7901009",13,0,1,0.028035,1,0.005607,1,144.595885675737,1,4.8500646604964,752,1,6.01700019836426,34.9049987792969,0.0280349999666214,0,139.43620300293,-86.4599,25.751,59.6022722384137,63,63,63,63,61,63,0,8047,1.25895569026649,26,-86,0.001869,51,2023-10-08 04:01:48.000431,752,1.037,0.0011,"aoml_navis",1030.91409084188
"7901009",13,0,1,0.028035,1,0.005607,1,144.724261112192,1,4.850023620269,754,1,6.01399993896484,34.9039993286133,0.0280349999666214,0,139.559997558594,-86.4599,25.751,59.6022722384137,63,63,63,63,61,63,0,8047,1.25895569026649,26,-86,0.001869,51,2023-10-08 04:01:48.000431,754,1.037,0.0011,"aoml_navis",1030.92281429398
"7901009",13,0,1,0.031773,1,0.009345,1,144.933953123026,1,4.84997752591493,756,1,6.00899982452393,34.9039993286133,0.0317730009555817,0,139.76220703125,-86.4599,25.751,59.6022722384137,63,63,63,63,61,63,0,8047,1.25895569026649,26,-86,0.001869,51,2023-10-08 04:01:48.000431,756,1.037,0.0011,"aoml_navis",1030.93261222005
"7901009",13,0,1,0.031773,1,0.009345,1,145.331643230805,1,4.84992597441324,758,1,5.99599981307983,34.9039993286133,0.0317730009555817,0,140.145706176758,-86.4599,25.751,59.6022722384137,63,63,63,63,61,63,0,8047,1.25895569026649,26,-86,0.001869,51,2023-10-08 04:01:48.000431,758,1.037,0.0011,"aoml_navis",1030.94357035107
"7901009",13,0,1,0.029904,1,0.007476,1,145.880320447502,1,4.8498673305785,760,1,5.97800016403198,34.9049987792969,0.0299040004611015,0,140.6748046875,-86.4599,25.751,59.6022722384137,63,63,63,63,61,63,0,8047,1.25895569026649,26,-86,0.001869,51,2023-10-08 04:01:48.000431,760,1.037,0.0011,"aoml_navis",1030.95603635896
"7901009",13,0,1,0.026166,1,0.003738,1,146.442890630206,1,4.84980898539038,762,1,5.95499992370605,34.9049987792969,0.0261659994721413,0,141.217300415039,-86.4599,25.751,59.6022722384137,63,63,63,63,61,63,0,8047,1.25895569026649,26,-86,0.001869,51,2023-10-08 04:01:48.000431,762,1.037,0.0011,"aoml_navis",1030.96843918225
"7901009",13,0,1,0.028035,1,0.005607,1,146.844726474994,1,4.84974357262604,764,1,5.92700004577637,34.9059982299805,0.0280349999666214,0,141.604797363281,-86.4599,25.751,59.6022722384137,63,63,63,63,61,63,0,8047,1.25895569026649,26,-86,0.001869,51,2023-10-08 04:01:48.000431,764,1.037,0.0011,"aoml_navis",1030.98234476191
"7901009",13,0,1,0.031773,1,0.009345,1,146.933812350408,1,4.84969477467019,766,1,5.91800022125244,34.9059982299805,0.0317730009555817,0,141.690704345703,-86.4599,25.751,59.6022722384137,63,63,63,63,61,63,0,8047,1.25895569026649,26,-86,0.001869,51,2023-10-08 04:01:48.000431,766,1.037,0.0011,"aoml_navis",1030.99271857579
"7901009",13,0,1,0.033642,1,0.011214,1,147.020714593353,1,4.84964937422227,768,1,5.91400003433228,34.9059982299805,0.0336420014500618,0,141.774505615234,-86.4599,25.751,59.6022722384137,63,63,63,63,61,63,0,8047,1.25895569026649,26,-86,0.001869,51,2023-10-08 04:01:48.000431,768,1.037,0.0011,"aoml_navis",1031.00237031091
"7901009",13,0,1,0.028035,1,0.005607,1,147.152618653292,1,4.84959823408636,770,1,5.90700006484985,34.9070014953613,0.0280349999666214,0,141.901702880859,-86.4599,25.751,59.6022722384137,63,63,63,63,61,63,0,8047,1.25895569026649,26,-86,0.001869,51,2023-10-08 04:01:48.000431,770,1.037,0.0011,"aoml_navis",1031.01324246955
"7901009",13,0,1,0.028035,1,0.005607,1,147.185800372785,1,4.84955351620269,772,1,5.90399980545044,34.9070014953613,0.0280349999666214,0,141.933700561523,-86.4599,25.751,59.6022722384137,63,63,63,63,61,63,0,8047,1.25895569026649,26,-86,0.001869,51,2023-10-08 04:01:48.000431,772,1.037,0.0011,"aoml_navis",1031.0227494747
"7901009",13,0,1,0.029904,1,0.007476,1,147.221466369798,1,4.84951318392622,774,1,5.90199995040894,34.9059982299805,0.0299040004611015,0,141.96809387207,-86.4599,25.751,59.6022722384137,63,63,63,63,61,63,0,8047,1.25895569026649,26,-86,0.001869,51,2023-10-08 04:01:48.000431,774,1.037,0.0011,"aoml_navis",1031.0313242518
"7901009",13,0,1,0.031773,1,0.009345,1,147.314603041679,1,4.84946476559018,776,1,5.89900016784668,34.9070014953613,0.0317730009555817,0,142.057907104492,-86.4599,25.751,59.6022722384137,63,63,63,63,61,63,0,8047,1.25895569026649,26,-86,0.001869,51,2023-10-08 04:01:48.000431,776,1.037,0.0011,"aoml_navis",1031.04161834064
"7901009",13,0,1,0.026166,1,0.003738,1,147.407613126171,1,4.84941937416401,778,1,5.89499998092651,34.9070014953613,0.0261659994721413,0,142.147598266602,-86.4599,25.751,59.6022722384137,63,63,63,63,61,63,0,8047,1.25895569026649,26,-86,0.001869,51,2023-10-08 04:01:48.000431,778,1.037,0.0011,"aoml_navis",1031.05126907321
"7901009",13,0,1,0.028035,1,0.005607,1,147.551764516052,1,4.84937398452388,780,1,5.89099979400635,34.9070014953613,0.0280349999666214,0,142.286605834961,-86.4599,25.751,59.6022722384137,63,63,63,63,61,63,0,8047,1.25895569026649,26,-86,0.001869,51,2023-10-08 04:01:48.000431,780,1.037,0.0011,"aoml_navis",1031.0609196067
"7901009",13,0,1,0.029904,1,0.007476,1,147.605263511572,1,4.84932723902247,782,1,5.88500022888184,34.9070014953613,0.0299040004611015,0,142.338195800781,-86.4599,25.751,59.6022722384137,63,63,63,63,61,63,0,8047,1.25895569026649,26,-86,0.001869,51,2023-10-08 04:01:48.000431,782,1.037,0.0011,"aoml_navis",1031.07085860593
"7901009",13,0,1,0.031773,1,0.009345,1,147.746091982476,1,4.84928253191843,784,1,5.88199996948242,34.9070014953613,0.0317730009555817,0,142.473999023438,-86.4599,25.751,59.6022722384137,63,63,63,63,61,63,0,8047,1.25895569026649,26,-86,0.001869,51,2023-10-08 04:01:48.000431,784,1.037,0.0011,"aoml_navis",1031.08036438165
"7901009",13,0,1,0.031773,1,0.009345,1,148.028682506283,1,4.84923714763925,786,1,5.87799978256226,34.9070014953613,0.0317730009555817,0,142.746505737305,-86.4599,25.751,59.6022722384137,63,63,63,63,61,63,0,8047,1.25895569026649,26,-86,0.001869,51,2023-10-08 04:01:48.000431,786,1.037,0.0011,"aoml_navis",1031.09001431991
"7901009",13,0,4,0.026166,1,0.003738,1,148.449079227067,1,4.84918429917794,788,1,5.86299991607666,34.9070014953613,0.0261659994721413,0,143.151901245117,-86.4599,25.751,59.6022722384137,63,63,63,63,61,63,0,8047,1.25895569026649,26,-86,0.001869,51,2023-10-08 04:01:48.000431,788,1.037,0.0011,"aoml_navis",1031.10125157496
"7901009",13,0,1,0.031773,1,0.009345,1,148.862845933323,1,4.84913078085513,790,1,5.84700012207031,34.9070014953613,0.0317730009555817,0,143.550903320312,-86.4599,25.751,59.6022722384137,63,63,63,63,61,63,0,8047,1.25895569026649,26,-86,0.001869,51,2023-10-08 04:01:48.000431,790,1.037,0.0011,"aoml_navis",1031.11263151337
"7901009",13,0,1,0.035511,1,0.013083,1,149.242497338088,1,4.84906884185392,792,1,5.82399988174438,34.9080009460449,0.0355109982192516,0,143.917007446289,-86.4599,25.751,59.6022722384137,63,63,63,63,61,63,0,8047,1.25895569026649,26,-86,0.001869,51,2023-10-08 04:01:48.000431,792,1.037,0.0011,"aoml_navis",1031.12580230731
"7901009",13,0,1,0.067284,1,0.044856,1,149.593508345961,1,4.84901300863223,794,1,5.80999994277954,34.9090003967285,0.0672840029001236,0,144.255493164062,-86.4599,25.751,59.6022722384137,63,63,63,63,61,63,0,8047,1.25895569026649,26,-86,0.001869,51,2023-10-08 04:01:48.000431,794,1.037,0.0011,"aoml_navis",1031.1376750483
"7901009",13,0,1,0.028035,1,0.005607,1,149.837837831268,1,4.84896087230789,796,1,5.7960000038147,34.9090003967285,0.0280349999666214,0,144.491104125977,-86.4599,25.751,59.6022722384137,63,63,63,63,61,63,0,8047,1.25895569026649,26,-86,0.001869,51,2023-10-08 04:01:48.000431,796,1.037,0.0011,"aoml_navis",1031.14876190375
"7901009",13,0,1,0.028035,1,0.005607,1,150.012575899155,1,4.84891347186177,798,1,5.78900003433228,34.9090003967285,0.0280349999666214,0,144.659606933594,-86.4599,25.751,59.6022722384137,63,63,63,63,61,63,0,8047,1.25895569026649,26,-86,0.001869,51,2023-10-08 04:01:48.000431,798,1.037,0.0011,"aoml_navis",1031.1588418756
"7901009",13,0,1,0.029904,1,0.007476,1,150.229815683093,1,4.84886607367495,800,1,5.78200006484985,34.9090003967285,0.0299040004611015,0,144.869094848633,-86.4599,25.751,59.6022722384137,63,63,63,63,61,63,0,8047,1.25895569026649,26,-86,0.001869,51,2023-10-08 04:01:48.000431,800,1.037,0.0011,"aoml_navis",1031.16892156407
"7901009",13,0,1,0.029904,1,0.007476,1,150.463559297946,1,4.8488213797008,802,1,5.77899980545044,34.9090003967285,0.0299040004611015,0,145.094497680664,-86.4599,25.751,59.6022722384137,63,63,63,63,61,63,0,8047,1.25895569026649,26,-86,0.001869,51,2023-10-08 04:01:48.000431,802,1.037,0.0011,"aoml_navis",1031.17842635575
"7901009",13,0,1,0.028035,1,0.005607,1,150.833463473714,1,4.84876421839809,804,1,5.76300001144409,34.9099998474121,0.0280349999666214,0,145.451202392578,-86.4599,25.751,59.6022722384137,63,63,63,63,61,63,0,8047,1.25895569026649,26,-86,0.001869,51,2023-10-08 04:01:48.000431,804,1.037,0.0011,"aoml_navis",1031.19058275263
"7901009",13,0,1,0.029904,1,0.007476,1,151.027490295088,1,4.84870504289086,806,1,5.74399995803833,34.9109992980957,0.0299040004611015,0,145.638305664062,-86.4599,25.751,59.6022722384137,63,63,63,63,61,63,0,8047,1.25895569026649,26,-86,0.001869,51,2023-10-08 04:01:48.000431,806,1.037,0.0011,"aoml_navis",1031.20316780889
"7901009",13,0,1,0.028035,1,0.005607,1,151.050924785583,1,4.8486590047659,808,1,5.73899984359741,34.9109992980957,0.0280349999666214,0,145.660903930664,-86.4599,25.751,59.6022722384137,63,63,63,63,61,63,0,8047,1.25895569026649,26,-86,0.001869,51,2023-10-08 04:01:48.000431,808,1.037,0.0011,"aoml_navis",1031.21295910588
"7901009",13,0,1,0.031773,1,0.009345,1,151.123918239098,1,4.84861566573502,810,1,5.73799991607666,34.9109992980957,0.0317730009555817,0,145.731292724609,-86.4599,25.751,59.6022722384137,63,63,63,63,61,63,0,8047,1.25895569026649,26,-86,0.001869,51,2023-10-08 04:01:48.000431,810,1.037,0.0011,"aoml_navis",1031.2221765348
"7901009",13,0,1,0.028035,1,0.005607,1,151.176910885059,1,4.84857098004971,812,1,5.7350001335144,34.9109992980957,0.0280349999666214,0,145.78239440918,-86.4599,25.751,59.6022722384137,63,63,63,63,61,63,0,8047,1.25895569026649,26,-86,0.001869,51,2023-10-08 04:01:48.000431,812,1.037,0.0011,"aoml_navis",1031.23168054533
"7901009",13,0,1,0.026166,1,0.003738,1,151.256771704459,1,4.84852831969552,814,1,5.7350001335144,34.9109992980957,0.0261659994721413,0,145.859405517578,-86.4599,25.751,59.6022722384137,63,63,63,63,61,63,0,8047,1.25895569026649,26,-86,0.001869,51,2023-10-08 04:01:48.000431,814,1.037,0.0011,"aoml_navis",1031.24075396016
"7901009",13,0,1,0.029904,1,0.007476,1,151.289114782496,1,4.84848431212059,816,1,5.73299980163574,34.9109992980957,0.0299040004611015,0,145.890594482422,-86.4599,25.751,59.6022722384137,63,63,63,63,61,63,0,8047,1.25895569026649,26,-86,0.001869,51,2023-10-08 04:01:48.000431,816,1.037,0.0011,"aoml_navis",1031.25011408218
"7901009",13,0,1,0.031773,1,0.009345,1,151.316188660441,1,4.84844098162943,818,1,5.73199987411499,34.9109992980957,0.0317730009555817,0,145.916702270508,-86.4599,25.751,59.6022722384137,63,63,63,63,61,63,0,8047,1.25895569026649,26,-86,0.001869,51,2023-10-08 04:01:48.000431,818,1.037,0.0011,"aoml_navis",1031.25933035894
"7901009",13,0,1,0.029904,1,0.007476,1,151.470071455896,1,4.84839697840115,820,1,5.73000001907349,34.9109992980957,0.0299040004611015,0,146.065093994141,-86.4599,25.751,59.6022722384137,63,63,63,63,61,63,0,8047,1.25895569026649,26,-86,0.001869,51,2023-10-08 04:01:48.000431,820,1.037,0.0011,"aoml_navis",1031.26868989363
"7901009",13,0,1,0.031773,1,0.009345,1,151.668244014278,1,4.84835027714925,822,1,5.72399997711182,34.9109992980957,0.0317730009555817,0,146.256195068359,-86.4599,25.751,59.6022722384137,63,63,63,63,61,63,0,8047,1.25895569026649,26,-86,0.001869,51,2023-10-08 04:01:48.000431,822,1.037,0.0011,"aoml_navis",1031.27862348673
"7901009",13,0,1,0.028035,1,0.005607,1,152.022910233025,1,4.84830222856863,824,1,5.71600008010864,34.9109992980957,0.0280349999666214,0,146.598205566406,-86.4599,25.751,59.6022722384137,63,63,63,63,61,63,0,8047,1.25895569026649,26,-86,0.001869,51,2023-10-08 04:01:48.000431,824,1.037,0.0011,"aoml_navis",1031.28884386322
"7901009",13,0,1,0.028035,1,0.005607,1,152.378589150889,1,4.84825148505831,826,1,5.7039999961853,34.9109992980957,0.0280349999666214,0,146.941192626953,-86.4599,25.751,59.6022722384137,63,63,63,63,61,63,0,8047,1.25895569026649,26,-86,0.001869,51,2023-10-08 04:01:48.000431,826,1.037,0.0011,"aoml_navis",1031.29963769606
"7901009",13,0,1,0.029904,1,0.007476,1,152.73605611563,1,4.84818964848478,828,1,5.68100023269653,34.9119987487793,0.0299040004611015,0,147.285903930664,-86.4599,25.751,59.6022722384137,63,63,63,63,61,63,0,8047,1.25895569026649,26,-86,0.001869,51,2023-10-08 04:01:48.000431,828,1.037,0.0011,"aoml_navis",1031.31279147932
"7901009",13,0,1,0.029904,1,0.007476,1,152.891916839047,1,4.84813657632493,830,1,5.6710000038147,34.9129981994629,0.0299040004611015,0,147.43620300293,-86.4599,25.751,59.6022722384137,63,63,63,63,61,63,0,8047,1.25895569026649,26,-86,0.001869,51,2023-10-08 04:01:48.000431,830,1.037,0.0011,"aoml_navis",1031.32408117722
"7901009",13,0,1,0.029904,1,0.007476,1,153.012206505992,1,4.8480919073085,832,1,5.66800022125244,34.9129981994629,0.0299040004611015,0,147.552200317383,-86.4599,25.751,59.6022722384137,63,63,63,63,61,63,0,8047,1.25895569026649,26,-86,0.001869,51,2023-10-08 04:01:48.000431,832,1.037,0.0011,"aoml_navis",1031.33358352025
"7901009",13,0,1,0.028035,1,0.005607,1,153.206755500348,1,4.84804723978905,834,1,5.66499996185303,34.9129981994629,0.0280349999666214,0,147.739807128906,-86.4599,25.751,59.6022722384137,63,63,63,63,61,63,0,8047,1.25895569026649,26,-86,0.001869,51,2023-10-08 04:01:48.000431,834,1.037,0.0011,"aoml_navis",1031.34308571992
"7901009",13,0,1,0.026166,1,0.003738,1,153.512558986718,1,4.84800693625427,836,1,5.66300010681152,34.9119987487793,0.0261659994721413,0,148.034698486328,-86.4599,25.751,59.6022722384137,63,63,63,63,61,63,0,8047,1.25895569026649,26,-86,0.001869,51,2023-10-08 04:01:48.000431,836,1.037,0.0011,"aoml_navis",1031.35165971177
"7901009",13,0,1,0.029904,1,0.007476,1,154.071711309903,1,4.84796025298178,838,1,5.65700006484985,34.9119987487793,0.0299040004611015,0,148.57389831543,-86.4599,25.751,59.6022722384137,63,63,63,63,61,63,0,8047,1.25895569026649,26,-86,0.001869,51,2023-10-08 04:01:48.000431,838,1.037,0.0011,"aoml_navis",1031.36159107837
"7901009",13,0,1,0.031773,1,0.009345,1,154.983868392347,1,4.84791187820251,840,1,5.64300012588501,34.9109992980957,0.0317730009555817,0,149.453506469727,-86.4599,25.751,59.6022722384137,63,63,63,63,61,63,0,8047,1.25895569026649,26,-86,0.001869,51,2023-10-08 04:01:48.000431,840,1.037,0.0011,"aoml_navis",1031.37188249673
"7901009",13,0,1,0.031773,1,0.009345,1,155.894348191878,1,4.84782591929552,842,1,5.59499979019165,34.9140014648438,0.0317730009555817,0,150.331497192383,-86.4599,25.751,59.6022722384137,63,63,63,63,61,63,0,8047,1.25895569026649,26,-86,0.001869,51,2023-10-08 04:01:48.000431,842,1.037,0.0011,"aoml_navis",1031.39017019955
"7901009",13,0,1,0.029904,1,0.007476,1,156.610405584444,1,4.84775747911458,844,1,5.56199979782104,34.9150009155273,0.0299040004611015,0,151.022003173828,-86.4599,25.751,59.6022722384137,63,63,63,63,61,63,0,8047,1.25895569026649,26,-86,0.001869,51,2023-10-08 04:01:48.000431,844,1.037,0.0011,"aoml_navis",1031.40473126829
"7901009",13,0,1,0.029904,1,0.007476,1,157.116359557159,1,4.84769509232968,846,1,5.53800010681152,34.9160003662109,0.0299040004611015,0,151.509902954102,-86.4599,25.751,59.6022722384137,63,63,63,63,61,63,0,8047,1.25895569026649,26,-86,0.001869,51,2023-10-08 04:01:48.000431,846,1.037,0.0011,"aoml_navis",1031.41800479806
"7901009",13,0,1,0.029904,1,0.007476,1,157.427242362536,1,4.84763606236759,848,1,5.51900005340576,34.9169998168945,0.0299040004611015,0,151.809692382812,-86.4599,25.751,59.6022722384137,63,63,63,63,61,63,0,8047,1.25895569026649,26,-86,0.001869,51,2023-10-08 04:01:48.000431,848,1.037,0.0011,"aoml_navis",1031.43056443845
"7901009",13,0,1,0.028035,1,0.005607,1,157.700702770869,1,4.84758273427105,850,1,5.50299978256226,34.9169998168945,0.0280349999666214,0,152.073394775391,-86.4599,25.751,59.6022722384137,63,63,63,63,61,63,0,8047,1.25895569026649,26,-86,0.001869,51,2023-10-08 04:01:48.000431,850,1.037,0.0011,"aoml_navis",1031.44191117181
"7901009",13,0,1,0.029904,1,0.007476,1,157.859269299738,1,4.84753105538786,852,1,5.49499988555908,34.9179992675781,0.0299040004611015,0,152.226303100586,-86.4599,25.751,59.6022722384137,63,63,63,63,61,63,0,8047,1.25895569026649,26,-86,0.001869,51,2023-10-08 04:01:48.000431,852,1.037,0.0011,"aoml_navis",1031.4529072367
"7901009",13,0,1,0.031773,1,0.009345,1,158.00030347515,1,4.84748506710983,854,1,5.48999977111816,34.9179992675781,0.0317730009555817,0,152.3623046875,-86.4599,25.751,59.6022722384137,63,63,63,63,61,63,0,8047,1.25895569026649,26,-86,0.001869,51,2023-10-08 04:01:48.000431,854,1.037,0.0011,"aoml_navis",1031.46269267026
"7901009",13,0,1,0.028035,1,0.005607,1,158.135941863082,1,4.84744107984141,856,1,5.48799991607666,34.9179992675781,0.0280349999666214,0,152.493103027344,-86.4599,25.751,59.6022722384137,63,63,63,63,61,63,0,8047,1.25895569026649,26,-86,0.001869,51,2023-10-08 04:01:48.000431,856,1.037,0.0011,"aoml_navis",1031.47205250065
"7901009",13,0,1,0.028035,1,0.005607,1,158.334003657499,1,4.84739576170479,858,1,5.48400020599365,34.9179992675781,0.0280349999666214,0,152.684097290039,-86.4599,25.751,59.6022722384137,63,63,63,63,61,63,0,8047,1.25895569026649,26,-86,0.001869,51,2023-10-08 04:01:48.000431,858,1.037,0.0011,"aoml_navis",1031.48169569747
"7901009",13,0,1,0.029904,1,0.007476,1,158.606008310852,1,4.8473457814123,860,1,5.47300004959106,34.9179992675781,0.0299040004611015,0,152.946395874023,-86.4599,25.751,59.6022722384137,63,63,63,63,61,63,0,8047,1.25895569026649,26,-86,0.001869,51,2023-10-08 04:01:48.000431,860,1.037,0.0011,"aoml_navis",1031.49233115844
"7901009",13,0,1,0.029904,1,0.007476,1,158.812472343252,1,4.84729411386319,862,1,5.46500015258789,34.9189987182617,0.0299040004611015,0,153.145492553711,-86.4599,25.751,59.6022722384137,63,63,63,63,61,63,0,8047,1.25895569026649,26,-86,0.001869,51,2023-10-08 04:01:48.000431,862,1.037,0.0011,"aoml_navis",1031.50332588651
"7901009",13,0,1,0.033642,1,0.011214,1,158.973728854149,1,4.84724813503949,864,1,5.46000003814697,34.9189987182617,0.0336420014500618,0,153.300994873047,-86.4599,25.751,59.6022722384137,63,63,63,63,61,63,0,8047,1.25895569026649,26,-86,0.001869,51,2023-10-08 04:01:48.000431,864,1.037,0.0011,"aoml_navis",1031.51311026483
"7901009",13,0,1,0.029904,1,0.007476,1,159.187250133518,1,4.8472014923539,866,1,5.4539999961853,34.9189987182617,0.0299040004611015,0,153.506896972656,-86.4599,25.751,59.6022722384137,63,63,63,63,61,63,0,8047,1.25895569026649,26,-86,0.001869,51,2023-10-08 04:01:48.000431,866,1.037,0.0011,"aoml_navis",1031.52303610385
"7901009",13,0,1,0.028035,1,0.005607,1,159.404711445387,1,4.84715485164439,868,1,5.44799995422363,34.9189987182617,0.0280349999666214,0,153.716598510742,-86.4599,25.751,59.6022722384137,63,63,63,63,61,63,0,8047,1.25895569026649,26,-86,0.001869,51,2023-10-08 04:01:48.000431,868,1.037,0.0011,"aoml_navis",1031.53296171336
"7901009",13,0,1,0.031773,1,0.009345,1,159.758855491152,1,4.84710754748506,870,1,5.44099998474121,34.9189987182617,0.0317730009555817,0,154.05810546875,-86.4599,25.751,59.6022722384137,63,63,63,63,61,63,0,8047,1.25895569026649,26,-86,0.001869,51,2023-10-08 04:01:48.000431,870,1.037,0.0011,"aoml_navis",1031.54302870673
"7901009",13,0,1,0.029904,1,0.007476,1,160.071811165034,1,4.84706091082933,872,1,5.43499994277954,34.9189987182617,0.0299040004611015,0,154.359893798828,-86.4599,25.751,59.6022722384137,63,63,63,63,61,63,0,8047,1.25895569026649,26,-86,0.001869,51,2023-10-08 04:01:48.000431,872,1.037,0.0011,"aoml_navis",1031.55295383827
"7901009",13,0,1,0.029904,1,0.007476,1,160.445338904828,1,4.84700327303525,874,1,5.41800022125244,34.9199981689453,0.0299040004611015,0,154.720092773438,-86.4599,25.751,59.6022722384137,63,63,63,63,61,63,0,8047,1.25895569026649,26,-86,0.001869,51,2023-10-08 04:01:48.000431,874,1.037,0.0011,"aoml_navis",1031.56522047672
"7901009",13,0,1,0.029904,1,0.007476,1,160.770557732074,1,4.84694933394941,876,1,5.40100002288818,34.9199981689453,0.0299040004611015,0,155.033706665039,-86.4599,25.751,59.6022722384137,63,63,63,63,61,63,0,8047,1.25895569026649,26,-86,0.001869,51,2023-10-08 04:01:48.000431,876,1.037,0.0011,"aoml_navis",1031.57670020988
"7901009",13,0,1,0.031773,1,0.009345,1,160.933459879036,1,4.84689767509104,878,1,5.39300012588501,34.9210014343262,0.0317730009555817,0,155.190795898438,-86.4599,25.751,59.6022722384137,63,63,63,63,61,63,0,8047,1.25895569026649,26,-86,0.001869,51,2023-10-08 04:01:48.000431,878,1.037,0.0011,"aoml_navis",1031.58769488693
"7901009",13,0,1,0.031773,1,0.009345,1,161.146886217863,1,4.8468530402519,880,1,5.3899998664856,34.9210014343262,0.0317730009555817,0,155.396606445312,-86.4599,25.751,59.6022722384137,63,63,63,63,61,63,0,8047,1.25895569026649,26,-86,0.001869,51,2023-10-08 04:01:48.000431,880,1.037,0.0011,"aoml_navis",1031.59719481409
"7901009",13,0,1,0.029904,1,0.007476,1,161.467627016203,1,4.84680243390449,882,1,5.37799978256226,34.9210014343262,0.0299040004611015,0,155.705902099609,-86.4599,25.751,59.6022722384137,63,63,63,63,61,63,0,8047,1.25895569026649,26,-86,0.001869,51,2023-10-08 04:01:48.000431,882,1.037,0.0011,"aoml_navis",1031.60796590838
"7901009",13,0,1,0.029904,1,0.007476,1,161.712668555576,1,4.84675448543545,884,1,5.36999988555908,34.9210014343262,0.0299040004611015,0,155.942199707031,-86.4599,25.751,59.6022722384137,63,63,63,63,61,63,0,8047,1.25895569026649,26,-86,0.001869,51,2023-10-08 04:01:48.000431,884,1.037,0.0011,"aoml_navis",1031.61817150529
"7901009",13,0,1,0.028035,1,0.005607,1,161.910635409451,1,4.84670919239705,886,1,5.36600017547607,34.9210014343262,0.0280349999666214,0,156.133102416992,-86.4599,25.751,59.6022722384137,63,63,63,63,61,63,0,8047,1.25895569026649,26,-86,0.001869,51,2023-10-08 04:01:48.000431,886,1.037,0.0011,"aoml_navis",1031.62781209226
"7901009",13,0,1,0.028035,1,0.005607,1,162.265080100266,1,4.84666323759621,888,1,5.36100006103516,34.9210014343262,0.0280349999666214,0,156.474899291992,-86.4599,25.751,59.6022722384137,63,63,63,63,61,63,0,8047,1.25895569026649,26,-86,0.001869,51,2023-10-08 04:01:48.000431,888,1.037,0.0011,"aoml_navis",1031.63759371898
"7901009",13,0,1,0.028035,1,0.005607,1,162.677802460558,1,4.84660299191492,890,1,5.34000015258789,34.9220008850098,0.0280349999666214,0,156.872894287109,-86.4599,25.751,59.6022722384137,63,63,63,63,61,63,0,8047,1.25895569026649,26,-86,0.001869,51,2023-10-08 04:01:48.000431,890,1.037,0.0011,"aoml_navis",1031.65041748643
"7901009",13,0,1,0.029904,1,0.007476,1,162.829628210932,1,4.84655004214891,892,1,5.32999992370605,34.9230003356934,0.0299040004611015,0,157.019302368164,-86.4599,25.751,59.6022722384137,63,63,63,63,61,63,0,8047,1.25895569026649,26,-86,0.001869,51,2023-10-08 04:01:48.000431,892,1.037,0.0011,"aoml_navis",1031.66168852412
"7901009",13,0,1,0.031773,1,0.009345,1,162.900248150892,1,4.84650608054467,894,1,5.32800006866455,34.9230003356934,0.0317730009555817,0,157.08740234375,-86.4599,25.751,59.6022722384137,63,63,63,63,61,63,0,8047,1.25895569026649,26,-86,0.001869,51,2023-10-08 04:01:48.000431,894,1.037,0.0011,"aoml_navis",1031.67104650327
"7901009",13,0,1,0.028035,1,0.005607,1,162.984761056858,1,4.84646145836827,896,1,5.32499980926514,34.9230003356934,0.0280349999666214,0,157.168899536133,-86.4599,25.751,59.6022722384137,63,63,63,63,61,63,0,8047,1.25895569026649,26,-86,0.001869,51,2023-10-08 04:01:48.000431,896,1.037,0.0011,"aoml_navis",1031.68054527012
"7901009",13,0,1,0.026166,1,0.003738,1,163.144356108267,1,4.84641683831343,898,1,5.32200002670288,34.9230003356934,0.0261659994721413,0,157.322799682617,-86.4599,25.751,59.6022722384137,63,63,63,63,61,63,0,8047,1.25895569026649,26,-86,0.001869,51,2023-10-08 04:01:48.000431,898,1.037,0.0011,"aoml_navis",1031.69004376025
"7901009",13,0,1,0.028035,1,0.005607,1,163.20771309675,1,4.84637089528238,900,1,5.31699991226196,34.9230003356934,0.0280349999666214,0,157.383895874023,-86.4599,25.751,59.6022722384137,63,63,63,63,61,63,0,8047,1.25895569026649,26,-86,0.001869,51,2023-10-08 04:01:48.000431,900,1.037,0.0011,"aoml_navis",1031.69982406158
"7901009",13,0,1,0.031773,1,0.009345,1,163.27803239166,1,4.8463282656622,902,1,5.31699991226196,34.9230003356934,0.0317730009555817,0,157.451705932617,-86.4599,25.751,59.6022722384137,63,63,63,63,61,63,0,8047,1.25895569026649,26,-86,0.001869,51,2023-10-08 04:01:48.000431,902,1.037,0.0011,"aoml_navis",1031.70889917355
"7901009",13,0,1,0.031773,1,0.009345,1,163.476711299601,1,4.84628431352975,904,1,5.31500005722046,34.9230003356934,0.0317730009555817,0,157.643295288086,-86.4599,25.751,59.6022722384137,63,63,63,63,61,63,0,8047,1.25895569026649,26,-86,0.001869,51,2023-10-08 04:01:48.000431,904,1.037,0.0011,"aoml_navis",1031.71825599276
"7901009",13,0,1,0.029904,1,0.007476,1,163.714806355972,1,4.84624036335083,906,1,5.31300020217896,34.9230003356934,0.0299040004611015,0,157.872894287109,-86.4599,25.751,59.6022722384137,63,63,63,63,61,63,0,8047,1.25895569026649,26,-86,0.001869,51,2023-10-08 04:01:48.000431,906,1.037,0.0011,"aoml_navis",1031.72761256581
"7901009",13,0,1,0.033642,1,0.011214,1,164.16539416917,1,4.8461911146563,908,1,5.30299997329712,34.9230003356934,0.0336420014500618,0,158.307403564453,-86.4599,25.751,59.6022722384137,63,63,63,63,61,63,0,8047,1.25895569026649,26,-86,0.001869,51,2023-10-08 04:01:48.000431,908,1.037,0.0011,"aoml_navis",1031.73809734382
"7901009",13,0,1,0.029904,1,0.007476,1,164.483239280974,1,4.84612958009999,910,1,5.28000020980835,34.923999786377,0.0299040004611015,0,158.613906860352,-86.4599,25.751,59.6022722384137,63,63,63,63,61,63,0,8047,1.25895569026649,26,-86,0.001869,51,2023-10-08 04:01:48.000431,910,1.037,0.0011,"aoml_navis",1031.75119801416
"7901009",13,0,1,0.026166,1,0.003738,1,164.682551125863,1,4.84607731591225,912,1,5.27099990844727,34.9249992370605,0.0261659994721413,0,158.806106567383,-86.4599,25.751,59.6022722384137,63,63,63,63,61,63,0,8047,1.25895569026649,26,-86,0.001869,51,2023-10-08 04:01:48.000431,912,1.037,0.0011,"aoml_navis",1031.76232528985
"7901009",13,0,1,0.031773,1,0.009345,1,164.814138717328,1,4.84603270902279,914,1,5.26800012588501,34.9249992370605,0.0317730009555817,0,158.932998657227,-86.4599,25.751,59.6022722384137,63,63,63,63,61,63,0,8047,1.25895569026649,26,-86,0.001869,51,2023-10-08 04:01:48.000431,914,1.037,0.0011,"aoml_navis",1031.77182248286
"7901009",13,0,1,0.026166,1,0.003738,1,165.059085316159,1,4.84599245232226,916,1,5.26599979400635,34.923999786377,0.0261659994721413,0,159.169204711914,-86.4599,25.751,59.6022722384137,63,63,63,63,61,63,0,8047,1.25895569026649,26,-86,0.001869,51,2023-10-08 04:01:48.000431,916,1.037,0.0011,"aoml_navis",1031.78039363308
"7901009",13,0,1,0.026166,1,0.003738,1,165.508628783394,1,4.84593688991171,918,1,5.2519998550415,34.9249992370605,0.0261659994721413,0,159.60270690918,-86.4599,25.751,59.6022722384137,63,63,63,63,61,63,0,8047,1.25895569026649,26,-86,0.001869,51,2023-10-08 04:01:48.000431,918,1.037,0.0011,"aoml_navis",1031.79222379248
"7901009",13,0,1,0.029904,1,0.007476,1,165.795760629802,1,4.84587077643929,920,1,5.22200012207031,34.9259986877441,0.0299040004611015,0,159.879592895508,-86.4599,25.751,59.6022722384137,63,63,63,63,61,63,0,8047,1.25895569026649,26,-86,0.001869,51,2023-10-08 04:01:48.000431,920,1.037,0.0011,"aoml_navis",1031.80630080152
"7901009",13,0,1,0.031773,1,0.009345,1,165.866902742744,1,4.84582617471769,922,1,5.2189998626709,34.9259986877441,0.0317730009555817,0,159.948196411133,-86.4599,25.751,59.6022722384137,63,63,63,63,61,63,0,8047,1.25895569026649,26,-86,0.001869,51,2023-10-08 04:01:48.000431,922,1.037,0.0011,"aoml_navis",1031.81579770374
"7901009",13,0,1,0.029904,1,0.007476,1,166.149588207093,1,4.84578289425761,924,1,5.21799993515015,34.9259986877441,0.0299040004611015,0,160.220794677734,-86.4599,25.751,59.6022722384137,63,63,63,63,61,63,0,8047,1.25895569026649,26,-86,0.001869,51,2023-10-08 04:01:48.000431,924,1.037,0.0011,"aoml_navis",1031.8250134411
"7901009",13,0,1,0.026166,1,0.003738,1,166.456135394377,1,4.8457293327189,926,1,5.20699977874756,34.9269981384277,0.0261659994721413,0,160.516403198242,-86.4599,25.751,59.6022722384137,63,63,63,63,61,63,0,8047,1.25895569026649,26,-86,0.001869,51,2023-10-08 04:01:48.000431,926,1.037,0.0011,"aoml_navis",1031.83641856334
"7901009",13,0,1,0.033642,1,0.011214,1,166.89240300913,1,4.84567814512851,928,1,5.19399976730347,34.9269981384277,0.0336420014500618,0,160.937103271484,-86.4599,25.751,59.6022722384137,63,63,63,63,61,63,0,8047,1.25895569026649,26,-86,0.001869,51,2023-10-08 04:01:48.000431,928,1.037,0.0011,"aoml_navis",1031.8473184247
"7901009",13,0,1,0.029904,1,0.007476,1,167.128630901504,1,4.8456252375592,930,1,5.18400001525879,34.9280014038086,0.0299040004611015,0,161.164901733398,-86.4599,25.751,59.6022722384137,63,63,63,63,61,63,0,8047,1.25895569026649,26,-86,0.001869,51,2023-10-08 04:01:48.000431,930,1.037,0.0011,"aoml_navis",1031.85858477957
"7901009",13,0,1,0.033642,1,0.011214,1,167.454973191833,1,4.84558434559922,932,1,5.18100023269653,34.9269981384277,0.0336420014500618,0,161.479598999023,-86.4599,25.751,59.6022722384137,63,63,63,63,61,63,0,8047,1.25895569026649,26,-86,0.001869,51,2023-10-08 04:01:48.000431,932,1.037,0.0011,"aoml_navis",1031.86729264986
"7901009",13,0,1,0.028035,1,0.005607,1,167.922761066591,1,4.84553012642568,934,1,5.16900014877319,34.9280014038086,0.0280349999666214,0,161.930694580078,-86.4599,25.751,59.6022722384137,63,63,63,63,61,63,0,8047,1.25895569026649,26,-86,0.001869,51,2023-10-08 04:01:48.000431,934,1.037,0.0011,"aoml_navis",1031.87883875325
"7901009",13,0,1,0.029904,1,0.007476,1,168.419395042749,1,4.8454763250973,936,1,5.15199995040894,34.9280014038086,0.0299040004611015,0,162.409606933594,-86.4599,25.751,59.6022722384137,63,63,63,63,61,63,0,8047,1.25895569026649,26,-86,0.001869,51,2023-10-08 04:01:48.000431,936,1.037,0.0011,"aoml_navis",1031.89029613092
"7901009",13,0,4,0.024297,1,0.001869,1,168.937991930998,1,4.84541687630596,938,1,5.13199996948242,34.9290008544922,0.0242970008403063,0,162.909698486328,-86.4599,25.751,59.6022722384137,63,63,63,63,61,63,0,8047,1.25895569026649,26,-86,0.001869,51,2023-10-08 04:01:48.000431,938,1.037,0.0011,"aoml_navis",1031.90295647211
"7901009",13,0,1,0.031773,1,0.009345,1,169.188017848836,1,4.84535809801843,940,1,5.11299991607666,34.9300003051758,0.0317730009555817,0,163.150802612305,-86.4599,25.751,59.6022722384137,63,63,63,63,61,63,0,8047,1.25895569026649,26,-86,0.001869,51,2023-10-08 04:01:48.000431,940,1.037,0.0011,"aoml_navis",1031.91547432682
"7901009",13,0,1,0.031773,1,0.009345,1,169.291930272255,1,4.84531416711969,942,1,5.11100006103516,34.9300003051758,0.0317730009555817,0,163.251007080078,-86.4599,25.751,59.6022722384137,63,63,63,63,61,63,0,8047,1.25895569026649,26,-86,0.001869,51,2023-10-08 04:01:48.000431,942,1.037,0.0011,"aoml_navis",1031.92483037117
"7901009",13,0,1,0.031773,1,0.009345,1,169.384117538714,1,4.84527023816977,944,1,5.10900020599365,34.9300003051758,0.0317730009555817,0,163.339904785156,-86.4599,25.751,59.6022722384137,63,63,63,63,61,63,0,8047,1.25895569026649,26,-86,0.001869,51,2023-10-08 04:01:48.000431,944,1.037,0.0011,"aoml_navis",1031.93418617012
"7901009",13,0,1,0.028035,1,0.005607,1,169.627497618599,1,4.84522565460851,946,1,5.10599994659424,34.9300003051758,0.0280349999666214,0,163.574600219727,-86.4599,25.751,59.6022722384137,63,63,63,63,61,63,0,8047,1.25895569026649,26,-86,0.001869,51,2023-10-08 04:01:48.000431,946,1.037,0.0011,"aoml_navis",1031.94368155883
"7901009",13,0,1,0.029904,1,0.007476,1,170.104099140356,1,4.84517844816108,948,1,5.09899997711182,34.9300003051758,0.0299040004611015,0,164.034194946289,-86.4599,25.751,59.6022722384137,63,63,63,63,61,63,0,8047,1.25895569026649,26,-86,0.001869,51,2023-10-08 04:01:48.000431,948,1.037,0.0011,"aoml_navis",1031.95373575924
"7901009",13,0,1,0.029904,1,0.007476,1,170.428590090113,1,4.84512231076205,950,1,5.08400011062622,34.9309997558594,0.0299040004611015,0,164.347106933594,-86.4599,25.751,59.6022722384137,63,63,63,63,61,63,0,8047,1.25895569026649,26,-86,0.001869,51,2023-10-08 04:01:48.000431,950,1.037,0.0011,"aoml_navis",1031.96569236115
"7901009",13,0,1,0.028035,1,0.005607,1,170.731181421472,1,4.84506487102054,952,1,5.06699991226196,34.931999206543,0.0280349999666214,0,164.638900756836,-86.4599,25.751,59.6022722384137,63,63,63,63,61,63,0,8047,1.25895569026649,26,-86,0.001869,51,2023-10-08 04:01:48.000431,952,1.037,0.0011,"aoml_navis",1031.97792663338
"7901009",13,0,1,0.029904,1,0.007476,1,170.806263566915,1,4.84501963874958,954,1,5.06300020217896,34.931999206543,0.0299040004611015,0,164.711303710938,-86.4599,25.751,59.6022722384137,63,63,63,63,61,63,0,8047,1.25895569026649,26,-86,0.001869,51,2023-10-08 04:01:48.000431,954,1.037,0.0011,"aoml_navis",1031.98756100201
"7901009",13,0,1,0.031773,1,0.009345,1,170.844635369381,1,4.84497506281364,956,1,5.05999994277954,34.931999206543,0.0317730009555817,0,164.748306274414,-86.4599,25.751,59.6022722384137,63,63,63,63,61,63,0,8047,1.25895569026649,26,-86,0.001869,51,2023-10-08 04:01:48.000431,956,1.037,0.0011,"aoml_navis",1031.99705574879
"7901009",13,0,1,0.029904,1,0.007476,1,170.936300462858,1,4.84493245414622,958,1,5.05999994277954,34.931999206543,0.0299040004611015,0,164.836700439453,-86.4599,25.751,59.6022722384137,63,63,63,63,61,63,0,8047,1.25895569026649,26,-86,0.001869,51,2023-10-08 04:01:48.000431,958,1.037,0.0011,"aoml_navis",1032.00613162751
"7901009",13,0,1,0.028035,1,0.005607,1,171.200630755718,1,4.84488788226534,960,1,5.05700016021729,34.931999206543,0.0280349999666214,0,165.091598510742,-86.4599,25.751,59.6022722384137,63,63,63,63,61,63,0,8047,1.25895569026649,26,-86,0.001869,51,2023-10-08 04:01:48.000431,960,1.037,0.0011,"aoml_navis",1032.01562585224
"7901009",13,0,1,0.029904,1,0.007476,1,171.498047827529,1,4.84483807132921,962,1,5.0460000038147,34.931999206543,0.0299040004611015,0,165.378402709961,-86.4599,25.751,59.6022722384137,63,63,63,63,61,63,0,8047,1.25895569026649,26,-86,0.001869,51,2023-10-08 04:01:48.000431,962,1.037,0.0011,"aoml_navis",1032.02623625112
"7901009",13,0,1,0.031773,1,0.009345,1,171.792347684872,1,4.84478654190871,964,1,5.03800010681152,34.9329986572266,0.0317730009555817,0,165.662200927734,-86.4599,25.751,59.6022722384137,63,63,63,63,61,63,0,8047,1.25895569026649,26,-86,0.001869,51,2023-10-08 04:01:48.000431,964,1.037,0.0011,"aoml_navis",1032.03721293986
"7901009",13,0,1,0.028035,1,0.005607,1,172.079811823177,1,4.8447367383702,966,1,5.02699995040894,34.9329986572266,0.0280349999666214,0,165.939407348633,-86.4599,25.751,59.6022722384137,63,63,63,63,61,63,0,8047,1.25895569026649,26,-86,0.001869,51,2023-10-08 04:01:48.000431,966,1.037,0.0011,"aoml_navis",1032.04782220675
"7901009",13,0,1,0.028035,1,0.005607,1,172.318618933614,1,4.84469151808859,968,1,5.02299976348877,34.9329986572266,0.0280349999666214,0,166.169692993164,-86.4599,25.751,59.6022722384137,63,63,63,63,61,63,0,8047,1.25895569026649,26,-86,0.001869,51,2023-10-08 04:01:48.000431,968,1.037,0.0011,"aoml_navis",1032.05745532642
"7901009",13,0,1,0.031773,1,0.009345,1,172.740376468837,1,4.84464172082313,970,1,5.01200008392334,34.9329986572266,0.0317730009555817,0,166.576400756836,-86.4599,25.751,59.6022722384137,63,63,63,63,61,63,0,8047,1.25895569026649,26,-86,0.001869,51,2023-10-08 04:01:48.000431,970,1.037,0.0011,"aoml_navis",1032.06806367313
"7901009",13,0,1,0.028035,1,0.005607,1,173.022745464711,1,4.84458693388173,972,1,4.99900007247925,34.9339981079102,0.0280349999666214,0,166.848693847656,-86.4599,25.751,59.6022722384137,63,63,63,63,61,63,0,8047,1.25895569026649,26,-86,0.001869,51,2023-10-08 04:01:48.000431,972,1.037,0.0011,"aoml_navis",1032.079735226
"7901009",13,0,1,0.028035,1,0.005607,1,173.210759385081,1,4.84454041205057,974,1,4.99300003051758,34.9339981079102,0.0280349999666214,0,167.029998779297,-86.4599,25.751,59.6022722384137,63,63,63,63,61,63,0,8047,1.25895569026649,26,-86,0.001869,51,2023-10-08 04:01:48.000431,974,1.037,0.0011,"aoml_navis",1032.08964622583
"7901009",13,0,1,0.028035,1,0.005607,1,173.506720701911,1,4.84449454546819,976,1,4.98799991607666,34.9339981079102,0.0280349999666214,0,167.315399169922,-86.4599,25.751,59.6022722384137,63,63,63,63,61,63,0,8047,1.25895569026649,26,-86,0.001869,51,2023-10-08 04:01:48.000431,976,1.037,0.0011,"aoml_navis",1032.09941781796
"7901009",13,0,1,0.026166,1,0.003738,1,173.88990073016,1,4.84444933429506,978,1,4.98400020599365,34.9339981079102,0.0261659994721413,0,167.684906005859,-86.4599,25.751,59.6022722384137,63,63,63,63,61,63,0,8047,1.25895569026649,26,-86,0.001869,51,2023-10-08 04:01:48.000431,978,1.037,0.0011,"aoml_navis",1032.10904996028
"7901009",13,0,1,0.031773,1,0.009345,1,178.363530724654,1,4.84391781611839,999.5,1,4.89370012283325,34.9379997253418,0.0317730009555817,0,171.998901367188,-86.4599,25.751,59.6022722384137,63,63,63,63,61,63,0,8047,1.25895569026649,26,-86,0.001869,51,2023-10-08 04:01:48.000431,999.5,1.037,0.0011,"aoml_navis",1032.22230223689
"7901009",13,0,1,0.031773,1,0.009345,1,183.224486484406,1,4.84274063187507,1049.30004882812,1,4.75309991836548,34.9449996948242,0.0317730009555817,0,176.686401367188,-86.4599,25.751,59.6022722384137,63,63,63,63,61,63,0,8047,1.25895569026649,26,-86,0.001869,51,2023-10-08 04:01:48.000431,1049.30004882812,1.037,0.0011,"aoml_navis",1032.47321714689
"7901009",13,0,1,0.026166,1,0.003738,1,187.370634902065,1,4.8415961780696,1099.40002441406,1,4.64830017089844,34.9480018615723,0.0261659994721413,0,180.684600830078,-86.4599,25.751,59.6022722384137,63,63,63,63,61,63,0,8047,1.25895569026649,26,-86,0.001869,51,2023-10-08 04:01:48.000431,1099.40002441406,1.037,0.0011,"aoml_navis",1032.71727259037
"7901009",13,0,1,0.029904,1,0.007476,1,190.424302500828,1,4.84047435242628,1149.30004882812,1,4.57009983062744,34.951000213623,0.0299040004611015,0,183.629302978516,-86.4599,25.751,59.6022722384137,63,63,63,63,61,63,0,8047,1.25895569026649,26,-86,0.001869,51,2023-10-08 04:01:48.000431,1149.30004882812,1.037,0.0011,"aoml_navis",1032.956614571
"7901009",13,0,1,0.026166,1,0.003738,1,193.352078940656,1,4.83934785712988,1199.69995117188,1,4.49930000305176,34.9539985656738,0.0261659994721413,0,186.452606201172,-86.4599,25.751,59.6022722384137,63,63,63,63,61,63,0,8047,1.25895569026649,26,-86,0.001869,51,2023-10-08 04:01:48.000431,1199.69995117188,1.037,0.0011,"aoml_navis",1033.19706448327
"7901009",13,0,1,0.031773,1,0.009345,1,196.082394876169,1,4.83823905959822,1249.5,1,4.43440008163452,34.9570007324219,0.0317730009555817,0,189.085494995117,-86.4599,25.751,59.6022722384137,63,63,63,63,61,63,0,8047,1.25895569026649,26,-86,0.001869,51,2023-10-08 04:01:48.000431,1249.5,1.037,0.0011,"aoml_navis",1033.43384615956
"7901009",13,0,1,0.028035,1,0.005607,1,198.303766211887,1,4.83715331554057,1299.40002441406,1,4.40049982070923,34.9589996337891,0.0280349999666214,0,191.227600097656,-86.4599,25.751,59.6022722384137,63,63,63,63,61,63,0,8047,1.25895569026649,26,-86,0.001869,51,2023-10-08 04:01:48.000431,1299.40002441406,1.037,0.0011,"aoml_navis",1033.6658099995
"7901009",13,0,1,0.028035,1,0.005607,1,199.452974004737,1,4.83607963406546,1348.90002441406,1,4.3701000213623,34.9609985351562,0.0280349999666214,0,192.335800170898,-86.4599,25.751,59.6022722384137,63,63,63,63,61,63,0,8047,1.25895569026649,26,-86,0.001869,51,2023-10-08 04:01:48.000431,1348.90002441406,1.037,0.0011,"aoml_navis",1033.8952991551
"7901009",13,0,1,0.035511,1,0.013083,1,200.372583919742,1,4.83499378374621,1399.69995117188,1,4.35519981384277,34.9620018005371,0.0355109982192516,0,193.222595214844,-86.4599,25.751,59.6022722384137,63,63,63,63,61,63,0,8047,1.25895569026649,26,-86,0.001869,51,2023-10-08 04:01:48.000431,1399.69995117188,1.037,0.0011,"aoml_navis",1034.12749294704
"7901009",13,0,1,0.029904,1,0.007476,1,201.38191264711,1,4.83393232284977,1449.59997558594,1,4.34070014953613,34.9620018005371,0.0299040004611015,0,194.195907592773,-86.4599,25.751,59.6022722384137,63,63,63,63,61,63,0,8047,1.25895569026649,26,-86,0.001869,51,2023-10-08 04:01:48.000431,1449.59997558594,1.037,0.0011,"aoml_navis",1034.35457223206
"7901009",13,0,1,0.029904,1,0.007476,1,202.171897075188,1,4.83286136624474,1499.90002441406,1,4.32789993286133,34.9630012512207,0.0299040004611015,0,194.957702636719,-86.4599,25.751,59.6022722384137,63,63,63,63,61,63,0,8047,1.25895569026649,26,-86,0.001869,51,2023-10-08 04:01:48.000431,1499.90002441406,1.037,0.0011,"aoml_navis",1034.58378403375
"7901009",13,0,4,0.024297,1,0.001869,1,203.330234983511,1,4.83179981042969,1549.80004882812,1,4.31440019607544,34.9640007019043,0.0242970008403063,0,196.07470703125,-86.4599,25.751,59.6022722384137,63,63,63,63,61,63,0,8047,1.25895569026649,26,-86,0.001869,51,2023-10-08 04:01:48.000431,1549.80004882812,1.037,0.0011,"aoml_navis",1034.81108410312
"7901009",13,0,1,0.026166,1,0.003738,1,204.074695421613,1,4.83073727675909,1599.90002441406,1,4.30350017547607,34.9650001525879,0.0261659994721413,0,196.792602539062,-86.4599,25.751,59.6022722384137,63,63,63,63,61,63,0,8047,1.25895569026649,26,-86,0.001869,51,2023-10-08 04:01:48.000431,1599.90002441406,1.037,0.0011,"aoml_navis",1035.03869358726
"7901009",13,0,1,0.029904,1,0.007476,1,204.675115233799,1,4.82970310111105,1648.90002441406,1,4.29820013046265,34.9659996032715,0.0299040004611015,0,197.371597290039,-86.4599,25.751,59.6022722384137,63,63,63,63,61,63,0,8047,1.25895569026649,26,-86,0.001869,51,2023-10-08 04:01:48.000431,1648.90002441406,1.037,0.0011,"aoml_navis",1035.26032456318
"7901009",13,0,1,0.028035,1,0.005607,1,205.094072023028,1,4.82868329138662,1697.5,1,4.29419994354248,34.9659996032715,0.0280349999666214,0,197.775604248047,-86.4599,25.751,59.6022722384137,63,63,63,63,61,63,0,8047,1.25895569026649,26,-86,0.001869,51,2023-10-08 04:01:48.000431,1697.5,1.037,0.0011,"aoml_navis",1035.47896978851
"7901009",13,0,1,0.035511,1,0.013083,1,205.52276021783,1,4.827584081913,1749.80004882812,1,4.29029989242554,34.9669990539551,0.0355109982192516,0,198.188995361328,-86.4599,25.751,59.6022722384137,63,63,63,63,61,63,0,8047,1.25895569026649,26,-86,0.001869,51,2023-10-08 04:01:48.000431,1749.80004882812,1.037,0.0011,"aoml_navis",1035.71474161019
"7901009",13,0,1,0.029904,1,0.007476,1,205.824639495123,1,4.82655024124923,1799.30004882812,1,4.28879976272583,34.9669990539551,0.0299040004611015,0,198.480102539062,-86.4599,25.751,59.6022722384137,63,63,63,63,61,63,0,8047,1.25895569026649,26,-86,0.001869,51,2023-10-08 04:01:48.000431,1799.30004882812,1.037,0.0011,"aoml_navis",1035.93659033494
"7901009",13,0,1,0.029904,1,0.007476,1,206.169954070465,1,4.82550037453095,1849.69995117188,1,4.28900003433228,34.9669990539551,0.0299040004611015,0,198.813095092773,-86.4599,25.751,59.6022722384137,63,63,63,63,61,63,0,8047,1.25895569026649,26,-86,0.001869,51,2023-10-08 04:01:48.000431,1849.69995117188,1.037,0.0011,"aoml_navis",1036.16197532386
"7901009",13,0,1,0.028035,1,0.005607,1,206.320735474875,1,4.82445731792893,1899.80004882812,1,4.28779983520508,34.9669990539551,0.0280349999666214,0,198.95849609375,-86.4599,25.751,59.6022722384137,63,63,63,63,61,63,0,8047,1.25895569026649,26,-86,0.001869,51,2023-10-08 04:01:48.000431,1899.80004882812,1.037,0.0011,"aoml_navis",1036.38599546082
"7901009",13,0,1,0.029904,1,0.007476,1,206.43605658678,1,4.82340852593281,1950.09997558594,1,4.28730010986328,34.9679985046387,0.0299040004611015,0,199.069702148438,-86.4599,25.751,59.6022722384137,63,63,63,63,61,63,0,8047,1.25895569026649,26,-86,0.001869,51,2023-10-08 04:01:48.000431,1950.09997558594,1.037,0.0011,"aoml_navis",1036.61134509295
"7901009",13,0,1,0.029904,1,0.007476,1,204.074584657647,4,4.82241832151247,1997.90002441406,1,4.28900003433228,34.9679985046387,0.0299040004611015,0,196.792495727539,-86.4599,25.751,59.6022722384137,63,63,63,63,61,63,0,8047,1.25895569026649,26,-86,0.001869,51,2023-10-08 04:01:48.000431,1997.90002441406,1.037,0.0011,"aoml_navis",1036.82419621196
"7901009",14,99999,9,99999,9,99999,9,192.424632874638,1,4.88735602322722,0.800000011920929,1,28.6009998321533,36.1279983520508,99999,99999,185.558197021484,-87.9019,25.5142,79.4671984194489,63,63,63,63,61,63,99999,8045,1.29563008188212,26,-88,0.001869,51,2023-10-18 11:25:41.001216,0.800000011920929,1.037,0.0011,"aoml_navis",1023.04803992945
"7901009",14,0.0908801066342587,1,0.140175,1,0.117747,1,192.467767541028,1,4.88737772548123,2,1,28.6119995117188,36.1199989318848,0.140174999833107,0.136436998844147,185.599792480469,-87.9019,25.5142,79.4671984194489,63,63,63,63,61,63,0.117747,8045,1.29563008188212,26,-88,0.001869,51,2023-10-18 11:25:41.001216,2,1.037,0.0011,"aoml_navis",1023.04349711535
"7901009",14,0.0908801066342587,1,0.140175,1,0.117747,1,192.603928144212,1,4.8873500057178,4,1,28.6180000305176,36.1189994812012,0.140174999833107,0.136436998844147,185.731094360352,-87.9019,25.5142,79.4671984194489,63,63,63,63,61,63,0.117747,8045,1.29563008188212,26,-88,0.001869,51,2023-10-18 11:25:41.001216,4,1.037,0.0011,"aoml_navis",1023.04929954892
"7901009",14,0.0894375652591117,1,0.138306,1,0.115878,1,192.506044414834,1,4.8873091603211,6,1,28.6180000305176,36.1189994812012,0.138306006789207,0.136436998844147,185.636703491211,-87.9019,25.5142,79.4671984194489,63,63,63,63,61,63,0.115878,8045,1.29563008188212,26,-88,0.001869,51,2023-10-18 11:25:41.001216,6,1.037,0.0011,"aoml_navis",1023.05784962282
"7901009",14,0.0851099411336708,1,0.132699,1,0.110271,1,192.545128283499,1,4.88726472807474,8,1,28.6180000305176,36.1199989318848,0.132698997855186,0.136436998844147,185.674392700195,-87.9019,25.5142,79.4671984194489,63,63,63,63,61,63,0.110271,8045,1.29563008188212,26,-88,0.001869,51,2023-10-18 11:25:41.001216,8,1.037,0.0011,"aoml_navis",1023.06715068608
"7901009",14,0.0894375652591117,1,0.138306,1,0.115878,1,192.534352528616,1,4.88722706864118,10,1,28.6200008392334,36.1199989318848,0.138306006789207,0.136436998844147,185.664001464844,-87.9019,25.5142,79.4671984194489,63,63,63,63,61,63,0.115878,8045,1.29563008188212,26,-88,0.001869,51,2023-10-18 11:25:41.001216,10,1.037,0.0011,"aoml_navis",1023.07503411954
"7901009",14,0.0952077307596995,1,0.145782,1,0.123354,1,192.584860912737,1,4.88718781964355,12,1,28.621000289917,36.1199989318848,0.145781993865967,0.136436998844147,185.712707519531,-87.9019,25.5142,79.4671984194489,63,63,63,63,61,63,0.123354,8045,1.29563008188212,26,-88,0.001869,51,2023-10-18 11:25:41.001216,12,1.037,0.0011,"aoml_navis",1023.08325043351
"7901009",14,0.0865524825088178,1,0.134568,1,0.11214,1,192.464349680448,1,4.88714698386027,14,1,28.621000289917,36.1199989318848,0.134568005800247,0.136436998844147,185.596496582031,-87.9019,25.5142,79.4671984194489,63,63,63,63,61,63,0.11214,8045,1.29563008188212,26,-88,0.001869,51,2023-10-18 11:25:41.001216,14,1.037,0.0011,"aoml_navis",1023.0917990624
"7901009",14,0.0966502721348465,1,0.147651,1,0.125223,1,192.574069334426,1,4.88710615041622,16,1,28.621000289917,36.1199989318848,0.147651001811028,0.136436998844147,185.702301025391,-87.9019,25.5142,79.4671984194489,63,63,63,63,61,63,0.125223,8045,1.29563008188212,26,-88,0.001869,51,2023-10-18 11:25:41.001216,16,1.037,0.0011,"aoml_navis",1023.10034734444
"7901009",14,0.0879950238839647,1,0.136437,1,0.114009,1,192.520459558297,1,4.88706890794889,18,1,28.621000289917,36.1189994812012,0.136436998844147,0.136436998844147,185.650604248047,-87.9019,25.5142,79.4671984194489,63,63,63,63,61,63,0.114009,8045,1.29563008188212,26,-88,0.001869,51,2023-10-18 11:25:41.001216,18,1.037,0.0011,"aoml_navis",1023.10814399761
"7901009",14,0.0894375652591117,1,0.138306,1,0.115878,1,192.513718777709,1,4.88702489734778,20,1,28.6189994812012,36.1189994812012,0.138306006789207,0.136436998844147,185.644104003906,-87.9019,25.5142,79.4671984194489,63,63,63,63,61,63,0.115878,8045,1.29563008188212,26,-88,0.001869,51,2023-10-18 11:25:41.001216,20,1.037,0.0011,"aoml_navis",1023.11735770234
"7901009",14,0.0822248583833769,4,0.128961,1,0.106533,1,192.509462275414,1,4.88698248137329,22,1,28.6180000305176,36.1189994812012,0.128960996866226,0.136436998844147,185.639999389648,-87.9019,25.5142,79.4671984194489,63,63,63,63,61,63,0.106533,8045,1.29563008188212,26,-88,0.001869,51,2023-10-18 11:25:41.001216,22,1.037,0.0011,"aoml_navis",1023.12623772593
"7901009",14,0.0865524825088178,1,0.134568,1,0.11214,1,192.536947570908,1,4.88694165702982,24,1,28.6180000305176,36.1189994812012,0.134568005800247,0.136436998844147,185.66650390625,-87.9019,25.5142,79.4671984194489,63,63,63,63,61,63,0.11214,8045,1.29563008188212,26,-88,0.001869,51,2023-10-18 11:25:41.001216,24,1.037,0.0011,"aoml_navis",1023.13478467817
"7901009",14,0.0879950238839647,1,0.136437,1,0.114009,1,192.503971545686,1,4.88690083502452,26,1,28.6180000305176,36.1189994812012,0.136436998844147,0.136436998844147,185.634704589844,-87.9019,25.5142,79.4671984194489,63,63,63,63,61,63,0.114009,8045,1.29563008188212,26,-88,0.001869,51,2023-10-18 11:25:41.001216,26,1.037,0.0011,"aoml_navis",1023.14333128368
"7901009",14,0.0851099411336708,1,0.132699,1,0.110271,1,192.420803604915,1,4.88686160484403,28,1,28.6189994812012,36.1189994812012,0.132698997855186,0.136436998844147,185.554504394531,-87.9019,25.5142,79.4671984194489,63,63,63,63,61,63,0.110271,8045,1.29563008188212,26,-88,0.001869,51,2023-10-18 11:25:41.001216,28,1.037,0.0011,"aoml_navis",1023.15154475499
"7901009",14,0.0836673997585238,1,0.13083,1,0.108402,1,192.532691068612,1,4.88682078756297,30,1,28.6189994812012,36.1189994812012,0.130830004811287,0.136436998844147,185.662399291992,-87.9019,25.5142,79.4671984194489,63,63,63,63,61,63,0.108402,8045,1.29563008188212,26,-88,0.001869,51,2023-10-18 11:25:41.001216,30,1.037,0.0011,"aoml_navis",1023.16009065138
"7901009",14,0.0879950238839647,1,0.136437,1,0.114009,1,192.545444752071,1,4.88677361146616,32,1,28.6149997711182,36.1189994812012,0.136436998844147,0.136436998844147,185.674697875977,-87.9019,25.5142,79.4671984194489,63,63,63,63,61,63,0.114009,8045,1.29563008188212,26,-88,0.001869,51,2023-10-18 11:25:41.001216,32,1.037,0.0011,"aoml_navis",1023.16996806813
"7901009",14,0.0836673997585238,1,0.13083,1,0.108402,1,192.506455823978,1,4.88672239892574,34.0999984741211,1,28.6119995117188,36.1199989318848,0.130830004811287,0.136436998844147,185.637100219727,-87.9019,25.5142,79.4671984194489,63,63,63,63,61,63,0.108402,8045,1.29563008188212,26,-88,0.001869,51,2023-10-18 11:25:41.001216,34.0999984741211,1.037,0.0011,"aoml_navis",1023.18069082442
"7901009",14,0.0851099411336708,1,0.132699,1,0.110271,1,192.481359866203,1,4.88667999910699,36.0999984741211,1,28.6110000610352,36.1199989318848,0.132698997855186,0.136436998844147,185.612899780273,-87.9019,25.5142,79.4671984194489,63,63,63,63,61,63,0.110271,8045,1.29563008188212,26,-88,0.001869,51,2023-10-18 11:25:41.001216,36.0999984741211,1.037,0.0011,"aoml_navis",1023.18956856469
"7901009",14,0.0836673997585238,1,0.13083,1,0.108402,1,192.527089574884,1,4.88663964188453,38,1,28.6100006103516,36.1199989318848,0.130830004811287,0.136436998844147,185.656997680664,-87.9019,25.5142,79.4671984194489,63,63,63,63,61,63,0.108402,8045,1.29563008188212,26,-88,0.001869,51,2023-10-18 11:25:41.001216,38,1.037,0.0011,"aoml_navis",1023.19801876607
"7901009",14,0.0865524825088178,1,0.134568,1,0.11214,1,192.513196604565,1,4.88661351122078,40.0999984741211,1,28.6159992218018,36.1180000305176,0.134568005800247,0.136436998844147,185.643600463867,-87.9019,25.5142,79.4671984194489,63,63,63,63,61,63,0.11214,8045,1.29563008188212,26,-88,0.001869,51,2023-10-18 11:25:41.001216,40.0999984741211,1.037,0.0011,"aoml_navis",1023.20349021236
"7901009",14,0.0879950238839647,1,0.136437,1,0.114009,1,192.478242650767,1,4.88656712592007,42.0999984741211,1,28.617000579834,36.1199989318848,0.136436998844147,0.136436998844147,185.609893798828,-87.9019,25.5142,79.4671984194489,63,63,63,63,61,63,0.114009,8045,1.29563008188212,26,-88,0.001869,51,2023-10-18 11:25:41.001216,42.0999984741211,1.037,0.0011,"aoml_navis",1023.21320287984
"7901009",14,0.0836673997585238,1,0.13083,1,0.108402,1,192.463115453017,1,4.88653109780173,44.0999984741211,1,28.6200008392334,36.1199989318848,0.130830004811287,0.136436998844147,185.595306396484,-87.9019,25.5142,79.4671984194489,63,63,63,63,61,63,0.108402,8045,1.29563008188212,26,-88,0.001869,51,2023-10-18 11:25:41.001216,44.0999984741211,1.037,0.0011,"aoml_navis",1023.22074697311
"7901009",14,0.0879950238839647,1,0.136437,1,0.114009,1,192.401103436296,1,4.88649119623348,45.9000015258789,1,28.6180000305176,36.1199989318848,0.136436998844147,0.136436998844147,185.535507202148,-87.9019,25.5142,79.4671984194489,63,63,63,63,61,63,0.114009,8045,1.29563008188212,26,-88,0.001869,51,2023-10-18 11:25:41.001216,45.9000015258789,1.037,0.0011,"aoml_navis",1023.22910227568
"7901009",14,0.0879950238839647,1,0.136437,1,0.114009,1,192.430028663794,1,4.88644836020248,48,1,28.6180000305176,36.1199989318848,0.136436998844147,0.136436998844147,185.563400268555,-87.9019,25.5142,79.4671984194489,63,63,63,63,61,63,0.114009,8045,1.29563008188212,26,-88,0.001869,51,2023-10-18 11:25:41.001216,48,1.037,0.0011,"aoml_navis",1023.23807220032
"7901009",14,0.0836673997585238,1,0.13083,1,0.108402,1,192.467261191312,1,4.88640552674646,50.0999984741211,1,28.6180000305176,36.1199989318848,0.130830004811287,0.136436998844147,185.599304199219,-87.9019,25.5142,79.4671984194489,63,63,63,63,61,63,0.108402,8045,1.29563008188212,26,-88,0.001869,51,2023-10-18 11:25:41.001216,50.0999984741211,1.037,0.0011,"aoml_navis",1023.24704174301
"7901009",14,0.0836673997585238,1,0.13083,1,0.108402,1,192.380770330533,1,4.88638109587556,52,1,28.6270008087158,36.1199989318848,0.130830004811287,0.136436998844147,185.515899658203,-87.9019,25.5142,79.4671984194489,63,63,63,63,61,63,0.108402,8045,1.29563008188212,26,-88,0.001869,51,2023-10-18 11:25:41.001216,52,1.037,0.0011,"aoml_navis",1023.25215776157
"7901009",14,0.0865524825088178,1,0.134568,1,0.11214,1,192.375485305378,1,4.88633826778194,54.0999984741211,1,28.6270008087158,36.1199989318848,0.134568005800247,0.136436998844147,185.510803222656,-87.9019,25.5142,79.4671984194489,63,63,63,63,61,63,0.11214,8045,1.29563008188212,26,-88,0.001869,51,2023-10-18 11:25:41.001216,54.0999984741211,1.037,0.0011,"aoml_navis",1023.26112642825
"7901009",14,0.0865524825088178,1,0.134568,1,0.11214,1,192.347588600739,1,4.88629792722133,56,1,28.6259994506836,36.1199989318848,0.134568005800247,0.136436998844147,185.483901977539,-87.9019,25.5142,79.4671984194489,63,63,63,63,61,63,0.11214,8045,1.29563008188212,26,-88,0.001869,51,2023-10-18 11:25:41.001216,56,1.037,0.0011,"aoml_navis",1023.26957432236
"7901009",14,0.0894375652591117,1,0.138306,1,0.115878,1,192.338142013859,1,4.88625873663425,58,1,28.6270008087158,36.1199989318848,0.138306006789207,0.136436998844147,185.474792480469,-87.9019,25.5142,79.4671984194489,63,63,63,63,61,63,0.115878,8045,1.29563008188212,26,-88,0.001869,51,2023-10-18 11:25:41.001216,58,1.037,0.0011,"aoml_navis",1023.27778152904
"7901009",14,0.0937651893845526,1,0.143913,1,0.121485,1,192.346132845307,1,4.88621636130072,60,1,28.6259994506836,36.1199989318848,0.143913000822067,0.136436998844147,185.482498168945,-87.9019,25.5142,79.4671984194489,63,63,63,63,61,63,0.121485,8045,1.29563008188212,26,-88,0.001869,51,2023-10-18 11:25:41.001216,60,1.037,0.0011,"aoml_navis",1023.28665582647
"7901009",14,0.0836673997585238,4,0.13083,1,0.108402,1,192.291383782318,1,4.88617762072831,61.9000015258789,1,28.6259994506836,36.1199989318848,0.130830004811287,0.136436998844147,185.429702758789,-87.9019,25.5142,79.4671984194489,63,63,63,63,61,63,0.108402,8045,1.29563008188212,26,-88,0.001869,51,2023-10-18 11:25:41.001216,61.9000015258789,1.037,0.0011,"aoml_navis",1023.29476906219
"7901009",14,0.0966502721348465,1,0.147651,1,0.125223,1,192.244514786777,1,4.88614035414735,64,1,28.6340007781982,36.1220016479492,0.147651001811028,0.136436998844147,185.384506225586,-87.9019,25.5142,79.4671984194489,63,63,63,63,61,63,0.125223,8045,1.29563008188212,26,-88,0.001869,51,2023-10-18 11:25:41.001216,64,1.037,0.0011,"aoml_navis",1023.30257372898
"7901009",14,0.0980928135099935,1,0.14952,1,0.127092,1,192.165081175158,1,4.88610477062668,66,1,28.6350002288818,36.1209983825684,0.149519994854927,0.136436998844147,185.307907104492,-87.9019,25.5142,79.4671984194489,63,63,63,63,61,63,0.127092,8045,1.29563008188212,26,-88,0.001869,51,2023-10-18 11:25:41.001216,66,1.037,0.0011,"aoml_navis",1023.31002602687
"7901009",14,0.0952077307596995,1,0.145782,1,0.123354,1,192.230922461602,1,4.88606399871351,68,1,28.6350002288818,36.1209983825684,0.145781993865967,0.136436998844147,185.371398925781,-87.9019,25.5142,79.4671984194489,63,63,63,63,61,63,0.123354,8045,1.29563008188212,26,-88,0.001869,51,2023-10-18 11:25:41.001216,68,1.037,0.0011,"aoml_navis",1023.31856506924
"7901009",14,0.0952077307596995,1,0.145782,1,0.123354,1,192.197740731808,1,4.88601922620325,70,1,28.636999130249,36.1230010986328,0.145781993865967,0.136436998844147,185.339401245117,-87.9019,25.5142,79.4671984194489,63,63,63,63,61,63,0.123354,8045,1.29563008188212,26,-88,0.001869,51,2023-10-18 11:25:41.001216,70,1.037,0.0011,"aoml_navis",1023.32794213856
"7901009",14,0.111075685886316,1,0.166341,1,0.143913,1,192.104097681297,1,4.8859605310558,72,1,28.636999130249,36.1279983520508,0.166341006755829,0.153257995843887,185.249099731445,-87.9019,25.5142,79.4671984194489,63,63,63,63,61,63,0.143913,8045,1.29563008188212,26,-88,0.001869,51,2023-10-18 11:25:41.001216,72,1.037,0.0011,"aoml_navis",1023.34023539882
"7901009",14,0.115403310011757,1,0.171948,1,0.14952,1,192.08927112869,1,4.88591616778595,74,1,28.636999130249,36.1290016174316,0.171948000788689,0.158865004777908,185.234802246094,-87.9019,25.5142,79.4671984194489,63,63,63,63,61,63,0.14952,8045,1.29563008188212,26,-88,0.001869,51,2023-10-18 11:25:41.001216,74,1.037,0.0011,"aoml_navis",1023.34952715035
"7901009",14,0.122616016887492,1,0.181293,1,0.158865,1,191.978934360997,1,4.88587496258305,76.0999984741211,1,28.6380004882812,36.1290016174316,0.181292995810509,0.168209999799728,185.128402709961,-87.9019,25.5142,79.4671984194489,63,63,63,63,61,63,0.158865,8045,1.29563008188212,26,-88,0.001869,51,2023-10-18 11:25:41.001216,76.0999984741211,1.037,0.0011,"aoml_navis",1023.35815760553
"7901009",14,0.135598889263814,1,0.198114,1,0.175686,1,191.880939867619,1,4.88581512899117,78,1,28.6359996795654,36.1339988708496,0.198113992810249,0.185030996799469,185.033905029297,-87.9019,25.5142,79.4671984194489,63,63,63,63,61,63,0.175686,8045,1.29563008188212,26,-88,0.001869,51,2023-10-18 11:25:41.001216,78,1.037,0.0011,"aoml_navis",1023.37069004746
"7901009",14,0.163007175391607,1,0.233625,1,0.211197,1,191.661817028235,1,4.88569668752516,80,1,28.621000289917,36.148998260498,0.233624994754791,0.220541998744011,184.822601318359,-87.9019,25.5142,79.4671984194489,63,63,63,63,61,63,0.211197,8045,1.29563008188212,26,-88,0.001869,51,2023-10-18 11:25:41.001216,80,1.037,0.0011,"aoml_navis",1023.39549910388
"7901009",14,0.181760213268517,1,0.257922,1,0.235494,1,191.381093581275,1,4.88557824382898,82,1,28.6060009002686,36.1640014648438,0.257921993732452,0.244838997721672,184.551895141602,-87.9019,25.5142,79.4671984194489,63,63,63,63,61,63,0.235494,8045,1.29563008188212,26,-88,0.001869,51,2023-10-18 11:25:41.001216,82,1.037,0.0011,"aoml_navis",1023.42030983038
"7901009",14,0.233691702773808,1,0.325206,1,0.302778,1,190.754754806629,1,4.88534750963164,84,1,28.5699996948242,36.201000213623,0.325206011533737,0.312123000621796,183.947906494141,-87.9019,25.5142,79.4671984194489,63,63,63,63,61,63,0.302778,8045,1.29563008188212,26,-88,0.001869,51,2023-10-18 11:25:41.001216,84,1.037,0.0011,"aoml_navis",1023.46864581124
"7901009",14,0.372175674787916,1,0.50463,1,0.482202,1,190.053840212945,1,4.88454421465868,85.9000015258789,1,28.3729991912842,36.3269996643066,0.504630029201508,0.491546988487244,183.272003173828,-87.9019,25.5142,79.4671984194489,63,63,63,63,61,63,0.482202,8045,1.29563008188212,26,-88,0.001869,51,2023-10-18 11:25:41.001216,85.9000015258789,1.037,0.0011,"aoml_navis",1023.63696186736
"7901009",14,0.402469043666003,1,0.543879,1,0.521451,1,189.429352779446,1,4.88423648740393,88,1,28.2689990997314,36.3549995422363,0.543878972530365,0.530795991420746,182.669799804688,-87.9019,25.5142,79.4671984194489,63,63,63,63,61,63,0.521451,8045,1.29563008188212,26,-88,0.001869,51,2023-10-18 11:25:41.001216,88,1.037,0.0011,"aoml_navis",1023.70145526217
"7901009",14,0.416894457417472,1,0.562569,1,0.540141,1,188.772933667012,1,4.8840038970421,90,1,28.1770000457764,36.3680000305176,0.56256902217865,0.549485981464386,182.036804199219,-87.9019,25.5142,79.4671984194489,63,63,63,63,61,63,0.540141,8045,1.29563008188212,26,-88,0.001869,51,2023-10-18 11:25:41.001216,90,1.037,0.0011,"aoml_navis",1023.75020688009
"7901009",14,0.431319871168942,1,0.581259,1,0.558831,1,188.165867828412,1,4.88385067006141,92,1,28.117000579834,36.3730010986328,0.58125901222229,0.568175971508026,181.451400756836,-87.9019,25.5142,79.4671984194489,63,63,63,63,61,63,0.558831,8045,1.29563008188212,26,-88,0.001869,51,2023-10-18 11:25:41.001216,92,1.037,0.0011,"aoml_navis",1023.78232623913
"7901009",14,0.490464067549967,1,0.657888,1,0.63546,1,187.221984488431,1,4.88358536476635,94,1,28.0130004882812,36.3899993896484,0.657887995243073,0.644805014133453,180.541198730469,-87.9019,25.5142,79.4671984194489,63,63,63,63,61,63,0.63546,8045,1.29563008188212,26,-88,0.001869,51,2023-10-18 11:25:41.001216,94,1.037,0.0011,"aoml_navis",1023.83794416159
"7901009",14,0.457285615921587,1,0.614901,1,0.592473,1,187.065601543484,1,4.88337960337816,96,1,27.9169998168945,36.3940010070801,0.614901006221771,0.601818025112152,180.390396118164,-87.9019,25.5142,79.4671984194489,63,63,63,63,61,63,0.592473,8045,1.29563008188212,26,-88,0.001869,51,2023-10-18 11:25:41.001216,96,1.037,0.0011,"aoml_navis",1023.88108361291
"7901009",14,0.452957991796146,1,0.609294,1,0.586866,1,186.291788414197,1,4.88305809751384,98,1,27.7719993591309,36.4090003967285,0.60929399728775,0.596211016178131,179.644195556641,-87.9019,25.5142,79.4671984194489,63,63,63,63,61,63,0.586866,8045,1.29563008188212,26,-88,0.001869,51,2023-10-18 11:25:41.001216,98,1.037,0.0011,"aoml_navis",1023.94849705878
"7901009",14,0.463055781422175,1,0.622377,1,0.599949,1,185.414585002377,1,4.88283848083241,100,1,27.7080001831055,36.4309997558594,0.622376978397369,0.60929399728775,178.798294067383,-87.9019,25.5142,79.4671984194489,63,63,63,63,61,63,0.599949,8045,1.29563008188212,26,-88,0.001869,51,2023-10-18 11:25:41.001216,100,1.037,0.0011,"aoml_navis",1023.99455145353
"7901009",14,0.431319871168942,1,0.581259,1,0.558831,1,184.863312573053,1,4.88269119613443,102,1,27.6650009155273,36.4420013427734,0.58125901222229,0.568175971508026,178.266693115234,-87.9019,25.5142,79.4671984194489,63,63,63,63,61,63,0.558831,8045,1.29563008188212,26,-88,0.001869,51,2023-10-18 11:25:41.001216,102,1.037,0.0011,"aoml_navis",1024.02543989643
"7901009",14,0.40391158504115,1,0.545748,1,0.52332,1,184.225153697235,1,4.88248816791686,104,1,27.5699996948242,36.4459991455078,0.545747995376587,0.532665014266968,177.651306152344,-87.9019,25.5142,79.4671984194489,63,63,63,63,61,63,0.52332,8045,1.29563008188212,26,-88,0.001869,51,2023-10-18 11:25:41.001216,104,1.037,0.0011,"aoml_navis",1024.06802188591
"7901009",14,0.392371254039974,1,0.530796,1,0.508368,1,183.267583091507,1,4.88223414936805,106,1,27.3910007476807,36.4280014038086,0.530795991420746,0.517713010311127,176.727905273438,-87.9019,25.5142,79.4671984194489,63,63,63,63,61,63,0.508368,8045,1.29563008188212,26,-88,0.001869,51,2023-10-18 11:25:41.001216,106,1.037,0.0011,"aoml_navis",1024.12130328636
"7901009",14,0.390928712664827,1,0.528927,1,0.506499,1,182.479149114185,1,4.88192262508937,108,1,27.2670001983643,36.4500007629395,0.528927028179169,0.515843987464905,175.96760559082,-87.9019,25.5142,79.4671984194489,63,63,63,63,61,63,0.506499,8045,1.29563008188212,26,-88,0.001869,51,2023-10-18 11:25:41.001216,108,1.037,0.0011,"aoml_navis",1024.18665431193
"7901009",14,0.370733133412769,1,0.502761,1,0.480333,1,181.737679072976,1,4.8817656465665,110,1,27.201000213623,36.4539985656738,0.502761006355286,0.489677995443344,175.252593994141,-87.9019,25.5142,79.4671984194489,63,63,63,63,61,63,0.480333,8045,1.29563008188212,26,-88,0.001869,51,2023-10-18 11:25:41.001216,110,1.037,0.0011,"aoml_navis",1024.21958815591
"7901009",14,0.327456892158361,1,0.446691,1,0.424263,1,180.810394509606,1,4.88155707467721,112,1,27.1620006561279,36.484001159668,0.446691006422043,0.433607995510101,174.3583984375,-87.9019,25.5142,79.4671984194489,63,63,63,63,61,63,0.424263,8045,1.29563008188212,26,-88,0.001869,51,2023-10-18 11:25:41.001216,112,1.037,0.0011,"aoml_navis",1024.26334948273
"7901009",14,0.327456892158361,1,0.446691,1,0.424263,1,179.726204828146,1,4.88136911839621,114,1,27.1410007476807,36.515998840332,0.446691006422043,0.433607995510101,173.312896728516,-87.9019,25.5142,79.4671984194489,63,63,63,63,61,63,0.424263,8045,1.29563008188212,26,-88,0.001869,51,2023-10-18 11:25:41.001216,114,1.037,0.0011,"aoml_navis",1024.30278856739
"7901009",14,0.32312926803292,1,0.441084,1,0.418656,1,178.32231859506,1,4.88122114473551,116,1,27.1040000915527,36.5299987792969,0.441083997488022,0.42800098657608,171.959106445312,-87.9019,25.5142,79.4671984194489,63,63,63,63,61,63,0.418656,8045,1.29563008188212,26,-88,0.001869,51,2023-10-18 11:25:41.001216,116,1.037,0.0011,"aoml_navis",1024.33384018927
"7901009",14,0.324571809408067,1,0.442953,1,0.420525,1,177.464293178714,1,4.88096202471258,118,1,27.0109996795654,36.5509986877441,0.442952990531921,0.429870009422302,171.131698608398,-87.9019,25.5142,79.4671984194489,63,63,63,63,61,63,0.420525,8045,1.29563008188212,26,-88,0.001869,51,2023-10-18 11:25:41.001216,118,1.037,0.0011,"aoml_navis",1024.38821992155
"7901009",14,0.284180650903952,1,0.390621,1,0.368193,1,176.823428496604,1,4.8807247283828,120,1,26.9179992675781,36.5660018920898,0.3906210064888,0.377537995576859,170.513702392578,-87.9019,25.5142,79.4671984194489,63,63,63,63,61,63,0.368193,8045,1.29563008188212,26,-88,0.001869,51,2023-10-18 11:25:41.001216,120,1.037,0.0011,"aoml_navis",1024.43802473095
"7901009",14,0.232249161398661,1,0.323337,1,0.300909,1,176.398569438441,1,4.88046621015722,122,1,26.8250007629395,36.5870018005371,0.323336988687515,0.310254007577896,170.10400390625,-87.9019,25.5142,79.4671984194489,63,63,63,63,61,63,0.300909,8045,1.29563008188212,26,-88,0.001869,51,2023-10-18 11:25:41.001216,122,1.037,0.0011,"aoml_navis",1024.49228919852
"7901009",14,0.213496123521751,1,0.29904,1,0.276612,1,175.708857832213,1,4.88026778164576,124,1,26.75,36.5989990234375,0.299039989709854,0.285957008600235,169.438903808594,-87.9019,25.5142,79.4671984194489,63,63,63,63,61,63,0.276612,8045,1.29563008188212,26,-88,0.001869,51,2023-10-18 11:25:41.001216,124,1.037,0.0011,"aoml_navis",1024.53394438816
"7901009",14,0.207725958021163,1,0.291564,1,0.269136,1,174.861307525607,1,4.8800431892911,126,1,26.6529998779297,36.609001159668,0.291563987731934,0.278481006622314,168.621597290039,-87.9019,25.5142,79.4671984194489,63,63,63,63,61,63,0.269136,8045,1.29563008188212,26,-88,0.001869,51,2023-10-18 11:25:41.001216,126,1.037,0.0011,"aoml_navis",1024.58109612065
"7901009",14,0.203398333895722,1,0.285957,1,0.263529,1,173.772038523562,1,4.87982573807818,128.100006103516,1,26.5499992370605,36.6139984130859,0.285957008600235,0.272873997688293,167.571197509766,-87.9019,25.5142,79.4671984194489,63,63,63,63,61,63,0.263529,8045,1.29563008188212,26,-88,0.001869,51,2023-10-18 11:25:41.001216,128.100006103516,1.037,0.0011,"aoml_navis",1024.62675275145
"7901009",14,0.197628168395134,1,0.278481,1,0.256053,1,172.692627517542,1,4.87952313004307,130,1,26.4400005340576,36.640998840332,0.278481006622314,0.265397995710373,166.530303955078,-87.9019,25.5142,79.4671984194489,63,63,63,63,61,63,0.256053,8045,1.29563008188212,26,-88,0.001869,51,2023-10-18 11:25:41.001216,130,1.037,0.0011,"aoml_navis",1024.69029590518
"7901009",14,0.164449716766754,1,0.235494,1,0.213066,1,171.317444983954,1,4.87918130398648,132,1,26.2980003356934,36.6650009155273,0.235494002699852,0.222411006689072,165.204193115234,-87.9019,25.5142,79.4671984194489,63,63,63,63,61,63,0.213066,8045,1.29563008188212,26,-88,0.001869,51,2023-10-18 11:25:41.001216,132,1.037,0.0011,"aoml_navis",1024.76208373622
"7901009",14,0.138483972014108,1,0.201852,1,0.179424,1,170.192826442396,1,4.87875146557635,134,1,26.1399993896484,36.7070007324219,0.20185199379921,0.188768997788429,164.119705200195,-87.9019,25.5142,79.4671984194489,63,63,63,63,61,63,0.179424,8045,1.29563008188212,26,-88,0.001869,51,2023-10-18 11:25:41.001216,134,1.037,0.0011,"aoml_navis",1024.852369562
"7901009",14,0.124058558262639,1,0.183162,1,0.160734,1,168.969153237744,1,4.87843089219131,136,1,26.0590000152588,36.7509994506836,0.183162003755569,0.170078992843628,162.939697265625,-87.9019,25.5142,79.4671984194489,63,63,63,63,61,63,0.160734,8045,1.29563008188212,26,-88,0.001869,51,2023-10-18 11:25:41.001216,136,1.037,0.0011,"aoml_navis",1024.91971506725
"7901009",14,0.121173475512345,1,0.179424,1,0.156996,1,167.816005054403,1,4.87820924614334,138,1,25.9599990844727,36.7599983215332,0.179424002766609,0.166341006755829,161.827697753906,-87.9019,25.5142,79.4671984194489,63,63,63,63,61,63,0.156996,8045,1.29563008188212,26,-88,0.001869,51,2023-10-18 11:25:41.001216,138,1.037,0.0011,"aoml_navis",1024.96628326326
"7901009",14,0.106748061760875,1,0.160734,1,0.138306,1,166.692620740277,1,4.87794487873417,140,1,25.8369998931885,36.7709999084473,0.160733997821808,0.147651001811028,160.744400024414,-87.9019,25.5142,79.4671984194489,63,63,63,63,61,63,0.138306,8045,1.29563008188212,26,-88,0.001869,51,2023-10-18 11:25:41.001216,140,1.037,0.0011,"aoml_navis",1025.02183282102
"7901009",14,0.0923226480094056,1,0.142044,1,0.119616,1,164.120221774671,1,4.87760815976218,142,1,25.6940002441406,36.7939987182617,0.142043992877007,0.128960996866226,158.263793945312,-87.9019,25.5142,79.4671984194489,63,63,63,63,61,63,0.119616,8045,1.29563008188212,26,-88,0.001869,51,2023-10-18 11:25:41.001216,142,1.037,0.0011,"aoml_navis",1025.09259379371
"7901009",14,0.0879950238839647,1,0.136437,1,0.114009,1,163.067568186429,1,4.87719103320335,144,1,25.5060005187988,36.8209991455078,0.136436998844147,0.123354002833366,157.24870300293,-87.9019,25.5142,79.4671984194489,63,63,63,63,61,63,0.114009,8045,1.29563008188212,26,-88,0.001869,51,2023-10-18 11:25:41.001216,144,1.037,0.0011,"aoml_navis",1025.18026584577
"7901009",14,0.077897234257936,1,0.123354,1,0.100926,1,162.072559348611,1,4.87692716873519,146,1,25.4500007629395,36.8600006103516,0.123354002833366,0.110270999372005,156.289199829102,-87.9019,25.5142,79.4671984194489,63,63,63,63,61,63,0.100926,8045,1.29563008188212,26,-88,0.001869,51,2023-10-18 11:25:41.001216,146,1.037,0.0011,"aoml_navis",1025.23573287167
"7901009",14,0.0649143618816133,1,0.106533,1,0.084105,1,161.076205519362,1,4.87658602662443,148,1,25.3099994659424,36.8860015869141,0.106532998383045,0.0934500023722649,155.328399658203,-87.9019,25.5142,79.4671984194489,63,63,63,63,61,63,0.084105,8045,1.29563008188212,26,-88,0.001869,51,2023-10-18 11:25:41.001216,148,1.037,0.0011,"aoml_navis",1025.3074533499
"7901009",14,0.0649143618816133,1,0.106533,1,0.084105,1,160.502432174555,1,4.87639561864042,150,1,25.2280006408691,36.8940010070801,0.106532998383045,0.0934500023722649,154.775100708008,-87.9019,25.5142,79.4671984194489,63,63,63,63,61,63,0.084105,8045,1.29563008188212,26,-88,0.001869,51,2023-10-18 11:25:41.001216,150,1.037,0.0011,"aoml_navis",1025.34748839637
"7901009",14,0.0605867377561724,1,0.100926,1,0.078498,1,160.064914373505,1,4.87620120368198,152,1,25.1480007171631,36.9039993286133,0.100925996899605,0.0878430008888245,154.35319519043,-87.9019,25.5142,79.4671984194489,63,63,63,63,61,63,0.078498,8045,1.29563008188212,26,-88,0.001869,51,2023-10-18 11:25:41.001216,152,1.037,0.0011,"aoml_navis",1025.38836917241
"7901009",14,0.0504889481301437,1,0.087843,1,0.065415,1,160.442493026983,1,4.875988177735,154,1,25.0869998931885,36.9269981384277,0.0878430008888245,0.0747599974274635,154.717300415039,-87.9019,25.5142,79.4671984194489,63,63,63,63,61,63,0.065415,8045,1.29563008188212,26,-88,0.001869,51,2023-10-18 11:25:41.001216,154,1.037,0.0011,"aoml_navis",1025.43316713344
"7901009",14,0.0447187826295558,1,0.080367,1,0.057939,1,160.559887043836,1,4.87569936010894,156,1,25.0599994659424,36.9850006103516,0.0803669989109039,0.0672840029001236,154.830505371094,-87.9019,25.5142,79.4671984194489,63,63,63,63,61,63,0.057939,8045,1.29563008188212,26,-88,0.001869,51,2023-10-18 11:25:41.001216,156,1.037,0.0011,"aoml_navis",1025.49390983949
"7901009",14,0.0432762412544089,1,0.078498,1,0.05607,1,160.001462424781,1,4.87560035704803,158,1,25.0349998474121,36.9910011291504,0.0784979984164238,0.0654150024056435,154.292007446289,-87.9019,25.5142,79.4671984194489,63,63,63,63,61,63,0.05607,8045,1.29563008188212,26,-88,0.001869,51,2023-10-18 11:25:41.001216,158,1.037,0.0011,"aoml_navis",1025.51473333374
"7901009",14,0.038948617128968,1,0.072891,1,0.050463,1,159.624405944447,1,4.87540169789794,160,1,24.9370002746582,36.9949989318848,0.0728909969329834,0.0598080009222031,153.928405761719,-87.9019,25.5142,79.4671984194489,63,63,63,63,61,63,0.050463,8045,1.29563008188212,26,-88,0.001869,51,2023-10-18 11:25:41.001216,160,1.037,0.0011,"aoml_navis",1025.55652022597
"7901009",14,0.038948617128968,1,0.072891,1,0.050463,1,159.221414864622,1,4.87526339473943,162,1,24.9169998168945,37.0139999389648,0.0728909969329834,0.0598080009222031,153.539794921875,-87.9019,25.5142,79.4671984194489,63,63,63,63,61,63,0.050463,8045,1.29563008188212,26,-88,0.001869,51,2023-10-18 11:25:41.001216,162,1.037,0.0011,"aoml_navis",1025.58561356811
"7901009",14,0.0346209930035271,1,0.067284,1,0.044856,1,158.189600731859,1,4.87506713241156,164,1,24.8449993133545,37.0279998779297,0.0672840029001236,0.0542009994387627,152.544799804688,-87.9019,25.5142,79.4671984194489,63,63,63,63,61,63,0.044856,8045,1.29563008188212,26,-88,0.001869,51,2023-10-18 11:25:41.001216,164,1.037,0.0011,"aoml_navis",1025.62690198825
"7901009",14,0.0288508275029393,1,0.059808,1,0.03738,1,156.975991227802,1,4.87480819858748,166,1,24.6730003356934,37.0190010070801,0.0598080009222031,0.0467250011861324,151.374496459961,-87.9019,25.5142,79.4671984194489,63,63,63,63,61,63,0.03738,8045,1.29563008188212,26,-88,0.001869,51,2023-10-18 11:25:41.001216,166,1.037,0.0011,"aoml_navis",1025.68137992563
"7901009",14,0.0288508275029393,1,0.059808,1,0.03738,1,156.106462178857,1,4.87462151776118,168,1,24.5699996948242,37.0180015563965,0.0598080009222031,0.0467250011861324,150.535995483398,-87.9019,25.5142,79.4671984194489,63,63,63,63,61,63,0.03738,8045,1.29563008188212,26,-88,0.001869,51,2023-10-18 11:25:41.001216,168,1.037,0.0011,"aoml_navis",1025.72065990806
"7901009",14,0.0230806620023514,1,0.052332,1,0.029904,1,155.458651011587,1,4.87427823211348,170,1,24.42799949646,37.0449981689453,0.0523319989442825,0.0392489992082119,149.91130065918,-87.9019,25.5142,79.4671984194489,63,63,63,63,61,63,0.029904,8045,1.29563008188212,26,-88,0.001869,51,2023-10-18 11:25:41.001216,170,1.037,0.0011,"aoml_navis",1025.79289935856
"7901009",14,0.0173104965017636,1,0.044856,1,0.022428,1,154.739903413861,1,4.87402911459603,172,1,24.2810001373291,37.0439987182617,0.0448560006916523,0.0317730009555817,149.218200683594,-87.9019,25.5142,79.4671984194489,63,63,63,63,61,63,0.022428,8045,1.29563008188212,26,-88,0.001869,51,2023-10-18 11:25:41.001216,172,1.037,0.0011,"aoml_navis",1025.84532887313
"7901009",14,0.0173104965017636,1,0.044856,1,0.022428,1,154.194438182837,1,4.87379220632464,174,1,24.1520004272461,37.0470008850098,0.0448560006916523,0.0317730009555817,148.692199707031,-87.9019,25.5142,79.4671984194489,63,63,63,63,61,63,0.022428,8045,1.29563008188212,26,-88,0.001869,51,2023-10-18 11:25:41.001216,174,1.037,0.0011,"aoml_navis",1025.89519379008
"7901009",14,0.0173104965017636,1,0.044856,1,0.022428,1,153.724260825136,1,4.87360101387584,176,1,24.0470008850098,37.0470008850098,0.0448560006916523,0.0317730009555817,148.238800048828,-87.9019,25.5142,79.4671984194489,63,63,63,63,61,63,0.022428,8045,1.29563008188212,26,-88,0.001869,51,2023-10-18 11:25:41.001216,176,1.037,0.0011,"aoml_navis",1025.93543988609
"7901009",14,0.0144254137514696,1,0.041118,1,0.01869,1,153.190726459284,1,4.87344024945197,178,1,23.9580001831055,37.0449981689453,0.041117999702692,0.0280349999666214,147.724304199219,-87.9019,25.5142,79.4671984194489,63,63,63,63,61,63,0.01869,8045,1.29563008188212,26,-88,0.001869,51,2023-10-18 11:25:41.001216,178,1.037,0.0011,"aoml_navis",1025.96928331321
"7901009",14,0.0173104965017636,1,0.044856,1,0.022428,1,152.892375712853,1,4.87321849603171,180,1,23.8309993743896,37.0449981689453,0.0448560006916523,0.0317730009555817,147.436599731445,-87.9019,25.5142,79.4671984194489,63,63,63,63,61,63,0.022428,8045,1.29563008188212,26,-88,0.001869,51,2023-10-18 11:25:41.001216,180,1.037,0.0011,"aoml_navis",1026.01596954282
"7901009",14,0.0115403310011757,1,0.03738,1,0.014952,1,152.651068426559,1,4.87306396148762,181.899993896484,1,23.7469997406006,37.0439987182617,0.0373799987137318,0.0242970008403063,147.203903198242,-87.9019,25.5142,79.4671984194489,63,63,63,63,61,63,0.014952,8045,1.29563008188212,26,-88,0.001869,51,2023-10-18 11:25:41.001216,181.899993896484,1.037,0.0011,"aoml_navis",1026.04850654856
"7901009",14,0.0144254137514696,1,0.041118,1,0.01869,1,152.66755643917,1,4.87281908202511,184,1,23.6399993896484,37.0579986572266,0.041117999702692,0.0280349999666214,147.219802856445,-87.9019,25.5142,79.4671984194489,63,63,63,63,61,63,0.01869,8045,1.29563008188212,26,-88,0.001869,51,2023-10-18 11:25:41.001216,184,1.037,0.0011,"aoml_navis",1026.10006976127
"7901009",14,0.0115403310011757,1,0.03738,1,0.014952,1,152.386215878495,1,4.87267887305473,186,1,23.5849990844727,37.0639991760254,0.0373799987137318,0.0242970008403063,146.948501586914,-87.9019,25.5142,79.4671984194489,63,63,63,63,61,63,0.014952,8045,1.29563008188212,26,-88,0.001869,51,2023-10-18 11:25:41.001216,186,1.037,0.0011,"aoml_navis",1026.12959529292
"7901009",14,0.00865524825088178,1,0.033642,1,0.011214,1,151.888252580156,1,4.87257342700748,188,1,23.5520000457764,37.0690002441406,0.0336420014500618,0.020558999851346,146.468307495117,-87.9019,25.5142,79.4671984194489,63,63,63,63,61,63,0.011214,8045,1.29563008188212,26,-88,0.001869,51,2023-10-18 11:25:41.001216,188,1.037,0.0011,"aoml_navis",1026.15180148671
"7901009",14,0.00721270687573481,1,0.031773,1,0.009345,1,151.09565704111,1,4.87238732340722,190,1,23.4260005950928,37.060001373291,0.0317730009555817,0.0186899993568659,145.703994750977,-87.9019,25.5142,79.4671984194489,63,63,63,63,61,63,0.009345,8045,1.29563008188212,26,-88,0.001869,51,2023-10-18 11:25:41.001216,190,1.037,0.0011,"aoml_navis",1026.1909959374
"7901009",14,0.00721270687573481,1,0.031773,1,0.009345,1,150.637616253153,1,4.87218017476822,192,1,23.2819995880127,37.0499992370605,0.0317730009555817,0.0186899993568659,145.262298583984,-87.9019,25.5142,79.4671984194489,63,63,63,63,61,63,0.009345,8045,1.29563008188212,26,-88,0.001869,51,2023-10-18 11:25:41.001216,192,1.037,0.0011,"aoml_navis",1026.23462611127
"7901009",14,0.00432762412544089,1,0.028035,1,0.005607,1,150.456770287576,1,4.87192265797913,194,1,23.1219997406006,37.0480003356934,0.0280349999666214,0.0149520002305508,145.087905883789,-87.9019,25.5142,79.4671984194489,63,63,63,63,61,63,0.005607,8045,1.29563008188212,26,-88,0.001869,51,2023-10-18 11:25:41.001216,194,1.037,0.0011,"aoml_navis",1026.28887012628
"7901009",14,0.00432762412544089,1,0.028035,1,0.005607,1,150.23960955334,1,4.87167697071216,196,1,22.9750003814697,37.0480003356934,0.0280349999666214,0.0149520002305508,144.878494262695,-87.9019,25.5142,79.4671984194489,63,63,63,63,61,63,0.005607,8045,1.29563008188212,26,-88,0.001869,51,2023-10-18 11:25:41.001216,196,1.037,0.0011,"aoml_navis",1026.34062768515
"7901009",14,0.00577016550058785,1,0.029904,1,0.007476,1,149.846697997539,1,4.87147003767894,198,1,22.8449993133545,37.0439987182617,0.0299040004611015,0.0168210007250309,144.499603271484,-87.9019,25.5142,79.4671984194489,63,63,63,63,61,63,0.007476,8045,1.29563008188212,26,-88,0.001869,51,2023-10-18 11:25:41.001216,198,1.037,0.0011,"aoml_navis",1026.38422515728
"7901009",14,0.00288508275029393,1,0.026166,1,0.003738,1,149.87832903133,1,4.87124759284393,200,1,22.6720008850098,37.0279998779297,0.0261659994721413,0.0130829997360706,144.53010559082,-87.9019,25.5142,79.4671984194489,63,63,63,63,61,63,0.003738,8045,1.29563008188212,26,-88,0.001869,51,2023-10-18 11:25:41.001216,200,1.037,0.0011,"aoml_navis",1026.43109484831
"7901009",14,0.00288508275029393,1,0.026166,1,0.003738,1,149.9673041704,1,4.87105226424407,202,1,22.5520000457764,37.0250015258789,0.0261659994721413,0.0130829997360706,144.615905761719,-87.9019,25.5142,79.4671984194489,63,63,63,63,61,63,0.003738,8045,1.29563008188212,26,-88,0.001869,51,2023-10-18 11:25:41.001216,202,1.037,0.0011,"aoml_navis",1026.47225460964
"7901009",14,0,1,0.022428,1,0,1,149.941163866338,1,4.87092415176867,204,1,22.4780006408691,37.0209999084473,0.0224280003458261,0.00934499967843294,144.590698242188,-87.9019,25.5142,79.4671984194489,63,63,63,63,61,63,0,8045,1.29563008188212,26,-88,0.001869,51,2023-10-18 11:25:41.001216,204,1.037,0.0011,"aoml_navis",1026.49925234095
"7901009",14,-0.00288508275029393,1,0.01869,1,-0.003738,1,149.774416575652,1,4.87073913265191,206,1,22.3570003509521,37.0149993896484,0.0186899993568659,0.00560700008645654,144.429901123047,-87.9019,25.5142,79.4671984194489,63,63,63,63,61,63,-0.003738,8045,1.29563008188212,26,-88,0.001869,51,2023-10-18 11:25:41.001216,206,1.037,0.0011,"aoml_navis",1026.53824477718
"7901009",14,-0.00144254137514696,1,0.020559,1,-0.001869,1,149.373086955831,1,4.87062595352638,208,1,22.2830009460449,37.0069999694824,0.020558999851346,0.00747600011527538,144.042892456055,-87.9019,25.5142,79.4671984194489,63,63,63,63,61,63,-0.001869,8045,1.29563008188212,26,-88,0.001869,51,2023-10-18 11:25:41.001216,208,1.037,0.0011,"aoml_navis",1026.56209852862
"7901009",14,0.040391158504115,1,0.07476,1,0.052332,1,148.783347771557,1,4.87055384585223,210,1,22.2390003204346,36.9990005493164,0.0747599974274635,0.0616770014166832,143.474197387695,-87.9019,25.5142,79.4671984194489,63,63,63,63,61,63,0.052332,8045,1.29563008188212,26,-88,0.001869,51,2023-10-18 11:25:41.001216,210,1.037,0.0011,"aoml_navis",1026.57729659595
"7901009",14,0.00144254137514696,1,0.024297,1,0.001869,1,148.070312431559,1,4.8703670217063,212,1,22.0919990539551,36.984001159668,0.0242970008403063,0.0112140001729131,142.786605834961,-87.9019,25.5142,79.4671984194489,63,63,63,63,61,63,0.001869,8045,1.29563008188212,26,-88,0.001869,51,2023-10-18 11:25:41.001216,212,1.037,0.0011,"aoml_navis",1026.61667544067
"7901009",14,-0.00288508275029393,1,0.01869,1,-0.003738,1,147.903865786017,1,4.87004888801539,214,1,21.8150005340576,36.9570007324219,0.0186899993568659,0.00560700008645654,142.626098632812,-87.9019,25.5142,79.4671984194489,63,63,63,63,61,63,-0.003738,8045,1.29563008188212,26,-88,0.001869,51,2023-10-18 11:25:41.001216,214,1.037,0.0011,"aoml_navis",1026.68373870012
"7901009",14,-0.00432762412544089,1,0.016821,1,-0.005607,1,147.802959781775,1,4.86987569738537,216,1,21.6709995269775,36.939998626709,0.0168210007250309,0.00373800005763769,142.528793334961,-87.9019,25.5142,79.4671984194489,63,63,63,63,61,63,-0.005607,8045,1.29563008188212,26,-88,0.001869,51,2023-10-18 11:25:41.001216,216,1.037,0.0011,"aoml_navis",1026.72025133711
"7901009",14,-0.00721270687573481,1,0.013083,1,-0.009345,1,147.807327048071,1,4.86972174124238,218,1,21.556999206543,36.9290008544922,0.0130829997360706,0,142.533004760742,-87.9019,25.5142,79.4671984194489,63,63,63,63,61,63,-0.009345,8045,1.29563008188212,26,-88,0.001869,51,2023-10-18 11:25:41.001216,218,1.037,0.0011,"aoml_navis",1026.7527110747
"7901009",14,-0.00144254137514696,1,0.020559,1,-0.001869,1,147.807738457215,1,4.86957189946119,220,1,21.443000793457,36.9169998168945,0.020558999851346,0.00747600011527538,142.533401489258,-87.9019,25.5142,79.4671984194489,63,63,63,63,61,63,-0.001869,8045,1.29563008188212,26,-88,0.001869,51,2023-10-18 11:25:41.001216,220,1.037,0.0011,"aoml_navis",1026.78430532122
"7901009",14,-0.00288508275029393,1,0.01869,1,-0.003738,1,147.713051060416,1,4.8694155313089,222,1,21.3209991455078,36.9039993286133,0.0186899993568659,0.00560700008645654,142.442092895508,-87.9019,25.5142,79.4671984194489,63,63,63,63,61,63,-0.003738,8045,1.29563008188212,26,-88,0.001869,51,2023-10-18 11:25:41.001216,222,1.037,0.0011,"aoml_navis",1026.81727773107
"7901009",14,-0.00288508275029393,1,0.01869,1,-0.003738,1,147.557301052613,1,4.86929788427344,224,1,21.2360000610352,36.8940010070801,0.0186899993568659,0.00560700008645654,142.291900634766,-87.9019,25.5142,79.4671984194489,63,63,63,63,61,63,-0.003738,8045,1.29563008188212,26,-88,0.001869,51,2023-10-18 11:25:41.001216,224,1.037,0.0011,"aoml_navis",1026.8420866484
"7901009",14,-0.00432762412544089,1,0.016821,1,-0.005607,1,147.576273343516,1,4.86916852954008,226,1,21.1310005187988,36.8800010681152,0.0168210007250309,0.00373800005763769,142.310195922852,-87.9019,25.5142,79.4671984194489,63,63,63,63,61,63,-0.005607,8045,1.29563008188212,26,-88,0.001869,51,2023-10-18 11:25:41.001216,226,1.037,0.0011,"aoml_navis",1026.8693658201
"7901009",14,-0.00432762412544089,1,0.016821,1,-0.005607,1,147.527948592543,1,4.86907889176703,228,1,21.0750007629395,36.8730010986328,0.0168210007250309,0.00373800005763769,142.263595581055,-87.9019,25.5142,79.4671984194489,63,63,63,63,61,63,-0.005607,8045,1.29563008188212,26,-88,0.001869,51,2023-10-18 11:25:41.001216,228,1.037,0.0011,"aoml_navis",1026.8882700698
"7901009",14,-0.00144254137514696,1,0.020559,1,-0.001869,1,147.499545538189,1,4.86895908182978,230,1,20.9850006103516,36.8619995117188,0.020558999851346,0.00747600011527538,142.236206054688,-87.9019,25.5142,79.4671984194489,63,63,63,63,61,63,-0.001869,8045,1.29563008188212,26,-88,0.001869,51,2023-10-18 11:25:41.001216,230,1.037,0.0011,"aoml_navis",1026.9135385958
"7901009",14,-0.00577016550058785,1,0.014952,1,-0.007476,1,147.504925503916,1,4.8688451411021,232,1,20.9020004272461,36.8520011901855,0.0149520002305508,0.00186900002881885,142.241394042969,-87.9019,25.5142,79.4671984194489,63,63,63,63,61,63,-0.007476,8045,1.29563008188212,26,-88,0.001869,51,2023-10-18 11:25:41.001216,232,1.037,0.0011,"aoml_navis",1026.93757042932
"7901009",14,-0.00721270687573481,1,0.013083,1,-0.009345,1,147.530227166263,1,4.86874880714857,234,1,20.8349990844727,36.8429985046387,0.0130829997360706,0,142.26579284668,-87.9019,25.5142,79.4671984194489,63,63,63,63,61,63,-0.009345,8045,1.29563008188212,26,-88,0.001869,51,2023-10-18 11:25:41.001216,234,1.037,0.0011,"aoml_navis",1026.95788960374
"7901009",14,-0.00721270687573481,1,0.013083,1,-0.009345,1,147.833767997277,1,4.86859027561744,236,1,20.7229995727539,36.8349990844727,0.0130829997360706,0,142.558502197266,-87.9019,25.5142,79.4671984194489,63,63,63,63,61,63,-0.009345,8045,1.29563008188212,26,-88,0.001869,51,2023-10-18 11:25:41.001216,236,1.037,0.0011,"aoml_navis",1026.99132951086
"7901009",14,-0.00432762412544089,1,0.016821,1,-0.005607,1,147.881570575106,1,4.86852223942679,238,1,20.6940002441406,36.8320007324219,0.0168210007250309,0.00373800005763769,142.604598999023,-87.9019,25.5142,79.4671984194489,63,63,63,63,61,63,-0.005607,8045,1.29563008188212,26,-88,0.001869,51,2023-10-18 11:25:41.001216,238,1.037,0.0011,"aoml_navis",1027.00568141775
"7901009",14,-0.00577016550058785,1,0.014952,1,-0.007476,1,148.200650013015,1,4.86842571014285,240,1,20.6319999694824,36.8250007629395,0.0149520002305508,0.00186900002881885,142.912292480469,-87.9019,25.5142,79.4671984194489,63,63,63,63,61,63,-0.007476,8045,1.29563008188212,26,-88,0.001869,51,2023-10-18 11:25:41.001216,240,1.037,0.0011,"aoml_navis",1027.02604449381
"7901009",14,-0.00288508275029393,1,0.01869,1,-0.003738,1,148.674672463868,1,4.8682814663129,242,1,20.5219993591309,36.8139991760254,0.0186899993568659,0.00560700008645654,143.369400024414,-87.9019,25.5142,79.4671984194489,63,63,63,63,61,63,-0.003738,8045,1.29563008188212,26,-88,0.001869,51,2023-10-18 11:25:41.001216,242,1.037,0.0011,"aoml_navis",1027.05647456881
"7901009",14,-0.00288508275029393,1,0.01869,1,-0.003738,1,148.839030416834,1,4.86819070888823,244,1,20.4529991149902,36.8030014038086,0.0186899993568659,0.00560700008645654,143.527893066406,-87.9019,25.5142,79.4671984194489,63,63,63,63,61,63,-0.003738,8045,1.29563008188212,26,-88,0.001869,51,2023-10-18 11:25:41.001216,244,1.037,0.0011,"aoml_navis",1027.07562192893
"7901009",14,-0.00577016550058785,1,0.014952,1,-0.007476,1,148.94284793194,1,4.86809449252618,246,1,20.3880004882812,36.7949981689453,0.0149520002305508,0.00186900002881885,143.628005981445,-87.9019,25.5142,79.4671984194489,63,63,63,63,61,63,-0.007476,8045,1.29563008188212,26,-88,0.001869,51,2023-10-18 11:25:41.001216,246,1.037,0.0011,"aoml_navis",1027.09592175672
"7901009",14,-0.00288508275029393,1,0.01869,1,-0.003738,1,148.835311911111,1,4.8680285961478,248,1,20.3519992828369,36.7890014648438,0.0186899993568659,0.00560700008645654,143.524307250977,-87.9019,25.5142,79.4671984194489,63,63,63,63,61,63,-0.003738,8045,1.29563008188212,26,-88,0.001869,51,2023-10-18 11:25:41.001216,248,1.037,0.0011,"aoml_navis",1027.10982510592
"7901009",14,-0.00721270687573481,1,0.013083,1,-0.009345,1,148.803775817892,1,4.86794755390897,250,1,20.306999206543,36.7840003967285,0.0130829997360706,0,143.493896484375,-87.9019,25.5142,79.4671984194489,63,63,63,63,61,63,-0.009345,8045,1.29563008188212,26,-88,0.001869,51,2023-10-18 11:25:41.001216,250,1.037,0.0011,"aoml_navis",1027.12692456701
"7901009",14,-0.00432762412544089,1,0.016821,1,-0.005607,1,148.936724265069,1,4.86784371153645,252,1,20.2329998016357,36.7750015258789,0.0168210007250309,0.00373800005763769,143.622100830078,-87.9019,25.5142,79.4671984194489,63,63,63,63,61,63,-0.005607,8045,1.29563008188212,26,-88,0.001869,51,2023-10-18 11:25:41.001216,252,1.037,0.0011,"aoml_navis",1027.14883556149
"7901009",14,-0.00432762412544089,1,0.016821,1,-0.005607,1,149.062726227085,1,4.86776904648229,254,1,20.1900005340576,36.7690010070801,0.0168210007250309,0.00373800005763769,143.743606567383,-87.9019,25.5142,79.4671984194489,63,63,63,63,61,63,-0.005607,8045,1.29563008188212,26,-88,0.001869,51,2023-10-18 11:25:41.001216,254,1.037,0.0011,"aoml_navis",1027.16459064821
"7901009",14,-0.00577016550058785,1,0.014952,1,-0.007476,1,149.185294505094,1,4.86766448464831,256,1,20.1180000305176,36.7610015869141,0.0149520002305508,0.00186900002881885,143.861801147461,-87.9019,25.5142,79.4671984194489,63,63,63,63,61,63,-0.007476,8045,1.29563008188212,26,-88,0.001869,51,2023-10-18 11:25:41.001216,256,1.037,0.0011,"aoml_navis",1027.18665507227
"7901009",14,-0.00432762412544089,1,0.016821,1,-0.005607,1,149.337943120889,1,4.86755712365603,258,1,20.0380001068115,36.7509994506836,0.0168210007250309,0.00373800005763769,144.009002685547,-87.9019,25.5142,79.4671984194489,63,63,63,63,61,63,-0.005607,8045,1.29563008188212,26,-88,0.001869,51,2023-10-18 11:25:41.001216,258,1.037,0.0011,"aoml_navis",1027.20931115535
"7901009",14,-0.00432762412544089,1,0.016821,1,-0.005607,1,149.553426571692,1,4.86746318672605,260,1,19.9740009307861,36.7430000305176,0.0168210007250309,0.00373800005763769,144.216796875,-87.9019,25.5142,79.4671984194489,63,63,63,63,61,63,-0.005607,8045,1.29563008188212,26,-88,0.001869,51,2023-10-18 11:25:41.001216,260,1.037,0.0011,"aoml_navis",1027.22913521676
"7901009",14,-0.00577016550058785,1,0.014952,1,-0.007476,1,149.79753460485,1,4.86735584866544,262,1,19.8880004882812,36.7309989929199,0.0149520002305508,0.00186900002881885,144.452194213867,-87.9019,25.5142,79.4671984194489,63,63,63,63,61,63,-0.007476,8045,1.29563008188212,26,-88,0.001869,51,2023-10-18 11:25:41.001216,262,1.037,0.0011,"aoml_navis",1027.2517883341
"7901009",14,-0.00721270687573481,1,0.013083,1,-0.009345,1,149.885781866205,1,4.86726481658623,264,1,19.826000213623,36.7229995727539,0.0130829997360706,0,144.537292480469,-87.9019,25.5142,79.4671984194489,63,63,63,63,61,63,-0.009345,8045,1.29563008188212,26,-88,0.001869,51,2023-10-18 11:25:41.001216,264,1.037,0.0011,"aoml_navis",1027.27100094522
"7901009",14,-0.00721270687573481,1,0.013083,1,-0.009345,1,149.770365777928,1,4.86720730011878,266,1,19.7959995269775,36.7169990539551,0.0130829997360706,0,144.425994873047,-87.9019,25.5142,79.4671984194489,63,63,63,63,61,63,-0.009345,8045,1.29563008188212,26,-88,0.001869,51,2023-10-18 11:25:41.001216,266,1.037,0.0011,"aoml_navis",1027.28314034991
"7901009",14,-0.00432762412544089,1,0.016821,1,-0.005607,1,149.609631390113,1,4.86709692405116,268,1,19.7099990844727,36.7060012817383,0.0168210007250309,0.00373800005763769,144.27099609375,-87.9019,25.5142,79.4671984194489,63,63,63,63,61,63,-0.005607,8045,1.29563008188212,26,-88,0.001869,51,2023-10-18 11:25:41.001216,268,1.037,0.0011,"aoml_navis",1027.30643708616
"7901009",14,-0.00432762412544089,1,0.016821,1,-0.005607,1,149.055985446498,1,4.86695646277488,270,1,19.5769996643066,36.6870002746582,0.0168210007250309,0.00373800005763769,143.737106323242,-87.9019,25.5142,79.4671984194489,63,63,63,63,61,63,-0.005607,8045,1.29563008188212,26,-88,0.001869,51,2023-10-18 11:25:41.001216,270,1.037,0.0011,"aoml_navis",1027.3360853426
"7901009",14,-0.00577016550058785,1,0.014952,1,-0.007476,1,148.502735088598,1,4.86684196882782,272,1,19.4669990539551,36.6689987182617,0.0149520002305508,0.00186900002881885,143.203598022461,-87.9019,25.5142,79.4671984194489,63,63,63,63,61,63,-0.007476,8045,1.29563008188212,26,-88,0.001869,51,2023-10-18 11:25:41.001216,272,1.037,0.0011,"aoml_navis",1027.36025373847
"7901009",14,-0.00432762412544089,1,0.016821,1,-0.005607,1,148.858635644881,1,4.86673448939566,274,1,19.3680000305176,36.6529998779297,0.0168210007250309,0.00373800005763769,143.546798706055,-87.9019,25.5142,79.4671984194489,63,63,63,63,61,63,-0.005607,8045,1.29563008188212,26,-88,0.001869,51,2023-10-18 11:25:41.001216,274,1.037,0.0011,"aoml_navis",1027.38294248324
"7901009",14,-0.00288508275029393,1,0.01869,1,-0.003738,1,149.670409179402,1,4.86664233321575,276,1,19.306999206543,36.6459999084473,0.0186899993568659,0.00560700008645654,144.329605102539,-87.9019,25.5142,79.4671984194489,63,63,63,63,61,63,-0.003738,8045,1.29563008188212,26,-88,0.001869,51,2023-10-18 11:25:41.001216,276,1.037,0.0011,"aoml_navis",1027.40239731078
"7901009",14,-0.00144254137514696,1,0.020559,1,-0.001869,1,150.868242725135,1,4.86655518003689,278,1,19.2469997406006,36.6380004882812,0.020558999851346,0.00747600011527538,145.48469543457,-87.9019,25.5142,79.4671984194489,63,63,63,63,61,63,-0.001869,8045,1.29563008188212,26,-88,0.001869,51,2023-10-18 11:25:41.001216,278,1.037,0.0011,"aoml_navis",1027.42079664698
"7901009",14,-0.00577016550058785,1,0.014952,1,-0.007476,1,151.43486388021,1,4.8664823619596,280,1,19.2099990844727,36.6339988708496,0.0149520002305508,0.00186900002881885,146.031097412109,-87.9019,25.5142,79.4671984194489,63,63,63,63,61,63,-0.007476,8045,1.29563008188212,26,-88,0.001869,51,2023-10-18 11:25:41.001216,280,1.037,0.0011,"aoml_navis",1027.43617013473
"7901009",14,-0.00288508275029393,1,0.01869,1,-0.003738,1,151.154662606394,1,4.86637926220362,282,1,19.136999130249,36.6259994506836,0.0186899993568659,0.00560700008645654,145.760894775391,-87.9019,25.5142,79.4671984194489,63,63,63,63,61,63,-0.003738,8045,1.29563008188212,26,-88,0.001869,51,2023-10-18 11:25:41.001216,282,1.037,0.0011,"aoml_navis",1027.4579375336
"7901009",14,-0.00577016550058785,1,0.014952,1,-0.007476,1,150.602456594783,1,4.86627471369756,284,1,19.0510005950928,36.6139984130859,0.0149520002305508,0.00186900002881885,145.228393554688,-87.9019,25.5142,79.4671984194489,63,63,63,63,61,63,-0.007476,8045,1.29563008188212,26,-88,0.001869,51,2023-10-18 11:25:41.001216,284,1.037,0.0011,"aoml_navis",1027.48001174821
"7901009",14,-0.00432762412544089,1,0.016821,1,-0.005607,1,149.492142432688,1,4.86621146375147,286,1,19.003999710083,36.6040000915527,0.0168210007250309,0.00373800005763769,144.157699584961,-87.9019,25.5142,79.4671984194489,63,63,63,63,61,63,-0.005607,8045,1.29563008188212,26,-88,0.001869,51,2023-10-18 11:25:41.001216,286,1.037,0.0011,"aoml_navis",1027.49336670737
"7901009",14,-0.00288508275029393,1,0.01869,1,-0.003738,1,148.43626086501,1,4.86608693117025,288,1,18.8780002593994,36.5839996337891,0.0186899993568659,0.00560700008645654,143.139495849609,-87.9019,25.5142,79.4671984194489,63,63,63,63,61,63,-0.003738,8045,1.29563008188212,26,-88,0.001869,51,2023-10-18 11:25:41.001216,288,1.037,0.0011,"aoml_navis",1027.51966225099
"7901009",14,-0.00432762412544089,1,0.016821,1,-0.005607,1,148.141233038587,1,4.8659877307626,290,1,18.7779998779297,36.5660018920898,0.0168210007250309,0.00373800005763769,142.854995727539,-87.9019,25.5142,79.4671984194489,63,63,63,63,61,63,-0.005607,8045,1.29563008188212,26,-88,0.001869,51,2023-10-18 11:25:41.001216,290,1.037,0.0011,"aoml_navis",1027.54060976977
"7901009",14,-0.00288508275029393,1,0.01869,1,-0.003738,1,148.940047185077,1,4.86588389441749,291.899993896484,1,18.6840000152588,36.5519981384277,0.0186899993568659,0.00560700008645654,143.625305175781,-87.9019,25.5142,79.4671984194489,63,63,63,63,61,63,-0.003738,8045,1.29563008188212,26,-88,0.001869,51,2023-10-18 11:25:41.001216,291.899993896484,1.037,0.0011,"aoml_navis",1027.56253714487
"7901009",14,-0.00432762412544089,1,0.016821,1,-0.005607,1,149.906637145112,1,4.86576385810125,293.899993896484,1,18.5900001525879,36.5419998168945,0.0168210007250309,0.00373800005763769,144.557403564453,-87.9019,25.5142,79.4671984194489,63,63,63,63,61,63,-0.005607,8045,1.29563008188212,26,-88,0.001869,51,2023-10-18 11:25:41.001216,293.899993896484,1.037,0.0011,"aoml_navis",1027.5878866738
"7901009",14,-0.00577016550058785,1,0.014952,1,-0.007476,1,149.904358571392,1,4.86567878528744,296,1,18.5349998474121,36.5349998474121,0.0149520002305508,0.00186900002881885,144.555206298828,-87.9019,25.5142,79.4671984194489,63,63,63,63,61,63,-0.007476,8045,1.29563008188212,26,-88,0.001869,51,2023-10-18 11:25:41.001216,296,1.037,0.0011,"aoml_navis",1027.60585329198
"7901009",14,-0.00577016550058785,1,0.014952,1,-0.007476,1,149.808531887733,1,4.8656190636716,298,1,18.5020008087158,36.5289993286133,0.0149520002305508,0.00186900002881885,144.462799072266,-87.9019,25.5142,79.4671984194489,63,63,63,63,61,63,-0.007476,8045,1.29563008188212,26,-88,0.001869,51,2023-10-18 11:25:41.001216,298,1.037,0.0011,"aoml_navis",1027.618466339
"7901009",14,-0.00721270687573481,1,0.013083,1,-0.009345,1,150.114351292468,1,4.86552036863699,300,1,18.42799949646,36.5200004577637,0.0130829997360706,0,144.757705688477,-87.9019,25.5142,79.4671984194489,63,63,63,63,61,63,-0.009345,8045,1.29563008188212,26,-88,0.001869,51,2023-10-18 11:25:41.001216,300,1.037,0.0011,"aoml_navis",1027.63931114745
"7901009",14,0,1,0.020559,1,-0.001869,1,150.208294988122,1,4.86545476025038,302,1,18.3959999084473,36.515998840332,0.020558999851346,0,144.848297119141,-87.9019,25.5142,79.4671984194489,63,63,63,63,61,63,0,8045,1.29563008188212,26,-88,0.001869,51,2023-10-18 11:25:41.001216,302,1.037,0.0011,"aoml_navis",1027.65316838393
"7901009",14,0,1,0.013083,1,-0.009345,1,150.048604946596,1,4.86536482986532,304,1,18.326000213623,36.5060005187988,0.0130829997360706,0,144.694305419922,-87.9019,25.5142,79.4671984194489,63,63,63,63,61,63,0,8045,1.29563008188212,26,-88,0.001869,51,2023-10-18 11:25:41.001216,304,1.037,0.0011,"aoml_navis",1027.67216330998
"7901009",14,0,1,0.013083,1,-0.009345,1,149.862046723291,1,4.86530779956444,306,1,18.2980003356934,36.5009994506836,0.0130829997360706,0,144.514404296875,-87.9019,25.5142,79.4671984194489,63,63,63,63,61,63,0,8045,1.29563008188212,26,-88,0.001869,51,2023-10-18 11:25:41.001216,306,1.037,0.0011,"aoml_navis",1027.68420950626
"7901009",14,0,1,0.016821,1,-0.005607,1,149.713749550363,1,4.86524596190181,308,1,18.2660007476807,36.4959983825684,0.0168210007250309,0,144.371398925781,-87.9019,25.5142,79.4671984194489,63,63,63,63,61,63,0,8045,1.29563008188212,26,-88,0.001869,51,2023-10-18 11:25:41.001216,308,1.037,0.0011,"aoml_navis",1027.69727145419
"7901009",14,0,1,0.016821,1,-0.005607,1,149.741757019002,1,4.86516844553533,310,1,18.2089996337891,36.4869995117188,0.0168210007250309,0,144.398406982422,-87.9019,25.5142,79.4671984194489,63,63,63,63,61,63,0,8045,1.29563008188212,26,-88,0.001869,51,2023-10-18 11:25:41.001216,310,1.037,0.0011,"aoml_navis",1027.71364567827
"7901009",14,0,1,0.014952,1,-0.007476,1,149.908599250259,1,4.86507420297837,312,1,18.1350002288818,36.4770011901855,0.0149520002305508,0,144.559295654297,-87.9019,25.5142,79.4671984194489,63,63,63,63,61,63,0,8045,1.29563008188212,26,-88,0.001869,51,2023-10-18 11:25:41.001216,312,1.037,0.0011,"aoml_navis",1027.73355377376
"7901009",14,0,1,0.024297,1,0.001869,1,149.809465470021,1,4.86501619702897,314,1,18.0970001220703,36.4690017700195,0.0242970008403063,0,144.46369934082,-87.9019,25.5142,79.4671984194489,63,63,63,63,61,63,0,8045,1.29563008188212,26,-88,0.001869,51,2023-10-18 11:25:41.001216,314,1.037,0.0011,"aoml_navis",1027.74580751724
"7901009",14,0,1,0.014952,1,-0.007476,1,149.681295698285,1,4.86493424942323,316,1,18.0389995574951,36.4609985351562,0.0149520002305508,0,144.340103149414,-87.9019,25.5142,79.4671984194489,63,63,63,63,61,63,0,8045,1.29563008188212,26,-88,0.001869,51,2023-10-18 11:25:41.001216,316,1.037,0.0011,"aoml_navis",1027.76311942814
"7901009",14,0,1,0.01869,1,-0.003738,1,149.309318538535,1,4.8648322738141,318,1,17.943000793457,36.4459991455078,0.0186899993568659,0,143.981399536133,-87.9019,25.5142,79.4671984194489,63,63,63,63,61,63,0,8045,1.29563008188212,26,-88,0.001869,51,2023-10-18 11:25:41.001216,318,1.037,0.0011,"aoml_navis",1027.78466318633
"7901009",14,0,1,0.016821,1,-0.005607,1,148.921059070745,1,4.86473535323103,320,1,17.8570003509521,36.4329986572266,0.0168210007250309,0,143.606994628906,-87.9019,25.5142,79.4671984194489,63,63,63,63,61,63,0,8045,1.29563008188212,26,-88,0.001869,51,2023-10-18 11:25:41.001216,320,1.037,0.0011,"aoml_navis",1027.80513983749
"7901009",14,0,1,0.013083,1,-0.009345,1,148.530837497808,1,4.86465769933024,322,1,17.7900009155273,36.4210014343262,0.0130829997360706,0,143.230697631836,-87.9019,25.5142,79.4671984194489,63,63,63,63,61,63,0,8045,1.29563008188212,26,-88,0.001869,51,2023-10-18 11:25:41.001216,322,1.037,0.0011,"aoml_navis",1027.82154655782
"7901009",14,0,1,0.011214,1,-0.011214,1,147.582286246388,1,4.86458939340264,324,1,17.7490005493164,36.4150009155273,0.0112140001729131,0,142.315994262695,-87.9019,25.5142,79.4671984194489,63,63,63,63,61,63,0,8045,1.29563008188212,26,-88,0.001869,51,2023-10-18 11:25:41.001216,324,1.037,0.0011,"aoml_navis",1027.83597867088
"7901009",14,0,1,0.014952,1,-0.007476,1,146.336333654253,1,4.86451091047137,326,1,17.67799949646,36.4020004272461,0.0149520002305508,0,141.114501953125,-87.9019,25.5142,79.4671984194489,63,63,63,63,61,63,0,8045,1.29563008188212,26,-88,0.001869,51,2023-10-18 11:25:41.001216,326,1.037,0.0011,"aoml_navis",1027.85256154673
"7901009",14,0,1,0.016821,1,-0.005607,1,144.716536737792,1,4.86442789943434,328,1,17.6030006408691,36.3889999389648,0.0168210007250309,0,139.552505493164,-87.9019,25.5142,79.4671984194489,63,63,63,63,61,63,0,8045,1.29563008188212,26,-88,0.001869,51,2023-10-18 11:25:41.001216,328,1.037,0.0011,"aoml_navis",1027.87010176087
"7901009",14,0,1,0.01869,1,-0.003738,1,143.277174377764,1,4.86435446764883,330,1,17.5389995574951,36.3769989013672,0.0186899993568659,0,138.164505004883,-87.9019,25.5142,79.4671984194489,63,63,63,63,61,63,0,8045,1.29563008188212,26,-88,0.001869,51,2023-10-18 11:25:41.001216,330,1.037,0.0011,"aoml_navis",1027.88561838026
"7901009",14,0,1,0.014952,1,-0.007476,1,142.316280852028,1,4.8642917838959,332,1,17.4839992523193,36.3650016784668,0.0149520002305508,0,137.237899780273,-87.9019,25.5142,79.4671984194489,63,63,63,63,61,63,0,8045,1.29563008188212,26,-88,0.001869,51,2023-10-18 11:25:41.001216,332,1.037,0.0011,"aoml_navis",1027.8988642403
"7901009",14,0,1,0.01869,1,-0.003738,1,141.309974086183,1,4.86420378278248,334,1,17.3950004577637,36.3489990234375,0.0186899993568659,0,136.267501831055,-87.9019,25.5142,79.4671984194489,63,63,63,63,61,63,0,8045,1.29563008188212,26,-88,0.001869,51,2023-10-18 11:25:41.001216,334,1.037,0.0011,"aoml_navis",1027.91746055093
"7901009",14,0,1,0.020559,1,-0.001869,1,141.59835607259,1,4.86410204194067,336,1,17.2940006256104,36.3330001831055,0.020558999851346,0,136.545593261719,-87.9019,25.5142,79.4671984194489,63,63,63,63,61,63,0,8045,1.29563008188212,26,-88,0.001869,51,2023-10-18 11:25:41.001216,336,1.037,0.0011,"aoml_navis",1027.93896116643
"7901009",14,0,1,0.014952,1,-0.007476,1,142.717294003277,1,4.86402214039615,338,1,17.2299995422363,36.3230018615723,0.0149520002305508,0,137.624603271484,-87.9019,25.5142,79.4671984194489,63,63,63,63,61,63,0,8045,1.29563008188212,26,-88,0.001869,51,2023-10-18 11:25:41.001216,338,1.037,0.0011,"aoml_navis",1027.95584717317
"7901009",14,0,1,0.014952,1,-0.007476,1,143.920729042738,1,4.8639582184919,340,1,17.1919994354248,36.3170013427734,0.0149520002305508,0,138.785095214844,-87.9019,25.5142,79.4671984194489,63,63,63,63,61,63,0,8045,1.29563008188212,26,-88,0.001869,51,2023-10-18 11:25:41.001216,340,1.037,0.0011,"aoml_navis",1027.96935651933
"7901009",14,0,1,0.016821,1,-0.005607,1,144.460798484606,1,4.86388025058468,342,1,17.1450004577637,36.3120002746582,0.0168210007250309,0,139.305892944336,-87.9019,25.5142,79.4671984194489,63,63,63,63,61,63,0,8045,1.29563008188212,26,-88,0.001869,51,2023-10-18 11:25:41.001216,342,1.037,0.0011,"aoml_navis",1027.98583484841
"7901009",14,0,1,0.01869,1,-0.003738,1,144.422126025085,1,4.86382253272593,344,1,17.1060009002686,36.3040008544922,0.0186899993568659,0,139.268600463867,-87.9019,25.5142,79.4671984194489,63,63,63,63,61,63,0,8045,1.29563008188212,26,-88,0.001869,51,2023-10-18 11:25:41.001216,344,1.037,0.0011,"aoml_navis",1027.99803371891
"7901009",14,0,1,0.014952,1,-0.007476,1,144.648195349628,1,4.86374093587923,346,1,17.0370006561279,36.2929992675781,0.0149520002305508,0,139.486602783203,-87.9019,25.5142,79.4671984194489,63,63,63,63,61,63,0,8045,1.29563008188212,26,-88,0.001869,51,2023-10-18 11:25:41.001216,346,1.037,0.0011,"aoml_navis",1028.01527999068
"7901009",14,0,1,0.016821,1,-0.005607,1,144.716425973792,1,4.86366701626681,348,1,16.9869995117188,36.2859992980957,0.0168210007250309,0,139.552398681641,-87.9019,25.5142,79.4671984194489,63,63,63,63,61,63,0,8045,1.29563008188212,26,-88,0.001869,51,2023-10-18 11:25:41.001216,348,1.037,0.0011,"aoml_navis",1028.03090410532
"7901009",14,0,1,0.016821,1,-0.005607,1,144.73498685555,1,4.86360475741323,350,1,16.94700050354,36.2789993286133,0.0168210007250309,0,139.570297241211,-87.9019,25.5142,79.4671984194489,63,63,63,63,61,63,0,8045,1.29563008188212,26,-88,0.001869,51,2023-10-18 11:25:41.001216,350,1.037,0.0011,"aoml_navis",1028.04406389703
"7901009",14,0,1,0.014952,1,-0.007476,1,144.792125256259,1,4.86355048498163,352,1,16.9169998168945,36.2729988098145,0.0149520002305508,0,139.625396728516,-87.9019,25.5142,79.4671984194489,63,63,63,63,61,63,0,8045,1.29563008188212,26,-88,0.001869,51,2023-10-18 11:25:41.001216,352,1.037,0.0011,"aoml_navis",1028.0555358559
"7901009",14,0,1,0.022428,1,0,1,145.049825614592,1,4.86346007029879,354.100006103516,1,16.8479995727539,36.2639999389648,0.0224280003458261,0,139.873901367188,-87.9019,25.5142,79.4671984194489,63,63,63,63,61,63,0,8045,1.29563008188212,26,-88,0.001869,51,2023-10-18 11:25:41.001216,354.100006103516,1.037,0.0011,"aoml_navis",1028.07464803403
"7901009",14,0,1,0.020559,1,-0.001869,1,145.100333998713,1,4.86338875712789,356,1,16.7950000762939,36.2560005187988,0.020558999851346,0,139.922607421875,-87.9019,25.5142,79.4671984194489,63,63,63,63,61,63,0,8045,1.29563008188212,26,-88,0.001869,51,2023-10-18 11:25:41.001216,356,1.037,0.0011,"aoml_navis",1028.08972296773
"7901009",14,0,1,0.014952,1,-0.007476,1,144.98282921786,1,4.86331300948078,358,1,16.7430000305176,36.2490005493164,0.0149520002305508,0,139.809295654297,-87.9019,25.5142,79.4671984194489,63,63,63,63,61,63,0,8045,1.29563008188212,26,-88,0.001869,51,2023-10-18 11:25:41.001216,358,1.037,0.0011,"aoml_navis",1028.1057357922
"7901009",14,0,1,0.01869,1,-0.003738,1,144.719638129799,1,4.8632522713478,360,1,16.7040004730225,36.242000579834,0.0186899993568659,0,139.55549621582,-87.9019,25.5142,79.4671984194489,63,63,63,63,61,63,0,8045,1.29563008188212,26,-88,0.001869,51,2023-10-18 11:25:41.001216,360,1.037,0.0011,"aoml_navis",1028.11857601093
"7901009",14,0,1,0.016821,1,-0.005607,1,144.548428632245,1,4.86314813964442,362,1,16.6079998016357,36.2290000915527,0.0168210007250309,0,139.390396118164,-87.9019,25.5142,79.4671984194489,63,63,63,63,61,63,0,8045,1.29563008188212,26,-88,0.001869,51,2023-10-18 11:25:41.001216,362,1.037,0.0011,"aoml_navis",1028.1405905035
"7901009",14,0,1,0.020559,1,-0.001869,1,144.240757886364,1,4.86306468453472,364,1,16.5330009460449,36.2169990539551,0.020558999851346,0,139.093704223633,-87.9019,25.5142,79.4671984194489,63,63,63,63,61,63,0,8045,1.29563008188212,26,-88,0.001869,51,2023-10-18 11:25:41.001216,364,1.037,0.0011,"aoml_navis",1028.15823443615
"7901009",14,0,1,0.011214,1,-0.011214,1,144.057000409922,1,4.86298143960151,366,1,16.4580001831055,36.2050018310547,0.0112140001729131,0,138.91650390625,-87.9019,25.5142,79.4671984194489,63,63,63,63,61,63,0,8045,1.29563008188212,26,-88,0.001869,51,2023-10-18 11:25:41.001216,366,1.037,0.0011,"aoml_navis",1028.17583453695
"7901009",14,0,1,0.020559,1,-0.001869,1,143.612536123712,1,4.86292866111768,367.899993896484,1,16.4270000457764,36.1990013122559,0.020558999851346,0,138.487899780273,-87.9019,25.5142,79.4671984194489,63,63,63,63,61,63,0,8045,1.29563008188212,26,-88,0.001869,51,2023-10-18 11:25:41.001216,367.899993896484,1.037,0.0011,"aoml_navis",1028.18699356589
"7901009",14,0,1,0.01869,1,-0.003738,1,143.019885428575,1,4.86288085397389,370,1,16.4039993286133,36.193000793457,0.0186899993568659,0,137.916397094727,-87.9019,25.5142,79.4671984194489,63,63,63,63,61,63,0,8045,1.29563008188212,26,-88,0.001869,51,2023-10-18 11:25:41.001216,370,1.037,0.0011,"aoml_navis",1028.1971017065
"7901009",14,0,1,0.013083,1,-0.009345,1,142.464783729528,1,4.86280184177879,372,1,16.3419990539551,36.1839981079102,0.0130829997360706,0,137.381103515625,-87.9019,25.5142,79.4671984194489,63,63,63,63,61,63,0,8045,1.29563008188212,26,-88,0.001869,51,2023-10-18 11:25:41.001216,372,1.037,0.0011,"aoml_navis",1028.21380814708
"7901009",14,0,1,0.020559,1,-0.001869,1,141.921185663079,1,4.8627336110531,374,1,16.2830009460449,36.1730003356934,0.020558999851346,0,136.856903076172,-87.9019,25.5142,79.4671984194489,63,63,63,63,61,63,0,8045,1.29563008188212,26,-88,0.001869,51,2023-10-18 11:25:41.001216,374,1.037,0.0011,"aoml_navis",1028.22823537668
"7901009",14,0,1,0.016821,1,-0.005607,1,141.186677930458,1,4.86265425933927,376,1,16.2140007019043,36.1619987487793,0.0168210007250309,0,136.14860534668,-87.9019,25.5142,79.4671984194489,63,63,63,63,61,63,0,8045,1.29563008188212,26,-88,0.001869,51,2023-10-18 11:25:41.001216,376,1.037,0.0011,"aoml_navis",1028.24501462282
"7901009",14,0,1,0.016821,1,-0.005607,1,140.749049365408,1,4.86256540050241,378,1,16.117000579834,36.1450004577637,0.0168210007250309,0,135.726593017578,-87.9019,25.5142,79.4671984194489,63,63,63,63,61,63,0,8045,1.29563008188212,26,-88,0.001869,51,2023-10-18 11:25:41.001216,378,1.037,0.0011,"aoml_navis",1028.26380483919
"7901009",14,0,1,0.020559,1,-0.001869,1,140.446252235538,1,4.86247835823975,380,1,16.0310001373291,36.1310005187988,0.020558999851346,0,135.434600830078,-87.9019,25.5142,79.4671984194489,63,63,63,63,61,63,0,8045,1.29563008188212,26,-88,0.001869,51,2023-10-18 11:25:41.001216,380,1.037,0.0011,"aoml_navis",1028.28221158603
"7901009",14,0,1,0.01869,1,-0.003738,1,140.077075822651,1,4.86242486392899,382,1,16.003999710083,36.1259994506836,0.0186899993568659,0,135.078598022461,-87.9019,25.5142,79.4671984194489,63,63,63,63,61,63,0,8045,1.29563008188212,26,-88,0.001869,51,2023-10-18 11:25:41.001216,382,1.037,0.0011,"aoml_navis",1028.29352430545
"7901009",14,0,1,0.01869,1,-0.003738,1,139.509426144717,1,4.86238648275166,384,1,15.9969997406006,36.1230010986328,0.0186899993568659,0,134.531204223633,-87.9019,25.5142,79.4671984194489,63,63,63,63,61,63,0,8045,1.29563008188212,26,-88,0.001869,51,2023-10-18 11:25:41.001216,384,1.037,0.0011,"aoml_navis",1028.3016411255
"7901009",14,0,1,0.020559,1,-0.001869,1,138.850918339707,1,4.862320455167,386,1,15.9490003585815,36.1150016784668,0.020558999851346,0,133.896194458008,-87.9019,25.5142,79.4671984194489,63,63,63,63,61,63,0,8045,1.29563008188212,26,-88,0.001869,51,2023-10-18 11:25:41.001216,386,1.037,0.0011,"aoml_navis",1028.31560488505
"7901009",14,0,1,0.016821,1,-0.005607,1,137.927257341489,1,4.86225732943157,388,1,15.8970003128052,36.1049995422363,0.0168210007250309,0,133.005493164062,-87.9019,25.5142,79.4671984194489,63,63,63,63,61,63,0,8045,1.29563008188212,26,-88,0.001869,51,2023-10-18 11:25:41.001216,388,1.037,0.0011,"aoml_navis",1028.32895530532
"7901009",14,0,1,0.014952,1,-0.007476,1,136.767684846133,1,4.86219347682578,390,1,15.8409996032715,36.0940017700195,0.0149520002305508,0,131.887298583984,-87.9019,25.5142,79.4671984194489,63,63,63,63,61,63,0,8045,1.29563008188212,26,-88,0.001869,51,2023-10-18 11:25:41.001216,390,1.037,0.0011,"aoml_navis",1028.34245980359
"7901009",14,0,1,0.01869,1,-0.003738,1,135.620866034236,1,4.86208249861068,392,1,15.7030000686646,36.0709991455078,0.0186899993568659,0,130.781402587891,-87.9019,25.5142,79.4671984194489,63,63,63,63,61,63,0,8045,1.29563008188212,26,-88,0.001869,51,2023-10-18 11:25:41.001216,392,1.037,0.0011,"aoml_navis",1028.36593197025
"7901009",14,0,1,0.020559,1,-0.001869,1,134.986947837285,1,4.86196383891472,394,1,15.5539999008179,36.0470008850098,0.020558999851346,0,130.170104980469,-87.9019,25.5142,79.4671984194489,63,63,63,63,61,63,0,8045,1.29563008188212,26,-88,0.001869,51,2023-10-18 11:25:41.001216,394,1.037,0.0011,"aoml_navis",1028.39102997444
"7901009",14,0,1,0.020559,1,-0.001869,1,134.737855424116,1,4.86186920358473,396,1,15.4460000991821,36.0289993286133,0.020558999851346,0,129.929901123047,-87.9019,25.5142,79.4671984194489,63,63,63,63,61,63,0,8045,1.29563008188212,26,-88,0.001869,51,2023-10-18 11:25:41.001216,396,1.037,0.0011,"aoml_navis",1028.41104740404
"7901009",14,0,1,0.022428,1,0,1,134.46573992232,1,4.86179399498655,398,1,15.3719997406006,36.015998840332,0.0224280003458261,0,129.667495727539,-87.9019,25.5142,79.4671984194489,63,63,63,63,61,63,0,8045,1.29563008188212,26,-88,0.001869,51,2023-10-18 11:25:41.001216,398,1.037,0.0011,"aoml_navis",1028.42695621327
"7901009",14,0,1,0.020559,1,-0.001869,1,134.219559020014,1,4.86171502102847,400,1,15.2910003662109,36.0019989013672,0.020558999851346,0,129.430099487305,-87.9019,25.5142,79.4671984194489,63,63,63,63,61,63,0,8045,1.29563008188212,26,-88,0.001869,51,2023-10-18 11:25:41.001216,400,1.037,0.0011,"aoml_navis",1028.4436620356
"7901009",14,0,1,0.016821,1,-0.005607,1,134.117624492912,1,4.86160816672843,402,1,15.173999786377,35.9850006103516,0.0168210007250309,0,129.331802368164,-87.9019,25.5142,79.4671984194489,63,63,63,63,61,63,0,8045,1.29563008188212,26,-88,0.001869,51,2023-10-18 11:25:41.001216,402,1.037,0.0011,"aoml_navis",1028.46626641338
"7901009",14,0,1,0.022428,1,0,1,133.800712864723,1,4.86153949767201,404,1,15.1120004653931,35.9739990234375,0.0224280003458261,0,129.02619934082,-87.9019,25.5142,79.4671984194489,63,63,63,63,61,63,0,8045,1.29563008188212,26,-88,0.001869,51,2023-10-18 11:25:41.001216,404,1.037,0.0011,"aoml_navis",1028.48079345942
"7901009",14,0,1,0.020559,1,-0.001869,1,133.200593511282,1,4.86146194415904,406,1,15.0450000762939,35.9640007019043,0.020558999851346,0,128.447494506836,-87.9019,25.5142,79.4671984194489,63,63,63,63,61,63,0,8045,1.29563008188212,26,-88,0.001869,51,2023-10-18 11:25:41.001216,406,1.037,0.0011,"aoml_navis",1028.49720051957
"7901009",14,0,1,0.024297,1,0.001869,1,132.455507816635,1,4.86139077787542,408,1,14.9770002365112,35.9519996643066,0.0242970008403063,0,127.728996276855,-87.9019,25.5142,79.4671984194489,63,63,63,63,61,63,0,8045,1.29563008188212,26,-88,0.001869,51,2023-10-18 11:25:41.001216,408,1.037,0.0011,"aoml_navis",1028.51225677133
"7901009",14,0,1,0.01869,1,-0.003738,1,131.192125717887,1,4.86130109851433,410,1,14.8780002593994,35.9360008239746,0.0186899993568659,0,126.510696411133,-87.9019,25.5142,79.4671984194489,63,63,63,63,61,63,0,8045,1.29563008188212,26,-88,0.001869,51,2023-10-18 11:25:41.001216,410,1.037,0.0011,"aoml_navis",1028.5312303589
"7901009",14,0,1,0.022428,1,0,1,130.027885311092,1,4.86120630856748,412,1,14.7670001983643,35.9179992675781,0.0224280003458261,0,125.388000488281,-87.9019,25.5142,79.4671984194489,63,63,63,63,61,63,0,8045,1.29563008188212,26,-88,0.001869,51,2023-10-18 11:25:41.001216,412,1.037,0.0011,"aoml_navis",1028.55128596125
"7901009",14,0,1,0.020559,1,-0.001869,1,129.13015100065,1,4.86113273419793,414,1,14.6960000991821,35.9059982299805,0.020558999851346,0,124.522300720215,-87.9019,25.5142,79.4671984194489,63,63,63,63,61,63,0,8045,1.29563008188212,26,-88,0.001869,51,2023-10-18 11:25:41.001216,414,1.037,0.0011,"aoml_navis",1028.56685332312
"7901009",14,0,1,0.022428,1,0,1,127.806101876614,1,4.86106603936715,416,1,14.6450004577637,35.8979988098145,0.0224280003458261,0,123.245498657227,-87.9019,25.5142,79.4671984194489,63,63,63,63,61,63,0,8045,1.29563008188212,26,-88,0.001869,51,2023-10-18 11:25:41.001216,416,1.037,0.0011,"aoml_navis",1028.58096547294
"7901009",14,0,1,0.014952,1,-0.007476,1,126.450532482787,1,4.86098104020311,418,1,14.5559997558594,35.8839988708496,0.0149520002305508,0,121.938301086426,-87.9019,25.5142,79.4671984194489,63,63,63,63,61,63,0,8045,1.29563008188212,26,-88,0.001869,51,2023-10-18 11:25:41.001216,418,1.037,0.0011,"aoml_navis",1028.5989512502
"7901009",14,0,1,0.01869,1,-0.003738,1,125.061464890594,1,4.86090712899321,420,1,14.4910001754761,35.8740005493164,0.0186899993568659,0,120.59880065918,-87.9019,25.5142,79.4671984194489,63,63,63,63,61,63,0,8045,1.29563008188212,26,-88,0.001869,51,2023-10-18 11:25:41.001216,420,1.037,0.0011,"aoml_navis",1028.61459133361
"7901009",14,0,1,0.016821,1,-0.005607,1,125.453245071249,1,4.86079145627567,422,1,14.3479995727539,35.8530006408691,0.0168210007250309,0,120.976600646973,-87.9019,25.5142,79.4671984194489,63,63,63,63,61,63,0,8045,1.29563008188212,26,-88,0.001869,51,2023-10-18 11:25:41.001216,422,1.037,0.0011,"aoml_navis",1028.63906937308
"7901009",14,0,1,0.024297,1,0.001869,1,124.879985987873,1,4.860743291809,424,1,14.3140001296997,35.8450012207031,0.0242970008403063,0,120.423797607422,-87.9019,25.5142,79.4671984194489,63,63,63,63,61,63,0,8045,1.29563008188212,26,-88,0.001869,51,2023-10-18 11:25:41.001216,424,1.037,0.0011,"aoml_navis",1028.64926202247
"7901009",14,0,1,0.020559,1,-0.001869,1,124.065419618203,1,4.86066536207991,426,1,14.2480001449585,35.8359985351562,0.020558999851346,0,119.638298034668,-87.9019,25.5142,79.4671984194489,63,63,63,63,61,63,0,8045,1.29563008188212,26,-88,0.001869,51,2023-10-18 11:25:41.001216,426,1.037,0.0011,"aoml_navis",1028.66575407702
"7901009",14,0,1,0.020559,1,-0.001869,1,124.270127314123,1,4.86059121582815,428,1,14.1750001907349,35.8240013122559,0.020558999851346,0,119.83570098877,-87.9019,25.5142,79.4671984194489,63,63,63,63,61,63,0,8045,1.29563008188212,26,-88,0.001869,51,2023-10-18 11:25:41.001216,428,1.037,0.0011,"aoml_navis",1028.68144593561
"7901009",14,0,1,0.01869,1,-0.003738,1,125.503539839084,1,4.86052820415401,430,1,14.1300001144409,35.8170013427734,0.0186899993568659,0,121.025100708008,-87.9019,25.5142,79.4671984194489,63,63,63,63,61,63,0,8045,1.29563008188212,26,-88,0.001869,51,2023-10-18 11:25:41.001216,430,1.037,0.0011,"aoml_navis",1028.69478171668
"7901009",14,0,1,0.022428,1,0,1,126.555687077611,1,4.86046167162346,432,1,14.0710000991821,35.806999206543,0.0224280003458261,0,122.039703369141,-87.9019,25.5142,79.4671984194489,63,63,63,63,61,63,0,8045,1.29563008188212,26,-88,0.001869,51,2023-10-18 11:25:41.001216,432,1.037,0.0011,"aoml_navis",1028.70886302657
"7901009",14,0,1,0.020559,1,-0.001869,1,127.275882519055,1,4.86039431532058,434,1,13.9969997406006,35.7929992675781,0.020558999851346,0,122.734199523926,-87.9019,25.5142,79.4671984194489,63,63,63,63,61,63,0,8045,1.29563008188212,26,-88,0.001869,51,2023-10-18 11:25:41.001216,434,1.037,0.0011,"aoml_navis",1028.72311907686
"7901009",14,0,1,0.020559,1,-0.001869,1,127.787232437997,1,4.86031839533876,436,1,13.9180002212524,35.7799987792969,0.020558999851346,0,123.22730255127,-87.9019,25.5142,79.4671984194489,63,63,63,63,61,63,0,8045,1.29563008188212,26,-88,0.001869,51,2023-10-18 11:25:41.001216,436,1.037,0.0011,"aoml_navis",1028.73918811475
"7901009",14,0,1,0.020559,1,-0.001869,1,127.862623163606,1,4.86024487852474,438,1,13.8339996337891,35.7649993896484,0.020558999851346,0,123.300003051758,-87.9019,25.5142,79.4671984194489,63,63,63,63,61,63,0,8045,1.29563008188212,26,-88,0.001869,51,2023-10-18 11:25:41.001216,438,1.037,0.0011,"aoml_navis",1028.75474898246
"7901009",14,0,1,0.022428,1,0,1,127.742222695317,1,4.86017997815989,440,1,13.7829999923706,35.7569999694824,0.0224280003458261,0,123.183898925781,-87.9019,25.5142,79.4671984194489,63,63,63,63,61,63,0,8045,1.29563008188212,26,-88,0.001869,51,2023-10-18 11:25:41.001216,440,1.037,0.0011,"aoml_navis",1028.76848644874
"7901009",14,0,1,0.016821,1,-0.005607,1,127.462235037788,1,4.860124734404,442,1,13.7519998550415,35.7519989013672,0.0168210007250309,0,122.913902282715,-87.9019,25.5142,79.4671984194489,63,63,63,63,61,63,0,8045,1.29563008188212,26,-88,0.001869,51,2023-10-18 11:25:41.001216,442,1.037,0.0011,"aoml_navis",1028.78018018876
"7901009",14,0,1,0.020559,1,-0.001869,1,127.028245861317,1,4.86007815051058,444,1,13.7329998016357,35.7480010986328,0.020558999851346,0,122.495399475098,-87.9019,25.5142,79.4671984194489,63,63,63,63,61,63,0,8045,1.29563008188212,26,-88,0.001869,51,2023-10-18 11:25:41.001216,444,1.037,0.0011,"aoml_navis",1028.79004105618
"7901009",14,0,1,0.020559,1,-0.001869,1,126.651402997269,1,4.86001740845373,446,1,13.6929998397827,35.742000579834,0.020558999851346,0,122.13200378418,-87.9019,25.5142,79.4671984194489,63,63,63,63,61,63,0,8045,1.29563008188212,26,-88,0.001869,51,2023-10-18 11:25:41.001216,446,1.037,0.0011,"aoml_navis",1028.80289920418
"7901009",14,0,1,0.01869,1,-0.003738,1,126.181012023283,1,4.85996227119013,448,1,13.6619997024536,35.7369995117188,0.0186899993568659,0,121.678398132324,-87.9019,25.5142,79.4671984194489,63,63,63,63,61,63,0,8045,1.29563008188212,26,-88,0.001869,51,2023-10-18 11:25:41.001216,448,1.037,0.0011,"aoml_navis",1028.81457118299
"7901009",14,0,1,0.022428,1,0,1,125.283697033699,1,4.85991720925872,450,1,13.6479997634888,35.734001159668,0.0224280003458261,0,120.813102722168,-87.9019,25.5142,79.4671984194489,63,63,63,63,61,63,0,8045,1.29563008188212,26,-88,0.001869,51,2023-10-18 11:25:41.001216,450,1.037,0.0011,"aoml_navis",1028.82411051662
"7901009",14,0,1,0.024297,1,0.001869,1,123.909455994114,1,4.85986416255158,452,1,13.6190004348755,35.7290000915527,0.0242970008403063,0,119.487899780273,-87.9019,25.5142,79.4671984194489,63,63,63,63,61,63,0,8045,1.29563008188212,26,-88,0.001869,51,2023-10-18 11:25:41.001216,452,1.037,0.0011,"aoml_navis",1028.83534040483
"7901009",14,0,1,0.020559,1,-0.001869,1,122.032267276177,1,4.8597838524032,454,1,13.5559997558594,35.7220001220703,0.020558999851346,0,117.677696228027,-87.9019,25.5142,79.4671984194489,63,63,63,63,61,63,0,8045,1.29563008188212,26,-88,0.001869,51,2023-10-18 11:25:41.001216,454,1.037,0.0011,"aoml_navis",1028.85234237886
"7901009",14,0,1,0.020559,1,-0.001869,1,121.076152425882,1,4.85972601425573,456,1,13.5150003433228,35.7150001525879,0.020558999851346,0,116.755699157715,-87.9019,25.5142,79.4671984194489,63,63,63,63,61,63,0,8045,1.29563008188212,26,-88,0.001869,51,2023-10-18 11:25:41.001216,456,1.037,0.0011,"aoml_navis",1028.86458729006
"7901009",14,0,1,0.026166,1,0.003738,1,120.423879051744,1,4.859668049916,458,1,13.4809999465942,35.7099990844727,0.0261659994721413,0,116.12670135498,-87.9019,25.5142,79.4671984194489,63,63,63,63,61,63,0,8045,1.29563008188212,26,-88,0.001869,51,2023-10-18 11:25:41.001216,458,1.037,0.0011,"aoml_navis",1028.87685920984
"7901009",14,0,1,0.022428,1,0,1,120.042360364542,1,4.85959194508838,460,1,13.41100025177,35.7000007629395,0.0224280003458261,0,115.758796691895,-87.9019,25.5142,79.4671984194489,63,63,63,63,61,63,0,8045,1.29563008188212,26,-88,0.001869,51,2023-10-18 11:25:41.001216,460,1.037,0.0011,"aoml_navis",1028.89297218741
"7901009",14,0,1,0.020559,1,-0.001869,1,119.652660964749,1,4.85951466536181,462,1,13.3360004425049,35.6889991760254,0.020558999851346,0,115.383003234863,-87.9019,25.5142,79.4671984194489,63,63,63,63,61,63,0,8045,1.29563008188212,26,-88,0.001869,51,2023-10-18 11:25:41.001216,462,1.037,0.0011,"aoml_navis",1028.90933443201
"7901009",14,0,1,0.024297,1,0.001869,1,119.637620795856,1,4.85944638807939,464,1,13.2770004272461,35.6800003051758,0.0242970008403063,0,115.368499755859,-87.9019,25.5142,79.4671984194489,63,63,63,63,61,63,0,8045,1.29563008188212,26,-88,0.001869,51,2023-10-18 11:25:41.001216,464,1.037,0.0011,"aoml_navis",1028.92379104447
"7901009",14,0,1,0.022428,1,0,1,119.804581702828,1,4.85937124199833,466,1,13.2110004425049,35.6710014343262,0.0224280003458261,0,115.529502868652,-87.9019,25.5142,79.4671984194489,63,63,63,63,61,63,0,8045,1.29563008188212,26,-88,0.001869,51,2023-10-18 11:25:41.001216,466,1.037,0.0011,"aoml_navis",1028.93970248378
"7901009",14,0,1,0.024297,1,0.001869,1,119.900186858486,1,4.85932541572817,468,1,13.1960000991821,35.6679992675781,0.0242970008403063,0,115.621696472168,-87.9019,25.5142,79.4671984194489,63,63,63,63,61,63,0,8045,1.29563008188212,26,-88,0.001869,51,2023-10-18 11:25:41.001216,468,1.037,0.0011,"aoml_navis",1028.94940598473
"7901009",14,0,1,0.020559,1,-0.001869,1,120.162863685117,1,4.85928594874497,470,1,13.1909999847412,35.6660003662109,0.020558999851346,0,115.875,-87.9019,25.5142,79.4671984194489,63,63,63,63,61,63,0,8045,1.29563008188212,26,-88,0.001869,51,2023-10-18 11:25:41.001216,470,1.037,0.0011,"aoml_navis",1028.95776308274
"7901009",14,0,1,0.024297,1,0.001869,1,120.80114123665,1,4.85924013321762,472,1,13.1759996414185,35.6629981994629,0.0242970008403063,0,116.490501403809,-87.9019,25.5142,79.4671984194489,63,63,63,63,61,63,0,8045,1.29563008188212,26,-88,0.001869,51,2023-10-18 11:25:41.001216,472,1.037,0.0011,"aoml_navis",1028.96746464949
"7901009",14,0,1,0.024297,1,0.001869,1,122.006759909259,1,4.85917153569135,474,1,13.1090002059937,35.6520004272461,0.0242970008403063,0,117.653099060059,-87.9019,25.5142,79.4671984194489,63,63,63,63,61,63,0,8045,1.29563008188212,26,-88,0.001869,51,2023-10-18 11:25:41.001216,474,1.037,0.0011,"aoml_navis",1028.98199071061
"7901009",14,0,1,0.020559,1,-0.001869,1,122.350523895799,1,4.85909749997134,476,1,13.0290002822876,35.6389999389648,0.020558999851346,0,117.984596252441,-87.9019,25.5142,79.4671984194489,63,63,63,63,61,63,0,8045,1.29563008188212,26,-88,0.001869,51,2023-10-18 11:25:41.001216,476,1.037,0.0011,"aoml_navis",1028.99766881185
"7901009",14,0,1,0.024297,1,0.001869,1,121.886153736398,1,4.85904449850559,478,1,12.9919996261597,35.6319999694824,0.0242970008403063,0,117.536796569824,-87.9019,25.5142,79.4671984194489,63,63,63,63,61,63,0,8045,1.29563008188212,26,-88,0.001869,51,2023-10-18 11:25:41.001216,478,1.037,0.0011,"aoml_navis",1029.00889290842
"7901009",14,0,1,0.024297,1,0.001869,1,120.65502769687,1,4.85900108593899,480,1,12.9829998016357,35.6300010681152,0.0242970008403063,0,116.349601745605,-87.9019,25.5142,79.4671984194489,63,63,63,63,61,63,0,8045,1.29563008188212,26,-88,0.001869,51,2023-10-18 11:25:41.001216,480,1.037,0.0011,"aoml_navis",1029.01808655055
"7901009",14,0,1,0.022428,1,0,1,118.319378870119,1,4.85895439106309,482,1,12.9670000076294,35.6269989013672,0.0224280003458261,0,114.097297668457,-87.9019,25.5142,79.4671984194489,63,63,63,63,61,63,0,8045,1.29563008188212,26,-88,0.001869,51,2023-10-18 11:25:41.001216,482,1.037,0.0011,"aoml_navis",1029.02797548302
"7901009",14,0,1,0.020559,1,-0.001869,1,116.604380295429,1,4.8588841966442,484,1,12.9420003890991,35.6279983520508,0.020558999851346,0,112.443496704102,-87.9019,25.5142,79.4671984194489,63,63,63,63,61,63,0,8045,1.29563008188212,26,-88,0.001869,51,2023-10-18 11:25:41.001216,484,1.037,0.0011,"aoml_navis",1029.0428414518
"7901009",14,0,1,0.024297,1,0.001869,1,115.877958334828,1,4.85881776790511,486,1,12.8950004577637,35.6220016479492,0.0242970008403063,0,111.74299621582,-87.9019,25.5142,79.4671984194489,63,63,63,63,61,63,0,8045,1.29563008188212,26,-88,0.001869,51,2023-10-18 11:25:41.001216,486,1.037,0.0011,"aoml_navis",1029.05691031005
"7901009",14,0,1,0.026166,1,0.003738,1,114.152389709827,1,4.85875668113066,488,1,12.8570003509521,35.617000579834,0.0261659994721413,0,110.079002380371,-87.9019,25.5142,79.4671984194489,63,63,63,63,61,63,0,8045,1.29563008188212,26,-88,0.001869,51,2023-10-18 11:25:41.001216,488,1.037,0.0011,"aoml_navis",1029.06984813993
"7901009",14,0,1,0.024297,1,0.001869,1,113.354311352768,1,4.85869367990527,490,1,12.8170003890991,35.6119995117188,0.0242970008403063,0,109.30940246582,-87.9019,25.5142,79.4671984194489,63,63,63,63,61,63,0,8045,1.29563008188212,26,-88,0.001869,51,2023-10-18 11:25:41.001216,490,1.037,0.0011,"aoml_navis",1029.08319178036
"7901009",14,0,1,0.026166,1,0.003738,1,113.137577851104,1,4.85864214138882,492,1,12.7959995269775,35.609001159668,0.0261659994721413,0,109.100402832031,-87.9019,25.5142,79.4671984194489,63,63,63,63,61,63,0,8045,1.29563008188212,26,-88,0.001869,51,2023-10-18 11:25:41.001216,492,1.037,0.0011,"aoml_navis",1029.09410787986
"7901009",14,0,1,0.028035,1,0.005607,1,113.032217551709,1,4.85859595551387,494,1,12.7729997634888,35.6040000915527,0.0280349999666214,0,108.998802185059,-87.9019,25.5142,79.4671984194489,63,63,63,63,61,63,0,8045,1.29563008188212,26,-88,0.001869,51,2023-10-18 11:25:41.001216,494,1.037,0.0011,"aoml_navis",1029.10389046154
"7901009",14,0,1,0.024297,1,0.001869,1,113.311374479236,1,4.85852872932625,496,1,12.710000038147,35.5940017700195,0.0242970008403063,0,109.267997741699,-87.9019,25.5142,79.4671984194489,63,63,63,63,61,63,0,8045,1.29563008188212,26,-88,0.001869,51,2023-10-18 11:25:41.001216,496,1.037,0.0011,"aoml_navis",1029.11812990213
"7901009",14,0,1,0.024297,1,0.001869,1,113.803538490989,1,4.85845332333895,498,1,12.6309995651245,35.5820007324219,0.0242970008403063,0,109.742599487305,-87.9019,25.5142,79.4671984194489,63,63,63,63,61,63,0,8045,1.29563008188212,26,-88,0.001869,51,2023-10-18 11:25:41.001216,498,1.037,0.0011,"aoml_navis",1029.13410240685
"7901009",14,0,1,0.026166,1,0.003738,1,114.20589663367,1,4.85838575402409,500,1,12.5710000991821,35.5730018615723,0.0261659994721413,0,110.130599975586,-87.9019,25.5142,79.4671984194489,63,63,63,63,61,63,0,8045,1.29563008188212,26,-88,0.001869,51,2023-10-18 11:25:41.001216,500,1.037,0.0011,"aoml_navis",1029.14841536793
"7901009",14,0,1,0.024297,1,0.001869,1,114.549557767924,1,4.85832588595402,502,1,12.5150003433228,35.5629997253418,0.0242970008403063,0,110.46199798584,-87.9019,25.5142,79.4671984194489,63,63,63,63,61,63,0,8045,1.29563008188212,26,-88,0.001869,51,2023-10-18 11:25:41.001216,502,1.037,0.0011,"aoml_navis",1029.16109733511
"7901009",14,0,1,0.024297,1,0.001869,1,114.931385011983,1,4.85826322379562,504,1,12.456000328064,35.5530014038086,0.0242970008403063,0,110.830200195312,-87.9019,25.5142,79.4671984194489,63,63,63,63,61,63,0,8045,1.29563008188212,26,-88,0.001869,51,2023-10-18 11:25:41.001216,504,1.037,0.0011,"aoml_navis",1029.17437151412
"7901009",14,0,1,0.026166,1,0.003738,1,115.300244956298,1,4.85819513929216,506,1,12.3950004577637,35.5439987182617,0.0261659994721413,0,111.185897827148,-87.9019,25.5142,79.4671984194489,63,63,63,63,61,63,0,8045,1.29563008188212,26,-88,0.001869,51,2023-10-18 11:25:41.001216,506,1.037,0.0011,"aoml_navis",1029.18879473592
"7901009",14,0,1,0.022428,1,0,1,114.944138695443,1,4.85812569255537,508,1,12.3400001525879,35.5369987487793,0.0224280003458261,0,110.842498779297,-87.9019,25.5142,79.4671984194489,63,63,63,63,61,63,0,8045,1.29563008188212,26,-88,0.001869,51,2023-10-18 11:25:41.001216,508,1.037,0.0011,"aoml_navis",1029.20350695373
"7901009",14,0,1,0.022428,1,0,1,114.001291790036,1,4.85807046675038,510,1,12.3109998703003,35.5330009460449,0.0224280003458261,0,109.933296203613,-87.9019,25.5142,79.4671984194489,63,63,63,63,61,63,0,8045,1.29563008188212,26,-88,0.001869,51,2023-10-18 11:25:41.001216,510,1.037,0.0011,"aoml_navis",1029.21520678241
"7901009",14,0,1,0.024297,1,0.001869,1,112.97331483871,1,4.85802745545107,512,1,12.3059997558594,35.5320014953613,0.0242970008403063,0,108.942001342773,-87.9019,25.5142,79.4671984194489,63,63,63,63,61,63,0,8045,1.29563008188212,26,-88,0.001869,51,2023-10-18 11:25:41.001216,512,1.037,0.0011,"aoml_navis",1029.22431909882
"7901009",14,0,1,0.020559,1,-0.001869,1,112.522734797342,1,4.8579763369663,514,1,12.2849998474121,35.5289993286133,0.020558999851346,0,108.507499694824,-87.9019,25.5142,79.4671984194489,63,63,63,63,61,63,0,8045,1.29563008188212,26,-88,0.001869,51,2023-10-18 11:25:41.001216,514,1.037,0.0011,"aoml_navis",1029.23514920256
"7901009",14,0,1,0.024297,1,0.001869,1,112.948321733221,1,4.85792886827209,516,1,12.2639999389648,35.5250015258789,0.0242970008403063,0,108.917900085449,-87.9019,25.5142,79.4671984194489,63,63,63,63,61,63,0,8045,1.29563008188212,26,-88,0.001869,51,2023-10-18 11:25:41.001216,516,1.037,0.0011,"aoml_navis",1029.24520625565
"7901009",14,0,1,0.026166,1,0.003738,1,114.10644638486,1,4.85787701915197,518.099975585938,1,12.2329998016357,35.5190010070801,0.0261659994721413,0,110.034698486328,-87.9019,25.5142,79.4671984194489,63,63,63,63,61,63,0,8045,1.29563008188212,26,-88,0.001869,51,2023-10-18 11:25:41.001216,518.099975585938,1.037,0.0011,"aoml_navis",1029.25619160133
"7901009",14,0,1,0.024297,1,0.001869,1,115.274429032521,1,4.85780873554791,520,1,12.1499996185303,35.5050010681152,0.0242970008403063,0,111.161003112793,-87.9019,25.5142,79.4671984194489,63,63,63,63,61,63,0,8045,1.29563008188212,26,-88,0.001869,51,2023-10-18 11:25:41.001216,520,1.037,0.0011,"aoml_navis",1029.27065930191
"7901009",14,0,1,0.020559,1,-0.001869,1,116.116994959116,1,4.85771467728105,522,1,12.0150003433228,35.484001159668,0.020558999851346,0,111.973503112793,-87.9019,25.5142,79.4671984194489,63,63,63,63,61,63,0,8045,1.29563008188212,26,-88,0.001869,51,2023-10-18 11:25:41.001216,522,1.037,0.0011,"aoml_navis",1029.29058871745
"7901009",14,0,1,0.026166,1,0.003738,1,116.237593220263,1,4.8576214327892,524,1,11.8800001144409,35.4630012512207,0.0261659994721413,0,112.089797973633,-87.9019,25.5142,79.4671984194489,63,63,63,63,61,63,0,8045,1.29563008188212,26,-88,0.001869,51,2023-10-18 11:25:41.001216,524,1.037,0.0011,"aoml_navis",1029.3103464691
"7901009",14,0,1,0.026166,1,0.003738,1,115.934376769535,1,4.85756153296511,526,1,11.8299999237061,35.4550018310547,0.0261659994721413,0,111.797401428223,-87.9019,25.5142,79.4671984194489,63,63,63,63,61,63,0,8045,1.29563008188212,26,-88,0.001869,51,2023-10-18 11:25:41.001216,526,1.037,0.0011,"aoml_navis",1029.32303915622
"7901009",14,0,1,0.026166,1,0.003738,1,115.475710956148,1,4.85750290772161,528,1,11.7889995574951,35.4490013122559,0.0261659994721413,0,111.355102539062,-87.9019,25.5142,79.4671984194489,63,63,63,63,61,63,0,8045,1.29563008188212,26,-88,0.001869,51,2023-10-18 11:25:41.001216,528,1.037,0.0011,"aoml_navis",1029.33546206465
"7901009",14,0,1,0.022428,1,0,1,114.98074619753,1,4.85744894170375,530,1,11.7489995956421,35.4420013427734,0.0224280003458261,0,110.877799987793,-87.9019,25.5142,79.4671984194489,63,63,63,63,61,63,0,8045,1.29563008188212,26,-88,0.001869,51,2023-10-18 11:25:41.001216,530,1.037,0.0011,"aoml_navis",1029.3468979308
"7901009",14,0,1,0.022428,1,0,1,114.523116818717,1,4.85737048478735,532,1,11.6750001907349,35.4329986572266,0.0224280003458261,0,110.436500549316,-87.9019,25.5142,79.4671984194489,63,63,63,63,61,63,0,8045,1.29563008188212,26,-88,0.001869,51,2023-10-18 11:25:41.001216,532,1.037,0.0011,"aoml_navis",1029.36352408352
"7901009",14,0,1,0.024297,1,0.001869,1,114.452394004547,1,4.85729395205324,534,1,11.5950002670288,35.4220008850098,0.0242970008403063,0,110.368301391602,-87.9019,25.5142,79.4671984194489,63,63,63,63,61,63,0,8045,1.29563008188212,26,-88,0.001869,51,2023-10-18 11:25:41.001216,534,1.037,0.0011,"aoml_navis",1029.37974299176
"7901009",14,0,1,0.024297,1,0.001869,1,114.584606662293,1,4.85724231986729,536,1,11.5649995803833,35.4169998168945,0.0242970008403063,0,110.495796203613,-87.9019,25.5142,79.4671984194489,63,63,63,63,61,63,0,8045,1.29563008188212,26,-88,0.001869,51,2023-10-18 11:25:41.001216,536,1.037,0.0011,"aoml_navis",1029.39068523487
"7901009",14,0,1,0.026166,1,0.003738,1,114.674831852224,1,4.85717656988759,538,1,11.5080003738403,35.4090003967285,0.0261659994721413,0,110.582801818848,-87.9019,25.5142,79.4671984194489,63,63,63,63,61,63,0,8045,1.29563008188212,26,-88,0.001869,51,2023-10-18 11:25:41.001216,538,1.037,0.0011,"aoml_navis",1029.40461975335
"7901009",14,0,1,0.024297,1,0.001869,1,114.49946870466,1,4.85713834323447,539.900024414062,1,11.4940004348755,35.4049987792969,0.0242970008403063,0,110.413696289062,-87.9019,25.5142,79.4671984194489,63,63,63,63,61,63,0,8045,1.29563008188212,26,-88,0.001869,51,2023-10-18 11:25:41.001216,539.900024414062,1.037,0.0011,"aoml_navis",1029.41272137421
"7901009",14,0,1,0.028035,1,0.005607,1,114.525189687865,1,4.85707076855827,542,1,11.4449996948242,35.398998260498,0.0280349999666214,0,110.438499450684,-87.9019,25.5142,79.4671984194489,63,63,63,63,61,63,0,8045,1.29563008188212,26,-88,0.001869,51,2023-10-18 11:25:41.001216,542,1.037,0.0011,"aoml_navis",1029.42704322263
"7901009",14,0,1,0.033642,1,0.011214,1,114.713615075746,1,4.85701832678183,544,1,11.4099998474121,35.3930015563965,0.0336420014500618,0,110.62020111084,-87.9019,25.5142,79.4671984194489,63,63,63,63,61,63,0,8045,1.29563008188212,26,-88,0.001869,51,2023-10-18 11:25:41.001216,544,1.037,0.0011,"aoml_navis",1029.43815806289
"7901009",14,0,1,0.024297,1,0.001869,1,115.026998079356,1,4.85695759501184,546,1,11.3620004653931,35.3860015869141,0.0242970008403063,0,110.922401428223,-87.9019,25.5142,79.4671984194489,63,63,63,63,61,63,0,8045,1.29563008188212,26,-88,0.001869,51,2023-10-18 11:25:41.001216,546,1.037,0.0011,"aoml_navis",1029.45103023651
"7901009",14,0,1,0.026166,1,0.003738,1,115.583452681549,1,4.85688949053681,548,1,11.289999961853,35.375,0.0261659994721413,0,111.458999633789,-87.9019,25.5142,79.4671984194489,63,63,63,63,61,63,0,8045,1.29563008188212,26,-88,0.001869,51,2023-10-18 11:25:41.001216,548,1.037,0.0011,"aoml_navis",1029.46546544697
"7901009",14,0,1,0.024297,1,0.001869,1,116.392006148348,1,4.85683906255864,550,1,11.2449998855591,35.3660011291504,0.0242970008403063,0,112.238700866699,-87.9019,25.5142,79.4671984194489,63,63,63,63,61,63,0,8045,1.29563008188212,26,-88,0.001869,51,2023-10-18 11:25:41.001216,550,1.037,0.0011,"aoml_navis",1029.47615426358
"7901009",14,0,1,0.022428,1,0,1,116.976460307466,1,4.85676125319143,552,1,11.1459999084473,35.351001739502,0.0224280003458261,0,112.802299499512,-87.9019,25.5142,79.4671984194489,63,63,63,63,61,63,0,8045,1.29563008188212,26,-88,0.001869,51,2023-10-18 11:25:41.001216,552,1.037,0.0011,"aoml_navis",1029.49264733045
"7901009",14,0,1,0.026166,1,0.003738,1,116.886551586107,1,4.8566766423519,554,1,11.0349998474121,35.3349990844727,0.0261659994721413,0,112.715599060059,-87.9019,25.5142,79.4671984194489,63,63,63,63,61,63,0,8045,1.29563008188212,26,-88,0.001869,51,2023-10-18 11:25:41.001216,554,1.037,0.0011,"aoml_navis",1029.51058268905
"7901009",14,0,1,0.028035,1,0.005607,1,116.789696379589,1,4.85659606618919,556,1,10.9399995803833,35.3219985961914,0.0280349999666214,0,112.622200012207,-87.9019,25.5142,79.4671984194489,63,63,63,63,61,63,0,8045,1.29563008188212,26,-88,0.001869,51,2023-10-18 11:25:41.001216,556,1.037,0.0011,"aoml_navis",1029.52766337912
"7901009",14,0,1,0.029904,1,0.007476,1,116.582607257663,1,4.85652567538753,558,1,10.8640003204346,35.3110008239746,0.0299040004611015,0,112.422500610352,-87.9019,25.5142,79.4671984194489,63,63,63,63,61,63,0,8045,1.29563008188212,26,-88,0.001869,51,2023-10-18 11:25:41.001216,558,1.037,0.0011,"aoml_navis",1029.5425854206
"7901009",14,0,1,0.028035,1,0.005607,1,116.466566143955,1,4.8564306546283,560,1,10.7480001449585,35.2970008850098,0.0280349999666214,0,112.310600280762,-87.9019,25.5142,79.4671984194489,63,63,63,63,61,63,0,8045,1.29563008188212,26,-88,0.001869,51,2023-10-18 11:25:41.001216,560,1.037,0.0011,"aoml_navis",1029.56272941628
"7901009",14,0,1,0.026166,1,0.003738,1,116.326259802476,1,4.85635387428402,562,1,10.6599998474121,35.2849998474121,0.0261659994721413,0,112.175300598145,-87.9019,25.5142,79.4671984194489,63,63,63,63,61,63,0,8045,1.29563008188212,26,-88,0.001869,51,2023-10-18 11:25:41.001216,562,1.037,0.0011,"aoml_navis",1029.57900709762
"7901009",14,0,1,0.029904,1,0.007476,1,116.01795611945,1,4.85630427797449,564,1,10.6309995651245,35.2799987792969,0.0299040004611015,0,111.877998352051,-87.9019,25.5142,79.4671984194489,63,63,63,63,61,63,0,8045,1.29563008188212,26,-88,0.001869,51,2023-10-18 11:25:41.001216,564,1.037,0.0011,"aoml_navis",1029.58952194928
"7901009",14,0,1,0.024297,1,0.001869,1,115.524344263979,1,4.85626419466218,566,1,10.625,35.2779998779297,0.0242970008403063,0,111.402000427246,-87.9019,25.5142,79.4671984194489,63,63,63,63,61,63,0,8045,1.29563008188212,26,-88,0.001869,51,2023-10-18 11:25:41.001216,566,1.037,0.0011,"aoml_navis",1029.59802011921
"7901009",14,0,1,0.026166,1,0.003738,1,114.872790855843,1,4.85621384890259,568,1,10.5909996032715,35.2719993591309,0.0261659994721413,0,110.773696899414,-87.9019,25.5142,79.4671984194489,63,63,63,63,61,63,0,8045,1.29563008188212,26,-88,0.001869,51,2023-10-18 11:25:41.001216,568,1.037,0.0011,"aoml_navis",1029.60869425672
"7901009",14,0,1,0.031773,1,0.009345,1,114.151250422967,1,4.85614083232245,570,1,10.5190000534058,35.2630004882812,0.0317730009555817,0,110.077903747559,-87.9019,25.5142,79.4671984194489,63,63,63,63,61,63,0,8045,1.29563008188212,26,-88,0.001869,51,2023-10-18 11:25:41.001216,570,1.037,0.0011,"aoml_navis",1029.62417537812
"7901009",14,0,1,0.026166,1,0.003738,1,113.583592833318,1,4.85606046530527,572,1,10.4549999237061,35.257999420166,0.0261659994721413,0,109.530502319336,-87.9019,25.5142,79.4671984194489,63,63,63,63,61,63,0,8045,1.29563008188212,26,-88,0.001869,51,2023-10-18 11:25:41.001216,572,1.037,0.0011,"aoml_navis",1029.64121549209
"7901009",14,0,1,0.024297,1,0.001869,1,113.269276247421,1,4.85601347729831,574,1,10.4370002746582,35.2550010681152,0.0242970008403063,0,109.227401733398,-87.9019,25.5142,79.4671984194489,63,63,63,63,61,63,0,8045,1.29563008188212,26,-88,0.001869,51,2023-10-18 11:25:41.001216,574,1.037,0.0011,"aoml_navis",1029.65117855929
"7901009",14,0,1,0.022428,1,0,1,113.1118568679,1,4.85596461779479,576,1,10.4209995269775,35.2529983520508,0.0224280003458261,0,109.07559967041,-87.9019,25.5142,79.4671984194489,63,63,63,63,61,63,0,8045,1.29563008188212,26,-88,0.001869,51,2023-10-18 11:25:41.001216,576,1.037,0.0011,"aoml_navis",1029.66153865236
"7901009",14,0,1,0.026166,1,0.003738,1,112.80376680116,1,4.85591677144146,578,1,10.4020004272461,35.25,0.0261659994721413,0,108.778503417969,-87.9019,25.5142,79.4671984194489,63,63,63,63,61,63,0,8045,1.29563008188212,26,-88,0.001869,51,2023-10-18 11:25:41.001216,578,1.037,0.0011,"aoml_navis",1029.67168412068
"7901009",14,0,1,0.026166,1,0.003738,1,112.336801599467,1,4.85587130349292,580,1,10.3940000534058,35.2490005493164,0.0261659994721413,0,108.328201293945,-87.9019,25.5142,79.4671984194489,63,63,63,63,61,63,0,8045,1.29563008188212,26,-88,0.001869,51,2023-10-18 11:25:41.001216,580,1.037,0.0011,"aoml_navis",1029.68132545099
"7901009",14,0,1,0.029904,1,0.007476,1,112.019478562134,1,4.8558148323389,582,1,10.3610000610352,35.2449989318848,0.0299040004611015,0,108.022201538086,-87.9019,25.5142,79.4671984194489,63,63,63,63,61,63,0,8045,1.29563008188212,26,-88,0.001869,51,2023-10-18 11:25:41.001216,582,1.037,0.0011,"aoml_navis",1029.69330022653
"7901009",14,0,1,0.028035,1,0.005607,1,111.968455916583,1,4.85574817359127,584,1,10.3079996109009,35.2389984130859,0.0280349999666214,0,107.972999572754,-87.9019,25.5142,79.4671984194489,63,63,63,63,61,63,0,8045,1.29563008188212,26,-88,0.001869,51,2023-10-18 11:25:41.001216,584,1.037,0.0011,"aoml_navis",1029.70743565189
"7901009",14,0,1,0.026166,1,0.003738,1,111.980695338612,1,4.85569196145474,586,1,10.2709999084473,35.234001159668,0.0261659994721413,0,107.984802246094,-87.9019,25.5142,79.4671984194489,63,63,63,63,61,63,0,8045,1.29563008188212,26,-88,0.001869,51,2023-10-18 11:25:41.001216,586,1.037,0.0011,"aoml_navis",1029.71935610636
"7901009",14,0,1,0.029904,1,0.007476,1,111.907583186722,1,4.85563581886889,588,1,10.2340002059937,35.2290000915527,0.0299040004611015,0,107.91429901123,-87.9019,25.5142,79.4671984194489,63,63,63,63,61,63,0,8045,1.29563008188212,26,-88,0.001869,51,2023-10-18 11:25:41.001216,588,1.037,0.0011,"aoml_navis",1029.73126208727
"7901009",14,0,1,0.028035,1,0.005607,1,111.660468702129,1,4.85558130544846,590,1,10.2030000686646,35.2249984741211,0.0280349999666214,0,107.676002502441,-87.9019,25.5142,79.4671984194489,63,63,63,63,61,63,0,8045,1.29563008188212,26,-88,0.001869,51,2023-10-18 11:25:41.001216,590,1.037,0.0011,"aoml_navis",1029.74282283966
"7901009",14,0,1,0.024297,1,0.001869,1,111.585908706521,1,4.85553553137907,592,1,10.1820001602173,35.2210006713867,0.0242970008403063,0,107.604103088379,-87.9019,25.5142,79.4671984194489,63,63,63,63,61,63,0,8045,1.29563008188212,26,-88,0.001869,51,2023-10-18 11:25:41.001216,592,1.037,0.0011,"aoml_navis",1029.75253042375
"7901009",14,0,1,0.026166,1,0.003738,1,111.769452566676,1,4.85547169009185,594,1,10.1359996795654,35.2159996032715,0.0261659994721413,0,107.781097412109,-87.9019,25.5142,79.4671984194489,63,63,63,63,61,63,0,8045,1.29563008188212,26,-88,0.001869,51,2023-10-18 11:25:41.001216,594,1.037,0.0011,"aoml_navis",1029.76606993777
"7901009",14,0,1,0.026166,1,0.003738,1,111.832508929685,1,4.85541680584304,596,1,10.0959997177124,35.2099990844727,0.0261659994721413,0,107.841903686523,-87.9019,25.5142,79.4671984194489,63,63,63,63,61,63,0,8045,1.29563008188212,26,-88,0.001869,51,2023-10-18 11:25:41.001216,596,1.037,0.0011,"aoml_navis",1029.77771012016
"7901009",14,0,1,0.029904,1,0.007476,1,111.829605330535,1,4.85535571416993,598,1,10.0530004501343,35.2050018310547,0.0299040004611015,0,107.83910369873,-87.9019,25.5142,79.4671984194489,63,63,63,63,61,63,0,8045,1.29563008188212,26,-88,0.001869,51,2023-10-18 11:25:41.001216,598,1.037,0.0011,"aoml_navis",1029.79066712001
"7901009",14,0,1,0.028035,1,0.005607,1,111.70972703539,1,4.8553024923299,600,1,10.0190000534058,35.2000007629395,0.0280349999666214,0,107.723503112793,-87.9019,25.5142,79.4671984194489,63,63,63,63,61,63,0,8045,1.29563008188212,26,-88,0.001869,51,2023-10-18 11:25:41.001216,600,1.037,0.0011,"aoml_navis",1029.8019552641
"7901009",14,0,1,0.029904,1,0.007476,1,111.641179942654,1,4.85523982457806,602,1,9.97399997711182,35.1949996948242,0.0299040004611015,0,107.657402038574,-87.9019,25.5142,79.4671984194489,63,63,63,63,61,63,0,8045,1.29563008188212,26,-88,0.001869,51,2023-10-18 11:25:41.001216,602,1.037,0.0011,"aoml_navis",1029.8152471664
"7901009",14,0,1,0.029904,1,0.007476,1,111.589120862529,1,4.85517832108699,604,1,9.92599964141846,35.1889991760254,0.0299040004611015,0,107.607200622559,-87.9019,25.5142,79.4671984194489,63,63,63,63,61,63,0,8045,1.29563008188212,26,-88,0.001869,51,2023-10-18 11:25:41.001216,604,1.037,0.0011,"aoml_navis",1029.82829246127
"7901009",14,0,1,0.029904,1,0.007476,1,111.557592681025,1,4.85512739108893,606,1,9.90299987792969,35.1860008239746,0.0299040004611015,0,107.576797485352,-87.9019,25.5142,79.4671984194489,63,63,63,63,61,63,0,8045,1.29563008188212,26,-88,0.001869,51,2023-10-18 11:25:41.001216,606,1.037,0.0011,"aoml_navis",1029.83909529891
"7901009",14,0,1,0.024297,1,0.001869,1,111.629976955199,1,4.85507868325024,608.099975585938,1,9.88500022888184,35.1829986572266,0.0242970008403063,0,107.646598815918,-87.9019,25.5142,79.4671984194489,63,63,63,63,61,63,0,8045,1.29563008188212,26,-88,0.001869,51,2023-10-18 11:25:41.001216,608.099975585938,1.037,0.0011,"aoml_navis",1029.84942700305
"7901009",14,0,1,0.031773,1,0.009345,1,111.783764857854,1,4.85502583600621,610,1,9.85299968719482,35.1790008544922,0.0317730009555817,0,107.794898986816,-87.9019,25.5142,79.4671984194489,63,63,63,63,61,63,0,8045,1.29563008188212,26,-88,0.001869,51,2023-10-18 11:25:41.001216,610,1.037,0.0011,"aoml_navis",1029.86063697512
"7901009",14,0,1,0.029904,1,0.007476,1,111.947402844818,1,4.85497179389715,612,1,9.82199954986572,35.1749992370605,0.0299040004611015,0,107.952697753906,-87.9019,25.5142,79.4671984194489,63,63,63,63,61,63,0,8045,1.29563008188212,26,-88,0.001869,51,2023-10-18 11:25:41.001216,612,1.037,0.0011,"aoml_navis",1029.87210065466
"7901009",14,0,1,0.028035,1,0.005607,1,112.013252042976,1,4.85493441002996,614,1,9.81900024414062,35.1730003356934,0.0280349999666214,0,108.01619720459,-87.9019,25.5142,79.4671984194489,63,63,63,63,61,63,0,8045,1.29563008188212,26,-88,0.001869,51,2023-10-18 11:25:41.001216,614,1.037,0.0011,"aoml_navis",1029.88003085487
"7901009",14,0,1,0.029904,1,0.007476,1,112.213497532028,1,4.85489103362504,616,1,9.80900001525879,35.1710014343262,0.0299040004611015,0,108.209297180176,-87.9019,25.5142,79.4671984194489,63,63,63,63,61,63,0,8045,1.29563008188212,26,-88,0.001869,51,2023-10-18 11:25:41.001216,616,1.037,0.0011,"aoml_navis",1029.88923239882
"7901009",14,0,1,0.029904,1,0.007476,1,112.610570649553,1,4.85482121959072,618,1,9.73799991607666,35.1619987487793,0.0299040004611015,0,108.59220123291,-87.9019,25.5142,79.4671984194489,63,63,63,63,61,63,0,8045,1.29563008188212,26,-88,0.001869,51,2023-10-18 11:25:41.001216,618,1.037,0.0011,"aoml_navis",1029.90404256771
"7901009",14,0,1,0.029904,1,0.007476,1,112.881950361919,1,4.85474620354434,620,1,9.65200042724609,35.1510009765625,0.0299040004611015,0,108.853897094727,-87.9019,25.5142,79.4671984194489,63,63,63,63,61,63,0,8045,1.29563008188212,26,-88,0.001869,51,2023-10-18 11:25:41.001216,620,1.037,0.0011,"aoml_navis",1029.91995675276
"7901009",14,0,1,0.024297,1,0.001869,1,112.935670902048,1,4.8546822462133,622,1,9.60900020599365,35.1469993591309,0.0242970008403063,0,108.905700683594,-87.9019,25.5142,79.4671984194489,63,63,63,63,61,63,0,8045,1.29563008188212,26,-88,0.001869,51,2023-10-18 11:25:41.001216,622,1.037,0.0011,"aoml_navis",1029.93352528892
"7901009",14,0,1,0.031773,1,0.009345,1,112.900930564536,1,4.85464147849067,624,1,9.60200023651123,35.1450004577637,0.0317730009555817,0,108.872200012207,-87.9019,25.5142,79.4671984194489,63,63,63,63,61,63,0,8045,1.29563008188212,26,-88,0.001869,51,2023-10-18 11:25:41.001216,624,1.037,0.0011,"aoml_navis",1029.94217434045
"7901009",14,0,1,0.028035,1,0.005607,1,112.841822146966,1,4.8545970489949,626,1,9.59500026702881,35.1440010070801,0.0280349999666214,0,108.815200805664,-87.9019,25.5142,79.4671984194489,63,63,63,63,61,63,0,8045,1.29563008188212,26,-88,0.001869,51,2023-10-18 11:25:41.001216,626,1.037,0.0011,"aoml_navis",1029.95160041866
"7901009",14,0,1,0.033642,1,0.011214,1,112.793291691421,1,4.85455234742073,628,1,9.57900047302246,35.140998840332,0.0336420014500618,0,108.768402099609,-87.9019,25.5142,79.4671984194489,63,63,63,63,61,63,0,8045,1.29563008188212,26,-88,0.001869,51,2023-10-18 11:25:41.001216,628,1.037,0.0011,"aoml_navis",1029.96108439464
"7901009",14,0,1,0.029904,1,0.007476,1,112.760727075342,1,4.85449411925611,630,1,9.54699993133545,35.1380004882812,0.0299040004611015,0,108.736999511719,-87.9019,25.5142,79.4671984194489,63,63,63,63,61,63,0,8045,1.29563008188212,26,-88,0.001869,51,2023-10-18 11:25:41.001216,630,1.037,0.0011,"aoml_navis",1029.97343846122
"7901009",14,0,1,0.029904,1,0.007476,1,112.73065464927,1,4.85444187991157,632,1,9.50899982452393,35.1319999694824,0.0299040004611015,0,108.708000183105,-87.9019,25.5142,79.4671984194489,63,63,63,63,61,63,0,8045,1.29563008188212,26,-88,0.001869,51,2023-10-18 11:25:41.001216,632,1.037,0.0011,"aoml_navis",1029.98452215295
"7901009",14,0,1,0.026166,1,0.003738,1,112.769129315934,1,4.85438879291525,634,1,9.48299980163574,35.1290016174316,0.0261659994721413,0,108.745101928711,-87.9019,25.5142,79.4671984194489,63,63,63,63,61,63,0,8045,1.29563008188212,26,-88,0.001869,51,2023-10-18 11:25:41.001216,634,1.037,0.0011,"aoml_navis",1029.99578593648
"7901009",14,0,1,0.031773,1,0.009345,1,112.909332805128,1,4.85431796942187,636,1,9.41399955749512,35.1209983825684,0.0317730009555817,0,108.880302429199,-87.9019,25.5142,79.4671984194489,63,63,63,63,61,63,0,8045,1.29563008188212,26,-88,0.001869,51,2023-10-18 11:25:41.001216,636,1.037,0.0011,"aoml_navis",1030.01081336159
"7901009",14,0,1,0.029904,1,0.007476,1,112.999858640202,1,4.85425337512803,638,1,9.36100006103516,35.1150016784668,0.0299040004611015,0,108.967597961426,-87.9019,25.5142,79.4671984194489,63,63,63,63,61,63,0,8045,1.29563008188212,26,-88,0.001869,51,2023-10-18 11:25:41.001216,638,1.037,0.0011,"aoml_navis",1030.02451944901
"7901009",14,0,1,0.029904,1,0.007476,1,113.041339758302,1,4.85419359243842,640,1,9.31799983978271,35.1100006103516,0.0299040004611015,0,109.007598876953,-87.9019,25.5142,79.4671984194489,63,63,63,63,61,63,0,8045,1.29563008188212,26,-88,0.001869,51,2023-10-18 11:25:41.001216,640,1.037,0.0011,"aoml_navis",1030.03720490026
"7901009",14,0,1,0.029904,1,0.007476,1,113.052954154901,1,4.85414204094678,642,1,9.29800033569336,35.1080017089844,0.0299040004611015,0,109.018798828125,-87.9019,25.5142,79.4671984194489,63,63,63,63,61,63,0,8045,1.29563008188212,26,-88,0.001869,51,2023-10-18 11:25:41.001216,642,1.037,0.0011,"aoml_navis",1030.04814400214
"7901009",14,0,1,0.029904,1,0.007476,1,112.958274669817,1,4.85409251734453,644,1,9.27600002288818,35.1049995422363,0.0299040004611015,0,108.92749786377,-87.9019,25.5142,79.4671984194489,63,63,63,63,61,63,0,8045,1.29563008188212,26,-88,0.001869,51,2023-10-18 11:25:41.001216,644,1.037,0.0011,"aoml_navis",1030.05865300962
"7901009",14,0,1,0.028035,1,0.005607,1,112.895020513951,1,4.85404266116286,646,1,9.25800037384033,35.1030006408691,0.0280349999666214,0,108.866500854492,-87.9019,25.5142,79.4671984194489,63,63,63,63,61,63,0,8045,1.29563008188212,26,-88,0.001869,51,2023-10-18 11:25:41.001216,646,1.037,0.0011,"aoml_navis",1030.06923280773
"7901009",14,0,1,0.026166,1,0.003738,1,112.87272530304,1,4.85400030143961,648,1,9.24899959564209,35.101001739502,0.0261659994721413,0,108.845001220703,-87.9019,25.5142,79.4671984194489,63,63,63,63,61,63,0,8045,1.29563008188212,26,-88,0.001869,51,2023-10-18 11:25:41.001216,648,1.037,0.0011,"aoml_navis",1030.07822198056
"7901009",14,0,1,0.029904,1,0.007476,1,113.038958332296,1,4.85393953208103,650,1,9.20899963378906,35.0970001220703,0.0299040004611015,0,109.005302429199,-87.9019,25.5142,79.4671984194489,63,63,63,63,61,63,0,8045,1.29563008188212,26,-88,0.001869,51,2023-10-18 11:25:41.001216,650,1.037,0.0011,"aoml_navis",1030.09111814303
"7901009",14,0,1,0.029904,1,0.007476,1,113.259315399111,1,4.85388960303393,652,1,9.18200016021729,35.0929985046387,0.0299040004611015,0,109.217796325684,-87.9019,25.5142,79.4671984194489,63,63,63,63,61,63,0,8045,1.29563008188212,26,-88,0.001869,51,2023-10-18 11:25:41.001216,652,1.037,0.0011,"aoml_navis",1030.10171407169
"7901009",14,0,1,0.029904,1,0.007476,1,113.429488462091,1,4.8538492744463,654,1,9.17099952697754,35.0900001525879,0.0299040004611015,0,109.381896972656,-87.9019,25.5142,79.4671984194489,63,63,63,63,61,63,0,8045,1.29563008188212,26,-88,0.001869,51,2023-10-18 11:25:41.001216,654,1.037,0.0011,"aoml_navis",1030.11027275262
"7901009",14,0,1,0.029904,1,0.007476,1,113.494514841962,1,4.85379404905583,656,1,9.14200019836426,35.0870018005371,0.0299040004611015,0,109.444602966309,-87.9019,25.5142,79.4671984194489,63,63,63,63,61,63,0,8045,1.29563008188212,26,-88,0.001869,51,2023-10-18 11:25:41.001216,656,1.037,0.0011,"aoml_navis",1030.12199311848
"7901009",14,0,1,0.026166,1,0.003738,1,113.533606622341,1,4.85374300183994,658,1,9.11800003051758,35.0839996337891,0.0261659994721413,0,109.482299804688,-87.9019,25.5142,79.4671984194489,63,63,63,63,61,63,0,8045,1.29563008188212,26,-88,0.001869,51,2023-10-18 11:25:41.001216,658,1.037,0.0011,"aoml_navis",1030.13282699653
"7901009",14,0,1,0.026166,1,0.003738,1,113.544912462083,1,4.8536965538434,660,1,9.10400009155273,35.0820007324219,0.0261659994721413,0,109.493202209473,-87.9019,25.5142,79.4671984194489,63,63,63,63,61,63,0,8045,1.29563008188212,26,-88,0.001869,51,2023-10-18 11:25:41.001216,660,1.037,0.0011,"aoml_navis",1030.14268496879
"7901009",14,0,1,0.029904,1,0.007476,1,113.548330322662,1,4.8536501128125,662,1,9.09000015258789,35.0800018310547,0.0299040004611015,0,109.49649810791,-87.9019,25.5142,79.4671984194489,63,63,63,63,61,63,0,8045,1.29563008188212,26,-88,0.001869,51,2023-10-18 11:25:41.001216,662,1.037,0.0011,"aoml_navis",1030.15254165132
"7901009",14,0,1,0.028035,1,0.005607,1,113.563370491556,1,4.85359828684421,664,1,9.0649995803833,35.0769996643066,0.0280349999666214,0,109.511001586914,-87.9019,25.5142,79.4671984194489,63,63,63,63,61,63,0,8045,1.29563008188212,26,-88,0.001869,51,2023-10-18 11:25:41.001216,664,1.037,0.0011,"aoml_navis",1030.16354146008
"7901009",14,0,1,0.029904,1,0.007476,1,113.666032896373,1,4.85352627907128,666,1,9.01099967956543,35.0730018615723,0.0299040004611015,0,109.610000610352,-87.9019,25.5142,79.4671984194489,63,63,63,63,61,63,0,8045,1.29563008188212,26,-88,0.001869,51,2023-10-18 11:25:41.001216,666,1.037,0.0011,"aoml_navis",1030.17882514829
"7901009",14,0,1,0.033642,1,0.011214,1,113.64871415376,1,4.85347945851391,668,1,8.99199962615967,35.0699996948242,0.0336420014500618,0,109.593299865723,-87.9019,25.5142,79.4671984194489,63,63,63,63,61,63,0,8045,1.29563008188212,26,-88,0.001869,51,2023-10-18 11:25:41.001216,668,1.037,0.0011,"aoml_navis",1030.18876307987
"7901009",14,0,1,0.031773,1,0.009345,1,113.698486748451,1,4.85342279492053,670,1,8.96100044250488,35.0670013427734,0.0317730009555817,0,109.641296386719,-87.9019,25.5142,79.4671984194489,63,63,63,63,61,63,0,8045,1.29563008188212,26,-88,0.001869,51,2023-10-18 11:25:41.001216,670,1.037,0.0011,"aoml_navis",1030.20079050869
"7901009",14,0,1,0.031773,1,0.009345,1,113.66209286265,1,4.85337234287915,672,1,8.94200038909912,35.064998626709,0.0317730009555817,0,109.606201171875,-87.9019,25.5142,79.4671984194489,63,63,63,63,61,63,0,8045,1.29563008188212,26,-88,0.001869,51,2023-10-18 11:25:41.001216,672,1.037,0.0011,"aoml_navis",1030.21149970823
"7901009",14,0,1,0.031773,1,0.009345,1,113.647574866901,1,4.85332270811232,674,1,8.92399978637695,35.0629997253418,0.0317730009555817,0,109.59220123291,-87.9019,25.5142,79.4671984194489,63,63,63,63,61,63,0,8045,1.29563008188212,26,-88,0.001869,51,2023-10-18 11:25:41.001216,674,1.037,0.0011,"aoml_navis",1030.22203564632
"7901009",14,0,1,0.031773,1,0.009345,1,113.62061174455,1,4.85327021167097,676,1,8.89799976348877,35.060001373291,0.0317730009555817,0,109.566200256348,-87.9019,25.5142,79.4671984194489,63,63,63,63,61,63,0,8045,1.29563008188212,26,-88,0.001869,51,2023-10-18 11:25:41.001216,676,1.037,0.0011,"aoml_navis",1030.23317926461
"7901009",14,0,4,0.024297,1,0.001869,1,113.594479352202,1,4.85321449051426,678,1,8.86800003051758,35.056999206543,0.0242970008403063,0,109.541000366211,-87.9019,25.5142,79.4671984194489,63,63,63,63,61,63,0,8045,1.29563008188212,26,-88,0.001869,51,2023-10-18 11:25:41.001216,678,1.037,0.0011,"aoml_navis",1030.24500766917
"7901009",14,0,1,0.026166,1,0.003738,1,113.618538875402,1,4.85316123531274,680,1,8.84099960327148,35.0540008544922,0.0261659994721413,0,109.56420135498,-87.9019,25.5142,79.4671984194489,63,63,63,63,61,63,0,8045,1.29563008188212,26,-88,0.001869,51,2023-10-18 11:25:41.001216,680,1.037,0.0011,"aoml_navis",1030.25631285827
"7901009",14,0,1,0.031773,1,0.009345,1,113.650169909192,1,4.8531145178473,682,1,8.83100032806396,35.0530014038086,0.0317730009555817,0,109.594703674316,-87.9019,25.5142,79.4671984194489,63,63,63,63,61,63,0,8045,1.29563008188212,26,-88,0.001869,51,2023-10-18 11:25:41.001216,682,1.037,0.0011,"aoml_navis",1030.26623039958
"7901009",14,0,1,0.029904,1,0.007476,1,113.746400090281,1,4.85306742282668,684,1,8.80700016021729,35.048999786377,0.0299040004611015,0,109.6875,-87.9019,25.5142,79.4671984194489,63,63,63,63,61,63,0,8045,1.29563008188212,26,-88,0.001869,51,2023-10-18 11:25:41.001216,684,1.037,0.0011,"aoml_navis",1030.27622828445
"7901009",14,0,1,0.026166,1,0.003738,1,114.007929718337,1,4.85297819716831,686,1,8.72200012207031,35.0429992675781,0.0261659994721413,0,109.939697265625,-87.9019,25.5142,79.4671984194489,63,63,63,63,61,63,0,8045,1.29563008188212,26,-88,0.001869,51,2023-10-18 11:25:41.001216,686,1.037,0.0011,"aoml_navis",1030.29517068869
"7901009",14,0,1,0.029904,1,0.007476,1,114.110805739441,1,4.85292759871358,688,1,8.68900012969971,35.0379981994629,0.0299040004611015,0,110.038902282715,-87.9019,25.5142,79.4671984194489,63,63,63,63,61,63,0,8045,1.29563008188212,26,-88,0.001869,51,2023-10-18 11:25:41.001216,688,1.037,0.0011,"aoml_navis",1030.30591293499
"7901009",14,0,1,0.031773,1,0.009345,1,114.133615211782,1,4.8528752740994,690,1,8.67199993133545,35.0369987487793,0.0317730009555817,0,110.060897827148,-87.9019,25.5142,79.4671984194489,63,63,63,63,61,63,0,8045,1.29563008188212,26,-88,0.001869,51,2023-10-18 11:25:41.001216,690,1.037,0.0011,"aoml_navis",1030.31702188717
"7901009",14,0,1,0.028035,1,0.005607,1,114.193760063926,1,4.85282582175248,692,1,8.6540002822876,35.0349998474121,0.0280349999666214,0,110.118896484375,-87.9019,25.5142,79.4671984194489,63,63,63,63,61,63,0,8045,1.29563008188212,26,-88,0.001869,51,2023-10-18 11:25:41.001216,692,1.037,0.0011,"aoml_navis",1030.32752125325
"7901009",14,0,1,0.026166,1,0.003738,1,114.284815983859,1,4.85277718713677,694,1,8.63700008392334,35.0330009460449,0.0261659994721413,0,110.206703186035,-87.9019,25.5142,79.4671984194489,63,63,63,63,61,63,0,8045,1.29563008188212,26,-88,0.001869,51,2023-10-18 11:25:41.001216,694,1.037,0.0011,"aoml_navis",1030.33784721324
"7901009",14,0,1,0.028035,1,0.005607,1,114.384361173241,1,4.85272419017608,696,1,8.60999965667725,35.0299987792969,0.0280349999666214,0,110.302696228027,-87.9019,25.5142,79.4671984194489,63,63,63,63,61,63,0,8045,1.29563008188212,26,-88,0.001869,51,2023-10-18 11:25:41.001216,696,1.037,0.0011,"aoml_navis",1030.34909960926
"7901009",14,0,1,0.029904,1,0.007476,1,114.48132714376,1,4.85267316983098,698,1,8.59000015258789,35.0279998779297,0.0299040004611015,0,110.396202087402,-87.9019,25.5142,79.4671984194489,63,63,63,63,61,63,0,8045,1.29563008188212,26,-88,0.001869,51,2023-10-18 11:25:41.001216,698,1.037,0.0011,"aoml_navis",1030.35993255943
"7901009",14,0,1,0.024297,1,0.001869,1,114.563355797671,1,4.85263100754984,700,1,8.58100032806396,35.0260009765625,0.0242970008403063,0,110.475303649902,-87.9019,25.5142,79.4671984194489,63,63,63,63,61,63,0,8045,1.29563008188212,26,-88,0.001869,51,2023-10-18 11:25:41.001216,700,1.037,0.0011,"aoml_navis",1030.36888488345
"7901009",14,0,1,0.028035,1,0.005607,1,114.703139966007,1,4.85257359580214,702,1,8.55300045013428,35.023998260498,0.0280349999666214,0,110.61009979248,-87.9019,25.5142,79.4671984194489,63,63,63,63,61,63,0,8045,1.29563008188212,26,-88,0.001869,51,2023-10-18 11:25:41.001216,702,1.037,0.0011,"aoml_navis",1030.38107537934
"7901009",14,0,1,0.029904,1,0.007476,1,114.814410315988,1,4.85251311806921,704,1,8.51200008392334,35.0200004577637,0.0299040004611015,0,110.717399597168,-87.9019,25.5142,79.4671984194489,63,63,63,63,61,63,0,8045,1.29563008188212,26,-88,0.001869,51,2023-10-18 11:25:41.001216,704,1.037,0.0011,"aoml_navis",1030.39391720171
"7901009",14,0,1,0.029904,1,0.007476,1,114.894571805324,1,4.85246457218051,706,1,8.49499988555908,35.0180015563965,0.0299040004611015,0,110.794700622559,-87.9019,25.5142,79.4671984194489,63,63,63,63,61,63,0,8045,1.29563008188212,26,-88,0.001869,51,2023-10-18 11:25:41.001216,706,1.037,0.0011,"aoml_navis",1030.40422565171
"7901009",14,0,1,0.029904,1,0.007476,1,114.984061205824,1,4.85240772686607,708,1,8.46300029754639,35.0149993896484,0.0299040004611015,0,110.880996704102,-87.9019,25.5142,79.4671984194489,63,63,63,63,61,63,0,8045,1.29563008188212,26,-88,0.001869,51,2023-10-18 11:25:41.001216,708,1.037,0.0011,"aoml_navis",1030.41629670087
"7901009",14,0,1,0.029904,1,0.007476,1,115.006253564449,1,4.85236273119265,710,1,8.45499992370605,35.0139999389648,0.0299040004611015,0,110.902397155762,-87.9019,25.5142,79.4671984194489,63,63,63,63,61,63,0,8045,1.29563008188212,26,-88,0.001869,51,2023-10-18 11:25:41.001216,710,1.037,0.0011,"aoml_navis",1030.42585169041
"7901009",14,0,1,0.028035,1,0.005607,1,115.087665104644,1,4.85231501919778,712,1,8.43900012969971,35.0120010375977,0.0280349999666214,0,110.980903625488,-87.9019,25.5142,79.4671984194489,63,63,63,63,61,63,0,8045,1.29563008188212,26,-88,0.001869,51,2023-10-18 11:25:41.001216,712,1.037,0.0011,"aoml_navis",1030.43598369395
"7901009",14,0,1,0.031773,1,0.009345,1,115.281581222253,1,4.85225983549817,714,1,8.40900039672852,35.0089988708496,0.0317730009555817,0,111.167900085449,-87.9019,25.5142,79.4671984194489,63,63,63,63,61,63,0,8045,1.29563008188212,26,-88,0.001869,51,2023-10-18 11:25:41.001216,714,1.037,0.0011,"aoml_navis",1030.44770261909
"7901009",14,0,1,0.026166,1,0.003738,1,115.473321618428,1,4.85220008063386,716,1,8.36400032043457,35.0040016174316,0.0261659994721413,0,111.352798461914,-87.9019,25.5142,79.4671984194489,63,63,63,63,61,63,0,8045,1.29563008188212,26,-88,0.001869,51,2023-10-18 11:25:41.001216,716,1.037,0.0011,"aoml_navis",1030.46039258687
"7901009",14,0,1,0.028035,1,0.005607,1,115.650757635139,1,4.85213705190643,718,1,8.32400035858154,35.0009994506836,0.0280349999666214,0,111.523902893066,-87.9019,25.5142,79.4671984194489,63,63,63,63,61,63,0,8045,1.29563008188212,26,-88,0.001869,51,2023-10-18 11:25:41.001216,718,1.037,0.0011,"aoml_navis",1030.4737781542
"7901009",14,0,1,0.031773,1,0.009345,1,115.829847200141,1,4.85206718892678,720,1,8.26599979400635,34.9959983825684,0.0317730009555817,0,111.696601867676,-87.9019,25.5142,79.4671984194489,63,63,63,63,61,63,0,8045,1.29563008188212,26,-88,0.001869,51,2023-10-18 11:25:41.001216,720,1.037,0.0011,"aoml_navis",1030.48861553501
"7901009",14,0,1,0.026166,1,0.003738,1,115.876819047968,1,4.85201879855145,722,1,8.24899959564209,34.9939994812012,0.0261659994721413,0,111.741897583008,-87.9019,25.5142,79.4671984194489,63,63,63,63,61,63,0,8045,1.29563008188212,26,-88,0.001869,51,2023-10-18 11:25:41.001216,722,1.037,0.0011,"aoml_navis",1030.4988928511
"7901009",14,0,1,0.028035,1,0.005607,1,115.793342550339,1,4.85196252752261,724,1,8.22200012207031,34.992000579834,0.0280349999666214,0,111.661399841309,-87.9019,25.5142,79.4671984194489,63,63,63,63,61,63,0,8045,1.29563008188212,26,-88,0.001869,51,2023-10-18 11:25:41.001216,724,1.037,0.0011,"aoml_navis",1030.51084414557
"7901009",14,0,1,0.029904,1,0.007476,1,115.511487728233,1,4.85190707216082,726,1,8.19600009918213,34.9900016784668,0.0299040004611015,0,111.389602661133,-87.9019,25.5142,79.4671984194489,63,63,63,63,61,63,0,8045,1.29563008188212,26,-88,0.001869,51,2023-10-18 11:25:41.001216,726,1.037,0.0011,"aoml_navis",1030.52262247332
"7901009",14,0,1,0.028035,1,0.005607,1,115.211483433513,1,4.85183643555596,728,1,8.15999984741211,34.9900016784668,0.0280349999666214,0,111.100303649902,-87.9019,25.5142,79.4671984194489,63,63,63,63,61,63,0,8045,1.29563008188212,26,-88,0.001869,51,2023-10-18 11:25:41.001216,728,1.037,0.0011,"aoml_navis",1030.53762557992
"7901009",14,0,1,0.028035,1,0.005607,1,114.931076455125,1,4.85179020120464,730,1,8.15499973297119,34.9900016784668,0.0280349999666214,0,110.829902648926,-87.9019,25.5142,79.4671984194489,63,63,63,63,61,63,0,8045,1.29563008188212,26,-88,0.001869,51,2023-10-18 11:25:41.001216,730,1.037,0.0011,"aoml_navis",1030.54744592183
"7901009",14,0,1,0.022428,1,0,1,114.64444295758,1,4.85174765359184,732,1,8.14999961853027,34.9889984130859,0.0224280003458261,0,110.553497314453,-87.9019,25.5142,79.4671984194489,63,63,63,63,61,63,0,8045,1.29563008188212,26,-88,0.001869,51,2023-10-18 11:25:41.001216,732,1.037,0.0011,"aoml_navis",1030.55648335264
"7901009",14,0,1,0.026166,1,0.003738,1,114.248311334057,1,4.85168755794355,734,1,8.11800003051758,34.9869995117188,0.0261659994721413,0,110.171501159668,-87.9019,25.5142,79.4671984194489,63,63,63,63,61,63,0,8045,1.29563008188212,26,-88,0.001869,51,2023-10-18 11:25:41.001216,734,1.037,0.0011,"aoml_navis",1030.56924838732
"7901009",14,0,1,0.029904,1,0.007476,1,113.827906571048,1,4.8516198715066,736,1,8.09500026702881,34.9889984130859,0.0299040004611015,0,109.766098022461,-87.9019,25.5142,79.4671984194489,63,63,63,63,61,63,0,8045,1.29563008188212,26,-88,0.001869,51,2023-10-18 11:25:41.001216,736,1.037,0.0011,"aoml_navis",1030.58362617501
"7901009",14,0,1,0.028035,1,0.005607,1,113.878201338883,1,4.85156321704655,738,1,8.07199954986572,34.9879989624023,0.0280349999666214,0,109.814598083496,-87.9019,25.5142,79.4671984194489,63,63,63,63,61,63,0,8045,1.29563008188212,26,-88,0.001869,51,2023-10-18 11:25:41.001216,738,1.037,0.0011,"aoml_navis",1030.59566088553
"7901009",14,0,1,0.029904,1,0.007476,1,114.019029853507,1,4.8515144060135,740,1,8.05900001525879,34.9869995117188,0.0299040004611015,0,109.950401306152,-87.9019,25.5142,79.4671984194489,63,63,63,63,61,63,0,8045,1.29563008188212,26,-88,0.001869,51,2023-10-18 11:25:41.001216,740,1.037,0.0011,"aoml_navis",1030.60602969713
"7901009",14,0,1,0.029904,1,0.007476,1,114.255985696933,1,4.85146872931367,742,1,8.05000019073486,34.9860000610352,0.0299040004611015,0,110.178901672363,-87.9019,25.5142,79.4671984194489,63,63,63,63,61,63,0,8045,1.29563008188212,26,-88,0.001869,51,2023-10-18 11:25:41.001216,742,1.037,0.0011,"aoml_navis",1030.61573287876
"7901009",14,0,1,0.028035,1,0.005607,1,114.667671750779,1,4.85141789195363,744,1,8.02499961853027,34.9830017089844,0.0280349999666214,0,110.575897216797,-87.9019,25.5142,79.4671984194489,63,63,63,63,61,63,0,8045,1.29563008188212,26,-88,0.001869,51,2023-10-18 11:25:41.001216,744,1.037,0.0011,"aoml_navis",1030.62653256336
"7901009",14,0,1,0.029904,1,0.007476,1,115.106431690975,1,4.85136007427316,746,1,7.99100017547607,34.9799995422363,0.0299040004611015,0,110.999000549316,-87.9019,25.5142,79.4671984194489,63,63,63,63,61,63,0,8045,1.29563008188212,26,-88,0.001869,51,2023-10-18 11:25:41.001216,746,1.037,0.0011,"aoml_navis",1030.63881539428
"7901009",14,0,1,0.026166,1,0.003738,1,115.795518271773,1,4.8513059603896,748,1,7.95699977874756,34.976001739502,0.0261659994721413,0,111.663497924805,-87.9019,25.5142,79.4671984194489,63,63,63,63,61,63,0,8045,1.29563008188212,26,-88,0.001869,51,2023-10-18 11:25:41.001216,748,1.037,0.0011,"aoml_navis",1030.65031165308
"7901009",14,0,1,0.028035,1,0.005607,1,116.888418750683,1,4.85124429667324,750,1,7.89900016784668,34.9690017700195,0.0280349999666214,0,112.717399597168,-87.9019,25.5142,79.4671984194489,63,63,63,63,61,63,0,8045,1.29563008188212,26,-88,0.001869,51,2023-10-18 11:25:41.001216,750,1.037,0.0011,"aoml_navis",1030.66341215361
"7901009",14,0,1,0.029904,1,0.007476,1,117.735233267859,1,4.85117719717238,752,1,7.8289999961853,34.9609985351562,0.0299040004611015,0,113.533996582031,-87.9019,25.5142,79.4671984194489,63,63,63,63,61,63,0,8045,1.29563008188212,26,-88,0.001869,51,2023-10-18 11:25:41.001216,752,1.037,0.0011,"aoml_navis",1030.67766786881
"7901009",14,0,1,0.031773,1,0.009345,1,118.328611840713,1,4.85112313613514,754,1,7.78999996185303,34.9560012817383,0.0317730009555817,0,114.106201171875,-87.9019,25.5142,79.4671984194489,63,63,63,63,61,63,0,8045,1.29563008188212,26,-88,0.001869,51,2023-10-18 11:25:41.001216,754,1.037,0.0011,"aoml_navis",1030.68915376645
"7901009",14,0,1,0.026166,1,0.003738,1,119.003077573475,1,4.85107163219643,756,1,7.75899982452393,34.9519996643066,0.0261659994721413,0,114.75659942627,-87.9019,25.5142,79.4671984194489,63,63,63,63,61,63,0,8045,1.29563008188212,26,-88,0.001869,51,2023-10-18 11:25:41.001216,756,1.037,0.0011,"aoml_navis",1030.70009661683
"7901009",14,0,1,0.031773,1,0.009345,1,119.736865340094,1,4.85101463004038,758,1,7.71600008010864,34.9469985961914,0.0317730009555817,0,115.464202880859,-87.9019,25.5142,79.4671984194489,63,63,63,63,61,63,0,8045,1.29563008188212,26,-88,0.001869,51,2023-10-18 11:25:41.001216,758,1.037,0.0011,"aoml_navis",1030.71220792389
"7901009",14,0,1,0.029904,1,0.007476,1,120.126881208459,1,4.85094989179035,760,1,7.65799999237061,34.9410018920898,0.0299040004611015,0,115.840301513672,-87.9019,25.5142,79.4671984194489,63,63,63,63,61,63,0,8045,1.29563008188212,26,-88,0.001869,51,2023-10-18 11:25:41.001216,760,1.037,0.0011,"aoml_navis",1030.72596327204
"7901009",14,0,1,0.029904,1,0.007476,1,120.269988296803,1,4.85090523940623,762,1,7.65500020980835,34.9410018920898,0.0299040004611015,0,115.978302001953,-87.9019,25.5142,79.4671984194489,63,63,63,63,61,63,0,8045,1.29563008188212,26,-88,0.001869,51,2023-10-18 11:25:41.001216,762,1.037,0.0011,"aoml_navis",1030.73545106233
"7901009",14,0,1,0.029904,1,0.007476,1,120.548108789756,1,4.85085495781317,764,1,7.63500022888184,34.9389991760254,0.0299040004611015,0,116.24649810791,-87.9019,25.5142,79.4671984194489,63,63,63,63,61,63,0,8045,1.29563008188212,26,-88,0.001869,51,2023-10-18 11:25:41.001216,764,1.037,0.0011,"aoml_navis",1030.74613516255
"7901009",14,0,1,0.028035,1,0.005607,1,120.697956658688,1,4.85081078273122,766,1,7.6230001449585,34.9370002746582,0.0280349999666214,0,116.390998840332,-87.9019,25.5142,79.4671984194489,63,63,63,63,61,63,0,8045,1.29563008188212,26,-88,0.001869,51,2023-10-18 11:25:41.001216,766,1.037,0.0011,"aoml_navis",1030.75552190159
"7901009",14,0,1,0.028035,1,0.005607,1,120.859418924218,1,4.85076203556356,768,1,7.60500001907349,34.935001373291,0.0280349999666214,0,116.546699523926,-87.9019,25.5142,79.4671984194489,63,63,63,63,61,63,0,8045,1.29563008188212,26,-88,0.001869,51,2023-10-18 11:25:41.001216,768,1.037,0.0011,"aoml_navis",1030.76588035906
"7901009",14,0,1,0.028035,1,0.005607,1,120.835256548732,1,4.85071864940526,770,1,7.5939998626709,34.9329986572266,0.0280349999666214,0,116.523399353027,-87.9019,25.5142,79.4671984194489,63,63,63,63,61,63,0,8045,1.29563008188212,26,-88,0.001869,51,2023-10-18 11:25:41.001216,770,1.037,0.0011,"aoml_navis",1030.77509981187
"7901009",14,0,1,0.028035,1,0.005607,1,120.7268897979,1,4.85067185482297,772,1,7.59299993515015,34.9339981079102,0.0280349999666214,0,116.418899536133,-87.9019,25.5142,79.4671984194489,63,63,63,63,61,63,0,8045,1.29563008188212,26,-88,0.001869,51,2023-10-18 11:25:41.001216,772,1.037,0.0011,"aoml_navis",1030.78504373133
"7901009",14,0,1,0.028035,1,0.005607,1,120.744002835941,1,4.85062581125993,774,1,7.59299993515015,34.935001373291,0.0280349999666214,0,116.435401916504,-87.9019,25.5142,79.4671984194489,63,63,63,63,61,63,0,8045,1.29563008188212,26,-88,0.001869,51,2023-10-18 11:25:41.001216,774,1.037,0.0011,"aoml_navis",1030.79482824532
"7901009",14,0,1,0.029904,1,0.007476,1,121.094816159926,1,4.85058116970664,776,1,7.59000015258789,34.935001373291,0.0299040004611015,0,116.773696899414,-87.9019,25.5142,79.4671984194489,63,63,63,63,61,63,0,8045,1.29563008188212,26,-88,0.001869,51,2023-10-18 11:25:41.001216,776,1.037,0.0011,"aoml_navis",1030.80431500178
"7901009",14,0,1,0.031773,1,0.009345,1,121.974306057181,1,4.85052622654472,778,1,7.55900001525879,34.931999206543,0.0317730009555817,0,117.621803283691,-87.9019,25.5142,79.4671984194489,63,63,63,63,61,63,0,8045,1.29563008188212,26,-88,0.001869,51,2023-10-18 11:25:41.001216,778,1.037,0.0011,"aoml_navis",1030.81599118819
"7901009",14,0,1,0.029904,1,0.007476,1,122.658099701109,1,4.85046335859082,780,1,7.50299978256226,34.9259986877441,0.0299040004611015,0,118.281196594238,-87.9019,25.5142,79.4671984194489,63,63,63,63,61,63,0,8045,1.29563008188212,26,-88,0.001869,51,2023-10-18 11:25:41.001216,780,1.037,0.0011,"aoml_navis",1030.82935182766
"7901009",14,0,1,0.029904,1,0.007476,1,123.093647485298,1,4.85040385859599,782,1,7.46099996566772,34.9220008850098,0.0299040004611015,0,118.701202392578,-87.9019,25.5142,79.4671984194489,63,63,63,63,61,63,0,8045,1.29563008188212,26,-88,0.001869,51,2023-10-18 11:25:41.001216,782,1.037,0.0011,"aoml_navis",1030.8419970306
"7901009",14,0,1,0.033642,1,0.011214,1,123.344804855901,1,4.85035674534939,784,1,7.44500017166138,34.9199981689453,0.0336420014500618,0,118.943397521973,-87.9019,25.5142,79.4671984194489,63,63,63,63,61,63,0,8045,1.29563008188212,26,-88,0.001869,51,2023-10-18 11:25:41.001216,784,1.037,0.0011,"aoml_navis",1030.85200996691
"7901009",14,0,1,0.029904,1,0.007476,1,123.501496357706,1,4.8503127558829,786,1,7.43800020217896,34.9189987182617,0.0299040004611015,0,119.094497680664,-87.9019,25.5142,79.4671984194489,63,63,63,63,61,63,0,8045,1.29563008188212,26,-88,0.001869,51,2023-10-18 11:25:41.001216,786,1.037,0.0011,"aoml_navis",1030.86135918463
"7901009",14,0,1,0.029904,1,0.007476,1,123.7313000114,1,4.85026790801537,788,1,7.42500019073486,34.9169998168945,0.0299040004611015,0,119.316101074219,-87.9019,25.5142,79.4671984194489,63,63,63,63,61,63,0,8045,1.29563008188212,26,-88,0.001869,51,2023-10-18 11:25:41.001216,788,1.037,0.0011,"aoml_navis",1030.87089101556
"7901009",14,0,1,0.028035,1,0.005607,1,123.997188994039,1,4.85021420694294,790,1,7.40999984741211,34.9169998168945,0.0280349999666214,0,119.57250213623,-87.9019,25.5142,79.4671984194489,63,63,63,63,61,63,0,8045,1.29563008188212,26,-88,0.001869,51,2023-10-18 11:25:41.001216,790,1.037,0.0011,"aoml_navis",1030.88230471195
"7901009",14,0,1,0.031773,1,0.009345,1,124.34115868515,1,4.85016343399384,792,1,7.39400005340576,34.9160003662109,0.0317730009555817,0,119.904197692871,-87.9019,25.5142,79.4671984194489,63,63,63,63,61,63,0,8045,1.29563008188212,26,-88,0.001869,51,2023-10-18 11:25:41.001216,792,1.037,0.0011,"aoml_navis",1030.89309629362
"7901009",14,0,1,0.024297,1,0.001869,1,124.779190747631,1,4.85009175847844,794,1,7.3600001335144,34.9169998168945,0.0242970008403063,0,120.326599121094,-87.9019,25.5142,79.4671984194489,63,63,63,63,61,63,0,8045,1.29563008188212,26,-88,0.001869,51,2023-10-18 11:25:41.001216,794,1.037,0.0011,"aoml_navis",1030.90833101446
"7901009",14,0,1,0.028035,1,0.005607,1,125.219398531545,1,4.85003048458599,796,1,7.32999992370605,34.9160003662109,0.0280349999666214,0,120.751098632812,-87.9019,25.5142,79.4671984194489,63,63,63,63,61,63,0,8045,1.29563008188212,26,-88,0.001869,51,2023-10-18 11:25:41.001216,796,1.037,0.0011,"aoml_navis",1030.92135521429
"7901009",14,0,1,0.028035,1,0.005607,1,125.640008999126,1,4.84996099388171,798,1,7.28900003433228,34.9150009155273,0.0280349999666214,0,121.156700134277,-87.9019,25.5142,79.4671984194489,63,63,63,63,61,63,0,8045,1.29563008188212,26,-88,0.001869,51,2023-10-18 11:25:41.001216,798,1.037,0.0011,"aoml_navis",1030.93612635392
"7901009",14,0,1,0.029904,1,0.007476,1,126.043095019523,1,4.84989089030205,800,1,7.2519998550415,34.9150009155273,0.0299040004611015,0,121.545402526855,-87.9019,25.5142,79.4671984194489,63,63,63,63,61,63,0,8045,1.29563008188212,26,-88,0.001869,51,2023-10-18 11:25:41.001216,800,1.037,0.0011,"aoml_navis",1030.95102819697
"7901009",14,0,1,0.031773,1,0.009345,1,126.323707702482,1,4.84983503926556,802,1,7.23400020599365,34.9150009155273,0.0317730009555817,0,121.81600189209,-87.9019,25.5142,79.4671984194489,63,63,63,63,61,63,0,8045,1.29563008188212,26,-88,0.001869,51,2023-10-18 11:25:41.001216,802,1.037,0.0011,"aoml_navis",1030.96290070047
"7901009",14,0,1,0.031773,1,0.009345,1,126.617596242045,1,4.84977695861158,804,1,7.21299982070923,34.9150009155273,0.0317730009555817,0,122.099403381348,-87.9019,25.5142,79.4671984194489,63,63,63,63,61,63,0,8045,1.29563008188212,26,-88,0.001869,51,2023-10-18 11:25:41.001216,804,1.037,0.0011,"aoml_navis",1030.97524745374
"7901009",14,0,1,0.028035,1,0.005607,1,126.922157684205,1,4.84972331583343,806,1,7.19299983978271,34.9140014648438,0.0280349999666214,0,122.393096923828,-87.9019,25.5142,79.4671984194489,63,63,63,63,61,63,0,8045,1.29563008188212,26,-88,0.001869,51,2023-10-18 11:25:41.001216,806,1.037,0.0011,"aoml_navis",1030.98665106851
"7901009",14,0,1,0.028035,1,0.005607,1,127.308241430561,1,4.84965839414682,808,1,7.14300012588501,34.9099998474121,0.0280349999666214,0,122.765403747559,-87.9019,25.5142,79.4671984194489,63,63,63,63,61,63,0,8045,1.29563008188212,26,-88,0.001869,51,2023-10-18 11:25:41.001216,808,1.037,0.0011,"aoml_navis",1031.00045274006
"7901009",14,0,1,0.028035,1,0.005607,1,127.45953714321,1,4.84960253852238,810,1,7.11499977111816,34.9080009460449,0.0280349999666214,0,122.91130065918,-87.9019,25.5142,79.4671984194489,63,63,63,63,61,63,0,8045,1.29563008188212,26,-88,0.001869,51,2023-10-18 11:25:41.001216,810,1.037,0.0011,"aoml_navis",1031.01232735734
"7901009",14,0,1,0.031773,1,0.009345,1,127.574438970057,1,4.84955787499015,812,1,7.10699987411499,34.9070014953613,0.0317730009555817,0,123.022102355957,-87.9019,25.5142,79.4671984194489,63,63,63,63,61,63,0,8045,1.29563008188212,26,-88,0.001869,51,2023-10-18 11:25:41.001216,812,1.037,0.0011,"aoml_navis",1031.02182279042
"7901009",14,0,1,0.026166,1,0.003738,1,127.7051009318,1,4.84951174403023,814,1,7.09700012207031,34.9059982299805,0.0261659994721413,0,123.148101806641,-87.9019,25.5142,79.4671984194489,63,63,63,63,61,63,0,8045,1.29563008188212,26,-88,0.001869,51,2023-10-18 11:25:41.001216,814,1.037,0.0011,"aoml_navis",1031.03163038115
"7901009",14,0,1,0.029904,1,0.007476,1,127.806932606616,1,4.84946341031869,816,1,7.08900022506714,34.9059982299805,0.0299040004611015,0,123.246299743652,-87.9019,25.5142,79.4671984194489,63,63,63,63,61,63,0,8045,1.29563008188212,26,-88,0.001869,51,2023-10-18 11:25:41.001216,816,1.037,0.0011,"aoml_navis",1031.04190648413
"7901009",14,0,1,0.029904,1,0.007476,1,127.963829812992,1,4.84942172155834,818,1,7.08500003814697,34.9049987792969,0.0299040004611015,0,123.397598266602,-87.9019,25.5142,79.4671984194489,63,63,63,63,61,63,0,8045,1.29563008188212,26,-88,0.001869,51,2023-10-18 11:25:41.001216,818,1.037,0.0011,"aoml_navis",1031.05076998609
"7901009",14,0,1,0.028035,1,0.005607,1,128.307807415818,1,4.84936594941016,820,1,7.06199979782104,34.9039993286133,0.0280349999666214,0,123.729301452637,-87.9019,25.5142,79.4671984194489,63,63,63,63,61,63,0,8045,1.29563008188212,26,-88,0.001869,51,2023-10-18 11:25:41.001216,820,1.037,0.0011,"aoml_navis",1031.06262801391
"7901009",14,0,1,0.031773,1,0.009345,1,128.552540474406,1,4.84930430197469,822,1,7.03599977493286,34.9039993286133,0.0317730009555817,0,123.965301513672,-87.9019,25.5142,79.4671984194489,63,63,63,63,61,63,0,8045,1.29563008188212,26,-88,0.001869,51,2023-10-18 11:25:41.001216,822,1.037,0.0011,"aoml_navis",1031.07573553673
"7901009",14,0,1,0.031773,1,0.009345,1,128.694713980462,1,4.84923532869342,824,1,7.01000022888184,34.9059982299805,0.0317730009555817,0,124.102401733398,-87.9019,25.5142,79.4671984194489,63,63,63,63,61,63,0,8045,1.29563008188212,26,-88,0.001869,51,2023-10-18 11:25:41.001216,824,1.037,0.0011,"aoml_navis",1031.09040108128
"7901009",14,0,1,0.031773,1,0.009345,1,128.763569630056,1,4.84918923349437,826,1,7.00500011444092,34.9059982299805,0.0317730009555817,0,124.168800354004,-87.9019,25.5142,79.4671984194489,63,63,63,63,61,63,0,8045,1.29563008188212,26,-88,0.001869,51,2023-10-18 11:25:41.001216,826,1.037,0.0011,"aoml_navis",1031.10020237279
"7901009",14,0,1,0.031773,1,0.009345,1,128.813555841033,1,4.84914387874228,828,1,7.00099992752075,34.9059982299805,0.0317730009555817,0,124.217002868652,-87.9019,25.5142,79.4671984194489,63,63,63,63,61,63,0,8045,1.29563008188212,26,-88,0.001869,51,2023-10-18 11:25:41.001216,828,1.037,0.0011,"aoml_navis",1031.10984640383
"7901009",14,0,1,0.033642,1,0.011214,1,128.880235769193,1,4.84909261836444,830,1,6.98899984359741,34.9059982299805,0.0336420014500618,0,124.281303405762,-87.9019,25.5142,79.4671984194489,63,63,63,63,61,63,0,8045,1.29563008188212,26,-88,0.001869,51,2023-10-18 11:25:41.001216,830,1.037,0.0011,"aoml_navis",1031.1207463978
"7901009",14,0,1,0.031773,1,0.009345,1,128.980928157149,1,4.84904651487175,832,1,6.97900009155273,34.9049987792969,0.0317730009555817,0,124.378402709961,-87.9019,25.5142,79.4671984194489,63,63,63,63,61,63,0,8045,1.29563008188212,26,-88,0.001869,51,2023-10-18 11:25:41.001216,832,1.037,0.0011,"aoml_navis",1031.13055002984
"7901009",14,0,1,0.031773,1,0.009345,1,129.122888046918,1,4.84899526383174,834,1,6.96700000762939,34.9049987792969,0.0317730009555817,0,124.515296936035,-87.9019,25.5142,79.4671984194489,63,63,63,63,61,63,0,8045,1.29563008188212,26,-88,0.001869,51,2023-10-18 11:25:41.001216,834,1.037,0.0011,"aoml_navis",1031.14144847585
"7901009",14,0,1,0.031773,1,0.009345,1,129.394584227857,1,4.84894106992396,836,1,6.95100021362305,34.9049987792969,0.0317730009555817,0,124.777297973633,-87.9019,25.5142,79.4671984194489,63,63,63,63,61,63,0,8045,1.29563008188212,26,-88,0.001869,51,2023-10-18 11:25:41.001216,836,1.037,0.0011,"aoml_navis",1031.15297296826
"7901009",14,0,1,0.029904,1,0.007476,1,129.753182678718,1,4.84888393992119,838,1,6.93100023269653,34.9049987792969,0.0299040004611015,0,125.123100280762,-87.9019,25.5142,79.4671984194489,63,63,63,63,61,63,0,8045,1.29563008188212,26,-88,0.001869,51,2023-10-18 11:25:41.001216,838,1.037,0.0011,"aoml_navis",1031.16512210875
"7901009",14,0,1,0.029904,1,0.007476,1,130.240781631317,1,4.84881726687736,840,1,6.90299987792969,34.9059982299805,0.0299040004611015,0,125.593299865723,-87.9019,25.5142,79.4671984194489,63,63,63,63,61,63,0,8045,1.29563008188212,26,-88,0.001869,51,2023-10-18 11:25:41.001216,840,1.037,0.0011,"aoml_navis",1031.17930101334
"7901009",14,0,1,0.028035,1,0.005607,1,130.436462061216,1,4.84875650182926,842,1,6.87799978256226,34.9059982299805,0.0280349999666214,0,125.781997680664,-87.9019,25.5142,79.4671984194489,63,63,63,63,61,63,0,8045,1.29563008188212,26,-88,0.001869,51,2023-10-18 11:25:41.001216,842,1.037,0.0011,"aoml_navis",1031.19222384413
"7901009",14,0,1,0.029904,1,0.007476,1,130.60362867276,1,4.84871042887929,844,1,6.8730001449585,34.9059982299805,0.0299040004611015,0,125.943199157715,-87.9019,25.5142,79.4671984194489,63,63,63,63,61,63,0,8045,1.29563008188212,26,-88,0.001869,51,2023-10-18 11:25:41.001216,844,1.037,0.0011,"aoml_navis",1031.20202233972
"7901009",14,0,1,0.029904,1,0.007476,1,130.894194292315,1,4.84865556528348,846,1,6.85099983215332,34.9049987792969,0.0299040004611015,0,126.22339630127,-87.9019,25.5142,79.4671984194489,63,63,63,63,61,63,0,8045,1.29563008188212,26,-88,0.001869,51,2023-10-18 11:25:41.001216,846,1.037,0.0011,"aoml_navis",1031.21369061563
"7901009",14,0,1,0.028035,1,0.005607,1,131.095895536799,1,4.8485992403195,848,1,6.83199977874756,34.9049987792969,0.0280349999666214,0,126.417900085449,-87.9019,25.5142,79.4671984194489,63,63,63,63,61,63,0,8045,1.29563008188212,26,-88,0.001869,51,2023-10-18 11:25:41.001216,848,1.037,0.0011,"aoml_navis",1031.22566996701
"7901009",14,0,1,0.029904,1,0.007476,1,131.467659080263,1,4.84854441049311,850,1,6.80999994277954,34.9039993286133,0.0299040004611015,0,126.776397705078,-87.9019,25.5142,79.4671984194489,63,63,63,63,61,63,0,8045,1.29563008188212,26,-88,0.001869,51,2023-10-18 11:25:41.001216,850,1.037,0.0011,"aoml_navis",1031.23733159567
"7901009",14,0,1,0.033642,1,0.011214,1,131.653703042138,1,4.84848959876844,852,1,6.78800010681152,34.9029998779297,0.0336420014500618,0,126.95580291748,-87.9019,25.5142,79.4671984194489,63,63,63,63,61,63,0,8045,1.29563008188212,26,-88,0.001869,51,2023-10-18 11:25:41.001216,852,1.037,0.0011,"aoml_navis",1031.24898963794
"7901009",14,0,1,0.028035,1,0.005607,1,131.716854345719,1,4.84844280796254,854,1,6.78200006484985,34.9029998779297,0.0280349999666214,0,127.016700744629,-87.9019,25.5142,79.4671984194489,63,63,63,63,61,63,0,8045,1.29563008188212,26,-88,0.001869,51,2023-10-18 11:25:41.001216,854,1.037,0.0011,"aoml_navis",1031.25894189956
"7901009",14,0,1,0.028035,1,0.005607,1,131.776065615575,1,4.84839747967728,856,1,6.77799987792969,34.9029998779297,0.0280349999666214,0,127.073799133301,-87.9019,25.5142,79.4671984194489,63,63,63,63,61,63,0,8045,1.29563008188212,26,-88,0.001869,51,2023-10-18 11:25:41.001216,856,1.037,0.0011,"aoml_navis",1031.2685832707
"7901009",14,0,1,0.031773,1,0.009345,1,131.800125138776,1,4.84835142293673,858,1,6.77299976348877,34.9029998779297,0.0317730009555817,0,127.09700012207,-87.9019,25.5142,79.4671984194489,63,63,63,63,61,63,0,8045,1.29563008188212,26,-88,0.001869,51,2023-10-18 11:25:41.001216,858,1.037,0.0011,"aoml_navis",1031.27837976964
"7901009",14,0,1,0.033642,1,0.011214,1,131.819516750537,1,4.84830609861793,860,1,6.76900005340576,34.9029998779297,0.0336420014500618,0,127.115699768066,-87.9019,25.5142,79.4671984194489,63,63,63,63,61,63,0,8045,1.29563008188212,26,-88,0.001869,51,2023-10-18 11:25:41.001216,860,1.037,0.0011,"aoml_navis",1031.28802066052
"7901009",14,0,1,0.031773,1,0.009345,1,131.772647754996,1,4.84825566505964,862,1,6.75799989700317,34.9029998779297,0.0317730009555817,0,127.070503234863,-87.9019,25.5142,79.4671984194489,63,63,63,63,61,63,0,8045,1.29563008188212,26,-88,0.001869,51,2023-10-18 11:25:41.001216,862,1.037,0.0011,"aoml_navis",1031.29874854454
"7901009",14,0,1,0.028035,1,0.005607,1,131.657848780434,1,4.84820520849687,864,1,6.7519998550415,34.9039993286133,0.0280349999666214,0,126.959800720215,-87.9019,25.5142,79.4671984194489,63,63,63,63,61,63,0,8045,1.29563008188212,26,-88,0.001869,51,2023-10-18 11:25:41.001216,864,1.037,0.0011,"aoml_navis",1031.30948154527
"7901009",14,0,1,0.031773,1,0.009345,1,131.65795163272,1,4.84815405241643,866,1,6.73999977111816,34.9039993286133,0.0317730009555817,0,126.959899902344,-87.9019,25.5142,79.4671984194489,63,63,63,63,61,63,0,8045,1.29563008188212,26,-88,0.001869,51,2023-10-18 11:25:41.001216,866,1.037,0.0011,"aoml_navis",1031.32036357382
"7901009",14,0,1,0.029904,1,0.007476,1,131.932345708236,1,4.84810363074719,868,1,6.72900009155273,34.9039993286133,0.0299040004611015,0,127.224502563477,-87.9019,25.5142,79.4671984194489,63,63,63,63,61,63,0,8045,1.29563008188212,26,-88,0.001869,51,2023-10-18 11:25:41.001216,868,1.037,0.0011,"aoml_navis",1031.33108960161
"7901009",14,0,1,0.035511,1,0.013083,1,132.231210716097,1,4.84804887572717,870,1,6.70699977874756,34.9029998779297,0.0355109982192516,0,127.512702941895,-87.9019,25.5142,79.4671984194489,63,63,63,63,61,63,0,8045,1.29563008188212,26,-88,0.001869,51,2023-10-18 11:25:41.001216,870,1.037,0.0011,"aoml_navis",1031.34273770085
"7901009",14,0,1,0.026166,1,0.003738,1,132.562948896893,1,4.84798900868889,872,1,6.68300008773804,34.9029998779297,0.0261659994721413,0,127.83260345459,-87.9019,25.5142,79.4671984194489,63,63,63,63,61,63,0,8045,1.29563008188212,26,-88,0.001869,51,2023-10-18 11:25:41.001216,872,1.037,0.0011,"aoml_navis",1031.35547358681
"7901009",14,0,1,0.031773,1,0.009345,1,132.870516790489,1,4.84792408066006,874,1,6.65199995040894,34.9029998779297,0.0317730009555817,0,128.129196166992,-87.9019,25.5142,79.4671984194489,63,63,63,63,61,63,0,8045,1.29563008188212,26,-88,0.001869,51,2023-10-18 11:25:41.001216,874,1.037,0.0011,"aoml_navis",1031.36928648421
"7901009",14,0,1,0.029904,1,0.007476,1,133.093468899596,1,4.8478751426087,876,1,6.64300012588501,34.9029998779297,0.0299040004611015,0,128.344192504883,-87.9019,25.5142,79.4671984194489,63,63,63,63,61,63,0,8045,1.29563008188212,26,-88,0.001869,51,2023-10-18 11:25:41.001216,876,1.037,0.0011,"aoml_navis",1031.37969789161
"7901009",14,0,1,0.028035,1,0.005607,1,133.384983924867,1,4.84782693299586,878,1,6.63500022888184,34.9029998779297,0.0280349999666214,0,128.625305175781,-87.9019,25.5142,79.4671984194489,63,63,63,63,61,63,0,8045,1.29563008188212,26,-88,0.001869,51,2023-10-18 11:25:41.001216,878,1.037,0.0011,"aoml_navis",1031.38995453167
"7901009",14,0,1,0.029904,1,0.007476,1,133.897251602669,1,4.84777510046079,880,1,6.62200021743774,34.9029998779297,0.0299040004611015,0,129.119293212891,-87.9019,25.5142,79.4671984194489,63,63,63,63,61,63,0,8045,1.29563008188212,26,-88,0.001869,51,2023-10-18 11:25:41.001216,880,1.037,0.0011,"aoml_navis",1031.40098217938
"7901009",14,0,1,0.035511,1,0.013083,1,134.484933741223,1,4.84772405215965,882,1,6.60500001907349,34.9020004272461,0.0355109982192516,0,129.686004638672,-87.9019,25.5142,79.4671984194489,63,63,63,63,61,63,0,8045,1.29563008188212,26,-88,0.001869,51,2023-10-18 11:25:41.001216,882,1.037,0.0011,"aoml_navis",1031.41184320764
"7901009",14,0,1,0.033642,1,0.011214,1,134.961646174939,1,4.84767078565221,884,1,6.59000015258789,34.9020004272461,0.0336420014500618,0,130.145706176758,-87.9019,25.5142,79.4671984194489,63,63,63,63,61,63,0,8045,1.29563008188212,26,-88,0.001869,51,2023-10-18 11:25:41.001216,884,1.037,0.0011,"aoml_navis",1031.42317642498
"7901009",14,0,1,0.029904,1,0.007476,1,135.361709920471,1,4.84762192643798,886,1,6.57600021362305,34.9010009765625,0.0299040004611015,0,130.531494140625,-87.9019,25.5142,79.4671984194489,63,63,63,63,61,63,0,8045,1.29563008188212,26,-88,0.001869,51,2023-10-18 11:25:41.001216,886,1.037,0.0011,"aoml_navis",1031.43357214617
"7901009",14,0,1,0.028035,1,0.005607,1,135.362643502759,1,4.84756072806361,888,1,6.55000019073486,34.9010009765625,0.0280349999666214,0,130.53239440918,-87.9019,25.5142,79.4671984194489,63,63,63,63,61,63,0,8045,1.29563008188212,26,-88,0.001869,51,2023-10-18 11:25:41.001216,888,1.037,0.0011,"aoml_navis",1031.44659355248
"7901009",14,0,1,0.028035,1,0.005607,1,134.931154428009,1,4.84751543139329,890,1,6.5460000038147,34.9010009765625,0.0280349999666214,0,130.116302490234,-87.9019,25.5142,79.4671984194489,63,63,63,63,61,63,0,8045,1.29563008188212,26,-88,0.001869,51,2023-10-18 11:25:41.001216,890,1.037,0.0011,"aoml_navis",1031.45623170567
"7901009",14,0,1,0.028035,1,0.005607,1,134.661523204504,1,4.84745845191714,892,1,6.53599977493286,34.9029998779297,0.0280349999666214,0,129.856292724609,-87.9019,25.5142,79.4671984194489,63,63,63,63,61,63,0,8045,1.29563008188212,26,-88,0.001869,51,2023-10-18 11:25:41.001216,892,1.037,0.0011,"aoml_navis",1031.46835596343
"7901009",14,0,1,0.031773,1,0.009345,1,134.429757445662,1,4.84739137881572,894,1,6.51200008392334,34.9049987792969,0.0317730009555817,0,129.632797241211,-87.9019,25.5142,79.4671984194489,63,63,63,63,61,63,0,8045,1.29563008188212,26,-88,0.001869,51,2023-10-18 11:25:41.001216,894,1.037,0.0011,"aoml_navis",1031.48262833722
"7901009",14,0,1,0.029904,1,0.007476,1,133.991100357751,1,4.84734097018568,896,1,6.50600004196167,34.9059982299805,0.0299040004611015,0,129.20979309082,-87.9019,25.5142,79.4671984194489,63,63,63,63,61,63,0,8045,1.29563008188212,26,-88,0.001869,51,2023-10-18 11:25:41.001216,896,1.037,0.0011,"aoml_navis",1031.4933549658
"7901009",14,0,1,0.026166,1,0.003738,1,133.611148189982,1,4.84729559603782,898,1,6.50699996948242,34.9070014953613,0.0261659994721413,0,128.843399047852,-87.9019,25.5142,79.4671984194489,63,63,63,63,61,63,0,8045,1.29563008188212,26,-88,0.001869,51,2023-10-18 11:25:41.001216,898,1.037,0.0011,"aoml_navis",1031.50301048011
"7901009",14,0,1,0.029904,1,0.007476,1,133.486807687969,1,4.84724374929875,900,1,6.49900007247925,34.9080009460449,0.0299040004611015,0,128.723495483398,-87.9019,25.5142,79.4671984194489,63,63,63,63,61,63,0,8045,1.29563008188212,26,-88,0.001869,51,2023-10-18 11:25:41.001216,900,1.037,0.0011,"aoml_navis",1031.51404356823
"7901009",14,0,1,0.029904,1,0.007476,1,133.735377927994,1,4.84718909686467,902,1,6.48199987411499,34.9080009460449,0.0299040004611015,0,128.963195800781,-87.9019,25.5142,79.4671984194489,63,63,63,63,61,63,0,8045,1.29563008188212,26,-88,0.001869,51,2023-10-18 11:25:41.001216,902,1.037,0.0011,"aoml_navis",1031.52567396931
"7901009",14,0,1,0.031773,1,0.009345,1,134.072100488803,1,4.84713661388668,904,1,6.46799993515015,34.9080009460449,0.0317730009555817,0,129.287902832031,-87.9019,25.5142,79.4671984194489,63,63,63,63,61,63,0,8045,1.29563008188212,26,-88,0.001869,51,2023-10-18 11:25:41.001216,904,1.037,0.0011,"aoml_navis",1031.53684294257
"7901009",14,0,1,0.029904,1,0.007476,1,134.290701155042,1,4.84708198034881,906,1,6.45100021362305,34.9080009460449,0.0299040004611015,0,129.49870300293,-87.9019,25.5142,79.4671984194489,63,63,63,63,61,63,0,8045,1.29563008188212,26,-88,0.001869,51,2023-10-18 11:25:41.001216,906,1.037,0.0011,"aoml_navis",1031.54846983632
"7901009",14,0,1,0.028035,1,0.005607,1,134.525061956176,1,4.84703526286494,908,1,6.44500017166138,34.9080009460449,0.0280349999666214,0,129.724700927734,-87.9019,25.5142,79.4671984194489,63,63,63,63,61,63,0,8045,1.29563008188212,26,-88,0.001869,51,2023-10-18 11:25:41.001216,908,1.037,0.0011,"aoml_navis",1031.55841227461
"7901009",14,0,1,0.028035,1,0.005607,1,134.926170047997,1,4.84698862946766,910,1,6.43400001525879,34.9070014953613,0.0280349999666214,0,130.11149597168,-87.9019,25.5142,79.4671984194489,63,63,63,63,61,63,0,8045,1.29563008188212,26,-88,0.001869,51,2023-10-18 11:25:41.001216,910,1.037,0.0011,"aoml_navis",1031.56833700869
"7901009",14,0,1,0.029904,1,0.007476,1,135.351662043304,1,4.84693257960461,912,1,6.41499996185303,34.9070014953613,0.0299040004611015,0,130.52180480957,-87.9019,25.5142,79.4671984194489,63,63,63,63,61,63,0,8045,1.29563008188212,26,-88,0.001869,51,2023-10-18 11:25:41.001216,912,1.037,0.0011,"aoml_navis",1031.58026605104
"7901009",14,0,1,0.028035,1,0.005607,1,135.681944468669,1,4.84687654275063,914,1,6.39599990844727,34.9070014953613,0.0280349999666214,0,130.840301513672,-87.9019,25.5142,79.4671984194489,63,63,63,63,61,63,0,8045,1.29563008188212,26,-88,0.001869,51,2023-10-18 11:25:41.001216,914,1.037,0.0011,"aoml_navis",1031.59219260049
"7901009",14,0,1,0.028035,1,0.005607,1,135.992321020842,1,4.84681478922684,916,1,6.36899995803833,34.9070014953613,0.0280349999666214,0,131.139602661133,-87.9019,25.5142,79.4671984194489,63,63,63,63,61,63,0,8045,1.29563008188212,26,-88,0.001869,51,2023-10-18 11:25:41.001216,916,1.037,0.0011,"aoml_navis",1031.60533617122
"7901009",14,0,1,0.028035,1,0.005607,1,136.114683594279,1,4.84676665549487,918,1,6.36100006103516,34.9070014953613,0.0280349999666214,0,131.257598876953,-87.9019,25.5142,79.4671984194489,63,63,63,63,61,63,0,8045,1.29563008188212,26,-88,0.001869,51,2023-10-18 11:25:41.001216,918,1.037,0.0011,"aoml_navis",1031.6155811486
"7901009",14,0,1,0.028035,1,0.005607,1,136.364076652592,1,4.84672210282787,920,1,6.35799980163574,34.9070014953613,0.0280349999666214,0,131.498092651367,-87.9019,25.5142,79.4671984194489,63,63,63,63,61,63,0,8045,1.29563008188212,26,-88,0.001869,51,2023-10-18 11:25:41.001216,920,1.037,0.0011,"aoml_navis",1031.62506409903
"7901009",14,0,1,0.031773,1,0.009345,1,136.71936009516,1,4.84666968020507,922,1,6.3439998626709,34.9070014953613,0.0317730009555817,0,131.840698242188,-87.9019,25.5142,79.4671984194489,63,63,63,63,61,63,0,8045,1.29563008188212,26,-88,0.001869,51,2023-10-18 11:25:41.001216,922,1.037,0.0011,"aoml_navis",1031.63622237784
"7901009",14,0,1,0.026166,1,0.003738,1,137.105435929801,1,4.84662524464944,924,1,6.33599996566772,34.9059982299805,0.0261659994721413,0,132.212997436523,-87.9019,25.5142,79.4671984194489,63,63,63,63,61,63,0,8045,1.29563008188212,26,-88,0.001869,51,2023-10-18 11:25:41.001216,924,1.037,0.0011,"aoml_navis",1031.64568077961
"7901009",14,0,1,0.031773,1,0.009345,1,137.899154932278,1,4.84657855143877,926,1,6.32999992370605,34.9059982299805,0.0317730009555817,0,132.978393554688,-87.9019,25.5142,79.4671984194489,63,63,63,63,61,63,0,8045,1.29563008188212,26,-88,0.001869,51,2023-10-18 11:25:41.001216,926,1.037,0.0011,"aoml_navis",1031.65561992505
"7901009",14,0,1,0.026166,1,0.003738,1,138.926000508458,1,4.84652338953847,928,1,6.30700016021729,34.9049987792969,0.0261659994721413,0,133.968597412109,-87.9019,25.5142,79.4671984194489,63,63,63,63,61,63,0,8045,1.29563008188212,26,-88,0.001869,51,2023-10-18 11:25:41.001216,928,1.037,0.0011,"aoml_navis",1031.66736196772
"7901009",14,0,1,0.031773,1,0.009345,1,140.16231663257,1,4.84647406328889,930,1,6.28700017929077,34.9029998779297,0.0317730009555817,0,135.160797119141,-87.9019,25.5142,79.4671984194489,63,63,63,63,61,63,0,8045,1.29563008188212,26,-88,0.001869,51,2023-10-18 11:25:41.001216,930,1.037,0.0011,"aoml_navis",1031.67786203047
"7901009",14,0,1,0.033642,1,0.011214,1,140.944848471021,1,4.84641110526339,932,1,6.25299978256226,34.9020004272461,0.0336420014500618,0,135.915405273438,-87.9019,25.5142,79.4671984194489,63,63,63,63,61,63,0,8045,1.29563008188212,26,-88,0.001869,51,2023-10-18 11:25:41.001216,932,1.037,0.0011,"aoml_navis",1031.69126419544
"7901009",14,0,1,0.026166,1,0.003738,1,141.293280369,1,4.84636086827617,934,1,6.24200010299683,34.9020004272461,0.0261659994721413,0,136.251403808594,-87.9019,25.5142,79.4671984194489,63,63,63,63,61,63,0,8045,1.29563008188212,26,-88,0.001869,51,2023-10-18 11:25:41.001216,934,1.037,0.0011,"aoml_navis",1031.70195862416
"7901009",14,0,1,0.029904,1,0.007476,1,141.583323815411,1,4.84630210547063,936,1,6.2189998626709,34.9020004272461,0.0299040004611015,0,136.531097412109,-87.9019,25.5142,79.4671984194489,63,63,63,63,61,63,0,8045,1.29563008188212,26,-88,0.001869,51,2023-10-18 11:25:41.001216,936,1.037,0.0011,"aoml_navis",1031.71446830685
"7901009",14,0,1,0.026166,1,0.003738,1,141.718345131735,1,4.8462504607405,938,1,6.20599985122681,34.9020004272461,0.0261659994721413,0,136.66130065918,-87.9019,25.5142,79.4671984194489,63,63,63,63,61,63,0,8045,1.29563008188212,26,-88,0.001869,51,2023-10-18 11:25:41.001216,938,1.037,0.0011,"aoml_navis",1031.72546291303
"7901009",14,0,1,0.026166,1,0.003738,1,141.836672730876,1,4.84620592065017,940,1,6.20300006866455,34.9020004272461,0.0261659994721413,0,136.775405883789,-87.9019,25.5142,79.4671984194489,63,63,63,63,61,63,0,8045,1.29563008188212,26,-88,0.001869,51,2023-10-18 11:25:41.001216,940,1.037,0.0011,"aoml_navis",1031.73494520621
"7901009",14,0,1,0.026166,1,0.003738,1,141.766052768993,1,4.84615002604598,942,1,6.18400001525879,34.9020004272461,0.0261659994721413,0,136.707305908203,-87.9019,25.5142,79.4671984194489,63,63,63,63,61,63,0,8045,1.29563008188212,26,-88,0.001869,51,2023-10-18 11:25:41.001216,942,1.037,0.0011,"aoml_navis",1031.74684504754
"7901009",14,0,1,0.028035,1,0.005607,1,141.553354241625,1,4.84609897512627,944,1,6.17700004577637,34.9029998779297,0.0280349999666214,0,136.502197265625,-87.9019,25.5142,79.4671984194489,63,63,63,63,61,63,0,8045,1.29563008188212,26,-88,0.001869,51,2023-10-18 11:25:41.001216,944,1.037,0.0011,"aoml_navis",1031.75771391869
"7901009",14,0,1,0.029904,1,0.007476,1,141.376859718915,1,4.84604876688111,946,1,6.16599988937378,34.9029998779297,0.0299040004611015,0,136.332000732422,-87.9019,25.5142,79.4671984194489,63,63,63,63,61,63,0,8045,1.29563008188212,26,-88,0.001869,51,2023-10-18 11:25:41.001216,946,1.037,0.0011,"aoml_navis",1031.76840360564
"7901009",14,0,1,0.028035,1,0.005607,1,141.409835744137,1,4.84600068887086,948,1,6.15799999237061,34.9029998779297,0.0280349999666214,0,136.363800048828,-87.9019,25.5142,79.4671984194489,63,63,63,63,61,63,0,8045,1.29563008188212,26,-88,0.001869,51,2023-10-18 11:25:41.001216,948,1.037,0.0011,"aoml_navis",1031.77863995827
"7901009",14,0,1,0.024297,1,0.001869,1,141.467290613418,1,4.84595544753369,950,1,6.15399980545044,34.9029998779297,0.0242970008403063,0,136.419204711914,-87.9019,25.5142,79.4671984194489,63,63,63,63,61,63,0,8045,1.29563008188212,26,-88,0.001869,51,2023-10-18 11:25:41.001216,950,1.037,0.0011,"aoml_navis",1031.78827253658
"7901009",14,0,1,0.029904,1,0.007476,1,141.606251963466,1,4.84591020831287,952,1,6.15000009536743,34.9029998779297,0.0299040004611015,0,136.553207397461,-87.9019,25.5142,79.4671984194489,63,63,63,63,61,63,0,8045,1.29563008188212,26,-88,0.001869,51,2023-10-18 11:25:41.001216,952,1.037,0.0011,"aoml_navis",1031.79790484413
"7901009",14,0,1,0.035511,1,0.013083,1,141.690037017953,1,4.84586355341744,954,1,6.14400005340576,34.9029998779297,0.0355109982192516,0,136.634002685547,-87.9019,25.5142,79.4671984194489,63,63,63,63,61,63,0,8045,1.29563008188212,26,-88,0.001869,51,2023-10-18 11:25:41.001216,954,1.037,0.0011,"aoml_navis",1031.80783876464
"7901009",14,0,1,0.028035,1,0.005607,1,141.893605427013,1,4.84581902595204,956,1,6.14099979400635,34.9029998779297,0.0280349999666214,0,136.830307006836,-87.9019,25.5142,79.4671984194489,63,63,63,63,61,63,0,8045,1.29563008188212,26,-88,0.001869,51,2023-10-18 11:25:41.001216,956,1.037,0.0011,"aoml_navis",1031.81731988385
"7901009",14,0,1,0.029904,1,0.007476,1,142.21247916035,1,4.84577095793165,958,1,6.13299989700317,34.9029998779297,0.0299040004611015,0,137.137802124023,-87.9019,25.5142,79.4671984194489,63,63,63,63,61,63,0,8045,1.29563008188212,26,-88,0.001869,51,2023-10-18 11:25:41.001216,958,1.037,0.0011,"aoml_navis",1031.82755507994
"7901009",14,0,1,0.028035,1,0.005607,1,142.574914792649,1,4.84570859912066,960,1,6.1100001335144,34.9039993286133,0.0280349999666214,0,137.4873046875,-87.9019,25.5142,79.4671984194489,63,63,63,63,61,63,0,8045,1.29563008188212,26,-88,0.001869,51,2023-10-18 11:25:41.001216,960,1.037,0.0011,"aoml_navis",1031.84083353822
"7901009",14,0,1,0.029904,1,0.007476,1,142.805952673775,1,4.84565983183701,962,1,6.10099983215332,34.9039993286133,0.0299040004611015,0,137.710098266602,-87.9019,25.5142,79.4671984194489,63,63,63,63,61,63,0,8045,1.29563008188212,26,-88,0.001869,51,2023-10-18 11:25:41.001216,962,1.037,0.0011,"aoml_navis",1031.85121810428
"7901009",14,0,1,0.029904,1,0.007476,1,143.107515576214,1,4.84561177488619,964,1,6.09299993515015,34.9039993286133,0.0299040004611015,0,138.000900268555,-87.9019,25.5142,79.4671984194489,63,63,63,63,61,63,0,8045,1.29563008188212,26,-88,0.001869,51,2023-10-18 11:25:41.001216,964,1.037,0.0011,"aoml_navis",1031.86145161566
"7901009",14,0,1,0.024297,1,0.001869,1,143.445472364454,1,4.84555948046748,966,1,6.0789999961853,34.9039993286133,0.0242970008403063,0,138.326797485352,-87.9019,25.5142,79.4671984194489,63,63,63,63,61,63,0,8045,1.29563008188212,26,-88,0.001869,51,2023-10-18 11:25:41.001216,966,1.037,0.0011,"aoml_navis",1031.87258770738
"7901009",14,0,1,0.029904,1,0.007476,1,143.790375637854,1,4.8455043689811,968,1,6.06099987030029,34.9039993286133,0.0299040004611015,0,138.659393310547,-87.9019,25.5142,79.4671984194489,63,63,63,63,61,63,0,8045,1.29563008188212,26,-88,0.001869,51,2023-10-18 11:25:41.001216,968,1.037,0.0011,"aoml_navis",1031.88432395354
"7901009",14,0,1,0.029904,1,0.007476,1,144.243352928656,1,4.84545491197851,970,1,6.05100011825562,34.9039993286133,0.0299040004611015,0,139.096206665039,-87.9019,25.5142,79.4671984194489,63,63,63,63,61,63,0,8045,1.29563008188212,26,-88,0.001869,51,2023-10-18 11:25:41.001216,970,1.037,0.0011,"aoml_navis",1031.8948562785
"7901009",14,0,1,0.029904,1,0.007476,1,144.797204576843,1,4.84539911326645,972,1,6.03200006484985,34.9039993286133,0.0299040004611015,0,139.630294799805,-87.9019,25.5142,79.4671984194489,63,63,63,63,61,63,0,8045,1.29563008188212,26,-88,0.001869,51,2023-10-18 11:25:41.001216,972,1.037,0.0011,"aoml_navis",1031.90673938712
"7901009",14,0,1,0.028035,1,0.005607,1,145.239184584761,1,4.84533331710268,974,1,6.00400018692017,34.9049987792969,0.0280349999666214,0,140.056503295898,-87.9019,25.5142,79.4671984194489,63,63,63,63,61,63,0,8045,1.29563008188212,26,-88,0.001869,51,2023-10-18 11:25:41.001216,974,1.037,0.0011,"aoml_navis",1031.92075194319
"7901009",14,0,1,0.033642,1,0.011214,1,145.611668094227,1,4.84527965965239,976,1,5.98799991607666,34.9049987792969,0.0336420014500618,0,140.41569519043,-87.9019,25.5142,79.4671984194489,63,63,63,63,61,63,0,8045,1.29563008188212,26,-88,0.001869,51,2023-10-18 11:25:41.001216,976,1.037,0.0011,"aoml_navis",1031.93217960895
"7901009",14,0,1,0.029904,1,0.007476,1,146.024200701503,1,4.84522233530252,978,1,5.97200012207031,34.9059982299805,0.0299040004611015,0,140.813507080078,-87.9019,25.5142,79.4671984194489,63,63,63,63,61,63,0,8045,1.29563008188212,26,-88,0.001869,51,2023-10-18 11:25:41.001216,978,1.037,0.0011,"aoml_navis",1031.94438851026
"7901009",14,0,1,0.026166,1,0.003738,1,150.31448601752,1,4.84467550523519,999,1,5.84270000457764,34.9090003967285,0.0261659994721413,0,144.950698852539,-87.9019,25.5142,79.4671984194489,63,63,63,63,61,63,0,8045,1.29563008188212,26,-88,0.001869,51,2023-10-18 11:25:41.001216,999,1.037,0.0011,"aoml_navis",1032.06086653213
"7901009",14,0,1,0.033642,1,0.011214,1,157.191490502033,1,4.84336868614809,1049.90002441406,1,5.55670022964478,34.9169998168945,0.0336420014500618,0,151.582305908203,-87.9019,25.5142,79.4671984194489,63,63,63,63,61,63,0,8045,1.29563008188212,26,-88,0.001869,51,2023-10-18 11:25:41.001216,1049.90002441406,1.037,0.0011,"aoml_navis",1032.33933322067
"7901009",14,0,1,0.031773,1,0.009345,1,163.202589502754,1,4.84216263533871,1099.59997558594,1,5.36619997024536,34.9230003356934,0.0317730009555817,0,157.37890625,-87.9019,25.5142,79.4671984194489,63,63,63,63,61,63,0,8045,1.29563008188212,26,-88,0.001869,51,2023-10-18 11:25:41.001216,1099.59997558594,1.037,0.0011,"aoml_navis",1032.5964608271
"7901009",14,0,1,0.03738,1,0.014952,1,167.885802197999,1,4.84100168420193,1149.5,1,5.22970008850098,34.9259986877441,0.0373799987137318,0,161.895004272461,-87.9019,25.5142,79.4671984194489,63,63,63,63,61,63,0,8045,1.29563008188212,26,-88,0.001869,51,2023-10-18 11:25:41.001216,1149.5,1.037,0.0011,"aoml_navis",1032.84409429498
"7901009",14,0,1,0.028035,1,0.005607,1,174.473886699533,1,4.83977006300392,1199.30004882812,1,5.01679992675781,34.935001373291,0.0280349999666214,0,168.248001098633,-87.9019,25.5142,79.4671984194489,63,63,63,63,61,63,0,8045,1.29563008188212,26,-88,0.001869,51,2023-10-18 11:25:41.001216,1199.30004882812,1.037,0.0011,"aoml_navis",1033.10693171581
"7901009",14,0,1,0.035511,1,0.013083,1,181.201660428832,1,4.83856952037931,1248.80004882812,1,4.82719993591309,34.9420013427734,0.0355109982192516,0,174.735702514648,-87.9019,25.5142,79.4671984194489,63,63,63,63,61,63,0,8045,1.29563008188212,26,-88,0.001869,51,2023-10-18 11:25:41.001216,1248.80004882812,1.037,0.0011,"aoml_navis",1033.3632655149
"7901009",14,0,1,0.033642,1,0.011214,1,186.625805168714,1,4.83737564299492,1299.40002441406,1,4.67460012435913,34.9480018615723,0.0336420014500618,0,179.966293334961,-87.9019,25.5142,79.4671984194489,63,63,63,63,61,63,0,8045,1.29563008188212,26,-88,0.001869,51,2023-10-18 11:25:41.001216,1299.40002441406,1.037,0.0011,"aoml_navis",1033.61830236206
"7901009",14,0,1,0.028035,1,0.005607,1,190.177547777814,1,4.83623861922614,1350,1,4.58860015869141,34.951000213623,0.0280349999666214,0,183.391296386719,-87.9019,25.5142,79.4671984194489,63,63,63,63,61,63,0,8045,1.29563008188212,26,-88,0.001869,51,2023-10-18 11:25:41.001216,1350,1.037,0.0011,"aoml_navis",1033.86131116915
"7901009",14,0,1,0.031773,1,0.009345,1,193.319985759074,1,4.83513728741937,1399.19995117188,1,4.51560020446777,34.9550018310547,0.0317730009555817,0,186.421600341797,-87.9019,25.5142,79.4671984194489,63,63,63,63,61,63,0,8045,1.29563008188212,26,-88,0.001869,51,2023-10-18 11:25:41.001216,1399.19995117188,1.037,0.0011,"aoml_navis",1034.09680072779
"7901009",14,0,1,0.029904,1,0.007476,1,196.012880133541,1,4.83402243907143,1449.90002441406,1,4.45690011978149,34.9570007324219,0.0299040004611015,0,189.018402099609,-87.9019,25.5142,79.4671984194489,63,63,63,63,61,63,0,8045,1.29563008188212,26,-88,0.001869,51,2023-10-18 11:25:41.001216,1449.90002441406,1.037,0.0011,"aoml_navis",1034.33528971381
"7901009",14,0,1,0.033642,1,0.011214,1,198.570642427682,1,4.83294160808122,1499.30004882812,1,4.40630006790161,34.9589996337891,0.0336420014500618,0,191.484893798828,-87.9019,25.5142,79.4671984194489,63,63,63,63,61,63,0,8045,1.29563008188212,26,-88,0.001869,51,2023-10-18 11:25:41.001216,1499.30004882812,1.037,0.0011,"aoml_navis",1034.56660673066
"7901009",14,0,1,0.026166,1,0.003738,1,199.868875627943,1,4.83187105426217,1549.19995117188,1,4.38450002670288,34.9609985351562,0.0261659994721413,0,192.736801147461,-87.9019,25.5142,79.4671984194489,63,63,63,63,61,63,0,8045,1.29563008188212,26,-88,0.001869,51,2023-10-18 11:25:41.001216,1549.19995117188,1.037,0.0011,"aoml_navis",1034.79582626476
"7901009",14,0,1,0.029904,1,0.007476,1,200.945074477956,1,4.83079839373336,1599.19995117188,1,4.36070013046265,34.9630012512207,0.0299040004611015,0,193.774597167969,-87.9019,25.5142,79.4671984194489,63,63,63,63,61,63,0,8045,1.29563008188212,26,-88,0.001869,51,2023-10-18 11:25:41.001216,1599.19995117188,1.037,0.0011,"aoml_navis",1035.02559876772
"7901009",14,0,1,0.035511,1,0.013083,1,201.808590624029,1,4.82972904228936,1649.69995117188,1,4.34429979324341,34.9630012512207,0.0355109982192516,0,194.607299804688,-87.9019,25.5142,79.4671984194489,63,63,63,63,61,63,0,8045,1.29563008188212,26,-88,0.001869,51,2023-10-18 11:25:41.001216,1649.69995117188,1.037,0.0011,"aoml_navis",1035.25476402915
"7901009",14,0,1,0.029904,1,0.007476,1,202.647422221472,1,4.82867202436576,1699.80004882812,1,4.33680009841919,34.9640007019043,0.0299040004611015,0,195.416198730469,-87.9019,25.5142,79.4671984194489,63,63,63,63,61,63,0,8045,1.29563008188212,26,-88,0.001869,51,2023-10-18 11:25:41.001216,1699.80004882812,1.037,0.0011,"aoml_navis",1035.48138593172
"7901009",14,0,1,0.028035,1,0.005607,1,203.145084874667,1,4.82762376592713,1749.69995117188,1,4.32849979400635,34.9640007019043,0.0280349999666214,0,195.896102905273,-87.9019,25.5142,79.4671984194489,63,63,63,63,61,63,0,8045,1.29563008188212,26,-88,0.001869,51,2023-10-18 11:25:41.001216,1749.69995117188,1.037,0.0011,"aoml_navis",1035.7062278319
"7901009",14,0,1,0.026166,1,0.003738,1,203.631228071834,1,4.82658668689856,1799,1,4.32140016555786,34.9650001525879,0.0261659994721413,0,196.364898681641,-87.9019,25.5142,79.4671984194489,63,63,63,63,61,63,0,8045,1.29563008188212,26,-88,0.001869,51,2023-10-18 11:25:41.001216,1799,1.037,0.0011,"aoml_navis",1035.92876795773
"7901009",14,0,1,0.035511,1,0.013083,1,204.027462547643,1,4.8255379412834,1849.19995117188,1,4.31710004806519,34.9650001525879,0.0355109982192516,0,196.746994018555,-87.9019,25.5142,79.4671984194489,63,63,63,63,61,63,0,8045,1.29563008188212,26,-88,0.001869,51,2023-10-18 11:25:41.001216,1849.19995117188,1.037,0.0011,"aoml_navis",1036.15390881585
"7901009",14,0,1,0.022428,1,0,1,204.427747821176,1,4.82449918315092,1898.90002441406,1,4.31519985198975,34.9659996032715,0.0224280003458261,0,197.132995605469,-87.9019,25.5142,79.4671984194489,63,63,63,63,61,63,0,8045,1.29563008188212,26,-88,0.001869,51,2023-10-18 11:25:41.001216,1898.90002441406,1.037,0.0011,"aoml_navis",1036.37700208594
"7901009",14,0,1,0.029904,1,0.007476,1,204.751083761381,1,4.82350249803028,1946.80004882812,1,4.31269979476929,34.9659996032715,0.0299040004611015,0,197.444793701172,-87.9019,25.5142,79.4671984194489,63,63,63,63,61,63,0,8045,1.29563008188212,26,-88,0.001869,51,2023-10-18 11:25:41.001216,1946.80004882812,1.037,0.0011,"aoml_navis",1036.59114969709
"7901009",14,0,1,0.026166,1,0.003738,1,201.392750920173,4,4.822402101272,1999.59997558594,1,4.31029987335205,34.9669990539551,0.0261659994721413,0,194.206298828125,-87.9019,25.5142,79.4671984194489,63,63,63,63,61,63,0,8045,1.29563008188212,26,-88,0.001869,51,2023-10-18 11:25:41.001216,1999.59997558594,1.037,0.0011,"aoml_navis",1036.82768358971
"7901009",15,0.155794468515872,5,0.061677,1,0.039249,1,193.274933041986,1,4.88625064073077,2.29999995231628,1,28.1690006256104,36.2369995117188,0.0616770014166832,0.0485940016806126,186.37809753418,-87.8921,25.6261,83.439079468389,63,63,63,63,61,63,0.201852,8045,1.29563008188212,26,-88,0.001869,51,2023-10-28 18:19:01.001959,2.29999995231628,1.037,0.0011,"aoml_navis",1023.27947697178
"7901009",15,0.155794468515872,5,0.052332,1,0.029904,1,193.323779981236,1,4.88621591223645,4,1,28.1690006256104,36.2369995117188,0.0523319989442825,0.0392489992082119,186.425201416016,-87.8921,25.6261,83.439079468389,63,63,63,63,61,63,0.201852,8045,1.29563008188212,26,-88,0.001869,51,2023-10-28 18:19:01.001959,4,1.037,0.0011,"aoml_navis",1023.28674987092
"7901009",15,0.155794468515872,5,0.052332,1,0.029904,1,193.275344451257,1,4.88617033522053,6,1,28.1660003662109,36.2369995117188,0.0523319989442825,0.0392489992082119,186.378494262695,-87.8921,25.6261,83.439079468389,63,63,63,63,61,63,0.201852,8045,1.29563008188212,26,-88,0.001869,51,2023-10-28 18:19:01.001959,6,1.037,0.0011,"aoml_navis",1023.2962948424
"7901009",15,0.155794468515872,5,0.057939,1,0.035511,1,193.225785457499,1,4.88611330303412,8,1,28.1580009460449,36.2379989624023,0.0579390004277229,0.0448560006916523,186.330703735352,-87.8921,25.6261,83.439079468389,63,63,63,63,61,63,0.201852,8045,1.29563008188212,26,-88,0.001869,51,2023-10-28 18:19:01.001959,8,1.037,0.0011,"aoml_navis",1023.30823906502
"7901009",15,0.155794468515872,5,0.05607,1,0.033642,1,193.267780850039,1,4.886079188276,10,1,28.1599998474121,36.2369995117188,0.0560699999332428,0.0429870001971722,186.371200561523,-87.8921,25.6261,83.439079468389,63,63,63,63,61,63,0.201852,8045,1.29563008188212,26,-88,0.001869,51,2023-10-28 18:19:01.001959,10,1.037,0.0011,"aoml_navis",1023.31538383523
"7901009",15,0.155794468515872,5,0.065415,1,0.042987,1,193.216133163057,1,4.88603519418136,12,1,28.1580009460449,36.2369995117188,0.0654150024056435,0.0523319989442825,186.321395874023,-87.8921,25.6261,83.439079468389,63,63,63,63,61,63,0.201852,8045,1.29563008188212,26,-88,0.001869,51,2023-10-28 18:19:01.001959,12,1.037,0.0011,"aoml_navis",1023.3245978159
"7901009",15,0.155794468515872,5,0.067284,1,0.044856,1,193.19695516164,1,4.88598760935575,14,1,28.1560001373291,36.2379989624023,0.0672840029001236,0.0542009994387627,186.30290222168,-87.8921,25.6261,83.439079468389,63,63,63,63,61,63,0.201852,8045,1.29563008188212,26,-88,0.001869,51,2023-10-28 18:19:01.001959,14,1.037,0.0011,"aoml_navis",1023.33456401444
"7901009",15,0.155794468515872,5,0.071022,1,0.048594,1,193.22651333544,1,4.88594676562189,16,1,28.1560001373291,36.2379989624023,0.0710219964385033,0.0579390004277229,186.331405639648,-87.8921,25.6261,83.439079468389,63,63,63,63,61,63,0.201852,8045,1.29563008188212,26,-88,0.001869,51,2023-10-28 18:19:01.001959,16,1.037,0.0011,"aoml_navis",1023.3431185089
"7901009",15,0.155794468515872,5,0.076629,1,0.054201,1,193.116065769529,1,4.88589086069219,18,1,28.1509990692139,36.2400016784668,0.0766289979219437,0.0635460019111633,186.224899291992,-87.8921,25.6261,83.439079468389,63,63,63,63,61,63,0.201852,8045,1.29563008188212,26,-88,0.001869,51,2023-10-28 18:19:01.001959,18,1.037,0.0011,"aoml_navis",1023.35482771951
"7901009",15,0.155794468515872,5,0.078498,1,0.05607,1,193.15878904001,1,4.88584687605258,20,1,28.1490001678467,36.2400016784668,0.0784979984164238,0.0654150024056435,186.266098022461,-87.8921,25.6261,83.439079468389,63,63,63,63,61,63,0.201852,8045,1.29563008188212,26,-88,0.001869,51,2023-10-28 18:19:01.001959,20,1.037,0.0011,"aoml_navis",1023.36404043011
"7901009",15,0.155794468515872,5,0.087843,1,0.065415,1,193.06826317689,1,4.88580244960977,22,1,28.1490001678467,36.2410011291504,0.0878430008888245,0.0747599974274635,186.178802490234,-87.8921,25.6261,83.439079468389,63,63,63,63,61,63,0.201852,8045,1.29563008188212,26,-88,0.001869,51,2023-10-28 18:19:01.001959,22,1.037,0.0011,"aoml_navis",1023.37334584605
"7901009",15,0.155794468515872,5,0.095319,1,0.072891,1,193.073658967718,1,4.88576004238017,24,1,28.1480007171631,36.2410011291504,0.095319002866745,0.0822359994053841,186.184005737305,-87.8921,25.6261,83.439079468389,63,63,63,63,61,63,0.201852,8045,1.29563008188212,26,-88,0.001869,51,2023-10-28 18:19:01.001959,24,1.037,0.0011,"aoml_navis",1023.38222848214
"7901009",15,0.155794468515872,5,0.099057,1,0.076629,1,193.075621073473,1,4.8857176344227,26,1,28.1469993591309,36.2410011291504,0.0990569964051247,0.0859740003943443,186.185897827148,-87.8921,25.6261,83.439079468389,63,63,63,63,61,63,0.201852,8045,1.29563008188212,26,-88,0.001869,51,2023-10-28 18:19:01.001959,26,1.037,0.0011,"aoml_navis",1023.39111142488
"7901009",15,0.155794468515872,5,0.110271,1,0.087843,1,193.138471751381,1,4.88567523174027,28,1,28.1459999084473,36.2410011291504,0.110270999372005,0.0971880033612251,186.246505737305,-87.8921,25.6261,83.439079468389,63,63,63,63,61,63,0.201852,8045,1.29563008188212,26,-88,0.001869,51,2023-10-28 18:19:01.001959,28,1.037,0.0011,"aoml_navis",1023.39999341688
"7901009",15,0.155794468515872,5,0.102795,1,0.080367,1,193.081333332971,1,4.88563912602667,30,1,28.1490001678467,36.2410011291504,0.102794997394085,0.0897120013833046,186.19140625,-87.8921,25.6261,83.439079468389,63,63,63,63,61,63,0.201852,8045,1.29563008188212,26,-88,0.001869,51,2023-10-28 18:19:01.001959,30,1.037,0.0011,"aoml_navis",1023.40755651888
"7901009",15,0.155794468515872,5,0.119616,1,0.097188,1,193.011741872387,1,4.88559200607885,32,1,28.1450004577637,36.2410011291504,0.119616001844406,0.106532998383045,186.124298095703,-87.8921,25.6261,83.439079468389,63,63,63,63,61,63,0.201852,8045,1.29563008188212,26,-88,0.001869,51,2023-10-28 18:19:01.001959,32,1.037,0.0011,"aoml_navis",1023.41742695231
"7901009",15,0.155794468515872,5,0.128961,1,0.106533,1,193.053737264927,1,4.88554646146778,34,1,28.1420001983643,36.2410011291504,0.128960996866226,0.115878000855446,186.164794921875,-87.8921,25.6261,83.439079468389,63,63,63,63,61,63,0.201852,8045,1.29563008188212,26,-88,0.001869,51,2023-10-28 18:19:01.001959,34,1.037,0.0011,"aoml_navis",1023.42696757362
"7901009",15,0.155794468515872,5,0.134568,1,0.11214,1,193.040888636915,1,4.88550564073943,36,1,28.1420001983643,36.2410011291504,0.134568005800247,0.121485002338886,186.152404785156,-87.8921,25.6261,83.439079468389,63,63,63,63,61,63,0.201852,8045,1.29563008188212,26,-88,0.001869,51,2023-10-28 18:19:01.001959,36,1.037,0.0011,"aoml_navis",1023.43551879376
"7901009",15,0.155794468515872,5,0.147651,1,0.125223,1,192.953780635434,1,4.88546482234896,38,1,28.1420001983643,36.2410011291504,0.147651001811028,0.134568005800247,186.068405151367,-87.8921,25.6261,83.439079468389,63,63,63,63,61,63,0.201852,8045,1.29563008188212,26,-88,0.001869,51,2023-10-28 18:19:01.001959,38,1.037,0.0011,"aoml_navis",1023.44406966704
"7901009",15,0.155794468515872,5,0.14952,1,0.127092,1,192.987895958085,1,4.88542199068172,40,1,28.1429996490479,36.242000579834,0.149519994854927,0.136436998844147,186.101303100586,-87.8921,25.6261,83.439079468389,63,63,63,63,61,63,0.201852,8045,1.29563008188212,26,-88,0.001869,51,2023-10-28 18:19:01.001959,40,1.037,0.0011,"aoml_navis",1023.45304244686
"7901009",15,0.155794468515872,5,0.155127,1,0.132699,1,192.9684964286,1,4.88538275023079,42,1,28.1439990997314,36.242000579834,0.155127003788948,0.142043992877007,186.082595825195,-87.8921,25.6261,83.439079468389,63,63,63,63,61,63,0.201852,8045,1.29563008188212,26,-88,0.001869,51,2023-10-28 18:19:01.001959,42,1.037,0.0011,"aoml_navis",1023.46126304306
"7901009",15,0.155794468515872,5,0.162603,1,0.140175,1,192.978148723042,1,4.88534036590719,44,1,28.1429996490479,36.242000579834,0.162603005766869,0.149519994854927,186.091903686523,-87.8921,25.6261,83.439079468389,63,63,63,63,61,63,0.201852,8045,1.29563008188212,26,-88,0.001869,51,2023-10-28 18:19:01.001959,44,1.037,0.0011,"aoml_navis",1023.47014240665
"7901009",15,0.155794468515872,5,0.158865,1,0.136437,1,192.959999244804,1,4.88529955702557,46,1,28.1429996490479,36.242000579834,0.158865004777908,0.145781993865967,186.074401855469,-87.8921,25.6261,83.439079468389,63,63,63,63,61,63,0.201852,8045,1.29563008188212,26,-88,0.001869,51,2023-10-28 18:19:01.001959,46,1.037,0.0011,"aoml_navis",1023.47869186639
"7901009",15,0.155794468515872,5,0.16821,1,0.145782,1,192.890629312289,1,4.88525875048075,48,1,28.1429996490479,36.242000579834,0.168209999799728,0.155127003788948,186.007507324219,-87.8921,25.6261,83.439079468389,63,63,63,63,61,63,0.201852,8045,1.29563008188212,26,-88,0.001869,51,2023-10-28 18:19:01.001959,48,1.037,0.0011,"aoml_navis",1023.4872409794
"7901009",15,0.155794468515872,5,0.170079,1,0.147651,1,192.8531910686,1,4.88521637300056,50,1,28.1420001983643,36.242000579834,0.170078992843628,0.156995996832848,185.971405029297,-87.8921,25.6261,83.439079468389,63,63,63,63,61,63,0.201852,8045,1.29563008188212,26,-88,0.001869,51,2023-10-28 18:19:01.001959,50,1.037,0.0011,"aoml_navis",1023.49611936
"7901009",15,0.155794468515872,5,0.173817,1,0.151389,1,192.855881052297,1,4.88517915905878,52,1,28.1420001983643,36.2410011291504,0.173816993832588,0.160733997821808,185.973999023438,-87.8921,25.6261,83.439079468389,63,63,63,63,61,63,0.201852,8045,1.29563008188212,26,-88,0.001869,51,2023-10-28 18:19:01.001959,52,1.037,0.0011,"aoml_navis",1023.50391606996
"7901009",15,0.155794468515872,5,0.175686,1,0.153258,1,192.873302652594,1,4.88513634486503,54,1,28.1429996490479,36.242000579834,0.175686001777649,0.162603005766869,185.990798950195,-87.8921,25.6261,83.439079468389,63,63,63,63,61,63,0.201852,8045,1.29563008188212,26,-88,0.001869,51,2023-10-28 18:19:01.001959,54,1.037,0.0011,"aoml_navis",1023.51288623821
"7901009",15,0.155794468515872,5,0.173817,1,0.151389,1,192.840010148485,1,4.88509554766531,56,1,28.1429996490479,36.242000579834,0.173816993832588,0.160733997821808,185.958694458008,-87.8921,25.6261,83.439079468389,63,63,63,63,61,63,0.201852,8045,1.29563008188212,26,-88,0.001869,51,2023-10-28 18:19:01.001959,56,1.037,0.0011,"aoml_navis",1023.5214339645
"7901009",15,0.155794468515872,5,0.183162,1,0.160734,1,192.788061816266,1,4.88505475280132,58,1,28.1429996490479,36.242000579834,0.183162003755569,0.170078992843628,185.908599853516,-87.8921,25.6261,83.439079468389,63,63,63,63,61,63,0.201852,8045,1.29563008188212,26,-88,0.001869,51,2023-10-28 18:19:01.001959,58,1.037,0.0011,"aoml_navis",1023.52998134417
"7901009",15,0.155794468515872,5,0.181293,1,0.158865,1,192.687155780763,1,4.88501553383474,60,1,28.1439990997314,36.242000579834,0.181292995810509,0.168209999799728,185.811294555664,-87.8921,25.6261,83.439079468389,63,63,63,63,61,63,0.201852,8045,1.29563008188212,26,-88,0.001869,51,2023-10-28 18:19:01.001959,60,1.037,0.0011,"aoml_navis",1023.53819867488
"7901009",15,0.155794468515872,5,0.194376,1,0.171948,1,192.741493451442,1,4.88497474369233,62,1,28.1439990997314,36.242000579834,0.19437600672245,0.181292995810509,185.863693237305,-87.8921,25.6261,83.439079468389,63,63,63,63,61,63,0.201852,8045,1.29563008188212,26,-88,0.001869,51,2023-10-28 18:19:01.001959,62,1.037,0.0011,"aoml_navis",1023.54674534524
"7901009",15,0.155794468515872,5,0.198114,1,0.175686,1,192.668072719948,1,4.88493553258772,64,1,28.1450004577637,36.242000579834,0.198113992810249,0.185030996799469,185.792892456055,-87.8921,25.6261,83.439079468389,63,63,63,63,61,63,0.201852,8045,1.29563008188212,26,-88,0.001869,51,2023-10-28 18:19:01.001959,64,1.037,0.0011,"aoml_navis",1023.55496129779
"7901009",15,0.155794468515872,5,0.194376,1,0.171948,1,192.657502666362,1,4.8848947471661,66,1,28.1450004577637,36.242000579834,0.19437600672245,0.181292995810509,185.782699584961,-87.8921,25.6261,83.439079468389,63,63,63,63,61,63,0.201852,8045,1.29563008188212,26,-88,0.001869,51,2023-10-28 18:19:01.001959,66,1.037,0.0011,"aoml_navis",1023.56350725892
"7901009",15,0.155794468515872,5,0.198114,1,0.175686,1,192.616124387729,1,4.88485195082009,68,1,28.1459999084473,36.2430000305176,0.198113992810249,0.185030996799469,185.742797851562,-87.8921,25.6261,83.439079468389,63,63,63,63,61,63,0.201852,8045,1.29563008188212,26,-88,0.001869,51,2023-10-28 18:19:01.001959,68,1.037,0.0011,"aoml_navis",1023.57247473193
"7901009",15,0.155794468515872,5,0.199983,1,0.177555,1,192.567498976548,1,4.8848111702268,70,1,28.1459999084473,36.2430000305176,0.19998300075531,0.18690000474453,185.695907592773,-87.8921,25.6261,83.439079468389,63,63,63,63,61,63,0.201852,8045,1.29563008188212,26,-88,0.001869,51,2023-10-28 18:19:01.001959,70,1.037,0.0011,"aoml_navis",1023.58101997377
"7901009",15,0.155794468515872,5,0.199983,1,0.177555,1,192.442747026742,1,4.88477039196771,72,1,28.1459999084473,36.2430000305176,0.19998300075531,0.18690000474453,185.575607299805,-87.8921,25.6261,83.439079468389,63,63,63,63,61,63,0.201852,8045,1.29563008188212,26,-88,0.001869,51,2023-10-28 18:19:01.001959,72,1.037,0.0011,"aoml_navis",1023.58956486916
"7901009",15,0.155794468515872,5,0.20559,1,0.183162,1,192.452905671057,1,4.8847244552794,74,1,28.1450004577637,36.2439994812012,0.20558999478817,0.19250699877739,185.585403442383,-87.8921,25.6261,83.439079468389,63,63,63,63,61,63,0.201852,8045,1.29563008188212,26,-88,0.001869,51,2023-10-28 18:19:01.001959,74,1.037,0.0011,"aoml_navis",1023.5991908604
"7901009",15,0.155794468515872,5,0.211197,1,0.188769,1,192.341002349262,1,4.88468368174587,76,1,28.1450004577637,36.2439994812012,0.211197003722191,0.198113992810249,185.477493286133,-87.8921,25.6261,83.439079468389,63,63,63,63,61,63,0.201852,8045,1.29563008188212,26,-88,0.001869,51,2023-10-28 18:19:01.001959,76,1.037,0.0011,"aoml_navis",1023.60773506892
"7901009",15,0.155794468515872,5,0.214935,1,0.192507,1,192.300779181276,1,4.88464448464309,78,1,28.1459999084473,36.2439994812012,0.214935004711151,0.20185199379921,185.438705444336,-87.8921,25.6261,83.439079468389,63,63,63,63,61,63,0.201852,8045,1.29563008188212,26,-88,0.001869,51,2023-10-28 18:19:01.001959,78,1.037,0.0011,"aoml_navis",1023.61594906642
"7901009",15,0.155794468515872,5,0.216804,1,0.194376,1,192.194793823615,1,4.88460371582717,80,1,28.1459999084473,36.2439994812012,0.216803997755051,0.20372100174427,185.336502075195,-87.8921,25.6261,83.439079468389,63,63,63,63,61,63,0.201852,8045,1.29563008188212,26,-88,0.001869,51,2023-10-28 18:19:01.001959,80,1.037,0.0011,"aoml_navis",1023.62449256608
"7901009",15,0.155794468515872,5,0.22428,1,0.201852,1,192.064551142381,1,4.88455306341864,82,1,28.1420001983643,36.2449989318848,0.224279999732971,0.211197003722191,185.210906982422,-87.8921,25.6261,83.439079468389,63,63,63,63,61,63,0.201852,8045,1.29563008188212,26,-88,0.001869,51,2023-10-28 18:19:01.001959,82,1.037,0.0011,"aoml_navis",1023.63510746683
"7901009",15,0.158679551266166,1,0.228018,1,0.20559,1,191.659281363281,1,4.88449881377748,84,1,28.1380004882812,36.2470016479492,0.228018000721931,0.214935004711151,184.820098876953,-87.8921,25.6261,83.439079468389,63,63,63,63,61,63,0.20559,8045,1.29563008188212,26,-88,0.001869,51,2023-10-28 18:19:01.001959,84,1.037,0.0011,"aoml_navis",1023.64647646074
"7901009",15,0.210611040771457,1,0.295302,1,0.272874,1,191.131348327599,1,4.88433207913971,86,1,28.0990009307861,36.2649993896484,0.295302003622055,0.282218992710114,184.311004638672,-87.8921,25.6261,83.439079468389,63,63,63,63,61,63,0.272874,8045,1.29563008188212,26,-88,0.001869,51,2023-10-28 18:19:01.001959,86,1.037,0.0011,"aoml_navis",1023.68142030193
"7901009",15,0.217823747647191,1,0.304647,1,0.282219,1,190.507794283206,1,4.88422957593487,88,1,28.0779991149902,36.2729988098145,0.304646998643875,0.291563987731934,183.709701538086,-87.8921,25.6261,83.439079468389,63,63,63,63,61,63,0.282219,8045,1.29563008188212,26,-88,0.001869,51,2023-10-28 18:19:01.001959,88,1.037,0.0011,"aoml_navis",1023.7029038593
"7901009",15,0.297163523280274,1,0.407442,1,0.385014,1,190.063646327968,1,4.88401979469497,90.1999969482422,1,28.0209999084473,36.2939987182617,0.407442003488541,0.394358992576599,183.281402587891,-87.8921,25.6261,83.439079468389,63,63,63,63,61,63,0.385014,8045,1.29563008188212,26,-88,0.001869,51,2023-10-28 18:19:01.001959,90.1999969482422,1.037,0.0011,"aoml_navis",1023.74687453786
"7901009",15,0.347652471410418,1,0.472857,1,0.450429,1,188.523076841275,1,4.88388241914635,91.9000015258789,1,27.9829998016357,36.3059997558594,0.472856998443604,0.459773987531662,181.795806884766,-87.8921,25.6261,83.439079468389,63,63,63,63,61,63,0.450429,8045,1.29563008188212,26,-88,0.001869,51,2023-10-28 18:19:01.001959,91.9000015258789,1.037,0.0011,"aoml_navis",1023.77567084712
"7901009",15,0.502004398551143,1,0.67284,1,0.650412,1,185.753327215966,1,4.88315312111662,94,1,27.7369995117188,36.3899993896484,0.672839999198914,0.659757018089294,179.124893188477,-87.8921,25.6261,83.439079468389,63,63,63,63,61,63,0.650412,8045,1.29563008188212,26,-88,0.001869,51,2023-10-28 18:19:01.001959,94,1.037,0.0011,"aoml_navis",1023.9285715572
"7901009",15,0.507774564051731,1,0.680316,1,0.657888,1,184.476154603508,1,4.88256665167118,96,1,27.5109996795654,36.4440002441406,0.680315971374512,0.667232990264893,177.893295288086,-87.8921,25.6261,83.439079468389,63,63,63,63,61,63,0.657888,8045,1.29563008188212,26,-88,0.001869,51,2023-10-28 18:19:01.001959,96,1.037,0.0011,"aoml_navis",1024.05156072752
"7901009",15,0.58422925693452,1,0.779373,1,0.756945,1,182.971361899985,1,4.88229579697799,98,1,27.4020004272461,36.4609985351562,0.779372990131378,0.766290009021759,176.442199707031,-87.8921,25.6261,83.439079468389,63,63,63,63,61,63,0.756945,8045,1.29563008188212,26,-88,0.001869,51,2023-10-28 18:19:01.001959,98,1.037,0.0011,"aoml_navis",1024.1083719456
"7901009",15,0.600097212061137,1,0.799932,1,0.777504,1,181.730693948639,1,4.88201816421624,100,1,27.2929992675781,36.4799995422363,0.79993200302124,0.786849021911621,175.245803833008,-87.8921,25.6261,83.439079468389,63,63,63,63,61,63,0.777504,8045,1.29563008188212,26,-88,0.001869,51,2023-10-28 18:19:01.001959,100,1.037,0.0011,"aoml_navis",1024.16661139209
"7901009",15,0.59865467068599,1,0.798063,1,0.775635,1,180.796652491881,1,4.88170398122783,102,1,27.1669998168945,36.5019989013672,0.798062980175018,0.784979999065399,174.345092773438,-87.8921,25.6261,83.439079468389,63,63,63,63,61,63,0.775635,8045,1.29563008188212,26,-88,0.001869,51,2023-10-28 18:19:01.001959,102,1.037,0.0011,"aoml_navis",1024.23252602515
"7901009",15,0.618850249938047,1,0.824229,1,0.801801,1,178.820020824475,1,4.88145799052647,104,1,27.0709991455078,36.5180015563965,0.824229001998901,0.811146020889282,172.438995361328,-87.8921,25.6261,83.439079468389,63,63,63,63,61,63,0.801801,8045,1.29563008188212,26,-88,0.001869,51,2023-10-28 18:19:01.001959,104,1.037,0.0011,"aoml_navis",1024.2841400466
"7901009",15,0.56980384318305,1,0.760683,1,0.738255,1,177.602581673523,1,4.88106395345266,106,1,26.9109992980957,36.5480003356934,0.760683000087738,0.747600018978119,171.264999389648,-87.8921,25.6261,83.439079468389,63,63,63,63,61,63,0.738255,8045,1.29563008188212,26,-88,0.001869,51,2023-10-28 18:19:01.001959,106,1.037,0.0011,"aoml_navis",1024.3668281509
"7901009",15,0.546723181180699,1,0.730779,1,0.708351,1,176.668144630927,1,4.88095528287639,108,1,26.8689994812012,36.548999786377,0.730778992176056,0.717696011066437,170.363906860352,-87.8921,25.6261,83.439079468389,63,63,63,63,61,63,0.708351,8045,1.29563008188212,26,-88,0.001869,51,2023-10-28 18:19:01.001959,108,1.037,0.0011,"aoml_navis",1024.38963486128
"7901009",15,0.506332022676584,1,0.678447,1,0.656019,1,175.097083387858,1,4.88081389305584,110,1,26.7749996185303,36.5369987487793,0.678447008132935,0.665364027023315,168.848907470703,-87.8921,25.6261,83.439079468389,63,63,63,63,61,63,0.656019,8045,1.29563008188212,26,-88,0.001869,51,2023-10-28 18:19:01.001959,110,1.037,0.0011,"aoml_navis",1024.41930988472
"7901009",15,0.465940864172469,1,0.626115,1,0.603687,1,174.190938644381,1,4.88034134113275,112,1,26.5669994354248,36.5690002441406,0.626115024089813,0.613031983375549,167.97509765625,-87.8921,25.6261,83.439079468389,63,63,63,63,61,63,0.603687,8045,1.29563008188212,26,-88,0.001869,51,2023-10-28 18:19:01.001959,112,1.037,0.0011,"aoml_navis",1024.51850198648
"7901009",15,0.447187826295558,1,0.601818,1,0.57939,1,173.174678627096,1,4.88004678691143,114,1,26.4850006103516,36.6049995422363,0.601818025112152,0.588734984397888,166.995101928711,-87.8921,25.6261,83.439079468389,63,63,63,63,61,63,0.57939,8045,1.29563008188212,26,-88,0.001869,51,2023-10-28 18:19:01.001959,114,1.037,0.0011,"aoml_navis",1024.58034078901
"7901009",15,0.418336998792619,1,0.564438,1,0.54201,1,172.528101486944,1,4.87989125896223,116,1,26.4330005645752,36.6150016784668,0.564437985420227,0.551355004310608,166.371597290039,-87.8921,25.6261,83.439079468389,63,63,63,63,61,63,0.54201,8045,1.29563008188212,26,-88,0.001869,51,2023-10-28 18:19:01.001959,116,1.037,0.0011,"aoml_navis",1024.61299538533
"7901009",15,0.42266462291806,1,0.570045,1,0.547617,1,171.704001246225,1,4.87978160255183,118,1,26.3969993591309,36.6189994812012,0.570044994354248,0.556962013244629,165.576904296875,-87.8921,25.6261,83.439079468389,63,63,63,63,61,63,0.547617,8045,1.29563008188212,26,-88,0.001869,51,2023-10-28 18:19:01.001959,118,1.037,0.0011,"aoml_navis",1024.63602005985
"7901009",15,0.392371254039974,1,0.530796,1,0.508368,1,170.337014825155,1,4.87960603312444,120,1,26.3150005340576,36.6220016479492,0.530795991420746,0.517713010311127,164.258697509766,-87.8921,25.6261,83.439079468389,63,63,63,63,61,63,0.508368,8045,1.29563008188212,26,-88,0.001869,51,2023-10-28 18:19:01.001959,120,1.037,0.0011,"aoml_navis",1024.67288671632
"7901009",15,0.376503298913357,4,0.510237,1,0.487809,1,169.325311956722,1,4.87929073023856,122,1,26.1520004272461,36.6300010681152,0.510236978530884,0.497153997421265,163.283096313477,-87.8921,25.6261,83.439079468389,63,63,63,63,61,63,0.487809,8045,1.29563008188212,26,-88,0.001869,51,2023-10-28 18:19:01.001959,122,1.037,0.0011,"aoml_navis",1024.73910173324
"7901009",15,0.388043629914533,1,0.525189,1,0.502761,1,169.09229607483,1,4.87896554781493,124,1,26.0559997558594,36.6689987182617,0.525188982486725,0.512106001377106,163.058395385742,-87.8921,25.6261,83.439079468389,63,63,63,63,61,63,0.502761,8045,1.29563008188212,26,-88,0.001869,51,2023-10-28 18:19:01.001959,124,1.037,0.0011,"aoml_navis",1024.80740046202
"7901009",15,0.350537554160712,1,0.476595,1,0.454167,1,168.503078881157,1,4.87869251210326,126,1,25.9850006103516,36.7039985656738,0.476595014333725,0.463512003421783,162.490203857422,-87.8921,25.6261,83.439079468389,63,63,63,63,61,63,0.454167,8045,1.29563008188212,26,-88,0.001869,51,2023-10-28 18:19:01.001959,126,1.037,0.0011,"aoml_navis",1024.86475374207
"7901009",15,0.317359102532332,1,0.433608,1,0.41118,1,167.389742099278,1,4.87832240296579,128,1,25.8610000610352,36.7439994812012,0.433607995510101,0.420525014400482,161.416595458984,-87.8921,25.6261,83.439079468389,63,63,63,63,61,63,0.41118,8045,1.29563008188212,26,-88,0.001869,51,2023-10-28 18:19:01.001959,128,1.037,0.0011,"aoml_navis",1024.94250830167
"7901009",15,0.265427613027041,1,0.366324,1,0.343896,1,166.109673798488,1,4.87794729303186,130,1,25.7140007019043,36.7760009765625,0.366324007511139,0.353240996599197,160.182205200195,-87.8921,25.6261,83.439079468389,63,63,63,63,61,63,0.343896,8045,1.29563008188212,26,-88,0.001869,51,2023-10-28 18:19:01.001959,130,1.037,0.0011,"aoml_navis",1025.02132549535
"7901009",15,0.232249161398661,1,0.323337,1,0.300909,1,165.141517019079,1,4.87760341720777,132,1,25.5729999542236,36.8019981384277,0.323336988687515,0.310254007577896,159.248596191406,-87.8921,25.6261,83.439079468389,63,63,63,63,61,63,0.300909,8045,1.29563008188212,26,-88,0.001869,51,2023-10-28 18:19:01.001959,132,1.037,0.0011,"aoml_navis",1025.09359050398
"7901009",15,0.199070709770281,1,0.28035,1,0.257922,1,164.448387337535,1,4.8772691233962,134,1,25.4039993286133,36.8139991760254,0.280349999666214,0.267266988754272,158.580200195312,-87.8921,25.6261,83.439079468389,63,63,63,63,61,63,0.257922,8045,1.29563008188212,26,-88,0.001869,51,2023-10-28 18:19:01.001959,134,1.037,0.0011,"aoml_navis",1025.16385163473
"7901009",15,0.175990047767929,1,0.250446,1,0.228018,1,164.135415646109,1,4.87699349283499,136.100006103516,1,25.2560005187988,36.818000793457,0.250445991754532,0.237362995743752,158.278396606445,-87.8921,25.6261,83.439079468389,63,63,63,63,61,63,0.228018,8045,1.29563008188212,26,-88,0.001869,51,2023-10-28 18:19:01.001959,136.100006103516,1.037,0.0011,"aoml_navis",1025.22179029882
"7901009",15,0.167334799517048,1,0.239232,1,0.216804,1,166.996624717116,1,4.87679331753141,138,1,25.0359992980957,36.7729988098145,0.239232003688812,0.226148992776871,161.037506103516,-87.8921,25.6261,83.439079468389,63,63,63,63,61,63,0.216804,8045,1.29563008188212,26,-88,0.001869,51,2023-10-28 18:19:01.001959,138,1.037,0.0011,"aoml_navis",1025.26387206644
"7901009",15,0.139926513389255,4,0.203721,1,0.181293,1,179.356989040692,1,4.87636446031409,140,1,24.3250007629395,36.5940017700195,0.20372100174427,0.19063800573349,172.956802368164,-87.8921,25.6261,83.439079468389,63,63,63,63,61,63,0.181293,8045,1.29563008188212,26,-88,0.001869,51,2023-10-28 18:19:01.001959,140,1.037,0.0011,"aoml_navis",1025.35404002144
"7901009",15,0.132713806513521,4,0.194376,1,0.171948,1,185.304827816512,1,4.87591537360161,142,1,23.6110000610352,36.4249992370605,0.19437600672245,0.181292995810509,178.692398071289,-87.8921,25.6261,83.439079468389,63,63,63,63,61,63,0.171948,8045,1.29563008188212,26,-88,0.001869,51,2023-10-28 18:19:01.001959,142,1.037,0.0011,"aoml_navis",1025.44847826322
"7901009",15,0.145696678889843,1,0.211197,1,0.188769,1,182.696872798859,1,4.87571377385747,144,1,23.4610004425049,36.4109992980957,0.211197003722191,0.198113992810249,176.177505493164,-87.8921,25.6261,83.439079468389,63,63,63,63,61,63,0.188769,8045,1.29563008188212,26,-88,0.001869,51,2023-10-28 18:19:01.001959,144,1.037,0.0011,"aoml_navis",1025.49087824001
"7901009",15,0.129828723763227,1,0.190638,1,0.16821,1,179.095759976848,1,4.87552217562999,146,1,23.4050006866455,36.4309997558594,0.19063800573349,0.177554994821548,172.704895019531,-87.8921,25.6261,83.439079468389,63,63,63,63,61,63,0.16821,8045,1.29563008188212,26,-88,0.001869,51,2023-10-28 18:19:01.001959,146,1.037,0.0011,"aoml_navis",1025.5311779715
"7901009",15,0.102420437635434,1,0.155127,1,0.132699,1,174.367955395076,1,4.87521754838062,148,1,23.2320003509521,36.4370002746582,0.155127003788948,0.142043992877007,168.145797729492,-87.8921,25.6261,83.439079468389,63,63,63,63,61,63,0.132699,8045,1.29563008188212,26,-88,0.001869,51,2023-10-28 18:19:01.001959,148,1.037,0.0011,"aoml_navis",1025.59525813588
"7901009",15,0.0966502721348465,1,0.147651,1,0.125223,1,168.427474515838,1,4.87482564945895,150,1,23.125,36.4930000305176,0.147651001811028,0.134568005800247,162.417297363281,-87.8921,25.6261,83.439079468389,63,63,63,63,61,63,0.125223,8045,1.29563008188212,26,-88,0.001869,51,2023-10-28 18:19:01.001959,150,1.037,0.0011,"aoml_navis",1025.67770819761
"7901009",15,0.100977896260287,1,0.153258,1,0.13083,1,163.141134377972,1,4.87440859988483,152,1,22.9190006256104,36.5180015563965,0.153257995843887,0.140174999833107,157.319595336914,-87.8921,25.6261,83.439079468389,63,63,63,63,61,63,0.13083,8045,1.29563008188212,26,-88,0.001869,51,2023-10-28 18:19:01.001959,152,1.037,0.0011,"aoml_navis",1025.7654641669
"7901009",15,0.100977896260287,1,0.153258,1,0.13083,1,157.947408796449,1,4.87411126991191,154,1,22.8169994354248,36.5499992370605,0.153257995843887,0.140174999833107,152.31120300293,-87.8921,25.6261,83.439079468389,63,63,63,63,61,63,0.13083,8045,1.29563008188212,26,-88,0.001869,51,2023-10-28 18:19:01.001959,154,1.037,0.0011,"aoml_navis",1025.82803779331
"7901009",15,0.0894375652591117,1,0.138306,1,0.115878,1,153.049122542022,1,4.87372296599431,156,1,22.8889999389648,36.673999786377,0.138306006789207,0.125222995877266,147.587707519531,-87.8921,25.6261,83.439079468389,63,63,63,63,61,63,0.115878,8045,1.29563008188212,26,-88,0.001869,51,2023-10-28 18:19:01.001959,156,1.037,0.0011,"aoml_navis",1025.90976854589
"7901009",15,0.0706845273822012,1,0.114009,1,0.091581,1,149.870273866703,1,4.87324013682663,158,1,23.011999130249,36.8440017700195,0.114009000360966,0.100925996899605,144.52229309082,-87.8921,25.6261,83.439079468389,63,63,63,63,61,63,0.091581,8045,1.29563008188212,26,-88,0.001869,51,2023-10-28 18:19:01.001959,158,1.037,0.0011,"aoml_navis",1026.01141327214
"7901009",15,0.0504889481301437,1,0.087843,1,0.065415,1,148.026479923627,1,4.87288991485877,160,1,23.0459995269775,36.943000793457,0.0878430008888245,0.0747599974274635,142.744293212891,-87.8921,25.6261,83.439079468389,63,63,63,63,61,63,0.065415,8045,1.29563008188212,26,-88,0.001869,51,2023-10-28 18:19:01.001959,160,1.037,0.0011,"aoml_navis",1026.08515426413
"7901009",15,0.040391158504115,1,0.07476,1,0.052332,1,147.197917474657,1,4.87261604051043,162,1,22.8990001678467,36.951000213623,0.0747599974274635,0.0616770014166832,141.945297241211,-87.8921,25.6261,83.439079468389,63,63,63,63,61,63,0.052332,8045,1.29563008188212,26,-88,0.001869,51,2023-10-28 18:19:01.001959,162,1.037,0.0011,"aoml_navis",1026.14282726784
"7901009",15,0.0317359102532332,1,0.063546,1,0.041118,1,146.056699802931,1,4.87234993223735,164,1,22.7439994812012,36.9539985656738,0.0635460019111633,0.0504629984498024,140.844802856445,-87.8921,25.6261,83.439079468389,63,63,63,63,61,63,0.041118,8045,1.29563008188212,26,-88,0.001869,51,2023-10-28 18:19:01.001959,164,1.037,0.0011,"aoml_navis",1026.19887108643
"7901009",15,0.0274082861277923,1,0.057939,1,0.035511,1,145.20397497099,1,4.87197548245213,166,1,22.4699993133545,36.9420013427734,0.0579390004277229,0.0448560006916523,140.022506713867,-87.8921,25.6261,83.439079468389,63,63,63,63,61,63,0.035511,8045,1.29563008188212,26,-88,0.001869,51,2023-10-28 18:19:01.001959,166,1.037,0.0011,"aoml_navis",1026.27774257259
"7901009",15,0.0259657447526453,1,0.05607,1,0.033642,1,143.731113956293,1,4.8717913532104,168,1,22.3309993743896,36.9290008544922,0.0560699999332428,0.0429870001971722,138.602203369141,-87.8921,25.6261,83.439079468389,63,63,63,63,61,63,0.033642,8045,1.29563008188212,26,-88,0.001869,51,2023-10-28 18:19:01.001959,168,1.037,0.0011,"aoml_navis",1026.31653071618
"7901009",15,0.0187530378769105,4,0.046725,1,0.024297,1,141.118997375627,1,4.87155401193343,170,1,22.1389999389648,36.9109992980957,0.0467250011861324,0.0336420014500618,136.083297729492,-87.8921,25.6261,83.439079468389,63,63,63,63,61,63,0.024297,8045,1.29563008188212,26,-88,0.001869,51,2023-10-28 18:19:01.001959,170,1.037,0.0011,"aoml_navis",1026.36653268175
"7901009",15,0.0317359102532332,1,0.063546,1,0.041118,1,137.047311464414,1,4.87134328539188,172,1,21.8560009002686,36.8520011901855,0.0635460019111633,0.0504629984498024,132.15690612793,-87.8921,25.6261,83.439079468389,63,63,63,63,61,63,0.041118,8045,1.29563008188212,26,-88,0.001869,51,2023-10-28 18:19:01.001959,172,1.037,0.0011,"aoml_navis",1026.41093166107
"7901009",15,0.0519314895052907,1,0.089712,1,0.067284,1,132.064187871214,1,4.87112892782436,174,1,21.5300006866455,36.7789993286133,0.0897120013833046,0.0766289979219437,127.351600646973,-87.8921,25.6261,83.439079468389,63,63,63,63,61,63,0.067284,8045,1.29563008188212,26,-88,0.001869,51,2023-10-28 18:19:01.001959,174,1.037,0.0011,"aoml_navis",1026.45609961985
"7901009",15,0.0822248583833769,1,0.128961,1,0.106533,1,129.107065057977,1,4.8708838845642,176,1,21.1089992523193,36.6809997558594,0.128960996866226,0.115878000855446,124.5,-87.8921,25.6261,83.439079468389,63,63,63,63,61,63,0.106533,8045,1.29563008188212,26,-88,0.001869,51,2023-10-28 18:19:01.001959,176,1.037,0.0011,"aoml_navis",1026.50773832753
"7901009",15,0.0865524825088178,1,0.134568,1,0.11214,1,128.808302809843,1,4.8705969991321,178,1,20.9190006256104,36.6800003051758,0.134568005800247,0.121485002338886,124.211898803711,-87.8921,25.6261,83.439079468389,63,63,63,63,61,63,0.11214,8045,1.29563008188212,26,-88,0.001869,51,2023-10-28 18:19:01.001959,178,1.037,0.0011,"aoml_navis",1026.56820116527
"7901009",15,0.0822248583833769,1,0.128961,1,0.106533,1,128.096604329074,1,4.87045070148824,180,1,20.8799991607666,36.6949996948242,0.128960996866226,0.115878000855446,123.525596618652,-87.8921,25.6261,83.439079468389,63,63,63,63,61,63,0.106533,8045,1.29563008188212,26,-88,0.001869,51,2023-10-28 18:19:01.001959,180,1.037,0.0011,"aoml_navis",1026.59903701975
"7901009",15,0.0807823170082299,1,0.127092,1,0.104664,1,127.531644458975,1,4.87027256330786,182,1,20.7390003204346,36.681999206543,0.127092003822327,0.114009000360966,122.980796813965,-87.8921,25.6261,83.439079468389,63,63,63,63,61,63,0.104664,8045,1.29563008188212,26,-88,0.001869,51,2023-10-28 18:19:01.001959,182,1.037,0.0011,"aoml_navis",1026.6365865577
"7901009",15,0.077897234257936,1,0.123354,1,0.100926,1,126.637438496082,1,4.87014400185948,184,1,20.6690006256104,36.6809997558594,0.123354002833366,0.110270999372005,122.118499755859,-87.8921,25.6261,83.439079468389,63,63,63,63,61,63,0.100926,8045,1.29563008188212,26,-88,0.001869,51,2023-10-28 18:19:01.001959,184,1.037,0.0011,"aoml_navis",1026.66368758109
"7901009",15,0.0793397756330829,1,0.125223,1,0.102795,1,125.192474194667,1,4.86996625739527,186,1,20.5330009460449,36.6699981689453,0.125222995877266,0.112139999866486,120.72509765625,-87.8921,25.6261,83.439079468389,63,63,63,63,61,63,0.102795,8045,1.29563008188212,26,-88,0.001869,51,2023-10-28 18:19:01.001959,186,1.037,0.0011,"aoml_navis",1026.70115884422
"7901009",15,0.0851099411336708,1,0.132699,1,0.110271,1,123.354906772678,1,4.86981608244847,188,1,20.386999130249,36.6479988098145,0.132698997855186,0.119616001844406,118.953102111816,-87.8921,25.6261,83.439079468389,63,63,63,63,61,63,0.110271,8045,1.29563008188212,26,-88,0.001869,51,2023-10-28 18:19:01.001959,188,1.037,0.0011,"aoml_navis",1026.73282016147
"7901009",15,0.0865524825088178,1,0.134568,1,0.11214,1,122.598823560908,1,4.86961488075731,190,1,20.2089996337891,36.6290016174316,0.134568005800247,0.121485002338886,118.223999023438,-87.8921,25.6261,83.439079468389,63,63,63,63,61,63,0.11214,8045,1.29563008188212,26,-88,0.001869,51,2023-10-28 18:19:01.001959,190,1.037,0.0011,"aoml_navis",1026.77524248538
"7901009",15,0.0822248583833769,1,0.128961,1,0.106533,1,122.216173380013,1,4.869424273292,192,1,20.0610008239746,36.6180000305176,0.128960996866226,0.115878000855446,117.855003356934,-87.8921,25.6261,83.439079468389,63,63,63,63,61,63,0.106533,8045,1.29563008188212,26,-88,0.001869,51,2023-10-28 18:19:01.001959,192,1.037,0.0011,"aoml_navis",1026.8154343059
"7901009",15,0.077897234257936,1,0.123354,1,0.100926,1,120.479599022412,1,4.86930775629916,194,1,19.9820003509521,36.6110000610352,0.123354002833366,0.110270999372005,116.180397033691,-87.8921,25.6261,83.439079468389,63,63,63,63,61,63,0.100926,8045,1.29563008188212,26,-88,0.001869,51,2023-10-28 18:19:01.001959,194,1.037,0.0011,"aoml_navis",1026.84000483062
"7901009",15,0.0807823170082299,1,0.127092,1,0.104664,1,119.741878905233,1,4.86903751303961,196,1,19.75,36.5929985046387,0.127092003822327,0.114009000360966,115.46900177002,-87.8921,25.6261,83.439079468389,63,63,63,63,61,63,0.104664,8045,1.29563008188212,26,-88,0.001869,51,2023-10-28 18:19:01.001959,196,1.037,0.0011,"aoml_navis",1026.89699691359
"7901009",15,0.0750121515076421,1,0.119616,1,0.097188,1,119.5096937536,1,4.86892084110221,198,1,19.6730003356934,36.5870018005371,0.119616001844406,0.106532998383045,115.245101928711,-87.8921,25.6261,83.439079468389,63,63,63,63,61,63,0.097188,8045,1.29563008188212,26,-88,0.001869,51,2023-10-28 18:19:01.001959,198,1.037,0.0011,"aoml_navis",1026.92160402183
"7901009",15,0.0750121515076421,1,0.119616,1,0.097188,1,119.174949017662,1,4.86882437126286,200,1,19.6089992523193,36.5800018310547,0.119616001844406,0.106532998383045,114.922302246094,-87.8921,25.6261,83.439079468389,63,63,63,63,61,63,0.097188,8045,1.29563008188212,26,-88,0.001869,51,2023-10-28 18:19:01.001959,200,1.037,0.0011,"aoml_navis",1026.94195122571
"7901009",15,0.0721270687573481,1,0.115878,1,0.09345,1,119.793518680498,1,4.86871174398457,202,1,19.5319995880127,36.5730018615723,0.115878000855446,0.102794997394085,115.518798828125,-87.8921,25.6261,83.439079468389,63,63,63,63,61,63,0.09345,8045,1.29563008188212,26,-88,0.001869,51,2023-10-28 18:19:01.001959,202,1.037,0.0011,"aoml_navis",1026.96570734089
"7901009",15,0.0735696101324951,1,0.117747,1,0.095319,1,121.651316362232,1,4.86863888980613,204,1,19.5009994506836,36.5709991455078,0.117747001349926,0.104663997888565,117.310302734375,-87.8921,25.6261,83.439079468389,63,63,63,63,61,63,0.095319,8045,1.29563008188212,26,-88,0.001869,51,2023-10-28 18:19:01.001959,204,1.037,0.0011,"aoml_navis",1026.98107482749
"7901009",15,0.0692419860070542,1,0.11214,1,0.089712,1,125.53354830401,1,4.86856118924658,206,1,19.4689998626709,36.5699996948242,0.112139999866486,0.0990569964051247,121.054000854492,-87.8921,25.6261,83.439079468389,63,63,63,63,61,63,0.089712,8045,1.29563008188212,26,-88,0.001869,51,2023-10-28 18:19:01.001959,206,1.037,0.0011,"aoml_navis",1026.99746509168
"7901009",15,0.0634718205064664,1,0.104664,1,0.082236,1,133.177405977341,1,4.86838643461267,208,1,19.3680000305176,36.5719985961914,0.104663997888565,0.0915810018777847,128.425094604492,-87.8921,25.6261,83.439079468389,63,63,63,63,61,63,0.082236,8045,1.29563008188212,26,-88,0.001869,51,2023-10-28 18:19:01.001959,208,1.037,0.0011,"aoml_navis",1027.03432998901
"7901009",15,0.038948617128968,1,0.072891,1,0.050463,1,141.146166210966,1,4.86818588652039,210,1,19.306999206543,36.5950012207031,0.0728909969329834,0.0598080009222031,136.109497070312,-87.8921,25.6261,83.439079468389,63,63,63,63,61,63,0.050463,8045,1.29563008188212,26,-88,0.001869,51,2023-10-28 18:19:01.001959,210,1.037,0.0011,"aoml_navis",1027.07663933799
"7901009",15,0.0317359102532332,1,0.063546,1,0.041118,1,144.91059269025,1,4.86805616864917,212,1,19.2649993896484,36.6049995422363,0.0635460019111633,0.0504629984498024,139.739593505859,-87.8921,25.6261,83.439079468389,63,63,63,63,61,63,0.041118,8045,1.29563008188212,26,-88,0.001869,51,2023-10-28 18:19:01.001959,212,1.037,0.0011,"aoml_navis",1027.10400759148
"7901009",15,0.0259657447526453,1,0.05607,1,0.033642,1,146.881211452922,1,4.86793928143495,214,1,19.242000579834,36.6180000305176,0.0560699999332428,0.0429870001971722,141.639892578125,-87.8921,25.6261,83.439079468389,63,63,63,63,61,63,0.033642,8045,1.29563008188212,26,-88,0.001869,51,2023-10-28 18:19:01.001959,214,1.037,0.0011,"aoml_navis",1027.12867004498
"7901009",15,0.0216381206272044,1,0.050463,1,0.028035,1,147.521158574433,1,4.86785362885725,216,1,19.2150001525879,36.6209983825684,0.0504629984498024,0.0373799987137318,142.25700378418,-87.8921,25.6261,83.439079468389,63,63,63,63,61,63,0.028035,8045,1.29563008188212,26,-88,0.001869,51,2023-10-28 18:19:01.001959,216,1.037,0.0011,"aoml_navis",1027.14674294218
"7901009",15,0.0158679551266166,1,0.042987,1,0.020559,1,147.926206825464,1,4.86777107408772,218,1,19.1730003356934,36.6180000305176,0.0429870001971722,0.0299040004611015,142.647598266602,-87.8921,25.6261,83.439079468389,63,63,63,63,61,63,0.020559,8045,1.29563008188212,26,-88,0.001869,51,2023-10-28 18:19:01.001959,218,1.037,0.0011,"aoml_navis",1027.16416279643
"7901009",15,0.0100977896260287,1,0.035511,1,0.013083,1,147.820221467803,1,4.86767683546877,220,1,19.1040000915527,36.609001159668,0.0355109982192516,0.0224280003458261,142.545394897461,-87.8921,25.6261,83.439079468389,63,63,63,63,61,63,0.013083,8045,1.29563008188212,26,-88,0.001869,51,2023-10-28 18:19:01.001959,220,1.037,0.0011,"aoml_navis",1027.18404877806
"7901009",15,0.00577016550058785,1,0.029904,1,0.007476,1,147.189420290862,1,4.86754670459496,222,1,18.9969997406006,36.5970001220703,0.0299040004611015,0.0168210007250309,141.937103271484,-87.8921,25.6261,83.439079468389,63,63,63,63,61,63,0.007476,8045,1.29563008188212,26,-88,0.001869,51,2023-10-28 18:19:01.001959,222,1.037,0.0011,"aoml_navis",1027.2115099132
"7901009",15,0.00288508275029393,1,0.026166,1,0.003738,1,145.697064806079,1,4.86741666556046,224,1,18.875,36.5800018310547,0.0261659994721413,0.0130829997360706,140.498001098633,-87.8921,25.6261,83.439079468389,63,63,63,63,61,63,0.003738,8045,1.29563008188212,26,-88,0.001869,51,2023-10-28 18:19:01.001959,224,1.037,0.0011,"aoml_navis",1027.23895313455
"7901009",15,0,1,0.022428,1,0,1,143.810436828487,1,4.86732569908561,226,1,18.8080005645752,36.5709991455078,0.0224280003458261,0.00934499967843294,138.678695678711,-87.8921,25.6261,83.439079468389,63,63,63,63,61,63,0,8045,1.29563008188212,26,-88,0.001869,51,2023-10-28 18:19:01.001959,226,1.037,0.0011,"aoml_navis",1027.25815141964
"7901009",15,0.00432762412544089,1,0.028035,1,0.005607,1,138.97126692166,1,4.86727019780565,228,1,18.757999420166,36.5579986572266,0.0280349999666214,0.0149520002305508,134.01220703125,-87.8921,25.6261,83.439079468389,63,63,63,63,61,63,0.005607,8045,1.29563008188212,26,-88,0.001869,51,2023-10-28 18:19:01.001959,228,1.037,0.0011,"aoml_navis",1027.26986520169
"7901009",15,0.00432762412544089,1,0.028035,1,0.005607,1,132.636197080943,1,4.867219210487,230,1,18.681999206543,36.5349998474121,0.0280349999666214,0.0149520002305508,127.903198242188,-87.8921,25.6261,83.439079468389,63,63,63,63,61,63,0.005607,8045,1.29563008188212,26,-88,0.001869,51,2023-10-28 18:19:01.001959,230,1.037,0.0011,"aoml_navis",1027.28062652837
"7901009",15,0.00721270687573481,1,0.031773,1,0.009345,1,129.375232697415,1,4.86709479651888,232,1,18.4650001525879,36.4850006103516,0.0317730009555817,0.0186899993568659,124.758598327637,-87.8921,25.6261,83.439079468389,63,63,63,63,61,63,0.009345,8045,1.29563008188212,26,-88,0.001869,51,2023-10-28 18:19:01.001959,232,1.037,0.0011,"aoml_navis",1027.30688614822
"7901009",15,0.00144254137514696,1,0.024297,1,0.001869,1,128.724929138671,1,4.86698549038586,234,1,18.3400001525879,36.4620018005371,0.0242970008403063,0.0112140001729131,124.131500244141,-87.8921,25.6261,83.439079468389,63,63,63,63,61,63,0.001869,8045,1.29563008188212,26,-88,0.001869,51,2023-10-28 18:19:01.001959,234,1.037,0.0011,"aoml_navis",1027.3299581182
"7901009",15,0.00144254137514696,1,0.024297,1,0.001869,1,129.100949300924,1,4.86679411145617,236,1,18.125,36.431999206543,0.0242970008403063,0.0112140001729131,124.494102478027,-87.8921,25.6261,83.439079468389,63,63,63,63,61,63,0.001869,8045,1.29563008188212,26,-88,0.001869,51,2023-10-28 18:19:01.001959,236,1.037,0.0011,"aoml_navis",1027.37035623313
"7901009",15,0,1,0.022428,1,0,1,131.341397163553,1,4.86663505964598,238,1,17.9689998626709,36.4129981994629,0.0224280003458261,0.00934499967843294,126.654602050781,-87.8921,25.6261,83.439079468389,63,63,63,63,61,63,0,8045,1.29563008188212,26,-88,0.001869,51,2023-10-28 18:19:01.001959,238,1.037,0.0011,"aoml_navis",1027.40393284466
"7901009",15,-0.00288508275029393,1,0.01869,1,-0.003738,1,134.510071371124,1,4.86653780042972,239.899993896484,1,17.8959999084473,36.4049987792969,0.0186899993568659,0.00560700008645654,129.710205078125,-87.8921,25.6261,83.439079468389,63,63,63,63,61,63,-0.003738,8045,1.29563008188212,26,-88,0.001869,51,2023-10-28 18:19:01.001959,239.899993896484,1.037,0.0011,"aoml_navis",1027.42446582014
"7901009",15,0.00144254137514696,1,0.024297,1,0.001869,1,141.596532775574,1,4.86644347873539,242,1,17.8409996032715,36.4010009765625,0.0242970008403063,0.0112140001729131,136.543792724609,-87.8921,25.6261,83.439079468389,63,63,63,63,61,63,0.001869,8045,1.29563008188212,26,-88,0.001869,51,2023-10-28 18:19:01.001959,242,1.037,0.0011,"aoml_navis",1027.44437942169
"7901009",15,-0.00144254137514696,1,0.020559,1,-0.001869,1,148.667772036986,1,4.86634697621606,244,1,17.8799991607666,36.4290008544922,0.020558999851346,0.00747600011527538,143.362701416016,-87.8921,25.6261,83.439079468389,63,63,63,63,61,63,-0.001869,8045,1.29563008188212,26,-88,0.001869,51,2023-10-28 18:19:01.001959,244,1.037,0.0011,"aoml_navis",1027.46475424732
"7901009",15,0,1,0.013083,1,-0.009345,1,149.317656274743,1,4.86626597807405,246,1,17.8680000305176,36.4360008239746,0.0130829997360706,0,143.989395141602,-87.8921,25.6261,83.439079468389,63,63,63,63,61,63,0,8045,1.29563008188212,26,-88,0.001869,51,2023-10-28 18:19:01.001959,246,1.037,0.0011,"aoml_navis",1027.48185621758
"7901009",15,0,1,0.011214,1,-0.011214,1,149.402691406434,1,4.86618352436744,248,1,17.8090000152588,36.4280014038086,0.0112140001729131,0,144.071395874023,-87.8921,25.6261,83.439079468389,63,63,63,63,61,63,0,8045,1.29563008188212,26,-88,0.001869,51,2023-10-28 18:19:01.001959,248,1.037,0.0011,"aoml_navis",1027.49926610093
"7901009",15,0,1,0.014952,1,-0.007476,1,149.210531629869,1,4.86611647278122,250,1,17.7689990997314,36.4220008850098,0.0149520002305508,0,143.886093139648,-87.8921,25.6261,83.439079468389,63,63,63,63,61,63,0,8045,1.29563008188212,26,-88,0.001869,51,2023-10-28 18:19:01.001959,250,1.037,0.0011,"aoml_navis",1027.51342430204
"7901009",15,0,1,0.020559,1,-0.001869,1,148.863761084461,1,4.86605303587496,252,1,17.7320003509521,36.4160003662109,0.020558999851346,0,143.551696777344,-87.8921,25.6261,83.439079468389,63,63,63,63,61,63,0,8045,1.29563008188212,26,-88,0.001869,51,2023-10-28 18:19:01.001959,252,1.037,0.0011,"aoml_navis",1027.52681960873
"7901009",15,0,1,0.016821,1,-0.005607,1,148.68820008965,1,4.86597004243914,254,1,17.6599998474121,36.4039993286133,0.0168210007250309,0,143.382400512695,-87.8921,25.6261,83.439079468389,63,63,63,63,61,63,0,8045,1.29563008188212,26,-88,0.001869,51,2023-10-28 18:19:01.001959,254,1.037,0.0011,"aoml_navis",1027.54434499019
"7901009",15,0,1,0.014952,1,-0.007476,1,148.351904657227,1,4.86591493186148,256,1,17.632999420166,36.398998260498,0.0149520002305508,0,143.05810546875,-87.8921,25.6261,83.439079468389,63,63,63,63,61,63,0,8045,1.29563008188212,26,-88,0.001869,51,2023-10-28 18:19:01.001959,256,1.037,0.0011,"aoml_navis",1027.55598279381
"7901009",15,0,1,0.016821,1,-0.005607,1,147.978883035624,1,4.86585657603071,258,1,17.5939998626709,36.390998840332,0.0168210007250309,0,142.698394775391,-87.8921,25.6261,83.439079468389,63,63,63,63,61,63,0,8045,1.29563008188212,26,-88,0.001869,51,2023-10-28 18:19:01.001959,258,1.037,0.0011,"aoml_navis",1027.56830619096
"7901009",15,0,1,0.01869,1,-0.003738,1,147.838782355312,1,4.86574255245082,260,1,17.4860000610352,36.3759994506836,0.0186899993568659,0,142.563293457031,-87.8921,25.6261,83.439079468389,63,63,63,63,61,63,0,8045,1.29563008188212,26,-88,0.001869,51,2023-10-28 18:19:01.001959,260,1.037,0.0011,"aoml_navis",1027.59238617784
"7901009",15,0,1,0.014952,1,-0.007476,1,147.553928905236,1,4.86566482104817,262,1,17.4209995269775,36.3650016784668,0.0149520002305508,0,142.288604736328,-87.8921,25.6261,83.439079468389,63,63,63,63,61,63,0,8045,1.29563008188212,26,-88,0.001869,51,2023-10-28 18:19:01.001959,262,1.037,0.0011,"aoml_navis",1027.60880247458
"7901009",15,0,1,0.016821,1,-0.005607,1,147.126268967717,1,4.86558832358846,264,1,17.3600006103516,36.3549995422363,0.0168210007250309,0,141.876205444336,-87.8921,25.6261,83.439079468389,63,63,63,63,61,63,0,8045,1.29563008188212,26,-88,0.001869,51,2023-10-28 18:19:01.001959,264,1.037,0.0011,"aoml_navis",1027.62495868381
"7901009",15,0,1,0.011214,1,-0.011214,1,146.51774718516,1,4.86552534319509,266,1,17.326000213623,36.3499984741211,0.0112140001729131,0,141.289398193359,-87.8921,25.6261,83.439079468389,63,63,63,63,61,63,0,8045,1.29563008188212,26,-88,0.001869,51,2023-10-28 18:19:01.001959,266,1.037,0.0011,"aoml_navis",1027.63826047952
"7901009",15,0,1,0.013083,1,-0.009345,1,145.577502942465,1,4.86547522429017,268,1,17.30299949646,36.3450012207031,0.0130829997360706,0,140.382705688477,-87.8921,25.6261,83.439079468389,63,63,63,63,61,63,0,8045,1.29563008188212,26,-88,0.001869,51,2023-10-28 18:19:01.001959,268,1.037,0.0011,"aoml_navis",1027.64884610618
"7901009",15,0,1,0.016821,1,-0.005607,1,144.111477651046,1,4.86542293551576,270,1,17.2749996185303,36.3390007019043,0.0168210007250309,0,138.968994140625,-87.8921,25.6261,83.439079468389,63,63,63,63,61,63,0,8045,1.29563008188212,26,-88,0.001869,51,2023-10-28 18:19:01.001959,270,1.037,0.0011,"aoml_navis",1027.65989026399
"7901009",15,0,1,0.014952,1,-0.007476,1,142.939151109036,1,4.86535300338203,272,1,17.2099990844727,36.326000213623,0.0149520002305508,0,137.838500976562,-87.8921,25.6261,83.439079468389,63,63,63,63,61,63,0,8045,1.29563008188212,26,-88,0.001869,51,2023-10-28 18:19:01.001959,272,1.037,0.0011,"aoml_navis",1027.67466132969
"7901009",15,0,1,0.020559,1,-0.001869,1,142.085286989882,1,4.86528701384311,274,1,17.1669998168945,36.3190002441406,0.020558999851346,0,137.015106201172,-87.8921,25.6261,83.439079468389,63,63,63,63,61,63,0,8045,1.29563008188212,26,-88,0.001869,51,2023-10-28 18:19:01.001959,274,1.037,0.0011,"aoml_navis",1027.68860002988
"7901009",15,0,1,0.013083,1,-0.009345,1,141.201026054951,1,4.86523385412352,276,1,17.1350002288818,36.3120002746582,0.0130829997360706,0,136.162399291992,-87.8921,25.6261,83.439079468389,63,63,63,63,61,63,0,8045,1.29563008188212,26,-88,0.001869,51,2023-10-28 18:19:01.001959,276,1.037,0.0011,"aoml_navis",1027.69982901485
"7901009",15,0,1,0.014952,1,-0.007476,1,140.427323449966,1,4.86516929614943,278,1,17.0900001525879,36.3040008544922,0.0149520002305508,0,135.416305541992,-87.8921,25.6261,83.439079468389,63,63,63,63,61,63,0,8045,1.29563008188212,26,-88,0.001869,51,2023-10-28 18:19:01.001959,278,1.037,0.0011,"aoml_navis",1027.71346599537
"7901009",15,0,1,0.016821,1,-0.005607,1,140.786325509478,1,4.86508565130949,280,1,17.0189990997314,36.2929992675781,0.0168210007250309,0,135.762496948242,-87.8921,25.6261,83.439079468389,63,63,63,63,61,63,0,8045,1.29563008188212,26,-88,0.001869,51,2023-10-28 18:19:01.001959,280,1.037,0.0011,"aoml_navis",1027.73113535097
"7901009",15,0,1,0.022428,1,0,1,142.190433705566,1,4.86501668314008,282,1,16.9699993133545,36.2849998474121,0.0224280003458261,0,137.116500854492,-87.8921,25.6261,83.439079468389,63,63,63,63,61,63,0,8045,1.29563008188212,26,-88,0.001869,51,2023-10-28 18:19:01.001959,282,1.037,0.0011,"aoml_navis",1027.74570482517
"7901009",15,0,1,0.013083,1,-0.009345,1,143.71068590363,1,4.86495996870745,284,1,16.9409999847412,36.2799987792969,0.0130829997360706,0,138.582504272461,-87.8921,25.6261,83.439079468389,63,63,63,63,61,63,0,8045,1.29563008188212,26,-88,0.001869,51,2023-10-28 18:19:01.001959,284,1.037,0.0011,"aoml_navis",1027.75768601616
"7901009",15,0,1,0.020559,1,-0.001869,1,144.276468592272,1,4.86490194635522,286,1,16.9139995574951,36.2760009765625,0.020558999851346,0,139.12809753418,-87.8921,25.6261,83.439079468389,63,63,63,63,61,63,0,8045,1.29563008188212,26,-88,0.001869,51,2023-10-28 18:19:01.001959,286,1.037,0.0011,"aoml_navis",1027.76994380041
"7901009",15,0,1,0.016821,1,-0.005607,1,143.72073378391,1,4.8648395399538,288,1,16.8799991607666,36.2709999084473,0.0168210007250309,0,138.592193603516,-87.8921,25.6261,83.439079468389,63,63,63,63,61,63,0,8045,1.29563008188212,26,-88,0.001869,51,2023-10-28 18:19:01.001959,288,1.037,0.0011,"aoml_navis",1027.78312808391
"7901009",15,0,1,0.020559,1,-0.001869,1,142.887503422054,1,4.86475189173515,290,1,16.8050003051758,36.2599983215332,0.020558999851346,0,137.788696289062,-87.8921,25.6261,83.439079468389,63,63,63,63,61,63,0,8045,1.29563008188212,26,-88,0.001869,51,2023-10-28 18:19:01.001959,290,1.037,0.0011,"aoml_navis",1027.80164564911
"7901009",15,0,1,0.016821,1,-0.005607,1,142.249439289131,1,4.86466221950315,292,1,16.7089996337891,36.2430000305176,0.0168210007250309,0,137.173400878906,-87.8921,25.6261,83.439079468389,63,63,63,63,61,63,0,8045,1.29563008188212,26,-88,0.001869,51,2023-10-28 18:19:01.001959,292,1.037,0.0011,"aoml_navis",1027.82059152108
"7901009",15,0,1,0.01869,1,-0.003738,1,141.359276213501,1,4.86461606980188,294,1,16.6889991760254,36.2379989624023,0.0186899993568659,0,136.315002441406,-87.8921,25.6261,83.439079468389,63,63,63,63,61,63,0,8045,1.29563008188212,26,-88,0.001869,51,2023-10-28 18:19:01.001959,294,1.037,0.0011,"aoml_navis",1027.83034226247
"7901009",15,0,1,0.020559,1,-0.001869,1,139.992289792431,1,4.86455322895797,296,1,16.6480007171631,36.2309989929199,0.020558999851346,0,134.996795654297,-87.8921,25.6261,83.439079468389,63,63,63,63,61,63,0,8045,1.29563008188212,26,-88,0.001869,51,2023-10-28 18:19:01.001959,296,1.037,0.0011,"aoml_navis",1027.84361989005
"7901009",15,0,1,0.016821,1,-0.005607,1,139.086050108353,1,4.86445804232415,298,1,16.55299949646,36.2159996032715,0.0168210007250309,0,134.122894287109,-87.8921,25.6261,83.439079468389,63,63,63,63,61,63,0,8045,1.29563008188212,26,-88,0.001869,51,2023-10-28 18:19:01.001959,298,1.037,0.0011,"aoml_navis",1027.86373250556
"7901009",15,0,1,0.014952,1,-0.007476,1,138.497244323952,1,4.86437229122718,300,1,16.4659996032715,36.201000213623,0.0149520002305508,0,133.555099487305,-87.8921,25.6261,83.439079468389,63,63,63,63,61,63,0,8045,1.29563008188212,26,-88,0.001869,51,2023-10-28 18:19:01.001959,300,1.037,0.0011,"aoml_navis",1027.88185209784
"7901009",15,0,1,0.016821,1,-0.005607,1,138.145188751751,1,4.86428072059861,302,1,16.3799991607666,36.1879997253418,0.0168210007250309,0,133.215606689453,-87.8921,25.6261,83.439079468389,63,63,63,63,61,63,0,8045,1.29563008188212,26,-88,0.001869,51,2023-10-28 18:19:01.001959,302,1.037,0.0011,"aoml_navis",1027.90120208866
"7901009",15,0,1,0.011214,1,-0.011214,1,137.679251928568,1,4.86422789278851,304,1,16.3409996032715,36.1790008544922,0.0112140001729131,0,132.766296386719,-87.8921,25.6261,83.439079468389,63,63,63,63,61,63,0,8045,1.29563008188212,26,-88,0.001869,51,2023-10-28 18:19:01.001959,304,1.037,0.0011,"aoml_navis",1027.91236558073
"7901009",15,0,1,0.013083,1,-0.009345,1,137.091791136015,1,4.86413762738678,306,1,16.2590007781982,36.1669998168945,0.0130829997360706,0,132.199798583984,-87.8921,25.6261,83.439079468389,63,63,63,63,61,63,0,8045,1.29563008188212,26,-88,0.001869,51,2023-10-28 18:19:01.001959,306,1.037,0.0011,"aoml_navis",1027.93144088857
"7901009",15,0,1,0.014952,1,-0.007476,1,136.518539786756,1,4.86403808002289,308,1,16.1620006561279,36.1529998779297,0.0149520002305508,0,131.647003173828,-87.8921,25.6261,83.439079468389,63,63,63,63,61,63,0,8045,1.29563008188212,26,-88,0.001869,51,2023-10-28 18:19:01.001959,308,1.037,0.0011,"aoml_navis",1027.9524785251
"7901009",15,0,1,0.016821,1,-0.005607,1,136.034675013403,1,4.86397691056239,310,1,16.1119995117188,36.1430015563965,0.0168210007250309,0,131.180404663086,-87.8921,25.6261,83.439079468389,63,63,63,63,61,63,0,8045,1.29563008188212,26,-88,0.001869,51,2023-10-28 18:19:01.001959,310,1.037,0.0011,"aoml_navis",1027.96540607383
"7901009",15,0,1,0.016821,1,-0.005607,1,135.673900729338,1,4.86391194478573,312,1,16.0650005340576,36.1349983215332,0.0168210007250309,0,130.832504272461,-87.8921,25.6261,83.439079468389,63,63,63,63,61,63,0,8045,1.29563008188212,26,-88,0.001869,51,2023-10-28 18:19:01.001959,312,1.037,0.0011,"aoml_navis",1027.97913629176
"7901009",15,0,1,0.01869,1,-0.003738,1,135.537629319936,1,4.8638334278484,314,1,15.996000289917,36.1240005493164,0.0186899993568659,0,130.701095581055,-87.8921,25.6261,83.439079468389,63,63,63,63,61,63,0,8045,1.29563008188212,26,-88,0.001869,51,2023-10-28 18:19:01.001959,314,1.037,0.0011,"aoml_navis",1027.99573097466
"7901009",15,0,1,0.01869,1,-0.003738,1,135.411010204976,1,4.86377149164745,316,1,15.9449996948242,36.1139984130859,0.0186899993568659,0,130.578994750977,-87.8921,25.6261,83.439079468389,63,63,63,63,61,63,0,8045,1.29563008188212,26,-88,0.001869,51,2023-10-28 18:19:01.001959,316,1.037,0.0011,"aoml_navis",1028.00882166987
"7901009",15,0,1,0.020559,1,-0.001869,1,135.004711902698,1,4.86371207118712,318,1,15.9060001373291,36.1069984436035,0.020558999851346,0,130.187194824219,-87.8921,25.6261,83.439079468389,63,63,63,63,61,63,0,8045,1.29563008188212,26,-88,0.001869,51,2023-10-28 18:19:01.001959,318,1.037,0.0011,"aoml_navis",1028.0213809572
"7901009",15,0,1,0.01869,1,-0.003738,1,134.63482332093,1,4.86363337645044,320,1,15.8430004119873,36.0979995727539,0.0186899993568659,0,129.830505371094,-87.8921,25.6261,83.439079468389,63,63,63,63,61,63,0,8045,1.29563008188212,26,-88,0.001869,51,2023-10-28 18:19:01.001959,320,1.037,0.0011,"aoml_navis",1028.03801458593
"7901009",15,0,1,0.020559,1,-0.001869,1,134.379195752549,1,4.86357473937542,322,1,15.7980003356934,36.0890007019043,0.020558999851346,0,129.583999633789,-87.8921,25.6261,83.439079468389,63,63,63,63,61,63,0,8045,1.29563008188212,26,-88,0.001869,51,2023-10-28 18:19:01.001959,322,1.037,0.0011,"aoml_navis",1028.05040899651
"7901009",15,0,1,0.020559,1,-0.001869,1,134.036048773416,1,4.86350970107349,324,1,15.7569999694824,36.0830001831055,0.020558999851346,0,129.25309753418,-87.8921,25.6261,83.439079468389,63,63,63,63,61,63,0,8045,1.29563008188212,26,-88,0.001869,51,2023-10-28 18:19:01.001959,324,1.037,0.0011,"aoml_navis",1028.06415681589
"7901009",15,0,1,0.020559,1,-0.001869,1,133.659830818244,1,4.86344868623675,326,1,15.7130002975464,36.0750007629395,0.020558999851346,0,128.89030456543,-87.8921,25.6261,83.439079468389,63,63,63,63,61,63,0,8045,1.29563008188212,26,-88,0.001869,51,2023-10-28 18:19:01.001959,326,1.037,0.0011,"aoml_navis",1028.07705448804
"7901009",15,0,1,0.022428,1,0,1,133.450866555289,1,4.8633789430079,328,1,15.66100025177,36.0670013427734,0.0224280003458261,0,128.68879699707,-87.8921,25.6261,83.439079468389,63,63,63,63,61,63,0,8045,1.29563008188212,26,-88,0.001869,51,2023-10-28 18:19:01.001959,328,1.037,0.0011,"aoml_navis",1028.09179761501
"7901009",15,0,1,0.01869,1,-0.003738,1,133.065107069709,1,4.86331775650315,330,1,15.6199998855591,36.060001373291,0.0186899993568659,0,128.316802978516,-87.8921,25.6261,83.439079468389,63,63,63,63,61,63,0,8045,1.29563008188212,26,-88,0.001869,51,2023-10-28 18:19:01.001959,330,1.037,0.0011,"aoml_navis",1028.10473227132
"7901009",15,0,1,0.020559,1,-0.001869,1,132.842772005437,1,4.86325041120634,332,1,15.5699996948242,36.0519981384277,0.020558999851346,0,128.102401733398,-87.8921,25.6261,83.439079468389,63,63,63,63,61,63,0,8045,1.29563008188212,26,-88,0.001869,51,2023-10-28 18:19:01.001959,332,1.037,0.0011,"aoml_navis",1028.11896925532
"7901009",15,0,1,0.01869,1,-0.003738,1,132.729317987159,1,4.86317545063632,334,1,15.5030002593994,36.0410003662109,0.0186899993568659,0,127.99299621582,-87.8921,25.6261,83.439079468389,63,63,63,63,61,63,0,8045,1.29563008188212,26,-88,0.001869,51,2023-10-28 18:19:01.001959,334,1.037,0.0011,"aoml_navis",1028.13481659309
"7901009",15,0,1,0.014952,1,-0.007476,1,132.664505203495,1,4.86309558589809,336,1,15.4379997253418,36.0320014953613,0.0149520002305508,0,127.93049621582,-87.8921,25.6261,83.439079468389,63,63,63,63,61,63,0,8045,1.29563008188212,26,-88,0.001869,51,2023-10-28 18:19:01.001959,336,1.037,0.0011,"aoml_navis",1028.1517012536
"7901009",15,0,1,0.01869,1,-0.003738,1,132.390736068594,1,4.86304057051576,338,1,15.4090003967285,36.0270004272461,0.0186899993568659,0,127.666496276855,-87.8921,25.6261,83.439079468389,63,63,63,63,61,63,0,8045,1.29563008188212,26,-88,0.001869,51,2023-10-28 18:19:01.001959,338,1.037,0.0011,"aoml_navis",1028.16333269243
"7901009",15,0,1,0.020559,1,-0.001869,1,132.149737264495,1,4.86297982477275,340,1,15.3579998016357,36.0169982910156,0.020558999851346,0,127.434097290039,-87.8921,25.6261,83.439079468389,63,63,63,63,61,63,0,8045,1.29563008188212,26,-88,0.001869,51,2023-10-28 18:19:01.001959,340,1.037,0.0011,"aoml_navis",1028.17617595887
"7901009",15,0,1,0.020559,1,-0.001869,1,131.836670632467,1,4.86290864372536,342,1,15.3039999008179,36.0089988708496,0.020558999851346,0,127.132202148438,-87.8921,25.6261,83.439079468389,63,63,63,63,61,63,0,8045,1.29563008188212,26,-88,0.001869,51,2023-10-28 18:19:01.001959,342,1.037,0.0011,"aoml_navis",1028.19122593461
"7901009",15,0,1,0.01869,1,-0.003738,1,131.578970194297,1,4.86282111746943,344,1,15.2180004119873,35.9959983825684,0.0186899993568659,0,126.883697509766,-87.8921,25.6261,83.439079468389,63,63,63,63,61,63,0,8045,1.29563008188212,26,-88,0.001869,51,2023-10-28 18:19:01.001959,344,1.037,0.0011,"aoml_navis",1028.20973242009
"7901009",15,0,1,0.014952,1,-0.007476,1,131.025941193065,1,4.86277930845726,346,1,15.201000213623,35.9910011291504,0.0149520002305508,0,126.350402832031,-87.8921,25.6261,83.439079468389,63,63,63,63,61,63,0,8045,1.29563008188212,26,-88,0.001869,51,2023-10-28 18:19:01.001959,346,1.037,0.0011,"aoml_navis",1028.21857272118
"7901009",15,0,1,0.022428,1,0,1,130.103624900539,1,4.86272848455103,348,1,15.1789999008179,35.9869995117188,0.0224280003458261,0,125.460998535156,-87.8921,25.6261,83.439079468389,63,63,63,63,61,63,0,8045,1.29563008188212,26,-88,0.001869,51,2023-10-28 18:19:01.001959,348,1.037,0.0011,"aoml_navis",1028.22931938007
"7901009",15,0,1,0.016821,1,-0.005607,1,129.245923598758,1,4.86266347930554,350,1,15.1269998550415,35.9780006408691,0.0168210007250309,0,124.633903503418,-87.8921,25.6261,83.439079468389,63,63,63,63,61,63,0,8045,1.29563008188212,26,-88,0.001869,51,2023-10-28 18:19:01.001959,350,1.037,0.0011,"aoml_navis",1028.24306499492
"7901009",15,0,1,0.022428,1,0,1,128.52136857826,1,4.86260638510033,352,1,15.08899974823,35.9710006713867,0.0224280003458261,0,123.935203552246,-87.8921,25.6261,83.439079468389,63,63,63,63,61,63,0,8045,1.29563008188212,26,-88,0.001869,51,2023-10-28 18:19:01.001959,352,1.037,0.0011,"aoml_navis",1028.25513809233
"7901009",15,0,1,0.020559,1,-0.001869,1,127.982224639935,1,4.86252825854644,354,1,15.0279998779297,35.9630012512207,0.020558999851346,0,123.415298461914,-87.8921,25.6261,83.439079468389,63,63,63,63,61,63,0,8045,1.29563008188212,26,-88,0.001869,51,2023-10-28 18:19:01.001959,354,1.037,0.0011,"aoml_navis",1028.27165913369
"7901009",15,0,1,0.01869,1,-0.003738,1,127.69010032216,1,4.86245305232929,356,1,14.956000328064,35.951000213623,0.0186899993568659,0,123.133598327637,-87.8921,25.6261,83.439079468389,63,63,63,63,61,63,0,8045,1.29563008188212,26,-88,0.001869,51,2023-10-28 18:19:01.001959,356,1.037,0.0011,"aoml_navis",1028.28756312718
"7901009",15,0,1,0.01869,1,-0.003738,1,127.705449052666,1,4.86236333884906,358,1,14.8599996566772,35.9360008239746,0.0186899993568659,0,123.148399353027,-87.8921,25.6261,83.439079468389,63,63,63,63,61,63,0,8045,1.29563008188212,26,-88,0.001869,51,2023-10-28 18:19:01.001959,358,1.037,0.0011,"aoml_navis",1028.30653564107
"7901009",15,0,1,0.020559,1,-0.001869,1,127.871262812435,1,4.86230478765887,360,1,14.8100004196167,35.9259986877441,0.020558999851346,0,123.308296203613,-87.8921,25.6261,83.439079468389,63,63,63,63,61,63,0,8045,1.29563008188212,26,-88,0.001869,51,2023-10-28 18:19:01.001959,360,1.037,0.0011,"aoml_navis",1028.3189183637
"7901009",15,0,1,0.020559,1,-0.001869,1,127.991141144719,1,4.86222339110928,362,1,14.7349996566772,35.9150009155273,0.020558999851346,0,123.423896789551,-87.8921,25.6261,83.439079468389,63,63,63,63,61,63,0,8045,1.29563008188212,26,-88,0.001869,51,2023-10-28 18:19:01.001959,362,1.037,0.0011,"aoml_navis",1028.33613304207
"7901009",15,0,1,0.01869,1,-0.003738,1,127.523352979815,1,4.86216675662777,364,1,14.6899995803833,35.9059982299805,0.0186899993568659,0,122.972801208496,-87.8921,25.6261,83.439079468389,63,63,63,63,61,63,0,8045,1.29563008188212,26,-88,0.001869,51,2023-10-28 18:19:01.001959,364,1.037,0.0011,"aoml_navis",1028.34811109355
"7901009",15,0,1,0.016821,1,-0.005607,1,126.757111123731,1,4.86209055181834,366,1,14.6230001449585,35.8959999084473,0.0168210007250309,0,122.233901977539,-87.8921,25.6261,83.439079468389,63,63,63,63,61,63,0,8045,1.29563008188212,26,-88,0.001869,51,2023-10-28 18:19:01.001959,366,1.037,0.0011,"aoml_navis",1028.36422866088
"7901009",15,0,1,0.01869,1,-0.003738,1,126.380054526582,1,4.86200743648009,368,1,14.5319995880127,35.8810005187988,0.0186899993568659,0,121.870300292969,-87.8921,25.6261,83.439079468389,63,63,63,63,61,63,0,8045,1.29563008188212,26,-88,0.001869,51,2023-10-28 18:19:01.001959,368,1.037,0.0011,"aoml_navis",1028.38180840378
"7901009",15,0,1,0.022428,1,0,1,126.293357934372,1,4.8619226428858,370,1,14.4460000991821,35.8680000305176,0.0224280003458261,0,121.786697387695,-87.8921,25.6261,83.439079468389,63,63,63,63,61,63,0,8045,1.29563008188212,26,-88,0.001869,51,2023-10-28 18:19:01.001959,370,1.037,0.0011,"aoml_navis",1028.39974373435
"7901009",15,0,1,0.020559,1,-0.001869,1,126.627794113357,1,4.86184871170802,372,1,14.3839998245239,35.859001159668,0.020558999851346,0,122.109199523926,-87.8921,25.6261,83.439079468389,63,63,63,63,61,63,0,8045,1.29563008188212,26,-88,0.001869,51,2023-10-28 18:19:01.001959,372,1.037,0.0011,"aoml_navis",1028.41538198408
"7901009",15,0,1,0.020559,1,-0.001869,1,127.189644678771,1,4.86177650218459,374,1,14.3199996948242,35.8489990234375,0.020558999851346,0,122.651000976562,-87.8921,25.6261,83.439079468389,63,63,63,63,61,63,0,8045,1.29563008188212,26,-88,0.001869,51,2023-10-28 18:19:01.001959,374,1.037,0.0011,"aoml_navis",1028.43065652099
"7901009",15,0,1,0.022428,1,0,1,127.607660233565,1,4.8617279381492,376,1,14.2889995574951,35.8419990539551,0.0224280003458261,0,123.054100036621,-87.8921,25.6261,83.439079468389,63,63,63,63,61,63,0,8045,1.29563008188212,26,-88,0.001869,51,2023-10-28 18:19:01.001959,376,1.037,0.0011,"aoml_navis",1028.44092956453
"7901009",15,0,1,0.014952,1,-0.007476,1,128.028579388408,1,4.86167889825025,378,1,14.2609996795654,35.8359985351562,0.0149520002305508,0,123.459999084473,-87.8921,25.6261,83.439079468389,63,63,63,63,61,63,0,8045,1.29563008188212,26,-88,0.001869,51,2023-10-28 18:19:01.001959,378,1.037,0.0011,"aoml_navis",1028.45130347863
"7901009",15,0,1,0.01869,1,-0.003738,1,128.48112958684,1,4.86160127813594,380,1,14.1879997253418,35.8250007629395,0.0186899993568659,0,123.89640045166,-87.8921,25.6261,83.439079468389,63,63,63,63,61,63,0,8045,1.29563008188212,26,-88,0.001869,51,2023-10-28 18:19:01.001959,380,1.037,0.0011,"aoml_navis",1028.46772368735
"7901009",15,0,1,0.022428,1,0,1,128.78787475718,1,4.86152750712361,382,1,14.1219997406006,35.814998626709,0.0224280003458261,0,124.192199707031,-87.8921,25.6261,83.439079468389,63,63,63,63,61,63,0,8045,1.29563008188212,26,-88,0.001869,51,2023-10-28 18:19:01.001959,382,1.037,0.0011,"aoml_navis",1028.48333012072
"7901009",15,0,1,0.022428,1,0,1,128.845116027908,1,4.86146581514071,384,1,14.0640001296997,35.8040008544922,0.0224280003458261,0,124.247398376465,-87.8921,25.6261,83.439079468389,63,63,63,63,61,63,0,8045,1.29563008188212,26,-88,0.001869,51,2023-10-28 18:19:01.001959,384,1.037,0.0011,"aoml_navis",1028.49638157032
"7901009",15,0,1,0.020559,1,-0.001869,1,128.431562681365,1,4.86140524654008,386,1,14.0139999389648,35.7949981689453,0.020558999851346,0,123.848602294922,-87.8921,25.6261,83.439079468389,63,63,63,63,61,63,0,8045,1.29563008188212,26,-88,0.001869,51,2023-10-28 18:19:01.001959,386,1.037,0.0011,"aoml_navis",1028.50919568134
"7901009",15,0,1,0.026166,1,0.003738,1,127.63710764333,1,4.86134064684143,388,1,13.960000038147,35.7859992980957,0.0261659994721413,0,123.082496643066,-87.8921,25.6261,83.439079468389,63,63,63,63,61,63,0,8045,1.29563008188212,26,-88,0.001869,51,2023-10-28 18:19:01.001959,388,1.037,0.0011,"aoml_navis",1028.52286297786
"7901009",15,0,1,0.022428,1,0,1,126.291490769217,1,4.86125492143234,390,1,13.8640003204346,35.7709999084473,0.0224280003458261,0,121.784896850586,-87.8921,25.6261,83.439079468389,63,63,63,63,61,63,0,8045,1.29563008188212,26,-88,0.001869,51,2023-10-28 18:19:01.001959,390,1.037,0.0011,"aoml_navis",1028.5410003816
"7901009",15,0,1,0.01869,1,-0.003738,1,124.76678427462,1,4.8611714980982,392,1,13.7770004272461,35.757999420166,0.0186899993568659,0,120.314598083496,-87.8921,25.6261,83.439079468389,63,63,63,63,61,63,0,8045,1.29563008188212,26,-88,0.001869,51,2023-10-28 18:19:01.001959,392,1.037,0.0011,"aoml_navis",1028.55865133664
"7901009",15,0,1,0.024297,1,0.001869,1,123.638003821635,1,4.86109782183166,394,1,13.710000038147,35.7480010986328,0.0242970008403063,0,119.226097106934,-87.8921,25.6261,83.439079468389,63,63,63,63,61,63,0,8045,1.29563008188212,26,-88,0.001869,51,2023-10-28 18:19:01.001959,394,1.037,0.0011,"aoml_navis",1028.57424048216
"7901009",15,0,1,0.024297,1,0.001869,1,122.810374955242,1,4.86101699515691,396,1,13.625,35.7350006103516,0.0242970008403063,0,118.428001403809,-87.8921,25.6261,83.439079468389,63,63,63,63,61,63,0,8045,1.29563008188212,26,-88,0.001869,51,2023-10-28 18:19:01.001959,396,1.037,0.0011,"aoml_navis",1028.59134312461
"7901009",15,0,1,0.022428,1,0,1,121.699324659506,1,4.86094781033898,398,1,13.5620002746582,35.7249984741211,0.0224280003458261,0,117.356597900391,-87.8921,25.6261,83.439079468389,63,63,63,63,61,63,0,8045,1.29563008188212,26,-88,0.001869,51,2023-10-28 18:19:01.001959,398,1.037,0.0011,"aoml_navis",1028.60598284254
"7901009",15,0,1,0.022428,1,0,1,120.571999962404,1,4.86088119235191,400,1,13.5050001144409,35.7159996032715,0.0224280003458261,0,116.269500732422,-87.8921,25.6261,83.439079468389,63,63,63,63,61,63,0,8045,1.29563008188212,26,-88,0.001869,51,2023-10-28 18:19:01.001959,400,1.037,0.0011,"aoml_navis",1028.62007980507
"7901009",15,0,1,0.026166,1,0.003738,1,119.934861500341,1,4.86080789337167,402,1,13.4340000152588,35.7050018310547,0.0261659994721413,0,115.655097961426,-87.8921,25.6261,83.439079468389,63,63,63,63,61,63,0,8045,1.29563008188212,26,-88,0.001869,51,2023-10-28 18:19:01.001959,402,1.037,0.0011,"aoml_navis",1028.63559097206
"7901009",15,0,1,0.01869,1,-0.003738,1,119.695215599807,1,4.86070763132383,404,1,13.3249998092651,35.6910018920898,0.0186899993568659,0,115.424003601074,-87.8921,25.6261,83.439079468389,63,63,63,63,61,63,0,8045,1.29563008188212,26,-88,0.001869,51,2023-10-28 18:19:01.001959,404,1.037,0.0011,"aoml_navis",1028.65680868739
"7901009",15,0,1,0.022428,1,0,1,119.466036900542,1,4.8606559545951,406,1,13.28600025177,35.6829986572266,0.0224280003458261,0,115.203002929688,-87.8921,25.6261,83.439079468389,63,63,63,63,61,63,0,8045,1.29563008188212,26,-88,0.001869,51,2023-10-28 18:19:01.001959,406,1.037,0.0011,"aoml_navis",1028.66774499297
"7901009",15,0,1,0.024297,1,0.001869,1,119.315872516516,1,4.86058834233416,408,1,13.2309999465942,35.6749992370605,0.0242970008403063,0,115.058197021484,-87.8921,25.6261,83.439079468389,63,63,63,63,61,63,0,8045,1.29563008188212,26,-88,0.001869,51,2023-10-28 18:19:01.001959,408,1.037,0.0011,"aoml_navis",1028.68205407391
"7901009",15,0,1,0.022428,1,0,1,119.032981172195,1,4.86051719295601,410,1,13.164999961853,35.6650009155273,0.0224280003458261,0,114.785400390625,-87.8921,25.6261,83.439079468389,63,63,63,63,61,63,0,8045,1.29563008188212,26,-88,0.001869,51,2023-10-28 18:19:01.001959,410,1.037,0.0011,"aoml_navis",1028.69711216044
"7901009",15,0,1,0.024297,1,0.001869,1,118.491977980433,1,4.8604459167297,412,1,13.0950002670288,35.6539993286133,0.0242970008403063,0,114.263702392578,-87.8921,25.6261,83.439079468389,63,63,63,63,61,63,0,8045,1.29563008188212,26,-88,0.001869,51,2023-10-28 18:19:01.001959,412,1.037,0.0011,"aoml_navis",1028.7121975352
"7901009",15,0,1,0.022428,1,0,1,117.891241327163,1,4.86037780237221,414,1,13.0279998779297,35.6430015563965,0.0224280003458261,0,113.68440246582,-87.8921,25.6261,83.439079468389,63,63,63,63,61,63,0,8045,1.29563008188212,26,-88,0.001869,51,2023-10-28 18:19:01.001959,414,1.037,0.0011,"aoml_navis",1028.72661412445
"7901009",15,0,1,0.026166,1,0.003738,1,117.274325213129,1,4.86031700919656,416,1,12.9829998016357,35.6360015869141,0.0261659994721413,0,113.089500427246,-87.8921,25.6261,83.439079468389,63,63,63,63,61,63,0,8045,1.29563008188212,26,-88,0.001869,51,2023-10-28 18:19:01.001959,416,1.037,0.0011,"aoml_navis",1028.73948150689
"7901009",15,0,1,0.024297,1,0.001869,1,117.033737818301,1,4.86023572774354,418,1,12.9060001373291,35.6259994506836,0.0242970008403063,0,112.857498168945,-87.8921,25.6261,83.439079468389,63,63,63,63,61,63,0,8045,1.29563008188212,26,-88,0.001869,51,2023-10-28 18:19:01.001959,418,1.037,0.0011,"aoml_navis",1028.75668590695
"7901009",15,0,1,0.024297,1,0.001869,1,117.097822724023,1,4.86018134087799,420,1,12.871000289917,35.6199989318848,0.0242970008403063,0,112.919296264648,-87.8921,25.6261,83.439079468389,63,63,63,63,61,63,0,8045,1.29563008188212,26,-88,0.001869,51,2023-10-28 18:19:01.001959,420,1.037,0.0011,"aoml_navis",1028.7681979983
"7901009",15,0,1,0.022428,1,0,1,117.11026785448,1,4.86012824797987,422,1,12.8409996032715,35.6150016784668,0.0224280003458261,0,112.931297302246,-87.8921,25.6261,83.439079468389,63,63,63,63,61,63,0,8045,1.29563008188212,26,-88,0.001869,51,2023-10-28 18:19:01.001959,422,1.037,0.0011,"aoml_navis",1028.77943644353
"7901009",15,0,1,0.022428,1,0,1,117.076983262088,1,4.86006877716631,424,1,12.7969999313354,35.6080017089844,0.0224280003458261,0,112.899200439453,-87.8921,25.6261,83.439079468389,63,63,63,63,61,63,0,8045,1.29563008188212,26,-88,0.001869,51,2023-10-28 18:19:01.001959,424,1.037,0.0011,"aoml_navis",1028.79202522629
"7901009",15,0,1,0.026166,1,0.003738,1,117.140553906221,1,4.86000053165804,426,1,12.7290000915527,35.5970001220703,0.0261659994721413,0,112.960502624512,-87.8921,25.6261,83.439079468389,63,63,63,63,61,63,0,8045,1.29563008188212,26,-88,0.001869,51,2023-10-28 18:19:01.001959,426,1.037,0.0011,"aoml_navis",1028.80647181621
"7901009",15,0,1,0.024297,1,0.001869,1,117.130806671178,1,4.85993516249483,428,1,12.6750001907349,35.5890007019043,0.0242970008403063,0,112.951103210449,-87.8921,25.6261,83.439079468389,63,63,63,63,61,63,0,8045,1.29563008188212,26,-88,0.001869,51,2023-10-28 18:19:01.001959,428,1.037,0.0011,"aoml_navis",1028.8203099058
"7901009",15,0,1,0.024297,1,0.001869,1,117.154755437798,1,4.85986240885896,430,1,12.6020002365112,35.5779991149902,0.0242970008403063,0,112.974197387695,-87.8921,25.6261,83.439079468389,63,63,63,63,61,63,0,8045,1.29563008188212,26,-88,0.001869,51,2023-10-28 18:19:01.001959,430,1.037,0.0011,"aoml_navis",1028.83571166245
"7901009",15,0,1,0.026166,1,0.003738,1,117.047013679017,1,4.85981060840264,432,1,12.5729999542236,35.5730018615723,0.0261659994721413,0,112.870300292969,-87.8921,25.6261,83.439079468389,63,63,63,63,61,63,0,8045,1.29563008188212,26,-88,0.001869,51,2023-10-28 18:19:01.001959,432,1.037,0.0011,"aoml_navis",1028.84667796621
"7901009",15,0,1,0.026166,1,0.003738,1,116.869688371369,1,4.85976050849847,434,1,12.5570001602173,35.5709991455078,0.0261659994721413,0,112.69930267334,-87.8921,25.6261,83.439079468389,63,63,63,63,61,63,0,8045,1.29563008188212,26,-88,0.001869,51,2023-10-28 18:19:01.001959,434,1.037,0.0011,"aoml_navis",1028.85728448064
"7901009",15,0,1,0.024297,1,0.001869,1,116.647559011733,1,4.85971629637593,436,1,12.5319995880127,35.564998626709,0.0242970008403063,0,112.48509979248,-87.8921,25.6261,83.439079468389,63,63,63,63,61,63,0,8045,1.29563008188212,26,-88,0.001869,51,2023-10-28 18:19:01.001959,436,1.037,0.0011,"aoml_navis",1028.86664469049
"7901009",15,0,1,0.022428,1,0,1,116.48402382639,1,4.85964867740473,438,1,12.4790000915527,35.5579986572266,0.0224280003458261,0,112.32740020752,-87.8921,25.6261,83.439079468389,63,63,63,63,61,63,0,8045,1.29563008188212,26,-88,0.001869,51,2023-10-28 18:19:01.001959,438,1.037,0.0011,"aoml_navis",1028.8809607262
"7901009",15,0,1,0.024297,1,0.001869,1,116.46919726919,1,4.85957051941537,440,1,12.3959999084473,35.5460014343262,0.0242970008403063,0,112.313102722168,-87.8921,25.6261,83.439079468389,63,63,63,63,61,63,0,8045,1.29563008188212,26,-88,0.001869,51,2023-10-28 18:19:01.001959,440,1.037,0.0011,"aoml_navis",1028.89750853981
"7901009",15,0,1,0.020559,1,-0.001869,1,116.650154054829,1,4.85950667594187,442,1,12.33899974823,35.5369987487793,0.020558999851346,0,112.487602233887,-87.8921,25.6261,83.439079468389,63,63,63,63,61,63,0,8045,1.29563008188212,26,-88,0.001869,51,2023-10-28 18:19:01.001959,442,1.037,0.0011,"aoml_navis",1028.91102604173
"7901009",15,0,1,0.024297,1,0.001869,1,116.721810473486,1,4.8594482932244,444,1,12.298999786377,35.5309982299805,0.0242970008403063,0,112.556701660156,-87.8921,25.6261,83.439079468389,63,63,63,63,61,63,0,8045,1.29563008188212,26,-88,0.001869,51,2023-10-28 18:19:01.001959,444,1.037,0.0011,"aoml_navis",1028.92338765526
"7901009",15,0,1,0.024297,1,0.001869,1,116.578600488489,1,4.85938657957376,446,1,12.2440004348755,35.5219993591309,0.0242970008403063,0,112.418601989746,-87.8921,25.6261,83.439079468389,63,63,63,63,61,63,0,8045,1.29563008188212,26,-88,0.001869,51,2023-10-28 18:19:01.001959,446,1.037,0.0011,"aoml_navis",1028.93645486393
"7901009",15,0,1,0.026166,1,0.003738,1,115.785079033031,1,4.85931736053302,448,1,12.1809997558594,35.5130004882812,0.0261659994721413,0,111.653396606445,-87.8921,25.6261,83.439079468389,63,63,63,63,61,63,0,8045,1.29563008188212,26,-88,0.001869,51,2023-10-28 18:19:01.001959,448,1.037,0.0011,"aoml_navis",1028.95111165399
"7901009",15,0,1,0.028035,1,0.005607,1,114.582363586962,1,4.85926907581642,450,1,12.1590003967285,35.5089988708496,0.0280349999666214,0,110.493598937988,-87.8921,25.6261,83.439079468389,63,63,63,63,61,63,0,8045,1.29563008188212,26,-88,0.001869,51,2023-10-28 18:19:01.001959,450,1.037,0.0011,"aoml_navis",1028.96133595153
"7901009",15,0,1,0.028035,1,0.005607,1,113.936308620116,1,4.85920161225415,452,1,12.1129999160767,35.5040016174316,0.0280349999666214,0,109.870597839355,-87.8921,25.6261,83.439079468389,63,63,63,63,61,63,0,8045,1.29563008188212,26,-88,0.001869,51,2023-10-28 18:19:01.001959,452,1.037,0.0011,"aoml_navis",1028.97562171341
"7901009",15,0,1,0.026166,1,0.003738,1,113.848164183739,1,4.85912773392017,454,1,12.0369997024536,35.4930000305176,0.0261659994721413,0,109.785598754883,-87.8921,25.6261,83.439079468389,63,63,63,63,61,63,0,8045,1.29563008188212,26,-88,0.001869,51,2023-10-28 18:19:01.001959,454,1.037,0.0011,"aoml_navis",1028.99126629178
"7901009",15,0,1,0.022428,1,0,1,113.803368043468,1,4.85906864097177,456,1,11.9879999160767,35.4850006103516,0.0224280003458261,0,109.742401123047,-87.8921,25.6261,83.439079468389,63,63,63,63,61,63,0,8045,1.29563008188212,26,-88,0.001869,51,2023-10-28 18:19:01.001959,456,1.037,0.0011,"aoml_navis",1029.00378023885
"7901009",15,0,1,0.024297,1,0.001869,1,113.762923347412,1,4.85901826100488,458,1,11.9519996643066,35.4780006408691,0.0242970008403063,0,109.703399658203,-87.8921,25.6261,83.439079468389,63,63,63,63,61,63,0,8045,1.29563008188212,26,-88,0.001869,51,2023-10-28 18:19:01.001959,458,1.037,0.0011,"aoml_navis",1029.01444930276
"7901009",15,0,1,0.026166,1,0.003738,1,113.835204791693,1,4.85894855885976,460,1,11.8760004043579,35.4659996032715,0.0261659994721413,0,109.773101806641,-87.8921,25.6261,83.439079468389,63,63,63,63,61,63,0,8045,1.29563008188212,26,-88,0.001869,51,2023-10-28 18:19:01.001959,460,1.037,0.0011,"aoml_navis",1029.02921062686
"7901009",15,0,1,0.028035,1,0.005607,1,113.922518497811,1,4.85885364204211,462,1,11.7650003433228,35.4519996643066,0.0280349999666214,0,109.857299804688,-87.8921,25.6261,83.439079468389,63,63,63,63,61,63,0,8045,1.29563008188212,26,-88,0.001869,51,2023-10-28 18:19:01.001959,462,1.037,0.0011,"aoml_navis",1029.04931252438
"7901009",15,0,1,0.029904,1,0.007476,1,113.889020289066,1,4.85879137850209,464,1,11.7119998931885,35.4440002441406,0.0299040004611015,0,109.824996948242,-87.8921,25.6261,83.439079468389,63,63,63,63,61,63,0,8045,1.29563008188212,26,-88,0.001869,51,2023-10-28 18:19:01.001959,464,1.037,0.0011,"aoml_navis",1029.06249939495
"7901009",15,0,1,0.024297,1,0.001869,1,113.884043819227,1,4.85874815776365,466,1,11.6949996948242,35.439998626709,0.0242970008403063,0,109.820198059082,-87.8921,25.6261,83.439079468389,63,63,63,63,61,63,0,8045,1.29563008188212,26,-88,0.001869,51,2023-10-28 18:19:01.001959,466,1.037,0.0011,"aoml_navis",1029.07165336624
"7901009",15,0,1,0.029904,1,0.007476,1,114.023210916962,1,4.85869256085292,468,1,11.6490001678467,35.431999206543,0.0299040004611015,0,109.954399108887,-87.8921,25.6261,83.439079468389,63,63,63,63,61,63,0,8045,1.29563008188212,26,-88,0.001869,51,2023-10-28 18:19:01.001959,468,1.037,0.0011,"aoml_navis",1029.08342879844
"7901009",15,0,1,0.026166,1,0.003738,1,114.282984224922,1,4.85862394340532,470,1,11.581000328064,35.4220008850098,0.0261659994721413,0,110.204902648926,-87.8921,25.6261,83.439079468389,63,63,63,63,61,63,0,8045,1.29563008188212,26,-88,0.001869,51,2023-10-28 18:19:01.001959,470,1.037,0.0011,"aoml_navis",1029.09796235343
"7901009",15,0,1,0.028035,1,0.005607,1,114.537464594373,1,4.85855835676046,472,1,11.5200004577637,35.4129981994629,0.0280349999666214,0,110.450302124023,-87.8921,25.6261,83.439079468389,63,63,63,63,61,63,0,8045,1.29563008188212,26,-88,0.001869,51,2023-10-28 18:19:01.001959,472,1.037,0.0011,"aoml_navis",1029.11185435135
"7901009",15,0,1,0.022428,1,0,1,115.102630169108,1,4.85850217467262,474,1,11.4729995727539,35.4049987792969,0.0224280003458261,0,110.995300292969,-87.8921,25.6261,83.439079468389,63,63,63,63,61,63,0,8045,1.29563008188212,26,-88,0.001869,51,2023-10-28 18:19:01.001959,474,1.037,0.0011,"aoml_navis",1029.12375465529
"7901009",15,0,1,0.028035,1,0.005607,1,115.822620129038,1,4.85844974298727,476,1,11.4259996414185,35.3959999084473,0.0280349999666214,0,111.689598083496,-87.8921,25.6261,83.439079468389,63,63,63,63,61,63,0,8045,1.29563008188212,26,-88,0.001869,51,2023-10-28 18:19:01.001959,476,1.037,0.0011,"aoml_navis",1029.13486080967
"7901009",15,0,1,0.026166,1,0.003738,1,116.653777621103,1,4.85838912055197,478,1,11.3660001754761,35.3860015869141,0.0261659994721413,0,112.491096496582,-87.8921,25.6261,83.439079468389,63,63,63,63,61,63,0,8045,1.29563008188212,26,-88,0.001869,51,2023-10-28 18:19:01.001959,478,1.037,0.0011,"aoml_navis",1029.1477022392
"7901009",15,0,1,0.026166,1,0.003738,1,117.008744705069,1,4.85832408070163,480,1,11.2889995574951,35.3730010986328,0.0261659994721413,0,112.833396911621,-87.8921,25.6261,83.439079468389,63,63,63,63,61,63,0,8045,1.29563008188212,26,-88,0.001869,51,2023-10-28 18:19:01.001959,480,1.037,0.0011,"aoml_navis",1029.16147975001
"7901009",15,0,1,0.029904,1,0.007476,1,116.969344355626,1,4.85827748171048,482,1,11.2600002288818,35.367000579834,0.0299040004611015,0,112.795402526855,-87.8921,25.6261,83.439079468389,63,63,63,63,61,63,0,8045,1.29563008188212,26,-88,0.001869,51,2023-10-28 18:19:01.001959,482,1.037,0.0011,"aoml_navis",1029.17135112662
"7901009",15,0,1,0.024297,1,0.001869,1,116.851641745449,1,4.85821267617526,484,1,11.2110004425049,35.3610000610352,0.0242970008403063,0,112.681900024414,-87.8921,25.6261,83.439079468389,63,63,63,63,61,63,0,8045,1.29563008188212,26,-88,0.001869,51,2023-10-28 18:19:01.001959,484,1.037,0.0011,"aoml_navis",1029.18507963228
"7901009",15,0,1,0.026166,1,0.003738,1,116.38903575502,1,4.8581606704163,486,1,11.1840000152588,35.3569984436035,0.0261659994721413,0,112.235801696777,-87.8921,25.6261,83.439079468389,63,63,63,63,61,63,0,8045,1.29563008188212,26,-88,0.001869,51,2023-10-28 18:19:01.001959,486,1.037,0.0011,"aoml_navis",1029.19609687827
"7901009",15,0,1,0.026166,1,0.003738,1,115.814842911467,1,4.858109588517,488,1,11.1579999923706,35.3530006408691,0.0261659994721413,0,111.682098388672,-87.8921,25.6261,83.439079468389,63,63,63,63,61,63,0,8045,1.29563008188212,26,-88,0.001869,51,2023-10-28 18:19:01.001959,488,1.037,0.0011,"aoml_navis",1029.20691863732
"7901009",15,0,1,0.024297,1,0.001869,1,115.235056484167,1,4.8580567302058,490,1,11.1300001144409,35.3489990234375,0.0242970008403063,0,111.123001098633,-87.8921,25.6261,83.439079468389,63,63,63,63,61,63,0,8045,1.29563008188212,26,-88,0.001869,51,2023-10-28 18:19:01.001959,490,1.037,0.0011,"aoml_navis",1029.21811697085
"7901009",15,0,1,0.028035,1,0.005607,1,114.819319503799,1,4.85798855829398,492,1,11.0769996643066,35.3429985046387,0.0280349999666214,0,110.722099304199,-87.8921,25.6261,83.439079468389,63,63,63,63,61,63,0,8045,1.29563008188212,26,-88,0.001869,51,2023-10-28 18:19:01.001959,492,1.037,0.0011,"aoml_navis",1029.2325599375
"7901009",15,0,1,0.028035,1,0.005607,1,114.326435373345,1,4.85793573657108,494,1,11.0530004501343,35.3400001525879,0.0280349999666214,0,110.246803283691,-87.8921,25.6261,83.439079468389,63,63,63,63,61,63,0,8045,1.29563008188212,26,-88,0.001869,51,2023-10-28 18:19:01.001959,494,1.037,0.0011,"aoml_navis",1029.24375107712
"7901009",15,0,1,0.026166,1,0.003738,1,113.51300803853,1,4.85788118567211,496,1,11.0229997634888,35.3359985351562,0.0261659994721413,0,109.46240234375,-87.8921,25.6261,83.439079468389,63,63,63,63,61,63,0,8045,1.29563008188212,26,-88,0.001869,51,2023-10-28 18:19:01.001959,496,1.037,0.0011,"aoml_navis",1029.25530882621
"7901009",15,0,1,0.029904,1,0.007476,1,112.432552351488,1,4.85782039281394,498,1,10.9820003509521,35.3310012817383,0.0299040004611015,0,108.420501708984,-87.8921,25.6261,83.439079468389,63,63,63,63,61,63,0,8045,1.29563008188212,26,-88,0.001869,51,2023-10-28 18:19:01.001959,498,1.037,0.0011,"aoml_navis",1029.26818937077
"7901009",15,0,1,0.024297,1,0.001869,1,111.296928263509,1,4.85776563750085,500,1,10.9720001220703,35.3320007324219,0.0242970008403063,0,107.325401306152,-87.8921,25.6261,83.439079468389,63,63,63,63,61,63,0,8045,1.29563008188212,26,-88,0.001869,51,2023-10-28 18:19:01.001959,500,1.037,0.0011,"aoml_navis",1029.27979098068
"7901009",15,0,1,0.024297,1,0.001869,1,110.902552918382,1,4.85769922957504,502,1,10.9449996948242,35.3320007324219,0.0242970008403063,0,106.945098876953,-87.8921,25.6261,83.439079468389,63,63,63,63,61,63,0,8045,1.29563008188212,26,-88,0.001869,51,2023-10-28 18:19:01.001959,502,1.037,0.0011,"aoml_navis",1029.29386190866
"7901009",15,0,1,0.029904,1,0.007476,1,111.211473810829,1,4.85765014030021,504,1,10.9250001907349,35.3289985656738,0.0299040004611015,0,107.24299621582,-87.8921,25.6261,83.439079468389,63,63,63,63,61,63,0,8045,1.29563008188212,26,-88,0.001869,51,2023-10-28 18:19:01.001959,504,1.037,0.0011,"aoml_navis",1029.30426349951
"7901009",15,0,1,0.028035,1,0.005607,1,111.684040652654,1,4.85760368528608,506,1,10.9119997024536,35.3269996643066,0.0280349999666214,0,107.698699951172,-87.8921,25.6261,83.439079468389,63,63,63,63,61,63,0,8045,1.29563008188212,26,-88,0.001869,51,2023-10-28 18:19:01.001959,506,1.037,0.0011,"aoml_navis",1029.31410710702
"7901009",15,0,1,0.028035,1,0.005607,1,112.332896367232,1,4.8575601427113,508,1,10.8900003433228,35.3219985961914,0.0280349999666214,0,108.324401855469,-87.8921,25.6261,83.439079468389,63,63,63,63,61,63,0,8045,1.29563008188212,26,-88,0.001869,51,2023-10-28 18:19:01.001959,508,1.037,0.0011,"aoml_navis",1029.32333375273
"7901009",15,0,1,0.028035,1,0.005607,1,112.561758597828,1,4.85750420274246,510,1,10.8459997177124,35.314998626709,0.0280349999666214,0,108.545097351074,-87.8921,25.6261,83.439079468389,63,63,63,63,61,63,0,8045,1.29563008188212,26,-88,0.001869,51,2023-10-28 18:19:01.001959,510,1.037,0.0011,"aoml_navis",1029.33518764165
"7901009",15,0,1,0.028035,1,0.005607,1,112.523703240232,1,4.85743948497735,512,1,10.7880001068115,35.306999206543,0.0280349999666214,0,108.508399963379,-87.8921,25.6261,83.439079468389,63,63,63,63,61,63,0,8045,1.29563008188212,26,-88,0.001869,51,2023-10-28 18:19:01.001959,512,1.037,0.0011,"aoml_navis",1029.34890191912
"7901009",15,0,1,0.028035,1,0.005607,1,112.321796228624,1,4.85738194983039,514,1,10.7419996261597,35.2999992370605,0.0280349999666214,0,108.313697814941,-87.8921,25.6261,83.439079468389,63,63,63,63,61,63,0,8045,1.29563008188212,26,-88,0.001869,51,2023-10-28 18:19:01.001959,514,1.037,0.0011,"aoml_navis",1029.36109444195
"7901009",15,0,1,0.024297,1,0.001869,1,112.135135095204,1,4.85731738596589,516,1,10.6879997253418,35.2929992675781,0.0242970008403063,0,108.133697509766,-87.8921,25.6261,83.439079468389,63,63,63,63,61,63,0,8045,1.29563008188212,26,-88,0.001869,51,2023-10-28 18:19:01.001959,516,1.037,0.0011,"aoml_navis",1029.37477679477
"7901009",15,0,1,0.020559,1,-0.001869,1,112.233857496883,1,4.85726248841597,518,1,10.6529998779297,35.2879981994629,0.020558999851346,0,108.228897094727,-87.8921,25.6261,83.439079468389,63,63,63,63,61,63,0,8045,1.29563008188212,26,-88,0.001869,51,2023-10-28 18:19:01.001959,518,1.037,0.0011,"aoml_navis",1029.38641095153
"7901009",15,0,1,0.028035,1,0.005607,1,112.430993743287,1,4.85719799394323,520,1,10.6029996871948,35.2820014953613,0.0280349999666214,0,108.418998718262,-87.8921,25.6261,83.439079468389,63,63,63,63,61,63,0,8045,1.29563008188212,26,-88,0.001869,51,2023-10-28 18:19:01.001959,520,1.037,0.0011,"aoml_navis",1029.40007927098
"7901009",15,0,1,0.028035,1,0.005607,1,112.635385033957,1,4.85714220970047,522,1,10.5710000991821,35.2779998779297,0.0280349999666214,0,108.616096496582,-87.8921,25.6261,83.439079468389,63,63,63,63,61,63,0,8045,1.29563008188212,26,-88,0.001869,51,2023-10-28 18:19:01.001959,522,1.037,0.0011,"aoml_navis",1029.41190192336
"7901009",15,0,1,0.024297,1,0.001869,1,112.724470964628,1,4.85709441651467,524,1,10.5480003356934,35.273998260498,0.0242970008403063,0,108.702003479004,-87.8921,25.6261,83.439079468389,63,63,63,63,61,63,0,8045,1.29563008188212,26,-88,0.001869,51,2023-10-28 18:19:01.001959,524,1.037,0.0011,"aoml_navis",1029.42203120438
"7901009",15,0,1,0.028035,1,0.005607,1,112.841026375874,1,4.85705418982343,526,1,10.5459995269775,35.2729988098145,0.0280349999666214,0,108.814399719238,-87.8921,25.6261,83.439079468389,63,63,63,63,61,63,0,8045,1.29563008188212,26,-88,0.001869,51,2023-10-28 18:19:01.001959,526,1.037,0.0011,"aoml_navis",1029.43055699812
"7901009",15,0,1,0.028035,1,0.005607,1,113.192781302838,1,4.85700552080603,528,1,10.5220003128052,35.2690010070801,0.0280349999666214,0,109.153602600098,-87.8921,25.6261,83.439079468389,63,63,63,63,61,63,0,8045,1.29563008188212,26,-88,0.001869,51,2023-10-28 18:19:01.001959,528,1.037,0.0011,"aoml_navis",1029.44087227849
"7901009",15,0,1,0.029904,1,0.007476,1,113.376435983891,1,4.85695729554113,530,1,10.4860000610352,35.2620010375977,0.0299040004611015,0,109.330703735352,-87.8921,25.6261,83.439079468389,63,63,63,63,61,63,0,8045,1.29563008188212,26,-88,0.001869,51,2023-10-28 18:19:01.001959,530,1.037,0.0011,"aoml_navis",1029.4510937105
"7901009",15,0,1,0.024297,1,0.001869,1,113.420504246221,1,4.85689241993604,532,1,10.4309997558594,35.2550010681152,0.0242970008403063,0,109.373199462891,-87.8921,25.6261,83.439079468389,63,63,63,63,61,63,0,8045,1.29563008188212,26,-88,0.001869,51,2023-10-28 18:19:01.001959,532,1.037,0.0011,"aoml_navis",1029.46484453239
"7901009",15,0,1,0.028035,1,0.005607,1,113.564544961477,1,4.85682888117336,534,1,10.3690004348755,35.2459983825684,0.0280349999666214,0,109.512100219727,-87.8921,25.6261,83.439079468389,63,63,63,63,61,63,0,8045,1.29563008188212,26,-88,0.001869,51,2023-10-28 18:19:01.001959,534,1.037,0.0011,"aoml_navis",1029.4783123576
"7901009",15,0,1,0.031773,1,0.009345,1,113.614009014634,1,4.85678229298293,536,1,10.3430004119873,35.2410011291504,0.0317730009555817,0,109.559799194336,-87.8921,25.6261,83.439079468389,63,63,63,63,61,63,0,8045,1.29563008188212,26,-88,0.001869,51,2023-10-28 18:19:01.001959,536,1.037,0.0011,"aoml_navis",1029.48818752366
"7901009",15,0,1,0.029904,1,0.007476,1,113.740628129594,1,4.85672351706401,538,1,10.3030004501343,35.2360000610352,0.0299040004611015,0,109.681900024414,-87.8921,25.6261,83.439079468389,63,63,63,63,61,63,0,8045,1.29563008188212,26,-88,0.001869,51,2023-10-28 18:19:01.001959,538,1.037,0.0011,"aoml_navis",1029.5006463581
"7901009",15,0,1,0.026166,1,0.003738,1,113.868180827132,1,4.856664292466,540,1,10.253999710083,35.2290000915527,0.0261659994721413,0,109.804901123047,-87.8921,25.6261,83.439079468389,63,63,63,63,61,63,0,8045,1.29563008188212,26,-88,0.001869,51,2023-10-28 18:19:01.001959,540,1.037,0.0011,"aoml_navis",1029.51320060486
"7901009",15,0,1,0.029904,1,0.007476,1,113.894004670623,1,4.85661417418743,542,1,10.2279996871948,35.2249984741211,0.0299040004611015,0,109.829803466797,-87.8921,25.6261,83.439079468389,63,63,63,63,61,63,0,8045,1.29563008188212,26,-88,0.001869,51,2023-10-28 18:19:01.001959,542,1.037,0.0011,"aoml_navis",1029.52382476143
"7901009",15,0,1,0.026166,1,0.003738,1,113.872848740018,1,4.85656388066007,544,1,10.206000328064,35.2220001220703,0.0261659994721413,0,109.80940246582,-87.8921,25.6261,83.439079468389,63,63,63,63,61,63,0,8045,1.29563008188212,26,-88,0.001869,51,2023-10-28 18:19:01.001959,544,1.037,0.0011,"aoml_navis",1029.53448628795
"7901009",15,0,1,0.026166,1,0.003738,1,113.782623522134,1,4.85652036167317,546,1,10.1960000991821,35.2200012207031,0.0261659994721413,0,109.722396850586,-87.8921,25.6261,83.439079468389,63,63,63,63,61,63,0,8045,1.29563008188212,26,-88,0.001869,51,2023-10-28 18:19:01.001959,546,1.037,0.0011,"aoml_navis",1029.54371188457
"7901009",15,0,1,0.028035,1,0.005607,1,113.566103569678,1,4.8564803339581,548,1,10.1899995803833,35.2179985046387,0.0280349999666214,0,109.513603210449,-87.8921,25.6261,83.439079468389,63,63,63,63,61,63,0,8045,1.29563008188212,26,-88,0.001869,51,2023-10-28 18:19:01.001959,548,1.037,0.0011,"aoml_navis",1029.55219751192
"7901009",15,0,1,0.026166,1,0.003738,1,113.318672539856,1,4.85641418626657,550,1,10.1370000839233,35.2120018005371,0.0261659994721413,0,109.275001525879,-87.8921,25.6261,83.439079468389,63,63,63,63,61,63,0,8045,1.29563008188212,26,-88,0.001869,51,2023-10-28 18:19:01.001959,550,1.037,0.0011,"aoml_navis",1029.56622071888
"7901009",15,0,1,0.026166,1,0.003738,1,113.271589913443,1,4.85634817121166,552,1,10.0839996337891,35.2060012817383,0.0261659994721413,0,109.229598999023,-87.8921,25.6261,83.439079468389,63,63,63,63,61,63,0,8045,1.29563008188212,26,-88,0.001869,51,2023-10-28 18:19:01.001959,552,1.037,0.0011,"aoml_navis",1029.58021618794
"7901009",15,0,1,0.028035,1,0.005607,1,113.139369303019,1,4.85630060141977,554,1,10.0649995803833,35.2029991149902,0.0280349999666214,0,109.102096557617,-87.8921,25.6261,83.439079468389,63,63,63,63,61,63,0,8045,1.29563008188212,26,-88,0.001869,51,2023-10-28 18:19:01.001959,554,1.037,0.0011,"aoml_navis",1029.59030141961
"7901009",15,0,1,0.026166,1,0.003738,1,113.118110520097,1,4.85624548891291,556,1,10.0329999923706,35.1990013122559,0.0261659994721413,0,109.081596374512,-87.8921,25.6261,83.439079468389,63,63,63,63,61,63,0,8045,1.29563008188212,26,-88,0.001869,51,2023-10-28 18:19:01.001959,556,1.037,0.0011,"aoml_navis",1029.60198602301
"7901009",15,0,1,0.029904,1,0.007476,1,113.114692658458,1,4.85618463378406,558,1,9.98999977111816,35.1940002441406,0.0299040004611015,0,109.078300476074,-87.8921,25.6261,83.439079468389,63,63,63,63,61,63,0,8045,1.29563008188212,26,-88,0.001869,51,2023-10-28 18:19:01.001959,558,1.037,0.0011,"aoml_navis",1029.61488844873
"7901009",15,0,1,0.026166,1,0.003738,1,113.075806570603,1,4.85613539958945,560,1,9.9689998626709,35.1910018920898,0.0261659994721413,0,109.040802001953,-87.8921,25.6261,83.439079468389,63,63,63,63,61,63,0,8045,1.29563008188212,26,-88,0.001869,51,2023-10-28 18:19:01.001959,560,1.037,0.0011,"aoml_navis",1029.62532725564
"7901009",15,0,1,0.024297,1,0.001869,1,112.951466030069,1,4.85608962879689,562,1,9.95199966430664,35.1879997253418,0.0242970008403063,0,108.9208984375,-87.8921,25.6261,83.439079468389,63,63,63,63,61,63,0,8045,1.29563008188212,26,-88,0.001869,51,2023-10-28 18:19:01.001959,562,1.037,0.0011,"aoml_navis",1029.63503192975
"7901009",15,0,1,0.026166,1,0.003738,1,112.843099245664,1,4.85603185083692,564,1,9.92099952697754,35.185001373291,0.0261659994721413,0,108.816398620605,-87.8921,25.6261,83.439079468389,63,63,63,63,61,63,0,8045,1.29563008188212,26,-88,0.001869,51,2023-10-28 18:19:01.001959,564,1.037,0.0011,"aoml_navis",1029.6472827167
"7901009",15,0,1,0.028035,1,0.005607,1,112.787100114467,1,4.85597864599253,566,1,9.89099979400635,35.1809997558594,0.0280349999666214,0,108.762397766113,-87.8921,25.6261,83.439079468389,63,63,63,63,61,63,0,8045,1.29563008188212,26,-88,0.001869,51,2023-10-28 18:19:01.001959,566,1.037,0.0011,"aoml_navis",1029.65856411381
"7901009",15,0,1,0.028035,1,0.005607,1,112.803176722915,1,4.85592633171663,568,1,9.86200046539307,35.1769981384277,0.0280349999666214,0,108.777900695801,-87.8921,25.6261,83.439079468389,63,63,63,63,61,63,0,8045,1.29563008188212,26,-88,0.001869,51,2023-10-28 18:19:01.001959,568,1.037,0.0011,"aoml_navis",1029.66965691847
"7901009",15,0,1,0.028035,1,0.005607,1,112.820701175529,1,4.85588342551806,570,1,9.8439998626709,35.1730003356934,0.0280349999666214,0,108.794799804688,-87.8921,25.6261,83.439079468389,63,63,63,63,61,63,0,8045,1.29563008188212,26,-88,0.001869,51,2023-10-28 18:19:01.001959,570,1.037,0.0011,"aoml_navis",1029.67875499741
"7901009",15,0,1,0.028035,1,0.005607,1,112.826919784899,1,4.85581005551074,572,1,9.77299976348877,35.1650009155273,0.0280349999666214,0,108.800796508789,-87.8921,25.6261,83.439079468389,63,63,63,63,61,63,0,8045,1.29563008188212,26,-88,0.001869,51,2023-10-28 18:19:01.001959,572,1.037,0.0011,"aoml_navis",1029.69431317142
"7901009",15,0,1,0.031773,1,0.009345,1,112.8062860276,1,4.8557411456848,574,1,9.70699977874756,35.1570014953613,0.0317730009555817,0,108.780899047852,-87.8921,25.6261,83.439079468389,63,63,63,63,61,63,0,8045,1.29563008188212,26,-88,0.001869,51,2023-10-28 18:19:01.001959,574,1.037,0.0011,"aoml_navis",1029.70892598824
"7901009",15,0,1,0.026166,1,0.003738,1,112.688172008152,1,4.85568143141425,576,1,9.66899967193604,35.1529998779297,0.0261659994721413,0,108.666999816895,-87.8921,25.6261,83.439079468389,63,63,63,63,61,63,0,8045,1.29563008188212,26,-88,0.001869,51,2023-10-28 18:19:01.001959,576,1.037,0.0011,"aoml_navis",1029.72158915782
"7901009",15,0,1,0.024297,1,0.001869,1,112.604379015991,1,4.85562684392799,578,1,9.63700008392334,35.148998260498,0.0242970008403063,0,108.586196899414,-87.8921,25.6261,83.439079468389,63,63,63,63,61,63,0,8045,1.29563008188212,26,-88,0.001869,51,2023-10-28 18:19:01.001959,578,1.037,0.0011,"aoml_navis",1029.73316540017
"7901009",15,0,1,0.024297,1,0.001869,1,112.456192561155,1,4.85557199011909,580,1,9.60900020599365,35.1459999084473,0.0242970008403063,0,108.443298339844,-87.8921,25.6261,83.439079468389,63,63,63,63,61,63,0,8045,1.29563008188212,26,-88,0.001869,51,2023-10-28 18:19:01.001959,580,1.037,0.0011,"aoml_navis",1029.74479838314
"7901009",15,0,1,0.024297,1,0.001869,1,112.400818455581,1,4.85551272673971,582,1,9.56700038909912,35.140998840332,0.0242970008403063,0,108.38990020752,-87.8921,25.6261,83.439079468389,63,63,63,63,61,63,0,8045,1.29563008188212,26,-88,0.001869,51,2023-10-28 18:19:01.001959,582,1.037,0.0011,"aoml_navis",1029.75736681002
"7901009",15,0,1,0.028035,1,0.005607,1,112.289548071127,1,4.8554649800627,584,1,9.54300022125244,35.1370010375977,0.0280349999666214,0,108.282600402832,-87.8921,25.6261,83.439079468389,63,63,63,63,61,63,0,8045,1.29563008188212,26,-88,0.001869,51,2023-10-28 18:19:01.001959,584,1.037,0.0011,"aoml_navis",1029.76749302709
"7901009",15,0,1,0.026166,1,0.003738,1,112.289136661856,1,4.85539828214919,586,1,9.49199962615967,35.1319999694824,0.0261659994721413,0,108.282203674316,-87.8921,25.6261,83.439079468389,63,63,63,63,61,63,0,8045,1.29563008188212,26,-88,0.001869,51,2023-10-28 18:19:01.001959,586,1.037,0.0011,"aoml_navis",1029.78163879623
"7901009",15,0,1,0.028035,1,0.005607,1,112.268186435886,1,4.85534945194572,588,1,9.4709997177124,35.1290016174316,0.0280349999666214,0,108.262001037598,-87.8921,25.6261,83.439079468389,63,63,63,63,61,63,0,8045,1.29563008188212,26,-88,0.001869,51,2023-10-28 18:19:01.001959,588,1.037,0.0011,"aoml_navis",1029.79199530042
"7901009",15,0,1,0.028035,1,0.005607,1,112.338909271967,1,4.85529981603049,590,1,9.44900035858154,35.1259994506836,0.0280349999666214,0,108.330200195312,-87.8921,25.6261,83.439079468389,63,63,63,63,61,63,0,8045,1.29563008188212,26,-88,0.001869,51,2023-10-28 18:19:01.001959,590,1.037,0.0011,"aoml_navis",1029.80252290327
"7901009",15,0,1,0.026166,1,0.003738,1,112.49954085726,1,4.85523414985932,592,1,9.39900016784668,35.1209983825684,0.0261659994721413,0,108.48509979248,-87.8921,25.6261,83.439079468389,63,63,63,63,61,63,0,8045,1.29563008188212,26,-88,0.001869,51,2023-10-28 18:19:01.001959,592,1.037,0.0011,"aoml_navis",1029.81645079772
"7901009",15,0,1,0.028035,1,0.005607,1,112.652189520347,1,4.85518639908009,594,1,9.36600017547607,35.1150016784668,0.0280349999666214,0,108.632301330566,-87.8921,25.6261,83.439079468389,63,63,63,63,61,63,0,8045,1.29563008188212,26,-88,0.001869,51,2023-10-28 18:19:01.001959,594,1.037,0.0011,"aoml_navis",1029.82657904696
"7901009",15,0,1,0.029904,1,0.007476,1,112.813446131264,1,4.85512506283002,596,1,9.32100009918213,35.1100006103516,0.0299040004611015,0,108.787803649902,-87.8921,25.6261,83.439079468389,63,63,63,63,61,63,0,8045,1.29563008188212,26,-88,0.001869,51,2023-10-28 18:19:01.001959,596,1.037,0.0011,"aoml_navis",1029.83958915479
"7901009",15,0,1,0.031773,1,0.009345,1,112.836358462988,1,4.85506120446122,598,1,9.26399993896484,35.1030006408691,0.0317730009555817,0,108.809898376465,-87.8921,25.6261,83.439079468389,63,63,63,63,61,63,0,8045,1.29563008188212,26,-88,0.001869,51,2023-10-28 18:19:01.001959,598,1.037,0.0011,"aoml_navis",1029.85313458162
"7901009",15,0,1,0.029904,1,0.007476,1,112.690142025624,1,4.85500796958389,600,1,9.23299980163574,35.0989990234375,0.0299040004611015,0,108.668899536133,-87.8921,25.6261,83.439079468389,63,63,63,63,61,63,0,8045,1.29563008188212,26,-88,0.001869,51,2023-10-28 18:19:01.001959,600,1.037,0.0011,"aoml_navis",1029.86442686077
"7901009",15,0,1,0.031773,1,0.009345,1,112.555745693093,1,4.85494815480154,602,1,9.19400024414062,35.0950012207031,0.0317730009555817,0,108.53929901123,-87.8921,25.6261,83.439079468389,63,63,63,63,61,63,0,8045,1.29563008188212,26,-88,0.001869,51,2023-10-28 18:19:01.001959,602,1.037,0.0011,"aoml_navis",1029.87711517681
"7901009",15,0,1,0.031773,1,0.009345,1,112.544653466202,1,4.85488924012673,604,1,9.1560001373291,35.0909996032715,0.0317730009555817,0,108.528602600098,-87.8921,25.6261,83.439079468389,63,63,63,63,61,63,0,8045,1.29563008188212,26,-88,0.001869,51,2023-10-28 18:19:01.001959,604,1.037,0.0011,"aoml_navis",1029.88961286159
"7901009",15,0,1,0.028035,1,0.005607,1,112.580738806325,1,4.85483328000658,606,1,9.12600040435791,35.0880012512207,0.0280349999666214,0,108.563400268555,-87.8921,25.6261,83.439079468389,63,63,63,63,61,63,0,8045,1.29563008188212,26,-88,0.001869,51,2023-10-28 18:19:01.001959,606,1.037,0.0011,"aoml_navis",1029.90148407181
"7901009",15,0,1,0.026166,1,0.003738,1,112.614956981294,1,4.85478103853599,608,1,9.0959997177124,35.0839996337891,0.0261659994721413,0,108.596397399902,-87.8921,25.6261,83.439079468389,63,63,63,63,61,63,0,8045,1.29563008188212,26,-88,0.001869,51,2023-10-28 18:19:01.001959,608,1.037,0.0011,"aoml_navis",1029.91256666599
"7901009",15,0,1,0.028035,1,0.005607,1,112.742303974195,1,4.85472718018095,610,1,9.06400012969971,35.0800018310547,0.0280349999666214,0,108.719200134277,-87.8921,25.6261,83.439079468389,63,63,63,63,61,63,0,8045,1.29563008188212,26,-88,0.001869,51,2023-10-28 18:19:01.001959,610,1.037,0.0011,"aoml_navis",1029.92399251849
"7901009",15,0,1,0.024297,1,0.001869,1,112.954163925483,1,4.8546602706938,612,1,9.00699996948242,35.0740013122559,0.0242970008403063,0,108.923500061035,-87.8921,25.6261,83.439079468389,63,63,63,63,61,63,0,8045,1.29563008188212,26,-88,0.001869,51,2023-10-28 18:19:01.001959,612,1.037,0.0011,"aoml_navis",1029.93818747392
"7901009",15,0,1,0.031773,1,0.009345,1,113.140825058902,1,4.85460328015009,614,1,8.9709997177124,35.0699996948242,0.0317730009555817,0,109.103500366211,-87.8921,25.6261,83.439079468389,63,63,63,63,61,63,0,8045,1.29563008188212,26,-88,0.001869,51,2023-10-28 18:19:01.001959,614,1.037,0.0011,"aoml_navis",1029.9502784181
"7901009",15,0,1,0.026166,1,0.003738,1,113.299383774406,1,4.85455161679438,616,1,8.94600009918213,35.0670013427734,0.0261659994721413,0,109.256401062012,-87.8921,25.6261,83.439079468389,63,63,63,63,61,63,0,8045,1.29563008188212,26,-88,0.001869,51,2023-10-28 18:19:01.001959,616,1.037,0.0011,"aoml_navis",1029.96123940725
"7901009",15,0,1,0.031773,1,0.009345,1,113.394783255047,1,4.85450080479305,618,1,8.92199993133545,35.0639991760254,0.0317730009555817,0,109.34839630127,-87.8921,25.6261,83.439079468389,63,63,63,63,61,63,0,8045,1.29563008188212,26,-88,0.001869,51,2023-10-28 18:19:01.001959,618,1.037,0.0011,"aoml_navis",1029.97201999911
"7901009",15,0,1,0.024297,1,0.001869,1,113.515595169909,1,4.85445731666457,620,1,8.9069995880127,35.0610008239746,0.0242970008403063,0,109.464897155762,-87.8921,25.6261,83.439079468389,63,63,63,63,61,63,0,8045,1.29563008188212,26,-88,0.001869,51,2023-10-28 18:19:01.001959,620,1.037,0.0011,"aoml_navis",1029.98124689155
"7901009",15,0,1,0.028035,1,0.005607,1,113.654659415326,1,4.85440290414219,622,1,8.87399959564209,35.056999206543,0.0280349999666214,0,109.598999023438,-87.8921,25.6261,83.439079468389,63,63,63,63,61,63,0,8045,1.29563008188212,26,-88,0.001869,51,2023-10-28 18:19:01.001959,622,1.037,0.0011,"aoml_navis",1029.99279184956
"7901009",15,0,1,0.029904,1,0.007476,1,113.861440044456,1,4.85433526474536,624,1,8.81099987030029,35.0499992370605,0.0299040004611015,0,109.798400878906,-87.8921,25.6261,83.439079468389,63,63,63,63,61,63,0,8045,1.29563008188212,26,-88,0.001869,51,2023-10-28 18:19:01.001959,624,1.037,0.0011,"aoml_navis",1030.00714357587
"7901009",15,0,1,0.028035,1,0.005607,1,114.151697197076,1,4.85428097015979,626,1,8.77799987792969,35.0460014343262,0.0280349999666214,0,110.078300476074,-87.8921,25.6261,83.439079468389,63,63,63,63,61,63,0,8045,1.29563008188212,26,-88,0.001869,51,2023-10-28 18:19:01.001959,626,1.037,0.0011,"aoml_navis",1030.01866408969
"7901009",15,0,1,0.029904,1,0.007476,1,114.496394872694,1,4.85421406312247,628,1,8.71100044250488,35.0379981994629,0.0299040004611015,0,110.410697937012,-87.8921,25.6261,83.439079468389,63,63,63,63,61,63,0,8045,1.29563008188212,26,-88,0.001869,51,2023-10-28 18:19:01.001959,628,1.037,0.0011,"aoml_navis",1030.03286113504
"7901009",15,0,1,0.024297,1,0.001869,1,114.8357046692,1,4.85414126595402,630,1,8.64099979400635,35.0309982299805,0.0242970008403063,0,110.737899780273,-87.8921,25.6261,83.439079468389,63,63,63,63,61,63,0,8045,1.29563008188212,26,-88,0.001869,51,2023-10-28 18:19:01.001959,630,1.037,0.0011,"aoml_navis",1030.0483084555
"7901009",15,0,1,0.028035,1,0.005607,1,114.898444583074,1,4.85408946072123,632,1,8.61999988555908,35.0289993286133,0.0280349999666214,0,110.798400878906,-87.8921,25.6261,83.439079468389,63,63,63,63,61,63,0,8045,1.29563008188212,26,-88,0.001869,51,2023-10-28 18:19:01.001959,632,1.037,0.0011,"aoml_navis",1030.05930163823
"7901009",15,0,1,0.029904,1,0.007476,1,115.017286480463,1,4.85404326858184,634,1,8.60599994659424,35.0270004272461,0.0299040004611015,0,110.91300201416,-87.8921,25.6261,83.439079468389,63,63,63,63,61,63,0,8045,1.29563008188212,26,-88,0.001869,51,2023-10-28 18:19:01.001959,634,1.037,0.0011,"aoml_navis",1030.06910390826
"7901009",15,0,1,0.029904,1,0.007476,1,115.18559243101,1,4.85400236852496,636,1,8.5939998626709,35.023998260498,0.0299040004611015,0,111.075302124023,-87.8921,25.6261,83.439079468389,63,63,63,63,61,63,0,8045,1.29563008188212,26,-88,0.001869,51,2023-10-28 18:19:01.001959,636,1.037,0.0011,"aoml_navis",1030.07778331995
"7901009",15,0,1,0.024297,1,0.001869,1,115.436235617834,1,4.85394278403245,638,1,8.55399990081787,35.0200004577637,0.0242970008403063,0,111.317001342773,-87.8921,25.6261,83.439079468389,63,63,63,63,61,63,0,8045,1.29563008188212,26,-88,0.001869,51,2023-10-28 18:19:01.001959,638,1.037,0.0011,"aoml_navis",1030.09042802235
"7901009",15,0,1,0.029904,1,0.007476,1,115.661679986791,1,4.85386201256316,640,1,8.47799968719482,35.0139999389648,0.0299040004611015,0,111.534400939941,-87.8921,25.6261,83.439079468389,63,63,63,63,61,63,0,8045,1.29563008188212,26,-88,0.001869,51,2023-10-28 18:19:01.001959,640,1.037,0.0011,"aoml_navis",1030.10756940733
"7901009",15,0,1,0.029904,1,0.007476,1,115.570212629377,1,4.85381589249786,642,1,8.46399974822998,35.0120010375977,0.0299040004611015,0,111.446197509766,-87.8921,25.6261,83.439079468389,63,63,63,63,61,63,0,8045,1.29563008188212,26,-88,0.001869,51,2023-10-28 18:19:01.001959,642,1.037,0.0011,"aoml_navis",1030.11735729987
"7901009",15,0,1,0.029904,1,0.007476,1,115.384073669263,1,4.85377195138435,644,1,8.46199989318848,35.0120010375977,0.0299040004611015,0,111.266700744629,-87.8921,25.6261,83.439079468389,63,63,63,63,61,63,0,8045,1.29563008188212,26,-88,0.001869,51,2023-10-28 18:19:01.001959,644,1.037,0.0011,"aoml_navis",1030.12668293448
"7901009",15,0,1,0.029904,1,0.007476,1,115.113722396,1,4.85372057976656,646,1,8.44600009918213,35.0110015869141,0.0299040004611015,0,111.005996704102,-87.8921,25.6261,83.439079468389,63,63,63,63,61,63,0,8045,1.29563008188212,26,-88,0.001869,51,2023-10-28 18:19:01.001959,646,1.037,0.0011,"aoml_navis",1030.13758576116
"7901009",15,0,1,0.028035,1,0.005607,1,114.807910808237,1,4.85365603889023,648,1,8.41800022125244,35.0110015869141,0.0280349999666214,0,110.711097717285,-87.8921,25.6261,83.439079468389,63,63,63,63,61,63,0,8045,1.29563008188212,26,-88,0.001869,51,2023-10-28 18:19:01.001959,648,1.037,0.0011,"aoml_navis",1030.15128388522
"7901009",15,0,1,0.028035,1,0.005607,1,114.594603012784,1,4.85360367616944,650,1,8.40999984741211,35.0120010375977,0.0280349999666214,0,110.505401611328,-87.8921,25.6261,83.439079468389,63,63,63,63,61,63,0,8045,1.29563008188212,26,-88,0.001869,51,2023-10-28 18:19:01.001959,650,1.037,0.0011,"aoml_navis",1030.16239759117
"7901009",15,0,1,0.029904,1,0.007476,1,114.676418075756,1,4.85353680100054,652,1,8.37899971008301,35.0120010375977,0.0299040004611015,0,110.584297180176,-87.8921,25.6261,83.439079468389,63,63,63,63,61,63,0,8045,1.29563008188212,26,-88,0.001869,51,2023-10-28 18:19:01.001959,652,1.037,0.0011,"aoml_navis",1030.1765918349
"7901009",15,0,1,0.031773,1,0.009345,1,114.950709383963,1,4.85347048033949,654,1,8.32999992370605,35.007999420166,0.0317730009555817,0,110.84880065918,-87.8921,25.6261,83.439079468389,63,63,63,63,61,63,0,8045,1.29563008188212,26,-88,0.001869,51,2023-10-28 18:19:01.001959,654,1.037,0.0011,"aoml_navis",1030.19066877074
"7901009",15,0,1,0.031773,1,0.009345,1,115.336373928942,1,4.85341186698393,656,1,8.28600025177002,35.0029983520508,0.0317730009555817,0,111.220703125,-87.8921,25.6261,83.439079468389,63,63,63,63,61,63,0,8045,1.29563008188212,26,-88,0.001869,51,2023-10-28 18:19:01.001959,656,1.037,0.0011,"aoml_navis",1030.2031101076
"7901009",15,0,1,0.029904,1,0.007476,1,115.770671796819,1,4.85335464469103,658,1,8.23900032043457,34.9970016479492,0.0299040004611015,0,111.639503479004,-87.8921,25.6261,83.439079468389,63,63,63,63,61,63,0,8045,1.29563008188212,26,-88,0.001869,51,2023-10-28 18:19:01.001959,658,1.037,0.0011,"aoml_navis",1030.21525646583
"7901009",15,0,1,0.029904,1,0.007476,1,116.023593558069,1,4.85330841759154,660,1,8.22000026702881,34.9939994812012,0.0299040004611015,0,111.883399963379,-87.8921,25.6261,83.439079468389,63,63,63,63,61,63,0,8045,1.29563008188212,26,-88,0.001869,51,2023-10-28 18:19:01.001959,660,1.037,0.0011,"aoml_navis",1030.22506912537
"7901009",15,0,1,0.028035,1,0.005607,1,116.310116380381,1,4.85325726050224,662,1,8.1899995803833,34.9900016784668,0.0280349999666214,0,112.159698486328,-87.8921,25.6261,83.439079468389,63,63,63,63,61,63,0,8045,1.29563008188212,26,-88,0.001869,51,2023-10-28 18:19:01.001959,662,1.037,0.0011,"aoml_navis",1030.23592849528
"7901009",15,0,1,0.035511,1,0.013083,1,116.484648852014,1,4.85320459358629,664,1,8.15799999237061,34.9860000610352,0.0355109982192516,0,112.328002929688,-87.8921,25.6261,83.439079468389,63,63,63,63,61,63,0,8045,1.29563008188212,26,-88,0.001869,51,2023-10-28 18:19:01.001959,664,1.037,0.0011,"aoml_navis",1030.24710860278
"7901009",15,0,1,0.028035,1,0.005607,1,116.525402105023,1,4.85315005879823,666,1,8.13300037384033,34.984001159668,0.0280349999666214,0,112.367301940918,-87.8921,25.6261,83.439079468389,63,63,63,63,61,63,0,8045,1.29563008188212,26,-88,0.001869,51,2023-10-28 18:19:01.001959,666,1.037,0.0011,"aoml_navis",1030.25868547698
"7901009",15,0,1,0.028035,1,0.005607,1,116.557238853249,1,4.85310043805679,668,1,8.11900043487549,34.9830017089844,0.0280349999666214,0,112.398002624512,-87.8921,25.6261,83.439079468389,63,63,63,63,61,63,0,8045,1.29563008188212,26,-88,0.001869,51,2023-10-28 18:19:01.001959,668,1.037,0.0011,"aoml_navis",1030.26921940277
"7901009",15,0,1,0.028035,1,0.005607,1,116.56708894061,1,4.85304538966491,670,1,8.09799957275391,34.9819984436035,0.0280349999666214,0,112.407501220703,-87.8921,25.6261,83.439079468389,63,63,63,63,61,63,0,8045,1.29563008188212,26,-88,0.001869,51,2023-10-28 18:19:01.001959,670,1.037,0.0011,"aoml_navis",1030.28090580979
"7901009",15,0,1,0.031773,1,0.009345,1,116.563354610301,1,4.85299811962007,672,1,8.08699989318848,34.9809989929199,0.0317730009555817,0,112.403900146484,-87.8921,25.6261,83.439079468389,63,63,63,63,61,63,0,8045,1.29563008188212,26,-88,0.001869,51,2023-10-28 18:19:01.001959,672,1.037,0.0011,"aoml_navis",1030.29094113711
"7901009",15,0,1,0.029904,1,0.007476,1,116.582018350128,1,4.85294385955609,674,1,8.06700038909912,34.9799995422363,0.0299040004611015,0,112.421897888184,-87.8921,25.6261,83.439079468389,63,63,63,63,61,63,0,8045,1.29563008188212,26,-88,0.001869,51,2023-10-28 18:19:01.001959,674,1.037,0.0011,"aoml_navis",1030.30246067124
"7901009",15,0,1,0.026166,1,0.003738,1,116.6727578296,1,4.8528896135089,676,1,8.04699993133545,34.9790000915527,0.0261659994721413,0,112.509399414062,-87.8921,25.6261,83.439079468389,63,63,63,63,61,63,0,8045,1.29563008188212,26,-88,0.001869,51,2023-10-28 18:19:01.001959,676,1.037,0.0011,"aoml_navis",1030.31397748706
"7901009",15,0,1,0.035511,1,0.013083,1,117.048675139536,1,4.85283460730517,678,1,8.02600002288818,34.9780006408691,0.0355109982192516,0,112.87190246582,-87.8921,25.6261,83.439079468389,63,63,63,63,61,63,0,8045,1.29563008188212,26,-88,0.001869,51,2023-10-28 18:19:01.001959,678,1.037,0.0011,"aoml_navis",1030.32565595236
"7901009",15,0,1,0.029904,1,0.007476,1,117.492925947092,1,4.85275299206943,680,1,7.94199991226196,34.9710006713867,0.0299040004611015,0,113.300300598145,-87.8921,25.6261,83.439079468389,63,63,63,63,61,63,0,8045,1.29563008188212,26,-88,0.001869,51,2023-10-28 18:19:01.001959,680,1.037,0.0011,"aoml_navis",1030.34298431657
"7901009",15,0,1,0.029904,1,0.007476,1,117.571631705379,1,4.8527063725102,682,1,7.92700004577637,34.9690017700195,0.0299040004611015,0,113.376197814941,-87.8921,25.6261,83.439079468389,63,63,63,63,61,63,0,8045,1.29563008188212,26,-88,0.001869,51,2023-10-28 18:19:01.001959,682,1.037,0.0011,"aoml_navis",1030.35288273863
"7901009",15,0,1,0.029904,1,0.007476,1,117.582526139352,1,4.85266242623092,684,1,7.92500019073486,34.9690017700195,0.0299040004611015,0,113.386703491211,-87.8921,25.6261,83.439079468389,63,63,63,63,61,63,0,8045,1.29563008188212,26,-88,0.001869,51,2023-10-28 18:19:01.001959,684,1.037,0.0011,"aoml_navis",1030.36221373501
"7901009",15,0,1,0.026166,1,0.003738,1,117.685702837564,1,4.8526198590433,686,1,7.92000007629395,34.9679985046387,0.0261659994721413,0,113.486198425293,-87.8921,25.6261,83.439079468389,63,63,63,63,61,63,0,8045,1.29563008188212,26,-88,0.001869,51,2023-10-28 18:19:01.001959,686,1.037,0.0011,"aoml_navis",1030.37125207367
"7901009",15,0,1,0.029904,1,0.007476,1,118.150278845466,1,4.85255614700609,688,1,7.87799978256226,34.9650001525879,0.0299040004611015,0,113.934196472168,-87.8921,25.6261,83.439079468389,63,63,63,63,61,63,0,8045,1.29563008188212,26,-88,0.001869,51,2023-10-28 18:19:01.001959,688,1.037,0.0011,"aoml_navis",1030.38478041823
"7901009",15,0,1,0.026166,1,0.003738,1,118.608636243997,1,4.85248669010459,690,1,7.81400012969971,34.9589996337891,0.0261659994721413,0,114.376197814941,-87.8921,25.6261,83.439079468389,63,63,63,63,61,63,0,8045,1.29563008188212,26,-88,0.001869,51,2023-10-28 18:19:01.001959,690,1.037,0.0011,"aoml_navis",1030.39952900772
"7901009",15,0,1,0.029904,1,0.007476,1,118.880023952155,1,4.8524231687985,692,1,7.77199983596802,34.9560012817383,0.0299040004611015,0,114.637901306152,-87.8921,25.6261,83.439079468389,63,63,63,63,61,63,0,8045,1.29563008188212,26,-88,0.001869,51,2023-10-28 18:19:01.001959,692,1.037,0.0011,"aoml_navis",1030.41301759303
"7901009",15,0,1,0.029904,1,0.007476,1,119.082753782306,1,4.85236902401105,694,1,7.74700021743774,34.9539985656738,0.0299040004611015,0,114.833396911621,-87.8921,25.6261,83.439079468389,63,63,63,63,61,63,0,8045,1.29563008188212,26,-88,0.001869,51,2023-10-28 18:19:01.001959,694,1.037,0.0011,"aoml_navis",1030.42451537763
"7901009",15,0,1,0.029904,1,0.007476,1,119.393130430637,1,4.85232174889406,696,1,7.73099994659424,34.9519996643066,0.0299040004611015,0,115.132698059082,-87.8921,25.6261,83.439079468389,63,63,63,63,61,63,0,8045,1.29563008188212,26,-88,0.001869,51,2023-10-28 18:19:01.001959,696,1.037,0.0011,"aoml_navis",1030.4345545799
"7901009",15,0,1,0.031773,1,0.009345,1,119.747369636662,1,4.85226902220741,698,1,7.70300006866455,34.9490013122559,0.0317730009555817,0,115.474296569824,-87.8921,25.6261,83.439079468389,63,63,63,63,61,63,0,8045,1.29563008188212,26,-88,0.001869,51,2023-10-28 18:19:01.001959,698,1.037,0.0011,"aoml_navis",1030.44575169193
"7901009",15,0,1,0.031773,1,0.009345,1,120.098499538001,1,4.85221342328924,700,1,7.67600011825562,34.9469985961914,0.0317730009555817,0,115.812896728516,-87.8921,25.6261,83.439079468389,63,63,63,63,61,63,0,8045,1.29563008188212,26,-88,0.001869,51,2023-10-28 18:19:01.001959,700,1.037,0.0011,"aoml_navis",1030.45755901862
"7901009",15,0,1,0.029904,1,0.007476,1,120.516728709147,1,4.85214255827709,702,1,7.62400007247925,34.9440002441406,0.0299040004611015,0,116.216201782227,-87.8921,25.6261,83.439079468389,63,63,63,63,61,63,0,8045,1.29563008188212,26,-88,0.001869,51,2023-10-28 18:19:01.001959,702,1.037,0.0011,"aoml_navis",1030.47260873873
"7901009",15,0,1,0.031773,1,0.009345,1,120.706704851888,1,4.8520817365433,704,1,7.59000015258789,34.9420013427734,0.0317730009555817,0,116.399398803711,-87.8921,25.6261,83.439079468389,63,63,63,63,61,63,0,8045,1.29563008188212,26,-88,0.001869,51,2023-10-28 18:19:01.001959,704,1.037,0.0011,"aoml_navis",1030.48552590173
"7901009",15,0,1,0.028035,1,0.005607,1,120.856655619561,1,4.85202785489836,706,1,7.57000017166138,34.9410018920898,0.0280349999666214,0,116.543998718262,-87.8921,25.6261,83.439079468389,63,63,63,63,61,63,0,8045,1.29563008188212,26,-88,0.001869,51,2023-10-28 18:19:01.001959,706,1.037,0.0011,"aoml_navis",1030.49696941708
"7901009",15,0,1,0.031773,1,0.009345,1,121.003702787185,1,4.85198683770506,708,1,7.56699991226196,34.939998626709,0.0317730009555817,0,116.68579864502,-87.8921,25.6261,83.439079468389,63,63,63,63,61,63,0,8045,1.29563008188212,26,-88,0.001869,51,2023-10-28 18:19:01.001959,708,1.037,0.0011,"aoml_navis",1030.50568091915
"7901009",15,0,1,0.031773,1,0.009345,1,121.281514809348,1,4.85194268887064,710,1,7.55499982833862,34.9379997253418,0.0317730009555817,0,116.95369720459,-87.8921,25.6261,83.439079468389,63,63,63,63,61,63,0,8045,1.29563008188212,26,-88,0.001869,51,2023-10-28 18:19:01.001959,710,1.037,0.0011,"aoml_navis",1030.51505770441
"7901009",15,0,1,0.028035,1,0.005607,1,121.757713129164,1,4.85187442241728,712,1,7.51100015640259,34.9360008239746,0.0280349999666214,0,117.412902832031,-87.8921,25.6261,83.439079468389,63,63,63,63,61,63,0,8045,1.29563008188212,26,-88,0.001869,51,2023-10-28 18:19:01.001959,712,1.037,0.0011,"aoml_navis",1030.52955717451
"7901009",15,0,1,0.028035,1,0.005607,1,122.133622527383,1,4.85180842809654,714,1,7.46500015258789,34.9329986572266,0.0280349999666214,0,117.775398254395,-87.8921,25.6261,83.439079468389,63,63,63,63,61,63,0,8045,1.29563008188212,26,-88,0.001869,51,2023-10-28 18:19:01.001959,714,1.037,0.0011,"aoml_navis",1030.54357444232
"7901009",15,0,1,0.026166,1,0.003738,1,122.420564670683,1,4.85175539082928,716,1,7.44600009918213,34.931999206543,0.0261659994721413,0,118.052101135254,-87.8921,25.6261,83.439079468389,63,63,63,63,61,63,0,8045,1.29563008188212,26,-88,0.001869,51,2023-10-28 18:19:01.001959,716,1.037,0.0011,"aoml_navis",1030.55483989381
"7901009",15,0,1,0.029904,1,0.007476,1,122.7430699808,1,4.85169480910404,718,1,7.41200017929077,34.9300003051758,0.0299040004611015,0,118.363098144531,-87.8921,25.6261,83.439079468389,63,63,63,63,61,63,0,8045,1.29563008188212,26,-88,0.001869,51,2023-10-28 18:19:01.001959,718,1.037,0.0011,"aoml_navis",1030.5677081373
"7901009",15,0,1,0.031773,1,0.009345,1,123.017875550597,1,4.85163938630264,719.900024414062,1,7.38199996948242,34.9280014038086,0.0317730009555817,0,118.62809753418,-87.8921,25.6261,83.439079468389,63,63,63,63,61,63,0,8045,1.29563008188212,26,-88,0.001869,51,2023-10-28 18:19:01.001959,719.900024414062,1.037,0.0011,"aoml_navis",1030.57948084852
"7901009",15,0,1,0.028035,1,0.005607,1,123.24798783244,1,4.85158803403431,722,1,7.36800003051758,34.9269981384277,0.0280349999666214,0,118.849998474121,-87.8921,25.6261,83.439079468389,63,63,63,63,61,63,0,8045,1.29563008188212,26,-88,0.001869,51,2023-10-28 18:19:01.001959,722,1.037,0.0011,"aoml_navis",1030.59038915187
"7901009",15,0,1,0.033642,1,0.011214,1,123.519375540598,1,4.85154103659452,724,1,7.35699987411499,34.9259986877441,0.0336420014500618,0,119.111701965332,-87.8921,25.6261,83.439079468389,63,63,63,63,61,63,0,8045,1.29563008188212,26,-88,0.001869,51,2023-10-28 18:19:01.001959,724,1.037,0.0011,"aoml_navis",1030.60037260031
"7901009",15,0,1,0.028035,1,0.005607,1,123.893837094651,1,4.8514910088515,726,1,7.33699989318848,34.923999786377,0.0280349999666214,0,119.472801208496,-87.8921,25.6261,83.439079468389,63,63,63,63,61,63,0,8045,1.29563008188212,26,-88,0.001869,51,2023-10-28 18:19:01.001959,726,1.037,0.0011,"aoml_navis",1030.61099997455
"7901009",15,0,1,0.028035,1,0.005607,1,124.263322178864,1,4.85141343096214,728,1,7.27500009536743,34.9210014343262,0.0280349999666214,0,119.8291015625,-87.8921,25.6261,83.439079468389,63,63,63,63,61,63,0,8045,1.29563008188212,26,-88,0.001869,51,2023-10-28 18:19:01.001959,728,1.037,0.0011,"aoml_navis",1030.62748024927
"7901009",15,0,1,0.028035,1,0.005607,1,124.370961085327,1,4.85136499738695,730,1,7.26200008392334,34.9199981689453,0.0280349999666214,0,119.932899475098,-87.8921,25.6261,83.439079468389,63,63,63,63,61,63,0,8045,1.29563008188212,26,-88,0.001869,51,2023-10-28 18:19:01.001959,730,1.037,0.0011,"aoml_navis",1030.63776951293
"7901009",15,0,1,0.026166,1,0.003738,1,124.587069628512,1,4.8513128464193,732,1,7.24399995803833,34.9189987182617,0.0261659994721413,0,120.141296386719,-87.8921,25.6261,83.439079468389,63,63,63,63,61,63,0,8045,1.29563008188212,26,-88,0.001869,51,2023-10-28 18:19:01.001959,732,1.037,0.0011,"aoml_navis",1030.64884873183
"7901009",15,0,1,0.028035,1,0.005607,1,124.642032324815,1,4.85126293072267,734,1,7.22900009155273,34.9179992675781,0.0280349999666214,0,120.194297790527,-87.8921,25.6261,83.439079468389,63,63,63,63,61,63,0,8045,1.29563008188212,26,-88,0.001869,51,2023-10-28 18:19:01.001959,734,1.037,0.0011,"aoml_navis",1030.65945330141
"7901009",15,0,1,0.029904,1,0.007476,1,124.738579004386,1,4.85121452883808,736,1,7.22100019454956,34.9179992675781,0.0299040004611015,0,120.287399291992,-87.8921,25.6261,83.439079468389,63,63,63,63,61,63,0,8045,1.29563008188212,26,-88,0.001869,51,2023-10-28 18:19:01.001959,736,1.037,0.0011,"aoml_navis",1030.66973647062
"7901009",15,0,1,0.033642,1,0.011214,1,124.831699910602,1,4.85116536525445,738,1,7.20699977874756,34.9169998168945,0.0336420014500618,0,120.377197265625,-87.8921,25.6261,83.439079468389,63,63,63,63,61,63,0,8045,1.29563008188212,26,-88,0.001869,51,2023-10-28 18:19:01.001959,738,1.037,0.0011,"aoml_navis",1030.68018167584
"7901009",15,0,1,0.029904,1,0.007476,1,124.8744310928,1,4.85111252930855,740,1,7.19299983978271,34.9169998168945,0.0299040004611015,0,120.418403625488,-87.8921,25.6261,83.439079468389,63,63,63,63,61,63,0,8045,1.29563008188212,26,-88,0.001869,51,2023-10-28 18:19:01.001959,740,1.037,0.0011,"aoml_navis",1030.69140734047
"7901009",15,0,1,0.029904,1,0.007476,1,124.866131701923,1,4.85106828973334,741.700012207031,1,7.18200016021729,34.9169998168945,0.0299040004611015,0,120.410400390625,-87.8921,25.6261,83.439079468389,63,63,63,63,61,63,0,8045,1.29563008188212,26,-88,0.001869,51,2023-10-28 18:19:01.001959,741.700012207031,1.037,0.0011,"aoml_navis",1030.70080678556
"7901009",15,0,1,0.028035,1,0.005607,1,124.946190363775,1,4.8510142703508,744,1,7.17500019073486,34.9169998168945,0.0280349999666214,0,120.487602233887,-87.8921,25.6261,83.439079468389,63,63,63,63,61,63,0,8045,1.29563008188212,26,-88,0.001869,51,2023-10-28 18:19:01.001959,744,1.037,0.0011,"aoml_navis",1030.71228434841
"7901009",15,0,1,0.026166,1,0.003738,1,124.907715685192,1,4.8509688418907,746,1,7.1710000038147,34.9169998168945,0.0261659994721413,0,120.450500488281,-87.8921,25.6261,83.439079468389,63,63,63,63,61,63,0,8045,1.29563008188212,26,-88,0.001869,51,2023-10-28 18:19:01.001959,746,1.037,0.0011,"aoml_navis",1030.72193678556
"7901009",15,0,1,0.031773,1,0.009345,1,124.928555147126,1,4.85092415500504,748,1,7.16800022125244,34.9169998168945,0.0317730009555817,0,120.470596313477,-87.8921,25.6261,83.439079468389,63,63,63,63,61,63,0,8045,1.29563008188212,26,-88,0.001869,51,2023-10-28 18:19:01.001959,748,1.037,0.0011,"aoml_navis",1030.73143183266
"7901009",15,0,1,0.033642,1,0.011214,1,125.093340383717,1,4.85087133783712,750,1,7.15399980545044,34.9169998168945,0.0336420014500618,0,120.629501342773,-87.8921,25.6261,83.439079468389,63,63,63,63,61,63,0,8045,1.29563008188212,26,-88,0.001869,51,2023-10-28 18:19:01.001959,750,1.037,0.0011,"aoml_navis",1030.74265462365
"7901009",15,0,1,0.029904,1,0.007476,1,125.357465135893,1,4.85081556325006,752,1,7.13100004196167,34.9160003662109,0.0299040004611015,0,120.884201049805,-87.8921,25.6261,83.439079468389,63,63,63,63,61,63,0,8045,1.29563008188212,26,-88,0.001869,51,2023-10-28 18:19:01.001959,752,1.037,0.0011,"aoml_navis",1030.75450608351
"7901009",15,0,1,0.031773,1,0.009345,1,125.723010185162,1,4.85074655080717,754,1,7.09499979019165,34.9160003662109,0.0317730009555817,0,121.236701965332,-87.8921,25.6261,83.439079468389,63,63,63,63,61,63,0,8045,1.29563008188212,26,-88,0.001869,51,2023-10-28 18:19:01.001959,754,1.037,0.0011,"aoml_navis",1030.7691708131
"7901009",15,0,1,0.028035,1,0.005607,1,126.058688503677,1,4.85068126634811,756,1,7.06400012969971,34.9160003662109,0.0280349999666214,0,121.560401916504,-87.8921,25.6261,83.439079468389,63,63,63,63,61,63,0,8045,1.29563008188212,26,-88,0.001869,51,2023-10-28 18:19:01.001959,756,1.037,0.0011,"aoml_navis",1030.7830437526
"7901009",15,0,1,0.033642,1,0.011214,1,126.326444733845,1,4.85062336005607,758,1,7.04300022125244,34.9160003662109,0.0336420014500618,0,121.818603515625,-87.8921,25.6261,83.439079468389,63,63,63,63,61,63,0,8045,1.29563008188212,26,-88,0.001869,51,2023-10-28 18:19:01.001959,758,1.037,0.0011,"aoml_navis",1030.79534914502
"7901009",15,0,1,0.026166,1,0.003738,1,126.62810267031,1,4.8505713504192,760,1,7.02500009536743,34.9150009155273,0.0261659994721413,0,122.109497070312,-87.8921,25.6261,83.439079468389,63,63,63,63,61,63,0,8045,1.29563008188212,26,-88,0.001869,51,2023-10-28 18:19:01.001959,760,1.037,0.0011,"aoml_navis",1030.80640171758
"7901009",15,0,1,0.031773,1,0.009345,1,126.896586778419,1,4.85051129391008,762,1,6.99599981307983,34.9140014648438,0.0317730009555817,0,122.36840057373,-87.8921,25.6261,83.439079468389,63,63,63,63,61,63,0,8045,1.29563008188212,26,-88,0.001869,51,2023-10-28 18:19:01.001959,762,1.037,0.0011,"aoml_navis",1030.81916462654
"7901009",15,0,1,0.026166,1,0.003738,1,127.200222644074,1,4.85045933000231,764,1,6.97800016403198,34.9129981994629,0.0261659994721413,0,122.661201477051,-87.8921,25.6261,83.439079468389,63,63,63,63,61,63,0,8045,1.29563008188212,26,-88,0.001869,51,2023-10-28 18:19:01.001959,764,1.037,0.0011,"aoml_navis",1030.83020799138
"7901009",15,0,1,0.028035,1,0.005607,1,127.60662379867,1,4.85041394356886,766,1,6.9689998626709,34.9119987487793,0.0280349999666214,0,123.053100585938,-87.8921,25.6261,83.439079468389,63,63,63,63,61,63,0,8045,1.29563008188212,26,-88,0.001869,51,2023-10-28 18:19:01.001959,766,1.037,0.0011,"aoml_navis",1030.83985370557
"7901009",15,0,1,0.031773,1,0.009345,1,128.168577216402,1,4.85035613893537,768,1,6.94299983978271,34.9109992980957,0.0317730009555817,0,123.595001220703,-87.8921,25.6261,83.439079468389,63,63,63,63,61,63,0,8045,1.29563008188212,26,-88,0.001869,51,2023-10-28 18:19:01.001959,768,1.037,0.0011,"aoml_navis",1030.85213884881
"7901009",15,0,1,0.029904,1,0.007476,1,128.622163849729,1,4.85029839607668,770,1,6.91200017929077,34.9090003967285,0.0299040004611015,0,124.032402038574,-87.8921,25.6261,83.439079468389,63,63,63,63,61,63,0,8045,1.29563008188212,26,-88,0.001869,51,2023-10-28 18:19:01.001959,770,1.037,0.0011,"aoml_navis",1030.86441115549
"7901009",15,0,1,0.029904,1,0.007476,1,128.810692148304,1,4.85023478550771,772,1,6.88299989700317,34.9090003967285,0.0299040004611015,0,124.214202880859,-87.8921,25.6261,83.439079468389,63,63,63,63,61,63,0,8045,1.29563008188212,26,-88,0.001869,51,2023-10-28 18:19:01.001959,772,1.037,0.0011,"aoml_navis",1030.87793088693
"7901009",15,0,1,0.031773,1,0.009345,1,129.021927073967,1,4.85017702117757,774,1,6.86199998855591,34.9090003967285,0.0317730009555817,0,124.417900085449,-87.8921,25.6261,83.439079468389,63,63,63,63,61,63,0,8045,1.29563008188212,26,-88,0.001869,51,2023-10-28 18:19:01.001959,774,1.037,0.0011,"aoml_navis",1030.89020837142
"7901009",15,0,1,0.026166,1,0.003738,1,129.312492783541,1,4.85012731066411,776,1,6.84700012207031,34.9080009460449,0.0261659994721413,0,124.698097229004,-87.8921,25.6261,83.439079468389,63,63,63,63,61,63,0,8045,1.29563008188212,26,-88,0.001869,51,2023-10-28 18:19:01.001959,776,1.037,0.0011,"aoml_navis",1030.90077429645
"7901009",15,0,1,0.028035,1,0.005607,1,129.677420718903,1,4.85006884828382,778,1,6.82499980926514,34.9080009460449,0.0280349999666214,0,125.050003051758,-87.8921,25.6261,83.439079468389,63,63,63,63,61,63,0,8045,1.29563008188212,26,-88,0.001869,51,2023-10-28 18:19:01.001959,778,1.037,0.0011,"aoml_navis",1030.91320070008
"7901009",15,0,1,0.029904,1,0.007476,1,130.22112180608,1,4.85001118759049,780,1,6.79899978637695,34.9070014953613,0.0299040004611015,0,125.57430267334,-87.8921,25.6261,83.439079468389,63,63,63,63,61,63,0,8045,1.29563008188212,26,-88,0.001869,51,2023-10-28 18:19:01.001959,780,1.037,0.0011,"aoml_navis",1030.9254569955
"7901009",15,0,1,0.028035,1,0.005607,1,130.681757779037,1,4.84995565935394,782,1,6.7810001373291,34.9070014953613,0.0280349999666214,0,126.018501281738,-87.8921,25.6261,83.439079468389,63,63,63,63,61,63,0,8045,1.29563008188212,26,-88,0.001869,51,2023-10-28 18:19:01.001959,782,1.037,0.0011,"aoml_navis",1030.93726029364
"7901009",15,0,1,0.028035,1,0.005607,1,130.941111766009,1,4.84990745256665,784,1,6.76800012588501,34.9059982299805,0.0280349999666214,0,126.268600463867,-87.8921,25.6261,83.439079468389,63,63,63,63,61,63,0,8045,1.29563008188212,26,-88,0.001869,51,2023-10-28 18:19:01.001959,784,1.037,0.0011,"aoml_navis",1030.9475075352
"7901009",15,0,1,0.029904,1,0.007476,1,131.108586986296,1,4.84985700200451,786,1,6.75699996948242,34.9059982299805,0.0299040004611015,0,126.430099487305,-87.8921,25.6261,83.439079468389,63,63,63,63,61,63,0,8045,1.29563008188212,26,-88,0.001869,51,2023-10-28 18:19:01.001959,786,1.037,0.0011,"aoml_navis",1030.95823195064
"7901009",15,0,1,0.026166,1,0.003738,1,131.244328310676,1,4.84981016850603,788,1,6.75099992752075,34.9059982299805,0.0261659994721413,0,126.560997009277,-87.8921,25.6261,83.439079468389,63,63,63,63,61,63,0,8045,1.29563008188212,26,-88,0.001869,51,2023-10-28 18:19:01.001959,788,1.037,0.0011,"aoml_navis",1030.96818767656
"7901009",15,0,1,0.029904,1,0.007476,1,131.372917443108,1,4.84976189216068,790,1,6.74300003051758,34.9059982299805,0.0299040004611015,0,126.684997558594,-87.8921,25.6261,83.439079468389,63,63,63,63,61,63,0,8045,1.29563008188212,26,-88,0.001869,51,2023-10-28 18:19:01.001959,790,1.037,0.0011,"aoml_navis",1030.97845031983
"7901009",15,0,1,0.031773,1,0.009345,1,131.532726209859,1,4.84971434069201,792,1,6.73600006103516,34.9059982299805,0.0317730009555817,0,126.83910369873,-87.8921,25.6261,83.439079468389,63,63,63,63,61,63,0,8045,1.29563008188212,26,-88,0.001869,51,2023-10-28 18:19:01.001959,792,1.037,0.0011,"aoml_navis",1030.9885590677
"7901009",15,0,1,0.029904,1,0.007476,1,131.710668631414,1,4.84966173780558,794,1,6.72200012207031,34.9059982299805,0.0299040004611015,0,127.010696411133,-87.8921,25.6261,83.439079468389,63,63,63,63,61,63,0,8045,1.29563008188212,26,-88,0.001869,51,2023-10-28 18:19:01.001959,794,1.037,0.0011,"aoml_navis",1030.99974190415
"7901009",15,0,1,0.028035,1,0.005607,1,132.018038827377,1,4.84960337279325,796,1,6.69999980926514,34.9059982299805,0.0280349999666214,0,127.307098388672,-87.8921,25.6261,83.439079468389,63,63,63,63,61,63,0,8045,1.29563008188212,26,-88,0.001869,51,2023-10-28 18:19:01.001959,796,1.037,0.0011,"aoml_navis",1031.01214999364
"7901009",15,0,1,0.024297,1,0.001869,1,132.361913684452,1,4.84953863211269,798,1,6.66400003433228,34.9049987792969,0.0242970008403063,0,127.638702392578,-87.8921,25.6261,83.439079468389,63,63,63,63,61,63,0,8045,1.29563008188212,26,-88,0.001869,51,2023-10-28 18:19:01.001959,798,1.037,0.0011,"aoml_navis",1031.02591386549
"7901009",15,0,1,0.031773,1,0.009345,1,132.558424905233,1,4.84947160727518,800,1,6.63500022888184,34.9059982299805,0.0317730009555817,0,127.828201293945,-87.8921,25.6261,83.439079468389,63,63,63,63,61,63,0,8045,1.29563008188212,26,-88,0.001869,51,2023-10-28 18:19:01.001959,800,1.037,0.0011,"aoml_navis",1031.0401637364
"7901009",15,0,1,0.029904,1,0.007476,1,132.664821672165,1,4.84941833663279,802,1,6.61999988555908,34.9059982299805,0.0299040004611015,0,127.930801391602,-87.8921,25.6261,83.439079468389,63,63,63,63,61,63,0,8045,1.29563008188212,26,-88,0.001869,51,2023-10-28 18:19:01.001959,802,1.037,0.0011,"aoml_navis",1031.05148966624
"7901009",15,0,1,0.029904,1,0.007476,1,132.833119710995,1,4.84937449276596,804,1,6.61299991607666,34.9049987792969,0.0299040004611015,0,128.09309387207,-87.8921,25.6261,83.439079468389,63,63,63,63,61,63,0,8045,1.29563008188212,26,-88,0.001869,51,2023-10-28 18:19:01.001959,804,1.037,0.0011,"aoml_navis",1031.06081154564
"7901009",15,0,1,0.033642,1,0.011214,1,133.068841400018,1,4.84931765045816,806,1,6.59299993515015,34.9049987792969,0.0336420014500618,0,128.320404052734,-87.8921,25.6261,83.439079468389,63,63,63,63,61,63,0,8045,1.29563008188212,26,-88,0.001869,51,2023-10-28 18:19:01.001959,806,1.037,0.0011,"aoml_navis",1031.07289734415
"7901009",15,0,1,0.029904,1,0.007476,1,133.324041735693,1,4.84926153855623,808,1,6.57399988174438,34.9049987792969,0.0299040004611015,0,128.566497802734,-87.8921,25.6261,83.439079468389,63,63,63,63,61,63,0,8045,1.29563008188212,26,-88,0.001869,51,2023-10-28 18:19:01.001959,808,1.037,0.0011,"aoml_navis",1031.08482812182
"7901009",15,0,1,0.029904,1,0.007476,1,133.547104677907,1,4.84921402417913,810,1,6.56699991226196,34.9049987792969,0.0299040004611015,0,128.781600952148,-87.8921,25.6261,83.439079468389,63,63,63,63,61,63,0,8045,1.29563008188212,26,-88,0.001869,51,2023-10-28 18:19:01.001959,810,1.037,0.0011,"aoml_navis",1031.09493106904
"7901009",15,0,1,0.028035,1,0.005607,1,133.90715108403,1,4.84916804721029,812,1,6.55700016021729,34.9039993286133,0.0280349999666214,0,129.128799438477,-87.8921,25.6261,83.439079468389,63,63,63,63,61,63,0,8045,1.29563008188212,26,-88,0.001869,51,2023-10-28 18:19:01.001959,812,1.037,0.0011,"aoml_navis",1031.10470730675
"7901009",15,0,1,0.031773,1,0.009345,1,134.244696567701,1,4.84911696240712,814,1,6.54500007629395,34.9039993286133,0.0317730009555817,0,129.454299926758,-87.8921,25.6261,83.439079468389,63,63,63,63,61,63,0,8045,1.29563008188212,26,-88,0.001869,51,2023-10-28 18:19:01.001959,814,1.037,0.0011,"aoml_navis",1031.1155698579
"7901009",15,0,1,0.029904,1,0.007476,1,134.662292801506,1,4.84905945393892,816,1,6.52400016784668,34.9039993286133,0.0299040004611015,0,129.856994628906,-87.8921,25.6261,83.439079468389,63,63,63,63,61,63,0,8045,1.29563008188212,26,-88,0.001869,51,2023-10-28 18:19:01.001959,816,1.037,0.0011,"aoml_navis",1031.12779859576
"7901009",15,0,1,0.028035,1,0.005607,1,135.093892773969,1,4.84899566236161,818,1,6.48899984359741,34.9029998779297,0.0280349999666214,0,130.273193359375,-87.8921,25.6261,83.439079468389,63,63,63,63,61,63,0,8045,1.29563008188212,26,-88,0.001869,51,2023-10-28 18:19:01.001959,818,1.037,0.0011,"aoml_navis",1031.14136372827
"7901009",15,0,1,0.028035,1,0.005607,1,135.370154099649,1,4.84893677524388,820,1,6.46600008010864,34.9029998779297,0.0280349999666214,0,130.539596557617,-87.8921,25.6261,83.439079468389,63,63,63,63,61,63,0,8045,1.29563008188212,26,-88,0.001869,51,2023-10-28 18:19:01.001959,820,1.037,0.0011,"aoml_navis",1031.15388625551
"7901009",15,0,1,0.031773,1,0.009345,1,135.53503427684,1,4.84888786167947,822,1,6.45699977874756,34.9029998779297,0.0317730009555817,0,130.698593139648,-87.8921,25.6261,83.439079468389,63,63,63,63,61,63,0,8045,1.29563008188212,26,-88,0.001869,51,2023-10-28 18:19:01.001959,822,1.037,0.0011,"aoml_navis",1031.16428810713
"7901009",15,0,1,0.033642,1,0.011214,1,135.729899860536,1,4.84884250772952,824,1,6.45300006866455,34.9029998779297,0.0336420014500618,0,130.886505126953,-87.8921,25.6261,83.439079468389,63,63,63,63,61,63,0,8045,1.29563008188212,26,-88,0.001869,51,2023-10-28 18:19:01.001959,824,1.037,0.0011,"aoml_navis",1031.17393316642
"7901009",15,0,1,0.033642,1,0.011214,1,136.026889884116,1,4.84879941420357,826,1,6.44700002670288,34.9020004272461,0.0336420014500618,0,131.172897338867,-87.8921,25.6261,83.439079468389,63,63,63,63,61,63,0,8045,1.29563008188212,26,-88,0.001869,51,2023-10-28 18:19:01.001959,826,1.037,0.0011,"aoml_navis",1031.18309768672
"7901009",15,0,1,0.029904,1,0.007476,1,136.442729716801,1,4.84874482174397,828,1,6.42999982833862,34.9020004272461,0.0299040004611015,0,131.57389831543,-87.8921,25.6261,83.439079468389,63,63,63,63,61,63,0,8045,1.29563008188212,26,-88,0.001869,51,2023-10-28 18:19:01.001959,828,1.037,0.0011,"aoml_navis",1031.19470787114
"7901009",15,0,1,0.029904,1,0.007476,1,136.804848992715,1,4.84868598123804,830,1,6.40700006484985,34.9020004272461,0.0299040004611015,0,131.923095703125,-87.8921,25.6261,83.439079468389,63,63,63,63,61,63,0,8045,1.29563008188212,26,-88,0.001869,51,2023-10-28 18:19:01.001959,830,1.037,0.0011,"aoml_navis",1031.2072217808
"7901009",15,0,1,0.031773,1,0.009345,1,137.115225641046,1,4.84863070441375,832,1,6.38899993896484,34.9020004272461,0.0317730009555817,0,132.222396850586,-87.8921,25.6261,83.439079468389,63,63,63,63,61,63,0,8045,1.29563008188212,26,-88,0.001869,51,2023-10-28 18:19:01.001959,832,1.037,0.0011,"aoml_navis",1031.21897806085
"7901009",15,0,1,0.031773,1,0.009345,1,137.384224010743,1,4.84858323293223,834,1,6.38199996948242,34.9020004272461,0.0317730009555817,0,132.481796264648,-87.8921,25.6261,83.439079468389,63,63,63,63,61,63,0,8045,1.29563008188212,26,-88,0.001869,51,2023-10-28 18:19:01.001959,834,1.037,0.0011,"aoml_navis",1031.22907451384
"7901009",15,0,1,0.028035,1,0.005607,1,137.885415443791,1,4.84852499821398,836,1,6.36499977111816,34.9029998779297,0.0280349999666214,0,132.965103149414,-87.8921,25.6261,83.439079468389,63,63,63,63,61,63,0,8045,1.29563008188212,26,-88,0.001869,51,2023-10-28 18:19:01.001959,836,1.037,0.0011,"aoml_navis",1031.24146041153
"7901009",15,0,1,0.026166,1,0.003738,1,138.409202739893,1,4.84846338313515,838,1,6.33799982070923,34.9029998779297,0.0261659994721413,0,133.470199584961,-87.8921,25.6261,83.439079468389,63,63,63,63,61,63,0,8045,1.29563008188212,26,-88,0.001869,51,2023-10-28 18:19:01.001959,838,1.037,0.0011,"aoml_navis",1031.25456559947
"7901009",15,0,1,0.033642,1,0.011214,1,138.752666187696,1,4.84841748475189,840,1,6.32800006866455,34.9020004272461,0.0336420014500618,0,133.801406860352,-87.8921,25.6261,83.439079468389,63,63,63,63,61,63,0,8045,1.29563008188212,26,-88,0.001869,51,2023-10-28 18:19:01.001959,840,1.037,0.0011,"aoml_navis",1031.2643281493
"7901009",15,0,1,0.031773,1,0.009345,1,139.095180229489,1,4.84835363611979,842,1,6.30299997329712,34.9029998779297,0.0317730009555817,0,134.131698608398,-87.8921,25.6261,83.439079468389,63,63,63,63,61,63,0,8045,1.29563008188212,26,-88,0.001869,51,2023-10-28 18:19:01.001959,842,1.037,0.0011,"aoml_navis",1031.27790901028
"7901009",15,0,1,0.028035,1,0.005607,1,139.495782095703,1,4.84829983668448,844,1,6.28700017929077,34.9029998779297,0.0280349999666214,0,134.518005371094,-87.8921,25.6261,83.439079468389,63,63,63,63,61,63,0,8045,1.29563008188212,26,-88,0.001869,51,2023-10-28 18:19:01.001959,844,1.037,0.0011,"aoml_navis",1031.28935264434
"7901009",15,0,1,0.033642,1,0.011214,1,139.866509319447,1,4.84824463729227,846,1,6.26900005340576,34.9029998779297,0.0336420014500618,0,134.875503540039,-87.8921,25.6261,83.439079468389,63,63,63,63,61,63,0,8045,1.29563008188212,26,-88,0.001869,51,2023-10-28 18:19:01.001959,846,1.037,0.0011,"aoml_navis",1031.30109432607
"7901009",15,0,1,0.029904,1,0.007476,1,140.105126696803,1,4.84819015318496,848,1,6.2519998550415,34.9029998779297,0.0299040004611015,0,135.105606079102,-87.8921,25.6261,83.439079468389,63,63,63,63,61,63,0,8045,1.29563008188212,26,-88,0.001869,51,2023-10-28 18:19:01.001959,848,1.037,0.0011,"aoml_navis",1031.3126841189
"7901009",15,0,1,0.026166,1,0.003738,1,140.33388607508,1,4.84814060223667,850,1,6.24200010299683,34.9029998779297,0.0261659994721413,0,135.326202392578,-87.8921,25.6261,83.439079468389,63,63,63,63,61,63,0,8045,1.29563008188212,26,-88,0.001869,51,2023-10-28 18:19:01.001959,850,1.037,0.0011,"aoml_navis",1031.32322476235
"7901009",15,0,1,0.031773,1,0.009345,1,140.658044933999,1,4.8480875400246,852,1,6.22700023651123,34.9029998779297,0.0317730009555817,0,135.638793945312,-87.8921,25.6261,83.439079468389,63,63,63,63,61,63,0,8045,1.29563008188212,26,-88,0.001869,51,2023-10-28 18:19:01.001959,852,1.037,0.0011,"aoml_navis",1031.33451257248
"7901009",15,0,1,0.026166,1,0.003738,1,141.086337808859,1,4.84803097447695,854,1,6.20699977874756,34.9029998779297,0.0261659994721413,0,136.051803588867,-87.8921,25.6261,83.439079468389,63,63,63,63,61,63,0,8045,1.29563008188212,26,-88,0.001869,51,2023-10-28 18:19:01.001959,854,1.037,0.0011,"aoml_navis",1031.34654591175
"7901009",15,0,1,0.029904,1,0.007476,1,141.419009675007,1,4.84796583432012,856,1,6.17999982833862,34.9039993286133,0.0299040004611015,0,136.372604370117,-87.8921,25.6261,83.439079468389,63,63,63,63,61,63,0,8045,1.29563008188212,26,-88,0.001869,51,2023-10-28 18:19:01.001959,856,1.037,0.0011,"aoml_navis",1031.36040369831
"7901009",15,0,1,0.024297,1,0.001869,1,141.634081783297,1,4.84790860392054,858,1,6.15899991989136,34.9039993286133,0.0242970008403063,0,136.580001831055,-87.8921,25.6261,83.439079468389,63,63,63,63,61,63,0,8045,1.29563008188212,26,-88,0.001869,51,2023-10-28 18:19:01.001959,858,1.037,0.0011,"aoml_navis",1031.37257908626
"7901009",15,0,1,0.029904,1,0.007476,1,141.732392775705,1,4.84785838421895,860,1,6.14799976348877,34.9039993286133,0.0299040004611015,0,136.6748046875,-87.8921,25.6261,83.439079468389,63,63,63,63,61,63,0,8045,1.29563008188212,26,-88,0.001869,51,2023-10-28 18:19:01.001959,860,1.037,0.0011,"aoml_navis",1031.38326323151
"7901009",15,0,1,0.029904,1,0.007476,1,141.78279041144,1,4.84781236617569,862,1,6.14300012588501,34.9039993286133,0.0299040004611015,0,136.723403930664,-87.8921,25.6261,83.439079468389,63,63,63,63,61,63,0,8045,1.29563008188212,26,-88,0.001869,51,2023-10-28 18:19:01.001959,862,1.037,0.0011,"aoml_navis",1031.39305367637
"7901009",15,0,1,0.029904,1,0.007476,1,141.905770136692,1,4.84776565012544,864,1,6.13700008392334,34.9039993286133,0.0299040004611015,0,136.841995239258,-87.8921,25.6261,83.439079468389,63,63,63,63,61,63,0,8045,1.29563008188212,26,-88,0.001869,51,2023-10-28 18:19:01.001959,864,1.037,0.0011,"aoml_navis",1031.40299281394
"7901009",15,0,1,0.026166,1,0.003738,1,141.950677040998,1,4.84772103447342,866,1,6.13399982452393,34.9039993286133,0.0261659994721413,0,136.885299682617,-87.8921,25.6261,83.439079468389,63,63,63,63,61,63,0,8045,1.29563008188212,26,-88,0.001869,51,2023-10-28 18:19:01.001959,866,1.037,0.0011,"aoml_navis",1031.41248525723
"7901009",15,0,1,0.028035,1,0.005607,1,142.119813721804,1,4.84767502191195,868,1,6.12900018692017,34.9039993286133,0.0280349999666214,0,137.048400878906,-87.8921,25.6261,83.439079468389,63,63,63,63,61,63,0,8045,1.29563008188212,26,-88,0.001869,51,2023-10-28 18:19:01.001959,868,1.037,0.0011,"aoml_navis",1031.42227509054
"7901009",15,0,1,0.028035,1,0.005607,1,142.319331394952,1,4.84762621320679,870,1,6.11999988555908,34.9039993286133,0.0280349999666214,0,137.240798950195,-87.8921,25.6261,83.439079468389,63,63,63,63,61,63,0,8045,1.29563008188212,26,-88,0.001869,51,2023-10-28 18:19:01.001959,870,1.037,0.0011,"aoml_navis",1031.4326600467
"7901009",15,0,1,0.028035,1,0.005607,1,142.522583398409,1,4.84757950506779,872,1,6.11399984359741,34.9039993286133,0.0280349999666214,0,137.436798095703,-87.8921,25.6261,83.439079468389,63,63,63,63,61,63,0,8045,1.29563008188212,26,-88,0.001869,51,2023-10-28 18:19:01.001959,872,1.037,0.0011,"aoml_navis",1031.44259826432
"7901009",15,0,1,0.028035,1,0.005607,1,142.721373193616,1,4.84753209993358,874,1,6.10699987411499,34.9039993286133,0.0280349999666214,0,137.628494262695,-87.8921,25.6261,83.439079468389,63,63,63,63,61,63,0,8045,1.29563008188212,26,-88,0.001869,51,2023-10-28 18:19:01.001959,874,1.037,0.0011,"aoml_navis",1031.45268497933
"7901009",15,0,1,0.029904,1,0.007476,1,142.906175073598,1,4.84748469705942,876,1,6.09999990463257,34.9039993286133,0.0299040004611015,0,137.806701660156,-87.8921,25.6261,83.439079468389,63,63,63,63,61,63,0,8045,1.29563008188212,26,-88,0.001869,51,2023-10-28 18:19:01.001959,876,1.037,0.0011,"aoml_navis",1031.46277141073
"7901009",15,0,1,0.031773,1,0.009345,1,143.110455600233,1,4.84743520067149,878,1,6.09000015258789,34.9039993286133,0.0317730009555817,0,138.003692626953,-87.8921,25.6261,83.439079468389,63,63,63,63,61,63,0,8045,1.29563008188212,26,-88,0.001869,51,2023-10-28 18:19:01.001959,878,1.037,0.0011,"aoml_navis",1031.47330351262
"7901009",15,0,1,0.033642,1,0.011214,1,143.243609793234,1,4.8473878027766,880,1,6.08300018310547,34.9039993286133,0.0336420014500618,0,138.132095336914,-87.8921,25.6261,83.439079468389,63,63,63,63,61,63,0,8045,1.29563008188212,26,-88,0.001869,51,2023-10-28 18:19:01.001959,880,1.037,0.0011,"aoml_navis",1031.48338928773
"7901009",15,0,1,0.031773,1,0.009345,1,143.4151358125,1,4.84734320037381,882,1,6.07999992370605,34.9039993286133,0.0317730009555817,0,138.297500610352,-87.8921,25.6261,83.439079468389,63,63,63,63,61,63,0,8045,1.29563008188212,26,-88,0.001869,51,2023-10-28 18:19:01.001959,882,1.037,0.0011,"aoml_navis",1031.49288039155
"7901009",15,0,1,0.028035,1,0.005607,1,143.598276231963,1,4.8472951081505,884,1,6.07200002670288,34.9039993286133,0.0280349999666214,0,138.474105834961,-87.8921,25.6261,83.439079468389,63,63,63,63,61,63,0,8045,1.29563008188212,26,-88,0.001869,51,2023-10-28 18:19:01.001959,884,1.037,0.0011,"aoml_navis",1031.50311430239
"7901009",15,0,1,0.028035,1,0.005607,1,143.926375125827,1,4.84724352882158,886,1,6.05900001525879,34.9039993286133,0.0280349999666214,0,138.790496826172,-87.8921,25.6261,83.439079468389,63,63,63,63,61,63,0,8045,1.29563008188212,26,-88,0.001869,51,2023-10-28 18:19:01.001959,886,1.037,0.0011,"aoml_navis",1031.51409048671
"7901009",15,0,1,0.029904,1,0.007476,1,144.153378102985,1,4.84718687947234,888,1,6.04400014877319,34.9049987792969,0.0299040004611015,0,139.009399414062,-87.8921,25.6261,83.439079468389,63,63,63,63,61,63,0,8045,1.29563008188212,26,-88,0.001869,51,2023-10-28 18:19:01.001959,888,1.037,0.0011,"aoml_navis",1031.52614585066
"7901009",15,0,1,0.029904,1,0.007476,1,144.309555391745,1,4.84713670643786,890,1,6.03299999237061,34.9049987792969,0.0299040004611015,0,139.160003662109,-87.8921,25.6261,83.439079468389,63,63,63,63,61,63,0,8045,1.29563008188212,26,-88,0.001869,51,2023-10-28 18:19:01.001959,890,1.037,0.0011,"aoml_navis",1031.53682324641
"7901009",15,0,1,0.029904,1,0.007476,1,144.543299151578,1,4.8470879311286,892,1,6.02400016784668,34.9049987792969,0.0299040004611015,0,139.385406494141,-87.8921,25.6261,83.439079468389,63,63,63,63,61,63,0,8045,1.29563008188212,26,-88,0.001869,51,2023-10-28 18:19:01.001959,892,1.037,0.0011,"aoml_navis",1031.54720340215
"7901009",15,0,1,0.029904,1,0.007476,1,144.777865729955,1,4.84703776594145,894,1,6.01300001144409,34.9049987792969,0.0299040004611015,0,139.611602783203,-87.8921,25.6261,83.439079468389,63,63,63,63,61,63,0,8045,1.29563008188212,26,-88,0.001869,51,2023-10-28 18:19:01.001959,894,1.037,0.0011,"aoml_navis",1031.55787956376
"7901009",15,0,1,0.029904,1,0.007476,1,145.048525560171,1,4.84698412612856,896,1,5.99700021743774,34.9049987792969,0.0299040004611015,0,139.872604370117,-87.8921,25.6261,83.439079468389,63,63,63,63,61,63,0,8045,1.29563008188212,26,-88,0.001869,51,2023-10-28 18:19:01.001959,896,1.037,0.0011,"aoml_navis",1031.56929544014
"7901009",15,0,1,0.026166,1,0.003738,1,145.27976921751,1,4.84693953560018,898,1,5.99399995803833,34.9049987792969,0.0261659994721413,0,140.095596313477,-87.8921,25.6261,83.439079468389,63,63,63,63,61,63,0,8045,1.29563008188212,26,-88,0.001869,51,2023-10-28 18:19:01.001959,898,1.037,0.0011,"aoml_navis",1031.57878559772
"7901009",15,0,1,0.026166,1,0.003738,1,145.741038127808,1,4.8468893821763,900,1,5.98299980163574,34.9049987792969,0.0261659994721413,0,140.540405273438,-87.8921,25.6261,83.439079468389,63,63,63,63,61,63,0,8045,1.29563008188212,26,-88,0.001869,51,2023-10-28 18:19:01.001959,900,1.037,0.0011,"aoml_navis",1031.58945990943
"7901009",15,0,1,0.029904,1,0.007476,1,146.156355787188,1,4.84682304906667,902,1,5.9539999961853,34.9059982299805,0.0299040004611015,0,140.940902709961,-87.8921,25.6261,83.439079468389,63,63,63,63,61,63,0,8045,1.29563008188212,26,-88,0.001869,51,2023-10-28 18:19:01.001959,902,1.037,0.0011,"aoml_navis",1031.6035781341
"7901009",15,0,1,0.033642,1,0.011214,1,146.402331061126,1,4.84676944235124,904,1,5.93800020217896,34.9059982299805,0.0336420014500618,0,141.178100585938,-87.8921,25.6261,83.439079468389,63,63,63,63,61,63,0,8045,1.29563008188212,26,-88,0.001869,51,2023-10-28 18:19:01.001959,904,1.037,0.0011,"aoml_navis",1031.61498797732
"7901009",15,0,1,0.029904,1,0.007476,1,146.722866353771,1,4.84671561440484,906,1,5.92700004577637,34.9070014953613,0.0299040004611015,0,141.487197875977,-87.8921,25.6261,83.439079468389,63,63,63,63,61,63,0,8045,1.29563008188212,26,-88,0.001869,51,2023-10-28 18:19:01.001959,906,1.037,0.0011,"aoml_navis",1031.62644516208
"7901009",15,0,1,0.028035,1,0.005607,1,146.984601767487,1,4.84666617903519,908,1,5.91699981689453,34.9070014953613,0.0280349999666214,0,141.739593505859,-87.8921,25.6261,83.439079468389,63,63,63,63,61,63,0,8045,1.29563008188212,26,-88,0.001869,51,2023-10-28 18:19:01.001959,908,1.037,0.0011,"aoml_navis",1031.6369676187
"7901009",15,0,1,0.029904,1,0.007476,1,147.27714540625,1,4.84661397740686,910,1,5.90299987792969,34.9070014953613,0.0299040004611015,0,142.021697998047,-87.8921,25.6261,83.439079468389,63,63,63,63,61,63,0,8045,1.29563008188212,26,-88,0.001869,51,2023-10-28 18:19:01.001959,910,1.037,0.0011,"aoml_navis",1031.64807911424
"7901009",15,0,1,0.028035,1,0.005607,1,147.487248956417,1,4.84656939680941,912,1,5.90000009536743,34.9070014953613,0.0280349999666214,0,142.224304199219,-87.8921,25.6261,83.439079468389,63,63,63,63,61,63,0,8045,1.29563008188212,26,-88,0.001869,51,2023-10-28 18:19:01.001959,912,1.037,0.0011,"aoml_navis",1031.65756860752
"7901009",15,0,1,0.031773,1,0.009345,1,147.776153205473,1,4.84651997136586,914,1,5.8899998664856,34.9070014953613,0.0317730009555817,0,142.502899169922,-87.8921,25.6261,83.439079468389,63,63,63,63,61,63,0,8045,1.29563008188212,26,-88,0.001869,51,2023-10-28 18:19:01.001959,914,1.037,0.0011,"aoml_navis",1031.66808958612
"7901009",15,0,1,0.029904,1,0.007476,1,148.105090741313,1,4.84646916601073,916,1,5.87799978256226,34.9070014953613,0.0299040004611015,0,142.820098876953,-87.8921,25.6261,83.439079468389,63,63,63,63,61,63,0,8045,1.29563008188212,26,-88,0.001869,51,2023-10-28 18:19:01.001959,916,1.037,0.0011,"aoml_navis",1031.67890452415
"7901009",15,0,1,0.028035,1,0.005607,1,148.421385353777,1,4.84641399315665,918,1,5.86499977111816,34.9080009460449,0.0280349999666214,0,143.125106811523,-87.8921,25.6261,83.439079468389,63,63,63,63,61,63,0,8045,1.29563008188212,26,-88,0.001869,51,2023-10-28 18:19:01.001959,918,1.037,0.0011,"aoml_navis",1031.69064942868
"7901009",15,0,1,0.031773,1,0.009345,1,148.857226006421,1,4.84636388946369,920,1,5.85400009155273,34.9080009460449,0.0317730009555817,0,143.545394897461,-87.8921,25.6261,83.439079468389,63,63,63,63,61,63,0,8045,1.29563008188212,26,-88,0.001869,51,2023-10-28 18:19:01.001959,920,1.037,0.0011,"aoml_navis",1031.70131546876
"7901009",15,0,1,0.031773,1,0.009345,1,149.141066756753,1,4.84630734660677,922,1,5.83900022506714,34.9090003967285,0.0317730009555817,0,143.819107055664,-87.8921,25.6261,83.439079468389,63,63,63,63,61,63,0,8045,1.29563008188212,26,-88,0.001869,51,2023-10-28 18:19:01.001959,922,1.037,0.0011,"aoml_navis",1031.71335253858
"7901009",15,0,1,0.031773,1,0.009345,1,149.367547560605,1,4.84625932282966,924,1,5.83099985122681,34.9090003967285,0.0317730009555817,0,144.037506103516,-87.8921,25.6261,83.439079468389,63,63,63,63,61,63,0,8045,1.29563008188212,26,-88,0.001869,51,2023-10-28 18:19:01.001959,924,1.037,0.0011,"aoml_navis",1031.72357625315
"7901009",15,0,1,0.026166,1,0.003738,1,149.706121567453,1,4.84620716270699,926,1,5.81699991226196,34.9090003967285,0.0261659994721413,0,144.363998413086,-87.8921,25.6261,83.439079468389,63,63,63,63,61,63,0,8045,1.29563008188212,26,-88,0.001869,51,2023-10-28 18:19:01.001959,926,1.037,0.0011,"aoml_navis",1031.73468077809
"7901009",15,0,1,0.028035,1,0.005607,1,150.14363950405,1,4.84615294210176,928,1,5.80000019073486,34.9090003967285,0.0280349999666214,0,144.785903930664,-87.8921,25.6261,83.439079468389,63,63,63,63,61,63,0,8045,1.29563008188212,26,-88,0.001869,51,2023-10-28 18:19:01.001959,928,1.037,0.0011,"aoml_navis",1031.74622421873
"7901009",15,0,1,0.028035,1,0.005607,1,150.552532849424,1,4.84609023237056,930,1,5.77600002288818,34.9099998474121,0.0280349999666214,0,145.180206298828,-87.8921,25.6261,83.439079468389,63,63,63,63,61,63,0,8045,1.29563008188212,26,-88,0.001869,51,2023-10-28 18:19:01.001959,930,1.037,0.0011,"aoml_navis",1031.75957529667
"7901009",15,0,1,0.028035,1,0.005607,1,150.847655707849,1,4.84604360138462,932,1,5.76999998092651,34.9099998474121,0.0280349999666214,0,145.464797973633,-87.8921,25.6261,83.439079468389,63,63,63,63,61,63,0,8045,1.29563008188212,26,-88,0.001869,51,2023-10-28 18:19:01.001959,932,1.037,0.0011,"aoml_navis",1031.76950338858
"7901009",15,0,1,0.028035,1,0.005607,1,151.179805400692,1,4.8459843528124,934,1,5.75099992752075,34.9109992980957,0.0280349999666214,0,145.785095214844,-87.8921,25.6261,83.439079468389,63,63,63,63,61,63,0,8045,1.29563008188212,26,-88,0.001869,51,2023-10-28 18:19:01.001959,934,1.037,0.0011,"aoml_navis",1031.78211813627
"7901009",15,0,1,0.026166,1,0.003738,1,151.315143227517,1,4.84592649051763,936,1,5.73400020599365,34.9119987487793,0.0261659994721413,0,145.915603637695,-87.8921,25.6261,83.439079468389,63,63,63,63,61,63,0,8045,1.29563008188212,26,-88,0.001869,51,2023-10-28 18:19:01.001959,936,1.037,0.0011,"aoml_navis",1031.79443802622
"7901009",15,0,1,0.026166,1,0.003738,1,151.389181072918,1,4.84587986807534,938,1,5.72800016403198,34.9119987487793,0.0261659994721413,0,145.986999511719,-87.8921,25.6261,83.439079468389,63,63,63,63,61,63,0,8045,1.29563008188212,26,-88,0.001869,51,2023-10-28 18:19:01.001959,938,1.037,0.0011,"aoml_navis",1031.80436496992
"7901009",15,0,1,0.031773,1,0.009345,1,151.408675543004,1,4.84583668030033,940,1,5.72700023651123,34.9119987487793,0.0317730009555817,0,146.005798339844,-87.8921,25.6261,83.439079468389,63,63,63,63,61,63,0,8045,1.29563008188212,26,-88,0.001869,51,2023-10-28 18:19:01.001959,940,1.037,0.0011,"aoml_navis",1031.81356076782
"7901009",15,0,1,0.029904,1,0.007476,1,151.458139596161,1,4.84579349439503,942,1,5.72599983215332,34.9119987487793,0.0299040004611015,0,146.053497314453,-87.8921,25.6261,83.439079468389,63,63,63,63,61,63,0,8045,1.29563008188212,26,-88,0.001869,51,2023-10-28 18:19:01.001959,942,1.037,0.0011,"aoml_navis",1031.82275633151
"7901009",15,0,1,0.029904,1,0.007476,1,151.490182049023,1,4.84575031101417,944,1,5.72499990463257,34.9119987487793,0.0299040004611015,0,146.084396362305,-87.8921,25.6261,83.439079468389,63,63,63,63,61,63,0,8045,1.29563008188212,26,-88,0.001869,51,2023-10-28 18:19:01.001959,944,1.037,0.0011,"aoml_navis",1031.83195152157
"7901009",15,0,1,0.026166,1,0.003738,1,151.601863842748,1,4.84570644281883,946,1,5.72300004959106,34.9119987487793,0.0261659994721413,0,146.192092895508,-87.8921,25.6261,83.439079468389,63,63,63,63,61,63,0,8045,1.29563008188212,26,-88,0.001869,51,2023-10-28 18:19:01.001959,946,1.037,0.0011,"aoml_navis",1031.8412926994
"7901009",15,0,1,0.029904,1,0.007476,1,151.826176836208,1,4.84565914145584,948,1,5.71600008010864,34.9119987487793,0.0299040004611015,0,146.408401489258,-87.8921,25.6261,83.439079468389,63,63,63,63,61,63,0,8045,1.29563008188212,26,-88,0.001869,51,2023-10-28 18:19:01.001959,948,1.037,0.0011,"aoml_navis",1031.85136511641
"7901009",15,0,1,0.028035,1,0.005607,1,152.179371695622,1,4.84561115566611,950,1,5.70800018310547,34.9119987487793,0.0280349999666214,0,146.748992919922,-87.8921,25.6261,83.439079468389,63,63,63,63,61,63,0,8045,1.29563008188212,26,-88,0.001869,51,2023-10-28 18:19:01.001959,950,1.037,0.0011,"aoml_navis",1031.86158347711
"7901009",15,0,1,0.029904,1,0.007476,1,152.44278439329,1,4.84555194331887,952,1,5.68900012969971,34.9129981994629,0.0299040004611015,0,147.003005981445,-87.8921,25.6261,83.439079468389,63,63,63,63,61,63,0,8045,1.29563008188212,26,-88,0.001869,51,2023-10-28 18:19:01.001959,952,1.037,0.0011,"aoml_navis",1031.87419276231
"7901009",15,0,1,0.028035,1,0.005607,1,152.545858239184,1,4.84550396496644,954,1,5.68100023269653,34.9129981994629,0.0280349999666214,0,147.102401733398,-87.8921,25.6261,83.439079468389,63,63,63,63,61,63,0,8045,1.29563008188212,26,-88,0.001869,51,2023-10-28 18:19:01.001959,954,1.037,0.0011,"aoml_navis",1031.88440999132
"7901009",15,0,1,0.028035,1,0.005607,1,152.761246816145,1,4.84545941726608,956,1,5.67799997329712,34.9129981994629,0.0280349999666214,0,147.310104370117,-87.8921,25.6261,83.439079468389,63,63,63,63,61,63,0,8045,1.29563008188212,26,-88,0.001869,51,2023-10-28 18:19:01.001959,956,1.037,0.0011,"aoml_navis",1031.89389682705
"7901009",15,0,1,0.029904,1,0.007476,1,153.003076350503,1,4.84541281424095,958,1,5.67199993133545,34.9129981994629,0.0299040004611015,0,147.543304443359,-87.8921,25.6261,83.439079468389,63,63,63,63,61,63,0,8045,1.29563008188212,26,-88,0.001869,51,2023-10-28 18:19:01.001959,958,1.037,0.0011,"aoml_navis",1031.90382154947
"7901009",15,0,1,0.031773,1,0.009345,1,153.351397592395,1,4.84536210055275,960,1,5.65999984741211,34.9129981994629,0.0317730009555817,0,147.879196166992,-87.8921,25.6261,83.439079468389,63,63,63,63,61,63,0,8045,1.29563008188212,26,-88,0.001869,51,2023-10-28 18:19:01.001959,960,1.037,0.0011,"aoml_navis",1031.91462190816
"7901009",15,0,1,0.033642,1,0.011214,1,153.904948766932,1,4.84530701246857,962,1,5.64699983596802,34.9140014648438,0.0336420014500618,0,148.412994384766,-87.8921,25.6261,83.439079468389,63,63,63,63,61,63,0,8045,1.29563008188212,26,-88,0.001869,51,2023-10-28 18:19:01.001959,962,1.037,0.0011,"aoml_navis",1031.92635412645
"7901009",15,0,1,0.028035,1,0.005607,1,154.262510893994,1,4.84525357198991,964,1,5.63100004196167,34.9140014648438,0.0280349999666214,0,148.757797241211,-87.8921,25.6261,83.439079468389,63,63,63,63,61,63,0,8045,1.29563008188212,26,-88,0.001869,51,2023-10-28 18:19:01.001959,964,1.037,0.0011,"aoml_navis",1031.93773570586
"7901009",15,0,1,0.026166,1,0.003738,1,154.660929126384,1,4.84520219151171,966,1,5.61800003051758,34.9140014648438,0.0261659994721413,0,149.141998291016,-87.8921,25.6261,83.439079468389,63,63,63,63,61,63,0,8045,1.29563008188212,26,-88,0.001869,51,2023-10-28 18:19:01.001959,966,1.037,0.0011,"aoml_navis",1031.94867878981
"7901009",15,0,1,0.029904,1,0.007476,1,155.053223690004,1,4.84514167114748,968,1,5.59700012207031,34.9150009155273,0.0299040004611015,0,149.520294189453,-87.8921,25.6261,83.439079468389,63,63,63,63,61,63,0,8045,1.29563008188212,26,-88,0.001869,51,2023-10-28 18:19:01.001959,968,1.037,0.0011,"aoml_navis",1031.96156879678
"7901009",15,0,1,0.028035,1,0.005607,1,155.282204596351,1,4.84508943175326,969.900024414062,1,5.58500003814697,34.9160003662109,0.0280349999666214,0,149.741104125977,-87.8921,25.6261,83.439079468389,63,63,63,63,61,63,0,8045,1.29563008188212,26,-88,0.001869,51,2023-10-28 18:19:01.001959,969.900024414062,1.037,0.0011,"aoml_navis",1031.97269532973
"7901009",15,0,1,0.026166,1,0.003738,1,155.43360320819,1,4.845042847866,971.900024414062,1,5.5789999961853,34.9160003662109,0.0261659994721413,0,149.887100219727,-87.8921,25.6261,83.439079468389,63,63,63,63,61,63,0,8045,1.29563008188212,26,-88,0.001869,51,2023-10-28 18:19:01.001959,971.900024414062,1.037,0.0011,"aoml_navis",1031.98261749166
"7901009",15,0,1,0.033642,1,0.011214,1,155.642662411746,1,4.84499414212764,974,1,5.57299995422363,34.9160003662109,0.0336420014500618,0,150.08869934082,-87.8921,25.6261,83.439079468389,63,63,63,63,61,63,0,8045,1.29563008188212,26,-88,0.001869,51,2023-10-28 18:19:01.001959,974,1.037,0.0011,"aoml_navis",1031.99299180252
"7901009",15,0,1,0.031773,1,0.009345,1,155.847781580357,1,4.84495029180503,976,1,5.57100009918213,34.9160003662109,0.0317730009555817,0,150.286499023438,-87.8921,25.6261,83.439079468389,63,63,63,63,61,63,0,8045,1.29563008188212,26,-88,0.001869,51,2023-10-28 18:19:01.001959,976,1.037,0.0011,"aoml_navis",1032.0023320894
"7901009",15,99999,9,99999,9,99999,9,156.118647115209,1,4.84490030223929,978,1,5.55999994277954,34.9160003662109,99999,99999,150.547698974609,-87.8921,25.6261,83.439079468389,63,63,63,63,61,63,0,8045,1.29563008188212,26,-88,0.001869,51,2023-10-28 18:19:01.001959,978,1.037,0.0011,"aoml_navis",1032.01298026484
"7901009",15,0,1,0.028035,1,0.005607,1,159.703572564738,1,4.84438072113238,999,1,5.46820020675659,34.9189987182617,0.0280349999666214,0,154.004699707031,-87.8921,25.6261,83.439079468389,63,63,63,63,61,63,0,8045,1.29563008188212,26,-88,0.001869,51,2023-10-28 18:19:01.001959,999,1.037,0.0011,"aoml_navis",1032.12366818916
"7901009",15,0,1,0.028035,1,0.005607,1,165.513082884799,1,4.84322240149947,1046.90002441406,1,5.29220008850098,34.9249992370605,0.0280349999666214,0,159.606903076172,-87.8921,25.6261,83.439079468389,63,63,63,63,61,63,0,8045,1.29563008188212,26,-88,0.001869,51,2023-10-28 18:19:01.001959,1046.90002441406,1.037,0.0011,"aoml_navis",1032.3705139892
"7901009",15,0,1,0.035511,1,0.013083,1,172.080852138738,1,4.84192572766062,1099.30004882812,1,5.06120014190674,34.9329986572266,0.0355109982192516,0,165.940307617188,-87.8921,25.6261,83.439079468389,63,63,63,63,61,63,0,8045,1.29563008188212,26,-88,0.001869,51,2023-10-28 18:19:01.001959,1099.30004882812,1.037,0.0011,"aoml_navis",1032.64698411963
"7901009",15,0,1,0.031773,1,0.009345,1,177.721115013959,1,4.84075273061691,1149.40002441406,1,4.91769981384277,34.9370002746582,0.0317730009555817,0,171.379302978516,-87.8921,25.6261,83.439079468389,63,63,63,63,61,63,0,8045,1.29563008188212,26,-88,0.001869,51,2023-10-28 18:19:01.001959,1149.40002441406,1.037,0.0011,"aoml_navis",1032.8972121166
"7901009",15,0,1,0.031773,1,0.009345,1,183.164138790458,1,4.83955540588613,1199.5,1,4.75239992141724,34.9440002441406,0.0317730009555817,0,176.62809753418,-87.8921,25.6261,83.439079468389,63,63,63,63,61,63,0,8045,1.29563008188212,26,-88,0.001869,51,2023-10-28 18:19:01.001959,1199.5,1.037,0.0011,"aoml_navis",1033.15275488296
"7901009",15,0,4,0.020559,1,-0.001869,1,187.912592952963,1,4.8383998621908,1249.80004882812,1,4.64349985122681,34.9490013122559,0.020558999851346,0,181.207107543945,-87.8921,25.6261,83.439079468389,63,63,63,63,61,63,0,8045,1.29563008188212,26,-88,0.001869,51,2023-10-28 18:19:01.001959,1249.80004882812,1.037,0.0011,"aoml_navis",1033.39950033316
"7901009",15,0,1,0.029904,1,0.007476,1,192.2052689366,1,4.83724654715746,1299.90002441406,1,4.52990007400513,34.9539985656738,0.0299040004611015,0,185.346603393555,-87.8921,25.6261,83.439079468389,63,63,63,63,61,63,0,8045,1.29563008188212,26,-88,0.001869,51,2023-10-28 18:19:01.001959,1299.90002441406,1.037,0.0011,"aoml_navis",1033.64588743945
"7901009",15,0,1,0.029904,1,0.007476,1,194.955397504355,1,4.83615252278433,1349.40002441406,1,4.46829986572266,34.9560012817383,0.0299040004611015,0,187.998596191406,-87.8921,25.6261,83.439079468389,63,63,63,63,61,63,0,8045,1.29563008188212,26,-88,0.001869,51,2023-10-28 18:19:01.001959,1349.40002441406,1.037,0.0011,"aoml_navis",1033.87971666397
"7901009",15,0,1,0.031773,1,0.009345,1,196.823876003709,1,4.83505135951868,1399.80004882812,1,4.42819976806641,34.9589996337891,0.0317730009555817,0,189.800399780273,-87.8921,25.6261,83.439079468389,63,63,63,63,61,63,0,8045,1.29563008188212,26,-88,0.001869,51,2023-10-28 18:19:01.001959,1399.80004882812,1.037,0.0011,"aoml_navis",1034.11517856094
"7901009",15,0,1,0.033642,1,0.011214,1,198.065888946904,1,4.83398194944114,1449.5,1,4.40059995651245,34.9599990844727,0.0336420014500618,0,190.998092651367,-87.8921,25.6261,83.439079468389,63,63,63,63,61,63,0,8045,1.29563008188212,26,-88,0.001869,51,2023-10-28 18:19:01.001959,1449.5,1.037,0.0011,"aoml_navis",1034.34395334845
"7901009",15,0,1,0.028035,1,0.005607,1,199.385373420571,1,4.83290529205194,1500,1,4.37979984283447,34.9599990844727,0.0280349999666214,0,192.270492553711,-87.8921,25.6261,83.439079468389,63,63,63,63,61,63,0,8045,1.29563008188212,26,-88,0.001869,51,2023-10-28 18:19:01.001959,1500,1.037,0.0011,"aoml_navis",1034.57438080214
"7901009",15,0,1,0.031773,1,0.009345,1,201.055679238626,1,4.83184884595238,1549,1,4.35109996795654,34.9620018005371,0.0317730009555817,0,193.881195068359,-87.8921,25.6261,83.439079468389,63,63,63,63,61,63,0,8045,1.29563008188212,26,-88,0.001869,51,2023-10-28 18:19:01.001959,1549,1.037,0.0011,"aoml_navis",1034.80058242891
"7901009",15,0,1,0.024297,1,0.001869,1,202.334101902331,1,4.83077000342451,1599.40002441406,1,4.3306999206543,34.9640007019043,0.0242970008403063,0,195.113998413086,-87.8921,25.6261,83.439079468389,63,63,63,63,61,63,0,8045,1.29563008188212,26,-88,0.001869,51,2023-10-28 18:19:01.001959,1599.40002441406,1.037,0.0011,"aoml_navis",1035.03168158607
"7901009",15,0,1,0.029904,1,0.007476,1,202.912954747054,1,4.82971650071768,1649.19995117188,1,4.32149982452393,34.9650001525879,0.0299040004611015,0,195.67219543457,-87.8921,25.6261,83.439079468389,63,63,63,63,61,63,0,8045,1.29563008188212,26,-88,0.001869,51,2023-10-28 18:19:01.001959,1649.19995117188,1.037,0.0011,"aoml_navis",1035.25745232811
"7901009",15,0,1,0.031773,1,0.009345,1,203.495541922085,1,4.82864405847652,1700.19995117188,1,4.31379985809326,34.9650001525879,0.0317730009555817,0,196.233993530273,-87.8921,25.6261,83.439079468389,63,63,63,63,61,63,0,8045,1.29563008188212,26,-88,0.001869,51,2023-10-28 18:19:01.001959,1700.19995117188,1.037,0.0011,"aoml_navis",1035.48738309312
"7901009",15,0,1,0.028035,1,0.005607,1,204.056672521274,1,4.82761336924432,1749.19995117188,1,4.30910015106201,34.9659996032715,0.0280349999666214,0,196.775100708008,-87.8921,25.6261,83.439079468389,63,63,63,63,61,63,0,8045,1.29563008188212,26,-88,0.001869,51,2023-10-28 18:19:01.001959,1749.19995117188,1.037,0.0011,"aoml_navis",1035.70845831481
"7901009",15,0,1,0.024297,1,0.001869,1,204.594463556034,1,4.82655567999665,1799.80004882812,1,4.30620002746582,34.9659996032715,0.0242970008403063,0,197.293701171875,-87.8921,25.6261,83.439079468389,63,63,63,63,61,63,0,8045,1.29563008188212,26,-88,0.001869,51,2023-10-28 18:19:01.001959,1799.80004882812,1.037,0.0011,"aoml_navis",1035.93542300199
"7901009",15,0,1,0.026166,1,0.003738,1,204.84615108947,1,4.82553018330369,1849,1,4.30539989471436,34.9659996032715,0.0261659994721413,0,197.536407470703,-87.8921,25.6261,83.439079468389,63,63,63,63,61,63,0,8045,1.29563008188212,26,-88,0.001869,51,2023-10-28 18:19:01.001959,1849,1.037,0.0011,"aoml_navis",1036.15557463509
"7901009",15,0,1,0.031773,1,0.009345,1,205.246120018344,1,4.82448234072161,1899.09997558594,1,4.30249977111816,34.9669990539551,0.0317730009555817,0,197.922103881836,-87.8921,25.6261,83.439079468389,63,63,63,63,61,63,0,8045,1.29563008188212,26,-88,0.001869,51,2023-10-28 18:19:01.001959,1899.09997558594,1.037,0.0011,"aoml_navis",1036.38062011273
"7901009",15,0,1,0.028035,1,0.005607,1,205.452789883439,1,4.82342641866664,1949.90002441406,1,4.30140018463135,34.9669990539551,0.0280349999666214,0,198.121398925781,-87.8921,25.6261,83.439079468389,63,63,63,63,61,63,0,8045,1.29563008188212,26,-88,0.001869,51,2023-10-28 18:19:01.001959,1949.90002441406,1.037,0.0011,"aoml_navis",1036.60749973297
"7901009",15,0,1,0.028035,1,0.005607,1,202.08045226314,4,4.82239710340899,1999.30004882812,1,4.29979991912842,34.9679985046387,0.0280349999666214,0,194.869400024414,-87.8921,25.6261,83.439079468389,63,63,63,63,61,63,0,8045,1.29563008188212,26,-88,0.001869,51,2023-10-28 18:19:01.001959,1999.30004882812,1.037,0.0011,"aoml_navis",1036.82875814301
"7901009",16,0.116235900519016,1,0.177555,1,0.155127,1,198.76396975214,1,4.88244846425883,2.20000004768372,1,26.2320003509521,36.4659996032715,0.177554994821548,0.164471998810768,191.671203613281,-87.0394,26.1689,51.7540595710827,63,63,63,63,61,63,0.155127,8046,1.33458767306251,26,-87,0.001869,51,2023-11-08 01:37:27.000161,2.20000004768372,1.037,0.0011,"aoml_navis",1024.07634952047
"7901009",16,0.120437198128138,1,0.183162,1,0.160734,1,198.698634774895,1,4.88242122987713,4,1,26.2360000610352,36.4650001525879,0.183162003755569,0.170078992843628,191.608200073242,-87.0394,26.1689,51.7540595710827,63,63,63,63,61,63,0.160734,8046,1.33458767306251,26,-87,0.001869,51,2023-11-08 01:37:27.000161,4,1.037,0.0011,"aoml_navis",1024.08206186786
"7901009",16,0.119036765591764,1,0.181293,1,0.158865,1,198.682463220828,1,4.88238179562152,6,1,26.2369995117188,36.4650001525879,0.181292995810509,0.168209999799728,191.59260559082,-87.0394,26.1689,51.7540595710827,63,63,63,63,61,63,0.158865,8046,1.33458767306251,26,-87,0.001869,51,2023-11-08 01:37:27.000161,6,1.037,0.0011,"aoml_navis",1024.09033322301
"7901009",16,0.126038928273632,1,0.190638,1,0.16821,1,198.609659580648,1,4.88233517392576,8,1,26.238000869751,36.4669990539551,0.19063800573349,0.177554994821548,191.522399902344,-87.0394,26.1689,51.7540595710827,63,63,63,63,61,63,0.16821,8046,1.33458767306251,26,-87,0.001869,51,2023-11-08 01:37:27.000161,8,1.037,0.0011,"aoml_navis",1024.10011231974
"7901009",16,0.119036765591764,1,0.181293,1,0.158865,1,198.643774913886,1,4.88229424159081,10,1,26.238000869751,36.4669990539551,0.181292995810509,0.168209999799728,191.555297851562,-87.0394,26.1689,51.7540595710827,63,63,63,63,61,63,0.158865,8046,1.33458767306251,26,-87,0.001869,51,2023-11-08 01:37:27.000161,10,1.037,0.0011,"aoml_navis",1024.10869820309
"7901009",16,0.120437198128138,1,0.183162,1,0.160734,1,198.636417015019,1,4.88225180539144,12,1,26.2369995117188,36.4669990539551,0.183162003755569,0.170078992843628,191.548202514648,-87.0394,26.1689,51.7540595710827,63,63,63,63,61,63,0.160734,8046,1.33458767306251,26,-87,0.001869,51,2023-11-08 01:37:27.000161,12,1.037,0.0011,"aoml_navis",1024.11759968597
"7901009",16,0.123238063200885,1,0.1869,1,0.164472,1,198.635689136852,1,4.88220937432537,14,1,26.2360000610352,36.4669990539551,0.18690000474453,0.173816993832588,191.547500610352,-87.0394,26.1689,51.7540595710827,63,63,63,63,61,63,0.164472,8046,1.33458767306251,26,-87,0.001869,51,2023-11-08 01:37:27.000161,14,1.037,0.0011,"aoml_navis",1024.12650024681
"7901009",16,0.126038928273632,1,0.190638,1,0.16821,1,198.496521995929,1,4.8821627466871,16,1,26.2369995117188,36.4690017700195,0.19063800573349,0.177554994821548,191.413299560547,-87.0394,26.1689,51.7540595710827,63,63,63,63,61,63,0.16821,8046,1.33458767306251,26,-87,0.001869,51,2023-11-08 01:37:27.000161,16,1.037,0.0011,"aoml_navis",1024.13628128084
"7901009",16,0.133041090955501,1,0.199983,1,0.177555,1,198.487819104797,1,4.88212274164394,18,1,26.2399997711182,36.4700012207031,0.19998300075531,0.18690000474453,191.404907226562,-87.0394,26.1689,51.7540595710827,63,63,63,63,61,63,0.177555,8046,1.33458767306251,26,-87,0.001869,51,2023-11-08 01:37:27.000161,18,1.037,0.0011,"aoml_navis",1024.1446732485
"7901009",16,0.130240225882753,1,0.196245,1,0.173817,1,198.35300340944,1,4.88207554847084,20,1,26.2430000305176,36.4729995727539,0.19624499976635,0.183162003755569,191.27490234375,-87.0394,26.1689,51.7540595710827,63,63,63,63,61,63,0.173817,8046,1.33458767306251,26,-87,0.001869,51,2023-11-08 01:37:27.000161,20,1.037,0.0011,"aoml_navis",1024.15457326671
"7901009",16,0.130240225882753,1,0.196245,1,0.173817,1,198.333192464536,1,4.88202585945034,22,1,26.2299995422363,36.4700012207031,0.19624499976635,0.183162003755569,191.255798339844,-87.0394,26.1689,51.7540595710827,63,63,63,63,61,63,0.173817,8046,1.33458767306251,26,-87,0.001869,51,2023-11-08 01:37:27.000161,22,1.037,0.0011,"aoml_navis",1024.16499706188
"7901009",16,0.137242388564622,1,0.20559,1,0.183162,1,198.362639883439,1,4.88197486177072,24,1,26.1849994659424,36.4539985656738,0.20558999478817,0.19250699877739,191.284194946289,-87.0394,26.1689,51.7540595710827,63,63,63,63,61,63,0.183162,8046,1.33458767306251,26,-87,0.001869,51,2023-11-08 01:37:27.000161,24,1.037,0.0011,"aoml_navis",1024.17569560906
"7901009",16,0.158248876610227,1,0.233625,1,0.211197,1,198.572221325341,1,4.88191398760131,26,1,26.0949993133545,36.4220008850098,0.233624994754791,0.220541998744011,191.486297607422,-87.0394,26.1689,51.7540595710827,63,63,63,63,61,63,0.211197,8046,1.33458767306251,26,-87,0.001869,51,2023-11-08 01:37:27.000161,26,1.037,0.0011,"aoml_navis",1024.1884663881
"7901009",16,0.280086507274739,1,0.396228,1,0.3738,1,198.618583999918,1,4.88186142628593,28,1,26.0440006256104,36.4039993286133,0.396227985620499,0.38314500451088,191.531005859375,-87.0394,26.1689,51.7540595710827,63,63,63,63,61,63,0.3738,8046,1.33458767306251,26,-87,0.001869,51,2023-11-08 01:37:27.000161,28,1.037,0.0011,"aoml_navis",1024.19949347148
"7901009",16,0.191859257483196,4,0.278481,1,0.256053,1,198.489464742393,1,4.88182020328162,30,1,26.0389995574951,36.4020004272461,0.278481006622314,0.265397995710373,191.406494140625,-87.0394,26.1689,51.7540595710827,63,63,63,63,61,63,0.256053,8046,1.33458767306251,26,-87,0.001869,51,2023-11-08 01:37:27.000161,30,1.037,0.0011,"aoml_navis",1024.20814200387
"7901009",16,0.215666610601549,1,0.310254,1,0.287826,1,198.597839472146,1,4.8817697272889,32,1,26.0230007171631,36.3979988098145,0.310254007577896,0.297170996665955,191.511001586914,-87.0394,26.1689,51.7540595710827,63,63,63,63,61,63,0.287826,8046,1.33458767306251,26,-87,0.001869,51,2023-11-08 01:37:27.000161,32,1.037,0.0011,"aoml_navis",1024.21873200004
"7901009",16,0.211465312992428,1,0.304647,1,0.282219,1,198.476204700995,1,4.88172701458253,34,1,26.0170001983643,36.3959999084473,0.304646998643875,0.291563987731934,191.393707275391,-87.0394,26.1689,51.7540595710827,63,63,63,63,61,63,0.282219,8046,1.33458767306251,26,-87,0.001869,51,2023-11-08 01:37:27.000161,34,1.037,0.0011,"aoml_navis",1024.22769340935
"7901009",16,0.214266178065175,1,0.308385,1,0.285957,1,198.484907592127,1,4.88168217027605,36,1,26.0240001678467,36.4000015258789,0.308385014533997,0.295302003622055,191.402099609375,-87.0394,26.1689,51.7540595710827,63,63,63,63,61,63,0.285957,8046,1.33458767306251,26,-87,0.001869,51,2023-11-08 01:37:27.000161,36,1.037,0.0011,"aoml_navis",1024.23710221128
"7901009",16,0.20866444791968,1,0.300909,1,0.278481,1,198.326356739137,1,4.88163253315482,38,1,26.0349998474121,36.4070014953613,0.300909012556076,0.287826001644135,191.249206542969,-87.0394,26.1689,51.7540595710827,63,63,63,63,61,63,0.278481,8046,1.33458767306251,26,-87,0.001869,51,2023-11-08 01:37:27.000161,38,1.037,0.0011,"aoml_navis",1024.24751679715
"7901009",16,0.211465312992428,1,0.304647,1,0.282219,1,198.228346361551,1,4.8815862199801,40,1,26.0410003662109,36.4109992980957,0.304646998643875,0.291563987731934,191.154693603516,-87.0394,26.1689,51.7540595710827,63,63,63,63,61,63,0.282219,8046,1.33458767306251,26,-87,0.001869,51,2023-11-08 01:37:27.000161,40,1.037,0.0011,"aoml_navis",1024.25723416197
"7901009",16,0.215666610601549,1,0.310254,1,0.287826,1,198.083688487495,1,4.88154320837382,42,1,26.0419998168945,36.4119987487793,0.310254007577896,0.297170996665955,191.015197753906,-87.0394,26.1689,51.7540595710827,63,63,63,63,61,63,0.287826,8046,1.33458767306251,26,-87,0.001869,51,2023-11-08 01:37:27.000161,42,1.037,0.0011,"aoml_navis",1024.26625896151
"7901009",16,0.217067043137922,1,0.312123,1,0.289695,1,198.180021580609,1,4.88150057904716,44,1,26,36.3950004577637,0.312123000621796,0.299039989709854,191.108093261719,-87.0394,26.1689,51.7540595710827,63,63,63,63,61,63,0.289695,8046,1.33458767306251,26,-87,0.001869,51,2023-11-08 01:37:27.000161,44,1.037,0.0011,"aoml_navis",1024.27520370713
"7901009",16,0.224069205819791,1,0.321468,1,0.29904,1,198.324584514034,1,4.88144409212383,46,1,25.9270000457764,36.3689994812012,0.321467995643616,0.308385014533997,191.247497558594,-87.0394,26.1689,51.7540595710827,63,63,63,63,61,63,0.29904,8046,1.33458767306251,26,-87,0.001869,51,2023-11-08 01:37:27.000161,46,1.037,0.0011,"aoml_navis",1024.28705637896
"7901009",16,0.215666610601549,4,0.310254,1,0.287826,1,198.360155603607,1,4.88140182367941,48,1,25.9020004272461,36.359001159668,0.310254007577896,0.297170996665955,191.281799316406,-87.0394,26.1689,51.7540595710827,63,63,63,63,61,63,0.287826,8046,1.33458767306251,26,-87,0.001869,51,2023-11-08 01:37:27.000161,48,1.037,0.0011,"aoml_navis",1024.29592576159
"7901009",16,0.225469638356165,1,0.323337,1,0.300909,1,198.346674034071,1,4.88135861802912,50,1,25.8859996795654,36.3530006408691,0.323336988687515,0.310254007577896,191.268798828125,-87.0394,26.1689,51.7540595710827,63,63,63,63,61,63,0.300909,8046,1.33458767306251,26,-87,0.001869,51,2023-11-08 01:37:27.000161,50,1.037,0.0011,"aoml_navis",1024.30499196119
"7901009",16,0.278686074738365,1,0.394359,1,0.371931,1,198.258632422691,1,4.88131435412481,52.0999984741211,1,25.8610000610352,36.3429985046387,0.394358992576599,0.38127601146698,191.183898925781,-87.0394,26.1689,51.7540595710827,63,63,63,63,61,63,0.371931,8046,1.33458767306251,26,-87,0.001869,51,2023-11-08 01:37:27.000161,52.0999984741211,1.037,0.0011,"aoml_navis",1024.31428038944
"7901009",16,0.312296455611334,1,0.439215,1,0.416787,1,198.235087146319,1,4.88126288260061,54,1,25.7970008850098,36.3199996948242,0.439215004444122,0.426131993532181,191.161193847656,-87.0394,26.1689,51.7540595710827,63,63,63,63,61,63,0.416787,8046,1.33458767306251,26,-87,0.001869,51,2023-11-08 01:37:27.000161,54,1.037,0.0011,"aoml_navis",1024.32508149123
"7901009",16,0.324900348438697,1,0.456036,1,0.433608,1,197.794989853483,1,4.88120749029905,56,1,25.7509994506836,36.3050003051758,0.456036001443863,0.442952990531921,190.736801147461,-87.0394,26.1689,51.7540595710827,63,63,63,63,61,63,0.433608,8046,1.33458767306251,26,-87,0.001869,51,2023-11-08 01:37:27.000161,56,1.037,0.0011,"aoml_navis",1024.33670560758
"7901009",16,0.298292130247597,4,0.420525,1,0.398097,1,196.278265810406,1,4.88103532647864,58,1,25.6989994049072,36.3199996948242,0.420525014400482,0.407442003488541,189.274200439453,-87.0394,26.1689,51.7540595710827,63,63,63,63,61,63,0.398097,8046,1.33458767306251,26,-87,0.001869,51,2023-11-08 01:37:27.000161,58,1.037,0.0011,"aoml_navis",1024.37283599977
"7901009",16,0.327701213511444,1,0.459774,1,0.437346,1,195.036964536504,1,4.88078747364968,60,1,25.6420001983643,36.3540000915527,0.459773987531662,0.446691006422043,188.077194213867,-87.0394,26.1689,51.7540595710827,63,63,63,63,61,63,0.437346,8046,1.33458767306251,26,-87,0.001869,51,2023-11-08 01:37:27.000161,60,1.037,0.0011,"aoml_navis",1024.42485500422
"7901009",16,0.369714189602655,1,0.515844,1,0.493416,1,194.08198838085,1,4.88065742544548,62,1,25.6280002593994,36.3730010986328,0.515843987464905,0.502761006355286,187.156295776367,-87.0394,26.1689,51.7540595710827,63,63,63,63,61,63,0.493416,8046,1.33458767306251,26,-87,0.001869,51,2023-11-08 01:37:27.000161,62,1.037,0.0011,"aoml_navis",1024.45215145245
"7901009",16,0.462142737003319,1,0.639198,1,0.61677,1,192.737613229067,1,4.87983473685358,63.9000015258789,1,25.4459991455078,36.515998840332,0.639198005199432,0.626115024089813,185.859893798828,-87.0394,26.1689,51.7540595710827,63,63,63,63,61,63,0.61677,8046,1.33458767306251,26,-87,0.001869,51,2023-11-08 01:37:27.000161,63.9000015258789,1.037,0.0011,"aoml_navis",1024.6248632641
"7901009",16,0.459341871930571,1,0.63546,1,0.613032,1,186.220461116453,1,4.87808024447945,66,1,24.4549999237061,36.5900001525879,0.635460019111633,0.622376978397369,179.575302124023,-87.0394,26.1689,51.7540595710827,63,63,63,63,61,63,0.613032,8046,1.33458767306251,26,-87,0.001869,51,2023-11-08 01:37:27.000161,66,1.037,0.0011,"aoml_navis",1024.9933886714
"7901009",16,0.505556145630903,1,0.697137,1,0.674709,1,183.534622325555,1,4.87746216060508,68.0999984741211,1,24.0990009307861,36.6080017089844,0.697136998176575,0.684054017066956,176.985305786133,-87.0394,26.1689,51.7540595710827,63,63,63,63,61,63,0.674709,8046,1.33458767306251,26,-87,0.001869,51,2023-11-08 01:37:27.000161,68.0999984741211,1.037,0.0011,"aoml_navis",1025.12327832795
"7901009",16,0.553170851867609,1,0.760683,1,0.738255,1,179.38710923385,1,4.87698139191672,70.0999984741211,1,23.7919998168945,36.609001159668,0.760683000087738,0.747600018978119,172.985794067383,-87.0394,26.1689,51.7540595710827,63,63,63,63,61,63,0.738255,8046,1.33458767306251,26,-87,0.001869,51,2023-11-08 01:37:27.000161,70.0999984741211,1.037,0.0011,"aoml_navis",1025.22433411109
"7901009",16,0.488750955194419,1,0.674709,1,0.652281,1,170.207442078573,1,4.87640071172728,71.9000015258789,1,23.4160003662109,36.6129989624023,0.674709022045135,0.661625981330872,164.133697509766,-87.0394,26.1689,51.7540595710827,63,63,63,63,61,63,0.652281,8046,1.33458767306251,26,-87,0.001869,51,2023-11-08 01:37:27.000161,71.9000015258789,1.037,0.0011,"aoml_navis",1025.34641748687
"7901009",16,0.434134086275845,1,0.601818,1,0.57939,1,163.572690171607,1,4.87586398342224,74,1,22.9890003204346,36.5849990844727,0.601818025112152,0.588734984397888,157.735702514648,-87.0394,26.1689,51.7540595710827,63,63,63,63,61,63,0.57939,8046,1.33458767306251,26,-87,0.001869,51,2023-11-08 01:37:27.000161,74,1.037,0.0011,"aoml_navis",1025.45928619006
"7901009",16,0.389320245111887,1,0.54201,1,0.519582,1,159.745823236088,1,4.87550434957741,76,1,22.7870006561279,36.5960006713867,0.542010009288788,0.528927028179169,154.045394897461,-87.0394,26.1689,51.7540595710827,63,63,63,63,61,63,0.519582,8046,1.33458767306251,26,-87,0.001869,51,2023-11-08 01:37:27.000161,76,1.037,0.0011,"aoml_navis",1025.53492756773
"7901009",16,0.341705538875181,1,0.478464,1,0.456036,1,159.195389107135,1,4.87519843403645,78,1,22.6310005187988,36.6100006103516,0.478464007377625,0.465380996465683,153.514602661133,-87.0394,26.1689,51.7540595710827,63,63,63,63,61,63,0.456036,8046,1.33458767306251,26,-87,0.001869,51,2023-11-08 01:37:27.000161,78,1.037,0.0011,"aoml_navis",1025.59927921954
"7901009",16,0.296891697711223,1,0.418656,1,0.396228,1,156.523854704571,1,4.87485803928616,80,1,22.4120006561279,36.6100006103516,0.41865599155426,0.405573010444641,150.938400268555,-87.0394,26.1689,51.7540595710827,63,63,63,63,61,63,0.396228,8046,1.33458767306251,26,-87,0.001869,51,2023-11-08 01:37:27.000161,80,1.037,0.0011,"aoml_navis",1025.67089332763
"7901009",16,0.266082181911002,1,0.377538,1,0.35511,1,155.318535929641,1,4.87449846667822,82.0999984741211,1,22.1709995269775,36.6069984436035,0.377537995576859,0.364455014467239,149.776092529297,-87.0394,26.1689,51.7540595710827,63,63,63,63,61,63,0.35511,8046,1.33458767306251,26,-87,0.001869,51,2023-11-08 01:37:27.000161,82.0999984741211,1.037,0.0011,"aoml_navis",1025.74655304124
"7901009",16,0.257679586692759,1,0.366324,1,0.343896,1,153.600949159232,1,4.87433725463464,84,1,22.0939998626709,36.6119995117188,0.366324007511139,0.353240996599197,148.11979675293,-87.0394,26.1689,51.7540595710827,63,63,63,63,61,63,0.343896,8046,1.33458767306251,26,-87,0.001869,51,2023-11-08 01:37:27.000161,84,1.037,0.0011,"aoml_navis",1025.78047820673
"7901009",16,0.253478289083638,1,0.360717,1,0.338289,1,151.599015200378,1,4.87417911219715,86,1,22.0259990692139,36.6189994812012,0.360716998577118,0.347633987665176,146.189300537109,-87.0394,26.1689,51.7540595710827,63,63,63,63,61,63,0.338289,8046,1.33458767306251,26,-87,0.001869,51,2023-11-08 01:37:27.000161,86,1.037,0.0011,"aoml_navis",1025.81375959041
"7901009",16,0.250677424010891,1,0.356979,1,0.334551,1,147.931854228854,1,4.87393780576829,88,1,21.8959999084473,36.6259994506836,0.356979012489319,0.343896001577377,142.65299987793,-87.0394,26.1689,51.7540595710827,63,63,63,63,61,63,0.334551,8046,1.33458767306251,26,-87,0.001869,51,2023-11-08 01:37:27.000161,88,1.037,0.0011,"aoml_navis",1025.8645471599
"7901009",16,0.224069205819791,1,0.321468,1,0.29904,1,142.944069086618,1,4.87367430808226,89.9000015258789,1,21.742000579834,36.6310005187988,0.321467995643616,0.308385014533997,137.843200683594,-87.0394,26.1689,51.7540595710827,63,63,63,63,61,63,0.29904,8046,1.33458767306251,26,-87,0.001869,51,2023-11-08 01:37:27.000161,89.9000015258789,1.037,0.0011,"aoml_navis",1025.92001104962
"7901009",16,0.198861420165064,4,0.287826,1,0.265398,1,137.604734612957,1,4.87306757084207,92,1,21.3479995727539,36.6419982910156,0.287826001644135,0.274742990732193,132.694396972656,-87.0394,26.1689,51.7540595710827,63,63,63,63,61,63,0.265398,8046,1.33458767306251,26,-87,0.001869,51,2023-11-08 01:37:27.000161,92,1.037,0.0011,"aoml_navis",1026.04774658111
"7901009",16,0.204463150310559,1,0.295302,1,0.272874,1,135.375386197099,1,4.87288545940521,94,1,21.2220001220703,36.6349983215332,0.295302003622055,0.282218992710114,130.54460144043,-87.0394,26.1689,51.7540595710827,63,63,63,63,61,63,0.272874,8046,1.33458767306251,26,-87,0.001869,51,2023-11-08 01:37:27.000161,94,1.037,0.0011,"aoml_navis",1026.08609245051
"7901009",16,0.200261852701438,1,0.289695,1,0.267267,1,133.35063484004,1,4.87275119754009,96,1,21.1429996490479,36.6319999694824,0.289694994688034,0.276612013578415,128.592102050781,-87.0394,26.1689,51.7540595710827,63,63,63,63,61,63,0.267267,8046,1.33458767306251,26,-87,0.001869,51,2023-11-08 01:37:27.000161,96,1.037,0.0011,"aoml_navis",1026.1143648221
"7901009",16,0.203062717774185,1,0.293433,1,0.271005,1,131.611164254294,1,4.87255822296913,98,1,21.0189990997314,36.6290016174316,0.293433010578156,0.280349999666214,126.914703369141,-87.0394,26.1689,51.7540595710827,63,63,63,63,61,63,0.271005,8046,1.33458767306251,26,-87,0.001869,51,2023-11-08 01:37:27.000161,98,1.037,0.0011,"aoml_navis",1026.15500342923
"7901009",16,0.183456662264954,1,0.267267,1,0.244839,1,131.315305514396,1,4.87224022618343,100,1,20.818000793457,36.632999420166,0.267266988754272,0.254184007644653,126.629402160645,-87.0394,26.1689,51.7540595710827,63,63,63,63,61,63,0.244839,8046,1.33458767306251,26,-87,0.001869,51,2023-11-08 01:37:27.000161,100,1.037,0.0011,"aoml_navis",1026.22197754741
"7901009",16,0.133041090955501,1,0.199983,1,0.177555,1,132.110789322473,1,4.87193094141612,102,1,20.6840000152588,36.6590003967285,0.19998300075531,0.18690000474453,127.396499633789,-87.0394,26.1689,51.7540595710827,63,63,63,63,61,63,0.177555,8046,1.33458767306251,26,-87,0.001869,51,2023-11-08 01:37:27.000161,102,1.037,0.0011,"aoml_navis",1026.28712519202
"7901009",16,0.131640658419127,1,0.198114,1,0.175686,1,132.158702694015,1,4.87182143752316,104,1,20.6620006561279,36.6699981689453,0.198113992810249,0.185030996799469,127.44270324707,-87.0394,26.1689,51.7540595710827,63,63,63,63,61,63,0.175686,8046,1.33458767306251,26,-87,0.001869,51,2023-11-08 01:37:27.000161,104,1.037,0.0011,"aoml_navis",1026.31019303983
"7901009",16,0.124638495737259,4,0.188769,1,0.166341,1,131.781851684553,1,4.87169972376877,106,1,20.6110000610352,36.673999786377,0.188768997788429,0.175686001777649,127.079299926758,-87.0394,26.1689,51.7540595710827,63,63,63,63,61,63,0.166341,8046,1.33458767306251,26,-87,0.001869,51,2023-11-08 01:37:27.000161,106,1.037,0.0011,"aoml_navis",1026.33583420695
"7901009",16,0.130240225882753,1,0.196245,1,0.173817,1,131.049519219219,1,4.87152704795865,108,1,20.4979991912842,36.6699981689453,0.19624499976635,0.183162003755569,126.373100280762,-87.0394,26.1689,51.7540595710827,63,63,63,63,61,63,0.173817,8046,1.33458767306251,26,-87,0.001869,51,2023-11-08 01:37:27.000161,108,1.037,0.0011,"aoml_navis",1026.3722136358
"7901009",16,0.126038928273632,1,0.190638,1,0.16821,1,130.939285235451,1,4.87134316952804,110,1,20.3589992523193,36.6599998474121,0.19063800573349,0.177554994821548,126.266799926758,-87.0394,26.1689,51.7540595710827,63,63,63,63,61,63,0.16821,8046,1.33458767306251,26,-87,0.001869,51,2023-11-08 01:37:27.000161,110,1.037,0.0011,"aoml_navis",1026.41095607404
"7901009",16,0.12883979334638,1,0.194376,1,0.171948,1,131.873730479752,1,4.87120698176609,112,1,20.2679996490479,36.6539993286133,0.19437600672245,0.181292995810509,127.167900085449,-87.0394,26.1689,51.7540595710827,63,63,63,63,61,63,0.171948,8046,1.33458767306251,26,-87,0.001869,51,2023-11-08 01:37:27.000161,112,1.037,0.0011,"aoml_navis",1026.43965216752
"7901009",16,0.0952294124734111,1,0.14952,1,0.127092,1,133.912999841563,1,4.8709208779717,114,1,20.132999420166,36.673999786377,0.149519994854927,0.136436998844147,129.134399414062,-87.0394,26.1689,51.7540595710827,63,63,63,63,61,63,0.127092,8046,1.33458767306251,26,-87,0.001869,51,2023-11-08 01:37:27.000161,114,1.037,0.0011,"aoml_navis",1026.49994226185
"7901009",16,0.0798246545733005,1,0.128961,1,0.106533,1,135.292313145383,1,4.87070798939823,116,1,19.9810009002686,36.6679992675781,0.128960996866226,0.115878000855446,130.464492797852,-87.0394,26.1689,51.7540595710827,63,63,63,63,61,63,0.106533,8046,1.33458767306251,26,-87,0.001869,51,2023-11-08 01:37:27.000161,116,1.037,0.0011,"aoml_navis",1026.5448084515
"7901009",16,0.0630194641368162,1,0.106533,1,0.084105,1,137.561188510419,1,4.87053821429512,118,1,19.871000289917,36.6650009155273,0.106532998383045,0.0934500023722649,132.652404785156,-87.0394,26.1689,51.7540595710827,63,63,63,63,61,63,0.084105,8046,1.33458767306251,26,-87,0.001869,51,2023-11-08 01:37:27.000161,118,1.037,0.0011,"aoml_navis",1026.58059130404
"7901009",16,0.0476147062367056,1,0.085974,1,0.063546,1,138.107793367273,1,4.87037509834438,120,1,19.7859992980957,36.6689987182617,0.0859740003943443,0.0728909969329834,133.179504394531,-87.0394,26.1689,51.7540595710827,63,63,63,63,61,63,0.063546,8046,1.33458767306251,26,-87,0.001869,51,2023-11-08 01:37:27.000161,120,1.037,0.0011,"aoml_navis",1026.6149729822
"7901009",16,0.0476147062367056,1,0.085974,1,0.063546,1,137.179353117854,1,4.87025397488607,122,1,19.6909999847412,36.6580009460449,0.0859740003943443,0.0728909969329834,132.284194946289,-87.0394,26.1689,51.7540595710827,63,63,63,63,61,63,0.063546,8046,1.33458767306251,26,-87,0.001869,51,2023-11-08 01:37:27.000161,122,1.037,0.0011,"aoml_navis",1026.64050494758
"7901009",16,0.0518160038458266,1,0.091581,1,0.069153,1,136.173884370196,1,4.87012347527843,124,1,19.568000793457,36.6399993896484,0.0915810018777847,0.0784979984164238,131.314605712891,-87.0394,26.1689,51.7540595710827,63,63,63,63,61,63,0.069153,8046,1.33458767306251,26,-87,0.001869,51,2023-11-08 01:37:27.000161,124,1.037,0.0011,"aoml_navis",1026.66801475996
"7901009",16,0.0518160038458266,1,0.091581,1,0.069153,1,135.083776050417,1,4.86998245694253,126,1,19.4389991760254,36.6230010986328,0.0915810018777847,0.0784979984164238,130.263397216797,-87.0394,26.1689,51.7540595710827,63,63,63,63,61,63,0.069153,8046,1.33458767306251,26,-87,0.001869,51,2023-11-08 01:37:27.000161,126,1.037,0.0011,"aoml_navis",1026.69774361756
"7901009",16,0.0518160038458266,1,0.091581,1,0.069153,1,134.039001881719,1,4.86982029728823,128,1,19.2719993591309,36.5989990234375,0.0915810018777847,0.0784979984164238,129.255905151367,-87.0394,26.1689,51.7540595710827,63,63,63,63,61,63,0.069153,8046,1.33458767306251,26,-87,0.001869,51,2023-11-08 01:37:27.000161,128,1.037,0.0011,"aoml_navis",1026.73193152204
"7901009",16,0.0490151387730792,1,0.087843,1,0.065415,1,132.938212741005,1,4.86964313702522,130,1,19.0890007019043,36.5740013122559,0.0878430008888245,0.0747599974274635,128.194396972656,-87.0394,26.1689,51.7540595710827,63,63,63,63,61,63,0.065415,8046,1.33458767306251,26,-87,0.001869,51,2023-11-08 01:37:27.000161,130,1.037,0.0011,"aoml_navis",1026.76928458754
"7901009",16,0.0518160038458266,1,0.091581,1,0.069153,1,132.683012326133,1,4.86951771452895,132,1,18.9500007629395,36.5499992370605,0.0915810018777847,0.0784979984164238,127.948303222656,-87.0394,26.1689,51.7540595710827,63,63,63,63,61,63,0.069153,8046,1.33458767306251,26,-87,0.001869,51,2023-11-08 01:37:27.000161,132,1.037,0.0011,"aoml_navis",1026.79573073155
"7901009",16,0.0406125435548371,1,0.076629,1,0.054201,1,134.342843546301,1,4.86936146515807,134,1,18.7970008850098,36.5299987792969,0.0766289979219437,0.0635460019111633,129.548904418945,-87.0394,26.1689,51.7540595710827,63,63,63,63,61,63,0.054201,8046,1.33458767306251,26,-87,0.001869,51,2023-11-08 01:37:27.000161,134,1.037,0.0011,"aoml_navis",1026.82867882713
"7901009",16,0.0238073531183528,1,0.054201,1,0.031773,1,136.816410910765,1,4.86914183699078,136,1,18.6000003814697,36.5130004882812,0.0542009994387627,0.041117999702692,131.934204101562,-87.0394,26.1689,51.7540595710827,63,63,63,63,61,63,0.031773,8046,1.33458767306251,26,-87,0.001869,51,2023-11-08 01:37:27.000161,136,1.037,0.0011,"aoml_navis",1026.87499509977
"7901009",16,0.0168051904364843,1,0.044856,1,0.022428,1,137.93553941661,1,4.86907128313224,138,1,18.5639991760254,36.5089988708496,0.0448560006916523,0.0317730009555817,133.013397216797,-87.0394,26.1689,51.7540595710827,63,63,63,63,61,63,0.022428,8046,1.33458767306251,26,-87,0.001869,51,2023-11-08 01:37:27.000161,138,1.037,0.0011,"aoml_navis",1026.88987473265
"7901009",16,0.0168051904364843,1,0.044856,1,0.022428,1,138.71174236497,1,4.86896203766623,140,1,18.4780006408691,36.4990005493164,0.0448560006916523,0.0317730009555817,133.761901855469,-87.0394,26.1689,51.7540595710827,63,63,63,63,61,63,0.022428,8046,1.33458767306251,26,-87,0.001869,51,2023-11-08 01:37:27.000161,140,1.037,0.0011,"aoml_navis",1026.91291517988
"7901009",16,0.00840259521824216,1,0.033642,1,0.011214,1,139.856394076989,1,4.86880741516447,142,1,18.3360004425049,36.4830017089844,0.0336420014500618,0.020558999851346,134.865707397461,-87.0394,26.1689,51.7540595710827,63,63,63,63,61,63,0.011214,8046,1.33458767306251,26,-87,0.001869,51,2023-11-08 01:37:27.000161,142,1.037,0.0011,"aoml_navis",1026.94552765158
"7901009",16,0.00560173014549477,1,0.029904,1,0.007476,1,140.397808846041,1,4.86867155496204,144,1,18.2119998931885,36.4679985046387,0.0299040004611015,0.0168210007250309,135.387802124023,-87.0394,26.1689,51.7540595710827,63,63,63,63,61,63,0.007476,8046,1.33458767306251,26,-87,0.001869,51,2023-11-08 01:37:27.000161,144,1.037,0.0011,"aoml_navis",1026.97418455022
"7901009",16,0.00420129760912108,1,0.028035,1,0.005607,1,140.651775032717,1,4.86860877750996,146,1,18.1760005950928,36.4620018005371,0.0280349999666214,0.0149520002305508,135.632705688477,-87.0394,26.1689,51.7540595710827,63,63,63,63,61,63,0.005607,8046,1.33458767306251,26,-87,0.001869,51,2023-11-08 01:37:27.000161,146,1.037,0.0011,"aoml_navis",1026.98742669507
"7901009",16,0.00280086507274739,1,0.026166,1,0.003738,1,139.836583132085,1,4.86847138434318,148,1,18.0470008850098,36.4459991455078,0.0261659994721413,0.0130829997360706,134.846603393555,-87.0394,26.1689,51.7540595710827,63,63,63,63,61,63,0.003738,8046,1.33458767306251,26,-87,0.001869,51,2023-11-08 01:37:27.000161,148,1.037,0.0011,"aoml_navis",1027.0164093148
"7901009",16,0.00140043253637369,1,0.024297,1,0.001869,1,138.407584231619,1,4.86836418533129,150,1,17.9489994049072,36.431999206543,0.0242970008403063,0.0112140001729131,133.468597412109,-87.0394,26.1689,51.7540595710827,63,63,63,63,61,63,0.001869,8046,1.33458767306251,26,-87,0.001869,51,2023-11-08 01:37:27.000161,150,1.037,0.0011,"aoml_navis",1027.0390237167
"7901009",16,0.00560173014549477,1,0.029904,1,0.007476,1,137.111122451378,1,4.8682915641695,152,1,17.8859996795654,36.4199981689453,0.0299040004611015,0.0168210007250309,132.218399047852,-87.0394,26.1689,51.7540595710827,63,63,63,63,61,63,0.007476,8046,1.33458767306251,26,-87,0.001869,51,2023-11-08 01:37:27.000161,152,1.037,0.0011,"aoml_navis",1027.05434423851
"7901009",16,0.00420129760912108,1,0.028035,1,0.005607,1,135.605696343333,1,4.86821199379806,154,1,17.8169994354248,36.4080009460449,0.0280349999666214,0.0149520002305508,130.766693115234,-87.0394,26.1689,51.7540595710827,63,63,63,63,61,63,0.005607,8046,1.33458767306251,26,-87,0.001869,51,2023-11-08 01:37:27.000161,154,1.037,0.0011,"aoml_navis",1027.07113132498
"7901009",16,0.00560173014549477,1,0.029904,1,0.007476,1,134.304155239358,1,4.86811621754907,156,1,17.7310009002686,36.3950004577637,0.0299040004611015,0.0168210007250309,129.511596679688,-87.0394,26.1689,51.7540595710827,63,63,63,63,61,63,0.007476,8046,1.33458767306251,26,-87,0.001869,51,2023-11-08 01:37:27.000161,156,1.037,0.0011,"aoml_navis",1027.09133811874
"7901009",16,0.00280086507274739,1,0.026166,1,0.003738,1,133.645757790051,1,4.86801752760889,158,1,17.632999420166,36.3790016174316,0.0261659994721413,0.0130829997360706,128.876693725586,-87.0394,26.1689,51.7540595710827,63,63,63,63,61,63,0.003738,8046,1.33458767306251,26,-87,0.001869,51,2023-11-08 01:37:27.000161,158,1.037,0.0011,"aoml_navis",1027.11216047243
"7901009",16,0.00140043253637369,1,0.024297,1,0.001869,1,132.337578753658,1,4.86792824699716,160,1,17.5520000457764,36.3660011291504,0.0242970008403063,0.0112140001729131,127.615196228027,-87.0394,26.1689,51.7540595710827,63,63,63,63,61,63,0.001869,8046,1.33458767306251,26,-87,0.001869,51,2023-11-08 01:37:27.000161,160,1.037,0.0011,"aoml_navis",1027.13099830186
"7901009",16,0,1,0.022428,1,0,1,130.115073974918,1,4.86779096802401,162,1,17.3859996795654,36.3390007019043,0.0224280003458261,0.00934499967843294,125.47200012207,-87.0394,26.1689,51.7540595710827,63,63,63,63,61,63,0,8046,1.33458767306251,26,-87,0.001869,51,2023-11-08 01:37:27.000161,162,1.037,0.0011,"aoml_navis",1027.15996492957
"7901009",16,0.00280086507274739,1,0.026166,1,0.003738,1,127.410254969633,1,4.86769645673009,164,1,17.2810001373291,36.3199996948242,0.0261659994721413,0.0130829997360706,122.863700866699,-87.0394,26.1689,51.7540595710827,63,63,63,63,61,63,0.003738,8046,1.33458767306251,26,-87,0.001869,51,2023-11-08 01:37:27.000161,164,1.037,0.0011,"aoml_navis",1027.17990828844
"7901009",16,0.00840259521824216,1,0.033642,1,0.011214,1,125.528405084964,1,4.86757997132882,166,1,17.1439990997314,36.2970008850098,0.0336420014500618,0.020558999851346,121.049003601074,-87.0394,26.1689,51.7540595710827,63,63,63,63,61,63,0.011214,8046,1.33458767306251,26,-87,0.001869,51,2023-11-08 01:37:27.000161,166,1.037,0.0011,"aoml_navis",1027.2044895926
"7901009",16,0.00700216268186846,1,0.031773,1,0.009345,1,125.564798993335,1,4.86749075146184,168,1,17.048999786377,36.2799987792969,0.0317730009555817,0.0186899993568659,121.084098815918,-87.0394,26.1689,51.7540595710827,63,63,63,63,61,63,0.009345,8046,1.33458767306251,26,-87,0.001869,51,2023-11-08 01:37:27.000161,168,1.037,0.0011,"aoml_navis",1027.22331798953
"7901009",16,0.00700216268186846,1,0.031773,1,0.009345,1,126.948890975559,1,4.86739402802365,170,1,16.9629993438721,36.2680015563965,0.0317730009555817,0.0186899993568659,122.418800354004,-87.0394,26.1689,51.7540595710827,63,63,63,63,61,63,0.009345,8046,1.33458767306251,26,-87,0.001869,51,2023-11-08 01:37:27.000161,170,1.037,0.0011,"aoml_navis",1027.24373067249
"7901009",16,0.00280086507274739,1,0.026166,1,0.003738,1,129.290237688568,1,4.86732441189253,172,1,16.9290008544922,36.2649993896484,0.0261659994721413,0.0130829997360706,124.676597595215,-87.0394,26.1689,51.7540595710827,63,63,63,63,61,63,0.003738,8046,1.33458767306251,26,-87,0.001869,51,2023-11-08 01:37:27.000161,172,1.037,0.0011,"aoml_navis",1027.25842308421
"7901009",16,0.00420129760912108,1,0.028035,1,0.005607,1,130.367584405259,1,4.86727328993163,174,1,16.9270000457764,36.2669982910156,0.0280349999666214,0.0149520002305508,125.71549987793,-87.0394,26.1689,51.7540595710827,63,63,63,63,61,63,0.005607,8046,1.33458767306251,26,-87,0.001869,51,2023-11-08 01:37:27.000161,174,1.037,0.0011,"aoml_navis",1027.26921258827
"7901009",16,-0.00140043253637369,1,0.020559,1,-0.001869,1,129.812063040854,1,4.86719194591724,176,1,16.8700008392334,36.2599983215332,0.020558999851346,0.00747600011527538,125.179801940918,-87.0394,26.1689,51.7540595710827,63,63,63,63,61,63,-0.001869,8046,1.33458767306251,26,-87,0.001869,51,2023-11-08 01:37:27.000161,176,1.037,0.0011,"aoml_navis",1027.28638105061
"7901009",16,0,1,0.022428,1,0,1,128.618983695543,1,4.86712298275653,178,1,16.8110008239746,36.2490005493164,0.0224280003458261,0.00934499967843294,124.029296875,-87.0394,26.1689,51.7540595710827,63,63,63,63,61,63,0,8046,1.33458767306251,26,-87,0.001869,51,2023-11-08 01:37:27.000161,178,1.037,0.0011,"aoml_navis",1027.30093686028
"7901009",16,0,1,0.01869,1,-0.003738,1,127.82225774755,1,4.86696675500056,180,1,16.6270008087158,36.2229995727539,0.0186899993568659,0,123.261001586914,-87.0394,26.1689,51.7540595710827,63,63,63,63,61,63,0,8046,1.33458767306251,26,-87,0.001869,51,2023-11-08 01:37:27.000161,180,1.037,0.0011,"aoml_navis",1027.33391282419
"7901009",16,0,1,0.016821,1,-0.005607,1,127.441988875389,1,4.86687803199759,182,1,16.5209999084473,36.2029991149902,0.0168210007250309,0,122.894302368164,-87.0394,26.1689,51.7540595710827,63,63,63,63,61,63,0,8046,1.33458767306251,26,-87,0.001869,51,2023-11-08 01:37:27.000161,182,1.037,0.0011,"aoml_navis",1027.35264108268
"7901009",16,0,1,0.01869,1,-0.003738,1,125.952639380781,1,4.86675100077667,184,1,16.3740005493164,36.1809997558594,0.0186899993568659,0,121.458099365234,-87.0394,26.1689,51.7540595710827,63,63,63,63,61,63,0,8046,1.33458767306251,26,-87,0.001869,51,2023-11-08 01:37:27.000161,184,1.037,0.0011,"aoml_navis",1027.37945689066
"7901009",16,0,1,0.022428,1,0,1,124.500522436781,1,4.86661548264137,186,1,16.1989994049072,36.1529998779297,0.0224280003458261,0,120.057800292969,-87.0394,26.1689,51.7540595710827,63,63,63,63,61,63,0,8046,1.33458767306251,26,-87,0.001869,51,2023-11-08 01:37:27.000161,186,1.037,0.0011,"aoml_navis",1027.40806579735
"7901009",16,0,1,0.022428,1,0,1,123.457813226796,1,4.86651824883821,188,1,16.1000003814697,36.1380004882812,0.0224280003458261,0,119.052299499512,-87.0394,26.1689,51.7540595710827,63,63,63,63,61,63,0,8046,1.33458767306251,26,-87,0.001869,51,2023-11-08 01:37:27.000161,188,1.037,0.0011,"aoml_navis",1027.42859357276
"7901009",16,0,1,0.022428,1,0,1,122.781891319437,1,4.86644293371781,190,1,16.0270004272461,36.125,0.0224280003458261,0,118.400497436523,-87.0394,26.1689,51.7540595710827,63,63,63,63,61,63,0,8046,1.33458767306251,26,-87,0.001869,51,2023-11-08 01:37:27.000161,190,1.037,0.0011,"aoml_navis",1027.44449449038
"7901009",16,0,1,0.016821,1,-0.005607,1,122.769034775719,1,4.86635679288692,192,1,15.9440002441406,36.1119995117188,0.0168210007250309,0,118.38809967041,-87.0394,26.1689,51.7540595710827,63,63,63,63,61,63,0,8046,1.33458767306251,26,-87,0.001869,51,2023-11-08 01:37:27.000161,192,1.037,0.0011,"aoml_navis",1027.46268159138
"7901009",16,0,1,0.020559,1,-0.001869,1,123.345609224945,1,4.86630010329099,194,1,15.9040002822876,36.1040000915527,0.020558999851346,0,118.94409942627,-87.0394,26.1689,51.7540595710827,63,63,63,63,61,63,0,8046,1.33458767306251,26,-87,0.001869,51,2023-11-08 01:37:27.000161,194,1.037,0.0011,"aoml_navis",1027.47465094037
"7901009",16,0,1,0.020559,1,-0.001869,1,123.338140562009,1,4.86621040049228,196,1,15.8240003585815,36.0929985046387,0.020558999851346,0,118.936897277832,-87.0394,26.1689,51.7540595710827,63,63,63,63,61,63,0,8046,1.33458767306251,26,-87,0.001869,51,2023-11-08 01:37:27.000161,196,1.037,0.0011,"aoml_navis",1027.49359121303
"7901009",16,0,1,0.014952,1,-0.007476,1,121.764594551558,1,4.86614916449906,198,1,15.7829999923706,36.0859985351562,0.0149520002305508,0,117.419502258301,-87.0394,26.1689,51.7540595710827,63,63,63,63,61,63,0,8046,1.33458767306251,26,-87,0.001869,51,2023-11-08 01:37:27.000161,198,1.037,0.0011,"aoml_navis",1027.50652127096
"7901009",16,0,1,0.022428,1,0,1,119.311035924978,1,4.86606495940368,200,1,15.7110004425049,36.076000213623,0.0224280003458261,0,115.053497314453,-87.0394,26.1689,51.7540595710827,63,63,63,63,61,63,0,8046,1.33458767306251,26,-87,0.001869,51,2023-11-08 01:37:27.000161,200,1.037,0.0011,"aoml_navis",1027.52430181547
"7901009",16,0,1,0.022428,1,0,1,118.450739313123,1,4.86599297650751,202,1,15.6499996185303,36.0660018920898,0.0224280003458261,0,114.223899841309,-87.0394,26.1689,51.7540595710827,63,63,63,63,61,63,0,8046,1.33458767306251,26,-87,0.001869,51,2023-11-08 01:37:27.000161,202,1.037,0.0011,"aoml_navis",1027.53950203781
"7901009",16,0,1,0.024297,1,0.001869,1,117.792239011467,1,4.86593094868123,204,1,15.6079998016357,36.0589981079102,0.0242970008403063,0,113.588897705078,-87.0394,26.1689,51.7540595710827,63,63,63,63,61,63,0,8046,1.33458767306251,26,-87,0.001869,51,2023-11-08 01:37:27.000161,204,1.037,0.0011,"aoml_navis",1027.55260046489
"7901009",16,0,1,0.016821,1,-0.005607,1,117.160393291832,1,4.86587044012838,206,1,15.5640001296997,36.0509986877441,0.0168210007250309,0,112.979598999023,-87.0394,26.1689,51.7540595710827,63,63,63,63,61,63,0,8046,1.33458767306251,26,-87,0.001869,51,2023-11-08 01:37:27.000161,206,1.037,0.0011,"aoml_navis",1027.56537838851
"7901009",16,0,1,0.01869,1,-0.003738,1,116.412300681829,1,4.86579843709007,208,1,15.5059995651245,36.0419998168945,0.0186899993568659,0,112.258201599121,-87.0394,26.1689,51.7540595710827,63,63,63,63,61,63,0,8046,1.33458767306251,26,-87,0.001869,51,2023-11-08 01:37:27.000161,208,1.037,0.0011,"aoml_navis",1027.58058407988
"7901009",16,0,1,0.01869,1,-0.003738,1,115.785842842977,1,4.86572519882935,210,1,15.4399995803833,36.0309982299805,0.0186899993568659,0,111.654098510742,-87.0394,26.1689,51.7540595710827,63,63,63,63,61,63,0,8046,1.33458767306251,26,-87,0.001869,51,2023-11-08 01:37:27.000161,210,1.037,0.0011,"aoml_navis",1027.59605108874
"7901009",16,0,1,0.016821,1,-0.005607,1,115.615155412717,1,4.86563200332992,212,1,15.3520002365112,36.0190010070801,0.0168210007250309,0,111.489501953125,-87.0394,26.1689,51.7540595710827,63,63,63,63,61,63,0,8046,1.33458767306251,26,-87,0.001869,51,2023-11-08 01:37:27.000161,212,1.037,0.0011,"aoml_navis",1027.61573349117
"7901009",16,0,1,0.020559,1,-0.001869,1,115.113971735854,1,4.86557344856086,214,1,15.3059997558594,36.0099983215332,0.020558999851346,0,111.006202697754,-87.0394,26.1689,51.7540595710827,63,63,63,63,61,63,0,8046,1.33458767306251,26,-87,0.001869,51,2023-11-08 01:37:27.000161,214,1.037,0.0011,"aoml_navis",1027.62810033808
"7901009",16,0,1,0.01869,1,-0.003738,1,114.778396165516,1,4.86548201777486,216,1,15.2089996337891,35.9949989318848,0.0186899993568659,0,110.682601928711,-87.0394,26.1689,51.7540595710827,63,63,63,63,61,63,0,8046,1.33458767306251,26,-87,0.001869,51,2023-11-08 01:37:27.000161,216,1.037,0.0011,"aoml_navis",1027.64741123977
"7901009",16,0,1,0.020559,1,-0.001869,1,114.613610877788,1,4.86539565807003,218,1,15.1300001144409,35.984001159668,0.020558999851346,0,110.523696899414,-87.0394,26.1689,51.7540595710827,63,63,63,63,61,63,0,8046,1.33458767306251,26,-87,0.001869,51,2023-11-08 01:37:27.000161,218,1.037,0.0011,"aoml_navis",1027.66565175572
"7901009",16,0,1,0.022428,1,0,1,114.504207624537,1,4.86533368569088,220,1,15.0769996643066,35.9739990234375,0.0224280003458261,0,110.418197631836,-87.0394,26.1689,51.7540595710827,63,63,63,63,61,63,0,8046,1.33458767306251,26,-87,0.001869,51,2023-11-08 01:37:27.000161,220,1.037,0.0011,"aoml_navis",1027.67874168737
"7901009",16,0,1,0.020559,1,-0.001869,1,114.298471278172,1,4.86525947386245,222,1,15.0089998245239,35.9630012512207,0.020558999851346,0,110.219802856445,-87.0394,26.1689,51.7540595710827,63,63,63,63,61,63,0,8046,1.33458767306251,26,-87,0.001869,51,2023-11-08 01:37:27.000161,222,1.037,0.0011,"aoml_navis",1027.6944172991
"7901009",16,0,1,0.014952,1,-0.007476,1,114.143330376162,1,4.86517317976417,224,1,14.9259996414185,35.951000213623,0.0149520002305508,0,110.070198059082,-87.0394,26.1689,51.7540595710827,63,63,63,63,61,63,0,8046,1.33458767306251,26,-87,0.001869,51,2023-11-08 01:37:27.000161,224,1.037,0.0011,"aoml_navis",1027.71264562516
"7901009",16,0,1,0.01869,1,-0.003738,1,113.911350857175,1,4.86510057877184,226,1,14.8660001754761,35.9420013427734,0.0186899993568659,0,109.846496582031,-87.0394,26.1689,51.7540595710827,63,63,63,63,61,63,0,8046,1.33458767306251,26,-87,0.001869,51,2023-11-08 01:37:27.000161,226,1.037,0.0011,"aoml_navis",1027.72798199009
"7901009",16,0,1,0.022428,1,0,1,113.708415259411,1,4.8650349541865,228,1,14.8090000152588,35.931999206543,0.0224280003458261,0,109.650802612305,-87.0394,26.1689,51.7540595710827,63,63,63,63,61,63,0,8046,1.33458767306251,26,-87,0.001869,51,2023-11-08 01:37:27.000161,228,1.037,0.0011,"aoml_navis",1027.74184504006
"7901009",16,0,1,0.01869,1,-0.003738,1,113.368171774738,1,4.86497107707271,230,1,14.7569999694824,35.9230003356934,0.0186899993568659,0,109.322700500488,-87.0394,26.1689,51.7540595710827,63,63,63,63,61,63,0,8046,1.33458767306251,26,-87,0.001869,51,2023-11-08 01:37:27.000161,230,1.037,0.0011,"aoml_navis",1027.75533929968
"7901009",16,0,1,0.022428,1,0,1,113.178084808973,1,4.86487916930367,231.899993896484,1,14.6450004577637,35.9049987792969,0.0224280003458261,0,109.13939666748,-87.0394,26.1689,51.7540595710827,63,63,63,63,61,63,0,8046,1.33458767306251,26,-87,0.001869,51,2023-11-08 01:37:27.000161,231.899993896484,1.037,0.0011,"aoml_navis",1027.77475575322
"7901009",16,0,1,0.020559,1,-0.001869,1,112.890011200779,1,4.86479990230886,234,1,14.5729999542236,35.8940010070801,0.020558999851346,0,108.861602783203,-87.0394,26.1689,51.7540595710827,63,63,63,63,61,63,0,8046,1.33458767306251,26,-87,0.001869,51,2023-11-08 01:37:27.000161,234,1.037,0.0011,"aoml_navis",1027.79150230351
"7901009",16,0,1,0.016821,1,-0.005607,1,112.728026661651,1,4.86469116795068,236,1,14.4390001296997,35.8740005493164,0.0168210007250309,0,108.70539855957,-87.0394,26.1689,51.7540595710827,63,63,63,63,61,63,0,8046,1.33458767306251,26,-87,0.001869,51,2023-11-08 01:37:27.000161,236,1.037,0.0011,"aoml_navis",1027.81447524167
"7901009",16,0,1,0.01869,1,-0.003738,1,112.902448423379,1,4.864588343053,238,1,14.3170003890991,35.8559989929199,0.0186899993568659,0,108.873596191406,-87.0394,26.1689,51.7540595710827,63,63,63,63,61,63,0,8046,1.33458767306251,26,-87,0.001869,51,2023-11-08 01:37:27.000161,238,1.037,0.0011,"aoml_navis",1027.83620059863
"7901009",16,0,1,0.01869,1,-0.003738,1,113.047011356803,1,4.86452346654775,240,1,14.2629995346069,35.8470001220703,0.0186899993568659,0,109.013000488281,-87.0394,26.1689,51.7540595710827,63,63,63,63,61,63,0,8046,1.33458767306251,26,-87,0.001869,51,2023-11-08 01:37:27.000161,240,1.037,0.0011,"aoml_navis",1027.84990850263
"7901009",16,0,1,0.026166,1,0.003738,1,113.259077078537,1,4.86445458707805,242,1,14.2049999237061,35.8380012512207,0.0261659994721413,0,109.217498779297,-87.0394,26.1689,51.7540595710827,63,63,63,63,61,63,0,8046,1.33458767306251,26,-87,0.001869,51,2023-11-08 01:37:27.000161,242,1.037,0.0011,"aoml_navis",1027.86446260224
"7901009",16,0,1,0.020559,1,-0.001869,1,113.333122858633,1,4.86440380625699,244,1,14.1680002212524,35.8300018310547,0.020558999851346,0,109.288902282715,-87.0394,26.1689,51.7540595710827,63,63,63,63,61,63,0,8046,1.33458767306251,26,-87,0.001869,51,2023-11-08 01:37:27.000161,244,1.037,0.0011,"aoml_navis",1027.87519275612
"7901009",16,0,1,0.022428,1,0,1,113.172277607072,1,4.8643280914244,246,1,14.0959997177124,35.8190002441406,0.0224280003458261,0,109.133796691895,-87.0394,26.1689,51.7540595710827,63,63,63,63,61,63,0,8046,1.33458767306251,26,-87,0.001869,51,2023-11-08 01:37:27.000161,246,1.037,0.0011,"aoml_navis",1027.89119196437
"7901009",16,0,1,0.022428,1,0,1,112.551532029491,1,4.86426710071557,248,1,14.0559997558594,35.8129997253418,0.0224280003458261,0,108.535202026367,-87.0394,26.1689,51.7540595710827,63,63,63,63,61,63,0,8046,1.33458767306251,26,-87,0.001869,51,2023-11-08 01:37:27.000161,248,1.037,0.0011,"aoml_navis",1027.90408019832
"7901009",16,0,1,0.024297,1,0.001869,1,111.965724603945,1,4.86420719720747,250,1,14.0170001983643,35.806999206543,0.0242970008403063,0,107.97029876709,-87.0394,26.1689,51.7540595710827,63,63,63,63,61,63,0,8046,1.33458767306251,26,-87,0.001869,51,2023-11-08 01:37:27.000161,250,1.037,0.0011,"aoml_navis",1027.91673900538
"7901009",16,0,1,0.020559,1,-0.001869,1,111.663852957447,1,4.86413380150401,252,1,13.9540004730225,35.7980003356934,0.020558999851346,0,107.67919921875,-87.0394,26.1689,51.7540595710827,63,63,63,63,61,63,0,8046,1.33458767306251,26,-87,0.001869,51,2023-11-08 01:37:27.000161,252,1.037,0.0011,"aoml_navis",1027.93224940769
"7901009",16,0,1,0.022428,1,0,1,111.410828265358,1,4.86407507651039,254,1,13.9160003662109,35.7919998168945,0.0224280003458261,0,107.435203552246,-87.0394,26.1689,51.7540595710827,63,63,63,63,61,63,0,8046,1.33458767306251,26,-87,0.001869,51,2023-11-08 01:37:27.000161,254,1.037,0.0011,"aoml_navis",1027.94465984829
"7901009",16,0,1,0.022428,1,0,1,111.393612364354,1,4.86400845568519,256,1,13.8629999160767,35.7840003967285,0.0224280003458261,0,107.418601989746,-87.0394,26.1689,51.7540595710827,63,63,63,63,61,63,0,8046,1.33458767306251,26,-87,0.001869,51,2023-11-08 01:37:27.000161,256,1.037,0.0011,"aoml_navis",1027.95873928958
"7901009",16,0,1,0.020559,1,-0.001869,1,111.662713669881,1,4.86395574723972,258,1,13.8199996948242,35.7750015258789,0.020558999851346,0,107.678100585938,-87.0394,26.1689,51.7540595710827,63,63,63,63,61,63,0,8046,1.33458767306251,26,-87,0.001869,51,2023-11-08 01:37:27.000161,258,1.037,0.0011,"aoml_navis",1027.9698788044
"7901009",16,0,1,0.020559,1,-0.001869,1,112.385710306546,1,4.86387461045972,260,1,13.7379999160767,35.7630004882812,0.020558999851346,0,108.375297546387,-87.0394,26.1689,51.7540595710827,63,63,63,63,61,63,0,8046,1.33458767306251,26,-87,0.001869,51,2023-11-08 01:37:27.000161,260,1.037,0.0011,"aoml_navis",1027.98702689571
"7901009",16,0,1,0.020559,1,-0.001869,1,113.19125782146,1,4.86381544573841,262,1,13.6920003890991,35.7550010681152,0.020558999851346,0,109.152099609375,-87.0394,26.1689,51.7540595710827,63,63,63,63,61,63,0,8046,1.33458767306251,26,-87,0.001869,51,2023-11-08 01:37:27.000161,262,1.037,0.0011,"aoml_navis",1027.99953159837
"7901009",16,0,1,0.020559,1,-0.001869,1,114.212708241924,1,4.86373263903147,264,1,13.5970001220703,35.7400016784668,0.020558999851346,0,110.137100219727,-87.0394,26.1689,51.7540595710827,63,63,63,63,61,63,0,8046,1.33458767306251,26,-87,0.001869,51,2023-11-08 01:37:27.000161,264,1.037,0.0011,"aoml_navis",1028.01703364099
"7901009",16,0,1,0.026166,1,0.003738,1,114.929074857891,1,4.8636731010614,266,1,13.5539999008179,35.7330017089844,0.0261659994721413,0,110.827903747559,-87.0394,26.1689,51.7540595710827,63,63,63,63,61,63,0,8046,1.33458767306251,26,-87,0.001869,51,2023-11-08 01:37:27.000161,266,1.037,0.0011,"aoml_navis",1028.02961796689
"7901009",16,0,1,0.01869,1,-0.003738,1,116.128262050432,1,4.86360629094736,268,1,13.5,35.7249984741211,0.0186899993568659,0,111.984298706055,-87.0394,26.1689,51.7540595710827,63,63,63,63,61,63,0,8046,1.33458767306251,26,-87,0.001869,51,2023-11-08 01:37:27.000161,268,1.037,0.0011,"aoml_navis",1028.04373974647
"7901009",16,0,1,0.022428,1,0,1,116.928002363445,1,4.86354820803074,270,1,13.4399995803833,35.7130012512207,0.0224280003458261,0,112.755500793457,-87.0394,26.1689,51.7540595710827,63,63,63,63,61,63,0,8046,1.33458767306251,26,-87,0.001869,51,2023-11-08 01:37:27.000161,270,1.037,0.0011,"aoml_navis",1028.05601715718
"7901009",16,0,1,0.022428,1,0,1,117.489536634451,1,4.8634773410038,272,1,13.3780002593994,35.7039985656738,0.0224280003458261,0,113.296997070312,-87.0394,26.1689,51.7540595710827,63,63,63,63,61,63,0,8046,1.33458767306251,26,-87,0.001869,51,2023-11-08 01:37:27.000161,272,1.037,0.0011,"aoml_navis",1028.0709972359
"7901009",16,0,1,0.024297,1,0.001869,1,117.876965612498,1,4.86342052825248,274,1,13.3299999237061,35.6949996948242,0.0242970008403063,0,113.670600891113,-87.0394,26.1689,51.7540595710827,63,63,63,63,61,63,0,8046,1.33458767306251,26,-87,0.001869,51,2023-11-08 01:37:27.000161,274,1.037,0.0011,"aoml_navis",1028.08300679616
"7901009",16,0,1,0.026166,1,0.003738,1,117.833514450591,1,4.863346355794,276,1,13.2569999694824,35.6839981079102,0.0261659994721413,0,113.628700256348,-87.0394,26.1689,51.7540595710827,63,63,63,63,61,63,0,8046,1.33458767306251,26,-87,0.001869,51,2023-11-08 01:37:27.000161,276,1.037,0.0011,"aoml_navis",1028.09868642055
"7901009",16,0,1,0.029904,1,0.007476,1,117.391961401421,1,4.86328939760098,278,1,13.2159996032715,35.6769981384277,0.0299040004611015,0,113.202903747559,-87.0394,26.1689,51.7540595710827,63,63,63,63,61,63,0,8046,1.33458767306251,26,-87,0.001869,51,2023-11-08 01:37:27.000161,278,1.037,0.0011,"aoml_navis",1028.11072737445
"7901009",16,0,1,0.022428,1,0,1,116.690840668374,1,4.86324978708498,280,1,13.2110004425049,35.6749992370605,0.0224280003458261,0,112.526802062988,-87.0394,26.1689,51.7540595710827,63,63,63,63,61,63,0,8046,1.33458767306251,26,-87,0.001869,51,2023-11-08 01:37:27.000161,280,1.037,0.0011,"aoml_navis",1028.11910119817
"7901009",16,0,1,0.022428,1,0,1,116.064691386571,1,4.86318767566811,282,1,13.16100025177,35.6669998168945,0.0224280003458261,0,111.922996520996,-87.0394,26.1689,51.7540595710827,63,63,63,63,61,63,0,8046,1.33458767306251,26,-87,0.001869,51,2023-11-08 01:37:27.000161,282,1.037,0.0011,"aoml_navis",1028.13223207823
"7901009",16,0,1,0.020559,1,-0.001869,1,115.42258416712,1,4.86311877774635,284,1,13.1040000915527,35.6590003967285,0.020558999851346,0,111.303802490234,-87.0394,26.1689,51.7540595710827,63,63,63,63,61,63,0,8046,1.33458767306251,26,-87,0.001869,51,2023-11-08 01:37:27.000161,284,1.037,0.0011,"aoml_navis",1028.14679807535
"7901009",16,0,1,0.022428,1,0,1,114.599203637104,1,4.86304039031576,286,1,13.0260000228882,35.6479988098145,0.0224280003458261,0,110.509803771973,-87.0394,26.1689,51.7540595710827,63,63,63,63,61,63,0,8046,1.33458767306251,26,-87,0.001869,51,2023-11-08 01:37:27.000161,286,1.037,0.0011,"aoml_navis",1028.16337079103
"7901009",16,0,1,0.028035,1,0.005607,1,114.702902540804,1,4.86298284040331,288,1,12.9840002059937,35.640998840332,0.0280349999666214,0,110.609802246094,-87.0394,26.1689,51.7540595710827,63,63,63,63,61,63,0,8046,1.33458767306251,26,-87,0.001869,51,2023-11-08 01:37:27.000161,288,1.037,0.0011,"aoml_navis",1028.17553836676
"7901009",16,0,1,0.024297,1,0.001869,1,115.26112180146,1,4.86291924865848,290,1,12.9320001602173,35.632999420166,0.0242970008403063,0,111.148101806641,-87.0394,26.1689,51.7540595710827,63,63,63,63,61,63,0,8046,1.33458767306251,26,-87,0.001869,51,2023-11-08 01:37:27.000161,290,1.037,0.0011,"aoml_navis",1028.18898368081
"7901009",16,0,1,0.028035,1,0.005607,1,115.886021031628,1,4.86285723562924,292,1,12.8739995956421,35.6230010986328,0.0280349999666214,0,111.750701904297,-87.0394,26.1689,51.7540595710827,63,63,63,63,61,63,0,8046,1.33458767306251,26,-87,0.001869,51,2023-11-08 01:37:27.000161,292,1.037,0.0011,"aoml_navis",1028.20209554291
"7901009",16,0,1,0.024297,1,0.001869,1,116.740613293931,1,4.86277020618608,294,1,12.7749996185303,35.609001159668,0.0242970008403063,0,112.574798583984,-87.0394,26.1689,51.7540595710827,63,63,63,63,61,63,0,8046,1.33458767306251,26,-87,0.001869,51,2023-11-08 01:37:27.000161,294,1.037,0.0011,"aoml_navis",1028.22049736986
"7901009",16,0,1,0.024297,1,0.001869,1,117.136128049012,1,4.8627078432361,296,1,12.7200002670288,35.5999984741211,0.0242970008403063,0,112.956199645996,-87.0394,26.1689,51.7540595710827,63,63,63,63,61,63,0,8046,1.33458767306251,26,-87,0.001869,51,2023-11-08 01:37:27.000161,296,1.037,0.0011,"aoml_navis",1028.23368402749
"7901009",16,0,1,0.01869,1,-0.003738,1,117.012515348058,1,4.86266883129396,298,1,12.7080001831055,35.5960006713867,0.0186899993568659,0,112.83699798584,-87.0394,26.1689,51.7540595710827,63,63,63,63,61,63,0,8046,1.33458767306251,26,-87,0.001869,51,2023-11-08 01:37:27.000161,298,1.037,0.0011,"aoml_navis",1028.24193328204
"7901009",16,0,1,0.024297,1,0.001869,1,117.121815748959,1,4.86261203721972,300,1,12.6700000762939,35.5900001525879,0.0242970008403063,0,112.942398071289,-87.0394,26.1689,51.7540595710827,63,63,63,63,61,63,0,8046,1.33458767306251,26,-87,0.001869,51,2023-11-08 01:37:27.000161,300,1.037,0.0011,"aoml_navis",1028.2539428868
"7901009",16,0,1,0.022428,1,0,1,117.52313770594,1,4.86255221361511,302,1,12.625,35.5830001831055,0.0224280003458261,0,113.329399108887,-87.0394,26.1689,51.7540595710827,63,63,63,63,61,63,0,8046,1.33458767306251,26,-87,0.001869,51,2023-11-08 01:37:27.000161,302,1.037,0.0011,"aoml_navis",1028.2665934157
"7901009",16,0,1,0.026166,1,0.003738,1,117.862447607746,1,4.86247678975298,304,1,12.5369997024536,35.5690002441406,0.0261659994721413,0,113.656600952148,-87.0394,26.1689,51.7540595710827,63,63,63,63,61,63,0,8046,1.33458767306251,26,-87,0.001869,51,2023-11-08 01:37:27.000161,304,1.037,0.0011,"aoml_navis",1028.28254327853
"7901009",16,0,1,0.022428,1,0,1,117.634510977275,1,4.86239709227518,306,1,12.4479999542236,35.5559997558594,0.0224280003458261,0,113.436798095703,-87.0394,26.1689,51.7540595710827,63,63,63,63,61,63,0,8046,1.33458767306251,26,-87,0.001869,51,2023-11-08 01:37:27.000161,306,1.037,0.0011,"aoml_navis",1028.29939741932
"7901009",16,0,1,0.026166,1,0.003738,1,117.025996917593,1,4.86234961514572,308,1,12.4270000457764,35.5519981384277,0.0261659994721413,0,112.849998474121,-87.0394,26.1689,51.7540595710827,63,63,63,63,61,63,0,8046,1.33458767306251,26,-87,0.001869,51,2023-11-08 01:37:27.000161,308,1.037,0.0011,"aoml_navis",1028.30943797738
"7901009",16,0,1,0.026166,1,0.003738,1,116.115611211414,1,4.86229721592777,310,1,12.3970003128052,35.5470008850098,0.0261659994721413,0,111.972099304199,-87.0394,26.1689,51.7540595710827,63,63,63,63,61,63,0,8046,1.33458767306251,26,-87,0.001869,51,2023-11-08 01:37:27.000161,310,1.037,0.0011,"aoml_navis",1028.32051969615
"7901009",16,0,1,0.022428,1,0,1,114.840716777742,1,4.86224406326764,312,1,12.3699998855591,35.5429992675781,0.0224280003458261,0,110.742698669434,-87.0394,26.1689,51.7540595710827,63,63,63,63,61,63,0,8046,1.33458767306251,26,-87,0.001869,51,2023-11-08 01:37:27.000161,312,1.037,0.0011,"aoml_navis",1028.33176100169
"7901009",16,0,1,0.026166,1,0.003738,1,114.525885735175,1,4.86216674814216,314,1,12.3059997558594,35.5359992980957,0.0261659994721413,0,110.439102172852,-87.0394,26.1689,51.7540595710827,63,63,63,63,61,63,0,8046,1.33458767306251,26,-87,0.001869,51,2023-11-08 01:37:27.000161,314,1.037,0.0011,"aoml_navis",1028.34811288825
"7901009",16,0,1,0.024297,1,0.001869,1,115.297310005132,1,4.86209372394739,316,1,12.2270002365112,35.523998260498,0.0242970008403063,0,111.182998657227,-87.0394,26.1689,51.7540595710827,63,63,63,63,61,63,0,8046,1.33458767306251,26,-87,0.001869,51,2023-11-08 01:37:27.000161,316,1.037,0.0011,"aoml_navis",1028.36355773509
"7901009",16,0,1,0.024297,1,0.001869,1,114.700616053952,1,4.86204701098557,318,1,12.1949996948242,35.5169982910156,0.0242970008403063,0,110.607597351074,-87.0394,26.1689,51.7540595710827,63,63,63,63,61,63,0,8046,1.33458767306251,26,-87,0.001869,51,2023-11-08 01:37:27.000161,318,1.037,0.0011,"aoml_navis",1028.37343791673
"7901009",16,0,1,0.024297,1,0.001869,1,114.082560460902,1,4.86199712529882,320,1,12.1789999008179,35.5149993896484,0.0242970008403063,0,110.011596679688,-87.0394,26.1689,51.7540595710827,63,63,63,63,61,63,0,8046,1.33458767306251,26,-87,0.001869,51,2023-11-08 01:37:27.000161,320,1.037,0.0011,"aoml_navis",1028.38398936583
"7901009",16,0,1,0.026166,1,0.003738,1,113.50484672411,1,4.86192901344975,322,1,12.1319999694824,35.5099983215332,0.0261659994721413,0,109.454498291016,-87.0394,26.1689,51.7540595710827,63,63,63,63,61,63,0,8046,1.33458767306251,26,-87,0.001869,51,2023-11-08 01:37:27.000161,322,1.037,0.0011,"aoml_navis",1028.39839622674
"7901009",16,0,1,0.022428,1,0,1,113.317465566315,1,4.86187592515421,324,1,12.0970001220703,35.5040016174316,0.0224280003458261,0,109.273803710938,-87.0394,26.1689,51.7540595710827,63,63,63,63,61,63,0,8046,1.33458767306251,26,-87,0.001869,51,2023-11-08 01:37:27.000161,324,1.037,0.0011,"aoml_navis",1028.40962562026
"7901009",16,0,1,0.024297,1,0.001869,1,113.69648438684,1,4.86181849331302,326,1,12.0690002441406,35.5009994506836,0.0242970008403063,0,109.639297485352,-87.0394,26.1689,51.7540595710827,63,63,63,63,61,63,0,8046,1.33458767306251,26,-87,0.001869,51,2023-11-08 01:37:27.000161,326,1.037,0.0011,"aoml_navis",1028.42177404957
"7901009",16,0,1,0.024297,1,0.001869,1,114.213230415392,1,4.86177422051477,328,1,12.0550003051758,35.4980010986328,0.0242970008403063,0,110.137603759766,-87.0394,26.1689,51.7540595710827,63,63,63,63,61,63,0,8046,1.33458767306251,26,-87,0.001869,51,2023-11-08 01:37:27.000161,328,1.037,0.0011,"aoml_navis",1028.43113917178
"7901009",16,0,1,0.028035,1,0.005607,1,114.848810466495,1,4.86172125195009,330,1,12.0200004577637,35.492000579834,0.0280349999666214,0,110.750503540039,-87.0394,26.1689,51.7540595710827,63,63,63,63,61,63,0,8046,1.33458767306251,26,-87,0.001869,51,2023-11-08 01:37:27.000161,330,1.037,0.0011,"aoml_navis",1028.44234395266
"7901009",16,0,1,0.026166,1,0.003738,1,114.646903392228,1,4.86167582275958,332,1,11.9930000305176,35.4860000610352,0.0261659994721413,0,110.555801391602,-87.0394,26.1689,51.7540595710827,63,63,63,63,61,63,0,8046,1.33458767306251,26,-87,0.001869,51,2023-11-08 01:37:27.000161,332,1.037,0.0011,"aoml_navis",1028.45195407577
"7901009",16,0,1,0.028035,1,0.005607,1,113.772191627971,1,4.86161647478405,334,1,11.9549999237061,35.4809989929199,0.0280349999666214,0,109.712303161621,-87.0394,26.1689,51.7540595710827,63,63,63,63,61,63,0,8046,1.33458767306251,26,-87,0.001869,51,2023-11-08 01:37:27.000161,334,1.037,0.0011,"aoml_navis",1028.46450885908
"7901009",16,0,1,0.024297,1,0.001869,1,112.661971717958,1,4.86156221054818,336,1,11.9420003890991,35.4809989929199,0.0242970008403063,0,108.641700744629,-87.0394,26.1689,51.7540595710827,63,63,63,63,61,63,0,8046,1.33458767306251,26,-87,0.001869,51,2023-11-08 01:37:27.000161,336,1.037,0.0011,"aoml_navis",1028.4759884696
"7901009",16,0,1,0.026166,1,0.003738,1,112.042571132643,1,4.86151542545838,338,1,11.9370002746582,35.4809989929199,0.0261659994721413,0,108.044403076172,-87.0394,26.1689,51.7540595710827,63,63,63,63,61,63,0,8046,1.33458767306251,26,-87,0.001869,51,2023-11-08 01:37:27.000161,338,1.037,0.0011,"aoml_navis",1028.48588607092
"7901009",16,0,1,0.028035,1,0.005607,1,111.673497343165,1,4.86147051100633,340,1,11.9340000152588,35.4809989929199,0.0280349999666214,0,107.688499450684,-87.0394,26.1689,51.7540595710827,63,63,63,63,61,63,0,8046,1.33458767306251,26,-87,0.001869,51,2023-11-08 01:37:27.000161,340,1.037,0.0011,"aoml_navis",1028.49538810943
"7901009",16,0,1,0.026166,1,0.003738,1,111.062182534883,1,4.86142739111978,342,1,11.9289999008179,35.4799995422363,0.0261659994721413,0,107.098999023438,-87.0394,26.1689,51.7540595710827,63,63,63,63,61,63,0,8046,1.33458767306251,26,-87,0.001869,51,2023-11-08 01:37:27.000161,342,1.037,0.0011,"aoml_navis",1028.50451065737
"7901009",16,0,1,0.029904,1,0.007476,1,109.646048089855,1,4.8613794551011,344,1,11.91100025177,35.4770011901855,0.0299040004611015,0,105.7333984375,-87.0394,26.1689,51.7540595710827,63,63,63,63,61,63,0,8046,1.33458767306251,26,-87,0.001869,51,2023-11-08 01:37:27.000161,344,1.037,0.0011,"aoml_navis",1028.51465230789
"7901009",16,0,1,0.022428,1,0,1,108.771542030298,1,4.86131954357173,346,1,11.8879995346069,35.476001739502,0.0224280003458261,0,104.890098571777,-87.0394,26.1689,51.7540595710827,63,63,63,63,61,63,0,8046,1.33458767306251,26,-87,0.001869,51,2023-11-08 01:37:27.000161,346,1.037,0.0011,"aoml_navis",1028.52732785518
"7901009",16,0,1,0.029904,1,0.007476,1,108.736390261843,1,4.86124812136676,348,1,11.8290004730225,35.4690017700195,0.0299040004611015,0,104.856201171875,-87.0394,26.1689,51.7540595710827,63,63,63,63,61,63,0,8046,1.33458767306251,26,-87,0.001869,51,2023-11-08 01:37:27.000161,348,1.037,0.0011,"aoml_navis",1028.54243913685
"7901009",16,0,1,0.026166,1,0.003738,1,108.753083989378,1,4.86118968945149,350.100006103516,1,11.793999671936,35.4640007019043,0.0261659994721413,0,104.872299194336,-87.0394,26.1689,51.7540595710827,63,63,63,63,61,63,0,8046,1.33458767306251,26,-87,0.001869,51,2023-11-08 01:37:27.000161,350.100006103516,1.037,0.0011,"aoml_navis",1028.55480230482
"7901009",16,0,1,0.024297,1,0.001869,1,108.898058332202,1,4.86114948248855,352,1,11.7779998779297,35.4599990844727,0.0242970008403063,0,105.012100219727,-87.0394,26.1689,51.7540595710827,63,63,63,63,61,63,0,8046,1.33458767306251,26,-87,0.001869,51,2023-11-08 01:37:27.000161,352,1.037,0.0011,"aoml_navis",1028.56330956529
"7901009",16,0,1,0.024297,1,0.001869,1,109.060145723679,1,4.86109036282214,354,1,11.7320003509521,35.4529991149902,0.0242970008403063,0,105.168403625488,-87.0394,26.1689,51.7540595710827,63,63,63,63,61,63,0,8046,1.33458767306251,26,-87,0.001869,51,2023-11-08 01:37:27.000161,354,1.037,0.0011,"aoml_navis",1028.57581875874
"7901009",16,0,1,0.026166,1,0.003738,1,109.244314723475,1,4.86101738618912,356,1,11.6590003967285,35.443000793457,0.0261659994721413,0,105.346000671387,-87.0394,26.1689,51.7540595710827,63,63,63,63,61,63,0,8046,1.33458767306251,26,-87,0.001869,51,2023-11-08 01:37:27.000161,356,1.037,0.0011,"aoml_navis",1028.59126038219
"7901009",16,0,1,0.026166,1,0.003738,1,109.174208979545,1,4.86095569293081,358,1,11.5979995727539,35.4329986572266,0.0261659994721413,0,105.278396606445,-87.0394,26.1689,51.7540595710827,63,63,63,63,61,63,0,8046,1.33458767306251,26,-87,0.001869,51,2023-11-08 01:37:27.000161,358,1.037,0.0011,"aoml_navis",1028.60431484109
"7901009",16,0,1,0.022428,1,0,1,109.552515745342,1,4.86089416196552,360,1,11.5450000762939,35.4249992370605,0.0224280003458261,0,105.643203735352,-87.0394,26.1689,51.7540595710827,63,63,63,63,61,63,0,8046,1.33458767306251,26,-87,0.001869,51,2023-11-08 01:37:27.000161,360,1.037,0.0011,"aoml_navis",1028.61733528842
"7901009",16,0,1,0.028035,1,0.005607,1,110.066136644805,1,4.86083366387741,362,1,11.4969997406006,35.4179992675781,0.0280349999666214,0,106.138496398926,-87.0394,26.1689,51.7540595710827,63,63,63,63,61,63,0,8046,1.33458767306251,26,-87,0.001869,51,2023-11-08 01:37:27.000161,362,1.037,0.0011,"aoml_navis",1028.63013749201
"7901009",16,0,1,0.026166,1,0.003738,1,110.580184777106,1,4.86077782351858,364,1,11.4580001831055,35.4119987487793,0.0261659994721413,0,106.634201049805,-87.0394,26.1689,51.7540595710827,63,63,63,63,61,63,0,8046,1.33458767306251,26,-87,0.001869,51,2023-11-08 01:37:27.000161,364,1.037,0.0011,"aoml_navis",1028.64195434068
"7901009",16,0,1,0.028035,1,0.005607,1,111.079912697635,1,4.86072391690322,366,1,11.4090003967285,35.4029998779297,0.0280349999666214,0,107.116096496582,-87.0394,26.1689,51.7540595710827,63,63,63,63,61,63,0,8046,1.33458767306251,26,-87,0.001869,51,2023-11-08 01:37:27.000161,366,1.037,0.0011,"aoml_navis",1028.65336223118
"7901009",16,0,1,0.026166,1,0.003738,1,111.632119051691,1,4.86067368023688,368,1,11.3760004043579,35.3969993591309,0.0261659994721413,0,107.648597717285,-87.0394,26.1689,51.7540595710827,63,63,63,63,61,63,0,8046,1.33458767306251,26,-87,0.001869,51,2023-11-08 01:37:27.000161,368,1.037,0.0011,"aoml_navis",1028.6639937031
"7901009",16,0,1,0.022428,1,0,1,112.081354380215,1,4.86060730168869,370,1,11.3050003051758,35.3860015869141,0.0224280003458261,0,108.081802368164,-87.0394,26.1689,51.7540595710827,63,63,63,63,61,63,0,8046,1.33458767306251,26,-87,0.001869,51,2023-11-08 01:37:27.000161,370,1.037,0.0011,"aoml_navis",1028.67804158194
"7901009",16,0,1,0.024297,1,0.001869,1,111.753033856394,1,4.86053297405694,372,1,11.2290000915527,35.3759994506836,0.0242970008403063,0,107.765197753906,-87.0394,26.1689,51.7540595710827,63,63,63,63,61,63,0,8046,1.33458767306251,26,-87,0.001869,51,2023-11-08 01:37:27.000161,372,1.037,0.0011,"aoml_navis",1028.69377220306
"7901009",16,0,1,0.031773,1,0.009345,1,111.667065115447,1,4.86047215929298,374,1,11.1840000152588,35.3699989318848,0.0317730009555817,0,107.68229675293,-87.0394,26.1689,51.7540595710827,63,63,63,63,61,63,0,8046,1.33458767306251,26,-87,0.001869,51,2023-11-08 01:37:27.000161,374,1.037,0.0011,"aoml_navis",1028.70664333305
"7901009",16,0,1,0.029904,1,0.007476,1,111.746815245094,1,4.86042479356751,376,1,11.1619997024536,35.3660011291504,0.0299040004611015,0,107.759201049805,-87.0394,26.1689,51.7540595710827,63,63,63,63,61,63,0,8046,1.33458767306251,26,-87,0.001869,51,2023-11-08 01:37:27.000161,376,1.037,0.0011,"aoml_navis",1028.71666826678
"7901009",16,0,1,0.026166,1,0.003738,1,111.450228627029,1,4.86037656065754,378,1,11.1389999389648,35.3619995117188,0.0261659994721413,0,107.473197937012,-87.0394,26.1689,51.7540595710827,63,63,63,63,61,63,0,8046,1.33458767306251,26,-87,0.001869,51,2023-11-08 01:37:27.000161,378,1.037,0.0011,"aoml_navis",1028.72687694049
"7901009",16,0,1,0.026166,1,0.003738,1,110.778871781654,1,4.86031516181469,380,1,11.085000038147,35.3540000915527,0.0261659994721413,0,106.825798034668,-87.0394,26.1689,51.7540595710827,63,63,63,63,61,63,0,8046,1.33458767306251,26,-87,0.001869,51,2023-11-08 01:37:27.000161,380,1.037,0.0011,"aoml_navis",1028.73987252571
"7901009",16,0,1,0.026166,1,0.003738,1,110.063233043855,1,4.8602283294071,382,1,10.9860000610352,35.3419990539551,0.0261659994721413,0,106.135696411133,-87.0394,26.1689,51.7540595710827,63,63,63,63,61,63,0,8046,1.33458767306251,26,-87,0.001869,51,2023-11-08 01:37:27.000161,382,1.037,0.0011,"aoml_navis",1028.75825190088
"7901009",16,0,1,0.026166,1,0.003738,1,109.825865644084,1,4.86017499122045,384,1,10.9530000686646,35.3370018005371,0.0261659994721413,0,105.906799316406,-87.0394,26.1689,51.7540595710827,63,63,63,63,61,63,0,8046,1.33458767306251,26,-87,0.001869,51,2023-11-08 01:37:27.000161,384,1.037,0.0011,"aoml_navis",1028.76954204985
"7901009",16,0,1,0.028035,1,0.005607,1,109.984012999394,1,4.86012506432255,386,1,10.9320001602173,35.3339996337891,0.0280349999666214,0,106.059303283691,-87.0394,26.1689,51.7540595710827,63,63,63,63,61,63,0,8046,1.33458767306251,26,-87,0.001869,51,2023-11-08 01:37:27.000161,386,1.037,0.0011,"aoml_navis",1028.78011035236
"7901009",16,0,1,0.026166,1,0.003738,1,110.467355749437,1,4.86006580787229,388,1,10.8839998245239,35.3269996643066,0.0261659994721413,0,106.525398254395,-87.0394,26.1689,51.7540595710827,63,63,63,63,61,63,0,8046,1.33458767306251,26,-87,0.001869,51,2023-11-08 01:37:27.000161,388,1.037,0.0011,"aoml_navis",1028.79265377457
"7901009",16,0,1,0.028035,1,0.005607,1,110.842751002564,1,4.86000524367319,390,1,10.8219995498657,35.3170013427734,0.0280349999666214,0,106.887397766113,-87.0394,26.1689,51.7540595710827,63,63,63,63,61,63,0,8046,1.33458767306251,26,-87,0.001869,51,2023-11-08 01:37:27.000161,390,1.037,0.0011,"aoml_navis",1028.80547433751
"7901009",16,0,1,0.028035,1,0.005607,1,111.196476056772,1,4.85993013380425,392,1,10.7349996566772,35.3050003051758,0.0280349999666214,0,107.228500366211,-87.0394,26.1689,51.7540595710827,63,63,63,63,61,63,0,8046,1.33458767306251,26,-87,0.001869,51,2023-11-08 01:37:27.000161,392,1.037,0.0011,"aoml_navis",1028.82137445176
"7901009",16,0,1,0.031773,1,0.009345,1,111.593541508818,1,4.85987906044857,394,1,10.6999998092651,35.298999786377,0.0317730009555817,0,107.611396789551,-87.0394,26.1689,51.7540595710827,63,63,63,63,61,63,0,8046,1.33458767306251,26,-87,0.001869,51,2023-11-08 01:37:27.000161,394,1.037,0.0011,"aoml_navis",1028.83218652328
"7901009",16,0,1,0.028035,1,0.005607,1,112.06766710598,1,4.85981868255495,396,1,10.6459999084473,35.2910003662109,0.0280349999666214,0,108.068603515625,-87.0394,26.1689,51.7540595710827,63,63,63,63,61,63,0,8046,1.33458767306251,26,-87,0.001869,51,2023-11-08 01:37:27.000161,396,1.037,0.0011,"aoml_navis",1028.84496862985
"7901009",16,0,1,0.028035,1,0.005607,1,112.118064757355,1,4.85975090347087,398,1,10.5749998092651,35.2809982299805,0.0280349999666214,0,108.117202758789,-87.0394,26.1689,51.7540595710827,63,63,63,63,61,63,0,8046,1.33458767306251,26,-87,0.001869,51,2023-11-08 01:37:27.000161,398,1.037,0.0011,"aoml_navis",1028.85931795989
"7901009",16,0,1,0.028035,1,0.005607,1,112.043916124908,1,4.85969219338765,400,1,10.5310001373291,35.2750015258789,0.0280349999666214,0,108.045700073242,-87.0394,26.1689,51.7540595710827,63,63,63,63,61,63,0,8046,1.33458767306251,26,-87,0.001869,51,2023-11-08 01:37:27.000161,400,1.037,0.0011,"aoml_navis",1028.87174763934
"7901009",16,0,1,0.028035,1,0.005607,1,112.011248636286,1,4.8596393089542,402,1,10.5019998550415,35.2709999084473,0.0280349999666214,0,108.014198303223,-87.0394,26.1689,51.7540595710827,63,63,63,63,61,63,0,8046,1.33458767306251,26,-87,0.001869,51,2023-11-08 01:37:27.000161,402,1.037,0.0011,"aoml_navis",1028.88294421094
"7901009",16,0,1,0.028035,1,0.005607,1,112.063616305744,1,4.8595932234203,404,1,10.4849996566772,35.2680015563965,0.0280349999666214,0,108.064697265625,-87.0394,26.1689,51.7540595710827,63,63,63,63,61,63,0,8046,1.33458767306251,26,-87,0.001869,51,2023-11-08 01:37:27.000161,404,1.037,0.0011,"aoml_navis",1028.89270153375
"7901009",16,0,1,0.029904,1,0.007476,1,112.375448806729,1,4.85953884309277,406,1,10.4499998092651,35.2630004882812,0.0299040004611015,0,108.36540222168,-87.0394,26.1689,51.7540595710827,63,63,63,63,61,63,0,8046,1.33458767306251,26,-87,0.001869,51,2023-11-08 01:37:27.000161,406,1.037,0.0011,"aoml_navis",1028.90421528514
"7901009",16,0,1,0.028035,1,0.005607,1,112.918525036816,1,4.85948057338228,408,1,10.4020004272461,35.2560005187988,0.0280349999666214,0,108.889099121094,-87.0394,26.1689,51.7540595710827,63,63,63,63,61,63,0,8046,1.33458767306251,26,-87,0.001869,51,2023-11-08 01:37:27.000161,408,1.037,0.0011,"aoml_navis",1028.9165528076
"7901009",16,0,1,0.029904,1,0.007476,1,113.344737262435,1,4.85941980551774,410,1,10.3509998321533,35.2490005493164,0.0299040004611015,0,109.300102233887,-87.0394,26.1689,51.7540595710827,63,63,63,63,61,63,0,8046,1.33458767306251,26,-87,0.001869,51,2023-11-08 01:37:27.000161,410,1.037,0.0011,"aoml_navis",1028.92941958269
"7901009",16,0,1,0.026166,1,0.003738,1,113.392334165209,1,4.85937729025085,412,1,10.3380002975464,35.2459983825684,0.0261659994721413,0,109.346000671387,-87.0394,26.1689,51.7540595710827,63,63,63,63,61,63,0,8046,1.33458767306251,26,-87,0.001869,51,2023-11-08 01:37:27.000161,412,1.037,0.0011,"aoml_navis",1028.93842180793
"7901009",16,0,1,0.024297,1,0.001869,1,113.245389804302,1,4.85933217363512,414,1,10.3219995498657,35.2430000305176,0.0242970008403063,0,109.204299926758,-87.0394,26.1689,51.7540595710827,63,63,63,63,61,63,0,8046,1.33458767306251,26,-87,0.001869,51,2023-11-08 01:37:27.000161,414,1.037,0.0011,"aoml_navis",1028.94797501766
"7901009",16,0,1,0.029904,1,0.007476,1,113.118873502398,1,4.85927048804339,416,1,10.2740001678467,35.2369995117188,0.0299040004611015,0,109.082298278809,-87.0394,26.1689,51.7540595710827,63,63,63,63,61,63,0,8046,1.33458767306251,26,-87,0.001869,51,2023-11-08 01:37:27.000161,416,1.037,0.0011,"aoml_navis",1028.96103690932
"7901009",16,0,1,0.022428,1,0,1,113.08434675976,1,4.85921578000792,418,1,10.2340002059937,35.2309989929199,0.0224280003458261,0,109.049003601074,-87.0394,26.1689,51.7540595710827,63,63,63,63,61,63,0,8046,1.33458767306251,26,-87,0.001869,51,2023-11-08 01:37:27.000161,418,1.037,0.0011,"aoml_navis",1028.9726215846
"7901009",16,0,1,0.024297,1,0.001869,1,113.230974651899,1,4.85915770514322,420,1,10.1899995803833,35.2249984741211,0.0242970008403063,0,109.190399169922,-87.0394,26.1689,51.7540595710827,63,63,63,63,61,63,0,8046,1.33458767306251,26,-87,0.001869,51,2023-11-08 01:37:27.000161,420,1.037,0.0011,"aoml_navis",1028.98491948671
"7901009",16,0,1,0.028035,1,0.005607,1,113.443562547101,1,4.85909859645407,422,1,10.1490001678467,35.2200012207031,0.0280349999666214,0,109.395401000977,-87.0394,26.1689,51.7540595710827,63,63,63,63,61,63,0,8046,1.33458767306251,26,-87,0.001869,51,2023-11-08 01:37:27.000161,422,1.037,0.0011,"aoml_navis",1028.99743661278
"7901009",16,0,1,0.024297,1,0.001869,1,113.483176525191,1,4.85904751705277,424,1,10.1129999160767,35.2140007019043,0.0242970008403063,0,109.433601379395,-87.0394,26.1689,51.7540595710827,63,63,63,63,61,63,0,8046,1.33458767306251,26,-87,0.001869,51,2023-11-08 01:37:27.000161,424,1.037,0.0011,"aoml_navis",1029.00825366547
"7901009",16,0,1,0.028035,1,0.005607,1,113.374706854807,1,4.85899971841875,426,1,10.0979995727539,35.2120018005371,0.0280349999666214,0,109.329002380371,-87.0394,26.1689,51.7540595710827,63,63,63,63,61,63,0,8046,1.33458767306251,26,-87,0.001869,51,2023-11-08 01:37:27.000161,426,1.037,0.0011,"aoml_navis",1029.01837615812
"7901009",16,0,1,0.022428,1,0,1,113.412350814813,1,4.85894733936891,428,1,10.0690002441406,35.2080001831055,0.0224280003458261,0,109.365303039551,-87.0394,26.1689,51.7540595710827,63,63,63,63,61,63,0,8046,1.33458767306251,26,-87,0.001869,51,2023-11-08 01:37:27.000161,428,1.037,0.0011,"aoml_navis",1029.02946889097
"7901009",16,0,1,0.026166,1,0.003738,1,113.397935662411,1,4.85889584520917,430,1,10.0410003662109,35.2039985656738,0.0261659994721413,0,109.351402282715,-87.0394,26.1689,51.7540595710827,63,63,63,63,61,63,0,8046,1.33458767306251,26,-87,0.001869,51,2023-11-08 01:37:27.000161,430,1.037,0.0011,"aoml_navis",1029.04037445667
"7901009",16,0,1,0.029904,1,0.007476,1,113.426868819565,1,4.85884490873071,432,1,10.0050001144409,35.1980018615723,0.0299040004611015,0,109.379302978516,-87.0394,26.1689,51.7540595710827,63,63,63,63,61,63,0,8046,1.33458767306251,26,-87,0.001869,51,2023-11-08 01:37:27.000161,432,1.037,0.0011,"aoml_navis",1029.0511621426
"7901009",16,0,1,0.029904,1,0.007476,1,113.451134062386,1,4.85878782118371,434,1,9.96599960327148,35.193000793457,0.0299040004611015,0,109.402702331543,-87.0394,26.1689,51.7540595710827,63,63,63,63,61,63,0,8046,1.33458767306251,26,-87,0.001869,51,2023-11-08 01:37:27.000161,434,1.037,0.0011,"aoml_navis",1029.06325281393
"7901009",16,0,1,0.028035,1,0.005607,1,113.528597705181,1,4.85872656383452,436,1,9.92199993133545,35.1879997253418,0.0280349999666214,0,109.477401733398,-87.0394,26.1689,51.7540595710827,63,63,63,63,61,63,0,8046,1.33458767306251,26,-87,0.001869,51,2023-11-08 01:37:27.000161,436,1.037,0.0011,"aoml_navis",1029.07622693095
"7901009",16,0,1,0.031773,1,0.009345,1,113.563124447819,1,4.85866483848555,438,1,9.8730001449585,35.181999206543,0.0317730009555817,0,109.510696411133,-87.0394,26.1689,51.7540595710827,63,63,63,63,61,63,0,8046,1.33458767306251,26,-87,0.001869,51,2023-11-08 01:37:27.000161,438,1.037,0.0011,"aoml_navis",1029.08930049979
"7901009",16,0,1,0.026166,1,0.003738,1,113.526421982398,1,4.85862084586581,440,1,9.85799980163574,35.1790008544922,0.0261659994721413,0,109.475303649902,-87.0394,26.1689,51.7540595710827,63,63,63,63,61,63,0,8046,1.33458767306251,26,-87,0.001869,51,2023-11-08 01:37:27.000161,440,1.037,0.0011,"aoml_navis",1029.09861843912
"7901009",16,0,1,0.024297,1,0.001869,1,113.525377635462,1,4.85857188218473,442,1,9.82400035858154,35.1730003356934,0.0242970008403063,0,109.474296569824,-87.0394,26.1689,51.7540595710827,63,63,63,63,61,63,0,8046,1.33458767306251,26,-87,0.001869,51,2023-11-08 01:37:27.000161,442,1.037,0.0011,"aoml_navis",1029.10898948184
"7901009",16,0,1,0.028035,1,0.005607,1,113.591851900274,1,4.85850678647646,444,1,9.76200008392334,35.1650009155273,0.0280349999666214,0,109.538398742676,-87.0394,26.1689,51.7540595710827,63,63,63,63,61,63,0,8046,1.33458767306251,26,-87,0.001869,51,2023-11-08 01:37:27.000161,444,1.037,0.0011,"aoml_navis",1029.1227777879
"7901009",16,0,1,0.024297,1,0.001869,1,113.615389264927,1,4.85844623128949,446,1,9.71399974822998,35.1590003967285,0.0242970008403063,0,109.561096191406,-87.0394,26.1689,51.7540595710827,63,63,63,63,61,63,0,8046,1.33458767306251,26,-87,0.001869,51,2023-11-08 01:37:27.000161,446,1.037,0.0011,"aoml_navis",1029.13560467107
"7901009",16,0,1,0.026166,1,0.003738,1,113.613110689794,1,4.85838544248859,448,1,9.67000007629395,35.1539993286133,0.0261659994721413,0,109.558898925781,-87.0394,26.1689,51.7540595710827,63,63,63,63,61,63,0,8046,1.33458767306251,26,-87,0.001869,51,2023-11-08 01:37:27.000161,448,1.037,0.0011,"aoml_navis",1029.14848136028
"7901009",16,0,1,0.028035,1,0.005607,1,113.678857076438,1,4.85831160879372,450,1,9.59700012207031,35.1459999084473,0.0280349999666214,0,109.622299194336,-87.0394,26.1689,51.7540595710827,63,63,63,63,61,63,0,8046,1.33458767306251,26,-87,0.001869,51,2023-11-08 01:37:27.000161,450,1.037,0.0011,"aoml_navis",1029.16412173929
"7901009",16,0,1,0.026166,1,0.003738,1,113.527244801196,1,4.85826278319143,452,1,9.57600021362305,35.1430015563965,0.0261659994721413,0,109.476097106934,-87.0394,26.1689,51.7540595710827,63,63,63,63,61,63,0,8046,1.33458767306251,26,-87,0.001869,51,2023-11-08 01:37:27.000161,452,1.037,0.0011,"aoml_navis",1029.17446485171
"7901009",16,0,1,0.029904,1,0.007476,1,113.216765204196,1,4.85821315762141,454,1,9.55399990081787,35.1399993896484,0.0299040004611015,0,109.176696777344,-87.0394,26.1689,51.7540595710827,63,63,63,63,61,63,0,8046,1.33458767306251,26,-87,0.001869,51,2023-11-08 01:37:27.000161,454,1.037,0.0011,"aoml_navis",1029.18497764063
"7901009",16,0,1,0.022428,1,0,1,112.639676493221,1,4.8581531186111,456,1,9.51500034332275,35.1360015869141,0.0224280003458261,0,108.62020111084,-87.0394,26.1689,51.7540595710827,63,63,63,63,61,63,0,8046,1.33458767306251,26,-87,0.001869,51,2023-11-08 01:37:27.000161,456,1.037,0.0011,"aoml_navis",1029.19769672255
"7901009",16,0,1,0.028035,1,0.005607,1,111.900706095469,1,4.8580891125215,458,1,9.47999954223633,35.1339988708496,0.0280349999666214,0,107.907600402832,-87.0394,26.1689,51.7540595710827,63,63,63,63,61,63,0,8046,1.33458767306251,26,-87,0.001869,51,2023-11-08 01:37:27.000161,458,1.037,0.0011,"aoml_navis",1029.21125656438
"7901009",16,0,1,0.029904,1,0.007476,1,111.508403498388,1,4.85803018129137,460,1,9.46000003814697,35.1339988708496,0.0299040004611015,0,107.529296875,-87.0394,26.1689,51.7540595710827,63,63,63,63,61,63,0,8046,1.33458767306251,26,-87,0.001869,51,2023-11-08 01:37:27.000161,460,1.037,0.0011,"aoml_navis",1029.22374160115
"7901009",16,0,1,0.028035,1,0.005607,1,111.655039302246,1,4.85798274421265,462,1,9.44499969482422,35.1319999694824,0.0280349999666214,0,107.670700073242,-87.0394,26.1689,51.7540595710827,63,63,63,63,61,63,0,8046,1.33458767306251,26,-87,0.001869,51,2023-11-08 01:37:27.000161,462,1.037,0.0011,"aoml_navis",1029.23379173311
"7901009",16,0,1,0.029904,1,0.007476,1,111.790994285169,1,4.85793861719214,464,1,9.43400001525879,35.1300010681152,0.0299040004611015,0,107.801803588867,-87.0394,26.1689,51.7540595710827,63,63,63,63,61,63,0,8046,1.33458767306251,26,-87,0.001869,51,2023-11-08 01:37:27.000161,464,1.037,0.0011,"aoml_navis",1029.2431407645
"7901009",16,0,1,0.022428,1,0,1,112.36911943136,1,4.85788948958348,466,1,9.40799999237061,35.1259994506836,0.0224280003458261,0,108.359298706055,-87.0394,26.1689,51.7540595710827,63,63,63,63,61,63,0,8046,1.33458767306251,26,-87,0.001869,51,2023-11-08 01:37:27.000161,466,1.037,0.0011,"aoml_navis",1029.25354945213
"7901009",16,0,1,0.024297,1,0.001869,1,113.246220534819,1,4.85783128640769,468,1,9.36200046539307,35.1199989318848,0.0242970008403063,0,109.205101013184,-87.0394,26.1689,51.7540595710827,63,63,63,63,61,63,0,8046,1.33458767306251,26,-87,0.001869,51,2023-11-08 01:37:27.000161,468,1.037,0.0011,"aoml_navis",1029.26588125654
"7901009",16,0,1,0.028035,1,0.005607,1,113.761510807036,1,4.85777232694447,470,1,9.30599975585938,35.1119995117188,0.0280349999666214,0,109.702003479004,-87.0394,26.1689,51.7540595710827,63,63,63,63,61,63,0,8046,1.33458767306251,26,-87,0.001869,51,2023-11-08 01:37:27.000161,470,1.037,0.0011,"aoml_navis",1029.27837360072
"7901009",16,0,1,0.031773,1,0.009345,1,113.934690428847,1,4.85771637485146,472,1,9.26700019836426,35.1069984436035,0.0317730009555817,0,109.869003295898,-87.0394,26.1689,51.7540595710827,63,63,63,63,61,63,0,8046,1.33458767306251,26,-87,0.001869,51,2023-11-08 01:37:27.000161,472,1.037,0.0011,"aoml_navis",1029.29022902307
"7901009",16,0,1,0.026166,1,0.003738,1,114.152041179014,1,4.85766332660545,474,1,9.23600006103516,35.1030006408691,0.0261659994721413,0,110.078598022461,-87.0394,26.1689,51.7540595710827,63,63,63,63,61,63,0,8046,1.33458767306251,26,-87,0.001869,51,2023-11-08 01:37:27.000161,474,1.037,0.0011,"aoml_navis",1029.30146941534
"7901009",16,0,1,0.028035,1,0.005607,1,114.370230571417,1,4.85760790594794,476,1,9.19299983978271,35.0970001220703,0.0280349999666214,0,110.289001464844,-87.0394,26.1689,51.7540595710827,63,63,63,63,61,63,0,8046,1.33458767306251,26,-87,0.001869,51,2023-11-08 01:37:27.000161,476,1.037,0.0011,"aoml_navis",1029.31321276007
"7901009",16,0,1,0.028035,1,0.005607,1,114.4756937885,1,4.85755410600198,478,1,9.17000007629395,35.0950012207031,0.0280349999666214,0,110.390701293945,-87.0394,26.1689,51.7540595710827,63,63,63,63,61,63,0,8046,1.33458767306251,26,-87,0.001869,51,2023-11-08 01:37:27.000161,478,1.037,0.0011,"aoml_navis",1029.32461294091
"7901009",16,0,1,0.028035,1,0.005607,1,114.729240654058,1,4.8575020069487,480,1,9.14000034332275,35.0909996032715,0.0280349999666214,0,110.635200500488,-87.0394,26.1689,51.7540595710827,63,63,63,63,61,63,0,8046,1.33458767306251,26,-87,0.001869,51,2023-11-08 01:37:27.000161,480,1.037,0.0011,"aoml_navis",1029.33565294414
"7901009",16,0,1,0.026166,1,0.003738,1,115.034538074975,1,4.85744233349473,482,1,9.08699989318848,35.0839996337891,0.0261659994721413,0,110.92960357666,-87.0394,26.1689,51.7540595710827,63,63,63,63,61,63,0,8046,1.33458767306251,26,-87,0.001869,51,2023-11-08 01:37:27.000161,482,1.037,0.0011,"aoml_navis",1029.34829828493
"7901009",16,0,1,0.026166,1,0.003738,1,115.117286746203,1,4.85738988056924,484,1,9.06099987030029,35.0810012817383,0.0261659994721413,0,111.009399414062,-87.0394,26.1689,51.7540595710827,63,63,63,63,61,63,0,8046,1.33458767306251,26,-87,0.001869,51,2023-11-08 01:37:27.000161,484,1.037,0.0011,"aoml_navis",1029.35941378748
"7901009",16,0,1,0.026166,1,0.003738,1,115.262775350776,1,4.85733307036131,486,1,9.02499961853027,35.0769996643066,0.0261659994721413,0,111.149696350098,-87.0394,26.1689,51.7540595710827,63,63,63,63,61,63,0,8046,1.33458767306251,26,-87,0.001869,51,2023-11-08 01:37:27.000161,486,1.037,0.0011,"aoml_navis",1029.37145292943
"7901009",16,0,1,0.028035,1,0.005607,1,115.227315025271,1,4.85728748911297,488,1,9.01200008392334,35.0750007629395,0.0280349999666214,0,111.115501403809,-87.0394,26.1689,51.7540595710827,63,63,63,63,61,63,0,8046,1.33458767306251,26,-87,0.001869,51,2023-11-08 01:37:27.000161,488,1.037,0.0011,"aoml_navis",1029.38111264917
"7901009",16,0,1,0.026166,1,0.003738,1,115.224308571971,1,4.85724191319584,490,1,8.99899959564209,35.0730018615723,0.0261659994721413,0,111.112602233887,-87.0394,26.1689,51.7540595710827,63,63,63,63,61,63,0,8046,1.33458767306251,26,-87,0.001869,51,2023-11-08 01:37:27.000161,490,1.037,0.0011,"aoml_navis",1029.39077142037
"7901009",16,0,1,0.028035,1,0.005607,1,115.207717696786,1,4.85719082616046,492,1,8.97000026702881,35.0690002441406,0.0280349999666214,0,111.096603393555,-87.0394,26.1689,51.7540595710827,63,63,63,63,61,63,0,8046,1.33458767306251,26,-87,0.001869,51,2023-11-08 01:37:27.000161,492,1.037,0.0011,"aoml_navis",1029.40159836224
"7901009",16,0,1,0.029904,1,0.007476,1,115.236128680473,1,4.8571317353943,494,1,8.93099975585938,35.064998626709,0.0299040004611015,0,111.124000549316,-87.0394,26.1689,51.7540595710827,63,63,63,63,61,63,0,8046,1.33458767306251,26,-87,0.001869,51,2023-11-08 01:37:27.000161,494,1.037,0.0011,"aoml_navis",1029.41412182927
"7901009",16,0,1,0.028035,1,0.005607,1,115.176814521547,1,4.85707637401529,496,1,8.89200019836426,35.060001373291,0.0280349999666214,0,111.066802978516,-87.0394,26.1689,51.7540595710827,63,63,63,63,61,63,0,8046,1.33458767306251,26,-87,0.001869,51,2023-11-08 01:37:27.000161,496,1.037,0.0011,"aoml_navis",1029.42585518098
"7901009",16,0,1,0.029904,1,0.007476,1,115.252616703309,1,4.85701053269955,498,1,8.84899997711182,35.056999206543,0.0299040004611015,0,111.13990020752,-87.0394,26.1689,51.7540595710827,63,63,63,63,61,63,0,8046,1.33458767306251,26,-87,0.001869,51,2023-11-08 01:37:27.000161,498,1.037,0.0011,"aoml_navis",1029.43981001025
"7901009",16,0,1,0.024297,1,0.001869,1,115.248985224191,1,4.85696263600371,500,1,8.83300018310547,35.0550003051758,0.0242970008403063,0,111.13639831543,-87.0394,26.1689,51.7540595710827,63,63,63,63,61,63,0,8046,1.33458767306251,26,-87,0.001869,51,2023-11-08 01:37:27.000161,500,1.037,0.0011,"aoml_navis",1029.44996177981
"7901009",16,0,1,0.026166,1,0.003738,1,115.275220485095,1,4.85690995781087,502,1,8.81099987030029,35.0530014038086,0.0261659994721413,0,111.161697387695,-87.0394,26.1689,51.7540595710827,63,63,63,63,61,63,0,8046,1.33458767306251,26,-87,0.001869,51,2023-11-08 01:37:27.000161,502,1.037,0.0011,"aoml_navis",1029.46112722535
"7901009",16,0,1,0.028035,1,0.005607,1,115.257078912944,1,4.8568584182131,504,1,8.79500007629395,35.0519981384277,0.0280349999666214,0,111.144203186035,-87.0394,26.1689,51.7540595710827,63,63,63,63,61,63,0,8046,1.33458767306251,26,-87,0.001869,51,2023-11-08 01:37:27.000161,504,1.037,0.0011,"aoml_navis",1029.47205157353
"7901009",16,0,1,0.033642,1,0.011214,1,115.480553333779,1,4.85679591285144,506,1,8.75599956512451,35.048999786377,0.0336420014500618,0,111.359703063965,-87.0394,26.1689,51.7540595710827,63,63,63,63,61,63,0,8046,1.33458767306251,26,-87,0.001869,51,2023-11-08 01:37:27.000161,506,1.037,0.0011,"aoml_navis",1029.48530053932
"7901009",16,0,4,0.024297,1,0.001869,1,116.082635165742,1,4.85675117336345,508,1,8.72999954223633,35.0439987182617,0.0242970008403063,0,111.940299987793,-87.0394,26.1689,51.7540595710827,63,63,63,63,61,63,0,8046,1.33458767306251,26,-87,0.001869,51,2023-11-08 01:37:27.000161,508,1.037,0.0011,"aoml_navis",1029.49478396633
"7901009",16,0,1,0.031773,1,0.009345,1,116.739474006365,1,4.85666732342502,510,1,8.63599967956543,35.0349998474121,0.0317730009555817,0,112.573699951172,-87.0394,26.1689,51.7540595710827,63,63,63,63,61,63,0,8046,1.33458767306251,26,-87,0.001869,51,2023-11-08 01:37:27.000161,510,1.037,0.0011,"aoml_navis",1029.51255810412
"7901009",16,0,1,0.031773,1,0.009345,1,117.133952326229,1,4.85657947593655,512,1,8.52700042724609,35.023998260498,0.0317730009555817,0,112.9541015625,-87.0394,26.1689,51.7540595710827,63,63,63,63,61,63,0,8046,1.33458767306251,26,-87,0.001869,51,2023-11-08 01:37:27.000161,512,1.037,0.0011,"aoml_navis",1029.53118028318
"7901009",16,0,1,0.028035,1,0.005607,1,117.391336375603,1,4.85650164672905,514,1,8.44900035858154,35.0169982910156,0.0280349999666214,0,113.202301025391,-87.0394,26.1689,51.7540595710827,63,63,63,63,61,63,0,8046,1.33458767306251,26,-87,0.001869,51,2023-11-08 01:37:27.000161,514,1.037,0.0011,"aoml_navis",1029.54767931925
"7901009",16,0,1,0.029904,1,0.007476,1,117.537552858343,1,4.85644085404439,516,1,8.40200042724609,35.0120010375977,0.0299040004611015,0,113.343299865723,-87.0394,26.1689,51.7540595710827,63,63,63,63,61,63,0,8046,1.33458767306251,26,-87,0.001869,51,2023-11-08 01:37:27.000161,516,1.037,0.0011,"aoml_navis",1029.5605671458
"7901009",16,0,1,0.028035,1,0.005607,1,117.47450436795,1,4.85637980336676,518,1,8.36400032043457,35.0089988708496,0.0280349999666214,0,113.282501220703,-87.0394,26.1689,51.7540595710827,63,63,63,63,61,63,0,8046,1.33458767306251,26,-87,0.001869,51,2023-11-08 01:37:27.000161,518,1.037,0.0011,"aoml_navis",1029.57350999065
"7901009",16,0,1,0.029904,1,0.007476,1,117.517433356389,1,4.85632248183793,520,1,8.32600021362305,35.0050010681152,0.0299040004611015,0,113.32389831543,-87.0394,26.1689,51.7540595710827,63,63,63,63,61,63,0,8046,1.33458767306251,26,-87,0.001869,51,2023-11-08 01:37:27.000161,520,1.037,0.0011,"aoml_navis",1029.58566254597
"7901009",16,0,1,0.026166,1,0.003738,1,117.470872888832,1,4.8562694896604,522,1,8.30300045013428,35.0029983520508,0.0261659994721413,0,113.278999328613,-87.0394,26.1689,51.7540595710827,63,63,63,63,61,63,0,8046,1.33458767306251,26,-87,0.001869,51,2023-11-08 01:37:27.000161,522,1.037,0.0011,"aoml_navis",1029.59689750448
"7901009",16,0,1,0.028035,1,0.005607,1,117.373186891733,1,4.8562257956461,524,1,8.29199981689453,35.0009994506836,0.0280349999666214,0,113.184799194336,-87.0394,26.1689,51.7540595710827,63,63,63,63,61,63,0,8046,1.33458767306251,26,-87,0.001869,51,2023-11-08 01:37:27.000161,524,1.037,0.0011,"aoml_navis",1029.60616132858
"7901009",16,0,1,0.026166,1,0.003738,1,117.34954667473,1,4.85616954042628,526,1,8.26000022888184,34.9980010986328,0.0261659994721413,0,113.162002563477,-87.0394,26.1689,51.7540595710827,63,63,63,63,61,63,0,8046,1.33458767306251,26,-87,0.001869,51,2023-11-08 01:37:27.000161,526,1.037,0.0011,"aoml_navis",1029.61808857297
"7901009",16,0,1,0.026166,1,0.003738,1,117.353692415597,1,4.85611815119,528,1,8.23900032043457,34.9959983825684,0.0261659994721413,0,113.166000366211,-87.0394,26.1689,51.7540595710827,63,63,63,63,61,63,0,8046,1.33458767306251,26,-87,0.001869,51,2023-11-08 01:37:27.000161,528,1.037,0.0011,"aoml_navis",1029.62898437196
"7901009",16,0,1,0.029904,1,0.007476,1,117.43188393656,1,4.85607662123656,530,1,8.22599983215332,34.9930000305176,0.0299040004611015,0,113.241401672363,-87.0394,26.1689,51.7540595710827,63,63,63,63,61,63,0,8046,1.33458767306251,26,-87,0.001869,51,2023-11-08 01:37:27.000161,530,1.037,0.0011,"aoml_navis",1029.63778992573
"7901009",16,0,1,0.029904,1,0.007476,1,117.744333551644,1,4.85600319858581,532,1,8.16199970245361,34.9879989624023,0.0299040004611015,0,113.542701721191,-87.0394,26.1689,51.7540595710827,63,63,63,63,61,63,0,8046,1.33458767306251,26,-87,0.001869,51,2023-11-08 01:37:27.000161,532,1.037,0.0011,"aoml_navis",1029.65335802417
"7901009",16,0,1,0.026166,1,0.003738,1,118.064243917943,1,4.85593239103698,534,1,8.10599994659424,34.984001159668,0.0261659994721413,0,113.851196289062,-87.0394,26.1689,51.7540595710827,63,63,63,63,61,63,0,8046,1.33458767306251,26,-87,0.001869,51,2023-11-08 01:37:27.000161,534,1.037,0.0011,"aoml_navis",1029.66837207802
"7901009",16,0,1,0.029904,1,0.007476,1,118.295914879882,1,4.85587792636615,536,1,8.07600021362305,34.9809989929199,0.0299040004611015,0,114.074600219727,-87.0394,26.1689,51.7540595710827,63,63,63,63,61,63,0,8046,1.33458767306251,26,-87,0.001869,51,2023-11-08 01:37:27.000161,536,1.037,0.0011,"aoml_navis",1029.67992108107
"7901009",16,0,1,0.031773,1,0.009345,1,118.523432189235,1,4.85582272016836,538,1,8.04500007629395,34.9780006408691,0.0317730009555817,0,114.293998718262,-87.0394,26.1689,51.7540595710827,63,63,63,63,61,63,0,8046,1.33458767306251,26,-87,0.001869,51,2023-11-08 01:37:27.000161,538,1.037,0.0011,"aoml_navis",1029.69162758616
"7901009",16,0,1,0.024297,1,0.001869,1,118.688834591061,1,4.85575449268065,540,1,7.99200010299683,34.9739990234375,0.0242970008403063,0,114.453498840332,-87.0394,26.1689,51.7540595710827,63,63,63,63,61,63,0,8046,1.33458767306251,26,-87,0.001869,51,2023-11-08 01:37:27.000161,540,1.037,0.0011,"aoml_navis",1029.70609563082
"7901009",16,0,1,0.031773,1,0.009345,1,118.728242864452,1,4.85570711400444,542,1,7.97599983215332,34.9720001220703,0.0317730009555817,0,114.491500854492,-87.0394,26.1689,51.7540595710827,63,63,63,63,61,63,0,8046,1.33458767306251,26,-87,0.001869,51,2023-11-08 01:37:27.000161,542,1.037,0.0011,"aoml_navis",1029.71614280017
"7901009",16,0,1,0.024297,1,0.001869,1,118.736953667303,1,4.85566290223251,544,1,7.9689998626709,34.9710006713867,0.0242970008403063,0,114.499900817871,-87.0394,26.1689,51.7540595710827,63,63,63,63,61,63,0,8046,1.33458767306251,26,-87,0.001869,51,2023-11-08 01:37:27.000161,544,1.037,0.0011,"aoml_navis",1029.72551856949
"7901009",16,0,1,0.028035,1,0.005607,1,118.810888683331,1,4.85560253155977,546,1,7.93100023269653,34.9679985046387,0.0280349999666214,0,114.571197509766,-87.0394,26.1689,51.7540595710827,63,63,63,63,61,63,0,8046,1.33458767306251,26,-87,0.001869,51,2023-11-08 01:37:27.000161,546,1.037,0.0011,"aoml_navis",1029.73832135182
"7901009",16,0,1,0.029904,1,0.007476,1,118.831530358752,1,4.85554457995217,548,1,7.90100002288818,34.9659996032715,0.0299040004611015,0,114.591102600098,-87.0394,26.1689,51.7540595710827,63,63,63,63,61,63,0,8046,1.33458767306251,26,-87,0.001869,51,2023-11-08 01:37:27.000161,548,1.037,0.0011,"aoml_navis",1029.75061142354
"7901009",16,0,1,0.028035,1,0.005607,1,118.916043343365,1,4.85549508429062,550,1,7.88700008392334,34.9650001525879,0.0280349999666214,0,114.67259979248,-87.0394,26.1689,51.7540595710827,63,63,63,63,61,63,0,8046,1.33458767306251,26,-87,0.001869,51,2023-11-08 01:37:27.000161,550,1.037,0.0011,"aoml_navis",1029.76110843504
"7901009",16,0,1,0.028035,1,0.005607,1,119.099389524362,1,4.85543567318931,552,1,7.85500001907349,34.9630012512207,0.0280349999666214,0,114.849403381348,-87.0394,26.1689,51.7540595710827,63,63,63,63,61,63,0,8046,1.33458767306251,26,-87,0.001869,51,2023-11-08 01:37:27.000161,552,1.037,0.0011,"aoml_navis",1029.77370858993
"7901009",16,0,1,0.033642,1,0.011214,1,119.250273921437,1,4.85539065528139,554,1,7.84200000762939,34.9609985351562,0.0336420014500618,0,114.994903564453,-87.0394,26.1689,51.7540595710827,63,63,63,63,61,63,0,8046,1.33458767306251,26,-87,0.001869,51,2023-11-08 01:37:27.000161,554,1.037,0.0011,"aoml_navis",1029.78325638151
"7901009",16,0,1,0.035511,1,0.013083,1,119.530783926065,1,4.8553510027982,556,1,7.84100008010864,34.9599990844727,0.0355109982192516,0,115.265403747559,-87.0394,26.1689,51.7540595710827,63,63,63,63,61,63,0,8046,1.33458767306251,26,-87,0.001869,51,2023-11-08 01:37:27.000161,556,1.037,0.0011,"aoml_navis",1029.79166637354
"7901009",16,0,1,0.033642,1,0.011214,1,120.038494771278,1,4.855290139195,558,1,7.80700016021729,34.9580001831055,0.0336420014500618,0,115.754997253418,-87.0394,26.1689,51.7540595710827,63,63,63,63,61,63,0,8046,1.33458767306251,26,-87,0.001869,51,2023-11-08 01:37:27.000161,558,1.037,0.0011,"aoml_navis",1029.80457535108
"7901009",16,0,1,0.028035,1,0.005607,1,120.553057165328,1,4.85522843755439,560,1,7.76200008392334,34.9539985656738,0.0280349999666214,0,116.251197814941,-87.0394,26.1689,51.7540595710827,63,63,63,63,61,63,0,8046,1.33458767306251,26,-87,0.001869,51,2023-11-08 01:37:27.000161,560,1.037,0.0011,"aoml_navis",1029.81766240406
"7901009",16,0,1,0.029904,1,0.007476,1,120.85078307096,1,4.85517293804648,562,1,7.7350001335144,34.9519996643066,0.0299040004611015,0,116.538299560547,-87.0394,26.1689,51.7540595710827,63,63,63,63,61,63,0,8046,1.33458767306251,26,-87,0.001869,51,2023-11-08 01:37:27.000161,562,1.037,0.0011,"aoml_navis",1029.82943425529
"7901009",16,0,1,0.028035,1,0.005607,1,120.985590854597,1,4.85511596873328,564,1,7.70599985122681,34.9500007629395,0.0280349999666214,0,116.668296813965,-87.0394,26.1689,51.7540595710827,63,63,63,63,61,63,0,8046,1.33458767306251,26,-87,0.001869,51,2023-11-08 01:37:27.000161,564,1.037,0.0011,"aoml_navis",1029.84151814288
"7901009",16,0,1,0.029904,1,0.007476,1,120.987877341449,1,4.85506950959129,566,1,7.69099998474121,34.9480018615723,0.0299040004611015,0,116.670501708984,-87.0394,26.1689,51.7540595710827,63,63,63,63,61,63,0,8046,1.33458767306251,26,-87,0.001869,51,2023-11-08 01:37:27.000161,566,1.037,0.0011,"aoml_navis",1029.85137290463
"7901009",16,0,1,0.029904,1,0.007476,1,121.040656420306,1,4.85502088272127,568,1,7.67799997329712,34.9469985961914,0.0299040004611015,0,116.721397399902,-87.0394,26.1689,51.7540595710827,63,63,63,63,61,63,0,8046,1.33458767306251,26,-87,0.001869,51,2023-11-08 01:37:27.000161,568,1.037,0.0011,"aoml_navis",1029.8616876798
"7901009",16,0,1,0.029904,1,0.007476,1,121.325320077521,1,4.85495581035771,570,1,7.64300012588501,34.9459991455078,0.0299040004611015,0,116.995903015137,-87.0394,26.1689,51.7540595710827,63,63,63,63,61,63,0,8046,1.33458767306251,26,-87,0.001869,51,2023-11-08 01:37:27.000161,570,1.037,0.0011,"aoml_navis",1029.87549121103
"7901009",16,0,1,0.029904,1,0.007476,1,121.566936070508,1,4.85490192773067,572,1,7.61800003051758,34.9440002441406,0.0299040004611015,0,117.228897094727,-87.0394,26.1689,51.7540595710827,63,63,63,63,61,63,0,8046,1.33458767306251,26,-87,0.001869,51,2023-11-08 01:37:27.000161,572,1.037,0.0011,"aoml_navis",1029.88692138981
"7901009",16,0,1,0.029904,1,0.007476,1,121.95280643987,1,4.85485108588609,574,1,7.60200023651123,34.943000793457,0.0299040004611015,0,117.600997924805,-87.0394,26.1689,51.7540595710827,63,63,63,63,61,63,0,8046,1.33458767306251,26,-87,0.001869,51,2023-11-08 01:37:27.000161,574,1.037,0.0011,"aoml_navis",1029.89770675683
"7901009",16,0,1,0.026166,1,0.003738,1,122.104213010412,1,4.85479727589125,576,1,7.58199977874756,34.9420013427734,0.0261659994721413,0,117.747001647949,-87.0394,26.1689,51.7540595710827,63,63,63,63,61,63,0,8046,1.33458767306251,26,-87,0.001869,51,2023-11-08 01:37:27.000161,576,1.037,0.0011,"aoml_navis",1029.90912202036
"7901009",16,0,1,0.029904,1,0.007476,1,122.264322472087,1,4.85475015568225,578,1,7.56599998474121,34.939998626709,0.0299040004611015,0,117.901397705078,-87.0394,26.1689,51.7540595710827,63,63,63,63,61,63,0,8046,1.33458767306251,26,-87,0.001869,51,2023-11-08 01:37:27.000161,578,1.037,0.0011,"aoml_navis",1029.91911831915
"7901009",16,0,1,0.031773,1,0.009345,1,122.663777263335,1,4.85468813957572,580,1,7.51999998092651,34.9360008239746,0.0317730009555817,0,118.286598205566,-87.0394,26.1689,51.7540595710827,63,63,63,63,61,63,0,8046,1.33458767306251,26,-87,0.001869,51,2023-11-08 01:37:27.000161,580,1.037,0.0011,"aoml_navis",1029.9322749982
"7901009",16,0,1,0.029904,1,0.007476,1,122.944184415613,1,4.85461809513822,582,1,7.45800018310547,34.9309997558594,0.0299040004611015,0,118.556999206543,-87.0394,26.1689,51.7540595710827,63,63,63,63,61,63,0,8046,1.33458767306251,26,-87,0.001869,51,2023-11-08 01:37:27.000161,582,1.037,0.0011,"aoml_navis",1029.94713528699
"7901009",16,0,1,0.029904,1,0.007476,1,123.111453983174,1,4.85456882440835,584,1,7.44399976730347,34.9300003051758,0.0299040004611015,0,118.718299865723,-87.0394,26.1689,51.7540595710827,63,63,63,63,61,63,0,8046,1.33458767306251,26,-87,0.001869,51,2023-11-08 01:37:27.000161,584,1.037,0.0011,"aoml_navis",1029.95758858345
"7901009",16,0,1,0.029904,1,0.007476,1,123.251554706964,1,4.85451513977201,586,1,7.41900014877319,34.9280014038086,0.0299040004611015,0,118.853401184082,-87.0394,26.1689,51.7540595710827,63,63,63,63,61,63,0,8046,1.33458767306251,26,-87,0.001869,51,2023-11-08 01:37:27.000161,586,1.037,0.0011,"aoml_navis",1029.9689785775
"7901009",16,0,1,0.031773,1,0.009345,1,123.414464917239,1,4.85446149343024,588,1,7.39400005340576,34.9259986877441,0.0317730009555817,0,119.010498046875,-87.0394,26.1689,51.7540595710827,63,63,63,63,61,63,0,8046,1.33458767306251,26,-87,0.001869,51,2023-11-08 01:37:27.000161,588,1.037,0.0011,"aoml_navis",1029.98036069845
"7901009",16,0,1,0.031773,1,0.009345,1,123.747239738976,1,4.85440348354699,590,1,7.35300016403198,34.9220008850098,0.0317730009555817,0,119.331398010254,-87.0394,26.1689,51.7540595710827,63,63,63,63,61,63,0,8046,1.33458767306251,26,-87,0.001869,51,2023-11-08 01:37:27.000161,590,1.037,0.0011,"aoml_navis",1029.99266891318
"7901009",16,0,1,0.029904,1,0.007476,1,124.039158442707,1,4.85435206631697,592,1,7.33599996566772,34.9210014343262,0.0299040004611015,0,119.612899780273,-87.0394,26.1689,51.7540595710827,63,63,63,63,61,63,0,8046,1.33458767306251,26,-87,0.001869,51,2023-11-08 01:37:27.000161,592,1.037,0.0011,"aoml_navis",1030.0035785813
"7901009",16,0,1,0.031773,1,0.009345,1,124.386759826245,1,4.85429777024236,594,1,7.30999994277954,34.9189987182617,0.0317730009555817,0,119.948097229004,-87.0394,26.1689,51.7540595710827,63,63,63,63,61,63,0,8046,1.33458767306251,26,-87,0.001869,51,2023-11-08 01:37:27.000161,594,1.037,0.0011,"aoml_navis",1030.01509933132
"7901009",16,0,1,0.029904,1,0.007476,1,124.745983525305,1,4.85423767560125,596,1,7.27099990844727,34.9160003662109,0.0299040004611015,0,120.294502258301,-87.0394,26.1689,51.7540595710827,63,63,63,63,61,63,0,8046,1.33458767306251,26,-87,0.001869,51,2023-11-08 01:37:27.000161,596,1.037,0.0011,"aoml_navis",1030.02785074398
"7901009",16,0,1,0.029904,1,0.007476,1,125.062990290654,1,4.85418057486863,598,1,7.23600006103516,34.9129981994629,0.0299040004611015,0,120.600196838379,-87.0394,26.1689,51.7540595710827,63,63,63,63,61,63,0,8046,1.33458767306251,26,-87,0.001869,51,2023-11-08 01:37:27.000161,598,1.037,0.0011,"aoml_navis",1030.03996717516
"7901009",16,0,1,0.029904,1,0.007476,1,125.232229876298,1,4.85412928135488,600,1,7.21400022506714,34.9109992980957,0.0299040004611015,0,120.763397216797,-87.0394,26.1689,51.7540595710827,63,63,63,63,61,63,0,8046,1.33458767306251,26,-87,0.001869,51,2023-11-08 01:37:27.000161,600,1.037,0.0011,"aoml_navis",1030.05085159257
"7901009",16,0,1,0.029904,1,0.007476,1,125.31975722593,1,4.85407722592964,602,1,7.19600009918213,34.9099998474121,0.0299040004611015,0,120.847801208496,-87.0394,26.1689,51.7540595710827,63,63,63,63,61,63,0,8046,1.33458767306251,26,-87,0.001869,51,2023-11-08 01:37:27.000161,602,1.037,0.0011,"aoml_navis",1030.06189792178
"7901009",16,0,1,0.028035,1,0.005607,1,125.35937120402,1,4.85402658035543,604,1,7.18499994277954,34.9099998474121,0.0280349999666214,0,120.886001586914,-87.0394,26.1689,51.7540595710827,63,63,63,63,61,63,0,8046,1.33458767306251,26,-87,0.001869,51,2023-11-08 01:37:27.000161,604,1.037,0.0011,"aoml_navis",1030.07264530345
"7901009",16,0,1,0.029904,1,0.007476,1,125.346617512651,1,4.85398247975402,606,1,7.18300008773804,34.9099998474121,0.0299040004611015,0,120.87370300293,-87.0394,26.1689,51.7540595710827,63,63,63,63,61,63,0,8046,1.33458767306251,26,-87,0.001869,51,2023-11-08 01:37:27.000161,606,1.037,0.0011,"aoml_navis",1030.08200397406
"7901009",16,0,1,0.028035,1,0.005607,1,125.317265034378,1,4.85392228336762,608,1,7.16900014877319,34.9119987487793,0.0280349999666214,0,120.845397949219,-87.0394,26.1689,51.7540595710827,63,63,63,63,61,63,0,8046,1.33458767306251,26,-87,0.001869,51,2023-11-08 01:37:27.000161,608,1.037,0.0011,"aoml_navis",1030.0947786356
"7901009",16,0,1,0.028035,1,0.005607,1,125.388407213524,1,4.85386287902374,610,1,7.15100002288818,34.9129981994629,0.0280349999666214,0,120.914001464844,-87.0394,26.1689,51.7540595710827,63,63,63,63,61,63,0,8046,1.33458767306251,26,-87,0.001869,51,2023-11-08 01:37:27.000161,610,1.037,0.0011,"aoml_navis",1030.10738552335
"7901009",16,0,1,0.029904,1,0.007476,1,125.379902115372,1,4.85381884217905,612,1,7.14400005340576,34.9119987487793,0.0299040004611015,0,120.905799865723,-87.0394,26.1689,51.7540595710827,63,63,63,63,61,63,0,8046,1.33458767306251,26,-87,0.001869,51,2023-11-08 01:37:27.000161,612,1.037,0.0011,"aoml_navis",1030.11673129426
"7901009",16,0,1,0.024297,1,0.001869,1,125.333650204865,1,4.85376960695933,614,1,7.1399998664856,34.9129981994629,0.0242970008403063,0,120.861198425293,-87.0394,26.1689,51.7540595710827,63,63,63,63,61,63,0,8046,1.33458767306251,26,-87,0.001869,51,2023-11-08 01:37:27.000161,614,1.037,0.0011,"aoml_navis",1030.1271804972
"7901009",16,0,1,0.029904,1,0.007476,1,125.246027914602,1,4.8537160074523,616,1,7.13000011444092,34.9140014648438,0.0299040004611015,0,120.776702880859,-87.0394,26.1689,51.7540595710827,63,63,63,63,61,63,0,8046,1.33458767306251,26,-87,0.001869,51,2023-11-08 01:37:27.000161,616,1.037,0.0011,"aoml_navis",1030.13855617492
"7901009",16,0,1,0.033642,1,0.011214,1,125.220306915447,1,4.8536638757949,618,1,7.12200021743774,34.9150009155273,0.0336420014500618,0,120.751899719238,-87.0394,26.1689,51.7540595710827,63,63,63,63,61,63,0,8046,1.33458767306251,26,-87,0.001869,51,2023-11-08 01:37:27.000161,618,1.037,0.0011,"aoml_navis",1030.14962056497
"7901009",16,0,1,0.026166,1,0.003738,1,125.258575901271,1,4.85361464666329,620,1,7.11800003051758,34.9160003662109,0.0261659994721413,0,120.788803100586,-87.0394,26.1689,51.7540595710827,63,63,63,63,61,63,0,8046,1.33458767306251,26,-87,0.001869,51,2023-11-08 01:37:27.000161,620,1.037,0.0011,"aoml_navis",1030.16006914297
"7901009",16,0,1,0.031773,1,0.009345,1,125.363619797236,1,4.8535633088462,622,1,7.10599994659424,34.9160003662109,0.0317730009555817,0,120.890098571777,-87.0394,26.1689,51.7540595710827,63,63,63,63,61,63,0,8046,1.33458767306251,26,-87,0.001869,51,2023-11-08 01:37:27.000161,622,1.037,0.0011,"aoml_navis",1030.17096550217
"7901009",16,0,1,0.026166,1,0.003738,1,125.466701586837,1,4.85351125202138,624,1,7.09299993515015,34.9160003662109,0.0261659994721413,0,120.989501953125,-87.0394,26.1689,51.7540595710827,63,63,63,63,61,63,0,8046,1.33458767306251,26,-87,0.001869,51,2023-11-08 01:37:27.000161,624,1.037,0.0011,"aoml_navis",1030.18201470484
"7901009",16,0,1,0.031773,1,0.009345,1,125.531095069496,1,4.85345920123652,626,1,7.07999992370605,34.9160003662109,0.0317730009555817,0,121.051597595215,-87.0394,26.1689,51.7540595710827,63,63,63,63,61,63,0,8046,1.33458767306251,26,-87,0.001869,51,2023-11-08 01:37:27.000161,626,1.037,0.0011,"aoml_navis",1030.19306286249
"7901009",16,0,1,0.031773,1,0.009345,1,125.614365914193,1,4.85341222078543,628,1,7.07399988174438,34.9160003662109,0.0317730009555817,0,121.131896972656,-87.0394,26.1689,51.7540595710827,63,63,63,63,61,63,0,8046,1.33458767306251,26,-87,0.001869,51,2023-11-08 01:37:27.000161,628,1.037,0.0011,"aoml_navis",1030.2030350084
"7901009",16,0,1,0.028035,1,0.005607,1,125.752915941017,1,4.85336379553854,630,1,7.06599998474121,34.9160003662109,0.0280349999666214,0,121.265502929688,-87.0394,26.1689,51.7540595710827,63,63,63,63,61,63,0,8046,1.33458767306251,26,-87,0.001869,51,2023-11-08 01:37:27.000161,630,1.037,0.0011,"aoml_navis",1030.21331403103
"7901009",16,0,1,0.029904,1,0.007476,1,125.871235701818,1,4.85331906106062,632,1,7.05800008773804,34.9150009155273,0.0299040004611015,0,121.379600524902,-87.0394,26.1689,51.7540595710827,63,63,63,63,61,63,0,8046,1.33458767306251,26,-87,0.001869,51,2023-11-08 01:37:27.000161,632,1.037,0.0011,"aoml_navis",1030.222809812
"7901009",16,0,1,0.028035,1,0.005607,1,126.097510871255,1,4.85325980133682,634,1,7.03499984741211,34.9150009155273,0.0280349999666214,0,121.597801208496,-87.0394,26.1689,51.7540595710827,63,63,63,63,61,63,0,8046,1.33458767306251,26,-87,0.001869,51,2023-11-08 01:37:27.000161,634,1.037,0.0011,"aoml_navis",1030.23538913428
"7901009",16,0,1,0.024297,1,0.001869,1,126.249534555896,1,4.85320857908864,636,1,7.01800012588501,34.9140014648438,0.0242970008403063,0,121.744400024414,-87.0394,26.1689,51.7540595710827,63,63,63,63,61,63,0,8046,1.33458767306251,26,-87,0.001869,51,2023-11-08 01:37:27.000161,636,1.037,0.0011,"aoml_navis",1030.24626255378
"7901009",16,0,1,0.028035,1,0.005607,1,126.441275070976,1,4.85316820069542,638,1,7.01599979400635,34.9129981994629,0.0280349999666214,0,121.929298400879,-87.0394,26.1689,51.7540595710827,63,63,63,63,61,63,0,8046,1.33458767306251,26,-87,0.001869,51,2023-11-08 01:37:27.000161,638,1.037,0.0011,"aoml_navis",1030.25483420986
"7901009",16,0,1,0.029904,1,0.007476,1,126.8905103995,1,4.85310969685622,640,1,6.99399995803833,34.9129981994629,0.0299040004611015,0,122.362503051758,-87.0394,26.1689,51.7540595710827,63,63,63,63,61,63,0,8046,1.33458767306251,26,-87,0.001869,51,2023-11-08 01:37:27.000161,640,1.037,0.0011,"aoml_navis",1030.26725384735
"7901009",16,0,1,0.028035,1,0.005607,1,127.353733647589,1,4.85305211088301,642,1,6.96299982070923,34.9109992980957,0.0280349999666214,0,122.809196472168,-87.0394,26.1689,51.7540595710827,63,63,63,63,61,63,0,8046,1.33458767306251,26,-87,0.001869,51,2023-11-08 01:37:27.000161,642,1.037,0.0011,"aoml_navis",1030.27947892574
"7901009",16,0,1,0.031773,1,0.009345,1,127.733796815051,1,4.85297795899528,644,1,6.91400003433228,34.9099998474121,0.0317730009555817,0,123.17569732666,-87.0394,26.1689,51.7540595710827,63,63,63,63,61,63,0,8046,1.33458767306251,26,-87,0.001869,51,2023-11-08 01:37:27.000161,644,1.037,0.0011,"aoml_navis",1030.29522125321
"7901009",16,0,1,0.029904,1,0.007476,1,127.834600029519,1,4.85292957510822,646,1,6.9060001373291,34.9099998474121,0.0299040004611015,0,123.272903442383,-87.0394,26.1689,51.7540595710827,63,63,63,63,61,63,0,8046,1.33458767306251,26,-87,0.001869,51,2023-11-08 01:37:27.000161,646,1.037,0.0011,"aoml_navis",1030.30549333461
"7901009",16,0,1,0.031773,1,0.009345,1,128.034734878682,1,4.85288703279899,648,1,6.90100002288818,34.9090003967285,0.0317730009555817,0,123.465896606445,-87.0394,26.1689,51.7540595710827,63,63,63,63,61,63,0,8046,1.33458767306251,26,-87,0.001869,51,2023-11-08 01:37:27.000161,648,1.037,0.0011,"aoml_navis",1030.31452539627
"7901009",16,0,1,0.028035,1,0.005607,1,128.349470980618,1,4.8528286251448,650,1,6.87900018692017,34.9090003967285,0.0280349999666214,0,123.769401550293,-87.0394,26.1689,51.7540595710827,63,63,63,63,61,63,0,8046,1.33458767306251,26,-87,0.001869,51,2023-11-08 01:37:27.000161,650,1.037,0.0011,"aoml_navis",1030.32692605147
"7901009",16,0,1,0.028035,1,0.005607,1,128.587463406206,1,4.85276820534954,652,1,6.84899997711182,34.9080009460449,0.0280349999666214,0,123.998901367188,-87.0394,26.1689,51.7540595710827,63,63,63,63,61,63,0,8046,1.33458767306251,26,-87,0.001869,51,2023-11-08 01:37:27.000161,652,1.037,0.0011,"aoml_navis",1030.33975422279
"7901009",16,0,1,0.031773,1,0.009345,1,128.660053429968,1,4.85272055346035,654,1,6.84200000762939,34.9080009460449,0.0317730009555817,0,124.068901062012,-87.0394,26.1689,51.7540595710827,63,63,63,63,61,63,0,8046,1.33458767306251,26,-87,0.001869,51,2023-11-08 01:37:27.000161,654,1.037,0.0011,"aoml_navis",1030.34987177134
"7901009",16,0,1,0.029904,1,0.007476,1,128.856564711732,1,4.85267361822159,656,1,6.83599996566772,34.9080009460449,0.0299040004611015,0,124.258399963379,-87.0394,26.1689,51.7540595710827,63,63,63,63,61,63,0,8046,1.33458767306251,26,-87,0.001869,51,2023-11-08 01:37:27.000161,656,1.037,0.0011,"aoml_navis",1030.35983735341
"7901009",16,0,1,0.026166,1,0.003738,1,129.06438184025,1,4.85262394731979,658,1,6.82100009918213,34.9070014953613,0.0261659994721413,0,124.458801269531,-87.0394,26.1689,51.7540595710827,63,63,63,63,61,63,0,8046,1.33458767306251,26,-87,0.001869,51,2023-11-08 01:37:27.000161,658,1.037,0.0011,"aoml_navis",1030.37038399846
"7901009",16,0,1,0.029904,1,0.007476,1,129.299676369587,1,4.85256988220973,660,1,6.80499982833862,34.9070014953613,0.0299040004611015,0,124.685699462891,-87.0394,26.1689,51.7540595710827,63,63,63,63,61,63,0,8046,1.33458767306251,26,-87,0.001869,51,2023-11-08 01:37:27.000161,660,1.037,0.0011,"aoml_navis",1030.38186391314
"7901009",16,0,1,0.031773,1,0.009345,1,129.440813528593,1,4.85251653923881,662,1,6.78999996185303,34.9070014953613,0.0317730009555817,0,124.821800231934,-87.0394,26.1689,51.7540595710827,63,63,63,63,61,63,0,8046,1.33458767306251,26,-87,0.001869,51,2023-11-08 01:37:27.000161,662,1.037,0.0011,"aoml_navis",1030.39319074311
"7901009",16,0,1,0.028035,1,0.005607,1,129.521077919989,1,4.85246819029669,664,1,6.78200006484985,34.9070014953613,0.0280349999666214,0,124.899200439453,-87.0394,26.1689,51.7540595710827,63,63,63,63,61,63,0,8046,1.33458767306251,26,-87,0.001869,51,2023-11-08 01:37:27.000161,664,1.037,0.0011,"aoml_navis",1030.40345735771
"7901009",16,0,1,0.031773,1,0.009345,1,129.667816576197,1,4.85242126854822,666,1,6.77600002288818,34.9070014953613,0.0317730009555817,0,125.040702819824,-87.0394,26.1689,51.7540595710827,63,63,63,63,61,63,0,8046,1.33458767306251,26,-87,0.001869,51,2023-11-08 01:37:27.000161,666,1.037,0.0011,"aoml_navis",1030.41342111171
"7901009",16,0,1,0.029904,1,0.007476,1,129.829484646556,1,4.85237733936668,668,1,6.76900005340576,34.9059982299805,0.0299040004611015,0,125.196601867676,-87.0394,26.1689,51.7540595710827,63,63,63,63,61,63,0,8046,1.33458767306251,26,-87,0.001869,51,2023-11-08 01:37:27.000161,668,1.037,0.0011,"aoml_navis",1030.42274957384
"7901009",16,0,1,0.028035,1,0.005607,1,130.072556395878,1,4.85232899782182,670,1,6.76100015640259,34.9059982299805,0.0280349999666214,0,125.430999755859,-87.0394,26.1689,51.7540595710827,63,63,63,63,61,63,0,8046,1.33458767306251,26,-87,0.001869,51,2023-11-08 01:37:27.000161,670,1.037,0.0011,"aoml_navis",1030.43301520661
"7901009",16,0,1,0.031773,1,0.009345,1,130.383558166346,1,4.85227936605888,672,1,6.74599981307983,34.9049987792969,0.0317730009555817,0,125.730903625488,-87.0394,26.1689,51.7540595710827,63,63,63,63,61,63,0,8046,1.33458767306251,26,-87,0.001869,51,2023-11-08 01:37:27.000161,672,1.037,0.0011,"aoml_navis",1030.44355503816
"7901009",16,0,1,0.028035,1,0.005607,1,130.716222224014,1,4.85221610708972,674,1,6.71700000762939,34.9049987792969,0.0280349999666214,0,126.051696777344,-87.0394,26.1689,51.7540595710827,63,63,63,63,61,63,0,8046,1.33458767306251,26,-87,0.001869,51,2023-11-08 01:37:27.000161,674,1.037,0.0011,"aoml_navis",1030.4569890641
"7901009",16,0,1,0.026166,1,0.003738,1,130.837247792786,1,4.85215855423783,676,1,6.69600009918213,34.9049987792969,0.0261659994721413,0,126.168403625488,-87.0394,26.1689,51.7540595710827,63,63,63,63,61,63,0,8046,1.33458767306251,26,-87,0.001869,51,2023-11-08 01:37:27.000161,676,1.037,0.0011,"aoml_navis",1030.46921161161
"7901009",16,0,1,0.028035,1,0.005607,1,130.904750581095,1,4.85211306848465,678,1,6.69199991226196,34.9049987792969,0.0280349999666214,0,126.233497619629,-87.0394,26.1689,51.7540595710827,63,63,63,63,61,63,0,8046,1.33458767306251,26,-87,0.001869,51,2023-11-08 01:37:27.000161,678,1.037,0.0011,"aoml_navis",1030.47887166437
"7901009",16,0,1,0.028035,1,0.005607,1,131.033339753432,1,4.85206687534217,680,1,6.68699979782104,34.9049987792969,0.0280349999666214,0,126.357498168945,-87.0394,26.1689,51.7540595710827,63,63,63,63,61,63,0,8046,1.33458767306251,26,-87,0.001869,51,2023-11-08 01:37:27.000161,680,1.037,0.0011,"aoml_navis",1030.48868213454
"7901009",16,0,1,0.031773,1,0.009345,1,131.216891639129,1,4.85202366388702,682,1,6.68100023269653,34.9039993286133,0.0317730009555817,0,126.53450012207,-87.0394,26.1689,51.7540595710827,63,63,63,63,61,63,0,8046,1.33458767306251,26,-87,0.001869,51,2023-11-08 01:37:27.000161,682,1.037,0.0011,"aoml_navis",1030.49785952495
"7901009",16,0,1,0.029904,1,0.007476,1,131.504348133225,1,4.85196684397423,684,1,6.66099977493286,34.9039993286133,0.0299040004611015,0,126.811698913574,-87.0394,26.1689,51.7540595710827,63,63,63,63,61,63,0,8046,1.33458767306251,26,-87,0.001869,51,2023-11-08 01:37:27.000161,684,1.037,0.0011,"aoml_navis",1030.50992737298
"7901009",16,0,1,0.029904,1,0.007476,1,131.674007039987,1,4.85190635053609,686,1,6.64099979400635,34.9049987792969,0.0299040004611015,0,126.975303649902,-87.0394,26.1689,51.7540595710827,63,63,63,63,61,63,0,8046,1.33458767306251,26,-87,0.001869,51,2023-11-08 01:37:27.000161,686,1.037,0.0011,"aoml_navis",1030.5227757431
"7901009",16,0,1,0.031773,1,0.009345,1,131.837225807312,1,4.85186244066546,688,1,6.63399982452393,34.9039993286133,0.0317730009555817,0,127.132698059082,-87.0394,26.1689,51.7540595710827,63,63,63,63,61,63,0,8046,1.33458767306251,26,-87,0.001869,51,2023-11-08 01:37:27.000161,688,1.037,0.0011,"aoml_navis",1030.53210208371
"7901009",16,0,1,0.028035,1,0.005607,1,131.990910952987,1,4.85181555157288,690,1,6.62799978256226,34.9039993286133,0.0280349999666214,0,127.280899047852,-87.0394,26.1689,51.7540595710827,63,63,63,63,61,63,0,8046,1.33458767306251,26,-87,0.001869,51,2023-11-08 01:37:27.000161,690,1.037,0.0011,"aoml_navis",1030.54206138959
"7901009",16,0,1,0.028035,1,0.005607,1,132.274530263265,1,4.85176371584337,692,1,6.61499977111816,34.9039993286133,0.0280349999666214,0,127.554397583008,-87.0394,26.1689,51.7540595710827,63,63,63,63,61,63,0,8046,1.33458767306251,26,-87,0.001869,51,2023-11-08 01:37:27.000161,692,1.037,0.0011,"aoml_navis",1030.55307159179
"7901009",16,0,1,0.028035,1,0.005607,1,132.526732136557,1,4.85171557501919,694,1,6.60200023651123,34.9029998779297,0.0280349999666214,0,127.79759979248,-87.0394,26.1689,51.7540595710827,63,63,63,63,61,63,0,8046,1.33458767306251,26,-87,0.001869,51,2023-11-08 01:37:27.000161,694,1.037,0.0011,"aoml_navis",1030.56329718591
"7901009",16,0,1,0.029904,1,0.007476,1,132.702190333501,1,4.8516693996918,696,1,6.59700012207031,34.9029998779297,0.0299040004611015,0,127.966796875,-87.0394,26.1689,51.7540595710827,63,63,63,63,61,63,0,8046,1.33458767306251,26,-87,0.001869,51,2023-11-08 01:37:27.000161,696,1.037,0.0011,"aoml_navis",1030.57310547945
"7901009",16,0,1,0.026166,1,0.003738,1,133.037457346789,1,4.85162040170699,698,1,6.58799982070923,34.9029998779297,0.0261659994721413,0,128.290100097656,-87.0394,26.1689,51.7540595710827,63,63,63,63,61,63,0,8046,1.33458767306251,26,-87,0.001869,51,2023-11-08 01:37:27.000161,698,1.037,0.0011,"aoml_navis",1030.58351354958
"7901009",16,0,1,0.035511,1,0.013083,1,133.460560266759,1,4.85156238359491,700.099975585938,1,6.56400012969971,34.9020004272461,0.0355109982192516,0,128.698104858398,-87.0394,26.1689,51.7540595710827,63,63,63,63,61,63,0,8046,1.33458767306251,26,-87,0.001869,51,2023-11-08 01:37:27.000161,700.099975585938,1.037,0.0011,"aoml_navis",1030.59583793192
"7901009",16,0,1,0.031773,1,0.009345,1,133.775082752276,1,4.85150355439456,702,1,6.53800010681152,34.9020004272461,0.0317730009555817,0,129.001403808594,-87.0394,26.1689,51.7540595710827,63,63,63,63,61,63,0,8046,1.33458767306251,26,-87,0.001869,51,2023-11-08 01:37:27.000161,702,1.037,0.0011,"aoml_navis",1030.60833490907
"7901009",16,0,1,0.026166,1,0.003738,1,133.900341090825,1,4.8514531669697,704,1,6.52699995040894,34.9020004272461,0.0261659994721413,0,129.122192382812,-87.0394,26.1689,51.7540595710827,63,63,63,63,61,63,0,8046,1.33458767306251,26,-87,0.001869,51,2023-11-08 01:37:27.000161,704,1.037,0.0011,"aoml_navis",1030.61903885658
"7901009",16,0,1,0.031773,1,0.009345,1,134.120302708332,1,4.85139716023169,706,1,6.50799989700317,34.9020004272461,0.0317730009555817,0,129.33430480957,-87.0394,26.1689,51.7540595710827,63,63,63,63,61,63,0,8046,1.33458767306251,26,-87,0.001869,51,2023-11-08 01:37:27.000161,706,1.037,0.0011,"aoml_navis",1030.63093679208
"7901009",16,0,1,0.031773,1,0.009345,1,134.301053845428,1,4.85134467753147,708,1,6.49399995803833,34.9020004272461,0.0317730009555817,0,129.508605957031,-87.0394,26.1689,51.7540595710827,63,63,63,63,61,63,0,8046,1.33458767306251,26,-87,0.001869,51,2023-11-08 01:37:27.000161,708,1.037,0.0011,"aoml_navis",1030.64208633887
"7901009",16,0,1,0.026166,1,0.003738,1,134.532297574529,1,4.85128851303839,710,1,6.48000001907349,34.9029998779297,0.0261659994721413,0,129.731597900391,-87.0394,26.1689,51.7540595710827,63,63,63,63,61,63,0,8046,1.33458767306251,26,-87,0.001869,51,2023-11-08 01:37:27.000161,710,1.037,0.0011,"aoml_navis",1030.65401832151
"7901009",16,0,1,0.029904,1,0.007476,1,134.81819545994,1,4.85124464293638,712,1,6.47300004959106,34.9020004272461,0.0299040004611015,0,130.007293701172,-87.0394,26.1689,51.7540595710827,63,63,63,63,61,63,0,8046,1.33458767306251,26,-87,0.001869,51,2023-11-08 01:37:27.000161,712,1.037,0.0011,"aoml_navis",1030.66333858883
"7901009",16,0,1,0.029904,1,0.007476,1,135.224493888306,1,4.85116957732344,714,1,6.43200016021729,34.9029998779297,0.0299040004611015,0,130.39909362793,-87.0394,26.1689,51.7540595710827,63,63,63,63,61,63,0,8046,1.33458767306251,26,-87,0.001869,51,2023-11-08 01:37:27.000161,714,1.037,0.0011,"aoml_navis",1030.67928677906
"7901009",16,0,1,0.026166,1,0.003738,1,135.331412861724,1,4.85111853104749,716,1,6.42000007629395,34.9029998779297,0.0261659994721413,0,130.502197265625,-87.0394,26.1689,51.7540595710827,63,63,63,63,61,63,0,8046,1.33458767306251,26,-87,0.001869,51,2023-11-08 01:37:27.000161,716,1.037,0.0011,"aoml_navis",1030.69013218285
"7901009",16,0,1,0.029904,1,0.007476,1,135.401827162703,1,4.85107448195321,718,1,6.41800022125244,34.9029998779297,0.0299040004611015,0,130.570098876953,-87.0394,26.1689,51.7540595710827,63,63,63,63,61,63,0,8046,1.33458767306251,26,-87,0.001869,51,2023-11-08 01:37:27.000161,718,1.037,0.0011,"aoml_navis",1030.69949113352
"7901009",16,0,1,0.026166,1,0.003738,1,135.483238753384,1,4.85102973504657,720,1,6.41499996185303,34.9029998779297,0.0261659994721413,0,130.64860534668,-87.0394,26.1689,51.7540595710827,63,63,63,63,61,63,0,8046,1.33458767306251,26,-87,0.001869,51,2023-11-08 01:37:27.000161,720,1.037,0.0011,"aoml_navis",1030.70899851988
"7901009",16,0,1,0.031773,1,0.009345,1,135.617105042436,1,4.85098568981531,722,1,6.41300010681152,34.9029998779297,0.0317730009555817,0,130.777694702148,-87.0394,26.1689,51.7540595710827,63,63,63,63,61,63,0,8046,1.33458767306251,26,-87,0.001869,51,2023-11-08 01:37:27.000161,722,1.037,0.0011,"aoml_navis",1030.71835699238
"7901009",16,0,1,0.029904,1,0.007476,1,135.829487232938,1,4.85094167926452,723.900024414062,1,6.40799999237061,34.9029998779297,0.0299040004611015,0,130.982498168945,-87.0394,26.1689,51.7540595710827,63,63,63,63,61,63,0,8046,1.33458767306251,26,-87,0.001869,51,2023-11-08 01:37:27.000161,723.900024414062,1.037,0.0011,"aoml_navis",1030.72770826593
"7901009",16,0,1,0.029904,1,0.007476,1,136.080035556914,1,4.85089499775008,726,1,6.40000009536743,34.9020004272461,0.0299040004611015,0,131.224105834961,-87.0394,26.1689,51.7540595710827,63,63,63,63,61,63,0,8046,1.33458767306251,26,-87,0.001869,51,2023-11-08 01:37:27.000161,726,1.037,0.0011,"aoml_navis",1030.73762724592
"7901009",16,0,1,0.026166,1,0.003738,1,136.338448129786,1,4.85084186959769,728,1,6.38500022888184,34.9020004272461,0.0261659994721413,0,131.473297119141,-87.0394,26.1689,51.7540595710827,63,63,63,63,61,63,0,8046,1.33458767306251,26,-87,0.001869,51,2023-11-08 01:37:27.000161,728,1.037,0.0011,"aoml_navis",1030.74891625248
"7901009",16,0,1,0.029904,1,0.007476,1,136.611592323829,1,4.85079503504235,730,1,6.37900018692017,34.9020004272461,0.0299040004611015,0,131.736694335938,-87.0394,26.1689,51.7540595710827,63,63,63,63,61,63,0,8046,1.33458767306251,26,-87,0.001869,51,2023-11-08 01:37:27.000161,730,1.037,0.0011,"aoml_navis",1030.75886816074
"7901009",16,0,1,0.028035,1,0.005607,1,137.070155569303,1,4.85074540866595,732,1,6.36899995803833,34.9020004272461,0.0280349999666214,0,132.178894042969,-87.0394,26.1689,51.7540595710827,63,63,63,63,61,63,0,8046,1.33458767306251,26,-87,0.001869,51,2023-11-08 01:37:27.000161,732,1.037,0.0011,"aoml_navis",1030.76941351476
"7901009",16,0,1,0.028035,1,0.005607,1,137.493464193972,1,4.8506839269757,734,1,6.34200000762939,34.9020004272461,0.0280349999666214,0,132.587097167969,-87.0394,26.1689,51.7540595710827,63,63,63,63,61,63,0,8046,1.33458767306251,26,-87,0.001869,51,2023-11-08 01:37:27.000161,734,1.037,0.0011,"aoml_navis",1030.78247836226
"7901009",16,0,1,0.029904,1,0.007476,1,137.84407994253,1,4.85062665087902,736,1,6.32100009918213,34.9020004272461,0.0299040004611015,0,132.925201416016,-87.0394,26.1689,51.7540595710827,63,63,63,63,61,63,0,8046,1.33458767306251,26,-87,0.001869,51,2023-11-08 01:37:27.000161,736,1.037,0.0011,"aoml_navis",1030.79464981992
"7901009",16,0,1,0.029904,1,0.007476,1,138.173840399247,1,4.85057704414385,738,1,6.31099987030029,34.9020004272461,0.0299040004611015,0,133.243194580078,-87.0394,26.1689,51.7540595710827,63,63,63,63,61,63,0,8046,1.33458767306251,26,-87,0.001869,51,2023-11-08 01:37:27.000161,738,1.037,0.0011,"aoml_navis",1030.8051917321
"7901009",16,0,1,0.029904,1,0.007476,1,138.60243405235,1,4.85051631635067,740,1,6.28499984741211,34.9020004272461,0.0299040004611015,0,133.656494140625,-87.0394,26.1689,51.7540595710827,63,63,63,63,61,63,0,8046,1.33458767306251,26,-87,0.001869,51,2023-11-08 01:37:27.000161,740,1.037,0.0011,"aoml_navis",1030.81809727048
"7901009",16,0,1,0.033642,1,0.011214,1,138.898094999267,1,4.85045608976401,742,1,6.2649998664856,34.9029998779297,0.0336420014500618,0,133.941604614258,-87.0394,26.1689,51.7540595710827,63,63,63,63,61,63,0,8046,1.33458767306251,26,-87,0.001869,51,2023-11-08 01:37:27.000161,742,1.037,0.0011,"aoml_navis",1030.83089661436
"7901009",16,0,1,0.031773,1,0.009345,1,139.112233591434,1,4.85040303394323,744,1,6.25,34.9029998779297,0.0317730009555817,0,134.148101806641,-87.0394,26.1689,51.7540595710827,63,63,63,63,61,63,0,8046,1.33458767306251,26,-87,0.001869,51,2023-11-08 01:37:27.000161,744,1.037,0.0011,"aoml_navis",1030.84217229164
"7901009",16,0,1,0.029904,1,0.007476,1,139.3051213058,1,4.85035345146599,746,1,6.23999977111816,34.9029998779297,0.0299040004611015,0,134.334106445312,-87.0394,26.1689,51.7540595710827,63,63,63,63,61,63,0,8046,1.33458767306251,26,-87,0.001869,51,2023-11-08 01:37:27.000161,746,1.037,0.0011,"aoml_navis",1030.85271002029
"7901009",16,0,1,0.033642,1,0.011214,1,139.519671307366,1,4.85030664527983,748,1,6.23400020599365,34.9029998779297,0.0336420014500618,0,134.541000366211,-87.0394,26.1689,51.7540595710827,63,63,63,63,61,63,0,8046,1.33458767306251,26,-87,0.001869,51,2023-11-08 01:37:27.000161,748,1.037,0.0011,"aoml_navis",1030.86265790346
"7901009",16,0,1,0.031773,1,0.009345,1,139.81397143858,1,4.85025291280934,750,1,6.21799993515015,34.9029998779297,0.0317730009555817,0,134.824798583984,-87.0394,26.1689,51.7540595710827,63,63,63,63,61,63,0,8046,1.33458767306251,26,-87,0.001869,51,2023-11-08 01:37:27.000161,750,1.037,0.0011,"aoml_navis",1030.87407809089
"7901009",16,0,1,0.031773,1,0.009345,1,140.064298234418,1,4.85019480917973,752,1,6.20100021362305,34.9039993286133,0.0317730009555817,0,135.066192626953,-87.0394,26.1689,51.7540595710827,63,63,63,63,61,63,0,8046,1.33458767306251,26,-87,0.001869,51,2023-11-08 01:37:27.000161,752,1.037,0.0011,"aoml_navis",1030.88642760013
"7901009",16,0,1,0.031773,1,0.009345,1,140.159507863404,1,4.85014870279117,754,1,6.19600009918213,34.9039993286133,0.0317730009555817,0,135.158004760742,-87.0394,26.1689,51.7540595710827,63,63,63,63,61,63,0,8046,1.33458767306251,26,-87,0.001869,51,2023-11-08 01:37:27.000161,754,1.037,0.0011,"aoml_navis",1030.89622739249
"7901009",16,0,1,0.028035,1,0.005607,1,140.283215504988,1,4.85010398180716,756,1,6.19299983978271,34.9039993286133,0.0280349999666214,0,135.277297973633,-87.0394,26.1689,51.7540595710827,63,63,63,63,61,63,0,8046,1.33458767306251,26,-87,0.001869,51,2023-11-08 01:37:27.000161,756,1.037,0.0011,"aoml_navis",1030.90573289874
"7901009",16,0,1,0.026166,1,0.003738,1,140.472368887887,1,4.85005926298792,758,1,6.19000005722046,34.9039993286133,0.0261659994721413,0,135.459701538086,-87.0394,26.1689,51.7540595710827,63,63,63,63,61,63,0,8046,1.33458767306251,26,-87,0.001869,51,2023-11-08 01:37:27.000161,758,1.037,0.0011,"aoml_navis",1030.91523812014
"7901009",16,0,1,0.029904,1,0.007476,1,140.729847877892,1,4.85001108674635,760,1,6.18200016021729,34.9039993286133,0.0299040004611015,0,135.707992553711,-87.0394,26.1689,51.7540595710827,63,63,63,63,61,63,0,8046,1.33458767306251,26,-87,0.001869,51,2023-11-08 01:37:27.000161,760,1.037,0.0011,"aoml_navis",1030.92547843107
"7901009",16,0,1,0.03738,1,0.014952,1,141.016584405539,1,4.84996590981012,762,1,6.1729998588562,34.9029998779297,0.0373799987137318,0,135.984497070312,-87.0394,26.1689,51.7540595710827,63,63,63,63,61,63,0,8046,1.33458767306251,26,-87,0.001869,51,2023-11-08 01:37:27.000161,762,1.037,0.0011,"aoml_navis",1030.93508139643
"7901009",16,0,1,0.026166,1,0.003738,1,141.377153096865,1,4.84990575921606,764,1,6.15299987792969,34.9039993286133,0.0261659994721413,0,136.33219909668,-87.0394,26.1689,51.7540595710827,63,63,63,63,61,63,0,8046,1.33458767306251,26,-87,0.001869,51,2023-11-08 01:37:27.000161,764,1.037,0.0011,"aoml_navis",1030.9478674918
"7901009",16,0,1,0.028035,1,0.005607,1,141.665234616778,1,4.84985138176682,766,1,6.13600015640259,34.9039993286133,0.0280349999666214,0,136.610000610352,-87.0394,26.1689,51.7540595710827,63,63,63,63,61,63,0,8046,1.33458767306251,26,-87,0.001869,51,2023-11-08 01:37:27.000161,766,1.037,0.0011,"aoml_navis",1030.95942667391
"7901009",16,0,1,0.028035,1,0.005607,1,141.944296776791,1,4.84979746282144,768,1,6.125,34.9049987792969,0.0280349999666214,0,136.879104614258,-87.0394,26.1689,51.7540595710827,63,63,63,63,61,63,0,8046,1.33458767306251,26,-87,0.001869,51,2023-11-08 01:37:27.000161,768,1.037,0.0011,"aoml_navis",1030.97088864639
"7901009",16,0,1,0.029904,1,0.007476,1,142.196285033664,1,4.84974103529076,770,1,6.10500001907349,34.9049987792969,0.0299040004611015,0,137.122100830078,-87.0394,26.1689,51.7540595710827,63,63,63,63,61,63,0,8046,1.33458767306251,26,-87,0.001869,51,2023-11-08 01:37:27.000161,770,1.037,0.0011,"aoml_navis",1030.98288416141
"7901009",16,0,1,0.033642,1,0.011214,1,142.433652433435,1,4.84969357118811,772,1,6.09800004959106,34.9049987792969,0.0336420014500618,0,137.350997924805,-87.0394,26.1689,51.7540595710827,63,63,63,63,61,63,0,8046,1.33458767306251,26,-87,0.001869,51,2023-11-08 01:37:27.000161,772,1.037,0.0011,"aoml_navis",1030.99297442314
"7901009",16,0,1,0.033642,1,0.011214,1,142.577076079293,1,4.84964473251214,774,1,6.08900022506714,34.9049987792969,0.0336420014500618,0,137.489303588867,-87.0394,26.1689,51.7540595710827,63,63,63,63,61,63,0,8046,1.33458767306251,26,-87,0.001869,51,2023-11-08 01:37:27.000161,774,1.037,0.0011,"aoml_navis",1031.00335710776
"7901009",16,0,1,0.029904,1,0.007476,1,142.782812425658,1,4.8495986498136,776,1,6.08400011062622,34.9049987792969,0.0299040004611015,0,137.687698364258,-87.0394,26.1689,51.7540595710827,63,63,63,63,61,63,0,8046,1.33458767306251,26,-87,0.001869,51,2023-11-08 01:37:27.000161,776,1.037,0.0011,"aoml_navis",1031.01315408692
"7901009",16,0,1,0.028035,1,0.005607,1,143.085514802673,1,4.84955325725704,778,1,6.07999992370605,34.9049987792969,0.0280349999666214,0,137.979598999023,-87.0394,26.1689,51.7540595710827,63,63,63,63,61,63,0,8046,1.33458767306251,26,-87,0.001869,51,2023-11-08 01:37:27.000161,778,1.037,0.0011,"aoml_navis",1031.02280452696
"7901009",16,0,1,0.028035,1,0.005607,1,143.562844646116,1,4.8495081138404,780,1,6.07100009918213,34.9039993286133,0.0280349999666214,0,138.439895629883,-87.0394,26.1689,51.7540595710827,63,63,63,63,61,63,0,8046,1.33458767306251,26,-87,0.001869,51,2023-11-08 01:37:27.000161,780,1.037,0.0011,"aoml_navis",1031.03240217912
"7901009",16,0,1,0.029904,1,0.007476,1,144.009904251856,1,4.84944322368659,782,1,6.04400014877319,34.9049987792969,0.0299040004611015,0,138.871002197266,-87.0394,26.1689,51.7540595710827,63,63,63,63,61,63,0,8046,1.33458767306251,26,-87,0.001869,51,2023-11-08 01:37:27.000161,782,1.037,0.0011,"aoml_navis",1031.0461983714
"7901009",16,0,1,0.024297,1,0.001869,1,144.346104848012,1,4.84938822438289,784,1,6.02600002288818,34.9049987792969,0.0242970008403063,0,139.195205688477,-87.0394,26.1689,51.7540595710827,63,63,63,63,61,63,0,8046,1.33458767306251,26,-87,0.001869,51,2023-11-08 01:37:27.000161,784,1.037,0.0011,"aoml_navis",1031.05789197487
"7901009",16,0,1,0.026166,1,0.003738,1,144.664868015026,1,4.84932954833368,786,1,6.00799989700317,34.9059982299805,0.0261659994721413,0,139.502593994141,-87.0394,26.1689,51.7540595710827,63,63,63,63,61,63,0,8046,1.33458767306251,26,-87,0.001869,51,2023-11-08 01:37:27.000161,786,1.037,0.0011,"aoml_navis",1031.07036759712
"7901009",16,0,1,0.026166,1,0.003738,1,144.924119230134,1,4.84927799740165,788,1,5.99499988555908,34.9059982299805,0.0261659994721413,0,139.752593994141,-87.0394,26.1689,51.7540595710827,63,63,63,63,61,63,0,8046,1.33458767306251,26,-87,0.001869,51,2023-11-08 01:37:27.000161,788,1.037,0.0011,"aoml_navis",1031.08132853573
"7901009",16,0,1,0.029904,1,0.007476,1,145.094189546295,1,4.84922850671375,790,1,5.9850001335144,34.9059982299805,0.0299040004611015,0,139.916595458984,-87.0394,26.1689,51.7540595710827,63,63,63,63,61,63,0,8046,1.33458767306251,26,-87,0.001869,51,2023-11-08 01:37:27.000161,790,1.037,0.0011,"aoml_navis",1031.09185163733
"7901009",16,0,1,0.033642,1,0.011214,1,145.345972098469,1,4.84917901935295,792,1,5.97499990463257,34.9059982299805,0.0336420014500618,0,140.159393310547,-87.0394,26.1689,51.7540595710827,63,63,63,63,61,63,0,8046,1.33458767306251,26,-87,0.001869,51,2023-11-08 01:37:27.000161,792,1.037,0.0011,"aoml_navis",1031.10237424626
"7901009",16,0,1,0.026166,1,0.003738,1,145.526106121466,1,4.84912104545567,794,1,5.95800018310547,34.9070014953613,0.0261659994721413,0,140.333099365234,-87.0394,26.1689,51.7540595710827,63,63,63,63,61,63,0,8046,1.33458767306251,26,-87,0.001869,51,2023-11-08 01:37:27.000161,794,1.037,0.0011,"aoml_navis",1031.11470163974
"7901009",16,0,1,0.031773,1,0.009345,1,145.583655967008,1,4.84907566965009,796,1,5.9539999961853,34.9070014953613,0.0317730009555817,0,140.388595581055,-87.0394,26.1689,51.7540595710827,63,63,63,63,61,63,0,8046,1.33458767306251,26,-87,0.001869,51,2023-11-08 01:37:27.000161,796,1.037,0.0011,"aoml_navis",1031.12435041889
"7901009",16,0,1,0.029904,1,0.007476,1,145.703850805262,1,4.84903234749635,798,1,5.95300006866455,34.9070014953613,0.0299040004611015,0,140.504501342773,-87.0394,26.1689,51.7540595710827,63,63,63,63,61,63,0,8046,1.33458767306251,26,-87,0.001869,51,2023-11-08 01:37:27.000161,798,1.037,0.0011,"aoml_navis",1031.13356267495
"7901009",16,0,1,0.028035,1,0.005607,1,145.86914244302,1,4.84898629135657,800,1,5.94799995422363,34.9070014953613,0.0280349999666214,0,140.66389465332,-87.0394,26.1689,51.7540595710827,63,63,63,63,61,63,0,8046,1.33458767306251,26,-87,0.001869,51,2023-11-08 01:37:27.000161,800,1.037,0.0011,"aoml_navis",1031.14335648105
"7901009",16,0,1,0.028035,1,0.005607,1,146.051665805219,1,4.84893886953877,802,1,5.94099998474121,34.9070014953613,0.0280349999666214,0,140.839904785156,-87.0394,26.1689,51.7540595710827,63,63,63,63,61,63,0,8046,1.33458767306251,26,-87,0.001869,51,2023-11-08 01:37:27.000161,802,1.037,0.0011,"aoml_navis",1031.15344089203
"7901009",16,0,1,0.029904,1,0.007476,1,146.212400292712,1,4.84889076645488,804,1,5.93300008773804,34.9070014953613,0.0299040004611015,0,140.994903564453,-87.0394,26.1689,51.7540595710827,63,63,63,63,61,63,0,8046,1.33458767306251,26,-87,0.001869,51,2023-11-08 01:37:27.000161,804,1.037,0.0011,"aoml_navis",1031.16367037808
"7901009",16,0,1,0.033642,1,0.011214,1,146.387233463838,1,4.84884129916877,806,1,5.9229998588562,34.9070014953613,0.0336420014500618,0,141.163497924805,-87.0394,26.1689,51.7540595710827,63,63,63,63,61,63,0,8046,1.33458767306251,26,-87,0.001869,51,2023-11-08 01:37:27.000161,806,1.037,0.0011,"aoml_navis",1031.17419018377
"7901009",16,0,1,0.031773,1,0.009345,1,146.615486563077,1,4.84879388476512,808,1,5.91599988937378,34.9070014953613,0.0317730009555817,0,141.383605957031,-87.0394,26.1689,51.7540595710827,63,63,63,63,61,63,0,8046,1.33458767306251,26,-87,0.001869,51,2023-11-08 01:37:27.000161,808,1.037,0.0011,"aoml_navis",1031.18427362111
"7901009",16,0,1,0.026166,1,0.003738,1,146.823817953343,1,4.84874715553998,810,1,5.90999984741211,34.9070014953613,0.0261659994721413,0,141.584503173828,-87.0394,26.1689,51.7540595710827,63,63,63,63,61,63,0,8046,1.33458767306251,26,-87,0.001869,51,2023-11-08 01:37:27.000161,810,1.037,0.0011,"aoml_navis",1031.19421153714
"7901009",16,0,1,0.026166,1,0.003738,1,147.067609669113,1,4.84870042831738,812,1,5.90399980545044,34.9070014953613,0.0261659994721413,0,141.819595336914,-87.0394,26.1689,51.7540595710827,63,63,63,63,61,63,0,8046,1.33458767306251,26,-87,0.001869,51,2023-11-08 01:37:27.000161,812,1.037,0.0011,"aoml_navis",1031.20414921883
"7901009",16,0,1,0.029904,1,0.007476,1,147.364821312996,1,4.84865029006972,814,1,5.89300012588501,34.9070014953613,0.0299040004611015,0,142.106201171875,-87.0394,26.1689,51.7540595710827,63,63,63,63,61,63,0,8046,1.33458767306251,26,-87,0.001869,51,2023-11-08 01:37:27.000161,814,1.037,0.0011,"aoml_navis",1031.21481255108
"7901009",16,0,1,0.031773,1,0.009345,1,147.705468295348,1,4.84859442181595,816,1,5.87900018692017,34.9080009460449,0.0317730009555817,0,142.434692382812,-87.0394,26.1689,51.7540595710827,63,63,63,63,61,63,0,8046,1.33458767306251,26,-87,0.001869,51,2023-11-08 01:37:27.000161,816,1.037,0.0011,"aoml_navis",1031.22669479279
"7901009",16,0,1,0.026166,1,0.003738,1,148.061369072339,1,4.84853679740773,818,1,5.85699987411499,34.9080009460449,0.0261659994721413,0,142.777893066406,-87.0394,26.1689,51.7540595710827,63,63,63,63,61,63,0,8046,1.33458767306251,26,-87,0.001869,51,2023-11-08 01:37:27.000161,818,1.037,0.0011,"aoml_navis",1031.238950826
"7901009",16,0,1,0.026166,1,0.003738,1,148.269194112576,1,4.84848026631036,820,1,5.84200000762939,34.9090003967285,0.0261659994721413,0,142.978302001953,-87.0394,26.1689,51.7540595710827,63,63,63,63,61,63,0,8046,1.33458767306251,26,-87,0.001869,51,2023-11-08 01:37:27.000161,820,1.037,0.0011,"aoml_navis",1031.25097460796
"7901009",16,0,1,0.031773,1,0.009345,1,148.485816984575,1,4.8484349141625,822,1,5.83799982070923,34.9090003967285,0.0317730009555817,0,143.187194824219,-87.0394,26.1689,51.7540595710827,63,63,63,63,61,63,0,8046,1.33458767306251,26,-87,0.001869,51,2023-11-08 01:37:27.000161,822,1.037,0.0011,"aoml_navis",1031.26062090568
"7901009",16,0,1,0.028035,1,0.005607,1,148.725779428247,1,4.84838548156679,824,1,5.82800006866455,34.9090003967285,0.0280349999666214,0,143.418594360352,-87.0394,26.1689,51.7540595710827,63,63,63,63,61,63,0,8046,1.33458767306251,26,-87,0.001869,51,2023-11-08 01:37:27.000161,824,1.037,0.0011,"aoml_navis",1031.27113531084
"7901009",16,0,1,0.026166,1,0.003738,1,148.963669001485,1,4.84833372476595,826,1,5.82000017166138,34.9099998474121,0.0261659994721413,0,143.647994995117,-87.0394,26.1689,51.7540595710827,63,63,63,63,61,63,0,8046,1.33458767306251,26,-87,0.001869,51,2023-11-08 01:37:27.000161,826,1.037,0.0011,"aoml_navis",1031.28214430853
"7901009",16,0,1,0.031773,1,0.009345,1,149.295106742675,1,4.84828429853757,828,1,5.80999994277954,34.9099998474121,0.0317730009555817,0,143.96760559082,-87.0394,26.1689,51.7540595710827,63,63,63,63,61,63,0,8046,1.33458767306251,26,-87,0.001869,51,2023-11-08 01:37:27.000161,828,1.037,0.0011,"aoml_navis",1031.29265779818
"7901009",16,0,1,0.029904,1,0.007476,1,149.676720607102,1,4.84823351721344,830,1,5.7979998588562,34.9099998474121,0.0299040004611015,0,144.335601806641,-87.0394,26.1689,51.7540595710827,63,63,63,63,61,63,0,8046,1.33458767306251,26,-87,0.001869,51,2023-11-08 01:37:27.000161,830,1.037,0.0011,"aoml_navis",1031.30345975451
"7901009",16,0,1,0.033642,1,0.011214,1,149.891381372737,1,4.84818138322655,832,1,5.78399991989136,34.9099998474121,0.0336420014500618,0,144.542602539062,-87.0394,26.1689,51.7540595710827,63,63,63,63,61,63,0,8046,1.33458767306251,26,-87,0.001869,51,2023-11-08 01:37:27.000161,832,1.037,0.0011,"aoml_navis",1031.31454967809
"7901009",16,0,1,0.031773,1,0.009345,1,150.074411084966,1,4.84813332716335,834,1,5.77600002288818,34.9099998474121,0.0317730009555817,0,144.719100952148,-87.0394,26.1689,51.7540595710827,63,63,63,63,61,63,0,8046,1.33458767306251,26,-87,0.001869,51,2023-11-08 01:37:27.000161,834,1.037,0.0011,"aoml_navis",1031.32477235842
"7901009",16,0,1,0.033642,1,0.011214,1,150.251317126525,1,4.84808497874724,836,1,5.77299976348877,34.9109992980957,0.0336420014500618,0,144.889694213867,-87.0394,26.1689,51.7540595710827,63,63,63,63,61,63,0,8046,1.33458767306251,26,-87,0.001869,51,2023-11-08 01:37:27.000161,836,1.037,0.0011,"aoml_navis",1031.33505743375
"7901009",16,0,1,0.031773,1,0.009345,1,150.521565631337,1,4.84803421350991,838,1,5.76100015640259,34.9109992980957,0.0317730009555817,0,145.150299072266,-87.0394,26.1689,51.7540595710827,63,63,63,63,61,63,0,8046,1.33458767306251,26,-87,0.001869,51,2023-11-08 01:37:27.000161,838,1.037,0.0011,"aoml_navis",1031.34585685609
"7901009",16,0,1,0.033642,1,0.011214,1,150.710196840768,1,4.8479814193533,840,1,5.74599981307983,34.9109992980957,0.0336420014500618,0,145.33219909668,-87.0394,26.1689,51.7540595710827,63,63,63,63,61,63,0,8046,1.33458767306251,26,-87,0.001869,51,2023-11-08 01:37:27.000161,840,1.037,0.0011,"aoml_navis",1031.35708813566
"7901009",16,0,1,0.029904,1,0.007476,1,150.963545913345,1,4.84792562301197,842,1,5.73199987411499,34.9119987487793,0.0299040004611015,0,145.576507568359,-87.0394,26.1689,51.7540595710827,63,63,63,63,61,63,0,8046,1.33458767306251,26,-87,0.001869,51,2023-11-08 01:37:27.000161,842,1.037,0.0011,"aoml_navis",1031.3689583574
"7901009",16,0,1,0.029904,1,0.007476,1,151.158902084104,1,4.84786780362538,844,1,5.71500015258789,34.9129981994629,0.0299040004611015,0,145.764892578125,-87.0394,26.1689,51.7540595710827,63,63,63,63,61,63,0,8046,1.33458767306251,26,-87,0.001869,51,2023-11-08 01:37:27.000161,844,1.037,0.0011,"aoml_navis",1031.38125925399
"7901009",16,0,1,0.029904,1,0.007476,1,151.292167082496,1,4.84781976734402,846,1,5.70699977874756,34.9129981994629,0.0299040004611015,0,145.893402099609,-87.0394,26.1689,51.7540595710827,63,63,63,63,61,63,0,8046,1.33458767306251,26,-87,0.001869,51,2023-11-08 01:37:27.000161,846,1.037,0.0011,"aoml_navis",1031.39147904819
"7901009",16,0,1,0.029904,1,0.007476,1,151.469183888124,1,4.84777173399152,848,1,5.69899988174438,34.9129981994629,0.0299040004611015,0,146.064102172852,-87.0394,26.1689,51.7540595710827,63,63,63,63,61,63,0,8046,1.33458767306251,26,-87,0.001869,51,2023-11-08 01:37:27.000161,848,1.037,0.0011,"aoml_navis",1031.40169842179
"7901009",16,0,1,0.035511,1,0.013083,1,151.545706036334,1,4.84771662220899,850,1,5.68599987030029,34.9140014648438,0.0355109982192516,0,146.137893676758,-87.0394,26.1689,51.7540595710827,63,63,63,63,61,63,0,8046,1.33458767306251,26,-87,0.001869,51,2023-11-08 01:37:27.000161,850,1.037,0.0011,"aoml_navis",1031.41342402181
"7901009",16,0,1,0.029904,1,0.007476,1,151.638732030817,1,4.84767264935596,852,1,5.68400001525879,34.9140014648438,0.0299040004611015,0,146.227600097656,-87.0394,26.1689,51.7540595710827,63,63,63,63,61,63,0,8046,1.33458767306251,26,-87,0.001869,51,2023-11-08 01:37:27.000161,852,1.037,0.0011,"aoml_navis",1031.42277989094
"7901009",16,0,1,0.028035,1,0.005607,1,151.779354928075,1,4.84763373173568,854,1,5.68400001525879,34.9129981994629,0.0280349999666214,0,146.363204956055,-87.0394,26.1689,51.7540595710827,63,63,63,63,61,63,0,8046,1.33458767306251,26,-87,0.001869,51,2023-11-08 01:37:27.000161,854,1.037,0.0011,"aoml_navis",1031.43106032678
"7901009",16,0,1,0.033642,1,0.011214,1,152.056439158285,1,4.84758268145292,856,1,5.67700004577637,34.9140014648438,0.0336420014500618,0,146.630401611328,-87.0394,26.1689,51.7540595710827,63,63,63,63,61,63,0,8046,1.33458767306251,26,-87,0.001869,51,2023-11-08 01:37:27.000161,856,1.037,0.0011,"aoml_navis",1031.44192241016
"7901009",16,0,1,0.029904,1,0.007476,1,152.345865670465,1,4.84752993056139,858,1,5.66200017929077,34.9140014648438,0.0299040004611015,0,146.90950012207,-87.0394,26.1689,51.7540595710827,63,63,63,63,61,63,0,8046,1.33458767306251,26,-87,0.001869,51,2023-11-08 01:37:27.000161,858,1.037,0.0011,"aoml_navis",1031.45314657623
"7901009",16,0,1,0.029904,1,0.007476,1,152.682683380718,1,4.8474819119456,860,1,5.65399980545044,34.9140014648438,0.0299040004611015,0,147.234298706055,-87.0394,26.1689,51.7540595710827,63,63,63,63,61,63,0,8046,1.33458767306251,26,-87,0.001869,51,2023-11-08 01:37:27.000161,860,1.037,0.0011,"aoml_navis",1031.46336403619
"7901009",16,0,1,0.029904,1,0.007476,1,153.101640559822,1,4.84742481126163,862,1,5.63800001144409,34.9150009155273,0.0299040004611015,0,147.638305664062,-87.0394,26.1689,51.7540595710827,63,63,63,63,61,63,0,8046,1.33458767306251,26,-87,0.001869,51,2023-11-08 01:37:27.000161,862,1.037,0.0011,"aoml_navis",1031.47551425324
"7901009",16,0,1,0.028035,1,0.005607,1,153.418536561102,1,4.84737208077953,864,1,5.6230001449585,34.9150009155273,0.0280349999666214,0,147.943893432617,-87.0394,26.1689,51.7540595710827,63,63,63,63,61,63,0,8046,1.33458767306251,26,-87,0.001869,51,2023-11-08 01:37:27.000161,864,1.037,0.0011,"aoml_navis",1031.48673480744
"7901009",16,0,1,0.029904,1,0.007476,1,153.671980574309,1,4.84731903848834,866,1,5.61299991607666,34.9160003662109,0.0299040004611015,0,148.188293457031,-87.0394,26.1689,51.7540595710827,63,63,63,63,61,63,0,8046,1.33458767306251,26,-87,0.001869,51,2023-11-08 01:37:27.000161,866,1.037,0.0011,"aoml_navis",1031.49802195798
"7901009",16,0,1,0.028035,1,0.005607,1,153.898050039047,1,4.84727440227714,868,1,5.6100001335144,34.9160003662109,0.0280349999666214,0,148.406295776367,-87.0394,26.1689,51.7540595710827,63,63,63,63,61,63,0,8046,1.33458767306251,26,-87,0.001869,51,2023-11-08 01:37:27.000161,868,1.037,0.0011,"aoml_navis",1031.50752052558
"7901009",16,0,1,0.028035,1,0.005607,1,154.230927713133,1,4.84723278089313,870,1,5.60599994659424,34.9150009155273,0.0280349999666214,0,148.727294921875,-87.0394,26.1689,51.7540595710827,63,63,63,63,61,63,0,8046,1.33458767306251,26,-87,0.001869,51,2023-11-08 01:37:27.000161,870,1.037,0.0011,"aoml_navis",1031.51637769679
"7901009",16,0,1,0.031773,1,0.009345,1,154.74341723675,1,4.84718477987516,872,1,5.59800004959106,34.9150009155273,0.0317730009555817,0,149.221496582031,-87.0394,26.1689,51.7540595710827,63,63,63,63,61,63,0,8046,1.33458767306251,26,-87,0.001869,51,2023-11-08 01:37:27.000161,872,1.037,0.0011,"aoml_navis",1031.52659266453
"7901009",16,0,1,0.031773,1,0.009345,1,155.313773074676,1,4.84713072347899,874,1,5.58099985122681,34.9150009155273,0.0317730009555817,0,149.771499633789,-87.0394,26.1689,51.7540595710827,63,63,63,63,61,63,0,8046,1.33458767306251,26,-87,0.001869,51,2023-11-08 01:37:27.000161,874,1.037,0.0011,"aoml_navis",1031.53809650326
"7901009",16,0,1,0.028035,1,0.005607,1,155.707634280441,1,4.84706895826219,876,1,5.55800008773804,34.9160003662109,0.0280349999666214,0,150.151306152344,-87.0394,26.1689,51.7540595710827,63,63,63,63,61,63,0,8046,1.33458767306251,26,-87,0.001869,51,2023-11-08 01:37:27.000161,876,1.037,0.0011,"aoml_navis",1031.55124118404
"7901009",16,0,1,0.028035,1,0.005607,1,155.986063502917,1,4.84701459629064,878,1,5.5460000038147,34.9169998168945,0.0280349999666214,0,150.419799804688,-87.0394,26.1689,51.7540595710827,63,63,63,63,61,63,0,8046,1.33458767306251,26,-87,0.001869,51,2023-11-08 01:37:27.000161,878,1.037,0.0011,"aoml_navis",1031.56281060644
"7901009",16,0,1,0.029904,1,0.007476,1,156.187131934948,1,4.84696862547735,880,1,5.54099988937378,34.9169998168945,0.0299040004611015,0,150.613693237305,-87.0394,26.1689,51.7540595710827,63,63,63,63,61,63,0,8046,1.33458767306251,26,-87,0.001869,51,2023-11-08 01:37:27.000161,880,1.037,0.0011,"aoml_navis",1031.57259440844
"7901009",16,0,1,0.026166,1,0.003738,1,156.576435990448,1,4.84691795786293,882,1,5.52899980545044,34.9169998168945,0.0261659994721413,0,150.989105224609,-87.0394,26.1689,51.7540595710827,63,63,63,63,61,63,0,8046,1.33458767306251,26,-87,0.001869,51,2023-11-08 01:37:27.000161,882,1.037,0.0011,"aoml_navis",1031.58337802866
"7901009",16,0,1,0.031773,1,0.009345,1,156.926940974937,1,4.84686729559461,884,1,5.51700019836426,34.9169998168945,0.0317730009555817,0,151.327102661133,-87.0394,26.1689,51.7540595710827,63,63,63,63,61,63,0,8046,1.33458767306251,26,-87,0.001869,51,2023-11-08 01:37:27.000161,884,1.037,0.0011,"aoml_navis",1031.59416073648
"7901009",16,0,1,0.028035,1,0.005607,1,157.222380393716,1,4.84682066045703,886,1,5.51100015640259,34.9169998168945,0.0280349999666214,0,151.611999511719,-87.0394,26.1689,51.7540595710827,63,63,63,63,61,63,0,8046,1.33458767306251,26,-87,0.001869,51,2023-11-08 01:37:27.000161,886,1.037,0.0011,"aoml_navis",1031.60408652887
"7901009",16,0,1,0.028035,1,0.005607,1,157.536902879233,1,4.84676631853891,888,1,5.49900007247925,34.9179992675781,0.0280349999666214,0,151.915298461914,-87.0394,26.1689,51.7540595710827,63,63,63,63,61,63,0,8046,1.33458767306251,26,-87,0.001869,51,2023-11-08 01:37:27.000161,888,1.037,0.0011,"aoml_navis",1031.61565286838
"7901009",16,0,1,0.026166,1,0.003738,1,157.910225261927,1,4.8467143292964,890,1,5.4850001335144,34.9179992675781,0.0261659994721413,0,152.275299072266,-87.0394,26.1689,51.7540595710827,63,63,63,63,61,63,0,8046,1.33458767306251,26,-87,0.001869,51,2023-11-08 01:37:27.000161,890,1.037,0.0011,"aoml_navis",1031.62671869829
"7901009",16,0,1,0.024297,1,0.001869,1,158.279813313153,1,4.84665665251399,892,1,5.46799993515015,34.9189987182617,0.0242970008403063,0,152.631698608398,-87.0394,26.1689,51.7540595710827,63,63,63,63,61,63,0,8046,1.33458767306251,26,-87,0.001869,51,2023-11-08 01:37:27.000161,892,1.037,0.0011,"aoml_navis",1031.63899539004
"7901009",16,0,1,0.029904,1,0.007476,1,158.650018478478,1,4.84660601546082,894,1,5.45599985122681,34.9189987182617,0.0299040004611015,0,152.988693237305,-87.0394,26.1689,51.7540595710827,63,63,63,63,61,63,0,8046,1.33458767306251,26,-87,0.001869,51,2023-11-08 01:37:27.000161,894,1.037,0.0011,"aoml_navis",1031.64977389329
"7901009",16,0,1,0.033642,1,0.011214,1,159.033815977407,1,4.84655169644504,896,1,5.44399976730347,34.9199981689453,0.0336420014500618,0,153.358795166016,-87.0394,26.1689,51.7540595710827,63,63,63,63,61,63,0,8046,1.33458767306251,26,-87,0.001869,51,2023-11-08 01:37:27.000161,896,1.037,0.0011,"aoml_navis",1031.66133638222
"7901009",16,0,1,0.031773,1,0.009345,1,159.336629118491,1,4.84650240535872,898,1,5.43400001525879,34.9199981689453,0.0317730009555817,0,153.650802612305,-87.0394,26.1689,51.7540595710827,63,63,63,63,61,63,0,8046,1.33458767306251,26,-87,0.001869,51,2023-11-08 01:37:27.000161,898,1.037,0.0011,"aoml_navis",1031.67182883713
"7901009",16,0,1,0.026166,1,0.003738,1,159.876698895277,1,4.84645178255794,900,1,5.42199993133545,34.9199981689453,0.0261659994721413,0,154.171600341797,-87.0394,26.1689,51.7540595710827,63,63,63,63,61,63,0,8046,1.33458767306251,26,-87,0.001869,51,2023-11-08 01:37:27.000161,900,1.037,0.0011,"aoml_navis",1031.68260499252
"7901009",16,0,1,0.028035,1,0.005607,1,160.200035035996,1,4.84639212864079,902,1,5.40199995040894,34.9210014343262,0.0280349999666214,0,154.4833984375,-87.0394,26.1689,51.7540595710827,63,63,63,63,61,63,0,8046,1.33458767306251,26,-87,0.001869,51,2023-11-08 01:37:27.000161,902,1.037,0.0011,"aoml_navis",1031.69530390482
"7901009",16,0,1,0.029904,1,0.007476,1,160.479825074176,1,4.84634151911782,904,1,5.3899998664856,34.9210014343262,0.0299040004611015,0,154.753204345703,-87.0394,26.1689,51.7540595710827,63,63,63,63,61,63,0,8046,1.33458767306251,26,-87,0.001869,51,2023-11-08 01:37:27.000161,904,1.037,0.0011,"aoml_navis",1031.706077724
"7901009",16,0,1,0.026166,1,0.003738,1,160.6432495462,1,4.84629291267178,906,1,5.38100004196167,34.9210014343262,0.0261659994721413,0,154.910797119141,-87.0394,26.1689,51.7540595710827,63,63,63,63,61,63,0,8046,1.33458767306251,26,-87,0.001869,51,2023-11-08 01:37:27.000161,906,1.037,0.0011,"aoml_navis",1031.71642533746
"7901009",16,0,1,0.028035,1,0.005607,1,160.81664278443,1,4.84624261980454,908,1,5.375,34.9220008850098,0.0280349999666214,0,155.078002929688,-87.0394,26.1689,51.7540595710827,63,63,63,63,61,63,0,8046,1.33458767306251,26,-87,0.001869,51,2023-11-08 01:37:27.000161,908,1.037,0.0011,"aoml_navis",1031.72713218424
"7901009",16,0,1,0.028035,1,0.005607,1,160.986602336522,1,4.84619734756439,910,1,5.37099981307983,34.9220008850098,0.0280349999666214,0,155.241897583008,-87.0394,26.1689,51.7540595710827,63,63,63,63,61,63,0,8046,1.33458767306251,26,-87,0.001869,51,2023-11-08 01:37:27.000161,910,1.037,0.0011,"aoml_navis",1031.73677037996
"7901009",16,0,1,0.028035,1,0.005607,1,161.340841652478,1,4.84615074539252,912,1,5.36499977111816,34.9220008850098,0.0280349999666214,0,155.58349609375,-87.0394,26.1689,51.7540595710827,63,63,63,63,61,63,0,8046,1.33458767306251,26,-87,0.001869,51,2023-11-08 01:37:27.000161,912,1.037,0.0011,"aoml_navis",1031.74669189846
"7901009",16,0,1,0.028035,1,0.005607,1,161.730652058008,1,4.846093138527,914,1,5.34800004959106,34.9230003356934,0.0280349999666214,0,155.959396362305,-87.0394,26.1689,51.7540595710827,63,63,63,63,61,63,0,8046,1.33458767306251,26,-87,0.001869,51,2023-11-08 01:37:27.000161,914,1.037,0.0011,"aoml_navis",1031.75895656017
"7901009",16,0,1,0.031773,1,0.009345,1,161.963050898114,1,4.84604255179588,916,1,5.33599996566772,34.9230003356934,0.0317730009555817,0,156.183502197266,-87.0394,26.1689,51.7540595710827,63,63,63,63,61,63,0,8046,1.33458767306251,26,-87,0.001869,51,2023-11-08 01:37:27.000161,916,1.037,0.0011,"aoml_navis",1031.76972685621
"7901009",16,0,1,0.028035,1,0.005607,1,162.149609237111,1,4.84599595733037,918,1,5.32999992370605,34.9230003356934,0.0280349999666214,0,156.363403320312,-87.0394,26.1689,51.7540595710827,63,63,63,63,61,63,0,8046,1.33458767306251,26,-87,0.001869,51,2023-11-08 01:37:27.000161,918,1.037,0.0011,"aoml_navis",1031.77964736778
"7901009",16,0,1,0.028035,1,0.005607,1,162.32040743144,1,4.84595069432524,920,1,5.32600021362305,34.9230003356934,0.0280349999666214,0,156.528106689453,-87.0394,26.1689,51.7540595710827,63,63,63,63,61,63,0,8046,1.33458767306251,26,-87,0.001869,51,2023-11-08 01:37:27.000161,920,1.037,0.0011,"aoml_navis",1031.78928457839
"7901009",16,0,1,0.029904,1,0.007476,1,162.595719436547,1,4.84590476814594,922,1,5.32100009918213,34.9230003356934,0.0299040004611015,0,156.793594360352,-87.0394,26.1689,51.7540595710827,63,63,63,63,61,63,0,8046,1.33458767306251,26,-87,0.001869,51,2023-11-08 01:37:27.000161,922,1.037,0.0011,"aoml_navis",1031.7990631733
"7901009",16,0,1,0.028035,1,0.005607,1,162.912947730034,1,4.84585050642409,924,1,5.30900001525879,34.923999786377,0.0280349999666214,0,157.099502563477,-87.0394,26.1689,51.7540595710827,63,63,63,63,61,63,0,8046,1.33458767306251,26,-87,0.001869,51,2023-11-08 01:37:27.000161,924,1.037,0.0011,"aoml_navis",1031.81061680949
"7901009",16,0,1,0.028035,1,0.005607,1,163.163385289941,1,4.84580060004058,926,1,5.2979998588562,34.923999786377,0.0280349999666214,0,157.341003417969,-87.0394,26.1689,51.7540595710827,63,63,63,63,61,63,0,8046,1.33458767306251,26,-87,0.001869,51,2023-11-08 01:37:27.000161,926,1.037,0.0011,"aoml_navis",1031.82124331697
"7901009",16,0,1,0.029904,1,0.007476,1,163.488477832324,1,4.84575268890124,928,1,5.28999996185303,34.923999786377,0.0299040004611015,0,157.654495239258,-87.0394,26.1689,51.7540595710827,63,63,63,63,61,63,0,8046,1.33458767306251,26,-87,0.001869,51,2023-11-08 01:37:27.000161,928,1.037,0.0011,"aoml_navis",1031.8314451854
"7901009",16,0,1,0.028035,1,0.005607,1,163.881199750523,1,4.84570411692332,930,1,5.2810001373291,34.923999786377,0.0280349999666214,0,158.033203125,-87.0394,26.1689,51.7540595710827,63,63,63,63,61,63,0,8046,1.33458767306251,26,-87,0.001869,51,2023-11-08 01:37:27.000161,930,1.037,0.0011,"aoml_navis",1031.84178797418
"7901009",16,0,1,0.028035,1,0.005607,1,164.306375540926,1,4.84564655745688,932,1,5.26399993896484,34.9249992370605,0.0280349999666214,0,158.443206787109,-87.0394,26.1689,51.7540595710827,63,63,63,63,61,63,0,8046,1.33458767306251,26,-87,0.001869,51,2023-11-08 01:37:27.000161,932,1.037,0.0011,"aoml_navis",1031.85404480349
"7901009",16,0,1,0.028035,1,0.005607,1,164.574234706536,1,4.8455923196136,934,1,5.2519998550415,34.9259986877441,0.0280349999666214,0,158.701507568359,-87.0394,26.1689,51.7540595710827,63,63,63,63,61,63,0,8046,1.33458767306251,26,-87,0.001869,51,2023-11-08 01:37:27.000161,934,1.037,0.0011,"aoml_navis",1031.86559458611
"7901009",16,0,1,0.029904,1,0.007476,1,164.700948801421,1,4.84554574607257,936,1,5.24599981307983,34.9259986877441,0.0299040004611015,0,158.823699951172,-87.0394,26.1689,51.7540595710827,63,63,63,63,61,63,0,8046,1.33458767306251,26,-87,0.001869,51,2023-11-08 01:37:27.000161,936,1.037,0.0011,"aoml_navis",1031.87551248538
"7901009",16,0,1,0.028035,1,0.005607,1,164.809829881204,1,4.84550116145362,938,1,5.24300003051758,34.9259986877441,0.0280349999666214,0,158.928695678711,-87.0394,26.1689,51.7540595710827,63,63,63,63,61,63,0,8046,1.33458767306251,26,-87,0.001869,51,2023-11-08 01:37:27.000161,938,1.037,0.0011,"aoml_navis",1031.88500701959
"7901009",16,0,1,0.029904,1,0.007476,1,165.039222268009,1,4.8454552537381,940,1,5.23799991607666,34.9259986877441,0.0299040004611015,0,159.14990234375,-87.0394,26.1689,51.7540595710827,63,63,63,63,61,63,0,8046,1.33458767306251,26,-87,0.001869,51,2023-11-08 01:37:27.000161,940,1.037,0.0011,"aoml_navis",1031.8947834969
"7901009",16,0,1,0.029904,1,0.007476,1,165.270465997111,1,4.84540235135984,942,1,5.22800016403198,34.9269981384277,0.0299040004611015,0,159.372894287109,-87.0394,26.1689,51.7540595710827,63,63,63,63,61,63,0,8046,1.33458767306251,26,-87,0.001869,51,2023-11-08 01:37:27.000161,942,1.037,0.0011,"aoml_navis",1031.9060497828
"7901009",16,0,1,0.022428,1,0,1,165.440742017971,1,4.84535578571836,944,1,5.22200012207031,34.9269981384277,0.0224280003458261,0,159.537094116211,-87.0394,26.1689,51.7540595710827,63,63,63,63,61,63,0,8046,1.33458767306251,26,-87,0.001869,51,2023-11-08 01:37:27.000161,944,1.037,0.0011,"aoml_navis",1031.91596677739
"7901009",16,0,1,0.029904,1,0.007476,1,165.62367678957,1,4.84530988380227,946,1,5.21700000762939,34.9269981384277,0.0299040004611015,0,159.713500976562,-87.0394,26.1689,51.7540595710827,63,63,63,63,61,63,0,8046,1.33458767306251,26,-87,0.001869,51,2023-11-08 01:37:27.000161,946,1.037,0.0011,"aoml_navis",1031.92574260624
"7901009",16,0,1,0.031773,1,0.009345,1,165.852958412307,1,4.84526398368896,948,1,5.21199989318848,34.9269981384277,0.0317730009555817,0,159.934600830078,-87.0394,26.1689,51.7540595710827,63,63,63,63,61,63,0,8046,1.33458767306251,26,-87,0.001869,51,2023-11-08 01:37:27.000161,948,1.037,0.0011,"aoml_navis",1031.93551823635
"7901009",16,0,1,0.031773,1,0.009345,1,166.136166313186,1,4.84521808537802,950,1,5.20699977874756,34.9269981384277,0.0317730009555817,0,160.207702636719,-87.0394,26.1689,51.7540595710827,63,63,63,63,61,63,0,8046,1.33458767306251,26,-87,0.001869,51,2023-11-08 01:37:27.000161,950,1.037,0.0011,"aoml_navis",1031.94529366781
"7901009",16,0,1,0.029904,1,0.007476,1,166.400908261427,1,4.84516821992973,952,1,5.19600009918213,34.9269981384277,0.0299040004611015,0,160.462997436523,-87.0394,26.1689,51.7540595710827,63,63,63,63,61,63,0,8046,1.33458767306251,26,-87,0.001869,51,2023-11-08 01:37:27.000161,952,1.037,0.0011,"aoml_navis",1031.95591423088
"7901009",16,0,1,0.031773,1,0.009345,1,166.714607928146,1,4.84511664205635,954,1,5.18800020217896,34.9280014038086,0.0317730009555817,0,160.765502929688,-87.0394,26.1689,51.7540595710827,63,63,63,63,61,63,0,8046,1.33458767306251,26,-87,0.001869,51,2023-11-08 01:37:27.000161,954,1.037,0.0011,"aoml_navis",1031.9668997438
"7901009",16,0,1,0.028035,1,0.005607,1,167.089591771874,1,4.84506546222145,956,1,5.17500019073486,34.9280014038086,0.0280349999666214,0,161.127105712891,-87.0394,26.1689,51.7540595710827,63,63,63,63,61,63,0,8046,1.33458767306251,26,-87,0.001869,51,2023-11-08 01:37:27.000161,956,1.037,0.0011,"aoml_navis",1031.97780071015
"7901009",16,0,1,0.033642,1,0.011214,1,167.365125305119,1,4.84501759005081,958,1,5.16699981689453,34.9280014038086,0.0336420014500618,0,161.392807006836,-87.0394,26.1689,51.7540595710827,63,63,63,63,61,63,0,8046,1.33458767306251,26,-87,0.001869,51,2023-11-08 01:37:27.000161,958,1.037,0.0011,"aoml_navis",1031.98799737434
"7901009",16,0,1,0.031773,1,0.009345,1,167.829068519656,1,4.84496339429348,960,1,5.15500020980835,34.9290008544922,0.0317730009555817,0,161.840194702148,-87.0394,26.1689,51.7540595710827,63,63,63,63,61,63,0,8046,1.33458767306251,26,-87,0.001869,51,2023-11-08 01:37:27.000161,960,1.037,0.0011,"aoml_navis",1031.9995411914
"7901009",16,0,1,0.028035,1,0.005607,1,168.124523761874,1,4.84491288892247,962,1,5.14300012588501,34.9290008544922,0.0280349999666214,0,162.125106811523,-87.0394,26.1689,51.7540595710827,63,63,63,63,61,63,0,8046,1.33458767306251,26,-87,0.001869,51,2023-11-08 01:37:27.000161,962,1.037,0.0011,"aoml_navis",1032.01029918043
"7901009",16,0,1,0.024297,1,0.001869,1,168.364897614945,1,4.84486265985987,964,1,5.13700008392334,34.9300003051758,0.0242970008403063,0,162.356903076172,-87.0394,26.1689,51.7540595710827,63,63,63,63,61,63,0,8046,1.33458767306251,26,-87,0.001869,51,2023-11-08 01:37:27.000161,964,1.037,0.0011,"aoml_navis",1032.02099853634
"7901009",16,0,1,0.029904,1,0.007476,1,168.589922732746,1,4.84481479954627,966,1,5.12900018692017,34.9300003051758,0.0299040004611015,0,162.57389831543,-87.0394,26.1689,51.7540595710827,63,63,63,63,61,63,0,8046,1.33458767306251,26,-87,0.001869,51,2023-11-08 01:37:27.000161,966,1.037,0.0011,"aoml_navis",1032.03119352844
"7901009",16,0,1,0.028035,1,0.005607,1,168.779598289113,1,4.84476694147396,968,1,5.12099981307983,34.9300003051758,0.0280349999666214,0,162.756805419922,-87.0394,26.1689,51.7540595710827,63,63,63,63,61,63,0,8046,1.33458767306251,26,-87,0.001869,51,2023-11-08 01:37:27.000161,968,1.037,0.0011,"aoml_navis",1032.04138824453
"7901009",16,0,1,0.029904,1,0.007476,1,168.895631563062,1,4.84472238219727,970,1,5.11800003051758,34.9300003051758,0.0299040004611015,0,162.868698120117,-87.0394,26.1689,51.7540595710827,63,63,63,63,61,63,0,8046,1.33458767306251,26,-87,0.001869,51,2023-11-08 01:37:27.000161,970,1.037,0.0011,"aoml_navis",1032.05088043297
"7901009",16,0,1,0.033642,1,0.011214,1,168.956187861904,1,4.84467848404029,972,1,5.11600017547607,34.9300003051758,0.0336420014500618,0,162.927093505859,-87.0394,26.1689,51.7540595710827,63,63,63,63,61,63,0,8046,1.33458767306251,26,-87,0.001869,51,2023-11-08 01:37:27.000161,972,1.037,0.0011,"aoml_navis",1032.06023195788
"7901009",16,0,1,0.028035,1,0.005607,1,169.078866979991,1,4.84463458751533,974,1,5.11399984359741,34.9300003051758,0.0280349999666214,0,163.045394897461,-87.0394,26.1689,51.7540595710827,63,63,63,63,61,63,0,8046,1.33458767306251,26,-87,0.001869,51,2023-11-08 01:37:27.000161,974,1.037,0.0011,"aoml_navis",1032.0695833046
"7901009",16,0,1,0.028035,1,0.005607,1,169.21616695518,1,4.84458634862535,976,1,5.11100006103516,34.9309997558594,0.0280349999666214,0,163.177795410156,-87.0394,26.1689,51.7540595710827,63,63,63,63,61,63,0,8046,1.33458767306251,26,-87,0.001869,51,2023-11-08 01:37:27.000161,976,1.037,0.0011,"aoml_navis",1032.0798599077
"7901009",16,0,1,0.026166,1,0.003738,1,169.424719873584,1,4.84454614130705,978,1,5.10900020599365,34.9300003051758,0.0261659994721413,0,163.37890625,-87.0394,26.1689,51.7540595710827,63,63,63,63,61,63,0,8046,1.33458767306251,26,-87,0.001869,51,2023-11-08 01:37:27.000161,978,1.037,0.0011,"aoml_navis",1032.08842565611
"7901009",16,0,1,0.028035,1,0.005607,1,173.366575736116,1,4.84402861591566,999.5,1,5.03480005264282,34.9329986572266,0.0280349999666214,0,167.180099487305,-87.0394,26.1689,51.7540595710827,63,63,63,63,61,63,0,8046,1.33458767306251,26,-87,0.001869,51,2023-11-08 01:37:27.000161,999.5,1.037,0.0011,"aoml_navis",1032.19869171951
"7901009",16,0,1,0.029904,1,0.007476,1,179.200867363622,1,4.84281717218328,1049.90002441406,1,4.85620021820068,34.9389991760254,0.0299040004611015,0,172.806198120117,-87.0394,26.1689,51.7540595710827,63,63,63,63,61,63,0,8046,1.33458767306251,26,-87,0.001869,51,2023-11-08 01:37:27.000161,1049.90002441406,1.037,0.0011,"aoml_navis",1032.45689899663
"7901009",16,0,1,0.033642,1,0.011214,1,184.374593730757,1,4.84164620611546,1099.90002441406,1,4.72450017929077,34.9449996948242,0.0336420014500618,0,177.795303344727,-87.0394,26.1689,51.7540595710827,63,63,63,63,61,63,0,8046,1.33458767306251,26,-87,0.001869,51,2023-11-08 01:37:27.000161,1099.90002441406,1.037,0.0011,"aoml_navis",1032.70660166877
"7901009",16,0,1,0.033642,1,0.011214,1,189.166168236558,1,4.84048271870302,1149.69995117188,1,4.59600019454956,34.951000213623,0.0336420014500618,0,182.415893554688,-87.0394,26.1689,51.7540595710827,63,63,63,63,61,63,0,8046,1.33458767306251,26,-87,0.001869,51,2023-11-08 01:37:27.000161,1149.69995117188,1.037,0.0011,"aoml_navis",1032.95482921169
"7901009",16,0,1,0.031773,1,0.009345,1,192.710966558764,1,4.83933825816914,1200.19995117188,1,4.50649976730347,34.9550018310547,0.0317730009555817,0,185.834197998047,-87.0394,26.1689,51.7540595710827,63,63,63,63,61,63,0,8046,1.33458767306251,26,-87,0.001869,51,2023-11-08 01:37:27.000161,1200.19995117188,1.037,0.0011,"aoml_navis",1033.19911385811
"7901009",16,0,1,0.029904,1,0.007476,1,195.292180774814,1,4.83825216479295,1249.40002441406,1,4.45120000839233,34.9570007324219,0.0299040004611015,0,188.323303222656,-87.0394,26.1689,51.7540595710827,63,63,63,63,61,63,0,8046,1.33458767306251,26,-87,0.001869,51,2023-11-08 01:37:27.000161,1249.40002441406,1.037,0.0011,"aoml_navis",1033.43104693551
"7901009",16,0,1,0.029904,1,0.007476,1,197.241533447792,1,4.83714833764869,1299.80004882812,1,4.40579986572266,34.9589996337891,0.0299040004611015,0,190.203094482422,-87.0394,26.1689,51.7540595710827,63,63,63,63,61,63,0,8046,1.33458767306251,26,-87,0.001869,51,2023-11-08 01:37:27.000161,1299.80004882812,1.037,0.0011,"aoml_navis",1033.66687374125
"7901009",16,0,1,0.029904,1,0.007476,1,198.995213481242,1,4.8360712291833,1349.69995117188,1,4.37739992141724,34.9599990844727,0.0299040004611015,0,191.894195556641,-87.0394,26.1689,51.7540595710827,63,63,63,63,61,63,0,8046,1.33458767306251,26,-87,0.001869,51,2023-11-08 01:37:27.000161,1349.69995117188,1.037,0.0011,"aoml_navis",1033.89709602031
"7901009",16,0,1,0.029904,1,0.007476,1,200.285868059582,1,4.83499740293115,1399.5,1,4.35430002212524,34.9620018005371,0.0299040004611015,0,193.138793945312,-87.0394,26.1689,51.7540595710827,63,63,63,63,61,63,0,8046,1.33458767306251,26,-87,0.001869,51,2023-11-08 01:37:27.000161,1399.5,1.037,0.0011,"aoml_navis",1034.12671886211
"7901009",16,0,1,0.031773,1,0.009345,1,201.514415642116,1,4.83392357487299,1449.59997558594,1,4.33309984207153,34.9630012512207,0.0317730009555817,0,194.323501586914,-87.0394,26.1689,51.7540595710827,63,63,63,63,61,63,0,8046,1.33458767306251,26,-87,0.001869,51,2023-11-08 01:37:27.000161,1449.59997558594,1.037,0.0011,"aoml_navis",1034.35644410894
"7901009",16,0,1,0.028035,1,0.005607,1,202.265617557769,1,4.83285373274784,1499.90002441406,1,4.32200002670288,34.9640007019043,0.0280349999666214,0,195.047897338867,-87.0394,26.1689,51.7540595710827,63,63,63,63,61,63,0,8046,1.33458767306251,26,-87,0.001869,51,2023-11-08 01:37:27.000161,1499.90002441406,1.037,0.0011,"aoml_navis",1034.58541815979
"7901009",16,0,1,0.029904,1,0.007476,1,203.000647919354,1,4.8318171535374,1548.90002441406,1,4.31209993362427,34.9640007019043,0.0299040004611015,0,195.756698608398,-87.0394,26.1689,51.7540595710827,63,63,63,63,61,63,0,8046,1.33458767306251,26,-87,0.001869,51,2023-11-08 01:37:27.000161,1548.90002441406,1.037,0.0011,"aoml_navis",1034.80736979864
"7901009",16,0,1,0.033642,1,0.011214,1,203.724475286537,1,4.83074648532477,1599.5,1,4.30469989776611,34.9650001525879,0.0336420014500618,0,196.454696655273,-87.0394,26.1689,51.7540595710827,63,63,63,63,61,63,0,8046,1.33458767306251,26,-87,0.001869,51,2023-11-08 01:37:27.000161,1599.5,1.037,0.0011,"aoml_navis",1035.03672055435
"7901009",16,0,1,0.031773,1,0.009345,1,204.102987757033,1,4.82969123591213,1649.69995117188,1,4.30000019073486,34.9650001525879,0.0317730009555817,0,196.819702148438,-87.0394,26.1689,51.7540595710827,63,63,63,63,61,63,0,8046,1.33458767306251,26,-87,0.001869,51,2023-11-08 01:37:27.000161,1649.69995117188,1.037,0.0011,"aoml_navis",1035.26286790789
"7901009",16,0,1,0.026166,1,0.003738,1,204.694072299292,1,4.82863846454537,1699.69995117188,1,4.29589986801147,34.9659996032715,0.0261659994721413,0,197.389694213867,-87.0394,26.1689,51.7540595710827,63,63,63,63,61,63,0,8046,1.33458767306251,26,-87,0.001869,51,2023-11-08 01:37:27.000161,1699.69995117188,1.037,0.0011,"aoml_navis",1035.48858269528
"7901009",16,0,1,0.028035,1,0.005607,1,204.950949998637,1,4.8276008137998,1749.30004882812,1,4.29409980773926,34.9659996032715,0.0280349999666214,0,197.637405395508,-87.0394,26.1689,51.7540595710827,63,63,63,63,61,63,0,8046,1.33458767306251,26,-87,0.001869,51,2023-11-08 01:37:27.000161,1749.30004882812,1.037,0.0011,"aoml_navis",1035.71115194682
"7901009",16,0,1,0.029904,1,0.007476,1,205.435954209714,1,4.82656199996887,1798.80004882812,1,4.29069995880127,34.9669990539551,0.0299040004611015,0,198.105102539062,-87.0394,26.1689,51.7540595710827,63,63,63,63,61,63,0,8046,1.33458767306251,26,-87,0.001869,51,2023-11-08 01:37:27.000161,1798.80004882812,1.037,0.0011,"aoml_navis",1035.93406653271
"7901009",16,0,1,0.031773,1,0.009345,1,205.54068954863,1,4.82550302158236,1849.59997558594,1,4.28980016708374,34.9669990539551,0.0317730009555817,0,198.206100463867,-87.0394,26.1689,51.7540595710827,63,63,63,63,61,63,0,8046,1.33458767306251,26,-87,0.001869,51,2023-11-08 01:37:27.000161,1849.59997558594,1.037,0.0011,"aoml_navis",1036.16140693254
"7901009",16,0,1,0.024297,1,0.001869,1,205.826587434042,1,4.82448139659814,1898.69995117188,1,4.28950023651123,34.9669990539551,0.0242970008403063,0,198.481796264648,-87.0394,26.1689,51.7540595710827,63,63,63,63,61,63,0,8046,1.33458767306251,26,-87,0.001869,51,2023-11-08 01:37:27.000161,1898.69995117188,1.037,0.0011,"aoml_navis",1036.38082292651
"7901009",16,0,1,0.024297,1,0.001869,1,206.096108060686,1,4.82342418225553,1949.59997558594,1,4.28959989547729,34.9669990539551,0.0242970008403063,0,198.74169921875,-87.0394,26.1689,51.7540595710827,63,63,63,63,61,63,0,8046,1.33458767306251,26,-87,0.001869,51,2023-11-08 01:37:27.000161,1949.59997558594,1.037,0.0011,"aoml_navis",1036.60798036259
"7901009",16,0,1,0.026166,1,0.003738,1,203.261244126728,4,4.82236995152295,2000.30004882812,1,4.29090023040771,34.9679985046387,0.0261659994721413,0,196.007995605469,-87.0394,26.1689,51.7540595710827,63,63,63,63,61,63,0,8046,1.33458767306251,26,-87,0.001869,51,2023-11-08 01:37:27.000161,2000.30004882812,1.037,0.0011,"aoml_navis",1036.83459590672
"7901009",17,0.0723261670042635,1,0.121485,1,0.099057,1,191.899568480473,1,4.88810536494803,2.20000004768372,1,28.7220001220703,35.9650001525879,0.121485002338886,0.108401998877525,185.051696777344,-85.4203,25.4699,41.8235856919621,63,63,63,63,61,63,0.099057,8280,1.36958730294889,25,-85,0.001869,51,2023-11-18 08:40:32.000916,2.20000004768372,1.037,0.0011,"aoml_navis",1022.89120767616
"7901009",17,0.0791493903065525,1,0.13083,1,0.108402,1,191.935139581073,1,4.88808533020525,4,1,28.7280006408691,35.9630012512207,0.130830004811287,0.117747001349926,185.085998535156,-85.4203,25.4699,41.8235856919621,63,63,63,63,61,63,0.108402,8280,1.36958730294889,25,-85,0.001869,51,2023-11-18 08:40:32.000916,4,1.037,0.0011,"aoml_navis",1022.89540018935
"7901009",17,0.0709615223438056,1,0.119616,1,0.097188,1,191.930883074818,1,4.8880428777822,6,1,28.7269992828369,35.9630012512207,0.119616001844406,0.106532998383045,185.081893920898,-85.4203,25.4699,41.8235856919621,63,63,63,63,61,63,0.097188,8280,1.36958730294889,25,-85,0.001869,51,2023-11-18 08:40:32.000916,6,1.037,0.0011,"aoml_navis",1022.90428398791
"7901009",17,0.0723261670042635,1,0.121485,1,0.099057,1,192.034700686491,1,4.88800361853264,8,1,28.7280006408691,35.9630012512207,0.121485002338886,0.108401998877525,185.182006835938,-85.4203,25.4699,41.8235856919621,63,63,63,63,61,63,0.099057,8280,1.36958730294889,25,-85,0.001869,51,2023-11-18 08:40:32.000916,8,1.037,0.0011,"aoml_navis",1022.91249970494
"7901009",17,0.0709615223438056,1,0.119616,1,0.097188,1,191.911594297402,1,4.88796435871739,10,1,28.7290000915527,35.9630012512207,0.119616001844406,0.106532998383045,185.063293457031,-85.4203,25.4699,41.8235856919621,63,63,63,63,61,63,0.097188,8280,1.36958730294889,25,-85,0.001869,51,2023-11-18 08:40:32.000916,10,1.037,0.0011,"aoml_navis",1022.92071567232
"7901009",17,0.0736908116647213,1,0.123354,1,0.100926,1,192.004098147095,1,4.88792151227441,12,1,28.7299995422363,35.9640007019043,0.123354002833366,0.110270999372005,185.152496337891,-85.4203,25.4699,41.8235856919621,63,63,63,63,61,63,0.100926,8280,1.36958730294889,25,-85,0.001869,51,2023-11-18 08:40:32.000916,12,1.037,0.0011,"aoml_navis",1022.92968236993
"7901009",17,0.0736908116647213,1,0.123354,1,0.100926,1,191.853316555627,1,4.88787588396845,14,1,28.7269992828369,35.9640007019043,0.123354002833366,0.110270999372005,185.007095336914,-85.4203,25.4699,41.8235856919621,63,63,63,63,61,63,0.100926,8280,1.36958730294889,25,-85,0.001869,51,2023-11-18 08:40:32.000916,14,1.037,0.0011,"aoml_navis",1022.93923141529
"7901009",17,0.0723261670042635,1,0.121485,1,0.099057,1,191.878523300847,1,4.88783026107705,16,1,28.7240009307861,35.9640007019043,0.121485002338886,0.108401998877525,185.031402587891,-85.4203,25.4699,41.8235856919621,63,63,63,63,61,63,0.099057,8280,1.36958730294889,25,-85,0.001869,51,2023-11-18 08:40:32.000916,16,1.037,0.0011,"aoml_navis",1022.94877950574
"7901009",17,0.0709615223438056,1,0.119616,1,0.097188,1,191.869804583574,1,4.88778782246446,18,1,28.7229995727539,35.9640007019043,0.119616001844406,0.106532998383045,185.022994995117,-85.4203,25.4699,41.8235856919621,63,63,63,63,61,63,0.097188,8280,1.36958730294889,25,-85,0.001869,51,2023-11-18 08:40:32.000916,18,1.037,0.0011,"aoml_navis",1022.95766134115
"7901009",17,0.0709615223438056,1,0.119616,1,0.097188,1,191.868665295654,1,4.88774857732088,20,1,28.7240009307861,35.9640007019043,0.119616001844406,0.106532998383045,185.021896362305,-85.4203,25.4699,41.8235856919621,63,63,63,63,61,63,0.097188,8280,1.36958730294889,25,-85,0.001869,51,2023-11-18 08:40:32.000916,20,1.037,0.0011,"aoml_navis",1022.96587496337
"7901009",17,0.0682322330228901,1,0.115878,1,0.09345,1,191.848553699185,1,4.88771092430375,22,1,28.7259998321533,35.9640007019043,0.115878000855446,0.102794997394085,185.002502441406,-85.4203,25.4699,41.8235856919621,63,63,63,63,61,63,0.09345,8280,1.36958730294889,25,-85,0.001869,51,2023-11-18 08:40:32.000916,22,1.037,0.0011,"aoml_navis",1022.97375549317
"7901009",17,0.0723261670042635,1,0.121485,1,0.099057,1,191.865453136659,1,4.88766849562885,24,1,28.7250003814697,35.9640007019043,0.121485002338886,0.108401998877525,185.018798828125,-85.4203,25.4699,41.8235856919621,63,63,63,63,61,63,0.099057,8280,1.36958730294889,25,-85,0.001869,51,2023-11-18 08:40:32.000916,24,1.037,0.0011,"aoml_navis",1022.98263568235
"7901009",17,0.0736908116647213,1,0.123354,1,0.100926,1,191.828125633849,1,4.88762447347517,26,1,28.7229995727539,35.9640007019043,0.123354002833366,0.110270999372005,184.982803344727,-85.4203,25.4699,41.8235856919621,63,63,63,63,61,63,0.100926,8280,1.36958730294889,25,-85,0.001869,51,2023-11-18 08:40:32.000916,26,1.037,0.0011,"aoml_navis",1022.99184954464
"7901009",17,0.0723261670042635,1,0.121485,1,0.099057,1,191.852493736573,1,4.88759958047623,28,1,28.7329998016357,35.9640007019043,0.121485002338886,0.108401998877525,185.006301879883,-85.4203,25.4699,41.8235856919621,63,63,63,63,61,63,0.099057,8280,1.36958730294889,25,-85,0.001869,51,2023-11-18 08:40:32.000916,28,1.037,0.0011,"aoml_navis",1022.99705973721
"7901009",17,0.0723261670042635,1,0.121485,1,0.099057,1,191.806858926017,1,4.88755954801888,30,1,28.738000869751,35.9659996032715,0.121485002338886,0.108401998877525,184.962295532227,-85.4203,25.4699,41.8235856919621,63,63,63,63,61,63,0.099057,8280,1.36958730294889,25,-85,0.001869,51,2023-11-18 08:40:32.000916,30,1.037,0.0011,"aoml_navis",1023.00543878318
"7901009",17,0.0709615223438056,1,0.119616,1,0.097188,1,191.792760238012,1,4.88751513425377,32,1,28.738000869751,35.9669990539551,0.119616001844406,0.106532998383045,184.948699951172,-85.4203,25.4699,41.8235856919621,63,63,63,63,61,63,0.097188,8280,1.36958730294889,25,-85,0.001869,51,2023-11-18 08:40:32.000916,32,1.037,0.0011,"aoml_navis",1023.01473502514
"7901009",17,0.0764201009856369,1,0.127092,1,0.104664,1,191.754910561572,1,4.8874659398331,34,1,28.7350006103516,35.9679985046387,0.127092003822327,0.114009000360966,184.912200927734,-85.4203,25.4699,41.8235856919621,63,63,63,63,61,63,0.104664,8280,1.36958730294889,25,-85,0.001869,51,2023-11-18 08:40:32.000916,34,1.037,0.0011,"aoml_navis",1023.02503210298
"7901009",17,0.0805140349670103,1,0.132699,1,0.110271,1,191.695904941404,1,4.88742311074241,36,1,28.7360000610352,35.9690017700195,0.132698997855186,0.119616001844406,184.85530090332,-85.4203,25.4699,41.8235856919621,63,63,63,63,61,63,0.110271,8280,1.36958730294889,25,-85,0.001869,51,2023-11-18 08:40:32.000916,36,1.037,0.0011,"aoml_navis",1023.03399699734
"7901009",17,0.0750554563251791,4,0.125223,1,0.102795,1,191.65951102175,1,4.88737033358315,38,1,28.7329998016357,35.9710006713867,0.125222995877266,0.112139999866486,184.820205688477,-85.4203,25.4699,41.8235856919621,63,63,63,63,61,63,0.102795,8280,1.36958730294889,25,-85,0.001869,51,2023-11-18 08:40:32.000916,38,1.037,0.0011,"aoml_navis",1023.04504441641
"7901009",17,0.0859726136088415,1,0.140175,1,0.117747,1,191.629335715325,1,4.88729637175716,40.0999984741211,1,28.7269992828369,35.9770011901855,0.140174999833107,0.127092003822327,184.791107177734,-85.4203,25.4699,41.8235856919621,63,63,63,63,61,63,0.117747,8280,1.36958730294889,25,-85,0.001869,51,2023-11-18 08:40:32.000916,40.0999984741211,1.037,0.0011,"aoml_navis",1023.06052665317
"7901009",17,0.0846079689483837,1,0.138306,1,0.115878,1,191.571358618972,1,4.88723323970089,42.0999984741211,1,28.7220001220703,35.9809989929199,0.138306006789207,0.125222995877266,184.735198974609,-85.4203,25.4699,41.8235856919621,63,63,63,63,61,63,0.115878,8280,1.36958730294889,25,-85,0.001869,51,2023-11-18 08:40:32.000916,42.0999984741211,1.037,0.0011,"aoml_navis",1023.0737422931
"7901009",17,0.0859726136088415,1,0.140175,1,0.117747,1,191.377742966416,1,4.88712275299856,43.9000015258789,1,28.7049999237061,35.9939994812012,0.140174999833107,0.127092003822327,184.548492431641,-85.4203,25.4699,41.8235856919621,63,63,63,63,61,63,0.117747,8280,1.36958730294889,25,-85,0.001869,51,2023-11-18 08:40:32.000916,43.9000015258789,1.037,0.0011,"aoml_navis",1023.0968716577
"7901009",17,0.0996190602134195,1,0.158865,1,0.136437,1,191.133223296675,1,4.88677862741243,45.9000015258789,1,28.6429996490479,36.0509986877441,0.158865004777908,0.145781993865967,184.312698364258,-85.4203,25.4699,41.8235856919621,63,63,63,63,61,63,0.136437,8280,1.36958730294889,25,-85,0.001869,51,2023-11-18 08:40:32.000916,45.9000015258789,1.037,0.0011,"aoml_navis",1023.16891785367
"7901009",17,0.12418266410166,1,0.192507,1,0.170079,1,190.880712788054,1,4.88629678256275,48,1,28.5520000457764,36.132999420166,0.19250699877739,0.179424002766609,184.069198608398,-85.4203,25.4699,41.8235856919621,63,63,63,63,61,63,0.170079,8280,1.36958730294889,25,-85,0.001869,51,2023-11-18 08:40:32.000916,48,1.037,0.0011,"aoml_navis",1023.26981403238
"7901009",17,0.1487462679899,1,0.226149,1,0.203721,1,190.278630769439,1,4.88592593383711,50,1,28.4820003509521,36.1940002441406,0.226148992776871,0.21306599676609,183.48860168457,-85.4203,25.4699,41.8235856919621,63,63,63,63,61,63,0.203721,8280,1.36958730294889,25,-85,0.001869,51,2023-11-18 08:40:32.000916,50,1.037,0.0011,"aoml_navis",1023.34748166624
"7901009",17,0.195144186445466,1,0.289695,1,0.267267,1,189.866730716179,1,4.88519104375222,52,1,28.2269992828369,36.2750015258789,0.289694994688034,0.276612013578415,183.091400146484,-85.4203,25.4699,41.8235856919621,63,63,63,63,61,63,0.267267,8280,1.36958730294889,25,-85,0.001869,51,2023-11-18 08:40:32.000916,52,1.037,0.0011,"aoml_navis",1023.50142608949
"7901009",17,0.214249211691875,1,0.315861,1,0.293433,1,190.891077143433,1,4.88481603351899,54,1,28.0900001525879,36.3079986572266,0.315860986709595,0.302778005599976,184.079193115234,-85.4203,25.4699,41.8235856919621,63,63,63,63,61,63,0.293433,8280,1.36958730294889,25,-85,0.001869,51,2023-11-18 08:40:32.000916,54,1.037,0.0011,"aoml_navis",1023.58000090293
"7901009",17,0.201967409747755,1,0.29904,1,0.276612,1,191.540977607783,1,4.88460556754261,56,1,28.0139999389648,36.3219985961914,0.299039989709854,0.285957008600235,184.705902099609,-85.4203,25.4699,41.8235856919621,63,63,63,63,61,63,0.276612,8280,1.36958730294889,25,-85,0.001869,51,2023-11-18 08:40:32.000916,56,1.037,0.0011,"aoml_navis",1023.62410451811
"7901009",17,0.199238120426839,4,0.295302,1,0.272874,1,191.06572048744,1,4.88446025431923,58.0999984741211,1,27.9669990539551,36.3300018310547,0.295302003622055,0.282218992710114,184.247604370117,-85.4203,25.4699,41.8235856919621,63,63,63,63,61,63,0.272874,8280,1.36958730294889,25,-85,0.001869,51,2023-11-18 08:40:32.000916,58.0999984741211,1.037,0.0011,"aoml_navis",1023.65455744647
"7901009",17,0.208790633050044,1,0.308385,1,0.285957,1,189.633825453841,1,4.88425888604355,60,1,27.8929996490479,36.3429985046387,0.308385014533997,0.295302003622055,182.866806030273,-85.4203,25.4699,41.8235856919621,63,63,63,63,61,63,0.285957,8280,1.36958730294889,25,-85,0.001869,51,2023-11-18 08:40:32.000916,60,1.037,0.0011,"aoml_navis",1023.69676068711
"7901009",17,0.24836532820332,1,0.362586,1,0.340158,1,187.950859844963,1,4.88373114714252,62,1,27.6870002746582,36.3889999389648,0.362585991621017,0.349503010511398,181.243896484375,-85.4203,25.4699,41.8235856919621,63,63,63,63,61,63,0.340158,8280,1.36958730294889,25,-85,0.001869,51,2023-11-18 08:40:32.000916,62,1.037,0.0011,"aoml_navis",1023.80738196973
"7901009",17,0.290669312677512,1,0.420525,1,0.398097,1,187.017561510616,1,4.88319983481543,63.9000015258789,1,27.488000869751,36.439998626709,0.420525014400482,0.407442003488541,180.343902587891,-85.4203,25.4699,41.8235856919621,63,63,63,63,61,63,0.398097,8280,1.36958730294889,25,-85,0.001869,51,2023-11-18 08:40:32.000916,63.9000015258789,1.037,0.0011,"aoml_navis",1023.91877644487
"7901009",17,0.390288372890931,1,0.556962,1,0.534534,1,185.995699363964,1,4.88272593199592,66,1,27.306999206543,36.4819984436035,0.556962013244629,0.543878972530365,179.358505249023,-85.4203,25.4699,41.8235856919621,63,63,63,63,61,63,0.534534,8280,1.36958730294889,25,-85,0.001869,51,2023-11-18 08:40:32.000916,66,1.037,0.0011,"aoml_navis",1024.01815494816
"7901009",17,0.459885250574279,1,0.652281,1,0.629853,1,186.129676458619,1,4.88233884464842,68,1,27.1709995269775,36.5200004577637,0.652280986309052,0.639198005199432,179.487701416016,-85.4203,25.4699,41.8235856919621,63,63,63,63,61,63,0.629853,8280,1.36958730294889,25,-85,0.001869,51,2023-11-18 08:40:32.000916,68,1.037,0.0011,"aoml_navis",1024.09934236346
"7901009",17,0.510377103011218,1,0.721434,1,0.699006,1,185.786845735483,1,4.88221029481564,70,1,27.1350002288818,36.5289993286133,0.721433997154236,0.708351016044617,179.157104492188,-85.4203,25.4699,41.8235856919621,63,63,63,63,61,63,0.699006,8280,1.36958730294889,25,-85,0.001869,51,2023-11-18 08:40:32.000916,70,1.037,0.0011,"aoml_navis",1024.12630715834
"7901009",17,0.487178143783435,1,0.689661,1,0.667233,1,185.086547604135,1,4.88207563695484,72,1,27.0949993133545,36.5379981994629,0.689661026000977,0.676577985286713,178.481796264648,-85.4203,25.4699,41.8235856919621,63,63,63,63,61,63,0.667233,8280,1.36958730294889,25,-85,0.001869,51,2023-11-18 08:40:32.000916,72,1.037,0.0011,"aoml_navis",1024.15455470467
"7901009",17,0.49673065640664,1,0.702744,1,0.680316,1,183.938999847132,1,4.8819026198816,74.0999984741211,1,27.0359992980957,36.548999786377,0.702744007110596,0.689661026000977,177.375198364258,-85.4203,25.4699,41.8235856919621,63,63,63,63,61,63,0.680316,8280,1.36958730294889,25,-85,0.001869,51,2023-11-18 08:40:32.000916,74.0999984741211,1.037,0.0011,"aoml_navis",1024.19085125489
"7901009",17,0.489907433104351,1,0.693399,1,0.670971,1,182.77994844683,1,4.88174453968844,76,1,26.9839992523193,36.560001373291,0.693399012088776,0.680315971374512,176.257507324219,-85.4203,25.4699,41.8235856919621,63,63,63,63,61,63,0.670971,8280,1.36958730294889,25,-85,0.001869,51,2023-11-18 08:40:32.000916,76,1.037,0.0011,"aoml_navis",1024.22401650683
"7901009",17,0.483084209802062,1,0.684054,1,0.661626,1,179.794919156856,1,4.88132757833403,78,1,26.8110008239746,36.5909996032715,0.684054017066956,0.670970976352692,173.378997802734,-85.4203,25.4699,41.8235856919621,63,63,63,63,61,63,0.661626,8280,1.36958730294889,25,-85,0.001869,51,2023-11-18 08:40:32.000916,78,1.037,0.0011,"aoml_navis",1024.31150537667
"7901009",17,0.487178143783435,1,0.689661,1,0.667233,1,177.464046837488,1,4.88085133786176,79.9000015258789,1,26.5970001220703,36.6220016479492,0.689661026000977,0.676577985286713,171.131301879883,-85.4203,25.4699,41.8235856919621,63,63,63,63,61,63,0.667233,8280,1.36958730294889,25,-85,0.001869,51,2023-11-18 08:40:32.000916,79.9000015258789,1.037,0.0011,"aoml_navis",1024.41145076761
"7901009",17,0.473531697178857,1,0.670971,1,0.648543,1,175.383184922694,1,4.88053876773396,82,1,26.4689998626709,36.6430015563965,0.670970976352692,0.657887995243073,169.124694824219,-85.4203,25.4699,41.8235856919621,63,63,63,63,61,63,0.648543,8280,1.36958730294889,25,-85,0.001869,51,2023-11-18 08:40:32.000916,82,1.037,0.0011,"aoml_navis",1024.47705836409
"7901009",17,0.442144869988328,1,0.627984,1,0.605556,1,173.428958024852,1,4.88020028176939,84,1,26.3339996337891,36.6689987182617,0.62798398733139,0.614901006221771,167.240203857422,-85.4203,25.4699,41.8235856919621,63,63,63,63,61,63,0.605556,8280,1.36958730294889,25,-85,0.001869,51,2023-11-18 08:40:32.000916,84,1.037,0.0011,"aoml_navis",1024.54811510055
"7901009",17,0.425769134062834,1,0.605556,1,0.583128,1,171.459777973065,1,4.87971437993755,86,1,26.1459999084473,36.7140007019043,0.605556011199951,0.592472970485687,165.341293334961,-85.4203,25.4699,41.8235856919621,63,63,63,63,61,63,0.583128,8280,1.36958730294889,25,-85,0.001869,51,2023-11-18 08:40:32.000916,86,1.037,0.0011,"aoml_navis",1024.65013537616
"7901009",17,0.401205530174594,1,0.571914,1,0.549486,1,170.065226265719,1,4.87942568521542,88,1,26.0359992980957,36.7369995117188,0.57191401720047,0.558830976486206,163.996505737305,-85.4203,25.4699,41.8235856919621,63,63,63,63,61,63,0.549486,8280,1.36958730294889,25,-85,0.001869,51,2023-11-18 08:40:32.000916,88,1.037,0.0011,"aoml_navis",1024.71075953671
"7901009",17,0.382100504928184,1,0.545748,1,0.52332,1,168.623884636453,1,4.87908414493569,90,1,25.8999996185303,36.7639999389648,0.545747995376587,0.532665014266968,162.606597900391,-85.4203,25.4699,41.8235856919621,63,63,63,63,61,63,0.52332,8280,1.36958730294889,25,-85,0.001869,51,2023-11-18 08:40:32.000916,90,1.037,0.0011,"aoml_navis",1024.78249021178
"7901009",17,0.347984388416739,1,0.499023,1,0.476595,1,166.529857616812,1,4.8787202889993,92,1,25.7509994506836,36.7919998168945,0.499022990465164,0.485940009355545,160.587295532227,-85.4203,25.4699,41.8235856919621,63,63,63,63,61,63,0.476595,8280,1.36958730294889,25,-85,0.001869,51,2023-11-18 08:40:32.000916,92,1.037,0.0011,"aoml_navis",1024.85891869517
"7901009",17,0.309774337923921,1,0.446691,1,0.424263,1,164.946152467928,1,4.87826123831983,94,1,25.5470008850098,36.8240013122559,0.446691006422043,0.433607995510101,159.060104370117,-85.4203,25.4699,41.8235856919621,63,63,63,63,61,63,0.424263,8280,1.36958730294889,25,-85,0.001869,51,2023-11-18 08:40:32.000916,94,1.037,0.0011,"aoml_navis",1024.95535924232
"7901009",17,0.279752155393849,1,0.405573,1,0.383145,1,163.850442311266,1,4.87796327202212,96,1,25.4169998168945,36.8419990539551,0.405573010444641,0.3924899995327,158.003494262695,-85.4203,25.4699,41.8235856919621,63,63,63,63,61,63,0.383145,8280,1.36958730294889,25,-85,0.001869,51,2023-11-18 08:40:32.000916,96,1.037,0.0011,"aoml_navis",1025.01796778131
"7901009",17,0.278387510733391,1,0.403704,1,0.381276,1,163.054538935333,1,4.87770190455887,98,1,25.3090000152588,36.859001159668,0.403703987598419,0.3906210064888,157.235992431641,-85.4203,25.4699,41.8235856919621,63,63,63,63,61,63,0.381276,8280,1.36958730294889,25,-85,0.001869,51,2023-11-18 08:40:32.000916,98,1.037,0.0011,"aoml_navis",1025.07289248792
"7901009",17,0.245636038882404,1,0.358848,1,0.33642,1,162.104024694645,1,4.87753608689059,100,1,25.2509994506836,36.8699989318848,0.358848005533218,0.345764994621277,156.319396972656,-85.4203,25.4699,41.8235856919621,63,63,63,63,61,63,0.33642,8280,1.36958730294889,25,-85,0.001869,51,2023-11-18 08:40:32.000916,100,1.037,0.0011,"aoml_navis",1025.10774106594
"7901009",17,0.222437079654622,1,0.327075,1,0.304647,1,160.617586251896,1,4.87730852196404,102,1,25.1459999084473,36.8790016174316,0.327075004577637,0.313991993665695,154.886001586914,-85.4203,25.4699,41.8235856919621,63,63,63,63,61,63,0.304647,8280,1.36958730294889,25,-85,0.001869,51,2023-11-18 08:40:32.000916,102,1.037,0.0011,"aoml_navis",1025.15557043058
"7901009",17,0.208790633050044,1,0.308385,1,0.285957,1,159.192526945814,1,4.87703785486988,104,1,24.9669990539551,36.8699989318848,0.308385014533997,0.295302003622055,153.511795043945,-85.4203,25.4699,41.8235856919621,63,63,63,63,61,63,0.285957,8280,1.36958730294889,25,-85,0.001869,51,2023-11-18 08:40:32.000916,104,1.037,0.0011,"aoml_navis",1025.21246477661
"7901009",17,0.191050252464092,1,0.284088,1,0.26166,1,157.922822206323,1,4.87660717801293,106,1,24.7390003204346,36.8860015869141,0.284087985754013,0.271005004644394,152.287399291992,-85.4203,25.4699,41.8235856919621,63,63,63,63,61,63,0.26166,8280,1.36958730294889,25,-85,0.001869,51,2023-11-18 08:40:32.000916,106,1.037,0.0011,"aoml_navis",1025.30300626702
"7901009",17,0.147381623329443,1,0.22428,1,0.201852,1,156.576484530796,1,4.87617528147861,108,1,24.5809993743896,36.9309997558594,0.224279999732971,0.211197003722191,150.989105224609,-85.4203,25.4699,41.8235856919621,63,63,63,63,61,63,0.201852,8280,1.36958730294889,25,-85,0.001869,51,2023-11-18 08:40:32.000916,108,1.037,0.0011,"aoml_navis",1025.39382023278
"7901009",17,0.114630151478455,1,0.179424,1,0.156996,1,155.665671309417,1,4.87576509486217,110,1,24.4099998474121,36.9650001525879,0.179424002766609,0.166341006755829,150.110794067383,-85.4203,25.4699,41.8235856919621,63,63,63,63,61,63,0.156996,8280,1.36958730294889,25,-85,0.001869,51,2023-11-18 08:40:32.000916,110,1.037,0.0011,"aoml_navis",1025.48008419617
"7901009",17,0.0968897708925039,1,0.155127,1,0.132699,1,154.967778341454,1,4.87548395409309,112,1,24.2679996490479,36.9749984741211,0.155127003788948,0.142043992877007,149.437805175781,-85.4203,25.4699,41.8235856919621,63,63,63,63,61,63,0.132699,8280,1.36958730294889,25,-85,0.001869,51,2023-11-18 08:40:32.000916,112,1.037,0.0011,"aoml_navis",1025.53921766112
"7901009",17,0.0859726136088415,1,0.140175,1,0.117747,1,154.251514355788,1,4.87519366139325,114,1,24.1040000915527,36.9790000915527,0.140174999833107,0.127092003822327,148.747100830078,-85.4203,25.4699,41.8235856919621,63,63,63,63,61,63,0.117747,8280,1.36958730294889,25,-85,0.001869,51,2023-11-18 08:40:32.000916,114,1.037,0.0011,"aoml_navis",1025.60028324518
"7901009",17,0.0832433242879259,1,0.136437,1,0.114009,1,153.676079015738,1,4.87496216748107,116,1,23.9729995727539,36.9799995422363,0.136436998844147,0.123354002833366,148.192199707031,-85.4203,25.4699,41.8235856919621,63,63,63,63,61,63,0.114009,8280,1.36958730294889,25,-85,0.001869,51,2023-11-18 08:40:32.000916,116,1.037,0.0011,"aoml_navis",1025.64898520711
"7901009",17,0.0668675883624322,1,0.114009,1,0.091581,1,152.66935990435,1,4.87473403759018,118,1,23.8490009307861,36.9830017089844,0.114009000360966,0.100925996899605,147.221405029297,-85.4203,25.4699,41.8235856919621,63,63,63,63,61,63,0.091581,8280,1.36958730294889,25,-85,0.001869,51,2023-11-18 08:40:32.000916,118,1.037,0.0011,"aoml_navis",1025.69698396751
"7901009",17,0.054585786418312,1,0.097188,1,0.07476,1,152.567725927857,1,4.87421450415854,120,1,23.5310001373291,36.9910011291504,0.0971880033612251,0.0841049998998642,147.123397827148,-85.4203,25.4699,41.8235856919621,63,63,63,63,61,63,0.07476,8280,1.36958730294889,25,-85,0.001869,51,2023-11-18 08:40:32.000916,120,1.037,0.0011,"aoml_navis",1025.80631109569
"7901009",17,0.047762563116023,1,0.087843,1,0.065415,1,152.046011177904,1,4.87407736559943,122,1,23.4780006408691,36.9970016479492,0.0878430008888245,0.0747599974274635,146.620300292969,-85.4203,25.4699,41.8235856919621,63,63,63,63,61,63,0.065415,8280,1.36958730294889,25,-85,0.001869,51,2023-11-18 08:40:32.000916,122,1.037,0.0011,"aoml_navis",1025.83517350162
"7901009",17,0.034116116511445,1,0.069153,1,0.046725,1,151.63452253417,1,4.8738671454097,124,1,23.3780002593994,37.0050010681152,0.0691530033946037,0.0560699999332428,146.223495483398,-85.4203,25.4699,41.8235856919621,63,63,63,63,61,63,0.046725,8280,1.36958730294889,25,-85,0.001869,51,2023-11-18 08:40:32.000916,124,1.037,0.0011,"aoml_navis",1025.87941994051
"7901009",17,0.0327514718509872,1,0.067284,1,0.044856,1,151.160610406509,1,4.87370269454422,126,1,23.2950000762939,37.0069999694824,0.0672840029001236,0.0542009994387627,145.766494750977,-85.4203,25.4699,41.8235856919621,63,63,63,63,61,63,0.044856,8280,1.36958730294889,25,-85,0.001869,51,2023-11-18 08:40:32.000916,126,1.037,0.0011,"aoml_navis",1025.9140356668
"7901009",17,0.0368454058323606,1,0.072891,1,0.050463,1,150.49849424391,1,4.873568116475,128,1,23.2099990844727,37,0.0728909969329834,0.0598080009222031,145.128005981445,-85.4203,25.4699,41.8235856919621,63,63,63,63,61,63,0.050463,8280,1.36958730294889,25,-85,0.001869,51,2023-11-18 08:40:32.000916,128,1.037,0.0011,"aoml_navis",1025.9423651221
"7901009",17,0.0300221825300716,1,0.063546,1,0.041118,1,149.906460111809,1,4.87334028184149,130,1,23.0629997253418,36.9949989318848,0.0635460019111633,0.0504629984498024,144.557098388672,-85.4203,25.4699,41.8235856919621,63,63,63,63,61,63,0.041118,8280,1.36958730294889,25,-85,0.001869,51,2023-11-18 08:40:32.000916,130,1.037,0.0011,"aoml_navis",1025.9903291856
"7901009",17,0.027292893209156,1,0.059808,1,0.03738,1,148.888538002546,1,4.8731731168568,132,1,22.9409999847412,36.9830017089844,0.0598080009222031,0.0467250011861324,143.575500488281,-85.4203,25.4699,41.8235856919621,63,63,63,63,61,63,0.03738,8280,1.36958730294889,25,-85,0.001869,51,2023-11-18 08:40:32.000916,132,1.037,0.0011,"aoml_navis",1026.02552384287
"7901009",17,0.0259282485486982,1,0.057939,1,0.035511,1,147.667664409163,1,4.87285826067436,134,1,22.6879997253418,36.9620018005371,0.0579390004277229,0.0448560006916523,142.398193359375,-85.4203,25.4699,41.8235856919621,63,63,63,63,61,63,0.035511,8280,1.36958730294889,25,-85,0.001869,51,2023-11-18 08:40:32.000916,134,1.037,0.0011,"aoml_navis",1026.09181973375
"7901009",17,0.0191050252464092,1,0.048594,1,0.026166,1,147.031467046735,1,4.87239744277498,136,1,22.3579998016357,36.9529991149902,0.0485940016806126,0.0355109982192516,141.784698486328,-85.4203,25.4699,41.8235856919621,63,63,63,63,61,63,0.026166,8280,1.36958730294889,25,-85,0.001869,51,2023-11-18 08:40:32.000916,136,1.037,0.0011,"aoml_navis",1026.18886466543
"7901009",17,0.013646446604578,1,0.041118,1,0.01869,1,146.485906367686,1,4.87197818714204,138,1,22.0370006561279,36.9370002746582,0.041117999702692,0.0280349999666214,141.258605957031,-85.4203,25.4699,41.8235856919621,63,63,63,63,61,63,0.01869,8280,1.36958730294889,25,-85,0.001869,51,2023-11-18 08:40:32.000916,138,1.037,0.0011,"aoml_navis",1026.27717283214
"7901009",17,0.0109171572836624,1,0.03738,1,0.014952,1,146.124498922085,1,4.87173786481278,140,1,21.8409996032715,36.9189987182617,0.0373799987137318,0.0242970008403063,140.910095214844,-85.4203,25.4699,41.8235856919621,63,63,63,63,61,63,0.014952,8280,1.36958730294889,25,-85,0.001869,51,2023-11-18 08:40:32.000916,140,1.037,0.0011,"aoml_navis",1026.32779897983
"7901009",17,0.00818786796274681,1,0.033642,1,0.011214,1,145.860484770164,1,4.87149233230601,142,1,21.6399993896484,36.9010009765625,0.0336420014500618,0.020558999851346,140.655502319336,-85.4203,25.4699,41.8235856919621,63,63,63,63,61,63,0.011214,8280,1.36958730294889,25,-85,0.001869,51,2023-11-18 08:40:32.000916,142,1.037,0.0011,"aoml_navis",1026.3795278588
"7901009",17,0.006823223302289,1,0.031773,1,0.009345,1,145.756160808305,1,4.87124060597328,144,1,21.4249992370605,36.8800010681152,0.0317730009555817,0.0186899993568659,140.554901123047,-85.4203,25.4699,41.8235856919621,63,63,63,63,61,63,0.009345,8280,1.36958730294889,25,-85,0.001869,51,2023-11-18 08:40:32.000916,144,1.037,0.0011,"aoml_navis",1026.43256706902
"7901009",17,0.0027292893209156,1,0.026166,1,0.003738,1,146.103975916089,1,4.87084941214511,146,1,21.1219997406006,36.8660011291504,0.0261659994721413,0.0130829997360706,140.89030456543,-85.4203,25.4699,41.8235856919621,63,63,63,63,61,63,0.003738,8280,1.36958730294889,25,-85,0.001869,51,2023-11-18 08:40:32.000916,146,1.037,0.0011,"aoml_navis",1026.51500322159
"7901009",17,0.0040939339813734,1,0.028035,1,0.005607,1,146.320503914583,1,4.87060951500931,148,1,20.9209995269775,36.8479995727539,0.0280349999666214,0.0149520002305508,141.099105834961,-85.4203,25.4699,41.8235856919621,63,63,63,63,61,63,0.005607,8280,1.36958730294889,25,-85,0.001869,51,2023-11-18 08:40:32.000916,148,1.037,0.0011,"aoml_navis",1026.56556321996
"7901009",17,0.0027292893209156,1,0.026166,1,0.003738,1,146.509230123151,1,4.87042959513694,150,1,20.7509994506836,36.8250007629395,0.0261659994721413,0.0130829997360706,141.281097412109,-85.4203,25.4699,41.8235856919621,63,63,63,63,61,63,0.003738,8280,1.36958730294889,25,-85,0.001869,51,2023-11-18 08:40:32.000916,150,1.037,0.0011,"aoml_navis",1026.60348585932
"7901009",17,0,1,0.022428,1,0,1,146.589913860679,1,4.87031249993186,152,1,20.6620006561279,36.8139991760254,0.0224280003458261,0.00934499967843294,141.358901977539,-85.4203,25.4699,41.8235856919621,63,63,63,63,61,63,0,8280,1.36958730294889,25,-85,0.001869,51,2023-11-18 08:40:32.000916,152,1.037,0.0011,"aoml_navis",1026.62816812473
"7901009",17,0,1,0.022428,1,0,1,146.666958206241,1,4.87021205982541,154,1,20.5939998626709,36.8059997558594,0.0224280003458261,0.00934499967843294,141.433197021484,-85.4203,25.4699,41.8235856919621,63,63,63,63,61,63,0,8280,1.36958730294889,25,-85,0.001869,51,2023-11-18 08:40:32.000916,154,1.037,0.0011,"aoml_navis",1026.64934064067
"7901009",17,0.0027292893209156,1,0.026166,1,0.003738,1,146.749714814844,1,4.87013820758003,156,1,20.5520000457764,36.7999992370605,0.0261659994721413,0.0130829997360706,141.513000488281,-85.4203,25.4699,41.8235856919621,63,63,63,63,61,63,0.003738,8280,1.36958730294889,25,-85,0.001869,51,2023-11-18 08:40:32.000916,156,1.037,0.0011,"aoml_navis",1026.66490906107
"7901009",17,0,1,0.022428,1,0,1,146.995895946134,1,4.87002539803795,158,1,20.4769992828369,36.7929992675781,0.0224280003458261,0.00934499967843294,141.750396728516,-85.4203,25.4699,41.8235856919621,63,63,63,63,61,63,0,8280,1.36958730294889,25,-85,0.001869,51,2023-11-18 08:40:32.000916,158,1.037,0.0011,"aoml_navis",1026.68869078474
"7901009",17,0,1,0.022428,1,0,1,147.48442893543,1,4.86983082618192,160,1,20.3129997253418,36.7770004272461,0.0224280003458261,0.00934499967843294,142.221496582031,-85.4203,25.4699,41.8235856919621,63,63,63,63,61,63,0,8280,1.36958730294889,25,-85,0.001869,51,2023-11-18 08:40:32.000916,160,1.037,0.0011,"aoml_navis",1026.72971166026
"7901009",17,-0.0027292893209156,1,0.01869,1,-0.003738,1,147.96974976573,1,4.86966183070403,162,1,20.1709995269775,36.7620010375977,0.0186899993568659,0.00560700008645654,142.689498901367,-85.4203,25.4699,41.8235856919621,63,63,63,63,61,63,-0.003738,8280,1.36958730294889,25,-85,0.001869,51,2023-11-18 08:40:32.000916,162,1.037,0.0011,"aoml_navis",1026.76534302119
"7901009",17,0.0013646446604578,1,0.024297,1,0.001869,1,147.895917579163,1,4.86958886919849,164,1,20.1319999694824,36.7569999694824,0.0242970008403063,0.0112140001729131,142.618301391602,-85.4203,25.4699,41.8235856919621,63,63,63,63,61,63,0.001869,8280,1.36958730294889,25,-85,0.001869,51,2023-11-18 08:40:32.000916,164,1.037,0.0011,"aoml_navis",1026.78072714237
"7901009",17,0.0013646446604578,1,0.024297,1,0.001869,1,147.837845542151,1,4.86950681683315,166,1,20.0830001831055,36.7509994506836,0.0242970008403063,0.0112140001729131,142.562301635742,-85.4203,25.4699,41.8235856919621,63,63,63,63,61,63,0.001869,8280,1.36958730294889,25,-85,0.001869,51,2023-11-18 08:40:32.000916,166,1.037,0.0011,"aoml_navis",1026.79802864548
"7901009",17,0,1,0.022428,1,0,1,147.555776841394,1,4.86941872602656,168,1,20.0149993896484,36.7400016784668,0.0224280003458261,0.00934499967843294,142.290298461914,-85.4203,25.4699,41.8235856919621,63,63,63,63,61,63,0,8280,1.36958730294889,25,-85,0.001869,51,2023-11-18 08:40:32.000916,168,1.037,0.0011,"aoml_navis",1026.81660405902
"7901009",17,0.0013646446604578,1,0.024297,1,0.001869,1,147.482261123694,1,4.86931785394858,170,1,19.9139995574951,36.7210006713867,0.0242970008403063,0.0112140001729131,142.21940612793,-85.4203,25.4699,41.8235856919621,63,63,63,63,61,63,0.001869,8280,1.36958730294889,25,-85,0.001869,51,2023-11-18 08:40:32.000916,170,1.037,0.0011,"aoml_navis",1026.83787544193
"7901009",17,-0.0027292893209156,1,0.01869,1,-0.003738,1,147.569464119872,1,4.86923764171227,172,1,19.8490009307861,36.7089996337891,0.0186899993568659,0.00560700008645654,142.303497314453,-85.4203,25.4699,41.8235856919621,63,63,63,63,61,63,-0.003738,8280,1.36958730294889,25,-85,0.001869,51,2023-11-18 08:40:32.000916,172,1.037,0.0011,"aoml_navis",1026.85479081316
"7901009",17,0,1,0.022428,1,0,1,148.01672956897,1,4.86909064881086,174,1,19.7310009002686,36.6969985961914,0.0224280003458261,0.00934499967843294,142.734802246094,-85.4203,25.4699,41.8235856919621,63,63,63,63,61,63,0,8280,1.36958730294889,25,-85,0.001869,51,2023-11-18 08:40:32.000916,174,1.037,0.0011,"aoml_navis",1026.88579051637
"7901009",17,-0.0027292893209156,1,0.01869,1,-0.003738,1,148.29101313561,1,4.86897769123435,176,1,19.6539993286133,36.689998626709,0.0186899993568659,0.00560700008645654,142.999298095703,-85.4203,25.4699,41.8235856919621,63,63,63,63,61,63,-0.003738,8280,1.36958730294889,25,-85,0.001869,51,2023-11-18 08:40:32.000916,176,1.037,0.0011,"aoml_navis",1026.90961369602
"7901009",17,0,1,0.022428,1,0,1,148.239681885455,1,4.86889622337665,178,1,19.5990009307861,36.681999206543,0.0224280003458261,0.00934499967843294,142.949798583984,-85.4203,25.4699,41.8235856919621,63,63,63,63,61,63,0,8280,1.36958730294889,25,-85,0.001869,51,2023-11-18 08:40:32.000916,178,1.037,0.0011,"aoml_navis",1026.92679626111
"7901009",17,-0.0040939339813734,1,0.016821,1,-0.005607,1,147.810993158824,1,4.8688246093869,180,1,19.5459995269775,36.6720008850098,0.0168210007250309,0.00373800005763769,142.536407470703,-85.4203,25.4699,41.8235856919621,63,63,63,63,61,63,-0.005607,8280,1.36958730294889,25,-85,0.001869,51,2023-11-18 08:40:32.000916,180,1.037,0.0011,"aoml_navis",1026.94190100013
"7901009",17,-0.0027292893209156,1,0.01869,1,-0.003738,1,146.821157661468,1,4.86873280309123,182,1,19.4710006713867,36.6599998474121,0.0186899993568659,0.00560700008645654,141.581893920898,-85.4203,25.4699,41.8235856919621,63,63,63,63,61,63,-0.003738,8280,1.36958730294889,25,-85,0.001869,51,2023-11-18 08:40:32.000916,182,1.037,0.0011,"aoml_navis",1026.96126532666
"7901009",17,-0.0013646446604578,1,0.020559,1,-0.001869,1,145.051305525278,1,4.86860390951115,184,1,19.3400001525879,36.6389999389648,0.020558999851346,0.00747600011527538,139.875198364258,-85.4203,25.4699,41.8235856919621,63,63,63,63,61,63,-0.001869,8280,1.36958730294889,25,-85,0.001869,51,2023-11-18 08:40:32.000916,184,1.037,0.0011,"aoml_navis",1026.98845355486
"7901009",17,0,1,0.022428,1,0,1,142.925141092238,1,4.86849805530117,186,1,19.2269992828369,36.6180000305176,0.0224280003458261,0.00934499967843294,137.824905395508,-85.4203,25.4699,41.8235856919621,63,63,63,63,61,63,0,8280,1.36958730294889,25,-85,0.001869,51,2023-11-18 08:40:32.000916,186,1.037,0.0011,"aoml_navis",1027.01078303927
"7901009",17,0.0040939339813734,1,0.028035,1,0.005607,1,141.692336622587,1,4.86836302819804,188,1,19.0900001525879,36.5970001220703,0.0280349999666214,0.0149520002305508,136.636093139648,-85.4203,25.4699,41.8235856919621,63,63,63,63,61,63,0.005607,8280,1.36958730294889,25,-85,0.001869,51,2023-11-18 08:40:32.000916,188,1.037,0.0011,"aoml_navis",1027.03926782771
"7901009",17,0.006823223302289,1,0.031773,1,0.009345,1,141.706451134035,1,4.86827249020784,190,1,19.011999130249,36.5839996337891,0.0317730009555817,0.0186899993568659,136.649703979492,-85.4203,25.4699,41.8235856919621,63,63,63,63,61,63,0.009345,8280,1.36958730294889,25,-85,0.001869,51,2023-11-18 08:40:32.000916,190,1.037,0.0011,"aoml_navis",1027.05836825221
"7901009",17,0.006823223302289,1,0.031773,1,0.009345,1,143.486572684944,1,4.86817740364158,192,1,18.9360008239746,36.5730018615723,0.0317730009555817,0.0186899993568659,138.366302490234,-85.4203,25.4699,41.8235856919621,63,63,63,63,61,63,0.009345,8280,1.36958730294889,25,-85,0.001869,51,2023-11-18 08:40:32.000916,192,1.037,0.0011,"aoml_navis",1027.07842903585
"7901009",17,0.0040939339813734,1,0.028035,1,0.005607,1,146.322782490422,1,4.86806715235053,194,1,18.8740005493164,36.5709991455078,0.0280349999666214,0.0149520002305508,141.101303100586,-85.4203,25.4699,41.8235856919621,63,63,63,63,61,63,0.005607,8280,1.36958730294889,25,-85,0.001869,51,2023-11-18 08:40:32.000916,194,1.037,0.0011,"aoml_navis",1027.10169016172
"7901009",17,0.0013646446604578,1,0.024297,1,0.001869,1,148.089311703513,1,4.86797664649562,196,1,18.8279991149902,36.5690002441406,0.0242970008403063,0.0112140001729131,142.804794311523,-85.4203,25.4699,41.8235856919621,63,63,63,63,61,63,0.001869,8280,1.36958730294889,25,-85,0.001869,51,2023-11-18 08:40:32.000916,196,1.037,0.0011,"aoml_navis",1027.12078612773
"7901009",17,-0.0013646446604578,1,0.020559,1,-0.001869,1,149.197664791393,1,4.86784922607785,198,1,18.7339992523193,36.5610008239746,0.020558999851346,0.00747600011527538,143.873596191406,-85.4203,25.4699,41.8235856919621,63,63,63,63,61,63,-0.001869,8280,1.36958730294889,25,-85,0.001869,51,2023-11-18 08:40:32.000916,198,1.037,0.0011,"aoml_navis",1027.14767195627
"7901009",17,-0.0013646446604578,1,0.020559,1,-0.001869,1,149.472676236427,1,4.86774274394911,200,1,18.6450004577637,36.548999786377,0.020558999851346,0.00747600011527538,144.138793945312,-85.4203,25.4699,41.8235856919621,63,63,63,63,61,63,-0.001869,8280,1.36958730294889,25,-85,0.001869,51,2023-11-18 08:40:32.000916,200,1.037,0.0011,"aoml_navis",1027.17014086566
"7901009",17,0,1,0.022428,1,0,1,149.960275642566,1,4.86759150890626,202,1,18.4979991912842,36.5299987792969,0.0224280003458261,0.00934499967843294,144.608993530273,-85.4203,25.4699,41.8235856919621,63,63,63,63,61,63,0,8280,1.36958730294889,25,-85,0.001869,51,2023-11-18 08:40:32.000916,202,1.037,0.0011,"aoml_navis",1027.20205482557
"7901009",17,0,1,0.022428,1,0,1,150.14123254046,1,4.86753918862118,204,1,18.4740009307861,36.5250015258789,0.0224280003458261,0.00934499967843294,144.783493041992,-85.4203,25.4699,41.8235856919621,63,63,63,63,61,63,0,8280,1.36958730294889,25,-85,0.001869,51,2023-11-18 08:40:32.000916,204,1.037,0.0011,"aoml_navis",1027.21309603187
"7901009",17,0.0013646446604578,1,0.024297,1,0.001869,1,150.445185063339,1,4.86747479005157,206,1,18.4400005340576,36.5200004577637,0.0242970008403063,0.0112140001729131,145.076599121094,-85.4203,25.4699,41.8235856919621,63,63,63,63,61,63,0.001869,8280,1.36958730294889,25,-85,0.001869,51,2023-11-18 08:40:32.000916,206,1.037,0.0011,"aoml_navis",1027.22668645748
"7901009",17,-0.0013646446604578,1,0.020559,1,-0.001869,1,151.259032224007,1,4.86736450907107,208,1,18.3500003814697,36.5089988708496,0.020558999851346,0.00747600011527538,145.861404418945,-85.4203,25.4699,41.8235856919621,63,63,63,63,61,63,-0.001869,8280,1.36958730294889,25,-85,0.001869,51,2023-11-18 08:40:32.000916,208,1.037,0.0011,"aoml_navis",1027.24996056526
"7901009",17,0,1,0.022428,1,0,1,152.551554368777,1,4.86723174605353,210,1,18.2290000915527,36.4939994812012,0.0224280003458261,0.00934499967843294,147.107803344727,-85.4203,25.4699,41.8235856919621,63,63,63,63,61,63,0,8280,1.36958730294889,25,-85,0.001869,51,2023-11-18 08:40:32.000916,210,1.037,0.0011,"aoml_navis",1027.27798076476
"7901009",17,-0.0040939339813734,1,0.016821,1,-0.005607,1,153.184950981736,1,4.86712337944084,212,1,18.1429996490479,36.484001159668,0.0168210007250309,0.00373800005763769,147.718597412109,-85.4203,25.4699,41.8235856919621,63,63,63,63,61,63,-0.005607,8280,1.36958730294889,25,-85,0.001869,51,2023-11-18 08:40:32.000916,212,1.037,0.0011,"aoml_navis",1027.30085313235
"7901009",17,0,1,0.022428,1,0,1,153.046511676063,1,4.86703807626859,214,1,18.0729999542236,36.4729995727539,0.0224280003458261,0.00934499967843294,147.585098266602,-85.4203,25.4699,41.8235856919621,63,63,63,63,61,63,0,8280,1.36958730294889,25,-85,0.001869,51,2023-11-18 08:40:32.000916,214,1.037,0.0011,"aoml_navis",1027.31885833804
"7901009",17,0,1,0.020559,1,-0.001869,1,152.748682825752,1,4.86696233346943,216,1,18.0230007171631,36.4659996032715,0.020558999851346,0,147.297897338867,-85.4203,25.4699,41.8235856919621,63,63,63,63,61,63,0,8280,1.36958730294889,25,-85,0.001869,51,2023-11-18 08:40:32.000916,216,1.037,0.0011,"aoml_navis",1027.33484613507
"7901009",17,0,1,0.016821,1,-0.005607,1,152.250513359469,1,4.86689750895523,218,1,17.9759998321533,36.4570007324219,0.0168210007250309,0,146.817504882812,-85.4203,25.4699,41.8235856919621,63,63,63,63,61,63,0,8280,1.36958730294889,25,-85,0.001869,51,2023-11-18 08:40:32.000916,218,1.037,0.0011,"aoml_navis",1027.34852969471
"7901009",17,0,1,0.016821,1,-0.005607,1,152.053163374288,1,4.8668137983208,220,1,17.9099998474121,36.4469985961914,0.0168210007250309,0,146.627197265625,-85.4203,25.4699,41.8235856919621,63,63,63,63,61,63,0,8280,1.36958730294889,25,-85,0.001869,51,2023-11-18 08:40:32.000916,220,1.037,0.0011,"aoml_navis",1027.36620039278
"7901009",17,0,1,0.020559,1,-0.001869,1,151.925404892861,1,4.86675017411468,222,1,17.8729991912842,36.4410018920898,0.020558999851346,0,146.503997802734,-85.4203,25.4699,41.8235856919621,63,63,63,63,61,63,0,8280,1.36958730294889,25,-85,0.001869,51,2023-11-18 08:40:32.000916,222,1.037,0.0011,"aoml_navis",1027.37963140045
"7901009",17,0,1,0.020559,1,-0.001869,1,151.132935204129,1,4.8666983612922,224,1,17.8519992828369,36.4370002746582,0.020558999851346,0,145.739807128906,-85.4203,25.4699,41.8235856919621,63,63,63,63,61,63,0,8280,1.36958730294889,25,-85,0.001869,51,2023-11-18 08:40:32.000916,224,1.037,0.0011,"aoml_navis",1027.39056929602
"7901009",17,0,1,0.024297,1,0.001869,1,149.848182370033,1,4.86662555025871,226,1,17.7980003356934,36.4280014038086,0.0242970008403063,0,144.500900268555,-85.4203,25.4699,41.8235856919621,63,63,63,63,61,63,0,8280,1.36958730294889,25,-85,0.001869,51,2023-11-18 08:40:32.000916,226,1.037,0.0011,"aoml_navis",1027.40594039215
"7901009",17,0,1,0.016821,1,-0.005607,1,147.879223846453,1,4.86655806702111,228,1,17.7299995422363,36.4129981994629,0.0168210007250309,0,142.602203369141,-85.4203,25.4699,41.8235856919621,63,63,63,63,61,63,0,8280,1.36958730294889,25,-85,0.001869,51,2023-11-18 08:40:32.000916,228,1.037,0.0011,"aoml_navis",1027.42018715099
"7901009",17,0,1,0.026166,1,0.003738,1,146.65825531241,1,4.86645348072401,230,1,17.6149997711182,36.3930015563965,0.0261659994721413,0,141.4248046875,-85.4203,25.4699,41.8235856919621,63,63,63,63,61,63,0,8280,1.36958730294889,25,-85,0.001869,51,2023-11-18 08:40:32.000916,230,1.037,0.0011,"aoml_navis",1027.44226772227
"7901009",17,0,1,0.01869,1,-0.003738,1,146.222082097086,1,4.86638716619346,232,1,17.5629997253418,36.382999420166,0.0186899993568659,0,141.004196166992,-85.4203,25.4699,41.8235856919621,63,63,63,63,61,63,0,8280,1.36958730294889,25,-85,0.001869,51,2023-11-18 08:40:32.000916,232,1.037,0.0011,"aoml_navis",1027.45626873561
"7901009",17,0,1,0.020559,1,-0.001869,1,145.783440424602,1,4.86633237445831,234,1,17.5300006866455,36.3759994506836,0.020558999851346,0,140.581207275391,-85.4203,25.4699,41.8235856919621,63,63,63,63,61,63,0,8280,1.36958730294889,25,-85,0.001869,51,2023-11-18 08:40:32.000916,234,1.037,0.0011,"aoml_navis",1027.46783722445
"7901009",17,0,1,0.020559,1,-0.001869,1,145.410735040464,1,4.86628220883644,236,1,17.503999710083,36.3699989318848,0.020558999851346,0,140.221801757812,-85.4203,25.4699,41.8235856919621,63,63,63,63,61,63,0,8280,1.36958730294889,25,-85,0.001869,51,2023-11-18 08:40:32.000916,236,1.037,0.0011,"aoml_navis",1027.47842920428
"7901009",17,0,1,0.024297,1,0.001869,1,144.971761075671,1,4.86620439157619,238,1,17.4419994354248,36.3600006103516,0.0242970008403063,0,139.798492431641,-85.4203,25.4699,41.8235856919621,63,63,63,63,61,63,0,8280,1.36958730294889,25,-85,0.001869,51,2023-11-18 08:40:32.000916,238,1.037,0.0011,"aoml_navis",1027.49485998891
"7901009",17,0,1,0.020559,1,-0.001869,1,144.266288678354,1,4.86610179555427,240,1,17.3400001525879,36.3440017700195,0.020558999851346,0,139.118194580078,-85.4203,25.4699,41.8235856919621,63,63,63,63,61,63,0,8280,1.36958730294889,25,-85,0.001869,51,2023-11-18 08:40:32.000916,240,1.037,0.0011,"aoml_navis",1027.51652350719
"7901009",17,0,1,0.020559,1,-0.001869,1,143.686612655491,1,4.86601097513997,242,1,17.253999710083,36.3300018310547,0.020558999851346,0,138.559204101562,-85.4203,25.4699,41.8235856919621,63,63,63,63,61,63,0,8280,1.36958730294889,25,-85,0.001869,51,2023-11-18 08:40:32.000916,242,1.037,0.0011,"aoml_navis",1027.53570132591
"7901009",17,0,1,0.020559,1,-0.001869,1,143.528678867639,1,4.8659226274357,244,1,17.1730003356934,36.3170013427734,0.020558999851346,0,138.40690612793,-85.4203,25.4699,41.8235856919621,63,63,63,63,61,63,0,8280,1.36958730294889,25,-85,0.001869,51,2023-11-18 08:40:32.000916,244,1.037,0.0011,"aoml_navis",1027.55435768919
"7901009",17,0,1,0.016821,1,-0.005607,1,143.159802756786,1,4.86585558783981,246,1,17.128999710083,36.310001373291,0.0168210007250309,0,138.051193237305,-85.4203,25.4699,41.8235856919621,63,63,63,63,61,63,0,8280,1.36958730294889,25,-85,0.001869,51,2023-11-18 08:40:32.000916,246,1.037,0.0011,"aoml_navis",1027.56851487649
"7901009",17,0,1,0.022428,1,0,1,142.935821916484,1,4.86579027059591,248,1,17.0769996643066,36.2999992370605,0.0224280003458261,0,137.835205078125,-85.4203,25.4699,41.8235856919621,63,63,63,63,61,63,0,8280,1.36958730294889,25,-85,0.001869,51,2023-11-18 08:40:32.000916,248,1.037,0.0011,"aoml_navis",1027.58230871871
"7901009",17,0,1,0.020559,1,-0.001869,1,142.458792570488,1,4.86570612467893,250,1,16.996000289917,36.2859992980957,0.020558999851346,0,137.375198364258,-85.4203,25.4699,41.8235856919621,63,63,63,63,61,63,0,8280,1.36958730294889,25,-85,0.001869,51,2023-11-18 08:40:32.000916,250,1.037,0.0011,"aoml_navis",1027.60007938826
"7901009",17,0,1,0.022428,1,0,1,142.099568760065,1,4.86557284555415,252,1,16.8530006408691,36.265998840332,0.0224280003458261,0,137.028793334961,-85.4203,25.4699,41.8235856919621,63,63,63,63,61,63,0,8280,1.36958730294889,25,-85,0.001869,51,2023-11-18 08:40:32.000916,252,1.037,0.0011,"aoml_navis",1027.62822769547
"7901009",17,0,1,0.020559,1,-0.001869,1,141.79221419687,1,4.8655025610657,254,1,16.7929992675781,36.2550010681152,0.020558999851346,0,136.732406616211,-85.4203,25.4699,41.8235856919621,63,63,63,63,61,63,0,8280,1.36958730294889,25,-85,0.001869,51,2023-11-18 08:40:32.000916,254,1.037,0.0011,"aoml_navis",1027.64307227183
"7901009",17,0,1,0.020559,1,-0.001869,1,141.245814875326,1,4.86546054024771,256,1,16.7830009460449,36.2519989013672,0.020558999851346,0,136.205505371094,-85.4203,25.4699,41.8235856919621,63,63,63,63,61,63,0,8280,1.36958730294889,25,-85,0.001869,51,2023-11-18 08:40:32.000916,256,1.037,0.0011,"aoml_navis",1027.65194756783
"7901009",17,0,1,0.016821,1,-0.005607,1,140.638226298434,1,4.86540277703569,258,1,16.7369995117188,36.242000579834,0.0168210007250309,0,135.619598388672,-85.4203,25.4699,41.8235856919621,63,63,63,63,61,63,0,8280,1.36958730294889,25,-85,0.001869,51,2023-11-18 08:40:32.000916,258,1.037,0.0011,"aoml_navis",1027.66414809471
"7901009",17,0,1,0.016821,1,-0.005607,1,140.700554841701,1,4.86524304188955,260.100006103516,1,16.5520000457764,36.2159996032715,0.0168210007250309,0,135.679702758789,-85.4203,25.4699,41.8235856919621,63,63,63,63,61,63,0,8280,1.36958730294889,25,-85,0.001869,51,2023-11-18 08:40:32.000916,260.100006103516,1.037,0.0011,"aoml_navis",1027.69788825557
"7901009",17,0,1,0.020559,1,-0.001869,1,140.468567339075,1,4.86517467999934,262,1,16.488000869751,36.2039985656738,0.020558999851346,0,135.455993652344,-85.4203,25.4699,41.8235856919621,63,63,63,63,61,63,0,8280,1.36958730294889,25,-85,0.001869,51,2023-11-18 08:40:32.000916,262,1.037,0.0011,"aoml_navis",1027.71232871759
"7901009",17,0,1,0.016821,1,-0.005607,1,140.310016436933,1,4.86508633034301,264,1,16.4080009460449,36.1920013427734,0.0168210007250309,0,135.303100585938,-85.4203,25.4699,41.8235856919621,63,63,63,63,61,63,0,8280,1.36958730294889,25,-85,0.001869,51,2023-11-18 08:40:32.000916,264,1.037,0.0011,"aoml_navis",1027.7309919077
"7901009",17,0,1,0.016821,1,-0.005607,1,140.04423005936,1,4.86503414434511,266,1,16.3759994506836,36.185001373291,0.0168210007250309,0,135.046798706055,-85.4203,25.4699,41.8235856919621,63,63,63,63,61,63,0,8280,1.36958730294889,25,-85,0.001869,51,2023-11-18 08:40:32.000916,266,1.037,0.0011,"aoml_navis",1027.74201611961
"7901009",17,0,1,0.01869,1,-0.003738,1,139.4752190373,1,4.86499075693136,268,1,16.3549995422363,36.1790008544922,0.0186899993568659,0,134.498092651367,-85.4203,25.4699,41.8235856919621,63,63,63,63,61,63,0,8280,1.36958730294889,25,-85,0.001869,51,2023-11-18 08:40:32.000916,268,1.037,0.0011,"aoml_navis",1027.7511818242
"7901009",17,0,1,0.024297,1,0.001869,1,139.00806351994,1,4.86488509828849,270,1,16.2430000305176,36.1619987487793,0.0242970008403063,0,134.047607421875,-85.4203,25.4699,41.8235856919621,63,63,63,63,61,63,0,8280,1.36958730294889,25,-85,0.001869,51,2023-11-18 08:40:32.000916,270,1.037,0.0011,"aoml_navis",1027.77350317257
"7901009",17,0,1,0.020559,1,-0.001869,1,138.716753928279,1,4.86473709250168,272,1,16.0599994659424,36.1349983215332,0.020558999851346,0,133.766693115234,-85.4203,25.4699,41.8235856919621,63,63,63,63,61,63,0,8280,1.36958730294889,25,-85,0.001869,51,2023-11-18 08:40:32.000916,272,1.037,0.0011,"aoml_navis",1027.80477237029
"7901009",17,0,1,0.020559,1,-0.001869,1,138.425570924165,1,4.86464975473146,274,1,15.960000038147,36.117000579834,0.020558999851346,0,133.485900878906,-85.4203,25.4699,41.8235856919621,63,63,63,63,61,63,0,8280,1.36958730294889,25,-85,0.001869,51,2023-11-18 08:40:32.000916,274,1.037,0.0011,"aoml_navis",1027.82322512261
"7901009",17,0,1,0.01869,1,-0.003738,1,138.286198035336,1,4.86454940258585,276,1,15.8610000610352,36.1030006408691,0.0186899993568659,0,133.351501464844,-85.4203,25.4699,41.8235856919621,63,63,63,63,61,63,0,8280,1.36958730294889,25,-85,0.001869,51,2023-11-18 08:40:32.000916,276,1.037,0.0011,"aoml_navis",1027.84442837442
"7901009",17,0,1,0.01869,1,-0.003738,1,138.023212407232,1,4.86448674338379,278,1,15.8090000152588,36.0929985046387,0.0186899993568659,0,133.097900390625,-85.4203,25.4699,41.8235856919621,63,63,63,63,61,63,0,8280,1.36958730294889,25,-85,0.001869,51,2023-11-18 08:40:32.000916,278,1.037,0.0011,"aoml_navis",1027.85766798533
"7901009",17,0,1,0.020559,1,-0.001869,1,137.685049599878,1,4.86442318930863,280,1,15.7659997940063,36.0859985351562,0.020558999851346,0,132.77180480957,-85.4203,25.4699,41.8235856919621,63,63,63,63,61,63,0,8280,1.36958730294889,25,-85,0.001869,51,2023-11-18 08:40:32.000916,280,1.037,0.0011,"aoml_navis",1027.87109702736
"7901009",17,0,1,0.016821,1,-0.005607,1,137.137510990414,1,4.86437190347772,282,1,15.7440004348755,36.0820007324219,0.0168210007250309,0,132.243804931641,-85.4203,25.4699,41.8235856919621,63,63,63,63,61,63,0,8280,1.36958730294889,25,-85,0.001869,51,2023-11-18 08:40:32.000916,282,1.037,0.0011,"aoml_navis",1027.88193403249
"7901009",17,0,1,0.020559,1,-0.001869,1,136.508560765029,1,4.86430879405915,284,1,15.6979999542236,36.0740013122559,0.020558999851346,0,131.637298583984,-85.4203,25.4699,41.8235856919621,63,63,63,63,61,63,0,8280,1.36958730294889,25,-85,0.001869,51,2023-11-18 08:40:32.000916,284,1.037,0.0011,"aoml_navis",1027.89526974656
"7901009",17,0,1,0.016821,1,-0.005607,1,135.534184771804,1,4.86424796400379,286,1,15.6540002822876,36.0660018920898,0.0168210007250309,0,130.697692871094,-85.4203,25.4699,41.8235856919621,63,63,63,63,61,63,0,8280,1.36958730294889,25,-85,0.001869,51,2023-11-18 08:40:32.000916,286,1.037,0.0011,"aoml_navis",1027.90812413364
"7901009",17,0,1,0.024297,1,0.001869,1,134.500407572326,1,4.86415978978695,288,1,15.5649995803833,36.0519981384277,0.0242970008403063,0,129.700805664062,-85.4203,25.4699,41.8235856919621,63,63,63,63,61,63,0,8280,1.36958730294889,25,-85,0.001869,51,2023-11-18 08:40:32.000916,288,1.037,0.0011,"aoml_navis",1027.9267573607
"7901009",17,0,1,0.020559,1,-0.001869,1,133.461740928861,1,4.86407048701777,290,1,15.4680004119873,36.0359992980957,0.020558999851346,0,128.699203491211,-85.4203,25.4699,41.8235856919621,63,63,63,63,61,63,0,8280,1.36958730294889,25,-85,0.001869,51,2023-11-18 08:40:32.000916,290,1.037,0.0011,"aoml_navis",1027.94562976524
"7901009",17,0,1,0.022428,1,0,1,132.670814025854,1,4.86399558906955,292,1,15.4040002822876,36.0260009765625,0.0224280003458261,0,127.936500549316,-85.4203,25.4699,41.8235856919621,63,63,63,63,61,63,0,8280,1.36958730294889,25,-85,0.001869,51,2023-11-18 08:40:32.000916,292,1.037,0.0011,"aoml_navis",1027.96145852518
"7901009",17,0,1,0.026166,1,0.003738,1,132.341456964712,1,4.86392450891345,294,1,15.3400001525879,36.0149993896484,0.0261659994721413,0,127.618896484375,-85.4203,25.4699,41.8235856919621,63,63,63,63,61,63,0,8280,1.36958730294889,25,-85,0.001869,51,2023-11-18 08:40:32.000916,294,1.037,0.0011,"aoml_navis",1027.97648089258
"7901009",17,0,1,0.020559,1,-0.001869,1,132.460401788205,1,4.86386284002308,296,1,15.2980003356934,36.007999420166,0.020558999851346,0,127.733596801758,-85.4203,25.4699,41.8235856919621,63,63,63,63,61,63,0,8280,1.36958730294889,25,-85,0.001869,51,2023-11-18 08:40:32.000916,296,1.037,0.0011,"aoml_navis",1027.98951460076
"7901009",17,0,1,0.01869,1,-0.003738,1,133.257033042532,1,4.86380703979032,298,1,15.2580003738403,36,0.0186899993568659,0,128.501800537109,-85.4203,25.4699,41.8235856919621,63,63,63,63,61,63,0,8280,1.36958730294889,25,-85,0.001869,51,2023-11-18 08:40:32.000916,298,1.037,0.0011,"aoml_navis",1028.00130825411
"7901009",17,0,1,0.022428,1,0,1,134.040388427907,1,4.86369710694287,300,1,15.1169996261597,35.9770011901855,0.0224280003458261,0,129.257202148438,-85.4203,25.4699,41.8235856919621,63,63,63,63,61,63,0,8280,1.36958730294889,25,-85,0.001869,51,2023-11-18 08:40:32.000916,300,1.037,0.0011,"aoml_navis",1028.02454389328
"7901009",17,0,1,0.020559,1,-0.001869,1,134.107274122853,1,4.86361005647666,302,1,15.0340003967285,35.9650001525879,0.020558999851346,0,129.321701049805,-85.4203,25.4699,41.8235856919621,63,63,63,63,61,63,0,8280,1.36958730294889,25,-85,0.001869,51,2023-11-18 08:40:32.000916,302,1.037,0.0011,"aoml_navis",1028.04294380914
"7901009",17,0,1,0.01869,1,-0.003738,1,134.055325758408,1,4.86356195945633,304,1,15.0109996795654,35.9599990844727,0.0186899993568659,0,129.271606445312,-85.4203,25.4699,41.8235856919621,63,63,63,63,61,63,0,8280,1.36958730294889,25,-85,0.001869,51,2023-11-18 08:40:32.000916,304,1.037,0.0011,"aoml_navis",1028.05311039132
"7901009",17,0,1,0.016821,1,-0.005607,1,133.835474836815,1,4.86351065999547,306,1,14.9849996566772,35.9550018310547,0.0168210007250309,0,129.059600830078,-85.4203,25.4699,41.8235856919621,63,63,63,63,61,63,0,8280,1.36958730294889,25,-85,0.001869,51,2023-11-18 08:40:32.000916,306,1.037,0.0011,"aoml_navis",1028.06395411595
"7901009",17,0,1,0.01869,1,-0.003738,1,133.508198558471,1,4.86345939976814,308,1,14.9589996337891,35.9500007629395,0.0186899993568659,0,128.744003295898,-85.4203,25.4699,41.8235856919621,63,63,63,63,61,63,0,8280,1.36958730294889,25,-85,0.001869,51,2023-11-18 08:40:32.000916,308,1.037,0.0011,"aoml_navis",1028.07478977585
"7901009",17,0,1,0.020559,1,-0.001869,1,133.077421137321,1,4.86339711476735,310,1,14.9090003967285,35.9410018920898,0.020558999851346,0,128.328598022461,-85.4203,25.4699,41.8235856919621,63,63,63,63,61,63,0,8280,1.36958730294889,25,-85,0.001869,51,2023-11-18 08:40:32.000916,310,1.037,0.0011,"aoml_navis",1028.08795621848
"7901009",17,0,1,0.022428,1,0,1,133.01602617721,1,4.86326970915179,312,1,14.7530002593994,35.9189987182617,0.0224280003458261,0,128.269393920898,-85.4203,25.4699,41.8235856919621,63,63,63,63,61,63,0,8280,1.36958730294889,25,-85,0.001869,51,2023-11-18 08:40:32.000916,312,1.037,0.0011,"aoml_navis",1028.1148895754
"7901009",17,0,1,0.020559,1,-0.001869,1,132.91379090987,1,4.86319868169882,314,1,14.6840000152588,35.9070014953613,0.020558999851346,0,128.170806884766,-85.4203,25.4699,41.8235856919621,63,63,63,63,61,63,0,8280,1.36958730294889,25,-85,0.001869,51,2023-11-18 08:40:32.000916,314,1.037,0.0011,"aoml_navis",1028.12990528559
"7901009",17,0,1,0.016821,1,-0.005607,1,132.678694100631,1,4.86313860938817,316,1,14.6389999389648,35.898998260498,0.0168210007250309,0,127.94409942627,-85.4203,25.4699,41.8235856919621,63,63,63,63,61,63,0,8280,1.36958730294889,25,-85,0.001869,51,2023-11-18 08:40:32.000916,316,1.037,0.0011,"aoml_navis",1028.1426053429
"7901009",17,0,1,0.020559,1,-0.001869,1,132.542327666034,1,4.86305787473294,318,1,14.5570001602173,35.8860015869141,0.020558999851346,0,127.812599182129,-85.4203,25.4699,41.8235856919621,63,63,63,63,61,63,0,8280,1.36958730294889,25,-85,0.001869,51,2023-11-18 08:40:32.000916,318,1.037,0.0011,"aoml_navis",1028.1596741792
"7901009",17,0,1,0.01869,1,-0.003738,1,132.360745742128,1,4.86299437874802,320,1,14.5120000839233,35.8790016174316,0.0186899993568659,0,127.637496948242,-85.4203,25.4699,41.8235856919621,63,63,63,63,61,63,0,8280,1.36958730294889,25,-85,0.001869,51,2023-11-18 08:40:32.000916,320,1.037,0.0011,"aoml_navis",1028.17309883201
"7901009",17,0,1,0.01869,1,-0.003738,1,132.197629776586,1,4.8629330590734,322,1,14.4689998626709,35.8720016479492,0.0186899993568659,0,127.480201721191,-85.4203,25.4699,41.8235856919621,63,63,63,63,61,63,0,8280,1.36958730294889,25,-85,0.001869,51,2023-11-18 08:40:32.000916,322,1.037,0.0011,"aoml_navis",1028.18606369069
"7901009",17,0,1,0.022428,1,0,1,131.958806546443,1,4.86288336698194,324,1,14.4440002441406,35.867000579834,0.0224280003458261,0,127.249900817871,-85.4203,25.4699,41.8235856919621,63,63,63,63,61,63,0,8280,1.36958730294889,25,-85,0.001869,51,2023-11-18 08:40:32.000916,324,1.037,0.0011,"aoml_navis",1028.19657036174
"7901009",17,0,1,0.01869,1,-0.003738,1,131.780958955162,1,4.86281639986814,326,1,14.3920001983643,35.859001159668,0.0186899993568659,0,127.078399658203,-85.4203,25.4699,41.8235856919621,63,63,63,63,61,63,0,8280,1.36958730294889,25,-85,0.001869,51,2023-11-18 08:40:32.000916,326,1.037,0.0011,"aoml_navis",1028.21072992506
"7901009",17,0,1,0.016821,1,-0.005607,1,131.331106373081,1,4.86276416126845,328.100006103516,1,14.3629999160767,35.8530006408691,0.0168210007250309,0,126.644599914551,-85.4203,25.4699,41.8235856919621,63,63,63,63,61,63,0,8280,1.36958730294889,25,-85,0.001869,51,2023-11-18 08:40:32.000916,328.100006103516,1.037,0.0011,"aoml_navis",1028.22177555404
"7901009",17,0,1,0.014952,1,-0.007476,1,130.909664783494,1,4.8627114258153,330,1,14.3190002441406,35.8440017700195,0.0149520002305508,0,126.23819732666,-85.4203,25.4699,41.8235856919621,63,63,63,63,61,63,0,8280,1.36958730294889,25,-85,0.001869,51,2023-11-18 08:40:32.000916,330,1.037,0.0011,"aoml_navis",1028.23292648128
"7901009",17,0,1,0.022428,1,0,1,130.765734742987,1,4.86261155465094,332,1,14.21399974823,35.8300018310547,0.0224280003458261,0,126.099403381348,-85.4203,25.4699,41.8235856919621,63,63,63,63,61,63,0,8280,1.36958730294889,25,-85,0.001869,51,2023-11-18 08:40:32.000916,332,1.037,0.0011,"aoml_navis",1028.2540449314
"7901009",17,0,1,0.01869,1,-0.003738,1,130.519031438066,1,4.86255183839207,334,1,14.164999961853,35.8209991455078,0.0186899993568659,0,125.861503601074,-85.4203,25.4699,41.8235856919621,63,63,63,63,61,63,0,8280,1.36958730294889,25,-85,0.001869,51,2023-11-18 08:40:32.000916,334,1.037,0.0011,"aoml_navis",1028.26667276279
"7901009",17,0,1,0.01869,1,-0.003738,1,130.320542164965,1,4.86248905102536,336,1,14.1199998855591,35.8139991760254,0.0186899993568659,0,125.670097351074,-85.4203,25.4699,41.8235856919621,63,63,63,63,61,63,0,8280,1.36958730294889,25,-85,0.001869,51,2023-11-18 08:40:32.000916,336,1.037,0.0011,"aoml_navis",1028.27995035704
"7901009",17,0,1,0.01869,1,-0.003738,1,130.192680831157,1,4.86243350202069,338,1,14.08899974823,35.8089981079102,0.0186899993568659,0,125.546798706055,-85.4203,25.4699,41.8235856919621,63,63,63,63,61,63,0,8280,1.36958730294889,25,-85,0.001869,51,2023-11-18 08:40:32.000916,338,1.037,0.0011,"aoml_navis",1028.29169754654
"7901009",17,0,1,0.026166,1,0.003738,1,129.891948378994,1,4.86238870305262,340,1,14.0790004730225,35.806999206543,0.0261659994721413,0,125.256797790527,-85.4203,25.4699,41.8235856919621,63,63,63,63,61,63,0,8280,1.36958730294889,25,-85,0.001869,51,2023-11-18 08:40:32.000916,340,1.037,0.0011,"aoml_navis",1028.30117157458
"7901009",17,0,1,0.020559,1,-0.001869,1,129.670032498047,1,4.86233263460319,342,1,14.0509996414185,35.8030014038086,0.020558999851346,0,125.04280090332,-85.4203,25.4699,41.8235856919621,63,63,63,63,61,63,0,8280,1.36958730294889,25,-85,0.001869,51,2023-11-18 08:40:32.000916,342,1.037,0.0011,"aoml_navis",1028.31302910399
"7901009",17,0,4,0.013083,1,-0.009345,1,129.291108500681,1,4.86228374110872,344,1,14.0369997024536,35.8009986877441,0.0130829997360706,0,124.677398681641,-85.4203,25.4699,41.8235856919621,63,63,63,63,61,63,0,8280,1.36958730294889,25,-85,0.001869,51,2023-11-18 08:40:32.000916,344,1.037,0.0011,"aoml_navis",1028.32336947491
"7901009",17,0,1,0.024297,1,0.001869,1,128.741497020141,1,4.86224260465733,346,1,14.0270004272461,35.7980003356934,0.0242970008403063,0,124.147399902344,-85.4203,25.4699,41.8235856919621,63,63,63,63,61,63,0,8280,1.36958730294889,25,-85,0.001869,51,2023-11-18 08:40:32.000916,346,1.037,0.0011,"aoml_navis",1028.332069488
"7901009",17,0,1,0.01869,1,-0.003738,1,127.99330132584,1,4.86219127648745,348,1,14,35.7929992675781,0.0186899993568659,0,123.425903320312,-85.4203,25.4699,41.8235856919621,63,63,63,63,61,63,0,8280,1.36958730294889,25,-85,0.001869,51,2023-11-18 08:40:32.000916,348,1.037,0.0011,"aoml_navis",1028.34292517017
"7901009",17,0,1,0.022428,1,0,1,126.782388590032,1,4.86213334566228,350,1,13.9630002975464,35.7869987487793,0.0224280003458261,0,122.258201599121,-85.4203,25.4699,41.8235856919621,63,63,63,63,61,63,0,8280,1.36958730294889,25,-85,0.001869,51,2023-11-18 08:40:32.000916,350,1.037,0.0011,"aoml_navis",1028.35517756022
"7901009",17,0,1,0.020559,1,-0.001869,1,124.826072997671,1,4.86206794436203,352,1,13.9079999923706,35.7779998779297,0.020558999851346,0,120.371696472168,-85.4203,25.4699,41.8235856919621,63,63,63,63,61,63,0,8280,1.36958730294889,25,-85,0.001869,51,2023-11-18 08:40:32.000916,352,1.037,0.0011,"aoml_navis",1028.36901030927
"7901009",17,0,1,0.016821,1,-0.005607,1,122.433291456283,1,4.86197405804596,354,1,13.8000001907349,35.7620010375977,0.0168210007250309,0,118.064300537109,-85.4203,25.4699,41.8235856919621,63,63,63,63,61,63,0,8280,1.36958730294889,25,-85,0.001869,51,2023-11-18 08:40:32.000916,354,1.037,0.0011,"aoml_navis",1028.38886845265
"7901009",17,0,1,0.022428,1,0,1,121.352004368214,1,4.8618561059791,356,1,13.6569995880127,35.7430000305176,0.0224280003458261,0,117.021598815918,-85.4203,25.4699,41.8235856919621,63,63,63,63,61,63,0,8280,1.36958730294889,25,-85,0.001869,51,2023-11-18 08:40:32.000916,356,1.037,0.0011,"aoml_navis",1028.41381789375
"7901009",17,0,1,0.020559,1,-0.001869,1,121.092855925117,1,4.86180152639485,358,1,13.6300001144409,35.7389984130859,0.020558999851346,0,116.771697998047,-85.4203,25.4699,41.8235856919621,63,63,63,63,61,63,0,8280,1.36958730294889,25,-85,0.001869,51,2023-11-18 08:40:32.000916,358,1.037,0.0011,"aoml_navis",1028.42536307886
"7901009",17,0,1,0.01869,1,-0.003738,1,120.909098277754,1,4.86175141041739,360,1,13.6110000610352,35.7360000610352,0.0186899993568659,0,116.594497680664,-85.4203,25.4699,41.8235856919621,63,63,63,63,61,63,0,8280,1.36958730294889,25,-85,0.001869,51,2023-11-18 08:40:32.000916,360,1.037,0.0011,"aoml_navis",1028.43596430833
"7901009",17,0,1,0.020559,1,-0.001869,1,120.772011876485,1,4.86169523938175,362,1,13.5860004425049,35.7330017089844,0.020558999851346,0,116.462303161621,-85.4203,25.4699,41.8235856919621,63,63,63,63,61,63,0,8280,1.36958730294889,25,-85,0.001869,51,2023-11-18 08:40:32.000916,362,1.037,0.0011,"aoml_navis",1028.4478466478
"7901009",17,0,1,0.022428,1,0,1,120.734265052427,1,4.86164275103603,364,1,13.5609998703003,35.7290000915527,0.0224280003458261,0,116.425903320312,-85.4203,25.4699,41.8235856919621,63,63,63,63,61,63,0,8280,1.36958730294889,25,-85,0.001869,51,2023-11-18 08:40:32.000916,364,1.037,0.0011,"aoml_navis",1028.45895020453
"7901009",17,0,1,0.022428,1,0,1,120.624964617642,1,4.86159610503121,366,1,13.548999786377,35.7270011901855,0.0224280003458261,0,116.320503234863,-85.4203,25.4699,41.8235856919621,63,63,63,63,61,63,0,8280,1.36958730294889,25,-85,0.001869,51,2023-11-18 08:40:32.000916,366,1.037,0.0011,"aoml_navis",1028.46881805454
"7901009",17,0,1,0.020559,1,-0.001869,1,120.520015629772,1,4.86155048822628,368,1,13.5380001068115,35.7249984741211,0.020558999851346,0,116.219299316406,-85.4203,25.4699,41.8235856919621,63,63,63,63,61,63,0,8280,1.36958730294889,25,-85,0.001869,51,2023-11-18 08:40:32.000916,368,1.037,0.0011,"aoml_navis",1028.47846836293
"7901009",17,0,1,0.020559,1,-0.001869,1,120.409370202304,1,4.8615024534734,370,1,13.5209999084473,35.7220001220703,0.020558999851346,0,116.112602233887,-85.4203,25.4699,41.8235856919621,63,63,63,63,61,63,0,8280,1.36958730294889,25,-85,0.001869,51,2023-11-18 08:40:32.000916,370,1.037,0.0011,"aoml_navis",1028.48863038784
"7901009",17,0,1,0.026166,1,0.003738,1,120.222811805472,1,4.86145885110257,372,1,13.5120000839233,35.7200012207031,0.0261659994721413,0,115.93270111084,-85.4203,25.4699,41.8235856919621,63,63,63,63,61,63,0,8280,1.36958730294889,25,-85,0.001869,51,2023-11-18 08:40:32.000916,372,1.037,0.0011,"aoml_navis",1028.49785489103
"7901009",17,0,1,0.01869,1,-0.003738,1,120.032827633159,1,4.86141224070316,374,1,13.5,35.7179985046387,0.0186899993568659,0,115.749496459961,-85.4203,25.4699,41.8235856919621,63,63,63,63,61,63,0,8280,1.36958730294889,25,-85,0.001869,51,2023-11-18 08:40:32.000916,374,1.037,0.0011,"aoml_navis",1028.50771595474
"7901009",17,0,1,0.022428,1,0,1,119.672369594157,1,4.86136446954066,376,1,13.4759998321533,35.7130012512207,0.0224280003458261,0,115.401901245117,-85.4203,25.4699,41.8235856919621,63,63,63,63,61,63,0,8280,1.36958730294889,25,-85,0.001869,51,2023-11-18 08:40:32.000916,376,1.037,0.0011,"aoml_navis",1028.51782278987
"7901009",17,0,1,0.026166,1,0.003738,1,119.455635890899,1,4.8612768612589,378,1,13.3760004043579,35.6980018615723,0.0261659994721413,0,115.192901611328,-85.4203,25.4699,41.8235856919621,63,63,63,63,61,63,0,8280,1.36958730294889,25,-85,0.001869,51,2023-11-18 08:40:32.000916,378,1.037,0.0011,"aoml_navis",1028.53635838901
"7901009",17,0,1,0.020559,1,-0.001869,1,119.186320885464,1,4.86121907560884,380,1,13.3199996948242,35.6870002746582,0.020558999851346,0,114.933197021484,-85.4203,25.4699,41.8235856919621,63,63,63,63,61,63,0,8280,1.36958730294889,25,-85,0.001869,51,2023-11-18 08:40:32.000916,380,1.037,0.0011,"aoml_navis",1028.54858467241
"7901009",17,0,1,0.024297,1,0.001869,1,119.142664005323,1,4.86112881886069,382,1,13.2019996643066,35.6679992675781,0.0242970008403063,0,114.891098022461,-85.4203,25.4699,41.8235856919621,63,63,63,63,61,63,0,8280,1.36958730294889,25,-85,0.001869,51,2023-11-18 08:40:32.000916,382,1.037,0.0011,"aoml_navis",1028.56768176982
"7901009",17,0,1,0.026166,1,0.003738,1,119.434788504315,1,4.86101579766553,384,1,13.0530004501343,35.6469993591309,0.0261659994721413,0,115.172798156738,-85.4203,25.4699,41.8235856919621,63,63,63,63,61,63,0,8280,1.36958730294889,25,-85,0.001869,51,2023-11-18 08:40:32.000916,384,1.037,0.0011,"aoml_navis",1028.59159651388
"7901009",17,0,1,0.028035,1,0.005607,1,119.592516587404,1,4.86093749823688,386,1,12.9680004119873,35.6339988708496,0.0280349999666214,0,115.324897766113,-85.4203,25.4699,41.8235856919621,63,63,63,63,61,63,0,8280,1.36958730294889,25,-85,0.001869,51,2023-11-18 08:40:32.000916,386,1.037,0.0011,"aoml_navis",1028.6081649504
"7901009",17,0,1,0.022428,1,0,1,119.739880315114,1,4.86087309421407,388,1,12.9079999923706,35.6240005493164,0.0224280003458261,0,115.467002868652,-85.4203,25.4699,41.8235856919621,63,63,63,63,61,63,0,8280,1.36958730294889,25,-85,0.001869,51,2023-11-18 08:40:32.000916,388,1.037,0.0011,"aoml_navis",1028.62179346989
"7901009",17,0,1,0.022428,1,0,1,119.896983372192,1,4.86081624530107,390,1,12.8629999160767,35.6160011291504,0.0224280003458261,0,115.618499755859,-85.4203,25.4699,41.8235856919621,63,63,63,63,61,63,0,8280,1.36958730294889,25,-85,0.001869,51,2023-11-18 08:40:32.000916,390,1.037,0.0011,"aoml_navis",1028.63382355453
"7901009",17,0,1,0.026166,1,0.003738,1,120.160902583453,1,4.86076294730892,392,1,12.8290004730225,35.6100006103516,0.0261659994721413,0,115.873001098633,-85.4203,25.4699,41.8235856919621,63,63,63,63,61,63,0,8280,1.36958730294889,25,-85,0.001869,51,2023-11-18 08:40:32.000916,392,1.037,0.0011,"aoml_navis",1028.64510246651
"7901009",17,0,1,0.022428,1,0,1,120.647671258817,1,4.86071601738087,394,1,12.793999671936,35.6020011901855,0.0224280003458261,0,116.342399597168,-85.4203,25.4699,41.8235856919621,63,63,63,63,61,63,0,8280,1.36958730294889,25,-85,0.001869,51,2023-11-18 08:40:32.000916,394,1.037,0.0011,"aoml_navis",1028.65503397464
"7901009",17,0,1,0.022428,1,0,1,121.440773885282,1,4.86061025413167,396,1,12.6459999084473,35.5800018310547,0.0224280003458261,0,117.107200622559,-85.4203,25.4699,41.8235856919621,63,63,63,63,61,63,0,8280,1.36958730294889,25,-85,0.001869,51,2023-11-18 08:40:32.000916,396,1.037,0.0011,"aoml_navis",1028.67741673998
"7901009",17,0,1,0.022428,1,0,1,121.474272114807,1,4.86053549048084,398,1,12.5480003356934,35.5629997253418,0.0224280003458261,0,117.139503479004,-85.4203,25.4699,41.8235856919621,63,63,63,63,61,63,0,8280,1.36958730294889,25,-85,0.001869,51,2023-11-18 08:40:32.000916,398,1.037,0.0011,"aoml_navis",1028.69323962191
"7901009",17,0,1,0.020559,1,-0.001869,1,121.066929213225,1,4.86049539777297,400,1,12.5310001373291,35.5579986572266,0.020558999851346,0,116.746696472168,-85.4203,25.4699,41.8235856919621,63,63,63,63,61,63,0,8280,1.36958730294889,25,-85,0.001869,51,2023-11-18 08:40:32.000916,400,1.037,0.0011,"aoml_navis",1028.70172499103
"7901009",17,0,1,0.022428,1,0,1,120.825415997716,1,4.86040514566181,402,1,12.423999786377,35.5429992675781,0.0224280003458261,0,116.513801574707,-85.4203,25.4699,41.8235856919621,63,63,63,63,61,63,0,8280,1.36958730294889,25,-85,0.001869,51,2023-11-18 08:40:32.000916,402,1.037,0.0011,"aoml_navis",1028.7208267942
"7901009",17,0,1,0.024297,1,0.001869,1,120.756971693602,1,4.86032740926935,404,1,12.3409996032715,35.5309982299805,0.0242970008403063,0,116.447799682617,-85.4203,25.4699,41.8235856919621,63,63,63,63,61,63,0,8280,1.36958730294889,25,-85,0.001869,51,2023-11-18 08:40:32.000916,404,1.037,0.0011,"aoml_navis",1028.73728022196
"7901009",17,0,1,0.022428,1,0,1,120.617290247628,1,4.86027258687607,406,1,12.2969999313354,35.5229988098145,0.0224280003458261,0,116.313102722168,-85.4203,25.4699,41.8235856919621,63,63,63,63,61,63,0,8280,1.36958730294889,25,-85,0.001869,51,2023-11-18 08:40:32.000916,406,1.037,0.0011,"aoml_navis",1028.7488840649
"7901009",17,0,1,0.022428,1,0,1,120.500109738066,1,4.86021259574879,408,1,12.2360000610352,35.5120010375977,0.0224280003458261,0,116.200103759766,-85.4203,25.4699,41.8235856919621,63,63,63,63,61,63,0,8280,1.36958730294889,25,-85,0.001869,51,2023-11-18 08:40:32.000916,408,1.037,0.0011,"aoml_navis",1028.76158223479
"7901009",17,0,1,0.024297,1,0.001869,1,120.336985860802,1,4.86013932933821,410,1,12.1569995880127,35.5,0.0242970008403063,0,116.04280090332,-85.4203,25.4699,41.8235856919621,63,63,63,63,61,63,0,8280,1.36958730294889,25,-85,0.001869,51,2023-11-18 08:40:32.000916,410,1.037,0.0011,"aoml_navis",1028.77709077547
"7901009",17,0,1,0.026166,1,0.003738,1,120.078668148479,1,4.86007442302967,412,1,12.1020002365112,35.492000579834,0.0261659994721413,0,115.793701171875,-85.4203,25.4699,41.8235856919621,63,63,63,63,61,63,0,8280,1.36958730294889,25,-85,0.001869,51,2023-11-18 08:40:32.000916,412,1.037,0.0011,"aoml_navis",1028.79083009661
"7901009",17,0,1,0.022428,1,0,1,119.748171799418,1,4.86002016750252,414,1,12.0620002746582,35.4850006103516,0.0224280003458261,0,115.474998474121,-85.4203,25.4699,41.8235856919621,63,63,63,63,61,63,0,8280,1.36958730294889,25,-85,0.001869,51,2023-11-18 08:40:32.000916,414,1.037,0.0011,"aoml_navis",1028.80231514953
"7901009",17,0,1,0.022428,1,0,1,119.433134954487,1,4.85995137396137,416,1,11.9910001754761,35.4739990234375,0.0224280003458261,0,115.171203613281,-85.4203,25.4699,41.8235856919621,63,63,63,63,61,63,0,8280,1.36958730294889,25,-85,0.001869,51,2023-11-18 08:40:32.000916,416,1.037,0.0011,"aoml_navis",1028.81687804306
"7901009",17,0,1,0.026166,1,0.003738,1,119.179896567473,1,4.85986007344955,418,1,11.8879995346069,35.4609985351562,0.0261659994721413,0,114.927001953125,-85.4203,25.4699,41.8235856919621,63,63,63,63,61,63,0,8280,1.36958730294889,25,-85,0.001869,51,2023-11-18 08:40:32.000916,418,1.037,0.0011,"aoml_navis",1028.83620607022
"7901009",17,0,1,0.022428,1,0,1,119.008164737039,1,4.85978806496479,420,1,11.8129997253418,35.4500007629395,0.0224280003458261,0,114.76139831543,-85.4203,25.4699,41.8235856919621,63,63,63,63,61,63,0,8280,1.36958730294889,25,-85,0.001869,51,2023-11-18 08:40:32.000916,420,1.037,0.0011,"aoml_navis",1028.85145054905
"7901009",17,0,1,0.022428,1,0,1,118.765717938373,1,4.85973911178904,422,1,11.78600025177,35.4449996948242,0.0224280003458261,0,114.527603149414,-85.4203,25.4699,41.8235856919621,63,63,63,63,61,63,0,8280,1.36958730294889,25,-85,0.001869,51,2023-11-18 08:40:32.000916,422,1.037,0.0011,"aoml_navis",1028.86181438644
"7901009",17,0,1,0.026166,1,0.003738,1,118.220457904748,1,4.85969677452347,424,1,11.7700004577637,35.4410018920898,0.0261659994721413,0,114.001800537109,-85.4203,25.4699,41.8235856919621,63,63,63,63,61,63,0,8280,1.36958730294889,25,-85,0.001869,51,2023-11-18 08:40:32.000916,424,1.037,0.0011,"aoml_navis",1028.87077774318
"7901009",17,0,1,0.024297,1,0.001869,1,117.701852461409,1,4.85961777519073,426,1,11.6909999847412,35.4309997558594,0.0242970008403063,0,113.50170135498,-85.4203,25.4699,41.8235856919621,63,63,63,63,61,63,0,8280,1.36958730294889,25,-85,0.001869,51,2023-11-18 08:40:32.000916,426,1.037,0.0011,"aoml_navis",1028.88750336003
"7901009",17,0,1,0.026166,1,0.003738,1,117.483251591838,1,4.85953630101332,428,1,11.6129999160767,35.4220008850098,0.0261659994721413,0,113.290901184082,-85.4203,25.4699,41.8235856919621,63,63,63,63,61,63,0,8280,1.36958730294889,25,-85,0.001869,51,2023-11-18 08:40:32.000916,428,1.037,0.0011,"aoml_navis",1028.90475351679
"7901009",17,0,1,0.024297,1,0.001869,1,117.260504980116,1,4.85948567383937,430,1,11.5799999237061,35.4160003662109,0.0242970008403063,0,113.076103210449,-85.4203,25.4699,41.8235856919621,63,63,63,63,61,63,0,8280,1.36958730294889,25,-85,0.001869,51,2023-11-18 08:40:32.000916,430,1.037,0.0011,"aoml_navis",1028.9154728693
"7901009",17,0,1,0.024297,1,0.001869,1,117.365240351501,1,4.85942944078849,432,1,11.5249996185303,35.4059982299805,0.0242970008403063,0,113.177101135254,-85.4203,25.4699,41.8235856919621,63,63,63,63,61,63,0,8280,1.36958730294889,25,-85,0.001869,51,2023-11-18 08:40:32.000916,432,1.037,0.0011,"aoml_navis",1028.9273794227
"7901009",17,0,1,0.026166,1,0.003738,1,117.47526866468,1,4.85936692485308,434,1,11.4709997177124,35.3979988098145,0.0261659994721413,0,113.283203125,-85.4203,25.4699,41.8235856919621,63,63,63,63,61,63,0,8280,1.36958730294889,25,-85,0.001869,51,2023-11-18 08:40:32.000916,434,1.037,0.0011,"aoml_navis",1028.94061661153
"7901009",17,0,1,0.024297,1,0.001869,1,117.590890565074,1,4.85929534020852,436,1,11.3950004577637,35.3870010375977,0.0242970008403063,0,113.39469909668,-85.4203,25.4699,41.8235856919621,63,63,63,63,61,63,0,8280,1.36958730294889,25,-85,0.001869,51,2023-11-18 08:40:32.000916,436,1.037,0.0011,"aoml_navis",1028.95577443651
"7901009",17,0,1,0.028035,1,0.005607,1,117.52006483274,1,4.85924409403277,438,1,11.3649997711182,35.3819999694824,0.0280349999666214,0,113.326400756836,-85.4203,25.4699,41.8235856919621,63,63,63,63,61,63,0,8280,1.36958730294889,25,-85,0.001869,51,2023-11-18 08:40:32.000916,438,1.037,0.0011,"aoml_navis",1028.96662592852
"7901009",17,0,1,0.026166,1,0.003738,1,117.228565359759,1,4.85920200745092,440,1,11.3610000610352,35.3810005187988,0.0261659994721413,0,113.045303344727,-85.4203,25.4699,41.8235856919621,63,63,63,63,61,63,0,8280,1.36958730294889,25,-85,0.001869,51,2023-11-18 08:40:32.000916,440,1.037,0.0011,"aoml_navis",1028.97553802727
"7901009",17,0,1,0.026166,1,0.003738,1,116.927935759979,1,4.85915628370331,442,1,11.3369998931885,35.3759994506836,0.0261659994721413,0,112.755401611328,-85.4203,25.4699,41.8235856919621,63,63,63,63,61,63,0,8280,1.36958730294889,25,-85,0.001869,51,2023-11-18 08:40:32.000916,442,1.037,0.0011,"aoml_navis",1028.98522049374
"7901009",17,0,1,0.024297,1,0.001869,1,116.870797306123,1,4.85908235577843,444,1,11.2659997940063,35.367000579834,0.0242970008403063,0,112.700302124023,-85.4203,25.4699,41.8235856919621,63,63,63,63,61,63,0,8280,1.36958730294889,25,-85,0.001869,51,2023-11-18 08:40:32.000916,444,1.037,0.0011,"aoml_navis",1029.00087586579
"7901009",17,0,1,0.022428,1,0,1,116.793950753602,1,4.85903490290789,446,1,11.2399997711182,35.3619995117188,0.0224280003458261,0,112.626197814941,-85.4203,25.4699,41.8235856919621,63,63,63,63,61,63,0,8280,1.36958730294889,25,-85,0.001869,51,2023-11-18 08:40:32.000916,446,1.037,0.0011,"aoml_navis",1029.01092499001
"7901009",17,0,1,0.028035,1,0.005607,1,116.88272027067,1,4.8589620779018,448,1,11.1820001602173,35.3559989929199,0.0280349999666214,0,112.711799621582,-85.4203,25.4699,41.8235856919621,63,63,63,63,61,63,0,8280,1.36958730294889,25,-85,0.001869,51,2023-11-18 08:40:32.000916,448,1.037,0.0011,"aoml_navis",1029.02634756909
"7901009",17,0,1,0.026166,1,0.003738,1,116.907404842261,1,4.85890020312887,450,1,11.1400003433228,35.351001739502,0.0261659994721413,0,112.73560333252,-85.4203,25.4699,41.8235856919621,63,63,63,63,61,63,0,8280,1.36958730294889,25,-85,0.001869,51,2023-11-18 08:40:32.000916,450,1.037,0.0011,"aoml_navis",1029.03945151627
"7901009",17,0,1,0.022428,1,0,1,116.88676316044,1,4.85885370033403,452,1,11.1230001449585,35.3479995727539,0.0224280003458261,0,112.715698242188,-85.4203,25.4699,41.8235856919621,63,63,63,63,61,63,0,8280,1.36958730294889,25,-85,0.001869,51,2023-11-18 08:40:32.000916,452,1.037,0.0011,"aoml_navis",1029.04930017882
"7901009",17,0,1,0.024297,1,0.001869,1,116.843628453929,1,4.85879820006751,454,1,11.0920000076294,35.3440017700195,0.0242970008403063,0,112.674102783203,-85.4203,25.4699,41.8235856919621,63,63,63,63,61,63,0,8280,1.36958730294889,25,-85,0.001869,51,2023-11-18 08:40:32.000916,454,1.037,0.0011,"aoml_navis",1029.06105463086
"7901009",17,0,1,0.026166,1,0.003738,1,116.803389437547,1,4.85875177755013,456,1,11.0710000991821,35.3400001525879,0.0261659994721413,0,112.635299682617,-85.4203,25.4699,41.8235856919621,63,63,63,63,61,63,0,8280,1.36958730294889,25,-85,0.001869,51,2023-11-18 08:40:32.000916,456,1.037,0.0011,"aoml_navis",1029.07088670438
"7901009",17,0,1,0.026166,1,0.003738,1,116.752991770549,1,4.85870176351985,458,1,11.0459995269775,35.3359985351562,0.0261659994721413,0,112.586700439453,-85.4203,25.4699,41.8235856919621,63,63,63,63,61,63,0,8280,1.36958730294889,25,-85,0.001869,51,2023-11-18 08:40:32.000916,458,1.037,0.0011,"aoml_navis",1029.0814796539
"7901009",17,0,1,0.028035,1,0.005607,1,116.726440032645,1,4.85865632315906,460,1,11.0220003128052,35.3310012817383,0.0280349999666214,0,112.561096191406,-85.4203,25.4699,41.8235856919621,63,63,63,63,61,63,0,8280,1.36958730294889,25,-85,0.001869,51,2023-11-18 08:40:32.000916,460,1.037,0.0011,"aoml_navis",1029.09110409131
"7901009",17,0,1,0.026166,1,0.003738,1,116.774353419041,1,4.85859935609746,462,1,10.9770002365112,35.3240013122559,0.0261659994721413,0,112.607299804688,-85.4203,25.4699,41.8235856919621,63,63,63,63,61,63,0,8280,1.36958730294889,25,-85,0.001869,51,2023-11-18 08:40:32.000916,462,1.037,0.0011,"aoml_navis",1029.10317018115
"7901009",17,0,1,0.026166,1,0.003738,1,116.906154790238,1,4.85853009225868,464,1,10.9099998474121,35.314998626709,0.0261659994721413,0,112.734397888184,-85.4203,25.4699,41.8235856919621,63,63,63,63,61,63,0,8280,1.36958730294889,25,-85,0.001869,51,2023-11-18 08:40:32.000916,464,1.037,0.0011,"aoml_navis",1029.11784121019
"7901009",17,0,1,0.029904,1,0.007476,1,116.888321769608,1,4.85847843493045,466,1,10.8830003738403,35.3110008239746,0.0299040004611015,0,112.71720123291,-85.4203,25.4699,41.8235856919621,63,63,63,63,61,63,0,8280,1.36958730294889,25,-85,0.001869,51,2023-11-18 08:40:32.000916,466,1.037,0.0011,"aoml_navis",1029.12878321165
"7901009",17,0,1,0.028035,1,0.005607,1,116.856690706396,1,4.85842932625444,468,1,10.8669996261597,35.3089981079102,0.0280349999666214,0,112.686698913574,-85.4203,25.4699,41.8235856919621,63,63,63,63,61,63,0,8280,1.36958730294889,25,-85,0.001869,51,2023-11-18 08:40:32.000916,468,1.037,0.0011,"aoml_navis",1029.13918557599
"7901009",17,0,1,0.024297,1,0.001869,1,116.879610964056,1,4.85838307161014,470,1,10.8459997177124,35.3050003051758,0.0242970008403063,0,112.708801269531,-85.4203,25.4699,41.8235856919621,63,63,63,63,61,63,0,8280,1.36958730294889,25,-85,0.001869,51,2023-11-18 08:40:32.000916,470,1.037,0.0011,"aoml_navis",1029.14898358209
"7901009",17,0,1,0.022428,1,0,1,116.942453769232,1,4.85833337257532,472,1,10.8170003890991,35.2999992370605,0.0224280003458261,0,112.769401550293,-85.4203,25.4699,41.8235856919621,63,63,63,63,61,63,0,8280,1.36958730294889,25,-85,0.001869,51,2023-11-18 08:40:32.000916,472,1.037,0.0011,"aoml_navis",1029.15951141278
"7901009",17,0,1,0.026166,1,0.003738,1,116.899627619866,1,4.85828024306075,474,1,10.7799997329712,35.2939987182617,0.0261659994721413,0,112.728103637695,-85.4203,25.4699,41.8235856919621,63,63,63,63,61,63,0,8280,1.36958730294889,25,-85,0.001869,51,2023-11-18 08:40:32.000916,474,1.037,0.0011,"aoml_navis",1029.170766166
"7901009",17,0,1,0.026166,1,0.003738,1,116.797787938609,1,4.8582365222286,476,1,10.7700004577637,35.2919998168945,0.0261659994721413,0,112.629898071289,-85.4203,25.4699,41.8235856919621,63,63,63,63,61,63,0,8280,1.36958730294889,25,-85,0.001869,51,2023-11-18 08:40:32.000916,476,1.037,0.0011,"aoml_navis",1029.18002800456
"7901009",17,0,1,0.026166,1,0.003738,1,116.610818132251,1,4.85818846060463,478,1,10.7510004043579,35.2890014648438,0.0261659994721413,0,112.449600219727,-85.4203,25.4699,41.8235856919621,63,63,63,63,61,63,0,8280,1.36958730294889,25,-85,0.001869,51,2023-11-18 08:40:32.000916,478,1.037,0.0011,"aoml_navis",1029.19020959054
"7901009",17,0,1,0.024297,1,0.001869,1,116.277109624194,1,4.85813720180753,480,1,10.7159996032715,35.2830009460449,0.0242970008403063,0,112.127799987793,-85.4203,25.4699,41.8235856919621,63,63,63,63,61,63,0,8280,1.36958730294889,25,-85,0.001869,51,2023-11-18 08:40:32.000916,480,1.037,0.0011,"aoml_navis",1029.20106870174
"7901009",17,0,1,0.028035,1,0.005607,1,116.090139817835,1,4.85807535990284,482,1,10.668999671936,35.2770004272461,0.0280349999666214,0,111.94750213623,-85.4203,25.4699,41.8235856919621,63,63,63,63,61,63,0,8280,1.36958730294889,25,-85,0.001869,51,2023-11-18 08:40:32.000916,482,1.037,0.0011,"aoml_navis",1029.21417013589
"7901009",17,0,1,0.026166,1,0.003738,1,115.809424021482,1,4.85802169404196,484,1,10.6269998550415,35.2700004577637,0.0261659994721413,0,111.676803588867,-85.4203,25.4699,41.8235856919621,63,63,63,63,61,63,0,8280,1.36958730294889,25,-85,0.001869,51,2023-11-18 08:40:32.000916,484,1.037,0.0011,"aoml_navis",1029.22553971551
"7901009",17,0,1,0.026166,1,0.003738,1,115.331777561196,1,4.85795677504915,486,1,10.5679998397827,35.2620010375977,0.0261659994721413,0,111.216201782227,-85.4203,25.4699,41.8235856919621,63,63,63,63,61,63,0,8280,1.36958730294889,25,-85,0.001869,51,2023-11-18 08:40:32.000916,486,1.037,0.0011,"aoml_navis",1029.23929370479
"7901009",17,0,1,0.026166,1,0.003738,1,114.675349926473,1,4.85790095005133,488,1,10.539999961853,35.2589988708496,0.0261659994721413,0,110.583198547363,-85.4203,25.4699,41.8235856919621,63,63,63,63,61,63,0,8280,1.36958730294889,25,-85,0.001869,51,2023-11-18 08:40:32.000916,488,1.037,0.0011,"aoml_navis",1029.25112129904
"7901009",17,0,1,0.028035,1,0.005607,1,113.807275825522,1,4.85784400400629,490,1,10.5690002441406,35.2700004577637,0.0280349999666214,0,109.746101379395,-85.4203,25.4699,41.8235856919621,63,63,63,63,61,63,0,8280,1.36958730294889,25,-85,0.001869,51,2023-11-18 08:40:32.000916,490,1.037,0.0011,"aoml_navis",1029.26318668868
"7901009",17,0,1,0.026166,1,0.003738,1,113.455940001598,1,4.85779573277379,492,1,10.5869998931885,35.2760009765625,0.0261659994721413,0,109.407302856445,-85.4203,25.4699,41.8235856919621,63,63,63,63,61,63,0,8280,1.36958730294889,25,-85,0.001869,51,2023-11-18 08:40:32.000916,492,1.037,0.0011,"aoml_navis",1029.2734143321
"7901009",17,0,1,0.026166,1,0.003738,1,113.064262308911,1,4.85774869681159,494,1,10.5690002441406,35.2729988098145,0.0261659994721413,0,109.029602050781,-85.4203,25.4699,41.8235856919621,63,63,63,63,61,63,0,8280,1.36958730294889,25,-85,0.001869,51,2023-11-18 08:40:32.000916,494,1.037,0.0011,"aoml_navis",1029.28338044366
"7901009",17,0,1,0.026166,1,0.003738,1,113.092048275394,1,4.85767348677536,496,1,10.4940004348755,35.2639999389648,0.0261659994721413,0,109.056396484375,-85.4203,25.4699,41.8235856919621,63,63,63,63,61,63,0,8280,1.36958730294889,25,-85,0.001869,51,2023-11-18 08:40:32.000916,496,1.037,0.0011,"aoml_navis",1029.29931655804
"7901009",17,0,1,0.028035,1,0.005607,1,112.923433663295,1,4.85762418581701,498,1,10.4650001525879,35.2589988708496,0.0280349999666214,0,108.893798828125,-85.4203,25.4699,41.8235856919621,63,63,63,63,61,63,0,8280,1.36958730294889,25,-85,0.001869,51,2023-11-18 08:40:32.000916,498,1.037,0.0011,"aoml_navis",1029.30976311397
"7901009",17,0,1,0.024297,1,0.001869,1,112.5531176191,1,4.85757283518259,500,1,10.4420003890991,35.2560005187988,0.0242970008403063,0,108.536697387695,-85.4203,25.4699,41.8235856919621,63,63,63,63,61,63,0,8280,1.36958730294889,25,-85,0.001869,51,2023-11-18 08:40:32.000916,500,1.037,0.0011,"aoml_navis",1029.32064420853
"7901009",17,0,1,0.029904,1,0.007476,1,112.378901508063,1,4.85751380194476,502,1,10.4060001373291,35.2519989013672,0.0299040004611015,0,108.368698120117,-85.4203,25.4699,41.8235856919621,63,63,63,63,61,63,0,8280,1.36958730294889,25,-85,0.001869,51,2023-11-18 08:40:32.000916,502,1.037,0.0011,"aoml_navis",1029.33315351532
"7901009",17,0,1,0.026166,1,0.003738,1,112.477940439851,1,4.85747529332611,504,1,10.4060001373291,35.2509994506836,0.0261659994721413,0,108.464202880859,-85.4203,25.4699,41.8235856919621,63,63,63,63,61,63,0,8280,1.36958730294889,25,-85,0.001869,51,2023-11-18 08:40:32.000916,504,1.037,0.0011,"aoml_navis",1029.34131376226
"7901009",17,0,1,0.028035,1,0.005607,1,112.912238577141,1,4.85741944103715,506,1,10.3610000610352,35.2439994812012,0.0280349999666214,0,108.883003234863,-85.4203,25.4699,41.8235856919621,63,63,63,63,61,63,0,8280,1.36958730294889,25,-85,0.001869,51,2023-11-18 08:40:32.000916,506,1.037,0.0011,"aoml_navis",1029.35314948474
"7901009",17,0,1,0.028035,1,0.005607,1,113.458012872674,1,4.85732866171859,508,1,10.2419996261597,35.2290000915527,0.0280349999666214,0,109.409301757812,-85.4203,25.4699,41.8235856919621,63,63,63,63,61,63,0,8280,1.36958730294889,25,-85,0.001869,51,2023-11-18 08:40:32.000916,508,1.037,0.0011,"aoml_navis",1029.37238721477
"7901009",17,0,1,0.026166,1,0.003738,1,113.831541075865,1,4.85726768588642,510,1,10.1780004501343,35.2190017700195,0.0261659994721413,0,109.769500732422,-85.4203,25.4699,41.8235856919621,63,63,63,63,61,63,0,8280,1.36958730294889,25,-85,0.001869,51,2023-11-18 08:40:32.000916,510,1.037,0.0011,"aoml_navis",1029.38530946695
"7901009",17,0,1,0.026166,1,0.003738,1,114.187022641941,1,4.85722373190815,512,1,10.1590003967285,35.2150001525879,0.0261659994721413,0,110.112297058105,-85.4203,25.4699,41.8235856919621,63,63,63,63,61,63,0,8280,1.36958730294889,25,-85,0.001869,51,2023-11-18 08:40:32.000916,512,1.037,0.0011,"aoml_navis",1029.39462457822
"7901009",17,0,1,0.028035,1,0.005607,1,114.548113618676,1,4.85716642894523,514,1,10.0989999771118,35.2050018310547,0.0280349999666214,0,110.460502624512,-85.4203,25.4699,41.8235856919621,63,63,63,63,61,63,0,8280,1.36958730294889,25,-85,0.001869,51,2023-11-18 08:40:32.000916,514,1.037,0.0011,"aoml_navis",1029.40676897616
"7901009",17,0,1,0.028035,1,0.005607,1,114.419935816001,1,4.85710883660278,516,1,10.0469999313354,35.1969985961914,0.0280349999666214,0,110.336898803711,-85.4203,25.4699,41.8235856919621,63,63,63,63,61,63,0,8280,1.36958730294889,25,-85,0.001869,51,2023-11-18 08:40:32.000916,516,1.037,0.0011,"aoml_navis",1029.41897499195
"7901009",17,0,1,0.029904,1,0.007476,1,113.935137159331,1,4.85705147467623,518,1,10.0080003738403,35.1920013427734,0.0299040004611015,0,109.869400024414,-85.4203,25.4699,41.8235856919621,63,63,63,63,61,63,0,8280,1.36958730294889,25,-85,0.001869,51,2023-11-18 08:40:32.000916,518,1.037,0.0011,"aoml_navis",1029.43113246155
"7901009",17,0,1,0.028035,1,0.005607,1,113.356070339036,1,4.85699934298153,520,1,10.0050001144409,35.1940002441406,0.0280349999666214,0,109.310997009277,-85.4203,25.4699,41.8235856919621,63,63,63,63,61,63,0,8280,1.36958730294889,25,-85,0.001869,51,2023-11-18 08:40:32.000916,520,1.037,0.0011,"aoml_navis",1029.44218166822
"7901009",17,0,1,0.026166,1,0.003738,1,112.947287504112,1,4.85695407559195,522,1,10.0100002288818,35.1959991455078,0.0261659994721413,0,108.916801452637,-85.4203,25.4699,41.8235856919621,63,63,63,63,61,63,0,8280,1.36958730294889,25,-85,0.001869,51,2023-11-18 08:40:32.000916,522,1.037,0.0011,"aoml_navis",1029.45177619177
"7901009",17,0,1,0.029904,1,0.007476,1,112.62301768,1,4.85690842403369,524,1,10.0059995651245,35.1959991455078,0.0299040004611015,0,108.604103088379,-85.4203,25.4699,41.8235856919621,63,63,63,63,61,63,0,8280,1.36958730294889,25,-85,0.001869,51,2023-11-18 08:40:32.000916,524,1.037,0.0011,"aoml_navis",1029.46145232186
"7901009",17,0,1,0.026166,1,0.003738,1,112.220445546581,1,4.85685872333428,526,1,9.99300003051758,35.1949996948242,0.0261659994721413,0,108.215896606445,-85.4203,25.4699,41.8235856919621,63,63,63,63,61,63,0,8280,1.36958730294889,25,-85,0.001869,51,2023-11-18 08:40:32.000916,526,1.037,0.0011,"aoml_navis",1029.47198689927
"7901009",17,0,1,0.026166,1,0.003738,1,112.073192582975,1,4.85679923200783,528,1,9.96000003814697,35.1920013427734,0.0261659994721413,0,108.07389831543,-85.4203,25.4699,41.8235856919621,63,63,63,63,61,63,0,8280,1.36958730294889,25,-85,0.001869,51,2023-11-18 08:40:32.000916,528,1.037,0.0011,"aoml_navis",1029.48459698487
"7901009",17,0,1,0.029904,1,0.007476,1,112.106168638869,1,4.85673107991443,530,1,9.89099979400635,35.1829986572266,0.0299040004611015,0,108.105697631836,-85.4203,25.4699,41.8235856919621,63,63,63,63,61,63,0,8280,1.36958730294889,25,-85,0.001869,51,2023-11-18 08:40:32.000916,530,1.037,0.0011,"aoml_navis",1029.49904323055
"7901009",17,0,1,0.026166,1,0.003738,1,112.10389006303,1,4.85665775745799,532,1,9.81999969482422,35.1749992370605,0.0261659994721413,0,108.103500366211,-85.4203,25.4699,41.8235856919621,63,63,63,63,61,63,0,8280,1.36958730294889,25,-85,0.001869,51,2023-11-18 08:40:32.000916,532,1.037,0.0011,"aoml_navis",1029.51458589436
"7901009",17,0,1,0.024297,1,0.001869,1,112.056601702646,1,4.85659877777599,534,1,9.78299999237061,35.1710014343262,0.0242970008403063,0,108.057899475098,-85.4203,25.4699,41.8235856919621,63,63,63,63,61,63,0,8280,1.36958730294889,25,-85,0.001869,51,2023-11-18 08:40:32.000916,534,1.037,0.0011,"aoml_navis",1029.52708856252
"7901009",17,0,1,0.028035,1,0.005607,1,112.088541323002,1,4.85654861552488,536,1,9.7519998550415,35.1660003662109,0.0280349999666214,0,108.08869934082,-85.4203,25.4699,41.8235856919621,63,63,63,63,61,63,0,8280,1.36958730294889,25,-85,0.001869,51,2023-11-18 08:40:32.000916,536,1.037,0.0011,"aoml_navis",1029.53772232745
"7901009",17,0,1,0.029904,1,0.007476,1,112.248033720023,1,4.85649088538854,538,1,9.71199989318848,35.1609992980957,0.0299040004611015,0,108.242500305176,-85.4203,25.4699,41.8235856919621,63,63,63,63,61,63,0,8280,1.36958730294889,25,-85,0.001869,51,2023-11-18 08:40:32.000916,538,1.037,0.0011,"aoml_navis",1029.54996066053
"7901009",17,0,1,0.029904,1,0.007476,1,112.544928987178,1,4.85642346333464,540,1,9.64299964904785,35.1520004272461,0.0299040004611015,0,108.528800964355,-85.4203,25.4699,41.8235856919621,63,63,63,63,61,63,0,8280,1.36958730294889,25,-85,0.001869,51,2023-11-18 08:40:32.000916,540,1.037,0.0011,"aoml_navis",1029.56425397195
"7901009",17,0,1,0.029904,1,0.007476,1,112.817242535124,1,4.85636958727809,542,1,9.60299968719482,35.1459999084473,0.0299040004611015,0,108.791397094727,-85.4203,25.4699,41.8235856919621,63,63,63,63,61,63,0,8280,1.36958730294889,25,-85,0.001869,51,2023-11-18 08:40:32.000916,542,1.037,0.0011,"aoml_navis",1029.57567585016
"7901009",17,0,1,0.031773,1,0.009345,1,113.029102617837,1,4.85631661699447,544,1,9.56400012969971,35.1399993896484,0.0317730009555817,0,108.995697021484,-85.4203,25.4699,41.8235856919621,63,63,63,63,61,63,0,8280,1.36958730294889,25,-85,0.001869,51,2023-11-18 08:40:32.000916,544,1.037,0.0011,"aoml_navis",1029.58690594899
"7901009",17,0,1,0.029904,1,0.007476,1,113.467657261382,1,4.8562499714499,546,1,9.49100017547607,35.1300010681152,0.0299040004611015,0,109.418601989746,-85.4203,25.4699,41.8235856919621,63,63,63,63,61,63,0,8280,1.36958730294889,25,-85,0.001869,51,2023-11-18 08:40:32.000916,546,1.037,0.0011,"aoml_navis",1029.6010356541
"7901009",17,0,1,0.026166,1,0.003738,1,114.126260619563,1,4.85618960182162,548,1,9.41199970245361,35.117000579834,0.0261659994721413,0,110.053703308105,-85.4203,25.4699,41.8235856919621,63,63,63,63,61,63,0,8280,1.36958730294889,25,-85,0.001869,51,2023-11-18 08:40:32.000916,548,1.037,0.0011,"aoml_navis",1029.61383511971
"7901009",17,0,1,0.028035,1,0.005607,1,114.770757378017,1,4.85611159394158,550,1,9.29800033569336,35.101001739502,0.0280349999666214,0,110.675201416016,-85.4203,25.4699,41.8235856919621,63,63,63,63,61,63,0,8280,1.36958730294889,25,-85,0.001869,51,2023-11-18 08:40:32.000916,550,1.037,0.0011,"aoml_navis",1029.63037468866
"7901009",17,0,1,0.028035,1,0.005607,1,114.973803802796,1,4.8560388270721,552,1,9.21199989318848,35.0900001525879,0.0280349999666214,0,110.871002197266,-85.4203,25.4699,41.8235856919621,63,63,63,63,61,63,0,8280,1.36958730294889,25,-85,0.001869,51,2023-11-18 08:40:32.000916,552,1.037,0.0011,"aoml_navis",1029.64580351486
"7901009",17,0,1,0.028035,1,0.005607,1,114.765361583842,1,4.85598081566258,554,1,9.17500019073486,35.0859985351562,0.0280349999666214,0,110.669998168945,-85.4203,25.4699,41.8235856919621,63,63,63,63,61,63,0,8280,1.36958730294889,25,-85,0.001869,51,2023-11-18 08:40:32.000916,554,1.037,0.0011,"aoml_navis",1029.65810405859
"7901009",17,0,1,0.031773,1,0.009345,1,114.662493378769,1,4.85592575412672,556,1,9.15499973297119,35.0849990844727,0.0317730009555817,0,110.57080078125,-85.4203,25.4699,41.8235856919621,63,63,63,63,61,63,0,8280,1.36958730294889,25,-85,0.001869,51,2023-11-18 08:40:32.000916,556,1.037,0.0011,"aoml_navis",1029.66977939291
"7901009",17,0,1,0.029904,1,0.007476,1,114.460791946673,1,4.85587971758648,558,1,9.14599990844727,35.0839996337891,0.0299040004611015,0,110.37629699707,-85.4203,25.4699,41.8235856919621,63,63,63,63,61,63,0,8280,1.36958730294889,25,-85,0.001869,51,2023-11-18 08:40:32.000916,558,1.037,0.0011,"aoml_navis",1029.67954125626
"7901009",17,0,1,0.029904,1,0.007476,1,113.988960601809,1,4.85583529707439,560,1,9.13000011444092,35.0810012817383,0.0299040004611015,0,109.92130279541,-85.4203,25.4699,41.8235856919621,63,63,63,63,61,63,0,8280,1.36958730294889,25,-85,0.001869,51,2023-11-18 08:40:32.000916,560,1.037,0.0011,"aoml_navis",1029.68896062279
"7901009",17,0,1,0.026166,1,0.003738,1,113.306709107576,1,4.85577046989577,562,1,9.10700035095215,35.0820007324219,0.0261659994721413,0,109.263397216797,-85.4203,25.4699,41.8235856919621,63,63,63,63,61,63,0,8280,1.36958730294889,25,-85,0.001869,51,2023-11-18 08:40:32.000916,562,1.037,0.0011,"aoml_navis",1029.70270753084
"7901009",17,0,1,0.031773,1,0.009345,1,112.837156338552,1,4.85571506588975,564,1,9.10000038146973,35.0839996337891,0.0317730009555817,0,108.810600280762,-85.4203,25.4699,41.8235856919621,63,63,63,63,61,63,0,8280,1.36958730294889,25,-85,0.001869,51,2023-11-18 08:40:32.000916,564,1.037,0.0011,"aoml_navis",1029.71445650174
"7901009",17,0,1,0.031773,1,0.009345,1,112.667916700442,1,4.85565924834888,566,1,9.09700012207031,35.0870018005371,0.0317730009555817,0,108.647399902344,-85.4203,25.4699,41.8235856919621,63,63,63,63,61,63,0,8280,1.36958730294889,25,-85,0.001869,51,2023-11-18 08:40:32.000916,566,1.037,0.0011,"aoml_navis",1029.72629343795
"7901009",17,0,1,0.029904,1,0.007476,1,112.701201313481,1,4.85561406253913,568,1,9.08899974822998,35.0859985351562,0.0299040004611015,0,108.679496765137,-85.4203,25.4699,41.8235856919621,63,63,63,63,61,63,0,8280,1.36958730294889,25,-85,0.001869,51,2023-11-18 08:40:32.000916,568,1.037,0.0011,"aoml_navis",1029.73587595744
"7901009",17,0,1,0.026166,1,0.003738,1,112.760626254898,1,4.85557131767085,570,1,9.08399963378906,35.0849990844727,0.0261659994721413,0,108.736801147461,-85.4203,25.4699,41.8235856919621,63,63,63,63,61,63,0,8280,1.36958730294889,25,-85,0.001869,51,2023-11-18 08:40:32.000916,570,1.037,0.0011,"aoml_navis",1029.74494099253
"7901009",17,0,1,0.028035,1,0.005607,1,112.805319570577,1,4.85552775775474,572,1,9.07800006866455,35.0839996337891,0.0280349999666214,0,108.779899597168,-85.4203,25.4699,41.8235856919621,63,63,63,63,61,63,0,8280,1.36958730294889,25,-85,0.001869,51,2023-11-18 08:40:32.000916,572,1.037,0.0011,"aoml_navis",1029.75417904151
"7901009",17,0,1,0.031773,1,0.009345,1,112.875631041003,1,4.85548420125448,574,1,9.05399990081787,35.0789985656738,0.0317730009555817,0,108.847702026367,-85.4203,25.4699,41.8235856919621,63,63,63,63,61,63,0,8280,1.36958730294889,25,-85,0.001869,51,2023-11-18 08:40:32.000916,574,1.037,0.0011,"aoml_navis",1029.7634165318
"7901009",17,0,1,0.029904,1,0.007476,1,113.039166327793,1,4.85540850040937,576,1,8.98600006103516,35.0730018615723,0.0299040004611015,0,109.005401611328,-85.4203,25.4699,41.8235856919621,63,63,63,63,61,63,0,8280,1.36958730294889,25,-85,0.001869,51,2023-11-18 08:40:32.000916,576,1.037,0.0011,"aoml_navis",1029.77947160953
"7901009",17,0,1,0.031773,1,0.009345,1,113.09350403218,1,4.85535687618302,578,1,8.96100044250488,35.0699996948242,0.0317730009555817,0,109.057800292969,-85.4203,25.4699,41.8235856919621,63,63,63,63,61,63,0,8280,1.36958730294889,25,-85,0.001869,51,2023-11-18 08:40:32.000916,578,1.037,0.0011,"aoml_navis",1029.79042066434
"7901009",17,0,1,0.029904,1,0.007476,1,113.104082004045,1,4.85530769509484,580,1,8.93900012969971,35.0670013427734,0.0299040004611015,0,109.068000793457,-85.4203,25.4699,41.8235856919621,63,63,63,63,61,63,0,8280,1.36958730294889,25,-85,0.001869,51,2023-11-18 08:40:32.000916,580,1.037,0.0011,"aoml_navis",1029.80085176709
"7901009",17,0,1,0.026166,1,0.003738,1,113.219189642531,1,4.85524241339799,582,1,8.88799953460693,35.0620002746582,0.0261659994721413,0,109.179000854492,-85.4203,25.4699,41.8235856919621,63,63,63,63,61,63,0,8280,1.36958730294889,25,-85,0.001869,51,2023-11-18 08:40:32.000916,582,1.037,0.0011,"aoml_navis",1029.81469806792
"7901009",17,0,1,0.026166,1,0.003738,1,113.314802798838,1,4.8551856761104,584,1,8.85200023651123,35.0579986572266,0.0261659994721413,0,109.271202087402,-85.4203,25.4699,41.8235856919621,63,63,63,63,61,63,0,8280,1.36958730294889,25,-85,0.001869,51,2023-11-18 08:40:32.000916,584,1.037,0.0011,"aoml_navis",1029.82673239504
"7901009",17,0,1,0.024297,1,0.001869,1,113.303085539054,1,4.85513811574135,586,1,8.84099960327148,35.056999206543,0.0242970008403063,0,109.259902954102,-85.4203,25.4699,41.8235856919621,63,63,63,63,61,63,0,8280,1.36958730294889,25,-85,0.001869,51,2023-11-18 08:40:32.000916,586,1.037,0.0011,"aoml_navis",1029.8368204581
"7901009",17,0,1,0.029904,1,0.007476,1,113.362502568749,1,4.85508939556933,588,1,8.82400035858154,35.0550003051758,0.0299040004611015,0,109.317199707031,-85.4203,25.4699,41.8235856919621,63,63,63,63,61,63,0,8280,1.36958730294889,25,-85,0.001869,51,2023-11-18 08:40:32.000916,588,1.037,0.0011,"aoml_navis",1029.8471547327
"7901009",17,0,1,0.028035,1,0.005607,1,113.44173054949,1,4.85503987916274,590,1,8.80599975585938,35.0530014038086,0.0280349999666214,0,109.393600463867,-85.4203,25.4699,41.8235856919621,63,63,63,63,61,63,0,8280,1.36958730294889,25,-85,0.001869,51,2023-11-18 08:40:32.000916,590,1.037,0.0011,"aoml_navis",1029.85765811305
"7901009",17,0,1,0.028035,1,0.005607,1,113.490363902557,1,4.85499164835407,592,1,8.78499984741211,35.0499992370605,0.0280349999666214,0,109.440498352051,-85.4203,25.4699,41.8235856919621,63,63,63,63,61,63,0,8280,1.36958730294889,25,-85,0.001869,51,2023-11-18 08:40:32.000916,592,1.037,0.0011,"aoml_navis",1029.86788899937
"7901009",17,0,1,0.026166,1,0.003738,1,113.561300398995,1,4.85494376676626,594,1,8.76900005340576,35.0480003356934,0.0261659994721413,0,109.508903503418,-85.4203,25.4699,41.8235856919621,63,63,63,63,61,63,0,8280,1.36958730294889,25,-85,0.001869,51,2023-11-18 08:40:32.000916,594,1.037,0.0011,"aoml_navis",1029.87804600883
"7901009",17,0,1,0.031773,1,0.009345,1,113.70222398527,1,4.85489476132948,596,1,8.74699974060059,35.0449981689453,0.0317730009555817,0,109.644798278809,-85.4203,25.4699,41.8235856919621,63,63,63,63,61,63,0,8280,1.36958730294889,25,-85,0.001869,51,2023-11-18 08:40:32.000916,596,1.037,0.0011,"aoml_navis",1029.88844162521
"7901009",17,0,1,0.028035,1,0.005607,1,113.934306428556,1,4.85482552737467,598,1,8.68599987030029,35.0390014648438,0.0280349999666214,0,109.868598937988,-85.4203,25.4699,41.8235856919621,63,63,63,63,61,63,0,8280,1.36958730294889,25,-85,0.001869,51,2023-11-18 08:40:32.000916,598,1.037,0.0011,"aoml_navis",1029.90312871322
"7901009",17,0,1,0.026166,1,0.003738,1,114.04588543918,1,4.85476907944952,600,1,8.64999961853027,35.0349998474121,0.0261659994721413,0,109.976196289062,-85.4203,25.4699,41.8235856919621,63,63,63,63,61,63,0,8280,1.36958730294889,25,-85,0.001869,51,2023-11-18 08:40:32.000916,600,1.037,0.0011,"aoml_navis",1029.91510372043
"7901009",17,0,1,0.028035,1,0.005607,1,114.13766141048,1,4.85471888338761,602,1,8.63099956512451,35.0330009460449,0.0280349999666214,0,110.064697265625,-85.4203,25.4699,41.8235856919621,63,63,63,63,61,63,0,8280,1.36958730294889,25,-85,0.001869,51,2023-11-18 08:40:32.000916,602,1.037,0.0011,"aoml_navis",1029.92575267531
"7901009",17,0,1,0.029904,1,0.007476,1,114.355850870524,1,4.85466570243319,604,1,8.59899997711182,35.0289993286133,0.0299040004611015,0,110.275100708008,-85.4203,25.4699,41.8235856919621,63,63,63,63,61,63,0,8280,1.36958730294889,25,-85,0.001869,51,2023-11-18 08:40:32.000916,604,1.037,0.0011,"aoml_navis",1029.93703510706
"7901009",17,0,1,0.026166,1,0.003738,1,114.585860442734,1,4.85458734380833,606,1,8.52600002288818,35.0229988098145,0.0261659994721413,0,110.49690246582,-85.4203,25.4699,41.8235856919621,63,63,63,63,61,63,0,8280,1.36958730294889,25,-85,0.001869,51,2023-11-18 08:40:32.000916,606,1.037,0.0011,"aoml_navis",1029.95365947574
"7901009",17,0,1,0.026166,1,0.003738,1,114.661148386087,1,4.85453457417292,608,1,8.49899959564209,35.0200004577637,0.0261659994721413,0,110.56950378418,-85.4203,25.4699,41.8235856919621,63,63,63,63,61,63,0,8280,1.36958730294889,25,-85,0.001869,51,2023-11-18 08:40:32.000916,608,1.037,0.0011,"aoml_navis",1029.96485525121
"7901009",17,0,1,0.026166,1,0.003738,1,114.704908118609,1,4.85448369730797,610,1,8.47900009155273,35.0180015563965,0.0261659994721413,0,110.611701965332,-85.4203,25.4699,41.8235856919621,63,63,63,63,61,63,0,8280,1.36958730294889,25,-85,0.001869,51,2023-11-18 08:40:32.000916,610,1.037,0.0011,"aoml_navis",1029.97564968088
"7901009",17,0,1,0.029904,1,0.007476,1,114.717764666313,1,4.85444024671216,612,1,8.47299957275391,35.0169982910156,0.0299040004611015,0,110.624099731445,-85.4203,25.4699,41.8235856919621,63,63,63,63,61,63,0,8280,1.36958730294889,25,-85,0.001869,51,2023-11-18 08:40:32.000916,612,1.037,0.0011,"aoml_navis",1029.9848686749
"7901009",17,0,1,0.029904,1,0.007476,1,114.803939138675,1,4.85439836720062,614,1,8.4689998626709,35.015998840332,0.0299040004611015,0,110.70719909668,-85.4203,25.4699,41.8235856919621,63,63,63,63,61,63,0,8280,1.36958730294889,25,-85,0.001869,51,2023-11-18 08:40:32.000916,614,1.037,0.0011,"aoml_navis",1029.99375448524
"7901009",17,0,1,0.033642,1,0.011214,1,114.923920397706,1,4.85434909183655,616,1,8.45100021362305,35.0139999389648,0.0336420014500618,0,110.822898864746,-85.4203,25.4699,41.8235856919621,63,63,63,63,61,63,0,8280,1.36958730294889,25,-85,0.001869,51,2023-11-18 08:40:32.000916,616,1.037,0.0011,"aoml_navis",1030.00420971133
"7901009",17,0,1,0.029904,1,0.007476,1,115.032081544572,1,4.8542908714589,618,1,8.41699981689453,35.0110015869141,0.0299040004611015,0,110.927200317383,-85.4203,25.4699,41.8235856919621,63,63,63,63,61,63,0,8280,1.36958730294889,25,-85,0.001869,51,2023-11-18 08:40:32.000916,618,1.037,0.0011,"aoml_navis",1030.01656316019
"7901009",17,0,1,0.026166,1,0.003738,1,115.15589998861,1,4.8542398033787,620,1,8.39200019836426,35.007999420166,0.0261659994721413,0,111.046600341797,-85.4203,25.4699,41.8235856919621,63,63,63,63,61,63,0,8280,1.36958730294889,25,-85,0.001869,51,2023-11-18 08:40:32.000916,620,1.037,0.0011,"aoml_navis",1030.02739924794
"7901009",17,0,1,0.029904,1,0.007476,1,115.377918721939,1,4.85418376696992,622,1,8.35599994659424,35.0040016174316,0.0299040004611015,0,111.260696411133,-85.4203,25.4699,41.8235856919621,63,63,63,63,61,63,0,8280,1.36958730294889,25,-85,0.001869,51,2023-11-18 08:40:32.000916,622,1.037,0.0011,"aoml_navis",1030.03928982299
"7901009",17,0,1,0.028035,1,0.005607,1,115.63322998003,1,4.85412097055461,624.099975585938,1,8.31400012969971,35,0.0280349999666214,0,111.506896972656,-85.4203,25.4699,41.8235856919621,63,63,63,63,61,63,0,8280,1.36958730294889,25,-85,0.001869,51,2023-11-18 08:40:32.000916,624.099975585938,1.037,0.0011,"aoml_navis",1030.05261515531
"7901009",17,0,1,0.029904,1,0.007476,1,115.81221685923,1,4.85407054339569,626,1,8.28699970245361,34.9970016479492,0.0299040004611015,0,111.679496765137,-85.4203,25.4699,41.8235856919621,63,63,63,63,61,63,0,8280,1.36958730294889,25,-85,0.001869,51,2023-11-18 08:40:32.000916,626,1.037,0.0011,"aoml_navis",1030.06331599421
"7901009",17,0,1,0.029904,1,0.007476,1,115.986330117885,1,4.85401858726317,628,1,8.25599956512451,34.9930000305176,0.0299040004611015,0,111.847396850586,-85.4203,25.4699,41.8235856919621,63,63,63,63,61,63,0,8280,1.36958730294889,25,-85,0.001869,51,2023-11-18 08:40:32.000916,628,1.037,0.0011,"aoml_navis",1030.0743415198
"7901009",17,0,1,0.024297,1,0.001869,1,116.158576210227,1,4.85393859569163,630,1,8.18900012969971,34.9889984130859,0.0242970008403063,0,112.013496398926,-85.4203,25.4699,41.8235856919621,63,63,63,63,61,63,0,8280,1.36958730294889,25,-85,0.001869,51,2023-11-18 08:40:32.000916,630,1.037,0.0011,"aoml_navis",1030.09131686132
"7901009",17,0,1,0.026166,1,0.003738,1,116.351669689153,1,4.85388286476541,632,1,8.15299987792969,34.9850006103516,0.0261659994721413,0,112.199699401855,-85.4203,25.4699,41.8235856919621,63,63,63,63,61,63,0,8280,1.36958730294889,25,-85,0.001869,51,2023-11-18 08:40:32.000916,632,1.037,0.0011,"aoml_navis",1030.10314408188
"7901009",17,0,1,0.026166,1,0.003738,1,116.540609514206,1,4.85381828138534,634,1,8.11499977111816,34.9830017089844,0.0261659994721413,0,112.381896972656,-85.4203,25.4699,41.8235856919621,63,63,63,63,61,63,0,8280,1.36958730294889,25,-85,0.001869,51,2023-11-18 08:40:32.000916,634,1.037,0.0011,"aoml_navis",1030.11685031046
"7901009",17,0,1,0.028035,1,0.005607,1,116.736606594983,1,4.8537698408008,636,1,8.0930004119873,34.9799995422363,0.0280349999666214,0,112.570899963379,-85.4203,25.4699,41.8235856919621,63,63,63,63,61,63,0,8280,1.36958730294889,25,-85,0.001869,51,2023-11-18 08:40:32.000916,636,1.037,0.0011,"aoml_navis",1030.12713086846
"7901009",17,0,1,0.028035,1,0.005607,1,116.968586185887,1,4.85370998939882,638,1,8.06099987030029,34.9780006408691,0.0280349999666214,0,112.79460144043,-85.4203,25.4699,41.8235856919621,63,63,63,63,61,63,0,8280,1.36958730294889,25,-85,0.001869,51,2023-11-18 08:40:32.000916,638,1.037,0.0011,"aoml_navis",1030.13983343065
"7901009",17,0,1,0.029904,1,0.007476,1,117.236026113288,1,4.85366004933124,640,1,8.03699970245361,34.9749984741211,0.0299040004611015,0,113.05249786377,-85.4203,25.4699,41.8235856919621,63,63,63,63,61,63,0,8280,1.36958730294889,25,-85,0.001869,51,2023-11-18 08:40:32.000916,640,1.037,0.0011,"aoml_navis",1030.15043270056
"7901009",17,0,1,0.028035,1,0.005607,1,117.59638921163,1,4.85360513791486,642,1,7.99700021743774,34.9700012207031,0.0280349999666214,0,113.400001525879,-85.4203,25.4699,41.8235856919621,63,63,63,63,61,63,0,8280,1.36958730294889,25,-85,0.001869,51,2023-11-18 08:40:32.000916,642,1.037,0.0011,"aoml_navis",1030.16208734031
"7901009",17,0,1,0.029904,1,0.007476,1,118.171824551681,1,4.8535088623344,644,1,7.90299987792969,34.9650001525879,0.0299040004611015,0,113.954902648926,-85.4203,25.4699,41.8235856919621,63,63,63,63,61,63,0,8280,1.36958730294889,25,-85,0.001869,51,2023-11-18 08:40:32.000916,644,1.037,0.0011,"aoml_navis",1030.18252192809
"7901009",17,0,1,0.028035,1,0.005607,1,118.48728071786,1,4.85344211388675,646,1,7.85200023651123,34.9609985351562,0.0280349999666214,0,114.259101867676,-85.4203,25.4699,41.8235856919621,63,63,63,63,61,63,0,8280,1.36958730294889,25,-85,0.001869,51,2023-11-18 08:40:32.000916,646,1.037,0.0011,"aoml_navis",1030.19668982842
"7901009",17,0,1,0.028035,1,0.005607,1,118.62499214514,1,4.85338016433774,648,1,7.81199979782104,34.9580001831055,0.0280349999666214,0,114.391899108887,-85.4203,25.4699,41.8235856919621,63,63,63,63,61,63,0,8280,1.36958730294889,25,-85,0.001869,51,2023-11-18 08:40:32.000916,648,1.037,0.0011,"aoml_navis",1030.20983947221
"7901009",17,0,1,0.029904,1,0.007476,1,118.69384785878,1,4.85332690045324,650,1,7.79300022125244,34.9570007324219,0.0299040004611015,0,114.458297729492,-85.4203,25.4699,41.8235856919621,63,63,63,63,61,63,0,8280,1.36958730294889,25,-85,0.001869,51,2023-11-18 08:40:32.000916,650,1.037,0.0011,"aoml_navis",1030.22114573264
"7901009",17,0,1,0.028035,1,0.005607,1,118.813212003521,1,4.85327681701913,652,1,7.78299999237061,34.9570007324219,0.0280349999666214,0,114.573402404785,-85.4203,25.4699,41.8235856919621,63,63,63,63,61,63,0,8280,1.36958730294889,25,-85,0.001869,51,2023-11-18 08:40:32.000916,652,1.037,0.0011,"aoml_navis",1030.2317771091
"7901009",17,0,1,0.028035,1,0.005607,1,118.893159950934,1,4.85323105417052,654,1,7.76900005340576,34.9550018310547,0.0280349999666214,0,114.650497436523,-85.4203,25.4699,41.8235856919621,63,63,63,63,61,63,0,8280,1.36958730294889,25,-85,0.001869,51,2023-11-18 08:40:32.000916,654,1.037,0.0011,"aoml_navis",1030.2414915324
"7901009",17,0,1,0.028035,1,0.005607,1,118.976225116682,1,4.85318163279908,656,1,7.75500011444092,34.9539985656738,0.0280349999666214,0,114.730598449707,-85.4203,25.4699,41.8235856919621,63,63,63,63,61,63,0,8280,1.36958730294889,25,-85,0.001869,51,2023-11-18 08:40:32.000916,656,1.037,0.0011,"aoml_navis",1030.25198278356
"7901009",17,0,1,0.029904,1,0.007476,1,119.033055013393,1,4.85313372334388,658,1,7.74300003051758,34.9529991149902,0.0299040004611015,0,114.785400390625,-85.4203,25.4699,41.8235856919621,63,63,63,63,61,63,0,8280,1.36958730294889,25,-85,0.001869,51,2023-11-18 08:40:32.000916,658,1.037,0.0011,"aoml_navis",1030.26215328658
"7901009",17,0,1,0.029904,1,0.007476,1,119.19348099357,1,4.85308050598196,660,1,7.72399997711182,34.9519996643066,0.0299040004611015,0,114.940101623535,-85.4203,25.4699,41.8235856919621,63,63,63,63,61,63,0,8280,1.36958730294889,25,-85,0.001869,51,2023-11-18 08:40:32.000916,660,1.037,0.0011,"aoml_navis",1030.27345081891
"7901009",17,0,1,0.026166,1,0.003738,1,119.302259254725,1,4.85302946562,662,1,7.70300006866455,34.9500007629395,0.0261659994721413,0,115.044998168945,-85.4203,25.4699,41.8235856919621,63,63,63,63,61,63,0,8280,1.36958730294889,25,-85,0.001869,51,2023-11-18 08:40:32.000916,662,1.037,0.0011,"aoml_navis",1030.28428642793
"7901009",17,0,1,0.026166,1,0.003738,1,119.347577596415,1,4.85298385092734,664,1,7.69399976730347,34.9490013122559,0.0261659994721413,0,115.08869934082,-85.4203,25.4699,41.8235856919621,63,63,63,63,61,63,0,8280,1.36958730294889,25,-85,0.001869,51,2023-11-18 08:40:32.000916,664,1.037,0.0011,"aoml_navis",1030.29397038784
"7901009",17,0,1,0.029904,1,0.007476,1,119.446094354573,1,4.8529359677358,666,1,7.68200016021729,34.9480018615723,0.0299040004611015,0,115.183700561523,-85.4203,25.4699,41.8235856919621,63,63,63,63,61,63,0,8280,1.36958730294889,25,-85,0.001869,51,2023-11-18 08:40:32.000916,666,1.037,0.0011,"aoml_navis",1030.30413614396
"7901009",17,0,1,0.026166,1,0.003738,1,119.592002325496,1,4.85286758755328,668,1,7.63800001144409,34.9459991455078,0.0261659994721413,0,115.324401855469,-85.4203,25.4699,41.8235856919621,63,63,63,63,61,63,0,8280,1.36958730294889,25,-85,0.001869,51,2023-11-18 08:40:32.000916,668,1.037,0.0011,"aoml_navis",1030.31865382523
"7901009",17,0,1,0.026166,1,0.003738,1,119.720694390079,1,4.85280850087084,670,1,7.61600017547607,34.9459991455078,0.0261659994721413,0,115.448501586914,-85.4203,25.4699,41.8235856919621,63,63,63,63,61,63,0,8280,1.36958730294889,25,-85,0.001869,51,2023-11-18 08:40:32.000916,670,1.037,0.0011,"aoml_navis",1030.33119874867
"7901009",17,0,1,0.028035,1,0.005607,1,119.849900716571,1,4.85275838795236,672,1,7.60099983215332,34.9449996948242,0.0280349999666214,0,115.573097229004,-85.4203,25.4699,41.8235856919621,63,63,63,63,61,63,0,8280,1.36958730294889,25,-85,0.001869,51,2023-11-18 08:40:32.000916,672,1.037,0.0011,"aoml_navis",1030.34183865679
"7901009",17,0,1,0.033642,1,0.011214,1,119.988237169862,1,4.85270602384819,674,1,7.58300018310547,34.9440002441406,0.0336420014500618,0,115.706497192383,-85.4203,25.4699,41.8235856919621,63,63,63,63,61,63,0,8280,1.36958730294889,25,-85,0.001869,51,2023-11-18 08:40:32.000916,674,1.037,0.0011,"aoml_navis",1030.35295676844
"7901009",17,0,1,0.031773,1,0.009345,1,120.215865313851,1,4.85265216647014,676,1,7.56300020217896,34.943000793457,0.0317730009555817,0,115.926002502441,-85.4203,25.4699,41.8235856919621,63,63,63,63,61,63,0,8280,1.36958730294889,25,-85,0.001869,51,2023-11-18 08:40:32.000916,676,1.037,0.0011,"aoml_navis",1030.36439218701
"7901009",17,0,4,0.024297,1,0.001869,1,120.461112861985,1,4.85258923443184,678,1,7.52600002288818,34.9410018920898,0.0242970008403063,0,116.162498474121,-85.4203,25.4699,41.8235856919621,63,63,63,63,61,63,0,8280,1.36958730294889,25,-85,0.001869,51,2023-11-18 08:40:32.000916,678,1.037,0.0011,"aoml_navis",1030.37775472983
"7901009",17,0,1,0.033642,1,0.011214,1,120.761639609384,1,4.85253161793881,680,1,7.49599981307983,34.9389991760254,0.0336420014500618,0,116.452301025391,-85.4203,25.4699,41.8235856919621,63,63,63,63,61,63,0,8280,1.36958730294889,25,-85,0.001869,51,2023-11-18 08:40:32.000916,680,1.037,0.0011,"aoml_navis",1030.38998891136
"7901009",17,0,1,0.031773,1,0.009345,1,120.963752451007,1,4.85247109125257,682,1,7.46700000762939,34.9379997253418,0.0317730009555817,0,116.647201538086,-85.4203,25.4699,41.8235856919621,63,63,63,63,61,63,0,8280,1.36958730294889,25,-85,0.001869,51,2023-11-18 08:40:32.000916,682,1.037,0.0011,"aoml_navis",1030.40284135095
"7901009",17,0,1,0.028035,1,0.005607,1,121.182764730104,1,4.85242704248003,684,1,7.46000003814697,34.9370002746582,0.0280349999666214,0,116.8583984375,-85.4203,25.4699,41.8235856919621,63,63,63,63,61,63,0,8280,1.36958730294889,25,-85,0.001869,51,2023-11-18 08:40:32.000916,684,1.037,0.0011,"aoml_navis",1030.41219501665
"7901009",17,0,1,0.028035,1,0.005607,1,121.510460329697,1,4.85236127789276,686,1,7.41900014877319,34.935001373291,0.0280349999666214,0,117.17440032959,-85.4203,25.4699,41.8235856919621,63,63,63,63,61,63,0,8280,1.36958730294889,25,-85,0.001869,51,2023-11-18 08:40:32.000916,686,1.037,0.0011,"aoml_navis",1030.42616030671
"7901009",17,0,1,0.028035,1,0.005607,1,121.638740984753,1,4.8523112400877,688,1,7.39900016784668,34.9329986572266,0.0280349999666214,0,117.29810333252,-85.4203,25.4699,41.8235856919621,63,63,63,63,61,63,0,8280,1.36958730294889,25,-85,0.001869,51,2023-11-18 08:40:32.000916,688,1.037,0.0011,"aoml_navis",1030.43678622512
"7901009",17,0,1,0.033642,1,0.011214,1,121.760478645994,1,4.85226799671221,690,1,7.39799976348877,34.9329986572266,0.0336420014500618,0,117.415496826172,-85.4203,25.4699,41.8235856919621,63,63,63,63,61,63,0,8280,1.36958730294889,25,-85,0.001869,51,2023-11-18 08:40:32.000916,690,1.037,0.0011,"aoml_navis",1030.44596946992
"7901009",17,0,1,0.024297,1,0.001869,1,121.979910246339,1,4.85222093857119,692,1,7.38199996948242,34.9309997558594,0.0242970008403063,0,117.627098083496,-85.4203,25.4699,41.8235856919621,63,63,63,63,61,63,0,8280,1.36958730294889,25,-85,0.001869,51,2023-11-18 08:40:32.000916,692,1.037,0.0011,"aoml_navis",1030.45596301151
"7901009",17,0,1,0.029904,1,0.007476,1,122.269653317111,1,4.8521605371458,694,1,7.35300016403198,34.9300003051758,0.0299040004611015,0,117.90650177002,-85.4203,25.4699,41.8235856919621,63,63,63,63,61,63,0,8280,1.36958730294889,25,-85,0.001869,51,2023-11-18 08:40:32.000916,694,1.037,0.0011,"aoml_navis",1030.46879049496
"7901009",17,0,1,0.029904,1,0.007476,1,122.550883375372,1,4.85210536666702,696,1,7.33099985122681,34.9290008544922,0.0299040004611015,0,118.177696228027,-85.4203,25.4699,41.8235856919621,63,63,63,63,61,63,0,8280,1.36958730294889,25,-85,0.001869,51,2023-11-18 08:40:32.000916,696,1.037,0.0011,"aoml_navis",1030.48050735852
"7901009",17,0,1,0.031773,1,0.009345,1,122.793860259388,1,4.85204871841868,698,1,7.30200004577637,34.9269981384277,0.0317730009555817,0,118.412002563477,-85.4203,25.4699,41.8235856919621,63,63,63,63,61,63,0,8280,1.36958730294889,25,-85,0.001869,51,2023-11-18 08:40:32.000916,698,1.037,0.0011,"aoml_navis",1030.49253834152
"7901009",17,0,1,0.029904,1,0.007476,1,122.957079077312,1,4.85199065040025,700,1,7.2810001373291,34.9269981384277,0.0299040004611015,0,118.569396972656,-85.4203,25.4699,41.8235856919621,63,63,63,63,61,63,0,8280,1.36958730294889,25,-85,0.001869,51,2023-11-18 08:40:32.000916,700,1.037,0.0011,"aoml_navis",1030.50487114759
"7901009",17,0,1,0.026166,1,0.003738,1,123.089402622139,1,4.85193997953138,702,1,7.2649998664856,34.9259986877441,0.0261659994721413,0,118.696998596191,-85.4203,25.4699,41.8235856919621,63,63,63,63,61,63,0,8280,1.36958730294889,25,-85,0.001869,51,2023-11-18 08:40:32.000916,702,1.037,0.0011,"aoml_navis",1030.51563314741
"7901009",17,0,1,0.028035,1,0.005607,1,123.12673803667,1,4.85189377378944,704,1,7.26000022888184,34.9259986877441,0.0280349999666214,0,118.733001708984,-85.4203,25.4699,41.8235856919621,63,63,63,63,61,63,0,8280,1.36958730294889,25,-85,0.001869,51,2023-11-18 08:40:32.000916,704,1.037,0.0011,"aoml_navis",1030.52544699364
"7901009",17,0,1,0.035511,1,0.013083,1,123.241639970394,1,4.85184830949605,706,1,7.25600004196167,34.9259986877441,0.0355109982192516,0,118.843803405762,-85.4203,25.4699,41.8235856919621,63,63,63,63,61,63,0,8280,1.36958730294889,25,-85,0.001869,51,2023-11-18 08:40:32.000916,706,1.037,0.0011,"aoml_navis",1030.5351035427
"7901009",17,0,1,0.031773,1,0.009345,1,123.419693266437,1,4.85180430868791,708,1,7.24900007247925,34.9249992370605,0.0317730009555817,0,119.015502929688,-85.4203,25.4699,41.8235856919621,63,63,63,63,61,63,0,8280,1.36958730294889,25,-85,0.001869,51,2023-11-18 08:40:32.000916,708,1.037,0.0011,"aoml_navis",1030.54444942199
"7901009",17,0,1,0.028035,1,0.005607,1,123.684648913236,1,4.85175587310254,710,1,7.23600006103516,34.923999786377,0.0280349999666214,0,119.271003723145,-85.4203,25.4699,41.8235856919621,63,63,63,63,61,63,0,8280,1.36958730294889,25,-85,0.001869,51,2023-11-18 08:40:32.000916,710,1.037,0.0011,"aoml_navis",1030.55473745481
"7901009",17,0,1,0.029904,1,0.007476,1,124.108574783425,1,4.8516919377708,712,1,7.2020001411438,34.9230003356934,0.0299040004611015,0,119.679801940918,-85.4203,25.4699,41.8235856919621,63,63,63,63,61,63,0,8280,1.36958730294889,25,-85,0.001869,51,2023-11-18 08:40:32.000916,712,1.037,0.0011,"aoml_navis",1030.56831804893
"7901009",17,0,1,0.024297,1,0.001869,1,124.426728846691,1,4.85162878574496,714,1,7.16900014877319,34.9220008850098,0.0242970008403063,0,119.986602783203,-85.4203,25.4699,41.8235856919621,63,63,63,63,61,63,0,8280,1.36958730294889,25,-85,0.001869,51,2023-11-18 08:40:32.000916,714,1.037,0.0011,"aoml_navis",1030.58173261132
"7901009",17,0,1,0.028035,1,0.005607,1,124.743324300789,1,4.85158408264698,716,1,7.1560001373291,34.9199981689453,0.0280349999666214,0,120.291900634766,-85.4203,25.4699,41.8235856919621,63,63,63,63,61,63,0,8280,1.36958730294889,25,-85,0.001869,51,2023-11-18 08:40:32.000916,716,1.037,0.0011,"aoml_navis",1030.59122851933
"7901009",17,0,1,0.029904,1,0.007476,1,125.280284938389,1,4.85152245907948,718,1,7.125,34.9189987182617,0.0299040004611015,0,120.809700012207,-85.4203,25.4699,41.8235856919621,63,63,63,63,61,63,0,8280,1.36958730294889,25,-85,0.001869,51,2023-11-18 08:40:32.000916,718,1.037,0.0011,"aoml_navis",1030.60431898911
"7901009",17,0,1,0.028035,1,0.005607,1,125.811960545917,1,4.85144621875631,720,1,7.07399988174438,34.9179992675781,0.0280349999666214,0,121.322402954102,-85.4203,25.4699,41.8235856919621,63,63,63,63,61,63,0,8280,1.36958730294889,25,-85,0.001869,51,2023-11-18 08:40:32.000916,720,1.037,0.0011,"aoml_navis",1030.62051490324
"7901009",17,0,1,0.028035,1,0.005607,1,126.133326768178,1,4.85138618904793,722,1,7.03999996185303,34.9160003662109,0.0280349999666214,0,121.632301330566,-85.4203,25.4699,41.8235856919621,63,63,63,63,61,63,0,8280,1.36958730294889,25,-85,0.001869,51,2023-11-18 08:40:32.000916,722,1.037,0.0011,"aoml_navis",1030.6332675159
"7901009",17,0,1,0.035511,1,0.013083,1,126.374531426542,1,4.8513327388907,724,1,7.01999998092651,34.9150009155273,0.0355109982192516,0,121.864898681641,-85.4203,25.4699,41.8235856919621,63,63,63,63,61,63,0,8280,1.36958730294889,25,-85,0.001869,51,2023-11-18 08:40:32.000916,724,1.037,0.0011,"aoml_navis",1030.64462264514
"7901009",17,0,1,0.031773,1,0.009345,1,126.636274914345,1,4.85128295006927,726,1,7.00500011444092,34.9140014648438,0.0317730009555817,0,122.117301940918,-85.4203,25.4699,41.8235856919621,63,63,63,63,61,63,0,8280,1.36958730294889,25,-85,0.001869,51,2023-11-18 08:40:32.000916,726,1.037,0.0011,"aoml_navis",1030.6552001731
"7901009",17,0,1,0.028035,1,0.005607,1,127.070153730388,1,4.85122808231573,728,1,6.98299980163574,34.9129981994629,0.0280349999666214,0,122.535697937012,-85.4203,25.4699,41.8235856919621,63,63,63,63,61,63,0,8280,1.36958730294889,25,-85,0.001869,51,2023-11-18 08:40:32.000916,728,1.037,0.0011,"aoml_navis",1030.66685696073
"7901009",17,0,1,0.028035,1,0.005607,1,127.444204107208,1,4.85115208815145,730,1,6.93699979782104,34.9129981994629,0.0280349999666214,0,122.89640045166,-85.4203,25.4699,41.8235856919621,63,63,63,63,61,63,0,8280,1.36958730294889,25,-85,0.001869,51,2023-11-18 08:40:32.000916,730,1.037,0.0011,"aoml_navis",1030.68300254121
"7901009",17,0,1,0.028035,1,0.005607,1,127.526747099326,1,4.8511045226709,732,1,6.92500019073486,34.9119987487793,0.0280349999666214,0,122.975997924805,-85.4203,25.4699,41.8235856919621,63,63,63,63,61,63,0,8280,1.36958730294889,25,-85,0.001869,51,2023-11-18 08:40:32.000916,732,1.037,0.0011,"aoml_navis",1030.69310847319
"7901009",17,0,1,0.029904,1,0.007476,1,127.64050974513,1,4.85106053745586,734,1,6.9229998588562,34.9119987487793,0.0299040004611015,0,123.08570098877,-85.4203,25.4699,41.8235856919621,63,63,63,63,61,63,0,8280,1.36958730294889,25,-85,0.001869,51,2023-11-18 08:40:32.000916,734,1.037,0.0011,"aoml_navis",1030.70245390552
"7901009",17,0,1,0.028035,1,0.005607,1,127.831522441259,1,4.8510180590193,736,1,6.91800022125244,34.9109992980957,0.0280349999666214,0,123.269897460938,-85.4203,25.4699,41.8235856919621,63,63,63,63,61,63,0,8280,1.36958730294889,25,-85,0.001869,51,2023-11-18 08:40:32.000916,736,1.037,0.0011,"aoml_navis",1030.71147935714
"7901009",17,0,1,0.029904,1,0.007476,1,128.084657975892,1,4.85095956490114,738,1,6.89599990844727,34.9109992980957,0.0299040004611015,0,123.513999938965,-85.4203,25.4699,41.8235856919621,63,63,63,63,61,63,0,8280,1.36958730294889,25,-85,0.001869,51,2023-11-18 08:40:32.000916,738,1.037,0.0011,"aoml_navis",1030.72390794127
"7901009",17,0,1,0.026166,1,0.003738,1,128.182549708038,1,4.85091056735677,740,1,6.88199996948242,34.9099998474121,0.0261659994721413,0,123.6083984375,-85.4203,25.4699,41.8235856919621,63,63,63,63,61,63,0,8280,1.36958730294889,25,-85,0.001869,51,2023-11-18 08:40:32.000916,740,1.037,0.0011,"aoml_navis",1030.73431896405
"7901009",17,0,1,0.026166,1,0.003738,1,128.239688161894,1,4.85086296403888,742,1,6.875,34.9099998474121,0.0261659994721413,0,123.663497924805,-85.4203,25.4699,41.8235856919621,63,63,63,63,61,63,0,8280,1.36958730294889,25,-85,0.001869,51,2023-11-18 08:40:32.000916,742,1.037,0.0011,"aoml_navis",1030.74443394232
"7901009",17,0,1,0.028035,1,0.005607,1,128.294650892292,1,4.85081826079561,744,1,6.87200021743774,34.9099998474121,0.0280349999666214,0,123.716499328613,-85.4203,25.4699,41.8235856919621,63,63,63,63,61,63,0,8280,1.36958730294889,25,-85,0.001869,51,2023-11-18 08:40:32.000916,744,1.037,0.0011,"aoml_navis",1030.75393287975
"7901009",17,0,1,0.028035,1,0.005607,1,128.440867420361,1,4.85077211017079,746,1,6.86700010299683,34.9099998474121,0.0280349999666214,0,123.857498168945,-85.4203,25.4699,41.8235856919621,63,63,63,63,61,63,0,8280,1.36958730294889,25,-85,0.001869,51,2023-11-18 08:40:32.000916,746,1.037,0.0011,"aoml_navis",1030.7637395532
"7901009",17,0,1,0.026166,1,0.003738,1,128.591957568974,1,4.85072596143112,748,1,6.86199998855591,34.9099998474121,0.0261659994721413,0,124.003196716309,-85.4203,25.4699,41.8235856919621,63,63,63,63,61,63,0,8280,1.36958730294889,25,-85,0.001869,51,2023-11-18 08:40:32.000916,748,1.037,0.0011,"aoml_navis",1030.77354601265
"7901009",17,0,1,0.031773,1,0.009345,1,128.821967141184,1,4.8506827726542,750,1,6.85599994659424,34.9090003967285,0.0317730009555817,0,124.224998474121,-85.4203,25.4699,41.8235856919621,63,63,63,63,61,63,0,8280,1.36958730294889,25,-85,0.001869,51,2023-11-18 08:40:32.000916,750,1.037,0.0011,"aoml_navis",1030.78272365853
"7901009",17,0,1,0.028035,1,0.005607,1,129.306979414339,1,4.85062728249712,752,1,6.83300018310547,34.9080009460449,0.0280349999666214,0,124.69270324707,-85.4203,25.4699,41.8235856919621,63,63,63,63,61,63,0,8280,1.36958730294889,25,-85,0.001869,51,2023-11-18 08:40:32.000916,752,1.037,0.0011,"aoml_navis",1030.79451559634
"7901009",17,0,1,0.028035,1,0.005607,1,129.649604432711,1,4.85055802128162,754,1,6.7960000038147,34.9080009460449,0.0280349999666214,0,125.023101806641,-85.4203,25.4699,41.8235856919621,63,63,63,63,61,63,0,8280,1.36958730294889,25,-85,0.001869,51,2023-11-18 08:40:32.000916,754,1.037,0.0011,"aoml_navis",1030.80923433195
"7901009",17,0,1,0.026166,1,0.003738,1,129.84808579409,1,4.85051484392201,756,1,6.78999996185303,34.9070014953613,0.0261659994721413,0,125.214500427246,-85.4203,25.4699,41.8235856919621,63,63,63,63,61,63,0,8280,1.36958730294889,25,-85,0.001869,51,2023-11-18 08:40:32.000916,756,1.037,0.0011,"aoml_navis",1030.81841018697
"7901009",17,0,1,0.029904,1,0.007476,1,130.212491782203,1,4.85046221594035,758,1,6.77600002288818,34.9070014953613,0.0299040004611015,0,125.565902709961,-85.4203,25.4699,41.8235856919621,63,63,63,63,61,63,0,8280,1.36958730294889,25,-85,0.001869,51,2023-11-18 08:40:32.000916,758,1.037,0.0011,"aoml_navis",1030.82959466589
"7901009",17,0,1,0.028035,1,0.005607,1,130.721349984453,1,4.8504082489256,760,1,6.75500011444092,34.9059982299805,0.0280349999666214,0,126.056602478027,-85.4203,25.4699,41.8235856919621,63,63,63,63,61,63,0,8280,1.36958730294889,25,-85,0.001869,51,2023-11-18 08:40:32.000916,760,1.037,0.0011,"aoml_navis",1030.84106396766
"7901009",17,0,1,0.029904,1,0.007476,1,131.145070149879,1,4.85035428436918,762,1,6.73400020599365,34.9049987792969,0.0299040004611015,0,126.465202331543,-85.4203,25.4699,41.8235856919621,63,63,63,63,61,63,0,8280,1.36958730294889,25,-85,0.001869,51,2023-11-18 08:40:32.000916,762,1.037,0.0011,"aoml_navis",1030.85253300219
"7901009",17,0,1,0.029904,1,0.007476,1,131.543275012939,1,4.85029162486621,764,1,6.70599985122681,34.9049987792969,0.0299040004611015,0,126.849197387695,-85.4203,25.4699,41.8235856919621,63,63,63,63,61,63,0,8280,1.36958730294889,25,-85,0.001869,51,2023-11-18 08:40:32.000916,764,1.037,0.0011,"aoml_navis",1030.86585028543
"7901009",17,0,1,0.026166,1,0.003738,1,131.81466288945,1,4.85022971328518,766,1,6.67899990081787,34.9049987792969,0.0261659994721413,0,127.110900878906,-85.4203,25.4699,41.8235856919621,63,63,63,63,61,63,0,8280,1.36958730294889,25,-85,0.001869,51,2023-11-18 08:40:32.000916,766,1.037,0.0011,"aoml_navis",1030.87900894768
"7901009",17,0,1,0.026166,1,0.003738,1,131.989187557632,1,4.8501836900483,768,1,6.66900014877319,34.9039993286133,0.0261659994721413,0,127.279197692871,-85.4203,25.4699,41.8235856919621,63,63,63,63,61,63,0,8280,1.36958730294889,25,-85,0.001869,51,2023-11-18 08:40:32.000916,768,1.037,0.0011,"aoml_navis",1030.8887909254
"7901009",17,0,1,0.031773,1,0.009345,1,132.116946039058,1,4.85013613668305,770,1,6.66200017929077,34.9039993286133,0.0317730009555817,0,127.402397155762,-85.4203,25.4699,41.8235856919621,63,63,63,63,61,63,0,8280,1.36958730294889,25,-85,0.001869,51,2023-11-18 08:40:32.000916,770,1.037,0.0011,"aoml_navis",1030.89889831823
"7901009",17,0,1,0.031773,1,0.009345,1,132.348197751569,1,4.85008572034511,772,1,6.65100002288818,34.9039993286133,0.0317730009555817,0,127.625396728516,-85.4203,25.4699,41.8235856919621,63,63,63,63,61,63,0,8280,1.36958730294889,25,-85,0.001869,51,2023-11-18 08:40:32.000916,772,1.037,0.0011,"aoml_navis",1030.90961444785
"7901009",17,0,1,0.026166,1,0.003738,1,132.540460499721,1,4.8500310142116,774,1,6.63399982452393,34.9039993286133,0.0261659994721413,0,127.81079864502,-85.4203,25.4699,41.8235856919621,63,63,63,63,61,63,0,8280,1.36958730294889,25,-85,0.001869,51,2023-11-18 08:40:32.000916,774,1.037,0.0011,"aoml_navis",1030.9212426372
"7901009",17,0,1,0.029904,1,0.007476,1,132.615439885929,1,4.84997846350689,776,1,6.61999988555908,34.9039993286133,0.0299040004611015,0,127.883102416992,-85.4203,25.4699,41.8235856919621,63,63,63,63,61,63,0,8280,1.36958730294889,25,-85,0.001869,51,2023-11-18 08:40:32.000916,776,1.037,0.0011,"aoml_navis",1030.9324129214
"7901009",17,0,1,0.029904,1,0.007476,1,132.679421979024,1,4.84992806371132,778,1,6.60900020599365,34.9039993286133,0.0299040004611015,0,127.944801330566,-85.4203,25.4699,41.8235856919621,63,63,63,63,61,63,0,8280,1.36958730294889,25,-85,0.001869,51,2023-11-18 08:40:32.000916,778,1.037,0.0011,"aoml_navis",1030.94312623141
"7901009",17,0,1,0.029904,1,0.007476,1,132.70441510776,1,4.84988195479163,780,1,6.60400009155273,34.9039993286133,0.0299040004611015,0,127.968902587891,-85.4203,25.4699,41.8235856919621,63,63,63,63,61,63,0,8280,1.36958730294889,25,-85,0.001869,51,2023-11-18 08:40:32.000916,780,1.037,0.0011,"aoml_navis",1030.95292763983
"7901009",17,0,1,0.028035,1,0.005607,1,132.765493599004,1,4.84983799185033,782,1,6.60200023651123,34.9039993286133,0.0280349999666214,0,128.027801513672,-85.4203,25.4699,41.8235856919621,63,63,63,63,61,63,0,8280,1.36958730294889,25,-85,0.001869,51,2023-11-18 08:40:32.000916,782,1.037,0.0011,"aoml_navis",1030.96227304953
"7901009",17,0,1,0.029904,1,0.007476,1,132.828122787695,1,4.84979117192172,784,1,6.59600019454956,34.9039993286133,0.0299040004611015,0,128.088195800781,-85.4203,25.4699,41.8235856919621,63,63,63,63,61,63,0,8280,1.36958730294889,25,-85,0.001869,51,2023-11-18 08:40:32.000916,784,1.037,0.0011,"aoml_navis",1030.97222596881
"7901009",17,0,1,0.026166,1,0.003738,1,132.920104463758,1,4.84974210041948,786,1,6.59200000762939,34.9049987792969,0.0261659994721413,0,128.176895141602,-85.4203,25.4699,41.8235856919621,63,63,63,63,61,63,0,8280,1.36958730294889,25,-85,0.001869,51,2023-11-18 08:40:32.000916,786,1.037,0.0011,"aoml_navis",1030.98265773092
"7901009",17,0,1,0.029904,1,0.007476,1,133.166396359152,1,4.8496931412832,788,1,6.58300018310547,34.9049987792969,0.0299040004611015,0,128.414398193359,-85.4203,25.4699,41.8235856919621,63,63,63,63,61,63,0,8280,1.36958730294889,25,-85,0.001869,51,2023-11-18 08:40:32.000916,788,1.037,0.0011,"aoml_navis",1030.99306581633
"7901009",17,0,1,0.029904,1,0.007476,1,133.476567495259,1,4.8496450116825,790,1,6.57000017166138,34.9039993286133,0.0299040004611015,0,128.713500976562,-85.4203,25.4699,41.8235856919621,63,63,63,63,61,63,0,8280,1.36958730294889,25,-85,0.001869,51,2023-11-18 08:40:32.000916,790,1.037,0.0011,"aoml_navis",1031.00329775794
"7901009",17,0,1,0.029904,1,0.007476,1,133.938659510754,1,4.84958607335378,792,1,6.54699993133545,34.9039993286133,0.0299040004611015,0,129.159103393555,-85.4203,25.4699,41.8235856919621,63,63,63,63,61,63,0,8280,1.36958730294889,25,-85,0.001869,51,2023-11-18 08:40:32.000916,792,1.037,0.0011,"aoml_navis",1031.01582781934
"7901009",17,0,1,0.029904,1,0.007476,1,134.213670955787,1,4.84953071565842,794,1,6.52899980545044,34.9039993286133,0.0299040004611015,0,129.424301147461,-85.4203,25.4699,41.8235856919621,63,63,63,63,61,63,0,8280,1.36958730294889,25,-85,0.001869,51,2023-11-18 08:40:32.000916,794,1.037,0.0011,"aoml_navis",1031.02759692927
"7901009",17,0,1,0.026166,1,0.003738,1,134.529855000359,1,4.84948189910469,796,1,6.5149998664856,34.9029998779297,0.0261659994721413,0,129.729202270508,-85.4203,25.4699,41.8235856919621,63,63,63,63,61,63,0,8280,1.36958730294889,25,-85,0.001869,51,2023-11-18 08:40:32.000916,796,1.037,0.0011,"aoml_navis",1031.03797560789
"7901009",17,0,1,0.028035,1,0.005607,1,134.834218932765,1,4.84942727340672,798,1,6.4980001449585,34.9029998779297,0.0280349999666214,0,130.022705078125,-85.4203,25.4699,41.8235856919621,63,63,63,63,61,63,0,8280,1.36958730294889,25,-85,0.001869,51,2023-11-18 08:40:32.000916,798,1.037,0.0011,"aoml_navis",1031.04958959154
"7901009",17,0,1,0.026166,1,0.003738,1,135.157650114381,1,4.84937634052134,800,1,6.48099994659424,34.9020004272461,0.0261659994721413,0,130.334594726562,-85.4203,25.4699,41.8235856919621,63,63,63,63,61,63,0,8280,1.36958730294889,25,-85,0.001869,51,2023-11-18 08:40:32.000916,800,1.037,0.0011,"aoml_navis",1031.06041868107
"7901009",17,0,1,0.028035,1,0.005607,1,135.456111902425,1,4.84931592340203,802,1,6.46099996566772,34.9029998779297,0.0280349999666214,0,130.622406005859,-85.4203,25.4699,41.8235856919621,63,63,63,63,61,63,0,8280,1.36958730294889,25,-85,0.001869,51,2023-11-18 08:40:32.000916,802,1.037,0.0011,"aoml_navis",1031.07326455486
"7901009",17,0,1,0.029904,1,0.007476,1,135.764922222406,1,4.84926133036036,804,1,6.44399976730347,34.9029998779297,0.0299040004611015,0,130.920196533203,-85.4203,25.4699,41.8235856919621,63,63,63,63,61,63,0,8280,1.36958730294889,25,-85,0.001869,51,2023-11-18 08:40:32.000916,804,1.037,0.0011,"aoml_navis",1031.08487238992
"7901009",17,0,1,0.029904,1,0.007476,1,136.117294481868,1,4.84921326477926,806,1,6.43100023269653,34.9020004272461,0.0299040004611015,0,131.259994506836,-85.4203,25.4699,41.8235856919621,63,63,63,63,61,63,0,8280,1.36958730294889,25,-85,0.001869,51,2023-11-18 08:40:32.000916,806,1.037,0.0011,"aoml_navis",1031.09509254129
"7901009",17,0,1,0.026166,1,0.003738,1,136.528166011312,1,4.84915288331083,808,1,6.41099977493286,34.9029998779297,0.0261659994721413,0,131.656204223633,-85.4203,25.4699,41.8235856919621,63,63,63,63,61,63,0,8280,1.36958730294889,25,-85,0.001869,51,2023-11-18 08:40:32.000916,808,1.037,0.0011,"aoml_navis",1031.10793169841
"7901009",17,0,1,0.029904,1,0.007476,1,136.870680265581,1,4.84909407935957,810,1,6.38800001144409,34.9029998779297,0.0299040004611015,0,131.98649597168,-85.4203,25.4699,41.8235856919621,63,63,63,63,61,63,0,8280,1.36958730294889,25,-85,0.001869,51,2023-11-18 08:40:32.000916,810,1.037,0.0011,"aoml_navis",1031.12043572897
"7901009",17,0,1,0.028035,1,0.005607,1,137.169553463152,1,4.84904306232546,812,1,6.37599992752075,34.9029998779297,0.0280349999666214,0,132.274703979492,-85.4203,25.4699,41.8235856919621,63,63,63,63,61,63,0,8280,1.36958730294889,25,-85,0.001869,51,2023-11-18 08:40:32.000916,812,1.037,0.0011,"aoml_navis",1031.13128420067
"7901009",17,0,1,0.031773,1,0.009345,1,137.508855558425,1,4.84899432168351,814,1,6.36199998855591,34.9020004272461,0.0317730009555817,0,132.601898193359,-85.4203,25.4699,41.8235856919621,63,63,63,63,61,63,0,8280,1.36958730294889,25,-85,0.001869,51,2023-11-18 08:40:32.000916,814,1.037,0.0011,"aoml_navis",1031.14164882422
"7901009",17,0,1,0.029904,1,0.007476,1,137.868380014271,1,4.84893328536534,816,1,6.34100008010864,34.9029998779297,0.0299040004611015,0,132.948593139648,-85.4203,25.4699,41.8235856919621,63,63,63,63,61,63,0,8280,1.36958730294889,25,-85,0.001869,51,2023-11-18 08:40:32.000916,816,1.037,0.0011,"aoml_navis",1031.1546283985
"7901009",17,0,1,0.031773,1,0.009345,1,138.147141615373,1,4.84888738035744,818,1,6.33099985122681,34.9020004272461,0.0317730009555817,0,133.217407226562,-85.4203,25.4699,41.8235856919621,63,63,63,63,61,63,0,8280,1.36958730294889,25,-85,0.001869,51,2023-11-18 08:40:32.000916,818,1.037,0.0011,"aoml_navis",1031.16439046506
"7901009",17,0,1,0.024297,1,0.001869,1,138.551145770413,1,4.84883357057279,820,1,6.31500005722046,34.9020004272461,0.0242970008403063,0,133.606994628906,-85.4203,25.4699,41.8235856919621,63,63,63,63,61,63,0,8280,1.36958730294889,25,-85,0.001869,51,2023-11-18 08:40:32.000916,820,1.037,0.0011,"aoml_navis",1031.17583378086
"7901009",17,0,1,0.028035,1,0.005607,1,138.925718320863,1,4.84877976953927,822,1,6.29899978637695,34.9020004272461,0.0280349999666214,0,133.968200683594,-85.4203,25.4699,41.8235856919621,63,63,63,63,61,63,0,8280,1.36958730294889,25,-85,0.001869,51,2023-11-18 08:40:32.000916,822,1.037,0.0011,"aoml_navis",1031.18727548954
"7901009",17,0,1,0.029904,1,0.007476,1,139.231949419582,1,4.84872159186856,824,1,6.28200006484985,34.9029998779297,0.0299040004611015,0,134.26350402832,-85.4203,25.4699,41.8235856919621,63,63,63,63,61,63,0,8280,1.36958730294889,25,-85,0.001869,51,2023-11-18 08:40:32.000916,824,1.037,0.0011,"aoml_navis",1031.19964825061
"7901009",17,0,1,0.028035,1,0.005607,1,139.504160115146,1,4.84866921445229,826,1,6.26800012588501,34.9029998779297,0.0280349999666214,0,134.526000976562,-85.4203,25.4699,41.8235856919621,63,63,63,63,61,63,0,8280,1.36958730294889,25,-85,0.001869,51,2023-11-18 08:40:32.000916,826,1.037,0.0011,"aoml_navis",1031.21078771401
"7901009",17,0,1,0.029904,1,0.007476,1,139.801466791828,1,4.84862544135186,828,1,6.26100015640259,34.9020004272461,0.0299040004611015,0,134.812698364258,-85.4203,25.4699,41.8235856919621,63,63,63,63,61,63,0,8280,1.36958730294889,25,-85,0.001869,51,2023-11-18 08:40:32.000916,828,1.037,0.0011,"aoml_navis",1031.22009742331
"7901009",17,0,1,0.031773,1,0.009345,1,140.375557139196,1,4.84856518158503,830,1,6.24100017547607,34.9029998779297,0.0317730009555817,0,135.366302490234,-85.4203,25.4699,41.8235856919621,63,63,63,63,61,63,0,8280,1.36958730294889,25,-85,0.001869,51,2023-11-18 08:40:32.000916,830,1.037,0.0011,"aoml_navis",1031.23291380925
"7901009",17,0,1,0.029904,1,0.007476,1,140.902873388087,1,4.84849513220192,832,1,6.20699977874756,34.9039993286133,0.0299040004611015,0,135.874801635742,-85.4203,25.4699,41.8235856919621,63,63,63,63,61,63,0,8280,1.36958730294889,25,-85,0.001869,51,2023-11-18 08:40:32.000916,832,1.037,0.0011,"aoml_navis",1031.24781270622
"7901009",17,0,1,0.035511,1,0.013083,1,141.194895034698,1,4.84844857393163,834,1,6.19600009918213,34.9029998779297,0.0355109982192516,0,136.156402587891,-85.4203,25.4699,41.8235856919621,63,63,63,63,61,63,0,8280,1.36958730294889,25,-85,0.001869,51,2023-11-18 08:40:32.000916,834,1.037,0.0011,"aoml_navis",1031.25771548516
"7901009",17,0,1,0.028035,1,0.005607,1,141.513246891005,1,4.84839903536911,836,1,6.18599987030029,34.9029998779297,0.0280349999666214,0,136.463394165039,-85.4203,25.4699,41.8235856919621,63,63,63,63,61,63,0,8280,1.36958730294889,25,-85,0.001869,51,2023-11-18 08:40:32.000916,836,1.037,0.0011,"aoml_navis",1031.26825237052
"7901009",17,0,1,0.033642,1,0.011214,1,141.88512945609,1,4.84834670521924,838,1,6.17199993133545,34.9029998779297,0.0336420014500618,0,136.822006225586,-85.4203,25.4699,41.8235856919621,63,63,63,63,61,63,0,8280,1.36958730294889,25,-85,0.001869,51,2023-11-18 08:40:32.000916,838,1.037,0.0011,"aoml_navis",1031.27938326224
"7901009",17,0,1,0.029904,1,0.007476,1,142.330828384298,1,4.84829508016923,840,1,6.15899991989136,34.9029998779297,0.0299040004611015,0,137.251800537109,-85.4203,25.4699,41.8235856919621,63,63,63,63,61,63,0,8280,1.36958730294889,25,-85,0.001869,51,2023-11-18 08:40:32.000916,840,1.037,0.0011,"aoml_navis",1031.29036441105
"7901009",17,0,1,0.028035,1,0.005607,1,142.710891669583,1,4.84822792132022,842,1,6.12900018692017,34.9039993286133,0.0280349999666214,0,137.618301391602,-85.4203,25.4699,41.8235856919621,63,63,63,63,61,63,0,8280,1.36958730294889,25,-85,0.001869,51,2023-11-18 08:40:32.000916,842,1.037,0.0011,"aoml_navis",1031.30465009955
"7901009",17,0,1,0.031773,1,0.009345,1,142.874521897033,1,4.8481784055614,844,1,6.11899995803833,34.9039993286133,0.0317730009555817,0,137.776092529297,-85.4203,25.4699,41.8235856919621,63,63,63,63,61,63,0,8280,1.36958730294889,25,-85,0.001869,51,2023-11-18 08:40:32.000916,844,1.037,0.0011,"aoml_navis",1031.31518309319
"7901009",17,0,1,0.028035,1,0.005607,1,143.017739882591,1,4.84813024946891,846.099975585938,1,6.11399984359741,34.9039993286133,0.0280349999666214,0,137.914199829102,-85.4203,25.4699,41.8235856919621,63,63,63,63,61,63,0,8280,1.36958730294889,25,-85,0.001869,51,2023-11-18 08:40:32.000916,846.099975585938,1.037,0.0011,"aoml_navis",1031.32542706495
"7901009",17,0,1,0.031773,1,0.009345,1,143.095306401783,1,4.84808336222432,848,1,6.1100001335144,34.9049987792969,0.0317730009555817,0,137.988998413086,-85.4203,25.4699,41.8235856919621,63,63,63,63,61,63,0,8280,1.36958730294889,25,-85,0.001869,51,2023-11-18 08:40:32.000916,848,1.037,0.0011,"aoml_navis",1031.33540131744
"7901009",17,0,1,0.028035,1,0.005607,1,143.25064514493,1,4.8480424130693,850,1,6.10699987411499,34.9039993286133,0.0280349999666214,0,138.138793945312,-85.4203,25.4699,41.8235856919621,63,63,63,63,61,63,0,8280,1.36958730294889,25,-85,0.001869,51,2023-11-18 08:40:32.000916,850,1.037,0.0011,"aoml_navis",1031.34411252696
"7901009",17,0,1,0.028035,1,0.005607,1,143.495275578774,1,4.84799131278445,852,1,6.09999990463257,34.9049987792969,0.0280349999666214,0,138.374694824219,-85.4203,25.4699,41.8235856919621,63,63,63,63,61,63,0,8280,1.36958730294889,25,-85,0.001869,51,2023-11-18 08:40:32.000916,852,1.037,0.0011,"aoml_navis",1031.35498341647
"7901009",17,0,1,0.028035,1,0.005607,1,143.81913399336,1,4.84794340370191,854,1,6.08699989318848,34.9039993286133,0.0280349999666214,0,138.686996459961,-85.4203,25.4699,41.8235856919621,63,63,63,63,61,63,0,8280,1.36958730294889,25,-85,0.001869,51,2023-11-18 08:40:32.000916,854,1.037,0.0011,"aoml_navis",1031.36517562932
"7901009",17,0,1,0.029904,1,0.007476,1,144.12090288106,1,4.8478881341064,856,1,6.07399988174438,34.9049987792969,0.0299040004611015,0,138.977996826172,-85.4203,25.4699,41.8235856919621,63,63,63,63,61,63,0,8280,1.36958730294889,25,-85,0.001869,51,2023-11-18 08:40:32.000916,856,1.037,0.0011,"aoml_navis",1031.37693397326
"7901009",17,0,1,0.028035,1,0.005607,1,144.589941388176,1,4.84783099370915,858,1,6.05299997329712,34.9049987792969,0.0280349999666214,0,139.430297851562,-85.4203,25.4699,41.8235856919621,63,63,63,63,61,63,0,8280,1.36958730294889,25,-85,0.001869,51,2023-11-18 08:40:32.000916,858,1.037,0.0011,"aoml_navis",1031.38909060326
"7901009",17,0,1,0.033642,1,0.011214,1,144.821818126698,1,4.84776762591671,860,1,6.02299976348877,34.9049987792969,0.0336420014500618,0,139.653900146484,-85.4203,25.4699,41.8235856919621,63,63,63,63,61,63,0,8280,1.36958730294889,25,-85,0.001869,51,2023-11-18 08:40:32.000916,860,1.037,0.0011,"aoml_navis",1031.40257244787
"7901009",17,0,1,0.029904,1,0.007476,1,144.929354247553,1,4.84771793140527,862,1,6.01800012588501,34.9059982299805,0.0299040004611015,0,139.757598876953,-85.4203,25.4699,41.8235856919621,63,63,63,63,61,63,0,8280,1.36958730294889,25,-85,0.001869,51,2023-11-18 08:40:32.000916,862,1.037,0.0011,"aoml_navis",1031.41314547371
"7901009",17,0,1,0.024297,1,0.001869,1,145.136752119247,1,4.84767699194076,864,1,6.0149998664856,34.9049987792969,0.0242970008403063,0,139.957595825195,-85.4203,25.4699,41.8235856919621,63,63,63,63,61,63,0,8280,1.36958730294889,25,-85,0.001869,51,2023-11-18 08:40:32.000916,864,1.037,0.0011,"aoml_navis",1031.42185593481
"7901009",17,0,1,0.028035,1,0.005607,1,145.462161231279,1,4.84762821090397,866,1,6.00600004196167,34.9049987792969,0.0280349999666214,0,140.271392822266,-85.4203,25.4699,41.8235856919621,63,63,63,63,61,63,0,8280,1.36958730294889,25,-85,0.001869,51,2023-11-18 08:40:32.000916,866,1.037,0.0011,"aoml_navis",1031.43223499552
"7901009",17,0,1,0.035511,1,0.013083,1,145.724213276227,1,4.84756812971672,868,1,5.98600006103516,34.9059982299805,0.0355109982192516,0,140.52409362793,-85.4203,25.4699,41.8235856919621,63,63,63,63,61,63,0,8280,1.36958730294889,25,-85,0.001869,51,2023-11-18 08:40:32.000916,868,1.037,0.0011,"aoml_navis",1031.44501865767
"7901009",17,0,1,0.031773,1,0.009345,1,145.859440422904,1,4.8475172811185,870,1,5.97399997711182,34.9059982299805,0.0317730009555817,0,140.654495239258,-85.4203,25.4699,41.8235856919621,63,63,63,63,61,63,0,8280,1.36958730294889,25,-85,0.001869,51,2023-11-18 08:40:32.000916,870,1.037,0.0011,"aoml_navis",1031.45583812056
"7901009",17,0,1,0.028035,1,0.005607,1,145.969160178938,1,4.8474726645468,872,1,5.97100019454956,34.9059982299805,0.0280349999666214,0,140.760299682617,-85.4203,25.4699,41.8235856919621,63,63,63,63,61,63,0,8280,1.36958730294889,25,-85,0.001869,51,2023-11-18 08:40:32.000916,872,1.037,0.0011,"aoml_navis",1031.46533173229
"7901009",17,0,1,0.031773,1,0.009345,1,146.071822679247,1,4.84742735740717,874,1,5.96700000762939,34.9059982299805,0.0317730009555817,0,140.859298706055,-85.4203,25.4699,41.8235856919621,63,63,63,63,61,63,0,8280,1.36958730294889,25,-85,0.001869,51,2023-11-18 08:40:32.000916,874,1.037,0.0011,"aoml_navis",1031.47497246342
"7901009",17,0,1,0.029904,1,0.007476,1,146.159247203632,1,4.84738205204715,876,1,5.96299982070923,34.9059982299805,0.0299040004611015,0,140.943603515625,-85.4203,25.4699,41.8235856919621,63,63,63,63,61,63,0,8280,1.36958730294889,25,-85,0.001869,51,2023-11-18 08:40:32.000916,876,1.037,0.0011,"aoml_navis",1031.48461299608
"7901009",17,0,1,0.026166,1,0.003738,1,146.300787904197,1,4.84733674879645,878,1,5.95900011062622,34.9059982299805,0.0261659994721413,0,141.080093383789,-85.4203,25.4699,41.8235856919621,63,63,63,63,61,63,0,8280,1.36958730294889,25,-85,0.001869,51,2023-11-18 08:40:32.000916,878,1.037,0.0011,"aoml_navis",1031.49425326009
"7901009",17,0,1,0.033642,1,0.011214,1,146.475114779337,1,4.84729006305233,880,1,5.95300006866455,34.9059982299805,0.0336420014500618,0,141.248199462891,-85.4203,25.4699,41.8235856919621,63,63,63,63,61,63,0,8280,1.36958730294889,25,-85,0.001869,51,2023-11-18 08:40:32.000916,880,1.037,0.0011,"aoml_navis",1031.50418789906
"7901009",17,0,1,0.028035,1,0.005607,1,146.730315273324,1,4.84724407114561,882,1,5.94799995422363,34.9059982299805,0.0280349999666214,0,141.494293212891,-85.4203,25.4699,41.8235856919621,63,63,63,63,61,63,0,8280,1.36958730294889,25,-85,0.001869,51,2023-11-18 08:40:32.000916,882,1.037,0.0011,"aoml_navis",1031.51397507786
"7901009",17,0,1,0.029904,1,0.007476,1,147.111628610632,1,4.84719531422018,884,1,5.93900012969971,34.9059982299805,0.0299040004611015,0,141.861999511719,-85.4203,25.4699,41.8235856919621,63,63,63,63,61,63,0,8280,1.36958730294889,25,-85,0.001869,51,2023-11-18 08:40:32.000916,884,1.037,0.0011,"aoml_navis",1031.52435086153
"7901009",17,0,1,0.031773,1,0.009345,1,147.49294194794,1,4.84713042601174,886,1,5.91200017929077,34.9070014953613,0.0317730009555817,0,142.229705810547,-85.4203,25.4699,41.8235856919621,63,63,63,63,61,63,0,8280,1.36958730294889,25,-85,0.001869,51,2023-11-18 08:40:32.000916,886,1.037,0.0011,"aoml_navis",1031.53815980851
"7901009",17,0,1,0.026166,1,0.003738,1,147.631681899036,1,4.84707753871735,888,1,5.89699983596802,34.9070014953613,0.0261659994721413,0,142.363494873047,-85.4203,25.4699,41.8235856919621,63,63,63,63,61,63,0,8280,1.36958730294889,25,-85,0.001869,51,2023-11-18 08:40:32.000916,888,1.037,0.0011,"aoml_navis",1031.5494150983
"7901009",17,0,1,0.028035,1,0.005607,1,147.732999406663,1,4.84703293634153,890,1,5.89400005340576,34.9070014953613,0.0280349999666214,0,142.461196899414,-85.4203,25.4699,41.8235856919621,63,63,63,63,61,63,0,8280,1.36958730294889,25,-85,0.001869,51,2023-11-18 08:40:32.000916,890,1.037,0.0011,"aoml_navis",1031.5589074115
"7901009",17,0,1,0.031773,1,0.009345,1,147.812844501694,1,4.84698902582327,892,1,5.89200019836426,34.9070014953613,0.0317730009555817,0,142.538192749023,-85.4203,25.4699,41.8235856919621,63,63,63,63,61,63,0,8280,1.36958730294889,25,-85,0.001869,51,2023-11-18 08:40:32.000916,892,1.037,0.0011,"aoml_navis",1031.56825265367
"7901009",17,0,1,0.029904,1,0.007476,1,147.979702711583,1,4.84694166675669,894,1,5.88500022888184,34.9070014953613,0.0299040004611015,0,142.699096679688,-85.4203,25.4699,41.8235856919621,63,63,63,63,61,63,0,8280,1.36958730294889,25,-85,0.001869,51,2023-11-18 08:40:32.000916,894,1.037,0.0011,"aoml_navis",1031.57833202184
"7901009",17,0,1,0.029904,1,0.007476,1,148.038819095855,1,4.84689200702253,896,1,5.88000011444092,34.9080009460449,0.0299040004611015,0,142.756103515625,-85.4203,25.4699,41.8235856919621,63,63,63,63,61,63,0,8280,1.36958730294889,25,-85,0.001869,51,2023-11-18 08:40:32.000916,896,1.037,0.0011,"aoml_navis",1031.58890124963
"7901009",17,0,1,0.031773,1,0.009345,1,148.1263385609,1,4.8468481013984,898,1,5.87799978256226,34.9080009460449,0.0317730009555817,0,142.84049987793,-85.4203,25.4699,41.8235856919621,63,63,63,63,61,63,0,8280,1.36958730294889,25,-85,0.001869,51,2023-11-18 08:40:32.000916,898,1.037,0.0011,"aoml_navis",1031.5982459936
"7901009",17,0,1,0.029904,1,0.007476,1,148.27318011498,1,4.84680281804307,900,1,5.87400007247925,34.9080009460449,0.0299040004611015,0,142.98210144043,-85.4203,25.4699,41.8235856919621,63,63,63,63,61,63,0,8280,1.36958730294889,25,-85,0.001869,51,2023-11-18 08:40:32.000916,900,1.037,0.0011,"aoml_navis",1031.60788414718
"7901009",17,0,1,0.028035,1,0.005607,1,148.442206136605,1,4.84675546648971,902,1,5.86700010299683,34.9080009460449,0.0280349999666214,0,143.145095825195,-85.4203,25.4699,41.8235856919621,63,63,63,63,61,63,0,8280,1.36958730294889,25,-85,0.001869,51,2023-11-18 08:40:32.000916,902,1.037,0.0011,"aoml_navis",1031.61796269067
"7901009",17,0,1,0.033642,1,0.011214,1,148.585629826926,1,4.84670949658755,904,1,5.86199998855591,34.9080009460449,0.0336420014500618,0,143.283401489258,-85.4203,25.4699,41.8235856919621,63,63,63,63,61,63,0,8280,1.36958730294889,25,-85,0.001869,51,2023-11-18 08:40:32.000916,904,1.037,0.0011,"aoml_navis",1031.62774734495
"7901009",17,0,1,0.028035,1,0.005607,1,148.768248186369,1,4.84666421824079,906,1,5.85799980163574,34.9080009460449,0.0280349999666214,0,143.459503173828,-85.4203,25.4699,41.8235856919621,63,63,63,63,61,63,0,8280,1.36958730294889,25,-85,0.001869,51,2023-11-18 08:40:32.000916,906,1.037,0.0011,"aoml_navis",1031.6373849837
"7901009",17,0,1,0.031773,1,0.009345,1,149.044082450456,1,4.84660836427214,908,1,5.8439998626709,34.9090003967285,0.0317730009555817,0,143.725494384766,-85.4203,25.4699,41.8235856919621,63,63,63,63,61,63,0,8280,1.36958730294889,25,-85,0.001869,51,2023-11-18 08:40:32.000916,908,1.037,0.0011,"aoml_navis",1031.64927392496
"7901009",17,0,1,0.029904,1,0.007476,1,149.047927547184,1,4.84656171119095,910,1,5.83799982070923,34.9090003967285,0.0299040004611015,0,143.729202270508,-85.4203,25.4699,41.8235856919621,63,63,63,63,61,63,0,8280,1.36958730294889,25,-85,0.001869,51,2023-11-18 08:40:32.000916,910,1.037,0.0011,"aoml_navis",1031.65920459751
"7901009",17,0,1,0.031773,1,0.009345,1,149.15038434273,1,4.84651850630441,912,1,5.83699989318848,34.9090003967285,0.0317730009555817,0,143.828002929688,-85.4203,25.4699,41.8235856919621,63,63,63,63,61,63,0,8280,1.36958730294889,25,-85,0.001869,51,2023-11-18 08:40:32.000916,912,1.037,0.0011,"aoml_navis",1031.66840145064
"7901009",17,0,1,0.026166,1,0.003738,1,149.219754318279,1,4.84647461419555,914,1,5.83500003814697,34.9090003967285,0.0261659994721413,0,143.894897460938,-85.4203,25.4699,41.8235856919621,63,63,63,63,61,63,0,8280,1.36958730294889,25,-85,0.001869,51,2023-11-18 08:40:32.000916,914,1.037,0.0011,"aoml_navis",1031.67774475797
"7901009",17,0,1,0.028035,1,0.005607,1,149.357370804899,1,4.84642865546156,916,1,5.82999992370605,34.9090003967285,0.0280349999666214,0,144.027603149414,-85.4203,25.4699,41.8235856919621,63,63,63,63,61,63,0,8280,1.36958730294889,25,-85,0.001869,51,2023-11-18 08:40:32.000916,916,1.037,0.0011,"aoml_navis",1031.68752816889
"7901009",17,0,1,0.026166,1,0.003738,1,149.501095140643,1,4.84638200929121,918,1,5.82399988174438,34.9090003967285,0.0261659994721413,0,144.166198730469,-85.4203,25.4699,41.8235856919621,63,63,63,63,61,63,0,8280,1.36958730294889,25,-85,0.001869,51,2023-11-18 08:40:32.000916,918,1.037,0.0011,"aoml_navis",1031.69745810674
"7901009",17,0,1,0.033642,1,0.011214,1,149.774445124127,1,4.84633536510533,920,1,5.81799983978271,34.9090003967285,0.0336420014500618,0,144.429794311523,-85.4203,25.4699,41.8235856919621,63,63,63,63,61,63,0,8280,1.36958730294889,25,-85,0.001869,51,2023-11-18 08:40:32.000916,920,1.037,0.0011,"aoml_navis",1031.70738781329
"7901009",17,0,1,0.031773,1,0.009345,1,150.168923566283,1,4.84628390055565,922,1,5.80499982833862,34.9090003967285,0.0317730009555817,0,144.810195922852,-85.4203,25.4699,41.8235856919621,63,63,63,63,61,63,0,8280,1.36958730294889,25,-85,0.001869,51,2023-11-18 08:40:32.000916,922,1.037,0.0011,"aoml_navis",1031.71834391021
"7901009",17,0,1,0.028035,1,0.005607,1,150.5438125856,1,4.84621912909961,924,1,5.77799987792969,34.9099998474121,0.0280349999666214,0,145.17170715332,-85.4203,25.4699,41.8235856919621,63,63,63,63,61,63,0,8280,1.36958730294889,25,-85,0.001869,51,2023-11-18 08:40:32.000916,924,1.037,0.0011,"aoml_navis",1031.73213319575
"7901009",17,0,1,0.029904,1,0.007476,1,150.70972138889,1,4.84616905721526,926,1,5.76700019836426,34.9099998474121,0.0299040004611015,0,145.331695556641,-85.4203,25.4699,41.8235856919621,63,63,63,63,61,63,0,8280,1.36958730294889,25,-85,0.001869,51,2023-11-18 08:40:32.000916,926,1.037,0.0011,"aoml_navis",1031.7427933216
"7901009",17,0,1,0.026166,1,0.003738,1,150.809282494307,1,4.84612379871119,928,1,5.76300001144409,34.9099998474121,0.0261659994721413,0,145.427703857422,-85.4203,25.4699,41.8235856919621,63,63,63,63,61,63,0,8280,1.36958730294889,25,-85,0.001869,51,2023-11-18 08:40:32.000916,928,1.037,0.0011,"aoml_navis",1031.75242888548
"7901009",17,0,1,0.033642,1,0.011214,1,150.95580757952,1,4.84607417329339,930,1,5.75799989700317,34.9109992980957,0.0336420014500618,0,145.569000244141,-85.4203,25.4699,41.8235856919621,63,63,63,63,61,63,0,8280,1.36958730294889,25,-85,0.001869,51,2023-11-18 08:40:32.000916,930,1.037,0.0011,"aoml_navis",1031.76299437489
"7901009",17,0,1,0.028035,1,0.005607,1,151.137903765334,1,4.84602685720552,932,1,5.75099992752075,34.9109992980957,0.0280349999666214,0,145.744598388672,-85.4203,25.4699,41.8235856919621,63,63,63,63,61,63,0,8280,1.36958730294889,25,-85,0.001869,51,2023-11-18 08:40:32.000916,932,1.037,0.0011,"aoml_navis",1031.7730683984
"7901009",17,0,1,0.031773,1,0.009345,1,151.344273113212,1,4.84598023022193,934,1,5.74499988555908,34.9109992980957,0.0317730009555817,0,145.943603515625,-85.4203,25.4699,41.8235856919621,63,63,63,63,61,63,0,8280,1.36958730294889,25,-85,0.001869,51,2023-11-18 08:40:32.000916,934,1.037,0.0011,"aoml_navis",1031.78299589782
"7901009",17,0,1,0.029904,1,0.007476,1,151.578634132337,1,4.84593429203408,936,1,5.73999977111816,34.9109992980957,0.0299040004611015,0,146.16960144043,-85.4203,25.4699,41.8235856919621,63,63,63,63,61,63,0,8280,1.36958730294889,25,-85,0.001869,51,2023-11-18 08:40:32.000916,936,1.037,0.0011,"aoml_navis",1031.79277693038
"7901009",17,0,1,0.028035,1,0.005607,1,152.140587898673,1,4.84588560891264,938,1,5.73099994659424,34.9109992980957,0.0280349999666214,0,146.711502075195,-85.4203,25.4699,41.8235856919621,63,63,63,63,61,63,0,8280,1.36958730294889,25,-85,0.001869,51,2023-11-18 08:40:32.000916,938,1.037,0.0011,"aoml_navis",1031.80314260904
"7901009",17,0,1,0.024297,1,0.001869,1,152.613249974311,1,4.84580762680245,940,1,5.69000005722046,34.9129981994629,0.0242970008403063,0,147.167297363281,-85.4203,25.4699,41.8235856919621,63,63,63,63,61,63,0,8280,1.36958730294889,25,-85,0.001869,51,2023-11-18 08:40:32.000916,940,1.037,0.0011,"aoml_navis",1031.8197471036
"7901009",17,0,1,0.031773,1,0.009345,1,152.858608286548,1,4.84576238108788,942,1,5.68599987030029,34.9129981994629,0.0317730009555817,0,147.403900146484,-85.4203,25.4699,41.8235856919621,63,63,63,63,61,63,0,8280,1.36958730294889,25,-85,0.001869,51,2023-11-18 08:40:32.000916,942,1.037,0.0011,"aoml_navis",1031.82938138157
"7901009",17,0,1,0.028035,1,0.005607,1,153.286062784599,1,4.84572287329716,944,1,5.68499994277954,34.9119987487793,0.0280349999666214,0,147.816101074219,-85.4203,25.4699,41.8235856919621,63,63,63,63,61,63,0,8280,1.36958730294889,25,-85,0.001869,51,2023-11-18 08:40:32.000916,944,1.037,0.0011,"aoml_navis",1031.83779401686
"7901009",17,0,1,0.028035,1,0.005607,1,153.969350714371,1,4.8456657341714,946,1,5.66900014877319,34.9129981994629,0.0280349999666214,0,148.475006103516,-85.4203,25.4699,41.8235856919621,63,63,63,63,61,63,0,8280,1.36958730294889,25,-85,0.001869,51,2023-11-18 08:40:32.000916,946,1.037,0.0011,"aoml_navis",1031.84996124273
"7901009",17,0,1,0.026166,1,0.003738,1,154.217493952634,1,4.84561064131433,948,1,5.6560001373291,34.9140014648438,0.0261659994721413,0,148.714294433594,-85.4203,25.4699,41.8235856919621,63,63,63,63,61,63,0,8280,1.36958730294889,25,-85,0.001869,51,2023-11-18 08:40:32.000916,948,1.037,0.0011,"aoml_navis",1031.86169300714
"7901009",17,0,1,0.026166,1,0.003738,1,154.460573689032,1,4.84556403516978,950,1,5.65000009536743,34.9140014648438,0.0261659994721413,0,148.948699951172,-85.4203,25.4699,41.8235856919621,63,63,63,63,61,63,0,8280,1.36958730294889,25,-85,0.001869,51,2023-11-18 08:40:32.000916,950,1.037,0.0011,"aoml_navis",1031.87161777438
"7901009",17,0,1,0.024297,1,0.001869,1,154.864799372278,1,4.84551469642406,952,1,5.6399998664856,34.9140014648438,0.0242970008403063,0,149.338500976562,-85.4203,25.4699,41.8235856919621,63,63,63,63,61,63,0,8280,1.36958730294889,25,-85,0.001869,51,2023-11-18 08:40:32.000916,952,1.037,0.0011,"aoml_navis",1031.88212465643
"7901009",17,0,1,0.029904,1,0.007476,1,155.317666320314,1,4.84545758190896,954,1,5.62400007247925,34.9150009155273,0.0299040004611015,0,149.775207519531,-85.4203,25.4699,41.8235856919621,63,63,63,63,61,63,0,8280,1.36958730294889,25,-85,0.001869,51,2023-11-18 08:40:32.000916,954,1.037,0.0011,"aoml_navis",1031.89428768669
"7901009",17,0,1,0.029904,1,0.007476,1,155.495711704636,1,4.84540961774254,956,1,5.61600017547607,34.9150009155273,0.0299040004611015,0,149.946899414062,-85.4203,25.4699,41.8235856919621,63,63,63,63,61,63,0,8280,1.36958730294889,25,-85,0.001869,51,2023-11-18 08:40:32.000916,956,1.037,0.0011,"aoml_navis",1031.90450229252
"7901009",17,0,1,0.028035,1,0.005607,1,155.769789566513,1,4.8453643864268,958,1,5.61199998855591,34.9150009155273,0.0280349999666214,0,150.211196899414,-85.4203,25.4699,41.8235856919621,63,63,63,63,61,63,0,8280,1.36958730294889,25,-85,0.001869,51,2023-11-18 08:40:32.000916,958,1.037,0.0011,"aoml_navis",1031.9141350868
"7901009",17,0,1,0.031773,1,0.009345,1,156.119994014239,1,4.84530960379245,960,1,5.5939998626709,34.9150009155273,0.0317730009555817,0,150.548904418945,-85.4203,25.4699,41.8235856919621,63,63,63,63,61,63,0,8280,1.36958730294889,25,-85,0.001869,51,2023-11-18 08:40:32.000916,960,1.037,0.0011,"aoml_navis",1031.92580224109
"7901009",17,0,1,0.028035,1,0.005607,1,156.358706480278,1,4.845253195888,962,1,5.5789999961853,34.9160003662109,0.0280349999666214,0,150.779098510742,-85.4203,25.4699,41.8235856919621,63,63,63,63,61,63,0,8280,1.36958730294889,25,-85,0.001869,51,2023-11-18 08:40:32.000916,962,1.037,0.0011,"aoml_navis",1031.93781580771
"7901009",17,0,1,0.031773,1,0.009345,1,156.628749364107,1,4.84519407231694,964,1,5.55999994277954,34.9169998168945,0.0317730009555817,0,151.039505004883,-85.4203,25.4699,41.8235856919621,63,63,63,63,61,63,0,8280,1.36958730294889,25,-85,0.001869,51,2023-11-18 08:40:32.000916,964,1.037,0.0011,"aoml_navis",1031.95040804816
"7901009",17,0,1,0.026166,1,0.003738,1,156.735652547228,1,4.84514884863909,966,1,5.55600023269653,34.9169998168945,0.0261659994721413,0,151.142593383789,-85.4203,25.4699,41.8235856919621,63,63,63,63,61,63,0,8280,1.36958730294889,25,-85,0.001869,51,2023-11-18 08:40:32.000916,966,1.037,0.0011,"aoml_navis",1031.96004007274
"7901009",17,0,1,0.029904,1,0.007476,1,156.940265492897,1,4.84510430710332,968,1,5.55299997329712,34.9169998168945,0.0299040004611015,0,151.339904785156,-85.4203,25.4699,41.8235856919621,63,63,63,63,61,63,0,8280,1.36958730294889,25,-85,0.001869,51,2023-11-18 08:40:32.000916,968,1.037,0.0011,"aoml_navis",1031.96952698616
"7901009",17,0,1,0.031773,1,0.009345,1,157.231764965877,1,4.84505296173914,970,1,5.53999996185303,34.9169998168945,0.0317730009555817,0,151.621002197266,-85.4203,25.4699,41.8235856919621,63,63,63,63,61,63,0,8280,1.36958730294889,25,-85,0.001869,51,2023-11-18 08:40:32.000916,970,1.037,0.0011,"aoml_navis",1031.9804632652
"7901009",17,0,1,0.028035,1,0.005607,1,157.495779117798,1,4.84500298197089,972,1,5.52899980545044,34.9169998168945,0.0280349999666214,0,151.875595092773,-85.4203,25.4699,41.8235856919621,63,63,63,63,61,63,0,8280,1.36958730294889,25,-85,0.001869,51,2023-11-18 08:40:32.000916,972,1.037,0.0011,"aoml_navis",1031.99110890249
"7901009",17,0,1,0.028035,1,0.005607,1,157.994692285917,1,4.84495028851546,974,1,5.51399993896484,34.9169998168945,0.0280349999666214,0,152.356704711914,-85.4203,25.4699,41.8235856919621,63,63,63,63,61,63,0,8280,1.36958730294889,25,-85,0.001869,51,2023-11-18 08:40:32.000916,974,1.037,0.0011,"aoml_navis",1032.00233279009
"7901009",17,0,1,0.031773,1,0.009345,1,158.453461378313,1,4.8448898493285,976,1,5.49300003051758,34.9179992675781,0.0317730009555817,0,152.799102783203,-85.4203,25.4699,41.8235856919621,63,63,63,63,61,63,0,8280,1.36958730294889,25,-85,0.001869,51,2023-11-18 08:40:32.000916,976,1.037,0.0011,"aoml_navis",1032.01520684583
"7901009",17,0,1,0.028035,1,0.005607,1,158.784566929943,1,4.84483552785955,978,1,5.48099994659424,34.9189987182617,0.0280349999666214,0,153.118392944336,-85.4203,25.4699,41.8235856919621,63,63,63,63,61,63,0,8280,1.36958730294889,25,-85,0.001869,51,2023-11-18 08:40:32.000916,978,1.037,0.0011,"aoml_navis",1032.02677805019
"7901009",17,0,1,0.028035,1,0.005607,1,162.130259963682,1,4.84430973590383,999.5,1,5.40089988708496,34.9230003356934,0.0280349999666214,0,156.344696044922,-85.4203,25.4699,41.8235856919621,63,63,63,63,61,63,0,8280,1.36958730294889,25,-85,0.001869,51,2023-11-18 08:40:32.000916,999.5,1.037,0.0011,"aoml_navis",1032.13879222921
"7901009",17,0,1,0.028035,1,0.005607,1,169.196424286375,1,4.84304612199966,1050,1,5.15530014038086,34.9300003051758,0.0280349999666214,0,163.158706665039,-85.4203,25.4699,41.8235856919621,63,63,63,63,61,63,0,8280,1.36958730294889,25,-85,0.001869,51,2023-11-18 08:40:32.000916,1050,1.037,0.0011,"aoml_navis",1032.40809070295
"7901009",17,0,1,0.031773,1,0.009345,1,173.842092306692,1,4.84188317058408,1099.30004882812,1,5.00299978256226,34.9339981079102,0.0317730009555817,0,167.638595581055,-85.4203,25.4699,41.8235856919621,63,63,63,63,61,63,0,8280,1.36958730294889,25,-85,0.001869,51,2023-11-18 08:40:32.000916,1099.30004882812,1.037,0.0011,"aoml_navis",1032.65606043048
"7901009",17,0,1,0.033642,1,0.011214,1,177.806260446333,1,4.84072765654098,1149.5,1,4.89429998397827,34.9389991760254,0.0336420014500618,0,171.461303710938,-85.4203,25.4699,41.8235856919621,63,63,63,63,61,63,0,8280,1.36958730294889,25,-85,0.001869,51,2023-11-18 08:40:32.000916,1149.5,1.037,0.0011,"aoml_navis",1032.90256233354
"7901009",17,0,1,0.031773,1,0.009345,1,183.093110213727,1,4.83956635238934,1199.30004882812,1,4.76249980926514,34.9440002441406,0.0317730009555817,0,176.559494018555,-85.4203,25.4699,41.8235856919621,63,63,63,63,61,63,0,8280,1.36958730294889,25,-85,0.001869,51,2023-11-18 08:40:32.000916,1199.30004882812,1.037,0.0011,"aoml_navis",1033.15041801864
"7901009",17,0,1,0.031773,1,0.009345,1,188.313295814381,1,4.83839547625881,1249,1,4.6168999671936,34.9500007629395,0.0317730009555817,0,181.593399047852,-85.4203,25.4699,41.8235856919621,63,63,63,63,61,63,0,8280,1.36958730294889,25,-85,0.001869,51,2023-11-18 08:40:32.000916,1249,1.037,0.0011,"aoml_navis",1033.40043709411
"7901009",17,0,1,0.031773,1,0.009345,1,191.898539956657,1,4.83727580154083,1298.90002441406,1,4.53660011291504,34.9529991149902,0.0317730009555817,0,185.050704956055,-85.4203,25.4699,41.8235856919621,63,63,63,63,61,63,0,8280,1.36958730294889,25,-85,0.001869,51,2023-11-18 08:40:32.000916,1298.90002441406,1.037,0.0011,"aoml_navis",1033.63963626125
"7901009",17,0,1,0.031773,1,0.009345,1,194.829627128327,1,4.83613854672325,1349.80004882812,1,4.46549987792969,34.9570007324219,0.0317730009555817,0,187.877197265625,-85.4203,25.4699,41.8235856919621,63,63,63,63,61,63,0,8280,1.36958730294889,25,-85,0.001869,51,2023-11-18 08:40:32.000916,1349.80004882812,1.037,0.0011,"aoml_navis",1033.88270449526
"7901009",17,0,1,0.026166,1,0.003738,1,196.683691629906,1,4.83505896125413,1399.30004882812,1,4.42379999160767,34.9589996337891,0.0261659994721413,0,189.665100097656,-85.4203,25.4699,41.8235856919621,63,63,63,63,61,63,0,8280,1.36958730294889,25,-85,0.001869,51,2023-11-18 08:40:32.000916,1399.30004882812,1.037,0.0011,"aoml_navis",1034.11355271314
"7901009",17,0,1,0.024297,1,0.001869,1,198.310341603981,1,4.83397982008944,1449.40002441406,1,4.39429998397827,34.9599990844727,0.0242970008403063,0,191.233703613281,-85.4203,25.4699,41.8235856919621,63,63,63,63,61,63,0,8280,1.36958730294889,25,-85,0.001869,51,2023-11-18 08:40:32.000916,1449.40002441406,1.037,0.0011,"aoml_navis",1034.34440897345
"7901009",17,0,1,0.028035,1,0.005607,1,199.686126707541,1,4.83290687400246,1499.5,1,4.37200021743774,34.9609985351562,0.0280349999666214,0,192.560394287109,-85.4203,25.4699,41.8235856919621,63,63,63,63,61,63,0,8280,1.36958730294889,25,-85,0.001869,51,2023-11-18 08:40:32.000916,1499.5,1.037,0.0011,"aoml_navis",1034.57404215595
"7901009",17,0,1,0.029904,1,0.007476,1,200.93271339633,1,4.83183475111159,1549.40002441406,1,4.34810018539429,34.9630012512207,0.0299040004611015,0,193.762496948242,-85.4203,25.4699,41.8235856919621,63,63,63,63,61,63,0,8280,1.36958730294889,25,-85,0.001869,51,2023-11-18 08:40:32.000916,1549.40002441406,1.037,0.0011,"aoml_navis",1034.80360102334
"7901009",17,0,1,0.024297,1,0.001869,1,202.038170794082,1,4.83077011625792,1599.30004882812,1,4.32779979705811,34.9640007019043,0.0242970008403063,0,194.828506469727,-85.4203,25.4699,41.8235856919621,63,63,63,63,61,63,0,8280,1.36958730294889,25,-85,0.001869,51,2023-11-18 08:40:32.000916,1599.30004882812,1.037,0.0011,"aoml_navis",1035.03165741059
"7901009",17,0,1,0.024297,1,0.001869,1,202.815196802126,1,4.82971447368548,1649.30004882812,1,4.32159996032715,34.9650001525879,0.0242970008403063,0,195.57780456543,-85.4203,25.4699,41.8235856919621,63,63,63,63,61,63,0,8280,1.36958730294889,25,-85,0.001869,51,2023-11-18 08:40:32.000916,1649.30004882812,1.037,0.0011,"aoml_navis",1035.25788682588
"7901009",17,0,1,0.028035,1,0.005607,1,203.51880203313,1,4.82866238900452,1699.30004882812,1,4.31309986114502,34.9650001525879,0.0280349999666214,0,196.256301879883,-85.4203,25.4699,41.8235856919621,63,63,63,63,61,63,0,8280,1.36958730294889,25,-85,0.001869,51,2023-11-18 08:40:32.000916,1699.30004882812,1.037,0.0011,"aoml_navis",1035.48345218453
"7901009",17,0,1,0.024297,1,0.001869,1,204.170965249876,1,4.82759584716319,1750.09997558594,1,4.30569982528687,34.9650001525879,0.0242970008403063,0,196.885192871094,-85.4203,25.4699,41.8235856919621,63,63,63,63,61,63,0,8280,1.36958730294889,25,-85,0.001869,51,2023-11-18 08:40:32.000916,1750.09997558594,1.037,0.0011,"aoml_navis",1035.71221748774
"7901009",17,0,1,0.033642,1,0.011214,1,204.36053010094,1,4.82655115997429,1800,1,4.30569982528687,34.9659996032715,0.0336420014500618,0,197.067993164062,-85.4203,25.4699,41.8235856919621,63,63,63,63,61,63,0,8280,1.36958730294889,25,-85,0.001869,51,2023-11-18 08:40:32.000916,1800,1.037,0.0011,"aoml_navis",1035.93639314633
"7901009",17,0,1,0.028035,1,0.005607,1,204.901122218783,1,4.82552340260084,1849.19995117188,1,4.30170011520386,34.9659996032715,0.0280349999666214,0,197.589294433594,-85.4203,25.4699,41.8235856919621,63,63,63,63,61,63,0,8280,1.36958730294889,25,-85,0.001869,51,2023-11-18 08:40:32.000916,1849.19995117188,1.037,0.0011,"aoml_navis",1036.15703061457
"7901009",17,0,1,0.031773,1,0.009345,1,205.134043304565,1,4.824489915819,1898.90002441406,1,4.30219984054565,34.9659996032715,0.0317730009555817,0,197.813903808594,-85.4203,25.4699,41.8235856919621,63,63,63,63,61,63,0,8280,1.36958730294889,25,-85,0.001869,51,2023-11-18 08:40:32.000916,1898.90002441406,1.037,0.0011,"aoml_navis",1036.37899285591
"7901009",17,0,1,0.028035,1,0.005607,1,205.383120125985,1,4.82346463454254,1948,1,4.2996997833252,34.9669990539551,0.0280349999666214,0,198.054092407227,-85.4203,25.4699,41.8235856919621,63,63,63,63,61,63,0,8280,1.36958730294889,25,-85,0.001869,51,2023-11-18 08:40:32.000916,1948,1.037,0.0011,"aoml_navis",1036.59928678511
"7901009",17,0,1,0.031773,1,0.009345,1,202.398312364217,4,4.82239108977113,1999.80004882812,1,4.30079984664917,34.9669990539551,0.0317730009555817,0,195.175796508789,-85.4203,25.4699,41.8235856919621,63,63,63,63,61,63,0,8280,1.36958730294889,25,-85,0.001869,51,2023-11-18 08:40:32.000916,1999.80004882812,1.037,0.0011,"aoml_navis",1036.83005109345
"7901009",18,0.096496644750289,5,0.121485,1,0.099057,1,197.219882672814,1,4.88415422013619,2.29999995231628,1,26.7259998321533,36.1990013122559,0.121485002338886,0.128852471709251,190.182098388672,-85.9191,25.7878,29.7038870399488,63,63,63,63,61,63,0.121485,8047,1.25895569026649,26,-86,0.001869,51,2023-11-28 15:42:37.00167,2.29999995231628,1.037,0.0011,"aoml_navis",1023.71869819061
"7901009",18,0.096496644750289,5,0.140175,1,0.117747,1,197.263650330626,1,4.8841163524508,3.90000009536743,1,26.7250003814697,36.2000007629395,0.140174999833107,0.128852471709251,190.224304199219,-85.9191,25.7878,29.7038870399488,63,63,63,63,61,63,0.121485,8047,1.25895569026649,26,-86,0.001869,51,2023-11-28 15:42:37.00167,3.90000009536743,1.037,0.0011,"aoml_navis",1023.7266353188
"7901009",18,0.096496644750289,5,0.128961,1,0.106533,1,197.192397343234,1,4.88408152716015,6,1,26.7280006408691,36.1990013122559,0.128960996866226,0.128852471709251,190.15559387207,-85.9191,25.7878,29.7038870399488,63,63,63,63,61,63,0.121485,8047,1.25895569026649,26,-86,0.001869,51,2023-11-28 15:42:37.00167,6,1.037,0.0011,"aoml_navis",1023.73393486477
"7901009",18,0.096496644750289,5,0.134568,1,0.11214,1,197.179437939131,1,4.88404570784354,8,1,26.7290000915527,36.1980018615723,0.134568005800247,0.128852471709251,190.143096923828,-85.9191,25.7878,29.7038870399488,63,63,63,63,61,63,0.121485,8047,1.25895569026649,26,-86,0.001869,51,2023-11-28 15:42:37.00167,8,1.037,0.0011,"aoml_navis",1023.74144287189
"7901009",18,0.096496644750289,5,0.13083,1,0.108402,1,197.185150203943,1,4.88400270014916,10,1,26.7299995422363,36.1990013122559,0.130830004811287,0.128852471709251,190.14860534668,-85.9191,25.7878,29.7038870399488,63,63,63,63,61,63,0.121485,8047,1.25895569026649,26,-86,0.001869,51,2023-11-28 15:42:37.00167,10,1.037,0.0011,"aoml_navis",1023.75045776435
"7901009",18,0.096496644750289,5,0.134568,1,0.11214,1,197.272052581637,1,4.88396329329733,12,1,26.7310009002686,36.1990013122559,0.134568005800247,0.128852471709251,190.232406616211,-85.9191,25.7878,29.7038870399488,63,63,63,63,61,63,0.121485,8047,1.25895569026649,26,-86,0.001869,51,2023-11-28 15:42:37.00167,12,1.037,0.0011,"aoml_navis",1023.75871801942
"7901009",18,0.096496644750289,5,0.13083,1,0.108402,1,197.17363073363,1,4.88392845114573,14,1,26.7350006103516,36.1990013122559,0.130830004811287,0.128852471709251,190.137496948242,-85.9191,25.7878,29.7038870399488,63,63,63,63,61,63,0.121485,8047,1.25895569026649,26,-86,0.001869,51,2023-11-28 15:42:37.00167,14,1.037,0.0011,"aoml_navis",1023.76602155731
"7901009",18,0.096496644750289,5,0.136437,1,0.114009,1,197.078642573889,1,4.88388337764735,16,1,26.7369995117188,36.201000213623,0.136436998844147,0.128852471709251,190.0458984375,-85.9191,25.7878,29.7038870399488,63,63,63,63,61,63,0.121485,8047,1.25895569026649,26,-86,0.001869,51,2023-11-28 15:42:37.00167,16,1.037,0.0011,"aoml_navis",1023.77546992299
"7901009",18,0.096496644750289,5,0.132699,1,0.110271,1,197.174042143284,1,4.88384604985344,18,1,26.7369995117188,36.2000007629395,0.132698997855186,0.128852471709251,190.137893676758,-85.9191,25.7878,29.7038870399488,63,63,63,63,61,63,0.121485,8047,1.25895569026649,26,-86,0.001869,51,2023-11-28 15:42:37.00167,18,1.037,0.0011,"aoml_navis",1023.78329475599
"7901009",18,0.096496644750289,5,0.132699,1,0.110271,1,197.043799340881,1,4.8838087241903,20,1,26.7369995117188,36.1990013122559,0.132698997855186,0.128852471709251,190.012298583984,-85.9191,25.7878,29.7038870399488,63,63,63,63,61,63,0.121485,8047,1.25895569026649,26,-86,0.001869,51,2023-11-28 15:42:37.00167,20,1.037,0.0011,"aoml_navis",1023.79111926194
"7901009",18,0.096496644750289,5,0.134568,1,0.11214,1,197.112457282762,1,4.88375592050147,22,1,26.7409992218018,36.2039985656738,0.134568005800247,0.128852471709251,190.078506469727,-85.9191,25.7878,29.7038870399488,63,63,63,63,61,63,0.121485,8047,1.25895569026649,26,-86,0.001869,51,2023-11-28 15:42:37.00167,22,1.037,0.0011,"aoml_navis",1023.80218860049
"7901009",18,0.096496644750289,5,0.142044,1,0.119616,1,197.014035434755,1,4.88370201094596,24,1,26.7490005493164,36.2109985351562,0.142043992877007,0.128852471709251,189.983596801758,-85.9191,25.7878,29.7038870399488,63,63,63,63,61,63,0.121485,8047,1.25895569026649,26,-86,0.001869,51,2023-11-28 15:42:37.00167,24,1.037,0.0011,"aoml_navis",1023.81349001093
"7901009",18,0.096496644750289,5,0.138306,1,0.115878,1,196.954618386641,1,4.88365279846797,26,1,26.7530002593994,36.2150001525879,0.138306006789207,0.125222995877266,189.926300048828,-85.9191,25.7878,29.7038870399488,63,63,63,63,61,63,0.121485,8047,1.25895569026649,26,-86,0.001869,51,2023-11-28 15:42:37.00167,26,1.037,0.0011,"aoml_navis",1023.82380696034
"7901009",18,0.096496644750289,5,0.143913,1,0.121485,1,196.91479076744,1,4.88359892609852,28.1000003814697,1,26.7600002288818,36.2210006713867,0.143913000822067,0.130830004811287,189.887893676758,-85.9191,25.7878,29.7038870399488,63,63,63,63,61,63,0.121485,8047,1.25895569026649,26,-86,0.001869,51,2023-11-28 15:42:37.00167,28.1000003814697,1.037,0.0011,"aoml_navis",1023.8351010521
"7901009",18,0.0979812085156781,1,0.145782,1,0.123354,1,196.90162565851,1,4.88352329089146,29.8999996185303,1,26.7770004272461,36.2389984130859,0.145781993865967,0.132698997855186,189.875198364258,-85.9191,25.7878,29.7038870399488,63,63,63,63,61,63,0.123354,8047,1.25895569026649,26,-86,0.001869,51,2023-11-28 15:42:37.00167,29.8999996185303,1.037,0.0011,"aoml_navis",1023.85095804207
"7901009",18,0.12618792005807,1,0.181293,1,0.158865,1,196.721918756932,1,4.88295046212769,32,1,26.8680000305176,36.4249992370605,0.181292995810509,0.168209999799728,189.701904296875,-85.9191,25.7878,29.7038870399488,63,63,63,63,61,63,0.158865,8047,1.25895569026649,26,-86,0.001869,51,2023-11-28 15:42:37.00167,32,1.037,0.0011,"aoml_navis",1023.97106806226
"7901009",18,0.138064430181183,1,0.196245,1,0.173817,1,197.206717563885,1,4.88243838089179,34,1,26.6650009155273,36.4700012207031,0.19624499976635,0.183162003755569,190.169403076172,-85.9191,25.7878,29.7038870399488,63,63,63,63,61,63,0.173817,8047,1.25895569026649,26,-86,0.001869,51,2023-11-28 15:42:37.00167,34,1.037,0.0011,"aoml_navis",1024.07846447552
"7901009",18,0.148456376538906,1,0.209328,1,0.1869,1,197.613427653809,1,4.88222507069806,36,1,26.503999710083,36.4500007629395,0.20932799577713,0.19624499976635,190.561599731445,-85.9191,25.7878,29.7038870399488,63,63,63,63,61,63,0.1869,8047,1.25895569026649,26,-86,0.001869,51,2023-11-28 15:42:37.00167,36,1.037,0.0011,"aoml_navis",1024.12320767611
"7901009",18,0.161817450427408,1,0.226149,1,0.203721,1,197.806410428455,1,4.88209793851668,38,1,26.42799949646,36.4420013427734,0.226148992776871,0.21306599676609,190.747695922852,-85.9191,25.7878,29.7038870399488,63,63,63,63,61,63,0.203721,8047,1.25895569026649,26,-86,0.001869,51,2023-11-28 15:42:37.00167,38,1.037,0.0011,"aoml_navis",1024.14987633762
"7901009",18,0.184085906908244,1,0.254184,1,0.231756,1,197.633127846859,1,4.88203343536873,40,1,26.4099998474121,36.4410018920898,0.254184007644653,0.241100996732712,190.580596923828,-85.9191,25.7878,29.7038870399488,63,63,63,63,61,63,0.231756,8047,1.25895569026649,26,-86,0.001869,51,2023-11-28 15:42:37.00167,40,1.037,0.0011,"aoml_navis",1024.16340776707
"7901009",18,0.176663088081298,1,0.244839,1,0.222411,1,197.636656475815,1,4.88195614873193,42,1,26.3740005493164,36.4360008239746,0.244838997721672,0.231756001710892,190.583999633789,-85.9191,25.7878,29.7038870399488,63,63,63,63,61,63,0.222411,8047,1.25895569026649,26,-86,0.001869,51,2023-11-28 15:42:37.00167,42,1.037,0.0011,"aoml_navis",1024.17962137958
"7901009",18,0.176663088081298,4,0.244839,1,0.222411,1,197.766598632701,1,4.88184688124869,44,1,26.3120002746582,36.4290008544922,0.244838997721672,0.231756001710892,190.70930480957,-85.9191,25.7878,29.7038870399488,63,63,63,63,61,63,0.222411,8047,1.25895569026649,26,-86,0.001869,51,2023-11-28 15:42:37.00167,44,1.037,0.0011,"aoml_navis",1024.20254498459
"7901009",18,0.1900241619698,1,0.26166,1,0.239232,1,197.767943625801,1,4.88174663256273,46,1,26.2749996185303,36.4300003051758,0.261660009622574,0.248576998710632,190.710601806641,-85.9191,25.7878,29.7038870399488,63,63,63,63,61,63,0.239232,8047,1.25895569026649,26,-86,0.001869,51,2023-11-28 15:42:37.00167,46,1.037,0.0011,"aoml_navis",1024.22357740742
"7901009",18,0.192993289500578,1,0.265398,1,0.24297,1,197.704681479767,1,4.88162745463129,48,1,26.2229995727539,36.4300003051758,0.265397995710373,0.252315014600754,190.649597167969,-85.9191,25.7878,29.7038870399488,63,63,63,63,61,63,0.24297,8047,1.25895569026649,26,-86,0.001869,51,2023-11-28 15:42:37.00167,48,1.037,0.0011,"aoml_navis",1024.24858235677
"7901009",18,0.212292618450636,1,0.289695,1,0.267267,1,197.668287548832,1,4.88151797789723,50,1,26.1749992370605,36.4290008544922,0.289694994688034,0.276612013578415,190.614501953125,-85.9191,25.7878,29.7038870399488,63,63,63,63,61,63,0.267267,8047,1.25895569026649,26,-86,0.001869,51,2023-11-28 15:42:37.00167,50,1.037,0.0011,"aoml_navis",1024.2715529553
"7901009",18,0.225653692339137,1,0.306516,1,0.284088,1,197.468247516274,1,4.88141969905125,52,1,26.1319999694824,36.4269981384277,0.306515991687775,0.293433010578156,190.421600341797,-85.9191,25.7878,29.7038870399488,63,63,63,63,61,63,0.284088,8047,1.25895569026649,26,-86,0.001869,51,2023-11-28 15:42:37.00167,52,1.037,0.0011,"aoml_navis",1024.29217487113
"7901009",18,0.241983893758417,1,0.327075,1,0.304647,1,197.398766755085,1,4.88127380157522,54,1,26.0739994049072,36.431999206543,0.327075004577637,0.313991993665695,190.354598999023,-85.9191,25.7878,29.7038870399488,63,63,63,63,61,63,0.304647,8047,1.25895569026649,26,-86,0.001869,51,2023-11-28 15:42:37.00167,54,1.037,0.0011,"aoml_navis",1024.32279016729
"7901009",18,0.25237584011614,1,0.340158,1,0.31773,1,197.222683423151,1,4.88115474643789,56.0999984741211,1,26.0279998779297,36.4339981079102,0.340157985687256,0.327075004577637,190.184799194336,-85.9191,25.7878,29.7038870399488,63,63,63,63,61,63,0.31773,8047,1.25895569026649,26,-86,0.001869,51,2023-11-28 15:42:37.00167,56.0999984741211,1.037,0.0011,"aoml_navis",1024.34777419193
"7901009",18,0.280582551658533,1,0.375669,1,0.353241,1,196.648387192994,1,4.88106438378018,58,1,25.996000289917,36.435001373291,0.375669002532959,0.362585991621017,189.630996704102,-85.9191,25.7878,29.7038870399488,63,63,63,63,61,63,0.353241,8047,1.25895569026649,26,-86,0.001869,51,2023-11-28 15:42:37.00167,58,1.037,0.0011,"aoml_navis",1024.36673784002
"7901009",18,0.371140941347265,1,0.489678,1,0.46725,1,194.937334441802,1,4.88082996742146,60.0999984741211,1,25.9039993286133,36.4500007629395,0.489677995443344,0.476595014333725,187.981002807617,-85.9191,25.7878,29.7038870399488,63,63,63,63,61,63,0.46725,8047,1.25895569026649,26,-86,0.001869,51,2023-11-28 15:42:37.00167,60.0999984741211,1.037,0.0011,"aoml_navis",1024.4159360957
"7901009",18,0.415677854308937,1,0.545748,1,0.52332,1,194.003402880213,1,4.88063561173827,62.0999984741211,1,25.818000793457,36.4570007324219,0.545747995376587,0.532665014266968,187.08039855957,-85.9191,25.7878,29.7038870399488,63,63,63,63,61,63,0.52332,8047,1.25895569026649,26,-86,0.001869,51,2023-11-28 15:42:37.00167,62.0999984741211,1.037,0.0011,"aoml_navis",1024.4567301797
"7901009",18,0.463183894801387,1,0.605556,1,0.583128,1,190.957515683008,1,4.8802662662459,64,1,25.6319999694824,36.4720001220703,0.605556011199951,0.592472970485687,184.143203735352,-85.9191,25.7878,29.7038870399488,63,63,63,63,61,63,0.583128,8047,1.25895569026649,26,-86,0.001869,51,2023-11-28 15:42:37.00167,64,1.037,0.0011,"aoml_navis",1024.53426252216
"7901009",18,0.521081881651561,1,0.678447,1,0.656019,1,188.75864184625,1,4.87962147709037,66.0999984741211,1,25.3050003051758,36.5050010681152,0.678447008132935,0.665364027023315,182.022796630859,-85.9191,25.7878,29.7038870399488,63,63,63,63,61,63,0.656019,8047,1.25895569026649,26,-86,0.001869,51,2023-11-28 15:42:37.00167,66.0999984741211,1.037,0.0011,"aoml_navis",1024.66964363421
"7901009",18,0.50623624399767,1,0.659757,1,0.637329,1,186.886126629291,1,4.87928143099635,67.8000030517578,1,25.0650005340576,36.492000579834,0.659757018089294,0.646673977375031,180.217102050781,-85.9191,25.7878,29.7038870399488,63,63,63,63,61,63,0.637329,8047,1.25895569026649,26,-86,0.001869,51,2023-11-28 15:42:37.00167,67.8000030517578,1.037,0.0011,"aoml_navis",1024.74105474564
"7901009",18,0.480998659986056,1,0.627984,1,0.605556,1,185.044720311558,1,4.87834696490572,70,1,24.4519996643066,36.492000579834,0.62798398733139,0.614901006221771,178.44140625,-85.9191,25.7878,29.7038870399488,63,63,63,63,61,63,0.605556,8047,1.25895569026649,26,-86,0.001869,51,2023-11-28 15:42:37.00167,70,1.037,0.0011,"aoml_navis",1024.93734782897
"7901009",18,0.45873020350522,1,0.599949,1,0.577521,1,183.545306180477,1,4.87794474471063,72.0999984741211,1,24.2520008087158,36.5120010375977,0.59994900226593,0.586866021156311,176.995498657227,-85.9191,25.7878,29.7038870399488,63,63,63,63,61,63,0.577521,8047,1.25895569026649,26,-86,0.001869,51,2023-11-28 15:42:37.00167,72.0999984741211,1.037,0.0011,"aoml_navis",1025.02186098391
"7901009",18,0.440915438320551,1,0.577521,1,0.555093,1,183.21677974827,1,4.87774974689886,74.0999984741211,1,24.1669998168945,36.5209999084473,0.577521026134491,0.564437985420227,176.678695678711,-85.9191,25.7878,29.7038870399488,63,63,63,63,61,63,0.555093,8047,1.25895569026649,26,-86,0.001869,51,2023-11-28 15:42:37.00167,74.0999984741211,1.037,0.0011,"aoml_navis",1025.06283828498
"7901009",18,0.432008055728217,1,0.566307,1,0.543879,1,182.579031490701,1,4.87765076122306,76,1,24.1299991607666,36.5229988098145,0.566307008266449,0.55322402715683,176.063705444336,-85.9191,25.7878,29.7038870399488,63,63,63,63,61,63,0.543879,8047,1.25895569026649,26,-86,0.001869,51,2023-11-28 15:42:37.00167,76,1.037,0.0011,"aoml_navis",1025.08364062257
"7901009",18,0.400832216655047,1,0.527058,1,0.50463,1,175.653598726152,1,4.87742559338173,77.9000015258789,1,24.0550003051758,36.5449981689453,0.527058005332947,0.513975024223328,169.385406494141,-85.9191,25.7878,29.7038870399488,63,63,63,63,61,63,0.50463,8047,1.25895569026649,26,-86,0.001869,51,2023-11-28 15:42:37.00167,77.9000015258789,1.037,0.0011,"aoml_navis",1025.13096392174
"7901009",18,0.377079196408822,4,0.497154,1,0.474726,1,167.952896115443,1,4.87671172468385,80,1,23.867000579834,36.6570014953613,0.497153997421265,0.484070986509323,161.959503173828,-85.9191,25.7878,29.7038870399488,63,63,63,63,61,63,0.474726,8047,1.25895569026649,26,-86,0.001869,51,2023-11-28 15:42:37.00167,80,1.037,0.0011,"aoml_navis",1025.281025879
"7901009",18,0.393409397828101,1,0.517713,1,0.495285,1,163.155084200261,1,4.87653120456264,82,1,23.8880004882812,36.7039985656738,0.517713010311127,0.504630029201508,157.332901000977,-85.9191,25.7878,29.7038870399488,63,63,63,63,61,63,0.495285,8047,1.25895569026649,26,-86,0.001869,51,2023-11-28 15:42:37.00167,82,1.037,0.0011,"aoml_navis",1025.31897987689
"7901009",18,0.399347652889658,1,0.525189,1,0.502761,1,158.17103029938,1,4.8763364139874,84,1,23.9039993286133,36.7529983520508,0.525188982486725,0.512106001377106,152.526702880859,-85.9191,25.7878,29.7038870399488,63,63,63,63,61,63,0.502761,8047,1.25895569026649,26,-86,0.001869,51,2023-11-28 15:42:37.00167,84,1.037,0.0011,"aoml_navis",1025.35993736156
"7901009",18,0.311758390731703,1,0.414918,1,0.39249,1,153.318975603656,1,4.87610669557773,86,1,23.9029998779297,36.8050003051758,0.414918005466461,0.40183499455452,147.847793579102,-85.9191,25.7878,29.7038870399488,63,63,63,63,61,63,0.39249,8047,1.25895569026649,26,-86,0.001869,51,2023-11-28 15:42:37.00167,86,1.037,0.0011,"aoml_navis",1025.40824312451
"7901009",18,0.288005370485478,1,0.385014,1,0.362586,1,152.048859060915,1,4.87579838097854,88,1,23.75,36.8190002441406,0.385013997554779,0.371930986642838,146.623001098633,-85.9191,25.7878,29.7038870399488,63,63,63,63,61,63,0.362586,8047,1.25895569026649,26,-86,0.001869,51,2023-11-28 15:42:37.00167,88,1.037,0.0011,"aoml_navis",1025.47308344537
"7901009",18,0.290974498016256,1,0.388752,1,0.366324,1,151.500798107928,1,4.87565055983805,90,1,23.6079998016357,36.7929992675781,0.388752013444901,0.375669002532959,146.094497680664,-85.9191,25.7878,29.7038870399488,63,63,63,63,61,63,0.366324,8047,1.25895569026649,26,-86,0.001869,51,2023-11-28 15:42:37.00167,90,1.037,0.0011,"aoml_navis",1025.50417398372
"7901009",18,0.2850362429547,1,0.381276,1,0.358848,1,151.188253358436,1,4.87548347664637,92,1,23.4619998931885,36.7709999084473,0.38127601146698,0.368193000555038,145.793106079102,-85.9191,25.7878,29.7038870399488,63,63,63,63,61,63,0.358848,8047,1.25895569026649,26,-86,0.001869,51,2023-11-28 15:42:37.00167,92,1.037,0.0011,"aoml_navis",1025.53931809021
"7901009",18,0.216746309746803,4,0.295302,1,0.272874,1,150.656363969543,1,4.87521876815353,94,1,23.3770008087158,36.7999992370605,0.295302003622055,0.282218992710114,145.280197143555,-85.9191,25.7878,29.7038870399488,63,63,63,63,61,63,0.272874,8047,1.25895569026649,26,-86,0.001869,51,2023-11-28 15:42:37.00167,94,1.037,0.0011,"aoml_navis",1025.59500153338
"7901009",18,0.197446980796745,4,0.271005,1,0.248577,1,149.76911158024,1,4.87513112583208,96,1,23.4080009460449,36.8250007629395,0.271005004644394,0.257921993732452,144.424606323242,-85.9191,25.7878,29.7038870399488,63,63,63,63,61,63,0.248577,8047,1.25895569026649,26,-86,0.001869,51,2023-11-28 15:42:37.00167,96,1.037,0.0011,"aoml_navis",1025.61343909424
"7901009",18,0.22120000104297,1,0.300909,1,0.278481,1,147.750783287817,1,4.87498613438198,98,1,23.1529998779297,36.7550010681152,0.300909012556076,0.287826001644135,142.478302001953,-85.9191,25.7878,29.7038870399488,63,63,63,63,61,63,0.278481,8047,1.25895569026649,26,-86,0.001869,51,2023-11-28 15:42:37.00167,98,1.037,0.0011,"aoml_navis",1025.64394280762
"7901009",18,0.261283222708475,1,0.351372,1,0.328944,1,144.891233017,1,4.87439973373517,100,1,22.4090003967285,36.6220016479492,0.351372003555298,0.338288992643356,139.720794677734,-85.9191,25.7878,29.7038870399488,63,63,63,63,61,63,0.328944,8047,1.25895569026649,26,-86,0.001869,51,2023-11-28 15:42:37.00167,100,1.037,0.0011,"aoml_navis",1025.76732995359
"7901009",18,0.258314095177697,1,0.347634,1,0.325206,1,142.259730282113,1,4.8742135199749,102,1,22.1720008850098,36.5730018615723,0.347633987665176,0.334551006555557,137.183197021484,-85.9191,25.7878,29.7038870399488,63,63,63,63,61,63,0.325206,8047,1.25895569026649,26,-86,0.001869,51,2023-11-28 15:42:37.00167,102,1.037,0.0011,"aoml_navis",1025.80651822281
"7901009",18,0.231591947400694,1,0.313992,1,0.291564,1,138.141788643696,1,4.87397328831187,104,1,22.0380001068115,36.5779991149902,0.313991993665695,0.300909012556076,133.212203979492,-85.9191,25.7878,29.7038870399488,63,63,63,63,61,63,0.291564,8047,1.25895569026649,26,-86,0.001869,51,2023-11-28 15:42:37.00167,104,1.037,0.0011,"aoml_navis",1025.8570788622
"7901009",18,0.203385235858301,1,0.278481,1,0.256053,1,135.145571250493,1,4.87362282163841,106,1,21.8509998321533,36.5940017700195,0.278481006622314,0.265397995710373,130.322906494141,-85.9191,25.7878,29.7038870399488,63,63,63,63,61,63,0.256053,8047,1.25895569026649,26,-86,0.001869,51,2023-11-28 15:42:37.00167,106,1.037,0.0011,"aoml_navis",1025.93084918277
"7901009",18,0.176663088081298,1,0.244839,1,0.222411,1,133.250950676353,1,4.8733066568439,108,1,21.6860008239746,36.609001159668,0.244838997721672,0.231756001710892,128.495895385742,-85.9191,25.7878,29.7038870399488,63,63,63,63,61,63,0.222411,8047,1.25895569026649,26,-86,0.001869,51,2023-11-28 15:42:37.00167,108,1.037,0.0011,"aoml_navis",1025.99740834659
"7901009",18,0.15884832289663,1,0.222411,1,0.199983,1,132.099984698805,1,4.87301904584946,110,1,21.5389995574951,36.6230010986328,0.222411006689072,0.20932799577713,127.386001586914,-85.9191,25.7878,29.7038870399488,63,63,63,63,61,63,0.199983,8047,1.25895569026649,26,-86,0.001869,51,2023-11-28 15:42:37.00167,110,1.037,0.0011,"aoml_navis",1026.05796385276
"7901009",18,0.141033557711961,1,0.199983,1,0.177555,1,131.265400656944,1,4.87290668936754,112,1,21.4990005493164,36.6279983520508,0.19998300075531,0.18690000474453,126.581199645996,-85.9191,25.7878,29.7038870399488,63,63,63,63,61,63,0.177555,8047,1.25895569026649,26,-86,0.001869,51,2023-11-28 15:42:37.00167,112,1.037,0.0011,"aoml_navis",1026.08162206549
"7901009",18,0.132126175119626,1,0.188769,1,0.166341,1,130.248206110755,1,4.87275338459369,114,1,21.4389991760254,36.6370010375977,0.188768997788429,0.175686001777649,125.600303649902,-85.9191,25.7878,29.7038870399488,63,63,63,63,61,63,0.166341,8047,1.25895569026649,26,-86,0.001869,51,2023-11-28 15:42:37.00167,114,1.037,0.0011,"aoml_navis",1026.11390426789
"7901009",18,0.0994657722810671,1,0.147651,1,0.125223,1,129.706577389474,1,4.8724627789851,116,1,21.3269996643066,36.6650009155273,0.147651001811028,0.134568005800247,125.078002929688,-85.9191,25.7878,29.7038870399488,63,63,63,63,61,63,0.125223,8047,1.25895569026649,26,-86,0.001869,51,2023-11-28 15:42:37.00167,116,1.037,0.0011,"aoml_navis",1026.17510421321
"7901009",18,0.096496644750289,1,0.143913,1,0.121485,1,129.001413330709,1,4.87230916475766,118,1,21.2609996795654,36.6720008850098,0.143913000822067,0.130830004811287,124.398002624512,-85.9191,25.7878,29.7038870399488,63,63,63,63,61,63,0.121485,8047,1.25895569026649,26,-86,0.001869,51,2023-11-28 15:42:37.00167,118,1.037,0.0011,"aoml_navis",1026.20745747539
"7901009",18,0.0935275172195109,1,0.140175,1,0.117747,1,128.849800961468,1,4.872179345281,120,1,21.1909999847412,36.6710014343262,0.140174999833107,0.127092003822327,124.251800537109,-85.9191,25.7878,29.7038870399488,63,63,63,63,61,63,0.117747,8047,1.25895569026649,26,-86,0.001869,51,2023-11-28 15:42:37.00167,120,1.037,0.0011,"aoml_navis",1026.23480082744
"7901009",18,0.0875892621579546,1,0.132699,1,0.110271,1,128.577170860143,1,4.87210699722383,122,1,21.1919994354248,36.6800003051758,0.132698997855186,0.119616001844406,123.988899230957,-85.9191,25.7878,29.7038870399488,63,63,63,63,61,63,0.110271,8047,1.25895569026649,26,-86,0.001869,51,2023-11-28 15:42:37.00167,122,1.037,0.0011,"aoml_navis",1026.25003983883
"7901009",18,0.0786818795656203,1,0.121485,1,0.099057,1,127.452645864591,1,4.87198394403513,124,1,21.1380004882812,36.6829986572266,0.121485002338886,0.108401998877525,122.904502868652,-85.9191,25.7878,29.7038870399488,63,63,63,63,61,63,0.099057,8047,1.25895569026649,26,-86,0.001869,51,2023-11-28 15:42:37.00167,124,1.037,0.0011,"aoml_navis",1026.27596014999
"7901009",18,0.0816510070963984,1,0.125223,1,0.102795,1,126.238829150662,1,4.87182004031123,126,1,21.0279998779297,36.6769981384277,0.125222995877266,0.112139999866486,121.734001159668,-85.9191,25.7878,29.7038870399488,63,63,63,63,61,63,0.102795,8047,1.25895569026649,26,-86,0.001869,51,2023-11-28 15:42:37.00167,126,1.037,0.0011,"aoml_navis",1026.31048738011
"7901009",18,0.0757127520348421,1,0.117747,1,0.095319,1,124.395547754313,1,4.87163883243636,128,1,20.9209995269775,36.6769981384277,0.117747001349926,0.104663997888565,119.956497192383,-85.9191,25.7878,29.7038870399488,63,63,63,63,61,63,0.095319,8047,1.25895569026649,26,-86,0.001869,51,2023-11-28 15:42:37.00167,128,1.037,0.0011,"aoml_navis",1026.34866252995
"7901009",18,0.0712590607386749,1,0.11214,1,0.089712,1,122.824587902049,1,4.87135225549833,130,1,20.6770000457764,36.6570014953613,0.112139999866486,0.0990569964051247,118.441596984863,-85.9191,25.7878,29.7038870399488,63,63,63,63,61,63,0.089712,8047,1.25895569026649,26,-86,0.001869,51,2023-11-28 15:42:37.00167,130,1.037,0.0011,"aoml_navis",1026.40904162832
"7901009",18,0.0668053694425078,1,0.106533,1,0.084105,1,122.86441552125,1,4.87107904546077,132,1,20.4640007019043,36.6450004577637,0.106532998383045,0.0934500023722649,118.480003356934,-85.9191,25.7878,29.7038870399488,63,63,63,63,61,63,0.084105,8047,1.25895569026649,26,-86,0.001869,51,2023-11-28 15:42:37.00167,132,1.037,0.0011,"aoml_navis",1026.4666110601
"7901009",18,0.0593825506155624,1,0.097188,1,0.07476,1,124.79645855046,1,4.87087820157367,134,1,20.3229999542236,36.6389999389648,0.0971880033612251,0.0841049998998642,120.343101501465,-85.9191,25.7878,29.7038870399488,63,63,63,63,61,63,0.07476,8047,1.25895569026649,26,-86,0.001869,51,2023-11-28 15:42:37.00167,134,1.037,0.0011,"aoml_navis",1026.50893598296
"7901009",18,0.0445369129616718,1,0.078498,1,0.05607,1,127.636609273744,1,4.87066449554681,136,1,20.2590007781982,36.6640014648438,0.0784979984164238,0.0654150024056435,123.081901550293,-85.9191,25.7878,29.7038870399488,63,63,63,63,61,63,0.05607,8047,1.25895569026649,26,-86,0.001869,51,2023-11-28 15:42:37.00167,136,1.037,0.0011,"aoml_navis",1026.55397524741
"7901009",18,0.0326604028385594,4,0.063546,1,0.041118,1,128.499184995528,1,4.87048154050263,138,1,20.1679992675781,36.6710014343262,0.0635460019111633,0.0504629984498024,123.913696289062,-85.9191,25.7878,29.7038870399488,63,63,63,63,61,63,0.041118,8047,1.25895569026649,26,-86,0.001869,51,2023-11-28 15:42:37.00167,138,1.037,0.0011,"aoml_navis",1026.59253677902
"7901009",18,0.0371140941347265,1,0.069153,1,0.046725,1,128.360025680046,1,4.87034827320337,140,1,20.076000213623,36.6640014648438,0.0691530033946037,0.0560699999332428,123.779502868652,-85.9191,25.7878,29.7038870399488,63,63,63,63,61,63,0.046725,8047,1.25895569026649,26,-86,0.001869,51,2023-11-28 15:42:37.00167,140,1.037,0.0011,"aoml_navis",1026.62062742206
"7901009",18,0.0282067115423922,1,0.057939,1,0.035511,1,128.805416189175,1,4.87019120170454,142,1,19.9650001525879,36.6570014953613,0.0579390004277229,0.0448560006916523,124.208999633789,-85.9191,25.7878,29.7038870399488,63,63,63,63,61,63,0.035511,8047,1.25895569026649,26,-86,0.001869,51,2023-11-28 15:42:37.00167,142,1.037,0.0011,"aoml_navis",1026.65373758838
"7901009",18,0.0267221477770031,1,0.05607,1,0.033642,1,128.462268890801,1,4.87005612267795,144,1,19.871000289917,36.6500015258789,0.0560699999332428,0.0429870001971722,123.87809753418,-85.9191,25.7878,29.7038870399488,63,63,63,63,61,63,0.033642,8047,1.25895569026649,26,-86,0.001869,51,2023-11-28 15:42:37.00167,144,1.037,0.0011,"aoml_navis",1026.68221352049
"7901009",18,0.0267221477770031,1,0.05607,1,0.033642,1,128.844927339412,1,4.86992747129159,146,1,19.7560005187988,36.6339988708496,0.0560699999332428,0.0429870001971722,124.247100830078,-85.9191,25.7878,29.7038870399488,63,63,63,63,61,63,0.033642,8047,1.25895569026649,26,-86,0.001869,51,2023-11-28 15:42:37.00167,146,1.037,0.0011,"aoml_navis",1026.70933591418
"7901009",18,0.023753020246225,1,0.052332,1,0.029904,1,131.483479420487,1,4.86985420283371,148,1,19.7220001220703,36.6310005187988,0.0523319989442825,0.0392489992082119,126.791496276855,-85.9191,25.7878,29.7038870399488,63,63,63,63,61,63,0.029904,8047,1.25895569026649,26,-86,0.001869,51,2023-11-28 15:42:37.00167,148,1.037,0.0011,"aoml_navis",1026.72478307268
"7901009",18,0.023753020246225,1,0.052332,1,0.029904,1,133.457003619239,1,4.86967487096536,150,1,19.6180000305176,36.632999420166,0.0523319989442825,0.0392489992082119,128.694595336914,-85.9191,25.7878,29.7038870399488,63,63,63,63,61,63,0.029904,8047,1.25895569026649,26,-86,0.001869,51,2023-11-28 15:42:37.00167,150,1.037,0.0011,"aoml_navis",1026.76259349709
"7901009",18,0.0163302014192797,4,0.042987,1,0.020559,1,133.614526046395,1,4.86954396053041,152,1,19.5349998474121,36.6290016174316,0.0429870001971722,0.0299040004611015,128.846496582031,-85.9191,25.7878,29.7038870399488,63,63,63,63,61,63,0.020559,8047,1.25895569026649,26,-86,0.001869,51,2023-11-28 15:42:37.00167,152,1.037,0.0011,"aoml_navis",1026.79019647979
"7901009",18,0.0178147651846687,4,0.044856,1,0.022428,1,129.836923044291,1,4.86938136285553,154,1,19.4090003967285,36.6189994812012,0.0448560006916523,0.0317730009555817,125.20369720459,-85.9191,25.7878,29.7038870399488,63,63,63,63,61,63,0.022428,8047,1.25895569026649,26,-86,0.001869,51,2023-11-28 15:42:37.00167,154,1.037,0.0011,"aoml_navis",1026.82448290882
"7901009",18,0.0267221477770031,1,0.05607,1,0.033642,1,126.658609408827,1,4.86924039126759,156,1,19.2269992828369,36.5839996337891,0.0560699999332428,0.0429870001971722,122.138801574707,-85.9191,25.7878,29.7038870399488,63,63,63,63,61,63,0.033642,8047,1.25895569026649,26,-86,0.001869,51,2023-11-28 15:42:37.00167,156,1.037,0.0011,"aoml_navis",1026.85421097034
"7901009",18,0.0356295303693375,1,0.067284,1,0.044856,1,126.508342032685,1,4.86909477461443,158,1,19.0459995269775,36.5509986877441,0.0672840029001236,0.0542009994387627,121.993896484375,-85.9191,25.7878,29.7038870399488,63,63,63,63,61,63,0.044856,8047,1.25895569026649,26,-86,0.001869,51,2023-11-28 15:42:37.00167,158,1.037,0.0011,"aoml_navis",1026.88492038973
"7901009",18,0.0341449666039484,1,0.065415,1,0.042987,1,127.26463165269,1,4.86896755136558,160,1,18.9349994659424,36.5369987487793,0.0654150024056435,0.0523319989442825,122.723197937012,-85.9191,25.7878,29.7038870399488,63,63,63,63,61,63,0.042987,8047,1.25895569026649,26,-86,0.001869,51,2023-11-28 15:42:37.00167,160,1.037,0.0011,"aoml_navis",1026.91175228672
"7901009",18,0.0326604028385594,1,0.063546,1,0.041118,1,128.496495009328,1,4.86882128904512,162,1,18.8110008239746,36.523998260498,0.0635460019111633,0.0504629984498024,123.911102294922,-85.9191,25.7878,29.7038870399488,63,63,63,63,61,63,0.041118,8047,1.25895569026649,26,-86,0.001869,51,2023-11-28 15:42:37.00167,162,1.037,0.0011,"aoml_navis",1026.94260133352
"7901009",18,0.0222684564808359,1,0.050463,1,0.028035,1,130.480075009432,1,4.86869778586533,164,1,18.7229995727539,36.5169982910156,0.0504629984498024,0.0373799987137318,125.82389831543,-85.9191,25.7878,29.7038870399488,63,63,63,63,61,63,0.028035,8047,1.25895569026649,26,-86,0.001869,51,2023-11-28 15:42:37.00167,164,1.037,0.0011,"aoml_navis",1026.96865155933
"7901009",18,0.0148456376538906,1,0.041118,1,0.01869,1,132.113774833939,1,4.86860641016156,166,1,18.6790008544922,36.515998840332,0.041117999702692,0.0280349999666214,127.399299621582,-85.9191,25.7878,29.7038870399488,63,63,63,63,61,63,0.01869,8047,1.25895569026649,26,-86,0.001869,51,2023-11-28 15:42:37.00167,166,1.037,0.0011,"aoml_navis",1026.98792606529
"7901009",18,0.0133610738885016,1,0.039249,1,0.016821,1,132.856899345015,1,4.86852362227851,168,1,18.6420001983643,36.5149993896484,0.0392489992082119,0.0261659994721413,128.115905761719,-85.9191,25.7878,29.7038870399488,63,63,63,63,61,63,0.016821,8047,1.25895569026649,26,-86,0.001869,51,2023-11-28 15:42:37.00167,168,1.037,0.0011,"aoml_navis",1027.00538970785
"7901009",18,0.0118765101231125,1,0.03738,1,0.014952,1,133.924491573825,1,4.86841516476495,170,1,18.5480003356934,36.5019989013672,0.0373799987137318,0.0242970008403063,129.145401000977,-85.9191,25.7878,29.7038870399488,63,63,63,63,61,63,0.014952,8047,1.25895569026649,26,-86,0.001869,51,2023-11-28 15:42:37.00167,170,1.037,0.0011,"aoml_navis",1027.02826911464
"7901009",18,0.0103919463577234,1,0.035511,1,0.013083,1,137.052407526669,1,4.86829979381981,172,1,18.451000213623,36.4900016784668,0.0355109982192516,0.0224280003458261,132.161697387695,-85.9191,25.7878,29.7038870399488,63,63,63,63,61,63,0.013083,8047,1.25895569026649,26,-86,0.001869,51,2023-11-28 15:42:37.00167,172,1.037,0.0011,"aoml_navis",1027.05260804755
"7901009",18,0.00445369129616718,1,0.028035,1,0.005607,1,141.601538129426,1,4.868104154524,174,1,18.2840003967285,36.4770011901855,0.0280349999666214,0.0149520002305508,136.548492431641,-85.9191,25.7878,29.7038870399488,63,63,63,63,61,63,0.005607,8047,1.25895569026649,26,-86,0.001869,51,2023-11-28 15:42:37.00167,174,1.037,0.0011,"aoml_navis",1027.09388322216
"7901009",18,0,1,0.022428,1,0,1,144.242803931873,1,4.86796902756975,176,1,18.2119998931885,36.4790000915527,0.0224280003458261,0.00934499967843294,139.095504760742,-85.9191,25.7878,29.7038870399488,63,63,63,63,61,63,0,8047,1.25895569026649,26,-86,0.001869,51,2023-11-28 15:42:37.00167,176,1.037,0.0011,"aoml_navis",1027.12239368872
"7901009",18,0,1,0.014952,1,-0.007476,1,144.958435201644,1,4.86788452541151,178,1,18.1700000762939,36.4770011901855,0.0149520002305508,0,139.785598754883,-85.9191,25.7878,29.7038870399488,63,63,63,63,61,63,0,8047,1.25895569026649,26,-86,0.001869,51,2023-11-28 15:42:37.00167,178,1.037,0.0011,"aoml_navis",1027.14022362256
"7901009",18,0,1,0.014952,1,-0.007476,1,145.204932878213,1,4.86779789275356,180,1,18.1110000610352,36.4700012207031,0.0149520002305508,0,140.023300170898,-85.9191,25.7878,29.7038870399488,63,63,63,63,61,63,0,8047,1.25895569026649,26,-86,0.001869,51,2023-11-28 15:42:37.00167,180,1.037,0.0011,"aoml_navis",1027.15850373395
"7901009",18,0,1,0.014952,1,-0.007476,1,145.433281059659,1,4.86771746700172,182,1,18.0510005950928,36.4609985351562,0.0149520002305508,0,140.243499755859,-85.9191,25.7878,29.7038870399488,63,63,63,63,61,63,0,8047,1.25895569026649,26,-86,0.001869,51,2023-11-28 15:42:37.00167,182,1.037,0.0011,"aoml_navis",1027.1754747261
"7901009",18,0,1,0.01869,1,-0.003738,1,145.301993909672,1,4.86764778680272,184,1,18.0060005187988,36.4539985656738,0.0186899993568659,0,140.116897583008,-85.9191,25.7878,29.7038870399488,63,63,63,63,61,63,0,8047,1.25895569026649,26,-86,0.001869,51,2023-11-28 15:42:37.00167,184,1.037,0.0011,"aoml_navis",1027.19017870523
"7901009",18,0,1,0.014952,1,-0.007476,1,145.074262842708,1,4.86757472751569,186,1,17.9519996643066,36.4449996948242,0.0149520002305508,0,139.89729309082,-85.9191,25.7878,29.7038870399488,63,63,63,63,61,63,0,8047,1.25895569026649,26,-86,0.001869,51,2023-11-28 15:42:37.00167,186,1.037,0.0011,"aoml_navis",1027.2055961947
"7901009",18,0,1,0.016821,1,-0.005607,1,144.409551429349,1,4.86749822214391,188,1,17.8950004577637,36.4360008239746,0.0168210007250309,0,139.256301879883,-85.9191,25.7878,29.7038870399488,63,63,63,63,61,63,0,8047,1.25895569026649,26,-86,0.001869,51,2023-11-28 15:42:37.00167,188,1.037,0.0011,"aoml_navis",1027.22174139752
"7901009",18,0,1,0.016821,1,-0.005607,1,143.696087971986,1,4.86740911935528,190,1,17.8150005340576,36.4230003356934,0.0168210007250309,0,138.568298339844,-85.9191,25.7878,29.7038870399488,63,63,63,63,61,63,0,8047,1.25895569026649,26,-86,0.001869,51,2023-11-28 15:42:37.00167,190,1.037,0.0011,"aoml_navis",1027.24054571815
"7901009",18,0,1,0.01869,1,-0.003738,1,143.190655388538,1,4.86732719097119,192,1,17.7469997406006,36.4119987487793,0.0186899993568659,0,138.080902099609,-85.9191,25.7878,29.7038870399488,63,63,63,63,61,63,0,8047,1.25895569026649,26,-86,0.001869,51,2023-11-28 15:42:37.00167,192,1.037,0.0011,"aoml_navis",1027.25783655451
"7901009",18,0,1,0.016821,1,-0.005607,1,142.405749062404,1,4.86728255178505,194,1,17.7320003509521,36.4080009460449,0.0168210007250309,0,137.324005126953,-85.9191,25.7878,29.7038870399488,63,63,63,63,61,63,0,8047,1.25895569026649,26,-86,0.001869,51,2023-11-28 15:42:37.00167,194,1.037,0.0011,"aoml_navis",1027.26725781849
"7901009",18,0,1,0.013083,1,-0.009345,1,141.558609114371,1,4.86721253423978,196,1,17.6770000457764,36.3979988098145,0.0130829997360706,0,136.507095336914,-85.9191,25.7878,29.7038870399488,63,63,63,63,61,63,0,8047,1.25895569026649,26,-86,0.001869,51,2023-11-28 15:42:37.00167,196,1.037,0.0011,"aoml_navis",1027.28203562637
"7901009",18,0,1,0.016821,1,-0.005607,1,140.654757927872,1,4.86714713301418,198,1,17.6319999694824,36.3899993896484,0.0168210007250309,0,135.635498046875,-85.9191,25.7878,29.7038870399488,63,63,63,63,61,63,0,8047,1.25895569026649,26,-86,0.001869,51,2023-11-28 15:42:37.00167,198,1.037,0.0011,"aoml_navis",1027.29583950415
"7901009",18,0,1,0.01869,1,-0.003738,1,139.719592137321,1,4.86705288853261,200,1,17.5499992370605,36.3779983520508,0.0186899993568659,0,134.733703613281,-85.9191,25.7878,29.7038870399488,63,63,63,63,61,63,0,8047,1.25895569026649,26,-86,0.001869,51,2023-11-28 15:42:37.00167,200,1.037,0.0011,"aoml_navis",1027.31573182215
"7901009",18,0,1,0.01869,1,-0.003738,1,138.896408889912,1,4.86699039396435,202,1,17.4979991912842,36.367000579834,0.0186899993568659,0,133.939895629883,-85.9191,25.7878,29.7038870399488,63,63,63,63,61,63,0,8047,1.25895569026649,26,-86,0.001869,51,2023-11-28 15:42:37.00167,202,1.037,0.0011,"aoml_navis",1027.32892306518
"7901009",18,0,1,0.01869,1,-0.003738,1,138.176631876704,1,4.8668969657139,204,1,17.4069995880127,36.3520011901855,0.0186899993568659,0,133.245803833008,-85.9191,25.7878,29.7038870399488,63,63,63,63,61,63,0,8047,1.25895569026649,26,-86,0.001869,51,2023-11-28 15:42:37.00167,204,1.037,0.0011,"aoml_navis",1027.34864436699
"7901009",18,0,1,0.01869,1,-0.003738,1,137.17353602289,1,4.86680169936209,206,1,17.3110008239746,36.3359985351562,0.0186899993568659,0,132.278503417969,-85.9191,25.7878,29.7038870399488,63,63,63,63,61,63,0,8047,1.25895569026649,26,-86,0.001869,51,2023-11-28 15:42:37.00167,206,1.037,0.0011,"aoml_navis",1027.36875444409
"7901009",18,0,1,0.022428,1,0,1,135.602061908558,1,4.86671723364694,208,1,17.2240009307861,36.3199996948242,0.0224280003458261,0,130.763107299805,-85.9191,25.7878,29.7038870399488,63,63,63,63,61,63,0,8047,1.25895569026649,26,-86,0.001869,51,2023-11-28 15:42:37.00167,208,1.037,0.0011,"aoml_navis",1027.38658523893
"7901009",18,0,1,0.022428,1,0,1,134.125876599483,1,4.86654466723722,210,1,17.0100002288818,36.2879981994629,0.0224280003458261,0,129.339599609375,-85.9191,25.7878,29.7038870399488,63,63,63,63,61,63,0,8047,1.25895569026649,26,-86,0.001869,51,2023-11-28 15:42:37.00167,210,1.037,0.0011,"aoml_navis",1027.42301610036
"7901009",18,0,1,0.020559,1,-0.001869,1,132.44240411856,1,4.86645688405901,212,1,16.9160003662109,36.2709999084473,0.020558999851346,0,127.716201782227,-85.9191,25.7878,29.7038870399488,63,63,63,63,61,63,0,8047,1.25895569026649,26,-86,0.001869,51,2023-11-28 15:42:37.00167,212,1.037,0.0011,"aoml_navis",1027.44154918508
"7901009",18,0,1,0.024297,1,0.001869,1,129.69474936192,1,4.86638716712188,214,1,16.8470001220703,36.2569999694824,0.0242970008403063,0,125.066596984863,-85.9191,25.7878,29.7038870399488,63,63,63,63,61,63,0,8047,1.25895569026649,26,-86,0.001869,51,2023-11-28 15:42:37.00167,214,1.037,0.0011,"aoml_navis",1027.45626853959
"7901009",18,0,1,0.022428,1,0,1,128.34467693526,1,4.8662518624873,216,1,16.681999206543,36.2309989929199,0.0224280003458261,0,123.764701843262,-85.9191,25.7878,29.7038870399488,63,63,63,63,61,63,0,8047,1.25895569026649,26,-86,0.001869,51,2023-11-28 15:42:37.00167,216,1.037,0.0011,"aoml_navis",1027.48483664475
"7901009",18,0,1,0.01869,1,-0.003738,1,128.445780857743,1,4.86613685853539,218,1,16.5499992370605,36.2099990844727,0.0186899993568659,0,123.862197875977,-85.9191,25.7878,29.7038870399488,63,63,63,63,61,63,0,8047,1.25895569026649,26,-86,0.001869,51,2023-11-28 15:42:37.00167,218,1.037,0.0011,"aoml_navis",1027.50911973012
"7901009",18,0,1,0.020559,1,-0.001869,1,127.843073626284,1,4.86606218278819,220,1,16.4950008392334,36.2019996643066,0.020558999851346,0,123.28099822998,-85.9191,25.7878,29.7038870399488,63,63,63,63,61,63,0,8047,1.25895569026649,26,-86,0.001869,51,2023-11-28 15:42:37.00167,220,1.037,0.0011,"aoml_navis",1027.52488812937
"7901009",18,0,1,0.01869,1,-0.003738,1,127.263698069244,1,4.86600454123636,222,1,16.4549999237061,36.1940002441406,0.0186899993568659,0,122.722297668457,-85.9191,25.7878,29.7038870399488,63,63,63,63,61,63,0,8047,1.25895569026649,26,-86,0.001869,51,2023-11-28 15:42:37.00167,222,1.037,0.0011,"aoml_navis",1027.5370599489
"7901009",18,0,1,0.016821,1,-0.005607,1,126.563201927708,1,4.86593708170765,224,1,16.4029998779297,36.185001373291,0.0168210007250309,0,122.046798706055,-85.9191,25.7878,29.7038870399488,63,63,63,63,61,63,0,8047,1.25895569026649,26,-86,0.001869,51,2023-11-28 15:42:37.00167,224,1.037,0.0011,"aoml_navis",1027.55130533774
"7901009",18,0,1,0.020559,1,-0.001869,1,126.139790188174,1,4.86585427743282,226,1,16.3339996337891,36.1749992370605,0.020558999851346,0,121.638496398926,-85.9191,25.7878,29.7038870399488,63,63,63,63,61,63,0,8047,1.25895569026649,26,-86,0.001869,51,2023-11-28 15:42:37.00167,226,1.037,0.0011,"aoml_navis",1027.56879160754
"7901009",18,0,1,0.016821,1,-0.005607,1,125.923784296349,1,4.86576885482578,228,1,16.2560005187988,36.1629981994629,0.0168210007250309,0,121.430198669434,-85.9191,25.7878,29.7038870399488,63,63,63,63,61,63,0,8047,1.25895569026649,26,-86,0.001869,51,2023-11-28 15:42:37.00167,228,1.037,0.0011,"aoml_navis",1027.58683142975
"7901009",18,0,1,0.01869,1,-0.003738,1,125.475593036883,1,4.86571185870092,230,1,16.2259998321533,36.1580009460449,0.0186899993568659,0,120.998001098633,-85.9191,25.7878,29.7038870399488,63,63,63,63,61,63,0,8047,1.25895569026649,26,-86,0.001869,51,2023-11-28 15:42:37.00167,230,1.037,0.0011,"aoml_navis",1027.59886840791
"7901009",18,0,1,0.01869,1,-0.003738,1,124.814710897997,1,4.8656563113171,232,1,16.1940002441406,36.1520004272461,0.0186899993568659,0,120.360702514648,-85.9191,25.7878,29.7038870399488,63,63,63,63,61,63,0,8047,1.25895569026649,26,-86,0.001869,51,2023-11-28 15:42:37.00167,232,1.037,0.0011,"aoml_navis",1027.61059969863
"7901009",18,0,1,0.016821,1,-0.005607,1,124.622139533005,1,4.86557712483193,234,1,16.1310005187988,36.1430015563965,0.0168210007250309,0,120.175003051758,-85.9191,25.7878,29.7038870399488,63,63,63,63,61,63,0,8047,1.25895569026649,26,-86,0.001869,51,2023-11-28 15:42:37.00167,234,1.037,0.0011,"aoml_navis",1027.62732389587
"7901009",18,0,1,0.01869,1,-0.003738,1,125.003547929206,1,4.86549729657017,236,1,16.0639991760254,36.132999420166,0.0186899993568659,0,120.54280090332,-85.9191,25.7878,29.7038870399488,63,63,63,63,61,63,0,8047,1.25895569026649,26,-86,0.001869,51,2023-11-28 15:42:37.00167,236,1.037,0.0011,"aoml_navis",1027.64418418743
"7901009",18,0,1,0.01869,1,-0.003738,1,125.736608727205,1,4.86543811465703,238,1,16.0219993591309,36.125,0.0186899993568659,0,121.249702453613,-85.9191,25.7878,29.7038870399488,63,63,63,63,61,63,0,8047,1.25895569026649,26,-86,0.001869,51,2023-11-28 15:42:37.00167,238,1.037,0.0011,"aoml_navis",1027.65668418176
"7901009",18,0,1,0.016821,1,-0.005607,1,126.687953993574,1,4.86535557367908,240,1,15.9490003585815,36.1139984130859,0.0168210007250309,0,122.167098999023,-85.9191,25.7878,29.7038870399488,63,63,63,63,61,63,0,8047,1.25895569026649,26,-86,0.001869,51,2023-11-28 15:42:37.00167,240,1.037,0.0011,"aoml_navis",1027.67411842401
"7901009",18,0,1,0.016821,1,-0.005607,1,126.711602136958,1,4.86527875705826,242,1,15.8809995651245,36.1030006408691,0.0168210007250309,0,122.189903259277,-85.9191,25.7878,29.7038870399488,63,63,63,63,61,63,0,8047,1.25895569026649,26,-86,0.001869,51,2023-11-28 15:42:37.00167,242,1.037,0.0011,"aoml_navis",1027.69034410337
"7901009",18,0,1,0.020559,1,-0.001869,1,126.591304371769,1,4.86518069275526,244,1,15.7770004272461,36.0870018005371,0.020558999851346,0,122.07389831543,-85.9191,25.7878,29.7038870399488,63,63,63,63,61,63,0,8047,1.25895569026649,26,-86,0.001869,51,2023-11-28 15:42:37.00167,244,1.037,0.0011,"aoml_navis",1027.71105859347
"7901009",18,0,1,0.01869,1,-0.003738,1,126.285389647087,1,4.86510138200952,246,1,15.6929998397827,36.0719985961914,0.0186899993568659,0,121.778900146484,-85.9191,25.7878,29.7038870399488,63,63,63,63,61,63,0,8047,1.25895569026649,26,-86,0.001869,51,2023-11-28 15:42:37.00167,246,1.037,0.0011,"aoml_navis",1027.7278123102
"7901009",18,0,1,0.020559,1,-0.001869,1,126.011208847835,1,4.86499976662106,248,1,15.585000038147,36.0559997558594,0.020558999851346,0,121.514503479004,-85.9191,25.7878,29.7038870399488,63,63,63,63,61,63,0,8047,1.25895569026649,26,-86,0.001869,51,2023-11-28 15:42:37.00167,248,1.037,0.0011,"aoml_navis",1027.74927849024
"7901009",18,0,1,0.016821,1,-0.005607,1,125.810235231832,1,4.86490914458201,250,1,15.4899997711182,36.0410003662109,0.0168210007250309,0,121.320701599121,-85.9191,25.7878,29.7038870399488,63,63,63,63,61,63,0,8047,1.25895569026649,26,-86,0.001869,51,2023-11-28 15:42:37.00167,250,1.037,0.0011,"aoml_navis",1027.76842308935
"7901009",18,0,1,0.01869,1,-0.003738,1,125.684446730106,1,4.86484767422916,252,1,15.4449996948242,36.0330009460449,0.0186899993568659,0,121.199401855469,-85.9191,25.7878,29.7038870399488,63,63,63,63,61,63,0,8047,1.25895569026649,26,-86,0.001869,51,2023-11-28 15:42:37.00167,252,1.037,0.0011,"aoml_navis",1027.78140957769
"7901009",18,0,1,0.01869,1,-0.003738,1,125.533040065692,1,4.86478768354541,254,1,15.4079999923706,36.0270004272461,0.0186899993568659,0,121.053398132324,-85.9191,25.7878,29.7038870399488,63,63,63,63,61,63,0,8047,1.25895569026649,26,-86,0.001869,51,2023-11-28 15:42:37.00167,254,1.037,0.0011,"aoml_navis",1027.79408378128
"7901009",18,0,1,0.01869,1,-0.003738,1,125.381016286796,1,4.86472705157566,256,1,15.3669996261597,36.0200004577637,0.0186899993568659,0,120.906799316406,-85.9191,25.7878,29.7038870399488,63,63,63,63,61,63,0,8047,1.25895569026649,26,-86,0.001869,51,2023-11-28 15:42:37.00167,256,1.037,0.0011,"aoml_navis",1027.80689378668
"7901009",18,0,1,0.020559,1,-0.001869,1,124.996182114053,1,4.86466688168458,258,1,15.3229999542236,36.0120010375977,0.020558999851346,0,120.535697937012,-85.9191,25.7878,29.7038870399488,63,63,63,63,61,63,0,8047,1.25895569026649,26,-86,0.001869,51,2023-11-28 15:42:37.00167,258,1.037,0.0011,"aoml_navis",1027.81960648219
"7901009",18,0,1,0.020559,1,-0.001869,1,124.809212249736,1,4.86458185471714,260,1,15.2390003204346,35.9990005493164,0.020558999851346,0,120.355400085449,-85.9191,25.7878,29.7038870399488,63,63,63,63,61,63,0,8047,1.25895569026649,26,-86,0.001869,51,2023-11-28 15:42:37.00167,260,1.037,0.0011,"aoml_navis",1027.83757151738
"7901009",18,0,1,0.016821,1,-0.005607,1,124.764099598825,1,4.86450511470832,262,1,15.1759996414185,35.9900016784668,0.0168210007250309,0,120.311897277832,-85.9191,25.7878,29.7038870399488,63,63,63,63,61,63,0,8047,1.25895569026649,26,-86,0.001869,51,2023-11-28 15:42:37.00167,262,1.037,0.0011,"aoml_navis",1027.85378617077
"7901009",18,0,1,0.020559,1,-0.001869,1,125.180770549412,1,4.86442403762224,264,1,15.1020002365112,35.9790000915527,0.020558999851346,0,120.71369934082,-85.9191,25.7878,29.7038870399488,63,63,63,63,61,63,0,8047,1.25895569026649,26,-86,0.001869,51,2023-11-28 15:42:37.00167,264,1.037,0.0011,"aoml_navis",1027.87091777551
"7901009",18,0,1,0.020559,1,-0.001869,1,125.833147584873,1,4.86437033137679,266,1,15.0670003890991,35.9720001220703,0.020558999851346,0,121.342796325684,-85.9191,25.7878,29.7038870399488,63,63,63,63,61,63,0,8047,1.25895569026649,26,-86,0.001869,51,2023-11-28 15:42:37.00167,266,1.037,0.0011,"aoml_navis",1027.8822662305
"7901009",18,0,1,0.020559,1,-0.001869,1,126.504504846489,1,4.86430257842272,268,1,15.0120000839233,35.9630012512207,0.020558999851346,0,121.990196228027,-85.9191,25.7878,29.7038870399488,63,63,63,63,61,63,0,8047,1.25895569026649,26,-86,0.001869,51,2023-11-28 15:42:37.00167,268,1.037,0.0011,"aoml_navis",1027.8965831976
"7901009",18,0,1,0.01869,1,-0.003738,1,126.674994589472,1,4.86424428768304,270,1,14.9759998321533,35.9570007324219,0.0186899993568659,0,122.154602050781,-85.9191,25.7878,29.7038870399488,63,63,63,63,61,63,0,8047,1.25895569026649,26,-86,0.001869,51,2023-11-28 15:42:37.00167,270,1.037,0.0011,"aoml_navis",1027.90890101073
"7901009",18,0,1,0.01869,1,-0.003738,1,126.342528118655,1,4.86416487735023,272,1,14.9029998779297,35.9459991455078,0.0186899993568659,0,121.833999633789,-85.9191,25.7878,29.7038870399488,63,63,63,63,61,63,0,8047,1.25895569026649,26,-86,0.001869,51,2023-11-28 15:42:37.00167,272,1.037,0.0011,"aoml_navis",1027.92568222395
"7901009",18,0,1,0.022428,1,0,1,125.302619012527,1,4.86410492234113,274,1,14.8549995422363,35.9370002746582,0.0224280003458261,0,120.831199645996,-85.9191,25.7878,29.7038870399488,63,63,63,63,61,63,0,8047,1.25895569026649,26,-86,0.001869,51,2023-11-28 15:42:37.00167,274,1.037,0.0011,"aoml_navis",1027.93835244686
"7901009",18,0,1,0.01869,1,-0.003738,1,124.038096058737,1,4.86403117091762,276,1,14.7869997024536,35.9259986877441,0.0186899993568659,0,119.611801147461,-85.9191,25.7878,29.7038870399488,63,63,63,63,61,63,0,8047,1.25895569026649,26,-86,0.001869,51,2023-11-28 15:42:37.00167,276,1.037,0.0011,"aoml_navis",1027.95393867855
"7901009",18,0,1,0.020559,1,-0.001869,1,122.699527278942,1,4.86394483837364,278,1,14.6999998092651,35.9129981994629,0.020558999851346,0,118.320999145508,-85.9191,25.7878,29.7038870399488,63,63,63,63,61,63,0,8047,1.25895569026649,26,-86,0.001869,51,2023-11-28 15:42:37.00167,278,1.037,0.0011,"aoml_navis",1027.97218433749
"7901009",18,0,1,0.01869,1,-0.003738,1,122.120982452934,1,4.86385819055828,280,1,14.6020002365112,35.8969993591309,0.0186899993568659,0,117.76309967041,-85.9191,25.7878,29.7038870399488,63,63,63,63,61,63,0,8047,1.25895569026649,26,-86,0.001869,51,2023-11-28 15:42:37.00167,280,1.037,0.0011,"aoml_navis",1027.99049727765
"7901009",18,0,1,0.024297,1,0.001869,1,121.569915044783,1,4.86379513050868,282,1,14.5469999313354,35.8870010375977,0.0242970008403063,0,117.23169708252,-85.9191,25.7878,29.7038870399488,63,63,63,63,61,63,0,8047,1.25895569026649,26,-86,0.001869,51,2023-11-28 15:42:37.00167,282,1.037,0.0011,"aoml_navis",1028.00382537434
"7901009",18,0,1,0.016821,1,-0.005607,1,120.886326257683,1,4.86371911508454,284,1,14.4759998321533,35.8759994506836,0.0168210007250309,0,116.57250213623,-85.9191,25.7878,29.7038870399488,63,63,63,63,61,63,0,8047,1.25895569026649,26,-86,0.001869,51,2023-11-28 15:42:37.00167,284,1.037,0.0011,"aoml_navis",1028.01989212181
"7901009",18,0,1,0.020559,1,-0.001869,1,120.635263516299,1,4.86361829954236,286,1,14.3599996566772,35.859001159668,0.020558999851346,0,116.33039855957,-85.9191,25.7878,29.7038870399488,63,63,63,63,61,63,0,8047,1.25895569026649,26,-86,0.001869,51,2023-11-28 15:42:37.00167,286,1.037,0.0011,"aoml_navis",1028.04120143854
"7901009",18,0,1,0.01869,1,-0.003738,1,120.280501806922,1,4.86355735580641,288,1,14.3100004196167,35.8499984741211,0.0186899993568659,0,115.988296508789,-85.9191,25.7878,29.7038870399488,63,63,63,63,61,63,0,8047,1.25895569026649,26,-86,0.001869,51,2023-11-28 15:42:37.00167,288,1.037,0.0011,"aoml_navis",1028.0540835055
"7901009",18,0,1,0.020559,1,-0.001869,1,120.187072256833,1,4.86349027995894,290,1,14.253999710083,35.8409996032715,0.020558999851346,0,115.89820098877,-85.9191,25.7878,29.7038870399488,63,63,63,63,61,63,0,8047,1.25895569026649,26,-86,0.001869,51,2023-11-28 15:42:37.00167,290,1.037,0.0011,"aoml_navis",1028.06826212927
"7901009",18,0,1,0.024297,1,0.001869,1,119.998543782864,1,4.86342904760422,292,1,14.1999998092651,35.8310012817383,0.0242970008403063,0,115.716400146484,-85.9191,25.7878,29.7038870399488,63,63,63,63,61,63,0,8047,1.25895569026649,26,-86,0.001869,51,2023-11-28 15:42:37.00167,292,1.037,0.0011,"aoml_navis",1028.0812058856
"7901009",18,0,1,0.022428,1,0,1,119.776833537952,1,4.86333963224653,294,1,14.1149997711182,35.8199996948242,0.0224280003458261,0,115.502601623535,-85.9191,25.7878,29.7038870399488,63,63,63,63,61,63,0,8047,1.25895569026649,26,-86,0.001869,51,2023-11-28 15:42:37.00167,294,1.037,0.0011,"aoml_navis",1028.10010776285
"7901009",18,0,1,0.01869,1,-0.003738,1,119.302296237178,1,4.8632776840439,296,1,14.0600004196167,35.810001373291,0.0186899993568659,0,115.044998168945,-85.9191,25.7878,29.7038870399488,63,63,63,63,61,63,0,8047,1.25895569026649,26,-86,0.001869,51,2023-11-28 15:42:37.00167,296,1.037,0.0011,"aoml_navis",1028.11320365372
"7901009",18,0,1,0.020559,1,-0.001869,1,118.656762843078,1,4.86320016096291,298,1,13.9790000915527,35.7970008850098,0.020558999851346,0,114.422500610352,-85.9191,25.7878,29.7038870399488,63,63,63,63,61,63,0,8047,1.25895569026649,26,-86,0.001869,51,2023-11-28 15:42:37.00167,298,1.037,0.0011,"aoml_navis",1028.12959255414
"7901009",18,0,1,0.022428,1,0,1,118.241547649728,1,4.86312452266198,300,1,13.8959999084473,35.7830009460449,0.0224280003458261,0,114.022102355957,-85.9191,25.7878,29.7038870399488,63,63,63,63,61,63,0,8047,1.25895569026649,26,-86,0.001869,51,2023-11-28 15:42:37.00167,300,1.037,0.0011,"aoml_navis",1028.14558350299
"7901009",18,0,1,0.026166,1,0.003738,1,118.597551499791,1,4.86303248837869,302,1,13.7930002212524,35.7680015563965,0.0261659994721413,0,114.36540222168,-85.9191,25.7878,29.7038870399488,63,63,63,63,61,63,0,8047,1.25895569026649,26,-86,0.001869,51,2023-11-28 15:42:37.00167,302,1.037,0.0011,"aoml_navis",1028.16504145276
"7901009",18,0,1,0.020559,1,-0.001869,1,118.718980641529,1,4.86298062986946,304,1,13.7580003738403,35.7610015869141,0.020558999851346,0,114.482498168945,-85.9191,25.7878,29.7038870399488,63,63,63,63,61,63,0,8047,1.25895569026649,26,-86,0.001869,51,2023-11-28 15:42:37.00167,304,1.037,0.0011,"aoml_navis",1028.17600573791
"7901009",18,0,4,0.016821,1,-0.005607,1,118.836580508794,1,4.86292740601228,306,1,13.7360000610352,35.757999420166,0.0168210007250309,0,114.595901489258,-85.9191,25.7878,29.7038870399488,63,63,63,63,61,63,0,8047,1.25895569026649,26,-86,0.001869,51,2023-11-28 15:42:37.00167,306,1.037,0.0011,"aoml_navis",1028.18725893754
"7901009",18,0,1,0.024297,1,0.001869,1,118.759116817971,1,4.86287096322503,308,1,13.6999998092651,35.7519989013672,0.0242970008403063,0,114.521202087402,-85.9191,25.7878,29.7038870399488,63,63,63,63,61,63,0,8047,1.25895569026649,26,-86,0.001869,51,2023-11-28 15:42:37.00167,308,1.037,0.0011,"aoml_navis",1028.19919298949
"7901009",18,0,1,0.022428,1,0,1,118.578159863982,1,4.86281052717212,310,1,13.6599998474121,35.7459983825684,0.0224280003458261,0,114.346702575684,-85.9191,25.7878,29.7038870399488,63,63,63,63,61,63,0,8047,1.25895569026649,26,-86,0.001869,51,2023-11-28 15:42:37.00167,310,1.037,0.0011,"aoml_navis",1028.21197166974
"7901009",18,0,1,0.024297,1,0.001869,1,118.32367925778,1,4.86275557840871,312,1,13.628999710083,35.7410011291504,0.0242970008403063,0,114.101303100586,-85.9191,25.7878,29.7038870399488,63,63,63,63,61,63,0,8047,1.25895569026649,26,-86,0.001869,51,2023-11-28 15:42:37.00167,312,1.037,0.0011,"aoml_navis",1028.2235903858
"7901009",18,0,1,0.022428,1,0,1,118.073241542601,1,4.86269285625053,314,1,13.5830001831055,35.734001159668,0.0224280003458261,0,113.859802246094,-85.9191,25.7878,29.7038870399488,63,63,63,63,61,63,0,8047,1.25895569026649,26,-86,0.001869,51,2023-11-28 15:42:37.00167,314,1.037,0.0011,"aoml_navis",1028.23685307884
"7901009",18,0,1,0.022428,1,0,1,117.889483838275,1,4.86262518948725,316,1,13.5319995880127,35.7270011901855,0.0224280003458261,0,113.682601928711,-85.9191,25.7878,29.7038870399488,63,63,63,63,61,63,0,8047,1.25895569026649,26,-86,0.001869,51,2023-11-28 15:42:37.00167,316,1.037,0.0011,"aoml_navis",1028.2511616996
"7901009",18,0,1,0.022428,1,0,1,117.431228865733,1,4.86256803490264,318,1,13.4949998855591,35.7210006713867,0.0224280003458261,0,113.240699768066,-85.9191,25.7878,29.7038870399488,63,63,63,63,61,63,0,8047,1.25895569026649,26,-86,0.001869,51,2023-11-28 15:42:37.00167,318,1.037,0.0011,"aoml_navis",1028.26324775528
"7901009",18,0,4,0.016821,1,-0.005607,1,116.642382500989,1,4.8625223295532,320,1,13.4729995727539,35.7159996032715,0.0168210007250309,0,112.480003356934,-85.9191,25.7878,29.7038870399488,63,63,63,63,61,63,0,8047,1.25895569026649,26,-86,0.001869,51,2023-11-28 15:42:37.00167,320,1.037,0.0011,"aoml_navis",1028.27291293065
"7901009",18,0,1,0.020559,1,-0.001869,1,115.766942315792,1,4.86245724780609,322,1,13.4280004501343,35.7099990844727,0.020558999851346,0,111.635803222656,-85.9191,25.7878,29.7038870399488,63,63,63,63,61,63,0,8047,1.25895569026649,26,-86,0.001869,51,2023-11-28 15:42:37.00167,322,1.037,0.0011,"aoml_navis",1028.28667588923
"7901009",18,0,1,0.024297,1,0.001869,1,115.72546114625,1,4.86238886229838,324,1,13.3649997711182,35.7000007629395,0.0242970008403063,0,111.595802307129,-85.9191,25.7878,29.7038870399488,63,63,63,63,61,63,0,8047,1.25895569026649,26,-86,0.001869,51,2023-11-28 15:42:37.00167,324,1.037,0.0011,"aoml_navis",1028.30113789718
"7901009",18,0,1,0.026166,1,0.003738,1,116.992262676586,1,4.8623332728739,326,1,13.3219995498657,35.6920013427734,0.0261659994721413,0,112.817398071289,-85.9191,25.7878,29.7038870399488,63,63,63,63,61,63,0,8047,1.25895569026649,26,-86,0.001869,51,2023-11-28 15:42:37.00167,326,1.037,0.0011,"aoml_navis",1028.31289411899
"7901009",18,0,1,0.024297,1,0.001869,1,118.722089949106,1,4.86226686468104,328,1,13.246000289917,35.6780014038086,0.0242970008403063,0,114.485496520996,-85.9191,25.7878,29.7038870399488,63,63,63,63,61,63,0,8047,1.25895569026649,26,-86,0.001869,51,2023-11-28 15:42:37.00167,328,1.037,0.0011,"aoml_navis",1028.32693867945
"7901009",18,0,1,0.020559,1,-0.001869,1,119.32936224538,1,4.86217239897972,330,1,13.1339998245239,35.6619987487793,0.020558999851346,0,115.071098327637,-85.9191,25.7878,29.7038870399488,63,63,63,63,61,63,0,8047,1.25895569026649,26,-86,0.001869,51,2023-11-28 15:42:37.00167,330,1.037,0.0011,"aoml_navis",1028.34691773768
"7901009",18,0,1,0.022428,1,0,1,119.071147305395,1,4.86211711339635,332,1,13.1020002365112,35.6570014953613,0.0224280003458261,0,114.82209777832,-85.9191,25.7878,29.7038870399488,63,63,63,63,61,63,0,8047,1.25895569026649,26,-86,0.001869,51,2023-11-28 15:42:37.00167,332,1.037,0.0011,"aoml_navis",1028.35861074258
"7901009",18,0,1,0.022428,1,0,1,118.91549204513,1,4.86206158927595,334,1,13.0659999847412,35.6510009765625,0.0224280003458261,0,114.671997070312,-85.9191,25.7878,29.7038870399488,63,63,63,63,61,63,0,8047,1.25895569026649,26,-86,0.001869,51,2023-11-28 15:42:37.00167,334,1.037,0.0011,"aoml_navis",1028.37035446616
"7901009",18,0,1,0.024297,1,0.001869,1,119.23302909254,1,4.86198701810083,336,1,12.9919996261597,35.6399993896484,0.0242970008403063,0,114.978202819824,-85.9191,25.7878,29.7038870399488,63,63,63,63,61,63,0,8047,1.25895569026649,26,-86,0.001869,51,2023-11-28 15:42:37.00167,336,1.037,0.0011,"aoml_navis",1028.38612719149
"7901009",18,0,1,0.01869,1,-0.003738,1,119.029879752404,1,4.86193754340317,338,1,12.9619998931885,35.6339988708496,0.0186899993568659,0,114.782302856445,-85.9191,25.7878,29.7038870399488,63,63,63,63,61,63,0,8047,1.25895569026649,26,-86,0.001869,51,2023-11-28 15:42:37.00167,338,1.037,0.0011,"aoml_navis",1028.3965919686
"7901009",18,0,1,0.020559,1,-0.001869,1,118.62876325143,1,4.86188247681461,340,1,12.9300003051758,35.6290016174316,0.020558999851346,0,114.395500183105,-85.9191,25.7878,29.7038870399488,63,63,63,63,61,63,0,8047,1.25895569026649,26,-86,0.001869,51,2023-11-28 15:42:37.00167,340,1.037,0.0011,"aoml_navis",1028.40823978038
"7901009",18,0,1,0.024297,1,0.001869,1,118.792504293742,1,4.86181861098114,342,1,12.8739995956421,35.6199989318848,0.0242970008403063,0,114.553398132324,-85.9191,25.7878,29.7038870399488,63,63,63,63,61,63,0,8047,1.25895569026649,26,-86,0.001869,51,2023-11-28 15:42:37.00167,342,1.037,0.0011,"aoml_navis",1028.42174915921
"7901009",18,0,1,0.022428,1,0,1,119.11242277011,1,4.86175803836073,344,1,12.8249998092651,35.6119995117188,0.0224280003458261,0,114.86190032959,-85.9191,25.7878,29.7038870399488,63,63,63,63,61,63,0,8047,1.25895569026649,26,-86,0.001869,51,2023-11-28 15:42:37.00167,344,1.037,0.0011,"aoml_navis",1028.43456226091
"7901009",18,0,1,0.022428,1,0,1,119.363169042529,1,4.86169245906696,346,1,12.7670001983643,35.6030006408691,0.0224280003458261,0,115.103698730469,-85.9191,25.7878,29.7038870399488,63,63,63,63,61,63,0,8047,1.25895569026649,26,-86,0.001869,51,2023-11-28 15:42:37.00167,346,1.037,0.0011,"aoml_navis",1028.44843479869
"7901009",18,0,1,0.024297,1,0.001869,1,119.512083513847,1,4.86164010519392,348,1,12.7299995422363,35.5960006713867,0.0242970008403063,0,115.247299194336,-85.9191,25.7878,29.7038870399488,63,63,63,63,61,63,0,8047,1.25895569026649,26,-86,0.001869,51,2023-11-28 15:42:37.00167,348,1.037,0.0011,"aoml_navis",1028.459509921
"7901009",18,0,1,0.024297,1,0.001869,1,119.775480633128,1,4.86158014063033,350,1,12.6700000762939,35.5849990844727,0.0242970008403063,0,115.50129699707,-85.9191,25.7878,29.7038870399488,63,63,63,63,61,63,0,8047,1.25895569026649,26,-86,0.001869,51,2023-11-28 15:42:37.00167,350,1.037,0.0011,"aoml_navis",1028.4721953286
"7901009",18,0,1,0.024297,1,0.001869,1,119.96639844778,1,4.86151411391204,352,1,12.5959997177124,35.5719985961914,0.0242970008403063,0,115.685401916504,-85.9191,25.7878,29.7038870399488,63,63,63,63,61,63,0,8047,1.25895569026649,26,-86,0.001869,51,2023-11-28 15:42:37.00167,352,1.037,0.0011,"aoml_navis",1028.48616353733
"7901009",18,0,1,0.020559,1,-0.001869,1,119.997404494592,1,4.86143407126511,354,1,12.5109996795654,35.560001373291,0.020558999851346,0,115.715301513672,-85.9191,25.7878,29.7038870399488,63,63,63,63,61,63,0,8047,1.25895569026649,26,-86,0.001869,51,2023-11-28 15:42:37.00167,354,1.037,0.0011,"aoml_navis",1028.50309737901
"7901009",18,0,1,0.016821,1,-0.005607,1,119.930305162361,1,4.86136987449124,356,1,12.4460000991821,35.548999786377,0.0168210007250309,0,115.650596618652,-85.9191,25.7878,29.7038870399488,63,63,63,63,61,63,0,8047,1.25895569026649,26,-86,0.001869,51,2023-11-28 15:42:37.00167,356,1.037,0.0011,"aoml_navis",1028.51667926693
"7901009",18,0,1,0.022428,1,0,1,119.89432264108,1,4.86129343077506,358,1,12.3680000305176,35.5379981994629,0.0224280003458261,0,115.615898132324,-85.9191,25.7878,29.7038870399488,63,63,63,63,61,63,0,8047,1.25895569026649,26,-86,0.001869,51,2023-11-28 15:42:37.00167,358,1.037,0.0011,"aoml_navis",1028.53285266568
"7901009",18,0,1,0.020559,1,-0.001869,1,119.569744159207,1,4.86124008849557,360,1,12.3369998931885,35.5330009460449,0.020558999851346,0,115.30290222168,-85.9191,25.7878,29.7038870399488,63,63,63,63,61,63,0,8047,1.25895569026649,26,-86,0.001869,51,2023-11-28 15:42:37.00167,360,1.037,0.0011,"aoml_navis",1028.54413873382
"7901009",18,0,1,0.022428,1,0,1,118.88635316521,1,4.86119187962502,362,1,12.3190002441406,35.5299987792969,0.0224280003458261,0,114.643898010254,-85.9191,25.7878,29.7038870399488,63,63,63,63,61,63,0,8047,1.25895569026649,26,-86,0.001869,51,2023-11-28 15:42:37.00167,362,1.037,0.0011,"aoml_navis",1028.55433889717
"7901009",18,0,1,0.022428,1,0,1,117.799575005417,1,4.86113179281891,364,1,12.2770004272461,35.523998260498,0.0224280003458261,0,113.595901489258,-85.9191,25.7878,29.7038870399488,63,63,63,63,61,63,0,8047,1.25895569026649,26,-86,0.001869,51,2023-11-28 15:42:37.00167,364,1.037,0.0011,"aoml_navis",1028.56705250951
"7901009",18,0,1,0.026166,1,0.003738,1,116.696095196015,1,4.86108236386516,366,1,12.25,35.5190010070801,0.0261659994721413,0,112.531799316406,-85.9191,25.7878,29.7038870399488,63,63,63,63,61,63,0,8047,1.25895569026649,26,-86,0.001869,51,2023-11-28 15:42:37.00167,366,1.037,0.0011,"aoml_navis",1028.57751128997
"7901009",18,0,1,0.022428,1,0,1,115.798565477085,1,4.86100139093265,368,1,12.1820001602173,35.5120010375977,0.0224280003458261,0,111.666297912598,-85.9191,25.7878,29.7038870399488,63,63,63,63,61,63,0,8047,1.25895569026649,26,-86,0.001869,51,2023-11-28 15:42:37.00167,368,1.037,0.0011,"aoml_navis",1028.59464498953
"7901009",18,0,1,0.024297,1,0.001869,1,114.011394028169,1,4.86093573837419,370,1,12.1300001144409,35.5050010681152,0.0242970008403063,0,109.942901611328,-85.9191,25.7878,29.7038870399488,63,63,63,63,61,63,0,8047,1.25895569026649,26,-86,0.001869,51,2023-11-28 15:42:37.00167,370,1.037,0.0011,"aoml_navis",1028.60853734971
"7901009",18,0,1,0.024297,1,0.001869,1,111.812425250722,1,4.86089193260868,372,1,12.1319999694824,35.5060005187988,0.0242970008403063,0,107.822402954102,-85.9191,25.7878,29.7038870399488,63,63,63,63,61,63,0,8047,1.25895569026649,26,-86,0.001869,51,2023-11-28 15:42:37.00167,372,1.037,0.0011,"aoml_navis",1028.61780704445
"7901009",18,0,1,0.026166,1,0.003738,1,112.898166974655,1,4.86081706358901,374,1,12.0740003585815,35.5,0.0261659994721413,0,108.869400024414,-85.9191,25.7878,29.7038870399488,63,63,63,63,61,63,0,8047,1.25895569026649,26,-86,0.001869,51,2023-11-28 15:42:37.00167,374,1.037,0.0011,"aoml_navis",1028.6336503905
"7901009",18,0,1,0.024297,1,0.001869,1,114.6306921451,1,4.86071453872699,376,1,11.923999786377,35.4780006408691,0.0242970008403063,0,110.540100097656,-85.9191,25.7878,29.7038870399488,63,63,63,63,61,63,0,8047,1.25895569026649,26,-86,0.001869,51,2023-11-28 15:42:37.00167,376,1.037,0.0011,"aoml_navis",1028.65534689669
"7901009",18,0,1,0.026166,1,0.003738,1,115.190881771157,1,4.86063755509248,378,1,11.8199996948242,35.4609985351562,0.0261659994721413,0,111.080299377441,-85.9191,25.7878,29.7038870399488,63,63,63,63,61,63,0,8047,1.25895569026649,26,-86,0.001869,51,2023-11-28 15:42:37.00167,378,1.037,0.0011,"aoml_navis",1028.67163892142
"7901009",18,0,1,0.028035,1,0.005607,1,115.262126846825,1,4.86058856167109,380,1,11.7889995574951,35.4550018310547,0.0280349999666214,0,111.149002075195,-85.9191,25.7878,29.7038870399488,63,63,63,63,61,63,0,8047,1.25895569026649,26,-86,0.001869,51,2023-11-28 15:42:37.00167,380,1.037,0.0011,"aoml_navis",1028.68200765402
"7901009",18,0,1,0.024297,1,0.001869,1,115.305886592912,1,4.86053497539125,382,1,11.7530002593994,35.4490013122559,0.0242970008403063,0,111.191200256348,-85.9191,25.7878,29.7038870399488,63,63,63,63,61,63,0,8047,1.25895569026649,26,-86,0.001869,51,2023-11-28 15:42:37.00167,382,1.037,0.0011,"aoml_navis",1028.69334863649
"7901009",18,0,1,0.026166,1,0.003738,1,115.404403381609,1,4.860488966468,384,1,11.7329998016357,35.4449996948242,0.0261659994721413,0,111.286201477051,-85.9191,25.7878,29.7038870399488,63,63,63,63,61,63,0,8047,1.25895569026649,26,-86,0.001869,51,2023-11-28 15:42:37.00167,384,1.037,0.0011,"aoml_navis",1028.70308614925
"7901009",18,0,1,0.026166,1,0.003738,1,115.622584997565,1,4.86044102118406,386,1,11.7030000686646,35.4389991760254,0.0261659994721413,0,111.496597290039,-85.9191,25.7878,29.7038870399488,63,63,63,63,61,63,0,8047,1.25895569026649,26,-86,0.001869,51,2023-11-28 15:42:37.00167,386,1.037,0.0011,"aoml_navis",1028.71323367729
"7901009",18,0,1,0.024297,1,0.001869,1,115.909218850576,1,4.86035956628342,388,1,11.6049995422363,35.4249992370605,0.0242970008403063,0,111.773002624512,-85.9191,25.7878,29.7038870399488,63,63,63,63,61,63,0,8047,1.25895569026649,26,-86,0.001869,51,2023-11-28 15:42:37.00167,388,1.037,0.0011,"aoml_navis",1028.73047391088
"7901009",18,0,1,0.022428,1,0,1,115.74806494205,1,4.86029602580848,390,1,11.5340003967285,35.4129981994629,0.0224280003458261,0,111.617599487305,-85.9191,25.7878,29.7038870399488,63,63,63,63,61,63,0,8047,1.25895569026649,26,-86,0.001869,51,2023-11-28 15:42:37.00167,390,1.037,0.0011,"aoml_navis",1028.74392289064
"7901009",18,0,1,0.024297,1,0.001869,1,115.318845997015,1,4.86024372645495,392,1,11.4949998855591,35.4059982299805,0.0242970008403063,0,111.20369720459,-85.9191,25.7878,29.7038870399488,63,63,63,63,61,63,0,8047,1.25895569026649,26,-86,0.001869,51,2023-11-28 15:42:37.00167,392,1.037,0.0011,"aoml_navis",1028.75499283798
"7901009",18,0,1,0.026166,1,0.003738,1,114.818184183209,1,4.86016950167039,394,1,11.4359998703003,35.4000015258789,0.0261659994721413,0,110.720901489258,-85.9191,25.7878,29.7038870399488,63,63,63,63,61,63,0,8047,1.25895569026649,26,-86,0.001869,51,2023-11-28 15:42:37.00167,394,1.037,0.0011,"aoml_navis",1028.77070404264
"7901009",18,0,1,0.026166,1,0.003738,1,114.505734374406,1,4.86011459832713,396,1,11.4060001373291,35.3959999084473,0.0261659994721413,0,110.41960144043,-85.9191,25.7878,29.7038870399488,63,63,63,63,61,63,0,8047,1.25895569026649,26,-86,0.001869,51,2023-11-28 15:42:37.00167,396,1.037,0.0011,"aoml_navis",1028.782325775
"7901009",18,0,1,0.024297,1,0.001869,1,114.123075925795,1,4.8600652068409,398,1,11.3819999694824,35.3919982910156,0.0242970008403063,0,110.050598144531,-85.9191,25.7878,29.7038870399488,63,63,63,63,61,63,0,8047,1.25895569026649,26,-86,0.001869,51,2023-11-28 15:42:37.00167,398,1.037,0.0011,"aoml_navis",1028.79278100264
"7901009",18,0,1,0.026166,1,0.003738,1,114.124009509241,1,4.85998499724802,400,1,11.3000001907349,35.3819999694824,0.0261659994721413,0,110.051498413086,-85.9191,25.7878,29.7038870399488,63,63,63,63,61,63,0,8047,1.25895569026649,26,-86,0.001869,51,2023-11-28 15:42:37.00167,400,1.037,0.0011,"aoml_navis",1028.80976028347
"7901009",18,0,1,0.022428,1,0,1,114.046442966004,1,4.85993122858077,402,1,11.2629995346069,35.3759994506836,0.0224280003458261,0,109.976699829102,-85.9191,25.7878,29.7038870399488,63,63,63,63,61,63,0,8047,1.25895569026649,26,-86,0.001869,51,2023-11-28 15:42:37.00167,402,1.037,0.0011,"aoml_navis",1028.82114269344
"7901009",18,0,1,0.022428,1,0,1,113.829709195561,1,4.85986841789415,404,1,11.2200002670288,35.3709983825684,0.0224280003458261,0,109.767700195312,-85.9191,25.7878,29.7038870399488,63,63,63,63,61,63,0,8047,1.25895569026649,26,-86,0.001869,51,2023-11-28 15:42:37.00167,404,1.037,0.0011,"aoml_navis",1028.83443954776
"7901009",18,0,1,0.028035,1,0.005607,1,113.71086718761,1,4.85980678258007,406,1,11.1619997024536,35.3619995117188,0.0280349999666214,0,109.653099060059,-85.9191,25.7878,29.7038870399488,63,63,63,63,61,63,0,8047,1.25895569026649,26,-86,0.001869,51,2023-11-28 15:42:37.00167,406,1.037,0.0011,"aoml_navis",1028.84748791299
"7901009",18,0,1,0.028035,1,0.005607,1,113.538929599114,1,4.85975316887055,408,1,11.128999710083,35.3569984436035,0.0280349999666214,0,109.487297058105,-85.9191,25.7878,29.7038870399488,63,63,63,63,61,63,0,8047,1.25895569026649,26,-86,0.001869,51,2023-11-28 15:42:37.00167,408,1.037,0.0011,"aoml_navis",1028.85883835167
"7901009",18,0,1,0.024297,1,0.001869,1,113.31660223972,1,4.85970571035897,410,1,11.1149997711182,35.3549995422363,0.0242970008403063,0,109.272903442383,-85.9191,25.7878,29.7038870399488,63,63,63,63,61,63,0,8047,1.25895569026649,26,-86,0.001869,51,2023-11-28 15:42:37.00167,410,1.037,0.0011,"aoml_navis",1028.86888589611
"7901009",18,0,1,0.026166,1,0.003738,1,113.235609919941,1,4.8596450248272,412,1,11.0699996948242,35.3489990234375,0.0261659994721413,0,109.194801330566,-85.9191,25.7878,29.7038870399488,63,63,63,63,61,63,0,8047,1.25895569026649,26,-86,0.001869,51,2023-11-28 15:42:37.00167,412,1.037,0.0011,"aoml_navis",1028.8817340476
"7901009",18,0,1,0.028035,1,0.005607,1,113.064605914891,1,4.85959669770803,414,1,11.0550003051758,35.3470001220703,0.0280349999666214,0,109.029899597168,-85.9191,25.7878,29.7038870399488,63,63,63,63,61,63,0,8047,1.25895569026649,26,-86,0.001869,51,2023-11-28 15:42:37.00167,414,1.037,0.0011,"aoml_navis",1028.89196594404
"7901009",18,0,1,0.024297,1,0.001869,1,112.876385998163,1,4.85954673944029,416,1,11.0299997329712,35.3429985046387,0.0242970008403063,0,108.84839630127,-85.9191,25.7878,29.7038870399488,63,63,63,63,61,63,0,8047,1.25895569026649,26,-86,0.001869,51,2023-11-28 15:42:37.00167,416,1.037,0.0011,"aoml_navis",1028.90254340385
"7901009",18,0,1,0.024297,1,0.001869,1,112.761175471581,1,4.85948278991096,418,1,10.9729995727539,35.3349990844727,0.0242970008403063,0,108.737297058105,-85.9191,25.7878,29.7038870399488,63,63,63,63,61,63,0,8047,1.25895569026649,26,-86,0.001869,51,2023-11-28 15:42:37.00167,418,1.037,0.0011,"aoml_navis",1028.91608349365
"7901009",18,0,1,0.029904,1,0.007476,1,112.755162561253,1,4.85940757340774,420,1,10.8950004577637,35.3250007629395,0.0299040004611015,0,108.731498718262,-85.9191,25.7878,29.7038870399488,63,63,63,63,61,63,0,8047,1.25895569026649,26,-86,0.001869,51,2023-11-28 15:42:37.00167,420,1.037,0.0011,"aoml_navis",1028.93200960578
"7901009",18,0,1,0.026166,1,0.003738,1,112.67272239596,1,4.85935452590304,422,1,10.8540000915527,35.318000793457,0.0261659994721413,0,108.652000427246,-85.9191,25.7878,29.7038870399488,63,63,63,63,61,63,0,8047,1.25895569026649,26,-86,0.001869,51,2023-11-28 15:42:37.00167,422,1.037,0.0011,"aoml_navis",1028.94324201851
"7901009",18,0,1,0.024297,1,0.001869,1,112.582402153448,1,4.85929000617887,424,1,10.8000001907349,35.3110008239746,0.0242970008403063,0,108.564903259277,-85.9191,25.7878,29.7038870399488,63,63,63,63,61,63,0,8047,1.25895569026649,26,-86,0.001869,51,2023-11-28 15:42:37.00167,424,1.037,0.0011,"aoml_navis",1028.95690391852
"7901009",18,0,1,0.028035,1,0.005607,1,112.497469795059,1,4.85923079891333,426,1,10.7559995651245,35.3050003051758,0.0280349999666214,0,108.483001708984,-85.9191,25.7878,29.7038870399488,63,63,63,63,61,63,0,8047,1.25895569026649,26,-86,0.001869,51,2023-11-28 15:42:37.00167,426,1.037,0.0011,"aoml_navis",1028.96944123711
"7901009",18,0,1,0.028035,1,0.005607,1,112.361411875431,1,4.85916310647625,428,1,10.6940002441406,35.2970008850098,0.0280349999666214,0,108.35179901123,-85.9191,25.7878,29.7038870399488,63,63,63,63,61,63,0,8047,1.25895569026649,26,-86,0.001869,51,2023-11-28 15:42:37.00167,428,1.037,0.0011,"aoml_navis",1028.98377569093
"7901009",18,0,1,0.026166,1,0.003738,1,112.271708747399,1,4.85909926116096,430,1,10.6319999694824,35.2879981994629,0.0261659994721413,0,108.265296936035,-85.9191,25.7878,29.7038870399488,63,63,63,63,61,63,0,8047,1.25895569026649,26,-86,0.001869,51,2023-11-28 15:42:37.00167,430,1.037,0.0011,"aoml_navis",1028.99729584972
"7901009",18,0,1,0.028035,1,0.005607,1,112.199949409664,1,4.85904268314196,432,1,10.5989999771118,35.2840003967285,0.0280349999666214,0,108.196098327637,-85.9191,25.7878,29.7038870399488,63,63,63,63,61,63,0,8047,1.25895569026649,26,-86,0.001869,51,2023-11-28 15:42:37.00167,432,1.037,0.0011,"aoml_navis",1029.0092773515
"7901009",18,0,1,0.031773,1,0.009345,1,112.054769272129,1,4.85898807565228,434,1,10.5640001296997,35.2789993286133,0.0317730009555817,0,108.056098937988,-85.9191,25.7878,29.7038870399488,63,63,63,63,61,63,0,8047,1.25895569026649,26,-86,0.001869,51,2023-11-28 15:42:37.00167,434,1.037,0.0011,"aoml_navis",1029.02084181978
"7901009",18,0,1,0.029904,1,0.007476,1,112.011112378455,1,4.85893176679432,436,1,10.5270004272461,35.273998260498,0.0299040004611015,0,108.013999938965,-85.9191,25.7878,29.7038870399488,63,63,63,63,61,63,0,8047,1.25895569026649,26,-86,0.001869,51,2023-11-28 15:42:37.00167,436,1.037,0.0011,"aoml_navis",1029.03276686652
"7901009",18,0,1,0.026166,1,0.003738,1,111.957083214465,1,4.85887411056901,438,1,10.4799995422363,35.2669982910156,0.0261659994721413,0,107.961898803711,-85.9191,25.7878,29.7038870399488,63,63,63,63,61,63,0,8047,1.25895569026649,26,-86,0.001869,51,2023-11-28 15:42:37.00167,438,1.037,0.0011,"aoml_navis",1029.04497754408
"7901009",18,0,1,0.029904,1,0.007476,1,111.834506872731,1,4.85882453762015,440,1,10.4589996337891,35.2639999389648,0.0299040004611015,0,107.843696594238,-85.9191,25.7878,29.7038870399488,63,63,63,63,61,63,0,8047,1.25895569026649,26,-86,0.001869,51,2023-11-28 15:42:37.00167,440,1.037,0.0011,"aoml_navis",1029.0554765431
"7901009",18,0,1,0.029904,1,0.007476,1,111.720649250972,1,4.85876907574179,442,1,10.4270000457764,35.2599983215332,0.0299040004611015,0,107.733901977539,-85.9191,25.7878,29.7038870399488,63,63,63,63,61,63,0,8047,1.25895569026649,26,-86,0.001869,51,2023-11-28 15:42:37.00167,442,1.037,0.0011,"aoml_navis",1029.06722300579
"7901009",18,0,1,0.033642,1,0.011214,1,111.64483911049,1,4.85870726894643,444,1,10.375,35.2529983520508,0.0336420014500618,0,107.660797119141,-85.9191,25.7878,29.7038870399488,63,63,63,63,61,63,0,8047,1.25895569026649,26,-86,0.001869,51,2023-11-28 15:42:37.00167,444,1.037,0.0011,"aoml_navis",1029.0803135963
"7901009",18,0,4,0.024297,1,0.001869,1,111.545080181107,1,4.85864969782472,446,1,10.3319997787476,35.2470016479492,0.0242970008403063,0,107.564598083496,-85.9191,25.7878,29.7038870399488,63,63,63,63,61,63,0,8047,1.25895569026649,26,-86,0.001869,51,2023-11-28 15:42:37.00167,446,1.037,0.0011,"aoml_navis",1029.09250737681
"7901009",18,0,1,0.029904,1,0.007476,1,111.410786575956,1,4.85858723772069,448,1,10.2790002822876,35.2400016784668,0.0299040004611015,0,107.435096740723,-85.9191,25.7878,29.7038870399488,63,63,63,63,61,63,0,8047,1.25895569026649,26,-86,0.001869,51,2023-11-28 15:42:37.00167,448,1.037,0.0011,"aoml_navis",1029.10573698902
"7901009",18,0,1,0.029904,1,0.007476,1,111.365159662977,1,4.85852231046475,450,1,10.2229995727539,35.2330017089844,0.0299040004611015,0,107.391098022461,-85.9191,25.7878,29.7038870399488,63,63,63,63,61,63,0,8047,1.25895569026649,26,-86,0.001869,51,2023-11-28 15:42:37.00167,450,1.037,0.0011,"aoml_navis",1029.11948952679
"7901009",18,0,1,0.028035,1,0.005607,1,111.164811073179,1,4.8584697422952,452,1,10.1940002441406,35.2290000915527,0.0280349999666214,0,107.197898864746,-85.9191,25.7878,29.7038870399488,63,63,63,63,61,63,0,8047,1.25895569026649,26,-86,0.001869,51,2023-11-28 15:42:37.00167,452,1.037,0.0011,"aoml_navis",1029.13062449946
"7901009",18,0,1,0.029904,1,0.007476,1,111.003870781204,1,4.85840759364145,454,1,10.1409997940063,35.2220001220703,0.0299040004611015,0,107.042701721191,-85.9191,25.7878,29.7038870399488,63,63,63,63,61,63,0,8047,1.25895569026649,26,-86,0.001869,51,2023-11-28 15:42:37.00167,454,1.037,0.0011,"aoml_navis",1029.14378911804
"7901009",18,0,1,0.028035,1,0.005607,1,110.958860982706,1,4.85834495622985,456,1,10.0830001831055,35.2140007019043,0.0280349999666214,0,106.999298095703,-85.9191,25.7878,29.7038870399488,63,63,63,63,61,63,0,8047,1.25895569026649,26,-86,0.001869,51,2023-11-28 15:42:37.00167,456,1.037,0.0011,"aoml_navis",1029.15705760838
"7901009",18,0,1,0.028035,1,0.005607,1,110.984581997809,1,4.85827768455561,458,1,10.0279998779297,35.2080001831055,0.0280349999666214,0,107.024101257324,-85.9191,25.7878,29.7038870399488,63,63,63,63,61,63,0,8047,1.25895569026649,26,-86,0.001869,51,2023-11-28 15:42:37.00167,458,1.037,0.0011,"aoml_navis",1029.17130815616
"7901009",18,0,1,0.024297,1,0.001869,1,111.11524412159,1,4.85821506579836,460,1,9.97399997711182,35.201000213623,0.0242970008403063,0,107.150100708008,-85.9191,25.7878,29.7038870399488,63,63,63,63,61,63,0,8047,1.25895569026649,26,-86,0.001869,51,2023-11-28 15:42:37.00167,460,1.037,0.0011,"aoml_navis",1029.18457340429
"7901009",18,0,1,0.026166,1,0.003738,1,111.213341588908,1,4.85816109340029,462,1,9.94299983978271,35.1969985961914,0.0261659994721413,0,107.244697570801,-85.9191,25.7878,29.7038870399488,63,63,63,63,61,63,0,8047,1.25895569026649,26,-86,0.001869,51,2023-11-28 15:42:37.00167,462,1.037,0.0011,"aoml_navis",1029.19600726958
"7901009",18,0,1,0.024297,1,0.001869,1,111.326273538945,1,4.85810430933026,464,1,9.89999961853027,35.1910018920898,0.0242970008403063,0,107.35359954834,-85.9191,25.7878,29.7038870399488,63,63,63,63,61,63,0,8047,1.25895569026649,26,-86,0.001869,51,2023-11-28 15:42:37.00167,464,1.037,0.0011,"aoml_navis",1029.20803705207
"7901009",18,0,1,0.024297,1,0.001869,1,111.370033285033,1,4.85804986208395,466,1,9.8769998550415,35.1889991760254,0.0242970008403063,0,107.395797729492,-85.9191,25.7878,29.7038870399488,63,63,63,63,61,63,0,8047,1.25895569026649,26,-86,0.001869,51,2023-11-28 15:42:37.00167,466,1.037,0.0011,"aoml_navis",1029.21957203938
"7901009",18,0,1,0.028035,1,0.005607,1,111.387146344296,1,4.85800219140221,468,1,9.86200046539307,35.1870002746582,0.0280349999666214,0,107.412300109863,-85.9191,25.7878,29.7038870399488,63,63,63,63,61,63,0,8047,1.25895569026649,26,-86,0.001869,51,2023-11-28 15:42:37.00167,468,1.037,0.0011,"aoml_navis",1029.22967158168
"7901009",18,0,1,0.029904,1,0.007476,1,111.384764915337,1,4.85795875827614,470,1,9.85200023651123,35.185001373291,0.0299040004611015,0,107.410003662109,-85.9191,25.7878,29.7038870399488,63,63,63,63,61,63,0,8047,1.25895569026649,26,-86,0.001869,51,2023-11-28 15:42:37.00167,470,1.037,0.0011,"aoml_navis",1029.2388735252
"7901009",18,0,1,0.026166,1,0.003738,1,111.373039740197,1,4.85791309487739,472,1,9.83500003814697,35.181999206543,0.0261659994721413,0,107.398696899414,-85.9191,25.7878,29.7038870399488,63,63,63,63,61,63,0,8047,1.25895569026649,26,-86,0.001869,51,2023-11-28 15:42:37.00167,472,1.037,0.0011,"aoml_navis",1029.24854816206
"7901009",18,0,1,0.026166,1,0.003738,1,111.384345593959,1,4.85786180980186,474,1,9.80700016021729,35.1780014038086,0.0261659994721413,0,107.409599304199,-85.9191,25.7878,29.7038870399488,63,63,63,63,61,63,0,8047,1.25895569026649,26,-86,0.001869,51,2023-11-28 15:42:37.00167,474,1.037,0.0011,"aoml_navis",1029.25941407212
"7901009",18,0,1,0.031773,1,0.009345,1,111.442006239319,1,4.8578025247242,476,1,9.7519998550415,35.1699981689453,0.0317730009555817,0,107.465202331543,-85.9191,25.7878,29.7038870399488,63,63,63,63,61,63,0,8047,1.25895569026649,26,-86,0.001869,51,2023-11-28 15:42:37.00167,476,1.037,0.0011,"aoml_navis",1029.27197525055
"7901009",18,0,1,0.026166,1,0.003738,1,111.520300661174,1,4.85774251926518,478,1,9.69600009918213,35.1619987487793,0.0261659994721413,0,107.540702819824,-85.9191,25.7878,29.7038870399488,63,63,63,63,61,63,0,8047,1.25895569026649,26,-86,0.001869,51,2023-11-28 15:42:37.00167,478,1.037,0.0011,"aoml_navis",1029.28468937385
"7901009",18,0,1,0.026166,1,0.003738,1,111.614458089883,1,4.85767395860729,480,1,9.63399982452393,35.1549987792969,0.0261659994721413,0,107.631500244141,-85.9191,25.7878,29.7038870399488,63,63,63,63,61,63,0,8047,1.25895569026649,26,-86,0.001869,51,2023-11-28 15:42:37.00167,480,1.037,0.0011,"aoml_navis",1029.29921658092
"7901009",18,0,1,0.028035,1,0.005607,1,111.603152236121,1,4.85762340909882,482,1,9.61100006103516,35.1520004272461,0.0280349999666214,0,107.620597839355,-85.9191,25.7878,29.7038870399488,63,63,63,63,61,63,0,8047,1.25895569026649,26,-86,0.001869,51,2023-11-28 15:42:37.00167,482,1.037,0.0011,"aoml_navis",1029.30992769726
"7901009",18,0,1,0.028035,1,0.005607,1,111.654072092533,1,4.85756522531923,484,1,9.56999969482422,35.1469993591309,0.0280349999666214,0,107.669700622559,-85.9191,25.7878,29.7038870399488,63,63,63,63,61,63,0,8047,1.25895569026649,26,-86,0.001869,51,2023-11-28 15:42:37.00167,484,1.037,0.0011,"aoml_navis",1029.32225674261
"7901009",18,0,1,0.024297,1,0.001869,1,111.601079364402,1,4.85752389637296,486,1,9.55799961090088,35.1440010070801,0.0242970008403063,0,107.618598937988,-85.9191,25.7878,29.7038870399488,63,63,63,63,61,63,0,8047,1.25895569026649,26,-86,0.001869,51,2023-11-28 15:42:37.00167,486,1.037,0.0011,"aoml_navis",1029.33101445644
"7901009",18,0,1,0.031773,1,0.009345,1,111.606989422317,1,4.85746711730895,488,1,9.52299976348877,35.1399993896484,0.0317730009555817,0,107.624298095703,-85.9191,25.7878,29.7038870399488,63,63,63,63,61,63,0,8047,1.25895569026649,26,-86,0.001869,51,2023-11-28 15:42:37.00167,488,1.037,0.0011,"aoml_navis",1029.34304633441
"7901009",18,0,1,0.024297,1,0.001869,1,111.644324848422,1,4.85740362872735,490,1,9.4709997177124,35.1339988708496,0.0242970008403063,0,107.660301208496,-85.9191,25.7878,29.7038870399488,63,63,63,63,61,63,0,8047,1.25895569026649,26,-86,0.001869,51,2023-11-28 15:42:37.00167,490,1.037,0.0011,"aoml_navis",1029.35650033885
"7901009",18,0,1,0.028035,1,0.005607,1,111.680718779357,1,4.85735184063865,492,1,9.43299961090088,35.1279983520508,0.0280349999666214,0,107.69539642334,-85.9191,25.7878,29.7038870399488,63,63,63,63,61,63,0,8047,1.25895569026649,26,-86,0.001869,51,2023-11-28 15:42:37.00167,492,1.037,0.0011,"aoml_navis",1029.36747512665
"7901009",18,0,1,0.029904,1,0.007476,1,111.782036318391,1,4.85728276291563,494,1,9.37399959564209,35.1220016479492,0.0299040004611015,0,107.793098449707,-85.9191,25.7878,29.7038870399488,63,63,63,63,61,63,0,8047,1.25895569026649,26,-86,0.001869,51,2023-11-28 15:42:37.00167,494,1.037,0.0011,"aoml_navis",1029.38211424996
"7901009",18,0,1,0.026166,1,0.003738,1,111.815226001059,1,4.85723322252057,496,1,9.3430004119873,35.117000579834,0.0261659994721413,0,107.825103759766,-85.9191,25.7878,29.7038870399488,63,63,63,63,61,63,0,8047,1.25895569026649,26,-86,0.001869,51,2023-11-28 15:42:37.00167,496,1.037,0.0011,"aoml_navis",1029.39261323041
"7901009",18,0,1,0.028035,1,0.005607,1,111.964346177204,1,4.8571639587642,498,1,9.2790002822876,35.1100006103516,0.0280349999666214,0,107.968902587891,-85.9191,25.7878,29.7038870399488,63,63,63,63,61,63,0,8047,1.25895569026649,26,-86,0.001869,51,2023-11-28 15:42:37.00167,498,1.037,0.0011,"aoml_navis",1029.40729249587
"7901009",18,0,1,0.029904,1,0.007476,1,111.982179203362,1,4.85710840719503,500,1,9.24499988555908,35.1059989929199,0.0299040004611015,0,107.986099243164,-85.9191,25.7878,29.7038870399488,63,63,63,63,61,63,0,8047,1.25895569026649,26,-86,0.001869,51,2023-11-28 15:42:37.00167,500,1.037,0.0011,"aoml_navis",1029.41906600094
"7901009",18,0,1,0.029904,1,0.007476,1,112.022101763253,1,4.85705288972981,502,1,9.21100044250488,35.1020011901855,0.0299040004611015,0,108.024597167969,-85.9191,25.7878,29.7038870399488,63,63,63,63,61,63,0,8047,1.25895569026649,26,-86,0.001869,51,2023-11-28 15:42:37.00167,502,1.037,0.0011,"aoml_navis",1029.43083254713
"7901009",18,0,1,0.031773,1,0.009345,1,111.985913537145,1,4.85700519055048,504,1,9.19099998474121,35.0989990234375,0.0317730009555817,0,107.989700317383,-85.9191,25.7878,29.7038870399488,63,63,63,63,61,63,0,8047,1.25895569026649,26,-86,0.001869,51,2023-11-28 15:42:37.00167,504,1.037,0.0011,"aoml_navis",1029.44094227606
"7901009",18,0,1,0.029904,1,0.007476,1,112.106306243023,1,4.85693022596599,506,1,9.12399959564209,35.0929985046387,0.0299040004611015,0,108.105796813965,-85.9191,25.7878,29.7038870399488,63,63,63,63,61,63,0,8047,1.25895569026649,26,-86,0.001869,51,2023-11-28 15:42:37.00167,506,1.037,0.0011,"aoml_navis",1029.45683124479
"7901009",18,0,1,0.026166,1,0.003738,1,112.142083059477,1,4.85688014248268,508,1,9.10099983215332,35.0900001525879,0.0261659994721413,0,108.140296936035,-85.9191,25.7878,29.7038870399488,63,63,63,63,61,63,0,8047,1.25895569026649,26,-86,0.001869,51,2023-11-28 15:42:37.00167,508,1.037,0.0011,"aoml_navis",1029.46744686274
"7901009",18,0,1,0.028035,1,0.005607,1,112.178793459377,1,4.85682926702267,510,1,9.07699966430664,35.0870018005371,0.0280349999666214,0,108.17569732666,-85.9191,25.7878,29.7038870399488,63,63,63,63,61,63,0,8047,1.25895569026649,26,-86,0.001869,51,2023-11-28 15:42:37.00167,510,1.037,0.0011,"aoml_navis",1029.47823057101
"7901009",18,0,1,0.031773,1,0.009345,1,112.128190071929,1,4.85678568146738,512,1,9.07100009918213,35.0859985351562,0.0317730009555817,0,108.126899719238,-85.9191,25.7878,29.7038870399488,63,63,63,63,61,63,0,8047,1.25895569026649,26,-86,0.001869,51,2023-11-28 15:42:37.00167,512,1.037,0.0011,"aoml_navis",1029.48746926987
"7901009",18,0,1,0.028035,1,0.005607,1,112.137209437422,1,4.85673926741585,514,1,9.05700016021729,35.0839996337891,0.0280349999666214,0,108.135597229004,-85.9191,25.7878,29.7038870399488,63,63,63,63,61,63,0,8047,1.25895569026649,26,-86,0.001869,51,2023-11-28 15:42:37.00167,514,1.037,0.0011,"aoml_navis",1029.49730769887
"7901009",18,0,1,0.026166,1,0.003738,1,112.244539886784,1,4.85668238620923,516,1,9.02099990844727,35.0800018310547,0.0261659994721413,0,108.239097595215,-85.9191,25.7878,29.7038870399488,63,63,63,63,61,63,0,8047,1.25895569026649,26,-86,0.001869,51,2023-11-28 15:42:37.00167,516,1.037,0.0011,"aoml_navis",1029.50936511676
"7901009",18,0,1,0.028035,1,0.005607,1,112.365454766454,1,4.85662565441751,518,1,8.97599983215332,35.0740013122559,0.0280349999666214,0,108.355697631836,-85.9191,25.7878,29.7038870399488,63,63,63,63,61,63,0,8047,1.25895569026649,26,-86,0.001869,51,2023-11-28 15:42:37.00167,518,1.037,0.0011,"aoml_navis",1029.52139114368
"7901009",18,0,1,0.028035,1,0.005607,1,112.601477320293,1,4.85656291651865,520,1,8.92800045013428,35.0690002441406,0.0280349999666214,0,108.583297729492,-85.9191,25.7878,29.7038870399488,63,63,63,63,61,63,0,8047,1.25895569026649,26,-86,0.001869,51,2023-11-28 15:42:37.00167,520,1.037,0.0011,"aoml_navis",1029.53469067465
"7901009",18,0,1,0.029904,1,0.007476,1,112.826921898988,1,4.85651335518011,522,1,8.90999984741211,35.0670013427734,0.0299040004611015,0,108.80069732666,-85.9191,25.7878,29.7038870399488,63,63,63,63,61,63,0,8047,1.25895569026649,26,-86,0.001869,51,2023-11-28 15:42:37.00167,522,1.037,0.0011,"aoml_navis",1029.54519720755
"7901009",18,0,1,0.029904,1,0.007476,1,113.140099586409,1,4.85646795804655,524,1,8.88799953460693,35.0629997253418,0.0299040004611015,0,109.102699279785,-85.9191,25.7878,29.7038870399488,63,63,63,63,61,63,0,8047,1.25895569026649,26,-86,0.001869,51,2023-11-28 15:42:37.00167,524,1.037,0.0011,"aoml_navis",1029.55482115673
"7901009",18,0,4,0.024297,1,0.001869,1,113.644606498136,1,4.85640153028676,526,1,8.82600021362305,35.0559997558594,0.0242970008403063,0,109.589202880859,-85.9191,25.7878,29.7038870399488,63,63,63,63,61,63,0,8047,1.25895569026649,26,-86,0.001869,51,2023-11-28 15:42:37.00167,526,1.037,0.0011,"aoml_navis",1029.5689038103
"7901009",18,0,1,0.033642,1,0.011214,1,113.964414210366,1,4.85634677026754,528,1,8.78299999237061,35.0499992370605,0.0336420014500618,0,109.897598266602,-85.9191,25.7878,29.7038870399488,63,63,63,63,61,63,0,8047,1.25895569026649,26,-86,0.001869,51,2023-11-28 15:42:37.00167,528,1.037,0.0011,"aoml_navis",1029.5805131981
"7901009",18,0,1,0.029904,1,0.007476,1,114.281531936397,1,4.85627983403629,530,1,8.72000026702881,35.0429992675781,0.0299040004611015,0,110.203399658203,-85.9191,25.7878,29.7038870399488,63,63,63,63,61,63,0,8047,1.25895569026649,26,-86,0.001869,51,2023-11-28 15:42:37.00167,530,1.037,0.0011,"aoml_navis",1029.59470435711
"7901009",18,0,1,0.031773,1,0.009345,1,114.300092841174,1,4.856212281701,532,1,8.6560001373291,35.0359992980957,0.0317730009555817,0,110.221298217773,-85.9191,25.7878,29.7038870399488,63,63,63,63,61,63,0,8047,1.25895569026649,26,-86,0.001869,51,2023-11-28 15:42:37.00167,532,1.037,0.0011,"aoml_navis",1029.60902653305
"7901009",18,0,1,0.031773,1,0.009345,1,114.200436764205,1,4.85615787297786,534,1,8.6269998550415,35.0330009460449,0.0317730009555817,0,110.125198364258,-85.9191,25.7878,29.7038870399488,63,63,63,63,61,63,0,8047,1.25895569026649,26,-86,0.001869,51,2023-11-28 15:42:37.00167,534,1.037,0.0011,"aoml_navis",1029.62056234262
"7901009",18,0,1,0.029904,1,0.007476,1,113.980696538598,1,4.85609904251445,536,1,8.59700012207031,35.0309982299805,0.0299040004611015,0,109.913299560547,-85.9191,25.7878,29.7038870399488,63,63,63,63,61,63,0,8047,1.25895569026649,26,-86,0.001869,51,2023-11-28 15:42:37.00167,536,1.037,0.0011,"aoml_navis",1029.63303594628
"7901009",18,0,1,0.026166,1,0.003738,1,113.841845780356,1,4.85604814276383,538,1,8.59099960327148,35.0320014953613,0.0261659994721413,0,109.779403686523,-85.9191,25.7878,29.7038870399488,63,63,63,63,61,63,0,8047,1.25895569026649,26,-86,0.001869,51,2023-11-28 15:42:37.00167,538,1.037,0.0011,"aoml_navis",1029.64382827437
"7901009",18,0,1,0.029904,1,0.007476,1,113.855319446526,1,4.85600779432607,540,1,8.58899974822998,35.0309982299805,0.0299040004611015,0,109.79239654541,-85.9191,25.7878,29.7038870399488,63,63,63,63,61,63,0,8047,1.25895569026649,26,-86,0.001869,51,2023-11-28 15:42:37.00167,540,1.037,0.0011,"aoml_navis",1029.65238355716
"7901009",18,0,1,0.029904,1,0.007476,1,114.033483561902,1,4.85594398881973,542,1,8.54800033569336,35.0279998779297,0.0299040004611015,0,109.964202880859,-85.9191,25.7878,29.7038870399488,63,63,63,63,61,63,0,8047,1.25895569026649,26,-86,0.001869,51,2023-11-28 15:42:37.00167,542,1.037,0.0011,"aoml_navis",1029.66591285071
"7901009",18,0,1,0.029904,1,0.007476,1,114.07755186523,1,4.85589285198306,544,1,8.52299976348877,35.0250015258789,0.0299040004611015,0,110.006698608398,-85.9191,25.7878,29.7038870399488,63,63,63,63,61,63,0,8047,1.25895569026649,26,-86,0.001869,51,2023-11-28 15:42:37.00167,544,1.037,0.0011,"aoml_navis",1029.67675614137
"7901009",18,0,1,0.029904,1,0.007476,1,114.219622695187,1,4.85584644721065,546,1,8.51799964904785,35.0250015258789,0.0299040004611015,0,110.143699645996,-85.9191,25.7878,29.7038870399488,63,63,63,63,61,63,0,8047,1.25895569026649,26,-86,0.001869,51,2023-11-28 15:42:37.00167,546,1.037,0.0011,"aoml_navis",1029.68659622097
"7901009",18,0,1,0.026166,1,0.003738,1,114.508843681984,1,4.85580584164386,548,1,8.51099967956543,35.0229988098145,0.0261659994721413,0,110.42259979248,-85.9191,25.7878,29.7038870399488,63,63,63,63,61,63,0,8047,1.25895569026649,26,-86,0.001869,51,2023-11-28 15:42:37.00167,548,1.037,0.0011,"aoml_navis",1029.69520673984
"7901009",18,0,1,0.028035,1,0.005607,1,114.907262285035,1,4.8557526156367,550.099975585938,1,8.48600006103516,35.0200004577637,0.0280349999666214,0,110.806800842285,-85.9191,25.7878,29.7038870399488,63,63,63,63,61,63,0,8047,1.25895569026649,26,-86,0.001869,51,2023-11-28 15:42:37.00167,550.099975585938,1.037,0.0011,"aoml_navis",1029.7064936749
"7901009",18,0,1,0.031773,1,0.009345,1,115.313766670132,1,4.85570499679021,552,1,8.45800018310547,35.015998840332,0.0317730009555817,0,111.198799133301,-85.9191,25.7878,29.7038870399488,63,63,63,63,61,63,0,8047,1.25895569026649,26,-86,0.001869,51,2023-11-28 15:42:37.00167,552,1.037,0.0011,"aoml_navis",1029.71659178331
"7901009",18,0,1,0.028035,1,0.005607,1,115.627569383758,1,4.85564876276262,554,1,8.41699981689453,35.0110015869141,0.0280349999666214,0,111.501403808594,-85.9191,25.7878,29.7038870399488,63,63,63,63,61,63,0,8047,1.25895569026649,26,-86,0.001869,51,2023-11-28 15:42:37.00167,554,1.037,0.0011,"aoml_navis",1029.72851709217
"7901009",18,0,1,0.024297,1,0.001869,1,115.62715006238,1,4.8555873715018,556,1,8.37399959564209,35.0069999694824,0.0242970008403063,0,111.500999450684,-85.9191,25.7878,29.7038870399488,63,63,63,63,61,63,0,8047,1.25895569026649,26,-86,0.001869,51,2023-11-28 15:42:37.00167,556,1.037,0.0011,"aoml_navis",1029.74153638873
"7901009",18,0,1,0.029904,1,0.007476,1,115.426595767755,1,4.8555348451101,558,1,8.34700012207031,35.0040016174316,0.0299040004611015,0,111.307601928711,-85.9191,25.7878,29.7038870399488,63,63,63,63,61,63,0,8047,1.25895569026649,26,-86,0.001869,51,2023-11-28 15:42:37.00167,558,1.037,0.0011,"aoml_navis",1029.75267596635
"7901009",18,0,1,0.026166,1,0.003738,1,115.239831608265,1,4.85548300051633,560,1,8.33500003814697,35.0040016174316,0.0261659994721413,0,111.127502441406,-85.9191,25.7878,29.7038870399488,63,63,63,63,61,63,0,8047,1.25895569026649,26,-86,0.001869,51,2023-11-28 15:42:37.00167,560,1.037,0.0011,"aoml_navis",1029.76367118746
"7901009",18,0,1,0.031773,1,0.009345,1,115.336892639724,1,4.8554231670735,562,1,8.30799961090088,35.0029983520508,0.0317730009555817,0,111.221099853516,-85.9191,25.7878,29.7038870399488,63,63,63,63,61,63,0,8047,1.25895569026649,26,-86,0.001869,51,2023-11-28 15:42:37.00167,562,1.037,0.0011,"aoml_navis",1029.77636097857
"7901009",18,0,1,0.029904,1,0.007476,1,115.55476569844,1,4.85536448934266,564,1,8.27299976348877,35,0.0299040004611015,0,111.431198120117,-85.9191,25.7878,29.7038870399488,63,63,63,63,61,63,0,8047,1.25895569026649,26,-86,0.001869,51,2023-11-28 15:42:37.00167,564,1.037,0.0011,"aoml_navis",1029.78880596396
"7901009",18,0,1,0.029904,1,0.007476,1,115.848757454879,1,4.85531770670215,566,1,8.25800037384033,34.9980010986328,0.0299040004611015,0,111.714698791504,-85.9191,25.7878,29.7038870399488,63,63,63,63,61,63,0,8047,1.25895569026649,26,-86,0.001869,51,2023-11-28 15:42:37.00167,566,1.037,0.0011,"aoml_navis",1029.79872833
"7901009",18,0,1,0.031773,1,0.009345,1,116.116719638975,1,4.85527172200147,568,1,8.24400043487549,34.9959983825684,0.0317730009555817,0,111.973098754883,-85.9191,25.7878,29.7038870399488,63,63,63,63,61,63,0,8047,1.25895569026649,26,-86,0.001869,51,2023-11-28 15:42:37.00167,568,1.037,0.0011,"aoml_navis",1029.8084816433
"7901009",18,0,1,0.028035,1,0.005607,1,116.374728874133,1,4.85522223596837,570,1,8.21599960327148,34.992000579834,0.0280349999666214,0,112.221900939941,-85.9191,25.7878,29.7038870399488,63,63,63,63,61,63,0,8047,1.25895569026649,26,-86,0.001869,51,2023-11-28 15:42:37.00167,570,1.037,0.0011,"aoml_navis",1029.81897779242
"7901009",18,0,1,0.029904,1,0.007476,1,116.535669166108,1,4.8551770334069,572,1,8.20300006866455,34.9900016784668,0.0299040004611015,0,112.377098083496,-85.9191,25.7878,29.7038870399488,63,63,63,63,61,63,0,8047,1.25895569026649,26,-86,0.001869,51,2023-11-28 15:42:37.00167,572,1.037,0.0011,"aoml_navis",1029.82856559022
"7901009",18,0,1,0.028035,1,0.005607,1,116.850508315593,1,4.85512374087888,574,1,8.17000007629395,34.9860000610352,0.0280349999666214,0,112.680702209473,-85.9191,25.7878,29.7038870399488,63,63,63,63,61,63,0,8047,1.25895569026649,26,-86,0.001869,51,2023-11-28 15:42:37.00167,574,1.037,0.0011,"aoml_navis",1029.8398695591
"7901009",18,0,1,0.028035,1,0.005607,1,117.183591900891,1,4.85504950765218,576,1,8.10499954223633,34.9809989929199,0.0280349999666214,0,113.001899719238,-85.9191,25.7878,29.7038870399488,63,63,63,63,61,63,0,8047,1.25895569026649,26,-86,0.001869,51,2023-11-28 15:42:37.00167,576,1.037,0.0011,"aoml_navis",1029.85561570883
"7901009",18,0,1,0.031773,1,0.009345,1,117.388086234126,1,4.85499326428322,578,1,8.06799983978271,34.9770011901855,0.0317730009555817,0,113.199096679688,-85.9191,25.7878,29.7038870399488,63,63,63,63,61,63,0,8047,1.25895569026649,26,-86,0.001869,51,2023-11-28 15:42:37.00167,578,1.037,0.0011,"aoml_navis",1029.86754621959
"7901009",18,0,1,0.031773,1,0.009345,1,117.415571563706,1,4.85494123523525,580,1,8.04599952697754,34.9749984741211,0.0317730009555817,0,113.225601196289,-85.9191,25.7878,29.7038870399488,63,63,63,63,61,63,0,8047,1.25895569026649,26,-86,0.001869,51,2023-11-28 15:42:37.00167,580,1.037,0.0011,"aoml_navis",1029.87858302217
"7901009",18,0,1,0.033642,1,0.011214,1,117.423760198167,1,4.85488384650695,582,1,8.01700019836426,34.9729995727539,0.0336420014500618,0,113.233497619629,-85.9191,25.7878,29.7038870399488,63,63,63,63,61,63,0,8047,1.25895569026649,26,-86,0.001869,51,2023-11-28 15:42:37.00167,582,1.037,0.0011,"aoml_navis",1029.89075703582
"7901009",18,0,1,0.029904,1,0.007476,1,117.618720903842,1,4.85482984150504,584,1,8.0019998550415,34.9729995727539,0.0299040004611015,0,113.421501159668,-85.9191,25.7878,29.7038870399488,63,63,63,63,61,63,0,8047,1.25895569026649,26,-86,0.001869,51,2023-11-28 15:42:37.00167,584,1.037,0.0011,"aoml_navis",1029.90221351403
"7901009",18,0,1,0.029904,1,0.007476,1,117.855471336299,1,4.85477187810651,586,1,7.97700023651123,34.9720001220703,0.0299040004611015,0,113.649803161621,-85.9191,25.7878,29.7038870399488,63,63,63,63,61,63,0,8047,1.25895569026649,26,-86,0.001869,51,2023-11-28 15:42:37.00167,586,1.037,0.0011,"aoml_navis",1029.91450999962
"7901009",18,0,1,0.03738,1,0.014952,1,117.994947120746,1,4.85472070427229,588.099975585938,1,7.9539999961853,34.9690017700195,0.0373799987137318,0,113.784301757812,-85.9191,25.7878,29.7038870399488,63,63,63,63,61,63,0,8047,1.25895569026649,26,-86,0.001869,51,2023-11-28 15:42:37.00167,588.099975585938,1.037,0.0011,"aoml_navis",1029.92536637584
"7901009",18,0,1,0.029904,1,0.007476,1,118.000857178661,1,4.85467102894182,590,1,7.93699979782104,34.9679985046387,0.0299040004611015,0,113.790000915527,-85.9191,25.7878,29.7038870399488,63,63,63,63,61,63,0,8047,1.25895569026649,26,-86,0.001869,51,2023-11-28 15:42:37.00167,590,1.037,0.0011,"aoml_navis",1029.93590506788
"7901009",18,0,1,0.028035,1,0.005607,1,118.073447247428,1,4.85461998732682,592,1,7.9210000038147,34.9669990539551,0.0280349999666214,0,113.860000610352,-85.9191,25.7878,29.7038870399488,63,63,63,63,61,63,0,8047,1.25895569026649,26,-86,0.001869,51,2023-11-28 15:42:37.00167,592,1.037,0.0011,"aoml_navis",1029.94673384378
"7901009",18,0,1,0.028035,1,0.005607,1,118.135870750706,1,4.85457428877275,594,1,7.91200017929077,34.9659996032715,0.0280349999666214,0,113.920196533203,-85.9191,25.7878,29.7038870399488,63,63,63,63,61,63,0,8047,1.25895569026649,26,-86,0.001869,51,2023-11-28 15:42:37.00167,594,1.037,0.0011,"aoml_navis",1029.95642925139
"7901009",18,0,1,0.029904,1,0.007476,1,118.23584329664,1,4.85451808998807,596.099975585938,1,7.89200019836426,34.9650001525879,0.0299040004611015,0,114.0166015625,-85.9191,25.7878,29.7038870399488,63,63,63,63,61,63,0,8047,1.25895569026649,26,-86,0.001869,51,2023-11-28 15:42:37.00167,596.099975585938,1.037,0.0011,"aoml_navis",1029.96835263874
"7901009",18,0,1,0.029904,1,0.007476,1,118.231278231825,1,4.85447059985452,598,1,7.8730001449585,34.9630012512207,0.0299040004611015,0,114.012199401855,-85.9191,25.7878,29.7038870399488,63,63,63,63,61,63,0,8047,1.25895569026649,26,-86,0.001869,51,2023-11-28 15:42:37.00167,598,1.037,0.0011,"aoml_navis",1029.97842857465
"7901009",18,0,1,0.028035,1,0.005607,1,118.288416703393,1,4.8543997560412,600,1,7.82600021362305,34.9609985351562,0.0280349999666214,0,114.06729888916,-85.9191,25.7878,29.7038870399488,63,63,63,63,61,63,0,8047,1.25895569026649,26,-86,0.001869,51,2023-11-28 15:42:37.00167,600,1.037,0.0011,"aoml_navis",1029.99345980471
"7901009",18,0,1,0.028035,1,0.005607,1,118.260939285537,1,4.85434877925875,602,1,7.80999994277954,34.9599990844727,0.0280349999666214,0,114.040802001953,-85.9191,25.7878,29.7038870399488,63,63,63,63,61,63,0,8047,1.25895569026649,26,-86,0.001869,51,2023-11-28 15:42:37.00167,602,1.037,0.0011,"aoml_navis",1030.00427603463
"7901009",18,0,1,0.031773,1,0.009345,1,118.306566198516,1,4.8542894853387,604,1,7.78299999237061,34.9589996337891,0.0317730009555817,0,114.084800720215,-85.9191,25.7878,29.7038870399488,63,63,63,63,61,63,0,8047,1.25895569026649,26,-86,0.001869,51,2023-11-28 15:42:37.00167,604,1.037,0.0011,"aoml_navis",1030.01685727672
"7901009",18,0,1,0.028035,1,0.005607,1,118.442624118145,1,4.85423929018402,606,1,7.76800012588501,34.9580001831055,0.0280349999666214,0,114.216003417969,-85.9191,25.7878,29.7038870399488,63,63,63,63,61,63,0,8047,1.25895569026649,26,-86,0.001869,51,2023-11-28 15:42:37.00167,606,1.037,0.0011,"aoml_navis",1030.02750814339
"7901009",18,0,1,0.028035,1,0.005607,1,118.575564818472,1,4.85419505258429,608,1,7.75600004196167,34.9560012817383,0.0280349999666214,0,114.344200134277,-85.9191,25.7878,29.7038870399488,63,63,63,63,61,63,0,8047,1.25895569026649,26,-86,0.001869,51,2023-11-28 15:42:37.00167,608,1.037,0.0011,"aoml_navis",1030.03689506422
"7901009",18,0,1,0.028035,1,0.005607,1,118.873393761107,1,4.85413573809677,610,1,7.72399997711182,34.9539985656738,0.0280349999666214,0,114.631401062012,-85.9191,25.7878,29.7038870399488,63,63,63,63,61,63,0,8047,1.25895569026649,26,-86,0.001869,51,2023-11-28 15:42:37.00167,610,1.037,0.0011,"aoml_navis",1030.04948146762
"7901009",18,0,1,0.028035,1,0.005607,1,119.215916033276,1,4.85407042944954,612,1,7.68400001525879,34.9519996643066,0.0280349999666214,0,114.961700439453,-85.9191,25.7878,29.7038870399488,63,63,63,63,61,63,0,8047,1.25895569026649,26,-86,0.001869,51,2023-11-28 15:42:37.00167,612,1.037,0.0011,"aoml_navis",1030.06334017428
"7901009",18,0,1,0.029904,1,0.007476,1,119.400085147256,1,4.85401570298622,614,1,7.65799999237061,34.9500007629395,0.0299040004611015,0,115.139297485352,-85.9191,25.7878,29.7038870399488,63,63,63,63,61,63,0,8047,1.25895569026649,26,-86,0.001869,51,2023-11-28 15:42:37.00167,614,1.037,0.0011,"aoml_navis",1030.0749535944
"7901009",18,0,1,0.029904,1,0.007476,1,119.562275491641,1,4.85396857994608,616,1,7.64699983596802,34.9490013122559,0.0299040004611015,0,115.295700073242,-85.9191,25.7878,29.7038870399488,63,63,63,63,61,63,0,8047,1.25895569026649,26,-86,0.001869,51,2023-11-28 15:42:37.00167,616,1.037,0.0011,"aoml_navis",1030.08495371339
"7901009",18,0,1,0.031773,1,0.009345,1,119.73669736151,1,4.85391770872482,618,1,7.63100004196167,34.9480018615723,0.0317730009555817,0,115.463897705078,-85.9191,25.7878,29.7038870399488,63,63,63,63,61,63,0,8047,1.25895569026649,26,-86,0.001869,51,2023-11-28 15:42:37.00167,618,1.037,0.0011,"aoml_navis",1030.09574946287
"7901009",18,0,1,0.028035,1,0.005607,1,119.90739280932,1,4.85387061033521,620,1,7.61999988555908,34.9469985961914,0.0280349999666214,0,115.62850189209,-85.9191,25.7878,29.7038870399488,63,63,63,63,61,63,0,8047,1.25895569026649,26,-86,0.001869,51,2023-11-28 15:42:37.00167,620,1.037,0.0011,"aoml_navis",1030.10574475422
"7901009",18,0,1,0.029904,1,0.007476,1,120.005284571811,1,4.85381975457384,622,1,7.60400009155273,34.9459991455078,0.0299040004611015,0,115.722900390625,-85.9191,25.7878,29.7038870399488,63,63,63,63,61,63,0,8047,1.25895569026649,26,-86,0.001869,51,2023-11-28 15:42:37.00167,622,1.037,0.0011,"aoml_navis",1030.11653765849
"7901009",18,0,1,0.029904,1,0.007476,1,120.111475732901,1,4.85377190368609,624,1,7.59200000762939,34.9449996948242,0.0299040004611015,0,115.825302124023,-85.9191,25.7878,29.7038870399488,63,63,63,63,61,63,0,8047,1.25895569026649,26,-86,0.001869,51,2023-11-28 15:42:37.00167,624,1.037,0.0011,"aoml_navis",1030.12669305759
"7901009",18,0,1,0.029904,1,0.007476,1,120.205008135404,1,4.853721123343,626,1,7.58099985122681,34.9449996948242,0.0299040004611015,0,115.915496826172,-85.9191,25.7878,29.7038870399488,63,63,63,63,61,63,0,8047,1.25895569026649,26,-86,0.001869,51,2023-11-28 15:42:37.00167,626,1.037,0.0011,"aoml_navis",1030.13747039431
"7901009",18,0,1,0.028035,1,0.005607,1,120.254163677339,1,4.85367627605616,628,1,7.57299995422363,34.9440002441406,0.0280349999666214,0,115.962898254395,-85.9191,25.7878,29.7038870399488,63,63,63,63,61,63,0,8047,1.25895569026649,26,-86,0.001869,51,2023-11-28 15:42:37.00167,628,1.037,0.0011,"aoml_navis",1030.1469887198
"7901009",18,0,1,0.028035,1,0.005607,1,120.351952587417,1,4.8536336762576,630,1,7.56799983978271,34.943000793457,0.0280349999666214,0,116.057197570801,-85.9191,25.7878,29.7038870399488,63,63,63,63,61,63,0,8047,1.25895569026649,26,-86,0.001869,51,2023-11-28 15:42:37.00167,630,1.037,0.0011,"aoml_navis",1030.15603020442
"7901009",18,0,1,0.029904,1,0.007476,1,120.5251323166,1,4.85358215831727,632,1,7.55600023269653,34.943000793457,0.0299040004611015,0,116.224197387695,-85.9191,25.7878,29.7038870399488,63,63,63,63,61,63,0,8047,1.25895569026649,26,-86,0.001869,51,2023-11-28 15:42:37.00167,632,1.037,0.0011,"aoml_navis",1030.16696470911
"7901009",18,0,1,0.024297,1,0.001869,1,120.738139664984,1,4.85353801134643,634,1,7.54400014877319,34.9410018920898,0.0242970008403063,0,116.42960357666,-85.9191,25.7878,29.7038870399488,63,63,63,63,61,63,0,8047,1.25895569026649,26,-86,0.001869,51,2023-11-28 15:42:37.00167,634,1.037,0.0011,"aoml_navis",1030.1763349357
"7901009",18,0,1,0.028035,1,0.005607,1,120.974573628477,1,4.85348422476023,636,1,7.52400016784668,34.939998626709,0.0280349999666214,0,116.657600402832,-85.9191,25.7878,29.7038870399488,63,63,63,63,61,63,0,8047,1.25895569026649,26,-86,0.001869,51,2023-11-28 15:42:37.00167,636,1.037,0.0011,"aoml_navis",1030.18775140801
"7901009",18,0,1,0.029904,1,0.007476,1,121.27022684698,1,4.85342442879453,638,1,7.49100017547607,34.9379997253418,0.0299040004611015,0,116.94270324707,-85.9191,25.7878,29.7038870399488,63,63,63,63,61,63,0,8047,1.25895569026649,26,-86,0.001869,51,2023-11-28 15:42:37.00167,638,1.037,0.0011,"aoml_navis",1030.20044369824
"7901009",18,0,1,0.024297,1,0.001869,1,121.477933340206,1,4.85337215753101,640,1,7.47300004959106,34.9370002746582,0.0242970008403063,0,117.142997741699,-85.9191,25.7878,29.7038870399488,63,63,63,63,61,63,0,8047,1.25895569026649,26,-86,0.001869,51,2023-11-28 15:42:37.00167,640,1.037,0.0011,"aoml_navis",1030.21153905156
"7901009",18,0,1,0.026166,1,0.003738,1,121.765081455285,1,4.85331692309452,642,1,7.45100021362305,34.9360008239746,0.0261659994721413,0,117.419898986816,-85.9191,25.7878,29.7038870399488,63,63,63,63,61,63,0,8047,1.25895569026649,26,-86,0.001869,51,2023-11-28 15:42:37.00167,642,1.037,0.0011,"aoml_navis",1030.22326364213
"7901009",18,0,1,0.028035,1,0.005607,1,122.05866180207,1,4.85326467841768,644,1,7.43300008773804,34.935001373291,0.0280349999666214,0,117.703002929688,-85.9191,25.7878,29.7038870399488,63,63,63,63,61,63,0,8047,1.25895569026649,26,-86,0.001869,51,2023-11-28 15:42:37.00167,644,1.037,0.0011,"aoml_navis",1030.23435384327
"7901009",18,0,1,0.029904,1,0.007476,1,122.320816780665,1,4.85321391675224,646,1,7.41200017929077,34.9329986572266,0.0299040004611015,0,117.95580291748,-85.9191,25.7878,29.7038870399488,63,63,63,63,61,63,0,8047,1.25895569026649,26,-86,0.001869,51,2023-11-28 15:42:37.00167,646,1.037,0.0011,"aoml_navis",1030.24512946794
"7901009",18,0,1,0.028035,1,0.005607,1,122.53349974836,1,4.85315947371733,648,1,7.39099979400635,34.931999206543,0.0280349999666214,0,118.16089630127,-85.9191,25.7878,29.7038870399488,63,63,63,63,61,63,0,8047,1.25895569026649,26,-86,0.001869,51,2023-11-28 15:42:37.00167,648,1.037,0.0011,"aoml_navis",1030.25668681977
"7901009",18,0,1,0.029904,1,0.007476,1,122.815671388969,1,4.85311178847684,650.099975585938,1,7.3769998550415,34.9300003051758,0.0299040004611015,0,118.432998657227,-85.9191,25.7878,29.7038870399488,63,63,63,63,61,63,0,8047,1.25895569026649,26,-86,0.001869,51,2023-11-28 15:42:37.00167,650.099975585938,1.037,0.0011,"aoml_navis",1030.26680981714
"7901009",18,0,1,0.031773,1,0.009345,1,123.184428938308,1,4.85305358240475,652,1,7.34800004959106,34.9290008544922,0.0317730009555817,0,118.788597106934,-85.9191,25.7878,29.7038870399488,63,63,63,63,61,63,0,8047,1.25895569026649,26,-86,0.001869,51,2023-11-28 15:42:37.00167,652,1.037,0.0011,"aoml_navis",1030.27916652889
"7901009",18,0,1,0.028035,1,0.005607,1,123.427405897645,1,4.8529947660011,654,1,7.31599998474121,34.9269981384277,0.0280349999666214,0,119.022903442383,-85.9191,25.7878,29.7038870399488,63,63,63,63,61,63,0,8047,1.25895569026649,26,-86,0.001869,51,2023-11-28 15:42:37.00167,654,1.037,0.0011,"aoml_navis",1030.29165311053
"7901009",18,0,1,0.031773,1,0.009345,1,123.599857748209,1,4.85294408701911,656,1,7.30000019073486,34.9259986877441,0.0317730009555817,0,119.18920135498,-85.9191,25.7878,29.7038870399488,63,63,63,63,61,63,0,8047,1.25895569026649,26,-86,0.001869,51,2023-11-28 15:42:37.00167,656,1.037,0.0011,"aoml_navis",1030.30241237978
"7901009",18,0,1,0.026166,1,0.003738,1,123.716207563064,1,4.85288899641623,658,1,7.27799987792969,34.9249992370605,0.0261659994721413,0,119.301399230957,-85.9191,25.7878,29.7038870399488,63,63,63,63,61,63,0,8047,1.25895569026649,26,-86,0.001869,51,2023-11-28 15:42:37.00167,658,1.037,0.0011,"aoml_navis",1030.31410850164
"7901009",18,0,1,0.033642,1,0.011214,1,123.772103893945,1,4.85284201764863,660,1,7.27199983596802,34.9249992370605,0.0336420014500618,0,119.35530090332,-85.9191,25.7878,29.7038870399488,63,63,63,63,61,63,0,8047,1.25895569026649,26,-86,0.001869,51,2023-11-28 15:42:37.00167,660,1.037,0.0011,"aoml_navis",1030.32408263368
"7901009",18,0,1,0.028035,1,0.005607,1,123.856308373716,1,4.85279872497122,662,1,7.26599979400635,34.923999786377,0.0280349999666214,0,119.436500549316,-85.9191,25.7878,29.7038870399488,63,63,63,63,61,63,0,8047,1.25895569026649,26,-86,0.001869,51,2023-11-28 15:42:37.00167,662,1.037,0.0011,"aoml_navis",1030.33327433741
"7901009",18,0,1,0.031773,1,0.009345,1,123.949848687943,1,4.85274439032112,664,1,7.25,34.923999786377,0.0317730009555817,0,119.526702880859,-85.9191,25.7878,29.7038870399488,63,63,63,63,61,63,0,8047,1.25895569026649,26,-86,0.001869,51,2023-11-28 15:42:37.00167,664,1.037,0.0011,"aoml_navis",1030.34481065448
"7901009",18,0,1,0.029904,1,0.007476,1,124.15517375221,1,4.85269227845384,666,1,7.23199987411499,34.9230003356934,0.0299040004611015,0,119.724700927734,-85.9191,25.7878,29.7038870399488,63,63,63,63,61,63,0,8047,1.25895569026649,26,-86,0.001869,51,2023-11-28 15:42:37.00167,666,1.037,0.0011,"aoml_navis",1030.35587527365
"7901009",18,0,1,0.029904,1,0.007476,1,124.419813012178,1,4.85263210380963,668,1,7.20300006866455,34.9220008850098,0.0299040004611015,0,119.97989654541,-85.9191,25.7878,29.7038870399488,63,63,63,63,61,63,0,8047,1.25895569026649,26,-86,0.001869,51,2023-11-28 15:42:37.00167,668,1.037,0.0011,"aoml_navis",1030.36865211246
"7901009",18,0,1,0.031773,1,0.009345,1,124.54021362978,1,4.8525756061691,670,1,7.18400001525879,34.9220008850098,0.0317730009555817,0,120.096000671387,-85.9191,25.7878,29.7038870399488,63,63,63,63,61,63,0,8047,1.25895569026649,26,-86,0.001869,51,2023-11-28 15:42:37.00167,670,1.037,0.0011,"aoml_navis",1030.38064850416
"7901009",18,0,1,0.029904,1,0.007476,1,124.63592966814,1,4.85252866603223,672,1,7.1729998588562,34.9210014343262,0.0299040004611015,0,120.188301086426,-85.9191,25.7878,29.7038870399488,63,63,63,63,61,63,0,8047,1.25895569026649,26,-86,0.001869,51,2023-11-28 15:42:37.00167,672,1.037,0.0011,"aoml_navis",1030.39061572167
"7901009",18,0,1,0.028035,1,0.005607,1,124.748133739558,1,4.85248170839388,674,1,7.16699981689453,34.9210014343262,0.0280349999666214,0,120.296501159668,-85.9191,25.7878,29.7038870399488,63,63,63,63,61,63,0,8047,1.25895569026649,26,-86,0.001869,51,2023-11-28 15:42:37.00167,674,1.037,0.0011,"aoml_navis",1030.40058684836
"7901009",18,0,1,0.029904,1,0.007476,1,124.983119857537,1,4.85243918381614,676,1,7.16200017929077,34.9199981689453,0.0299040004611015,0,120.523101806641,-85.9191,25.7878,29.7038870399488,63,63,63,63,61,63,0,8047,1.25895569026649,26,-86,0.001869,51,2023-11-28 15:42:37.00167,676,1.037,0.0011,"aoml_navis",1030.4096168121
"7901009",18,0,1,0.031773,1,0.009345,1,125.355714593072,1,4.85238712889812,678,1,7.14400005340576,34.9189987182617,0.0317730009555817,0,120.882400512695,-85.9191,25.7878,29.7038870399488,63,63,63,63,61,63,0,8047,1.25895569026649,26,-86,0.001869,51,2023-11-28 15:42:37.00167,678,1.037,0.0011,"aoml_navis",1030.42067072983
"7901009",18,0,1,0.031773,1,0.009345,1,125.681123805977,1,4.85232704663036,680,1,7.11499977111816,34.9179992675781,0.0317730009555817,0,121.196197509766,-85.9191,25.7878,29.7038870399488,63,63,63,63,61,63,0,8047,1.25895569026649,26,-86,0.001869,51,2023-11-28 15:42:37.00167,680,1.037,0.0011,"aoml_navis",1030.43342955875
"7901009",18,0,1,0.029904,1,0.007476,1,125.881994569567,1,4.85227648329327,682,1,7.09899997711182,34.9169998168945,0.0299040004611015,0,121.38990020752,-85.9191,25.7878,29.7038870399488,63,63,63,63,61,63,0,8047,1.25895569026649,26,-86,0.001869,51,2023-11-28 15:42:37.00167,682,1.037,0.0011,"aoml_navis",1030.44416723065
"7901009",18,0,4,0.024297,1,0.001869,1,126.0934433083,1,4.85222224478967,684,1,7.08300018310547,34.9169998168945,0.0242970008403063,0,121.593803405762,-85.9191,25.7878,29.7038870399488,63,63,63,63,61,63,0,8047,1.25895569026649,26,-86,0.001869,51,2023-11-28 15:42:37.00167,684,1.037,0.0011,"aoml_navis",1030.45568561271
"7901009",18,0,1,0.029904,1,0.007476,1,126.333611605576,1,4.85217534389281,686,1,7.07200002670288,34.9160003662109,0.0299040004611015,0,121.825401306152,-85.9191,25.7878,29.7038870399488,63,63,63,63,61,63,0,8047,1.25895569026649,26,-86,0.001869,51,2023-11-28 15:42:37.00167,686,1.037,0.0011,"aoml_navis",1030.46564594852
"7901009",18,0,1,0.028035,1,0.005607,1,126.591510076596,1,4.85212334827004,688,1,7.05399990081787,34.9150009155273,0.0280349999666214,0,122.074096679688,-85.9191,25.7878,29.7038870399488,63,63,63,63,61,63,0,8047,1.25895569026649,26,-86,0.001869,51,2023-11-28 15:42:37.00167,688,1.037,0.0011,"aoml_navis",1030.47668847551
"7901009",18,0,1,0.029904,1,0.007476,1,126.770291306453,1,4.85208082695992,690,1,7.04899978637695,34.9140014648438,0.0299040004611015,0,122.24649810791,-85.9191,25.7878,29.7038870399488,63,63,63,63,61,63,0,8047,1.25895569026649,26,-86,0.001869,51,2023-11-28 15:42:37.00167,690,1.037,0.0011,"aoml_navis",1030.48571907916
"7901009",18,0,1,0.029904,1,0.007476,1,127.063040922206,1,4.85202879964858,692,1,7.03599977493286,34.9140014648438,0.0299040004611015,0,122.528800964355,-85.9191,25.7878,29.7038870399488,63,63,63,63,61,63,0,8047,1.25895569026649,26,-86,0.001869,51,2023-11-28 15:42:37.00167,692,1.037,0.0011,"aoml_navis",1030.49676876653
"7901009",18,0,1,0.035511,1,0.013083,1,127.417589015031,1,4.8520410603549,694,1,7.01000022888184,34.8940010070801,0.0355109982192516,0,122.870697021484,-85.9191,25.7878,29.7038870399488,63,63,63,63,61,63,0,8047,1.25895569026649,26,-86,0.001869,51,2023-11-28 15:42:37.00167,694,1.037,0.0011,"aoml_navis",1030.49416478645
"7901009",18,0,1,0.029904,1,0.007476,1,127.726518106602,1,4.85191181424387,696,1,6.98199987411499,34.9119987487793,0.0299040004611015,0,123.168601989746,-85.9191,25.7878,29.7038870399488,63,63,63,63,61,63,0,8047,1.25895569026649,26,-86,0.001869,51,2023-11-28 15:42:37.00167,696,1.037,0.0011,"aoml_navis",1030.52161527779
"7901009",18,0,1,0.028035,1,0.005607,1,128.042385780223,1,4.85185915325684,698,1,6.96299982070923,34.9109992980957,0.0280349999666214,0,123.473197937012,-85.9191,25.7878,29.7038870399488,63,63,63,63,61,63,0,8047,1.25895569026649,26,-86,0.001869,51,2023-11-28 15:42:37.00167,698,1.037,0.0011,"aoml_navis",1030.53280032742
"7901009",18,0,1,0.029904,1,0.007476,1,128.464761083898,1,4.85180143940858,700,1,6.93699979782104,34.9099998474121,0.0299040004611015,0,123.880500793457,-85.9191,25.7878,29.7038870399488,63,63,63,63,61,63,0,8047,1.25895569026649,26,-86,0.001869,51,2023-11-28 15:42:37.00167,700,1.037,0.0011,"aoml_navis",1030.54505886982
"7901009",18,0,1,0.028035,1,0.005607,1,128.836319383573,1,4.8517401405046,702,1,6.9060001373291,34.9090003967285,0.0280349999666214,0,124.238800048828,-85.9191,25.7878,29.7038870399488,63,63,63,63,61,63,0,8047,1.25895569026649,26,-86,0.001869,51,2023-11-28 15:42:37.00167,702,1.037,0.0011,"aoml_navis",1030.55807920495
"7901009",18,0,1,0.026166,1,0.003738,1,129.227475023885,1,4.85168392721359,704,1,6.88199996948242,34.9080009460449,0.0261659994721413,0,124.615997314453,-85.9191,25.7878,29.7038870399488,63,63,63,63,61,63,0,8047,1.25895569026649,26,-86,0.001869,51,2023-11-28 15:42:37.00167,704,1.037,0.0011,"aoml_navis",1030.57001960793
"7901009",18,0,1,0.028035,1,0.005607,1,129.661361886149,1,4.85162269590981,706,1,6.85099983215332,34.9070014953613,0.0280349999666214,0,125.034400939941,-85.9191,25.7878,29.7038870399488,63,63,63,63,61,63,0,8047,1.25895569026649,26,-86,0.001869,51,2023-11-28 15:42:37.00167,706,1.037,0.0011,"aoml_navis",1030.58302621415
"7901009",18,0,1,0.031773,1,0.009345,1,130.005648472796,1,4.85156141114354,708,1,6.82499980926514,34.9070014953613,0.0317730009555817,0,125.366401672363,-85.9191,25.7878,29.7038870399488,63,63,63,63,61,63,0,8047,1.25895569026649,26,-86,0.001869,51,2023-11-28 15:42:37.00167,708,1.037,0.0011,"aoml_navis",1030.59604450549
"7901009",18,0,1,0.029904,1,0.007476,1,130.263863412781,1,4.85150959521942,710,1,6.80700016021729,34.9059982299805,0.0299040004611015,0,125.61540222168,-85.9191,25.7878,29.7038870399488,63,63,63,63,61,63,0,8047,1.25895569026649,26,-86,0.001869,51,2023-11-28 15:42:37.00167,710,1.037,0.0011,"aoml_navis",1030.60705165396
"7901009",18,0,1,0.028035,1,0.005607,1,130.519277602429,1,4.85145122212495,712,1,6.78499984741211,34.9059982299805,0.0280349999666214,0,125.861701965332,-85.9191,25.7878,29.7038870399488,63,63,63,63,61,63,0,8047,1.25895569026649,26,-86,0.001869,51,2023-11-28 15:42:37.00167,712,1.037,0.0011,"aoml_navis",1030.61945201007
"7901009",18,0,1,0.026166,1,0.003738,1,130.780396145164,1,4.8514058684794,714,1,6.77600002288818,34.9049987792969,0.0261659994721413,0,126.113502502441,-85.9191,25.7878,29.7038870399488,63,63,63,63,61,63,0,8047,1.25895569026649,26,-86,0.001869,51,2023-11-28 15:42:37.00167,714,1.037,0.0011,"aoml_navis",1030.62908681503
"7901009",18,0,1,0.028035,1,0.005607,1,131.194677755068,1,4.85134608836713,716,1,6.7519998550415,34.9049987792969,0.0280349999666214,0,126.513000488281,-85.9191,25.7878,29.7038870399488,63,63,63,63,61,63,0,8047,1.25895569026649,26,-86,0.001869,51,2023-11-28 15:42:37.00167,716,1.037,0.0011,"aoml_navis",1030.64178661451
"7901009",18,0,1,0.031773,1,0.009345,1,131.55669451546,1,4.85128644246826,718,1,6.72300004959106,34.9039993286133,0.0317730009555817,0,126.862098693848,-85.9191,25.7878,29.7038870399488,63,63,63,63,61,63,0,8047,1.25895569026649,26,-86,0.001869,51,2023-11-28 15:42:37.00167,718,1.037,0.0011,"aoml_navis",1030.65445821337
"7901009",18,0,1,0.028035,1,0.005607,1,131.927532848241,1,4.85123527856333,720,1,6.71099996566772,34.9039993286133,0.0280349999666214,0,127.219703674316,-85.9191,25.7878,29.7038870399488,63,63,63,63,61,63,0,8047,1.25895569026649,26,-86,0.001869,51,2023-11-28 15:42:37.00167,720,1.037,0.0011,"aoml_navis",1030.66532808541
"7901009",18,0,1,0.031773,1,0.009345,1,132.363073260845,1,4.85116344012101,722,1,6.67000007629395,34.9039993286133,0.0317730009555817,0,127.639701843262,-85.9191,25.7878,29.7038870399488,63,63,63,63,61,63,0,8047,1.25895569026649,26,-86,0.001869,51,2023-11-28 15:42:37.00167,722,1.037,0.0011,"aoml_navis",1030.68059069048
"7901009",18,0,1,0.029904,1,0.007476,1,132.520484923864,1,4.85110660409456,724,1,6.65000009536743,34.9039993286133,0.0299040004611015,0,127.791496276855,-85.9191,25.7878,29.7038870399488,63,63,63,63,61,63,0,8047,1.25895569026649,26,-86,0.001869,51,2023-11-28 15:42:37.00167,724,1.037,0.0011,"aoml_navis",1030.69266624233
"7901009",18,0,1,0.028035,1,0.005607,1,132.648662766273,1,4.85105689288234,726,1,6.6399998664856,34.9039993286133,0.0280349999666214,0,127.915100097656,-85.9191,25.7878,29.7038870399488,63,63,63,63,61,63,0,8047,1.25895569026649,26,-86,0.001869,51,2023-11-28 15:42:37.00167,726,1.037,0.0011,"aoml_navis",1030.70322826685
"7901009",18,0,1,0.028035,1,0.005607,1,132.763256178374,1,4.85100931866526,728,1,6.63299989700317,34.9039993286133,0.0280349999666214,0,128.025604248047,-85.9191,25.7878,29.7038870399488,63,63,63,63,61,63,0,8047,1.25895569026649,26,-86,0.001869,51,2023-11-28 15:42:37.00167,728,1.037,0.0011,"aoml_navis",1030.71333645175
"7901009",18,0,1,0.031773,1,0.009345,1,132.798605761726,1,4.85096614363013,730,1,6.6269998550415,34.9029998779297,0.0317730009555817,0,128.059692382812,-85.9191,25.7878,29.7038870399488,63,63,63,63,61,63,0,8047,1.25895569026649,26,-86,0.001869,51,2023-11-28 15:42:37.00167,730,1.037,0.0011,"aoml_navis",1030.72251010566
"7901009",18,0,1,0.026166,1,0.003738,1,132.936744464797,1,4.85091999582069,732,1,6.62200021743774,34.9029998779297,0.0261659994721413,0,128.192901611328,-85.9191,25.7878,29.7038870399488,63,63,63,63,61,63,0,8047,1.25895569026649,26,-86,0.001869,51,2023-11-28 15:42:37.00167,732,1.037,0.0011,"aoml_navis",1030.73231558297
"7901009",18,0,1,0.029904,1,0.007476,1,133.07352235132,1,4.85087171695014,734,1,6.61399984359741,34.9029998779297,0.0299040004611015,0,128.324798583984,-85.9191,25.7878,29.7038870399488,63,63,63,63,61,63,0,8047,1.25895569026649,26,-86,0.001869,51,2023-11-28 15:42:37.00167,734,1.037,0.0011,"aoml_navis",1030.74257406741
"7901009",18,0,1,0.033642,1,0.011214,1,133.297835553467,1,4.85082344108794,736,1,6.60599994659424,34.9029998779297,0.0336420014500618,0,128.541107177734,-85.9191,25.7878,29.7038870399488,63,63,63,63,61,63,0,8047,1.25895569026649,26,-86,0.001869,51,2023-11-28 15:42:37.00167,736,1.037,0.0011,"aoml_navis",1030.75283211681
"7901009",18,0,1,0.029904,1,0.007476,1,133.487400463294,1,4.85076877716881,738,1,6.58900022506714,34.9029998779297,0.0299040004611015,0,128.723907470703,-85.9191,25.7878,29.7038870399488,63,63,63,63,61,63,0,8047,1.25895569026649,26,-86,0.001869,51,2023-11-28 15:42:37.00167,738,1.037,0.0011,"aoml_navis",1030.7644477992
"7901009",18,0,1,0.031773,1,0.009345,1,133.681617466902,1,4.85071696071617,740,1,6.57600021362305,34.9029998779297,0.0317730009555817,0,128.911193847656,-85.9191,25.7878,29.7038870399488,63,63,63,63,61,63,0,8047,1.25895569026649,26,-86,0.001869,51,2023-11-28 15:42:37.00167,740,1.037,0.0011,"aoml_navis",1030.77545865752
"7901009",18,0,1,0.028035,1,0.005607,1,133.897006244245,1,4.85066444101124,742,1,6.56199979782104,34.9029998779297,0.0280349999666214,0,129.118896484375,-85.9191,25.7878,29.7038870399488,63,63,63,63,61,63,0,8047,1.25895569026649,26,-86,0.001869,51,2023-11-28 15:42:37.00167,742,1.037,0.0011,"aoml_navis",1030.78661919513
"7901009",18,0,1,0.028035,1,0.005607,1,134.108565747116,1,4.85061476273492,744,1,6.55200004577637,34.9029998779297,0.0280349999666214,0,129.322906494141,-85.9191,25.7878,29.7038870399488,63,63,63,63,61,63,0,8047,1.25895569026649,26,-86,0.001869,51,2023-11-28 15:42:37.00167,744,1.037,0.0011,"aoml_navis",1030.79717614615
"7901009",18,0,1,0.026166,1,0.003738,1,134.371440692606,1,4.85056452467514,746,1,6.53599977493286,34.9020004272461,0.0261659994721413,0,129.576400756836,-85.9191,25.7878,29.7038870399488,63,63,63,63,61,63,0,8047,1.25895569026649,26,-86,0.001869,51,2023-11-28 15:42:37.00167,746,1.037,0.0011,"aoml_navis",1030.80785227465
"7901009",18,0,1,0.029904,1,0.007476,1,134.592114501659,1,4.8505048026602,748,1,6.51700019836426,34.9029998779297,0.0299040004611015,0,129.789199829102,-85.9191,25.7878,29.7038870399488,63,63,63,63,61,63,0,8047,1.25895569026649,26,-86,0.001869,51,2023-11-28 15:42:37.00167,748,1.037,0.0011,"aoml_navis",1030.82054413343
"7901009",18,0,1,0.031773,1,0.009345,1,134.716660862698,1,4.85046165379462,750,1,6.51100015640259,34.9020004272461,0.0317730009555817,0,129.909301757812,-85.9191,25.7878,29.7038870399488,63,63,63,63,61,63,0,8047,1.25895569026649,26,-86,0.001869,51,2023-11-28 15:42:37.00167,750,1.037,0.0011,"aoml_navis",1030.8297141342
"7901009",18,0,1,0.028035,1,0.005607,1,134.842757921664,1,4.85040972116647,752,1,6.50299978256226,34.9029998779297,0.0280349999666214,0,130.030899047852,-85.9191,25.7878,29.7038870399488,63,63,63,63,61,63,0,8047,1.25895569026649,26,-86,0.001869,51,2023-11-28 15:42:37.00167,752,1.037,0.0011,"aoml_navis",1030.84075107732
"7901009",18,0,1,0.033642,1,0.011214,1,135.018952017735,1,4.85036799043686,754,1,6.49900007247925,34.9020004272461,0.0336420014500618,0,130.200805664062,-85.9191,25.7878,29.7038870399488,63,63,63,63,61,63,0,8047,1.25895569026649,26,-86,0.001869,51,2023-11-28 15:42:37.00167,754,1.037,0.0011,"aoml_navis",1030.84962004082
"7901009",18,0,1,0.024297,1,0.001869,1,135.269484673603,1,4.85032045507294,756,1,6.49200010299683,34.9020004272461,0.0242970008403063,0,130.442398071289,-85.9191,25.7878,29.7038870399488,63,63,63,63,61,63,0,8047,1.25895569026649,26,-86,0.001869,51,2023-11-28 15:42:37.00167,756,1.037,0.0011,"aoml_navis",1030.85972283965
"7901009",18,0,1,0.028035,1,0.005607,1,135.639595127766,1,4.85026515222339,758,1,6.47399997711182,34.9020004272461,0.0280349999666214,0,130.799301147461,-85.9191,25.7878,29.7038870399488,63,63,63,63,61,63,0,8047,1.25895569026649,26,-86,0.001869,51,2023-11-28 15:42:37.00167,758,1.037,0.0011,"aoml_navis",1030.87147672905
"7901009",18,0,1,0.029904,1,0.007476,1,135.99517965645,1,4.85020492485903,760,1,6.44899988174438,34.9020004272461,0.0299040004611015,0,131.142196655273,-85.9191,25.7878,29.7038870399488,63,63,63,63,61,63,0,8047,1.25895569026649,26,-86,0.001869,51,2023-11-28 15:42:37.00167,760,1.037,0.0011,"aoml_navis",1030.88427756387
"7901009",18,0,1,0.028035,1,0.005607,1,136.347552025144,1,4.85015404084566,762,1,6.43200016021729,34.9010009765625,0.0280349999666214,0,131.481994628906,-85.9191,25.7878,29.7038870399488,63,63,63,63,61,63,0,8047,1.25895569026649,26,-86,0.001869,51,2023-11-28 15:42:37.00167,762,1.037,0.0011,"aoml_navis",1030.89509279343
"7901009",18,0,1,0.029904,1,0.007476,1,136.802808454246,1,4.85009087060566,764,1,6.40799999237061,34.9020004272461,0.0299040004611015,0,131.921005249023,-85.9191,25.7878,29.7038870399488,63,63,63,63,61,63,0,8047,1.25895569026649,26,-86,0.001869,51,2023-11-28 15:42:37.00167,764,1.037,0.0011,"aoml_navis",1030.90851973576
"7901009",18,0,1,0.029904,1,0.007476,1,137.130179774732,1,4.85003351561063,766,1,6.38700008392334,34.9020004272461,0.0299040004611015,0,132.236694335938,-85.9191,25.7878,29.7038870399488,63,63,63,63,61,63,0,8047,1.25895569026649,26,-86,0.001869,51,2023-11-28 15:42:37.00167,766,1.037,0.0011,"aoml_navis",1030.9207109408
"7901009",18,0,1,0.031773,1,0.009345,1,137.356565848597,1,4.8499810897698,768,1,6.3730001449585,34.9020004272461,0.0317730009555817,0,132.455001831055,-85.9191,25.7878,29.7038870399488,63,63,63,63,61,63,0,8047,1.25895569026649,26,-86,0.001869,51,2023-11-28 15:42:37.00167,768,1.037,0.0011,"aoml_navis",1030.9318546719
"7901009",18,0,1,0.029904,1,0.007476,1,137.503613153023,1,4.84993217867295,770,1,6.36399984359741,34.9020004272461,0.0299040004611015,0,132.596801757812,-85.9191,25.7878,29.7038870399488,63,63,63,63,61,63,0,8047,1.25895569026649,26,-86,0.001869,51,2023-11-28 15:42:37.00167,770,1.037,0.0011,"aoml_navis",1030.94225151992
"7901009",18,0,1,0.026166,1,0.003738,1,137.689760198033,1,4.84988327102303,772,1,6.35500001907349,34.9020004272461,0.0261659994721413,0,132.776306152344,-85.9191,25.7878,29.7038870399488,63,63,63,63,61,63,0,8047,1.25895569026649,26,-86,0.001869,51,2023-11-28 15:42:37.00167,772,1.037,0.0011,"aoml_navis",1030.95264784493
"7901009",18,0,1,0.031773,1,0.009345,1,137.898613891256,1,4.84983717160027,774,1,6.34999990463257,34.9020004272461,0.0317730009555817,0,132.97770690918,-85.9191,25.7878,29.7038870399488,63,63,63,63,61,63,0,8047,1.25895569026649,26,-86,0.001869,51,2023-11-28 15:42:37.00167,774,1.037,0.0011,"aoml_navis",1030.96244741557
"7901009",18,0,1,0.029904,1,0.007476,1,138.158070971927,1,4.84978897029811,776,1,6.34200000762939,34.9020004272461,0.0299040004611015,0,133.227905273438,-85.9191,25.7878,29.7038870399488,63,63,63,63,61,63,0,8047,1.25895569026649,26,-86,0.001869,51,2023-11-28 15:42:37.00167,776,1.037,0.0011,"aoml_navis",1030.97269399181
"7901009",18,0,1,0.031773,1,0.009345,1,138.524652797134,1,4.84973236295417,778,1,6.32200002670288,34.9020004272461,0.0317730009555817,0,133.581405639648,-85.9191,25.7878,29.7038870399488,63,63,63,63,61,63,0,8047,1.25895569026649,26,-86,0.001869,51,2023-11-28 15:42:37.00167,778,1.037,0.0011,"aoml_navis",1030.9847277746
"7901009",18,0,4,0.026166,1,0.003738,1,138.744598727568,1,4.84967856936203,780,1,6.30600023269653,34.9020004272461,0.0261659994721413,0,133.793502807617,-85.9191,25.7878,29.7038870399488,63,63,63,63,61,63,0,8047,1.25895569026649,26,-86,0.001869,51,2023-11-28 15:42:37.00167,780,1.037,0.0011,"aoml_navis",1030.99616366075
"7901009",18,0,1,0.033642,1,0.011214,1,138.906061193334,1,4.8496268826027,782,1,6.29300022125244,34.9020004272461,0.0336420014500618,0,133.949203491211,-85.9191,25.7878,29.7038870399488,63,63,63,63,61,63,0,8047,1.25895569026649,26,-86,0.001869,51,2023-11-28 15:42:37.00167,782,1.037,0.0011,"aoml_navis",1031.00715189796
"7901009",18,0,1,0.031773,1,0.009345,1,139.078726660449,1,4.84958079456976,784,1,6.28800010681152,34.9020004272461,0.0317730009555817,0,134.115707397461,-85.9191,25.7878,29.7038870399488,63,63,63,63,61,63,0,8047,1.25895569026649,26,-86,0.001869,51,2023-11-28 15:42:37.00167,784,1.037,0.0011,"aoml_navis",1031.01695008333
"7901009",18,0,1,0.029904,1,0.007476,1,139.358501048651,1,4.84953051376572,786,1,6.27699995040894,34.9020004272461,0.0299040004611015,0,134.385498046875,-85.9191,25.7878,29.7038870399488,63,63,63,63,61,63,0,8047,1.25895569026649,26,-86,0.001869,51,2023-11-28 15:42:37.00167,786,1.037,0.0011,"aoml_navis",1031.02763985239
"7901009",18,0,1,0.028035,1,0.005607,1,139.500785495159,1,4.84947445608585,788,1,6.26300001144409,34.9029998779297,0.0280349999666214,0,134.522705078125,-85.9191,25.7878,29.7038870399488,63,63,63,63,61,63,0,8047,1.25895569026649,26,-86,0.001869,51,2023-11-28 15:42:37.00167,788,1.037,0.0011,"aoml_navis",1031.03955805464
"7901009",18,0,1,0.028035,1,0.005607,1,139.635284805137,1,4.84943345737235,790,1,6.26000022888184,34.9020004272461,0.0280349999666214,0,134.652404785156,-85.9191,25.7878,29.7038870399488,63,63,63,63,61,63,0,8047,1.25895569026649,26,-86,0.001869,51,2023-11-28 15:42:37.00167,790,1.037,0.0011,"aoml_navis",1031.04827480388
"7901009",18,0,1,0.033642,1,0.011214,1,139.933113747773,1,4.84938159660714,792,1,6.2519998550415,34.9029998779297,0.0336420014500618,0,134.939605712891,-85.9191,25.7878,29.7038870399488,63,63,63,63,61,63,0,8047,1.25895569026649,26,-86,0.001869,51,2023-11-28 15:42:37.00167,792,1.037,0.0011,"aoml_navis",1031.05930114847
"7901009",18,0,1,0.029904,1,0.007476,1,140.191320776033,1,4.84933272648989,794,1,6.24300003051758,34.9029998779297,0.0299040004611015,0,135.188598632812,-85.9191,25.7878,29.7038870399488,63,63,63,63,61,63,0,8047,1.25895569026649,26,-86,0.001869,51,2023-11-28 15:42:37.00167,794,1.037,0.0011,"aoml_navis",1031.06969185411
"7901009",18,0,1,0.033642,1,0.011214,1,140.422374767127,1,4.84928595289964,796,1,6.23699998855591,34.9029998779297,0.0336420014500618,0,135.411407470703,-85.9191,25.7878,29.7038870399488,63,63,63,63,61,63,0,8047,1.25895569026649,26,-86,0.001869,51,2023-11-28 15:42:37.00167,796,1.037,0.0011,"aoml_navis",1031.07963699485
"7901009",18,0,1,0.031773,1,0.009345,1,140.581036482556,1,4.84923495953385,798.099975585938,1,6.22800016403198,34.9029998779297,0.0317730009555817,0,135.564407348633,-85.9191,25.7878,29.7038870399488,63,63,63,63,61,63,0,8047,1.25895569026649,26,-86,0.001869,51,2023-11-28 15:42:37.00167,798.099975585938,1.037,0.0011,"aoml_navis",1031.09047957549
"7901009",18,0,4,0.024297,1,0.001869,1,140.713352156678,1,4.84918683165593,800,1,6.21700000762939,34.9029998779297,0.0242970008403063,0,135.692001342773,-85.9191,25.7878,29.7038870399488,63,63,63,63,61,63,0,8047,1.25895569026649,26,-86,0.001869,51,2023-11-28 15:42:37.00167,800,1.037,0.0011,"aoml_navis",1031.10071308442
"7901009",18,0,1,0.031773,1,0.009345,1,140.801488763334,1,4.84913428826358,802,1,6.20800018310547,34.9039993286133,0.0317730009555817,0,135.776992797852,-85.9191,25.7878,29.7038870399488,63,63,63,63,61,63,0,8047,1.25895569026649,26,-86,0.001869,51,2023-11-28 15:42:37.00167,802,1.037,0.0011,"aoml_navis",1031.1118857033
"7901009",18,0,1,0.028035,1,0.005607,1,140.849196459755,1,4.84909031206586,804,1,6.20599985122681,34.9039993286133,0.0280349999666214,0,135.822998046875,-85.9191,25.7878,29.7038870399488,63,63,63,63,61,63,0,8047,1.25895569026649,26,-86,0.001869,51,2023-11-28 15:42:37.00167,804,1.037,0.0011,"aoml_navis",1031.12123681397
"7901009",18,0,1,0.031773,1,0.009345,1,140.962017645654,1,4.84904633816962,806,1,6.2039999961853,34.9039993286133,0.0317730009555817,0,135.931793212891,-85.9191,25.7878,29.7038870399488,63,63,63,63,61,63,0,8047,1.25895569026649,26,-86,0.001869,51,2023-11-28 15:42:37.00167,806,1.037,0.0011,"aoml_navis",1031.13058760485
"7901009",18,0,1,0.029904,1,0.007476,1,141.052353711615,1,4.84900186808785,808,1,6.19600009918213,34.9029998779297,0.0299040004611015,0,136.018905639648,-85.9191,25.7878,29.7038870399488,63,63,63,63,61,63,0,8047,1.25895569026649,26,-86,0.001869,51,2023-11-28 15:42:37.00167,808,1.037,0.0011,"aoml_navis",1031.14004407915
"7901009",18,0,1,0.028035,1,0.005607,1,141.129081612095,1,4.84895355235532,809.900024414062,1,6.19000005722046,34.9039993286133,0.0280349999666214,0,136.092895507812,-85.9191,25.7878,29.7038870399488,63,63,63,63,61,63,0,8047,1.25895569026649,26,-86,0.001869,51,2023-11-28 15:42:37.00167,809.900024414062,1.037,0.0011,"aoml_navis",1031.15031852003
"7901009",18,0,1,0.031773,1,0.009345,1,141.235794946976,1,4.84890397042763,812,1,6.18300008773804,34.9039993286133,0.0317730009555817,0,136.19580078125,-85.9191,25.7878,29.7038870399488,63,63,63,63,61,63,0,8047,1.25895569026649,26,-86,0.001869,51,2023-11-28 15:42:37.00167,812,1.037,0.0011,"aoml_navis",1031.1608624328
"7901009",18,0,1,0.031773,1,0.009345,1,141.298946328873,1,4.84886368789666,814,1,6.18100023269653,34.9029998779297,0.0317730009555817,0,136.256698608398,-85.9191,25.7878,29.7038870399488,63,63,63,63,61,63,0,8047,1.25895569026649,26,-86,0.001869,51,2023-11-28 15:42:37.00167,814,1.037,0.0011,"aoml_navis",1031.16942892839
"7901009",18,0,1,0.028035,1,0.005607,1,141.468605340824,1,4.8488162376362,816,1,6.17399978637695,34.9029998779297,0.0280349999666214,0,136.420303344727,-85.9191,25.7878,29.7038870399488,63,63,63,63,61,63,0,8047,1.25895569026649,26,-86,0.001869,51,2023-11-28 15:42:37.00167,816,1.037,0.0011,"aoml_navis",1031.17951989814
"7901009",18,0,1,0.029904,1,0.007476,1,141.604243939074,1,4.84876670063059,818,1,6.16400003433228,34.9029998779297,0.0299040004611015,0,136.55110168457,-85.9191,25.7878,29.7038870399488,63,63,63,63,61,63,0,8047,1.25895569026649,26,-86,0.001869,51,2023-11-28 15:42:37.00167,818,1.037,0.0011,"aoml_navis",1031.19005485451
"7901009",18,0,1,0.028035,1,0.005607,1,141.75138618419,1,4.84871139414648,820,1,6.15100002288818,34.9039993286133,0.0280349999666214,0,136.692993164062,-85.9191,25.7878,29.7038870399488,63,63,63,63,61,63,0,8047,1.25895569026649,26,-86,0.001869,51,2023-11-28 15:42:37.00167,820,1.037,0.0011,"aoml_navis",1031.20181705105
"7901009",18,0,1,0.028035,1,0.005607,1,141.83518716603,1,4.84866673599611,822,1,6.14799976348877,34.9039993286133,0.0280349999666214,0,136.773803710938,-85.9191,25.7878,29.7038870399488,63,63,63,63,61,63,0,8047,1.25895569026649,26,-86,0.001869,51,2023-11-28 15:42:37.00167,822,1.037,0.0011,"aoml_navis",1031.2113148302
"7901009",18,0,1,0.028035,1,0.005607,1,141.891281290015,1,4.84862347214671,824,1,6.14699983596802,34.9039993286133,0.0280349999666214,0,136.827896118164,-85.9191,25.7878,29.7038870399488,63,63,63,63,61,63,0,8047,1.25895569026649,26,-86,0.001869,51,2023-11-28 15:42:37.00167,824,1.037,0.0011,"aoml_navis",1031.22051623989
"7901009",18,0,1,0.029904,1,0.007476,1,141.99965608696,1,4.84857881807397,826,1,6.14400005340576,34.9039993286133,0.0299040004611015,0,136.932403564453,-85.9191,25.7878,29.7038870399488,63,63,63,63,61,63,0,8047,1.25895569026649,26,-86,0.001869,51,2023-11-28 15:42:37.00167,826,1.037,0.0011,"aoml_navis",1031.23001349624
"7901009",18,0,1,0.031773,1,0.009345,1,142.120468114217,1,4.84852303186671,828,1,6.125,34.9039993286133,0.0317730009555817,0,137.048904418945,-85.9191,25.7878,29.7038870399488,63,63,63,63,61,63,0,8047,1.25895569026649,26,-86,0.001869,51,2023-11-28 15:42:37.00167,828,1.037,0.0011,"aoml_navis",1031.24187863762
"7901009",18,0,1,0.029904,1,0.007476,1,142.13861760934,1,4.84847768497535,830,1,6.12099981307983,34.9039993286133,0.0299040004611015,0,137.06640625,-85.9191,25.7878,29.7038870399488,63,63,63,63,61,63,0,8047,1.25895569026649,26,-86,0.001869,51,2023-11-28 15:42:37.00167,830,1.037,0.0011,"aoml_navis",1031.25152364714
"7901009",18,0,1,0.028035,1,0.005607,1,142.164425653407,1,4.84842538801668,832,1,6.10699987411499,34.9039993286133,0.0280349999666214,0,137.091293334961,-85.9191,25.7878,29.7038870399488,63,63,63,63,61,63,0,8047,1.25895569026649,26,-86,0.001869,51,2023-11-28 15:42:37.00167,832,1.037,0.0011,"aoml_navis",1031.26264711796
"7901009",18,0,1,0.029904,1,0.007476,1,142.27569614138,1,4.84836871907817,834,1,6.09200000762939,34.9049987792969,0.0299040004611015,0,137.198593139648,-85.9191,25.7878,29.7038870399488,63,63,63,63,61,63,0,8047,1.25895569026649,26,-86,0.001869,51,2023-11-28 15:42:37.00167,834,1.037,0.0011,"aoml_navis",1031.27470077207
"7901009",18,0,1,0.031773,1,0.009345,1,142.405226888612,1,4.84832129490928,836,1,6.08500003814697,34.9049987792969,0.0317730009555817,0,137.323501586914,-85.9191,25.7878,29.7038870399488,63,63,63,63,61,63,0,8047,1.25895569026649,26,-86,0.001869,51,2023-11-28 15:42:37.00167,836,1.037,0.0011,"aoml_navis",1031.28478825237
"7901009",18,0,1,0.029904,1,0.007476,1,142.520532355884,1,4.84827227106169,838,1,6.08099985122681,34.9059982299805,0.0299040004611015,0,137.434692382812,-85.9191,25.7878,29.7038870399488,63,63,63,63,61,63,0,8047,1.25895569026649,26,-86,0.001869,51,2023-11-28 15:42:37.00167,838,1.037,0.0011,"aoml_navis",1031.29521620391
"7901009",18,0,1,0.033642,1,0.011214,1,142.685017100262,1,4.848222769076,840,1,6.07100009918213,34.9059982299805,0.0336420014500618,0,137.593307495117,-85.9191,25.7878,29.7038870399488,63,63,63,63,61,63,0,8047,1.25895569026649,26,-86,0.001869,51,2023-11-28 15:42:37.00167,840,1.037,0.0011,"aoml_navis",1031.30574607506
"7901009",18,0,1,0.026166,1,0.003738,1,142.799072515124,1,4.84817604554017,842,1,6.06500005722046,34.9059982299805,0.0261659994721413,0,137.70329284668,-85.9191,25.7878,29.7038870399488,63,63,63,63,61,63,0,8047,1.25895569026649,26,-86,0.001869,51,2023-11-28 15:42:37.00167,842,1.037,0.0011,"aoml_navis",1031.31568512234
"7901009",18,0,4,0.026166,1,0.003738,1,143.01560058074,1,4.84813140532596,844,1,6.06199979782104,34.9059982299805,0.0261659994721413,0,137.912094116211,-85.9191,25.7878,29.7038870399488,63,63,63,63,61,63,0,8047,1.25895569026649,26,-86,0.001869,51,2023-11-28 15:42:37.00167,844,1.037,0.0011,"aoml_navis",1031.32518118366
"7901009",18,0,1,0.031773,1,0.009345,1,143.29010576068,1,4.84807775022046,846,1,6.0460000038147,34.9059982299805,0.0317730009555817,0,138.176803588867,-85.9191,25.7878,29.7038870399488,63,63,63,63,61,63,0,8047,1.25895569026649,26,-86,0.001869,51,2023-11-28 15:42:37.00167,846,1.037,0.0011,"aoml_navis",1031.33659516344
"7901009",18,0,1,0.031773,1,0.009345,1,143.553091470307,1,4.84802895423346,848,1,6.03700017929077,34.9059982299805,0.0317730009555817,0,138.430404663086,-85.9191,25.7878,29.7038870399488,63,63,63,63,61,63,0,8047,1.25895569026649,26,-86,0.001869,51,2023-11-28 15:42:37.00167,848,1.037,0.0011,"aoml_navis",1031.34697568871
"7901009",18,0,1,0.028035,1,0.005607,1,143.893438018344,1,4.84797022983699,850,1,6.01900005340576,34.9070014953613,0.0280349999666214,0,138.758605957031,-85.9191,25.7878,29.7038870399488,63,63,63,63,61,63,0,8047,1.25895569026649,26,-86,0.001869,51,2023-11-28 15:42:37.00167,850,1.037,0.0011,"aoml_navis",1031.35946859313
"7901009",18,0,1,0.028035,1,0.005607,1,144.168750194144,1,4.84792144233111,852,1,6.01000022888184,34.9070014953613,0.0280349999666214,0,139.02409362793,-85.9191,25.7878,29.7038870399488,63,63,63,63,61,63,0,8047,1.25895569026649,26,-86,0.001869,51,2023-11-28 15:42:37.00167,852,1.037,0.0011,"aoml_navis",1031.36984777455
"7901009",18,0,1,0.028035,1,0.005607,1,144.423127947933,1,4.84786919891321,854,1,5.99599981307983,34.9070014953613,0.0280349999666214,0,139.269393920898,-85.9191,25.7878,29.7038870399488,63,63,63,63,61,63,0,8047,1.25895569026649,26,-86,0.001869,51,2023-11-28 15:42:37.00167,854,1.037,0.0011,"aoml_navis",1031.38096240734
"7901009",18,0,1,0.029904,1,0.007476,1,144.642978937678,1,4.84782180150153,856,1,5.98899984359741,34.9070014953613,0.0299040004611015,0,139.481399536133,-85.9191,25.7878,29.7038870399488,63,63,63,63,61,63,0,8047,1.25895569026649,26,-86,0.001869,51,2023-11-28 15:42:37.00167,856,1.037,0.0011,"aoml_navis",1031.39104627388
"7901009",18,0,1,0.031773,1,0.009345,1,144.91477830797,1,4.84777371514005,858,1,5.98099994659424,34.9070014953613,0.0317730009555817,0,139.743499755859,-85.9191,25.7878,29.7038870399488,63,63,63,63,61,63,0,8047,1.25895569026649,26,-86,0.001869,51,2023-11-28 15:42:37.00167,858,1.037,0.0011,"aoml_navis",1031.40127691698
"7901009",18,0,1,0.029904,1,0.007476,1,145.227955995392,1,4.84772148608802,860,1,5.96700000762939,34.9070014953613,0.0299040004611015,0,140.045501708984,-85.9191,25.7878,29.7038870399488,63,63,63,63,61,63,0,8047,1.25895569026649,26,-86,0.001869,51,2023-11-28 15:42:37.00167,860,1.037,0.0011,"aoml_navis",1031.41238917066
"7901009",18,0,1,0.031773,1,0.009345,1,145.615899475712,1,4.84767064434566,862,1,5.95499992370605,34.9070014953613,0.0317730009555817,0,140.41960144043,-85.9191,25.7878,29.7038870399488,63,63,63,63,61,63,0,8047,1.25895569026649,26,-86,0.001869,51,2023-11-28 15:42:37.00167,862,1.037,0.0011,"aoml_navis",1031.42320649032
"7901009",18,0,1,0.033642,1,0.011214,1,145.968999723024,1,4.84761198491232,864,1,5.93699979782104,34.9080009460449,0.0336420014500618,0,140.760101318359,-85.9191,25.7878,29.7038870399488,63,63,63,63,61,63,0,8047,1.25895569026649,26,-86,0.001869,51,2023-11-28 15:42:37.00167,864,1.037,0.0011,"aoml_navis",1031.43568741928
"7901009",18,0,1,0.026166,1,0.003738,1,146.188423479667,1,4.8475625344735,866,1,5.92700004577637,34.9080009460449,0.0261659994721413,0,140.971694946289,-85.9191,25.7878,29.7038870399488,63,63,63,63,61,63,0,8047,1.25895569026649,26,-86,0.001869,51,2023-11-28 15:42:37.00167,866,1.037,0.0011,"aoml_navis",1031.44620919121
"7901009",18,0,1,0.026166,1,0.003738,1,146.388162866708,1,4.84751239838002,868,1,5.91599988937378,34.9080009460449,0.0261659994721413,0,141.164306640625,-85.9191,25.7878,29.7038870399488,63,63,63,63,61,63,0,8047,1.25895569026649,26,-86,0.001869,51,2023-11-28 15:42:37.00167,868,1.037,0.0011,"aoml_navis",1031.45687707182
"7901009",18,0,1,0.026166,1,0.003738,1,146.64564201635,1,4.84746433284273,870,1,5.90799999237061,34.9080009460449,0.0261659994721413,0,141.41259765625,-85.9191,25.7878,29.7038870399488,63,63,63,63,61,63,0,8047,1.25895569026649,26,-86,0.001869,51,2023-11-28 15:42:37.00167,870,1.037,0.0011,"aoml_navis",1031.46710458988
"7901009",18,0,1,0.029904,1,0.007476,1,146.833956873767,1,4.84741420425217,872,1,5.89699983596802,34.9080009460449,0.0299040004611015,0,141.594192504883,-85.9191,25.7878,29.7038870399488,63,63,63,63,61,63,0,8047,1.25895569026649,26,-86,0.001869,51,2023-11-28 15:42:37.00167,872,1.037,0.0011,"aoml_navis",1031.47777130619
"7901009",18,0,1,0.029904,1,0.007476,1,147.032651913225,1,4.84736820959626,874,1,5.89200019836426,34.9080009460449,0.0299040004611015,0,141.785797119141,-85.9191,25.7878,29.7038870399488,63,63,63,63,61,63,0,8047,1.25895569026649,26,-86,0.001869,51,2023-11-28 15:42:37.00167,874,1.037,0.0011,"aoml_navis",1031.4875585687
"7901009",18,0,1,0.029904,1,0.007476,1,147.321667195195,1,4.84731946346988,876,1,5.88299989700317,34.9080009460449,0.0299040004611015,0,142.064498901367,-85.9191,25.7878,29.7038870399488,63,63,63,63,61,63,0,8047,1.25895569026649,26,-86,0.001869,51,2023-11-28 15:42:37.00167,876,1.037,0.0011,"aoml_navis",1031.49793152293
"7901009",18,0,1,0.035511,1,0.013083,1,147.502418444357,1,4.84726497339701,878,1,5.87099981307983,34.9090003967285,0.0355109982192516,0,142.238800048828,-85.9191,25.7878,29.7038870399488,63,63,63,63,61,63,0,8047,1.25895569026649,26,-86,0.001869,51,2023-11-28 15:42:37.00167,878,1.037,0.0011,"aoml_navis",1031.50952700982
"7901009",18,0,1,0.026166,1,0.003738,1,147.721636496173,1,4.84722036025061,880,1,5.86800003051758,34.9090003967285,0.0261659994721413,0,142.4501953125,-85.9191,25.7878,29.7038870399488,63,63,63,63,61,63,0,8047,1.25895569026649,26,-86,0.001869,51,2023-11-28 15:42:37.00167,880,1.037,0.0011,"aoml_navis",1031.51902088097
"7901009",18,0,1,0.029904,1,0.007476,1,148.011490420899,1,4.84717162292278,882,1,5.85900020599365,34.9090003967285,0.0299040004611015,0,142.729705810547,-85.9191,25.7878,29.7038870399488,63,63,63,63,61,63,0,8047,1.25895569026649,26,-86,0.001869,51,2023-11-28 15:42:37.00167,882,1.037,0.0011,"aoml_navis",1031.52939259557
"7901009",18,0,1,0.029904,1,0.007476,1,148.477000444456,1,4.84711601840712,884,1,5.84000015258789,34.9090003967285,0.0299040004611015,0,143.178604125977,-85.9191,25.7878,29.7038870399488,63,63,63,63,61,63,0,8047,1.25895569026649,26,-86,0.001869,51,2023-11-28 15:42:37.00167,884,1.037,0.0011,"aoml_navis",1031.54122596041
"7901009",18,0,1,0.029904,1,0.007476,1,148.805416112525,1,4.84705811525849,886,1,5.82299995422363,34.9099998474121,0.0299040004611015,0,143.495300292969,-85.9191,25.7878,29.7038870399488,63,63,63,63,61,63,0,8047,1.25895569026649,26,-86,0.001869,51,2023-11-28 15:42:37.00167,886,1.037,0.0011,"aoml_navis",1031.55354879283
"7901009",18,0,1,0.033642,1,0.011214,1,149.076171135235,1,4.84700596293846,888,1,5.80900001525879,34.9099998474121,0.0336420014500618,0,143.756393432617,-85.9191,25.7878,29.7038870399488,63,63,63,63,61,63,0,8047,1.25895569026649,26,-86,0.001869,51,2023-11-28 15:42:37.00167,888,1.037,0.0011,"aoml_navis",1031.56464799742
"7901009",18,0,1,0.031773,1,0.009345,1,149.348192033803,1,4.84695150391648,890,1,5.79699993133545,34.9109992980957,0.0317730009555817,0,144.018707275391,-85.9191,25.7878,29.7038870399488,63,63,63,63,61,63,0,8047,1.25895569026649,26,-86,0.001869,51,2023-11-28 15:42:37.00167,890,1.037,0.0011,"aoml_navis",1031.57623837578
"7901009",18,0,1,0.029904,1,0.007476,1,149.522186670569,1,4.84690073369456,892,1,5.78499984741211,34.9109992980957,0.0299040004611015,0,144.186492919922,-85.9191,25.7878,29.7038870399488,63,63,63,63,61,63,0,8047,1.25895569026649,26,-86,0.001869,51,2023-11-28 15:42:37.00167,892,1.037,0.0011,"aoml_navis",1031.58704391058
"7901009",18,0,1,0.031773,1,0.009345,1,149.58959456004,1,4.84685613046445,894,1,5.78200006484985,34.9109992980957,0.0317730009555817,0,144.251495361328,-85.9191,25.7878,29.7038870399488,63,63,63,63,61,63,0,8047,1.25895569026649,26,-86,0.001869,51,2023-11-28 15:42:37.00167,894,1.037,0.0011,"aoml_navis",1031.59653709814
"7901009",18,0,1,0.033642,1,0.011214,1,149.770867982994,1,4.84681221393628,896,1,5.78000020980835,34.9109992980957,0.0336420014500618,0,144.426300048828,-85.9191,25.7878,29.7038870399488,63,63,63,63,61,63,0,8047,1.25895569026649,26,-86,0.001869,51,2023-11-28 15:42:37.00167,896,1.037,0.0011,"aoml_navis",1031.60588430128
"7901009",18,0,1,0.031773,1,0.009345,1,150.038205140885,1,4.84676350488019,898,1,5.77099990844727,34.9109992980957,0.0317730009555817,0,144.684097290039,-85.9191,25.7878,29.7038870399488,63,63,63,63,61,63,0,8047,1.25895569026649,26,-86,0.001869,51,2023-11-28 15:42:37.00167,898,1.037,0.0011,"aoml_navis",1031.61625174521
"7901009",18,0,1,0.026166,1,0.003738,1,150.2462360148,1,4.84671411482413,900,1,5.76100015640259,34.9109992980957,0.0261659994721413,0,144.884704589844,-85.9191,25.7878,29.7038870399488,63,63,63,63,61,63,0,8047,1.25895569026649,26,-86,0.001869,51,2023-11-28 15:42:37.00167,900,1.037,0.0011,"aoml_navis",1031.62676434887
"7901009",18,0,1,0.029904,1,0.007476,1,150.426148621206,1,4.84666609625579,902,1,5.75299978256226,34.9109992980957,0.0299040004611015,0,145.058197021484,-85.9191,25.7878,29.7038870399488,63,63,63,63,61,63,0,8047,1.25895569026649,26,-86,0.001869,51,2023-11-28 15:42:37.00167,902,1.037,0.0011,"aoml_navis",1031.63698523871
"7901009",18,0,1,0.028035,1,0.005607,1,150.679703555686,1,4.84662013300908,904,1,5.7480001449585,34.9109992980957,0.0280349999666214,0,145.302703857422,-85.9191,25.7878,29.7038870399488,63,63,63,63,61,63,0,8047,1.25895569026649,26,-86,0.001869,51,2023-11-28 15:42:37.00167,904,1.037,0.0011,"aoml_navis",1031.64676883717
"7901009",18,0,4,0.024297,1,0.001869,1,150.990175433459,1,4.84656638424189,906,1,5.73699998855591,34.9119987487793,0.0242970008403063,0,145.602096557617,-85.9191,25.7878,29.7038870399488,63,63,63,63,61,63,0,8047,1.25895569026649,26,-86,0.001869,51,2023-11-28 15:42:37.00167,906,1.037,0.0011,"aoml_navis",1031.65820987349
"7901009",18,0,1,0.029904,1,0.007476,1,151.278051427157,1,4.84651222322311,908,1,5.71999979019165,34.9119987487793,0.0299040004611015,0,145.879699707031,-85.9191,25.7878,29.7038870399488,63,63,63,63,61,63,0,8047,1.25895569026649,26,-86,0.001869,51,2023-11-28 15:42:37.00167,908,1.037,0.0011,"aoml_navis",1031.66973891893
"7901009",18,0,1,0.033642,1,0.011214,1,151.42924447502,1,4.84646053393174,910,1,5.71199989318848,34.9129981994629,0.0336420014500618,0,146.025497436523,-85.9191,25.7878,29.7038870399488,63,63,63,63,61,63,0,8047,1.25895569026649,26,-86,0.001869,51,2023-11-28 15:42:37.00167,910,1.037,0.0011,"aoml_navis",1031.68074205769
"7901009",18,0,1,0.026166,1,0.003738,1,151.607922852463,1,4.84641526214905,912,1,5.70800018310547,34.9129981994629,0.0261659994721413,0,146.197799682617,-85.9191,25.7878,29.7038870399488,63,63,63,63,61,63,0,8047,1.25895569026649,26,-86,0.001869,51,2023-11-28 15:42:37.00167,912,1.037,0.0011,"aoml_navis",1031.6903792893
"7901009",18,0,1,0.026166,1,0.003738,1,151.821650167742,1,4.84636589494929,914,1,5.69799995422363,34.9129981994629,0.0261659994721413,0,146.403900146484,-85.9191,25.7878,29.7038870399488,63,63,63,63,61,63,0,8047,1.25895569026649,26,-86,0.001869,51,2023-11-28 15:42:37.00167,914,1.037,0.0011,"aoml_navis",1031.70088853811
"7901009",18,0,1,0.028035,1,0.005607,1,152.054144092625,1,4.84631721400546,916,1,5.68900012969971,34.9129981994629,0.0280349999666214,0,146.62809753418,-85.9191,25.7878,29.7038870399488,63,63,63,63,61,63,0,8047,1.25895569026649,26,-86,0.001869,51,2023-11-28 15:42:37.00167,916,1.037,0.0011,"aoml_navis",1031.711251907
"7901009",18,0,1,0.029904,1,0.007476,1,152.278963645115,1,4.84626921823286,918,1,5.68100023269653,34.9129981994629,0.0299040004611015,0,146.84489440918,-85.9191,25.7878,29.7038870399488,63,63,63,63,61,63,0,8047,1.25895569026649,26,-86,0.001869,51,2023-11-28 15:42:37.00167,918,1.037,0.0011,"aoml_navis",1031.72146961807
"7901009",18,0,1,0.029904,1,0.007476,1,152.661210684072,1,4.84622190669731,920,1,5.67399978637695,34.9129981994629,0.0299040004611015,0,147.213500976562,-85.9191,25.7878,29.7038870399488,63,63,63,63,61,63,0,8047,1.25895569026649,26,-86,0.001869,51,2023-11-28 15:42:37.00167,920,1.037,0.0011,"aoml_navis",1031.73154186154
"7901009",18,0,1,0.028035,1,0.005607,1,152.999579301079,1,4.84616544712454,922,1,5.65899991989136,34.9140014648438,0.0280349999666214,0,147.539794921875,-85.9191,25.7878,29.7038870399488,63,63,63,63,61,63,0,8047,1.25895569026649,26,-86,0.001869,51,2023-11-28 15:42:37.00167,922,1.037,0.0011,"aoml_navis",1031.74356190558
"7901009",18,0,1,0.029904,1,0.007476,1,153.329450726386,1,4.84611405441895,924,1,5.64599990844727,34.9140014648438,0.0299040004611015,0,147.857894897461,-85.9191,25.7878,29.7038870399488,63,63,63,63,61,63,0,8047,1.25895569026649,26,-86,0.001869,51,2023-11-28 15:42:37.00167,924,1.037,0.0011,"aoml_navis",1031.75450347495
"7901009",18,0,1,0.026166,1,0.003738,1,153.76168403831,1,4.84606334815135,926,1,5.63399982452393,34.9140014648438,0.0261659994721413,0,148.274703979492,-85.9191,25.7878,29.7038870399488,63,63,63,63,61,63,0,8047,1.25895569026649,26,-86,0.001869,51,2023-11-28 15:42:37.00167,926,1.037,0.0011,"aoml_navis",1031.76529912829
"7901009",18,0,1,0.028035,1,0.005607,1,154.126192991798,1,4.84600556343984,928,1,5.61700010299683,34.9150009155273,0.0280349999666214,0,148.626205444336,-85.9191,25.7878,29.7038870399488,63,63,63,63,61,63,0,8047,1.25895569026649,26,-86,0.001869,51,2023-11-28 15:42:37.00167,928,1.037,0.0011,"aoml_navis",1031.7776020981
"7901009",18,0,1,0.029904,1,0.007476,1,154.522016549338,1,4.8459548692045,930,1,5.60500001907349,34.9150009155273,0.0299040004611015,0,149.007904052734,-85.9191,25.7878,29.7038870399488,63,63,63,63,61,63,0,8047,1.25895569026649,26,-86,0.001869,51,2023-11-28 15:42:37.00167,930,1.037,0.0011,"aoml_navis",1031.78839567294
"7901009",18,0,1,0.029904,1,0.007476,1,154.780634987253,1,4.8458984596437,932,1,5.59000015258789,34.9160003662109,0.0299040004611015,0,149.257293701172,-85.9191,25.7878,29.7038870399488,63,63,63,63,61,63,0,8047,1.25895569026649,26,-86,0.001869,51,2023-11-28 15:42:37.00167,932,1.037,0.0011,"aoml_navis",1031.80040639309
"7901009",18,0,1,0.028035,1,0.005607,1,155.066026699578,1,4.84584845526736,934,1,5.5789999961853,34.9160003662109,0.0280349999666214,0,149.532501220703,-85.9191,25.7878,29.7038870399488,63,63,63,63,61,63,0,8047,1.25895569026649,26,-86,0.001869,51,2023-11-28 15:42:37.00167,934,1.037,0.0011,"aoml_navis",1031.81105355556
"7901009",18,0,1,0.029904,1,0.007476,1,155.415281848969,1,4.84580116909783,936,1,5.57200002670288,34.9160003662109,0.0299040004611015,0,149.869293212891,-85.9191,25.7878,29.7038870399488,63,63,63,63,61,63,0,8047,1.25895569026649,26,-86,0.001869,51,2023-11-28 15:42:37.00167,936,1.037,0.0011,"aoml_navis",1031.82112214705
"7901009",18,0,1,0.028035,1,0.005607,1,155.819001307178,1,4.84574613257852,938,1,5.55900001525879,34.9169998168945,0.0280349999666214,0,150.258605957031,-85.9191,25.7878,29.7038870399488,63,63,63,63,61,63,0,8047,1.25895569026649,26,-86,0.001869,51,2023-11-28 15:42:37.00167,938,1.037,0.0011,"aoml_navis",1031.83284125935
"7901009",18,0,1,0.029904,1,0.007476,1,156.290729945891,1,4.84569071981194,940,1,5.53999996185303,34.9169998168945,0.0299040004611015,0,150.713500976562,-85.9191,25.7878,29.7038870399488,63,63,63,63,61,63,0,8047,1.25895569026649,26,-86,0.001869,51,2023-11-28 15:42:37.00167,940,1.037,0.0011,"aoml_navis",1031.8446407562
"7901009",18,0,1,0.029904,1,0.007476,1,156.686347798604,1,4.84564073454821,942,1,5.52899980545044,34.9169998168945,0.0299040004611015,0,151.095001220703,-85.9191,25.7878,29.7038870399488,63,63,63,63,61,63,0,8047,1.25895569026649,26,-86,0.001869,51,2023-11-28 15:42:37.00167,942,1.037,0.0011,"aoml_navis",1031.85528476167
"7901009",18,0,1,0.028035,1,0.005607,1,157.244883874321,1,4.84559346068885,944,1,5.52199983596802,34.9169998168945,0.0280349999666214,0,151.633605957031,-85.9191,25.7878,29.7038870399488,63,63,63,63,61,63,0,8047,1.25895569026649,26,-86,0.001869,51,2023-11-28 15:42:37.00167,944,1.037,0.0011,"aoml_navis",1031.86535159497
"7901009",18,0,1,0.031773,1,0.009345,1,157.80859421761,1,4.84551989452188,946,1,5.48699998855591,34.9189987182617,0.0317730009555817,0,152.177200317383,-85.9191,25.7878,29.7038870399488,63,63,63,63,61,63,0,8047,1.25895569026649,26,-86,0.001869,51,2023-11-28 15:42:37.00167,946,1.037,0.0011,"aoml_navis",1031.88101769075
"7901009",18,0,1,0.029904,1,0.007476,1,158.162833753195,1,4.84547060433718,948,1,5.47700023651123,34.9189987182617,0.0299040004611015,0,152.518798828125,-85.9191,25.7878,29.7038870399488,63,63,63,63,61,63,0,8047,1.25895569026649,26,-86,0.001869,51,2023-11-28 15:42:37.00167,948,1.037,0.0011,"aoml_navis",1031.89151442266
"7901009",18,0,1,0.029904,1,0.007476,1,158.593706248571,1,4.84542266685907,950,1,5.4689998626709,34.9189987182617,0.0299040004611015,0,152.934295654297,-85.9191,25.7878,29.7038870399488,63,63,63,63,61,63,0,8047,1.25895569026649,26,-86,0.001869,51,2023-11-28 15:42:37.00167,950,1.037,0.0011,"aoml_navis",1031.90172328994
"7901009",18,0,1,0.031773,1,0.009345,1,159.054042004556,1,4.84536731438737,952,1,5.44999980926514,34.9189987182617,0.0317730009555817,0,153.378204345703,-85.9191,25.7878,29.7038870399488,63,63,63,63,61,63,0,8047,1.25895569026649,26,-86,0.001869,51,2023-11-28 15:42:37.00167,952,1.037,0.0011,"aoml_navis",1031.9135115213
"7901009",18,0,1,0.031773,1,0.009345,1,159.384324839517,1,4.84530761847985,954,1,5.42999982833862,34.9199981689453,0.0317730009555817,0,153.696701049805,-85.9191,25.7878,29.7038870399488,63,63,63,63,61,63,0,8047,1.25895569026649,26,-86,0.001869,51,2023-11-28 15:42:37.00167,954,1.037,0.0011,"aoml_navis",1031.92622506157
"7901009",18,0,1,0.031773,1,0.009345,1,159.763454659172,1,4.84526036678804,956,1,5.4229998588562,34.9199981689453,0.0317730009555817,0,154.062301635742,-85.9191,25.7878,29.7038870399488,63,63,63,63,61,63,0,8047,1.25895569026649,26,-86,0.001869,51,2023-11-28 15:42:37.00167,956,1.037,0.0011,"aoml_navis",1031.93628855791
"7901009",18,0,1,0.028035,1,0.005607,1,160.271893697784,1,4.84520471047791,958,1,5.40899991989136,34.9210014343262,0.0280349999666214,0,154.552597045898,-85.9191,25.7878,29.7038870399488,63,63,63,63,61,63,0,8047,1.25895569026649,26,-86,0.001869,51,2023-11-28 15:42:37.00167,958,1.037,0.0011,"aoml_navis",1031.94814229156
"7901009",18,0,1,0.029904,1,0.007476,1,160.702259842817,1,4.8451507422189,960,1,5.39200019836426,34.9210014343262,0.0299040004611015,0,154.96760559082,-85.9191,25.7878,29.7038870399488,63,63,63,63,61,63,0,8047,1.25895569026649,26,-86,0.001869,51,2023-11-28 15:42:37.00167,960,1.037,0.0011,"aoml_navis",1031.95963676255
"7901009",18,0,1,0.026166,1,0.003738,1,161.177612051175,1,4.84509108696156,962,1,5.37200021743774,34.9220008850098,0.0261659994721413,0,155.425994873047,-85.9191,25.7878,29.7038870399488,63,63,63,63,61,63,0,8047,1.25895569026649,26,-86,0.001869,51,2023-11-28 15:42:37.00167,962,1.037,0.0011,"aoml_navis",1031.97234278119
"7901009",18,0,1,0.026166,1,0.003738,1,161.485710411713,1,4.84504049418756,964,1,5.3600001335144,34.9220008850098,0.0261659994721413,0,155.723098754883,-85.9191,25.7878,29.7038870399488,63,63,63,63,61,63,0,8047,1.25895569026649,26,-86,0.001869,51,2023-11-28 15:42:37.00167,964,1.037,0.0011,"aoml_navis",1031.98311881982
"7901009",18,0,1,0.029904,1,0.007476,1,161.916282261573,1,4.8449848824955,966,1,5.34600019454956,34.9230003356934,0.0299040004611015,0,156.138305664062,-85.9191,25.7878,29.7038870399488,63,63,63,63,61,63,0,8047,1.25895569026649,26,-86,0.001869,51,2023-11-28 15:42:37.00167,966,1.037,0.0011,"aoml_navis",1031.9949641256
"7901009",18,0,1,0.026166,1,0.003738,1,162.320080837022,1,4.84493363068593,968,1,5.33300018310547,34.9230003356934,0.0261659994721413,0,156.527694702148,-85.9191,25.7878,29.7038870399488,63,63,63,63,61,63,0,8047,1.25895569026649,26,-86,0.001869,51,2023-11-28 15:42:37.00167,968,1.037,0.0011,"aoml_navis",1032.00588101598
"7901009",18,0,1,0.028035,1,0.005607,1,162.681377630519,1,4.84487602406758,970,1,5.31599998474121,34.923999786377,0.0280349999666214,0,156.876098632812,-85.9191,25.7878,29.7038870399488,63,63,63,63,61,63,0,8047,1.25895569026649,26,-86,0.001869,51,2023-11-28 15:42:37.00167,970,1.037,0.0011,"aoml_navis",1032.01815178796
"7901009",18,0,1,0.028035,1,0.005607,1,162.909725811965,1,4.8448197650496,972,1,5.30100011825562,34.9249992370605,0.0280349999666214,0,157.096298217773,-85.9191,25.7878,29.7038870399488,63,63,63,63,61,63,0,8047,1.25895569026649,26,-86,0.001869,51,2023-11-28 15:42:37.00167,972,1.037,0.0011,"aoml_navis",1032.03013578954
"7901009",18,0,1,0.028035,1,0.005607,1,163.038528680579,1,4.8447745491652,974,1,5.29699993133545,34.9249992370605,0.0280349999666214,0,157.220504760742,-85.9191,25.7878,29.7038870399488,63,63,63,63,61,63,0,8047,1.25895569026649,26,-86,0.001869,51,2023-11-28 15:42:37.00167,974,1.037,0.0011,"aoml_navis",1032.03976764234
"7901009",18,0,1,0.031773,1,0.009345,1,163.349839201109,1,4.84473000397718,976,1,5.29400014877319,34.9249992370605,0.0317730009555817,0,157.520706176758,-85.9191,25.7878,29.7038870399488,63,63,63,63,61,63,0,8047,1.25895569026649,26,-86,0.001869,51,2023-11-28 15:42:37.00167,976,1.037,0.0011,"aoml_navis",1032.04925679973
"7901009",18,0,1,0.029904,1,0.007476,1,163.600371856977,1,4.84468278586588,978,1,5.28700017929077,34.9249992370605,0.0299040004611015,0,157.762298583984,-85.9191,25.7878,29.7038870399488,63,63,63,63,61,63,0,8047,1.25895569026649,26,-86,0.001869,51,2023-11-28 15:42:37.00167,978,1.037,0.0011,"aoml_navis",1032.05931554224
"7901009",18,0,1,0.031773,1,0.009345,1,168.35359329504,1,4.84412657437371,999.400024414062,1,5.16300010681152,34.9300003051758,0.0317730009555817,0,162.345901489258,-85.9191,25.7878,29.7038870399488,63,63,63,63,61,63,0,8047,1.25895569026649,26,-86,0.001869,51,2023-11-28 15:42:37.00167,999.400024414062,1.037,0.0011,"aoml_navis",1032.17781848453
"7901009",18,0,1,0.029904,1,0.007476,1,173.977072739003,1,4.84294469555908,1049.90002441406,1,5.02190017700195,34.9339981079102,0.0299040004611015,0,167.768707275391,-85.9191,25.7878,29.7038870399488,63,63,63,63,61,63,0,8047,1.25895569026649,26,-86,0.001869,51,2023-11-28 15:42:37.00167,1049.90002441406,1.037,0.0011,"aoml_navis",1032.42971256412
"7901009",18,0,1,0.031773,1,0.009345,1,180.638475446341,1,4.84174053329383,1099.19995117188,1,4.82329988479614,34.9410018920898,0.0317730009555817,0,174.192398071289,-85.9191,25.7878,29.7038870399488,63,63,63,63,61,63,0,8047,1.25895569026649,26,-86,0.001869,51,2023-11-28 15:42:37.00167,1099.19995117188,1.037,0.0011,"aoml_navis",1032.68648239572
"7901009",18,0,4,0.024297,1,0.001869,1,185.71637821869,1,4.84056988563047,1149,1,4.68410015106201,34.9469985961914,0.0242970008403063,0,179.089096069336,-85.9191,25.7878,29.7038870399488,63,63,63,63,61,63,0,8047,1.25895569026649,26,-86,0.001869,51,2023-11-28 15:42:37.00167,1149,1.037,0.0011,"aoml_navis",1032.93622819966
"7901009",18,0,1,0.031773,1,0.009345,1,190.089536253652,1,4.83941502969085,1199.5,1,4.57870006561279,34.951000213623,0.0317730009555817,0,183.306198120117,-85.9191,25.7878,29.7038870399488,63,63,63,63,61,63,0,8047,1.25895569026649,26,-86,0.001869,51,2023-11-28 15:42:37.00167,1199.5,1.037,0.0011,"aoml_navis",1033.18272339196
"7901009",18,0,1,0.028035,1,0.005607,1,193.79320419389,1,4.83827488607684,1249.5,1,4.4835000038147,34.9560012817383,0.0280349999666214,0,186.877700805664,-85.9191,25.7878,29.7038870399488,63,63,63,63,61,63,0,8047,1.25895569026649,26,-86,0.001869,51,2023-11-28 15:42:37.00167,1249.5,1.037,0.0011,"aoml_navis",1033.42619378418
"7901009",18,0,1,0.028035,1,0.005607,1,196.06404307321,1,4.83716501958986,1300,1,4.43200016021729,34.9580001831055,0.0280349999666214,0,189.067504882812,-85.9191,25.7878,29.7038870399488,63,63,63,63,61,63,0,8047,1.25895569026649,26,-86,0.001869,51,2023-11-28 15:42:37.00167,1300,1.037,0.0011,"aoml_navis",1033.66330893213
"7901009",18,0,1,0.031773,1,0.009345,1,197.801853275364,1,4.83607857292141,1349.80004882812,1,4.39169979095459,34.9599990844727,0.0317730009555817,0,190.743301391602,-85.9191,25.7878,29.7038870399488,63,63,63,63,61,63,0,8047,1.25895569026649,26,-86,0.001869,51,2023-11-28 15:42:37.00167,1349.80004882812,1.037,0.0011,"aoml_navis",1033.89552601491
"7901009",18,0,1,0.029904,1,0.007476,1,199.388470429655,1,4.83502826934271,1398.69995117188,1,4.36980009078979,34.9609985351562,0.0299040004611015,0,192.273300170898,-85.9191,25.7878,29.7038870399488,63,63,63,63,61,63,0,8047,1.25895569026649,26,-86,0.001869,51,2023-11-28 15:42:37.00167,1398.69995117188,1.037,0.0011,"aoml_navis",1034.12011708459
"7901009",18,0,1,0.031773,1,0.009345,1,200.615246547686,1,4.83401031346814,1446,1,4.34940004348755,34.9630012512207,0.0317730009555817,0,193.456298828125,-85.9191,25.7878,29.7038870399488,63,63,63,63,61,63,0,8047,1.25895569026649,26,-86,0.001869,51,2023-11-28 15:42:37.00167,1446,1.037,0.0011,"aoml_navis",1034.33788423442
"7901009",18,0,1,0.028035,1,0.005607,1,201.935776596496,1,4.83285662977479,1499.90002441406,1,4.32630014419556,34.9640007019043,0.0280349999666214,0,194.729705810547,-85.9191,25.7878,29.7038870399488,63,63,63,63,61,63,0,8047,1.25895569026649,26,-86,0.001869,51,2023-11-28 15:42:37.00167,1499.90002441406,1.037,0.0011,"aoml_navis",1034.58479798375
"7901009",18,0,1,0.029904,1,0.007476,1,202.564505488573,1,4.83180238752466,1549.69995117188,1,4.31510019302368,34.9640007019043,0.0299040004611015,0,195.335998535156,-85.9191,25.7878,29.7038870399488,63,63,63,63,61,63,0,8047,1.25895569026649,26,-86,0.001869,51,2023-11-28 15:42:37.00167,1549.69995117188,1.037,0.0011,"aoml_navis",1034.81053217524
"7901009",18,0,1,0.029904,1,0.007476,1,203.374507803604,1,4.83074292458136,1599.80004882812,1,4.30870008468628,34.9650001525879,0.0299040004611015,0,196.117095947266,-85.9191,25.7878,29.7038870399488,63,63,63,63,61,63,0,8047,1.25895569026649,26,-86,0.001869,51,2023-11-28 15:42:37.00167,1599.80004882812,1.037,0.0011,"aoml_navis",1035.03748348052
"7901009",18,0,1,0.026166,1,0.003738,1,203.785062991449,1,4.82969329889651,1649.69995117188,1,4.30299997329712,34.9650001525879,0.0261659994721413,0,196.513000488281,-85.9191,25.7878,29.7038870399488,63,63,63,63,61,63,0,8047,1.25895569026649,26,-86,0.001869,51,2023-11-28 15:42:37.00167,1649.69995117188,1.037,0.0011,"aoml_navis",1035.26242569945
"7901009",18,0,1,0.028035,1,0.005607,1,204.247772264669,1,4.8286474501275,1699.30004882812,1,4.29680013656616,34.9659996032715,0.0280349999666214,0,196.959197998047,-85.9191,25.7878,29.7038870399488,63,63,63,63,61,63,0,8047,1.25895569026649,26,-86,0.001869,51,2023-11-28 15:42:37.00167,1699.30004882812,1.037,0.0011,"aoml_navis",1035.48665576485
"7901009",18,0,1,0.026166,1,0.003738,1,204.232012110229,1,4.82759716975595,1749.19995117188,1,4.291100025177,34.9669990539551,0.0261659994721413,0,196.944000244141,-85.9191,25.7878,29.7038870399488,63,63,63,63,61,63,0,8047,1.25895569026649,26,-86,0.001869,51,2023-11-28 15:42:37.00167,1749.19995117188,1.037,0.0011,"aoml_navis",1035.71193373882
"7901009",18,0,1,0.026166,1,0.003738,1,204.464094625458,1,4.82654027053876,1800,1,4.29020023345947,34.9659996032715,0.0261659994721413,0,197.16780090332,-85.9191,25.7878,29.7038870399488,63,63,63,63,61,63,0,8047,1.25895569026649,26,-86,0.001869,51,2023-11-28 15:42:37.00167,1800,1.037,0.0011,"aoml_navis",1035.9387303821
"7901009",18,0,1,0.028035,1,0.005607,1,204.995240312285,1,4.82551127849035,1849.19995117188,1,4.28970003128052,34.9669990539551,0.0280349999666214,0,197.679992675781,-85.9191,25.7878,29.7038870399488,63,63,63,63,61,63,0,8047,1.25895569026649,26,-86,0.001869,51,2023-11-28 15:42:37.00167,1849.19995117188,1.037,0.0011,"aoml_navis",1036.15963396199
"7901009",18,0,1,0.024297,1,0.001869,1,205.233240797152,1,4.82446099044417,1899.5,1,4.28929996490479,34.9679985046387,0.0242970008403063,0,197.90950012207,-85.9191,25.7878,29.7038870399488,63,63,63,63,61,63,0,8047,1.25895569026649,26,-86,0.001869,51,2023-11-28 15:42:37.00167,1899.5,1.037,0.0011,"aoml_navis",1036.38520653468
"7901009",18,0,1,0.028035,1,0.005607,1,205.7033079738,1,4.82343615266251,1948.80004882812,1,4.28819990158081,34.9679985046387,0.0280349999666214,0,198.36279296875,-85.9191,25.7878,29.7038870399488,63,63,63,63,61,63,0,8047,1.25895569026649,26,-86,0.001869,51,2023-11-28 15:42:37.00167,1948.80004882812,1.037,0.0011,"aoml_navis",1036.6054077942
"7901009",18,0,1,0.028035,1,0.005607,1,203.220830474368,4,4.8223831609404,1999.59997558594,1,4.2891001701355,34.9679985046387,0.0280349999666214,0,195.968902587891,-85.9191,25.7878,29.7038870399488,63,63,63,63,61,63,0,8047,1.25895569026649,26,-86,0.001869,51,2023-11-28 15:42:37.00167,1999.59997558594,1.037,0.0011,"aoml_navis",1036.83175582111
"7901009",19,0.200130218757026,5,0.24297,1,0.220542,1,192.822321378302,1,4.88742206618606,2.40000009536743,1,28.4640007019043,36.0400009155273,0.242970004677773,0.229886993765831,185.94140625,-85.9708,24.9082,71.0779943527414,63,63,63,63,61,63,0.291564,8279,1.45687144005964,25,-86,0.001869,51,2023-12-08 22:49:18.002431,2.40000009536743,1.037,0.0011,"aoml_navis",1023.03421564362
"7901009",19,0.200130218757026,5,0.229887,1,0.207459,1,192.836736544112,1,4.88738666635287,3.90000009536743,1,28.4610004425049,36.0400009155273,0.229886993765831,0.216803997755051,185.955307006836,-85.9708,24.9082,71.0779943527414,63,63,63,63,61,63,0.291564,8279,1.45687144005964,25,-86,0.001869,51,2023-12-08 22:49:18.002431,3.90000009536743,1.037,0.0011,"aoml_navis",1023.04162558334
"7901009",19,0.200130218757026,5,0.269136,1,0.246708,1,192.755214113538,1,4.88737790967774,5.90000009536743,1,28.4790000915527,36.0390014648438,0.269136011600494,0.256053000688553,185.876693725586,-85.9708,24.9082,71.0779943527414,63,63,63,63,61,63,0.291564,8279,1.45687144005964,25,-86,0.001869,51,2023-12-08 22:49:18.002431,5.90000009536743,1.037,0.0011,"aoml_navis",1023.04345855868
"7901009",19,0.200130218757026,5,0.246708,1,0.22428,1,192.633373524365,1,4.88737031117555,8,1,28.4990005493164,36.0379981994629,0.246708005666733,0.233624994754791,185.759201049805,-85.9708,24.9082,71.0779943527414,63,63,63,63,61,63,0.291564,8279,1.45687144005964,25,-86,0.001869,51,2023-12-08 22:49:18.002431,8,1.037,0.0011,"aoml_navis",1023.04504910686
"7901009",19,0.200130218757026,4,0.246708,1,0.22428,1,192.675891142951,1,4.88732311519989,10,1,28.4950008392334,36.0379981994629,0.246708005666733,0.233624994754791,185.800201416016,-85.9708,24.9082,71.0779943527414,63,63,63,63,61,63,0.291564,8279,1.45687144005964,25,-86,0.001869,51,2023-12-08 22:49:18.002431,10,1.037,0.0011,"aoml_navis",1023.05492846374
"7901009",19,0.200130218757026,5,0.254184,1,0.231756,1,192.641364368201,1,4.8872949442529,12,1,28.5030002593994,36.0379981994629,0.254184007644653,0.241100996732712,185.766906738281,-85.9708,24.9082,71.0779943527414,63,63,63,63,61,63,0.291564,8279,1.45687144005964,25,-86,0.001869,51,2023-12-08 22:49:18.002431,12,1.037,0.0011,"aoml_navis",1023.06082547353
"7901009",19,0.200130218757026,5,0.259791,1,0.237363,1,192.576124270907,1,4.88725567853004,14,1,28.503999710083,36.0379981994629,0.259790986776352,0.246708005666733,185.703994750977,-85.9708,24.9082,71.0779943527414,63,63,63,63,61,63,0.291564,8279,1.45687144005964,25,-86,0.001869,51,2023-12-08 22:49:18.002431,14,1.037,0.0011,"aoml_navis",1023.06904506045
"7901009",19,0.200130218757026,4,0.244839,1,0.222411,1,192.632329176458,1,4.8872132456745,16,1,28.5030002593994,36.0379981994629,0.244838997721672,0.231756001710892,185.758193969727,-85.9708,24.9082,71.0779943527414,63,63,63,63,61,63,0.291564,8279,1.45687144005964,25,-86,0.001869,51,2023-12-08 22:49:18.002431,16,1.037,0.0011,"aoml_navis",1023.07792777926
"7901009",19,0.200130218757026,4,0.244839,1,0.222411,1,192.745261161513,1,4.88716764258303,18,1,28.5,36.0379981994629,0.244838997721672,0.231756001710892,185.867095947266,-85.9708,24.9082,71.0779943527414,63,63,63,63,61,63,0.291564,8279,1.45687144005964,25,-86,0.001869,51,2023-12-08 22:49:18.002431,18,1.037,0.0011,"aoml_navis",1023.08747431413
"7901009",19,0.200130218757026,5,0.265398,1,0.24297,1,192.710117272091,1,4.88712679899669,20,1,28.5,36.0379981994629,0.265397995710373,0.252315014600754,185.833206176758,-85.9708,24.9082,71.0779943527414,63,63,63,63,61,63,0.291564,8279,1.45687144005964,25,-86,0.001869,51,2023-12-08 22:49:18.002431,20,1.037,0.0011,"aoml_navis",1023.09602464714
"7901009",19,0.200130218757026,5,0.252315,1,0.229887,1,192.703993595726,1,4.88708437296114,22,1,28.4990005493164,36.0379981994629,0.252315014600754,0.239232003688812,185.827301025391,-85.9708,24.9082,71.0779943527414,63,63,63,63,61,63,0.291564,8279,1.45687144005964,25,-86,0.001869,51,2023-12-08 22:49:18.002431,22,1.037,0.0011,"aoml_navis",1023.10490640669
"7901009",19,0.200130218757026,5,0.254184,1,0.231756,1,192.752318421613,1,4.88704511884335,24,1,28.5,36.0379981994629,0.254184007644653,0.241100996732712,185.873901367188,-85.9708,24.9082,71.0779943527414,63,63,63,63,61,63,0.291564,8279,1.45687144005964,25,-86,0.001869,51,2023-12-08 22:49:18.002431,24,1.037,0.0011,"aoml_navis",1023.1131242724
"7901009",19,0.200130218757026,5,0.250446,1,0.228018,1,192.713946547751,1,4.88700428227593,26,1,28.5,36.0379981994629,0.250445991754532,0.237362995743752,185.836898803711,-85.9708,24.9082,71.0779943527414,63,63,63,63,61,63,0.291564,8279,1.45687144005964,25,-86,0.001869,51,2023-12-08 22:49:18.002431,26,1.037,0.0011,"aoml_navis",1023.1216735647
"7901009",19,0.200130218757026,5,0.24297,1,0.220542,1,192.706588642041,1,4.8869722514567,27.8999996185303,1,28.5020008087158,36.0369987487793,0.242970004677773,0.229886993765831,185.829803466797,-85.9708,24.9082,71.0779943527414,63,63,63,63,61,63,0.291564,8279,1.45687144005964,25,-86,0.001869,51,2023-12-08 22:49:18.002431,27.8999996185303,1.037,0.0011,"aoml_navis",1023.12837943977
"7901009",19,0.200130218757026,5,0.24297,1,0.220542,1,192.747966972,1,4.88691944319813,30,1,28.4979991912842,36.0379981994629,0.242970004677773,0.229886993765831,185.869705200195,-85.9708,24.9082,71.0779943527414,63,63,63,63,61,63,0.291564,8279,1.45687144005964,25,-86,0.001869,51,2023-12-08 22:49:18.002431,30,1.037,0.0011,"aoml_navis",1023.13943540839
"7901009",19,0.200130218757026,5,0.241101,1,0.218673,1,192.671112460103,1,4.886880201573,32,1,28.4990005493164,36.0379981994629,0.241100996732712,0.228018000721931,185.795593261719,-85.9708,24.9082,71.0779943527414,63,63,63,63,61,63,0.291564,8279,1.45687144005964,25,-86,0.001869,51,2023-12-08 22:49:18.002431,32,1.037,0.0011,"aoml_navis",1023.14765121326
"7901009",19,0.200130218757026,5,0.237363,1,0.214935,1,192.720165164834,1,4.88684413269787,34,1,28.5020008087158,36.0379981994629,0.237362995743752,0.224279999732971,185.842895507812,-85.9708,24.9082,71.0779943527414,63,63,63,63,61,63,0.291564,8279,1.45687144005964,25,-86,0.001869,51,2023-12-08 22:49:18.002431,34,1.037,0.0011,"aoml_navis",1023.15520287316
"7901009",19,0.200130218757026,5,0.24297,1,0.220542,1,192.723488089994,1,4.88680489316433,36,1,28.5030002593994,36.0379981994629,0.242970004677773,0.229886993765831,185.846099853516,-85.9708,24.9082,71.0779943527414,63,63,63,63,61,63,0.291564,8279,1.45687144005964,25,-86,0.001869,51,2023-12-08 22:49:18.002431,36,1.037,0.0011,"aoml_navis",1023.16341849334
"7901009",19,0.200130218757026,5,0.239232,1,0.216804,1,192.674641090153,1,4.88676452652098,37.9000015258789,1,28.5020008087158,36.0379981994629,0.239232003688812,0.226148992776871,185.79899597168,-85.9708,24.9082,71.0779943527414,63,63,63,63,61,63,0.291564,8279,1.45687144005964,25,-86,0.001869,51,2023-12-08 22:49:18.002431,37.9000015258789,1.037,0.0011,"aoml_navis",1023.1718702353
"7901009",19,0.200130218757026,5,0.250446,1,0.228018,1,192.584115114743,1,4.88673163637799,39.9000015258789,1,28.5069999694824,36.0379981994629,0.250445991754532,0.237362995743752,185.711700439453,-85.9708,24.9082,71.0779943527414,63,63,63,63,61,63,0.291564,8279,1.45687144005964,25,-86,0.001869,51,2023-12-08 22:49:18.002431,39.9000015258789,1.037,0.0011,"aoml_navis",1023.17875669268
"7901009",19,0.200130218757026,5,0.259791,1,0.237363,1,192.490788388127,1,4.8866951234751,42,1,28.5109996795654,36.0379981994629,0.259790986776352,0.246708005666733,185.621704101562,-85.9708,24.9082,71.0779943527414,63,63,63,63,61,63,0.291564,8279,1.45687144005964,25,-86,0.001869,51,2023-12-08 22:49:18.002431,42,1.037,0.0011,"aoml_navis",1023.1864017832
"7901009",19,0.200130218757026,5,0.263529,1,0.241101,1,192.473050297158,1,4.88665070696125,44,1,28.5109996795654,36.0390014648438,0.263529002666473,0.250445991754532,185.604598999023,-85.9708,24.9082,71.0779943527414,63,63,63,63,61,63,0.291564,8279,1.45687144005964,25,-86,0.001869,51,2023-12-08 22:49:18.002431,44,1.037,0.0011,"aoml_navis",1023.1957018899
"7901009",19,0.200130218757026,5,0.267267,1,0.244839,1,192.355450393427,1,4.88661349584924,46,1,28.5109996795654,36.0379981994629,0.267266988754272,0.254184007644653,185.491195678711,-85.9708,24.9082,71.0779943527414,63,63,63,63,61,63,0.291564,8279,1.45687144005964,25,-86,0.001869,51,2023-12-08 22:49:18.002431,46,1.037,0.0011,"aoml_navis",1023.203493431
"7901009",19,0.200130218757026,5,0.269136,1,0.246708,1,192.443492086694,1,4.88657427140243,48,1,28.511999130249,36.0379981994629,0.269136011600494,0.256053000688553,185.576095581055,-85.9708,24.9082,71.0779943527414,63,63,63,63,61,63,0.291564,8279,1.45687144005964,25,-86,0.001869,51,2023-12-08 22:49:18.002431,48,1.037,0.0011,"aoml_navis",1023.21170666767
"7901009",19,0.200130218757026,5,0.263529,1,0.241101,1,192.392682978663,1,4.88653187757141,50,1,28.5109996795654,36.0379981994629,0.263529002666473,0.250445991754532,185.527099609375,-85.9708,24.9082,71.0779943527414,63,63,63,63,61,63,0.291564,8279,1.45687144005964,25,-86,0.001869,51,2023-12-08 22:49:18.002431,50,1.037,0.0011,"aoml_navis",1023.22058369237
"7901009",19,0.200130218757026,5,0.269136,1,0.246708,1,192.357428325069,1,4.88648747084052,52,1,28.5109996795654,36.0390014648438,0.269136011600494,0.256053000688553,185.493103027344,-85.9708,24.9082,71.0779943527414,63,63,63,63,61,63,0.291564,8279,1.45687144005964,25,-86,0.001869,51,2023-12-08 22:49:18.002431,52,1.037,0.0011,"aoml_navis",1023.22988237192
"7901009",19,0.200130218757026,5,0.289695,1,0.267267,1,192.320923618677,1,4.88644825366279,54,1,28.511999130249,36.0390014648438,0.289694994688034,0.276612013578415,185.457901000977,-85.9708,24.9082,71.0779943527414,63,63,63,63,61,63,0.291564,8279,1.45687144005964,25,-86,0.001869,51,2023-12-08 22:49:18.002431,54,1.037,0.0011,"aoml_navis",1023.23809451008
"7901009",19,0.200130218757026,4,0.274743,1,0.252315,1,192.259117210714,1,4.88640586679916,56,1,28.5109996795654,36.0390014648438,0.274742990732193,0.261660009622574,185.398300170898,-85.9708,24.9082,71.0779943527414,63,63,63,63,61,63,0.291564,8279,1.45687144005964,25,-86,0.001869,51,2023-12-08 22:49:18.002431,56,1.037,0.0011,"aoml_navis",1023.24697053363
"7901009",19,0.200130218757026,5,0.285957,1,0.263529,1,192.202801540992,1,4.88636348220929,58,1,28.5100002288818,36.0390014648438,0.285957008600235,0.272873997688293,185.343994140625,-85.9708,24.9082,71.0779943527414,63,63,63,63,61,63,0.291564,8279,1.45687144005964,25,-86,0.001869,51,2023-12-08 22:49:18.002431,58,1.037,0.0011,"aoml_navis",1023.25584623503
"7901009",19,0.200130218757026,5,0.287826,1,0.265398,1,192.242518408371,1,4.88632068513362,60,1,28.5109996795654,36.0400009155273,0.287826001644135,0.274742990732193,185.382293701172,-85.9708,24.9082,71.0779943527414,63,63,63,63,61,63,0.291564,8279,1.45687144005964,25,-86,0.001869,51,2023-12-08 22:49:18.002431,60,1.037,0.0011,"aoml_navis",1023.26480847077
"7901009",19,0.200130218757026,4,0.265398,1,0.24297,1,192.259227974886,1,4.88628665373383,62,1,28.5130004882812,36.0390014648438,0.265397995710373,0.252315014600754,185.398406982422,-85.9708,24.9082,71.0779943527414,63,63,63,63,61,63,0.291564,8279,1.45687144005964,25,-86,0.001869,51,2023-12-08 22:49:18.002431,62,1.037,0.0011,"aoml_navis",1023.27193517787
"7901009",19,0.200130218757026,4,0.263529,1,0.241101,1,192.197927917425,1,4.88625062444218,64,1,28.5160007476807,36.0390014648438,0.263529002666473,0.250445991754532,185.339294433594,-85.9708,24.9082,71.0779943527414,63,63,63,63,61,63,0.291564,8279,1.45687144005964,25,-86,0.001869,51,2023-12-08 22:49:18.002431,64,1.037,0.0011,"aoml_navis",1023.27948038294
"7901009",19,0.200130218757026,5,0.274743,1,0.252315,1,192.020293832483,1,4.88620824603562,66,1,28.5149993896484,36.0390014648438,0.274742990732193,0.261660009622574,185.167999267578,-85.9708,24.9082,71.0779943527414,63,63,63,63,61,63,0.291564,8279,1.45687144005964,25,-86,0.001869,51,2023-12-08 22:49:18.002431,66,1.037,0.0011,"aoml_navis",1023.2883553534
"7901009",19,0.200130218757026,5,0.319599,1,0.297171,1,191.841931868697,1,4.88614831190301,68.0999984741211,1,28.5109996795654,36.0419998168945,0.319599002599716,0.306515991687775,184.996002197266,-85.9708,24.9082,71.0779943527414,63,63,63,63,61,63,0.291564,8279,1.45687144005964,25,-86,0.001869,51,2023-12-08 22:49:18.002431,68.0999984741211,1.037,0.0011,"aoml_navis",1023.30090714186
"7901009",19,0.200130218757026,5,0.313992,1,0.291564,1,191.709916799156,1,4.88609162121437,70,1,28.5109996795654,36.0470008850098,0.313991993665695,0.300909012556076,184.868698120117,-85.9708,24.9082,71.0779943527414,63,63,63,63,61,63,0.291564,8279,1.45687144005964,25,-86,0.001869,51,2023-12-08 22:49:18.002431,70,1.037,0.0011,"aoml_navis",1023.31277995097
"7901009",19,0.205261762827719,1,0.321468,1,0.29904,1,191.458545422585,1,4.88593332215292,72,1,28.4979991912842,36.0740013122559,0.321467995643616,0.308385014533997,184.62629699707,-85.9708,24.9082,71.0779943527414,63,63,63,63,61,63,0.29904,8279,1.45687144005964,25,-86,0.001869,51,2023-12-08 22:49:18.002431,72,1.037,0.0011,"aoml_navis",1023.34593420051
"7901009",19,0.206544648845392,1,0.323337,1,0.300909,1,191.410220596697,1,4.88572507769197,73.9000015258789,1,28.4589996337891,36.1040000915527,0.323336988687515,0.310254007577896,184.579696655273,-85.9708,24.9082,71.0779943527414,63,63,63,63,61,63,0.300909,8279,1.45687144005964,25,-86,0.001869,51,2023-12-08 22:49:18.002431,73.9000015258789,1.037,0.0011,"aoml_navis",1023.38955231636
"7901009",19,0.209110420880739,1,0.327075,1,0.304647,1,191.329331104249,1,4.885527155215,76,1,28.4200000762939,36.1300010681152,0.327075004577637,0.313991993665695,184.501693725586,-85.9708,24.9082,71.0779943527414,63,63,63,63,61,63,0.304647,8279,1.45687144005964,25,-86,0.001869,51,2023-12-08 22:49:18.002431,76,1.037,0.0011,"aoml_navis",1023.43101187408
"7901009",19,0.24887988742861,1,0.385014,1,0.362586,1,191.239216538621,1,4.88530559106938,78,1,28.4009990692139,36.1720008850098,0.385013997554779,0.371930986642838,184.414794921875,-85.9708,24.9082,71.0779943527414,63,63,63,63,61,63,0.362586,8279,1.45687144005964,25,-86,0.001869,51,2023-12-08 22:49:18.002431,78,1.037,0.0011,"aoml_navis",1023.47742772536
"7901009",19,0.302761100170886,1,0.463512,1,0.441084,1,190.910705827996,1,4.88506314702704,80.0999984741211,1,28.3950004577637,36.2249984741211,0.463512003421783,0.450428992509842,184.098007202148,-85.9708,24.9082,71.0779943527414,63,63,63,63,61,63,0.441084,8279,1.45687144005964,25,-86,0.001869,51,2023-12-08 22:49:18.002431,80.0999984741211,1.037,0.0011,"aoml_navis",1023.52822256615
"7901009",19,0.2924980120295,4,0.44856,1,0.426132,1,190.298860365458,1,4.88478083059775,81.8000030517578,1,28.3360004425049,36.2680015563965,0.448559999465942,0.435476988554001,183.507995605469,-85.9708,24.9082,71.0779943527414,63,63,63,63,61,63,0.426132,8279,1.45687144005964,25,-86,0.001869,51,2023-12-08 22:49:18.002431,81.8000030517578,1.037,0.0011,"aoml_navis",1023.58737748898
"7901009",19,0.3835829192843,1,0.581259,1,0.558831,1,188.467406428756,1,4.88393431279269,83.9000015258789,1,28.1200008392334,36.3969993591309,0.58125901222229,0.568175971508026,181.741897583008,-85.9708,24.9082,71.0779943527414,63,63,63,63,61,63,0.558831,8279,1.45687144005964,25,-86,0.001869,51,2023-12-08 22:49:18.002431,83.9000015258789,1.037,0.0011,"aoml_navis",1023.76479284402
"7901009",19,0.396411779461033,1,0.599949,1,0.577521,1,187.32017442925,1,4.88328380445377,86,1,27.8929996490479,36.4669990539551,0.59994900226593,0.586866021156311,180.635604858398,-85.9708,24.9082,71.0779943527414,63,63,63,63,61,63,0.577521,8279,1.45687144005964,25,-86,0.001869,51,2023-12-08 22:49:18.002431,86,1.037,0.0011,"aoml_navis",1023.90116983162
"7901009",19,0.379734261231281,4,0.575652,1,0.553224,1,186.933987231932,1,4.88311054854423,88,1,27.8290004730225,36.476001739502,0.575652003288269,0.56256902217865,180.263198852539,-85.9708,24.9082,71.0779943527414,63,63,63,63,61,63,0.553224,8279,1.45687144005964,25,-86,0.001869,51,2023-12-08 22:49:18.002431,88,1.037,0.0011,"aoml_navis",1023.93749850505
"7901009",19,0.392563121408013,1,0.594342,1,0.571914,1,186.740276518601,1,4.88303445379142,90.0999984741211,1,27.8099994659424,36.4770011901855,0.594341993331909,0.58125901222229,180.076400756836,-85.9708,24.9082,71.0779943527414,63,63,63,63,61,63,0.571914,8279,1.45687144005964,25,-86,0.001869,51,2023-12-08 22:49:18.002431,90.0999984741211,1.037,0.0011,"aoml_navis",1023.953455032
"7901009",19,0.388714463354993,1,0.588735,1,0.566307,1,186.176866646123,1,4.88296917801365,91.9000015258789,1,27.7940006256104,36.4780006408691,0.588734984397888,0.575652003288269,179.533096313477,-85.9708,24.9082,71.0779943527414,63,63,63,63,61,63,0.566307,8279,1.45687144005964,25,-86,0.001869,51,2023-12-08 22:49:18.002431,91.9000015258789,1.037,0.0011,"aoml_navis",1023.96714329333
"7901009",19,0.350227882824796,1,0.532665,1,0.510237,1,185.104194757809,1,4.88261097070754,94,1,27.6539993286133,36.5050010681152,0.532665014266968,0.519581973552704,178.49870300293,-85.9708,24.9082,71.0779943527414,63,63,63,63,61,63,0.510237,8279,1.45687144005964,25,-86,0.001869,51,2023-12-08 22:49:18.002431,94,1.037,0.0011,"aoml_navis",1024.04226550031
"7901009",19,0.33996479468341,1,0.517713,1,0.495285,1,184.540990590222,1,4.8823193366547,96,1,27.5620002746582,36.5349998474121,0.517713010311127,0.504630029201508,177.955596923828,-85.9708,24.9082,71.0779943527414,63,63,63,63,61,63,0.495285,8279,1.45687144005964,25,-86,0.001869,51,2023-12-08 22:49:18.002431,96,1.037,0.0011,"aoml_navis",1024.10343429644
"7901009",19,0.325853048489004,1,0.497154,1,0.474726,1,184.024971959896,1,4.88206242428587,98,1,27.4759998321533,36.5579986572266,0.497153997421265,0.484070986509323,177.457992553711,-85.9708,24.9082,71.0779943527414,63,63,63,63,61,63,0.474726,8279,1.45687144005964,25,-86,0.001869,51,2023-12-08 22:49:18.002431,98,1.037,0.0011,"aoml_navis",1024.15732644618
"7901009",19,0.309175530259252,4,0.472857,1,0.450429,1,183.572437023565,1,4.8818062553969,100.199996948242,1,27.3859996795654,36.5779991149902,0.472856998443604,0.459773987531662,177.021606445312,-85.9708,24.9082,71.0779943527414,63,63,63,63,61,63,0.450429,8279,1.45687144005964,25,-86,0.001869,51,2023-12-08 22:49:18.002431,100.199996948242,1.037,0.0011,"aoml_navis",1024.21106828491
"7901009",19,0.319438618400638,1,0.487809,1,0.465381,1,182.699678642214,1,4.8815610512053,102,1,27.2929992675781,36.5960006713867,0.487809002399445,0.474725991487503,176.179992675781,-85.9708,24.9082,71.0779943527414,63,63,63,63,61,63,0.465381,8279,1.45687144005964,25,-86,0.001869,51,2023-12-08 22:49:18.002431,102,1.037,0.0011,"aoml_navis",1024.26251511603
"7901009",19,0.289932239994153,1,0.444822,1,0.422394,1,180.815231960948,1,4.88127250349003,103.900001525879,1,27.1800003051758,36.617000579834,0.444822013378143,0.431739002466202,174.36279296875,-85.9708,24.9082,71.0779943527414,63,63,63,63,61,63,0.422394,8279,1.45687144005964,25,-86,0.001869,51,2023-12-08 22:49:18.002431,103.900001525879,1.037,0.0011,"aoml_navis",1024.32306256721
"7901009",19,0.261708747605342,1,0.403704,1,0.381276,1,179.256827531617,1,4.88061470723481,106,1,26.9060001373291,36.6710014343262,0.403703987598419,0.3906210064888,172.860000610352,-85.9708,24.9082,71.0779943527414,63,63,63,63,61,63,0.381276,8279,1.45687144005964,25,-86,0.001869,51,2023-12-08 22:49:18.002431,106,1.037,0.0011,"aoml_navis",1024.46111810224
"7901009",19,0.220656395039798,1,0.343896,1,0.321468,1,176.335580730305,1,4.88020502556999,108,1,26.7140007019043,36.6920013427734,0.343896001577377,0.330812990665436,170.042999267578,-85.9708,24.9082,71.0779943527414,63,63,63,63,61,63,0.321468,8279,1.45687144005964,25,-86,0.001869,51,2023-12-08 22:49:18.002431,108,1.037,0.0011,"aoml_navis",1024.54711918912
"7901009",19,0.207827534863066,1,0.325206,1,0.302778,1,173.579736484657,1,4.87995355343679,110,1,26.5779991149902,36.693000793457,0.325206011533737,0.312123000621796,167.385498046875,-85.9708,24.9082,71.0779943527414,63,63,63,63,61,63,0.302778,8279,1.45687144005964,25,-86,0.001869,51,2023-12-08 22:49:18.002431,110,1.037,0.0011,"aoml_navis",1024.59991580835
"7901009",19,0.194998674686333,1,0.306516,1,0.284088,1,170.823797298291,1,4.87967621395309,112,1,26.4150009155273,36.689998626709,0.306515991687775,0.293433010578156,164.727905273438,-85.9708,24.9082,71.0779943527414,63,63,63,63,61,63,0.284088,8279,1.45687144005964,25,-86,0.001869,51,2023-12-08 22:49:18.002431,112,1.037,0.0011,"aoml_navis",1024.65814959256
"7901009",19,0.184735586544947,1,0.291564,1,0.269136,1,169.834689066006,1,4.87934170834565,114,1,26.2730007171631,36.7120018005371,0.291563987731934,0.278481006622314,163.77409362793,-85.9708,24.9082,71.0779943527414,63,63,63,63,61,63,0.269136,8279,1.45687144005964,25,-86,0.001869,51,2023-12-08 22:49:18.002431,114,1.037,0.0011,"aoml_navis",1024.72839552269
"7901009",19,0.171906726368215,1,0.272874,1,0.250446,1,168.775498759768,1,4.87912884691502,116,1,26.19700050354,36.7280006408691,0.272873997688293,0.259790986776352,162.752700805664,-85.9708,24.9082,71.0779943527414,63,63,63,63,61,63,0.250446,8279,1.45687144005964,25,-86,0.001869,51,2023-12-08 22:49:18.002431,116,1.037,0.0011,"aoml_navis",1024.77310128045
"7901009",19,0.159077866191482,1,0.254184,1,0.231756,1,167.366515198432,1,4.87880993789306,118,1,26.0790004730225,36.7560005187988,0.254184007644653,0.241100996732712,161.393997192383,-85.9708,24.9082,71.0779943527414,63,63,63,63,61,63,0.231756,8279,1.45687144005964,25,-86,0.001869,51,2023-12-08 22:49:18.002431,118,1.037,0.0011,"aoml_navis",1024.84008675265
"7901009",19,0.152663436103116,1,0.244839,1,0.222411,1,166.517935053477,1,4.87844388694207,120,1,25.9340000152588,36.7859992980957,0.244838997721672,0.231756001710892,160.575698852539,-85.9708,24.9082,71.0779943527414,63,63,63,63,61,63,0.222411,8279,1.45687144005964,25,-86,0.001869,51,2023-12-08 22:49:18.002431,120,1.037,0.0011,"aoml_navis",1024.91698498025
"7901009",19,0.147531892032423,1,0.237363,1,0.214935,1,166.076270829453,1,4.87823551185247,122,1,25.8579998016357,36.8009986877441,0.237362995743752,0.224279999732971,160.149795532227,-85.9708,24.9082,71.0779943527414,63,63,63,63,61,63,0.214935,8279,1.45687144005964,25,-86,0.001869,51,2023-12-08 22:49:18.002431,122,1.037,0.0011,"aoml_navis",1024.96076457393
"7901009",19,0.139834575926384,1,0.226149,1,0.203721,1,165.651411112662,1,4.87809726568007,124,1,25.8120002746582,36.8089981079102,0.226148992776871,0.21306599676609,159.740097045898,-85.9708,24.9082,71.0779943527414,63,63,63,63,61,63,0.203721,8279,1.45687144005964,25,-86,0.001869,51,2023-12-08 22:49:18.002431,124,1.037,0.0011,"aoml_navis",1024.98981215024
"7901009",19,0.129571487784998,1,0.211197,1,0.188769,1,165.565141646147,1,4.87787009639713,126,1,25.7280006408691,36.826000213623,0.211197003722191,0.198113992810249,159.65690612793,-85.9708,24.9082,71.0779943527414,63,63,63,63,61,63,0.188769,8279,1.45687144005964,25,-86,0.001869,51,2023-12-08 22:49:18.002431,126,1.037,0.0011,"aoml_navis",1025.03754736992
"7901009",19,0.128288601767324,1,0.209328,1,0.1869,1,165.18974604387,1,4.87764318387734,128,1,25.6439990997314,36.8429985046387,0.20932799577713,0.19624499976635,159.294906616211,-85.9708,24.9082,71.0779943527414,63,63,63,63,61,63,0.1869,8279,1.45687144005964,25,-86,0.001869,51,2023-12-08 22:49:18.002431,128,1.037,0.0011,"aoml_navis",1025.08523307467
"7901009",19,0.0898020212371271,1,0.153258,1,0.13083,1,165.017381168824,1,4.87733538772693,130,1,25.5149993896484,36.8639984130859,0.153257995843887,0.140174999833107,159.128692626953,-85.9708,24.9082,71.0779943527414,63,63,63,63,61,63,0.13083,8279,1.45687144005964,25,-86,0.001869,51,2023-12-08 22:49:18.002431,130,1.037,0.0011,"aoml_navis",1025.14992357953
"7901009",19,0.0602956428306425,1,0.110271,1,0.087843,1,165.56213519005,1,4.87709832047354,132,1,25.4139995574951,36.8769989013672,0.110270999372005,0.0971880033612251,159.654006958008,-85.9708,24.9082,71.0779943527414,63,63,63,63,61,63,0.087843,8279,1.45687144005964,25,-86,0.001869,51,2023-12-08 22:49:18.002431,132,1.037,0.0011,"aoml_navis",1025.19975433149
"7901009",19,0.0461838966362368,1,0.089712,1,0.067284,1,165.31832742408,1,4.87696776623914,134,1,25.363000869751,36.8810005187988,0.0897120013833046,0.0766289979219437,159.418899536133,-85.9708,24.9082,71.0779943527414,63,63,63,63,61,63,0.067284,8279,1.45687144005964,25,-86,0.001869,51,2023-12-08 22:49:18.002431,134,1.037,0.0011,"aoml_navis",1025.22719846798
"7901009",19,0.0372036945125241,1,0.076629,1,0.054201,1,165.181850140754,1,4.8767690150047,136,1,25.2730007171631,36.8880004882812,0.0766289979219437,0.0635460019111633,159.287292480469,-85.9708,24.9082,71.0779943527414,63,63,63,63,61,63,0.054201,8279,1.45687144005964,25,-86,0.001869,51,2023-12-08 22:49:18.002431,136,1.037,0.0011,"aoml_navis",1025.2689812899
"7901009",19,0.0410523525655438,1,0.082236,1,0.059808,1,165.277471268074,1,4.87652824170863,138,1,25.1860008239746,36.9080009460449,0.0822359994053841,0.0691530033946037,159.379501342773,-85.9708,24.9082,71.0779943527414,63,63,63,63,61,63,0.059808,8279,1.45687144005964,25,-86,0.001869,51,2023-12-08 22:49:18.002431,138,1.037,0.0011,"aoml_navis",1025.31960283452
"7901009",19,0.0397694665478706,1,0.080367,1,0.057939,1,164.718729314272,1,4.8763977635188,140,1,25.1469993591309,36.9169998168945,0.0803669989109039,0.0672840029001236,158.840698242188,-85.9708,24.9082,71.0779943527414,63,63,63,63,61,63,0.057939,8279,1.45687144005964,25,-86,0.001869,51,2023-12-08 22:49:18.002431,140,1.037,0.0011,"aoml_navis",1025.34703739836
"7901009",19,0.0397694665478706,1,0.080367,1,0.057939,1,163.956117990224,1,4.87614937990449,142,1,25.056999206543,36.9379997253418,0.0803669989109039,0.0672840029001236,158.10530090332,-85.9708,24.9082,71.0779943527414,63,63,63,63,61,63,0.057939,8279,1.45687144005964,25,-86,0.001869,51,2023-12-08 22:49:18.002431,142,1.037,0.0011,"aoml_navis",1025.39926701301
"7901009",19,0.0384865805301974,1,0.078498,1,0.05607,1,163.212589750661,1,4.87588678006945,144,1,24.9619998931885,36.9609985351562,0.0784979984164238,0.0654150024056435,157.388305664062,-85.9708,24.9082,71.0779943527414,63,63,63,63,61,63,0.05607,8279,1.45687144005964,25,-86,0.001869,51,2023-12-08 22:49:18.002431,144,1.037,0.0011,"aoml_navis",1025.45449177324
"7901009",19,0.0474667826539101,1,0.091581,1,0.069153,1,162.116467504795,1,4.8757229861007,146,1,24.8999996185303,36.9700012207031,0.0915810018777847,0.0784979984164238,156.331298828125,-85.9708,24.9082,71.0779943527414,63,63,63,63,61,63,0.069153,8279,1.45687144005964,25,-86,0.001869,51,2023-12-08 22:49:18.002431,146,1.037,0.0011,"aoml_navis",1025.48894066656
"7901009",19,0.0359208084948509,1,0.07476,1,0.052332,1,160.052519571117,1,4.8755219198851,148,1,24.7999992370605,36.9739990234375,0.0747599974274635,0.0616770014166832,154.341003417969,-85.9708,24.9082,71.0779943527414,63,63,63,63,61,63,0.052332,8279,1.45687144005964,25,-86,0.001869,51,2023-12-08 22:49:18.002431,148,1.037,0.0011,"aoml_navis",1025.53123176561
"7901009",19,0.0256577203534649,1,0.059808,1,0.03738,1,158.357226448678,1,4.87520510897396,150,1,24.625,36.9799995422363,0.0598080009222031,0.0467250011861324,152.706207275391,-85.9708,24.9082,71.0779943527414,63,63,63,63,61,63,0.03738,8279,1.45687144005964,25,-86,0.001869,51,2023-12-08 22:49:18.002431,150,1.037,0.0011,"aoml_navis",1025.59787500967
"7901009",19,0.0205261762827719,1,0.052332,1,0.029904,1,156.720511749761,1,4.87505788824324,152,1,24.5639991760254,36.9850006103516,0.0523319989442825,0.0392489992082119,151.127899169922,-85.9708,24.9082,71.0779943527414,63,63,63,63,61,63,0.029904,8279,1.45687144005964,25,-86,0.001869,51,2023-12-08 22:49:18.002431,152,1.037,0.0011,"aoml_navis",1025.62884679956
"7901009",19,0.0141117461944057,1,0.042987,1,0.020559,1,154.782977383213,1,4.87479446805468,154,1,24.4150009155273,36.9869995117188,0.0429870001971722,0.0299040004611015,149.259506225586,-85.9708,24.9082,71.0779943527414,63,63,63,63,61,63,0.020559,8279,1.45687144005964,25,-86,0.001869,51,2023-12-08 22:49:18.002431,154,1.037,0.0011,"aoml_navis",1025.68426889909
"7901009",19,0.00513154407069298,1,0.029904,1,0.007476,1,153.047223691097,1,4.87438101535259,156,1,24.1809997558594,36.9970016479492,0.0299040004611015,0.0168210007250309,147.585693359375,-85.9708,24.9082,71.0779943527414,63,63,63,63,61,63,0.007476,8279,1.45687144005964,25,-86,0.001869,51,2023-12-08 22:49:18.002431,156,1.037,0.0011,"aoml_navis",1025.77126905996
"7901009",19,0.00513154407069298,1,0.029904,1,0.007476,1,152.304945504332,1,4.87380770443758,158,1,23.8509998321533,37.0139999389648,0.0299040004611015,0.0168210007250309,146.869903564453,-85.9708,24.9082,71.0779943527414,63,63,63,63,61,63,0.007476,8279,1.45687144005964,25,-86,0.001869,51,2023-12-08 22:49:18.002431,158,1.037,0.0011,"aoml_navis",1025.89193156872
"7901009",19,0,1,0.022428,1,0,1,152.190146351807,1,4.87343264307045,160,1,23.6280002593994,37.0190010070801,0.0224280003458261,0.00934499967843294,146.759201049805,-85.9708,24.9082,71.0779943527414,63,63,63,63,61,63,0,8279,1.45687144005964,25,-86,0.001869,51,2023-12-08 22:49:18.002431,160,1.037,0.0011,"aoml_navis",1025.97088463088
"7901009",19,0.00128288601767324,1,0.024297,1,0.001869,1,152.033968869322,1,4.87327222854049,162,1,23.5510005950928,37.0219993591309,0.0242970008403063,0.0112140001729131,146.608596801758,-85.9708,24.9082,71.0779943527414,63,63,63,63,61,63,0.001869,8279,1.45687144005964,25,-86,0.001869,51,2023-12-08 22:49:18.002431,162,1.037,0.0011,"aoml_navis",1026.00465673092
"7901009",19,0,1,0.022428,1,0,1,151.904453905376,1,4.87316477221012,164,1,23.5139999389648,37.0260009765625,0.0224280003458261,0.00934499967843294,146.483703613281,-85.9708,24.9082,71.0779943527414,63,63,63,63,61,63,0,8279,1.45687144005964,25,-86,0.001869,51,2023-12-08 22:49:18.002431,164,1.037,0.0011,"aoml_navis",1026.02728077515
"7901009",19,0,1,0.022428,1,0,1,151.702641584038,1,4.87307005582594,166,1,23.4860000610352,37.0299987792969,0.0224280003458261,0.00934499967843294,146.289093017578,-85.9708,24.9082,71.0779943527414,63,63,63,63,61,63,0,8279,1.45687144005964,25,-86,0.001869,51,2023-12-08 22:49:18.002431,166,1.037,0.0011,"aoml_navis",1026.04722335611
"7901009",19,-0.00128288601767324,1,0.020559,1,-0.001869,1,151.442773013131,1,4.87299038184843,168,1,23.4610004425049,37.0309982299805,0.020558999851346,0.00747600011527538,146.038497924805,-85.9708,24.9082,71.0779943527414,63,63,63,63,61,63,-0.001869,8279,1.45687144005964,25,-86,0.001869,51,2023-12-08 22:49:18.002431,168,1.037,0.0011,"aoml_navis",1026.06399935134
"7901009",19,0.00128288601767324,1,0.024297,1,0.001869,1,151.167555692679,1,4.87288539462416,170,1,23.4179992675781,37.0320014953613,0.0242970008403063,0.0112140001729131,145.773101806641,-85.9708,24.9082,71.0779943527414,63,63,63,63,61,63,0.001869,8279,1.45687144005964,25,-86,0.001869,51,2023-12-08 22:49:18.002431,170,1.037,0.0011,"aoml_navis",1026.08610609149
"7901009",19,-0.00128288601767324,1,0.020559,1,-0.001869,1,150.938273856691,1,4.87274538288821,172,1,23.3500003814697,37.0330009460449,0.020558999851346,0.00747600011527538,145.552001953125,-85.9708,24.9082,71.0779943527414,63,63,63,63,61,63,-0.001869,8279,1.45687144005964,25,-86,0.001869,51,2023-12-08 22:49:18.002431,172,1.037,0.0011,"aoml_navis",1026.11558928539
"7901009",19,0.00256577203534649,1,0.026166,1,0.003738,1,150.543067291083,1,4.87265759062,174,1,23.3139991760254,37.0320014953613,0.0261659994721413,0.0130829997360706,145.1708984375,-85.9708,24.9082,71.0779943527414,63,63,63,63,61,63,0.003738,8279,1.45687144005964,25,-86,0.001869,51,2023-12-08 22:49:18.002431,174,1.037,0.0011,"aoml_navis",1026.13407714614
"7901009",19,0,1,0.022428,1,0,1,149.613297008071,1,4.87256984078703,176,1,23.2600002288818,37.023998260498,0.0224280003458261,0.00934499967843294,144.274307250977,-85.9708,24.9082,71.0779943527414,63,63,63,63,61,63,0,8279,1.45687144005964,25,-86,0.001869,51,2023-12-08 22:49:18.002431,176,1.037,0.0011,"aoml_navis",1026.15255673634
"7901009",19,-0.00128288601767324,1,0.020559,1,-0.001869,1,149.181585736071,1,4.8721328554207,178,1,22.9449996948242,37.0120010375977,0.020558999851346,0.00747600011527538,143.858001708984,-85.9708,24.9082,71.0779943527414,63,63,63,63,61,63,-0.001869,8279,1.45687144005964,25,-86,0.001869,51,2023-12-08 22:49:18.002431,178,1.037,0.0011,"aoml_navis",1026.24459315329
"7901009",19,0.00128288601767324,1,0.024297,1,0.001869,1,149.040139888459,1,4.87176905585404,180,1,22.6830005645752,37.0009994506836,0.0242970008403063,0.0112140001729131,143.721603393555,-85.9708,24.9082,71.0779943527414,63,63,63,63,61,63,0.001869,8279,1.45687144005964,25,-86,0.001869,51,2023-12-08 22:49:18.002431,180,1.037,0.0011,"aoml_navis",1026.32122801303
"7901009",19,-0.00128288601767324,1,0.020559,1,-0.001869,1,148.868930125492,1,4.87155606619104,182,1,22.5370006561279,36.9930000305176,0.020558999851346,0.00747600011527538,143.556503295898,-85.9708,24.9082,71.0779943527414,63,63,63,63,61,63,-0.001869,8279,1.45687144005964,25,-86,0.001869,51,2023-12-08 22:49:18.002431,182,1.037,0.0011,"aoml_navis",1026.36609987933
"7901009",19,-0.00256577203534649,1,0.01869,1,-0.003738,1,148.771964004654,1,4.87139414947394,184,1,22.4330005645752,36.9869995117188,0.0186899993568659,0.00560700008645654,143.462997436523,-85.9708,24.9082,71.0779943527414,63,63,63,63,61,63,-0.003738,8279,1.45687144005964,25,-86,0.001869,51,2023-12-08 22:49:18.002431,184,1.037,0.0011,"aoml_navis",1026.40021451353
"7901009",19,0,1,0.022428,1,0,1,148.608112147397,1,4.87132295509591,186,1,22.4029998779297,36.984001159668,0.0224280003458261,0.00934499967843294,143.304992675781,-85.9708,24.9082,71.0779943527414,63,63,63,63,61,63,0,8279,1.45687144005964,25,-86,0.001869,51,2023-12-08 22:49:18.002431,186,1.037,0.0011,"aoml_navis",1026.4152153512
"7901009",19,-0.00128288601767324,1,0.020559,1,-0.001869,1,148.426538022623,1,4.87120671622873,188,1,22.3400001525879,36.9809989929199,0.020558999851346,0.00747600011527538,143.129898071289,-85.9708,24.9082,71.0779943527414,63,63,63,63,61,63,-0.001869,8279,1.45687144005964,25,-86,0.001869,51,2023-12-08 22:49:18.002431,188,1.037,0.0011,"aoml_navis",1026.43970812041
"7901009",19,-0.00384865805301973,1,0.016821,1,-0.005607,1,148.164074405402,1,4.87113240099259,190,1,22.3050003051758,36.9770011901855,0.0168210007250309,0.00373800005763769,142.876800537109,-85.9708,24.9082,71.0779943527414,63,63,63,63,61,63,-0.005607,8279,1.45687144005964,25,-86,0.001869,51,2023-12-08 22:49:18.002431,190,1.037,0.0011,"aoml_navis",1026.45536774594
"7901009",19,-0.00384865805301973,1,0.016821,1,-0.005607,1,147.830990716819,1,4.8710126917868,192,1,22.2339992523193,36.9720001220703,0.0168210007250309,0.00373800005763769,142.555603027344,-85.9708,24.9082,71.0779943527414,63,63,63,63,61,63,-0.005607,8279,1.45687144005964,25,-86,0.001869,51,2023-12-08 22:49:18.002431,192,1.037,0.0011,"aoml_navis",1026.48059374403
"7901009",19,-0.00384865805301973,1,0.016821,1,-0.005607,1,147.695969191182,1,4.87084556820631,194,1,22.1200008392334,36.9640007019043,0.0168210007250309,0.00373800005763769,142.425399780273,-85.9708,24.9082,71.0779943527414,63,63,63,63,61,63,-0.005607,8279,1.45687144005964,25,-86,0.001869,51,2023-12-08 22:49:18.002431,194,1.037,0.0011,"aoml_navis",1026.5158133193
"7901009",19,-0.00513154407069298,1,0.014952,1,-0.007476,1,147.761098524303,1,4.87060052583643,196,1,21.9400005340576,36.9529991149902,0.0149520002305508,0.00186900002881885,142.488204956055,-85.9708,24.9082,71.0779943527414,63,63,63,63,61,63,-0.007476,8279,1.45687144005964,25,-86,0.001869,51,2023-12-08 22:49:18.002431,196,1.037,0.0011,"aoml_navis",1026.56745784779
"7901009",19,-0.00256577203534649,1,0.01869,1,-0.003738,1,148.149042124919,1,4.87040419156816,198,1,21.7980003356934,36.943000793457,0.0186899993568659,0.00560700008645654,142.8623046875,-85.9708,24.9082,71.0779943527414,63,63,63,63,61,63,-0.003738,8279,1.45687144005964,25,-86,0.001869,51,2023-12-08 22:49:18.002431,198,1.037,0.0011,"aoml_navis",1026.60884052626
"7901009",19,-0.00384865805301973,1,0.016821,1,-0.005607,1,148.624616009021,1,4.87018545341845,200,1,21.6359996795654,36.931999206543,0.0168210007250309,0.00373800005763769,143.320907592773,-85.9708,24.9082,71.0779943527414,63,63,63,63,61,63,-0.005607,8279,1.45687144005964,25,-86,0.001869,51,2023-12-08 22:49:18.002431,200,1.037,0.0011,"aoml_navis",1026.65494934909
"7901009",19,-0.00513154407069298,1,0.014952,1,-0.007476,1,148.959566865074,1,4.86998332013551,202,1,21.4829998016357,36.9199981689453,0.0149520002305508,0.00186900002881885,143.643905639648,-85.9708,24.9082,71.0779943527414,63,63,63,63,61,63,-0.007476,8279,1.45687144005964,25,-86,0.001869,51,2023-12-08 22:49:18.002431,202,1.037,0.0011,"aoml_navis",1026.69756163782
"7901009",19,-0.00256577203534649,1,0.01869,1,-0.003738,1,149.057355805475,1,4.86987870466219,204,1,21.4190006256104,36.9140014648438,0.0186899993568659,0.00560700008645654,143.738204956055,-85.9708,24.9082,71.0779943527414,63,63,63,63,61,63,-0.003738,8279,1.45687144005964,25,-86,0.001869,51,2023-12-08 22:49:18.002431,204,1.037,0.0011,"aoml_navis",1026.71961731064
"7901009",19,-0.00384865805301973,1,0.016821,1,-0.005607,1,149.119367918328,1,4.86981793079755,206,1,21.3959999084473,36.9109992980957,0.0168210007250309,0.00373800005763769,143.798004150391,-85.9708,24.9082,71.0779943527414,63,63,63,63,61,63,-0.005607,8279,1.45687144005964,25,-86,0.001869,51,2023-12-08 22:49:18.002431,206,1.037,0.0011,"aoml_navis",1026.73243046299
"7901009",19,-0.00641443008836622,1,0.013083,1,-0.009345,1,149.061090140416,1,4.86976629012605,208,1,21.3880004882812,36.9109992980957,0.0130829997360706,0,143.741806030273,-85.9708,24.9082,71.0779943527414,63,63,63,63,61,63,-0.009345,8279,1.45687144005964,25,-86,0.001869,51,2023-12-08 22:49:18.002431,208,1.037,0.0011,"aoml_navis",1026.74331828573
"7901009",19,-0.00513154407069298,1,0.014952,1,-0.007476,1,148.891225370965,1,4.86971920214097,210,1,21.3780002593994,36.9090003967285,0.0149520002305508,0.00186900002881885,143.578002929688,-85.9708,24.9082,71.0779943527414,63,63,63,63,61,63,-0.007476,8279,1.45687144005964,25,-86,0.001869,51,2023-12-08 22:49:18.002431,210,1.037,0.0011,"aoml_navis",1026.75324642985
"7901009",19,0,1,0.014952,1,-0.007476,1,148.907301999355,1,4.8696121868701,212,1,21.3120002746582,36.9029998779297,0.0149520002305508,0,143.593505859375,-85.9708,24.9082,71.0779943527414,63,63,63,63,61,63,0,8279,1.45687144005964,25,-86,0.001869,51,2023-12-08 22:49:18.002431,212,1.037,0.0011,"aoml_navis",1026.77581050119
"7901009",19,0,1,0.013083,1,-0.009345,1,148.914454200174,1,4.86951688628648,214,1,21.2520008087158,36.8959999084473,0.0130829997360706,0,143.600402832031,-85.9708,24.9082,71.0779943527414,63,63,63,63,61,63,0,8279,1.45687144005964,25,-86,0.001869,51,2023-12-08 22:49:18.002431,214,1.037,0.0011,"aoml_navis",1026.79590537636
"7901009",19,0,1,0.013083,1,-0.009345,1,148.875670916529,1,4.86945191213231,216,1,21.2229995727539,36.8919982910156,0.0130829997360706,0,143.563003540039,-85.9708,24.9082,71.0779943527414,63,63,63,63,61,63,0,8279,1.45687144005964,25,-86,0.001869,51,2023-12-08 22:49:18.002431,216,1.037,0.0011,"aoml_navis",1026.80960613707
"7901009",19,0,1,0.014952,1,-0.007476,1,148.863012154018,1,4.86935583351154,218,1,21.1650009155273,36.8860015869141,0.0149520002305508,0,143.550796508789,-85.9708,24.9082,71.0779943527414,63,63,63,63,61,63,0,8279,1.45687144005964,25,-86,0.001869,51,2023-12-08 22:49:18.002431,218,1.037,0.0011,"aoml_navis",1026.82986640437
"7901009",19,0,1,0.014952,1,-0.007476,1,149.052782827517,1,4.86918202815244,220,1,21.0259990692139,36.8720016479492,0.0149520002305508,0,143.733795166016,-85.9708,24.9082,71.0779943527414,63,63,63,63,61,63,0,8279,1.45687144005964,25,-86,0.001869,51,2023-12-08 22:49:18.002431,220,1.037,0.0011,"aoml_navis",1026.86651907676
"7901009",19,0,1,0.016821,1,-0.005607,1,149.03847842588,1,4.86904863513836,222,1,20.9200000762939,36.859001159668,0.0168210007250309,0,143.720001220703,-85.9708,24.9082,71.0779943527414,63,63,63,63,61,63,0,8279,1.45687144005964,25,-86,0.001869,51,2023-12-08 22:49:18.002431,222,1.037,0.0011,"aoml_navis",1026.89465122952
"7901009",19,0,1,0.013083,1,-0.009345,1,149.299691990303,1,4.86886508756965,224,1,20.7670001983643,36.8429985046387,0.0130829997360706,0,143.971893310547,-85.9708,24.9082,71.0779943527414,63,63,63,63,61,63,0,8279,1.45687144005964,25,-86,0.001869,51,2023-12-08 22:49:18.002431,224,1.037,0.0011,"aoml_navis",1026.93336333454
"7901009",19,0,1,0.016821,1,-0.005607,1,149.396563170422,1,4.86873984710747,226,1,20.6720008850098,36.8320007324219,0.0168210007250309,0,144.065307617188,-85.9708,24.9082,71.0779943527414,63,63,63,63,61,63,0,8279,1.45687144005964,25,-86,0.001869,51,2023-12-08 22:49:18.002431,226,1.037,0.0011,"aoml_navis",1026.95977953526
"7901009",19,0,1,0.016821,1,-0.005607,1,149.379236489234,1,4.86868098814797,228,1,20.6499996185303,36.8289985656738,0.0168210007250309,0,144.048599243164,-85.9708,24.9082,71.0779943527414,63,63,63,63,61,63,0,8279,1.45687144005964,25,-86,0.001869,51,2023-12-08 22:49:18.002431,228,1.037,0.0011,"aoml_navis",1026.97219476316
"7901009",19,0,1,0.014952,1,-0.007476,1,149.297318472332,1,4.86861693334005,230,1,20.6240005493164,36.826000213623,0.0149520002305508,0,143.969604492188,-85.9708,24.9082,71.0779943527414,63,63,63,63,61,63,0,8279,1.45687144005964,25,-86,0.001869,51,2023-12-08 22:49:18.002431,230,1.037,0.0011,"aoml_navis",1026.98570630198
"7901009",19,0,1,0.020559,1,-0.001869,1,148.899722565301,1,4.86854237208352,232,1,20.576000213623,36.818000793457,0.020558999851346,0,143.586196899414,-85.9708,24.9082,71.0779943527414,63,63,63,63,61,63,0,8279,1.45687144005964,25,-86,0.001869,51,2023-12-08 22:49:18.002431,232,1.037,0.0011,"aoml_navis",1027.00143448895
"7901009",19,0,1,0.016821,1,-0.005607,1,148.63393602292,1,4.86840821187579,234,1,20.4680004119873,36.8050003051758,0.0168210007250309,0,143.329895019531,-85.9708,24.9082,71.0779943527414,63,63,63,63,61,63,0,8279,1.45687144005964,25,-86,0.001869,51,2023-12-08 22:49:18.002431,234,1.037,0.0011,"aoml_navis",1027.02973588024
"7901009",19,0,1,0.013083,1,-0.009345,1,148.549945133657,1,4.86833624943666,236,1,20.4190006256104,36.7960014343262,0.0130829997360706,0,143.248901367188,-85.9708,24.9082,71.0779943527414,63,63,63,63,61,63,0,8279,1.45687144005964,25,-86,0.001869,51,2023-12-08 22:49:18.002431,236,1.037,0.0011,"aoml_navis",1027.04491715801
"7901009",19,0,1,0.014952,1,-0.007476,1,148.105590922599,1,4.86826725705763,238,1,20.3889999389648,36.7929992675781,0.0149520002305508,0,142.820404052734,-85.9708,24.9082,71.0779943527414,63,63,63,63,61,63,0,8279,1.45687144005964,25,-86,0.001869,51,2023-12-08 22:49:18.002431,238,1.037,0.0011,"aoml_navis",1027.05947228994
"7901009",19,0,1,0.020559,1,-0.001869,1,146.96892898979,1,4.86819930769669,240,1,20.3430004119873,36.7840003967285,0.020558999851346,0,141.724304199219,-85.9708,24.9082,71.0779943527414,63,63,63,63,61,63,0,8279,1.45687144005964,25,-86,0.001869,51,2023-12-08 22:49:18.002431,240,1.037,0.0011,"aoml_navis",1027.07380778247
"7901009",19,0,1,0.016821,1,-0.005607,1,145.651199282708,1,4.86811984647695,242,1,20.2880001068115,36.7750015258789,0.0168210007250309,0,140.453598022461,-85.9708,24.9082,71.0779943527414,63,63,63,63,61,63,0,8279,1.45687144005964,25,-86,0.001869,51,2023-12-08 22:49:18.002431,242,1.037,0.0011,"aoml_navis",1027.09057247604
"7901009",19,0,1,0.01869,1,-0.003738,1,143.965653407403,1,4.86805005483562,244,1,20.2320003509521,36.7630004882812,0.0186899993568659,0,138.828201293945,-85.9708,24.9082,71.0779943527414,63,63,63,63,61,63,0,8279,1.45687144005964,25,-86,0.001869,51,2023-12-08 22:49:18.002431,244,1.037,0.0011,"aoml_navis",1027.10529753763
"7901009",19,0,1,0.020559,1,-0.001869,1,143.136567756716,1,4.86791048901286,246,1,20.0820007324219,36.7369995117188,0.020558999851346,0,138.028701782227,-85.9708,24.9082,71.0779943527414,63,63,63,63,61,63,0,8279,1.45687144005964,25,-86,0.001869,51,2023-12-08 22:49:18.002431,246,1.037,0.0011,"aoml_navis",1027.13474524342
"7901009",19,0,1,0.020559,1,-0.001869,1,143.908609858836,1,4.86784780829323,248,1,20.0510005950928,36.7319984436035,0.020558999851346,0,138.773193359375,-85.9708,24.9082,71.0779943527414,63,63,63,63,61,63,0,8279,1.45687144005964,25,-86,0.001869,51,2023-12-08 22:49:18.002431,248,1.037,0.0011,"aoml_navis",1027.14797111808
"7901009",19,0,1,0.022428,1,0,1,144.514125940118,1,4.86779286240877,250,1,20.0429992675781,36.7330017089844,0.0224280003458261,0,139.35710144043,-85.9708,24.9082,71.0779943527414,63,63,63,63,61,63,0,8279,1.45687144005964,25,-86,0.001869,51,2023-12-08 22:49:18.002431,250,1.037,0.0011,"aoml_navis",1027.15956519272
"7901009",19,0,1,0.022428,1,0,1,145.5138042391,1,4.86771279140489,252,1,20.003999710083,36.7299995422363,0.0224280003458261,0,140.321105957031,-85.9708,24.9082,71.0779943527414,63,63,63,63,61,63,0,8279,1.45687144005964,25,-86,0.001869,51,2023-12-08 22:49:18.002431,252,1.037,0.0011,"aoml_navis",1027.17646136163
"7901009",19,0,1,0.014952,1,-0.007476,1,146.657713313446,1,4.86760705106984,254,1,19.9419994354248,36.726001739502,0.0149520002305508,0,141.424194335938,-85.9708,24.9082,71.0779943527414,63,63,63,63,61,63,0,8279,1.45687144005964,25,-86,0.001869,51,2023-12-08 22:49:18.002431,254,1.037,0.0011,"aoml_navis",1027.19877499172
"7901009",19,0,1,0.013083,1,-0.009345,1,147.415878247163,1,4.86754615286823,255.899993896484,1,19.9220008850098,36.7249984741211,0.0130829997360706,0,142.155303955078,-85.9708,24.9082,71.0779943527414,63,63,63,63,61,63,0,8279,1.45687144005964,25,-86,0.001869,51,2023-12-08 22:49:18.002431,255.899993896484,1.037,0.0011,"aoml_navis",1027.21162634559
"7901009",19,0,1,0.016821,1,-0.005607,1,147.993908990342,1,4.86745187484647,258,1,19.878999710083,36.7239990234375,0.0168210007250309,0,142.712707519531,-85.9708,24.9082,71.0779943527414,63,63,63,63,61,63,0,8279,1.45687144005964,25,-86,0.001869,51,2023-12-08 22:49:18.002431,258,1.037,0.0011,"aoml_navis",1027.23152248068
"7901009",19,0,1,0.014952,1,-0.007476,1,148.151937816844,1,4.86738600155296,260,1,19.8509998321533,36.7210006713867,0.0149520002305508,0,142.865097045898,-85.9708,24.9082,71.0779943527414,63,63,63,63,61,63,0,8279,1.45687144005964,25,-86,0.001869,51,2023-12-08 22:49:18.002431,260,1.037,0.0011,"aoml_navis",1027.2454246293
"7901009",19,0,1,0.01869,1,-0.003738,1,148.3321669481,1,4.86732525005856,262,1,19.8269996643066,36.7179985046387,0.0186899993568659,0,143.03889465332,-85.9708,24.9082,71.0779943527414,63,63,63,63,61,63,0,8279,1.45687144005964,25,-86,0.001869,51,2023-12-08 22:49:18.002431,262,1.037,0.0011,"aoml_navis",1027.25824618765
"7901009",19,0,1,0.016821,1,-0.005607,1,148.347626461818,1,4.8672564984816,264,1,19.7910003662109,36.7130012512207,0.0168210007250309,0,143.053802490234,-85.9708,24.9082,71.0779943527414,63,63,63,63,61,63,0,8279,1.45687144005964,25,-86,0.001869,51,2023-12-08 22:49:18.002431,264,1.037,0.0011,"aoml_navis",1027.27275654361
"7901009",19,0,1,0.01869,1,-0.003738,1,148.37158316987,1,4.86713061208864,266,1,19.6870002746582,36.7000007629395,0.0186899993568659,0,143.076904296875,-85.9708,24.9082,71.0779943527414,63,63,63,63,61,63,0,8279,1.45687144005964,25,-86,0.001869,51,2023-12-08 22:49:18.002431,266,1.037,0.0011,"aoml_navis",1027.29932654393
"7901009",19,0,1,0.014952,1,-0.007476,1,148.074576954446,1,4.86703972148541,268,1,19.6189994812012,36.689998626709,0.0149520002305508,0,142.790496826172,-85.9708,24.9082,71.0779943527414,63,63,63,63,61,63,0,8279,1.45687144005964,25,-86,0.001869,51,2023-12-08 22:49:18.002431,268,1.037,0.0011,"aoml_navis",1027.31851107104
"7901009",19,0,1,0.016821,1,-0.005607,1,148.345759294347,1,4.86693181962906,270,1,19.5230007171631,36.6749992370605,0.0168210007250309,0,143.052001953125,-85.9708,24.9082,71.0779943527414,63,63,63,63,61,63,0,8279,1.45687144005964,25,-86,0.001869,51,2023-12-08 22:49:18.002431,270,1.037,0.0011,"aoml_navis",1027.34128713993
"7901009",19,0,1,0.016821,1,-0.005607,1,149.146125377586,1,4.86681720545484,272,1,19.4300003051758,36.6629981994629,0.0168210007250309,0,143.823806762695,-85.9708,24.9082,71.0779943527414,63,63,63,63,61,63,0,8279,1.45687144005964,25,-86,0.001869,51,2023-12-08 22:49:18.002431,272,1.037,0.0011,"aoml_navis",1027.36548116003
"7901009",19,0,1,0.013083,1,-0.009345,1,150.391146317493,1,4.86675429714003,274,1,19.4039993286133,36.6599998474121,0.0130829997360706,0,145.024398803711,-85.9708,24.9082,71.0779943527414,63,63,63,63,61,63,0,8279,1.45687144005964,25,-86,0.001869,51,2023-12-08 22:49:18.002431,274,1.037,0.0011,"aoml_navis",1027.37876102319
"7901009",19,0,1,0.020559,1,-0.001869,1,152.203010819209,1,4.86667807365961,276,1,19.3759994506836,36.6599998474121,0.020558999851346,0,146.771606445312,-85.9708,24.9082,71.0779943527414,63,63,63,63,61,63,0,8279,1.45687144005964,25,-86,0.001869,51,2023-12-08 22:49:18.002431,276,1.037,0.0011,"aoml_navis",1027.39485216045
"7901009",19,0,1,0.01869,1,-0.003738,1,153.000148918008,1,4.86658518840396,278,1,19.326000213623,36.6570014953613,0.0186899993568659,0,147.540298461914,-85.9708,24.9082,71.0779943527414,63,63,63,63,61,63,0,8279,1.45687144005964,25,-86,0.001869,51,2023-12-08 22:49:18.002431,278,1.037,0.0011,"aoml_navis",1027.41446135864
"7901009",19,0,1,0.01869,1,-0.003738,1,153.333644016372,1,4.86650160996415,280,1,19.2660007476807,36.6479988098145,0.0186899993568659,0,147.861892700195,-85.9708,24.9082,71.0779943527414,63,63,63,63,61,63,0,8279,1.45687144005964,25,-86,0.001869,51,2023-12-08 22:49:18.002431,280,1.037,0.0011,"aoml_navis",1027.43210641552
"7901009",19,0,1,0.01869,1,-0.003738,1,153.985095582117,1,4.86640581888609,282,1,19.1989994049072,36.6399993896484,0.0186899993568659,0,148.490097045898,-85.9708,24.9082,71.0779943527414,63,63,63,63,61,63,0,8279,1.45687144005964,25,-86,0.001869,51,2023-12-08 22:49:18.002431,282,1.037,0.0011,"aoml_navis",1027.45233054659
"7901009",19,0,1,0.014952,1,-0.007476,1,154.15361535805,1,4.86630884264916,284,1,19.1280002593994,36.6310005187988,0.0149520002305508,0,148.652603149414,-85.9708,24.9082,71.0779943527414,63,63,63,63,61,63,0,8279,1.45687144005964,25,-86,0.001869,51,2023-12-08 22:49:18.002431,284,1.037,0.0011,"aoml_navis",1027.47280570833
"7901009",19,0,1,0.014952,1,-0.007476,1,153.983639824428,1,4.86619429269153,286,1,19.0310001373291,36.6180000305176,0.0149520002305508,0,148.488693237305,-85.9708,24.9082,71.0779943527414,63,63,63,63,61,63,0,8279,1.45687144005964,25,-86,0.001869,51,2023-12-08 22:49:18.002431,286,1.037,0.0011,"aoml_navis",1027.49699236412
"7901009",19,0,1,0.013083,1,-0.009345,1,153.783710494013,1,4.86608363330164,288,1,18.9309997558594,36.6030006408691,0.0130829997360706,0,148.2958984375,-85.9708,24.9082,71.0779943527414,63,63,63,63,61,63,0,8279,1.45687144005964,25,-86,0.001869,51,2023-12-08 22:49:18.002431,288,1.037,0.0011,"aoml_navis",1027.52035862719
"7901009",19,0,1,0.020559,1,-0.001869,1,153.571328105977,1,4.86596329996809,290,1,18.8139991760254,36.5849990844727,0.020558999851346,0,148.091094970703,-85.9708,24.9082,71.0779943527414,63,63,63,63,61,63,0,8279,1.45687144005964,25,-86,0.001869,51,2023-12-08 22:49:18.002431,290,1.037,0.0011,"aoml_navis",1027.54576879624
"7901009",19,0,1,0.014952,1,-0.007476,1,153.45581689806,1,4.86584859492777,292,1,18.7099990844727,36.5699996948242,0.0149520002305508,0,147.979705810547,-85.9708,24.9082,71.0779943527414,63,63,63,63,61,63,0,8279,1.45687144005964,25,-86,0.001869,51,2023-12-08 22:49:18.002431,292,1.037,0.0011,"aoml_navis",1027.56999163765
"7901009",19,0,1,0.016821,1,-0.005607,1,153.384991121809,1,4.86577127241053,294,1,18.6509990692139,36.560001373291,0.0168210007250309,0,147.911407470703,-85.9708,24.9082,71.0779943527414,63,63,63,63,61,63,0,8279,1.45687144005964,25,-86,0.001869,51,2023-12-08 22:49:18.002431,294,1.037,0.0011,"aoml_navis",1027.58632086768
"7901009",19,0,1,0.016821,1,-0.005607,1,153.554634362915,1,4.86571023633308,296,1,18.6200008392334,36.5550003051758,0.0168210007250309,0,148.074996948242,-85.9708,24.9082,71.0779943527414,63,63,63,63,61,63,0,8279,1.45687144005964,25,-86,0.001869,51,2023-12-08 22:49:18.002431,296,1.037,0.0011,"aoml_navis",1027.59921103895
"7901009",19,0,1,0.013083,1,-0.009345,1,153.542402833638,1,4.86565661410228,298,1,18.5979995727539,36.5509986877441,0.0130829997360706,0,148.063201904297,-85.9708,24.9082,71.0779943527414,63,63,63,63,61,63,0,8279,1.45687144005964,25,-86,0.001869,51,2023-12-08 22:49:18.002431,298,1.037,0.0011,"aoml_navis",1027.6105357514
"7901009",19,0,1,0.013083,1,-0.009345,1,153.327741868351,1,4.86557226645045,300,1,18.5359992980957,36.5419998168945,0.0130829997360706,0,147.856201171875,-85.9708,24.9082,71.0779943527414,63,63,63,63,61,63,0,8279,1.45687144005964,25,-86,0.001869,51,2023-12-08 22:49:18.002431,300,1.037,0.0011,"aoml_navis",1027.62835000447
"7901009",19,0,1,0.011214,1,-0.011214,1,152.82873345015,1,4.86548064036513,302,1,18.4559993743896,36.5289993286133,0.0112140001729131,0,147.375,-85.9708,24.9082,71.0779943527414,63,63,63,63,61,63,0,8279,1.45687144005964,25,-86,0.001869,51,2023-12-08 22:49:18.002431,302,1.037,0.0011,"aoml_navis",1027.6477021651
"7901009",19,0,1,0.020559,1,-0.001869,1,153.049723796693,1,4.86539785012834,304,1,18.3950004577637,36.5200004577637,0.020558999851346,0,147.588104248047,-85.9708,24.9082,71.0779943527414,63,63,63,63,61,63,0,8279,1.45687144005964,25,-86,0.001869,51,2023-12-08 22:49:18.002431,304,1.037,0.0011,"aoml_navis",1027.66518875083
"7901009",19,0,1,0.016821,1,-0.005607,1,153.706555336506,1,4.86531400945075,306,1,18.3360004425049,36.5120010375977,0.0168210007250309,0,148.221496582031,-85.9708,24.9082,71.0779943527414,63,63,63,63,61,63,0,8279,1.45687144005964,25,-86,0.001869,51,2023-12-08 22:49:18.002431,306,1.037,0.0011,"aoml_navis",1027.68289781248
"7901009",19,0,1,0.014952,1,-0.007476,1,154.066507248518,1,4.86525212481448,308,1,18.3040008544922,36.5069999694824,0.0149520002305508,0,148.568603515625,-85.9708,24.9082,71.0779943527414,63,63,63,63,61,63,0,8279,1.45687144005964,25,-86,0.001869,51,2023-12-08 22:49:18.002431,308,1.037,0.0011,"aoml_navis",1027.6959696494
"7901009",19,0,1,0.014952,1,-0.007476,1,154.041933425793,1,4.86516607962577,310,1,18.246000289917,36.5,0.0149520002305508,0,148.544906616211,-85.9708,24.9082,71.0779943527414,63,63,63,63,61,63,0,8279,1.45687144005964,25,-86,0.001869,51,2023-12-08 22:49:18.002431,310,1.037,0.0011,"aoml_navis",1027.71414545104
"7901009",19,0,1,0.014952,1,-0.007476,1,153.865217101133,1,4.86510188244193,312,1,18.2089996337891,36.4939994812012,0.0149520002305508,0,148.374496459961,-85.9708,24.9082,71.0779943527414,63,63,63,63,61,63,0,8279,1.45687144005964,25,-86,0.001869,51,2023-12-08 22:49:18.002431,312,1.037,0.0011,"aoml_navis",1027.72770659643
"7901009",19,0,1,0.016821,1,-0.005607,1,153.169396572786,1,4.8650521960602,314,1,18.1900005340576,36.4900016784668,0.0168210007250309,0,147.703506469727,-85.9708,24.9082,71.0779943527414,63,63,63,63,61,63,0,8279,1.45687144005964,25,-86,0.001869,51,2023-12-08 22:49:18.002431,314,1.037,0.0011,"aoml_navis",1027.73820269577
"7901009",19,0,1,0.013083,1,-0.009345,1,151.484040578918,1,4.86500615122263,316,1,18.173999786377,36.4860000610352,0.0130829997360706,0,146.07829284668,-85.9708,24.9082,71.0779943527414,63,63,63,63,61,63,0,8279,1.45687144005964,25,-86,0.001869,51,2023-12-08 22:49:18.002431,316,1.037,0.0011,"aoml_navis",1027.74792972121
"7901009",19,0,1,0.022428,1,0,1,149.515397303498,1,4.86491567124883,318,1,18.0849990844727,36.4700012207031,0.0224280003458261,0,144.179901123047,-85.9708,24.9082,71.0779943527414,63,63,63,63,61,63,0,8279,1.45687144005964,25,-86,0.001869,51,2023-12-08 22:49:18.002431,318,1.037,0.0011,"aoml_navis",1027.76704425721
"7901009",19,0,1,0.020559,1,-0.001869,1,149.905208071585,1,4.86480295449086,320,1,17.9559993743896,36.4469985961914,0.020558999851346,0,144.555801391602,-85.9708,24.9082,71.0779943527414,63,63,63,63,61,63,0,8279,1.45687144005964,25,-86,0.001869,51,2023-12-08 22:49:18.002431,320,1.037,0.0011,"aoml_navis",1027.79085746615
"7901009",19,0,1,0.014952,1,-0.007476,1,151.317198089018,1,4.86471301880317,322,1,17.8850002288818,36.4370002746582,0.0149520002305508,0,145.917404174805,-85.9708,24.9082,71.0779943527414,63,63,63,63,61,63,0,8279,1.45687144005964,25,-86,0.001869,51,2023-12-08 22:49:18.002431,322,1.037,0.0011,"aoml_navis",1027.80985860295
"7901009",19,0,1,0.013083,1,-0.009345,1,152.47096517467,1,4.86461590909462,324,1,17.8229999542236,36.431999206543,0.0130829997360706,0,147.029998779297,-85.9708,24.9082,71.0779943527414,63,63,63,63,61,63,0,8279,1.45687144005964,25,-86,0.001869,51,2023-12-08 22:49:18.002431,324,1.037,0.0011,"aoml_navis",1027.83037621784
"7901009",19,0,1,0.013083,1,-0.009345,1,152.42389040158,1,4.86455453300431,326,1,17.7970008850098,36.4290008544922,0.0130829997360706,0,146.984603881836,-85.9708,24.9082,71.0779943527414,63,63,63,63,61,63,0,8279,1.45687144005964,25,-86,0.001869,51,2023-12-08 22:49:18.002431,326,1.037,0.0011,"aoml_navis",1027.84334435491
"7901009",19,0,1,0.01869,1,-0.003738,1,152.26138353784,1,4.86449567216826,328,1,17.7670001983643,36.423999786377,0.0186899993568659,0,146.827896118164,-85.9708,24.9082,71.0779943527414,63,63,63,63,61,63,0,8279,1.45687144005964,25,-86,0.001869,51,2023-12-08 22:49:18.002431,328,1.037,0.0011,"aoml_navis",1027.85578135201
"7901009",19,0,1,0.014952,1,-0.007476,1,151.982336941728,1,4.86443927545533,330,1,17.7360000610352,36.4179992675781,0.0149520002305508,0,146.558807373047,-85.9708,24.9082,71.0779943527414,63,63,63,63,61,63,0,8279,1.45687144005964,25,-86,0.001869,51,2023-12-08 22:49:18.002431,330,1.037,0.0011,"aoml_navis",1027.8676979747
"7901009",19,0,1,0.014952,1,-0.007476,1,151.661374018251,1,4.86437003631231,332,1,17.6849994659424,36.4090003967285,0.0149520002305508,0,146.249298095703,-85.9708,24.9082,71.0779943527414,63,63,63,63,61,63,0,8279,1.45687144005964,25,-86,0.001869,51,2023-12-08 22:49:18.002431,332,1.037,0.0011,"aoml_navis",1027.88232858011
"7901009",19,0,1,0.013083,1,-0.009345,1,151.655883280011,1,4.86425275355491,334,1,17.5779991149902,36.3950004577637,0.0130829997360706,0,146.244003295898,-85.9708,24.9082,71.0779943527414,63,63,63,63,61,63,0,8279,1.45687144005964,25,-86,0.001869,51,2023-12-08 22:49:18.002431,334,1.037,0.0011,"aoml_navis",1027.90711201137
"7901009",19,0,1,0.016821,1,-0.005607,1,151.334920356534,1,4.86417684644607,336,1,17.5179996490479,36.3849983215332,0.0168210007250309,0,145.934494018555,-85.9708,24.9082,71.0779943527414,63,63,63,63,61,63,0,8279,1.45687144005964,25,-86,0.001869,51,2023-12-08 22:49:18.002431,336,1.037,0.0011,"aoml_navis",1027.92315284613
"7901009",19,0,1,0.01869,1,-0.003738,1,150.963259089198,1,4.86412300178382,338,1,17.492000579834,36.3800010681152,0.0186899993568659,0,145.576095581055,-85.9708,24.9082,71.0779943527414,63,63,63,63,61,63,0,8279,1.45687144005964,25,-86,0.001869,51,2023-12-08 22:49:18.002431,338,1.037,0.0011,"aoml_navis",1027.9345317062
"7901009",19,0,1,0.014952,1,-0.007476,1,150.364594563125,1,4.86407617470642,340,1,17.4750003814697,36.3759994506836,0.0149520002305508,0,144.998794555664,-85.9708,24.9082,71.0779943527414,63,63,63,63,61,63,0,8279,1.45687144005964,25,-86,0.001869,51,2023-12-08 22:49:18.002431,340,1.037,0.0011,"aoml_navis",1027.94442776213
"7901009",19,0,1,0.014952,1,-0.007476,1,149.746957716739,1,4.86399011245787,342,1,17.3999996185303,36.3639984130859,0.0149520002305508,0,144.403198242188,-85.9708,24.9082,71.0779943527414,63,63,63,63,61,63,0,8279,1.45687144005964,25,-86,0.001869,51,2023-12-08 22:49:18.002431,342,1.037,0.0011,"aoml_navis",1027.96261595881
"7901009",19,0,1,0.01869,1,-0.003738,1,149.065963763983,1,4.8639354187058,344,1,17.367000579834,36.3569984436035,0.0186899993568659,0,143.746505737305,-85.9708,24.9082,71.0779943527414,63,63,63,63,61,63,0,8279,1.45687144005964,25,-86,0.001869,51,2023-12-08 22:49:18.002431,344,1.037,0.0011,"aoml_navis",1027.97417514446
"7901009",19,0,1,0.016821,1,-0.005607,1,148.310298935862,1,4.86387969488689,346,1,17.3299999237061,36.3489990234375,0.0168210007250309,0,143.017807006836,-85.9708,24.9082,71.0779943527414,63,63,63,63,61,63,0,8279,1.45687144005964,25,-86,0.001869,51,2023-12-08 22:49:18.002431,346,1.037,0.0011,"aoml_navis",1027.9859522957
"7901009",19,0,1,0.01869,1,-0.003738,1,147.751446217888,1,4.8638029554664,348,1,17.2749996185303,36.3409996032715,0.0186899993568659,0,142.478897094727,-85.9708,24.9082,71.0779943527414,63,63,63,63,61,63,0,8279,1.45687144005964,25,-86,0.001869,51,2023-12-08 22:49:18.002431,348,1.037,0.0011,"aoml_navis",1028.00217150667
"7901009",19,0,4,0.009345,1,-0.013083,1,147.257944361379,1,4.86375273785684,350,1,17.2549991607666,36.3370018005371,0.00934499967843294,0,142.003005981445,-85.9708,24.9082,71.0779943527414,63,63,63,63,61,63,0,8279,1.45687144005964,25,-86,0.001869,51,2023-12-08 22:49:18.002431,350,1.037,0.0011,"aoml_navis",1028.01278549435
"7901009",19,0,1,0.016821,1,-0.005607,1,146.490142944701,1,4.8637014975723,352,1,17.2310009002686,36.3320007324219,0.0168210007250309,0,141.262603759766,-85.9708,24.9082,71.0779943527414,63,63,63,63,61,63,0,8279,1.45687144005964,25,-86,0.001869,51,2023-12-08 22:49:18.002431,352,1.037,0.0011,"aoml_navis",1028.02361586042
"7901009",19,0,1,0.014952,1,-0.007476,1,145.609298778795,1,4.86361847674462,354,1,17.1580009460449,36.3199996948242,0.0149520002305508,0,140.413192749023,-85.9708,24.9082,71.0779943527414,63,63,63,63,61,63,0,8279,1.45687144005964,25,-86,0.001869,51,2023-12-08 22:49:18.002431,354,1.037,0.0011,"aoml_navis",1028.04116398264
"7901009",19,0,1,0.013083,1,-0.009345,1,145.1125847613,1,4.86354393972805,356,1,17.0890007019043,36.306999206543,0.0130829997360706,0,139.934204101562,-85.9708,24.9082,71.0779943527414,63,63,63,63,61,63,0,8279,1.45687144005964,25,-86,0.001869,51,2023-12-08 22:49:18.002431,356,1.037,0.0011,"aoml_navis",1028.05691939109
"7901009",19,0,1,0.014952,1,-0.007476,1,144.789454024742,1,4.86348498768907,358,1,17.0520000457764,36.2999992370605,0.0149520002305508,0,139.622604370117,-85.9708,24.9082,71.0779943527414,63,63,63,63,61,63,0,8279,1.45687144005964,25,-86,0.001869,51,2023-12-08 22:49:18.002431,358,1.037,0.0011,"aoml_navis",1028.06938083627
"7901009",19,0,1,0.016821,1,-0.005607,1,144.533414729495,1,4.86342376916062,360,1,17.0130004882812,36.2929992675781,0.0168210007250309,0,139.375701904297,-85.9708,24.9082,71.0779943527414,63,63,63,63,61,63,0,8279,1.45687144005964,25,-86,0.001869,51,2023-12-08 22:49:18.002431,360,1.037,0.0011,"aoml_navis",1028.08232169802
"7901009",19,0,1,0.01869,1,-0.003738,1,144.265650255471,1,4.86337374185493,362,1,16.9930000305176,36.2890014648438,0.0186899993568659,0,139.117492675781,-85.9708,24.9082,71.0779943527414,63,63,63,63,61,63,0,8279,1.45687144005964,25,-86,0.001869,51,2023-12-08 22:49:18.002431,362,1.037,0.0011,"aoml_navis",1028.09289711158
"7901009",19,0,1,0.016821,1,-0.005607,1,143.960051904992,1,4.86332026778421,364,1,16.9699993133545,36.2849998474121,0.0168210007250309,0,138.822799682617,-85.9708,24.9082,71.0779943527414,63,63,63,63,61,63,0,8279,1.45687144005964,25,-86,0.001869,51,2023-12-08 22:49:18.002431,364,1.037,0.0011,"aoml_navis",1028.1042013871
"7901009",19,0,1,0.014952,1,-0.007476,1,143.642411906674,1,4.86325901673411,366,1,16.9340000152588,36.2789993286133,0.0149520002305508,0,138.516494750977,-85.9708,24.9082,71.0779943527414,63,63,63,63,61,63,0,8279,1.45687144005964,25,-86,0.001869,51,2023-12-08 22:49:18.002431,366,1.037,0.0011,"aoml_navis",1028.11715000073
"7901009",19,0,1,0.016821,1,-0.005607,1,143.167059550916,1,4.86319450444359,368,1,16.8920001983643,36.2719993591309,0.0168210007250309,0,138.05810546875,-85.9708,24.9082,71.0779943527414,63,63,63,63,61,63,0,8279,1.45687144005964,25,-86,0.001869,51,2023-12-08 22:49:18.002431,368,1.037,0.0011,"aoml_navis",1028.13078840079
"7901009",19,0,1,0.014952,1,-0.007476,1,142.240691310328,1,4.86312362770924,370,1,16.8349990844727,36.2620010375977,0.0149520002305508,0,137.164794921875,-85.9708,24.9082,71.0779943527414,63,63,63,63,61,63,0,8279,1.45687144005964,25,-86,0.001869,51,2023-12-08 22:49:18.002431,370,1.037,0.0011,"aoml_navis",1028.14577271095
"7901009",19,0,1,0.01869,1,-0.003738,1,141.741271482346,1,4.86301117875262,372,1,16.7070007324219,36.2410011291504,0.0186899993568659,0,136.683197021484,-85.9708,24.9082,71.0779943527414,63,63,63,63,61,63,0,8279,1.45687144005964,25,-86,0.001869,51,2023-12-08 22:49:18.002431,372,1.037,0.0011,"aoml_navis",1028.16954685317
"7901009",19,0,1,0.011214,1,-0.011214,1,141.49622948703,1,4.86294513168561,374,1,16.6569995880127,36.2319984436035,0.0112140001729131,0,136.446899414062,-85.9708,24.9082,71.0779943527414,63,63,63,63,61,63,0,8279,1.45687144005964,25,-86,0.001869,51,2023-12-08 22:49:18.002431,374,1.037,0.0011,"aoml_navis",1028.18351114459
"7901009",19,0,1,0.016821,1,-0.005607,1,140.720136580907,1,4.86287325912206,376,1,16.6049995422363,36.2239990234375,0.0168210007250309,0,135.698501586914,-85.9708,24.9082,71.0779943527414,63,63,63,63,61,63,0,8279,1.45687144005964,25,-86,0.001869,51,2023-12-08 22:49:18.002431,376,1.037,0.0011,"aoml_navis",1028.1987075482
"7901009",19,0,1,0.020559,1,-0.001869,1,140.429665451629,1,4.86278768258749,378,1,16.5249996185303,36.2109985351562,0.020558999851346,0,135.418395996094,-85.9708,24.9082,71.0779943527414,63,63,63,63,61,63,0,8279,1.45687144005964,25,-86,0.001869,51,2023-12-08 22:49:18.002431,378,1.037,0.0011,"aoml_navis",1028.21680204214
"7901009",19,0,1,0.014952,1,-0.007476,1,140.16046104337,1,4.86272746370823,380,1,16.4829998016357,36.2029991149902,0.0149520002305508,0,135.158798217773,-85.9708,24.9082,71.0779943527414,63,63,63,63,61,63,0,8279,1.45687144005964,25,-86,0.001869,51,2023-12-08 22:49:18.002431,380,1.037,0.0011,"aoml_navis",1028.22953523846
"7901009",19,0,1,0.01869,1,-0.003738,1,139.825098777535,1,4.86264022747422,382,1,16.3980007171631,36.1889991760254,0.0186899993568659,0,134.835403442383,-85.9708,24.9082,71.0779943527414,63,63,63,63,61,63,0,8279,1.45687144005964,25,-86,0.001869,51,2023-12-08 22:49:18.002431,382,1.037,0.0011,"aoml_navis",1028.24798177535
"7901009",19,0,1,0.01869,1,-0.003738,1,139.571543764431,1,4.86253564908976,384,1,16.2910003662109,36.1730003356934,0.0186899993568659,0,134.590896606445,-85.9708,24.9082,71.0779943527414,63,63,63,63,61,63,0,8279,1.45687144005964,25,-86,0.001869,51,2023-12-08 22:49:18.002431,384,1.037,0.0011,"aoml_navis",1028.2700962688
"7901009",19,0,1,0.013083,1,-0.009345,1,138.739768126711,1,4.86247831205846,386,1,16.2479991912842,36.1640014648438,0.0130829997360706,0,133.788803100586,-85.9708,24.9082,71.0779943527414,63,63,63,63,61,63,0,8279,1.45687144005964,25,-86,0.001869,51,2023-12-08 22:49:18.002431,386,1.037,0.0011,"aoml_navis",1028.28222135212
"7901009",19,0,1,0.014952,1,-0.007476,1,137.926964809304,1,4.86236159057729,388,1,16.1070003509521,36.140998840332,0.0149520002305508,0,133.005004882812,-85.9708,24.9082,71.0779943527414,63,63,63,63,61,63,0,8279,1.45687144005964,25,-86,0.001869,51,2023-12-08 22:49:18.002431,388,1.037,0.0011,"aoml_navis",1028.30690537072
"7901009",19,0,1,0.020559,1,-0.001869,1,137.618454943447,1,4.86225742941229,390,1,15.9829998016357,36.1199989318848,0.020558999851346,0,132.707504272461,-85.9708,24.9082,71.0779943527414,63,63,63,63,61,63,0,8279,1.45687144005964,25,-86,0.001869,51,2023-12-08 22:49:18.002431,390,1.037,0.0011,"aoml_navis",1028.32893416019
"7901009",19,0,1,0.020559,1,-0.001869,1,137.434380713078,1,4.86215439452338,392,1,15.878999710083,36.1049995422363,0.020558999851346,0,132.529998779297,-85.9708,24.9082,71.0779943527414,63,63,63,63,61,63,0,8279,1.45687144005964,25,-86,0.001869,51,2023-12-08 22:49:18.002431,392,1.037,0.0011,"aoml_navis",1028.35072568487
"7901009",19,0,1,0.016821,1,-0.005607,1,137.10772134647,1,4.86208858165012,394,1,15.831000328064,36.0970001220703,0.0168210007250309,0,132.214996337891,-85.9708,24.9082,71.0779943527414,63,63,63,63,61,63,0,8279,1.45687144005964,25,-86,0.001869,51,2023-12-08 22:49:18.002431,394,1.037,0.0011,"aoml_navis",1028.36464536462
"7901009",19,0,1,0.016821,1,-0.005607,1,136.829703274812,1,4.86202174783363,396,1,15.7819995880127,36.0890007019043,0.0168210007250309,0,131.946899414062,-85.9708,24.9082,71.0779943527414,63,63,63,63,61,63,0,8279,1.45687144005964,25,-86,0.001869,51,2023-12-08 22:49:18.002431,396,1.037,0.0011,"aoml_navis",1028.3787813635
"7901009",19,0,1,0.014952,1,-0.007476,1,136.725379248265,1,4.86195692019541,398,1,15.7379999160767,36.0820007324219,0.0149520002305508,0,131.846298217773,-85.9708,24.9082,71.0779943527414,63,63,63,63,61,63,0,8279,1.45687144005964,25,-86,0.001869,51,2023-12-08 22:49:18.002431,398,1.037,0.0011,"aoml_navis",1028.39249340758
"7901009",19,0,1,0.016821,1,-0.005607,1,136.565261725948,1,4.86190482808532,400,1,15.7119998931885,36.0769996643066,0.0168210007250309,0,131.69189453125,-85.9708,24.9082,71.0779943527414,63,63,63,63,61,63,0,8279,1.45687144005964,25,-86,0.001869,51,2023-12-08 22:49:18.002431,400,1.037,0.0011,"aoml_navis",1028.40351195625
"7901009",19,0,1,0.01869,1,-0.003738,1,136.226070184454,1,4.86185354243352,402,1,15.6899995803833,36.0730018615723,0.0186899993568659,0,131.364807128906,-85.9708,24.9082,71.0779943527414,63,63,63,63,61,63,0,8279,1.45687144005964,25,-86,0.001869,51,2023-12-08 22:49:18.002431,402,1.037,0.0011,"aoml_navis",1028.41436015313
"7901009",19,0,1,0.016821,1,-0.005607,1,135.793741797782,1,4.86180923271668,404,1,15.6709995269775,36.068000793457,0.0168210007250309,0,130.947906494141,-85.9708,24.9082,71.0779943527414,63,63,63,63,61,63,0,8279,1.45687144005964,25,-86,0.001869,51,2023-12-08 22:49:18.002431,404,1.037,0.0011,"aoml_navis",1028.42373294974
"7901009",19,0,1,0.01869,1,-0.003738,1,135.422697645118,1,4.86172965792745,406,1,15.5970001220703,36.0559997558594,0.0186899993568659,0,130.590103149414,-85.9708,24.9082,71.0779943527414,63,63,63,63,61,63,0,8279,1.45687144005964,25,-86,0.001869,51,2023-12-08 22:49:18.002431,406,1.037,0.0011,"aoml_navis",1028.44056576595
"7901009",19,0,1,0.01869,1,-0.003738,1,135.494662709996,1,4.86161491130523,408,1,15.4610004425049,36.0349998474121,0.0186899993568659,0,130.65950012207,-85.9708,24.9082,71.0779943527414,63,63,63,63,61,63,0,8279,1.45687144005964,25,-86,0.001869,51,2023-12-08 22:49:18.002431,408,1.037,0.0011,"aoml_navis",1028.46483960977
"7901009",19,0,1,0.022428,1,0,1,135.206691686314,1,4.86155755184806,410,1,15.4200000762939,36.0270004272461,0.0224280003458261,0,130.381805419922,-85.9708,24.9082,71.0779943527414,63,63,63,63,61,63,0,8279,1.45687144005964,25,-86,0.001869,51,2023-12-08 22:49:18.002431,410,1.037,0.0011,"aoml_navis",1028.47697403054
"7901009",19,0,1,0.01869,1,-0.003738,1,135.24775354721,1,4.86147401463999,412,1,15.3450002670288,36.015998840332,0.0186899993568659,0,130.421401977539,-85.9708,24.9082,71.0779943527414,63,63,63,63,61,63,0,8279,1.45687144005964,25,-86,0.001869,51,2023-12-08 22:49:18.002431,412,1.037,0.0011,"aoml_navis",1028.49464687929
"7901009",19,0,1,0.020559,1,-0.001869,1,135.266836631696,1,4.86140158143655,414,1,15.2799997329712,36.0050010681152,0.020558999851346,0,130.439804077148,-85.9708,24.9082,71.0779943527414,63,63,63,63,61,63,0,8279,1.45687144005964,25,-86,0.001869,51,2023-12-08 22:49:18.002431,414,1.037,0.0011,"aoml_navis",1028.50997109408
"7901009",19,0,1,0.01869,1,-0.003738,1,135.340257454263,1,4.86134486909704,416,1,15.246000289917,35.9990005493164,0.0186899993568659,0,130.510604858398,-85.9708,24.9082,71.0779943527414,63,63,63,63,61,63,0,8279,1.45687144005964,25,-86,0.001869,51,2023-12-08 22:49:18.002431,416,1.037,0.0011,"aoml_navis",1028.52196966818
"7901009",19,0,1,0.014952,1,-0.007476,1,135.18469708645,1,4.86127374082635,418,1,15.1920003890991,35.9910011291504,0.0149520002305508,0,130.360595703125,-85.9708,24.9082,71.0779943527414,63,63,63,63,61,63,0,8279,1.45687144005964,25,-86,0.001869,51,2023-12-08 22:49:18.002431,418,1.037,0.0011,"aoml_navis",1028.53701860247
"7901009",19,0,1,0.016821,1,-0.005607,1,134.98570133977,1,4.86120567057658,420,1,15.1339998245239,35.9809989929199,0.0168210007250309,0,130.168701171875,-85.9708,24.9082,71.0779943527414,63,63,63,63,61,63,0,8279,1.45687144005964,25,-86,0.001869,51,2023-12-08 22:49:18.002431,420,1.037,0.0011,"aoml_navis",1028.55142094964
"7901009",19,0,1,0.016821,1,-0.005607,1,134.788778465452,1,4.86114737277409,422,1,15.0950002670288,35.9739990234375,0.0168210007250309,0,129.978805541992,-85.9708,24.9082,71.0779943527414,63,63,63,63,61,63,0,8279,1.45687144005964,25,-86,0.001869,51,2023-12-08 22:49:18.002431,422,1.037,0.0011,"aoml_navis",1028.56375595679
"7901009",19,0,1,0.014952,1,-0.007476,1,134.542692122229,1,4.8610787272154,424,1,15.0430002212524,35.9659996032715,0.0149520002305508,0,129.741500854492,-85.9708,24.9082,71.0779943527414,63,63,63,63,61,63,0,8279,1.45687144005964,25,-86,0.001869,51,2023-12-08 22:49:18.002431,424,1.037,0.0011,"aoml_navis",1028.57828078505
"7901009",19,0,1,0.01869,1,-0.003738,1,134.131725397295,1,4.86102085034694,426,1,15.0109996795654,35.9609985351562,0.0186899993568659,0,129.345199584961,-85.9708,24.9082,71.0779943527414,63,63,63,63,61,63,0,8279,1.45687144005964,25,-86,0.001869,51,2023-12-08 22:49:18.002431,426,1.037,0.0011,"aoml_navis",1028.59052736693
"7901009",19,0,1,0.01869,1,-0.003738,1,133.482552408802,1,4.86096663114292,428,1,14.9790000915527,35.9550018310547,0.0186899993568659,0,128.719192504883,-85.9708,24.9082,71.0779943527414,63,63,63,63,61,63,0,8279,1.45687144005964,25,-86,0.001869,51,2023-12-08 22:49:18.002431,428,1.037,0.0011,"aoml_navis",1028.60200026191
"7901009",19,0,1,0.022428,1,0,1,132.669131976723,1,4.86091380770743,430,1,14.9549999237061,35.951000213623,0.0224280003458261,0,127.934799194336,-85.9708,24.9082,71.0779943527414,63,63,63,63,61,63,0,8279,1.45687144005964,25,-86,0.001869,51,2023-12-08 22:49:18.002431,430,1.037,0.0011,"aoml_navis",1028.61317805554
"7901009",19,0,1,0.016821,1,-0.005607,1,131.595621445393,1,4.86086048506656,432,1,14.9169998168945,35.943000793457,0.0168210007250309,0,126.899597167969,-85.9708,24.9082,71.0779943527414,63,63,63,63,61,63,0,8279,1.45687144005964,25,-86,0.001869,51,2023-12-08 22:49:18.002431,432,1.037,0.0011,"aoml_navis",1028.62446173078
"7901009",19,0,1,0.01869,1,-0.003738,1,130.17772927994,1,4.86079197294391,434,1,14.8579998016357,35.9329986572266,0.0186899993568659,0,125.532302856445,-85.9708,24.9082,71.0779943527414,63,63,63,63,61,63,0,8279,1.45687144005964,25,-86,0.001869,51,2023-12-08 22:49:18.002431,434,1.037,0.0011,"aoml_navis",1028.63896003593
"7901009",19,0,1,0.016821,1,-0.005607,1,129.210718499964,1,4.86070414281167,436,1,14.7569999694824,35.9160003662109,0.0168210007250309,0,124.599800109863,-85.9708,24.9082,71.0779943527414,63,63,63,63,61,63,0,8279,1.45687144005964,25,-86,0.001869,51,2023-12-08 22:49:18.002431,436,1.037,0.0011,"aoml_navis",1028.65754695116
"7901009",19,0,1,0.020559,1,-0.001869,1,128.710048619183,1,4.86061923099573,438,1,14.6719999313354,35.9029998779297,0.020558999851346,0,124.116996765137,-85.9708,24.9082,71.0779943527414,63,63,63,63,61,63,0,8279,1.45687144005964,25,-86,0.001869,51,2023-12-08 22:49:18.002431,438,1.037,0.0011,"aoml_navis",1028.67551692086
"7901009",19,0,1,0.014952,1,-0.007476,1,128.792702426657,1,4.86053841142804,440,1,14.5939998626709,35.890998840332,0.0149520002305508,0,124.196701049805,-85.9708,24.9082,71.0779943527414,63,63,63,63,61,63,0,8279,1.45687144005964,25,-86,0.001869,51,2023-12-08 22:49:18.002431,440,1.037,0.0011,"aoml_navis",1028.6926214273
"7901009",19,0,1,0.01869,1,-0.003738,1,129.15938721798,1,4.86049228631628,442,1,14.576000213623,35.8870010375977,0.0186899993568659,0,124.550300598145,-85.9708,24.9082,71.0779943527414,63,63,63,63,61,63,0,8279,1.45687144005964,25,-86,0.001869,51,2023-12-08 22:49:18.002431,442,1.037,0.0011,"aoml_navis",1028.70238351709
"7901009",19,0,1,0.01869,1,-0.003738,1,129.988678573558,1,4.86043015155942,444,1,14.53600025177,35.8810005187988,0.0186899993568659,0,125.349998474121,-85.9708,24.9082,71.0779943527414,63,63,63,63,61,63,0,8279,1.45687144005964,25,-86,0.001869,51,2023-12-08 22:49:18.002431,444,1.037,0.0011,"aoml_navis",1028.71553424048
"7901009",19,0,1,0.024297,1,0.001869,1,130.981402464885,1,4.8603792487796,446,1,14.5100002288818,35.8759994506836,0.0242970008403063,0,126.30729675293,-85.9708,24.9082,71.0779943527414,63,63,63,63,61,63,0,8279,1.45687144005964,25,-86,0.001869,51,2023-12-08 22:49:18.002431,446,1.037,0.0011,"aoml_navis",1028.72630798419
"7901009",19,0,1,0.024297,1,0.001869,1,131.321543413567,1,4.86031709275229,448,1,14.4630002975464,35.8680000305176,0.0242970008403063,0,126.635299682617,-85.9708,24.9082,71.0779943527414,63,63,63,63,61,63,0,8279,1.45687144005964,25,-86,0.001869,51,2023-12-08 22:49:18.002431,448,1.037,0.0011,"aoml_navis",1028.73946382141
"7901009",19,0,1,0.020559,1,-0.001869,1,131.176054673678,1,4.86023692812554,450,1,14.3850002288818,35.8559989929199,0.020558999851346,0,126.495002746582,-85.9708,24.9082,71.0779943527414,63,63,63,63,61,63,0,8279,1.45687144005964,25,-86,0.001869,51,2023-12-08 22:49:18.002431,450,1.037,0.0011,"aoml_navis",1028.75643182448
"7901009",19,0,1,0.024297,1,0.001869,1,131.395169941025,1,4.86014897519017,452,1,14.2819995880127,35.8390007019043,0.0242970008403063,0,126.706298828125,-85.9708,24.9082,71.0779943527414,63,63,63,63,61,63,0,8279,1.45687144005964,25,-86,0.001869,51,2023-12-08 22:49:18.002431,452,1.037,0.0011,"aoml_navis",1028.77504897972
"7901009",19,0,1,0.01869,1,-0.003738,1,131.36893465572,1,4.86010467267439,454,1,14.2690000534058,35.8359985351562,0.0186899993568659,0,126.680999755859,-85.9708,24.9082,71.0779943527414,63,63,63,63,61,63,0,8279,1.45687144005964,25,-86,0.001869,51,2023-12-08 22:49:18.002431,454,1.037,0.0011,"aoml_navis",1028.78442682771
"7901009",19,0,1,0.022428,1,0,1,131.250820489761,1,4.86005771466421,456,1,14.25,35.8320007324219,0.0224280003458261,0,126.567100524902,-85.9708,24.9082,71.0779943527414,63,63,63,63,61,63,0,8279,1.45687144005964,25,-86,0.001869,51,2023-12-08 22:49:18.002431,456,1.037,0.0011,"aoml_navis",1028.7943669709
"7901009",19,0,1,0.016821,1,-0.005607,1,131.150642207936,1,4.8599971385364,458,1,14.2110004425049,35.826000213623,0.0168210007250309,0,126.470497131348,-85.9708,24.9082,71.0779943527414,63,63,63,63,61,63,0,8279,1.45687144005964,25,-86,0.001869,51,2023-12-08 22:49:18.002431,458,1.037,0.0011,"aoml_navis",1028.80719010171
"7901009",19,0,1,0.020559,1,-0.001869,1,130.789353214133,1,4.85994025655339,460,1,14.1719999313354,35.8190002441406,0.020558999851346,0,126.122100830078,-85.9708,24.9082,71.0779943527414,63,63,63,63,61,63,0,8279,1.45687144005964,25,-86,0.001869,51,2023-12-08 22:49:18.002431,460,1.037,0.0011,"aoml_navis",1028.81923152404
"7901009",19,0,1,0.01869,1,-0.003738,1,130.565150706602,1,4.85986674581415,462,1,14.1029996871948,35.8079986572266,0.0186899993568659,0,125.905899047852,-85.9708,24.9082,71.0779943527414,63,63,63,63,61,63,0,8279,1.45687144005964,25,-86,0.001869,51,2023-12-08 22:49:18.002431,462,1.037,0.0011,"aoml_navis",1028.83479352732
"7901009",19,0,1,0.020559,1,-0.001869,1,130.403482485878,1,4.85980068204648,464,1,14.0480003356934,35.798999786377,0.020558999851346,0,125.75,-85.9708,24.9082,71.0779943527414,63,63,63,63,61,63,0,8279,1.45687144005964,25,-86,0.001869,51,2023-12-08 22:49:18.002431,464,1.037,0.0011,"aoml_navis",1028.8487794307
"7901009",19,0,1,0.01869,1,-0.003738,1,130.190585835615,1,4.85974507775292,466,1,14.0170001983643,35.7939987182617,0.0186899993568659,0,125.544700622559,-85.9708,24.9082,71.0779943527414,63,63,63,63,61,63,0,8279,1.45687144005964,25,-86,0.001869,51,2023-12-08 22:49:18.002431,466,1.037,0.0011,"aoml_navis",1028.86055132586
"7901009",19,0,1,0.01869,1,-0.003738,1,129.877613755973,1,4.8596920766082,468,1,13.9919996261597,35.7900009155273,0.0186899993568659,0,125.242897033691,-85.9708,24.9082,71.0779943527414,63,63,63,63,61,63,0,8279,1.45687144005964,25,-86,0.001869,51,2023-12-08 22:49:18.002431,468,1.037,0.0011,"aoml_navis",1028.87177236335
"7901009",19,0,1,0.020559,1,-0.001869,1,129.482826511874,1,4.85963139351568,470,1,13.9490003585815,35.7830009460449,0.020558999851346,0,124.862197875977,-85.9708,24.9082,71.0779943527414,63,63,63,63,61,63,0,8279,1.45687144005964,25,-86,0.001869,51,2023-12-08 22:49:18.002431,470,1.037,0.0011,"aoml_navis",1028.88462007049
"7901009",19,0,1,0.020559,1,-0.001869,1,129.124338269277,1,4.85957801394364,472,1,13.9130001068115,35.7760009765625,0.020558999851346,0,124.516502380371,-85.9708,24.9082,71.0779943527414,63,63,63,63,61,63,0,8279,1.45687144005964,25,-86,0.001869,51,2023-12-08 22:49:18.002431,472,1.037,0.0011,"aoml_navis",1028.89592175564
"7901009",19,0,1,0.024297,1,0.001869,1,128.919835960904,1,4.85949080544288,474,1,13.8299999237061,35.7649993896484,0.0242970008403063,0,124.319297790527,-85.9708,24.9082,71.0779943527414,63,63,63,63,61,63,0,8279,1.45687144005964,25,-86,0.001869,51,2023-12-08 22:49:18.002431,474,1.037,0.0011,"aoml_navis",1028.91438633853
"7901009",19,0,1,0.020559,1,-0.001869,1,128.628961333571,1,4.85943965299939,476,1,13.7959995269775,35.757999420166,0.020558999851346,0,124.038803100586,-85.9708,24.9082,71.0779943527414,63,63,63,63,61,63,0,8279,1.45687144005964,25,-86,0.001869,51,2023-12-08 22:49:18.002431,476,1.037,0.0011,"aoml_navis",1028.92521711096
"7901009",19,0,1,0.016821,1,-0.005607,1,128.316614280328,1,4.85936160918227,478,1,13.7180004119873,35.7459983825684,0.0168210007250309,0,123.737602233887,-85.9708,24.9082,71.0779943527414,63,63,63,63,61,63,0,8279,1.45687144005964,25,-86,0.001869,51,2023-12-08 22:49:18.002431,478,1.037,0.0011,"aoml_navis",1028.94174217288
"7901009",19,0,1,0.016821,1,-0.005607,1,128.185849263585,1,4.85929345162868,480,1,13.6529998779297,35.7350006103516,0.0168210007250309,0,123.611503601074,-85.9708,24.9082,71.0779943527414,63,63,63,63,61,63,0,8279,1.45687144005964,25,-86,0.001869,51,2023-12-08 22:49:18.002431,480,1.037,0.0011,"aoml_navis",1028.95617434344
"7901009",19,0,1,0.020559,1,-0.001869,1,128.000532892144,1,4.8592297144988,482,1,13.6099996566772,35.7290000915527,0.020558999851346,0,123.432800292969,-85.9708,24.9082,71.0779943527414,63,63,63,63,61,63,0,8279,1.45687144005964,25,-86,0.001869,51,2023-12-08 22:49:18.002431,482,1.037,0.0011,"aoml_navis",1028.96967086803
"7901009",19,0,1,0.01869,1,-0.003738,1,127.898487442848,1,4.8591691070406,484,1,13.5699996948242,35.7229995727539,0.0186899993568659,0,123.334396362305,-85.9708,24.9082,71.0779943527414,63,63,63,63,61,63,0,8279,1.45687144005964,25,-86,0.001869,51,2023-12-08 22:49:18.002431,484,1.037,0.0011,"aoml_navis",1028.98250500386
"7901009",19,0,1,0.022428,1,0,1,127.585831832269,1,4.85912496384215,486,1,13.5640001296997,35.7220001220703,0.0224280003458261,0,123.032897949219,-85.9708,24.9082,71.0779943527414,63,63,63,63,61,63,0,8279,1.45687144005964,25,-86,0.001869,51,2023-12-08 22:49:18.002431,486,1.037,0.0011,"aoml_navis",1028.99185289659
"7901009",19,0,1,0.020559,1,-0.001869,1,127.247565962783,1,4.85906908129352,488,1,13.5249996185303,35.7150001525879,0.020558999851346,0,122.706703186035,-85.9708,24.9082,71.0779943527414,63,63,63,63,61,63,0,8279,1.45687144005964,25,-86,0.001869,51,2023-12-08 22:49:18.002431,488,1.037,0.0011,"aoml_navis",1029.00368699203
"7901009",19,0,1,0.022428,1,0,1,126.9912181102,1,4.85901057414038,490,1,13.4689998626709,35.7039985656738,0.0224280003458261,0,122.459503173828,-85.9708,24.9082,71.0779943527414,63,63,63,63,61,63,0,8279,1.45687144005964,25,-86,0.001869,51,2023-12-08 22:49:18.002431,490,1.037,0.0011,"aoml_navis",1029.01607718451
"7901009",19,0,1,0.024297,1,0.001869,1,126.678451735448,1,4.85894085417133,492,1,13.4090003967285,35.6949996948242,0.0242970008403063,0,122.157897949219,-85.9708,24.9082,71.0779943527414,63,63,63,63,61,63,0,8279,1.45687144005964,25,-86,0.001869,51,2023-12-08 22:49:18.002431,492,1.037,0.0011,"aoml_navis",1029.03084233009
"7901009",19,0,1,0.024297,1,0.001869,1,126.433409740133,1,4.85885216939325,494,1,13.3120002746582,35.6809997558594,0.0242970008403063,0,121.921600341797,-85.9708,24.9082,71.0779943527414,63,63,63,63,61,63,0,8279,1.45687144005964,25,-86,0.001869,51,2023-12-08 22:49:18.002431,494,1.037,0.0011,"aoml_navis",1029.04962441456
"7901009",19,0,1,0.01869,1,-0.003738,1,126.331886464791,1,4.85876626855355,496,1,13.2209997177124,35.6679992675781,0.0186899993568659,0,121.823699951172,-85.9708,24.9082,71.0779943527414,63,63,63,63,61,63,0,8279,1.45687144005964,25,-86,0.001869,51,2023-12-08 22:49:18.002431,496,1.037,0.0011,"aoml_navis",1029.06781755701
"7901009",19,0,1,0.016821,1,-0.005607,1,126.198629254179,1,4.85871430651546,498,1,13.1890001296997,35.6619987487793,0.0168210007250309,0,121.695198059082,-85.9708,24.9082,71.0779943527414,63,63,63,63,61,63,0,8279,1.45687144005964,25,-86,0.001869,51,2023-12-08 22:49:18.002431,498,1.037,0.0011,"aoml_navis",1029.07882303248
"7901009",19,0,1,0.020559,1,-0.001869,1,126.065166338675,1,4.85865972986798,500,1,13.1579999923706,35.6570014953613,0.020558999851346,0,121.566497802734,-85.9708,24.9082,71.0779943527414,63,63,63,63,61,63,0,8279,1.45687144005964,25,-86,0.001869,51,2023-12-08 22:49:18.002431,500,1.037,0.0011,"aoml_navis",1029.09038253145
"7901009",19,0,1,0.01869,1,-0.003738,1,125.98293185271,1,4.85861256853683,502,1,13.1379995346069,35.6529998779297,0.0186899993568659,0,121.487197875977,-85.9708,24.9082,71.0779943527414,63,63,63,63,61,63,0,8279,1.45687144005964,25,-86,0.001869,51,2023-12-08 22:49:18.002431,502,1.037,0.0011,"aoml_navis",1029.10037165317
"7901009",19,0,1,0.026166,1,0.003738,1,125.845845366438,1,4.8585641267638,504,1,13.1239995956421,35.6510009765625,0.0261659994721413,0,121.355003356934,-85.9708,24.9082,71.0779943527414,63,63,63,63,61,63,0,8279,1.45687144005964,25,-86,0.001869,51,2023-12-08 22:49:18.002431,504,1.037,0.0011,"aoml_navis",1029.11063218392
"7901009",19,0,1,0.022428,1,0,1,125.689462179062,1,4.85851534856079,506,1,13.1059999465942,35.6479988098145,0.0224280003458261,0,121.204200744629,-85.9708,24.9082,71.0779943527414,63,63,63,63,61,63,0,8279,1.45687144005964,25,-86,0.001869,51,2023-12-08 22:49:18.002431,506,1.037,0.0011,"aoml_navis",1029.12096418119
"7901009",19,0,1,0.020559,1,-0.001869,1,125.372447207143,1,4.85847291819567,508,1,13.0979995727539,35.6459999084473,0.020558999851346,0,120.898498535156,-85.9708,24.9082,71.0779943527414,63,63,63,63,61,63,0,8279,1.45687144005964,25,-86,0.001869,51,2023-12-08 22:49:18.002431,508,1.037,0.0011,"aoml_navis",1029.12995177441
"7901009",19,0,1,0.020559,1,-0.001869,1,124.987510062623,1,4.8584234502737,510,1,13.0719995498657,35.640998840332,0.020558999851346,0,120.527297973633,-85.9708,24.9082,71.0779943527414,63,63,63,63,61,63,0,8279,1.45687144005964,25,-86,0.001869,51,2023-12-08 22:49:18.002431,510,1.037,0.0011,"aoml_navis",1029.14043026001
"7901009",19,0,1,0.024297,1,0.001869,1,124.61097517172,1,4.85835699453653,512,1,13.0069999694824,35.6300010681152,0.0242970008403063,0,120.164199829102,-85.9708,24.9082,71.0779943527414,63,63,63,63,61,63,0,8279,1.45687144005964,25,-86,0.001869,51,2023-12-08 22:49:18.002431,512,1.037,0.0011,"aoml_navis",1029.15450750588
"7901009",19,0,1,0.024297,1,0.001869,1,124.313668310686,1,4.85826923994229,514,1,12.9130001068115,35.617000579834,0.0242970008403063,0,119.877502441406,-85.9708,24.9082,71.0779943527414,63,63,63,63,61,63,0,8279,1.45687144005964,25,-86,0.001869,51,2023-12-08 22:49:18.002431,514,1.037,0.0011,"aoml_navis",1029.17309705532
"7901009",19,0,1,0.020559,1,-0.001869,1,124.022682919181,1,4.8582143716402,516,1,12.8739995956421,35.6100006103516,0.020558999851346,0,119.596900939941,-85.9708,24.9082,71.0779943527414,63,63,63,63,61,63,0,8279,1.45687144005964,25,-86,0.001869,51,2023-12-08 22:49:18.002431,516,1.037,0.0011,"aoml_navis",1029.18472045768
"7901009",19,0,1,0.01869,1,-0.003738,1,123.529173150945,1,4.85816320765858,518,1,12.835000038147,35.6020011901855,0.0186899993568659,0,119.121002197266,-85.9708,24.9082,71.0779943527414,63,63,63,63,61,63,0,8279,1.45687144005964,25,-86,0.001869,51,2023-12-08 22:49:18.002431,518,1.037,0.0011,"aoml_navis",1029.19555936652
"7901009",19,0,1,0.020559,1,-0.001869,1,123.329030203913,1,4.85806796880471,520,1,12.7290000915527,35.5880012512207,0.020558999851346,0,118.928001403809,-85.9708,24.9082,71.0779943527414,63,63,63,63,61,63,0,8279,1.45687144005964,25,-86,0.001869,51,2023-12-08 22:49:18.002431,520,1.037,0.0011,"aoml_navis",1029.21573598943
"7901009",19,0,1,0.022428,1,0,1,123.015227392981,1,4.858015784764,522,1,12.6850004196167,35.5789985656738,0.0224280003458261,0,118.625396728516,-85.9708,24.9082,71.0779943527414,63,63,63,63,61,63,0,8279,1.45687144005964,25,-86,0.001869,51,2023-12-08 22:49:18.002431,522,1.037,0.0011,"aoml_navis",1029.22679166282
"7901009",19,0,1,0.022428,1,0,1,122.812703016251,1,4.85794869681255,524,1,12.6219997406006,35.5690002441406,0.0224280003458261,0,118.430099487305,-85.9708,24.9082,71.0779943527414,63,63,63,63,61,63,0,8279,1.45687144005964,25,-86,0.001869,51,2023-12-08 22:49:18.002431,524,1.037,0.0011,"aoml_navis",1029.24100521701
"7901009",19,0,1,0.01869,1,-0.003738,1,122.516535443843,1,4.85788496787436,526,1,12.5659999847412,35.560001373291,0.0186899993568659,0,118.144500732422,-85.9708,24.9082,71.0779943527414,63,63,63,63,61,63,0,8279,1.45687144005964,25,-86,0.001869,51,2023-12-08 22:49:18.002431,526,1.037,0.0011,"aoml_navis",1029.25450747917
"7901009",19,0,1,0.024297,1,0.001869,1,122.439071728999,1,4.85779702345761,528,1,12.4700002670288,35.5470008850098,0.0242970008403063,0,118.069801330566,-85.9708,24.9082,71.0779943527414,63,63,63,63,61,63,0,8279,1.45687144005964,25,-86,0.001869,51,2023-12-08 22:49:18.002431,528,1.037,0.0011,"aoml_navis",1029.27314086112
"7901009",19,0,1,0.026166,1,0.003738,1,122.301463068773,1,4.85774383156841,530,1,12.4320001602173,35.5400009155273,0.0261659994721413,0,117.937103271484,-85.9708,24.9082,71.0779943527414,63,63,63,63,61,63,0,8279,1.45687144005964,25,-86,0.001869,51,2023-12-08 22:49:18.002431,530,1.037,0.0011,"aoml_navis",1029.28441131604
"7901009",19,0,1,0.024297,1,0.001869,1,122.183238138643,1,4.85768460862391,532,1,12.3990001678467,35.5359992980957,0.0242970008403063,0,117.823097229004,-85.9708,24.9082,71.0779943527414,63,63,63,63,61,63,0,8279,1.45687144005964,25,-86,0.001869,51,2023-12-08 22:49:18.002431,532,1.037,0.0011,"aoml_navis",1029.29695993919
"7901009",19,0,1,0.022428,1,0,1,122.002178276096,1,4.85763897463364,534,1,12.3800001144409,35.5320014953613,0.0224280003458261,0,117.648498535156,-85.9708,24.9082,71.0779943527414,63,63,63,63,61,63,0,8279,1.45687144005964,25,-86,0.001869,51,2023-12-08 22:49:18.002431,534,1.037,0.0011,"aoml_navis",1029.3066294366
"7901009",19,0,1,0.022428,1,0,1,121.776108601095,1,4.85759046298848,536,1,12.3579998016357,35.5279998779297,0.0224280003458261,0,117.43049621582,-85.9708,24.9082,71.0779943527414,63,63,63,63,61,63,0,8279,1.45687144005964,25,-86,0.001869,51,2023-12-08 22:49:18.002431,536,1.037,0.0011,"aoml_navis",1029.31690888653
"7901009",19,0,1,0.020559,1,-0.001869,1,121.580222162957,1,4.85753669098991,538,1,12.3229999542236,35.5219993591309,0.020558999851346,0,117.241600036621,-85.9708,24.9082,71.0779943527414,63,63,63,63,61,63,0,8279,1.45687144005964,25,-86,0.001869,51,2023-12-08 22:49:18.002431,538,1.037,0.0011,"aoml_navis",1029.32830322709
"7901009",19,0,1,0.024297,1,0.001869,1,121.413577466221,1,4.85746924745902,540,1,12.2700004577637,35.5149993896484,0.0242970008403063,0,117.080902099609,-85.9708,24.9082,71.0779943527414,63,63,63,63,61,63,0,8279,1.45687144005964,25,-86,0.001869,51,2023-12-08 22:49:18.002431,540,1.037,0.0011,"aoml_navis",1029.34259493574
"7901009",19,0,1,0.022428,1,0,1,121.231892577275,1,4.85741270946418,542,1,12.2320003509521,35.5089988708496,0.0224280003458261,0,116.905700683594,-85.9708,24.9082,71.0779943527414,63,63,63,63,61,63,0,8279,1.45687144005964,25,-86,0.001869,51,2023-12-08 22:49:18.002431,542,1.037,0.0011,"aoml_navis",1029.35457599845
"7901009",19,0,1,0.01869,1,-0.003738,1,121.082978059781,1,4.85734603234928,544,1,12.1719999313354,35.5,0.0186899993568659,0,116.762100219727,-85.9708,24.9082,71.0779943527414,63,63,63,63,61,63,0,8279,1.45687144005964,25,-86,0.001869,51,2023-12-08 22:49:18.002431,544,1.037,0.0011,"aoml_navis",1029.36870601778
"7901009",19,0,1,0.026166,1,0.003738,1,120.940179306925,1,4.85729041558166,546,1,12.1309995651245,35.4930000305176,0.0261659994721413,0,116.624397277832,-85.9708,24.9082,71.0779943527414,63,63,63,63,61,63,0,8279,1.45687144005964,25,-86,0.001869,51,2023-12-08 22:49:18.002431,546,1.037,0.0011,"aoml_navis",1029.38049245739
"7901009",19,0,1,0.028035,1,0.005607,1,120.658735457663,1,4.85724707321055,548,1,12.1180000305176,35.4900016784668,0.0280349999666214,0,116.352996826172,-85.9708,24.9082,71.0779943527414,63,63,63,63,61,63,0,8279,1.45687144005964,25,-86,0.001869,51,2023-12-08 22:49:18.002431,548,1.037,0.0011,"aoml_navis",1029.3896778644
"7901009",19,0,1,0.022428,1,0,1,120.422823594809,1,4.85717860491853,550,1,12.0520000457764,35.4799995422363,0.0224280003458261,0,116.125503540039,-85.9708,24.9082,71.0779943527414,63,63,63,63,61,63,0,8279,1.45687144005964,25,-86,0.001869,51,2023-12-08 22:49:18.002431,550,1.037,0.0011,"aoml_navis",1029.40418845971
"7901009",19,0,1,0.020559,1,-0.001869,1,120.419089259868,1,4.85709461734623,552,1,11.9580001831055,35.4669990539551,0.020558999851346,0,116.12190246582,-85.9708,24.9082,71.0779943527414,63,63,63,63,61,63,0,8279,1.45687144005964,25,-86,0.001869,51,2023-12-08 22:49:18.002431,552,1.037,0.0011,"aoml_navis",1029.42198863975
"7901009",19,0,1,0.022428,1,0,1,120.234809324608,1,4.85704790545898,554,1,11.9259996414185,35.4599990844727,0.0224280003458261,0,115.944198608398,-85.9708,24.9082,71.0779943527414,63,63,63,63,61,63,0,8279,1.45687144005964,25,-86,0.001869,51,2023-12-08 22:49:18.002431,554,1.037,0.0011,"aoml_navis",1029.43188894232
"7901009",19,0,1,0.026166,1,0.003738,1,119.978152914689,1,4.85700393446282,556,1,11.8929996490479,35.4519996643066,0.0261659994721413,0,115.696701049805,-85.9708,24.9082,71.0779943527414,63,63,63,63,61,63,0,8279,1.45687144005964,25,-86,0.001869,51,2023-12-08 22:49:18.002431,556,1.037,0.0011,"aoml_navis",1029.44120850357
"7901009",19,0,1,0.026166,1,0.003738,1,119.812331037515,1,4.85694026731396,558,1,11.8430004119873,35.4449996948242,0.0261659994721413,0,115.536796569824,-85.9708,24.9082,71.0779943527414,63,63,63,63,61,63,0,8279,1.45687144005964,25,-86,0.001869,51,2023-12-08 22:49:18.002431,558,1.037,0.0011,"aoml_navis",1029.45470292249
"7901009",19,0,1,0.022428,1,0,1,119.827062672388,1,4.85686760173314,560,1,11.7639999389648,35.4329986572266,0.0224280003458261,0,115.551002502441,-85.9708,24.9082,71.0779943527414,63,63,63,63,61,63,0,8279,1.45687144005964,25,-86,0.001869,51,2023-12-08 22:49:18.002431,560,1.037,0.0011,"aoml_navis",1029.47010501496
"7901009",19,0,1,0.026166,1,0.003738,1,119.66757017647,1,4.85682159957981,562,1,11.7480001449585,35.4300003051758,0.0261659994721413,0,115.397201538086,-85.9708,24.9082,71.0779943527414,63,63,63,63,61,63,0,8279,1.45687144005964,25,-86,0.001869,51,2023-12-08 22:49:18.002431,562,1.037,0.0011,"aoml_navis",1029.47985580376
"7901009",19,0,1,0.022428,1,0,1,119.569053357225,1,4.85676515095249,564,1,11.7170000076294,35.4259986877441,0.0224280003458261,0,115.302200317383,-85.9708,24.9082,71.0779943527414,63,63,63,63,61,63,0,8279,1.45687144005964,25,-86,0.001869,51,2023-12-08 22:49:18.002431,564,1.037,0.0011,"aoml_navis",1029.49182111872
"7901009",19,0,1,0.026166,1,0.003738,1,119.378246247545,1,4.85671812419642,566,1,11.6960000991821,35.4220008850098,0.0261659994721413,0,115.118202209473,-85.9708,24.9082,71.0779943527414,63,63,63,63,61,63,0,8279,1.45687144005964,25,-86,0.001869,51,2023-12-08 22:49:18.002431,566,1.037,0.0011,"aoml_navis",1029.50178950879
"7901009",19,0,1,0.028035,1,0.005607,1,119.150309405073,1,4.85666058893372,568,1,11.6560001373291,35.4160003662109,0.0280349999666214,0,114.898399353027,-85.9708,24.9082,71.0779943527414,63,63,63,63,61,63,0,8279,1.45687144005964,25,-86,0.001869,51,2023-12-08 22:49:18.002431,568,1.037,0.0011,"aoml_navis",1029.51398567833
"7901009",19,0,1,0.020559,1,-0.001869,1,119.102293136522,1,4.85658239410367,569.900024414062,1,11.576000213623,35.4059982299805,0.020558999851346,0,114.852096557617,-85.9708,24.9082,71.0779943527414,63,63,63,63,61,63,0,8279,1.45687144005964,25,-86,0.001869,51,2023-12-08 22:49:18.002431,569.900024414062,1.037,0.0011,"aoml_navis",1029.53056167037
"7901009",19,0,1,0.028035,1,0.005607,1,118.949232874305,1,4.85653236704694,572,1,11.5500001907349,35.4010009765625,0.0280349999666214,0,114.704498291016,-85.9708,24.9082,71.0779943527414,63,63,63,63,61,63,0,8279,1.45687144005964,25,-86,0.001869,51,2023-12-08 22:49:18.002431,572,1.037,0.0011,"aoml_navis",1029.54116684706
"7901009",19,0,1,0.029904,1,0.007476,1,118.699008698087,1,4.85648191979552,574,1,11.5329999923706,35.398998260498,0.0299040004611015,0,114.463203430176,-85.9708,24.9082,71.0779943527414,63,63,63,63,61,63,0,8279,1.45687144005964,25,-86,0.001869,51,2023-12-08 22:49:18.002431,574,1.037,0.0011,"aoml_navis",1029.55186132156
"7901009",19,0,1,0.020559,1,-0.001869,1,118.083642517226,1,4.85643714699121,576,1,11.5260000228882,35.3979988098145,0.020558999851346,0,113.86979675293,-85.9708,24.9082,71.0779943527414,63,63,63,63,61,63,0,8279,1.45687144005964,25,-86,0.001869,51,2023-12-08 22:49:18.002431,576,1.037,0.0011,"aoml_navis",1029.56135303794
"7901009",19,0,1,0.024297,1,0.001869,1,117.200947007303,1,4.85639042988217,578,1,11.5129995346069,35.3959999084473,0.0242970008403063,0,113.018600463867,-85.9708,24.9082,71.0779943527414,63,63,63,63,61,63,0,8279,1.45687144005964,25,-86,0.001869,51,2023-12-08 22:49:18.002431,578,1.037,0.0011,"aoml_navis",1029.57125712838
"7901009",19,0,1,0.022428,1,0,1,116.388143689897,1,4.85632352775718,580,1,11.4940004348755,35.3979988098145,0.0224280003458261,0,112.234802246094,-85.9708,24.9082,71.0779943527414,63,63,63,63,61,63,0,8279,1.45687144005964,25,-86,0.001869,51,2023-12-08 22:49:18.002431,580,1.037,0.0011,"aoml_navis",1029.58544080138
"7901009",19,0,1,0.026166,1,0.003738,1,116.008594431171,1,4.85626758790839,582,1,11.4750003814697,35.3969993591309,0.0261659994721413,0,111.868797302246,-85.9708,24.9082,71.0779943527414,63,63,63,63,61,63,0,8279,1.45687144005964,25,-86,0.001869,51,2023-12-08 22:49:18.002431,582,1.037,0.0011,"aoml_navis",1029.5973007026
"7901009",19,0,1,0.024297,1,0.001869,1,115.686713747411,1,4.85620488664859,584,1,11.4329996109009,35.3919982910156,0.0242970008403063,0,111.558403015137,-85.9708,24.9082,71.0779943527414,63,63,63,63,61,63,0,8279,1.45687144005964,25,-86,0.001869,51,2023-12-08 22:49:18.002431,584,1.037,0.0011,"aoml_navis",1029.61059442668
"7901009",19,0,1,0.024297,1,0.001869,1,115.530022002699,1,4.85612153977561,586,1,11.3450002670288,35.3810005187988,0.0242970008403063,0,111.407302856445,-85.9708,24.9082,71.0779943527414,63,63,63,63,61,63,0,8279,1.45687144005964,25,-86,0.001869,51,2023-12-08 22:49:18.002431,586,1.037,0.0011,"aoml_navis",1029.62826590025
"7901009",19,0,1,0.022428,1,0,1,115.506998878381,1,4.85605436189414,588,1,11.289999961853,35.3740005493164,0.0224280003458261,0,111.385101318359,-85.9708,24.9082,71.0779943527414,63,63,63,63,61,63,0,8279,1.45687144005964,25,-86,0.001869,51,2023-12-08 22:49:18.002431,588,1.037,0.0011,"aoml_navis",1029.64250961345
"7901009",19,0,1,0.024297,1,0.001869,1,115.34045703409,1,4.85600024055778,590,1,11.2530002593994,35.3680000305176,0.0242970008403063,0,111.224502563477,-85.9708,24.9082,71.0779943527414,63,63,63,63,61,63,0,8279,1.45687144005964,25,-86,0.001869,51,2023-12-08 22:49:18.002431,590,1.037,0.0011,"aoml_navis",1029.65398523656
"7901009",19,0,1,0.024297,1,0.001869,1,115.17495162598,1,4.85593603043195,592,1,11.201000213623,35.3610000610352,0.0242970008403063,0,111.064903259277,-85.9708,24.9082,71.0779943527414,63,63,63,63,61,63,0,8279,1.45687144005964,25,-86,0.001869,51,2023-12-08 22:49:18.002431,592,1.037,0.0011,"aoml_navis",1029.66760036895
"7901009",19,0,1,0.028035,1,0.005607,1,115.030388558099,1,4.85587100017163,594,1,11.1440000534058,35.3530006408691,0.0280349999666214,0,110.925498962402,-85.9708,24.9082,71.0779943527414,63,63,63,63,61,63,0,8279,1.45687144005964,25,-86,0.001869,51,2023-12-08 22:49:18.002431,594,1.037,0.0011,"aoml_navis",1029.68138976988
"7901009",19,0,1,0.029904,1,0.007476,1,114.804841057051,1,4.85581342383793,596,1,11.0950002670288,35.3450012207031,0.0299040004611015,0,110.708000183105,-85.9708,24.9082,71.0779943527414,63,63,63,63,61,63,0,8279,1.45687144005964,25,-86,0.001869,51,2023-12-08 22:49:18.002431,596,1.037,0.0011,"aoml_navis",1029.69359890441
"7901009",19,0,1,0.028035,1,0.005607,1,114.796858124942,1,4.8557350267883,598,1,11.0030002593994,35.3320007324219,0.0280349999666214,0,110.700302124023,-85.9708,24.9082,71.0779943527414,63,63,63,63,61,63,0,8279,1.45687144005964,25,-86,0.001869,51,2023-12-08 22:49:18.002431,598,1.037,0.0011,"aoml_navis",1029.71022356365
"7901009",19,0,1,0.022428,1,0,1,114.686101864694,1,4.85567501871775,600,1,10.951000213623,35.3240013122559,0.0224280003458261,0,110.59349822998,-85.9708,24.9082,71.0779943527414,63,63,63,63,61,63,0,8279,1.45687144005964,25,-86,0.001869,51,2023-12-08 22:49:18.002431,600,1.037,0.0011,"aoml_navis",1029.72294907009
"7901009",19,0,1,0.024297,1,0.001869,1,114.588518629184,1,4.85561070296532,602,1,10.8819999694824,35.3129997253418,0.0242970008403063,0,110.499397277832,-85.9708,24.9082,71.0779943527414,63,63,63,63,61,63,0,8279,1.45687144005964,25,-86,0.001869,51,2023-12-08 22:49:18.002431,602,1.037,0.0011,"aoml_navis",1029.73658842677
"7901009",19,0,1,0.026166,1,0.003738,1,114.718041504856,1,4.85550547916356,604,1,10.7430000305176,35.2960014343262,0.0261659994721413,0,110.624298095703,-85.9708,24.9082,71.0779943527414,63,63,63,63,61,63,0,8279,1.45687144005964,25,-86,0.001869,51,2023-12-08 22:49:18.002431,604,1.037,0.0011,"aoml_navis",1029.7589038786
"7901009",19,0,1,0.028035,1,0.005607,1,114.724782295893,1,4.85544703224191,606,1,10.6879997253418,35.2869987487793,0.0280349999666214,0,110.630798339844,-85.9708,24.9082,71.0779943527414,63,63,63,63,61,63,0,8279,1.45687144005964,25,-86,0.001869,51,2023-12-08 22:49:18.002431,606,1.037,0.0011,"aoml_navis",1029.7712994907
"7901009",19,0,1,0.026166,1,0.003738,1,114.721364430015,1,4.85538407193846,608,1,10.6359996795654,35.2799987792969,0.0261659994721413,0,110.627502441406,-85.9708,24.9082,71.0779943527414,63,63,63,63,61,63,0,8279,1.45687144005964,25,-86,0.001869,51,2023-12-08 22:49:18.002431,608,1.037,0.0011,"aoml_navis",1029.78465264928
"7901009",19,0,1,0.028035,1,0.005607,1,114.775282846587,1,4.85532728576103,610,1,10.5989999771118,35.2750015258789,0.0280349999666214,0,110.679496765137,-85.9708,24.9082,71.0779943527414,63,63,63,63,61,63,0,8279,1.45687144005964,25,-86,0.001869,51,2023-12-08 22:49:18.002431,610,1.037,0.0011,"aoml_navis",1029.79669664355
"7901009",19,0,1,0.028035,1,0.005607,1,114.668474537897,1,4.85528108901926,612,1,10.5819997787476,35.2719993591309,0.0280349999666214,0,110.576499938965,-85.9708,24.9082,71.0779943527414,63,63,63,63,61,63,0,8279,1.45687144005964,25,-86,0.001869,51,2023-12-08 22:49:18.002431,612,1.037,0.0011,"aoml_navis",1029.80649489234
"7901009",19,0,1,0.026166,1,0.003738,1,114.620046859564,1,4.85523578059134,614,1,10.5659999847412,35.2690010070801,0.0261659994721413,0,110.529800415039,-85.9708,24.9082,71.0779943527414,63,63,63,63,61,63,0,8279,1.45687144005964,25,-86,0.001869,51,2023-12-08 22:49:18.002431,614,1.037,0.0011,"aoml_navis",1029.81610491242
"7901009",19,0,1,0.020559,1,-0.001869,1,114.560732645471,1,4.85518336909027,616,1,10.5419998168945,35.265998840332,0.020558999851346,0,110.472602844238,-85.9708,24.9082,71.0779943527414,63,63,63,63,61,63,0,8279,1.45687144005964,25,-86,0.001869,51,2023-12-08 22:49:18.002431,616,1.037,0.0011,"aoml_navis",1029.82722173413
"7901009",19,0,1,0.024297,1,0.001869,1,114.46294370507,1,4.85512416603868,618,1,10.4980001449585,35.2599983215332,0.0242970008403063,0,110.378303527832,-85.9708,24.9082,71.0779943527414,63,63,63,63,61,63,0,8279,1.45687144005964,25,-86,0.001869,51,2023-12-08 22:49:18.002431,618,1.037,0.0011,"aoml_navis",1029.83977937675
"7901009",19,0,1,0.024297,1,0.001869,1,114.465847308721,1,4.85506349094013,620,1,10.4440002441406,35.2519989013672,0.0242970008403063,0,110.381103515625,-85.9708,24.9082,71.0779943527414,63,63,63,63,61,63,0,8279,1.45687144005964,25,-86,0.001869,51,2023-12-08 22:49:18.002431,620,1.037,0.0011,"aoml_navis",1029.85264957509
"7901009",19,0,1,0.028035,1,0.005607,1,114.252119927169,1,4.8550216932978,622,1,10.4359998703003,35.25,0.0280349999666214,0,110.175003051758,-85.9708,24.9082,71.0779943527414,63,63,63,63,61,63,0,8279,1.45687144005964,25,-86,0.001869,51,2023-12-08 22:49:18.002431,622,1.037,0.0011,"aoml_navis",1029.86151573789
"7901009",19,0,1,0.024297,1,0.001869,1,114.099882484516,1,4.85497329344991,624,1,10.4040002822876,35.2439994812012,0.0242970008403063,0,110.028198242188,-85.9708,24.9082,71.0779943527414,63,63,63,63,61,63,0,8279,1.45687144005964,25,-86,0.001869,51,2023-12-08 22:49:18.002431,624,1.037,0.0011,"aoml_navis",1029.87178255867
"7901009",19,0,1,0.028035,1,0.005607,1,114.201405759857,1,4.85487637287229,626,1,10.2919998168945,35.2319984436035,0.0280349999666214,0,110.126098632812,-85.9708,24.9082,71.0779943527414,63,63,63,63,61,63,0,8279,1.45687144005964,25,-86,0.001869,51,2023-12-08 22:49:18.002431,626,1.037,0.0011,"aoml_navis",1029.8923424577
"7901009",19,0,1,0.024297,1,0.001869,1,114.269850106411,1,4.85481353774861,628,1,10.2349996566772,35.2239990234375,0.0242970008403063,0,110.192100524902,-85.9708,24.9082,71.0779943527414,63,63,63,63,61,63,0,8279,1.45687144005964,25,-86,0.001869,51,2023-12-08 22:49:18.002431,628,1.037,0.0011,"aoml_navis",1029.90567219987
"7901009",19,0,1,0.028035,1,0.005607,1,114.344101660268,1,4.85474805839848,630,1,10.1789999008179,35.2169990539551,0.0280349999666214,0,110.263702392578,-85.9708,24.9082,71.0779943527414,63,63,63,63,61,63,0,8279,1.45687144005964,25,-86,0.001869,51,2023-12-08 22:49:18.002431,630,1.037,0.0011,"aoml_navis",1029.91956325112
"7901009",19,0,1,0.026166,1,0.003738,1,114.421873932447,1,4.85468759606499,632,1,10.1370000839233,35.2120018005371,0.0261659994721413,0,110.33869934082,-85.9708,24.9082,71.0779943527414,63,63,63,63,61,63,0,8279,1.45687144005964,25,-86,0.001869,51,2023-12-08 22:49:18.002431,632,1.037,0.0011,"aoml_navis",1029.93239030516
"7901009",19,0,1,0.026166,1,0.003738,1,114.511474235849,1,4.85464099035979,634,1,10.1149997711182,35.2080001831055,0.0261659994721413,0,110.425102233887,-85.9708,24.9082,71.0779943527414,63,63,63,63,61,63,0,8279,1.45687144005964,25,-86,0.001869,51,2023-12-08 22:49:18.002431,634,1.037,0.0011,"aoml_navis",1029.94227790044
"7901009",19,0,1,0.026166,1,0.003738,1,114.711506418709,1,4.85456709896986,636,1,10.048999786377,35.201000213623,0.0261659994721413,0,110.61799621582,-85.9708,24.9082,71.0779943527414,63,63,63,63,61,63,0,8279,1.45687144005964,25,-86,0.001869,51,2023-12-08 22:49:18.002431,636,1.037,0.0011,"aoml_navis",1029.95795465697
"7901009",19,0,1,0.028035,1,0.005607,1,114.771556423373,1,4.85451815336056,638,1,10.0200004577637,35.1959991455078,0.0280349999666214,0,110.675903320312,-85.9708,24.9082,71.0779943527414,63,63,63,63,61,63,0,8279,1.45687144005964,25,-86,0.001869,51,2023-12-08 22:49:18.002431,638,1.037,0.0011,"aoml_navis",1029.9683391932
"7901009",19,0,1,0.026166,1,0.003738,1,114.805046761942,1,4.85446778267318,640,1,10.0019998550415,35.1940002441406,0.0261659994721413,0,110.708198547363,-85.9708,24.9082,71.0779943527414,63,63,63,63,61,63,0,8279,1.45687144005964,25,-86,0.001869,51,2023-12-08 22:49:18.002431,640,1.037,0.0011,"aoml_navis",1029.9790262995
"7901009",19,0,1,0.026166,1,0.003738,1,114.737227441787,1,4.85442416557828,642,1,9.99600028991699,35.193000793457,0.0261659994721413,0,110.642799377441,-85.9708,24.9082,71.0779943527414,63,63,63,63,61,63,0,8279,1.45687144005964,25,-86,0.001869,51,2023-12-08 22:49:18.002431,642,1.037,0.0011,"aoml_navis",1029.98828068094
"7901009",19,0,1,0.026166,1,0.003738,1,114.633219884302,1,4.85437640935449,644,1,9.98099994659424,35.1910018920898,0.0261659994721413,0,110.542503356934,-85.9708,24.9082,71.0779943527414,63,63,63,63,61,63,0,8279,1.45687144005964,25,-86,0.001869,51,2023-12-08 22:49:18.002431,644,1.037,0.0011,"aoml_navis",1029.99841346561
"7901009",19,0,1,0.026166,1,0.003738,1,114.631455569277,1,4.85431411783458,646,1,9.92800045013428,35.1839981079102,0.0261659994721413,0,110.540802001953,-85.9708,24.9082,71.0779943527414,63,63,63,63,61,63,0,8279,1.45687144005964,25,-86,0.001869,51,2023-12-08 22:49:18.002431,646,1.037,0.0011,"aoml_navis",1030.01163060919
"7901009",19,0,1,0.028035,1,0.005607,1,114.505975585883,1,4.85427224032836,648,1,9.92399978637695,35.1829986572266,0.0280349999666214,0,110.419799804688,-85.9708,24.9082,71.0779943527414,63,63,63,63,61,63,0,8279,1.45687144005964,25,-86,0.001869,51,2023-12-08 22:49:18.002431,648,1.037,0.0011,"aoml_navis",1030.02051645579
"7901009",19,0,1,0.028035,1,0.005607,1,114.351562418423,1,4.85422579964455,650,1,9.90200042724609,35.1790008544922,0.0280349999666214,0,110.270896911621,-85.9708,24.9082,71.0779943527414,63,63,63,63,61,63,0,8279,1.45687144005964,25,-86,0.001869,51,2023-12-08 22:49:18.002431,650,1.037,0.0011,"aoml_navis",1030.03037072691
"7901009",19,0,1,0.028035,1,0.005607,1,114.305626933959,1,4.85415871558305,652,1,9.83899974822998,35.1710014343262,0.0280349999666214,0,110.226600646973,-85.9708,24.9082,71.0779943527414,63,63,63,63,61,63,0,8279,1.45687144005964,25,-86,0.001869,51,2023-12-08 22:49:18.002431,652,1.037,0.0011,"aoml_navis",1030.04460565922
"7901009",19,0,1,0.029904,1,0.007476,1,114.275032287315,1,4.8541025022336,654,1,9.79699993133545,35.1650009155273,0.0299040004611015,0,110.19709777832,-85.9708,24.9082,71.0779943527414,63,63,63,63,61,63,0,8279,1.45687144005964,25,-86,0.001869,51,2023-12-08 22:49:18.002431,654,1.037,0.0011,"aoml_navis",1030.05653417893
"7901009",19,0,1,0.026166,1,0.003738,1,114.223392447994,1,4.85405080846422,656,1,9.77299976348877,35.1619987487793,0.0261659994721413,0,110.147300720215,-85.9708,24.9082,71.0779943527414,63,63,63,63,61,63,0,8279,1.45687144005964,25,-86,0.001869,51,2023-12-08 22:49:18.002431,656,1.037,0.0011,"aoml_navis",1030.06750388383
"7901009",19,0,1,0.028035,1,0.005607,1,114.25232563206,1,4.85399385194205,658,1,9.72999954223633,35.1559982299805,0.0280349999666214,0,110.175201416016,-85.9708,24.9082,71.0779943527414,63,63,63,63,61,63,0,8279,1.45687144005964,25,-86,0.001869,51,2023-12-08 22:49:18.002431,658,1.037,0.0011,"aoml_navis",1030.07959064463
"7901009",19,0,1,0.026166,1,0.003738,1,114.301584041682,1,4.85392492110047,660,1,9.65999984741211,35.1469993591309,0.0261659994721413,0,110.222702026367,-85.9708,24.9082,71.0779943527414,63,63,63,63,61,63,0,8279,1.45687144005964,25,-86,0.001869,51,2023-12-08 22:49:18.002431,660,1.037,0.0011,"aoml_navis",1030.09421885875
"7901009",19,0,1,0.022428,1,0,1,114.398953660575,1,4.85388612151924,662,1,9.65100002288818,35.1440010070801,0.0224280003458261,0,110.316596984863,-85.9708,24.9082,71.0779943527414,63,63,63,63,61,63,0,8279,1.45687144005964,25,-86,0.001869,51,2023-12-08 22:49:18.002431,662,1.037,0.0011,"aoml_navis",1030.10245292591
"7901009",19,0,1,0.029904,1,0.007476,1,114.52630081144,1,4.85383363565219,664,1,9.61299991607666,35.1380004882812,0.0299040004611015,0,110.439399719238,-85.9708,24.9082,71.0779943527414,63,63,63,63,61,63,0,8279,1.45687144005964,25,-86,0.001869,51,2023-12-08 22:49:18.002431,664,1.037,0.0011,"aoml_navis",1030.1135917132
"7901009",19,0,1,0.028035,1,0.005607,1,114.690144756971,1,4.85377325993754,666,1,9.55700016021729,35.1300010681152,0.0280349999666214,0,110.597396850586,-85.9708,24.9082,71.0779943527414,63,63,63,63,61,63,0,8279,1.45687144005964,25,-86,0.001869,51,2023-12-08 22:49:18.002431,666,1.037,0.0011,"aoml_navis",1030.12640521744
"7901009",19,0,1,0.024297,1,0.001869,1,114.751436902706,1,4.85370766595049,668,1,9.49899959564209,35.1230010986328,0.0242970008403063,0,110.65650177002,-85.9708,24.9082,71.0779943527414,63,63,63,63,61,63,0,8279,1.45687144005964,25,-86,0.001869,51,2023-12-08 22:49:18.002431,668,1.037,0.0011,"aoml_navis",1030.14032655402
"7901009",19,0,1,0.026166,1,0.003738,1,114.774040705516,1,4.85364754197214,670,1,9.45600032806396,35.1180000305176,0.0261659994721413,0,110.678298950195,-85.9708,24.9082,71.0779943527414,63,63,63,63,61,63,0,8279,1.45687144005964,25,-86,0.001869,51,2023-12-08 22:49:18.002431,670,1.037,0.0011,"aoml_navis",1030.1530872941
"7901009",19,0,1,0.028035,1,0.005607,1,114.802143158291,1,4.85360007915527,672,1,9.44099998474121,35.1160011291504,0.0280349999666214,0,110.70539855957,-85.9708,24.9082,71.0779943527414,63,63,63,63,61,63,0,8279,1.45687144005964,25,-86,0.001869,51,2023-12-08 22:49:18.002431,672,1.037,0.0011,"aoml_navis",1030.16316104688
"7901009",19,0,1,0.028035,1,0.005607,1,114.817491907836,1,4.85354619409186,674,1,9.41399955749512,35.1129989624023,0.0280349999666214,0,110.720199584961,-85.9708,24.9082,71.0779943527414,63,63,63,63,61,63,0,8279,1.45687144005964,25,-86,0.001869,51,2023-12-08 22:49:18.002431,674,1.037,0.0011,"aoml_navis",1030.17459812918
"7901009",19,0,1,0.029904,1,0.007476,1,114.81988124926,1,4.85349623050303,676,1,9.39599990844727,35.1110000610352,0.0299040004611015,0,110.722503662109,-85.9708,24.9082,71.0779943527414,63,63,63,63,61,63,0,8279,1.45687144005964,25,-86,0.001869,51,2023-12-08 22:49:18.002431,676,1.037,0.0011,"aoml_navis",1030.18520310704
"7901009",19,0,1,0.028035,1,0.005607,1,114.792293058712,1,4.85345691258054,678,1,9.39500045776367,35.1100006103516,0.0280349999666214,0,110.695899963379,-85.9708,24.9082,71.0779943527414,63,63,63,63,61,63,0,8279,1.45687144005964,25,-86,0.001869,51,2023-12-08 22:49:18.002431,678,1.037,0.0011,"aoml_navis",1030.19354865181
"7901009",19,0,1,0.028035,1,0.005607,1,114.751120433643,1,4.85340780090651,680,1,9.37800025939941,35.1080017089844,0.0280349999666214,0,110.656196594238,-85.9708,24.9082,71.0779943527414,63,63,63,63,61,63,0,8279,1.45687144005964,25,-86,0.001869,51,2023-12-08 22:49:18.002431,680,1.037,0.0011,"aoml_navis",1030.20397318892
"7901009",19,0,1,0.026166,1,0.003738,1,114.81635261921,1,4.85334368208985,682,1,9.32999992370605,35.1030006408691,0.0261659994721413,0,110.719100952148,-85.9708,24.9082,71.0779943527414,63,63,63,63,61,63,0,8279,1.45687144005964,25,-86,0.001869,51,2023-12-08 22:49:18.002431,682,1.037,0.0011,"aoml_navis",1030.21758348813
"7901009",19,0,1,0.026166,1,0.003738,1,114.843110078469,1,4.85329409883821,684,1,9.30799961090088,35.0999984741211,0.0261659994721413,0,110.744903564453,-85.9708,24.9082,71.0779943527414,63,63,63,63,61,63,0,8279,1.45687144005964,25,-86,0.001869,51,2023-12-08 22:49:18.002431,684,1.037,0.0011,"aoml_navis",1030.22810861532
"7901009",19,0,1,0.024297,1,0.001869,1,114.890604173066,1,4.85323981747017,686,1,9.27600002288818,35.0960006713867,0.0242970008403063,0,110.790702819824,-85.9708,24.9082,71.0779943527414,63,63,63,63,61,63,0,8279,1.45687144005964,25,-86,0.001869,51,2023-12-08 22:49:18.002431,686,1.037,0.0011,"aoml_navis",1030.23963126684
"7901009",19,0,1,0.026166,1,0.003738,1,114.92482239048,1,4.85318777381158,688,1,9.25100040435791,35.0929985046387,0.0261659994721413,0,110.823699951172,-85.9708,24.9082,71.0779943527414,63,63,63,63,61,63,0,8279,1.45687144005964,25,-86,0.001869,51,2023-12-08 22:49:18.002431,688,1.037,0.0011,"aoml_navis",1030.25067914756
"7901009",19,0,1,0.029904,1,0.007476,1,114.900454272645,1,4.85314292637489,690,1,9.23900032043457,35.0909996032715,0.0299040004611015,0,110.800201416016,-85.9708,24.9082,71.0779943527414,63,63,63,63,61,63,0,8279,1.45687144005964,25,-86,0.001869,51,2023-12-08 22:49:18.002431,690,1.037,0.0011,"aoml_navis",1030.26019959705
"7901009",19,0,1,0.029904,1,0.007476,1,114.836986402104,1,4.8530969240313,692,1,9.22999954223633,35.0900001525879,0.0299040004611015,0,110.738998413086,-85.9708,24.9082,71.0779943527414,63,63,63,63,61,63,0,8279,1.45687144005964,25,-86,0.001869,51,2023-12-08 22:49:18.002431,692,1.037,0.0011,"aoml_navis",1030.26996539906
"7901009",19,0,1,0.029904,1,0.007476,1,114.712859323952,1,4.85305074453069,694,1,9.21199989318848,35.0870018005371,0.0299040004611015,0,110.619300842285,-85.9708,24.9082,71.0779943527414,63,63,63,63,61,63,0,8279,1.45687144005964,25,-86,0.001869,51,2023-12-08 22:49:18.002431,694,1.037,0.0011,"aoml_navis",1030.27976899581
"7901009",19,0,1,0.026166,1,0.003738,1,114.39885080813,1,4.85299842771672,696,1,9.19099998474121,35.0849990844727,0.0261659994721413,0,110.316497802734,-85.9708,24.9082,71.0779943527414,63,63,63,63,61,63,0,8279,1.45687144005964,25,-86,0.001869,51,2023-12-08 22:49:18.002431,696,1.037,0.0011,"aoml_navis",1030.29087572823
"7901009",19,0,1,0.028035,1,0.005607,1,114.261447852794,1,4.85293030789653,698,1,9.15100002288818,35.0830001831055,0.0280349999666214,0,110.18399810791,-85.9708,24.9082,71.0779943527414,63,63,63,63,61,63,0,8279,1.45687144005964,25,-86,0.001869,51,2023-12-08 22:49:18.002431,698,1.037,0.0011,"aoml_navis",1030.30533775937
"7901009",19,0,1,0.024297,1,0.001869,1,114.254398504421,1,4.85285750296216,700,1,9.09200000762939,35.0779991149902,0.0242970008403063,0,110.177200317383,-85.9708,24.9082,71.0779943527414,63,63,63,63,61,63,0,8279,1.45687144005964,25,-86,0.001869,51,2023-12-08 22:49:18.002431,700,1.037,0.0011,"aoml_navis",1030.32079490239
"7901009",19,0,1,0.031773,1,0.009345,1,114.252839894287,1,4.85280065549347,702,1,9.06099987030029,35.0750007629395,0.0317730009555817,0,110.17569732666,-85.9708,24.9082,71.0779943527414,63,63,63,63,61,63,0,8279,1.45687144005964,25,-86,0.001869,51,2023-12-08 22:49:18.002431,702,1.037,0.0011,"aoml_navis",1030.33286445424
"7901009",19,0,1,0.026166,1,0.003738,1,114.256993550736,1,4.85274348728676,704,1,9.03400039672852,35.0730018615723,0.0261659994721413,0,110.179702758789,-85.9708,24.9082,71.0779943527414,63,63,63,63,61,63,0,8279,1.45687144005964,25,-86,0.001869,51,2023-12-08 22:49:18.002431,704,1.037,0.0011,"aoml_navis",1030.34500238865
"7901009",19,0,1,0.024297,1,0.001869,1,114.198296451315,1,4.8526937891347,706,1,9.01599979400635,35.0709991455078,0.0242970008403063,0,110.123100280762,-85.9708,24.9082,71.0779943527414,63,63,63,63,61,63,0,8279,1.45687144005964,25,-86,0.001869,51,2023-12-08 22:49:18.002431,706,1.037,0.0011,"aoml_navis",1030.35555451595
"7901009",19,0,1,0.029904,1,0.007476,1,114.172164018456,1,4.85264501326016,708,1,9.00800037384033,35.0709991455078,0.0299040004611015,0,110.097900390625,-85.9708,24.9082,71.0779943527414,63,63,63,63,61,63,0,8279,1.45687144005964,25,-86,0.001869,51,2023-12-08 22:49:18.002431,708,1.037,0.0011,"aoml_navis",1030.36591103144
"7901009",19,0,1,0.029904,1,0.007476,1,114.118340542603,1,4.85259944204604,710,1,8.99499988555908,35.0690002441406,0.0299040004611015,0,110.045997619629,-85.9708,24.9082,71.0779943527414,63,63,63,63,61,63,0,8279,1.45687144005964,25,-86,0.001869,51,2023-12-08 22:49:18.002431,710,1.037,0.0011,"aoml_navis",1030.37558729385
"7901009",19,0,1,0.028035,1,0.005607,1,114.141157962029,1,4.85255268666169,712,1,8.98499965667725,35.068000793457,0.0280349999666214,0,110.068000793457,-85.9708,24.9082,71.0779943527414,63,63,63,63,61,63,0,8279,1.45687144005964,25,-86,0.001869,51,2023-12-08 22:49:18.002431,712,1.037,0.0011,"aoml_navis",1030.3855151833
"7901009",19,0,1,0.031773,1,0.009345,1,114.273481588907,1,4.85248976417014,714,1,8.94200038909912,35.0639991760254,0.0317730009555817,0,110.195602416992,-85.9708,24.9082,71.0779943527414,63,63,63,63,61,63,0,8279,1.45687144005964,25,-86,0.001869,51,2023-12-08 22:49:18.002431,714,1.037,0.0011,"aoml_navis",1030.3988762468
"7901009",19,0,1,0.029904,1,0.007476,1,114.272650857617,1,4.85244257875372,716,1,8.92700004577637,35.0620002746582,0.0299040004611015,0,110.194801330566,-85.9708,24.9082,71.0779943527414,63,63,63,63,61,63,0,8279,1.45687144005964,25,-86,0.001869,51,2023-12-08 22:49:18.002431,716,1.037,0.0011,"aoml_navis",1030.4088959017
"7901009",19,0,4,0.024297,1,0.001869,1,114.421668227556,1,4.85238549941506,718,1,8.89099979400635,35.0579986572266,0.0242970008403063,0,110.338500976562,-85.9708,24.9082,71.0779943527414,63,63,63,63,61,63,0,8279,1.45687144005964,25,-86,0.001869,51,2023-12-08 22:49:18.002431,718,1.037,0.0011,"aoml_navis",1030.42101675614
"7901009",19,0,1,0.031773,1,0.009345,1,114.549118230867,1,4.85233216879058,720,1,8.86400032043457,35.0550003051758,0.0317730009555817,0,110.461402893066,-85.9708,24.9082,71.0779943527414,63,63,63,63,61,63,0,8279,1.45687144005964,25,-86,0.001869,51,2023-12-08 22:49:18.002431,720,1.037,0.0011,"aoml_navis",1030.43234182507
"7901009",19,0,1,0.031773,1,0.009345,1,114.62554550953,1,4.85228172659764,722,1,8.83600044250488,35.0509986877441,0.0317730009555817,0,110.535102844238,-85.9708,24.9082,71.0779943527414,63,63,63,63,61,63,0,8279,1.45687144005964,25,-86,0.001869,51,2023-12-08 22:49:18.002431,722,1.037,0.0011,"aoml_navis",1030.44305374782
"7901009",19,0,1,0.029904,1,0.007476,1,114.68910832079,1,4.85222355061245,724,1,8.80300045013428,35.0480003356934,0.0299040004611015,0,110.596397399902,-85.9708,24.9082,71.0779943527414,63,63,63,63,61,63,0,8279,1.45687144005964,25,-86,0.001869,51,2023-12-08 22:49:18.002431,724,1.037,0.0011,"aoml_navis",1030.4554082981
"7901009",19,0,1,0.028035,1,0.005607,1,114.741270334064,1,4.85217480793192,726,1,8.78600025177002,35.0460014343262,0.0280349999666214,0,110.646697998047,-85.9708,24.9082,71.0779943527414,63,63,63,63,61,63,0,8279,1.45687144005964,25,-86,0.001869,51,2023-12-08 22:49:18.002431,726,1.037,0.0011,"aoml_navis",1030.46575977156
"7901009",19,0,1,0.028035,1,0.005607,1,114.768652819722,1,4.85212772097158,728,1,8.77099990844727,35.0439987182617,0.0280349999666214,0,110.67310333252,-85.9708,24.9082,71.0779943527414,63,63,63,63,61,63,0,8279,1.45687144005964,25,-86,0.001869,51,2023-12-08 22:49:18.002431,728,1.037,0.0011,"aoml_navis",1030.47575981755
"7901009",19,0,1,0.028035,1,0.005607,1,114.853680145166,1,4.85207858784802,730,1,8.74899959564209,35.0410003662109,0.0280349999666214,0,110.755096435547,-85.9708,24.9082,71.0779943527414,63,63,63,63,61,63,0,8279,1.45687144005964,25,-86,0.001869,51,2023-12-08 22:49:18.002431,730,1.037,0.0011,"aoml_navis",1030.48619462233
"7901009",19,0,1,0.029904,1,0.007476,1,115.022508478436,1,4.85201525645984,732,1,8.70499992370605,35.0369987487793,0.0299040004611015,0,110.917900085449,-85.9708,24.9082,71.0779943527414,63,63,63,63,61,63,0,8279,1.45687144005964,25,-86,0.001869,51,2023-12-08 22:49:18.002431,732,1.037,0.0011,"aoml_navis",1030.49964514088
"7901009",19,0,1,0.028035,1,0.005607,1,115.171003674421,1,4.85194430839433,734,1,8.64700031280518,35.0320014953613,0.0280349999666214,0,111.061096191406,-85.9708,24.9082,71.0779943527414,63,63,63,63,61,63,0,8279,1.45687144005964,25,-86,0.001869,51,2023-12-08 22:49:18.002431,734,1.037,0.0011,"aoml_navis",1030.51471373023
"7901009",19,0,1,0.026166,1,0.003738,1,115.267447621305,1,4.85189891672142,736,1,8.63399982452393,35.0299987792969,0.0261659994721413,0,111.154098510742,-85.9708,24.9082,71.0779943527414,63,63,63,63,61,63,0,8279,1.45687144005964,25,-86,0.001869,51,2023-12-08 22:49:18.002431,736,1.037,0.0011,"aoml_navis",1030.52435465384
"7901009",19,0,1,0.028035,1,0.005607,1,115.450271798877,1,4.85185675562014,738,1,8.625,35.0279998779297,0.0280349999666214,0,111.33039855957,-85.9708,24.9082,71.0779943527414,63,63,63,63,61,63,0,8279,1.45687144005964,25,-86,0.001869,51,2023-12-08 22:49:18.002431,738,1.037,0.0011,"aoml_navis",1030.53330958468
"7901009",19,0,1,0.029904,1,0.007476,1,115.804408591861,1,4.85179606870649,740,1,8.58399963378906,35.023998260498,0.0299040004611015,0,111.671897888184,-85.9708,24.9082,71.0779943527414,63,63,63,63,61,63,0,8279,1.45687144005964,25,-86,0.001869,51,2023-12-08 22:49:18.002431,740,1.037,0.0011,"aoml_navis",1030.54619963304
"7901009",19,0,1,0.029904,1,0.007476,1,116.292736179193,1,4.85172792669646,742,1,8.52000045776367,35.0169982910156,0.0299040004611015,0,112.142799377441,-85.9708,24.9082,71.0779943527414,63,63,63,63,61,63,0,8279,1.45687144005964,25,-86,0.001869,51,2023-12-08 22:49:18.002431,742,1.037,0.0011,"aoml_navis",1030.56067354636
"7901009",19,0,1,0.029904,1,0.007476,1,116.602282481231,1,4.85164119533079,744,1,8.42800045013428,35.0089988708496,0.0299040004611015,0,112.441299438477,-85.9708,24.9082,71.0779943527414,63,63,63,63,61,63,0,8279,1.45687144005964,25,-86,0.001869,51,2023-12-08 22:49:18.002431,744,1.037,0.0011,"aoml_navis",1030.57909657705
"7901009",19,0,1,0.028035,1,0.005607,1,116.771522224282,1,4.85158067762889,746,1,8.3730001449585,35.0019989013672,0.0280349999666214,0,112.604499816895,-85.9708,24.9082,71.0779943527414,63,63,63,63,61,63,0,8279,1.45687144005964,25,-86,0.001869,51,2023-12-08 22:49:18.002431,746,1.037,0.0011,"aoml_navis",1030.59195182623
"7901009",19,0,1,0.029904,1,0.007476,1,116.851889542777,1,4.85152647504677,748,1,8.33500003814697,34.9970016479492,0.0299040004611015,0,112.681999206543,-85.9708,24.9082,71.0779943527414,63,63,63,63,61,63,0,8279,1.45687144005964,25,-86,0.001869,51,2023-12-08 22:49:18.002431,748,1.037,0.0011,"aoml_navis",1030.60346588169
"7901009",19,0,1,0.029904,1,0.007476,1,116.931639746599,1,4.85146531652894,750,1,8.30200004577637,34.9949989318848,0.0299040004611015,0,112.758903503418,-85.9708,24.9082,71.0779943527414,63,63,63,63,61,63,0,8279,1.45687144005964,25,-86,0.001869,51,2023-12-08 22:49:18.002431,750,1.037,0.0011,"aoml_navis",1030.61645786996
"7901009",19,0,1,0.028035,1,0.005607,1,116.973532338785,1,4.85141799108139,752,1,8.29100036621094,34.9939994812012,0.0280349999666214,0,112.799301147461,-85.9708,24.9082,71.0779943527414,63,63,63,63,61,63,0,8279,1.45687144005964,25,-86,0.001869,51,2023-12-08 22:49:18.002431,752,1.037,0.0011,"aoml_navis",1030.62651150483
"7901009",19,0,1,0.026166,1,0.003738,1,117.093719377105,1,4.85137017936069,754,1,8.28400039672852,34.9939994812012,0.0261659994721413,0,112.915199279785,-85.9708,24.9082,71.0779943527414,63,63,63,63,61,63,0,8279,1.45687144005964,25,-86,0.001869,51,2023-12-08 22:49:18.002431,754,1.037,0.0011,"aoml_navis",1030.63666864088
"7901009",19,0,1,0.029904,1,0.007476,1,117.380036849934,1,4.85131779576409,756,1,8.26200008392334,34.992000579834,0.0299040004611015,0,113.191299438477,-85.9708,24.9082,71.0779943527414,63,63,63,63,61,63,0,8279,1.45687144005964,25,-86,0.001869,51,2023-12-08 22:49:18.002431,756,1.037,0.0011,"aoml_navis",1030.64779725742
"7901009",19,0,1,0.026166,1,0.003738,1,117.713437007579,1,4.85124952415088,758,1,8.20600032806396,34.9869995117188,0.0261659994721413,0,113.512802124023,-85.9708,24.9082,71.0779943527414,63,63,63,63,61,63,0,8279,1.45687144005964,25,-86,0.001869,51,2023-12-08 22:49:18.002431,758,1.037,0.0011,"aoml_navis",1030.66230155934
"7901009",19,0,1,0.029904,1,0.007476,1,117.901134808717,1,4.85117165868811,760,1,8.13300037384033,34.9809989929199,0.0299040004611015,0,113.693801879883,-85.9708,24.9082,71.0779943527414,63,63,63,63,61,63,0,8279,1.45687144005964,25,-86,0.001869,51,2023-12-08 22:49:18.002431,760,1.037,0.0011,"aoml_navis",1030.6788445726
"7901009",19,0,1,0.029904,1,0.007476,1,118.032002677906,1,4.85111337449038,762,1,8.0939998626709,34.9770011901855,0.0299040004611015,0,113.819999694824,-85.9708,24.9082,71.0779943527414,63,63,63,63,61,63,0,8279,1.45687144005964,25,-86,0.001869,51,2023-12-08 22:49:18.002431,762,1.037,0.0011,"aoml_navis",1030.69122776898
"7901009",19,0,1,0.026166,1,0.003738,1,118.138708134151,1,4.85105410465161,764,1,8.0629997253418,34.9749984741211,0.0261659994721413,0,113.922897338867,-85.9708,24.9082,71.0779943527414,63,63,63,63,61,63,0,8279,1.45687144005964,25,-86,0.001869,51,2023-12-08 22:49:18.002431,764,1.037,0.0011,"aoml_navis",1030.7038206821
"7901009",19,0,1,0.031773,1,0.009345,1,118.200205984777,1,4.85099877651694,766,1,8.03699970245361,34.9729995727539,0.0317730009555817,0,113.982200622559,-85.9708,24.9082,71.0779943527414,63,63,63,63,61,63,0,8279,1.45687144005964,25,-86,0.001869,51,2023-12-08 22:49:18.002431,766,1.037,0.0011,"aoml_navis",1030.715576389
"7901009",19,0,1,0.024297,1,0.001869,1,118.222706935141,1,4.85095389885996,768,1,8.0290002822876,34.9720001220703,0.0242970008403063,0,114.003898620605,-85.9708,24.9082,71.0779943527414,63,63,63,63,61,63,0,8279,1.45687144005964,25,-86,0.001869,51,2023-12-08 22:49:18.002431,768,1.037,0.0011,"aoml_navis",1030.72511185379
"7901009",19,0,1,0.029904,1,0.007476,1,118.26055663505,1,4.85090745687141,770,1,8.01900005340576,34.9710006713867,0.0299040004611015,0,114.040397644043,-85.9708,24.9082,71.0779943527414,63,63,63,63,61,63,0,8279,1.45687144005964,25,-86,0.001869,51,2023-12-08 22:49:18.002431,770,1.037,0.0011,"aoml_navis",1030.73497988864
"7901009",19,0,1,0.031773,1,0.009345,1,118.349326207162,1,4.85085945315403,772,1,8.00699996948242,34.9700012207031,0.0317730009555817,0,114.125999450684,-85.9708,24.9082,71.0779943527414,63,63,63,63,61,63,0,8279,1.45687144005964,25,-86,0.001869,51,2023-12-08 22:49:18.002431,772,1.037,0.0011,"aoml_navis",1030.7451799596
"7901009",19,0,1,0.028035,1,0.005607,1,118.442241523996,1,4.85080731781996,774,1,7.9850001335144,34.9679985046387,0.0280349999666214,0,114.215599060059,-85.9708,24.9082,71.0779943527414,63,63,63,63,61,63,0,8279,1.45687144005964,25,-86,0.001869,51,2023-12-08 22:49:18.002431,774,1.037,0.0011,"aoml_navis",1030.75625816593
"7901009",19,0,1,0.028035,1,0.005607,1,118.565648635029,1,4.85075518623965,776,1,7.96299982070923,34.9659996032715,0.0280349999666214,0,114.334602355957,-85.9708,24.9082,71.0779943527414,63,63,63,63,61,63,0,8279,1.45687144005964,25,-86,0.001869,51,2023-12-08 22:49:18.002431,776,1.037,0.0011,"aoml_navis",1030.76733581272
"7901009",19,0,1,0.026166,1,0.003738,1,118.688430719663,1,4.85069449563385,778,1,7.92999982833862,34.9640007019043,0.0261659994721413,0,114.453002929688,-85.9708,24.9082,71.0779943527414,63,63,63,63,61,63,0,8279,1.45687144005964,25,-86,0.001869,51,2023-12-08 22:49:18.002431,778,1.037,0.0011,"aoml_navis",1030.78023250084
"7901009",19,0,1,0.028035,1,0.005607,1,118.777192380048,1,4.85064497085391,780,1,7.91599988937378,34.9630012512207,0.0280349999666214,0,114.538597106934,-85.9708,24.9082,71.0779943527414,63,63,63,63,61,63,0,8279,1.45687144005964,25,-86,0.001869,51,2023-12-08 22:49:18.002431,780,1.037,0.0011,"aoml_navis",1030.79075670215
"7901009",19,0,1,0.028035,1,0.005607,1,118.896350893914,1,4.85059700995386,782,1,7.90399980545044,34.9620018005371,0.0280349999666214,0,114.653503417969,-85.9708,24.9082,71.0779943527414,63,63,63,63,61,63,0,8279,1.45687144005964,25,-86,0.001869,51,2023-12-08 22:49:18.002431,782,1.037,0.0011,"aoml_navis",1030.80094877797
"7901009",19,0,1,0.033642,1,0.011214,1,119.076057851217,1,4.85052786114416,784,1,7.8600001335144,34.9599990844727,0.0336420014500618,0,114.826797485352,-85.9708,24.9082,71.0779943527414,63,63,63,63,61,63,0,8279,1.45687144005964,25,-86,0.001869,51,2023-12-08 22:49:18.002431,784,1.037,0.0011,"aoml_navis",1030.81564380925
"7901009",19,0,1,0.029904,1,0.007476,1,119.128536333553,1,4.85047583348985,786,1,7.83799982070923,34.9580001831055,0.0299040004611015,0,114.877403259277,-85.9708,24.9082,71.0779943527414,63,63,63,63,61,63,0,8279,1.45687144005964,25,-86,0.001869,51,2023-12-08 22:49:18.002431,786,1.037,0.0011,"aoml_navis",1030.8267006461
"7901009",19,0,1,0.031773,1,0.009345,1,119.144707902662,1,4.85043121490937,788,1,7.83500003814697,34.9580001831055,0.0317730009555817,0,114.892997741699,-85.9708,24.9082,71.0779943527414,63,63,63,63,61,63,0,8279,1.45687144005964,25,-86,0.001869,51,2023-12-08 22:49:18.002431,788,1.037,0.0011,"aoml_navis",1030.83618310695
"7901009",19,0,1,0.028035,1,0.005607,1,119.124382677104,1,4.85038814982916,790,1,7.83400011062622,34.9580001831055,0.0280349999666214,0,114.873397827148,-85.9708,24.9082,71.0779943527414,63,63,63,63,61,63,0,8279,1.45687144005964,25,-86,0.001869,51,2023-12-08 22:49:18.002431,790,1.037,0.0011,"aoml_navis",1030.8453355792
"7901009",19,0,1,0.026166,1,0.003738,1,119.125110555949,1,4.85034586296778,792,1,7.83400011062622,34.9580001831055,0.0261659994721413,0,114.874099731445,-85.9708,24.9082,71.0779943527414,63,63,63,63,61,63,0,8279,1.45687144005964,25,-86,0.001869,51,2023-12-08 22:49:18.002431,792,1.037,0.0011,"aoml_navis",1030.85432281744
"7901009",19,0,1,0.029904,1,0.007476,1,119.124382677104,1,4.85030357861488,794,1,7.83400011062622,34.9580001831055,0.0299040004611015,0,114.873397827148,-85.9708,24.9082,71.0779943527414,63,63,63,63,61,63,0,8279,1.45687144005964,25,-86,0.001869,51,2023-12-08 22:49:18.002431,794,1.037,0.0011,"aoml_navis",1030.86330967924
"7901009",19,0,1,0.024297,1,0.001869,1,119.166386033463,1,4.85026263717391,796,1,7.83099985122681,34.9570007324219,0.0242970008403063,0,114.913902282715,-85.9708,24.9082,71.0779943527414,63,63,63,63,61,63,0,8279,1.45687144005964,25,-86,0.001869,51,2023-12-08 22:49:18.002431,796,1.037,0.0011,"aoml_navis",1030.87201127594
"7901009",19,0,1,0.031773,1,0.009345,1,119.258984881234,1,4.85022092151827,798,1,7.8270001411438,34.9560012817383,0.0317730009555817,0,115.003196716309,-85.9708,24.9082,71.0779943527414,63,63,63,63,61,63,0,8279,1.45687144005964,25,-86,0.001869,51,2023-12-08 22:49:18.002431,798,1.037,0.0011,"aoml_navis",1030.88087757348
"7901009",19,0,1,0.029904,1,0.007476,1,119.361133182975,1,4.85016700135511,800,1,7.81199979782104,34.9560012817383,0.0299040004611015,0,115.101699829102,-85.9708,24.9082,71.0779943527414,63,63,63,63,61,63,0,8279,1.45687144005964,25,-86,0.001869,51,2023-12-08 22:49:18.002431,800,1.037,0.0011,"aoml_navis",1030.89233805826
"7901009",19,0,1,0.029904,1,0.007476,1,119.567083337309,1,4.85011326486291,802,1,7.78299999237061,34.9529991149902,0.0299040004611015,0,115.300300598145,-85.9708,24.9082,71.0779943527414,63,63,63,63,61,63,0,8279,1.45687144005964,25,-86,0.001869,51,2023-12-08 22:49:18.002431,802,1.037,0.0011,"aoml_navis",1030.90375975814
"7901009",19,0,1,0.028035,1,0.005607,1,119.677942450003,1,4.85005762182169,804,1,7.76100015640259,34.9519996643066,0.0280349999666214,0,115.407203674316,-85.9708,24.9082,71.0779943527414,63,63,63,63,61,63,0,8279,1.45687144005964,25,-86,0.001869,51,2023-12-08 22:49:18.002431,804,1.037,0.0011,"aoml_navis",1030.91558696204
"7901009",19,0,1,0.024297,1,0.001869,1,119.686439644339,1,4.85001069667326,806,1,7.75500011444092,34.9519996643066,0.0242970008403063,0,115.415397644043,-85.9708,24.9082,71.0779943527414,63,63,63,63,61,63,0,8279,1.45687144005964,25,-86,0.001869,51,2023-12-08 22:49:18.002431,806,1.037,0.0011,"aoml_navis",1030.92556134559
"7901009",19,0,1,0.028035,1,0.005607,1,119.761830486821,1,4.84997053713453,808,1,7.75299978256226,34.951000213623,0.0280349999666214,0,115.488098144531,-85.9708,24.9082,71.0779943527414,63,63,63,63,61,63,0,8279,1.45687144005964,25,-86,0.001869,51,2023-12-08 22:49:18.002431,808,1.037,0.0011,"aoml_navis",1030.93409778817
"7901009",19,0,1,0.028035,1,0.005607,1,119.914890749038,1,4.8499280591242,810,1,7.7480001449585,34.9500007629395,0.0280349999666214,0,115.635696411133,-85.9708,24.9082,71.0779943527414,63,63,63,63,61,63,0,8279,1.45687144005964,25,-86,0.001869,51,2023-12-08 22:49:18.002431,810,1.037,0.0011,"aoml_navis",1030.94312720649
"7901009",19,0,1,0.031773,1,0.009345,1,120.169790755659,1,4.84987533782543,812,1,7.72499990463257,34.9480018615723,0.0317730009555817,0,115.881500244141,-85.9708,24.9082,71.0779943527414,63,63,63,63,61,63,0,8279,1.45687144005964,25,-86,0.001869,51,2023-12-08 22:49:18.002431,812,1.037,0.0011,"aoml_navis",1030.9543342287
"7901009",19,0,1,0.029904,1,0.007476,1,120.473118440613,1,4.84982092053904,814,1,7.69500017166138,34.9449996948242,0.0299040004611015,0,116.174003601074,-85.9708,24.9082,71.0779943527414,63,63,63,63,61,63,0,8279,1.45687144005964,25,-86,0.001869,51,2023-12-08 22:49:18.002431,814,1.037,0.0011,"aoml_navis",1030.96590202433
"7901009",19,0,1,0.029904,1,0.007476,1,120.733295568856,1,4.84975344143922,816,1,7.64799976348877,34.9420013427734,0.0299040004611015,0,116.424896240234,-85.9708,24.9082,71.0779943527414,63,63,63,63,61,63,0,8279,1.45687144005964,25,-86,0.001869,51,2023-12-08 22:49:18.002431,816,1.037,0.0011,"aoml_navis",1030.98024680533
"7901009",19,0,1,0.028035,1,0.005607,1,120.896316694823,1,4.84969713946659,818,1,7.625,34.9410018920898,0.0280349999666214,0,116.582099914551,-85.9708,24.9082,71.0779943527414,63,63,63,63,61,63,0,8279,1.45687144005964,25,-86,0.001869,51,2023-12-08 22:49:18.002431,818,1.037,0.0011,"aoml_navis",1030.99221584586
"7901009",19,0,1,0.031773,1,0.009345,1,121.02241379289,1,4.84964547574446,820,1,7.60799980163574,34.939998626709,0.0317730009555817,0,116.70369720459,-85.9708,24.9082,71.0779943527414,63,63,63,63,61,63,0,8279,1.45687144005964,25,-86,0.001869,51,2023-12-08 22:49:18.002431,820,1.037,0.0011,"aoml_navis",1031.00319910136
"7901009",19,0,1,0.029904,1,0.007476,1,121.103825459292,1,4.84959994585616,822,1,7.59899997711182,34.9389991760254,0.0299040004611015,0,116.782203674316,-85.9708,24.9082,71.0779943527414,63,63,63,63,61,63,0,8279,1.45687144005964,25,-86,0.001869,51,2023-12-08 22:49:18.002431,822,1.037,0.0011,"aoml_navis",1031.01287855143
"7901009",19,0,1,0.028035,1,0.005607,1,121.281150986898,1,4.84955595318778,824,1,7.59200000762939,34.9379997253418,0.0280349999666214,0,116.953201293945,-85.9708,24.9082,71.0779943527414,63,63,63,63,61,63,0,8279,1.45687144005964,25,-86,0.001869,51,2023-12-08 22:49:18.002431,824,1.037,0.0011,"aoml_navis",1031.02223136808
"7901009",19,0,1,0.028035,1,0.005607,1,121.586551544213,1,4.84950276191761,826,1,7.57299995422363,34.9370002746582,0.0280349999666214,0,117.247703552246,-85.9708,24.9082,71.0779943527414,63,63,63,63,61,63,0,8279,1.45687144005964,25,-86,0.001869,51,2023-12-08 22:49:18.002431,826,1.037,0.0011,"aoml_navis",1031.03354002893
"7901009",19,0,1,0.029904,1,0.007476,1,122.02550995775,1,4.84942801256423,828,1,7.52099990844727,34.935001373291,0.0299040004611015,0,117.670997619629,-85.9708,24.9082,71.0779943527414,63,63,63,63,61,63,0,8279,1.45687144005964,25,-86,0.001869,51,2023-12-08 22:49:18.002431,828,1.037,0.0011,"aoml_navis",1031.04943243732
"7901009",19,0,1,0.026166,1,0.003738,1,122.362644450336,1,4.84936634949378,830,1,7.48600006103516,34.9329986572266,0.0261659994721413,0,117.996101379395,-85.9708,24.9082,71.0779943527414,63,63,63,63,61,63,0,8279,1.45687144005964,25,-86,0.001869,51,2023-12-08 22:49:18.002431,830,1.037,0.0011,"aoml_navis",1031.06254294893
"7901009",19,0,1,0.031773,1,0.009345,1,122.757945956662,1,4.84931919047736,832,1,7.46999979019165,34.9309997558594,0.0317730009555817,0,118.377296447754,-85.9708,24.9082,71.0779943527414,63,63,63,63,61,63,0,8279,1.45687144005964,25,-86,0.001869,51,2023-12-08 22:49:18.002431,832,1.037,0.0011,"aoml_navis",1031.07256990188
"7901009",19,0,1,0.029904,1,0.007476,1,123.302692066163,1,4.84926519075024,834,1,7.44500017166138,34.9290008544922,0.0299040004611015,0,118.902603149414,-85.9708,24.9082,71.0779943527414,63,63,63,63,61,63,0,8279,1.45687144005964,25,-86,0.001869,51,2023-12-08 22:49:18.002431,834,1.037,0.0011,"aoml_navis",1031.08405156667
"7901009",19,0,1,0.029904,1,0.007476,1,123.922093227574,1,4.84919212495113,836,1,7.3899998664856,34.9259986877441,0.0299040004611015,0,119.499900817871,-85.9708,24.9082,71.0779943527414,63,63,63,63,61,63,0,8279,1.45687144005964,25,-86,0.001869,51,2023-12-08 22:49:18.002431,836,1.037,0.0011,"aoml_navis",1031.09958755251
"7901009",19,0,1,0.029904,1,0.007476,1,124.264512753509,1,4.8491251159608,838,1,7.33799982070923,34.9220008850098,0.0299040004611015,0,119.830101013184,-85.9708,24.9082,71.0779943527414,63,63,63,63,61,63,0,8279,1.45687144005964,25,-86,0.001869,51,2023-12-08 22:49:18.002431,838,1.037,0.0011,"aoml_navis",1031.11383609027
"7901009",19,0,1,0.028035,1,0.005607,1,124.593656402259,1,4.84906994584314,840,1,7.32100009918213,34.9220008850098,0.0280349999666214,0,120.147499084473,-85.9708,24.9082,71.0779943527414,63,63,63,63,61,63,0,8279,1.45687144005964,25,-86,0.001869,51,2023-12-08 22:49:18.002431,840,1.037,0.0011,"aoml_navis",1031.12556755059
"7901009",19,0,1,0.028035,1,0.005607,1,125.047037893333,1,4.84901308960991,842,1,7.29199981689453,34.9199981689453,0.0280349999666214,0,120.584701538086,-85.9708,24.9082,71.0779943527414,63,63,63,63,61,63,0,8279,1.45687144005964,25,-86,0.001869,51,2023-12-08 22:49:18.002431,842,1.037,0.0011,"aoml_navis",1031.13765782848
"7901009",19,0,1,0.028035,1,0.005607,1,125.383958769302,1,4.84894872553792,844,1,7.25299978256226,34.9179992675781,0.0280349999666214,0,120.909599304199,-85.9708,24.9082,71.0779943527414,63,63,63,63,61,63,0,8279,1.45687144005964,25,-86,0.001869,51,2023-12-08 22:49:18.002431,844,1.037,0.0011,"aoml_navis",1031.15134496402
"7901009",19,0,1,0.031773,1,0.009345,1,125.498441452765,1,4.8488950248801,846,1,7.23299980163574,34.9169998168945,0.0317730009555817,0,121.019996643066,-85.9708,24.9082,71.0779943527414,63,63,63,63,61,63,0,8279,1.45687144005964,25,-86,0.001869,51,2023-12-08 22:49:18.002431,846,1.037,0.0011,"aoml_navis",1031.16276478343
"7901009",19,0,1,0.029904,1,0.007476,1,125.666644759635,1,4.84883916857779,848,1,7.21500015258789,34.9169998168945,0.0299040004611015,0,121.182197570801,-85.9708,24.9082,71.0779943527414,63,63,63,63,61,63,0,8279,1.45687144005964,25,-86,0.001869,51,2023-12-08 22:49:18.002431,848,1.037,0.0011,"aoml_navis",1031.17464328406
"7901009",19,0,1,0.031773,1,0.009345,1,125.919986156122,1,4.84878924688146,850,1,7.19999980926514,34.9160003662109,0.0317730009555817,0,121.426498413086,-85.9708,24.9082,71.0779943527414,63,63,63,63,61,63,0,8279,1.45687144005964,25,-86,0.001869,51,2023-12-08 22:49:18.002431,850,1.037,0.0011,"aoml_navis",1031.18525995243
"7901009",19,0,1,0.031773,1,0.009345,1,126.258157084889,1,4.84873491120177,852,1,7.18400001525879,34.9160003662109,0.0317730009555817,0,121.752601623535,-85.9708,24.9082,71.0779943527414,63,63,63,63,61,63,0,8279,1.45687144005964,25,-86,0.001869,51,2023-12-08 22:49:18.002431,852,1.037,0.0011,"aoml_navis",1031.19681557529
"7901009",19,0,1,0.033642,1,0.011214,1,126.6280540372,1,4.84867227500297,854,1,7.15199995040894,34.9150009155273,0.0336420014500618,0,122.109298706055,-85.9708,24.9082,71.0779943527414,63,63,63,63,61,63,0,8279,1.45687144005964,25,-86,0.001869,51,2023-12-08 22:49:18.002431,854,1.037,0.0011,"aoml_navis",1031.21013679914
"7901009",19,0,1,0.026166,1,0.003738,1,126.921009448621,1,4.84860893246018,856,1,7.11899995803833,34.9140014648438,0.0261659994721413,0,122.391799926758,-85.9708,24.9082,71.0779943527414,63,63,63,63,61,63,0,8279,1.45687144005964,25,-86,0.001869,51,2023-12-08 22:49:18.002431,856,1.037,0.0011,"aoml_navis",1031.22360859551
"7901009",19,0,1,0.028035,1,0.005607,1,127.142719762282,1,4.84855538979779,858,1,7.10400009155273,34.9140014648438,0.0280349999666214,0,122.605598449707,-85.9708,24.9082,71.0779943527414,63,63,63,63,61,63,0,8279,1.45687144005964,25,-86,0.001869,51,2023-12-08 22:49:18.002431,858,1.037,0.0011,"aoml_navis",1031.23499641169
"7901009",19,0,1,0.029904,1,0.007476,1,127.379675973043,1,4.84850185501674,860,1,7.08900022506714,34.9140014648438,0.0299040004611015,0,122.834098815918,-85.9708,24.9082,71.0779943527414,63,63,63,63,61,63,0,8279,1.45687144005964,25,-86,0.001869,51,2023-12-08 22:49:18.002431,860,1.037,0.0011,"aoml_navis",1031.24638280307
"7901009",19,0,1,0.031773,1,0.009345,1,127.581274677765,1,4.84844683711737,862,1,7.07200002670288,34.9140014648438,0.0317730009555817,0,123.028503417969,-85.9708,24.9082,71.0779943527414,63,63,63,63,61,63,0,8279,1.45687144005964,25,-86,0.001869,51,2023-12-08 22:49:18.002431,862,1.037,0.0011,"aoml_navis",1031.25808490307
"7901009",19,0,1,0.028035,1,0.005607,1,127.783799054495,1,4.84840073031178,864,1,7.06199979782104,34.9129981994629,0.0280349999666214,0,123.22380065918,-85.9708,24.9082,71.0779943527414,63,63,63,63,61,63,0,8279,1.45687144005964,25,-86,0.001869,51,2023-12-08 22:49:18.002431,864,1.037,0.0011,"aoml_navis",1031.26789185152
"7901009",19,0,1,0.033642,1,0.011214,1,127.987676336468,1,4.84834791317088,866,1,7.04300022125244,34.9119987487793,0.0336420014500618,0,123.420402526855,-85.9708,24.9082,71.0779943527414,63,63,63,63,61,63,0,8279,1.45687144005964,25,-86,0.001869,51,2023-12-08 22:49:18.002431,866,1.037,0.0011,"aoml_navis",1031.27912632201
"7901009",19,0,1,0.029904,1,0.007476,1,128.024070278688,1,4.8482847889181,868,1,7.01999998092651,34.9129981994629,0.0299040004611015,0,123.455497741699,-85.9708,24.9082,71.0779943527414,63,63,63,63,61,63,0,8279,1.45687144005964,25,-86,0.001869,51,2023-12-08 22:49:18.002431,868,1.037,0.0011,"aoml_navis",1031.29255348792
"7901009",19,0,1,0.031773,1,0.009345,1,128.038801913561,1,4.84821719380545,870,1,6.98600006103516,34.9129981994629,0.0317730009555817,0,123.469703674316,-85.9708,24.9082,71.0779943527414,63,63,63,63,61,63,0,8279,1.45687144005964,25,-86,0.001869,51,2023-12-08 22:49:18.002431,870,1.037,0.0011,"aoml_navis",1031.30693203854
"7901009",19,0,1,0.028035,1,0.005607,1,128.054245603825,1,4.84817180923227,872,1,6.97200012207031,34.9109992980957,0.0280349999666214,0,123.484596252441,-85.9708,24.9082,71.0779943527414,63,63,63,63,61,63,0,8279,1.45687144005964,25,-86,0.001869,51,2023-12-08 22:49:18.002431,872,1.037,0.0011,"aoml_navis",1031.31658628075
"7901009",19,0,1,0.029904,1,0.007476,1,128.278550963801,1,4.8481272044181,874,1,6.96400022506714,34.9099998474121,0.0299040004611015,0,123.700897216797,-85.9708,24.9082,71.0779943527414,63,63,63,63,61,63,0,8279,1.45687144005964,25,-86,0.001869,51,2023-12-08 22:49:18.002431,874,1.037,0.0011,"aoml_navis",1031.32607482813
"7901009",19,0,1,0.026166,1,0.003738,1,128.701234955785,1,4.84807886816838,876,1,6.94600009918213,34.9080009460449,0.0261659994721413,0,124.108497619629,-85.9708,24.9082,71.0779943527414,63,63,63,63,61,63,0,8279,1.45687144005964,25,-86,0.001869,51,2023-12-08 22:49:18.002431,876,1.037,0.0011,"aoml_navis",1031.33635734128
"7901009",19,0,1,0.028035,1,0.005607,1,129.102865843367,1,4.84801134639479,878,1,6.90700006484985,34.9070014953613,0.0280349999666214,0,124.495796203613,-85.9708,24.9082,71.0779943527414,63,63,63,63,61,63,0,8279,1.45687144005964,25,-86,0.001869,51,2023-12-08 22:49:18.002431,878,1.037,0.0011,"aoml_navis",1031.35072151146
"7901009",19,0,1,0.028035,1,0.005607,1,129.446535422099,1,4.84795348635885,880,1,6.88100004196167,34.9059982299805,0.0280349999666214,0,124.827201843262,-85.9708,24.9082,71.0779943527414,63,63,63,63,61,63,0,8279,1.45687144005964,25,-86,0.001869,51,2023-12-08 22:49:18.002431,880,1.037,0.0011,"aoml_navis",1031.36303062085
"7901009",19,0,1,0.029904,1,0.007476,1,129.782008452105,1,4.84788754599203,882,1,6.84899997711182,34.9059982299805,0.0299040004611015,0,125.150703430176,-85.9708,24.9082,71.0779943527414,63,63,63,63,61,63,0,8279,1.45687144005964,25,-86,0.001869,51,2023-12-08 22:49:18.002431,882,1.037,0.0011,"aoml_navis",1031.37705909324
"7901009",19,0,1,0.028035,1,0.005607,1,130.099221217189,1,4.84782679152186,884,1,6.82399988174438,34.9059982299805,0.0280349999666214,0,125.456596374512,-85.9708,24.9082,71.0779943527414,63,63,63,63,61,63,0,8279,1.45687144005964,25,-86,0.001869,51,2023-12-08 22:49:18.002431,884,1.037,0.0011,"aoml_navis",1031.3899846307
"7901009",19,0,1,0.029904,1,0.007476,1,130.375277180657,1,4.84777561012097,886,1,6.80700016021729,34.9049987792969,0.0299040004611015,0,125.722801208496,-85.9708,24.9082,71.0779943527414,63,63,63,63,61,63,0,8279,1.45687144005964,25,-86,0.001869,51,2023-12-08 22:49:18.002431,886,1.037,0.0011,"aoml_navis",1031.40087374532
"7901009",19,0,1,0.031773,1,0.009345,1,130.643033742954,1,4.8477259035385,888,1,6.79699993133545,34.9049987792969,0.0317730009555817,0,125.981002807617,-85.9708,24.9082,71.0779943527414,63,63,63,63,61,63,0,8279,1.45687144005964,25,-86,0.001869,51,2023-12-08 22:49:18.002431,888,1.037,0.0011,"aoml_navis",1031.41144930458
"7901009",19,0,1,0.031773,1,0.009345,1,130.961805118172,1,4.84766813714828,890,1,6.77099990844727,34.9039993286133,0.0317730009555817,0,126.288398742676,-85.9708,24.9082,71.0779943527414,63,63,63,63,61,63,0,8279,1.45687144005964,25,-86,0.001869,51,2023-12-08 22:49:18.002431,890,1.037,0.0011,"aoml_navis",1031.42373993887
"7901009",19,0,1,0.026166,1,0.003738,1,131.271454272655,1,4.84761111622333,892,1,6.75099992752075,34.9039993286133,0.0261659994721413,0,126.58699798584,-85.9708,24.9082,71.0779943527414,63,63,63,63,61,63,0,8279,1.45687144005964,25,-86,0.001869,51,2023-12-08 22:49:18.002431,892,1.037,0.0011,"aoml_navis",1031.43587225194
"7901009",19,0,1,0.028035,1,0.005607,1,131.559021798282,1,4.84755484141817,894,1,6.73199987411499,34.9039993286133,0.0280349999666214,0,126.864303588867,-85.9708,24.9082,71.0779943527414,63,63,63,63,61,63,0,8279,1.45687144005964,25,-86,0.001869,51,2023-12-08 22:49:18.002431,894,1.037,0.0011,"aoml_navis",1031.44784609332
"7901009",19,0,1,0.028035,1,0.005607,1,131.798873700968,1,4.8475007728284,896,1,6.71600008010864,34.9039993286133,0.0280349999666214,0,127.095596313477,-85.9708,24.9082,71.0779943527414,63,63,63,63,61,63,0,8279,1.45687144005964,25,-86,0.001869,51,2023-12-08 22:49:18.002431,896,1.037,0.0011,"aoml_navis",1031.45935077028
"7901009",19,0,1,0.029904,1,0.007476,1,132.024429113742,1,4.84745111789338,898,1,6.70100021362305,34.9029998779297,0.0299040004611015,0,127.313102722168,-85.9708,24.9082,71.0779943527414,63,63,63,63,61,63,0,8279,1.45687144005964,25,-86,0.001869,51,2023-12-08 22:49:18.002431,898,1.037,0.0011,"aoml_navis",1031.46991653892
"7901009",19,0,1,0.022428,1,0,1,132.250490877017,1,4.84740074060971,900,1,6.68499994277954,34.9020004272461,0.0224280003458261,0,127.531097412109,-85.9708,24.9082,71.0779943527414,63,63,63,63,61,63,0,8279,1.45687144005964,25,-86,0.001869,51,2023-12-08 22:49:18.002431,900,1.037,0.0011,"aoml_navis",1031.48063623291
"7901009",19,0,1,0.029904,1,0.007476,1,132.468680472354,1,4.8473583980201,902,1,6.67999982833862,34.9010009765625,0.0299040004611015,0,127.741500854492,-85.9708,24.9082,71.0779943527414,63,63,63,63,61,63,0,8279,1.45687144005964,25,-86,0.001869,51,2023-12-08 22:49:18.002431,902,1.037,0.0011,"aoml_navis",1031.48964641076
"7901009",19,0,1,0.024297,1,0.001869,1,132.755828676473,1,4.84730727598905,904,1,6.66800022125244,34.9010009765625,0.0242970008403063,0,128.018402099609,-85.9708,24.9082,71.0779943527414,63,63,63,63,61,63,0,8279,1.45687144005964,25,-86,0.001869,51,2023-12-08 22:49:18.002431,904,1.037,0.0011,"aoml_navis",1031.50052499608
"7901009",19,0,1,0.026166,1,0.003738,1,133.209724429774,1,4.84726639612959,906,1,6.66499996185303,34.9000015258789,0.0261659994721413,0,128.456100463867,-85.9708,24.9082,71.0779943527414,63,63,63,63,61,63,0,8279,1.45687144005964,25,-86,0.001869,51,2023-12-08 22:49:18.002431,906,1.037,0.0011,"aoml_navis",1031.50922424902
"7901009",19,0,1,0.031773,1,0.009345,1,134.053747420225,1,4.84722920621762,908,1,6.66200017929077,34.8979988098145,0.0317730009555817,0,129.270004272461,-85.9708,24.9082,71.0779943527414,63,63,63,63,61,63,0,8279,1.45687144005964,25,-86,0.001869,51,2023-12-08 22:49:18.002431,908,1.037,0.0011,"aoml_navis",1031.51713840691
"7901009",19,0,1,0.031773,1,0.009345,1,135.267248041478,1,4.8471593013993,910,1,6.60400009155273,34.8940010070801,0.0317730009555817,0,130.440200805664,-85.9708,24.9082,71.0779943527414,63,63,63,63,61,63,0,8279,1.45687144005964,25,-86,0.001869,51,2023-12-08 22:49:18.002431,910,1.037,0.0011,"aoml_navis",1031.53201475276
"7901009",19,0,1,0.029904,1,0.007476,1,135.75391416623,1,4.84708811108616,912,1,6.54400014877319,34.8899993896484,0.0299040004611015,0,130.90950012207,-85.9708,24.9082,71.0779943527414,63,63,63,63,61,63,0,8279,1.45687144005964,25,-86,0.001869,51,2023-12-08 22:49:18.002431,912,1.037,0.0011,"aoml_navis",1031.54716510395
"7901009",19,0,1,0.026166,1,0.003738,1,135.791874630312,1,4.84701498079897,914,1,6.53200006484985,34.8959999084473,0.0261659994721413,0,130.946105957031,-85.9708,24.9082,71.0779943527414,63,63,63,63,61,63,0,8279,1.45687144005964,25,-86,0.001869,51,2023-12-08 22:49:18.002431,914,1.037,0.0011,"aoml_navis",1031.5627287737
"7901009",19,0,1,0.028035,1,0.005607,1,136.189771182952,1,4.84696458479448,916,1,6.52600002288818,34.8969993591309,0.0280349999666214,0,131.329803466797,-85.9708,24.9082,71.0779943527414,63,63,63,63,61,63,0,8279,1.45687144005964,25,-86,0.001869,51,2023-12-08 22:49:18.002431,916,1.037,0.0011,"aoml_navis",1031.57345438124
"7901009",19,0,1,0.026166,1,0.003738,1,136.685250971103,1,4.84691292255519,918,1,6.50299978256226,34.8950004577637,0.0261659994721413,0,131.807601928711,-85.9708,24.9082,71.0779943527414,63,63,63,63,61,63,0,8279,1.45687144005964,25,-86,0.001869,51,2023-12-08 22:49:18.002431,918,1.037,0.0011,"aoml_navis",1031.58444970868
"7901009",19,0,1,0.031773,1,0.009345,1,137.149621850383,1,4.84681911464611,920,1,6.44700002670288,34.8979988098145,0.0317730009555817,0,132.255401611328,-85.9708,24.9082,71.0779943527414,63,63,63,63,61,63,0,8279,1.45687144005964,25,-86,0.001869,51,2023-12-08 22:49:18.002431,920,1.037,0.0011,"aoml_navis",1031.60441554153
"7901009",19,0,1,0.028035,1,0.005607,1,137.091961187143,1,4.84676153352523,922,1,6.43100023269653,34.898998260498,0.0280349999666214,0,132.199798583984,-85.9708,24.9082,71.0779943527414,63,63,63,63,61,63,0,8279,1.45687144005964,25,-86,0.001869,51,2023-12-08 22:49:18.002431,922,1.037,0.0011,"aoml_navis",1031.61667134123
"7901009",19,0,1,0.028035,1,0.005607,1,137.132405933367,1,4.84671554798886,924,1,6.42600011825562,34.898998260498,0.0280349999666214,0,132.238800048828,-85.9708,24.9082,71.0779943527414,63,63,63,63,61,63,0,8279,1.45687144005964,25,-86,0.001869,51,2023-12-08 22:49:18.002431,924,1.037,0.0011,"aoml_navis",1031.62645929876
"7901009",19,0,1,0.029904,1,0.007476,1,137.24658797122,1,4.84667100318799,926,1,6.4229998588562,34.898998260498,0.0299040004611015,0,132.348907470703,-85.9708,24.9082,71.0779943527414,63,63,63,63,61,63,0,8279,1.45687144005964,25,-86,0.001869,51,2023-12-08 22:49:18.002431,926,1.037,0.0011,"aoml_navis",1031.63594077484
"7901009",19,0,1,0.028035,1,0.005607,1,137.531141129024,1,4.84662205198861,928,1,6.41900014877319,34.9000015258789,0.0280349999666214,0,132.623306274414,-85.9708,24.9082,71.0779943527414,63,63,63,63,61,63,0,8279,1.45687144005964,25,-86,0.001869,51,2023-12-08 22:49:18.002431,928,1.037,0.0011,"aoml_navis",1031.64636036525
"7901009",19,0,1,0.029904,1,0.007476,1,137.837356594176,1,4.84657616400582,930,1,6.40899991989136,34.898998260498,0.0299040004611015,0,132.918594360352,-85.9708,24.9082,71.0779943527414,63,63,63,63,61,63,0,8279,1.45687144005964,25,-86,0.001869,51,2023-12-08 22:49:18.002431,930,1.037,0.0011,"aoml_navis",1031.65612812064
"7901009",19,0,1,0.028035,1,0.005607,1,137.99498983435,1,4.84652236053879,932,1,6.38800001144409,34.8979988098145,0.0280349999666214,0,133.070602416992,-85.9708,24.9082,71.0779943527414,63,63,63,63,61,63,0,8279,1.45687144005964,25,-86,0.001869,51,2023-12-08 22:49:18.002431,932,1.037,0.0011,"aoml_navis",1031.66758100836
"7901009",19,0,1,0.026166,1,0.003738,1,138.009610705051,1,4.84647199188426,934,1,6.38199996948242,34.898998260498,0.0261659994721413,0,133.084701538086,-85.9708,24.9082,71.0779943527414,63,63,63,63,61,63,0,8279,1.45687144005964,25,-86,0.001869,51,2023-12-08 22:49:18.002431,934,1.037,0.0011,"aoml_navis",1031.67830297438
"7901009",19,0,1,0.026166,1,0.003738,1,138.09474088294,1,4.84642376636839,936,1,6.37900018692017,34.9000015258789,0.0261659994721413,0,133.166793823242,-85.9708,24.9082,71.0779943527414,63,63,63,63,61,63,0,8279,1.45687144005964,25,-86,0.001869,51,2023-12-08 22:49:18.002431,936,1.037,0.0011,"aoml_navis",1031.68856893971
"7901009",19,0,1,0.029904,1,0.007476,1,138.283894441767,1,4.84637348586801,938,1,6.36800003051758,34.9000015258789,0.0299040004611015,0,133.349197387695,-85.9708,24.9082,71.0779943527414,63,63,63,63,61,63,0,8279,1.45687144005964,25,-86,0.001869,51,2023-12-08 22:49:18.002431,938,1.037,0.0011,"aoml_navis",1031.69927257566
"7901009",19,0,1,0.029904,1,0.007476,1,138.481450254212,1,4.84633192319008,940,1,6.36399984359741,34.898998260498,0.0299040004611015,0,133.539703369141,-85.9708,24.9082,71.0779943527414,63,63,63,63,61,63,0,8279,1.45687144005964,25,-86,0.001869,51,2023-12-08 22:49:18.002431,940,1.037,0.0011,"aoml_navis",1031.70812054259
"7901009",19,0,1,0.031773,1,0.009345,1,138.769943451847,1,4.84626791810769,942,1,6.33900022506714,34.9000015258789,0.0317730009555817,0,133.817901611328,-85.9708,24.9082,71.0779943527414,63,63,63,63,61,63,0,8279,1.45687144005964,25,-86,0.001869,51,2023-12-08 22:49:18.002431,942,1.037,0.0011,"aoml_navis",1031.72174640158
"7901009",19,0,1,0.029904,1,0.007476,1,139.228095714043,1,4.8462003709729,944,1,6.30900001525879,34.9010009765625,0.0299040004611015,0,134.259704589844,-85.9708,24.9082,71.0779943527414,63,63,63,63,61,63,0,8279,1.45687144005964,25,-86,0.001869,51,2023-12-08 22:49:18.002431,944,1.037,0.0011,"aoml_navis",1031.73612670832
"7901009",19,0,1,0.031773,1,0.009345,1,139.796885560588,1,4.84613510535137,946,1,6.27699995040894,34.9010009765625,0.0317730009555817,0,134.808197021484,-85.9708,24.9082,71.0779943527414,63,63,63,63,61,63,0,8279,1.45687144005964,25,-86,0.001869,51,2023-12-08 22:49:18.002431,946,1.037,0.0011,"aoml_navis",1031.75002167784
"7901009",19,0,1,0.031773,1,0.009345,1,140.202978661955,1,4.84606039093193,948,1,6.24200010299683,34.9029998779297,0.0317730009555817,0,135.199798583984,-85.9708,24.9082,71.0779943527414,63,63,63,63,61,63,0,8279,1.45687144005964,25,-86,0.001869,51,2023-12-08 22:49:18.002431,948,1.037,0.0011,"aoml_navis",1031.76592874412
"7901009",19,0,1,0.031773,1,0.009345,1,140.426247585751,1,4.84600517488222,950,1,6.22399997711182,34.9029998779297,0.0317730009555817,0,135.415100097656,-85.9708,24.9082,71.0779943527414,63,63,63,63,61,63,0,8279,1.45687144005964,25,-86,0.001869,51,2023-12-08 22:49:18.002431,950,1.037,0.0011,"aoml_navis",1031.77768482708
"7901009",19,0,1,0.026166,1,0.003738,1,140.557012602494,1,4.8459592229612,952,1,6.2189998626709,34.9029998779297,0.0261659994721413,0,135.541198730469,-85.9708,24.9082,71.0779943527414,63,63,63,63,61,63,0,8279,1.45687144005964,25,-86,0.001869,51,2023-12-08 22:49:18.002431,952,1.037,0.0011,"aoml_navis",1031.78746868296
"7901009",19,0,1,0.028035,1,0.005607,1,140.761514910866,1,4.84590971374298,954,1,6.20900011062622,34.9029998779297,0.0280349999666214,0,135.738403320312,-85.9708,24.9082,71.0779943527414,63,63,63,63,61,63,0,8279,1.45687144005964,25,-86,0.001869,51,2023-12-08 22:49:18.002431,954,1.037,0.0011,"aoml_navis",1031.79801014864
"7901009",19,0,1,0.029904,1,0.007476,1,141.059027476792,1,4.84585878508054,956,1,6.19700002670288,34.9029998779297,0.0299040004611015,0,136.025299072266,-85.9708,24.9082,71.0779943527414,63,63,63,63,61,63,0,8279,1.45687144005964,25,-86,0.001869,51,2023-12-08 22:49:18.002431,956,1.037,0.0011,"aoml_navis",1031.80885406608
"7901009",19,0,1,0.031773,1,0.009345,1,141.289448601406,1,4.84580715053455,958,1,6.18400001525879,34.9029998779297,0.0317730009555817,0,136.247497558594,-85.9708,24.9082,71.0779943527414,63,63,63,63,61,63,0,8279,1.45687144005964,25,-86,0.001869,51,2023-12-08 22:49:18.002431,958,1.037,0.0011,"aoml_navis",1031.81984851552
"7901009",19,0,1,0.029904,1,0.007476,1,141.440958165215,1,4.84575539951116,960,1,6.17600011825562,34.9039993286133,0.0299040004611015,0,136.393600463867,-85.9708,24.9082,71.0779943527414,63,63,63,63,61,63,0,8279,1.45687144005964,25,-86,0.001869,51,2023-12-08 22:49:18.002431,960,1.037,0.0011,"aoml_navis",1031.83086800139
"7901009",19,0,1,0.028035,1,0.005607,1,141.615997203842,1,4.84571526539172,962,1,6.17399978637695,34.9029998779297,0.0280349999666214,0,136.562393188477,-85.9708,24.9082,71.0779943527414,63,63,63,63,61,63,0,8279,1.45687144005964,25,-86,0.001869,51,2023-12-08 22:49:18.002431,962,1.037,0.0011,"aoml_navis",1031.83941403041
"7901009",19,0,1,0.033642,1,0.011214,1,141.853586352729,1,4.84566435189178,964,1,6.16200017929077,34.9029998779297,0.0336420014500618,0,136.79150390625,-85.9708,24.9082,71.0779943527414,63,63,63,63,61,63,0,8279,1.45687144005964,25,-86,0.001869,51,2023-12-08 22:49:18.002431,964,1.037,0.0011,"aoml_navis",1031.85025558941
"7901009",19,0,1,0.029904,1,0.007476,1,142.087836753003,1,4.84560408934749,966,1,6.14200019836426,34.9039993286133,0.0299040004611015,0,137.017395019531,-85.9708,24.9082,71.0779943527414,63,63,63,63,61,63,0,8279,1.45687144005964,25,-86,0.001869,51,2023-12-08 22:49:18.002431,966,1.037,0.0011,"aoml_navis",1031.86308823536
"7901009",19,0,1,0.029904,1,0.007476,1,142.232289056711,1,4.84555602578806,968,1,6.13399982452393,34.9039993286133,0.0299040004611015,0,137.156692504883,-85.9708,24.9082,71.0779943527414,63,63,63,63,61,63,0,8279,1.45687144005964,25,-86,0.001869,51,2023-12-08 22:49:18.002431,968,1.037,0.0011,"aoml_navis",1031.87332338951
"7901009",19,0,1,0.033642,1,0.011214,1,142.491034162445,1,4.84551080258114,970,1,6.13000011444092,34.9039993286133,0.0336420014500618,0,137.406204223633,-85.9708,24.9082,71.0779943527414,63,63,63,63,61,63,0,8279,1.45687144005964,25,-86,0.001869,51,2023-12-08 22:49:18.002431,970,1.037,0.0011,"aoml_navis",1031.88295387487
"7901009",19,0,1,0.029904,1,0.007476,1,142.966813751438,1,4.84545919819442,972,1,6.11700010299683,34.9039993286133,0.0299040004611015,0,137.865005493164,-85.9708,24.9082,71.0779943527414,63,63,63,63,61,63,0,8279,1.45687144005964,25,-86,0.001869,51,2023-12-08 22:49:18.002431,972,1.037,0.0011,"aoml_navis",1031.89394348077
"7901009",19,0,1,0.028035,1,0.005607,1,143.630386082288,1,4.84540547410475,974,1,6.10099983215332,34.9039993286133,0.0280349999666214,0,138.504898071289,-85.9708,24.9082,71.0779943527414,63,63,63,63,61,63,0,8279,1.45687144005964,25,-86,0.001869,51,2023-12-08 22:49:18.002431,974,1.037,0.0011,"aoml_navis",1031.90538474467
"7901009",19,0,1,0.029904,1,0.007476,1,144.301427083019,1,4.84535755789846,976,1,6.08799982070923,34.9029998779297,0.0299040004611015,0,139.151992797852,-85.9708,24.9082,71.0779943527414,63,63,63,63,61,63,0,8279,1.45687144005964,25,-86,0.001869,51,2023-12-08 22:49:18.002431,976,1.037,0.0011,"aoml_navis",1031.91558935614
"7901009",19,99999,9,99999,9,99999,9,144.775561032885,1,4.84530951042251,978,1,6.07999992370605,34.9029998779297,99999,99999,139.60920715332,-85.9708,24.9082,71.0779943527414,63,63,63,63,61,63,0,8279,1.45687144005964,25,-86,0.001869,51,2023-12-08 22:49:18.002431,978,1.037,0.0011,"aoml_navis",1031.92582212648
"7901009",19,0,1,0.028035,1,0.005607,1,149.226492696081,1,4.84473442794897,999.099975585938,1,5.91940021514893,34.9070014953613,0.0280349999666214,0,143.901306152344,-85.9708,24.9082,71.0779943527414,63,63,63,63,61,63,0,8279,1.45687144005964,25,-86,0.001869,51,2023-12-08 22:49:18.002431,999.099975585938,1.037,0.0011,"aoml_navis",1032.04831438341
"7901009",19,0,1,0.026166,1,0.003738,1,157.19929779485,1,4.84343119154202,1049.69995117188,1,5.63040018081665,34.9150009155273,0.0261659994721413,0,151.589599609375,-85.9708,24.9082,71.0779943527414,63,63,63,63,61,63,0,8279,1.45687144005964,25,-86,0.001869,51,2023-12-08 22:49:18.002431,1049.69995117188,1.037,0.0011,"aoml_navis",1032.32601068668
"7901009",19,0,1,0.029904,1,0.007476,1,164.717479261474,1,4.84217385596899,1099.40002441406,1,5.37639999389648,34.9230003356934,0.0299040004611015,0,158.839492797852,-85.9708,24.9082,71.0779943527414,63,63,63,63,61,63,0,8279,1.45687144005964,25,-86,0.001869,51,2023-12-08 22:49:18.002431,1099.40002441406,1.037,0.0011,"aoml_navis",1032.59406802101
"7901009",19,0,1,0.031773,1,0.009345,1,170.55095349581,1,4.8409079887395,1149.69995117188,1,5.12519979476929,34.9309997558594,0.0317730009555817,0,164.464797973633,-85.9708,24.9082,71.0779943527414,63,63,63,63,61,63,0,8279,1.45687144005964,25,-86,0.001869,51,2023-12-08 22:49:18.002431,1149.69995117188,1.037,0.0011,"aoml_navis",1032.86408492592
"7901009",19,0,1,0.033642,1,0.011214,1,177.415515583609,1,4.8396887140218,1199.59997558594,1,4.92199993133545,34.9379997253418,0.0336420014500618,0,171.084396362305,-85.9708,24.9082,71.0779943527414,63,63,63,63,61,63,0,8279,1.45687144005964,25,-86,0.001869,51,2023-12-08 22:49:18.002431,1199.59997558594,1.037,0.0011,"aoml_navis",1033.12429692301
"7901009",19,0,1,0.029904,1,0.007476,1,183.5282579424,1,4.83848624125637,1249.59997558594,1,4.74469995498657,34.9449996948242,0.0299040004611015,0,176.97900390625,-85.9708,24.9082,71.0779943527414,63,63,63,63,61,63,0,8279,1.45687144005964,25,-86,0.001869,51,2023-12-08 22:49:18.002431,1249.59997558594,1.037,0.0011,"aoml_navis",1033.38105157073
"7901009",19,0,1,0.029904,1,0.007476,1,187.657087393492,1,4.83734833159571,1299.09997558594,1,4.63530015945435,34.9500007629395,0.0299040004611015,0,180.960494995117,-85.9708,24.9082,71.0779943527414,63,63,63,63,61,63,0,8279,1.45687144005964,25,-86,0.001869,51,2023-12-08 22:49:18.002431,1299.09997558594,1.037,0.0011,"aoml_navis",1033.62413811342
"7901009",19,0,1,0.026166,1,0.003738,1,191.823576663055,1,4.83622112247998,1349.09997558594,1,4.54510021209717,34.9529991149902,0.0261659994721413,0,184.978302001953,-85.9708,24.9082,71.0779943527414,63,63,63,63,61,63,0,8279,1.45687144005964,25,-86,0.001869,51,2023-12-08 22:49:18.002431,1349.09997558594,1.037,0.0011,"aoml_navis",1033.86505152933
"7901009",19,0,1,0.029904,1,0.007476,1,194.680422010091,1,4.8350948726201,1399.30004882812,1,4.46649980545044,34.9570007324219,0.0299040004611015,0,187.733200073242,-85.9708,24.9082,71.0779943527414,63,63,63,63,61,63,0,8279,1.45687144005964,25,-86,0.001869,51,2023-12-08 22:49:18.002431,1399.30004882812,1.037,0.0011,"aoml_navis",1034.10587211302
"7901009",19,0,1,0.029904,1,0.007476,1,196.882714394566,1,4.83400556570743,1449.30004882812,1,4.42399978637695,34.9589996337891,0.0299040004611015,0,189.856903076172,-85.9708,24.9082,71.0779943527414,63,63,63,63,61,63,0,8279,1.45687144005964,25,-86,0.001869,51,2023-12-08 22:49:18.002431,1449.30004882812,1.037,0.0011,"aoml_navis",1034.33890011839
"7901009",19,0,1,0.031773,1,0.009345,1,198.271269877899,1,4.83292874542844,1499.19995117188,1,4.38959980010986,34.9599990844727,0.0317730009555817,0,191.195907592773,-85.9708,24.9082,71.0779943527414,63,63,63,63,61,63,0,8279,1.45687144005964,25,-86,0.001869,51,2023-12-08 22:49:18.002431,1499.19995117188,1.037,0.0011,"aoml_navis",1034.56936018964
"7901009",19,0,1,0.026166,1,0.003738,1,200.00170688976,1,4.83184577197764,1549.59997558594,1,4.36509990692139,34.9620018005371,0.0261659994721413,0,192.864593505859,-85.9708,24.9082,71.0779943527414,63,63,63,63,61,63,0,8279,1.45687144005964,25,-86,0.001869,51,2023-12-08 22:49:18.002431,1549.59997558594,1.037,0.0011,"aoml_navis",1034.80124075929
"7901009",19,0,1,0.026166,1,0.003738,1,201.168559971159,1,4.83078018182928,1599.5,1,4.34329986572266,34.9630012512207,0.0261659994721413,0,193.989807128906,-85.9708,24.9082,71.0779943527414,63,63,63,63,61,63,0,8279,1.45687144005964,25,-86,0.001869,51,2023-12-08 22:49:18.002431,1599.5,1.037,0.0011,"aoml_navis",1035.02950078483
"7901009",19,0,1,0.031773,1,0.009345,1,201.662995411403,1,4.82971900666535,1649.59997558594,1,4.33199977874756,34.9640007019043,0.0317730009555817,0,194.466598510742,-85.9708,24.9082,71.0779943527414,63,63,63,63,61,63,0,8279,1.45687144005964,25,-86,0.001869,51,2023-12-08 22:49:18.002431,1649.59997558594,1.037,0.0011,"aoml_navis",1035.2569151745
"7901009",19,0,1,0.031773,1,0.009345,1,202.92046940893,1,4.82865316316466,1700,1,4.32089996337891,34.9650001525879,0.0317730009555817,0,195.67919921875,-85.9708,24.9082,71.0779943527414,63,63,63,63,61,63,0,8279,1.45687144005964,25,-86,0.001869,51,2023-12-08 22:49:18.002431,1700,1.037,0.0011,"aoml_navis",1035.48543062535
"7901009",19,0,1,0.024297,1,0.001869,1,203.391581079246,1,4.82760516431569,1749.69995117188,1,4.31230020523071,34.9659996032715,0.0242970008403063,0,196.133499145508,-85.9708,24.9082,71.0779943527414,63,63,63,63,61,63,0,8279,1.45687144005964,25,-86,0.001869,51,2023-12-08 22:49:18.002431,1749.69995117188,1.037,0.0011,"aoml_navis",1035.71021859008
"7901009",19,0,1,0.029904,1,0.007476,1,203.808355011483,1,4.82657788773411,1798.90002441406,1,4.31110000610352,34.9659996032715,0.0299040004611015,0,196.535400390625,-85.9708,24.9082,71.0779943527414,63,63,63,63,61,63,0,8279,1.45687144005964,25,-86,0.001869,51,2023-12-08 22:49:18.002431,1798.90002441406,1.037,0.0011,"aoml_navis",1035.93065652304
"7901009",19,0,1,0.029904,1,0.007476,1,204.238199116012,1,4.82553943090955,1848.59997558594,1,4.30670022964478,34.9659996032715,0.0299040004611015,0,196.949905395508,-85.9708,24.9082,71.0779943527414,63,63,63,63,61,63,0,8279,1.45687144005964,25,-86,0.001869,51,2023-12-08 22:49:18.002431,1848.59997558594,1.037,0.0011,"aoml_navis",1036.15358895898
"7901009",19,0,1,0.031773,1,0.009345,1,204.379328494561,1,4.82448935893767,1898.80004882812,1,4.30359983444214,34.9669990539551,0.0317730009555817,0,197.085998535156,-85.9708,24.9082,71.0779943527414,63,63,63,63,61,63,0,8279,1.45687144005964,25,-86,0.001869,51,2023-12-08 22:49:18.002431,1898.80004882812,1.037,0.0011,"aoml_navis",1036.3791124831
"7901009",19,0,1,0.024297,1,0.001869,1,204.074347258754,1,4.82343258045501,1949.69995117188,1,4.30420017242432,34.9669990539551,0.0242970008403063,0,196.791900634766,-85.9708,24.9082,71.0779943527414,63,63,63,63,61,63,0,8279,1.45687144005964,25,-86,0.001869,51,2023-12-08 22:49:18.002431,1949.69995117188,1.037,0.0011,"aoml_navis",1036.60617549843
"7901009",20,0.15984854654899,1,0.285957,1,0.263529,1,193.116570836549,1,4.88460201566171,2,1,27.1560001373291,36.2589988708496,0.285957008600235,0.272873997688293,186.22509765625,-85.4387,24.3388,123.230812815019,63,63,63,63,61,63,0.263529,8521,1.64861680440262,24,-85,0.001869,51,2023-12-19 05:39:51.000593,2,1.037,0.0011,"aoml_navis",1023.6248488553
"7901009",20,0.158714868913891,1,0.284088,1,0.26166,1,193.109735102675,1,4.88456777614213,4,1,27.1580009460449,36.257999420166,0.284087985754013,0.271005004644394,186.218505859375,-85.4387,24.3388,123.230812815019,63,63,63,63,61,63,0.26166,8521,1.64861680440262,24,-85,0.001869,51,2023-12-19 05:39:51.000593,4,1.037,0.0011,"aoml_navis",1023.63202419294
"7901009",20,0.171185322899982,1,0.304647,1,0.282219,1,193.13109677103,1,4.88452533041112,6,1,27.1569995880127,36.257999420166,0.304646998643875,0.291563987731934,186.239105224609,-85.4387,24.3388,123.230812815019,63,63,63,63,61,63,0.282219,8521,1.64861680440262,24,-85,0.001869,51,2023-12-19 05:39:51.000593,6,1.037,0.0011,"aoml_navis",1023.64091938882
"7901009",20,0.156447513643692,1,0.28035,1,0.257922,1,193.148407634126,1,4.8844859654977,8,1,27.1580009460449,36.257999420166,0.280349999666214,0.267266988754272,186.255798339844,-85.4387,24.3388,123.230812815019,63,63,63,63,61,63,0.257922,8521,1.64861680440262,24,-85,0.001869,51,2023-12-19 05:39:51.000593,8,1.037,0.0011,"aoml_navis",1023.64916908724
"7901009",20,0.156447513643692,1,0.28035,1,0.257922,1,193.153281259203,1,4.8844466001463,10,1,27.1590003967285,36.257999420166,0.280349999666214,0.267266988754272,186.260498046875,-85.4387,24.3388,123.230812815019,63,63,63,63,61,63,0.257922,8521,1.64861680440262,24,-85,0.001869,51,2023-12-19 05:39:51.000593,10,1.037,0.0011,"aoml_navis",1023.65741901042
"7901009",20,0.15984854654899,1,0.285957,1,0.263529,1,193.118548768804,1,4.88439955199862,12,1,27.1550006866455,36.257999420166,0.285957008600235,0.272873997688293,186.227005004883,-85.4387,24.3388,123.230812815019,63,63,63,63,61,63,0.263529,8521,1.64861680440262,24,-85,0.001869,51,2023-12-19 05:39:51.000593,12,1.037,0.0011,"aoml_navis",1023.66727921635
"7901009",20,0.15984854654899,1,0.285957,1,0.263529,1,193.01504752976,1,4.88436941653063,14,1,27.1620006561279,36.257999420166,0.285957008600235,0.272873997688293,186.127197265625,-85.4387,24.3388,123.230812815019,63,63,63,63,61,63,0.263529,8521,1.64861680440262,24,-85,0.001869,51,2023-12-19 05:39:51.000593,14,1.037,0.0011,"aoml_navis",1023.67359501475
"7901009",20,0.166650612359585,1,0.297171,1,0.274743,1,193.154942722297,1,4.88433313532753,16,1,27.1650009155273,36.257999420166,0.297170996665955,0.284087985754013,186.262100219727,-85.4387,24.3388,123.230812815019,63,63,63,63,61,63,0.274743,8521,1.64861680440262,24,-85,0.001869,51,2023-12-19 05:39:51.000593,16,1.037,0.0011,"aoml_navis",1023.68119894114
"7901009",20,0.160982224184089,1,0.287826,1,0.265398,1,193.145401177099,1,4.8842840366405,18,1,27.1620006561279,36.2589988708496,0.287826001644135,0.274742990732193,186.252899169922,-85.4387,24.3388,123.230812815019,63,63,63,63,61,63,0.265398,8521,1.64861680440262,24,-85,0.001869,51,2023-12-19 05:39:51.000593,18,1.037,0.0011,"aoml_navis",1023.69148937519
"7901009",20,0.173452678170181,1,0.308385,1,0.285957,1,193.156398480437,1,4.88424007030796,20,1,27.1599998474121,36.2589988708496,0.308385014533997,0.295302003622055,186.26350402832,-85.4387,24.3388,123.230812815019,63,63,63,63,61,63,0.285957,8521,1.64861680440262,24,-85,0.001869,51,2023-12-19 05:39:51.000593,20,1.037,0.0011,"aoml_navis",1023.70070431135
"7901009",20,0.162115901819188,1,0.289695,1,0.267267,1,193.099054268498,1,4.88421046626165,22,1,27.1650009155273,36.257999420166,0.289694994688034,0.276612013578415,186.208206176758,-85.4387,24.3388,123.230812815019,63,63,63,63,61,63,0.267267,8521,1.64861680440262,24,-85,0.001869,51,2023-12-19 05:39:51.000593,22,1.037,0.0011,"aoml_navis",1023.70690913878
"7901009",20,0.162115901819188,1,0.289695,1,0.267267,1,193.129118838775,1,4.88416958126133,24,1,27.1650009155273,36.257999420166,0.289694994688034,0.276612013578415,186.237197875977,-85.4387,24.3388,123.230812815019,63,63,63,63,61,63,0.267267,8521,1.64861680440262,24,-85,0.001869,51,2023-12-19 05:39:51.000593,24,1.037,0.0011,"aoml_navis",1023.71547850899
"7901009",20,0.163249579454288,1,0.291564,1,0.269136,1,193.177237974676,1,4.88412715855283,26,1,27.1639995574951,36.257999420166,0.291563987731934,0.278481006622314,186.283599853516,-85.4387,24.3388,123.230812815019,63,63,63,63,61,63,0.269136,8521,1.64861680440262,24,-85,0.001869,51,2023-12-19 05:39:51.000593,26,1.037,0.0011,"aoml_navis",1023.72437032976
"7901009",20,0.164383257089387,1,0.293433,1,0.271005,1,193.157126359507,1,4.8840944739937,27.8999996185303,1,27.1679992675781,36.257999420166,0.293433010578156,0.280349999666214,186.264205932617,-85.4387,24.3388,123.230812815019,63,63,63,63,61,63,0.271005,8521,1.64861680440262,24,-85,0.001869,51,2023-12-19 05:39:51.000593,27.8999996185303,1.037,0.0011,"aoml_navis",1023.73122113494
"7901009",20,0.15984854654899,1,0.285957,1,0.263529,1,193.103927893574,1,4.88404847758884,30,1,27.1660003662109,36.257999420166,0.285957008600235,0.272873997688293,186.212905883789,-85.4387,24.3388,123.230812815019,63,63,63,63,61,63,0.263529,8521,1.64861680440262,24,-85,0.001869,51,2023-12-19 05:39:51.000593,30,1.037,0.0011,"aoml_navis",1023.74086230782
"7901009",20,0.15984854654899,1,0.285957,1,0.263529,1,193.110352217539,1,4.88400862478496,32,1,27.1690006256104,36.2589988708496,0.285957008600235,0.272873997688293,186.219100952148,-85.4387,24.3388,123.230812815019,63,63,63,63,61,63,0.263529,8521,1.64861680440262,24,-85,0.001869,51,2023-12-19 05:39:51.000593,32,1.037,0.0011,"aoml_navis",1023.74921588517
"7901009",20,0.167784289994685,1,0.29904,1,0.276612,1,193.185118056781,1,4.88397288160271,34,1,27.1700000762939,36.257999420166,0.299039989709854,0.285957008600235,186.291198730469,-85.4387,24.3388,123.230812815019,63,63,63,63,61,63,0.276612,8521,1.64861680440262,24,-85,0.001869,51,2023-12-19 05:39:51.000593,34,1.037,0.0011,"aoml_navis",1023.75670815748
"7901009",20,0.163249579454288,1,0.291564,1,0.269136,1,193.097598510358,1,4.88393201094058,36,1,27.1700000762939,36.257999420166,0.291563987731934,0.278481006622314,186.206802368164,-85.4387,24.3388,123.230812815019,63,63,63,63,61,63,0.269136,8521,1.64861680440262,24,-85,0.001869,51,2023-12-19 05:39:51.000593,36,1.037,0.0011,"aoml_navis",1023.76527535589
"7901009",20,0.163249579454288,1,0.291564,1,0.269136,1,193.104639949186,1,4.88389063697282,38.0999984741211,1,27.1709995269775,36.257999420166,0.291563987731934,0.278481006622314,186.213592529297,-85.4387,24.3388,123.230812815019,63,63,63,63,61,63,0.269136,8521,1.64861680440262,24,-85,0.001869,51,2023-12-19 05:39:51.000593,38.0999984741211,1.037,0.0011,"aoml_navis",1023.77394820191
"7901009",20,0.157581191278792,1,0.282219,1,0.259791,1,193.096459221379,1,4.8838564307102,40,1,27.173999786377,36.257999420166,0.282218992710114,0.269136011600494,186.205703735352,-85.4387,24.3388,123.230812815019,63,63,63,63,61,63,0.259791,8521,1.64861680440262,24,-85,0.001869,51,2023-12-19 05:39:51.000593,40,1.037,0.0011,"aoml_navis",1023.7811186585
"7901009",20,0.160982224184089,1,0.287826,1,0.265398,1,193.057248692355,1,4.88381556729765,42,1,27.173999786377,36.257999420166,0.287826001644135,0.274742990732193,186.167892456055,-85.4387,24.3388,123.230812815019,63,63,63,63,61,63,0.265398,8521,1.64861680440262,24,-85,0.001869,51,2023-12-19 05:39:51.000593,42,1.037,0.0011,"aoml_navis",1023.78968474574
"7901009",20,0.157581191278792,1,0.282219,1,0.259791,1,193.055175819351,1,4.88377624421266,44,1,27.1749992370605,36.257999420166,0.282218992710114,0.269136011600494,186.165893554688,-85.4387,24.3388,123.230812815019,63,63,63,63,61,63,0.259791,8521,1.64861680440262,24,-85,0.001869,51,2023-12-19 05:39:51.000593,44,1.037,0.0011,"aoml_navis",1023.7979280736
"7901009",20,0.163249579454288,1,0.291564,1,0.269136,1,193.108168580329,1,4.88373692655241,46,1,27.1760005950928,36.257999420166,0.291563987731934,0.278481006622314,186.216995239258,-85.4387,24.3388,123.230812815019,63,63,63,63,61,63,0.269136,8521,1.64861680440262,24,-85,0.001869,51,2023-12-19 05:39:51.000593,46,1.037,0.0011,"aoml_navis",1023.80617039699
"7901009",20,0.166650612359585,1,0.297171,1,0.274743,1,193.117820889734,1,4.88369452920704,48,1,27.1749992370605,36.257999420166,0.297170996665955,0.284087985754013,186.226303100586,-85.4387,24.3388,123.230812815019,63,63,63,63,61,63,0.274743,8521,1.64861680440262,24,-85,0.001869,51,2023-12-19 05:39:51.000593,48,1.037,0.0011,"aoml_navis",1023.8150584762
"7901009",20,0.160982224184089,1,0.287826,1,0.265398,1,193.097693451106,1,4.88365521634081,50,1,27.1760005950928,36.257999420166,0.287826001644135,0.274742990732193,186.206893920898,-85.4387,24.3388,123.230812815019,63,63,63,63,61,63,0.265398,8521,1.64861680440262,24,-85,0.001869,51,2023-12-19 05:39:51.000593,50,1.037,0.0011,"aoml_navis",1023.82330007039
"7901009",20,0.162115901819188,1,0.289695,1,0.267267,1,193.044811454335,1,4.88361077351085,52,1,27.1760005950928,36.2589988708496,0.289694994688034,0.276612013578415,186.155899047852,-85.4387,24.3388,123.230812815019,63,63,63,63,61,63,0.267267,8521,1.64861680440262,24,-85,0.001869,51,2023-12-19 05:39:51.000593,52,1.037,0.0011,"aoml_navis",1023.83261727582
"7901009",20,0.177987388710578,1,0.315861,1,0.293433,1,193.104956418347,1,4.88356992436657,54,1,27.1760005950928,36.2589988708496,0.315860986709595,0.302778005599976,186.213897705078,-85.4387,24.3388,123.230812815019,63,63,63,63,61,63,0.293433,8521,1.64861680440262,24,-85,0.001869,51,2023-12-19 05:39:51.000593,54,1.037,0.0011,"aoml_navis",1023.84118123353
"7901009",20,0.165516934724486,1,0.295302,1,0.272874,1,193.045950743314,1,4.88353728680358,56,1,27.1790008544922,36.257999420166,0.295302003622055,0.282218992710114,186.156997680664,-85.4387,24.3388,123.230812815019,63,63,63,63,61,63,0.272874,8521,1.64861680440262,24,-85,0.001869,51,2023-12-19 05:39:51.000593,56,1.037,0.0011,"aoml_navis",1023.84802374933
"7901009",20,0.162115901819188,1,0.289695,1,0.267267,1,193.060777323498,1,4.88349644239774,58,1,27.1790008544922,36.257999420166,0.289694994688034,0.276612013578415,186.171295166016,-85.4387,24.3388,123.230812815019,63,63,63,63,61,63,0.267267,8521,1.64861680440262,24,-85,0.001869,51,2023-12-19 05:39:51.000593,58,1.037,0.0011,"aoml_navis",1023.85658697133
"7901009",20,0.163249579454288,1,0.291564,1,0.269136,1,193.018987570812,1,4.88345200954397,60,1,27.1790008544922,36.2589988708496,0.291563987731934,0.278481006622314,186.130996704102,-85.4387,24.3388,123.230812815019,63,63,63,63,61,63,0.269136,8521,1.64861680440262,24,-85,0.001869,51,2023-12-19 05:39:51.000593,60,1.037,0.0011,"aoml_navis",1023.86590269102
"7901009",20,0.160982224184089,1,0.287826,1,0.265398,1,193.110874391654,1,4.88341270859991,62,1,27.1800003051758,36.2589988708496,0.287826001644135,0.274742990732193,186.219604492188,-85.4387,24.3388,123.230812815019,63,63,63,63,61,63,0.265398,8521,1.64861680440262,24,-85,0.001869,51,2023-12-19 05:39:51.000593,62,1.037,0.0011,"aoml_navis",1023.87414260416
"7901009",20,0.172319000535081,1,0.306516,1,0.284088,1,193.047928675569,1,4.88337187137843,64,1,27.1800003051758,36.2589988708496,0.306515991687775,0.293433010578156,186.158905029297,-85.4387,24.3388,123.230812815019,63,63,63,63,61,63,0.284088,8521,1.64861680440262,24,-85,0.001869,51,2023-12-19 05:39:51.000593,64,1.037,0.0011,"aoml_navis",1023.88270475675
"7901009",20,0.157581191278792,1,0.282219,1,0.259791,1,193.019398980721,1,4.88333103649637,66,1,27.1800003051758,36.2589988708496,0.282218992710114,0.269136011600494,186.131393432617,-85.4387,24.3388,123.230812815019,63,63,63,63,61,63,0.259791,8521,1.64861680440262,24,-85,0.001869,51,2023-12-19 05:39:51.000593,66,1.037,0.0011,"aoml_navis",1023.89126656204
"7901009",20,0.158714868913891,1,0.284088,1,0.26166,1,192.982071443204,1,4.88328866511414,68,1,27.1790008544922,36.2589988708496,0.284087985754013,0.271005004644394,186.095397949219,-85.4387,24.3388,123.230812815019,63,63,63,63,61,63,0.26166,8521,1.64861680440262,24,-85,0.001869,51,2023-12-19 05:39:51.000593,68,1.037,0.0011,"aoml_navis",1023.90015067502
"7901009",20,0.157581191278792,1,0.282219,1,0.259791,1,192.984872195277,1,4.88324937374958,70,1,27.1800003051758,36.2589988708496,0.282218992710114,0.269136011600494,186.098098754883,-85.4387,24.3388,123.230812815019,63,63,63,63,61,63,0.259791,8521,1.64861680440262,24,-85,0.001869,51,2023-12-19 05:39:51.000593,70,1.037,0.0011,"aoml_navis",1023.90838913082
"7901009",20,0.15984854654899,1,0.285957,1,0.263529,1,193.042849345538,1,4.88320854588443,72,1,27.1800003051758,36.2589988708496,0.285957008600235,0.272873997688293,186.154006958008,-85.4387,24.3388,123.230812815019,63,63,63,63,61,63,0.263529,8521,1.64861680440262,24,-85,0.001869,51,2023-12-19 05:39:51.000593,72,1.037,0.0011,"aoml_navis",1023.91694989435
"7901009",20,0.162115901819188,1,0.289695,1,0.267267,1,192.983527201343,1,4.88316772035782,74,1,27.1800003051758,36.2589988708496,0.289694994688034,0.276612013578415,186.096801757812,-85.4387,24.3388,123.230812815019,63,63,63,63,61,63,0.267267,8521,1.64861680440262,24,-85,0.001869,51,2023-12-19 05:39:51.000593,74,1.037,0.0011,"aoml_navis",1023.92551031067
"7901009",20,0.156447513643692,4,0.28035,1,0.257922,1,192.956358323888,1,4.88312689716955,76,1,27.1800003051758,36.2589988708496,0.280349999666214,0.267266988754272,186.070602416992,-85.4387,24.3388,123.230812815019,63,63,63,63,61,63,0.257922,8521,1.64861680440262,24,-85,0.001869,51,2023-12-19 05:39:51.000593,76,1.037,0.0011,"aoml_navis",1023.93407037982
"7901009",20,0.163249579454288,1,0.291564,1,0.269136,1,192.998559486482,1,4.88309736517348,78,1,27.1849994659424,36.257999420166,0.291563987731934,0.278481006622314,186.111297607422,-85.4387,24.3388,123.230812815019,63,63,63,63,61,63,0.269136,8521,1.64861680440262,24,-85,0.001869,51,2023-12-19 05:39:51.000593,78,1.037,0.0011,"aoml_navis",1023.94026292825
"7901009",20,0.163249579454288,1,0.291564,1,0.269136,1,192.954696860794,1,4.88306116804086,80,1,27.1879997253418,36.257999420166,0.291563987731934,0.278481006622314,186.069000244141,-85.4387,24.3388,123.230812815019,63,63,63,63,61,63,0.269136,8521,1.64861680440262,24,-85,0.001869,51,2023-12-19 05:39:51.000593,80,1.037,0.0011,"aoml_navis",1023.94785318777
"7901009",20,0.173452678170181,1,0.308385,1,0.285957,1,192.915090745318,1,4.88302035220146,82,1,27.1879997253418,36.257999420166,0.308385014533997,0.295302003622055,186.030807495117,-85.4387,24.3388,123.230812815019,63,63,63,63,61,63,0.285957,8521,1.64861680440262,24,-85,0.001869,51,2023-12-19 05:39:51.000593,82,1.037,0.0011,"aoml_navis",1023.95641208946
"7901009",20,0.160982224184089,1,0.287826,1,0.265398,1,192.937480938445,1,4.88297799912761,84,1,27.1870002746582,36.257999420166,0.287826001644135,0.274742990732193,186.052398681641,-85.4387,24.3388,123.230812815019,63,63,63,63,61,63,0.265398,8521,1.64861680440262,24,-85,0.001869,51,2023-12-19 05:39:51.000593,84,1.037,0.0011,"aoml_navis",1023.9652934937
"7901009",20,0.158714868913891,1,0.284088,1,0.26166,1,192.873601638336,1,4.88294026719856,86,1,27.1889991760254,36.257999420166,0.284087985754013,0.271005004644394,185.990798950195,-85.4387,24.3388,123.230812815019,63,63,63,63,61,63,0.26166,8521,1.64861680440262,24,-85,0.001869,51,2023-12-19 05:39:51.000593,86,1.037,0.0011,"aoml_navis",1023.97320597751
"7901009",20,0.157581191278792,1,0.282219,1,0.259791,1,192.841764840758,1,4.88290100112051,88,1,27.1900005340576,36.257999420166,0.282218992710114,0.269136011600494,185.960098266602,-85.4387,24.3388,123.230812815019,63,63,63,63,61,63,0.259791,8521,1.64861680440262,24,-85,0.001869,51,2023-12-19 05:39:51.000593,88,1.037,0.0011,"aoml_navis",1023.98144030621
"7901009",20,0.163249579454288,1,0.291564,1,0.269136,1,192.874740927314,1,4.88286019474062,90,1,27.1900005340576,36.257999420166,0.291563987731934,0.278481006622314,185.991897583008,-85.4387,24.3388,123.230812815019,63,63,63,63,61,63,0.269136,8521,1.64861680440262,24,-85,0.001869,51,2023-12-19 05:39:51.000593,90,1.037,0.0011,"aoml_navis",1023.98999778563
"7901009",20,0.166650612359585,1,0.297171,1,0.274743,1,192.846954934995,1,4.88281784789197,92,1,27.1889991760254,36.257999420166,0.297170996665955,0.284087985754013,185.965103149414,-85.4387,24.3388,123.230812815019,63,63,63,63,61,63,0.274743,8521,1.64861680440262,24,-85,0.001869,51,2023-12-19 05:39:51.000593,92,1.037,0.0011,"aoml_navis",1023.998878467
"7901009",20,0.160982224184089,1,0.287826,1,0.265398,1,192.858775058151,1,4.88277191734339,94,1,27.1879997253418,36.2589988708496,0.287826001644135,0.274742990732193,185.976501464844,-85.4387,24.3388,123.230812815019,63,63,63,63,61,63,0.265398,8521,1.64861680440262,24,-85,0.001869,51,2023-12-19 05:39:51.000593,94,1.037,0.0011,"aoml_navis",1024.00851087068
"7901009",20,0.167784289994685,1,0.29904,1,0.276612,1,192.873601638336,1,4.88273111797065,96,1,27.1879997253418,36.2589988708496,0.299039989709854,0.285957008600235,185.990798950195,-85.4387,24.3388,123.230812815019,63,63,63,63,61,63,0.276612,8521,1.64861680440262,24,-85,0.001869,51,2023-12-19 05:39:51.000593,96,1.037,0.0011,"aoml_navis",1024.01706733302
"7901009",20,0.163249579454288,1,0.291564,1,0.269136,1,192.851512090911,1,4.8826898211773,98.0999984741211,1,27.1889991760254,36.2589988708496,0.291563987731934,0.278481006622314,185.969497680664,-85.4387,24.3388,123.230812815019,63,63,63,63,61,63,0.269136,8521,1.64861680440262,24,-85,0.001869,51,2023-12-19 05:39:51.000593,98.0999984741211,1.037,0.0011,"aoml_navis",1024.02572826025
"7901009",20,0.158714868913891,1,0.284088,1,0.26166,1,192.78255346077,1,4.88265260931936,100,1,27.1900005340576,36.2589988708496,0.284087985754013,0.271005004644394,185.90299987793,-85.4387,24.3388,123.230812815019,63,63,63,63,61,63,0.26166,8521,1.64861680440262,24,-85,0.001869,51,2023-12-19 05:39:51.000593,100,1.037,0.0011,"aoml_navis",1024.03353260411
"7901009",20,0.160982224184089,1,0.287826,1,0.265398,1,192.719085570569,1,4.88261027397814,102,1,27.1889991760254,36.2589988708496,0.287826001644135,0.274742990732193,185.841796875,-85.4387,24.3388,123.230812815019,63,63,63,63,61,63,0.265398,8521,1.64861680440262,24,-85,0.001869,51,2023-12-19 05:39:51.000593,102,1.037,0.0011,"aoml_navis",1024.04241162714
"7901009",20,0.15984854654899,1,0.285957,1,0.263529,1,192.709338320416,1,4.88256948400327,104,1,27.1889991760254,36.2589988708496,0.285957008600235,0.272873997688293,185.832397460938,-85.4387,24.3388,123.230812815019,63,63,63,63,61,63,0.263529,8521,1.64861680440262,24,-85,0.001869,51,2023-12-19 05:39:51.000593,104,1.037,0.0011,"aoml_navis",1024.05096668495
"7901009",20,0.162115901819188,1,0.289695,1,0.267267,1,192.651471934362,1,4.88252869636347,106,1,27.1889991760254,36.2589988708496,0.289694994688034,0.276612013578415,185.776596069336,-85.4387,24.3388,123.230812815019,63,63,63,63,61,63,0.267267,8521,1.64861680440262,24,-85,0.001869,51,2023-12-19 05:39:51.000593,106,1.037,0.0011,"aoml_navis",1024.05952139596
"7901009",20,0.15984854654899,1,0.285957,1,0.263529,1,192.656345559438,1,4.88248124240307,108,1,27.1870002746582,36.2599983215332,0.285957008600235,0.272873997688293,185.781295776367,-85.4387,24.3388,123.230812815019,63,63,63,63,61,63,0.263529,8521,1.64861680440262,24,-85,0.001869,51,2023-12-19 05:39:51.000593,108,1.037,0.0011,"aoml_navis",1024.06947446645
"7901009",20,0.157581191278792,4,0.282219,1,0.259791,1,192.550154332528,1,4.88242915086173,110,1,27.181999206543,36.2610015869141,0.282218992710114,0.269136011600494,185.678894042969,-85.4387,24.3388,123.230812815019,63,63,63,63,61,63,0.259791,8521,1.64861680440262,24,-85,0.001869,51,2023-12-19 05:39:51.000593,110,1.037,0.0011,"aoml_navis",1024.08040045343
"7901009",20,0.167784289994685,1,0.29904,1,0.276612,1,192.550265096734,1,4.88239351479672,112,1,27.1830005645752,36.2599983215332,0.299039989709854,0.285957008600235,185.679000854492,-85.4387,24.3388,123.230812815019,63,63,63,63,61,63,0.276612,8521,1.64861680440262,24,-85,0.001869,51,2023-12-19 05:39:51.000593,112,1.037,0.0011,"aoml_navis",1024.08787510611
"7901009",20,0.170051645264883,1,0.302778,1,0.28035,1,192.492193005725,1,4.88235427653655,114,1,27.1840000152588,36.2599983215332,0.302778005599976,0.289694994688034,185.623001098633,-85.4387,24.3388,123.230812815019,63,63,63,63,61,63,0.28035,8521,1.64861680440262,24,-85,0.001869,51,2023-12-19 05:39:51.000593,114,1.037,0.0011,"aoml_navis",1024.09610544422
"7901009",20,0.162115901819188,4,0.289695,1,0.267267,1,192.446257507033,1,4.88232479318301,116,1,27.1889991760254,36.2589988708496,0.289694994688034,0.276612013578415,185.578704833984,-85.4387,24.3388,123.230812815019,63,63,63,63,61,63,0.267267,8521,1.64861680440262,24,-85,0.001869,51,2023-12-19 05:39:51.000593,116,1.037,0.0011,"aoml_navis",1024.10228974961
"7901009",20,0.162115901819188,4,0.289695,1,0.267267,1,192.373137307428,1,4.88228247899483,118,1,27.1879997253418,36.2589988708496,0.289694994688034,0.276612013578415,185.508193969727,-85.4387,24.3388,123.230812815019,63,63,63,63,61,63,0.267267,8521,1.64861680440262,24,-85,0.001869,51,2023-12-19 05:39:51.000593,118,1.037,0.0011,"aoml_navis",1024.11116552793
"7901009",20,0.168917967629784,1,0.300909,1,0.278481,1,192.252119500333,1,4.88224170763912,120,1,27.1879997253418,36.2589988708496,0.300909012556076,0.287826001644135,185.391494750977,-85.4387,24.3388,123.230812815019,63,63,63,63,61,63,0.278481,8521,1.64861680440262,24,-85,0.001869,51,2023-12-19 05:39:51.000593,120,1.037,0.0011,"aoml_navis",1024.11971782893
"7901009",20,0.190457842696669,1,0.33642,1,0.313992,1,191.953056143366,1,4.8821942700178,122,1,27.1860008239746,36.2599983215332,0.336419999599457,0.323336988687515,185.103103637695,-85.4387,24.3388,123.230812815019,63,63,63,63,61,63,0.313992,8521,1.64861680440262,24,-85,0.001869,51,2023-12-19 05:39:51.000593,122,1.037,0.0011,"aoml_navis",1024.12966864216
"7901009",20,0.164383257089387,1,0.293433,1,0.271005,1,190.465571970261,1,4.88211244495978,124,1,27.17799949646,36.2680015563965,0.293433010578156,0.280349999666214,183.668701171875,-85.4387,24.3388,123.230812815019,63,63,63,63,61,63,0.271005,8521,1.64861680440262,24,-85,0.001869,51,2023-12-19 05:39:51.000593,124,1.037,0.0011,"aoml_navis",1024.14683323444
"7901009",20,0.142843382022502,1,0.257922,1,0.235494,1,188.061482343238,1,4.88195369641333,126,1,27.1550006866455,36.2910003662109,0.257921993732452,0.244838997721672,181.350402832031,-85.4387,24.3388,123.230812815019,63,63,63,63,61,63,0.235494,8521,1.64861680440262,24,-85,0.001869,51,2023-12-19 05:39:51.000593,126,1.037,0.0011,"aoml_navis",1024.18013584877
"7901009",20,0.114501441145021,1,0.211197,1,0.188769,1,182.709181837551,1,4.88172878917511,128,1,27.1100006103516,36.3230018615723,0.211197003722191,0.198113992810249,176.189102172852,-85.4387,24.3388,123.230812815019,63,63,63,63,61,63,0.188769,8521,1.64861680440262,24,-85,0.001869,51,2023-12-19 05:39:51.000593,128,1.037,0.0011,"aoml_navis",1024.22732108493
"7901009",20,0.0736890462814493,1,0.143913,1,0.121485,1,177.706864576805,1,4.88103216211885,130,1,26.9260005950928,36.4269981384277,0.143913000822067,0.130830004811287,171.365295410156,-85.4387,24.3388,123.230812815019,63,63,63,63,61,63,0.121485,8521,1.64861680440262,24,-85,0.001869,51,2023-12-19 05:39:51.000593,130,1.037,0.0011,"aoml_navis",1024.37350009788
"7901009",20,0.0634859475655563,1,0.127092,1,0.104664,1,176.135705957581,1,4.88039739156427,132,1,26.7229995727539,36.5060005187988,0.127092003822327,0.114009000360966,169.850204467773,-85.4387,24.3388,123.230812815019,63,63,63,63,61,63,0.104664,8521,1.64861680440262,24,-85,0.001869,51,2023-12-19 05:39:51.000593,132,1.037,0.0011,"aoml_navis",1024.50673558724
"7901009",20,0.0646196252006556,1,0.128961,1,0.106533,1,175.420691359101,1,4.8802239492987,134,1,26.6760005950928,36.5229988098145,0.128960996866226,0.115878000855446,169.160705566406,-85.4387,24.3388,123.230812815019,63,63,63,63,61,63,0.106533,8521,1.64861680440262,24,-85,0.001869,51,2023-12-19 05:39:51.000593,134,1.037,0.0011,"aoml_navis",1024.54314636903
"7901009",20,0.0657533028357548,1,0.13083,1,0.108402,1,174.407420400014,1,4.8800657941539,136,1,26.6389999389648,36.5400009155273,0.130830004811287,0.117747001349926,168.18359375,-85.4387,24.3388,123.230812815019,63,63,63,63,61,63,0.108402,8521,1.64861680440262,24,-85,0.001869,51,2023-12-19 05:39:51.000593,136,1.037,0.0011,"aoml_navis",1024.57635017745
"7901009",20,0.0748227239165485,1,0.145782,1,0.123354,1,172.906881874025,1,4.87982759686545,138.100006103516,1,26.5790004730225,36.5690002441406,0.145781993865967,0.132698997855186,166.736602783203,-85.4387,24.3388,123.230812815019,63,63,63,63,61,63,0.123354,8521,1.64861680440262,24,-85,0.001869,51,2023-12-19 05:39:51.000593,138.100006103516,1.037,0.0011,"aoml_navis",1024.62636245833
"7901009",20,0.0759564015516478,1,0.147651,1,0.125223,1,170.534834749534,1,4.87958199910914,140,1,26.5090007781982,36.5970001220703,0.147651001811028,0.134568005800247,164.449203491211,-85.4387,24.3388,123.230812815019,63,63,63,63,61,63,0.125223,8521,1.64861680440262,24,-85,0.001869,51,2023-12-19 05:39:51.000593,140,1.037,0.0011,"aoml_navis",1024.6779336658
"7901009",20,0.0782237568218462,1,0.151389,1,0.128961,1,168.354425525373,1,4.87899244960575,142,1,26.2959995269775,36.6599998474121,0.151389002799988,0.138306006789207,162.346603393555,-85.4387,24.3388,123.230812815019,63,63,63,63,61,63,0.128961,8521,1.64861680440262,24,-85,0.001869,51,2023-12-19 05:39:51.000593,142,1.037,0.0011,"aoml_navis",1024.80174987851
"7901009",20,0.066886980470854,1,0.132699,1,0.110271,1,166.80627421414,1,4.87867312233838,144,1,26.17799949646,36.6879997253418,0.132698997855186,0.119616001844406,160.853698730469,-85.4387,24.3388,123.230812815019,63,63,63,63,61,63,0.110271,8521,1.64861680440262,24,-85,0.001869,51,2023-12-19 05:39:51.000593,144,1.037,0.0011,"aoml_navis",1024.8688269575
"7901009",20,0.0555502041198618,1,0.114009,1,0.091581,1,165.684232804482,1,4.87811411679884,146,1,25.9549999237061,36.7389984130859,0.114009000360966,0.100925996899605,159.771697998047,-85.4387,24.3388,123.230812815019,63,63,63,63,61,63,0.091581,8521,1.64861680440262,24,-85,0.001869,51,2023-12-19 05:39:51.000593,146,1.037,0.0011,"aoml_navis",1024.98627139152
"7901009",20,0.0487481383092665,1,0.102795,1,0.080367,1,165.420724757732,1,4.87767690573365,148,1,25.7859992980957,36.7789993286133,0.102794997394085,0.0897120013833046,159.517593383789,-85.4387,24.3388,123.230812815019,63,63,63,63,61,63,0.080367,8521,1.64861680440262,24,-85,0.001869,51,2023-12-19 05:39:51.000593,148,1.037,0.0011,"aoml_navis",1025.07814614014
"7901009",20,0.0442134277688696,1,0.095319,1,0.072891,1,164.879720727324,1,4.87753904608142,150,1,25.7450008392334,36.7890014648438,0.095319002866745,0.0822359994053841,158.995895385742,-85.4387,24.3388,123.230812815019,63,63,63,63,61,63,0.072891,8521,1.64861680440262,24,-85,0.001869,51,2023-12-19 05:39:51.000593,150,1.037,0.0011,"aoml_navis",1025.10711913562
"7901009",20,0.0408123948635719,1,0.089712,1,0.067284,1,164.046172604662,1,4.8773040238155,152,1,25.6580009460449,36.806999206543,0.0897120013833046,0.0766289979219437,158.192092895508,-85.4387,24.3388,123.230812815019,63,63,63,63,61,63,0.067284,8521,1.64861680440262,24,-85,0.001869,51,2023-12-19 05:39:51.000593,152,1.037,0.0011,"aoml_navis",1025.15651589185
"7901009",20,0.0385450395933735,1,0.085974,1,0.063546,1,163.083837357008,1,4.87698683194374,154,1,25.5300006866455,36.8310012817383,0.0859740003943443,0.0728909969329834,157.264099121094,-85.4387,24.3388,123.230812815019,63,63,63,63,61,63,0.063546,8521,1.64861680440262,24,-85,0.001869,51,2023-12-19 05:39:51.000593,154,1.037,0.0011,"aoml_navis",1025.22319052628
"7901009",20,0.0340103290529766,1,0.078498,1,0.05607,1,162.563672820839,1,4.87666811618618,156,1,25.4029998779297,36.8559989929199,0.0784979984164238,0.0654150024056435,156.762496948242,-85.4387,24.3388,123.230812815019,63,63,63,63,61,63,0.05607,8521,1.64861680440262,24,-85,0.001869,51,2023-12-19 05:39:51.000593,156,1.037,0.0011,"aoml_navis",1025.29019422184
"7901009",20,0.0317429737827782,1,0.07476,1,0.052332,1,162.144825886505,1,4.87651665624021,158,1,25.3500003814697,36.8650016784668,0.0747599974274635,0.0616770014166832,156.358596801758,-85.4387,24.3388,123.230812815019,63,63,63,63,61,63,0.052332,8521,1.64861680440262,24,-85,0.001869,51,2023-12-19 05:39:51.000593,158,1.037,0.0011,"aoml_navis",1025.32203875522
"7901009",20,0.0272082632423813,1,0.067284,1,0.044856,1,161.527711022922,1,4.87632087745851,160.100006103516,1,25.2779998779297,36.8779983520508,0.0672840029001236,0.0542009994387627,155.76350402832,-85.4387,24.3388,123.230812815019,63,63,63,63,61,63,0.044856,8521,1.64861680440262,24,-85,0.001869,51,2023-12-19 05:39:51.000593,160.100006103516,1.037,0.0011,"aoml_navis",1025.36320427829
"7901009",20,0.0272082632423813,1,0.067284,1,0.044856,1,160.863299843256,1,4.87609353345989,162,1,25.1889991760254,36.8940010070801,0.0672840029001236,0.0542009994387627,155.122802734375,-85.4387,24.3388,123.230812815019,63,63,63,63,61,63,0.044856,8521,1.64861680440262,24,-85,0.001869,51,2023-12-19 05:39:51.000593,162,1.037,0.0011,"aoml_navis",1025.4110110255
"7901009",20,0.0249409079721828,1,0.063546,1,0.041118,1,160.052252677927,1,4.87586216193808,164,1,25.0960006713867,36.9090003967285,0.0635460019111633,0.0504629984498024,154.340698242188,-85.4387,24.3388,123.230812815019,63,63,63,63,61,63,0.041118,8521,1.64861680440262,24,-85,0.001869,51,2023-12-19 05:39:51.000593,164,1.037,0.0011,"aoml_navis",1025.45966927264
"7901009",20,0.020406197431786,1,0.05607,1,0.033642,1,158.789588196662,1,4.87557704710281,166,1,24.9710006713867,36.9259986877441,0.0560699999332428,0.0429870001971722,153.123092651367,-85.4387,24.3388,123.230812815019,63,63,63,63,61,63,0.033642,8521,1.64861680440262,24,-85,0.001869,51,2023-12-19 05:39:51.000593,166,1.037,0.0011,"aoml_navis",1025.51963628
"7901009",20,0.0181388421615875,1,0.052332,1,0.029904,1,157.762962238989,1,4.87521323989124,168,1,24.8040008544922,36.9480018615723,0.0523319989442825,0.0392489992082119,152.133102416992,-85.4387,24.3388,123.230812815019,63,63,63,63,61,63,0.029904,8521,1.64861680440262,24,-85,0.001869,51,2023-12-19 05:39:51.000593,168,1.037,0.0011,"aoml_navis",1025.59616450983
"7901009",20,0.0124704539860914,1,0.042987,1,0.020559,1,155.533294589948,1,4.87486174334255,169.899993896484,1,24.6310005187988,36.9650001525879,0.0429870001971722,0.0299040004611015,149.983001708984,-85.4387,24.3388,123.230812815019,63,63,63,63,61,63,0.020559,8521,1.64861680440262,24,-85,0.001869,51,2023-12-19 05:39:51.000593,169.899993896484,1.037,0.0011,"aoml_navis",1025.67011399418
"7901009",20,0.00680206581059532,1,0.033642,1,0.011214,1,154.180104105233,1,4.87427279870911,171.899993896484,1,24.3190002441406,36.992000579834,0.0336420014500618,0.020558999851346,148.678100585938,-85.4387,24.3388,123.230812815019,63,63,63,63,61,63,0.011214,8521,1.64861680440262,24,-85,0.001869,51,2023-12-19 05:39:51.000593,171.899993896484,1.037,0.0011,"aoml_navis",1025.79404282095
"7901009",20,0.00453471054039688,1,0.029904,1,0.007476,1,153.658483810925,1,4.87383628590599,173.899993896484,1,24.0909996032715,37.0110015869141,0.0299040004611015,0.0168210007250309,148.175094604492,-85.4387,24.3388,123.230812815019,63,63,63,63,61,63,0.007476,8521,1.64861680440262,24,-85,0.001869,51,2023-12-19 05:39:51.000593,173.899993896484,1.037,0.0011,"aoml_navis",1025.8859154664
"7901009",20,0.00226735527019844,1,0.026166,1,0.003738,1,153.522639423646,1,4.87364458510762,176,1,24.0020008087158,37.0169982910156,0.0261659994721413,0.0130829997360706,148.044097900391,-85.4387,24.3388,123.230812815019,63,63,63,63,61,63,0.003738,8521,1.64861680440262,24,-85,0.001869,51,2023-12-19 05:39:51.000593,176,1.037,0.0011,"aoml_navis",1025.9262678445
"7901009",20,0,1,0.022428,1,0,1,153.238608351818,1,4.87357091639792,178,1,23.9790000915527,37.0169982910156,0.0224280003458261,0.00934499967843294,147.770202636719,-85.4387,24.3388,123.230812815019,63,63,63,63,61,63,0,8521,1.64861680440262,24,-85,0.001869,51,2023-12-19 05:39:51.000593,178,1.037,0.0011,"aoml_navis",1025.94177570633
"7901009",20,0.00226735527019844,1,0.026166,1,0.003738,1,152.928753396467,1,4.8734636467545,180,1,23.9400005340576,37.0200004577637,0.0261659994721413,0.0130829997360706,147.471405029297,-85.4387,24.3388,123.230812815019,63,63,63,63,61,63,0.003738,8521,1.64861680440262,24,-85,0.001869,51,2023-12-19 05:39:51.000593,180,1.037,0.0011,"aoml_navis",1025.96435767604
"7901009",20,0.00226735527019844,1,0.026166,1,0.003738,1,152.697493557203,1,4.87335861187427,182,1,23.8999996185303,37.0219993591309,0.0261659994721413,0.0130829997360706,147.248397827148,-85.4387,24.3388,123.230812815019,63,63,63,63,61,63,0.003738,8521,1.64861680440262,24,-85,0.001869,51,2023-12-19 05:39:51.000593,182,1.037,0.0011,"aoml_navis",1025.98647015575
"7901009",20,0,1,0.022428,1,0,1,152.290055336116,1,4.87323010374932,184,1,23.8460006713867,37.0250015258789,0.0224280003458261,0.00934499967843294,146.855499267578,-85.4387,24.3388,123.230812815019,63,63,63,63,61,63,0,8521,1.64861680440262,24,-85,0.001869,51,2023-12-19 05:39:51.000593,184,1.037,0.0011,"aoml_navis",1026.01352563942
"7901009",20,0,1,0.022428,1,0,1,152.090853822843,1,4.873072544614,186,1,23.7740001678467,37.0289993286133,0.0224280003458261,0.00934499967843294,146.66340637207,-85.4387,24.3388,123.230812815019,63,63,63,63,61,63,0,8521,1.64861680440262,24,-85,0.001869,51,2023-12-19 05:39:51.000593,186,1.037,0.0011,"aoml_navis",1026.04669933065
"7901009",20,-0.00226735527019844,1,0.01869,1,-0.003738,1,151.810857732815,1,4.87298411133376,188,1,23.7430000305176,37.0299987792969,0.0186899993568659,0.00560700008645654,146.393402099609,-85.4387,24.3388,123.230812815019,63,63,63,63,61,63,-0.003738,8521,1.64861680440262,24,-85,0.001869,51,2023-12-19 05:39:51.000593,188,1.037,0.0011,"aoml_navis",1026.0653196818
"7901009",20,0,1,0.022428,1,0,1,151.382880663191,1,4.87292058164769,190,1,23.7269992828369,37.0299987792969,0.0224280003458261,0.00934499967843294,145.980697631836,-85.4387,24.3388,123.230812815019,63,63,63,63,61,63,0,8521,1.64861680440262,24,-85,0.001869,51,2023-12-19 05:39:51.000593,190,1.037,0.0011,"aoml_navis",1026.07869679447
"7901009",20,-0.00226735527019844,1,0.01869,1,-0.003738,1,151.070636365676,1,4.87272497887436,192,1,23.632999420166,37.0359992980957,0.0186899993568659,0.00560700008645654,145.679595947266,-85.4387,24.3388,123.230812815019,63,63,63,63,61,63,-0.003738,8521,1.64861680440262,24,-85,0.001869,51,2023-12-19 05:39:51.000593,192,1.037,0.0011,"aoml_navis",1026.1198860345
"7901009",20,0,1,0.022428,1,0,1,150.703025788477,1,4.87262179342167,194,1,23.5939998626709,37.0379981994629,0.0224280003458261,0.00934499967843294,145.325103759766,-85.4387,24.3388,123.230812815019,63,63,63,63,61,63,0,8521,1.64861680440262,24,-85,0.001869,51,2023-12-19 05:39:51.000593,194,1.037,0.0011,"aoml_navis",1026.14161574171
"7901009",20,-0.00113367763509922,1,0.020559,1,-0.001869,1,149.983343269875,1,4.87251737673604,196,1,23.548999786377,37.0379981994629,0.020558999851346,0.00747600011527538,144.631103515625,-85.4387,24.3388,123.230812815019,63,63,63,63,61,63,-0.001869,8521,1.64861680440262,24,-85,0.001869,51,2023-12-19 05:39:51.000593,196,1.037,0.0011,"aoml_navis",1026.16360566976
"7901009",20,-0.00340103290529766,1,0.016821,1,-0.005607,1,149.281493788485,1,4.87226013389147,197.899993896484,1,23.3939990997314,37.0379981994629,0.0168210007250309,0.00373800005763769,143.954299926758,-85.4387,24.3388,123.230812815019,63,63,63,63,61,63,-0.005607,8521,1.64861680440262,24,-85,0.001869,51,2023-12-19 05:39:51.000593,197.899993896484,1.037,0.0011,"aoml_navis",1026.21778447747
"7901009",20,-0.00340103290529766,1,0.016821,1,-0.005607,1,149.177169729623,1,4.87186082677715,200,1,23.1319999694824,37.0349998474121,0.0168210007250309,0.00373800005763769,143.853698730469,-85.4387,24.3388,123.230812815019,63,63,63,63,61,63,-0.005607,8521,1.64861680440262,24,-85,0.001869,51,2023-12-19 05:39:51.000593,200,1.037,0.0011,"aoml_navis",1026.30189526732
"7901009",20,-0.00340103290529766,1,0.016821,1,-0.005607,1,148.893027893589,1,4.87167620742883,202,1,23.0160007476807,37.0299987792969,0.0168210007250309,0.00373800005763769,143.579696655273,-85.4387,24.3388,123.230812815019,63,63,63,63,61,63,-0.005607,8521,1.64861680440262,24,-85,0.001869,51,2023-12-19 05:39:51.000593,202,1.037,0.0011,"aoml_navis",1026.3407884899
"7901009",20,-0.00226735527019844,1,0.01869,1,-0.003738,1,148.46226589535,1,4.87156625733657,204,1,22.9559993743896,37.0260009765625,0.0186899993568659,0.00560700008645654,143.164306640625,-85.4387,24.3388,123.230812815019,63,63,63,63,61,63,-0.003738,8521,1.64861680440262,24,-85,0.001869,51,2023-12-19 05:39:51.000593,204,1.037,0.0011,"aoml_navis",1026.3639527575
"7901009",20,-0.00340103290529766,1,0.016821,1,-0.005607,1,147.844518093445,1,4.87135024520374,206,1,22.8090000152588,37.0180015563965,0.0168210007250309,0.00373800005763769,142.568603515625,-85.4387,24.3388,123.230812815019,63,63,63,63,61,63,-0.005607,8521,1.64861680440262,24,-85,0.001869,51,2023-12-19 05:39:51.000593,206,1.037,0.0011,"aoml_navis",1026.40946520381
"7901009",20,0.00906942108079376,1,0.03738,1,0.014952,1,147.79400961538,1,4.87095521450561,208,1,22.5130004882812,37.0029983520508,0.0373799987137318,0.0242970008403063,142.519897460938,-85.4387,24.3388,123.230812815019,63,63,63,63,61,63,0.014952,8521,1.64861680440262,24,-85,0.001869,51,2023-12-19 05:39:51.000593,208,1.037,0.0011,"aoml_navis",1026.49270621707
"7901009",20,-0.00340103290529766,1,0.016821,1,-0.005607,1,147.690824845497,1,4.8706549453075,210,1,22.2919998168945,36.9910011291504,0.0168210007250309,0.00373800005763769,142.420394897461,-85.4387,24.3388,123.230812815019,63,63,63,63,61,63,-0.005607,8521,1.64861680440262,24,-85,0.001869,51,2023-12-19 05:39:51.000593,210,1.037,0.0011,"aoml_navis",1026.55598808475
"7901009",20,-0.00226735527019844,1,0.01869,1,-0.003738,1,147.591801645079,1,4.87045722241592,212.100006103516,1,22.1439990997314,36.9780006408691,0.0186899993568659,0.00560700008645654,142.324905395508,-85.4387,24.3388,123.230812815019,63,63,63,63,61,63,-0.003738,8521,1.64861680440262,24,-85,0.001869,51,2023-12-19 05:39:51.000593,212.100006103516,1.037,0.0011,"aoml_navis",1026.59766253317
"7901009",20,-0.00340103290529766,1,0.016821,1,-0.005607,1,147.251043476175,1,4.87032769289027,214,1,22.0559997558594,36.9700012207031,0.0168210007250309,0.00373800005763769,141.996307373047,-85.4387,24.3388,123.230812815019,63,63,63,63,61,63,-0.005607,8521,1.64861680440262,24,-85,0.001869,51,2023-12-19 05:39:51.000593,214,1.037,0.0011,"aoml_navis",1026.62496556423
"7901009",20,-0.00453471054039688,1,0.014952,1,-0.007476,1,146.987630370173,1,4.87015540055286,216,1,21.9190006256104,36.9550018310547,0.0149520002305508,0.00186900002881885,141.742294311523,-85.4387,24.3388,123.230812815019,63,63,63,63,61,63,-0.007476,8521,1.64861680440262,24,-85,0.001869,51,2023-12-19 05:39:51.000593,216,1.037,0.0011,"aoml_navis",1026.66128465478
"7901009",20,0,1,0.020559,1,-0.001869,1,147.042696004154,1,4.8699810906029,218,1,21.7880001068115,36.943000793457,0.020558999851346,0,141.795394897461,-85.4387,24.3388,123.230812815019,63,63,63,63,61,63,0,8521,1.64861680440262,24,-85,0.001869,51,2023-12-19 05:39:51.000593,218,1.037,0.0011,"aoml_navis",1026.69803167162
"7901009",20,0,1,0.014952,1,-0.007476,1,146.870663368337,1,4.86987840308866,220,1,21.7259998321533,36.9370002746582,0.0149520002305508,0,141.629501342773,-85.4387,24.3388,123.230812815019,63,63,63,63,61,63,0,8521,1.64861680440262,24,-85,0.001869,51,2023-12-19 05:39:51.000593,220,1.037,0.0011,"aoml_navis",1026.71968089158
"7901009",20,0,1,0.014952,1,-0.007476,1,146.823272111505,1,4.86970639095996,222,1,21.5960006713867,36.9249992370605,0.0149520002305508,0,141.583801269531,-85.4387,24.3388,123.230812815019,63,63,63,63,61,63,0,8521,1.64861680440262,24,-85,0.001869,51,2023-12-19 05:39:51.000593,222,1.037,0.0011,"aoml_navis",1026.75594760331
"7901009",20,0,1,0.016821,1,-0.005607,1,146.842038732742,1,4.86955047365266,224,1,21.4829998016357,36.9150009155273,0.0168210007250309,0,141.601898193359,-85.4387,24.3388,123.230812815019,63,63,63,63,61,63,0,8521,1.64861680440262,24,-85,0.001869,51,2023-12-19 05:39:51.000593,224,1.037,0.0011,"aoml_navis",1026.78882312714
"7901009",20,0,1,0.01869,1,-0.003738,1,146.640764346465,1,4.86947858870317,226,1,21.4489994049072,36.9109992980957,0.0186899993568659,0,141.407806396484,-85.4387,24.3388,123.230812815019,63,63,63,63,61,63,0,8521,1.64861680440262,24,-85,0.001869,51,2023-12-19 05:39:51.000593,226,1.037,0.0011,"aoml_navis",1026.80398094359
"7901009",20,0,1,0.020559,1,-0.001869,1,146.13180281859,1,4.86939625773286,228,1,21.3990001678467,36.9039993286133,0.020558999851346,0,140.917007446289,-85.4387,24.3388,123.230812815019,63,63,63,63,61,63,0,8521,1.64861680440262,24,-85,0.001869,51,2023-12-19 05:39:51.000593,228,1.037,0.0011,"aoml_navis",1026.82134198048
"7901009",20,0,1,0.014952,1,-0.007476,1,145.995009023829,1,4.86915427722887,230,1,21.1849994659424,36.8810005187988,0.0149520002305508,0,140.785095214844,-85.4387,24.3388,123.230812815019,63,63,63,63,61,63,0,8521,1.64861680440262,24,-85,0.001869,51,2023-12-19 05:39:51.000593,230,1.037,0.0011,"aoml_navis",1026.87237152929
"7901009",20,0,1,0.01869,1,-0.003738,1,145.713984409028,1,4.86897137773843,232,1,21.0310001373291,36.8639984130859,0.0186899993568659,0,140.514099121094,-85.4387,24.3388,123.230812815019,63,63,63,63,61,63,0,8521,1.64861680440262,24,-85,0.001869,51,2023-12-19 05:39:51.000593,232,1.037,0.0011,"aoml_navis",1026.91094526878
"7901009",20,0,1,0.016821,1,-0.005607,1,145.383384900186,1,4.86884708936816,234,1,20.931999206543,36.851001739502,0.0168210007250309,0,140.195297241211,-85.4387,24.3388,123.230812815019,63,63,63,63,61,63,0,8521,1.64861680440262,24,-85,0.001869,51,2023-12-19 05:39:51.000593,234,1.037,0.0011,"aoml_navis",1026.93715950091
"7901009",20,0,1,0.014952,1,-0.007476,1,144.851716710022,1,4.86875919778875,236,1,20.8659992218018,36.8400001525879,0.0149520002305508,0,139.682601928711,-85.4387,24.3388,123.230812815019,63,63,63,63,61,63,0,8521,1.64861680440262,24,-85,0.001869,51,2023-12-19 05:39:51.000593,236,1.037,0.0011,"aoml_navis",1026.95569792625
"7901009",20,0,1,0.016821,1,-0.005607,1,144.123014820337,1,4.86866984736126,238,1,20.7959995269775,36.8279991149902,0.0168210007250309,0,138.979904174805,-85.4387,24.3388,123.230812815019,63,63,63,63,61,63,0,8521,1.64861680440262,24,-85,0.001869,51,2023-12-19 05:39:51.000593,238,1.037,0.0011,"aoml_navis",1026.97454474345
"7901009",20,0,1,0.014952,1,-0.007476,1,143.350545245712,1,4.86851440022805,240,1,20.6529998779297,36.8079986572266,0.0149520002305508,0,138.235000610352,-85.4387,24.3388,123.230812815019,63,63,63,63,61,63,0,8521,1.64861680440262,24,-85,0.001869,51,2023-12-19 05:39:51.000593,240,1.037,0.0011,"aoml_navis",1027.00733508476
"7901009",20,0,1,0.020559,1,-0.001869,1,142.901000802778,1,4.86842013629054,242,1,20.576000213623,36.7949981689453,0.020558999851346,0,137.801498413086,-85.4387,24.3388,123.230812815019,63,63,63,63,61,63,0,8521,1.64861680440262,24,-85,0.001869,51,2023-12-19 05:39:51.000593,242,1.037,0.0011,"aoml_navis",1027.02722033553
"7901009",20,0,1,0.016821,1,-0.005607,1,142.387276414033,1,4.86835083872413,244,1,20.5319995880127,36.7869987487793,0.0168210007250309,0,137.306106567383,-85.4387,24.3388,123.230812815019,63,63,63,63,61,63,0,8521,1.64861680440262,24,-85,0.001869,51,2023-12-19 05:39:51.000593,244,1.037,0.0011,"aoml_navis",1027.04183934911
"7901009",20,0,1,0.016821,1,-0.005607,1,141.818375627099,1,4.86825903984893,246,1,20.4650001525879,36.7770004272461,0.0168210007250309,0,136.757507324219,-85.4387,24.3388,123.230812815019,63,63,63,63,61,63,0,8521,1.64861680440262,24,-85,0.001869,51,2023-12-19 05:39:51.000593,246,1.037,0.0011,"aoml_navis",1027.06120587929
"7901009",20,0,1,0.020559,1,-0.001869,1,141.043311005355,1,4.86819897745768,248,1,20.42799949646,36.7690010070801,0.020558999851346,0,136.010101318359,-85.4387,24.3388,123.230812815019,63,63,63,63,61,63,0,8521,1.64861680440262,24,-85,0.001869,51,2023-12-19 05:39:51.000593,248,1.037,0.0011,"aoml_navis",1027.07387745502
"7901009",20,0,1,0.022428,1,0,1,140.303200402423,1,4.86807544638715,250,1,20.3250007629395,36.7550010681152,0.0224280003458261,0,135.296401977539,-85.4387,24.3388,123.230812815019,63,63,63,63,61,63,0,8521,1.64861680440262,24,-85,0.001869,51,2023-12-19 05:39:51.000593,250,1.037,0.0011,"aoml_navis",1027.09994022602
"7901009",20,0,1,0.01869,1,-0.003738,1,139.67663893439,1,4.86795673606805,252,1,20.2169990539551,36.7379989624023,0.0186899993568659,0,134.692199707031,-85.4387,24.3388,123.230812815019,63,63,63,63,61,63,0,8521,1.64861680440262,24,-85,0.001869,51,2023-12-19 05:39:51.000593,252,1.037,0.0011,"aoml_navis",1027.12498715397
"7901009",20,0,1,0.01869,1,-0.003738,1,139.123704016619,1,4.86784709891083,254,1,20.1270008087158,36.7249984741211,0.0186899993568659,0,134.158996582031,-85.4387,24.3388,123.230812815019,63,63,63,63,61,63,0,8521,1.64861680440262,24,-85,0.001869,51,2023-12-19 05:39:51.000593,254,1.037,0.0011,"aoml_navis",1027.14812080247
"7901009",20,0,1,0.020559,1,-0.001869,1,138.413879512376,1,4.86776250468345,256,1,20.0620002746582,36.7140007019043,0.020558999851346,0,133.474502563477,-85.4387,24.3388,123.230812815019,63,63,63,63,61,63,0,8521,1.64861680440262,24,-85,0.001869,51,2023-12-19 05:39:51.000593,256,1.037,0.0011,"aoml_navis",1027.1659710574
"7901009",20,0,1,0.022428,1,0,1,137.570473375355,1,4.86762684601393,258,1,19.9370002746582,36.6959991455078,0.0224280003458261,0,132.661193847656,-85.4387,24.3388,123.230812815019,63,63,63,63,61,63,0,8521,1.64861680440262,24,-85,0.001869,51,2023-12-19 05:39:51.000593,258,1.037,0.0011,"aoml_navis",1027.19459773184
"7901009",20,0,1,0.020559,1,-0.001869,1,137.31838986531,1,4.86749882545605,260,1,19.8090000152588,36.6749992370605,0.020558999851346,0,132.418106079102,-85.4387,24.3388,123.230812815019,63,63,63,63,61,63,0,8521,1.64861680440262,24,-85,0.001869,51,2023-12-19 05:39:51.000593,260,1.037,0.0011,"aoml_navis",1027.22161407641
"7901009",20,0,1,0.020559,1,-0.001869,1,139.042814499116,1,4.86737072052401,262,1,19.6889991760254,36.6570014953613,0.020558999851346,0,134.080993652344,-85.4387,24.3388,123.230812815019,63,63,63,63,61,63,0,8521,1.64861680440262,24,-85,0.001869,51,2023-12-19 05:39:51.000593,262,1.037,0.0011,"aoml_navis",1027.24864964913
"7901009",20,0,1,0.016821,1,-0.005607,1,142.619042603953,1,4.8672581202918,264,1,19.6410007476807,36.6599998474121,0.0168210007250309,0,137.529602050781,-85.4387,24.3388,123.230812815019,63,63,63,63,61,63,0,8521,1.64861680440262,24,-85,0.001869,51,2023-12-19 05:39:51.000593,264,1.037,0.0011,"aoml_navis",1027.27241424793
"7901009",20,0,1,0.014952,1,-0.007476,1,144.719812363796,1,4.86715452490058,266,1,19.6229991912842,36.6710014343262,0.0149520002305508,0,139.555404663086,-85.4387,24.3388,123.230812815019,63,63,63,63,61,63,0,8521,1.64861680440262,24,-85,0.001869,51,2023-12-19 05:39:51.000593,266,1.037,0.0011,"aoml_navis",1027.29427932065
"7901009",20,0,1,0.014952,1,-0.007476,1,146.282268081098,1,4.86709821408786,268,1,19.6310005187988,36.6780014038086,0.0149520002305508,0,141.062103271484,-85.4387,24.3388,123.230812815019,63,63,63,63,61,63,0,8521,1.64861680440262,24,-85,0.001869,51,2023-12-19 05:39:51.000593,268,1.037,0.0011,"aoml_navis",1027.30616479599
"7901009",20,0,1,0.020559,1,-0.001869,1,147.147747942086,1,4.8669710106279,270,1,19.556999206543,36.6759986877441,0.020558999851346,0,141.896697998047,-85.4387,24.3388,123.230812815019,63,63,63,63,61,63,0,8521,1.64861680440262,24,-85,0.001869,51,2023-12-19 05:39:51.000593,270,1.037,0.0011,"aoml_navis",1027.33301453442
"7901009",20,0,1,0.020559,1,-0.001869,1,147.591801645079,1,4.86689507213206,272,1,19.5149993896484,36.6710014343262,0.020558999851346,0,142.324905395508,-85.4387,24.3388,123.230812815019,63,63,63,63,61,63,0,8521,1.64861680440262,24,-85,0.001869,51,2023-12-19 05:39:51.000593,272,1.037,0.0011,"aoml_navis",1027.34904408153
"7901009",20,0,1,0.014952,1,-0.007476,1,148.132599970532,1,4.86682220146802,274,1,19.4839992523193,36.6689987182617,0.0149520002305508,0,142.846405029297,-85.4387,24.3388,123.230812815019,63,63,63,63,61,63,0,8521,1.64861680440262,24,-85,0.001869,51,2023-12-19 05:39:51.000593,274,1.037,0.0011,"aoml_navis",1027.36442652288
"7901009",20,0,1,0.016821,1,-0.005607,1,148.610547520648,1,4.86676693589369,276,1,19.4669990539551,36.6669998168945,0.0168210007250309,0,143.30729675293,-85.4387,24.3388,123.230812815019,63,63,63,63,61,63,0,8521,1.64861680440262,24,-85,0.001869,51,2023-12-19 05:39:51.000593,276,1.037,0.0011,"aoml_navis",1027.37609297123
"7901009",20,0,1,0.01869,1,-0.003738,1,148.930466195313,1,4.86670932690871,278,1,19.451000213623,36.6660003662109,0.0186899993568659,0,143.615798950195,-85.4387,24.3388,123.230812815019,63,63,63,63,61,63,0,8521,1.64861680440262,24,-85,0.001869,51,2023-12-19 05:39:51.000593,278,1.037,0.0011,"aoml_navis",1027.38825439077
"7901009",20,0,1,0.016821,1,-0.005607,1,149.40977456282,1,4.86663776715142,280,1,19.4209995269775,36.6640014648438,0.0168210007250309,0,144.078002929688,-85.4387,24.3388,123.230812815019,63,63,63,63,61,63,0,8521,1.64861680440262,24,-85,0.001869,51,2023-12-19 05:39:51.000593,280,1.037,0.0011,"aoml_navis",1027.40336125872
"7901009",20,0,1,0.014952,1,-0.007476,1,149.581285024522,1,4.86658521461101,282,1,19.4090003967285,36.6629981994629,0.0149520002305508,0,144.243392944336,-85.4387,24.3388,123.230812815019,63,63,63,63,61,63,0,8521,1.64861680440262,24,-85,0.001869,51,2023-12-19 05:39:51.000593,282,1.037,0.0011,"aoml_navis",1027.41445582591
"7901009",20,0,1,0.014952,1,-0.007476,1,149.955762982511,1,4.86653877163788,284,1,19.3990001678467,36.6609992980957,0.0149520002305508,0,144.604507446289,-85.4387,24.3388,123.230812815019,63,63,63,63,61,63,0,8521,1.64861680440262,24,-85,0.001869,51,2023-12-19 05:39:51.000593,284,1.037,0.0011,"aoml_navis",1027.42426077851
"7901009",20,0,1,0.016821,1,-0.005607,1,150.464202336271,1,4.86648009649363,286,1,19.3850002288818,36.6609992980957,0.0168210007250309,0,145.094802856445,-85.4387,24.3388,123.230812815019,63,63,63,63,61,63,0,8521,1.64861680440262,24,-85,0.001869,51,2023-12-19 05:39:51.000593,286,1.037,0.0011,"aoml_navis",1027.4366484315
"7901009",20,0,1,0.016821,1,-0.005607,1,150.619651988062,1,4.86642002842234,288,1,19.367000579834,36.6599998474121,0.0168210007250309,0,145.244705200195,-85.4387,24.3388,123.230812815019,63,63,63,63,61,63,0,8521,1.64861680440262,24,-85,0.001869,51,2023-12-19 05:39:51.000593,288,1.037,0.0011,"aoml_navis",1027.4493304724
"7901009",20,0,1,0.016821,1,-0.005607,1,150.516767863882,1,4.8663608009371,290,1,19.3409996032715,36.6559982299805,0.0168210007250309,0,145.145492553711,-85.4387,24.3388,123.230812815019,63,63,63,63,61,63,0,8521,1.64861680440262,24,-85,0.001869,51,2023-12-19 05:39:51.000593,290,1.037,0.0011,"aoml_navis",1027.46183534874
"7901009",20,0,1,0.020559,1,-0.001869,1,150.554728339721,1,4.86628367150208,292,1,19.2919998168945,36.648998260498,0.020558999851346,0,145.182098388672,-85.4387,24.3388,123.230812815019,63,63,63,63,61,63,0,8521,1.64861680440262,24,-85,0.001869,51,2023-12-19 05:39:51.000593,292,1.037,0.0011,"aoml_navis",1027.47812037366
"7901009",20,0,1,0.01869,1,-0.003738,1,150.60480958442,1,4.86622338884848,294,1,19.2679996490479,36.6459999084473,0.0186899993568659,0,145.230392456055,-85.4387,24.3388,123.230812815019,63,63,63,63,61,63,0,8521,1.64861680440262,24,-85,0.001869,51,2023-12-19 05:39:51.000593,294,1.037,0.0011,"aoml_navis",1027.49084874691
"7901009",20,0,1,0.014952,1,-0.007476,1,150.516467218179,1,4.86616562452405,296,1,19.246000289917,36.6430015563965,0.0149520002305508,0,145.145202636719,-85.4387,24.3388,123.230812815019,63,63,63,63,61,63,0,8521,1.64861680440262,24,-85,0.001869,51,2023-12-19 05:39:51.000593,296,1.037,0.0011,"aoml_navis",1027.50304568374
"7901009",20,0,1,0.020559,1,-0.001869,1,150.241344753227,1,4.86609253297441,298,1,19.2029991149902,36.6370010375977,0.020558999851346,0,144.879898071289,-85.4387,24.3388,123.230812815019,63,63,63,63,61,63,0,8521,1.64861680440262,24,-85,0.001869,51,2023-12-19 05:39:51.000593,298,1.037,0.0011,"aoml_navis",1027.51847937913
"7901009",20,0,1,0.014952,1,-0.007476,1,149.976491712544,1,4.8660281046961,300,1,19.1639995574951,36.6300010681152,0.0149520002305508,0,144.624496459961,-85.4387,24.3388,123.230812815019,63,63,63,63,61,63,0,8521,1.64861680440262,24,-85,0.001869,51,2023-12-19 05:39:51.000593,300,1.037,0.0011,"aoml_navis",1027.5320841601
"7901009",20,0,1,0.016821,1,-0.005607,1,149.578595036655,1,4.86598412734858,302,1,19.1529998779297,36.6269989013672,0.0168210007250309,0,144.240798950195,-85.4387,24.3388,123.230812815019,63,63,63,63,61,63,0,8521,1.64861680440262,24,-85,0.001869,51,2023-12-19 05:39:51.000593,302,1.037,0.0011,"aoml_navis",1027.54137069585
"7901009",20,0,1,0.014952,1,-0.007476,1,149.239909740754,1,4.86592870128898,304,1,19.1270008087158,36.6220016479492,0.0149520002305508,0,143.914199829102,-85.4387,24.3388,123.230812815019,63,63,63,63,61,63,0,8521,1.64861680440262,24,-85,0.001869,51,2023-12-19 05:39:51.000593,304,1.037,0.0011,"aoml_navis",1027.55307505338
"7901009",20,0,1,0.020559,1,-0.001869,1,148.965309449918,1,4.86586958198797,306,1,19.0979995727539,36.617000579834,0.020558999851346,0,143.649398803711,-85.4387,24.3388,123.230812815019,63,63,63,63,61,63,0,8521,1.64861680440262,24,-85,0.001869,51,2023-12-19 05:39:51.000593,306,1.037,0.0011,"aoml_navis",1027.56555960903
"7901009",20,0,1,0.01869,1,-0.003738,1,149.247789822859,1,4.86579359538224,308,1,19.0349998474121,36.6049995422363,0.0186899993568659,0,143.921798706055,-85.4387,24.3388,123.230812815019,63,63,63,63,61,63,0,8521,1.64861680440262,24,-85,0.001869,51,2023-12-19 05:39:51.000593,308,1.037,0.0011,"aoml_navis",1027.58160657393
"7901009",20,0,1,0.011214,1,-0.011214,1,150.737963983831,1,4.86567322417681,310,1,18.9360008239746,36.5929985046387,0.0112140001729131,0,145.358795166016,-85.4387,24.3388,123.230812815019,63,63,63,63,61,63,0,8521,1.64861680440262,24,-85,0.001869,51,2023-12-19 05:39:51.000593,310,1.037,0.0011,"aoml_navis",1027.60702777074
"7901009",20,0,1,0.016821,1,-0.005607,1,151.350743219911,1,4.86556367781111,312,1,18.8659992218018,36.5880012512207,0.0168210007250309,0,145.94970703125,-85.4387,24.3388,123.230812815019,63,63,63,63,61,63,0,8521,1.64861680440262,24,-85,0.001869,51,2023-12-19 05:39:51.000593,312,1.037,0.0011,"aoml_navis",1027.6301639627
"7901009",20,0,1,0.020559,1,-0.001869,1,151.350221045796,1,4.86549859431736,314,1,18.8290004730225,36.5820007324219,0.020558999851346,0,145.949203491211,-85.4387,24.3388,123.230812815019,63,63,63,63,61,63,0,8521,1.64861680440262,24,-85,0.001869,51,2023-12-19 05:39:51.000593,314,1.037,0.0011,"aoml_navis",1027.64391008965
"7901009",20,0,1,0.014952,1,-0.007476,1,151.3581011279,1,4.86541617381538,316,1,18.7719993591309,36.5740013122559,0.0149520002305508,0,145.956802368164,-85.4387,24.3388,123.230812815019,63,63,63,63,61,63,0,8521,1.64861680440262,24,-85,0.001869,51,2023-12-19 05:39:51.000593,316,1.037,0.0011,"aoml_navis",1027.66131845184
"7901009",20,0,1,0.020559,1,-0.001869,1,151.452772877357,1,4.86534370354004,318,1,18.7229995727539,36.5660018920898,0.020558999851346,0,146.048095703125,-85.4387,24.3388,123.230812815019,63,63,63,63,61,63,0,8521,1.64861680440262,24,-85,0.001869,51,2023-12-19 05:39:51.000593,318,1.037,0.0011,"aoml_navis",1027.67662567436
"7901009",20,0,1,0.013083,1,-0.009345,1,151.459213024779,1,4.8652652733833,320,1,18.6720008850098,36.5589981079102,0.0130829997360706,0,146.054306030273,-85.4387,24.3388,123.230812815019,63,63,63,63,61,63,0,8521,1.64861680440262,24,-85,0.001869,51,2023-12-19 05:39:51.000593,320,1.037,0.0011,"aoml_navis",1027.69319226103
"7901009",20,0,1,0.011214,1,-0.011214,1,151.37675698493,1,4.86519186911307,322,1,18.6280002593994,36.5530014038086,0.0112140001729131,0,145.974792480469,-85.4387,24.3388,123.230812815019,63,63,63,63,61,63,0,8521,1.64861680440262,24,-85,0.001869,51,2023-12-19 05:39:51.000593,322,1.037,0.0011,"aoml_navis",1027.70869772737
"7901009",20,0,1,0.014952,1,-0.007476,1,151.214788068426,1,4.86513573248195,324,1,18.6009998321533,36.5480003356934,0.0149520002305508,0,145.818603515625,-85.4387,24.3388,123.230812815019,63,63,63,63,61,63,0,8521,1.64861680440262,24,-85,0.001869,51,2023-12-19 05:39:51.000593,324,1.037,0.0011,"aoml_navis",1027.72055599963
"7901009",20,0,1,0.01869,1,-0.003738,1,150.837525181822,1,4.86508829229062,326,1,18.5869998931885,36.5449981689453,0.0186899993568659,0,145.454803466797,-85.4387,24.3388,123.230812815019,63,63,63,63,61,63,0,8521,1.64861680440262,24,-85,0.001869,51,2023-12-19 05:39:51.000593,326,1.037,0.0011,"aoml_navis",1027.73057745389
"7901009",20,0,1,0.01869,1,-0.003738,1,150.399690097839,1,4.86504579116147,328,1,18.5799999237061,36.5429992675781,0.0186899993568659,0,145.032592773438,-85.4387,24.3388,123.230812815019,63,63,63,63,61,63,0,8521,1.64861680440262,24,-85,0.001869,51,2023-12-19 05:39:51.000593,328,1.037,0.0011,"aoml_navis",1027.73955572704
"7901009",20,0,1,0.01869,1,-0.003738,1,149.919764615468,1,4.86496141400105,330,1,18.5179996490479,36.5340003967285,0.0186899993568659,0,144.569793701172,-85.4387,24.3388,123.230812815019,63,63,63,63,61,63,0,8521,1.64861680440262,24,-85,0.001869,51,2023-12-19 05:39:51.000593,330,1.037,0.0011,"aoml_navis",1027.75738068761
"7901009",20,0,1,0.01869,1,-0.003738,1,149.381039163018,1,4.86488073519636,332,1,18.4500007629395,36.5219993591309,0.0186899993568659,0,144.05029296875,-85.4387,24.3388,123.230812815019,63,63,63,63,61,63,0,8521,1.64861680440262,24,-85,0.001869,51,2023-12-19 05:39:51.000593,332,1.037,0.0011,"aoml_navis",1027.77442493627
"7901009",20,0,1,0.016821,1,-0.005607,1,149.141187186039,1,4.86481368832434,334,1,18.4020004272461,36.5130004882812,0.0168210007250309,0,143.819000244141,-85.4387,24.3388,123.230812815019,63,63,63,63,61,63,0,8521,1.64861680440262,24,-85,0.001869,51,2023-12-19 05:39:51.000593,334,1.037,0.0011,"aoml_navis",1027.78858972546
"7901009",20,0,1,0.016821,1,-0.005607,1,148.645707244414,1,4.86474684193429,336,1,18.3659992218018,36.507999420166,0.0168210007250309,0,143.341201782227,-85.4387,24.3388,123.230812815019,63,63,63,63,61,63,0,8521,1.64861680440262,24,-85,0.001869,51,2023-12-19 05:39:51.000593,336,1.037,0.0011,"aoml_navis",1027.80271254813
"7901009",20,0,1,0.01869,1,-0.003738,1,148.440176347925,1,4.86464591091496,338,1,18.2719993591309,36.4930000305176,0.0186899993568659,0,143.143005371094,-85.4387,24.3388,123.230812815019,63,63,63,63,61,63,0,8521,1.64861680440262,24,-85,0.001869,51,2023-12-19 05:39:51.000593,338,1.037,0.0011,"aoml_navis",1027.82403726062
"7901009",20,0,1,0.016821,1,-0.005607,1,148.184659147486,1,4.86458284475749,340,1,18.2329998016357,36.4860000610352,0.0168210007250309,0,142.896606445312,-85.4387,24.3388,123.230812815019,63,63,63,63,61,63,0,8521,1.64861680440262,24,-85,0.001869,51,2023-12-19 05:39:51.000593,340,1.037,0.0011,"aoml_navis",1027.83736233179
"7901009",20,0,1,0.013083,1,-0.009345,1,148.36882837562,1,4.86448722832781,342,1,18.1580009460449,36.476001739502,0.0130829997360706,0,143.074203491211,-85.4387,24.3388,123.230812815019,63,63,63,63,61,63,0,8521,1.64861680440262,24,-85,0.001869,51,2023-12-19 05:39:51.000593,342,1.037,0.0011,"aoml_navis",1027.8575655175
"7901009",20,0,1,0.016821,1,-0.005607,1,148.273412923635,1,4.86443879695387,344,1,18.1459999084473,36.4739990234375,0.0168210007250309,0,142.982192993164,-85.4387,24.3388,123.230812815019,63,63,63,63,61,63,0,8521,1.64861680440262,24,-85,0.001869,51,2023-12-19 05:39:51.000593,344,1.037,0.0011,"aoml_navis",1027.86779908322
"7901009",20,0,1,0.016821,1,-0.005607,1,147.611296145385,1,4.86439518405053,346,1,18.1410007476807,36.4729995727539,0.0168210007250309,0,142.343704223633,-85.4387,24.3388,123.230812815019,63,63,63,63,61,63,0,8521,1.64861680440262,24,-85,0.001869,51,2023-12-19 05:39:51.000593,346,1.037,0.0011,"aoml_navis",1027.87701467884
"7901009",20,0,1,0.016821,1,-0.005607,1,146.562359111874,1,4.86430706806693,348,1,18.0659999847412,36.4609985351562,0.0168210007250309,0,141.33219909668,-85.4387,24.3388,123.230812815019,63,63,63,63,61,63,0,8521,1.64861680440262,24,-85,0.001869,51,2023-12-19 05:39:51.000593,348,1.037,0.0011,"aoml_navis",1027.89563447256
"7901009",20,0,1,0.020559,1,-0.001869,1,145.899498631096,1,4.86421206559148,350,1,17.9699993133545,36.4440002441406,0.020558999851346,0,140.692993164062,-85.4387,24.3388,123.230812815019,63,63,63,63,61,63,0,8521,1.64861680440262,24,-85,0.001869,51,2023-12-19 05:39:51.000593,350,1.037,0.0011,"aoml_navis",1027.91571020702
"7901009",20,0,1,0.013083,1,-0.009345,1,145.448403489275,1,4.8641067583729,352,1,17.8589992523193,36.4249992370605,0.0130829997360706,0,140.257995605469,-85.4387,24.3388,123.230812815019,63,63,63,63,61,63,0,8521,1.64861680440262,24,-85,0.001869,51,2023-12-19 05:39:51.000593,352,1.037,0.0011,"aoml_navis",1027.93796443575
"7901009",20,0,1,0.014952,1,-0.007476,1,145.71170583107,1,4.86397712068337,354,1,17.7180004119873,36.4029998779297,0.0149520002305508,0,140.511901855469,-85.4387,24.3388,123.230812815019,63,63,63,63,61,63,0,8521,1.64861680440262,24,-85,0.001869,51,2023-12-19 05:39:51.000593,354,1.037,0.0011,"aoml_navis",1027.96536166632
"7901009",20,0,1,0.014952,1,-0.007476,1,145.742086870508,1,4.86389388510046,356,1,17.6429996490479,36.3899993896484,0.0149520002305508,0,140.541198730469,-85.4387,24.3388,123.230812815019,63,63,63,63,61,63,0,8521,1.64861680440262,24,-85,0.001869,51,2023-12-19 05:39:51.000593,356,1.037,0.0011,"aoml_navis",1027.98295318828
"7901009",20,0,1,0.016821,1,-0.005607,1,145.934974824023,1,4.86378131679272,358,1,17.5429992675781,36.3769989013672,0.0168210007250309,0,140.727203369141,-85.4387,24.3388,123.230812815019,63,63,63,63,61,63,0,8521,1.64861680440262,24,-85,0.001869,51,2023-12-19 05:39:51.000593,358,1.037,0.0011,"aoml_navis",1028.00674502716
"7901009",20,0,1,0.014952,1,-0.007476,1,145.8456830503,1,4.86369724732945,360,1,17.4729995727539,36.3660011291504,0.0149520002305508,0,140.641098022461,-85.4387,24.3388,123.230812815019,63,63,63,63,61,63,0,8521,1.64861680440262,24,-85,0.001869,51,2023-12-19 05:39:51.000593,360,1.037,0.0011,"aoml_navis",1028.0245142202
"7901009",20,0,1,0.01869,1,-0.003738,1,145.609343881006,1,4.86361465072049,362,1,17.4009990692139,36.3540000915527,0.0186899993568659,0,140.413192749023,-85.4387,24.3388,123.230812815019,63,63,63,63,61,63,0,8521,1.64861680440262,24,-85,0.001869,51,2023-12-19 05:39:51.000593,362,1.037,0.0011,"aoml_navis",1028.04197270425
"7901009",20,0,1,0.016821,1,-0.005607,1,145.210307916138,1,4.86352777079441,364,1,17.3190002441406,36.3400001525879,0.0168210007250309,0,140.028396606445,-85.4387,24.3388,123.230812815019,63,63,63,63,61,63,0,8521,1.64861680440262,24,-85,0.001869,51,2023-12-19 05:39:51.000593,364,1.037,0.0011,"aoml_navis",1028.06033719497
"7901009",20,0,1,0.014952,1,-0.007476,1,144.867271169276,1,4.8633975879727,366,1,17.17799949646,36.3190002441406,0.0149520002305508,0,139.697601318359,-85.4387,24.3388,123.230812815019,63,63,63,63,61,63,0,8521,1.64861680440262,24,-85,0.001869,51,2023-12-19 05:39:51.000593,366,1.037,0.0011,"aoml_navis",1028.0878561862
"7901009",20,0,1,0.016821,1,-0.005607,1,144.463250815126,1,4.86329425969332,368,1,17.0750007629395,36.3030014038086,0.0168210007250309,0,139.307998657227,-85.4387,24.3388,123.230812815019,63,63,63,63,61,63,0,8521,1.64861680440262,24,-85,0.001869,51,2023-12-19 05:39:51.000593,368,1.037,0.0011,"aoml_navis",1028.10969951781
"7901009",20,0,1,0.020559,1,-0.001869,1,144.165421687886,1,4.86320049846959,370,1,16.9829998016357,36.2879981994629,0.020558999851346,0,139.020797729492,-85.4387,24.3388,123.230812815019,63,63,63,63,61,63,0,8521,1.64861680440262,24,-85,0.001869,51,2023-12-19 05:39:51.000593,370,1.037,0.0011,"aoml_navis",1028.12952120182
"7901009",20,0,1,0.01869,1,-0.003738,1,144.152050865842,1,4.86311683761941,372,1,16.9120006561279,36.2770004272461,0.0186899993568659,0,139.007904052734,-85.4387,24.3388,123.230812815019,63,63,63,63,61,63,0,8521,1.64861680440262,24,-85,0.001869,51,2023-12-19 05:39:51.000593,372,1.037,0.0011,"aoml_navis",1028.14720825165
"7901009",20,0,1,0.01869,1,-0.003738,1,144.09771311093,1,4.86307383032783,374,1,16.8980007171631,36.2729988098145,0.0186899993568659,0,138.955505371094,-85.4387,24.3388,123.230812815019,63,63,63,63,61,63,0,8521,1.64861680440262,24,-85,0.001869,51,2023-12-19 05:39:51.000593,374,1.037,0.0011,"aoml_navis",1028.15630081909
"7901009",20,0,1,0.020559,1,-0.001869,1,143.926392530725,1,4.86303297028892,376,1,16.8889999389648,36.2700004577637,0.020558999851346,0,138.790298461914,-85.4387,24.3388,123.230812815019,63,63,63,63,61,63,0,8521,1.64861680440262,24,-85,0.001869,51,2023-12-19 05:39:51.000593,376,1.037,0.0011,"aoml_navis",1028.16493956506
"7901009",20,0,1,0.014952,1,-0.007476,1,143.702822892069,1,4.86295121664745,378,1,16.8320007324219,36.2630004882812,0.0149520002305508,0,138.57470703125,-85.4387,24.3388,123.230812815019,63,63,63,63,61,63,0,8521,1.64861680440262,24,-85,0.001869,51,2023-12-19 05:39:51.000593,378,1.037,0.0011,"aoml_navis",1028.18222458893
"7901009",20,0,1,0.014952,1,-0.007476,1,143.498636989513,1,4.86287453076582,380,1,16.7730007171631,36.2540016174316,0.0149520002305508,0,138.377807617188,-85.4387,24.3388,123.230812815019,63,63,63,63,61,63,0,8521,1.64861680440262,24,-85,0.001869,51,2023-12-19 05:39:51.000593,380,1.037,0.0011,"aoml_navis",1028.1984386738
"7901009",20,0,1,0.01869,1,-0.003738,1,143.153717251145,1,4.86282009059035,382,1,16.7490005493164,36.25,0.0186899993568659,0,138.045196533203,-85.4387,24.3388,123.230812815019,63,63,63,63,61,63,0,8521,1.64861680440262,24,-85,0.001869,51,2023-12-19 05:39:51.000593,382,1.037,0.0011,"aoml_navis",1028.20994954658
"7901009",20,0,1,0.016821,1,-0.005607,1,142.94362919874,1,4.86276929349221,384,1,16.7250003814697,36.2449989318848,0.0168210007250309,0,137.84260559082,-85.4387,24.3388,123.230812815019,63,63,63,63,61,63,0,8521,1.64861680440262,24,-85,0.001869,51,2023-12-19 05:39:51.000593,384,1.037,0.0011,"aoml_navis",1028.22069035672
"7901009",20,0,1,0.020559,1,-0.001869,1,142.572996341055,1,4.86272353868528,386,1,16.7180004119873,36.2439994812012,0.020558999851346,0,137.485198974609,-85.4387,24.3388,123.230812815019,63,63,63,63,61,63,0,8521,1.64861680440262,24,-85,0.001869,51,2023-12-19 05:39:51.000593,386,1.037,0.0011,"aoml_navis",1028.23036518992
"7901009",20,0,1,0.016821,1,-0.005607,1,142.117850393976,1,4.86267179920541,388,1,16.6900005340576,36.2379989624023,0.0168210007250309,0,137.046295166016,-85.4387,24.3388,123.230812815019,63,63,63,63,61,63,0,8521,1.64861680440262,24,-85,0.001869,51,2023-12-19 05:39:51.000593,388,1.037,0.0011,"aoml_navis",1028.24130569886
"7901009",20,0,1,0.016821,1,-0.005607,1,141.95048567828,1,4.86258871035321,389.899993896484,1,16.617000579834,36.2270011901855,0.0168210007250309,0,136.884902954102,-85.4387,24.3388,123.230812815019,63,63,63,63,61,63,0,8521,1.64861680440262,24,-85,0.001869,51,2023-12-19 05:39:51.000593,389.899993896484,1.037,0.0011,"aoml_navis",1028.25887563845
"7901009",20,0,1,0.016821,1,-0.005607,1,141.824483481903,1,4.86251710276431,392,1,16.5669994354248,36.2190017700195,0.0168210007250309,0,136.763397216797,-85.4387,24.3388,123.230812815019,63,63,63,63,61,63,0,8521,1.64861680440262,24,-85,0.001869,51,2023-12-19 05:39:51.000593,392,1.037,0.0011,"aoml_navis",1028.27401823585
"7901009",20,0,1,0.014952,1,-0.007476,1,141.452204984582,1,4.8624696966829,394,1,16.548999786377,36.2150001525879,0.0149520002305508,0,136.404403686523,-85.4387,24.3388,123.230812815019,63,63,63,63,61,63,0,8521,1.64861680440262,24,-85,0.001869,51,2023-12-19 05:39:51.000593,394,1.037,0.0011,"aoml_navis",1028.28404327351
"7901009",20,0,1,0.014952,1,-0.007476,1,140.676206778814,1,4.86241699441424,396,1,16.5200004577637,36.2089996337891,0.0149520002305508,0,135.656097412109,-85.4387,24.3388,123.230812815019,63,63,63,63,61,63,0,8521,1.64861680440262,24,-85,0.001869,51,2023-12-19 05:39:51.000593,396,1.037,0.0011,"aoml_navis",1028.29518853357
"7901009",20,0,1,0.016821,1,-0.005607,1,140.225839516062,1,4.8623279945322,398,1,16.4400005340576,36.1969985961914,0.0168210007250309,0,135.221801757812,-85.4387,24.3388,123.230812815019,63,63,63,63,61,63,0,8521,1.64861680440262,24,-85,0.001869,51,2023-12-19 05:39:51.000593,398,1.037,0.0011,"aoml_navis",1028.31401041283
"7901009",20,0,1,0.01869,1,-0.003738,1,139.653520862192,1,4.86225809438344,400,1,16.382999420166,36.1870002746582,0.0186899993568659,0,134.669906616211,-85.4387,24.3388,123.230812815019,63,63,63,63,61,63,0,8521,1.64861680440262,24,-85,0.001869,51,2023-12-19 05:39:51.000593,400,1.037,0.0011,"aoml_navis",1028.32879352408
"7901009",20,0,1,0.016821,1,-0.005607,1,138.538520891362,1,4.86218740265958,402.100006103516,1,16.3269996643066,36.1769981384277,0.0168210007250309,0,133.594696044922,-85.4387,24.3388,123.230812815019,63,63,63,63,61,63,0,8521,1.64861680440262,24,-85,0.001869,51,2023-12-19 05:39:51.000593,402.100006103516,1.037,0.0011,"aoml_navis",1028.34374447703
"7901009",20,0,1,0.016821,1,-0.005607,1,138.083691413444,1,4.86206399046256,404,1,16.181999206543,36.1549987792969,0.0168210007250309,0,133.156097412109,-85.4387,24.3388,123.230812815019,63,63,63,63,61,63,0,8521,1.64861680440262,24,-85,0.001869,51,2023-12-19 05:39:51.000593,404,1.037,0.0011,"aoml_navis",1028.36984659355
"7901009",20,0,1,0.022428,1,0,1,137.696586335939,1,4.86200368152286,406,1,16.132999420166,36.1450004577637,0.0224280003458261,0,132.782806396484,-85.4387,24.3388,123.230812815019,63,63,63,63,61,63,0,8521,1.64861680440262,24,-85,0.001869,51,2023-12-19 05:39:51.000593,406,1.037,0.0011,"aoml_navis",1028.38260262977
"7901009",20,0,1,0.020559,1,-0.001869,1,137.289765229715,1,4.86192775972562,408,1,16.0699996948242,36.1349983215332,0.020558999851346,0,132.390502929688,-85.4387,24.3388,123.230812815019,63,63,63,63,61,63,0,8521,1.64861680440262,24,-85,0.001869,51,2023-12-19 05:39:51.000593,408,1.037,0.0011,"aoml_navis",1028.39866141536
"7901009",20,0,1,0.022428,1,0,1,136.983644610462,1,4.86185956003218,410,1,16.0170001983643,36.1259994506836,0.0224280003458261,0,132.095306396484,-85.4387,24.3388,123.230812815019,63,63,63,63,61,63,0,8521,1.64861680440262,24,-85,0.001869,51,2023-12-19 05:39:51.000593,410,1.037,0.0011,"aoml_navis",1028.41308726879
"7901009",20,0,1,0.016821,1,-0.005607,1,136.78661091094,1,4.86179177900272,412,1,15.9739999771118,36.1199989318848,0.0168210007250309,0,131.905303955078,-85.4387,24.3388,123.230812815019,63,63,63,63,61,63,0,8521,1.64861680440262,24,-85,0.001869,51,2023-12-19 05:39:51.000593,412,1.037,0.0011,"aoml_navis",1028.42742496587
"7901009",20,0,1,0.016821,1,-0.005607,1,136.578484967332,1,4.86172377748205,414,1,15.9209995269775,36.1110000610352,0.0168210007250309,0,131.704605102539,-85.4387,24.3388,123.230812815019,63,63,63,63,61,63,0,8521,1.64861680440262,24,-85,0.001869,51,2023-12-19 05:39:51.000593,414,1.037,0.0011,"aoml_navis",1028.44180970511
"7901009",20,0,1,0.01869,1,-0.003738,1,136.350231585097,1,4.86166089759682,416,1,15.878999710083,36.1040000915527,0.0186899993568659,0,131.484497070312,-85.4387,24.3388,123.230812815019,63,63,63,63,61,63,0,8521,1.64861680440262,24,-85,0.001869,51,2023-12-19 05:39:51.000593,416,1.037,0.0011,"aoml_navis",1028.45511139445
"7901009",20,0,1,0.020559,1,-0.001869,1,136.052402457857,1,4.8616097662152,418,1,15.8540000915527,36.0989990234375,0.020558999851346,0,131.197296142578,-85.4387,24.3388,123.230812815019,63,63,63,63,61,63,0,8521,1.64861680440262,24,-85,0.001869,51,2023-12-19 05:39:51.000593,418,1.037,0.0011,"aoml_navis",1028.46592804435
"7901009",20,0,1,0.020559,1,-0.001869,1,135.773862125969,1,4.86155115491287,420,1,15.8190002441406,36.0929985046387,0.020558999851346,0,130.928695678711,-85.4387,24.3388,123.230812815019,63,63,63,63,61,63,0,8521,1.64861680440262,24,-85,0.001869,51,2023-12-19 05:39:51.000593,420,1.037,0.0011,"aoml_navis",1028.478327323
"7901009",20,0,1,0.020559,1,-0.001869,1,135.551953950407,1,4.86150726796708,422,1,15.8070001602173,36.0900001525879,0.020558999851346,0,130.714706420898,-85.4387,24.3388,123.230812815019,63,63,63,63,61,63,0,8521,1.64861680440262,24,-85,0.001869,51,2023-12-19 05:39:51.000593,422,1.037,0.0011,"aoml_navis",1028.48761184529
"7901009",20,0,1,0.020559,1,-0.001869,1,135.262004905272,1,4.86144953468737,424,1,15.7760000228882,36.0849990844727,0.020558999851346,0,130.435104370117,-85.4387,24.3388,123.230812815019,63,63,63,63,61,63,0,8521,1.64861680440262,24,-85,0.001869,51,2023-12-19 05:39:51.000593,424,1.037,0.0011,"aoml_navis",1028.49982589021
"7901009",20,0,1,0.022428,1,0,1,135.048688867426,1,4.86136431688254,426,1,15.6940002441406,36.0719985961914,0.0224280003458261,0,130.229400634766,-85.4387,24.3388,123.230812815019,63,63,63,63,61,63,0,8521,1.64861680440262,24,-85,0.001869,51,2023-12-19 05:39:51.000593,426,1.037,0.0011,"aoml_navis",1028.51785508772
"7901009",20,0,1,0.016821,1,-0.005607,1,134.991344655487,1,4.86127164328616,428,1,15.6049995422363,36.0589981079102,0.0168210007250309,0,130.174102783203,-85.4387,24.3388,123.230812815019,63,63,63,63,61,63,0,8521,1.64861680440262,24,-85,0.001869,51,2023-12-19 05:39:51.000593,428,1.037,0.0011,"aoml_navis",1028.53746239535
"7901009",20,0,1,0.01869,1,-0.003738,1,134.914078709875,1,4.86121666200839,430,1,15.5729999542236,36.0530014038086,0.0186899993568659,0,130.099594116211,-85.4387,24.3388,123.230812815019,63,63,63,63,61,63,0,8521,1.64861680440262,24,-85,0.001869,51,2023-12-19 05:39:51.000593,430,1.037,0.0011,"aoml_navis",1028.54909534813
"7901009",20,0,1,0.020559,1,-0.001869,1,134.663862367879,1,4.86116439324339,432,1,15.5500001907349,36.048999786377,0.020558999851346,0,129.858306884766,-85.4387,24.3388,123.230812815019,63,63,63,63,61,63,0,8521,1.64861680440262,24,-85,0.001869,51,2023-12-19 05:39:51.000593,432,1.037,0.0011,"aoml_navis",1028.56015463077
"7901009",20,0,1,0.01869,1,-0.003738,1,134.445767645706,1,4.86111389408336,434,1,15.5220003128052,36.0429992675781,0.0186899993568659,0,129.647994995117,-85.4387,24.3388,123.230812815019,63,63,63,63,61,63,0,8521,1.64861680440262,24,-85,0.001869,51,2023-12-19 05:39:51.000593,434,1.037,0.0011,"aoml_navis",1028.57083971756
"7901009",20,0,1,0.016821,1,-0.005607,1,134.263054175711,1,4.86105199034029,436,1,15.4770002365112,36.0349998474121,0.0168210007250309,0,129.471801757812,-85.4387,24.3388,123.230812815019,63,63,63,63,61,63,0,8521,1.64861680440262,24,-85,0.001869,51,2023-12-19 05:39:51.000593,436,1.037,0.0011,"aoml_navis",1028.58393819606
"7901009",20,0,1,0.016821,1,-0.005607,1,133.850220155432,1,4.86099489032501,438,1,15.4329996109009,36.0260009765625,0.0168210007250309,0,129.073699951172,-85.4387,24.3388,123.230812815019,63,63,63,63,61,63,0,8521,1.64861680440262,24,-85,0.001869,51,2023-12-19 05:39:51.000593,438,1.037,0.0011,"aoml_navis",1028.59602052898
"7901009",20,0,1,0.020559,1,-0.001869,1,133.130648401036,1,4.86090201655032,440,1,15.3330001831055,36.0099983215332,0.020558999851346,0,128.379806518555,-85.4387,24.3388,123.230812815019,63,63,63,63,61,63,0,8521,1.64861680440262,24,-85,0.001869,51,2023-12-19 05:39:51.000593,440,1.037,0.0011,"aoml_navis",1028.61567317672
"7901009",20,0,1,0.020559,1,-0.001869,1,132.722996563266,1,4.86078311630686,442,1,15.1820001602173,35.9860000610352,0.020558999851346,0,127.986701965332,-85.4387,24.3388,123.230812815019,63,63,63,63,61,63,0,8521,1.64861680440262,24,-85,0.001869,51,2023-12-19 05:39:51.000593,442,1.037,0.0011,"aoml_navis",1028.64083427753
"7901009",20,0,1,0.020559,1,-0.001869,1,132.326444881311,1,4.86070237037153,444,1,15.1090002059937,35.9749984741211,0.020558999851346,0,127.604301452637,-85.4387,24.3388,123.230812815019,63,63,63,63,61,63,0,8521,1.64861680440262,24,-85,0.001869,51,2023-12-19 05:39:51.000593,444,1.037,0.0011,"aoml_navis",1028.65792204797
"7901009",20,0,1,0.022428,1,0,1,132.03193076853,1,4.8606293929871,446,1,15.0430002212524,35.9640007019043,0.0224280003458261,0,127.320297241211,-85.4387,24.3388,123.230812815019,63,63,63,63,61,63,0,8521,1.64861680440262,24,-85,0.001869,51,2023-12-19 05:39:51.000593,446,1.037,0.0011,"aoml_navis",1028.67336629573
"7901009",20,0,1,0.020559,1,-0.001869,1,131.689305431577,1,4.86056052412737,448,1,14.9840002059937,35.9539985656738,0.020558999851346,0,126.989898681641,-85.4387,24.3388,123.230812815019,63,63,63,63,61,63,0,8521,1.64861680440262,24,-85,0.001869,51,2023-12-19 05:39:51.000593,448,1.037,0.0011,"aoml_navis",1028.68794147927
"7901009",20,0,1,0.014952,1,-0.007476,1,131.339211422429,1,4.86049326079289,450,1,14.9230003356934,35.943000793457,0.0149520002305508,0,126.652297973633,-85.4387,24.3388,123.230812815019,63,63,63,63,61,63,0,8521,1.64861680440262,24,-85,0.001869,51,2023-12-19 05:39:51.000593,450,1.037,0.0011,"aoml_navis",1028.70217727333
"7901009",20,0,1,0.016821,1,-0.005607,1,131.001981884668,1,4.86042534079644,452,1,14.8680000305176,35.9339981079102,0.0168210007250309,0,126.327102661133,-85.4387,24.3388,123.230812815019,63,63,63,63,61,63,0,8521,1.64861680440262,24,-85,0.001869,51,2023-12-19 05:39:51.000593,452,1.037,0.0011,"aoml_navis",1028.71655244491
"7901009",20,0,1,0.01869,1,-0.003738,1,130.663502293722,1,4.86036115961738,454,1,14.8129997253418,35.923999786377,0.0186899993568659,0,126.000701904297,-85.4387,24.3388,123.230812815019,63,63,63,63,61,63,0,8521,1.64861680440262,24,-85,0.001869,51,2023-12-19 05:39:51.000593,454,1.037,0.0011,"aoml_navis",1028.73013667026
"7901009",20,0,1,0.01869,1,-0.003738,1,130.123534699816,1,4.86028685088825,456,1,14.7449998855591,35.9129981994629,0.0186899993568659,0,125.480003356934,-85.4387,24.3388,123.230812815019,63,63,63,63,61,63,0,8521,1.64861680440262,24,-85,0.001869,51,2023-12-19 05:39:51.000593,456,1.037,0.0011,"aoml_navis",1028.74586488372
"7901009",20,0,1,0.020559,1,-0.001869,1,129.857431605947,1,4.86020080511289,458,1,14.6590003967285,35.9000015258789,0.020558999851346,0,125.22339630127,-85.4387,24.3388,123.230812815019,63,63,63,63,61,63,0,8521,1.64861680440262,24,-85,0.001869,51,2023-12-19 05:39:51.000593,458,1.037,0.0011,"aoml_navis",1028.76407796568
"7901009",20,0,1,0.020559,1,-0.001869,1,129.639977733824,1,4.86013347209187,460,1,14.6040000915527,35.890998840332,0.020558999851346,0,125.013702392578,-85.4387,24.3388,123.230812815019,63,63,63,63,61,63,0,8521,1.64861680440262,24,-85,0.001869,51,2023-12-19 05:39:51.000593,460,1.037,0.0011,"aoml_navis",1028.77833061814
"7901009",20,0,1,0.022428,1,0,1,129.38393835927,1,4.86006018422468,462,1,14.5329999923706,35.8790016174316,0.0224280003458261,0,124.766799926758,-85.4387,24.3388,123.230812815019,63,63,63,63,61,63,0,8521,1.64861680440262,24,-85,0.001869,51,2023-12-19 05:39:51.000593,462,1.037,0.0011,"aoml_navis",1028.79384420579
"7901009",20,0,1,0.020559,1,-0.001869,1,129.103839416764,1,4.85998183437812,464,1,14.4569997787476,35.867000579834,0.020558999851346,0,124.496696472168,-85.4387,24.3388,123.230812815019,63,63,63,63,61,63,0,8521,1.64861680440262,24,-85,0.001869,51,2023-12-19 05:39:51.000593,464,1.037,0.0011,"aoml_navis",1028.81042983153
"7901009",20,0,1,0.020559,1,-0.001869,1,129.073355524849,1,4.85990198879325,466,1,14.3690004348755,35.8520011901855,0.020558999851346,0,124.467300415039,-85.4387,24.3388,123.230812815019,63,63,63,63,61,63,0,8521,1.64861680440262,24,-85,0.001869,51,2023-12-19 05:39:51.000593,466,1.037,0.0011,"aoml_navis",1028.82733263547
"7901009",20,0,1,0.01869,1,-0.003738,1,128.844587880227,1,4.8598491358513,468,1,14.3409996032715,35.8470001220703,0.0186899993568659,0,124.246696472168,-85.4387,24.3388,123.230812815019,63,63,63,63,61,63,0,8521,1.64861680440262,24,-85,0.001869,51,2023-12-19 05:39:51.000593,468,1.037,0.0011,"aoml_navis",1028.8385215736
"7901009",20,0,1,0.020559,1,-0.001869,1,128.664564398099,1,4.85979421221274,470,1,14.3109998703003,35.8419990539551,0.020558999851346,0,124.073097229004,-85.4387,24.3388,123.230812815019,63,63,63,63,61,63,0,8521,1.64861680440262,24,-85,0.001869,51,2023-12-19 05:39:51.000593,470,1.037,0.0011,"aoml_navis",1028.8501491349
"7901009",20,0,1,0.01869,1,-0.003738,1,128.521567807787,1,4.85972184050129,472,1,14.2469997406006,35.8320007324219,0.0186899993568659,0,123.935203552246,-85.4387,24.3388,123.230812815019,63,63,63,63,61,63,0,8521,1.64861680440262,24,-85,0.001869,51,2023-12-19 05:39:51.000593,472,1.037,0.0011,"aoml_navis",1028.86547092667
"7901009",20,0,1,0.022428,1,0,1,128.54406876512,1,4.85965282113931,474,1,14.1929998397827,35.8240013122559,0.0224280003458261,0,123.956901550293,-85.4387,24.3388,123.230812815019,63,63,63,63,61,63,0,8521,1.64861680440262,24,-85,0.001869,51,2023-12-19 05:39:51.000593,474,1.037,0.0011,"aoml_navis",1028.88008341876
"7901009",20,0,1,0.020559,1,-0.001869,1,128.50466044287,1,4.85959126112509,476,1,14.1529998779297,35.818000793457,0.020558999851346,0,123.918899536133,-85.4387,24.3388,123.230812815019,63,63,63,63,61,63,0,8521,1.64861680440262,24,-85,0.001869,51,2023-12-19 05:39:51.000593,476,1.037,0.0011,"aoml_navis",1028.89311699898
"7901009",20,0,1,0.024297,1,0.001869,1,128.433628939726,1,4.85954806303399,478,1,14.1409997940063,35.814998626709,0.0242970008403063,0,123.850402832031,-85.4387,24.3388,123.230812815019,63,63,63,63,61,63,0,8521,1.64861680440262,24,-85,0.001869,51,2023-12-19 05:39:51.000593,478,1.037,0.0011,"aoml_navis",1028.90226316196
"7901009",20,0,1,0.020559,1,-0.001869,1,128.163277247374,1,4.8595017274755,480,1,14.1260004043579,35.8120002746582,0.020558999851346,0,123.589698791504,-85.4387,24.3388,123.230812815019,63,63,63,63,61,63,0,8521,1.64861680440262,24,-85,0.001869,51,2023-12-19 05:39:51.000593,480,1.037,0.0011,"aoml_navis",1028.9120737894
"7901009",20,0,1,0.020559,1,-0.001869,1,127.859538058555,1,4.85944651688823,482,1,14.0920000076294,35.8059997558594,0.020558999851346,0,123.296798706055,-85.4387,24.3388,123.230812815019,63,63,63,63,61,63,0,8521,1.64861680440262,24,-85,0.001869,51,2023-12-19 05:39:51.000593,482,1.037,0.0011,"aoml_navis",1028.92376377089
"7901009",20,0,1,0.020559,1,-0.001869,1,127.508304760429,1,4.85938717296525,484,1,14.039999961853,35.7960014343262,0.020558999851346,0,122.958099365234,-85.4387,24.3388,123.230812815019,63,63,63,63,61,63,0,8521,1.64861680440262,24,-85,0.001869,51,2023-12-19 05:39:51.000593,484,1.037,0.0011,"aoml_navis",1028.93632921802
"7901009",20,0,1,0.01869,1,-0.003738,1,127.088009979683,1,4.85931861778793,486,1,13.9790000915527,35.7859992980957,0.0186899993568659,0,122.552803039551,-85.4387,24.3388,123.230812815019,63,63,63,63,61,63,0,8521,1.64861680440262,24,-85,0.001869,51,2023-12-19 05:39:51.000593,486,1.037,0.0011,"aoml_navis",1028.95084543275
"7901009",20,0,1,0.020559,1,-0.001869,1,126.672066649899,1,4.85923935887411,488,1,13.9040002822876,35.7750015258789,0.020558999851346,0,122.151702880859,-85.4387,24.3388,123.230812815019,63,63,63,63,61,63,0,8521,1.64861680440262,24,-85,0.001869,51,2023-12-19 05:39:51.000593,488,1.037,0.0011,"aoml_navis",1028.96762862048
"7901009",20,0,1,0.024297,1,0.001869,1,126.215370003932,1,4.85916756325292,490,1,13.8360004425049,35.7639999389648,0.0242970008403063,0,121.711303710938,-85.4387,24.3388,123.230812815019,63,63,63,63,61,63,0,8521,1.64861680440262,24,-85,0.001869,51,2023-12-19 05:39:51.000593,490,1.037,0.0011,"aoml_navis",1028.98283191798
"7901009",20,0,1,0.01869,1,-0.003738,1,125.925215253842,1,4.85908987074342,492,1,13.7550001144409,35.7509994506836,0.0186899993568659,0,121.431503295898,-85.4387,24.3388,123.230812815019,63,63,63,63,61,63,0,8521,1.64861680440262,24,-85,0.001869,51,2023-12-19 05:39:51.000593,492,1.037,0.0011,"aoml_navis",1028.99928443493
"7901009",20,0,1,0.020559,1,-0.001869,1,125.492261706664,1,4.85903879701029,494,1,13.7209997177124,35.7439994812012,0.020558999851346,0,121.013999938965,-85.4387,24.3388,123.230812815019,63,63,63,63,61,63,0,8521,1.64861680440262,24,-85,0.001869,51,2023-12-19 05:39:51.000593,494,1.037,0.0011,"aoml_navis",1029.01010032611
"7901009",20,0,1,0.020559,1,-0.001869,1,125.176496689735,1,4.858952859977,496,1,13.6280002593994,35.7299995422363,0.020558999851346,0,120.709503173828,-85.4387,24.3388,123.230812815019,63,63,63,63,61,63,0,8521,1.64861680440262,24,-85,0.001869,51,2023-12-19 05:39:51.000593,496,1.037,0.0011,"aoml_navis",1029.0282997361
"7901009",20,0,1,0.022428,1,0,1,125.025192783951,1,4.85887571365281,498,1,13.5539999008179,35.7190017700195,0.0224280003458261,0,120.563598632812,-85.4387,24.3388,123.230812815019,63,63,63,63,61,63,0,8521,1.64861680440262,24,-85,0.001869,51,2023-12-19 05:39:51.000593,498,1.037,0.0011,"aoml_navis",1029.04463803234
"7901009",20,0,1,0.024297,1,0.001869,1,125.004661847143,1,4.85880202428015,500,1,13.4759998321533,35.7060012817383,0.0242970008403063,0,120.543800354004,-85.4387,24.3388,123.230812815019,63,63,63,63,61,63,0,8521,1.64861680440262,24,-85,0.001869,51,2023-12-19 05:39:51.000593,500,1.037,0.0011,"aoml_navis",1029.06024468876
"7901009",20,0,1,0.020559,1,-0.001869,1,124.877631125994,1,4.85874912543369,502,1,13.4469995498657,35.701000213623,0.020558999851346,0,120.42130279541,-85.4387,24.3388,123.230812815019,63,63,63,63,61,63,0,8521,1.64861680440262,24,-85,0.001869,51,2023-12-19 05:39:51.000593,502,1.037,0.0011,"aoml_navis",1029.071448416
"7901009",20,0,1,0.024297,1,0.001869,1,124.680803131427,1,4.85869768823338,504,1,13.4230003356934,35.6969985961914,0.0242970008403063,0,120.231498718262,-85.4387,24.3388,123.230812815019,63,63,63,63,61,63,0,8521,1.64861680440262,24,-85,0.001869,51,2023-12-19 05:39:51.000593,504,1.037,0.0011,"aoml_navis",1029.08234280738
"7901009",20,0,1,0.024297,1,0.001869,1,124.635176190167,1,4.85862925126815,506,1,13.3570003509521,35.6860008239746,0.0242970008403063,0,120.1875,-85.4387,24.3388,123.230812815019,63,63,63,63,61,63,0,8521,1.64861680440262,24,-85,0.001869,51,2023-12-19 05:39:51.000593,506,1.037,0.0011,"aoml_navis",1029.09683810407
"7901009",20,0,1,0.024297,1,0.001869,1,124.617960267818,1,4.85855776234958,508,1,13.2950000762939,35.6769981384277,0.0242970008403063,0,120.1708984375,-85.4387,24.3388,123.230812815019,63,63,63,63,61,63,0,8521,1.64861680440262,24,-85,0.001869,51,2023-12-19 05:39:51.000593,508,1.037,0.0011,"aoml_navis",1029.11198025605
"7901009",20,0,1,0.01869,1,-0.003738,1,124.38028401632,1,4.85850986193992,510,1,13.2779998779297,35.673999786377,0.0186899993568659,0,119.941703796387,-85.4387,24.3388,123.230812815019,63,63,63,63,61,63,0,8521,1.64861680440262,24,-85,0.001869,51,2023-12-19 05:39:51.000593,510,1.037,0.0011,"aoml_navis",1029.12212634752
"7901009",20,0,1,0.020559,1,-0.001869,1,124.31826397253,1,4.85845176854808,512,1,13.2399997711182,35.6679992675781,0.020558999851346,0,119.881896972656,-85.4387,24.3388,123.230812815019,63,63,63,63,61,63,0,8521,1.64861680440262,24,-85,0.001869,51,2023-12-19 05:39:51.000593,512,1.037,0.0011,"aoml_navis",1029.13443174804
"7901009",20,0,1,0.022428,1,0,1,124.266212707305,1,4.85838118814179,514,1,13.1750001907349,35.6580009460449,0.0224280003458261,0,119.831703186035,-85.4387,24.3388,123.230812815019,63,63,63,63,61,63,0,8521,1.64861680440262,24,-85,0.001869,51,2023-12-19 05:39:51.000593,514,1.037,0.0011,"aoml_navis",1029.14938255645
"7901009",20,0,1,0.020559,1,-0.001869,1,124.297733035722,1,4.85833063186689,516,1,13.1479997634888,35.6529998779297,0.020558999851346,0,119.862098693848,-85.4387,24.3388,123.230812815019,63,63,63,63,61,63,0,8521,1.64861680440262,24,-85,0.001869,51,2023-12-19 05:39:51.000593,516,1.037,0.0011,"aoml_navis",1029.16009198795
"7901009",20,0,1,0.026166,1,0.003738,1,124.18138314875,1,4.85828118582441,518,1,13.1330003738403,35.6510009765625,0.0261659994721413,0,119.749900817871,-85.4387,24.3388,123.230812815019,63,63,63,63,61,63,0,8521,1.64861680440262,24,-85,0.001869,51,2023-12-19 05:39:51.000593,518,1.037,0.0011,"aoml_navis",1029.17056645241
"7901009",20,0,1,0.020559,1,-0.001869,1,124.016494804238,1,4.85823367375311,520,1,13.1090002059937,35.6459999084473,0.020558999851346,0,119.590896606445,-85.4387,24.3388,123.230812815019,63,63,63,63,61,63,0,8521,1.64861680440262,24,-85,0.001869,51,2023-12-19 05:39:51.000593,520,1.037,0.0011,"aoml_navis",1029.18063143253
"7901009",20,0,1,0.020559,1,-0.001869,1,123.960289881277,1,4.85817618700188,522,1,13.0749998092651,35.640998840332,0.020558999851346,0,119.536697387695,-85.4387,24.3388,123.230812815019,63,63,63,63,61,63,0,8521,1.64861680440262,24,-85,0.001869,51,2023-12-19 05:39:51.000593,522,1.037,0.0011,"aoml_navis",1029.19280971686
"7901009",20,0,1,0.01869,1,-0.003738,1,123.792608696421,1,4.85812642482754,524,1,13.0559997558594,35.6380004882812,0.0186899993568659,0,119.375,-85.4387,24.3388,123.230812815019,63,63,63,63,61,63,0,8521,1.64861680440262,24,-85,0.001869,51,2023-12-19 05:39:51.000593,524,1.037,0.0011,"aoml_navis",1029.20335182045
"7901009",20,0,1,0.022428,1,0,1,123.602007232593,1,4.85807833462957,526,1,13.0349998474121,35.6339988708496,0.0224280003458261,0,119.191200256348,-85.4387,24.3388,123.230812815019,63,63,63,63,61,63,0,8521,1.64861680440262,24,-85,0.001869,51,2023-12-19 05:39:51.000593,526,1.037,0.0011,"aoml_navis",1029.21353992149
"7901009",20,0,1,0.020559,1,-0.001869,1,123.416073688887,1,4.85802358792391,528,1,13,35.6279983520508,0.020558999851346,0,119.011901855469,-85.4387,24.3388,123.230812815019,63,63,63,63,61,63,0,8521,1.64861680440262,24,-85,0.001869,51,2023-12-19 05:39:51.000593,528,1.037,0.0011,"aoml_navis",1029.22513847586
"7901009",20,0,1,0.022428,1,0,1,123.312991771482,1,4.85793938618006,530,1,12.9169998168945,35.617000579834,0.0224280003458261,0,118.912498474121,-85.4387,24.3388,123.230812815019,63,63,63,63,61,63,0,8521,1.64861680440262,24,-85,0.001869,51,2023-12-19 05:39:51.000593,530,1.037,0.0011,"aoml_navis",1029.24297784037
"7901009",20,0,1,0.024297,1,0.001869,1,123.230345850136,1,4.85788810422787,532,1,12.8889999389648,35.6119995117188,0.0242970008403063,0,118.832801818848,-85.4387,24.3388,123.230812815019,63,63,63,63,61,63,0,8521,1.64861680440262,24,-85,0.001869,51,2023-12-19 05:39:51.000593,532,1.037,0.0011,"aoml_navis",1029.25384297107
"7901009",20,0,1,0.01869,1,-0.003738,1,123.069919720792,1,4.85784176901225,534,1,12.8769998550415,35.6100006103516,0.0186899993568659,0,118.678100585938,-85.4387,24.3388,123.230812815019,63,63,63,63,61,63,0,8521,1.64861680440262,24,-85,0.001869,51,2023-12-19 05:39:51.000593,534,1.037,0.0011,"aoml_navis",1029.2636602317
"7901009",20,0,1,0.022428,1,0,1,122.744510306187,1,4.85780008579284,536,1,12.8660001754761,35.6069984436035,0.0224280003458261,0,118.364303588867,-85.4387,24.3388,123.230812815019,63,63,63,63,61,63,0,8521,1.64861680440262,24,-85,0.001869,51,2023-12-19 05:39:51.000593,536,1.037,0.0011,"aoml_navis",1029.27249201198
"7901009",20,0,1,0.01869,1,-0.003738,1,122.264996233725,1,4.85774947847235,538,1,12.8459997177124,35.6040000915527,0.0186899993568659,0,117.901901245117,-85.4387,24.3388,123.230812815019,63,63,63,63,61,63,0,8521,1.64861680440262,24,-85,0.001869,51,2023-12-19 05:39:51.000593,538,1.037,0.0011,"aoml_navis",1029.28321482161
"7901009",20,0,1,0.022428,1,0,1,121.893951966131,1,4.85768448066317,540,1,12.7930002212524,35.5960006713867,0.0224280003458261,0,117.544097900391,-85.4387,24.3388,123.230812815019,63,63,63,63,61,63,0,8521,1.64861680440262,24,-85,0.001869,51,2023-12-19 05:39:51.000593,540,1.037,0.0011,"aoml_navis",1029.29698705285
"7901009",20,0,1,0.022428,1,0,1,121.690082532736,1,4.85761408450347,542,1,12.7270002365112,35.5859985351562,0.0224280003458261,0,117.347503662109,-85.4387,24.3388,123.230812815019,63,63,63,63,61,63,0,8521,1.64861680440262,24,-85,0.001869,51,2023-12-19 05:39:51.000593,542,1.037,0.0011,"aoml_navis",1029.3119035435
"7901009",20,0,1,0.024297,1,0.001869,1,121.221249294452,1,4.85755807229531,544,1,12.6940002441406,35.5810012817383,0.0242970008403063,0,116.895401000977,-85.4387,24.3388,123.230812815019,63,63,63,63,61,63,0,8521,1.64861680440262,24,-85,0.001869,51,2023-12-19 05:39:51.000593,544,1.037,0.0011,"aoml_navis",1029.32377247677
"7901009",20,0,1,0.022428,1,0,1,121.03883647016,1,4.85748696417426,546,1,12.6269998550415,35.5709991455078,0.0224280003458261,0,116.719497680664,-85.4387,24.3388,123.230812815019,63,63,63,63,61,63,0,8521,1.64861680440262,24,-85,0.001869,51,2023-12-19 05:39:51.000593,546,1.037,0.0011,"aoml_navis",1029.33884061385
"7901009",20,0,1,0.026166,1,0.003738,1,120.799293050612,1,4.85741994377904,548,1,12.5640001296997,35.5610008239746,0.0261659994721413,0,116.488502502441,-85.4387,24.3388,123.230812815019,63,63,63,63,61,63,0,8521,1.64861680440262,24,-85,0.001869,51,2023-12-19 05:39:51.000593,548,1.037,0.0011,"aoml_navis",1029.35304294692
"7901009",20,0,1,0.01869,1,-0.003738,1,120.690926098221,1,4.857349459885,550,1,12.5010004043579,35.5519981384277,0.0186899993568659,0,116.384002685547,-85.4387,24.3388,123.230812815019,63,63,63,63,61,63,0,8521,1.64861680440262,24,-85,0.001869,51,2023-12-19 05:39:51.000593,550,1.037,0.0011,"aoml_navis",1029.36797965497
"7901009",20,0,1,0.024297,1,0.001869,1,120.427006641562,1,4.85730374451608,552,1,12.4820003509521,35.5480003356934,0.0242970008403063,0,116.129501342773,-85.4387,24.3388,123.230812815019,63,63,63,63,61,63,0,8521,1.64861680440262,24,-85,0.001869,51,2023-12-19 05:39:51.000593,552,1.037,0.0011,"aoml_navis",1029.37766773285
"7901009",20,0,1,0.026166,1,0.003738,1,120.123576010176,1,4.85724294978985,554,1,12.4399995803833,35.5419998168945,0.0261659994721413,0,115.836898803711,-85.4387,24.3388,123.230812815019,63,63,63,63,61,63,0,8521,1.64861680440262,24,-85,0.001869,51,2023-12-19 05:39:51.000593,554,1.037,0.0011,"aoml_navis",1029.39055173601
"7901009",20,0,1,0.022428,1,0,1,120.007637533112,1,4.85716746202319,556,1,12.3640003204346,35.5309982299805,0.0224280003458261,0,115.72509765625,-85.4387,24.3388,123.230812815019,63,63,63,63,61,63,0,8521,1.64861680440262,24,-85,0.001869,51,2023-12-19 05:39:51.000593,556,1.037,0.0011,"aoml_navis",1029.40655003015
"7901009",20,0,1,0.020559,1,-0.001869,1,119.954961241295,1,4.85710373826038,558,1,12.3149995803833,35.523998260498,0.020558999851346,0,115.674301147461,-85.4387,24.3388,123.230812815019,63,63,63,63,61,63,0,8521,1.64861680440262,24,-85,0.001869,51,2023-12-19 05:39:51.000593,558,1.037,0.0011,"aoml_navis",1029.42005553927
"7901009",20,0,1,0.024297,1,0.001869,1,119.959106987302,1,4.85704945407293,560,1,12.2869997024536,35.5200004577637,0.0242970008403063,0,115.678298950195,-85.4387,24.3388,123.230812815019,63,63,63,63,61,63,0,8521,1.64861680440262,24,-85,0.001869,51,2023-12-19 05:39:51.000593,560,1.037,0.0011,"aoml_navis",1029.43156071989
"7901009",20,0,1,0.020559,1,-0.001869,1,119.893985545736,1,4.85700626285792,562,1,12.2779998779297,35.5180015563965,0.020558999851346,0,115.615501403809,-85.4387,24.3388,123.230812815019,63,63,63,63,61,63,0,8521,1.64861680440262,24,-85,0.001869,51,2023-12-19 05:39:51.000593,562,1.037,0.0011,"aoml_navis",1029.44071500084
"7901009",20,0,1,0.024297,1,0.001869,1,119.850012155841,1,4.85695847769856,564,1,12.2679996490479,35.5169982910156,0.0242970008403063,0,115.573097229004,-85.4387,24.3388,123.230812815019,63,63,63,63,61,63,0,8521,1.64861680440262,24,-85,0.001869,51,2023-12-19 05:39:51.000593,564,1.037,0.0011,"aoml_navis",1029.45084314767
"7901009",20,0,1,0.022428,1,0,1,119.735007262802,1,4.85691432798779,566,1,12.2580003738403,35.5149993896484,0.0224280003458261,0,115.462196350098,-85.4387,24.3388,123.230812815019,63,63,63,63,61,63,0,8521,1.64861680440262,24,-85,0.001869,51,2023-12-19 05:39:51.000593,566,1.037,0.0011,"aoml_navis",1029.46020093204
"7901009",20,0,1,0.026166,1,0.003738,1,119.599993607071,1,4.85686728480736,568,1,12.2449998855591,35.5130004882812,0.0261659994721413,0,115.332000732422,-85.4387,24.3388,123.230812815019,63,63,63,63,61,63,0,8521,1.64861680440262,24,-85,0.001869,51,2023-12-19 05:39:51.000593,568,1.037,0.0011,"aoml_navis",1029.47017219111
"7901009",20,0,1,0.022428,1,0,1,119.454916232026,1,4.85682004738607,570,1,12.2279996871948,35.5099983215332,0.0224280003458261,0,115.192100524902,-85.4387,24.3388,123.230812815019,63,63,63,63,61,63,0,8521,1.64861680440262,24,-85,0.001869,51,2023-12-19 05:39:51.000593,570,1.037,0.0011,"aoml_navis",1029.48018481578
"7901009",20,0,1,0.026166,1,0.003738,1,119.295732244137,1,4.85676874070759,572,1,12.2030000686646,35.5060005187988,0.0261659994721413,0,115.038597106934,-85.4387,24.3388,123.230812815019,63,63,63,63,61,63,0,8521,1.64861680440262,24,-85,0.001869,51,2023-12-19 05:39:51.000593,572,1.037,0.0011,"aoml_navis",1029.49106019644
"7901009",20,0,1,0.024297,1,0.001869,1,119.201266199635,1,4.85670860447209,574,1,12.164999961853,35.5009994506836,0.0242970008403063,0,114.94750213623,-85.4387,24.3388,123.230812815019,63,63,63,63,61,63,0,8521,1.64861680440262,24,-85,0.001869,51,2023-12-19 05:39:51.000593,574,1.037,0.0011,"aoml_navis",1029.50380745428
"7901009",20,0,1,0.020559,1,-0.001869,1,119.009208977667,1,4.85666389922233,576,1,12.1429996490479,35.4959983825684,0.020558999851346,0,114.762298583984,-85.4387,24.3388,123.230812815019,63,63,63,63,61,63,0,8521,1.64861680440262,24,-85,0.001869,51,2023-12-19 05:39:51.000593,576,1.037,0.0011,"aoml_navis",1029.51328396446
"7901009",20,0,1,0.024297,1,0.001869,1,118.971770675943,1,4.85659656265087,578,1,12.0860004425049,35.4879989624023,0.0242970008403063,0,114.726196289062,-85.4387,24.3388,123.230812815019,63,63,63,63,61,63,0,8521,1.64861680440262,24,-85,0.001869,51,2023-12-19 05:39:51.000593,578,1.037,0.0011,"aoml_navis",1029.52755813648
"7901009",20,0,1,0.020559,1,-0.001869,1,119.039075754719,1,4.85652953998613,580,1,12.0329999923706,35.4809989929199,0.020558999851346,0,114.79109954834,-85.4387,24.3388,123.230812815019,63,63,63,63,61,63,0,8521,1.64861680440262,24,-85,0.001869,51,2023-12-19 05:39:51.000593,580,1.037,0.0011,"aoml_navis",1029.54176615886
"7901009",20,0,1,0.022428,1,0,1,119.065627517311,1,4.85647712678419,582,1,11.9989995956421,35.4749984741211,0.0224280003458261,0,114.816703796387,-85.4387,24.3388,123.230812815019,63,63,63,63,61,63,0,8521,1.64861680440262,24,-85,0.001869,51,2023-12-19 05:39:51.000593,582,1.037,0.0011,"aoml_navis",1029.55287741896
"7901009",20,0,1,0.024297,1,0.001869,1,118.926460203844,1,4.85643289208263,584,1,11.9849996566772,35.4720001220703,0.0242970008403063,0,114.682502746582,-85.4387,24.3388,123.230812815019,63,63,63,63,61,63,0,8521,1.64861680440262,24,-85,0.001869,51,2023-12-19 05:39:51.000593,584,1.037,0.0011,"aoml_navis",1029.56225507644
"7901009",20,0,1,0.020559,1,-0.001869,1,118.720193516556,1,4.85637912573651,586,1,11.9610004425049,35.4690017700195,0.020558999851346,0,114.483596801758,-85.4387,24.3388,123.230812815019,63,63,63,63,61,63,0,8521,1.64861680440262,24,-85,0.001869,51,2023-12-19 05:39:51.000593,586,1.037,0.0011,"aoml_navis",1029.57365365121
"7901009",20,0,1,0.024297,1,0.001869,1,118.525240601767,1,4.85632411266352,588,1,11.9280004501343,35.4640007019043,0.0242970008403063,0,114.295600891113,-85.4387,24.3388,123.230812815019,63,63,63,63,61,63,0,8521,1.64861680440262,24,-85,0.001869,51,2023-12-19 05:39:51.000593,588,1.037,0.0011,"aoml_navis",1029.58531679585
"7901009",20,0,1,0.024297,1,0.001869,1,118.408993567272,1,4.85627009254601,590,1,11.8959999084473,35.4589996337891,0.0242970008403063,0,114.183502197266,-85.4387,24.3388,123.230812815019,63,63,63,63,61,63,0,8521,1.64861680440262,24,-85,0.001869,51,2023-12-19 05:39:51.000593,590,1.037,0.0011,"aoml_navis",1029.59676968433
"7901009",20,0,1,0.022428,1,0,1,118.275324905474,1,4.85621421390555,592,1,11.8620004653931,35.4539985656738,0.0224280003458261,0,114.05460357666,-85.4387,24.3388,123.230812815019,63,63,63,63,61,63,0,8521,1.64861680440262,24,-85,0.001869,51,2023-12-19 05:39:51.000593,592,1.037,0.0011,"aoml_navis",1029.60861686923
"7901009",20,0,1,0.028035,1,0.005607,1,118.203976933169,1,4.85616390851068,594,1,11.8299999237061,35.4480018615723,0.0280349999666214,0,113.985801696777,-85.4387,24.3388,123.230812815019,63,63,63,63,61,63,0,8521,1.64861680440262,24,-85,0.001869,51,2023-12-19 05:39:51.000593,594,1.037,0.0011,"aoml_navis",1029.61928266821
"7901009",20,0,1,0.028035,1,0.005607,1,118.127233161672,1,4.85609770370874,596,1,11.7849998474121,35.443000793457,0.0280349999666214,0,113.911796569824,-85.4387,24.3388,123.230812815019,63,63,63,63,61,63,0,8521,1.64861680440262,24,-85,0.001869,51,2023-12-19 05:39:51.000593,596,1.037,0.0011,"aoml_navis",1029.63331981178
"7901009",20,0,1,0.026166,1,0.003738,1,118.086068435579,1,4.85604669853114,598,1,11.7559995651245,35.4379997253418,0.0261659994721413,0,113.872100830078,-85.4387,24.3388,123.230812815019,63,63,63,63,61,63,0,8521,1.64861680440262,24,-85,0.001869,51,2023-12-19 05:39:51.000593,598,1.037,0.0011,"aoml_navis",1029.64413449986
"7901009",20,0,1,0.024297,1,0.001869,1,117.921180091067,1,4.855990062531,600,1,11.7209997177124,35.4329986572266,0.0242970008403063,0,113.713096618652,-85.4387,24.3388,123.230812815019,63,63,63,63,61,63,0,8521,1.64861680440262,24,-85,0.001869,51,2023-12-19 05:39:51.000593,600,1.037,0.0011,"aoml_navis",1029.65614336409
"7901009",20,0,1,0.026166,1,0.003738,1,117.834071954554,1,4.85592193153985,602,1,11.6660003662109,35.4259986877441,0.0261659994721413,0,113.629096984863,-85.4387,24.3388,123.230812815019,63,63,63,63,61,63,0,8521,1.64861680440262,24,-85,0.001869,51,2023-12-19 05:39:51.000593,602,1.037,0.0011,"aoml_navis",1029.67058995004
"7901009",20,0,1,0.022428,1,0,1,117.743229481943,1,4.85586530843918,604,1,11.6269998550415,35.4199981689453,0.0224280003458261,0,113.541496276855,-85.4387,24.3388,123.230812815019,63,63,63,63,61,63,0,8521,1.64861680440262,24,-85,0.001869,51,2023-12-19 05:39:51.000593,604,1.037,0.0011,"aoml_navis",1029.68259669607
"7901009",20,0,1,0.020559,1,-0.001869,1,117.685054538457,1,4.85581269946536,606,1,11.6000003814697,35.4160003662109,0.020558999851346,0,113.485397338867,-85.4387,24.3388,123.230812815019,63,63,63,63,61,63,0,8521,1.64861680440262,24,-85,0.001869,51,2023-12-19 05:39:51.000593,606,1.037,0.0011,"aoml_navis",1029.69375251037
"7901009",20,0,1,0.026166,1,0.003738,1,117.596182086372,1,4.85576501562721,608,1,11.5860004425049,35.4140014648438,0.0261659994721413,0,113.399696350098,-85.4387,24.3388,123.230812815019,63,63,63,63,61,63,0,8521,1.64861680440262,24,-85,0.001869,51,2023-12-19 05:39:51.000593,608,1.037,0.0011,"aoml_navis",1029.70386415088
"7901009",20,0,1,0.029904,1,0.007476,1,117.416783630837,1,4.85572193748298,610,1,11.5729999542236,35.4109992980957,0.0299040004611015,0,113.226699829102,-85.4387,24.3388,123.230812815019,63,63,63,63,61,63,0,8521,1.64861680440262,24,-85,0.001869,51,2023-12-19 05:39:51.000593,610,1.037,0.0011,"aoml_navis",1029.71299929744
"7901009",20,0,4,0.01869,1,-0.003738,1,117.19258105386,1,4.85567604029536,612,1,11.5570001602173,35.4080009460449,0.0186899993568659,0,113.010498046875,-85.4387,24.3388,123.230812815019,63,63,63,63,61,63,0,8521,1.64861680440262,24,-85,0.001869,51,2023-12-19 05:39:51.000593,612,1.037,0.0011,"aoml_navis",1029.72273242839
"7901009",20,0,1,0.029904,1,0.007476,1,117.191861086519,1,4.85559297896757,614,1,11.4700002670288,35.3969993591309,0.0299040004611015,0,113.009803771973,-85.4387,24.3388,123.230812815019,63,63,63,63,61,63,0,8521,1.64861680440262,24,-85,0.001869,51,2023-12-19 05:39:51.000593,614,1.037,0.0011,"aoml_navis",1029.74034719507
"7901009",20,0,1,0.026166,1,0.003738,1,117.168624338386,1,4.85553844333897,616,1,11.4289999008179,35.3899993896484,0.0261659994721413,0,112.987396240234,-85.4387,24.3388,123.230812815019,63,63,63,63,61,63,0,8521,1.64861680440262,24,-85,0.001869,51,2023-12-19 05:39:51.000593,616,1.037,0.0011,"aoml_navis",1029.75191286132
"7901009",20,0,1,0.024297,1,0.001869,1,117.153900610679,1,4.85548032736686,618,1,11.3879995346069,35.3839988708496,0.0242970008403063,0,112.973197937012,-85.4387,24.3388,123.230812815019,63,63,63,63,61,63,0,8521,1.64861680440262,24,-85,0.001869,51,2023-12-19 05:39:51.000593,618,1.037,0.0011,"aoml_navis",1029.76423811638
"7901009",20,0,1,0.026166,1,0.003738,1,117.060257385995,1,4.85543825630965,620,1,11.3760004043579,35.3810005187988,0.0261659994721413,0,112.88289642334,-85.4387,24.3388,123.230812815019,63,63,63,63,61,63,0,8521,1.64861680440262,24,-85,0.001869,51,2023-12-19 05:39:51.000593,620,1.037,0.0011,"aoml_navis",1029.77316074455
"7901009",20,0,1,0.022428,1,0,1,116.993585245541,1,4.85538499191233,622,1,11.3479995727539,35.3769989013672,0.0224280003458261,0,112.818603515625,-85.4387,24.3388,123.230812815019,63,63,63,63,61,63,0,8521,1.64861680440262,24,-85,0.001869,51,2023-12-19 05:39:51.000593,622,1.037,0.0011,"aoml_navis",1029.78445753088
"7901009",20,0,1,0.022428,1,0,1,116.907197076369,1,4.85533644316994,624,1,11.3290004730225,35.3740005493164,0.0224280003458261,0,112.735298156738,-85.4387,24.3388,123.230812815019,63,63,63,63,61,63,0,8521,1.64861680440262,24,-85,0.001869,51,2023-12-19 05:39:51.000593,624,1.037,0.0011,"aoml_navis",1029.79475439515
"7901009",20,0,1,0.026166,1,0.003738,1,116.868208075757,1,4.85528682080399,626,1,11.2969999313354,35.3680000305176,0.0261659994721413,0,112.697700500488,-85.4387,24.3388,123.230812815019,63,63,63,63,61,63,0,8521,1.64861680440262,24,-85,0.001869,51,2023-12-19 05:39:51.000593,626,1.037,0.0011,"aoml_navis",1029.80527918061
"7901009",20,0,1,0.029904,1,0.007476,1,116.930323060295,1,4.85521958001259,628,1,11.2379999160767,35.3600006103516,0.0299040004611015,0,112.757598876953,-85.4387,24.3388,123.230812815019,63,63,63,63,61,63,0,8521,1.64861680440262,24,-85,0.001869,51,2023-12-19 05:39:51.000593,628,1.037,0.0011,"aoml_navis",1029.81954113536
"7901009",20,0,1,0.026166,1,0.003738,1,116.933645986483,1,4.85516458145579,630,1,11.2040004730225,35.3549995422363,0.0261659994721413,0,112.760803222656,-85.4387,24.3388,123.230812815019,63,63,63,63,61,63,0,8521,1.64861680440262,24,-85,0.001869,51,2023-12-19 05:39:51.000593,630,1.037,0.0011,"aoml_navis",1029.83120677256
"7901009",20,0,1,0.026166,1,0.003738,1,116.901492719745,1,4.85511985803905,632,1,11.1929998397827,35.3530006408691,0.0261659994721413,0,112.729797363281,-85.4387,24.3388,123.230812815019,63,63,63,63,61,63,0,8521,1.64861680440262,24,-85,0.001869,51,2023-12-19 05:39:51.000593,632,1.037,0.0011,"aoml_navis",1029.84069316457
"7901009",20,0,1,0.028035,1,0.005607,1,116.767618352992,1,4.85507429358618,634,1,11.1890001296997,35.3530006408691,0.0280349999666214,0,112.600700378418,-85.4387,24.3388,123.230812815019,63,63,63,63,61,63,0,8521,1.64861680440262,24,-85,0.001869,51,2023-12-19 05:39:51.000593,634,1.037,0.0011,"aoml_navis",1029.85035813052
"7901009",20,0,1,0.026166,1,0.003738,1,116.651577023452,1,4.85502777124667,636,1,11.1800003051758,35.3520011901855,0.0261659994721413,0,112.488800048828,-85.4387,24.3388,123.230812815019,63,63,63,63,61,63,0,8521,1.64861680440262,24,-85,0.001869,51,2023-12-19 05:39:51.000593,636,1.037,0.0011,"aoml_navis",1029.86022646707
"7901009",20,0,1,0.026166,1,0.003738,1,116.546319380566,1,4.85498405401784,638,1,11.1780004501343,35.3520011901855,0.0261659994721413,0,112.387298583984,-85.4387,24.3388,123.230812815019,63,63,63,63,61,63,0,8521,1.64861680440262,24,-85,0.001869,51,2023-12-19 05:39:51.000593,638,1.037,0.0011,"aoml_navis",1029.86949995482
"7901009",20,0,1,0.026166,1,0.003738,1,116.390664023821,1,4.85494490921363,640,1,11.1770000457764,35.351001739502,0.0261659994721413,0,112.237197875977,-85.4387,24.3388,123.230812815019,63,63,63,63,61,63,0,8521,1.64861680440262,24,-85,0.001869,51,2023-12-19 05:39:51.000593,640,1.037,0.0011,"aoml_navis",1029.87780366181
"7901009",20,0,1,0.022428,1,0,1,116.480161502498,1,4.85487242872615,642,1,11.1120004653931,35.3429985046387,0.0224280003458261,0,112.323501586914,-85.4387,24.3388,123.230812815019,63,63,63,63,61,63,0,8521,1.64861680440262,24,-85,0.001869,51,2023-12-19 05:39:51.000593,642,1.037,0.0011,"aoml_navis",1029.89317915238
"7901009",20,0,1,0.024297,1,0.001869,1,116.493437383794,1,4.85482223026309,644,1,11.0950002670288,35.3409996032715,0.0242970008403063,0,112.336303710938,-85.4387,24.3388,123.230812815019,63,63,63,63,61,63,0,8521,1.64861680440262,24,-85,0.001869,51,2023-12-19 05:39:51.000593,644,1.037,0.0011,"aoml_navis",1029.90382816325
"7901009",20,0,1,0.024297,1,0.001869,1,116.454962645569,1,4.85478216449635,646,1,11.0930004119873,35.3400001525879,0.0242970008403063,0,112.299201965332,-85.4387,24.3388,123.230812815019,63,63,63,63,61,63,0,8521,1.64861680440262,24,-85,0.001869,51,2023-12-19 05:39:51.000593,646,1.037,0.0011,"aoml_navis",1029.91232780034
"7901009",20,0,1,0.026166,1,0.003738,1,116.365670871845,1,4.85474301855938,648,1,11.0920000076294,35.3390007019043,0.0261659994721413,0,112.213096618652,-85.4387,24.3388,123.230812815019,63,63,63,63,61,63,0,8521,1.64861680440262,24,-85,0.001869,51,2023-12-19 05:39:51.000593,648,1.037,0.0011,"aoml_navis",1029.92063243828
"7901009",20,0,1,0.022428,1,0,1,116.29650653675,1,4.85469283152574,650,1,11.0749998092651,35.3370018005371,0.0224280003458261,0,112.14640045166,-85.4387,24.3388,123.230812815019,63,63,63,63,61,63,0,8521,1.64861680440262,24,-85,0.001869,51,2023-12-19 05:39:51.000593,650,1.037,0.0011,"aoml_navis",1029.93127959212
"7901009",20,0,1,0.028035,1,0.005607,1,116.242785896702,1,4.85464538237378,652,1,11.0530004501343,35.3330001831055,0.0280349999666214,0,112.094596862793,-85.4387,24.3388,123.230812815019,63,63,63,63,61,63,0,8521,1.64861680440262,24,-85,0.001869,51,2023-12-19 05:39:51.000593,652,1.037,0.0011,"aoml_navis",1029.9413461082
"7901009",20,0,1,0.028035,1,0.005607,1,116.14137335412,1,4.85459337037171,654,1,11.0299997329712,35.3300018310547,0.0280349999666214,0,111.996803283691,-85.4387,24.3388,123.230812815019,63,63,63,63,61,63,0,8521,1.64861680440262,24,-85,0.001869,51,2023-12-19 05:39:51.000593,654,1.037,0.0011,"aoml_navis",1029.95238087617
"7901009",20,0,1,0.024297,1,0.001869,1,116.0541544534,1,4.85454412671863,656,1,11.0059995651245,35.326000213623,0.0242970008403063,0,111.912696838379,-85.4387,24.3388,123.230812815019,63,63,63,63,61,63,0,8521,1.64861680440262,24,-85,0.001869,51,2023-12-19 05:39:51.000593,656,1.037,0.0011,"aoml_navis",1029.96282853436
"7901009",20,0,1,0.026166,1,0.003738,1,116.069708912654,1,4.85447936306689,658,1,10.9569997787476,35.3199996948242,0.0261659994721413,0,111.927696228027,-85.4387,24.3388,123.230812815019,63,63,63,63,61,63,0,8521,1.64861680440262,24,-85,0.001869,51,2023-12-19 05:39:51.000593,658,1.037,0.0011,"aoml_navis",1029.97656927749
"7901009",20,0,1,0.028035,1,0.005607,1,115.969538511528,1,4.85442743544954,660,1,10.9340000152588,35.3170013427734,0.0280349999666214,0,111.831100463867,-85.4387,24.3388,123.230812815019,63,63,63,63,61,63,0,8521,1.64861680440262,24,-85,0.001869,51,2023-12-19 05:39:51.000593,660,1.037,0.0011,"aoml_navis",1029.98758689592
"7901009",20,0,1,0.020559,1,-0.001869,1,115.857128665608,1,4.85437463548202,662,1,10.9060001373291,35.3129997253418,0.020558999851346,0,111.722702026367,-85.4387,24.3388,123.230812815019,63,63,63,63,61,63,0,8521,1.64861680440262,24,-85,0.001869,51,2023-12-19 05:39:51.000593,662,1.037,0.0011,"aoml_navis",1029.99878984485
"7901009",20,0,1,0.022428,1,0,1,115.738183731517,1,4.85433187687707,664,1,10.8889999389648,35.3089981079102,0.0224280003458261,0,111.608001708984,-85.4387,24.3388,123.230812815019,63,63,63,63,61,63,0,8521,1.64861680440262,24,-85,0.001869,51,2023-12-19 05:39:51.000593,664,1.037,0.0011,"aoml_navis",1030.00786242424
"7901009",20,0,1,0.024297,1,0.001869,1,115.514811886087,1,4.85428091630566,666,1,10.8669996261597,35.3059997558594,0.0242970008403063,0,111.392601013184,-85.4387,24.3388,123.230812815019,63,63,63,63,61,63,0,8521,1.64861680440262,24,-85,0.001869,51,2023-12-19 05:39:51.000593,666,1.037,0.0011,"aoml_navis",1030.01867551687
"7901009",20,0,1,0.022428,1,0,1,115.35812009284,1,4.85422733310982,668,1,10.826000213623,35.298999786377,0.0224280003458261,0,111.241500854492,-85.4387,24.3388,123.230812815019,63,63,63,63,61,63,0,8521,1.64861680440262,24,-85,0.001869,51,2023-12-19 05:39:51.000593,668,1.037,0.0011,"aoml_navis",1030.03004533716
"7901009",20,0,1,0.024297,1,0.001869,1,115.228391472094,1,4.85415049265867,670,1,10.7349996566772,35.2859992980957,0.0242970008403063,0,111.116401672363,-85.4387,24.3388,123.230812815019,63,63,63,63,61,63,0,8521,1.64861680440262,24,-85,0.001869,51,2023-12-19 05:39:51.000593,670,1.037,0.0011,"aoml_navis",1030.04635055339
"7901009",20,0,1,0.024297,1,0.001869,1,115.318197508204,1,4.85404370078766,672,1,10.5939998626709,35.2690010070801,0.0242970008403063,0,111.203002929688,-85.4387,24.3388,123.230812815019,63,63,63,63,61,63,0,8521,1.64861680440262,24,-85,0.001869,51,2023-12-19 05:39:51.000593,672,1.037,0.0011,"aoml_navis",1030.06901219053
"7901009",20,0,1,0.024297,1,0.001869,1,115.415464304779,1,4.85397292712117,674,1,10.5209999084473,35.2589988708496,0.0242970008403063,0,111.296798706055,-85.4387,24.3388,123.230812815019,63,63,63,63,61,63,0,8521,1.64861680440262,24,-85,0.001869,51,2023-12-19 05:39:51.000593,674,1.037,0.0011,"aoml_navis",1030.08403117844
"7901009",20,0,1,0.028035,1,0.005607,1,115.387258990822,1,4.85392333510448,676,1,10.4919996261597,35.2540016174316,0.0280349999666214,0,111.269599914551,-85.4387,24.3388,123.230812815019,63,63,63,63,61,63,0,8521,1.64861680440262,24,-85,0.001869,51,2023-12-19 05:39:51.000593,676,1.037,0.0011,"aoml_navis",1030.09455543706
"7901009",20,0,1,0.026166,1,0.003738,1,115.319851059569,1,4.85387880781782,678,1,10.4849996566772,35.2529983520508,0.0261659994721413,0,111.204597473145,-85.4387,24.3388,123.230812815019,63,63,63,63,61,63,0,8521,1.64861680440262,24,-85,0.001869,51,2023-12-19 05:39:51.000593,678,1.037,0.0011,"aoml_navis",1030.10400505815
"7901009",20,0,1,0.026166,1,0.003738,1,115.266035478773,1,4.85383702954261,680,1,10.4770002365112,35.2509994506836,0.0261659994721413,0,111.152702331543,-85.4387,24.3388,123.230812815019,63,63,63,63,61,63,0,8521,1.64861680440262,24,-85,0.001869,51,2023-12-19 05:39:51.000593,680,1.037,0.0011,"aoml_navis",1030.11287143919
"7901009",20,0,1,0.028035,1,0.005607,1,115.105609349428,1,4.85379338500726,682,1,10.4709997177124,35.25,0.0280349999666214,0,110.998001098633,-85.4387,24.3388,123.230812815019,63,63,63,63,61,63,0,8521,1.64861680440262,24,-85,0.001869,51,2023-12-19 05:39:51.000593,682,1.037,0.0011,"aoml_navis",1030.1221340497
"7901009",20,0,1,0.026166,1,0.003738,1,115.060813139715,1,4.85374099459947,684,1,10.4469995498657,35.2470016479492,0.0261659994721413,0,110.954803466797,-85.4387,24.3388,123.230812815019,63,63,63,63,61,63,0,8521,1.64861680440262,24,-85,0.001869,51,2023-12-19 05:39:51.000593,684,1.037,0.0011,"aoml_navis",1030.13325300284
"7901009",20,0,1,0.024297,1,0.001869,1,114.984900099766,1,4.85368289261914,686,1,10.3959999084473,35.2389984130859,0.0242970008403063,0,110.88159942627,-85.4387,24.3388,123.230812815019,63,63,63,63,61,63,0,8521,1.64861680440262,24,-85,0.001869,51,2023-12-19 05:39:51.000593,686,1.037,0.0011,"aoml_navis",1030.14558441866
"7901009",20,0,1,0.022428,1,0,1,114.741725196598,1,4.85363491455548,688,1,10.3809995651245,35.2369995117188,0.0224280003458261,0,110.647102355957,-85.4387,24.3388,123.230812815019,63,63,63,63,61,63,0,8521,1.64861680440262,24,-85,0.001869,51,2023-12-19 05:39:51.000593,688,1.037,0.0011,"aoml_navis",1030.15576738283
"7901009",20,0,1,0.024297,1,0.001869,1,114.440573143169,1,4.85356762863013,690,1,10.3360004425049,35.2330017089844,0.0242970008403063,0,110.35669708252,-85.4387,24.3388,123.230812815019,63,63,63,63,61,63,0,8521,1.64861680440262,24,-85,0.001869,51,2023-12-19 05:39:51.000593,690,1.037,0.0011,"aoml_navis",1030.17004862693
"7901009",20,0,1,0.022428,1,0,1,114.1598570858,1,4.85350817938758,692,1,10.3079996109009,35.2309989929199,0.0224280003458261,0,110.085998535156,-85.4387,24.3388,123.230812815019,63,63,63,63,61,63,0,8521,1.64861680440262,24,-85,0.001869,51,2023-12-19 05:39:51.000593,692,1.037,0.0011,"aoml_navis",1030.18266688713
"7901009",20,0,1,0.022428,1,0,1,113.90620705341,1,4.85346013636219,694,1,10.2969999313354,35.2299995422363,0.0224280003458261,0,109.841400146484,-85.4387,24.3388,123.230812815019,63,63,63,63,61,63,0,8521,1.64861680440262,24,-85,0.001869,51,2023-12-19 05:39:51.000593,694,1.037,0.0011,"aoml_navis",1030.19286437318
"7901009",20,0,1,0.022428,1,0,1,113.895320514278,1,4.85339313240641,696,1,10.2480001449585,35.2249984741211,0.0224280003458261,0,109.830902099609,-85.4387,24.3388,123.230812815019,63,63,63,63,61,63,0,8521,1.64861680440262,24,-85,0.001869,51,2023-12-19 05:39:51.000593,696,1.037,0.0011,"aoml_navis",1030.2070867935
"7901009",20,0,1,0.024297,1,0.001869,1,113.971644964137,1,4.85332898641846,698,1,10.1979999542236,35.2190017700195,0.0242970008403063,0,109.904502868652,-85.4387,24.3388,123.230812815019,63,63,63,63,61,63,0,8521,1.64861680440262,24,-85,0.001869,51,2023-12-19 05:39:51.000593,698,1.037,0.0011,"aoml_navis",1030.22070294266
"7901009",20,0,1,0.026166,1,0.003738,1,113.922070070095,1,4.85327889010805,700,1,10.1680002212524,35.2140007019043,0.0261659994721413,0,109.85669708252,-85.4387,24.3388,123.230812815019,63,63,63,63,61,63,0,8521,1.64861680440262,24,-85,0.001869,51,2023-12-19 05:39:51.000593,700,1.037,0.0011,"aoml_navis",1030.23133704329
"7901009",20,0,1,0.028035,1,0.005607,1,113.768701203037,1,4.85322970714067,702,1,10.1389999389648,35.2089996337891,0.0280349999666214,0,109.708801269531,-85.4387,24.3388,123.230812815019,63,63,63,63,61,63,0,8521,1.64861680440262,24,-85,0.001869,51,2023-12-19 05:39:51.000593,702,1.037,0.0011,"aoml_navis",1030.24177747931
"7901009",20,0,1,0.029904,1,0.007476,1,113.707622655,1,4.8531625948171,704,1,10.0769996643066,35.201000213623,0.0299040004611015,0,109.64990234375,-85.4387,24.3388,123.230812815019,63,63,63,63,61,63,0,8521,1.64861680440262,24,-85,0.001869,51,2023-12-19 05:39:51.000593,704,1.037,0.0011,"aoml_navis",1030.25602425514
"7901009",20,0,1,0.026166,1,0.003738,1,113.717053435992,1,4.85309183042175,706,1,10.0190000534058,35.1949996948242,0.0261659994721413,0,109.658996582031,-85.4387,24.3388,123.230812815019,63,63,63,63,61,63,0,8521,1.64861680440262,24,-85,0.001869,51,2023-12-19 05:39:51.000593,706,1.037,0.0011,"aoml_navis",1030.27104672888
"7901009",20,0,1,0.024297,1,0.001869,1,113.605680026574,1,4.85304771021632,708,1,10.003999710083,35.1920013427734,0.0242970008403063,0,109.551597595215,-85.4387,24.3388,123.230812815019,63,63,63,63,61,63,0,8521,1.64861680440262,24,-85,0.001869,51,2023-12-19 05:39:51.000593,708,1.037,0.0011,"aoml_navis",1030.28041316683
"7901009",20,0,1,0.029904,1,0.007476,1,113.501355967712,1,4.85299070586016,710,1,9.97000026702881,35.1879997253418,0.0299040004611015,0,109.450996398926,-85.4387,24.3388,123.230812815019,63,63,63,63,61,63,0,8521,1.64861680440262,24,-85,0.001869,51,2023-12-19 05:39:51.000593,710,1.037,0.0011,"aoml_navis",1030.29251507989
"7901009",20,0,1,0.028035,1,0.005607,1,113.448371118463,1,4.85293218432578,712,1,9.93000030517578,35.1829986572266,0.0280349999666214,0,109.39990234375,-85.4387,24.3388,123.230812815019,63,63,63,63,61,63,0,8521,1.64861680440262,24,-85,0.001869,51,2023-12-19 05:39:51.000593,712,1.037,0.0011,"aoml_navis",1030.30493938267
"7901009",20,0,1,0.028035,1,0.005607,1,113.490785897741,1,4.85286369225741,714,1,9.86999988555908,35.1759986877441,0.0280349999666214,0,109.440803527832,-85.4387,24.3388,123.230812815019,63,63,63,63,61,63,0,8521,1.64861680440262,24,-85,0.001869,51,2023-12-19 05:39:51.000593,714,1.037,0.0011,"aoml_navis",1030.31948084125
"7901009",20,0,1,0.029904,1,0.007476,1,113.651623436995,1,4.8528131101215,716,1,9.83899974822998,35.1710014343262,0.0299040004611015,0,109.595901489258,-85.4387,24.3388,123.230812815019,63,63,63,63,61,63,0,8521,1.64861680440262,24,-85,0.001869,51,2023-12-19 05:39:51.000593,716,1.037,0.0011,"aoml_navis",1030.33022012975
"7901009",20,0,1,0.028035,1,0.005607,1,113.879971759978,1,4.85275845987192,718,1,9.79899978637695,35.1650009155273,0.0280349999666214,0,109.816101074219,-85.4387,24.3388,123.230812815019,63,63,63,63,61,63,0,8521,1.64861680440262,24,-85,0.001869,51,2023-12-19 05:39:51.000593,718,1.037,0.0011,"aoml_navis",1030.34182338677
"7901009",20,0,1,0.029904,1,0.007476,1,114.101373584882,1,4.85270818664985,720,1,9.76399993896484,35.1590003967285,0.0299040004611015,0,110.029602050781,-85.4387,24.3388,123.230812815019,63,63,63,63,61,63,0,8521,1.64861680440262,24,-85,0.001869,51,2023-12-19 05:39:51.000593,720,1.037,0.0011,"aoml_navis",1030.35249755082
"7901009",20,0,1,0.028035,1,0.005607,1,114.337190580061,1,4.85266119503175,722,1,9.73700046539307,35.1539993286133,0.0280349999666214,0,110.25700378418,-85.4387,24.3388,123.230812815019,63,63,63,63,61,63,0,8521,1.64861680440262,24,-85,0.001869,51,2023-12-19 05:39:51.000593,722,1.037,0.0011,"aoml_navis",1030.36247515468
"7901009",20,0,1,0.022428,1,0,1,114.486825111022,1,4.85261550719649,724,1,9.72000026702881,35.1510009765625,0.0224280003458261,0,110.401298522949,-85.4387,24.3388,123.230812815019,63,63,63,63,61,63,0,8521,1.64861680440262,24,-85,0.001869,51,2023-12-19 05:39:51.000593,724,1.037,0.0011,"aoml_navis",1030.37217611512
"7901009",20,0,1,0.028035,1,0.005607,1,114.611062991828,1,4.85256898343229,726,1,9.70199966430664,35.1479988098145,0.0280349999666214,0,110.521102905273,-85.4387,24.3388,123.230812815019,63,63,63,63,61,63,0,8521,1.64861680440262,24,-85,0.001869,51,2023-12-19 05:39:51.000593,726,1.037,0.0011,"aoml_navis",1030.3820547572
"7901009",20,0,1,0.024297,1,0.001869,1,114.774281961516,1,4.8525089990235,728,1,9.64700031280518,35.1399993896484,0.0242970008403063,0,110.678497314453,-85.4387,24.3388,123.230812815019,63,63,63,63,61,63,0,8521,1.64861680440262,24,-85,0.001869,51,2023-12-19 05:39:51.000593,728,1.037,0.0011,"aoml_navis",1030.39479185019
"7901009",20,0,1,0.028035,1,0.005607,1,114.382295347206,1,4.85245737117389,730,1,9.6230001449585,35.1370010375977,0.0280349999666214,0,110.300498962402,-85.4387,24.3388,123.230812815019,63,63,63,63,61,63,0,8521,1.64861680440262,24,-85,0.001869,51,2023-12-19 05:39:51.000593,730,1.037,0.0011,"aoml_navis",1030.40575476306
"7901009",20,0,1,0.026166,1,0.003738,1,114.167634315427,1,4.85238025558462,732,1,9.58199977874756,35.1370010375977,0.0261659994721413,0,110.09349822998,-85.4387,24.3388,123.230812815019,63,63,63,63,61,63,0,8521,1.64861680440262,24,-85,0.001869,51,2023-12-19 05:39:51.000593,732,1.037,0.0011,"aoml_navis",1030.42213030306
"7901009",20,0,1,0.022428,1,0,1,114.114752318656,1,4.85232809117843,734,1,9.55300045013428,35.132999420166,0.0224280003458261,0,110.042503356934,-85.4387,24.3388,123.230812815019,63,63,63,63,61,63,0,8521,1.64861680440262,24,-85,0.001869,51,2023-12-19 05:39:51.000593,734,1.037,0.0011,"aoml_navis",1030.43320774002
"7901009",20,0,1,0.028035,1,0.005607,1,114.092243449593,1,4.85227450289952,736,1,9.51799964904785,35.1279983520508,0.0280349999666214,0,110.020797729492,-85.4387,24.3388,123.230812815019,63,63,63,63,61,63,0,8521,1.64861680440262,24,-85,0.001869,51,2023-12-19 05:39:51.000593,736,1.037,0.0011,"aoml_navis",1030.44458779325
"7901009",20,0,1,0.029904,1,0.007476,1,114.082084789531,1,4.85221695595337,738,1,9.47399997711182,35.1220016479492,0.0299040004611015,0,110.011001586914,-85.4387,24.3388,123.230812815019,63,63,63,63,61,63,0,8521,1.64861680440262,24,-85,0.001869,51,2023-12-19 05:39:51.000593,738,1.037,0.0011,"aoml_navis",1030.45680879238
"7901009",20,0,1,0.026166,1,0.003738,1,114.253500310485,1,4.85215157386524,740,1,9.41199970245361,35.1139984130859,0.0261659994721413,0,110.176300048828,-85.4387,24.3388,123.230812815019,63,63,63,63,61,63,0,8521,1.64861680440262,24,-85,0.001869,51,2023-12-19 05:39:51.000593,740,1.037,0.0011,"aoml_navis",1030.47069405892
"7901009",20,0,1,0.026166,1,0.003738,1,114.426577294532,1,4.85209536000204,742,1,9.36499977111816,35.1069984436035,0.0261659994721413,0,110.343200683594,-85.4387,24.3388,123.230812815019,63,63,63,63,61,63,0,8521,1.64861680440262,24,-85,0.001869,51,2023-12-19 05:39:51.000593,742,1.037,0.0011,"aoml_navis",1030.48263255854
"7901009",20,0,1,0.024297,1,0.001869,1,114.705220478898,1,4.85202099126111,744,1,9.29199981689453,35.0989990234375,0.0242970008403063,0,110.61190032959,-85.4387,24.3388,123.230812815019,63,63,63,63,61,63,0,8521,1.64861680440262,24,-85,0.001869,51,2023-12-19 05:39:51.000593,744,1.037,0.0011,"aoml_navis",1030.49842715137
"7901009",20,0,1,0.031773,1,0.009345,1,114.898519842322,1,4.85195830135737,746,1,9.23700046539307,35.0919990539551,0.0317730009555817,0,110.798301696777,-85.4387,24.3388,123.230812815019,63,63,63,63,61,63,0,8521,1.64861680440262,24,-85,0.001869,51,2023-12-19 05:39:51.000593,746,1.037,0.0011,"aoml_navis",1030.51174174379
"7901009",20,0,1,0.031773,1,0.009345,1,115.011863272267,1,4.85189761710154,748,1,9.19299983978271,35.0870018005371,0.0317730009555817,0,110.907600402832,-85.4387,24.3388,123.230812815019,63,63,63,63,61,63,0,8521,1.64861680440262,24,-85,0.001869,51,2023-12-19 05:39:51.000593,748,1.037,0.0011,"aoml_navis",1030.52463068809
"7901009",20,0,1,0.026166,1,0.003738,1,115.140658308988,1,4.85183567469167,750,1,9.14299964904785,35.0810012817383,0.0261659994721413,0,111.031799316406,-85.4387,24.3388,123.230812815019,63,63,63,63,61,63,0,8521,1.64861680440262,24,-85,0.001869,51,2023-12-19 05:39:51.000593,750,1.037,0.0011,"aoml_navis",1030.53778718871
"7901009",20,0,1,0.029904,1,0.007476,1,115.295482934186,1,4.85177416685801,752,1,9.08899974822998,35.0740013122559,0.0299040004611015,0,111.181098937988,-85.4387,24.3388,123.230812815019,63,63,63,63,61,63,0,8521,1.64861680440262,24,-85,0.001869,51,2023-12-19 05:39:51.000593,752,1.037,0.0011,"aoml_navis",1030.55085171822
"7901009",20,0,1,0.026166,1,0.003738,1,115.342043459471,1,4.85172474415251,754,1,9.06700038909912,35.0709991455078,0.0261659994721413,0,111.225997924805,-85.4387,24.3388,123.230812815019,63,63,63,63,61,63,0,8521,1.64861680440262,24,-85,0.001869,51,2023-12-19 05:39:51.000593,754,1.037,0.0011,"aoml_navis",1030.56134955434
"7901009",20,0,1,0.028035,1,0.005607,1,115.336133397893,1,4.85168014446142,756,1,9.06400012969971,35.0709991455078,0.0280349999666214,0,111.22029876709,-85.4387,24.3388,123.230812815019,63,63,63,63,61,63,0,8521,1.64861680440262,24,-85,0.001869,51,2023-12-19 05:39:51.000593,756,1.037,0.0011,"aoml_navis",1030.57082312153
"7901009",20,0,1,0.028035,1,0.005607,1,115.286874973012,1,4.85164087150839,758,1,9.0629997253418,35.0699996948242,0.0280349999666214,0,111.172798156738,-85.4387,24.3388,123.230812815019,63,63,63,63,61,63,0,8521,1.64861680440262,24,-85,0.001869,51,2023-12-19 05:39:51.000593,758,1.037,0.0011,"aoml_navis",1030.57916536297
"7901009",20,0,1,0.029904,1,0.007476,1,115.253487476547,1,4.85159827168111,760,1,9.05799961090088,35.0690002441406,0.0299040004611015,0,111.140602111816,-85.4387,24.3388,123.230812815019,63,63,63,63,61,63,0,8521,1.64861680440262,24,-85,0.001869,51,2023-12-19 05:39:51.000593,760,1.037,0.0011,"aoml_navis",1030.58821444164
"7901009",20,0,1,0.028035,1,0.005607,1,115.203912582505,1,4.8515463624714,762,1,9.03299999237061,35.0660018920898,0.0280349999666214,0,111.092796325684,-85.4387,24.3388,123.230812815019,63,63,63,63,61,63,0,8521,1.64861680440262,24,-85,0.001869,51,2023-12-19 05:39:51.000593,762,1.037,0.0011,"aoml_navis",1030.59924123924
"7901009",20,0,1,0.024297,1,0.001869,1,115.206816187056,1,4.8514861918882,764,1,8.9980001449585,35.0629997253418,0.0242970008403063,0,111.095596313477,-85.4387,24.3388,123.230812815019,63,63,63,63,61,63,0,8521,1.64861680440262,24,-85,0.001869,51,2023-12-19 05:39:51.000593,764,1.037,0.0011,"aoml_navis",1030.61202325179
"7901009",20,0,1,0.028035,1,0.005607,1,115.162953561367,1,4.85143813919976,766,1,8.98200035095215,35.0610008239746,0.0280349999666214,0,111.053298950195,-85.4387,24.3388,123.230812815019,63,63,63,63,61,63,0,8521,1.64861680440262,24,-85,0.001869,51,2023-12-19 05:39:51.000593,766,1.037,0.0011,"aoml_navis",1030.62223129258
"7901009",20,0,1,0.026166,1,0.003738,1,115.16067498341,1,4.85139093761489,768,1,8.96700000762939,35.0589981079102,0.0261659994721413,0,111.05110168457,-85.4387,24.3388,123.230812815019,63,63,63,63,61,63,0,8521,1.64861680440262,24,-85,0.001869,51,2023-12-19 05:39:51.000593,768,1.037,0.0011,"aoml_navis",1030.63225872664
"7901009",20,0,1,0.031773,1,0.009345,1,115.217710637917,1,4.85133414962254,770,1,8.93599987030029,35.0559997558594,0.0317730009555817,0,111.106101989746,-85.4387,24.3388,123.230812815019,63,63,63,63,61,63,0,8521,1.64861680440262,24,-85,0.001869,51,2023-12-19 05:39:51.000593,770,1.037,0.0011,"aoml_navis",1030.64432294136
"7901009",20,0,1,0.026166,1,0.003738,1,115.274746292424,1,4.85128530564364,772,1,8.91899967193604,35.0540008544922,0.0261659994721413,0,111.161102294922,-85.4387,24.3388,123.230812815019,63,63,63,63,61,63,0,8521,1.64861680440262,24,-85,0.001869,51,2023-12-19 05:39:51.000593,772,1.037,0.0011,"aoml_navis",1030.6546997315
"7901009",20,0,1,0.033642,1,0.011214,1,115.344741359067,1,4.85124014778165,774,1,8.90200042724609,35.0509986877441,0.0336420014500618,0,111.22859954834,-85.4387,24.3388,123.230812815019,63,63,63,63,61,63,0,8521,1.64861680440262,24,-85,0.001869,51,2023-12-19 05:39:51.000593,774,1.037,0.0011,"aoml_navis",1030.66429360055
"7901009",20,0,1,0.024297,1,0.001869,1,115.561269558894,1,4.85117967826387,776,1,8.86200046539307,35.0470008850098,0.0242970008403063,0,111.437400817871,-85.4387,24.3388,123.230812815019,63,63,63,63,61,63,0,8521,1.64861680440262,24,-85,0.001869,51,2023-12-19 05:39:51.000593,776,1.037,0.0011,"aoml_navis",1030.67714073815
"7901009",20,0,1,0.028035,1,0.005607,1,115.897051250244,1,4.85112953036225,778,1,8.82999992370605,35.0419998168945,0.0280349999666214,0,111.761199951172,-85.4387,24.3388,123.230812815019,63,63,63,63,61,63,0,8521,1.64861680440262,24,-85,0.001869,51,2023-12-19 05:39:51.000593,778,1.037,0.0011,"aoml_navis",1030.68779522501
"7901009",20,0,1,0.029904,1,0.007476,1,116.370133087013,1,4.8510674283204,780,1,8.77000045776367,35.0340003967285,0.0299040004611015,0,112.217399597168,-85.4387,24.3388,123.230812815019,63,63,63,63,61,63,0,8521,1.64861680440262,24,-85,0.001869,51,2023-12-19 05:39:51.000593,780,1.037,0.0011,"aoml_navis",1030.70098980899
"7901009",20,0,1,0.026166,1,0.003738,1,116.721263532663,1,4.85099033701016,782,1,8.66899967193604,35.0209999084473,0.0261659994721413,0,112.555999755859,-85.4387,24.3388,123.230812815019,63,63,63,63,61,63,0,8521,1.64861680440262,24,-85,0.001869,51,2023-12-19 05:39:51.000593,782,1.037,0.0011,"aoml_navis",1030.71736957565
"7901009",20,0,1,0.028035,1,0.005607,1,116.859805819537,1,4.85094451976893,784,1,8.64200019836426,35.015998840332,0.0280349999666214,0,112.689598083496,-85.4387,24.3388,123.230812815019,63,63,63,63,61,63,0,8521,1.64861680440262,24,-85,0.001869,51,2023-12-19 05:39:51.000593,784,1.037,0.0011,"aoml_navis",1030.72710471613
"7901009",20,0,1,0.026166,1,0.003738,1,117.022201969408,1,4.8508893897361,786,1,8.59899997711182,35.0099983215332,0.0261659994721413,0,112.846199035645,-85.4387,24.3388,123.230812815019,63,63,63,63,61,63,0,8521,1.64861680440262,24,-85,0.001869,51,2023-12-19 05:39:51.000593,786,1.037,0.0011,"aoml_navis",1030.7388188606
"7901009",20,0,1,0.026166,1,0.003738,1,117.34439922203,1,4.85080928446217,788,1,8.51599979400635,35.0019989013672,0.0261659994721413,0,113.156898498535,-85.4387,24.3388,123.230812815019,63,63,63,63,61,63,0,8521,1.64861680440262,24,-85,0.001869,51,2023-12-19 05:39:51.000593,788,1.037,0.0011,"aoml_navis",1030.75584027096
"7901009",20,0,1,0.029904,1,0.007476,1,117.574100450676,1,4.85073387350942,790,1,8.44299983978271,34.9949989318848,0.0299040004611015,0,113.378402709961,-85.4387,24.3388,123.230812815019,63,63,63,63,61,63,0,8521,1.64861680440262,24,-85,0.001869,51,2023-12-19 05:39:51.000593,790,1.037,0.0011,"aoml_navis",1030.77186470809
"7901009",20,0,1,0.028035,1,0.005607,1,117.651769894468,1,4.85067890786934,792,1,8.41800022125244,34.9930000305176,0.0280349999666214,0,113.453300476074,-85.4387,24.3388,123.230812815019,63,63,63,63,61,63,0,8521,1.64861680440262,24,-85,0.001869,51,2023-12-19 05:39:51.000593,792,1.037,0.0011,"aoml_navis",1030.78354493603
"7901009",20,0,1,0.028035,1,0.005607,1,117.784402119765,1,4.85062970221715,794,1,8.39099979400635,34.9889984130859,0.0280349999666214,0,113.581199645996,-85.4387,24.3388,123.230812815019,63,63,63,63,61,63,0,8521,1.64861680440262,24,-85,0.001869,51,2023-12-19 05:39:51.000593,794,1.037,0.0011,"aoml_navis",1030.79400138802
"7901009",20,0,1,0.029904,1,0.007476,1,117.883646848595,1,4.85057524350261,796,1,8.36200046539307,34.9860000610352,0.0299040004611015,0,113.676902770996,-85.4387,24.3388,123.230812815019,63,63,63,63,61,63,0,8521,1.64861680440262,24,-85,0.001869,51,2023-12-19 05:39:51.000593,796,1.037,0.0011,"aoml_navis",1030.80557438987
"7901009",20,0,1,0.026166,1,0.003738,1,118.027893492093,1,4.85051875335125,798,1,8.33500003814697,34.984001159668,0.0261659994721413,0,113.81600189209,-85.4387,24.3388,123.230812815019,63,63,63,63,61,63,0,8521,1.64861680440262,24,-85,0.001869,51,2023-12-19 05:39:51.000593,798,1.037,0.0011,"aoml_navis",1030.81757936622
"7901009",20,0,1,0.028035,1,0.005607,1,118.136363296961,1,4.85046422462272,800,1,8.3149995803833,34.9830017089844,0.0280349999666214,0,113.920600891113,-85.4387,24.3388,123.230812815019,63,63,63,63,61,63,0,8521,1.64861680440262,24,-85,0.001869,51,2023-12-19 05:39:51.000593,800,1.037,0.0011,"aoml_navis",1030.82916777701
"7901009",20,0,1,0.029904,1,0.007476,1,118.223471433475,1,4.85041691937728,802,1,8.30399990081787,34.9819984436035,0.0299040004611015,0,114.004600524902,-85.4387,24.3388,123.230812815019,63,63,63,63,61,63,0,8521,1.64861680440262,24,-85,0.001869,51,2023-12-19 05:39:51.000593,802,1.037,0.0011,"aoml_navis",1030.83922126882
"7901009",20,0,1,0.029904,1,0.007476,1,118.318151094661,1,4.85035841995864,804,1,8.2790002822876,34.9809989929199,0.0299040004611015,0,114.095901489258,-85.4387,24.3388,123.230812815019,63,63,63,63,61,63,0,8521,1.64861680440262,24,-85,0.001869,51,2023-12-19 05:39:51.000593,804,1.037,0.0011,"aoml_navis",1030.85165406037
"7901009",20,0,1,0.028035,1,0.005607,1,118.447571157975,1,4.85029244757381,806,1,8.23999977111816,34.9790000915527,0.0280349999666214,0,114.220703125,-85.4387,24.3388,123.230812815019,63,63,63,63,61,63,0,8521,1.64861680440262,24,-85,0.001869,51,2023-12-19 05:39:51.000593,806,1.037,0.0011,"aoml_navis",1030.86567542975
"7901009",20,0,1,0.028035,1,0.005607,1,118.481480828556,1,4.85025200759971,808,1,8.23299980163574,34.9770011901855,0.0280349999666214,0,114.253402709961,-85.4387,24.3388,123.230812815019,63,63,63,63,61,63,0,8521,1.64861680440262,24,-85,0.001869,51,2023-12-19 05:39:51.000593,808,1.037,0.0011,"aoml_navis",1030.87427048443
"7901009",20,0,1,0.026166,1,0.003738,1,118.517874782049,1,4.8502039224396,810,1,8.2209997177124,34.976001739502,0.0261659994721413,0,114.288497924805,-85.4387,24.3388,123.230812815019,63,63,63,63,61,63,0,8521,1.64861680440262,24,-85,0.001869,51,2023-12-19 05:39:51.000593,810,1.037,0.0011,"aoml_navis",1030.88449062262
"7901009",20,0,1,0.029904,1,0.007476,1,118.562259581853,1,4.85015665258615,812,1,8.21000003814697,34.9749984741211,0.0299040004611015,0,114.331298828125,-85.4387,24.3388,123.230812815019,63,63,63,63,61,63,0,8521,1.64861680440262,24,-85,0.001869,51,2023-12-19 05:39:51.000593,812,1.037,0.0011,"aoml_navis",1030.89453767106
"7901009",20,0,1,0.029904,1,0.007476,1,118.611415154256,1,4.85009218944996,814,1,8.18200016021729,34.9749984741211,0.0299040004611015,0,114.378700256348,-85.4387,24.3388,123.230812815019,63,63,63,63,61,63,0,8521,1.64861680440262,24,-85,0.001869,51,2023-12-19 05:39:51.000593,814,1.037,0.0011,"aoml_navis",1030.90823940958
"7901009",20,0,1,0.026166,1,0.003738,1,118.612451590758,1,4.85004284391436,816,1,8.17300033569336,34.9749984741211,0.0261659994721413,0,114.379699707031,-85.4387,24.3388,123.230812815019,63,63,63,63,61,63,0,8521,1.64861680440262,24,-85,0.001869,51,2023-12-19 05:39:51.000593,816,1.037,0.0011,"aoml_navis",1030.91872812501
"7901009",20,0,1,0.028035,1,0.005607,1,118.521917675578,1,4.84999667886544,818,1,8.16800022125244,34.9749984741211,0.0280349999666214,0,114.29239654541,-85.4387,24.3388,123.230812815019,63,63,63,63,61,63,0,8521,1.64861680440262,24,-85,0.001869,51,2023-12-19 05:39:51.000593,818,1.037,0.0011,"aoml_navis",1030.9285410005
"7901009",20,0,1,0.026166,1,0.003738,1,118.476607203479,1,4.8499407883144,820,1,8.15999984741211,34.9770011901855,0.0261659994721413,0,114.24870300293,-85.4387,24.3388,123.230812815019,63,63,63,63,61,63,0,8521,1.64861680440262,24,-85,0.001869,51,2023-12-19 05:39:51.000593,820,1.037,0.0011,"aoml_navis",1030.94042138559
"7901009",20,0,1,0.031773,1,0.009345,1,118.61856735729,1,4.84989096245787,822,1,8.15499973297119,34.9780006408691,0.0317730009555817,0,114.385597229004,-85.4387,24.3388,123.230812815019,63,63,63,63,61,63,0,8521,1.64861680440262,24,-85,0.001869,51,2023-12-19 05:39:51.000593,822,1.037,0.0011,"aoml_navis",1030.95101285866
"7901009",20,0,1,0.028035,1,0.005607,1,118.864756629215,1,4.84984787376753,824,1,8.14000034332275,34.9749984741211,0.0280349999666214,0,114.623001098633,-85.4387,24.3388,123.230812815019,63,63,63,63,61,63,0,8521,1.64861680440262,24,-85,0.001869,51,2023-12-19 05:39:51.000593,824,1.037,0.0011,"aoml_navis",1030.96017238904
"7901009",20,0,1,0.029904,1,0.007476,1,119.155425641691,1,4.84978704634348,826,1,8.09799957275391,34.9710006713867,0.0299040004611015,0,114.903297424316,-85.4387,24.3388,123.230812815019,63,63,63,63,61,63,0,8521,1.64861680440262,24,-85,0.001869,51,2023-12-19 05:39:51.000593,826,1.037,0.0011,"aoml_navis",1030.97310298805
"7901009",20,0,1,0.029904,1,0.007476,1,119.347277158705,1,4.84974290704807,828,1,8.07699966430664,34.9669990539551,0.0299040004611015,0,115.088302612305,-85.4387,24.3388,123.230812815019,63,63,63,63,61,63,0,8521,1.64861680440262,24,-85,0.001869,51,2023-12-19 05:39:51.000593,828,1.037,0.0011,"aoml_navis",1030.98248625377
"7901009",20,0,1,0.026166,1,0.003738,1,119.496705984711,1,4.84969172539683,830,1,8.06099987030029,34.9659996032715,0.0261659994721413,0,115.232398986816,-85.4387,24.3388,123.230812815019,63,63,63,63,61,63,0,8521,1.64861680440262,24,-85,0.001869,51,2023-12-19 05:39:51.000593,830,1.037,0.0011,"aoml_navis",1030.99336681877
"7901009",20,0,1,0.024297,1,0.001869,1,119.717585635499,1,4.84963869095225,832,1,8.03800010681152,34.9640007019043,0.0242970008403063,0,115.44539642334,-85.4387,24.3388,123.230812815019,63,63,63,63,61,63,0,8521,1.64861680440262,24,-85,0.001869,51,2023-12-19 05:39:51.000593,832,1.037,0.0011,"aoml_navis",1031.00464150624
"7901009",20,0,1,0.028035,1,0.005607,1,119.943449675571,1,4.84957753346148,834,1,8,34.9609985351562,0.0280349999666214,0,115.663200378418,-85.4387,24.3388,123.230812815019,63,63,63,63,61,63,0,8521,1.64861680440262,24,-85,0.001869,51,2023-12-19 05:39:51.000593,834,1.037,0.0011,"aoml_navis",1031.01764339278
"7901009",20,0,1,0.026166,1,0.003738,1,120.256413940427,1,4.84950019115787,836,1,7.93200016021729,34.9560012817383,0.0261659994721413,0,115.964996337891,-85.4387,24.3388,123.230812815019,63,63,63,63,61,63,0,8521,1.64861680440262,24,-85,0.001869,51,2023-12-19 05:39:51.000593,836,1.037,0.0011,"aoml_navis",1031.03408658825
"7901009",20,0,1,0.028035,1,0.005607,1,120.381379700302,1,4.84943372202507,838,1,7.88700008392334,34.9529991149902,0.0280349999666214,0,116.085502624512,-85.4387,24.3388,123.230812815019,63,63,63,63,61,63,0,8521,1.64861680440262,24,-85,0.001869,51,2023-12-19 05:39:51.000593,838,1.037,0.0011,"aoml_navis",1031.04821853552
"7901009",20,0,1,0.031773,1,0.009345,1,120.444839678774,1,4.84937849887586,840,1,7.86100006103516,34.951000213623,0.0317730009555817,0,116.146697998047,-85.4387,24.3388,123.230812815019,63,63,63,63,61,63,0,8521,1.64861680440262,24,-85,0.001869,51,2023-12-19 05:39:51.000593,840,1.037,0.0011,"aoml_navis",1031.05995977816
"7901009",20,0,1,0.029904,1,0.007476,1,120.434578166235,1,4.84931573264304,842,1,7.82999992370605,34.9500007629395,0.0299040004611015,0,116.13680267334,-85.4387,24.3388,123.230812815019,63,63,63,63,61,63,0,8521,1.64861680440262,24,-85,0.001869,51,2023-12-19 05:39:51.000593,842,1.037,0.0011,"aoml_navis",1031.0733051145
"7901009",20,0,1,0.028035,1,0.005607,1,120.572598278994,1,4.84925612050804,844,1,7.80299997329712,34.9490013122559,0.0280349999666214,0,116.269897460938,-85.4387,24.3388,123.230812815019,63,63,63,63,61,63,0,8521,1.64861680440262,24,-85,0.001869,51,2023-12-19 05:39:51.000593,844,1.037,0.0011,"aoml_navis",1031.08598014744
"7901009",20,0,1,0.028035,1,0.005607,1,120.736347334527,1,4.84920844023558,846,1,7.7960000038147,34.9490013122559,0.0280349999666214,0,116.427803039551,-85.4387,24.3388,123.230812815019,63,63,63,63,61,63,0,8521,1.64861680440262,24,-85,0.001869,51,2023-12-19 05:39:51.000593,846,1.037,0.0011,"aoml_navis",1031.09611839187
"7901009",20,0,1,0.029904,1,0.007476,1,121.000678201095,1,4.84915176456294,848,1,7.76800012588501,34.9469985961914,0.0299040004611015,0,116.68270111084,-85.4387,24.3388,123.230812815019,63,63,63,63,61,63,0,8521,1.64861680440262,24,-85,0.001869,51,2023-12-19 05:39:51.000593,848,1.037,0.0011,"aoml_navis",1031.10816958534
"7901009",20,0,1,0.029904,1,0.007476,1,121.438916783258,1,4.84909877215816,850,1,7.73999977111816,34.9440002441406,0.0299040004611015,0,117.10530090332,-85.4387,24.3388,123.230812815019,63,63,63,63,61,63,0,8521,1.64861680440262,24,-85,0.001869,51,2023-12-19 05:39:51.000593,850,1.037,0.0011,"aoml_navis",1031.11943784446
"7901009",20,0,1,0.029904,1,0.007476,1,122.109135172025,1,4.8490136729432,852,1,7.66099977493286,34.9389991760254,0.0299040004611015,0,117.751602172852,-85.4387,24.3388,123.230812815019,63,63,63,63,61,63,0,8521,1.64861680440262,24,-85,0.001869,51,2023-12-19 05:39:51.000593,852,1.037,0.0011,"aoml_navis",1031.13753378327
"7901009",20,0,1,0.028035,1,0.005607,1,122.485361622127,1,4.84893885858765,854,1,7.59499979019165,34.9339981079102,0.0280349999666214,0,118.114402770996,-85.4387,24.3388,123.230812815019,63,63,63,63,61,63,0,8521,1.64861680440262,24,-85,0.001869,51,2023-12-19 05:39:51.000593,854,1.037,0.0011,"aoml_navis",1031.15344322084
"7901009",20,0,1,0.033642,1,0.011214,1,122.773752056646,1,4.84887701617332,856,1,7.55999994277954,34.931999206543,0.0336420014500618,0,118.392501831055,-85.4387,24.3388,123.230812815019,63,63,63,63,61,63,0,8521,1.64861680440262,24,-85,0.001869,51,2023-12-19 05:39:51.000593,856,1.037,0.0011,"aoml_navis",1031.16659451717
"7901009",20,0,1,0.031773,1,0.009345,1,123.018279865476,1,4.8488129222859,858,1,7.52199983596802,34.9300003051758,0.0317730009555817,0,118.628303527832,-85.4387,24.3388,123.230812815019,63,63,63,63,61,63,0,8521,1.64861680440262,24,-85,0.001869,51,2023-12-19 05:39:51.000593,858,1.037,0.0011,"aoml_navis",1031.18022496171
"7901009",20,0,1,0.029904,1,0.007476,1,123.34078567553,1,4.84876129780246,860,1,7.50500011444092,34.9290008544922,0.0299040004611015,0,118.939300537109,-85.4387,24.3388,123.230812815019,63,63,63,63,61,63,0,8521,1.64861680440262,24,-85,0.001869,51,2023-12-19 05:39:51.000593,860,1.037,0.0011,"aoml_navis",1031.19120387842
"7901009",20,0,1,0.033642,1,0.011214,1,123.772694874477,1,4.8487138163317,862,1,7.47900009155273,34.9249992370605,0.0336420014500618,0,119.355796813965,-85.4387,24.3388,123.230812815019,63,63,63,63,61,63,0,8521,1.64861680440262,24,-85,0.001869,51,2023-12-19 05:39:51.000593,862,1.037,0.0011,"aoml_navis",1031.20130191201
"7901009",20,0,1,0.028035,1,0.005607,1,124.100390778769,1,4.84864511935717,864,1,7.42999982833862,34.9220008850098,0.0280349999666214,0,119.671798706055,-85.4387,24.3388,123.230812815019,63,63,63,63,61,63,0,8521,1.64861680440262,24,-85,0.001869,51,2023-12-19 05:39:51.000593,864,1.037,0.0011,"aoml_navis",1031.21591226353
"7901009",20,0,1,0.029904,1,0.007476,1,124.183044611844,1,4.84860104744206,866,1,7.41800022125244,34.9199981689453,0.0299040004611015,0,119.751502990723,-85.4387,24.3388,123.230812815019,63,63,63,63,61,63,0,8521,1.64861680440262,24,-85,0.001869,51,2023-12-19 05:39:51.000593,866,1.037,0.0011,"aoml_navis",1031.22528561879
"7901009",20,0,1,0.026166,1,0.003738,1,124.273056352908,1,4.8485312173476,868,1,7.3769998550415,34.9189987182617,0.0261659994721413,0,119.838302612305,-85.4387,24.3388,123.230812815019,63,63,63,63,61,63,0,8521,1.64861680440262,24,-85,0.001869,51,2023-12-19 05:39:51.000593,868,1.037,0.0011,"aoml_navis",1031.24013765457
"7901009",20,0,1,0.031773,1,0.009345,1,124.225973653508,1,4.8484799465667,870,1,7.36999988555908,34.9199981689453,0.0317730009555817,0,119.792900085449,-85.4387,24.3388,123.230812815019,63,63,63,63,61,63,0,8521,1.64861680440262,24,-85,0.001869,51,2023-12-19 05:39:51.000593,870,1.037,0.0011,"aoml_navis",1031.25104261607
"7901009",20,0,1,0.029904,1,0.007476,1,124.393757690841,1,4.84842474664507,872,1,7.35300016403198,34.9199981689453,0.0299040004611015,0,119.954696655273,-85.4387,24.3388,123.230812815019,63,63,63,63,61,63,0,8521,1.64861680440262,24,-85,0.001869,51,2023-12-19 05:39:51.000593,872,1.037,0.0011,"aoml_navis",1031.26278353806
"7901009",20,0,1,0.028035,1,0.005607,1,124.610808064784,1,4.84836639510737,874,1,7.3270001411438,34.9189987182617,0.0280349999666214,0,120.164001464844,-85.4387,24.3388,123.230812815019,63,63,63,63,61,63,0,8521,1.64861680440262,24,-85,0.001869,51,2023-12-19 05:39:51.000593,874,1.037,0.0011,"aoml_navis",1031.27519509368
"7901009",20,0,1,0.024297,1,0.001869,1,124.807216737713,1,4.84830882705963,876,1,7.30200004577637,34.9179992675781,0.0242970008403063,0,120.353401184082,-85.4387,24.3388,123.230812815019,63,63,63,63,61,63,0,8521,1.64861680440262,24,-85,0.001869,51,2023-12-19 05:39:51.000593,876,1.037,0.0011,"aoml_navis",1031.28744029129
"7901009",20,0,1,0.028035,1,0.005607,1,124.942444010128,1,4.84825495257072,878,1,7.27699995040894,34.9160003662109,0.0280349999666214,0,120.48380279541,-85.4387,24.3388,123.230812815019,63,63,63,63,61,63,0,8521,1.64861680440262,24,-85,0.001869,51,2023-12-19 05:39:51.000593,878,1.037,0.0011,"aoml_navis",1031.29890010195
"7901009",20,0,1,0.026166,1,0.003738,1,125.203143393076,1,4.84819376205134,880,1,7.2519998550415,34.9160003662109,0.0261659994721413,0,120.735198974609,-85.4387,24.3388,123.230812815019,63,63,63,63,61,63,0,8521,1.64861680440262,24,-85,0.001869,51,2023-12-19 05:39:51.000593,880,1.037,0.0011,"aoml_navis",1031.31191643719
"7901009",20,0,1,0.031773,1,0.009345,1,125.511653354493,1,4.84814219960002,882,1,7.23000001907349,34.9140014648438,0.0317730009555817,0,121.032699584961,-85.4387,24.3388,123.230812815019,63,63,63,63,61,63,0,8521,1.64861680440262,24,-85,0.001869,51,2023-12-19 05:39:51.000593,882,1.037,0.0011,"aoml_navis",1031.32288496251
"7901009",20,0,1,0.026166,1,0.003738,1,125.797345889416,1,4.84809604938262,884,1,7.21999979019165,34.9129981994629,0.0261659994721413,0,121.308197021484,-85.4387,24.3388,123.230812815019,63,63,63,63,61,63,0,8521,1.64861680440262,24,-85,0.001869,51,2023-12-19 05:39:51.000593,884,1.037,0.0011,"aoml_navis",1031.33270237844
"7901009",20,0,1,0.028035,1,0.005607,1,126.233511598576,1,4.84804601952317,886,1,7.19999980926514,34.9109992980957,0.0280349999666214,0,121.728797912598,-85.4387,24.3388,123.230812815019,63,63,63,63,61,63,0,8521,1.64861680440262,24,-85,0.001869,51,2023-12-19 05:39:51.000593,886,1.037,0.0011,"aoml_navis",1031.34334531168
"7901009",20,0,1,0.031773,1,0.009345,1,126.687098935038,1,4.8479878175918,888,1,7.17399978637695,34.9099998474121,0.0317730009555817,0,122.166198730469,-85.4387,24.3388,123.230812815019,63,63,63,63,61,63,0,8521,1.64861680440262,24,-85,0.001869,51,2023-12-19 05:39:51.000593,888,1.037,0.0011,"aoml_navis",1031.35572697947
"7901009",20,0,1,0.031773,1,0.009345,1,127.26917275079,1,4.84793397671513,890,1,7.14400005340576,34.9070014953613,0.0317730009555817,0,122.727500915527,-85.4387,24.3388,123.230812815019,63,63,63,63,61,63,0,8521,1.64861680440262,24,-85,0.001869,51,2023-12-19 05:39:51.000593,890,1.037,0.0011,"aoml_navis",1031.36718115701
"7901009",20,0,1,0.029904,1,0.007476,1,127.768181323558,1,4.84786234831506,892,1,7.09999990463257,34.9059982299805,0.0299040004611015,0,123.208702087402,-85.4387,24.3388,123.230812815019,63,63,63,63,61,63,0,8521,1.64861680440262,24,-85,0.001869,51,2023-12-19 05:39:51.000593,892,1.037,0.0011,"aoml_navis",1031.38241986962
"7901009",20,0,1,0.029904,1,0.007476,1,128.265631285709,1,4.84780866699776,894,1,7.07499980926514,34.9039993286133,0.0299040004611015,0,123.688400268555,-85.4387,24.3388,123.230812815019,63,63,63,63,61,63,0,8521,1.64861680440262,24,-85,0.001869,51,2023-12-19 05:39:51.000593,894,1.037,0.0011,"aoml_navis",1031.39384069308
"7901009",20,0,1,0.024297,1,0.001869,1,128.905460723309,1,4.84775426243492,896,1,7.04899978637695,34.9020004272461,0.0242970008403063,0,124.305397033691,-85.4387,24.3388,123.230812815019,63,63,63,63,61,63,0,8521,1.64861680440262,24,-85,0.001869,51,2023-12-19 05:39:51.000593,896,1.037,0.0011,"aoml_navis",1031.40541564675
"7901009",20,0,1,0.029904,1,0.007476,1,129.712876405017,1,4.84768780503646,898,1,6.99200010299683,34.8969993591309,0.0299040004611015,0,125.083999633789,-85.4387,24.3388,123.230812815019,63,63,63,63,61,63,0,8521,1.64861680440262,24,-85,0.001869,51,2023-12-19 05:39:51.000593,898,1.037,0.0011,"aoml_navis",1031.41955527856
"7901009",20,0,1,0.028035,1,0.005607,1,130.381536183168,1,4.84760968148805,900,1,6.92899990081787,34.8940010070801,0.0280349999666214,0,125.728797912598,-85.4387,24.3388,123.230812815019,63,63,63,63,61,63,0,8521,1.64861680440262,24,-85,0.001869,51,2023-12-19 05:39:51.000593,900,1.037,0.0011,"aoml_navis",1031.43617752351
"7901009",20,0,1,0.028035,1,0.005607,1,130.585516380769,1,4.84754657494526,902,1,6.89599990844727,34.8930015563965,0.0280349999666214,0,125.925498962402,-85.4387,24.3388,123.230812815019,63,63,63,63,61,63,0,8521,1.64861680440262,24,-85,0.001869,51,2023-12-19 05:39:51.000593,902,1.037,0.0011,"aoml_navis",1031.44960501106
"7901009",20,0,1,0.026166,1,0.003738,1,130.62305753497,1,4.84749835605126,904,1,6.89300012588501,34.8940010070801,0.0261659994721413,0,125.961700439453,-85.4387,24.3388,123.230812815019,63,63,63,63,61,63,0,8521,1.64861680440262,24,-85,0.001869,51,2023-12-19 05:39:51.000593,904,1.037,0.0011,"aoml_navis",1031.45986501643
"7901009",20,0,1,0.028035,1,0.005607,1,130.808888226199,1,4.8474471493239,906,1,6.88100004196167,34.8940010070801,0.0280349999666214,0,126.140899658203,-85.4387,24.3388,123.230812815019,63,63,63,63,61,63,0,8521,1.64861680440262,24,-85,0.001869,51,2023-12-19 05:39:51.000593,906,1.037,0.0011,"aoml_navis",1031.47076099579
"7901009",20,0,1,0.029904,1,0.007476,1,131.028834292963,1,4.84737975597105,908,1,6.86199998855591,34.8969993591309,0.0299040004611015,0,126.352996826172,-85.4387,24.3388,123.230812815019,63,63,63,63,61,63,0,8521,1.64861680440262,24,-85,0.001869,51,2023-12-19 05:39:51.000593,908,1.037,0.0011,"aoml_navis",1031.48510158317
"7901009",20,0,1,0.031773,1,0.009345,1,131.336932844471,1,4.84731900195861,910,1,6.84700012207031,34.898998260498,0.0317730009555817,0,126.650100708008,-85.4387,24.3388,123.230812815019,63,63,63,63,61,63,0,8521,1.64861680440262,24,-85,0.001869,51,2023-12-19 05:39:51.000593,910,1.037,0.0011,"aoml_navis",1031.49802973142
"7901009",20,0,1,0.024297,1,0.001869,1,131.71108642157,1,4.84726925354298,912,1,6.8270001411438,34.8969993591309,0.0242970008403063,0,127.010902404785,-85.4387,24.3388,123.230812815019,63,63,63,63,61,63,0,8521,1.64861680440262,24,-85,0.001869,51,2023-12-19 05:39:51.000593,912,1.037,0.0011,"aoml_navis",1031.50861618537
"7901009",20,0,1,0.026166,1,0.003738,1,131.951666277619,1,4.84721583484686,914,1,6.80200004577637,34.8950004577637,0.0261659994721413,0,127.242897033691,-85.4387,24.3388,123.230812815019,63,63,63,63,61,63,0,8521,1.64861680440262,24,-85,0.001869,51,2023-12-19 05:39:51.000593,914,1.037,0.0011,"aoml_navis",1031.51998391629
"7901009",20,0,1,0.026166,1,0.003738,1,132.144348526179,1,4.84716760138755,916,1,6.78900003433228,34.8940010070801,0.0261659994721413,0,127.428703308105,-85.4387,24.3388,123.230812815019,63,63,63,63,61,63,0,8521,1.64861680440262,24,-85,0.001869,51,2023-12-19 05:39:51.000593,916,1.037,0.0011,"aoml_navis",1031.53024842151
"7901009",20,0,1,0.026166,1,0.003738,1,132.402452862009,1,4.84711570160297,918,1,6.77600002288818,34.8940010070801,0.0261659994721413,0,127.677597045898,-85.4387,24.3388,123.230812815019,63,63,63,63,61,63,0,8521,1.64861680440262,24,-85,0.001869,51,2023-12-19 05:39:51.000593,918,1.037,0.0011,"aoml_navis",1031.54129338123
"7901009",20,0,1,0.028035,1,0.005607,1,132.551264573151,1,4.84706968648188,920,1,6.76599979400635,34.8930015563965,0.0280349999666214,0,127.821098327637,-85.4387,24.3388,123.230812815019,63,63,63,63,61,63,0,8521,1.64861680440262,24,-85,0.001869,51,2023-12-19 05:39:51.000593,920,1.037,0.0011,"aoml_navis",1031.55108620465
"7901009",20,0,1,0.029904,1,0.007476,1,132.815191941539,1,4.84702148327636,922,1,6.75299978256226,34.8919982910156,0.0299040004611015,0,128.075607299805,-85.4387,24.3388,123.230812815019,63,63,63,63,61,63,0,8521,1.64861680440262,24,-85,0.001869,51,2023-12-19 05:39:51.000593,922,1.037,0.0011,"aoml_navis",1031.56134489015
"7901009",20,0,1,0.028035,1,0.005607,1,132.903850776941,1,4.84694024826706,924,1,6.69999980926514,34.8919982910156,0.0280349999666214,0,128.161102294922,-85.4387,24.3388,123.230812815019,63,63,63,63,61,63,0,8521,1.64861680440262,24,-85,0.001869,51,2023-12-19 05:39:51.000593,924,1.037,0.0011,"aoml_navis",1031.57863392017
"7901009",20,0,1,0.028035,1,0.005607,1,132.107638103525,1,4.84687956473538,926,1,6.68499994277954,34.8940010070801,0.0280349999666214,0,127.39330291748,-85.4387,24.3388,123.230812815019,63,63,63,63,61,63,0,8521,1.64861680440262,24,-85,0.001869,51,2023-12-19 05:39:51.000593,926,1.037,0.0011,"aoml_navis",1031.59154941226
"7901009",20,0,1,0.028035,1,0.005607,1,132.082122777435,1,4.84682983783354,928,1,6.71000003814697,34.9010009765625,0.0280349999666214,0,127.368698120117,-85.4387,24.3388,123.230812815019,63,63,63,63,61,63,0,8521,1.64861680440262,24,-85,0.001869,51,2023-12-19 05:39:51.000593,928,1.037,0.0011,"aoml_navis",1031.60213320691
"7901009",20,0,1,0.029904,1,0.007476,1,132.751724051338,1,4.8467809330959,930,1,6.69099998474121,34.898998260498,0.0299040004611015,0,128.014404296875,-85.4387,24.3388,123.230812815019,63,63,63,63,61,63,0,8521,1.64861680440262,24,-85,0.001869,51,2023-12-19 05:39:51.000593,930,1.037,0.0011,"aoml_navis",1031.61254222526
"7901009",20,0,1,0.028035,1,0.005607,1,133.106897390518,1,4.84672104933095,932,1,6.65700006484985,34.8969993591309,0.0280349999666214,0,128.356903076172,-85.4387,24.3388,123.230812815019,63,63,63,63,61,63,0,8521,1.64861680440262,24,-85,0.001869,51,2023-12-19 05:39:51.000593,932,1.037,0.0011,"aoml_navis",1031.62528833596
"7901009",20,0,1,0.029904,1,0.007476,1,133.134271972928,1,4.84667580581807,934,1,6.64799976348877,34.8959999084473,0.0299040004611015,0,128.38330078125,-85.4387,24.3388,123.230812815019,63,63,63,63,61,63,0,8521,1.64861680440262,24,-85,0.001869,51,2023-12-19 05:39:51.000593,934,1.037,0.0011,"aoml_navis",1031.63491851423
"7901009",20,0,1,0.028035,1,0.005607,1,132.906018590692,1,4.84662760798597,936,1,6.64499998092651,34.8969993591309,0.0280349999666214,0,128.163192749023,-85.4387,24.3388,123.230812815019,63,63,63,63,61,63,0,8521,1.64861680440262,24,-85,0.001869,51,2023-12-19 05:39:51.000593,936,1.037,0.0011,"aoml_navis",1031.64517772344
"7901009",20,0,1,0.029904,1,0.007476,1,132.712315729088,1,4.84658232422569,938,1,6.65100002288818,34.898998260498,0.0299040004611015,0,127.976402282715,-85.4387,24.3388,123.230812815019,63,63,63,63,61,63,0,8521,1.64861680440262,24,-85,0.001869,51,2023-12-19 05:39:51.000593,938,1.037,0.0011,"aoml_navis",1031.6548168402
"7901009",20,0,1,0.029904,1,0.007476,1,132.794035978139,1,4.84652460688372,940,1,6.63500022888184,34.9000015258789,0.0299040004611015,0,128.055206298828,-85.4387,24.3388,123.230812815019,63,63,63,63,61,63,0,8521,1.64861680440262,24,-85,0.001869,51,2023-12-19 05:39:51.000593,940,1.037,0.0011,"aoml_navis",1031.66710283453
"7901009",20,0,1,0.028035,1,0.005607,1,133.02539075815,1,4.84646543238128,942,1,6.62200021743774,34.9020004272461,0.0280349999666214,0,128.278305053711,-85.4387,24.3388,123.230812815019,63,63,63,63,61,63,0,8521,1.64861680440262,24,-85,0.001869,51,2023-12-19 05:39:51.000593,942,1.037,0.0011,"aoml_navis",1031.67969931094
"7901009",20,0,1,0.028035,1,0.005607,1,133.293661665771,1,4.84641728005238,944,1,6.60900020599365,34.9010009765625,0.0280349999666214,0,128.537002563477,-85.4387,24.3388,123.230812815019,63,63,63,63,61,63,0,8521,1.64861680440262,24,-85,0.001869,51,2023-12-19 05:39:51.000593,944,1.037,0.0011,"aoml_navis",1031.68994972425
"7901009",20,0,1,0.029904,1,0.007476,1,133.596886592202,1,4.84636254209789,946,1,6.59200000762939,34.9010009765625,0.0299040004611015,0,128.829406738281,-85.4387,24.3388,123.230812815019,63,63,63,63,61,63,0,8521,1.64861680440262,24,-85,0.001869,51,2023-12-19 05:39:51.000593,946,1.037,0.0011,"aoml_navis",1031.70160229812
"7901009",20,0,1,0.029904,1,0.007476,1,134.018423514404,1,4.84630781433455,948,1,6.57499980926514,34.9010009765625,0.0299040004611015,0,129.235900878906,-85.4387,24.3388,123.230812815019,63,63,63,63,61,63,0,8521,1.64861680440262,24,-85,0.001869,51,2023-12-19 05:39:51.000593,948,1.037,0.0011,"aoml_navis",1031.71325296566
"7901009",20,0,1,0.028035,1,0.005607,1,134.476370213556,1,4.84625604097664,950,1,6.55700016021729,34.9000015258789,0.0280349999666214,0,129.677505493164,-85.4387,24.3388,123.230812815019,63,63,63,63,61,63,0,8521,1.64861680440262,24,-85,0.001869,51,2023-12-19 05:39:51.000593,950,1.037,0.0011,"aoml_navis",1031.72427492964
"7901009",20,0,1,0.031773,1,0.009345,1,134.800228929273,1,4.84619478675805,952,1,6.5310001373291,34.9000015258789,0.0317730009555817,0,129.989807128906,-85.4387,24.3388,123.230812815019,63,63,63,63,61,63,0,8521,1.64861680440262,24,-85,0.001869,51,2023-12-19 05:39:51.000593,952,1.037,0.0011,"aoml_navis",1031.73731556606
"7901009",20,0,1,0.029904,1,0.007476,1,134.797839587109,1,4.84614887010058,954,1,6.52099990844727,34.898998260498,0.0299040004611015,0,129.987503051758,-85.4387,24.3388,123.230812815019,63,63,63,63,61,63,0,8521,1.64861680440262,24,-85,0.001869,51,2023-12-19 05:39:51.000593,954,1.037,0.0011,"aoml_navis",1031.74709114874
"7901009",20,0,1,0.029904,1,0.007476,1,134.657738689618,1,4.84610581308434,956,1,6.51999998092651,34.898998260498,0.0299040004611015,0,129.852401733398,-85.4387,24.3388,123.230812815019,63,63,63,63,61,63,0,8521,1.64861680440262,24,-85,0.001869,51,2023-12-19 05:39:51.000593,956,1.037,0.0011,"aoml_navis",1031.75625808668
"7901009",20,0,1,0.031773,1,0.009345,1,134.396208575123,1,4.84605979941363,958,1,6.51999998092651,34.9000015258789,0.0317730009555817,0,129.600204467773,-85.4387,24.3388,123.230812815019,63,63,63,63,61,63,0,8521,1.64861680440262,24,-85,0.001869,51,2023-12-19 05:39:51.000593,958,1.037,0.0011,"aoml_navis",1031.76605468323
"7901009",20,0,1,0.029904,1,0.007476,1,134.274763534661,1,4.84600358489977,960,1,6.51100015640259,34.9020004272461,0.0299040004611015,0,129.483093261719,-85.4387,24.3388,123.230812815019,63,63,63,63,61,63,0,8521,1.64861680440262,24,-85,0.001869,51,2023-12-19 05:39:51.000593,960,1.037,0.0011,"aoml_navis",1031.77802335518
"7901009",20,0,1,0.029904,1,0.007476,1,134.643940634206,1,4.8459328457273,962,1,6.48199987411499,34.9039993286133,0.0299040004611015,0,129.839096069336,-85.4387,24.3388,123.230812815019,63,63,63,63,61,63,0,8521,1.64861680440262,24,-85,0.001869,51,2023-12-19 05:39:51.000593,962,1.037,0.0011,"aoml_navis",1031.79308487705
"7901009",20,0,1,0.029904,1,0.007476,1,134.946849091477,1,4.84587383239313,964,1,6.45900011062622,34.9039993286133,0.0299040004611015,0,130.131195068359,-85.4387,24.3388,123.230812815019,63,63,63,63,61,63,0,8521,1.64861680440262,24,-85,0.001869,51,2023-12-19 05:39:51.000593,964,1.037,0.0011,"aoml_navis",1031.80565011342
"7901009",20,0,1,0.024297,1,0.001869,1,135.14128774388,1,4.84582642918665,966,1,6.4520001411438,34.9039993286133,0.0242970008403063,0,130.318695068359,-85.4387,24.3388,123.230812815019,63,63,63,63,61,63,0,8521,1.64861680440262,24,-85,0.001869,51,2023-12-19 05:39:51.000593,966,1.037,0.0011,"aoml_navis",1031.81574351998
"7901009",20,0,1,0.028035,1,0.005607,1,135.380111196087,1,4.84578342499553,968,1,6.44600009918213,34.9029998779297,0.0280349999666214,0,130.54899597168,-85.4387,24.3388,123.230812815019,63,63,63,63,61,63,0,8521,1.64861680440262,24,-85,0.001869,51,2023-12-19 05:39:51.000593,968,1.037,0.0011,"aoml_navis",1031.82490042972
"7901009",20,0,1,0.035511,1,0.013083,1,135.738607461454,1,4.84573312818296,970,1,6.43499994277954,34.9029998779297,0.0355109982192516,0,130.89469909668,-85.4387,24.3388,123.230812815019,63,63,63,63,61,63,0,8521,1.64861680440262,24,-85,0.001869,51,2023-12-19 05:39:51.000593,970,1.037,0.0011,"aoml_navis",1031.83561036818
"7901009",20,0,1,0.026166,1,0.003738,1,136.17052457213,1,4.84567704526886,972,1,6.41599988937378,34.9029998779297,0.0261659994721413,0,131.31120300293,-85.4387,24.3388,123.230812815019,63,63,63,63,61,63,0,8521,1.64861680440262,24,-85,0.001869,51,2023-12-19 05:39:51.000593,972,1.037,0.0011,"aoml_navis",1031.84755263082
"7901009",20,0,1,0.028035,1,0.005607,1,136.488259609585,1,4.84562247930526,974,1,6.39400005340576,34.9020004272461,0.0280349999666214,0,131.617599487305,-85.4387,24.3388,123.230812815019,63,63,63,63,61,63,0,8521,1.64861680440262,24,-85,0.001869,51,2023-12-19 05:39:51.000593,974,1.037,0.0011,"aoml_navis",1031.85917214023
"7901009",20,0,1,0.029904,1,0.007476,1,136.870396121265,1,4.84556130844083,976,1,6.3730001449585,34.9029998779297,0.0299040004611015,0,131.986099243164,-85.4387,24.3388,123.230812815019,63,63,63,63,61,63,0,8521,1.64861680440262,24,-85,0.001869,51,2023-12-19 05:39:51.000593,976,1.037,0.0011,"aoml_navis",1031.87219843657
"7901009",20,0,1,0.028035,1,0.005607,1,137.27462218037,1,4.84550454693544,978,1,6.35300016403198,34.9029998779297,0.0280349999666214,0,132.375900268555,-85.4387,24.3388,123.230812815019,63,63,63,63,61,63,0,8521,1.64861680440262,24,-85,0.001869,51,2023-12-19 05:39:51.000593,978,1.037,0.0011,"aoml_navis",1031.88428605691
"7901009",20,0,1,0.035511,1,0.013083,1,142.454984990988,1,4.84491875714693,999.099975585938,1,6.16419982910156,34.9039993286133,0.0355109982192516,0,137.371398925781,-85.4387,24.3388,123.230812815019,63,63,63,63,61,63,0,8521,1.64861680440262,24,-85,0.001869,51,2023-12-19 05:39:51.000593,999.099975585938,1.037,0.0011,"aoml_navis",1032.00904919702
"7901009",20,0,1,0.029904,1,0.007476,1,149.108005394528,1,4.84364148610485,1049.69995117188,1,5.89440011978149,34.9080009460449,0.0299040004611015,0,143.787002563477,-85.4387,24.3388,123.230812815019,63,63,63,63,61,63,0,8521,1.64861680440262,24,-85,0.001869,51,2023-12-19 05:39:51.000593,1049.69995117188,1.037,0.0011,"aoml_navis",1032.28119057608
"7901009",20,0,1,0.031773,1,0.009345,1,154.327151500804,1,4.84241237621314,1099.59997558594,1,5.67920017242432,34.9140014648438,0.0317730009555817,0,148.819900512695,-85.4387,24.3388,123.230812815019,63,63,63,63,61,63,0,8521,1.64861680440262,24,-85,0.001869,51,2023-12-19 05:39:51.000593,1099.59997558594,1.037,0.0011,"aoml_navis",1032.54320606005
"7901009",20,0,1,0.031773,1,0.009345,1,161.189025727021,1,4.84117633798917,1149.19995117188,1,5.44229984283447,34.9199981689453,0.0317730009555817,0,155.436904907227,-85.4387,24.3388,123.230812815019,63,63,63,63,61,63,0,8521,1.64861680440262,24,-85,0.001869,51,2023-12-19 05:39:51.000593,1149.19995117188,1.037,0.0011,"aoml_navis",1032.80683266266
"7901009",20,0,1,0.024297,1,0.001869,1,166.897939506569,1,4.83996561955742,1198.90002441406,1,5.24240016937256,34.9259986877441,0.0242970008403063,0,160.942092895508,-85.4387,24.3388,123.230812815019,63,63,63,63,61,63,0,8521,1.64861680440262,24,-85,0.001869,51,2023-12-19 05:39:51.000593,1198.90002441406,1.037,0.0011,"aoml_navis",1033.06518951207
"7901009",20,0,1,0.024297,1,0.001869,1,173.746332146536,1,4.83871957218395,1250.30004882812,1,5.04640007019043,34.9329986572266,0.0242970008403063,0,167.546096801758,-85.4387,24.3388,123.230812815019,63,63,63,63,61,63,0,8521,1.64861680440262,24,-85,0.001869,51,2023-12-19 05:39:51.000593,1250.30004882812,1.037,0.0011,"aoml_navis",1033.3312202557
"7901009",20,0,1,0.024297,1,0.001869,1,181.094350474134,1,4.83748667889665,1299.90002441406,1,4.82229995727539,34.9420013427734,0.0242970008403063,0,174.631896972656,-85.4387,24.3388,123.230812815019,63,63,63,63,61,63,0,8521,1.64861680440262,24,-85,0.001869,51,2023-12-19 05:39:51.000593,1299.90002441406,1.037,0.0011,"aoml_navis",1033.59457749255
"7901009",20,0,1,0.031773,1,0.009345,1,186.564868034843,1,4.83632203228429,1349.30004882812,1,4.6742000579834,34.9480018615723,0.0317730009555817,0,179.907196044922,-85.4387,24.3388,123.230812815019,63,63,63,63,61,63,0,8521,1.64861680440262,24,-85,0.001869,51,2023-12-19 05:39:51.000593,1349.30004882812,1.037,0.0011,"aoml_navis",1033.84347994677
"7901009",20,0,1,0.028035,1,0.005607,1,190.272478311791,1,4.83519070730394,1399.19995117188,1,4.57849979400635,34.9519996643066,0.0280349999666214,0,183.482498168945,-85.4387,24.3388,123.230812815019,63,63,63,63,61,63,0,8521,1.64861680440262,24,-85,0.001869,51,2023-12-19 05:39:51.000593,1399.19995117188,1.037,0.0011,"aoml_navis",1034.08537587713
"7901009",20,0,1,0.031773,1,0.009345,1,192.994302976269,1,4.83406567806007,1449.80004882812,1,4.51230001449585,34.9560012817383,0.0317730009555817,0,186.107192993164,-85.4387,24.3388,123.230812815019,63,63,63,63,61,63,0,8521,1.64861680440262,24,-85,0.001869,51,2023-12-19 05:39:51.000593,1449.80004882812,1.037,0.0011,"aoml_navis",1034.32603795456
"7901009",20,0,1,0.031773,1,0.009345,1,195.616281620511,1,4.83296407941884,1499.90002441406,1,4.45260000228882,34.9580001831055,0.0317730009555817,0,188.635604858398,-85.4387,24.3388,123.230812815019,63,63,63,63,61,63,0,8521,1.64861680440262,24,-85,0.001869,51,2023-12-19 05:39:51.000593,1499.90002441406,1.037,0.0011,"aoml_navis",1034.56179641237
"7901009",20,0,1,0.028035,1,0.005607,1,197.466391981533,1,4.83188336595429,1549.59997558594,1,4.40950012207031,34.9599990844727,0.0280349999666214,0,190.419692993164,-85.4387,24.3388,123.230812815019,63,63,63,63,61,63,0,8521,1.64861680440262,24,-85,0.001869,51,2023-12-19 05:39:51.000593,1549.59997558594,1.037,0.0011,"aoml_navis",1034.79318959358
"7901009",20,0,1,0.022428,1,0,1,198.872575227226,1,4.83081646784987,1599.59997558594,1,4.38859987258911,34.9609985351562,0.0224280003458261,0,191.775695800781,-85.4387,24.3388,123.230812815019,63,63,63,63,61,63,0,8521,1.64861680440262,24,-85,0.001869,51,2023-12-19 05:39:51.000593,1599.59997558594,1.037,0.0011,"aoml_navis",1035.02172630157
"7901009",20,0,1,0.029904,1,0.007476,1,200.282287104062,1,4.82976147383717,1649.09997558594,1,4.36780023574829,34.9620018005371,0.0299040004611015,0,193.135101318359,-85.4387,24.3388,123.230812815019,63,63,63,63,61,63,0,8521,1.64861680440262,24,-85,0.001869,51,2023-12-19 05:39:51.000593,1649.09997558594,1.037,0.0011,"aoml_navis",1035.24781235782
"7901009",20,0,1,0.029904,1,0.007476,1,201.314831035042,1,4.82869159447806,1699.59997558594,1,4.35370016098022,34.9630012512207,0.0299040004611015,0,194.130798339844,-85.4387,24.3388,123.230812815019,63,63,63,63,61,63,0,8521,1.64861680440262,24,-85,0.001869,51,2023-12-19 05:39:51.000593,1699.59997558594,1.037,0.0011,"aoml_navis",1035.47718924891
"7901009",20,0,1,0.024297,1,0.001869,1,201.760229731969,1,4.82763173773075,1749.69995117188,1,4.33990001678467,34.9640007019043,0.0242970008403063,0,194.560302734375,-85.4387,24.3388,123.230812815019,63,63,63,63,61,63,0,8521,1.64861680440262,24,-85,0.001869,51,2023-12-19 05:39:51.000593,1749.69995117188,1.037,0.0011,"aoml_navis",1035.70451758407
"7901009",20,0,1,0.029904,1,0.007476,1,202.253431095636,1,4.82657732947629,1799.80004882812,1,4.33179998397827,34.9650001525879,0.0299040004611015,0,195.035903930664,-85.4387,24.3388,123.230812815019,63,63,63,63,61,63,0,8521,1.64861680440262,24,-85,0.001869,51,2023-12-19 05:39:51.000593,1799.80004882812,1.037,0.0011,"aoml_navis",1035.93077634219
"7901009",20,0,1,0.026166,1,0.003738,1,202.609949428748,1,4.82554212578452,1849.09997558594,1,4.32520008087158,34.9659996032715,0.0261659994721413,0,195.379699707031,-85.4387,24.3388,123.230812815019,63,63,63,63,61,63,0,8521,1.64861680440262,24,-85,0.001869,51,2023-12-19 05:39:51.000593,1849.09997558594,1.037,0.0011,"aoml_navis",1036.15301030806
"7901009",20,0,1,0.028035,1,0.005607,1,203.698081167825,1,4.82448648960072,1899.59997558594,1,4.31780004501343,34.9659996032715,0.0280349999666214,0,196.429000854492,-85.4387,24.3388,123.230812815019,63,63,63,63,61,63,0,8521,1.64861680440262,24,-85,0.001869,51,2023-12-19 05:39:51.000593,1899.59997558594,1.037,0.0011,"aoml_navis",1036.37972886391
"7901009",20,0,1,0.031773,1,0.009345,1,204.037082932887,1,4.82342938267626,1950.19995117188,1,4.31419992446899,34.9669990539551,0.0317730009555817,0,196.755905151367,-85.4387,24.3388,123.230812815019,63,63,63,63,61,63,0,8521,1.64861680440262,24,-85,0.001869,51,2023-12-19 05:39:51.000593,1950.19995117188,1.037,0.0011,"aoml_navis",1036.60686273503
"7901009",20,0,1,0.026166,1,0.003738,1,199.753720311674,4,4.8224344878661,1998.09997558594,1,4.31209993362427,34.9669990539551,0.0261659994721413,0,192.625396728516,-85.4387,24.3388,123.230812815019,63,63,63,63,61,63,0,8521,1.64861680440262,24,-85,0.001869,51,2023-12-19 05:39:51.000593,1998.09997558594,1.037,0.0011,"aoml_navis",1036.82072044331
"7901009",21,0.154180158373494,5,0.278481,1,0.256053,1,193.383667474629,1,4.88377852108888,1.89999997615814,1,26.6770000457764,36.2849998474121,0.278481006622314,0.295347213745117,186.482604980469,-85.4353,24.1035,141.04707348077,63,63,63,63,61,63,0.254184,8521,1.64861680440262,24,-85,0.001869,51,2023-12-29 12:45:14.001353,1.89999997615814,1.037,0.0011,"aoml_navis",1023.79745076671
"7901009",21,0.154180158373494,5,0.291564,1,0.269136,1,193.419744970148,1,4.88374010010031,4,1,26.6800003051758,36.2849998474121,0.291563987731934,0.295347213745117,186.517395019531,-85.4353,24.1035,141.04707348077,63,63,63,63,61,63,0.254184,8521,1.64861680440262,24,-85,0.001869,51,2023-12-29 12:45:14.001353,4,1.037,0.0011,"aoml_navis",1023.80550510812
"7901009",21,0.154180158373494,5,0.285957,1,0.263529,1,193.378477378783,1,4.88370068814128,6,1,26.6809997558594,36.2849998474121,0.285957008600235,0.295347213745117,186.477600097656,-85.4353,24.1035,141.04707348077,63,63,63,63,61,63,0.254184,8521,1.64861680440262,24,-85,0.001869,51,2023-12-29 12:45:14.001353,6,1.037,0.0011,"aoml_navis",1023.81376732221
"7901009",21,0.154180158373494,5,0.289695,1,0.267267,1,193.366657251962,1,4.88365975972821,8,1,26.6809997558594,36.2849998474121,0.289694994688034,0.295347213745117,186.466201782227,-85.4353,24.1035,141.04707348077,63,63,63,63,61,63,0.254184,8521,1.64861680440262,24,-85,0.001869,51,2023-12-29 12:45:14.001353,8,1.037,0.0011,"aoml_navis",1023.82234758268
"7901009",21,0.154180158373494,5,0.284088,1,0.26166,1,193.370391589217,1,4.88361883366297,10,1,26.6809997558594,36.2849998474121,0.284087985754013,0.295347213745117,186.469802856445,-85.4353,24.1035,141.04707348077,63,63,63,63,61,63,0.254184,8521,1.64861680440262,24,-85,0.001869,51,2023-12-29 12:45:14.001353,10,1.037,0.0011,"aoml_navis",1023.83092749475
"7901009",21,0.154180158373494,5,0.289695,1,0.267267,1,193.42088425948,1,4.88357942901732,12,1,26.681999206543,36.2849998474121,0.289694994688034,0.295347213745117,186.518493652344,-85.4353,24.1035,141.04707348077,63,63,63,63,61,63,0.254184,8521,1.64861680440262,24,-85,0.001869,51,2023-12-29 12:45:14.001353,12,1.037,0.0011,"aoml_navis",1023.83918858592
"7901009",21,0.154180158373494,5,0.285957,1,0.263529,1,193.36085004106,1,4.88354154897557,14,1,26.6840000152588,36.2849998474121,0.285957008600235,0.295347213745117,186.460601806641,-85.4353,24.1035,141.04707348077,63,63,63,63,61,63,0.254184,8521,1.64861680440262,24,-85,0.001869,51,2023-12-29 12:45:14.001353,14,1.037,0.0011,"aoml_navis",1023.84713017315
"7901009",21,0.154180158373494,5,0.297171,1,0.274743,1,193.33958330686,1,4.88351334714372,16,1,26.6900005340576,36.2840003967285,0.297170996665955,0.295347213745117,186.440093994141,-85.4353,24.1035,141.04707348077,63,63,63,63,61,63,0.254184,8521,1.64861680440262,24,-85,0.001869,51,2023-12-29 12:45:14.001353,16,1.037,0.0011,"aoml_navis",1023.85304279437
"7901009",21,0.154180158373494,5,0.308385,1,0.285957,1,193.393826137841,1,4.88346883612173,18,1,26.6900005340576,36.2849998474121,0.308385014533997,0.295347213745117,186.492401123047,-85.4353,24.1035,141.04707348077,63,63,63,63,61,63,0.254184,8521,1.64861680440262,24,-85,0.001869,51,2023-12-29 12:45:14.001353,18,1.037,0.0011,"aoml_navis",1023.86237483821
"7901009",21,0.154180158373494,5,0.310254,1,0.287826,1,193.421105787962,1,4.88343356261496,19.8999996185303,1,26.6900005340576,36.2840003967285,0.310254007577896,0.295347213745117,186.518707275391,-85.4353,24.1035,141.04707348077,63,63,63,63,61,63,0.254184,8521,1.64861680440262,24,-85,0.001869,51,2023-12-29 12:45:14.001353,19.8999996185303,1.037,0.0011,"aoml_navis",1023.86977029388
"7901009",21,0.154180158373494,4,0.291564,1,0.269136,1,193.342811293301,1,4.88339721300436,21.8999996185303,1,26.693000793457,36.2840003967285,0.291563987731934,0.295347213745117,186.443206787109,-85.4353,24.1035,141.04707348077,63,63,63,63,61,63,0.254184,8521,1.64861680440262,24,-85,0.001869,51,2023-12-29 12:45:14.001353,21.8999996185303,1.037,0.0011,"aoml_navis",1023.87739147762
"7901009",21,0.154180158373494,5,0.315861,1,0.293433,1,193.345912692038,1,4.88335425843505,24,1,26.693000793457,36.2840003967285,0.315860986709595,0.295347213745117,186.446197509766,-85.4353,24.1035,141.04707348077,63,63,63,63,61,63,0.254184,8521,1.64861680440262,24,-85,0.001869,51,2023-12-29 12:45:14.001353,24,1.037,0.0011,"aoml_navis",1023.88639762587
"7901009",21,0.154180158373494,5,0.304647,1,0.282219,1,193.315325938162,1,4.88331335173355,26,1,26.693000793457,36.2840003967285,0.304646998643875,0.295347213745117,186.416702270508,-85.4353,24.1035,141.04707348077,63,63,63,63,61,63,0.254184,8521,1.64861680440262,24,-85,0.001869,51,2023-12-29 12:45:14.001353,26,1.037,0.0011,"aoml_navis",1023.89497455146
"7901009",21,0.154180158373494,5,0.304647,1,0.282219,1,193.348618504202,1,4.88327396735387,28,1,26.6940002441406,36.2840003967285,0.304646998643875,0.295347213745117,186.448806762695,-85.4353,24.1035,141.04707348077,63,63,63,63,61,63,0.254184,8521,1.64861680440262,24,-85,0.001869,51,2023-12-29 12:45:14.001353,28,1.037,0.0011,"aoml_navis",1023.90323242695
"7901009",21,0.154180158373494,5,0.308385,1,0.285957,1,193.283694835732,1,4.88322642837538,30,1,26.6919994354248,36.2849998474121,0.308385014533997,0.295302003622055,186.386199951172,-85.4353,24.1035,141.04707348077,63,63,63,63,61,63,0.254184,8521,1.64861680440262,24,-85,0.001869,51,2023-12-29 12:45:14.001353,30,1.037,0.0011,"aoml_navis",1023.9132002862
"7901009",21,0.154180158373494,5,0.315861,1,0.293433,1,193.347162745611,1,4.88318248875448,32,1,26.6900005340576,36.2849998474121,0.315860986709595,0.302778005599976,186.447402954102,-85.4353,24.1035,141.04707348077,63,63,63,63,61,63,0.254184,8521,1.64861680440262,24,-85,0.001869,51,2023-12-29 12:45:14.001353,32,1.037,0.0011,"aoml_navis",1023.92241361336
"7901009",21,0.154180158373494,5,0.297171,1,0.274743,1,193.363540029761,1,4.88314615451248,34,1,26.693000793457,36.2849998474121,0.297170996665955,0.284087985754013,186.463195800781,-85.4353,24.1035,141.04707348077,63,63,63,63,61,63,0.254184,8521,1.64861680440262,24,-85,0.001869,51,2023-12-29 12:45:14.001353,34,1.037,0.0011,"aoml_navis",1023.93003235824
"7901009",21,0.154180158373494,5,0.293433,1,0.271005,1,193.344979107725,1,4.88310373657127,36,1,26.6919994354248,36.2849998474121,0.293433010578156,0.280349999666214,186.445297241211,-85.4353,24.1035,141.04707348077,63,63,63,63,61,63,0.254184,8521,1.64861680440262,24,-85,0.001869,51,2023-12-29 12:45:14.001353,36,1.037,0.0011,"aoml_navis",1023.93892690693
"7901009",21,0.154180158373494,5,0.295302,1,0.272874,1,193.351102787885,1,4.88306588739799,38,1,26.6940002441406,36.2849998474121,0.295302003622055,0.282218992710114,186.451202392578,-85.4353,24.1035,141.04707348077,63,63,63,63,61,63,0.254184,8521,1.64861680440262,24,-85,0.001869,51,2023-12-29 12:45:14.001353,38,1.037,0.0011,"aoml_navis",1023.9468635686
"7901009",21,0.154180158373494,5,0.300909,1,0.278481,1,193.35773281886,1,4.88303011118059,40,1,26.6949996948242,36.2840003967285,0.300909012556076,0.287826001644135,186.457595825195,-85.4353,24.1035,141.04707348077,63,63,63,63,61,63,0.254184,8521,1.64861680440262,24,-85,0.001869,51,2023-12-29 12:45:14.001353,40,1.037,0.0011,"aoml_navis",1023.95436566151
"7901009",21,0.154180158373494,5,0.293433,1,0.271005,1,193.339171896823,1,4.88298562993083,42,1,26.6949996948242,36.2849998474121,0.293433010578156,0.280349999666214,186.439697265625,-85.4353,24.1035,141.04707348077,63,63,63,63,61,63,0.254184,8521,1.64861680440262,24,-85,0.001869,51,2023-12-29 12:45:14.001353,42,1.037,0.0011,"aoml_navis",1023.96369330926
"7901009",21,0.154180158373494,5,0.297171,1,0.274743,1,193.375154451564,1,4.88294985838986,44,1,26.6959991455078,36.2840003967285,0.297170996665955,0.284087985754013,186.474395751953,-85.4353,24.1035,141.04707348077,63,63,63,63,61,63,0.254184,8521,1.64861680440262,24,-85,0.001869,51,2023-12-29 12:45:14.001353,44,1.037,0.0011,"aoml_navis",1023.97119466812
"7901009",21,0.154180158373494,5,0.291564,1,0.269136,1,193.32932970287,1,4.88290538210917,46,1,26.6959991455078,36.2849998474121,0.291563987731934,0.278481006622314,186.430206298828,-85.4353,24.1035,141.04707348077,63,63,63,63,61,63,0.254184,8521,1.64861680440262,24,-85,0.001869,51,2023-12-29 12:45:14.001353,46,1.037,0.0011,"aoml_navis",1023.98052158042
"7901009",21,0.154180158373494,5,0.304647,1,0.282219,1,193.346118397057,1,4.88286602505702,48,1,26.69700050354,36.2849998474121,0.304646998643875,0.291563987731934,186.446395874023,-85.4353,24.1035,141.04707348077,63,63,63,63,61,63,0.254184,8521,1.64861680440262,24,-85,0.001869,51,2023-12-29 12:45:14.001353,48,1.037,0.0011,"aoml_navis",1023.98877510501
"7901009",21,0.154180158373494,5,0.300909,1,0.278481,1,193.271146829615,1,4.88282666759929,50,1,26.6979999542236,36.2849998474121,0.300909012556076,0.287826001644135,186.374099731445,-85.4353,24.1035,141.04707348077,63,63,63,63,61,63,0.254184,8521,1.64861680440262,24,-85,0.001869,51,2023-12-29 12:45:14.001353,50,1.037,0.0011,"aoml_navis",1023.9970288477
"7901009",21,0.154180158373494,5,0.306516,1,0.284088,1,193.226967721067,1,4.88278579177695,52,1,26.6979999542236,36.2849998474121,0.306515991687775,0.293433010578156,186.331497192383,-85.4353,24.1035,141.04707348077,63,63,63,63,61,63,0.254184,8521,1.64861680440262,24,-85,0.001869,51,2023-12-29 12:45:14.001353,52,1.037,0.0011,"aoml_navis",1024.00560115098
"7901009",21,0.154180158373494,5,0.293433,1,0.271005,1,193.211096787732,1,4.88274643921633,54,1,26.6989994049072,36.2849998474121,0.293433010578156,0.280349999666214,186.316192626953,-85.4353,24.1035,141.04707348077,63,63,63,63,61,63,0.254184,8521,1.64861680440262,24,-85,0.001869,51,2023-12-29 12:45:14.001353,54,1.037,0.0011,"aoml_navis",1024.01385413789
"7901009",21,0.154180158373494,5,0.289695,1,0.267267,1,193.322478143414,1,4.88270404716105,56,1,26.6979999542236,36.2849998474121,0.289694994688034,0.276612013578415,186.423599243164,-85.4353,24.1035,141.04707348077,63,63,63,63,61,63,0.254184,8521,1.64861680440262,24,-85,0.001869,51,2023-12-29 12:45:14.001353,56,1.037,0.0011,"aoml_navis",1024.022744714
"7901009",21,0.154180158373494,5,0.287826,1,0.265398,1,193.301116468436,1,4.88266165736897,58,1,26.69700050354,36.2849998474121,0.287826001644135,0.274742990732193,186.40299987793,-85.4353,24.1035,141.04707348077,63,63,63,63,61,63,0.254184,8521,1.64861680440262,24,-85,0.001869,51,2023-12-29 12:45:14.001353,58,1.037,0.0011,"aoml_navis",1024.03163496982
"7901009",21,0.154180158373494,5,0.291564,1,0.269136,1,193.267934666637,1,4.88262535704078,60,1,26.7000007629395,36.2849998474121,0.291563987731934,0.278481006622314,186.371002197266,-85.4353,24.1035,141.04707348077,63,63,63,63,61,63,0.254184,8521,1.64861680440262,24,-85,0.001869,51,2023-12-29 12:45:14.001353,60,1.037,0.0011,"aoml_navis",1024.03924822738
"7901009",21,0.154180158373494,5,0.297171,1,0.274743,1,193.266684613064,1,4.88258601427179,62,1,26.701000213623,36.2849998474121,0.297170996665955,0.284087985754013,186.36979675293,-85.4353,24.1035,141.04707348077,63,63,63,63,61,63,0.254184,8521,1.64861680440262,24,-85,0.001869,51,2023-12-29 12:45:14.001353,62,1.037,0.0011,"aoml_navis",1024.04749970303
"7901009",21,0.154180158373494,5,0.284088,1,0.26166,1,193.305673625765,1,4.88254463101332,64.0999984741211,1,26.7019996643066,36.2849998474121,0.284087985754013,0.271005004644394,186.40739440918,-85.4353,24.1035,141.04707348077,63,63,63,63,61,63,0.254184,8521,1.64861680440262,24,-85,0.001869,51,2023-12-29 12:45:14.001353,64.0999984741211,1.037,0.0011,"aoml_navis",1024.05617928009
"7901009",21,0.154180158373494,5,0.284088,1,0.26166,1,193.297587836199,1,4.88250581480373,66,1,26.7019996643066,36.2849998474121,0.284087985754013,0.271005004644394,186.399597167969,-85.4353,24.1035,141.04707348077,63,63,63,63,61,63,0.254184,8521,1.64861680440262,24,-85,0.001869,51,2023-12-29 12:45:14.001353,66,1.037,0.0011,"aoml_navis",1024.06432058719
"7901009",21,0.154180158373494,5,0.289695,1,0.267267,1,193.265545323732,1,4.88246495795149,68,1,26.7019996643066,36.2849998474121,0.289694994688034,0.276612013578415,186.368698120117,-85.4353,24.1035,141.04707348077,63,63,63,63,61,63,0.254184,8521,1.64861680440262,24,-85,0.001869,51,2023-12-29 12:45:14.001353,68,1.037,0.0011,"aoml_navis",1024.07289003828
"7901009",21,0.154180158373494,5,0.287826,1,0.265398,1,193.259943817849,1,4.88242562497024,70,1,26.7029991149902,36.2849998474121,0.287826001644135,0.274742990732193,186.363296508789,-85.4353,24.1035,141.04707348077,63,63,63,63,61,63,0.254184,8521,1.64861680440262,24,-85,0.001869,51,2023-12-29 12:45:14.001353,70,1.037,0.0011,"aoml_navis",1024.08114000313
"7901009",21,0.154180158373494,5,0.293433,1,0.271005,1,193.276748335498,1,4.88238477285829,72,1,26.7029991149902,36.2849998474121,0.293433010578156,0.280349999666214,186.379501342773,-85.4353,24.1035,141.04707348077,63,63,63,63,61,63,0.254184,8521,1.64861680440262,24,-85,0.001869,51,2023-12-29 12:45:14.001353,72,1.037,0.0011,"aoml_navis",1024.08970874142
"7901009",21,0.154180158373494,5,0.29904,1,0.276612,1,193.24024360648,1,4.88234544767352,74,1,26.7040004730225,36.2849998474121,0.299039989709854,0.285957008600235,186.344299316406,-85.4353,24.1035,141.04707348077,63,63,63,63,61,63,0.254184,8521,1.64861680440262,24,-85,0.001869,51,2023-12-29 12:45:14.001353,74,1.037,0.0011,"aoml_navis",1024.09795734191
"7901009",21,0.154180158373494,5,0.295302,1,0.272874,1,193.214008304914,1,4.88230460030107,76,1,26.7040004730225,36.2849998474121,0.295302003622055,0.282218992710114,186.319000244141,-85.4353,24.1035,141.04707348077,63,63,63,63,61,63,0.254184,8521,1.64861680440262,24,-85,0.001869,51,2023-12-29 12:45:14.001353,76,1.037,0.0011,"aoml_navis",1024.10652536748
"7901009",21,0.154180158373494,5,0.291564,1,0.269136,1,193.230385589064,1,4.88226527710401,78,1,26.7049999237061,36.2849998474121,0.291563987731934,0.278481006622314,186.33479309082,-85.4353,24.1035,141.04707348077,63,63,63,63,61,63,0.254184,8521,1.64861680440262,24,-85,0.001869,51,2023-12-29 12:45:14.001353,78,1.037,0.0011,"aoml_navis",1024.11477382192
"7901009",21,0.154180158373494,5,0.285957,1,0.263529,1,193.160920586728,1,4.88222443447008,80,1,26.7049999237061,36.2849998474121,0.285957008600235,0.272873997688293,186.267807006836,-85.4353,24.1035,141.04707348077,63,63,63,63,61,63,0.254184,8521,1.64861680440262,24,-85,0.001869,51,2023-12-29 12:45:14.001353,80,1.037,0.0011,"aoml_navis",1024.12334113491
"7901009",21,0.154180158373494,5,0.291564,1,0.269136,1,193.2462565224,1,4.88218511616364,82,1,26.7059993743896,36.2849998474121,0.291563987731934,0.278481006622314,186.35009765625,-85.4353,24.1035,141.04707348077,63,63,63,63,61,63,0.254184,8521,1.64861680440262,24,-85,0.001869,51,2023-12-29 12:45:14.001353,82,1.037,0.0011,"aoml_navis",1024.13158883433
"7901009",21,0.154180158373494,5,0.310254,1,0.287826,1,193.210479672677,1,4.88214427826733,84,1,26.7059993743896,36.2849998474121,0.310254007577896,0.297170996665955,186.31559753418,-85.4353,24.1035,141.04707348077,63,63,63,63,61,63,0.254184,8521,1.64861680440262,24,-85,0.001869,51,2023-12-29 12:45:14.001353,84,1.037,0.0011,"aoml_navis",1024.14015543484
"7901009",21,0.154180158373494,4,0.278481,1,0.256053,1,193.179576449542,1,4.88210496775547,86,1,26.7070007324219,36.2849998474121,0.278481006622314,0.265397995710373,186.285797119141,-85.4353,24.1035,141.04707348077,63,63,63,63,61,63,0.254184,8521,1.64861680440262,24,-85,0.001869,51,2023-12-29 12:45:14.001353,86,1.037,0.0011,"aoml_navis",1024.14840176997
"7901009",21,0.154180158373494,4,0.272874,1,0.250446,1,193.041864851516,1,4.88206054373806,88,1,26.7070007324219,36.2859992980957,0.272873997688293,0.259790986776352,186.15299987793,-85.4353,24.1035,141.04707348077,63,63,63,63,61,63,0.254184,8521,1.64861680440262,24,-85,0.001869,51,2023-12-29 12:45:14.001353,88,1.037,0.0011,"aoml_navis",1024.15772094699
"7901009",21,0.154180158373494,5,0.293433,1,0.271005,1,193.043842784384,1,4.88201612228182,90,1,26.7070007324219,36.2869987487793,0.293433010578156,0.280349999666214,186.154907226562,-85.4353,24.1035,141.04707348077,63,63,63,63,61,63,0.254184,8521,1.64861680440262,24,-85,0.001869,51,2023-12-29 12:45:14.001353,90,1.037,0.0011,"aoml_navis",1024.16703975632
"7901009",21,0.154180158373494,5,0.289695,1,0.267267,1,193.042481966571,1,4.88197681637694,92,1,26.7080001831055,36.2869987487793,0.289694994688034,0.276612013578415,186.153594970703,-85.4353,24.1035,141.04707348077,63,63,63,63,61,63,0.254184,8521,1.64861680440262,24,-85,0.001869,51,2023-12-29 12:45:14.001353,92,1.037,0.0011,"aoml_navis",1024.17528555792
"7901009",21,0.154180158373494,5,0.285957,1,0.263529,1,193.016040959987,1,4.88193599051089,94,1,26.7080001831055,36.2869987487793,0.285957008600235,0.272873997688293,186.12809753418,-85.4353,24.1035,141.04707348077,63,63,63,63,61,63,0.254184,8521,1.64861680440262,24,-85,0.001869,51,2023-12-29 12:45:14.001353,94,1.037,0.0011,"aoml_navis",1024.18385036563
"7901009",21,0.154180158373494,5,0.278481,1,0.256053,1,192.949883061406,1,4.88189309908675,96,1,26.7089996337891,36.2879981994629,0.278481006622314,0.265397995710373,186.064300537109,-85.4353,24.1035,141.04707348077,63,63,63,63,61,63,0.254184,8521,1.64861680440262,24,-85,0.001869,51,2023-12-29 12:45:14.001353,96,1.037,0.0011,"aoml_navis",1024.19284865851
"7901009",21,0.154180158373494,5,0.285957,1,0.263529,1,193.024759688071,1,4.88185227806464,98,1,26.7089996337891,36.2879981994629,0.285957008600235,0.272873997688293,186.136505126953,-85.4353,24.1035,141.04707348077,63,63,63,63,61,63,0.254184,8521,1.64861680440262,24,-85,0.001869,51,2023-12-29 12:45:14.001353,98,1.037,0.0011,"aoml_navis",1024.20141274373
"7901009",21,0.154180158373494,5,0.284088,1,0.26166,1,192.972289084939,1,4.88181298204655,100,1,26.7099990844727,36.2879981994629,0.284087985754013,0.271005004644394,186.085906982422,-85.4353,24.1035,141.04707348077,63,63,63,63,61,63,0.254184,8521,1.64861680440262,24,-85,0.001869,51,2023-12-29 12:45:14.001353,100,1.037,0.0011,"aoml_navis",1024.20965702457
"7901009",21,0.154180158373494,5,0.287826,1,0.265398,1,192.988982838348,1,4.88177216575803,102,1,26.7099990844727,36.2879981994629,0.287826001644135,0.274742990732193,186.102005004883,-85.4353,24.1035,141.04707348077,63,63,63,63,61,63,0.254184,8521,1.64861680440262,24,-85,0.001869,51,2023-12-29 12:45:14.001353,102,1.037,0.0011,"aoml_navis",1024.21822039776
"7901009",21,0.154180158373494,5,0.278481,1,0.256053,1,193.029933960454,1,4.88173646749329,104,1,26.7110004425049,36.2869987487793,0.278481006622314,0.265397995710373,186.141494750977,-85.4353,24.1035,141.04707348077,63,63,63,63,61,63,0.254184,8521,1.64861680440262,24,-85,0.001869,51,2023-12-29 12:45:14.001353,104,1.037,0.0011,"aoml_navis",1024.22571011242
"7901009",21,0.154180158373494,5,0.282219,1,0.259791,1,193.024126749553,1,4.88169358888875,106,1,26.7119998931885,36.2879981994629,0.282218992710114,0.269136011600494,186.135894775391,-85.4353,24.1035,141.04707348077,63,63,63,63,61,63,0.254184,8521,1.64861680440262,24,-85,0.001869,51,2023-12-29 12:45:14.001353,106,1.037,0.0011,"aoml_navis",1024.23470645116
"7901009",21,0.154180158373494,5,0.285957,1,0.263529,1,193.092879696056,1,4.88165484650023,108,1,26.7110004425049,36.2869987487793,0.285957008600235,0.272873997688293,186.202194213867,-85.4353,24.1035,141.04707348077,63,63,63,63,61,63,0.254184,8521,1.64861680440262,24,-85,0.001869,51,2023-12-29 12:45:14.001353,108,1.037,0.0011,"aoml_navis",1024.24283510839
"7901009",21,0.154180158373494,5,0.282219,1,0.259791,1,193.031706188304,1,4.88162121878568,110,1,26.7110004425049,36.2849998474121,0.282218992710114,0.269136011600494,186.143203735352,-85.4353,24.1035,141.04707348077,63,63,63,63,61,63,0.254184,8521,1.64861680440262,24,-85,0.001869,51,2023-12-29 12:45:14.001353,110,1.037,0.0011,"aoml_navis",1024.24989074506
"7901009",21,0.154180158373494,5,0.284088,1,0.26166,1,193.099525550494,1,4.88158193698808,112,1,26.7119998931885,36.2849998474121,0.284087985754013,0.271005004644394,186.208602905273,-85.4353,24.1035,141.04707348077,63,63,63,63,61,63,0.254184,8521,1.64861680440262,24,-85,0.001869,51,2023-12-29 12:45:14.001353,112,1.037,0.0011,"aoml_navis",1024.25813282261
"7901009",21,0.154180158373494,5,0.289695,1,0.267267,1,193.029728255436,1,4.88153754509178,114,1,26.7119998931885,36.2859992980957,0.289694994688034,0.276612013578415,186.141296386719,-85.4353,24.1035,141.04707348077,63,63,63,63,61,63,0.254184,8521,1.64861680440262,24,-85,0.001869,51,2023-12-29 12:45:14.001353,114,1.037,0.0011,"aoml_navis",1024.26744725693
"7901009",21,0.154180158373494,5,0.278481,1,0.256053,1,192.992289942104,1,4.8814967450586,116,1,26.7119998931885,36.2859992980957,0.278481006622314,0.265397995710373,186.105194091797,-85.4353,24.1035,141.04707348077,63,63,63,63,61,63,0.254184,8521,1.64861680440262,24,-85,0.001869,51,2023-12-29 12:45:14.001353,116,1.037,0.0011,"aoml_navis",1024.27600818568
"7901009",21,0.154180158373494,5,0.282219,1,0.259791,1,192.959741078822,1,4.88145747065058,118,1,26.7129993438721,36.2859992980957,0.282218992710114,0.269136011600494,186.073806762695,-85.4353,24.1035,141.04707348077,63,63,63,63,61,63,0.254184,8521,1.64861680440262,24,-85,0.001869,51,2023-12-29 12:45:14.001353,118,1.037,0.0011,"aoml_navis",1024.284249133
"7901009",21,0.154180158373494,5,0.285957,1,0.263529,1,192.923647759841,1,4.88141515200016,120,1,26.7119998931885,36.2859992980957,0.285957008600235,0.272873997688293,186.039001464844,-85.4353,24.1035,141.04707348077,63,63,63,63,61,63,0.254184,8521,1.64861680440262,24,-85,0.001869,51,2023-12-29 12:45:14.001353,120,1.037,0.0011,"aoml_navis",1024.293129002
"7901009",21,0.154180158373494,5,0.287826,1,0.265398,1,192.94469296556,1,4.88137740872781,122,1,26.7140007019043,36.2859992980957,0.287826001644135,0.274742990732193,186.059295654297,-85.4353,24.1035,141.04707348077,63,63,63,63,61,63,0.254184,8521,1.64861680440262,24,-85,0.001869,51,2023-12-29 12:45:14.001353,122,1.037,0.0011,"aoml_navis",1024.30104893346
"7901009",21,0.154180158373494,4,0.276612,1,0.254184,1,192.831048854676,1,4.88133455283197,124,1,26.7150001525879,36.2869987487793,0.276612013578415,0.263529002666473,185.94970703125,-85.4353,24.1035,141.04707348077,63,63,63,63,61,63,0.254184,8521,1.64861680440262,24,-85,0.001869,51,2023-12-29 12:45:14.001353,124,1.037,0.0011,"aoml_navis",1024.3100418305
"7901009",21,0.154180158373494,5,0.282219,1,0.259791,1,192.835495247764,1,4.88129324908486,126.099998474121,1,26.7159996032715,36.2869987487793,0.282218992710114,0.269136011600494,185.953994750977,-85.4353,24.1035,141.04707348077,63,63,63,63,61,63,0.254184,8521,1.64861680440262,24,-85,0.001869,51,2023-12-29 12:45:14.001353,126.099998474121,1.037,0.0011,"aoml_navis",1024.31870917352
"7901009",21,0.154180158373494,5,0.287826,1,0.265398,1,192.792360487771,1,4.88125450271355,128,1,26.7159996032715,36.2869987487793,0.287826001644135,0.274742990732193,185.912399291992,-85.4353,24.1035,141.04707348077,63,63,63,63,61,63,0.254184,8521,1.64861680440262,24,-85,0.001869,51,2023-12-29 12:45:14.001353,128,1.037,0.0011,"aoml_navis",1024.32683999993
"7901009",21,0.154180158373494,5,0.291564,1,0.269136,1,192.927793507133,1,4.88121730789406,130,1,26.7159996032715,36.2859992980957,0.291563987731934,0.278481006622314,186.042999267578,-85.4353,24.1035,141.04707348077,63,63,63,63,61,63,0.254184,8521,1.64861680440262,24,-85,0.001869,51,2023-12-29 12:45:14.001353,130,1.037,0.0011,"aoml_navis",1024.33464535862
"7901009",21,0.154180158373494,5,0.29904,1,0.276612,1,192.786964686906,1,4.88117652677442,132,1,26.7159996032715,36.2859992980957,0.299039989709854,0.285957008600235,185.907196044922,-85.4353,24.1035,141.04707348077,63,63,63,63,61,63,0.254184,8521,1.64861680440262,24,-85,0.001869,51,2023-12-29 12:45:14.001353,132,1.037,0.0011,"aoml_navis",1024.34320344159
"7901009",21,0.154180158373494,5,0.289695,1,0.267267,1,192.770888048552,1,4.88113574798909,134,1,26.7159996032715,36.2859992980957,0.289694994688034,0.276612013578415,185.891693115234,-85.4353,24.1035,141.04707348077,63,63,63,63,61,63,0.254184,8521,1.64861680440262,24,-85,0.001869,51,2023-12-29 12:45:14.001353,134,1.037,0.0011,"aoml_navis",1024.35176117769
"7901009",21,0.154180158373494,5,0.287826,1,0.265398,1,192.743418516877,1,4.88109497153785,136,1,26.7159996032715,36.2859992980957,0.287826001644135,0.274742990732193,185.865203857422,-85.4353,24.1035,141.04707348077,63,63,63,63,61,63,0.254184,8521,1.64861680440262,24,-85,0.001869,51,2023-12-29 12:45:14.001353,136,1.037,0.0011,"aoml_navis",1024.36031856694
"7901009",21,0.154180158373494,5,0.295302,1,0.272874,1,192.451285743953,1,4.88105213334867,138,1,26.7169990539551,36.2869987487793,0.295302003622055,0.282218992710114,185.58349609375,-85.4353,24.1035,141.04707348077,63,63,63,63,61,63,0.254184,8521,1.64861680440262,24,-85,0.001869,51,2023-12-29 12:45:14.001353,138,1.037,0.0011,"aoml_navis",1024.3693087887
"7901009",21,0.154180158373494,4,0.276612,1,0.254184,1,191.554285276426,1,4.88099242401023,140,1,26.7140007019043,36.2910003662109,0.276612013578415,0.263529002666473,184.718505859375,-85.4353,24.1035,141.04707348077,63,63,63,63,61,63,0.254184,8521,1.64861680440262,24,-85,0.001869,51,2023-12-29 12:45:14.001353,140,1.037,0.0011,"aoml_navis",1024.38183993164
"7901009",21,0.163249579454288,1,0.291564,1,0.269136,1,189.382578280832,1,4.88085034999315,142,1,26.69700050354,36.3120002746582,0.291563987731934,0.278481006622314,182.624298095703,-85.4353,24.1035,141.04707348077,63,63,63,63,61,63,0.269136,8521,1.64861680440262,24,-85,0.001869,51,2023-12-29 12:45:14.001353,142,1.037,0.0011,"aoml_navis",1024.41165810524
"7901009",21,0.0838921449973423,1,0.160734,1,0.138306,1,175.820398953385,1,4.8803121461244,144,1,26.5990009307861,36.4090003967285,0.160733997821808,0.147651001811028,169.546096801758,-85.4353,24.1035,141.04707348077,63,63,63,63,61,63,0.138306,8521,1.64861680440262,24,-85,0.001869,51,2023-12-29 12:45:14.001353,144,1.037,0.0011,"aoml_navis",1024.52463086212
"7901009",21,0.0328766514178774,1,0.076629,1,0.054201,1,168.941211731123,1,4.87908099814725,146,1,26.3229999542236,36.6240005493164,0.0766289979219437,0.0635460019111633,162.912399291992,-85.4353,24.1035,141.04707348077,63,63,63,63,61,63,0.054201,8521,1.64861680440262,24,-85,0.001869,51,2023-12-29 12:45:14.001353,146,1.037,0.0011,"aoml_navis",1024.78315115053
"7901009",21,0.0294756185125797,1,0.071022,1,0.048594,1,167.205884196675,1,4.87881660643499,148,1,26.2509994506836,36.6559982299805,0.0710219964385033,0.0579390004277229,161.238998413086,-85.4353,24.1035,141.04707348077,63,63,63,63,61,63,0.048594,8521,1.64861680440262,24,-85,0.001869,51,2023-12-29 12:45:14.001353,148,1.037,0.0011,"aoml_navis",1024.83868596437
"7901009",21,0.0249409079721828,1,0.063546,1,0.041118,1,165.444432124902,1,4.87837299024572,150,1,26.0979995727539,36.7039985656738,0.0635460019111633,0.0504629984498024,159.540405273438,-85.4353,24.1035,141.04707348077,63,63,63,63,61,63,0.041118,8521,1.64861680440262,24,-85,0.001869,51,2023-12-29 12:45:14.001353,150,1.037,0.0011,"aoml_navis",1024.93187995208
"7901009",21,0.0238072303370836,1,0.061677,1,0.039249,1,164.207907612926,1,4.87800773820552,152,1,25.9680004119873,36.7400016784668,0.0616770014166832,0.0485940016806126,158.348007202148,-85.4353,24.1035,141.04707348077,63,63,63,63,61,63,0.039249,8521,1.64861680440262,24,-85,0.001869,51,2023-12-29 12:45:14.001353,152,1.037,0.0011,"aoml_navis",1025.00862408213
"7901009",21,0.0249409079721828,1,0.063546,1,0.041118,1,163.238609743194,1,4.8777319394843,154,1,25.871000289917,36.7649993896484,0.0635460019111633,0.0504629984498024,157.413299560547,-85.4353,24.1035,141.04707348077,63,63,63,63,61,63,0.041118,8521,1.64861680440262,24,-85,0.001869,51,2023-12-29 12:45:14.001353,154,1.037,0.0011,"aoml_navis",1025.06658054043
"7901009",21,0.0192725197966867,1,0.054201,1,0.031773,1,162.108165726813,1,4.87739523549227,156,1,25.7450008392334,36.7949981689453,0.0542009994387627,0.041117999702692,156.323196411133,-85.4353,24.1035,141.04707348077,63,63,63,63,61,63,0.031773,8521,1.64861680440262,24,-85,0.001869,51,2023-12-29 12:45:14.001353,156,1.037,0.0011,"aoml_navis",1025.13734454316
"7901009",21,0.0170051645264883,1,0.050463,1,0.028035,1,161.405382443495,1,4.87697088078632,158,1,25.5790004730225,36.8330001831055,0.0504629984498024,0.0373799987137318,155.645492553711,-85.4353,24.1035,141.04707348077,63,63,63,63,61,63,0.028035,8521,1.64861680440262,24,-85,0.001869,51,2023-12-29 12:45:14.001353,158,1.037,0.0011,"aoml_navis",1025.22654373402
"7901009",21,0.0113367763509922,1,0.041118,1,0.01869,1,160.884917100249,1,4.87661472035762,160,1,25.4389991760254,36.8629989624023,0.041117999702692,0.0280349999666214,155.143600463867,-85.4353,24.1035,141.04707348077,63,63,63,63,61,63,0.01869,8521,1.64861680440262,24,-85,0.001869,51,2023-12-29 12:45:14.001353,160,1.037,0.0011,"aoml_navis",1025.30142049715
"7901009",21,0.0124704539860914,1,0.042987,1,0.020559,1,160.634684857209,1,4.87645897213399,162,1,25.3880004882812,36.8740005493164,0.0429870001971722,0.0299040004611015,154.902297973633,-85.4353,24.1035,141.04707348077,63,63,63,63,61,63,0.020559,8521,1.64861680440262,24,-85,0.001869,51,2023-12-29 12:45:14.001353,162,1.037,0.0011,"aoml_navis",1025.33416738908
"7901009",21,0.0136041316211906,1,0.044856,1,0.022428,1,160.41018156492,1,4.87636984341056,164,1,25.3649997711182,36.8779983520508,0.0448560006916523,0.0317730009555817,154.685806274414,-85.4353,24.1035,141.04707348077,63,63,63,63,61,63,0.022428,8521,1.64861680440262,24,-85,0.001869,51,2023-12-29 12:45:14.001353,164,1.037,0.0011,"aoml_navis",1025.35290811801
"7901009",21,0.010203098715893,1,0.039249,1,0.016821,1,160.020781965263,1,4.87624695311671,166,1,25.3239994049072,36.8839988708496,0.0392489992082119,0.0261659994721413,154.310302734375,-85.4353,24.1035,141.04707348077,63,63,63,63,61,63,0.016821,8521,1.64861680440262,24,-85,0.001869,51,2023-12-29 12:45:14.001353,166,1.037,0.0011,"aoml_navis",1025.37874887657
"7901009",21,0.00906942108079376,1,0.03738,1,0.014952,1,159.410708351349,1,4.8761490095913,168,1,25.2950000762939,36.8880004882812,0.0373799987137318,0.0242970008403063,153.72200012207,-85.4353,24.1035,141.04707348077,63,63,63,63,61,63,0.014952,8521,1.64861680440262,24,-85,0.001869,51,2023-12-29 12:45:14.001353,168,1.037,0.0011,"aoml_navis",1025.39934488571
"7901009",21,0.00340103290529766,1,0.028035,1,0.005607,1,158.263048407282,1,4.87587983327813,170,1,25.1790008544922,36.9039993286133,0.0280349999666214,0.0149520002305508,152.615295410156,-85.4353,24.1035,141.04707348077,63,63,63,63,61,63,0.005607,8521,1.64861680440262,24,-85,0.001869,51,2023-12-29 12:45:14.001353,170,1.037,0.0011,"aoml_navis",1025.45595276461
"7901009",21,0.0056683881754961,1,0.031773,1,0.009345,1,157.430750079744,1,4.8754908058698,172,1,25.0030002593994,36.9290008544922,0.0317730009555817,0.0186899993568659,151.812698364258,-85.4353,24.1035,141.04707348077,63,63,63,63,61,63,0.009345,8521,1.64861680440262,24,-85,0.001869,51,2023-12-29 12:45:14.001353,172,1.037,0.0011,"aoml_navis",1025.53777641839
"7901009",21,0.00226735527019844,1,0.026166,1,0.003738,1,156.317838460308,1,4.87519304881777,174,1,24.8740005493164,36.9480018615723,0.0261659994721413,0.0130829997360706,150.739501953125,-85.4353,24.1035,141.04707348077,63,63,63,63,61,63,0.003738,8521,1.64861680440262,24,-85,0.001869,51,2023-12-29 12:45:14.001353,174,1.037,0.0011,"aoml_navis",1025.60041211342
"7901009",21,0.00340103290529766,1,0.028035,1,0.005607,1,155.781597124505,1,4.87473495305365,176,1,24.6639995574951,36.9790000915527,0.0280349999666214,0.0149520002305508,150.222396850586,-85.4353,24.1035,141.04707348077,63,63,63,63,61,63,0.005607,8521,1.64861680440262,24,-85,0.001869,51,2023-12-29 12:45:14.001353,176,1.037,0.0011,"aoml_navis",1025.69679134409
"7901009",21,0.00453471054039688,1,0.029904,1,0.007476,1,155.348334885559,1,4.87459779024753,178,1,24.6100006103516,36.984001159668,0.0299040004611015,0.0168210007250309,149.804595947266,-85.4353,24.1035,141.04707348077,63,63,63,63,61,63,0.007476,8521,1.64861680440262,24,-85,0.001869,51,2023-12-29 12:45:14.001353,178,1.037,0.0011,"aoml_navis",1025.72565268941
"7901009",21,0.00340103290529766,1,0.028035,1,0.005607,1,154.6667075722,1,4.87439855857929,180,1,24.5230007171631,36.9930000305176,0.0280349999666214,0.0149520002305508,149.14729309082,-85.4353,24.1035,141.04707348077,63,63,63,63,61,63,0.005607,8521,1.64861680440262,24,-85,0.001869,51,2023-12-29 12:45:14.001353,180,1.037,0.0011,"aoml_navis",1025.76757725312
"7901009",21,0.00793574344569454,1,0.035511,1,0.013083,1,154.065257745593,1,4.87412092276017,182,1,24.3840007781982,37.0029983520508,0.0355109982192516,0.0224280003458261,148.567306518555,-85.4353,24.1035,141.04707348077,63,63,63,63,61,63,0.013083,8521,1.64861680440262,24,-85,0.001869,51,2023-12-29 12:45:14.001353,182,1.037,0.0011,"aoml_navis",1025.82600621417
"7901009",21,0.010203098715893,1,0.039249,1,0.016821,1,153.350242925417,1,4.8737405427917,184,1,24.1730003356934,37.0130004882812,0.0392489992082119,0.0261659994721413,147.877807617188,-85.4353,24.1035,141.04707348077,63,63,63,63,61,63,0.016821,8521,1.64861680440262,24,-85,0.001869,51,2023-12-29 12:45:14.001353,184,1.037,0.0011,"aoml_navis",1025.90606867553
"7901009",21,0.00680206581059532,1,0.033642,1,0.011214,1,152.673489238646,1,4.87329989876577,186,1,23.9060001373291,37.0180015563965,0.0336420014500618,0.020558999851346,147.225204467773,-85.4353,24.1035,141.04707348077,63,63,63,63,61,63,0.011214,8521,1.64861680440262,24,-85,0.001869,51,2023-12-29 12:45:14.001353,186,1.037,0.0011,"aoml_navis",1025.9988311547
"7901009",21,0.00680206581059532,1,0.033642,1,0.011214,1,152.122009908024,1,4.8729426267045,188,1,23.6959991455078,37.0229988098145,0.0336420014500618,0.020558999851346,146.693405151367,-85.4353,24.1035,141.04707348077,63,63,63,63,61,63,0.011214,8521,1.64861680440262,24,-85,0.001869,51,2023-12-29 12:45:14.001353,188,1.037,0.0011,"aoml_navis",1026.074054843
"7901009",21,0.00453471054039688,1,0.029904,1,0.007476,1,151.029304850771,1,4.87265713883473,190,1,23.5230007171631,37.0229988098145,0.0299040004611015,0.0168210007250309,145.639694213867,-85.4353,24.1035,141.04707348077,63,63,63,63,61,63,0.007476,8521,1.64861680440262,24,-85,0.001869,51,2023-12-29 12:45:14.001353,190,1.037,0.0011,"aoml_navis",1026.13417228772
"7901009",21,0.00113367763509922,1,0.024297,1,0.001869,1,150.155011052573,1,4.87224187923587,192,1,23.2490005493164,37.0200004577637,0.0242970008403063,0.0112140001729131,144.796600341797,-85.4353,24.1035,141.04707348077,63,63,63,63,61,63,0.001869,8521,1.64861680440262,24,-85,0.001869,51,2023-12-29 12:45:14.001353,192,1.037,0.0011,"aoml_navis",1026.22162937119
"7901009",21,-0.00113367763509922,1,0.020559,1,-0.001869,1,149.503258437258,1,4.87198062777905,194,1,23.0809993743896,37.015998840332,0.020558999851346,0.00747600011527538,144.168106079102,-85.4353,24.1035,141.04707348077,63,63,63,63,61,63,-0.001869,8521,1.64861680440262,24,-85,0.001869,51,2023-12-29 12:45:14.001353,194,1.037,0.0011,"aoml_navis",1026.27665871474
"7901009",21,0,1,0.022428,1,0,1,148.968567800823,1,4.87174042149983,196,1,22.9300003051758,37.0130004882812,0.0224280003458261,0.00934499967843294,143.652496337891,-85.4353,24.1035,141.04707348077,63,63,63,63,61,63,0,8521,1.64861680440262,24,-85,0.001869,51,2023-12-29 12:45:14.001353,196,1.037,0.0011,"aoml_navis",1026.32726036349
"7901009",21,0,1,0.013083,1,-0.009345,1,148.677178730658,1,4.87149637667603,198,1,22.7730007171631,37.0089988708496,0.0130829997360706,0,143.371505737305,-85.4353,24.1035,141.04707348077,63,63,63,63,61,63,0,8521,1.64861680440262,24,-85,0.001869,51,2023-12-29 12:45:14.001353,198,1.037,0.0011,"aoml_navis",1026.3786757472
"7901009",21,0,1,0.014952,1,-0.007476,1,148.152662580898,1,4.87133899367134,200,1,22.6730003356934,37.0029983520508,0.0149520002305508,0,142.865707397461,-85.4353,24.1035,141.04707348077,63,63,63,63,61,63,0,8521,1.64861680440262,24,-85,0.001869,51,2023-12-29 12:45:14.001353,200,1.037,0.0011,"aoml_navis",1026.41183594404
"7901009",21,0,1,0.014952,1,-0.007476,1,147.751743500215,1,4.87109882991035,202,1,22.5020008087158,36.9930000305176,0.0149520002305508,0,142.479095458984,-85.4353,24.1035,141.04707348077,63,63,63,63,61,63,0,8521,1.64861680440262,24,-85,0.001869,51,2023-12-29 12:45:14.001353,202,1.037,0.0011,"aoml_navis",1026.46244196446
"7901009",21,0,1,0.01869,1,-0.003738,1,147.82361366892,1,4.87072910889165,204,1,22.2220001220703,36.9780006408691,0.0186899993568659,0,142.548400878906,-85.4353,24.1035,141.04707348077,63,63,63,63,61,63,0,8521,1.64861680440262,24,-85,0.001869,51,2023-12-29 12:45:14.001353,204,1.037,0.0011,"aoml_navis",1026.54035735068
"7901009",21,0,1,0.014952,1,-0.007476,1,147.962464556278,1,4.8705611002508,206,1,22.1100006103516,36.9710006713867,0.0149520002305508,0,142.68229675293,-85.4353,24.1035,141.04707348077,63,63,63,63,61,63,0,8521,1.64861680440262,24,-85,0.001869,51,2023-12-29 12:45:14.001353,206,1.037,0.0011,"aoml_navis",1026.57576757276
"7901009",21,0,1,0.016821,1,-0.005607,1,147.856700529941,1,4.87047399003175,208,1,22.068000793457,36.9679985046387,0.0168210007250309,0,142.580307006836,-85.4353,24.1035,141.04707348077,63,63,63,63,61,63,0,8521,1.64861680440262,24,-85,0.001869,51,2023-12-29 12:45:14.001353,208,1.037,0.0011,"aoml_navis",1026.59412825802
"7901009",21,0,1,0.016821,1,-0.005607,1,147.70735868665,1,4.8703729241833,210,1,22.0130004882812,36.9640007019043,0.0168210007250309,0,142.436294555664,-85.4353,24.1035,141.04707348077,63,63,63,63,61,63,0,8521,1.64861680440262,24,-85,0.001869,51,2023-12-29 12:45:14.001353,210,1.037,0.0011,"aoml_navis",1026.61543126873
"7901009",21,0,1,0.013083,1,-0.009345,1,147.406222363309,1,4.87028910656521,212,1,21.9680004119873,36.9589996337891,0.0130829997360706,0,142.145904541016,-85.4353,24.1035,141.04707348077,63,63,63,63,61,63,0,8521,1.64861680440262,24,-85,0.001869,51,2023-12-29 12:45:14.001353,212,1.037,0.0011,"aoml_navis",1026.6330993082
"7901009",21,0,1,0.013083,1,-0.009345,1,146.719515718345,1,4.87020536267988,214,1,21.9230003356934,36.9539985656738,0.0130829997360706,0,141.483703613281,-85.4353,24.1035,141.04707348077,63,63,63,63,61,63,0,8521,1.64861680440262,24,-85,0.001869,51,2023-12-29 12:45:14.001353,214,1.037,0.0011,"aoml_navis",1026.65075241277
"7901009",21,0,1,0.014952,1,-0.007476,1,146.361019341823,1,4.86997907235656,216,1,21.7479991912842,36.939998626709,0.0149520002305508,0,141.138000488281,-85.4353,24.1035,141.04707348077,63,63,63,63,61,63,0,8521,1.64861680440262,24,-85,0.001869,51,2023-12-29 12:45:14.001353,216,1.037,0.0011,"aoml_navis",1026.69845716206
"7901009",21,0,1,0.014952,1,-0.007476,1,145.804460679596,1,4.86984714458024,218,1,21.6480007171631,36.9280014038086,0.0149520002305508,0,140.601303100586,-85.4353,24.1035,141.04707348077,63,63,63,63,61,63,0,8521,1.64861680440262,24,-85,0.001869,51,2023-12-29 12:45:14.001353,218,1.037,0.0011,"aoml_navis",1026.72627118587
"7901009",21,0,1,0.014952,1,-0.007476,1,145.538673972478,1,4.86967887947246,220,1,21.5069999694824,36.9109992980957,0.0149520002305508,0,140.345001220703,-85.4353,24.1035,141.04707348077,63,63,63,63,61,63,0,8521,1.64861680440262,24,-85,0.001869,51,2023-12-29 12:45:14.001353,220,1.037,0.0011,"aoml_navis",1026.76174831094
"7901009",21,0,1,0.022428,1,0,1,145.425631153187,1,4.86956119430974,222,1,21.4169998168945,36.898998260498,0.0224280003458261,0,140.235992431641,-85.4353,24.1035,141.04707348077,63,63,63,63,61,63,0,8521,1.64861680440262,24,-85,0.001869,51,2023-12-29 12:45:14.001353,222,1.037,0.0011,"aoml_navis",1026.78656258447
"7901009",21,0,1,0.016821,1,-0.005607,1,145.482358267851,1,4.86942104368713,224,1,21.318000793457,36.8899993896484,0.0168210007250309,0,140.29069519043,-85.4353,24.1035,141.04707348077,63,63,63,63,61,63,0,8521,1.64861680440262,24,-85,0.001869,51,2023-12-29 12:45:14.001353,224,1.037,0.0011,"aoml_navis",1026.81611533309
"7901009",21,0,1,0.020559,1,-0.001869,1,145.476044706135,1,4.86932438334191,226,1,21.2569999694824,36.882999420166,0.020558999851346,0,140.284606933594,-85.4353,24.1035,141.04707348077,63,63,63,63,61,63,0,8521,1.64861680440262,24,-85,0.001869,51,2023-12-29 12:45:14.001353,226,1.037,0.0011,"aoml_navis",1026.8364985305
"7901009",21,0,1,0.014952,1,-0.007476,1,145.379489935234,1,4.86924711924447,228,1,21.2159996032715,36.8779983520508,0.0149520002305508,0,140.191497802734,-85.4353,24.1035,141.04707348077,63,63,63,63,61,63,0,8521,1.64861680440262,24,-85,0.001869,51,2023-12-29 12:45:14.001353,228,1.037,0.0011,"aoml_navis",1026.85279213675
"7901009",21,0,1,0.01869,1,-0.003738,1,145.318822778296,1,4.86912523431321,230,1,21.132999420166,36.8699989318848,0.0186899993568659,0,140.132995605469,-85.4353,24.1035,141.04707348077,63,63,63,63,61,63,0,8521,1.64861680440262,24,-85,0.001869,51,2023-12-29 12:45:14.001353,230,1.037,0.0011,"aoml_navis",1026.87849652428
"7901009",21,0,1,0.014952,1,-0.007476,1,145.09992099189,1,4.86902205592324,232,1,21.0639991760254,36.8619995117188,0.0149520002305508,0,139.921905517578,-85.4353,24.1035,141.04707348077,63,63,63,63,61,63,0,8521,1.64861680440262,24,-85,0.001869,51,2023-12-29 12:45:14.001353,232,1.037,0.0011,"aoml_navis",1026.90025688371
"7901009",21,0,1,0.01869,1,-0.003738,1,144.875813286175,1,4.86889273979003,234,1,20.9640007019043,36.8499984741211,0.0186899993568659,0,139.705795288086,-85.4353,24.1035,141.04707348077,63,63,63,63,61,63,0,8521,1.64861680440262,24,-85,0.001869,51,2023-12-29 12:45:14.001353,234,1.037,0.0011,"aoml_navis",1026.92753100485
"7901009",21,0,1,0.014952,1,-0.007476,1,144.76506486901,1,4.86873175554603,236,1,20.8229999542236,36.8320007324219,0.0149520002305508,0,139.598999023438,-85.4353,24.1035,141.04707348077,63,63,63,63,61,63,0,8521,1.64861680440262,24,-85,0.001869,51,2023-12-29 12:45:14.001353,236,1.037,0.0011,"aoml_navis",1026.9614862853
"7901009",21,0,1,0.014952,1,-0.007476,1,144.649743471054,1,4.86864375637396,238,1,20.7649993896484,36.8240013122559,0.0149520002305508,0,139.48779296875,-85.4353,24.1035,141.04707348077,63,63,63,63,61,63,0,8521,1.64861680440262,24,-85,0.001869,51,2023-12-29 12:45:14.001353,238,1.037,0.0011,"aoml_navis",1026.9800482843
"7901009",21,0,1,0.014952,1,-0.007476,1,144.719018591835,1,4.86853252115022,240,1,20.67799949646,36.8120002746582,0.0149520002305508,0,139.554595947266,-85.4353,24.1035,141.04707348077,63,63,63,63,61,63,0,8521,1.64861680440262,24,-85,0.001869,51,2023-12-29 12:45:14.001353,240,1.037,0.0011,"aoml_navis",1027.00351251196
"7901009",21,0,1,0.016821,1,-0.005607,1,145.078037142635,1,4.86831837398918,242,1,20.492000579834,36.7929992675781,0.0168210007250309,0,139.900802612305,-85.4353,24.1035,141.04707348077,63,63,63,63,61,63,0,8521,1.64861680440262,24,-85,0.001869,51,2023-12-29 12:45:14.001353,242,1.037,0.0011,"aoml_navis",1027.04868825227
"7901009",21,0,1,0.01869,1,-0.003738,1,145.43423911703,1,4.86816308089336,244,1,20.3589992523193,36.7770004272461,0.0186899993568659,0,140.244293212891,-85.4353,24.1035,141.04707348077,63,63,63,63,61,63,0,8521,1.64861680440262,24,-85,0.001869,51,2023-12-29 12:45:14.001353,244,1.037,0.0011,"aoml_navis",1027.0814508298
"7901009",21,0,1,0.01869,1,-0.003738,1,145.945590145618,1,4.86802979873285,246,1,20.2509994506836,36.7639999389648,0.0186899993568659,0,140.737396240234,-85.4353,24.1035,141.04707348077,63,63,63,63,61,63,0,8521,1.64861680440262,24,-85,0.001869,51,2023-12-29 12:45:14.001353,246,1.037,0.0011,"aoml_navis",1027.10957137146
"7901009",21,0,1,0.020559,1,-0.001869,1,146.565205307688,1,4.86792533217308,248,1,20.181999206543,36.7569999694824,0.020558999851346,0,141.334899902344,-85.4353,24.1035,141.04707348077,63,63,63,63,61,63,0,8521,1.64861680440262,24,-85,0.001869,51,2023-12-29 12:45:14.001353,248,1.037,0.0011,"aoml_navis",1027.13161332899
"7901009",21,0,1,0.014952,1,-0.007476,1,147.039007258704,1,4.86784889141358,250,1,20.1459999084473,36.7540016174316,0.0149520002305508,0,141.791793823242,-85.4353,24.1035,141.04707348077,63,63,63,63,61,63,0,8521,1.64861680440262,24,-85,0.001869,51,2023-12-29 12:45:14.001353,250,1.037,0.0011,"aoml_navis",1027.1477425726
"7901009",21,0,1,0.01869,1,-0.003738,1,147.903253157931,1,4.86773318259514,252,1,20.068000793457,36.7470016479492,0.0186899993568659,0,142.625198364258,-85.4353,24.1035,141.04707348077,63,63,63,63,61,63,0,8521,1.64861680440262,24,-85,0.001869,51,2023-12-29 12:45:14.001353,252,1.037,0.0011,"aoml_navis",1027.17215846542
"7901009",21,0,1,0.014952,1,-0.007476,1,148.240277095234,1,4.86763474151862,254,1,20.0090007781982,36.742000579834,0.0149520002305508,0,142.9501953125,-85.4353,24.1035,141.04707348077,63,63,63,63,61,63,0,8521,1.64861680440262,24,-85,0.001869,51,2023-12-29 12:45:14.001353,254,1.037,0.0011,"aoml_navis",1027.19293157976
"7901009",21,0,1,0.014952,1,-0.007476,1,148.449653156946,1,4.86758427009467,256,1,19.996000289917,36.7400016784668,0.0149520002305508,0,143.152099609375,-85.4353,24.1035,141.04707348077,63,63,63,63,61,63,0,8521,1.64861680440262,24,-85,0.001869,51,2023-12-29 12:45:14.001353,256,1.037,0.0011,"aoml_navis",1027.20358242565
"7901009",21,0,1,0.01869,1,-0.003738,1,148.664931370337,1,4.86751020412936,258,1,19.9559993743896,36.7350006103516,0.0186899993568659,0,143.35969543457,-85.4353,24.1035,141.04707348077,63,63,63,63,61,63,0,8521,1.64861680440262,24,-85,0.001869,51,2023-12-29 12:45:14.001353,258,1.037,0.0011,"aoml_navis",1027.21921276266
"7901009",21,0,1,0.014952,1,-0.007476,1,148.673017159903,1,4.86738788389626,260,1,19.8610000610352,36.7239990234375,0.0149520002305508,0,143.367492675781,-85.4353,24.1035,141.04707348077,63,63,63,63,61,63,0,8521,1.64861680440262,24,-85,0.001869,51,2023-12-29 12:45:14.001353,260,1.037,0.0011,"aoml_navis",1027.24502736724
"7901009",21,0,1,0.014952,1,-0.007476,1,148.786471389231,1,4.86731156055621,262,1,19.8020000457764,36.7130012512207,0.0149520002305508,0,143.476898193359,-85.4353,24.1035,141.04707348077,63,63,63,63,61,63,0,8521,1.64861680440262,24,-85,0.001869,51,2023-12-29 12:45:14.001353,262,1.037,0.0011,"aoml_navis",1027.26113539126
"7901009",21,0,1,0.014952,1,-0.007476,1,149.103589410148,1,4.86723456044275,264,1,19.7679996490479,36.7109985351562,0.0149520002305508,0,143.782699584961,-85.4353,24.1035,141.04707348077,63,63,63,63,61,63,0,8521,1.64861680440262,24,-85,0.001869,51,2023-12-29 12:45:14.001353,264,1.037,0.0011,"aoml_navis",1027.27738676008
"7901009",21,0,1,0.011214,1,-0.011214,1,149.082639145206,1,4.86716753348182,266,1,19.7390003204346,36.7080001831055,0.0112140001729131,0,143.762496948242,-85.4353,24.1035,141.04707348077,63,63,63,63,61,63,0,8521,1.64861680440262,24,-85,0.001869,51,2023-12-29 12:45:14.001353,266,1.037,0.0011,"aoml_navis",1027.29153364958
"7901009",21,0,1,0.016821,1,-0.005607,1,148.435965861497,1,4.86710053439835,268,1,19.7099990844727,36.7050018310547,0.0168210007250309,0,143.138900756836,-85.4353,24.1035,141.04707348077,63,63,63,63,61,63,0,8521,1.64861680440262,24,-85,0.001869,51,2023-12-29 12:45:14.001353,268,1.037,0.0011,"aoml_navis",1027.30567504459
"7901009",21,0,1,0.01869,1,-0.003738,1,147.245788272492,1,4.86701249050367,270,1,19.6299991607666,36.689998626709,0.0186899993568659,0,141.991195678711,-85.4353,24.1035,141.04707348077,63,63,63,63,61,63,0,8521,1.64861680440262,24,-85,0.001869,51,2023-12-29 12:45:14.001353,270,1.037,0.0011,"aoml_navis",1027.324258928
"7901009",21,0,1,0.01869,1,-0.003738,1,146.834821292838,1,4.86695737108698,272,1,19.5960006713867,36.681999206543,0.0186899993568659,0,141.59489440918,-85.4353,24.1035,141.04707348077,63,63,63,63,61,63,0,8521,1.64861680440262,24,-85,0.001869,51,2023-12-29 12:45:14.001353,272,1.037,0.0011,"aoml_navis",1027.33589361258
"7901009",21,0,1,0.013083,1,-0.009345,1,144.95080067708,1,4.86691408028217,274,1,19.6000003814697,36.6839981079102,0.0130829997360706,0,139.778106689453,-85.4353,24.1035,141.04707348077,63,63,63,63,61,63,0,8521,1.64861680440262,24,-85,0.001869,51,2023-12-29 12:45:14.001353,274,1.037,0.0011,"aoml_navis",1027.34503168178
"7901009",21,0,1,0.020559,1,-0.001869,1,141.519340325903,1,4.8668319915106,276,1,19.5130004882812,36.6650009155273,0.020558999851346,0,136.469100952148,-85.4353,24.1035,141.04707348077,63,63,63,63,61,63,0,8521,1.64861680440262,24,-85,0.001869,51,2023-12-29 12:45:14.001353,276,1.037,0.0011,"aoml_navis",1027.36235989278
"7901009",21,0,1,0.020559,1,-0.001869,1,139.483588523948,1,4.86677547097668,278,1,19.4489994049072,36.6469993591309,0.020558999851346,0,134.505996704102,-85.4353,24.1035,141.04707348077,63,63,63,63,61,63,0,8521,1.64861680440262,24,-85,0.001869,51,2023-12-29 12:45:14.001353,278,1.037,0.0011,"aoml_navis",1027.37429121557
"7901009",21,0,1,0.020559,1,-0.001869,1,139.032081832224,1,4.86669642112457,280,1,19.3640003204346,36.6279983520508,0.020558999851346,0,134.070602416992,-85.4353,24.1035,141.04707348077,63,63,63,63,61,63,0,8521,1.64861680440262,24,-85,0.001869,51,2023-12-29 12:45:14.001353,280,1.037,0.0011,"aoml_navis",1027.39097887775
"7901009",21,0,1,0.022428,1,0,1,139.364849257995,1,4.86662439682948,282,1,19.32200050354,36.6220016479492,0.0224280003458261,0,134.391494750977,-85.4353,24.1035,141.04707348077,63,63,63,63,61,63,0,8521,1.64861680440262,24,-85,0.001869,51,2023-12-29 12:45:14.001353,282,1.037,0.0011,"aoml_navis",1027.40618389564
"7901009",21,0,1,0.020559,1,-0.001869,1,139.439314474623,1,4.86657187898101,284,1,19.3099994659424,36.6209983825684,0.020558999851346,0,134.463302612305,-85.4353,24.1035,141.04707348077,63,63,63,63,61,63,0,8521,1.64861680440262,24,-85,0.001869,51,2023-12-29 12:45:14.001353,284,1.037,0.0011,"aoml_navis",1027.41727119973
"7901009",21,0,1,0.016821,1,-0.005607,1,139.513763867787,1,4.86652935458219,286,1,19.3059997558594,36.6199989318848,0.0168210007250309,0,134.535095214844,-85.4353,24.1035,141.04707348077,63,63,63,63,61,63,0,8521,1.64861680440262,24,-85,0.001869,51,2023-12-29 12:45:14.001353,286,1.037,0.0011,"aoml_navis",1027.42624891231
"7901009",21,0,1,0.024297,1,0.001869,1,139.598498511867,1,4.86648322055918,288,1,19.3020000457764,36.6199989318848,0.0242970008403063,0,134.616806030273,-85.4353,24.1035,141.04707348077,63,63,63,63,61,63,0,8521,1.64861680440262,24,-85,0.001869,51,2023-12-29 12:45:14.001353,288,1.037,0.0011,"aoml_navis",1027.43598886291
"7901009",21,0,1,0.01869,1,-0.003738,1,139.930332353324,1,4.86642806439724,290,1,19.2849998474121,36.6180000305176,0.0186899993568659,0,134.936798095703,-85.4353,24.1035,141.04707348077,63,63,63,63,61,63,0,8521,1.64861680440262,24,-85,0.001869,51,2023-12-29 12:45:14.001353,290,1.037,0.0011,"aoml_navis",1027.4476338364
"7901009",21,0,1,0.01869,1,-0.003738,1,140.358103850628,1,4.86634743521295,292,1,19.2360000610352,36.6119995117188,0.0186899993568659,0,135.349304199219,-85.4353,24.1035,141.04707348077,63,63,63,63,61,63,0,8521,1.64861680440262,24,-85,0.001869,51,2023-12-29 12:45:14.001353,292,1.037,0.0011,"aoml_navis",1027.46465733621
"7901009",21,0,1,0.016821,1,-0.005607,1,140.995029881161,1,4.86628969681679,294,1,19.2140007019043,36.609001159668,0.0168210007250309,0,135.963500976562,-85.4353,24.1035,141.04707348077,63,63,63,63,61,63,0,8521,1.64861680440262,24,-85,0.001869,51,2023-12-29 12:45:14.001353,294,1.037,0.0011,"aoml_navis",1027.47684817669
"7901009",21,0,1,0.022428,1,0,1,141.955498258568,1,4.86618952443971,296,1,19.1550006866455,36.6049995422363,0.0224280003458261,0,136.889694213867,-85.4353,24.1035,141.04707348077,63,63,63,63,61,63,0,8521,1.64861680440262,24,-85,0.001869,51,2023-12-29 12:45:14.001353,296,1.037,0.0011,"aoml_navis",1027.49799918155
"7901009",21,0,1,0.022428,1,0,1,142.04303365559,1,4.86609806421156,298,1,19.1000003814697,36.5999984741211,0.0224280003458261,0,136.974105834961,-85.4353,24.1035,141.04707348077,63,63,63,63,61,63,0,8521,1.64861680440262,24,-85,0.001869,51,2023-12-29 12:45:14.001353,298,1.037,0.0011,"aoml_navis",1027.51731141081
"7901009",21,0,1,0.024297,1,0.001869,1,141.850873521564,1,4.86604664096612,300,1,19.0830001831055,36.5970001220703,0.0242970008403063,0,136.788803100586,-85.4353,24.1035,141.04707348077,63,63,63,63,61,63,0,8521,1.64861680440262,24,-85,0.001869,51,2023-12-29 12:45:14.001353,300,1.037,0.0011,"aoml_navis",1027.52816997399
"7901009",21,0,1,0.026166,1,0.003738,1,141.4532773681,1,4.8659900555269,302,1,19.0559997558594,36.5919990539551,0.0261659994721413,0,136.405395507812,-85.4353,24.1035,141.04707348077,63,63,63,63,61,63,0,8521,1.64861680440262,24,-85,0.001869,51,2023-12-29 12:45:14.001353,302,1.037,0.0011,"aoml_navis",1027.54011885431
"7901009",21,0,1,0.01869,1,-0.003738,1,141.816030256155,1,4.8659069511761,304,1,18.9930000305176,36.5820007324219,0.0186899993568659,0,136.75520324707,-85.4353,24.1035,141.04707348077,63,63,63,63,61,63,0,8521,1.64861680440262,24,-85,0.001869,51,2023-12-29 12:45:14.001353,304,1.037,0.0011,"aoml_navis",1027.5576681119
"7901009",21,0,1,0.020559,1,-0.001869,1,142.081184024755,1,4.86583828079717,306,1,18.9619998931885,36.5789985656738,0.020558999851346,0,137.010894775391,-85.4353,24.1035,141.04707348077,63,63,63,63,61,63,0,8521,1.64861680440262,24,-85,0.001869,51,2023-12-29 12:45:14.001353,306,1.037,0.0011,"aoml_navis",1027.57216978055
"7901009",21,0,1,0.01869,1,-0.003738,1,142.347081496112,1,4.86577562142036,308,1,18.9300003051758,36.5740013122559,0.0186899993568659,0,137.267303466797,-85.4353,24.1035,141.04707348077,63,63,63,63,61,63,0,8521,1.64861680440262,24,-85,0.001869,51,2023-12-29 12:45:14.001353,308,1.037,0.0011,"aoml_navis",1027.58540241534
"7901009",21,0,1,0.016821,1,-0.005607,1,142.964402256055,1,4.8657145257975,310,1,18.9080009460449,36.5719985961914,0.0168210007250309,0,137.862594604492,-85.4353,24.1035,141.04707348077,63,63,63,63,61,63,0,8521,1.64861680440262,24,-85,0.001869,51,2023-12-29 12:45:14.001353,310,1.037,0.0011,"aoml_navis",1027.59830513906
"7901009",21,0,1,0.01869,1,-0.003738,1,143.307866342778,1,4.86563597511287,312,1,18.8659992218018,36.568000793457,0.0186899993568659,0,138.193801879883,-85.4353,24.1035,141.04707348077,63,63,63,63,61,63,0,8521,1.64861680440262,24,-85,0.001869,51,2023-12-29 12:45:14.001353,312,1.037,0.0011,"aoml_navis",1027.61489465599
"7901009",21,0,1,0.014952,1,-0.007476,1,143.650286080946,1,4.86557977488071,314,1,18.8449993133545,36.564998626709,0.0149520002305508,0,138.524002075195,-85.4353,24.1035,141.04707348077,63,63,63,63,61,63,0,8521,1.64861680440262,24,-85,0.001869,51,2023-12-29 12:45:14.001353,314,1.037,0.0011,"aoml_navis",1027.62676419638
"7901009",21,0,1,0.016821,1,-0.005607,1,143.898540391118,1,4.8655250620061,316,1,18.8339996337891,36.564998626709,0.0168210007250309,0,138.763397216797,-85.4353,24.1035,141.04707348077,63,63,63,63,61,63,0,8521,1.64861680440262,24,-85,0.001869,51,2023-12-29 12:45:14.001353,316,1.037,0.0011,"aoml_navis",1027.63831986891
"7901009",21,0,1,0.01869,1,-0.003738,1,144.019146825699,1,4.86547150148898,318,1,18.8209991455078,36.5639991760254,0.0186899993568659,0,138.879699707031,-85.4353,24.1035,141.04707348077,63,63,63,63,61,63,0,8521,1.64861680440262,24,-85,0.001869,51,2023-12-29 12:45:14.001353,318,1.037,0.0011,"aoml_navis",1027.64963240867
"7901009",21,0,1,0.01869,1,-0.003738,1,144.060936591341,1,4.86542648924416,320,1,18.8120002746582,36.5620002746582,0.0186899993568659,0,138.919998168945,-85.4353,24.1035,141.04707348077,63,63,63,63,61,63,0,8521,1.64861680440262,24,-85,0.001869,51,2023-12-29 12:45:14.001353,320,1.037,0.0011,"aoml_navis",1027.65913965679
"7901009",21,0,1,0.016821,1,-0.005607,1,144.334286913747,1,4.86536401542293,322,1,18.7800006866455,36.556999206543,0.0168210007250309,0,139.18359375,-85.4353,24.1035,141.04707348077,63,63,63,63,61,63,0,8521,1.64861680440262,24,-85,0.001869,51,2023-12-29 12:45:14.001353,322,1.037,0.0011,"aoml_navis",1027.67233533818
"7901009",21,0,1,0.01869,1,-0.003738,1,145.23555971627,1,4.86529810265438,324,1,18.753999710083,36.5550003051758,0.0186899993568659,0,140.052703857422,-85.4353,24.1035,141.04707348077,63,63,63,63,61,63,0,8521,1.64861680440262,24,-85,0.001869,51,2023-12-29 12:45:14.001353,324,1.037,0.0011,"aoml_navis",1027.68625775924
"7901009",21,0,1,0.020559,1,-0.001869,1,146.244875123793,1,4.86525095533189,326,1,18.7549991607666,36.556999206543,0.020558999851346,0,141.026000976562,-85.4353,24.1035,141.04707348077,63,63,63,63,61,63,0,8521,1.64861680440262,24,-85,0.001869,51,2023-12-29 12:45:14.001353,326,1.037,0.0011,"aoml_navis",1027.69621668137
"7901009",21,0,1,0.016821,1,-0.005607,1,146.325859607155,1,4.86519766252916,328,1,18.7509994506836,36.5589981079102,0.0168210007250309,0,141.104095458984,-85.4353,24.1035,141.04707348077,63,63,63,63,61,63,0,8521,1.64861680440262,24,-85,0.001869,51,2023-12-29 12:45:14.001353,328,1.037,0.0011,"aoml_navis",1027.7074739448
"7901009",21,0,1,0.016821,1,-0.005607,1,145.130618510007,1,4.86510189146698,330,1,18.6830005645752,36.5509986877441,0.0168210007250309,0,139.951507568359,-85.4353,24.1035,141.04707348077,63,63,63,63,61,63,0,8521,1.64861680440262,24,-85,0.001869,51,2023-12-29 12:45:14.001353,330,1.037,0.0011,"aoml_navis",1027.72770468993
"7901009",21,0,1,0.01869,1,-0.003738,1,143.937735108838,1,4.86503031760041,332,1,18.6110000610352,36.5349998474121,0.0186899993568659,0,138.801193237305,-85.4353,24.1035,141.04707348077,63,63,63,63,61,63,0,8521,1.64861680440262,24,-85,0.001869,51,2023-12-29 12:45:14.001353,332,1.037,0.0011,"aoml_navis",1027.74282452286
"7901009",21,0,1,0.014952,1,-0.007476,1,143.438314971311,1,4.86496785704658,334,1,18.5669994354248,36.5260009765625,0.0149520002305508,0,138.319595336914,-85.4353,24.1035,141.04707348077,63,63,63,63,61,63,0,8521,1.64861680440262,24,-85,0.001869,51,2023-12-29 12:45:14.001353,334,1.037,0.0011,"aoml_navis",1027.75601955064
"7901009",21,0,1,0.020559,1,-0.001869,1,143.549902032012,1,4.86488969992852,336,1,18.5160007476807,36.5190010070801,0.020558999851346,0,138.427200317383,-85.4353,24.1035,141.04707348077,63,63,63,63,61,63,0,8521,1.64861680440262,24,-85,0.001869,51,2023-12-29 12:45:14.001353,336,1.037,0.0011,"aoml_navis",1027.77253101411
"7901009",21,0,1,0.020559,1,-0.001869,1,143.514441651548,1,4.86482509019125,338,1,18.4790000915527,36.5130004882812,0.020558999851346,0,138.393005371094,-85.4353,24.1035,141.04707348077,63,63,63,63,61,63,0,8521,1.64861680440262,24,-85,0.001869,51,2023-12-29 12:45:14.001353,338,1.037,0.0011,"aoml_navis",1027.78618086009
"7901009",21,0,1,0.016821,1,-0.005607,1,143.421415512884,1,4.86475200771293,340,1,18.4349994659424,36.5069999694824,0.0168210007250309,0,138.303298950195,-85.4353,24.1035,141.04707348077,63,63,63,63,61,63,0,8521,1.64861680440262,24,-85,0.001869,51,2023-12-29 12:45:14.001353,340,1.037,0.0011,"aoml_navis",1027.80162114588
"7901009",21,0,1,0.020559,1,-0.001869,1,143.488918405815,1,4.86468994275323,342,1,18.3999996185303,36.5009994506836,0.020558999851346,0,138.368392944336,-85.4353,24.1035,141.04707348077,63,63,63,63,61,63,0,8521,1.64861680440262,24,-85,0.001869,51,2023-12-29 12:45:14.001353,342,1.037,0.0011,"aoml_navis",1027.81473410209
"7901009",21,0,1,0.016821,1,-0.005607,1,143.509045850683,1,4.86463897428848,344,1,18.3859996795654,36.4990005493164,0.0168210007250309,0,138.387802124023,-85.4353,24.1035,141.04707348077,63,63,63,63,61,63,0,8521,1.64861680440262,24,-85,0.001869,51,2023-12-29 12:45:14.001353,344,1.037,0.0011,"aoml_navis",1027.82550286403
"7901009",21,0,1,0.01869,1,-0.003738,1,143.583083833811,1,4.86458550373048,346,1,18.3610000610352,36.4939994812012,0.0186899993568659,0,138.459197998047,-85.4353,24.1035,141.04707348077,63,63,63,63,61,63,0,8521,1.64861680440262,24,-85,0.001869,51,2023-12-29 12:45:14.001353,346,1.037,0.0011,"aoml_navis",1027.83680051788
"7901009",21,0,1,0.011214,1,-0.011214,1,144.049733579575,1,4.86450164978838,348,1,18.3020000457764,36.4860000610352,0.0112140001729131,0,138.909194946289,-85.4353,24.1035,141.04707348077,63,63,63,63,61,63,0,8521,1.64861680440262,24,-85,0.001869,51,2023-12-29 12:45:14.001353,348,1.037,0.0011,"aoml_navis",1027.85451829737
"7901009",21,0,1,0.016821,1,-0.005607,1,144.451064070294,1,4.8644422458719,350,1,18.2810001373291,36.484001159668,0.0168210007250309,0,139.296203613281,-85.4353,24.1035,141.04707348077,63,63,63,63,61,63,0,8521,1.64861680440262,24,-85,0.001869,51,2023-12-29 12:45:14.001353,350,1.037,0.0011,"aoml_navis",1027.86707031893
"7901009",21,0,1,0.020559,1,-0.001869,1,144.904342989868,1,4.8643889522177,352,1,18.2709999084473,36.484001159668,0.020558999851346,0,139.733306884766,-85.4353,24.1035,141.04707348077,63,63,63,63,61,63,0,8521,1.64861680440262,24,-85,0.001869,51,2023-12-29 12:45:14.001353,352,1.037,0.0011,"aoml_navis",1027.87833150564
"7901009",21,0,1,0.01869,1,-0.003738,1,145.224245940263,1,4.86433443309968,354,1,18.2569999694824,36.4830017089844,0.0186899993568659,0,140.041793823242,-85.4353,24.1035,141.04707348077,63,63,63,63,61,63,0,8521,1.64861680440262,24,-85,0.001869,51,2023-12-29 12:45:14.001353,354,1.037,0.0011,"aoml_navis",1027.88985189365
"7901009",21,0,1,0.016821,1,-0.005607,1,145.428542670369,1,4.86428720433118,356,1,18.2520008087158,36.4830017089844,0.0168210007250309,0,140.238800048828,-85.4353,24.1035,141.04707348077,63,63,63,63,61,63,0,8521,1.64861680440262,24,-85,0.001869,51,2023-12-29 12:45:14.001353,356,1.037,0.0011,"aoml_navis",1027.89983197291
"7901009",21,0,1,0.020559,1,-0.001869,1,145.494700568949,1,4.8642472415872,358,1,18.2530002593994,36.4830017089844,0.020558999851346,0,140.302597045898,-85.4353,24.1035,141.04707348077,63,63,63,63,61,63,0,8521,1.64861680440262,24,-85,0.001869,51,2023-12-29 12:45:14.001353,358,1.037,0.0011,"aoml_navis",1027.90827679403
"7901009",21,0,1,0.016821,1,-0.005607,1,145.560035647457,1,4.86419030729857,360,1,18.2339992523193,36.4809989929199,0.0168210007250309,0,140.365600585938,-85.4353,24.1035,141.04707348077,63,63,63,63,61,63,0,8521,1.64861680440262,24,-85,0.001869,51,2023-12-29 12:45:14.001353,360,1.037,0.0011,"aoml_navis",1027.92030823664
"7901009",21,0,1,0.016821,1,-0.005607,1,145.570099369891,1,4.86409462328157,362,1,18.1590003967285,36.4710006713867,0.0168210007250309,0,140.375305175781,-85.4353,24.1035,141.04707348077,63,63,63,63,61,63,0,8521,1.64861680440262,24,-85,0.001869,51,2023-12-29 12:45:14.001353,362,1.037,0.0011,"aoml_navis",1027.94052896667
"7901009",21,0,1,0.01869,1,-0.003738,1,145.268741518069,1,4.8640292868756,364,1,18.1180000305176,36.4640007019043,0.0186899993568659,0,140.084701538086,-85.4353,24.1035,141.04707348077,63,63,63,63,61,63,0,8521,1.64861680440262,24,-85,0.001869,51,2023-12-29 12:45:14.001353,364,1.037,0.0011,"aoml_navis",1027.95433684811
"7901009",21,0,1,0.014952,1,-0.007476,1,144.818263351437,1,4.86398207357786,366,1,18.1070003509521,36.4620018005371,0.0149520002305508,0,139.650299072266,-85.4353,24.1035,141.04707348077,63,63,63,63,61,63,0,8521,1.64861680440262,24,-85,0.001869,51,2023-12-29 12:45:14.001353,366,1.037,0.0011,"aoml_navis",1027.96431491
"7901009",21,0,1,0.013083,1,-0.009345,1,144.594266409963,1,4.8639396975345,368,1,18.0970001220703,36.4589996337891,0.0130829997360706,0,139.434295654297,-85.4353,24.1035,141.04707348077,63,63,63,63,61,63,0,8521,1.64861680440262,24,-85,0.001869,51,2023-12-29 12:45:14.001353,368,1.037,0.0011,"aoml_navis",1027.97327083115
"7901009",21,0,1,0.016821,1,-0.005607,1,144.570942625579,1,4.86389008282514,370,1,18.0809993743896,36.4560012817383,0.0168210007250309,0,139.411804199219,-85.4353,24.1035,141.04707348077,63,63,63,63,61,63,0,8521,1.64861680440262,24,-85,0.001869,51,2023-12-29 12:45:14.001353,370,1.037,0.0011,"aoml_navis",1027.983756799
"7901009",21,0,1,0.01869,1,-0.003738,1,144.688843247996,1,4.86383326932707,372,1,18.0590000152588,36.4529991149902,0.0186899993568659,0,139.525497436523,-85.4353,24.1035,141.04707348077,63,63,63,63,61,63,0,8521,1.64861680440262,24,-85,0.001869,51,2023-12-29 12:45:14.001353,372,1.037,0.0011,"aoml_navis",1027.99576447894
"7901009",21,0,1,0.020559,1,-0.001869,1,144.568442518433,1,4.86377646453946,374,1,18.0340003967285,36.4490013122559,0.020558999851346,0,139.409393310547,-85.4353,24.1035,141.04707348077,63,63,63,63,61,63,0,8521,1.64861680440262,24,-85,0.001869,51,2023-12-29 12:45:14.001353,374,1.037,0.0011,"aoml_navis",1028.00777059836
"7901009",21,0,1,0.016821,1,-0.005607,1,144.139231086002,1,4.86369573962104,376,1,17.9740009307861,36.439998626709,0.0168210007250309,0,138.995498657227,-85.4353,24.1035,141.04707348077,63,63,63,63,61,63,0,8521,1.64861680440262,24,-85,0.001869,51,2023-12-29 12:45:14.001353,376,1.037,0.0011,"aoml_navis",1028.02483289993
"7901009",21,0,1,0.016821,1,-0.005607,1,143.707218900629,1,4.86364027322842,378,1,17.9409999847412,36.4329986572266,0.0168210007250309,0,138.578903198242,-85.4353,24.1035,141.04707348077,63,63,63,63,61,63,0,8521,1.64861680440262,24,-85,0.001869,51,2023-12-29 12:45:14.001353,378,1.037,0.0011,"aoml_navis",1028.03655679927
"7901009",21,0,1,0.020559,1,-0.001869,1,143.286393903559,1,4.86355507637567,380,1,17.8649997711182,36.4199981689453,0.020558999851346,0,138.173095703125,-85.4353,24.1035,141.04707348077,63,63,63,63,61,63,0,8521,1.64861680440262,24,-85,0.001869,51,2023-12-29 12:45:14.001353,380,1.037,0.0011,"aoml_navis",1028.05456532961
"7901009",21,0,1,0.01869,1,-0.003738,1,143.037728183351,1,4.86342972746822,382,1,17.7430000305176,36.4029998779297,0.0186899993568659,0,137.933303833008,-85.4353,24.1035,141.04707348077,63,63,63,63,61,63,0,8521,1.64861680440262,24,-85,0.001869,51,2023-12-29 12:45:14.001353,382,1.037,0.0011,"aoml_navis",1028.08106216904
"7901009",21,0,1,0.014952,1,-0.007476,1,142.485315268415,1,4.86334037572819,384,1,17.6630001068115,36.3899993896484,0.0149520002305508,0,137.400604248047,-85.4353,24.1035,141.04707348077,63,63,63,63,61,63,0,8521,1.64861680440262,24,-85,0.001869,51,2023-12-29 12:45:14.001353,384,1.037,0.0011,"aoml_navis",1028.09995059236
"7901009",21,0,1,0.020559,1,-0.001869,1,141.991908046809,1,4.86319627357853,386,1,17.5090007781982,36.3680000305176,0.020558999851346,0,136.9248046875,-85.4353,24.1035,141.04707348077,63,63,63,63,61,63,0,8521,1.64861680440262,24,-85,0.001869,51,2023-12-29 12:45:14.001353,386,1.037,0.0011,"aoml_navis",1028.13041438708
"7901009",21,0,1,0.01869,1,-0.003738,1,141.622002953502,1,4.86312628296654,388,1,17.4540004730225,36.3580017089844,0.0186899993568659,0,136.568099975586,-85.4353,24.1035,141.04707348077,63,63,63,63,61,63,0,8521,1.64861680440262,24,-85,0.001869,51,2023-12-29 12:45:14.001353,388,1.037,0.0011,"aoml_navis",1028.1452113454
"7901009",21,0,1,0.01869,1,-0.003738,1,141.378195036418,1,4.86307586311824,390,1,17.4370002746582,36.3549995422363,0.0186899993568659,0,136.332992553711,-85.4353,24.1035,141.04707348077,63,63,63,63,61,63,0,8521,1.64861680440262,24,-85,0.001869,51,2023-12-29 12:45:14.001353,390,1.037,0.0011,"aoml_navis",1028.15587104454
"7901009",21,0,1,0.01869,1,-0.003738,1,140.93053344619,1,4.86303251190198,392,1,17.4260005950928,36.3520011901855,0.0186899993568659,0,135.901306152344,-85.4353,24.1035,141.04707348077,63,63,63,63,61,63,0,8521,1.64861680440262,24,-85,0.001869,51,2023-12-29 12:45:14.001353,392,1.037,0.0011,"aoml_navis",1028.16503647936
"7901009",21,0,1,0.014952,1,-0.007476,1,140.407979405836,1,4.86297058295741,394,1,17.3899993896484,36.3460006713867,0.0149520002305508,0,135.397399902344,-85.4353,24.1035,141.04707348077,63,63,63,63,61,63,0,8521,1.64861680440262,24,-85,0.001869,51,2023-12-29 12:45:14.001353,394,1.037,0.0011,"aoml_navis",1028.17812995267
"7901009",21,0,1,0.01869,1,-0.003738,1,140.070638999273,1,4.86290544751089,396,1,17.3419990539551,36.3370018005371,0.0186899993568659,0,135.07209777832,-85.4353,24.1035,141.04707348077,63,63,63,63,61,63,0,8521,1.64861680440262,24,-85,0.001869,51,2023-12-29 12:45:14.001353,396,1.037,0.0011,"aoml_navis",1028.19190172807
"7901009",21,0,1,0.014952,1,-0.007476,1,140.149867078248,1,4.86281618270531,398,1,17.2609996795654,36.3240013122559,0.0149520002305508,0,135.148498535156,-85.4353,24.1035,141.04707348077,63,63,63,63,61,63,0,8521,1.64861680440262,24,-85,0.001869,51,2023-12-29 12:45:14.001353,398,1.037,0.0011,"aoml_navis",1028.21077584273
"7901009",21,0,1,0.016821,1,-0.005607,1,140.624191203541,1,4.86270859467544,400,1,17.1609992980957,36.310001373291,0.0168210007250309,0,135.605895996094,-85.4353,24.1035,141.04707348077,63,63,63,63,61,63,0,8521,1.64861680440262,24,-85,0.001869,51,2023-12-29 12:45:14.001353,400,1.037,0.0011,"aoml_navis",1028.23352513348
"7901009",21,0,1,0.016821,1,-0.005607,1,140.729448879063,1,4.86262979066558,402,1,17.1040000915527,36.3019981384277,0.0168210007250309,0,135.707397460938,-85.4353,24.1035,141.04707348077,63,63,63,63,61,63,0,8521,1.64861680440262,24,-85,0.001869,51,2023-12-29 12:45:14.001353,402,1.037,0.0011,"aoml_navis",1028.25018873493
"7901009",21,0,1,0.01869,1,-0.003738,1,140.440338387562,1,4.86255471768119,404,1,17.0470008850098,36.2929992675781,0.0186899993568659,0,135.428604125977,-85.4353,24.1035,141.04707348077,63,63,63,63,61,63,0,8521,1.64861680440262,24,-85,0.001869,51,2023-12-29 12:45:14.001353,404,1.037,0.0011,"aoml_navis",1028.26606389004
"7901009",21,0,1,0.014952,1,-0.007476,1,140.084326294722,1,4.8624842801661,406,1,16.9969997406006,36.2849998474121,0.0149520002305508,0,135.085296630859,-85.4353,24.1035,141.04707348077,63,63,63,63,61,63,0,8521,1.64861680440262,24,-85,0.001869,51,2023-12-29 12:45:14.001353,406,1.037,0.0011,"aoml_navis",1028.28095926085
"7901009",21,0,1,0.014952,1,-0.007476,1,139.577753951944,1,4.8624352838506,408,1,16.9810009002686,36.2820014953613,0.0149520002305508,0,134.596801757812,-85.4353,24.1035,141.04707348077,63,63,63,63,61,63,0,8521,1.64861680440262,24,-85,0.001869,51,2023-12-29 12:45:14.001353,408,1.037,0.0011,"aoml_navis",1028.29132073105
"7901009",21,0,1,0.01869,1,-0.003738,1,138.899133096545,1,4.86238849127887,410,1,16.9699993133545,36.2799987792969,0.0186899993568659,0,133.942398071289,-85.4353,24.1035,141.04707348077,63,63,63,63,61,63,0,8521,1.64861680440262,24,-85,0.001869,51,2023-12-29 12:45:14.001353,410,1.037,0.0011,"aoml_navis",1028.30121636063
"7901009",21,0,1,0.016821,1,-0.005607,1,138.447626404822,1,4.8623383487749,412,1,16.9529991149902,36.2770004272461,0.0168210007250309,0,133.50700378418,-85.4353,24.1035,141.04707348077,63,63,63,63,61,63,0,8521,1.64861680440262,24,-85,0.001869,51,2023-12-29 12:45:14.001353,412,1.037,0.0011,"aoml_navis",1028.31182064074
"7901009",21,0,1,0.016821,1,-0.005607,1,138.439018440979,1,4.86228633596127,414,1,16.9249992370605,36.2709999084473,0.0168210007250309,0,133.49870300293,-85.4353,24.1035,141.04707348077,63,63,63,63,61,63,0,8521,1.64861680440262,24,-85,0.001869,51,2023-12-29 12:45:14.001353,414,1.037,0.0011,"aoml_navis",1028.32282069038
"7901009",21,0,1,0.020559,1,-0.001869,1,139.206709569305,1,4.86220155319905,416,1,16.8530006408691,36.2599983215332,0.020558999851346,0,134.238998413086,-85.4353,24.1035,141.04707348077,63,63,63,63,61,63,0,8521,1.64861680440262,24,-85,0.001869,51,2023-12-29 12:45:14.001353,416,1.037,0.0011,"aoml_navis",1028.34075167252
"7901009",21,0,1,0.014952,1,-0.007476,1,139.603166433437,1,4.86210904917438,418,1,16.7709999084473,36.2480010986328,0.0149520002305508,0,134.621307373047,-85.4353,24.1035,141.04707348077,63,63,63,63,61,63,0,8521,1.64861680440262,24,-85,0.001869,51,2023-12-29 12:45:14.001353,418,1.037,0.0011,"aoml_navis",1028.36031636292
"7901009",21,0,1,0.014952,1,-0.007476,1,139.093777514254,1,4.86203356755296,420,1,16.7129993438721,36.2389984130859,0.0149520002305508,0,134.130096435547,-85.4353,24.1035,141.04707348077,63,63,63,63,61,63,0,8521,1.64861680440262,24,-85,0.001869,51,2023-12-29 12:45:14.001353,420,1.037,0.0011,"aoml_navis",1028.37628135021
"7901009",21,0,1,0.01869,1,-0.003738,1,137.915847285569,1,4.86195910261153,422,1,16.6399993896484,36.2249984741211,0.0186899993568659,0,132.994201660156,-85.4353,24.1035,141.04707348077,63,63,63,63,61,63,0,8521,1.64861680440262,24,-85,0.001869,51,2023-12-29 12:45:14.001353,422,1.037,0.0011,"aoml_navis",1028.39203178701
"7901009",21,0,1,0.016821,1,-0.005607,1,137.646437005437,1,4.86182448870029,424,1,16.492000579834,36.2039985656738,0.0168210007250309,0,132.734405517578,-85.4353,24.1035,141.04707348077,63,63,63,63,61,63,0,8521,1.64861680440262,24,-85,0.001869,51,2023-12-29 12:45:14.001353,424,1.037,0.0011,"aoml_navis",1028.42050584526
"7901009",21,0,1,0.016821,1,-0.005607,1,137.2811998337,1,4.86175895389047,426,1,16.4389991760254,36.1940002441406,0.0168210007250309,0,132.382202148438,-85.4353,24.1035,141.04707348077,63,63,63,63,61,63,0,8521,1.64861680440262,24,-85,0.001869,51,2023-12-29 12:45:14.001353,426,1.037,0.0011,"aoml_navis",1028.43436859388
"7901009",21,0,1,0.01869,1,-0.003738,1,137.215136875897,1,4.86168466099625,428,1,16.375,36.1829986572266,0.0186899993568659,0,132.318496704102,-85.4353,24.1035,141.04707348077,63,63,63,63,61,63,0,8521,1.64861680440262,24,-85,0.001869,51,2023-12-29 12:45:14.001353,428,1.037,0.0011,"aoml_navis",1028.45008441486
"7901009",21,0,1,0.016821,1,-0.005607,1,137.189312984368,1,4.86156318643046,430,1,16.2339992523193,36.1609992980957,0.0168210007250309,0,132.293594360352,-85.4353,24.1035,141.04707348077,63,63,63,63,61,63,0,8521,1.64861680440262,24,-85,0.001869,51,2023-12-29 12:45:14.001353,430,1.037,0.0011,"aoml_navis",1028.47578201924
"7901009",21,0,1,0.01869,1,-0.003738,1,136.861213480166,1,4.86145442483805,432,1,16.1100006103516,36.140998840332,0.0186899993568659,0,131.977203369141,-85.4353,24.1035,141.04707348077,63,63,63,63,61,63,0,8521,1.64861680440262,24,-85,0.001869,51,2023-12-29 12:45:14.001353,432,1.037,0.0011,"aoml_navis",1028.49879131934
"7901009",21,0,1,0.016821,1,-0.005607,1,136.132812010337,1,4.86137734349805,434,1,16.0459995269775,36.1310005187988,0.0168210007250309,0,131.274795532227,-85.4353,24.1035,141.04707348077,63,63,63,63,61,63,0,8521,1.64861680440262,24,-85,0.001869,51,2023-12-29 12:45:14.001353,434,1.037,0.0011,"aoml_navis",1028.51509905672
"7901009",21,0,1,0.014952,1,-0.007476,1,135.1256802407,1,4.86130485380846,436,1,15.9729995727539,36.117000579834,0.0149520002305508,0,130.303604125977,-85.4353,24.1035,141.04707348077,63,63,63,63,61,63,0,8521,1.64861680440262,24,-85,0.001869,51,2023-12-29 12:45:14.001353,436,1.037,0.0011,"aoml_navis",1028.53043583203
"7901009",21,0,1,0.020559,1,-0.001869,1,134.45505023409,1,4.86121471112525,438,1,15.8839998245239,36.1030006408691,0.020558999851346,0,129.65690612793,-85.4353,24.1035,141.04707348077,63,63,63,63,61,63,0,8521,1.64861680440262,24,-85,0.001869,51,2023-12-29 12:45:14.001353,438,1.037,0.0011,"aoml_navis",1028.54950812132
"7901009",21,0,1,0.016821,1,-0.005607,1,133.862920427158,1,4.86112988492056,440,1,15.8059997558594,36.0909996032715,0.0168210007250309,0,129.085906982422,-85.4353,24.1035,141.04707348077,63,63,63,63,61,63,0,8521,1.64861680440262,24,-85,0.001869,51,2023-12-29 12:45:14.001353,440,1.037,0.0011,"aoml_navis",1028.56745620195
"7901009",21,0,1,0.01869,1,-0.003738,1,133.572243412826,1,4.86105115082423,442,1,15.7299995422363,36.0779991149902,0.0186899993568659,0,128.805603027344,-85.4353,24.1035,141.04707348077,63,63,63,63,61,63,0,8521,1.64861680440262,24,-85,0.001869,51,2023-12-29 12:45:14.001353,442,1.037,0.0011,"aoml_navis",1028.58411583515
"7901009",21,0,1,0.016821,1,-0.005607,1,133.308323874336,1,4.86099630826803,444,1,15.6949996948242,36.0709991455078,0.0168210007250309,0,128.55110168457,-85.4353,24.1035,141.04707348077,63,63,63,63,61,63,0,8521,1.64861680440262,24,-85,0.001869,51,2023-12-29 12:45:14.001353,444,1.037,0.0011,"aoml_navis",1028.59572048955
"7901009",21,0,1,0.020559,1,-0.001869,1,133.193936060694,1,4.8609359755927,446,1,15.6549997329712,36.0639991760254,0.020558999851346,0,128.440795898438,-85.4353,24.1035,141.04707348077,63,63,63,63,61,63,0,8521,1.64861680440262,24,-85,0.001869,51,2023-12-29 12:45:14.001353,446,1.037,0.0011,"aoml_navis",1028.60848715259
"7901009",21,0,1,0.016821,1,-0.005607,1,133.485230190081,1,4.86085264293852,448,1,15.581000328064,36.0530014038086,0.0168210007250309,0,128.721694946289,-85.4353,24.1035,141.04707348077,63,63,63,63,61,63,0,8521,1.64861680440262,24,-85,0.001869,51,2023-12-29 12:45:14.001353,448,1.037,0.0011,"aoml_navis",1028.62612123485
"7901009",21,0,1,0.01869,1,-0.003738,1,133.637056317056,1,4.86078179784717,450,1,15.5279998779297,36.0449981689453,0.0186899993568659,0,128.868103027344,-85.4353,24.1035,141.04707348077,63,63,63,63,61,63,0,8521,1.64861680440262,24,-85,0.001869,51,2023-12-29 12:45:14.001353,450,1.037,0.0011,"aoml_navis",1028.64111329056
"7901009",21,0,1,0.01869,1,-0.003738,1,133.464912863658,1,4.86072282649653,452,1,15.4890003204346,36.0379981994629,0.0186899993568659,0,128.702102661133,-85.4353,24.1035,141.04707348077,63,63,63,63,61,63,0,8521,1.64861680440262,24,-85,0.001869,51,2023-12-29 12:45:14.001353,452,1.037,0.0011,"aoml_navis",1028.65359298914
"7901009",21,0,1,0.01869,1,-0.003738,1,133.067221769416,1,4.86067050754712,454,1,15.456000328064,36.0309982299805,0.0186899993568659,0,128.318603515625,-85.4353,24.1035,141.04707348077,63,63,63,63,61,63,0,8521,1.64861680440262,24,-85,0.001869,51,2023-12-29 12:45:14.001353,454,1.037,0.0011,"aoml_navis",1028.66466513962
"7901009",21,0,1,0.020559,1,-0.001869,1,132.919129979697,1,4.86057817844305,456,1,15.3599996566772,36.015998840332,0.020558999851346,0,128.175796508789,-85.4353,24.1035,141.04707348077,63,63,63,63,61,63,0,8521,1.64861680440262,24,-85,0.001869,51,2023-12-29 12:45:14.001353,456,1.037,0.0011,"aoml_navis",1028.68420513743
"7901009",21,0,1,0.016821,1,-0.005607,1,132.714429751286,1,4.86051250426219,458,1,15.3079996109009,36.0069999694824,0.0168210007250309,0,127.978401184082,-85.4353,24.1035,141.04707348077,63,63,63,63,61,63,0,8521,1.64861680440262,24,-85,0.001869,51,2023-12-29 12:45:14.001353,458,1.037,0.0011,"aoml_navis",1028.6981044932
"7901009",21,0,1,0.01869,1,-0.003738,1,132.370245696999,1,4.860453868259,460,1,15.2690000534058,36,0.0186899993568659,0,127.646499633789,-85.4353,24.1035,141.04707348077,63,63,63,63,61,63,0,8521,1.64861680440262,24,-85,0.001869,51,2023-12-29 12:45:14.001353,460,1.037,0.0011,"aoml_navis",1028.71051459871
"7901009",21,0,1,0.01869,1,-0.003738,1,132.145425935451,1,4.86037748822987,462,1,15.2069997787476,35.9910011291504,0.0186899993568659,0,127.429702758789,-85.4353,24.1035,141.04707348077,63,63,63,63,61,63,0,8521,1.64861680440262,24,-85,0.001869,51,2023-12-29 12:45:14.001353,462,1.037,0.0011,"aoml_navis",1028.72668061447
"7901009",21,0,1,0.016821,1,-0.005607,1,131.829755761394,1,4.86032407760897,464,1,15.1759996414185,35.9850006103516,0.0168210007250309,0,127.125297546387,-85.4353,24.1035,141.04707348077,63,63,63,63,61,63,0,8521,1.64861680440262,24,-85,0.001869,51,2023-12-29 12:45:14.001353,464,1.037,0.0011,"aoml_navis",1028.73798540194
"7901009",21,0,1,0.020559,1,-0.001869,1,131.50497127268,1,4.86025156919958,466,1,15.1140003204346,35.9749984741211,0.020558999851346,0,126.812103271484,-85.4353,24.1035,141.04707348077,63,63,63,63,61,63,0,8521,1.64861680440262,24,-85,0.001869,51,2023-12-29 12:45:14.001353,466,1.037,0.0011,"aoml_navis",1028.75333278755
"7901009",21,0,1,0.020559,1,-0.001869,1,131.576730677144,1,4.86015663481489,468,1,15.0109996795654,35.9589996337891,0.020558999851346,0,126.881301879883,-85.4353,24.1035,141.04707348077,63,63,63,63,61,63,0,8521,1.64861680440262,24,-85,0.001869,51,2023-12-29 12:45:14.001353,468,1.037,0.0011,"aoml_navis",1028.77342762646
"7901009",21,0,1,0.024297,1,0.001869,1,131.497083276401,1,4.86008952683365,470,1,14.9569997787476,35.9500007629395,0.0242970008403063,0,126.804496765137,-85.4353,24.1035,141.04707348077,63,63,63,63,61,63,0,8521,1.64861680440262,24,-85,0.001869,51,2023-12-29 12:45:14.001353,470,1.037,0.0011,"aoml_navis",1028.78763290138
"7901009",21,0,1,0.01869,1,-0.003738,1,131.426676778019,1,4.86001756889738,472,1,14.8950004577637,35.939998626709,0.0186899993568659,0,126.736602783203,-85.4353,24.1035,141.04707348077,63,63,63,63,61,63,0,8521,1.64861680440262,24,-85,0.001869,51,2023-12-29 12:45:14.001353,472,1.037,0.0011,"aoml_navis",1028.80286524034
"7901009",21,0,1,0.01869,1,-0.003738,1,131.199261968548,1,4.85996693560447,474,1,14.8730001449585,35.9360008239746,0.0186899993568659,0,126.517303466797,-85.4353,24.1035,141.04707348077,63,63,63,63,61,63,0,8521,1.64861680440262,24,-85,0.001869,51,2023-12-29 12:45:14.001353,474,1.037,0.0011,"aoml_navis",1028.81358376528
"7901009",21,0,1,0.01869,1,-0.003738,1,130.932438824608,1,4.85991285061702,476,1,14.8409996032715,35.9300003051758,0.0186899993568659,0,126.26000213623,-85.4353,24.1035,141.04707348077,63,63,63,63,61,63,0,8521,1.64861680440262,24,-85,0.001869,51,2023-12-29 12:45:14.001353,476,1.037,0.0011,"aoml_navis",1028.82503322363
"7901009",21,0,1,0.020559,1,-0.001869,1,130.841074149553,1,4.859843319018,478,1,14.7810001373291,35.9199981689453,0.020558999851346,0,126.171897888184,-85.4353,24.1035,141.04707348077,63,63,63,63,61,63,0,8521,1.64861680440262,24,-85,0.001869,51,2023-12-29 12:45:14.001353,478,1.037,0.0011,"aoml_navis",1028.83975300881
"7901009",21,0,1,0.01869,1,-0.003738,1,130.645804705059,1,4.85978933372325,480,1,14.7489995956421,35.9140014648438,0.0186899993568659,0,125.983596801758,-85.4353,24.1035,141.04707348077,63,63,63,63,61,63,0,8521,1.64861680440262,24,-85,0.001869,51,2023-12-29 12:45:14.001353,480,1.037,0.0011,"aoml_navis",1028.851181944
"7901009",21,0,1,0.020559,1,-0.001869,1,130.492744347974,1,4.85972856437042,482,1,14.71399974823,35.9090003967285,0.020558999851346,0,125.835998535156,-85.4353,24.1035,141.04707348077,63,63,63,63,61,63,0,8521,1.64861680440262,24,-85,0.001869,51,2023-12-29 12:45:14.001353,482,1.037,0.0011,"aoml_navis",1028.86404739927
"7901009",21,0,1,0.022428,1,0,1,130.280781150071,1,4.85968363858125,484,1,14.7040004730225,35.9070014953613,0.0224280003458261,0,125.63159942627,-85.4353,24.1035,141.04707348077,63,63,63,63,61,63,0,8521,1.64861680440262,24,-85,0.001869,51,2023-12-29 12:45:14.001353,484,1.037,0.0011,"aoml_navis",1028.87355882691
"7901009",21,0,1,0.016821,1,-0.005607,1,129.93120920665,1,4.85963595037152,486,1,14.6879997253418,35.9039993286133,0.0168210007250309,0,125.294502258301,-85.4353,24.1035,141.04707348077,63,63,63,63,61,63,0,8521,1.64861680440262,24,-85,0.001869,51,2023-12-29 12:45:14.001353,486,1.037,0.0011,"aoml_navis",1028.88365529063
"7901009",21,0,1,0.01869,1,-0.003738,1,129.627881333692,1,4.85956802392827,488,1,14.6359996795654,35.8959999084473,0.0186899993568659,0,125.001998901367,-85.4353,24.1035,141.04707348077,63,63,63,63,61,63,0,8521,1.64861680440262,24,-85,0.001869,51,2023-12-29 12:45:14.001353,488,1.037,0.0011,"aoml_navis",1028.89803689963
"7901009",21,0,1,0.022428,1,0,1,129.616369764398,1,4.85949028784455,490,1,14.5609998703003,35.8839988708496,0.0224280003458261,0,124.990898132324,-85.4353,24.1035,141.04707348077,63,63,63,63,61,63,0,8521,1.64861680440262,24,-85,0.001869,51,2023-12-29 12:45:14.001353,490,1.037,0.0011,"aoml_navis",1028.91449593117
"7901009",21,0,1,0.022428,1,0,1,129.37640694881,1,4.85944798006655,492,1,14.5500001907349,35.8810005187988,0.0224280003458261,0,124.759498596191,-85.4353,24.1035,141.04707348077,63,63,63,63,61,63,0,8521,1.64861680440262,24,-85,0.001869,51,2023-12-29 12:45:14.001353,492,1.037,0.0011,"aoml_navis",1028.92345396226
"7901009",21,0,1,0.020559,1,-0.001869,1,129.208828564472,1,4.85938368054235,494,1,14.5080003738403,35.875,0.020558999851346,0,124.597900390625,-85.4353,24.1035,141.04707348077,63,63,63,63,61,63,0,8521,1.64861680440262,24,-85,0.001869,51,2023-12-29 12:45:14.001353,494,1.037,0.0011,"aoml_navis",1028.93706871114
"7901009",21,0,1,0.01869,1,-0.003738,1,129.003083987507,1,4.85932671165569,496,1,14.4659996032715,35.867000579834,0.0186899993568659,0,124.39949798584,-85.4353,24.1035,141.04707348077,63,63,63,63,61,63,0,8521,1.64861680440262,24,-85,0.001869,51,2023-12-29 12:45:14.001353,496,1.037,0.0011,"aoml_navis",1028.94913157555
"7901009",21,0,1,0.022428,1,0,1,128.878434658144,1,4.85925230757099,498,1,14.4040002822876,35.8580017089844,0.0224280003458261,0,124.279296875,-85.4353,24.1035,141.04707348077,63,63,63,63,61,63,0,8521,1.64861680440262,24,-85,0.001869,51,2023-12-29 12:45:14.001353,498,1.037,0.0011,"aoml_navis",1028.96488667808
"7901009",21,0,1,0.024297,1,0.001869,1,128.672278671141,1,4.85920783133698,500,1,14.3839998245239,35.8530006408691,0.0242970008403063,0,124.080497741699,-85.4353,24.1035,141.04707348077,63,63,63,63,61,63,0,8521,1.64861680440262,24,-85,0.001869,51,2023-12-29 12:45:14.001353,500,1.037,0.0011,"aoml_navis",1028.97430477352
"7901009",21,0,1,0.01869,1,-0.003738,1,128.599791387382,1,4.85910923515286,502,1,14.2849998474121,35.8400001525879,0.0186899993568659,0,124.010597229004,-85.4353,24.1035,141.04707348077,63,63,63,63,61,63,0,8521,1.64861680440262,24,-85,0.001869,51,2023-12-29 12:45:14.001353,502,1.037,0.0011,"aoml_navis",1028.99518369084
"7901009",21,0,1,0.020559,1,-0.001869,1,128.406808433283,1,4.859054256834,504,1,14.2480001449585,35.8330001831055,0.020558999851346,0,123.824501037598,-85.4353,24.1035,141.04707348077,63,63,63,63,61,63,0,8521,1.64861680440262,24,-85,0.001869,51,2023-12-29 12:45:14.001353,504,1.037,0.0011,"aoml_navis",1029.00682637321
"7901009",21,0,1,0.016821,1,-0.005607,1,128.154606169106,1,4.85900360245351,506,1,14.2220001220703,35.8279991149902,0.0168210007250309,0,123.581298828125,-85.4353,24.1035,141.04707348077,63,63,63,63,61,63,0,8521,1.64861680440262,24,-85,0.001869,51,2023-12-29 12:45:14.001353,506,1.037,0.0011,"aoml_navis",1029.01755361434
"7901009",21,0,1,0.020559,1,-0.001869,1,128.015438812489,1,4.85893873176415,508,1,14.1719999313354,35.8199996948242,0.020558999851346,0,123.44709777832,-85.4353,24.1035,141.04707348077,63,63,63,63,61,63,0,8521,1.64861680440262,24,-85,0.001869,51,2023-12-29 12:45:14.001353,508,1.037,0.0011,"aoml_navis",1029.03129181558
"7901009",21,0,1,0.016821,1,-0.005607,1,127.839877491094,1,4.85888659706544,510,1,14.1479997634888,35.8160018920898,0.0168210007250309,0,123.277801513672,-85.4353,24.1035,141.04707348077,63,63,63,63,61,63,0,8521,1.64861680440262,24,-85,0.001869,51,2023-12-29 12:45:14.001353,510,1.037,0.0011,"aoml_navis",1029.04233307684
"7901009",21,0,1,0.01869,1,-0.003738,1,127.677378438362,1,4.85883972370457,512,1,14.128999710083,35.8120002746582,0.0186899993568659,0,123.121101379395,-85.4353,24.1035,141.04707348077,63,63,63,63,61,63,0,8521,1.64861680440262,24,-85,0.001869,51,2023-12-29 12:45:14.001353,512,1.037,0.0011,"aoml_navis",1029.05226027662
"7901009",21,0,1,0.016821,1,-0.005607,1,127.503264963828,1,4.85878083232881,514,1,14.0950002670288,35.806999206543,0.0168210007250309,0,122.953201293945,-85.4353,24.1035,141.04707348077,63,63,63,63,61,63,0,8521,1.64861680440262,24,-85,0.001869,51,2023-12-29 12:45:14.001353,514,1.037,0.0011,"aoml_navis",1029.06473301524
"7901009",21,0,1,0.020559,1,-0.001869,1,127.335164405212,1,4.8587344989151,516,1,14.0729999542236,35.8019981384277,0.020558999851346,0,122.79109954834,-85.4353,24.1035,141.04707348077,63,63,63,63,61,63,0,8521,1.64861680440262,24,-85,0.001869,51,2023-12-29 12:45:14.001353,516,1.037,0.0011,"aoml_navis",1029.07454628699
"7901009",21,0,1,0.022428,1,0,1,127.114798948484,1,4.85867357115498,518,1,14.0299997329712,35.7949981689453,0.0224280003458261,0,122.578598022461,-85.4353,24.1035,141.04707348077,63,63,63,63,61,63,0,8521,1.64861680440262,24,-85,0.001869,51,2023-12-29 12:45:14.001353,518,1.037,0.0011,"aoml_navis",1029.08745088043
"7901009",21,0,1,0.020559,1,-0.001869,1,127.210934397617,1,4.85858572439593,520,1,13.9329996109009,35.7799987792969,0.020558999851346,0,122.67130279541,-85.4353,24.1035,141.04707348077,63,63,63,63,61,63,0,8521,1.64861680440262,24,-85,0.001869,51,2023-12-29 12:45:14.001353,520,1.037,0.0011,"aoml_navis",1029.10605752905
"7901009",21,0,1,0.020559,1,-0.001869,1,127.180031174482,1,4.85852915039151,522,1,13.9010000228882,35.7750015258789,0.020558999851346,0,122.641502380371,-85.4353,24.1035,141.04707348077,63,63,63,63,61,63,0,8521,1.64861680440262,24,-85,0.001869,51,2023-12-29 12:45:14.001353,522,1.037,0.0011,"aoml_navis",1029.11804071343
"7901009",21,0,1,0.016821,1,-0.005607,1,127.109197442601,1,4.85847315926369,524,1,13.8660001754761,35.7690010070801,0.0168210007250309,0,122.573196411133,-85.4353,24.1035,141.04707348077,63,63,63,63,61,63,0,8521,1.64861680440262,24,-85,0.001869,51,2023-12-29 12:45:14.001353,524,1.037,0.0011,"aoml_navis",1029.12990071098
"7901009",21,0,1,0.022428,1,0,1,127.096965905743,1,4.85840079113376,526,1,13.8009996414185,35.7589988708496,0.0224280003458261,0,122.561401367188,-85.4353,24.1035,141.04707348077,63,63,63,63,61,63,0,8521,1.64861680440262,24,-85,0.001869,51,2023-12-29 12:45:14.001353,526,1.037,0.0011,"aoml_navis",1029.14523007749
"7901009",21,0,1,0.01869,1,-0.003738,1,126.7656384151,1,4.85834747274225,528,1,13.7720003128052,35.7540016174316,0.0186899993568659,0,122.241897583008,-85.4353,24.1035,141.04707348077,63,63,63,63,61,63,0,8521,1.64861680440262,24,-85,0.001869,51,2023-12-29 12:45:14.001353,528,1.037,0.0011,"aoml_navis",1029.15652452866
"7901009",21,0,1,0.024297,1,0.001869,1,126.434627393717,1,4.85829165765963,530,1,13.7370004653931,35.7480010986328,0.0242970008403063,0,121.922698974609,-85.4353,24.1035,141.04707348077,63,63,63,63,61,63,0,8521,1.64861680440262,24,-85,0.001869,51,2023-12-29 12:45:14.001353,530,1.037,0.0011,"aoml_navis",1029.16834812026
"7901009",21,0,1,0.01869,1,-0.003738,1,126.233447885811,1,4.85822373310385,532,1,13.6759996414185,35.7379989624023,0.0186899993568659,0,121.728698730469,-85.4353,24.1035,141.04707348077,63,63,63,63,61,63,0,8521,1.64861680440262,24,-85,0.001869,51,2023-12-29 12:45:14.001353,532,1.037,0.0011,"aoml_navis",1029.18273728937
"7901009",21,0,1,0.024297,1,0.001869,1,126.137937463464,1,4.85816542636278,534,1,13.6420001983643,35.7330017089844,0.0242970008403063,0,121.636596679688,-85.4353,24.1035,141.04707348077,63,63,63,63,61,63,0,8521,1.64861680440262,24,-85,0.001869,51,2023-12-29 12:45:14.001353,534,1.037,0.0011,"aoml_navis",1029.19508933713
"7901009",21,0,1,0.020559,1,-0.001869,1,126.039317730649,1,4.85811480887587,536,1,13.6190004348755,35.7290000915527,0.020558999851346,0,121.541496276855,-85.4353,24.1035,141.04707348077,63,63,63,63,61,63,0,8521,1.64861680440262,24,-85,0.001869,51,2023-12-29 12:45:14.001353,536,1.037,0.0011,"aoml_navis",1029.20581268786
"7901009",21,0,1,0.026166,1,0.003738,1,125.945468771911,1,4.85806511562199,538,1,13.6040000915527,35.7270011901855,0.0261659994721413,0,121.450996398926,-85.4353,24.1035,141.04707348077,63,63,63,63,61,63,0,8521,1.64861680440262,24,-85,0.001869,51,2023-12-29 12:45:14.001353,538,1.037,0.0011,"aoml_navis",1029.21634045653
"7901009",21,0,1,0.024297,1,0.001869,1,125.800810673652,1,4.85802112666044,540,1,13.5909996032715,35.7239990234375,0.0242970008403063,0,121.311500549316,-85.4353,24.1035,141.04707348077,63,63,63,63,61,63,0,8521,1.64861680440262,24,-85,0.001869,51,2023-12-29 12:45:14.001353,540,1.037,0.0011,"aoml_navis",1029.22565992157
"7901009",21,0,1,0.022428,1,0,1,125.575674442845,1,4.85797303908931,542,1,13.5740003585815,35.7210006713867,0.0224280003458261,0,121.094398498535,-85.4353,24.1035,141.04707348077,63,63,63,63,61,63,0,8521,1.64861680440262,24,-85,0.001869,51,2023-12-29 12:45:14.001353,542,1.037,0.0011,"aoml_navis",1029.23584790774
"7901009",21,0,1,0.020559,1,-0.001869,1,125.325655816554,1,4.85792088612184,544,1,13.5530004501343,35.7179985046387,0.020558999851346,0,120.853302001953,-85.4353,24.1035,141.04707348077,63,63,63,63,61,63,0,8521,1.64861680440262,24,-85,0.001869,51,2023-12-29 12:45:14.001353,544,1.037,0.0011,"aoml_navis",1029.24689742973
"7901009",21,0,1,0.022428,1,0,1,124.968093024346,1,4.85787997230516,546,1,13.5430002212524,35.7150001525879,0.0224280003458261,0,120.508499145508,-85.4353,24.1035,141.04707348077,63,63,63,63,61,63,0,8521,1.64861680440262,24,-85,0.001869,51,2023-12-29 12:45:14.001353,546,1.037,0.0011,"aoml_navis",1029.25556590633
"7901009",21,0,1,0.024297,1,0.001869,1,124.548003818303,1,4.85781904514975,548,1,13.4919996261597,35.7060012817383,0.0242970008403063,0,120.103401184082,-85.4353,24.1035,141.04707348077,63,63,63,63,61,63,0,8521,1.64861680440262,24,-85,0.001869,51,2023-12-29 12:45:14.001353,548,1.037,0.0011,"aoml_navis",1029.26847491205
"7901009",21,0,1,0.01869,1,-0.003738,1,124.476244413839,1,4.85771884302942,550,1,13.3699998855591,35.6879997253418,0.0186899993568659,0,120.034202575684,-85.4353,24.1035,141.04707348077,63,63,63,63,61,63,0,8521,1.64861680440262,24,-85,0.001869,51,2023-12-29 12:45:14.001353,550,1.037,0.0011,"aoml_navis",1029.28970604685
"7901009",21,0,1,0.014952,1,-0.007476,1,124.466077838896,1,4.85765404398258,552,1,13.3219995498657,35.6809997558594,0.0149520002305508,0,120.024398803711,-85.4353,24.1035,141.04707348077,63,63,63,63,61,63,0,8521,1.64861680440262,24,-85,0.001869,51,2023-12-29 12:45:14.001353,552,1.037,0.0011,"aoml_navis",1029.30343633544
"7901009",21,0,1,0.020559,1,-0.001869,1,124.268324110719,1,4.85760915681351,554,1,13.3079996109009,35.6780014038086,0.020558999851346,0,119.833702087402,-85.4353,24.1035,141.04707348077,63,63,63,63,61,63,0,8521,1.64861680440262,24,-85,0.001869,51,2023-12-29 12:45:14.001353,554,1.037,0.0011,"aoml_navis",1029.31294770531
"7901009",21,0,1,0.020559,1,-0.001869,1,124.283253548009,1,4.85754873274814,556,1,13.2569999694824,35.6689987182617,0.020558999851346,0,119.848098754883,-85.4353,24.1035,141.04707348077,63,63,63,63,61,63,0,8521,1.64861680440262,24,-85,0.001869,51,2023-12-29 12:45:14.001353,556,1.037,0.0011,"aoml_navis",1029.3257515445
"7901009",21,0,1,0.022428,1,0,1,124.361342337651,1,4.85748375497057,558,1,13.2049999237061,35.6609992980957,0.0224280003458261,0,119.923400878906,-85.4353,24.1035,141.04707348077,63,63,63,63,61,63,0,8521,1.64861680440262,24,-85,0.001869,51,2023-12-29 12:45:14.001353,558,1.037,0.0011,"aoml_navis",1029.33952066923
"7901009",21,0,1,0.020559,1,-0.001869,1,124.174055830213,1,4.85743629553152,560,1,13.1920003890991,35.6590003967285,0.020558999851346,0,119.742797851562,-85.4353,24.1035,141.04707348077,63,63,63,63,61,63,0,8521,1.64861680440262,24,-85,0.001869,51,2023-12-29 12:45:14.001353,560,1.037,0.0011,"aoml_navis",1029.34957780087
"7901009",21,0,1,0.01869,1,-0.003738,1,123.994554466545,1,4.85738088153445,562,1,13.1529998779297,35.6520004272461,0.0186899993568659,0,119.569702148438,-85.4353,24.1035,141.04707348077,63,63,63,63,61,63,0,8521,1.64861680440262,24,-85,0.001869,51,2023-12-29 12:45:14.001353,562,1.037,0.0011,"aoml_navis",1029.36132083192
"7901009",21,0,1,0.028035,1,0.005607,1,123.614071388258,1,4.85732113530281,564,1,13.1059999465942,35.6440010070801,0.0280349999666214,0,119.202796936035,-85.4353,24.1035,141.04707348077,63,63,63,63,61,63,0,8521,1.64861680440262,24,-85,0.001869,51,2023-12-29 12:45:14.001353,564,1.037,0.0011,"aoml_navis",1029.37398222658
"7901009",21,0,1,0.020559,1,-0.001869,1,123.604118430065,1,4.85724237582893,566,1,13.0290002822876,35.632999420166,0.020558999851346,0,119.193199157715,-85.4353,24.1035,141.04707348077,63,63,63,63,61,63,0,8521,1.64861680440262,24,-85,0.001869,51,2023-12-29 12:45:14.001353,566,1.037,0.0011,"aoml_navis",1029.39067337497
"7901009",21,0,1,0.020559,1,-0.001869,1,123.701076699271,1,4.8571798719243,568,1,12.9790000915527,35.625,0.020558999851346,0,119.286697387695,-85.4353,24.1035,141.04707348077,63,63,63,63,61,63,0,8521,1.64861680440262,24,-85,0.001869,51,2023-12-29 12:45:14.001353,568,1.037,0.0011,"aoml_navis",1029.40391993742
"7901009",21,0,1,0.020559,1,-0.001869,1,123.668622776767,1,4.8571307722685,570,1,12.9460000991821,35.6180000305176,0.020558999851346,0,119.255401611328,-85.4353,24.1035,141.04707348077,63,63,63,63,61,63,0,8521,1.64861680440262,24,-85,0.001869,51,2023-12-29 12:45:14.001353,570,1.037,0.0011,"aoml_navis",1029.41432595293
"7901009",21,0,1,0.01869,1,-0.003738,1,123.355966972402,1,4.85707176112228,572,1,12.9029998779297,35.6110000610352,0.0186899993568659,0,118.953903198242,-85.4353,24.1035,141.04707348077,63,63,63,63,61,63,0,8521,1.64861680440262,24,-85,0.001869,51,2023-12-29 12:45:14.001353,572,1.037,0.0011,"aoml_navis",1029.42683285468
"7901009",21,0,1,0.026166,1,0.003738,1,123.074728653717,1,4.85699629397443,574,1,12.8249998092651,35.5989990234375,0.0261659994721413,0,118.68270111084,-85.4353,24.1035,141.04707348077,63,63,63,63,61,63,0,8521,1.64861680440262,24,-85,0.001869,51,2023-12-29 12:45:14.001353,574,1.037,0.0011,"aoml_navis",1029.44282790641
"7901009",21,0,1,0.026166,1,0.003738,1,122.771717250018,1,4.85692763292359,576,1,12.7609996795654,35.5890007019043,0.0261659994721413,0,118.390502929688,-85.4353,24.1035,141.04707348077,63,63,63,63,61,63,0,8521,1.64861680440262,24,-85,0.001869,51,2023-12-29 12:45:14.001353,576,1.037,0.0011,"aoml_navis",1029.45738085669
"7901009",21,0,1,0.026166,1,0.003738,1,122.589929395953,1,4.85684179236946,578,1,12.6719999313354,35.5769996643066,0.0261659994721413,0,118.215202331543,-85.4353,24.1035,141.04707348077,63,63,63,63,61,63,0,8521,1.64861680440262,24,-85,0.001869,51,2023-12-29 12:45:14.001353,578,1.037,0.0011,"aoml_navis",1029.47557564166
"7901009",21,0,1,0.024297,1,0.001869,1,122.323003399504,1,4.85679044267478,580,1,12.6400003433228,35.5709991455078,0.0242970008403063,0,117.957801818848,-85.4353,24.1035,141.04707348077,63,63,63,63,61,63,0,8521,1.64861680440262,24,-85,0.001869,51,2023-12-29 12:45:14.001353,580,1.037,0.0011,"aoml_navis",1029.48646004301
"7901009",21,0,1,0.01869,1,-0.003738,1,121.84421705766,1,4.85673393067568,582,1,12.5989999771118,35.5639991760254,0.0186899993568659,0,117.496101379395,-85.4353,24.1035,141.04707348077,63,63,63,63,61,63,0,8521,1.64861680440262,24,-85,0.001869,51,2023-12-29 12:45:14.001353,582,1.037,0.0011,"aoml_navis",1029.49843894462
"7901009",21,0,1,0.026166,1,0.003738,1,121.327580992448,1,4.85667720533052,584,1,12.5539999008179,35.5559997558594,0.0261659994721413,0,116.997901916504,-85.4353,24.1035,141.04707348077,63,63,63,63,61,63,0,8521,1.64861680440262,24,-85,0.001869,51,2023-12-29 12:45:14.001353,584,1.037,0.0011,"aoml_navis",1029.51046334975
"7901009",21,0,1,0.022428,1,0,1,120.793420442022,1,4.856602419637,586,1,12.4829998016357,35.5460014343262,0.0224280003458261,0,116.482803344727,-85.4353,24.1035,141.04707348077,63,63,63,63,61,63,0,8521,1.64861680440262,24,-85,0.001869,51,2023-12-29 12:45:14.001353,586,1.037,0.0011,"aoml_navis",1029.52631654244
"7901009",21,0,1,0.022428,1,0,1,120.217256509204,1,4.85654027153347,588,1,12.4209995269775,35.5349998474121,0.0224280003458261,0,115.927200317383,-85.4353,24.1035,141.04707348077,63,63,63,63,61,63,0,8521,1.64861680440262,24,-85,0.001869,51,2023-12-29 12:45:14.001353,588,1.037,0.0011,"aoml_navis",1029.53949116976
"7901009",21,0,1,0.022428,1,0,1,119.987452356828,1,4.85644599424042,590,1,12.3219995498657,35.5229988098145,0.0224280003458261,0,115.705596923828,-85.4353,24.1035,141.04707348077,63,63,63,63,61,63,0,8521,1.64861680440262,24,-85,0.001869,51,2023-12-29 12:45:14.001353,590,1.037,0.0011,"aoml_navis",1029.55947743058
"7901009",21,0,1,0.022428,1,0,1,119.713896329404,1,4.85637607824222,592,1,12.2440004348755,35.5099983215332,0.0224280003458261,0,115.441802978516,-85.4353,24.1035,141.04707348077,63,63,63,63,61,63,0,8521,1.64861680440262,24,-85,0.001869,51,2023-12-29 12:45:14.001353,592,1.037,0.0011,"aoml_navis",1029.57429973376
"7901009",21,0,1,0.024297,1,0.001869,1,119.479115697931,1,4.85630725685983,594,1,12.1820001602173,35.5009994506836,0.0242970008403063,0,115.215400695801,-85.4353,24.1035,141.04707348077,63,63,63,63,61,63,0,8521,1.64861680440262,24,-85,0.001869,51,2023-12-29 12:45:14.001353,594,1.037,0.0011,"aoml_navis",1029.58889039345
"7901009",21,0,1,0.020559,1,-0.001869,1,119.326775308411,1,4.85624285159811,596,1,12.1319999694824,35.4939994812012,0.020558999851346,0,115.068496704102,-85.4353,24.1035,141.04707348077,63,63,63,63,61,63,0,8521,1.64861680440262,24,-85,0.001869,51,2023-12-29 12:45:14.001353,596,1.037,0.0011,"aoml_navis",1029.60254517638
"7901009",21,0,1,0.026166,1,0.003738,1,119.156087613604,1,4.8561856670454,598,1,12.0970001220703,35.4889984130859,0.0261659994721413,0,114.903900146484,-85.4353,24.1035,141.04707348077,63,63,63,63,61,63,0,8521,1.64861680440262,24,-85,0.001869,51,2023-12-29 12:45:14.001353,598,1.037,0.0011,"aoml_navis",1029.6146693753
"7901009",21,0,1,0.022428,1,0,1,118.81293999614,1,4.85614310764218,600,1,12.081000328064,35.4850006103516,0.0224280003458261,0,114.572998046875,-85.4353,24.1035,141.04707348077,63,63,63,63,61,63,0,8521,1.64861680440262,24,-85,0.001869,51,2023-12-29 12:45:14.001353,600,1.037,0.0011,"aoml_navis",1029.62369295325
"7901009",21,0,1,0.028035,1,0.005607,1,118.318804895237,1,4.85608982636037,602,1,12.0500001907349,35.4799995422363,0.0280349999666214,0,114.096496582031,-85.4353,24.1035,141.04707348077,63,63,63,63,61,63,0,8521,1.64861680440262,24,-85,0.001869,51,2023-12-29 12:45:14.001353,602,1.037,0.0011,"aoml_navis",1029.63499004043
"7901009",21,0,1,0.026166,1,0.003738,1,117.825611290381,1,4.85602914589599,604,1,11.996000289917,35.4710006713867,0.0261659994721413,0,113.620903015137,-85.4353,24.1035,141.04707348077,63,63,63,63,61,63,0,8521,1.64861680440262,24,-85,0.001869,51,2023-12-29 12:45:14.001353,604,1.037,0.0011,"aoml_navis",1029.64785625838
"7901009",21,0,1,0.026166,1,0.003738,1,117.487131594486,1,4.85593282822968,606,1,11.8699998855591,35.4529991149902,0.0261659994721413,0,113.294502258301,-85.4353,24.1035,141.04707348077,63,63,63,63,61,63,0,8521,1.64861680440262,24,-85,0.001869,51,2023-12-29 12:45:14.001353,606,1.037,0.0011,"aoml_navis",1029.66827937421
"7901009",21,0,1,0.024297,1,0.001869,1,117.147718314278,1,4.85584787714335,608,1,11.7629995346069,35.4370002746582,0.0242970008403063,0,112.96720123291,-85.4353,24.1035,141.04707348077,63,63,63,63,61,63,0,8521,1.64861680440262,24,-85,0.001869,51,2023-12-29 12:45:14.001353,608,1.037,0.0011,"aoml_navis",1029.68629300254
"7901009",21,0,1,0.028035,1,0.005607,1,117.072430277577,1,4.85574615903805,610,1,11.6260004043579,35.4179992675781,0.0280349999666214,0,112.894599914551,-85.4353,24.1035,141.04707348077,63,63,63,63,61,63,0,8521,1.64861680440262,24,-85,0.001869,51,2023-12-29 12:45:14.001353,610,1.037,0.0011,"aoml_navis",1029.70786285717
"7901009",21,0,1,0.022428,1,0,1,116.93927583688,1,4.85567200816976,612,1,11.5410003662109,35.4049987792969,0.0224280003458261,0,112.76619720459,-85.4353,24.1035,141.04707348077,63,63,63,63,61,63,0,8521,1.64861680440262,24,-85,0.001869,51,2023-12-29 12:45:14.001353,612,1.037,0.0011,"aoml_navis",1029.72358750496
"7901009",21,0,1,0.022428,1,0,1,116.8773665381,1,4.85558704881272,614,1,11.4479999542236,35.3930015563965,0.0224280003458261,0,112.706497192383,-85.4353,24.1035,141.04707348077,63,63,63,63,61,63,0,8521,1.64861680440262,24,-85,0.001869,51,2023-12-29 12:45:14.001353,614,1.037,0.0011,"aoml_navis",1029.74160482255
"7901009",21,0,1,0.022428,1,0,1,116.801255681326,1,4.85553534463297,616,1,11.4099998474121,35.3860015869141,0.0224280003458261,0,112.633102416992,-85.4353,24.1035,141.04707348077,63,63,63,63,61,63,0,8521,1.64861680440262,24,-85,0.001869,51,2023-12-29 12:45:14.001353,616,1.037,0.0011,"aoml_navis",1029.7525700285
"7901009",21,0,1,0.029904,1,0.007476,1,116.629009375419,1,4.85548855491551,618,1,11.3889999389648,35.3819999694824,0.0299040004611015,0,112.467002868652,-85.4353,24.1035,141.04707348077,63,63,63,63,61,63,0,8521,1.64861680440262,24,-85,0.001869,51,2023-12-29 12:45:14.001353,618,1.037,0.0011,"aoml_navis",1029.76249319715
"7901009",21,0,1,0.026166,1,0.003738,1,116.47511828653,1,4.85542023718018,620,1,11.3330001831055,35.375,0.0261659994721413,0,112.318603515625,-85.4353,24.1035,141.04707348077,63,63,63,63,61,63,0,8521,1.64861680440262,24,-85,0.001869,51,2023-12-29 12:45:14.001353,620,1.037,0.0011,"aoml_navis",1029.77698237378
"7901009",21,0,1,0.028035,1,0.005607,1,116.21887312757,1,4.85537056068165,622,1,11.2969999313354,35.3680000305176,0.0280349999666214,0,112.071502685547,-85.4353,24.1035,141.04707348077,63,63,63,63,61,63,0,8521,1.64861680440262,24,-85,0.001869,51,2023-12-29 12:45:14.001353,622,1.037,0.0011,"aoml_navis",1029.78751827709
"7901009",21,0,1,0.029904,1,0.007476,1,116.105110340714,1,4.85529217499814,624,1,11.2180004119873,35.3580017089844,0.0299040004611015,0,111.961799621582,-85.4353,24.1035,141.04707348077,63,63,63,63,61,63,0,8521,1.64861680440262,24,-85,0.001869,51,2023-12-29 12:45:14.001353,624,1.037,0.0011,"aoml_navis",1029.80414355845
"7901009",21,0,1,0.022428,1,0,1,116.22032097443,1,4.855198369724,626,1,11.1059999465942,35.3440017700195,0.0224280003458261,0,112.072898864746,-85.4353,24.1035,141.04707348077,63,63,63,63,61,63,0,8521,1.64861680440262,24,-85,0.001869,51,2023-12-29 12:45:14.001353,626,1.037,0.0011,"aoml_navis",1029.82403997722
"7901009",21,0,1,0.028035,1,0.005607,1,116.259104282112,1,4.85514447974741,628,1,11.0729999542236,35.3390007019043,0.0280349999666214,0,112.110298156738,-85.4353,24.1035,141.04707348077,63,63,63,63,61,63,0,8521,1.64861680440262,24,-85,0.001869,51,2023-12-29 12:45:14.001353,628,1.037,0.0011,"aoml_navis",1029.83547057288
"7901009",21,0,1,0.026166,1,0.003738,1,116.171893266081,1,4.8551025641327,630,1,11.0690002441406,35.3380012512207,0.0261659994721413,0,112.02619934082,-85.4353,24.1035,141.04707348077,63,63,63,63,61,63,0,8521,1.64861680440262,24,-85,0.001869,51,2023-12-29 12:45:14.001353,630,1.037,0.0011,"aoml_navis",1029.8443614637
"7901009",21,0,1,0.020559,1,-0.001869,1,116.12689133746,1,4.85505791537899,632,1,11.0659999847412,35.3380012512207,0.020558999851346,0,111.982803344727,-85.4353,24.1035,141.04707348077,63,63,63,63,61,63,0,8521,1.64861680440262,24,-85,0.001869,51,2023-12-29 12:45:14.001353,632,1.037,0.0011,"aoml_navis",1029.85383226056
"7901009",21,0,1,0.026166,1,0.003738,1,116.057307659152,1,4.85501691898405,634,1,11.0629997253418,35.3370018005371,0.0261659994721413,0,111.915702819824,-85.4353,24.1035,141.04707348077,63,63,63,63,61,63,0,8521,1.64861680440262,24,-85,0.001869,51,2023-12-29 12:45:14.001353,634,1.037,0.0011,"aoml_navis",1029.86252848039
"7901009",21,0,1,0.029904,1,0.007476,1,115.97154448998,1,4.85497410616923,636,1,11.0579996109009,35.3359985351562,0.0299040004611015,0,111.833000183105,-85.4353,24.1035,141.04707348077,63,63,63,63,61,63,0,8521,1.64861680440262,24,-85,0.001869,51,2023-12-29 12:45:14.001353,636,1.037,0.0011,"aoml_navis",1029.87161015884
"7901009",21,0,1,0.020559,1,-0.001869,1,115.859237461715,1,4.85493309982082,638,1,11.0509996414185,35.3339996337891,0.020558999851346,0,111.724700927734,-85.4353,24.1035,141.04707348077,63,63,63,63,61,63,0,8521,1.64861680440262,24,-85,0.001869,51,2023-12-29 12:45:14.001353,638,1.037,0.0011,"aoml_navis",1029.88030879036
"7901009",21,0,1,0.028035,1,0.005607,1,115.676927433374,1,4.85487927083175,640,1,11.0260000228882,35.3310012817383,0.0280349999666214,0,111.548896789551,-85.4353,24.1035,141.04707348077,63,63,63,63,61,63,0,8521,1.64861680440262,24,-85,0.001869,51,2023-12-29 12:45:14.001353,640,1.037,0.0011,"aoml_navis",1029.89172769756
"7901009",21,0,1,0.026166,1,0.003738,1,115.51785416037,1,4.85483095169156,642,1,10.9989995956421,35.326000213623,0.0261659994721413,0,111.395500183105,-85.4353,24.1035,141.04707348077,63,63,63,63,61,63,0,8521,1.64861680440262,24,-85,0.001869,51,2023-12-29 12:45:14.001353,642,1.037,0.0011,"aoml_navis",1029.90197799943
"7901009",21,0,1,0.020559,1,-0.001869,1,115.442566123669,1,4.85476077965429,644,1,10.9399995803833,35.3190002441406,0.020558999851346,0,111.322898864746,-85.4353,24.1035,141.04707348077,63,63,63,63,61,63,0,8521,1.64861680440262,24,-85,0.001869,51,2023-12-29 12:45:14.001353,644,1.037,0.0011,"aoml_navis",1029.9168644837
"7901009",21,0,1,0.028035,1,0.005607,1,115.380245414853,1,4.8547025569558,646,1,10.8979997634888,35.3129997253418,0.0280349999666214,0,111.262802124023,-85.4353,24.1035,141.04707348077,63,63,63,63,61,63,0,8521,1.64861680440262,24,-85,0.001869,51,2023-12-29 12:45:14.001353,646,1.037,0.0011,"aoml_navis",1029.92921632985
"7901009",21,0,1,0.024297,1,0.001869,1,115.435208213399,1,4.85463626231845,648,1,10.8430004119873,35.3059997558594,0.0242970008403063,0,111.315803527832,-85.4353,24.1035,141.04707348077,63,63,63,63,61,63,0,8521,1.64861680440262,24,-85,0.001869,51,2023-12-29 12:45:14.001353,648,1.037,0.0011,"aoml_navis",1029.94328098479
"7901009",21,0,1,0.028035,1,0.005607,1,115.35058433356,1,4.85459255413307,650,1,10.8369998931885,35.3050003051758,0.0280349999666214,0,111.234199523926,-85.4353,24.1035,141.04707348077,63,63,63,63,61,63,0,8521,1.64861680440262,24,-85,0.001869,51,2023-12-29 12:45:14.001353,650,1.037,0.0011,"aoml_navis",1029.9525540497
"7901009",21,0,1,0.028035,1,0.005607,1,115.266482627997,1,4.85455068681962,652,1,10.8290004730225,35.3030014038086,0.0280349999666214,0,111.153099060059,-85.4353,24.1035,141.04707348077,63,63,63,63,61,63,0,8521,1.64861680440262,24,-85,0.001869,51,2023-12-29 12:45:14.001353,652,1.037,0.0011,"aoml_navis",1029.96143671448
"7901009",21,0,1,0.022428,1,0,1,115.172942226788,1,4.85450067883819,654,1,10.8120002746582,35.3009986877441,0.0224280003458261,0,111.062896728516,-85.4353,24.1035,141.04707348077,63,63,63,63,61,63,0,8521,1.64861680440262,24,-85,0.001869,51,2023-12-29 12:45:14.001353,654,1.037,0.0011,"aoml_navis",1029.97204672276
"7901009",21,0,1,0.026166,1,0.003738,1,115.100146385501,1,4.85445069745783,656,1,10.7910003662109,35.2980003356934,0.0261659994721413,0,110.992698669434,-85.4353,24.1035,141.04707348077,63,63,63,63,61,63,0,8521,1.64861680440262,24,-85,0.001869,51,2023-12-29 12:45:14.001353,656,1.037,0.0011,"aoml_navis",1029.98265130561
"7901009",21,0,1,0.024297,1,0.001869,1,115.000078805825,1,4.85439268024202,658,1,10.7530002593994,35.2929992675781,0.0242970008403063,0,110.896202087402,-85.4353,24.1035,141.04707348077,63,63,63,63,61,63,0,8521,1.64861680440262,24,-85,0.001869,51,2023-12-29 12:45:14.001353,658,1.037,0.0011,"aoml_navis",1029.9949611309
"7901009",21,0,1,0.026166,1,0.003738,1,114.912654173044,1,4.85434455089848,660,1,10.7340002059937,35.2900009155273,0.0261659994721413,0,110.811897277832,-85.4353,24.1035,141.04707348077,63,63,63,63,61,63,0,8521,1.64861680440262,24,-85,0.001869,51,2023-12-29 12:45:14.001353,660,1.037,0.0011,"aoml_navis",1030.00517321634
"7901009",21,0,1,0.028035,1,0.005607,1,114.757623794823,1,4.85429996120008,662,1,10.7270002365112,35.2890014648438,0.0280349999666214,0,110.662399291992,-85.4353,24.1035,141.04707348077,63,63,63,63,61,63,0,8521,1.64861680440262,24,-85,0.001869,51,2023-12-29 12:45:14.001353,662,1.037,0.0011,"aoml_navis",1030.01463444049
"7901009",21,0,1,0.028035,1,0.005607,1,114.624469354126,1,4.85425641632958,664,1,10.7089996337891,35.2849998474121,0.0280349999666214,0,110.533996582031,-85.4353,24.1035,141.04707348077,63,63,63,63,61,63,0,8521,1.64861680440262,24,-85,0.001869,51,2023-12-29 12:45:14.001353,664,1.037,0.0011,"aoml_navis",1030.02387413655
"7901009",21,0,1,0.024297,1,0.001869,1,114.547939175584,1,4.85418326937346,666,1,10.6499996185303,35.2789993286133,0.0242970008403063,0,110.46019744873,-85.4353,24.1035,141.04707348077,63,63,63,63,61,63,0,8521,1.64861680440262,24,-85,0.001869,51,2023-12-29 12:45:14.001353,666,1.037,0.0011,"aoml_navis",1030.03939541108
"7901009",21,0,1,0.026166,1,0.003738,1,114.405148245952,1,4.85412648237599,668,1,10.6049995422363,35.2719993591309,0.0261659994721413,0,110.32250213623,-85.4353,24.1035,141.04707348077,63,63,63,63,61,63,0,8521,1.64861680440262,24,-85,0.001869,51,2023-12-29 12:45:14.001353,668,1.037,0.0011,"aoml_navis",1030.05144553889
"7901009",21,0,1,0.028035,1,0.005607,1,114.312335724038,1,4.85406082592307,670,1,10.5500001907349,35.2649993896484,0.0280349999666214,0,110.233001708984,-85.4353,24.1035,141.04707348077,63,63,63,63,61,63,0,8521,1.64861680440262,24,-85,0.001869,51,2023-12-29 12:45:14.001353,670,1.037,0.0011,"aoml_navis",1030.06537810518
"7901009",21,0,1,0.024297,1,0.001869,1,114.267950910472,1,4.85400228010229,672,1,10.5109996795654,35.2599983215332,0.0242970008403063,0,110.190200805664,-85.4353,24.1035,141.04707348077,63,63,63,63,61,63,0,8521,1.64861680440262,24,-85,0.001869,51,2023-12-29 12:45:14.001353,672,1.037,0.0011,"aoml_navis",1030.07780208431
"7901009",21,0,1,0.024297,1,0.001869,1,114.032442399704,1,4.85395172710452,674,1,10.4849996566772,35.2560005187988,0.0242970008403063,0,109.963096618652,-85.4353,24.1035,141.04707348077,63,63,63,63,61,63,0,8521,1.64861680440262,24,-85,0.001869,51,2023-12-29 12:45:14.001353,674,1.037,0.0011,"aoml_navis",1030.08853015162
"7901009",21,0,1,0.028035,1,0.005607,1,113.948451458382,1,4.8538856404759,676,1,10.4209995269775,35.2470016479492,0.0280349999666214,0,109.882102966309,-85.4353,24.1035,141.04707348077,63,63,63,63,61,63,0,8521,1.64861680440262,24,-85,0.001869,51,2023-12-29 12:45:14.001353,676,1.037,0.0011,"aoml_navis",1030.102555014
"7901009",21,0,1,0.028035,1,0.005607,1,113.909248828932,1,4.8538143168335,678,1,10.3549995422363,35.2389984130859,0.0280349999666214,0,109.844299316406,-85.4353,24.1035,141.04707348077,63,63,63,63,61,63,0,8521,1.64861680440262,24,-85,0.001869,51,2023-12-29 12:45:14.001353,678,1.037,0.0011,"aoml_navis",1030.11769170063
"7901009",21,0,1,0.028035,1,0.005607,1,113.798500411767,1,4.85376912982217,680,1,10.33899974823,35.2360000610352,0.0280349999666214,0,109.737503051758,-85.4353,24.1035,141.04707348077,63,63,63,63,61,63,0,8521,1.64861680440262,24,-85,0.001869,51,2023-12-29 12:45:14.001353,680,1.037,0.0011,"aoml_navis",1030.12728176117
"7901009",21,0,1,0.028035,1,0.005607,1,113.699152799656,1,4.85372339321446,681.900024414062,1,10.3199996948242,35.2330017089844,0.0280349999666214,0,109.641700744629,-85.4353,24.1035,141.04707348077,63,63,63,63,61,63,0,8521,1.64861680440262,24,-85,0.001869,51,2023-12-29 12:45:14.001353,681.900024414062,1.037,0.0011,"aoml_navis",1030.13698864464
"7901009",21,0,1,0.028035,1,0.005607,1,113.495583948845,1,4.85367106794699,684,1,10.289999961853,35.2280006408691,0.0280349999666214,0,109.44539642334,-85.4353,24.1035,141.04707348077,63,63,63,63,61,63,0,8521,1.64861680440262,24,-85,0.001869,51,2023-12-29 12:45:14.001353,684,1.037,0.0011,"aoml_navis",1030.14809409301
"7901009",21,0,1,0.026166,1,0.003738,1,113.44518621936,1,4.85359067350578,686,1,10.2049999237061,35.2179985046387,0.0261659994721413,0,109.396797180176,-85.4353,24.1035,141.04707348077,63,63,63,63,61,63,0,8521,1.64861680440262,24,-85,0.001869,51,2023-12-29 12:45:14.001353,686,1.037,0.0011,"aoml_navis",1030.16515737378
"7901009",21,0,1,0.026166,1,0.003738,1,113.513733460845,1,4.85351145961416,688,1,10.121000289917,35.2080001831055,0.0261659994721413,0,109.462898254395,-85.4353,24.1035,141.04707348077,63,63,63,63,61,63,0,8521,1.64861680440262,24,-85,0.001869,51,2023-12-29 12:45:14.001353,688,1.037,0.0011,"aoml_navis",1030.18197064224
"7901009",21,0,1,0.028035,1,0.005607,1,113.715949405574,1,4.85342853949039,690,1,10.0240001678467,35.1959991455078,0.0280349999666214,0,109.657897949219,-85.4353,24.1035,141.04707348077,63,63,63,63,61,63,0,8521,1.64861680440262,24,-85,0.001869,51,2023-12-29 12:45:14.001353,690,1.037,0.0011,"aoml_navis",1030.19957115202
"7901009",21,0,1,0.028035,1,0.005607,1,113.873266274191,1,4.85336423052178,692,1,9.9689998626709,35.1889991760254,0.0280349999666214,0,109.809600830078,-85.4353,24.1035,141.04707348077,63,63,63,63,61,63,0,8521,1.64861680440262,24,-85,0.001869,51,2023-12-29 12:45:14.001353,692,1.037,0.0011,"aoml_navis",1030.21322169807
"7901009",21,0,1,0.024297,1,0.001869,1,114.06023631237,1,4.85330940885365,694,1,9.92899990081787,35.1829986572266,0.0242970008403063,0,109.989898681641,-85.4353,24.1035,141.04707348077,63,63,63,63,61,63,0,8521,1.64861680440262,24,-85,0.001869,51,2023-12-29 12:45:14.001353,694,1.037,0.0011,"aoml_navis",1030.22485870749
"7901009",21,0,1,0.028035,1,0.005607,1,114.135832906598,1,4.85326428669588,696,1,9.91699981689453,35.1809997558594,0.0280349999666214,0,110.062797546387,-85.4353,24.1035,141.04707348077,63,63,63,63,61,63,0,8521,1.64861680440262,24,-85,0.001869,51,2023-12-29 12:45:14.001353,696,1.037,0.0011,"aoml_navis",1030.23443699663
"7901009",21,0,1,0.028035,1,0.005607,1,114.155224560439,1,4.85321656882268,698,1,9.90200042724609,35.1790008544922,0.0280349999666214,0,110.081497192383,-85.4353,24.1035,141.04707348077,63,63,63,63,61,63,0,8521,1.64861680440262,24,-85,0.001869,51,2023-12-29 12:45:14.001353,698,1.037,0.0011,"aoml_navis",1030.24456648406
"7901009",21,0,1,0.024297,1,0.001869,1,114.187480689656,1,4.85318080631254,700,1,9.90499973297119,35.1780014038086,0.0242970008403063,0,110.112602233887,-85.4353,24.1035,141.04707348077,63,63,63,63,61,63,0,8521,1.64861680440262,24,-85,0.001869,51,2023-12-29 12:45:14.001353,700,1.037,0.0011,"aoml_navis",1030.25215823332
"7901009",21,0,1,0.024297,1,0.001869,1,114.227711844199,1,4.85313358484853,702,1,9.89900016784668,35.1780014038086,0.0242970008403063,0,110.151397705078,-85.4353,24.1035,141.04707348077,63,63,63,63,61,63,0,8521,1.64861680440262,24,-85,0.001869,51,2023-12-29 12:45:14.001353,702,1.037,0.0011,"aoml_navis",1030.26218268749
"7901009",21,0,1,0.028035,1,0.005607,1,114.222007485806,1,4.85309282476423,704,1,9.89200019836426,35.1759986877441,0.0280349999666214,0,110.145896911621,-85.4353,24.1035,141.04707348077,63,63,63,63,61,63,0,8521,1.64861680440262,24,-85,0.001869,51,2023-12-29 12:45:14.001353,704,1.037,0.0011,"aoml_navis",1030.27083563828
"7901009",21,0,1,0.028035,1,0.005607,1,114.284850368899,1,4.85304926308358,706,1,9.88599967956543,35.1749992370605,0.0280349999666214,0,110.206497192383,-85.4353,24.1035,141.04707348077,63,63,63,63,61,63,0,8521,1.64861680440262,24,-85,0.001869,51,2023-12-29 12:45:14.001353,706,1.037,0.0011,"aoml_navis",1030.28008350013
"7901009",21,0,1,0.026166,1,0.003738,1,114.303727760195,1,4.85300638293655,708,1,9.88500022888184,35.1749992370605,0.0261659994721413,0,110.224700927734,-85.4353,24.1035,141.04707348077,63,63,63,63,61,63,0,8521,1.64861680440262,24,-85,0.001869,51,2023-12-29 12:45:14.001353,708,1.037,0.0011,"aoml_navis",1030.28918683896
"7901009",21,0,1,0.029904,1,0.007476,1,114.35879341125,1,4.85296561444303,710,1,9.87800025939941,35.1730003356934,0.0299040004611015,0,110.277801513672,-85.4353,24.1035,141.04707348077,63,63,63,63,61,63,0,8521,1.64861680440262,24,-85,0.001869,51,2023-12-29 12:45:14.001353,710,1.037,0.0011,"aoml_navis",1030.29784202867
"7901009",21,0,1,0.026166,1,0.003738,1,114.424017725516,1,4.8529181208508,712,1,9.85900020599365,35.1699981689453,0.0261659994721413,0,110.340698242188,-85.4353,24.1035,141.04707348077,63,63,63,63,61,63,0,8521,1.64861680440262,24,-85,0.001869,51,2023-12-29 12:45:14.001353,712,1.037,0.0011,"aoml_navis",1030.30792514657
"7901009",21,0,1,0.028035,1,0.005607,1,114.418210514615,1,4.85287735881145,714,1,9.85200023651123,35.1679992675781,0.0280349999666214,0,110.335098266602,-85.4353,24.1035,141.04707348077,63,63,63,63,61,63,0,8521,1.64861680440262,24,-85,0.001869,51,2023-12-29 12:45:14.001353,714,1.037,0.0011,"aoml_navis",1030.31657928083
"7901009",21,0,1,0.026166,1,0.003738,1,114.340335341722,1,4.85282162768125,716,1,9.8149995803833,35.1629981994629,0.0261659994721413,0,110.26000213623,-85.4353,24.1035,141.04707348077,63,63,63,63,61,63,0,8521,1.64861680440262,24,-85,0.001869,51,2023-12-29 12:45:14.001353,716,1.037,0.0011,"aoml_navis",1030.32841171809
"7901009",21,0,1,0.029904,1,0.007476,1,114.279668184784,1,4.85276055683694,718,1,9.77600002288818,35.1590003967285,0.0299040004611015,0,110.201499938965,-85.4353,24.1035,141.04707348077,63,63,63,63,61,63,0,8521,1.64861680440262,24,-85,0.001869,51,2023-12-29 12:45:14.001353,718,1.037,0.0011,"aoml_navis",1030.34137815756
"7901009",21,0,1,0.031773,1,0.009345,1,114.177519819731,1,4.85271399741687,720,1,9.75800037384033,35.1559982299805,0.0317730009555817,0,110.102996826172,-85.4353,24.1035,141.04707348077,63,63,63,63,61,63,0,8521,1.64861680440262,24,-85,0.001869,51,2023-12-29 12:45:14.001353,720,1.037,0.0011,"aoml_navis",1030.35126377972
"7901009",21,0,1,0.029904,1,0.007476,1,114.028399504921,1,4.85265817704102,722,1,9.72500038146973,35.1520004272461,0.0299040004611015,0,109.959197998047,-85.4353,24.1035,141.04707348077,63,63,63,63,61,63,0,8521,1.64861680440262,24,-85,0.001869,51,2023-12-29 12:45:14.001353,722,1.037,0.0011,"aoml_navis",1030.36311596314
"7901009",21,0,1,0.028035,1,0.005607,1,113.814988460158,1,4.85260371403939,724,1,9.6850004196167,35.1459999084473,0.0280349999666214,0,109.753402709961,-85.4353,24.1035,141.04707348077,63,63,63,63,61,63,0,8521,1.64861680440262,24,-85,0.001869,51,2023-12-29 12:45:14.001353,724,1.037,0.0011,"aoml_navis",1030.37468020192
"7901009",21,0,1,0.031773,1,0.009345,1,113.474538743126,1,4.8525302370128,726,1,9.6269998550415,35.140998840332,0.0317730009555817,0,109.425102233887,-85.4353,24.1035,141.04707348077,63,63,63,63,61,63,0,8521,1.64861680440262,24,-85,0.001869,51,2023-12-29 12:45:14.001353,726,1.037,0.0011,"aoml_navis",1030.39028213825
"7901009",21,0,1,0.028035,1,0.005607,1,113.085558465237,1,4.85247512544637,728,1,9.61600017547607,35.1419982910156,0.0280349999666214,0,109.050003051758,-85.4353,24.1035,141.04707348077,63,63,63,63,61,63,0,8521,1.64861680440262,24,-85,0.001869,51,2023-12-29 12:45:14.001353,728,1.037,0.0011,"aoml_navis",1030.40198470674
"7901009",21,0,1,0.026166,1,0.003738,1,113.090115622565,1,4.85241607342676,730,1,9.57900047302246,35.1380004882812,0.0261659994721413,0,109.054397583008,-85.4353,24.1035,141.04707348077,63,63,63,63,61,63,0,8521,1.64861680440262,24,-85,0.001869,51,2023-12-29 12:45:14.001353,730,1.037,0.0011,"aoml_navis",1030.41452429882
"7901009",21,0,1,0.028035,1,0.005607,1,113.126723204093,1,4.85234991306383,732,1,9.52499961853027,35.1319999694824,0.0280349999666214,0,109.089698791504,-85.4353,24.1035,141.04707348077,63,63,63,63,61,63,0,8521,1.64861680440262,24,-85,0.001869,51,2023-12-29 12:45:14.001353,732,1.037,0.0011,"aoml_navis",1030.42857369759
"7901009",21,0,1,0.022428,1,0,1,113.265162681414,1,4.85228727691384,734,1,9.47500038146973,35.1259994506836,0.0224280003458261,0,109.223197937012,-85.4353,24.1035,141.04707348077,63,63,63,63,61,63,0,8521,1.64861680440262,24,-85,0.001869,51,2023-12-29 12:45:14.001353,734,1.037,0.0011,"aoml_navis",1030.44187506971
"7901009",21,0,1,0.028035,1,0.005607,1,113.361195278038,1,4.85223183192656,736,1,9.44200038909912,35.1220016479492,0.0280349999666214,0,109.315803527832,-85.4353,24.1035,141.04707348077,63,63,63,63,61,63,0,8521,1.64861680440262,24,-85,0.001869,51,2023-12-29 12:45:14.001353,736,1.037,0.0011,"aoml_navis",1030.45364961772
"7901009",21,0,1,0.028035,1,0.005607,1,113.551796800964,1,4.8521630342362,738.099975585938,1,9.38700008392334,35.1160011291504,0.0280349999666214,0,109.499603271484,-85.4353,24.1035,141.04707348077,63,63,63,63,61,63,0,8521,1.64861680440262,24,-85,0.001869,51,2023-12-29 12:45:14.001353,738.099975585938,1.037,0.0011,"aoml_navis",1030.46826018019
"7901009",21,0,1,0.029904,1,0.007476,1,113.566829090763,1,4.85211856276628,740,1,9.3730001449585,35.1139984130859,0.0299040004611015,0,109.514099121094,-85.4353,24.1035,141.04707348077,63,63,63,63,61,63,0,8521,1.64861680440262,24,-85,0.001869,51,2023-12-29 12:45:14.001353,740,1.037,0.0011,"aoml_navis",1030.47770480477
"7901009",21,0,1,0.029904,1,0.007476,1,113.770603646592,1,4.85206381805947,742,1,9.33199977874756,35.1080017089844,0.0299040004611015,0,109.710601806641,-85.4353,24.1035,141.04707348077,63,63,63,63,61,63,0,8521,1.64861680440262,24,-85,0.001869,51,2023-12-29 12:45:14.001353,742,1.037,0.0011,"aoml_navis",1030.48933144488
"7901009",21,0,1,0.026166,1,0.003738,1,113.905933813444,1,4.85201249992375,744,1,9.30799961090088,35.1049995422363,0.0261659994721413,0,109.841102600098,-85.4353,24.1035,141.04707348077,63,63,63,63,61,63,0,8521,1.64861680440262,24,-85,0.001869,51,2023-12-29 12:45:14.001353,744,1.037,0.0011,"aoml_navis",1030.50023059062
"7901009",21,0,1,0.026166,1,0.003738,1,114.324780877646,1,4.85195505947397,746,1,9.26799964904785,35.0999984741211,0.0261659994721413,0,110.245002746582,-85.4353,24.1035,141.04707348077,63,63,63,63,61,63,0,8521,1.64861680440262,24,-85,0.001869,51,2023-12-29 12:45:14.001353,746,1.037,0.0011,"aoml_navis",1030.51243029075
"7901009",21,0,1,0.026166,1,0.003738,1,114.771311090272,1,4.8519041652585,748,1,9.22700023651123,35.0929985046387,0.0261659994721413,0,110.675598144531,-85.4353,24.1035,141.04707348077,63,63,63,63,61,63,0,8521,1.64861680440262,24,-85,0.001869,51,2023-12-29 12:45:14.001353,748,1.037,0.0011,"aoml_navis",1030.52323988629
"7901009",21,0,1,0.028035,1,0.005607,1,114.915454925986,1,4.85184779177037,750,1,9.17500019073486,35.0849990844727,0.0280349999666214,0,110.814598083496,-85.4353,24.1035,141.04707348077,63,63,63,63,61,63,0,8521,1.64861680440262,24,-85,0.001869,51,2023-12-29 12:45:14.001353,750,1.037,0.0011,"aoml_navis",1030.53521350792
"7901009",21,0,1,0.024297,1,0.001869,1,114.919814290028,1,4.85179023928271,752,1,9.13899993896484,35.0810012817383,0.0242970008403063,0,110.818801879883,-85.4353,24.1035,141.04707348077,63,63,63,63,61,63,0,8521,1.64861680440262,24,-85,0.001869,51,2023-12-29 12:45:14.001353,752,1.037,0.0011,"aoml_navis",1030.54743783383
"7901009",21,0,1,0.024297,1,0.001869,1,114.945424564807,1,4.85174345414771,754,1,9.12899971008301,35.0800018310547,0.0242970008403063,0,110.84349822998,-85.4353,24.1035,141.04707348077,63,63,63,63,61,63,0,8521,1.64861680440262,24,-85,0.001869,51,2023-12-29 12:45:14.001353,754,1.037,0.0011,"aoml_navis",1030.55737535453
"7901009",21,0,1,0.029904,1,0.007476,1,115.072668942094,1,4.85169080053546,756,1,9.09000015258789,35.0740013122559,0.0299040004611015,0,110.966201782227,-85.4353,24.1035,141.04707348077,63,63,63,63,61,63,0,8521,1.64861680440262,24,-85,0.001869,51,2023-12-29 12:45:14.001353,756,1.037,0.0011,"aoml_navis",1030.56855961393
"7901009",21,0,1,0.031773,1,0.009345,1,115.305471640698,1,4.85161383045328,758,1,9.00399971008301,35.0639991760254,0.0317730009555817,0,111.190696716309,-85.4353,24.1035,141.04707348077,63,63,63,63,61,63,0,8521,1.64861680440262,24,-85,0.001869,51,2023-12-29 12:45:14.001353,758,1.037,0.0011,"aoml_navis",1030.58490942031
"7901009",21,0,1,0.024297,1,0.001869,1,115.546787362368,1,4.85153717909342,760,1,8.91800022125244,35.0540008544922,0.0242970008403063,0,111.423400878906,-85.4353,24.1035,141.04707348077,63,63,63,63,61,63,0,8521,1.64861680440262,24,-85,0.001869,51,2023-12-29 12:45:14.001353,760,1.037,0.0011,"aoml_navis",1030.60119203999
"7901009",21,0,1,0.028035,1,0.005607,1,115.69570197216,1,4.85146504112749,762,1,8.8459997177124,35.0460014343262,0.0280349999666214,0,111.567001342773,-85.4353,24.1035,141.04707348077,63,63,63,63,61,63,0,8521,1.64861680440262,24,-85,0.001869,51,2023-12-29 12:45:14.001353,762,1.037,0.0011,"aoml_navis",1030.61651637461
"7901009",21,0,1,0.028035,1,0.005607,1,115.895742190734,1,4.85139110836394,764,1,8.77600002288818,35.0390014648438,0.0280349999666214,0,111.759902954102,-85.4353,24.1035,141.04707348077,63,63,63,63,61,63,0,8521,1.64861680440262,24,-85,0.001869,51,2023-12-29 12:45:14.001353,764,1.037,0.0011,"aoml_navis",1030.63222245262
"7901009",21,0,1,0.026166,1,0.003738,1,116.004314881743,1,4.85133619688933,766,1,8.73799991607666,35.0340003967285,0.0261659994721413,0,111.864601135254,-85.4353,24.1035,141.04707348077,63,63,63,63,61,63,0,8521,1.64861680440262,24,-85,0.001869,51,2023-12-29 12:45:14.001353,766,1.037,0.0011,"aoml_navis",1030.64388800883
"7901009",21,0,1,0.033642,1,0.011214,1,116.122017710873,1,4.85128462753097,768,1,8.71300029754639,35.0309982299805,0.0336420014500618,0,111.978103637695,-85.4353,24.1035,141.04707348077,63,63,63,63,61,63,0,8521,1.64861680440262,24,-85,0.001869,51,2023-12-29 12:45:14.001353,768,1.037,0.0011,"aoml_navis",1030.65484379644
"7901009",21,0,1,0.031773,1,0.009345,1,116.245314134154,1,4.85122613568482,770,1,8.67500019073486,35.0270004272461,0.0317730009555817,0,112.09700012207,-85.4353,24.1035,141.04707348077,63,63,63,63,61,63,0,8521,1.64861680440262,24,-85,0.001869,51,2023-12-29 12:45:14.001353,770,1.037,0.0011,"aoml_navis",1030.66727053205
"7901009",21,0,1,0.026166,1,0.003738,1,116.21430805851,1,4.85117706832787,772,1,8.65299987792969,35.023998260498,0.0261659994721413,0,112.067100524902,-85.4353,24.1035,141.04707348077,63,63,63,63,61,63,0,8521,1.64861680440262,24,-85,0.001869,51,2023-12-29 12:45:14.001353,772,1.037,0.0011,"aoml_navis",1030.67769524303
"7901009",21,0,1,0.028035,1,0.005607,1,116.26854297776,1,4.85112069074685,774,1,8.62199974060059,35.0209999084473,0.0280349999666214,0,112.119400024414,-85.4353,24.1035,141.04707348077,63,63,63,63,61,63,0,8521,1.64861680440262,24,-85,0.001869,51,2023-12-29 12:45:14.001353,774,1.037,0.0011,"aoml_navis",1030.68967332376
"7901009",21,0,1,0.028035,1,0.005607,1,116.350571809676,1,4.85106965208357,776,1,8.5930004119873,35.0169982910156,0.0280349999666214,0,112.198501586914,-85.4353,24.1035,141.04707348077,63,63,63,63,61,63,0,8521,1.64861680440262,24,-85,0.001869,51,2023-12-29 12:45:14.001353,776,1.037,0.0011,"aoml_navis",1030.70051732868
"7901009",21,0,1,0.028035,1,0.005607,1,116.396095912574,1,4.85101739854561,778,1,8.56700038909912,35.0139999389648,0.0280349999666214,0,112.242401123047,-85.4353,24.1035,141.04707348077,63,63,63,63,61,63,0,8521,1.64861680440262,24,-85,0.001869,51,2023-12-29 12:45:14.001353,778,1.037,0.0011,"aoml_navis",1030.71161969014
"7901009",21,0,1,0.024297,1,0.001869,1,116.442031425508,1,4.85097122008267,780,1,8.55300045013428,35.0120010375977,0.0242970008403063,0,112.286697387695,-85.4353,24.1035,141.04707348077,63,63,63,63,61,63,0,8521,1.64861680440262,24,-85,0.001869,51,2023-12-29 12:45:14.001353,780,1.037,0.0011,"aoml_navis",1030.72143147343
"7901009",21,0,1,0.029904,1,0.007476,1,116.528522473976,1,4.85092063674517,782,1,8.5290002822876,35.0089988708496,0.0299040004611015,0,112.370101928711,-85.4353,24.1035,141.04707348077,63,63,63,63,61,63,0,8521,1.64861680440262,24,-85,0.001869,51,2023-12-29 12:45:14.001353,782,1.037,0.0011,"aoml_navis",1030.73217939819
"7901009",21,0,1,0.024297,1,0.001869,1,116.650473902906,1,4.85086037190451,784,1,8.49300003051758,35.0060005187988,0.0242970008403063,0,112.487701416016,-85.4353,24.1035,141.04707348077,63,63,63,63,61,63,0,8521,1.64861680440262,24,-85,0.001869,51,2023-12-29 12:45:14.001353,784,1.037,0.0011,"aoml_navis",1030.74498473699
"7901009",21,0,1,0.028035,1,0.005607,1,116.640410180472,1,4.85081298648428,786,1,8.48200035095215,35.0050010681152,0.0280349999666214,0,112.477996826172,-85.4353,24.1035,141.04707348077,63,63,63,63,61,63,0,8521,1.64861680440262,24,-85,0.001869,51,2023-12-29 12:45:14.001353,786,1.037,0.0011,"aoml_navis",1030.75505362326
"7901009",21,0,1,0.028035,1,0.005607,1,116.649018144315,1,4.85076802441372,788,1,8.47399997711182,35.0040016174316,0.0280349999666214,0,112.486297607422,-85.4353,24.1035,141.04707348077,63,63,63,63,61,63,0,8521,1.64861680440262,24,-85,0.001869,51,2023-12-29 12:45:14.001353,788,1.037,0.0011,"aoml_navis",1030.76460775597
"7901009",21,0,1,0.028035,1,0.005607,1,116.753761557291,1,4.8507101830339,790,1,8.44999980926514,35.0029983520508,0.0280349999666214,0,112.587303161621,-85.4353,24.1035,141.04707348077,63,63,63,63,61,63,0,8521,1.64861680440262,24,-85,0.001869,51,2023-12-29 12:45:14.001353,790,1.037,0.0011,"aoml_navis",1030.77689891436
"7901009",21,0,1,0.026166,1,0.003738,1,116.943113026644,1,4.85065565519764,792,1,8.42099952697754,35,0.0261659994721413,0,112.769897460938,-85.4353,24.1035,141.04707348077,63,63,63,63,61,63,0,8521,1.64861680440262,24,-85,0.001869,51,2023-12-29 12:45:14.001353,792,1.037,0.0011,"aoml_navis",1030.7884862209
"7901009",21,0,1,0.029904,1,0.007476,1,117.316024577911,1,4.85058809558794,794,1,8.36200046539307,34.9939994812012,0.0299040004611015,0,113.129501342773,-85.4353,24.1035,141.04707348077,63,63,63,63,61,63,0,8521,1.64861680440262,24,-85,0.001869,51,2023-12-29 12:45:14.001353,794,1.037,0.0011,"aoml_navis",1030.80284317441
"7901009",21,0,1,0.029904,1,0.007476,1,117.645065578158,1,4.85053253326678,796,1,8.32699966430664,34.9900016784668,0.0299040004611015,0,113.446800231934,-85.4353,24.1035,141.04707348077,63,63,63,63,61,63,0,8521,1.64861680440262,24,-85,0.001869,51,2023-12-29 12:45:14.001353,796,1.037,0.0011,"aoml_navis",1030.81465090856
"7901009",21,0,1,0.028035,1,0.005607,1,117.979605231779,1,4.85046887662446,798,1,8.26799964904785,34.9830017089844,0.0280349999666214,0,113.769401550293,-85.4353,24.1035,141.04707348077,63,63,63,63,61,63,0,8521,1.64861680440262,24,-85,0.001869,51,2023-12-29 12:45:14.001353,798,1.037,0.0011,"aoml_navis",1030.82817912639
"7901009",21,0,1,0.029904,1,0.007476,1,118.235953243248,1,4.8504145775502,800,1,8.23900032043457,34.9799995422363,0.0299040004611015,0,114.0166015625,-85.4353,24.1035,141.04707348077,63,63,63,63,61,63,0,8521,1.64861680440262,24,-85,0.001869,51,2023-12-29 12:45:14.001353,800,1.037,0.0011,"aoml_navis",1030.83971896797
"7901009",21,0,1,0.029904,1,0.007476,1,118.647537337957,1,4.8503441008081,802,1,8.1850004196167,34.976001739502,0.0299040004611015,0,114.413497924805,-85.4353,24.1035,141.04707348077,63,63,63,63,61,63,0,8521,1.64861680440262,24,-85,0.001869,51,2023-12-29 12:45:14.001353,802,1.037,0.0011,"aoml_navis",1030.85469733312
"7901009",21,0,1,0.026166,1,0.003738,1,118.961546048404,1,4.85028326324488,804,1,8.14299964904785,34.9720001220703,0.0261659994721413,0,114.716300964355,-85.4353,24.1035,141.04707348077,63,63,63,63,61,63,0,8521,1.64861680440262,24,-85,0.001869,51,2023-12-29 12:45:14.001353,804,1.037,0.0011,"aoml_navis",1030.8676274414
"7901009",21,0,1,0.031773,1,0.009345,1,119.212292553991,1,4.85022593295784,806,1,8.10999965667725,34.9690017700195,0.0317730009555817,0,114.958099365234,-85.4353,24.1035,141.04707348077,63,63,63,63,61,63,0,8521,1.64861680440262,24,-85,0.001869,51,2023-12-29 12:45:14.001353,806,1.037,0.0011,"aoml_navis",1030.87981242779
"7901009",21,0,1,0.029904,1,0.007476,1,119.437428784797,1,4.85015998233683,808,1,8.06599998474121,34.9659996032715,0.0299040004611015,0,115.175201416016,-85.4353,24.1035,141.04707348077,63,63,63,63,61,63,0,8521,1.64861680440262,24,-85,0.001869,51,2023-12-29 12:45:14.001353,808,1.037,0.0011,"aoml_navis",1030.89382993733
"7901009",21,0,1,0.031773,1,0.009345,1,119.616107328392,1,4.85009724551003,810,1,8.02600002288818,34.9630012512207,0.0317730009555817,0,115.347503662109,-85.4353,24.1035,141.04707348077,63,63,63,63,61,63,0,8521,1.64861680440262,24,-85,0.001869,51,2023-12-29 12:45:14.001353,810,1.037,0.0011,"aoml_navis",1030.90716472309
"7901009",21,0,1,0.028035,1,0.005607,1,119.790110038687,1,4.8500377294613,812,1,7.98999977111816,34.9599990844727,0.0280349999666214,0,115.515296936035,-85.4353,24.1035,141.04707348077,63,63,63,63,61,63,0,8521,1.64861680440262,24,-85,0.001869,51,2023-12-29 12:45:14.001353,812,1.037,0.0011,"aoml_navis",1030.91981524757
"7901009",21,0,1,0.028035,1,0.005607,1,120.023332059059,1,4.84996831628722,814,1,7.94600009918213,34.9580001831055,0.0280349999666214,0,115.740196228027,-85.4353,24.1035,141.04707348077,63,63,63,63,61,63,0,8521,1.64861680440262,24,-85,0.001869,51,2023-12-29 12:45:14.001353,814,1.037,0.0011,"aoml_navis",1030.93456986285
"7901009",21,0,1,0.029904,1,0.007476,1,120.269624259826,1,4.84990343228415,816,1,7.90299987792969,34.9550018310547,0.0299040004611015,0,115.977699279785,-85.4353,24.1035,141.04707348077,63,63,63,63,61,63,0,8521,1.64861680440262,24,-85,0.001869,51,2023-12-29 12:45:14.001353,816,1.037,0.0011,"aoml_navis",1030.94836212959
"7901009",21,0,1,0.024297,1,0.001869,1,120.42268461691,1,4.84985291538604,818,1,7.88299989700317,34.9529991149902,0.0242970008403063,0,116.125297546387,-85.4353,24.1035,141.04707348077,63,63,63,63,61,63,0,8521,1.64861680440262,24,-85,0.001869,51,2023-12-29 12:45:14.001353,818,1.037,0.0011,"aoml_navis",1030.95910066419
"7901009",21,0,1,0.031773,1,0.009345,1,120.568695621252,1,4.84979226419723,820,1,7.84999990463257,34.951000213623,0.0317730009555817,0,116.266098022461,-85.4353,24.1035,141.04707348077,63,63,63,63,61,63,0,8521,1.64861680440262,24,-85,0.001869,51,2023-12-29 12:45:14.001353,820,1.037,0.0011,"aoml_navis",1030.97199377212
"7901009",21,0,1,0.028035,1,0.005607,1,120.664831070385,1,4.84974355570342,822,1,7.83699989318848,34.9500007629395,0.0280349999666214,0,116.35880279541,-85.4353,24.1035,141.04707348077,63,63,63,63,61,63,0,8521,1.64861680440262,24,-85,0.001869,51,2023-12-29 12:45:14.001353,822,1.037,0.0011,"aoml_navis",1030.9823483594
"7901009",21,0,1,0.028035,1,0.005607,1,120.699571483285,1,4.84969796726169,824,1,7.82800006866455,34.9490013122559,0.0280349999666214,0,116.392303466797,-85.4353,24.1035,141.04707348077,63,63,63,63,61,63,0,8521,1.64861680440262,24,-85,0.001869,51,2023-12-29 12:45:14.001353,824,1.037,0.0011,"aoml_navis",1030.99203986577
"7901009",21,0,1,0.029904,1,0.007476,1,120.795596168177,1,4.8496469343918,826,1,7.81199979782104,34.9480018615723,0.0299040004611015,0,116.484901428223,-85.4353,24.1035,141.04707348077,63,63,63,63,61,63,0,8521,1.64861680440262,24,-85,0.001869,51,2023-12-29 12:45:14.001353,826,1.037,0.0011,"aoml_navis",1031.00288900249
"7901009",21,0,1,0.026166,1,0.003738,1,120.898883822562,1,4.84960425827175,828,1,7.80200004577637,34.9459991455078,0.0261659994721413,0,116.584503173828,-85.4353,24.1035,141.04707348077,63,63,63,63,61,63,0,8521,1.64861680440262,24,-85,0.001869,51,2023-12-29 12:45:14.001353,828,1.037,0.0011,"aoml_navis",1031.01196174342
"7901009",21,0,1,0.031773,1,0.009345,1,121.13428156909,1,4.84955457717245,830,1,7.78299999237061,34.9440002441406,0.0317730009555817,0,116.811500549316,-85.4353,24.1035,141.04707348077,63,63,63,63,61,63,0,8521,1.64861680440262,24,-85,0.001869,51,2023-12-29 12:45:14.001353,830,1.037,0.0011,"aoml_navis",1031.0225239109
"7901009",21,0,1,0.031773,1,0.009345,1,121.428685008946,1,4.84949461387624,832,1,7.74599981307983,34.9410018920898,0.0317730009555817,0,117.095397949219,-85.4353,24.1035,141.04707348077,63,63,63,63,61,63,0,8521,1.64861680440262,24,-85,0.001869,51,2023-12-29 12:45:14.001353,832,1.037,0.0011,"aoml_navis",1031.03527235459
"7901009",21,0,1,0.028035,1,0.005607,1,121.680159393828,1,4.84942312070792,834,1,7.69399976730347,34.9379997253418,0.0280349999666214,0,117.337898254395,-85.4353,24.1035,141.04707348077,63,63,63,63,61,63,0,8521,1.64861680440262,24,-85,0.001869,51,2023-12-29 12:45:14.001353,834,1.037,0.0011,"aoml_navis",1031.05047250859
"7901009",21,0,1,0.026166,1,0.003738,1,121.85946296421,1,4.84937641398808,836,1,7.67399978637695,34.935001373291,0.0261659994721413,0,117.510803222656,-85.4353,24.1035,141.04707348077,63,63,63,63,61,63,0,8521,1.64861680440262,24,-85,0.001869,51,2023-12-29 12:45:14.001353,836,1.037,0.0011,"aoml_navis",1031.06040306078
"7901009",21,0,1,0.024297,1,0.001869,1,122.092890689601,1,4.84931450220753,838,1,7.63899993896484,34.9329986572266,0.0242970008403063,0,117.735900878906,-85.4353,24.1035,141.04707348077,63,63,63,63,61,63,0,8521,1.64861680440262,24,-85,0.001869,51,2023-12-29 12:45:14.001353,838,1.037,0.0011,"aoml_navis",1031.07356673276
"7901009",21,0,1,0.026166,1,0.003738,1,122.29344517072,1,4.84926014134108,840,1,7.60900020599365,34.9300003051758,0.0261659994721413,0,117.929298400879,-85.4353,24.1035,141.04707348077,63,63,63,63,61,63,0,8521,1.64861680440262,24,-85,0.001869,51,2023-12-29 12:45:14.001353,840,1.037,0.0011,"aoml_navis",1031.08512520783
"7901009",21,0,1,0.026166,1,0.003738,1,122.464140777258,1,4.84920462360452,842,1,7.58699989318848,34.9290008544922,0.0261659994721413,0,118.093902587891,-85.4353,24.1035,141.04707348077,63,63,63,63,61,63,0,8521,1.64861680440262,24,-85,0.001869,51,2023-12-29 12:45:14.001353,842,1.037,0.0011,"aoml_navis",1031.0969299298
"7901009",21,0,1,0.028035,1,0.005607,1,122.660335894335,1,4.84915417402751,844,1,7.56199979782104,34.9259986877441,0.0280349999666214,0,118.283096313477,-85.4353,24.1035,141.04707348077,63,63,63,63,61,63,0,8521,1.64861680440262,24,-85,0.001869,51,2023-12-29 12:45:14.001353,844,1.037,0.0011,"aoml_navis",1031.10765724473
"7901009",21,0,1,0.028035,1,0.005607,1,122.809464120877,1,4.84910619816231,846,1,7.54500007629395,34.923999786377,0.0280349999666214,0,118.426902770996,-85.4353,24.1035,141.04707348077,63,63,63,63,61,63,0,8521,1.64861680440262,24,-85,0.001869,51,2023-12-29 12:45:14.001353,846,1.037,0.0011,"aoml_navis",1031.11785877052
"7901009",21,0,1,0.029904,1,0.007476,1,122.942507797334,1,4.84905702415196,848,1,7.53599977493286,34.923999786377,0.0299040004611015,0,118.555198669434,-85.4353,24.1035,141.04707348077,63,63,63,63,61,63,0,8521,1.64861680440262,24,-85,0.001869,51,2023-12-29 12:45:14.001353,848,1.037,0.0011,"aoml_navis",1031.12831527784
"7901009",21,0,1,0.031773,1,0.009345,1,123.13000000979,1,4.84900600044557,850,1,7.5149998664856,34.9220008850098,0.0317730009555817,0,118.736000061035,-85.4353,24.1035,141.04707348077,63,63,63,63,61,63,0,8521,1.64861680440262,24,-85,0.001869,51,2023-12-29 12:45:14.001353,850,1.037,0.0011,"aoml_navis",1031.13916533421
"7901009",21,0,1,0.031773,1,0.009345,1,123.378467936712,1,4.84893680015295,852,1,7.47499990463257,34.9210014343262,0.0317730009555817,0,118.975601196289,-85.4353,24.1035,141.04707348077,63,63,63,63,61,63,0,8521,1.64861680440262,24,-85,0.001869,51,2023-12-29 12:45:14.001353,852,1.037,0.0011,"aoml_navis",1031.15388095846
"7901009",21,0,1,0.028035,1,0.005607,1,123.517113119052,1,4.84888140646683,854,1,7.45300006866455,34.9199981689453,0.0280349999666214,0,119.109298706055,-85.4353,24.1035,141.04707348077,63,63,63,63,61,63,0,8521,1.64861680440262,24,-85,0.001869,51,2023-12-29 12:45:14.001353,854,1.037,0.0011,"aoml_navis",1031.1656608742
"7901009",21,0,1,0.031773,1,0.009345,1,123.581823170773,1,4.84883440319497,856,1,7.44199991226196,34.9189987182617,0.0317730009555817,0,119.171699523926,-85.4353,24.1035,141.04707348077,63,63,63,63,61,63,0,8521,1.64861680440262,24,-85,0.001869,51,2023-12-29 12:45:14.001353,856,1.037,0.0011,"aoml_navis",1031.17565671152
"7901009",21,0,1,0.028035,1,0.005607,1,123.684382945862,1,4.84878602197378,858,1,7.43400001525879,34.9189987182617,0.0280349999666214,0,119.270599365234,-85.4353,24.1035,141.04707348077,63,63,63,63,61,63,0,8521,1.64861680440262,24,-85,0.001869,51,2023-12-29 12:45:14.001353,858,1.037,0.0011,"aoml_navis",1031.18594578951
"7901009",21,0,1,0.031773,1,0.009345,1,123.860988615811,1,4.84874207527983,860,1,7.42700004577637,34.9179992675781,0.0317730009555817,0,119.440902709961,-85.4353,24.1035,141.04707348077,63,63,63,63,61,63,0,8521,1.64861680440262,24,-85,0.001869,51,2023-12-29 12:45:14.001353,860,1.037,0.0011,"aoml_navis",1031.19529196889
"7901009",21,0,1,0.031773,1,0.009345,1,124.143469076337,1,4.84867892282746,861.900024414062,1,7.39200019836426,34.9169998168945,0.0317730009555817,0,119.713302612305,-85.4353,24.1035,141.04707348077,63,63,63,63,61,63,0,8521,1.64861680440262,24,-85,0.001869,51,2023-12-29 12:45:14.001353,861.900024414062,1.037,0.0011,"aoml_navis",1031.20872294928
"7901009",21,0,1,0.029904,1,0.007476,1,124.347132867925,1,4.84861526187523,864,1,7.35699987411499,34.9150009155273,0.0299040004611015,0,119.909698486328,-85.4353,24.1035,141.04707348077,63,63,63,63,61,63,0,8521,1.64861680440262,24,-85,0.001869,51,2023-12-29 12:45:14.001353,864,1.037,0.0011,"aoml_navis",1031.22226242926
"7901009",21,0,1,0.024297,1,0.001869,1,124.487755983133,1,4.84856298363548,866,1,7.33900022506714,34.9140014648438,0.0242970008403063,0,120.045303344727,-85.4353,24.1035,141.04707348077,63,63,63,63,61,63,0,8521,1.64861680440262,24,-85,0.001869,51,2023-12-29 12:45:14.001353,866,1.037,0.0011,"aoml_navis",1031.23338128754
"7901009",21,0,1,0.028035,1,0.005607,1,124.510565504971,1,4.84851376246097,868,1,7.32499980926514,34.9129981994629,0.0280349999666214,0,120.06729888916,-85.4353,24.1035,141.04707348077,63,63,63,63,61,63,0,8521,1.64861680440262,24,-85,0.001869,51,2023-12-29 12:45:14.001353,868,1.037,0.0011,"aoml_navis",1031.24385016949
"7901009",21,0,1,0.033642,1,0.011214,1,124.455816323175,1,4.84846400106307,870,1,7.32000017166138,34.9140014648438,0.0336420014500618,0,120.014503479004,-85.4353,24.1035,141.04707348077,63,63,63,63,61,63,0,8521,1.64861680440262,24,-85,0.001869,51,2023-12-29 12:45:14.001353,870,1.037,0.0011,"aoml_navis",1031.25443416796
"7901009",21,0,1,0.028035,1,0.005607,1,124.351278615217,1,4.84840667758993,872,1,7.30499982833862,34.9150009155273,0.0280349999666214,0,119.913696289062,-85.4353,24.1035,141.04707348077,63,63,63,63,61,63,0,8521,1.64861680440262,24,-85,0.001869,51,2023-12-29 12:45:14.001353,872,1.037,0.0011,"aoml_navis",1031.26662685099
"7901009",21,0,1,0.028035,1,0.005607,1,124.272675563029,1,4.84835414083186,874,1,7.30600023269653,34.9179992675781,0.0280349999666214,0,119.837898254395,-85.4353,24.1035,141.04707348077,63,63,63,63,61,63,0,8521,1.64861680440262,24,-85,0.001869,51,2023-12-29 12:45:14.001353,874,1.037,0.0011,"aoml_navis",1031.27780165459
"7901009",21,0,1,0.033642,1,0.011214,1,124.313428891849,1,4.84828709824211,876,1,7.28299999237061,34.9199981689453,0.0336420014500618,0,119.877197265625,-85.4353,24.1035,141.04707348077,63,63,63,63,61,63,0,8521,1.64861680440262,24,-85,0.001869,51,2023-12-29 12:45:14.001353,876,1.037,0.0011,"aoml_navis",1031.29206226523
"7901009",21,0,1,0.031773,1,0.009345,1,124.366524521766,1,4.84823053668748,878,1,7.26900005340576,34.9210014343262,0.0317730009555817,0,119.928398132324,-85.4353,24.1035,141.04707348077,63,63,63,63,61,63,0,8521,1.64861680440262,24,-85,0.001869,51,2023-12-29 12:45:14.001353,878,1.037,0.0011,"aoml_navis",1031.30409376453
"7901009",21,0,1,0.028035,1,0.005607,1,124.38260116012,1,4.84818588606745,880,1,7.26100015640259,34.9199981689453,0.0280349999666214,0,119.943901062012,-85.4353,24.1035,141.04707348077,63,63,63,63,61,63,0,8521,1.64861680440262,24,-85,0.001869,51,2023-12-29 12:45:14.001353,880,1.037,0.0011,"aoml_navis",1031.31359182593
"7901009",21,0,1,0.026166,1,0.003738,1,124.444091137132,1,4.84814133439247,882,1,7.25799989700317,34.9199981689453,0.0261659994721413,0,120.003196716309,-85.4353,24.1035,141.04707348077,63,63,63,63,61,63,0,8521,1.64861680440262,24,-85,0.001869,51,2023-12-29 12:45:14.001353,882,1.037,0.0011,"aoml_navis",1031.32306901415
"7901009",21,0,1,0.031773,1,0.009345,1,124.555053171046,1,4.84809905374556,884,1,7.25799989700317,34.9199981689453,0.0317730009555817,0,120.110198974609,-85.4353,24.1035,141.04707348077,63,63,63,63,61,63,0,8521,1.64861680440262,24,-85,0.001869,51,2023-12-29 12:45:14.001353,884,1.037,0.0011,"aoml_navis",1031.33206326242
"7901009",21,0,1,0.033642,1,0.011214,1,124.685715416329,1,4.84805666276887,886,1,7.25299978256226,34.9189987182617,0.0336420014500618,0,120.236198425293,-85.4353,24.1035,141.04707348077,63,63,63,63,61,63,0,8521,1.64861680440262,24,-85,0.001869,51,2023-12-29 12:45:14.001353,886,1.037,0.0011,"aoml_navis",1031.34108113834
"7901009",21,0,1,0.031773,1,0.009345,1,124.986139683837,1,4.84799538220559,888,1,7.22300004959106,34.9179992675781,0.0317730009555817,0,120.525901794434,-85.4353,24.1035,141.04707348077,63,63,63,63,61,63,0,8521,1.64861680440262,24,-85,0.001869,51,2023-12-29 12:45:14.001353,888,1.037,0.0011,"aoml_navis",1031.35411769416
"7901009",21,0,1,0.031773,1,0.009345,1,125.319326431376,1,4.84792434130475,890,1,7.17999982833862,34.9169998168945,0.0317730009555817,0,120.847198486328,-85.4353,24.1035,141.04707348077,63,63,63,63,61,63,0,8521,1.64861680440262,24,-85,0.001869,51,2023-12-29 12:45:14.001353,890,1.037,0.0011,"aoml_navis",1031.36923103349
"7901009",21,0,1,0.028035,1,0.005607,1,125.564993605356,1,4.84787076135104,892,1,7.16499996185303,34.9169998168945,0.0280349999666214,0,121.084098815918,-85.4353,24.1035,141.04707348077,63,63,63,63,61,63,0,8521,1.64861680440262,24,-85,0.001869,51,2023-12-29 12:45:14.001353,892,1.037,0.0011,"aoml_navis",1031.38062999983
"7901009",21,0,1,0.028035,1,0.005607,1,125.972534805282,1,4.84782522938274,893.900024414062,1,7.15299987792969,34.9160003662109,0.0280349999666214,0,121.477096557617,-85.4353,24.1035,141.04707348077,63,63,63,63,61,63,0,8521,1.64861680440262,24,-85,0.001869,51,2023-12-29 12:45:14.001353,893.900024414062,1.037,0.0011,"aoml_navis",1031.39031698068
"7901009",21,0,1,0.029904,1,0.007476,1,126.390661901919,1,4.84774319170402,896,1,7.09800004959106,34.9150009155273,0.0299040004611015,0,121.880302429199,-85.4353,24.1035,141.04707348077,63,63,63,63,61,63,0,8521,1.64861680440262,24,-85,0.001869,51,2023-12-29 12:45:14.001353,896,1.037,0.0011,"aoml_navis",1031.40777105449
"7901009",21,0,1,0.033642,1,0.011214,1,126.616826657817,1,4.84769775935416,898,1,7.08400011062622,34.9129981994629,0.0336420014500618,0,122.09839630127,-85.4353,24.1035,141.04707348077,63,63,63,63,61,63,0,8521,1.64861680440262,24,-85,0.001869,51,2023-12-29 12:45:14.001353,898,1.037,0.0011,"aoml_navis",1031.41743734992
"7901009",21,0,1,0.033642,1,0.011214,1,126.81396327094,1,4.84764198428499,900,1,7.06599998474121,34.9129981994629,0.0336420014500618,0,122.288497924805,-85.4353,24.1035,141.04707348077,63,63,63,63,61,63,0,8521,1.64861680440262,24,-85,0.001869,51,2023-12-29 12:45:14.001353,900,1.037,0.0011,"aoml_navis",1031.4293044348
"7901009",21,0,1,0.028035,1,0.005607,1,127.135954918444,1,4.84759288316666,902,1,7.05200004577637,34.9119987487793,0.0280349999666214,0,122.598999023438,-85.4353,24.1035,141.04707348077,63,63,63,63,61,63,0,8521,1.64861680440262,24,-85,0.001869,51,2023-12-29 12:45:14.001353,902,1.037,0.0011,"aoml_navis",1031.43975175031
"7901009",21,0,1,0.028035,1,0.005607,1,127.58436021143,1,4.84754827499316,904,1,7.04400014877319,34.9109992980957,0.0280349999666214,0,123.031402587891,-85.4353,24.1035,141.04707348077,63,63,63,63,61,63,0,8521,1.64861680440262,24,-85,0.001869,51,2023-12-29 12:45:14.001353,904,1.037,0.0011,"aoml_navis",1031.44924327898
"7901009",21,0,1,0.029904,1,0.007476,1,128.352051339756,1,4.84748194886899,906,1,7.0019998550415,34.9090003967285,0.0299040004611015,0,123.771697998047,-85.4353,24.1035,141.04707348077,63,63,63,63,61,63,0,8521,1.64861680440262,24,-85,0.001869,51,2023-12-29 12:45:14.001353,906,1.037,0.0011,"aoml_navis",1031.46335617951
"7901009",21,0,1,0.028035,1,0.005607,1,129.068213360996,1,4.84740971256627,908,1,6.94700002670288,34.9059982299805,0.0280349999666214,0,124.462303161621,-85.4353,24.1035,141.04707348077,63,63,63,63,61,63,0,8521,1.64861680440262,24,-85,0.001869,51,2023-12-29 12:45:14.001353,908,1.037,0.0011,"aoml_navis",1031.47872708968
"7901009",21,0,1,0.029904,1,0.007476,1,129.652771640907,1,4.84733914502297,910,1,6.90399980545044,34.9049987792969,0.0299040004611015,0,125.026000976562,-85.4353,24.1035,141.04707348077,63,63,63,63,61,63,0,8521,1.64861680440262,24,-85,0.001869,51,2023-12-29 12:45:14.001353,910,1.037,0.0011,"aoml_navis",1031.49374335274
"7901009",21,0,1,0.029904,1,0.007476,1,130.036569734682,1,4.84727827396058,912,1,6.87400007247925,34.9039993286133,0.0299040004611015,0,125.396102905273,-85.4353,24.1035,141.04707348077,63,63,63,63,61,63,0,8521,1.64861680440262,24,-85,0.001869,51,2023-12-29 12:45:14.001353,912,1.037,0.0011,"aoml_navis",1031.50669662599
"7901009",21,0,1,0.029904,1,0.007476,1,130.252884384896,1,4.84722926808393,914,1,6.8600001335144,34.9029998779297,0.0299040004611015,0,125.604698181152,-85.4353,24.1035,141.04707348077,63,63,63,63,61,63,0,8521,1.64861680440262,24,-85,0.001869,51,2023-12-29 12:45:14.001353,914,1.037,0.0011,"aoml_navis",1031.51712524142
"7901009",21,0,1,0.028035,1,0.005607,1,130.398689684219,1,4.84717733666796,916,1,6.84700012207031,34.9029998779297,0.0280349999666214,0,125.745300292969,-85.4353,24.1035,141.04707348077,63,63,63,63,61,63,0,8521,1.64861680440262,24,-85,0.001869,51,2023-12-29 12:45:14.001353,916,1.037,0.0011,"aoml_navis",1031.52817665159
"7901009",21,0,1,0.026166,1,0.003738,1,130.573111716281,1,4.84712760483897,918,1,6.83199977874756,34.9020004272461,0.0261659994721413,0,125.913497924805,-85.4353,24.1035,141.04707348077,63,63,63,63,61,63,0,8521,1.64861680440262,24,-85,0.001869,51,2023-12-29 12:45:14.001353,918,1.037,0.0011,"aoml_navis",1031.53876019447
"7901009",21,0,1,0.033642,1,0.011214,1,130.829459727751,1,4.84706610940815,920,1,6.81099987030029,34.9029998779297,0.0336420014500618,0,126.160697937012,-85.4353,24.1035,141.04707348077,63,63,63,63,61,63,0,8521,1.64861680440262,24,-85,0.001869,51,2023-12-29 12:45:14.001353,920,1.037,0.0011,"aoml_navis",1031.55184747635
"7901009",21,0,1,0.029904,1,0.007476,1,131.117027431614,1,4.84700019627764,922,1,6.77899980545044,34.9029998779297,0.0299040004611015,0,126.438003540039,-85.4353,24.1035,141.04707348077,63,63,63,63,61,63,0,8521,1.64861680440262,24,-85,0.001869,51,2023-12-29 12:45:14.001353,922,1.037,0.0011,"aoml_navis",1031.56587528918
"7901009",21,0,1,0.028035,1,0.005607,1,131.279004310069,1,4.84695565440275,924,1,6.77099990844727,34.9020004272461,0.0280349999666214,0,126.594200134277,-85.4353,24.1035,141.04707348077,63,63,63,63,61,63,0,8521,1.64861680440262,24,-85,0.001869,51,2023-12-29 12:45:14.001353,924,1.037,0.0011,"aoml_navis",1031.57535502893
"7901009",21,0,1,0.026166,1,0.003738,1,131.573827071693,1,4.84691112480565,926,1,6.76800012588501,34.9020004272461,0.0261659994721413,0,126.87850189209,-85.4353,24.1035,141.04707348077,63,63,63,63,61,63,0,8521,1.64861680440262,24,-85,0.001869,51,2023-12-29 12:45:14.001353,926,1.037,0.0011,"aoml_navis",1031.58483232978
"7901009",21,0,1,0.028035,1,0.005607,1,131.999929193656,1,4.84685996297726,928,1,6.75099992752075,34.9010009765625,0.0280349999666214,0,127.289398193359,-85.4353,24.1035,141.04707348077,63,63,63,63,61,63,0,8521,1.64861680440262,24,-85,0.001869,51,2023-12-29 12:45:14.001353,928,1.037,0.0011,"aoml_navis",1031.59572139334
"7901009",21,0,1,0.028035,1,0.005607,1,132.489712842247,1,4.84679485276999,930,1,6.71999979019165,34.9010009765625,0.0280349999666214,0,127.761703491211,-85.4353,24.1035,141.04707348077,63,63,63,63,61,63,0,8521,1.64861680440262,24,-85,0.001869,51,2023-12-29 12:45:14.001353,930,1.037,0.0011,"aoml_navis",1031.60957950231
"7901009",21,0,1,0.029904,1,0.007476,1,132.792004278383,1,4.84673271318846,932,1,6.69299983978271,34.9010009765625,0.0299040004611015,0,128.053207397461,-85.4353,24.1035,141.04707348077,63,63,63,63,61,63,0,8521,1.64861680440262,24,-85,0.001869,51,2023-12-29 12:45:14.001353,932,1.037,0.0011,"aoml_navis",1031.62280568815
"7901009",21,0,1,0.029904,1,0.007476,1,133.043154282274,1,4.84668452182981,934,1,6.68499994277954,34.9010009765625,0.0299040004611015,0,128.295394897461,-85.4353,24.1035,141.04707348077,63,63,63,63,61,63,0,8521,1.64861680440262,24,-85,0.001869,51,2023-12-29 12:45:14.001353,934,1.037,0.0011,"aoml_navis",1031.63306327854
"7901009",21,0,1,0.031773,1,0.009345,1,133.317343248216,1,4.84663267832457,936,1,6.66699981689453,34.9000015258789,0.0317730009555817,0,128.559799194336,-85.4353,24.1035,141.04707348077,63,63,63,63,61,63,0,8521,1.64861680440262,24,-85,0.001869,51,2023-12-29 12:45:14.001353,936,1.037,0.0011,"aoml_navis",1031.64409846063
"7901009",21,0,1,0.028035,1,0.005607,1,133.528887124351,1,4.84657057588764,938,1,6.64499998092651,34.9010009765625,0.0280349999666214,0,128.763793945312,-85.4353,24.1035,141.04707348077,63,63,63,63,61,63,0,8521,1.64861680440262,24,-85,0.001869,51,2023-12-29 12:45:14.001353,938,1.037,0.0011,"aoml_navis",1031.6573176249
"7901009",21,0,1,0.033642,1,0.011214,1,133.885104922209,1,4.846525338087,940,1,6.63600015640259,34.9000015258789,0.0336420014500618,0,129.107299804688,-85.4353,24.1035,141.04707348077,63,63,63,63,61,63,0,8521,1.64861680440262,24,-85,0.001869,51,2023-12-29 12:45:14.001353,940,1.037,0.0011,"aoml_navis",1031.66694718521
"7901009",21,0,1,0.029904,1,0.007476,1,134.422279842327,1,4.84645529045107,942,1,6.59299993515015,34.898998260498,0.0299040004611015,0,129.625305175781,-85.4353,24.1035,141.04707348077,63,63,63,63,61,63,0,8521,1.64861680440262,24,-85,0.001869,51,2023-12-29 12:45:14.001353,942,1.037,0.0011,"aoml_navis",1031.68185825452
"7901009",21,0,1,0.029904,1,0.007476,1,134.788023364879,1,4.846394691213,944,1,6.57299995422363,34.9000015258789,0.0299040004611015,0,129.977996826172,-85.4353,24.1035,141.04707348077,63,63,63,63,61,63,0,8521,1.64861680440262,24,-85,0.001869,51,2023-12-29 12:45:14.001353,944,1.037,0.0011,"aoml_navis",1031.6947583872
"7901009",21,0,1,0.026166,1,0.003738,1,135.184685934029,1,4.8463428576525,946,1,6.56500005722046,34.9010009765625,0.0261659994721413,0,130.360504150391,-85.4353,24.1035,141.04707348077,63,63,63,63,61,63,0,8521,1.64861680440262,24,-85,0.001869,51,2023-12-29 12:45:14.001353,946,1.037,0.0011,"aoml_navis",1031.70579277215
"7901009",21,0,1,0.028035,1,0.005607,1,135.628834715482,1,4.8462874194847,948,1,6.54699993133545,34.9010009765625,0.0280349999666214,0,130.788803100586,-85.4353,24.1035,141.04707348077,63,63,63,63,61,63,0,8521,1.64861680440262,24,-85,0.001869,51,2023-12-29 12:45:14.001353,948,1.037,0.0011,"aoml_navis",1031.71759477106
"7901009",21,0,1,0.029904,1,0.007476,1,136.141736443439,1,4.84621238112649,950,1,6.5019998550415,34.9010009765625,0.0299040004611015,0,131.283401489258,-85.4353,24.1035,141.04707348077,63,63,63,63,61,63,0,8521,1.64861680440262,24,-85,0.001869,51,2023-12-29 12:45:14.001353,950,1.037,0.0011,"aoml_navis",1031.73356980235
"7901009",21,0,1,0.028035,1,0.005607,1,136.616171332972,1,4.84615485902835,952,1,6.47599983215332,34.9000015258789,0.0280349999666214,0,131.740905761719,-85.4353,24.1035,141.04707348077,63,63,63,63,61,63,0,8521,1.64861680440262,24,-85,0.001869,51,2023-12-29 12:45:14.001353,952,1.037,0.0011,"aoml_navis",1031.74581610512
"7901009",21,0,1,0.028035,1,0.005607,1,137.171590705867,1,4.84608350704849,954,1,6.44099998474121,34.9010009765625,0.0280349999666214,0,132.276504516602,-85.4353,24.1035,141.04707348077,63,63,63,63,61,63,0,8521,1.64861680440262,24,-85,0.001869,51,2023-12-29 12:45:14.001353,954,1.037,0.0011,"aoml_navis",1031.76100715715
"7901009",21,0,1,0.028035,1,0.005607,1,137.555388799642,1,4.84602237314501,956,1,6.41499996185303,34.9010009765625,0.0280349999666214,0,132.646606445312,-85.4353,24.1035,141.04707348077,63,63,63,63,61,63,0,8521,1.64861680440262,24,-85,0.001869,51,2023-12-29 12:45:14.001353,956,1.037,0.0011,"aoml_navis",1031.77402310569
"7901009",21,0,1,0.031773,1,0.009345,1,137.853835134281,1,4.8459750360739,958,1,6.40299987792969,34.9000015258789,0.0317730009555817,0,132.93440246582,-85.4353,24.1035,141.04707348077,63,63,63,63,61,63,0,8521,1.64861680440262,24,-85,0.001869,51,2023-12-29 12:45:14.001353,958,1.037,0.0011,"aoml_navis",1031.78410181223
"7901009",21,0,1,0.026166,1,0.003738,1,138.185368329942,1,4.84592771800577,960,1,6.39099979400635,34.898998260498,0.0261659994721413,0,133.254104614258,-85.4353,24.1035,141.04707348077,63,63,63,63,61,63,0,8521,1.64861680440262,24,-85,0.001869,51,2023-12-29 12:45:14.001353,960,1.037,0.0011,"aoml_navis",1031.79417666957
"7901009",21,0,1,0.026166,1,0.003738,1,138.481741790935,1,4.84587678776012,962,1,6.37400007247925,34.8979988098145,0.0261659994721413,0,133.539901733398,-85.4353,24.1035,141.04707348077,63,63,63,63,61,63,0,8521,1.64861680440262,24,-85,0.001869,51,2023-12-29 12:45:14.001353,962,1.037,0.0011,"aoml_navis",1031.80502084353
"7901009",21,0,1,0.029904,1,0.007476,1,138.79729328902,1,4.84582651455501,964,1,6.36299991607666,34.8979988098145,0.0299040004611015,0,133.844192504883,-85.4353,24.1035,141.04707348077,63,63,63,63,61,63,0,8521,1.64861680440262,24,-85,0.001869,51,2023-12-29 12:45:14.001353,964,1.037,0.0011,"aoml_navis",1031.8157253426
"7901009",21,0,1,0.029904,1,0.007476,1,139.171454893859,1,4.84577991916292,966,1,6.35200023651123,34.8969993591309,0.0299040004611015,0,134.205001831055,-85.4353,24.1035,141.04707348077,63,63,63,63,61,63,0,8521,1.64861680440262,24,-85,0.001869,51,2023-12-29 12:45:14.001353,966,1.037,0.0011,"aoml_navis",1031.82564693605
"7901009",21,0,1,0.031773,1,0.009345,1,139.64329473547,1,4.84571591288405,968,1,6.3270001411438,34.8979988098145,0.0317730009555817,0,134.660003662109,-85.4353,24.1035,141.04707348077,63,63,63,63,61,63,0,8521,1.64861680440262,24,-85,0.001869,51,2023-12-29 12:45:14.001353,968,1.037,0.0011,"aoml_navis",1031.83927615437
"7901009",21,0,1,0.029904,1,0.007476,1,139.930237412547,1,4.84565991109226,970,1,6.30800008773804,34.8979988098145,0.0299040004611015,0,134.936706542969,-85.4353,24.1035,141.04707348077,63,63,63,63,61,63,0,8521,1.64861680440262,24,-85,0.001869,51,2023-12-29 12:45:14.001353,970,1.037,0.0011,"aoml_navis",1031.8512012274
"7901009",21,0,1,0.033642,1,0.011214,1,140.223287946321,1,4.84560894488457,972,1,6.2960000038147,34.8979988098145,0.0336420014500618,0,135.219299316406,-85.4353,24.1035,141.04707348077,63,63,63,63,61,63,0,8521,1.64861680440262,24,-85,0.001869,51,2023-12-29 12:45:14.001353,972,1.037,0.0011,"aoml_navis",1031.8620542581
"7901009",21,0,1,0.029904,1,0.007476,1,140.748642739617,1,4.8455457060881,974,1,6.27199983596802,34.898998260498,0.0299040004611015,0,135.72590637207,-85.4353,24.1035,141.04707348077,63,63,63,63,61,63,0,8521,1.64861680440262,24,-85,0.001869,51,2023-12-29 12:45:14.001353,974,1.037,0.0011,"aoml_navis",1031.87552100021
"7901009",21,0,1,0.028035,1,0.005607,1,141.038481110413,1,4.84547603502894,976,1,6.23899984359741,34.9000015258789,0.0280349999666214,0,136.005401611328,-85.4353,24.1035,141.04707348077,63,63,63,63,61,63,0,8521,1.64861680440262,24,-85,0.001869,51,2023-12-29 12:45:14.001353,976,1.037,0.0011,"aoml_navis",1031.89035790374
"7901009",21,99999,9,99999,9,99999,9,141.184911436523,1,4.84543007435322,977.900024414062,1,6.23099994659424,34.9000015258789,99999,99999,136.146606445312,-85.4353,24.1035,141.04707348077,63,63,63,63,61,63,0,8521,1.64861680440262,24,-85,0.001869,51,2023-12-29 12:45:14.001353,977.900024414062,1.037,0.0011,"aoml_navis",1031.90014576104
"7901009",21,0,1,0.033642,1,0.011214,1,145.984167748282,1,4.84485121372322,999.599975585938,1,6.08419990539551,34.9039993286133,0.0336420014500618,0,140.774597167969,-85.4353,24.1035,141.04707348077,63,63,63,63,61,63,0,8521,1.64861680440262,24,-85,0.001869,51,2023-12-29 12:45:14.001353,999.599975585938,1.037,0.0011,"aoml_navis",1032.02343672336
"7901009",21,0,1,0.031773,1,0.009345,1,154.883758013441,1,4.84354851488701,1049,1,5.74079990386963,34.9080009460449,0.0317730009555817,0,149.356597900391,-85.4353,24.1035,141.04707348077,63,63,63,63,61,63,0,8521,1.64861680440262,24,-85,0.001869,51,2023-12-29 12:45:14.001353,1049,1.037,0.0011,"aoml_navis",1032.30100506522
"7901009",21,0,1,0.031773,1,0.009345,1,160.287707961712,1,4.84223637134465,1099.40002441406,1,5.45669984817505,34.9210014343262,0.0317730009555817,0,154.56770324707,-85.4353,24.1035,141.04707348077,63,63,63,63,61,63,0,8521,1.64861680440262,24,-85,0.001869,51,2023-12-29 12:45:14.001353,1099.40002441406,1.037,0.0011,"aoml_navis",1032.5807367829
"7901009",21,0,1,0.035511,1,0.013083,1,167.803299040231,1,4.84102429822197,1149.19995117188,1,5.25349998474121,34.9259986877441,0.0355109982192516,0,161.815093994141,-85.4353,24.1035,141.04707348077,63,63,63,63,61,63,0,8521,1.64861680440262,24,-85,0.001869,51,2023-12-29 12:45:14.001353,1149.19995117188,1.037,0.0011,"aoml_navis",1032.8392695398
"7901009",21,0,1,0.029904,1,0.007476,1,175.868628868447,1,4.83971652382131,1199.5,1,4.95469999313354,34.9370002746582,0.0299040004611015,0,169.59260559082,-85.4353,24.1035,141.04707348077,63,63,63,63,61,63,0,8521,1.64861680440262,24,-85,0.001869,51,2023-12-29 12:45:14.001353,1199.5,1.037,0.0011,"aoml_navis",1033.11836042251
"7901009",21,0,1,0.029904,1,0.007476,1,182.077803199153,1,4.83853470465277,1250.09997558594,1,4.81629991531372,34.9420013427734,0.0299040004611015,0,175.580200195312,-85.4353,24.1035,141.04707348077,63,63,63,63,61,63,0,8521,1.64861680440262,24,-85,0.001869,51,2023-12-29 12:45:14.001353,1250.09997558594,1.037,0.0011,"aoml_navis",1033.37070109096
"7901009",21,0,1,0.031773,1,0.009345,1,187.87694413452,1,4.83733000215965,1300.09997558594,1,4.63399982452393,34.9490013122559,0.0317730009555817,0,181.172393798828,-85.4353,24.1035,141.04707348077,63,63,63,63,61,63,0,8521,1.64861680440262,24,-85,0.001869,51,2023-12-29 12:45:14.001353,1300.09997558594,1.037,0.0011,"aoml_navis",1033.62805468466
"7901009",21,0,1,0.029904,1,0.007476,1,191.102968466258,1,4.83622068054918,1349.40002441406,1,4.55389976501465,34.9529991149902,0.0299040004611015,0,184.283294677734,-85.4353,24.1035,141.04707348077,63,63,63,63,61,63,0,8521,1.64861680440262,24,-85,0.001869,51,2023-12-29 12:45:14.001353,1349.40002441406,1.037,0.0011,"aoml_navis",1033.86514600327
"7901009",21,0,1,0.028035,1,0.005607,1,194.428237557598,1,4.83508949590687,1399.80004882812,1,4.4741997718811,34.9570007324219,0.0280349999666214,0,187.489898681641,-85.4353,24.1035,141.04707348077,63,63,63,63,61,63,0,8521,1.64861680440262,24,-85,0.001869,51,2023-12-29 12:45:14.001353,1399.80004882812,1.037,0.0011,"aoml_navis",1034.10702205879
"7901009",21,0,1,0.026166,1,0.003738,1,196.683318379459,1,4.83400228217932,1449.59997558594,1,4.42850017547607,34.9589996337891,0.0261659994721413,0,189.664505004883,-85.4353,24.1035,141.04707348077,63,63,63,63,61,63,0,8521,1.64861680440262,24,-85,0.001869,51,2023-12-29 12:45:14.001353,1449.59997558594,1.037,0.0011,"aoml_navis",1034.33960269995
"7901009",21,0,1,0.031773,1,0.009345,1,198.220773509757,1,4.83291253370377,1499.90002441406,1,4.39279985427856,34.9609985351562,0.0317730009555817,0,191.147094726562,-85.4353,24.1035,141.04707348077,63,63,63,63,61,63,0,8521,1.64861680440262,24,-85,0.001869,51,2023-12-29 12:45:14.001353,1499.90002441406,1.037,0.0011,"aoml_navis",1034.57283059253
"7901009",21,0,1,0.029904,1,0.007476,1,199.362831947941,1,4.83185677990814,1549.40002441406,1,4.37510013580322,34.9620018005371,0.0299040004611015,0,192.248397827148,-85.4353,24.1035,141.04707348077,63,63,63,63,61,63,0,8521,1.64861680440262,24,-85,0.001869,51,2023-12-29 12:45:14.001353,1549.40002441406,1.037,0.0011,"aoml_navis",1034.79888327631
"7901009",21,0,1,0.035511,1,0.013083,1,200.572393279057,1,4.83079517729513,1599.40002441406,1,4.3568000793457,34.9620018005371,0.0355109982192516,0,193.414794921875,-85.4353,24.1035,141.04707348077,63,63,63,63,61,63,0,8521,1.64861680440262,24,-85,0.001869,51,2023-12-29 12:45:14.001353,1599.40002441406,1.037,0.0011,"aoml_navis",1035.02628790807
"7901009",21,0,1,0.031773,1,0.009345,1,201.389770081036,1,4.8297396597595,1648.90002441406,1,4.34070014953613,34.9640007019043,0.0317730009555817,0,194.203002929688,-85.4353,24.1035,141.04707348077,63,63,63,63,61,63,0,8521,1.64861680440262,24,-85,0.001869,51,2023-12-29 12:45:14.001353,1648.90002441406,1.037,0.0011,"aoml_navis",1035.25248817428
"7901009",21,0,1,0.029904,1,0.007476,1,202.242702204256,1,4.82867280525015,1699.59997558594,1,4.33190011978149,34.9640007019043,0.0299040004611015,0,195.025497436523,-85.4353,24.1035,141.04707348077,63,63,63,63,61,63,0,8521,1.64861680440262,24,-85,0.001869,51,2023-12-29 12:45:14.001353,1699.59997558594,1.037,0.0011,"aoml_navis",1035.48121847551
"7901009",21,0,1,0.024297,1,0.001869,1,202.823850527902,1,4.82761611371663,1749.5,1,4.32200002670288,34.9659996032715,0.0242970008403063,0,195.585906982422,-85.4353,24.1035,141.04707348077,63,63,63,63,61,63,0,8521,1.64861680440262,24,-85,0.001869,51,2023-12-29 12:45:14.001353,1749.5,1.037,0.0011,"aoml_navis",1035.70786952044
"7901009",21,0,1,0.03738,1,0.014952,1,203.391707142674,1,4.82657658902668,1799.40002441406,1,4.3189001083374,34.9650001525879,0.0373799987137318,0,196.133499145508,-85.4353,24.1035,141.04707348077,63,63,63,63,61,63,0,8521,1.64861680440262,24,-85,0.001869,51,2023-12-29 12:45:14.001353,1799.40002441406,1.037,0.0011,"aoml_navis",1035.9309352653
"7901009",21,0,1,0.029904,1,0.007476,1,203.896839550324,1,4.82552078121862,1849.69995117188,1,4.31269979476929,34.9659996032715,0.0299040004611015,0,196.62060546875,-85.4353,24.1035,141.04707348077,63,63,63,63,61,63,0,8521,1.64861680440262,24,-85,0.001869,51,2023-12-29 12:45:14.001353,1849.69995117188,1.037,0.0011,"aoml_navis",1036.15759348928
"7901009",21,0,1,0.029904,1,0.007476,1,204.065549312262,1,4.82449661627148,1898.90002441406,1,4.31160020828247,34.9659996032715,0.0299040004611015,0,196.783294677734,-85.4353,24.1035,141.04707348077,63,63,63,63,61,63,0,8521,1.64861680440262,24,-85,0.001869,51,2023-12-29 12:45:14.001353,1898.90002441406,1.037,0.0011,"aoml_navis",1036.37755349161
"7901009",21,0,1,0.028035,1,0.005607,1,204.252218704646,1,4.82344010367606,1949.5,1,4.30889987945557,34.9669990539551,0.0280349999666214,0,196.963302612305,-85.4353,24.1035,141.04707348077,63,63,63,63,61,63,0,8521,1.64861680440262,24,-85,0.001869,51,2023-12-29 12:45:14.001353,1949.5,1.037,0.0011,"aoml_navis",1036.60455868196
"7901009",21,0,1,0.026166,1,0.003738,1,200.691449014268,4,4.82240202923196,1999.59997558594,1,4.31020021438599,34.9669990539551,0.0261659994721413,0,193.529602050781,-85.4353,24.1035,141.04707348077,63,63,63,63,61,63,0,8521,1.64861680440262,24,-85,0.001869,51,2023-12-29 12:45:14.001353,1999.59997558594,1.037,0.0011,"aoml_navis",1036.82769907849
"7901009",22,0.103572834389557,5,0.082236,1,0.059808,1,196.86299149061,1,4.8835930319418,2.20000004768372,1,26.3540000915527,36.1990013122559,0.0822359994053841,0.0691530033946037,189.837707519531,-85.515,23.9374,16.4639923800282,63,63,63,63,61,63,0.171948,8520,1.66016505209534,24,-86,0.001869,51,2024-01-08 19:37:05.002092,2.20000004768372,1.037,0.0011,"aoml_navis",1023.83633674977
"7901009",22,0.103572834389557,5,0.09345,1,0.071022,1,196.724029795965,1,4.88356181139865,3.90000009536743,1,26.3540000915527,36.1980018615723,0.0934500023722649,0.0803669989109039,189.703704833984,-85.515,23.9374,16.4639923800282,63,63,63,63,61,63,0.171948,8520,1.66016505209534,24,-86,0.001869,51,2024-01-08 19:37:05.002092,3.90000009536743,1.037,0.0011,"aoml_navis",1023.84288212132
"7901009",22,0.103572834389557,5,0.100926,1,0.078498,1,196.705358103904,1,4.88349838742868,6,1,26.3500003814697,36.2019996643066,0.100925996899605,0.0878430008888245,189.685699462891,-85.515,23.9374,16.4639923800282,63,63,63,63,61,63,0.171948,8520,1.66016505209534,24,-86,0.001869,51,2024-01-08 19:37:05.002092,6,1.037,0.0011,"aoml_navis",1023.85617918319
"7901009",22,0.103572834389557,5,0.102795,1,0.080367,1,196.505317823363,1,4.88347123363202,8,1,26.3519992828369,36.1990013122559,0.102794997394085,0.0897120013833046,189.492797851562,-85.515,23.9374,16.4639923800282,63,63,63,63,61,63,0.171948,8520,1.66016505209534,24,-86,0.001869,51,2024-01-08 19:37:05.002092,8,1.037,0.0011,"aoml_navis",1023.86187217925
"7901009",22,0.103572834389557,5,0.132699,1,0.110271,1,196.194529091351,1,4.88332432568813,10,1,26.3390007019043,36.2229995727539,0.132698997855186,0.119616001844406,189.193099975586,-85.515,23.9374,16.4639923800282,63,63,63,63,61,63,0.171948,8520,1.66016505209534,24,-86,0.001869,51,2024-01-08 19:37:05.002092,10,1.037,0.0011,"aoml_navis",1023.8926736236
"7901009",22,0.103572834389557,5,0.143913,1,0.121485,1,195.982257270163,1,4.8832437852532,12,1,26.3390007019043,36.234001159668,0.143913000822067,0.130830004811287,188.988403320312,-85.515,23.9374,16.4639923800282,63,63,63,63,61,63,0.171948,8520,1.66016505209534,24,-86,0.001869,51,2024-01-08 19:37:05.002092,12,1.037,0.0011,"aoml_navis",1023.9095609151
"7901009",22,0.103572834389557,5,0.164472,1,0.142044,1,195.601054106225,1,4.88315314930017,14,1,26.3490009307861,36.2519989013672,0.164471998810768,0.151389002799988,188.620803833008,-85.515,23.9374,16.4639923800282,63,63,63,63,61,63,0.171948,8520,1.66016505209534,24,-86,0.001869,51,2024-01-08 19:37:05.002092,14,1.037,0.0011,"aoml_navis",1023.9285656475
"7901009",22,0.103572834389557,5,0.194376,1,0.171948,1,195.399463125835,1,4.88306703505235,16,1,26.3619995117188,36.2700004577637,0.19437600672245,0.181292995810509,188.426406860352,-85.515,23.9374,16.4639923800282,63,63,63,63,61,63,0.171948,8520,1.66016505209534,24,-86,0.001869,51,2024-01-08 19:37:05.002092,16,1.037,0.0011,"aoml_navis",1023.94662291307
"7901009",22,0.111453376136588,1,0.207459,1,0.185031,1,195.276878720413,1,4.88300787476403,18,1,26.3689994812012,36.2779998779297,0.207459002733231,0.19437600672245,188.308197021484,-85.515,23.9374,16.4639923800282,63,63,63,63,61,63,0.185031,8520,1.66016505209534,24,-86,0.001869,51,2024-01-08 19:37:05.002092,18,1.037,0.0011,"aoml_navis",1023.95902858167
"7901009",22,0.112579167814735,1,0.209328,1,0.1869,1,195.173076771327,1,4.88295498250385,20,1,26.3729991912842,36.2830009460449,0.20932799577713,0.19624499976635,188.208099365234,-85.515,23.9374,16.4639923800282,63,63,63,63,61,63,0.1869,8520,1.66016505209534,24,-86,0.001869,51,2024-01-08 19:37:05.002092,20,1.037,0.0011,"aoml_navis",1023.97012012512
"7901009",22,0.11933391788362,1,0.220542,1,0.198114,1,195.114276764802,1,4.88290419628554,22,1,26.3759994506836,36.2869987487793,0.220541998744011,0.207459002733231,188.151397705078,-85.515,23.9374,16.4639923800282,63,63,63,63,61,63,0.198114,8520,1.66016505209534,24,-86,0.001869,51,2024-01-08 19:37:05.002092,22,1.037,0.0011,"aoml_navis",1023.98077025626
"7901009",22,0.126088667952504,1,0.231756,1,0.209328,1,195.23012037292,1,4.88286269255603,24,1,26.3780002593994,36.2879981994629,0.231756001710892,0.218673005700111,188.263107299805,-85.515,23.9374,16.4639923800282,63,63,63,63,61,63,0.209328,8520,1.66016505209534,24,-86,0.001869,51,2024-01-08 19:37:05.002092,24,1.037,0.0011,"aoml_navis",1023.98947396627
"7901009",22,0.135095001377682,1,0.246708,1,0.22428,1,195.182001207193,1,4.8828154955839,26,1,26.3810005187988,36.2910003662109,0.246708005666733,0.233624994754791,188.216705322266,-85.515,23.9374,16.4639923800282,63,63,63,63,61,63,0.22428,8520,1.66016505209534,24,-86,0.001869,51,2024-01-08 19:37:05.002092,26,1.037,0.0011,"aoml_navis",1023.99937178091
"7901009",22,0.126088667952504,4,0.231756,1,0.209328,1,195.097060831782,1,4.8827683161299,28,1,26.3840007781982,36.2939987182617,0.231756001710892,0.218673005700111,188.134796142578,-85.515,23.9374,16.4639923800282,63,63,63,63,61,63,0.209328,8520,1.66016505209534,24,-86,0.001869,51,2024-01-08 19:37:05.002092,28,1.037,0.0011,"aoml_navis",1024.009266113
"7901009",22,0.137346584733977,1,0.250446,1,0.228018,1,195.03588730508,1,4.88272321029008,30,1,26.3859996795654,36.2960014343262,0.250445991754532,0.237362995743752,188.075805664062,-85.515,23.9374,16.4639923800282,63,63,63,63,61,63,0.228018,8520,1.66016505209534,24,-86,0.001869,51,2024-01-08 19:37:05.002092,30,1.037,0.0011,"aoml_navis",1024.0187257518
"7901009",22,0.139598168090272,1,0.254184,1,0.231756,1,195.058071807004,1,4.88268380266138,32,1,26.386999130249,36.2960014343262,0.254184007644653,0.241100996732712,188.097198486328,-85.515,23.9374,16.4639923800282,63,63,63,63,61,63,0.231756,8520,1.66016505209534,24,-86,0.001869,51,2024-01-08 19:37:05.002092,32,1.037,0.0011,"aoml_navis",1024.0269904995
"7901009",22,0.140723959768419,1,0.256053,1,0.233625,1,195.034115076681,1,4.88263929366427,34,1,26.386999130249,36.2970008850098,0.256053000688553,0.242970004677773,188.074096679688,-85.515,23.9374,16.4639923800282,63,63,63,63,61,63,0.233625,8520,1.66016505209534,24,-86,0.001869,51,2024-01-08 19:37:05.002092,34,1.037,0.0011,"aoml_navis",1024.03632528989
"7901009",22,0.145227126481009,1,0.263529,1,0.241101,1,194.960899890946,1,4.88259629909679,36,1,26.3880004882812,36.2980003356934,0.263529002666473,0.250445991754532,188.003494262695,-85.515,23.9374,16.4639923800282,63,63,63,63,61,63,0.241101,8520,1.66016505209534,24,-86,0.001869,51,2024-01-08 19:37:05.002092,36,1.037,0.0011,"aoml_navis",1024.04534262334
"7901009",22,0.150856084871745,1,0.272874,1,0.250446,1,194.933636055843,1,4.88255179530222,38,1,26.3880004882812,36.298999786377,0.272873997688293,0.259790986776352,187.977203369141,-85.515,23.9374,16.4639923800282,63,63,63,63,61,63,0.250446,8520,1.66016505209534,24,-86,0.001869,51,2024-01-08 19:37:05.002092,38,1.037,0.0011,"aoml_navis",1024.05467665715
"7901009",22,0.156485043262482,1,0.282219,1,0.259791,1,194.90387211282,1,4.88250161400699,40,1,26.3889999389648,36.3019981384277,0.282218992710114,0.269136011600494,187.948501586914,-85.515,23.9374,16.4639923800282,63,63,63,63,61,63,0.259791,8520,1.66016505209534,24,-86,0.001869,51,2024-01-08 19:37:05.002092,40,1.037,0.0011,"aoml_navis",1024.06520166956
"7901009",22,0.166617168365808,1,0.29904,1,0.276612,1,194.917242943152,1,4.88245710192059,42,1,26.3889999389648,36.3030014038086,0.299039989709854,0.285957008600235,187.961395263672,-85.515,23.9374,16.4639923800282,63,63,63,63,61,63,0.276612,8520,1.66016505209534,24,-86,0.001869,51,2024-01-08 19:37:05.002092,42,1.037,0.0011,"aoml_navis",1024.07453780458
"7901009",22,0.165491376687661,1,0.297171,1,0.274743,1,194.880532497743,1,4.88241469122737,44,1,26.3880004882812,36.3030014038086,0.297170996665955,0.284087985754013,187.925994873047,-85.515,23.9374,16.4639923800282,63,63,63,63,61,63,0.274743,8520,1.66016505209534,24,-86,0.001869,51,2024-01-08 19:37:05.002092,44,1.037,0.0011,"aoml_navis",1024.08343334373
"7901009",22,0.172246126756545,1,0.308385,1,0.285957,1,194.90034347949,1,4.88237379209432,46,1,26.3880004882812,36.3030014038086,0.308385014533997,0.295302003622055,187.945098876953,-85.515,23.9374,16.4639923800282,63,63,63,63,61,63,0.285957,8520,1.66016505209534,24,-86,0.001869,51,2024-01-08 19:37:05.002092,46,1.037,0.0011,"aoml_navis",1024.09201198322
"7901009",22,0.16999454340025,1,0.304647,1,0.282219,1,194.894852736146,1,4.8823308105409,48,1,26.3889999389648,36.3040008544922,0.304646998643875,0.291563987731934,187.939804077148,-85.515,23.9374,16.4639923800282,63,63,63,63,61,63,0.282219,8520,1.66016505209534,24,-86,0.001869,51,2024-01-08 19:37:05.002092,48,1.037,0.0011,"aoml_navis",1024.10102756762
"7901009",22,0.166617168365808,1,0.29904,1,0.276612,1,194.842477057568,1,4.88228632222131,50,1,26.3889999389648,36.3050003051758,0.299039989709854,0.285957008600235,187.889297485352,-85.515,23.9374,16.4639923800282,63,63,63,63,61,63,0.276612,8520,1.66016505209534,24,-86,0.001869,51,2024-01-08 19:37:05.002092,50,1.037,0.0011,"aoml_navis",1024.11035937055
"7901009",22,0.168868751722103,1,0.302778,1,0.28035,1,194.855863711368,1,4.88224334603037,52,1,26.3899993896484,36.3059997558594,0.302778005599976,0.289694994688034,187.902206420898,-85.515,23.9374,16.4639923800282,63,63,63,63,61,63,0.28035,8520,1.66016505209534,24,-86,0.001869,51,2024-01-08 19:37:05.002092,52,1.037,0.0011,"aoml_navis",1024.11937415315
"7901009",22,0.165491376687661,1,0.297171,1,0.274743,1,194.750289533882,1,4.8821994375213,54,1,26.3880004882812,36.3059997558594,0.297170996665955,0.284087985754013,187.800399780273,-85.515,23.9374,16.4639923800282,63,63,63,63,61,63,0.274743,8520,1.66016505209534,24,-86,0.001869,51,2024-01-08 19:37:05.002092,54,1.037,0.0011,"aoml_navis",1024.12858466481
"7901009",22,0.180126668503577,1,0.321468,1,0.29904,1,194.841543472965,1,4.88215042512676,56,1,26.3850002288818,36.306999206543,0.321467995643616,0.308385014533997,187.888397216797,-85.515,23.9374,16.4639923800282,63,63,63,63,61,63,0.29904,8520,1.66016505209534,24,-86,0.001869,51,2024-01-08 19:37:05.002092,56,1.037,0.0011,"aoml_navis",1024.1388659937
"7901009",22,0.181252460181724,1,0.323337,1,0.300909,1,194.72758285752,1,4.88210954032206,58,1,26.3850002288818,36.306999206543,0.323336988687515,0.310254007577896,187.778503417969,-85.515,23.9374,16.4639923800282,63,63,63,63,61,63,0.300909,8520,1.66016505209534,24,-86,0.001869,51,2024-01-08 19:37:05.002092,58,1.037,0.0011,"aoml_navis",1024.14744255619
"7901009",22,0.176749293469135,4,0.315861,1,0.293433,1,194.73111149085,1,4.88206865786123,60,1,26.3850002288818,36.306999206543,0.315860986709595,0.302778005599976,187.78190612793,-85.515,23.9374,16.4639923800282,63,63,63,63,61,63,0.293433,8520,1.66016505209534,24,-86,0.001869,51,2024-01-08 19:37:05.002092,60,1.037,0.0011,"aoml_navis",1024.15601877062
"7901009",22,0.197013543675787,1,0.349503,1,0.327075,1,194.650839038455,1,4.88202777774407,62,1,26.3850002288818,36.306999206543,0.349503010511398,0.336419999599457,187.704498291016,-85.515,23.9374,16.4639923800282,63,63,63,63,61,63,0.327075,8520,1.66016505209534,24,-86,0.001869,51,2024-01-08 19:37:05.002092,62,1.037,0.0011,"aoml_navis",1024.16459463703
"7901009",22,0.198139335353934,1,0.351372,1,0.328944,1,194.657374130676,1,4.88198840974531,64,1,26.3859996795654,36.306999206543,0.351372003555298,0.338288992643356,187.710800170898,-85.515,23.9374,16.4639923800282,63,63,63,63,61,63,0.328944,8520,1.66016505209534,24,-86,0.001869,51,2024-01-08 19:37:05.002092,64,1.037,0.0011,"aoml_navis",1024.17285342569
"7901009",22,0.179000876825429,1,0.319599,1,0.297171,1,194.500785092847,1,4.88194753437445,66,1,26.3859996795654,36.306999206543,0.319599002599716,0.306515991687775,187.559799194336,-85.515,23.9374,16.4639923800282,63,63,63,63,61,63,0.297171,8520,1.66016505209534,24,-86,0.001869,51,2024-01-08 19:37:05.002092,66,1.037,0.0011,"aoml_navis",1024.18142857831
"7901009",22,0.179000876825429,1,0.319599,1,0.297171,1,194.479629116334,1,4.88190666134661,68,1,26.3859996795654,36.306999206543,0.319599002599716,0.306515991687775,187.539398193359,-85.515,23.9374,16.4639923800282,63,63,63,63,61,63,0.297171,8520,1.66016505209534,24,-86,0.001869,51,2024-01-08 19:37:05.002092,68,1.037,0.0011,"aoml_navis",1024.19000338299
"7901009",22,0.16999454340025,4,0.304647,1,0.282219,1,194.453805216805,1,4.88186277079084,70,1,26.3840007781982,36.306999206543,0.304646998643875,0.291563987731934,187.514495849609,-85.515,23.9374,16.4639923800282,63,63,63,63,61,63,0.282219,8520,1.66016505209534,24,-86,0.001869,51,2024-01-08 19:37:05.002092,70,1.037,0.0011,"aoml_navis",1024.19921139857
"7901009",22,0.165491376687661,4,0.297171,1,0.274743,1,194.48024623158,1,4.88182038950792,72,1,26.382999420166,36.306999206543,0.297170996665955,0.284087985754013,187.539993286133,-85.515,23.9374,16.4639923800282,63,63,63,63,61,63,0.274743,8520,1.66016505209534,24,-86,0.001869,51,2024-01-08 19:37:05.002092,72,1.037,0.0011,"aoml_navis",1024.2081029335
"7901009",22,0.22966150234206,1,0.403704,1,0.381276,1,194.393138041074,1,4.88177952332894,74,1,26.382999420166,36.306999206543,0.403703987598419,0.3906210064888,187.455993652344,-85.515,23.9374,16.4639923800282,63,63,63,63,61,63,0.381276,8520,1.66016505209534,24,-86,0.001869,51,2024-01-08 19:37:05.002092,74,1.037,0.0011,"aoml_navis",1024.21667674792
"7901009",22,0.172246126756545,1,0.308385,1,0.285957,1,194.485847739198,1,4.88174017243281,76,1,26.3840007781982,36.306999206543,0.308385014533997,0.295302003622055,187.545394897461,-85.515,23.9374,16.4639923800282,63,63,63,63,61,63,0.285957,8520,1.66016505209534,24,-86,0.001869,51,2024-01-08 19:37:05.002092,76,1.037,0.0011,"aoml_navis",1024.22493278831
"7901009",22,0.176749293469135,1,0.315861,1,0.293433,1,194.432348594403,1,4.88169931099765,78,1,26.3840007781982,36.306999206543,0.315860986709595,0.302778005599976,187.493804931641,-85.515,23.9374,16.4639923800282,63,63,63,63,61,63,0.293433,8520,1.66016505209534,24,-86,0.001869,51,2024-01-08 19:37:05.002092,78,1.037,0.0011,"aoml_navis",1024.2335058892
"7901009",22,0.167742960043956,4,0.300909,1,0.278481,1,194.442095850597,1,4.88165996211913,80,1,26.3850002288818,36.306999206543,0.300909012556076,0.287826001644135,187.503204345703,-85.515,23.9374,16.4639923800282,63,63,63,63,61,63,0.278481,8520,1.66016505209534,24,-86,0.001869,51,2024-01-08 19:37:05.002092,80,1.037,0.0011,"aoml_navis",1024.24176177759
"7901009",22,0.171120335078398,1,0.306516,1,0.284088,1,194.33403738866,1,4.88161910542681,82,1,26.3850002288818,36.306999206543,0.306515991687775,0.293433010578156,187.399002075195,-85.515,23.9374,16.4639923800282,63,63,63,63,61,63,0.284088,8520,1.66016505209534,24,-86,0.001869,51,2024-01-08 19:37:05.002092,82,1.037,0.0011,"aoml_navis",1024.25033416507
"7901009",22,0.179000876825429,1,0.319599,1,0.297171,1,194.356744065022,1,4.88157976144661,84,1,26.3859996795654,36.306999206543,0.319599002599716,0.306515991687775,187.4208984375,-85.515,23.9374,16.4639923800282,63,63,63,63,61,63,0.297171,8520,1.66016505209534,24,-86,0.001869,51,2024-01-08 19:37:05.002092,84,1.037,0.0011,"aoml_navis",1024.25858929698
"7901009",22,0.164365585009514,4,0.295302,1,0.272874,1,194.374276467399,1,4.88153890949623,86,1,26.3859996795654,36.306999206543,0.295302003622055,0.282218992710114,187.437805175781,-85.515,23.9374,16.4639923800282,63,63,63,63,61,63,0.272874,8520,1.66016505209534,24,-86,0.001869,51,2024-01-08 19:37:05.002092,86,1.037,0.0011,"aoml_navis",1024.26716097117
"7901009",22,0.168868751722103,1,0.302778,1,0.28035,1,194.33506591407,1,4.88149957041342,88,1,26.386999130249,36.306999206543,0.302778005599976,0.289694994688034,187.399993896484,-85.515,23.9374,16.4639923800282,63,63,63,63,61,63,0.28035,8520,1.66016505209534,24,-86,0.001869,51,2024-01-08 19:37:05.002092,88,1.037,0.0011,"aoml_navis",1024.27541534671
"7901009",22,0.164365585009514,1,0.295302,1,0.272874,1,194.378833626139,1,4.88145872320411,90,1,26.386999130249,36.306999206543,0.295302003622055,0.282218992710114,187.442199707031,-85.515,23.9374,16.4639923800282,63,63,63,63,61,63,0.272874,8520,1.66016505209534,24,-86,0.001869,51,2024-01-08 19:37:05.002092,90,1.037,0.0011,"aoml_navis",1024.2839863077
"7901009",22,0.168868751722103,1,0.302778,1,0.28035,1,194.258132213391,1,4.88141428659668,92,1,26.386999130249,36.3079986572266,0.302778005599976,0.289694994688034,187.325805664062,-85.515,23.9374,16.4639923800282,63,63,63,63,61,63,0.28035,8520,1.66016505209534,24,-86,0.001869,51,2024-01-08 19:37:05.002092,92,1.037,0.0011,"aoml_navis",1024.29331059421
"7901009",22,0.158736626618777,4,0.285957,1,0.263529,1,194.353626841856,1,4.88137495780658,94,1,26.3880004882812,36.3079986572266,0.285957008600235,0.272873997688293,187.417892456055,-85.515,23.9374,16.4639923800282,63,63,63,63,61,63,0.263529,8520,1.66016505209534,24,-86,0.001869,51,2024-01-08 19:37:05.002092,94,1.037,0.0011,"aoml_navis",1024.30156323142
"7901009",22,0.15761083494063,4,0.284088,1,0.26166,1,194.29204190499,1,4.88133411778724,96,1,26.3880004882812,36.3079986572266,0.284087985754013,0.271005004644394,187.358505249023,-85.515,23.9374,16.4639923800282,63,63,63,63,61,63,0.26166,8520,1.66016505209534,24,-86,0.001869,51,2024-01-08 19:37:05.002092,96,1.037,0.0011,"aoml_navis",1024.31013312126
"7901009",22,0.176749293469135,1,0.315861,1,0.293433,1,194.365352031532,1,4.88129838241137,98,1,26.3889999389648,36.306999206543,0.315860986709595,0.302778005599976,187.42919921875,-85.515,23.9374,16.4639923800282,63,63,63,63,61,63,0.293433,8520,1.66016505209534,24,-86,0.001869,51,2024-01-08 19:37:05.002092,98,1.037,0.0011,"aoml_navis",1024.31763196783
"7901009",22,0.167742960043956,1,0.300909,1,0.278481,1,194.269746638791,1,4.88125395572873,100,1,26.3889999389648,36.3079986572266,0.300909012556076,0.287826001644135,187.337005615234,-85.515,23.9374,16.4639923800282,63,63,63,63,61,63,0.278481,8520,1.66016505209534,24,-86,0.001869,51,2024-01-08 19:37:05.002092,100,1.037,0.0011,"aoml_navis",1024.32695478421
"7901009",22,0.163239793331366,1,0.293433,1,0.271005,1,194.299083348183,1,4.88121312278756,102,1,26.3889999389648,36.3079986572266,0.293433010578156,0.280349999666214,187.365295410156,-85.515,23.9374,16.4639923800282,63,63,63,63,61,63,0.271005,8520,1.66016505209534,24,-86,0.001869,51,2024-01-08 19:37:05.002092,102,1.037,0.0011,"aoml_navis",1024.33552361356
"7901009",22,0.15761083494063,4,0.284088,1,0.26166,1,194.266012300379,1,4.88117380330231,104,1,26.3899993896484,36.3079986572266,0.284087985754013,0.271005004644394,187.333404541016,-85.515,23.9374,16.4639923800282,63,63,63,63,61,63,0.26166,8520,1.66016505209534,24,-86,0.001869,51,2024-01-08 19:37:05.002092,104,1.037,0.0011,"aoml_navis",1024.34377497832
"7901009",22,0.165491376687661,1,0.297171,1,0.274743,1,194.214775911486,1,4.88113297509866,106,1,26.3899993896484,36.3079986572266,0.297170996665955,0.284087985754013,187.283996582031,-85.515,23.9374,16.4639923800282,63,63,63,63,61,63,0.274743,8520,1.66016505209534,24,-86,0.001869,51,2024-01-08 19:37:05.002092,106,1.037,0.0011,"aoml_navis",1024.35234309488
"7901009",22,0.166617168365808,1,0.29904,1,0.276612,1,194.244745559591,1,4.88109214923369,108,1,26.3899993896484,36.3079986572266,0.299039989709854,0.285957008600235,187.312896728516,-85.515,23.9374,16.4639923800282,63,63,63,63,61,63,0.276612,8520,1.66016505209534,24,-86,0.001869,51,2024-01-08 19:37:05.002092,108,1.037,0.0011,"aoml_navis",1024.36091086397
"7901009",22,0.164365585009514,1,0.295302,1,0.272874,1,194.249002072442,1,4.88105283992339,110,1,26.3910007476807,36.3079986572266,0.295302003622055,0.282218992710114,187.317001342773,-85.515,23.9374,16.4639923800282,63,63,63,63,61,63,0.272874,8520,1.66016505209534,24,-86,0.001869,51,2024-01-08 19:37:05.002092,110,1.037,0.0011,"aoml_navis",1024.36916050236
"7901009",22,0.160988209975072,1,0.289695,1,0.267267,1,194.219760303858,1,4.88101201879473,112,1,26.3910007476807,36.3079986572266,0.289694994688034,0.276612013578415,187.288803100586,-85.515,23.9374,16.4639923800282,63,63,63,63,61,63,0.267267,8520,1.66016505209534,24,-86,0.001869,51,2024-01-08 19:37:05.002092,112,1.037,0.0011,"aoml_navis",1024.37772755877
"7901009",22,0.190258793606903,1,0.338289,1,0.315861,1,194.153808089865,1,4.88097271149173,114,1,26.3920001983643,36.3079986572266,0.338288992643356,0.325206011533737,187.225204467773,-85.515,23.9374,16.4639923800282,63,63,63,63,61,63,0.315861,8520,1.66016505209534,24,-86,0.001869,51,2024-01-08 19:37:05.002092,114,1.037,0.0011,"aoml_navis",1024.38597704675
"7901009",22,0.15761083494063,4,0.284088,1,0.26166,1,194.184917027656,1,4.88093189509838,116,1,26.3920001983643,36.3079986572266,0.284087985754013,0.271005004644394,187.25520324707,-85.515,23.9374,16.4639923800282,63,63,63,63,61,63,0.26166,8520,1.66016505209534,24,-86,0.001869,51,2024-01-08 19:37:05.002092,116,1.037,0.0011,"aoml_navis",1024.39454339062
"7901009",22,0.16999454340025,1,0.304647,1,0.282219,1,194.174758361297,1,4.88089259268582,118,1,26.3929996490479,36.3079986572266,0.304646998643875,0.291563987731934,187.245407104492,-85.515,23.9374,16.4639923800282,63,63,63,63,61,63,0.282219,8520,1.66016505209534,24,-86,0.001869,51,2024-01-08 19:37:05.002092,118,1.037,0.0011,"aoml_navis",1024.40279212304
"7901009",22,0.168868751722103,1,0.302778,1,0.28035,1,194.153491620509,1,4.88085178102691,120,1,26.3929996490479,36.3079986572266,0.302778005599976,0.289694994688034,187.224899291992,-85.515,23.9374,16.4639923800282,63,63,63,63,61,63,0.28035,8520,1.66016505209534,24,-86,0.001869,51,2024-01-08 19:37:05.002092,120,1.037,0.0011,"aoml_navis",1024.41135775445
"7901009",22,0.17449771011284,1,0.312123,1,0.289695,1,194.172463958459,1,4.88081248350386,122,1,26.3939990997314,36.3079986572266,0.312123000621796,0.299039989709854,187.243194580078,-85.515,23.9374,16.4639923800282,63,63,63,63,61,63,0.289695,8520,1.66016505209534,24,-86,0.001869,51,2024-01-08 19:37:05.002092,122,1.037,0.0011,"aoml_navis",1024.41960573142
"7901009",22,0.163239793331366,4,0.293433,1,0.271005,1,194.154013794948,1,4.88077167657849,124,1,26.3939990997314,36.3079986572266,0.293433010578156,0.280349999666214,187.225402832031,-85.515,23.9374,16.4639923800282,63,63,63,63,61,63,0.271005,8520,1.66016505209534,24,-86,0.001869,51,2024-01-08 19:37:05.002092,124,1.037,0.0011,"aoml_navis",1024.42817065049
"7901009",22,0.158736626618777,4,0.285957,1,0.263529,1,194.063487735386,1,4.88073238682948,126,1,26.3950004577637,36.3079986572266,0.285957008600235,0.272873997688293,187.138107299805,-85.515,23.9374,16.4639923800282,63,63,63,63,61,63,0.263529,8520,1.66016505209534,24,-86,0.001869,51,2024-01-08 19:37:05.002092,126,1.037,0.0011,"aoml_navis",1024.43641726647
"7901009",22,0.168868751722103,1,0.302778,1,0.28035,1,194.143538659232,1,4.88069158463687,128,1,26.3950004577637,36.3079986572266,0.302778005599976,0.289694994688034,187.215301513672,-85.515,23.9374,16.4639923800282,63,63,63,63,61,63,0.28035,8520,1.66016505209534,24,-86,0.001869,51,2024-01-08 19:37:05.002092,128,1.037,0.0011,"aoml_navis",1024.44498147326
"7901009",22,0.167742960043956,1,0.300909,1,0.278481,1,193.966932934575,1,4.88064719515715,130,1,26.3950004577637,36.3089981079102,0.300909012556076,0.287826001644135,187.044998168945,-85.515,23.9374,16.4639923800282,63,63,63,63,61,63,0.278481,8520,1.66016505209534,24,-86,0.001869,51,2024-01-08 19:37:05.002092,130,1.037,0.0011,"aoml_navis",1024.45429879899
"7901009",22,0.163239793331366,1,0.293433,1,0.271005,1,194.031223684443,1,4.88060790991919,132,1,26.3959999084473,36.3089981079102,0.293433010578156,0.280349999666214,187.106994628906,-85.515,23.9374,16.4639923800282,63,63,63,63,61,63,0.271005,8520,1.66016505209534,24,-86,0.001869,51,2024-01-08 19:37:05.002092,132,1.037,0.0011,"aoml_navis",1024.46254488875
"7901009",22,0.164365585009514,1,0.295302,1,0.272874,1,193.914873725353,1,4.88056711490374,134,1,26.3959999084473,36.3089981079102,0.295302003622055,0.282218992710114,186.99479675293,-85.515,23.9374,16.4639923800282,63,63,63,63,61,63,0.272874,8520,1.66016505209534,24,-86,0.001869,51,2024-01-08 19:37:05.002092,134,1.037,0.0011,"aoml_navis",1024.47110802586
"7901009",22,0.158736626618777,1,0.285957,1,0.263529,1,193.792194379124,1,4.88052271923627,136,1,26.3959999084473,36.310001373291,0.285957008600235,0.272873997688293,186.876495361328,-85.515,23.9374,16.4639923800282,63,63,63,63,61,63,0.263529,8520,1.66016505209534,24,-86,0.001869,51,2024-01-08 19:37:05.002092,136,1.037,0.0011,"aoml_navis",1024.48042712573
"7901009",22,0.148604501515451,4,0.269136,1,0.246708,1,193.755483933715,1,4.8804804166473,138,1,26.3950004577637,36.310001373291,0.269136011600494,0.256053000688553,186.841094970703,-85.515,23.9374,16.4639923800282,63,63,63,63,61,63,0.246708,8520,1.66016505209534,24,-86,0.001869,51,2024-01-08 19:37:05.002092,138,1.037,0.0011,"aoml_navis",1024.48930702498
"7901009",22,0.155359251584335,1,0.28035,1,0.257922,1,193.714105565291,1,4.88043603961905,140,1,26.3950004577637,36.3110008239746,0.280349999666214,0.267266988754272,186.801193237305,-85.515,23.9374,16.4639923800282,63,63,63,63,61,63,0.257922,8520,1.66016505209534,24,-86,0.001869,51,2024-01-08 19:37:05.002092,140,1.037,0.0011,"aoml_navis",1024.49862254322
"7901009",22,0.158736626618777,1,0.285957,1,0.263529,1,193.551930843312,1,4.88039472724587,142.100006103516,1,26.3959999084473,36.3110008239746,0.285957008600235,0.272873997688293,186.644805908203,-85.515,23.9374,16.4639923800282,63,63,63,63,61,63,0.263529,8520,1.66016505209534,24,-86,0.001869,51,2024-01-08 19:37:05.002092,142.100006103516,1.037,0.0011,"aoml_navis",1024.50729488875
"7901009",22,0.167742960043956,1,0.300909,1,0.278481,1,193.393775282166,1,4.8803519053404,144.199996948242,1,26.3959999084473,36.3110008239746,0.300909012556076,0.287826001644135,186.492294311523,-85.515,23.9374,16.4639923800282,63,63,63,63,61,63,0.278481,8520,1.66016505209534,24,-86,0.001869,51,2024-01-08 19:37:05.002092,144.199996948242,1.037,0.0011,"aoml_navis",1024.51628427218
"7901009",22,0.163239793331366,1,0.293433,1,0.271005,1,190.388329092894,1,4.88029375763467,145.800003051758,1,26.3910007476807,36.3160018920898,0.293433010578156,0.280349999666214,183.594100952148,-85.515,23.9374,16.4639923800282,63,63,63,63,61,63,0.271005,8520,1.66016505209534,24,-86,0.001869,51,2024-01-08 19:37:05.002092,145.800003051758,1.037,0.0011,"aoml_navis",1024.52849117495
"7901009",22,0.0607927506199571,1,0.123354,1,0.100926,1,167.489872299975,1,4.87904597758923,148,1,26.1650009155273,36.5559997558594,0.123354002833366,0.110270999372005,161.512802124023,-85.515,23.9374,16.4639923800282,63,63,63,63,61,63,0.100926,8520,1.66016505209534,24,-86,0.001869,51,2024-01-08 19:37:05.002092,148,1.037,0.0011,"aoml_navis",1024.7905067848
"7901009",22,0.0270190002755365,1,0.067284,1,0.044856,1,163.359583251756,1,4.87793318298892,150,1,25.9270000457764,36.7550010681152,0.0672840029001236,0.0542009994387627,157.529907226562,-85.515,23.9374,16.4639923800282,63,63,63,63,61,63,0.044856,8520,1.66016505209534,24,-86,0.001869,51,2024-01-08 19:37:05.002092,150,1.037,0.0011,"aoml_navis",1025.02429050008
"7901009",22,0.0247674169192418,1,0.063546,1,0.041118,1,162.310851273161,1,4.87761326709718,152,1,25.8099994659424,36.7840003967285,0.0635460019111633,0.0504629984498024,156.518600463867,-85.515,23.9374,16.4639923800282,63,63,63,63,61,63,0.041118,8520,1.66016505209534,24,-86,0.001869,51,2024-01-08 19:37:05.002092,152,1.037,0.0011,"aoml_navis",1025.09152042217
"7901009",22,0.0168868751722103,1,0.050463,1,0.028035,1,161.505816522901,1,4.87724432482562,154,1,25.6669998168945,36.8160018920898,0.0504629984498024,0.0373799987137318,155.742294311523,-85.515,23.9374,16.4639923800282,63,63,63,63,61,63,0.028035,8520,1.66016505209534,24,-86,0.001869,51,2024-01-08 19:37:05.002092,154,1.037,0.0011,"aoml_navis",1025.16906412696
"7901009",22,0.0135095001377682,1,0.044856,1,0.022428,1,160.940855426838,1,4.87696997842716,156.100006103516,1,25.5620002746582,36.8370018005371,0.0448560006916523,0.0317730009555817,155.197494506836,-85.515,23.9374,16.4639923800282,63,63,63,63,61,63,0.022428,8520,1.66016505209534,24,-86,0.001869,51,2024-01-08 19:37:05.002092,156.100006103516,1.037,0.0011,"aoml_navis",1025.22673342609
"7901009",22,0.0135095001377682,1,0.044856,1,0.022428,1,160.026322279067,1,4.87665674110611,158,1,25.4349994659424,36.8610000610352,0.0448560006916523,0.0317730009555817,154.31559753418,-85.515,23.9374,16.4639923800282,63,63,63,63,61,63,0.022428,8520,1.66016505209534,24,-86,0.001869,51,2024-01-08 19:37:05.002092,158,1.037,0.0011,"aoml_navis",1025.29258576972
"7901009",22,0.0135095001377682,1,0.044856,1,0.022428,1,159.517882610159,1,4.876377062012,160,1,25.32200050354,36.8810005187988,0.0448560006916523,0.0317730009555817,153.825302124023,-85.515,23.9374,16.4639923800282,63,63,63,63,61,63,0.022428,8520,1.66016505209534,24,-86,0.001869,51,2024-01-08 19:37:05.002092,160,1.037,0.0011,"aoml_navis",1025.35139026698
"7901009",22,0.0101321251033262,1,0.039249,1,0.016821,1,159.046564796823,1,4.87622281417045,162,1,25.2670001983643,36.8899993896484,0.0392489992082119,0.0261659994721413,153.370803833008,-85.515,23.9374,16.4639923800282,63,63,63,63,61,63,0.016821,8520,1.66016505209534,24,-86,0.001869,51,2024-01-08 19:37:05.002092,162,1.037,0.0011,"aoml_navis",1025.38382484694
"7901009",22,0.00788054174703148,1,0.035511,1,0.013083,1,158.158061253662,1,4.8761007088713,164,1,25.2240009307861,36.8950004577637,0.0355109982192516,0.0224280003458261,152.514007568359,-85.515,23.9374,16.4639923800282,63,63,63,63,61,63,0.013083,8520,1.66016505209534,24,-86,0.001869,51,2024-01-08 19:37:05.002092,164,1.037,0.0011,"aoml_navis",1025.40950208499
"7901009",22,0.00788054174703148,1,0.035511,1,0.013083,1,156.850188342112,1,4.87567879946458,166,1,25.0380001068115,36.9249992370605,0.0355109982192516,0.0224280003458261,151.252807617188,-85.515,23.9374,16.4639923800282,63,63,63,63,61,63,0.013083,8520,1.66016505209534,24,-86,0.001869,51,2024-01-08 19:37:05.002092,166,1.037,0.0011,"aoml_navis",1025.49823432772
"7901009",22,0.00337737503444206,1,0.028035,1,0.005607,1,156.006164567073,1,4.87526967802386,168,1,24.8549995422363,36.9529991149902,0.0280349999666214,0.0149520002305508,150.438903808594,-85.515,23.9374,16.4639923800282,63,63,63,63,61,63,0.005607,8520,1.66016505209534,24,-86,0.001869,51,2024-01-08 19:37:05.002092,168,1.037,0.0011,"aoml_navis",1025.58429178562
"7901009",22,0.00337737503444206,1,0.028035,1,0.005607,1,155.031897828174,1,4.87496019747539,170,1,24.7150001525879,36.9710006713867,0.0280349999666214,0.0149520002305508,149.499404907227,-85.515,23.9374,16.4639923800282,63,63,63,63,61,63,0.005607,8520,1.66016505209534,24,-86,0.001869,51,2024-01-08 19:37:05.002092,170,1.037,0.0011,"aoml_navis",1025.64939967907
"7901009",22,0.00112579167814735,1,0.024297,1,0.001869,1,154.414149643368,1,4.87455662192306,172,1,24.5170001983643,36.992000579834,0.0242970008403063,0.0112140001729131,148.903701782227,-85.515,23.9374,16.4639923800282,63,63,63,63,61,63,0.001869,8520,1.66016505209534,24,-86,0.001869,51,2024-01-08 19:37:05.002092,172,1.037,0.0011,"aoml_navis",1025.73431550939
"7901009",22,0.00112579167814735,1,0.024297,1,0.001869,1,154.1851840636,1,4.87429346745929,174,1,24.3880004882812,37.0019989013672,0.0242970008403063,0.0112140001729131,148.682907104492,-85.515,23.9374,16.4639923800282,63,63,63,63,61,63,0.001869,8520,1.66016505209534,24,-86,0.001869,51,2024-01-08 19:37:05.002092,174,1.037,0.0011,"aoml_navis",1025.78969308679
"7901009",22,0.00337737503444206,1,0.028035,1,0.005607,1,153.7736947822,1,4.87416186447002,176,1,24.3349990844727,37.0060005187988,0.0280349999666214,0.0149520002305508,148.286102294922,-85.515,23.9374,16.4639923800282,63,63,63,63,61,63,0.005607,8520,1.66016505209534,24,-86,0.001869,51,2024-01-08 19:37:05.002092,176,1.037,0.0011,"aoml_navis",1025.81738953876
"7901009",22,0.00112579167814735,1,0.024297,1,0.001869,1,153.118713977547,1,4.8740318079189,178,1,24.2779998779297,37.007999420166,0.0242970008403063,0.0112140001729131,147.654495239258,-85.515,23.9374,16.4639923800282,63,63,63,63,61,63,0.001869,8520,1.66016505209534,24,-86,0.001869,51,2024-01-08 19:37:05.002092,178,1.037,0.0011,"aoml_navis",1025.84476200513
"7901009",22,0,1,0.022428,1,0,1,152.691986696609,1,4.87368164260964,180,1,24.0849990844727,37.0169982910156,0.0224280003458261,0.00934499967843294,147.24299621582,-85.515,23.9374,16.4639923800282,63,63,63,63,61,63,0,8520,1.66016505209534,24,-86,0.001869,51,2024-01-08 19:37:05.002092,180,1.037,0.0011,"aoml_navis",1025.91846711652
"7901009",22,-0.00225158335629471,1,0.01869,1,-0.003738,1,152.446533063343,1,4.87350708894591,182,1,23.9939994812012,37.0180015563965,0.0186899993568659,0.00560700008645654,147.006301879883,-85.515,23.9374,16.4639923800282,63,63,63,63,61,63,-0.003738,8520,1.66016505209534,24,-86,0.001869,51,2024-01-08 19:37:05.002092,182,1.037,0.0011,"aoml_navis",1025.95521228255
"7901009",22,0,1,0.022428,1,0,1,152.076738619724,1,4.87339993370909,184,1,23.9449996948242,37.0169982910156,0.0224280003458261,0.00934499967843294,146.649703979492,-85.515,23.9374,16.4639923800282,63,63,63,63,61,63,0,8520,1.66016505209534,24,-86,0.001869,51,2024-01-08 19:37:05.002092,184,1.037,0.0011,"aoml_navis",1025.9777707582
"7901009",22,-0.00112579167814735,1,0.020559,1,-0.001869,1,151.508454595413,1,4.87322366718011,186,1,23.8549995422363,37.0190010070801,0.020558999851346,0.00747600011527538,146.101699829102,-85.515,23.9374,16.4639923800282,63,63,63,63,61,63,-0.001869,8520,1.66016505209534,24,-86,0.001869,51,2024-01-08 19:37:05.002092,186,1.037,0.0011,"aoml_navis",1026.01488080133
"7901009",22,0,1,0.022428,1,0,1,151.26496307216,1,4.87291853865015,188,1,23.6790008544922,37.0229988098145,0.0224280003458261,0.00934499967843294,145.866897583008,-85.515,23.9374,16.4639923800282,63,63,63,63,61,63,0,8520,1.66016505209534,24,-86,0.001869,51,2024-01-08 19:37:05.002092,188,1.037,0.0011,"aoml_navis",1026.07912698353
"7901009",22,-0.00225158335629471,1,0.01869,1,-0.003738,1,151.183567153547,1,4.87276872079659,190,1,23.6019992828369,37.0229988098145,0.0186899993568659,0.00560700008645654,145.78840637207,-85.515,23.9374,16.4639923800282,63,63,63,63,61,63,-0.003738,8520,1.66016505209534,24,-86,0.001869,51,2024-01-08 19:37:05.002092,190,1.037,0.0011,"aoml_navis",1026.11067475056
"7901009",22,-0.00112579167814735,1,0.020559,1,-0.001869,1,150.958019442835,1,4.87268908038074,192,1,23.57200050354,37.0219993591309,0.020558999851346,0.00747600011527538,145.570907592773,-85.515,23.9374,16.4639923800282,63,63,63,63,61,63,-0.001869,8520,1.66016505209534,24,-86,0.001869,51,2024-01-08 19:37:05.002092,192,1.037,0.0011,"aoml_navis",1026.12744575308
"7901009",22,-0.00112579167814735,1,0.020559,1,-0.001869,1,150.661424361483,1,4.8726115211307,194,1,23.5459995269775,37.0219993591309,0.020558999851346,0.00747600011527538,145.284896850586,-85.515,23.9374,16.4639923800282,63,63,63,63,61,63,-0.001869,8520,1.66016505209534,24,-86,0.001869,51,2024-01-08 19:37:05.002092,194,1.037,0.0011,"aoml_navis",1026.14377902217
"7901009",22,-0.00225158335629471,1,0.01869,1,-0.003738,1,150.025226013166,1,4.87254399953941,196,1,23.5219993591309,37.0200004577637,0.0186899993568659,0.00560700008645654,144.671401977539,-85.515,23.9374,16.4639923800282,63,63,63,63,61,63,-0.003738,8520,1.66016505209534,24,-86,0.001869,51,2024-01-08 19:37:05.002092,196,1.037,0.0011,"aoml_navis",1026.15799887546
"7901009",22,-0.00337737503444206,1,0.016821,1,-0.005607,1,149.220507732263,1,4.87233534434001,198,1,23.4080009460449,37.0219993591309,0.0168210007250309,0.00373800005763769,143.895401000977,-85.515,23.9374,16.4639923800282,63,63,63,63,61,63,-0.005607,8520,1.66016505209534,24,-86,0.001869,51,2024-01-08 19:37:05.002092,198,1.037,0.0011,"aoml_navis",1026.20194355224
"7901009",22,-0.00337737503444206,1,0.016821,1,-0.005607,1,149.086736135071,1,4.87189842797594,200,1,23.1280002593994,37.0229988098145,0.0168210007250309,0.00373800005763769,143.766403198242,-85.515,23.9374,16.4639923800282,63,63,63,63,61,63,-0.005607,8520,1.66016505209534,24,-86,0.001869,51,2024-01-08 19:37:05.002092,200,1.037,0.0011,"aoml_navis",1026.29397429315
"7901009",22,-0.00337737503444206,1,0.016821,1,-0.005607,1,148.907851831044,1,4.87171636603024,202,1,23.0189990997314,37.0200004577637,0.0168210007250309,0.00373800005763769,143.593902587891,-85.515,23.9374,16.4639923800282,63,63,63,63,61,63,-0.005607,8520,1.66016505209534,24,-86,0.001869,51,2024-01-08 19:37:05.002092,202,1.037,0.0011,"aoml_navis",1026.33232814297
"7901009",22,-0.00337737503444206,1,0.016821,1,-0.005607,1,148.834225235145,1,4.8715236541835,204,1,22.9020004272461,37.0169982910156,0.0168210007250309,0.00373800005763769,143.522903442383,-85.515,23.9374,16.4639923800282,63,63,63,63,61,63,-0.005607,8520,1.66016505209534,24,-86,0.001869,51,2024-01-08 19:37:05.002092,204,1.037,0.0011,"aoml_navis",1026.37292866395
"7901009",22,-0.00450316671258942,1,0.014952,1,-0.007476,1,148.664249543517,1,4.87141091885499,206,1,22.8449993133545,37.0149993896484,0.0149520002305508,0.00186900002881885,143.358993530273,-85.515,23.9374,16.4639923800282,63,63,63,63,61,63,-0.007476,8520,1.66016505209534,24,-86,0.001869,51,2024-01-08 19:37:05.002092,206,1.037,0.0011,"aoml_navis",1026.39668122582
"7901009",22,-0.00112579167814735,1,0.020559,1,-0.001869,1,148.353872221668,1,4.87130051832462,208,1,22.7870006561279,37.0120010375977,0.020558999851346,0.00747600011527538,143.059692382812,-85.515,23.9374,16.4639923800282,63,63,63,63,61,63,-0.001869,8520,1.66016505209534,24,-86,0.001869,51,2024-01-08 19:37:05.002092,208,1.037,0.0011,"aoml_navis",1026.4199429272
"7901009",22,-0.00337737503444206,1,0.016821,1,-0.005607,1,148.184323763672,1,4.87108703974105,210,1,22.6490001678467,37.0069999694824,0.0168210007250309,0.00373800005763769,142.896194458008,-85.515,23.9374,16.4639923800282,63,63,63,63,61,63,-0.005607,8520,1.66016505209534,24,-86,0.001869,51,2024-01-08 19:37:05.002092,210,1.037,0.0011,"aoml_navis",1026.46492645424
"7901009",22,-0.00225158335629471,1,0.01869,1,-0.003738,1,148.280039920687,1,4.87091496568326,212,1,22.5380001068115,37.0009994506836,0.0186899993568659,0.00560700008645654,142.988494873047,-85.515,23.9374,16.4639923800282,63,63,63,63,61,63,-0.003738,8520,1.66016505209534,24,-86,0.001869,51,2024-01-08 19:37:05.002092,212,1.037,0.0011,"aoml_navis",1026.50118822155
"7901009",22,-0.00112579167814735,1,0.020559,1,-0.001869,1,148.059365838072,1,4.87082305762619,214,1,22.4930000305176,36.9980010986328,0.020558999851346,0.00747600011527538,142.775695800781,-85.515,23.9374,16.4639923800282,63,63,63,63,61,63,-0.001869,8520,1.66016505209534,24,-86,0.001869,51,2024-01-08 19:37:05.002092,214,1.037,0.0011,"aoml_navis",1026.52055737717
"7901009",22,-0.00450316671258942,1,0.014952,1,-0.007476,1,148.062799530595,1,4.87067215662077,216,1,22.3969993591309,36.992000579834,0.0149520002305508,0.00186900002881885,142.779006958008,-85.515,23.9374,16.4639923800282,63,63,63,63,61,63,-0.007476,8520,1.66016505209534,24,-86,0.001869,51,2024-01-08 19:37:05.002092,216,1.037,0.0011,"aoml_navis",1026.55236058199
"7901009",22,-0.00225158335629471,1,0.01869,1,-0.003738,1,147.834656771155,1,4.87060423779478,218,1,22.3719997406006,36.9900016784668,0.0186899993568659,0.00560700008645654,142.559005737305,-85.515,23.9374,16.4639923800282,63,63,63,63,61,63,-0.003738,8520,1.66016505209534,24,-86,0.001869,51,2024-01-08 19:37:05.002092,218,1.037,0.0011,"aoml_navis",1026.56667548579
"7901009",22,-0.00450316671258942,1,0.014952,1,-0.007476,1,147.291880177016,1,4.87052851501359,220,1,22.3360004425049,36.9860000610352,0.0149520002305508,0.00186900002881885,142.035598754883,-85.515,23.9374,16.4639923800282,63,63,63,63,61,63,-0.007476,8520,1.66016505209534,24,-86,0.001869,51,2024-01-08 19:37:05.002092,220,1.037,0.0011,"aoml_navis",1026.58263566003
"7901009",22,-0.00225158335629471,1,0.01869,1,-0.003738,1,146.987104362786,1,4.87031581030105,222,1,22.1809997558594,36.9749984741211,0.0186899993568659,0.00560700008645654,141.74169921875,-85.515,23.9374,16.4639923800282,63,63,63,63,61,63,-0.003738,8520,1.66016505209534,24,-86,0.001869,51,2024-01-08 19:37:05.002092,222,1.037,0.0011,"aoml_navis",1026.62747032229
"7901009",22,-0.00337737503444206,1,0.016821,1,-0.005607,1,146.858617803857,1,4.87009991326222,224,1,22.0149993896484,36.9609985351562,0.0168210007250309,0.00373800005763769,141.617797851562,-85.515,23.9374,16.4639923800282,63,63,63,63,61,63,-0.005607,8520,1.66016505209534,24,-86,0.001869,51,2024-01-08 19:37:05.002092,224,1.037,0.0011,"aoml_navis",1026.6729818795
"7901009",22,-0.00225158335629471,1,0.01869,1,-0.003738,1,146.985965073101,1,4.86990212936933,226,1,21.867000579834,36.9490013122559,0.0186899993568659,0.00560700008645654,141.740600585938,-85.515,23.9374,16.4639923800282,63,63,63,63,61,63,-0.003738,8520,1.66016505209534,24,-86,0.001869,51,2024-01-08 19:37:05.002092,226,1.037,0.0011,"aoml_navis",1026.71467868853
"7901009",22,-0.00112579167814735,1,0.020559,1,-0.001869,1,147.078991240583,1,4.86977278999278,228,1,21.7800006866455,36.9410018920898,0.020558999851346,0.00747600011527538,141.830307006836,-85.515,23.9374,16.4639923800282,63,63,63,63,61,63,-0.001869,8520,1.66016505209534,24,-86,0.001869,51,2024-01-08 19:37:05.002092,228,1.037,0.0011,"aoml_navis",1026.74194785326
"7901009",22,-0.00450316671258942,1,0.014952,1,-0.007476,1,146.88713169292,1,4.86966875872663,230,1,21.7169990539551,36.935001373291,0.0149520002305508,0.00186900002881885,141.645294189453,-85.515,23.9374,16.4639923800282,63,63,63,63,61,63,-0.007476,8520,1.66016505209534,24,-86,0.001869,51,2024-01-08 19:37:05.002092,230,1.037,0.0011,"aoml_navis",1026.76388225376
"7901009",22,-0.00337737503444206,1,0.016821,1,-0.005607,1,147.205183396674,1,4.86940207670812,232,1,21.5,36.9169998168945,0.0168210007250309,0.00373800005763769,141.951995849609,-85.515,23.9374,16.4639923800282,63,63,63,63,61,63,-0.005607,8520,1.66016505209534,24,-86,0.001869,51,2024-01-08 19:37:05.002092,232,1.037,0.0011,"aoml_navis",1026.82011492059
"7901009",22,-0.00450316671258942,1,0.014952,1,-0.007476,1,146.990427291035,1,4.86930364447203,234,1,21.4379997253418,36.9099998474121,0.0149520002305508,0.00186900002881885,141.744903564453,-85.515,23.9374,16.4639923800282,63,63,63,63,61,63,-0.007476,8520,1.66016505209534,24,-86,0.001869,51,2024-01-08 19:37:05.002092,234,1.037,0.0011,"aoml_navis",1026.84087193378
"7901009",22,-0.00337737503444206,1,0.016821,1,-0.005607,1,146.965125565945,1,4.86915596977003,236,1,21.3279991149902,36.898998260498,0.0168210007250309,0.00373800005763769,141.720504760742,-85.515,23.9374,16.4639923800282,63,63,63,63,61,63,-0.005607,8520,1.66016505209534,24,-86,0.001869,51,2024-01-08 19:37:05.002092,236,1.037,0.0011,"aoml_navis",1026.8720145837
"7901009",22,-0.00450316671258942,1,0.014952,1,-0.007476,1,146.764879580322,1,4.86903295862491,238,1,21.2390003204346,36.8889999389648,0.0149520002305508,0.00186900002881885,141.527404785156,-85.515,23.9374,16.4639923800282,63,63,63,63,61,63,-0.007476,8520,1.66016505209534,24,-86,0.001869,51,2024-01-08 19:37:05.002092,238,1.037,0.0011,"aoml_navis",1026.89795745644
"7901009",22,-0.00337737503444206,1,0.016821,1,-0.005607,1,146.613575580755,1,4.86885564766749,240,1,21.0949993133545,36.8740005493164,0.0168210007250309,0.00373800005763769,141.381500244141,-85.515,23.9374,16.4639923800282,63,63,63,63,61,63,-0.005607,8520,1.66016505209534,24,-86,0.001869,51,2024-01-08 19:37:05.002092,240,1.037,0.0011,"aoml_navis",1026.93535438771
"7901009",22,-0.00337737503444206,1,0.016821,1,-0.005607,1,146.736144162709,1,4.86862398220973,242,1,20.886999130249,36.851001739502,0.0168210007250309,0.00373800005763769,141.499694824219,-85.515,23.9374,16.4639923800282,63,63,63,63,61,63,-0.005607,8520,1.66016505209534,24,-86,0.001869,51,2024-01-08 19:37:05.002092,242,1.037,0.0011,"aoml_navis",1026.98421941607
"7901009",22,-0.00225158335629471,1,0.01869,1,-0.003738,1,146.860073562899,1,4.8684989202212,244,1,20.7870006561279,36.8380012512207,0.0186899993568659,0.00560700008645654,141.619201660156,-85.515,23.9374,16.4639923800282,63,63,63,63,61,63,-0.003738,8520,1.66016505209534,24,-86,0.001869,51,2024-01-08 19:37:05.002092,244,1.037,0.0011,"aoml_navis",1027.01060058422
"7901009",22,-0.00225158335629471,1,0.01869,1,-0.003738,1,146.753059449839,1,4.86843636580474,246,1,20.7649993896484,36.8359985351562,0.0186899993568659,0.00560700008645654,141.516006469727,-85.515,23.9374,16.4639923800282,63,63,63,63,61,63,-0.003738,8520,1.66016505209534,24,-86,0.001869,51,2024-01-08 19:37:05.002092,246,1.037,0.0011,"aoml_navis",1027.02379661761
"7901009",22,-0.00225158335629471,1,0.01869,1,-0.003738,1,146.573447266291,1,4.8683826469656,248,1,20.7469997406006,36.8330001831055,0.0186899993568659,0.00560700008645654,141.342803955078,-85.515,23.9374,16.4639923800282,63,63,63,63,61,63,-0.003738,8520,1.66016505209534,24,-86,0.001869,51,2024-01-08 19:37:05.002092,248,1.037,0.0011,"aoml_navis",1027.03512903129
"7901009",22,-0.00112579167814735,1,0.020559,1,-0.001869,1,146.536420351525,1,4.86828597221395,250,1,20.6849994659424,36.826000213623,0.020558999851346,0.00747600011527538,141.307098388672,-85.515,23.9374,16.4639923800282,63,63,63,63,61,63,-0.001869,8520,1.66016505209534,24,-86,0.001869,51,2024-01-08 19:37:05.002092,250,1.037,0.0011,"aoml_navis",1027.05552396425
"7901009",22,-0.00337737503444206,1,0.016821,1,-0.005607,1,146.686585061408,1,4.86818074434272,252,1,20.6079998016357,36.8160018920898,0.0168210007250309,0.00373800005763769,141.451904296875,-85.515,23.9374,16.4639923800282,63,63,63,63,61,63,-0.005607,8520,1.66016505209534,24,-86,0.001869,51,2024-01-08 19:37:05.002092,252,1.037,0.0011,"aoml_navis",1027.07772422182
"7901009",22,-0.00337737503444206,1,0.016821,1,-0.005607,1,146.634209382829,1,4.86811066272432,254,1,20.5690002441406,36.810001373291,0.0168210007250309,0.00373800005763769,141.401397705078,-85.515,23.9374,16.4639923800282,63,63,63,63,61,63,-0.005607,8520,1.66016505209534,24,-86,0.001869,51,2024-01-08 19:37:05.002092,254,1.037,0.0011,"aoml_navis",1027.09251009546
"7901009",22,-0.00337737503444206,1,0.016821,1,-0.005607,1,146.626123590759,1,4.86797829082358,256,1,20.4680004119873,36.798999786377,0.0168210007250309,0.00373800005763769,141.393600463867,-85.515,23.9374,16.4639923800282,63,63,63,63,61,63,-0.005607,8520,1.66016505209534,24,-86,0.001869,51,2024-01-08 19:37:05.002092,256,1.037,0.0011,"aoml_navis",1027.12043918217
"7901009",22,-0.00450316671258942,1,0.014952,1,-0.007476,1,146.534663946594,1,4.86786154170538,258,1,20.3759994506836,36.7869987487793,0.0149520002305508,0.00186900002881885,141.305404663086,-85.515,23.9374,16.4639923800282,63,63,63,63,61,63,-0.007476,8520,1.66016505209534,24,-86,0.001869,51,2024-01-08 19:37:05.002092,258,1.037,0.0011,"aoml_navis",1027.14507328578
"7901009",22,-0.00112579167814735,1,0.020559,1,-0.001869,1,146.463410870872,1,4.86777966097003,260,1,20.32200050354,36.7789993286133,0.020558999851346,0.00747600011527538,141.236694335938,-85.515,23.9374,16.4639923800282,63,63,63,63,61,63,-0.001869,8520,1.66016505209534,24,-86,0.001869,51,2024-01-08 19:37:05.002092,260,1.037,0.0011,"aoml_navis",1027.16235085374
"7901009",22,-0.00450316671258942,1,0.014952,1,-0.007476,1,146.669369128388,1,4.86764799538288,262,1,20.2180004119873,36.7669982910156,0.0149520002305508,0.00186900002881885,141.435302734375,-85.515,23.9374,16.4639923800282,63,63,63,63,61,63,-0.007476,8520,1.66016505209534,24,-86,0.001869,51,2024-01-08 19:37:05.002092,262,1.037,0.0011,"aoml_navis",1027.19013468983
"7901009",22,-0.00675475006888412,1,0.011214,1,-0.011214,1,147.195024730316,1,4.8675808026003,264,1,20.17799949646,36.7599983215332,0.0112140001729131,-0.00186900002881885,141.942199707031,-85.515,23.9374,16.4639923800282,63,63,63,63,61,63,-0.011214,8520,1.66016505209534,24,-86,0.001869,51,2024-01-08 19:37:05.002092,264,1.037,0.0011,"aoml_navis",1027.20431416957
"7901009",22,-0.00225158335629471,1,0.01869,1,-0.003738,1,148.423052423102,1,4.86749978723362,266,1,20.1299991607666,36.7540016174316,0.0186899993568659,0.00560700008645654,143.126403808594,-85.515,23.9374,16.4639923800282,63,63,63,63,61,63,-0.003738,8520,1.66016505209534,24,-86,0.001869,51,2024-01-08 19:37:05.002092,266,1.037,0.0011,"aoml_navis",1027.22141110594
"7901009",22,-0.00225158335629471,1,0.01869,1,-0.003738,1,149.689341261146,1,4.86730542788839,268,1,19.9650001525879,36.7379989624023,0.0186899993568659,0.00560700008645654,144.347503662109,-85.515,23.9374,16.4639923800282,63,63,63,63,61,63,-0.003738,8520,1.66016505209534,24,-86,0.001869,51,2024-01-08 19:37:05.002092,268,1.037,0.0011,"aoml_navis",1027.26242971138
"7901009",22,-0.00225158335629471,1,0.01869,1,-0.003738,1,150.677706709899,1,4.86711025809455,270,1,19.7900009155273,36.7190017700195,0.0186899993568659,0.00560700008645654,145.300598144531,-85.515,23.9374,16.4639923800282,63,63,63,63,61,63,-0.003738,8520,1.66016505209534,24,-86,0.001869,51,2024-01-08 19:37:05.002092,270,1.037,0.0011,"aoml_navis",1027.30362265462
"7901009",22,-0.00337737503444206,1,0.016821,1,-0.005607,1,150.732455908655,1,4.86703756498574,272,1,19.7479991912842,36.7130012512207,0.0168210007250309,0.00373800005763769,145.353393554688,-85.515,23.9374,16.4639923800282,63,63,63,63,61,63,-0.005607,8520,1.66016505209534,24,-86,0.001869,51,2024-01-08 19:37:05.002092,272,1.037,0.0011,"aoml_navis",1027.318966258
"7901009",22,0,1,0.013083,1,-0.009345,1,151.116159180513,1,4.86695426949171,274,1,19.6889991760254,36.7039985656738,0.0130829997360706,0,145.723403930664,-85.515,23.9374,16.4639923800282,63,63,63,63,61,63,0,8520,1.66016505209534,24,-86,0.001869,51,2024-01-08 19:37:05.002092,274,1.037,0.0011,"aoml_navis",1027.33654830954
"7901009",22,0,1,0.013083,1,-0.009345,1,151.833136332196,1,4.86687018825134,276,1,19.6350002288818,36.6969985961914,0.0130829997360706,0,146.414794921875,-85.515,23.9374,16.4639923800282,63,63,63,63,61,63,0,8520,1.66016505209534,24,-86,0.001869,51,2024-01-08 19:37:05.002092,276,1.037,0.0011,"aoml_navis",1027.35429682715
"7901009",22,0,1,0.013083,1,-0.009345,1,152.10110676021,1,4.86674160116569,278,1,19.5370006561279,36.6870002746582,0.0130829997360706,0,146.673202514648,-85.515,23.9374,16.4639923800282,63,63,63,63,61,63,0,8520,1.66016505209534,24,-86,0.001869,51,2024-01-08 19:37:05.002092,278,1.037,0.0011,"aoml_navis",1027.38144116844
"7901009",22,0,1,0.014952,1,-0.007476,1,152.174116240863,1,4.86665373934356,280,1,19.4740009307861,36.6780014038086,0.0149520002305508,0,146.743606567383,-85.515,23.9374,16.4639923800282,63,63,63,63,61,63,0,8520,1.66016505209534,24,-86,0.001869,51,2024-01-08 19:37:05.002092,280,1.037,0.0011,"aoml_navis",1027.39998935581
"7901009",22,0,1,0.014952,1,-0.007476,1,152.071342817187,1,4.86656338138729,282,1,19.4060001373291,36.6679992675781,0.0149520002305508,0,146.644500732422,-85.515,23.9374,16.4639923800282,63,63,63,63,61,63,0,8520,1.66016505209534,24,-86,0.001869,51,2024-01-08 19:37:05.002092,282,1.037,0.0011,"aoml_navis",1027.41906519148
"7901009",22,0,1,0.01869,1,-0.003738,1,151.471744150004,1,4.86648710105674,284,1,19.3519992828369,36.6590003967285,0.0186899993568659,0,146.066299438477,-85.515,23.9374,16.4639923800282,63,63,63,63,61,63,0,8520,1.66016505209534,24,-86,0.001869,51,2024-01-08 19:37:05.002092,284,1.037,0.0011,"aoml_navis",1027.43516959374
"7901009",22,0,1,0.016821,1,-0.005607,1,151.301357048212,1,4.86634733917763,286,1,19.2210006713867,36.640998840332,0.0168210007250309,0,145.901992797852,-85.515,23.9374,16.4639923800282,63,63,63,63,61,63,0,8520,1.66016505209534,24,-86,0.001869,51,2024-01-08 19:37:05.002092,286,1.037,0.0011,"aoml_navis",1027.46467761279
"7901009",22,0,1,0.020559,1,-0.001869,1,151.58643264497,1,4.86620937052706,288,1,19.0879993438721,36.6220016479492,0.020558999851346,0,146.176895141602,-85.515,23.9374,16.4639923800282,63,63,63,63,61,63,0,8520,1.66016505209534,24,-86,0.001869,51,2024-01-08 19:37:05.002092,288,1.037,0.0011,"aoml_navis",1027.4938086888
"7901009",22,0,1,0.016821,1,-0.005607,1,151.69314611214,1,4.86614275339734,290,1,19.0499992370605,36.6160011291504,0.0168210007250309,0,146.279800415039,-85.515,23.9374,16.4639923800282,63,63,63,63,61,63,0,8520,1.66016505209534,24,-86,0.001869,51,2024-01-08 19:37:05.002092,290,1.037,0.0011,"aoml_navis",1027.50787500206
"7901009",22,0,1,0.014952,1,-0.007476,1,151.700915434854,1,4.86607856485544,292,1,19.0109996795654,36.609001159668,0.0149520002305508,0,146.287292480469,-85.515,23.9374,16.4639923800282,63,63,63,63,61,63,0,8520,1.66016505209534,24,-86,0.001869,51,2024-01-08 19:37:05.002092,292,1.037,0.0011,"aoml_navis",1027.52142887947
"7901009",22,0,1,0.020559,1,-0.001869,1,151.638808323549,1,4.8659970200224,294,1,18.9549999237061,36.601001739502,0.020558999851346,0,146.227401733398,-85.515,23.9374,16.4639923800282,63,63,63,63,61,63,0,8520,1.66016505209534,24,-86,0.001869,51,2024-01-08 19:37:05.002092,294,1.037,0.0011,"aoml_navis",1027.53864817965
"7901009",22,0,1,0.016821,1,-0.005607,1,151.759098326133,1,4.86590177060821,296,1,18.878999710083,36.5900001525879,0.0168210007250309,0,146.343399047852,-85.515,23.9374,16.4639923800282,63,63,63,63,61,63,0,8520,1.66016505209534,24,-86,0.001869,51,2024-01-08 19:37:05.002092,296,1.037,0.0011,"aoml_navis",1027.55876211924
"7901009",22,0,1,0.016821,1,-0.005607,1,151.851190909011,1,4.86581796789355,298,1,18.818000793457,36.5810012817383,0.0168210007250309,0,146.432205200195,-85.515,23.9374,16.4639923800282,63,63,63,63,61,63,0,8520,1.66016505209534,24,-86,0.001869,51,2024-01-08 19:37:05.002092,298,1.037,0.0011,"aoml_navis",1027.57645949598
"7901009",22,0,1,0.014952,1,-0.007476,1,151.828784878538,1,4.86570443503776,300,1,18.7150001525879,36.5660018920898,0.0149520002305508,0,146.410598754883,-85.515,23.9374,16.4639923800282,63,63,63,63,61,63,0,8520,1.66016505209534,24,-86,0.001869,51,2024-01-08 19:37:05.002092,300,1.037,0.0011,"aoml_navis",1027.60043622773
"7901009",22,0,1,0.014952,1,-0.007476,1,151.683288091671,1,4.86561356958539,302,1,18.6420001983643,36.5550003051758,0.0149520002305508,0,146.270294189453,-85.515,23.9374,16.4639923800282,63,63,63,63,61,63,0,8520,1.66016505209534,24,-86,0.001869,51,2024-01-08 19:37:05.002092,302,1.037,0.0011,"aoml_navis",1027.619626691
"7901009",22,0,1,0.014952,1,-0.007476,1,151.353210552351,1,4.86555126021934,304,1,18.6070003509521,36.548999786377,0.0149520002305508,0,145.951995849609,-85.515,23.9374,16.4639923800282,63,63,63,63,61,63,0,8520,1.66016505209534,24,-86,0.001869,51,2024-01-08 19:37:05.002092,304,1.037,0.0011,"aoml_navis",1027.63278662377
"7901009",22,0,1,0.01869,1,-0.003738,1,151.18325068419,1,4.8654496338054,306,1,18.5189990997314,36.5359992980957,0.0186899993568659,0,145.788101196289,-85.515,23.9374,16.4639923800282,63,63,63,63,61,63,0,8520,1.66016505209534,24,-86,0.001869,51,2024-01-08 19:37:05.002092,306,1.037,0.0011,"aoml_navis",1027.65425116309
"7901009",22,0,1,0.013083,1,-0.009345,1,151.237588472782,1,4.86537154838698,308,1,18.4619998931885,36.5270004272461,0.0130829997360706,0,145.84049987793,-85.515,23.9374,16.4639923800282,63,63,63,63,61,63,0,8520,1.66016505209534,24,-86,0.001869,51,2024-01-08 19:37:05.002092,308,1.037,0.0011,"aoml_navis",1027.67074421226
"7901009",22,0,1,0.016821,1,-0.005607,1,151.228569096108,1,4.8653022134462,310,1,18.423999786377,36.5219993591309,0.0168210007250309,0,145.831802368164,-85.515,23.9374,16.4639923800282,63,63,63,63,61,63,0,8520,1.66016505209534,24,-86,0.001869,51,2024-01-08 19:37:05.002092,310,1.037,0.0011,"aoml_navis",1027.68538944642
"7901009",22,0,1,0.011214,1,-0.011214,1,151.141350141328,1,4.86525483872664,312,1,18.4099998474121,36.5190010070801,0.0112140001729131,0,145.747695922852,-85.515,23.9374,16.4639923800282,63,63,63,63,61,63,0,8520,1.66016505209534,24,-86,0.001869,51,2024-01-08 19:37:05.002092,312,1.037,0.0011,"aoml_navis",1027.69539638516
"7901009",22,0,1,0.014952,1,-0.007476,1,150.899630846474,1,4.86521115878055,314,1,18.4020004272461,36.5169982910156,0.0149520002305508,0,145.514602661133,-85.515,23.9374,16.4639923800282,63,63,63,63,61,63,0,8520,1.66016505209534,24,-86,0.001869,51,2024-01-08 19:37:05.002092,314,1.037,0.0011,"aoml_navis",1027.70462305139
"7901009",22,0,1,0.014952,1,-0.007476,1,150.681757517668,1,4.86515645510429,316,1,18.3759994506836,36.5120010375977,0.0149520002305508,0,145.304504394531,-85.515,23.9374,16.4639923800282,63,63,63,63,61,63,0,8520,1.66016505209534,24,-86,0.001869,51,2024-01-08 19:37:05.002092,316,1.037,0.0011,"aoml_navis",1027.71617853199
"7901009",22,0,1,0.013083,1,-0.009345,1,150.466368473314,1,4.86507382109942,318,1,18.3120002746582,36.5019989013672,0.0130829997360706,0,145.096801757812,-85.515,23.9374,16.4639923800282,63,63,63,63,61,63,0,8520,1.66016505209534,24,-86,0.001869,51,2024-01-08 19:37:05.002092,318,1.037,0.0011,"aoml_navis",1027.73363444464
"7901009",22,0,1,0.020559,1,-0.001869,1,150.29805424581,1,4.864967152763,320,1,18.2189998626709,36.4889984130859,0.020558999851346,0,144.934494018555,-85.515,23.9374,16.4639923800282,63,63,63,63,61,63,0,8520,1.66016505209534,24,-86,0.001869,51,2024-01-08 19:37:05.002092,320,1.037,0.0011,"aoml_navis",1027.75616833514
"7901009",22,0,1,0.01869,1,-0.003738,1,150.129439372416,1,4.86490056884443,322,1,18.173999786377,36.4809989929199,0.0186899993568659,0,144.771896362305,-85.515,23.9374,16.4639923800282,63,63,63,63,61,63,0,8520,1.66016505209534,24,-86,0.001869,51,2024-01-08 19:37:05.002092,322,1.037,0.0011,"aoml_navis",1027.77023481647
"7901009",22,0,1,0.016821,1,-0.005607,1,149.77624374657,1,4.86483526207363,324,1,18.132999420166,36.4739990234375,0.0168210007250309,0,144.431304931641,-85.515,23.9374,16.4639923800282,63,63,63,63,61,63,0,8520,1.66016505209534,24,-86,0.001869,51,2024-01-08 19:37:05.002092,324,1.037,0.0011,"aoml_navis",1027.78403186231
"7901009",22,0,1,0.016821,1,-0.005607,1,149.702189917039,1,4.86472567653721,326,1,18.0310001373291,36.4589996337891,0.0168210007250309,0,144.359893798828,-85.515,23.9374,16.4639923800282,63,63,63,63,61,63,0,8520,1.66016505209534,24,-86,0.001869,51,2024-01-08 19:37:05.002092,326,1.037,0.0011,"aoml_navis",1027.80718430131
"7901009",22,0,1,0.013083,1,-0.009345,1,149.649624356846,1,4.86465817536019,328,1,17.9909992218018,36.4529991149902,0.0130829997360706,0,144.309204101562,-85.515,23.9374,16.4639923800282,63,63,63,63,61,63,0,8520,1.66016505209534,24,-86,0.001869,51,2024-01-08 19:37:05.002092,328,1.037,0.0011,"aoml_navis",1027.82144598059
"7901009",22,0,1,0.014952,1,-0.007476,1,149.557326068886,1,4.864606195335,330,1,17.9759998321533,36.451000213623,0.0149520002305508,0,144.220199584961,-85.515,23.9374,16.4639923800282,63,63,63,63,61,63,0,8520,1.66016505209534,24,-86,0.001869,51,2024-01-08 19:37:05.002092,330,1.037,0.0011,"aoml_navis",1027.83242861361
"7901009",22,0,1,0.014952,1,-0.007476,1,149.519587098067,1,4.86455428566711,332,1,17.9549999237061,36.4469985961914,0.0149520002305508,0,144.183807373047,-85.515,23.9374,16.4639923800282,63,63,63,63,61,63,0,8520,1.66016505209534,24,-86,0.001869,51,2024-01-08 19:37:05.002092,332,1.037,0.0011,"aoml_navis",1027.84339661538
"7901009",22,0,1,0.013083,1,-0.009345,1,149.388189021053,1,4.86450830917039,334,1,17.9449996948242,36.4449996948242,0.0130829997360706,0,144.057098388672,-85.515,23.9374,16.4639923800282,63,63,63,63,61,63,0,8520,1.66016505209534,24,-86,0.001869,51,2024-01-08 19:37:05.002092,334,1.037,0.0011,"aoml_navis",1027.85311119198
"7901009",22,0,1,0.014952,1,-0.007476,1,149.348472116753,1,4.8644444469722,336,1,17.9139995574951,36.4410018920898,0.0149520002305508,0,144.018798828125,-85.515,23.9374,16.4639923800282,63,63,63,63,61,63,0,8520,1.66016505209534,24,-86,0.001869,51,2024-01-08 19:37:05.002092,336,1.037,0.0011,"aoml_navis",1027.86660522193
"7901009",22,0,1,0.020559,1,-0.001869,1,149.277535510389,1,4.86438660950159,338,1,17.8880004882812,36.4370002746582,0.020558999851346,0,143.950393676758,-85.515,23.9374,16.4639923800282,63,63,63,63,61,63,0,8520,1.66016505209534,24,-86,0.001869,51,2024-01-08 19:37:05.002092,338,1.037,0.0011,"aoml_navis",1027.87882653766
"7901009",22,0,1,0.016821,1,-0.005607,1,149.2241313064,1,4.86433950945336,340,1,17.8740005493164,36.4339981079102,0.0168210007250309,0,143.898895263672,-85.515,23.9374,16.4639923800282,63,63,63,63,61,63,0,8520,1.66016505209534,24,-86,0.001869,51,2024-01-08 19:37:05.002092,340,1.037,0.0011,"aoml_navis",1027.88877920281
"7901009",22,0,1,0.014952,1,-0.007476,1,149.346193537383,1,4.8642864317532,342,1,17.8549995422363,36.4309997558594,0.0149520002305508,0,144.0166015625,-85.515,23.9374,16.4639923800282,63,63,63,63,61,63,0,8520,1.66016505209534,24,-86,0.001869,51,2024-01-08 19:37:05.002092,342,1.037,0.0011,"aoml_navis",1027.89999523073
"7901009",22,0,1,0.01869,1,-0.003738,1,149.326699024994,1,4.86421326672126,344,1,17.806999206543,36.423999786377,0.0186899993568659,0,143.997802734375,-85.515,23.9374,16.4639923800282,63,63,63,63,61,63,0,8520,1.66016505209534,24,-86,0.001869,51,2024-01-08 19:37:05.002092,344,1.037,0.0011,"aoml_navis",1027.91545638176
"7901009",22,0,1,0.016821,1,-0.005607,1,148.881822226433,1,4.86414728522122,346,1,17.7679996490479,36.4179992675781,0.0168210007250309,0,143.568801879883,-85.515,23.9374,16.4639923800282,63,63,63,63,61,63,0,8520,1.66016505209534,24,-86,0.001869,51,2024-01-08 19:37:05.002092,346,1.037,0.0011,"aoml_navis",1027.9293999159
"7901009",22,0,1,0.01869,1,-0.003738,1,148.120143778078,1,4.86409194978835,348,1,17.7439994812012,36.4140014648438,0.0186899993568659,0,142.83430480957,-85.515,23.9374,16.4639923800282,63,63,63,63,61,63,0,8520,1.66016505209534,24,-86,0.001869,51,2024-01-08 19:37:05.002092,348,1.037,0.0011,"aoml_navis",1027.94109396258
"7901009",22,0,1,0.01869,1,-0.003738,1,147.719541042558,1,4.86402730025198,350,1,17.7029991149902,36.4070014953613,0.0186899993568659,0,142.447998046875,-85.515,23.9374,16.4639923800282,63,63,63,63,61,63,0,8520,1.66016505209534,24,-86,0.001869,51,2024-01-08 19:37:05.002092,350,1.037,0.0011,"aoml_navis",1027.95475669739
"7901009",22,0,1,0.016821,1,-0.005607,1,147.681074192218,1,4.86396610145518,352,1,17.673999786377,36.4029998779297,0.0168210007250309,0,142.410903930664,-85.515,23.9374,16.4639923800282,63,63,63,63,61,63,0,8520,1.66016505209534,24,-86,0.001869,51,2024-01-08 19:37:05.002092,352,1.037,0.0011,"aoml_navis",1027.96769050346
"7901009",22,0,1,0.016821,1,-0.005607,1,147.698290125237,1,4.86391784854728,354,1,17.6620006561279,36.4010009765625,0.0168210007250309,0,142.427505493164,-85.515,23.9374,16.4639923800282,63,63,63,63,61,63,0,8520,1.66016505209534,24,-86,0.001869,51,2024-01-08 19:37:05.002092,354,1.037,0.0011,"aoml_navis",1027.97788854377
"7901009",22,0,1,0.016821,1,-0.005607,1,147.881415118648,1,4.86387673062658,356,1,17.6560001373291,36.398998260498,0.0168210007250309,0,142.604095458984,-85.515,23.9374,16.4639923800282,63,63,63,63,61,63,0,8520,1.66016505209534,24,-86,0.001869,51,2024-01-08 19:37:05.002092,356,1.037,0.0011,"aoml_navis",1027.98657879553
"7901009",22,0,1,0.016821,1,-0.005607,1,148.277967046399,1,4.86382848402319,358,1,17.6439990997314,36.3969993591309,0.0168210007250309,0,142.98649597168,-85.515,23.9374,16.4639923800282,63,63,63,63,61,63,0,8520,1.66016505209534,24,-86,0.001869,51,2024-01-08 19:37:05.002092,358,1.037,0.0011,"aoml_navis",1027.99677587812
"7901009",22,0,1,0.016821,1,-0.005607,1,148.253187495748,1,4.86375812705657,360,1,17.5949993133545,36.3889999389648,0.0168210007250309,0,142.962600708008,-85.515,23.9374,16.4639923800282,63,63,63,63,61,63,0,8520,1.66016505209534,24,-86,0.001869,51,2024-01-08 19:37:05.002092,360,1.037,0.0011,"aoml_navis",1028.01164642327
"7901009",22,0,1,0.016821,1,-0.005607,1,148.043194253931,1,4.86366792225213,362,1,17.5230007171631,36.3790016174316,0.0168210007250309,0,142.760101318359,-85.515,23.9374,16.4639923800282,63,63,63,63,61,63,0,8520,1.66016505209534,24,-86,0.001869,51,2024-01-08 19:37:05.002092,362,1.037,0.0011,"aoml_navis",1028.03071260769
"7901009",22,0,1,0.014952,1,-0.007476,1,147.839008224814,1,4.86361060844017,364,1,17.4909992218018,36.3730010986328,0.0149520002305508,0,142.563201904297,-85.515,23.9374,16.4639923800282,63,63,63,63,61,63,0,8520,1.66016505209534,24,-86,0.001869,51,2024-01-08 19:37:05.002092,364,1.037,0.0011,"aoml_navis",1028.04282713817
"7901009",22,0,1,0.014952,1,-0.007476,1,147.506335636767,1,4.86356707035296,366,1,17.4860000610352,36.3720016479492,0.0149520002305508,0,142.242401123047,-85.515,23.9374,16.4639923800282,63,63,63,63,61,63,0,8520,1.66016505209534,24,-86,0.001869,51,2024-01-08 19:37:05.002092,366,1.037,0.0011,"aoml_navis",1028.05203005808
"7901009",22,0,1,0.01869,1,-0.003738,1,146.838094766057,1,4.86352488513975,368,1,17.4759998321533,36.3689994812012,0.0186899993568659,0,141.598007202148,-85.515,23.9374,16.4639923800282,63,63,63,63,61,63,0,8520,1.66016505209534,24,-86,0.001869,51,2024-01-08 19:37:05.002092,368,1.037,0.0011,"aoml_navis",1028.06094716966
"7901009",22,0,1,0.01869,1,-0.003738,1,145.850647078439,1,4.86346064107594,370,1,17.4349994659424,36.3619995117188,0.0186899993568659,0,140.645797729492,-85.515,23.9374,16.4639923800282,63,63,63,63,61,63,0,8520,1.66016505209534,24,-86,0.001869,51,2024-01-08 19:37:05.002092,370,1.037,0.0011,"aoml_navis",1028.07452737889
"7901009",22,0,1,0.013083,1,-0.009345,1,145.073936335628,1,4.86338879131286,372,1,17.3689994812012,36.3489990234375,0.0130829997360706,0,139.89680480957,-85.515,23.9374,16.4639923800282,63,63,63,63,61,63,0,8520,1.66016505209534,24,-86,0.001869,51,2024-01-08 19:37:05.002092,372,1.037,0.0011,"aoml_navis",1028.08971574125
"7901009",22,0,1,0.01869,1,-0.003738,1,144.527631108159,1,4.86329472605775,374,1,17.2870006561279,36.3370018005371,0.0186899993568659,0,139.369995117188,-85.515,23.9374,16.4639923800282,63,63,63,63,61,63,0,8520,1.66016505209534,24,-86,0.001869,51,2024-01-08 19:37:05.002092,374,1.037,0.0011,"aoml_navis",1028.10960092749
"7901009",22,0,1,0.013083,1,-0.009345,1,144.306229146022,1,4.86321719411287,376,1,17.2220001220703,36.326000213623,0.0130829997360706,0,139.156494140625,-85.515,23.9374,16.4639923800282,63,63,63,63,61,63,0,8520,1.66016505209534,24,-86,0.001869,51,2024-01-08 19:37:05.002092,376,1.037,0.0011,"aoml_navis",1028.12599158695
"7901009",22,0,1,0.016821,1,-0.005607,1,143.834294217441,1,4.86316246500369,378,1,17.1949996948242,36.3209991455078,0.0168210007250309,0,138.701400756836,-85.515,23.9374,16.4639923800282,63,63,63,63,61,63,0,8520,1.66016505209534,24,-86,0.001869,51,2024-01-08 19:37:05.002092,378,1.037,0.0011,"aoml_navis",1028.13756192211
"7901009",22,0,1,0.01869,1,-0.003738,1,143.290805567248,1,4.86307130438092,380,1,17.1149997711182,36.3089981079102,0.0186899993568659,0,138.177307128906,-85.515,23.9374,16.4639923800282,63,63,63,63,61,63,0,8520,1.66016505209534,24,-86,0.001869,51,2024-01-08 19:37:05.002092,380,1.037,0.0011,"aoml_navis",1028.15683485778
"7901009",22,0,1,0.014952,1,-0.007476,1,143.054466251463,1,4.86298633005562,382,1,17.0370006561279,36.2960014343262,0.0149520002305508,0,137.949401855469,-85.515,23.9374,16.4639923800282,63,63,63,63,61,63,0,8520,1.66016505209534,24,-86,0.001869,51,2024-01-08 19:37:05.002092,382,1.037,0.0011,"aoml_navis",1028.17480055364
"7901009",22,0,1,0.014952,1,-0.007476,1,142.785150828682,1,4.8629455860358,384,1,17.0249996185303,36.2919998168945,0.0149520002305508,0,137.689697265625,-85.515,23.9374,16.4639923800282,63,63,63,63,61,63,0,8520,1.66016505209534,24,-86,0.001869,51,2024-01-08 19:37:05.002092,384,1.037,0.0011,"aoml_navis",1028.18341508031
"7901009",22,0,1,0.013083,1,-0.009345,1,142.52466490096,1,4.86288409434034,386,1,16.992000579834,36.2869987487793,0.0130829997360706,0,137.438507080078,-85.515,23.9374,16.4639923800282,63,63,63,63,61,63,0,8520,1.66016505209534,24,-86,0.001869,51,2024-01-08 19:37:05.002092,386,1.037,0.0011,"aoml_navis",1028.19641657082
"7901009",22,0,1,0.020559,1,-0.001869,1,142.333944642982,1,4.86283074127308,388,1,16.9659996032715,36.2820014953613,0.020558999851346,0,137.254592895508,-85.515,23.9374,16.4639923800282,63,63,63,63,61,63,0,8520,1.66016505209534,24,-86,0.001869,51,2024-01-08 19:37:05.002092,388,1.037,0.0011,"aoml_navis",1028.20769753771
"7901009",22,0,1,0.01869,1,-0.003738,1,141.915208213307,1,4.86276020628828,390,1,16.9220008850098,36.2760009765625,0.0186899993568659,0,136.850799560547,-85.515,23.9374,16.4639923800282,63,63,63,63,61,63,0,8520,1.66016505209534,24,-86,0.001869,51,2024-01-08 19:37:05.002092,390,1.037,0.0011,"aoml_navis",1028.22261182738
"7901009",22,0,1,0.014952,1,-0.007476,1,141.445346159014,1,4.8626966793168,392,1,16.8840007781982,36.2700004577637,0.0149520002305508,0,136.397705078125,-85.515,23.9374,16.4639923800282,63,63,63,63,61,63,0,8520,1.66016505209534,24,-86,0.001869,51,2024-01-08 19:37:05.002092,392,1.037,0.0011,"aoml_navis",1028.23604467604
"7901009",22,0,1,0.014952,1,-0.007476,1,141.07036161794,1,4.86264260030362,394,1,16.8509998321533,36.2630004882812,0.0149520002305508,0,136.036102294922,-85.515,23.9374,16.4639923800282,63,63,63,63,61,63,0,8520,1.66016505209534,24,-86,0.001869,51,2024-01-08 19:37:05.002092,394,1.037,0.0011,"aoml_navis",1028.24748001998
"7901009",22,0,1,0.01869,1,-0.003738,1,140.658777395733,1,4.86258247554734,396,1,16.8190002441406,36.257999420166,0.0186899993568659,0,135.639205932617,-85.515,23.9374,16.4639923800282,63,63,63,63,61,63,0,8520,1.66016505209534,24,-86,0.001869,51,2024-01-08 19:37:05.002092,396,1.037,0.0011,"aoml_navis",1028.26019407253
"7901009",22,0,1,0.016821,1,-0.005607,1,140.134466788573,1,4.86252600972646,398,1,16.7870006561279,36.2519989013672,0.0168210007250309,0,135.133605957031,-85.515,23.9374,16.4639923800282,63,63,63,63,61,63,0,8520,1.66016505209534,24,-86,0.001869,51,2024-01-08 19:37:05.002092,398,1.037,0.0011,"aoml_navis",1028.27213468855
"7901009",22,0,1,0.016821,1,-0.005607,1,139.911814772477,1,4.86245380928345,400,1,16.7350006103516,36.2439994812012,0.0168210007250309,0,134.918899536133,-85.515,23.9374,16.4639923800282,63,63,63,63,61,63,0,8520,1.66016505209534,24,-86,0.001869,51,2024-01-08 19:37:05.002092,400,1.037,0.0011,"aoml_navis",1028.28740305028
"7901009",22,0,1,0.014952,1,-0.007476,1,139.511939916477,1,4.86241283507484,402,1,16.7290000915527,36.242000579834,0.0149520002305508,0,134.533294677734,-85.515,23.9374,16.4639923800282,63,63,63,63,61,63,0,8520,1.66016505209534,24,-86,0.001869,51,2024-01-08 19:37:05.002092,402,1.037,0.0011,"aoml_navis",1028.29606814392
"7901009",22,0,1,0.013083,1,-0.009345,1,138.721953284141,1,4.8623576244687,404,1,16.6979999542236,36.2360000610352,0.0130829997360706,0,133.771499633789,-85.515,23.9374,16.4639923800282,63,63,63,63,61,63,0,8520,1.66016505209534,24,-86,0.001869,51,2024-01-08 19:37:05.002092,404,1.037,0.0011,"aoml_navis",1028.30774413602
"7901009",22,0,1,0.01869,1,-0.003738,1,137.914845659593,1,4.86227332469416,406,1,16.6100006103516,36.2200012207031,0.0186899993568659,0,132.993194580078,-85.515,23.9374,16.4639923800282,63,63,63,63,61,63,0,8520,1.66016505209534,24,-86,0.001869,51,2024-01-08 19:37:05.002092,406,1.037,0.0011,"aoml_navis",1028.32557244496
"7901009",22,0,1,0.011214,1,-0.011214,1,137.390535052433,1,4.86216410602636,408,1,16.4839992523193,36.1990013122559,0.0112140001729131,0,132.487594604492,-85.515,23.9374,16.4639923800282,63,63,63,63,61,63,0,8520,1.66016505209534,24,-86,0.001869,51,2024-01-08 19:37:05.002092,408,1.037,0.0011,"aoml_navis",1028.34867169596
"7901009",22,0,1,0.01869,1,-0.003738,1,136.728924214751,1,4.86205148780709,410,1,16.3640003204346,36.1809997558594,0.0186899993568659,0,131.849594116211,-85.515,23.9374,16.4639923800282,63,63,63,63,61,63,0,8520,1.66016505209534,24,-86,0.001869,51,2024-01-08 19:37:05.002092,410,1.037,0.0011,"aoml_navis",1028.37249102336
"7901009",22,0,1,0.01869,1,-0.003738,1,135.772506347584,1,4.86194421563249,412,1,16.2450008392334,36.1619987487793,0.0186899993568659,0,130.927307128906,-85.515,23.9374,16.4639923800282,63,63,63,63,61,63,0,8520,1.66016505209534,24,-86,0.001869,51,2024-01-08 19:37:05.002092,412,1.037,0.0011,"aoml_navis",1028.39518066119
"7901009",22,0,1,0.020559,1,-0.001869,1,135.151023824367,1,4.86183665017474,414,1,16.1219997406006,36.1419982910156,0.020558999851346,0,130.328002929688,-85.515,23.9374,16.4639923800282,63,63,63,63,61,63,0,8520,1.66016505209534,24,-86,0.001869,51,2024-01-08 19:37:05.002092,414,1.037,0.0011,"aoml_navis",1028.41793333807
"7901009",22,0,1,0.01869,1,-0.003738,1,134.247788632639,1,4.86175924714828,416,1,16.0480003356934,36.1290016174316,0.0186899993568659,0,129.457000732422,-85.515,23.9374,16.4639923800282,63,63,63,63,61,63,0,8520,1.66016505209534,24,-86,0.001869,51,2024-01-08 19:37:05.002092,416,1.037,0.0011,"aoml_navis",1028.43430655946
"7901009",22,0,1,0.016821,1,-0.005607,1,133.176349977681,1,4.86168879376215,418,1,15.9799995422363,36.1160011291504,0.0168210007250309,0,128.423797607422,-85.515,23.9374,16.4639923800282,63,63,63,63,61,63,0,8520,1.66016505209534,24,-86,0.001869,51,2024-01-08 19:37:05.002092,418,1.037,0.0011,"aoml_navis",1028.44921016238
"7901009",22,0,1,0.01869,1,-0.003738,1,132.287118554999,1,4.8615689628052,420,1,15.835000038147,36.0929985046387,0.0186899993568659,0,127.566299438477,-85.515,23.9374,16.4639923800282,63,63,63,63,61,63,0,8520,1.66016505209534,24,-86,0.001869,51,2024-01-08 19:37:05.002092,420,1.037,0.0011,"aoml_navis",1028.47456001425
"7901009",22,0,1,0.026166,1,0.003738,1,131.715725219256,1,4.86144557056328,422,1,15.6859998703003,36.0699996948242,0.0261659994721413,0,127.015296936035,-85.515,23.9374,16.4639923800282,63,63,63,63,61,63,0,8520,1.66016505209534,24,-86,0.001869,51,2024-01-08 19:37:05.002092,422,1.037,0.0011,"aoml_navis",1028.50066455041
"7901009",22,0,1,0.014952,1,-0.007476,1,131.049660075375,1,4.86138338851118,424,1,15.6409997940063,36.0620002746582,0.0149520002305508,0,126.373001098633,-85.515,23.9374,16.4639923800282,63,63,63,63,61,63,0,8520,1.66016505209534,24,-86,0.001869,51,2024-01-08 19:37:05.002092,424,1.037,0.0011,"aoml_navis",1028.51382012297
"7901009",22,0,1,0.020559,1,-0.001869,1,130.729638349873,1,4.86130446978326,426,1,15.5609998703003,36.0480003356934,0.020558999851346,0,126.064399719238,-85.515,23.9374,16.4639923800282,63,63,63,63,61,63,0,8520,1.66016505209534,24,-86,0.001869,51,2024-01-08 19:37:05.002092,426,1.037,0.0011,"aoml_navis",1028.53051708216
"7901009",22,0,1,0.020559,1,-0.001869,1,130.550651193305,1,4.86121888920303,428,1,15.4779996871948,36.0349998474121,0.020558999851346,0,125.891799926758,-85.515,23.9374,16.4639923800282,63,63,63,63,61,63,0,8520,1.66016505209534,24,-86,0.001869,51,2024-01-08 19:37:05.002092,428,1.037,0.0011,"aoml_navis",1028.54862411261
"7901009",22,0,1,0.01869,1,-0.003738,1,130.331741427355,1,4.8611493410409,430,1,15.4160003662109,36.023998260498,0.0186899993568659,0,125.680702209473,-85.515,23.9374,16.4639923800282,63,63,63,63,61,63,0,8520,1.66016505209534,24,-86,0.001869,51,2024-01-08 19:37:05.002092,430,1.037,0.0011,"aoml_navis",1028.56333949398
"7901009",22,0,1,0.020559,1,-0.001869,1,130.320024149413,1,4.86106974359596,432,1,15.3479995727539,36.0139999389648,0.020558999851346,0,125.669403076172,-85.515,23.9374,16.4639923800282,63,63,63,63,61,63,0,8520,1.66016505209534,24,-86,0.001869,51,2024-01-08 19:37:05.002092,432,1.037,0.0011,"aoml_navis",1028.58018167443
"7901009",22,0,1,0.020559,1,-0.001869,1,130.596800337285,1,4.86100087788185,434,1,15.2829999923706,36.0019989013672,0.020558999851346,0,125.936302185059,-85.515,23.9374,16.4639923800282,63,63,63,63,61,63,0,8520,1.66016505209534,24,-86,0.001869,51,2024-01-08 19:37:05.002092,434,1.037,0.0011,"aoml_navis",1028.59475355181
"7901009",22,0,1,0.016821,1,-0.005607,1,130.999673740442,1,4.86090611107903,436,1,15.1840000152588,35.9869995117188,0.0168210007250309,0,126.324798583984,-85.515,23.9374,16.4639923800282,63,63,63,63,61,63,0,8520,1.66016505209534,24,-86,0.001869,51,2024-01-08 19:37:05.002092,436,1.037,0.0011,"aoml_navis",1028.61480673407
"7901009",22,0,1,0.020559,1,-0.001869,1,131.070499582532,1,4.86081035543647,438,1,15.0769996643066,35.9700012207031,0.020558999851346,0,126.393096923828,-85.515,23.9374,16.4639923800282,63,63,63,63,61,63,0,8520,1.66016505209534,24,-86,0.001869,51,2024-01-08 19:37:05.002092,438,1.037,0.0011,"aoml_navis",1028.63506995451
"7901009",22,0,1,0.020559,1,-0.001869,1,130.955288913127,1,4.86073221361561,440,1,14.996000289917,35.9560012817383,0.020558999851346,0,126.281997680664,-85.515,23.9374,16.4639923800282,63,63,63,63,61,63,0,8520,1.66016505209534,24,-86,0.001869,51,2024-01-08 19:37:05.002092,440,1.037,0.0011,"aoml_navis",1028.65160643787
"7901009",22,0,1,0.016821,1,-0.005607,1,130.802331361169,1,4.86068407612087,442,1,14.9729995727539,35.951000213623,0.0168210007250309,0,126.134498596191,-85.515,23.9374,16.4639923800282,63,63,63,63,61,63,0,8520,1.66016505209534,24,-86,0.001869,51,2024-01-08 19:37:05.002092,442,1.037,0.0011,"aoml_navis",1028.66179362768
"7901009",22,0,1,0.020559,1,-0.001869,1,130.685672844456,1,4.86061083260447,444,1,14.9029998779297,35.9389991760254,0.020558999851346,0,126.022003173828,-85.515,23.9374,16.4639923800282,63,63,63,63,61,63,0,8520,1.66016505209534,24,-86,0.001869,51,2024-01-08 19:37:05.002092,444,1.037,0.0011,"aoml_navis",1028.67729431464
"7901009",22,0,1,0.016821,1,-0.005607,1,130.714495291142,1,4.86052921646918,446,1,14.8249998092651,35.9269981384277,0.0168210007250309,0,126.049797058105,-85.515,23.9374,16.4639923800282,63,63,63,63,61,63,0,8520,1.66016505209534,24,-86,0.001869,51,2024-01-08 19:37:05.002092,446,1.037,0.0011,"aoml_navis",1028.69456746772
"7901009",22,0,1,0.020559,1,-0.001869,1,130.820275173709,1,4.86043331585481,448,1,14.7299995422363,35.9140014648438,0.020558999851346,0,126.151802062988,-85.515,23.9374,16.4639923800282,63,63,63,63,61,63,0,8520,1.66016505209534,24,-86,0.001869,51,2024-01-08 19:37:05.002092,448,1.037,0.0011,"aoml_navis",1028.71486451422
"7901009",22,0,1,0.022428,1,0,1,130.732541956223,1,4.86036734997522,450,1,14.6730003356934,35.9039993286133,0.0224280003458261,0,126.067199707031,-85.515,23.9374,16.4639923800282,63,63,63,63,61,63,0,8520,1.66016505209534,24,-86,0.001869,51,2024-01-08 19:37:05.002092,450,1.037,0.0011,"aoml_navis",1028.7288264385
"7901009",22,0,1,0.020559,1,-0.001869,1,130.601982523005,1,4.86029848562273,452,1,14.6199998855591,35.8959999084473,0.020558999851346,0,125.941299438477,-85.515,23.9374,16.4639923800282,63,63,63,63,61,63,0,8520,1.66016505209534,24,-86,0.001869,51,2024-01-08 19:37:05.002092,452,1.037,0.0011,"aoml_navis",1028.7434022397
"7901009",22,0,1,0.024297,1,0.001869,1,130.518086496473,1,4.86023944552216,454,1,14.5830001831055,35.8899993896484,0.0242970008403063,0,125.860397338867,-85.515,23.9374,16.4639923800282,63,63,63,63,61,63,0,8520,1.66016505209534,24,-86,0.001869,51,2024-01-08 19:37:05.002092,454,1.037,0.0011,"aoml_navis",1028.75589897255
"7901009",22,0,1,0.016821,1,-0.005607,1,130.385659894049,1,4.86019105928195,456,1,14.5559997558594,35.8839988708496,0.0168210007250309,0,125.732696533203,-85.515,23.9374,16.4639923800282,63,63,63,63,61,63,0,8520,1.66016505209534,24,-86,0.001869,51,2024-01-08 19:37:05.002092,456,1.037,0.0011,"aoml_navis",1028.76614088062
"7901009",22,0,1,0.020559,1,-0.001869,1,130.246183936698,1,4.86013587608354,458,1,14.5260000228882,35.8790016174316,0.020558999851346,0,125.598197937012,-85.515,23.9374,16.4639923800282,63,63,63,63,61,63,0,8520,1.66016505209534,24,-86,0.001869,51,2024-01-08 19:37:05.002092,458,1.037,0.0011,"aoml_navis",1028.77782174871
"7901009",22,0,1,0.022428,1,0,1,129.921082878017,1,4.86008995097211,460,1,14.5150003433228,35.8769989013672,0.0224280003458261,0,125.284698486328,-85.515,23.9374,16.4639923800282,63,63,63,63,61,63,0,8520,1.66016505209534,24,-86,0.001869,51,2024-01-08 19:37:05.002092,460,1.037,0.0011,"aoml_navis",1028.78754311942
"7901009",22,0,1,0.020559,1,-0.001869,1,129.457748004211,1,4.86004057541678,462,1,14.4870004653931,35.8709983825684,0.020558999851346,0,124.837898254395,-85.515,23.9374,16.4639923800282,63,63,63,63,61,63,0,8520,1.66016505209534,24,-86,0.001869,51,2024-01-08 19:37:05.002092,462,1.037,0.0011,"aoml_navis",1028.79799508078
"7901009",22,0,1,0.016821,1,-0.005607,1,129.081837790268,1,4.85996494080003,464,1,14.4099998474121,35.8580017089844,0.0168210007250309,0,124.475402832031,-85.515,23.9374,16.4639923800282,63,63,63,63,61,63,0,8520,1.66016505209534,24,-86,0.001869,51,2024-01-08 19:37:05.002092,464,1.037,0.0011,"aoml_navis",1028.81400604855
"7901009",22,0,1,0.01869,1,-0.003738,1,128.901292022117,1,4.85988277910788,466,1,14.3299999237061,35.8460006713867,0.0186899993568659,0,124.301300048828,-85.515,23.9374,16.4639923800282,63,63,63,63,61,63,0,8520,1.66016505209534,24,-86,0.001869,51,2024-01-08 19:37:05.002092,466,1.037,0.0011,"aoml_navis",1028.83139928693
"7901009",22,0,1,0.020559,1,-0.001869,1,128.965479919444,1,4.85979983476673,468,1,14.2489995956421,35.8339996337891,0.020558999851346,0,124.36319732666,-85.515,23.9374,16.4639923800282,63,63,63,63,61,63,0,8520,1.66016505209534,24,-86,0.001869,51,2024-01-08 19:37:05.002092,468,1.037,0.0011,"aoml_navis",1028.84895880491
"7901009",22,0,1,0.01869,1,-0.003738,1,128.950241919906,1,4.85974172702264,470,1,14.1949996948242,35.8230018615723,0.0186899993568659,0,124.348503112793,-85.515,23.9374,16.4639923800282,63,63,63,63,61,63,0,8520,1.66016505209534,24,-86,0.001869,51,2024-01-08 19:37:05.002092,470,1.037,0.0011,"aoml_navis",1028.86126071216
"7901009",22,0,1,0.016821,1,-0.005607,1,128.804333722875,1,4.85968488850977,472,1,14.1630001068115,35.818000793457,0.0168210007250309,0,124.207801818848,-85.515,23.9374,16.4639923800282,63,63,63,63,61,63,0,8520,1.66016505209534,24,-86,0.001869,51,2024-01-08 19:37:05.002092,472,1.037,0.0011,"aoml_navis",1028.87329419691
"7901009",22,0,1,0.022428,1,0,1,128.458488097844,1,4.85963801507861,474,1,14.1440000534058,35.8139991760254,0.0224280003458261,0,123.874298095703,-85.515,23.9374,16.4639923800282,63,63,63,63,61,63,0,8520,1.66016505209534,24,-86,0.001869,51,2024-01-08 19:37:05.002092,474,1.037,0.0011,"aoml_navis",1028.88321815038
"7901009",22,0,1,0.01869,1,-0.003738,1,128.117207543288,1,4.85955671539158,476,1,14.0570001602173,35.7999992370605,0.0186899993568659,0,123.545196533203,-85.515,23.9374,16.4639923800282,63,63,63,63,61,63,0,8520,1.66016505209534,24,-86,0.001869,51,2024-01-08 19:37:05.002092,476,1.037,0.0011,"aoml_navis",1028.90043121909
"7901009",22,0,1,0.01869,1,-0.003738,1,127.901929263209,1,4.85947413779029,478,1,13.9790000915527,35.7890014648438,0.0186899993568659,0,123.337600708008,-85.515,23.9374,16.4639923800282,63,63,63,63,61,63,0,8520,1.66016505209534,24,-86,0.001869,51,2024-01-08 19:37:05.002092,478,1.037,0.0011,"aoml_navis",1028.9179154421
"7901009",22,0,1,0.026166,1,0.003738,1,127.254425047115,1,4.85943517371079,480,1,13.96399974823,35.7840003967285,0.0261659994721413,0,122.713203430176,-85.515,23.9374,16.4639923800282,63,63,63,63,61,63,0,8520,1.66016505209534,24,-86,0.001869,51,2024-01-08 19:37:05.002092,480,1.037,0.0011,"aoml_navis",1028.92616554485
"7901009",22,0,1,0.020559,1,-0.001869,1,126.675048771842,1,4.85936534272663,482,1,13.8909997940063,35.7709999084473,0.020558999851346,0,122.154502868652,-85.515,23.9374,16.4639923800282,63,63,63,63,61,63,0,8520,1.66016505209534,24,-86,0.001869,51,2024-01-08 19:37:05.002092,482,1.037,0.0011,"aoml_navis",1028.94095161704
"7901009",22,0,1,0.022428,1,0,1,126.14990743262,1,4.85927823420361,484,1,13.8009996414185,35.757999420166,0.0224280003458261,0,121.648101806641,-85.515,23.9374,16.4639923800282,63,63,63,63,61,63,0,8520,1.66016505209534,24,-86,0.001869,51,2024-01-08 19:37:05.002092,484,1.037,0.0011,"aoml_navis",1028.95939664576
"7901009",22,0,1,0.016821,1,-0.005607,1,125.693519061199,1,4.8591956677963,486,1,13.7080001831055,35.7430000305176,0.0168210007250309,0,121.208000183105,-85.515,23.9374,16.4639923800282,63,63,63,63,61,63,0,8520,1.66016505209534,24,-86,0.001869,51,2024-01-08 19:37:05.002092,486,1.037,0.0011,"aoml_navis",1028.97688050244
"7901009",22,0,1,0.022428,1,0,1,125.582454140371,1,4.85911040545753,488,1,13.6120004653931,35.7280006408691,0.0224280003458261,0,121.100898742676,-85.515,23.9374,16.4639923800282,63,63,63,63,61,63,0,8520,1.66016505209534,24,-86,0.001869,51,2024-01-08 19:37:05.002092,488,1.037,0.0011,"aoml_navis",1028.99493585991
"7901009",22,0,1,0.022428,1,0,1,125.415184261744,1,4.85904091933792,490,1,13.548999786377,35.7179985046387,0.0224280003458261,0,120.939598083496,-85.515,23.9374,16.4639923800282,63,63,63,63,61,63,0,8520,1.66016505209534,24,-86,0.001869,51,2024-01-08 19:37:05.002092,490,1.037,0.0011,"aoml_navis",1029.00965087598
"7901009",22,0,1,0.022428,1,0,1,125.377128821569,1,4.85897954582803,492,1,13.5010004043579,35.7099990844727,0.0224280003458261,0,120.902900695801,-85.515,23.9374,16.4639923800282,63,63,63,63,61,63,0,8520,1.66016505209534,24,-86,0.001869,51,2024-01-08 19:37:05.002092,492,1.037,0.0011,"aoml_navis",1029.02264824166
"7901009",22,0,1,0.024297,1,0.001869,1,125.335647600604,1,4.85890646525701,494,1,13.4270000457764,35.6980018615723,0.0242970008403063,0,120.862899780273,-85.515,23.9374,16.4639923800282,63,63,63,63,61,63,0,8520,1.66016505209534,24,-86,0.001869,51,2024-01-08 19:37:05.002092,494,1.037,0.0011,"aoml_navis",1029.03812529668
"7901009",22,0,1,0.020559,1,-0.001869,1,125.21130679025,1,4.85885141180568,496,1,13.3850002288818,35.689998626709,0.020558999851346,0,120.74299621582,-85.515,23.9374,16.4639923800282,63,63,63,63,61,63,0,8520,1.66016505209534,24,-86,0.001869,51,2024-01-08 19:37:05.002092,496,1.037,0.0011,"aoml_navis",1029.04978486302
"7901009",22,0,1,0.024297,1,0.001869,1,125.122442194813,1,4.85879399737553,498,1,13.3369998931885,35.6809997558594,0.0242970008403063,0,120.657302856445,-85.515,23.9374,16.4639923800282,63,63,63,63,61,63,0,8520,1.66016505209534,24,-86,0.001869,51,2024-01-08 19:37:05.002092,498,1.037,0.0011,"aoml_navis",1029.06194473376
"7901009",22,0,1,0.01869,1,-0.003738,1,125.303810783293,1,4.85868087899159,500,1,13.1899995803833,35.6599998474121,0.0186899993568659,0,120.83219909668,-85.515,23.9374,16.4639923800282,63,63,63,63,61,63,0,8520,1.66016505209534,24,-86,0.001869,51,2024-01-08 19:37:05.002092,500,1.037,0.0011,"aoml_navis",1029.0859030523
"7901009",22,0,1,0.024297,1,0.001869,1,125.266269605822,1,4.85861378317399,502,1,13.121000289917,35.6479988098145,0.0242970008403063,0,120.795997619629,-85.515,23.9374,16.4639923800282,63,63,63,63,61,63,0,8520,1.66016505209534,24,-86,0.001869,51,2024-01-08 19:37:05.002092,502,1.037,0.0011,"aoml_navis",1029.10011438152
"7901009",22,0,1,0.026166,1,0.003738,1,125.1570718542,1,4.85856399381246,504,1,13.1020002365112,35.6450004577637,0.0261659994721413,0,120.690696716309,-85.515,23.9374,16.4639923800282,63,63,63,63,61,63,0,8520,1.66016505209534,24,-86,0.001869,51,2024-01-08 19:37:05.002092,504,1.037,0.0011,"aoml_navis",1029.11066034484
"7901009",22,0,1,0.020559,1,-0.001869,1,124.900106648074,1,4.85851856571782,506,1,13.0909996032715,35.6430015563965,0.020558999851346,0,120.442901611328,-85.515,23.9374,16.4639923800282,63,63,63,63,61,63,0,8520,1.66016505209534,24,-86,0.001869,51,2024-01-08 19:37:05.002092,506,1.037,0.0011,"aoml_navis",1029.1202827299
"7901009",22,0,1,0.020559,1,-0.001869,1,124.765812876444,1,4.85846109313462,508,1,13.0459995269775,35.6349983215332,0.020558999851346,0,120.313400268555,-85.515,23.9374,16.4639923800282,63,63,63,63,61,63,0,8520,1.66016505209534,24,-86,0.001869,51,2024-01-08 19:37:05.002092,508,1.037,0.0011,"aoml_navis",1029.13245658494
"7901009",22,0,1,0.020559,1,-0.001869,1,124.549181689864,1,4.85841170055773,510,1,13.0310001373291,35.632999420166,0.020558999851346,0,120.104499816895,-85.515,23.9374,16.4639923800282,63,63,63,63,61,63,0,8520,1.66016505209534,24,-86,0.001869,51,2024-01-08 19:37:05.002092,510,1.037,0.0011,"aoml_navis",1029.14291916142
"7901009",22,0,1,0.024297,1,0.001869,1,124.254983863891,1,4.85836561514955,512,1,13.0120000839233,35.6290016174316,0.0242970008403063,0,119.82080078125,-85.515,23.9374,16.4639923800282,63,63,63,63,61,63,0,8520,1.66016505209534,24,-86,0.001869,51,2024-01-08 19:37:05.002092,512,1.037,0.0011,"aoml_navis",1029.15268138915
"7901009",22,0,1,0.020559,1,-0.001869,1,124.006927270164,1,4.85830396464494,514,1,12.9700002670288,35.6230010986328,0.020558999851346,0,119.581596374512,-85.515,23.9374,16.4639923800282,63,63,63,63,61,63,0,8520,1.66016505209534,24,-86,0.001869,51,2024-01-08 19:37:05.002092,514,1.037,0.0011,"aoml_navis",1029.16574104589
"7901009",22,0,1,0.020559,1,-0.001869,1,123.900427419809,1,4.85823478798842,516,1,12.9130001068115,35.6150016784668,0.020558999851346,0,119.478897094727,-85.515,23.9374,16.4639923800282,63,63,63,63,61,63,0,8520,1.66016505209534,24,-86,0.001869,51,2024-01-08 19:37:05.002092,516,1.037,0.0011,"aoml_navis",1029.18039539013
"7901009",22,0,1,0.020559,1,-0.001869,1,123.609655374625,1,4.85818384540349,518,1,12.8889999389648,35.6110000610352,0.020558999851346,0,119.198501586914,-85.515,23.9374,16.4639923800282,63,63,63,63,61,63,0,8520,1.66016505209534,24,-86,0.001869,51,2024-01-08 19:37:05.002092,518,1.037,0.0011,"aoml_navis",1029.19118730566
"7901009",22,0,1,0.020559,1,-0.001869,1,123.278747103244,1,4.85812932428399,520,1,12.8540000915527,35.6049995422363,0.020558999851346,0,118.879402160645,-85.515,23.9374,16.4639923800282,63,63,63,63,61,63,0,8520,1.66016505209534,24,-86,0.001869,51,2024-01-08 19:37:05.002092,520,1.037,0.0011,"aoml_navis",1029.20273756544
"7901009",22,0,1,0.022428,1,0,1,122.970339803142,1,4.85806762921186,522,1,12.8079996109009,35.5979995727539,0.0224280003458261,0,118.582000732422,-85.515,23.9374,16.4639923800282,63,63,63,63,61,63,0,8520,1.66016505209534,24,-86,0.001869,51,2024-01-08 19:37:05.002092,522,1.037,0.0011,"aoml_navis",1029.21580793456
"7901009",22,0,1,0.022428,1,0,1,122.697084336867,1,4.85801509920044,524,1,12.78600025177,35.5950012207031,0.0224280003458261,0,118.318496704102,-85.515,23.9374,16.4639923800282,63,63,63,63,61,63,0,8520,1.66016505209534,24,-86,0.001869,51,2024-01-08 19:37:05.002092,524,1.037,0.0011,"aoml_navis",1029.22693690741
"7901009",22,0,1,0.024297,1,0.001869,1,122.410766597882,1,4.85796692855761,526,1,12.7609996795654,35.5900001525879,0.0242970008403063,0,118.04239654541,-85.515,23.9374,16.4639923800282,63,63,63,63,61,63,0,8520,1.66016505209534,24,-86,0.001869,51,2024-01-08 19:37:05.002092,526,1.037,0.0011,"aoml_navis",1029.23714251891
"7901009",22,0,1,0.01869,1,-0.003738,1,122.043875760613,1,4.85791385992938,528,1,12.7309999465942,35.5849990844727,0.0186899993568659,0,117.688598632812,-85.515,23.9374,16.4639923800282,63,63,63,63,61,63,0,8520,1.66016505209534,24,-86,0.001869,51,2024-01-08 19:37:05.002092,528,1.037,0.0011,"aoml_navis",1029.24838607012
"7901009",22,0,1,0.024297,1,0.001869,1,121.739724973363,1,4.85784522676768,530,1,12.673999786377,35.5769996643066,0.0242970008403063,0,117.395301818848,-85.515,23.9374,16.4639923800282,63,63,63,63,61,63,0,8520,1.66016505209534,24,-86,0.001869,51,2024-01-08 19:37:05.002092,530,1.037,0.0011,"aoml_navis",1029.26292761429
"7901009",22,0,1,0.022428,1,0,1,121.543624736317,1,4.85777688733487,532,1,12.6059999465942,35.5660018920898,0.0224280003458261,0,117.206199645996,-85.515,23.9374,16.4639923800282,63,63,63,63,61,63,0,8520,1.66016505209534,24,-86,0.001869,51,2024-01-08 19:37:05.002092,532,1.037,0.0011,"aoml_navis",1029.27740733337
"7901009",22,0,1,0.024297,1,0.001869,1,121.284373039087,1,4.85772055046516,534,1,12.5649995803833,35.5589981079102,0.0242970008403063,0,116.956199645996,-85.515,23.9374,16.4639923800282,63,63,63,63,61,63,0,8520,1.66016505209534,24,-86,0.001869,51,2024-01-08 19:37:05.002092,534,1.037,0.0011,"aoml_navis",1029.28934426276
"7901009",22,0,1,0.024297,1,0.001869,1,121.032273549324,1,4.85765451420713,536,1,12.5139999389648,35.5519981384277,0.0242970008403063,0,116.713096618652,-85.515,23.9374,16.4639923800282,63,63,63,63,61,63,0,8520,1.66016505209534,24,-86,0.001869,51,2024-01-08 19:37:05.002092,536,1.037,0.0011,"aoml_navis",1029.3033366981
"7901009",22,0,1,0.022428,1,0,1,120.775822605904,1,4.85758833651246,538,1,12.4589996337891,35.5439987182617,0.0224280003458261,0,116.465797424316,-85.515,23.9374,16.4639923800282,63,63,63,63,61,63,0,8520,1.66016505209534,24,-86,0.001869,51,2024-01-08 19:37:05.002092,538,1.037,0.0011,"aoml_navis",1029.31735948415
"7901009",22,0,1,0.022428,1,0,1,120.661134110938,1,4.85750389492287,540,1,12.3699998855591,35.5320014953613,0.0224280003458261,0,116.355201721191,-85.515,23.9374,16.4639923800282,63,63,63,63,61,63,0,8520,1.66016505209534,24,-86,0.001869,51,2024-01-08 19:37:05.002092,540,1.037,0.0011,"aoml_navis",1029.33525287053
"7901009",22,0,1,0.024297,1,0.001869,1,120.591241853451,1,4.85744890666983,542,1,12.3299999237061,35.5250015258789,0.0242970008403063,0,116.287803649902,-85.515,23.9374,16.4639923800282,63,63,63,63,61,63,0,8520,1.66016505209534,24,-86,0.001869,51,2024-01-08 19:37:05.002092,542,1.037,0.0011,"aoml_navis",1029.34690535487
"7901009",22,0,1,0.026166,1,0.003738,1,120.547679846464,1,4.8573973152961,544,1,12.3009996414185,35.5200004577637,0.0261659994721413,0,116.245796203613,-85.515,23.9374,16.4639923800282,63,63,63,63,61,63,0,8520,1.66016505209534,24,-86,0.001869,51,2024-01-08 19:37:05.002092,544,1.037,0.0011,"aoml_navis",1029.35783825112
"7901009",22,0,1,0.026166,1,0.003738,1,120.45559517532,1,4.85734811650326,546,1,12.2819995880127,35.5169982910156,0.0261659994721413,0,116.156997680664,-85.515,23.9374,16.4639923800282,63,63,63,63,61,63,0,8520,1.66016505209534,24,-86,0.001869,51,2024-01-08 19:37:05.002092,546,1.037,0.0011,"aoml_navis",1029.36826434409
"7901009",22,0,1,0.020559,1,-0.001869,1,120.347647477657,1,4.8573037407617,548,1,12.2679996490479,35.5139999389648,0.020558999851346,0,116.05290222168,-85.515,23.9374,16.4639923800282,63,63,63,63,61,63,0,8520,1.66016505209534,24,-86,0.001869,51,2024-01-08 19:37:05.002092,548,1.037,0.0011,"aoml_navis",1029.37766852849
"7901009",22,0,1,0.024297,1,0.001869,1,120.183281205381,1,4.85725551514702,550,1,12.25,35.5110015869141,0.0242970008403063,0,115.894401550293,-85.515,23.9374,16.4639923800282,63,63,63,63,61,63,0,8520,1.66016505209534,24,-86,0.001869,51,2024-01-08 19:37:05.002092,550,1.037,0.0011,"aoml_navis",1029.38788877955
"7901009",22,0,1,0.026166,1,0.003738,1,120.156215163626,1,4.85718801458597,552,1,12.1929998397827,35.5029983520508,0.0261659994721413,0,115.868301391602,-85.515,23.9374,16.4639923800282,63,63,63,63,61,63,0,8520,1.66016505209534,24,-86,0.001869,51,2024-01-08 19:37:05.002092,552,1.037,0.0011,"aoml_navis",1029.40219422949
"7901009",22,0,1,0.022428,1,0,1,120.029801478985,1,4.85713348418263,554,1,12.1569995880127,35.4970016479492,0.0224280003458261,0,115.746398925781,-85.515,23.9374,16.4639923800282,63,63,63,63,61,63,0,8520,1.66016505209534,24,-86,0.001869,51,2024-01-08 19:37:05.002092,554,1.037,0.0011,"aoml_navis",1029.4137511935
"7901009",22,0,1,0.024297,1,0.001869,1,119.736537237614,1,4.85709398405293,556,1,12.1479997634888,35.4939994812012,0.0242970008403063,0,115.463600158691,-85.515,23.9374,16.4639923800282,63,63,63,63,61,63,0,8520,1.66016505209534,24,-86,0.001869,51,2024-01-08 19:37:05.002092,556,1.037,0.0011,"aoml_navis",1029.42212286117
"7901009",22,0,1,0.026166,1,0.003738,1,119.343719648275,1,4.85703550966125,558,1,12.1040000915527,35.4869995117188,0.0261659994721413,0,115.084800720215,-85.515,23.9374,16.4639923800282,63,63,63,63,61,63,0,8520,1.66016505209534,24,-86,0.001869,51,2024-01-08 19:37:05.002092,558,1.037,0.0011,"aoml_navis",1029.43451618881
"7901009",22,0,1,0.029904,1,0.007476,1,119.186505583467,1,4.85694838908374,560,1,12.0069999694824,35.4739990234375,0.0299040004611015,0,114.933197021484,-85.515,23.9374,16.4639923800282,63,63,63,63,61,63,0,8520,1.66016505209534,24,-86,0.001869,51,2024-01-08 19:37:05.002092,560,1.037,0.0011,"aoml_navis",1029.45298147244
"7901009",22,0,1,0.022428,1,0,1,119.010010623085,1,4.85686861755845,562,1,11.9250001907349,35.4630012512207,0.0224280003458261,0,114.763000488281,-85.515,23.9374,16.4639923800282,63,63,63,63,61,63,0,8520,1.66016505209534,24,-86,0.001869,51,2024-01-08 19:37:05.002092,562,1.037,0.0011,"aoml_navis",1029.46988969891
"7901009",22,0,1,0.026166,1,0.003738,1,119.022867190711,1,4.85680363892665,564,1,11.8660001754761,35.4539985656738,0.0261659994721413,0,114.775398254395,-85.515,23.9374,16.4639923800282,63,63,63,63,61,63,0,8520,1.66016505209534,24,-86,0.001869,51,2024-01-08 19:37:05.002092,564,1.037,0.0011,"aoml_navis",1029.48366286124
"7901009",22,0,1,0.01869,1,-0.003738,1,118.944161261633,1,4.85675439663773,566.099975585938,1,11.8450002670288,35.4500007629395,0.0186899993568659,0,114.699501037598,-85.515,23.9374,16.4639923800282,63,63,63,63,61,63,0,8520,1.66016505209534,24,-86,0.001869,51,2024-01-08 19:37:05.002092,566.099975585938,1.037,0.0011,"aoml_navis",1029.4941007232
"7901009",22,0,1,0.022428,1,0,1,118.825421958898,1,4.85670016540844,568,1,11.8219995498657,35.4480018615723,0.0224280003458261,0,114.584999084473,-85.515,23.9374,16.4639923800282,63,63,63,63,61,63,0,8520,1.66016505209534,24,-86,0.001869,51,2024-01-08 19:37:05.002092,568,1.037,0.0011,"aoml_navis",1029.50559633312
"7901009",22,0,1,0.026166,1,0.003738,1,118.770878465224,1,4.85665522157913,570,1,11.8109998703003,35.4459991455078,0.0261659994721413,0,114.532402038574,-85.515,23.9374,16.4639923800282,63,63,63,63,61,63,0,8520,1.66016505209534,24,-86,0.001869,51,2024-01-08 19:37:05.002092,570,1.037,0.0011,"aoml_navis",1029.51512345039
"7901009",22,0,1,0.022428,1,0,1,118.717363496961,1,4.85661215887215,572,1,11.8020000457764,35.4440002441406,0.0224280003458261,0,114.480796813965,-85.515,23.9374,16.4639923800282,63,63,63,63,61,63,0,8520,1.66016505209534,24,-86,0.001869,51,2024-01-08 19:37:05.002092,572,1.037,0.0011,"aoml_navis",1029.52425197592
"7901009",22,0,1,0.022428,1,0,1,118.544080700552,1,4.85656923211553,574,1,11.7969999313354,35.443000793457,0.0224280003458261,0,114.313697814941,-85.515,23.9374,16.4639923800282,63,63,63,63,61,63,0,8520,1.66016505209534,24,-86,0.001869,51,2024-01-08 19:37:05.002092,574,1.037,0.0011,"aoml_navis",1029.53335184352
"7901009",22,0,1,0.024297,1,0.001869,1,118.408964108593,1,4.8565232222759,576,1,11.7810001373291,35.439998626709,0.0242970008403063,0,114.183403015137,-85.515,23.9374,16.4639923800282,63,63,63,63,61,63,0,8520,1.66016505209534,24,-86,0.001869,51,2024-01-08 19:37:05.002092,576,1.037,0.0011,"aoml_navis",1029.54310545989
"7901009",22,0,1,0.024297,1,0.001869,1,118.355037730166,1,4.85647330347514,578,1,11.7569999694824,35.4360008239746,0.0242970008403063,0,114.131401062012,-85.515,23.9374,16.4639923800282,63,63,63,63,61,63,0,8520,1.66016505209534,24,-86,0.001869,51,2024-01-08 19:37:05.002092,578,1.037,0.0011,"aoml_navis",1029.55368794515
"7901009",22,0,1,0.024297,1,0.001869,1,118.223956122509,1,4.85641882977296,580,1,11.7320003509521,35.4329986572266,0.0242970008403063,0,114.004997253418,-85.515,23.9374,16.4639923800282,63,63,63,63,61,63,0,8520,1.66016505209534,24,-86,0.001869,51,2024-01-08 19:37:05.002092,580,1.037,0.0011,"aoml_navis",1029.56523629033
"7901009",22,0,1,0.024297,1,0.001869,1,118.109061922461,1,4.85636214238682,582,1,11.6929998397827,35.4269981384277,0.0242970008403063,0,113.894203186035,-85.515,23.9374,16.4639923800282,63,63,63,63,61,63,0,8520,1.66016505209534,24,-86,0.001869,51,2024-01-08 19:37:05.002092,582,1.037,0.0011,"aoml_navis",1029.57725420835
"7901009",22,0,1,0.026166,1,0.003738,1,117.972275954644,1,4.85631523784488,584,1,11.6759996414185,35.423999786377,0.0261659994721413,0,113.762298583984,-85.515,23.9374,16.4639923800282,63,63,63,63,61,63,0,8520,1.66016505209534,24,-86,0.001869,51,2024-01-08 19:37:05.002092,584,1.037,0.0011,"aoml_navis",1029.58719834236
"7901009",22,0,1,0.024297,1,0.001869,1,117.721632223924,1,4.85626751551196,586,1,11.6619997024536,35.4220008850098,0.0242970008403063,0,113.520599365234,-85.515,23.9374,16.4639923800282,63,63,63,63,61,63,0,8520,1.66016505209534,24,-86,0.001869,51,2024-01-08 19:37:05.002092,586,1.037,0.0011,"aoml_navis",1029.59731605166
"7901009",22,0,1,0.026166,1,0.003738,1,117.439048823352,1,4.85621374926767,588,1,11.6260004043579,35.4160003662109,0.0261659994721413,0,113.248100280762,-85.515,23.9374,16.4639923800282,63,63,63,63,61,63,0,8520,1.66016505209534,24,-86,0.001869,51,2024-01-08 19:37:05.002092,588,1.037,0.0011,"aoml_navis",1029.6087153812
"7901009",22,0,1,0.026166,1,0.003738,1,117.260789546304,1,4.85613710604515,590,1,11.5459995269775,35.4049987792969,0.0261659994721413,0,113.076202392578,-85.515,23.9374,16.4639923800282,63,63,63,63,61,63,0,8520,1.66016505209534,24,-86,0.001869,51,2024-01-08 19:37:05.002092,590,1.037,0.0011,"aoml_navis",1029.62496544337
"7901009",22,0,1,0.026166,1,0.003738,1,116.925213351907,1,4.85607596049419,592,1,11.4980001449585,35.3979988098145,0.0261659994721413,0,112.752601623535,-85.515,23.9374,16.4639923800282,63,63,63,63,61,63,0,8520,1.66016505209534,24,-86,0.001869,51,2024-01-08 19:37:05.002092,592,1.037,0.0011,"aoml_navis",1029.63793002348
"7901009",22,0,1,0.024297,1,0.001869,1,116.258626033588,1,4.85602342838754,594,1,11.4670000076294,35.3930015563965,0.0242970008403063,0,112.109802246094,-85.515,23.9374,16.4639923800282,63,63,63,63,61,63,0,8520,1.66016505209534,24,-86,0.001869,51,2024-01-08 19:37:05.002092,594,1.037,0.0011,"aoml_navis",1029.64906857137
"7901009",22,0,1,0.024297,1,0.001869,1,115.601160944483,1,4.85596150720641,596,1,11.4180002212524,35.3860015869141,0.0242970008403063,0,111.475799560547,-85.515,23.9374,16.4639923800282,63,63,63,63,61,63,0,8520,1.66016505209534,24,-86,0.001869,51,2024-01-08 19:37:05.002092,596,1.037,0.0011,"aoml_navis",1029.66219822374
"7901009",22,0,1,0.022428,1,0,1,115.410867920136,1,4.85585965714031,598,1,11.3100004196167,35.375,0.0224280003458261,0,111.292297363281,-85.515,23.9374,16.4639923800282,63,63,63,63,61,63,0,8520,1.66016505209534,24,-86,0.001869,51,2024-01-08 19:37:05.002092,598,1.037,0.0011,"aoml_navis",1029.68379505115
"7901009",22,0,1,0.028035,1,0.005607,1,115.378413987579,1,4.85579713667498,600,1,11.2600002288818,35.3680000305176,0.0280349999666214,0,111.261001586914,-85.515,23.9374,16.4639923800282,63,63,63,63,61,63,0,8520,1.66016505209534,24,-86,0.001869,51,2024-01-08 19:37:05.002092,600,1.037,0.0011,"aoml_navis",1029.69705267048
"7901009",22,0,1,0.024297,1,0.001869,1,115.117500826225,1,4.85575601262566,602,1,11.2449998855591,35.3639984130859,0.0242970008403063,0,111.009399414062,-85.515,23.9374,16.4639923800282,63,63,63,63,61,63,0,8520,1.66016505209534,24,-86,0.001869,51,2024-01-08 19:37:05.002092,602,1.037,0.0011,"aoml_navis",1029.70577331301
"7901009",22,0,1,0.026166,1,0.003738,1,114.778815320396,1,4.85569075746274,604,1,11.1759996414185,35.3530006408691,0.0261659994721413,0,110.682800292969,-85.515,23.9374,16.4639923800282,63,63,63,63,61,63,0,8520,1.66016505209534,24,-86,0.001869,51,2024-01-08 19:37:05.002092,604,1.037,0.0011,"aoml_navis",1029.71961143025
"7901009",22,0,1,0.031773,1,0.009345,1,114.627827790186,1,4.85557726692925,606,1,11.0139999389648,35.3320007324219,0.0317730009555817,0,110.537200927734,-85.515,23.9374,16.4639923800282,63,63,63,63,61,63,0,8520,1.66016505209534,24,-86,0.001869,51,2024-01-08 19:37:05.002092,606,1.037,0.0011,"aoml_navis",1029.74367930553
"7901009",22,0,1,0.022428,1,0,1,114.829110212953,1,4.85548740139824,608,1,10.9010000228882,35.3170013427734,0.0224280003458261,0,110.731300354004,-85.515,23.9374,16.4639923800282,63,63,63,63,61,63,0,8520,1.66016505209534,24,-86,0.001869,51,2024-01-08 19:37:05.002092,608,1.037,0.0011,"aoml_navis",1029.76273783764
"7901009",22,0,1,0.028035,1,0.005607,1,114.837615326921,1,4.85543919874724,610,1,10.8819999694824,35.3139991760254,0.0280349999666214,0,110.739501953125,-85.515,23.9374,16.4639923800282,63,63,63,63,61,63,0,8520,1.66016505209534,24,-86,0.001869,51,2024-01-08 19:37:05.002092,610,1.037,0.0011,"aoml_navis",1029.77296086625
"7901009",22,0,1,0.026166,1,0.003738,1,114.749882109435,1,4.85539274295367,612,1,10.8730001449585,35.3129997253418,0.0261659994721413,0,110.654899597168,-85.515,23.9374,16.4639923800282,63,63,63,63,61,63,0,8520,1.66016505209534,24,-86,0.001869,51,2024-01-08 19:37:05.002092,612,1.037,0.0011,"aoml_navis",1029.7828136058
"7901009",22,0,1,0.024297,1,0.001869,1,114.649917351302,1,4.85534640300484,614,1,10.8520002365112,35.3089981079102,0.0242970008403063,0,110.558502197266,-85.515,23.9374,16.4639923800282,63,63,63,63,61,63,0,8520,1.66016505209534,24,-86,0.001869,51,2024-01-08 19:37:05.002092,614,1.037,0.0011,"aoml_navis",1029.79264196384
"7901009",22,0,1,0.028035,1,0.005607,1,114.611751146852,1,4.85528839864526,616,1,10.8100004196167,35.3030014038086,0.0280349999666214,0,110.521697998047,-85.515,23.9374,16.4639923800282,63,63,63,63,61,63,0,8520,1.66016505209534,24,-86,0.001869,51,2024-01-08 19:37:05.002092,616,1.037,0.0011,"aoml_navis",1029.80494452093
"7901009",22,0,1,0.024297,1,0.001869,1,114.541447479201,1,4.8552330888251,618,1,10.7790002822876,35.298999786377,0.0242970008403063,0,110.453903198242,-85.515,23.9374,16.4639923800282,63,63,63,63,61,63,0,8520,1.66016505209534,24,-86,0.001869,51,2024-01-08 19:37:05.002092,618,1.037,0.0011,"aoml_navis",1029.81667584778
"7901009",22,0,1,0.029904,1,0.007476,1,114.377801174712,1,4.85518772425011,620,1,10.7589998245239,35.2949981689453,0.0299040004611015,0,110.296096801758,-85.515,23.9374,16.4639923800282,63,63,63,63,61,63,0,8520,1.66016505209534,24,-86,0.001869,51,2024-01-08 19:37:05.002092,620,1.037,0.0011,"aoml_navis",1029.82629796714
"7901009",22,0,1,0.024297,1,0.001869,1,114.18916961449,1,4.85512088632844,622,1,10.7069997787476,35.2890014648438,0.0242970008403063,0,110.114196777344,-85.515,23.9374,16.4639923800282,63,63,63,63,61,63,0,8520,1.66016505209534,24,-86,0.001869,51,2024-01-08 19:37:05.002092,622,1.037,0.0011,"aoml_navis",1029.84047504966
"7901009",22,0,1,0.024297,1,0.001869,1,114.111088712391,1,4.85506666509773,624,1,10.6730003356934,35.2840003967285,0.0242970008403063,0,110.038902282715,-85.515,23.9374,16.4639923800282,63,63,63,63,61,63,0,8520,1.66016505209534,24,-86,0.001869,51,2024-01-08 19:37:05.002092,624,1.037,0.0011,"aoml_navis",1029.85197627546
"7901009",22,0,1,0.028035,1,0.005607,1,113.996392305691,1,4.85500808289818,626,1,10.6300001144409,35.2779998779297,0.0280349999666214,0,109.928298950195,-85.515,23.9374,16.4639923800282,63,63,63,63,61,63,0,8520,1.66016505209534,24,-86,0.001869,51,2024-01-08 19:37:05.002092,626,1.037,0.0011,"aoml_navis",1029.86440282408
"7901009",22,0,1,0.028035,1,0.005607,1,113.8728822274,1,4.85494778969896,628,1,10.585000038147,35.2719993591309,0.0280349999666214,0,109.809196472168,-85.515,23.9374,16.4639923800282,63,63,63,63,61,63,0,8520,1.66016505209534,24,-86,0.001869,51,2024-01-08 19:37:05.002092,628,1.037,0.0011,"aoml_navis",1029.8771926258
"7901009",22,0,1,0.029904,1,0.007476,1,113.797807784193,1,4.8548812501449,630,1,10.5369997024536,35.2669982910156,0.0299040004611015,0,109.736801147461,-85.515,23.9374,16.4639923800282,63,63,63,63,61,63,0,8520,1.66016505209534,24,-86,0.001869,51,2024-01-08 19:37:05.002092,630,1.037,0.0011,"aoml_navis",1029.89130781536
"7901009",22,0,1,0.020559,1,-0.001869,1,113.692241518441,1,4.85483151104067,632,1,10.5159997940063,35.2639999389648,0.020558999851346,0,109.63500213623,-85.515,23.9374,16.4639923800282,63,63,63,63,61,63,0,8520,1.66016505209534,24,-86,0.001869,51,2024-01-08 19:37:05.002092,632,1.037,0.0011,"aoml_navis",1029.90185933934
"7901009",22,0,1,0.028035,1,0.005607,1,113.594863897302,1,4.85478534746418,634,1,10.4989995956421,35.2610015869141,0.0280349999666214,0,109.54109954834,-85.515,23.9374,16.4639923800282,63,63,63,63,61,63,0,8520,1.66016505209534,24,-86,0.001869,51,2024-01-08 19:37:05.002092,634,1.037,0.0011,"aoml_navis",1029.91165255363
"7901009",22,0,1,0.028035,1,0.005607,1,113.503815663302,1,4.85474009795226,636,1,10.4829998016357,35.257999420166,0.0280349999666214,0,109.453300476074,-85.515,23.9374,16.4639923800282,63,63,63,63,61,63,0,8520,1.66016505209534,24,-86,0.001869,51,2024-01-08 19:37:05.002092,636,1.037,0.0011,"aoml_navis",1029.92125203757
"7901009",22,0,1,0.028035,1,0.005607,1,113.394412206597,1,4.85468773455343,638,1,10.4589996337891,35.2550010681152,0.0280349999666214,0,109.347801208496,-85.515,23.9374,16.4639923800282,63,63,63,63,61,63,0,8520,1.66016505209534,24,-86,0.001869,51,2024-01-08 19:37:05.002092,638,1.037,0.0011,"aoml_navis",1029.93236092454
"7901009",22,0,1,0.024297,1,0.001869,1,113.28635374466,1,4.85463384635641,640,1,10.4250001907349,35.25,0.0242970008403063,0,109.243598937988,-85.515,23.9374,16.4639923800282,63,63,63,63,61,63,0,8520,1.66016505209534,24,-86,0.001869,51,2024-01-08 19:37:05.002092,640,1.037,0.0011,"aoml_navis",1029.94379354741
"7901009",22,0,1,0.033642,1,0.011214,1,113.273805734656,1,4.8545592428456,642,1,10.3509998321533,35.2410011291504,0.0336420014500618,0,109.231498718262,-85.515,23.9374,16.4639923800282,63,63,63,63,61,63,0,8520,1.66016505209534,24,-86,0.001869,51,2024-01-08 19:37:05.002092,642,1.037,0.0011,"aoml_navis",1029.95962143602
"7901009",22,0,1,0.028035,1,0.005607,1,113.223819399722,1,4.85450890777411,644,1,10.3249998092651,35.2369995117188,0.0280349999666214,0,109.183296203613,-85.515,23.9374,16.4639923800282,63,63,63,63,61,63,0,8520,1.66016505209534,24,-86,0.001869,51,2024-01-08 19:37:05.002092,644,1.037,0.0011,"aoml_navis",1029.97030080487
"7901009",22,0,1,0.026166,1,0.003738,1,112.976910007414,1,4.8544681571908,646,1,10.3140001296997,35.234001159668,0.0261659994721413,0,108.945198059082,-85.515,23.9374,16.4639923800282,63,63,63,63,61,63,0,8520,1.66016505209534,24,-86,0.001869,51,2024-01-08 19:37:05.002092,646,1.037,0.0011,"aoml_navis",1029.97894683759
"7901009",22,0,1,0.029904,1,0.007476,1,112.874872374993,1,4.85439713453791,648,1,10.2519998550415,35.2270011901855,0.0299040004611015,0,108.846801757812,-85.515,23.9374,16.4639923800282,63,63,63,63,61,63,0,8520,1.66016505209534,24,-86,0.001869,51,2024-01-08 19:37:05.002092,648,1.037,0.0011,"aoml_navis",1029.99401602851
"7901009",22,0,1,0.022428,1,0,1,112.758308799087,1,4.85433416979469,650,1,10.1990003585815,35.2200012207031,0.0224280003458261,0,108.734397888184,-85.515,23.9374,16.4639923800282,63,63,63,63,61,63,0,8520,1.66016505209534,24,-86,0.001869,51,2024-01-08 19:37:05.002092,650,1.037,0.0011,"aoml_navis",1030.00737590578
"7901009",22,0,1,0.024297,1,0.001869,1,112.660416915243,1,4.85427698221094,652,1,10.164999961853,35.2159996032715,0.0242970008403063,0,108.639999389648,-85.515,23.9374,16.4639923800282,63,63,63,63,61,63,0,8520,1.66016505209534,24,-86,0.001869,51,2024-01-08 19:37:05.002092,652,1.037,0.0011,"aoml_navis",1030.01951028404
"7901009",22,0,1,0.028035,1,0.005607,1,112.484024807402,1,4.85423399300851,654,1,10.1429996490479,35.2109985351562,0.0280349999666214,0,108.469902038574,-85.515,23.9374,16.4639923800282,63,63,63,63,61,63,0,8520,1.66016505209534,24,-86,0.001869,51,2024-01-08 19:37:05.002092,654,1.037,0.0011,"aoml_navis",1030.02863215935
"7901009",22,0,1,0.028035,1,0.005607,1,112.380325710856,1,4.85417177299737,656,1,10.0780000686646,35.201000213623,0.0280349999666214,0,108.369903564453,-85.515,23.9374,16.4639923800282,63,63,63,63,61,63,0,8520,1.66016505209534,24,-86,0.001869,51,2024-01-08 19:37:05.002092,656,1.037,0.0011,"aoml_navis",1030.04183490453
"7901009",22,0,1,0.028035,1,0.005607,1,112.749289422414,1,4.85403032029952,658,1,9.87899971008301,35.1809997558594,0.0280349999666214,0,108.725700378418,-85.515,23.9374,16.4639923800282,63,63,63,63,61,63,0,8520,1.66016505209534,24,-86,0.001869,51,2024-01-08 19:37:05.002092,658,1.037,0.0011,"aoml_navis",1030.07185165079
"7901009",22,0,1,0.024297,1,0.001869,1,112.780604065286,1,4.85397789191504,660,1,9.83300018310547,35.1730003356934,0.0242970008403063,0,108.755897521973,-85.515,23.9374,16.4639923800282,63,63,63,63,61,63,0,8520,1.66016505209534,24,-86,0.001869,51,2024-01-08 19:37:05.002092,660,1.037,0.0011,"aoml_navis",1030.08297757766
"7901009",22,0,1,0.028035,1,0.005607,1,112.793982807352,1,4.85392099948326,662,1,9.80300045013428,35.1699981689453,0.0280349999666214,0,108.768798828125,-85.515,23.9374,16.4639923800282,63,63,63,63,61,63,0,8520,1.66016505209534,24,-86,0.001869,51,2024-01-08 19:37:05.002092,662,1.037,0.0011,"aoml_navis",1030.0950511004
"7901009",22,0,1,0.028035,1,0.005607,1,112.682087154461,1,4.85387936060462,664,1,9.79500007629395,35.1679992675781,0.0280349999666214,0,108.66089630127,-85.515,23.9374,16.4639923800282,63,63,63,63,61,63,0,8520,1.66016505209534,24,-86,0.001869,51,2024-01-08 19:37:05.002092,664,1.037,0.0011,"aoml_navis",1030.10388774417
"7901009",22,0,1,0.029904,1,0.007476,1,112.628065835226,1,4.85383126438952,666,1,9.78800010681152,35.1679992675781,0.0299040004611015,0,108.60880279541,-85.515,23.9374,16.4639923800282,63,63,63,63,61,63,0,8520,1.66016505209534,24,-86,0.001869,51,2024-01-08 19:37:05.002092,666,1.037,0.0011,"aoml_navis",1030.11409495894
"7901009",22,0,1,0.026166,1,0.003738,1,112.571441555531,1,4.85378361949554,668,1,9.77299976348877,35.1660003662109,0.0261659994721413,0,108.55419921875,-85.515,23.9374,16.4639923800282,63,63,63,63,61,63,0,8520,1.66016505209534,24,-86,0.001869,51,2024-01-08 19:37:05.002092,668,1.037,0.0011,"aoml_navis",1030.12420659157
"7901009",22,0,1,0.026166,1,0.003738,1,112.580983106643,1,4.85372787964352,670,1,9.73999977111816,35.1619987487793,0.0261659994721413,0,108.563400268555,-85.515,23.9374,16.4639923800282,63,63,63,63,61,63,0,8520,1.66016505209534,24,-86,0.001869,51,2024-01-08 19:37:05.002092,670,1.037,0.0011,"aoml_navis",1030.13603646178
"7901009",22,0,1,0.028035,1,0.005607,1,112.560760714733,1,4.85368026142237,672,1,9.72500038146973,35.1599998474121,0.0280349999666214,0,108.543899536133,-85.515,23.9374,16.4639923800282,63,63,63,63,61,63,0,8520,1.66016505209534,24,-86,0.001869,51,2024-01-08 19:37:05.002092,672,1.037,0.0011,"aoml_navis",1030.14614286413
"7901009",22,0,1,0.028035,1,0.005607,1,112.514200160589,1,4.85363459833672,674,1,9.70800018310547,35.1570014953613,0.0280349999666214,0,108.499000549316,-85.515,23.9374,16.4639923800282,63,63,63,63,61,63,0,8520,1.66016505209534,24,-86,0.001869,51,2024-01-08 19:37:05.002092,674,1.037,0.0011,"aoml_navis",1030.15583449843
"7901009",22,0,1,0.028035,1,0.005607,1,112.463280241052,1,4.85358639364043,676,1,9.6879997253418,35.1539993286133,0.0280349999666214,0,108.449897766113,-85.515,23.9374,16.4639923800282,63,63,63,63,61,63,0,8520,1.66016505209534,24,-86,0.001869,51,2024-01-08 19:37:05.002092,676,1.037,0.0011,"aoml_navis",1030.16606576766
"7901009",22,0,1,0.022428,1,0,1,112.515964477254,1,4.85352613286715,678,1,9.64099979400635,35.1479988098145,0.0224280003458261,0,108.500701904297,-85.515,23.9374,16.4639923800282,63,63,63,63,61,63,0,8520,1.66016505209534,24,-86,0.001869,51,2024-01-08 19:37:05.002092,678,1.037,0.0011,"aoml_navis",1030.17885618065
"7901009",22,0,1,0.026166,1,0.003738,1,112.60244764078,1,4.85346824900341,680,1,9.60099983215332,35.1430015563965,0.0261659994721413,0,108.584098815918,-85.515,23.9374,16.4639923800282,63,63,63,63,61,63,0,8520,1.66016505209534,24,-86,0.001869,51,2024-01-08 19:37:05.002092,680,1.037,0.0011,"aoml_navis",1030.19114239115
"7901009",22,0,1,0.033642,1,0.011214,1,112.74027004574,1,4.85339597312814,682,1,9.5310001373291,35.1349983215332,0.0336420014500618,0,108.717002868652,-85.515,23.9374,16.4639923800282,63,63,63,63,61,63,0,8520,1.66016505209534,24,-86,0.001869,51,2024-01-08 19:37:05.002092,682,1.037,0.0011,"aoml_navis",1030.20648380713
"7901009",22,0,1,0.026166,1,0.003738,1,112.819498149258,1,4.85333770285007,684,1,9.48600006103516,35.1290016174316,0.0261659994721413,0,108.793403625488,-85.515,23.9374,16.4639923800282,63,63,63,63,61,63,0,8520,1.66016505209534,24,-86,0.001869,51,2024-01-08 19:37:05.002092,684,1.037,0.0011,"aoml_navis",1030.21885270085
"7901009",22,0,1,0.029904,1,0.007476,1,112.870932331499,1,4.85328206157148,686,1,9.45699977874756,35.1259994506836,0.0299040004611015,0,108.843002319336,-85.515,23.9374,16.4639923800282,63,63,63,63,61,63,0,8520,1.66016505209534,24,-86,0.001869,51,2024-01-08 19:37:05.002092,686,1.037,0.0011,"aoml_navis",1030.23066382031
"7901009",22,0,1,0.024297,1,0.001869,1,112.870204451978,1,4.85323628580025,688,1,9.44400024414062,35.1240005493164,0.0242970008403063,0,108.842300415039,-85.515,23.9374,16.4639923800282,63,63,63,63,61,63,0,8520,1.66016505209534,24,-86,0.001869,51,2024-01-08 19:37:05.002092,688,1.037,0.0011,"aoml_navis",1030.24038096582
"7901009",22,0,1,0.028035,1,0.005607,1,112.887001063099,1,4.85319135971706,690,1,9.43200016021729,35.1220016479492,0.0280349999666214,0,108.858497619629,-85.515,23.9374,16.4639923800282,63,63,63,63,61,63,0,8520,1.66016505209534,24,-86,0.001869,51,2024-01-08 19:37:05.002092,690,1.037,0.0011,"aoml_navis",1030.2499179203
"7901009",22,0,1,0.028035,1,0.005607,1,112.939685299301,1,4.85314476537209,692,1,9.41800022125244,35.1199989318848,0.0280349999666214,0,108.909301757812,-85.515,23.9374,16.4639923800282,63,63,63,63,61,63,0,8520,1.66016505209534,24,-86,0.001869,51,2024-01-08 19:37:05.002092,692,1.037,0.0011,"aoml_navis",1030.2598092016
"7901009",22,0,1,0.028035,1,0.005607,1,113.033217817753,1,4.85309145221324,694,1,9.38300037384033,35.1150016784668,0.0280349999666214,0,108.999496459961,-85.515,23.9374,16.4639923800282,63,63,63,63,61,63,0,8520,1.66016505209534,24,-86,0.001869,51,2024-01-08 19:37:05.002092,694,1.037,0.0011,"aoml_navis",1030.27112701941
"7901009",22,0,1,0.029904,1,0.007476,1,113.143143448897,1,4.8530370626219,696,1,9.35099983215332,35.1110000610352,0.0299040004611015,0,109.105499267578,-85.515,23.9374,16.4639923800282,63,63,63,63,61,63,0,8520,1.66016505209534,24,-86,0.001869,51,2024-01-08 19:37:05.002092,696,1.037,0.0011,"aoml_navis",1030.28267360866
"7901009",22,0,1,0.028035,1,0.005607,1,113.292469514983,1,4.85296571383383,698,1,9.28999996185303,35.1049995422363,0.0280349999666214,0,109.249496459961,-85.515,23.9374,16.4639923800282,63,63,63,63,61,63,0,8520,1.66016505209534,24,-86,0.001869,51,2024-01-08 19:37:05.002092,698,1.037,0.0011,"aoml_navis",1030.29782092773
"7901009",22,0,1,0.031773,1,0.009345,1,113.344220166582,1,4.85290892219388,700,1,9.25500011444092,35.101001739502,0.0317730009555817,0,109.29940032959,-85.515,23.9374,16.4639923800282,63,63,63,63,61,63,0,8520,1.66016505209534,24,-86,0.001869,51,2024-01-08 19:37:05.002092,700,1.037,0.0011,"aoml_navis",1030.30987808846
"7901009",22,0,1,0.026166,1,0.003738,1,113.381342022154,1,4.85286157994894,702,1,9.23999977111816,35.0989990234375,0.0261659994721413,0,109.33519744873,-85.515,23.9374,16.4639923800282,63,63,63,63,61,63,0,8520,1.66016505209534,24,-86,0.001869,51,2024-01-08 19:37:05.002092,702,1.037,0.0011,"aoml_navis",1030.31992930913
"7901009",22,0,1,0.029904,1,0.007476,1,113.399182982153,1,4.8528150675734,704,1,9.22599983215332,35.0970001220703,0.0299040004611015,0,109.352401733398,-85.515,23.9374,16.4639923800282,63,63,63,63,61,63,0,8520,1.66016505209534,24,-86,0.001869,51,2024-01-08 19:37:05.002092,704,1.037,0.0011,"aoml_navis",1030.32980453141
"7901009",22,0,1,0.028035,1,0.005607,1,113.419919636769,1,4.85276689226091,706,1,9.21000003814697,35.0950012207031,0.0280349999666214,0,109.372398376465,-85.515,23.9374,16.4639923800282,63,63,63,63,61,63,0,8520,1.66016505209534,24,-86,0.001869,51,2024-01-08 19:37:05.002092,706,1.037,0.0011,"aoml_navis",1030.34003301784
"7901009",22,0,1,0.031773,1,0.009345,1,113.426866139154,1,4.85272541588941,708,1,9.20199966430664,35.0929985046387,0.0317730009555817,0,109.379096984863,-85.515,23.9374,16.4639923800282,63,63,63,63,61,63,0,8520,1.66016505209534,24,-86,0.001869,51,2024-01-08 19:37:05.002092,708,1.037,0.0011,"aoml_navis",1030.34883936115
"7901009",22,0,1,0.028035,1,0.005607,1,113.524140907753,1,4.85267341145155,710,1,9.17700004577637,35.0900001525879,0.0280349999666214,0,109.472900390625,-85.515,23.9374,16.4639923800282,63,63,63,63,61,63,0,8520,1.66016505209534,24,-86,0.001869,51,2024-01-08 19:37:05.002092,710,1.037,0.0011,"aoml_navis",1030.35988125654
"7901009",22,0,1,0.028035,1,0.005607,1,113.743572848142,1,4.85261079966466,712,1,9.12600040435791,35.0839996337891,0.0280349999666214,0,109.684501647949,-85.515,23.9374,16.4639923800282,63,63,63,63,61,63,0,8520,1.66016505209534,24,-86,0.001869,51,2024-01-08 19:37:05.002092,712,1.037,0.0011,"aoml_navis",1030.37317568216
"7901009",22,0,1,0.028035,1,0.005607,1,113.849764140873,1,4.85255126998063,714,1,9.08300018310547,35.0789985656738,0.0280349999666214,0,109.786903381348,-85.515,23.9374,16.4639923800282,63,63,63,63,61,63,0,8520,1.66016505209534,24,-86,0.001869,51,2024-01-08 19:37:05.002092,714,1.037,0.0011,"aoml_navis",1030.38581599983
"7901009",22,0,1,0.026166,1,0.003738,1,113.876616565812,1,4.85249903386245,716,1,9.0620002746582,35.0769996643066,0.0261659994721413,0,109.812797546387,-85.515,23.9374,16.4639923800282,63,63,63,63,61,63,0,8520,1.66016505209534,24,-86,0.001869,51,2024-01-08 19:37:05.002092,716,1.037,0.0011,"aoml_navis",1030.3969078836
"7901009",22,0,1,0.026166,1,0.003738,1,113.918200639318,1,4.85245296054617,718,1,9.04399967193604,35.0740013122559,0.0261659994721413,0,109.852897644043,-85.515,23.9374,16.4639923800282,63,63,63,63,61,63,0,8520,1.66016505209534,24,-86,0.001869,51,2024-01-08 19:37:05.002092,718,1.037,0.0011,"aoml_navis",1030.40669134837
"7901009",22,0,1,0.029904,1,0.007476,1,113.932615818528,1,4.85239864280974,720,1,9.01599979400635,35.0709991455078,0.0299040004611015,0,109.866798400879,-85.515,23.9374,16.4639923800282,63,63,63,63,61,63,0,8520,1.66016505209534,24,-86,0.001869,51,2024-01-08 19:37:05.002092,720,1.037,0.0011,"aoml_navis",1030.41822571791
"7901009",22,0,1,0.028035,1,0.005607,1,114.068571054282,1,4.85233104210781,722,1,8.96300029754639,35.0660018920898,0.0280349999666214,0,109.997901916504,-85.515,23.9374,16.4639923800282,63,63,63,63,61,63,0,8520,1.66016505209534,24,-86,0.001869,51,2024-01-08 19:37:05.002092,722,1.037,0.0011,"aoml_navis",1030.43258108541
"7901009",22,0,1,0.029904,1,0.007476,1,114.122180963353,1,4.85227389347531,724,1,8.92700004577637,35.0620002746582,0.0299040004611015,0,110.049598693848,-85.515,23.9374,16.4639923800282,63,63,63,63,61,63,0,8520,1.66016505209534,24,-86,0.001869,51,2024-01-08 19:37:05.002092,724,1.037,0.0011,"aoml_navis",1030.44471721255
"7901009",22,0,1,0.022428,1,0,1,114.162420042092,1,4.85222912372092,726,1,8.9060001373291,35.0579986572266,0.0224280003458261,0,110.088401794434,-85.515,23.9374,16.4639923800282,63,63,63,63,61,63,0,8520,1.66016505209534,24,-86,0.001869,51,2024-01-08 19:37:05.002092,726,1.037,0.0011,"aoml_navis",1030.4542247514
"7901009",22,0,1,0.026166,1,0.003738,1,114.299617420072,1,4.85217450511733,728,1,8.8730001449585,35.0540008544922,0.0261659994721413,0,110.220703125,-85.515,23.9374,16.4639923800282,63,63,63,63,61,63,0,8520,1.66016505209534,24,-86,0.001869,51,2024-01-08 19:37:05.002092,728,1.037,0.0011,"aoml_navis",1030.46582408089
"7901009",22,0,1,0.028035,1,0.005607,1,114.5240258411,1,4.85209657171713,730,1,8.79800033569336,35.0470008850098,0.0280349999666214,0,110.437103271484,-85.515,23.9374,16.4639923800282,63,63,63,63,61,63,0,8520,1.66016505209534,24,-86,0.001869,51,2024-01-08 19:37:05.002092,730,1.037,0.0011,"aoml_navis",1030.4823752159
"7901009",22,0,1,0.028035,1,0.005607,1,114.635605024633,1,4.85202987861555,732,1,8.74100017547607,35.0410003662109,0.0280349999666214,0,110.544700622559,-85.515,23.9374,16.4639923800282,63,63,63,63,61,63,0,8520,1.66016505209534,24,-86,0.001869,51,2024-01-08 19:37:05.002092,732,1.037,0.0011,"aoml_navis",1030.49653961048
"7901009",22,0,1,0.029904,1,0.007476,1,114.829315918035,1,4.85196901216655,734,1,8.69099998474121,35.0349998474121,0.0299040004611015,0,110.731498718262,-85.515,23.9374,16.4639923800282,63,63,63,63,61,63,0,8520,1.66016505209534,24,-86,0.001869,51,2024-01-08 19:37:05.002092,734,1.037,0.0011,"aoml_navis",1030.50946687051
"7901009",22,0,1,0.031773,1,0.009345,1,115.063993769696,1,4.85190011139346,736,1,8.64000034332275,35.0309982299805,0.0317730009555817,0,110.957801818848,-85.515,23.9374,16.4639923800282,63,63,63,63,61,63,0,8520,1.66016505209534,24,-86,0.001869,51,2024-01-08 19:37:05.002092,736,1.037,0.0011,"aoml_navis",1030.52410091023
"7901009",22,0,1,0.028035,1,0.005607,1,115.18075513895,1,4.85184666495425,738,1,8.60799980163574,35.0270004272461,0.0280349999666214,0,111.07039642334,-85.515,23.9374,16.4639923800282,63,63,63,63,61,63,0,8520,1.66016505209534,24,-86,0.001869,51,2024-01-08 19:37:05.002092,738,1.037,0.0011,"aoml_navis",1030.53545284436
"7901009",22,0,1,0.028035,1,0.005607,1,115.297627272479,1,4.85179319672324,740,1,8.58500003814697,35.0250015258789,0.0280349999666214,0,111.183097839355,-85.515,23.9374,16.4639923800282,63,63,63,63,61,63,0,8520,1.66016505209534,24,-86,0.001869,51,2024-01-08 19:37:05.002092,740,1.037,0.0011,"aoml_navis",1030.54680965727
"7901009",22,0,1,0.029904,1,0.007476,1,115.388572653938,1,4.85174665644406,742,1,8.56599998474121,35.0219993591309,0.0299040004611015,0,111.270797729492,-85.515,23.9374,16.4639923800282,63,63,63,63,61,63,0,8520,1.66016505209534,24,-86,0.001869,51,2024-01-08 19:37:05.002092,742,1.037,0.0011,"aoml_navis",1030.55669515617
"7901009",22,0,1,0.028035,1,0.005607,1,115.547131713514,1,4.8516920539956,744,1,8.53699970245361,35.0190010070801,0.0280349999666214,0,111.423698425293,-85.515,23.9374,16.4639923800282,63,63,63,63,61,63,0,8520,1.66016505209534,24,-86,0.001869,51,2024-01-08 19:37:05.002092,744,1.037,0.0011,"aoml_navis",1030.56829336113
"7901009",22,0,1,0.029904,1,0.007476,1,115.640569291159,1,4.85163347653807,746,1,8.50300025939941,35.015998840332,0.0299040004611015,0,111.513801574707,-85.515,23.9374,16.4639923800282,63,63,63,63,61,63,0,8520,1.66016505209534,24,-86,0.001869,51,2024-01-08 19:37:05.002092,746,1.037,0.0011,"aoml_navis",1030.58073619522
"7901009",22,0,1,0.031773,1,0.009345,1,115.73389610453,1,4.85158055272367,748,1,8.47599983215332,35.0130004882812,0.0317730009555817,0,111.603797912598,-85.515,23.9374,16.4639923800282,63,63,63,63,61,63,0,8520,1.66016505209534,24,-86,0.001869,51,2024-01-08 19:37:05.002092,748,1.037,0.0011,"aoml_navis",1030.59197835909
"7901009",22,0,1,0.026166,1,0.003738,1,115.877834279814,1,4.85152412072657,750,1,8.4399995803833,35.0089988708496,0.0261659994721413,0,111.742599487305,-85.515,23.9374,16.4639923800282,63,63,63,63,61,63,0,8520,1.66016505209534,24,-86,0.001869,51,2024-01-08 19:37:05.002092,750,1.037,0.0011,"aoml_navis",1030.60396600712
"7901009",22,0,1,0.028035,1,0.005607,1,116.06595157733,1,4.85145972908761,752,1,8.39400005340576,35.0050010681152,0.0280349999666214,0,111.924003601074,-85.515,23.9374,16.4639923800282,63,63,63,63,61,63,0,8520,1.66016505209534,24,-86,0.001869,51,2024-01-08 19:37:05.002092,752,1.037,0.0011,"aoml_navis",1030.61764483415
"7901009",22,0,1,0.028035,1,0.005607,1,116.215071938335,1,4.85140214623722,754,1,8.36100006103516,35.0019989013672,0.0280349999666214,0,112.067802429199,-85.515,23.9374,16.4639923800282,63,63,63,63,61,63,0,8520,1.66016505209534,24,-86,0.001869,51,2024-01-08 19:37:05.002092,754,1.037,0.0011,"aoml_navis",1030.62987756602
"7901009",22,0,1,0.029904,1,0.007476,1,116.298960053133,1,4.851349693605,756,1,8.33899974822998,35,0.0299040004611015,0,112.148696899414,-85.515,23.9374,16.4639923800282,63,63,63,63,61,63,0,8520,1.66016505209534,24,-86,0.001869,51,2024-01-08 19:37:05.002092,756,1.037,0.0011,"aoml_navis",1030.64102070212
"7901009",22,0,1,0.029904,1,0.007476,1,116.321366083607,1,4.8513031537972,758,1,8.32900047302246,34.9990005493164,0.0299040004611015,0,112.170303344727,-85.515,23.9374,16.4639923800282,63,63,63,63,61,63,0,8520,1.66016505209534,24,-86,0.001869,51,2024-01-08 19:37:05.002092,758,1.037,0.0011,"aoml_navis",1030.65090790841
"7901009",22,0,1,0.029904,1,0.007476,1,116.4033870292,1,4.8512598041121,760,1,8.32299995422363,34.9980010986328,0.0299040004611015,0,112.249397277832,-85.515,23.9374,16.4639923800282,63,63,63,63,61,63,0,8520,1.66016505209534,24,-86,0.001869,51,2024-01-08 19:37:05.002092,760,1.037,0.0011,"aoml_navis",1030.66011755582
"7901009",22,0,1,0.029904,1,0.007476,1,116.527205665114,1,4.85120580278118,762,1,8.29899978637695,34.9959983825684,0.0299040004611015,0,112.368797302246,-85.515,23.9374,16.4639923800282,63,63,63,63,61,63,0,8520,1.66016505209534,24,-86,0.001869,51,2024-01-08 19:37:05.002092,762,1.037,0.0011,"aoml_navis",1030.67159037729
"7901009",22,0,1,0.028035,1,0.005607,1,116.613593887833,1,4.85115101474519,764,1,8.27400016784668,34.9939994812012,0.0280349999666214,0,112.452102661133,-85.515,23.9374,16.4639923800282,63,63,63,63,61,63,0,8520,1.66016505209534,24,-86,0.001869,51,2024-01-08 19:37:05.002092,764,1.037,0.0011,"aoml_navis",1030.68323059875
"7901009",22,0,1,0.029904,1,0.007476,1,116.658698682935,1,4.85110529150594,766,1,8.26500034332275,34.9930000305176,0.0299040004611015,0,112.495597839355,-85.515,23.9374,16.4639923800282,63,63,63,63,61,63,0,8520,1.66016505209534,24,-86,0.001869,51,2024-01-08 19:37:05.002092,766,1.037,0.0011,"aoml_navis",1030.69294512217
"7901009",22,0,1,0.033642,1,0.011214,1,116.741763977406,1,4.85106006107147,768,1,8.2519998550415,34.9910011291504,0.0336420014500618,0,112.575698852539,-85.515,23.9374,16.4639923800282,63,63,63,63,61,63,0,8520,1.66016505209534,24,-86,0.001869,51,2024-01-08 19:37:05.002092,768,1.037,0.0011,"aoml_navis",1030.70255512269
"7901009",22,0,1,0.029904,1,0.007476,1,116.942009963029,1,4.85100820374248,770,1,8.22599983215332,34.9879989624023,0.0299040004611015,0,112.768798828125,-85.515,23.9374,16.4639923800282,63,63,63,63,61,63,0,8520,1.66016505209534,24,-86,0.001869,51,2024-01-08 19:37:05.002092,770,1.037,0.0011,"aoml_navis",1030.7135733439
"7901009",22,0,1,0.029904,1,0.007476,1,117.228121996931,1,4.85094419558536,772,1,8.18000030517578,34.984001159668,0.0299040004611015,0,113.044700622559,-85.515,23.9374,16.4639923800282,63,63,63,63,61,63,0,8520,1.66016505209534,24,-86,0.001869,51,2024-01-08 19:37:05.002092,772,1.037,0.0011,"aoml_navis",1030.72717359855
"7901009",22,0,1,0.029904,1,0.007476,1,117.552495176092,1,4.85086661185156,774,1,8.11200046539307,34.9790000915527,0.0299040004611015,0,113.357498168945,-85.515,23.9374,16.4639923800282,63,63,63,63,61,63,0,8520,1.66016505209534,24,-86,0.001869,51,2024-01-08 19:37:05.002092,774,1.037,0.0011,"aoml_navis",1030.74365883079
"7901009",22,0,1,0.031773,1,0.009345,1,117.705769197406,1,4.85081016616329,776,1,8.07999992370605,34.976001739502,0.0317730009555817,0,113.505302429199,-85.515,23.9374,16.4639923800282,63,63,63,63,61,63,0,8520,1.66016505209534,24,-86,0.001869,51,2024-01-08 19:37:05.002092,776,1.037,0.0011,"aoml_navis",1030.75565291699
"7901009",22,0,1,0.028035,1,0.005607,1,117.748903970761,1,4.85076346267762,778,1,8.0649995803833,34.9739990234375,0.0280349999666214,0,113.546897888184,-85.515,23.9374,16.4639923800282,63,63,63,63,61,63,0,8520,1.66016505209534,24,-86,0.001869,51,2024-01-08 19:37:05.002092,778,1.037,0.0011,"aoml_navis",1030.76557710361
"7901009",22,0,1,0.029904,1,0.007476,1,117.820457692372,1,4.85071465619244,780,1,8.05200004577637,34.9729995727539,0.0299040004611015,0,113.615898132324,-85.515,23.9374,16.4639923800282,63,63,63,63,61,63,0,8520,1.66016505209534,24,-86,0.001869,51,2024-01-08 19:37:05.002092,780,1.037,0.0011,"aoml_navis",1030.77594836814
"7901009",22,0,1,0.031773,1,0.009345,1,117.901655817636,1,4.85065879071893,782,1,8.02999973297119,34.9720001220703,0.0317730009555817,0,113.694198608398,-85.515,23.9374,16.4639923800282,63,63,63,63,61,63,0,8520,1.66016505209534,24,-86,0.001869,51,2024-01-08 19:37:05.002092,782,1.037,0.0011,"aoml_navis",1030.78781990744
"7901009",22,0,1,0.028035,1,0.005607,1,117.964601572738,1,4.85061156868485,784,1,8.01900005340576,34.9710006713867,0.0280349999666214,0,113.754898071289,-85.515,23.9374,16.4639923800282,63,63,63,63,61,63,0,8520,1.66016505209534,24,-86,0.001869,51,2024-01-08 19:37:05.002092,784,1.037,0.0011,"aoml_navis",1030.79785490959
"7901009",22,0,1,0.026166,1,0.003738,1,118.015212934651,1,4.8505667026344,786,1,8.01099967956543,34.9700012207031,0.0261659994721413,0,113.803703308105,-85.515,23.9374,16.4639923800282,63,63,63,63,61,63,0,8520,1.66016505209534,24,-86,0.001869,51,2024-01-08 19:37:05.002092,786,1.037,0.0011,"aoml_navis",1030.80738943028
"7901009",22,0,1,0.035511,1,0.013083,1,118.134672205173,1,4.85052003598044,788,1,7.99599981307983,34.9679985046387,0.0355109982192516,0,113.918899536133,-85.515,23.9374,16.4639923800282,63,63,63,63,61,63,0,8520,1.66016505209534,24,-86,0.001869,51,2024-01-08 19:37:05.002092,788,1.037,0.0011,"aoml_navis",1030.81730678582
"7901009",22,0,1,0.031773,1,0.009345,1,118.249052142516,1,4.85047047758109,790,1,7.98199987411499,34.9669990539551,0.0317730009555817,0,114.029197692871,-85.515,23.9374,16.4639923800282,63,63,63,63,61,63,0,8520,1.66016505209534,24,-86,0.001869,51,2024-01-08 19:37:05.002092,790,1.037,0.0011,"aoml_navis",1030.82783888904
"7901009",22,0,1,0.033642,1,0.011214,1,118.509443129431,1,4.85041653050653,792,1,7.95300006866455,34.9640007019043,0.0336420014500618,0,114.280296325684,-85.515,23.9374,16.4639923800282,63,63,63,63,61,63,0,8520,1.66016505209534,24,-86,0.001869,51,2024-01-08 19:37:05.002092,792,1.037,0.0011,"aoml_navis",1030.83930391394
"7901009",22,0,1,0.029904,1,0.007476,1,118.800017381267,1,4.85035381592397,794,1,7.90799999237061,34.9599990844727,0.0299040004611015,0,114.560501098633,-85.515,23.9374,16.4639923800282,63,63,63,63,61,63,0,8520,1.66016505209534,24,-86,0.001869,51,2024-01-08 19:37:05.002092,794,1.037,0.0011,"aoml_navis",1030.85263256151
"7901009",22,0,1,0.028035,1,0.005607,1,119.103131731373,1,4.85028205985009,796,1,7.85599994659424,34.9570007324219,0.0280349999666214,0,114.852798461914,-85.515,23.9374,16.4639923800282,63,63,63,63,61,63,0,8520,1.66016505209534,24,-86,0.001869,51,2024-01-08 19:37:05.002092,796,1.037,0.0011,"aoml_navis",1030.86788320812
"7901009",22,0,1,0.028035,1,0.005607,1,119.266358713964,1,4.85023391000557,798,1,7.83900022506714,34.9550018310547,0.0280349999666214,0,115.010200500488,-85.515,23.9374,16.4639923800282,63,63,63,63,61,63,0,8520,1.66016505209534,24,-86,0.001869,51,2024-01-08 19:37:05.002092,798,1.037,0.0011,"aoml_navis",1030.87811696782
"7901009",22,0,1,0.029904,1,0.007476,1,119.410194036707,1,4.85018112784706,800,1,7.81599998474121,34.9529991149902,0.0299040004611015,0,115.148902893066,-85.515,23.9374,16.4639923800282,63,63,63,63,61,63,0,8520,1.66016505209534,24,-86,0.001869,51,2024-01-08 19:37:05.002092,800,1.037,0.0011,"aoml_navis",1030.88933551219
"7901009",22,0,1,0.029904,1,0.007476,1,119.674216509493,1,4.85011575793439,802,1,7.77199983596802,34.9500007629395,0.0299040004611015,0,115.403503417969,-85.515,23.9374,16.4639923800282,63,63,63,63,61,63,0,8520,1.66016505209534,24,-86,0.001869,51,2024-01-08 19:37:05.002092,802,1.037,0.0011,"aoml_navis",1030.90322984981
"7901009",22,0,1,0.028035,1,0.005607,1,119.848432890505,1,4.85006379490969,804,1,7.75,34.9480018615723,0.0280349999666214,0,115.571502685547,-85.515,23.9374,16.4639923800282,63,63,63,63,61,63,0,8520,1.66016505209534,24,-86,0.001869,51,2024-01-08 19:37:05.002092,804,1.037,0.0011,"aoml_navis",1030.91427482824
"7901009",22,0,1,0.028035,1,0.005607,1,119.952859866571,1,4.85001051046444,806,1,7.73099994659424,34.9469985961914,0.0280349999666214,0,115.672203063965,-85.515,23.9374,16.4639923800282,63,63,63,63,61,63,0,8520,1.66016505209534,24,-86,0.001869,51,2024-01-08 19:37:05.002092,806,1.037,0.0011,"aoml_navis",1030.92560092642
"7901009",22,0,1,0.029904,1,0.007476,1,120.05977112709,1,4.84995799664783,808,1,7.71299982070923,34.9459991455078,0.0299040004611015,0,115.775299072266,-85.515,23.9374,16.4639923800282,63,63,63,63,61,63,0,8520,1.66016505209534,24,-86,0.001869,51,2024-01-08 19:37:05.002092,808,1.037,0.0011,"aoml_navis",1030.93676346391
"7901009",22,0,1,0.029904,1,0.007476,1,120.199460701256,1,4.84991552101902,810,1,7.70800018310547,34.9449996948242,0.0299040004611015,0,115.910003662109,-85.515,23.9374,16.4639923800282,63,63,63,63,61,63,0,8520,1.66016505209534,24,-86,0.001869,51,2024-01-08 19:37:05.002092,810,1.037,0.0011,"aoml_navis",1030.94579242268
"7901009",22,0,1,0.029904,1,0.007476,1,120.418370467206,1,4.84985839717227,812,1,7.68400001525879,34.9440002441406,0.0299040004611015,0,116.121101379395,-85.515,23.9374,16.4639923800282,63,63,63,63,61,63,0,8520,1.66016505209534,24,-86,0.001869,51,2024-01-08 19:37:05.002092,812,1.037,0.0011,"aoml_navis",1030.95793537297
"7901009",22,0,1,0.029904,1,0.007476,1,120.665802033953,1,4.8498026569312,814,1,7.65700006484985,34.9420013427734,0.0299040004611015,0,116.359703063965,-85.515,23.9374,16.4639923800282,63,63,63,63,61,63,0,8520,1.66016505209534,24,-86,0.001869,51,2024-01-08 19:37:05.002092,814,1.037,0.0011,"aoml_navis",1030.9697844827
"7901009",22,0,1,0.031773,1,0.009345,1,120.937182419289,1,4.84974619076343,816,1,7.62900018692017,34.939998626709,0.0317730009555817,0,116.621398925781,-85.515,23.9374,16.4639923800282,63,63,63,63,61,63,0,8520,1.66016505209534,24,-86,0.001869,51,2024-01-08 19:37:05.002092,816,1.037,0.0011,"aoml_navis",1030.98178818569
"7901009",22,0,1,0.031773,1,0.009345,1,121.124468984744,1,4.84969264443944,818,1,7.59999990463257,34.9370002746582,0.0317730009555817,0,116.802001953125,-85.515,23.9374,16.4639923800282,63,63,63,63,61,63,0,8520,1.66016505209534,24,-86,0.001869,51,2024-01-08 19:37:05.002092,818,1.037,0.0011,"aoml_navis",1030.99317144003
"7901009",22,0,1,0.033642,1,0.011214,1,121.317974173063,1,4.84963807906909,820,1,7.58400011062622,34.9370002746582,0.0336420014500618,0,116.98860168457,-85.515,23.9374,16.4639923800282,63,63,63,63,61,63,0,8520,1.66016505209534,24,-86,0.001869,51,2024-01-08 19:37:05.002092,820,1.037,0.0011,"aoml_navis",1031.00477158901
"7901009",22,0,1,0.028035,1,0.005607,1,121.482854708044,1,4.84959392745906,822,1,7.57200002670288,34.935001373291,0.0280349999666214,0,117.147598266602,-85.515,23.9374,16.4639923800282,63,63,63,63,61,63,0,8520,1.66016505209534,24,-86,0.001869,51,2024-01-08 19:37:05.002092,822,1.037,0.0011,"aoml_navis",1031.01415804926
"7901009",22,0,1,0.029904,1,0.007476,1,121.790534128624,1,4.84953082180731,824,1,7.53999996185303,34.9339981079102,0.0299040004611015,0,117.444297790527,-85.515,23.9374,16.4639923800282,63,63,63,63,61,63,0,8520,1.66016505209534,24,-86,0.001869,51,2024-01-08 19:37:05.002092,824,1.037,0.0011,"aoml_navis",1031.02757436164
"7901009",22,0,1,0.031773,1,0.009345,1,122.039104985057,1,4.84946836117844,826,1,7.50400018692017,34.931999206543,0.0317730009555817,0,117.68399810791,-85.515,23.9374,16.4639923800282,63,63,63,63,61,63,0,8520,1.66016505209534,24,-86,0.001869,51,2024-01-08 19:37:05.002092,826,1.037,0.0011,"aoml_navis",1031.04085388547
"7901009",22,0,1,0.031773,1,0.009345,1,122.222245801935,1,4.84941523447847,828,1,7.4850001335144,34.9309997558594,0.0317730009555817,0,117.86060333252,-85.515,23.9374,16.4639923800282,63,63,63,63,61,63,0,8520,1.66016505209534,24,-86,0.001869,51,2024-01-08 19:37:05.002092,828,1.037,0.0011,"aoml_navis",1031.05214922634
"7901009",22,0,1,0.031773,1,0.009345,1,122.537599604422,1,4.8493651673942,830,1,7.46999979019165,34.9300003051758,0.0317730009555817,0,118.164703369141,-85.515,23.9374,16.4639923800282,63,63,63,63,61,63,0,8520,1.66016505209534,24,-86,0.001869,51,2024-01-08 19:37:05.002092,830,1.037,0.0011,"aoml_navis",1031.06279428463
"7901009",22,0,1,0.029904,1,0.007476,1,122.913612670906,1,4.84930356491447,832,1,7.43499994277954,34.9280014038086,0.0299040004611015,0,118.527297973633,-85.515,23.9374,16.4639923800282,63,63,63,63,61,63,0,8520,1.66016505209534,24,-86,0.001869,51,2024-01-08 19:37:05.002092,832,1.037,0.0011,"aoml_navis",1031.07589225303
"7901009",22,0,1,0.031773,1,0.009345,1,123.28870006452,1,4.84921864354269,834,1,7.37400007247925,34.9269981384277,0.0317730009555817,0,118.888999938965,-85.515,23.9374,16.4639923800282,63,63,63,63,61,63,0,8520,1.66016505209534,24,-86,0.001869,51,2024-01-08 19:37:05.002092,834,1.037,0.0011,"aoml_navis",1031.09394884846
"7901009",22,0,1,0.029904,1,0.007476,1,123.44767053426,1,4.84916928124112,836,1,7.35500001907349,34.9249992370605,0.0299040004611015,0,119.042297363281,-85.515,23.9374,16.4639923800282,63,63,63,63,61,63,0,8520,1.66016505209534,24,-86,0.001869,51,2024-01-08 19:37:05.002092,836,1.037,0.0011,"aoml_navis",1031.1044449082
"7901009",22,0,1,0.031773,1,0.009345,1,123.620336215423,1,4.84911788159256,838,1,7.34299993515015,34.9249992370605,0.0317730009555817,0,119.208801269531,-85.515,23.9374,16.4639923800282,63,63,63,63,61,63,0,8520,1.66016505209534,24,-86,0.001869,51,2024-01-08 19:37:05.002092,838,1.037,0.0011,"aoml_navis",1031.11537440246
"7901009",22,0,1,0.029904,1,0.007476,1,123.842252440264,1,4.84906789138622,840,1,7.32800006866455,34.923999786377,0.0299040004611015,0,119.422798156738,-85.515,23.9374,16.4639923800282,63,63,63,63,61,63,0,8520,1.66016505209534,24,-86,0.001869,51,2024-01-08 19:37:05.002092,840,1.037,0.0011,"aoml_navis",1031.12600441868
"7901009",22,0,1,0.029904,1,0.007476,1,124.141118189253,1,4.84901715358235,842,1,7.31199979782104,34.9230003356934,0.0299040004611015,0,119.710998535156,-85.515,23.9374,16.4639923800282,63,63,63,63,61,63,0,8520,1.66016505209534,24,-86,0.001869,51,2024-01-08 19:37:05.002092,842,1.037,0.0011,"aoml_navis",1031.13679362964
"7901009",22,0,1,0.028035,1,0.005607,1,124.411367196637,1,4.84896717976776,844,1,7.29699993133545,34.9220008850098,0.0280349999666214,0,119.971603393555,-85.515,23.9374,16.4639923800282,63,63,63,63,61,63,0,8520,1.66016505209534,24,-86,0.001869,51,2024-01-08 19:37:05.002092,844,1.037,0.0011,"aoml_navis",1031.14742060174
"7901009",22,0,1,0.031773,1,0.009345,1,124.793393180904,1,4.8489089217226,846,1,7.27099990844727,34.9210014343262,0.0317730009555817,0,120.339996337891,-85.515,23.9374,16.4639923800282,63,63,63,63,61,63,0,8520,1.66016505209534,24,-86,0.001869,51,2024-01-08 19:37:05.002092,846,1.037,0.0011,"aoml_navis",1031.15980949869
"7901009",22,0,1,0.031773,1,0.009345,1,125.235366373114,1,4.84884159102326,848,1,7.22800016403198,34.9189987182617,0.0317730009555817,0,120.76619720459,-85.515,23.9374,16.4639923800282,63,63,63,63,61,63,0,8520,1.66016505209534,24,-86,0.001869,51,2024-01-08 19:37:05.002092,848,1.037,0.0011,"aoml_navis",1031.17412811682
"7901009",22,0,1,0.033642,1,0.011214,1,125.505821085581,1,4.84878257326424,850,1,7.19600009918213,34.9169998168945,0.0336420014500618,0,121.027000427246,-85.515,23.9374,16.4639923800282,63,63,63,63,61,63,0,8520,1.66016505209534,24,-86,0.001869,51,2024-01-08 19:37:05.002092,850,1.037,0.0011,"aoml_navis",1031.18667922327
"7901009",22,0,1,0.029904,1,0.007476,1,125.839941520935,1,4.84872217059425,852,1,7.16699981689453,34.9160003662109,0.0299040004611015,0,121.349197387695,-85.515,23.9374,16.4639923800282,63,63,63,63,61,63,0,8520,1.66016505209534,24,-86,0.001869,51,2024-01-08 19:37:05.002092,852,1.037,0.0011,"aoml_navis",1031.1995251704
"7901009",22,0,1,0.029904,1,0.007476,1,126.122010658803,1,4.84866554081793,854,1,7.14300012588501,34.9150009155273,0.0299040004611015,0,121.621200561523,-85.515,23.9374,16.4639923800282,63,63,63,63,61,63,0,8520,1.66016505209534,24,-86,0.001869,51,2024-01-08 19:37:05.002092,854,1.037,0.0011,"aoml_navis",1031.21156901999
"7901009",22,0,1,0.028035,1,0.005607,1,126.434769412562,1,4.84860445099379,856,1,7.11299991607666,34.9140014648438,0.0280349999666214,0,121.922798156738,-85.515,23.9374,16.4639923800282,63,63,63,63,61,63,0,8520,1.66016505209534,24,-86,0.001869,51,2024-01-08 19:37:05.002092,856,1.037,0.0011,"aoml_navis",1031.2245617345
"7901009",22,0,1,0.031773,1,0.009345,1,126.760392645683,1,4.84854932044525,858,1,7.08599996566772,34.9119987487793,0.0317730009555817,0,122.236801147461,-85.515,23.9374,16.4639923800282,63,63,63,63,61,63,0,8520,1.66016505209534,24,-86,0.001869,51,2024-01-08 19:37:05.002092,858,1.037,0.0011,"aoml_navis",1031.23628729858
"7901009",22,0,1,0.028035,1,0.005607,1,126.986771088457,1,4.84849723332495,860,1,7.06799983978271,34.9109992980957,0.0280349999666214,0,122.455101013184,-85.515,23.9374,16.4639923800282,63,63,63,63,61,63,0,8520,1.66016505209534,24,-86,0.001869,51,2024-01-08 19:37:05.002092,860,1.037,0.0011,"aoml_navis",1031.24736580929
"7901009",22,0,1,0.031773,1,0.009345,1,127.180481981859,1,4.84843771827084,862,1,7.03999996185303,34.9099998474121,0.0317730009555817,0,122.641899108887,-85.515,23.9374,16.4639923800282,63,63,63,63,61,63,0,8520,1.66016505209534,24,-86,0.001869,51,2024-01-08 19:37:05.002092,862,1.037,0.0011,"aoml_navis",1031.26002447304
"7901009",22,0,1,0.029904,1,0.007476,1,127.311666442056,1,4.84838644739358,864,1,7.02799987792969,34.9099998474121,0.0299040004611015,0,122.768402099609,-85.515,23.9374,16.4639923800282,63,63,63,63,61,63,0,8520,1.66016505209534,24,-86,0.001869,51,2024-01-08 19:37:05.002092,864,1.037,0.0011,"aoml_navis",1031.27092987564
"7901009",22,0,1,0.029904,1,0.007476,1,127.380933672563,1,4.84833666780221,866,1,7.01800012588501,34.9099998474121,0.0299040004611015,0,122.83519744873,-85.515,23.9374,16.4639923800282,63,63,63,63,61,63,0,8520,1.66016505209534,24,-86,0.001869,51,2024-01-08 19:37:05.002092,866,1.037,0.0011,"aoml_navis",1031.28151829987
"7901009",22,0,1,0.035511,1,0.013083,1,127.515227444193,1,4.84828626053508,868.099975585938,1,7.01000022888184,34.9099998474121,0.0355109982192516,0,122.964698791504,-85.515,23.9374,16.4639923800282,63,63,63,63,61,63,0,8520,1.66016505209534,24,-86,0.001869,51,2024-01-08 19:37:05.002092,868.099975585938,1.037,0.0011,"aoml_navis",1031.29224045615
"7901009",22,0,1,0.029904,1,0.007476,1,127.653983433757,1,4.84824306024172,870,1,7.00600004196167,34.9099998474121,0.0299040004611015,0,123.098503112793,-85.515,23.9374,16.4639923800282,63,63,63,63,61,63,0,8520,1.66016505209534,24,-86,0.001869,51,2024-01-08 19:37:05.002092,870,1.037,0.0011,"aoml_navis",1031.30142979067
"7901009",22,0,1,0.031773,1,0.009345,1,127.878906117489,1,4.84819993246995,872,1,7,34.9090003967285,0.0317730009555817,0,123.315399169922,-85.515,23.9374,16.4639923800282,63,63,63,63,61,63,0,8520,1.66016505209534,24,-86,0.001869,51,2024-01-08 19:37:05.002092,872,1.037,0.0011,"aoml_navis",1031.31060386215
"7901009",22,0,1,0.028035,1,0.005607,1,128.177874719019,1,4.8481530941379,874,1,6.98899984359741,34.9080009460449,0.0280349999666214,0,123.603698730469,-85.515,23.9374,16.4639923800282,63,63,63,63,61,63,0,8520,1.66016505209534,24,-86,0.001869,51,2024-01-08 19:37:05.002092,874,1.037,0.0011,"aoml_navis",1031.32056742303
"7901009",22,0,1,0.028035,1,0.005607,1,128.715358363163,1,4.8480973404706,876,1,6.96099996566772,34.9059982299805,0.0280349999666214,0,124.122001647949,-85.515,23.9374,16.4639923800282,63,63,63,63,61,63,0,8520,1.66016505209534,24,-86,0.001869,51,2024-01-08 19:37:05.002092,876,1.037,0.0011,"aoml_navis",1031.3324277261
"7901009",22,0,1,0.028035,1,0.005607,1,129.337038679729,1,4.84802240161882,878,1,6.91200017929077,34.9049987792969,0.0280349999666214,0,124.721496582031,-85.515,23.9374,16.4639923800282,63,63,63,63,61,63,0,8520,1.66016505209534,24,-86,0.001869,51,2024-01-08 19:37:05.002092,878,1.037,0.0011,"aoml_navis",1031.34836966315
"7901009",22,0,1,0.029904,1,0.007476,1,129.893605426098,1,4.84794095330262,880,1,6.86399984359741,34.9059982299805,0.0299040004611015,0,125.258201599121,-85.515,23.9374,16.4639923800282,63,63,63,63,61,63,0,8520,1.66016505209534,24,-86,0.001869,51,2024-01-08 19:37:05.002092,880,1.037,0.0011,"aoml_navis",1031.36569693445
"7901009",22,0,1,0.031773,1,0.009345,1,130.343870115461,1,4.84788238805884,882,1,6.83699989318848,34.9049987792969,0.0317730009555817,0,125.692398071289,-85.515,23.9374,16.4639923800282,63,63,63,63,61,63,0,8520,1.66016505209534,24,-86,0.001869,51,2024-01-08 19:37:05.002092,882,1.037,0.0011,"aoml_navis",1031.37815643297
"7901009",22,0,1,0.024297,1,0.001869,1,130.841217533407,1,4.84780329536702,884,1,6.78700017929077,34.9049987792969,0.0242970008403063,0,126.171997070312,-85.515,23.9374,16.4639923800282,63,63,63,63,61,63,0,8520,1.66016505209534,24,-86,0.001869,51,2024-01-08 19:37:05.002092,884,1.037,0.0011,"aoml_navis",1031.39498353377
"7901009",22,0,1,0.029904,1,0.007476,1,131.119552332862,1,4.84774627714582,886,1,6.76200008392334,34.9039993286133,0.0299040004611015,0,126.440399169922,-85.515,23.9374,16.4639923800282,63,63,63,63,61,63,0,8520,1.66016505209534,24,-86,0.001869,51,2024-01-08 19:37:05.002092,886,1.037,0.0011,"aoml_navis",1031.40711459508
"7901009",22,0,1,0.031773,1,0.009345,1,131.344894338492,1,4.84769365628166,888,1,6.7480001449585,34.9039993286133,0.0317730009555817,0,126.657699584961,-85.515,23.9374,16.4639923800282,63,63,63,63,61,63,0,8520,1.66016505209534,24,-86,0.001869,51,2024-01-08 19:37:05.002092,888,1.037,0.0011,"aoml_navis",1031.41831033836
"7901009",22,0,1,0.029904,1,0.007476,1,131.496712600765,1,4.84764031057637,890,1,6.73299980163574,34.9039993286133,0.0299040004611015,0,126.804100036621,-85.515,23.9374,16.4639923800282,63,63,63,63,61,63,0,8520,1.66016505209534,24,-86,0.001869,51,2024-01-08 19:37:05.002092,890,1.037,0.0011,"aoml_navis",1031.4296605487
"7901009",22,0,1,0.026166,1,0.003738,1,131.712101645119,1,4.84759282101657,892,1,6.72599983215332,34.9039993286133,0.0261659994721413,0,127.01180267334,-85.515,23.9374,16.4639923800282,63,63,63,63,61,63,0,8520,1.66016505209534,24,-86,0.001869,51,2024-01-08 19:37:05.002092,892,1.037,0.0011,"aoml_navis",1031.43976497421
"7901009",22,0,1,0.029904,1,0.007476,1,132.006916586338,1,4.84754021766328,894,1,6.71199989318848,34.9039993286133,0.0299040004611015,0,127.296096801758,-85.515,23.9374,16.4639923800282,63,63,63,63,61,63,0,8520,1.66016505209534,24,-86,0.001869,51,2024-01-08 19:37:05.002092,894,1.037,0.0011,"aoml_navis",1031.4509577004
"7901009",22,0,1,0.029904,1,0.007476,1,132.333576256602,1,4.8474876450372,896,1,6.69299983978271,34.9029998779297,0.0299040004611015,0,127.611099243164,-85.515,23.9374,16.4639923800282,63,63,63,63,61,63,0,8520,1.66016505209534,24,-86,0.001869,51,2024-01-08 19:37:05.002092,896,1.037,0.0011,"aoml_navis",1031.46214413129
"7901009",22,0,1,0.029904,1,0.007476,1,132.764037875953,1,4.84743214059229,898,1,6.67500019073486,34.9029998779297,0.0299040004611015,0,128.02619934082,-85.515,23.9374,16.4639923800282,63,63,63,63,61,63,0,8520,1.66016505209534,24,-86,0.001869,51,2024-01-08 19:37:05.002092,898,1.037,0.0011,"aoml_navis",1031.47395465944
"7901009",22,0,1,0.029904,1,0.007476,1,133.323397464397,1,4.84735990298997,900,1,6.63399982452393,34.9029998779297,0.0299040004611015,0,128.56559753418,-85.515,23.9374,16.4639923800282,63,63,63,63,61,63,0,8520,1.66016505209534,24,-86,0.001869,51,2024-01-08 19:37:05.002092,900,1.037,0.0011,"aoml_navis",1031.48932616204
"7901009",22,0,1,0.028035,1,0.005607,1,133.693191908017,1,4.84729431294623,902,1,6.59700012207031,34.9020004272461,0.0280349999666214,0,128.92219543457,-85.515,23.9374,16.4639923800282,63,63,63,63,61,63,0,8520,1.66016505209534,24,-86,0.001869,51,2024-01-08 19:37:05.002092,902,1.037,0.0011,"aoml_navis",1031.50328352168
"7901009",22,0,1,0.028035,1,0.005607,1,134.089221661329,1,4.84722944941063,904,1,6.56599998474121,34.9020004272461,0.0280349999666214,0,129.304092407227,-85.515,23.9374,16.4639923800282,63,63,63,63,61,63,0,8520,1.66016505209534,24,-86,0.001869,51,2024-01-08 19:37:05.002092,904,1.037,0.0011,"aoml_navis",1031.5170866541
"7901009",22,0,1,0.029904,1,0.007476,1,134.272568183289,1,4.84717837264692,906,1,6.55399990081787,34.9020004272461,0.0299040004611015,0,129.480895996094,-85.515,23.9374,16.4639923800282,63,63,63,63,61,63,0,8520,1.66016505209534,24,-86,0.001869,51,2024-01-08 19:37:05.002092,906,1.037,0.0011,"aoml_navis",1031.52795618487
"7901009",22,0,1,0.029904,1,0.007476,1,134.444094574767,1,4.84713236794864,908,1,6.54899978637695,34.9020004272461,0.0299040004611015,0,129.646301269531,-85.515,23.9374,16.4639923800282,63,63,63,63,61,63,0,8520,1.66016505209534,24,-86,0.001869,51,2024-01-08 19:37:05.002092,908,1.037,0.0011,"aoml_navis",1031.53774653694
"7901009",22,0,1,0.026166,1,0.003738,1,134.667252941835,1,4.84708274607483,910,1,6.53900003433228,34.9020004272461,0.0261659994721413,0,129.86149597168,-85.515,23.9374,16.4639923800282,63,63,63,63,61,63,0,8520,1.66016505209534,24,-86,0.001869,51,2024-01-08 19:37:05.002092,910,1.037,0.0011,"aoml_navis",1031.54830687572
"7901009",22,0,1,0.029904,1,0.007476,1,134.950777838744,1,4.84703095755684,912,1,6.52600002288818,34.9020004272461,0.0299040004611015,0,130.134902954102,-85.515,23.9374,16.4639923800282,63,63,63,63,61,63,0,8520,1.66016505209534,24,-86,0.001869,51,2024-01-08 19:37:05.002092,912,1.037,0.0011,"aoml_navis",1031.55932854208
"7901009",22,0,1,0.024297,1,0.001869,1,135.236059140585,1,4.84696761584157,914,1,6.49700021743774,34.9020004272461,0.0242970008403063,0,130.410003662109,-85.515,23.9374,16.4639923800282,63,63,63,63,61,63,0,8520,1.66016505209534,24,-86,0.001869,51,2024-01-08 19:37:05.002092,914,1.037,0.0011,"aoml_navis",1031.57280928766
"7901009",22,0,1,0.029904,1,0.007476,1,135.346696827781,1,4.84691801111789,916,1,6.48699998855591,34.9020004272461,0.0299040004611015,0,130.516693115234,-85.515,23.9374,16.4639923800282,63,63,63,63,61,63,0,8520,1.66016505209534,24,-86,0.001869,51,2024-01-08 19:37:05.002092,916,1.037,0.0011,"aoml_navis",1031.58336669425
"7901009",22,0,1,0.029904,1,0.007476,1,135.473838391944,1,4.84687418353528,918,1,6.4850001335144,34.9020004272461,0.0299040004611015,0,130.639297485352,-85.515,23.9374,16.4639923800282,63,63,63,63,61,63,0,8520,1.66016505209534,24,-86,0.001869,51,2024-01-08 19:37:05.002092,918,1.037,0.0011,"aoml_navis",1031.59269472785
"7901009",22,0,1,0.029904,1,0.007476,1,135.77945284997,1,4.84683258881888,920,1,6.48099994659424,34.9010009765625,0.0299040004611015,0,130.934005737305,-85.515,23.9374,16.4639923800282,63,63,63,63,61,63,0,8520,1.66016505209534,24,-86,0.001869,51,2024-01-08 19:37:05.002092,920,1.037,0.0011,"aoml_navis",1031.6015476859
"7901009",22,0,1,0.031773,1,0.009345,1,136.032992275306,1,4.84677570899655,922,1,6.46600008010864,34.9020004272461,0.0317730009555817,0,131.178497314453,-85.515,23.9374,16.4639923800282,63,63,63,63,61,63,0,8520,1.66016505209534,24,-86,0.001869,51,2024-01-08 19:37:05.002092,922,1.037,0.0011,"aoml_navis",1031.6136541493
"7901009",22,0,1,0.028035,1,0.005607,1,136.360379825092,1,4.84671746754432,924,1,6.44399976730347,34.9020004272461,0.0280349999666214,0,131.494201660156,-85.515,23.9374,16.4639923800282,63,63,63,63,61,63,0,8520,1.66016505209534,24,-86,0.001869,51,2024-01-08 19:37:05.002092,924,1.037,0.0011,"aoml_navis",1031.62605072033
"7901009",22,0,1,0.029904,1,0.007476,1,136.684539387436,1,4.84666140329326,926,1,6.42500019073486,34.9020004272461,0.0299040004611015,0,131.806793212891,-85.515,23.9374,16.4639923800282,63,63,63,63,61,63,0,8520,1.66016505209534,24,-86,0.001869,51,2024-01-08 19:37:05.002092,926,1.037,0.0011,"aoml_navis",1031.6379841601
"7901009",22,0,1,0.026166,1,0.003738,1,136.950531881969,1,4.84660822759627,928,1,6.40999984741211,34.9020004272461,0.0261659994721413,0,132.063293457031,-85.515,23.9374,16.4639923800282,63,63,63,63,61,63,0,8520,1.66016505209534,24,-86,0.001869,51,2024-01-08 19:37:05.002092,928,1.037,0.0011,"aoml_navis",1031.64930301779
"7901009",22,0,1,0.029904,1,0.007476,1,137.270150109041,1,4.84654775667252,929.900024414062,1,6.38700008392334,34.9029998779297,0.0299040004611015,0,132.371505737305,-85.515,23.9374,16.4639923800282,63,63,63,63,61,63,0,8520,1.66016505209534,24,-86,0.001869,51,2024-01-08 19:37:05.002092,929.900024414062,1.037,0.0011,"aoml_navis",1031.66217502267
"7901009",22,0,1,0.031773,1,0.009345,1,137.48770696849,1,4.84650118246452,932,1,6.37900018692017,34.9020004272461,0.0317730009555817,0,132.581298828125,-85.515,23.9374,16.4639923800282,63,63,63,63,61,63,0,8520,1.66016505209534,24,-86,0.001869,51,2024-01-08 19:37:05.002092,932,1.037,0.0011,"aoml_navis",1031.6720891539
"7901009",22,0,1,0.026166,1,0.003738,1,137.857817881467,1,4.8464465961636,934,1,6.36199998855591,34.9020004272461,0.0261659994721413,0,132.938201904297,-85.515,23.9374,16.4639923800282,63,63,63,63,61,63,0,8520,1.66016505209534,24,-86,0.001869,51,2024-01-08 19:37:05.002092,934,1.037,0.0011,"aoml_navis",1031.68370904117
"7901009",22,0,1,0.028035,1,0.005607,1,138.105977327735,1,4.84638547860545,936,1,6.34100008010864,34.9029998779297,0.0280349999666214,0,133.177505493164,-85.515,23.9374,16.4639923800282,63,63,63,63,61,63,0,8520,1.66016505209534,24,-86,0.001869,51,2024-01-08 19:37:05.002092,936,1.037,0.0011,"aoml_navis",1031.6967195599
"7901009",22,0,1,0.028035,1,0.005607,1,138.182816087607,1,4.84633449533382,938,1,6.3289999961853,34.9029998779297,0.0280349999666214,0,133.251602172852,-85.515,23.9374,16.4639923800282,63,63,63,63,61,63,0,8520,1.66016505209534,24,-86,0.001869,51,2024-01-08 19:37:05.002092,938,1.037,0.0011,"aoml_navis",1031.70757297379
"7901009",22,0,1,0.028035,1,0.005607,1,138.225539450798,1,4.84629139307174,940,1,6.32800006866455,34.9029998779297,0.0280349999666214,0,133.29280090332,-85.515,23.9374,16.4639923800282,63,63,63,63,61,63,0,8520,1.66016505209534,24,-86,0.001869,51,2024-01-08 19:37:05.002092,940,1.037,0.0011,"aoml_navis",1031.71674884181
"7901009",22,0,1,0.031773,1,0.009345,1,138.315654100195,1,4.84624686006112,942,1,6.32499980926514,34.9029998779297,0.0317730009555817,0,133.379699707031,-85.515,23.9374,16.4639923800282,63,63,63,63,61,63,0,8520,1.66016505209534,24,-86,0.001869,51,2024-01-08 19:37:05.002092,942,1.037,0.0011,"aoml_navis",1031.72622946759
"7901009",22,0,1,0.029904,1,0.007476,1,138.431909118478,1,4.84620089672287,944,1,6.32000017166138,34.9029998779297,0.0299040004611015,0,133.491806030273,-85.515,23.9374,16.4639923800282,63,63,63,63,61,63,0,8520,1.66016505209534,24,-86,0.001869,51,2024-01-08 19:37:05.002092,944,1.037,0.0011,"aoml_navis",1031.73601477833
"7901009",22,0,1,0.028035,1,0.005607,1,138.592643904883,1,4.8461542187688,946,1,6.31400012969971,34.9029998779297,0.0280349999666214,0,133.64680480957,-85.515,23.9374,16.4639923800282,63,63,63,63,61,63,0,8520,1.66016505209534,24,-86,0.001869,51,2024-01-08 19:37:05.002092,946,1.037,0.0011,"aoml_navis",1031.74595241632
"7901009",22,0,1,0.028035,1,0.005607,1,138.873352224515,1,4.84610906956573,948,1,6.30499982833862,34.9020004272461,0.0280349999666214,0,133.917495727539,-85.515,23.9374,16.4639923800282,63,63,63,63,61,63,0,8520,1.66016505209534,24,-86,0.001869,51,2024-01-08 19:37:05.002092,948,1.037,0.0011,"aoml_navis",1031.75556476859
"7901009",22,0,1,0.031773,1,0.009345,1,139.27914505749,1,4.84604584503369,950,1,6.2810001373291,34.9029998779297,0.0317730009555817,0,134.308807373047,-85.515,23.9374,16.4639923800282,63,63,63,63,61,63,0,8520,1.66016505209534,24,-86,0.001869,51,2024-01-08 19:37:05.002092,950,1.037,0.0011,"aoml_navis",1031.76902569423
"7901009",22,0,1,0.028035,1,0.005607,1,139.570439277113,1,4.84598988692039,952,1,6.26200008392334,34.9029998779297,0.0280349999666214,0,134.589706420898,-85.515,23.9374,16.4639923800282,63,63,63,63,61,63,0,8520,1.66016505209534,24,-86,0.001869,51,2024-01-08 19:37:05.002092,952,1.037,0.0011,"aoml_navis",1031.78093984375
"7901009",22,0,1,0.026166,1,0.003738,1,139.817032200064,1,4.84594036447977,954,1,6.2519998550415,34.9029998779297,0.0261659994721413,0,134.827499389648,-85.515,23.9374,16.4639923800282,63,63,63,63,61,63,0,8520,1.66016505209534,24,-86,0.001869,51,2024-01-08 19:37:05.002092,954,1.037,0.0011,"aoml_navis",1031.79148399132
"7901009",22,0,1,0.028035,1,0.005607,1,140.232762170848,1,4.84589013249558,956,1,6.24100017547607,34.9029998779297,0.0280349999666214,0,135.228393554688,-85.515,23.9374,16.4639923800282,63,63,63,63,61,63,0,8520,1.66016505209534,24,-86,0.001869,51,2024-01-08 19:37:05.002092,956,1.037,0.0011,"aoml_navis",1031.80217943263
"7901009",22,0,1,0.029904,1,0.007476,1,140.719128102107,1,4.84582280235318,958,1,6.20599985122681,34.9029998779297,0.0299040004611015,0,135.697402954102,-85.515,23.9374,16.4639923800282,63,63,63,63,61,63,0,8520,1.66016505209534,24,-86,0.001869,51,2024-01-08 19:37:05.002092,958,1.037,0.0011,"aoml_navis",1031.81651577766
"7901009",22,0,1,0.033642,1,0.011214,1,141.01145084714,1,4.84576974092946,960,1,6.19099998474121,34.9029998779297,0.0336420014500618,0,135.979293823242,-85.515,23.9374,16.4639923800282,63,63,63,63,61,63,0,8520,1.66016505209534,24,-86,0.001869,51,2024-01-08 19:37:05.002092,960,1.037,0.0011,"aoml_navis",1031.82781422069
"7901009",22,0,1,0.029904,1,0.007476,1,141.27320265229,1,4.84571882010455,962,1,6.17899990081787,34.9029998779297,0.0299040004611015,0,136.231704711914,-85.515,23.9374,16.4639923800282,63,63,63,63,61,63,0,8520,1.66016505209534,24,-86,0.001869,51,2024-01-08 19:37:05.002092,962,1.037,0.0011,"aoml_navis",1031.83865709569
"7901009",22,0,1,0.031773,1,0.009345,1,141.566981156365,1,4.84566790427702,964,1,6.16699981689453,34.9029998779297,0.0317730009555817,0,136.514999389648,-85.515,23.9374,16.4639923800282,63,63,63,63,61,63,0,8520,1.66016505209534,24,-86,0.001869,51,2024-01-08 19:37:05.002092,964,1.037,0.0011,"aoml_navis",1031.84949913442
"7901009",22,0,1,0.029904,1,0.007476,1,141.937187010149,1,4.84561415303006,966,1,6.15100002288818,34.9029998779297,0.0299040004611015,0,136.871994018555,-85.515,23.9374,16.4639923800282,63,63,63,63,61,63,0,8520,1.66016505209534,24,-86,0.001869,51,2024-01-08 19:37:05.002092,966,1.037,0.0011,"aoml_navis",1031.86094519585
"7901009",22,0,1,0.028035,1,0.005607,1,142.253165839615,1,4.84555177010199,968,1,6.12799978256226,34.9039993286133,0.0280349999666214,0,137.176696777344,-85.515,23.9374,16.4639923800282,63,63,63,63,61,63,0,8520,1.66016505209534,24,-86,0.001869,51,2024-01-08 19:37:05.002092,968,1.037,0.0011,"aoml_navis",1031.87422964934
"7901009",22,0,1,0.031773,1,0.009345,1,142.506198913981,1,4.84550229303172,970,1,6.11800003051758,34.9039993286133,0.0317730009555817,0,137.420700073242,-85.515,23.9374,16.4639923800282,63,63,63,63,61,63,0,8520,1.66016505209534,24,-86,0.001869,51,2024-01-08 19:37:05.002092,970,1.037,0.0011,"aoml_navis",1031.88476604179
"7901009",22,0,1,0.029904,1,0.007476,1,142.923289702999,1,4.84545352806238,972,1,6.10900020599365,34.9039993286133,0.0299040004611015,0,137.822906494141,-85.515,23.9374,16.4639923800282,63,63,63,63,61,63,0,8520,1.66016505209534,24,-86,0.001869,51,2024-01-08 19:37:05.002092,972,1.037,0.0011,"aoml_navis",1031.8951509993
"7901009",22,0,1,0.024297,1,0.001869,1,143.286849700286,1,4.84539330210247,974,1,6.08900022506714,34.9049987792969,0.0242970008403063,0,138.173492431641,-85.515,23.9374,16.4639923800282,63,63,63,63,61,63,0,8520,1.66016505209534,24,-86,0.001869,51,2024-01-08 19:37:05.002092,974,1.037,0.0011,"aoml_navis",1031.90797697071
"7901009",22,0,1,0.029904,1,0.007476,1,143.642134023889,1,4.8453503439453,976,1,6.08300018310547,34.9039993286133,0.0299040004611015,0,138.516098022461,-85.515,23.9374,16.4639923800282,63,63,63,63,61,63,0,8520,1.66016505209534,24,-86,0.001869,51,2024-01-08 19:37:05.002092,976,1.037,0.0011,"aoml_navis",1031.91712571372
"7901009",22,0,1,0.029904,1,0.007476,1,144.05207260544,1,4.84529367079027,978,1,6.06799983978271,34.9049987792969,0.0299040004611015,0,138.911407470703,-85.515,23.9374,16.4639923800282,63,63,63,63,61,63,0,8520,1.66016505209534,24,-86,0.001869,51,2024-01-08 19:37:05.002092,978,1.037,0.0011,"aoml_navis",1031.9291955702
"7901009",22,0,1,0.031773,1,0.009345,1,148.883578631365,1,4.84474928090097,999.5,1,5.95260000228882,34.9070014953613,0.0317730009555817,0,143.570495605469,-85.515,23.9374,16.4639923800282,63,63,63,63,61,63,0,8520,1.66016505209534,24,-86,0.001869,51,2024-01-08 19:37:05.002092,999.5,1.037,0.0011,"aoml_navis",1032.0451503468
"7901009",22,0,1,0.029904,1,0.007476,1,159.178263519726,1,4.84342222528805,1050.09997558594,1,5.64029979705811,34.9169998168945,0.0299040004611015,0,153.497802734375,-85.515,23.9374,16.4639923800282,63,63,63,63,61,63,0,8520,1.66016505209534,24,-86,0.001869,51,2024-01-08 19:37:05.002092,1050.09997558594,1.037,0.0011,"aoml_navis",1032.32792175219
"7901009",22,0,1,0.033642,1,0.011214,1,166.090112510629,1,4.84217872476783,1099.19995117188,1,5.39340019226074,34.9259986877441,0.0336420014500618,0,160.162994384766,-85.515,23.9374,16.4639923800282,63,63,63,63,61,63,0,8520,1.66016505209534,24,-86,0.001869,51,2024-01-08 19:37:05.002092,1099.19995117188,1.037,0.0011,"aoml_navis",1032.5930297502
"7901009",22,0,1,0.035511,1,0.013083,1,171.076356228644,1,4.84092387734723,1149.5,1,5.14779996871948,34.931999206543,0.0355109982192516,0,164.971298217773,-85.515,23.9374,16.4639923800282,63,63,63,63,61,63,0,8520,1.66016505209534,24,-86,0.001869,51,2024-01-08 19:37:05.002092,1149.5,1.037,0.0011,"aoml_navis",1032.86069491759
"7901009",22,0,1,0.031773,1,0.009345,1,175.40244486802,1,4.83978088576466,1199.40002441406,1,5.04129981994629,34.9360008239746,0.0317730009555817,0,169.143005371094,-85.515,23.9374,16.4639923800282,63,63,63,63,61,63,0,8520,1.66016505209534,24,-86,0.001869,51,2024-01-08 19:37:05.002092,1199.40002441406,1.037,0.0011,"aoml_navis",1033.10462147297
"7901009",22,0,1,0.029904,1,0.007476,1,184.080113753476,1,4.83854001414707,1249.09997558594,1,4.79820013046265,34.943000793457,0.0299040004611015,0,177.511001586914,-85.515,23.9374,16.4639923800282,63,63,63,63,61,63,0,8520,1.66016505209534,24,-86,0.001869,51,2024-01-08 19:37:05.002092,1249.09997558594,1.037,0.0011,"aoml_navis",1033.3695671382
"7901009",22,0,1,0.026166,1,0.003738,1,191.453121891355,1,4.83728481767201,1299.69995117188,1,4.57560014724731,34.9529991149902,0.0261659994721413,0,184.620895385742,-85.515,23.9374,16.4639923800282,63,63,63,63,61,63,0,8520,1.66016505209534,24,-86,0.001869,51,2024-01-08 19:37:05.002092,1299.69995117188,1.037,0.0011,"aoml_navis",1033.63770967828
"7901009",22,0,1,0.031773,1,0.009345,1,194.78171494103,1,4.83615093858133,1349.5,1,4.47459983825684,34.9570007324219,0.0317730009555817,0,187.830703735352,-85.515,23.9374,16.4639923800282,63,63,63,63,61,63,0,8520,1.66016505209534,24,-86,0.001869,51,2024-01-08 19:37:05.002092,1349.5,1.037,0.0011,"aoml_navis",1033.8800553373
"7901009",22,0,1,0.028035,1,0.005607,1,196.490902644153,1,4.83504685344012,1399.69995117188,1,4.41830015182495,34.9589996337891,0.0280349999666214,0,189.478897094727,-85.515,23.9374,16.4639923800282,63,63,63,63,61,63,0,8520,1.66016505209534,24,-86,0.001869,51,2024-01-08 19:37:05.002092,1399.69995117188,1.037,0.0011,"aoml_navis",1034.1161423167
"7901009",22,0,1,0.028035,1,0.005607,1,197.890963079388,1,4.83398470625124,1449.5,1,4.40469980239868,34.9599990844727,0.0280349999666214,0,190.828994750977,-85.515,23.9374,16.4639923800282,63,63,63,63,61,63,0,8520,1.66016505209534,24,-86,0.001869,51,2024-01-08 19:37:05.002092,1449.5,1.037,0.0011,"aoml_navis",1034.34336346453
"7901009",22,0,1,0.031773,1,0.009345,1,199.887821427997,1,4.83288790550022,1499.80004882812,1,4.35869979858398,34.9620018005371,0.0317730009555817,0,192.754592895508,-85.515,23.9374,16.4639923800282,63,63,63,63,61,63,0,8520,1.66016505209534,24,-86,0.001869,51,2024-01-08 19:37:05.002092,1499.80004882812,1.037,0.0011,"aoml_navis",1034.57810273431
"7901009",22,0,1,0.026166,1,0.003738,1,200.824459960353,1,4.83182322381278,1549.80004882812,1,4.3435001373291,34.9630012512207,0.0261659994721413,0,193.657806396484,-85.515,23.9374,16.4639923800282,63,63,63,63,61,63,0,8520,1.66016505209534,24,-86,0.001869,51,2024-01-08 19:37:05.002092,1549.80004882812,1.037,0.0011,"aoml_navis",1034.80606975818
"7901009",22,0,1,0.029904,1,0.007476,1,201.587483403476,1,4.83076715447104,1599.5,1,4.32959985733032,34.9640007019043,0.0299040004611015,0,194.393600463867,-85.515,23.9374,16.4639923800282,63,63,63,63,61,63,0,8520,1.66016505209534,24,-86,0.001869,51,2024-01-08 19:37:05.002092,1599.5,1.037,0.0011,"aoml_navis",1035.03229199783
"7901009",22,0,1,0.028035,1,0.005607,1,202.3415982342,1,4.82971931058632,1649,1,4.31949996948242,34.9650001525879,0.0280349999666214,0,195.120803833008,-85.515,23.9374,16.4639923800282,63,63,63,63,61,63,0,8520,1.66016505209534,24,-86,0.001869,51,2024-01-08 19:37:05.002092,1649,1.037,0.0011,"aoml_navis",1035.25685002862
"7901009",22,0,1,0.035511,1,0.013083,1,203.1114732389,1,4.82866783115154,1699,1,4.31190013885498,34.9650001525879,0.0355109982192516,0,195.863204956055,-85.515,23.9374,16.4639923800282,63,63,63,63,61,63,0,8520,1.66016505209534,24,-86,0.001869,51,2024-01-08 19:37:05.002092,1699,1.037,0.0011,"aoml_navis",1035.48228514356
"7901009",22,0,1,0.028035,1,0.005607,1,203.729727774677,1,4.82759610062585,1749.90002441406,1,4.30530023574829,34.9659996032715,0.0280349999666214,0,196.459396362305,-85.515,23.9374,16.4639923800282,63,63,63,63,61,63,0,8520,1.66016505209534,24,-86,0.001869,51,2024-01-08 19:37:05.002092,1749.90002441406,1.037,0.0011,"aoml_navis",1035.71216310988
"7901009",22,0,1,0.029904,1,0.007476,1,204.188814047365,1,4.82655495530187,1799.69995117188,1,4.30219984054565,34.9659996032715,0.0299040004611015,0,196.902099609375,-85.515,23.9374,16.4639923800282,63,63,63,63,61,63,0,8520,1.66016505209534,24,-86,0.001869,51,2024-01-08 19:37:05.002092,1799.69995117188,1.037,0.0011,"aoml_navis",1035.93557854503
"7901009",22,0,1,0.026166,1,0.003738,1,204.589416782886,1,4.82552258461272,1849,1,4.29979991912842,34.9669990539551,0.0261659994721413,0,197.28840637207,-85.515,23.9374,16.4639923800282,63,63,63,63,61,63,0,8520,1.66016505209534,24,-86,0.001869,51,2024-01-08 19:37:05.002092,1849,1.037,0.0011,"aoml_navis",1036.15720625651
"7901009",22,0,1,0.029904,1,0.007476,1,204.801688604074,1,4.82448467199828,1898.69995117188,1,4.2992000579834,34.9679985046387,0.0299040004611015,0,197.493103027344,-85.515,23.9374,16.4639923800282,63,63,63,63,61,63,0,8520,1.66016505209534,24,-86,0.001869,51,2024-01-08 19:37:05.002092,1898.69995117188,1.037,0.0011,"aoml_navis",1036.38011931521
"7901009",22,0,1,0.026166,1,0.003738,1,205.057000257809,1,4.82343493633231,1949.5,1,4.30170011520386,34.9669990539551,0.0261659994721413,0,197.739303588867,-85.515,23.9374,16.4639923800282,63,63,63,63,61,63,0,8520,1.66016505209534,24,-86,0.001869,51,2024-01-08 19:37:05.002092,1949.5,1.037,0.0011,"aoml_navis",1036.60566919598
"7901009",22,0,1,0.026166,1,0.003738,1,202.160324586527,4,4.82240312819799,1999.09997558594,1,4.3024001121521,34.9679985046387,0.0261659994721413,0,194.945999145508,-85.515,23.9374,16.4639923800282,63,63,63,63,61,63,0,8520,1.66016505209534,24,-86,0.001869,51,2024-01-08 19:37:05.002092,1999.09997558594,1.037,0.0011,"aoml_navis",1036.82746279828
"7901009",23,0.0929615660781361,1,0.175686,1,0.153258,1,197.216564709087,1,4.88349575813517,2.09999990463257,1,26.2999992370605,36.2039985656738,0.175686001777649,0.162603005766869,190.178604125977,-85.4343,23.7991,80.6189802575055,63,63,63,63,61,63,0.153258,8521,1.64861680440262,24,-85,0.001869,51,2024-01-19 02:36:20.000267,2.09999990463257,1.037,0.0011,"aoml_navis",1023.85673043142
"7901009",23,0.0929615660781361,1,0.175686,1,0.153258,1,197.308024381597,1,4.88345323083423,4,1,26.2999992370605,36.2050018310547,0.175686001777649,0.162603005766869,190.266799926758,-85.4343,23.7991,80.6189802575055,63,63,63,63,61,63,0.153258,8521,1.64861680440262,24,-85,0.001869,51,2024-01-19 02:36:20.000267,4,1.037,0.0011,"aoml_navis",1023.86564663503
"7901009",23,0.0906942108079376,1,0.171948,1,0.14952,1,197.193636497068,1,4.8834137760516,6,1,26.3010005950928,36.2050018310547,0.171948000788689,0.158865004777908,190.156494140625,-85.4343,23.7991,80.6189802575055,63,63,63,63,61,63,0.14952,8521,1.64861680440262,24,-85,0.001869,51,2024-01-19 02:36:20.000267,6,1.037,0.0011,"aoml_navis",1023.87391879839
"7901009",23,0.0940952437132353,1,0.177555,1,0.155127,1,197.064437842043,1,4.88336829980833,8,1,26.2980003356934,36.2050018310547,0.177554994821548,0.164471998810768,190.03190612793,-85.4343,23.7991,80.6189802575055,63,63,63,63,61,63,0.155127,8521,1.64861680440262,24,-85,0.001869,51,2024-01-19 02:36:20.000267,8,1.037,0.0011,"aoml_navis",1023.88345359826
"7901009",23,0.103164664794029,1,0.192507,1,0.170079,1,196.857450994965,1,4.88326630532398,10,1,26.2670001983643,36.2089996337891,0.19250699877739,0.179424002766609,189.832305908203,-85.4343,23.7991,80.6189802575055,63,63,63,63,61,63,0.170079,8521,1.64861680440262,24,-85,0.001869,51,2024-01-19 02:36:20.000267,10,1.037,0.0011,"aoml_navis",1023.90483896992
"7901009",23,0.114501441145021,1,0.211197,1,0.188769,1,196.780501446969,1,4.88319348768654,12,1,26.2530002593994,36.2120018005371,0.211197003722191,0.198113992810249,189.758102416992,-85.4343,23.7991,80.6189802575055,63,63,63,63,61,63,0.188769,8521,1.64861680440262,24,-85,0.001869,51,2024-01-19 02:36:20.000267,12,1.037,0.0011,"aoml_navis",1023.92010732485
"7901009",23,0.119036151685418,1,0.218673,1,0.196245,1,196.630542395692,1,4.88313932451296,14,1,26.2490005493164,36.2140007019043,0.218673005700111,0.20558999478817,189.613494873047,-85.4343,23.7991,80.6189802575055,63,63,63,63,61,63,0.196245,8521,1.64861680440262,24,-85,0.001869,51,2024-01-19 02:36:20.000267,14,1.037,0.0011,"aoml_navis",1023.93146451923
"7901009",23,0.126971895131113,1,0.231756,1,0.209328,1,196.499887981173,1,4.88308006180481,16,1,26.2439994812012,36.2169990539551,0.231756001710892,0.218673005700111,189.487503051758,-85.4343,23.7991,80.6189802575055,63,63,63,63,61,63,0.209328,8521,1.64861680440262,24,-85,0.001869,51,2024-01-19 02:36:20.000267,16,1.037,0.0011,"aoml_navis",1023.94389129716
"7901009",23,0.1451107372927,1,0.26166,1,0.239232,1,196.322032147434,1,4.88302589079007,18,1,26.2399997711182,36.2190017700195,0.261660009622574,0.248576998710632,189.315994262695,-85.4343,23.7991,80.6189802575055,63,63,63,63,61,63,0.239232,8521,1.64861680440262,24,-85,0.001869,51,2024-01-19 02:36:20.000267,18,1.037,0.0011,"aoml_navis",1023.95525066344
"7901009",23,0.148511770197998,1,0.267267,1,0.244839,1,196.323598671236,1,4.88297683551073,20,1,26.2369995117188,36.2200012207031,0.267266988754272,0.254184007644653,189.317504882812,-85.4343,23.7991,80.6189802575055,63,63,63,63,61,63,0.244839,8521,1.64861680440262,24,-85,0.001869,51,2024-01-19 02:36:20.000267,20,1.037,0.0011,"aoml_navis",1023.96553750537
"7901009",23,0.153046480738395,1,0.274743,1,0.252315,1,196.188576978238,1,4.88293229356829,22,1,26.2369995117188,36.2210006713867,0.274742990732193,0.261660009622574,189.187301635742,-85.4343,23.7991,80.6189802575055,63,63,63,63,61,63,0.252315,8521,1.64861680440262,24,-85,0.001869,51,2024-01-19 02:36:20.000267,22,1.037,0.0011,"aoml_navis",1023.9748780842
"7901009",23,0.164383257089387,1,0.293433,1,0.271005,1,196.020689932332,1,4.88288415789569,24,1,26.2369995117188,36.2229995727539,0.293433010578156,0.280349999666214,189.025405883789,-85.4343,23.7991,80.6189802575055,63,63,63,63,61,63,0.271005,8521,1.64861680440262,24,-85,0.001869,51,2024-01-19 02:36:20.000267,24,1.037,0.0011,"aoml_navis",1023.98497247061
"7901009",23,0.157581191278792,4,0.282219,1,0.259791,1,195.86524013601,1,4.88283962121211,26,1,26.2369995117188,36.2239990234375,0.282218992710114,0.269136011600494,188.875503540039,-85.4343,23.7991,80.6189802575055,63,63,63,63,61,63,0.259791,8521,1.64861680440262,24,-85,0.001869,51,2024-01-19 02:36:20.000267,26,1.037,0.0011,"aoml_navis",1023.99431230117
"7901009",23,0.165516934724486,1,0.295302,1,0.272874,1,195.815348726421,1,4.88279508710093,28,1,26.2369995117188,36.2249984741211,0.295302003622055,0.282218992710114,188.827392578125,-85.4343,23.7991,80.6189802575055,63,63,63,63,61,63,0.272874,8521,1.64861680440262,24,-85,0.001869,51,2024-01-19 02:36:20.000267,28,1.037,0.0011,"aoml_navis",1024.00365176263
"7901009",23,0.163249579454288,1,0.291564,1,0.269136,1,195.749301551151,1,4.88275355071144,30,1,26.2390003204346,36.226001739502,0.291563987731934,0.278481006622314,188.763702392578,-85.4343,23.7991,80.6189802575055,63,63,63,63,61,63,0.269136,8521,1.64861680440262,24,-85,0.001869,51,2024-01-19 02:36:20.000267,30,1.037,0.0011,"aoml_navis",1024.01236271109
"7901009",23,0.15984854654899,1,0.285957,1,0.263529,1,195.742655692595,1,4.88271111463349,32,1,26.238000869751,36.226001739502,0.285957008600235,0.272873997688293,188.757293701172,-85.4343,23.7991,80.6189802575055,63,63,63,63,61,63,0.263529,8521,1.64861680440262,24,-85,0.001869,51,2024-01-19 02:36:20.000267,32,1.037,0.0011,"aoml_navis",1024.0212624939
"7901009",23,0.160982224184089,1,0.287826,1,0.265398,1,195.71072392458,1,4.88266867795124,34,1,26.2369995117188,36.226001739502,0.287826001644135,0.274742990732193,188.726501464844,-85.4343,23.7991,80.6189802575055,63,63,63,63,61,63,0.265398,8521,1.64861680440262,24,-85,0.001869,51,2024-01-19 02:36:20.000267,34,1.037,0.0011,"aoml_navis",1024.03016255815
"7901009",23,0.167784289994685,1,0.29904,1,0.276612,1,195.622065006747,1,4.88262774953061,36,1,26.2369995117188,36.226001739502,0.299039989709854,0.285957008600235,188.641006469727,-85.4343,23.7991,80.6189802575055,63,63,63,63,61,63,0.276612,8521,1.64861680440262,24,-85,0.001869,51,2024-01-19 02:36:20.000267,36,1.037,0.0011,"aoml_navis",1024.03874644768
"7901009",23,0.168917967629784,1,0.300909,1,0.278481,1,195.600592554221,1,4.88258473403759,38,1,26.238000869751,36.2270011901855,0.300909012556076,0.287826001644135,188.620300292969,-85.4343,23.7991,80.6189802575055,63,63,63,63,61,63,0.278481,8521,1.64861680440262,24,-85,0.001869,51,2024-01-19 02:36:20.000267,38,1.037,0.0011,"aoml_navis",1024.04776821258
"7901009",23,0.166650612359585,1,0.297171,1,0.274743,1,195.342274361534,1,4.88254381048311,40,1,26.238000869751,36.2270011901855,0.297170996665955,0.284087985754013,188.371200561523,-85.4343,23.7991,80.6189802575055,63,63,63,63,61,63,0.274743,8521,1.64861680440262,24,-85,0.001869,51,2024-01-19 02:36:20.000267,40,1.037,0.0011,"aoml_navis",1024.05635137665
"7901009",23,0.164383257089387,1,0.293433,1,0.271005,1,195.375867594188,1,4.88249778775937,42,1,26.2369995117188,36.2280006408691,0.293433010578156,0.280349999666214,188.403594970703,-85.4343,23.7991,80.6189802575055,63,63,63,63,61,63,0.271005,8521,1.64861680440262,24,-85,0.001869,51,2024-01-19 02:36:20.000267,42,1.037,0.0011,"aoml_navis",1024.06600419466
"7901009",23,0.157581191278792,1,0.282219,1,0.259791,1,195.307320310224,1,4.88245628351113,44,1,26.2390003204346,36.2290000915527,0.282218992710114,0.269136011600494,188.337493896484,-85.4343,23.7991,80.6189802575055,63,63,63,63,61,63,0.259791,8521,1.64861680440262,24,-85,0.001869,51,2024-01-19 02:36:20.000267,44,1.037,0.0011,"aoml_navis",1024.0747094625
"7901009",23,0.154180158373494,1,0.276612,1,0.254184,1,195.299345279956,1,4.88241536727874,46,1,26.2390003204346,36.2290000915527,0.276612013578415,0.263529002666473,188.329803466797,-85.4343,23.7991,80.6189802575055,63,63,63,63,61,63,0.254184,8521,1.64861680440262,24,-85,0.001869,51,2024-01-19 02:36:20.000267,46,1.037,0.0011,"aoml_navis",1024.0832915424
"7901009",23,0.153046480738395,1,0.274743,1,0.252315,1,195.242728894447,1,4.88237445339306,48,1,26.2390003204346,36.2290000915527,0.274742990732193,0.261660009622574,188.275207519531,-85.4343,23.7991,80.6189802575055,63,63,63,63,61,63,0.252315,8521,1.64861680440262,24,-85,0.001869,51,2024-01-19 02:36:20.000267,48,1.037,0.0011,"aoml_navis",1024.09187327391
"7901009",23,0.156447513643692,1,0.28035,1,0.257922,1,195.251637509607,1,4.88233295440607,50,1,26.2409992218018,36.2299995422363,0.280349999666214,0.267266988754272,188.283798217773,-85.4343,23.7991,80.6189802575055,63,63,63,63,61,63,0.257922,8521,1.64861680440262,24,-85,0.001869,51,2024-01-19 02:36:20.000267,50,1.037,0.0011,"aoml_navis",1024.10057787799
"7901009",23,0.155313836008593,1,0.278481,1,0.256053,1,195.160494306552,1,4.88229087724845,52,1,26.2450008392334,36.2319984436035,0.278481006622314,0.265397995710373,188.195907592773,-85.4343,23.7991,80.6189802575055,63,63,63,63,61,63,0.256053,8521,1.64861680440262,24,-85,0.001869,51,2024-01-19 02:36:20.000267,52,1.037,0.0011,"aoml_navis",1024.1094039071
"7901009",23,0.154180158373494,1,0.276612,1,0.254184,1,195.12294520571,1,4.88224937088685,54,1,26.2469997406006,36.2330017089844,0.276612013578415,0.263529002666473,188.159698486328,-85.4343,23.7991,80.6189802575055,63,63,63,63,61,63,0.254184,8521,1.64861680440262,24,-85,0.001869,51,2024-01-19 02:36:20.000267,54,1.037,0.0011,"aoml_navis",1024.11811035612
"7901009",23,0.150779125468196,1,0.271005,1,0.248577,1,195.021532568838,1,4.88220997147693,56,1,26.2479991912842,36.2330017089844,0.271005004644394,0.257921993732452,188.061904907227,-85.4343,23.7991,80.6189802575055,63,63,63,63,61,63,0.248577,8521,1.64861680440262,24,-85,0.001869,51,2024-01-19 02:36:20.000267,56,1.037,0.0011,"aoml_navis",1024.12637498412
"7901009",23,0.149645447833097,1,0.269136,1,0.246708,1,194.966973234787,1,4.88216848739408,58,1,26.25,36.234001159668,0.269136011600494,0.256053000688553,188.009292602539,-85.4343,23.7991,80.6189802575055,63,63,63,63,61,63,0.246708,8521,1.64861680440262,24,-85,0.001869,51,2024-01-19 02:36:20.000267,58,1.037,0.0011,"aoml_navis",1024.13507704828
"7901009",23,0.151912803103296,1,0.272874,1,0.250446,1,194.958681735064,1,4.88212549897037,60,1,26.2509994506836,36.2350006103516,0.272873997688293,0.259790986776352,188.00129699707,-85.4343,23.7991,80.6189802575055,63,63,63,63,61,63,0.250446,8521,1.64861680440262,24,-85,0.001869,51,2024-01-19 02:36:20.000267,60,1.037,0.0011,"aoml_navis",1024.14409483216
"7901009",23,0.140576026752303,1,0.254184,1,0.231756,1,194.967701114533,1,4.8820855252762,62,1,26.253999710083,36.2360000610352,0.254184007644653,0.241100996732712,188.009994506836,-85.4343,23.7991,80.6189802575055,63,63,63,63,61,63,0.231756,8521,1.64861680440262,24,-85,0.001869,51,2024-01-19 02:36:20.000267,62,1.037,0.0011,"aoml_navis",1024.15248035155
"7901009",23,0.142843382022502,1,0.257922,1,0.235494,1,194.894501729579,1,4.88204405011157,64,1,26.2560005187988,36.2369995117188,0.257921993732452,0.244838997721672,187.939407348633,-85.4343,23.7991,80.6189802575055,63,63,63,63,61,63,0.235494,8521,1.64861680440262,24,-85,0.001869,51,2024-01-19 02:36:20.000267,64,1.037,0.0011,"aoml_navis",1024.16118098847
"7901009",23,0.137174993847006,1,0.248577,1,0.226149,1,194.834135181028,1,4.88200349885955,66,1,26.2609996795654,36.2389984130859,0.248576998710632,0.235494002699852,187.881195068359,-85.4343,23.7991,80.6189802575055,63,63,63,63,61,63,0.226149,8521,1.64861680440262,24,-85,0.001869,51,2024-01-19 02:36:20.000267,66,1.037,0.0011,"aoml_navis",1024.16968795045
"7901009",23,0.146244414927799,1,0.263529,1,0.241101,1,194.848138954414,1,4.88196168675433,68,1,26.257999420166,36.2379989624023,0.263529002666473,0.250445991754532,187.89469909668,-85.4343,23.7991,80.6189802575055,63,63,63,63,61,63,0.241101,8521,1.64861680440262,24,-85,0.001869,51,2024-01-19 02:36:20.000267,68,1.037,0.0011,"aoml_navis",1024.17845956594
"7901009",23,0.140576026752303,1,0.254184,1,0.231756,1,194.879247901846,1,4.88191837190633,70,1,26.253999710083,36.2369995117188,0.254184007644653,0.241100996732712,187.924697875977,-85.4343,23.7991,80.6189802575055,63,63,63,63,61,63,0.231756,8521,1.64861680440262,24,-85,0.001869,51,2024-01-19 02:36:20.000267,70,1.037,0.0011,"aoml_navis",1024.18754659504
"7901009",23,0.137174993847006,1,0.248577,1,0.226149,1,194.92238268857,1,4.88187748795028,72,1,26.253999710083,36.2369995117188,0.248576998710632,0.235494002699852,187.966293334961,-85.4343,23.7991,80.6189802575055,63,63,63,63,61,63,0.226149,8521,1.64861680440262,24,-85,0.001869,51,2024-01-19 02:36:20.000267,72,1.037,0.0011,"aoml_navis",1024.19612379485
"7901009",23,0.141709704387403,1,0.256053,1,0.233625,1,194.857569744175,1,4.88183811132159,74,1,26.2549991607666,36.2369995117188,0.256053000688553,0.242970004677773,187.903793334961,-85.4343,23.7991,80.6189802575055,63,63,63,63,61,63,0.233625,8521,1.64861680440262,24,-85,0.001869,51,2024-01-19 02:36:20.000267,74,1.037,0.0011,"aoml_navis",1024.20438490256
"7901009",23,0.139442349117204,1,0.252315,1,0.229887,1,194.90548321967,1,4.88179665186406,76,1,26.2569999694824,36.2379989624023,0.252315014600754,0.239232003688812,187.949996948242,-85.4343,23.7991,80.6189802575055,63,63,63,63,61,63,0.229887,8521,1.64861680440262,24,-85,0.001869,51,2024-01-19 02:36:20.000267,76,1.037,0.0011,"aoml_navis",1024.21308312603
"7901009",23,0.138308671482105,1,0.250446,1,0.228018,1,194.811744967083,1,4.88175368724501,78,1,26.257999420166,36.2389984130859,0.250445991754532,0.237362995743752,187.859603881836,-85.4343,23.7991,80.6189802575055,63,63,63,63,61,63,0.228018,8521,1.64861680440262,24,-85,0.001869,51,2024-01-19 02:36:20.000267,78,1.037,0.0011,"aoml_navis",1024.22209728933
"7901009",23,0.133773960941708,1,0.24297,1,0.220542,1,194.656912286198,1,4.88171372527285,80,1,26.2609996795654,36.2400016784668,0.242970004677773,0.229886993765831,187.710296630859,-85.4343,23.7991,80.6189802575055,63,63,63,63,61,63,0.220542,8521,1.64861680440262,24,-85,0.001869,51,2024-01-19 02:36:20.000267,80,1.037,0.0011,"aoml_navis",1024.23048162672
"7901009",23,0.126971895131113,1,0.231756,1,0.209328,1,194.551243135156,1,4.88167018734571,82,1,26.2639999389648,36.242000579834,0.231756001710892,0.218673005700111,187.6083984375,-85.4343,23.7991,80.6189802575055,63,63,63,63,61,63,0.209328,8521,1.64861680440262,24,-85,0.001869,51,2024-01-19 02:36:20.000267,82,1.037,0.0011,"aoml_navis",1024.23961638396
"7901009",23,0.123570862225815,1,0.226149,1,0.203721,1,194.514849147825,1,4.88162398769113,84,1,26.2700004577637,36.2459983825684,0.226148992776871,0.21306599676609,187.573303222656,-85.4343,23.7991,80.6189802575055,63,63,63,63,61,63,0.203721,8521,1.64861680440262,24,-85,0.001869,51,2024-01-19 02:36:20.000267,84,1.037,0.0011,"aoml_navis",1024.24930978038
"7901009",23,0.125838217496013,1,0.229887,1,0.207459,1,194.373498065725,1,4.88158554266962,86,1,26.2740001678467,36.2470016479492,0.229886993765831,0.216803997755051,187.436996459961,-85.4343,23.7991,80.6189802575055,63,63,63,63,61,63,0.207459,8521,1.64861680440262,24,-85,0.001869,51,2024-01-19 02:36:20.000267,86,1.037,0.0011,"aoml_navis",1024.25737627566
"7901009",23,0.13037292803641,1,0.237363,1,0.214935,1,194.360744346687,1,4.8815425933801,88,1,26.2749996185303,36.2480010986328,0.237362995743752,0.224279999732971,187.424697875977,-85.4343,23.7991,80.6189802575055,63,63,63,63,61,63,0.214935,8521,1.64861680440262,24,-85,0.001869,51,2024-01-19 02:36:20.000267,88,1.037,0.0011,"aoml_navis",1024.26638800213
"7901009",23,0.128105572766212,1,0.233625,1,0.211197,1,193.901151580585,1,4.8814999997008,90,1,26.2810001373291,36.2509994506836,0.233624994754791,0.220541998744011,186.981506347656,-85.4343,23.7991,80.6189802575055,63,63,63,63,61,63,0.211197,8521,1.64861680440262,24,-85,0.001869,51,2024-01-19 02:36:20.000267,90,1.037,0.0011,"aoml_navis",1024.2753252702
"7901009",23,0.109966730604624,1,0.203721,1,0.181293,1,193.542860687047,1,4.88145033098325,92,1,26.298999786377,36.2610015869141,0.20372100174427,0.19063800573349,186.636001586914,-85.4343,23.7991,80.6189802575055,63,63,63,63,61,63,0.181293,8521,1.64861680440262,24,-85,0.001869,51,2024-01-19 02:36:20.000267,92,1.037,0.0011,"aoml_navis",1024.28574726333
"7901009",23,0.109966730604624,1,0.203721,1,0.181293,1,193.262247221251,1,4.88140344629957,94,1,26.2950000762939,36.2610015869141,0.20372100174427,0.19063800573349,186.36540222168,-85.4343,23.7991,80.6189802575055,63,63,63,63,61,63,0.181293,8521,1.64861680440262,24,-85,0.001869,51,2024-01-19 02:36:20.000267,94,1.037,0.0011,"aoml_navis",1024.29558527688
"7901009",23,0.103164664794029,1,0.192507,1,0.170079,1,192.404852350148,1,4.88135461895044,96,1,26.3040008544922,36.2669982910156,0.19250699877739,0.179424002766609,185.538604736328,-85.4343,23.7991,80.6189802575055,63,63,63,63,61,63,0.170079,8521,1.64861680440262,24,-85,0.001869,51,2024-01-19 02:36:20.000267,96,1.037,0.0011,"aoml_navis",1024.30583112912
"7901009",23,0.0782237568218462,1,0.151389,1,0.128961,1,191.659440195716,1,4.88125920128541,98,1,26.3250007629395,36.2910003662109,0.151389002799988,0.138306006789207,184.819793701172,-85.4343,23.7991,80.6189802575055,63,63,63,63,61,63,0.128961,8521,1.64861680440262,24,-85,0.001869,51,2024-01-19 02:36:20.000267,98,1.037,0.0011,"aoml_navis",1024.32585400983
"7901009",23,0.0759564015516478,1,0.147651,1,0.125223,1,191.550036705104,1,4.8811970207155,100,1,26.318000793457,36.2939987182617,0.147651001811028,0.134568005800247,184.714294433594,-85.4343,23.7991,80.6189802575055,63,63,63,63,61,63,0.125223,8521,1.64861680440262,24,-85,0.001869,51,2024-01-19 02:36:20.000267,100,1.037,0.0011,"aoml_navis",1024.33890268725
"7901009",23,0.0748227239165485,1,0.145782,1,0.123354,1,191.620973333454,1,4.88113469534239,102,1,26.298999786377,36.2919998168945,0.145781993865967,0.132698997855186,184.782699584961,-85.4343,23.7991,80.6189802575055,63,63,63,63,61,63,0.123354,8521,1.64861680440262,24,-85,0.001869,51,2024-01-19 02:36:20.000267,102,1.037,0.0011,"aoml_navis",1024.35198208544
"7901009",23,0.077090079186747,1,0.14952,1,0.127092,1,191.656228030747,1,4.88107310080445,104,1,26.2900009155273,36.2939987182617,0.149519994854927,0.136436998844147,184.816696166992,-85.4343,23.7991,80.6189802575055,63,63,63,63,61,63,0.127092,8521,1.64861680440262,24,-85,0.001869,51,2024-01-19 02:36:20.000267,104,1.037,0.0011,"aoml_navis",1024.36490844113
"7901009",23,0.077090079186747,1,0.14952,1,0.127092,1,191.586130046453,1,4.88101845952107,106,1,26.2880001068115,36.2970008850098,0.149519994854927,0.136436998844147,184.749099731445,-85.4343,23.7991,80.6189802575055,63,63,63,63,61,63,0.127092,8521,1.64861680440262,24,-85,0.001869,51,2024-01-19 02:36:20.000267,106,1.037,0.0011,"aoml_navis",1024.37637584567
"7901009",23,0.0736890462814493,1,0.143913,1,0.121485,1,191.599405940092,1,4.88095270413689,108,1,26.2810001373291,36.3009986877441,0.143913000822067,0.130830004811287,184.761901855469,-85.4343,23.7991,80.6189802575055,63,63,63,63,61,63,0.121485,8521,1.64861680440262,24,-85,0.001869,51,2024-01-19 02:36:20.000267,108,1.037,0.0011,"aoml_navis",1024.39017607407
"7901009",23,0.0748227239165485,1,0.145782,1,0.123354,1,191.443544733478,1,4.88089470946349,110,1,26.2719993591309,36.3019981384277,0.145781993865967,0.132698997855186,184.611602783203,-85.4343,23.7991,80.6189802575055,63,63,63,63,61,63,0.123354,8521,1.64861680440262,24,-85,0.001869,51,2024-01-19 02:36:20.000267,110,1.037,0.0011,"aoml_navis",1024.40234785347
"7901009",23,0.0680206581059532,1,0.134568,1,0.11214,1,191.321482464664,1,4.88083266600471,112,1,26.2770004272461,36.310001373291,0.134568005800247,0.121485002338886,184.493896484375,-85.4343,23.7991,80.6189802575055,63,63,63,63,61,63,0.11214,8521,1.64861680440262,24,-85,0.001869,51,2024-01-19 02:36:20.000267,112,1.037,0.0011,"aoml_navis",1024.41536970224
"7901009",23,0.066886980470854,1,0.132699,1,0.110271,1,191.507012682689,1,4.88078731604675,114,1,26.2740001678467,36.310001373291,0.132698997855186,0.119616001844406,184.672805786133,-85.4343,23.7991,80.6189802575055,63,63,63,63,61,63,0.110271,8521,1.64861680440262,24,-85,0.001869,51,2024-01-19 02:36:20.000267,114,1.037,0.0011,"aoml_navis",1024.42488808339
"7901009",23,0.0702880133761516,1,0.138306,1,0.115878,1,191.656544500202,1,4.88073803491705,116,1,26.2660007476807,36.3089981079102,0.138306006789207,0.125222995877266,184.817001342773,-85.4343,23.7991,80.6189802575055,63,63,63,63,61,63,0.115878,8521,1.64861680440262,24,-85,0.001869,51,2024-01-19 02:36:20.000267,116,1.037,0.0011,"aoml_navis",1024.43523176818
"7901009",23,0.0680206581059532,1,0.134568,1,0.11214,1,191.513120543172,1,4.88068084863748,118,1,26.2479991912842,36.3059997558594,0.134568005800247,0.121485002338886,184.678695678711,-85.4343,23.7991,80.6189802575055,63,63,63,63,61,63,0.11214,8521,1.64861680440262,24,-85,0.001869,51,2024-01-19 02:36:20.000267,118,1.037,0.0011,"aoml_navis",1024.44723493769
"7901009",23,0.0600849146602587,1,0.121485,1,0.099057,1,190.068579892108,1,4.88062428235315,120,1,26.2590007781982,36.314998626709,0.121485002338886,0.108401998877525,183.285705566406,-85.4343,23.7991,80.6189802575055,63,63,63,63,61,63,0.099057,8521,1.64861680440262,24,-85,0.001869,51,2024-01-19 02:36:20.000267,120,1.037,0.0011,"aoml_navis",1024.45910824943
"7901009",23,0.0498818159443657,4,0.104664,1,0.082236,1,188.739851238122,1,4.88054744849681,122,1,26.2779998779297,36.3330001831055,0.104663997888565,0.0915810018777847,182.00439453125,-85.4343,23.7991,80.6189802575055,63,63,63,63,61,63,0.082236,8521,1.64861680440262,24,-85,0.001869,51,2024-01-19 02:36:20.000267,122,1.037,0.0011,"aoml_navis",1024.47523618277
"7901009",23,0.0498818159443657,4,0.104664,1,0.082236,1,186.431174916563,1,4.88041783717875,124,1,26.261999130249,36.351001739502,0.104663997888565,0.0915810018777847,179.778106689453,-85.4343,23.7991,80.6189802575055,63,63,63,63,61,63,0.082236,8521,1.64861680440262,24,-85,0.001869,51,2024-01-19 02:36:20.000267,124,1.037,0.0011,"aoml_navis",1024.50244360437
"7901009",23,0.0612185922953579,1,0.123354,1,0.100926,1,183.928344584329,1,4.88024946800441,126,1,26.3059997558594,36.4049987792969,0.123354002833366,0.110270999372005,177.364593505859,-85.4343,23.7991,80.6189802575055,63,63,63,63,61,63,0.100926,8521,1.64861680440262,24,-85,0.001869,51,2024-01-19 02:36:20.000267,126,1.037,0.0011,"aoml_navis",1024.53778905785
"7901009",23,0.056683881754961,1,0.115878,1,0.09345,1,181.404374092497,1,4.8800934953686,128,1,26.3320007324219,36.4480018615723,0.115878000855446,0.102794997394085,174.930694580078,-85.4343,23.7991,80.6189802575055,63,63,63,63,61,63,0.09345,8521,1.64861680440262,24,-85,0.001869,51,2024-01-19 02:36:20.000267,128,1.037,0.0011,"aoml_navis",1024.57053430333
"7901009",23,0.0544165264847626,1,0.11214,1,0.089712,1,180.405849667913,1,4.87998769236635,130,1,26.3269996643066,36.4640007019043,0.112139999866486,0.0990569964051247,173.967803955078,-85.4343,23.7991,80.6189802575055,63,63,63,63,61,63,0.089712,8521,1.64861680440262,24,-85,0.001869,51,2024-01-19 02:36:20.000267,130,1.037,0.0011,"aoml_navis",1024.59274801479
"7901009",23,0.0589512370251595,1,0.119616,1,0.097188,1,179.06386094376,1,4.87978136920507,132,1,26.30299949646,36.5,0.119616001844406,0.106532998383045,172.673706054688,-85.4343,23.7991,80.6189802575055,63,63,63,63,61,63,0.097188,8521,1.64861680440262,24,-85,0.001869,51,2024-01-19 02:36:20.000267,132,1.037,0.0011,"aoml_navis",1024.63606905703
"7901009",23,0.056683881754961,1,0.115878,1,0.09345,1,178.706092224822,1,4.87967239195372,134,1,26.2840003967285,36.5110015869141,0.115878000855446,0.102794997394085,172.328704833984,-85.4343,23.7991,80.6189802575055,63,63,63,63,61,63,0.09345,8521,1.64861680440262,24,-85,0.001869,51,2024-01-19 02:36:20.000267,134,1.037,0.0011,"aoml_navis",1024.65895215521
"7901009",23,0.0578175593900602,1,0.117747,1,0.095319,1,178.043436832886,1,4.87959612510776,136,1,26.2700004577637,36.5149993896484,0.117747001349926,0.104663997888565,171.689697265625,-85.4343,23.7991,80.6189802575055,63,63,63,63,61,63,0.095319,8521,1.64861680440262,24,-85,0.001869,51,2024-01-19 02:36:20.000267,136,1.037,0.0011,"aoml_navis",1024.67496731393
"7901009",23,0.0634859475655563,1,0.127092,1,0.104664,1,176.281667200077,1,4.87951641271816,138,1,26.2679996490479,36.5250015258789,0.127092003822327,0.114009000360966,169.990798950195,-85.4343,23.7991,80.6189802575055,63,63,63,63,61,63,0.104664,8521,1.64861680440262,24,-85,0.001869,51,2024-01-19 02:36:20.000267,138,1.037,0.0011,"aoml_navis",1024.69170653219
"7901009",23,0.0600849146602587,1,0.121485,1,0.099057,1,173.219492929509,1,4.87920502395948,140,1,26.2099990844727,36.576000213623,0.121485002338886,0.108401998877525,167.037902832031,-85.4343,23.7991,80.6189802575055,63,63,63,63,61,63,0.099057,8521,1.64861680440262,24,-85,0.001869,51,2024-01-19 02:36:20.000267,140,1.037,0.0011,"aoml_navis",1024.75710191463
"7901009",23,0.0578175593900602,1,0.117747,1,0.095319,1,169.864979999836,1,4.87888923745626,142,1,26.1490001678467,36.6269989013672,0.117747001349926,0.104663997888565,163.803100585938,-85.4343,23.7991,80.6189802575055,63,63,63,63,61,63,0.095319,8521,1.64861680440262,24,-85,0.001869,51,2024-01-19 02:36:20.000267,142,1.037,0.0011,"aoml_navis",1024.8234294015
"7901009",23,0.0544165264847626,1,0.11214,1,0.089712,1,167.142836335249,1,4.87834058831162,144,1,26.0069999694824,36.7089996337891,0.112139999866486,0.0990569964051247,161.178100585938,-85.4343,23.7991,80.6189802575055,63,63,63,63,61,63,0.089712,8521,1.64861680440262,24,-85,0.001869,51,2024-01-19 02:36:20.000267,144,1.037,0.0011,"aoml_navis",1024.93868754877
"7901009",23,0.0600849146602587,1,0.121485,1,0.099057,1,166.250803882291,1,4.87796438744259,146,1,25.8910007476807,36.7540016174316,0.121485002338886,0.108401998877525,160.317901611328,-85.4343,23.7991,80.6189802575055,63,63,63,63,61,63,0.099057,8521,1.64861680440262,24,-85,0.001869,51,2024-01-19 02:36:20.000267,146,1.037,0.0011,"aoml_navis",1025.01773339542
"7901009",23,0.0532828488496634,1,0.110271,1,0.087843,1,165.26989098288,1,4.87781412813373,148,1,25.8490009307861,36.7669982910156,0.110270999372005,0.0971880033612251,159.371994018555,-85.4343,23.7991,80.6189802575055,63,63,63,63,61,63,0.087843,8521,1.64861680440262,24,-85,0.001869,51,2024-01-19 02:36:20.000267,148,1.037,0.0011,"aoml_navis",1025.04930869783
"7901009",23,0.0532828488496634,1,0.110271,1,0.087843,1,164.376197065283,1,4.87758591511356,150,1,25.7740001678467,36.7879981994629,0.110270999372005,0.0971880033612251,158.510192871094,-85.4343,23.7991,80.6189802575055,63,63,63,63,61,63,0.087843,8521,1.64861680440262,24,-85,0.001869,51,2024-01-19 02:36:20.000267,150,1.037,0.0011,"aoml_navis",1025.09726881635
"7901009",23,0.0578175593900602,1,0.117747,1,0.095319,1,163.912252844175,1,4.87724218712396,152,1,25.6429996490479,36.818000793457,0.117747001349926,0.104663997888565,158.062805175781,-85.4343,23.7991,80.6189802575055,63,63,63,63,61,63,0.095319,8521,1.64861680440262,24,-85,0.001869,51,2024-01-19 02:36:20.000267,152,1.037,0.0011,"aoml_navis",1025.16951345991
"7901009",23,0.0476144606741673,1,0.100926,1,0.078498,1,162.629364790753,1,4.87694170111173,154.100006103516,1,25.5300006866455,36.8429985046387,0.100925996899605,0.0878430008888245,156.825698852539,-85.4343,23.7991,80.6189802575055,63,63,63,63,61,63,0.078498,8521,1.64861680440262,24,-85,0.001869,51,2024-01-19 02:36:20.000267,154.100006103516,1.037,0.0011,"aoml_navis",1025.23267786043
"7901009",23,0.046480783039068,1,0.099057,1,0.076629,1,161.997106289974,1,4.87681599141931,156,1,25.4979991912842,36.8540000915527,0.0990569964051247,0.0859740003943443,156.216003417969,-85.4343,23.7991,80.6189802575055,63,63,63,63,61,63,0.076629,8521,1.64861680440262,24,-85,0.001869,51,2024-01-19 02:36:20.000267,156,1.037,0.0011,"aoml_navis",1025.25910528456
"7901009",23,0.0396787172284727,1,0.087843,1,0.065415,1,160.704265272191,1,4.87656564409621,158,1,25.3880004882812,36.867000579834,0.0878430008888245,0.0747599974274635,154.969299316406,-85.4343,23.7991,80.6189802575055,63,63,63,63,61,63,0.065415,8521,1.64861680440262,24,-85,0.001869,51,2024-01-19 02:36:20.000267,158,1.037,0.0011,"aoml_navis",1025.31173881628
"7901009",23,0.0294756185125797,1,0.071022,1,0.048594,1,158.940834174743,1,4.87611956021295,159.899993896484,1,25.2019996643066,36.9039993286133,0.0710219964385033,0.0579390004277229,153.268798828125,-85.4343,23.7991,80.6189802575055,63,63,63,63,61,63,0.048594,8521,1.64861680440262,24,-85,0.001869,51,2024-01-19 02:36:20.000267,159.899993896484,1.037,0.0011,"aoml_navis",1025.40553779646
"7901009",23,0.0272082632423813,1,0.067284,1,0.044856,1,158.266152943515,1,4.87571599694549,162,1,25.0200004577637,36.9300003051758,0.0672840029001236,0.0542009994387627,152.618194580078,-85.4343,23.7991,80.6189802575055,63,63,63,63,61,63,0.044856,8521,1.64861680440262,24,-85,0.001869,51,2024-01-19 02:36:20.000267,162,1.037,0.0011,"aoml_navis",1025.49041066632
"7901009",23,0.0215398750668852,1,0.057939,1,0.035511,1,157.96864000882,1,4.87553239972406,164,1,24.94700050354,36.939998626709,0.0579390004277229,0.0448560006916523,152.331298828125,-85.4343,23.7991,80.6189802575055,63,63,63,63,61,63,0.035511,8521,1.64861680440262,24,-85,0.001869,51,2024-01-19 02:36:20.000267,164,1.037,0.0011,"aoml_navis",1025.52902741103
"7901009",23,0.0215398750668852,1,0.057939,1,0.035511,1,157.626220058452,1,4.875427519163,166,1,24.9130001068115,36.9440002441406,0.0579390004277229,0.0448560006916523,152.001098632812,-85.4343,23.7991,80.6189802575055,63,63,63,63,61,63,0.035511,8521,1.64861680440262,24,-85,0.001869,51,2024-01-19 02:36:20.000267,166,1.037,0.0011,"aoml_navis",1025.55108866809
"7901009",23,0.020406197431786,1,0.05607,1,0.033642,1,156.978407083958,1,4.87536122633409,168,1,24.8980007171631,36.9449996948242,0.0560699999332428,0.0429870001971722,151.376403808594,-85.4343,23.7991,80.6189802575055,63,63,63,63,61,63,0.033642,8521,1.64861680440262,24,-85,0.001869,51,2024-01-19 02:36:20.000267,168,1.037,0.0011,"aoml_navis",1025.56503362103
"7901009",23,0.0192725197966867,1,0.054201,1,0.031773,1,156.396752049043,1,4.87518287771487,170,1,24.8209991455078,36.9519996643066,0.0542009994387627,0.041117999702692,150.815505981445,-85.4343,23.7991,80.6189802575055,63,63,63,63,61,63,0.031773,8521,1.64861680440262,24,-85,0.001869,51,2024-01-19 02:36:20.000267,170,1.037,0.0011,"aoml_navis",1025.60255182543
"7901009",23,0.020406197431786,1,0.05607,1,0.033642,1,155.500874492205,1,4.87506862565433,172,1,24.7779998779297,36.9550018310547,0.0560699999332428,0.0429870001971722,149.951599121094,-85.4343,23.7991,80.6189802575055,63,63,63,63,61,63,0.033642,8521,1.64861680440262,24,-85,0.001869,51,2024-01-19 02:36:20.000267,172,1.037,0.0011,"aoml_navis",1025.62658783678
"7901009",23,0.010203098715893,1,0.039249,1,0.016821,1,154.632181661557,1,4.87468850314954,174,1,24.5939998626709,36.9749984741211,0.0392489992082119,0.0261659994721413,149.113906860352,-85.4343,23.7991,80.6189802575055,63,63,63,63,61,63,0.016821,8521,1.64861680440262,24,-85,0.001869,51,2024-01-19 02:36:20.000267,174,1.037,0.0011,"aoml_navis",1025.70656499784
"7901009",23,0.00793574344569454,1,0.035511,1,0.013083,1,153.928670062973,1,4.87434705474641,176,1,24.4260005950928,36.9910011291504,0.0355109982192516,0.0224280003458261,148.435501098633,-85.4343,23.7991,80.6189802575055,63,63,63,63,61,63,0.013083,8521,1.64861680440262,24,-85,0.001869,51,2024-01-19 02:36:20.000267,176,1.037,0.0011,"aoml_navis",1025.7784158252
"7901009",23,0.00680206581059532,1,0.033642,1,0.011214,1,153.790119735551,1,4.8740389877713,178,1,24.2730007171631,37.0040016174316,0.0336420014500618,0.020558999851346,148.301895141602,-85.4343,23.7991,80.6189802575055,63,63,63,63,61,63,0.011214,8521,1.64861680440262,24,-85,0.001869,51,2024-01-19 02:36:20.000267,178,1.037,0.0011,"aoml_navis",1025.84325085309
"7901009",23,0.00453471054039688,1,0.029904,1,0.007476,1,153.916438518536,1,4.87386452236834,180,1,24.1949996948242,37.0099983215332,0.0299040004611015,0.0168210007250309,148.423706054688,-85.4343,23.7991,80.6189802575055,63,63,63,63,61,63,0.007476,8521,1.64861680440262,24,-85,0.001869,51,2024-01-19 02:36:20.000267,180,1.037,0.0011,"aoml_navis",1025.87997205354
"7901009",23,0.0056683881754961,1,0.031773,1,0.009345,1,154.232306681624,1,4.87376557564033,182,1,24.1569995880127,37.0110015869141,0.0317730009555817,0.0186899993568659,148.728302001953,-85.4343,23.7991,80.6189802575055,63,63,63,63,61,63,0.009345,8521,1.64861680440262,24,-85,0.001869,51,2024-01-19 02:36:20.000267,182,1.037,0.0011,"aoml_navis",1025.90079937176
"7901009",23,0.0056683881754961,1,0.031773,1,0.009345,1,154.62139005314,1,4.87352201294983,184,1,24.0330009460449,37.0180015563965,0.0317730009555817,0.0186899993568659,149.103500366211,-85.4343,23.7991,80.6189802575055,63,63,63,63,61,63,0.009345,8521,1.64861680440262,24,-85,0.001869,51,2024-01-19 02:36:20.000267,184,1.037,0.0011,"aoml_navis",1025.95207053833
"7901009",23,0.010203098715893,1,0.039249,1,0.016821,1,155.404636130924,1,4.87323402254556,186,1,23.8850002288818,37.0279998779297,0.0392489992082119,0.0261659994721413,149.858795166016,-85.4343,23.7991,80.6189802575055,63,63,63,63,61,63,0.016821,8521,1.64861680440262,24,-85,0.001869,51,2024-01-19 02:36:20.000267,186,1.037,0.0011,"aoml_navis",1026.01270057378
"7901009",23,0.00793574344569454,1,0.035511,1,0.013083,1,155.948552183324,1,4.87301297796915,188,1,23.7759990692139,37.0349998474121,0.0355109982192516,0.0224280003458261,150.38330078125,-85.4343,23.7991,80.6189802575055,63,63,63,63,61,63,0.013083,8521,1.64861680440262,24,-85,0.001869,51,2024-01-19 02:36:20.000267,188,1.037,0.0011,"aoml_navis",1026.05924150109
"7901009",23,0.00793574344569454,1,0.035511,1,0.013083,1,156.344582059377,1,4.87283509441098,190,1,23.6870002746582,37.0379981994629,0.0355109982192516,0.0224280003458261,150.765197753906,-85.4343,23.7991,80.6189802575055,63,63,63,63,61,63,0.013083,8521,1.64861680440262,24,-85,0.001869,51,2024-01-19 02:36:20.000267,190,1.037,0.0011,"aoml_navis",1026.09669794385
"7901009",23,0.00680206581059532,1,0.033642,1,0.011214,1,156.679026979478,1,4.87256629227753,192,1,23.5359992980957,37.0419998168945,0.0336420014500618,0.020558999851346,151.087707519531,-85.4343,23.7991,80.6189802575055,63,63,63,63,61,63,0.011214,8521,1.64861680440262,24,-85,0.001869,51,2024-01-19 02:36:20.000267,192,1.037,0.0011,"aoml_navis",1026.15330404523
"7901009",23,0.00340103290529766,1,0.028035,1,0.005607,1,157.0782690205,1,4.87231740487377,194,1,23.3959999084473,37.0449981689453,0.0280349999666214,0.0149520002305508,151.472702026367,-85.4343,23.7991,80.6189802575055,63,63,63,63,61,63,0.005607,8521,1.64861680440262,24,-85,0.001869,51,2024-01-19 02:36:20.000267,194,1.037,0.0011,"aoml_navis",1026.20572194219
"7901009",23,0.0056683881754961,1,0.031773,1,0.009345,1,157.072461806,1,4.87218381638752,196,1,23.3299999237061,37.0449981689453,0.0317730009555817,0.0186899993568659,151.467102050781,-85.4343,23.7991,80.6189802575055,63,63,63,63,61,63,0.009345,8521,1.64861680440262,24,-85,0.001869,51,2024-01-19 02:36:20.000267,196,1.037,0.0011,"aoml_navis",1026.2338590721
"7901009",23,0.00453471054039688,1,0.029904,1,0.007476,1,156.876772918468,1,4.87213252854143,198,1,23.3199996948242,37.0439987182617,0.0299040004611015,0.0168210007250309,151.278396606445,-85.4343,23.7991,80.6189802575055,63,63,63,63,61,63,0.007476,8521,1.64861680440262,24,-85,0.001869,51,2024-01-19 02:36:20.000267,198,1.037,0.0011,"aoml_navis",1026.24466200571
"7901009",23,0.00453471054039688,1,0.029904,1,0.007476,1,156.551679670764,1,4.87207002005959,200,1,23.3020000457764,37.0429992675781,0.0299040004611015,0.0168210007250309,150.964904785156,-85.4343,23.7991,80.6189802575055,63,63,63,63,61,63,0.007476,8521,1.64861680440262,24,-85,0.001869,51,2024-01-19 02:36:20.000267,200,1.037,0.0011,"aoml_navis",1026.25782868754
"7901009",23,0.00680206581059532,1,0.033642,1,0.011214,1,155.983395470325,1,4.87193525139377,202,1,23.2350006103516,37.0429992675781,0.0336420014500618,0.020558999851346,150.416900634766,-85.4343,23.7991,80.6189802575055,63,63,63,63,61,63,0.011214,8521,1.64861680440262,24,-85,0.001869,51,2024-01-19 02:36:20.000267,202,1.037,0.0011,"aoml_navis",1026.28621728287
"7901009",23,0.00453471054039688,1,0.029904,1,0.007476,1,154.976247253091,1,4.871740175003,204,1,23.117000579834,37.0400009155273,0.0299040004611015,0.0168210007250309,149.445693969727,-85.4343,23.7991,80.6189802575055,63,63,63,63,61,63,0.007476,8521,1.64861680440262,24,-85,0.001869,51,2024-01-19 02:36:20.000267,204,1.037,0.0011,"aoml_navis",1026.32731229286
"7901009",23,0.00340103290529766,1,0.028035,1,0.005607,1,153.921612794126,1,4.87151189556731,206,1,22.9669990539551,37.0340003967285,0.0280349999666214,0.0149520002305508,148.428695678711,-85.4343,23.7991,80.6189802575055,63,63,63,63,61,63,0.005607,8521,1.64861680440262,24,-85,0.001869,51,2024-01-19 02:36:20.000267,206,1.037,0.0011,"aoml_navis",1026.37540607252
"7901009",23,0.0056683881754961,1,0.031773,1,0.009345,1,153.247453737499,1,4.87136068864353,208,1,22.8719997406006,37.0279998779297,0.0317730009555817,0.0186899993568659,147.778594970703,-85.4343,23.7991,80.6189802575055,63,63,63,63,61,63,0.009345,8521,1.64861680440262,24,-85,0.001869,51,2024-01-19 02:36:20.000267,208,1.037,0.0011,"aoml_navis",1026.40726474152
"7901009",23,0.00113367763509922,1,0.024297,1,0.001869,1,151.680755876785,1,4.87125991854545,210,1,22.8209991455078,37.0250015258789,0.0242970008403063,0.0112140001729131,146.267807006836,-85.4343,23.7991,80.6189802575055,63,63,63,63,61,63,0.001869,8521,1.64861680440262,24,-85,0.001869,51,2024-01-19 02:36:20.000267,210,1.037,0.0011,"aoml_navis",1026.42849767971
"7901009",23,0.00226735527019844,1,0.026166,1,0.003738,1,150.279334188972,1,4.87105099712229,212,1,22.6760005950928,37.015998840332,0.0261659994721413,0.0130829997360706,144.916397094727,-85.4343,23.7991,80.6189802575055,63,63,63,63,61,63,0.003738,8521,1.64861680440262,24,-85,0.001869,51,2024-01-19 02:36:20.000267,212,1.037,0.0011,"aoml_navis",1026.47252162909
"7901009",23,-0.00113367763509922,1,0.020559,1,-0.001869,1,149.326428836334,1,4.87091298464979,214,1,22.5820007324219,37.0069999694824,0.020558999851346,0.00747600011527538,143.997497558594,-85.4343,23.7991,80.6189802575055,63,63,63,63,61,63,-0.001869,8521,1.64861680440262,24,-85,0.001869,51,2024-01-19 02:36:20.000267,214,1.037,0.0011,"aoml_navis",1026.50160570657
"7901009",23,-0.00226735527019844,1,0.01869,1,-0.003738,1,148.191426959258,1,4.87083096014483,216,1,22.5389995574951,37.0019989013672,0.0186899993568659,0.00560700008645654,142.90299987793,-85.4343,23.7991,80.6189802575055,63,63,63,63,61,63,-0.003738,8521,1.64861680440262,24,-85,0.001869,51,2024-01-19 02:36:20.000267,216,1.037,0.0011,"aoml_navis",1026.51889193283
"7901009",23,-0.00340103290529766,1,0.016821,1,-0.005607,1,147.426219640412,1,4.87064170447072,218,1,22.4020004272461,36.9910011291504,0.0168210007250309,0.00373800005763769,142.165100097656,-85.4343,23.7991,80.6189802575055,63,63,63,63,61,63,-0.005607,8521,1.64861680440262,24,-85,0.001869,51,2024-01-19 02:36:20.000267,218,1.037,0.0011,"aoml_navis",1026.55877877663
"7901009",23,-0.00226735527019844,1,0.01869,1,-0.003738,1,147.660486154516,1,4.87029592505711,220,1,22.1310005187988,36.9729995727539,0.0186899993568659,0.00560700008645654,142.391006469727,-85.4343,23.7991,80.6189802575055,63,63,63,63,61,63,-0.003738,8521,1.64861680440262,24,-85,0.001869,51,2024-01-19 02:36:20.000267,220,1.037,0.0011,"aoml_navis",1026.6316620055
"7901009",23,-0.00340103290529766,1,0.016821,1,-0.005607,1,147.918804347203,1,4.87013227090859,222,1,22.0139999389648,36.9630012512207,0.0168210007250309,0.00373800005763769,142.640106201172,-85.4343,23.7991,80.6189802575055,63,63,63,63,61,63,-0.005607,8521,1.64861680440262,24,-85,0.001869,51,2024-01-19 02:36:20.000267,222,1.037,0.0011,"aoml_navis",1026.66616056142
"7901009",23,-0.00453471054039688,1,0.014952,1,-0.007476,1,147.72903343848,1,4.86992777071333,224,1,21.8610000610352,36.951000213623,0.0149520002305508,0.00186900002881885,142.457107543945,-85.4343,23.7991,80.6189802575055,63,63,63,63,61,63,-0.007476,8521,1.64861680440262,24,-85,0.001869,51,2024-01-19 02:36:20.000267,224,1.037,0.0011,"aoml_navis",1026.70927278817
"7901009",23,-0.00340103290529766,1,0.016821,1,-0.005607,1,147.454844302622,1,4.86977068967956,226,1,21.7479991912842,36.9410018920898,0.0168210007250309,0.00373800005763769,142.19270324707,-85.4343,23.7991,80.6189802575055,63,63,63,63,61,63,-0.005607,8521,1.64861680440262,24,-85,0.001869,51,2024-01-19 02:36:20.000267,226,1.037,0.0011,"aoml_navis",1026.74239068308
"7901009",23,-0.0056683881754961,1,0.013083,1,-0.009345,1,147.157331367926,1,4.86960255492995,228,1,21.621000289917,36.9290008544922,0.0130829997360706,0,141.905807495117,-85.4343,23.7991,80.6189802575055,63,63,63,63,61,63,-0.009345,8521,1.64861680440262,24,-85,0.001869,51,2024-01-19 02:36:20.000267,228,1.037,0.0011,"aoml_navis",1026.77784143555
"7901009",23,-0.0056683881754961,1,0.013083,1,-0.009345,1,146.878680012752,1,4.86950209872908,230,1,21.5550003051758,36.9210014343262,0.0130829997360706,0,141.637100219727,-85.4343,23.7991,80.6189802575055,63,63,63,63,61,63,-0.009345,8521,1.64861680440262,24,-85,0.001869,51,2024-01-19 02:36:20.000267,230,1.037,0.0011,"aoml_navis",1026.79902351926
"7901009",23,-0.00226735527019844,1,0.01869,1,-0.003738,1,146.936752157754,1,4.86936900352993,232,1,21.4589996337891,36.9109992980957,0.0186899993568659,0.00560700008645654,141.693099975586,-85.4343,23.7991,80.6189802575055,63,63,63,63,61,63,-0.003738,8521,1.64861680440262,24,-85,0.001869,51,2024-01-19 02:36:20.000267,232,1.037,0.0011,"aoml_navis",1026.8270891722
"7901009",23,-0.00226735527019844,1,0.01869,1,-0.003738,1,146.988399972819,1,4.86918992543883,234,1,21.3199996948242,36.8979988098145,0.0186899993568659,0.00560700008645654,141.742904663086,-85.4343,23.7991,80.6189802575055,63,63,63,63,61,63,-0.003738,8521,1.64861680440262,24,-85,0.001869,51,2024-01-19 02:36:20.000267,234,1.037,0.0011,"aoml_navis",1026.86485361307
"7901009",23,-0.00340103290529766,1,0.016821,1,-0.005607,1,147.396044277873,1,4.86896880655967,236,1,21.1350002288818,36.8800010681152,0.0168210007250309,0.00373800005763769,142.136001586914,-85.4343,23.7991,80.6189802575055,63,63,63,63,61,63,-0.005607,8521,1.64861680440262,24,-85,0.001869,51,2024-01-19 02:36:20.000267,236,1.037,0.0011,"aoml_navis",1026.91148755437
"7901009",23,-0.00226735527019844,1,0.01869,1,-0.003738,1,147.634551482674,1,4.86882900278708,238,1,21.0300006866455,36.8689994812012,0.0186899993568659,0.00560700008645654,142.365997314453,-85.4343,23.7991,80.6189802575055,63,63,63,63,61,63,-0.003738,8521,1.64861680440262,24,-85,0.001869,51,2024-01-19 02:36:20.000267,238,1.037,0.0011,"aoml_navis",1026.94097433651
"7901009",23,-0.00226735527019844,1,0.01869,1,-0.003738,1,147.998649590713,1,4.86872213426862,240,1,20.9580001831055,36.8610000610352,0.0186899993568659,0.00560700008645654,142.717102050781,-85.4343,23.7991,80.6189802575055,63,63,63,63,61,63,-0.003738,8521,1.64861680440262,24,-85,0.001869,51,2024-01-19 02:36:20.000267,240,1.037,0.0011,"aoml_navis",1026.96351570515
"7901009",23,-0.00453471054039688,1,0.014952,1,-0.007476,1,148.615258676939,1,4.86861119806397,242,1,20.8799991607666,36.8520011901855,0.0149520002305508,0.00186900002881885,143.311706542969,-85.4343,23.7991,80.6189802575055,63,63,63,63,61,63,-0.007476,8521,1.64861680440262,24,-85,0.001869,51,2024-01-19 02:36:20.000267,242,1.037,0.0011,"aoml_navis",1026.98691610213
"7901009",23,-0.00453471054039688,1,0.014952,1,-0.007476,1,149.819630658562,1,4.86849819647636,244,1,20.80299949646,36.8440017700195,0.0149520002305508,0.00186900002881885,144.473098754883,-85.4343,23.7991,80.6189802575055,63,63,63,63,61,63,-0.007476,8521,1.64861680440262,24,-85,0.001869,51,2024-01-19 02:36:20.000267,244,1.037,0.0011,"aoml_navis",1027.01075325833
"7901009",23,-0.00453471054039688,1,0.014952,1,-0.007476,1,151.227270971166,1,4.86828627495507,246,1,20.625,36.8269996643066,0.0149520002305508,0.00186900002881885,145.830505371094,-85.4343,23.7991,80.6189802575055,63,63,63,63,61,63,-0.007476,8521,1.64861680440262,24,-85,0.001869,51,2024-01-19 02:36:20.000267,246,1.037,0.0011,"aoml_navis",1027.05546009538
"7901009",23,-0.00453471054039688,1,0.014952,1,-0.007476,1,151.69515523699,1,4.86818989384276,248,1,20.5629997253418,36.8199996948242,0.0149520002305508,0.00186900002881885,146.281692504883,-85.4343,23.7991,80.6189802575055,63,63,63,63,61,63,-0.007476,8521,1.64861680440262,24,-85,0.001869,51,2024-01-19 02:36:20.000267,248,1.037,0.0011,"aoml_navis",1027.0757938847
"7901009",23,-0.00453471054039688,1,0.014952,1,-0.007476,1,151.63801667688,1,4.86812016731498,250,1,20.5270004272461,36.814998626709,0.0149520002305508,0.00186900002881885,146.226593017578,-85.4343,23.7991,80.6189802575055,63,63,63,63,61,63,-0.007476,8521,1.64861680440262,24,-85,0.001869,51,2024-01-19 02:36:20.000267,250,1.037,0.0011,"aoml_navis",1027.09050478468
"7901009",23,-0.00453471054039688,1,0.014952,1,-0.007476,1,151.211811438287,1,4.86794912817815,252,1,20.3819999694824,36.798999786377,0.0149520002305508,0.00186900002881885,145.81559753418,-85.4343,23.7991,80.6189802575055,63,63,63,63,61,63,-0.007476,8521,1.64861680440262,24,-85,0.001869,51,2024-01-19 02:36:20.000267,252,1.037,0.0011,"aoml_navis",1027.12659239955
"7901009",23,-0.00453471054039688,1,0.014952,1,-0.007476,1,151.440792912491,1,4.86783785660636,254,1,20.2940006256104,36.7869987487793,0.0149520002305508,0.00186900002881885,146.036407470703,-85.4343,23.7991,80.6189802575055,63,63,63,63,61,63,-0.007476,8521,1.64861680440262,24,-85,0.001869,51,2024-01-19 02:36:20.000267,254,1.037,0.0011,"aoml_navis",1027.1500709939
"7901009",23,-0.00340103290529766,1,0.016821,1,-0.005607,1,151.897379218769,1,4.86777130290859,256,1,20.2630004882812,36.7830009460449,0.0168210007250309,0.00373800005763769,146.476699829102,-85.4343,23.7991,80.6189802575055,63,63,63,63,61,63,-0.005607,8521,1.64861680440262,24,-85,0.001869,51,2024-01-19 02:36:20.000267,256,1.037,0.0011,"aoml_navis",1027.1641145122
"7901009",23,-0.0056683881754961,1,0.013083,1,-0.009345,1,152.479967838576,1,4.86768577900943,257.899993896484,1,20.2099990844727,36.7770004272461,0.0130829997360706,0,147.038497924805,-85.4343,23.7991,80.6189802575055,63,63,63,63,61,63,-0.009345,8521,1.64861680440262,24,-85,0.001869,51,2024-01-19 02:36:20.000267,257.899993896484,1.037,0.0011,"aoml_navis",1027.18216150293
"7901009",23,-0.0056683881754961,1,0.013083,1,-0.009345,1,152.636240455481,1,4.86760674000945,259.899993896484,1,20.1720008850098,36.773998260498,0.0130829997360706,0,147.189193725586,-85.4343,23.7991,80.6189802575055,63,63,63,63,61,63,-0.009345,8521,1.64861680440262,24,-85,0.001869,51,2024-01-19 02:36:20.000267,259.899993896484,1.037,0.0011,"aoml_navis",1027.19884063401
"7901009",23,0,1,0.014952,1,-0.007476,1,151.758528245364,1,4.86747572675888,262,1,20.0639991760254,36.7599983215332,0.0149520002305508,0,146.342803955078,-85.4343,23.7991,80.6189802575055,63,63,63,63,61,63,0,8521,1.64861680440262,24,-85,0.001869,51,2024-01-19 02:36:20.000267,262,1.037,0.0011,"aoml_navis",1027.22648877581
"7901009",23,0,1,0.016821,1,-0.005607,1,150.802505668594,1,4.86740471019186,264,1,20.0179996490479,36.7519989013672,0.0168210007250309,0,145.4208984375,-85.4343,23.7991,80.6189802575055,63,63,63,63,61,63,0,8521,1.64861680440262,24,-85,0.001869,51,2024-01-19 02:36:20.000267,264,1.037,0.0011,"aoml_navis",1027.24147624924
"7901009",23,0,1,0.011214,1,-0.011214,1,150.436761919389,1,4.86732888835972,266,1,19.9710006713867,36.7449989318848,0.0112140001729131,0,145.068206787109,-85.4343,23.7991,80.6189802575055,63,63,63,63,61,63,0,8521,1.64861680440262,24,-85,0.001869,51,2024-01-19 02:36:20.000267,266,1.037,0.0011,"aoml_navis",1027.25747831784
"7901009",23,0,1,0.01869,1,-0.003738,1,150.028484675424,1,4.86726539598046,267.899993896484,1,19.931999206543,36.7379989624023,0.0186899993568659,0,144.674499511719,-85.4343,23.7991,80.6189802575055,63,63,63,63,61,63,0,8521,1.64861680440262,24,-85,0.001869,51,2024-01-19 02:36:20.000267,267.899993896484,1.037,0.0011,"aoml_navis",1027.27087865995
"7901009",23,0,1,0.014952,1,-0.007476,1,149.855518294765,1,4.86717403890437,269.899993896484,1,19.867000579834,36.7290000915527,0.0149520002305508,0,144.507705688477,-85.4343,23.7991,80.6189802575055,63,63,63,63,61,63,0,8521,1.64861680440262,24,-85,0.001869,51,2024-01-19 02:36:20.000267,269.899993896484,1.037,0.0011,"aoml_navis",1027.29016058064
"7901009",23,0,1,0.01869,1,-0.003738,1,150.00816733641,1,4.86705189816441,272,1,19.7649993896484,36.7150001525879,0.0186899993568659,0,144.654907226562,-85.4343,23.7991,80.6189802575055,63,63,63,63,61,63,0,8521,1.64861680440262,24,-85,0.001869,51,2024-01-19 02:36:20.000267,272,1.037,0.0011,"aoml_navis",1027.31594086468
"7901009",23,0,1,0.01869,1,-0.003738,1,150.001315772708,1,4.86698450236855,274,1,19.7299995422363,36.7099990844727,0.0186899993568659,0,144.648300170898,-85.4343,23.7991,80.6189802575055,63,63,63,63,61,63,0,8521,1.64861680440262,24,-85,0.001869,51,2024-01-19 02:36:20.000267,274,1.037,0.0011,"aoml_navis",1027.33016667029
"7901009",23,0,1,0.016821,1,-0.005607,1,150.100038419212,1,4.86692093465745,276,1,19.6979999542236,36.7050018310547,0.0168210007250309,0,144.743499755859,-85.4343,23.7991,80.6189802575055,63,63,63,63,61,63,0,8521,1.64861680440262,24,-85,0.001869,51,2024-01-19 02:36:20.000267,276,1.037,0.0011,"aoml_navis",1027.34358481045
"7901009",23,0,1,0.016821,1,-0.005607,1,150.232053652387,1,4.86685056386479,278,1,19.6520004272461,36.6969985961914,0.0168210007250309,0,144.870803833008,-85.4343,23.7991,80.6189802575055,63,63,63,63,61,63,0,8521,1.64861680440262,24,-85,0.001869,51,2024-01-19 02:36:20.000267,278,1.037,0.0011,"aoml_navis",1027.35843938251
"7901009",23,0,1,0.011214,1,-0.011214,1,150.557779839001,1,4.86671351848758,280,1,19.5330009460449,36.681999206543,0.0112140001729131,0,145.184906005859,-85.4343,23.7991,80.6189802575055,63,63,63,63,61,63,0,8521,1.64861680440262,24,-85,0.001869,51,2024-01-19 02:36:20.000267,280,1.037,0.0011,"aoml_navis",1027.38736952691
"7901009",23,0,1,0.016821,1,-0.005607,1,150.948524675155,1,4.86654996250873,282,1,19.3780002593994,36.6619987487793,0.0168210007250309,0,145.561706542969,-85.4343,23.7991,80.6189802575055,63,63,63,63,61,63,0,8521,1.64861680440262,24,-85,0.001869,51,2024-01-19 02:36:20.000267,282,1.037,0.0011,"aoml_navis",1027.42189816592
"7901009",23,0,1,0.014952,1,-0.007476,1,151.181113901147,1,4.86644845559298,284,1,19.2980003356934,36.6510009765625,0.0149520002305508,0,145.785995483398,-85.4343,23.7991,80.6189802575055,63,63,63,63,61,63,0,8521,1.64861680440262,24,-85,0.001869,51,2024-01-19 02:36:20.000267,284,1.037,0.0011,"aoml_navis",1027.44332866683
"7901009",23,0,1,0.016821,1,-0.005607,1,151.460065902303,1,4.86636130440227,286,1,19.238000869751,36.6430015563965,0.0168210007250309,0,146.054992675781,-85.4343,23.7991,80.6189802575055,63,63,63,63,61,63,0,8521,1.64861680440262,24,-85,0.001869,51,2024-01-19 02:36:20.000267,286,1.037,0.0011,"aoml_navis",1027.46172904935
"7901009",23,0,1,0.013083,1,-0.009345,1,151.719634149338,1,4.8662691983497,288,1,19.1709995269775,36.6339988708496,0.0130829997360706,0,146.305297851562,-85.4343,23.7991,80.6189802575055,63,63,63,63,61,63,0,8521,1.64861680440262,24,-85,0.001869,51,2024-01-19 02:36:20.000267,288,1.037,0.0011,"aoml_navis",1027.48117627682
"7901009",23,0,1,0.014952,1,-0.007476,1,151.739128667769,1,4.86621648803602,290,1,19.1529998779297,36.6310005187988,0.0149520002305508,0,146.324096679688,-85.4343,23.7991,80.6189802575055,63,63,63,63,61,63,0,8521,1.64861680440262,24,-85,0.001869,51,2024-01-19 02:36:20.000267,290,1.037,0.0011,"aoml_navis",1027.4923058382
"7901009",23,0,1,0.01869,1,-0.003738,1,151.705946845407,1,4.86615587311875,292,1,19.117000579834,36.6240005493164,0.0186899993568659,0,146.292098999023,-85.4343,23.7991,80.6189802575055,63,63,63,63,61,63,0,8521,1.64861680440262,24,-85,0.001869,51,2024-01-19 02:36:20.000267,292,1.037,0.0011,"aoml_navis",1027.5051047215
"7901009",23,0,1,0.013083,1,-0.009345,1,151.959913583087,1,4.86599884268627,294,1,18.9740009307861,36.6069984436035,0.0130829997360706,0,146.537002563477,-85.4343,23.7991,80.6189802575055,63,63,63,63,61,63,0,8521,1.64861680440262,24,-85,0.001869,51,2024-01-19 02:36:20.000267,294,1.037,0.0011,"aoml_navis",1027.53826329308
"7901009",23,0,1,0.014952,1,-0.007476,1,152.053651835674,1,4.86591330492505,296,1,18.9029998779297,36.5950012207031,0.0149520002305508,0,146.627395629883,-85.4343,23.7991,80.6189802575055,63,63,63,63,61,63,0,8521,1.64861680440262,24,-85,0.001869,51,2024-01-19 02:36:20.000267,296,1.037,0.0011,"aoml_navis",1027.55632636102
"7901009",23,0,1,0.013083,1,-0.009345,1,152.280655375784,1,4.86583691911864,298,1,18.8509998321533,36.5870018005371,0.0130829997360706,0,146.846298217773,-85.4343,23.7991,80.6189802575055,63,63,63,63,61,63,0,8521,1.64861680440262,24,-85,0.001869,51,2024-01-19 02:36:20.000267,298,1.037,0.0011,"aoml_navis",1027.57245734114
"7901009",23,0,1,0.014952,1,-0.007476,1,152.473638449475,1,4.86575181133412,300,1,18.7830009460449,36.576000213623,0.0149520002305508,0,147.03239440918,-85.4343,23.7991,80.6189802575055,63,63,63,63,61,63,0,8521,1.64861680440262,24,-85,0.001869,51,2024-01-19 02:36:20.000267,300,1.037,0.0011,"aoml_navis",1027.5904308052
"7901009",23,0,1,0.014952,1,-0.007476,1,152.668188046969,1,4.86561007171721,302,1,18.6480007171631,36.5579986572266,0.0149520002305508,0,147.220001220703,-85.4343,23.7991,80.6189802575055,63,63,63,63,61,63,0,8521,1.64861680440262,24,-85,0.001869,51,2024-01-19 02:36:20.000267,302,1.037,0.0011,"aoml_navis",1027.62036544276
"7901009",23,0,1,0.011214,1,-0.011214,1,152.483702178146,1,4.86549343495886,304,1,18.5330009460449,36.5400009155273,0.0112140001729131,0,147.042098999023,-85.4343,23.7991,80.6189802575055,63,63,63,63,61,63,0,8521,1.64861680440262,24,-85,0.001869,51,2024-01-19 02:36:20.000267,304,1.037,0.0011,"aoml_navis",1027.64499980099
"7901009",23,0,1,0.014952,1,-0.007476,1,152.404379109237,1,4.86537497034728,306,1,18.4220008850098,36.523998260498,0.0149520002305508,0,146.965606689453,-85.4343,23.7991,80.6189802575055,63,63,63,63,61,63,0,8521,1.64861680440262,24,-85,0.001869,51,2024-01-19 02:36:20.000267,306,1.037,0.0011,"aoml_navis",1027.67002142141
"7901009",23,0,1,0.016821,1,-0.005607,1,152.387985991465,1,4.8652679180032,308,1,18.326000213623,36.5099983215332,0.0168210007250309,0,146.949798583984,-85.4343,23.7991,80.6189802575055,63,63,63,63,61,63,0,8521,1.64861680440262,24,-85,0.001869,51,2024-01-19 02:36:20.000267,308,1.037,0.0011,"aoml_navis",1027.69263363653
"7901009",23,0,1,0.014952,1,-0.007476,1,152.263028027137,1,4.86521450325892,310,1,18.3010005950928,36.5050010681152,0.0149520002305508,0,146.829299926758,-85.4343,23.7991,80.6189802575055,63,63,63,63,61,63,0,8521,1.64861680440262,24,-85,0.001869,51,2024-01-19 02:36:20.000267,310,1.037,0.0011,"aoml_navis",1027.70391657979
"7901009",23,0,1,0.016821,1,-0.005607,1,152.061025573977,1,4.86516357002633,312,1,18.2840003967285,36.5019989013672,0.0168210007250309,0,146.634506225586,-85.4343,23.7991,80.6189802575055,63,63,63,63,61,63,0,8521,1.64861680440262,24,-85,0.001869,51,2024-01-19 02:36:20.000267,312,1.037,0.0011,"aoml_navis",1027.71467557728
"7901009",23,0,1,0.014952,1,-0.007476,1,151.790460013379,1,4.86511141287875,314,1,18.2630004882812,36.4980010986328,0.0149520002305508,0,146.373596191406,-85.4343,23.7991,80.6189802575055,63,63,63,63,61,63,0,8521,1.64861680440262,24,-85,0.001869,51,2024-01-19 02:36:20.000267,314,1.037,0.0011,"aoml_navis",1027.72569334469
"7901009",23,0,1,0.016821,1,-0.005607,1,151.399208826097,1,4.86504839455794,316,1,18.2269992828369,36.492000579834,0.0168210007250309,0,145.996307373047,-85.4343,23.7991,80.6189802575055,63,63,63,63,61,63,0,8521,1.64861680440262,24,-85,0.001869,51,2024-01-19 02:36:20.000267,316,1.037,0.0011,"aoml_navis",1027.73900576056
"7901009",23,0,1,0.014952,1,-0.007476,1,151.124813985093,1,4.86495891264994,318,1,18.1539993286133,36.4809989929199,0.0149520002305508,0,145.731704711914,-85.4343,23.7991,80.6189802575055,63,63,63,63,61,63,0,8521,1.64861680440262,24,-85,0.001869,51,2024-01-19 02:36:20.000267,318,1.037,0.0011,"aoml_navis",1027.75790911593
"7901009",23,0,1,0.016821,1,-0.005607,1,150.67360765955,1,4.86487682958117,320,1,18.0900001525879,36.4710006713867,0.0168210007250309,0,145.296600341797,-85.4343,23.7991,80.6189802575055,63,63,63,63,61,63,0,8521,1.64861680440262,24,-85,0.001869,51,2024-01-19 02:36:20.000267,320,1.037,0.0011,"aoml_navis",1027.77525005304
"7901009",23,0,1,0.016821,1,-0.005607,1,150.552178329646,1,4.86477225731177,322,1,17.9890003204346,36.4550018310547,0.0168210007250309,0,145.179504394531,-85.4343,23.7991,80.6189802575055,63,63,63,63,61,63,0,8521,1.64861680440262,24,-85,0.001869,51,2024-01-19 02:36:20.000267,322,1.037,0.0011,"aoml_navis",1027.79734292494
"7901009",23,0,1,0.016821,1,-0.005607,1,150.612006880124,1,4.86467987292782,324,1,17.9130001068115,36.4440002441406,0.0168210007250309,0,145.237197875977,-85.4343,23.7991,80.6189802575055,63,63,63,63,61,63,0,8521,1.64861680440262,24,-85,0.001869,51,2024-01-19 02:36:20.000267,324,1.037,0.0011,"aoml_navis",1027.8168616655
"7901009",23,0,1,0.016821,1,-0.005607,1,150.691440713343,1,4.86460786145851,326,1,17.863000869751,36.4360008239746,0.0168210007250309,0,145.31379699707,-85.4343,23.7991,80.6189802575055,63,63,63,63,61,63,0,8521,1.64861680440262,24,-85,0.001869,51,2024-01-19 02:36:20.000267,326,1.037,0.0011,"aoml_navis",1027.832076582
"7901009",23,0,1,0.013083,1,-0.009345,1,150.679209168905,1,4.86456196230721,328,1,17.8500003814697,36.4329986572266,0.0130829997360706,0,145.302001953125,-85.4343,23.7991,80.6189802575055,63,63,63,63,61,63,0,8521,1.64861680440262,24,-85,0.001869,51,2024-01-19 02:36:20.000267,328,1.037,0.0011,"aoml_navis",1027.84177460216
"7901009",23,0,1,0.013083,1,-0.009345,1,150.646755226289,1,4.86451124570062,330,1,17.8360004425049,36.4309997558594,0.0130829997360706,0,145.270706176758,-85.4343,23.7991,80.6189802575055,63,63,63,63,61,63,0,8521,1.64861680440262,24,-85,0.001869,51,2024-01-19 02:36:20.000267,330,1.037,0.0011,"aoml_navis",1027.85249071407
"7901009",23,0,1,0.014952,1,-0.007476,1,150.566688454161,1,4.86444757302624,332,1,17.8020000457764,36.4259986877441,0.0149520002305508,0,145.193496704102,-85.4343,23.7991,80.6189802575055,63,63,63,63,61,63,0,8521,1.64861680440262,24,-85,0.001869,51,2024-01-19 02:36:20.000267,332,1.037,0.0011,"aoml_navis",1027.86594468104
"7901009",23,0,1,0.013083,1,-0.009345,1,150.532256577451,1,4.86439106968542,334,1,17.7740001678467,36.4210014343262,0.0130829997360706,0,145.160293579102,-85.4343,23.7991,80.6189802575055,63,63,63,63,61,63,0,8521,1.64861680440262,24,-85,0.001869,51,2024-01-19 02:36:20.000267,334,1.037,0.0011,"aoml_navis",1027.87788407056
"7901009",23,0,1,0.01869,1,-0.003738,1,150.292293613157,1,4.86435230264914,336,1,17.7700004577637,36.4189987182617,0.0186899993568659,0,144.928894042969,-85.4343,23.7991,80.6189802575055,63,63,63,63,61,63,0,8521,1.64861680440262,24,-85,0.001869,51,2024-01-19 02:36:20.000267,336,1.037,0.0011,"aoml_navis",1027.88607586605
"7901009",23,0,1,0.014952,1,-0.007476,1,150.251231701364,1,4.8642627920542,338,1,17.7019996643066,36.4099998474121,0.0149520002305508,0,144.889297485352,-85.4343,23.7991,80.6189802575055,63,63,63,63,61,63,0,8521,1.64861680440262,24,-85,0.001869,51,2024-01-19 02:36:20.000267,338,1.037,0.0011,"aoml_navis",1027.90499069407
"7901009",23,0,1,0.013083,1,-0.009345,1,150.139549630675,1,4.86419117462996,340,1,17.6520004272461,36.4020004272461,0.0130829997360706,0,144.781600952148,-85.4343,23.7991,80.6189802575055,63,63,63,63,61,63,0,8521,1.64861680440262,24,-85,0.001869,51,2024-01-19 02:36:20.000267,340,1.037,0.0011,"aoml_navis",1027.9201249487
"7901009",23,0,1,0.014952,1,-0.007476,1,149.912656854875,1,4.86414069645411,342,1,17.6319999694824,36.3979988098145,0.0149520002305508,0,144.562805175781,-85.4343,23.7991,80.6189802575055,63,63,63,63,61,63,0,8521,1.64861680440262,24,-85,0.001869,51,2024-01-19 02:36:20.000267,342,1.037,0.0011,"aoml_navis",1027.93079230725
"7901009",23,0,1,0.014952,1,-0.007476,1,149.733250320805,1,4.86408274565117,343.899993896484,1,17.6070003509521,36.3950004577637,0.0149520002305508,0,144.389801025391,-85.4343,23.7991,80.6189802575055,63,63,63,63,61,63,0,8521,1.64861680440262,24,-85,0.001869,51,2024-01-19 02:36:20.000267,343.899993896484,1.037,0.0011,"aoml_navis",1027.9430391003
"7901009",23,0,1,0.016821,1,-0.005607,1,149.752539134091,1,4.86401285952666,346,1,17.556999206543,36.3860015869141,0.0168210007250309,0,144.408401489258,-85.4343,23.7991,80.6189802575055,63,63,63,63,61,63,0,8521,1.64861680440262,24,-85,0.001869,51,2024-01-19 02:36:20.000267,346,1.037,0.0011,"aoml_navis",1027.9578085833
"7901009",23,0,1,0.013083,1,-0.009345,1,149.65889582234,1,4.86396576926239,348,1,17.548999786377,36.3849983215332,0.0130829997360706,0,144.318099975586,-85.4343,23.7991,80.6189802575055,63,63,63,63,61,63,0,8521,1.64861680440262,24,-85,0.001869,51,2024-01-19 02:36:20.000267,348,1.037,0.0011,"aoml_navis",1027.96776071026
"7901009",23,0,1,0.011214,1,-0.011214,1,149.391969660476,1,4.86391763813237,350,1,17.5340003967285,36.3819999694824,0.0112140001729131,0,144.060699462891,-85.4343,23.7991,80.6189802575055,63,63,63,63,61,63,0,8521,1.64861680440262,24,-85,0.001869,51,2024-01-19 02:36:20.000267,350,1.037,0.0011,"aoml_navis",1027.97793301448
"7901009",23,0,1,0.013083,1,-0.009345,1,149.14360443215,1,4.86386597362905,352,1,17.5160007476807,36.3790016174316,0.0130829997360706,0,143.821197509766,-85.4343,23.7991,80.6189802575055,63,63,63,63,61,63,0,8521,1.64861680440262,24,-85,0.001869,51,2024-01-19 02:36:20.000267,352,1.037,0.0011,"aoml_navis",1027.98885230577
"7901009",23,0,1,0.016821,1,-0.005607,1,148.852626591701,1,4.86380388005012,354,1,17.4829998016357,36.3740005493164,0.0168210007250309,0,143.540603637695,-85.4343,23.7991,80.6189802575055,63,63,63,63,61,63,0,8521,1.64861680440262,24,-85,0.001869,51,2024-01-19 02:36:20.000267,354,1.037,0.0011,"aoml_navis",1028.00197608882
"7901009",23,0,1,0.016821,1,-0.005607,1,148.598343384566,1,4.86375579793023,356,1,17.4680004119873,36.3709983825684,0.0168210007250309,0,143.295394897461,-85.4343,23.7991,80.6189802575055,63,63,63,63,61,63,0,8521,1.64861680440262,24,-85,0.001869,51,2024-01-19 02:36:20.000267,356,1.037,0.0011,"aoml_navis",1028.01213871135
"7901009",23,0,1,0.016821,1,-0.005607,1,148.166742341764,1,4.86371233620892,358,1,17.4599990844727,36.3689994812012,0.0168210007250309,0,142.879196166992,-85.4343,23.7991,80.6189802575055,63,63,63,63,61,63,0,8521,1.64861680440262,24,-85,0.001869,51,2024-01-19 02:36:20.000267,358,1.037,0.0011,"aoml_navis",1028.02132494072
"7901009",23,0,1,0.020559,1,-0.001869,1,147.389825653081,1,4.8636748557367,360,1,17.4540004730225,36.3660011291504,0.020558999851346,0,142.130004882812,-85.4343,23.7991,80.6189802575055,63,63,63,63,61,63,0,8521,1.64861680440262,24,-85,0.001869,51,2024-01-19 02:36:20.000267,360,1.037,0.0011,"aoml_navis",1028.0292470831
"7901009",23,0,1,0.014952,1,-0.007476,1,146.79353390587,1,4.86357615027683,362,1,17.3589992523193,36.351001739502,0.0149520002305508,0,141.554992675781,-85.4343,23.7991,80.6189802575055,63,63,63,63,61,63,0,8521,1.64861680440262,24,-85,0.001869,51,2024-01-19 02:36:20.000267,362,1.037,0.0011,"aoml_navis",1028.05011076374
"7901009",23,0,1,0.016821,1,-0.005607,1,146.945771537223,1,4.86346762207501,364,1,17.246000289917,36.3330001831055,0.0168210007250309,0,141.701797485352,-85.4343,23.7991,80.6189802575055,63,63,63,63,61,63,0,8521,1.64861680440262,24,-85,0.001869,51,2024-01-19 02:36:20.000267,364,1.037,0.0011,"aoml_navis",1028.07305168544
"7901009",23,0,1,0.016821,1,-0.005607,1,147.000109342656,1,4.86340458103663,366,1,17.2150001525879,36.3289985656738,0.0168210007250309,0,141.754196166992,-85.4343,23.7991,80.6189802575055,63,63,63,63,61,63,0,8521,1.64861680440262,24,-85,0.001869,51,2024-01-19 02:36:20.000267,366,1.037,0.0011,"aoml_navis",1028.08637790407
"7901009",23,0,1,0.013083,1,-0.009345,1,147.005394382555,1,4.86334845040211,368,1,17.193000793457,36.326000213623,0.0130829997360706,0,141.759292602539,-85.4343,23.7991,80.6189802575055,63,63,63,63,61,63,0,8521,1.64861680440262,24,-85,0.001869,51,2024-01-19 02:36:20.000267,368,1.037,0.0011,"aoml_navis",1028.09824362607
"7901009",23,0,1,0.016821,1,-0.005607,1,146.785875345058,1,4.86330482268878,370,1,17.1909999847412,36.326000213623,0.0168210007250309,0,141.547607421875,-85.4343,23.7991,80.6189802575055,63,63,63,63,61,63,0,8521,1.64861680440262,24,-85,0.001869,51,2024-01-19 02:36:20.000267,370,1.037,0.0011,"aoml_navis",1028.10746648524
"7901009",23,0,1,0.020559,1,-0.001869,1,146.390035350677,1,4.86325571157105,372,1,17.1749992370605,36.3230018615723,0.020558999851346,0,141.165893554688,-85.4343,23.7991,80.6189802575055,63,63,63,63,61,63,0,8521,1.64861680440262,24,-85,0.001869,51,2024-01-19 02:36:20.000267,372,1.037,0.0011,"aoml_navis",1028.11784872911
"7901009",23,0,1,0.016821,1,-0.005607,1,146.087648786374,1,4.86318081219636,374,1,17.1119995117188,36.3120002746582,0.0168210007250309,0,140.874298095703,-85.4343,23.7991,80.6189802575055,63,63,63,63,61,63,0,8521,1.64861680440262,24,-85,0.001869,51,2024-01-19 02:36:20.000267,374,1.037,0.0011,"aoml_navis",1028.13368309492
"7901009",23,0,1,0.01869,1,-0.003738,1,145.621726631172,1,4.86312968891912,376,1,17.0879993438721,36.306999206543,0.0186899993568659,0,140.425003051758,-85.4343,23.7991,80.6189802575055,63,63,63,63,61,63,0,8521,1.64861680440262,24,-85,0.001869,51,2024-01-19 02:36:20.000267,376,1.037,0.0011,"aoml_navis",1028.14449127128
"7901009",23,0,1,0.014952,1,-0.007476,1,145.125407584812,1,4.86305704054872,378,1,17.0330009460449,36.2980003356934,0.0149520002305508,0,139.946395874023,-85.4343,23.7991,80.6189802575055,63,63,63,63,61,63,0,8521,1.64861680440262,24,-85,0.001869,51,2024-01-19 02:36:20.000267,378,1.037,0.0011,"aoml_navis",1028.15985054451
"7901009",23,0,1,0.013083,1,-0.009345,1,144.471581690671,1,4.86297423132261,380,1,16.9659996032715,36.2879981994629,0.0130829997360706,0,139.315902709961,-85.4343,23.7991,80.6189802575055,63,63,63,63,61,63,0,8521,1.64861680440262,24,-85,0.001869,51,2024-01-19 02:36:20.000267,380,1.037,0.0011,"aoml_navis",1028.1773585792
"7901009",23,0,1,0.013083,1,-0.009345,1,144.072640295631,1,4.86287451550244,382,1,16.8560009002686,36.2690010070801,0.0130829997360706,0,138.931198120117,-85.4343,23.7991,80.6189802575055,63,63,63,63,61,63,0,8521,1.64861680440262,24,-85,0.001869,51,2024-01-19 02:36:20.000267,382,1.037,0.0011,"aoml_navis",1028.19844190106
"7901009",23,0,1,0.013083,1,-0.009345,1,143.449923348923,1,4.86282048333454,384,1,16.8229999542236,36.2620010375977,0.0130829997360706,0,138.330703735352,-85.4343,23.7991,80.6189802575055,63,63,63,63,61,63,0,8521,1.64861680440262,24,-85,0.001869,51,2024-01-19 02:36:20.000267,384,1.037,0.0011,"aoml_navis",1028.20986650352
"7901009",23,0,1,0.01869,1,-0.003738,1,142.935359838479,1,4.86270896198578,386,1,16.6989994049072,36.242000579834,0.0186899993568659,0,137.834503173828,-85.4343,23.7991,80.6189802575055,63,63,63,63,61,63,0,8521,1.64861680440262,24,-85,0.001869,51,2024-01-19 02:36:20.000267,386,1.037,0.0011,"aoml_navis",1028.23344746467
"7901009",23,0,1,0.01869,1,-0.003738,1,142.855198125514,1,4.86258987983985,388,1,16.5709991455078,36.2229995727539,0.0186899993568659,0,137.757202148438,-85.4343,23.7991,80.6189802575055,63,63,63,63,61,63,0,8521,1.64861680440262,24,-85,0.001869,51,2024-01-19 02:36:20.000267,388,1.037,0.0011,"aoml_navis",1028.25862833505
"7901009",23,0,1,0.013083,1,-0.009345,1,142.678703110431,1,4.86252063942589,390,1,16.5179996490479,36.2140007019043,0.0130829997360706,0,137.587005615234,-85.4343,23.7991,80.6189802575055,63,63,63,63,61,63,0,8521,1.64861680440262,24,-85,0.001869,51,2024-01-19 02:36:20.000267,390,1.037,0.0011,"aoml_navis",1028.27327034037
"7901009",23,0,1,0.014952,1,-0.007476,1,142.574885305701,1,4.86246569531888,392,1,16.4869995117188,36.2080001831055,0.0149520002305508,0,137.486892700195,-85.4343,23.7991,80.6189802575055,63,63,63,63,61,63,0,8521,1.64861680440262,24,-85,0.001869,51,2024-01-19 02:36:20.000267,392,1.037,0.0011,"aoml_navis",1028.28488945712
"7901009",23,0,1,0.016821,1,-0.005607,1,142.427125717136,1,4.86242019188179,394,1,16.4769992828369,36.2060012817383,0.0168210007250309,0,137.34440612793,-85.4343,23.7991,80.6189802575055,63,63,63,63,61,63,0,8521,1.64861680440262,24,-85,0.001869,51,2024-01-19 02:36:20.000267,394,1.037,0.0011,"aoml_navis",1028.29451233933
"7901009",23,0,1,0.014952,1,-0.007476,1,142.07775926223,1,4.86237926368398,396,1,16.4710006713867,36.2039985656738,0.0149520002305508,0,137.007507324219,-85.4343,23.7991,80.6189802575055,63,63,63,63,61,63,0,8521,1.64861680440262,24,-85,0.001869,51,2024-01-19 02:36:20.000267,396,1.037,0.0011,"aoml_navis",1028.30316782236
"7901009",23,0,1,0.014952,1,-0.007476,1,141.747982266592,1,4.86233055835311,398,1,16.4549999237061,36.201000213623,0.0149520002305508,0,136.689498901367,-85.4343,23.7991,80.6189802575055,63,63,63,63,61,63,0,8521,1.64861680440262,24,-85,0.001869,51,2024-01-19 02:36:20.000267,398,1.037,0.0011,"aoml_navis",1028.31346820104
"7901009",23,0,1,0.013083,1,-0.009345,1,141.376004069123,1,4.86227092360559,400,1,16.4230003356934,36.1959991455078,0.0130829997360706,0,136.330795288086,-85.4343,23.7991,80.6189802575055,63,63,63,63,61,63,0,8521,1.64861680440262,24,-85,0.001869,51,2024-01-19 02:36:20.000267,400,1.037,0.0011,"aoml_navis",1028.32608025311
"7901009",23,0,1,0.024297,1,0.001869,1,141.25291327458,1,4.86218449538727,402,1,16.3449993133545,36.1839981079102,0.0242970008403063,0,136.212097167969,-85.4343,23.7991,80.6189802575055,63,63,63,63,61,63,0,8521,1.64861680440262,24,-85,0.001869,51,2024-01-19 02:36:20.000267,402,1.037,0.0011,"aoml_navis",1028.34435936018
"7901009",23,0,1,0.016821,1,-0.005607,1,140.819350121157,1,4.86214084326496,404,1,16.3269996643066,36.1790008544922,0.0168210007250309,0,135.794006347656,-85.4343,23.7991,80.6189802575055,63,63,63,63,61,63,0,8521,1.64861680440262,24,-85,0.001869,51,2024-01-19 02:36:20.000267,404,1.037,0.0011,"aoml_navis",1028.35359179815
"7901009",23,0,1,0.01869,1,-0.003738,1,140.220574088723,1,4.86207276562528,406,1,16.2810001373291,36.1720008850098,0.0186899993568659,0,135.216598510742,-85.4343,23.7991,80.6189802575055,63,63,63,63,61,63,0,8521,1.64861680440262,24,-85,0.001869,51,2024-01-19 02:36:20.000267,406,1.037,0.0011,"aoml_navis",1028.36799057181
"7901009",23,0,1,0.016821,1,-0.005607,1,139.820604167954,1,4.86198009843528,408,1,16.1809997558594,36.1549987792969,0.0168210007250309,0,134.830902099609,-85.4343,23.7991,80.6189802575055,63,63,63,63,61,63,0,8521,1.64861680440262,24,-85,0.001869,51,2024-01-19 02:36:20.000267,408,1.037,0.0011,"aoml_navis",1028.38759081082
"7901009",23,0,1,0.016821,1,-0.005607,1,139.604392236262,1,4.86187547586498,410,1,16.0699996948242,36.1380004882812,0.0168210007250309,0,134.622406005859,-85.4343,23.7991,80.6189802575055,63,63,63,63,61,63,0,8521,1.64861680440262,24,-85,0.001869,51,2024-01-19 02:36:20.000267,410,1.037,0.0011,"aoml_navis",1028.4097206563
"7901009",23,0,1,0.01869,1,-0.003738,1,139.296910513732,1,4.86180978967566,412,1,16.0160007476807,36.1279983520508,0.0186899993568659,0,134.325897216797,-85.4343,23.7991,80.6189802575055,63,63,63,63,61,63,0,8521,1.64861680440262,24,-85,0.001869,51,2024-01-19 02:36:20.000267,412,1.037,0.0011,"aoml_navis",1028.42361513562
"7901009",23,0,1,0.014952,1,-0.007476,1,138.874328850399,1,4.86175936715477,414,1,15.9949998855591,36.1240005493164,0.0149520002305508,0,133.918395996094,-85.4343,23.7991,80.6189802575055,63,63,63,63,61,63,0,8521,1.64861680440262,24,-85,0.001869,51,2024-01-19 02:36:20.000267,414,1.037,0.0011,"aoml_navis",1028.43428117384
"7901009",23,0,1,0.01869,1,-0.003738,1,138.570897936894,1,4.86168572768993,416,1,15.9370002746582,36.1150016784668,0.0186899993568659,0,133.625793457031,-85.4343,23.7991,80.6189802575055,63,63,63,63,61,63,0,8521,1.64861680440262,24,-85,0.001869,51,2024-01-19 02:36:20.000267,416,1.037,0.0011,"aoml_navis",1028.44985876448
"7901009",23,0,1,0.020559,1,-0.001869,1,138.42457828435,1,4.86161697578589,418,1,15.8800001144409,36.1049995422363,0.020558999851346,0,133.48469543457,-85.4343,23.7991,80.6189802575055,63,63,63,63,61,63,0,8521,1.64861680440262,24,-85,0.001869,51,2024-01-19 02:36:20.000267,418,1.037,0.0011,"aoml_navis",1028.46440287323
"7901009",23,0,1,0.020559,1,-0.001869,1,138.062869520697,1,4.86156027151022,420,1,15.8500003814697,36.0999984741211,0.020558999851346,0,133.135894775391,-85.4343,23.7991,80.6189802575055,63,63,63,63,61,63,0,8521,1.64861680440262,24,-85,0.001869,51,2024-01-19 02:36:20.000267,420,1.037,0.0011,"aoml_navis",1028.47639867823
"7901009",23,0,1,0.016821,1,-0.005607,1,137.918939212539,1,4.86148391946126,422,1,15.78600025177,36.0900001525879,0.0168210007250309,0,132.997100830078,-85.4343,23.7991,80.6189802575055,63,63,63,63,61,63,0,8521,1.64861680440262,24,-85,0.001869,51,2024-01-19 02:36:20.000267,422,1.037,0.0011,"aoml_navis",1028.49255141712
"7901009",23,0,1,0.014952,1,-0.007476,1,137.731969058494,1,4.86143398382029,424,1,15.7620000839233,36.0849990844727,0.0149520002305508,0,132.816802978516,-85.4343,23.7991,80.6189802575055,63,63,63,63,61,63,0,8521,1.64861680440262,24,-85,0.001869,51,2024-01-19 02:36:20.000267,424,1.037,0.0011,"aoml_navis",1028.50311587916
"7901009",23,0,1,0.01869,1,-0.003738,1,137.433206069451,1,4.86138183649647,426,1,15.7360000610352,36.0800018310547,0.0186899993568659,0,132.528701782227,-85.4343,23.7991,80.6189802575055,63,63,63,63,61,63,0,8521,1.64861680440262,24,-85,0.001869,51,2024-01-19 02:36:20.000267,426,1.037,0.0011,"aoml_navis",1028.51414847994
"7901009",23,0,1,0.01869,1,-0.003738,1,137.011352285865,1,4.86132781242622,428,1,15.7049999237061,36.0740013122559,0.0186899993568659,0,132.12190246582,-85.4343,23.7991,80.6189802575055,63,63,63,63,61,63,0,8521,1.64861680440262,24,-85,0.001869,51,2024-01-19 02:36:20.000267,428,1.037,0.0011,"aoml_navis",1028.52557838608
"7901009",23,0,1,0.022428,1,0,1,136.493370905306,1,4.86124171641234,430,1,15.6219997406006,36.0610008239746,0.0224280003458261,0,131.622406005859,-85.4343,23.7991,80.6189802575055,63,63,63,63,61,63,0,8521,1.64861680440262,24,-85,0.001869,51,2024-01-19 02:36:20.000267,430,1.037,0.0011,"aoml_navis",1028.54379429832
"7901009",23,0,1,0.01869,1,-0.003738,1,136.313442196636,1,4.86115170897837,432,1,15.5220003128052,36.0439987182617,0.0186899993568659,0,131.44889831543,-85.4343,23.7991,80.6189802575055,63,63,63,63,61,63,0,8521,1.64861680440262,24,-85,0.001869,51,2024-01-19 02:36:20.000267,432,1.037,0.0011,"aoml_navis",1028.56283846587
"7901009",23,0,1,0.016821,1,-0.005607,1,135.905687127272,1,4.86109464328215,434,1,15.4879999160767,36.0379981994629,0.0168210007250309,0,131.055694580078,-85.4343,23.7991,80.6189802575055,63,63,63,63,61,63,0,8521,1.64861680440262,24,-85,0.001869,51,2024-01-19 02:36:20.000267,434,1.037,0.0011,"aoml_navis",1028.57491304141
"7901009",23,0,1,0.020559,1,-0.001869,1,135.600499808292,1,4.86101002372286,436,1,15.4090003967285,36.0260009765625,0.020558999851346,0,130.76139831543,-85.4343,23.7991,80.6189802575055,63,63,63,63,61,63,0,8521,1.64861680440262,24,-85,0.001869,51,2024-01-19 02:36:20.000267,436,1.037,0.0011,"aoml_navis",1028.59281828238
"7901009",23,0,1,0.011214,1,-0.011214,1,135.084702066973,1,4.86095933268355,438,1,15.3839998245239,36.0209999084473,0.0112140001729131,0,130.264007568359,-85.4343,23.7991,80.6189802575055,63,63,63,63,61,63,0,8521,1.64861680440262,24,-85,0.001869,51,2024-01-19 02:36:20.000267,438,1.037,0.0011,"aoml_navis",1028.60354465045
"7901009",23,0,1,0.01869,1,-0.003738,1,134.582575806113,1,4.86088231422877,440,1,15.3050003051758,36.0069999694824,0.0186899993568659,0,129.779800415039,-85.4343,23.7991,80.6189802575055,63,63,63,63,61,63,0,8521,1.64861680440262,24,-85,0.001869,51,2024-01-19 02:36:20.000267,440,1.037,0.0011,"aoml_navis",1028.61984240269
"7901009",23,0,1,0.022428,1,0,1,134.307453085362,1,4.86079575631964,442,1,15.2170000076294,35.9930000305176,0.0224280003458261,0,129.514495849609,-85.4343,23.7991,80.6189802575055,63,63,63,63,61,63,0,8521,1.64861680440262,24,-85,0.001869,51,2024-01-19 02:36:20.000267,442,1.037,0.0011,"aoml_navis",1028.63815940001
"7901009",23,0,1,0.020559,1,-0.001869,1,134.096526193569,1,4.86072825469874,444,1,15.1630001068115,35.984001159668,0.020558999851346,0,129.311096191406,-85.4343,23.7991,80.6189802575055,63,63,63,63,61,63,0,8521,1.64861680440262,24,-85,0.001869,51,2024-01-19 02:36:20.000267,444,1.037,0.0011,"aoml_navis",1028.65244424364
"7901009",23,0,1,0.020559,1,-0.001869,1,133.836863005698,1,4.86066770189812,446,1,15.1219997406006,35.9770011901855,0.020558999851346,0,129.060699462891,-85.4343,23.7991,80.6189802575055,63,63,63,63,61,63,0,8521,1.64861680440262,24,-85,0.001869,51,2024-01-19 02:36:20.000267,446,1.037,0.0011,"aoml_navis",1028.66525890002
"7901009",23,0,1,0.01869,1,-0.003738,1,133.36855150611,1,4.86061008190592,448,1,15.0869998931885,35.9710006713867,0.0186899993568659,0,128.609100341797,-85.4343,23.7991,80.6189802575055,63,63,63,63,61,63,0,8521,1.64861680440262,24,-85,0.001869,51,2024-01-19 02:36:20.000267,448,1.037,0.0011,"aoml_navis",1028.67745318905
"7901009",23,0,1,0.016821,1,-0.005607,1,133.105248919506,1,4.86052322317525,450,1,14.9980001449585,35.9570007324219,0.0168210007250309,0,128.355194091797,-85.4343,23.7991,80.6189802575055,63,63,63,63,61,63,0,8521,1.64861680440262,24,-85,0.001869,51,2024-01-19 02:36:20.000267,450,1.037,0.0011,"aoml_navis",1028.69583590501
"7901009",23,0,1,0.01869,1,-0.003738,1,132.967331530994,1,4.86046157924761,452,1,14.9490003585815,35.9480018615723,0.0186899993568659,0,128.222198486328,-85.4343,23.7991,80.6189802575055,63,63,63,63,61,63,0,8521,1.64861680440262,24,-85,0.001869,51,2024-01-19 02:36:20.000267,452,1.037,0.0011,"aoml_navis",1028.70888257777
"7901009",23,0,1,0.016821,1,-0.005607,1,132.630204532262,1,4.86040594365361,454,1,14.918999671936,35.943000793457,0.0168210007250309,0,127.897102355957,-85.4343,23.7991,80.6189802575055,63,63,63,63,61,63,0,8521,1.64861680440262,24,-85,0.001869,51,2024-01-19 02:36:20.000267,454,1.037,0.0011,"aoml_navis",1028.72065789662
"7901009",23,0,1,0.016821,1,-0.005607,1,132.416271180646,1,4.86032959387595,456,1,14.8459997177124,35.9309997558594,0.0168210007250309,0,127.690803527832,-85.4343,23.7991,80.6189802575055,63,63,63,63,61,63,0,8521,1.64861680440262,24,-85,0.001869,51,2024-01-19 02:36:20.000267,456,1.037,0.0011,"aoml_navis",1028.73681782816
"7901009",23,0,1,0.01869,1,-0.003738,1,132.260299209723,1,4.86025367666833,458,1,14.7799997329712,35.9210014343262,0.0186899993568659,0,127.540397644043,-85.4343,23.7991,80.6189802575055,63,63,63,63,61,63,0,8521,1.64861680440262,24,-85,0.001869,51,2024-01-19 02:36:20.000267,458,1.037,0.0011,"aoml_navis",1028.75288670682
"7901009",23,0,1,0.01869,1,-0.003738,1,132.090236436314,1,4.86020422936431,460,1,14.7589998245239,35.9169998168945,0.0186899993568659,0,127.376403808594,-85.4343,23.7991,80.6189802575055,63,63,63,63,61,63,0,8521,1.64861680440262,24,-85,0.001869,51,2024-01-19 02:36:20.000267,460,1.037,0.0011,"aoml_navis",1028.7633531511
"7901009",23,0,1,0.020559,1,-0.001869,1,131.838761895592,1,4.86015222176457,462,1,14.7390003204346,35.9140014648438,0.020558999851346,0,127.133903503418,-85.4343,23.7991,80.6189802575055,63,63,63,63,61,63,0,8521,1.64861680440262,24,-85,0.001869,51,2024-01-19 02:36:20.000267,462,1.037,0.0011,"aoml_navis",1028.77436175953
"7901009",23,0,1,0.020559,1,-0.001869,1,131.366296734407,1,4.86011177657197,464,1,14.7229995727539,35.9090003967285,0.020558999851346,0,126.678298950195,-85.4343,23.7991,80.6189802575055,63,63,63,63,61,63,0,8521,1.64861680440262,24,-85,0.001869,51,2024-01-19 02:36:20.000267,464,1.037,0.0011,"aoml_navis",1028.78292308057
"7901009",23,0,1,0.024297,1,0.001869,1,130.777378725498,1,4.86003129937508,466,1,14.6490001678467,35.8979988098145,0.0242970008403063,0,126.110397338867,-85.4343,23.7991,80.6189802575055,63,63,63,63,61,63,0,8521,1.64861680440262,24,-85,0.001869,51,2024-01-19 02:36:20.000267,466,1.037,0.0011,"aoml_navis",1028.79995868399
"7901009",23,0,1,0.016821,1,-0.005607,1,130.359464986627,1,4.85994328353872,468,1,14.5539999008179,35.882999420166,0.0168210007250309,0,125.707397460938,-85.4343,23.7991,80.6189802575055,63,63,63,63,61,63,0,8521,1.64861680440262,24,-85,0.001869,51,2024-01-19 02:36:20.000267,468,1.037,0.0011,"aoml_navis",1028.8185907304
"7901009",23,0,1,0.026166,1,0.003738,1,130.02503589,1,4.85987177302886,470,1,14.4879999160767,35.8720016479492,0.0261659994721413,0,125.384902954102,-85.4343,23.7991,80.6189802575055,63,63,63,63,61,63,0,8521,1.64861680440262,24,-85,0.001869,51,2024-01-19 02:36:20.000267,470,1.037,0.0011,"aoml_navis",1028.83372926603
"7901009",23,0,1,0.020559,1,-0.001869,1,129.441505773564,1,4.85981924638232,472,1,14.4569997787476,35.8660011291504,0.020558999851346,0,124.822196960449,-85.4343,23.7991,80.6189802575055,63,63,63,63,61,63,0,8521,1.64861680440262,24,-85,0.001869,51,2024-01-19 02:36:20.000267,472,1.037,0.0011,"aoml_navis",1028.84484926513
"7901009",23,0,1,0.020559,1,-0.001869,1,128.634097252886,1,4.85975761628178,474,1,14.4069995880127,35.8569984436035,0.020558999851346,0,124.043601989746,-85.4343,23.7991,80.6189802575055,63,63,63,63,61,63,0,8521,1.64861680440262,24,-85,0.001869,51,2024-01-19 02:36:20.000267,474,1.037,0.0011,"aoml_navis",1028.85789679065
"7901009",23,0,1,0.022428,1,0,1,128.234016567808,1,4.8596250593381,476,1,14.2340002059937,35.8320007324219,0.0224280003458261,0,123.65779876709,-85.4343,23.7991,80.6189802575055,63,63,63,63,61,63,0,8521,1.64861680440262,24,-85,0.001869,51,2024-01-19 02:36:20.000267,476,1.037,0.0011,"aoml_navis",1028.88596114883
"7901009",23,0,1,0.020559,1,-0.001869,1,127.841404561869,1,4.85955702420158,478,1,14.1669998168945,35.8199996948242,0.020558999851346,0,123.279197692871,-85.4343,23.7991,80.6189802575055,63,63,63,63,61,63,0,8521,1.64861680440262,24,-85,0.001869,51,2024-01-19 02:36:20.000267,478,1.037,0.0011,"aoml_navis",1028.90036583561
"7901009",23,0,1,0.024297,1,0.001869,1,127.46123771725,1,4.85948921302065,480,1,14.1140003204346,35.8120002746582,0.0242970008403063,0,122.91259765625,-85.4343,23.7991,80.6189802575055,63,63,63,63,61,63,0,8521,1.64861680440262,24,-85,0.001869,51,2024-01-19 02:36:20.000267,480,1.037,0.0011,"aoml_navis",1028.91472350692
"7901009",23,0,1,0.016821,1,-0.005607,1,126.91505099651,1,4.85943140792045,482,1,14.0740003585815,35.8050003051758,0.0168210007250309,0,122.385902404785,-85.4343,23.7991,80.6189802575055,63,63,63,63,61,63,0,8521,1.64861680440262,24,-85,0.001869,51,2024-01-19 02:36:20.000267,482,1.037,0.0011,"aoml_navis",1028.92696290567
"7901009",23,0,1,0.020559,1,-0.001869,1,126.081707803991,1,4.85939135077954,484,1,14.0579996109009,35.7999992370605,0.020558999851346,0,121.582298278809,-85.4343,23.7991,80.6189802575055,63,63,63,63,61,63,0,8521,1.64861680440262,24,-85,0.001869,51,2024-01-19 02:36:20.000267,484,1.037,0.0011,"aoml_navis",1028.93544460005
"7901009",23,0,1,0.020559,1,-0.001869,1,124.630315589225,1,4.85931913018695,486,1,13.9829998016357,35.7869987487793,0.020558999851346,0,120.18270111084,-85.4343,23.7991,80.6189802575055,63,63,63,63,61,63,0,8521,1.64861680440262,24,-85,0.001869,51,2024-01-19 02:36:20.000267,486,1.037,0.0011,"aoml_navis",1028.95073693331
"7901009",23,0,1,0.020559,1,-0.001869,1,123.580554759868,1,4.85919085161216,488,1,13.7969999313354,35.757999420166,0.020558999851346,0,119.170402526855,-85.4343,23.7991,80.6189802575055,63,63,63,63,61,63,0,8521,1.64861680440262,24,-85,0.001869,51,2024-01-19 02:36:20.000267,488,1.037,0.0011,"aoml_navis",1028.97790037227
"7901009",23,0,1,0.026166,1,0.003738,1,123.194264231294,1,4.85905898226286,490,1,13.6059999465942,35.7290000915527,0.0261659994721413,0,118.797897338867,-85.4343,23.7991,80.6189802575055,63,63,63,63,61,63,0,8521,1.64861680440262,24,-85,0.001869,51,2024-01-19 02:36:20.000267,490,1.037,0.0011,"aoml_navis",1029.00582566534
"7901009",23,0,1,0.022428,1,0,1,122.928588123777,1,4.85896269776538,492,1,13.4879999160767,35.7109985351562,0.0224280003458261,0,118.541702270508,-85.4343,23.7991,80.6189802575055,63,63,63,63,61,63,0,8521,1.64861680440262,24,-85,0.001869,51,2024-01-19 02:36:20.000267,492,1.037,0.0011,"aoml_navis",1029.02621629499
"7901009",23,0,1,0.020559,1,-0.001869,1,122.603692669483,1,4.85889453291037,494,1,13.4259996414185,35.701000213623,0.020558999851346,0,118.228401184082,-85.4343,23.7991,80.6189802575055,63,63,63,63,61,63,0,8521,1.64861680440262,24,-85,0.001869,51,2024-01-19 02:36:20.000267,494,1.037,0.0011,"aoml_navis",1029.04065238171
"7901009",23,0,1,0.020559,1,-0.001869,1,122.091099181396,1,4.85883238804808,496,1,13.3769998550415,35.693000793457,0.020558999851346,0,117.734100341797,-85.4343,23.7991,80.6189802575055,63,63,63,63,61,63,0,8521,1.64861680440262,24,-85,0.001869,51,2024-01-19 02:36:20.000267,496,1.037,0.0011,"aoml_navis",1029.05381389553
"7901009",23,0,1,0.020559,1,-0.001869,1,121.792439044926,1,4.85875001580641,498,1,13.2969999313354,35.681999206543,0.020558999851346,0,117.446098327637,-85.4343,23.7991,80.6189802575055,63,63,63,63,61,63,0,8521,1.64861680440262,24,-85,0.001869,51,2024-01-19 02:36:20.000267,498,1.037,0.0011,"aoml_navis",1029.07125983722
"7901009",23,0,1,0.024297,1,0.001869,1,121.580475715668,1,4.85870135579965,500,1,13.2720003128052,35.6769981384277,0.0242970008403063,0,117.24169921875,-85.4343,23.7991,80.6189802575055,63,63,63,63,61,63,0,8521,1.64861680440262,24,-85,0.001869,51,2024-01-19 02:36:20.000267,500,1.037,0.0011,"aoml_navis",1029.08156600975
"7901009",23,0,1,0.022428,1,0,1,121.422541634124,1,4.85865509937073,502,1,13.2530002593994,35.6730003356934,0.0224280003458261,0,117.089401245117,-85.4343,23.7991,80.6189802575055,63,63,63,63,61,63,0,8521,1.64861680440262,24,-85,0.001869,51,2024-01-19 02:36:20.000267,502,1.037,0.0011,"aoml_navis",1029.09136329672
"7901009",23,0,1,0.022428,1,0,1,121.045072691609,1,4.85859191674023,504,1,13.1990003585815,35.6640014648438,0.0224280003458261,0,116.725402832031,-85.4343,23.7991,80.6189802575055,63,63,63,63,61,63,0,8521,1.64861680440262,24,-85,0.001869,51,2024-01-19 02:36:20.000267,504,1.037,0.0011,"aoml_navis",1029.10474591878
"7901009",23,0,1,0.020559,1,-0.001869,1,120.500745228917,1,4.85854134371216,506,1,13.1719999313354,35.6590003967285,0.020558999851346,0,116.200500488281,-85.4343,23.7991,80.6189802575055,63,63,63,63,61,63,0,8521,1.64861680440262,24,-85,0.001869,51,2024-01-19 02:36:20.000267,506,1.037,0.0011,"aoml_navis",1029.11545796989
"7901009",23,0,1,0.020559,1,-0.001869,1,120.131781403007,1,4.85847169525789,508,1,13.1149997711182,35.6510009765625,0.020558999851346,0,115.844703674316,-85.4343,23.7991,80.6189802575055,63,63,63,63,61,63,0,8521,1.64861680440262,24,-85,0.001869,51,2024-01-19 02:36:20.000267,508,1.037,0.0011,"aoml_navis",1029.13021081923
"7901009",23,0,1,0.026166,1,0.003738,1,120.032014407302,1,4.8583948198687,510,1,13.03600025177,35.6389999389648,0.0261659994721413,0,115.748497009277,-85.4343,23.7991,80.6189802575055,63,63,63,63,61,63,0,8521,1.64861680440262,24,-85,0.001869,51,2024-01-19 02:36:20.000267,510,1.037,0.0011,"aoml_navis",1029.14649496006
"7901009",23,0,1,0.024297,1,0.001869,1,119.841832088287,1,4.85832714545751,512,1,12.9770002365112,35.6300010681152,0.0242970008403063,0,115.565101623535,-85.4343,23.7991,80.6189802575055,63,63,63,63,61,63,0,8521,1.64861680440262,24,-85,0.001869,51,2024-01-19 02:36:20.000267,512,1.037,0.0011,"aoml_navis",1029.16083052887
"7901009",23,0,1,0.024297,1,0.001869,1,119.527411772956,1,4.85825467018661,514,1,12.9130001068115,35.6209983825684,0.0242970008403063,0,115.261901855469,-85.4343,23.7991,80.6189802575055,63,63,63,63,61,63,0,8521,1.64861680440262,24,-85,0.001869,51,2024-01-19 02:36:20.000267,514,1.037,0.0011,"aoml_navis",1029.17618351365
"7901009",23,0,1,0.022428,1,0,1,119.469648185672,1,4.85817709617309,516,1,12.8400001525879,35.6110000610352,0.0224280003458261,0,115.206199645996,-85.4343,23.7991,80.6189802575055,63,63,63,63,61,63,0,8521,1.64861680440262,24,-85,0.001869,51,2024-01-19 02:36:20.000267,516,1.037,0.0011,"aoml_navis",1029.19261711118
"7901009",23,0,1,0.022428,1,0,1,119.371447713769,1,4.85813769398693,518,1,12.835000038147,35.609001159668,0.0224280003458261,0,115.111503601074,-85.4343,23.7991,80.6189802575055,63,63,63,63,61,63,0,8521,1.64861680440262,24,-85,0.001869,51,2024-01-19 02:36:20.000267,518,1.037,0.0011,"aoml_navis",1029.20096443307
"7901009",23,0,1,0.022428,1,0,1,119.207595653415,1,4.85809465086892,520,1,12.8299999237061,35.6080017089844,0.0224280003458261,0,114.953498840332,-85.4343,23.7991,80.6189802575055,63,63,63,63,61,63,0,8521,1.64861680440262,24,-85,0.001869,51,2024-01-19 02:36:20.000267,520,1.037,0.0011,"aoml_navis",1029.21008323823
"7901009",23,0,1,0.020559,1,-0.001869,1,118.970742001517,1,4.85804773429747,522,1,12.8100004196167,35.6040000915527,0.020558999851346,0,114.72509765625,-85.4343,23.7991,80.6189802575055,63,63,63,63,61,63,0,8521,1.64861680440262,24,-85,0.001869,51,2024-01-19 02:36:20.000267,522,1.037,0.0011,"aoml_navis",1029.22002282941
"7901009",23,0,1,0.022428,1,0,1,118.879488034152,1,4.8579759682928,524,1,12.75,35.5960006713867,0.0224280003458261,0,114.637100219727,-85.4343,23.7991,80.6189802575055,63,63,63,63,61,63,0,8521,1.64861680440262,24,-85,0.001869,51,2024-01-19 02:36:20.000267,524,1.037,0.0011,"aoml_navis",1029.23522731157
"7901009",23,0,1,0.026166,1,0.003738,1,118.59441234904,1,4.85792881767462,526,1,12.7259998321533,35.5909996032715,0.0261659994721413,0,114.362197875977,-85.4343,23.7991,80.6189802575055,63,63,63,63,61,63,0,8521,1.64861680440262,24,-85,0.001869,51,2024-01-19 02:36:20.000267,526,1.037,0.0011,"aoml_navis",1029.2452169757
"7901009",23,0,1,0.024297,1,0.001869,1,118.436375414923,1,4.8578641286912,528,1,12.6730003356934,35.5830001831055,0.0242970008403063,0,114.209800720215,-85.4343,23.7991,80.6189802575055,63,63,63,63,61,63,0,8521,1.64861680440262,24,-85,0.001869,51,2024-01-19 02:36:20.000267,528,1.037,0.0011,"aoml_navis",1029.2589227577
"7901009",23,0,1,0.026166,1,0.003738,1,118.079951691169,1,4.85781999191995,530,1,12.6520004272461,35.5779991149902,0.0261659994721413,0,113.866096496582,-85.4343,23.7991,80.6189802575055,63,63,63,63,61,63,0,8521,1.64861680440262,24,-85,0.001869,51,2024-01-19 02:36:20.000267,530,1.037,0.0011,"aoml_navis",1029.26827431163
"7901009",23,0,1,0.024297,1,0.001869,1,117.933632038625,1,4.85774318261339,532,1,12.5790004730225,35.568000793457,0.0242970008403063,0,113.724998474121,-85.4343,23.7991,80.6189802575055,63,63,63,63,61,63,0,8521,1.64861680440262,24,-85,0.001869,51,2024-01-19 02:36:20.000267,532,1.037,0.0011,"aoml_navis",1029.28454882007
"7901009",23,0,1,0.024297,1,0.001869,1,117.774036492442,1,4.85768030496417,534,1,12.5349998474121,35.5620002746582,0.0242970008403063,0,113.571098327637,-85.4343,23.7991,80.6189802575055,63,63,63,63,61,63,0,8521,1.64861680440262,24,-85,0.001869,51,2024-01-19 02:36:20.000267,534,1.037,0.0011,"aoml_navis",1029.29787184438
"7901009",23,0,1,0.024297,1,0.001869,1,117.669403778865,1,4.85760701872241,536,1,12.4689998626709,35.5530014038086,0.0242970008403063,0,113.470199584961,-85.4343,23.7991,80.6189802575055,63,63,63,63,61,63,0,8521,1.64861680440262,24,-85,0.001869,51,2024-01-19 02:36:20.000267,536,1.037,0.0011,"aoml_navis",1029.31340076066
"7901009",23,0,1,0.026166,1,0.003738,1,117.499752415747,1,4.85755735678085,537.900024414062,1,12.4399995803833,35.5480003356934,0.0261659994721413,0,113.306602478027,-85.4343,23.7991,80.6189802575055,63,63,63,63,61,63,0,8521,1.64861680440262,24,-85,0.001869,51,2024-01-19 02:36:20.000267,537.900024414062,1.037,0.0011,"aoml_navis",1029.32392409537
"7901009",23,0,1,0.024297,1,0.001869,1,117.277108242381,1,4.85750743396555,540,1,12.414999961853,35.5429992675781,0.0242970008403063,0,113.091903686523,-85.4343,23.7991,80.6189802575055,63,63,63,63,61,63,0,8521,1.64861680440262,24,-85,0.001869,51,2024-01-19 02:36:20.000267,540,1.037,0.0011,"aoml_navis",1029.33450292594
"7901009",23,0,1,0.022428,1,0,1,116.923793831023,1,4.85745574310382,542,1,12.3859996795654,35.5379981994629,0.0224280003458261,0,112.751197814941,-85.4343,23.7991,80.6189802575055,63,63,63,63,61,63,0,8521,1.64861680440262,24,-85,0.001869,51,2024-01-19 02:36:20.000267,542,1.037,0.0011,"aoml_navis",1029.34545664128
"7901009",23,0,1,0.024297,1,0.001869,1,116.764095432267,1,4.85737661380208,544,1,12.3059997558594,35.5270004272461,0.0242970008403063,0,112.597198486328,-85.4343,23.7991,80.6189802575055,63,63,63,63,61,63,0,8521,1.64861680440262,24,-85,0.001869,51,2024-01-19 02:36:20.000267,544,1.037,0.0011,"aoml_navis",1029.36222523752
"7901009",23,0,1,0.024297,1,0.001869,1,116.55047063837,1,4.85731765570155,546,1,12.2580003738403,35.5190010070801,0.0242970008403063,0,112.39119720459,-85.4343,23.7991,80.6189802575055,63,63,63,63,61,63,0,8521,1.64861680440262,24,-85,0.001869,51,2024-01-19 02:36:20.000267,546,1.037,0.0011,"aoml_navis",1029.37471963172
"7901009",23,0,1,0.022428,1,0,1,116.259904208213,1,4.85725899437561,548,1,12.21399974823,35.5120010375977,0.0224280003458261,0,112.111000061035,-85.4343,23.7991,80.6189802575055,63,63,63,63,61,63,0,8521,1.64861680440262,24,-85,0.001869,51,2024-01-19 02:36:20.000267,548,1.037,0.0011,"aoml_navis",1029.38715143452
"7901009",23,0,1,0.022428,1,0,1,115.867497907419,1,4.85718736466905,550,1,12.1450004577637,35.5019989013672,0.0224280003458261,0,111.732597351074,-85.4343,23.7991,80.6189802575055,63,63,63,63,61,63,0,8521,1.64861680440262,24,-85,0.001869,51,2024-01-19 02:36:20.000267,550,1.037,0.0011,"aoml_navis",1029.40233196886
"7901009",23,0,1,0.024297,1,0.001869,1,115.694215057305,1,4.85709881136127,552,1,12.0389995574951,35.4869995117188,0.0242970008403063,0,111.565498352051,-85.4343,23.7991,80.6189802575055,63,63,63,63,61,63,0,8521,1.64861680440262,24,-85,0.001869,51,2024-01-19 02:36:20.000267,552,1.037,0.0011,"aoml_navis",1029.42109975289
"7901009",23,0,1,0.028035,1,0.005607,1,115.649418805942,1,4.85703323570747,554,1,11.9720001220703,35.476001739502,0.0280349999666214,0,111.522300720215,-85.4343,23.7991,80.6189802575055,63,63,63,63,61,63,0,8521,1.64861680440262,24,-85,0.001869,51,2024-01-19 02:36:20.000267,554,1.037,0.0011,"aoml_navis",1029.43499814691
"7901009",23,0,1,0.020559,1,-0.001869,1,115.473438053723,1,4.85698601709936,556,1,11.951000213623,35.4720001220703,0.020558999851346,0,111.352600097656,-85.4343,23.7991,80.6189802575055,63,63,63,63,61,63,0,8521,1.64861680440262,24,-85,0.001869,51,2024-01-19 02:36:20.000267,556,1.037,0.0011,"aoml_navis",1029.4450060999
"7901009",23,0,1,0.024297,1,0.001869,1,115.411837274297,1,4.85691353459122,558,1,11.8879995346069,35.4640007019043,0.0242970008403063,0,111.293197631836,-85.4343,23.7991,80.6189802575055,63,63,63,63,61,63,0,8521,1.64861680440262,24,-85,0.001869,51,2024-01-19 02:36:20.000267,558,1.037,0.0011,"aoml_navis",1029.46036909855
"7901009",23,0,1,0.024297,1,0.001869,1,115.431751114756,1,4.85684285798579,560,1,11.8190002441406,35.4539985656738,0.0242970008403063,0,111.312400817871,-85.4343,23.7991,80.6189802575055,63,63,63,63,61,63,0,8521,1.64861680440262,24,-85,0.001869,51,2024-01-19 02:36:20.000267,560,1.037,0.0011,"aoml_navis",1029.47534976941
"7901009",23,0,1,0.028035,1,0.005607,1,115.289371506928,1,4.85678003203191,562,1,11.7620000839233,35.4449996948242,0.0280349999666214,0,111.175102233887,-85.4343,23.7991,80.6189802575055,63,63,63,63,61,63,0,8521,1.64861680440262,24,-85,0.001869,51,2024-01-19 02:36:20.000267,562,1.037,0.0011,"aoml_navis",1029.48866677583
"7901009",23,0,1,0.028035,1,0.005607,1,115.096071963781,1,4.85671756946265,564,1,11.7130002975464,35.4379997253418,0.0280349999666214,0,110.988700866699,-85.4343,23.7991,80.6189802575055,63,63,63,63,61,63,0,8521,1.64861680440262,24,-85,0.001869,51,2024-01-19 02:36:20.000267,564,1.037,0.0011,"aoml_navis",1029.50190709838
"7901009",23,0,1,0.024297,1,0.001869,1,115.006060139028,1,4.85666481076635,566,1,11.6820001602173,35.4329986572266,0.0242970008403063,0,110.901901245117,-85.4343,23.7991,80.6189802575055,63,63,63,63,61,63,0,8521,1.64861680440262,24,-85,0.001869,51,2024-01-19 02:36:20.000267,566,1.037,0.0011,"aoml_navis",1029.51309073583
"7901009",23,0,1,0.028035,1,0.005607,1,114.944356507029,1,4.85660926076601,568,1,11.6479997634888,35.4280014038086,0.0280349999666214,0,110.842399597168,-85.4343,23.7991,80.6189802575055,63,63,63,63,61,63,0,8521,1.64861680440262,24,-85,0.001869,51,2024-01-19 02:36:20.000267,568,1.037,0.0011,"aoml_navis",1029.52486632852
"7901009",23,0,1,0.024297,1,0.001869,1,114.828315069597,1,4.85655751800846,570,1,11.6180000305176,35.4230003356934,0.0242970008403063,0,110.730499267578,-85.4343,23.7991,80.6189802575055,63,63,63,63,61,63,0,8521,1.64861680440262,24,-85,0.001869,51,2024-01-19 02:36:20.000267,570,1.037,0.0011,"aoml_navis",1029.53583509711
"7901009",23,0,1,0.024297,1,0.001869,1,114.67473244306,1,4.85650300318287,572,1,11.585000038147,35.4179992675781,0.0242970008403063,0,110.582397460938,-85.4343,23.7991,80.6189802575055,63,63,63,63,61,63,0,8521,1.64861680440262,24,-85,0.001869,51,2024-01-19 02:36:20.000267,572,1.037,0.0011,"aoml_navis",1029.54739175969
"7901009",23,0,1,0.024297,1,0.001869,1,114.674835295633,1,4.8564399569188,574,1,11.5349998474121,35.4109992980957,0.0242970008403063,0,110.582496643066,-85.4343,23.7991,80.6189802575055,63,63,63,63,61,63,0,8521,1.64861680440262,24,-85,0.001869,51,2024-01-19 02:36:20.000267,574,1.037,0.0011,"aoml_navis",1029.56075733556
"7901009",23,0,1,0.024297,1,0.001869,1,114.611272405585,1,4.85638237146564,576.099975585938,1,11.4930000305176,35.4039993286133,0.0242970008403063,0,110.521202087402,-85.4343,23.7991,80.6189802575055,63,63,63,63,61,63,0,8521,1.64861680440262,24,-85,0.001869,51,2024-01-19 02:36:20.000267,576.099975585938,1.037,0.0011,"aoml_navis",1029.57296554287
"7901009",23,0,1,0.024297,1,0.001869,1,114.57373121648,1,4.85632625699359,578,1,11.4479999542236,35.3969993591309,0.0242970008403063,0,110.485000610352,-85.4343,23.7991,80.6189802575055,63,63,63,63,61,63,0,8521,1.64861680440262,24,-85,0.001869,51,2024-01-19 02:36:20.000267,578,1.037,0.0011,"aoml_navis",1029.58486217838
"7901009",23,0,1,0.024297,1,0.001869,1,114.573311894452,1,4.856262685254,580,1,11.4049997329712,35.3919982910156,0.0242970008403063,0,110.484596252441,-85.4343,23.7991,80.6189802575055,63,63,63,63,61,63,0,8521,1.64861680440262,24,-85,0.001869,51,2024-01-19 02:36:20.000267,580,1.037,0.0011,"aoml_navis",1029.59834013561
"7901009",23,0,1,0.022428,1,0,1,114.441510278158,1,4.85621787840793,582,1,11.3940000534058,35.3899993896484,0.0224280003458261,0,110.357498168945,-85.4343,23.7991,80.6189802575055,63,63,63,63,61,63,0,8521,1.64861680440262,24,-85,0.001869,51,2024-01-19 02:36:20.000267,582,1.037,0.0011,"aoml_navis",1029.60783992649
"7901009",23,0,1,0.026166,1,0.003738,1,114.270822477575,1,4.85617400263727,584,1,11.3839998245239,35.3880004882812,0.0261659994721413,0,110.192901611328,-85.4343,23.7991,80.6189802575055,63,63,63,63,61,63,0,8521,1.64861680440262,24,-85,0.001869,51,2024-01-19 02:36:20.000267,584,1.037,0.0011,"aoml_navis",1029.6171424839
"7901009",23,0,1,0.024297,1,0.001869,1,114.14306375857,1,4.85610576492958,586,1,11.3240003585815,35.3800010681152,0.0242970008403063,0,110.069702148438,-85.4343,23.7991,80.6189802575055,63,63,63,63,61,63,0,8521,1.64861680440262,24,-85,0.001869,51,2024-01-19 02:36:20.000267,586,1.037,0.0011,"aoml_navis",1029.63161060239
"7901009",23,0,1,0.028035,1,0.005607,1,114.026088736246,1,4.85605746453091,587.900024414062,1,11.298999786377,35.3759994506836,0.0280349999666214,0,109.956901550293,-85.4343,23.7991,80.6189802575055,63,63,63,63,61,63,0,8521,1.64861680440262,24,-85,0.001869,51,2024-01-19 02:36:20.000267,587.900024414062,1.037,0.0011,"aoml_navis",1029.64185175329
"7901009",23,0,1,0.028035,1,0.005607,1,113.909010861349,1,4.85600506332441,590,1,11.2819995880127,35.3740005493164,0.0280349999666214,0,109.84400177002,-85.4343,23.7991,80.6189802575055,63,63,63,63,61,63,0,8521,1.64861680440262,24,-85,0.001869,51,2024-01-19 02:36:20.000267,590,1.037,0.0011,"aoml_navis",1029.65296263036
"7901009",23,0,1,0.024297,1,0.001869,1,113.8216969387,1,4.85594910801463,592,1,11.2430000305176,35.3680000305176,0.0242970008403063,0,109.759803771973,-85.4343,23.7991,80.6189802575055,63,63,63,63,61,63,0,8521,1.64861680440262,24,-85,0.001869,51,2024-01-19 02:36:20.000267,592,1.037,0.0011,"aoml_navis",1029.66482736559
"7901009",23,0,1,0.028035,1,0.005607,1,113.802922388279,1,4.85588394830784,594,1,11.1820001602173,35.359001159668,0.0280349999666214,0,109.74169921875,-85.4343,23.7991,80.6189802575055,63,63,63,63,61,63,0,8521,1.64861680440262,24,-85,0.001869,51,2024-01-19 02:36:20.000267,594,1.037,0.0011,"aoml_navis",1029.67864414107
"7901009",23,0,1,0.029904,1,0.007476,1,113.77938497256,1,4.85581987518372,596,1,11.1260004043579,35.351001739502,0.0299040004611015,0,109.71900177002,-85.4343,23.7991,80.6189802575055,63,63,63,63,61,63,0,8521,1.64861680440262,24,-85,0.001869,51,2024-01-19 02:36:20.000267,596,1.037,0.0011,"aoml_navis",1029.69223087395
"7901009",23,0,1,0.024297,1,0.001869,1,113.743188778638,1,4.8557623415962,598,1,11.0729999542236,35.3419990539551,0.0242970008403063,0,109.684097290039,-85.4343,23.7991,80.6189802575055,63,63,63,63,61,63,0,8521,1.64861680440262,24,-85,0.001869,51,2024-01-19 02:36:20.000267,598,1.037,0.0011,"aoml_navis",1029.70443120089
"7901009",23,0,1,0.026166,1,0.003738,1,113.648200471704,1,4.85570036377773,600,1,11.0109996795654,35.3320007324219,0.0261659994721413,0,109.592498779297,-85.4343,23.7991,80.6189802575055,63,63,63,63,61,63,0,8521,1.64861680440262,24,-85,0.001869,51,2024-01-19 02:36:20.000267,600,1.037,0.0011,"aoml_navis",1029.71757427594
"7901009",23,0,1,0.026166,1,0.003738,1,113.732405081957,1,4.85561226650665,602,1,10.9160003662109,35.3209991455078,0.0261659994721413,0,109.673698425293,-85.4343,23.7991,80.6189802575055,63,63,63,63,61,63,0,8521,1.64861680440262,24,-85,0.001869,51,2024-01-19 02:36:20.000267,602,1.037,0.0011,"aoml_navis",1029.73625684434
"7901009",23,0,1,0.026166,1,0.003738,1,113.674332936955,1,4.85555413978415,604,1,10.8780002593994,35.3160018920898,0.0261659994721413,0,109.617698669434,-85.4343,23.7991,80.6189802575055,63,63,63,63,61,63,0,8521,1.64861680440262,24,-85,0.001869,51,2024-01-19 02:36:20.000267,604,1.037,0.0011,"aoml_navis",1029.74858400452
"7901009",23,0,1,0.024297,1,0.001869,1,113.55155070013,1,4.85550787401737,606,1,10.8489999771118,35.310001373291,0.0242970008403063,0,109.499298095703,-85.4343,23.7991,80.6189802575055,63,63,63,63,61,63,0,8521,1.64861680440262,24,-85,0.001869,51,2024-01-19 02:36:20.000267,606,1.037,0.0011,"aoml_navis",1029.75839597663
"7901009",23,0,1,0.031773,1,0.009345,1,113.284941007721,1,4.85545618161284,608,1,10.8179998397827,35.3050003051758,0.0317730009555817,0,109.242202758789,-85.4343,23.7991,80.6189802575055,63,63,63,63,61,63,0,8521,1.64861680440262,24,-85,0.001869,51,2024-01-19 02:36:20.000267,608,1.037,0.0011,"aoml_navis",1029.76935904283
"7901009",23,0,1,0.024297,1,0.001869,1,113.450755178696,1,4.85536103707885,610,1,10.6979999542236,35.2900009155273,0.0242970008403063,0,109.402099609375,-85.4343,23.7991,80.6189802575055,63,63,63,63,61,63,0,8521,1.64861680440262,24,-85,0.001869,51,2024-01-19 02:36:20.000267,610,1.037,0.0011,"aoml_navis",1029.78953816546
"7901009",23,0,1,0.028035,1,0.005607,1,113.449615888658,1,4.85529803995357,612,1,10.6459999084473,35.2830009460449,0.0280349999666214,0,109.401000976562,-85.4343,23.7991,80.6189802575055,63,63,63,63,61,63,0,8521,1.64861680440262,24,-85,0.001869,51,2024-01-19 02:36:20.000267,612,1.037,0.0011,"aoml_navis",1029.80289960692
"7901009",23,0,1,0.024297,1,0.001869,1,113.358251156984,1,4.85524741946119,614,1,10.6199998855591,35.2789993286133,0.0242970008403063,0,109.312896728516,-85.4343,23.7991,80.6189802575055,63,63,63,63,61,63,0,8521,1.64861680440262,24,-85,0.001869,51,2024-01-19 02:36:20.000267,614,1.037,0.0011,"aoml_navis",1029.81363626467
"7901009",23,0,1,0.029904,1,0.007476,1,113.396520225836,1,4.85519413186038,616,1,10.5909996032715,35.2750015258789,0.0299040004611015,0,109.349800109863,-85.4343,23.7991,80.6189802575055,63,63,63,63,61,63,0,8521,1.64861680440262,24,-85,0.001869,51,2024-01-19 02:36:20.000267,616,1.037,0.0011,"aoml_navis",1029.82493886071
"7901009",23,0,1,0.026166,1,0.003738,1,113.369659880839,1,4.85513643385782,618,1,10.5570001602173,35.2709999084473,0.0261659994721413,0,109.32389831543,-85.4343,23.7991,80.6189802575055,63,63,63,63,61,63,0,8521,1.64861680440262,24,-85,0.001869,51,2024-01-19 02:36:20.000267,618,1.037,0.0011,"aoml_navis",1029.83717720721
"7901009",23,0,1,0.022428,1,0,1,113.353274674803,1,4.85508757549825,620,1,10.5369997024536,35.2680015563965,0.0224280003458261,0,109.308097839355,-85.4343,23.7991,80.6189802575055,63,63,63,63,61,63,0,8521,1.64861680440262,24,-85,0.001869,51,2024-01-19 02:36:20.000267,620,1.037,0.0011,"aoml_navis",1029.84754080093
"7901009",23,0,1,0.020559,1,-0.001869,1,113.321540700198,1,4.85504310136056,622,1,10.5260000228882,35.265998840332,0.020558999851346,0,109.277496337891,-85.4343,23.7991,80.6189802575055,63,63,63,63,61,63,0,8521,1.64861680440262,24,-85,0.001869,51,2024-01-19 02:36:20.000267,622,1.037,0.0011,"aoml_navis",1029.85697461652
"7901009",23,0,1,0.028035,1,0.005607,1,113.2492669884,1,4.85499763127122,624,1,10.5179996490479,35.2649993896484,0.0280349999666214,0,109.207801818848,-85.4343,23.7991,80.6189802575055,63,63,63,63,61,63,0,8521,1.64861680440262,24,-85,0.001869,51,2024-01-19 02:36:20.000267,624,1.037,0.0011,"aoml_navis",1029.86661987121
"7901009",23,0,1,0.024297,1,0.001869,1,113.139238470614,1,4.85495502746468,626,1,10.5050001144409,35.2620010375977,0.0242970008403063,0,109.101699829102,-85.4343,23.7991,80.6189802575055,63,63,63,63,61,63,0,8521,1.64861680440262,24,-85,0.001869,51,2024-01-19 02:36:20.000267,626,1.037,0.0011,"aoml_navis",1029.87565728514
"7901009",23,0,1,0.028035,1,0.005607,1,113.057834615038,1,4.85490642283024,628,1,10.4770002365112,35.2569999694824,0.0280349999666214,0,109.02320098877,-85.4343,23.7991,80.6189802575055,63,63,63,63,61,63,0,8521,1.64861680440262,24,-85,0.001869,51,2024-01-19 02:36:20.000267,628,1.037,0.0011,"aoml_navis",1029.88596782988
"7901009",23,0,1,0.029904,1,0.007476,1,113.130630501437,1,4.8548349060598,630,1,10.418999671936,35.2509994506836,0.0299040004611015,0,109.093399047852,-85.4343,23.7991,80.6189802575055,63,63,63,63,61,63,0,8521,1.64861680440262,24,-85,0.001869,51,2024-01-19 02:36:20.000267,630,1.037,0.0011,"aoml_navis",1029.90113912195
"7901009",23,0,1,0.031773,1,0.009345,1,113.176471102001,1,4.85477956059415,632,1,10.375,35.2439994812012,0.0317730009555817,0,109.137603759766,-85.4343,23.7991,80.6189802575055,63,63,63,63,61,63,0,8521,1.64861680440262,24,-85,0.001869,51,2024-01-19 02:36:20.000267,632,1.037,0.0011,"aoml_navis",1029.91288020255
"7901009",23,0,1,0.024297,1,0.001869,1,113.102425161255,1,4.85472580485414,634,1,10.3409996032715,35.2389984130859,0.0242970008403063,0,109.066200256348,-85.4343,23.7991,80.6189802575055,63,63,63,63,61,63,0,8521,1.64861680440262,24,-85,0.001869,51,2024-01-19 02:36:20.000267,634,1.037,0.0011,"aoml_navis",1029.92428429235
"7901009",23,0,1,0.028035,1,0.005607,1,113.149191434976,1,4.85465035819907,636,1,10.2740001678467,35.2319984436035,0.0280349999666214,0,109.111297607422,-85.4343,23.7991,80.6189802575055,63,63,63,63,61,63,0,8521,1.64861680440262,24,-85,0.001869,51,2024-01-19 02:36:20.000267,636,1.037,0.0011,"aoml_navis",1029.94029045891
"7901009",23,0,1,0.022428,1,0,1,113.127624041614,1,4.85460185567336,638,1,10.25,35.2280006408691,0.0224280003458261,0,109.09049987793,-85.4343,23.7991,80.6189802575055,63,63,63,63,61,63,0,8521,1.64861680440262,24,-85,0.001869,51,2024-01-19 02:36:20.000267,638,1.037,0.0011,"aoml_navis",1029.95058063448
"7901009",23,0,1,0.024297,1,0.001869,1,113.062288922618,1,4.85455571798149,640,1,10.2370004653931,35.226001739502,0.0242970008403063,0,109.027496337891,-85.4343,23.7991,80.6189802575055,63,63,63,63,61,63,0,8521,1.64861680440262,24,-85,0.001869,51,2024-01-19 02:36:20.000267,640,1.037,0.0011,"aoml_navis",1029.9603692836
"7901009",23,0,1,0.026166,1,0.003738,1,113.031702149787,1,4.85450886858786,642,1,10.2189998626709,35.2229995727539,0.0261659994721413,0,108.998001098633,-85.4343,23.7991,80.6189802575055,63,63,63,63,61,63,0,8521,1.64861680440262,24,-85,0.001869,51,2024-01-19 02:36:20.000267,642,1.037,0.0011,"aoml_navis",1029.97030911892
"7901009",23,0,1,0.028035,1,0.005607,1,112.979017897257,1,4.85446114069598,644,1,10.1999998092651,35.2200012207031,0.0280349999666214,0,108.947196960449,-85.4343,23.7991,80.6189802575055,63,63,63,63,61,63,0,8521,1.64861680440262,24,-85,0.001869,51,2024-01-19 02:36:20.000267,644,1.037,0.0011,"aoml_navis",1029.98043553875
"7901009",23,0,1,0.026166,1,0.003738,1,112.988148041035,1,4.85440602664274,646,1,10.1599998474121,35.2140007019043,0.0261659994721413,0,108.956001281738,-85.4343,23.7991,80.6189802575055,63,63,63,63,61,63,0,8521,1.64861680440262,24,-85,0.001869,51,2024-01-19 02:36:20.000267,646,1.037,0.0011,"aoml_navis",1029.99212932709
"7901009",23,0,1,0.028035,1,0.005607,1,112.977047874899,1,4.85434732050841,648,1,10.1199998855591,35.2089996337891,0.0280349999666214,0,108.945297241211,-85.4343,23.7991,80.6189802575055,63,63,63,63,61,63,0,8521,1.64861680440262,24,-85,0.001869,51,2024-01-19 02:36:20.000267,648,1.037,0.0011,"aoml_navis",1030.00458555494
"7901009",23,0,1,0.026166,1,0.003738,1,112.892740412073,1,4.85430228146768,650,1,10.1040000915527,35.2060012817383,0.0261659994721413,0,108.863998413086,-85.4343,23.7991,80.6189802575055,63,63,63,63,61,63,0,8521,1.64861680440262,24,-85,0.001869,51,2024-01-19 02:36:20.000267,650,1.037,0.0011,"aoml_navis",1030.01414211236
"7901009",23,0,1,0.029904,1,0.007476,1,112.8641236616,1,4.85424627764373,652,1,10.0670003890991,35.201000213623,0.0299040004611015,0,108.836402893066,-85.4343,23.7991,80.6189802575055,63,63,63,63,61,63,0,8521,1.64861680440262,24,-85,0.001869,51,2024-01-19 02:36:20.000267,652,1.037,0.0011,"aoml_navis",1030.02602546713
"7901009",23,0,1,0.028035,1,0.005607,1,112.82761890996,1,4.85418547619444,654,1,10.0159997940063,35.1940002441406,0.0280349999666214,0,108.801200866699,-85.4343,23.7991,80.6189802575055,63,63,63,63,61,63,0,8521,1.64861680440262,24,-85,0.001869,51,2024-01-19 02:36:20.000267,654,1.037,0.0011,"aoml_navis",1030.03892713219
"7901009",23,0,1,0.022428,1,0,1,112.618970598243,1,4.85412632733828,656,1,9.9709997177124,35.1879997253418,0.0224280003458261,0,108.599998474121,-85.4343,23.7991,80.6189802575055,63,63,63,63,61,63,0,8521,1.64861680440262,24,-85,0.001869,51,2024-01-19 02:36:20.000267,656,1.037,0.0011,"aoml_navis",1030.05147843808
"7901009",23,0,1,0.028035,1,0.005607,1,112.406176536665,1,4.8540611545369,658,1,9.90200042724609,35.1780014038086,0.0280349999666214,0,108.394798278809,-85.4343,23.7991,80.6189802575055,63,63,63,63,61,63,0,8521,1.64861680440262,24,-85,0.001869,51,2024-01-19 02:36:20.000267,658,1.037,0.0011,"aoml_navis",1030.06530837105
"7901009",23,0,1,0.026166,1,0.003738,1,112.521284389205,1,4.8539434743268,660,1,9.74600028991699,35.1619987487793,0.0261659994721413,0,108.505798339844,-85.4343,23.7991,80.6189802575055,63,63,63,63,61,63,0,8521,1.64861680440262,24,-85,0.001869,51,2024-01-19 02:36:20.000267,660,1.037,0.0011,"aoml_navis",1030.09028153
"7901009",23,0,1,0.035511,1,0.013083,1,112.548247586775,1,4.8538627852754,662,1,9.65799999237061,35.1520004272461,0.0355109982192516,0,108.531799316406,-85.4343,23.7991,80.6189802575055,63,63,63,63,61,63,0,8521,1.64861680440262,24,-85,0.001869,51,2024-01-19 02:36:20.000267,662,1.037,0.0011,"aoml_navis",1030.10740541902
"7901009",23,0,1,0.026166,1,0.003738,1,112.420283162624,1,4.85381107370703,664.099975585938,1,9.63199996948242,35.1479988098145,0.0261659994721413,0,108.408401489258,-85.4343,23.7991,80.6189802575055,63,63,63,63,61,63,0,8521,1.64861680440262,24,-85,0.001869,51,2024-01-19 02:36:20.000267,664.099975585938,1.037,0.0011,"aoml_navis",1030.11837998493
"7901009",23,0,1,0.028035,1,0.005607,1,112.264002633983,1,4.85376266415032,666.099975585938,1,9.61600017547607,35.1459999084473,0.0280349999666214,0,108.257698059082,-85.4343,23.7991,80.6189802575055,63,63,63,63,61,63,0,8521,1.64861680440262,24,-85,0.001869,51,2024-01-19 02:36:20.000267,666.099975585938,1.037,0.0011,"aoml_navis",1030.12865398833
"7901009",23,0,1,0.028035,1,0.005607,1,112.25944547383,1,4.85371010508994,668,1,9.58399963378906,35.1419982910156,0.0280349999666214,0,108.253303527832,-85.4343,23.7991,80.6189802575055,63,63,63,63,61,63,0,8521,1.64861680440262,24,-85,0.001869,51,2024-01-19 02:36:20.000267,668,1.037,0.0011,"aoml_navis",1030.13980887665
"7901009",23,0,1,0.028035,1,0.005607,1,112.313988984408,1,4.85365064978222,670,1,9.54199981689453,35.1370010375977,0.0280349999666214,0,108.30590057373,-85.4343,23.7991,80.6189802575055,63,63,63,63,61,63,0,8521,1.64861680440262,24,-85,0.001869,51,2024-01-19 02:36:20.000267,670,1.037,0.0011,"aoml_navis",1030.15242768334
"7901009",23,0,1,0.028035,1,0.005607,1,112.388754893165,1,4.85359409715348,672,1,9.49899959564209,35.1310005187988,0.0280349999666214,0,108.377998352051,-85.4343,23.7991,80.6189802575055,63,63,63,63,61,63,0,8521,1.64861680440262,24,-85,0.001869,51,2024-01-19 02:36:20.000267,672,1.037,0.0011,"aoml_navis",1030.16443071175
"7901009",23,0,1,0.026166,1,0.003738,1,112.449216382553,1,4.85353367444841,674,1,9.46000003814697,35.1269989013672,0.0261659994721413,0,108.436302185059,-85.4343,23.7991,80.6189802575055,63,63,63,63,61,63,0,8521,1.64861680440262,24,-85,0.001869,51,2024-01-19 02:36:20.000267,674,1.037,0.0011,"aoml_navis",1030.17725545465
"7901009",23,0,1,0.024297,1,0.001869,1,112.541506787382,1,4.85348538912191,676,1,9.43099975585938,35.1220016479492,0.0242970008403063,0,108.525299072266,-85.4343,23.7991,80.6189802575055,63,63,63,63,61,63,0,8521,1.64861680440262,24,-85,0.001869,51,2024-01-19 02:36:20.000267,676,1.037,0.0011,"aoml_navis",1030.18750426373
"7901009",23,0,1,0.028035,1,0.005607,1,112.747765754713,1,4.8533994974395,678,1,9.33100032806396,35.1110000610352,0.0280349999666214,0,108.724197387695,-85.4343,23.7991,80.6189802575055,63,63,63,63,61,63,0,8521,1.64861680440262,24,-85,0.001869,51,2024-01-19 02:36:20.000267,678,1.037,0.0011,"aoml_navis",1030.20573571944
"7901009",23,0,1,0.024297,1,0.001869,1,112.912962810251,1,4.85332641705302,680,1,9.25899982452393,35.1030006408691,0.0242970008403063,0,108.883499145508,-85.4343,23.7991,80.6189802575055,63,63,63,63,61,63,0,8521,1.64861680440262,24,-85,0.001869,51,2024-01-19 02:36:20.000267,680,1.037,0.0011,"aoml_navis",1030.22124834456
"7901009",23,0,1,0.028035,1,0.005607,1,113.016875555818,1,4.85327138862563,682,1,9.22599983215332,35.0989990234375,0.0280349999666214,0,108.983703613281,-85.4343,23.7991,80.6189802575055,63,63,63,63,61,63,0,8521,1.64861680440262,24,-85,0.001869,51,2024-01-19 02:36:20.000267,682,1.037,0.0011,"aoml_navis",1030.23292942535
"7901009",23,0,1,0.028035,1,0.005607,1,113.18839408872,1,4.85320958966609,684,1,9.17599964141846,35.0929985046387,0.0280349999666214,0,109.149101257324,-85.4343,23.7991,80.6189802575055,63,63,63,63,61,63,0,8521,1.64861680440262,24,-85,0.001869,51,2024-01-19 02:36:20.000267,684,1.037,0.0011,"aoml_navis",1030.24604802695
"7901009",23,0,1,0.028035,1,0.005607,1,113.271870819227,1,4.85315763718316,686,1,9.15100002288818,35.0900001525879,0.0280349999666214,0,109.229598999023,-85.4343,23.7991,80.6189802575055,63,63,63,63,61,63,0,8521,1.64861680440262,24,-85,0.001869,51,2024-01-19 02:36:20.000267,686,1.037,0.0011,"aoml_navis",1030.25707668999
"7901009",23,0,1,0.029904,1,0.007476,1,113.433855709796,1,4.85310985567375,688,1,9.13099956512451,35.0870018005371,0.0299040004611015,0,109.385803222656,-85.4343,23.7991,80.6189802575055,63,63,63,63,61,63,0,8521,1.64861680440262,24,-85,0.001869,51,2024-01-19 02:36:20.000267,688,1.037,0.0011,"aoml_navis",1030.26722013196
"7901009",23,0,1,0.026166,1,0.003738,1,113.692482460202,1,4.85305274458835,690,1,9.08199977874756,35.0800018310547,0.0261659994721413,0,109.635200500488,-85.4343,23.7991,80.6189802575055,63,63,63,63,61,63,0,8521,1.64861680440262,24,-85,0.001869,51,2024-01-19 02:36:20.000267,690,1.037,0.0011,"aoml_navis",1030.27934439318
"7901009",23,0,1,0.031773,1,0.009345,1,113.879246909102,1,4.85299583598497,692,1,9.04199981689453,35.0750007629395,0.0317730009555817,0,109.815299987793,-85.4343,23.7991,80.6189802575055,63,63,63,63,61,63,0,8521,1.64861680440262,24,-85,0.001869,51,2024-01-19 02:36:20.000267,692,1.037,0.0011,"aoml_navis",1030.29142595281
"7901009",23,0,1,0.026166,1,0.003738,1,113.999022686103,1,4.85294072992754,694,1,9.01299953460693,35.0719985961914,0.0261659994721413,0,109.930801391602,-85.4343,23.7991,80.6189802575055,63,63,63,63,61,63,0,8521,1.64861680440262,24,-85,0.001869,51,2024-01-19 02:36:20.000267,694,1.037,0.0011,"aoml_navis",1030.3031251063
"7901009",23,0,1,0.029904,1,0.007476,1,114.125119940469,1,4.85289058383318,696,1,8.98999977111816,35.0690002441406,0.0299040004611015,0,110.052398681641,-85.4343,23.7991,80.6189802575055,63,63,63,63,61,63,0,8521,1.64861680440262,24,-85,0.001869,51,2024-01-19 02:36:20.000267,696,1.037,0.0011,"aoml_navis",1030.31377147816
"7901009",23,0,1,0.029904,1,0.007476,1,114.213058890292,1,4.8528367354267,698,1,8.95800018310547,35.064998626709,0.0299040004611015,0,110.137199401855,-85.4343,23.7991,80.6189802575055,63,63,63,63,61,63,0,8521,1.64861680440262,24,-85,0.001869,51,2024-01-19 02:36:20.000267,698,1.037,0.0011,"aoml_navis",1030.32520412215
"7901009",23,0,1,0.029904,1,0.007476,1,114.243028547685,1,4.85279036570039,700,1,8.94400024414062,35.0629997253418,0.0299040004611015,0,110.16609954834,-85.4343,23.7991,80.6189802575055,63,63,63,63,61,63,0,8521,1.64861680440262,24,-85,0.001869,51,2024-01-19 02:36:20.000267,700,1.037,0.0011,"aoml_navis",1030.33504915854
"7901009",23,0,1,0.029904,1,0.007476,1,114.226129078786,1,4.85274526526367,702,1,8.93599987030029,35.0620002746582,0.0299040004611015,0,110.149803161621,-85.4343,23.7991,80.6189802575055,63,63,63,63,61,63,0,8521,1.64861680440262,24,-85,0.001869,51,2024-01-19 02:36:20.000267,702,1.037,0.0011,"aoml_navis",1030.34462488489
"7901009",23,0,1,0.028035,1,0.005607,1,114.241580699929,1,4.85269355814066,704,1,8.91100025177002,35.0589981079102,0.0280349999666214,0,110.164703369141,-85.4343,23.7991,80.6189802575055,63,63,63,63,61,63,0,8521,1.64861680440262,24,-85,0.001869,51,2024-01-19 02:36:20.000267,704,1.037,0.0011,"aoml_navis",1030.35560356211
"7901009",23,0,1,0.031773,1,0.009345,1,114.310017219584,1,4.85264026640789,706,1,8.89299964904785,35.0579986572266,0.0317730009555817,0,110.230697631836,-85.4343,23.7991,80.6189802575055,63,63,63,63,61,63,0,8521,1.64861680440262,24,-85,0.001869,51,2024-01-19 02:36:20.000267,706,1.037,0.0011,"aoml_navis",1030.36691893529
"7901009",23,0,1,0.028035,1,0.005607,1,114.495025263008,1,4.8525865214456,708,1,8.86100006103516,35.0540008544922,0.0280349999666214,0,110.409103393555,-85.4343,23.7991,80.6189802575055,63,63,63,63,61,63,0,8521,1.64861680440262,24,-85,0.001869,51,2024-01-19 02:36:20.000267,708,1.037,0.0011,"aoml_navis",1030.37833079388
"7901009",23,0,1,0.024297,1,0.001869,1,114.628694049086,1,4.8525316165276,710,1,8.83199977874756,35.0509986877441,0.0242970008403063,0,110.53800201416,-85.4343,23.7991,80.6189802575055,63,63,63,63,61,63,0,8521,1.64861680440262,24,-85,0.001869,51,2024-01-19 02:36:20.000267,710,1.037,0.0011,"aoml_navis",1030.38998921102
"7901009",23,0,1,0.029904,1,0.007476,1,114.835261574136,1,4.85247753692144,712,1,8.79500007629395,35.0460014343262,0.0299040004611015,0,110.737197875977,-85.4343,23.7991,80.6189802575055,63,63,63,63,61,63,0,8521,1.64861680440262,24,-85,0.001869,51,2024-01-19 02:36:20.000267,712,1.037,0.0011,"aoml_navis",1030.40147264075
"7901009",23,0,1,0.026166,1,0.003738,1,115.074085248392,1,4.8524231175153,714,1,8.76200008392334,35.0419998168945,0.0261659994721413,0,110.967498779297,-85.4343,23.7991,80.6189802575055,63,63,63,63,61,63,0,8521,1.64861680440262,24,-85,0.001869,51,2024-01-19 02:36:20.000267,714,1.037,0.0011,"aoml_navis",1030.41302848303
"7901009",23,0,1,0.028035,1,0.005607,1,115.240318741395,1,4.85236993854758,716,1,8.73499965667725,35.0390014648438,0.0280349999666214,0,111.127799987793,-85.4343,23.7991,80.6189802575055,63,63,63,63,61,63,0,8521,1.64861680440262,24,-85,0.001869,51,2024-01-19 02:36:20.000267,716,1.037,0.0011,"aoml_navis",1030.42432117132
"7901009",23,0,1,0.03738,1,0.014952,1,115.402612189682,1,4.85232898564152,718,1,8.72299957275391,35.0359992980957,0.0373799987137318,0,111.284301757812,-85.4343,23.7991,80.6189802575055,63,63,63,63,61,63,0,8521,1.64861680440262,24,-85,0.001869,51,2024-01-19 02:36:20.000267,718,1.037,0.0011,"aoml_navis",1030.4330177932
"7901009",23,0,1,0.029904,1,0.007476,1,115.61114973709,1,4.85227951357231,720,1,8.69600009918213,35.0320014953613,0.0299040004611015,0,111.485397338867,-85.4343,23.7991,80.6189802575055,63,63,63,63,61,63,0,8521,1.64861680440262,24,-85,0.001869,51,2024-01-19 02:36:20.000267,720,1.037,0.0011,"aoml_navis",1030.44352371179
"7901009",23,0,1,0.028035,1,0.005607,1,115.811087227056,1,4.8522175537336,722,1,8.64900016784668,35.0270004272461,0.0280349999666214,0,111.678199768066,-85.4343,23.7991,80.6189802575055,63,63,63,63,61,63,0,8521,1.64861680440262,24,-85,0.001869,51,2024-01-19 02:36:20.000267,722,1.037,0.0011,"aoml_navis",1030.45668184286
"7901009",23,0,1,0.024297,1,0.001869,1,115.927231517061,1,4.85216046754811,724,1,8.61699962615967,35.023998260498,0.0242970008403063,0,111.790199279785,-85.4343,23.7991,80.6189802575055,63,63,63,63,61,63,0,8521,1.64861680440262,24,-85,0.001869,51,2024-01-19 02:36:20.000267,724,1.037,0.0011,"aoml_navis",1030.46880527564
"7901009",23,0,1,0.028035,1,0.005607,1,116.040780757534,1,4.85210861744295,726,1,8.5959997177124,35.0219993591309,0.0280349999666214,0,111.899696350098,-85.4343,23.7991,80.6189802575055,63,63,63,63,61,63,0,8521,1.64861680440262,24,-85,0.001869,51,2024-01-19 02:36:20.000267,726,1.037,0.0011,"aoml_navis",1030.47981696564
"7901009",23,0,1,0.029904,1,0.007476,1,116.132145489208,1,4.85206521704722,728,1,8.59000015258789,35.0209999084473,0.0299040004611015,0,111.987800598145,-85.4343,23.7991,80.6189802575055,63,63,63,63,61,63,0,8521,1.64861680440262,24,-85,0.001869,51,2024-01-19 02:36:20.000267,728,1.037,0.0011,"aoml_navis",1030.48903432564
"7901009",23,0,1,0.028035,1,0.005607,1,116.263535695209,1,4.85201983756688,730,1,8.57699966430664,35.0190010070801,0.0280349999666214,0,112.114501953125,-85.4343,23.7991,80.6189802575055,63,63,63,63,61,63,0,8521,1.64861680440262,24,-85,0.001869,51,2024-01-19 02:36:20.000267,730,1.037,0.0011,"aoml_navis",1030.49867217924
"7901009",23,0,1,0.031773,1,0.009345,1,116.421058366462,1,4.8519544325392,732,1,8.52999973297119,35.0149993896484,0.0317730009555817,0,112.266403198242,-85.4343,23.7991,80.6189802575055,63,63,63,63,61,63,0,8521,1.64861680440262,24,-85,0.001869,51,2024-01-19 02:36:20.000267,732,1.037,0.0011,"aoml_navis",1030.51256344617
"7901009",23,0,1,0.029904,1,0.007476,1,116.523926762827,1,4.85190184725396,734,1,8.50800037384033,35.0130004882812,0.0299040004611015,0,112.365600585938,-85.4343,23.7991,80.6189802575055,63,63,63,63,61,63,0,8521,1.64861680440262,24,-85,0.001869,51,2024-01-19 02:36:20.000267,734,1.037,0.0011,"aoml_navis",1030.52373222056
"7901009",23,0,1,0.028035,1,0.005607,1,116.556697174898,1,4.85185008234015,736,1,8.48700046539307,35.0110015869141,0.0280349999666214,0,112.397201538086,-85.4343,23.7991,80.6189802575055,63,63,63,63,61,63,0,8521,1.64861680440262,24,-85,0.001869,51,2024-01-19 02:36:20.000267,736,1.037,0.0011,"aoml_navis",1030.53472698983
"7901009",23,0,1,0.026166,1,0.003738,1,116.596825501799,1,4.851800753187,738,1,8.4689998626709,35.0089988708496,0.0261659994721413,0,112.435897827148,-85.4343,23.7991,80.6189802575055,63,63,63,63,61,63,0,8521,1.64861680440262,24,-85,0.001869,51,2024-01-19 02:36:20.000267,738,1.037,0.0011,"aoml_navis",1030.54520462648
"7901009",23,0,1,0.026166,1,0.003738,1,116.690263108403,1,4.85174581420349,740,1,8.44400024414062,35.0069999694824,0.0261659994721413,0,112.526000976562,-85.4343,23.7991,80.6189802575055,63,63,63,63,61,63,0,8521,1.64861680440262,24,-85,0.001869,51,2024-01-19 02:36:20.000267,740,1.037,0.0011,"aoml_navis",1030.55687405604
"7901009",23,0,1,0.029904,1,0.007476,1,116.79863016155,1,4.85169489897623,742,1,8.42399978637695,35.0050010681152,0.0299040004611015,0,112.630500793457,-85.4343,23.7991,80.6189802575055,63,63,63,63,61,63,0,8521,1.64861680440262,24,-85,0.001869,51,2024-01-19 02:36:20.000267,742,1.037,0.0011,"aoml_navis",1030.5676890472
"7901009",23,0,1,0.028035,1,0.005607,1,116.907408624988,1,4.85163522170849,744,1,8.39299964904785,35.0029983520508,0.0280349999666214,0,112.735397338867,-85.4343,23.7991,80.6189802575055,63,63,63,63,61,63,0,8521,1.64861680440262,24,-85,0.001869,51,2024-01-19 02:36:20.000267,744,1.037,0.0011,"aoml_navis",1030.58036548743
"7901009",23,0,1,0.028035,1,0.005607,1,116.891648446126,1,4.85159345376943,746,1,8.38899993896484,35.0019989013672,0.0280349999666214,0,112.720199584961,-85.4343,23.7991,80.6189802575055,63,63,63,63,61,63,0,8521,1.64861680440262,24,-85,0.001869,51,2024-01-19 02:36:20.000267,746,1.037,0.0011,"aoml_navis",1030.58923787509
"7901009",23,0,1,0.031773,1,0.009345,1,116.86821388298,1,4.85154801996222,748,1,8.38500022888184,35.0019989013672,0.0317730009555817,0,112.697601318359,-85.4343,23.7991,80.6189802575055,63,63,63,63,61,63,0,8521,1.64861680440262,24,-85,0.001869,51,2024-01-19 02:36:20.000267,748,1.037,0.0011,"aoml_navis",1030.59888914362
"7901009",23,0,1,0.029904,1,0.007476,1,116.869875347619,1,4.85150273458772,750,1,8.37199974060059,35,0.0299040004611015,0,112.699203491211,-85.4343,23.7991,80.6189802575055,63,63,63,63,61,63,0,8521,1.64861680440262,24,-85,0.001869,51,2024-01-19 02:36:20.000267,750,1.037,0.0011,"aoml_navis",1030.60850906125
"7901009",23,0,1,0.028035,1,0.005607,1,116.884907646734,1,4.85145458594138,752,1,8.35999965667725,34.9990005493164,0.0280349999666214,0,112.71369934082,-85.4343,23.7991,80.6189802575055,63,63,63,63,61,63,0,8521,1.64861680440262,24,-85,0.001869,51,2024-01-19 02:36:20.000267,752,1.037,0.0011,"aoml_navis",1030.61873741724
"7901009",23,0,1,0.028035,1,0.005607,1,117.083595082352,1,4.85137922993086,754,1,8.30000019073486,34.9949989318848,0.0280349999666214,0,112.905296325684,-85.4343,23.7991,80.6189802575055,63,63,63,63,61,63,0,8521,1.64861680440262,24,-85,0.001869,51,2024-01-19 02:36:20.000267,754,1.037,0.0011,"aoml_navis",1030.63474591972
"7901009",23,0,1,0.026166,1,0.003738,1,117.222556820066,1,4.85132116452469,756,1,8.25699996948242,34.9900016784668,0.0261659994721413,0,113.03929901123,-85.4343,23.7991,80.6189802575055,63,63,63,63,61,63,0,8521,1.64861680440262,24,-85,0.001869,51,2024-01-19 02:36:20.000267,756,1.037,0.0011,"aoml_navis",1030.64708157492
"7901009",23,0,1,0.029904,1,0.007476,1,117.289339786819,1,4.85127069804,758,1,8.24199962615967,34.9889984130859,0.0299040004611015,0,113.103698730469,-85.4343,23.7991,80.6189802575055,63,63,63,63,61,63,0,8521,1.64861680440262,24,-85,0.001869,51,2024-01-19 02:36:20.000267,758,1.037,0.0011,"aoml_navis",1030.65780312364
"7901009",23,0,1,0.031773,1,0.009345,1,117.445303846006,1,4.85120777021695,760,1,8.20199966430664,34.9860000610352,0.0317730009555817,0,113.254096984863,-85.4343,23.7991,80.6189802575055,63,63,63,63,61,63,0,8521,1.64861680440262,24,-85,0.001869,51,2024-01-19 02:36:20.000267,760,1.037,0.0011,"aoml_navis",1030.67117238238
"7901009",23,0,1,0.028035,1,0.005607,1,117.656230737799,1,4.8511501698657,762,1,8.16399955749512,34.9819984436035,0.0280349999666214,0,113.457496643066,-85.4343,23.7991,80.6189802575055,63,63,63,63,61,63,0,8521,1.64861680440262,24,-85,0.001869,51,2024-01-19 02:36:20.000267,762,1.037,0.0011,"aoml_navis",1030.68341010322
"7901009",23,0,1,0.026166,1,0.003738,1,117.720632271902,1,4.85109236971167,764,1,8.13500022888184,34.9799995422363,0.0261659994721413,0,113.519599914551,-85.4343,23.7991,80.6189802575055,63,63,63,63,61,63,0,8521,1.64861680440262,24,-85,0.001869,51,2024-01-19 02:36:20.000267,764,1.037,0.0011,"aoml_navis",1030.69569056612
"7901009",23,0,1,0.028035,1,0.005607,1,117.753402683973,1,4.85105298677222,766,1,8.13399982452393,34.9790000915527,0.0280349999666214,0,113.551200866699,-85.4343,23.7991,80.6189802575055,63,63,63,63,61,63,0,8521,1.64861680440262,24,-85,0.001869,51,2024-01-19 02:36:20.000267,766,1.037,0.0011,"aoml_navis",1030.70405819807
"7901009",23,0,1,0.031773,1,0.009345,1,117.909572448305,1,4.85100887637398,768,1,8.1269998550415,34.9780006408691,0.0317730009555817,0,113.701797485352,-85.4343,23.7991,80.6189802575055,63,63,63,63,61,63,0,8521,1.64861680440262,24,-85,0.001869,51,2024-01-19 02:36:20.000267,768,1.037,0.0011,"aoml_navis",1030.71343042715
"7901009",23,0,1,0.028035,1,0.005607,1,118.063052222269,1,4.85095164853613,770,1,8.0939998626709,34.9749984741211,0.0280349999666214,0,113.849800109863,-85.4343,23.7991,80.6189802575055,63,63,63,63,61,63,0,8521,1.64861680440262,24,-85,0.001869,51,2024-01-19 02:36:20.000267,770,1.037,0.0011,"aoml_navis",1030.72559000023
"7901009",23,0,1,0.029904,1,0.007476,1,118.225859933422,1,4.85089627976537,772,1,8.06799983978271,34.9729995727539,0.0299040004611015,0,114.006797790527,-85.4343,23.7991,80.6189802575055,63,63,63,63,61,63,0,8521,1.64861680440262,24,-85,0.001869,51,2024-01-19 02:36:20.000267,772,1.037,0.0011,"aoml_navis",1030.73735483824
"7901009",23,0,1,0.026166,1,0.003738,1,118.465720045143,1,4.85082766074827,774,1,8.01099967956543,34.9679985046387,0.0261659994721413,0,114.238098144531,-85.4343,23.7991,80.6189802575055,63,63,63,63,61,63,0,8521,1.64861680440262,24,-85,0.001869,51,2024-01-19 02:36:20.000267,774,1.037,0.0011,"aoml_navis",1030.75193548078
"7901009",23,0,1,0.028035,1,0.005607,1,118.597632425745,1,4.85077340150011,776,1,7.99100017547607,34.9669990539551,0.0280349999666214,0,114.365303039551,-85.4343,23.7991,80.6189802575055,63,63,63,63,61,63,0,8521,1.64861680440262,24,-85,0.001869,51,2024-01-19 02:36:20.000267,776,1.037,0.0011,"aoml_navis",1030.76346515253
"7901009",23,0,1,0.026166,1,0.003738,1,118.723729680111,1,4.85072282609005,778,1,7.97100019454956,34.9650001525879,0.0261659994721413,0,114.48690032959,-85.4343,23.7991,80.6189802575055,63,63,63,63,61,63,0,8521,1.64861680440262,24,-85,0.001869,51,2024-01-19 02:36:20.000267,778,1.037,0.0011,"aoml_navis",1030.77421226936
"7901009",23,0,1,0.026166,1,0.003738,1,118.883016668576,1,4.85067382676355,780,1,7.95300006866455,34.9630012512207,0.0261659994721413,0,114.640502929688,-85.4343,23.7991,80.6189802575055,63,63,63,63,61,63,0,8521,1.64861680440262,24,-85,0.001869,51,2024-01-19 02:36:20.000267,780,1.037,0.0011,"aoml_navis",1030.7846246871
"7901009",23,0,1,0.028035,1,0.005607,1,119.04250145045,1,4.85062017361233,782,1,7.92899990081787,34.9609985351562,0.0280349999666214,0,114.794296264648,-85.4343,23.7991,80.6189802575055,63,63,63,63,61,63,0,8521,1.64861680440262,24,-85,0.001869,51,2024-01-19 02:36:20.000267,782,1.037,0.0011,"aoml_navis",1030.79602628965
"7901009",23,0,1,0.029904,1,0.007476,1,119.23352241352,1,4.85056085653048,784,1,7.89300012588501,34.9580001831055,0.0299040004611015,0,114.978500366211,-85.4343,23.7991,80.6189802575055,63,63,63,63,61,63,0,8521,1.64861680440262,24,-85,0.001869,51,2024-01-19 02:36:20.000267,784,1.037,0.0011,"aoml_navis",1030.80863180354
"7901009",23,0,1,0.029904,1,0.007476,1,119.447044354845,1,4.85049636877827,786,1,7.85500001907349,34.9560012817383,0.0299040004611015,0,115.18440246582,-85.4343,23.7991,80.6189802575055,63,63,63,63,61,63,0,8521,1.64861680440262,24,-85,0.001869,51,2024-01-19 02:36:20.000267,786,1.037,0.0011,"aoml_navis",1030.82233648994
"7901009",23,0,1,0.029904,1,0.007476,1,119.550949188675,1,4.85044280714758,788,1,7.83099985122681,34.9539985656738,0.0299040004611015,0,115.284599304199,-85.4343,23.7991,80.6189802575055,63,63,63,63,61,63,0,8521,1.64861680440262,24,-85,0.001869,51,2024-01-19 02:36:20.000267,788,1.037,0.0011,"aoml_navis",1030.83371947651
"7901009",23,0,1,0.031773,1,0.009345,1,119.688977341497,1,4.850386155744,790,1,7.80299997329712,34.9519996643066,0.0317730009555817,0,115.417701721191,-85.4343,23.7991,80.6189802575055,63,63,63,63,61,63,0,8521,1.64861680440262,24,-85,0.001869,51,2024-01-19 02:36:20.000267,790,1.037,0.0011,"aoml_navis",1030.84575937914
"7901009",23,0,1,0.028035,1,0.005607,1,119.838612011582,1,4.85032798838922,792,1,7.77299976348877,34.9500007629395,0.0280349999666214,0,115.561996459961,-85.4343,23.7991,80.6189802575055,63,63,63,63,61,63,0,8521,1.64861680440262,24,-85,0.001869,51,2024-01-19 02:36:20.000267,792,1.037,0.0011,"aoml_navis",1030.85812175364
"7901009",23,0,1,0.029904,1,0.007476,1,119.951749841764,1,4.85026850172581,794,1,7.74599981307983,34.9490013122559,0.0299040004611015,0,115.671096801758,-85.4343,23.7991,80.6189802575055,63,63,63,63,61,63,0,8521,1.64861680440262,24,-85,0.001869,51,2024-01-19 02:36:20.000267,794,1.037,0.0011,"aoml_navis",1030.87076482898
"7901009",23,0,1,0.029904,1,0.007476,1,120.144432269473,1,4.85021966771854,796,1,7.72800016403198,34.9469985961914,0.0299040004611015,0,115.856903076172,-85.4343,23.7991,80.6189802575055,63,63,63,63,61,63,0,8521,1.64861680440262,24,-85,0.001869,51,2024-01-19 02:36:20.000267,796,1.037,0.0011,"aoml_navis",1030.88114406
"7901009",23,0,1,0.028035,1,0.005607,1,120.327770936522,1,4.85016176741844,798,1,7.70300006866455,34.9459991455078,0.0280349999666214,0,116.033699035645,-85.4343,23.7991,80.6189802575055,63,63,63,63,61,63,0,8521,1.64861680440262,24,-85,0.001869,51,2024-01-19 02:36:20.000267,798,1.037,0.0011,"aoml_navis",1030.8934505212
"7901009",23,0,1,0.028035,1,0.005607,1,120.58442766457,1,4.85009987240817,800,1,7.66800022125244,34.9440002441406,0.0280349999666214,0,116.281196594238,-85.4343,23.7991,80.6189802575055,63,63,63,63,61,63,0,8521,1.64861680440262,24,-85,0.001869,51,2024-01-19 02:36:20.000267,800,1.037,0.0011,"aoml_navis",1030.9066063659
"7901009",23,0,1,0.029904,1,0.007476,1,120.892320797391,1,4.85004723655993,802,1,7.64499998092651,34.9420013427734,0.0299040004611015,0,116.578102111816,-85.4343,23.7991,80.6189802575055,63,63,63,63,61,63,0,8521,1.64861680440262,24,-85,0.001869,51,2024-01-19 02:36:20.000267,802,1.037,0.0011,"aoml_navis",1030.91779443089
"7901009",23,0,1,0.028035,1,0.005607,1,121.297789374942,1,4.84997991629536,804,1,7.59800004959106,34.9389991760254,0.0280349999666214,0,116.969100952148,-85.4343,23.7991,80.6189802575055,63,63,63,63,61,63,0,8521,1.64861680440262,24,-85,0.001869,51,2024-01-19 02:36:20.000267,804,1.037,0.0011,"aoml_navis",1030.93210411049
"7901009",23,0,1,0.028035,1,0.005607,1,121.531636567017,1,4.84992413448127,806,1,7.56599998474121,34.9360008239746,0.0280349999666214,0,117.194602966309,-85.4343,23.7991,80.6189802575055,63,63,63,63,61,63,0,8521,1.64861680440262,24,-85,0.001869,51,2024-01-19 02:36:20.000267,806,1.037,0.0011,"aoml_navis",1030.94396146359
"7901009",23,0,1,0.029904,1,0.007476,1,121.782897490856,1,4.84986868192003,808,1,7.54400014877319,34.935001373291,0.0299040004611015,0,117.436897277832,-85.4343,23.7991,80.6189802575055,63,63,63,63,61,63,0,8521,1.64861680440262,24,-85,0.001869,51,2024-01-19 02:36:20.000267,808,1.037,0.0011,"aoml_navis",1030.95574909887
"7901009",23,0,1,0.031773,1,0.009345,1,122.030748456318,1,4.84980854857229,810,1,7.51100015640259,34.9329986572266,0.0317730009555817,0,117.675903320312,-85.4343,23.7991,80.6189802575055,63,63,63,63,61,63,0,8521,1.64861680440262,24,-85,0.001869,51,2024-01-19 02:36:20.000267,810,1.037,0.0011,"aoml_navis",1030.9685320407
"7901009",23,0,1,0.029904,1,0.007476,1,122.283773697369,1,4.84975238051945,812,1,7.48799991607666,34.931999206543,0.0299040004611015,0,117.919898986816,-85.4343,23.7991,80.6189802575055,63,63,63,63,61,63,0,8521,1.64861680440262,24,-85,0.001869,51,2024-01-19 02:36:20.000267,812,1.037,0.0011,"aoml_navis",1030.98047234
"7901009",23,0,1,0.031773,1,0.009345,1,122.501132830836,1,4.8497006648873,814,1,7.46600008010864,34.9300003051758,0.0317730009555817,0,118.129501342773,-85.4343,23.7991,80.6189802575055,63,63,63,63,61,63,0,8521,1.64861680440262,24,-85,0.001869,51,2024-01-19 02:36:20.000267,814,1.037,0.0011,"aoml_navis",1030.99146638078
"7901009",23,0,1,0.028035,1,0.005607,1,122.816692436206,1,4.84964289482568,816,1,7.43599987030029,34.9280014038086,0.0280349999666214,0,118.433799743652,-85.4343,23.7991,80.6189802575055,63,63,63,63,61,63,0,8521,1.64861680440262,24,-85,0.001869,51,2024-01-19 02:36:20.000267,816,1.037,0.0011,"aoml_navis",1031.00374778826
"7901009",23,0,1,0.026166,1,0.003738,1,123.014034876641,1,4.84958604865412,818,1,7.41200017929077,34.9269981384277,0.0261659994721413,0,118.624099731445,-85.4343,23.7991,80.6189802575055,63,63,63,63,61,63,0,8521,1.64861680440262,24,-85,0.001869,51,2024-01-19 02:36:20.000267,818,1.037,0.0011,"aoml_navis",1031.01583307046
"7901009",23,0,1,0.029904,1,0.007476,1,123.200593620395,1,4.84953072361513,820,1,7.3899998664856,34.9259986877441,0.0299040004611015,0,118.804000854492,-85.4343,23.7991,80.6189802575055,63,63,63,63,61,63,0,8521,1.64861680440262,24,-85,0.001869,51,2024-01-19 02:36:20.000267,820,1.037,0.0011,"aoml_navis",1031.02759523765
"7901009",23,0,1,0.029904,1,0.007476,1,123.387872332159,1,4.84948373691864,822,1,7.37900018692017,34.9249992370605,0.0299040004611015,0,118.984596252441,-85.4343,23.7991,80.6189802575055,63,63,63,63,61,63,0,8521,1.64861680440262,24,-85,0.001869,51,2024-01-19 02:36:20.000267,822,1.037,0.0011,"aoml_navis",1031.03758487434
"7901009",23,0,1,0.029904,1,0.007476,1,123.598696371379,1,4.84943977971098,824,1,7.37200021743774,34.923999786377,0.0299040004611015,0,119.187896728516,-85.4343,23.7991,80.6189802575055,63,63,63,63,61,63,0,8521,1.64861680440262,24,-85,0.001869,51,2024-01-19 02:36:20.000267,824,1.037,0.0011,"aoml_navis",1031.04693059989
"7901009",23,0,1,0.028035,1,0.005607,1,123.925981170059,1,4.84937542229649,826,1,7.33799982070923,34.9230003356934,0.0280349999666214,0,119.50350189209,-85.4343,23.7991,80.6189802575055,63,63,63,63,61,63,0,8521,1.64861680440262,24,-85,0.001869,51,2024-01-19 02:36:20.000267,826,1.037,0.0011,"aoml_navis",1031.06061391143
"7901009",23,0,1,0.028035,1,0.005607,1,124.200581716209,1,4.84931930632119,828,1,7.30999994277954,34.9210014343262,0.0280349999666214,0,119.76830291748,-85.4343,23.7991,80.6189802575055,63,63,63,63,61,63,0,8521,1.64861680440262,24,-85,0.001869,51,2024-01-19 02:36:20.000267,828,1.037,0.0011,"aoml_navis",1031.07254527092
"7901009",23,0,1,0.031773,1,0.009345,1,124.408502148179,1,4.84925872034267,830,1,7.27600002288818,34.9189987182617,0.0317730009555817,0,119.968803405762,-85.4343,23.7991,80.6189802575055,63,63,63,63,61,63,0,8521,1.64861680440262,24,-85,0.001869,51,2024-01-19 02:36:20.000267,830,1.037,0.0011,"aoml_navis",1031.08542735098
"7901009",23,0,1,0.026166,1,0.003738,1,124.575455609192,1,4.84921186338286,832,1,7.26999998092651,34.9189987182617,0.0261659994721413,0,120.12979888916,-85.4343,23.7991,80.6189802575055,63,63,63,63,61,63,0,8521,1.64861680440262,24,-85,0.001869,51,2024-01-19 02:36:20.000267,832,1.037,0.0011,"aoml_navis",1031.09539052228
"7901009",23,0,1,0.028035,1,0.005607,1,124.875049330554,1,4.84915890827096,834,1,7.25099992752075,34.9179992675781,0.0280349999666214,0,120.418701171875,-85.4343,23.7991,80.6189802575055,63,63,63,63,61,63,0,8521,1.64861680440262,24,-85,0.001869,51,2024-01-19 02:36:20.000267,834,1.037,0.0011,"aoml_navis",1031.10665057228
"7901009",23,0,1,0.031773,1,0.009345,1,125.184904573997,1,4.84908264558177,836,1,7.19600009918213,34.9160003662109,0.0317730009555817,0,120.717498779297,-85.4343,23.7991,80.6189802575055,63,63,63,63,61,63,0,8521,1.64861680440262,24,-85,0.001869,51,2024-01-19 02:36:20.000267,836,1.037,0.0011,"aoml_navis",1031.1228670346
"7901009",23,0,1,0.028035,1,0.005607,1,125.282899340754,1,4.84903647936149,838,1,7.18599987030029,34.9150009155273,0.0280349999666214,0,120.811996459961,-85.4343,23.7991,80.6189802575055,63,63,63,63,61,63,0,8521,1.64861680440262,24,-85,0.001869,51,2024-01-19 02:36:20.000267,838,1.037,0.0011,"aoml_navis",1031.1326840458
"7901009",23,0,1,0.028035,1,0.005607,1,125.426837560649,1,4.84898956885429,840,1,7.17500019073486,34.9140014648438,0.0280349999666214,0,120.950798034668,-85.4343,23.7991,80.6189802575055,63,63,63,63,61,63,0,8521,1.64861680440262,24,-85,0.001869,51,2024-01-19 02:36:20.000267,840,1.037,0.0011,"aoml_navis",1031.14265951729
"7901009",23,0,1,0.028035,1,0.005607,1,125.575649410151,1,4.84894272936885,842,1,7.16900014877319,34.9140014648438,0.0280349999666214,0,121.094299316406,-85.4343,23.7991,80.6189802575055,63,63,63,63,61,63,0,8521,1.64861680440262,24,-85,0.001869,51,2024-01-19 02:36:20.000267,842,1.037,0.0011,"aoml_navis",1031.15262007865
"7901009",23,0,1,0.029904,1,0.007476,1,125.884784685584,1,4.84889284826758,844,1,7.15399980545044,34.9129981994629,0.0299040004611015,0,121.392402648926,-85.4343,23.7991,80.6189802575055,63,63,63,63,61,63,0,8521,1.64861680440262,24,-85,0.001869,51,2024-01-19 02:36:20.000267,844,1.037,0.0011,"aoml_navis",1031.1632276606
"7901009",23,0,1,0.028035,1,0.005607,1,126.226168198486,1,4.84883399991686,846,1,7.1269998550415,34.9119987487793,0.0280349999666214,0,121.721603393555,-85.4343,23.7991,80.6189802575055,63,63,63,63,61,63,0,8521,1.64861680440262,24,-85,0.001869,51,2024-01-19 02:36:20.000267,846,1.037,0.0011,"aoml_navis",1031.17574247453
"7901009",23,0,1,0.029904,1,0.007476,1,126.614832247973,1,4.84876767855608,848,1,7.08500003814697,34.9099998474121,0.0299040004611015,0,122.096397399902,-85.4343,23.7991,80.6189802575055,63,63,63,63,61,63,0,8521,1.64861680440262,24,-85,0.001869,51,2024-01-19 02:36:20.000267,848,1.037,0.0011,"aoml_navis",1031.18984687857
"7901009",23,0,1,0.026166,1,0.003738,1,126.931641907691,1,4.84869631135669,850,1,7.0460000038147,34.9099998474121,0.0261659994721413,0,122.401901245117,-85.4343,23.7991,80.6189802575055,63,63,63,63,61,63,0,8521,1.64861680440262,24,-85,0.001869,51,2024-01-19 02:36:20.000267,850,1.037,0.0011,"aoml_navis",1031.20502479995
"7901009",23,0,1,0.033642,1,0.011214,1,127.166422684658,1,4.84864355149949,852,1,7.03200006484985,34.9099998474121,0.0336420014500618,0,122.628303527832,-85.4343,23.7991,80.6189802575055,63,63,63,63,61,63,0,8521,1.64861680440262,24,-85,0.001869,51,2024-01-19 02:36:20.000267,852,1.037,0.0011,"aoml_navis",1031.21624571757
"7901009",23,0,1,0.029904,1,0.007476,1,127.444132543204,1,4.84858708938807,854,1,7.01300001144409,34.9099998474121,0.0299040004611015,0,122.896102905273,-85.4343,23.7991,80.6189802575055,63,63,63,63,61,63,0,8521,1.64861680440262,24,-85,0.001869,51,2024-01-19 02:36:20.000267,854,1.037,0.0011,"aoml_navis",1031.2282542977
"7901009",23,0,1,0.026166,1,0.003738,1,127.779083814432,1,4.84853805233349,856,1,7.00400018692017,34.9099998474121,0.0261659994721413,0,123.219100952148,-85.4343,23.7991,80.6189802575055,63,63,63,63,61,63,0,8521,1.64861680440262,24,-85,0.001869,51,2024-01-19 02:36:20.000267,856,1.037,0.0011,"aoml_navis",1031.23868391496
"7901009",23,0,1,0.024297,1,0.001869,1,128.259318300739,1,4.84847269814352,858,1,6.96799993515015,34.9090003967285,0.0242970008403063,0,123.682197570801,-85.4343,23.7991,80.6189802575055,63,63,63,63,61,63,0,8521,1.64861680440262,24,-85,0.001869,51,2024-01-19 02:36:20.000267,858,1.037,0.0011,"aoml_navis",1031.25258432712
"7901009",23,0,1,0.029904,1,0.007476,1,128.706995991858,1,4.84840518210414,860,1,6.92899990081787,34.9080009460449,0.0299040004611015,0,124.113899230957,-85.4343,23.7991,80.6189802575055,63,63,63,63,61,63,0,8521,1.64861680440262,24,-85,0.001869,51,2024-01-19 02:36:20.000267,860,1.037,0.0011,"aoml_navis",1031.26694494417
"7901009",23,0,1,0.033642,1,0.011214,1,128.970915693899,1,4.84834288465565,862,1,6.89699983596802,34.9070014953613,0.0336420014500618,0,124.36840057373,-85.4343,23.7991,80.6189802575055,63,63,63,63,61,63,0,8521,1.64861680440262,24,-85,0.001869,51,2024-01-19 02:36:20.000267,862,1.037,0.0011,"aoml_navis",1031.28019592515
"7901009",23,0,1,0.028035,1,0.005607,1,129.16265662498,1,4.84829241443243,864,1,6.88100004196167,34.9059982299805,0.0280349999666214,0,124.553298950195,-85.4343,23.7991,80.6189802575055,63,63,63,63,61,63,0,8521,1.64861680440262,24,-85,0.001869,51,2024-01-19 02:36:20.000267,864,1.037,0.0011,"aoml_navis",1031.29093144546
"7901009",23,0,1,0.028035,1,0.005607,1,129.505385133066,1,4.84823826423865,866,1,6.86499977111816,34.9059982299805,0.0280349999666214,0,124.883796691895,-85.4343,23.7991,80.6189802575055,63,63,63,63,61,63,0,8521,1.64861680440262,24,-85,0.001869,51,2024-01-19 02:36:20.000267,866,1.037,0.0011,"aoml_navis",1031.3024499808
"7901009",23,0,1,0.029904,1,0.007476,1,129.758109728135,1,4.84818559362341,868,1,6.84600019454956,34.9049987792969,0.0299040004611015,0,125.127502441406,-85.4343,23.7991,80.6189802575055,63,63,63,63,61,63,0,8521,1.64861680440262,24,-85,0.001869,51,2024-01-19 02:36:20.000267,868,1.037,0.0011,"aoml_navis",1031.31365403508
"7901009",23,0,1,0.031773,1,0.009345,1,130.022749398187,1,4.84812044888401,870,1,6.82000017166138,34.9059982299805,0.0317730009555817,0,125.382698059082,-85.4343,23.7991,80.6189802575055,63,63,63,63,61,63,0,8521,1.64861680440262,24,-85,0.001869,51,2024-01-19 02:36:20.000267,870,1.037,0.0011,"aoml_navis",1031.32751191257
"7901009",23,0,1,0.028035,1,0.005607,1,130.205993124399,1,4.84806853329811,872,1,6.80700016021729,34.9059982299805,0.0280349999666214,0,125.55940246582,-85.4343,23.7991,80.6189802575055,63,63,63,63,61,63,0,8521,1.64861680440262,24,-85,0.001869,51,2024-01-19 02:36:20.000267,872,1.037,0.0011,"aoml_navis",1031.33855589259
"7901009",23,0,1,0.029904,1,0.007476,1,130.49500094249,1,4.84802103125595,874,1,6.79500007629395,34.9049987792969,0.0299040004611015,0,125.838096618652,-85.4343,23.7991,80.6189802575055,63,63,63,63,61,63,0,8521,1.64861680440262,24,-85,0.001869,51,2024-01-19 02:36:20.000267,874,1.037,0.0011,"aoml_navis",1031.3486611886
"7901009",23,0,1,0.029904,1,0.007476,1,130.805172655388,1,4.84797133719376,876,1,6.78000020980835,34.9039993286133,0.0299040004611015,0,126.137199401855,-85.4343,23.7991,80.6189802575055,63,63,63,63,61,63,0,8521,1.64861680440262,24,-85,0.001869,51,2024-01-19 02:36:20.000267,876,1.037,0.0011,"aoml_navis",1031.35923301358
"7901009",23,0,1,0.024297,1,0.001869,1,131.033212632963,1,4.84790627366246,878,1,6.74900007247925,34.9039993286133,0.0242970008403063,0,126.35710144043,-85.4343,23.7991,80.6189802575055,63,63,63,63,61,63,0,8521,1.64861680440262,24,-85,0.001869,51,2024-01-19 02:36:20.000267,878,1.037,0.0011,"aoml_navis",1031.3730748393
"7901009",23,0,1,0.028035,1,0.005607,1,131.173100043833,1,4.84785877439004,880,1,6.74200010299683,34.9039993286133,0.0280349999666214,0,126.491996765137,-85.4343,23.7991,80.6189802575055,63,63,63,63,61,63,0,8521,1.64861680440262,24,-85,0.001869,51,2024-01-19 02:36:20.000267,880,1.037,0.0011,"aoml_navis",1031.38318022251
"7901009",23,0,1,0.031773,1,0.009345,1,131.391598467338,1,4.84781566248981,882,1,6.74100017547607,34.9039993286133,0.0317730009555817,0,126.702697753906,-85.4343,23.7991,80.6189802575055,63,63,63,63,61,63,0,8521,1.64861680440262,24,-85,0.001869,51,2024-01-19 02:36:20.000267,882,1.037,0.0011,"aoml_navis",1031.39235237175
"7901009",23,0,1,0.028035,1,0.005607,1,131.741384244272,1,4.84777037985539,884,1,6.73199987411499,34.9029998779297,0.0280349999666214,0,127.040000915527,-85.4343,23.7991,80.6189802575055,63,63,63,63,61,63,0,8521,1.64861680440262,24,-85,0.001869,51,2024-01-19 02:36:20.000267,884,1.037,0.0011,"aoml_navis",1031.40198652502
"7901009",23,0,1,0.028035,1,0.005607,1,132.253249852612,1,4.84770682607523,886,1,6.70300006866455,34.9029998779297,0.0280349999666214,0,127.533599853516,-85.4343,23.7991,80.6189802575055,63,63,63,63,61,63,0,8521,1.64861680440262,24,-85,0.001869,51,2024-01-19 02:36:20.000267,886,1.037,0.0011,"aoml_navis",1031.41550827818
"7901009",23,0,1,0.029904,1,0.007476,1,132.730066468804,1,4.84763529684567,888,1,6.66300010681152,34.9029998779297,0.0299040004611015,0,127.99340057373,-85.4343,23.7991,80.6189802575055,63,63,63,63,61,63,0,8521,1.64861680440262,24,-85,0.001869,51,2024-01-19 02:36:20.000267,888,1.037,0.0011,"aoml_navis",1031.43072731843
"7901009",23,0,1,0.031773,1,0.009345,1,133.14373160524,1,4.84757109520105,890,1,6.63299989700317,34.9029998779297,0.0317730009555817,0,128.392303466797,-85.4343,23.7991,80.6189802575055,63,63,63,63,61,63,0,8521,1.64861680440262,24,-85,0.001869,51,2024-01-19 02:36:20.000267,890,1.037,0.0011,"aoml_navis",1031.44438767486
"7901009",23,0,1,0.022428,1,0,1,133.60664730062,1,4.84751132981723,892,1,6.60400009155273,34.9020004272461,0.0224280003458261,0,128.83869934082,-85.4343,23.7991,80.6189802575055,63,63,63,63,61,63,0,8521,1.64861680440262,24,-85,0.001869,51,2024-01-19 02:36:20.000267,892,1.037,0.0011,"aoml_navis",1031.45710444137
"7901009",23,0,1,0.029904,1,0.007476,1,133.964827429849,1,4.84744936972937,894,1,6.5770001411438,34.9020004272461,0.0299040004611015,0,129.184097290039,-85.4343,23.7991,80.6189802575055,63,63,63,63,61,63,0,8521,1.64861680440262,24,-85,0.001869,51,2024-01-19 02:36:20.000267,894,1.037,0.0011,"aoml_navis",1031.47028852395
"7901009",23,0,1,0.031773,1,0.009345,1,134.253431749385,1,4.84740051583309,896,1,6.56300020217896,34.9010009765625,0.0317730009555817,0,129.46240234375,-85.4343,23.7991,80.6189802575055,63,63,63,63,61,63,0,8521,1.64861680440262,24,-85,0.001869,51,2024-01-19 02:36:20.000267,896,1.037,0.0011,"aoml_navis",1031.48068406324
"7901009",23,0,1,0.026166,1,0.003738,1,134.664398983717,1,4.84734510101282,898,1,6.54500007629395,34.9010009765625,0.0261659994721413,0,129.858703613281,-85.4343,23.7991,80.6189802575055,63,63,63,63,61,63,0,8521,1.64861680440262,24,-85,0.001869,51,2024-01-19 02:36:20.000267,898,1.037,0.0011,"aoml_navis",1031.49247594426
"7901009",23,0,1,0.028035,1,0.005607,1,135.0049517643,1,4.84728103493184,900,1,6.5149998664856,34.9010009765625,0.0280349999666214,0,130.187103271484,-85.4343,23.7991,80.6189802575055,63,63,63,63,61,63,0,8521,1.64861680440262,24,-85,0.001869,51,2024-01-19 02:36:20.000267,900,1.037,0.0011,"aoml_navis",1031.50610908829
"7901009",23,0,1,0.029904,1,0.007476,1,135.310961903863,1,4.847225651922,902,1,6.49700021743774,34.9010009765625,0.0299040004611015,0,130.482192993164,-85.4343,23.7991,80.6189802575055,63,63,63,63,61,63,0,8521,1.64861680440262,24,-85,0.001869,51,2024-01-19 02:36:20.000267,902,1.037,0.0011,"aoml_navis",1031.5178947812
"7901009",23,0,1,0.031773,1,0.009345,1,135.53714262339,1,4.8471709264339,904,1,6.4850001335144,34.9020004272461,0.0317730009555817,0,130.700302124023,-85.4343,23.7991,80.6189802575055,63,63,63,63,61,63,0,8521,1.64861680440262,24,-85,0.001869,51,2024-01-19 02:36:20.000267,904,1.037,0.0011,"aoml_navis",1031.52954081579
"7901009",23,0,1,0.029904,1,0.007476,1,135.820240374408,1,4.84711916188015,906,1,6.47200012207031,34.9020004272461,0.0299040004611015,0,130.973297119141,-85.4343,23.7991,80.6189802575055,63,63,63,63,61,63,0,8521,1.64861680440262,24,-85,0.001869,51,2024-01-19 02:36:20.000267,906,1.037,0.0011,"aoml_navis",1031.54055698118
"7901009",23,0,1,0.031773,1,0.009345,1,136.217931715101,1,4.84707395779345,908,1,6.46299982070923,34.9010009765625,0.0317730009555817,0,131.356796264648,-85.4343,23.7991,80.6189802575055,63,63,63,63,61,63,0,8521,1.64861680440262,24,-85,0.001869,51,2024-01-19 02:36:20.000267,908,1.037,0.0011,"aoml_navis",1031.55017718693
"7901009",23,0,1,0.028035,1,0.005607,1,136.708127077505,1,4.84701069975385,910,1,6.43400001525879,34.9010009765625,0.0280349999666214,0,131.829498291016,-85.4343,23.7991,80.6189802575055,63,63,63,63,61,63,0,8521,1.64861680440262,24,-85,0.001869,51,2024-01-19 02:36:20.000267,910,1.037,0.0011,"aoml_navis",1031.56363988508
"7901009",23,0,1,0.026166,1,0.003738,1,136.910857410412,1,4.84694021199413,912,1,6.40000009536743,34.9020004272461,0.0261659994721413,0,132.024993896484,-85.4343,23.7991,80.6189802575055,63,63,63,63,61,63,0,8521,1.64861680440262,24,-85,0.001869,51,2024-01-19 02:36:20.000267,912,1.037,0.0011,"aoml_navis",1031.57864164017
"7901009",23,0,1,0.028035,1,0.005607,1,136.995892752985,1,4.8468956546426,914,1,6.39699983596802,34.9020004272461,0.0280349999666214,0,132.106994628906,-85.4343,23.7991,80.6189802575055,63,63,63,63,61,63,0,8521,1.64861680440262,24,-85,0.001869,51,2024-01-19 02:36:20.000267,914,1.037,0.0011,"aoml_navis",1031.58812490852
"7901009",23,0,1,0.031773,1,0.009345,1,137.182767966194,1,4.84685620989073,916,1,6.39599990844727,34.9010009765625,0.0317730009555817,0,132.287200927734,-85.4343,23.7991,80.6189802575055,63,63,63,63,61,63,0,8521,1.64861680440262,24,-85,0.001869,51,2024-01-19 02:36:20.000267,916,1.037,0.0011,"aoml_navis",1031.59652019318
"7901009",23,0,1,0.029904,1,0.007476,1,137.57082281198,1,4.84680878745048,918,1,6.38899993896484,34.9010009765625,0.0299040004611015,0,132.661407470703,-85.4343,23.7991,80.6189802575055,63,63,63,63,61,63,0,8521,1.64861680440262,24,-85,0.001869,51,2024-01-19 02:36:20.000267,918,1.037,0.0011,"aoml_navis",1031.60661360237
"7901009",23,0,1,0.029904,1,0.007476,1,138.011538175088,1,4.84675133437618,920,1,6.36800003051758,34.9010009765625,0.0299040004611015,0,133.086395263672,-85.4343,23.7991,80.6189802575055,63,63,63,63,61,63,0,8521,1.64861680440262,24,-85,0.001869,51,2024-01-19 02:36:20.000267,920,1.037,0.0011,"aoml_navis",1031.61884219991
"7901009",23,0,1,0.029904,1,0.007476,1,138.459326630515,1,4.84668592940644,922,1,6.34100008010864,34.9020004272461,0.0299040004611015,0,133.518203735352,-85.4343,23.7991,80.6189802575055,63,63,63,63,61,63,0,8521,1.64861680440262,24,-85,0.001869,51,2024-01-19 02:36:20.000267,922,1.037,0.0011,"aoml_navis",1031.63276367122
"7901009",23,0,1,0.035511,1,0.013083,1,138.87059451083,1,4.84662494252415,924,1,6.31500005722046,34.9020004272461,0.0355109982192516,0,133.914794921875,-85.4343,23.7991,80.6189802575055,63,63,63,63,61,63,0,8521,1.64861680440262,24,-85,0.001869,51,2024-01-19 02:36:20.000267,924,1.037,0.0011,"aoml_navis",1031.64574508957
"7901009",23,0,1,0.029904,1,0.007476,1,139.08122075664,1,4.84656826034816,926,1,6.29500007629395,34.9020004272461,0.0299040004611015,0,134.117904663086,-85.4343,23.7991,80.6189802575055,63,63,63,63,61,63,0,8521,1.64861680440262,24,-85,0.001869,51,2024-01-19 02:36:20.000267,926,1.037,0.0011,"aoml_navis",1031.65781051866
"7901009",23,0,1,0.029904,1,0.007476,1,139.179009818252,1,4.84652299885663,928,1,6.29099988937378,34.9020004272461,0.0299040004611015,0,134.212203979492,-85.4343,23.7991,80.6189802575055,63,63,63,63,61,63,0,8521,1.64861680440262,24,-85,0.001869,51,2024-01-19 02:36:20.000267,928,1.037,0.0011,"aoml_navis",1031.6674451312
"7901009",23,0,1,0.033642,1,0.011214,1,139.386091606166,1,4.84647845274367,930,1,6.28800010681152,34.9020004272461,0.0336420014500618,0,134.411895751953,-85.4343,23.7991,80.6189802575055,63,63,63,63,61,63,0,8521,1.64861680440262,24,-85,0.001869,51,2024-01-19 02:36:20.000267,930,1.037,0.0011,"aoml_navis",1031.67692763999
"7901009",23,0,1,0.026166,1,0.003738,1,139.802660349853,1,4.84643390811329,932,1,6.28499984741211,34.9020004272461,0.0261659994721413,0,134.813598632812,-85.4343,23.7991,80.6189802575055,63,63,63,63,61,63,0,8521,1.64861680440262,24,-85,0.001869,51,2024-01-19 02:36:20.000267,932,1.037,0.0011,"aoml_navis",1031.6864100075
"7901009",23,0,1,0.029904,1,0.007476,1,140.366371566666,1,4.84637154548659,934,1,6.25699996948242,34.9020004272461,0.0299040004611015,0,135.357192993164,-85.4343,23.7991,80.6189802575055,63,63,63,63,61,63,0,8521,1.64861680440262,24,-85,0.001869,51,2024-01-19 02:36:20.000267,934,1.037,0.0011,"aoml_navis",1031.69968564554
"7901009",23,0,1,0.028035,1,0.005607,1,140.754837822744,1,4.84630850228319,936,1,6.22800016403198,34.9020004272461,0.0280349999666214,0,135.731796264648,-85.4343,23.7991,80.6189802575055,63,63,63,63,61,63,0,8521,1.64861680440262,24,-85,0.001869,51,2024-01-19 02:36:20.000267,936,1.037,0.0011,"aoml_navis",1031.71310651074
"7901009",23,0,1,0.026166,1,0.003738,1,141.078601898736,1,4.8462582745316,938,1,6.21700000762939,34.9020004272461,0.0261659994721413,0,136.044006347656,-85.4343,23.7991,80.6189802575055,63,63,63,63,61,63,0,8521,1.64861680440262,24,-85,0.001869,51,2024-01-19 02:36:20.000267,938,1.037,0.0011,"aoml_navis",1031.72379942612
"7901009",23,0,1,0.033642,1,0.011214,1,141.352268859994,1,4.84620082423076,940,1,6.20100021362305,34.9029998779297,0.0336420014500618,0,136.307907104492,-85.4343,23.7991,80.6189802575055,63,63,63,63,61,63,0,8521,1.64861680440262,24,-85,0.001869,51,2024-01-19 02:36:20.000267,940,1.037,0.0011,"aoml_navis",1031.73603021159
"7901009",23,0,1,0.029904,1,0.007476,1,141.758140936099,1,4.84614564030353,942,1,6.18300008773804,34.9029998779297,0.0299040004611015,0,136.699295043945,-85.4343,23.7991,80.6189802575055,63,63,63,63,61,63,0,8521,1.64861680440262,24,-85,0.001869,51,2024-01-19 02:36:20.000267,942,1.037,0.0011,"aoml_navis",1031.74777877432
"7901009",23,0,1,0.029904,1,0.007476,1,142.124517624214,1,4.84608608287404,944,1,6.16400003433228,34.9039993286133,0.0299040004611015,0,137.052597045898,-85.4343,23.7991,80.6189802575055,63,63,63,63,61,63,0,8521,1.64861680440262,24,-85,0.001869,51,2024-01-19 02:36:20.000267,944,1.037,0.0011,"aoml_navis",1031.76045874833
"7901009",23,0,1,0.031773,1,0.009345,1,142.560375181187,1,4.84603743135413,946,1,6.15000009536743,34.9029998779297,0.0317730009555817,0,137.472900390625,-85.4343,23.7991,80.6189802575055,63,63,63,63,61,63,0,8521,1.64861680440262,24,-85,0.001869,51,2024-01-19 02:36:20.000267,946,1.037,0.0011,"aoml_navis",1031.77081704935
"7901009",23,0,1,0.028035,1,0.005607,1,143.051804774466,1,4.84597294589904,948,1,6.12400007247925,34.9039993286133,0.0280349999666214,0,137.946792602539,-85.4343,23.7991,80.6189802575055,63,63,63,63,61,63,0,8521,1.64861680440262,24,-85,0.001869,51,2024-01-19 02:36:20.000267,948,1.037,0.0011,"aoml_navis",1031.78454684344
"7901009",23,0,1,0.029904,1,0.007476,1,143.30930014657,1,4.84590778015757,950,1,6.09700012207031,34.9049987792969,0.0299040004611015,0,138.195098876953,-85.4343,23.7991,80.6189802575055,63,63,63,63,61,63,0,8521,1.64861680440262,24,-85,0.001869,51,2024-01-19 02:36:20.000267,950,1.037,0.0011,"aoml_navis",1031.79842185057
"7901009",23,0,1,0.028035,1,0.005607,1,143.415697177359,1,4.84586112948853,952,1,6.09100008010864,34.9049987792969,0.0280349999666214,0,138.297698974609,-85.4343,23.7991,80.6189802575055,63,63,63,63,61,63,0,8521,1.64861680440262,24,-85,0.001869,51,2024-01-19 02:36:20.000267,952,1.037,0.0011,"aoml_navis",1031.80835488114
"7901009",23,0,1,0.033642,1,0.011214,1,143.511619069186,1,4.8458173040317,954,1,6.08900022506714,34.9049987792969,0.0336420014500618,0,138.390197753906,-85.4343,23.7991,80.6189802575055,63,63,63,63,61,63,0,8521,1.64861680440262,24,-85,0.001869,51,2024-01-19 02:36:20.000267,954,1.037,0.0011,"aoml_navis",1031.81768653144
"7901009",23,0,1,0.029904,1,0.007476,1,143.61034171569,1,4.84577348019421,956,1,6.08699989318848,34.9049987792969,0.0299040004611015,0,138.485397338867,-85.4343,23.7991,80.6189802575055,63,63,63,63,61,63,0,8521,1.64861680440262,24,-85,0.001869,51,2024-01-19 02:36:20.000267,956,1.037,0.0011,"aoml_navis",1031.82701800572
"7901009",23,0,1,0.031773,1,0.009345,1,143.819812847989,1,4.84572189486671,958,1,6.07399988174438,34.9049987792969,0.0317730009555817,0,138.687393188477,-85.4343,23.7991,80.6189802575055,63,63,63,63,61,63,0,8521,1.64861680440262,24,-85,0.001869,51,2024-01-19 02:36:20.000267,958,1.037,0.0011,"aoml_navis",1031.83800236178
"7901009",23,0,1,0.028035,1,0.005607,1,143.859118354307,1,4.84567666321742,960,1,6.07000017166138,34.9049987792969,0.0280349999666214,0,138.725296020508,-85.4343,23.7991,80.6189802575055,63,63,63,63,61,63,0,8521,1.64861680440262,24,-85,0.001869,51,2024-01-19 02:36:20.000267,960,1.037,0.0011,"aoml_navis",1031.84763398557
"7901009",23,0,1,0.029904,1,0.007476,1,143.914389744632,1,4.84563425556845,962,1,6.07000017166138,34.9049987792969,0.0299040004611015,0,138.778594970703,-85.4343,23.7991,80.6189802575055,63,63,63,63,61,63,0,8521,1.64861680440262,24,-85,0.001869,51,2024-01-19 02:36:20.000267,962,1.037,0.0011,"aoml_navis",1031.85666443029
"7901009",23,0,1,0.024297,1,0.001869,1,143.96904401952,1,4.8455911442894,964,1,6.06899976730347,34.9049987792969,0.0242970008403063,0,138.831298828125,-85.4343,23.7991,80.6189802575055,63,63,63,63,61,63,0,8521,1.64861680440262,24,-85,0.001869,51,2024-01-19 02:36:20.000267,964,1.037,0.0011,"aoml_navis",1031.86584487067
"7901009",23,0,1,0.026166,1,0.003738,1,144.144304803728,1,4.84554450644532,966,1,6.06300020217896,34.9049987792969,0.0261659994721413,0,139.000305175781,-85.4343,23.7991,80.6189802575055,63,63,63,63,61,63,0,8521,1.64861680440262,24,-85,0.001869,51,2024-01-19 02:36:20.000267,966,1.037,0.0011,"aoml_navis",1031.87577646831
"7901009",23,0,1,0.026166,1,0.003738,1,144.298821015158,1,4.8455006930191,968,1,6.06099987030029,34.9049987792969,0.0261659994721413,0,139.149307250977,-85.4343,23.7991,80.6189802575055,63,63,63,63,61,63,0,8521,1.64861680440262,24,-85,0.001869,51,2024-01-19 02:36:20.000267,968,1.037,0.0011,"aoml_navis",1031.88510677617
"7901009",23,0,1,0.026166,1,0.003738,1,144.667159813894,1,4.84545123604737,970,1,6.05100011825562,34.9049987792969,0.0261659994721413,0,139.504501342773,-85.4343,23.7991,80.6189802575055,63,63,63,63,61,63,0,8521,1.64861680440262,24,-85,0.001869,51,2024-01-19 02:36:20.000267,970,1.037,0.0011,"aoml_navis",1031.89563911053
"7901009",23,0,1,0.029904,1,0.007476,1,144.914480693019,1,4.84540178233495,972,1,6.04099988937378,34.9049987792969,0.0299040004611015,0,139.74299621582,-85.4343,23.7991,80.6189802575055,63,63,63,63,61,63,0,8521,1.64861680440262,24,-85,0.001869,51,2024-01-19 02:36:20.000267,972,1.037,0.0011,"aoml_navis",1031.90617096577
"7901009",23,0,1,0.028035,1,0.005607,1,145.298073319489,1,4.84534951304606,974,1,6.02699995040894,34.9049987792969,0.0280349999666214,0,140.112899780273,-85.4343,23.7991,80.6189802575055,63,63,63,63,61,63,0,8521,1.64861680440262,24,-85,0.001869,51,2024-01-19 02:36:20.000267,974,1.037,0.0011,"aoml_navis",1031.91730267085
"7901009",23,0,1,0.029904,1,0.007476,1,145.642154734495,1,4.84528864603737,976,1,6.00600004196167,34.9059982299805,0.0299040004611015,0,140.444702148438,-85.4343,23.7991,80.6189802575055,63,63,63,63,61,63,0,8521,1.64861680440262,24,-85,0.001869,51,2024-01-19 02:36:20.000267,976,1.037,0.0011,"aoml_navis",1031.93026572094
"7901009",23,0,1,0.026166,1,0.003738,1,149.480422873163,1,4.84470761455463,999.5,1,5.89849996566772,34.9080009460449,0.0261659994721413,0,144.14599609375,-85.4343,23.7991,80.6189802575055,63,63,63,63,61,63,0,8521,1.64861680440262,24,-85,0.001869,51,2024-01-19 02:36:20.000267,999.5,1.037,0.0011,"aoml_navis",1032.0540263315
"7901009",23,0,1,0.033642,1,0.011214,1,156.083779581468,1,4.84345647108881,1049.59997558594,1,5.66379976272583,34.9150009155273,0.0336420014500618,0,150.513702392578,-85.4343,23.7991,80.6189802575055,63,63,63,63,61,63,0,8521,1.64861680440262,24,-85,0.001869,51,2024-01-19 02:36:20.000267,1049.59997558594,1.037,0.0011,"aoml_navis",1032.3206226474
"7901009",23,0,1,0.031773,1,0.009345,1,164.699549730984,1,4.84217315608837,1099.80004882812,1,5.39309978485107,34.923999786377,0.0317730009555817,0,158.822006225586,-85.4343,23.7991,80.6189802575055,63,63,63,63,61,63,0,8521,1.64861680440262,24,-85,0.001869,51,2024-01-19 02:36:20.000267,1099.80004882812,1.037,0.0011,"aoml_navis",1032.59421727065
"7901009",23,0,1,0.031773,1,0.009345,1,171.796709553481,1,4.8409534728796,1149.19995117188,1,5.18200016021729,34.931999206543,0.0317730009555817,0,165.665893554688,-85.4343,23.7991,80.6189802575055,63,63,63,63,61,63,0,8521,1.64861680440262,24,-85,0.001869,51,2024-01-19 02:36:20.000267,1149.19995117188,1.037,0.0011,"aoml_navis",1032.85438044621
"7901009",23,0,1,0.03738,1,0.014952,1,177.714814950759,1,4.83975526158722,1199,1,4.99639987945557,34.9370002746582,0.0373799987137318,0,171.372802734375,-85.4343,23.7991,80.6189802575055,63,63,63,63,61,63,0,8521,1.64861680440262,24,-85,0.001869,51,2024-01-19 02:36:20.000267,1199,1.037,0.0011,"aoml_navis",1033.11009126528
"7901009",23,0,1,0.029904,1,0.007476,1,185.430878263031,1,4.83848089823702,1249.59997558594,1,4.74219989776611,34.9459991455078,0.0299040004611015,0,178.813507080078,-85.4343,23.7991,80.6189802575055,63,63,63,63,61,63,0,8521,1.64861680440262,24,-85,0.001869,51,2024-01-19 02:36:20.000267,1249.59997558594,1.037,0.0011,"aoml_navis",1033.38219270884
"7901009",23,0,1,0.029904,1,0.007476,1,190.955833656296,1,4.83728075853676,1300.09997558594,1,4.582200050354,34.9529991149902,0.0299040004611015,0,184.141296386719,-85.4343,23.7991,80.6189802575055,63,63,63,63,61,63,0,8521,1.64861680440262,24,-85,0.001869,51,2024-01-19 02:36:20.000267,1300.09997558594,1.037,0.0011,"aoml_navis",1033.63857704064
"7901009",23,0,1,0.033642,1,0.011214,1,195.139116794863,1,4.83614607384681,1349.80004882812,1,4.47130012512207,34.9560012817383,0.0336420014500618,0,188.17529296875,-85.4343,23.7991,80.6189802575055,63,63,63,63,61,63,0,8521,1.64861680440262,24,-85,0.001869,51,2024-01-19 02:36:20.000267,1349.80004882812,1.037,0.0011,"aoml_navis",1033.88109532904
"7901009",23,0,1,0.029904,1,0.007476,1,196.477687648902,1,4.83505272934988,1399.90002441406,1,4.43340015411377,34.9589996337891,0.0299040004611015,0,189.466094970703,-85.4343,23.7991,80.6189802575055,63,63,63,63,61,63,0,8521,1.64861680440262,24,-85,0.001869,51,2024-01-19 02:36:20.000267,1399.90002441406,1.037,0.0011,"aoml_navis",1034.11488558312
"7901009",23,0,1,0.024297,1,0.001869,1,197.874536353088,1,4.83396791542653,1449.90002441406,1,4.39769983291626,34.9609985351562,0.0242970008403063,0,190.813095092773,-85.4343,23.7991,80.6189802575055,63,63,63,63,61,63,0,8521,1.64861680440262,24,-85,0.001869,51,2024-01-19 02:36:20.000267,1449.90002441406,1.037,0.0011,"aoml_navis",1034.34695626415
"7901009",23,0,1,0.029904,1,0.007476,1,199.589753329059,1,4.83290301374151,1499.30004882812,1,4.36549997329712,34.9620018005371,0.0299040004611015,0,192.467102050781,-85.4343,23.7991,80.6189802575055,63,63,63,63,61,63,0,8521,1.64861680440262,24,-85,0.001869,51,2024-01-19 02:36:20.000267,1499.30004882812,1.037,0.0011,"aoml_navis",1034.57486851761
"7901009",23,0,1,0.029904,1,0.007476,1,200.433144426776,1,4.83182398191641,1549.69995117188,1,4.34689998626709,34.9640007019043,0.0299040004611015,0,193.280395507812,-85.4343,23.7991,80.6189802575055,63,63,63,63,61,63,0,8521,1.64861680440262,24,-85,0.001869,51,2024-01-19 02:36:20.000267,1549.69995117188,1.037,0.0011,"aoml_navis",1034.80590739915
"7901009",23,0,1,0.029904,1,0.007476,1,201.400670668237,1,4.83077071196413,1599.5,1,4.33479976654053,34.9640007019043,0.0299040004611015,0,194.213394165039,-85.4343,23.7991,80.6189802575055,63,63,63,63,61,63,0,8521,1.64861680440262,24,-85,0.001869,51,2024-01-19 02:36:20.000267,1599.5,1.037,0.0011,"aoml_navis",1035.03152977573
"7901009",23,0,1,0.022428,1,0,1,202.294475350144,1,4.82970699524705,1649.69995117188,1,4.32289981842041,34.9650001525879,0.0224280003458261,0,195.075302124023,-85.4343,23.7991,80.6189802575055,63,63,63,63,61,63,0,8521,1.64861680440262,24,-85,0.001869,51,2024-01-19 02:36:20.000267,1649.69995117188,1.037,0.0011,"aoml_navis",1035.25948984494
"7901009",23,0,1,0.031773,1,0.009345,1,202.889200573553,1,4.82866614578734,1699.19995117188,1,4.31549978256226,34.9650001525879,0.0317730009555817,0,195.648803710938,-85.4343,23.7991,80.6189802575055,63,63,63,63,61,63,0,8521,1.64861680440262,24,-85,0.001869,51,2024-01-19 02:36:20.000267,1699.19995117188,1.037,0.0011,"aoml_navis",1035.48264656113
"7901009",23,0,1,0.026166,1,0.003738,1,203.409159888205,1,4.82761873055185,1749,1,4.31080007553101,34.9659996032715,0.0261659994721413,0,196.150207519531,-85.4343,23.7991,80.6189802575055,63,63,63,63,61,63,0,8521,1.64861680440262,24,-85,0.001869,51,2024-01-19 02:36:20.000267,1749,1.037,0.0011,"aoml_navis",1035.70730810974
"7901009",23,0,1,0.028035,1,0.005607,1,204.051893527946,1,4.82655028372113,1799.80004882812,1,4.30369997024536,34.9669990539551,0.0280349999666214,0,196.770004272461,-85.4343,23.7991,80.6189802575055,63,63,63,63,61,63,0,8521,1.64861680440262,24,-85,0.001869,51,2024-01-19 02:36:20.000267,1799.80004882812,1.037,0.0011,"aoml_navis",1035.93658121907
"7901009",23,0,1,0.029904,1,0.007476,1,204.565729158643,1,4.82553041685023,1848.59997558594,1,4.29909992218018,34.9669990539551,0.0299040004611015,0,197.265502929688,-85.4343,23.7991,80.6189802575055,63,63,63,63,61,63,0,8521,1.64861680440262,24,-85,0.001869,51,2024-01-19 02:36:20.000267,1848.59997558594,1.037,0.0011,"aoml_navis",1036.15552448712
"7901009",23,0,1,0.029904,1,0.007476,1,204.672648364033,1,4.82447097489799,1899.40002441406,1,4.30039978027344,34.9679985046387,0.0299040004611015,0,197.368606567383,-85.4343,23.7991,80.6189802575055,63,63,63,63,61,63,0,8521,1.64861680440262,24,-85,0.001869,51,2024-01-19 02:36:20.000267,1899.40002441406,1.037,0.0011,"aoml_navis",1036.38306169014
"7901009",23,0,1,0.031773,1,0.009345,1,204.35842584211,1,4.82342927959717,1949.69995117188,1,4.29960012435913,34.9669990539551,0.0317730009555817,0,197.06559753418,-85.4343,23.7991,80.6189802575055,63,63,63,63,61,63,0,8521,1.64861680440262,24,-85,0.001869,51,2024-01-19 02:36:20.000267,1949.69995117188,1.037,0.0011,"aoml_navis",1036.60688488784
"7901009",24,0.0929615660781361,1,0.175686,1,0.153258,1,197.359733275133,1,4.88392454138062,2.40000009536743,1,26.4500007629395,36.1459999084473,0.175686001777649,0.175493076443672,190.316604614258,-85.437,23.7506,63.584055127594,63,63,63,63,61,63,0.153258,8521,1.64861680440262,24,-85,0.001869,51,2024-01-29 09:13:59.000984,2.40000009536743,1.037,0.0011,"aoml_navis",1023.76684112047
"7901009",24,0.0918278884430368,1,0.173817,1,0.151389,1,197.363973967143,1,4.8838921304959,4,1,26.4549999237061,36.1479988098145,0.173816993832588,0.175493076443672,190.320693969727,-85.437,23.7506,63.584055127594,63,63,63,63,61,63,0.151389,8521,1.64861680440262,24,-85,0.001869,51,2024-01-29 09:13:59.000984,4,1.037,0.0011,"aoml_navis",1023.77363512578
"7901009",24,0.0906942108079376,1,0.171948,1,0.14952,1,197.367407661793,1,4.8838490846689,6,1,26.4559993743896,36.148998260498,0.171948000788689,0.175493076443672,190.324005126953,-85.437,23.7506,63.584055127594,63,63,63,63,61,63,0.14952,8521,1.64861680440262,24,-85,0.001869,51,2024-01-29 09:13:59.000984,6,1.037,0.0011,"aoml_navis",1023.78265857881
"7901009",24,0.0918278884430368,1,0.173817,1,0.151389,1,197.381917790798,1,4.8838066179243,8,1,26.4549999237061,36.148998260498,0.173816993832588,0.175493076443672,190.337997436523,-85.437,23.7506,63.584055127594,63,63,63,63,61,63,0.151389,8521,1.64861680440262,24,-85,0.001869,51,2024-01-29 09:13:59.000984,8,1.037,0.0011,"aoml_navis",1023.79156079794
"7901009",24,0.0906942108079376,1,0.171948,1,0.14952,1,197.371964823356,1,4.88376415344792,10,1,26.4540004730225,36.148998260498,0.171948000788689,0.175493076443672,190.328399658203,-85.437,23.7506,63.584055127594,63,63,63,63,61,63,0.14952,8521,1.64861680440262,24,-85,0.001869,51,2024-01-29 09:13:59.000984,10,1.037,0.0011,"aoml_navis",1023.80046269639
"7901009",24,0.0963625989834337,1,0.181293,1,0.158865,1,197.327057793787,1,4.88372471158011,12,1,26.4549999237061,36.148998260498,0.181292995810509,0.175493076443672,190.285095214844,-85.437,23.7506,63.584055127594,63,63,63,63,61,63,0.158865,8521,1.64861680440262,24,-85,0.001869,51,2024-01-29 09:13:59.000984,12,1.037,0.0011,"aoml_navis",1023.80873109907
"7901009",24,0.0918278884430368,1,0.173817,1,0.151389,1,197.390731467849,1,4.88368584796408,14,1,26.4540004730225,36.1479988098145,0.173816993832588,0.175493076443672,190.346496582031,-85.437,23.7506,63.584055127594,63,63,63,63,61,63,0.151389,8521,1.64861680440262,24,-85,0.001869,51,2024-01-29 09:13:59.000984,14,1.037,0.0011,"aoml_navis",1023.81687841047
"7901009",24,0.100897309523831,1,0.188769,1,0.166341,1,197.303623223387,1,4.88364490049701,16,1,26.4540004730225,36.1479988098145,0.188768997788429,0.175493076443672,190.262496948242,-85.437,23.7506,63.584055127594,63,63,63,63,61,63,0.166341,8521,1.64861680440262,24,-85,0.001869,51,2024-01-29 09:13:59.000984,16,1.037,0.0011,"aoml_navis",1023.82546271764
"7901009",24,0.0952289213483345,1,0.179424,1,0.156996,1,197.348118842538,1,4.88360755144188,18,1,26.4540004730225,36.1469993591309,0.179424002766609,0.175493076443672,190.305404663086,-85.437,23.7506,63.584055127594,63,63,63,63,61,63,0.156996,8521,1.64861680440262,24,-85,0.001869,51,2024-01-29 09:13:59.000984,18,1.037,0.0011,"aoml_navis",1023.83329277222
"7901009",24,0.103164664794029,1,0.192507,1,0.170079,1,197.321567047042,1,4.8835614993425,20,1,26.4529991149902,36.1479988098145,0.19250699877739,0.179424002766609,190.279800415039,-85.437,23.7506,63.584055127594,63,63,63,63,61,63,0.170079,8521,1.64861680440262,24,-85,0.001869,51,2024-01-29 09:13:59.000984,20,1.037,0.0011,"aoml_navis",1023.84294754416
"7901009",24,0.0974962766185329,1,0.183162,1,0.160734,1,197.347691608642,1,4.88352207219172,22,1,26.4540004730225,36.1479988098145,0.183162003755569,0.170078992843628,190.304992675781,-85.437,23.7506,63.584055127594,63,63,63,63,61,63,0.160734,8521,1.64861680440262,24,-85,0.001869,51,2024-01-29 09:13:59.000984,22,1.037,0.0011,"aoml_navis",1023.8512135476
"7901009",24,0.10203098715893,1,0.190638,1,0.16821,1,197.351647478054,1,4.88348113412121,24,1,26.4540004730225,36.1479988098145,0.19063800573349,0.177554994821548,190.308807373047,-85.437,23.7506,63.584055127594,63,63,63,63,61,63,0.16821,8521,1.64861680440262,24,-85,0.001869,51,2024-01-29 09:13:59.000984,24,1.037,0.0011,"aoml_navis",1023.85979646049
"7901009",24,0.0997636318887314,1,0.1869,1,0.164472,1,197.268162809975,1,4.88344530461958,26,1,26.4549999237061,36.1469993591309,0.18690000474453,0.173816993832588,190.228302001953,-85.437,23.7506,63.584055127594,63,63,63,63,61,63,0.164472,8521,1.64861680440262,24,-85,0.001869,51,2024-01-29 09:13:59.000984,26,1.037,0.0011,"aoml_navis",1023.86730844926
"7901009",24,0.0963625989834337,1,0.181293,1,0.158865,1,197.280188652988,1,4.88340437119554,28,1,26.4549999237061,36.1469993591309,0.181292995810509,0.168209999799728,190.239898681641,-85.437,23.7506,63.584055127594,63,63,63,63,61,63,0.158865,8521,1.64861680440262,24,-85,0.001869,51,2024-01-29 09:13:59.000984,28,1.037,0.0011,"aoml_navis",1023.87589065779
"7901009",24,0.0986299542536322,1,0.185031,1,0.162603,1,197.313686955173,1,4.88336495087348,30,1,26.4559993743896,36.1469993591309,0.185030996799469,0.171948000788689,190.272201538086,-85.437,23.7506,63.584055127594,63,63,63,63,61,63,0.162603,8521,1.64861680440262,24,-85,0.001869,51,2024-01-29 09:13:59.000984,30,1.037,0.0011,"aoml_navis",1023.88415576142
"7901009",24,0.0963625989834337,1,0.181293,1,0.158865,1,197.333909359609,1,4.88332042692008,32,1,26.4559993743896,36.1479988098145,0.181292995810509,0.168209999799728,190.291702270508,-85.437,23.7506,63.584055127594,63,63,63,63,61,63,0.158865,8521,1.64861680440262,24,-85,0.001869,51,2024-01-29 09:13:59.000984,32,1.037,0.0011,"aoml_navis",1023.89349108379
"7901009",24,0.100897309523831,1,0.188769,1,0.166341,1,197.298021712299,1,4.88328101450618,34,1,26.4570007324219,36.1479988098145,0.188768997788429,0.175686001777649,190.257095336914,-85.437,23.7506,63.584055127594,63,63,63,63,61,63,0.166341,8521,1.64861680440262,24,-85,0.001869,51,2024-01-29 09:13:59.000984,34,1.037,0.0011,"aoml_navis",1023.90175481343
"7901009",24,0.0940952437132353,1,0.177555,1,0.155127,1,197.236120267734,1,4.88324368576386,36,1,26.4570007324219,36.1469993591309,0.177554994821548,0.164471998810768,190.197402954102,-85.437,23.7506,63.584055127594,63,63,63,63,61,63,0.155127,8521,1.64861680440262,24,-85,0.001869,51,2024-01-29 09:13:59.000984,36,1.037,0.0011,"aoml_navis",1023.90958177584
"7901009",24,0.0952289213483345,1,0.179424,1,0.156996,1,197.301233878262,1,4.88320276419756,38,1,26.4570007324219,36.1469993591309,0.179424002766609,0.166341006755829,190.260192871094,-85.437,23.7506,63.584055127594,63,63,63,63,61,63,0.156996,8521,1.64861680440262,24,-85,0.001869,51,2024-01-29 09:13:59.000984,38,1.037,0.0011,"aoml_navis",1023.91816220673
"7901009",24,0.0986299542536322,1,0.185031,1,0.162603,1,197.246690350804,1,4.88316184497835,40,1,26.4570007324219,36.1469993591309,0.185030996799469,0.171948000788689,190.207595825195,-85.437,23.7506,63.584055127594,63,63,63,63,61,63,0.162603,8521,1.64861680440262,24,-85,0.001869,51,2024-01-29 09:13:59.000984,40,1.037,0.0011,"aoml_navis",1023.92674228928
"7901009",24,0.0963625989834337,1,0.181293,1,0.158865,1,197.269824275128,1,4.88312092810601,42,1,26.4570007324219,36.1469993591309,0.181292995810509,0.168209999799728,190.229904174805,-85.437,23.7506,63.584055127594,63,63,63,63,61,63,0.158865,8521,1.64861680440262,24,-85,0.001869,51,2024-01-29 09:13:59.000984,42,1.037,0.0011,"aoml_navis",1023.93532202352
"7901009",24,0.100897309523831,1,0.188769,1,0.166341,1,197.217132094554,1,4.88308360820503,44,1,26.4570007324219,36.1459999084473,0.188768997788429,0.175686001777649,190.179092407227,-85.437,23.7506,63.584055127594,63,63,63,63,61,63,0.166341,8521,1.64861680440262,24,-85,0.001869,51,2024-01-29 09:13:59.000984,44,1.037,0.0011,"aoml_navis",1023.94314764517
"7901009",24,0.0997636318887314,1,0.1869,1,0.164472,1,197.323117747852,1,4.88303910140108,46,1,26.4570007324219,36.1469993591309,0.18690000474453,0.173816993832588,190.281295776367,-85.437,23.7506,63.584055127594,63,63,63,63,61,63,0.164472,8521,1.64861680440262,24,-85,0.001869,51,2024-01-29 09:13:59.000984,46,1.037,0.0011,"aoml_navis",1023.95248044714
"7901009",24,0.0997636318887314,1,0.1869,1,0.164472,1,197.232908101771,1,4.88299970293072,48,1,26.4580001831055,36.1469993591309,0.18690000474453,0.173816993832588,190.194305419922,-85.437,23.7506,63.584055127594,63,63,63,63,61,63,0.164472,8521,1.64861680440262,24,-85,0.001869,51,2024-01-29 09:13:59.000984,48,1.037,0.0011,"aoml_navis",1023.96074220505
"7901009",24,0.0963625989834337,1,0.181293,1,0.158865,1,197.231658047037,1,4.88295879550312,50,1,26.4580001831055,36.1469993591309,0.181292995810509,0.168209999799728,190.193099975586,-85.437,23.7506,63.584055127594,63,63,63,63,61,63,0.158865,8521,1.64861680440262,24,-85,0.001869,51,2024-01-29 09:13:59.000984,50,1.037,0.0011,"aoml_navis",1023.9693205285
"7901009",24,0.0963625989834337,1,0.181293,1,0.158865,1,197.180120980332,1,4.88292091349486,52,1,26.4599990844727,36.1469993591309,0.181292995810509,0.168209999799728,190.143402099609,-85.437,23.7506,63.584055127594,63,63,63,63,61,63,0.158865,8521,1.64861680440262,24,-85,0.001869,51,2024-01-29 09:13:59.000984,52,1.037,0.0011,"aoml_navis",1023.97726454704
"7901009",24,0.0997636318887314,1,0.1869,1,0.164472,1,197.269824275128,1,4.88287641681646,54,1,26.4599990844727,36.1479988098145,0.18690000474453,0.173816993832588,190.229904174805,-85.437,23.7506,63.584055127594,63,63,63,63,61,63,0.164472,8521,1.64861680440262,24,-85,0.001869,51,2024-01-29 09:13:59.000984,54,1.037,0.0011,"aoml_navis",1023.98659584751
"7901009",24,0.0974962766185329,1,0.183162,1,0.160734,1,197.217654269317,1,4.88283400497657,56,1,26.4589996337891,36.1479988098145,0.183162003755569,0.170078992843628,190.179595947266,-85.437,23.7506,63.584055127594,63,63,63,63,61,63,0.160734,8521,1.64861680440262,24,-85,0.001869,51,2024-01-29 09:13:59.000984,56,1.037,0.0011,"aoml_navis",1023.9954900994
"7901009",24,0.0963625989834337,1,0.181293,1,0.158865,1,197.283400818951,1,4.88277323638361,58,1,26.4529991149902,36.1510009765625,0.181292995810509,0.168209999799728,190.24299621582,-85.437,23.7506,63.584055127594,63,63,63,63,61,63,0.158865,8521,1.64861680440262,24,-85,0.001869,51,2024-01-29 09:13:59.000984,58,1.037,0.0011,"aoml_navis",1024.00823424338
"7901009",24,0.0906942108079376,1,0.171948,1,0.14952,1,197.257798432114,1,4.88272269820536,60,1,26.4489994049072,36.1520004272461,0.171948000788689,0.158865004777908,190.218307495117,-85.437,23.7506,63.584055127594,63,63,63,63,61,63,0.14952,8521,1.64861680440262,24,-85,0.001869,51,2024-01-29 09:13:59.000984,60,1.037,0.0011,"aoml_navis",1024.01883314769
"7901009",24,0.0940952437132353,1,0.177555,1,0.155127,1,197.334526475237,1,4.8826619527469,62,1,26.443000793457,36.1549987792969,0.177554994821548,0.164471998810768,190.292297363281,-85.437,23.7506,63.584055127594,63,63,63,63,61,63,0.155127,8521,1.64861680440262,24,-85,0.001869,51,2024-01-29 09:13:59.000984,62,1.037,0.0011,"aoml_navis",1024.03157302076
"7901009",24,0.0884268555377392,1,0.16821,1,0.145782,1,197.434910617447,1,4.88258587740727,64,1,26.4340000152588,36.1609992980957,0.168209999799728,0.155127003788948,190.389099121094,-85.437,23.7506,63.584055127594,63,63,63,63,61,63,0.145782,8521,1.64861680440262,24,-85,0.001869,51,2024-01-29 09:13:59.000984,64,1.037,0.0011,"aoml_navis",1024.04752840826
"7901009",24,0.0816247897271439,1,0.156996,1,0.134568,1,197.58610394639,1,4.88246858701888,66,1,26.4120006561279,36.1730003356934,0.156995996832848,0.143913000822067,190.534896850586,-85.437,23.7506,63.584055127594,63,63,63,63,61,63,0.134568,8521,1.64861680440262,24,-85,0.001869,51,2024-01-29 09:13:59.000984,66,1.037,0.0011,"aoml_navis",1024.0721288599
"7901009",24,0.0759564015516478,4,0.147651,1,0.125223,1,197.80336029452,1,4.8823224107592,68,1,26.3780002593994,36.1879997253418,0.147651001811028,0.134568005800247,190.744400024414,-85.437,23.7506,63.584055127594,63,63,63,63,61,63,0.125223,8521,1.64861680440262,24,-85,0.001869,51,2024-01-29 09:13:59.000984,68,1.037,0.0011,"aoml_navis",1024.10278948016
"7901009",24,0.0759564015516478,4,0.147651,1,0.125223,1,197.933603339054,1,4.88215283481707,70,1,26.3379993438721,36.2070007324219,0.147651001811028,0.134568005800247,190.869995117188,-85.437,23.7506,63.584055127594,63,63,63,63,61,63,0.125223,8521,1.64861680440262,24,-85,0.001869,51,2024-01-29 09:13:59.000984,70,1.037,0.0011,"aoml_navis",1024.1383605082
"7901009",24,0.0850258226324415,1,0.162603,1,0.140175,1,198.082834556768,1,4.8819121306329,72,1,26.2770004272461,36.2369995117188,0.162603005766869,0.149519994854927,191.013900756836,-85.437,23.7506,63.584055127594,63,63,63,63,61,63,0.140175,8521,1.64861680440262,24,-85,0.001869,51,2024-01-29 09:13:59.000984,72,1.037,0.0011,"aoml_navis",1024.18885596611
"7901009",24,0.0940952437132353,1,0.177555,1,0.155127,1,197.946879236802,1,4.88181445153025,74,1,26.2560005187988,36.2439994812012,0.177554994821548,0.164471998810768,190.882797241211,-85.437,23.7506,63.584055127594,63,63,63,63,61,63,0.155127,8521,1.64861680440262,24,-85,0.001869,51,2024-01-29 09:13:59.000984,74,1.037,0.0011,"aoml_navis",1024.20934872539
"7901009",24,0.103164664794029,1,0.192507,1,0.170079,1,197.91121311818,1,4.88174379935163,76,1,26.2409992218018,36.2459983825684,0.19250699877739,0.179424002766609,190.848403930664,-85.437,23.7506,63.584055127594,63,63,63,63,61,63,0.170079,8521,1.64861680440262,24,-85,0.001869,51,2024-01-29 09:13:59.000984,76,1.037,0.0011,"aoml_navis",1024.22417183468
"7901009",24,0.106565697699327,1,0.198114,1,0.175686,1,197.753785339043,1,4.88168576963616,78,1,26.2320003509521,36.2470016479492,0.198113992810249,0.185030996799469,190.696594238281,-85.437,23.7506,63.584055127594,63,63,63,63,61,63,0.175686,8521,1.64861680440262,24,-85,0.001869,51,2024-01-29 09:13:59.000984,78,1.037,0.0011,"aoml_navis",1024.23634702171
"7901009",24,0.114501441145021,1,0.211197,1,0.188769,1,197.589015466277,1,4.8816418832844,80,1,26.2299995422363,36.2470016479492,0.211197003722191,0.198113992810249,190.537704467773,-85.437,23.7506,63.584055127594,63,63,63,63,61,63,0.188769,8521,1.64861680440262,24,-85,0.001869,51,2024-01-29 09:13:59.000984,80,1.037,0.0011,"aoml_navis",1024.24555498855
"7901009",24,0.119036151685418,1,0.218673,1,0.196245,1,197.243383243975,1,4.88160101069522,82,1,26.2299995422363,36.2470016479492,0.218673005700111,0.20558999478817,190.204406738281,-85.437,23.7506,63.584055127594,63,63,63,63,61,63,0.196245,8521,1.64861680440262,24,-85,0.001869,51,2024-01-29 09:13:59.000984,82,1.037,0.0011,"aoml_navis",1024.254130775
"7901009",24,0.142843382022502,1,0.257922,1,0.235494,1,196.419470586234,1,4.88155562448751,84,1,26.2269992828369,36.2470016479492,0.257921993732452,0.244838997721672,189.409896850586,-85.437,23.7506,63.584055127594,63,63,63,63,61,63,0.235494,8521,1.64861680440262,24,-85,0.001869,51,2024-01-29 09:13:59.000984,84,1.037,0.0011,"aoml_navis",1024.26365376609
"7901009",24,0.18932416506157,1,0.334551,1,0.312123,1,195.706844446803,1,4.88149277974625,86,1,26.2099990844727,36.2459983825684,0.334551006555557,0.321467995643616,188.722702026367,-85.437,23.7506,63.584055127594,63,63,63,63,61,63,0.312123,8521,1.64861680440262,24,-85,0.001869,51,2024-01-29 09:13:59.000984,86,1.037,0.0011,"aoml_navis",1024.27684022098
"7901009",24,0.190457842696669,1,0.33642,1,0.313992,1,195.087956588969,1,4.88143653430012,88,1,26.1949996948242,36.2439994812012,0.336419999599457,0.323336988687515,188.125900268555,-85.437,23.7506,63.584055127594,63,63,63,63,61,63,0.313992,8521,1.64861680440262,24,-85,0.001869,51,2024-01-29 09:13:59.000984,88,1.037,0.0011,"aoml_navis",1024.28864226069
"7901009",24,0.171185322899982,1,0.304647,1,0.282219,1,194.066820105802,1,4.88138173907771,90,1,26.1690006256104,36.2369995117188,0.304646998643875,0.291563987731934,187.141204833984,-85.437,23.7506,63.584055127594,63,63,63,63,61,63,0.282219,8521,1.64861680440262,24,-85,0.001869,51,2024-01-29 09:13:59.000984,90,1.037,0.0011,"aoml_navis",1024.30014026002
"7901009",24,0.147378092562899,1,0.265398,1,0.24297,1,193.355016787209,1,4.88132218149445,92,1,26.1469993591309,36.2330017089844,0.265397995710373,0.252315014600754,186.454803466797,-85.437,23.7506,63.584055127594,63,63,63,63,61,63,0.24297,8521,1.64861680440262,24,-85,0.001869,51,2024-01-29 09:13:59.000984,92,1.037,0.0011,"aoml_navis",1024.31263786592
"7901009",24,0.137174993847006,1,0.248577,1,0.226149,1,193.173743027254,1,4.88127719141052,94,1,26.1609992980957,36.2400016784668,0.248576998710632,0.235494002699852,186.279998779297,-85.437,23.7506,63.584055127594,63,63,63,63,61,63,0.226149,8521,1.64861680440262,24,-85,0.001869,51,2024-01-29 09:13:59.000984,94,1.037,0.0011,"aoml_navis",1024.32207881953
"7901009",24,0.129239250401311,4,0.235494,1,0.213066,1,193.619031511794,1,4.88120687972604,96,1,26.1389999389648,36.2389984130859,0.235494002699852,0.222411006689072,186.709396362305,-85.437,23.7506,63.584055127594,63,63,63,63,61,63,0.213066,8521,1.64861680440262,24,-85,0.001869,51,2024-01-29 09:13:59.000984,96,1.037,0.0011,"aoml_navis",1024.33683373826
"7901009",24,0.136041316211906,1,0.246708,1,0.22428,1,193.619031511794,1,4.88114921969505,98,1,26.1350002288818,36.242000579834,0.246708005666733,0.233624994754791,186.709396362305,-85.437,23.7506,63.584055127594,63,63,63,63,61,63,0.22428,8521,1.64861680440262,24,-85,0.001869,51,2024-01-29 09:13:59.000984,98,1.037,0.0011,"aoml_navis",1024.34893402263
"7901009",24,0.13037292803641,1,0.237363,1,0.214935,1,193.588966904259,1,4.88109188740422,100,1,26.1359996795654,36.2470016479492,0.237362995743752,0.224279999732971,186.680404663086,-85.437,23.7506,63.584055127594,63,63,63,63,61,63,0.214935,8521,1.64861680440262,24,-85,0.001869,51,2024-01-29 09:13:59.000984,100,1.037,0.0011,"aoml_navis",1024.36096581231
"7901009",24,0.126971895131113,4,0.231756,1,0.209328,1,193.888663570944,1,4.88102018968022,102,1,26.136999130249,36.2560005187988,0.231756001710892,0.218673005700111,186.96940612793,-85.437,23.7506,63.584055127594,63,63,63,63,61,63,0.209328,8521,1.64861680440262,24,-85,0.001869,51,2024-01-29 09:13:59.000984,102,1.037,0.0011,"aoml_navis",1024.37601273835
"7901009",24,0.140576026752303,1,0.254184,1,0.231756,1,194.027403822977,1,4.88096887810264,104,1,26.1420001983643,36.2610015869141,0.254184007644653,0.241100996732712,187.10319519043,-85.437,23.7506,63.584055127594,63,63,63,63,61,63,0.231756,8521,1.64861680440262,24,-85,0.001869,51,2024-01-29 09:13:59.000984,104,1.037,0.0011,"aoml_navis",1024.3867815735
"7901009",24,0.148511770197998,1,0.267267,1,0.244839,1,194.001279261377,1,4.88092953172791,106,1,26.1429996490479,36.2610015869141,0.267266988754272,0.254184007644653,187.078002929688,-85.437,23.7506,63.584055127594,63,63,63,63,61,63,0.244839,8521,1.64861680440262,24,-85,0.001869,51,2024-01-29 09:13:59.000984,106,1.037,0.0011,"aoml_navis",1024.39503940757
"7901009",24,0.141709704387403,1,0.256053,1,0.233625,1,193.831097759255,1,4.88088509393189,108,1,26.1429996490479,36.2620010375977,0.256053000688553,0.242970004677773,186.91389465332,-85.437,23.7506,63.584055127594,63,63,63,63,61,63,0.233625,8521,1.64861680440262,24,-85,0.001869,51,2024-01-29 09:13:59.000984,108,1.037,0.0011,"aoml_navis",1024.40436596555
"7901009",24,0.138308671482105,1,0.250446,1,0.228018,1,193.461208145716,1,4.88082955418691,110,1,26.1380004882812,36.2639999389648,0.250445991754532,0.237362995743752,186.557205200195,-85.437,23.7506,63.584055127594,63,63,63,63,61,63,0.228018,8521,1.64861680440262,24,-85,0.001869,51,2024-01-29 09:13:59.000984,110,1.037,0.0011,"aoml_navis",1024.41602282769
"7901009",24,0.121303506955617,1,0.222411,1,0.199983,1,192.815974197595,1,4.88077101115652,112,1,26.1310005187988,36.265998840332,0.222411006689072,0.20932799577713,185.934997558594,-85.437,23.7506,63.584055127594,63,63,63,63,61,63,0.199983,8521,1.64861680440262,24,-85,0.001869,51,2024-01-29 09:13:59.000984,112,1.037,0.0011,"aoml_navis",1024.42831031633
"7901009",24,0.0918278884430368,1,0.173817,1,0.151389,1,191.778349650717,1,4.88069475943053,114,1,26.117000579834,36.2700004577637,0.173816993832588,0.160733997821808,184.93440246582,-85.437,23.7506,63.584055127594,63,63,63,63,61,63,0.151389,8521,1.64861680440262,24,-85,0.001869,51,2024-01-29 09:13:59.000984,114,1.037,0.0011,"aoml_navis",1024.44431509243
"7901009",24,0.0691543357410524,1,0.136437,1,0.114009,1,191.104712560215,1,4.88062689039848,116,1,26.0990009307861,36.2700004577637,0.136436998844147,0.123354002833366,184.284805297852,-85.437,23.7506,63.584055127594,63,63,63,63,61,63,0.114009,8521,1.64861680440262,24,-85,0.001869,51,2024-01-29 09:13:59.000984,116,1.037,0.0011,"aoml_navis",1024.45856081242
"7901009",24,0.0691543357410524,1,0.136437,1,0.114009,1,190.472548804633,1,4.8805642818081,118,1,26.1180000305176,36.2840003967285,0.136436998844147,0.123354002833366,183.675201416016,-85.437,23.7506,63.584055127594,63,63,63,63,61,63,0.114009,8521,1.64861680440262,24,-85,0.001869,51,2024-01-29 09:13:59.000984,118,1.037,0.0011,"aoml_navis",1024.47170271624
"7901009",24,0.0589512370251595,1,0.119616,1,0.097188,1,189.76686917189,1,4.88049954403521,120,1,26.1259994506836,36.2939987182617,0.119616001844406,0.106532998383045,182.994705200195,-85.437,23.7506,63.584055127594,63,63,63,63,61,63,0.097188,8521,1.64861680440262,24,-85,0.001869,51,2024-01-29 09:13:59.000984,120,1.037,0.0011,"aoml_navis",1024.48529190231
"7901009",24,0.0487481383092665,1,0.102795,1,0.080367,1,189.000411561495,1,4.88040743822243,122,1,26.1110000610352,36.3019981384277,0.102794997394085,0.0897120013833046,182.255599975586,-85.437,23.7506,63.584055127594,63,63,63,63,61,63,0.080367,8521,1.64861680440262,24,-85,0.001869,51,2024-01-29 09:13:59.000984,122,1.037,0.0011,"aoml_navis",1024.50462656887
"7901009",24,0.046480783039068,1,0.099057,1,0.076629,1,187.522783571613,1,4.88031186737449,124,1,26.1200008392334,36.3209991455078,0.0990569964051247,0.0859740003943443,180.830703735352,-85.437,23.7506,63.584055127594,63,63,63,63,61,63,0.076629,8521,1.64861680440262,24,-85,0.001869,51,2024-01-29 09:13:59.000984,124,1.037,0.0011,"aoml_navis",1024.52468938013
"7901009",24,0.0453471054039688,1,0.097188,1,0.07476,1,185.708431977345,1,4.88017903642412,126,1,26.1520004272461,36.3600006103516,0.0971880033612251,0.0841049998998642,179.081100463867,-85.437,23.7506,63.584055127594,63,63,63,63,61,63,0.07476,8521,1.64861680440262,24,-85,0.001869,51,2024-01-29 09:13:59.000984,126,1.037,0.0011,"aoml_navis",1024.55257536282
"7901009",24,0.0498818159443657,1,0.104664,1,0.082236,1,183.959731991846,1,4.88010297562193,128,1,26.1620006561279,36.3740005493164,0.104663997888565,0.0915810018777847,177.394805908203,-85.437,23.7506,63.584055127594,63,63,63,63,61,63,0.082236,8521,1.64861680440262,24,-85,0.001869,51,2024-01-29 09:13:59.000984,128,1.037,0.0011,"aoml_navis",1024.56854393791
"7901009",24,0.0634859475655563,1,0.127092,1,0.104664,1,181.3590168523,1,4.87992134560989,130,1,26.2140007019043,36.435001373291,0.127092003822327,0.114009000360966,174.886901855469,-85.437,23.7506,63.584055127594,63,63,63,63,61,63,0.104664,8521,1.64861680440262,24,-85,0.001869,51,2024-01-29 09:13:59.000984,130,1.037,0.0011,"aoml_navis",1024.60667824045
"7901009",24,0.0714216910112509,1,0.140175,1,0.117747,1,179.683721979618,1,4.87976042111783,132,1,26.2320003509521,36.476001739502,0.140174999833107,0.127092003822327,173.271392822266,-85.437,23.7506,63.584055127594,63,63,63,63,61,63,0.117747,8521,1.64861680440262,24,-85,0.001869,51,2024-01-29 09:13:59.000984,132,1.037,0.0011,"aoml_navis",1024.6404676676
"7901009",24,0.066886980470854,1,0.132699,1,0.110271,1,177.585038315463,1,4.87954495161762,134.100006103516,1,26.2080001831055,36.5139999389648,0.132698997855186,0.119616001844406,171.247604370117,-85.437,23.7506,63.584055127594,63,63,63,63,61,63,0.110271,8521,1.64861680440262,24,-85,0.001869,51,2024-01-29 09:13:59.000984,134.100006103516,1.037,0.0011,"aoml_navis",1024.68571343778
"7901009",24,0.0861595002675407,1,0.164472,1,0.142044,1,174.351637245573,1,4.87933402714561,136,1,26.2509994506836,36.5800018310547,0.164471998810768,0.151389002799988,168.129592895508,-85.437,23.7506,63.584055127594,63,63,63,63,61,63,0.142044,8521,1.64861680440262,24,-85,0.001869,51,2024-01-29 09:13:59.000984,136,1.037,0.0011,"aoml_navis",1024.73000868214
"7901009",24,0.066886980470854,1,0.132699,1,0.110271,1,171.041207486483,1,4.87903169224624,138,1,26.1679992675781,36.6180000305176,0.132698997855186,0.119616001844406,164.937301635742,-85.437,23.7506,63.584055127594,63,63,63,63,61,63,0.110271,8521,1.64861680440262,24,-85,0.001869,51,2024-01-29 09:13:59.000984,138,1.037,0.0011,"aoml_navis",1024.7935072744
"7901009",24,0.0634859475655563,1,0.127092,1,0.104664,1,169.004931618179,1,4.87854519703771,140,1,26.0769996643066,36.7039985656738,0.127092003822327,0.114009000360966,162.973693847656,-85.437,23.7506,63.584055127594,63,63,63,63,61,63,0.104664,8521,1.64861680440262,24,-85,0.001869,51,2024-01-29 09:13:59.000984,140,1.037,0.0011,"aoml_navis",1024.89570108647
"7901009",24,0.0657533028357548,1,0.13083,1,0.108402,1,168.170876111264,1,4.87834855724697,142,1,26.0330009460449,36.7290000915527,0.130830004811287,0.117747001349926,162.169403076172,-85.437,23.7506,63.584055127594,63,63,63,63,61,63,0.108402,8521,1.64861680440262,24,-85,0.001869,51,2024-01-29 09:13:59.000984,142,1.037,0.0011,"aoml_navis",1024.93701327928
"7901009",24,0.0555502041198618,1,0.114009,1,0.091581,1,166.359008802988,1,4.8781758637766,144,1,25.9689998626709,36.7389984130859,0.114009000360966,0.100925996899605,160.42219543457,-85.437,23.7506,63.584055127594,63,63,63,63,61,63,0.091581,8521,1.64861680440262,24,-85,0.001869,51,2024-01-29 09:13:59.000984,144,1.037,0.0011,"aoml_navis",1024.9732973196
"7901009",24,0.0430797501337704,1,0.09345,1,0.071022,1,165.17973248419,1,4.87779897965326,146,1,25.8139991760254,36.7680015563965,0.0934500023722649,0.0803669989109039,159.285003662109,-85.437,23.7506,63.584055127594,63,63,63,63,61,63,0.071022,8521,1.64861680440262,24,-85,0.001869,51,2024-01-29 09:13:59.000984,146,1.037,0.0011,"aoml_navis",1025.05249208843
"7901009",24,0.0396787172284727,1,0.087843,1,0.065415,1,164.346278269426,1,4.87761804598976,148,1,25.7609996795654,36.7849998474121,0.0878430008888245,0.0747599974274635,158.481292724609,-85.437,23.7506,63.584055127594,63,63,63,63,61,63,0.065415,8521,1.64861680440262,24,-85,0.001869,51,2024-01-29 09:13:59.000984,148,1.037,0.0011,"aoml_navis",1025.09051607902
"7901009",24,0.0351440066880758,1,0.080367,1,0.057939,1,163.210453220255,1,4.87726833458253,150,1,25.6380004882812,36.8199996948242,0.0803669989109039,0.0672840029001236,157.386001586914,-85.437,23.7506,63.584055127594,63,63,63,63,61,63,0.057939,8521,1.64861680440262,24,-85,0.001869,51,2024-01-29 09:13:59.000984,150,1.037,0.0011,"aoml_navis",1025.16401743723
"7901009",24,0.0283419408774805,1,0.069153,1,0.046725,1,162.563146396562,1,4.87687466404184,152,1,25.4850006103516,36.8549995422363,0.0691530033946037,0.0560699999332428,156.761795043945,-85.437,23.7506,63.584055127594,63,63,63,63,61,63,0.046725,8521,1.64861680440262,24,-85,0.001869,51,2024-01-29 09:13:59.000984,152,1.037,0.0011,"aoml_navis",1025.24677061438
"7901009",24,0.0306092961476789,1,0.072891,1,0.050463,1,161.852181722284,1,4.8767141836308,154,1,25.4260005950928,36.8639984130859,0.0728909969329834,0.0598080009222031,156.076202392578,-85.437,23.7506,63.584055127594,63,63,63,63,61,63,0.050463,8521,1.64861680440262,24,-85,0.001869,51,2024-01-29 09:13:59.000984,154,1.037,0.0011,"aoml_navis",1025.28050890967
"7901009",24,0.0294756185125797,1,0.071022,1,0.048594,1,161.246253292645,1,4.87634033048476,156.100006103516,1,25.2700004577637,36.8919982910156,0.0710219964385033,0.0579390004277229,155.491897583008,-85.437,23.7506,63.584055127594,63,63,63,63,61,63,0.048594,8521,1.64861680440262,24,-85,0.001869,51,2024-01-29 09:13:59.000984,156.100006103516,1.037,0.0011,"aoml_navis",1025.35911383013
"7901009",24,0.0249409079721828,1,0.063546,1,0.041118,1,160.195036378466,1,4.87602381245337,158,1,25.1350002288818,36.9140014648438,0.0635460019111633,0.0504629984498024,154.47819519043,-85.437,23.7506,63.584055127594,63,63,63,63,61,63,0.041118,8521,1.64861680440262,24,-85,0.001869,51,2024-01-29 09:13:59.000984,158,1.037,0.0011,"aoml_navis",1025.425673113
"7901009",24,0.0181388421615875,1,0.052332,1,0.029904,1,159.10710899614,1,4.87562352562719,160,1,24.9559993743896,36.9410018920898,0.0523319989442825,0.0392489992082119,153.429092407227,-85.437,23.7506,63.584055127594,63,63,63,63,61,63,0.029904,8521,1.64861680440262,24,-85,0.001869,51,2024-01-29 09:13:59.000984,160,1.037,0.0011,"aoml_navis",1025.50986016846
"7901009",24,0.0147378092562899,1,0.046725,1,0.024297,1,157.481404902412,1,4.8753730587064,162,1,24.8419990539551,36.9529991149902,0.0467250011861324,0.0336420014500618,151.861404418945,-85.437,23.7506,63.584055127594,63,63,63,63,61,63,0.024297,8521,1.64861680440262,24,-85,0.001869,51,2024-01-29 09:13:59.000984,162,1.037,0.0011,"aoml_navis",1025.56254460795
"7901009",24,0.00906942108079376,1,0.03738,1,0.014952,1,156.022954967441,1,4.87503504931363,164,1,24.6650009155273,36.9640007019043,0.0373799987137318,0.0242970008403063,150.455001831055,-85.437,23.7506,63.584055127594,63,63,63,63,61,63,0.014952,8521,1.64861680440262,24,-85,0.001869,51,2024-01-29 09:13:59.000984,164,1.037,0.0011,"aoml_navis",1025.63365174246
"7901009",24,0.00793574344569454,1,0.035511,1,0.013083,1,154.750019484435,1,4.87486894812609,166,1,24.5960006713867,36.9710006713867,0.0355109982192516,0.0224280003458261,149.227493286133,-85.437,23.7506,63.584055127594,63,63,63,63,61,63,0.013083,8521,1.64861680440262,24,-85,0.001869,51,2024-01-29 09:13:59.000984,166,1.037,0.0011,"aoml_navis",1025.66859811114
"7901009",24,0.0056683881754961,1,0.031773,1,0.009345,1,153.110311612987,1,4.87448567167402,168,1,24.3990001678467,36.9869995117188,0.0317730009555817,0.0186899993568659,147.646301269531,-85.437,23.7506,63.584055127594,63,63,63,63,61,63,0.009345,8521,1.64861680440262,24,-85,0.001869,51,2024-01-29 09:13:59.000984,168,1.037,0.0011,"aoml_navis",1025.74924551637
"7901009",24,0.00340103290529766,1,0.028035,1,0.005607,1,152.338568961057,1,4.87380144160897,170,1,24.0160007476807,37.0130004882812,0.0280349999666214,0.0149520002305508,146.902099609375,-85.437,23.7506,63.584055127594,63,63,63,63,61,63,0.005607,8521,1.64861680440262,24,-85,0.001869,51,2024-01-29 09:13:59.000984,170,1.037,0.0011,"aoml_navis",1025.89324983854
"7901009",24,0,1,0.022428,1,0,1,152.060550458752,1,4.87360135623504,172,1,23.9169998168945,37.0180015563965,0.0224280003458261,0.00934499967843294,146.634002685547,-85.437,23.7506,63.584055127594,63,63,63,63,61,63,0,8521,1.64861680440262,24,-85,0.001869,51,2024-01-29 09:13:59.000984,172,1.037,0.0011,"aoml_navis",1025.9353678165
"7901009",24,-0.00113367763509922,1,0.020559,1,-0.001869,1,151.661719704592,1,4.873535635449,174,1,23.8969993591309,37.0169982910156,0.020558999851346,0.00747600011527538,146.249404907227,-85.437,23.7506,63.584055127594,63,63,63,63,61,63,-0.001869,8521,1.64861680440262,24,-85,0.001869,51,2024-01-29 09:13:59.000984,174,1.037,0.0011,"aoml_navis",1025.94920279871
"7901009",24,-0.00113367763509922,1,0.020559,1,-0.001869,1,151.02033086154,1,4.87334316470786,176,1,23.7980003356934,37.0200004577637,0.020558999851346,0.00747600011527538,145.630905151367,-85.437,23.7506,63.584055127594,63,63,63,63,61,63,-0.001869,8521,1.64861680440262,24,-85,0.001869,51,2024-01-29 09:13:59.000984,176,1.037,0.0011,"aoml_navis",1025.98972225255
"7901009",24,-0.00113367763509922,1,0.020559,1,-0.001869,1,150.690142353424,1,4.87310355014816,178,1,23.6679992675781,37.023998260498,0.020558999851346,0.00747600011527538,145.3125,-85.437,23.7506,63.584055127594,63,63,63,63,61,63,-0.001869,8521,1.64861680440262,24,-85,0.001869,51,2024-01-29 09:13:59.000984,178,1.037,0.0011,"aoml_navis",1026.0401710216
"7901009",24,-0.00226735527019844,1,0.01869,1,-0.003738,1,150.46584455774,1,4.8729778118951,180,1,23.6079998016357,37.023998260498,0.0186899993568659,0.00560700008645654,145.096206665039,-85.437,23.7506,63.584055127594,63,63,63,63,61,63,-0.003738,8521,1.64861680440262,24,-85,0.001869,51,2024-01-29 09:13:59.000984,180,1.037,0.0011,"aoml_navis",1026.06664610597
"7901009",24,-0.00226735527019844,1,0.01869,1,-0.003738,1,150.062962993301,1,4.87287055769574,182,1,23.5610008239746,37.023998260498,0.0186899993568659,0.00560700008645654,144.707702636719,-85.437,23.7506,63.584055127594,63,63,63,63,61,63,-0.003738,8521,1.64861680440262,24,-85,0.001869,51,2024-01-29 09:13:59.000984,182,1.037,0.0011,"aoml_navis",1026.08923032102
"7901009",24,-0.00113367763509922,1,0.020559,1,-0.001869,1,149.523097582849,1,4.87274018567151,184,1,23.4950008392334,37.0229988098145,0.020558999851346,0.00747600011527538,144.187103271484,-85.437,23.7506,63.584055127594,63,63,63,63,61,63,-0.001869,8521,1.64861680440262,24,-85,0.001869,51,2024-01-29 09:13:59.000984,184,1.037,0.0011,"aoml_navis",1026.11668373017
"7901009",24,-0.00113367763509922,1,0.020559,1,-0.001869,1,149.252231292442,1,4.87247443130191,186,1,23.3299999237061,37.0209999084473,0.020558999851346,0.00747600011527538,143.925903320312,-85.437,23.7506,63.584055127594,63,63,63,63,61,63,-0.001869,8521,1.64861680440262,24,-85,0.001869,51,2024-01-29 09:13:59.000984,186,1.037,0.0011,"aoml_navis",1026.17265015878
"7901009",24,-0.00340103290529766,1,0.016821,1,-0.005607,1,148.75747861677,1,4.87229800421258,188,1,23.2229995727539,37.0169982910156,0.0168210007250309,0.00373800005763769,143.448806762695,-85.437,23.7506,63.584055127594,63,63,63,63,61,63,-0.005607,8521,1.64861680440262,24,-85,0.001869,51,2024-01-29 09:13:59.000984,188,1.037,0.0011,"aoml_navis",1026.20980811868
"7901009",24,-0.00226735527019844,1,0.01869,1,-0.003738,1,148.608975279028,1,4.87195143596956,190,1,22.9909992218018,37.0120010375977,0.0186899993568659,0.00560700008645654,143.305603027344,-85.437,23.7506,63.584055127594,63,63,63,63,61,63,-0.003738,8521,1.64861680440262,24,-85,0.001869,51,2024-01-29 09:13:59.000984,190,1.037,0.0011,"aoml_navis",1026.28280796994
"7901009",24,-0.00340103290529766,1,0.016821,1,-0.005607,1,148.468763443574,1,4.87173919309314,192,1,22.8519992828369,37.0060005187988,0.0168210007250309,0.00373800005763769,143.170394897461,-85.437,23.7506,63.584055127594,63,63,63,63,61,63,-0.005607,8521,1.64861680440262,24,-85,0.001869,51,2024-01-29 09:13:59.000984,192,1.037,0.0011,"aoml_navis",1026.32751915142
"7901009",24,-0.00226735527019844,1,0.01869,1,-0.003738,1,148.308867201924,1,4.87152353019605,194,1,22.7099990844727,37,0.0186899993568659,0.00560700008645654,143.016204833984,-85.437,23.7506,63.584055127594,63,63,63,63,61,63,-0.003738,8521,1.64861680440262,24,-85,0.001869,51,2024-01-29 09:13:59.000984,194,1.037,0.0011,"aoml_navis",1026.37295478665
"7901009",24,-0.00340103290529766,1,0.016821,1,-0.005607,1,148.255241436169,1,4.87134575737006,196,1,22.5949993133545,36.9939994812012,0.0168210007250309,0.00373800005763769,142.964492797852,-85.437,23.7506,63.584055127594,63,63,63,63,61,63,-0.005607,8521,1.64861680440262,24,-85,0.001869,51,2024-01-29 09:13:59.000984,196,1.037,0.0011,"aoml_navis",1026.41041080594
"7901009",24,-0.00340103290529766,1,0.016821,1,-0.005607,1,148.095962310147,1,4.87122027917775,198,1,22.5230007171631,36.9900016784668,0.0168210007250309,0.00373800005763769,142.810897827148,-85.437,23.7506,63.584055127594,63,63,63,63,61,63,-0.005607,8521,1.64861680440262,24,-85,0.001869,51,2024-01-29 09:13:59.000984,198,1.037,0.0011,"aoml_navis",1026.43685020214
"7901009",24,-0.00226735527019844,1,0.01869,1,-0.003738,1,147.774286833007,1,4.87113287688462,200,1,22.4759998321533,36.9850006103516,0.0186899993568659,0.00560700008645654,142.500701904297,-85.437,23.7506,63.584055127594,63,63,63,63,61,63,-0.003738,8521,1.64861680440262,24,-85,0.001869,51,2024-01-29 09:13:59.000984,200,1.037,0.0011,"aoml_navis",1026.45526746497
"7901009",24,-0.00453471054039688,1,0.014952,1,-0.007476,1,147.395979129358,1,4.87093088708078,202,1,22.3320007324219,36.9749984741211,0.0149520002305508,0.00186900002881885,142.135894775391,-85.437,23.7506,63.584055127594,63,63,63,63,61,63,-0.007476,8521,1.64861680440262,24,-85,0.001869,51,2024-01-29 09:13:59.000984,202,1.037,0.0011,"aoml_navis",1026.49783294227
"7901009",24,-0.00226735527019844,1,0.01869,1,-0.003738,1,147.293316406367,1,4.8706340059332,204,1,22.1070003509521,36.9609985351562,0.0186899993568659,0.00560700008645654,142.036895751953,-85.437,23.7506,63.584055127594,63,63,63,63,61,63,-0.003738,8521,1.64861680440262,24,-85,0.001869,51,2024-01-29 09:13:59.000984,204,1.037,0.0011,"aoml_navis",1026.56040135826
"7901009",24,-0.00453471054039688,1,0.014952,1,-0.007476,1,147.305247308515,1,4.87035391182009,206,1,21.8850002288818,36.9440002441406,0.0149520002305508,0.00186900002881885,142.048400878906,-85.437,23.7506,63.584055127594,63,63,63,63,61,63,-0.007476,8521,1.64861680440262,24,-85,0.001869,51,2024-01-29 09:13:59.000984,206,1.037,0.0011,"aoml_navis",1026.61943885952
"7901009",24,-0.00453471054039688,1,0.014952,1,-0.007476,1,147.469194360443,1,4.87011141515177,208,1,21.6949996948242,36.9290008544922,0.0149520002305508,0.00186900002881885,142.206497192383,-85.437,23.7506,63.584055127594,63,63,63,63,61,63,-0.007476,8521,1.64861680440262,24,-85,0.001869,51,2024-01-29 09:13:59.000984,208,1.037,0.0011,"aoml_navis",1026.67055715484
"7901009",24,-0.0056683881754961,1,0.013083,1,-0.009345,1,147.401786345656,1,4.87005041811118,210,1,21.6720008850098,36.9259986877441,0.0130829997360706,0,142.141494750977,-85.437,23.7506,63.584055127594,63,63,63,63,61,63,-0.009345,8521,1.64861680440262,24,-85,0.001869,51,2024-01-29 09:13:59.000984,210,1.037,0.0011,"aoml_navis",1026.6834161317
"7901009",24,-0.00453471054039688,1,0.014952,1,-0.007476,1,147.72336688193,1,4.86987057666627,212,1,21.5440006256104,36.9169998168945,0.0149520002305508,0.00186900002881885,142.451599121094,-85.437,23.7506,63.584055127594,63,63,63,63,61,63,-0.007476,8521,1.64861680440262,24,-85,0.001869,51,2024-01-29 09:13:59.000984,212,1.037,0.0011,"aoml_navis",1026.72133094404
"7901009",24,-0.00340103290529766,1,0.016821,1,-0.005607,1,148.662901690858,1,4.86967025188202,214,1,21.3920001983643,36.9049987792969,0.0168210007250309,0.00373800005763769,143.357604980469,-85.437,23.7506,63.584055127594,63,63,63,63,61,63,-0.005607,8521,1.64861680440262,24,-85,0.001869,51,2024-01-29 09:13:59.000984,214,1.037,0.0011,"aoml_navis",1026.76356742381
"7901009",24,-0.00226735527019844,1,0.01869,1,-0.003738,1,149.119187492364,1,4.8694494938833,216,1,21.2129993438721,36.8889999389648,0.0186899993568659,0.00560700008645654,143.797607421875,-85.437,23.7506,63.584055127594,63,63,63,63,61,63,-0.003738,8521,1.64861680440262,24,-85,0.001869,51,2024-01-29 09:13:59.000984,216,1.037,0.0011,"aoml_navis",1026.81011606768
"7901009",24,-0.0056683881754961,1,0.013083,1,-0.009345,1,149.370448493963,1,4.86925630911354,218,1,21.0540008544922,36.8730010986328,0.0130829997360706,0,144.039901733398,-85.437,23.7506,63.584055127594,63,63,63,63,61,63,-0.009345,8521,1.64861680440262,24,-85,0.001869,51,2024-01-29 09:13:59.000984,218,1.037,0.0011,"aoml_navis",1026.85085413182
"7901009",24,-0.00340103290529766,1,0.016821,1,-0.005607,1,149.064833846637,1,4.8691576441797,220,1,20.9909992218018,36.8660011291504,0.0168210007250309,0.00373800005763769,143.745193481445,-85.437,23.7506,63.584055127594,63,63,63,63,61,63,-0.005607,8521,1.64861680440262,24,-85,0.001869,51,2024-01-29 09:13:59.000984,220,1.037,0.0011,"aoml_navis",1026.87166146216
"7901009",24,-0.00226735527019844,1,0.01869,1,-0.003738,1,148.882009385873,1,4.86903062338119,222,1,20.886999130249,36.8520011901855,0.0186899993568659,0.00560700008645654,143.568893432617,-85.437,23.7506,63.584055127594,63,63,63,63,61,63,-0.003738,8521,1.64861680440262,24,-85,0.001869,51,2024-01-29 09:13:59.000984,222,1.037,0.0011,"aoml_navis",1026.89844996864
"7901009",24,-0.00226735527019844,1,0.01869,1,-0.003738,1,149.104978009434,1,4.8688450573845,224,1,20.7240009307861,36.8330001831055,0.0186899993568659,0.00560700008645654,143.783905029297,-85.437,23.7506,63.584055127594,63,63,63,63,61,63,-0.003738,8521,1.64861680440262,24,-85,0.001869,51,2024-01-29 09:13:59.000984,224,1.037,0.0011,"aoml_navis",1026.93758808705
"7901009",24,-0.00226735527019844,1,0.01869,1,-0.003738,1,149.608655126501,1,4.86863401286161,226,1,20.5349998474121,36.8120002746582,0.0186899993568659,0.00560700008645654,144.269607543945,-85.437,23.7506,63.584055127594,63,63,63,63,61,63,-0.003738,8521,1.64861680440262,24,-85,0.001869,51,2024-01-29 09:13:59.000984,226,1.037,0.0011,"aoml_navis",1026.98210356157
"7901009",24,0,1,0.022428,1,0,1,150.054766431879,1,4.86847160692444,228,1,20.3910007476807,36.7939987182617,0.0224280003458261,0.00934499967843294,144.699798583984,-85.437,23.7506,63.584055127594,63,63,63,63,61,63,0,8521,1.64861680440262,24,-85,0.001869,51,2024-01-29 09:13:59.000984,228,1.037,0.0011,"aoml_navis",1027.01636236072
"7901009",24,0,1,0.022428,1,0,1,150.233128671946,1,4.86841269286429,230,1,20.3659992218018,36.7900009155273,0.0224280003458261,0.00934499967843294,144.871795654297,-85.437,23.7506,63.584055127594,63,63,63,63,61,63,0,8521,1.64861680440262,24,-85,0.001869,51,2024-01-29 09:13:59.000984,230,1.037,0.0011,"aoml_navis",1027.02879058067
"7901009",24,-0.00226735527019844,1,0.01869,1,-0.003738,1,150.616610652786,1,4.8682778635821,232,1,20.2679996490479,36.7809982299805,0.0186899993568659,0.00560700008645654,145.241592407227,-85.437,23.7506,63.584055127594,63,63,63,63,61,63,-0.003738,8521,1.64861680440262,24,-85,0.001869,51,2024-01-29 09:13:59.000984,232,1.037,0.0011,"aoml_navis",1027.05723463389
"7901009",24,-0.00340103290529766,1,0.016821,1,-0.005607,1,150.734732913441,1,4.8681818857368,234,1,20.2000007629395,36.7719993591309,0.0168210007250309,0.00373800005763769,145.355499267578,-85.437,23.7506,63.584055127594,63,63,63,63,61,63,-0.005607,8521,1.64861680440262,24,-85,0.001869,51,2024-01-29 09:13:59.000984,234,1.037,0.0011,"aoml_navis",1027.07748341314
"7901009",24,-0.00226735527019844,1,0.01869,1,-0.003738,1,150.728514286724,1,4.86810601166644,236,1,20.1560001373291,36.765998840332,0.0186899993568659,0.00560700008645654,145.349502563477,-85.437,23.7506,63.584055127594,63,63,63,63,61,63,-0.003738,8521,1.64861680440262,24,-85,0.001869,51,2024-01-29 09:13:59.000984,236,1.037,0.0011,"aoml_navis",1027.09349139429
"7901009",24,-0.00226735527019844,1,0.01869,1,-0.003738,1,150.943586994939,1,4.86802078846832,238,1,20.0990009307861,36.757999420166,0.0186899993568659,0.00560700008645654,145.556900024414,-85.437,23.7506,63.584055127594,63,63,63,63,61,63,-0.003738,8521,1.64861680440262,24,-85,0.001869,51,2024-01-29 09:13:59.000984,238,1.037,0.0011,"aoml_navis",1027.11147245803
"7901009",24,-0.00340103290529766,1,0.016821,1,-0.005607,1,151.355076531219,1,4.86789268246656,240,1,19.9969997406006,36.7459983825684,0.0168210007250309,0.00373800005763769,145.953704833984,-85.437,23.7506,63.584055127594,63,63,63,63,61,63,-0.005607,8521,1.64861680440262,24,-85,0.001869,51,2024-01-29 09:13:59.000984,240,1.037,0.0011,"aoml_navis",1027.13850245903
"7901009",24,-0.00113367763509922,1,0.020559,1,-0.001869,1,151.616606969813,1,4.86779995173315,242,1,19.9309997558594,36.7369995117188,0.020558999851346,0.00747600011527538,146.205902099609,-85.437,23.7506,63.584055127594,63,63,63,63,61,63,-0.001869,8521,1.64861680440262,24,-85,0.001869,51,2024-01-29 09:13:59.000984,242,1.037,0.0011,"aoml_navis",1027.15806926696
"7901009",24,-0.00453471054039688,1,0.014952,1,-0.007476,1,152.065313325525,1,4.86772706638699,244,1,19.8889999389648,36.7309989929199,0.0149520002305508,0.00186900002881885,146.638595581055,-85.437,23.7506,63.584055127594,63,63,63,63,61,63,-0.007476,8521,1.64861680440262,24,-85,0.001869,51,2024-01-29 09:13:59.000984,244,1.037,0.0011,"aoml_navis",1027.17344908805
"7901009",24,-0.00453471054039688,1,0.014952,1,-0.007476,1,152.5308242145,1,4.86763099485568,246,1,19.8229999542236,36.7229995727539,0.0149520002305508,0.00186900002881885,147.087493896484,-85.437,23.7506,63.584055127594,63,63,63,63,61,63,-0.007476,8521,1.64861680440262,24,-85,0.001869,51,2024-01-29 09:13:59.000984,246,1.037,0.0011,"aoml_navis",1027.19372222015
"7901009",24,-0.00226735527019844,1,0.01869,1,-0.003738,1,153.000069444202,1,4.86749385217771,248,1,19.7129993438721,36.7109985351562,0.0186899993568659,0.00560700008645654,147.539993286133,-85.437,23.7506,63.584055127594,63,63,63,63,61,63,-0.003738,8521,1.64861680440262,24,-85,0.001869,51,2024-01-29 09:13:59.000984,248,1.037,0.0011,"aoml_navis",1027.22266362247
"7901009",24,-0.00226735527019844,1,0.01869,1,-0.003738,1,153.402745303431,1,4.86740562514303,250,1,19.6499996185303,36.7019996643066,0.0186899993568659,0.00560700008645654,147.928298950195,-85.437,23.7506,63.584055127594,63,63,63,63,61,63,-0.003738,8521,1.64861680440262,24,-85,0.001869,51,2024-01-29 09:13:59.000984,250,1.037,0.0011,"aoml_navis",1027.2412831534
"7901009",24,-0.0056683881754961,1,0.013083,1,-0.009345,1,153.751083340411,1,4.86731914698956,252,1,19.5939998626709,36.6949996948242,0.0130829997360706,0,148.264205932617,-85.437,23.7506,63.584055127594,63,63,63,63,61,63,-0.009345,8521,1.64861680440262,24,-85,0.001869,51,2024-01-29 09:13:59.000984,252,1.037,0.0011,"aoml_navis",1027.25953425357
"7901009",24,-0.00453471054039688,1,0.014952,1,-0.007476,1,154.5787145154,1,4.86718251591879,254,1,19.4750003814697,36.6800003051758,0.0149520002305508,0.00186900002881885,149.062301635742,-85.437,23.7506,63.584055127594,63,63,63,63,61,63,-0.007476,8521,1.64861680440262,24,-85,0.001869,51,2024-01-29 09:13:59.000984,254,1.037,0.0011,"aoml_navis",1027.28837138258
"7901009",24,-0.00453471054039688,1,0.014952,1,-0.007476,1,155.036962428134,1,4.86708358711979,256,1,19.4029998779297,36.6710014343262,0.0149520002305508,0.00186900002881885,149.504196166992,-85.437,23.7506,63.584055127594,63,63,63,63,61,63,-0.007476,8521,1.64861680440262,24,-85,0.001869,51,2024-01-29 09:13:59.000984,256,1.037,0.0011,"aoml_navis",1027.30925214269
"7901009",24,-0.00453471054039688,1,0.014952,1,-0.007476,1,155.461727862162,1,4.86702419439609,258,1,19.3740005493164,36.6660003662109,0.0149520002305508,0.00186900002881885,149.913803100586,-85.437,23.7506,63.584055127594,63,63,63,63,61,63,-0.007476,8521,1.64861680440262,24,-85,0.001869,51,2024-01-29 09:13:59.000984,258,1.037,0.0011,"aoml_navis",1027.32178848772
"7901009",24,-0.00340103290529766,1,0.016821,1,-0.005607,1,155.931495266626,1,4.86693607699964,260,1,19.32200050354,36.6609992980957,0.0168210007250309,0.00373800005763769,150.366806030273,-85.437,23.7506,63.584055127594,63,63,63,63,61,63,-0.005607,8521,1.64861680440262,24,-85,0.001869,51,2024-01-29 09:13:59.000984,260,1.037,0.0011,"aoml_navis",1027.34038846929
"7901009",24,-0.0056683881754961,1,0.013083,1,-0.009345,1,156.245290651897,1,4.86687177405298,262,1,19.2889995574951,36.6559982299805,0.0130829997360706,0,150.669403076172,-85.437,23.7506,63.584055127594,63,63,63,63,61,63,-0.009345,8521,1.64861680440262,24,-85,0.001869,51,2024-01-29 09:13:59.000984,262,1.037,0.0011,"aoml_navis",1027.35396207822
"7901009",24,-0.00226735527019844,1,0.01869,1,-0.003738,1,156.37304941044,1,4.86681799848319,264,1,19.2759990692139,36.6549987792969,0.0186899993568659,0.00560700008645654,150.792602539062,-85.437,23.7506,63.584055127594,63,63,63,63,61,63,-0.003738,8521,1.64861680440262,24,-85,0.001869,51,2024-01-29 09:13:59.000984,264,1.037,0.0011,"aoml_navis",1027.36531375497
"7901009",24,-0.00340103290529766,1,0.016821,1,-0.005607,1,156.413794865388,1,4.86677421345089,266,1,19.2709999084473,36.6539993286133,0.0168210007250309,0.00373800005763769,150.831893920898,-85.437,23.7506,63.584055127594,63,63,63,63,61,63,-0.005607,8521,1.64861680440262,24,-85,0.001869,51,2024-01-29 09:13:59.000984,266,1.037,0.0011,"aoml_navis",1027.37455667882
"7901009",24,-0.00340103290529766,1,0.016821,1,-0.005607,1,156.397939740783,1,4.86672918109863,268,1,19.2649993896484,36.6529998779297,0.0168210007250309,0.00373800005763769,150.816604614258,-85.437,23.7506,63.584055127594,63,63,63,63,61,63,-0.005607,8521,1.64861680440262,24,-85,0.001869,51,2024-01-29 09:13:59.000984,268,1.037,0.0011,"aoml_navis",1027.38406308265
"7901009",24,-0.00340103290529766,1,0.016821,1,-0.005607,1,156.398873325965,1,4.8666854005951,270,1,19.2600002288818,36.6520004272461,0.0168210007250309,0.00373800005763769,150.817504882812,-85.437,23.7506,63.584055127594,63,63,63,63,61,63,-0.005607,8521,1.64861680440262,24,-85,0.001869,51,2024-01-29 09:13:59.000984,270,1.037,0.0011,"aoml_navis",1027.39330538781
"7901009",24,-0.00226735527019844,1,0.01869,1,-0.003738,1,156.405408422234,1,4.86661007875702,272,1,19.2210006713867,36.6479988098145,0.0186899993568659,0.00560700008645654,150.823806762695,-85.437,23.7506,63.584055127594,63,63,63,63,61,63,-0.003738,8521,1.64861680440262,24,-85,0.001869,51,2024-01-29 09:13:59.000984,272,1.037,0.0011,"aoml_navis",1027.40920663137
"7901009",24,-0.00453471054039688,1,0.014952,1,-0.007476,1,156.394300340924,1,4.86655085964102,274,1,19.1919994354248,36.6430015563965,0.0149520002305508,0.00186900002881885,150.813095092773,-85.437,23.7506,63.584055127594,63,63,63,63,61,63,-0.007476,8521,1.64861680440262,24,-85,0.001869,51,2024-01-29 09:13:59.000984,274,1.037,0.0011,"aoml_navis",1027.42170876415
"7901009",24,-0.00226735527019844,1,0.01869,1,-0.003738,1,156.29454913782,1,4.86650834947468,276,1,19.1879997253418,36.6419982910156,0.0186899993568659,0.00560700008645654,150.716903686523,-85.437,23.7506,63.584055127594,63,63,63,63,61,63,-0.003738,8521,1.64861680440262,24,-85,0.001869,51,2024-01-29 09:13:59.000984,276,1.037,0.0011,"aoml_navis",1027.43068354947
"7901009",24,-0.0056683881754961,1,0.013083,1,-0.009345,1,156.117009718591,1,4.86646582755469,278,1,19.1840000152588,36.640998840332,0.0130829997360706,0,150.545700073242,-85.437,23.7506,63.584055127594,63,63,63,63,61,63,-0.009345,8521,1.64861680440262,24,-85,0.001869,51,2024-01-29 09:13:59.000984,278,1.037,0.0011,"aoml_navis",1027.43966097311
"7901009",24,-0.00340103290529766,1,0.016821,1,-0.005607,1,156.012068414818,1,4.8664180853409,280,1,19.1700000762939,36.6380004882812,0.0168210007250309,0.00373800005763769,150.44450378418,-85.437,23.7506,63.584055127594,63,63,63,63,61,63,-0.005607,8521,1.64861680440262,24,-85,0.001869,51,2024-01-29 09:13:59.000984,280,1.037,0.0011,"aoml_navis",1027.44974071617
"7901009",24,-0.00113367763509922,1,0.020559,1,-0.001869,1,155.975880121433,1,4.86636538849067,282,1,19.1520004272461,36.6349983215332,0.020558999851346,0.00747600011527538,150.409606933594,-85.437,23.7506,63.584055127594,63,63,63,63,61,63,-0.001869,8521,1.64861680440262,24,-85,0.001869,51,2024-01-29 09:13:59.000984,282,1.037,0.0011,"aoml_navis",1027.46086675394
"7901009",24,-0.00340103290529766,1,0.016821,1,-0.005607,1,155.936368897742,1,4.86629629877635,284,1,19.1149997711182,36.6300010681152,0.0168210007250309,0.00373800005763769,150.371505737305,-85.437,23.7506,63.584055127594,63,63,63,63,61,63,-0.005607,8521,1.64861680440262,24,-85,0.001869,51,2024-01-29 09:13:59.000984,284,1.037,0.0011,"aoml_navis",1027.47545422938
"7901009",24,-0.00453471054039688,1,0.014952,1,-0.007476,1,156.227869003004,1,4.86619563623498,286,1,19.0349998474121,36.6189994812012,0.0149520002305508,0.00186900002881885,150.652603149414,-85.437,23.7506,63.584055127594,63,63,63,63,61,63,-0.007476,8521,1.64861680440262,24,-85,0.001869,51,2024-01-29 09:13:59.000984,286,1.037,0.0011,"aoml_navis",1027.49670867498
"7901009",24,-0.00453471054039688,1,0.014952,1,-0.007476,1,156.320990168973,1,4.86612281024352,288,1,18.9890003204346,36.6119995117188,0.0149520002305508,0.00186900002881885,150.742401123047,-85.437,23.7506,63.584055127594,63,63,63,63,61,63,-0.007476,8521,1.64861680440262,24,-85,0.001869,51,2024-01-29 09:13:59.000984,288,1.037,0.0011,"aoml_navis",1027.51208610573
"7901009",24,-0.00226735527019844,1,0.01869,1,-0.003738,1,156.018904157163,1,4.86607392647057,290,1,18.9740009307861,36.609001159668,0.0186899993568659,0.00560700008645654,150.451095581055,-85.437,23.7506,63.584055127594,63,63,63,63,61,63,-0.003738,8521,1.64861680440262,24,-85,0.001869,51,2024-01-29 09:13:59.000984,290,1.037,0.0011,"aoml_navis",1027.52240832202
"7901009",24,-0.00453471054039688,1,0.014952,1,-0.007476,1,156.199560801489,1,4.86596127031456,292,1,18.8810005187988,36.5970001220703,0.0149520002305508,0.00186900002881885,150.625305175781,-85.437,23.7506,63.584055127594,63,63,63,63,61,63,-0.007476,8521,1.64861680440262,24,-85,0.001869,51,2024-01-29 09:13:59.000984,292,1.037,0.0011,"aoml_navis",1027.54619739848
"7901009",24,-0.00453471054039688,1,0.014952,1,-0.007476,1,156.204845843024,1,4.86590750957695,294,1,18.8619995117188,36.5940017700195,0.0149520002305508,0.00186900002881885,150.630401611328,-85.437,23.7506,63.584055127594,63,63,63,63,61,63,-0.007476,8521,1.64861680440262,24,-85,0.001869,51,2024-01-29 09:13:59.000984,294,1.037,0.0011,"aoml_navis",1027.55755019164
"7901009",24,-0.00453471054039688,1,0.014952,1,-0.007476,1,156.125206280013,1,4.86584753494192,296,1,18.8349990844727,36.5900001525879,0.0149520002305508,0.00186900002881885,150.553604125977,-85.437,23.7506,63.584055127594,63,63,63,63,61,63,-0.007476,8521,1.64861680440262,24,-85,0.001869,51,2024-01-29 09:13:59.000984,296,1.037,0.0011,"aoml_navis",1027.57021548553
"7901009",24,-0.0056683881754961,1,0.013083,1,-0.009345,1,155.9909124252,1,4.86578751059989,298,1,18.8050003051758,36.5849990844727,0.0130829997360706,0,150.424102783203,-85.437,23.7506,63.584055127594,63,63,63,63,61,63,-0.009345,8521,1.64861680440262,24,-85,0.001869,51,2024-01-29 09:13:59.000984,298,1.037,0.0011,"aoml_navis",1027.58289158903
"7901009",24,-0.00680206581059532,1,0.011214,1,-0.011214,1,155.459544222247,1,4.86573249634604,300,1,18.7819995880127,36.5810012817383,0.0112140001729131,-0.00186900002881885,149.911697387695,-85.437,23.7506,63.584055127594,63,63,63,63,61,63,-0.011214,8521,1.64861680440262,24,-85,0.001869,51,2024-01-29 09:13:59.000984,300,1.037,0.0011,"aoml_navis",1027.59450992318
"7901009",24,-0.00113367763509922,1,0.020559,1,-0.001869,1,154.520120177663,1,4.86568604686244,302,1,18.7630004882812,36.576000213623,0.020558999851346,0.00747600011527538,149.005798339844,-85.437,23.7506,63.584055127594,63,63,63,63,61,63,-0.001869,8521,1.64861680440262,24,-85,0.001869,51,2024-01-29 09:13:59.000984,302,1.037,0.0011,"aoml_navis",1027.6043196877
"7901009",24,-0.00226735527019844,1,0.01869,1,-0.003738,1,153.544096429275,1,4.86557658320148,304,1,18.6720008850098,36.5639991760254,0.0186899993568659,0.00560700008645654,148.064605712891,-85.437,23.7506,63.584055127594,63,63,63,63,61,63,-0.003738,8521,1.64861680440262,24,-85,0.001869,51,2024-01-29 09:13:59.000984,304,1.037,0.0011,"aoml_navis",1027.62743829017
"7901009",24,-0.00226735527019844,1,0.01869,1,-0.003738,1,152.791943242675,1,4.8654881670685,306,1,18.5949993133545,36.5509986877441,0.0186899993568659,0.00560700008645654,147.339294433594,-85.437,23.7506,63.584055127594,63,63,63,63,61,63,-0.003738,8521,1.64861680440262,24,-85,0.001869,51,2024-01-29 09:13:59.000984,306,1.037,0.0011,"aoml_navis",1027.64611243779
"7901009",24,-0.00340103290529766,1,0.016821,1,-0.005607,1,152.432623712207,1,4.86541596479275,308,1,18.5400009155273,36.5410003662109,0.0168210007250309,0.00373800005763769,146.992797851562,-85.437,23.7506,63.584055127594,63,63,63,63,61,63,-0.005607,8521,1.64861680440262,24,-85,0.001869,51,2024-01-29 09:13:59.000984,308,1.037,0.0011,"aoml_navis",1027.66136260109
"7901009",24,-0.00226735527019844,1,0.01869,1,-0.003738,1,152.608295961073,1,4.86532433099224,310,1,18.4629993438721,36.5289993286133,0.0186899993568659,0.00560700008645654,147.162200927734,-85.437,23.7506,63.584055127594,63,63,63,63,61,63,-0.003738,8521,1.64861680440262,24,-85,0.001869,51,2024-01-29 09:13:59.000984,310,1.037,0.0011,"aoml_navis",1027.68071763477
"7901009",24,-0.00340103290529766,1,0.016821,1,-0.005607,1,152.920018470772,1,4.86526715215432,312,1,18.4349994659424,36.523998260498,0.0168210007250309,0.00373800005763769,147.462799072266,-85.437,23.7506,63.584055127594,63,63,63,63,61,63,-0.005607,8521,1.64861680440262,24,-85,0.001869,51,2024-01-29 09:13:59.000984,312,1.037,0.0011,"aoml_navis",1027.69279540714
"7901009",24,-0.00340103290529766,1,0.016821,1,-0.005607,1,153.529475535927,1,4.86519173849694,314,1,18.3889999389648,36.5180015563965,0.0168210007250309,0.00373800005763769,148.050506591797,-85.437,23.7506,63.584055127594,63,63,63,63,61,63,-0.005607,8521,1.64861680440262,24,-85,0.001869,51,2024-01-29 09:13:59.000984,314,1.037,0.0011,"aoml_navis",1027.70872531834
"7901009",24,-0.00453471054039688,1,0.014952,1,-0.007476,1,153.674023004257,1,4.86510306163105,316,1,18.3290004730225,36.5110015869141,0.0149520002305508,0.00186900002881885,148.189895629883,-85.437,23.7506,63.584055127594,63,63,63,63,61,63,-0.007476,8521,1.64861680440262,24,-85,0.001869,51,2024-01-29 09:13:59.000984,316,1.037,0.0011,"aoml_navis",1027.72745749886
"7901009",24,-0.0056683881754961,1,0.013083,1,-0.009345,1,153.647059798342,1,4.86505938253925,318,1,18.318000793457,36.507999420166,0.0130829997360706,0,148.16389465332,-85.437,23.7506,63.584055127594,63,63,63,63,61,63,-0.009345,8521,1.64861680440262,24,-85,0.001869,51,2024-01-29 09:13:59.000984,318,1.037,0.0011,"aoml_navis",1027.73668456033
"7901009",24,0,1,0.022428,1,0,1,153.950395864886,1,4.86500358275374,320,1,18.2970008850098,36.5050010681152,0.0224280003458261,0.00934499967843294,148.456405639648,-85.437,23.7506,63.584055127594,63,63,63,63,61,63,0,8521,1.64861680440262,24,-85,0.001869,51,2024-01-29 09:13:59.000984,320,1.037,0.0011,"aoml_navis",1027.74847231867
"7901009",24,-0.00453471054039688,1,0.014952,1,-0.007476,1,154.423264670969,1,4.86493447699995,322,1,18.2590007781982,36.5,0.0149520002305508,0.00186900002881885,148.912399291992,-85.437,23.7506,63.584055127594,63,63,63,63,61,63,-0.007476,8521,1.64861680440262,24,-85,0.001869,51,2024-01-29 09:13:59.000984,322,1.037,0.0011,"aoml_navis",1027.76307135042
"7901009",24,-0.00453471054039688,1,0.014952,1,-0.007476,1,154.620393555529,1,4.86487630704236,324,1,18.2329998016357,36.4959983825684,0.0149520002305508,0.00186900002881885,149.102493286133,-85.437,23.7506,63.584055127594,63,63,63,63,61,63,-0.007476,8521,1.64861680440262,24,-85,0.001869,51,2024-01-29 09:13:59.000984,324,1.037,0.0011,"aoml_navis",1027.77536044689
"7901009",24,-0.00680206581059532,1,0.011214,1,-0.011214,1,154.615424983547,1,4.86481935694532,326,1,18.2080001831055,36.492000579834,0.0112140001729131,-0.00186900002881885,149.097702026367,-85.437,23.7506,63.584055127594,63,63,63,63,61,63,-0.011214,8521,1.64861680440262,24,-85,0.001869,51,2024-01-29 09:13:59.000984,326,1.037,0.0011,"aoml_navis",1027.787392118
"7901009",24,-0.00453471054039688,1,0.014952,1,-0.007476,1,154.347042979131,1,4.864746753296,328,1,18.1609992980957,36.4850006103516,0.0149520002305508,0.00186900002881885,148.838897705078,-85.437,23.7506,63.584055127594,63,63,63,63,61,63,-0.007476,8521,1.64861680440262,24,-85,0.001869,51,2024-01-29 09:13:59.000984,328,1.037,0.0011,"aoml_navis",1027.80273127524
"7901009",24,-0.00453471054039688,1,0.014952,1,-0.007476,1,154.261912669375,1,4.86464901539448,330,1,18.0779991149902,36.4729995727539,0.0149520002305508,0.00186900002881885,148.756805419922,-85.437,23.7506,63.584055127594,63,63,63,63,61,63,-0.007476,8521,1.64861680440262,24,-85,0.001869,51,2024-01-29 09:13:59.000984,330,1.037,0.0011,"aoml_navis",1027.82338133279
"7901009",24,-0.00340103290529766,1,0.016821,1,-0.005607,1,153.951218685724,1,4.86459464904749,332,1,18.048999786377,36.4669990539551,0.0168210007250309,0.00373800005763769,148.45719909668,-85.437,23.7506,63.584055127594,63,63,63,63,61,63,-0.005607,8521,1.64861680440262,24,-85,0.001869,51,2024-01-29 09:13:59.000984,332,1.037,0.0011,"aoml_navis",1027.83486821025
"7901009",24,-0.00340103290529766,1,0.016821,1,-0.005607,1,153.610776564091,1,4.86452353167942,334,1,18.0030002593994,36.4599990844727,0.0168210007250309,0.00373800005763769,148.12890625,-85.437,23.7506,63.584055127594,63,63,63,63,61,63,-0.005607,8521,1.64861680440262,24,-85,0.001869,51,2024-01-29 09:13:59.000984,334,1.037,0.0011,"aoml_navis",1027.84989474063
"7901009",24,-0.00226735527019844,1,0.01869,1,-0.003738,1,153.430436389318,1,4.8644500981652,336,1,17.9549999237061,36.4529991149902,0.0186899993568659,0.00560700008645654,147.955001831055,-85.437,23.7506,63.584055127594,63,63,63,63,61,63,-0.003738,8521,1.64861680440262,24,-85,0.001869,51,2024-01-29 09:13:59.000984,336,1.037,0.0011,"aoml_navis",1027.86541111521
"7901009",24,-0.00226735527019844,1,0.01869,1,-0.003738,1,153.16589948997,1,4.86438512396152,338,1,17.9139995574951,36.4459991455078,0.0186899993568659,0.00560700008645654,147.699905395508,-85.437,23.7506,63.584055127594,63,63,63,63,61,63,-0.003738,8521,1.64861680440262,24,-85,0.001869,51,2024-01-29 09:13:59.000984,338,1.037,0.0011,"aoml_navis",1027.87914044274
"7901009",24,-0.00453471054039688,1,0.014952,1,-0.007476,1,152.974261352155,1,4.86432849761719,340,1,17.8859996795654,36.4410018920898,0.0149520002305508,0.00186900002881885,147.515106201172,-85.437,23.7506,63.584055127594,63,63,63,63,61,63,-0.007476,8521,1.64861680440262,24,-85,0.001869,51,2024-01-29 09:13:59.000984,340,1.037,0.0011,"aoml_navis",1027.89110613094
"7901009",24,-0.00340103290529766,1,0.016821,1,-0.005607,1,152.588184320981,1,4.86427068551802,342,1,17.8600006103516,36.4370002746582,0.0168210007250309,0.00373800005763769,147.142807006836,-85.437,23.7506,63.584055127594,63,63,63,63,61,63,-0.005607,8521,1.64861680440262,24,-85,0.001869,51,2024-01-29 09:13:59.000984,342,1.037,0.0011,"aoml_navis",1027.90332266789
"7901009",24,-0.00453471054039688,1,0.014952,1,-0.007476,1,152.216206008392,1,4.86420351056659,344,1,17.8139991760254,36.4290008544922,0.0149520002305508,0.00186900002881885,146.784103393555,-85.437,23.7506,63.584055127594,63,63,63,63,61,63,-0.007476,8521,1.64861680440262,24,-85,0.001869,51,2024-01-29 09:13:59.000984,344,1.037,0.0011,"aoml_navis",1027.91751807638
"7901009",24,-0.00340103290529766,1,0.016821,1,-0.005607,1,151.963489246849,1,4.86413756298189,346,1,17.7719993591309,36.4220008850098,0.0168210007250309,0.00373800005763769,146.540405273438,-85.437,23.7506,63.584055127594,63,63,63,63,61,63,-0.005607,8521,1.64861680440262,24,-85,0.001869,51,2024-01-29 09:13:59.000984,346,1.037,0.0011,"aoml_navis",1027.93145449916
"7901009",24,-0.00680206581059532,1,0.011214,1,-0.011214,1,151.79765920108,1,4.86406687607346,348,1,17.7290000915527,36.4160003662109,0.0112140001729131,-0.00186900002881885,146.380493164062,-85.437,23.7506,63.584055127594,63,63,63,63,61,63,-0.011214,8521,1.64861680440262,24,-85,0.001869,51,2024-01-29 09:13:59.000984,348,1.037,0.0011,"aoml_navis",1027.94639288271
"7901009",24,-0.00340103290529766,1,0.016821,1,-0.005607,1,151.63008857277,1,4.86400570354996,350,1,17.69700050354,36.4109992980957,0.0168210007250309,0.00373800005763769,146.218902587891,-85.437,23.7506,63.584055127594,63,63,63,63,61,63,-0.005607,8521,1.64861680440262,24,-85,0.001869,51,2024-01-29 09:13:59.000984,350,1.037,0.0011,"aoml_navis",1027.95932092571
"7901009",24,-0.00226735527019844,1,0.01869,1,-0.003738,1,151.338588467508,1,4.86396100146492,352,1,17.6879997253418,36.4090003967285,0.0186899993568659,0.00560700008645654,145.937805175781,-85.437,23.7506,63.584055127594,63,63,63,63,61,63,-0.003738,8521,1.64861680440262,24,-85,0.001869,51,2024-01-29 09:13:59.000984,352,1.037,0.0011,"aoml_navis",1027.96876835446
"7901009",24,-0.00340103290529766,1,0.016821,1,-0.005607,1,150.995440531197,1,4.86391281343917,354,1,17.6730003356934,36.4059982299805,0.0168210007250309,0.00373800005763769,145.606903076172,-85.437,23.7506,63.584055127594,63,63,63,63,61,63,-0.005607,8521,1.64861680440262,24,-85,0.001869,51,2024-01-29 09:13:59.000984,354,1.037,0.0011,"aoml_navis",1027.97895270343
"7901009",24,-0.00340103290529766,1,0.016821,1,-0.005607,1,150.435147011099,1,4.86385287634399,356,1,17.6420001983643,36.4010009765625,0.0168210007250309,0.00373800005763769,145.066604614258,-85.437,23.7506,63.584055127594,63,63,63,63,61,63,-0.005607,8521,1.64861680440262,24,-85,0.001869,51,2024-01-29 09:13:59.000984,356,1.037,0.0011,"aoml_navis",1027.99162045344
"7901009",24,-0.0056683881754961,1,0.013083,1,-0.009345,1,149.958733746023,1,4.86377763434424,357.899993896484,1,17.5809993743896,36.390998840332,0.0130829997360706,0,144.607192993164,-85.437,23.7506,63.584055127594,63,63,63,63,61,63,-0.009345,8521,1.64861680440262,24,-85,0.001869,51,2024-01-29 09:13:59.000984,357.899993896484,1.037,0.0011,"aoml_navis",1028.00752334849
"7901009",24,0,1,0.013083,1,-0.009345,1,149.807967650977,1,4.86371220144631,359.899993896484,1,17.5330009460449,36.3819999694824,0.0130829997360706,0,144.461807250977,-85.437,23.7506,63.584055127594,63,63,63,63,61,63,0,8521,1.64861680440262,24,-85,0.001869,51,2024-01-29 09:13:59.000984,359.899993896484,1.037,0.0011,"aoml_navis",1028.02135342489
"7901009",24,0,1,0.01869,1,-0.003738,1,149.607088602214,1,4.86366902868681,362,1,17.5270004272461,36.3800010681152,0.0186899993568659,0,144.268096923828,-85.437,23.7506,63.584055127594,63,63,63,63,61,63,0,8521,1.64861680440262,24,-85,0.001869,51,2024-01-29 09:13:59.000984,362,1.037,0.0011,"aoml_navis",1028.03047874127
"7901009",24,0,1,0.013083,1,-0.009345,1,149.459835319206,1,4.86362203055963,364,1,17.5160007476807,36.3779983520508,0.0130829997360706,0,144.126098632812,-85.437,23.7506,63.584055127594,63,63,63,63,61,63,0,8521,1.64861680440262,24,-85,0.001869,51,2024-01-29 09:13:59.000984,364,1.037,0.0011,"aoml_navis",1028.04041280006
"7901009",24,0,1,0.016821,1,-0.005607,1,149.326063639156,1,4.86356123321183,366.100006103516,1,17.492000579834,36.375,0.0168210007250309,0,143.997100830078,-85.437,23.7506,63.584055127594,63,63,63,63,61,63,0,8521,1.64861680440262,24,-85,0.001869,51,2024-01-29 09:13:59.000984,366.100006103516,1.037,0.0011,"aoml_navis",1028.05326390392
"7901009",24,0,1,0.01869,1,-0.003738,1,149.223606621374,1,4.86351873492589,368,1,17.4799995422363,36.3720016479492,0.0186899993568659,0,143.898300170898,-85.437,23.7506,63.584055127594,63,63,63,63,61,63,0,8521,1.64861680440262,24,-85,0.001869,51,2024-01-29 09:13:59.000984,368,1.037,0.0011,"aoml_navis",1028.06224721497
"7901009",24,0,1,0.022428,1,0,1,149.078109744385,1,4.86347403617056,370,1,17.4740009307861,36.3709983825684,0.0224280003458261,0,143.757995605469,-85.437,23.7506,63.584055127594,63,63,63,63,61,63,0,8521,1.64861680440262,24,-85,0.001869,51,2024-01-29 09:13:59.000984,370,1.037,0.0011,"aoml_navis",1028.07169583184
"7901009",24,0,1,0.01869,1,-0.003738,1,149.023977627346,1,4.86342814272766,372,1,17.4669990539551,36.3699989318848,0.0186899993568659,0,143.705795288086,-85.437,23.7506,63.584055127594,63,63,63,63,61,63,0,8521,1.64861680440262,24,-85,0.001869,51,2024-01-29 09:13:59.000984,372,1.037,0.0011,"aoml_navis",1028.08139716767
"7901009",24,0,1,0.016821,1,-0.005607,1,148.898497449584,1,4.86337879935964,374,1,17.4540004730225,36.3680000305176,0.0168210007250309,0,143.58479309082,-85.437,23.7506,63.584055127594,63,63,63,63,61,63,0,8521,1.64861680440262,24,-85,0.001869,51,2024-01-29 09:13:59.000984,374,1.037,0.0011,"aoml_navis",1028.09182798148
"7901009",24,0,1,0.013083,1,-0.009345,1,148.76016860797,1,4.86333144077913,375.899993896484,1,17.4440002441406,36.367000579834,0.0130829997360706,0,143.451400756836,-85.437,23.7506,63.584055127594,63,63,63,63,61,63,0,8521,1.64861680440262,24,-85,0.001869,51,2024-01-29 09:13:59.000984,375.899993896484,1.037,0.0011,"aoml_navis",1028.10183942532
"7901009",24,0,1,0.013083,1,-0.009345,1,148.449379683453,1,4.86328367547044,378,1,17.4309997558594,36.3639984130859,0.0130829997360706,0,143.151702880859,-85.437,23.7506,63.584055127594,63,63,63,63,61,63,0,8521,1.64861680440262,24,-85,0.001869,51,2024-01-29 09:13:59.000984,378,1.037,0.0011,"aoml_navis",1028.11193704762
"7901009",24,0,1,0.016821,1,-0.005607,1,148.187643539649,1,4.86322636323129,380,1,17.4020004272461,36.359001159668,0.0168210007250309,0,142.899307250977,-85.437,23.7506,63.584055127594,63,63,63,63,61,63,0,8521,1.64861680440262,24,-85,0.001869,51,2024-01-29 09:13:59.000984,380,1.037,0.0011,"aoml_navis",1028.12405316002
"7901009",24,0,1,0.013083,1,-0.009345,1,148.076879196102,1,4.8631634875545,382,1,17.3589992523193,36.351001739502,0.0130829997360706,0,142.792495727539,-85.437,23.7506,63.584055127594,63,63,63,63,61,63,0,8521,1.64861680440262,24,-85,0.001869,51,2024-01-29 09:13:59.000984,382,1.037,0.0011,"aoml_navis",1028.13734574124
"7901009",24,0,1,0.01869,1,-0.003738,1,147.686450708574,1,4.86310039620571,384,1,17.3250007629395,36.3460006713867,0.0186899993568659,0,142.416000366211,-85.437,23.7506,63.584055127594,63,63,63,63,61,63,0,8521,1.64861680440262,24,-85,0.001869,51,2024-01-29 09:13:59.000984,384,1.037,0.0011,"aoml_navis",1028.15068426329
"7901009",24,0,1,0.016821,1,-0.005607,1,147.413828012147,1,4.86303295682194,386,1,17.2779998779297,36.3380012512207,0.0168210007250309,0,142.153106689453,-85.437,23.7506,63.584055127594,63,63,63,63,61,63,0,8521,1.64861680440262,24,-85,0.001869,51,2024-01-29 09:13:59.000984,386,1.037,0.0011,"aoml_navis",1028.16494241231
"7901009",24,0,1,0.014952,1,-0.007476,1,147.277350517419,1,4.8629597515061,388,1,17.2259998321533,36.3300018310547,0.0149520002305508,0,142.021499633789,-85.437,23.7506,63.584055127594,63,63,63,63,61,63,0,8521,1.64861680440262,24,-85,0.001869,51,2024-01-29 09:13:59.000984,388,1.037,0.0011,"aoml_navis",1028.1804200521
"7901009",24,0,1,0.014952,1,-0.007476,1,147.084367384003,1,4.8629085190216,390,1,17.2019996643066,36.3250007629395,0.0149520002305508,0,141.835403442383,-85.437,23.7506,63.584055127594,63,63,63,63,61,63,0,8521,1.64861680440262,24,-85,0.001869,51,2024-01-29 09:13:59.000984,390,1.037,0.0011,"aoml_navis",1028.19125230141
"7901009",24,0,1,0.016821,1,-0.005607,1,146.871873902646,1,4.8628548926914,392.100006103516,1,17.1870002746582,36.3230018615723,0.0168210007250309,0,141.630493164062,-85.437,23.7506,63.584055127594,63,63,63,63,61,63,0,8521,1.64861680440262,24,-85,0.001869,51,2024-01-29 09:13:59.000984,392.100006103516,1.037,0.0011,"aoml_navis",1028.20259093372
"7901009",24,0,1,0.01869,1,-0.003738,1,146.735301467051,1,4.86279874971482,394,1,17.1569995880127,36.318000793457,0.0186899993568659,0,141.498794555664,-85.437,23.7506,63.584055127594,63,63,63,63,61,63,0,8521,1.64861680440262,24,-85,0.001869,51,2024-01-29 09:13:59.000984,394,1.037,0.0011,"aoml_navis",1028.21446194812
"7901009",24,0,1,0.020559,1,-0.001869,1,146.528314555916,1,4.86274862537634,396,1,17.136999130249,36.3139991760254,0.020558999851346,0,141.299194335938,-85.437,23.7506,63.584055127594,63,63,63,63,61,63,0,8521,1.64861680440262,24,-85,0.001869,51,2024-01-29 09:13:59.000984,396,1.037,0.0011,"aoml_navis",1028.22506059791
"7901009",24,0,1,0.016821,1,-0.005607,1,146.256103269908,1,4.86269838415697,398,1,17.1200008392334,36.3110008239746,0.0168210007250309,0,141.036697387695,-85.437,23.7506,63.584055127594,63,63,63,63,61,63,0,8521,1.64861680440262,24,-85,0.001869,51,2024-01-29 09:13:59.000984,398,1.037,0.0011,"aoml_navis",1028.2356841811
"7901009",24,0,1,0.014952,1,-0.007476,1,145.899378789774,1,4.86264816484353,400,1,17.1030006408691,36.3079986572266,0.0149520002305508,0,140.69270324707,-85.437,23.7506,63.584055127594,63,63,63,63,61,63,0,8521,1.64861680440262,24,-85,0.001869,51,2024-01-29 09:13:59.000984,400,1.037,0.0011,"aoml_navis",1028.24630335164
"7901009",24,0,1,0.014952,1,-0.007476,1,145.36801058682,1,4.86259818883722,402,1,17.0799999237061,36.3030014038086,0.0149520002305508,0,140.180297851562,-85.437,23.7506,63.584055127594,63,63,63,63,61,63,0,8521,1.64861680440262,24,-85,0.001869,51,2024-01-29 09:13:59.000984,402,1.037,0.0011,"aoml_navis",1028.2568712912
"7901009",24,0,1,0.01869,1,-0.003738,1,144.970841297813,1,4.8625166049482,404,1,17.007999420166,36.2910003662109,0.0186899993568659,0,139.797302246094,-85.437,23.7506,63.584055127594,63,63,63,63,61,63,0,8521,1.64861680440262,24,-85,0.001869,51,2024-01-29 09:13:59.000984,404,1.037,0.0011,"aoml_navis",1028.27412350878
"7901009",24,0,1,0.014952,1,-0.007476,1,144.483652244457,1,4.86243942720199,406,1,16.9489994049072,36.2820014953613,0.0149520002305508,0,139.327499389648,-85.437,23.7506,63.584055127594,63,63,63,63,61,63,0,8521,1.64861680440262,24,-85,0.001869,51,2024-01-29 09:13:59.000984,406,1.037,0.0011,"aoml_navis",1028.2904445099
"7901009",24,0,1,0.016821,1,-0.005607,1,144.059820395611,1,4.8623827890581,408,1,16.9169998168945,36.2760009765625,0.0168210007250309,0,138.918792724609,-85.437,23.7506,63.584055127594,63,63,63,63,61,63,0,8521,1.64861680440262,24,-85,0.001869,51,2024-01-29 09:13:59.000984,408,1.037,0.0011,"aoml_navis",1028.30242227156
"7901009",24,0,1,0.016821,1,-0.005607,1,143.65674894944,1,4.86232170941958,410,1,16.8780002593994,36.2690010070801,0.0168210007250309,0,138.53010559082,-85.437,23.7506,63.584055127594,63,63,63,63,61,63,0,8521,1.64861680440262,24,-85,0.001869,51,2024-01-29 09:13:59.000984,410,1.037,0.0011,"aoml_navis",1028.31533962751
"7901009",24,0,1,0.013083,1,-0.009345,1,143.091993208646,1,4.86225852969848,412,1,16.8339996337891,36.2610015869141,0.0130829997360706,0,137.985504150391,-85.437,23.7506,63.584055127594,63,63,63,63,61,63,0,8521,1.64861680440262,24,-85,0.001869,51,2024-01-29 09:13:59.000984,412,1.037,0.0011,"aoml_navis",1028.32870145843
"7901009",24,0,1,0.016821,1,-0.005607,1,142.552333503403,1,4.86219460751772,414,1,16.7830009460449,36.2509994506836,0.0168210007250309,0,137.465103149414,-85.437,23.7506,63.584055127594,63,63,63,63,61,63,0,8521,1.64861680440262,24,-85,0.001869,51,2024-01-29 09:13:59.000984,414,1.037,0.0011,"aoml_navis",1028.34222066497
"7901009",24,0,1,0.01869,1,-0.003738,1,142.101649212985,1,4.86210943203683,416,1,16.7040004730225,36.2379989624023,0.0186899993568659,0,137.030502319336,-85.437,23.7506,63.584055127594,63,63,63,63,61,63,0,8521,1.64861680440262,24,-85,0.001869,51,2024-01-29 09:13:59.000984,416,1.037,0.0011,"aoml_navis",1028.36023538561
"7901009",24,0,1,0.014952,1,-0.007476,1,141.996597144869,1,4.86197770895923,418,1,16.5620002746582,36.2179985046387,0.0149520002305508,0,136.92919921875,-85.437,23.7506,63.584055127594,63,63,63,63,61,63,0,8521,1.64861680440262,24,-85,0.001869,51,2024-01-29 09:13:59.000984,418,1.037,0.0011,"aoml_navis",1028.38809622398
"7901009",24,0,1,0.016821,1,-0.005607,1,141.851416737433,1,4.86190861279584,420,1,16.5060005187988,36.2080001831055,0.0168210007250309,0,136.789199829102,-85.437,23.7506,63.584055127594,63,63,63,63,61,63,0,8521,1.64861680440262,24,-85,0.001869,51,2024-01-29 09:13:59.000984,420,1.037,0.0011,"aoml_navis",1028.40271140447
"7901009",24,0,1,0.014952,1,-0.007476,1,141.590186944915,1,4.86186654258273,422,1,16.4990005493164,36.2060012817383,0.0149520002305508,0,136.537292480469,-85.437,23.7506,63.584055127594,63,63,63,63,61,63,0,8521,1.64861680440262,24,-85,0.001869,51,2024-01-29 09:13:59.000984,422,1.037,0.0011,"aoml_navis",1028.41161027507
"7901009",24,0,1,0.01869,1,-0.003738,1,141.132144737389,1,4.86181501350205,424,1,16.4710006713867,36.2000007629395,0.0186899993568659,0,136.095596313477,-85.437,23.7506,63.584055127594,63,63,63,63,61,63,0,8521,1.64861680440262,24,-85,0.001869,51,2024-01-29 09:13:59.000984,424,1.037,0.0011,"aoml_navis",1028.42251013545
"7901009",24,0,1,0.014952,1,-0.007476,1,140.925268590597,1,4.86171717314995,426,1,16.3799991607666,36.1870002746582,0.0149520002305508,0,135.896102905273,-85.437,23.7506,63.584055127594,63,63,63,63,61,63,0,8521,1.64861680440262,24,-85,0.001869,51,2024-01-29 09:13:59.000984,426,1.037,0.0011,"aoml_navis",1028.44320677759
"7901009",24,0,1,0.016821,1,-0.005607,1,140.577563492723,1,4.86165484878956,428,1,16.3360004425049,36.1790008544922,0.0168210007250309,0,135.560806274414,-85.437,23.7506,63.584055127594,63,63,63,63,61,63,0,8521,1.64861680440262,24,-85,0.001869,51,2024-01-29 09:13:59.000984,428,1.037,0.0011,"aoml_navis",1028.45639098483
"7901009",24,0,1,0.014952,1,-0.007476,1,140.168146832016,1,4.86158195300859,430,1,16.2730007171631,36.1679992675781,0.0149520002305508,0,135.166000366211,-85.437,23.7506,63.584055127594,63,63,63,63,61,63,0,8521,1.64861680440262,24,-85,0.001869,51,2024-01-29 09:13:59.000984,430,1.037,0.0011,"aoml_navis",1028.47181191829
"7901009",24,0,1,0.01869,1,-0.003738,1,139.861092248224,1,4.86150831656359,432,1,16.2059993743896,36.1559982299805,0.0186899993568659,0,134.869903564453,-85.437,23.7506,63.584055127594,63,63,63,63,61,63,0,8521,1.64861680440262,24,-85,0.001869,51,2024-01-29 09:13:59.000984,432,1.037,0.0011,"aoml_navis",1028.48739000704
"7901009",24,0,1,0.01869,1,-0.003738,1,139.421610979981,1,4.86143798910435,434,1,16.1450004577637,36.1450004577637,0.0186899993568659,0,134.446105957031,-85.437,23.7506,63.584055127594,63,63,63,63,61,63,0,8521,1.64861680440262,24,-85,0.001869,51,2024-01-29 09:13:59.000984,434,1.037,0.0011,"aoml_navis",1028.50226850701
"7901009",24,0,1,0.01869,1,-0.003738,1,139.01208355493,1,4.86135070318702,436,1,16.07200050354,36.1349983215332,0.0186899993568659,0,134.051193237305,-85.437,23.7506,63.584055127594,63,63,63,63,61,63,0,8521,1.64861680440262,24,-85,0.001869,51,2024-01-29 09:13:59.000984,436,1.037,0.0011,"aoml_navis",1028.52073534256
"7901009",24,0,1,0.014952,1,-0.007476,1,138.7028611547,1,4.86127198516476,438,1,16,36.1230010986328,0.0149520002305508,0,133.753005981445,-85.437,23.7506,63.584055127594,63,63,63,63,61,63,0,8521,1.64861680440262,24,-85,0.001869,51,2024-01-29 09:13:59.000984,438,1.037,0.0011,"aoml_navis",1028.53739006141
"7901009",24,0,1,0.01869,1,-0.003738,1,138.267937048021,1,4.86121452968634,440,1,15.9630002975464,36.1160011291504,0.0186899993568659,0,133.333602905273,-85.437,23.7506,63.584055127594,63,63,63,63,61,63,0,8521,1.64861680440262,24,-85,0.001869,51,2024-01-29 09:13:59.000984,440,1.037,0.0011,"aoml_navis",1028.54954651068
"7901009",24,0,1,0.01869,1,-0.003738,1,137.856763981294,1,4.86112105527372,442,1,15.871000289917,36.1020011901855,0.0186899993568659,0,132.937103271484,-85.437,23.7506,63.584055127594,63,63,63,63,61,63,0,8521,1.64861680440262,24,-85,0.001869,51,2024-01-29 09:13:59.000984,442,1.037,0.0011,"aoml_navis",1028.5693244721
"7901009",24,0,1,0.016821,1,-0.005607,1,137.478567041989,1,4.86105737841313,444,1,15.8249998092651,36.0940017700195,0.0168210007250309,0,132.572402954102,-85.437,23.7506,63.584055127594,63,63,63,63,61,63,0,8521,1.64861680440262,24,-85,0.001869,51,2024-01-29 09:13:59.000984,444,1.037,0.0011,"aoml_navis",1028.58279809736
"7901009",24,0,1,0.020559,1,-0.001869,1,137.02829416199,1,4.86099964879876,446,1,15.7810001373291,36.0849990844727,0.020558999851346,0,132.138198852539,-85.437,23.7506,63.584055127594,63,63,63,63,61,63,0,8521,1.64861680440262,24,-85,0.001869,51,2024-01-29 09:13:59.000984,446,1.037,0.0011,"aoml_navis",1028.59501362762
"7901009",24,0,1,0.020559,1,-0.001869,1,136.5768819916,1,4.86089938931437,448,1,15.6789999008179,36.0699996948242,0.020558999851346,0,131.702896118164,-85.437,23.7506,63.584055127594,63,63,63,63,61,63,0,8521,1.64861680440262,24,-85,0.001869,51,2024-01-29 09:13:59.000984,448,1.037,0.0011,"aoml_navis",1028.61622912653
"7901009",24,0,1,0.01869,1,-0.003738,1,136.300319249239,1,4.86082434419305,450,1,15.6059999465942,36.056999206543,0.0186899993568659,0,131.43620300293,-85.437,23.7506,63.584055127594,63,63,63,63,61,63,0,8521,1.64861680440262,24,-85,0.001869,51,2024-01-29 09:13:59.000984,450,1.037,0.0011,"aoml_navis",1028.63210969004
"7901009",24,0,1,0.020559,1,-0.001869,1,136.099962375238,1,4.86076446040383,452,1,15.5629997253418,36.048999786377,0.020558999851346,0,131.24299621582,-85.437,23.7506,63.584055127594,63,63,63,63,61,63,0,8521,1.64861680440262,24,-85,0.001869,51,2024-01-29 09:13:59.000984,452,1.037,0.0011,"aoml_navis",1028.64478226221
"7901009",24,0,1,0.016821,1,-0.005607,1,135.739297849169,1,4.86070998554352,454,1,15.5380001068115,36.0449981689453,0.0168210007250309,0,130.895202636719,-85.437,23.7506,63.584055127594,63,63,63,63,61,63,0,8521,1.64861680440262,24,-85,0.001869,51,2024-01-29 09:13:59.000984,454,1.037,0.0011,"aoml_navis",1028.65631047126
"7901009",24,0,1,0.016821,1,-0.005607,1,135.221616954382,1,4.86064943695682,456,1,15.4910001754761,36.0359992980957,0.0168210007250309,0,130.39599609375,-85.437,23.7506,63.584055127594,63,63,63,63,61,63,0,8521,1.64861680440262,24,-85,0.001869,51,2024-01-29 09:13:59.000984,456,1.037,0.0011,"aoml_navis",1028.66912433216
"7901009",24,0,1,0.016821,1,-0.005607,1,134.746675272727,1,4.86058194601832,458,1,15.4309997558594,36.0250015258789,0.0168210007250309,0,129.938003540039,-85.437,23.7506,63.584055127594,63,63,63,63,61,63,0,8521,1.64861680440262,24,-85,0.001869,51,2024-01-29 09:13:59.000984,458,1.037,0.0011,"aoml_navis",1028.68340777505
"7901009",24,0,1,0.014952,1,-0.007476,1,134.28178149938,1,4.86050433933866,460,1,15.3549995422363,36.0120010375977,0.0149520002305508,0,129.489700317383,-85.437,23.7506,63.584055127594,63,63,63,63,61,63,0,8521,1.64861680440262,24,-85,0.001869,51,2024-01-29 09:13:59.000984,460,1.037,0.0011,"aoml_navis",1028.69983255283
"7901009",24,0,1,0.020559,1,-0.001869,1,133.342040985243,1,4.86044414656631,462,1,15.3079996109009,36.0029983520508,0.020558999851346,0,128.58349609375,-85.437,23.7506,63.584055127594,63,63,63,63,61,63,0,8521,1.64861680440262,24,-85,0.001869,51,2024-01-29 09:13:59.000984,462,1.037,0.0011,"aoml_navis",1028.71257218999
"7901009",24,0,1,0.016821,1,-0.005607,1,132.987705850234,1,4.86031179266482,464,1,15.1479997634888,35.9799995422363,0.0168210007250309,0,128.241806030273,-85.437,23.7506,63.584055127594,63,63,63,63,61,63,0,8521,1.64861680440262,24,-85,0.001869,51,2024-01-29 09:13:59.000984,464,1.037,0.0011,"aoml_navis",1028.74058564432
"7901009",24,0,1,0.022428,1,0,1,132.329615326522,1,4.86025197898888,466,1,15.1009998321533,35.9710006713867,0.0224280003458261,0,127.607200622559,-85.437,23.7506,63.584055127594,63,63,63,63,61,63,0,8521,1.64861680440262,24,-85,0.001869,51,2024-01-29 09:13:59.000984,466,1.037,0.0011,"aoml_navis",1028.75324604882
"7901009",24,0,1,0.01869,1,-0.003738,1,132.135073580558,1,4.86015671642016,468,1,15.0010004043579,35.9560012817383,0.0186899993568659,0,127.41960144043,-85.437,23.7506,63.584055127594,63,63,63,63,61,63,0,8521,1.64861680440262,24,-85,0.001869,51,2024-01-29 09:13:59.000984,468,1.037,0.0011,"aoml_navis",1028.77341035267
"7901009",24,0,1,0.024297,1,0.001869,1,132.098671670225,1,4.86007534729191,470,1,14.9270000457764,35.9449996948242,0.0242970008403063,0,127.384498596191,-85.437,23.7506,63.584055127594,63,63,63,63,61,63,0,8521,1.64861680440262,24,-85,0.001869,51,2024-01-29 09:13:59.000984,470,1.037,0.0011,"aoml_navis",1028.79063444686
"7901009",24,0,1,0.020559,1,-0.001869,1,131.810905905688,1,4.86002335092703,472,1,14.8970003128052,35.9389991760254,0.020558999851346,0,127.107002258301,-85.437,23.7506,63.584055127594,63,63,63,63,61,63,0,8521,1.64861680440262,24,-85,0.001869,51,2024-01-29 09:13:59.000984,472,1.037,0.0011,"aoml_navis",1028.80164126089
"7901009",24,0,1,0.016821,1,-0.005607,1,131.563371333075,1,4.85995219312198,474,1,14.83899974823,35.9300003051758,0.0168210007250309,0,126.868301391602,-85.437,23.7506,63.584055127594,63,63,63,63,61,63,0,8521,1.64861680440262,24,-85,0.001869,51,2024-01-29 09:13:59.000984,474,1.037,0.0011,"aoml_navis",1028.81670463266
"7901009",24,0,1,0.020559,1,-0.001869,1,131.261704643423,1,4.85988545713367,476,1,14.7849998474121,35.9210014343262,0.020558999851346,0,126.57740020752,-85.437,23.7506,63.584055127594,63,63,63,63,61,63,0,8521,1.64861680440262,24,-85,0.001869,51,2024-01-29 09:13:59.000984,476,1.037,0.0011,"aoml_navis",1028.83083235237
"7901009",24,0,1,0.01869,1,-0.003738,1,130.962633004105,1,4.85982698679927,478,1,14.7419996261597,35.9129981994629,0.0186899993568659,0,126.289001464844,-85.437,23.7506,63.584055127594,63,63,63,63,61,63,0,8521,1.64861680440262,24,-85,0.001869,51,2024-01-29 09:13:59.000984,478,1.037,0.0011,"aoml_navis",1028.84321058784
"7901009",24,0,1,0.022428,1,0,1,130.632033085571,1,4.85976280839536,480,1,14.6969995498657,35.9059982299805,0.0224280003458261,0,125.970199584961,-85.437,23.7506,63.584055127594,63,63,63,63,61,63,0,8521,1.64861680440262,24,-85,0.001869,51,2024-01-29 09:13:59.000984,480,1.037,0.0011,"aoml_navis",1028.85679757094
"7901009",24,0,1,0.016821,1,-0.005607,1,130.346854459629,1,4.85970020816516,482,1,14.6499996185303,35.8979988098145,0.0168210007250309,0,125.695198059082,-85.437,23.7506,63.584055127594,63,63,63,63,61,63,0,8521,1.64861680440262,24,-85,0.001869,51,2024-01-29 09:13:59.000984,482,1.037,0.0011,"aoml_navis",1028.87005079019
"7901009",24,0,1,0.016821,1,-0.005607,1,130.133751774382,1,4.8596376952911,484,1,14.6029996871948,35.8899993896484,0.0168210007250309,0,125.489700317383,-85.437,23.7506,63.584055127594,63,63,63,63,61,63,0,8521,1.64861680440262,24,-85,0.001869,51,2024-01-29 09:13:59.000984,484,1.037,0.0011,"aoml_navis",1028.88328585584
"7901009",24,0,1,0.016821,1,-0.005607,1,130.013248080341,1,4.85956828015116,486,1,14.5459995269775,35.8810005187988,0.0168210007250309,0,125.373497009277,-85.437,23.7506,63.584055127594,63,63,63,63,61,63,0,8521,1.64861680440262,24,-85,0.001869,51,2024-01-29 09:13:59.000984,486,1.037,0.0011,"aoml_navis",1028.89798265052
"7901009",24,0,1,0.024297,1,0.001869,1,129.903741703266,1,4.8595137044588,488,1,14.5200004577637,35.8769989013672,0.0242970008403063,0,125.26789855957,-85.437,23.7506,63.584055127594,63,63,63,63,61,63,0,8521,1.64861680440262,24,-85,0.001869,51,2024-01-29 09:13:59.000984,488,1.037,0.0011,"aoml_navis",1028.90953788489
"7901009",24,0,1,0.022428,1,0,1,129.704634884001,1,4.8594671680552,490,1,14.5050001144409,35.8740005493164,0.0224280003458261,0,125.075897216797,-85.437,23.7506,63.584055127594,63,63,63,63,61,63,0,8521,1.64861680440262,24,-85,0.001869,51,2024-01-29 09:13:59.000984,490,1.037,0.0011,"aoml_navis",1028.919391177
"7901009",24,0,1,0.020559,1,-0.001869,1,129.333392363123,1,4.85942277311197,492,1,14.4919996261597,35.8709983825684,0.020558999851346,0,124.717903137207,-85.437,23.7506,63.584055127594,63,63,63,63,61,63,0,8521,1.64861680440262,24,-85,0.001869,51,2024-01-29 09:13:59.000984,492,1.037,0.0011,"aoml_navis",1028.92879122719
"7901009",24,0,1,0.01869,1,-0.003738,1,128.792174045332,1,4.85937731153059,494,1,14.4779996871948,35.8680000305176,0.0186899993568659,0,124.195999145508,-85.437,23.7506,63.584055127594,63,63,63,63,61,63,0,8521,1.64861680440262,24,-85,0.001869,51,2024-01-29 09:13:59.000984,494,1.037,0.0011,"aoml_navis",1028.9384173021
"7901009",24,0,1,0.01869,1,-0.003738,1,128.23945205929,1,4.85930699010531,496,1,14.4130001068115,35.8569984436035,0.0186899993568659,0,123.66300201416,-85.437,23.7506,63.584055127594,63,63,63,63,61,63,0,8521,1.64861680440262,24,-85,0.001869,51,2024-01-29 09:13:59.000984,496,1.037,0.0011,"aoml_navis",1028.95330757681
"7901009",24,0,1,0.016821,1,-0.005607,1,127.959669239227,1,4.85919853433472,498,1,14.2840003967285,35.8380012512207,0.0168210007250309,0,123.393203735352,-85.437,23.7506,63.584055127594,63,63,63,63,61,63,0,8521,1.64861680440262,24,-85,0.001869,51,2024-01-29 09:13:59.000984,498,1.037,0.0011,"aoml_navis",1028.97627348839
"7901009",24,0,1,0.024297,1,0.001869,1,127.504625580716,1,4.8591455949288,500,1,14.2419996261597,35.8289985656738,0.0242970008403063,0,122.954399108887,-85.437,23.7506,63.584055127594,63,63,63,63,61,63,0,8521,1.64861680440262,24,-85,0.001869,51,2024-01-29 09:13:59.000984,500,1.037,0.0011,"aoml_navis",1028.98748397624
"7901009",24,0,1,0.020559,1,-0.001869,1,127.093143956175,1,4.85906065047406,502,1,14.1520004272461,35.814998626709,0.020558999851346,0,122.557601928711,-85.437,23.7506,63.584055127594,63,63,63,63,61,63,0,8521,1.64861680440262,24,-85,0.001869,51,2024-01-29 09:13:59.000984,502,1.037,0.0011,"aoml_navis",1029.00547238738
"7901009",24,0,1,0.022428,1,0,1,126.995971979929,1,4.85896766715018,504,1,14.0329999923706,35.7949981689453,0.0224280003458261,0,122.463897705078,-85.437,23.7506,63.584055127594,63,63,63,63,61,63,0,8521,1.64861680440262,24,-85,0.001869,51,2024-01-29 09:13:59.000984,504,1.037,0.0011,"aoml_navis",1029.02516388477
"7901009",24,0,1,0.022428,1,0,1,126.975441017678,1,4.85887422087256,506,1,13.9200000762939,35.7770004272461,0.0224280003458261,0,122.44409942627,-85.437,23.7506,63.584055127594,63,63,63,63,61,63,0,8521,1.64861680440262,24,-85,0.001869,51,2024-01-29 09:13:59.000984,506,1.037,0.0011,"aoml_navis",1029.04495418325
"7901009",24,0,1,0.01869,1,-0.003738,1,126.70747833542,1,4.85882960660444,508,1,13.8959999084473,35.7709999084473,0.0186899993568659,0,122.185699462891,-85.437,23.7506,63.584055127594,63,63,63,63,61,63,0,8521,1.64861680440262,24,-85,0.001869,51,2024-01-29 09:13:59.000984,508,1.037,0.0011,"aoml_navis",1029.05440297879
"7901009",24,0,1,0.022428,1,0,1,126.24030598129,1,4.85874645888272,510,1,13.8100004196167,35.757999420166,0.0224280003458261,0,121.735198974609,-85.437,23.7506,63.584055127594,63,63,63,63,61,63,0,8521,1.64861680440262,24,-85,0.001869,51,2024-01-29 09:13:59.000984,510,1.037,0.0011,"aoml_navis",1029.07201318543
"7901009",24,0,1,0.020559,1,-0.001869,1,125.992462850864,1,4.85864662689342,512,1,13.6719999313354,35.7350006103516,0.020558999851346,0,121.496200561523,-85.437,23.7506,63.584055127594,63,63,63,63,61,63,0,8521,1.64861680440262,24,-85,0.001869,51,2024-01-29 09:13:59.000984,512,1.037,0.0011,"aoml_navis",1029.09315781974
"7901009",24,0,1,0.020559,1,-0.001869,1,125.799582570053,1,4.85855976193137,514,1,13.5780000686646,35.7210006713867,0.020558999851346,0,121.310203552246,-85.437,23.7506,63.584055127594,63,63,63,63,61,63,0,8521,1.64861680440262,24,-85,0.001869,51,2024-01-29 09:13:59.000984,514,1.037,0.0011,"aoml_navis",1029.11155671622
"7901009",24,0,1,0.022428,1,0,1,125.4608889427,1,4.85849434871028,516,1,13.5190000534058,35.7109985351562,0.0224280003458261,0,120.983596801758,-85.437,23.7506,63.584055127594,63,63,63,63,61,63,0,8521,1.64861680440262,24,-85,0.001869,51,2024-01-29 09:13:59.000984,516,1.037,0.0011,"aoml_navis",1029.12541234658
"7901009",24,0,1,0.01869,1,-0.003738,1,125.030427056718,1,4.8584321139016,518,1,13.4630002975464,35.701000213623,0.0186899993568659,0,120.568496704102,-85.437,23.7506,63.584055127594,63,63,63,63,61,63,0,8521,1.64861680440262,24,-85,0.001869,51,2024-01-29 09:13:59.000984,518,1.037,0.0011,"aoml_navis",1029.1385950816
"7901009",24,0,1,0.022428,1,0,1,124.355231353668,1,4.85837222852337,520,1,13.4020004272461,35.6889991760254,0.0224280003458261,0,119.91739654541,-85.437,23.7506,63.584055127594,63,63,63,63,61,63,0,8521,1.64861680440262,24,-85,0.001869,51,2024-01-29 09:13:59.000984,520,1.037,0.0011,"aoml_navis",1029.15128047315
"7901009",24,0,1,0.024297,1,0.001869,1,124.011672006938,1,4.85823741828632,522,1,13.2159996032715,35.6629981994629,0.0242970008403063,0,119.586097717285,-85.437,23.7506,63.584055127594,63,63,63,63,61,63,0,8521,1.64861680440262,24,-85,0.001869,51,2024-01-29 09:13:59.000984,522,1.037,0.0011,"aoml_navis",1029.17983818166
"7901009",24,0,1,0.022428,1,0,1,123.666664812003,1,4.85814919119303,524,1,13.0970001220703,35.6430015563965,0.0224280003458261,0,119.253402709961,-85.437,23.7506,63.584055127594,63,63,63,63,61,63,0,8521,1.64861680440262,24,-85,0.001869,51,2024-01-29 09:13:59.000984,524,1.037,0.0011,"aoml_navis",1029.19852874509
"7901009",24,0,1,0.022428,1,0,1,123.343739280128,1,4.85806261765238,526,1,12.9899997711182,35.6259994506836,0.0224280003458261,0,118.942001342773,-85.437,23.7506,63.584055127594,63,63,63,63,61,63,0,8521,1.64861680440262,24,-85,0.001869,51,2024-01-29 09:13:59.000984,526,1.037,0.0011,"aoml_navis",1029.21686966979
"7901009",24,0,1,0.022428,1,0,1,122.938681987513,1,4.85799798802738,528,1,12.9340000152588,35.617000579834,0.0224280003458261,0,118.551399230957,-85.437,23.7506,63.584055127594,63,63,63,63,61,63,0,8521,1.64861680440262,24,-85,0.001869,51,2024-01-29 09:13:59.000984,528,1.037,0.0011,"aoml_navis",1029.23056212098
"7901009",24,0,1,0.020559,1,-0.001869,1,122.270954965913,1,4.85794107507868,530,1,12.8929996490479,35.6100006103516,0.020558999851346,0,117.907501220703,-85.437,23.7506,63.584055127594,63,63,63,63,61,63,0,8521,1.64861680440262,24,-85,0.001869,51,2024-01-29 09:13:59.000984,530,1.037,0.0011,"aoml_navis",1029.24262001655
"7901009",24,0,1,0.022428,1,0,1,121.96814898587,1,4.8578445764639,532,1,12.7749996185303,35.5929985046387,0.0224280003458261,0,117.615501403809,-85.437,23.7506,63.584055127594,63,63,63,63,61,63,0,8521,1.64861680440262,24,-85,0.001869,51,2024-01-29 09:13:59.000984,532,1.037,0.0011,"aoml_navis",1029.26306539835
"7901009",24,0,1,0.022428,1,0,1,121.785530230315,1,4.85777199225182,534,1,12.7030000686646,35.5820007324219,0.0224280003458261,0,117.439399719238,-85.437,23.7506,63.584055127594,63,63,63,63,61,63,0,8521,1.64861680440262,24,-85,0.001869,51,2024-01-29 09:13:59.000984,534,1.037,0.0011,"aoml_navis",1029.27844451634
"7901009",24,0,1,0.022428,1,0,1,121.144869267235,1,4.85772655746602,536,1,12.6770000457764,35.576000213623,0.0224280003458261,0,116.821601867676,-85.437,23.7506,63.584055127594,63,63,63,63,61,63,0,8521,1.64861680440262,24,-85,0.001869,51,2024-01-29 09:13:59.000984,536,1.037,0.0011,"aoml_navis",1029.28807145707
"7901009",24,0,1,0.024297,1,0.001869,1,120.783160391641,1,4.85763780498883,538,1,12.5769996643066,35.5620002746582,0.0242970008403063,0,116.472801208496,-85.437,23.7506,63.584055127594,63,63,63,63,61,63,0,8521,1.64861680440262,24,-85,0.001869,51,2024-01-29 09:13:59.000984,538,1.037,0.0011,"aoml_navis",1029.30687727787
"7901009",24,0,1,0.022428,1,0,1,120.428603727945,1,4.85755774713735,540,1,12.4779996871948,35.5460014343262,0.0224280003458261,0,116.130897521973,-85.437,23.7506,63.584055127594,63,63,63,63,61,63,0,8521,1.64861680440262,24,-85,0.001869,51,2024-01-29 09:13:59.000984,540,1.037,0.0011,"aoml_navis",1029.32384137823
"7901009",24,0,1,0.022428,1,0,1,120.384329637481,1,4.8574561301644,542,1,12.3450002670288,35.5270004272461,0.0224280003458261,0,116.088203430176,-85.437,23.7506,63.584055127594,63,63,63,63,61,63,0,8521,1.64861680440262,24,-85,0.001869,51,2024-01-29 09:13:59.000984,542,1.037,0.0011,"aoml_navis",1029.34537461912
"7901009",24,0,1,0.024297,1,0.001869,1,120.256673731542,1,4.85737909179726,544,1,12.2670001983643,35.515998840332,0.0242970008403063,0,115.965103149414,-85.437,23.7506,63.584055127594,63,63,63,63,61,63,0,8521,1.64861680440262,24,-85,0.001869,51,2024-01-29 09:13:59.000984,544,1.037,0.0011,"aoml_navis",1029.36170010769
"7901009",24,0,1,0.024297,1,0.001869,1,120.01929783158,1,4.85733396932593,546,1,12.2559995651245,35.5139999389648,0.0242970008403063,0,115.736198425293,-85.437,23.7506,63.584055127594,63,63,63,63,61,63,0,8521,1.64861680440262,24,-85,0.001869,51,2024-01-29 09:13:59.000984,546,1.037,0.0011,"aoml_navis",1029.37126241988
"7901009",24,0,1,0.024297,1,0.001869,1,119.407150775225,1,4.85729635342184,548,1,12.2489995956421,35.5110015869141,0.0242970008403063,0,115.145896911621,-85.437,23.7506,63.584055127594,63,63,63,63,61,63,0,8521,1.64861680440262,24,-85,0.001869,51,2024-01-29 09:13:59.000984,548,1.037,0.0011,"aoml_navis",1029.3792340831
"7901009",24,0,1,0.024297,1,0.001869,1,118.714224865468,1,4.85721981502587,550,1,12.1750001907349,35.5009994506836,0.0242970008403063,0,114.477699279785,-85.437,23.7506,63.584055127594,63,63,63,63,61,63,0,8521,1.64861680440262,24,-85,0.001869,51,2024-01-29 09:13:59.000984,550,1.037,0.0011,"aoml_navis",1029.39545468633
"7901009",24,0,1,0.024297,1,0.001869,1,118.200286223145,1,4.8571507569866,552,1,12.1199998855591,35.4939994812012,0.0242970008403063,0,113.98210144043,-85.437,23.7506,63.584055127594,63,63,63,63,61,63,0,8521,1.64861680440262,24,-85,0.001869,51,2024-01-29 09:13:59.000984,552,1.037,0.0011,"aoml_navis",1029.41009043376
"7901009",24,0,1,0.024297,1,0.001869,1,117.812136316398,1,4.85709975717255,554,1,12.0989999771118,35.4910011291504,0.0242970008403063,0,113.607803344727,-85.437,23.7506,63.584055127594,63,63,63,63,61,63,0,8521,1.64861680440262,24,-85,0.001869,51,2024-01-29 09:13:59.000984,554,1.037,0.0011,"aoml_navis",1029.42089929622
"7901009",24,0,1,0.026166,1,0.003738,1,117.329512336344,1,4.85705052062446,556,1,12.076000213623,35.4869995117188,0.0261659994721413,0,113.142402648926,-85.437,23.7506,63.584055127594,63,63,63,63,61,63,0,8521,1.64861680440262,24,-85,0.001869,51,2024-01-29 09:13:59.000984,556,1.037,0.0011,"aoml_navis",1029.43133466875
"7901009",24,0,1,0.026166,1,0.003738,1,117.14803287118,1,4.85697528246019,558,1,11.9989995956421,35.476001739502,0.0261659994721413,0,112.967399597168,-85.437,23.7506,63.584055127594,63,63,63,63,61,63,0,8521,1.64861680440262,24,-85,0.001869,51,2024-01-29 09:13:59.000984,558,1.037,0.0011,"aoml_navis",1029.44728132678
"7901009",24,0,1,0.024297,1,0.001869,1,116.86378783042,1,4.85691503805177,560,1,11.9490003585815,35.4679985046387,0.0242970008403063,0,112.693298339844,-85.437,23.7506,63.584055127594,63,63,63,63,61,63,0,8521,1.64861680440262,24,-85,0.001869,51,2024-01-29 09:13:59.000984,560,1.037,0.0011,"aoml_navis",1029.46005042856
"7901009",24,0,1,0.026166,1,0.003738,1,116.68221342439,1,4.85684349584366,562,1,11.8870000839233,35.4599990844727,0.0261659994721413,0,112.518203735352,-85.437,23.7506,63.584055127594,63,63,63,63,61,63,0,8521,1.64861680440262,24,-85,0.001869,51,2024-01-29 09:13:59.000984,562,1.037,0.0011,"aoml_navis",1029.47521456659
"7901009",24,0,1,0.020559,1,-0.001869,1,116.557144657047,1,4.85678983781837,564,1,11.8629999160767,35.4570007324219,0.020558999851346,0,112.397598266602,-85.437,23.7506,63.584055127594,63,63,63,63,61,63,0,8521,1.64861680440262,24,-85,0.001869,51,2024-01-29 09:13:59.000984,564,1.037,0.0011,"aoml_navis",1029.48658825352
"7901009",24,0,1,0.022428,1,0,1,116.551028882935,1,4.85673607703505,566,1,11.835000038147,35.4529991149902,0.0224280003458261,0,112.391700744629,-85.437,23.7506,63.584055127594,63,63,63,63,61,63,0,8521,1.64861680440262,24,-85,0.001869,51,2024-01-29 09:13:59.000984,566,1.037,0.0011,"aoml_navis",1029.49798397372
"7901009",24,0,1,0.026166,1,0.003738,1,116.56648050886,1,4.85668422292771,568,1,11.8090000152588,35.4490013122559,0.0261659994721413,0,112.406600952148,-85.437,23.7506,63.584055127594,63,63,63,63,61,63,0,8521,1.64861680440262,24,-85,0.001869,51,2024-01-29 09:13:59.000984,568,1.037,0.0011,"aoml_navis",1029.50897577316
"7901009",24,0,1,0.024297,1,0.001869,1,116.654316633294,1,4.85662850227079,570,1,11.7749996185303,35.4440002441406,0.0242970008403063,0,112.491302490234,-85.437,23.7506,63.584055127594,63,63,63,63,61,63,0,8521,1.64861680440262,24,-85,0.001869,51,2024-01-29 09:13:59.000984,570,1.037,0.0011,"aoml_navis",1029.52078744795
"7901009",24,0,1,0.026166,1,0.003738,1,116.759155084462,1,4.85658414308038,572,1,11.7530002593994,35.4389991760254,0.0261659994721413,0,112.592399597168,-85.437,23.7506,63.584055127594,63,63,63,63,61,63,0,8521,1.64861680440262,24,-85,0.001869,51,2024-01-29 09:13:59.000984,572,1.037,0.0011,"aoml_navis",1029.53019091082
"7901009",24,0,1,0.024297,1,0.001869,1,116.760191522248,1,4.8565353176794,574,1,11.7340002059937,35.4360008239746,0.0242970008403063,0,112.593399047852,-85.437,23.7506,63.584055127594,63,63,63,63,61,63,0,8521,1.64861680440262,24,-85,0.001869,51,2024-01-29 09:13:59.000984,574,1.037,0.0011,"aoml_navis",1029.5405413399
"7901009",24,0,1,0.026166,1,0.003738,1,116.770666664452,1,4.85648840273396,576,1,11.7170000076294,35.4329986572266,0.0261659994721413,0,112.603500366211,-85.437,23.7506,63.584055127594,63,63,63,63,61,63,0,8521,1.64861680440262,24,-85,0.001869,51,2024-01-29 09:13:59.000984,576,1.037,0.0011,"aoml_navis",1029.55048697022
"7901009",24,0,1,0.024297,1,0.001869,1,116.787154728163,1,4.85644136855116,578,1,11.6960000991821,35.4290008544922,0.0242970008403063,0,112.619400024414,-85.437,23.7506,63.584055127594,63,63,63,63,61,63,0,8521,1.64861680440262,24,-85,0.001869,51,2024-01-29 09:13:59.000984,578,1.037,0.0011,"aoml_navis",1029.5604580709
"7901009",24,0,1,0.028035,1,0.005607,1,116.85860564149,1,4.85638109635254,580,1,11.6569995880127,35.423999786377,0.0280349999666214,0,112.688301086426,-85.437,23.7506,63.584055127594,63,63,63,63,61,63,0,8521,1.64861680440262,24,-85,0.001869,51,2024-01-29 09:13:59.000984,580,1.037,0.0011,"aoml_navis",1029.57323587214
"7901009",24,0,1,0.024297,1,0.001869,1,116.9603347793,1,4.85633224651426,582,1,11.6339998245239,35.4199981689453,0.0242970008403063,0,112.786399841309,-85.437,23.7506,63.584055127594,63,63,63,63,61,63,0,8521,1.64861680440262,24,-85,0.001869,51,2024-01-29 09:13:59.000984,582,1.037,0.0011,"aoml_navis",1029.58359234767
"7901009",24,0,1,0.026166,1,0.003738,1,117.031366370469,1,4.85627177843331,584,1,11.5830001831055,35.4119987487793,0.0261659994721413,0,112.85489654541,-85.437,23.7506,63.584055127594,63,63,63,63,61,63,0,8521,1.64861680440262,24,-85,0.001869,51,2024-01-29 09:13:59.000984,584,1.037,0.0011,"aoml_navis",1029.59641225291
"7901009",24,0,1,0.024297,1,0.001869,1,116.827283067482,1,4.8562248505794,586,1,11.5620002746582,35.4080009460449,0.0242970008403063,0,112.658096313477,-85.437,23.7506,63.584055127594,63,63,63,63,61,63,0,8521,1.64861680440262,24,-85,0.001869,51,2024-01-29 09:13:59.000984,586,1.037,0.0011,"aoml_navis",1029.60636169955
"7901009",24,0,1,0.024297,1,0.001869,1,116.483723720752,1,4.85616945518031,588,1,11.5279998779297,35.4029998779297,0.0242970008403063,0,112.326797485352,-85.437,23.7506,63.584055127594,63,63,63,63,61,63,0,8521,1.64861680440262,24,-85,0.001869,51,2024-01-29 09:13:59.000984,588,1.037,0.0011,"aoml_navis",1029.61810664705
"7901009",24,0,1,0.026166,1,0.003738,1,115.811431625851,1,4.8561167424423,590,1,11.4890003204346,35.3959999084473,0.0261659994721413,0,111.678497314453,-85.437,23.7506,63.584055127594,63,63,63,63,61,63,0,8521,1.64861680440262,24,-85,0.001869,51,2024-01-29 09:13:59.000984,590,1.037,0.0011,"aoml_navis",1029.62928306483
"7901009",24,0,1,0.024297,1,0.001869,1,114.782517903419,1,4.85605113510536,592,1,11.4399995803833,35.3899993896484,0.0242970008403063,0,110.686302185059,-85.437,23.7506,63.584055127594,63,63,63,63,61,63,0,8521,1.64861680440262,24,-85,0.001869,51,2024-01-29 09:13:59.000984,592,1.037,0.0011,"aoml_navis",1029.64319379877
"7901009",24,0,1,0.024297,1,0.001869,1,113.397180346928,1,4.85599509551498,594,1,11.4130001068115,35.3870010375977,0.0242970008403063,0,109.350402832031,-85.437,23.7506,63.584055127594,63,63,63,63,61,63,0,8521,1.64861680440262,24,-85,0.001869,51,2024-01-29 09:13:59.000984,594,1.037,0.0011,"aoml_navis",1029.65507617955
"7901009",24,0,1,0.026166,1,0.003738,1,111.425511737868,1,4.8559456595044,596,1,11.3970003128052,35.3849983215332,0.0261659994721413,0,107.449096679688,-85.437,23.7506,63.584055127594,63,63,63,63,61,63,0,8521,1.64861680440262,24,-85,0.001869,51,2024-01-29 09:13:59.000984,596,1.037,0.0011,"aoml_navis",1029.66555859488
"7901009",24,0,1,0.026166,1,0.003738,1,109.902256750183,1,4.8558693804289,598,1,11.3559999465942,35.3839988708496,0.0261659994721413,0,105.980201721191,-85.437,23.7506,63.584055127594,63,63,63,63,61,63,0,8521,1.64861680440262,24,-85,0.001869,51,2024-01-29 09:13:59.000984,598,1.037,0.0011,"aoml_navis",1029.68173323442
"7901009",24,0,1,0.026166,1,0.003738,1,109.909306109476,1,4.85577156701837,600,1,11.2600002288818,35.375,0.0261659994721413,0,105.986999511719,-85.437,23.7506,63.584055127594,63,63,63,63,61,63,0,8521,1.64861680440262,24,-85,0.001869,51,2024-01-29 09:13:59.000984,600,1.037,0.0011,"aoml_navis",1029.70247487779
"7901009",24,0,1,0.024297,1,0.001869,1,110.171050165018,1,4.85571658079686,602,1,11.2259998321533,35.3699989318848,0.0242970008403063,0,106.239402770996,-85.437,23.7506,63.584055127594,63,63,63,63,61,63,0,8521,1.64861680440262,24,-85,0.001869,51,2024-01-29 09:13:59.000984,602,1.037,0.0011,"aoml_navis",1029.71413524705
"7901009",24,0,1,0.022428,1,0,1,110.594874102126,1,4.8556671469059,604,1,11.1979999542236,35.3650016784668,0.0224280003458261,0,106.648101806641,-85.437,23.7506,63.584055127594,63,63,63,63,61,63,0,8521,1.64861680440262,24,-85,0.001869,51,2024-01-29 09:13:59.000984,604,1.037,0.0011,"aoml_navis",1029.72461841543
"7901009",24,0,1,0.024297,1,0.001869,1,110.571123062173,1,4.85561870177463,606,1,11.1750001907349,35.3610000610352,0.0242970008403063,0,106.625198364258,-85.437,23.7506,63.584055127594,63,63,63,63,61,63,0,8521,1.64861680440262,24,-85,0.001869,51,2024-01-29 09:13:59.000984,606,1.037,0.0011,"aoml_navis",1029.73489211017
"7901009",24,0,1,0.028035,1,0.005607,1,110.565940873243,1,4.85557125070577,608,1,11.164999961853,35.3600006103516,0.0280349999666214,0,106.62020111084,-85.437,23.7506,63.584055127594,63,63,63,63,61,63,0,8521,1.64861680440262,24,-85,0.001869,51,2024-01-29 09:13:59.000984,608,1.037,0.0011,"aoml_navis",1029.74495519415
"7901009",24,0,1,0.028035,1,0.005607,1,110.642676828105,1,4.85552747894442,610,1,11.1590003967285,35.359001159668,0.0280349999666214,0,106.694198608398,-85.437,23.7506,63.584055127594,63,63,63,63,61,63,0,8521,1.64861680440262,24,-85,0.001869,51,2024-01-29 09:13:59.000984,610,1.037,0.0011,"aoml_navis",1029.75423817125
"7901009",24,0,1,0.029904,1,0.007476,1,110.674205107322,1,4.85547355823154,612,1,11.1300001144409,35.3549995422363,0.0299040004611015,0,106.724601745605,-85.437,23.7506,63.584055127594,63,63,63,63,61,63,0,8521,1.64861680440262,24,-85,0.001869,51,2024-01-29 09:13:59.000984,612,1.037,0.0011,"aoml_navis",1029.76567373607
"7901009",24,0,1,0.024297,1,0.001869,1,110.759343328816,1,4.85542607212311,614,1,11.1079998016357,35.351001739502,0.0242970008403063,0,106.806701660156,-85.437,23.7506,63.584055127594,63,63,63,63,61,63,0,8521,1.64861680440262,24,-85,0.001869,51,2024-01-29 09:13:59.000984,614,1.037,0.0011,"aoml_navis",1029.77574485315
"7901009",24,0,1,0.026166,1,0.003738,1,111.22682424076,1,4.85538136604793,616,1,11.08899974823,35.3470001220703,0.0261659994721413,0,107.257499694824,-85.437,23.7506,63.584055127594,63,63,63,63,61,63,0,8521,1.64861680440262,24,-85,0.001869,51,2024-01-29 09:13:59.000984,616,1.037,0.0011,"aoml_navis",1029.7852265454
"7901009",24,0,1,0.024297,1,0.001869,1,111.870491664593,1,4.85532841673634,618,1,11.048999786377,35.3400001525879,0.0242970008403063,0,107.878196716309,-85.437,23.7506,63.584055127594,63,63,63,63,61,63,0,8521,1.64861680440262,24,-85,0.001869,51,2024-01-29 09:13:59.000984,618,1.037,0.0011,"aoml_navis",1029.79645676799
"7901009",24,0,1,0.029904,1,0.007476,1,112.624401257212,1,4.85524005591543,620,1,10.9460000991821,35.3269996643066,0.0299040004611015,0,108.605201721191,-85.437,23.7506,63.584055127594,63,63,63,63,61,63,0,8521,1.64861680440262,24,-85,0.001869,51,2024-01-29 09:13:59.000984,620,1.037,0.0011,"aoml_navis",1029.81519809885
"7901009",24,0,1,0.026166,1,0.003738,1,112.919841408409,1,4.85517831435702,622,1,10.8879995346069,35.318000793457,0.0261659994721413,0,108.890098571777,-85.437,23.7506,63.584055127594,63,63,63,63,61,63,0,8521,1.64861680440262,24,-85,0.001869,51,2024-01-29 09:13:59.000984,622,1.037,0.0011,"aoml_navis",1029.82829388876
"7901009",24,0,1,0.029904,1,0.007476,1,113.161363059515,1,4.8551175543142,624,1,10.83899974823,35.3110008239746,0.0299040004611015,0,109.123001098633,-85.437,23.7506,63.584055127594,63,63,63,63,61,63,0,8521,1.64861680440262,24,-85,0.001869,51,2024-01-29 09:13:59.000984,624,1.037,0.0011,"aoml_navis",1029.84118181795
"7901009",24,0,1,0.026166,1,0.003738,1,113.348855446186,1,4.85507307967849,626,1,10.8159999847412,35.3059997558594,0.0261659994721413,0,109.303802490234,-85.437,23.7506,63.584055127594,63,63,63,63,61,63,0,8521,1.64861680440262,24,-85,0.001869,51,2024-01-29 09:13:59.000984,626,1.037,0.0011,"aoml_navis",1029.85061562268
"7901009",24,0,1,0.031773,1,0.009345,1,113.568287522493,1,4.85502049827336,628,1,10.7840003967285,35.3009986877441,0.0317730009555817,0,109.515403747559,-85.437,23.7506,63.584055127594,63,63,63,63,61,63,0,8521,1.64861680440262,24,-85,0.001869,51,2024-01-29 09:13:59.000984,628,1.037,0.0011,"aoml_navis",1029.86176923006
"7901009",24,0,1,0.026166,1,0.003738,1,113.69905274179,1,4.85496789502795,630,1,10.7559995651245,35.2970008850098,0.0261659994721413,0,109.641502380371,-85.437,23.7506,63.584055127594,63,63,63,63,61,63,0,8521,1.64861680440262,24,-85,0.001869,51,2024-01-29 09:13:59.000984,630,1.037,0.0011,"aoml_navis",1029.87292771196
"7901009",24,0,1,0.024297,1,0.001869,1,113.629880409245,1,4.85492514784555,632,1,10.7469997406006,35.2949981689453,0.0242970008403063,0,109.574798583984,-85.437,23.7506,63.584055127594,63,63,63,63,61,63,0,8521,1.64861680440262,24,-85,0.001869,51,2024-01-29 09:13:59.000984,632,1.037,0.0011,"aoml_navis",1029.88199565112
"7901009",24,0,1,0.024297,1,0.001869,1,113.527114833649,1,4.8548823411818,634,1,10.7419996261597,35.2939987182617,0.0242970008403063,0,109.475700378418,-85.437,23.7506,63.584055127594,63,63,63,63,61,63,0,8521,1.64861680440262,24,-85,0.001869,51,2024-01-29 09:13:59.000984,634,1.037,0.0011,"aoml_navis",1029.89107636806
"7901009",24,0,1,0.028035,1,0.005607,1,113.39157883584,1,4.85484058568395,636,1,10.7259998321533,35.2900009155273,0.0280349999666214,0,109.345001220703,-85.437,23.7506,63.584055127594,63,63,63,63,61,63,0,8521,1.64861680440262,24,-85,0.001869,51,2024-01-29 09:13:59.000984,636,1.037,0.0011,"aoml_navis",1029.89993425203
"7901009",24,0,1,0.029904,1,0.007476,1,113.446747390666,1,4.85474713628139,638,1,10.6280002593994,35.2799987792969,0.0299040004611015,0,109.39820098877,-85.437,23.7506,63.584055127594,63,63,63,63,61,63,0,8521,1.64861680440262,24,-85,0.001869,51,2024-01-29 09:13:59.000984,638,1.037,0.0011,"aoml_navis",1029.91975887541
"7901009",24,0,1,0.029904,1,0.007476,1,113.531054879584,1,4.85469315200315,640,1,10.5860004425049,35.2729988098145,0.0299040004611015,0,109.479499816895,-85.437,23.7506,63.584055127594,63,63,63,63,61,63,0,8521,1.64861680440262,24,-85,0.001869,51,2024-01-29 09:13:59.000984,640,1.037,0.0011,"aoml_navis",1029.9312116023
"7901009",24,0,1,0.031773,1,0.009345,1,113.48812578472,1,4.85464962211233,642,1,10.5719995498657,35.2700004577637,0.0317730009555817,0,109.438102722168,-85.437,23.7506,63.584055127594,63,63,63,63,61,63,0,8521,1.64861680440262,24,-85,0.001869,51,2024-01-29 09:13:59.000984,642,1.037,0.0011,"aoml_navis",1029.94044662371
"7901009",24,0,1,0.024297,1,0.001869,1,113.51653683884,1,4.85459377736078,644,1,10.53600025177,35.2649993896484,0.0242970008403063,0,109.46549987793,-85.437,23.7506,63.584055127594,63,63,63,63,61,63,0,8521,1.64861680440262,24,-85,0.001869,51,2024-01-29 09:13:59.000984,644,1.037,0.0011,"aoml_navis",1029.95229452922
"7901009",24,0,1,0.026166,1,0.003738,1,113.567353937312,1,4.85453066201605,645.900024414062,1,10.4729995727539,35.2560005187988,0.0261659994721413,0,109.514503479004,-85.437,23.7506,63.584055127594,63,63,63,63,61,63,0,8521,1.64861680440262,24,-85,0.001869,51,2024-01-29 09:13:59.000984,645.900024414062,1.037,0.0011,"aoml_navis",1029.96568527668
"7901009",24,0,1,0.026166,1,0.003738,1,113.592442061125,1,4.85446973883998,647.900024414062,1,10.4270000457764,35.25,0.0261659994721413,0,109.538696289062,-85.437,23.7506,63.584055127594,63,63,63,63,61,63,0,8521,1.64861680440262,24,-85,0.001869,51,2024-01-29 09:13:59.000984,647.900024414062,1.037,0.0011,"aoml_navis",1029.9786112571
"7901009",24,0,1,0.028035,1,0.005607,1,113.551902311387,1,4.85440171871016,650,1,10.3669996261597,35.242000579834,0.0280349999666214,0,109.499603271484,-85.437,23.7506,63.584055127594,63,63,63,63,61,63,0,8521,1.64861680440262,24,-85,0.001869,51,2024-01-29 09:13:59.000984,650,1.037,0.0011,"aoml_navis",1029.99304337106
"7901009",24,0,1,0.022428,1,0,1,113.388153052929,1,4.85435312663721,652,1,10.3430004119873,35.2379989624023,0.0224280003458261,0,109.341697692871,-85.437,23.7506,63.584055127594,63,63,63,63,61,63,0,8521,1.64861680440262,24,-85,0.001869,51,2024-01-29 09:13:59.000984,652,1.037,0.0011,"aoml_navis",1030.00335360104
"7901009",24,0,1,0.029904,1,0.007476,1,113.105569477322,1,4.85430783118395,654,1,10.331000328064,35.2360000610352,0.0299040004611015,0,109.069198608398,-85.437,23.7506,63.584055127594,63,63,63,63,61,63,0,8521,1.64861680440262,24,-85,0.001869,51,2024-01-29 09:13:59.000984,654,1.037,0.0011,"aoml_navis",1030.01296454257
"7901009",24,0,1,0.028035,1,0.005607,1,112.922333606139,1,4.85424439914489,656,1,10.28600025177,35.2309989929199,0.0280349999666214,0,108.892501831055,-85.437,23.7506,63.584055127594,63,63,63,63,61,63,0,8521,1.64861680440262,24,-85,0.001869,51,2024-01-29 09:13:59.000984,656,1.037,0.0011,"aoml_navis",1030.02642406732
"7901009",24,0,1,0.026166,1,0.003738,1,112.818634445362,1,4.85418470654828,658,1,10.2410001754761,35.2249984741211,0.0261659994721413,0,108.792503356934,-85.437,23.7506,63.584055127594,63,63,63,63,61,63,0,8521,1.64861680440262,24,-85,0.001869,51,2024-01-29 09:13:59.000984,658,1.037,0.0011,"aoml_navis",1030.03909044809
"7901009",24,0,1,0.022428,1,0,1,112.750807108417,1,4.85412406152117,660,1,10.1990003585815,35.2200012207031,0.0224280003458261,0,108.727096557617,-85.437,23.7506,63.584055127594,63,63,63,63,61,63,0,8521,1.64861680440262,24,-85,0.001869,51,2024-01-29 09:13:59.000984,660,1.037,0.0011,"aoml_navis",1030.05195924744
"7901009",24,0,1,0.026166,1,0.003738,1,112.626268427575,1,4.85406803496131,662,1,10.1579999923706,35.2140007019043,0.0261659994721413,0,108.607002258301,-85.437,23.7506,63.584055127594,63,63,63,63,61,63,0,8521,1.64861680440262,24,-85,0.001869,51,2024-01-29 09:13:59.000984,662,1.037,0.0011,"aoml_navis",1030.06384829953
"7901009",24,0,1,0.028035,1,0.005607,1,112.660178140178,1,4.85398810797932,664,1,10.0769996643066,35.2050018310547,0.0280349999666214,0,108.639701843262,-85.437,23.7506,63.584055127594,63,63,63,63,61,63,0,8521,1.64861680440262,24,-85,0.001869,51,2024-01-29 09:13:59.000984,664,1.037,0.0011,"aoml_navis",1030.08080958844
"7901009",24,0,1,0.029904,1,0.007476,1,112.697608576558,1,4.85393246622415,666,1,10.0319995880127,35.1980018615723,0.0299040004611015,0,108.675796508789,-85.437,23.7506,63.584055127594,63,63,63,63,61,63,0,8521,1.64861680440262,24,-85,0.001869,51,2024-01-29 09:13:59.000984,666,1.037,0.0011,"aoml_navis",1030.09261764399
"7901009",24,0,1,0.029904,1,0.007476,1,112.626988395808,1,4.85388227082594,668,1,10.0100002288818,35.1949996948242,0.0299040004611015,0,108.607696533203,-85.437,23.7506,63.584055127594,63,63,63,63,61,63,0,8521,1.64861680440262,24,-85,0.001869,51,2024-01-29 09:13:59.000984,668,1.037,0.0011,"aoml_navis",1030.10327012921
"7901009",24,0,1,0.026166,1,0.003738,1,112.632692759501,1,4.85383139244038,670,1,9.98299980163574,35.1910018920898,0.0261659994721413,0,108.61319732666,-85.437,23.7506,63.584055127594,63,63,63,63,61,63,0,8521,1.64861680440262,24,-85,0.001869,51,2024-01-29 09:13:59.000984,670,1.037,0.0011,"aoml_navis",1030.11406778309
"7901009",24,0,1,0.029904,1,0.007476,1,112.764391563979,1,4.85375813953822,672,1,9.90900039672852,35.181999206543,0.0299040004611015,0,108.740196228027,-85.437,23.7506,63.584055127594,63,63,63,63,61,63,0,8521,1.64861680440262,24,-85,0.001869,51,2024-01-29 09:13:59.000984,672,1.037,0.0011,"aoml_navis",1030.12961426127
"7901009",24,0,1,0.028035,1,0.005607,1,113.038375079483,1,4.85368273802259,674,1,9.82800006866455,35.1720008850098,0.0280349999666214,0,109.004402160645,-85.437,23.7506,63.584055127594,63,63,63,63,61,63,0,8521,1.64861680440262,24,-85,0.001869,51,2024-01-29 09:13:59.000984,674,1.037,0.0011,"aoml_navis",1030.14561723023
"7901009",24,0,1,0.026166,1,0.003738,1,113.200557813654,1,4.85362906702252,676,1,9.78899955749512,35.1660003662109,0.0261659994721413,0,109.160797119141,-85.437,23.7506,63.584055127594,63,63,63,63,61,63,0,8521,1.64861680440262,24,-85,0.001869,51,2024-01-29 09:13:59.000984,676,1.037,0.0011,"aoml_navis",1030.15700848917
"7901009",24,0,1,0.029904,1,0.007476,1,113.354037635117,1,4.85357568627928,678,1,9.74600028991699,35.1590003967285,0.0299040004611015,0,109.308799743652,-85.437,23.7506,63.584055127594,63,63,63,63,61,63,0,8521,1.64861680440262,24,-85,0.001869,51,2024-01-29 09:13:59.000984,678,1.037,0.0011,"aoml_navis",1030.16833839321
"7901009",24,0,1,0.026166,1,0.003738,1,113.6374519433,1,4.85349172249537,680,1,9.64999961853027,35.1479988098145,0.0261659994721413,0,109.582099914551,-85.437,23.7506,63.584055127594,63,63,63,63,61,63,0,8521,1.64861680440262,24,-85,0.001869,51,2024-01-29 09:13:59.000984,680,1.037,0.0011,"aoml_navis",1030.186159961
"7901009",24,0,1,0.028035,1,0.005607,1,113.79694468627,1,4.85342778384096,682,1,9.59000015258789,35.1399993896484,0.0280349999666214,0,109.735900878906,-85.437,23.7506,63.584055127594,63,63,63,63,61,63,0,8521,1.64861680440262,24,-85,0.001869,51,2024-01-29 09:13:59.000984,682,1.037,0.0011,"aoml_navis",1030.19973154788
"7901009",24,0,1,0.026166,1,0.003738,1,113.84454170704,1,4.85336945478189,684,1,9.55799961090088,35.1370010375977,0.0261659994721413,0,109.781799316406,-85.437,23.7506,63.584055127594,63,63,63,63,61,63,0,8521,1.64861680440262,24,-85,0.001869,51,2024-01-29 09:13:59.000984,684,1.037,0.0011,"aoml_navis",1030.21211275677
"7901009",24,0,1,0.029904,1,0.007476,1,113.850768245495,1,4.85332364697914,686,1,9.54500007629395,35.1349983215332,0.0299040004611015,0,109.787803649902,-85.437,23.7506,63.584055127594,63,63,63,63,61,63,0,8521,1.64861680440262,24,-85,0.001869,51,2024-01-29 09:13:59.000984,686,1.037,0.0011,"aoml_navis",1030.2218363517
"7901009",24,0,1,0.028035,1,0.005607,1,113.808139796707,1,4.85327952869525,688,1,9.53400039672852,35.132999420166,0.0280349999666214,0,109.746696472168,-85.437,23.7506,63.584055127594,63,63,63,63,61,63,0,8521,1.64861680440262,24,-85,0.001869,51,2024-01-29 09:13:59.000984,688,1.037,0.0011,"aoml_navis",1030.23120148701
"7901009",24,0,1,0.026166,1,0.003738,1,113.808036944102,1,4.85323059176047,690,1,9.51299953460693,35.1300010681152,0.0261659994721413,0,109.746597290039,-85.437,23.7506,63.584055127594,63,63,63,63,61,63,0,8521,1.64861680440262,24,-85,0.001869,51,2024-01-29 09:13:59.000984,690,1.037,0.0011,"aoml_navis",1030.24158969259
"7901009",24,0,1,0.028035,1,0.005607,1,113.786058133647,1,4.85318028207882,692,1,9.49899959564209,35.1290016174316,0.0280349999666214,0,109.725402832031,-85.437,23.7506,63.584055127594,63,63,63,63,61,63,0,8521,1.64861680440262,24,-85,0.001869,51,2024-01-29 09:13:59.000984,692,1.037,0.0011,"aoml_navis",1030.25226951971
"7901009",24,0,1,0.024297,1,0.001869,1,113.76220424109,1,4.85313677143537,694,1,9.49300003051758,35.1279983520508,0.0242970008403063,0,109.70240020752,-85.437,23.7506,63.584055127594,63,63,63,63,61,63,0,8521,1.64861680440262,24,-85,0.001869,51,2024-01-29 09:13:59.000984,694,1.037,0.0011,"aoml_navis",1030.26150621368
"7901009",24,0,1,0.031773,1,0.009345,1,113.802024022595,1,4.85307855648857,696,1,9.46100044250488,35.125,0.0317730009555817,0,109.740798950195,-85.437,23.7506,63.584055127594,63,63,63,63,61,63,0,8521,1.64861680440262,24,-85,0.001869,51,2024-01-29 09:13:59.000984,696,1.037,0.0011,"aoml_navis",1030.27386468224
"7901009",24,0,1,0.024297,1,0.001869,1,113.861338328565,1,4.8530262952537,698,1,9.43599987030029,35.1220016479492,0.0242970008403063,0,109.797996520996,-85.437,23.7506,63.584055127594,63,63,63,63,61,63,0,8521,1.64861680440262,24,-85,0.001869,51,2024-01-29 09:13:59.000984,698,1.037,0.0011,"aoml_navis",1030.28495948807
"7901009",24,0,1,0.029904,1,0.007476,1,113.817372795916,1,4.85297969850534,700,1,9.42199993133545,35.1199989318848,0.0299040004611015,0,109.755599975586,-85.437,23.7506,63.584055127594,63,63,63,63,61,63,0,8521,1.64861680440262,24,-85,0.001869,51,2024-01-29 09:13:59.000984,700,1.037,0.0011,"aoml_navis",1030.29485195249
"7901009",24,0,1,0.028035,1,0.005607,1,113.766872166997,1,4.85293506014034,702,1,9.41899967193604,35.1199989318848,0.0280349999666214,0,109.706901550293,-85.437,23.7506,63.584055127594,63,63,63,63,61,63,0,8521,1.64861680440262,24,-85,0.001869,51,2024-01-29 09:13:59.000984,702,1.037,0.0011,"aoml_navis",1030.30432883135
"7901009",24,0,1,0.024297,1,0.001869,1,113.641494841839,1,4.85289858999273,704,1,9.41699981689453,35.1180000305176,0.0242970008403063,0,109.585998535156,-85.437,23.7506,63.584055127594,63,63,63,63,61,63,0,8521,1.64861680440262,24,-85,0.001869,51,2024-01-29 09:13:59.000984,704,1.037,0.0011,"aoml_navis",1030.31207169888
"7901009",24,0,1,0.029904,1,0.007476,1,113.728603086301,1,4.852817766617,706,1,9.34500026702881,35.1119995117188,0.0299040004611015,0,109.669998168945,-85.437,23.7506,63.584055127594,63,63,63,63,61,63,0,8521,1.64861680440262,24,-85,0.001869,51,2024-01-29 09:13:59.000984,706,1.037,0.0011,"aoml_navis",1030.32923148186
"7901009",24,0,1,0.026166,1,0.003738,1,113.829715108482,1,4.8527581371961,708,1,9.29800033569336,35.1059989929199,0.0261659994721413,0,109.767501831055,-85.437,23.7506,63.584055127594,63,63,63,63,61,63,0,8521,1.64861680440262,24,-85,0.001869,51,2024-01-29 09:13:59.000984,708,1.037,0.0011,"aoml_navis",1030.34189189758
"7901009",24,0,1,0.028035,1,0.005607,1,113.849209632947,1,4.85270466533741,710,1,9.26700019836426,35.1020011901855,0.0280349999666214,0,109.78630065918,-85.437,23.7506,63.584055127594,63,63,63,63,61,63,0,8521,1.64861680440262,24,-85,0.001869,51,2024-01-29 09:13:59.000984,710,1.037,0.0011,"aoml_navis",1030.35324521492
"7901009",24,0,1,0.026166,1,0.003738,1,113.897637386294,1,4.85265009426664,712,1,9.23900032043457,35.0989990234375,0.0261659994721413,0,109.833000183105,-85.437,23.7506,63.584055127594,63,63,63,63,61,63,0,8521,1.64861680440262,24,-85,0.001869,51,2024-01-29 09:13:59.000984,712,1.037,0.0011,"aoml_navis",1030.36483217849
"7901009",24,0,1,0.029904,1,0.007476,1,113.97447619376,1,4.85258983536343,714,1,9.19099998474121,35.0929985046387,0.0299040004611015,0,109.907096862793,-85.437,23.7506,63.584055127594,63,63,63,63,61,63,0,8521,1.64861680440262,24,-85,0.001869,51,2024-01-29 09:13:59.000984,714,1.037,0.0011,"aoml_navis",1030.37762713063
"7901009",24,0,1,0.028035,1,0.005607,1,114.042192766362,1,4.85253316345074,716,1,9.1560001373291,35.0890007019043,0.0280349999666214,0,109.972396850586,-85.437,23.7506,63.584055127594,63,63,63,63,61,63,0,8521,1.64861680440262,24,-85,0.001869,51,2024-01-29 09:13:59.000984,716,1.037,0.0011,"aoml_navis",1030.38966073637
"7901009",24,0,1,0.033642,1,0.011214,1,114.072162433031,1,4.85248287653607,718,1,9.13300037384033,35.0859985351562,0.0336420014500618,0,110.00129699707,-85.437,23.7506,63.584055127594,63,63,63,63,61,63,0,8521,1.64861680440262,24,-85,0.001869,51,2024-01-29 09:13:59.000984,718,1.037,0.0011,"aoml_navis",1030.40033879918
"7901009",24,0,1,0.026166,1,0.003738,1,114.079322556667,1,4.85244091082401,720,1,9.11999988555908,35.0830001831055,0.0261659994721413,0,110.008201599121,-85.437,23.7506,63.584055127594,63,63,63,63,61,63,0,8521,1.64861680440262,24,-85,0.001869,51,2024-01-29 09:13:59.000984,720,1.037,0.0011,"aoml_navis",1030.40925008419
"7901009",24,0,1,0.029904,1,0.007476,1,114.313059056769,1,4.85237459529146,722,1,9.0600004196167,35.076000213623,0.0299040004611015,0,110.233596801758,-85.437,23.7506,63.584055127594,63,63,63,63,61,63,0,8521,1.64861680440262,24,-85,0.001869,51,2024-01-29 09:13:59.000984,722,1.037,0.0011,"aoml_navis",1030.42333229009
"7901009",24,0,1,0.028035,1,0.005607,1,114.48002048119,1,4.85232083727399,724,1,9.01500034332275,35.0690002441406,0.0280349999666214,0,110.394599914551,-85.437,23.7506,63.584055127594,63,63,63,63,61,63,0,8521,1.64861680440262,24,-85,0.001869,51,2024-01-29 09:13:59.000984,724,1.037,0.0011,"aoml_navis",1030.43474817073
"7901009",24,0,1,0.026166,1,0.003738,1,114.934644817543,1,4.85222039990532,726,1,8.88199996948242,35.0550003051758,0.0261659994721413,0,110.833000183105,-85.437,23.7506,63.584055127594,63,63,63,63,61,63,0,8521,1.64861680440262,24,-85,0.001869,51,2024-01-29 09:13:59.000984,726,1.037,0.0011,"aoml_navis",1030.45607740686
"7901009",24,0,1,0.029904,1,0.007476,1,115.454493528768,1,4.85210938645228,728,1,8.72599983215332,35.0390014648438,0.0299040004611015,0,111.334297180176,-85.437,23.7506,63.584055127594,63,63,63,63,61,63,0,8521,1.64861680440262,24,-85,0.001869,51,2024-01-29 09:13:59.000984,728,1.037,0.0011,"aoml_navis",1030.47965364521
"7901009",24,0,1,0.028035,1,0.005607,1,115.65463678582,1,4.85203640325301,730,1,8.66100025177002,35.0330009460449,0.0280349999666214,0,111.527297973633,-85.437,23.7506,63.584055127594,63,63,63,63,61,63,0,8521,1.64861680440262,24,-85,0.001869,51,2024-01-29 09:13:59.000984,730,1.037,0.0011,"aoml_navis",1030.49515387967
"7901009",24,0,1,0.028035,1,0.005607,1,115.752425877695,1,4.85198133384459,732,1,8.6269998550415,35.0289993286133,0.0280349999666214,0,111.621597290039,-85.437,23.7506,63.584055127594,63,63,63,63,61,63,0,8521,1.64861680440262,24,-85,0.001869,51,2024-01-29 09:13:59.000984,732,1.037,0.0011,"aoml_navis",1030.50684987655
"7901009",24,0,1,0.026166,1,0.003738,1,115.864424452499,1,4.85192381211941,734,1,8.59899997711182,35.0270004272461,0.0261659994721413,0,111.729598999023,-85.437,23.7506,63.584055127594,63,63,63,63,61,63,0,8521,1.64861680440262,24,-85,0.001869,51,2024-01-29 09:13:59.000984,734,1.037,0.0011,"aoml_navis",1030.5190669958
"7901009",24,0,1,0.022428,1,0,1,115.870025963587,1,4.85187923640867,736,1,8.58699989318848,35.0250015258789,0.0224280003458261,0,111.735000610352,-85.437,23.7506,63.584055127594,63,63,63,63,61,63,0,8521,1.64861680440262,24,-85,0.001869,51,2024-01-29 09:13:59.000984,736,1.037,0.0011,"aoml_navis",1030.52853469225
"7901009",24,0,1,0.028035,1,0.005607,1,115.882051806601,1,4.85183666502742,738,1,8.58199977874756,35.023998260498,0.0280349999666214,0,111.746597290039,-85.437,23.7506,63.584055127594,63,63,63,63,61,63,0,8521,1.64861680440262,24,-85,0.001869,51,2024-01-29 09:13:59.000984,738,1.037,0.0011,"aoml_navis",1030.53757683983
"7901009",24,0,1,0.029904,1,0.007476,1,115.908912159911,1,4.85179085216602,740,1,8.57299995422363,35.0229988098145,0.0299040004611015,0,111.772499084473,-85.437,23.7506,63.584055127594,63,63,63,63,61,63,0,8521,1.64861680440262,24,-85,0.001869,51,2024-01-29 09:13:59.000984,740,1.037,0.0011,"aoml_navis",1030.547307654
"7901009",24,0,1,0.028035,1,0.005607,1,115.935250338459,1,4.85174504242448,742,1,8.56400012969971,35.0219993591309,0.0280349999666214,0,111.797897338867,-85.437,23.7506,63.584055127594,63,63,63,63,61,63,0,8521,1.64861680440262,24,-85,0.001869,51,2024-01-29 09:13:59.000984,742,1.037,0.0011,"aoml_navis",1030.55703798925
"7901009",24,0,1,0.028035,1,0.005607,1,116.040713816994,1,4.85169930878467,744,1,8.54599952697754,35.0190010070801,0.0280349999666214,0,111.899597167969,-85.437,23.7506,63.584055127594,63,63,63,63,61,63,0,8521,1.64861680440262,24,-85,0.001869,51,2024-01-29 09:13:59.000984,744,1.037,0.0011,"aoml_navis",1030.56675234321
"7901009",24,0,1,0.029904,1,0.007476,1,116.355964962209,1,4.85162242600251,746,1,8.4709997177124,35.0120010375977,0.0299040004611015,0,112.203598022461,-85.437,23.7506,63.584055127594,63,63,63,63,61,63,0,8521,1.64861680440262,24,-85,0.001869,51,2024-01-29 09:13:59.000984,746,1.037,0.0011,"aoml_navis",1030.58308354794
"7901009",24,0,1,0.029904,1,0.007476,1,116.596553028133,1,4.85154612443059,748,1,8.40100002288818,35.0060005187988,0.0299040004611015,0,112.435600280762,-85.437,23.7506,63.584055127594,63,63,63,63,61,63,0,8521,1.64861680440262,24,-85,0.001869,51,2024-01-29 09:13:59.000984,748,1.037,0.0011,"aoml_navis",1030.59929180552
"7901009",24,0,1,0.028035,1,0.005607,1,116.702744386641,1,4.85149732225514,750,1,8.37899971008301,35.0029983520508,0.0280349999666214,0,112.53800201416,-85.437,23.7506,63.584055127594,63,63,63,63,61,63,0,8521,1.64861680440262,24,-85,0.001869,51,2024-01-29 09:13:59.000984,750,1.037,0.0011,"aoml_navis",1030.60965880856
"7901009",24,0,1,0.028035,1,0.005607,1,116.820961588161,1,4.85144265988034,751.900024414062,1,8.34700012207031,35,0.0280349999666214,0,112.652000427246,-85.437,23.7506,63.584055127594,63,63,63,63,61,63,0,8521,1.64861680440262,24,-85,0.001869,51,2024-01-29 09:13:59.000984,751.900024414062,1.037,0.0011,"aoml_navis",1030.6212709362
"7901009",24,0,1,0.028035,1,0.005607,1,116.928600794873,1,4.85138222289195,754,1,8.3129997253418,34.9970016479492,0.0280349999666214,0,112.755798339844,-85.437,23.7506,63.584055127594,63,63,63,63,61,63,0,8521,1.64861680440262,24,-85,0.001869,51,2024-01-29 09:13:59.000984,754,1.037,0.0011,"aoml_navis",1030.63411009068
"7901009",24,0,1,0.028035,1,0.005607,1,117.039460079287,1,4.85131998687702,756,1,8.27400016784668,34.9939994812012,0.0280349999666214,0,112.862701416016,-85.437,23.7506,63.584055127594,63,63,63,63,61,63,0,8521,1.64861680440262,24,-85,0.001869,51,2024-01-29 09:13:59.000984,756,1.037,0.0011,"aoml_navis",1030.64733176232
"7901009",24,0,1,0.029904,1,0.007476,1,117.21118437048,1,4.85125909015995,758,1,8.23200035095215,34.9900016784668,0.0299040004611015,0,113.028297424316,-85.437,23.7506,63.584055127594,63,63,63,63,61,63,0,8521,1.64861680440262,24,-85,0.001869,51,2024-01-29 09:13:59.000984,758,1.037,0.0011,"aoml_navis",1030.66026923644
"7901009",24,0,1,0.028035,1,0.005607,1,117.352527584586,1,4.85120122463223,760,1,8.20300006866455,34.9879989624023,0.0280349999666214,0,113.164596557617,-85.437,23.7506,63.584055127594,63,63,63,63,61,63,0,8521,1.64861680440262,24,-85,0.001869,51,2024-01-29 09:13:59.000984,760,1.037,0.0011,"aoml_navis",1030.67256303701
"7901009",24,0,1,0.031773,1,0.009345,1,117.357092657888,1,4.85115048920023,762,1,8.18299961090088,34.9860000610352,0.0317730009555817,0,113.168998718262,-85.437,23.7506,63.584055127594,63,63,63,63,61,63,0,8521,1.64861680440262,24,-85,0.001869,51,2024-01-29 09:13:59.000984,762,1.037,0.0011,"aoml_navis",1030.68334225688
"7901009",24,0,1,0.029904,1,0.007476,1,117.385195154194,1,4.85109373190332,764,1,8.15999984741211,34.9850006103516,0.0299040004611015,0,113.196098327637,-85.437,23.7506,63.584055127594,63,63,63,63,61,63,0,8521,1.64861680440262,24,-85,0.001869,51,2024-01-29 09:13:59.000984,764,1.037,0.0011,"aoml_navis",1030.69540114581
"7901009",24,0,1,0.029904,1,0.007476,1,117.358548417831,1,4.85105198463278,766,1,8.1560001373291,34.984001159668,0.0299040004611015,0,113.170402526855,-85.437,23.7506,63.584055127594,63,63,63,63,61,63,0,8521,1.64861680440262,24,-85,0.001869,51,2024-01-29 09:13:59.000984,766,1.037,0.0011,"aoml_navis",1030.70427112285
"7901009",24,0,1,0.024297,1,0.001869,1,117.344647492716,1,4.85100814933335,768,1,8.1540002822876,34.984001159668,0.0242970008403063,0,113.156997680664,-85.437,23.7506,63.584055127594,63,63,63,63,61,63,0,8521,1.64861680440262,24,-85,0.001869,51,2024-01-29 09:13:59.000984,768,1.037,0.0011,"aoml_navis",1030.71358490443
"7901009",24,0,1,0.028035,1,0.005607,1,117.344338934902,1,4.85096640470024,770,1,8.14999961853027,34.9830017089844,0.0280349999666214,0,113.156700134277,-85.437,23.7506,63.584055127594,63,63,63,63,61,63,0,8521,1.64861680440262,24,-85,0.001869,51,2024-01-29 09:13:59.000984,770,1.037,0.0011,"aoml_navis",1030.72245463406
"7901009",24,0,1,0.029904,1,0.007476,1,117.354086197134,1,4.85092257310481,772,1,8.14799976348877,34.9830017089844,0.0299040004611015,0,113.16609954834,-85.437,23.7506,63.584055127594,63,63,63,63,61,63,0,8521,1.64861680440262,24,-85,0.001869,51,2024-01-29 09:13:59.000984,772,1.037,0.0011,"aoml_navis",1030.73176795724
"7901009",24,0,1,0.028035,1,0.005607,1,117.415481290415,1,4.85087610989347,774,1,8.13799953460693,34.9819984436035,0.0280349999666214,0,113.225303649902,-85.437,23.7506,63.584055127594,63,63,63,63,61,63,0,8521,1.64861680440262,24,-85,0.001869,51,2024-01-29 09:13:59.000984,774,1.037,0.0011,"aoml_navis",1030.74164062908
"7901009",24,0,1,0.031773,1,0.009345,1,117.559103085302,1,4.85082226507288,776,1,8.11400032043457,34.9799995422363,0.0317730009555817,0,113.363800048828,-85.437,23.7506,63.584055127594,63,63,63,63,61,63,0,8521,1.64861680440262,24,-85,0.001869,51,2024-01-29 09:13:59.000984,776,1.037,0.0011,"aoml_navis",1030.75308200864
"7901009",24,0,1,0.029904,1,0.007476,1,117.806843363125,1,4.85077026863561,778,1,8.08300018310547,34.976001739502,0.0299040004611015,0,113.602699279785,-85.437,23.7506,63.584055127594,63,63,63,63,61,63,0,8521,1.64861680440262,24,-85,0.001869,51,2024-01-29 09:13:59.000984,778,1.037,0.0011,"aoml_navis",1030.76413086995
"7901009",24,0,1,0.028035,1,0.005607,1,118.103533569056,1,4.85069973852767,780,1,8.03299999237061,34.9729995727539,0.0280349999666214,0,113.888801574707,-85.437,23.7506,63.584055127594,63,63,63,63,61,63,0,8521,1.64861680440262,24,-85,0.001869,51,2024-01-29 09:13:59.000984,780,1.037,0.0011,"aoml_navis",1030.77911837884
"7901009",24,0,1,0.029904,1,0.007476,1,118.370254108319,1,4.85064157955468,782,1,7.99399995803833,34.9690017700195,0.0299040004611015,0,114.146003723145,-85.437,23.7506,63.584055127594,63,63,63,63,61,63,0,8521,1.64861680440262,24,-85,0.001869,51,2024-01-29 09:13:59.000984,782,1.037,0.0011,"aoml_navis",1030.79147737381
"7901009",24,0,1,0.029904,1,0.007476,1,118.617891533536,1,4.85058060966496,784,1,7.95599985122681,34.9659996032715,0.0299040004611015,0,114.384803771973,-85.437,23.7506,63.584055127594,63,63,63,63,61,63,0,8521,1.64861680440262,24,-85,0.001869,51,2024-01-29 09:13:59.000984,784,1.037,0.0011,"aoml_navis",1030.8044340171
"7901009",24,0,1,0.026166,1,0.003738,1,118.828818490607,1,4.85051189140864,786,1,7.90799999237061,34.9630012512207,0.0261659994721413,0,114.588203430176,-85.437,23.7506,63.584055127594,63,63,63,63,61,63,0,8521,1.64861680440262,24,-85,0.001869,51,2024-01-29 09:13:59.000984,786,1.037,0.0011,"aoml_navis",1030.81903764758
"7901009",24,0,1,0.028035,1,0.005607,1,118.921314629208,1,4.85046393445789,788,1,7.89599990844727,34.9620018005371,0.0280349999666214,0,114.677398681641,-85.437,23.7506,63.584055127594,63,63,63,63,61,63,0,8521,1.64861680440262,24,-85,0.001869,51,2024-01-29 09:13:59.000984,788,1.037,0.0011,"aoml_navis",1030.82922944335
"7901009",24,0,1,0.031773,1,0.009345,1,119.0005427818,1,4.85041344117835,790,1,7.87599992752075,34.9599990844727,0.0317730009555817,0,114.753799438477,-85.437,23.7506,63.584055127594,63,63,63,63,61,63,0,8521,1.64861680440262,24,-85,0.001869,51,2024-01-29 09:13:59.000984,790,1.037,0.0011,"aoml_navis",1030.83996047671
"7901009",24,0,1,0.031773,1,0.009345,1,119.108601310669,1,4.85036394273155,792,1,7.86199998855591,34.9589996337891,0.0317730009555817,0,114.858001708984,-85.437,23.7506,63.584055127594,63,63,63,63,61,63,0,8521,1.64861680440262,24,-85,0.001869,51,2024-01-29 09:13:59.000984,792,1.037,0.0011,"aoml_navis",1030.85048030111
"7901009",24,0,1,0.029904,1,0.007476,1,119.159624114351,1,4.8503175595032,794,1,7.85200023651123,34.9580001831055,0.0299040004611015,0,114.907203674316,-85.437,23.7506,63.584055127594,63,63,63,63,61,63,0,8521,1.64861680440262,24,-85,0.001869,51,2024-01-29 09:13:59.000984,794,1.037,0.0011,"aoml_navis",1030.86033824807
"7901009",24,0,1,0.028035,1,0.005607,1,119.276385555928,1,4.85026186094848,796,1,7.82999992370605,34.9570007324219,0.0280349999666214,0,115.019798278809,-85.437,23.7506,63.584055127594,63,63,63,63,61,63,0,8521,1.64861680440262,24,-85,0.001869,51,2024-01-29 09:13:59.000984,796,1.037,0.0011,"aoml_navis",1030.87217625447
"7901009",24,0,1,0.028035,1,0.005607,1,119.406217190043,1,4.85022071033759,798,1,7.82200002670288,34.9550018310547,0.0280349999666214,0,115.144996643066,-85.437,23.7506,63.584055127594,63,63,63,63,61,63,0,8521,1.64861680440262,24,-85,0.001869,51,2024-01-29 09:13:59.000984,798,1.037,0.0011,"aoml_navis",1030.88092245847
"7901009",24,0,1,0.029904,1,0.007476,1,119.660286858926,1,4.85016484441031,800,1,7.79500007629395,34.9529991149902,0.0299040004611015,0,115.389999389648,-85.437,23.7506,63.584055127594,63,63,63,63,61,63,0,8521,1.64861680440262,24,-85,0.001869,51,2024-01-29 09:13:59.000984,800,1.037,0.0011,"aoml_navis",1030.89279651234
"7901009",24,0,1,0.029904,1,0.007476,1,119.944943310104,1,4.850100288512,802,1,7.7519998550415,34.9500007629395,0.0299040004611015,0,115.664497375488,-85.437,23.7506,63.584055127594,63,63,63,63,61,63,0,8521,1.64861680440262,24,-85,0.001869,51,2024-01-29 09:13:59.000984,802,1.037,0.0011,"aoml_navis",1030.90651792151
"7901009",24,0,1,0.028035,1,0.005607,1,120.256357261989,1,4.85003753874108,804,1,7.71600008010864,34.9480018615723,0.0280349999666214,0,115.964797973633,-85.437,23.7506,63.584055127594,63,63,63,63,61,63,0,8521,1.64861680440262,24,-85,0.001869,51,2024-01-29 09:13:59.000984,804,1.037,0.0011,"aoml_navis",1030.9198557869
"7901009",24,0,1,0.029904,1,0.007476,1,120.532200036117,1,4.84998083576124,806,1,7.68300008773804,34.9449996948242,0.0299040004611015,0,116.230796813965,-85.437,23.7506,63.584055127594,63,63,63,63,61,63,0,8521,1.64861680440262,24,-85,0.001869,51,2024-01-29 09:13:59.000984,806,1.037,0.0011,"aoml_navis",1030.931908665
"7901009",24,0,1,0.026166,1,0.003738,1,120.743126993187,1,4.84992971842407,808,1,7.66200017929077,34.943000793457,0.0261659994721413,0,116.434196472168,-85.437,23.7506,63.584055127594,63,63,63,63,61,63,0,8521,1.64861680440262,24,-85,0.001869,51,2024-01-29 09:13:59.000984,808,1.037,0.0011,"aoml_navis",1030.94277449132
"7901009",24,0,1,0.029904,1,0.007476,1,121.150573630928,1,4.84987554453487,810,1,7.63700008392334,34.9410018920898,0.0299040004611015,0,116.827102661133,-85.437,23.7506,63.584055127594,63,63,63,63,61,63,0,8521,1.64861680440262,24,-85,0.001869,51,2024-01-29 09:13:59.000984,810,1.037,0.0011,"aoml_navis",1030.95429028778
"7901009",24,0,1,0.031773,1,0.009345,1,121.559254499925,1,4.84979336467357,812,1,7.56099987030029,34.9360008239746,0.0317730009555817,0,117.221199035645,-85.437,23.7506,63.584055127594,63,63,63,63,61,63,0,8521,1.64861680440262,24,-85,0.001869,51,2024-01-29 09:13:59.000984,812,1.037,0.0011,"aoml_navis",1030.97175983219
"7901009",24,0,1,0.031773,1,0.009345,1,121.740836817694,1,4.84973180375983,814,1,7.5310001373291,34.935001373291,0.0317730009555817,0,117.396301269531,-85.437,23.7506,63.584055127594,63,63,63,63,61,63,0,8521,1.64861680440262,24,-85,0.001869,51,2024-01-29 09:13:59.000984,814,1.037,0.0011,"aoml_navis",1030.98484665145
"7901009",24,0,1,0.028035,1,0.005607,1,121.952491654736,1,4.84967486492089,816,1,7.50699996948242,34.9339981079102,0.0280349999666214,0,117.600402832031,-85.437,23.7506,63.584055127594,63,63,63,63,61,63,0,8521,1.64861680440262,24,-85,0.001869,51,2024-01-29 09:13:59.000984,816,1.037,0.0011,"aoml_navis",1030.99695119078
"7901009",24,0,1,0.026166,1,0.003738,1,122.146202668123,1,4.84962693604858,818,1,7.48999977111816,34.931999206543,0.0261659994721413,0,117.787200927734,-85.437,23.7506,63.584055127594,63,63,63,63,61,63,0,8521,1.64861680440262,24,-85,0.001869,51,2024-01-29 09:13:59.000984,818,1.037,0.0011,"aoml_navis",1031.00714053563
"7901009",24,0,1,0.028035,1,0.005607,1,122.399955867452,1,4.84956697775432,820,1,7.46199989318848,34.9309997558594,0.0280349999666214,0,118.031898498535,-85.437,23.7506,63.584055127594,63,63,63,63,61,63,0,8521,1.64861680440262,24,-85,0.001869,51,2024-01-29 09:13:59.000984,820,1.037,0.0011,"aoml_navis",1031.01988753547
"7901009",24,0,1,0.028035,1,0.005607,1,122.6397132008,1,4.84952059689897,822,1,7.44700002670288,34.9290008544922,0.0280349999666214,0,118.26309967041,-85.437,23.7506,63.584055127594,63,63,63,63,61,63,0,8521,1.64861680440262,24,-85,0.001869,51,2024-01-29 09:13:59.000984,822,1.037,0.0011,"aoml_navis",1031.02974821826
"7901009",24,0,1,0.029904,1,0.007476,1,122.959212949764,1,4.84946296056174,824,1,7.42199993133545,34.9280014038086,0.0299040004611015,0,118.571197509766,-85.437,23.7506,63.584055127594,63,63,63,63,61,63,0,8521,1.64861680440262,24,-85,0.001869,51,2024-01-29 09:13:59.000984,824,1.037,0.0011,"aoml_navis",1031.04200210673
"7901009",24,0,1,0.028035,1,0.005607,1,123.442153399371,1,4.84939150535434,826,1,7.36899995803833,34.9249992370605,0.0280349999666214,0,119.036903381348,-85.437,23.7506,63.584055127594,63,63,63,63,61,63,0,8521,1.64861680440262,24,-85,0.001869,51,2024-01-29 09:13:59.000984,826,1.037,0.0011,"aoml_navis",1031.05719438807
"7901009",24,0,1,0.029904,1,0.007476,1,123.781044820194,1,4.84933384180328,828,1,7.33900022506714,34.9230003356934,0.0299040004611015,0,119.363700866699,-85.437,23.7506,63.584055127594,63,63,63,63,61,63,0,8521,1.64861680440262,24,-85,0.001869,51,2024-01-29 09:13:59.000984,828,1.037,0.0011,"aoml_navis",1031.06945471518
"7901009",24,0,1,0.029904,1,0.007476,1,124.149905907685,1,4.84927395217261,830,1,7.30600023269653,34.9210014343262,0.0299040004611015,0,119.719398498535,-85.437,23.7506,63.584055127594,63,63,63,63,61,63,0,8521,1.64861680440262,24,-85,0.001869,51,2024-01-29 09:13:59.000984,830,1.037,0.0011,"aoml_navis",1031.08218865628
"7901009",24,0,1,0.031773,1,0.009345,1,124.585557894336,1,4.84921420964874,832,1,7.27799987792969,34.9199981689453,0.0317730009555817,0,120.139503479004,-85.437,23.7506,63.584055127594,63,63,63,63,61,63,0,8521,1.64861680440262,24,-85,0.001869,51,2024-01-29 09:13:59.000984,832,1.037,0.0011,"aoml_navis",1031.09489163239
"7901009",24,0,1,0.029904,1,0.007476,1,125.092652882576,1,4.84914230983292,834,1,7.22399997711182,34.9169998168945,0.0299040004611015,0,120.62850189209,-85.437,23.7506,63.584055127594,63,63,63,63,61,63,0,8521,1.64861680440262,24,-85,0.001869,51,2024-01-29 09:13:59.000984,834,1.037,0.0011,"aoml_navis",1031.1101800129
"7901009",24,0,1,0.026166,1,0.003738,1,125.464828988635,1,4.84907515825296,836,1,7.18599987030029,34.9160003662109,0.0261659994721413,0,120.987396240234,-85.437,23.7506,63.584055127594,63,63,63,63,61,63,0,8521,1.64861680440262,24,-85,0.001869,51,2024-01-29 09:13:59.000984,836,1.037,0.0011,"aoml_navis",1031.12445916417
"7901009",24,0,1,0.029904,1,0.007476,1,125.845106715251,1,4.84900731893549,838,1,7.14699983596802,34.9150009155273,0.0299040004611015,0,121.354103088379,-85.437,23.7506,63.584055127594,63,63,63,63,61,63,0,8521,1.64861680440262,24,-85,0.001869,51,2024-01-29 09:13:59.000984,838,1.037,0.0011,"aoml_navis",1031.13888495793
"7901009",24,0,1,0.031773,1,0.009345,1,126.093155550887,1,4.84894401316453,840,1,7.11399984359741,34.9140014648438,0.0317730009555817,0,121.593299865723,-85.437,23.7506,63.584055127594,63,63,63,63,61,63,0,8521,1.64861680440262,24,-85,0.001869,51,2024-01-29 09:13:59.000984,840,1.037,0.0011,"aoml_navis",1031.15234707296
"7901009",24,0,1,0.033642,1,0.011214,1,126.25835265755,1,4.84889863277045,842,1,7.10500001907349,34.9129981994629,0.0336420014500618,0,121.752601623535,-85.437,23.7506,63.584055127594,63,63,63,63,61,63,0,8521,1.64861680440262,24,-85,0.001869,51,2024-01-29 09:13:59.000984,842,1.037,0.0011,"aoml_navis",1031.16199753246
"7901009",24,0,1,0.031773,1,0.009345,1,126.486392705698,1,4.84885329198412,844,1,7.10099983215332,34.9129981994629,0.0317730009555817,0,121.972503662109,-85.437,23.7506,63.584055127594,63,63,63,63,61,63,0,8521,1.64861680440262,24,-85,0.001869,51,2024-01-29 09:13:59.000984,844,1.037,0.0011,"aoml_navis",1031.1716397495
"7901009",24,0,1,0.028035,1,0.005607,1,127.010078610253,1,4.84880487512349,846,1,7.08300018310547,34.9109992980957,0.0280349999666214,0,122.477500915527,-85.437,23.7506,63.584055127594,63,63,63,63,61,63,0,8521,1.64861680440262,24,-85,0.001869,51,2024-01-29 09:13:59.000984,846,1.037,0.0011,"aoml_navis",1031.18193632666
"7901009",24,0,1,0.026166,1,0.003738,1,127.675321345862,1,4.84872453779855,848,1,7.02199983596802,34.9090003967285,0.0261659994721413,0,123.119003295898,-85.437,23.7506,63.584055127594,63,63,63,63,61,63,0,8521,1.64861680440262,24,-85,0.001869,51,2024-01-29 09:13:59.000984,848,1.037,0.0011,"aoml_navis",1031.19902172668
"7901009",24,0,1,0.028035,1,0.005607,1,128.12371914376,1,4.84863553661587,850,1,6.95900011062622,34.9090003967285,0.0280349999666214,0,123.551399230957,-85.437,23.7506,63.584055127594,63,63,63,63,61,63,0,8521,1.64861680440262,24,-85,0.001869,51,2024-01-29 09:13:59.000984,850,1.037,0.0011,"aoml_navis",1031.21795033697
"7901009",24,0,1,0.031773,1,0.009345,1,128.257079413391,1,4.8485842801533,852,1,6.94199991226196,34.9080009460449,0.0317730009555817,0,123.680000305176,-85.437,23.7506,63.584055127594,63,63,63,63,61,63,0,8521,1.64861680440262,24,-85,0.001869,51,2024-01-29 09:13:59.000984,852,1.037,0.0011,"aoml_navis",1031.22885178391
"7901009",24,0,1,0.031773,1,0.009345,1,128.346260533425,1,4.84853894959564,854,1,6.93800020217896,34.9080009460449,0.0317730009555817,0,123.765998840332,-85.437,23.7506,63.584055127594,63,63,63,63,61,63,0,8521,1.64861680440262,24,-85,0.001869,51,2024-01-29 09:13:59.000984,854,1.037,0.0011,"aoml_navis",1031.23849307573
"7901009",24,0,1,0.024297,1,0.001869,1,128.535620090459,1,4.84849139280484,856,1,6.92600011825562,34.9070014953613,0.0242970008403063,0,123.948600769043,-85.437,23.7506,63.584055127594,63,63,63,63,61,63,0,8521,1.64861680440262,24,-85,0.001869,51,2024-01-29 09:13:59.000984,856,1.037,0.0011,"aoml_navis",1031.24860805569
"7901009",24,0,1,0.028035,1,0.005607,1,128.71294589274,1,4.84844459224735,858,1,6.91499996185303,34.9059982299805,0.0280349999666214,0,124.119598388672,-85.437,23.7506,63.584055127594,63,63,63,63,61,63,0,8521,1.64861680440262,24,-85,0.001869,51,2024-01-29 09:13:59.000984,858,1.037,0.0011,"aoml_navis",1031.25856238411
"7901009",24,0,1,0.029904,1,0.007476,1,128.905723320946,1,4.84838820820908,860,1,6.90100002288818,34.9070014953613,0.0299040004611015,0,124.30549621582,-85.437,23.7506,63.584055127594,63,63,63,63,61,63,0,8521,1.64861680440262,24,-85,0.001869,51,2024-01-29 09:13:59.000984,860,1.037,0.0011,"aoml_navis",1031.27055534336
"7901009",24,0,1,0.028035,1,0.005607,1,129.096847195738,1,4.84833772859903,862,1,6.8899998664856,34.9070014953613,0.0280349999666214,0,124.489799499512,-85.437,23.7506,63.584055127594,63,63,63,63,61,63,0,8521,1.64861680440262,24,-85,0.001869,51,2024-01-29 09:13:59.000984,862,1.037,0.0011,"aoml_navis",1031.28129265962
"7901009",24,0,1,0.029904,1,0.007476,1,129.408364000227,1,4.84828652686233,864,1,6.8730001449585,34.9059982299805,0.0299040004611015,0,124.790199279785,-85.437,23.7506,63.584055127594,63,63,63,63,61,63,0,8521,1.64861680440262,24,-85,0.001869,51,2024-01-29 09:13:59.000984,864,1.037,0.0011,"aoml_navis",1031.29218380496
"7901009",24,0,1,0.029904,1,0.007476,1,129.707641344754,1,4.84822062511669,866,1,6.84100008010864,34.9059982299805,0.0299040004611015,0,125.078796386719,-85.437,23.7506,63.584055127594,63,63,63,63,61,63,0,8521,1.64861680440262,24,-85,0.001869,51,2024-01-29 09:13:59.000984,866,1.037,0.0011,"aoml_navis",1031.30620213466
"7901009",24,0,1,0.031773,1,0.009345,1,129.837686595818,1,4.84817824780403,868,1,6.83599996566772,34.9049987792969,0.0317730009555817,0,125.204200744629,-85.437,23.7506,63.584055127594,63,63,63,63,61,63,0,8521,1.64861680440262,24,-85,0.001869,51,2024-01-29 09:13:59.000984,868,1.037,0.0011,"aoml_navis",1031.31521665169
"7901009",24,0,1,0.029904,1,0.007476,1,130.170873652948,1,4.84812192257654,870,1,6.81699991226196,34.9049987792969,0.0299040004611015,0,125.525497436523,-85.437,23.7506,63.584055127594,63,63,63,63,61,63,0,8521,1.64861680440262,24,-85,0.001869,51,2024-01-29 09:13:59.000984,870,1.037,0.0011,"aoml_navis",1031.32719841805
"7901009",24,0,1,0.029904,1,0.007476,1,130.495872060395,1,4.84806488915281,872,1,6.79199981689453,34.9039993286133,0.0299040004611015,0,125.838897705078,-85.437,23.7506,63.584055127594,63,63,63,63,61,63,0,8521,1.64861680440262,24,-85,0.001869,51,2024-01-29 09:13:59.000984,872,1.037,0.0011,"aoml_navis",1031.33933111892
"7901009",24,0,1,0.031773,1,0.009345,1,130.739988761836,1,4.84799979794635,874,1,6.76599979400635,34.9049987792969,0.0317730009555817,0,126.07430267334,-85.437,23.7506,63.584055127594,63,63,63,63,61,63,0,8521,1.64861680440262,24,-85,0.001869,51,2024-01-29 09:13:59.000984,874,1.037,0.0011,"aoml_navis",1031.35317829799
"7901009",24,0,1,0.029904,1,0.007476,1,130.782087124123,1,4.84795156246202,876,1,6.75799989700317,34.9049987792969,0.0299040004611015,0,126.114898681641,-85.437,23.7506,63.584055127594,63,63,63,63,61,63,0,8521,1.64861680440262,24,-85,0.001869,51,2024-01-29 09:13:59.000984,876,1.037,0.0011,"aoml_navis",1031.36343991456
"7901009",24,0,1,0.026166,1,0.003738,1,130.814129666363,1,4.84791212318095,878,1,6.75699996948242,34.9039993286133,0.0261659994721413,0,126.145797729492,-85.437,23.7506,63.584055127594,63,63,63,63,61,63,0,8521,1.64861680440262,24,-85,0.001869,51,2024-01-29 09:13:59.000984,878,1.037,0.0011,"aoml_navis",1031.37183037865
"7901009",24,0,1,0.028035,1,0.005607,1,130.935147623428,1,4.84786827957296,880,1,6.75500011444092,34.9039993286133,0.0280349999666214,0,126.262496948242,-85.437,23.7506,63.584055127594,63,63,63,63,61,63,0,8521,1.64861680440262,24,-85,0.001869,51,2024-01-29 09:13:59.000984,880,1.037,0.0011,"aoml_navis",1031.3811579964
"7901009",24,0,1,0.029904,1,0.007476,1,131.095993273737,1,4.84782004933269,882,1,6.74700021743774,34.9039993286133,0.0299040004611015,0,126.417602539062,-85.437,23.7506,63.584055127594,63,63,63,63,61,63,0,8521,1.64861680440262,24,-85,0.001869,51,2024-01-29 09:13:59.000984,882,1.037,0.0011,"aoml_navis",1031.39141905407
"7901009",24,0,1,0.029904,1,0.007476,1,131.286800678976,1,4.84777255243727,884,1,6.73999977111816,34.9039993286133,0.0299040004611015,0,126.601600646973,-85.437,23.7506,63.584055127594,63,63,63,63,61,63,0,8521,1.64861680440262,24,-85,0.001869,51,2024-01-29 09:13:59.000984,884,1.037,0.0011,"aoml_navis",1031.40152429103
"7901009",24,0,1,0.029904,1,0.007476,1,131.554557656025,1,4.84772654032572,886,1,6.73000001907349,34.9029998779297,0.0299040004611015,0,126.859802246094,-85.437,23.7506,63.584055127594,63,63,63,63,61,63,0,8521,1.64861680440262,24,-85,0.001869,51,2024-01-29 09:13:59.000984,886,1.037,0.0011,"aoml_navis",1031.41131382053
"7901009",24,0,1,0.029904,1,0.007476,1,131.91875081761,1,4.84766517490536,888,1,6.7039999961853,34.9029998779297,0.0299040004611015,0,127.210998535156,-85.437,23.7506,63.584055127594,63,63,63,63,61,63,0,8521,1.64861680440262,24,-85,0.001869,51,2024-01-29 09:13:59.000984,888,1.037,0.0011,"aoml_navis",1031.42437020676
"7901009",24,0,1,0.026166,1,0.003738,1,132.205068733942,1,4.84760019249304,890,1,6.6729998588562,34.9029998779297,0.0261659994721413,0,127.487098693848,-85.437,23.7506,63.584055127594,63,63,63,63,61,63,0,8521,1.64861680440262,24,-85,0.001869,51,2024-01-29 09:13:59.000984,890,1.037,0.0011,"aoml_navis",1031.43819652103
"7901009",24,0,1,0.031773,1,0.009345,1,132.341538316931,1,4.8475497996692,892,1,6.66200017929077,34.9029998779297,0.0317730009555817,0,127.618698120117,-85.437,23.7506,63.584055127594,63,63,63,63,61,63,0,8521,1.64861680440262,24,-85,0.001869,51,2024-01-29 09:13:59.000984,892,1.037,0.0011,"aoml_navis",1031.44891886231
"7901009",24,0,1,0.031773,1,0.009345,1,132.419421473923,1,4.84750232216622,894,1,6.65500020980835,34.9029998779297,0.0317730009555817,0,127.693801879883,-85.437,23.7506,63.584055127594,63,63,63,63,61,63,0,8521,1.64861680440262,24,-85,0.001869,51,2024-01-29 09:13:59.000984,894,1.037,0.0011,"aoml_navis",1031.45902109968
"7901009",24,0,1,0.028035,1,0.005607,1,132.508080419194,1,4.84746070508703,896,1,6.65100002288818,34.9020004272461,0.0280349999666214,0,127.779296875,-85.437,23.7506,63.584055127594,63,63,63,63,61,63,0,8521,1.64861680440262,24,-85,0.001869,51,2024-01-29 09:13:59.000984,896,1.037,0.0011,"aoml_navis",1031.46787652201
"7901009",24,0,1,0.020559,1,-0.001869,1,132.634494182138,1,4.84741395933047,898,1,6.64499998092651,34.9020004272461,0.020558999851346,0,127.90119934082,-85.437,23.7506,63.584055127594,63,63,63,63,61,63,0,8521,1.64861680440262,24,-85,0.001869,51,2024-01-29 09:13:59.000984,898,1.037,0.0011,"aoml_navis",1031.4778234229
"7901009",24,0,1,0.031773,1,0.009345,1,132.902559717001,1,4.84736576043533,900,1,6.63700008392334,34.9020004272461,0.0317730009555817,0,128.159698486328,-85.437,23.7506,63.584055127594,63,63,63,63,61,63,0,8521,1.64861680440262,24,-85,0.001869,51,2024-01-29 09:13:59.000984,900,1.037,0.0011,"aoml_navis",1031.48807973404
"7901009",24,0,1,0.028035,1,0.005607,1,133.246229828074,1,4.84731247372448,902,1,6.62200021743774,34.9020004272461,0.0280349999666214,0,128.491104125977,-85.437,23.7506,63.584055127594,63,63,63,63,61,63,0,8521,1.64861680440262,24,-85,0.001869,51,2024-01-29 09:13:59.000984,902,1.037,0.0011,"aoml_navis",1031.49941892609
"7901009",24,0,1,0.026166,1,0.003738,1,133.723877324407,1,4.84726432257029,904,1,6.60900020599365,34.9010009765625,0.0261659994721413,0,128.951705932617,-85.437,23.7506,63.584055127594,63,63,63,63,61,63,0,8521,1.64861680440262,24,-85,0.001869,51,2024-01-29 09:13:59.000984,904,1.037,0.0011,"aoml_navis",1031.50966550731
"7901009",24,0,1,0.031773,1,0.009345,1,134.353540970521,1,4.84717837264692,906,1,6.55399990081787,34.9020004272461,0.0317730009555817,0,129.558898925781,-85.437,23.7506,63.584055127594,63,63,63,63,61,63,0,8521,1.64861680440262,24,-85,0.001869,51,2024-01-29 09:13:59.000984,906,1.037,0.0011,"aoml_navis",1031.52795618487
"7901009",24,0,1,0.029904,1,0.007476,1,134.568091503973,1,4.84712663477359,908,1,6.53599977493286,34.9010009765625,0.0299040004611015,0,129.76579284668,-85.437,23.7506,63.584055127594,63,63,63,63,61,63,0,8521,1.64861680440262,24,-85,0.001869,51,2024-01-29 09:13:59.000984,908,1.037,0.0011,"aoml_navis",1031.53896663844
"7901009",24,0,1,0.028035,1,0.005607,1,134.730804324645,1,4.84707773983124,910,1,6.52699995040894,34.9010009765625,0.0280349999666214,0,129.922698974609,-85.437,23.7506,63.584055127594,63,63,63,63,61,63,0,8521,1.64861680440262,24,-85,0.001869,51,2024-01-29 09:13:59.000984,910,1.037,0.0011,"aoml_navis",1031.54937229748
"7901009",24,0,1,0.031773,1,0.009345,1,134.969628072811,1,4.84702378897397,912,1,6.51100015640259,34.9010009765625,0.0317730009555817,0,130.15299987793,-85.437,23.7506,63.584055127594,63,63,63,63,61,63,0,8521,1.64861680440262,24,-85,0.001869,51,2024-01-29 09:13:59.000984,912,1.037,0.0011,"aoml_navis",1031.56085418314
"7901009",24,0,1,0.026166,1,0.003738,1,135.242155828372,1,4.84697273509988,914,1,6.49900007247925,34.9010009765625,0.0261659994721413,0,130.415802001953,-85.437,23.7506,63.584055127594,63,63,63,63,61,63,0,8521,1.64861680440262,24,-85,0.001869,51,2024-01-29 09:13:59.000984,914,1.037,0.0011,"aoml_navis",1031.57171976478
"7901009",24,0,1,0.029904,1,0.007476,1,135.596190317306,1,4.8469231297442,916,1,6.48899984359741,34.9010009765625,0.0299040004611015,0,130.757202148438,-85.437,23.7506,63.584055127594,63,63,63,63,61,63,0,8521,1.64861680440262,24,-85,0.001869,51,2024-01-29 09:13:59.000984,916,1.037,0.0011,"aoml_navis",1031.58227728359
"7901009",24,0,1,0.028035,1,0.005607,1,136.106813941061,1,4.84686919992801,918,1,6.47300004959106,34.9010009765625,0.0280349999666214,0,131.249603271484,-85.437,23.7506,63.584055127594,63,63,63,63,61,63,0,8521,1.64861680440262,24,-85,0.001869,51,2024-01-29 09:13:59.000984,918,1.037,0.0011,"aoml_navis",1031.59375542345
"7901009",24,0,1,0.031773,1,0.009345,1,136.595142284807,1,4.84678712920092,920,1,6.4229998588562,34.9020004272461,0.0317730009555817,0,131.720504760742,-85.437,23.7506,63.584055127594,63,63,63,63,61,63,0,8521,1.64861680440262,24,-85,0.001869,51,2024-01-29 09:13:59.000984,920,1.037,0.0011,"aoml_navis",1031.61122341768
"7901009",24,0,1,0.029904,1,0.007476,1,136.788647592985,1,4.8467339559183,922,1,6.40799999237061,34.9020004272461,0.0299040004611015,0,131.907104492188,-85.437,23.7506,63.584055127594,63,63,63,63,61,63,0,8521,1.64861680440262,24,-85,0.001869,51,2024-01-29 09:13:59.000984,922,1.037,0.0011,"aoml_navis",1031.62254117426
"7901009",24,0,1,0.026166,1,0.003738,1,137.020524834464,1,4.84669164733245,924,1,6.40299987792969,34.9010009765625,0.0261659994721413,0,132.130706787109,-85.437,23.7506,63.584055127594,63,63,63,63,61,63,0,8521,1.64861680440262,24,-85,0.001869,51,2024-01-29 09:13:59.000984,924,1.037,0.0011,"aoml_navis",1031.63154659363
"7901009",24,0,1,0.029904,1,0.007476,1,137.258193468762,1,4.84663265565699,926,1,6.38500022888184,34.9020004272461,0.0299040004611015,0,132.359893798828,-85.437,23.7506,63.584055127594,63,63,63,63,61,63,0,8521,1.64861680440262,24,-85,0.001869,51,2024-01-29 09:13:59.000984,926,1.037,0.0011,"aoml_navis",1031.64410328561
"7901009",24,0,1,0.028035,1,0.005607,1,137.471098360538,1,4.84658524058516,928,1,6.37799978256226,34.9020004272461,0.0280349999666214,0,132.565200805664,-85.437,23.7506,63.584055127594,63,63,63,63,61,63,0,8521,1.64861680440262,24,-85,0.001869,51,2024-01-29 09:13:59.000984,928,1.037,0.0011,"aoml_navis",1031.65419605749
"7901009",24,0,1,0.033642,1,0.011214,1,137.789039496953,1,4.84654437359389,930,1,6.375,34.9010009765625,0.0336420014500618,0,132.871795654297,-85.437,23.7506,63.584055127594,63,63,63,63,61,63,0,8521,1.64861680440262,24,-85,0.001869,51,2024-01-29 09:13:59.000984,930,1.037,0.0011,"aoml_navis",1031.66289516345
"7901009",24,0,1,0.029904,1,0.007476,1,138.209659179837,1,4.84648477320252,932,1,6.35099983215332,34.9010009765625,0.0299040004611015,0,133.277404785156,-85.437,23.7506,63.584055127594,63,63,63,63,61,63,0,8521,1.64861680440262,24,-85,0.001869,51,2024-01-29 09:13:59.000984,932,1.037,0.0011,"aoml_navis",1031.67558219646
"7901009",24,0,1,0.028035,1,0.005607,1,138.705234676347,1,4.84643020529191,934,1,6.33400011062622,34.9010009765625,0.0280349999666214,0,133.755294799805,-85.437,23.7506,63.584055127594,63,63,63,63,61,63,0,8521,1.64861680440262,24,-85,0.001869,51,2024-01-29 09:13:59.000984,934,1.037,0.0011,"aoml_navis",1031.68719824757
"7901009",24,0,1,0.031773,1,0.009345,1,139.305466654033,1,4.84637064125916,936,1,6.30999994277954,34.9010009765625,0.0317730009555817,0,134.334106445312,-85.437,23.7506,63.584055127594,63,63,63,63,61,63,0,8521,1.64861680440262,24,-85,0.001869,51,2024-01-29 09:13:59.000984,936,1.037,0.0011,"aoml_navis",1031.69987813828
"7901009",24,0,1,0.028035,1,0.005607,1,139.784348381623,1,4.84630752980088,938,1,6.2810001373291,34.9010009765625,0.0280349999666214,0,134.7958984375,-85.437,23.7506,63.584055127594,63,63,63,63,61,63,0,8521,1.64861680440262,24,-85,0.001869,51,2024-01-29 09:13:59.000984,938,1.037,0.0011,"aoml_navis",1031.71331353903
"7901009",24,0,1,0.026166,1,0.003738,1,140.356367098659,1,4.84624943948513,940,1,6.25899982452393,34.9010009765625,0.0261659994721413,0,135.347503662109,-85.437,23.7506,63.584055127594,63,63,63,63,61,63,0,8521,1.64861680440262,24,-85,0.001869,51,2024-01-29 09:13:59.000984,940,1.037,0.0011,"aoml_navis",1031.72568032965
"7901009",24,0,1,0.026166,1,0.003738,1,140.87610504554,1,4.84617986264985,942,1,6.22599983215332,34.9020004272461,0.0261659994721413,0,135.848693847656,-85.437,23.7506,63.584055127594,63,63,63,63,61,63,0,8521,1.64861680440262,24,-85,0.001869,51,2024-01-29 09:13:59.000984,942,1.037,0.0011,"aoml_navis",1031.74049286442
"7901009",24,0,1,0.028035,1,0.005607,1,141.41100188401,1,4.84612466084413,944,1,6.20800018310547,34.9020004272461,0.0280349999666214,0,136.364501953125,-85.437,23.7506,63.584055127594,63,63,63,63,61,63,0,8521,1.64861680440262,24,-85,0.001869,51,2024-01-29 09:13:59.000984,944,1.037,0.0011,"aoml_navis",1031.75224533516
"7901009",24,0,1,0.029904,1,0.007476,1,141.9296005405,1,4.84606521084577,946,1,6.18400001525879,34.9020004272461,0.0299040004611015,0,136.864593505859,-85.437,23.7506,63.584055127594,63,63,63,63,61,63,0,8521,1.64861680440262,24,-85,0.001869,51,2024-01-29 09:13:59.000984,946,1.037,0.0011,"aoml_navis",1031.76490254603
"7901009",24,0,1,0.031773,1,0.009345,1,142.498818501992,1,4.8460036565949,948,1,6.15700006484985,34.9020004272461,0.0317730009555817,0,137.413497924805,-85.437,23.7506,63.584055127594,63,63,63,63,61,63,0,8521,1.64861680440262,24,-85,0.001869,51,2024-01-29 09:13:59.000984,948,1.037,0.0011,"aoml_navis",1031.77800809034
"7901009",24,0,1,0.026166,1,0.003738,1,143.069270694741,1,4.84593845391888,950,1,6.13000011444092,34.9029998779297,0.0261659994721413,0,137.963592529297,-85.437,23.7506,63.584055127594,63,63,63,63,61,63,0,8521,1.64861680440262,24,-85,0.001869,51,2024-01-29 09:13:59.000984,950,1.037,0.0011,"aoml_navis",1031.79189078568
"7901009",24,0,1,0.022428,1,0,1,143.657888239831,1,4.84588048770267,952,1,6.10799980163574,34.9029998779297,0.0224280003458261,0,138.531204223633,-85.437,23.7506,63.584055127594,63,63,63,63,61,63,0,8521,1.64861680440262,24,-85,0.001869,51,2024-01-29 09:13:59.000984,952,1.037,0.0011,"aoml_navis",1031.80423303638
"7901009",24,0,1,0.029904,1,0.007476,1,144.104521719971,1,4.84580319614932,954,1,6.06899976730347,34.9049987792969,0.0299040004611015,0,138.961898803711,-85.437,23.7506,63.584055127594,63,63,63,63,61,63,0,8521,1.64861680440262,24,-85,0.001869,51,2024-01-29 09:13:59.000984,954,1.037,0.0011,"aoml_navis",1031.8206905252
"7901009",24,0,1,0.033642,1,0.011214,1,144.286618300764,1,4.84575091450113,956,1,6.05499982833862,34.9049987792969,0.0336420014500618,0,139.137496948242,-85.437,23.7506,63.584055127594,63,63,63,63,61,63,0,8521,1.64861680440262,24,-85,0.001869,51,2024-01-29 09:13:59.000984,956,1.037,0.0011,"aoml_navis",1031.83182301783
"7901009",24,0,1,0.029904,1,0.007476,1,144.406908377856,1,4.8457028639021,958,1,6.04699993133545,34.9049987792969,0.0299040004611015,0,139.253494262695,-85.437,23.7506,63.584055127594,63,63,63,63,61,63,0,8521,1.64861680440262,24,-85,0.001869,51,2024-01-29 09:13:59.000984,958,1.037,0.0011,"aoml_navis",1031.84205479195
"7901009",24,0,1,0.029904,1,0.007476,1,144.476705737769,1,4.84565254718064,960,1,6.04099988937378,34.9059982299805,0.0299040004611015,0,139.32080078125,-85.437,23.7506,63.584055127594,63,63,63,63,61,63,0,8521,1.64861680440262,24,-85,0.001869,51,2024-01-29 09:13:59.000984,960,1.037,0.0011,"aoml_navis",1031.85276932601
"7901009",24,0,1,0.029904,1,0.007476,1,144.452021112636,1,4.84560942985446,962,1,6.03999996185303,34.9059982299805,0.0299040004611015,0,139.296997070312,-85.437,23.7506,63.584055127594,63,63,63,63,61,63,0,8521,1.64861680440262,24,-85,0.001869,51,2024-01-29 09:13:59.000984,962,1.037,0.0011,"aoml_navis",1031.86195098481
"7901009",24,0,1,0.031773,1,0.009345,1,144.446118955472,1,4.84556701907637,964,1,6.03999996185303,34.9059982299805,0.0317730009555817,0,139.291305541992,-85.437,23.7506,63.584055127594,63,63,63,63,61,63,0,8521,1.64861680440262,24,-85,0.001869,51,2024-01-29 09:13:59.000984,964,1.037,0.0011,"aoml_navis",1031.87098234647
"7901009",24,0,1,0.028035,1,0.005607,1,144.529793505284,1,4.84552390628041,966,1,6.03900003433228,34.9059982299805,0.0280349999666214,0,139.371994018555,-85.437,23.7506,63.584055127594,63,63,63,63,61,63,0,8521,1.64861680440262,24,-85,0.001869,51,2024-01-29 09:13:59.000984,966,1.037,0.0011,"aoml_navis",1031.88016336466
"7901009",24,0,1,0.028035,1,0.005607,1,144.527214278427,1,4.84548009103493,968,1,6.03700017929077,34.9059982299805,0.0280349999666214,0,139.369506835938,-85.437,23.7506,63.584055127594,63,63,63,63,61,63,0,8521,1.64861680440262,24,-85,0.001869,51,2024-01-29 09:13:59.000984,968,1.037,0.0011,"aoml_navis",1031.88949413928
"7901009",24,0,1,0.029904,1,0.007476,1,144.583308506695,1,4.84543768726711,970,1,6.03700017929077,34.9059982299805,0.0299040004611015,0,139.423599243164,-85.437,23.7506,63.584055127594,63,63,63,63,61,63,0,8521,1.64861680440262,24,-85,0.001869,51,2024-01-29 09:13:59.000984,970,1.037,0.0011,"aoml_navis",1031.89852449017
"7901009",24,0,1,0.024297,1,0.001869,1,144.62582619114,1,4.84539317090243,972,1,6.03399991989136,34.9059982299805,0.0242970008403063,0,139.464599609375,-85.437,23.7506,63.584055127594,63,63,63,63,61,63,0,8521,1.64861680440262,24,-85,0.001869,51,2024-01-29 09:13:59.000984,972,1.037,0.0011,"aoml_navis",1031.90800491197
"7901009",24,0,1,0.028035,1,0.005607,1,144.633611342143,1,4.84535006658948,974,1,6.03299999237061,34.9059982299805,0.0280349999666214,0,139.472106933594,-85.437,23.7506,63.584055127594,63,63,63,63,61,63,0,8521,1.64861680440262,24,-85,0.001869,51,2024-01-29 09:13:59.000984,974,1.037,0.0011,"aoml_navis",1031.91718478235
"7901009",24,0,1,0.029904,1,0.007476,1,144.82618306514,1,4.84530696446879,976,1,6.03200006484985,34.9059982299805,0.0299040004611015,0,139.657806396484,-85.437,23.7506,63.584055127594,63,63,63,63,61,63,0,8521,1.64861680440262,24,-85,0.001869,51,2024-01-29 09:13:59.000984,976,1.037,0.0011,"aoml_navis",1031.92636434917
"7901009",24,0,1,0.033642,1,0.011214,1,145.017916143821,1,4.84526174856281,978,1,6.02799987792969,34.9059982299805,0.0336420014500618,0,139.842697143555,-85.437,23.7506,63.584055127594,63,63,63,63,61,63,0,8521,1.64861680440262,24,-85,0.001869,51,2024-01-29 09:13:59.000984,978,1.037,0.0011,"aoml_navis",1031.93599426968
"7901009",24,0,1,0.026166,1,0.003738,1,149.915504005084,1,4.84471332597168,999.299987792969,1,5.90059995651245,34.9080009460449,0.0261659994721413,0,144.565505981445,-85.437,23.7506,63.584055127594,63,63,63,63,61,63,0,8521,1.64861680440262,24,-85,0.001869,51,2024-01-29 09:13:59.000984,999.299987792969,1.037,0.0011,"aoml_navis",1032.05280964631
"7901009",24,0,1,0.028035,1,0.005607,1,160.441945923712,1,4.84332136988766,1049.09997558594,1,5.47919988632202,34.9199981689453,0.0280349999666214,0,154.716293334961,-85.437,23.7506,63.584055127594,63,63,63,63,61,63,0,8521,1.64861680440262,24,-85,0.001869,51,2024-01-29 09:13:59.000984,1049.09997558594,1.037,0.0011,"aoml_navis",1032.34941853878
"7901009",24,0,1,0.029904,1,0.007476,1,165.587266151058,1,4.84212161338029,1099.40002441406,1,5.31610012054443,34.9259986877441,0.0299040004611015,0,159.677993774414,-85.437,23.7506,63.584055127594,63,63,63,63,61,63,0,8521,1.64861680440262,24,-85,0.001869,51,2024-01-29 09:13:59.000984,1099.40002441406,1.037,0.0011,"aoml_navis",1032.60520887857
"7901009",24,0,1,0.028035,1,0.005607,1,170.854237274575,1,4.84093422173113,1149.30004882812,1,5.15679979324341,34.931999206543,0.0280349999666214,0,164.75700378418,-85.437,23.7506,63.584055127594,63,63,63,63,61,63,0,8521,1.64861680440262,24,-85,0.001869,51,2024-01-29 09:13:59.000984,1149.30004882812,1.037,0.0011,"aoml_navis",1032.85848784204
"7901009",24,0,1,0.028035,1,0.005607,1,174.254069682385,1,4.83979097827147,1199.69995117188,1,5.06010007858276,34.935001373291,0.0280349999666214,0,168.035507202148,-85.437,23.7506,63.584055127594,63,63,63,63,61,63,0,8521,1.64861680440262,24,-85,0.001869,51,2024-01-29 09:13:59.000984,1199.69995117188,1.037,0.0011,"aoml_navis",1033.10246712054
"7901009",24,0,1,0.029904,1,0.007476,1,180.177034718824,1,4.83864729461323,1249.19995117188,1,4.93849992752075,34.9389991760254,0.0299040004611015,0,173.747100830078,-85.437,23.7506,63.584055127594,63,63,63,63,61,63,0,8521,1.64861680440262,24,-85,0.001869,51,2024-01-29 09:13:59.000984,1249.19995117188,1.037,0.0011,"aoml_navis",1033.34665569991
"7901009",24,0,1,0.024297,1,0.001869,1,187.950539642916,1,4.83737677266775,1298.90002441406,1,4.66599988937378,34.9490013122559,0.0242970008403063,0,181.243194580078,-85.437,23.7506,63.584055127594,63,63,63,63,61,63,0,8521,1.64861680440262,24,-85,0.001869,51,2024-01-29 09:13:59.000984,1298.90002441406,1.037,0.0011,"aoml_navis",1033.61806098113
"7901009",24,0,1,0.020559,1,-0.001869,1,193.645472542946,1,4.83617838053094,1349.40002441406,1,4.50710010528564,34.9560012817383,0.020558999851346,0,186.734893798828,-85.437,23.7506,63.584055127594,63,63,63,63,61,63,0,8521,1.64861680440262,24,-85,0.001869,51,2024-01-29 09:13:59.000984,1349.40002441406,1.037,0.0011,"aoml_navis",1033.87418878687
"7901009",24,0,1,0.028035,1,0.005607,1,197.122143758223,1,4.83504489635564,1399.59997558594,1,4.41769981384277,34.9599990844727,0.0280349999666214,0,190.087493896484,-85.437,23.7506,63.584055127594,63,63,63,63,61,63,0,8521,1.64861680440262,24,-85,0.001869,51,2024-01-29 09:13:59.000984,1399.59997558594,1.037,0.0011,"aoml_navis",1034.11656089661
"7901009",24,0,1,0.026166,1,0.003738,1,198.910165085682,1,4.83396788030769,1449,1,4.37489986419678,34.9620018005371,0.0261659994721413,0,191.811706542969,-85.437,23.7506,63.584055127594,63,63,63,63,61,63,0,8521,1.64861680440262,24,-85,0.001869,51,2024-01-29 09:13:59.000984,1449,1.037,0.0011,"aoml_navis",1034.3469637787
"7901009",24,0,1,0.028035,1,0.005607,1,200.105201588218,1,4.83287367688642,1500.19995117188,1,4.35550022125244,34.9630012512207,0.0280349999666214,0,192.964096069336,-85.437,23.7506,63.584055127594,63,63,63,63,61,63,0,8521,1.64861680440262,24,-85,0.001869,51,2024-01-29 09:13:59.000984,1500.19995117188,1.037,0.0011,"aoml_navis",1034.5811486679
"7901009",24,0,1,0.035511,1,0.013083,1,200.826862933387,1,4.83182762922644,1549.40002441406,1,4.34299993515015,34.9640007019043,0.0355109982192516,0,193.660003662109,-85.437,23.7506,63.584055127594,63,63,63,63,61,63,0,8521,1.64861680440262,24,-85,0.001869,51,2024-01-29 09:13:59.000984,1549.40002441406,1.037,0.0011,"aoml_navis",1034.80512627486
"7901009",24,0,1,0.026166,1,0.003738,1,201.836907158722,1,4.83077520115601,1599.09997558594,1,4.32910013198853,34.9640007019043,0.0261659994721413,0,194.634002685547,-85.437,23.7506,63.584055127594,63,63,63,63,61,63,0,8521,1.64861680440262,24,-85,0.001869,51,2024-01-29 09:13:59.000984,1599.09997558594,1.037,0.0011,"aoml_navis",1035.0305679311
"7901009",24,0,1,0.024297,1,0.001869,1,202.381741141155,1,4.82970594956335,1649.5,1,4.3206000328064,34.9659996032715,0.0242970008403063,0,195.159393310547,-85.437,23.7506,63.584055127594,63,63,63,63,61,63,0,8521,1.64861680440262,24,-85,0.001869,51,2024-01-29 09:13:59.000984,1649.5,1.037,0.0011,"aoml_navis",1035.25971398984
"7901009",24,0,1,0.028035,1,0.005607,1,202.793230677435,1,4.82865979286962,1699.59997558594,1,4.31839990615845,34.9650001525879,0.0280349999666214,0,195.556198120117,-85.437,23.7506,63.584055127594,63,63,63,63,61,63,0,8521,1.64861680440262,24,-85,0.001869,51,2024-01-29 09:13:59.000984,1699.59997558594,1.037,0.0011,"aoml_navis",1035.48400891349
"7901009",24,0,1,0.029904,1,0.007476,1,202.988808861185,1,4.82762969689216,1748.90002441406,1,4.31829977035522,34.9650001525879,0.0299040004611015,0,195.74479675293,-85.437,23.7506,63.584055127594,63,63,63,63,61,63,0,8521,1.64861680440262,24,-85,0.001869,51,2024-01-29 09:13:59.000984,1748.90002441406,1.037,0.0011,"aoml_navis",1035.70495541918
"7901009",24,0,1,0.031773,1,0.009345,1,203.018683586988,1,4.82657061101303,1799.59997558594,1,4.32149982452393,34.9659996032715,0.0317730009555817,0,195.77360534668,-85.437,23.7506,63.584055127594,63,63,63,63,61,63,0,8521,1.64861680440262,24,-85,0.001869,51,2024-01-29 09:13:59.000984,1799.59997558594,1.037,0.0011,"aoml_navis",1035.93221833143
"7901009",24,0,1,0.031773,1,0.009345,1,203.206998794497,1,4.82554347960749,1848.80004882812,1,4.31829977035522,34.9659996032715,0.0317730009555817,0,195.955200195312,-85.437,23.7506,63.584055127594,63,63,63,63,61,63,0,8521,1.64861680440262,24,-85,0.001869,51,2024-01-29 09:13:59.000984,1848.80004882812,1.037,0.0011,"aoml_navis",1036.15271961174
"7901009",24,0,1,0.033642,1,0.011214,1,203.396358351531,1,4.82449723827078,1899.09997558594,1,4.31829977035522,34.9659996032715,0.0336420014500618,0,196.137802124023,-85.437,23.7506,63.584055127594,63,63,63,63,61,63,0,8521,1.64861680440262,24,-85,0.001869,51,2024-01-29 09:13:59.000984,1899.09997558594,1.037,0.0011,"aoml_navis",1036.37741987642
"7901009",24,0,1,0.035511,1,0.013083,1,203.730265376894,1,4.8234452560763,1949.69995117188,1,4.31680011749268,34.9659996032715,0.0355109982192516,0,196.45979309082,-85.437,23.7506,63.584055127594,63,63,63,63,61,63,0,8521,1.64861680440262,24,-85,0.001869,51,2024-01-29 09:13:59.000984,1949.69995117188,1.037,0.0011,"aoml_navis",1036.60345138183
"7901009",24,0,1,0.026166,1,0.003738,1,200.992360686125,4,4.82241154790747,1999.19995117188,1,4.31190013885498,34.9669990539551,0.0261659994721413,0,193.819595336914,-85.437,23.7506,63.584055127594,63,63,63,63,61,63,0,8521,1.64861680440262,24,-85,0.001869,51,2024-01-29 09:13:59.000984,1999.19995117188,1.037,0.0011,"aoml_navis",1036.82565254506
"7901009",25,0.154180158373494,5,0.123354,1,0.100926,1,195.457194761167,1,4.88364835903634,2.20000004768372,1,26.2759990692139,36.1510009765625,0.123354002833366,0.278058975934982,188.481903076172,-85.2012,23.5438,108.102540203204,63,63,63,63,61,63,0.254184,8521,1.64861680440262,24,-85,0.001869,51,2024-02-08 16:22:20.001749,2.20000004768372,1.037,0.0011,"aoml_navis",1023.82473765712
"7901009",25,0.154180158373494,5,0.13083,1,0.108402,1,195.477306407497,1,4.88360337704982,4,1,26.2730007171631,36.1520004272461,0.130830004811287,0.278058975934982,188.50129699707,-85.2012,23.5438,108.102540203204,63,63,63,63,61,63,0.254184,8521,1.64861680440262,24,-85,0.001869,51,2024-02-08 16:22:20.001749,4,1.037,0.0011,"aoml_navis",1023.83416792141
"7901009",25,0.154180158373494,5,0.134568,1,0.11214,1,195.485914382008,1,4.88356240740424,6,1,26.2730007171631,36.1520004272461,0.134568005800247,0.278058975934982,188.50959777832,-85.2012,23.5438,108.102540203204,63,63,63,63,61,63,0.254184,8521,1.64861680440262,24,-85,0.001869,51,2024-02-08 16:22:20.001749,6,1.037,0.0011,"aoml_navis",1023.84275716826
"7901009",25,0.154180158373494,5,0.145782,1,0.123354,1,195.485502971462,1,4.88352144011019,8,1,26.2730007171631,36.1520004272461,0.145781993865967,0.278058975934982,188.509201049805,-85.2012,23.5438,108.102540203204,63,63,63,63,61,63,0.254184,8521,1.64861680440262,24,-85,0.001869,51,2024-02-08 16:22:20.001749,8,1.037,0.0011,"aoml_navis",1023.85134606621
"7901009",25,0.154180158373494,5,0.134568,1,0.11214,1,195.480217928288,1,4.88347687800561,10,1,26.2730007171631,36.1529998779297,0.134568005800247,0.278058975934982,188.504104614258,-85.2012,23.5438,108.102540203204,63,63,63,63,61,63,0.254184,8521,1.64861680440262,24,-85,0.001869,51,2024-02-08 16:22:20.001749,10,1.037,0.0011,"aoml_navis",1023.86068878901
"7901009",25,0.154180158373494,4,0.123354,1,0.100926,1,195.429915077239,1,4.8834410160724,12,1,26.2740001678467,36.1520004272461,0.123354002833366,0.278058975934982,188.455596923828,-85.2012,23.5438,108.102540203204,63,63,63,63,61,63,0.254184,8521,1.64861680440262,24,-85,0.001869,51,2024-02-08 16:22:20.001749,12,1.037,0.0011,"aoml_navis",1023.8682075905
"7901009",25,0.154180158373494,5,0.138306,1,0.115878,1,195.412493422944,1,4.88340155948621,14,1,26.2749996185303,36.1520004272461,0.138306006789207,0.278058975934982,188.43879699707,-85.2012,23.5438,108.102540203204,63,63,63,63,61,63,0.254184,8521,1.64861680440262,24,-85,0.001869,51,2024-02-08 16:22:20.001749,14,1.037,0.0011,"aoml_navis",1023.87648017339
"7901009",25,0.154180158373494,5,0.151389,1,0.128961,1,195.387808790156,1,4.88335700489329,16,1,26.2749996185303,36.1529998779297,0.151389002799988,0.278058975934982,188.414993286133,-85.2012,23.5438,108.102540203204,63,63,63,63,61,63,0.254184,8521,1.64861680440262,24,-85,0.001869,51,2024-02-08 16:22:20.001749,16,1.037,0.0011,"aoml_navis",1023.88582177994
"7901009",25,0.154180158373494,5,0.155127,1,0.132699,1,195.426180735356,1,4.88331454586598,18,1,26.2740001678467,36.1529998779297,0.155127003788948,0.278058975934982,188.451995849609,-85.2012,23.5438,108.102540203204,63,63,63,63,61,63,0.254184,8521,1.64861680440262,24,-85,0.001869,51,2024-02-08 16:22:20.001749,18,1.037,0.0011,"aoml_navis",1023.89472417516
"7901009",25,0.154180158373494,5,0.153258,1,0.13083,1,195.401195456399,1,4.88327359284718,20,1,26.2740001678467,36.1529998779297,0.153257995843887,0.278058975934982,188.42790222168,-85.2012,23.5438,108.102540203204,63,63,63,63,61,63,0.254184,8521,1.64861680440262,24,-85,0.001869,51,2024-02-08 16:22:20.001749,20,1.037,0.0011,"aoml_navis",1023.90331095186
"7901009",25,0.154180158373494,5,0.181293,1,0.158865,1,195.342284630839,1,4.88323564989466,22,1,26.2759990692139,36.1529998779297,0.181292995810509,0.278058975934982,188.37109375,-85.2012,23.5438,108.102540203204,63,63,63,63,61,63,0.254184,8521,1.64861680440262,24,-85,0.001869,51,2024-02-08 16:22:20.001749,22,1.037,0.0011,"aoml_navis",1023.91126672493
"7901009",25,0.154180158373494,5,0.194376,1,0.171948,1,195.339800344078,1,4.88319829807577,24,1,26.2759990692139,36.1520004272461,0.19437600672245,0.278058975934982,188.368698120117,-85.2012,23.5438,108.102540203204,63,63,63,63,61,63,0.254184,8521,1.64861680440262,24,-85,0.001869,51,2024-02-08 16:22:20.001749,24,1.037,0.0011,"aoml_navis",1023.91909867151
"7901009",25,0.154180158373494,5,0.207459,1,0.185031,1,195.317505057155,1,4.88315735211702,26,1,26.2759990692139,36.1520004272461,0.207459002733231,0.278058975934982,188.347198486328,-85.2012,23.5438,108.102540203204,63,63,63,63,61,63,0.254184,8521,1.64861680440262,24,-85,0.001869,51,2024-02-08 16:22:20.001749,26,1.037,0.0011,"aoml_navis",1023.92768437665
"7901009",25,0.154180158373494,5,0.218673,1,0.196245,1,195.291886838896,1,4.88311281234865,28,1,26.2759990692139,36.1529998779297,0.218673005700111,0.278058975934982,188.322494506836,-85.2012,23.5438,108.102540203204,63,63,63,63,61,63,0.254184,8521,1.64861680440262,24,-85,0.001869,51,2024-02-08 16:22:20.001749,28,1.037,0.0011,"aoml_navis",1023.93702380903
"7901009",25,0.154180158373494,5,0.218673,1,0.196245,1,195.29024119671,1,4.88307187119852,30,1,26.2759990692139,36.1529998779297,0.218673005700111,0.278058975934982,188.320907592773,-85.2012,23.5438,108.102540203204,63,63,63,63,61,63,0.254184,8521,1.64861680440262,24,-85,0.001869,51,2024-02-08 16:22:20.001749,30,1.037,0.0011,"aoml_navis",1023.94560880645
"7901009",25,0.154180158373494,5,0.228018,1,0.20559,1,195.287123970646,1,4.88303093239731,32,1,26.2759990692139,36.1529998779297,0.228018000721931,0.278058975934982,188.317901611328,-85.2012,23.5438,108.102540203204,63,63,63,63,61,63,0.254184,8521,1.64861680440262,24,-85,0.001869,51,2024-02-08 16:22:20.001749,32,1.037,0.0011,"aoml_navis",1023.95419345527
"7901009",25,0.154180158373494,5,0.237363,1,0.214935,1,195.283500393141,1,4.88298999594479,34,1,26.2759990692139,36.1529998779297,0.237362995743752,0.278058975934982,188.314407348633,-85.2012,23.5438,108.102540203204,63,63,63,63,61,63,0.254184,8521,1.64861680440262,24,-85,0.001869,51,2024-02-08 16:22:20.001749,34,1.037,0.0011,"aoml_navis",1023.96277775551
"7901009",25,0.154180158373494,5,0.250446,1,0.228018,1,195.262233632584,1,4.88295056904813,36,1,26.2770004272461,36.1529998779297,0.250445991754532,0.278058975934982,188.293899536133,-85.2012,23.5438,108.102540203204,63,63,63,63,61,63,0.254184,8521,1.64861680440262,24,-85,0.001869,51,2024-02-08 16:22:20.001749,36,1.037,0.0011,"aoml_navis",1023.97104564069
"7901009",25,0.154180158373494,5,0.256053,1,0.233625,1,195.263784333875,1,4.88290813008499,38,1,26.2759990692139,36.1529998779297,0.256053000688553,0.278058975934982,188.295394897461,-85.2012,23.5438,108.102540203204,63,63,63,63,61,63,0.254184,8521,1.64861680440262,24,-85,0.001869,51,2024-02-08 16:22:20.001749,38,1.037,0.0011,"aoml_navis",1023.97994531037
"7901009",25,0.154180158373494,4,0.239232,1,0.216804,1,195.214114422129,1,4.88286720067727,40,1,26.2759990692139,36.1529998779297,0.239232003688812,0.278058975934982,188.247497558594,-85.2012,23.5438,108.102540203204,63,63,63,63,61,63,0.254184,8521,1.64861680440262,24,-85,0.001869,51,2024-02-08 16:22:20.001749,40,1.037,0.0011,"aoml_navis",1023.98852856504
"7901009",25,0.154180158373494,5,0.285957,1,0.263529,1,195.173780365092,1,4.88282778100622,42,1,26.2770004272461,36.1529998779297,0.285957008600235,0.278058975934982,188.208602905273,-85.2012,23.5438,108.102540203204,63,63,63,63,61,63,0.254184,8521,1.64861680440262,24,-85,0.001869,51,2024-02-08 16:22:20.001749,42,1.037,0.0011,"aoml_navis",1023.99679535075
"7901009",25,0.154180158373494,5,0.256053,1,0.233625,1,195.261505752387,1,4.88278685635443,44,1,26.2770004272461,36.1529998779297,0.256053000688553,0.278058975934982,188.293197631836,-85.2012,23.5438,108.102540203204,63,63,63,63,61,63,0.254184,8521,1.64861680440262,24,-85,0.001869,51,2024-02-08 16:22:20.001749,44,1.037,0.0011,"aoml_navis",1024.0053778905
"7901009",25,0.154180158373494,5,0.265398,1,0.24297,1,195.259227170899,1,4.88274743872537,46,1,26.2779998779297,36.1529998779297,0.265397995710373,0.278058975934982,188.291000366211,-85.2012,23.5438,108.102540203204,63,63,63,63,61,63,0.254184,8521,1.64861680440262,24,-85,0.001869,51,2024-02-08 16:22:20.001749,46,1.037,0.0011,"aoml_navis",1024.01364452003
"7901009",25,0.154180158373494,5,0.26166,1,0.239232,1,195.227184618721,1,4.8827065188285,48,1,26.2779998779297,36.1529998779297,0.261660009622574,0.278058975934982,188.260101318359,-85.2012,23.5438,108.102540203204,63,63,63,63,61,63,0.254184,8521,1.64861680440262,24,-85,0.001869,51,2024-02-08 16:22:20.001749,48,1.037,0.0011,"aoml_navis",1024.022226345
"7901009",25,0.154180158373494,5,0.26166,1,0.239232,1,195.262645043131,1,4.8826656012786,50,1,26.2779998779297,36.1529998779297,0.261660009622574,0.278058975934982,188.294296264648,-85.2012,23.5438,108.102540203204,63,63,63,63,61,63,0.254184,8521,1.64861680440262,24,-85,0.001869,51,2024-02-08 16:22:20.001749,50,1.037,0.0011,"aoml_navis",1024.03080782159
"7901009",25,0.154180158373494,5,0.274743,1,0.252315,1,195.192341310131,1,4.88262828090591,52,1,26.2779998779297,36.1520004272461,0.274742990732193,0.278058975934982,188.226501464844,-85.2012,23.5438,108.102540203204,63,63,63,63,61,63,0.254184,8521,1.64861680440262,24,-85,0.001869,51,2024-02-08 16:22:20.001749,52,1.037,0.0011,"aoml_navis",1024.03863500178
"7901009",25,0.154180158373494,5,0.272874,1,0.250446,1,195.200632814991,1,4.88258736793926,54,1,26.2779998779297,36.1520004272461,0.272873997688293,0.278058975934982,188.234497070312,-85.2012,23.5438,108.102540203204,63,63,63,63,61,63,0.254184,8521,1.64861680440262,24,-85,0.001869,51,2024-02-08 16:22:20.001749,54,1.037,0.0011,"aoml_navis",1024.04721579213
"7901009",25,0.154180158373494,5,0.291564,1,0.269136,1,195.091229256592,1,4.88254378613737,56,1,26.2810001373291,36.1539993286133,0.291563987731934,0.278058975934982,188.128997802734,-85.2012,23.5438,108.102540203204,63,63,63,63,61,63,0.254184,8521,1.64861680440262,24,-85,0.001869,51,2024-02-08 16:22:20.001749,56,1.037,0.0011,"aoml_navis",1024.05635648289
"7901009",25,0.154180158373494,5,0.291564,1,0.269136,1,195.155520066221,1,4.88250137311229,58,1,26.2800006866455,36.1539993286133,0.291563987731934,0.278058975934982,188.190994262695,-85.2012,23.5438,108.102540203204,63,63,63,63,61,63,0.254184,8521,1.64861680440262,24,-85,0.001869,51,2024-02-08 16:22:20.001749,58,1.037,0.0011,"aoml_navis",1024.06525219527
"7901009",25,0.154180158373494,5,0.310254,1,0.287826,1,195.210380080246,1,4.88246406190448,60,1,26.2800006866455,36.1529998779297,0.310254007577896,0.297170996665955,188.243896484375,-85.2012,23.5438,108.102540203204,63,63,63,63,61,63,0.254184,8521,1.64861680440262,24,-85,0.001869,51,2024-02-08 16:22:20.001749,60,1.037,0.0011,"aoml_navis",1024.07307797974
"7901009",25,0.154180158373494,5,0.271005,1,0.248577,1,195.246062033411,1,4.88242315855253,62,1,26.2800006866455,36.1529998779297,0.271005004644394,0.257921993732452,188.278305053711,-85.2012,23.5438,108.102540203204,63,63,63,63,61,63,0.254184,8521,1.64861680440262,24,-85,0.001869,51,2024-02-08 16:22:20.001749,62,1.037,0.0011,"aoml_navis",1024.08165733065
"7901009",25,0.154180158373494,5,0.272874,1,0.250446,1,195.169729553557,1,4.88238585170902,64,1,26.2800006866455,36.1520004272461,0.272873997688293,0.259790986776352,188.204696655273,-85.2012,23.5438,108.102540203204,63,63,63,63,61,63,0.254184,8521,1.64861680440262,24,-85,0.001869,51,2024-02-08 16:22:20.001749,64,1.037,0.0011,"aoml_navis",1024.08948245043
"7901009",25,0.154180158373494,5,0.276612,1,0.254184,1,195.120581816735,1,4.88234286427406,66,1,26.2810001373291,36.1529998779297,0.276612013578415,0.263529002666473,188.157302856445,-85.2012,23.5438,108.102540203204,63,63,63,63,61,63,0.254184,8521,1.64861680440262,24,-85,0.001869,51,2024-02-08 16:22:20.001749,66,1.037,0.0011,"aoml_navis",1024.09849922399
"7901009",25,0.154180158373494,5,0.271005,1,0.248577,1,195.165694565505,1,4.88230196801806,68,1,26.2810001373291,36.1529998779297,0.271005004644394,0.257921993732452,188.200805664062,-85.2012,23.5438,108.102540203204,63,63,63,63,61,63,0.254184,8521,1.64861680440262,24,-85,0.001869,51,2024-02-08 16:22:20.001749,68,1.037,0.0011,"aoml_navis",1024.1070775124
"7901009",25,0.154180158373494,5,0.276612,1,0.254184,1,195.109173085812,1,4.88226257965361,70,1,26.2819995880127,36.1529998779297,0.276612013578415,0.263529002666473,188.146301269531,-85.2012,23.5438,108.102540203204,63,63,63,63,61,63,0.254184,8521,1.64861680440262,24,-85,0.001869,51,2024-02-08 16:22:20.001749,70,1.037,0.0011,"aoml_navis",1024.1153396454
"7901009",25,0.154180158373494,5,0.282219,1,0.259791,1,195.102843692789,1,4.88222168814724,72,1,26.2819995880127,36.1529998779297,0.282218992710114,0.269136011600494,188.140197753906,-85.2012,23.5438,108.102540203204,63,63,63,63,61,63,0.254184,8521,1.64861680440262,24,-85,0.001869,51,2024-02-08 16:22:20.001749,72,1.037,0.0011,"aoml_navis",1024.12391721963
"7901009",25,0.154180158373494,5,0.278481,1,0.256053,1,195.097764354888,1,4.88218079898523,74,1,26.2819995880127,36.1529998779297,0.278481006622314,0.265397995710373,188.135299682617,-85.2012,23.5438,108.102540203204,63,63,63,63,61,63,0.254184,8521,1.64861680440262,24,-85,0.001869,51,2024-02-08 16:22:20.001749,74,1.037,0.0011,"aoml_navis",1024.13249444577
"7901009",25,0.154180158373494,4,0.271005,1,0.248577,1,195.147956441559,1,4.88214142080537,76,1,26.2830009460449,36.1529998779297,0.271005004644394,0.257921993732452,188.183700561523,-85.2012,23.5438,108.102540203204,63,63,63,63,61,63,0.254184,8521,1.64861680440262,24,-85,0.001869,51,2024-02-08 16:22:20.001749,76,1.037,0.0011,"aoml_navis",1024.14075485244
"7901009",25,0.154180158373494,5,0.285957,1,0.263529,1,195.064266042316,1,4.88210053639178,78,1,26.2830009460449,36.1529998779297,0.285957008600235,0.272873997688293,188.102996826172,-85.2012,23.5438,108.102540203204,63,63,63,63,61,63,0.254184,8521,1.64861680440262,24,-85,0.001869,51,2024-02-08 16:22:20.001749,78,1.037,0.0011,"aoml_navis",1024.14933136452
"7901009",25,0.154180158373494,5,0.272874,1,0.250446,1,195.043837926335,1,4.88206116024367,80,1,26.2840003967285,36.1529998779297,0.272873997688293,0.259790986776352,188.083297729492,-85.2012,23.5438,108.102540203204,63,63,63,63,61,63,0.254184,8521,1.64861680440262,24,-85,0.001869,51,2024-02-08 16:22:20.001749,80,1.037,0.0011,"aoml_navis",1024.15759161658
"7901009",25,0.154180158373494,5,0.276612,1,0.254184,1,195.067478209275,1,4.88202178659635,82,1,26.2849998474121,36.1529998779297,0.276612013578415,0.263529002666473,188.106094360352,-85.2012,23.5438,108.102540203204,63,63,63,63,61,63,0.254184,8521,1.64861680440262,24,-85,0.001869,51,2024-02-08 16:22:20.001749,82,1.037,0.0011,"aoml_navis",1024.16585147726
"7901009",25,0.154180158373494,5,0.271005,1,0.248577,1,194.982964988938,1,4.88198090933364,84,1,26.2849998474121,36.1529998779297,0.271005004644394,0.257921993732452,188.024597167969,-85.2012,23.5438,108.102540203204,63,63,63,63,61,63,0.254184,8521,1.64861680440262,24,-85,0.001869,51,2024-02-08 16:22:20.001749,84,1.037,0.0011,"aoml_navis",1024.17442690952
"7901009",25,0.154180158373494,5,0.276612,1,0.254184,1,194.966065509568,1,4.88194304967758,86,1,26.2870006561279,36.1529998779297,0.276612013578415,0.263529002666473,188.00830078125,-85.2012,23.5438,108.102540203204,63,63,63,63,61,63,0.254184,8521,1.64861680440262,24,-85,0.001869,51,2024-02-08 16:22:20.001749,86,1.037,0.0011,"aoml_navis",1024.18236942158
"7901009",25,0.154180158373494,5,0.308385,1,0.285957,1,194.931222200977,1,4.88190422075724,87.9000015258789,1,26.2870006561279,36.1529998779297,0.308385014533997,0.295302003622055,187.974700927734,-85.2012,23.5438,108.102540203204,63,63,63,63,61,63,0.254184,8521,1.64861680440262,24,-85,0.001869,51,2024-02-08 16:22:20.001749,87.9000015258789,1.037,0.0011,"aoml_navis",1024.19051540189
"7901009",25,0.154180158373494,5,0.276612,1,0.254184,1,194.89088814394,1,4.88186130710752,90,1,26.2870006561279,36.1529998779297,0.276612013578415,0.263529002666473,187.935806274414,-85.2012,23.5438,108.102540203204,63,63,63,63,61,63,0.254184,8521,1.64861680440262,24,-85,0.001869,51,2024-02-08 16:22:20.001749,90,1.037,0.0011,"aoml_navis",1024.19951847474
"7901009",25,0.154180158373494,4,0.26166,1,0.239232,1,194.922092051542,1,4.88182043933618,92,1,26.2870006561279,36.1529998779297,0.261660009622574,0.248576998710632,187.965896606445,-85.2012,23.5438,108.102540203204,63,63,63,63,61,63,0.254184,8521,1.64861680440262,24,-85,0.001869,51,2024-02-08 16:22:20.001749,92,1.037,0.0011,"aoml_navis",1024.20809247951
"7901009",25,0.154180158373494,5,0.269136,1,0.246708,1,194.871599318703,1,4.8817780645784,94,1,26.2859992980957,36.1529998779297,0.269136011600494,0.256053000688553,187.917205810547,-85.2012,23.5438,108.102540203204,63,63,63,63,61,63,0.254184,8521,1.64861680440262,24,-85,0.001869,51,2024-02-08 16:22:20.001749,94,1.037,0.0011,"aoml_navis",1024.21698279965
"7901009",25,0.154180158373494,5,0.269136,1,0.246708,1,194.774949487246,1,4.8817351184444,96,1,26.2870006561279,36.1539993286133,0.269136011600494,0.256053000688553,187.824005126953,-85.2012,23.5438,108.102540203204,63,63,63,63,61,63,0.254184,8521,1.64861680440262,24,-85,0.001869,51,2024-02-08 16:22:20.001749,96,1.037,0.0011,"aoml_navis",1024.22599315329
"7901009",25,0.154180158373494,5,0.291564,1,0.269136,1,194.680989647823,1,4.88169367881976,98,1,26.2889995574951,36.1549987792969,0.291563987731934,0.278481006622314,187.7333984375,-85.2012,23.5438,108.102540203204,63,63,63,63,61,63,0.254184,8521,1.64861680440262,24,-85,0.001869,51,2024-02-08 16:22:20.001749,98,1.037,0.0011,"aoml_navis",1024.23468758262
"7901009",25,0.154180158373494,5,0.289695,1,0.267267,1,194.669058741976,1,4.88165433038337,100,1,26.2900009155273,36.1549987792969,0.289694994688034,0.276612013578415,187.721893310547,-85.2012,23.5438,108.102540203204,63,63,63,63,61,63,0.254184,8521,1.64861680440262,24,-85,0.001869,51,2024-02-08 16:22:20.001749,100,1.037,0.0011,"aoml_navis",1024.24294339729
"7901009",25,0.154180158373494,5,0.285957,1,0.263529,1,194.48509493377,1,4.88161138954513,102,1,26.2910003662109,36.1559982299805,0.285957008600235,0.272873997688293,187.544494628906,-85.2012,23.5438,108.102540203204,63,63,63,63,61,63,0.254184,8521,1.64861680440262,24,-85,0.001869,51,2024-02-08 16:22:20.001749,102,1.037,0.0011,"aoml_navis",1024.25195309656
"7901009",25,0.154180158373494,5,0.274743,1,0.252315,1,194.269294278659,1,4.88156427082688,104,1,26.2940006256104,36.1590003967285,0.274742990732193,0.261660009622574,187.336395263672,-85.2012,23.5438,108.102540203204,63,63,63,63,61,63,0.254184,8521,1.64861680440262,24,-85,0.001869,51,2024-02-08 16:22:20.001749,104,1.037,0.0011,"aoml_navis",1024.26183956666
"7901009",25,0.154180158373494,5,0.272874,1,0.250446,1,193.621686608055,1,4.88151774410532,106,1,26.2950000762939,36.1609992980957,0.272873997688293,0.259790986776352,186.711898803711,-85.2012,23.5438,108.102540203204,63,63,63,63,61,63,0.254184,8521,1.64861680440262,24,-85,0.001869,51,2024-02-08 16:22:20.001749,106,1.037,0.0011,"aoml_navis",1024.27160201102
"7901009",25,0.154180158373494,5,0.276612,1,0.254184,1,191.851719319693,1,4.88145301749905,108,1,26.30299949646,36.1710014343262,0.276612013578415,0.263529002666473,185.005096435547,-85.2012,23.5438,108.102540203204,63,63,63,63,61,63,0.254184,8521,1.64861680440262,24,-85,0.001869,51,2024-02-08 16:22:20.001749,108,1.037,0.0011,"aoml_navis",1024.28518354596
"7901009",25,0.156447513643692,1,0.28035,1,0.257922,1,188.412390445065,1,4.88128418834862,110,1,26.3419990539551,36.2229995727539,0.280349999666214,0.267266988754272,181.688507080078,-85.2012,23.5438,108.102540203204,63,63,63,63,61,63,0.257922,8521,1.64861680440262,24,-85,0.001869,51,2024-02-08 16:22:20.001749,110,1.037,0.0011,"aoml_navis",1024.32061053416
"7901009",25,0.163249579454288,1,0.291564,1,0.269136,1,184.581256318847,1,4.8810241231089,112,1,26.3799991607666,36.2999992370605,0.291563987731934,0.278481006622314,177.994094848633,-85.2012,23.5438,108.102540203204,63,63,63,63,61,63,0.269136,8521,1.64861680440262,24,-85,0.001869,51,2024-02-08 16:22:20.001749,112,1.037,0.0011,"aoml_navis",1024.37518723331
"7901009",25,0.160982224184089,1,0.287826,1,0.265398,1,180.677967112169,1,4.88073352895757,114,1,26.3929996490479,36.375,0.287826001644135,0.274742990732193,174.230102539062,-85.2012,23.5438,108.102540203204,63,63,63,63,61,63,0.265398,8521,1.64861680440262,24,-85,0.001869,51,2024-02-08 16:22:20.001749,114,1.037,0.0011,"aoml_navis",1024.4361775407
"7901009",25,0.17458635580528,1,0.310254,1,0.287826,1,177.529189024251,1,4.88038247892546,116,1,26.3850002288818,36.4580001831055,0.310254007577896,0.297170996665955,171.193695068359,-85.2012,23.5438,108.102540203204,63,63,63,63,61,63,0.287826,8521,1.64861680440262,24,-85,0.001869,51,2024-02-08 16:22:20.001749,116,1.037,0.0011,"aoml_navis",1024.50986609986
"7901009",25,0.185923132156272,1,0.328944,1,0.306516,1,174.603379629041,1,4.87996964879728,118,1,26.3479995727539,36.5460014343262,0.328943997621536,0.315860986709595,168.372299194336,-85.2012,23.5438,108.102540203204,63,63,63,63,61,63,0.306516,8521,1.64861680440262,24,-85,0.001869,51,2024-02-08 16:22:20.001749,118,1.037,0.0011,"aoml_navis",1024.59653642155
"7901009",25,0.196126230872165,1,0.345765,1,0.323337,1,172.789549647031,1,4.87966199348814,120,1,26.3139991760254,36.6059989929199,0.345764994621277,0.332682013511658,166.623199462891,-85.2012,23.5438,108.102540203204,63,63,63,63,61,63,0.323337,8521,1.64861680440262,24,-85,0.001869,51,2024-02-08 16:22:20.001749,120,1.037,0.0011,"aoml_navis",1024.66113568367
"7901009",25,0.205195651952959,1,0.360717,1,0.338289,1,171.189763913568,1,4.87934214937111,122,1,26.2600002288818,36.6609992980957,0.360716998577118,0.347633987665176,165.080505371094,-85.2012,23.5438,108.102540203204,63,63,63,63,61,63,0.338289,8521,1.64861680440262,24,-85,0.001869,51,2024-02-08 16:22:20.001749,122,1.037,0.0011,"aoml_navis",1024.72830290133
"7901009",25,0.216532428303951,1,0.379407,1,0.356979,1,169.982986016369,1,4.87904173507436,124,1,26.1949996948242,36.7060012817383,0.379406988620758,0.366324007511139,163.916793823242,-85.2012,23.5438,108.102540203204,63,63,63,63,61,63,0.356979,8521,1.64861680440262,24,-85,0.001869,51,2024-02-08 16:22:20.001749,124,1.037,0.0011,"aoml_navis",1024.79139787965
"7901009",25,0.227869204654943,1,0.398097,1,0.375669,1,168.356142127734,1,4.87885209317562,126,1,26.1509990692139,36.7290000915527,0.398097008466721,0.385013997554779,162.348007202148,-85.2012,23.5438,108.102540203204,63,63,63,63,61,63,0.375669,8521,1.64861680440262,24,-85,0.001869,51,2024-02-08 16:22:20.001749,126,1.037,0.0011,"aoml_navis",1024.83123171408
"7901009",25,0.226735527019844,1,0.396228,1,0.3738,1,165.59635271151,1,4.87854746907483,128,1,26.0400009155273,36.7560005187988,0.396227985620499,0.38314500451088,159.686706542969,-85.2012,23.5438,108.102540203204,63,63,63,63,61,63,0.3738,8521,1.64861680440262,24,-85,0.001869,51,2024-02-08 16:22:20.001749,128,1.037,0.0011,"aoml_navis",1024.89522377205
"7901009",25,0.184789454521173,1,0.327075,1,0.304647,1,163.021460688963,1,4.87771913625983,130,1,25.6790008544922,36.8250007629395,0.327075004577637,0.313991993665695,157.203704833984,-85.2012,23.5438,108.102540203204,63,63,63,63,61,63,0.304647,8521,1.64861680440262,24,-85,0.001869,51,2024-02-08 16:22:20.001749,130,1.037,0.0011,"aoml_navis",1025.06927117455
"7901009",25,0.146244414927799,1,0.263529,1,0.241101,1,161.999896655093,1,4.87711648983726,132,1,25.4360008239746,36.8810005187988,0.263529002666473,0.250445991754532,156.218597412109,-85.2012,23.5438,108.102540203204,63,63,63,63,61,63,0.241101,8521,1.64861680440262,24,-85,0.001869,51,2024-02-08 16:22:20.001749,132,1.037,0.0011,"aoml_navis",1025.19593501997
"7901009",25,0.137174993847006,1,0.248577,1,0.226149,1,161.183879659636,1,4.87681194531352,134,1,25.3110008239746,36.9029998779297,0.248576998710632,0.235494002699852,155.431701660156,-85.2012,23.5438,108.102540203204,63,63,63,63,61,63,0.226149,8521,1.64861680440262,24,-85,0.001869,51,2024-02-08 16:22:20.001749,134,1.037,0.0011,"aoml_navis",1025.25995590313
"7901009",25,0.119036151685418,1,0.218673,1,0.196245,1,159.969015962851,1,4.87659850690419,136,1,25.2280006408691,36.9169998168945,0.218673005700111,0.20558999478817,154.260192871094,-85.2012,23.5438,108.102540203204,63,63,63,63,61,63,0.196245,8521,1.64861680440262,24,-85,0.001869,51,2024-02-08 16:22:20.001749,136,1.037,0.0011,"aoml_navis",1025.30482936438
"7901009",25,0.0725553686463501,1,0.142044,1,0.119616,1,159.081555943649,1,4.8760373953775,138,1,24.9689998626709,36.9560012817383,0.142043992877007,0.128960996866226,153.404403686523,-85.2012,23.5438,108.102540203204,63,63,63,63,61,63,0.119616,8521,1.64861680440262,24,-85,0.001869,51,2024-02-08 16:22:20.001749,138,1.037,0.0011,"aoml_navis",1025.42281663796
"7901009",25,0.0714216910112509,1,0.140175,1,0.117747,1,159.104990521316,1,4.87565311934131,140,1,24.7779998779297,36.9739990234375,0.140174999833107,0.127092003822327,153.427001953125,-85.2012,23.5438,108.102540203204,63,63,63,63,61,63,0.117747,8521,1.64861680440262,24,-85,0.001869,51,2024-02-08 16:22:20.001749,140,1.037,0.0011,"aoml_navis",1025.50363563917
"7901009",25,0.0725553686463501,1,0.142044,1,0.119616,1,158.866483168737,1,4.87555348198061,142,1,24.7450008392334,36.9770011901855,0.142043992877007,0.128960996866226,153.197006225586,-85.2012,23.5438,108.102540203204,63,63,63,63,61,63,0.119616,8521,1.64861680440262,24,-85,0.001869,51,2024-02-08 16:22:20.001749,142,1.037,0.0011,"aoml_navis",1025.5245929471
"7901009",25,0.0725553686463501,1,0.142044,1,0.119616,1,158.675873497857,1,4.87547921281791,144,1,24.7220001220703,36.9770011901855,0.142043992877007,0.128960996866226,153.013198852539,-85.2012,23.5438,108.102540203204,63,63,63,63,61,63,0.119616,8521,1.64861680440262,24,-85,0.001869,51,2024-02-08 16:22:20.001749,144,1.037,0.0011,"aoml_navis",1025.54021497102
"7901009",25,0.0725553686463501,1,0.142044,1,0.119616,1,158.243955717985,1,4.87539112032378,146,1,24.6870002746582,36.976001739502,0.142043992877007,0.128960996866226,152.596694946289,-85.2012,23.5438,108.102540203204,63,63,63,63,61,63,0.119616,8521,1.64861680440262,24,-85,0.001869,51,2024-02-08 16:22:20.001749,146,1.037,0.0011,"aoml_navis",1025.55874525774
"7901009",25,0.0657533028357548,1,0.13083,1,0.108402,1,157.120678338239,1,4.87529216374761,148,1,24.6420001983643,36.9739990234375,0.130830004811287,0.117747001349926,151.51350402832,-85.2012,23.5438,108.102540203204,63,63,63,63,61,63,0.108402,8521,1.64861680440262,24,-85,0.001869,51,2024-02-08 16:22:20.001749,148,1.037,0.0011,"aoml_navis",1025.57956160653
"7901009",25,0.0272082632423813,1,0.067284,1,0.044856,1,155.771837214645,1,4.8748487948142,150,1,24.4160003662109,36.9949989318848,0.0672840029001236,0.0542009994387627,150.212799072266,-85.2012,23.5438,108.102540203204,63,63,63,63,61,63,0.044856,8521,1.64861680440262,24,-85,0.001869,51,2024-02-08 16:22:20.001749,150,1.037,0.0011,"aoml_navis",1025.67283836966
"7901009",25,0.0124704539860914,1,0.042987,1,0.020559,1,155.754099090699,1,4.87457250030762,152,1,24.2800006866455,37.0060005187988,0.0429870001971722,0.0299040004611015,150.195693969727,-85.2012,23.5438,108.102540203204,63,63,63,63,61,63,0.020559,8521,1.64861680440262,24,-85,0.001869,51,2024-02-08 16:22:20.001749,152,1.037,0.0011,"aoml_navis",1025.73097429251
"7901009",25,0.0147378092562899,1,0.046725,1,0.024297,1,155.776615906377,1,4.8744799186318,154,1,24.2490005493164,37.007999420166,0.0467250011861324,0.0336420014500618,150.217407226562,-85.2012,23.5438,108.102540203204,63,63,63,63,61,63,0.024297,8521,1.64861680440262,24,-85,0.001869,51,2024-02-08 16:22:20.001749,154,1.037,0.0011,"aoml_navis",1025.75045614373
"7901009",25,0.0124704539860914,1,0.042987,1,0.020559,1,155.445699415666,1,4.87430123376772,156,1,24.1679992675781,37.0139999389648,0.0429870001971722,0.0299040004611015,149.898300170898,-85.2012,23.5438,108.102540203204,63,63,63,63,61,63,0.020559,8521,1.64861680440262,24,-85,0.001869,51,2024-02-08 16:22:20.001749,156,1.037,0.0011,"aoml_navis",1025.78805867833
"7901009",25,0.00453471054039688,1,0.029904,1,0.007476,1,155.400586666896,1,4.87405340515704,158,1,24.0410003662109,37.0209999084473,0.0299040004611015,0.0168210007250309,149.854797363281,-85.2012,23.5438,108.102540203204,63,63,63,63,61,63,0.007476,8521,1.64861680440262,24,-85,0.001869,51,2024-02-08 16:22:20.001749,158,1.037,0.0011,"aoml_navis",1025.84021642227
"7901009",25,0.00453471054039688,1,0.029904,1,0.007476,1,154.781603676237,1,4.87387680999406,160,1,23.9559993743896,37.0250015258789,0.0299040004611015,0.0168210007250309,149.257904052734,-85.2012,23.5438,108.102540203204,63,63,63,63,61,63,0.007476,8521,1.64861680440262,24,-85,0.001869,51,2024-02-08 16:22:20.001749,160,1.037,0.0011,"aoml_navis",1025.87738568757
"7901009",25,0.00340103290529766,1,0.028035,1,0.005607,1,152.918515193028,1,4.87369772151568,162,1,23.8640003204346,37.0270004272461,0.0280349999666214,0.0149520002305508,147.461303710938,-85.2012,23.5438,108.102540203204,63,63,63,63,61,63,0.005607,8521,1.64861680440262,24,-85,0.001869,51,2024-02-08 16:22:20.001749,162,1.037,0.0011,"aoml_navis",1025.91508248998
"7901009",25,-0.0056683881754961,4,0.013083,1,-0.009345,1,152.799570074648,1,4.87340084268312,164,1,23.6760005950928,37.023998260498,0.0130829997360706,0,147.346603393555,-85.2012,23.5438,108.102540203204,63,63,63,63,61,63,-0.009345,8521,1.64861680440262,24,-85,0.001869,51,2024-02-08 16:22:20.001749,164,1.037,0.0011,"aoml_navis",1025.9775793955
"7901009",25,-0.00113367763509922,1,0.020559,1,-0.001869,1,153.388583389344,1,4.87310089806076,166,1,23.5130004882812,37.0320014953613,0.020558999851346,0.00747600011527538,147.914596557617,-85.2012,23.5438,108.102540203204,63,63,63,63,61,63,-0.001869,8521,1.64861680440262,24,-85,0.001869,51,2024-02-08 16:22:20.001749,166,1.037,0.0011,"aoml_navis",1026.04072942338
"7901009",25,-0.00113367763509922,1,0.020559,1,-0.001869,1,152.814918852728,1,4.87275860001628,168,1,23.2959995269775,37.0309982299805,0.020558999851346,0.00747600011527538,147.361404418945,-85.2012,23.5438,108.102540203204,63,63,63,63,61,63,-0.001869,8521,1.64861680440262,24,-85,0.001869,51,2024-02-08 16:22:20.001749,168,1.037,0.0011,"aoml_navis",1026.11280599521
"7901009",25,-0.00113367763509922,1,0.020559,1,-0.001869,1,152.931363860864,1,4.87246728591079,170,1,23.1040000915527,37.0260009765625,0.020558999851346,0.00747600011527538,147.473693847656,-85.2012,23.5438,108.102540203204,63,63,63,63,61,63,-0.001869,8521,1.64861680440262,24,-85,0.001869,51,2024-02-08 16:22:20.001749,170,1.037,0.0011,"aoml_navis",1026.17415502368
"7901009",25,-0.00226735527019844,1,0.01869,1,-0.003738,1,153.625239394465,1,4.87212635340077,172,1,22.882999420166,37.023998260498,0.0186899993568659,0.00560700008645654,148.142807006836,-85.2012,23.5438,108.102540203204,63,63,63,63,61,63,-0.003738,8521,1.64861680440262,24,-85,0.001869,51,2024-02-08 16:22:20.001749,172,1.037,0.0011,"aoml_navis",1026.24596271194
"7901009",25,-0.00226735527019844,1,0.01869,1,-0.003738,1,153.7366050647,1,4.87189871337999,174,1,22.7350006103516,37.0190010070801,0.0186899993568659,0.00560700008645654,148.250198364258,-85.2012,23.5438,108.102540203204,63,63,63,63,61,63,-0.003738,8521,1.64861680440262,24,-85,0.001869,51,2024-02-08 16:22:20.001749,174,1.037,0.0011,"aoml_navis",1026.29391417112
"7901009",25,0,1,0.022428,1,0,1,153.646284626265,1,4.87184482904539,176,1,22.7229995727539,37.0180015563965,0.0224280003458261,0.00934499967843294,148.163101196289,-85.2012,23.5438,108.102540203204,63,63,63,63,61,63,0,8521,1.64861680440262,24,-85,0.001869,51,2024-02-08 16:22:20.001749,176,1.037,0.0011,"aoml_navis",1026.30526534642
"7901009",25,-0.00113367763509922,1,0.020559,1,-0.001869,1,153.339530593418,1,4.87179786483007,178,1,22.7159996032715,37.0169982910156,0.020558999851346,0.00747600011527538,147.867294311523,-85.2012,23.5438,108.102540203204,63,63,63,63,61,63,-0.001869,8521,1.64861680440262,24,-85,0.001869,51,2024-02-08 16:22:20.001749,178,1.037,0.0011,"aoml_navis",1026.31515894685
"7901009",25,-0.00453471054039688,1,0.014952,1,-0.007476,1,152.802165125787,1,4.87173847550441,180,1,22.7000007629395,37.015998840332,0.0149520002305508,0.00186900002881885,147.349105834961,-85.2012,23.5438,108.102540203204,63,63,63,63,61,63,-0.007476,8521,1.64861680440262,24,-85,0.001869,51,2024-02-08 16:22:20.001749,180,1.037,0.0011,"aoml_navis",1026.32767032559
"7901009",25,-0.00453471054039688,1,0.014952,1,-0.007476,1,151.475097114191,1,4.87164749352015,182,1,22.6480007171631,37.0099983215332,0.0149520002305508,0.00186900002881885,146.069396972656,-85.2012,23.5438,108.102540203204,63,63,63,63,61,63,-0.007476,8521,1.64861680440262,24,-85,0.001869,51,2024-02-08 16:22:20.001749,182,1.037,0.0011,"aoml_navis",1026.34683783065
"7901009",25,-0.00340103290529766,1,0.016821,1,-0.005607,1,150.106555754814,1,4.87134119263916,184,1,22.4179992675781,36.9959983825684,0.0168210007250309,0.00373800005763769,144.749694824219,-85.2012,23.5438,108.102540203204,63,63,63,63,61,63,-0.005607,8521,1.64861680440262,24,-85,0.001869,51,2024-02-08 16:22:20.001749,184,1.037,0.0011,"aoml_navis",1026.41137261238
"7901009",25,-0.00453471054039688,1,0.014952,1,-0.007476,1,149.053582108068,1,4.87117231068989,186,1,22.2980003356934,36.9860000610352,0.0149520002305508,0.00186900002881885,143.734298706055,-85.2012,23.5438,108.102540203204,63,63,63,63,61,63,-0.007476,8521,1.64861680440262,24,-85,0.001869,51,2024-02-08 16:22:20.001749,186,1.037,0.0011,"aoml_navis",1026.44695795864
"7901009",25,-0.00340103290529766,1,0.016821,1,-0.005607,1,148.495044820776,1,4.87094910583013,188,1,22.1270008087158,36.9720001220703,0.0168210007250309,0.00373800005763769,143.195693969727,-85.2012,23.5438,108.102540203204,63,63,63,63,61,63,-0.005607,8521,1.64861680440262,24,-85,0.001869,51,2024-02-08 16:22:20.001749,188,1.037,0.0011,"aoml_navis",1026.49399354541
"7901009",25,-0.00453471054039688,1,0.014952,1,-0.007476,1,148.175552884471,1,4.87081676211251,190,1,22.0410003662109,36.9650001525879,0.0149520002305508,0.00186900002881885,142.887603759766,-85.2012,23.5438,108.102540203204,63,63,63,63,61,63,-0.007476,8521,1.64861680440262,24,-85,0.001869,51,2024-02-08 16:22:20.001749,190,1.037,0.0011,"aoml_navis",1026.52188415141
"7901009",25,-0.00453471054039688,1,0.014952,1,-0.007476,1,147.550746852231,1,4.87073426872142,192,1,21.9969997406006,36.9599990844727,0.0149520002305508,0.00186900002881885,142.285095214844,-85.2012,23.5438,108.102540203204,63,63,63,63,61,63,-0.007476,8521,1.64861680440262,24,-85,0.001869,51,2024-02-08 16:22:20.001749,192,1.037,0.0011,"aoml_navis",1026.53926988148
"7901009",25,-0.00340103290529766,1,0.016821,1,-0.005607,1,146.927823814415,1,4.87053994577025,194,1,21.8460006713867,36.9459991455078,0.0168210007250309,0.00373800005763769,141.68440246582,-85.2012,23.5438,108.102540203204,63,63,63,63,61,63,-0.005607,8521,1.64861680440262,24,-85,0.001869,51,2024-02-08 16:22:20.001749,194,1.037,0.0011,"aoml_navis",1026.58022635502
"7901009",25,-0.00453471054039688,1,0.014952,1,-0.007476,1,147.203453057073,1,4.87028011444391,196,1,21.6319999694824,36.9269981384277,0.0149520002305508,0.00186900002881885,141.9501953125,-85.2012,23.5438,108.102540203204,63,63,63,63,61,63,-0.007476,8521,1.64861680440262,24,-85,0.001869,51,2024-02-08 16:22:20.001749,196,1.037,0.0011,"aoml_navis",1026.63499480684
"7901009",25,-0.00226735527019844,1,0.01869,1,-0.003738,1,147.480759588882,1,4.87015031243237,198,1,21.5440006256104,36.9189987182617,0.0186899993568659,0.00560700008645654,142.21760559082,-85.2012,23.5438,108.102540203204,63,63,63,63,61,63,-0.003738,8521,1.64861680440262,24,-85,0.001869,51,2024-02-08 16:22:20.001749,198,1.037,0.0011,"aoml_navis",1026.66235726568
"7901009",25,-0.00340103290529766,1,0.016821,1,-0.005607,1,147.762306814016,1,4.8700575668601,200,1,21.4890003204346,36.9129981994629,0.0168210007250309,0.00373800005763769,142.489105224609,-85.2012,23.5438,108.102540203204,63,63,63,63,61,63,-0.005607,8521,1.64861680440262,24,-85,0.001869,51,2024-02-08 16:22:20.001749,200,1.037,0.0011,"aoml_navis",1026.68190906492
"7901009",25,-0.0056683881754961,1,0.013083,1,-0.009345,1,147.95467289146,1,4.86994818887525,202,1,21.4160003662109,36.9049987792969,0.0130829997360706,0,142.674606323242,-85.2012,23.5438,108.102540203204,63,63,63,63,61,63,-0.009345,8521,1.64861680440262,24,-85,0.001869,51,2024-02-08 16:22:20.001749,202,1.037,0.0011,"aoml_navis",1026.70496811893
"7901009",25,-0.00226735527019844,1,0.01869,1,-0.003738,1,147.934450480752,1,4.86971905112331,204,1,21.2280006408691,36.8880004882812,0.0186899993568659,0.00560700008645654,142.65510559082,-85.2012,23.5438,108.102540203204,63,63,63,63,61,63,-0.003738,8521,1.64861680440262,24,-85,0.001869,51,2024-02-08 16:22:20.001749,204,1.037,0.0011,"aoml_navis",1026.75327827108
"7901009",25,-0.00226735527019844,1,0.01869,1,-0.003738,1,147.845047804306,1,4.86958559180639,206,1,21.1280002593994,36.8769989013672,0.0186899993568659,0.00560700008645654,142.568893432617,-85.2012,23.5438,108.102540203204,63,63,63,63,61,63,-0.003738,8521,1.64861680440262,24,-85,0.001869,51,2024-02-08 16:22:20.001749,206,1.037,0.0011,"aoml_navis",1026.78141819974
"7901009",25,-0.00340103290529766,1,0.016821,1,-0.005607,1,147.60551192536,1,4.8694864304023,208,1,21.0620002746582,36.8689994812012,0.0168210007250309,0.00373800005763769,142.337905883789,-85.2012,23.5438,108.102540203204,63,63,63,63,61,63,-0.005607,8521,1.64861680440262,24,-85,0.001869,51,2024-02-08 16:22:20.001749,208,1.037,0.0011,"aoml_navis",1026.80232740415
"7901009",25,-0.00340103290529766,1,0.016821,1,-0.005607,1,147.329455448673,1,4.8692781963938,210,1,20.8880004882812,36.8520011901855,0.0168210007250309,0.00373800005763769,142.071701049805,-85.2012,23.5438,108.102540203204,63,63,63,63,61,63,-0.005607,8521,1.64861680440262,24,-85,0.001869,51,2024-02-08 16:22:20.001749,210,1.037,0.0011,"aoml_navis",1026.84623846364
"7901009",25,-0.00453471054039688,1,0.014952,1,-0.007476,1,146.959961307488,1,4.86917279799009,212,1,20.8139991760254,36.8429985046387,0.0149520002305508,0.00186900002881885,141.715393066406,-85.2012,23.5438,108.102540203204,63,63,63,63,61,63,-0.007476,8521,1.64861680440262,24,-85,0.001869,51,2024-02-08 16:22:20.001749,212,1.037,0.0011,"aoml_navis",1026.86846563834
"7901009",25,-0.00453471054039688,1,0.014952,1,-0.007476,1,146.848184226707,1,4.86911089303033,214,1,20.7870006561279,36.8390007019043,0.0149520002305508,0.00186900002881885,141.607604980469,-85.2012,23.5438,108.102540203204,63,63,63,63,61,63,-0.007476,8521,1.64861680440262,24,-85,0.001869,51,2024-02-08 16:22:20.001749,214,1.037,0.0011,"aoml_navis",1026.8815210508
"7901009",25,-0.00226735527019844,1,0.01869,1,-0.003738,1,146.810840807872,1,4.86904772108071,216,1,20.7590007781982,36.8349990844727,0.0186899993568659,0.00560700008645654,141.571594238281,-85.2012,23.5438,108.102540203204,63,63,63,63,61,63,-0.003738,8521,1.64861680440262,24,-85,0.001869,51,2024-02-08 16:22:20.001749,216,1.037,0.0011,"aoml_navis",1026.89484400663
"7901009",25,-0.00226735527019844,1,0.01869,1,-0.003738,1,146.713890330246,1,4.86893935674726,218,1,20.6879997253418,36.8279991149902,0.0186899993568659,0.00560700008645654,141.478103637695,-85.2012,23.5438,108.102540203204,63,63,63,63,61,63,-0.003738,8521,1.64861680440262,24,-85,0.001869,51,2024-02-08 16:22:20.001749,218,1.037,0.0011,"aoml_navis",1026.9176988354
"7901009",25,-0.00340103290529766,1,0.016821,1,-0.005607,1,146.61526256347,1,4.86886369009326,220,1,20.6420001983643,36.8209991455078,0.0168210007250309,0.00373800005763769,141.382995605469,-85.2012,23.5438,108.102540203204,63,63,63,63,61,63,-0.005607,8521,1.64861680440262,24,-85,0.001869,51,2024-02-08 16:22:20.001749,220,1.037,0.0011,"aoml_navis",1026.93365808814
"7901009",25,-0.00113367763509922,1,0.020559,1,-0.001869,1,146.757341613348,1,4.86878736648102,222,1,20.6009998321533,36.8160018920898,0.020558999851346,0.00747600011527538,141.520004272461,-85.2012,23.5438,108.102540203204,63,63,63,63,61,63,-0.001869,8521,1.64861680440262,24,-85,0.001869,51,2024-02-08 16:22:20.001749,222,1.037,0.0011,"aoml_navis",1026.94975640594
"7901009",25,-0.00453471054039688,1,0.014952,1,-0.007476,1,146.936843199473,1,4.86868981088845,224,1,20.5380001068115,36.8089981079102,0.0149520002305508,0.00186900002881885,141.693099975586,-85.2012,23.5438,108.102540203204,63,63,63,63,61,63,-0.007476,8521,1.64861680440262,24,-85,0.001869,51,2024-02-08 16:22:20.001749,224,1.037,0.0011,"aoml_navis",1026.97033374726
"7901009",25,-0.00340103290529766,1,0.016821,1,-0.005607,1,147.082545826856,1,4.86859988283809,226,1,20.4780006408691,36.8009986877441,0.0168210007250309,0.00373800005763769,141.833602905273,-85.2012,23.5438,108.102540203204,63,63,63,63,61,63,-0.005607,8521,1.64861680440262,24,-85,0.001869,51,2024-02-08 16:22:20.001749,226,1.037,0.0011,"aoml_navis",1026.98930294623
"7901009",25,-0.00226735527019844,1,0.01869,1,-0.003738,1,147.455030606244,1,4.86846590763811,228,1,20.367000579834,36.7869987487793,0.0186899993568659,0.00560700008645654,142.192794799805,-85.2012,23.5438,108.102540203204,63,63,63,63,61,63,-0.003738,8521,1.64861680440262,24,-85,0.001869,51,2024-02-08 16:22:20.001749,228,1.037,0.0011,"aoml_navis",1027.01756464095
"7901009",25,-0.00340103290529766,1,0.016821,1,-0.005607,1,148.330069191639,1,4.86826977113902,230,1,20.1959991455078,36.7690010070801,0.0168210007250309,0.00373800005763769,143.036605834961,-85.2012,23.5438,108.102540203204,63,63,63,63,61,63,-0.005607,8521,1.64861680440262,24,-85,0.001869,51,2024-02-08 16:22:20.001749,230,1.037,0.0011,"aoml_navis",1027.05894189388
"7901009",25,-0.0056683881754961,1,0.013083,1,-0.009345,1,148.690844593935,1,4.86815840780142,232,1,20.113000869751,36.7589988708496,0.0130829997360706,0,143.384506225586,-85.2012,23.5438,108.102540203204,63,63,63,63,61,63,-0.009345,8521,1.64861680440262,24,-85,0.001869,51,2024-02-08 16:22:20.001749,232,1.037,0.0011,"aoml_navis",1027.08243675623
"7901009",25,-0.00453471054039688,1,0.014952,1,-0.007476,1,148.861216030625,1,4.86808268307343,234,1,20.0690002441406,36.7529983520508,0.0149520002305508,0.00186900002881885,143.548797607422,-85.2012,23.5438,108.102540203204,63,63,63,63,61,63,-0.007476,8521,1.64861680440262,24,-85,0.001869,51,2024-02-08 16:22:20.001749,234,1.037,0.0011,"aoml_navis",1027.09841338259
"7901009",25,-0.00226735527019844,1,0.01869,1,-0.003738,1,148.970524648127,1,4.86799105654151,236,1,20.003999710083,36.7439994812012,0.0186899993568659,0.00560700008645654,143.654205322266,-85.2012,23.5438,108.102540203204,63,63,63,63,61,63,-0.003738,8521,1.64861680440262,24,-85,0.001869,51,2024-02-08 16:22:20.001749,236,1.037,0.0011,"aoml_navis",1027.11774568302
"7901009",25,-0.00453471054039688,1,0.014952,1,-0.007476,1,149.205819833748,1,4.86789449767595,238,1,19.9349994659424,36.7350006103516,0.0149520002305508,0.00186900002881885,143.881103515625,-85.2012,23.5438,108.102540203204,63,63,63,63,61,63,-0.007476,8521,1.64861680440262,24,-85,0.001869,51,2024-02-08 16:22:20.001749,238,1.037,0.0011,"aoml_navis",1027.13811944509
"7901009",25,-0.00453471054039688,1,0.014952,1,-0.007476,1,149.641677660776,1,4.86777828762297,240,1,19.8390007019043,36.7220001220703,0.0149520002305508,0.00186900002881885,144.301406860352,-85.2012,23.5438,108.102540203204,63,63,63,63,61,63,-0.007476,8521,1.64861680440262,24,-85,0.001869,51,2024-02-08 16:22:20.001749,240,1.037,0.0011,"aoml_navis",1027.16264064722
"7901009",25,-0.00453471054039688,1,0.014952,1,-0.007476,1,150.114752318779,1,4.86761381922714,242,1,19.6959991455078,36.7060012817383,0.0149520002305508,0.00186900002881885,144.757598876953,-85.2012,23.5438,108.102540203204,63,63,63,63,61,63,-0.007476,8521,1.64861680440262,24,-85,0.001869,51,2024-02-08 16:22:20.001749,242,1.037,0.0011,"aoml_navis",1027.19734672663
"7901009",25,-0.00226735527019844,1,0.01869,1,-0.003738,1,150.270613621964,1,4.86751304972395,244,1,19.6229991912842,36.6969985961914,0.0186899993568659,0.00560700008645654,144.907897949219,-85.2012,23.5438,108.102540203204,63,63,63,63,61,63,-0.003738,8521,1.64861680440262,24,-85,0.001869,51,2024-02-08 16:22:20.001749,244,1.037,0.0011,"aoml_navis",1027.21861224051
"7901009",25,-0.0056683881754961,1,0.013083,1,-0.009345,1,150.295820429677,1,4.86743545584267,246,1,19.5739994049072,36.689998626709,0.0130829997360706,0,144.932205200195,-85.2012,23.5438,108.102540203204,63,63,63,63,61,63,-0.009345,8521,1.64861680440262,24,-85,0.001869,51,2024-02-08 16:22:20.001749,246,1.037,0.0011,"aoml_navis",1027.23498757404
"7901009",25,0,1,0.009345,1,-0.013083,1,150.292908908886,1,4.86737099874714,248,1,19.5440006256104,36.6860008239746,0.00934499967843294,0,144.929397583008,-85.2012,23.5438,108.102540203204,63,63,63,63,61,63,0,8521,1.64861680440262,24,-85,0.001869,51,2024-02-08 16:22:20.001749,248,1.037,0.0011,"aoml_navis",1027.24859093071
"7901009",25,0,1,0.016821,1,-0.005607,1,150.23203597149,1,4.86731680206182,250,1,19.5249996185303,36.6829986572266,0.0168210007250309,0,144.870697021484,-85.2012,23.5438,108.102540203204,63,63,63,63,61,63,0,8521,1.64861680440262,24,-85,0.001869,51,2024-02-08 16:22:20.001749,250,1.037,0.0011,"aoml_navis",1027.26002915651
"7901009",25,0,1,0.013083,1,-0.009345,1,150.269585095597,1,4.86726386302445,252,1,19.5069999694824,36.6800003051758,0.0130829997360706,0,144.90690612793,-85.2012,23.5438,108.102540203204,63,63,63,63,61,63,0,8521,1.64861680440262,24,-85,0.001869,51,2024-02-08 16:22:20.001749,252,1.037,0.0011,"aoml_navis",1027.27120220128
"7901009",25,0,1,0.016821,1,-0.005607,1,150.313447789245,1,4.86719667123791,254,1,19.4689998626709,36.673999786377,0.0168210007250309,0,144.949203491211,-85.2012,23.5438,108.102540203204,63,63,63,63,61,63,0,8521,1.64861680440262,24,-85,0.001869,51,2024-02-08 16:22:20.001749,254,1.037,0.0011,"aoml_navis",1027.28538370904
"7901009",25,0,1,0.020559,1,-0.001869,1,150.665915863199,1,4.86711028876701,256,1,19.4069995880127,36.6650009155273,0.020558999851346,0,145.289093017578,-85.2012,23.5438,108.102540203204,63,63,63,63,61,63,0,8521,1.64861680440262,24,-85,0.001869,51,2024-02-08 16:22:20.001749,256,1.037,0.0011,"aoml_navis",1027.30361618057
"7901009",25,0,1,0.013083,1,-0.009345,1,151.437864459735,1,4.86696305569375,258,1,19.2730007171631,36.6479988098145,0.0130829997360706,0,146.033493041992,-85.2012,23.5438,108.102540203204,63,63,63,63,61,63,0,8521,1.64861680440262,24,-85,0.001869,51,2024-02-08 16:22:20.001749,258,1.037,0.0011,"aoml_navis",1027.33469368554
"7901009",25,0,1,0.014952,1,-0.007476,1,151.648174366398,1,4.86685698491027,260,1,19.1889991760254,36.6370010375977,0.0149520002305508,0,146.236297607422,-85.2012,23.5438,108.102540203204,63,63,63,63,61,63,0,8521,1.64861680440262,24,-85,0.001869,51,2024-02-08 16:22:20.001749,260,1.037,0.0011,"aoml_navis",1027.35708394608
"7901009",25,0,1,0.016821,1,-0.005607,1,151.777911099882,1,4.86677387119976,262,1,19.1319999694824,36.6290016174316,0.0168210007250309,0,146.361404418945,-85.2012,23.5438,108.102540203204,63,63,63,63,61,63,0,8521,1.64861680440262,24,-85,0.001869,51,2024-02-08 16:22:20.001749,262,1.037,0.0011,"aoml_navis",1027.37462892793
"7901009",25,0,1,0.01869,1,-0.003738,1,152.280860492952,1,4.86671104795348,264,1,19.1000003814697,36.6240005493164,0.0186899993568659,0,146.846405029297,-85.2012,23.5438,108.102540203204,63,63,63,63,61,63,0,8521,1.64861680440262,24,-85,0.001869,51,2024-02-08 16:22:20.001749,264,1.037,0.0011,"aoml_navis",1027.38789106918
"7901009",25,0,1,0.013083,1,-0.009345,1,153.072715030544,1,4.86661811545031,266,1,19.0319995880127,36.6150016784668,0.0130829997360706,0,147.610000610352,-85.2012,23.5438,108.102540203204,63,63,63,63,61,63,0,8521,1.64861680440262,24,-85,0.001869,51,2024-02-08 16:22:20.001749,266,1.037,0.0011,"aoml_navis",1027.40750997623
"7901009",25,0,1,0.01869,1,-0.003738,1,154.846210955517,1,4.86655798104547,268,1,19.0049991607666,36.6110000610352,0.0186899993568659,0,149.320205688477,-85.2012,23.5438,108.102540203204,63,63,63,63,61,63,0,8521,1.64861680440262,24,-85,0.001869,51,2024-02-08 16:22:20.001749,268,1.037,0.0011,"aoml_navis",1027.42020530204
"7901009",25,0,1,0.016821,1,-0.005607,1,155.271799342366,1,4.86646582334457,270,1,18.9549999237061,36.6080017089844,0.0168210007250309,0,149.730606079102,-85.2012,23.5438,108.102540203204,63,63,63,63,61,63,0,8521,1.64861680440262,24,-85,0.001869,51,2024-02-08 16:22:20.001749,270,1.037,0.0011,"aoml_navis",1027.43966186197
"7901009",25,0,1,0.011214,1,-0.011214,1,154.186466673791,1,4.86640188831024,272,1,18.9190006256104,36.6020011901855,0.0112140001729131,0,148.684005737305,-85.2012,23.5438,108.102540203204,63,63,63,63,61,63,0,8521,1.64861680440262,24,-85,0.001869,51,2024-02-08 16:22:20.001749,272,1.037,0.0011,"aoml_navis",1027.45316041626
"7901009",25,0,1,0.014952,1,-0.007476,1,153.371573145596,1,4.86631281589018,274,1,18.8419990539551,36.5890007019043,0.0149520002305508,0,147.898193359375,-85.2012,23.5438,108.102540203204,63,63,63,63,61,63,0,8521,1.64861680440262,24,-85,0.001869,51,2024-02-08 16:22:20.001749,274,1.037,0.0011,"aoml_navis",1027.47196679862
"7901009",25,0,1,0.013083,1,-0.009345,1,153.147797455277,1,4.86620052654411,276,1,18.7399997711182,36.5740013122559,0.0130829997360706,0,147.682403564453,-85.2012,23.5438,108.102540203204,63,63,63,63,61,63,0,8521,1.64861680440262,24,-85,0.001869,51,2024-02-08 16:22:20.001749,276,1.037,0.0011,"aoml_navis",1027.49567608775
"7901009",25,0,1,0.013083,1,-0.009345,1,152.782148420353,1,4.86614178608108,278,1,18.7080001831055,36.568000793457,0.0130829997360706,0,147.329803466797,-85.2012,23.5438,108.102540203204,63,63,63,63,61,63,0,8521,1.64861680440262,24,-85,0.001869,51,2024-02-08 16:22:20.001749,278,1.037,0.0011,"aoml_navis",1027.50807925527
"7901009",25,0,1,0.014952,1,-0.007476,1,151.603488851658,1,4.86608553093336,280,1,18.67799949646,36.5620002746582,0.0149520002305508,0,146.193206787109,-85.2012,23.5438,108.102540203204,63,63,63,63,61,63,0,8521,1.64861680440262,24,-85,0.001869,51,2024-02-08 16:22:20.001749,280,1.037,0.0011,"aoml_navis",1027.51995792416
"7901009",25,0,1,0.016821,1,-0.005607,1,150.652655784816,1,4.86597503688927,282,1,18.5709991455078,36.5449981689453,0.0168210007250309,0,145.276306152344,-85.2012,23.5438,108.102540203204,63,63,63,63,61,63,0,8521,1.64861680440262,24,-85,0.001869,51,2024-02-08 16:22:20.001749,282,1.037,0.0011,"aoml_navis",1027.54329031585
"7901009",25,0,1,0.01869,1,-0.003738,1,150.667165918321,1,4.86585148656807,284,1,18.4379997253418,36.5229988098145,0.0186899993568659,0,145.290298461914,-85.2012,23.5438,108.102540203204,63,63,63,63,61,63,0,8521,1.64861680440262,24,-85,0.001869,51,2024-02-08 16:22:20.001749,284,1.037,0.0011,"aoml_navis",1027.56938098136
"7901009",25,0,1,0.014952,1,-0.007476,1,150.567921035724,1,4.86577971973666,286,1,18.3889999389648,36.5149993896484,0.0149520002305508,0,145.194595336914,-85.2012,23.5438,108.102540203204,63,63,63,63,61,63,0,8521,1.64861680440262,24,-85,0.001869,51,2024-02-08 16:22:20.001749,286,1.037,0.0011,"aoml_navis",1027.5845369076
"7901009",25,0,1,0.013083,1,-0.009345,1,150.385935162838,1,4.86569468450776,288,1,18.3199996948242,36.5040016174316,0.0130829997360706,0,145.019104003906,-85.2012,23.5438,108.102540203204,63,63,63,63,61,63,0,8521,1.64861680440262,24,-85,0.001869,51,2024-02-08 16:22:20.001749,288,1.037,0.0011,"aoml_navis",1027.60249547097
"7901009",25,0,1,0.014952,1,-0.007476,1,150.200832063888,1,4.86557726307307,290,1,18.2180004119873,36.4910011291504,0.0149520002305508,0,144.840606689453,-85.2012,23.5438,108.102540203204,63,63,63,63,61,63,0,8521,1.64861680440262,24,-85,0.001869,51,2024-02-08 16:22:20.001749,290,1.037,0.0011,"aoml_navis",1027.62729469885
"7901009",25,0,1,0.014952,1,-0.007476,1,149.960346775989,1,4.86552156894385,292,1,18.181999206543,36.4830017089844,0.0149520002305508,0,144.608703613281,-85.2012,23.5438,108.102540203204,63,63,63,63,61,63,0,8521,1.64861680440262,24,-85,0.001869,51,2024-02-08 16:22:20.001749,292,1.037,0.0011,"aoml_navis",1027.63905763249
"7901009",25,0,1,0.016821,1,-0.005607,1,149.768281344714,1,4.8654370471116,294,1,18.125,36.476001739502,0.0168210007250309,0,144.423492431641,-85.2012,23.5438,108.102540203204,63,63,63,63,61,63,0,8521,1.64861680440262,24,-85,0.001869,51,2024-02-08 16:22:20.001749,294,1.037,0.0011,"aoml_navis",1027.65690966411
"7901009",25,0,1,0.013083,1,-0.009345,1,149.796178144461,1,4.86534320421204,296,1,18.0389995574951,36.4620018005371,0.0130829997360706,0,144.450393676758,-85.2012,23.5438,108.102540203204,63,63,63,63,61,63,0,8521,1.64861680440262,24,-85,0.001869,51,2024-02-08 16:22:20.001749,296,1.037,0.0011,"aoml_navis",1027.67673114435
"7901009",25,0,1,0.016821,1,-0.005607,1,149.613575155755,1,4.8652959764208,298,1,18.0310001373291,36.4609985351562,0.0168210007250309,0,144.274307250977,-85.2012,23.5438,108.102540203204,63,63,63,63,61,63,0,8521,1.64861680440262,24,-85,0.001869,51,2024-02-08 16:22:20.001749,298,1.037,0.0011,"aoml_navis",1027.68670687909
"7901009",25,0,4,0.009345,1,-0.013083,1,149.254872629674,1,4.86524643701636,300,1,18.0090007781982,36.4560012817383,0.00934499967843294,0,143.928405761719,-85.2012,23.5438,108.102540203204,63,63,63,63,61,63,0,8521,1.64861680440262,24,-85,0.001869,51,2024-02-08 16:22:20.001749,300,1.037,0.0011,"aoml_navis",1027.69717109464
"7901009",25,0,1,0.01869,1,-0.003738,1,148.810818238681,1,4.86515413720357,302,1,17.9270000457764,36.443000793457,0.0186899993568659,0,143.500198364258,-85.2012,23.5438,108.102540203204,63,63,63,63,61,63,0,8521,1.64861680440262,24,-85,0.001869,51,2024-02-08 16:22:20.001749,302,1.037,0.0011,"aoml_navis",1027.71666816582
"7901009",25,0,1,0.01869,1,-0.003738,1,148.573861587392,1,4.86505168564705,304,1,17.818000793457,36.423999786377,0.0186899993568659,0,143.271697998047,-85.2012,23.5438,108.102540203204,63,63,63,63,61,63,0,8521,1.64861680440262,24,-85,0.001869,51,2024-02-08 16:22:20.001749,304,1.037,0.0011,"aoml_navis",1027.73831052013
"7901009",25,0,1,0.016821,1,-0.005607,1,148.162371923501,1,4.8649259399927,306,1,17.6919994354248,36.4059982299805,0.0168210007250309,0,142.874893188477,-85.2012,23.5438,108.102540203204,63,63,63,63,61,63,0,8521,1.64861680440262,24,-85,0.001869,51,2024-02-08 16:22:20.001749,306,1.037,0.0011,"aoml_navis",1027.76487487649
"7901009",25,0,1,0.014952,1,-0.007476,1,147.997491235259,1,4.8648032687486,308,1,17.5650005340576,36.3870010375977,0.0149520002305508,0,142.715896606445,-85.2012,23.5438,108.102540203204,63,63,63,63,61,63,0,8521,1.64861680440262,24,-85,0.001869,51,2024-02-08 16:22:20.001749,308,1.037,0.0011,"aoml_navis",1027.79079107266
"7901009",25,0,1,0.020559,1,-0.001869,1,147.764585395504,1,4.86475530075555,310,1,17.5440006256104,36.3819999694824,0.020558999851346,0,142.491302490234,-85.2012,23.5438,108.102540203204,63,63,63,63,61,63,0,8521,1.64861680440262,24,-85,0.001869,51,2024-02-08 16:22:20.001749,310,1.037,0.0011,"aoml_navis",1027.80092540799
"7901009",25,0,1,0.013083,1,-0.009345,1,147.402971348632,1,4.86469792104897,312,1,17.5149993896484,36.3769989013672,0.0130829997360706,0,142.142593383789,-85.2012,23.5438,108.102540203204,63,63,63,63,61,63,0,8521,1.64861680440262,24,-85,0.001869,51,2024-02-08 16:22:20.001749,312,1.037,0.0011,"aoml_navis",1027.81304844553
"7901009",25,0,1,0.014952,1,-0.007476,1,147.119462011661,1,4.86463840324086,314,1,17.4780006408691,36.3699989318848,0.0149520002305508,0,141.869201660156,-85.2012,23.5438,108.102540203204,63,63,63,63,61,63,0,8521,1.64861680440262,24,-85,0.001869,51,2024-02-08 16:22:20.001749,314,1.037,0.0011,"aoml_navis",1027.82562351787
"7901009",25,0,1,0.016821,1,-0.005607,1,146.422279370206,1,4.86458001432324,316,1,17.4449996948242,36.3639984130859,0.0168210007250309,0,141.196899414062,-85.2012,23.5438,108.102540203204,63,63,63,63,61,63,0,8521,1.64861680440262,24,-85,0.001869,51,2024-02-08 16:22:20.001749,316,1.037,0.0011,"aoml_navis",1027.83796037439
"7901009",25,0,1,0.013083,1,-0.009345,1,145.874945108565,1,4.86449998389269,318,1,17.375,36.3520011901855,0.0130829997360706,0,140.669097900391,-85.2012,23.5438,108.102540203204,63,63,63,63,61,63,0,8521,1.64861680440262,24,-85,0.001869,51,2024-02-08 16:22:20.001749,318,1.037,0.0011,"aoml_navis",1027.85487029622
"7901009",25,0,1,0.013083,1,-0.009345,1,145.47351917958,1,4.86439608479084,320,1,17.2719993591309,36.3359985351562,0.0130829997360706,0,140.281997680664,-85.2012,23.5438,108.102540203204,63,63,63,63,61,63,0,8521,1.64861680440262,24,-85,0.001869,51,2024-02-08 16:22:20.001749,320,1.037,0.0011,"aoml_navis",1027.87682434684
"7901009",25,0,1,0.014952,1,-0.007476,1,145.268715844846,1,4.86429376808188,322,1,17.1700000762939,36.3199996948242,0.0149520002305508,0,140.084503173828,-85.2012,23.5438,108.102540203204,63,63,63,63,61,63,0,8521,1.64861680440262,24,-85,0.001869,51,2024-02-08 16:22:20.001749,322,1.037,0.0011,"aoml_navis",1027.89844495178
"7901009",25,0,1,0.016821,1,-0.005607,1,145.061206694596,1,4.86423460665644,324,1,17.1359996795654,36.3139991760254,0.0168210007250309,0,139.884399414062,-85.2012,23.5438,108.102540203204,63,63,63,63,61,63,0,8521,1.64861680440262,24,-85,0.001869,51,2024-02-08 16:22:20.001749,324,1.037,0.0011,"aoml_navis",1027.91094680297
"7901009",25,0,1,0.013083,1,-0.009345,1,144.694006958381,1,4.86417767514758,326,1,17.1070003509521,36.3089981079102,0.0130829997360706,0,139.530303955078,-85.2012,23.5438,108.102540203204,63,63,63,63,61,63,0,8521,1.64861680440262,24,-85,0.001869,51,2024-02-08 16:22:20.001749,326,1.037,0.0011,"aoml_navis",1027.92297772065
"7901009",25,0,1,0.016821,1,-0.005607,1,144.355732548281,1,4.86410162415346,328,1,17.048999786377,36.2999992370605,0.0168210007250309,0,139.2041015625,-85.2012,23.5438,108.102540203204,63,63,63,63,61,63,0,8521,1.64861680440262,24,-85,0.001869,51,2024-02-08 16:22:20.001749,328,1.037,0.0011,"aoml_navis",1027.93904945812
"7901009",25,0,1,0.01869,1,-0.003738,1,144.043598531364,1,4.86404045236279,330,1,17.0100002288818,36.2929992675781,0.0186899993568659,0,138.903106689453,-85.2012,23.5438,108.102540203204,63,63,63,63,61,63,0,8521,1.64861680440262,24,-85,0.001869,51,2024-02-08 16:22:20.001749,330,1.037,0.0011,"aoml_navis",1027.95197716153
"7901009",25,0,1,0.016821,1,-0.005607,1,143.688408818411,1,4.86398580401561,332,1,16.9860000610352,36.2890014648438,0.0168210007250309,0,138.560592651367,-85.2012,23.5438,108.102540203204,63,63,63,63,61,63,0,8521,1.64861680440262,24,-85,0.001869,51,2024-02-08 16:22:20.001749,332,1.037,0.0011,"aoml_navis",1027.96352651196
"7901009",25,0,1,0.013083,1,-0.009345,1,143.364976834949,1,4.8639392843583,334,1,16.9689998626709,36.2849998474121,0.0130829997360706,0,138.24870300293,-85.2012,23.5438,108.102540203204,63,63,63,63,61,63,0,8521,1.64861680440262,24,-85,0.001869,51,2024-02-08 16:22:20.001749,334,1.037,0.0011,"aoml_navis",1027.97335815421
"7901009",25,0,1,0.020559,1,-0.001869,1,142.808828893523,1,4.86388715410216,336,1,16.9440002441406,36.2799987792969,0.020558999851346,0,137.71240234375,-85.2012,23.5438,108.102540203204,63,63,63,63,61,63,0,8521,1.64861680440262,24,-85,0.001869,51,2024-02-08 16:22:20.001749,336,1.037,0.0011,"aoml_navis",1027.98437578533
"7901009",25,0,1,0.01869,1,-0.003738,1,142.071517900304,1,4.86382876486845,338,1,16.9009990692139,36.2709999084473,0.0186899993568659,0,137.001403808594,-85.2012,23.5438,108.102540203204,63,63,63,63,61,63,0,8521,1.64861680440262,24,-85,0.001869,51,2024-02-08 16:22:20.001749,338,1.037,0.0011,"aoml_navis",1027.99671651994
"7901009",25,0,1,0.016821,1,-0.005607,1,141.895956361335,1,4.86371431914904,340,1,16.7840003967285,36.2540016174316,0.0168210007250309,0,136.832107543945,-85.2012,23.5438,108.102540203204,63,63,63,63,61,63,0,8521,1.64861680440262,24,-85,0.001869,51,2024-02-08 16:22:20.001749,340,1.037,0.0011,"aoml_navis",1028.02090581562
"7901009",25,0,1,0.016821,1,-0.005607,1,141.659300356215,1,4.86363402362779,342,1,16.7089996337891,36.2410011291504,0.0168210007250309,0,136.603897094727,-85.2012,23.5438,108.102540203204,63,63,63,63,61,63,0,8521,1.64861680440262,24,-85,0.001869,51,2024-02-08 16:22:20.001749,342,1.037,0.0011,"aoml_navis",1028.0378777905
"7901009",25,0,1,0.01869,1,-0.003738,1,141.343748467066,1,4.86356918394635,344,1,16.6599998474121,36.2319984436035,0.0186899993568659,0,136.299606323242,-85.2012,23.5438,108.102540203204,63,63,63,63,61,63,0,8521,1.64861680440262,24,-85,0.001869,51,2024-02-08 16:22:20.001749,344,1.037,0.0011,"aoml_navis",1028.05158329072
"7901009",25,0,1,0.014952,1,-0.007476,1,140.841416189816,1,4.86351638360765,346,1,16.6310005187988,36.226001739502,0.0149520002305508,0,135.815200805664,-85.2012,23.5438,108.102540203204,63,63,63,63,61,63,0,8521,1.64861680440262,24,-85,0.001869,51,2024-02-08 16:22:20.001749,346,1.037,0.0011,"aoml_navis",1028.06274424249
"7901009",25,0,1,0.01869,1,-0.003738,1,140.101715850731,1,4.86345397227542,348,1,16.5839996337891,36.2169990539551,0.0186899993568659,0,135.101898193359,-85.2012,23.5438,108.102540203204,63,63,63,63,61,63,0,8521,1.64861680440262,24,-85,0.001869,51,2024-02-08 16:22:20.001749,348,1.037,0.0011,"aoml_navis",1028.07593708154
"7901009",25,0,1,0.016821,1,-0.005607,1,139.593070003941,1,4.86331102612762,350,1,16.4150009155273,36.1920013427734,0.0168210007250309,0,134.611404418945,-85.2012,23.5438,108.102540203204,63,63,63,63,61,63,0,8521,1.64861680440262,24,-85,0.001869,51,2024-02-08 16:22:20.001749,350,1.037,0.0011,"aoml_navis",1028.10615507378
"7901009",25,0,1,0.016821,1,-0.005607,1,139.523478327656,1,4.86318997390594,352,1,16.2740001678467,36.1699981689453,0.0168210007250309,0,134.544296264648,-85.2012,23.5438,108.102540203204,63,63,63,63,61,63,0,8521,1.64861680440262,24,-85,0.001869,51,2024-02-08 16:22:20.001749,352,1.037,0.0011,"aoml_navis",1028.13174620529
"7901009",25,0,1,0.014952,1,-0.007476,1,139.371667836005,1,4.86312734490015,354,1,16.2229995727539,36.1599998474121,0.0149520002305508,0,134.397903442383,-85.2012,23.5438,108.102540203204,63,63,63,63,61,63,0,8521,1.64861680440262,24,-85,0.001869,51,2024-02-08 16:22:20.001749,354,1.037,0.0011,"aoml_navis",1028.14498683515
"7901009",25,0,1,0.014952,1,-0.007476,1,139.312662069551,1,4.8630637997383,356,1,16.1840000152588,36.1539993286133,0.0149520002305508,0,134.341003417969,-85.2012,23.5438,108.102540203204,63,63,63,63,61,63,0,8521,1.64861680440262,24,-85,0.001869,51,2024-02-08 16:22:20.001749,356,1.037,0.0011,"aoml_navis",1028.1584215015
"7901009",25,0,1,0.014952,1,-0.007476,1,139.207087793931,1,4.86301300610869,358,1,16.1660003662109,36.1510009765625,0.0149520002305508,0,134.239196777344,-85.2012,23.5438,108.102540203204,63,63,63,63,61,63,0,8521,1.64861680440262,24,-85,0.001869,51,2024-02-08 16:22:20.001749,358,1.037,0.0011,"aoml_navis",1028.16916050178
"7901009",25,0,1,0.022428,1,0,1,139.058584410135,1,4.86296732585247,360,1,16.1590003967285,36.1500015258789,0.0224280003458261,0,134.095993041992,-85.2012,23.5438,108.102540203204,63,63,63,63,61,63,0,8521,1.64861680440262,24,-85,0.001869,51,2024-02-08 16:22:20.001749,360,1.037,0.0011,"aoml_navis",1028.178818603
"7901009",25,0,1,0.01869,1,-0.003738,1,138.737431008162,1,4.86292641233464,362,1,16.1529998779297,36.1479988098145,0.0186899993568659,0,133.78630065918,-85.2012,23.5438,108.102540203204,63,63,63,63,61,63,0,8521,1.64861680440262,24,-85,0.001869,51,2024-02-08 16:22:20.001749,362,1.037,0.0011,"aoml_navis",1028.18746903463
"7901009",25,0,1,0.01869,1,-0.003738,1,138.363696173651,1,4.8628815105387,364,1,16.136999130249,36.1440010070801,0.0186899993568659,0,133.425903320312,-85.2012,23.5438,108.102540203204,63,63,63,63,61,63,0,8521,1.64861680440262,24,-85,0.001869,51,2024-02-08 16:22:20.001749,364,1.037,0.0011,"aoml_navis",1028.19696288387
"7901009",25,0,1,0.016821,1,-0.005607,1,137.937174201331,1,4.8628093814022,366,1,16.0869998931885,36.1370010375977,0.0168210007250309,0,133.014602661133,-85.2012,23.5438,108.102540203204,63,63,63,63,61,63,0,8521,1.64861680440262,24,-85,0.001869,51,2024-02-08 16:22:20.001749,366,1.037,0.0011,"aoml_navis",1028.21221393594
"7901009",25,0,1,0.016821,1,-0.005607,1,137.909483106857,1,4.86270548493604,368,1,15.9759998321533,36.1199989318848,0.0168210007250309,0,132.987899780273,-85.2012,23.5438,108.102540203204,63,63,63,63,61,63,0,8521,1.64861680440262,24,-85,0.001869,51,2024-02-08 16:22:20.001749,368,1.037,0.0011,"aoml_navis",1028.23418269712
"7901009",25,0,1,0.016821,1,-0.005607,1,137.688286644194,1,4.86264646833525,370,1,15.9440002441406,36.1150016784668,0.0168210007250309,0,132.774597167969,-85.2012,23.5438,108.102540203204,63,63,63,63,61,63,0,8521,1.64861680440262,24,-85,0.001869,51,2024-02-08 16:22:20.001749,370,1.037,0.0011,"aoml_navis",1028.24666209217
"7901009",25,0,1,0.016821,1,-0.005607,1,137.288110770331,1,4.86259835777264,372,1,15.9250001907349,36.1110000610352,0.0168210007250309,0,132.388702392578,-85.2012,23.5438,108.102540203204,63,63,63,63,61,63,0,8521,1.64861680440262,24,-85,0.001869,51,2024-02-08 16:22:20.001749,372,1.037,0.0011,"aoml_navis",1028.2568355677
"7901009",25,0,1,0.020559,1,-0.001869,1,136.904517906188,1,4.86254444561208,374,1,15.8909997940063,36.1040000915527,0.020558999851346,0,132.018798828125,-85.2012,23.5438,108.102540203204,63,63,63,63,61,63,0,8521,1.64861680440262,24,-85,0.001869,51,2024-02-08 16:22:20.001749,374,1.037,0.0011,"aoml_navis",1028.26823609025
"7901009",25,0,1,0.016821,1,-0.005607,1,136.330014724996,1,4.86247732907336,376,1,15.8319997787476,36.0929985046387,0.0168210007250309,0,131.464797973633,-85.2012,23.5438,108.102540203204,63,63,63,63,61,63,0,8521,1.64861680440262,24,-85,0.001869,51,2024-02-08 16:22:20.001749,376,1.037,0.0011,"aoml_navis",1028.28242922684
"7901009",25,0,1,0.01869,1,-0.003738,1,136.103438278265,1,4.86233701367279,378,1,15.6639995574951,36.0690002441406,0.0186899993568659,0,131.246307373047,-85.2012,23.5438,108.102540203204,63,63,63,63,61,63,0,8521,1.64861680440262,24,-85,0.001869,51,2024-02-08 16:22:20.001749,378,1.037,0.0011,"aoml_navis",1028.31210299494
"7901009",25,0,1,0.014952,1,-0.007476,1,135.652848788976,1,4.86227342239824,380,1,15.6110000610352,36.0589981079102,0.0149520002305508,0,130.811798095703,-85.2012,23.5438,108.102540203204,63,63,63,63,61,63,0,8521,1.64861680440262,24,-85,0.001869,51,2024-02-08 16:22:20.001749,380,1.037,0.0011,"aoml_navis",1028.32555178146
"7901009",25,0,1,0.013083,1,-0.009345,1,135.258369368833,1,4.86218306528332,382,1,15.5170001983643,36.0439987182617,0.0130829997360706,0,130.431396484375,-85.2012,23.5438,108.102540203204,63,63,63,63,61,63,0,8521,1.64861680440262,24,-85,0.001869,51,2024-02-08 16:22:20.001749,382,1.037,0.0011,"aoml_navis",1028.344661825
"7901009",25,0,1,0.011214,1,-0.011214,1,134.886818174916,1,4.86210588636697,384,1,15.4479999542236,36.0330009460449,0.0112140001729131,0,130.073104858398,-85.2012,23.5438,108.102540203204,63,63,63,63,61,63,0,8521,1.64861680440262,24,-85,0.001869,51,2024-02-08 16:22:20.001749,384,1.037,0.0011,"aoml_navis",1028.3609853129
"7901009",25,0,1,0.014952,1,-0.007476,1,134.460185438218,1,4.86204092692022,386,1,15.3900003433228,36.0219993591309,0.0149520002305508,0,129.661697387695,-85.2012,23.5438,108.102540203204,63,63,63,63,61,63,0,8521,1.64861680440262,24,-85,0.001869,51,2024-02-08 16:22:20.001749,386,1.037,0.0011,"aoml_navis",1028.37472476135
"7901009",25,0,1,0.020559,1,-0.001869,1,134.183717550985,1,4.86196121346578,388,1,15.3149995803833,36.0099983215332,0.020558999851346,0,129.395095825195,-85.2012,23.5438,108.102540203204,63,63,63,63,61,63,0,8521,1.64861680440262,24,-85,0.001869,51,2024-02-08 16:22:20.001749,388,1.037,0.0011,"aoml_navis",1028.39158530346
"7901009",25,0,1,0.020559,1,-0.001869,1,133.945004493132,1,4.86188820177025,390,1,15.2559995651245,36.0009994506836,0.020558999851346,0,129.164901733398,-85.2012,23.5438,108.102540203204,63,63,63,63,61,63,0,8521,1.64861680440262,24,-85,0.001869,51,2024-02-08 16:22:20.001749,390,1.037,0.0011,"aoml_navis",1028.40702881227
"7901009",25,0,1,0.01869,1,-0.003738,1,133.84368673432,1,4.86182362722495,392,1,15.2080001831055,35.9930000305176,0.0186899993568659,0,129.067199707031,-85.2012,23.5438,108.102540203204,63,63,63,63,61,63,0,8521,1.64861680440262,24,-85,0.001869,51,2024-02-08 16:22:20.001749,392,1.037,0.0011,"aoml_navis",1028.42068807295
"7901009",25,0,1,0.01869,1,-0.003738,1,133.595843527032,1,4.86177857886755,394,1,15.1879997253418,35.9879989624023,0.0186899993568659,0,128.828201293945,-85.2012,23.5438,108.102540203204,63,63,63,63,61,63,0,8521,1.64861680440262,24,-85,0.001869,51,2024-02-08 16:22:20.001749,394,1.037,0.0011,"aoml_navis",1028.43021723228
"7901009",25,0,1,0.020559,1,-0.001869,1,133.25767988131,1,4.86171559900155,396,1,15.1379995346069,35.9790000915527,0.020558999851346,0,128.502105712891,-85.2012,23.5438,108.102540203204,63,63,63,63,61,63,0,8521,1.64861680440262,24,-85,0.001869,51,2024-02-08 16:22:20.001749,396,1.037,0.0011,"aoml_navis",1028.44353977161
"7901009",25,0,1,0.016821,1,-0.005607,1,133.022685341858,1,4.86162785951332,398,1,15.0380001068115,35.9620018005371,0.0168210007250309,0,128.275497436523,-85.2012,23.5438,108.102540203204,63,63,63,63,61,63,0,8521,1.64861680440262,24,-85,0.001869,51,2024-02-08 16:22:20.001749,398,1.037,0.0011,"aoml_navis",1028.46210044973
"7901009",25,0,1,0.016821,1,-0.005607,1,132.691159647068,1,4.86153238193582,400,1,14.9270000457764,35.9440002441406,0.0168210007250309,0,127.95580291748,-85.2012,23.5438,108.102540203204,63,63,63,63,61,63,0,8521,1.64861680440262,24,-85,0.001869,51,2024-02-08 16:22:20.001749,400,1.037,0.0011,"aoml_navis",1028.48229882798
"7901009",25,0,1,0.020559,1,-0.001869,1,132.284029352621,1,4.86146164203081,402.100006103516,1,14.8610000610352,35.931999206543,0.020558999851346,0,127.563201904297,-85.2012,23.5438,108.102540203204,63,63,63,63,61,63,0,8521,1.64861680440262,24,-85,0.001869,51,2024-02-08 16:22:20.001749,402.100006103516,1.037,0.0011,"aoml_navis",1028.49726443821
"7901009",25,0,1,0.020559,1,-0.001869,1,131.913087362782,1,4.86138116703735,404,1,14.7749996185303,35.9179992675781,0.020558999851346,0,127.205497741699,-85.2012,23.5438,108.102540203204,63,63,63,63,61,63,0,8521,1.64861680440262,24,-85,0.001869,51,2024-02-08 16:22:20.001749,404,1.037,0.0011,"aoml_navis",1028.51429011626
"7901009",25,0,1,0.01869,1,-0.003738,1,131.686605856946,1,4.86129058880404,406,1,14.6879997253418,35.9059982299805,0.0186899993568659,0,126.987098693848,-85.2012,23.5438,108.102540203204,63,63,63,63,61,63,0,8521,1.64861680440262,24,-85,0.001869,51,2024-02-08 16:22:20.001749,406,1.037,0.0011,"aoml_navis",1028.53345395879
"7901009",25,0,1,0.024297,1,0.001869,1,131.304468753198,1,4.86121787012343,408,1,14.621000289917,35.8950004577637,0.0242970008403063,0,126.618598937988,-85.2012,23.5438,108.102540203204,63,63,63,63,61,63,0,8521,1.64861680440262,24,-85,0.001869,51,2024-02-08 16:22:20.001749,408,1.037,0.0011,"aoml_navis",1028.54883973202
"7901009",25,0,1,0.01869,1,-0.003738,1,130.790529951493,1,4.8611548663879,410,1,14.5629997253418,35.8839988708496,0.0186899993568659,0,126.123001098633,-85.2012,23.5438,108.102540203204,63,63,63,63,61,63,0,8521,1.64861680440262,24,-85,0.001869,51,2024-02-08 16:22:20.001749,410,1.037,0.0011,"aoml_navis",1028.56217039538
"7901009",25,0,1,0.024297,1,0.001869,1,130.304171479884,1,4.86107011316663,412,1,14.4670000076294,35.8680000305176,0.0242970008403063,0,125.653999328613,-85.2012,23.5438,108.102540203204,63,63,63,63,61,63,0,8521,1.64861680440262,24,-85,0.001869,51,2024-02-08 16:22:20.001749,412,1.037,0.0011,"aoml_navis",1028.58010347497
"7901009",25,0,1,0.01869,1,-0.003738,1,129.992757431424,1,4.86097952427506,414,1,14.3719997406006,35.8540000915527,0.0186899993568659,0,125.353698730469,-85.2012,23.5438,108.102540203204,63,63,63,63,61,63,0,8521,1.64861680440262,24,-85,0.001869,51,2024-02-08 16:22:20.001749,414,1.037,0.0011,"aoml_navis",1028.59927202546
"7901009",25,0,1,0.01869,1,-0.003738,1,129.534090054289,1,4.86092079925517,416,1,14.3210000991821,35.8440017700195,0.0186899993568659,0,124.911399841309,-85.2012,23.5438,108.102540203204,63,63,63,63,61,63,0,8521,1.64861680440262,24,-85,0.001869,51,2024-02-08 16:22:20.001749,416,1.037,0.0011,"aoml_navis",1028.61169858314
"7901009",25,0,1,0.020559,1,-0.001869,1,129.175593233481,1,4.86084439275205,418,1,14.246000289917,35.8320007324219,0.020558999851346,0,124.565696716309,-85.2012,23.5438,108.102540203204,63,63,63,63,61,63,0,8521,1.64861680440262,24,-85,0.001869,51,2024-02-08 16:22:20.001749,418,1.037,0.0011,"aoml_navis",1028.62786709557
"7901009",25,0,1,0.01869,1,-0.003738,1,128.764633656256,1,4.86076873533117,420,1,14.1680002212524,35.8190002441406,0.0186899993568659,0,124.169403076172,-85.2012,23.5438,108.102540203204,63,63,63,63,61,63,0,8521,1.64861680440262,24,-85,0.001869,51,2024-02-08 16:22:20.001749,420,1.037,0.0011,"aoml_navis",1028.64387759426
"7901009",25,0,1,0.01869,1,-0.003738,1,128.29289608253,1,4.86069228182053,422,1,14.0959997177124,35.8079986572266,0.0186899993568659,0,123.714500427246,-85.2012,23.5438,108.102540203204,63,63,63,63,61,63,0,8521,1.64861680440262,24,-85,0.001869,51,2024-02-08 16:22:20.001749,422,1.037,0.0011,"aoml_navis",1028.66005706646
"7901009",25,0,1,0.01869,1,-0.003738,1,127.967897574294,1,4.86061863459605,424,1,14.0229997634888,35.7960014343262,0.0186899993568659,0,123.401100158691,-85.2012,23.5438,108.102540203204,63,63,63,63,61,63,0,8521,1.64861680440262,24,-85,0.001869,51,2024-02-08 16:22:20.001749,424,1.037,0.0011,"aoml_navis",1028.67564313972
"7901009",25,0,1,0.022428,1,0,1,127.454995210697,1,4.86056467962817,426,1,13.9899997711182,35.7900009155273,0.0224280003458261,0,122.90650177002,-85.2012,23.5438,108.102540203204,63,63,63,63,61,63,0,8521,1.64861680440262,24,-85,0.001869,51,2024-02-08 16:22:20.001749,426,1.037,0.0011,"aoml_navis",1028.68706201076
"7901009",25,0,1,0.01869,1,-0.003738,1,126.530294625298,1,4.86051386384554,428,1,13.960000038147,35.7840003967285,0.0186899993568659,0,122.014801025391,-85.2012,23.5438,108.102540203204,63,63,63,63,61,63,0,8521,1.64861680440262,24,-85,0.001869,51,2024-02-08 16:22:20.001749,428,1.037,0.0011,"aoml_navis",1028.69781674568
"7901009",25,0,1,0.01869,1,-0.003738,1,124.94211541629,1,4.86043817901037,430,1,13.8739995956421,35.7690010070801,0.0186899993568659,0,120.483299255371,-85.2012,23.5438,108.102540203204,63,63,63,63,61,63,0,8521,1.64861680440262,24,-85,0.001869,51,2024-02-08 16:22:20.001749,430,1.037,0.0011,"aoml_navis",1028.71383522422
"7901009",25,0,1,0.01869,1,-0.003738,1,123.985063720804,1,4.86034120588153,432,1,13.7419996261597,35.7470016479492,0.0186899993568659,0,119.560401916504,-85.2012,23.5438,108.102540203204,63,63,63,63,61,63,0,8521,1.64861680440262,24,-85,0.001869,51,2024-02-08 16:22:20.001749,432,1.037,0.0011,"aoml_navis",1028.73436003823
"7901009",25,0,1,0.016821,1,-0.005607,1,124.204907275708,1,4.86017265813284,434,1,13.5100002288818,35.7169990539551,0.0168210007250309,0,119.772399902344,-85.2012,23.5438,108.102540203204,63,63,63,63,61,63,0,8521,1.64861680440262,24,-85,0.001869,51,2024-02-08 16:22:20.001749,434,1.037,0.0011,"aoml_navis",1028.77003590257
"7901009",25,0,1,0.026166,1,0.003738,1,124.432630924925,1,4.86010026675627,436,1,13.4219999313354,35.701000213623,0.0261659994721413,0,119.991996765137,-85.2012,23.5438,108.102540203204,63,63,63,63,61,63,0,8521,1.64861680440262,24,-85,0.001869,51,2024-02-08 16:22:20.001749,436,1.037,0.0011,"aoml_navis",1028.78535947101
"7901009",25,0,1,0.020559,1,-0.001869,1,124.53861661109,1,4.86004610410921,438,1,13.3879995346069,35.6949996948242,0.020558999851346,0,120.094200134277,-85.2012,23.5438,108.102540203204,63,63,63,63,61,63,0,8521,1.64861680440262,24,-85,0.001869,51,2024-02-08 16:22:20.001749,438,1.037,0.0011,"aoml_navis",1028.7968247405
"7901009",25,0,1,0.022428,1,0,1,124.615566206764,1,4.8600028055075,440,1,13.3719997406006,35.6910018920898,0.0224280003458261,0,120.168403625488,-85.2012,23.5438,108.102540203204,63,63,63,63,61,63,0,8521,1.64861680440262,24,-85,0.001869,51,2024-02-08 16:22:20.001749,440,1.037,0.0011,"aoml_navis",1028.80599046853
"7901009",25,0,1,0.020559,1,-0.001869,1,124.761680244694,1,4.85995273131283,442,1,13.3420000076294,35.685001373291,0.020558999851346,0,120.309303283691,-85.2012,23.5438,108.102540203204,63,63,63,63,61,63,0,8521,1.64861680440262,24,-85,0.001869,51,2024-02-08 16:22:20.001749,442,1.037,0.0011,"aoml_navis",1028.81659070156
"7901009",25,0,1,0.020559,1,-0.001869,1,125.050585389217,1,4.85987667115118,444,1,13.2569999694824,35.6710014343262,0.020558999851346,0,120.587898254395,-85.2012,23.5438,108.102540203204,63,63,63,63,61,63,0,8521,1.64861680440262,24,-85,0.001869,51,2024-02-08 16:22:20.001749,444,1.037,0.0011,"aoml_navis",1028.83269233572
"7901009",25,0,1,0.01869,1,-0.003738,1,125.096734576094,1,4.85980691214898,446,1,13.1780004501343,35.6570014953613,0.0186899993568659,0,120.632400512695,-85.2012,23.5438,108.102540203204,63,63,63,63,61,63,0,8521,1.64861680440262,24,-85,0.001869,51,2024-02-08 16:22:20.001749,446,1.037,0.0011,"aoml_navis",1028.84746048255
"7901009",25,0,1,0.020559,1,-0.001869,1,124.969806510765,1,4.85973711677211,448,1,13.1169996261597,35.6479988098145,0.020558999851346,0,120.51000213623,-85.2012,23.5438,108.102540203204,63,63,63,63,61,63,0,8521,1.64861680440262,24,-85,0.001869,51,2024-02-08 16:22:20.001749,448,1.037,0.0011,"aoml_navis",1028.86223675429
"7901009",25,0,1,0.022428,1,0,1,124.785526232908,1,4.85968933734754,450,1,13.1000003814697,35.6450004577637,0.0224280003458261,0,120.332298278809,-85.2012,23.5438,108.102540203204,63,63,63,63,61,63,0,8521,1.64861680440262,24,-85,0.001869,51,2024-02-08 16:22:20.001749,450,1.037,0.0011,"aoml_navis",1028.87235230741
"7901009",25,0,1,0.026166,1,0.003738,1,124.591292984522,1,4.85962600682077,452,1,13.048999786377,35.6370010375977,0.0261659994721413,0,120.144996643066,-85.2012,23.5438,108.102540203204,63,63,63,63,61,63,0,8521,1.64861680440262,24,-85,0.001869,51,2024-02-08 16:22:20.001749,452,1.037,0.0011,"aoml_navis",1028.88576054664
"7901009",25,0,1,0.022428,1,0,1,124.642110098753,1,4.85955027366395,454,1,12.9779996871948,35.6269989013672,0.0224280003458261,0,120.194000244141,-85.2012,23.5438,108.102540203204,63,63,63,63,61,63,0,8521,1.64861680440262,24,-85,0.001869,51,2024-02-08 16:22:20.001749,454,1.037,0.0011,"aoml_navis",1028.90179510997
"7901009",25,0,1,0.020559,1,-0.001869,1,124.599070226199,1,4.859509823878,456,1,12.9720001220703,35.625,0.020558999851346,0,120.152496337891,-85.2012,23.5438,108.102540203204,63,63,63,63,61,63,0,8521,1.64861680440262,24,-85,0.001869,51,2024-02-08 16:22:20.001749,456,1.037,0.0011,"aoml_navis",1028.91035952467
"7901009",25,0,1,0.020559,1,-0.001869,1,124.449016141112,1,4.85946870023393,458,1,12.9689998626709,35.6240005493164,0.020558999851346,0,120.007797241211,-85.2012,23.5438,108.102540203204,63,63,63,63,61,63,0,8521,1.64861680440262,24,-85,0.001869,51,2024-02-08 16:22:20.001749,458,1.037,0.0011,"aoml_navis",1028.91906676121
"7901009",25,0,1,0.022428,1,0,1,124.266610945938,1,4.85942591425616,460,1,12.9680004119873,35.6240005493164,0.0224280003458261,0,119.831901550293,-85.2012,23.5438,108.102540203204,63,63,63,63,61,63,0,8521,1.64861680440262,24,-85,0.001869,51,2024-02-08 16:22:20.001749,460,1.037,0.0011,"aoml_navis",1028.92812612523
"7901009",25,0,1,0.020559,1,-0.001869,1,123.950220412214,1,4.85938683385566,462,1,12.956000328064,35.6199989318848,0.020558999851346,0,119.526802062988,-85.2012,23.5438,108.102540203204,63,63,63,63,61,63,0,8521,1.64861680440262,24,-85,0.001869,51,2024-02-08 16:22:20.001749,462,1.037,0.0011,"aoml_navis",1028.93640102177
"7901009",25,0,1,0.01869,1,-0.003738,1,123.923565755847,1,4.85930000392537,463.899993896484,1,12.8640003204346,35.6080017089844,0.0186899993568659,0,119.501098632812,-85.2012,23.5438,108.102540203204,63,63,63,63,61,63,0,8521,1.64861680440262,24,-85,0.001869,51,2024-02-08 16:22:20.001749,463.899993896484,1.037,0.0011,"aoml_navis",1028.95478689543
"7901009",25,0,1,0.024297,1,0.001869,1,123.836663189644,1,4.85923691650326,466,1,12.826000213623,35.6030006408691,0.0242970008403063,0,119.417297363281,-85.2012,23.5438,108.102540203204,63,63,63,63,61,63,0,8521,1.64861680440262,24,-85,0.001869,51,2024-02-08 16:22:20.001749,466,1.037,0.0011,"aoml_navis",1028.96814580468
"7901009",25,0,1,0.020559,1,-0.001869,1,123.683088379689,1,4.85919678469529,468,1,12.8240003585815,35.6020011901855,0.020558999851346,0,119.269203186035,-85.2012,23.5438,108.102540203204,63,63,63,63,61,63,0,8521,1.64861680440262,24,-85,0.001869,51,2024-02-08 16:22:20.001749,468,1.037,0.0011,"aoml_navis",1028.97664398943
"7901009",25,0,1,0.020559,1,-0.001869,1,123.475373524165,1,4.85913977550099,470,1,12.789999961853,35.5970001220703,0.020558999851346,0,119.068901062012,-85.2012,23.5438,108.102540203204,63,63,63,63,61,63,0,8521,1.64861680440262,24,-85,0.001869,51,2024-02-08 16:22:20.001749,470,1.037,0.0011,"aoml_navis",1028.98871631749
"7901009",25,0,1,0.020559,1,-0.001869,1,123.373430737792,1,4.8590842160762,472,1,12.75,35.5900001525879,0.020558999851346,0,118.970596313477,-85.2012,23.5438,108.102540203204,63,63,63,63,61,63,0,8521,1.64861680440262,24,-85,0.001869,51,2024-02-08 16:22:20.001749,472,1.037,0.0011,"aoml_navis",1029.00048191336
"7901009",25,0,1,0.024297,1,0.001869,1,123.234057503432,1,4.85903836258781,474,1,12.7309999465942,35.5859985351562,0.0242970008403063,0,118.836196899414,-85.2012,23.5438,108.102540203204,63,63,63,63,61,63,0,8521,1.64861680440262,24,-85,0.001869,51,2024-02-08 16:22:20.001749,474,1.037,0.0011,"aoml_navis",1029.01019232479
"7901009",25,0,1,0.024297,1,0.001869,1,123.075189738561,1,4.85898760975936,476,1,12.7069997787476,35.5820007324219,0.0242970008403063,0,118.682998657227,-85.2012,23.5438,108.102540203204,63,63,63,63,61,63,0,8521,1.64861680440262,24,-85,0.001869,51,2024-02-08 16:22:20.001749,476,1.037,0.0011,"aoml_navis",1029.02094048509
"7901009",25,0,1,0.020559,1,-0.001869,1,122.895371682785,1,4.85893244499557,478,1,12.6709995269775,35.576000213623,0.020558999851346,0,118.50959777832,-85.2012,23.5438,108.102540203204,63,63,63,63,61,63,0,8521,1.64861680440262,24,-85,0.001869,51,2024-02-08 16:22:20.001749,478,1.037,0.0011,"aoml_navis",1029.03262323594
"7901009",25,0,1,0.01869,1,-0.003738,1,122.687664739002,1,4.85887771620917,480.100006103516,1,12.6450004577637,35.5719985961914,0.0186899993568659,0,118.309303283691,-85.2012,23.5438,108.102540203204,63,63,63,63,61,63,0,8521,1.64861680440262,24,-85,0.001869,51,2024-02-08 16:22:20.001749,480.100006103516,1.037,0.0011,"aoml_navis",1029.04421391797
"7901009",25,0,1,0.020559,1,-0.001869,1,122.389107270119,1,4.8588386363871,482,1,12.6269998550415,35.5670013427734,0.020558999851346,0,118.02140045166,-85.2012,23.5438,108.102540203204,63,63,63,63,61,63,0,8521,1.64861680440262,24,-85,0.001869,51,2024-02-08 16:22:20.001749,482,1.037,0.0011,"aoml_navis",1029.05249055932
"7901009",25,0,1,0.020559,1,-0.001869,1,122.165837931242,1,4.85876506574385,484,1,12.5570001602173,35.556999206543,0.020558999851346,0,117.806098937988,-85.2012,23.5438,108.102540203204,63,63,63,63,61,63,0,8521,1.64861680440262,24,-85,0.001869,51,2024-02-08 16:22:20.001749,484,1.037,0.0011,"aoml_navis",1029.06807230749
"7901009",25,0,1,0.024297,1,0.001869,1,122.061308005472,1,4.85868421744425,486,1,12.4680004119873,35.5439987182617,0.0242970008403063,0,117.705299377441,-85.2012,23.5438,108.102540203204,63,63,63,63,61,63,0,8521,1.64861680440262,24,-85,0.001869,51,2024-02-08 16:22:20.001749,486,1.037,0.0011,"aoml_navis",1029.08519595663
"7901009",25,0,1,0.022428,1,0,1,121.957300254625,1,4.85862217980963,488,1,12.4169998168945,35.5359992980957,0.0224280003458261,0,117.605003356934,-85.2012,23.5438,108.102540203204,63,63,63,63,61,63,0,8521,1.64861680440262,24,-85,0.001869,51,2024-02-08 16:22:20.001749,488,1.037,0.0011,"aoml_navis",1029.09833589816
"7901009",25,0,1,0.022428,1,0,1,121.936761374267,1,4.8585525306288,490,1,12.3579998016357,35.5279998779297,0.0224280003458261,0,117.58519744873,-85.2012,23.5438,108.102540203204,63,63,63,63,61,63,0,8521,1.64861680440262,24,-85,0.001869,51,2024-02-08 16:22:20.001749,490,1.037,0.0011,"aoml_navis",1029.11308841049
"7901009",25,0,1,0.022428,1,0,1,121.804548265763,1,4.85851025414818,492,1,12.3500003814697,35.5260009765625,0.0224280003458261,0,117.457702636719,-85.2012,23.5438,108.102540203204,63,63,63,63,61,63,0,8521,1.64861680440262,24,-85,0.001869,51,2024-02-08 16:22:20.001749,492,1.037,0.0011,"aoml_navis",1029.12204327057
"7901009",25,0,1,0.024297,1,0.001869,1,121.668181493088,1,4.85846103741073,494,1,12.331000328064,35.5229988098145,0.0242970008403063,0,117.326202392578,-85.2012,23.5438,108.102540203204,63,63,63,63,61,63,0,8521,1.64861680440262,24,-85,0.001869,51,2024-02-08 16:22:20.001749,494,1.037,0.0011,"aoml_navis",1029.13246838853
"7901009",25,0,1,0.01869,1,-0.003738,1,121.577853142912,1,4.85841181986433,496,1,12.3120002746582,35.5200004577637,0.0186899993568659,0,117.239097595215,-85.2012,23.5438,108.102540203204,63,63,63,63,61,63,0,8521,1.64861680440262,24,-85,0.001869,51,2024-02-08 16:22:20.001749,496,1.037,0.0011,"aoml_navis",1029.14289388906
"7901009",25,0,1,0.022428,1,0,1,121.408304527315,1,4.85836455405426,498,1,12.2950000762939,35.5169982910156,0.0224280003458261,0,117.07559967041,-85.2012,23.5438,108.102540203204,63,63,63,63,61,63,0,8521,1.64861680440262,24,-85,0.001869,51,2024-02-08 16:22:20.001749,498,1.037,0.0011,"aoml_navis",1029.15290616212
"7901009",25,0,1,0.022428,1,0,1,121.127793740289,1,4.8583172847294,500,1,12.2779998779297,35.5139999389648,0.0224280003458261,0,116.805099487305,-85.2012,23.5438,108.102540203204,63,63,63,63,61,63,0,8521,1.64861680440262,24,-85,0.001869,51,2024-02-08 16:22:20.001749,500,1.037,0.0011,"aoml_navis",1029.16291937456
"7901009",25,0,1,0.022428,1,0,1,120.844687902123,1,4.85825408987656,502,1,12.2329998016357,35.507999420166,0.0224280003458261,0,116.532096862793,-85.2012,23.5438,108.102540203204,63,63,63,63,61,63,0,8521,1.64861680440262,24,-85,0.001869,51,2024-02-08 16:22:20.001749,502,1.037,0.0011,"aoml_navis",1029.17630644696
"7901009",25,0,1,0.022428,1,0,1,120.72937427299,1,4.85819157002868,504,1,12.1809997558594,35.5,0.0224280003458261,0,116.4208984375,-85.2012,23.5438,108.102540203204,63,63,63,63,61,63,0,8521,1.64861680440262,24,-85,0.001869,51,2024-02-08 16:22:20.001749,504,1.037,0.0011,"aoml_navis",1029.18955087036
"7901009",25,0,1,0.022428,1,0,1,120.589898185992,1,4.85813142100362,506,1,12.1389999389648,35.4939994812012,0.0224280003458261,0,116.286399841309,-85.2012,23.5438,108.102540203204,63,63,63,63,61,63,0,8521,1.64861680440262,24,-85,0.001869,51,2024-02-08 16:22:20.001749,506,1.037,0.0011,"aoml_navis",1029.2022933721
"7901009",25,0,1,0.026166,1,0.003738,1,120.424906733372,1,4.85808121248357,508,1,12.1149997711182,35.4900016784668,0.0261659994721413,0,116.127296447754,-85.2012,23.5438,108.102540203204,63,63,63,63,61,63,0,8521,1.64861680440262,24,-85,0.001869,51,2024-02-08 16:22:20.001749,508,1.037,0.0011,"aoml_navis",1029.21293023092
"7901009",25,0,1,0.020559,1,-0.001869,1,120.317370345916,1,4.85802531650012,510,1,12.085000038147,35.4860000610352,0.020558999851346,0,116.023597717285,-85.2012,23.5438,108.102540203204,63,63,63,63,61,63,0,8521,1.64861680440262,24,-85,0.001869,51,2024-02-08 16:22:20.001749,510,1.037,0.0011,"aoml_navis",1029.22477225832
"7901009",25,0,1,0.020559,1,-0.001869,1,120.112353394168,1,4.85797500977344,512,1,12.0570001602173,35.4809989929199,0.020558999851346,0,115.825897216797,-85.2012,23.5438,108.102540203204,63,63,63,63,61,63,0,8521,1.64861680440262,24,-85,0.001869,51,2024-02-08 16:22:20.001749,512,1.037,0.0011,"aoml_navis",1029.23543038835
"7901009",25,0,1,0.026166,1,0.003738,1,119.760399583397,1,4.85792884129062,514,1,12.0410003662109,35.4780006408691,0.0261659994721413,0,115.486503601074,-85.2012,23.5438,108.102540203204,63,63,63,63,61,63,0,8521,1.64861680440262,24,-85,0.001869,51,2024-02-08 16:22:20.001749,514,1.037,0.0011,"aoml_navis",1029.24521197219
"7901009",25,0,1,0.020559,1,-0.001869,1,119.407504275414,1,4.85786847221275,516,1,11.9870004653931,35.4690017700195,0.020558999851346,0,115.146202087402,-85.2012,23.5438,108.102540203204,63,63,63,63,61,63,0,8521,1.64861680440262,24,-85,0.001869,51,2024-02-08 16:22:20.001749,516,1.037,0.0011,"aoml_navis",1029.25800247583
"7901009",25,0,1,0.022428,1,0,1,119.142239413831,1,4.85779281564116,518,1,11.9090003967285,35.4580001831055,0.0224280003458261,0,114.890403747559,-85.2012,23.5438,108.102540203204,63,63,63,63,61,63,0,8521,1.64861680440262,24,-85,0.001869,51,2024-02-08 16:22:20.001749,518,1.037,0.0011,"aoml_navis",1029.27403241673
"7901009",25,0,1,0.024297,1,0.001869,1,118.859750691484,1,4.85771469868257,520,1,11.8319997787476,35.4480018615723,0.0242970008403063,0,114.61799621582,-85.2012,23.5438,108.102540203204,63,63,63,63,61,63,0,8521,1.64861680440262,24,-85,0.001869,51,2024-02-08 16:22:20.001749,520,1.037,0.0011,"aoml_navis",1029.29058418273
"7901009",25,0,1,0.028035,1,0.005607,1,118.567419762988,1,4.85765576216429,522,1,11.7790002822876,35.4389991760254,0.0280349999666214,0,114.336097717285,-85.2012,23.5438,108.102540203204,63,63,63,63,61,63,0,8521,1.64861680440262,24,-85,0.001869,51,2024-02-08 16:22:20.001749,522,1.037,0.0011,"aoml_navis",1029.30307226469
"7901009",25,0,1,0.026166,1,0.003738,1,118.515154800103,1,4.85757619894778,524,1,11.6999998092651,35.4290008544922,0.0261659994721413,0,114.285697937012,-85.2012,23.5438,108.102540203204,63,63,63,63,61,63,0,8521,1.64861680440262,24,-85,0.001869,51,2024-02-08 16:22:20.001749,524,1.037,0.0011,"aoml_navis",1029.31993142651
"7901009",25,0,1,0.022428,1,0,1,118.337828942829,1,4.85752342310737,526,1,11.664999961853,35.4230003356934,0.0224280003458261,0,114.114700317383,-85.2012,23.5438,108.102540203204,63,63,63,63,61,63,0,8521,1.64861680440262,24,-85,0.001869,51,2024-02-08 16:22:20.001749,526,1.037,0.0011,"aoml_navis",1029.33111474355
"7901009",25,0,1,0.022428,1,0,1,118.155210130641,1,4.85746679308359,528,1,11.6180000305176,35.4150009155273,0.0224280003458261,0,113.938598632812,-85.2012,23.5438,108.102540203204,63,63,63,63,61,63,0,8521,1.64861680440262,24,-85,0.001869,51,2024-02-08 16:22:20.001749,528,1.037,0.0011,"aoml_navis",1029.34311504082
"7901009",25,0,1,0.026166,1,0.003738,1,118.029421356055,1,4.85740008174329,530,1,11.5640001296997,35.4080009460449,0.0261659994721413,0,113.81729888916,-85.2012,23.5438,108.102540203204,63,63,63,63,61,63,0,8521,1.64861680440262,24,-85,0.001869,51,2024-02-08 16:22:20.001749,530,1.037,0.0011,"aoml_navis",1029.35725199838
"7901009",25,0,1,0.026166,1,0.003738,1,117.791950441583,1,4.85734743175529,532,1,11.5249996185303,35.4010009765625,0.0261659994721413,0,113.588302612305,-85.2012,23.5438,108.102540203204,63,63,63,63,61,63,0,8521,1.64861680440262,24,-85,0.001869,51,2024-02-08 16:22:20.001749,532,1.037,0.0011,"aoml_navis",1029.36840945577
"7901009",25,0,1,0.024297,1,0.001869,1,117.64748995758,1,4.85727243836883,534,1,11.4499998092651,35.390998840332,0.0242970008403063,0,113.448997497559,-85.2012,23.5438,108.102540203204,63,63,63,63,61,63,0,8521,1.64861680440262,24,-85,0.001869,51,2024-02-08 16:22:20.001749,534,1.037,0.0011,"aoml_navis",1029.38430228943
"7901009",25,0,1,0.026166,1,0.003738,1,117.645108523455,1,4.85719480843002,536,1,11.3599996566772,35.3779983520508,0.0261659994721413,0,113.446701049805,-85.2012,23.5438,108.102540203204,63,63,63,63,61,63,0,8521,1.64861680440262,24,-85,0.001869,51,2024-02-08 16:22:20.001749,536,1.037,0.0011,"aoml_navis",1029.40075438649
"7901009",25,0,1,0.022428,1,0,1,117.48602714157,1,4.85714987544508,538,1,11.3330001831055,35.3720016479492,0.0224280003458261,0,113.293296813965,-85.2012,23.5438,108.102540203204,63,63,63,63,61,63,0,8521,1.64861680440262,24,-85,0.001869,51,2024-02-08 16:22:20.001749,538,1.037,0.0011,"aoml_navis",1029.41027726509
"7901009",25,0,1,0.024297,1,0.001869,1,117.558103104616,1,4.85705530534839,540,1,11.2320003509521,35.3610000610352,0.0242970008403063,0,113.362800598145,-85.2012,23.5438,108.102540203204,63,63,63,63,61,63,0,8521,1.64861680440262,24,-85,0.001869,51,2024-02-08 16:22:20.001749,540,1.037,0.0011,"aoml_navis",1029.43032056773
"7901009",25,0,1,0.022428,1,0,1,117.530625627156,1,4.85700045051875,542,1,11.1899995803833,35.3540000915527,0.0224280003458261,0,113.336303710938,-85.2012,23.5438,108.102540203204,63,63,63,63,61,63,0,8521,1.64861680440262,24,-85,0.001869,51,2024-02-08 16:22:20.001749,542,1.037,0.0011,"aoml_navis",1029.44194692549
"7901009",25,0,1,0.028035,1,0.005607,1,117.48986433609,1,4.85694749215987,544,1,11.1619997024536,35.3499984741211,0.0280349999666214,0,113.296997070312,-85.2012,23.5438,108.102540203204,63,63,63,63,61,63,0,8521,1.64861680440262,24,-85,0.001869,51,2024-02-08 16:22:20.001749,544,1.037,0.0011,"aoml_navis",1029.45317157969
"7901009",25,0,1,0.024297,1,0.001869,1,117.388965899566,1,4.85690185021327,546,1,11.1459999084473,35.3470001220703,0.0242970008403063,0,113.199699401855,-85.2012,23.5438,108.102540203204,63,63,63,63,61,63,0,8521,1.64861680440262,24,-85,0.001869,51,2024-02-08 16:22:20.001749,546,1.037,0.0011,"aoml_navis",1029.46284569873
"7901009",25,0,1,0.026166,1,0.003738,1,117.218792256408,1,4.8568598642209,548,1,11.1379995346069,35.3450012207031,0.0261659994721413,0,113.035598754883,-85.2012,23.5438,108.102540203204,63,63,63,63,61,63,0,8521,1.64861680440262,24,-85,0.001869,51,2024-02-08 16:22:20.001749,548,1.037,0.0011,"aoml_navis",1029.47174507413
"7901009",25,0,1,0.024297,1,0.001869,1,117.080249754882,1,4.85680424297517,550,1,11.0989999771118,35.3390007019043,0.0242970008403063,0,112.902000427246,-85.2012,23.5438,108.102540203204,63,63,63,63,61,63,0,8521,1.64861680440262,24,-85,0.001869,51,2024-02-08 16:22:20.001749,550,1.037,0.0011,"aoml_navis",1029.48353482271
"7901009",25,0,1,0.024297,1,0.001869,1,116.96586971122,1,4.85673688128048,552,1,11.0430002212524,35.3320007324219,0.0242970008403063,0,112.791702270508,-85.2012,23.5438,108.102540203204,63,63,63,63,61,63,0,8521,1.64861680440262,24,-85,0.001869,51,2024-02-08 16:22:20.001749,552,1.037,0.0011,"aoml_navis",1029.49781349525
"7901009",25,0,1,0.024297,1,0.001869,1,116.841117374741,1,4.85668047755392,554,1,11.0069999694824,35.3269996643066,0.0242970008403063,0,112.671401977539,-85.2012,23.5438,108.102540203204,63,63,63,63,61,63,0,8521,1.64861680440262,24,-85,0.001869,51,2024-02-08 16:22:20.001749,554,1.037,0.0011,"aoml_navis",1029.50976970967
"7901009",25,0,1,0.031773,1,0.009345,1,116.630498910168,1,4.85663228008159,556,1,10.9799995422363,35.3219985961914,0.0317730009555817,0,112.468299865723,-85.2012,23.5438,108.102540203204,63,63,63,63,61,63,0,8521,1.64861680440262,24,-85,0.001869,51,2024-02-08 16:22:20.001749,556,1.037,0.0011,"aoml_navis",1029.51998661838
"7901009",25,0,1,0.028035,1,0.005607,1,116.440102856303,1,4.85657061828725,558,1,10.9300003051758,35.314998626709,0.0280349999666214,0,112.284698486328,-85.2012,23.5438,108.102540203204,63,63,63,63,61,63,0,8521,1.64861680440262,24,-85,0.001869,51,2024-02-08 16:22:20.001749,558,1.037,0.0011,"aoml_navis",1029.53305799213
"7901009",25,0,1,0.024297,1,0.001869,1,116.308404010982,1,4.856507305977,560,1,10.8739995956421,35.306999206543,0.0242970008403063,0,112.157699584961,-85.2012,23.5438,108.102540203204,63,63,63,63,61,63,0,8521,1.64861680440262,24,-85,0.001869,51,2024-02-08 16:22:20.001749,560,1.037,0.0011,"aoml_navis",1029.54647959582
"7901009",25,0,1,0.026166,1,0.003738,1,116.09841057397,1,4.85645295021487,562,1,10.8400001525879,35.3019981384277,0.0261659994721413,0,111.955200195312,-85.2012,23.5438,108.102540203204,63,63,63,63,61,63,0,8521,1.64861680440262,24,-85,0.001869,51,2024-02-08 16:22:20.001749,562,1.037,0.0011,"aoml_navis",1029.55800277624
"7901009",25,0,1,0.028035,1,0.005607,1,115.980921215986,1,4.85638985030679,564,1,10.7840003967285,35.2939987182617,0.0280349999666214,0,111.841903686523,-85.2012,23.5438,108.102540203204,63,63,63,63,61,63,0,8521,1.64861680440262,24,-85,0.001869,51,2024-02-08 16:22:20.001749,564,1.037,0.0011,"aoml_navis",1029.57138000034
"7901009",25,0,1,0.024297,1,0.001869,1,115.770714161959,1,4.85632753944231,566,1,10.7410001754761,35.2890014648438,0.0242970008403063,0,111.639198303223,-85.2012,23.5438,108.102540203204,63,63,63,63,61,63,0,8521,1.64861680440262,24,-85,0.001869,51,2024-02-08 16:22:20.001749,566,1.037,0.0011,"aoml_navis",1029.58459028779
"7901009",25,0,1,0.026166,1,0.003738,1,115.662244189032,1,4.85626477148994,568,1,10.6809997558594,35.2799987792969,0.0261659994721413,0,111.534599304199,-85.2012,23.5438,108.102540203204,63,63,63,63,61,63,0,8521,1.64861680440262,24,-85,0.001869,51,2024-02-08 16:22:20.001749,568,1.037,0.0011,"aoml_navis",1029.59789782342
"7901009",25,0,1,0.024297,1,0.001869,1,115.55325204118,1,4.85619521837656,570,1,10.6049995422363,35.2690010070801,0.0242970008403063,0,111.429496765137,-85.2012,23.5438,108.102540203204,63,63,63,63,61,63,0,8521,1.64861680440262,24,-85,0.001869,51,2024-02-08 16:22:20.001749,570,1.037,0.0011,"aoml_navis",1029.61264429388
"7901009",25,0,1,0.024297,1,0.001869,1,115.377587649575,1,4.85612925692152,572,1,10.5410003662109,35.2599983215332,0.0242970008403063,0,111.260101318359,-85.2012,23.5438,108.102540203204,63,63,63,63,61,63,0,8521,1.64861680440262,24,-85,0.001869,51,2024-02-08 16:22:20.001749,572,1.037,0.0011,"aoml_navis",1029.62662966053
"7901009",25,0,1,0.024297,1,0.001869,1,115.27927635245,1,4.8560548697154,574,1,10.4589996337891,35.2490005493164,0.0242970008403063,0,111.165298461914,-85.2012,23.5438,108.102540203204,63,63,63,63,61,63,0,8521,1.64861680440262,24,-85,0.001869,51,2024-02-08 16:22:20.001749,574,1.037,0.0011,"aoml_navis",1029.64240193872
"7901009",25,0,1,0.024297,1,0.001869,1,115.054662017555,1,4.85600224407496,576,1,10.4180002212524,35.242000579834,0.0242970008403063,0,110.948699951172,-85.2012,23.5438,108.102540203204,63,63,63,63,61,63,0,8521,1.64861680440262,24,-85,0.001869,51,2024-02-08 16:22:20.001749,576,1.037,0.0011,"aoml_navis",1029.65356041603
"7901009",25,0,1,0.026166,1,0.003738,1,114.818330393827,1,4.85593063722686,578,1,10.3470001220703,35.2330017089844,0.0261659994721413,0,110.720802307129,-85.2012,23.5438,108.102540203204,63,63,63,63,61,63,0,8521,1.64861680440262,24,-85,0.001869,51,2024-02-08 16:22:20.001749,578,1.037,0.0011,"aoml_navis",1029.66874396201
"7901009",25,0,1,0.022428,1,0,1,114.53843672262,1,4.85586260699815,580,1,10.2840003967285,35.2249984741211,0.0224280003458261,0,110.450897216797,-85.2012,23.5438,108.102540203204,63,63,63,63,61,63,0,8521,1.64861680440262,24,-85,0.001869,51,2024-02-08 16:22:20.001749,580,1.037,0.0011,"aoml_navis",1029.68316953493
"7901009",25,0,1,0.028035,1,0.005607,1,114.420425189711,1,4.85579211641416,582,1,10.2180004119873,35.2169990539551,0.0280349999666214,0,110.337097167969,-85.2012,23.5438,108.102540203204,63,63,63,63,61,63,0,8521,1.64861680440262,24,-85,0.001869,51,2024-02-08 16:22:20.001749,582,1.037,0.0011,"aoml_navis",1029.69811724402
"7901009",25,0,1,0.033642,1,0.011214,1,114.485451791279,1,4.8557043179156,584,1,10.1149997711182,35.2050018310547,0.0336420014500618,0,110.399803161621,-85.2012,23.5438,108.102540203204,63,63,63,63,61,63,0,8521,1.64861680440262,24,-85,0.001869,51,2024-02-08 16:22:20.001749,584,1.037,0.0011,"aoml_navis",1029.71673574769
"7901009",25,0,1,0.028035,1,0.005607,1,114.555858376915,1,4.85562848277059,586,1,10.0380001068115,35.1959991455078,0.0280349999666214,0,110.467697143555,-85.2012,23.5438,108.102540203204,63,63,63,63,61,63,0,8521,1.64861680440262,24,-85,0.001869,51,2024-02-08 16:22:20.001749,586,1.037,0.0011,"aoml_navis",1029.73281785081
"7901009",25,0,1,0.024297,1,0.001869,1,114.460972863763,1,4.85557356674652,588,1,10.0019998550415,35.1910018920898,0.0242970008403063,0,110.376197814941,-85.2012,23.5438,108.102540203204,63,63,63,63,61,63,0,8521,1.64861680440262,24,-85,0.001869,51,2024-02-08 16:22:20.001749,588,1.037,0.0011,"aoml_navis",1029.74446402019
"7901009",25,0,1,0.031773,1,0.009345,1,114.353745034217,1,4.85552345463471,590,1,9.97999954223633,35.1879997253418,0.0317730009555817,0,110.272796630859,-85.2012,23.5438,108.102540203204,63,63,63,63,61,63,0,8521,1.64861680440262,24,-85,0.001869,51,2024-02-08 16:22:20.001749,590,1.037,0.0011,"aoml_navis",1029.75509164257
"7901009",25,0,1,0.024297,1,0.001869,1,114.278670521226,1,4.85547571347041,592,1,9.96500015258789,35.1860008239746,0.0242970008403063,0,110.200401306152,-85.2012,23.5438,108.102540203204,63,63,63,63,61,63,0,8521,1.64861680440262,24,-85,0.001869,51,2024-02-08 16:22:20.001749,592,1.037,0.0011,"aoml_navis",1029.76521664574
"7901009",25,0,1,0.024297,1,0.001869,1,114.119905608991,1,4.85542907368779,594,1,9.94699954986572,35.1829986572266,0.0242970008403063,0,110.047302246094,-85.2012,23.5438,108.102540203204,63,63,63,63,61,63,0,8521,1.64861680440262,24,-85,0.001869,51,2024-02-08 16:22:20.001749,594,1.037,0.0011,"aoml_navis",1029.77510825885
"7901009",25,0,1,0.024297,1,0.001869,1,114.072514278734,1,4.85536999051565,596,1,9.9060001373291,35.1780014038086,0.0242970008403063,0,110.001602172852,-85.2012,23.5438,108.102540203204,63,63,63,63,61,63,0,8521,1.64861680440262,24,-85,0.001869,51,2024-02-08 16:22:20.001749,596,1.037,0.0011,"aoml_navis",1029.78763920502
"7901009",25,0,1,0.028035,1,0.005607,1,114.018999260726,1,4.85531652652811,598,1,9.88000011444092,35.1749992370605,0.0280349999666214,0,109.949996948242,-85.2012,23.5438,108.102540203204,63,63,63,63,61,63,0,8521,1.64861680440262,24,-85,0.001869,51,2024-02-08 16:22:20.001749,598,1.037,0.0011,"aoml_navis",1029.79897864153
"7901009",25,0,1,0.031773,1,0.009345,1,113.817613798225,1,4.85526907328113,600,1,9.86100006103516,35.1720008850098,0.0317730009555817,0,109.755798339844,-85.2012,23.5438,108.102540203204,63,63,63,63,61,63,0,8521,1.64861680440262,24,-85,0.001869,51,2024-02-08 16:22:20.001749,600,1.037,0.0011,"aoml_navis",1029.80904344011
"7901009",25,0,1,0.028035,1,0.005607,1,113.61125185046,1,4.85522017349199,602,1,9.83600044250488,35.1679992675781,0.0280349999666214,0,109.556800842285,-85.2012,23.5438,108.102540203204,63,63,63,63,61,63,0,8521,1.64861680440262,24,-85,0.001869,51,2024-02-08 16:22:20.001749,602,1.037,0.0011,"aoml_navis",1029.81941525504
"7901009",25,0,1,0.028035,1,0.005607,1,113.498628213362,1,4.8551453125373,604,1,9.77200031280518,35.1619987487793,0.0280349999666214,0,109.448196411133,-85.2012,23.5438,108.102540203204,63,63,63,63,61,63,0,8521,1.64861680440262,24,-85,0.001869,51,2024-02-08 16:22:20.001749,604,1.037,0.0011,"aoml_navis",1029.835293928
"7901009",25,0,1,0.028035,1,0.005607,1,113.408932802488,1,4.85508226465637,606,1,9.72599983215332,35.1570014953613,0.0280349999666214,0,109.361701965332,-85.2012,23.5438,108.102540203204,63,63,63,63,61,63,0,8521,1.64861680440262,24,-85,0.001869,51,2024-02-08 16:22:20.001749,606,1.037,0.0011,"aoml_navis",1029.84866732302
"7901009",25,0,1,0.029904,1,0.007476,1,113.424692991115,1,4.85502584977448,608,1,9.69200038909912,35.1529998779297,0.0299040004611015,0,109.376899719238,-85.2012,23.5438,108.102540203204,63,63,63,63,61,63,0,8521,1.64861680440262,24,-85,0.001869,51,2024-02-08 16:22:20.001749,608,1.037,0.0011,"aoml_navis",1029.86063405456
"7901009",25,0,1,0.031773,1,0.009345,1,113.4226201149,1,4.85497089258772,610,1,9.66399955749512,35.1500015258789,0.0317730009555817,0,109.374900817871,-85.2012,23.5438,108.102540203204,63,63,63,63,61,63,0,8521,1.64861680440262,24,-85,0.001869,51,2024-02-08 16:22:20.001749,610,1.037,0.0011,"aoml_navis",1029.87229184704
"7901009",25,0,1,0.026166,1,0.003738,1,113.309379361982,1,4.85492617487355,612,1,9.66100025177002,35.1500015258789,0.0261659994721413,0,109.265701293945,-85.2012,23.5438,108.102540203204,63,63,63,63,61,63,0,8521,1.64861680440262,24,-85,0.001869,51,2024-02-08 16:22:20.001749,612,1.037,0.0011,"aoml_navis",1029.8817777863
"7901009",25,0,1,0.028035,1,0.005607,1,113.093373001598,1,4.85488598543268,614,1,9.65900039672852,35.148998260498,0.0280349999666214,0,109.057403564453,-85.2012,23.5438,108.102540203204,63,63,63,63,61,63,0,8521,1.64861680440262,24,-85,0.001869,51,2024-02-08 16:22:20.001749,614,1.037,0.0011,"aoml_navis",1029.89030329502
"7901009",25,0,1,0.029904,1,0.007476,1,112.889076018306,1,4.85484293035028,616,1,9.64500045776367,35.1459999084473,0.0299040004611015,0,108.860397338867,-85.2012,23.5438,108.102540203204,63,63,63,63,61,63,0,8521,1.64861680440262,24,-85,0.001869,51,2024-02-08 16:22:20.001749,616,1.037,0.0011,"aoml_navis",1029.89943685763
"7901009",25,0,1,0.028035,1,0.005607,1,112.809642135871,1,4.85478181552804,618,1,9.60099983215332,35.140998840332,0.0280349999666214,0,108.783798217773,-85.2012,23.5438,108.102540203204,63,63,63,63,61,63,0,8521,1.64861680440262,24,-85,0.001869,51,2024-02-08 16:22:20.001749,618,1.037,0.0011,"aoml_navis",1029.91240183183
"7901009",25,0,1,0.024297,1,0.001869,1,112.7895225778,1,4.85471203806488,620,1,9.55099964141846,35.1370010375977,0.0242970008403063,0,108.76439666748,-85.2012,23.5438,108.102540203204,63,63,63,63,61,63,0,8521,1.64861680440262,24,-85,0.001869,51,2024-02-08 16:22:20.001749,620,1.037,0.0011,"aoml_navis",1029.92720490854
"7901009",25,0,1,0.026166,1,0.003738,1,112.960526953792,1,4.85466006947465,622,1,9.52200031280518,35.132999420166,0.0261659994721413,0,108.929298400879,-85.2012,23.5438,108.102540203204,63,63,63,63,61,63,0,8521,1.64861680440262,24,-85,0.001869,51,2024-02-08 16:22:20.001749,622,1.037,0.0011,"aoml_navis",1029.93823016347
"7901009",25,0,1,0.029904,1,0.007476,1,113.163162471415,1,4.85460811927861,624,1,9.49300003051758,35.1290016174316,0.0299040004611015,0,109.124702453613,-85.2012,23.5438,108.102540203204,63,63,63,63,61,63,0,8521,1.64861680440262,24,-85,0.001869,51,2024-02-08 16:22:20.001749,624,1.037,0.0011,"aoml_navis",1029.94925175196
"7901009",25,0,1,0.026166,1,0.003738,1,113.277233957167,1,4.85455400003426,626,1,9.45699977874756,35.1240005493164,0.0261659994721413,0,109.234703063965,-85.2012,23.5438,108.102540203204,63,63,63,63,61,63,0,8521,1.64861680440262,24,-85,0.001869,51,2024-02-08 16:22:20.001749,626,1.037,0.0011,"aoml_navis",1029.96073376972
"7901009",25,0,1,0.026166,1,0.003738,1,113.241868473653,1,4.85450213974318,628,1,9.42800045013428,35.1199989318848,0.0261659994721413,0,109.20059967041,-85.2012,23.5438,108.102540203204,63,63,63,63,61,63,0,8521,1.64861680440262,24,-85,0.001869,51,2024-02-08 16:22:20.001749,628,1.037,0.0011,"aoml_navis",1029.97173676486
"7901009",25,0,1,0.028035,1,0.005607,1,113.256797929445,1,4.85444548006423,630,1,9.40200042724609,35.1180000305176,0.0280349999666214,0,109.214996337891,-85.2012,23.5438,108.102540203204,63,63,63,63,61,63,0,8521,1.64861680440262,24,-85,0.001869,51,2024-02-08 16:22:20.001749,630,1.037,0.0011,"aoml_navis",1029.98375829609
"7901009",25,0,1,0.028035,1,0.005607,1,113.23875915933,1,4.85439888911289,632,1,9.38799953460693,35.1160011291504,0.0280349999666214,0,109.197601318359,-85.2012,23.5438,108.102540203204,63,63,63,63,61,63,0,8521,1.64861680440262,24,-85,0.001869,51,2024-02-08 16:22:20.001749,632,1.037,0.0011,"aoml_navis",1029.99364374725
"7901009",25,0,1,0.031773,1,0.009345,1,113.218639601259,1,4.85435031469487,634,1,9.37600040435791,35.1150016784668,0.0317730009555817,0,109.178199768066,-85.2012,23.5438,108.102540203204,63,63,63,63,61,63,0,8521,1.64861680440262,24,-85,0.001869,51,2024-02-08 16:22:20.001749,634,1.037,0.0011,"aoml_navis",1030.00395024319
"7901009",25,0,1,0.026166,1,0.003738,1,113.258150837204,1,4.85430375147389,636,1,9.36200046539307,35.1129989624023,0.0261659994721413,0,109.216300964355,-85.2012,23.5438,108.102540203204,63,63,63,63,61,63,0,8521,1.64861680440262,24,-85,0.001869,51,2024-02-08 16:22:20.001749,636,1.037,0.0011,"aoml_navis",1030.01383019797
"7901009",25,0,1,0.026166,1,0.003738,1,113.289465509184,1,4.85425383772138,638,1,9.3439998626709,35.1110000610352,0.0261659994721413,0,109.24649810791,-85.2012,23.5438,108.102540203204,63,63,63,63,61,63,0,8521,1.64861680440262,24,-85,0.001869,51,2024-02-08 16:22:20.001749,638,1.037,0.0011,"aoml_navis",1030.02442129129
"7901009",25,0,1,0.026166,1,0.003738,1,113.380102417269,1,4.85419876262749,640,1,9.31099987030029,35.1069984436035,0.0261659994721413,0,109.33390045166,-85.2012,23.5438,108.102540203204,63,63,63,63,61,63,0,8521,1.64861680440262,24,-85,0.001869,51,2024-02-08 16:22:20.001749,640,1.037,0.0011,"aoml_navis",1030.03610781145
"7901009",25,0,1,0.029904,1,0.007476,1,113.351580589961,1,4.854151715597,642,1,9.29199981689453,35.1040000915527,0.0299040004611015,0,109.306396484375,-85.2012,23.5438,108.102540203204,63,63,63,63,61,63,0,8521,1.64861680440262,24,-85,0.001869,51,2024-02-08 16:22:20.001749,642,1.037,0.0011,"aoml_navis",1030.04609104705
"7901009",25,0,1,0.029904,1,0.007476,1,113.288429071076,1,4.85411134557034,644,1,9.2810001373291,35.101001739502,0.0299040004611015,0,109.245498657227,-85.2012,23.5438,108.102540203204,63,63,63,63,61,63,0,8521,1.64861680440262,24,-85,0.001869,51,2024-02-08 16:22:20.001749,644,1.037,0.0011,"aoml_navis",1030.05465759717
"7901009",25,0,1,0.029904,1,0.007476,1,113.511176235029,1,4.8540278454014,646,1,9.19600009918213,35.0929985046387,0.0299040004611015,0,109.460296630859,-85.2012,23.5438,108.102540203204,63,63,63,63,61,63,0,8521,1.64861680440262,24,-85,0.001869,51,2024-02-08 16:22:20.001749,646,1.037,0.0011,"aoml_navis",1030.07237684821
"7901009",25,0,1,0.028035,1,0.005607,1,113.738599238078,1,4.85395373570711,648,1,9.12199974060059,35.0849990844727,0.0280349999666214,0,109.67960357666,-85.2012,23.5438,108.102540203204,63,63,63,63,61,63,0,8521,1.64861680440262,24,-85,0.001869,51,2024-02-08 16:22:20.001749,648,1.037,0.0011,"aoml_navis",1030.08810389323
"7901009",25,0,1,0.028035,1,0.005607,1,113.840225554799,1,4.85389894771209,650,1,9.08899974822998,35.0810012817383,0.0280349999666214,0,109.777603149414,-85.2012,23.5438,108.102540203204,63,63,63,63,61,63,0,8521,1.64861680440262,24,-85,0.001869,51,2024-02-08 16:22:20.001749,650,1.037,0.0011,"aoml_navis",1030.09973093008
"7901009",25,0,1,0.031773,1,0.009345,1,113.863454427192,1,4.85385088133171,652,1,9.07299995422363,35.0789985656738,0.0317730009555817,0,109.800003051758,-85.2012,23.5438,108.102540203204,63,63,63,63,61,63,0,8521,1.64861680440262,24,-85,0.001869,51,2024-02-08 16:22:20.001749,652,1.037,0.0011,"aoml_navis",1030.10993173078
"7901009",25,0,1,0.022428,1,0,1,113.890931904652,1,4.85380857382039,654,1,9.06400012969971,35.0769996643066,0.0224280003458261,0,109.826499938965,-85.2012,23.5438,108.102540203204,63,63,63,63,61,63,0,8521,1.64861680440262,24,-85,0.001869,51,2024-02-08 16:22:20.001749,654,1.037,0.0011,"aoml_navis",1030.11891053308
"7901009",25,0,1,0.029904,1,0.007476,1,113.970365787088,1,4.8537534801161,656,1,9.03499984741211,35.0740013122559,0.0299040004611015,0,109.903099060059,-85.2012,23.5438,108.102540203204,63,63,63,63,61,63,0,8521,1.64861680440262,24,-85,0.001869,51,2024-02-08 16:22:20.001749,656,1.037,0.0011,"aoml_navis",1030.13060314724
"7901009",25,0,1,0.028035,1,0.005607,1,114.022219339427,1,4.85369717551735,658,1,9,35.0699996948242,0.0280349999666214,0,109.953102111816,-85.2012,23.5438,108.102540203204,63,63,63,63,61,63,0,8521,1.64861680440262,24,-85,0.001869,51,2024-02-08 16:22:20.001749,658,1.037,0.0011,"aoml_navis",1030.14255302548
"7901009",25,0,1,0.028035,1,0.005607,1,114.082055838715,1,4.85364871397122,660,1,8.97900009155273,35.0670013427734,0.0280349999666214,0,110.010803222656,-85.2012,23.5438,108.102540203204,63,63,63,63,61,63,0,8521,1.64861680440262,24,-85,0.001869,51,2024-02-08 16:22:20.001749,660,1.037,0.0011,"aoml_navis",1030.15283854546
"7901009",25,0,1,0.028035,1,0.005607,1,114.377907492081,1,4.85356426059291,662,1,8.89599990844727,35.060001373291,0.0280349999666214,0,110.296096801758,-85.2012,23.5438,108.102540203204,63,63,63,63,61,63,0,8521,1.64861680440262,24,-85,0.001869,51,2024-02-08 16:22:20.001749,662,1.037,0.0011,"aoml_navis",1030.17076349355
"7901009",25,0,1,0.028035,1,0.005607,1,114.455482115316,1,4.85350897259349,664,1,8.86200046539307,35.0559997558594,0.0280349999666214,0,110.370903015137,-85.2012,23.5438,108.102540203204,63,63,63,63,61,63,0,8521,1.64861680440262,24,-85,0.001869,51,2024-02-08 16:22:20.001749,664,1.037,0.0011,"aoml_navis",1030.18249852503
"7901009",25,0,1,0.029904,1,0.007476,1,114.515421467241,1,4.85346428249288,666,1,8.85000038146973,35.0540008544922,0.0299040004611015,0,110.428703308105,-85.2012,23.5438,108.102540203204,63,63,63,63,61,63,0,8521,1.64861680440262,24,-85,0.001869,51,2024-02-08 16:22:20.001749,666,1.037,0.0011,"aoml_navis",1030.19198431844
"7901009",25,0,1,0.026166,1,0.003738,1,114.579300866323,1,4.85342042495656,668,1,8.83899974822998,35.0519981384277,0.0261659994721413,0,110.490303039551,-85.2012,23.5438,108.102540203204,63,63,63,63,61,63,0,8521,1.64861680440262,24,-85,0.001869,51,2024-02-08 16:22:20.001749,668,1.037,0.0011,"aoml_navis",1030.20129356396
"7901009",25,0,1,0.029904,1,0.007476,1,114.624405703352,1,4.85337614455508,670,1,8.83199977874756,35.0509986877441,0.0299040004611015,0,110.533798217773,-85.2012,23.5438,108.102540203204,63,63,63,63,61,63,0,8521,1.64861680440262,24,-85,0.001869,51,2024-02-08 16:22:20.001749,670,1.037,0.0011,"aoml_navis",1030.21069273796
"7901009",25,0,1,0.026166,1,0.003738,1,114.607506223981,1,4.85333146735451,672,1,8.81999969482422,35.048999786377,0.0261659994721413,0,110.517501831055,-85.2012,23.5438,108.102540203204,63,63,63,63,61,63,0,8521,1.64861680440262,24,-85,0.001869,51,2024-02-08 16:22:20.001749,672,1.037,0.0011,"aoml_navis",1030.2201763123
"7901009",25,0,1,0.028035,1,0.005607,1,114.611754829047,1,4.85327460737425,674,1,8.79300022125244,35.0470008850098,0.0280349999666214,0,110.521598815918,-85.2012,23.5438,108.102540203204,63,63,63,63,61,63,0,8521,1.64861680440262,24,-85,0.001869,51,2024-02-08 16:22:20.001749,674,1.037,0.0011,"aoml_navis",1030.23224616279
"7901009",25,0,1,0.026166,1,0.003738,1,114.605844758312,1,4.85322627822305,676,1,8.7810001373291,35.0460014343262,0.0261659994721413,0,110.515899658203,-85.2012,23.5438,108.102540203204,63,63,63,63,61,63,0,8521,1.64861680440262,24,-85,0.001869,51,2024-02-08 16:22:20.001749,676,1.037,0.0011,"aoml_navis",1030.24250536917
"7901009",25,0,1,0.024297,1,0.001869,1,114.649921068975,1,4.85317962651851,678,1,8.76200008392334,35.0429992675781,0.0242970008403063,0,110.558403015137,-85.2012,23.5438,108.102540203204,63,63,63,63,61,63,0,8521,1.64861680440262,24,-85,0.001869,51,2024-02-08 16:22:20.001749,678,1.037,0.0011,"aoml_navis",1030.25240868466
"7901009",25,0,1,0.026166,1,0.003738,1,114.811383884985,1,4.8531192058436,680,1,8.72599983215332,35.0400009155273,0.0261659994721413,0,110.71410369873,-85.2012,23.5438,108.102540203204,63,63,63,63,61,63,0,8521,1.64861680440262,24,-85,0.001869,51,2024-02-08 16:22:20.001749,680,1.037,0.0011,"aoml_navis",1030.26523518721
"7901009",25,0,1,0.026166,1,0.003738,1,114.948264920843,1,4.85306134331397,682,1,8.68400001525879,35.0349998474121,0.0261659994721413,0,110.846099853516,-85.2012,23.5438,108.102540203204,63,63,63,63,61,63,0,8521,1.64861680440262,24,-85,0.001869,51,2024-02-08 16:22:20.001749,682,1.037,0.0011,"aoml_navis",1030.27751892905
"7901009",25,0,1,0.028035,1,0.005607,1,115.063895019627,1,4.85300400101045,684,1,8.63799953460693,35.0289993286133,0.0280349999666214,0,110.95760345459,-85.2012,23.5438,108.102540203204,63,63,63,63,61,63,0,8521,1.64861680440262,24,-85,0.001869,51,2024-02-08 16:22:20.001749,684,1.037,0.0011,"aoml_navis",1030.28969252013
"7901009",25,0,1,0.029904,1,0.007476,1,115.324080543309,1,4.85292553405403,686,1,8.56099987030029,35.0219993591309,0.0299040004611015,0,111.208503723145,-85.2012,23.5438,108.102540203204,63,63,63,63,61,63,0,8521,1.64861680440262,24,-85,0.001869,51,2024-02-08 16:22:20.001749,686,1.037,0.0011,"aoml_navis",1030.3063512749
"7901009",25,0,1,0.029904,1,0.007476,1,115.576069503027,1,4.85285916935656,688,1,8.50800037384033,35.0169982910156,0.0299040004611015,0,111.451499938965,-85.2012,23.5438,108.102540203204,63,63,63,63,61,63,0,8521,1.64861680440262,24,-85,0.001869,51,2024-02-08 16:22:20.001749,688,1.037,0.0011,"aoml_navis",1030.32044110667
"7901009",25,0,1,0.031773,1,0.009345,1,115.740127370177,1,4.8527953032997,690,1,8.45800018310547,35.0120010375977,0.0317730009555817,0,111.609703063965,-85.2012,23.5438,108.102540203204,63,63,63,63,61,63,0,8521,1.64861680440262,24,-85,0.001869,51,2024-02-08 16:22:20.001749,690,1.037,0.0011,"aoml_navis",1030.33400081809
"7901009",25,0,1,0.029904,1,0.007476,1,115.732033658849,1,4.85274822354084,692,1,8.45199966430664,35.0120010375977,0.0299040004611015,0,111.601898193359,-85.2012,23.5438,108.102540203204,63,63,63,63,61,63,0,8521,1.64861680440262,24,-85,0.001869,51,2024-02-08 16:22:20.001749,692,1.037,0.0011,"aoml_navis",1030.34399677791
"7901009",25,0,1,0.028035,1,0.005607,1,115.692522422904,1,4.85270800582513,694,1,8.44999980926514,35.0110015869141,0.0280349999666214,0,111.56379699707,-85.2012,23.5438,108.102540203204,63,63,63,63,61,63,0,8521,1.64861680440262,24,-85,0.001869,51,2024-02-08 16:22:20.001749,694,1.037,0.0011,"aoml_navis",1030.35253594448
"7901009",25,0,1,0.029904,1,0.007476,1,115.70932696138,1,4.85266620929442,696,1,8.44600009918213,35.0099983215332,0.0299040004611015,0,111.580001831055,-85.2012,23.5438,108.102540203204,63,63,63,63,61,63,0,8521,1.64861680440262,24,-85,0.001869,51,2024-02-08 16:22:20.001749,696,1.037,0.0011,"aoml_navis",1030.36141048057
"7901009",25,0,1,0.028035,1,0.005607,1,115.781497865322,1,4.85261213424414,698,1,8.42199993133545,35.007999420166,0.0280349999666214,0,111.649597167969,-85.2012,23.5438,108.102540203204,63,63,63,63,61,63,0,8521,1.64861680440262,24,-85,0.001869,51,2024-02-08 16:22:20.001749,698,1.037,0.0011,"aoml_navis",1030.37289230593
"7901009",25,0,1,0.029904,1,0.007476,1,115.887997814671,1,4.85254050682449,700,1,8.36200046539307,35.0029983520508,0.0299040004611015,0,111.752296447754,-85.2012,23.5438,108.102540203204,63,63,63,63,61,63,0,8521,1.64861680440262,24,-85,0.001869,51,2024-02-08 16:22:20.001749,700,1.037,0.0011,"aoml_navis",1030.38810144256
"7901009",25,0,1,0.029904,1,0.007476,1,115.788555138542,1,4.85249761260427,702,1,8.35200023651123,35.0009994506836,0.0299040004611015,0,111.656402587891,-85.2012,23.5438,108.102540203204,63,63,63,63,61,63,0,8521,1.64861680440262,24,-85,0.001869,51,2024-02-08 16:22:20.001749,702,1.037,0.0011,"aoml_navis",1030.3972096787
"7901009",25,0,1,0.031773,1,0.009345,1,115.660274165454,1,4.85243937565195,704,1,8.31799983978271,34.9980010986328,0.0317730009555817,0,111.532699584961,-85.2012,23.5438,108.102540203204,63,63,63,63,61,63,0,8521,1.64861680440262,24,-85,0.001869,51,2024-02-08 16:22:20.001749,704,1.037,0.0011,"aoml_navis",1030.409576076
"7901009",25,0,1,0.028035,1,0.005607,1,115.599092670147,1,4.85236989267065,706,1,8.2790002822876,34.9970016479492,0.0280349999666214,0,111.473701477051,-85.2012,23.5438,108.102540203204,63,63,63,63,61,63,0,8521,1.64861680440262,24,-85,0.001869,51,2024-02-08 16:22:20.001749,706,1.037,0.0011,"aoml_navis",1030.42433091351
"7901009",25,0,1,0.029904,1,0.007476,1,115.735253737549,1,4.85231626298534,708,1,8.26000022888184,34.9959983825684,0.0299040004611015,0,111.605003356934,-85.2012,23.5438,108.102540203204,63,63,63,63,61,63,0,8521,1.64861680440262,24,-85,0.001869,51,2024-02-08 16:22:20.001749,708,1.037,0.0011,"aoml_navis",1030.43571956371
"7901009",25,0,1,0.028035,1,0.005607,1,115.90179589146,1,4.85226445606892,710,1,8.23400020599365,34.9930000305176,0.0280349999666214,0,111.765602111816,-85.2012,23.5438,108.102540203204,63,63,63,63,61,63,0,8521,1.64861680440262,24,-85,0.001869,51,2024-02-08 16:22:20.001749,710,1.037,0.0011,"aoml_navis",1030.44672137486
"7901009",25,0,1,0.029904,1,0.007476,1,116.082025357783,1,4.85221556968112,712,1,8.2209997177124,34.992000579834,0.0299040004611015,0,111.939399719238,-85.2012,23.5438,108.102540203204,63,63,63,63,61,63,0,8521,1.64861680440262,24,-85,0.001869,51,2024-02-08 16:22:20.001749,712,1.037,0.0011,"aoml_navis",1030.45710319267
"7901009",25,0,1,0.033642,1,0.011214,1,116.364917578934,1,4.85216538843018,714,1,8.19699954986572,34.9889984130859,0.0336420014500618,0,112.212196350098,-85.2012,23.5438,108.102540203204,63,63,63,63,61,63,0,8521,1.64861680440262,24,-85,0.001869,51,2024-02-08 16:22:20.001749,714,1.037,0.0011,"aoml_navis",1030.46776021327
"7901009",25,0,1,0.028035,1,0.005607,1,116.803576162375,1,4.85209718875114,716,1,8.13599967956543,34.9830017089844,0.0280349999666214,0,112.635200500488,-85.2012,23.5438,108.102540203204,63,63,63,63,61,63,0,8521,1.64861680440262,24,-85,0.001869,51,2024-02-08 16:22:20.001749,716,1.037,0.0011,"aoml_navis",1030.48224417098
"7901009",25,0,1,0.029904,1,0.007476,1,117.267536494425,1,4.85202549506104,718,1,8.07499980926514,34.9780006408691,0.0299040004611015,0,113.08260345459,-85.2012,23.5438,108.102540203204,63,63,63,63,61,63,0,8521,1.64861680440262,24,-85,0.001869,51,2024-02-08 16:22:20.001749,718,1.037,0.0011,"aoml_navis",1030.4974706109
"7901009",25,0,1,0.033642,1,0.011214,1,117.515063232062,1,4.85196197456332,720,1,8.0290002822876,34.9739990234375,0.0336420014500618,0,113.321296691895,-85.2012,23.5438,108.102540203204,63,63,63,63,61,63,0,8521,1.64861680440262,24,-85,0.001869,51,2024-02-08 16:22:20.001749,720,1.037,0.0011,"aoml_navis",1030.51096158889
"7901009",25,0,1,0.029904,1,0.007476,1,117.690838388045,1,4.85191062674943,722,1,8.00800037384033,34.9720001220703,0.0299040004611015,0,113.490798950195,-85.2012,23.5438,108.102540203204,63,63,63,63,61,63,0,8521,1.64861680440262,24,-85,0.001869,51,2024-02-08 16:22:20.001749,722,1.037,0.0011,"aoml_navis",1030.52186749569
"7901009",25,0,1,0.029904,1,0.007476,1,117.933910815342,1,4.8518561853885,724,1,7.98299980163574,34.9700012207031,0.0299040004611015,0,113.725196838379,-85.2012,23.5438,108.102540203204,63,63,63,63,61,63,0,8521,1.64861680440262,24,-85,0.001869,51,2024-02-08 16:22:20.001749,724,1.037,0.0011,"aoml_navis",1030.53343070177
"7901009",25,0,1,0.028035,1,0.005607,1,118.331816019458,1,4.85179438937792,726,1,7.93900012969971,34.9659996032715,0.0280349999666214,0,114.108901977539,-85.2012,23.5438,108.102540203204,63,63,63,63,61,63,0,8521,1.64861680440262,24,-85,0.001869,51,2024-02-08 16:22:20.001749,726,1.037,0.0011,"aoml_navis",1030.54655633111
"7901009",25,0,1,0.026166,1,0.003738,1,118.678279081781,1,4.85173557544785,728,1,7.89400005340576,34.9609985351562,0.0261659994721413,0,114.443000793457,-85.2012,23.5438,108.102540203204,63,63,63,63,61,63,0,8521,1.64861680440262,24,-85,0.001869,51,2024-02-08 16:22:20.001749,728,1.037,0.0011,"aoml_navis",1030.55904886953
"7901009",25,0,1,0.026166,1,0.003738,1,118.876033055036,1,4.8516781590804,730,1,7.86499977111816,34.9589996337891,0.0261659994721413,0,114.633697509766,-85.2012,23.5438,108.102540203204,63,63,63,63,61,63,0,8521,1.64861680440262,24,-85,0.001869,51,2024-02-08 16:22:20.001749,730,1.037,0.0011,"aoml_navis",1030.5712448469
"7901009",25,0,1,0.031773,1,0.009345,1,118.948939750916,1,4.8516277153232,732,1,7.84499979019165,34.9570007324219,0.0317730009555817,0,114.704002380371,-85.2012,23.5438,108.102540203204,63,63,63,63,61,63,0,8521,1.64861680440262,24,-85,0.001869,51,2024-02-08 16:22:20.001749,732,1.037,0.0011,"aoml_navis",1030.58195999008
"7901009",25,0,1,0.024297,1,0.001869,1,119.031174389764,1,4.85157918773642,734,1,7.83699989318848,34.9570007324219,0.0242970008403063,0,114.783302307129,-85.2012,23.5438,108.102540203204,63,63,63,63,61,63,0,8521,1.64861680440262,24,-85,0.001869,51,2024-02-08 16:22:20.001749,734,1.037,0.0011,"aoml_navis",1030.59226831518
"7901009",25,0,1,0.026166,1,0.003738,1,119.217211074185,1,4.85152568358075,736,1,7.81300020217896,34.9550018310547,0.0261659994721413,0,114.962699890137,-85.2012,23.5438,108.102540203204,63,63,63,63,61,63,0,8521,1.64861680440262,24,-85,0.001869,51,2024-02-08 16:22:20.001749,736,1.037,0.0011,"aoml_navis",1030.60363401182
"7901009",25,0,1,0.031773,1,0.009345,1,119.398476978615,1,4.85146760168185,738,1,7.78299999237061,34.9529991149902,0.0317730009555817,0,115.137496948242,-85.2012,23.5438,108.102540203204,63,63,63,63,61,63,0,8521,1.64861680440262,24,-85,0.001869,51,2024-02-08 16:22:20.001749,738,1.037,0.0011,"aoml_navis",1030.61597242588
"7901009",25,0,1,0.031773,1,0.009345,1,119.558491945971,1,4.85141107676623,740,1,7.75500011444092,34.951000213623,0.0317730009555817,0,115.291801452637,-85.2012,23.5438,108.102540203204,63,63,63,63,61,63,0,8521,1.64861680440262,24,-85,0.001869,51,2024-02-08 16:22:20.001749,740,1.037,0.0011,"aoml_navis",1030.6279803716
"7901009",25,0,1,0.024297,1,0.001869,1,119.606714009063,1,4.85134768695427,742,1,7.71799993515015,34.9490013122559,0.0242970008403063,0,115.338302612305,-85.2012,23.5438,108.102540203204,63,63,63,63,61,63,0,8521,1.64861680440262,24,-85,0.001869,51,2024-02-08 16:22:20.001749,742,1.037,0.0011,"aoml_navis",1030.64144700358
"7901009",25,0,1,0.029904,1,0.007476,1,119.657839681205,1,4.85128709567943,744,1,7.69899988174438,34.9500007629395,0.0299040004611015,0,115.387603759766,-85.2012,23.5438,108.102540203204,63,63,63,63,61,63,0,8521,1.64861680440262,24,-85,0.001869,51,2024-02-08 16:22:20.001749,744,1.037,0.0011,"aoml_navis",1030.65431943886
"7901009",25,0,1,0.029904,1,0.007476,1,119.759980261109,1,4.85124151358169,746,1,7.69000005722046,34.9490013122559,0.0299040004611015,0,115.486099243164,-85.2012,23.5438,108.102540203204,63,63,63,63,61,63,0,8521,1.64861680440262,24,-85,0.001869,51,2024-02-08 16:22:20.001749,746,1.037,0.0011,"aoml_navis",1030.66400343125
"7901009",25,0,1,0.029904,1,0.007476,1,119.908689350178,1,4.85119149526501,748,1,7.67999982833862,34.9490013122559,0.0299040004611015,0,115.629501342773,-85.2012,23.5438,108.102540203204,63,63,63,63,61,63,0,8521,1.64861680440262,24,-85,0.001869,51,2024-02-08 16:22:20.001749,748,1.037,0.0011,"aoml_navis",1030.67463011514
"7901009",25,0,1,0.029904,1,0.007476,1,120.14077236884,1,4.85113738423177,750,1,7.65500020980835,34.9469985961914,0.0299040004611015,0,115.853302001953,-85.2012,23.5438,108.102540203204,63,63,63,63,61,63,0,8521,1.64861680440262,24,-85,0.001869,51,2024-02-08 16:22:20.001749,750,1.037,0.0011,"aoml_navis",1030.68612656737
"7901009",25,0,1,0.029904,1,0.007476,1,120.359057310712,1,4.85107870837232,752,1,7.62400007247925,34.9449996948242,0.0299040004611015,0,116.06379699707,-85.2012,23.5438,108.102540203204,63,63,63,63,61,63,0,8521,1.64861680440262,24,-85,0.001869,51,2024-02-08 16:22:20.001749,752,1.037,0.0011,"aoml_navis",1030.69859315427
"7901009",25,0,1,0.031773,1,0.009345,1,120.513992940167,1,4.85102768284249,754,1,7.60300016403198,34.943000793457,0.0317730009555817,0,116.213203430176,-85.2012,23.5438,108.102540203204,63,63,63,63,61,63,0,8521,1.64861680440262,24,-85,0.001869,51,2024-02-08 16:22:20.001749,754,1.037,0.0011,"aoml_navis",1030.70943455639
"7901009",25,0,1,0.026166,1,0.003738,1,120.683122233476,1,4.85097604151721,756,1,7.58599996566772,34.9420013427734,0.0261659994721413,0,116.37629699707,-85.2012,23.5438,108.102540203204,63,63,63,63,61,63,0,8521,1.64861680440262,24,-85,0.001869,51,2024-02-08 16:22:20.001749,756,1.037,0.0011,"aoml_navis",1030.72040702889
"7901009",25,0,1,0.033642,1,0.011214,1,120.819489006151,1,4.85092593116239,758,1,7.57100009918213,34.9410018920898,0.0336420014500618,0,116.507797241211,-85.2012,23.5438,108.102540203204,63,63,63,63,61,63,0,8521,1.64861680440262,24,-85,0.001869,51,2024-02-08 16:22:20.001749,758,1.037,0.0011,"aoml_navis",1030.7310544323
"7901009",25,0,1,0.026166,1,0.003738,1,121.00334996172,1,4.85087420085039,760,1,7.54899978637695,34.9389991760254,0.0261659994721413,0,116.685096740723,-85.2012,23.5438,108.102540203204,63,63,63,63,61,63,0,8521,1.64861680440262,24,-85,0.001869,51,2024-02-08 16:22:20.001749,760,1.037,0.0011,"aoml_navis",1030.74204627353
"7901009",25,0,1,0.029904,1,0.007476,1,121.157249153068,1,4.85081895737961,762.099975585938,1,7.53000020980835,34.9379997253418,0.0299040004611015,0,116.833503723145,-85.2012,23.5438,108.102540203204,63,63,63,63,61,63,0,8521,1.64861680440262,24,-85,0.001869,51,2024-02-08 16:22:20.001749,762.099975585938,1.037,0.0011,"aoml_navis",1030.75378486213
"7901009",25,0,1,0.028035,1,0.005607,1,121.308648234172,1,4.85077326966826,764,1,7.51800012588501,34.9370002746582,0.0280349999666214,0,116.979499816895,-85.2012,23.5438,108.102540203204,63,63,63,63,61,63,0,8521,1.64861680440262,24,-85,0.001869,51,2024-02-08 16:22:20.001749,764,1.037,0.0011,"aoml_navis",1030.7634931661
"7901009",25,0,1,0.026166,1,0.003738,1,121.528286083803,1,4.85072774183447,766,1,7.50899982452393,34.9360008239746,0.0261659994721413,0,117.191299438477,-85.2012,23.5438,108.102540203204,63,63,63,63,61,63,0,8521,1.64861680440262,24,-85,0.001869,51,2024-02-08 16:22:20.001749,766,1.037,0.0011,"aoml_navis",1030.77316767918
"7901009",25,0,1,0.028035,1,0.005607,1,121.783075799933,1,4.85067767247411,768,1,7.49399995803833,34.935001373291,0.0280349999666214,0,117.436996459961,-85.2012,23.5438,108.102540203204,63,63,63,63,61,63,0,8521,1.64861680440262,24,-85,0.001869,51,2024-02-08 16:22:20.001749,768,1.037,0.0011,"aoml_navis",1030.78380746122
"7901009",25,0,1,0.026166,1,0.003738,1,122.002096533744,1,4.85061779092438,770,1,7.46600008010864,34.9339981079102,0.0261659994721413,0,117.64820098877,-85.2012,23.5438,108.102540203204,63,63,63,63,61,63,0,8521,1.64861680440262,24,-85,0.001869,51,2024-02-08 16:22:20.001749,770,1.037,0.0011,"aoml_navis",1030.79653263036
"7901009",25,0,1,0.024297,1,0.001869,1,122.164287229952,1,4.85056472251817,772,1,7.44700002670288,34.9329986572266,0.0242970008403063,0,117.80460357666,-85.2012,23.5438,108.102540203204,63,63,63,63,61,63,0,8521,1.64861680440262,24,-85,0.001869,51,2024-02-08 16:22:20.001749,772,1.037,0.0011,"aoml_navis",1030.80781023045
"7901009",25,0,1,0.029904,1,0.007476,1,122.298058951487,1,4.85051468647735,774,1,7.43200016021729,34.931999206543,0.0299040004611015,0,117.933601379395,-85.2012,23.5438,108.102540203204,63,63,63,63,61,63,0,8521,1.64861680440262,24,-85,0.001869,51,2024-02-08 16:22:20.001749,774,1.037,0.0011,"aoml_navis",1030.81844364669
"7901009",25,0,1,0.031773,1,0.009345,1,122.389938002954,1,4.85046013304991,776,1,7.41099977493286,34.9309997558594,0.0317730009555817,0,118.022201538086,-85.2012,23.5438,108.102540203204,63,63,63,63,61,63,0,8521,1.64861680440262,24,-85,0.001869,51,2024-02-08 16:22:20.001749,776,1.037,0.0011,"aoml_navis",1030.83003732598
"7901009",25,0,1,0.029904,1,0.007476,1,122.440130089624,1,4.85041916135978,778,1,7.40799999237061,34.9300003051758,0.0299040004611015,0,118.070602416992,-85.2012,23.5438,108.102540203204,63,63,63,63,61,63,0,8521,1.64861680440262,24,-85,0.001869,51,2024-02-08 16:22:20.001749,778,1.037,0.0011,"aoml_navis",1030.83874478969
"7901009",25,0,1,0.029904,1,0.007476,1,122.548077887627,1,4.8503677313867,780,1,7.39599990844727,34.9300003051758,0.0299040004611015,0,118.174697875977,-85.2012,23.5438,108.102540203204,63,63,63,63,61,63,0,8521,1.64861680440262,24,-85,0.001869,51,2024-02-08 16:22:20.001749,780,1.037,0.0011,"aoml_navis",1030.8496750968
"7901009",25,0,1,0.031773,1,0.009345,1,122.614963748395,1,4.85032299501591,782,1,7.38800001144409,34.9290008544922,0.0317730009555817,0,118.239196777344,-85.2012,23.5438,108.102540203204,63,63,63,63,61,63,0,8521,1.64861680440262,24,-85,0.001869,51,2024-02-08 16:22:20.001749,782,1.037,0.0011,"aoml_navis",1030.8591830148
"7901009",25,0,1,0.026166,1,0.003738,1,122.757351356183,1,4.85027533949568,784,1,7.38100004196167,34.9290008544922,0.0261659994721413,0,118.376502990723,-85.2012,23.5438,108.102540203204,63,63,63,63,61,63,0,8521,1.64861680440262,24,-85,0.001869,51,2024-02-08 16:22:20.001749,784,1.037,0.0011,"aoml_navis",1030.8693115389
"7901009",25,0,1,0.033642,1,0.011214,1,122.979370639938,1,4.85023429703944,786,1,7.3730001449585,34.9269981384277,0.0336420014500618,0,118.590599060059,-85.2012,23.5438,108.102540203204,63,63,63,63,61,63,0,8521,1.64861680440262,24,-85,0.001869,51,2024-02-08 16:22:20.001749,786,1.037,0.0011,"aoml_navis",1030.8780347069
"7901009",25,0,1,0.029904,1,0.007476,1,123.485951522254,1,4.8501730173214,788,1,7.34299993515015,34.9259986877441,0.0299040004611015,0,119.0791015625,-85.2012,23.5438,108.102540203204,63,63,63,63,61,63,0,8521,1.64861680440262,24,-85,0.001869,51,2024-02-08 16:22:20.001749,788,1.037,0.0011,"aoml_navis",1030.89105937943
"7901009",25,0,1,0.024297,1,0.001869,1,124.058484679868,1,4.85010637275023,790,1,7.2960000038147,34.9230003356934,0.0242970008403063,0,119.631202697754,-85.2012,23.5438,108.102540203204,63,63,63,63,61,63,0,8521,1.64861680440262,24,-85,0.001869,51,2024-02-08 16:22:20.001749,790,1.037,0.0011,"aoml_navis",1030.90522469609
"7901009",25,0,1,0.029904,1,0.007476,1,124.443731097938,1,4.85004437276231,792,1,7.26000022888184,34.9210014343262,0.0299040004611015,0,120.002700805664,-85.2012,23.5438,108.102540203204,63,63,63,63,61,63,0,8521,1.64861680440262,24,-85,0.001869,51,2024-02-08 16:22:20.001749,792,1.037,0.0011,"aoml_navis",1030.9184031552
"7901009",25,0,1,0.031773,1,0.009345,1,124.836857610322,1,4.8499809468116,794,1,7.22200012207031,34.9189987182617,0.0317730009555817,0,120.381797790527,-85.2012,23.5438,108.102540203204,63,63,63,63,61,63,0,8521,1.64861680440262,24,-85,0.001869,51,2024-02-08 16:22:20.001749,794,1.037,0.0011,"aoml_navis",1030.93188505968
"7901009",25,0,1,0.029904,1,0.007476,1,125.057326192787,1,4.8499339614513,796,1,7.20599985122681,34.9169998168945,0.0299040004611015,0,120.594398498535,-85.2012,23.5438,108.102540203204,63,63,63,63,61,63,0,8521,1.64861680440262,24,-85,0.001869,51,2024-02-08 16:22:20.001749,796,1.037,0.0011,"aoml_navis",1030.94187255774
"7901009",25,0,1,0.026166,1,0.003738,1,125.300920795008,1,4.84988330972029,798,1,7.19000005722046,34.9160003662109,0.0261659994721413,0,120.829299926758,-85.2012,23.5438,108.102540203204,63,63,63,63,61,63,0,8521,1.64861680440262,24,-85,0.001869,51,2024-02-08 16:22:20.001749,798,1.037,0.0011,"aoml_navis",1030.95263961895
"7901009",25,0,1,0.029904,1,0.007476,1,125.624257837575,1,4.84982889980884,800,1,7.16400003433228,34.9140014648438,0.0299040004611015,0,121.141098022461,-85.2012,23.5438,108.102540203204,63,63,63,63,61,63,0,8521,1.64861680440262,24,-85,0.001869,51,2024-02-08 16:22:20.001749,800,1.037,0.0011,"aoml_navis",1030.9642058088
"7901009",25,0,1,0.028035,1,0.005607,1,125.978498141575,1,4.84976565448317,802,1,7.13100004196167,34.9129981994629,0.0280349999666214,0,121.482696533203,-85.2012,23.5438,108.102540203204,63,63,63,63,61,63,0,8521,1.64861680440262,24,-85,0.001869,51,2024-02-08 16:22:20.001749,802,1.037,0.0011,"aoml_navis",1030.97765051347
"7901009",25,0,1,0.029904,1,0.007476,1,126.26710263993,1,4.84970688694675,804,1,7.10400009155273,34.9119987487793,0.0299040004611015,0,121.761001586914,-85.2012,23.5438,108.102540203204,63,63,63,63,61,63,0,8521,1.64861680440262,24,-85,0.001869,51,2024-02-08 16:22:20.001749,804,1.037,0.0011,"aoml_navis",1030.99014364307
"7901009",25,0,1,0.029904,1,0.007476,1,126.519408069299,1,4.84965184980736,806,1,7.08199977874756,34.9109992980957,0.0299040004611015,0,122.004302978516,-85.2012,23.5438,108.102540203204,63,63,63,63,61,63,0,8521,1.64861680440262,24,-85,0.001869,51,2024-02-08 16:22:20.001749,806,1.037,0.0011,"aoml_navis",1031.00184401868
"7901009",25,0,1,0.028035,1,0.005607,1,126.772330614487,1,4.84959685384526,808,1,7.06500005722046,34.9109992980957,0.0280349999666214,0,122.248199462891,-85.2012,23.5438,108.102540203204,63,63,63,63,61,63,0,8521,1.64861680440262,24,-85,0.001869,51,2024-02-08 16:22:20.001749,808,1.037,0.0011,"aoml_navis",1031.01353590567
"7901009",25,0,1,0.033642,1,0.011214,1,126.955985864784,1,4.84953963158381,810,1,7.03999996185303,34.9099998474121,0.0336420014500618,0,122.425300598145,-85.2012,23.5438,108.102540203204,63,63,63,63,61,63,0,8521,1.64861680440262,24,-85,0.001869,51,2024-02-08 16:22:20.001749,810,1.037,0.0011,"aoml_navis",1031.02570137509
"7901009",25,0,1,0.029904,1,0.007476,1,127.077312417288,1,4.84948539963484,812,1,7.02400016784668,34.9099998474121,0.0299040004611015,0,122.542297363281,-85.2012,23.5438,108.102540203204,63,63,63,63,61,63,0,8521,1.64861680440262,24,-85,0.001869,51,2024-02-08 16:22:20.001749,812,1.037,0.0011,"aoml_navis",1031.0372313682
"7901009",25,0,1,0.029904,1,0.007476,1,127.130827435296,1,4.8494407708986,814,1,7.02099990844727,34.9099998474121,0.0299040004611015,0,122.593902587891,-85.2012,23.5438,108.102540203204,63,63,63,63,61,63,0,8521,1.64861680440262,24,-85,0.001869,51,2024-02-08 16:22:20.001749,814,1.037,0.0011,"aoml_navis",1031.04671986199
"7901009",25,0,1,0.028035,1,0.005607,1,127.303691070488,1,4.8493939292044,816,1,7.0149998664856,34.9099998474121,0.0280349999666214,0,122.760597229004,-85.2012,23.5438,108.102540203204,63,63,63,63,61,63,0,8521,1.64861680440262,24,-85,0.001869,51,2024-02-08 16:22:20.001749,816,1.037,0.0011,"aoml_navis",1031.05667903954
"7901009",25,0,1,0.028035,1,0.005607,1,127.458001672382,1,4.84934560022988,818,1,7.0019998550415,34.9090003967285,0.0280349999666214,0,122.909400939941,-85.2012,23.5438,108.102540203204,63,63,63,63,61,63,0,8521,1.64861680440262,24,-85,0.001869,51,2024-02-08 16:22:20.001749,818,1.037,0.0011,"aoml_navis",1031.06695463466
"7901009",25,0,1,0.028035,1,0.005607,1,127.609717223138,1,4.84929433804388,820,1,6.98999977111816,34.9090003967285,0.0280349999666214,0,123.055702209473,-85.2012,23.5438,108.102540203204,63,63,63,63,61,63,0,8521,1.64861680440262,24,-85,0.001869,51,2024-02-08 16:22:20.001749,820,1.037,0.0011,"aoml_navis",1031.07785410628
"7901009",25,0,1,0.029904,1,0.007476,1,127.791188832841,1,4.84924971606879,822,1,6.98699998855591,34.9090003967285,0.0299040004611015,0,123.230697631836,-85.2012,23.5438,108.102540203204,63,63,63,63,61,63,0,8521,1.64861680440262,24,-85,0.001869,51,2024-02-08 16:22:20.001749,822,1.037,0.0011,"aoml_navis",1031.08734191017
"7901009",25,0,1,0.028035,1,0.005607,1,128.15476499155,1,4.84921024709107,824,1,6.98600006103516,34.9080009460449,0.0280349999666214,0,123.581298828125,-85.2012,23.5438,108.102540203204,63,63,63,63,61,63,0,8521,1.64861680440262,24,-85,0.001869,51,2024-02-08 16:22:20.001749,824,1.037,0.0011,"aoml_navis",1031.095734197
"7901009",25,0,1,0.029904,1,0.007476,1,128.723460954643,1,4.84914131164733,826,1,6.94500017166138,34.9070014953613,0.0299040004611015,0,124.129699707031,-85.2012,23.5438,108.102540203204,63,63,63,63,61,63,0,8521,1.64861680440262,24,-85,0.001869,51,2024-02-08 16:22:20.001749,826,1.037,0.0011,"aoml_navis",1031.11039226477
"7901009",25,0,1,0.031773,1,0.009345,1,129.292987650571,1,4.84905852454651,828,1,6.88500022888184,34.9059982299805,0.0317730009555817,0,124.678901672363,-85.2012,23.5438,108.102540203204,63,63,63,63,61,63,0,8521,1.64861680440262,24,-85,0.001869,51,2024-02-08 16:22:20.001749,828,1.037,0.0011,"aoml_navis",1031.12799622636
"7901009",25,0,1,0.029904,1,0.007476,1,129.638208569514,1,4.84900293195332,830,1,6.86199998855591,34.9049987792969,0.0299040004611015,0,125.01180267334,-85.2012,23.5438,108.102540203204,63,63,63,63,61,63,0,8521,1.64861680440262,24,-85,0.001869,51,2024-02-08 16:22:20.001749,830,1.037,0.0011,"aoml_navis",1031.13981784825
"7901009",25,0,1,0.026166,1,0.003738,1,129.923276519517,1,4.84894368253187,832,1,6.83900022506714,34.9049987792969,0.0261659994721413,0,125.286697387695,-85.2012,23.5438,108.102540203204,63,63,63,63,61,63,0,8521,1.64861680440262,24,-85,0.001869,51,2024-02-08 16:22:20.001749,832,1.037,0.0011,"aoml_navis",1031.15241738367
"7901009",25,0,1,0.035511,1,0.013083,1,130.089612968154,1,4.84888445254163,834,1,6.81599998474121,34.9049987792969,0.0355109982192516,0,125.44709777832,-85.2012,23.5438,108.102540203204,63,63,63,63,61,63,0,8521,1.64861680440262,24,-85,0.001869,51,2024-02-08 16:22:20.001749,834,1.037,0.0011,"aoml_navis",1031.16501309475
"7901009",25,0,1,0.028035,1,0.005607,1,130.154528805344,1,4.84883764631847,836,1,6.80999994277954,34.9049987792969,0.0280349999666214,0,125.509696960449,-85.2012,23.5438,108.102540203204,63,63,63,63,61,63,0,8521,1.64861680440262,24,-85,0.001869,51,2024-02-08 16:22:20.001749,836,1.037,0.0011,"aoml_navis",1031.17496701427
"7901009",25,0,1,0.029904,1,0.007476,1,130.193834336015,1,4.84879157205076,838,1,6.80499982833862,34.9049987792969,0.0299040004611015,0,125.54759979248,-85.2012,23.5438,108.102540203204,63,63,63,63,61,63,0,8521,1.64861680440262,24,-85,0.001869,51,2024-02-08 16:22:20.001749,838,1.037,0.0011,"aoml_navis",1031.18476546215
"7901009",25,0,1,0.026166,1,0.003738,1,130.280736902217,1,4.84875063686411,840,1,6.80200004577637,34.9039993286133,0.0261659994721413,0,125.631401062012,-85.2012,23.5438,108.102540203204,63,63,63,63,61,63,0,8521,1.64861680440262,24,-85,0.001869,51,2024-02-08 16:22:20.001749,840,1.037,0.0011,"aoml_navis",1031.19347115646
"7901009",25,0,1,0.026166,1,0.003738,1,130.364522242356,1,4.84870456614612,842,1,6.79699993133545,34.9039993286133,0.0261659994721413,0,125.712196350098,-85.2012,23.5438,108.102540203204,63,63,63,63,61,63,0,8521,1.64861680440262,24,-85,0.001869,51,2024-02-08 16:22:20.001749,842,1.037,0.0011,"aoml_navis",1031.20326920106
"7901009",25,0,1,0.029904,1,0.007476,1,130.40756211491,1,4.84866068745151,844,1,6.79500007629395,34.9039993286133,0.0299040004611015,0,125.753700256348,-85.2012,23.5438,108.102540203204,63,63,63,63,61,63,0,8521,1.64861680440262,24,-85,0.001869,51,2024-02-08 16:22:20.001749,844,1.037,0.0011,"aoml_navis",1031.21260123237
"7901009",25,0,1,0.028035,1,0.005607,1,130.531895129101,1,4.84861754084981,846,1,6.79400014877319,34.9039993286133,0.0280349999666214,0,125.873596191406,-85.2012,23.5438,108.102540203204,63,63,63,63,61,63,0,8521,1.64861680440262,24,-85,0.001869,51,2024-02-08 16:22:20.001749,846,1.037,0.0011,"aoml_navis",1031.22177772835
"7901009",25,0,1,0.029904,1,0.007476,1,130.773939030032,1,4.84857588205073,848,1,6.78999996185303,34.9029998779297,0.0299040004611015,0,126.107002258301,-85.2012,23.5438,108.102540203204,63,63,63,63,61,63,0,8521,1.64861680440262,24,-85,0.001869,51,2024-02-08 16:22:20.001749,848,1.037,0.0011,"aoml_navis",1031.23063795079
"7901009",25,0,1,0.031773,1,0.009345,1,131.072180029263,1,4.84852470862876,850,1,6.77799987792969,34.9029998779297,0.0317730009555817,0,126.394599914551,-85.2012,23.5438,108.102540203204,63,63,63,63,61,63,0,8521,1.64861680440262,24,-85,0.001869,51,2024-02-08 16:22:20.001749,850,1.037,0.0011,"aoml_navis",1031.24152200393
"7901009",25,0,1,0.029904,1,0.007476,1,131.558332795599,1,4.84847138348549,852,1,6.75799989700317,34.9020004272461,0.0299040004611015,0,126.863403320312,-85.2012,23.5438,108.102540203204,63,63,63,63,61,63,0,8521,1.64861680440262,24,-85,0.001869,51,2024-02-08 16:22:20.001749,852,1.037,0.0011,"aoml_navis",1031.2528639502
"7901009",25,0,1,0.031773,1,0.009345,1,132.083577475591,1,4.84839329950896,854,1,6.70900011062622,34.9020004272461,0.0317730009555817,0,127.369903564453,-85.2012,23.5438,108.102540203204,63,63,63,63,61,63,0,8521,1.64861680440262,24,-85,0.001869,51,2024-02-08 16:22:20.001749,854,1.037,0.0011,"aoml_navis",1031.26947240571
"7901009",25,0,1,0.029904,1,0.007476,1,132.345622258474,1,4.84833199484916,856,1,6.68300008773804,34.9020004272461,0.0299040004611015,0,127.622596740723,-85.2012,23.5438,108.102540203204,63,63,63,63,61,63,0,8521,1.64861680440262,24,-85,0.001869,51,2024-02-08 16:22:20.001749,856,1.037,0.0011,"aoml_navis",1031.28251227679
"7901009",25,0,1,0.031773,1,0.009345,1,132.538091188554,1,4.84827941483735,858,1,6.66900014877319,34.9020004272461,0.0317730009555817,0,127.808197021484,-85.2012,23.5438,108.102540203204,63,63,63,63,61,63,0,8521,1.64861680440262,24,-85,0.001869,51,2024-02-08 16:22:20.001749,858,1.037,0.0011,"aoml_navis",1031.29369662531
"7901009",25,0,1,0.029904,1,0.007476,1,132.780332883017,1,4.84823631776444,860,1,6.66300010681152,34.9010009765625,0.0299040004611015,0,128.041793823242,-85.2012,23.5438,108.102540203204,63,63,63,63,61,63,0,8521,1.64861680440262,24,-85,0.001869,51,2024-02-08 16:22:20.001749,860,1.037,0.0011,"aoml_navis",1031.30286402903
"7901009",25,0,1,0.031773,1,0.009345,1,133.183325336775,1,4.84818809585175,862,1,6.65500020980835,34.9010009765625,0.0317730009555817,0,128.430404663086,-85.2012,23.5438,108.102540203204,63,63,63,63,61,63,0,8521,1.64861680440262,24,-85,0.001869,51,2024-02-08 16:22:20.001749,862,1.037,0.0011,"aoml_navis",1031.31312175741
"7901009",25,0,1,0.031773,1,0.009345,1,133.885587316131,1,4.84812979351028,864,1,6.62799978256226,34.9000015258789,0.0317730009555817,0,129.107604980469,-85.2012,23.5438,108.102540203204,63,63,63,63,61,63,0,8521,1.64861680440262,24,-85,0.001869,51,2024-02-08 16:22:20.001749,864,1.037,0.0011,"aoml_navis",1031.3255240594
"7901009",25,0,1,0.031773,1,0.009345,1,134.673501806567,1,4.84803746284165,866,1,6.56400012969971,34.9010009765625,0.0317730009555817,0,129.867401123047,-85.2012,23.5438,108.102540203204,63,63,63,63,61,63,0,8521,1.64861680440262,24,-85,0.001869,51,2024-02-08 16:22:20.001749,866,1.037,0.0011,"aoml_navis",1031.34516561043
"7901009",25,0,1,0.029904,1,0.007476,1,135.101780185451,1,4.84797566198466,868,1,6.53200006484985,34.9000015258789,0.0299040004611015,0,130.280395507812,-85.2012,23.5438,108.102540203204,63,63,63,63,61,63,0,8521,1.64861680440262,24,-85,0.001869,51,2024-02-08 16:22:20.001749,868,1.037,0.0011,"aoml_navis",1031.35831295677
"7901009",25,0,1,0.026166,1,0.003738,1,135.710098148867,1,4.84791022416792,870,1,6.5,34.9000015258789,0.0261659994721413,0,130.867004394531,-85.2012,23.5438,108.102540203204,63,63,63,63,61,63,0,8521,1.64861680440262,24,-85,0.001869,51,2024-02-08 16:22:20.001749,870,1.037,0.0011,"aoml_navis",1031.37223438542
"7901009",25,0,1,0.029904,1,0.007476,1,136.159738229202,1,4.84785127891125,872,1,6.47700023651123,34.9000015258789,0.0299040004611015,0,131.300598144531,-85.2012,23.5438,108.102540203204,63,63,63,63,61,63,0,8521,1.64861680440262,24,-85,0.001869,51,2024-02-08 16:22:20.001749,872,1.037,0.0011,"aoml_navis",1031.38477488998
"7901009",25,0,1,0.029904,1,0.007476,1,136.86480096497,1,4.84780535908165,874,1,6.46700000762939,34.898998260498,0.0299040004611015,0,131.980499267578,-85.2012,23.5438,108.102540203204,63,63,63,63,61,63,0,8521,1.64861680440262,24,-85,0.001869,51,2024-02-08 16:22:20.001749,874,1.037,0.0011,"aoml_navis",1031.39454446809
"7901009",25,0,1,0.028035,1,0.005607,1,137.830571399346,1,4.8477184390739,876,1,6.40999984741211,34.9000015258789,0.0280349999666214,0,132.911804199219,-85.2012,23.5438,108.102540203204,63,63,63,63,61,63,0,8521,1.64861680440262,24,-85,0.001869,51,2024-02-08 16:22:20.001749,876,1.037,0.0011,"aoml_navis",1031.41303746081
"7901009",25,0,1,0.029904,1,0.007476,1,138.474444728067,1,4.84762740492134,878,1,6.34700012207031,34.9010009765625,0.0299040004611015,0,133.532699584961,-85.2012,23.5438,108.102540203204,63,63,63,63,61,63,0,8521,1.64861680440262,24,-85,0.001869,51,2024-02-08 16:22:20.001749,878,1.037,0.0011,"aoml_navis",1031.43240648486
"7901009",25,0,1,0.029904,1,0.007476,1,138.812608373789,1,4.84756504489425,880,1,6.31899976730347,34.9010009765625,0.0299040004611015,0,133.858795166016,-85.2012,23.5438,108.102540203204,63,63,63,63,61,63,0,8521,1.64861680440262,24,-85,0.001869,51,2024-02-08 16:22:20.001749,880,1.037,0.0011,"aoml_navis",1031.44567503355
"7901009",25,0,1,0.026166,1,0.003738,1,139.010892433709,1,4.84751264467785,882,1,6.30499982833862,34.9010009765625,0.0261659994721413,0,134.050003051758,-85.2012,23.5438,108.102540203204,63,63,63,63,61,63,0,8521,1.64861680440262,24,-85,0.001869,51,2024-02-08 16:22:20.001749,882,1.037,0.0011,"aoml_navis",1031.45682466441
"7901009",25,0,1,0.024297,1,0.001869,1,139.171833074795,1,4.84745799059251,884,1,6.29300022125244,34.9020004272461,0.0242970008403063,0,134.205200195312,-85.2012,23.5438,108.102540203204,63,63,63,63,61,63,0,8521,1.64861680440262,24,-85,0.001869,51,2024-02-08 16:22:20.001749,884,1.037,0.0011,"aoml_navis",1031.46845412658
"7901009",25,0,1,0.028035,1,0.005607,1,139.242564041824,1,4.8474105645986,886,1,6.28599977493286,34.9020004272461,0.0280349999666214,0,134.273406982422,-85.2012,23.5438,108.102540203204,63,63,63,63,61,63,0,8521,1.64861680440262,24,-85,0.001869,51,2024-02-08 16:22:20.001749,886,1.037,0.0011,"aoml_navis",1031.47854578603
"7901009",25,0,1,0.031773,1,0.009345,1,139.338485993084,1,4.84736739531203,888,1,6.28499984741211,34.9020004272461,0.0317730009555817,0,134.365905761719,-85.2012,23.5438,108.102540203204,63,63,63,63,61,63,0,8521,1.64861680440262,24,-85,0.001869,51,2024-02-08 16:22:20.001749,888,1.037,0.0011,"aoml_navis",1031.48773184297
"7901009",25,0,1,0.031773,1,0.009345,1,139.591092068621,1,4.84732719786903,890,1,6.28299999237061,34.9010009765625,0.0317730009555817,0,134.609497070312,-85.2012,23.5438,108.102540203204,63,63,63,63,61,63,0,8521,1.64861680440262,24,-85,0.001869,51,2024-02-08 16:22:20.001749,890,1.037,0.0011,"aoml_navis",1031.496285664
"7901009",25,0,1,0.031773,1,0.009345,1,139.897735337091,1,4.84726405073922,892,1,6.25899982452393,34.9020004272461,0.0317730009555817,0,134.905197143555,-85.2012,23.5438,108.102540203204,63,63,63,63,61,63,0,8521,1.64861680440262,24,-85,0.001869,51,2024-02-08 16:22:20.001749,892,1.037,0.0011,"aoml_navis",1031.50972335363
"7901009",25,0,1,0.031773,1,0.009345,1,139.971773411974,1,4.84721451111708,894,1,6.24900007247925,34.9020004272461,0.0317730009555817,0,134.976593017578,-85.2012,23.5438,108.102540203204,63,63,63,63,61,63,0,8521,1.64861680440262,24,-85,0.001869,51,2024-02-08 16:22:20.001749,894,1.037,0.0011,"aoml_navis",1031.52026561492
"7901009",25,0,1,0.029904,1,0.007476,1,140.086272131755,1,4.84716922363796,896.099975585938,1,6.2480001449585,34.9020004272461,0.0299040004611015,0,135.087005615234,-85.2012,23.5438,108.102540203204,63,63,63,63,61,63,0,8521,1.64861680440262,24,-85,0.001869,51,2024-02-08 16:22:20.001749,896.099975585938,1.037,0.0011,"aoml_navis",1031.52990318901
"7901009",25,0,1,0.029904,1,0.007476,1,140.410226290142,1,4.84712903094904,898.099975585938,1,6.24599981307983,34.9010009765625,0.0299040004611015,0,135.399398803711,-85.2012,23.5438,108.102540203204,63,63,63,63,61,63,0,8521,1.64861680440262,24,-85,0.001869,51,2024-02-08 16:22:20.001749,898.099975585938,1.037,0.0011,"aoml_navis",1031.53845669774
"7901009",25,0,1,0.029904,1,0.007476,1,140.94968045747,1,4.84706520635941,900,1,6.21799993515015,34.9020004272461,0.0299040004611015,0,135.91960144043,-85.2012,23.5438,108.102540203204,63,63,63,63,61,63,0,8521,1.64861680440262,24,-85,0.001869,51,2024-02-08 16:22:20.001749,900,1.037,0.0011,"aoml_navis",1031.55203966308
"7901009",25,0,1,0.029904,1,0.007476,1,141.226448990872,1,4.84700281959137,902,1,6.19500017166138,34.9029998779297,0.0299040004611015,0,136.186492919922,-85.2012,23.5438,108.102540203204,63,63,63,63,61,63,0,8521,1.64861680440262,24,-85,0.001869,51,2024-02-08 16:22:20.001749,902,1.037,0.0011,"aoml_navis",1031.56531698109
"7901009",25,0,1,0.028035,1,0.005607,1,141.606212572237,1,4.84695047952824,904,1,6.18100023269653,34.9029998779297,0.0280349999666214,0,136.552703857422,-85.2012,23.5438,108.102540203204,63,63,63,63,61,63,0,8521,1.64861680440262,24,-85,0.001869,51,2024-02-08 16:22:20.001749,904,1.037,0.0011,"aoml_navis",1031.57645639628
"7901009",25,0,1,0.028035,1,0.005607,1,141.921764461386,1,4.84688460068116,906,1,6.15299987792969,34.9039993286133,0.0280349999666214,0,136.856994628906,-85.2012,23.5438,108.102540203204,63,63,63,63,61,63,0,8521,1.64861680440262,24,-85,0.001869,51,2024-02-08 16:22:20.001749,906,1.037,0.0011,"aoml_navis",1031.59047758169
"7901009",25,0,1,0.028035,1,0.005607,1,142.093180247924,1,4.84683368902626,908,1,6.14099979400635,34.9039993286133,0.0280349999666214,0,137.02229309082,-85.2012,23.5438,108.102540203204,63,63,63,63,61,63,0,8521,1.64861680440262,24,-85,0.001869,51,2024-02-08 16:22:20.001749,908,1.037,0.0011,"aoml_navis",1031.60131351743
"7901009",25,0,1,0.026166,1,0.003738,1,142.201871749607,1,4.84678982094634,910,1,6.13899993896484,34.9039993286133,0.0261659994721413,0,137.127105712891,-85.2012,23.5438,108.102540203204,63,63,63,63,61,63,0,8521,1.64861680440262,24,-85,0.001869,51,2024-02-08 16:22:20.001749,910,1.037,0.0011,"aoml_navis",1031.61065049521
"7901009",25,0,1,0.028035,1,0.005607,1,142.435916880105,1,4.84675104204737,912,1,6.13899993896484,34.9029998779297,0.0280349999666214,0,137.352798461914,-85.2012,23.5438,108.102540203204,63,63,63,63,61,63,0,8521,1.64861680440262,24,-85,0.001869,51,2024-02-08 16:22:20.001749,912,1.037,0.0011,"aoml_navis",1031.61890442136
"7901009",25,0,1,0.031773,1,0.009345,1,142.931508353786,1,4.84670647367642,914,1,6.13600015640259,34.9029998779297,0.0317730009555817,0,137.830703735352,-85.2012,23.5438,108.102540203204,63,63,63,63,61,63,0,8521,1.64861680440262,24,-85,0.001869,51,2024-02-08 16:22:20.001749,914,1.037,0.0011,"aoml_navis",1031.6283907755
"7901009",25,0,1,0.028035,1,0.005607,1,143.902658772231,1,4.84664939868371,916,1,6.1100001335144,34.9020004272461,0.0280349999666214,0,138.767196655273,-85.2012,23.5438,108.102540203204,63,63,63,63,61,63,0,8521,1.64861680440262,24,-85,0.001869,51,2024-02-08 16:22:20.001749,916,1.037,0.0011,"aoml_navis",1031.64053941222
"7901009",25,0,1,0.031773,1,0.009345,1,144.823522163109,1,4.84654118885051,918,1,6.03200006484985,34.9049987792969,0.0317730009555817,0,139.655197143555,-85.2012,23.5438,108.102540203204,63,63,63,63,61,63,0,8521,1.64861680440262,24,-85,0.001869,51,2024-02-08 16:22:20.001749,918,1.037,0.0011,"aoml_navis",1031.66357308642
"7901009",25,0,1,0.029904,1,0.007476,1,145.152255013228,1,4.84648683160297,920,1,6.0149998664856,34.9049987792969,0.0299040004611015,0,139.972198486328,-85.2012,23.5438,108.102540203204,63,63,63,63,61,63,0,8521,1.64861680440262,24,-85,0.001869,51,2024-02-08 16:22:20.001749,920,1.037,0.0011,"aoml_navis",1031.67514402309
"7901009",25,0,1,0.031773,1,0.009345,1,145.503900266089,1,4.84643597671255,922,1,6.00299978256226,34.9049987792969,0.0317730009555817,0,140.311294555664,-85.2012,23.5438,108.102540203204,63,63,63,63,61,63,0,8521,1.64861680440262,24,-85,0.001869,51,2024-02-08 16:22:20.001749,922,1.037,0.0011,"aoml_navis",1031.68596965385
"7901009",25,0,1,0.029904,1,0.007476,1,145.747597720947,1,4.84637586383481,924,1,5.98299980163574,34.9059982299805,0.0299040004611015,0,140.546295166016,-85.2012,23.5438,108.102540203204,63,63,63,63,61,63,0,8521,1.64861680440262,24,-85,0.001869,51,2024-02-08 16:22:20.001749,924,1.037,0.0011,"aoml_navis",1031.69876635273
"7901009",25,0,1,0.029904,1,0.007476,1,145.860324210682,1,4.84632850958614,926,1,5.97599983215332,34.9059982299805,0.0299040004611015,0,140.654998779297,-85.2012,23.5438,108.102540203204,63,63,63,63,61,63,0,8521,1.64861680440262,24,-85,0.001869,51,2024-02-08 16:22:20.001749,926,1.037,0.0011,"aoml_navis",1031.70884724589
"7901009",25,0,1,0.033642,1,0.011214,1,145.924520079415,1,4.84628185499267,928,1,5.96999979019165,34.9059982299805,0.0336420014500618,0,140.716903686523,-85.2012,23.5438,108.102540203204,63,63,63,63,61,63,0,8521,1.64861680440262,24,-85,0.001869,51,2024-02-08 16:22:20.001749,928,1.037,0.0011,"aoml_navis",1031.71877938733
"7901009",25,0,1,0.029904,1,0.007476,1,146.04139232158,1,4.84623360148998,930,1,5.96700000762939,34.9070014953613,0.0299040004611015,0,140.829605102539,-85.2012,23.5438,108.102540203204,63,63,63,63,61,63,0,8521,1.64861680440262,24,-85,0.001869,51,2024-02-08 16:22:20.001749,930,1.037,0.0011,"aoml_navis",1031.72905211642
"7901009",25,0,1,0.029904,1,0.007476,1,146.215703805427,1,4.8461890433533,932,1,5.96400022506714,34.9070014953613,0.0299040004611015,0,140.997695922852,-85.2012,23.5438,108.102540203204,63,63,63,63,61,63,0,8521,1.64861680440262,24,-85,0.001869,51,2024-02-08 16:22:20.001749,932,1.037,0.0011,"aoml_navis",1031.73853831758
"7901009",25,0,1,0.024297,1,0.001869,1,146.475477918562,1,4.84614817994433,934,1,5.96099996566772,34.9059982299805,0.0242970008403063,0,141.248199462891,-85.2012,23.5438,108.102540203204,63,63,63,63,61,63,0,8521,1.64861680440262,24,-85,0.001869,51,2024-02-08 16:22:20.001749,934,1.037,0.0011,"aoml_navis",1031.7472380833
"7901009",25,0,1,0.031773,1,0.009345,1,146.858548607781,1,4.84609156357305,936,1,5.94600009918213,34.9070014953613,0.0317730009555817,0,141.617599487305,-85.2012,23.5438,108.102540203204,63,63,63,63,61,63,0,8521,1.64861680440262,24,-85,0.001869,51,2024-02-08 16:22:20.001749,936,1.037,0.0011,"aoml_navis",1031.75929187633
"7901009",25,0,1,0.026166,1,0.003738,1,147.23456202378,1,4.84604652131736,938,1,5.93699979782104,34.9059982299805,0.0261659994721413,0,141.980194091797,-85.2012,23.5438,108.102540203204,63,63,63,63,61,63,0,8521,1.64861680440262,24,-85,0.001869,51,2024-02-08 16:22:20.001749,938,1.037,0.0011,"aoml_navis",1031.76888170706
"7901009",25,0,1,0.029904,1,0.007476,1,147.727764151594,1,4.84599430686984,940,1,5.9229998588562,34.9059982299805,0.0299040004611015,0,142.455795288086,-85.2012,23.5438,108.102540203204,63,63,63,63,61,63,0,8521,1.64861680440262,24,-85,0.001869,51,2024-02-08 16:22:20.001749,940,1.037,0.0011,"aoml_navis",1031.7799987738
"7901009",25,0,1,0.031773,1,0.009345,1,148.156881175054,1,4.84592359978115,942,1,5.89300012588501,34.9080009460449,0.0317730009555817,0,142.869598388672,-85.2012,23.5438,108.102540203204,63,63,63,63,61,63,0,8521,1.64861680440262,24,-85,0.001869,51,2024-02-08 16:22:20.001749,942,1.037,0.0011,"aoml_navis",1031.79505352206
"7901009",25,0,1,0.028035,1,0.005607,1,148.394771411814,1,4.84587557513158,944,1,5.88500022888184,34.9080009460449,0.0280349999666214,0,143.098999023438,-85.2012,23.5438,108.102540203204,63,63,63,63,61,63,0,8521,1.64861680440262,24,-85,0.001869,51,2024-02-08 16:22:20.001749,944,1.037,0.0011,"aoml_navis",1031.8052790417
"7901009",25,0,1,0.026166,1,0.003738,1,148.752856822075,1,4.84583470588193,946,1,5.88199996948242,34.9070014953613,0.0261659994721413,0,143.444305419922,-85.2012,23.5438,108.102540203204,63,63,63,63,61,63,0,8521,1.64861680440262,24,-85,0.001869,51,2024-02-08 16:22:20.001749,946,1.037,0.0011,"aoml_navis",1031.81398117665
"7901009",25,0,1,0.033642,1,0.011214,1,149.343848072091,1,4.84578092216579,948,1,5.87099981307983,34.9080009460449,0.0336420014500618,0,144.014205932617,-85.2012,23.5438,108.102540203204,63,63,63,63,61,63,0,8521,1.64861680440262,24,-85,0.001869,51,2024-02-08 16:22:20.001749,948,1.037,0.0011,"aoml_navis",1031.82543336385
"7901009",25,0,1,0.026166,1,0.003738,1,149.967388225727,1,4.84572964336243,950,1,5.85300016403198,34.9070014953613,0.0261659994721413,0,144.615493774414,-85.2012,23.5438,108.102540203204,63,63,63,63,61,63,0,8521,1.64861680440262,24,-85,0.001869,51,2024-02-08 16:22:20.001749,950,1.037,0.0011,"aoml_navis",1031.83635241576
"7901009",25,0,1,0.026166,1,0.003738,1,150.366440632328,1,4.84567053866168,952,1,5.8289999961853,34.9070014953613,0.0261659994721413,0,145.000305175781,-85.2012,23.5438,108.102540203204,63,63,63,63,61,63,0,8521,1.64861680440262,24,-85,0.001869,51,2024-02-08 16:22:20.001749,952,1.037,0.0011,"aoml_navis",1031.84893816181
"7901009",25,0,1,0.028035,1,0.005607,1,150.488487153289,1,4.84561677455479,954,1,5.81799983978271,34.9080009460449,0.0280349999666214,0,145.11799621582,-85.2012,23.5438,108.102540203204,63,63,63,63,61,63,0,8521,1.64861680440262,24,-85,0.001869,51,2024-02-08 16:22:20.001749,954,1.037,0.0011,"aoml_navis",1031.86038694927
"7901009",25,0,1,0.029904,1,0.007476,1,150.607432271669,1,4.84557223308502,956,1,5.81500005722046,34.9080009460449,0.0299040004611015,0,145.232696533203,-85.2012,23.5438,108.102540203204,63,63,63,63,61,63,0,8521,1.64861680440262,24,-85,0.001869,51,2024-02-08 16:22:20.001749,956,1.037,0.0011,"aoml_navis",1031.86987201647
"7901009",25,0,1,0.026166,1,0.003738,1,150.788500382567,1,4.84552838599357,958,1,5.81300020217896,34.9080009460449,0.0261659994721413,0,145.407302856445,-85.2012,23.5438,108.102540203204,63,63,63,63,61,63,0,8521,1.64861680440262,24,-85,0.001869,51,2024-02-08 16:22:20.001749,958,1.037,0.0011,"aoml_navis",1031.87920938673
"7901009",25,0,1,0.026166,1,0.003738,1,151.189720606279,1,4.84547047596795,960,1,5.7960000038147,34.9090003967285,0.0261659994721413,0,145.794204711914,-85.2012,23.5438,108.102540203204,63,63,63,63,61,63,0,8521,1.64861680440262,24,-85,0.001869,51,2024-02-08 16:22:20.001749,960,1.037,0.0011,"aoml_navis",1031.89154176018
"7901009",25,0,1,0.029904,1,0.007476,1,151.411012009836,1,4.84540198579558,962,1,5.76900005340576,34.9109992980957,0.0299040004611015,0,146.007598876953,-85.2012,23.5438,108.102540203204,63,63,63,63,61,63,0,8521,1.64861680440262,24,-85,0.001869,51,2024-02-08 16:22:20.001749,962,1.037,0.0011,"aoml_navis",1031.90612763557
"7901009",25,0,1,0.031773,1,0.009345,1,151.691309179848,1,4.84534916254304,964,1,5.75400018692017,34.9109992980957,0.0317730009555817,0,146.277893066406,-85.2012,23.5438,108.102540203204,63,63,63,63,61,63,0,8521,1.64861680440262,24,-85,0.001869,51,2024-02-08 16:22:20.001749,964,1.037,0.0011,"aoml_navis",1031.91737731771
"7901009",25,0,1,0.029904,1,0.007476,1,151.857756392864,1,4.84530324725884,966,1,5.74900007247925,34.9109992980957,0.0299040004611015,0,146.438400268555,-85.2012,23.5438,108.102540203204,63,63,63,63,61,63,0,8521,1.64861680440262,24,-85,0.001869,51,2024-02-08 16:22:20.001749,966,1.037,0.0011,"aoml_navis",1031.92715602035
"7901009",25,0,1,0.031773,1,0.009345,1,152.049711059761,1,4.8452580239958,968,1,5.74499988555908,34.9109992980957,0.0317730009555817,0,146.623504638672,-85.2012,23.5438,108.102540203204,63,63,63,63,61,63,0,8521,1.64861680440262,24,-85,0.001869,51,2024-02-08 16:22:20.001749,968,1.037,0.0011,"aoml_navis",1031.93678752253
"7901009",25,0,1,0.026166,1,0.003738,1,152.153513105334,1,4.84521418337157,970,1,5.74300003051758,34.9109992980957,0.0261659994721413,0,146.723602294922,-85.2012,23.5438,108.102540203204,63,63,63,63,61,63,0,8521,1.64861680440262,24,-85,0.001869,51,2024-02-08 16:22:20.001749,970,1.037,0.0011,"aoml_navis",1031.94612472647
"7901009",25,0,1,0.029904,1,0.007476,1,152.264166718854,1,4.84517034469916,972,1,5.74100017547607,34.9109992980957,0.0299040004611015,0,146.830307006836,-85.2012,23.5438,108.102540203204,63,63,63,63,61,63,0,8521,1.64861680440262,24,-85,0.001869,51,2024-02-08 16:22:20.001749,972,1.037,0.0011,"aoml_navis",1031.95546168366
"7901009",25,0,1,0.029904,1,0.007476,1,152.395754799797,1,4.84512581715882,974,1,5.73799991607666,34.9109992980957,0.0299040004611015,0,146.95719909668,-85.2012,23.5438,108.102540203204,63,63,63,63,61,63,0,8521,1.64861680440262,24,-85,0.001869,51,2024-02-08 16:22:20.001749,974,1.037,0.0011,"aoml_navis",1031.964945532
"7901009",25,0,1,0.031773,1,0.009345,1,152.517611438967,1,4.84507991050106,976,1,5.73299980163574,34.9109992980957,0.0317730009555817,0,147.07470703125,-85.2012,23.5438,108.102540203204,63,63,63,63,61,63,0,8521,1.64861680440262,24,-85,0.001869,51,2024-02-08 16:22:20.001749,976,1.037,0.0011,"aoml_navis",1031.97472329882
"7901009",25,0,1,0.029904,1,0.007476,1,152.580130018549,1,4.84503262503968,978,1,5.72599983215332,34.9109992980957,0.0299040004611015,0,147.134994506836,-85.2012,23.5438,108.102540203204,63,63,63,63,61,63,0,8521,1.64861680440262,24,-85,0.001869,51,2024-02-08 16:22:20.001749,978,1.037,0.0011,"aoml_navis",1031.98479493398
"7901009",25,0,1,0.026166,1,0.003738,1,155.888820221188,1,4.84451444406543,999,1,5.64219999313354,34.9150009155273,0.0261659994721413,0,150.325607299805,-85.2012,23.5438,108.102540203204,63,63,63,63,61,63,0,8521,1.64861680440262,24,-85,0.001869,51,2024-02-08 16:22:20.001749,999,1.037,0.0011,"aoml_navis",1032.09517852197
"7901009",25,0,1,0.033642,1,0.011214,1,161.956967546916,1,4.84328330149778,1048.80004882812,1,5.42500019073486,34.9220008850098,0.0336420014500618,0,156.177200317383,-85.2012,23.5438,108.102540203204,63,63,63,63,61,63,0,8521,1.64861680440262,24,-85,0.001869,51,2024-02-08 16:22:20.001749,1048.80004882812,1.037,0.0011,"aoml_navis",1032.35753284425
"7901009",25,0,1,0.031773,1,0.009345,1,167.010718876372,1,4.84208296506225,1099.80004882812,1,5.27720022201538,34.9269981384277,0.0317730009555817,0,161.050598144531,-85.2012,23.5438,108.102540203204,63,63,63,63,61,63,0,8521,1.64861680440262,24,-85,0.001869,51,2024-02-08 16:22:20.001749,1099.80004882812,1.037,0.0011,"aoml_navis",1032.61345087996
"7901009",25,0,1,0.026166,1,0.003738,1,176.042746896342,1,4.84084449833404,1149.40002441406,1,5.04360008239746,34.935001373291,0.0261659994721413,0,169.760299682617,-85.2012,23.5438,108.102540203204,63,63,63,63,61,63,0,8521,1.64861680440262,24,-85,0.001869,51,2024-02-08 16:22:20.001749,1149.40002441406,1.037,0.0011,"aoml_navis",1032.87763152085
"7901009",25,0,1,0.029904,1,0.007476,1,186.458870759043,1,4.83953053785567,1199.5,1,4.72599983215332,34.9459991455078,0.0299040004611015,0,179.804702758789,-85.2012,23.5438,108.102540203204,63,63,63,63,61,63,0,8521,1.64861680440262,24,-85,0.001869,51,2024-02-08 16:22:20.001749,1199.5,1.037,0.0011,"aoml_navis",1033.15806376034
"7901009",25,0,1,0.033642,1,0.011214,1,194.063763063728,1,4.83831756666521,1249.30004882812,1,4.53079986572266,34.9539985656738,0.0336420014500618,0,187.138198852539,-85.2012,23.5438,108.102540203204,63,63,63,63,61,63,0,8521,1.64861680440262,24,-85,0.001869,51,2024-02-08 16:22:20.001749,1249.30004882812,1.037,0.0011,"aoml_navis",1033.41707754959
"7901009",25,0,1,0.028035,1,0.005607,1,197.034685207708,1,4.8371494245037,1299.59997558594,1,4.40659999847412,34.9599990844727,0.0280349999666214,0,190.00309753418,-85.2012,23.5438,108.102540203204,63,63,63,63,61,63,0,8521,1.64861680440262,24,-85,0.001869,51,2024-02-08 16:22:20.001749,1299.59997558594,1.037,0.0011,"aoml_navis",1033.66664148751
"7901009",25,0,1,0.031773,1,0.009345,1,198.399808694853,1,4.83608743701115,1349,1,4.3850998878479,34.9609985351562,0.0317730009555817,0,191.31950378418,-85.2012,23.5438,108.102540203204,63,63,63,63,61,63,0,8521,1.64861680440262,24,-85,0.001869,51,2024-02-08 16:22:20.001749,1349,1.037,0.0011,"aoml_navis",1033.89363098244
"7901009",25,0,1,0.028035,1,0.005607,1,199.913008331765,1,4.83500705739367,1399.19995117188,1,4.35930013656616,34.9620018005371,0.0280349999666214,0,192.778701782227,-85.2012,23.5438,108.102540203204,63,63,63,63,61,63,0,8521,1.64861680440262,24,-85,0.001869,51,2024-02-08 16:22:20.001749,1399.19995117188,1.037,0.0011,"aoml_navis",1034.12465393489
"7901009",25,0,1,0.029904,1,0.007476,1,201.449120371419,1,4.83392397333774,1448.90002441406,1,4.3225998878479,34.9650001525879,0.0299040004611015,0,194.259994506836,-85.2012,23.5438,108.102540203204,63,63,63,63,61,63,0,8521,1.64861680440262,24,-85,0.001869,51,2024-02-08 16:22:20.001749,1448.90002441406,1.037,0.0011,"aoml_navis",1034.356358846
"7901009",25,0,1,0.029904,1,0.007476,1,202.288271298374,1,4.83284838998415,1499.5,1,4.30700016021729,34.9650001525879,0.0299040004611015,0,195.069198608398,-85.2012,23.5438,108.102540203204,63,63,63,63,61,63,0,8521,1.64861680440262,24,-85,0.001869,51,2024-02-08 16:22:20.001749,1499.5,1.037,0.0011,"aoml_navis",1034.58656190462
"7901009",25,0,1,0.033642,1,0.011214,1,202.271988934823,1,4.83180909686368,1548.90002441406,1,4.31099987030029,34.9659996032715,0.0336420014500618,0,195.053497314453,-85.2012,23.5438,108.102540203204,63,63,63,63,61,63,0,8521,1.64861680440262,24,-85,0.001869,51,2024-02-08 16:22:20.001749,1548.90002441406,1.037,0.0011,"aoml_navis",1034.80909526113
"7901009",25,0,1,0.033642,1,0.011214,1,202.176066983564,1,4.83075087772482,1599.59997558594,1,4.31419992446899,34.9650001525879,0.0336420014500618,0,194.960998535156,-85.2012,23.5438,108.102540203204,63,63,63,63,61,63,0,8521,1.64861680440262,24,-85,0.001869,51,2024-02-08 16:22:20.001749,1599.59997558594,1.037,0.0011,"aoml_navis",1035.03577943868
"7901009",25,0,1,0.031773,1,0.009345,1,202.73376562628,1,4.82971988097458,1648.69995117188,1,4.31120014190674,34.9650001525879,0.0317730009555817,0,195.498794555664,-85.2012,23.5438,108.102540203204,63,63,63,63,61,63,0,8521,1.64861680440262,24,-85,0.001869,51,2024-02-08 16:22:20.001749,1648.69995117188,1.037,0.0011,"aoml_navis",1035.25672776514
"7901009",25,0,1,0.026166,1,0.003738,1,203.269596216103,1,4.82863856343291,1700,1,4.30509996414185,34.9659996032715,0.0261659994721413,0,196.015502929688,-85.2012,23.5438,108.102540203204,63,63,63,63,61,63,0,8521,1.64861680440262,24,-85,0.001869,51,2024-02-08 16:22:20.001749,1700,1.037,0.0011,"aoml_navis",1035.48856148911
"7901009",25,0,1,0.029904,1,0.007476,1,203.590654677182,1,4.82759328943,1749.80004882812,1,4.30350017547607,34.9669990539551,0.0299040004611015,0,196.325103759766,-85.2012,23.5438,108.102540203204,63,63,63,63,61,63,0,8521,1.64861680440262,24,-85,0.001869,51,2024-02-08 16:22:20.001749,1749.80004882812,1.037,0.0011,"aoml_navis",1035.71276622401
"7901009",25,0,1,0.029904,1,0.007476,1,203.87074614192,1,4.82656759518492,1799,1,4.30459976196289,34.9669990539551,0.0299040004611015,0,196.595199584961,-85.2012,23.5438,108.102540203204,63,63,63,63,61,63,0,8521,1.64861680440262,24,-85,0.001869,51,2024-02-08 16:22:20.001749,1799,1.037,0.0011,"aoml_navis",1035.93286562237
"7901009",25,0,1,0.031773,1,0.009345,1,204.179984461529,1,4.82553360079926,1848.59997558594,1,4.30359983444214,34.9669990539551,0.0317730009555817,0,196.893402099609,-85.2012,23.5438,108.102540203204,63,63,63,63,61,63,0,8521,1.64861680440262,24,-85,0.001869,51,2024-02-08 16:22:20.001749,1848.59997558594,1.037,0.0011,"aoml_navis",1036.1548408184
"7901009",25,0,1,0.026166,1,0.003738,1,204.456135879111,1,4.82448906263017,1898.90002441406,1,4.3060998916626,34.9669990539551,0.0261659994721413,0,197.159698486328,-85.2012,23.5438,108.102540203204,63,63,63,63,61,63,0,8521,1.64861680440262,24,-85,0.001869,51,2024-02-08 16:22:20.001749,1898.90002441406,1.037,0.0011,"aoml_navis",1036.3791761348
"7901009",25,0,1,0.024297,1,0.001869,1,204.866169782607,1,4.82342572521803,1949.80004882812,1,4.30259990692139,34.9679985046387,0.0242970008403063,0,197.555099487305,-85.2012,23.5438,108.102540203204,63,63,63,63,61,63,0,8521,1.64861680440262,24,-85,0.001869,51,2024-02-08 16:22:20.001749,1949.80004882812,1.037,0.0011,"aoml_navis",1036.60764876274
"7901009",25,0,1,0.026166,1,0.003738,1,203.092673857635,1,4.82239054955051,1999.69995117188,1,4.30219984054565,34.9679985046387,0.0261659994721413,0,195.84489440918,-85.2012,23.5438,108.102540203204,63,63,63,63,61,63,0,8521,1.64861680440262,24,-85,0.001869,51,2024-02-08 16:22:20.001749,1999.69995117188,1.037,0.0011,"aoml_navis",1036.83016724268
"7901009",26,0.114199629720834,5,0.235494,1,0.213066,1,196.983209123524,1,4.88368504676953,2.29999995231628,1,26.2849998474121,36.1440010070801,0.235494002699852,0.222411006689072,189.953399658203,-85.2402,23.3398,15.8983046734394,63,63,63,63,61,63,0.233625,8764,2.04575969791764,23,-85,0.001869,51,2024-02-18 23:08:52.002479,2.29999995231628,1.037,0.0011,"aoml_navis",1023.81704637309
"7901009",26,0.114199629720834,5,0.248577,1,0.226149,1,197.011833812334,1,4.8836523144349,4,1,26.2840003967285,36.1430015563965,0.248576998710632,0.235494002699852,189.981002807617,-85.2402,23.3398,15.8983046734394,63,63,63,63,61,63,0.233625,8764,2.04575969791764,23,-85,0.001869,51,2024-02-18 23:08:52.002479,4,1.037,0.0011,"aoml_navis",1023.82390843451
"7901009",26,0.114199629720834,5,0.241101,1,0.218673,1,196.995140033067,1,4.88361134446211,6,1,26.2840003967285,36.1430015563965,0.241100996732712,0.228018000721931,189.964904785156,-85.2402,23.3398,15.8983046734394,63,63,63,63,61,63,0.233625,8764,2.04575969791764,23,-85,0.001869,51,2024-02-18 23:08:52.002479,6,1.037,0.0011,"aoml_navis",1023.83249757782
"7901009",26,0.114199629720834,5,0.244839,1,0.222411,1,196.927826917425,1,4.88356376931584,8,1,26.2819995880127,36.1440010070801,0.244838997721672,0.231756001710892,189.899993896484,-85.2402,23.3398,15.8983046734394,63,63,63,63,61,63,0.233625,8764,2.04575969791764,23,-85,0.001869,51,2024-02-18 23:08:52.002479,8,1.037,0.0011,"aoml_navis",1023.84247164248
"7901009",26,0.114199629720834,5,0.254184,1,0.231756,1,196.853377408941,1,4.88352125509213,9.89999961853027,1,26.2819995880127,36.1450004577637,0.254184007644653,0.241100996732712,189.828201293945,-85.2402,23.3398,15.8983046734394,63,63,63,63,61,63,0.233625,8764,2.04575969791764,23,-85,0.001869,51,2024-02-18 23:08:52.002479,9.89999961853027,1.037,0.0011,"aoml_navis",1023.85138485604
"7901009",26,0.114199629720834,5,0.265398,1,0.24297,1,196.834705693742,1,4.88347314325146,12,1,26.2810001373291,36.1459999084473,0.265397995710373,0.252315014600754,189.810195922852,-85.2402,23.3398,15.8983046734394,63,63,63,63,61,63,0.233625,8764,2.04575969791764,23,-85,0.001869,51,2024-02-18 23:08:52.002479,12,1.037,0.0011,"aoml_navis",1023.86147181122
"7901009",26,0.114199629720834,4,0.256053,1,0.233625,1,196.764196233635,1,4.88340994401913,14,1,26.2709999084473,36.1479988098145,0.256053000688553,0.242970004677773,189.742202758789,-85.2402,23.3398,15.8983046734394,63,63,63,63,61,63,0.233625,8764,2.04575969791764,23,-85,0.001869,51,2024-02-18 23:08:52.002479,14,1.037,0.0011,"aoml_navis",1023.87472223659
"7901009",26,0.118767614909667,1,0.265398,1,0.24297,1,196.97937983956,1,4.8832554033835,16,1,26.2169990539551,36.1570014953613,0.265397995710373,0.252315014600754,189.94970703125,-85.2402,23.3398,15.8983046734394,63,63,63,63,61,63,0.24297,8764,2.04575969791764,23,-85,0.001869,51,2024-02-18 23:08:52.002479,16,1.037,0.0011,"aoml_navis",1023.90712485274
"7901009",26,0.119681211947434,1,0.267267,1,0.244839,1,197.167790104708,1,4.88313398773768,18,1,26.1730003356934,36.1609992980957,0.267266988754272,0.254184007644653,190.131393432617,-85.2402,23.3398,15.8983046734394,63,63,63,63,61,63,0.244839,8764,2.04575969791764,23,-85,0.001869,51,2024-02-18 23:08:52.002479,18,1.037,0.0011,"aoml_navis",1023.93258357354
"7901009",26,0.128817182325101,1,0.285957,1,0.263529,1,197.098831346371,1,4.8830324266093,20,1,26.1590003967285,36.1720008850098,0.285957008600235,0.272873997688293,190.064895629883,-85.2402,23.3398,15.8983046734394,63,63,63,63,61,63,0.263529,8764,2.04575969791764,23,-85,0.001869,51,2024-02-18 23:08:52.002479,20,1.037,0.0011,"aoml_navis",1023.95388012443
"7901009",26,0.136125958627234,1,0.300909,1,0.278481,1,196.851715942758,1,4.8829398872126,22,1,26.1509990692139,36.1829986572266,0.300909012556076,0.287826001644135,189.826599121094,-85.2402,23.3398,15.8983046734394,63,63,63,63,61,63,0.278481,8764,2.04575969791764,23,-85,0.001869,51,2024-02-18 23:08:52.002479,22,1.037,0.0011,"aoml_navis",1023.97328566218
"7901009",26,0.142521137891601,1,0.313992,1,0.291564,1,196.720539231741,1,4.88290432304808,24,1,26.1450004577637,36.1790008544922,0.313991993665695,0.300909012556076,189.700103759766,-85.2402,23.3398,15.8983046734394,63,63,63,63,61,63,0.291564,8764,2.04575969791764,23,-85,0.001869,51,2024-02-18 23:08:52.002479,24,1.037,0.0011,"aoml_navis",1023.98074367323
"7901009",26,0.142521137891601,1,0.313992,1,0.291564,1,196.519153706878,1,4.88284177837156,26,1,26.1450004577637,36.185001373291,0.313991993665695,0.300909012556076,189.505905151367,-85.2402,23.3398,15.8983046734394,63,63,63,63,61,63,0.291564,8764,2.04575969791764,23,-85,0.001869,51,2024-02-18 23:08:52.002479,26,1.037,0.0011,"aoml_navis",1023.99385991727
"7901009",26,0.161706675684701,1,0.353241,1,0.330813,1,196.176306204152,1,4.88276425372017,28,1,26.1469993591309,36.1959991455078,0.353240996599197,0.340157985687256,189.17529296875,-85.2402,23.3398,15.8983046734394,63,63,63,63,61,63,0.330813,8764,2.04575969791764,23,-85,0.001869,51,2024-02-18 23:08:52.002479,28,1.037,0.0011,"aoml_navis",1024.0101180782
"7901009",26,0.170842646062368,1,0.371931,1,0.349503,1,196.328654741386,1,4.88264982770216,30,1,26.1100006103516,36.201000213623,0.371930986642838,0.358848005533218,189.322204589844,-85.2402,23.3398,15.8983046734394,63,63,63,63,61,63,0.349503,8764,2.04575969791764,23,-85,0.001869,51,2024-02-18 23:08:52.002479,30,1.037,0.0011,"aoml_navis",1024.03411599006
"7901009",26,0.165361063835767,1,0.360717,1,0.338289,1,196.518726472717,1,4.8825600368426,32,1,26.0750007629395,36.2000007629395,0.360716998577118,0.347633987665176,189.505493164062,-85.2402,23.3398,15.8983046734394,63,63,63,63,61,63,0.338289,8764,2.04575969791764,23,-85,0.001869,51,2024-02-18 23:08:52.002479,32,1.037,0.0011,"aoml_navis",1024.0529480992
"7901009",26,0.164447466798001,1,0.358848,1,0.33642,1,196.792915863369,1,4.88244186114709,34,1,26.0209999084473,36.1990013122559,0.358848005533218,0.345764994621277,189.769897460938,-85.2402,23.3398,15.8983046734394,63,63,63,63,61,63,0.33642,8764,2.04575969791764,23,-85,0.001869,51,2024-02-18 23:08:52.002479,34,1.037,0.0011,"aoml_navis",1024.07773450175
"7901009",26,0.169929049024601,1,0.370062,1,0.347634,1,196.952100147184,1,4.88233541349914,36,1,25.9820003509521,36.201000213623,0.370061993598938,0.356979012489319,189.923400878906,-85.2402,23.3398,15.8983046734394,63,63,63,63,61,63,0.347634,8764,2.04575969791764,23,-85,0.001869,51,2024-02-18 23:08:52.002479,36,1.037,0.0011,"aoml_navis",1024.10006206774
"7901009",26,0.165361063835767,1,0.360717,1,0.338289,1,197.432437932423,1,4.88218696189227,38,1,25.9099998474121,36.201000213623,0.360716998577118,0.347633987665176,190.386596679688,-85.2402,23.3398,15.8983046734394,63,63,63,63,61,63,0.338289,8764,2.04575969791764,23,-85,0.001869,51,2024-02-18 23:08:52.002479,38,1.037,0.0011,"aoml_navis",1024.13120165764
"7901009",26,0.143434734929367,1,0.315861,1,0.293433,1,197.838848384264,1,4.88211182099701,40,1,25.875,36.1959991455078,0.315860986709595,0.302778005599976,190.778503417969,-85.2402,23.3398,15.8983046734394,63,63,63,63,61,63,0.293433,8764,2.04575969791764,23,-85,0.001869,51,2024-02-18 23:08:52.002479,40,1.037,0.0011,"aoml_navis",1024.14696412646
"7901009",26,0.135212361589467,1,0.29904,1,0.276612,1,197.867568013998,1,4.88204764644162,42,1,25.8570003509521,36.1949996948242,0.299039989709854,0.285957008600235,190.806198120117,-85.2402,23.3398,15.8983046734394,63,63,63,63,61,63,0.276612,8764,2.04575969791764,23,-85,0.001869,51,2024-02-18 23:08:52.002479,42,1.037,0.0011,"aoml_navis",1024.1604265465
"7901009",26,0.125162794174034,4,0.278481,1,0.256053,1,197.860621503004,1,4.8819798871571,44,1,25.8390007019043,36.1949996948242,0.278481006622314,0.265397995710373,190.799499511719,-85.2402,23.3398,15.8983046734394,63,63,63,63,61,63,0.256053,8764,2.04575969791764,23,-85,0.001869,51,2024-02-18 23:08:52.002479,44,1.037,0.0011,"aoml_navis",1024.17464134856
"7901009",26,0.129730779362867,4,0.287826,1,0.265398,1,197.695424293955,1,4.88189240352656,46,1,25.8150005340576,36.1980018615723,0.287826001644135,0.274742990732193,190.640197753906,-85.2402,23.3398,15.8983046734394,63,63,63,63,61,63,0.265398,8764,2.04575969791764,23,-85,0.001869,51,2024-02-18 23:08:52.002479,46,1.037,0.0011,"aoml_navis",1024.19299458303
"7901009",26,0.137953152702767,1,0.304647,1,0.282219,1,197.560101829225,1,4.88180941816233,48,1,25.7940006256104,36.201000213623,0.304646998643875,0.291563987731934,190.509704589844,-85.2402,23.3398,15.8983046734394,63,63,63,63,61,63,0.282219,8764,2.04575969791764,23,-85,0.001869,51,2024-02-18 23:08:52.002479,48,1.037,0.0011,"aoml_navis",1024.21040473189
"7901009",26,0.158052287533634,1,0.345765,1,0.323337,1,197.504102507115,1,4.88172112315102,50,1,25.7670001983643,36.2029991149902,0.345764994621277,0.332682013511658,190.455703735352,-85.2402,23.3398,15.8983046734394,63,63,63,63,61,63,0.323337,8764,2.04575969791764,23,-85,0.001869,51,2024-02-18 23:08:52.002479,50,1.037,0.0011,"aoml_navis",1024.2289294831
"7901009",26,0.161706675684701,1,0.353241,1,0.330813,1,197.371042801091,1,4.88166256738069,52,1,25.7600002288818,36.2050018310547,0.353240996599197,0.340157985687256,190.327392578125,-85.2402,23.3398,15.8983046734394,63,63,63,63,61,63,0.330813,8764,2.04575969791764,23,-85,0.001869,51,2024-02-18 23:08:52.002479,52,1.037,0.0011,"aoml_navis",1024.24121515691
"7901009",26,0.170842646062368,1,0.371931,1,0.349503,1,197.000630783214,1,4.88160465141206,54,1,25.7509994506836,36.2060012817383,0.371930986642838,0.358848005533218,189.970199584961,-85.2402,23.3398,15.8983046734394,63,63,63,63,61,63,0.349503,8764,2.04575969791764,23,-85,0.001869,51,2024-02-18 23:08:52.002479,54,1.037,0.0011,"aoml_navis",1024.25336688289
"7901009",26,0.186373795704401,1,0.403704,1,0.381276,1,196.349177804617,1,4.88154760519217,56,1,25.7450008392334,36.2080001831055,0.403703987598419,0.3906210064888,189.341995239258,-85.2402,23.3398,15.8983046734394,63,63,63,63,61,63,0.381276,8764,2.04575969791764,23,-85,0.001869,51,2024-02-18 23:08:52.002479,56,1.037,0.0011,"aoml_navis",1024.26533640312
"7901009",26,0.161706675684701,1,0.353241,1,0.330813,1,195.251818949487,1,4.88147302848338,58,1,25.7490005493164,36.2190017700195,0.353240996599197,0.340157985687256,188.283798217773,-85.2402,23.3398,15.8983046734394,63,63,63,63,61,63,0.330813,8764,2.04575969791764,23,-85,0.001869,51,2024-02-18 23:08:52.002479,58,1.037,0.0011,"aoml_navis",1024.28098461776
"7901009",26,0.140693943816067,4,0.310254,1,0.287826,1,195.158903431141,1,4.88139425183642,60,1,25.7549991607666,36.2319984436035,0.310254007577896,0.297170996665955,188.194198608398,-85.2402,23.3398,15.8983046734394,63,63,63,63,61,63,0.287826,8764,2.04575969791764,23,-85,0.001869,51,2024-02-18 23:08:52.002479,60,1.037,0.0011,"aoml_navis",1024.29751461254
"7901009",26,0.158052287533634,1,0.345765,1,0.323337,1,195.640285566552,1,4.88130795059674,62,1,25.7390003204346,36.2379989624023,0.345764994621277,0.332682013511658,188.658401489258,-85.2402,23.3398,15.8983046734394,63,63,63,63,61,63,0.323337,8764,2.04575969791764,23,-85,0.001869,51,2024-02-18 23:08:52.002479,62,1.037,0.0011,"aoml_navis",1024.31562413282
"7901009",26,0.148916317155967,1,0.327075,1,0.304647,1,196.056538227591,1,4.88125599647814,64,1,25.7339992523193,36.2389984130859,0.327075004577637,0.313991993665695,189.059799194336,-85.2402,23.3398,15.8983046734394,63,63,63,63,61,63,0.304647,8764,2.04575969791764,23,-85,0.001869,51,2024-02-18 23:08:52.002479,64,1.037,0.0011,"aoml_navis",1024.32652653488
"7901009",26,0.146175526042667,1,0.321468,1,0.29904,1,196.898379407268,1,4.88120254903236,66,1,25.7280006408691,36.2400016784668,0.321467995643616,0.308385014533997,189.871597290039,-85.2402,23.3398,15.8983046734394,63,63,63,63,61,63,0.29904,8764,2.04575969791764,23,-85,0.001869,51,2024-02-18 23:08:52.002479,66,1.037,0.0011,"aoml_navis",1024.33774254895
"7901009",26,0.154397899382567,1,0.338289,1,0.315861,1,197.306229796468,1,4.88110775668618,68,1,25.6989994049072,36.2430000305176,0.338288992643356,0.325206011533737,190.264892578125,-85.2402,23.3398,15.8983046734394,63,63,63,63,61,63,0.315861,8764,2.04575969791764,23,-85,0.001869,51,2024-02-18 23:08:52.002479,68,1.037,0.0011,"aoml_navis",1024.35763544678
"7901009",26,0.148916317155967,1,0.327075,1,0.304647,1,197.378305781833,1,4.88106386819452,70,1,25.69700050354,36.2430000305176,0.327075004577637,0.313991993665695,190.334396362305,-85.2402,23.3398,15.8983046734394,63,63,63,63,61,63,0.304647,8764,2.04575969791764,23,-85,0.001869,51,2024-02-18 23:08:52.002479,70,1.037,0.0011,"aoml_navis",1024.36684604364
"7901009",26,0.156225093458101,1,0.342027,1,0.319599,1,197.249724122759,1,4.8810229504703,72,1,25.69700050354,36.2430000305176,0.342027008533478,0.328943997621536,190.210403442383,-85.2402,23.3398,15.8983046734394,63,63,63,63,61,63,0.319599,8764,2.04575969791764,23,-85,0.001869,51,2024-02-18 23:08:52.002479,72,1.037,0.0011,"aoml_navis",1024.37543333375
"7901009",26,0.147089123080434,1,0.323337,1,0.300909,1,197.274614468529,1,4.88098351947429,74,1,25.6979999542236,36.2430000305176,0.323336988687515,0.310254007577896,190.234405517578,-85.2402,23.3398,15.8983046734394,63,63,63,63,61,63,0.300909,8764,2.04575969791764,23,-85,0.001869,51,2024-02-18 23:08:52.002479,74,1.037,0.0011,"aoml_navis",1024.38370874453
"7901009",26,0.145261929004901,1,0.319599,1,0.297171,1,197.140415471408,1,4.88094112206251,76,1,25.69700050354,36.2430000305176,0.319599002599716,0.306515991687775,190.104995727539,-85.2402,23.3398,15.8983046734394,63,63,63,63,61,63,0.297171,8764,2.04575969791764,23,-85,0.001869,51,2024-02-18 23:08:52.002479,76,1.037,0.0011,"aoml_navis",1024.39260686824
"7901009",26,0.149829914193734,1,0.328944,1,0.306516,1,197.157536484836,1,4.88088324863576,78,1,25.6879997253418,36.2439994812012,0.328943997621536,0.315860986709595,190.121505737305,-85.2402,23.3398,15.8983046734394,63,63,63,63,61,63,0.306516,8764,2.04575969791764,23,-85,0.001869,51,2024-02-18 23:08:52.002479,78,1.037,0.0011,"aoml_navis",1024.40475325804
"7901009",26,0.137953152702767,1,0.304647,1,0.282219,1,197.133168314152,1,4.88080926977413,80,1,25.6730003356934,36.2470016479492,0.304646998643875,0.291563987731934,190.098007202148,-85.2402,23.3398,15.8983046734394,63,63,63,63,61,63,0.282219,8764,2.04575969791764,23,-85,0.001869,51,2024-02-18 23:08:52.002479,80,1.037,0.0011,"aoml_navis",1024.42028025229
"7901009",26,0.138866749740534,1,0.306516,1,0.284088,1,197.171018096149,1,4.88074781164978,82,1,25.6639995574951,36.2490005493164,0.306515991687775,0.293433010578156,190.134506225586,-85.2402,23.3398,15.8983046734394,63,63,63,63,61,63,0.284088,8764,2.04575969791764,23,-85,0.001869,51,2024-02-18 23:08:52.002479,82,1.037,0.0011,"aoml_navis",1024.43317969955
"7901009",26,0.135212361589467,1,0.29904,1,0.276612,1,197.068561014866,1,4.88068424894099,84,1,25.6560001373291,36.2519989013672,0.299039989709854,0.285957008600235,190.035705566406,-85.2402,23.3398,15.8983046734394,63,63,63,63,61,63,0.276612,8764,2.04575969791764,23,-85,0.001869,51,2024-02-18 23:08:52.002479,84,1.037,0.0011,"aoml_navis",1024.44652121983
"7901009",26,0.137039555665001,1,0.302778,1,0.28035,1,196.964236762064,1,4.88063232955019,86,1,25.6509990692139,36.2529983520508,0.302778005599976,0.289694994688034,189.935104370117,-85.2402,23.3398,15.8983046734394,63,63,63,63,61,63,0.28035,8764,2.04575969791764,23,-85,0.001869,51,2024-02-18 23:08:52.002479,86,1.037,0.0011,"aoml_navis",1024.45741911905
"7901009",26,0.135212361589467,1,0.29904,1,0.276612,1,196.822885548612,1,4.88059142878559,88,1,25.6509990692139,36.2529983520508,0.299039989709854,0.285957008600235,189.798797607422,-85.2402,23.3398,15.8983046734394,63,63,63,63,61,63,0.276612,8764,2.04575969791764,23,-85,0.001869,51,2024-02-18 23:08:52.002479,88,1.037,0.0011,"aoml_navis",1024.46600436786
"7901009",26,0.125162794174034,1,0.278481,1,0.256053,1,196.670347129528,1,4.88054692184965,90,1,25.6509990692139,36.2540016174316,0.278481006622314,0.265397995710373,189.651702880859,-85.2402,23.3398,15.8983046734394,63,63,63,63,61,63,0.256053,8764,2.04575969791764,23,-85,0.001869,51,2024-02-18 23:08:52.002479,90,1.037,0.0011,"aoml_navis",1024.47534673124
"7901009",26,0.126989988249567,1,0.282219,1,0.259791,1,196.670141424191,1,4.88050751200211,92,1,25.6520004272461,36.2540016174316,0.282218992710114,0.269136011600494,189.651504516602,-85.2402,23.3398,15.8983046734394,63,63,63,63,61,63,0.259791,8764,2.04575969791764,23,-85,0.001869,51,2024-02-18 23:08:52.002479,92,1.037,0.0011,"aoml_navis",1024.48361931706
"7901009",26,0.122422003060734,1,0.272874,1,0.250446,1,196.605423360493,1,4.88046599069472,94,1,25.6539993286133,36.2550010681152,0.272873997688293,0.259790986776352,189.589096069336,-85.2402,23.3398,15.8983046734394,63,63,63,63,61,63,0.250446,8764,2.04575969791764,23,-85,0.001869,51,2024-02-18 23:08:52.002479,94,1.037,0.0011,"aoml_navis",1024.49233526741
"7901009",26,0.118767614909667,4,0.265398,1,0.24297,1,196.453818527169,1,4.88042509972179,96,1,25.6539993286133,36.2550010681152,0.265397995710373,0.252315014600754,189.442901611328,-85.2402,23.3398,15.8983046734394,63,63,63,63,61,63,0.24297,8764,2.04575969791764,23,-85,0.001869,51,2024-02-18 23:08:52.002479,96,1.037,0.0011,"aoml_navis",1024.50091904597
"7901009",26,0.118767614909667,1,0.265398,1,0.24297,1,196.478598108527,1,4.88038421109338,98,1,25.6539993286133,36.2550010681152,0.265397995710373,0.252315014600754,189.466796875,-85.2402,23.3398,15.8983046734394,63,63,63,63,61,63,0.24297,8764,2.04575969791764,23,-85,0.001869,51,2024-02-18 23:08:52.002479,98,1.037,0.0011,"aoml_navis",1024.5095024762
"7901009",26,0.126076391211801,1,0.28035,1,0.257922,1,196.511779961724,1,4.88034332480929,100,1,25.6539993286133,36.2550010681152,0.280349999666214,0.267266988754272,189.498794555664,-85.2402,23.3398,15.8983046734394,63,63,63,63,61,63,0.257922,8764,2.04575969791764,23,-85,0.001869,51,2024-02-18 23:08:52.002479,100,1.037,0.0011,"aoml_navis",1024.51808555813
"7901009",26,0.116026823796367,1,0.259791,1,0.237363,1,196.48554461952,1,4.88030244086929,102,1,25.6539993286133,36.2550010681152,0.259790986776352,0.246708005666733,189.473495483398,-85.2402,23.3398,15.8983046734394,63,63,63,63,61,63,0.237363,8764,2.04575969791764,23,-85,0.001869,51,2024-02-18 23:08:52.002479,102,1.037,0.0011,"aoml_navis",1024.52666829177
"7901009",26,0.114199629720834,4,0.256053,1,0.233625,1,196.584267357763,1,4.88026007552985,104,1,25.6529998779297,36.2550010681152,0.256053000688553,0.242970004677773,189.568695068359,-85.2402,23.3398,15.8983046734394,63,63,63,63,61,63,0.233625,8764,2.04575969791764,23,-85,0.001869,51,2024-02-18 23:08:52.002479,104,1.037,0.0011,"aoml_navis",1024.53556216615
"7901009",26,0.117854017871901,1,0.263529,1,0.241101,1,196.649602537472,1,4.88022130635137,106,1,25.6520004272461,36.2540016174316,0.263529002666473,0.250445991754532,189.631698608398,-85.2402,23.3398,15.8983046734394,63,63,63,63,61,63,0.241101,8764,2.04575969791764,23,-85,0.001869,51,2024-02-18 23:08:52.002479,106,1.037,0.0011,"aoml_navis",1024.5437012237
"7901009",26,0.124249197136267,1,0.276612,1,0.254184,1,196.638304567428,1,4.88018042920545,108,1,25.6520004272461,36.2540016174316,0.276612013578415,0.263529002666473,189.620803833008,-85.2402,23.3398,15.8983046734394,63,63,63,63,61,63,0.254184,8764,2.04575969791764,23,-85,0.001869,51,2024-02-18 23:08:52.002479,108,1.037,0.0011,"aoml_navis",1024.55228296017
"7901009",26,0.119681211947434,1,0.267267,1,0.244839,1,196.555753433366,1,4.88013596071632,110,1,25.6520004272461,36.2550010681152,0.267266988754272,0.254184007644653,189.541198730469,-85.2402,23.3398,15.8983046734394,63,63,63,63,61,63,0.244839,8764,2.04575969791764,23,-85,0.001869,51,2024-02-18 23:08:52.002479,110,1.037,0.0011,"aoml_navis",1024.56161882549
"7901009",26,0.116940420834134,1,0.26166,1,0.239232,1,196.443659848222,1,4.880087040294,112,1,25.6490001678467,36.2560005187988,0.261660009622574,0.248576998710632,189.43310546875,-85.2402,23.3398,15.8983046734394,63,63,63,63,61,63,0.239232,8764,2.04575969791764,23,-85,0.001869,51,2024-02-18 23:08:52.002479,112,1.037,0.0011,"aoml_navis",1024.57188954129
"7901009",26,0.109631644532001,1,0.246708,1,0.22428,1,196.333829021784,1,4.88004530933733,114,1,25.6459999084473,36.2550010681152,0.246708005666733,0.233624994754791,189.327194213867,-85.2402,23.3398,15.8983046734394,63,63,63,63,61,63,0.22428,8764,2.04575969791764,23,-85,0.001869,51,2024-02-18 23:08:52.002479,114,1.037,0.0011,"aoml_navis",1024.58065101018
"7901009",26,0.104150062305401,1,0.235494,1,0.213066,1,196.319413824711,1,4.87999701969793,116,1,25.6410007476807,36.2550010681152,0.235494002699852,0.222411006689072,189.313293457031,-85.2402,23.3398,15.8983046734394,63,63,63,63,61,63,0.213066,8764,2.04575969791764,23,-85,0.001869,51,2024-02-18 23:08:52.002479,116,1.037,0.0011,"aoml_navis",1024.59078967009
"7901009",26,0.104150062305401,1,0.235494,1,0.213066,1,196.205563832459,1,4.87995232316986,118,1,25.6359996795654,36.2540016174316,0.235494002699852,0.222411006689072,189.203506469727,-85.2402,23.3398,15.8983046734394,63,63,63,63,61,63,0.213066,8764,2.04575969791764,23,-85,0.001869,51,2024-02-18 23:08:52.002479,118,1.037,0.0011,"aoml_navis",1024.60017411649
"7901009",26,0.0995820771165672,4,0.226149,1,0.203721,1,195.982911540454,1,4.87990638228596,120,1,25.6350002288818,36.2550010681152,0.226148992776871,0.21306599676609,188.988800048828,-85.2402,23.3398,15.8983046734394,63,63,63,63,61,63,0.203721,8764,2.04575969791764,23,-85,0.001869,51,2024-02-18 23:08:52.002479,120,1.037,0.0011,"aoml_navis",1024.60982000597
"7901009",26,0.102322868229867,1,0.231756,1,0.209328,1,195.575061151255,1,4.87986192748338,122,1,25.6350002288818,36.2560005187988,0.231756001710892,0.218673005700111,188.595504760742,-85.2402,23.3398,15.8983046734394,63,63,63,63,61,63,0.209328,8764,2.04575969791764,23,-85,0.001869,51,2024-02-18 23:08:52.002479,122,1.037,0.0011,"aoml_navis",1024.61915404614
"7901009",26,0.104150062305401,1,0.235494,1,0.213066,1,194.669340552715,1,4.87980457340029,124,1,25.6359996795654,36.2610015869141,0.235494002699852,0.222411006689072,187.722106933594,-85.2402,23.3398,15.8983046734394,63,63,63,63,61,63,0.213066,8764,2.04575969791764,23,-85,0.001869,51,2024-02-18 23:08:52.002479,124,1.037,0.0011,"aoml_navis",1024.6311967604
"7901009",26,0.0822237333990004,1,0.190638,1,0.16821,1,193.566585888362,1,4.87970385930967,126,1,25.6319999694824,36.2760009765625,0.19063800573349,0.177554994821548,186.658706665039,-85.2402,23.3398,15.8983046734394,63,63,63,63,61,63,0.16821,8764,2.04575969791764,23,-85,0.001869,51,2024-02-18 23:08:52.002479,126,1.037,0.0011,"aoml_navis",1024.65234451899
"7901009",26,0.0758285541346337,1,0.177555,1,0.155127,1,192.637114235149,1,4.87963698276906,128,1,25.628999710083,36.2820014953613,0.177554994821548,0.164471998810768,185.762405395508,-85.2402,23.3398,15.8983046734394,63,63,63,63,61,63,0.155127,8764,2.04575969791764,23,-85,0.001869,51,2024-02-18 23:08:52.002479,128,1.037,0.0011,"aoml_navis",1024.66638761366
"7901009",26,0.0758285541346337,1,0.177555,1,0.155127,1,188.738270219741,1,4.87943172362769,130.100006103516,1,25.6310005187988,36.3279991149902,0.177554994821548,0.164471998810768,182.002700805664,-85.2402,23.3398,15.8983046734394,63,63,63,63,61,63,0.155127,8764,2.04575969791764,23,-85,0.001869,51,2024-02-18 23:08:52.002479,130.100006103516,1.037,0.0011,"aoml_navis",1024.70949143288
"7901009",26,0.072174165983567,4,0.170079,1,0.147651,1,184.578939953818,1,4.87917453832051,132,1,25.6340007781982,36.3899993896484,0.170078992843628,0.156995996832848,177.991806030273,-85.2402,23.3398,15.8983046734394,63,63,63,63,61,63,0.147651,8764,2.04575969791764,23,-85,0.001869,51,2024-02-18 23:08:52.002479,132,1.037,0.0011,"aoml_navis",1024.76350471387
"7901009",26,0.0621245985681336,4,0.14952,1,0.127092,1,177.094335445822,1,4.87877121315347,134,1,25.6439990997314,36.4949989318848,0.149519994854927,0.136436998844147,170.774307250977,-85.2402,23.3398,15.8983046734394,63,63,63,63,61,63,0.127092,8764,2.04575969791764,23,-85,0.001869,51,2024-02-18 23:08:52.002479,134,1.037,0.0011,"aoml_navis",1024.84822131435
"7901009",26,0.0758285541346337,1,0.177555,1,0.155127,1,169.459660982785,1,4.87838836535637,136,1,25.7159996032715,36.6199989318848,0.177554994821548,0.164471998810768,163.412094116211,-85.2402,23.3398,15.8983046734394,63,63,63,63,61,63,0.155127,8764,2.04575969791764,23,-85,0.001869,51,2024-02-18 23:08:52.002479,136,1.037,0.0011,"aoml_navis",1024.92864969654
"7901009",26,0.112372435645301,1,0.252315,1,0.229887,1,163.684151354999,1,4.87789777542807,138,1,25.7950000762939,36.7779998779297,0.252315014600754,0.239232003688812,157.842697143555,-85.2402,23.3398,15.8983046734394,63,63,63,63,61,63,0.229887,8764,2.04575969791764,23,-85,0.001869,51,2024-02-18 23:08:52.002479,138,1.037,0.0011,"aoml_navis",1025.03173092044
"7901009",26,0.0913597037766671,1,0.209328,1,0.1869,1,162.35190865206,1,4.87729814133377,140,1,25.6200008392334,36.8610000610352,0.20932799577713,0.19624499976635,156.557998657227,-85.2402,23.3398,15.8983046734394,63,63,63,63,61,63,0.1869,8764,2.04575969791764,23,-85,0.001869,51,2024-02-18 23:08:52.002479,140,1.037,0.0011,"aoml_navis",1025.15775232733
"7901009",26,0.0867917185878338,1,0.199983,1,0.177555,1,162.117546979337,1,4.87713589538409,142,1,25.5599994659424,36.8699989318848,0.19998300075531,0.18690000474453,156.332000732422,-85.2402,23.3398,15.8983046734394,63,63,63,63,61,63,0.177555,8764,2.04575969791764,23,-85,0.001869,51,2024-02-18 23:08:52.002479,142,1.037,0.0011,"aoml_navis",1025.19185588661
"7901009",26,0.072174165983567,1,0.170079,1,0.147651,1,161.89696756419,1,4.87699640992511,144,1,25.507999420166,36.8759994506836,0.170078992843628,0.156995996832848,156.119293212891,-85.2402,23.3398,15.8983046734394,63,63,63,63,61,63,0.147651,8764,2.04575969791764,23,-85,0.001869,51,2024-02-18 23:08:52.002479,144,1.037,0.0011,"aoml_navis",1025.22117708034
"7901009",26,0.0676061807947337,1,0.160734,1,0.138306,1,161.687812706985,1,4.87689149220466,146,1,25.4720001220703,36.8790016174316,0.160733997821808,0.147651001811028,155.917602539062,-85.2402,23.3398,15.8983046734394,63,63,63,63,61,63,0.138306,8764,2.04575969791764,23,-85,0.001869,51,2024-02-18 23:08:52.002479,146,1.037,0.0011,"aoml_navis",1025.24323290607
"7901009",26,0.0648653896814337,1,0.155127,1,0.132699,1,161.132186768427,1,4.87682849963326,148,1,25.4570007324219,36.8790016174316,0.155127003788948,0.142043992877007,155.381805419922,-85.2402,23.3398,15.8983046734394,63,63,63,63,61,63,0.132699,8764,2.04575969791764,23,-85,0.001869,51,2024-02-18 23:08:52.002479,148,1.037,0.0011,"aoml_navis",1025.25647567389
"7901009",26,0.0475070459638669,1,0.119616,1,0.097188,1,159.657864971613,1,4.87659733001822,150,1,25.3549995422363,36.8899993896484,0.119616001844406,0.106532998383045,153.960098266602,-85.2402,23.3398,15.8983046734394,63,63,63,63,61,63,0.097188,8764,2.04575969791764,23,-85,0.001869,51,2024-02-18 23:08:52.002479,150,1.037,0.0011,"aoml_navis",1025.30507680472
"7901009",26,0.0292351052085335,1,0.082236,1,0.059808,1,159.098504690015,1,4.87600334748917,152,1,25.07200050354,36.9280014038086,0.0822359994053841,0.0691530033946037,153.420700073242,-85.2402,23.3398,15.8983046734394,63,63,63,63,61,63,0.059808,8764,2.04575969791764,23,-85,0.001869,51,2024-02-18 23:08:52.002479,152,1.037,0.0011,"aoml_navis",1025.42997690407
"7901009",26,0.0200991348308668,1,0.063546,1,0.041118,1,158.998848366012,1,4.87574961474286,154,1,24.9610004425049,36.9420013427734,0.0635460019111633,0.0504629984498024,153.324600219727,-85.2402,23.3398,15.8983046734394,63,63,63,63,61,63,0.041118,8764,2.04575969791764,23,-85,0.001869,51,2024-02-18 23:08:52.002479,154,1.037,0.0011,"aoml_navis",1025.48334001431
"7901009",26,0.0200991348308668,1,0.063546,1,0.041118,1,158.75515083569,1,4.87558066085706,156,1,24.8929996490479,36.9500007629395,0.0635460019111633,0.0504629984498024,153.089599609375,-85.2402,23.3398,15.8983046734394,63,63,63,63,61,63,0.041118,8764,2.04575969791764,23,-85,0.001869,51,2024-02-18 23:08:52.002479,156,1.037,0.0011,"aoml_navis",1025.51887617035
"7901009",26,0.0164447466798001,1,0.05607,1,0.033642,1,158.622834833576,1,4.87544531145928,158,1,24.8430004119873,36.9560012817383,0.0560699999332428,0.0429870001971722,152.962005615234,-85.2402,23.3398,15.8983046734394,63,63,63,63,61,63,0.033642,8764,2.04575969791764,23,-85,0.001869,51,2024-02-18 23:08:52.002479,158,1.037,0.0011,"aoml_navis",1025.54734605431
"7901009",26,0.0155311496420334,1,0.054201,1,0.031773,1,158.300209747819,1,4.87537758710617,160,1,24.8269996643066,36.9570007324219,0.0542009994387627,0.041117999702692,152.650894165039,-85.2402,23.3398,15.8983046734394,63,63,63,63,61,63,0.031773,8764,2.04575969791764,23,-85,0.001869,51,2024-02-18 23:08:52.002479,160,1.037,0.0011,"aoml_navis",1025.56159203411
"7901009",26,0.0137039555665001,1,0.050463,1,0.028035,1,157.707984082773,1,4.87530841546042,162,1,24.8099994659424,36.9580001831055,0.0504629984498024,0.0373799987137318,152.079803466797,-85.2402,23.3398,15.8983046734394,63,63,63,63,61,63,0.028035,8764,2.04575969791764,23,-85,0.001869,51,2024-02-18 23:08:52.002479,162,1.037,0.0011,"aoml_navis",1025.57614286394
"7901009",26,0.0118767614909667,1,0.046725,1,0.024297,1,156.911667076509,1,4.87514914231562,164,1,24.7409992218018,36.9630012512207,0.0467250011861324,0.0336420014500618,151.311904907227,-85.2402,23.3398,15.8983046734394,63,63,63,63,61,63,0.024297,8764,2.04575969791764,23,-85,0.001869,51,2024-02-18 23:08:52.002479,164,1.037,0.0011,"aoml_navis",1025.60964886196
"7901009",26,0.0109631644532001,1,0.044856,1,0.022428,1,155.753213736308,1,4.87504152674308,166,1,24.7000007629395,36.9650001525879,0.0448560006916523,0.0317730009555817,150.194793701172,-85.2402,23.3398,15.8983046734394,63,63,63,63,61,63,0.022428,8764,2.04575969791764,23,-85,0.001869,51,2024-02-18 23:08:52.002479,166,1.037,0.0011,"aoml_navis",1025.63228899107
"7901009",26,0.00913597037766671,1,0.041118,1,0.01869,1,154.639271866324,1,4.87466473721574,168,1,24.507999420166,36.9809989929199,0.041117999702692,0.0280349999666214,149.12060546875,-85.2402,23.3398,15.8983046734394,63,63,63,63,61,63,0.01869,8764,2.04575969791764,23,-85,0.001869,51,2024-02-18 23:08:52.002479,168,1.037,0.0011,"aoml_navis",1025.71156572623
"7901009",26,0.00548158222660003,1,0.033642,1,0.011214,1,153.929952394097,1,4.87438649758331,170,1,24.371000289917,36.992000579834,0.0336420014500618,0.020558999851346,148.436599731445,-85.2402,23.3398,15.8983046734394,63,63,63,63,61,63,0.011214,8764,2.04575969791764,23,-85,0.001869,51,2024-02-18 23:08:52.002479,170,1.037,0.0011,"aoml_navis",1025.77011537328
"7901009",26,0.00182719407553334,1,0.026166,1,0.003738,1,153.138603962895,1,4.87410966691295,172,1,24.2269992828369,37,0.0261659994721413,0.0130829997360706,147.673492431641,-85.2402,23.3398,15.8983046734394,63,63,63,63,61,63,0.003738,8764,2.04575969791764,23,-85,0.001869,51,2024-02-18 23:08:52.002479,172,1.037,0.0011,"aoml_navis",1025.82837516801
"7901009",26,0.00182719407553334,1,0.026166,1,0.003738,1,152.12078977921,1,4.87395688576245,174,1,24.1539993286133,37.0019989013672,0.0261659994721413,0.0130829997360706,146.692001342773,-85.2402,23.3398,15.8983046734394,63,63,63,63,61,63,0.003738,8764,2.04575969791764,23,-85,0.001869,51,2024-02-18 23:08:52.002479,174,1.037,0.0011,"aoml_navis",1025.86053122582
"7901009",26,-0.000913597037766671,1,0.020559,1,-0.001869,1,150.65528166491,1,4.87365756494864,175.899993896484,1,23.9869995117188,37.007999420166,0.020558999851346,0.00747600011527538,145.278793334961,-85.2402,23.3398,15.8983046734394,63,63,63,63,61,63,-0.001869,8764,2.04575969791764,23,-85,0.001869,51,2024-02-18 23:08:52.002479,175.899993896484,1.037,0.0011,"aoml_navis",1025.9235355311
"7901009",26,-0.00182719407553334,1,0.01869,1,-0.003738,1,149.671171509509,1,4.87327974987276,177.899993896484,1,23.7679996490479,37.0149993896484,0.0186899993568659,0.00560700008645654,144.329803466797,-85.2402,23.3398,15.8983046734394,63,63,63,63,61,63,-0.003738,8764,2.04575969791764,23,-85,0.001869,51,2024-02-18 23:08:52.002479,177.899993896484,1.037,0.0011,"aoml_navis",1026.00307321379
"7901009",26,-0.00182719407553334,1,0.01869,1,-0.003738,1,149.125799190822,1,4.8729082013084,179.899993896484,1,23.5419998168945,37.0180015563965,0.0186899993568659,0.00560700008645654,143.803894042969,-85.2402,23.3398,15.8983046734394,63,63,63,63,61,63,-0.003738,8764,2.04575969791764,23,-85,0.001869,51,2024-02-18 23:08:52.002479,179.899993896484,1.037,0.0011,"aoml_navis",1026.08130369816
"7901009",26,-0.00182719407553334,1,0.01869,1,-0.003738,1,148.946091843775,1,4.87254776402561,181.899993896484,1,23.3199996948242,37.0200004577637,0.0186899993568659,0.00560700008645654,143.630599975586,-85.2402,23.3398,15.8983046734394,63,63,63,63,61,63,-0.003738,8764,2.04575969791764,23,-85,0.001869,51,2024-02-18 23:08:52.002479,181.899993896484,1.037,0.0011,"aoml_navis",1026.1572060751
"7901009",26,-0.00182719407553334,1,0.01869,1,-0.003738,1,148.694624981112,1,4.87232717496576,184,1,23.1879997253418,37.0180015563965,0.0186899993568659,0.00560700008645654,143.388107299805,-85.2402,23.3398,15.8983046734394,63,63,63,63,61,63,-0.003738,8764,2.04575969791764,23,-85,0.001869,51,2024-02-18 23:08:52.002479,184,1.037,0.0011,"aoml_navis",1026.20366417309
"7901009",26,-0.00182719407553334,1,0.01869,1,-0.003738,1,148.530155652486,1,4.87219433983069,186,1,23.117000579834,37.015998840332,0.0186899993568659,0.00560700008645654,143.229507446289,-85.2402,23.3398,15.8983046734394,63,63,63,63,61,63,-0.003738,8764,2.04575969791764,23,-85,0.001869,51,2024-02-18 23:08:52.002479,186,1.037,0.0011,"aoml_navis",1026.23164251156
"7901009",26,-0.00274079111330001,1,0.016821,1,-0.005607,1,148.355622585837,1,4.87201851213546,188,1,23.0149993896484,37.0139999389648,0.0168210007250309,0.00373800005763769,143.06120300293,-85.2402,23.3398,15.8983046734394,63,63,63,63,61,63,-0.005607,8764,2.04575969791764,23,-85,0.001869,51,2024-02-18 23:08:52.002479,188,1.037,0.0011,"aoml_navis",1026.26867848424
"7901009",26,-0.00365438815106668,1,0.014952,1,-0.007476,1,148.426654221031,1,4.87186610140028,190,1,22.9270000457764,37.0110015869141,0.0149520002305508,0.00186900002881885,143.129699707031,-85.2402,23.3398,15.8983046734394,63,63,63,63,61,63,-0.007476,8764,2.04575969791764,23,-85,0.001869,51,2024-02-18 23:08:52.002479,190,1.037,0.0011,"aoml_navis",1026.30078412108
"7901009",26,-0.00274079111330001,1,0.016821,1,-0.005607,1,148.311649114195,1,4.87178996584577,192,1,22.8990001678467,37.0099983215332,0.0168210007250309,0.00373800005763769,143.018798828125,-85.2402,23.3398,15.8983046734394,63,63,63,63,61,63,-0.005607,8764,2.04575969791764,23,-85,0.001869,51,2024-02-18 23:08:52.002479,192,1.037,0.0011,"aoml_navis",1026.31682298561
"7901009",26,-0.00274079111330001,1,0.016821,1,-0.005607,1,148.187624619508,1,4.8716822370715,194,1,22.8430004119873,37.0069999694824,0.0168210007250309,0.00373800005763769,142.899200439453,-85.2402,23.3398,15.8983046734394,63,63,63,63,61,63,-0.005607,8764,2.04575969791764,23,-85,0.001869,51,2024-02-18 23:08:52.002479,194,1.037,0.0011,"aoml_navis",1026.33951819601
"7901009",26,-0.000913597037766671,1,0.020559,1,-0.001869,1,148.169063668721,1,4.87156327510551,196,1,22.7840003967285,37.0060005187988,0.020558999851346,0.00747600011527538,142.881301879883,-85.2402,23.3398,15.8983046734394,63,63,63,63,61,63,-0.001869,8764,2.04575969791764,23,-85,0.001869,51,2024-02-18 23:08:52.002479,196,1.037,0.0011,"aoml_navis",1026.36458106802
"7901009",26,-0.00274079111330001,1,0.016821,1,-0.005607,1,148.071480221575,1,4.87147513217678,198,1,22.742000579834,37.0029983520508,0.0168210007250309,0.00373800005763769,142.787200927734,-85.2402,23.3398,15.8983046734394,63,63,63,63,61,63,-0.005607,8764,2.04575969791764,23,-85,0.001869,51,2024-02-18 23:08:52.002479,198,1.037,0.0011,"aoml_navis",1026.3831517838
"7901009",26,-0.00365438815106668,1,0.014952,1,-0.007476,1,147.993074841227,1,4.87132635117696,200,1,22.6560001373291,37,0.0149520002305508,0.00186900002881885,142.71159362793,-85.2402,23.3398,15.8983046734394,63,63,63,63,61,63,-0.007476,8764,2.04575969791764,23,-85,0.001869,51,2024-02-18 23:08:52.002479,200,1.037,0.0011,"aoml_navis",1026.41449977827
"7901009",26,-0.000913597037766671,1,0.020559,1,-0.001869,1,148.004594340095,1,4.87117320394207,202,1,22.5639991760254,36.9959983825684,0.020558999851346,0.00747600011527538,142.722702026367,-85.2402,23.3398,15.8983046734394,63,63,63,63,61,63,-0.001869,8764,2.04575969791764,23,-85,0.001869,51,2024-02-18 23:08:52.002479,202,1.037,0.0011,"aoml_navis",1026.44676973376
"7901009",26,-0.00365438815106668,1,0.014952,1,-0.007476,1,147.942265623003,1,4.87110788605505,204,1,22.5410003662109,36.9939994812012,0.0149520002305508,0.00186900002881885,142.66259765625,-85.2402,23.3398,15.8983046734394,63,63,63,63,61,63,-0.007476,8764,2.04575969791764,23,-85,0.001869,51,2024-02-18 23:08:52.002479,204,1.037,0.0011,"aoml_navis",1026.46053361165
"7901009",26,-0.00274079111330001,1,0.016821,1,-0.005607,1,147.851533745925,1,4.87104585398397,206,1,22.5230007171631,36.9930000305176,0.0168210007250309,0.00373800005763769,142.575103759766,-85.2402,23.3398,15.8983046734394,63,63,63,63,61,63,-0.005607,8764,2.04575969791764,23,-85,0.001869,51,2024-02-18 23:08:52.002479,206,1.037,0.0011,"aoml_navis",1026.47360543949
"7901009",26,-0.00182719407553334,1,0.01869,1,-0.003738,1,147.799063061519,1,4.87098279429399,208,1,22.4990005493164,36.9900016784668,0.0186899993568659,0.00560700008645654,142.524505615234,-85.2402,23.3398,15.8983046734394,63,63,63,63,61,63,-0.003738,8764,2.04575969791764,23,-85,0.001869,51,2024-02-18 23:08:52.002479,208,1.037,0.0011,"aoml_navis",1026.48689415556
"7901009",26,-0.00365438815106668,1,0.014952,1,-0.007476,1,147.896013569167,1,4.87078710744934,210,1,22.3649997711182,36.9819984436035,0.0149520002305508,0.00186900002881885,142.61799621582,-85.2402,23.3398,15.8983046734394,63,63,63,63,61,63,-0.007476,8764,2.04575969791764,23,-85,0.001869,51,2024-02-18 23:08:52.002479,210,1.037,0.0011,"aoml_navis",1026.52813389299
"7901009",26,-0.00456798518883336,1,0.013083,1,-0.009345,1,148.093364104728,1,4.87043778066939,212,1,22.0990009307861,36.9669990539551,0.0130829997360706,0,142.808303833008,-85.2402,23.3398,15.8983046734394,63,63,63,63,61,63,-0.009345,8764,2.04575969791764,23,-85,0.001869,51,2024-02-18 23:08:52.002479,212,1.037,0.0011,"aoml_navis",1026.6017604916
"7901009",26,-0.00274079111330001,1,0.016821,1,-0.005607,1,147.710910412897,1,4.87017476079893,214,1,21.8950004577637,36.9519996643066,0.0168210007250309,0.00373800005763769,142.439498901367,-85.2402,23.3398,15.8983046734394,63,63,63,63,61,63,-0.005607,8764,2.04575969791764,23,-85,0.001869,51,2024-02-18 23:08:52.002479,214,1.037,0.0011,"aoml_navis",1026.65720340183
"7901009",26,-0.00274079111330001,1,0.016821,1,-0.005607,1,147.095440044777,1,4.8700211759219,216,1,21.7819995880127,36.9410018920898,0.0168210007250309,0.00373800005763769,141.845993041992,-85.2402,23.3398,15.8983046734394,63,63,63,63,61,63,-0.005607,8764,2.04575969791764,23,-85,0.001869,51,2024-02-18 23:08:52.002479,216,1.037,0.0011,"aoml_navis",1026.68958088329
"7901009",26,-0.00456798518883336,1,0.013083,1,-0.009345,1,146.969754083907,1,4.86980881920881,218,1,21.6140003204346,36.9259986877441,0.0130829997360706,0,141.724792480469,-85.2402,23.3398,15.8983046734394,63,63,63,63,61,63,-0.009345,8764,2.04575969791764,23,-85,0.001869,51,2024-02-18 23:08:52.002479,218,1.037,0.0011,"aoml_navis",1026.73435151656
"7901009",26,0,1,0.014952,1,-0.007476,1,146.849258226924,1,4.8696369830902,220,1,21.4810009002686,36.9129981994629,0.0149520002305508,0,141.608596801758,-85.2402,23.3398,15.8983046734394,63,63,63,63,61,63,0,8764,2.04575969791764,23,-85,0.001869,51,2024-02-18 23:08:52.002479,220,1.037,0.0011,"aoml_navis",1026.77058215273
"7901009",26,0,1,0.013083,1,-0.009345,1,146.941445864847,1,4.86945177798505,222,1,21.3320007324219,36.8979988098145,0.0130829997360706,0,141.697494506836,-85.2402,23.3398,15.8983046734394,63,63,63,63,61,63,0,8764,2.04575969791764,23,-85,0.001869,51,2024-02-18 23:08:52.002479,222,1.037,0.0011,"aoml_navis",1026.80963442439
"7901009",26,0,1,0.013083,1,-0.009345,1,146.948819610002,1,4.86936474241146,224,1,21.2810001373291,36.8919982910156,0.0130829997360706,0,141.704605102539,-85.2402,23.3398,15.8983046734394,63,63,63,63,61,63,0,8764,2.04575969791764,23,-85,0.001869,51,2024-02-18 23:08:52.002479,224,1.037,0.0011,"aoml_navis",1026.82798773539
"7901009",26,0,1,0.01869,1,-0.003738,1,146.98355216497,1,4.86923832559184,226,1,21.1919994354248,36.882999420166,0.0186899993568659,0,141.738098144531,-85.2402,23.3398,15.8983046734394,63,63,63,63,61,63,0,8764,2.04575969791764,23,-85,0.001869,51,2024-02-18 23:08:52.002479,226,1.037,0.0011,"aoml_navis",1026.85464659245
"7901009",26,0,1,0.020559,1,-0.001869,1,147.172801074953,1,4.86913403440914,228,1,21.125,36.8759994506836,0.020558999851346,0,141.920593261719,-85.2402,23.3398,15.8983046734394,63,63,63,63,61,63,0,8764,2.04575969791764,23,-85,0.001869,51,2024-02-18 23:08:52.002479,228,1.037,0.0011,"aoml_navis",1026.87664062358
"7901009",26,0,1,0.016821,1,-0.005607,1,147.275986036659,1,4.86904045250918,230,1,21.0659999847412,36.8689994812012,0.0168210007250309,0,142.020095825195,-85.2402,23.3398,15.8983046734394,63,63,63,63,61,63,0,8764,2.04575969791764,23,-85,0.001869,51,2024-02-18 23:08:52.002479,230,1.037,0.0011,"aoml_navis",1026.89637696958
"7901009",26,0,1,0.016821,1,-0.005607,1,147.575271478417,1,4.86889536627539,232,1,20.9540004730225,36.8569984436035,0.0168210007250309,0,142.308700561523,-85.2402,23.3398,15.8983046734394,63,63,63,63,61,63,0,8764,2.04575969791764,23,-85,0.001869,51,2024-02-18 23:08:52.002479,232,1.037,0.0011,"aoml_navis",1026.92697703728
"7901009",26,0,1,0.016821,1,-0.005607,1,147.939781335472,1,4.86874911479452,234,1,20.8379993438721,36.8440017700195,0.0168210007250309,0,142.660202026367,-85.2402,23.3398,15.8983046734394,63,63,63,63,61,63,0,8764,2.04575969791764,23,-85,0.001869,51,2024-02-18 23:08:52.002479,234,1.037,0.0011,"aoml_navis",1026.95782471244
"7901009",26,0,1,0.020559,1,-0.001869,1,148.172798011761,1,4.86860662218404,236,1,20.7299995422363,36.8330001831055,0.020558999851346,0,142.884902954102,-85.2402,23.3398,15.8983046734394,63,63,63,63,61,63,0,8764,2.04575969791764,23,-85,0.001869,51,2024-02-18 23:08:52.002479,236,1.037,0.0011,"aoml_navis",1026.98788134109
"7901009",26,0,1,0.01869,1,-0.003738,1,148.208052741815,1,4.86848337304886,238,1,20.6420001983643,36.8240013122559,0.0186899993568659,0,142.918899536133,-85.2402,23.3398,15.8983046734394,63,63,63,63,61,63,0,8764,2.04575969791764,23,-85,0.001869,51,2024-02-18 23:08:52.002479,238,1.037,0.0011,"aoml_navis",1027.0138802731
"7901009",26,0,1,0.013083,1,-0.009345,1,148.248386811342,1,4.86842164259398,240,1,20.6149997711182,36.8199996948242,0.0130829997360706,0,142.957794189453,-85.2402,23.3398,15.8983046734394,63,63,63,63,61,63,0,8764,2.04575969791764,23,-85,0.001869,51,2024-02-18 23:08:52.002479,240,1.037,0.0011,"aoml_navis",1027.0269025704
"7901009",26,0,1,0.016821,1,-0.005607,1,148.444692996731,1,4.86835761898417,242,1,20.5890007019043,36.8170013427734,0.0168210007250309,0,143.147094726562,-85.2402,23.3398,15.8983046734394,63,63,63,63,61,63,0,8764,2.04575969791764,23,-85,0.001869,51,2024-02-18 23:08:52.002479,242,1.037,0.0011,"aoml_navis",1027.04040896718
"7901009",26,0,1,0.016821,1,-0.005607,1,148.794281305115,1,4.86823901665175,244,1,20.5069999694824,36.8089981079102,0.0168210007250309,0,143.48420715332,-85.2402,23.3398,15.8983046734394,63,63,63,63,61,63,0,8764,2.04575969791764,23,-85,0.001869,51,2024-02-18 23:08:52.002479,244,1.037,0.0011,"aoml_navis",1027.06543020948
"7901009",26,0,1,0.013083,1,-0.009345,1,149.025114340135,1,4.86815068886374,246,1,20.451000213623,36.8019981384277,0.0130829997360706,0,143.706802368164,-85.2402,23.3398,15.8983046734394,63,63,63,63,61,63,0,8764,2.04575969791764,23,-85,0.001869,51,2024-02-18 23:08:52.002479,246,1.037,0.0011,"aoml_navis",1027.08406529771
"7901009",26,0,1,0.016821,1,-0.005607,1,149.093139512712,1,4.86807619959584,248,1,20.4139995574951,36.7980003356934,0.0168210007250309,0,143.772399902344,-85.2402,23.3398,15.8983046734394,63,63,63,63,61,63,0,8764,2.04575969791764,23,-85,0.001869,51,2024-02-18 23:08:52.002479,248,1.037,0.0011,"aoml_navis",1027.09978130891
"7901009",26,0,1,0.014952,1,-0.007476,1,149.191039429607,1,4.86800721072806,250,1,20.3840007781982,36.7949981689453,0.0149520002305508,0,143.866806030273,-85.2402,23.3398,15.8983046734394,63,63,63,63,61,63,0,8764,2.04575969791764,23,-85,0.001869,51,2024-02-18 23:08:52.002479,250,1.037,0.0011,"aoml_navis",1027.1143372551
"7901009",26,0,1,0.013083,1,-0.009345,1,149.204821687182,1,4.86794598388319,252,1,20.3600006103516,36.7919998168945,0.0130829997360706,0,143.880096435547,-85.2402,23.3398,15.8983046734394,63,63,63,63,61,63,0,8764,2.04575969791764,23,-85,0.001869,51,2024-02-18 23:08:52.002479,252,1.037,0.0011,"aoml_navis",1027.12725583932
"7901009",26,0,1,0.014952,1,-0.007476,1,149.254808084058,1,4.86786466270018,254,1,20.3120002746582,36.7859992980957,0.0149520002305508,0,143.928298950195,-85.2402,23.3398,15.8983046734394,63,63,63,63,61,63,0,8764,2.04575969791764,23,-85,0.001869,51,2024-02-18 23:08:52.002479,254,1.037,0.0011,"aoml_navis",1027.14441473944
"7901009",26,0,1,0.014952,1,-0.007476,1,149.306756593379,1,4.86777237144937,256,1,20.2469997406006,36.7770004272461,0.0149520002305508,0,143.978393554688,-85.2402,23.3398,15.8983046734394,63,63,63,63,61,63,0,8764,2.04575969791764,23,-85,0.001869,51,2024-02-18 23:08:52.002479,256,1.037,0.0011,"aoml_navis",1027.16388903602
"7901009",26,0,1,0.013083,1,-0.009345,1,149.396254238434,1,4.86761747297615,258,1,20.1189994812012,36.7630004882812,0.0130829997360706,0,144.064697265625,-85.2402,23.3398,15.8983046734394,63,63,63,63,61,63,0,8764,2.04575969791764,23,-85,0.001869,51,2024-02-18 23:08:52.002479,258,1.037,0.0011,"aoml_navis",1027.19657568796
"7901009",26,0,1,0.022428,1,0,1,149.543824082456,1,4.86750153073392,260,1,20.0209999084473,36.7490005493164,0.0224280003458261,0,144.207000732422,-85.2402,23.3398,15.8983046734394,63,63,63,63,61,63,0,8764,2.04575969791764,23,-85,0.001869,51,2024-02-18 23:08:52.002479,260,1.037,0.0011,"aoml_navis",1027.22104316341
"7901009",26,0,1,0.013083,1,-0.009345,1,149.730066529823,1,4.86739042340012,262,1,19.9349994659424,36.7379989624023,0.0130829997360706,0,144.386596679688,-85.2402,23.3398,15.8983046734394,63,63,63,63,61,63,0,8764,2.04575969791764,23,-85,0.001869,51,2024-02-18 23:08:52.002479,262,1.037,0.0011,"aoml_navis",1027.2444914142
"7901009",26,0,1,0.016821,1,-0.005607,1,149.891735101169,1,4.8672994845066,264,1,19.8759994506836,36.7309989929199,0.0168210007250309,0,144.542495727539,-85.2402,23.3398,15.8983046734394,63,63,63,63,61,63,0,8764,2.04575969791764,23,-85,0.001869,51,2024-02-18 23:08:52.002479,264,1.037,0.0011,"aoml_navis",1027.26368408515
"7901009",26,0,1,0.013083,1,-0.009345,1,149.980409924877,1,4.86723869684415,266,1,19.8519992828369,36.7280006408691,0.0130829997360706,0,144.628005981445,-85.2402,23.3398,15.8983046734394,63,63,63,63,61,63,0,8764,2.04575969791764,23,-85,0.001869,51,2024-02-18 23:08:52.002479,266,1.037,0.0011,"aoml_navis",1027.27651373292
"7901009",26,0,1,0.011214,1,-0.011214,1,149.75516258093,1,4.86719319358853,268,1,19.8400001525879,36.7249984741211,0.0112140001729131,0,144.410797119141,-85.2402,23.3398,15.8983046734394,63,63,63,63,61,63,0,8764,2.04575969791764,23,-85,0.001869,51,2024-02-18 23:08:52.002479,268,1.037,0.0011,"aoml_navis",1027.28611771286
"7901009",26,0,1,0.011214,1,-0.011214,1,149.563840794089,1,4.86712822585525,270,1,19.806999206543,36.7200012207031,0.0112140001729131,0,144.226303100586,-85.2402,23.3398,15.8983046734394,63,63,63,63,61,63,0,8764,2.04575969791764,23,-85,0.001869,51,2024-02-18 23:08:52.002479,270,1.037,0.0011,"aoml_navis",1027.29983020355
"7901009",26,0,1,0.014952,1,-0.007476,1,149.835530073723,1,4.86705277866561,272,1,19.7600002288818,36.7130012512207,0.0149520002305508,0,144.488296508789,-85.2402,23.3398,15.8983046734394,63,63,63,63,61,63,0,8764,2.04575969791764,23,-85,0.001869,51,2024-02-18 23:08:52.002479,272,1.037,0.0011,"aoml_navis",1027.31575501239
"7901009",26,0,1,0.01869,1,-0.003738,1,150.28165747908,1,4.86695823807242,274,1,19.6949996948242,36.7050018310547,0.0186899993568659,0,144.918502807617,-85.2402,23.3398,15.8983046734394,63,63,63,63,61,63,0,8764,2.04575969791764,23,-85,0.001869,51,2024-02-18 23:08:52.002479,274,1.037,0.0011,"aoml_navis",1027.33571060603
"7901009",26,0,1,0.016821,1,-0.005607,1,150.912777276295,1,4.86679043849349,276,1,19.5459995269775,36.6879997253418,0.0168210007250309,0,145.527099609375,-85.2402,23.3398,15.8983046734394,63,63,63,63,61,63,0,8764,2.04575969791764,23,-85,0.001869,51,2024-02-18 23:08:52.002479,276,1.037,0.0011,"aoml_navis",1027.37113158868
"7901009",26,0,1,0.016821,1,-0.005607,1,150.988587604701,1,4.86671513239667,278,1,19.4930000305176,36.6790008544922,0.0168210007250309,0,145.600204467773,-85.2402,23.3398,15.8983046734394,63,63,63,63,61,63,0,8764,2.04575969791764,23,-85,0.001869,51,2024-02-18 23:08:52.002479,278,1.037,0.0011,"aoml_navis",1027.38702882281
"7901009",26,0,1,0.013083,1,-0.009345,1,151.248140269455,1,4.86659808769055,280,1,19.3980007171631,36.6669998168945,0.0130829997360706,0,145.850494384766,-85.2402,23.3398,15.8983046734394,63,63,63,63,61,63,0,8764,2.04575969791764,23,-85,0.001869,51,2024-02-18 23:08:52.002479,280,1.037,0.0011,"aoml_navis",1027.41173811885
"7901009",26,0,1,0.016821,1,-0.005607,1,151.474416140087,1,4.86647473167684,282,1,19.2889995574951,36.6520004272461,0.0168210007250309,0,146.068695068359,-85.2402,23.3398,15.8983046734394,63,63,63,63,61,63,0,8764,2.04575969791764,23,-85,0.001869,51,2024-02-18 23:08:52.002479,282,1.037,0.0011,"aoml_navis",1027.43778108083
"7901009",26,0,1,0.01869,1,-0.003738,1,151.416454705533,1,4.86642057723709,284,1,19.2670001983643,36.6479988098145,0.0186899993568659,0,146.012802124023,-85.2402,23.3398,15.8983046734394,63,63,63,63,61,63,0,8764,2.04575969791764,23,-85,0.001869,51,2024-02-18 23:08:52.002479,284,1.037,0.0011,"aoml_navis",1027.44921460092
"7901009",26,0,1,0.016821,1,-0.005607,1,151.24711174277,1,4.86637917191264,286,1,19.2609996795654,36.6459999084473,0.0168210007250309,0,145.849502563477,-85.2402,23.3398,15.8983046734394,63,63,63,63,61,63,0,8764,2.04575969791764,23,-85,0.001869,51,2024-02-18 23:08:52.002479,286,1.037,0.0011,"aoml_navis",1027.45795659709
"7901009",26,0,1,0.014952,1,-0.007476,1,151.315959736695,1,4.86627293374071,288,1,19.173999786377,36.6339988708496,0.0149520002305508,0,145.915893554688,-85.2402,23.3398,15.8983046734394,63,63,63,63,61,63,0,8764,2.04575969791764,23,-85,0.001869,51,2024-02-18 23:08:52.002479,288,1.037,0.0011,"aoml_navis",1027.48038757384
"7901009",26,0,1,0.014952,1,-0.007476,1,151.37621557693,1,4.86618595060055,290,1,19.1110000610352,36.625,0.0149520002305508,0,145.973999023438,-85.2402,23.3398,15.8983046734394,63,63,63,63,61,63,0,8764,2.04575969791764,23,-85,0.001869,51,2024-02-18 23:08:52.002479,290,1.037,0.0011,"aoml_navis",1027.49875379977
"7901009",26,0,1,0.01869,1,-0.003738,1,151.38616855054,1,4.86611287307442,292,1,19.0620002746582,36.617000579834,0.0186899993568659,0,145.983596801758,-85.2402,23.3398,15.8983046734394,63,63,63,63,61,63,0,8764,2.04575969791764,23,-85,0.001869,51,2024-02-18 23:08:52.002479,292,1.037,0.0011,"aoml_navis",1027.51418440506
"7901009",26,0,1,0.016821,1,-0.005607,1,151.4011059227,1,4.86600864162483,294,1,18.9790000915527,36.6059989929199,0.0168210007250309,0,145.998001098633,-85.2402,23.3398,15.8983046734394,63,63,63,63,61,63,0,8764,2.04575969791764,23,-85,0.001869,51,2024-02-18 23:08:52.002479,294,1.037,0.0011,"aoml_navis",1027.53619408502
"7901009",26,0,1,0.016821,1,-0.005607,1,151.510715220313,1,4.86590564747881,296,1,18.8880004882812,36.5919990539551,0.0168210007250309,0,146.103698730469,-85.2402,23.3398,15.8983046734394,63,63,63,63,61,63,0,8764,2.04575969791764,23,-85,0.001869,51,2024-02-18 23:08:52.002479,296,1.037,0.0011,"aoml_navis",1027.55794342019
"7901009",26,0,1,0.016821,1,-0.005607,1,151.549403647145,1,4.86581935893237,298,1,18.8250007629395,36.5830001831055,0.0168210007250309,0,146.141006469727,-85.2402,23.3398,15.8983046734394,63,63,63,63,61,63,0,8764,2.04575969791764,23,-85,0.001869,51,2024-02-18 23:08:52.002479,298,1.037,0.0011,"aoml_navis",1027.57616573277
"7901009",26,0,1,0.014952,1,-0.007476,1,151.570559649875,1,4.86574059562007,300,1,18.7679996490479,36.5740013122559,0.0149520002305508,0,146.161407470703,-85.2402,23.3398,15.8983046734394,63,63,63,63,61,63,0,8764,2.04575969791764,23,-85,0.001869,51,2024-02-18 23:08:52.002479,300,1.037,0.0011,"aoml_navis",1027.59279943957
"7901009",26,0,1,0.014952,1,-0.007476,1,151.344695189916,1,4.86568439847558,302,1,18.7439994812012,36.5699996948242,0.0149520002305508,0,145.943603515625,-85.2402,23.3398,15.8983046734394,63,63,63,63,61,63,0,8764,2.04575969791764,23,-85,0.001869,51,2024-02-18 23:08:52.002479,302,1.037,0.0011,"aoml_navis",1027.60466781744
"7901009",26,0,1,0.014952,1,-0.007476,1,151.301038188023,1,4.86559589374427,304,1,18.6730003356934,36.5589981079102,0.0149520002305508,0,145.901504516602,-85.2402,23.3398,15.8983046734394,63,63,63,63,61,63,0,8764,2.04575969791764,23,-85,0.001869,51,2024-02-18 23:08:52.002479,304,1.037,0.0011,"aoml_navis",1027.62335984962
"7901009",26,0,1,0.014952,1,-0.007476,1,151.282160767487,1,4.86551006966018,306,1,18.6070003509521,36.548999786377,0.0149520002305508,0,145.88330078125,-85.2402,23.3398,15.8983046734394,63,63,63,63,61,63,0,8764,2.04575969791764,23,-85,0.001869,51,2024-02-18 23:08:52.002479,306,1.037,0.0011,"aoml_navis",1027.64148638361
"7901009",26,0,1,0.013083,1,-0.009345,1,151.055995661267,1,4.86543554112914,308,1,18.5590000152588,36.5419998168945,0.0130829997360706,0,145.66520690918,-85.2402,23.3398,15.8983046734394,63,63,63,63,61,63,0,8764,2.04575969791764,23,-85,0.001869,51,2024-02-18 23:08:52.002479,308,1.037,0.0011,"aoml_navis",1027.65722775142
"7901009",26,0,1,0.013083,1,-0.009345,1,150.827852619114,1,4.86534269651366,310,1,18.4869995117188,36.5320014953613,0.0130829997360706,0,145.445205688477,-85.2402,23.3398,15.8983046734394,63,63,63,63,61,63,0,8764,2.04575969791764,23,-85,0.001869,51,2024-02-18 23:08:52.002479,310,1.037,0.0011,"aoml_navis",1027.67683838239
"7901009",26,0,1,0.016821,1,-0.005607,1,150.621482695703,1,4.86525238015945,312,1,18.4050006866455,36.5180015563965,0.0168210007250309,0,145.246200561523,-85.2402,23.3398,15.8983046734394,63,63,63,63,61,63,0,8764,2.04575969791764,23,-85,0.001869,51,2024-02-18 23:08:52.002479,312,1.037,0.0011,"aoml_navis",1027.69591571242
"7901009",26,0,1,0.013083,1,-0.009345,1,150.418752174406,1,4.86515388445244,314,1,18.32200050354,36.5060005187988,0.0130829997360706,0,145.050704956055,-85.2402,23.3398,15.8983046734394,63,63,63,63,61,63,0,8764,2.04575969791764,23,-85,0.001869,51,2024-02-18 23:08:52.002479,314,1.037,0.0011,"aoml_navis",1027.71672155705
"7901009",26,0,1,0.01869,1,-0.003738,1,150.160322977261,1,4.86505564287152,316,1,18.2329998016357,36.492000579834,0.0186899993568659,0,144.801498413086,-85.2402,23.3398,15.8983046734394,63,63,63,63,61,63,0,8764,2.04575969791764,23,-85,0.001869,51,2024-02-18 23:08:52.002479,316,1.037,0.0011,"aoml_navis",1027.73747456028
"7901009",26,0,1,0.011214,1,-0.011214,1,150.24246270065,1,4.86493848078908,318,1,18.1189994812012,36.4749984741211,0.0112140001729131,0,144.880706787109,-85.2402,23.3398,15.8983046734394,63,63,63,63,61,63,0,8764,2.04575969791764,23,-85,0.001869,51,2024-02-18 23:08:52.002479,318,1.037,0.0011,"aoml_navis",1027.76222551308
"7901009",26,0,1,0.016821,1,-0.005607,1,150.048435097454,1,4.86489245699103,320,1,18.1060009002686,36.4720001220703,0.0168210007250309,0,144.693603515625,-85.2402,23.3398,15.8983046734394,63,63,63,63,61,63,0,8764,2.04575969791764,23,-85,0.001869,51,2024-02-18 23:08:52.002479,320,1.037,0.0011,"aoml_navis",1027.77194854838
"7901009",26,0,1,0.016821,1,-0.005607,1,149.771033538849,1,4.86485364401796,322,1,18.1019992828369,36.4700012207031,0.0168210007250309,0,144.42610168457,-85.2402,23.3398,15.8983046734394,63,63,63,63,61,63,0,8764,2.04575969791764,23,-85,0.001869,51,2024-02-18 23:08:52.002479,322,1.037,0.0011,"aoml_navis",1027.78014836031
"7901009",26,0,1,0.014952,1,-0.007476,1,149.548586952181,1,4.86476573098928,324,1,18.0270004272461,36.4580001831055,0.0149520002305508,0,144.21159362793,-85.2402,23.3398,15.8983046734394,63,63,63,63,61,63,0,8764,2.04575969791764,23,-85,0.001869,51,2024-02-18 23:08:52.002479,324,1.037,0.0011,"aoml_navis",1027.79872176563
"7901009",26,0,1,0.01869,1,-0.003738,1,149.73494016396,1,4.86461391663531,326,1,17.8619995117188,36.4339981079102,0.0186899993568659,0,144.391296386719,-85.2402,23.3398,15.8983046734394,63,63,63,63,61,63,0,8764,2.04575969791764,23,-85,0.001869,51,2024-02-18 23:08:52.002479,326,1.037,0.0011,"aoml_navis",1027.83079719887
"7901009",26,0,1,0.016821,1,-0.005607,1,149.778913635602,1,4.86449015922262,328,1,17.738000869751,36.4160003662109,0.0168210007250309,0,144.433700561523,-85.2402,23.3398,15.8983046734394,63,63,63,63,61,63,0,8764,2.04575969791764,23,-85,0.001869,51,2024-02-18 23:08:52.002479,328,1.037,0.0011,"aoml_navis",1027.85694622497
"7901009",26,0,1,0.016821,1,-0.005607,1,149.722708608156,1,4.86439628617189,330,1,17.6539993286133,36.4029998779297,0.0168210007250309,0,144.379501342773,-85.2402,23.3398,15.8983046734394,63,63,63,63,61,63,0,8764,2.04575969791764,23,-85,0.001869,51,2024-02-18 23:08:52.002479,330,1.037,0.0011,"aoml_navis",1027.87678179378
"7901009",26,0,1,0.016821,1,-0.005607,1,149.362755915488,1,4.86434706010425,332,1,17.6319999694824,36.3979988098145,0.0168210007250309,0,144.03239440918,-85.2402,23.3398,15.8983046734394,63,63,63,63,61,63,0,8764,2.04575969791764,23,-85,0.001869,51,2024-02-18 23:08:52.002479,332,1.037,0.0011,"aoml_navis",1027.88718366918
"7901009",26,0,1,0.014952,1,-0.007476,1,149.2393643603,1,4.86429112497186,334.100006103516,1,17.6030006408691,36.3919982910156,0.0149520002305508,0,143.91340637207,-85.2402,23.3398,15.8983046734394,63,63,63,63,61,63,0,8764,2.04575969791764,23,-85,0.001869,51,2024-02-18 23:08:52.002479,334.100006103516,1.037,0.0011,"aoml_navis",1027.89900348099
"7901009",26,0,1,0.013083,1,-0.009345,1,149.769166367329,1,4.86419258755178,336,1,17.5160007476807,36.3800010681152,0.0130829997360706,0,144.424301147461,-85.2402,23.3398,15.8983046734394,63,63,63,63,61,63,0,8764,2.04575969791764,23,-85,0.001869,51,2024-02-18 23:08:52.002479,336,1.037,0.0011,"aoml_navis",1027.91982636456
"7901009",26,0,1,0.014952,1,-0.007476,1,149.810022611942,1,4.86412008047984,338,1,17.4680004119873,36.3730010986328,0.0149520002305508,0,144.46369934082,-85.2402,23.3398,15.8983046734394,63,63,63,63,61,63,0,8764,2.04575969791764,23,-85,0.001869,51,2024-02-18 23:08:52.002479,338,1.037,0.0011,"aoml_navis",1027.93514906539
"7901009",26,0,1,0.014952,1,-0.007476,1,149.510230818586,1,4.86405942085545,340,1,17.4300003051758,36.3660011291504,0.0149520002305508,0,144.174606323242,-85.2402,23.3398,15.8983046734394,63,63,63,63,61,63,0,8764,2.04575969791764,23,-85,0.001869,51,2024-02-18 23:08:52.002479,340,1.037,0.0011,"aoml_navis",1027.94796843182
"7901009",26,0,1,0.009345,1,-0.013083,1,149.356220815169,1,4.86395152979774,342,1,17.3269996643066,36.351001739502,0.00934499967843294,0,144.026092529297,-85.2402,23.3398,15.8983046734394,63,63,63,63,61,63,0,8764,2.04575969791764,23,-85,0.001869,51,2024-02-18 23:08:52.002479,342,1.037,0.0011,"aoml_navis",1027.97077013798
"7901009",26,0,1,0.016821,1,-0.005607,1,149.077474260129,1,4.86387855200658,344,1,17.2689990997314,36.3409996032715,0.0168210007250309,0,143.757293701172,-85.2402,23.3398,15.8983046734394,63,63,63,63,61,63,0,8764,2.04575969791764,23,-85,0.001869,51,2024-02-18 23:08:52.002479,344,1.037,0.0011,"aoml_navis",1027.98619384468
"7901009",26,0,1,0.014952,1,-0.007476,1,148.952626944095,1,4.86378856891512,346,1,17.1870002746582,36.3279991149902,0.0149520002305508,0,143.636901855469,-85.2402,23.3398,15.8983046734394,63,63,63,63,61,63,0,8764,2.04575969791764,23,-85,0.001869,51,2024-02-18 23:08:52.002479,346,1.037,0.0011,"aoml_navis",1028.00521222395
"7901009",26,0,1,0.013083,1,-0.009345,1,148.967770021591,1,4.86367949645577,348,1,17.0790004730225,36.3120002746582,0.0130829997360706,0,143.651504516602,-85.2402,23.3398,15.8983046734394,63,63,63,63,61,63,0,8764,2.04575969791764,23,-85,0.001869,51,2024-02-18 23:08:52.002479,348,1.037,0.0011,"aoml_navis",1028.02826618069
"7901009",26,0,1,0.016821,1,-0.005607,1,148.957089167558,1,4.86359477218377,350,1,17.0009994506836,36.298999786377,0.0168210007250309,0,143.641204833984,-85.2402,23.3398,15.8983046734394,63,63,63,63,61,63,0,8764,2.04575969791764,23,-85,0.001869,51,2024-02-18 23:08:52.002479,350,1.037,0.0011,"aoml_navis",1028.04617452843
"7901009",26,0,1,0.011214,1,-0.011214,1,148.812937196826,1,4.86353017129256,352,1,16.9589996337891,36.2919998168945,0.0112140001729131,0,143.502197265625,-85.2402,23.3398,15.8983046734394,63,63,63,63,61,63,0,8764,2.04575969791764,23,-85,0.001869,51,2024-02-18 23:08:52.002479,352,1.037,0.0011,"aoml_navis",1028.05982977405
"7901009",26,0,1,0.016821,1,-0.005607,1,148.620270413552,1,4.86344648029064,354,1,16.8910007476807,36.2820014953613,0.0168210007250309,0,143.31640625,-85.2402,23.3398,15.8983046734394,63,63,63,63,61,63,0,8764,2.04575969791764,23,-85,0.001869,51,2024-02-18 23:08:52.002479,354,1.037,0.0011,"aoml_navis",1028.07752079986
"7901009",26,0,1,0.014952,1,-0.007476,1,148.285097302242,1,4.86337203062984,356,1,16.8339996337891,36.2729988098145,0.0149520002305508,0,142.993194580078,-85.2402,23.3398,15.8983046734394,63,63,63,63,61,63,0,8764,2.04575969791764,23,-85,0.001869,51,2024-02-18 23:08:52.002479,356,1.037,0.0011,"aoml_navis",1028.09325885613
"7901009",26,0,1,0.011214,1,-0.011214,1,147.904621546343,1,4.86329919398296,358,1,16.7719993591309,36.2620010375977,0.0112140001729131,0,142.62629699707,-85.2402,23.3398,15.8983046734394,63,63,63,63,61,63,0,8764,2.04575969791764,23,-85,0.001869,51,2024-02-18 23:08:52.002479,358,1.037,0.0011,"aoml_navis",1028.10865640061
"7901009",26,0,1,0.014952,1,-0.007476,1,147.454253446347,1,4.86324723872953,360,1,16.7469997406006,36.2569999694824,0.0149520002305508,0,142.192001342773,-85.2402,23.3398,15.8983046734394,63,63,63,63,61,63,0,8764,2.04575969791764,23,-85,0.001869,51,2024-02-18 23:08:52.002479,360,1.037,0.0011,"aoml_navis",1028.11963993552
"7901009",26,0,1,0.014952,1,-0.007476,1,146.922995678472,1,4.8631874551108,362,1,16.7119998931885,36.2509994506836,0.0149520002305508,0,141.679702758789,-85.2402,23.3398,15.8983046734394,63,63,63,63,61,63,0,8764,2.04575969791764,23,-85,0.001869,51,2024-02-18 23:08:52.002479,362,1.037,0.0011,"aoml_navis",1028.13227870651
"7901009",26,0,1,0.016821,1,-0.005607,1,146.092768938588,1,4.86312694497386,364,1,16.6700000762939,36.2430000305176,0.0168210007250309,0,140.879104614258,-85.2402,23.3398,15.8983046734394,63,63,63,63,61,63,0,8764,2.04575969791764,23,-85,0.001869,51,2024-02-18 23:08:52.002479,364,1.037,0.0011,"aoml_navis",1028.14507138614
"7901009",26,0,1,0.016821,1,-0.005607,1,145.163091580038,1,4.86305566064358,366,1,16.6089992523193,36.2319984436035,0.0168210007250309,0,139.982604980469,-85.2402,23.3398,15.8983046734394,63,63,63,63,61,63,0,8764,2.04575969791764,23,-85,0.001869,51,2024-02-18 23:08:52.002479,366,1.037,0.0011,"aoml_navis",1028.16014228764
"7901009",26,0,1,0.016821,1,-0.005607,1,144.406491527291,1,4.86296275224454,368,1,16.5130004882812,36.2159996032715,0.0168210007250309,0,139.253005981445,-85.2402,23.3398,15.8983046734394,63,63,63,63,61,63,0,8764,2.04575969791764,23,-85,0.001869,51,2024-02-18 23:08:52.002479,368,1.037,0.0011,"aoml_navis",1028.17978560338
"7901009",26,0,1,0.014952,1,-0.007476,1,143.819740788905,1,4.86285886831633,370,1,16.4069995880127,36.2000007629395,0.0149520002305508,0,138.687194824219,-85.2402,23.3398,15.8983046734394,63,63,63,63,61,63,0,8764,2.04575969791764,23,-85,0.001869,51,2024-02-18 23:08:52.002479,370,1.037,0.0011,"aoml_navis",1028.20175032782
"7901009",26,0,1,0.020559,1,-0.001869,1,143.388044404108,1,4.8627898199449,372,1,16.3409996032715,36.1870002746582,0.020558999851346,0,138.270904541016,-85.2402,23.3398,15.8983046734394,63,63,63,63,61,63,0,8764,2.04575969791764,23,-85,0.001869,51,2024-02-18 23:08:52.002479,372,1.037,0.0011,"aoml_navis",1028.21635010675
"7901009",26,0,1,0.01869,1,-0.003738,1,142.751528797671,1,4.86273534126177,374,1,16.306999206543,36.1800003051758,0.0186899993568659,0,137.657104492188,-85.2402,23.3398,15.8983046734394,63,63,63,63,61,63,0,8764,2.04575969791764,23,-85,0.001869,51,2024-02-18 23:08:52.002479,374,1.037,0.0011,"aoml_navis",1028.22786952304
"7901009",26,0,1,0.014952,1,-0.007476,1,142.14072635835,1,4.86265503440527,376,1,16.2339992523193,36.1679992675781,0.0149520002305508,0,137.068099975586,-85.2402,23.3398,15.8983046734394,63,63,63,63,61,63,0,8764,2.04575969791764,23,-85,0.001869,51,2024-02-18 23:08:52.002479,376,1.037,0.0011,"aoml_navis",1028.24485072927
"7901009",26,0,1,0.016821,1,-0.005607,1,141.539259776629,1,4.86257319900761,378,1,16.1529998779297,36.1539993286133,0.0168210007250309,0,136.488098144531,-85.2402,23.3398,15.8983046734394,63,63,63,63,61,63,0,8764,2.04575969791764,23,-85,0.001869,51,2024-02-18 23:08:52.002479,378,1.037,0.0011,"aoml_navis",1028.26215572867
"7901009",26,0,1,0.013083,1,-0.009345,1,140.836997579809,1,4.86248853147741,380,1,16.0659999847412,36.1389999389648,0.0130829997360706,0,135.810897827148,-85.2402,23.3398,15.8983046734394,63,63,63,63,61,63,0,8764,2.04575969791764,23,-85,0.001869,51,2024-02-18 23:08:52.002479,380,1.037,0.0011,"aoml_navis",1028.28006022686
"7901009",26,0,1,0.013083,1,-0.009345,1,140.410997650496,1,4.86237320784237,382,1,15.9350004196167,36.1189994812012,0.0130829997360706,0,135.400100708008,-85.2402,23.3398,15.8983046734394,63,63,63,63,61,63,0,8764,2.04575969791764,23,-85,0.001869,51,2024-02-18 23:08:52.002479,382,1.037,0.0011,"aoml_navis",1028.30444852231
"7901009",26,0,1,0.022428,1,0,1,140.149356285398,1,4.86227464655799,384,1,15.8249998092651,36.101001739502,0.0224280003458261,0,135.147796630859,-85.2402,23.3398,15.8983046734394,63,63,63,63,61,63,0,8764,2.04575969791764,23,-85,0.001869,51,2024-02-18 23:08:52.002479,384,1.037,0.0011,"aoml_navis",1028.32529288314
"7901009",26,0,1,0.016821,1,-0.005607,1,139.873616192976,1,4.86222085608892,386,1,15.7910003662109,36.0940017700195,0.0168210007250309,0,134.881896972656,-85.2402,23.3398,15.8983046734394,63,63,63,63,61,63,0,8764,2.04575969791764,23,-85,0.001869,51,2024-02-18 23:08:52.002479,386,1.037,0.0011,"aoml_navis",1028.33666918658
"7901009",26,0,1,0.01869,1,-0.003738,1,139.491178324632,1,4.86216650049408,388,1,15.7629995346069,36.0890007019043,0.0186899993568659,0,134.513107299805,-85.2402,23.3398,15.8983046734394,63,63,63,63,61,63,0,8764,2.04575969791764,23,-85,0.001869,51,2024-02-18 23:08:52.002479,388,1.037,0.0011,"aoml_navis",1028.34816526582
"7901009",26,0,1,0.020559,1,-0.001869,1,139.066934802427,1,4.86211168240871,390,1,15.7279996871948,36.0820007324219,0.020558999851346,0,134.10400390625,-85.2402,23.3398,15.8983046734394,63,63,63,63,61,63,0,8764,2.04575969791764,23,-85,0.001869,51,2024-02-18 23:08:52.002479,390,1.037,0.0011,"aoml_navis",1028.35975942103
"7901009",26,0,1,0.016821,1,-0.005607,1,138.650777082313,1,4.86202788656006,392,1,15.6470003128052,36.0690002441406,0.0168210007250309,0,133.702697753906,-85.2402,23.3398,15.8983046734394,63,63,63,63,61,63,0,8764,2.04575969791764,23,-85,0.001869,51,2024-02-18 23:08:52.002479,392,1.037,0.0011,"aoml_navis",1028.37748294726
"7901009",26,0,1,0.024297,1,0.001869,1,138.502384416943,1,4.86195083366314,393.899993896484,1,15.5699996948242,36.0559997558594,0.0242970008403063,0,133.559600830078,-85.2402,23.3398,15.8983046734394,63,63,63,63,61,63,0,8764,2.04575969791764,23,-85,0.001869,51,2024-02-18 23:08:52.002479,393.899993896484,1.037,0.0011,"aoml_navis",1028.39378082169
"7901009",26,0,1,0.016821,1,-0.005607,1,138.231201488908,1,4.86187688369976,396,1,15.5059995651245,36.0449981689453,0.0168210007250309,0,133.298095703125,-85.2402,23.3398,15.8983046734394,63,63,63,63,61,63,0,8764,2.04575969791764,23,-85,0.001869,51,2024-02-18 23:08:52.002479,396,1.037,0.0011,"aoml_navis",1028.40942286369
"7901009",26,0,1,0.01869,1,-0.003738,1,138.010527132836,1,4.86179346267347,398,1,15.4280004501343,36.0330009460449,0.0186899993568659,0,133.085296630859,-85.2402,23.3398,15.8983046734394,63,63,63,63,61,63,0,8764,2.04575969791764,23,-85,0.001869,51,2024-02-18 23:08:52.002479,398,1.037,0.0011,"aoml_navis",1028.42706881475
"7901009",26,0,1,0.01869,1,-0.003738,1,138.117762907331,1,4.86168411395406,400,1,15.3159999847412,36.0180015563965,0.0186899993568659,0,133.188705444336,-85.2402,23.3398,15.8983046734394,63,63,63,63,61,63,0,8764,2.04575969791764,23,-85,0.001869,51,2024-02-18 23:08:52.002479,400,1.037,0.0011,"aoml_navis",1028.45020013722
"7901009",26,0,1,0.022428,1,0,1,138.131133754232,1,4.86164333862117,402,1,15.3000001907349,36.0130004882812,0.0224280003458261,0,133.201599121094,-85.2402,23.3398,15.8983046734394,63,63,63,63,61,63,0,8764,2.04575969791764,23,-85,0.001869,51,2024-02-18 23:08:52.002479,402,1.037,0.0011,"aoml_navis",1028.45882590352
"7901009",26,0,1,0.022428,1,0,1,138.094106793583,1,4.86159856059085,404,1,15.2969999313354,36.0130004882812,0.0224280003458261,0,133.165893554688,-85.2402,23.3398,15.8983046734394,63,63,63,63,61,63,0,8764,2.04575969791764,23,-85,0.001869,51,2024-02-18 23:08:52.002479,404,1.037,0.0011,"aoml_navis",1028.46829858209
"7901009",26,0,1,0.022428,1,0,1,137.980146036919,1,4.86155305884132,406,1,15.289999961853,36.0120010375977,0.0224280003458261,0,133.055999755859,-85.2402,23.3398,15.8983046734394,63,63,63,63,61,63,0,8764,2.04575969791764,23,-85,0.001869,51,2024-02-18 23:08:52.002479,406,1.037,0.0011,"aoml_navis",1028.47792454037
"7901009",26,0,1,0.016821,1,-0.005607,1,137.97516163837,1,4.86150902666696,408,1,15.2810001373291,36.0099983215332,0.0168210007250309,0,133.051193237305,-85.2402,23.3398,15.8983046734394,63,63,63,63,61,63,0,8764,2.04575969791764,23,-85,0.001869,51,2024-02-18 23:08:52.002479,408,1.037,0.0011,"aoml_navis",1028.48723977954
"7901009",26,0,1,0.01869,1,-0.003738,1,137.906313644445,1,4.86146643218642,410,1,15.2799997329712,36.0099983215332,0.0186899993568659,0,132.984802246094,-85.2402,23.3398,15.8983046734394,63,63,63,63,61,63,0,8764,2.04575969791764,23,-85,0.001869,51,2024-02-18 23:08:52.002479,410,1.037,0.0011,"aoml_navis",1028.49625102755
"7901009",26,0,1,0.014952,1,-0.007476,1,137.856327247569,1,4.86142384095078,412,1,15.2790002822876,36.0099983215332,0.0149520002305508,0,132.936599731445,-85.2402,23.3398,15.8983046734394,63,63,63,63,61,63,0,8764,2.04575969791764,23,-85,0.001869,51,2024-02-18 23:08:52.002479,412,1.037,0.0011,"aoml_navis",1028.50526174696
"7901009",26,0,1,0.016821,1,-0.005607,1,137.77730475121,1,4.86138488136466,414,1,15.2779998779297,36.0089988708496,0.0168210007250309,0,132.860397338867,-85.2402,23.3398,15.8983046734394,63,63,63,63,61,63,0,8764,2.04575969791764,23,-85,0.001869,51,2024-02-18 23:08:52.002479,414,1.037,0.0011,"aoml_navis",1028.51350428284
"7901009",26,0,1,0.014952,1,-0.007476,1,137.679626363139,1,4.86134338305101,416,1,15.2779998779297,36.0089988708496,0.0149520002305508,0,132.766204833984,-85.2402,23.3398,15.8983046734394,63,63,63,63,61,63,0,8764,2.04575969791764,23,-85,0.001869,51,2024-02-18 23:08:52.002479,416,1.037,0.0011,"aoml_navis",1028.52228407325
"7901009",26,0,1,0.024297,1,0.001869,1,137.56669413316,1,4.86130079840252,418,1,15.2770004272461,36.0089988708496,0.0242970008403063,0,132.657302856445,-85.2402,23.3398,15.8983046734394,63,63,63,63,61,63,0,8764,2.04575969791764,23,-85,0.001869,51,2024-02-18 23:08:52.002479,418,1.037,0.0011,"aoml_navis",1028.53129385515
"7901009",26,0,1,0.020559,1,-0.001869,1,137.444837456255,1,4.86125894008266,420,1,15.2700004577637,36.0069999694824,0.020558999851346,0,132.539794921875,-85.2402,23.3398,15.8983046734394,63,63,63,63,61,63,0,8764,2.04575969791764,23,-85,0.001869,51,2024-02-18 23:08:52.002479,420,1.037,0.0011,"aoml_navis",1028.54015011901
"7901009",26,0,1,0.022428,1,0,1,137.240856879449,1,4.86121672042602,422,1,15.2659997940063,36.0060005187988,0.0224280003458261,0,132.34309387207,-85.2402,23.3398,15.8983046734394,63,63,63,63,61,63,0,8764,2.04575969791764,23,-85,0.001869,51,2024-02-18 23:08:52.002479,422,1.037,0.0011,"aoml_navis",1028.54908298798
"7901009",26,0,1,0.016821,1,-0.005607,1,137.00877378892,1,4.86117486653953,424,1,15.2589998245239,36.0040016174316,0.0168210007250309,0,132.119293212891,-85.2402,23.3398,15.8983046734394,63,63,63,63,61,63,0,8764,2.04575969791764,23,-85,0.001869,51,2024-02-18 23:08:52.002479,424,1.037,0.0011,"aoml_navis",1028.55793862015
"7901009",26,0,1,0.016821,1,-0.005607,1,136.801786749497,1,4.86111164482684,426,1,15.2189998626709,35.9980010986328,0.0168210007250309,0,131.919692993164,-85.2402,23.3398,15.8983046734394,63,63,63,63,61,63,0,8764,2.04575969791764,23,-85,0.001869,51,2024-02-18 23:08:52.002479,426,1.037,0.0011,"aoml_navis",1028.57131564155
"7901009",26,0,1,0.020559,1,-0.001869,1,136.77887433966,1,4.86103626827143,428,1,15.1510000228882,35.9869995117188,0.020558999851346,0,131.897598266602,-85.2402,23.3398,15.8983046734394,63,63,63,63,61,63,0,8764,2.04575969791764,23,-85,0.001869,51,2024-02-18 23:08:52.002479,428,1.037,0.0011,"aoml_navis",1028.58726494916
"7901009",26,0,1,0.01869,1,-0.003738,1,136.659106363099,1,4.86098289258149,430,1,15.1300001144409,35.984001159668,0.0186899993568659,0,131.782104492188,-85.2402,23.3398,15.8983046734394,63,63,63,63,61,63,0,8764,2.04575969791764,23,-85,0.001869,51,2024-02-18 23:08:52.002479,430,1.037,0.0011,"aoml_navis",1028.59855928123
"7901009",26,0,1,0.01869,1,-0.003738,1,136.492136923455,1,4.86093712820049,432,1,15.1160001754761,35.9809989929199,0.0186899993568659,0,131.62109375,-85.2402,23.3398,15.8983046734394,63,63,63,63,61,63,0,8764,2.04575969791764,23,-85,0.001869,51,2024-02-18 23:08:52.002479,432,1.037,0.0011,"aoml_navis",1028.60824325267
"7901009",26,0,1,0.016821,1,-0.005607,1,136.346956426039,1,4.86088702564963,434,1,15.0979995727539,35.9780006408691,0.0168210007250309,0,131.481094360352,-85.2402,23.3398,15.8983046734394,63,63,63,63,61,63,0,8764,2.04575969791764,23,-85,0.001869,51,2024-02-18 23:08:52.002479,434,1.037,0.0011,"aoml_navis",1028.61884541161
"7901009",26,0,1,0.01869,1,-0.003738,1,136.092277395421,1,4.86084777117476,436,1,15.0900001525879,35.9749984741211,0.0186899993568659,0,131.235504150391,-85.2402,23.3398,15.8983046734394,63,63,63,63,61,63,0,8764,2.04575969791764,23,-85,0.001869,51,2024-02-18 23:08:52.002479,436,1.037,0.0011,"aoml_navis",1028.62715217095
"7901009",26,0,1,0.01869,1,-0.003738,1,135.767579432808,1,4.86080449044144,438,1,15.085000038147,35.9739990234375,0.0186899993568659,0,130.922393798828,-85.2402,23.3398,15.8983046734394,63,63,63,63,61,63,0,8764,2.04575969791764,23,-85,0.001869,51,2024-02-18 23:08:52.002479,438,1.037,0.0011,"aoml_navis",1028.63631109465
"7901009",26,0,1,0.016821,1,-0.005607,1,135.135320344496,1,4.86076020225137,440,1,15.0690002441406,35.9700012207031,0.0168210007250309,0,130.312698364258,-85.2402,23.3398,15.8983046734394,63,63,63,63,61,63,0,8764,2.04575969791764,23,-85,0.001869,51,2024-02-18 23:08:52.002479,440,1.037,0.0011,"aoml_navis",1028.64568338182
"7901009",26,0,1,0.01869,1,-0.003738,1,134.749860190048,1,4.86067089911068,442,1,14.9809999465942,35.9570007324219,0.0186899993568659,0,129.940994262695,-85.2402,23.3398,15.8983046734394,63,63,63,63,61,63,0,8764,2.04575969791764,23,-85,0.001869,51,2024-02-18 23:08:52.002479,442,1.037,0.0011,"aoml_navis",1028.66458227296
"7901009",26,0,1,0.016821,1,-0.005607,1,134.392613313736,1,4.86059696059437,444,1,14.9069995880127,35.9440002441406,0.0168210007250309,0,129.596496582031,-85.2402,23.3398,15.8983046734394,63,63,63,63,61,63,0,8764,2.04575969791764,23,-85,0.001869,51,2024-02-18 23:08:52.002479,444,1.037,0.0011,"aoml_navis",1028.68023013136
"7901009",26,0,1,0.022428,1,0,1,133.806194868586,1,4.8605380899101,446,1,14.8570003509521,35.9339981079102,0.0224280003458261,0,129.031005859375,-85.2402,23.3398,15.8983046734394,63,63,63,63,61,63,0,8764,2.04575969791764,23,-85,0.001869,51,2024-02-18 23:08:52.002479,446,1.037,0.0011,"aoml_navis",1028.69268947391
"7901009",26,0,1,0.01869,1,-0.003738,1,133.084010901057,1,4.86046645786599,448,1,14.7950000762939,35.923999786377,0.0186899993568659,0,128.334594726562,-85.2402,23.3398,15.8983046734394,63,63,63,63,61,63,0,8764,2.04575969791764,23,-85,0.001869,51,2024-02-18 23:08:52.002479,448,1.037,0.0011,"aoml_navis",1028.70785002707
"7901009",26,0,1,0.016821,1,-0.005607,1,132.621616950594,1,4.86035420307664,450,1,14.6470003128052,35.9000015258789,0.0168210007250309,0,127.888702392578,-85.2402,23.3398,15.8983046734394,63,63,63,63,61,63,0,8764,2.04575969791764,23,-85,0.001869,51,2024-02-18 23:08:52.002479,450,1.037,0.0011,"aoml_navis",1028.73160907388
"7901009",26,0,1,0.01869,1,-0.003738,1,132.289877536062,1,4.86025163048143,452,1,14.5209999084473,35.8800010681152,0.0186899993568659,0,127.568801879883,-85.2402,23.3398,15.8983046734394,63,63,63,63,61,63,0,8764,2.04575969791764,23,-85,0.001869,51,2024-02-18 23:08:52.002479,452,1.037,0.0011,"aoml_navis",1028.75331981623
"7901009",26,0,1,0.013083,1,-0.009345,1,132.04524641998,1,4.86017525153351,454,1,14.4329996109009,35.8639984130859,0.0130829997360706,0,127.332901000977,-85.2402,23.3398,15.8983046734394,63,63,63,63,61,63,0,8764,2.04575969791764,23,-85,0.001869,51,2024-02-18 23:08:52.002479,454,1.037,0.0011,"aoml_navis",1028.76948694852
"7901009",26,0,1,0.020559,1,-0.001869,1,131.553389135872,1,4.86011801925946,456,1,14.3940000534058,35.8569984436035,0.020558999851346,0,126.858596801758,-85.2402,23.3398,15.8983046734394,63,63,63,63,61,63,0,8764,2.04575969791764,23,-85,0.001869,51,2024-02-18 23:08:52.002479,456,1.037,0.0011,"aoml_navis",1028.78160163729
"7901009",26,0,1,0.01869,1,-0.003738,1,131.128528497657,1,4.86004531932949,458,1,14.3159999847412,35.8429985046387,0.0186899993568659,0,126.44889831543,-85.2402,23.3398,15.8983046734394,63,63,63,63,61,63,0,8764,2.04575969791764,23,-85,0.001869,51,2024-02-18 23:08:52.002479,458,1.037,0.0011,"aoml_navis",1028.79699086629
"7901009",26,0,1,0.020559,1,-0.001869,1,130.971733560448,1,4.85992308696187,460,1,14.1660003662109,35.8219985961914,0.020558999851346,0,126.297698974609,-85.2402,23.3398,15.8983046734394,63,63,63,63,61,63,0,8764,2.04575969791764,23,-85,0.001869,51,2024-02-18 23:08:52.002479,460,1.037,0.0011,"aoml_navis",1028.82286623299
"7901009",26,0,1,0.01869,1,-0.003738,1,130.901635511014,1,4.85985739207027,462,1,14.1079998016357,35.8120002746582,0.0186899993568659,0,126.230102539062,-85.2402,23.3398,15.8983046734394,63,63,63,63,61,63,0,8764,2.04575969791764,23,-85,0.001869,51,2024-02-18 23:08:52.002479,462,1.037,0.0011,"aoml_navis",1028.83677372064
"7901009",26,0,1,0.020559,1,-0.001869,1,130.64155275943,1,4.85981108723438,464,1,14.0930004119873,35.8089981079102,0.020558999851346,0,125.979301452637,-85.2402,23.3398,15.8983046734394,63,63,63,63,61,63,0,8764,2.04575969791764,23,-85,0.001869,51,2024-02-18 23:08:52.002479,464,1.037,0.0011,"aoml_navis",1028.8465765951
"7901009",26,0,1,0.024297,1,0.001869,1,130.336776567524,1,4.85975697027826,466,1,14.0600004196167,35.8030014038086,0.0242970008403063,0,125.685401916504,-85.2402,23.3398,15.8983046734394,63,63,63,63,61,63,0,8764,2.04575969791764,23,-85,0.001869,51,2024-02-18 23:08:52.002479,466,1.037,0.0011,"aoml_navis",1028.85803355588
"7901009",26,0,1,0.01869,1,-0.003738,1,130.141403967895,1,4.85969048233238,468,1,14.0080003738403,35.7949981689453,0.0186899993568659,0,125.497001647949,-85.2402,23.3398,15.8983046734394,63,63,63,63,61,63,0,8764,2.04575969791764,23,-85,0.001869,51,2024-02-18 23:08:52.002479,468,1.037,0.0011,"aoml_navis",1028.87210989624
"7901009",26,0,1,0.022428,1,0,1,129.847308630023,1,4.85962408936975,470,1,13.956000328064,35.7869987487793,0.0224280003458261,0,125.213401794434,-85.2402,23.3398,15.8983046734394,63,63,63,63,61,63,0,8764,2.04575969791764,23,-85,0.001869,51,2024-02-18 23:08:52.002479,470,1.037,0.0011,"aoml_navis",1028.88616651179
"7901009",26,0,1,0.020559,1,-0.001869,1,129.522310021147,1,4.85956503622762,472,1,13.91100025177,35.7789993286133,0.020558999851346,0,124.900001525879,-85.2402,23.3398,15.8983046734394,63,63,63,63,61,63,0,8764,2.04575969791764,23,-85,0.001869,51,2024-02-18 23:08:52.002479,472,1.037,0.0011,"aoml_navis",1028.89866947462
"7901009",26,0,1,0.016821,1,-0.005607,1,129.118186063244,1,4.85950036423191,474,1,13.8640003204346,35.7719993591309,0.0168210007250309,0,124.510299682617,-85.2402,23.3398,15.8983046734394,63,63,63,63,61,63,0,8764,2.04575969791764,23,-85,0.001869,51,2024-02-18 23:08:52.002479,474,1.037,0.0011,"aoml_navis",1028.91236243179
"7901009",26,0,1,0.020559,1,-0.001869,1,128.88579441471,1,4.85941404576789,476,1,13.7639999389648,35.7560005187988,0.020558999851346,0,124.286201477051,-85.2402,23.3398,15.8983046734394,63,63,63,63,61,63,0,8764,2.04575969791764,23,-85,0.001869,51,2024-02-18 23:08:52.002479,476,1.037,0.0011,"aoml_navis",1028.93063914867
"7901009",26,0,1,0.031773,1,0.009345,1,128.50510504173,1,4.85935934458576,478,1,13.7299995422363,35.75,0.0317730009555817,0,123.919097900391,-85.2402,23.3398,15.8983046734394,63,63,63,63,61,63,0,8764,2.04575969791764,23,-85,0.001869,51,2024-02-18 23:08:52.002479,478,1.037,0.0011,"aoml_navis",1028.94222168833
"7901009",26,0,1,0.016821,1,-0.005607,1,127.91567222222,1,4.8593087858134,480,1,13.6999998092651,35.7439994812012,0.0168210007250309,0,123.350700378418,-85.2402,23.3398,15.8983046734394,63,63,63,63,61,63,0,8764,2.04575969791764,23,-85,0.001869,51,2024-02-18 23:08:52.002479,480,1.037,0.0011,"aoml_navis",1028.9529273376
"7901009",26,0,1,0.022428,1,0,1,127.127338165378,1,4.85922856097738,482,1,13.6160001754761,35.7309989929199,0.0224280003458261,0,122.59049987793,-85.2402,23.3398,15.8983046734394,63,63,63,63,61,63,0,8764,2.04575969791764,23,-85,0.001869,51,2024-02-18 23:08:52.002479,482,1.037,0.0011,"aoml_navis",1028.96991513285
"7901009",26,0,1,0.022428,1,0,1,126.328220401834,1,4.85914387266559,484,1,13.5129995346069,35.7140007019043,0.0224280003458261,0,121.819900512695,-85.2402,23.3398,15.8983046734394,63,63,63,63,61,63,0,8764,2.04575969791764,23,-85,0.001869,51,2024-02-18 23:08:52.002479,484,1.037,0.0011,"aoml_navis",1028.98784868807
"7901009",26,0,1,0.022428,1,0,1,124.695758671377,1,4.85908720354457,486,1,13.4479999542236,35.7000007629395,0.0224280003458261,0,120.245697021484,-85.2402,23.3398,15.8983046734394,63,63,63,63,61,63,0,8764,2.04575969791764,23,-85,0.001869,51,2024-02-18 23:08:52.002479,486,1.037,0.0011,"aoml_navis",1028.99984926235
"7901009",26,0,1,0.024297,1,0.001869,1,123.2517309413,1,4.85890006323146,488,1,13.1479997634888,35.6570014953613,0.0242970008403063,0,118.853202819824,-85.2402,23.3398,15.8983046734394,63,63,63,63,61,63,0,8764,2.04575969791764,23,-85,0.001869,51,2024-02-18 23:08:52.002479,488,1.037,0.0011,"aoml_navis",1029.03948114436
"7901009",26,0,1,0.022428,1,0,1,122.930878086138,1,4.85876621772764,490,1,12.9309997558594,35.6230010986328,0.0224280003458261,0,118.543800354004,-85.2402,23.3398,15.8983046734394,63,63,63,63,61,63,0,8764,2.04575969791764,23,-85,0.001869,51,2024-02-18 23:08:52.002479,490,1.037,0.0011,"aoml_navis",1029.06782832174
"7901009",26,0,1,0.024297,1,0.001869,1,122.334601608303,1,4.85869084665011,492,1,12.8380002975464,35.6069984436035,0.0242970008403063,0,117.968803405762,-85.2402,23.3398,15.8983046734394,63,63,63,63,61,63,0,8764,2.04575969791764,23,-85,0.001869,51,2024-02-18 23:08:52.002479,492,1.037,0.0011,"aoml_navis",1029.08379187108
"7901009",26,0,1,0.024297,1,0.001869,1,122.263047798024,1,4.85855844770842,494,1,12.6529998779297,35.5820007324219,0.0242970008403063,0,117.899803161621,-85.2402,23.3398,15.8983046734394,63,63,63,63,61,63,0,8764,2.04575969791764,23,-85,0.001869,51,2024-02-18 23:08:52.002479,494,1.037,0.0011,"aoml_navis",1029.11183508728
"7901009",26,0,1,0.024297,1,0.001869,1,122.082296100804,1,4.8585050247283,496,1,12.6149997711182,35.5750007629395,0.0242970008403063,0,117.72550201416,-85.2402,23.3398,15.8983046734394,63,63,63,63,61,63,0,8764,2.04575969791764,23,-85,0.001869,51,2024-02-18 23:08:52.002479,496,1.037,0.0011,"aoml_navis",1029.1231509593
"7901009",26,0,1,0.022428,1,0,1,121.845853639481,1,4.85845874520449,498,1,12.5880002975464,35.5690002441406,0.0224280003458261,0,117.497497558594,-85.2402,23.3398,15.8983046734394,63,63,63,63,61,63,0,8764,2.04575969791764,23,-85,0.001869,51,2024-02-18 23:08:52.002479,498,1.037,0.0011,"aoml_navis",1029.13295393014
"7901009",26,0,1,0.024297,1,0.001869,1,121.496486859922,1,4.85840274750723,500,1,12.5509996414185,35.5629997253418,0.0242970008403063,0,117.160598754883,-85.2402,23.3398,15.8983046734394,63,63,63,63,61,63,0,8764,2.04575969791764,23,-85,0.001869,51,2024-02-18 23:08:52.002479,500,1.037,0.0011,"aoml_navis",1029.14481566301
"7901009",26,0,1,0.01869,1,-0.003738,1,121.019361242637,1,4.8583412141232,502,1,12.4969997406006,35.5540008544922,0.0186899993568659,0,116.700500488281,-85.2402,23.3398,15.8983046734394,63,63,63,63,61,63,0,8764,2.04575969791764,23,-85,0.001869,51,2024-02-18 23:08:52.002479,502,1.037,0.0011,"aoml_navis",1029.1578503101
"7901009",26,0,1,0.024297,1,0.001869,1,120.527401105861,1,4.85826727104064,504,1,12.414999961853,35.5410003662109,0.0242970008403063,0,116.226097106934,-85.2402,23.3398,15.8983046734394,63,63,63,63,61,63,0,8764,2.04575969791764,23,-85,0.001869,51,2024-02-18 23:08:52.002479,504,1.037,0.0011,"aoml_navis",1029.17351414654
"7901009",26,0,1,0.026166,1,0.003738,1,120.093418227127,1,4.85818355331177,506,1,12.3149995803833,35.5260009765625,0.0261659994721413,0,115.807601928711,-85.2402,23.3398,15.8983046734394,63,63,63,63,61,63,0,8764,2.04575969791764,23,-85,0.001869,51,2024-02-18 23:08:52.002479,506,1.037,0.0011,"aoml_navis",1029.19124918439
"7901009",26,0,1,0.020559,1,-0.001869,1,119.956014973795,1,4.85810276657473,508,1,12.2290000915527,35.5139999389648,0.020558999851346,0,115.675102233887,-85.2402,23.3398,15.8983046734394,63,63,63,63,61,63,0,8764,2.04575969791764,23,-85,0.001869,51,2024-02-18 23:08:52.002479,508,1.037,0.0011,"aoml_navis",1029.20836389085
"7901009",26,0,1,0.022428,1,0,1,119.765096685885,1,4.85805248329854,510,1,12.2049999237061,35.5099983215332,0.0224280003458261,0,115.490997314453,-85.2402,23.3398,15.8983046734394,63,63,63,63,61,63,0,8764,2.04575969791764,23,-85,0.001869,51,2024-02-18 23:08:52.002479,510,1.037,0.0011,"aoml_navis",1029.21901671286
"7901009",26,0,1,0.022428,1,0,1,119.370308585582,1,4.85800795899086,512,1,12.1870002746582,35.5060005187988,0.0224280003458261,0,115.110298156738,-85.2402,23.3398,15.8983046734394,63,63,63,63,61,63,0,8764,2.04575969791764,23,-85,0.001869,51,2024-02-18 23:08:52.002479,512,1.037,0.0011,"aoml_navis",1029.22844964598
"7901009",26,0,1,0.026166,1,0.003738,1,119.169650941142,1,4.85793673077111,514,1,12.1219997406006,35.4970016479492,0.0261659994721413,0,114.916801452637,-85.2402,23.3398,15.8983046734394,63,63,63,63,61,63,0,8764,2.04575969791764,23,-85,0.001869,51,2024-02-18 23:08:52.002479,514,1.037,0.0011,"aoml_navis",1029.24354043745
"7901009",26,0,1,0.026166,1,0.003738,1,119.089077743012,1,4.85788126806136,516,1,12.081000328064,35.4900016784668,0.0261659994721413,0,114.83910369873,-85.2402,23.3398,15.8983046734394,63,63,63,63,61,63,0,8764,2.04575969791764,23,-85,0.001869,51,2024-02-18 23:08:52.002479,516,1.037,0.0011,"aoml_navis",1029.25529137013
"7901009",26,0,1,0.022428,1,0,1,119.020008220263,1,4.85782159211957,518,1,12.0469999313354,35.4860000610352,0.0224280003458261,0,114.772499084473,-85.2402,23.3398,15.8983046734394,63,63,63,63,61,63,0,8764,2.04575969791764,23,-85,0.001869,51,2024-02-18 23:08:52.002479,518,1.037,0.0011,"aoml_navis",1029.26793526363
"7901009",26,0,1,0.026166,1,0.003738,1,118.915889672797,1,4.8577706687298,520,1,12.0260000228882,35.4830017089844,0.0261659994721413,0,114.672096252441,-85.2402,23.3398,15.8983046734394,63,63,63,63,61,63,0,8764,2.04575969791764,23,-85,0.001869,51,2024-02-18 23:08:52.002479,520,1.037,0.0011,"aoml_navis",1029.278724948
"7901009",26,0,1,0.022428,1,0,1,118.69480390605,1,4.85772579584676,522,1,12.0190000534058,35.4819984436035,0.0224280003458261,0,114.45890045166,-85.2402,23.3398,15.8983046734394,63,63,63,63,61,63,0,8764,2.04575969791764,23,-85,0.001869,51,2024-02-18 23:08:52.002479,522,1.037,0.0011,"aoml_navis",1029.28823283416
"7901009",26,0,1,0.024297,1,0.001869,1,118.357882299376,1,4.85768376644966,524,1,12.0150003433228,35.4809989929199,0.0242970008403063,0,114.134002685547,-85.2402,23.3398,15.8983046734394,63,63,63,63,61,63,0,8764,2.04575969791764,23,-85,0.001869,51,2024-02-18 23:08:52.002479,524,1.037,0.0011,"aoml_navis",1029.2971383879
"7901009",26,0,1,0.01869,1,-0.003738,1,117.808989254731,1,4.85764443597202,526,1,12.0100002288818,35.4790000915527,0.0186899993568659,0,113.604698181152,-85.2402,23.3398,15.8983046734394,63,63,63,63,61,63,0,8764,2.04575969791764,23,-85,0.001869,51,2024-02-18 23:08:52.002479,526,1.037,0.0011,"aoml_navis",1029.30547221073
"7901009",26,0,1,0.020559,1,-0.001869,1,116.981254714121,1,4.85759258782285,528,1,11.9879999160767,35.476001739502,0.020558999851346,0,112.806503295898,-85.2402,23.3398,15.8983046734394,63,63,63,63,61,63,0,8764,2.04575969791764,23,-85,0.001869,51,2024-02-18 23:08:52.002479,528,1.037,0.0011,"aoml_navis",1029.31645863717
"7901009",26,0,1,0.022428,1,0,1,116.143867846163,1,4.85753302669291,530,1,11.9540004730225,35.4720001220703,0.0224280003458261,0,111.999000549316,-85.2402,23.3398,15.8983046734394,63,63,63,63,61,63,0,8764,2.04575969791764,23,-85,0.001869,51,2024-02-18 23:08:52.002479,530,1.037,0.0011,"aoml_navis",1029.32907970449
"7901009",26,0,1,0.020559,1,-0.001869,1,115.397426472363,1,4.85746010474106,532,1,11.9020004272461,35.4669990539551,0.020558999851346,0,111.279197692871,-85.2402,23.3398,15.8983046734394,63,63,63,63,61,63,0,8764,2.04575969791764,23,-85,0.001869,51,2024-02-18 23:08:52.002479,532,1.037,0.0011,"aoml_navis",1029.34453236576
"7901009",26,0,1,0.026166,1,0.003738,1,114.92289590702,1,4.85740107717237,534,1,11.8529996871948,35.4589996337891,0.0261659994721413,0,110.821601867676,-85.2402,23.3398,15.8983046734394,63,63,63,63,61,63,0,8764,2.04575969791764,23,-85,0.001869,51,2024-02-18 23:08:52.002479,534,1.037,0.0011,"aoml_navis",1029.3570410518
"7901009",26,0,1,0.028035,1,0.005607,1,114.55434314892,1,4.85734476645352,536,1,11.8299999237061,35.4570007324219,0.0280349999666214,0,110.466201782227,-85.2402,23.3398,15.8983046734394,63,63,63,63,61,63,0,8764,2.04575969791764,23,-85,0.001869,51,2024-02-18 23:08:52.002479,536,1.037,0.0011,"aoml_navis",1029.36897428647
"7901009",26,0,1,0.026166,1,0.003738,1,114.145242704212,1,4.85729979691291,538,1,11.8190002441406,35.4550018310547,0.0261659994721413,0,110.071701049805,-85.2402,23.3398,15.8983046734394,63,63,63,63,61,63,0,8764,2.04575969791764,23,-85,0.001869,51,2024-02-18 23:08:52.002479,538,1.037,0.0011,"aoml_navis",1029.37850432411
"7901009",26,0,1,0.026166,1,0.003738,1,113.865143240995,1,4.85723951756648,540,1,11.7840003967285,35.451000213623,0.0261659994721413,0,109.801597595215,-85.2402,23.3398,15.8983046734394,63,63,63,63,61,63,0,8764,2.04575969791764,23,-85,0.001869,51,2024-02-18 23:08:52.002479,540,1.037,0.0011,"aoml_navis",1029.39127912412
"7901009",26,0,1,0.026166,1,0.003738,1,113.674747128171,1,4.85719162229227,542,1,11.7659997940063,35.4480018615723,0.0261659994721413,0,109.61799621582,-85.2402,23.3398,15.8983046734394,63,63,63,63,61,63,0,8764,2.04575969791764,23,-85,0.001869,51,2024-02-18 23:08:52.002479,542,1.037,0.0011,"aoml_navis",1029.40142963524
"7901009",26,0,1,0.026166,1,0.003738,1,113.576649417682,1,4.85713683476848,544,1,11.7290000915527,35.4420013427734,0.0261659994721413,0,109.523399353027,-85.2402,23.3398,15.8983046734394,63,63,63,63,61,63,0,8764,2.04575969791764,23,-85,0.001869,51,2024-02-18 23:08:52.002479,544,1.037,0.0011,"aoml_navis",1029.41304107574
"7901009",26,0,1,0.028035,1,0.005607,1,113.455734238281,1,4.8570815826007,546,1,11.7069997787476,35.439998626709,0.0280349999666214,0,109.406799316406,-85.2402,23.3398,15.8983046734394,63,63,63,63,61,63,0,8764,2.04575969791764,23,-85,0.001869,51,2024-02-18 23:08:52.002479,546,1.037,0.0011,"aoml_navis",1029.42475125624
"7901009",26,0,1,0.029904,1,0.007476,1,113.306305134483,1,4.85704030981553,548,1,11.6960000991821,35.4370002746582,0.0299040004611015,0,109.262702941895,-85.2402,23.3398,15.8983046734394,63,63,63,63,61,63,0,8764,2.04575969791764,23,-85,0.001869,51,2024-02-18 23:08:52.002479,548,1.037,0.0011,"aoml_navis",1029.43349881111
"7901009",26,0,1,0.028035,1,0.005607,1,113.30806154159,1,4.856973249034,550,1,11.6379995346069,35.4290008544922,0.0280349999666214,0,109.26439666748,-85.2402,23.3398,15.8983046734394,63,63,63,63,61,63,0,8764,2.04575969791764,23,-85,0.001869,51,2024-02-18 23:08:52.002479,550,1.037,0.0011,"aoml_navis",1029.4477123164
"7901009",26,0,1,0.024297,1,0.001869,1,113.424830967278,1,4.85690151128199,552,1,11.5670003890991,35.4189987182617,0.0242970008403063,0,109.376998901367,-85.2402,23.3398,15.8983046734394,63,63,63,63,61,63,0,8764,2.04575969791764,23,-85,0.001869,51,2024-02-18 23:08:52.002479,552,1.037,0.0011,"aoml_navis",1029.46291753819
"7901009",26,0,1,0.024297,1,0.001869,1,113.500847001021,1,4.85683942088392,554,1,11.5139999389648,35.4109992980957,0.0242970008403063,0,109.450302124023,-85.2402,23.3398,15.8983046734394,63,63,63,63,61,63,0,8764,2.04575969791764,23,-85,0.001869,51,2024-02-18 23:08:52.002479,554,1.037,0.0011,"aoml_navis",1029.47607831144
"7901009",26,0,1,0.022428,1,0,1,113.468804438921,1,4.85679256778244,556,1,11.4930000305176,35.4070014953613,0.0224280003458261,0,109.419403076172,-85.2402,23.3398,15.8983046734394,63,63,63,63,61,63,0,8764,2.04575969791764,23,-85,0.001869,51,2024-02-18 23:08:52.002479,556,1.037,0.0011,"aoml_navis",1029.48600958738
"7901009",26,0,1,0.022428,1,0,1,113.424316703936,1,4.85674481530708,558,1,11.4709997177124,35.4029998779297,0.0224280003458261,0,109.376502990723,-85.2402,23.3398,15.8983046734394,63,63,63,63,61,63,0,8764,2.04575969791764,23,-85,0.001869,51,2024-02-18 23:08:52.002479,558,1.037,0.0011,"aoml_navis",1029.49613169739
"7901009",26,0,1,0.026166,1,0.003738,1,113.429910306752,1,4.85668402963859,560,1,11.4309997558594,35.3979988098145,0.0261659994721413,0,109.381896972656,-85.2402,23.3398,15.8983046734394,63,63,63,63,61,63,0,8764,2.04575969791764,23,-85,0.001869,51,2024-02-18 23:08:52.002479,560,1.037,0.0011,"aoml_navis",1029.50901674616
"7901009",26,0,1,0.024297,1,0.001869,1,113.280789760959,1,4.85663904074206,562,1,11.4079999923706,35.3930015563965,0.0242970008403063,0,109.238098144531,-85.2402,23.3398,15.8983046734394,63,63,63,63,61,63,0,8764,2.04575969791764,23,-85,0.001869,51,2024-02-18 23:08:52.002479,562,1.037,0.0011,"aoml_navis",1029.51855348015
"7901009",26,0,1,0.026166,1,0.003738,1,113.186007071092,1,4.85658940842729,564,1,11.3760004043579,35.3870010375977,0.0261659994721413,0,109.146697998047,-85.2402,23.3398,15.8983046734394,63,63,63,63,61,63,0,8764,2.04575969791764,23,-85,0.001869,51,2024-02-18 23:08:52.002479,564,1.037,0.0011,"aoml_navis",1029.52907472966
"7901009",26,0,1,0.022428,1,0,1,113.26886676316,1,4.85649899149685,566,1,11.2720003128052,35.3740005493164,0.0224280003458261,0,109.226600646973,-85.2402,23.3398,15.8983046734394,63,63,63,63,61,63,0,8764,2.04575969791764,23,-85,0.001869,51,2024-02-18 23:08:52.002479,566,1.037,0.0011,"aoml_navis",1029.54824221201
"7901009",26,0,1,0.026166,1,0.003738,1,113.382835431568,1,4.85641911874408,568,1,11.1750001907349,35.3600006103516,0.0261659994721413,0,109.336502075195,-85.2402,23.3398,15.8983046734394,63,63,63,63,61,63,0,8764,2.04575969791764,23,-85,0.001869,51,2024-02-18 23:08:52.002479,568,1.037,0.0011,"aoml_navis",1029.56517502819
"7901009",26,0,1,0.026166,1,0.003738,1,113.35130713281,1,4.85637805691882,570,1,11.1639995574951,35.3569984436035,0.0261659994721413,0,109.306098937988,-85.2402,23.3398,15.8983046734394,63,63,63,63,61,63,0,8764,2.04575969791764,23,-85,0.001869,51,2024-02-18 23:08:52.002479,570,1.037,0.0011,"aoml_navis",1029.57388024529
"7901009",26,0,1,0.024297,1,0.001869,1,113.319786745796,1,4.85632782626734,572,1,11.1389999389648,35.3530006408691,0.0242970008403063,0,109.275703430176,-85.2402,23.3398,15.8983046734394,63,63,63,63,61,63,0,8764,2.04575969791764,23,-85,0.001869,51,2024-02-18 23:08:52.002479,572,1.037,0.0011,"aoml_navis",1029.58452947833
"7901009",26,0,1,0.026166,1,0.003738,1,113.181964170047,1,4.8562867742453,574,1,11.1239995956421,35.3489990234375,0.0261659994721413,0,109.142799377441,-85.2402,23.3398,15.8983046734394,63,63,63,63,61,63,0,8764,2.04575969791764,23,-85,0.001869,51,2024-02-18 23:08:52.002479,574,1.037,0.0011,"aoml_navis",1029.59323294433
"7901009",26,0,1,0.024297,1,0.001869,1,113.1030524381,1,4.85622564834009,576,1,11.0749998092651,35.3419990539551,0.0242970008403063,0,109.066703796387,-85.2402,23.3398,15.8983046734394,63,63,63,63,61,63,0,8764,2.04575969791764,23,-85,0.001869,51,2024-02-18 23:08:52.002479,576,1.037,0.0011,"aoml_navis",1029.60619256007
"7901009",26,0,1,0.028035,1,0.005607,1,113.079301383427,1,4.85615112363414,578,1,10.9829998016357,35.3279991149902,0.0280349999666214,0,109.043800354004,-85.2402,23.3398,15.8983046734394,63,63,63,63,61,63,0,8764,2.04575969791764,23,-85,0.001869,51,2024-02-18 23:08:52.002479,578,1.037,0.0011,"aoml_navis",1029.62199336544
"7901009",26,0,1,0.028035,1,0.005607,1,113.00110962016,1,4.8560822400558,580,1,10.9130001068115,35.318000793457,0.0280349999666214,0,108.968399047852,-85.2402,23.3398,15.8983046734394,63,63,63,63,61,63,0,8764,2.04575969791764,23,-85,0.001869,51,2024-02-18 23:08:52.002479,580,1.037,0.0011,"aoml_navis",1029.63659856439
"7901009",26,0,1,0.026166,1,0.003738,1,113.229980542735,1,4.85597610468547,582,1,10.7770004272461,35.3019981384277,0.0261659994721413,0,109.189102172852,-85.2402,23.3398,15.8983046734394,63,63,63,63,61,63,0,8764,2.04575969791764,23,-85,0.001869,51,2024-02-18 23:08:52.002479,582,1.037,0.0011,"aoml_navis",1029.6591029712
"7901009",26,0,1,0.028035,1,0.005607,1,113.221056095809,1,4.85590598869048,584,1,10.7089996337891,35.2929992675781,0.0280349999666214,0,109.18049621582,-85.2402,23.3398,15.8983046734394,63,63,63,63,61,63,0,8764,2.04575969791764,23,-85,0.001869,51,2024-02-18 23:08:52.002479,584,1.037,0.0011,"aoml_navis",1029.67397055155
"7901009",26,0,1,0.024297,1,0.001869,1,113.186109923761,1,4.8558560585804,586,1,10.6920003890991,35.2910003662109,0.0242970008403063,0,109.146797180176,-85.2402,23.3398,15.8983046734394,63,63,63,63,61,63,0,8764,2.04575969791764,23,-85,0.001869,51,2024-02-18 23:08:52.002479,586,1.037,0.0011,"aoml_navis",1029.68455812542
"7901009",26,0,1,0.024297,1,0.001869,1,113.112586089293,1,4.85581150604936,588,1,10.6809997558594,35.2890014648438,0.0242970008403063,0,109.075897216797,-85.2402,23.3398,15.8983046734394,63,63,63,63,61,63,0,8764,2.04575969791764,23,-85,0.001869,51,2024-02-18 23:08:52.002479,588,1.037,0.0011,"aoml_navis",1029.69400557888
"7901009",26,0,1,0.028035,1,0.005607,1,113.064577628349,1,4.85576786678523,590,1,10.6709995269775,35.2869987487793,0.0280349999666214,0,109.029602050781,-85.2402,23.3398,15.8983046734394,63,63,63,63,61,63,0,8764,2.04575969791764,23,-85,0.001869,51,2024-02-18 23:08:52.002479,590,1.037,0.0011,"aoml_navis",1029.70325954034
"7901009",26,0,1,0.024297,1,0.001869,1,113.018736985186,1,4.85572048226151,592,1,10.664999961853,35.2869987487793,0.0242970008403063,0,108.985397338867,-85.2402,23.3398,15.8983046734394,63,63,63,63,61,63,0,8764,2.04575969791764,23,-85,0.001869,51,2024-02-18 23:08:52.002479,592,1.037,0.0011,"aoml_navis",1029.71330789438
"7901009",26,0,1,0.028035,1,0.005607,1,112.999661771057,1,4.8556795981592,594,1,10.6540002822876,35.2840003967285,0.0280349999666214,0,108.967002868652,-85.2402,23.3398,15.8983046734394,63,63,63,63,61,63,0,8764,2.04575969791764,23,-85,0.001869,51,2024-02-18 23:08:52.002479,594,1.037,0.0011,"aoml_navis",1029.72197792777
"7901009",26,0,1,0.028035,1,0.005607,1,112.998933890634,1,4.85563247671799,596,1,10.6359996795654,35.2809982299805,0.0280349999666214,0,108.966300964355,-85.2402,23.3398,15.8983046734394,63,63,63,63,61,63,0,8764,2.04575969791764,23,-85,0.001869,51,2024-02-18 23:08:52.002479,596,1.037,0.0011,"aoml_navis",1029.73197085534
"7901009",26,0,1,0.028035,1,0.005607,1,113.007225398062,1,4.85557928159993,598,1,10.6029996871948,35.2760009765625,0.0280349999666214,0,108.974296569824,-85.2402,23.3398,15.8983046734394,63,63,63,63,61,63,0,8764,2.04575969791764,23,-85,0.001869,51,2024-02-18 23:08:52.002479,598,1.037,0.0011,"aoml_navis",1029.74325204561
"7901009",26,0,4,0.01869,1,-0.003738,1,112.957144060261,1,4.85552623884265,600,1,10.5659999847412,35.2700004577637,0.0186899993568659,0,108.926002502441,-85.2402,23.3398,15.8983046734394,63,63,63,63,61,63,0,8764,2.04575969791764,23,-85,0.001869,51,2024-02-18 23:08:52.002479,600,1.037,0.0011,"aoml_navis",1029.75450117056
"7901009",26,0,1,0.024297,1,0.001869,1,112.950403254604,1,4.8554713722858,602,1,10.5310001373291,35.2649993896484,0.0242970008403063,0,108.919502258301,-85.2402,23.3398,15.8983046734394,63,63,63,63,61,63,0,8764,2.04575969791764,23,-85,0.001869,51,2024-02-18 23:08:52.002479,602,1.037,0.0011,"aoml_navis",1029.76613733924
"7901009",26,0,1,0.026166,1,0.003738,1,112.879783030084,1,4.85541510716254,604,1,10.4820003509521,35.2569999694824,0.0261659994721413,0,108.851402282715,-85.2402,23.3398,15.8983046734394,63,63,63,63,61,63,0,8764,2.04575969791764,23,-85,0.001869,51,2024-02-18 23:08:52.002479,604,1.037,0.0011,"aoml_navis",1029.77807039076
"7901009",26,0,1,0.029904,1,0.007476,1,112.69872277486,1,4.85535452085962,606,1,10.4280004501343,35.2490005493164,0.0299040004611015,0,108.676803588867,-85.2402,23.3398,15.8983046734394,63,63,63,63,61,63,0,8764,2.04575969791764,23,-85,0.001869,51,2024-02-18 23:08:52.002479,606,1.037,0.0011,"aoml_navis",1029.79092021375
"7901009",26,0,1,0.026166,1,0.003738,1,112.603417909908,1,4.85527156406974,608,1,10.3360004425049,35.2379989624023,0.0261659994721413,0,108.584899902344,-85.2402,23.3398,15.8983046734394,63,63,63,63,61,63,0,8764,2.04575969791764,23,-85,0.001869,51,2024-02-18 23:08:52.002479,608,1.037,0.0011,"aoml_navis",1029.8085151408
"7901009",26,0,1,0.024297,1,0.001869,1,112.481671997415,1,4.85520567088924,609.900024414062,1,10.2690000534058,35.2290000915527,0.0242970008403063,0,108.467498779297,-85.2402,23.3398,15.8983046734394,63,63,63,63,61,63,0,8764,2.04575969791764,23,-85,0.001869,51,2024-02-18 23:08:52.002479,609.900024414062,1.037,0.0011,"aoml_navis",1029.82249134757
"7901009",26,0,1,0.029904,1,0.007476,1,112.29345952586,1,4.85513719432396,612,1,10.2119998931885,35.2220001220703,0.0299040004611015,0,108.286003112793,-85.2402,23.3398,15.8983046734394,63,63,63,63,61,63,0,8764,2.04575969791764,23,-85,0.001869,51,2024-02-18 23:08:52.002479,612,1.037,0.0011,"aoml_navis",1029.83701590254
"7901009",26,0,1,0.028035,1,0.005607,1,112.208321251598,1,4.85507323796868,614,1,10.1660003662109,35.2169990539551,0.0280349999666214,0,108.203903198242,-85.2402,23.3398,15.8983046734394,63,63,63,63,61,63,0,8764,2.04575969791764,23,-85,0.001869,51,2024-02-18 23:08:52.002479,614,1.037,0.0011,"aoml_navis",1029.85058204641
"7901009",26,0,1,0.028035,1,0.005607,1,112.374863457081,1,4.85499616895844,616,1,10.0880002975464,35.2080001831055,0.0280349999666214,0,108.364501953125,-85.2402,23.3398,15.8983046734394,63,63,63,63,61,63,0,8764,2.04575969791764,23,-85,0.001869,51,2024-02-18 23:08:52.002479,616,1.037,0.0011,"aoml_navis",1029.86693006447
"7901009",26,0,1,0.026166,1,0.003738,1,112.410948920227,1,4.85493611301294,618,1,10.0419998168945,35.2019996643066,0.0261659994721413,0,108.399299621582,-85.2402,23.3398,15.8983046734394,63,63,63,63,61,63,0,8764,2.04575969791764,23,-85,0.001869,51,2024-02-18 23:08:52.002479,618,1.037,0.0011,"aoml_navis",1029.87966960023
"7901009",26,0,1,0.024297,1,0.001869,1,112.371643377384,1,4.85488852835005,620,1,10.0229997634888,35.1990013122559,0.0242970008403063,0,108.361396789551,-85.2402,23.3398,15.8983046734394,63,63,63,63,61,63,0,8764,2.04575969791764,23,-85,0.001869,51,2024-02-18 23:08:52.002479,620,1.037,0.0011,"aoml_navis",1029.88976385402
"7901009",26,0,1,0.024297,1,0.001869,1,112.391351531011,1,4.85483338105901,622,1,9.99100017547607,35.1949996948242,0.0242970008403063,0,108.380401611328,-85.2402,23.3398,15.8983046734394,63,63,63,63,61,63,0,8764,2.04575969791764,23,-85,0.001869,51,2024-02-18 23:08:52.002479,622,1.037,0.0011,"aoml_navis",1029.90146263461
"7901009",26,0,1,0.026166,1,0.003738,1,112.412404681073,1,4.85478517171752,624,1,9.96700000762939,35.1910018920898,0.0261659994721413,0,108.400703430176,-85.2402,23.3398,15.8983046734394,63,63,63,63,61,63,0,8764,2.04575969791764,23,-85,0.001869,51,2024-02-18 23:08:52.002479,624,1.037,0.0011,"aoml_navis",1029.91168983716
"7901009",26,0,1,0.026166,1,0.003738,1,112.44713723604,1,4.85473396524513,626,1,9.93099975585938,35.185001373291,0.0261659994721413,0,108.434196472168,-85.2402,23.3398,15.8983046734394,63,63,63,63,61,63,0,8764,2.04575969791764,23,-85,0.001869,51,2024-02-18 23:08:52.002479,626,1.037,0.0011,"aoml_navis",1029.92255307805
"7901009",26,0,1,0.028035,1,0.005607,1,112.505106582338,1,4.85466410211874,628,1,9.86900043487549,35.1780014038086,0.0280349999666214,0,108.490097045898,-85.2402,23.3398,15.8983046734394,63,63,63,63,61,63,0,8764,2.04575969791764,23,-85,0.001869,51,2024-02-18 23:08:52.002479,628,1.037,0.0011,"aoml_navis",1029.93737462038
"7901009",26,0,1,0.029904,1,0.007476,1,112.458443117828,1,4.85461023858256,630,1,9.83399963378906,35.1730003356934,0.0299040004611015,0,108.445098876953,-85.2402,23.3398,15.8983046734394,63,63,63,63,61,63,0,8764,2.04575969791764,23,-85,0.001869,51,2024-02-18 23:08:52.002479,630,1.037,0.0011,"aoml_navis",1029.94880212255
"7901009",26,0,1,0.029904,1,0.007476,1,112.397467308913,1,4.85455424735805,631.900024414062,1,9.79399967193604,35.1679992675781,0.0299040004611015,0,108.386299133301,-85.2402,23.3398,15.8983046734394,63,63,63,63,61,63,0,8764,2.04575969791764,23,-85,0.001869,51,2024-02-18 23:08:52.002479,631.900024414062,1.037,0.0011,"aoml_navis",1029.96068129656
"7901009",26,0,1,0.035511,1,0.013083,1,112.468609708519,1,4.85449069184009,634,1,9.75,35.1629981994629,0.0355109982192516,0,108.454902648926,-85.2402,23.3398,15.8983046734394,63,63,63,63,61,63,0,8764,2.04575969791764,23,-85,0.001869,51,2024-02-18 23:08:52.002479,634,1.037,0.0011,"aoml_navis",1029.97416565336
"7901009",26,0,1,0.033642,1,0.011214,1,112.536840586433,1,4.85443844249053,636,1,9.7209997177124,35.1590003967285,0.0336420014500618,0,108.520698547363,-85.2402,23.3398,15.8983046734394,63,63,63,63,61,63,0,8764,2.04575969791764,23,-85,0.001869,51,2024-02-18 23:08:52.002479,636,1.037,0.0011,"aoml_navis",1029.98525148355
"7901009",26,0,1,0.029904,1,0.007476,1,112.621670302689,1,4.85438913306464,638,1,9.70400047302246,35.1570014953613,0.0299040004611015,0,108.602500915527,-85.2402,23.3398,15.8983046734394,63,63,63,63,61,63,0,8764,2.04575969791764,23,-85,0.001869,51,2024-02-18 23:08:52.002479,638,1.037,0.0011,"aoml_navis",1029.99571376418
"7901009",26,0,1,0.029904,1,0.007476,1,112.685652574221,1,4.85432725052809,640,1,9.65499973297119,35.1510009765625,0.0299040004611015,0,108.664199829102,-85.2402,23.3398,15.8983046734394,63,63,63,63,61,63,0,8764,2.04575969791764,23,-85,0.001869,51,2024-02-18 23:08:52.002479,640,1.037,0.0011,"aoml_navis",1030.00884405889
"7901009",26,0,1,0.028035,1,0.005607,1,112.626441084157,1,4.85429388293171,642,1,9.66100025177002,35.1500015258789,0.0280349999666214,0,108.60710144043,-85.2402,23.3398,15.8983046734394,63,63,63,63,61,63,0,8764,2.04575969791764,23,-85,0.001869,51,2024-02-18 23:08:52.002479,642,1.037,0.0011,"aoml_navis",1030.01592416574
"7901009",26,0,1,0.026166,1,0.003738,1,112.613995911272,1,4.85423946097496,644,1,9.625,35.1450004577637,0.0261659994721413,0,108.595100402832,-85.2402,23.3398,15.8983046734394,63,63,63,63,61,63,0,8764,2.04575969791764,23,-85,0.001869,51,2024-02-18 23:08:52.002479,644,1.037,0.0011,"aoml_navis",1030.02747190304
"7901009",26,0,1,0.031773,1,0.009345,1,112.447453705789,1,4.85418790708604,646,1,9.58800029754639,35.1389999389648,0.0317730009555817,0,108.434501647949,-85.2402,23.3398,15.8983046734394,63,63,63,63,61,63,0,8764,2.04575969791764,23,-85,0.001869,51,2024-02-18 23:08:52.002479,646,1.037,0.0011,"aoml_navis",1030.03841130689
"7901009",26,0,1,0.026166,1,0.003738,1,112.449732287983,1,4.85408802636763,648,1,9.47200012207031,35.1279983520508,0.0261659994721413,0,108.436698913574,-85.2402,23.3398,15.8983046734394,63,63,63,63,61,63,0,8764,2.04575969791764,23,-85,0.001869,51,2024-02-18 23:08:52.002479,648,1.037,0.0011,"aoml_navis",1030.05960601451
"7901009",26,0,1,0.028035,1,0.005607,1,112.392696527445,1,4.85403471774633,650,1,9.4370002746582,35.1230010986328,0.0280349999666214,0,108.381698608398,-85.2402,23.3398,15.8983046734394,63,63,63,63,61,63,0,8764,2.04575969791764,23,-85,0.001869,51,2024-02-18 23:08:52.002479,650,1.037,0.0011,"aoml_navis",1030.07091847119
"7901009",26,0,1,0.028035,1,0.005607,1,112.43251633363,1,4.85396835439241,652,1,9.38199996948242,35.117000579834,0.0280349999666214,0,108.420097351074,-85.2402,23.3398,15.8983046734394,63,63,63,63,61,63,0,8764,2.04575969791764,23,-85,0.001869,51,2024-02-18 23:08:52.002479,652,1.037,0.0011,"aoml_navis",1030.08500157926
"7901009",26,0,1,0.028035,1,0.005607,1,112.346760943358,1,4.85391319975407,654,1,9.34899997711182,35.1129989624023,0.0280349999666214,0,108.33740234375,-85.2402,23.3398,15.8983046734394,63,63,63,63,61,63,0,8764,2.04575969791764,23,-85,0.001869,51,2024-02-18 23:08:52.002479,654,1.037,0.0011,"aoml_navis",1030.09670635506
"7901009",26,0,1,0.029904,1,0.007476,1,112.315129791932,1,4.85386663511227,656,1,9.33500003814697,35.1110000610352,0.0299040004611015,0,108.306900024414,-85.2402,23.3398,15.8983046734394,63,63,63,63,61,63,0,8764,2.04575969791764,23,-85,0.001869,51,2024-02-18 23:08:52.002479,656,1.037,0.0011,"aoml_navis",1030.10658839092
"7901009",26,0,1,0.028035,1,0.005607,1,112.371129114042,1,4.85379985086089,658,1,9.28800010681152,35.1069984436035,0.0280349999666214,0,108.360900878906,-85.2402,23.3398,15.8983046734394,63,63,63,63,61,63,0,8764,2.04575969791764,23,-85,0.001869,51,2024-02-18 23:08:52.002479,658,1.037,0.0011,"aoml_navis",1030.12076180133
"7901009",26,0,1,0.028035,1,0.005607,1,112.373510548904,1,4.85374647250252,660,1,9.25699996948242,35.1030006408691,0.0280349999666214,0,108.36319732666,-85.2402,23.3398,15.8983046734394,63,63,63,63,61,63,0,8764,2.04575969791764,23,-85,0.001869,51,2024-02-18 23:08:52.002479,660,1.037,0.0011,"aoml_navis",1030.13209040193
"7901009",26,0,1,0.026166,1,0.003738,1,112.344893771838,1,4.85369579027382,662,1,9.23799991607666,35.101001739502,0.0261659994721413,0,108.335601806641,-85.2402,23.3398,15.8983046734394,63,63,63,63,61,63,0,8764,2.04575969791764,23,-85,0.001869,51,2024-02-18 23:08:52.002479,662,1.037,0.0011,"aoml_navis",1030.1428470279
"7901009",26,0,1,0.028035,1,0.005607,1,112.266496303233,1,4.8536488002551,664,1,9.2189998626709,35.0979995727539,0.0280349999666214,0,108.26000213623,-85.2402,23.3398,15.8983046734394,63,63,63,63,61,63,0,8764,2.04575969791764,23,-85,0.001869,51,2024-02-18 23:08:52.002479,664,1.037,0.0011,"aoml_navis",1030.15282023232
"7901009",26,0,1,0.028035,1,0.005607,1,112.229785812334,1,4.85359731379922,666,1,9.19900035858154,35.0960006713867,0.0280349999666214,0,108.224601745605,-85.2402,23.3398,15.8983046734394,63,63,63,63,61,63,0,8764,2.04575969791764,23,-85,0.001869,51,2024-02-18 23:08:52.002479,666,1.037,0.0011,"aoml_navis",1030.16374798637
"7901009",26,0,1,0.028035,1,0.005607,1,112.227712935477,1,4.85354952040587,668,1,9.17899990081787,35.0929985046387,0.0280349999666214,0,108.222602844238,-85.2402,23.3398,15.8983046734394,63,63,63,63,61,63,0,8764,2.04575969791764,23,-85,0.001869,51,2024-02-18 23:08:52.002479,668,1.037,0.0011,"aoml_navis",1030.17389211306
"7901009",26,0,1,0.029904,1,0.007476,1,112.319172692977,1,4.85348372134329,670,1,9.12399959564209,35.0870018005371,0.0299040004611015,0,108.31079864502,-85.2402,23.3398,15.8983046734394,63,63,63,63,61,63,0,8764,2.04575969791764,23,-85,0.001869,51,2024-02-18 23:08:52.002479,670,1.037,0.0011,"aoml_navis",1030.18785826197
"7901009",26,0,1,0.026166,1,0.003738,1,112.419351192066,1,4.85343882472827,672,1,9.10299968719482,35.0830001831055,0.0261659994721413,0,108.407402038574,-85.2402,23.3398,15.8983046734394,63,63,63,63,61,63,0,8764,2.04575969791764,23,-85,0.001869,51,2024-02-18 23:08:52.002479,672,1.037,0.0011,"aoml_navis",1030.19738798911
"7901009",26,0,1,0.028035,1,0.005607,1,112.766645094768,1,4.8533491828922,674,1,9.00100040435791,35.0730018615723,0.0280349999666214,0,108.742301940918,-85.2402,23.3398,15.8983046734394,63,63,63,63,61,63,0,8764,2.04575969791764,23,-85,0.001869,51,2024-02-18 23:08:52.002479,674,1.037,0.0011,"aoml_navis",1030.21641583605
"7901009",26,0,1,0.028035,1,0.005607,1,113.035019353779,1,4.85327805980777,676,1,8.93000030517578,35.064998626709,0.0280349999666214,0,109.001098632812,-85.2402,23.3398,15.8983046734394,63,63,63,63,61,63,0,8764,2.04575969791764,23,-85,0.001869,51,2024-02-18 23:08:52.002479,676,1.037,0.0011,"aoml_navis",1030.23151329558
"7901009",26,0,1,0.026166,1,0.003738,1,113.188704975704,1,4.85322186221954,678,1,8.89500045776367,35.0610008239746,0.0261659994721413,0,109.149299621582,-85.2402,23.3398,15.8983046734394,63,63,63,63,61,63,0,8764,2.04575969791764,23,-85,0.001869,51,2024-02-18 23:08:52.002479,678,1.037,0.0011,"aoml_navis",1030.24344279891
"7901009",26,0,1,0.026166,1,0.003738,1,113.336994788405,1,4.85317797291487,680,1,8.875,35.056999206543,0.0261659994721413,0,109.292297363281,-85.2402,23.3398,15.8983046734394,63,63,63,63,61,63,0,8764,2.04575969791764,23,-85,0.001869,51,2024-02-18 23:08:52.002479,680,1.037,0.0011,"aoml_navis",1030.25275971838
"7901009",26,0,1,0.028035,1,0.005607,1,113.567005002077,1,4.85311777695686,682,1,8.83500003814697,35.0530014038086,0.0280349999666214,0,109.514099121094,-85.2402,23.3398,15.8983046734394,63,63,63,63,61,63,0,8764,2.04575969791764,23,-85,0.001869,51,2024-02-18 23:08:52.002479,682,1.037,0.0011,"aoml_navis",1030.26553852465
"7901009",26,0,1,0.028035,1,0.005607,1,113.862136778378,1,4.85307434554511,684,1,8.81099987030029,35.0480003356934,0.0280349999666214,0,109.798698425293,-85.2402,23.3398,15.8983046734394,63,63,63,63,61,63,0,8764,2.04575969791764,23,-85,0.001869,51,2024-02-18 23:08:52.002479,684,1.037,0.0011,"aoml_navis",1030.2747586362
"7901009",26,0,1,0.026166,1,0.003738,1,114.367989937141,1,4.8530252473386,686,1,8.77999973297119,35.0429992675781,0.0261659994721413,0,110.286499023438,-85.2402,23.3398,15.8983046734394,63,63,63,63,61,63,0,8764,2.04575969791764,23,-85,0.001869,51,2024-02-18 23:08:52.002479,686,1.037,0.0011,"aoml_navis",1030.28518195779
"7901009",26,0,1,0.028035,1,0.005607,1,114.982004544415,1,4.85296573563434,688,1,8.7180004119873,35.0340003967285,0.0280349999666214,0,110.878601074219,-85.2402,23.3398,15.8983046734394,63,63,63,63,61,63,0,8764,2.04575969791764,23,-85,0.001869,51,2024-02-18 23:08:52.002479,688,1.037,0.0011,"aoml_navis",1030.29781629943
"7901009",26,0,1,0.029904,1,0.007476,1,115.550178508527,1,4.85290558708114,690,1,8.65499973297119,35.0250015258789,0.0299040004611015,0,111.426498413086,-85.2402,23.3398,15.8983046734394,63,63,63,63,61,63,0,8764,2.04575969791764,23,-85,0.001869,51,2024-02-18 23:08:52.002479,690,1.037,0.0011,"aoml_navis",1030.31058615903
"7901009",26,0,1,0.028035,1,0.005607,1,116.003869540889,1,4.85284528034506,692,1,8.58699989318848,35.0149993896484,0.0280349999666214,0,111.863998413086,-85.2402,23.3398,15.8983046734394,63,63,63,63,61,63,0,8764,2.04575969791764,23,-85,0.001869,51,2024-02-18 23:08:52.002479,692,1.037,0.0011,"aoml_navis",1030.32338991951
"7901009",26,0,1,0.031773,1,0.009345,1,116.322024491439,1,4.85276902532844,694,1,8.50800037384033,35.0069999694824,0.0317730009555817,0,112.170799255371,-85.2402,23.3398,15.8983046734394,63,63,63,63,61,63,0,8764,2.04575969791764,23,-85,0.001869,51,2024-02-18 23:08:52.002479,694,1.037,0.0011,"aoml_navis",1030.33958012489
"7901009",26,0,1,0.026166,1,0.003738,1,116.326383862233,1,4.85272415598268,696,1,8.49100017547607,35.0040016174316,0.0261659994721413,0,112.175003051758,-85.2402,23.3398,15.8983046734394,63,63,63,63,61,63,0,8764,2.04575969791764,23,-85,0.001869,51,2024-02-18 23:08:52.002479,696,1.037,0.0011,"aoml_navis",1030.34910686933
"7901009",26,0,1,0.028035,1,0.005607,1,116.278470342214,1,4.85267996137935,698,1,8.48400020599365,35.0029983520508,0.0280349999666214,0,112.128799438477,-85.2402,23.3398,15.8983046734394,63,63,63,63,61,63,0,8764,2.04575969791764,23,-85,0.001869,51,2024-02-18 23:08:52.002479,698,1.037,0.0011,"aoml_navis",1030.35849052341
"7901009",26,0,1,0.029904,1,0.007476,1,116.217803091305,1,4.85263335785437,700,1,8.47399997711182,35.0019989013672,0.0299040004611015,0,112.070297241211,-85.2402,23.3398,15.8983046734394,63,63,63,63,61,63,0,8764,2.04575969791764,23,-85,0.001869,51,2024-02-18 23:08:52.002479,700,1.037,0.0011,"aoml_navis",1030.36838583882
"7901009",26,0,1,0.033642,1,0.011214,1,116.230453969527,1,4.8525736677562,702,1,8.44299983978271,35,0.0336420014500618,0,112.082496643066,-85.2402,23.3398,15.8983046734394,63,63,63,63,61,63,0,8764,2.04575969791764,23,-85,0.001869,51,2024-02-18 23:08:52.002479,702,1.037,0.0011,"aoml_navis",1030.38106010083
"7901009",26,0,1,0.026166,1,0.003738,1,116.137957773598,1,4.85252070176211,704,1,8.42500019073486,34.9990005493164,0.0261659994721413,0,111.993301391602,-85.2402,23.3398,15.8983046734394,63,63,63,63,61,63,0,8764,2.04575969791764,23,-85,0.001869,51,2024-02-18 23:08:52.002479,704,1.037,0.0011,"aoml_navis",1030.39230686524
"7901009",26,0,1,0.028035,1,0.005607,1,115.994850153038,1,4.85247411829737,706,1,8.41499996185303,34.9980010986328,0.0280349999666214,0,111.85530090332,-85.2402,23.3398,15.8983046734394,63,63,63,63,61,63,0,8764,2.04575969791764,23,-85,0.001869,51,2024-02-18 23:08:52.002479,706,1.037,0.0011,"aoml_navis",1030.40219857049
"7901009",26,0,1,0.033642,1,0.011214,1,115.80684338682,1,4.85241670394345,708,1,8.39599990844727,34.9980010986328,0.0336420014500618,0,111.674003601074,-85.2402,23.3398,15.8983046734394,63,63,63,63,61,63,0,8764,2.04575969791764,23,-85,0.001869,51,2024-02-18 23:08:52.002479,708,1.037,0.0011,"aoml_navis",1030.4143904081
"7901009",26,0,1,0.029904,1,0.007476,1,115.704386305537,1,4.85235025684385,710,1,8.36100006103516,34.9970016479492,0.0299040004611015,0,111.575202941895,-85.2402,23.3398,15.8983046734394,63,63,63,63,61,63,0,8764,2.04575969791764,23,-85,0.001869,51,2024-02-18 23:08:52.002479,710,1.037,0.0011,"aoml_navis",1030.42850069364
"7901009",26,0,1,0.031773,1,0.009345,1,115.541673384019,1,4.85230399588338,712,1,8.35599994659424,34.9970016479492,0.0317730009555817,0,111.418296813965,-85.2402,23.3398,15.8983046734394,63,63,63,63,61,63,0,8764,2.04575969791764,23,-85,0.001869,51,2024-02-18 23:08:52.002479,712,1.037,0.0011,"aoml_navis",1030.4383246066
"7901009",26,0,1,0.024297,1,0.001869,1,115.414436721379,1,4.852257736866,714,1,8.35099983215332,34.9970016479492,0.0242970008403063,0,111.295600891113,-85.2402,23.3398,15.8983046734394,63,63,63,63,61,63,0,8764,2.04575969791764,23,-85,0.001869,51,2024-02-18 23:08:52.002479,714,1.037,0.0011,"aoml_navis",1030.44814829425
"7901009",26,0,1,0.033642,1,0.011214,1,115.234515757251,1,4.85220484392639,716,1,8.33300018310547,34.9959983825684,0.0336420014500618,0,111.122100830078,-85.2402,23.3398,15.8983046734394,63,63,63,63,61,63,0,8764,2.04575969791764,23,-85,0.001869,51,2024-02-18 23:08:52.002479,716,1.037,0.0011,"aoml_navis",1030.45938100874
"7901009",26,0,1,0.026166,1,0.003738,1,115.182662188855,1,4.85215361642695,718,1,8.33100032806396,34.9980010986328,0.0261659994721413,0,111.07209777832,-85.2402,23.3398,15.8983046734394,63,63,63,63,61,63,0,8764,2.04575969791764,23,-85,0.001869,51,2024-02-18 23:08:52.002479,718,1.037,0.0011,"aoml_navis",1030.47026027216
"7901009",26,0,1,0.028035,1,0.005607,1,115.522803875227,1,4.85208747458858,720,1,8.28699970245361,34.9949989318848,0.0280349999666214,0,111.400100708008,-85.2402,23.3398,15.8983046734394,63,63,63,63,61,63,0,8764,2.04575969791764,23,-85,0.001869,51,2024-02-18 23:08:52.002479,720,1.037,0.0011,"aoml_navis",1030.48430725663
"7901009",26,0,1,0.028035,1,0.005607,1,115.669542986157,1,4.85202583417524,722,1,8.22999954223633,34.9879989624023,0.0280349999666214,0,111.541603088379,-85.2402,23.3398,15.8983046734394,63,63,63,63,61,63,0,8764,2.04575969791764,23,-85,0.001869,51,2024-02-18 23:08:52.002479,722,1.037,0.0011,"aoml_navis",1030.49739858813
"7901009",26,0,1,0.028035,1,0.005607,1,115.584713269902,1,4.85196539583882,724,1,8.20699977874756,34.9879989624023,0.0280349999666214,0,111.459800720215,-85.2402,23.3398,15.8983046734394,63,63,63,63,61,63,0,8764,2.04575969791764,23,-85,0.001869,51,2024-02-18 23:08:52.002479,724,1.037,0.0011,"aoml_navis",1030.51023494276
"7901009",26,0,1,0.026166,1,0.003738,1,115.499986406314,1,4.85191600331571,726,1,8.19799995422363,34.9879989624023,0.0261659994721413,0,111.37809753418,-85.2402,23.3398,15.8983046734394,63,63,63,63,61,63,0,8764,2.04575969791764,23,-85,0.001869,51,2024-02-18 23:08:52.002479,726,1.037,0.0011,"aoml_navis",1030.52072554082
"7901009",26,0,1,0.031773,1,0.009345,1,115.442539235102,1,4.85187212881013,728,1,8.19600009918213,34.9879989624023,0.0317730009555817,0,111.322700500488,-85.2402,23.3398,15.8983046734394,63,63,63,63,61,63,0,8764,2.04575969791764,23,-85,0.001869,51,2024-02-18 23:08:52.002479,728,1.037,0.0011,"aoml_navis",1030.53004433284
"7901009",26,0,1,0.026166,1,0.003738,1,115.285641445224,1,4.85182983244429,730,1,8.19600009918213,34.9879989624023,0.0261659994721413,0,111.171401977539,-85.2402,23.3398,15.8983046734394,63,63,63,63,61,63,0,8764,2.04575969791764,23,-85,0.001869,51,2024-02-18 23:08:52.002479,730,1.037,0.0011,"aoml_navis",1030.53902809305
"7901009",26,0,1,0.028035,1,0.005607,1,115.117643478895,1,4.85177729361802,732,1,8.18299961090088,34.9879989624023,0.0280349999666214,0,111.009399414062,-85.2402,23.3398,15.8983046734394,63,63,63,63,61,63,0,8764,2.04575969791764,23,-85,0.001869,51,2024-02-18 23:08:52.002479,732,1.037,0.0011,"aoml_navis",1030.5501875729
"7901009",26,0,1,0.029904,1,0.007476,1,115.208074709711,1,4.85171295727211,734,1,8.15499973297119,34.9879989624023,0.0299040004611015,0,111.096603393555,-85.2402,23.3398,15.8983046734394,63,63,63,63,61,63,0,8764,2.04575969791764,23,-85,0.001869,51,2024-02-18 23:08:52.002479,734,1.037,0.0011,"aoml_navis",1030.56385322747
"7901009",26,0,1,0.029904,1,0.007476,1,115.341221444916,1,4.85165677823551,736,1,8.12800025939941,34.9860000610352,0.0299040004611015,0,111.224998474121,-85.2402,23.3398,15.8983046734394,63,63,63,63,61,63,0,8764,2.04575969791764,23,-85,0.001869,51,2024-02-18 23:08:52.002479,736,1.037,0.0011,"aoml_navis",1030.57578648802
"7901009",26,0,1,0.024297,1,0.001869,1,115.503412191348,1,4.85159905832775,738,1,8.09899997711182,34.984001159668,0.0242970008403063,0,111.381401062012,-85.2402,23.3398,15.8983046734394,63,63,63,63,61,63,0,8764,2.04575969791764,23,-85,0.001869,51,2024-02-18 23:08:52.002479,738,1.037,0.0011,"aoml_navis",1030.58804734029
"7901009",26,0,1,0.026166,1,0.003738,1,115.662280005415,1,4.85155337022862,740,1,8.09000015258789,34.9830017089844,0.0261659994721413,0,111.534599304199,-85.2402,23.3398,15.8983046734394,63,63,63,63,61,63,0,8764,2.04575969791764,23,-85,0.001869,51,2024-02-18 23:08:52.002479,740,1.037,0.0011,"aoml_navis",1030.59775260483
"7901009",26,0,1,0.029904,1,0.007476,1,115.901412459606,1,4.85150926660485,742,1,8.08300018310547,34.9819984436035,0.0299040004611015,0,111.765197753906,-85.2402,23.3398,15.8983046734394,63,63,63,63,61,63,0,8764,2.04575969791764,23,-85,0.001869,51,2024-02-18 23:08:52.002479,742,1.037,0.0011,"aoml_navis",1030.60712146162
"7901009",26,0,1,0.026166,1,0.003738,1,116.162848119367,1,4.85145707292264,744,1,8.06099987030029,34.9799995422363,0.0261659994721413,0,112.017303466797,-85.2402,23.3398,15.8983046734394,63,63,63,63,61,63,0,8764,2.04575969791764,23,-85,0.001869,51,2024-02-18 23:08:52.002479,744,1.037,0.0011,"aoml_navis",1030.61820909566
"7901009",26,0,1,0.028035,1,0.005607,1,116.391813982867,1,4.85141639084431,746,1,8.04899978637695,34.9770011901855,0.0280349999666214,0,112.238098144531,-85.2402,23.3398,15.8983046734394,63,63,63,63,61,63,0,8764,2.04575969791764,23,-85,0.001869,51,2024-02-18 23:08:52.002479,746,1.037,0.0011,"aoml_navis",1030.62685145643
"7901009",26,0,1,0.029904,1,0.007476,1,116.581585067937,1,4.85136009693176,748,1,8.01700019836426,34.9739990234375,0.0299040004611015,0,112.421096801758,-85.2402,23.3398,15.8983046734394,63,63,63,63,61,63,0,8764,2.04575969791764,23,-85,0.001869,51,2024-02-18 23:08:52.002479,748,1.037,0.0011,"aoml_navis",1030.63881058061
"7901009",26,0,1,0.029904,1,0.007476,1,116.80153945533,1,4.85129759381118,750,1,7.97700023651123,34.9710006713867,0.0299040004611015,0,112.633201599121,-85.2402,23.3398,15.8983046734394,63,63,63,63,61,63,0,8764,2.04575969791764,23,-85,0.001869,51,2024-02-18 23:08:52.002479,750,1.037,0.0011,"aoml_navis",1030.65208911911
"7901009",26,0,1,0.026166,1,0.003738,1,116.947234216089,1,4.85123594863452,752,1,7.93800020217896,34.9679985046387,0.0261659994721413,0,112.773696899414,-85.2402,23.3398,15.8983046734394,63,63,63,63,61,63,0,8764,2.04575969791764,23,-85,0.001869,51,2024-02-18 23:08:52.002479,752,1.037,0.0011,"aoml_navis",1030.66518572599
"7901009",26,0,1,0.031773,1,0.009345,1,117.27182141429,1,4.85116447471188,754,1,7.89099979400635,34.9659996032715,0.0317730009555817,0,113.086700439453,-85.2402,23.3398,15.8983046734394,63,63,63,63,61,63,0,8764,2.04575969791764,23,-85,0.001869,51,2024-02-18 23:08:52.002479,754,1.037,0.0011,"aoml_navis",1030.68037088084
"7901009",26,0,1,0.029904,1,0.007476,1,117.565711046826,1,4.85109831348823,756,1,7.84600019454956,34.9630012512207,0.0299040004611015,0,113.370101928711,-85.2402,23.3398,15.8983046734394,63,63,63,63,61,63,0,8764,2.04575969791764,23,-85,0.001869,51,2024-02-18 23:08:52.002479,756,1.037,0.0011,"aoml_navis",1030.69442771295
"7901009",26,0,1,0.029904,1,0.007476,1,117.804218473262,1,4.851052326263,758,1,7.8270001411438,34.9599990844727,0.0299040004611015,0,113.60009765625,-85.2402,23.3398,15.8983046734394,63,63,63,63,61,63,0,8764,2.04575969791764,23,-85,0.001869,51,2024-02-18 23:08:52.002479,758,1.037,0.0011,"aoml_navis",1030.7041985366
"7901009",26,0,1,0.026166,1,0.003738,1,118.141353697017,1,4.85098646510146,760,1,7.78700017929077,34.9580001831055,0.0261659994721413,0,113.925201416016,-85.2402,23.3398,15.8983046734394,63,63,63,63,61,63,0,8764,2.04575969791764,23,-85,0.001869,51,2024-02-18 23:08:52.002479,760,1.037,0.0011,"aoml_navis",1030.71819226266
"7901009",26,0,1,0.029904,1,0.007476,1,118.361719495084,1,4.8509335763562,762,1,7.75899982452393,34.9550018310547,0.0299040004611015,0,114.137702941895,-85.2402,23.3398,15.8983046734394,63,63,63,63,61,63,0,8764,2.04575969791764,23,-85,0.001869,51,2024-02-18 23:08:52.002479,762,1.037,0.0011,"aoml_navis",1030.72942997413
"7901009",26,0,1,0.029904,1,0.007476,1,118.558642796484,1,4.85089278075675,764,1,7.76100015640259,34.9550018310547,0.0299040004611015,0,114.327598571777,-85.2402,23.3398,15.8983046734394,63,63,63,63,61,63,0,8764,2.04575969791764,23,-85,0.001869,51,2024-02-18 23:08:52.002479,764,1.037,0.0011,"aoml_navis",1030.73809832177
"7901009",26,0,1,0.028035,1,0.005607,1,118.974792604855,1,4.8508460844194,766,1,7.74100017547607,34.9519996643066,0.0280349999666214,0,114.728897094727,-85.2402,23.3398,15.8983046734394,63,63,63,63,61,63,0,8764,2.04575969791764,23,-85,0.001869,51,2024-02-18 23:08:52.002479,766,1.037,0.0011,"aoml_navis",1030.74802065142
"7901009",26,0,1,0.029904,1,0.007476,1,119.403498350522,1,4.85077159645401,768,1,7.67999982833862,34.9480018615723,0.0299040004611015,0,115.142303466797,-85.2402,23.3398,15.8983046734394,63,63,63,63,61,63,0,8764,2.04575969791764,23,-85,0.001869,51,2024-02-18 23:08:52.002479,768,1.037,0.0011,"aoml_navis",1030.76384871534
"7901009",26,0,1,0.029904,1,0.007476,1,119.569415528251,1,4.85072435335566,770,1,7.66400003433228,34.9459991455078,0.0299040004611015,0,115.302299499512,-85.2402,23.3398,15.8983046734394,63,63,63,63,61,63,0,8764,2.04575969791764,23,-85,0.001869,51,2024-02-18 23:08:52.002479,770,1.037,0.0011,"aoml_navis",1030.77388772691
"7901009",26,0,1,0.029904,1,0.007476,1,119.772153961291,1,4.85067251485712,772,1,7.64200019836426,34.9440002441406,0.0299040004611015,0,115.497802734375,-85.2402,23.3398,15.8983046734394,63,63,63,63,61,63,0,8764,2.04575969791764,23,-85,0.001869,51,2024-02-18 23:08:52.002479,772,1.037,0.0011,"aoml_navis",1030.78490347174
"7901009",26,0,1,0.028035,1,0.005607,1,120.119447863993,1,4.85061916633352,774,1,7.61800003051758,34.9420013427734,0.0280349999666214,0,115.832702636719,-85.2402,23.3398,15.8983046734394,63,63,63,63,61,63,0,8764,2.04575969791764,23,-85,0.001869,51,2024-02-18 23:08:52.002479,774,1.037,0.0011,"aoml_navis",1030.79624034459
"7901009",26,0,1,0.026166,1,0.003738,1,120.533627648175,1,4.8505360047512,776,1,7.55000019073486,34.9389991760254,0.0261659994721413,0,116.23210144043,-85.2402,23.3398,15.8983046734394,63,63,63,63,61,63,0,8764,2.04575969791764,23,-85,0.001869,51,2024-02-18 23:08:52.002479,776,1.037,0.0011,"aoml_navis",1030.81391316391
"7901009",26,0,1,0.031773,1,0.009345,1,120.884339424168,1,4.85045758008822,778,1,7.48799991607666,34.9360008239746,0.0317730009555817,0,116.570297241211,-85.2402,23.3398,15.8983046734394,63,63,63,63,61,63,0,8764,2.04575969791764,23,-85,0.001869,51,2024-02-18 23:08:52.002479,778,1.037,0.0011,"aoml_navis",1030.83057988707
"7901009",26,0,1,0.029904,1,0.007476,1,121.027969219813,1,4.85039540751618,780,1,7.45699977874756,34.935001373291,0.0299040004611015,0,116.708801269531,-85.2402,23.3398,15.8983046734394,63,63,63,63,61,63,0,8764,2.04575969791764,23,-85,0.001869,51,2024-02-18 23:08:52.002479,780,1.037,0.0011,"aoml_navis",1030.84379311674
"7901009",26,0,1,0.026166,1,0.003738,1,121.111240322555,1,4.85034320225143,782,1,7.44399976730347,34.935001373291,0.0261659994721413,0,116.789100646973,-85.2402,23.3398,15.8983046734394,63,63,63,63,61,63,0,8764,2.04575969791764,23,-85,0.001869,51,2024-02-18 23:08:52.002479,782,1.037,0.0011,"aoml_navis",1030.85488830545
"7901009",26,0,1,0.029904,1,0.007476,1,121.193269281531,1,4.85030073916778,784,1,7.43900012969971,34.9339981079102,0.0299040004611015,0,116.868202209473,-85.2402,23.3398,15.8983046734394,63,63,63,63,61,63,0,8764,2.04575969791764,23,-85,0.001869,51,2024-02-18 23:08:52.002479,784,1.037,0.0011,"aoml_navis",1030.86391316385
"7901009",26,0,1,0.031773,1,0.009345,1,121.308377241035,1,4.85025675152226,786,1,7.43200016021729,34.9329986572266,0.0317730009555817,0,116.979202270508,-85.2402,23.3398,15.8983046734394,63,63,63,63,61,63,0,8764,2.04575969791764,23,-85,0.001869,51,2024-02-18 23:08:52.002479,786,1.037,0.0011,"aoml_navis",1030.87326221045
"7901009",26,0,1,0.024297,1,0.001869,1,121.453352033115,1,4.85020229130728,788,1,7.41599988937378,34.9329986572266,0.0242970008403063,0,117.119003295898,-85.2402,23.3398,15.8983046734394,63,63,63,63,61,63,0,8764,2.04575969791764,23,-85,0.001869,51,2024-02-18 23:08:52.002479,788,1.037,0.0011,"aoml_navis",1030.88483731105
"7901009",26,0,1,0.026166,1,0.003738,1,121.556220525072,1,4.8501560443892,790,1,7.4060001373291,34.931999206543,0.0261659994721413,0,117.218200683594,-85.2402,23.3398,15.8983046734394,63,63,63,63,61,63,0,8764,2.04575969791764,23,-85,0.001869,51,2024-02-18 23:08:52.002479,790,1.037,0.0011,"aoml_navis",1030.89466694255
"7901009",26,0,1,0.033642,1,0.011214,1,121.666351997771,1,4.85011055547077,792,1,7.39699983596802,34.9309997558594,0.0336420014500618,0,117.324401855469,-85.2402,23.3398,15.8983046734394,63,63,63,63,61,63,0,8764,2.04575969791764,23,-85,0.001869,51,2024-02-18 23:08:52.002479,792,1.037,0.0011,"aoml_navis",1030.90433564657
"7901009",26,0,1,0.026166,1,0.003738,1,121.925912574269,1,4.85004998891332,794,1,7.36800003051758,34.9300003051758,0.0261659994721413,0,117.574699401855,-85.2402,23.3398,15.8983046734394,63,63,63,63,61,63,0,8764,2.04575969791764,23,-85,0.001869,51,2024-02-18 23:08:52.002479,794,1.037,0.0011,"aoml_navis",1030.91720939566
"7901009",26,0,1,0.028035,1,0.005607,1,122.095674859449,1,4.84998870267319,796,1,7.33799982070923,34.9290008544922,0.0280349999666214,0,117.738403320312,-85.2402,23.3398,15.8983046734394,63,63,63,63,61,63,0,8764,2.04575969791764,23,-85,0.001869,51,2024-02-18 23:08:52.002479,796,1.037,0.0011,"aoml_navis",1030.93023644449
"7901009",26,0,1,0.029904,1,0.007476,1,122.172308009202,1,4.84994106360848,798,1,7.33099985122681,34.9290008544922,0.0299040004611015,0,117.812301635742,-85.2402,23.3398,15.8983046734394,63,63,63,63,61,63,0,8764,2.04575969791764,23,-85,0.001869,51,2024-02-18 23:08:52.002479,798,1.037,0.0011,"aoml_navis",1030.94036286698
"7901009",26,0,1,0.029904,1,0.007476,1,122.260658451418,1,4.84989259033276,800,1,7.31799983978271,34.9280014038086,0.0299040004611015,0,117.897499084473,-85.2402,23.3398,15.8983046734394,63,63,63,63,61,63,0,8764,2.04575969791764,23,-85,0.001869,51,2024-02-18 23:08:52.002479,800,1.037,0.0011,"aoml_navis",1030.95066681816
"7901009",26,0,1,0.026166,1,0.003738,1,122.425855660467,1,4.84984570828248,802,1,7.31199979782104,34.9280014038086,0.0261659994721413,0,118.056800842285,-85.2402,23.3398,15.8983046734394,63,63,63,63,61,63,0,8764,2.04575969791764,23,-85,0.001869,51,2024-02-18 23:08:52.002479,802,1.037,0.0011,"aoml_navis",1030.96063271891
"7901009",26,0,1,0.033642,1,0.011214,1,122.622778961867,1,4.84980176529175,804,1,7.30499982833862,34.9269981384277,0.0336420014500618,0,118.246696472168,-85.2402,23.3398,15.8983046734394,63,63,63,63,61,63,0,8764,2.04575969791764,23,-85,0.001869,51,2024-02-18 23:08:52.002479,804,1.037,0.0011,"aoml_navis",1030.96997402722
"7901009",26,0,1,0.029904,1,0.007476,1,123.084666560731,1,4.84974054497348,806,1,7.27500009536743,34.9259986877441,0.0299040004611015,0,118.692100524902,-85.2402,23.3398,15.8983046734394,63,63,63,63,61,63,0,8764,2.04575969791764,23,-85,0.001869,51,2024-02-18 23:08:52.002479,806,1.037,0.0011,"aoml_navis",1030.98298839559
"7901009",26,0,1,0.028035,1,0.005607,1,123.57340661781,1,4.84967031149717,808,1,7.22800016403198,34.923999786377,0.0280349999666214,0,119.163398742676,-85.2402,23.3398,15.8983046734394,63,63,63,63,61,63,0,8764,2.04575969791764,23,-85,0.001869,51,2024-02-18 23:08:52.002479,808,1.037,0.0011,"aoml_navis",1030.99791920833
"7901009",26,0,1,0.029904,1,0.007476,1,123.841266613478,1,4.84962487559991,810,1,7.2189998626709,34.9230003356934,0.0299040004611015,0,119.421699523926,-85.2402,23.3398,15.8983046734394,63,63,63,63,61,63,0,8764,2.04575969791764,23,-85,0.001869,51,2024-02-18 23:08:52.002479,810,1.037,0.0011,"aoml_navis",1031.0075785772
"7901009",26,0,1,0.029904,1,0.007476,1,124.22153666404,1,4.84957116431597,812,1,7.19399976730347,34.9210014343262,0.0299040004611015,0,119.788398742676,-85.2402,23.3398,15.8983046734394,63,63,63,63,61,63,0,8764,2.04575969791764,23,-85,0.001869,51,2024-02-18 23:08:52.002479,812,1.037,0.0011,"aoml_navis",1031.01899747155
"7901009",26,0,1,0.031773,1,0.009345,1,124.499974661074,1,4.8495137638119,814,1,7.16400003433228,34.9189987182617,0.0317730009555817,0,120.056900024414,-85.2402,23.3398,15.8983046734394,63,63,63,63,61,63,0,8764,2.04575969791764,23,-85,0.001869,51,2024-02-18 23:08:52.002479,814,1.037,0.0011,"aoml_navis",1031.03120096515
"7901009",26,0,1,0.029904,1,0.007476,1,124.746987212019,1,4.84946536673106,816,1,7.15100002288818,34.9179992675781,0.0299040004611015,0,120.295097351074,-85.2402,23.3398,15.8983046734394,63,63,63,63,61,63,0,8764,2.04575969791764,23,-85,0.001869,51,2024-02-18 23:08:52.002479,816,1.037,0.0011,"aoml_navis",1031.04149053247
"7901009",26,0,1,0.026166,1,0.003738,1,125.087643161733,1,4.84939618963624,818,1,7.11499977111816,34.9179992675781,0.0261659994721413,0,120.623596191406,-85.2402,23.3398,15.8983046734394,63,63,63,63,61,63,0,8764,2.04575969791764,23,-85,0.001869,51,2024-02-18 23:08:52.002479,818,1.037,0.0011,"aoml_navis",1031.05619843675
"7901009",26,0,1,0.028035,1,0.005607,1,125.386620045485,1,4.84932629067081,820,1,7.07299995422363,34.9169998168945,0.0280349999666214,0,120.911903381348,-85.2402,23.3398,15.8983046734394,63,63,63,63,61,63,0,8764,2.04575969791764,23,-85,0.001869,51,2024-02-18 23:08:52.002479,820,1.037,0.0011,"aoml_navis",1031.07106024585
"7901009",26,0,1,0.028035,1,0.005607,1,125.59070347496,1,4.84926312372749,822,1,7.03999996185303,34.9160003662109,0.0280349999666214,0,121.108703613281,-85.2402,23.3398,15.8983046734394,63,63,63,63,61,63,0,8764,2.04575969791764,23,-85,0.001869,51,2024-02-18 23:08:52.002479,822,1.037,0.0011,"aoml_navis",1031.08449107143
"7901009",26,0,1,0.026166,1,0.003738,1,125.729554577393,1,4.84920149629476,824,1,7.01399993896484,34.9160003662109,0.0261659994721413,0,121.242599487305,-85.2402,23.3398,15.8983046734394,63,63,63,63,61,63,0,8764,2.04575969791764,23,-85,0.001869,51,2024-02-18 23:08:52.002479,824,1.037,0.0011,"aoml_navis",1031.09759489691
"7901009",26,0,1,0.028035,1,0.005607,1,125.780055237612,1,4.84915318522949,826,1,7.00600004196167,34.9160003662109,0.0280349999666214,0,121.291297912598,-85.2402,23.3398,15.8983046734394,63,63,63,63,61,63,0,8764,2.04575969791764,23,-85,0.001869,51,2024-02-18 23:08:52.002479,826,1.037,0.0011,"aoml_navis",1031.10786749942
"7901009",26,0,1,0.031773,1,0.009345,1,125.922434977748,1,4.84910561539576,828,1,6.99900007247925,34.9160003662109,0.0317730009555817,0,121.428596496582,-85.2402,23.3398,15.8983046734394,63,63,63,63,61,63,0,8764,2.04575969791764,23,-85,0.001869,51,2024-02-18 23:08:52.002479,828,1.037,0.0011,"aoml_navis",1031.11798269049
"7901009",26,0,1,0.028035,1,0.005607,1,126.127974168068,1,4.84904697612611,830,1,6.97700023651123,34.9160003662109,0.0280349999666214,0,121.626800537109,-85.2402,23.3398,15.8983046734394,63,63,63,63,61,63,0,8764,2.04575969791764,23,-85,0.001869,51,2024-02-18 23:08:52.002479,830,1.037,0.0011,"aoml_navis",1031.13045194594
"7901009",26,0,1,0.029904,1,0.007476,1,126.351243576084,1,4.8490030887025,832,1,6.96999979019165,34.9150009155273,0.0299040004611015,0,121.842102050781,-85.2402,23.3398,15.8983046734394,63,63,63,63,61,63,0,8764,2.04575969791764,23,-85,0.001869,51,2024-02-18 23:08:52.002479,832,1.037,0.0011,"aoml_navis",1031.13978451556
"7901009",26,0,1,0.028035,1,0.005607,1,126.709629743493,1,4.84894963018603,834,1,6.95499992370605,34.9150009155273,0.0280349999666214,0,122.187698364258,-85.2402,23.3398,15.8983046734394,63,63,63,63,61,63,0,8764,2.04575969791764,23,-85,0.001869,51,2024-02-18 23:08:52.002479,834,1.037,0.0011,"aoml_navis",1031.15115258646
"7901009",26,0,1,0.033642,1,0.011214,1,127.214035053154,1,4.84890059964811,836,1,6.93599987030029,34.9129981994629,0.0336420014500618,0,122.674102783203,-85.2402,23.3398,15.8983046734394,63,63,63,63,61,63,0,8764,2.04575969791764,23,-85,0.001869,51,2024-02-18 23:08:52.002479,836,1.037,0.0011,"aoml_navis",1031.16157925837
"7901009",26,0,1,0.029904,1,0.007476,1,127.74985789716,1,4.84882878489675,838,1,6.89099979400635,34.9119987487793,0.0299040004611015,0,123.190803527832,-85.2402,23.3398,15.8983046734394,63,63,63,63,61,63,0,8764,2.04575969791764,23,-85,0.001869,51,2024-02-18 23:08:52.002479,838,1.037,0.0011,"aoml_navis",1031.17685152632
"7901009",26,0,1,0.031773,1,0.009345,1,127.924383052065,1,4.84877904491054,840,1,6.87599992752075,34.9109992980957,0.0317730009555817,0,123.359100341797,-85.2402,23.3398,15.8983046734394,63,63,63,63,61,63,0,8764,2.04575969791764,23,-85,0.001869,51,2024-02-18 23:08:52.002479,840,1.037,0.0011,"aoml_navis",1031.18742959595
"7901009",26,0,1,0.033642,1,0.011214,1,128.13561869787,1,4.84873591313354,842,1,6.86999988555908,34.9099998474121,0.0336420014500618,0,123.562797546387,-85.2402,23.3398,15.8983046734394,63,63,63,63,61,63,0,8764,2.04575969791764,23,-85,0.001869,51,2024-02-18 23:08:52.002479,842,1.037,0.0011,"aoml_navis",1031.19660249112
"7901009",26,0,1,0.024297,1,0.001869,1,128.39435645302,1,4.84868837374063,844,1,6.86299991607666,34.9099998474121,0.0242970008403063,0,123.812301635742,-85.2402,23.3398,15.8983046734394,63,63,63,63,61,63,0,8764,2.04575969791764,23,-85,0.001869,51,2024-02-18 23:08:52.002479,844,1.037,0.0011,"aoml_navis",1031.20671294918
"7901009",26,0,1,0.029904,1,0.007476,1,128.75917486808,1,4.84864377949214,846,1,6.85500001907349,34.9090003967285,0.0299040004611015,0,124.164100646973,-85.2402,23.3398,15.8983046734394,63,63,63,63,61,63,0,8764,2.04575969791764,23,-85,0.001869,51,2024-02-18 23:08:52.002479,846,1.037,0.0011,"aoml_navis",1031.21619722778
"7901009",26,0,1,0.029904,1,0.007476,1,129.278715343494,1,4.8485955232436,848,1,6.84200000762939,34.9080009460449,0.0299040004611015,0,124.665100097656,-85.2402,23.3398,15.8983046734394,63,63,63,63,61,63,0,8764,2.04575969791764,23,-85,0.001869,51,2024-02-18 23:08:52.002479,848,1.037,0.0011,"aoml_navis",1031.22646053493
"7901009",26,0,1,0.028035,1,0.005607,1,129.887025583539,1,4.84854657001554,850,1,6.82299995422363,34.9059982299805,0.0280349999666214,0,125.25170135498,-85.2402,23.3398,15.8983046734394,63,63,63,63,61,63,0,8764,2.04575969791764,23,-85,0.001869,51,2024-02-18 23:08:52.002479,850,1.037,0.0011,"aoml_navis",1031.23687228686
"7901009",26,0,1,0.031773,1,0.009345,1,130.666957368542,1,4.84849469163322,852,1,6.80000019073486,34.9039993286133,0.0317730009555817,0,126.003799438477,-85.2402,23.3398,15.8983046734394,63,63,63,63,61,63,0,8764,2.04575969791764,23,-85,0.001869,51,2024-02-18 23:08:52.002479,852,1.037,0.0011,"aoml_navis",1031.24790641273
"7901009",26,0,1,0.029904,1,0.007476,1,131.601508361229,1,4.84844358927567,854,1,6.77299976348877,34.9010009765625,0.0299040004611015,0,126.904998779297,-85.2402,23.3398,15.8983046734394,63,63,63,63,61,63,0,8764,2.04575969791764,23,-85,0.001869,51,2024-02-18 23:08:52.002479,854,1.037,0.0011,"aoml_navis",1031.25877571507
"7901009",26,0,1,0.028035,1,0.005607,1,132.435675149489,1,4.84837942118257,856,1,6.72800016403198,34.8979988098145,0.0280349999666214,0,127.709396362305,-85.2402,23.3398,15.8983046734394,63,63,63,63,61,63,0,8764,2.04575969791764,23,-85,0.001869,51,2024-02-18 23:08:52.002479,856,1.037,0.0011,"aoml_navis",1031.27242438061
"7901009",26,0,1,0.026166,1,0.003738,1,133.189474444957,1,4.84832835485759,858,1,6.70599985122681,34.8959999084473,0.0261659994721413,0,128.436294555664,-85.2402,23.3398,15.8983046734394,63,63,63,63,61,63,0,8764,2.04575969791764,23,-85,0.001869,51,2024-02-18 23:08:52.002479,858,1.037,0.0011,"aoml_navis",1031.28328653534
"7901009",26,0,1,0.029904,1,0.007476,1,133.882828018339,1,4.84826859823544,860,1,6.67199993133545,34.8940010070801,0.0299040004611015,0,129.104904174805,-85.2402,23.3398,15.8983046734394,63,63,63,63,61,63,0,8764,2.04575969791764,23,-85,0.001869,51,2024-02-18 23:08:52.002479,860,1.037,0.0011,"aoml_navis",1031.29599746594
"7901009",26,0,1,0.028035,1,0.005607,1,134.351029188699,1,4.84820883206301,862,1,6.64300012588501,34.8930015563965,0.0280349999666214,0,129.556396484375,-85.2402,23.3398,15.8983046734394,63,63,63,63,61,63,0,8764,2.04575969791764,23,-85,0.001869,51,2024-02-18 23:08:52.002479,862,1.037,0.0011,"aoml_navis",1031.30871074141
"7901009",26,0,1,0.028035,1,0.005607,1,134.760651808494,1,4.84814766697909,864,1,6.61199998855591,34.8919982910156,0.0280349999666214,0,129.951400756836,-85.2402,23.3398,15.8983046734394,63,63,63,63,61,63,0,8764,2.04575969791764,23,-85,0.001869,51,2024-02-18 23:08:52.002479,864,1.037,0.0011,"aoml_navis",1031.32172191354
"7901009",26,0,1,0.028035,1,0.005607,1,134.867571113239,1,4.84809512189549,866,1,6.59800004959106,34.8919982910156,0.0280349999666214,0,130.054504394531,-85.2402,23.3398,15.8983046734394,63,63,63,63,61,63,0,8764,2.04575969791764,23,-85,0.001869,51,2024-02-18 23:08:52.002479,866,1.037,0.0011,"aoml_navis",1031.33289968228
"7901009",26,0,1,0.028035,1,0.005607,1,134.769671196344,1,4.8480440273853,868,1,6.58599996566772,34.8919982910156,0.0280349999666214,0,129.960098266602,-85.2402,23.3398,15.8983046734394,63,63,63,63,61,63,0,8764,2.04575969791764,23,-85,0.001869,51,2024-02-18 23:08:52.002479,868,1.037,0.0011,"aoml_navis",1031.34376910695
"7901009",26,0,1,0.028035,1,0.005607,1,134.493931103922,1,4.84798917787639,870,1,6.5789999961853,34.8940010070801,0.0280349999666214,0,129.694198608398,-85.2402,23.3398,15.8983046734394,63,63,63,63,61,63,0,8764,2.04575969791764,23,-85,0.001869,51,2024-02-18 23:08:52.002479,870,1.037,0.0011,"aoml_navis",1031.35543759407
"7901009",26,0,1,0.029904,1,0.007476,1,134.040857187571,1,4.84792128970364,872,1,6.55900001525879,34.8969993591309,0.0299040004611015,0,129.257293701172,-85.2402,23.3398,15.8983046734394,63,63,63,63,61,63,0,8764,2.04575969791764,23,-85,0.001869,51,2024-02-18 23:08:52.002479,872,1.037,0.0011,"aoml_navis",1031.36988024524
"7901009",26,0,1,0.031773,1,0.009345,1,133.660492196084,1,4.84786695692401,874,1,6.56799983978271,34.9020004272461,0.0317730009555817,0,128.890502929688,-85.2402,23.3398,15.8983046734394,63,63,63,63,61,63,0,8764,2.04575969791764,23,-85,0.001869,51,2024-02-18 23:08:52.002479,874,1.037,0.0011,"aoml_navis",1031.38143938928
"7901009",26,0,1,0.029904,1,0.007476,1,134.058389611673,1,4.84781147719077,876,1,6.55499982833862,34.9029998779297,0.0299040004611015,0,129.274200439453,-85.2402,23.3398,15.8983046734394,63,63,63,63,61,63,0,8764,2.04575969791764,23,-85,0.001869,51,2024-02-18 23:08:52.002479,876,1.037,0.0011,"aoml_navis",1031.39324281179
"7901009",26,0,1,0.031773,1,0.009345,1,134.572747894944,1,4.8477604746936,878,1,6.53800010681152,34.9020004272461,0.0317730009555817,0,129.770202636719,-85.2402,23.3398,15.8983046734394,63,63,63,63,61,63,0,8764,2.04575969791764,23,-85,0.001869,51,2024-02-18 23:08:52.002479,878,1.037,0.0011,"aoml_navis",1031.40409393185
"7901009",26,0,1,0.029904,1,0.007476,1,135.100271319779,1,4.84768925792564,880,1,6.4980001449585,34.9020004272461,0.0299040004611015,0,130.278900146484,-85.2402,23.3398,15.8983046734394,63,63,63,63,61,63,0,8764,2.04575969791764,23,-85,0.001869,51,2024-02-18 23:08:52.002479,880,1.037,0.0011,"aoml_navis",1031.41924615431
"7901009",26,0,1,0.026166,1,0.003738,1,135.368131315448,1,4.84762671561709,882,1,6.46999979019165,34.9020004272461,0.0261659994721413,0,130.537200927734,-85.2402,23.3398,15.8983046734394,63,63,63,63,61,63,0,8764,2.04575969791764,23,-85,0.001869,51,2024-02-18 23:08:52.002479,882,1.037,0.0011,"aoml_navis",1031.43255314854
"7901009",26,0,1,0.028035,1,0.005607,1,135.578741933498,1,4.84757854409249,884,1,6.46199989318848,34.9020004272461,0.0280349999666214,0,130.740295410156,-85.2402,23.3398,15.8983046734394,63,63,63,63,61,63,0,8764,2.04575969791764,23,-85,0.001869,51,2024-02-18 23:08:52.002479,884,1.037,0.0011,"aoml_navis",1031.44280273566
"7901009",26,0,1,0.026166,1,0.003738,1,135.982240863647,1,4.84751522739637,886,1,6.43800020217896,34.9029998779297,0.0261659994721413,0,131.12939453125,-85.2402,23.3398,15.8983046734394,63,63,63,63,61,63,0,8764,2.04575969791764,23,-85,0.001869,51,2024-02-18 23:08:52.002479,886,1.037,0.0011,"aoml_navis",1031.45627511221
"7901009",26,0,1,0.028035,1,0.005607,1,136.249689448642,1,4.8474627670711,888,1,6.42399978637695,34.9029998779297,0.0280349999666214,0,131.387298583984,-85.2402,23.3398,15.8983046734394,63,63,63,63,61,63,0,8764,2.04575969791764,23,-85,0.001869,51,2024-02-18 23:08:52.002479,888,1.037,0.0011,"aoml_navis",1031.46743776251
"7901009",26,0,1,0.029904,1,0.007476,1,136.55612710673,1,4.84740673719851,890,1,6.40500020980835,34.9029998779297,0.0299040004611015,0,131.682800292969,-85.2402,23.3398,15.8983046734394,63,63,63,63,61,63,0,8764,2.04575969791764,23,-85,0.001869,51,2024-02-18 23:08:52.002479,890,1.037,0.0011,"aoml_navis",1031.4793602176
"7901009",26,0,1,0.028035,1,0.005607,1,136.692383157221,1,4.84735643775801,892,1,6.39400005340576,34.9029998779297,0.0280349999666214,0,131.814193725586,-85.2402,23.3398,15.8983046734394,63,63,63,63,61,63,0,8764,2.04575969791764,23,-85,0.001869,51,2024-02-18 23:08:52.002479,892,1.037,0.0011,"aoml_navis",1031.49006354329
"7901009",26,0,1,0.029904,1,0.007476,1,136.901870307662,1,4.84730900141936,894,1,6.38700008392334,34.9029998779297,0.0299040004611015,0,132.016204833984,-85.2402,23.3398,15.8983046734394,63,63,63,63,61,63,0,8764,2.04575969791764,23,-85,0.001869,51,2024-02-18 23:08:52.002479,894,1.037,0.0011,"aoml_navis",1031.50015782694
"7901009",26,0,1,0.028035,1,0.005607,1,137.191914832745,1,4.84726371126247,896,1,6.38299989700317,34.9029998779297,0.0280349999666214,0,132.2958984375,-85.2402,23.3398,15.8983046734394,63,63,63,63,61,63,0,8764,2.04575969791764,23,-85,0.001869,51,2024-02-18 23:08:52.002479,896,1.037,0.0011,"aoml_navis",1031.50979559512
"7901009",26,0,1,0.028035,1,0.005607,1,137.868875273122,1,4.84721985274587,898,1,6.38100004196167,34.9029998779297,0.0280349999666214,0,132.948699951172,-85.2402,23.3398,15.8983046734394,63,63,63,63,61,63,0,8764,2.04575969791764,23,-85,0.001869,51,2024-02-18 23:08:52.002479,898,1.037,0.0011,"aoml_navis",1031.51912888118
"7901009",26,0,1,0.029904,1,0.007476,1,139.158078090179,1,4.84717334622655,900,1,6.36499977111816,34.9010009765625,0.0299040004611015,0,134.19189453125,-85.2402,23.3398,15.8983046734394,63,63,63,63,61,63,0,8764,2.04575969791764,23,-85,0.001869,51,2024-02-18 23:08:52.002479,900,1.037,0.0011,"aoml_navis",1031.52902585843
"7901009",26,0,1,0.029904,1,0.007476,1,140.252746952441,1,4.84709241133246,902,1,6.31099987030029,34.9010009765625,0.0299040004611015,0,135.247497558594,-85.2402,23.3398,15.8983046734394,63,63,63,63,61,63,0,8764,2.04575969791764,23,-85,0.001869,51,2024-02-18 23:08:52.002479,902,1.037,0.0011,"aoml_navis",1031.54624993533
"7901009",26,0,1,0.026166,1,0.003738,1,140.730600450149,1,4.84702650808603,904,1,6.27799987792969,34.9010009765625,0.0261659994721413,0,135.708297729492,-85.2402,23.3398,15.8983046734394,63,63,63,63,61,63,0,8764,2.04575969791764,23,-85,0.001869,51,2024-02-18 23:08:52.002479,904,1.037,0.0011,"aoml_navis",1031.56027549236
"7901009",26,0,1,0.026166,1,0.003738,1,140.980627375454,1,4.84695980636671,906,1,6.24900007247925,34.9020004272461,0.0261659994721413,0,135.949401855469,-85.2402,23.3398,15.8983046734394,63,63,63,63,61,63,0,8764,2.04575969791764,23,-85,0.001869,51,2024-02-18 23:08:52.002479,906,1.037,0.0011,"aoml_navis",1031.5744713691
"7901009",26,0,1,0.031773,1,0.009345,1,141.004995546138,1,4.84691452748566,908,1,6.24499988555908,34.9020004272461,0.0317730009555817,0,135.972900390625,-85.2402,23.3398,15.8983046734394,63,63,63,63,61,63,0,8764,2.04575969791764,23,-85,0.001869,51,2024-02-18 23:08:52.002479,908,1.037,0.0011,"aoml_navis",1031.58410812615
"7901009",26,0,1,0.026166,1,0.003738,1,141.019932918297,1,4.84687137809753,910,1,6.24399995803833,34.9020004272461,0.0261659994721413,0,135.9873046875,-85.2402,23.3398,15.8983046734394,63,63,63,63,61,63,0,8764,2.04575969791764,23,-85,0.001869,51,2024-02-18 23:08:52.002479,910,1.037,0.0011,"aoml_navis",1031.5932918283
"7901009",26,0,1,0.026166,1,0.003738,1,141.045851790751,1,4.84682752159094,912,1,6.24200010299683,34.9020004272461,0.0261659994721413,0,136.012298583984,-85.2402,23.3398,15.8983046734394,63,63,63,63,61,63,0,8764,2.04575969791764,23,-85,0.001869,51,2024-02-18 23:08:52.002479,912,1.037,0.0011,"aoml_navis",1031.6026261976
"7901009",26,0,1,0.028035,1,0.005607,1,141.084840863845,1,4.84678366670669,914,1,6.23999977111816,34.9020004272461,0.0280349999666214,0,136.049896240234,-85.2402,23.3398,15.8983046734394,63,63,63,63,61,63,0,8764,2.04575969791764,23,-85,0.001869,51,2024-02-18 23:08:52.002479,914,1.037,0.0011,"aoml_navis",1031.61196039051
"7901009",26,0,1,0.031773,1,0.009345,1,141.206286130076,1,4.84673910466855,916,1,6.23699998855591,34.9020004272461,0.0317730009555817,0,136.167007446289,-85.2402,23.3398,15.8983046734394,63,63,63,63,61,63,0,8764,2.04575969791764,23,-85,0.001869,51,2024-02-18 23:08:52.002479,916,1.037,0.0011,"aoml_navis",1031.62144526901
"7901009",26,0,1,0.031773,1,0.009345,1,141.287998619303,1,4.84669525394992,918,1,6.2350001335144,34.9020004272461,0.0317730009555817,0,136.245803833008,-85.2402,23.3398,15.8983046734394,63,63,63,63,61,63,0,8764,2.04575969791764,23,-85,0.001869,51,2024-02-18 23:08:52.002479,918,1.037,0.0011,"aoml_navis",1031.63077891583
"7901009",26,0,1,0.028035,1,0.005607,1,141.406627304766,1,4.84664927623066,920,1,6.23000001907349,34.9020004272461,0.0280349999666214,0,136.360198974609,-85.2402,23.3398,15.8983046734394,63,63,63,63,61,63,0,8764,2.04575969791764,23,-85,0.001869,51,2024-02-18 23:08:52.002479,920,1.037,0.0011,"aoml_navis",1031.64056547715
"7901009",26,0,1,0.031773,1,0.009345,1,141.648251958232,1,4.84660400979145,922,1,6.22599983215332,34.9020004272461,0.0317730009555817,0,136.593200683594,-85.2402,23.3398,15.8983046734394,63,63,63,63,61,63,0,8764,2.04575969791764,23,-85,0.001869,51,2024-02-18 23:08:52.002479,922,1.037,0.0011,"aoml_navis",1031.65020082075
"7901009",26,0,1,0.029904,1,0.007476,1,142.048538720427,1,4.84655307105817,924,1,6.21400022506714,34.9020004272461,0.0299040004611015,0,136.979202270508,-85.2402,23.3398,15.8983046734394,63,63,63,63,61,63,0,8764,2.04575969791764,23,-85,0.001869,51,2024-02-18 23:08:52.002479,924,1.037,0.0011,"aoml_navis",1031.66104377525
"7901009",26,0,1,0.028035,1,0.005607,1,142.358394251806,1,4.84649221986765,926,1,6.18800020217896,34.9020004272461,0.0280349999666214,0,137.27799987793,-85.2402,23.3398,15.8983046734394,63,63,63,63,61,63,0,8764,2.04575969791764,23,-85,0.001869,51,2024-02-18 23:08:52.002479,926,1.037,0.0011,"aoml_navis",1031.67399702058
"7901009",26,0,1,0.028035,1,0.005607,1,142.591205222758,1,4.84644271166375,928,1,6.17799997329712,34.9020004272461,0.0280349999666214,0,137.502502441406,-85.2402,23.3398,15.8983046734394,63,63,63,63,61,63,0,8764,2.04575969791764,23,-85,0.001869,51,2024-02-18 23:08:52.002479,928,1.037,0.0011,"aoml_navis",1031.68453595184
"7901009",26,0,1,0.029904,1,0.007476,1,142.86259385613,1,4.84638882232404,930,1,6.16699981689453,34.9029998779297,0.0299040004611015,0,137.764205932617,-85.2402,23.3398,15.8983046734394,63,63,63,63,61,63,0,8764,2.04575969791764,23,-85,0.001869,51,2024-02-18 23:08:52.002479,930,1.037,0.0011,"aoml_navis",1031.69600775084
"7901009",26,0,1,0.029904,1,0.007476,1,143.26204197349,1,4.84633437365916,932,1,6.15000009536743,34.9029998779297,0.0299040004611015,0,138.149398803711,-85.2402,23.3398,15.8983046734394,63,63,63,63,61,63,0,8764,2.04575969791764,23,-85,0.001869,51,2024-02-18 23:08:52.002479,932,1.037,0.0011,"aoml_navis",1031.70759887639
"7901009",26,0,1,0.028035,1,0.005607,1,143.637026979241,1,4.846269199028,934,1,6.1230001449585,34.9039993286133,0.0280349999666214,0,138.511001586914,-85.2402,23.3398,15.8983046734394,63,63,63,63,61,63,0,8764,2.04575969791764,23,-85,0.001869,51,2024-02-18 23:08:52.002479,934,1.037,0.0011,"aoml_navis",1031.72147370659
"7901009",26,0,1,0.026166,1,0.003738,1,143.987010874811,1,4.84622832867769,936,1,6.11999988555908,34.9029998779297,0.0261659994721413,0,138.848495483398,-85.2402,23.3398,15.8983046734394,63,63,63,63,61,63,0,8764,2.04575969791764,23,-85,0.001869,51,2024-02-18 23:08:52.002479,936,1.037,0.0011,"aoml_navis",1031.7301746623
"7901009",26,0,1,0.028035,1,0.005607,1,144.505625676208,1,4.84615614033053,938,1,6.08300018310547,34.9039993286133,0.0280349999666214,0,139.348602294922,-85.2402,23.3398,15.8983046734394,63,63,63,63,61,63,0,8764,2.04575969791764,23,-85,0.001869,51,2024-02-18 23:08:52.002479,938,1.037,0.0011,"aoml_navis",1031.74554331611
"7901009",26,0,1,0.024297,1,0.001869,1,144.72723361804,1,4.84609384536034,940,1,6.05999994277954,34.9049987792969,0.0242970008403063,0,139.562301635742,-85.2402,23.3398,15.8983046734394,63,63,63,63,61,63,0,8764,2.04575969791764,23,-85,0.001869,51,2024-02-18 23:08:52.002479,940,1.037,0.0011,"aoml_navis",1031.75880607162
"7901009",26,0,1,0.029904,1,0.007476,1,144.960139529917,1,4.84605297871209,942,1,6.05700016021729,34.9039993286133,0.0299040004611015,0,139.786895751953,-85.2402,23.3398,15.8983046734394,63,63,63,63,61,63,0,8764,2.04575969791764,23,-85,0.001869,51,2024-02-18 23:08:52.002479,942,1.037,0.0011,"aoml_navis",1031.76750686882
"7901009",26,0,1,0.028035,1,0.005607,1,145.356802713485,1,4.84599702636143,944,1,6.04300022125244,34.9049987792969,0.0280349999666214,0,140.169403076172,-85.2402,23.3398,15.8983046734394,63,63,63,63,61,63,0,8764,2.04575969791764,23,-85,0.001869,51,2024-02-18 23:08:52.002479,944,1.037,0.0011,"aoml_navis",1031.77941975631
"7901009",26,0,1,0.029904,1,0.007476,1,145.584012169877,1,4.84593633636226,946,1,6.01700019836426,34.9049987792969,0.0299040004611015,0,140.38850402832,-85.2402,23.3398,15.8983046734394,63,63,63,63,61,63,0,8764,2.04575969791764,23,-85,0.001869,51,2024-02-18 23:08:52.002479,946,1.037,0.0011,"aoml_navis",1031.79234165371
"7901009",26,0,1,0.028035,1,0.005607,1,145.62953634329,1,4.84589249714389,948,1,6.0149998664856,34.9049987792969,0.0280349999666214,0,140.432403564453,-85.2402,23.3398,15.8983046734394,63,63,63,63,61,63,0,8764,2.04575969791764,23,-85,0.001869,51,2024-02-18 23:08:52.002479,948,1.037,0.0011,"aoml_navis",1031.80167594451
"7901009",26,0,1,0.029904,1,0.007476,1,145.710631716506,1,4.84584866021589,950,1,6.01300001144409,34.9049987792969,0.0299040004611015,0,140.510604858398,-85.2402,23.3398,15.8983046734394,63,63,63,63,61,63,0,8764,2.04575969791764,23,-85,0.001869,51,2024-02-18 23:08:52.002479,950,1.037,0.0011,"aoml_navis",1031.81100991653
"7901009",26,0,1,0.026166,1,0.003738,1,145.827915405536,1,4.84580482524354,952,1,6.01100015640259,34.9049987792969,0.0261659994721413,0,140.62370300293,-85.2402,23.3398,15.8983046734394,63,63,63,63,61,63,0,8764,2.04575969791764,23,-85,0.001869,51,2024-02-18 23:08:52.002479,952,1.037,0.0011,"aoml_navis",1031.820343641
"7901009",26,0,1,0.028035,1,0.005607,1,145.978792358437,1,4.84575888649416,954,1,6.00600004196167,34.9049987792969,0.0280349999666214,0,140.769195556641,-85.2402,23.3398,15.8983046734394,63,63,63,63,61,63,0,8764,2.04575969791764,23,-85,0.001869,51,2024-02-18 23:08:52.002479,954,1.037,0.0011,"aoml_navis",1031.83012550124
"7901009",26,0,1,0.033642,1,0.011214,1,146.105522669479,1,4.84571084478251,956,1,5.9980001449585,34.9049987792969,0.0336420014500618,0,140.891403198242,-85.2402,23.3398,15.8983046734394,63,63,63,63,61,63,0,8764,2.04575969791764,23,-85,0.001869,51,2024-02-18 23:08:52.002479,956,1.037,0.0011,"aoml_navis",1031.84035534923
"7901009",26,0,1,0.029904,1,0.007476,1,146.166917800811,1,4.84566420840911,958,1,5.99200010299683,34.9049987792969,0.0299040004611015,0,140.950607299805,-85.2402,23.3398,15.8983046734394,63,63,63,63,61,63,0,8764,2.04575969791764,23,-85,0.001869,51,2024-02-18 23:08:52.002479,958,1.037,0.0011,"aoml_navis",1031.85028614303
"7901009",26,0,1,0.029904,1,0.007476,1,146.358967468074,1,4.84560478301629,960,1,5.97300004959106,34.9059982299805,0.0299040004611015,0,141.135803222656,-85.2402,23.3398,15.8983046734394,63,63,63,63,61,63,0,8764,2.04575969791764,23,-85,0.001869,51,2024-02-18 23:08:52.002479,960,1.037,0.0011,"aoml_navis",1031.8629405198
"7901009",26,0,1,0.031773,1,0.009345,1,146.551839956685,1,4.8455504479184,962,1,5.95599985122681,34.9059982299805,0.0317730009555817,0,141.321792602539,-85.2402,23.3398,15.8983046734394,63,63,63,63,61,63,0,8764,2.04575969791764,23,-85,0.001869,51,2024-02-18 23:08:52.002479,962,1.037,0.0011,"aoml_navis",1031.87451121223
"7901009",26,0,1,0.029904,1,0.007476,1,146.700754797141,1,4.84548613858415,964,1,5.92999982833862,34.9070014953613,0.0299040004611015,0,141.465393066406,-85.2402,23.3398,15.8983046734394,63,63,63,63,61,63,0,8764,2.04575969791764,23,-85,0.001869,51,2024-02-18 23:08:52.002479,964,1.037,0.0011,"aoml_navis",1031.88820625973
"7901009",26,0,1,0.031773,1,0.009345,1,146.837548846206,1,4.84543532255114,966,1,5.91800022125244,34.9070014953613,0.0317730009555817,0,141.597305297852,-85.2402,23.3398,15.8983046734394,63,63,63,63,61,63,0,8764,2.04575969791764,23,-85,0.001869,51,2024-02-18 23:08:52.002479,966,1.037,0.0011,"aoml_navis",1031.89902808722
"7901009",26,0,1,0.029904,1,0.007476,1,147.029487749057,1,4.84537734308804,968,1,5.90100002288818,34.9080009460449,0.0299040004611015,0,141.78239440918,-85.2402,23.3398,15.8983046734394,63,63,63,63,61,63,0,8764,2.04575969791764,23,-85,0.001869,51,2024-02-18 23:08:52.002479,968,1.037,0.0011,"aoml_navis",1031.91137572237
"7901009",26,0,1,0.028035,1,0.005607,1,147.308756479182,1,4.84532146618483,970,1,5.88700008392334,34.9090003967285,0.0280349999666214,0,142.051696777344,-85.2402,23.3398,15.8983046734394,63,63,63,63,61,63,0,8764,2.04575969791764,23,-85,0.001869,51,2024-02-18 23:08:52.002479,970,1.037,0.0011,"aoml_navis",1031.92327586408
"7901009",26,0,1,0.029904,1,0.007476,1,147.628992218333,1,4.84527345648028,972,1,5.87900018692017,34.9090003967285,0.0299040004611015,0,142.360504150391,-85.2402,23.3398,15.8983046734394,63,63,63,63,61,63,0,8764,2.04575969791764,23,-85,0.001869,51,2024-02-18 23:08:52.002479,972,1.037,0.0011,"aoml_navis",1031.93350074242
"7901009",26,0,1,0.028035,1,0.005607,1,148.12664089885,1,4.84522196447687,974,1,5.86600017547607,34.9090003967285,0.0280349999666214,0,142.840393066406,-85.2402,23.3398,15.8983046734394,63,63,63,63,61,63,0,8764,2.04575969791764,23,-85,0.001869,51,2024-02-18 23:08:52.002479,974,1.037,0.0011,"aoml_navis",1031.9444674894
"7901009",26,0,1,0.029904,1,0.007476,1,148.654385852509,1,4.84516630083507,976,1,5.84700012207031,34.9090003967285,0.0299040004611015,0,143.349304199219,-85.2402,23.3398,15.8983046734394,63,63,63,63,61,63,0,8764,2.04575969791764,23,-85,0.001869,51,2024-02-18 23:08:52.002479,976,1.037,0.0011,"aoml_navis",1031.95632297249
"7901009",26,99999,9,99999,9,99999,9,148.950965477912,1,4.84510909365542,977.900024414062,1,5.82800006866455,34.9099998474121,99999,99999,143.635299682617,-85.2402,23.3398,15.8983046734394,63,63,63,63,61,63,0,8764,2.04575969791764,23,-85,0.001869,51,2024-02-18 23:08:52.002479,977.900024414062,1.037,0.0011,"aoml_navis",1031.9685074888
"7901009",26,0,1,0.031773,1,0.009345,1,154.481116109193,1,4.84456111983815,999.299987792969,1,5.70839977264404,34.9129981994629,0.0317730009555817,0,148.96809387207,-85.2402,23.3398,15.8983046734394,63,63,63,63,61,63,0,8764,2.04575969791764,23,-85,0.001869,51,2024-02-18 23:08:52.002479,999.299987792969,1.037,0.0011,"aoml_navis",1032.08523462019
"7901009",26,0,1,0.029904,1,0.007476,1,163.638943651335,1,4.84324946415439,1049.19995117188,1,5.3931999206543,34.9230003356934,0.0299040004611015,0,157.799102783203,-85.2402,23.3398,15.8983046734394,63,63,63,63,61,63,0,8764,2.04575969791764,23,-85,0.001869,51,2024-02-18 23:08:52.002479,1049.19995117188,1.037,0.0011,"aoml_navis",1032.3647454061
"7901009",26,0,1,0.029904,1,0.007476,1,167.459176581058,1,4.84201460856873,1099.69995117188,1,5.18410015106201,34.9290008544922,0.0299040004611015,0,161.483001708984,-85.2402,23.3398,15.8983046734394,63,63,63,63,61,63,0,8764,2.04575969791764,23,-85,0.001869,51,2024-02-18 23:08:52.002479,1099.69995117188,1.037,0.0011,"aoml_navis",1032.62802866222
"7901009",26,0,1,0.033642,1,0.011214,1,174.480864963505,1,4.84083796998697,1150,1,5.04729986190796,34.9339981079102,0.0336420014500618,0,168.254104614258,-85.2402,23.3398,15.8983046734394,63,63,63,63,61,63,0,8764,2.04575969791764,23,-85,0.001869,51,2024-02-18 23:08:52.002479,1150,1.037,0.0011,"aoml_navis",1032.87902445813
"7901009",26,0,1,0.033642,1,0.011214,1,181.119261009286,1,4.83959973075183,1199.69995117188,1,4.81979990005493,34.943000793457,0.0336420014500618,0,174.65559387207,-85.2402,23.3398,15.8983046734394,63,63,63,63,61,63,0,8764,2.04575969791764,23,-85,0.001869,51,2024-02-18 23:08:52.002479,1199.69995117188,1.037,0.0011,"aoml_navis",1033.14329245639
"7901009",26,0,1,0.028035,1,0.005607,1,184.214224391426,1,4.83847977681041,1249.09997558594,1,4.72469997406006,34.9459991455078,0.0280349999666214,0,177.640106201172,-85.2402,23.3398,15.8983046734394,63,63,63,63,61,63,0,8764,2.04575969791764,23,-85,0.001869,51,2024-02-18 23:08:52.002479,1249.09997558594,1.037,0.0011,"aoml_navis",1033.38243221842
"7901009",26,0,1,0.029904,1,0.007476,1,189.329783827851,1,4.83731688983174,1299.09997558594,1,4.5991997718811,34.9519996643066,0.0299040004611015,0,182.573104858398,-85.2402,23.3398,15.8983046734394,63,63,63,63,61,63,0,8764,2.04575969791764,23,-85,0.001869,51,2024-02-18 23:08:52.002479,1299.09997558594,1.037,0.0011,"aoml_navis",1033.63085650027
"7901009",26,0,1,0.031773,1,0.009345,1,193.222709858951,1,4.83616626588818,1349.80004882812,1,4.50159978866577,34.9560012817383,0.0317730009555817,0,186.327102661133,-85.2402,23.3398,15.8983046734394,63,63,63,63,61,63,0,8764,2.04575969791764,23,-85,0.001869,51,2024-02-18 23:08:52.002479,1349.80004882812,1.037,0.0011,"aoml_navis",1033.8767786516
"7901009",26,0,1,0.028035,1,0.005607,1,195.548509339303,1,4.83508306724647,1399.19995117188,1,4.45120000839233,34.9580001831055,0.0280349999666214,0,188.569900512695,-85.2402,23.3398,15.8983046734394,63,63,63,63,61,63,0,8764,2.04575969791764,23,-85,0.001869,51,2024-02-18 23:08:52.002479,1399.19995117188,1.037,0.0011,"aoml_navis",1034.10839699336
"7901009",26,0,1,0.035511,1,0.013083,1,197.832518989281,1,4.83397757487778,1449.69995117188,1,4.40579986572266,34.9609985351562,0.0355109982192516,0,190.772399902344,-85.2402,23.3398,15.8983046734394,63,63,63,63,61,63,0,8764,2.04575969791764,23,-85,0.001869,51,2024-02-18 23:08:52.002479,1449.69995117188,1.037,0.0011,"aoml_navis",1034.34488938986
"7901009",26,0,1,0.033642,1,0.011214,1,200.313974115746,1,4.83288487637739,1499.59997558594,1,4.35340023040771,34.9630012512207,0.0336420014500618,0,193.165298461914,-85.2402,23.3398,15.8983046734394,63,63,63,63,61,63,0,8764,2.04575969791764,23,-85,0.001869,51,2024-02-18 23:08:52.002479,1499.59997558594,1.037,0.0011,"aoml_navis",1034.57875118016
"7901009",26,0,1,0.026166,1,0.003738,1,201.311265236199,1,4.8318115488175,1549.69995117188,1,4.32859992980957,34.9640007019043,0.0261659994721413,0,194.126998901367,-85.2402,23.3398,15.8983046734394,63,63,63,63,61,63,0,8764,2.04575969791764,23,-85,0.001869,51,2024-02-18 23:08:52.002479,1549.69995117188,1.037,0.0011,"aoml_navis",1034.80857013632
"7901009",26,0,1,0.029904,1,0.007476,1,201.877682793203,1,4.83074895969712,1599.90002441406,1,4.3206000328064,34.9650001525879,0.0299040004611015,0,194.673202514648,-85.2402,23.3398,15.8983046734394,63,63,63,63,61,63,0,8764,2.04575969791764,23,-85,0.001869,51,2024-02-18 23:08:52.002479,1599.90002441406,1.037,0.0011,"aoml_navis",1035.0361903951
"7901009",26,0,1,0.029904,1,0.007476,1,202.274440917695,1,4.82970073999382,1649.90002441406,1,4.31990003585815,34.9650001525879,0.0299040004611015,0,195.055801391602,-85.2402,23.3398,15.8983046734394,63,63,63,63,61,63,0,8764,2.04575969791764,23,-85,0.001869,51,2024-02-18 23:08:52.002479,1649.90002441406,1.037,0.0011,"aoml_navis",1035.26083067548
"7901009",26,0,1,0.028035,1,0.005607,1,202.775412530577,1,4.82865910973242,1699.5,1,4.31440019607544,34.9650001525879,0.0280349999666214,0,195.53889465332,-85.2402,23.3398,15.8983046734394,63,63,63,63,61,63,0,8764,2.04575969791764,23,-85,0.001869,51,2024-02-18 23:08:52.002479,1699.5,1.037,0.0011,"aoml_navis",1035.48415540916
"7901009",26,0,1,0.024297,1,0.001869,1,203.001482695873,1,4.82760801937396,1749.59997558594,1,4.31339979171753,34.9659996032715,0.0242970008403063,0,195.756896972656,-85.2402,23.3398,15.8983046734394,63,63,63,63,61,63,0,8764,2.04575969791764,23,-85,0.001869,51,2024-02-18 23:08:52.002479,1749.59997558594,1.037,0.0011,"aoml_navis",1035.70960606872
"7901009",26,0,1,0.028035,1,0.005607,1,203.515746038219,1,4.82657203206543,1799.09997558594,1,4.30870008468628,34.9659996032715,0.0280349999666214,0,196.252807617188,-85.2402,23.3398,15.8983046734394,63,63,63,63,61,63,0,8764,2.04575969791764,23,-85,0.001869,51,2024-02-18 23:08:52.002479,1799.09997558594,1.037,0.0011,"aoml_navis",1035.93191332946
"7901009",26,0,1,0.026166,1,0.003738,1,204.213229541828,1,4.82553324716723,1848.59997558594,1,4.30310010910034,34.9669990539551,0.0261659994721413,0,196.925399780273,-85.2402,23.3398,15.8983046734394,63,63,63,63,61,63,0,8764,2.04575969791764,23,-85,0.001869,51,2024-02-18 23:08:52.002479,1848.59997558594,1.037,0.0011,"aoml_navis",1036.15491675147
"7901009",26,0,1,0.026166,1,0.003738,1,204.762747614228,1,4.82447813828202,1899.09997558594,1,4.30170011520386,34.9679985046387,0.0261659994721413,0,197.455307006836,-85.2402,23.3398,15.8983046734394,63,63,63,63,61,63,0,8764,2.04575969791764,23,-85,0.001869,51,2024-02-18 23:08:52.002479,1899.09997558594,1.037,0.0011,"aoml_navis",1036.38152286881
"7901009",26,0,1,0.031773,1,0.009345,1,205.360780499171,1,4.82342421514959,1949.69995117188,1,4.29759979248047,34.9679985046387,0.0317730009555817,0,198.031997680664,-85.2402,23.3398,15.8983046734394,63,63,63,63,61,63,0,8764,2.04575969791764,23,-85,0.001869,51,2024-02-18 23:08:52.002479,1949.69995117188,1.037,0.0011,"aoml_navis",1036.60797329329
"7901009",26,0,1,0.029904,1,0.007476,1,202.843453526642,4,4.8224048655927,1998.80004882812,1,4.29619979858398,34.9679985046387,0.0299040004611015,0,195.604507446289,-85.2402,23.3398,15.8983046734394,63,63,63,63,61,63,0,8764,2.04575969791764,23,-85,0.001869,51,2024-02-18 23:08:52.002479,1998.80004882812,1.037,0.0011,"aoml_navis",1036.82708925466
"7901009",27,0.0730877630213337,1,0.171948,1,0.14952,1,198.056055536617,1,4.88274430313096,2.29999995231628,1,25.9020004272461,36.2459983825684,0.171948000788689,0.158865004777908,190.987899780273,-85.3076,23.0668,109.277940240012,63,63,63,63,61,63,0.14952,8764,2.04575969791764,23,-85,0.001869,51,2024-02-29 06:20:20.000672,2.29999995231628,1.037,0.0011,"aoml_navis",1024.01430211978
"7901009",27,0.0803965393234671,1,0.1869,1,0.164472,1,198.044963268469,1,4.88271095634723,4,1,25.9029998779297,36.2459983825684,0.18690000474453,0.173816993832588,190.977203369141,-85.3076,23.0668,109.277940240012,63,63,63,63,61,63,0.164472,8764,2.04575969791764,23,-85,0.001869,51,2024-02-29 06:20:20.000672,4,1.037,0.0011,"aoml_navis",1024.02129569032
"7901009",27,0.074914957096867,1,0.175686,1,0.153258,1,197.982840237444,1,4.88266699177346,6,1,25.9009990692139,36.2459983825684,0.175686001777649,0.162603005766869,190.917297363281,-85.3076,23.0668,109.277940240012,63,63,63,63,61,63,0.153258,8764,2.04575969791764,23,-85,0.001869,51,2024-02-29 06:20:20.000672,6,1.037,0.0011,"aoml_navis",1024.03051619622
"7901009",27,0.0730877630213337,1,0.171948,1,0.14952,1,197.955987770901,1,4.8826164377626,8,1,25.8969993591309,36.2470016479492,0.171948000788689,0.158865004777908,190.891403198242,-85.3076,23.0668,109.277940240012,63,63,63,63,61,63,0.14952,8764,2.04575969791764,23,-85,0.001869,51,2024-02-29 06:20:20.000672,8,1.037,0.0011,"aoml_navis",1024.0411188824
"7901009",27,0.0703469719080337,1,0.166341,1,0.143913,1,197.969675091797,1,4.8825492693934,10,1,25.8770008087158,36.2459983825684,0.166341006755829,0.153257995843887,190.904602050781,-85.3076,23.0668,109.277940240012,63,63,63,63,61,63,0.143913,8764,2.04575969791764,23,-85,0.001869,51,2024-02-29 06:20:20.000672,10,1.037,0.0011,"aoml_navis",1024.05520643547
"7901009",27,0.0685197778325003,1,0.162603,1,0.140175,1,198.013427048186,1,4.8824827179743,12,1,25.8549995422363,36.2439994812012,0.162603005766869,0.149519994854927,190.946792602539,-85.3076,23.0668,109.277940240012,63,63,63,63,61,63,0.140175,8764,2.04575969791764,23,-85,0.001869,51,2024-02-29 06:20:20.000672,12,1.037,0.0011,"aoml_navis",1024.06916497484
"7901009",27,0.0685197778325003,1,0.162603,1,0.140175,1,198.037905990875,1,4.88243342908964,14,1,25.8470001220703,36.2430000305176,0.162603005766869,0.149519994854927,190.970397949219,-85.3076,23.0668,109.277940240012,63,63,63,63,61,63,0.140175,8764,2.04575969791764,23,-85,0.001869,51,2024-02-29 06:20:20.000672,14,1.037,0.0011,"aoml_navis",1024.0795031039
"7901009",27,0.117854017871901,1,0.263529,1,0.241101,1,198.140363103938,1,4.88237645544099,16,1,25.8290004730225,36.2400016784668,0.263529002666473,0.250445991754532,191.069198608398,-85.3076,23.0668,109.277940240012,63,63,63,63,61,63,0.241101,8764,2.04575969791764,23,-85,0.001869,51,2024-02-29 06:20:20.000672,16,1.037,0.0011,"aoml_navis",1024.09145333886
"7901009",27,0.0703469719080337,1,0.166341,1,0.143913,1,198.205081187711,1,4.88232334667406,18,1,25.8159999847412,36.2379989624023,0.166341006755829,0.153257995843887,191.131607055664,-85.3076,23.0668,109.277940240012,63,63,63,63,61,63,0.143913,8764,2.04575969791764,23,-85,0.001869,51,2024-02-29 06:20:20.000672,18,1.037,0.0011,"aoml_navis",1024.10259316522
"7901009",27,0.074914957096867,1,0.175686,1,0.153258,1,198.31125682148,1,4.88225449827702,20,1,25.7900009155273,36.2350006103516,0.175686001777649,0.162603005766869,191.233993530273,-85.3076,23.0668,109.277940240012,63,63,63,63,61,63,0.153258,8764,2.04575969791764,23,-85,0.001869,51,2024-02-29 06:20:20.000672,20,1.037,0.0011,"aoml_navis",1024.11703481753
"7901009",27,0.066692583756967,4,0.158865,1,0.136437,1,198.274134908392,1,4.88220522837246,22,1,25.7819995880127,36.234001159668,0.158865004777908,0.145781993865967,191.198196411133,-85.3076,23.0668,109.277940240012,63,63,63,63,61,63,0.136437,8764,2.04575969791764,23,-85,0.001869,51,2024-02-29 06:20:20.000672,22,1.037,0.0011,"aoml_navis",1024.12736993173
"7901009",27,0.0703469719080337,1,0.166341,1,0.143913,1,198.356480362659,1,4.88216574740005,24,1,25.7830009460449,36.234001159668,0.166341006755829,0.153257995843887,191.277603149414,-85.3076,23.0668,109.277940240012,63,63,63,63,61,63,0.143913,8764,2.04575969791764,23,-85,0.001869,51,2024-02-29 06:20:20.000672,24,1.037,0.0011,"aoml_navis",1024.1356518186
"7901009",27,0.069433374870267,1,0.164472,1,0.142044,1,198.238880167403,1,4.88212266823,26,1,25.7840003967285,36.2350006103516,0.164471998810768,0.151389002799988,191.164199829102,-85.3076,23.0668,109.277940240012,63,63,63,63,61,63,0.142044,8764,2.04575969791764,23,-85,0.001869,51,2024-02-29 06:20:20.000672,26,1.037,0.0011,"aoml_navis",1024.14468864887
"7901009",27,0.074914957096867,1,0.175686,1,0.153258,1,198.209432648111,1,4.88207724240917,28,1,25.7810001373291,36.2350006103516,0.175686001777649,0.162603005766869,191.135803222656,-85.3076,23.0668,109.277940240012,63,63,63,63,61,63,0.153258,8764,2.04575969791764,23,-85,0.001869,51,2024-02-29 06:20:20.000672,28,1.037,0.0011,"aoml_navis",1024.15421791496
"7901009",27,0.074914957096867,1,0.175686,1,0.153258,1,198.072432851215,1,4.88203330487266,30,1,25.7789993286133,36.2350006103516,0.175686001777649,0.162603005766869,191.003692626953,-85.3076,23.0668,109.277940240012,63,63,63,63,61,63,0.153258,8764,2.04575969791764,23,-85,0.001869,51,2024-02-29 06:20:20.000672,30,1.037,0.0011,"aoml_navis",1024.16343514281
"7901009",27,0.077655748210167,1,0.181293,1,0.158865,1,198.12813154434,1,4.88198937242024,32,1,25.7770004272461,36.2350006103516,0.181292995810509,0.168209999799728,191.057403564453,-85.3076,23.0668,109.277940240012,63,63,63,63,61,63,0.158865,8764,2.04575969791764,23,-85,0.001869,51,2024-02-29 06:20:20.000672,32,1.037,0.0011,"aoml_navis",1024.17265147
"7901009",27,0.0785693452479337,1,0.183162,1,0.160734,1,198.190238751873,1,4.88194841423238,34,1,25.7770004272461,36.2350006103516,0.183162003755569,0.170078992843628,191.117294311523,-85.3076,23.0668,109.277940240012,63,63,63,63,61,63,0.160734,8764,2.04575969791764,23,-85,0.001869,51,2024-02-29 06:20:20.000672,34,1.037,0.0011,"aoml_navis",1024.18124399338
"7901009",27,0.0831373304367671,1,0.192507,1,0.170079,1,198.158623414127,1,4.88190745839516,36,1,25.7770004272461,36.2350006103516,0.19250699877739,0.179424002766609,191.086807250977,-85.3076,23.0668,109.277940240012,63,63,63,63,61,63,0.170079,8764,2.04575969791764,23,-85,0.001869,51,2024-02-29 06:20:20.000672,36,1.037,0.0011,"aoml_navis",1024.18983616778
"7901009",27,0.0794829422857004,1,0.185031,1,0.162603,1,198.138290226438,1,4.88186799109832,38,1,25.7779998779297,36.2350006103516,0.185030996799469,0.171948000788689,191.067199707031,-85.3076,23.0668,109.277940240012,63,63,63,63,61,63,0.162603,8764,2.04575969791764,23,-85,0.001869,51,2024-02-29 06:20:20.000672,38,1.037,0.0011,"aoml_navis",1024.19811619591
"7901009",27,0.0831373304367671,1,0.192507,1,0.170079,1,198.150426845082,1,4.88182704002465,40,1,25.7779998779297,36.2350006103516,0.19250699877739,0.179424002766609,191.078903198242,-85.3076,23.0668,109.277940240012,63,63,63,63,61,63,0.170079,8764,2.04575969791764,23,-85,0.001869,51,2024-02-29 06:20:20.000672,40,1.037,0.0011,"aoml_navis",1024.20670765402
"7901009",27,0.0813101363612337,1,0.188769,1,0.166341,1,198.152388958135,1,4.88178460498519,42,1,25.7770004272461,36.2350006103516,0.188768997788429,0.175686001777649,191.080795288086,-85.3076,23.0668,109.277940240012,63,63,63,63,61,63,0.166341,8764,2.04575969791764,23,-85,0.001869,51,2024-02-29 06:20:20.000672,42,1.037,0.0011,"aoml_navis",1024.21561059742
"7901009",27,0.0867917185878338,1,0.199983,1,0.177555,1,198.15944623573,1,4.88174725545797,44,1,25.7770004272461,36.234001159668,0.19998300075531,0.18690000474453,191.087600708008,-85.3076,23.0668,109.277940240012,63,63,63,63,61,63,0.177555,8764,2.04575969791764,23,-85,0.001869,51,2024-02-29 06:20:20.000672,44,1.037,0.0011,"aoml_navis",1024.22344671978
"7901009",27,0.0813101363612337,4,0.188769,1,0.166341,1,198.145553209434,1,4.88170779769802,46,1,25.7779998779297,36.234001159668,0.188768997788429,0.175686001777649,191.074203491211,-85.3076,23.0668,109.277940240012,63,63,63,63,61,63,0.166341,8764,2.04575969791764,23,-85,0.001869,51,2024-02-29 06:20:20.000672,46,1.037,0.0011,"aoml_navis",1024.23172529043
"7901009",27,0.0931868978522005,1,0.213066,1,0.190638,1,198.126565018596,1,4.88166325922769,48,1,25.7779998779297,36.2350006103516,0.21306599676609,0.19998300075531,191.055892944336,-85.3076,23.0668,109.277940240012,63,63,63,63,61,63,0.190638,8764,2.04575969791764,23,-85,0.001869,51,2024-02-29 06:20:20.000672,48,1.037,0.0011,"aoml_navis",1024.24106999773
"7901009",27,0.0858781215500671,1,0.198114,1,0.175686,1,198.003173425133,1,4.88162231990181,50,1,25.7779998779297,36.2350006103516,0.198113992810249,0.185030996799469,190.936904907227,-85.3076,23.0668,109.277940240012,63,63,63,63,61,63,0.175686,8764,2.04575969791764,23,-85,0.001869,51,2024-02-29 06:20:20.000672,50,1.037,0.0011,"aoml_navis",1024.2496597116
"7901009",27,0.0886189126633671,4,0.203721,1,0.181293,1,198.065802807914,1,4.88158138292484,52,1,25.7779998779297,36.2350006103516,0.20372100174427,0.19063800573349,190.997299194336,-85.3076,23.0668,109.277940240012,63,63,63,63,61,63,0.181293,8764,2.04575969791764,23,-85,0.001869,51,2024-02-29 06:20:20.000672,52,1.037,0.0011,"aoml_navis",1024.2582490767
"7901009",27,0.0941004948899671,1,0.214935,1,0.192507,1,197.975371549048,1,4.88153896160348,54,1,25.7770004272461,36.2350006103516,0.214935004711151,0.20185199379921,190.910095214844,-85.3076,23.0668,109.277940240012,63,63,63,63,61,63,0.192507,8764,2.04575969791764,23,-85,0.001869,51,2024-02-29 06:20:20.000672,54,1.037,0.0011,"aoml_navis",1024.26715003778
"7901009",27,0.0941004948899671,1,0.214935,1,0.192507,1,197.911397169416,1,4.88149802926082,56,1,25.7770004272461,36.2350006103516,0.214935004711151,0.20185199379921,190.848403930664,-85.3076,23.0668,109.277940240012,63,63,63,63,61,63,0.192507,8764,2.04575969791764,23,-85,0.001869,51,2024-02-29 06:20:20.000672,56,1.037,0.0011,"aoml_navis",1024.27573872382
"7901009",27,0.0959276889655005,1,0.218673,1,0.196245,1,197.916065099664,1,4.88145709926643,58,1,25.7770004272461,36.2350006103516,0.218673005700111,0.20558999478817,190.852905273438,-85.3076,23.0668,109.277940240012,63,63,63,63,61,63,0.196245,8764,2.04575969791764,23,-85,0.001869,51,2024-02-29 06:20:20.000672,58,1.037,0.0011,"aoml_navis",1024.28432706115
"7901009",27,0.0968412860032671,1,0.220542,1,0.198114,1,197.807895705857,1,4.88141765850175,60,1,25.7779998779297,36.2350006103516,0.220541998744011,0.207459002733231,190.748596191406,-85.3076,23.0668,109.277940240012,63,63,63,63,61,63,0.198114,8764,2.04575969791764,23,-85,0.001869,51,2024-02-29 06:20:20.000672,60,1.037,0.0011,"aoml_navis",1024.2926030498
"7901009",27,0.0968412860032671,1,0.220542,1,0.198114,1,197.795458440858,1,4.8813767332661,62,1,25.7779998779297,36.2350006103516,0.220541998744011,0.207459002733231,190.736602783203,-85.3076,23.0668,109.277940240012,63,63,63,63,61,63,0.198114,8764,2.04575969791764,23,-85,0.001869,51,2024-02-29 06:20:20.000672,62,1.037,0.0011,"aoml_navis",1024.30119067137
"7901009",27,0.105977256380934,1,0.239232,1,0.216804,1,197.71083440369,1,4.88133581037807,64,1,25.7779998779297,36.2350006103516,0.239232003688812,0.226148992776871,190.654998779297,-85.3076,23.0668,109.277940240012,63,63,63,63,61,63,0.216804,8764,2.04575969791764,23,-85,0.001869,51,2024-02-29 06:20:20.000672,64,1.037,0.0011,"aoml_navis",1024.30977794432
"7901009",27,0.105977256380934,1,0.239232,1,0.216804,1,197.677130364952,1,4.88129488983745,66,1,25.7779998779297,36.2350006103516,0.239232003688812,0.226148992776871,190.622497558594,-85.3076,23.0668,109.277940240012,63,63,63,63,61,63,0.216804,8764,2.04575969791764,23,-85,0.001869,51,2024-02-29 06:20:20.000672,66,1.037,0.0011,"aoml_navis",1024.31836486865
"7901009",27,0.108718047494234,1,0.244839,1,0.222411,1,197.657746586805,1,4.88125397164401,68,1,25.7779998779297,36.2350006103516,0.244838997721672,0.231756001710892,190.603805541992,-85.3076,23.0668,109.277940240012,63,63,63,63,61,63,0.222411,8764,2.04575969791764,23,-85,0.001869,51,2024-02-29 06:20:20.000672,68,1.037,0.0011,"aoml_navis",1024.3269514444
"7901009",27,0.107804450456467,1,0.24297,1,0.220542,1,197.696529966592,1,4.88121305579755,70,1,25.7779998779297,36.2350006103516,0.242970004677773,0.229886993765831,190.641204833984,-85.3076,23.0668,109.277940240012,63,63,63,63,61,63,0.220542,8764,2.04575969791764,23,-85,0.001869,51,2024-02-29 06:20:20.000672,70,1.037,0.0011,"aoml_navis",1024.3355376716
"7901009",27,0.111458838607534,1,0.250446,1,0.228018,1,197.665626686003,1,4.8811736295936,72,1,25.7789993286133,36.2350006103516,0.250445991754532,0.237362995743752,190.611404418945,-85.3076,23.0668,109.277940240012,63,63,63,63,61,63,0.228018,8764,2.04575969791764,23,-85,0.001869,51,2024-02-29 06:20:20.000672,72,1.037,0.0011,"aoml_navis",1024.34381143215
"7901009",27,0.108718047494234,1,0.244839,1,0.222411,1,197.686355461001,1,4.8811291232599,74,1,25.7789993286133,36.2360000610352,0.244838997721672,0.231756001710892,190.631393432617,-85.3076,23.0668,109.277940240012,63,63,63,63,61,63,0.222411,8764,2.04575969791764,23,-85,0.001869,51,2024-02-29 06:20:20.000672,74,1.037,0.0011,"aoml_navis",1024.35315144065
"7901009",27,0.107804450456467,1,0.24297,1,0.220542,1,197.610355227172,1,4.88108821462615,76,1,25.7789993286133,36.2360000610352,0.242970004677773,0.229886993765831,190.55810546875,-85.3076,23.0668,109.277940240012,63,63,63,63,61,63,0.220542,8764,2.04575969791764,23,-85,0.001869,51,2024-02-29 06:20:20.000672,76,1.037,0.0011,"aoml_navis",1024.3617365934
"7901009",27,0.109631644532001,1,0.246708,1,0.22428,1,197.534228405404,1,4.88105090336128,78,1,25.7789993286133,36.2350006103516,0.246708005666733,0.233624994754791,190.48469543457,-85.3076,23.0668,109.277940240012,63,63,63,63,61,63,0.22428,8764,2.04575969791764,23,-85,0.001869,51,2024-02-29 06:20:20.000672,78,1.037,0.0011,"aoml_navis",1024.36956692191
"7901009",27,0.109631644532001,1,0.246708,1,0.22428,1,197.464858214875,1,4.88100999930924,80,1,25.7789993286133,36.2350006103516,0.246708005666733,0.233624994754791,190.41780090332,-85.3076,23.0668,109.277940240012,63,63,63,63,61,63,0.22428,8764,2.04575969791764,23,-85,0.001869,51,2024-02-29 06:20:20.000672,80,1.037,0.0011,"aoml_navis",1024.37815138826
"7901009",27,0.107804450456467,1,0.24297,1,0.220542,1,197.46495315583,1,4.88096909760289,82,1,25.7789993286133,36.2350006103516,0.242970004677773,0.229886993765831,190.417892456055,-85.3076,23.0668,109.277940240012,63,63,63,63,61,63,0.220542,8764,2.04575969791764,23,-85,0.001869,51,2024-02-29 06:20:20.000672,82,1.037,0.0011,"aoml_navis",1024.38673550619
"7901009",27,0.108718047494234,1,0.244839,1,0.222411,1,197.48134629392,1,4.88092819824199,84,1,25.7789993286133,36.2350006103516,0.244838997721672,0.231756001710892,190.433700561523,-85.3076,23.0668,109.277940240012,63,63,63,63,61,63,0.222411,8764,2.04575969791764,23,-85,0.001869,51,2024-02-29 06:20:20.000672,84,1.037,0.0011,"aoml_navis",1024.39531927573
"7901009",27,0.108718047494234,1,0.244839,1,0.222411,1,197.463718923425,1,4.88088519726003,86,1,25.7800006866455,36.2360000610352,0.244838997721672,0.231756001710892,190.416702270508,-85.3076,23.0668,109.277940240012,63,63,63,63,61,63,0.222411,8764,2.04575969791764,23,-85,0.001869,51,2024-02-29 06:20:20.000672,86,1.037,0.0011,"aoml_navis",1024.40434427895
"7901009",27,0.117854017871901,1,0.263529,1,0.241101,1,197.464541745028,1,4.88084430276252,88,1,25.7800006866455,36.2360000610352,0.263529002666473,0.250445991754532,190.417495727539,-85.3076,23.0668,109.277940240012,63,63,63,63,61,63,0.241101,8764,2.04575969791764,23,-85,0.001869,51,2024-02-29 06:20:20.000672,88,1.037,0.0011,"aoml_navis",1024.41292732285
"7901009",27,0.106890853418701,1,0.241101,1,0.218673,1,197.355976763912,1,4.88080341060981,90,1,25.7800006866455,36.2360000610352,0.241100996732712,0.228018000721931,190.312805175781,-85.3076,23.0668,109.277940240012,63,63,63,63,61,63,0.218673,8764,2.04575969791764,23,-85,0.001869,51,2024-02-29 06:20:20.000672,90,1.037,0.0011,"aoml_navis",1024.42151001843
"7901009",27,0.111458838607534,1,0.250446,1,0.228018,1,197.302983887981,1,4.88076252080169,92,1,25.7800006866455,36.2360000610352,0.250445991754532,0.237362995743752,190.261703491211,-85.3076,23.0668,109.277940240012,63,63,63,63,61,63,0.228018,8764,2.04575969791764,23,-85,0.001869,51,2024-02-29 06:20:20.000672,92,1.037,0.0011,"aoml_navis",1024.43009236572
"7901009",27,0.108718047494234,1,0.244839,1,0.222411,1,197.321133433724,1,4.88072163333794,94,1,25.7800006866455,36.2360000610352,0.244838997721672,0.231756001710892,190.279205322266,-85.3076,23.0668,109.277940240012,63,63,63,63,61,63,0.222411,8764,2.04575969791764,23,-85,0.001869,51,2024-02-29 06:20:20.000672,94,1.037,0.0011,"aoml_navis",1024.43867436473
"7901009",27,0.109631644532001,1,0.246708,1,0.22428,1,197.210163281768,1,4.88068434224522,96,1,25.7800006866455,36.2350006103516,0.246708005666733,0.233624994754791,190.17219543457,-85.3076,23.0668,109.277940240012,63,63,63,63,61,63,0.22428,8764,2.04575969791764,23,-85,0.001869,51,2024-02-29 06:20:20.000672,96,1.037,0.0011,"aoml_navis",1024.44650163544
"7901009",27,0.107804450456467,1,0.24297,1,0.220542,1,197.214941976462,1,4.8806398654427,98,1,25.7800006866455,36.2360000610352,0.242970004677773,0.229886993765831,190.176803588867,-85.3076,23.0668,109.277940240012,63,63,63,63,61,63,0.220542,8764,2.04575969791764,23,-85,0.001869,51,2024-02-29 06:20:20.000672,98,1.037,0.0011,"aoml_navis",1024.45583731806
"7901009",27,0.114199629720834,1,0.256053,1,0.233625,1,197.148467485037,1,4.88060047326321,100,1,25.7810001373291,36.2360000610352,0.256053000688553,0.242970004677773,190.112701416016,-85.3076,23.0668,109.277940240012,63,63,63,63,61,63,0.233625,8764,2.04575969791764,23,-85,0.001869,51,2024-02-29 06:20:20.000672,100,1.037,0.0011,"aoml_navis",1024.46410588018
"7901009",27,0.107804450456467,1,0.24297,1,0.220542,1,197.147011723739,1,4.88055959523751,102,1,25.7810001373291,36.2360000610352,0.242970004677773,0.229886993765831,190.111297607422,-85.3076,23.0668,109.277940240012,63,63,63,63,61,63,0.220542,8764,2.04575969791764,23,-85,0.001869,51,2024-02-29 06:20:20.000672,102,1.037,0.0011,"aoml_navis",1024.47268646797
"7901009",27,0.102322868229867,4,0.231756,1,0.209328,1,197.039680975027,1,4.88051723117726,104,1,25.7800006866455,36.2360000610352,0.231756001710892,0.218673005700111,190.007797241211,-85.3076,23.0668,109.277940240012,63,63,63,63,61,63,0.209328,8764,2.04575969791764,23,-85,0.001869,51,2024-02-29 06:20:20.000672,104,1.037,0.0011,"aoml_navis",1024.48157913663
"7901009",27,0.104150062305401,1,0.235494,1,0.213066,1,197.013129154839,1,4.88047276430235,106,1,25.7800006866455,36.2369995117188,0.235494002699852,0.222411006689072,189.982192993164,-85.3076,23.0668,109.277940240012,63,63,63,63,61,63,0.213066,8764,2.04575969791764,23,-85,0.001869,51,2024-02-29 06:20:20.000672,106,1.037,0.0011,"aoml_navis",1024.4909133746
"7901009",27,0.106890853418701,1,0.241101,1,0.218673,1,196.881952403133,1,4.88043338186039,108,1,25.7810001373291,36.2369995117188,0.241100996732712,0.228018000721931,189.855697631836,-85.3076,23.0668,109.277940240012,63,63,63,63,61,63,0.218673,8764,2.04575969791764,23,-85,0.001869,51,2024-02-29 06:20:20.000672,108,1.037,0.0011,"aoml_navis",1024.49918045885
"7901009",27,0.1014092711921,1,0.229887,1,0.207459,1,196.761662214174,1,4.8803925133167,110,1,25.7810001373291,36.2369995117188,0.229886993765831,0.216803997755051,189.739700317383,-85.3076,23.0668,109.277940240012,63,63,63,63,61,63,0.207459,8764,2.04575969791764,23,-85,0.001869,51,2024-02-29 06:20:20.000672,110,1.037,0.0011,"aoml_navis",1024.5077596437
"7901009",27,0.100495674154334,1,0.228018,1,0.20559,1,196.63524833367,1,4.88034805397993,112,1,25.7810001373291,36.2379989624023,0.228018000721931,0.214935004711151,189.617797851562,-85.3076,23.0668,109.277940240012,63,63,63,63,61,63,0.20559,8764,2.04575969791764,23,-85,0.001869,51,2024-02-29 06:20:20.000672,112,1.037,0.0011,"aoml_navis",1024.5170927763
"7901009",27,0.0986684800788005,1,0.22428,1,0.201852,1,196.445477189736,1,4.88030359720876,114,1,25.7810001373291,36.2389984130859,0.224279999732971,0.211197003722191,189.434799194336,-85.3076,23.0668,109.277940240012,63,63,63,63,61,63,0.201852,8764,2.04575969791764,23,-85,0.001869,51,2024-02-29 06:20:20.000672,114,1.037,0.0011,"aoml_navis",1024.52642554035
"7901009",27,0.110545241569767,1,0.248577,1,0.226149,1,196.190070199472,1,4.88025614894703,116,1,25.7789993286133,36.2400016784668,0.248576998710632,0.235494002699852,189.188507080078,-85.3076,23.0668,109.277940240012,63,63,63,63,61,63,0.226149,8764,2.04575969791764,23,-85,0.001869,51,2024-02-29 06:20:20.000672,116,1.037,0.0011,"aoml_navis",1024.5363864925
"7901009",27,0.0913597037766671,1,0.209328,1,0.1869,1,195.852206990495,1,4.8802081043735,118,1,25.7789993286133,36.242000579834,0.20932799577713,0.19624499976635,188.862701416016,-85.3076,23.0668,109.277940240012,63,63,63,63,61,63,0.1869,8764,2.04575969791764,23,-85,0.001869,51,2024-02-29 06:20:20.000672,118,1.037,0.0011,"aoml_navis",1024.54647282749
"7901009",27,0.0858781215500671,1,0.198114,1,0.175686,1,195.11426260056,1,4.88014927084972,120,1,25.7789993286133,36.2470016479492,0.198113992810249,0.185030996799469,188.151092529297,-85.3076,23.0668,109.277940240012,63,63,63,63,61,63,0.175686,8764,2.04575969791764,23,-85,0.001869,51,2024-02-29 06:20:20.000672,120,1.037,0.0011,"aoml_navis",1024.55882443313
"7901009",27,0.0840509274745337,1,0.194376,1,0.171948,1,193.640573286128,1,4.88009851694735,122,1,25.7819995880127,36.2509994506836,0.19437600672245,0.181292995810509,186.729995727539,-85.3076,23.0668,109.277940240012,63,63,63,63,61,63,0.171948,8764,2.04575969791764,23,-85,0.001869,51,2024-02-29 06:20:20.000672,122,1.037,0.0011,"aoml_navis",1024.5694800292
"7901009",27,0.0767421511724004,1,0.179424,1,0.156996,1,190.232145560226,1,4.88000304872252,124,1,25.7959995269775,36.2719993591309,0.179424002766609,0.166341006755829,183.443206787109,-85.3076,23.0668,109.277940240012,63,63,63,63,61,63,0.156996,8764,2.04575969791764,23,-85,0.001869,51,2024-02-29 06:20:20.000672,124,1.037,0.0011,"aoml_navis",1024.58952383419
"7901009",27,0.0593838074548336,1,0.143913,1,0.121485,1,187.23569828154,1,4.879747521751,126,1,25.7870006561279,36.3279991149902,0.143913000822067,0.130830004811287,180.553695678711,-85.3076,23.0668,109.277940240012,63,63,63,63,61,63,0.121485,8764,2.04575969791764,23,-85,0.001869,51,2024-02-29 06:20:20.000672,126,1.037,0.0011,"aoml_navis",1024.64317625307
"7901009",27,0.0621245985681336,1,0.14952,1,0.127092,1,184.182333900817,1,4.87956109448406,128,1,25.7929992675781,36.3709983825684,0.149519994854927,0.136436998844147,177.609298706055,-85.3076,23.0668,109.277940240012,63,63,63,63,61,63,0.127092,8764,2.04575969791764,23,-85,0.001869,51,2024-02-29 06:20:20.000672,128,1.037,0.0011,"aoml_navis",1024.68232350899
"7901009",27,0.0511614341149336,1,0.127092,1,0.104664,1,182.553716772639,1,4.8792620279893,130,1,25.761999130249,36.4300003051758,0.127092003822327,0.114009000360966,176.038803100586,-85.3076,23.0668,109.277940240012,63,63,63,63,61,63,0.104664,8764,2.04575969791764,23,-85,0.001869,51,2024-02-29 06:20:20.000672,130,1.037,0.0011,"aoml_navis",1024.74512975899
"7901009",27,0.0493342400394002,1,0.123354,1,0.100926,1,181.2454304239,1,4.87913093996154,132,1,25.7399997711182,36.4459991455078,0.123354002833366,0.110270999372005,174.777206420898,-85.3076,23.0668,109.277940240012,63,63,63,63,61,63,0.100926,8764,2.04575969791764,23,-85,0.001869,51,2024-02-29 06:20:20.000672,132,1.037,0.0011,"aoml_navis",1024.77266167393
"7901009",27,0.0447662548505669,4,0.114009,1,0.091581,1,178.898252683935,1,4.87904071429551,133.899993896484,1,25.7320003509521,36.4570007324219,0.114009000360966,0.100925996899605,172.513793945312,-85.3076,23.0668,109.277940240012,63,63,63,63,61,63,0.091581,8764,2.04575969791764,23,-85,0.001869,51,2024-02-29 06:20:20.000672,133.899993896484,1.037,0.0011,"aoml_navis",1024.79161228355
"7901009",27,0.0456798518883336,4,0.115878,1,0.09345,1,175.795107596231,1,4.87879480322279,136,1,25.738000869751,36.515998840332,0.115878000855446,0.102794997394085,169.521392822266,-85.3076,23.0668,109.277940240012,63,63,63,63,61,63,0.09345,8764,2.04575969791764,23,-85,0.001869,51,2024-02-29 06:20:20.000672,136,1.037,0.0011,"aoml_navis",1024.84326594288
"7901009",27,0.0520750311527003,1,0.128961,1,0.106533,1,173.602050671901,1,4.87859704601467,138,1,25.798999786377,36.5849990844727,0.128960996866226,0.115878000855446,167.406600952148,-85.3076,23.0668,109.277940240012,63,63,63,63,61,63,0.106533,8764,2.04575969791764,23,-85,0.001869,51,2024-02-29 06:20:20.000672,138,1.037,0.0011,"aoml_navis",1024.88480865303
"7901009",27,0.0529886281904669,1,0.13083,1,0.108402,1,172.425146780268,1,4.87850674707825,140,1,25.826000213623,36.6100006103516,0.130830004811287,0.117747001349926,166.271697998047,-85.3076,23.0668,109.277940240012,63,63,63,63,61,63,0.108402,8764,2.04575969791764,23,-85,0.001869,51,2024-02-29 06:20:20.000672,140,1.037,0.0011,"aoml_navis",1024.90377880373
"7901009",27,0.0548158222660003,1,0.134568,1,0.11214,1,170.69147748628,1,4.87844704309495,142,1,25.8470001220703,36.6240005493164,0.134568005800247,0.121485002338886,164.599899291992,-85.3076,23.0668,109.277940240012,63,63,63,63,61,63,0.11214,8764,2.04575969791764,23,-85,0.001869,51,2024-02-29 06:20:20.000672,142,1.037,0.0011,"aoml_navis",1024.91632190147
"7901009",27,0.0539022252282336,1,0.132699,1,0.110271,1,169.017953286771,1,4.87826464919854,144,1,25.8700008392334,36.6730003356934,0.132698997855186,0.119616001844406,162.986099243164,-85.3076,23.0668,109.277940240012,63,63,63,63,61,63,0.110271,8764,2.04575969791764,23,-85,0.001869,51,2024-02-29 06:20:20.000672,144,1.037,0.0011,"aoml_navis",1024.95464259436
"7901009",27,0.0557294193037669,1,0.136437,1,0.114009,1,167.848723788935,1,4.87806769465014,146,1,25.8400001525879,36.7039985656738,0.136436998844147,0.123354002833366,161.858596801758,-85.3076,23.0668,109.277940240012,63,63,63,63,61,63,0.114009,8764,2.04575969791764,23,-85,0.001869,51,2024-02-29 06:20:20.000672,146,1.037,0.0011,"aoml_navis",1024.99602567705
"7901009",27,0.0548158222660003,1,0.134568,1,0.11214,1,167.162949453327,1,4.87785825530231,148,1,25.7919998168945,36.7309989929199,0.134568005800247,0.121485002338886,161.197296142578,-85.3076,23.0668,109.277940240012,63,63,63,63,61,63,0.11214,8764,2.04575969791764,23,-85,0.001869,51,2024-02-29 06:20:20.000672,148,1.037,0.0011,"aoml_navis",1025.0400356683
"7901009",27,0.0557294193037669,1,0.136437,1,0.114009,1,166.711331157737,1,4.87775078892863,150,1,25.7810001373291,36.7449989318848,0.136436998844147,0.123354002833366,160.761795043945,-85.3076,23.0668,109.277940240012,63,63,63,63,61,63,0.114009,8764,2.04575969791764,23,-85,0.001869,51,2024-02-29 06:20:20.000672,150,1.037,0.0011,"aoml_navis",1025.06261930168
"7901009",27,0.0529886281904669,1,0.13083,1,0.108402,1,165.984083448641,1,4.87765294123642,152,1,25.761999130249,36.7529983520508,0.130830004811287,0.117747001349926,160.060501098633,-85.3076,23.0668,109.277940240012,63,63,63,63,61,63,0.108402,8764,2.04575969791764,23,-85,0.001869,51,2024-02-29 06:20:20.000672,152,1.037,0.0011,"aoml_navis",1025.08318247271
"7901009",27,0.0520750311527003,1,0.128961,1,0.106533,1,164.333677371477,1,4.87745983445657,154,1,25.7080001831055,36.7729988098145,0.128960996866226,0.115878000855446,158.468994140625,-85.3076,23.0668,109.277940240012,63,63,63,63,61,63,0.106533,8764,2.04575969791764,23,-85,0.001869,51,2024-02-29 06:20:20.000672,154,1.037,0.0011,"aoml_navis",1025.12376722772
"7901009",27,0.0465934489261002,1,0.117747,1,0.095319,1,163.65693825001,1,4.87713450250024,156,1,25.6229991912842,36.8170013427734,0.117747001349926,0.104663997888565,157.81640625,-85.3076,23.0668,109.277940240012,63,63,63,63,61,63,0.095319,8764,2.04575969791764,23,-85,0.001869,51,2024-02-29 06:20:20.000672,156,1.037,0.0011,"aoml_navis",1025.19214867598
"7901009",27,0.0456798518883336,1,0.115878,1,0.09345,1,163.016055162242,1,4.8770806167099,158,1,25.6189994812012,36.8190002441406,0.115878000855446,0.102794997394085,157.198394775391,-85.3076,23.0668,109.277940240012,63,63,63,63,61,63,0.09345,8764,2.04575969791764,23,-85,0.001869,51,2024-02-29 06:20:20.000672,158,1.037,0.0011,"aoml_navis",1025.2034757984
"7901009",27,0.0429390607750335,1,0.110271,1,0.087843,1,161.66493461967,1,4.87695464364437,160,1,25.5809993743896,36.8269996643066,0.110270999372005,0.0971880033612251,155.895492553711,-85.3076,23.0668,109.277940240012,63,63,63,63,61,63,0.087843,8764,2.04575969791764,23,-85,0.001869,51,2024-02-29 06:20:20.000672,160,1.037,0.0011,"aoml_navis",1025.22995708315
"7901009",27,0.0328894933596002,1,0.089712,1,0.067284,1,160.930629632979,1,4.87653862502255,162,1,25.4029998779297,36.8580017089844,0.0897120013833046,0.0766289979219437,155.187393188477,-85.3076,23.0668,109.277940240012,63,63,63,63,61,63,0.067284,8764,2.04575969791764,23,-85,0.001869,51,2024-02-29 06:20:20.000672,162,1.037,0.0011,"aoml_navis",1025.31741968452
"7901009",27,0.0338030903973668,1,0.091581,1,0.069153,1,159.973276697911,1,4.87642245535951,164,1,25.3519992828369,36.8580017089844,0.0915810018777847,0.0784979984164238,154.264205932617,-85.3076,23.0668,109.277940240012,63,63,63,63,61,63,0.069153,8764,2.04575969791764,23,-85,0.001869,51,2024-02-29 06:20:20.000672,164,1.037,0.0011,"aoml_navis",1025.34184553774
"7901009",27,0.0338030903973668,1,0.091581,1,0.069153,1,158.370879096583,1,4.87613233301831,166,1,25.2390003204346,36.8810005187988,0.0915810018777847,0.0784979984164238,152.718994140625,-85.3076,23.0668,109.277940240012,63,63,63,63,61,63,0.069153,8764,2.04575969791764,23,-85,0.001869,51,2024-02-29 06:20:20.000672,166,1.037,0.0011,"aoml_navis",1025.40285179361
"7901009",27,0.0164447466798001,1,0.05607,1,0.033642,1,157.383651407929,1,4.87563201104265,168,1,25.0289993286133,36.9230003356934,0.0560699999332428,0.0429870001971722,151.766998291016,-85.3076,23.0668,109.277940240012,63,63,63,63,61,63,0.033642,8764,2.04575969791764,23,-85,0.001869,51,2024-02-29 06:20:20.000672,168,1.037,0.0011,"aoml_navis",1025.50807539939
"7901009",27,0.0137039555665001,1,0.050463,1,0.028035,1,157.073906544884,1,4.87534650468923,170,1,24.9060001373291,36.9410018920898,0.0504629984498024,0.0373799987137318,151.468307495117,-85.3076,23.0668,109.277940240012,63,63,63,63,61,63,0.028035,8764,2.04575969791764,23,-85,0.001869,51,2024-02-29 06:20:20.000672,170,1.037,0.0011,"aoml_navis",1025.56813042742
"7901009",27,0.0127903585287334,1,0.048594,1,0.026166,1,156.837661803874,1,4.87522933367306,172,1,24.8659992218018,36.9459991455078,0.0485940016806126,0.0355109982192516,151.240493774414,-85.3076,23.0668,109.277940240012,63,63,63,63,61,63,0.026166,8764,2.04575969791764,23,-85,0.001869,51,2024-02-29 06:20:20.000672,172,1.037,0.0011,"aoml_navis",1025.5927788802
"7901009",27,0.0210127318686334,1,0.065415,1,0.042987,1,156.609107280154,1,4.8751143408953,174,1,24.8250007629395,36.9500007629395,0.0654150024056435,0.0523319989442825,151.020095825195,-85.3076,23.0668,109.277940240012,63,63,63,63,61,63,0.042987,8764,2.04575969791764,23,-85,0.001869,51,2024-02-29 06:20:20.000672,174,1.037,0.0011,"aoml_navis",1025.61697026408
"7901009",27,0.0292351052085335,1,0.082236,1,0.059808,1,156.166413434258,1,4.87496104200583,176.100006103516,1,24.7639999389648,36.9560012817383,0.0822359994053841,0.0691530033946037,150.593200683594,-85.3076,23.0668,109.277940240012,63,63,63,63,61,63,0.059808,8764,2.04575969791764,23,-85,0.001869,51,2024-02-29 06:20:20.000672,176.100006103516,1.037,0.0011,"aoml_navis",1025.64922199721
"7901009",27,0.0182719407553334,1,0.059808,1,0.03738,1,155.557794447422,1,4.874811270712,178,1,24.7049999237061,36.9630012512207,0.0598080009222031,0.0467250011861324,150.006301879883,-85.3076,23.0668,109.277940240012,63,63,63,63,61,63,0.03738,8764,2.04575969791764,23,-85,0.001869,51,2024-02-29 06:20:20.000672,178,1.037,0.0011,"aoml_navis",1025.68073353735
"7901009",27,0.00456798518883336,4,0.031773,1,0.009345,1,155.034511554911,1,4.87467770067478,180,1,24.6560001373291,36.9690017700195,0.0317730009555817,0.0186899993568659,149.501693725586,-85.3076,23.0668,109.277940240012,63,63,63,63,61,63,0.009345,8764,2.04575969791764,23,-85,0.001869,51,2024-02-29 06:20:20.000672,180,1.037,0.0011,"aoml_navis",1025.70883800336
"7901009",27,0.00730877630213337,4,0.03738,1,0.014952,1,154.841639006474,1,4.87442836375779,182,1,24.5370006561279,36.9790000915527,0.0373799987137318,0.0242970008403063,149.315704345703,-85.3076,23.0668,109.277940240012,63,63,63,63,61,63,0.014952,8764,2.04575969791764,23,-85,0.001869,51,2024-02-29 06:20:20.000672,182,1.037,0.0011,"aoml_navis",1025.76130509494
"7901009",27,0.0164447466798001,1,0.05607,1,0.033642,1,154.647500578647,1,4.87429210449662,184,1,24.4759998321533,36.9809989929199,0.0560699999332428,0.0429870001971722,149.128494262695,-85.3076,23.0668,109.277940240012,63,63,63,63,61,63,0.033642,8764,2.04575969791764,23,-85,0.001869,51,2024-02-29 06:20:20.000672,184,1.037,0.0011,"aoml_navis",1025.78997992086
"7901009",27,0.0210127318686334,1,0.065415,1,0.042987,1,154.158760369969,1,4.87419279433673,186,1,24.4379997253418,36.9819984436035,0.0654150024056435,0.0523319989442825,148.657196044922,-85.3076,23.0668,109.277940240012,63,63,63,63,61,63,0.042987,8764,2.04575969791764,23,-85,0.001869,51,2024-02-29 06:20:20.000672,186,1.037,0.0011,"aoml_navis",1025.81088007217
"7901009",27,0.0210127318686334,1,0.065415,1,0.042987,1,153.696366276079,1,4.8739515468824,188,1,24.3139991760254,36.9879989624023,0.0654150024056435,0.0523319989442825,148.211303710938,-85.3076,23.0668,109.277940240012,63,63,63,63,61,63,0.042987,8764,2.04575969791764,23,-85,0.001869,51,2024-02-29 06:20:20.000672,188,1.037,0.0011,"aoml_navis",1025.86165494366
"7901009",27,0.0219263289064001,1,0.067284,1,0.044856,1,153.374468970897,1,4.87373455095018,190,1,24.2089996337891,36.9949989318848,0.0672840029001236,0.0542009994387627,147.900894165039,-85.3076,23.0668,109.277940240012,63,63,63,63,61,63,0.044856,8764,2.04575969791764,23,-85,0.001869,51,2024-02-29 06:20:20.000672,190,1.037,0.0011,"aoml_navis",1025.90732993967
"7901009",27,0.0164447466798001,1,0.05607,1,0.033642,1,152.96702986599,1,4.87360544185527,192,1,24.1550006866455,36.9980010986328,0.0560699999332428,0.0429870001971722,147.507995605469,-85.3076,23.0668,109.277940240012,63,63,63,63,61,63,0.033642,8764,2.04575969791764,23,-85,0.001869,51,2024-02-29 06:20:20.000672,192,1.037,0.0011,"aoml_navis",1025.93450775872
"7901009",27,0.0137039555665001,1,0.050463,1,0.028035,1,152.651889192048,1,4.87340478350502,194,1,24.0610008239746,37.0050010681152,0.0504629984498024,0.0373799987137318,147.2041015625,-85.3076,23.0668,109.277940240012,63,63,63,63,61,63,0.028035,8764,2.04575969791764,23,-85,0.001869,51,2024-02-29 06:20:20.000672,194,1.037,0.0011,"aoml_navis",1025.9767497507
"7901009",27,0.0146175526042667,1,0.052332,1,0.029904,1,152.285512049829,1,4.87330672395831,196,1,24.0259990692139,37.0069999694824,0.0523319989442825,0.0392489992082119,146.850799560547,-85.3076,23.0668,109.277940240012,63,63,63,63,61,63,0.029904,8764,2.04575969791764,23,-85,0.001869,51,2024-02-29 06:20:20.000672,196,1.037,0.0011,"aoml_navis",1025.99739421671
"7901009",27,0.0118767614909667,1,0.046725,1,0.024297,1,151.594547608725,1,4.87320589601703,198,1,23.9839992523193,37.0069999694824,0.0467250011861324,0.0336420014500618,146.184494018555,-85.3076,23.0668,109.277940240012,63,63,63,63,61,63,0.024297,8764,2.04575969791764,23,-85,0.001869,51,2024-02-29 06:20:20.000672,198,1.037,0.0011,"aoml_navis",1026.01862237887
"7901009",27,0.00274079111330001,1,0.028035,1,0.005607,1,150.830177986541,1,4.87291895023017,200,1,23.8290004730225,37.0139999389648,0.0280349999666214,0.0149520002305508,145.447402954102,-85.3076,23.0668,109.277940240012,63,63,63,63,61,63,0.005607,8764,2.04575969791764,23,-85,0.001869,51,2024-02-29 06:20:20.000672,200,1.037,0.0011,"aoml_navis",1026.07904031809
"7901009",27,0.00182719407553334,1,0.026166,1,0.003738,1,150.194801474116,1,4.87262318100788,202,1,23.6569995880127,37.0169982910156,0.0261659994721413,0.0130829997360706,144.834701538086,-85.3076,23.0668,109.277940240012,63,63,63,63,61,63,0.003738,8764,2.04575969791764,23,-85,0.001869,51,2024-02-29 06:20:20.000672,202,1.037,0.0011,"aoml_navis",1026.14132352541
"7901009",27,0.00274079111330001,1,0.028035,1,0.005607,1,150.051693809167,1,4.87224254267145,204,1,23.423999786377,37.0200004577637,0.0280349999666214,0.0149520002305508,144.696701049805,-85.3076,23.0668,109.277940240012,63,63,63,63,61,63,0.005607,8764,2.04575969791764,23,-85,0.001869,51,2024-02-29 06:20:20.000672,204,1.037,0.0011,"aoml_navis",1026.22148963432
"7901009",27,0,1,0.022428,1,0,1,149.844089589338,1,4.87206269359637,206,1,23.3199996948242,37.0180015563965,0.0224280003458261,0.00934499967843294,144.496505737305,-85.3076,23.0668,109.277940240012,63,63,63,63,61,63,0,8764,2.04575969791764,23,-85,0.001869,51,2024-02-29 06:20:20.000672,206,1.037,0.0011,"aoml_navis",1026.25937194359
"7901009",27,0,1,0.022428,1,0,1,149.481953143072,1,4.87183427695072,208,1,23.1809997558594,37.015998840332,0.0224280003458261,0.00934499967843294,144.14729309082,-85.3076,23.0668,109.277940240012,63,63,63,63,61,63,0,8764,2.04575969791764,23,-85,0.001869,51,2024-02-29 06:20:20.000672,208,1.037,0.0011,"aoml_navis",1026.30748826077
"7901009",27,-0.00182719407553334,1,0.01869,1,-0.003738,1,149.154992320334,1,4.87156697585259,210,1,23.0109996795654,37.0130004882812,0.0186899993568659,0.00560700008645654,143.832000732422,-85.3076,23.0668,109.277940240012,63,63,63,63,61,63,-0.003738,8764,2.04575969791764,23,-85,0.001869,51,2024-02-29 06:20:20.000672,210,1.037,0.0011,"aoml_navis",1026.36380137726
"7901009",27,-0.000913597037766671,1,0.020559,1,-0.001869,1,148.965316117354,1,4.87137175068559,212,1,22.886999130249,37.007999420166,0.020558999851346,0.00747600011527538,143.64909362793,-85.3076,23.0668,109.277940240012,63,63,63,63,61,63,-0.001869,8764,2.04575969791764,23,-85,0.001869,51,2024-02-29 06:20:20.000672,212,1.037,0.0011,"aoml_navis",1026.40493394829
"7901009",27,-0.00182719407553334,1,0.01869,1,-0.003738,1,148.552908435845,1,4.87121084431813,214,1,22.7900009155273,37.0040016174316,0.0186899993568659,0.00560700008645654,143.251403808594,-85.3076,23.0668,109.277940240012,63,63,63,63,61,63,-0.003738,8764,2.04575969791764,23,-85,0.001869,51,2024-02-29 06:20:20.000672,214,1.037,0.0011,"aoml_navis",1026.43883826792
"7901009",27,-0.000913597037766671,1,0.020559,1,-0.001869,1,147.967724041202,1,4.87097643005862,216,1,22.628999710083,36.9959983825684,0.020558999851346,0.00747600011527538,142.687103271484,-85.3076,23.0668,109.277940240012,63,63,63,63,61,63,-0.001869,8764,2.04575969791764,23,-85,0.001869,51,2024-02-29 06:20:20.000672,216,1.037,0.0011,"aoml_navis",1026.48823532489
"7901009",27,-0.00365438815106668,1,0.014952,1,-0.007476,1,147.383995407856,1,4.87076355987476,218,1,22.4829998016357,36.9879989624023,0.0149520002305508,0.00186900002881885,142.124206542969,-85.3076,23.0668,109.277940240012,63,63,63,63,61,63,-0.007476,8764,2.04575969791764,23,-85,0.001869,51,2024-02-29 06:20:20.000672,218,1.037,0.0011,"aoml_navis",1026.53309661546
"7901009",27,-0.00274079111330001,1,0.016821,1,-0.005607,1,146.984436402147,1,4.87061405718842,220,1,22.3880004882812,36.9819984436035,0.0168210007250309,0.00373800005763769,141.738906860352,-85.3076,23.0668,109.277940240012,63,63,63,63,61,63,-0.005607,8764,2.04575969791764,23,-85,0.001869,51,2024-02-29 06:20:20.000672,220,1.037,0.0011,"aoml_navis",1026.5646058777
"7901009",27,-0.00365438815106668,1,0.014952,1,-0.007476,1,146.760850455029,1,4.87044069529288,222,1,22.2700004577637,36.9739990234375,0.0149520002305508,0.00186900002881885,141.523300170898,-85.3076,23.0668,109.277940240012,63,63,63,63,61,63,-0.007476,8764,2.04575969791764,23,-85,0.001869,51,2024-02-29 06:20:20.000672,222,1.037,0.0011,"aoml_navis",1026.60114614112
"7901009",27,-0.00365438815106668,1,0.014952,1,-0.007476,1,146.430155288093,1,4.87029506361417,224,1,22.1720008850098,36.9659996032715,0.0149520002305508,0.00186900002881885,141.204406738281,-85.3076,23.0668,109.277940240012,63,63,63,63,61,63,-0.007476,8764,2.04575969791764,23,-85,0.001869,51,2024-02-29 06:20:20.000672,224,1.037,0.0011,"aoml_navis",1026.63184359298
"7901009",27,-0.00456798518883336,1,0.013083,1,-0.009345,1,146.394884723611,1,4.87007381951514,226,1,22.0100002288818,36.9550018310547,0.0130829997360706,0,141.170394897461,-85.3076,23.0668,109.277940240012,63,63,63,63,61,63,-0.009345,8764,2.04575969791764,23,-85,0.001869,51,2024-02-29 06:20:20.000672,226,1.037,0.0011,"aoml_navis",1026.67848277047
"7901009",27,0,1,0.014952,1,-0.007476,1,146.643044554372,1,4.86978135175594,228,1,21.7810001373291,36.9389991760254,0.0149520002305508,0,141.409698486328,-85.3076,23.0668,109.277940240012,63,63,63,63,61,63,0,8764,2.04575969791764,23,-85,0.001869,51,2024-02-29 06:20:20.000672,228,1.037,0.0011,"aoml_navis",1026.74014269596
"7901009",27,0,1,0.013083,1,-0.009345,1,146.840395151148,1,4.86959159708688,230,1,21.6380004882812,36.9269981384277,0.0130829997360706,0,141.600006103516,-85.3076,23.0668,109.277940240012,63,63,63,63,61,63,0,8764,2.04575969791764,23,-85,0.001869,51,2024-02-29 06:20:20.000672,230,1.037,0.0011,"aoml_navis",1026.78015195178
"7901009",27,0,1,0.013083,1,-0.009345,1,146.866424796089,1,4.86948347880786,232,1,21.5690002441406,36.9199981689453,0.0130829997360706,0,141.625106811523,-85.3076,23.0668,109.277940240012,63,63,63,63,61,63,0,8764,2.04575969791764,23,-85,0.001869,51,2024-02-29 06:20:20.000672,232,1.037,0.0011,"aoml_navis",1026.80294979132
"7901009",27,0,1,0.014952,1,-0.007476,1,146.936934278067,1,4.86933777105213,234,1,21.4689998626709,36.9119987487793,0.0149520002305508,0,141.693099975586,-85.3076,23.0668,109.277940240012,63,63,63,63,61,63,0,8764,2.04575969791764,23,-85,0.001869,51,2024-02-29 06:20:20.000672,234,1.037,0.0011,"aoml_navis",1026.83367535615
"7901009",27,0,1,0.01869,1,-0.003738,1,147.072367549219,1,4.86918368997161,236,1,21.3570003509521,36.9020004272461,0.0186899993568659,0,141.823699951172,-85.3076,23.0668,109.277940240012,63,63,63,63,61,63,0,8764,2.04575969791764,23,-85,0.001869,51,2024-02-29 06:20:20.000672,236,1.037,0.0011,"aoml_navis",1026.86616861422
"7901009",27,0,1,0.01869,1,-0.003738,1,147.124743308948,1,4.86910057045685,238,1,21.3090000152588,36.8959999084473,0.0186899993568659,0,141.874206542969,-85.3076,23.0668,109.277940240012,63,63,63,63,61,63,0,8764,2.04575969791764,23,-85,0.001869,51,2024-02-29 06:20:20.000672,238,1.037,0.0011,"aoml_navis",1026.88369805655
"7901009",27,0,1,0.011214,1,-0.011214,1,147.477528071226,1,4.86891903096219,240,1,21.1730003356934,36.8849983215332,0.0112140001729131,0,142.214401245117,-85.3076,23.0668,109.277940240012,63,63,63,63,61,63,0,8764,2.04575969791764,23,-85,0.001869,51,2024-02-29 06:20:20.000672,240,1.037,0.0011,"aoml_navis",1026.92198580511
"7901009",27,0,1,0.01869,1,-0.003738,1,147.589004574937,1,4.86881641990023,242,1,21.1100006103516,36.8790016174316,0.0186899993568659,0,142.321899414062,-85.3076,23.0668,109.277940240012,63,63,63,63,61,63,0,8764,2.04575969791764,23,-85,0.001869,51,2024-02-29 06:20:20.000672,242,1.037,0.0011,"aoml_navis",1026.9436283454
"7901009",27,0,1,0.016821,1,-0.005607,1,147.507814235612,1,4.86876249616104,244,1,21.0919990539551,36.8759994506836,0.0168210007250309,0,142.243606567383,-85.3076,23.0668,109.277940240012,63,63,63,63,61,63,0,8764,2.04575969791764,23,-85,0.001869,51,2024-02-29 06:20:20.000672,244,1.037,0.0011,"aoml_navis",1026.95500220897
"7901009",27,0,1,0.014952,1,-0.007476,1,147.452748482182,1,4.86868283406614,246,1,21.048999786377,36.8709983825684,0.0149520002305508,0,142.190505981445,-85.3076,23.0668,109.277940240012,63,63,63,63,61,63,0,8764,2.04575969791764,23,-85,0.001869,51,2024-02-29 06:20:20.000672,246,1.037,0.0011,"aoml_navis",1026.97180539571
"7901009",27,0,1,0.013083,1,-0.009345,1,147.774313494024,1,4.86848489299098,248,1,20.882999420166,36.8540000915527,0.0130829997360706,0,142.500595092773,-85.3076,23.0668,109.277940240012,63,63,63,63,61,63,0,8764,2.04575969791764,23,-85,0.001869,51,2024-02-29 06:20:20.000672,248,1.037,0.0011,"aoml_navis",1027.01355963913
"7901009",27,0,1,0.013083,1,-0.009345,1,147.943972979162,1,4.86837677895001,250,1,20.806999206543,36.8450012207031,0.0130829997360706,0,142.664199829102,-85.3076,23.0668,109.277940240012,63,63,63,63,61,63,0,8764,2.04575969791764,23,-85,0.001869,51,2024-02-29 06:20:20.000672,250,1.037,0.0011,"aoml_navis",1027.03636695071
"7901009",27,0,1,0.01869,1,-0.003738,1,147.847940203998,1,4.86832729256805,252,1,20.7950000762939,36.8429985046387,0.0186899993568659,0,142.571594238281,-85.3076,23.0668,109.277940240012,63,63,63,63,61,63,0,8764,2.04575969791764,23,-85,0.001869,51,2024-02-29 06:20:20.000672,252,1.037,0.0011,"aoml_navis",1027.04680674057
"7901009",27,0,1,0.014952,1,-0.007476,1,147.818698390108,1,4.86828596352849,254,1,20.7919998168945,36.8419990539551,0.0149520002305508,0,142.543395996094,-85.3076,23.0668,109.277940240012,63,63,63,63,61,63,0,8764,2.04575969791764,23,-85,0.001869,51,2024-02-29 06:20:20.000672,254,1.037,0.0011,"aoml_navis",1027.05552579661
"7901009",27,0,1,0.01869,1,-0.003738,1,147.793396625816,1,4.86824170233027,256,1,20.7840003967285,36.8400001525879,0.0186899993568659,0,142.518997192383,-85.3076,23.0668,109.277940240012,63,63,63,63,61,63,0,8764,2.04575969791764,23,-85,0.001869,51,2024-02-29 06:20:20.000672,256,1.037,0.0011,"aoml_navis",1027.064863605
"7901009",27,0,1,0.01869,1,-0.003738,1,147.908085298478,1,4.86815406290555,258,1,20.7290000915527,36.8330001831055,0.0186899993568659,0,142.629592895508,-85.3076,23.0668,109.277940240012,63,63,63,63,61,63,0,8764,2.04575969791764,23,-85,0.001869,51,2024-02-29 06:20:20.000672,258,1.037,0.0011,"aoml_navis",1027.08335344173
"7901009",27,0,1,0.01869,1,-0.003738,1,148.270110980297,1,4.86798660935218,260,1,20.5960006713867,36.8199996948242,0.0186899993568659,0,142.978698730469,-85.3076,23.0668,109.277940240012,63,63,63,63,61,63,0,8764,2.04575969791764,23,-85,0.001869,51,2024-02-29 06:20:20.000672,260,1.037,0.0011,"aoml_navis",1027.11868401491
"7901009",27,0,1,0.016821,1,-0.005607,1,148.680350843352,1,4.86782186793551,262,1,20.4589996337891,36.8050003051758,0.0168210007250309,0,143.374298095703,-85.3076,23.0668,109.277940240012,63,63,63,63,61,63,0,8764,2.04575969791764,23,-85,0.001869,51,2024-02-29 06:20:20.000672,262,1.037,0.0011,"aoml_navis",1027.1534447337
"7901009",27,0,1,0.016821,1,-0.005607,1,148.974351331494,1,4.86769221226983,264,1,20.3570003509521,36.7929992675781,0.0168210007250309,0,143.657806396484,-85.3076,23.0668,109.277940240012,63,63,63,63,61,63,0,8764,2.04575969791764,23,-85,0.001869,51,2024-02-29 06:20:20.000672,264,1.037,0.0011,"aoml_navis",1027.18080395401
"7901009",27,0,1,0.016821,1,-0.005607,1,149.08571707076,1,4.86761759034502,266,1,20.3169994354248,36.7879981994629,0.0168210007250309,0,143.765197753906,-85.3076,23.0668,109.277940240012,63,63,63,63,61,63,0,8764,2.04575969791764,23,-85,0.001869,51,2024-02-29 06:20:20.000672,266,1.037,0.0011,"aoml_navis",1027.19655092002
"7901009",27,0,1,0.01869,1,-0.003738,1,149.108123135948,1,4.86755873870507,268,1,20.2919998168945,36.7840003967285,0.0186899993568659,0,143.786804199219,-85.3076,23.0668,109.277940240012,63,63,63,63,61,63,0,8764,2.04575969791764,23,-85,0.001869,51,2024-02-29 06:20:20.000672,268,1.037,0.0011,"aoml_navis",1027.20897032876
"7901009",27,0,1,0.013083,1,-0.009345,1,149.257860844199,1,4.86748009598799,270,1,20.246000289917,36.7779998779297,0.0130829997360706,0,143.931198120117,-85.3076,23.0668,109.277940240012,63,63,63,63,61,63,0,8764,2.04575969791764,23,-85,0.001869,51,2024-02-29 06:20:20.000672,270,1.037,0.0011,"aoml_navis",1027.22556669954
"7901009",27,0,1,0.014952,1,-0.007476,1,149.428042504584,1,4.86738946608065,272,1,20.1849994659424,36.7700004577637,0.0149520002305508,0,144.095306396484,-85.3076,23.0668,109.277940240012,63,63,63,63,61,63,0,8764,2.04575969791764,23,-85,0.001869,51,2024-02-29 06:20:20.000672,272,1.037,0.0011,"aoml_navis",1027.24469345292
"7901009",27,0,1,0.014952,1,-0.007476,1,149.788295955259,1,4.86726855722951,274,1,20.0890007019043,36.757999420166,0.0149520002305508,0,144.44270324707,-85.3076,23.0668,109.277940240012,63,63,63,63,61,63,0,8764,2.04575969791764,23,-85,0.001869,51,2024-02-29 06:20:20.000672,274,1.037,0.0011,"aoml_navis",1027.27021145635
"7901009",27,0,1,0.014952,1,-0.007476,1,150.276197518842,1,4.86708883254987,276,1,19.923999786377,36.7379989624023,0.0149520002305508,0,144.913192749023,-85.3076,23.0668,109.277940240012,63,63,63,63,61,63,0,8764,2.04575969791764,23,-85,0.001869,51,2024-02-29 06:20:20.000672,276,1.037,0.0011,"aoml_navis",1027.30814497596
"7901009",27,0,1,0.014952,1,-0.007476,1,150.511081439508,1,4.86699599447908,278,1,19.8549995422363,36.7280006408691,0.0149520002305508,0,145.139694213867,-85.3076,23.0668,109.277940240012,63,63,63,63,61,63,0,8764,2.04575969791764,23,-85,0.001869,51,2024-02-29 06:20:20.000672,278,1.037,0.0011,"aoml_navis",1027.32774090462
"7901009",27,0,1,0.013083,1,-0.009345,1,151.100110942796,1,4.86684131737531,280,1,19.7199993133545,36.7120018005371,0.0130829997360706,0,145.707702636719,-85.3076,23.0668,109.277940240012,63,63,63,63,61,63,0,8764,2.04575969791764,23,-85,0.001869,51,2024-02-29 06:20:20.000672,280,1.037,0.0011,"aoml_navis",1027.36039125609
"7901009",27,0,1,0.014952,1,-0.007476,1,151.384459100595,1,4.8667530116071,282,1,19.6569995880127,36.7029991149902,0.0149520002305508,0,145.981903076172,-85.3076,23.0668,109.277940240012,63,63,63,63,61,63,0,8764,2.04575969791764,23,-85,0.001869,51,2024-02-29 06:20:20.000672,282,1.037,0.0011,"aoml_navis",1027.37903240109
"7901009",27,0,1,0.014952,1,-0.007476,1,151.695248314136,1,4.86664592063748,284,1,19.5790004730225,36.6940002441406,0.0149520002305508,0,146.281600952148,-85.3076,23.0668,109.277940240012,63,63,63,63,61,63,0,8764,2.04575969791764,23,-85,0.001869,51,2024-02-29 06:20:20.000672,284,1.037,0.0011,"aoml_navis",1027.40163996666
"7901009",27,0,1,0.016821,1,-0.005607,1,151.841773853437,1,4.86657355310963,286,1,19.5370006561279,36.6879997253418,0.0168210007250309,0,146.422897338867,-85.3076,23.0668,109.277940240012,63,63,63,63,61,63,0,8764,2.04575969791764,23,-85,0.001869,51,2024-02-29 06:20:20.000672,286,1.037,0.0011,"aoml_navis",1027.41691776242
"7901009",27,0,1,0.013083,1,-0.009345,1,151.872787898472,1,4.86652833291536,288,1,19.5279998779297,36.6860008239746,0.0130829997360706,0,146.45280456543,-85.3076,23.0668,109.277940240012,63,63,63,63,61,63,0,8764,2.04575969791764,23,-85,0.001869,51,2024-02-29 06:20:20.000672,288,1.037,0.0011,"aoml_navis",1027.42646460761
"7901009",27,0,1,0.01869,1,-0.003738,1,151.9398795061,1,4.86645998089402,290,1,19.492000579834,36.6809997558594,0.0186899993568659,0,146.517501831055,-85.3076,23.0668,109.277940240012,63,63,63,63,61,63,0,8764,2.04575969791764,23,-85,0.001869,51,2024-02-29 06:20:20.000672,290,1.037,0.0011,"aoml_navis",1027.44089535931
"7901009",27,0,1,0.014952,1,-0.007476,1,152.048238781815,1,4.86640203697156,292,1,19.4699993133545,36.6780014038086,0.0149520002305508,0,146.621994018555,-85.3076,23.0668,109.277940240012,63,63,63,63,61,63,0,8764,2.04575969791764,23,-85,0.001869,51,2024-02-29 06:20:20.000672,292,1.037,0.0011,"aoml_navis",1027.4531290291
"7901009",27,0,1,0.011214,1,-0.011214,1,152.070328377157,1,4.86631853807382,294,1,19.4190006256104,36.6720008850098,0.0112140001729131,0,146.643295288086,-85.3076,23.0668,109.277940240012,63,63,63,63,61,63,0,8764,2.04575969791764,23,-85,0.001869,51,2024-02-29 06:20:20.000672,294,1.037,0.0011,"aoml_navis",1027.47075861974
"7901009",27,0,1,0.014952,1,-0.007476,1,151.864907799274,1,4.86626161556835,296,1,19.3920001983643,36.6669998168945,0.0149520002305508,0,146.445205688477,-85.3076,23.0668,109.277940240012,63,63,63,63,61,63,0,8764,2.04575969791764,23,-85,0.001869,51,2024-02-29 06:20:20.000672,296,1.037,0.0011,"aoml_navis",1027.48277733441
"7901009",27,0,1,0.016821,1,-0.005607,1,151.674820185493,1,4.86618283419489,298,1,19.3360004425049,36.6580009460449,0.0168210007250309,0,146.261901855469,-85.3076,23.0668,109.277940240012,63,63,63,63,61,63,0,8764,2.04575969791764,23,-85,0.001869,51,2024-02-29 06:20:20.000672,298,1.037,0.0011,"aoml_navis",1027.49941183154
"7901009",27,0,1,0.013083,1,-0.009345,1,151.898089662764,1,4.86609252433703,300,1,19.261999130249,36.6459999084473,0.0130829997360706,0,146.477203369141,-85.3076,23.0668,109.277940240012,63,63,63,63,61,63,0,8764,2.04575969791764,23,-85,0.001869,51,2024-02-29 06:20:20.000672,300,1.037,0.0011,"aoml_navis",1027.51848120299
"7901009",27,0,1,0.016821,1,-0.005607,1,152.196125141459,1,4.86596107637293,302,1,19.1490001678467,36.6319999694824,0.0168210007250309,0,146.764602661133,-85.3076,23.0668,109.277940240012,63,63,63,63,61,63,0,8764,2.04575969791764,23,-85,0.001869,51,2024-02-29 06:20:20.000672,302,1.037,0.0011,"aoml_navis",1027.54623835318
"7901009",27,0,1,0.020559,1,-0.001869,1,152.40528006354,1,4.86584636665871,304,1,19.0520000457764,36.6189994812012,0.020558999851346,0,146.966293334961,-85.3076,23.0668,109.277940240012,63,63,63,63,61,63,0,8764,2.04575969791764,23,-85,0.001869,51,2024-02-29 06:20:20.000672,304,1.037,0.0011,"aoml_navis",1027.57046220376
"7901009",27,0,1,0.014952,1,-0.007476,1,152.45733935342,1,4.86577989189221,306,1,19.0170001983643,36.6139984130859,0.0149520002305508,0,147.016494750977,-85.3076,23.0668,109.277940240012,63,63,63,63,61,63,0,8764,2.04575969791764,23,-85,0.001869,51,2024-02-29 06:20:20.000672,306,1.037,0.0011,"aoml_navis",1027.58450055076
"7901009",27,0,1,0.016821,1,-0.005607,1,152.452465717772,1,4.86573606110613,308,1,19.0090007781982,36.6119995117188,0.0168210007250309,0,147.011795043945,-85.3076,23.0668,109.277940240012,63,63,63,63,61,63,0,8764,2.04575969791764,23,-85,0.001869,51,2024-02-29 06:20:20.000672,308,1.037,0.0011,"aoml_navis",1027.59375708171
"7901009",27,0,1,0.016821,1,-0.005607,1,152.445835674471,1,4.86567468185138,310,1,18.9810009002686,36.6080017089844,0.0168210007250309,0,147.005401611328,-85.3076,23.0668,109.277940240012,63,63,63,63,61,63,0,8764,2.04575969791764,23,-85,0.001869,51,2024-02-29 06:20:20.000672,310,1.037,0.0011,"aoml_navis",1027.6067199169
"7901009",27,0,1,0.016821,1,-0.005607,1,152.331241942764,1,4.86560695924645,312,1,18.9419994354248,36.6020011901855,0.0168210007250309,0,146.894897460938,-85.3076,23.0668,109.277940240012,63,63,63,63,61,63,0,8764,2.04575969791764,23,-85,0.001869,51,2024-02-29 06:20:20.000672,312,1.037,0.0011,"aoml_navis",1027.62102279925
"7901009",27,0,1,0.016821,1,-0.005607,1,152.379772593847,1,4.86550922329258,314,1,18.8640003204346,36.5909996032715,0.0168210007250309,0,146.941696166992,-85.3076,23.0668,109.277940240012,63,63,63,63,61,63,0,8764,2.04575969791764,23,-85,0.001869,51,2024-02-29 06:20:20.000672,314,1.037,0.0011,"aoml_navis",1027.64166514444
"7901009",27,0,1,0.016821,1,-0.005607,1,152.483574703762,1,4.86540549072281,316,1,18.7779998779297,36.5789985656738,0.0168210007250309,0,147.041793823242,-85.3076,23.0668,109.277940240012,63,63,63,63,61,63,0,8764,2.04575969791764,23,-85,0.001869,51,2024-02-29 06:20:20.000672,316,1.037,0.0011,"aoml_navis",1027.66357491351
"7901009",27,0,1,0.014952,1,-0.007476,1,152.409441642032,1,4.8653504955583,318,1,18.7549991607666,36.5750007629395,0.0149520002305508,0,146.970306396484,-85.3076,23.0668,109.277940240012,63,63,63,63,61,63,0,8764,2.04575969791764,23,-85,0.001869,51,2024-02-29 06:20:20.000672,318,1.037,0.0011,"aoml_navis",1027.67519104012
"7901009",27,0,1,0.011214,1,-0.011214,1,152.275970483933,1,4.86529307714142,320,1,18.7299995422363,36.5709991455078,0.0112140001729131,0,146.841598510742,-85.3076,23.0668,109.277940240012,63,63,63,63,61,63,0,8764,2.04575969791764,23,-85,0.001869,51,2024-02-29 06:20:20.000672,320,1.037,0.0011,"aoml_navis",1027.68731928842
"7901009",27,0,1,0.01869,1,-0.003738,1,152.194669380161,1,4.86520951094864,322,1,18.6660003662109,36.5610008239746,0.0186899993568659,0,146.763198852539,-85.3076,23.0668,109.277940240012,63,63,63,63,61,63,0,8764,2.04575969791764,23,-85,0.001869,51,2024-02-29 06:20:20.000672,322,1.037,0.0011,"aoml_navis",1027.70497113188
"7901009",27,0,1,0.014952,1,-0.007476,1,152.083303640896,1,4.86513606758297,324,1,18.6189994812012,36.5540008544922,0.0149520002305508,0,146.655807495117,-85.3076,23.0668,109.277940240012,63,63,63,63,61,63,0,8764,2.04575969791764,23,-85,0.001869,51,2024-02-29 06:20:20.000672,324,1.037,0.0011,"aoml_navis",1027.72048521225
"7901009",27,0,1,0.013083,1,-0.009345,1,151.891554560417,1,4.86506500846926,326,1,18.5650005340576,36.5439987182617,0.0130829997360706,0,146.470901489258,-85.3076,23.0668,109.277940240012,63,63,63,63,61,63,0,8764,2.04575969791764,23,-85,0.001869,51,2024-02-29 06:20:20.000672,326,1.037,0.0011,"aoml_navis",1027.73549609221
"7901009",27,0,1,0.014952,1,-0.007476,1,151.645166960801,1,4.86499169770575,328,1,18.5149993896484,36.5359992980957,0.0149520002305508,0,146.233306884766,-85.3076,23.0668,109.277940240012,63,63,63,63,61,63,0,8764,2.04575969791764,23,-85,0.001869,51,2024-02-29 06:20:20.000672,328,1.037,0.0011,"aoml_navis",1027.75098308141
"7901009",27,0,1,0.011214,1,-0.011214,1,151.469288843164,1,4.86488665228004,330,1,18.423999786377,36.5229988098145,0.0112140001729131,0,146.063705444336,-85.3076,23.0668,109.277940240012,63,63,63,63,61,63,0,8764,2.04575969791764,23,-85,0.001869,51,2024-02-29 06:20:20.000672,330,1.037,0.0011,"aoml_navis",1027.77317487071
"7901009",27,0,1,0.013083,1,-0.009345,1,151.410789391891,1,4.86480869884102,332,1,18.3640003204346,36.5130004882812,0.0130829997360706,0,146.007293701172,-85.3076,23.0668,109.277940240012,63,63,63,63,61,63,0,8764,2.04575969791764,23,-85,0.001869,51,2024-02-29 06:20:20.000672,332,1.037,0.0011,"aoml_navis",1027.78964385407
"7901009",27,0,1,0.011214,1,-0.011214,1,151.159005981378,1,4.86474552118099,334,1,18.3279991149902,36.5069999694824,0.0112140001729131,0,145.764495849609,-85.3076,23.0668,109.277940240012,63,63,63,63,61,63,0,8764,2.04575969791764,23,-85,0.001869,51,2024-02-29 06:20:20.000672,334,1.037,0.0011,"aoml_navis",1027.80299159126
"7901009",27,0,1,0.014952,1,-0.007476,1,150.8147184345,1,4.86466173727878,336,1,18.2630004882812,36.4970016479492,0.0149520002305508,0,145.432495117188,-85.3076,23.0668,109.277940240012,63,63,63,63,61,63,0,8764,2.04575969791764,23,-85,0.001869,51,2024-02-29 06:20:20.000672,336,1.037,0.0011,"aoml_navis",1027.82069340692
"7901009",27,0,1,0.014952,1,-0.007476,1,150.735078797427,1,4.86455879378867,338,1,18.1730003356934,36.484001159668,0.0149520002305508,0,145.355697631836,-85.3076,23.0668,109.277940240012,63,63,63,63,61,63,0,8764,2.04575969791764,23,-85,0.001869,51,2024-02-29 06:20:20.000672,338,1.037,0.0011,"aoml_navis",1027.8424440844
"7901009",27,0,1,0.013083,1,-0.009345,1,150.653682752702,1,4.86448143732525,340,1,18.113000869751,36.4739990234375,0.0130829997360706,0,145.277206420898,-85.3076,23.0668,109.277940240012,63,63,63,63,61,63,0,8764,2.04575969791764,23,-85,0.001869,51,2024-02-29 06:20:20.000672,340,1.037,0.0011,"aoml_navis",1027.85878914758
"7901009",27,0,1,0.016821,1,-0.005607,1,150.450635698674,1,4.86442940491043,342,1,18.0919990539551,36.4700012207031,0.0168210007250309,0,145.081405639648,-85.3076,23.0668,109.277940240012,63,63,63,63,61,63,0,8764,2.04575969791764,23,-85,0.001869,51,2024-02-29 06:20:20.000672,342,1.037,0.0011,"aoml_navis",1027.86978364877
"7901009",27,0,1,0.020559,1,-0.001869,1,150.267811067888,1,4.86436779154771,344,1,18.0599994659424,36.4650001525879,0.020558999851346,0,144.90510559082,-85.3076,23.0668,109.277940240012,63,63,63,63,61,63,0,8764,2.04575969791764,23,-85,0.001869,51,2024-02-29 06:20:20.000672,344,1.037,0.0011,"aoml_navis",1027.88280291798
"7901009",27,0,1,0.014952,1,-0.007476,1,149.973810579746,1,4.86432388596562,345.899993896484,1,18.0440006256104,36.4609985351562,0.0149520002305508,0,144.621597290039,-85.3076,23.0668,109.277940240012,63,63,63,63,61,63,0,8764,2.04575969791764,23,-85,0.001869,51,2024-02-29 06:20:20.000672,345.899993896484,1.037,0.0011,"aoml_navis",1027.8920806293
"7901009",27,0,1,0.01869,1,-0.003738,1,149.63896965781,1,4.86423873023307,348,1,17.9820003509521,36.4519996643066,0.0186899993568659,0,144.298706054688,-85.3076,23.0668,109.277940240012,63,63,63,63,61,63,0,8764,2.04575969791764,23,-85,0.001869,51,2024-02-29 06:20:20.000672,348,1.037,0.0011,"aoml_navis",1027.91007540874
"7901009",27,0,1,0.011214,1,-0.011214,1,149.42968814779,1,4.86411776537648,350,1,17.8640003204346,36.435001373291,0.0112140001729131,0,144.096893310547,-85.3076,23.0668,109.277940240012,63,63,63,63,61,63,0,8764,2.04575969791764,23,-85,0.001869,51,2024-02-29 06:20:20.000672,350,1.037,0.0011,"aoml_navis",1027.93563831673
"7901009",27,0,1,0.016821,1,-0.005607,1,149.2561993775,1,4.86404108190096,352,1,17.806999206543,36.4259986877441,0.0168210007250309,0,143.929595947266,-85.3076,23.0668,109.277940240012,63,63,63,63,61,63,0,8764,2.04575969791764,23,-85,0.001869,51,2024-02-29 06:20:20.000672,352,1.037,0.0011,"aoml_navis",1027.95184411681
"7901009",27,0,1,0.014952,1,-0.007476,1,148.948938802756,1,4.86398813578546,354,1,17.7819995880127,36.4210014343262,0.0149520002305508,0,143.63330078125,-85.3076,23.0668,109.277940240012,63,63,63,63,61,63,0,8764,2.04575969791764,23,-85,0.001869,51,2024-02-29 06:20:20.000672,354,1.037,0.0011,"aoml_navis",1027.96303371175
"7901009",27,0,1,0.013083,1,-0.009345,1,148.790893761014,1,4.86391277259815,356,1,17.7290000915527,36.4129981994629,0.0130829997360706,0,143.480895996094,-85.3076,23.0668,109.277940240012,63,63,63,63,61,63,0,8764,2.04575969791764,23,-85,0.001869,51,2024-02-29 06:20:20.000672,356,1.037,0.0011,"aoml_navis",1027.97896133511
"7901009",27,0,1,0.016821,1,-0.005607,1,148.585884593933,1,4.86385175310508,358,1,17.6879997253418,36.4049987792969,0.0168210007250309,0,143.283203125,-85.3076,23.0668,109.277940240012,63,63,63,63,61,63,0,8764,2.04575969791764,23,-85,0.001869,51,2024-02-29 06:20:20.000672,358,1.037,0.0011,"aoml_navis",1027.99185785381
"7901009",27,0,1,0.013083,1,-0.009345,1,148.432301777038,1,4.8637883071004,360,1,17.6509990692139,36.398998260498,0.0130829997360706,0,143.135101318359,-85.3076,23.0668,109.277940240012,63,63,63,63,61,63,0,8764,2.04575969791764,23,-85,0.001869,51,2024-02-29 06:20:20.000672,360,1.037,0.0011,"aoml_navis",1028.00526756083
"7901009",27,0,1,0.01869,1,-0.003738,1,148.184458416125,1,4.86373301090218,362,1,17.6299991607666,36.3959999084473,0.0186899993568659,0,142.896102905273,-85.3076,23.0668,109.277940240012,63,63,63,63,61,63,0,8764,2.04575969791764,23,-85,0.001869,51,2024-02-29 06:20:20.000672,362,1.037,0.0011,"aoml_navis",1028.01695504099
"7901009",27,0,1,0.011214,1,-0.011214,1,147.906328890825,1,4.86368142704966,364,1,17.6060009002686,36.390998840332,0.0112140001729131,0,142.627899169922,-85.3076,23.0668,109.277940240012,63,63,63,63,61,63,0,8764,2.04575969791764,23,-85,0.001869,51,2024-02-29 06:20:20.000672,364,1.037,0.0011,"aoml_navis",1028.02785811427
"7901009",27,0,1,0.011214,1,-0.011214,1,147.559968466447,1,4.86363445106392,366,1,17.5919990539551,36.3880004882812,0.0112140001729131,0,142.293899536133,-85.3076,23.0668,109.277940240012,63,63,63,63,61,63,0,8764,2.04575969791764,23,-85,0.001869,51,2024-02-29 06:20:20.000672,366,1.037,0.0011,"aoml_navis",1028.03778744232
"7901009",27,0,1,0.016821,1,-0.005607,1,146.877105653435,1,4.86358171497158,368,1,17.5669994354248,36.382999420166,0.0168210007250309,0,141.635406494141,-85.3076,23.0668,109.277940240012,63,63,63,63,61,63,0,8764,2.04575969791764,23,-85,0.001869,51,2024-02-29 06:20:20.000672,368,1.037,0.0011,"aoml_navis",1028.04893451435
"7901009",27,0,1,0.016821,1,-0.005607,1,146.179606109985,1,4.86349196678555,370,1,17.4799995422363,36.3680000305176,0.0168210007250309,0,140.962799072266,-85.3076,23.0668,109.277940240012,63,63,63,63,61,63,0,8764,2.04575969791764,23,-85,0.001869,51,2024-02-29 06:20:20.000672,370,1.037,0.0011,"aoml_navis",1028.06790555977
"7901009",27,0,1,0.014952,1,-0.007476,1,145.654978220623,1,4.86336773838771,372,1,17.3479995727539,36.3479995727539,0.0149520002305508,0,140.456893920898,-85.3076,23.0668,109.277940240012,63,63,63,63,61,63,0,8764,2.04575969791764,23,-85,0.001869,51,2024-02-29 06:20:20.000672,372,1.037,0.0011,"aoml_navis",1028.0941662161
"7901009",27,0,1,0.011214,1,-0.011214,1,145.66171902837,1,4.86321805646951,374,1,17.1749992370605,36.3219985961914,0.0112140001729131,0,140.463394165039,-85.3076,23.0668,109.277940240012,63,63,63,63,61,63,0,8764,2.04575969791764,23,-85,0.001869,51,2024-02-29 06:20:20.000672,374,1.037,0.0011,"aoml_navis",1028.12580927736
"7901009",27,0,1,0.016821,1,-0.005607,1,145.248377760811,1,4.86316269969702,376,1,17.1350002288818,36.3129997253418,0.0168210007250309,0,140.064804077148,-85.3076,23.0668,109.277940240012,63,63,63,63,61,63,0,8764,2.04575969791764,23,-85,0.001869,51,2024-02-29 06:20:20.000672,376,1.037,0.0011,"aoml_navis",1028.1375123048
"7901009",27,0,1,0.014952,1,-0.007476,1,144.861667430903,1,4.86309123695988,378,1,17.0779991149902,36.3030014038086,0.0149520002305508,0,139.69189453125,-85.3076,23.0668,109.277940240012,63,63,63,63,61,63,0,8764,2.04575969791764,23,-85,0.001869,51,2024-02-29 06:20:20.000672,378,1.037,0.0011,"aoml_navis",1028.15262070339
"7901009",27,0,1,0.01869,1,-0.003738,1,144.400206923062,1,4.8630168488044,380,1,17.0090007781982,36.2900009155273,0.0186899993568659,0,139.24690246582,-85.3076,23.0668,109.277940240012,63,63,63,63,61,63,0,8764,2.04575969791764,23,-85,0.001869,51,2024-02-29 06:20:20.000672,380,1.037,0.0011,"aoml_navis",1028.16834805524
"7901009",27,0,1,0.013083,1,-0.009345,1,144.028956145194,1,4.86289005768903,382,1,16.8819999694824,36.2729988098145,0.0130829997360706,0,138.888900756836,-85.3076,23.0668,109.277940240012,63,63,63,63,61,63,0,8764,2.04575969791764,23,-85,0.001869,51,2024-02-29 06:20:20.000672,382,1.037,0.0011,"aoml_navis",1028.19515569639
"7901009",27,0,1,0.016821,1,-0.005607,1,143.916023880184,1,4.86279234612458,384,1,16.7859992980957,36.257999420166,0.0168210007250309,0,138.779998779297,-85.3076,23.0668,109.277940240012,63,63,63,63,61,63,0,8764,2.04575969791764,23,-85,0.001869,51,2024-02-29 06:20:20.000672,384,1.037,0.0011,"aoml_navis",1028.21581595701
"7901009",27,0,1,0.014952,1,-0.007476,1,143.58387295195,1,4.86274875800835,386,1,16.761999130249,36.2509994506836,0.0149520002305508,0,138.459701538086,-85.3076,23.0668,109.277940240012,63,63,63,63,61,63,0,8764,2.04575969791764,23,-85,0.001869,51,2024-02-29 06:20:20.000672,386,1.037,0.0011,"aoml_navis",1028.22503255296
"7901009",27,0,1,0.01869,1,-0.003738,1,143.534503655771,1,4.86265535873705,388,1,16.681999206543,36.2400016784668,0.0186899993568659,0,138.412094116211,-85.3076,23.0668,109.277940240012,63,63,63,63,61,63,0,8764,2.04575969791764,23,-85,0.001869,51,2024-02-29 06:20:20.000672,388,1.037,0.0011,"aoml_navis",1028.24478214689
"7901009",27,0,1,0.014952,1,-0.007476,1,143.600455971949,1,4.8625849344532,390,1,16.625,36.2299995422363,0.0149520002305508,0,138.475692749023,-85.3076,23.0668,109.277940240012,63,63,63,63,61,63,0,8764,2.04575969791764,23,-85,0.001869,51,2024-02-29 06:20:20.000672,390,1.037,0.0011,"aoml_navis",1028.25967410321
"7901009",27,0,1,0.014952,1,-0.007476,1,143.692137286712,1,4.86253595385998,392,1,16.6119995117188,36.2280006408691,0.0149520002305508,0,138.564102172852,-85.3076,23.0668,109.277940240012,63,63,63,63,61,63,0,8764,2.04575969791764,23,-85,0.001869,51,2024-02-29 06:20:20.000672,392,1.037,0.0011,"aoml_navis",1028.27003181969
"7901009",27,0,1,0.01869,1,-0.003738,1,143.790749291131,1,4.86249041278038,394,1,16.6019992828369,36.226001739502,0.0186899993568659,0,138.659194946289,-85.3076,23.0668,109.277940240012,63,63,63,63,61,63,0,8764,2.04575969791764,23,-85,0.001869,51,2024-02-29 06:20:20.000672,394,1.037,0.0011,"aoml_navis",1028.27966238415
"7901009",27,0,1,0.014952,1,-0.007476,1,143.760890361038,1,4.86244260270018,396,1,16.5900001525879,36.2239990234375,0.0149520002305508,0,138.630401611328,-85.3076,23.0668,109.277940240012,63,63,63,63,61,63,0,8764,2.04575969791764,23,-85,0.001869,51,2024-02-29 06:20:20.000672,396,1.037,0.0011,"aoml_navis",1028.2897729679
"7901009",27,0,1,0.014952,1,-0.007476,1,143.657388897478,1,4.86236282880793,398,1,16.5310001373291,36.2159996032715,0.0149520002305508,0,138.53059387207,-85.3076,23.0668,109.277940240012,63,63,63,63,61,63,0,8764,2.04575969791764,23,-85,0.001869,51,2024-02-29 06:20:20.000672,398,1.037,0.0011,"aoml_navis",1028.30664350604
"7901009",27,0,1,0.016821,1,-0.005607,1,143.237718232973,1,4.86230826448915,400,1,16.4939994812012,36.2080001831055,0.0168210007250309,0,138.125900268555,-85.3076,23.0668,109.277940240012,63,63,63,63,61,63,0,8764,2.04575969791764,23,-85,0.001869,51,2024-02-29 06:20:20.000672,400,1.037,0.0011,"aoml_navis",1028.31818305648
"7901009",27,0,1,0.01869,1,-0.003738,1,142.784960645933,1,4.86222047163019,402,1,16.4150009155273,36.1959991455078,0.0186899993568659,0,137.689300537109,-85.3076,23.0668,109.277940240012,63,63,63,63,61,63,0,8764,2.04575969791764,23,-85,0.001869,51,2024-02-29 06:20:20.000672,402,1.037,0.0011,"aoml_navis",1028.33675049779
"7901009",27,0,1,0.016821,1,-0.005607,1,142.479250773441,1,4.86214743410278,404,1,16.3519992828369,36.185001373291,0.0168210007250309,0,137.394500732422,-85.3076,23.0668,109.277940240012,63,63,63,63,61,63,0,8764,2.04575969791764,23,-85,0.001869,51,2024-02-29 06:20:20.000672,404,1.037,0.0011,"aoml_navis",1028.35219782319
"7901009",27,0,1,0.022428,1,0,1,141.893654967996,1,4.86205514501071,406,1,16.2590007781982,36.1699981689453,0.0224280003458261,0,136.829803466797,-85.3076,23.0668,109.277940240012,63,63,63,63,61,63,0,8764,2.04575969791764,23,-85,0.001869,51,2024-02-29 06:20:20.000672,406,1.037,0.0011,"aoml_navis",1028.37171748882
"7901009",27,0,1,0.013083,1,-0.009345,1,141.574985655257,1,4.86195090874598,408,1,16.1389999389648,36.1500015258789,0.0130829997360706,0,136.522506713867,-85.3076,23.0668,109.277940240012,63,63,63,63,61,63,0,8764,2.04575969791764,23,-85,0.001869,51,2024-02-29 06:20:20.000672,408,1.037,0.0011,"aoml_navis",1028.39376494026
"7901009",27,0,1,0.01869,1,-0.003738,1,141.092464079078,1,4.86189268341385,410,1,16.0949993133545,36.140998840332,0.0186899993568659,0,136.057205200195,-85.3076,23.0668,109.277940240012,63,63,63,63,61,63,0,8764,2.04575969791764,23,-85,0.001869,51,2024-02-29 06:20:20.000672,410,1.037,0.0011,"aoml_navis",1028.40608083706
"7901009",27,0,1,0.016821,1,-0.005607,1,140.601856698301,1,4.86180812775732,412,1,16.0209999084473,36.1300010681152,0.0168210007250309,0,135.584106445312,-85.3076,23.0668,109.277940240012,63,63,63,63,61,63,0,8764,2.04575969791764,23,-85,0.001869,51,2024-02-29 06:20:20.000672,412,1.037,0.0011,"aoml_navis",1028.42396668303
"7901009",27,0,1,0.014952,1,-0.007476,1,140.064158604245,1,4.86171819526133,414,1,15.9289999008179,36.1150016784668,0.0149520002305508,0,135.06559753418,-85.3076,23.0668,109.277940240012,63,63,63,63,61,63,0,8764,2.04575969791764,23,-85,0.001869,51,2024-02-29 06:20:20.000672,414,1.037,0.0011,"aoml_navis",1028.44299056113
"7901009",27,0,1,0.020559,1,-0.001869,1,139.423180575523,1,4.86164863544196,416,1,15.8680000305176,36.1040000915527,0.020558999851346,0,134.447494506836,-85.3076,23.0668,109.277940240012,63,63,63,63,61,63,0,8764,2.04575969791764,23,-85,0.001869,51,2024-02-29 06:20:20.000672,416,1.037,0.0011,"aoml_navis",1028.45770538608
"7901009",27,0,1,0.014952,1,-0.007476,1,139.168707171309,1,4.8615404960799,418,1,15.746000289917,36.0849990844727,0.0149520002305508,0,134.202102661133,-85.3076,23.0668,109.277940240012,63,63,63,63,61,63,0,8764,2.04575969791764,23,-85,0.001869,51,2024-02-29 06:20:20.000672,418,1.037,0.0011,"aoml_navis",1028.48058224173
"7901009",27,0,1,0.016821,1,-0.005607,1,138.912778005797,1,4.86148646759284,420,1,15.7150001525879,36.0789985656738,0.0168210007250309,0,133.955307006836,-85.3076,23.0668,109.277940240012,63,63,63,63,61,63,0,8764,2.04575969791764,23,-85,0.001869,51,2024-02-29 06:20:20.000672,420,1.037,0.0011,"aoml_navis",1028.49201233625
"7901009",27,0,1,0.016821,1,-0.005607,1,138.569424044968,1,4.86143960181299,422,1,15.6969995498657,36.0750007629395,0.0168210007250309,0,133.624206542969,-85.3076,23.0668,109.277940240012,63,63,63,63,61,63,0,8764,2.04575969791764,23,-85,0.001869,51,2024-02-29 06:20:20.000672,422,1.037,0.0011,"aoml_navis",1028.50192731703
"7901009",27,0,1,0.014952,1,-0.007476,1,137.901688490657,1,4.8613829284314,424,1,15.6569995880127,36.0670013427734,0.0149520002305508,0,132.98030090332,-85.3076,23.0668,109.277940240012,63,63,63,63,61,63,0,8764,2.04575969791764,23,-85,0.001869,51,2024-02-29 06:20:20.000672,424,1.037,0.0011,"aoml_navis",1028.5139174612
"7901009",27,0,1,0.020559,1,-0.001869,1,137.385146405893,1,4.86128353963377,426,1,15.5419998168945,36.0480003356934,0.020558999851346,0,132.482192993164,-85.3076,23.0668,109.277940240012,63,63,63,63,61,63,0,8764,2.04575969791764,23,-85,0.001869,51,2024-02-29 06:20:20.000672,426,1.037,0.0011,"aoml_navis",1028.53494539771
"7901009",27,0,1,0.014952,1,-0.007476,1,136.928765239101,1,4.86116415695967,428,1,15.3950004577637,36.0250015258789,0.0149520002305508,0,132.042098999023,-85.3076,23.0668,109.277940240012,63,63,63,63,61,63,0,8764,2.04575969791764,23,-85,0.001869,51,2024-02-29 06:20:20.000672,428,1.037,0.0011,"aoml_navis",1028.56020462538
"7901009",27,0,1,0.022428,1,0,1,136.799344895048,1,4.861074046849,430,1,15.3039999008179,36.0110015869141,0.0224280003458261,0,131.917297363281,-85.3076,23.0668,109.277940240012,63,63,63,63,61,63,0,8764,2.04575969791764,23,-85,0.001869,51,2024-02-29 06:20:20.000672,430,1.037,0.0011,"aoml_navis",1028.57927112652
"7901009",27,0,1,0.016821,1,-0.005607,1,136.478080529561,1,4.86102528479647,432,1,15.2840003967285,36.0069999694824,0.0168210007250309,0,131.607498168945,-85.3076,23.0668,109.277940240012,63,63,63,63,61,63,0,8764,2.04575969791764,23,-85,0.001869,51,2024-02-29 06:20:20.000672,432,1.037,0.0011,"aoml_navis",1028.58958903962
"7901009",27,0,1,0.01869,1,-0.003738,1,136.004894813877,1,4.86096527564486,434,1,15.2469997406006,36.0009994506836,0.0186899993568659,0,131.15119934082,-85.3076,23.0668,109.277940240012,63,63,63,63,61,63,0,8764,2.04575969791764,23,-85,0.001869,51,2024-02-29 06:20:20.000672,434,1.037,0.0011,"aoml_navis",1028.60228709136
"7901009",27,0,1,0.020559,1,-0.001869,1,135.465028901368,1,4.86091003759789,436,1,15.2110004425049,35.9939994812012,0.020558999851346,0,130.630599975586,-85.3076,23.0668,109.277940240012,63,63,63,63,61,63,0,8764,2.04575969791764,23,-85,0.001869,51,2024-02-29 06:20:20.000672,436,1.037,0.0011,"aoml_navis",1028.61397584532
"7901009",27,0,1,0.024297,1,0.001869,1,134.317477588072,1,4.86086856952425,438,1,15.201000213623,35.9910011291504,0.0242970008403063,0,129.524002075195,-85.3076,23.0668,109.277940240012,63,63,63,63,61,63,0,8764,2.04575969791764,23,-85,0.001869,51,2024-02-29 06:20:20.000672,438,1.037,0.0011,"aoml_navis",1028.62275095197
"7901009",27,0,1,0.020559,1,-0.001869,1,132.694454064446,1,4.86077954146488,440,1,15.1070003509521,35.976001739502,0.020558999851346,0,127.95890045166,-85.3076,23.0668,109.277940240012,63,63,63,63,61,63,0,8764,2.04575969791764,23,-85,0.001869,51,2024-02-29 06:20:20.000672,440,1.037,0.0011,"aoml_navis",1028.64159078755
"7901009",27,0,1,0.020559,1,-0.001869,1,131.349868624221,1,4.86069156734723,442,1,15.0170001983643,35.9620018005371,0.020558999851346,0,126.662300109863,-85.3076,23.0668,109.277940240012,63,63,63,63,61,63,0,8764,2.04575969791764,23,-85,0.001869,51,2024-02-29 06:20:20.000672,442,1.037,0.0011,"aoml_navis",1028.66020826925
"7901009",27,0,1,0.022428,1,0,1,131.284224866145,1,4.86061025334749,444,1,14.9429998397827,35.951000213623,0.0224280003458261,0,126.598999023438,-85.3076,23.0668,109.277940240012,63,63,63,63,61,63,0,8764,2.04575969791764,23,-85,0.001869,51,2024-02-29 06:20:20.000672,444,1.037,0.0011,"aoml_navis",1028.67741690594
"7901009",27,0,1,0.020559,1,-0.001869,1,131.365011706414,1,4.86056431270012,446,1,14.9219999313354,35.9459991455078,0.020558999851346,0,126.676902770996,-85.3076,23.0668,109.277940240012,63,63,63,63,61,63,0,8764,2.04575969791764,23,-85,0.001869,51,2024-02-29 06:20:20.000672,446,1.037,0.0011,"aoml_navis",1028.68713966721
"7901009",27,0,1,0.020559,1,-0.001869,1,131.657548521512,1,4.86050630989638,448,1,14.8830003738403,35.9389991760254,0.020558999851346,0,126.958999633789,-85.3076,23.0668,109.277940240012,63,63,63,63,61,63,0,8764,2.04575969791764,23,-85,0.001869,51,2024-02-29 06:20:20.000672,448,1.037,0.0011,"aoml_navis",1028.69941549497
"7901009",27,0,1,0.016821,1,-0.005607,1,132.058666141219,1,4.86042474102975,450,1,14.8050003051758,35.9269981384277,0.0168210007250309,0,127.345802307129,-85.3076,23.0668,109.277940240012,63,63,63,63,61,63,0,8764,2.04575969791764,23,-85,0.001869,51,2024-02-29 06:20:20.000672,450,1.037,0.0011,"aoml_navis",1028.71667938648
"7901009",27,0,1,0.020559,1,-0.001869,1,131.791739648514,1,4.86036092766158,452,1,14.7569999694824,35.9189987182617,0.020558999851346,0,127.088401794434,-85.3076,23.0668,109.277940240012,63,63,63,63,61,63,0,8764,2.04575969791764,23,-85,0.001869,51,2024-02-29 06:20:20.000672,452,1.037,0.0011,"aoml_navis",1028.73018576536
"7901009",27,0,1,0.01869,1,-0.003738,1,131.167874726785,1,4.86030531307032,454,1,14.7200002670288,35.9119987487793,0.0186899993568659,0,126.486801147461,-85.3076,23.0668,109.277940240012,63,63,63,63,61,63,0,8764,2.04575969791764,23,-85,0.001869,51,2024-02-29 06:20:20.000672,454,1.037,0.0011,"aoml_navis",1028.74195712644
"7901009",27,0,1,0.01869,1,-0.003738,1,130.299172907691,1,4.86024718453464,456,1,14.6840000152588,35.9059982299805,0.0186899993568659,0,125.649101257324,-85.3076,23.0668,109.277940240012,63,63,63,63,61,63,0,8764,2.04575969791764,23,-85,0.001869,51,2024-02-29 06:20:20.000672,456,1.037,0.0011,"aoml_navis",1028.75426087588
"7901009",27,0,1,0.020559,1,-0.001869,1,129.22732118187,1,4.86018679191525,458,1,14.6389999389648,35.8979988098145,0.020558999851346,0,124.615501403809,-85.3076,23.0668,109.277940240012,63,63,63,63,61,63,0,8764,2.04575969791764,23,-85,0.001869,51,2024-02-29 06:20:20.000672,458,1.037,0.0011,"aoml_navis",1028.76704416327
"7901009",27,0,1,0.01869,1,-0.003738,1,128.136694882357,1,4.86011022180674,460,1,14.5649995803833,35.8860015869141,0.0186899993568659,0,123.56379699707,-85.3076,23.0668,109.277940240012,63,63,63,63,61,63,0,8764,2.04575969791764,23,-85,0.001869,51,2024-02-29 06:20:20.000672,460,1.037,0.0011,"aoml_navis",1028.7832521916
"7901009",27,0,1,0.01869,1,-0.003738,1,127.390466894169,1,4.86002966126593,462,1,14.4870004653931,35.8740005493164,0.0186899993568659,0,122.844200134277,-85.3076,23.0668,109.277940240012,63,63,63,63,61,63,0,8764,2.04575969791764,23,-85,0.001869,51,2024-02-29 06:20:20.000672,462,1.037,0.0011,"aoml_navis",1028.80030544867
"7901009",27,0,1,0.01869,1,-0.003738,1,126.296525573006,1,4.85997397513375,464,1,14.4530000686646,35.8680000305176,0.0186899993568659,0,121.78929901123,-85.3076,23.0668,109.277940240012,63,63,63,63,61,63,0,8764,2.04575969791764,23,-85,0.001869,51,2024-02-29 06:20:20.000672,464,1.037,0.0011,"aoml_navis",1028.81209355908
"7901009",27,0,1,0.024297,1,0.001869,1,125.540130990973,1,4.85987567999518,466,1,14.3439998626709,35.8520011901855,0.0242970008403063,0,121.059898376465,-85.3076,23.0668,109.277940240012,63,63,63,63,61,63,0,8764,2.04575969791764,23,-85,0.001869,51,2024-02-29 06:20:20.000672,466,1.037,0.0011,"aoml_navis",1028.83290216283
"7901009",27,0,1,0.01869,1,-0.003738,1,124.741740860204,1,4.85981170387624,468,1,14.2950000762939,35.8440017700195,0.0186899993568659,0,120.290000915527,-85.3076,23.0668,109.277940240012,63,63,63,63,61,63,0,8764,2.04575969791764,23,-85,0.001869,51,2024-02-29 06:20:20.000672,468,1.037,0.0011,"aoml_navis",1028.84644604892
"7901009",27,0,1,0.022428,1,0,1,124.060840160245,1,4.85976110278159,470,1,14.2760000228882,35.8409996032715,0.0224280003458261,0,119.633399963379,-85.3076,23.0668,109.277940240012,63,63,63,63,61,63,0,8764,2.04575969791764,23,-85,0.001869,51,2024-02-29 06:20:20.000672,470,1.037,0.0011,"aoml_navis",1028.8571586653
"7901009",27,0,1,0.022428,1,0,1,123.7596953653,1,4.85971364637839,472,1,14.2600002288818,35.8380012512207,0.0224280003458261,0,119.343002319336,-85.3076,23.0668,109.277940240012,63,63,63,63,61,63,0,8764,2.04575969791764,23,-85,0.001869,51,2024-02-29 06:20:20.000672,472,1.037,0.0011,"aoml_navis",1028.86720573056
"7901009",27,0,1,0.01869,1,-0.003738,1,123.518482047687,1,4.85966626671909,474,1,14.2510004043579,35.8370018005371,0.0186899993568659,0,119.110397338867,-85.3076,23.0668,109.277940240012,63,63,63,63,61,63,0,8764,2.04575969791764,23,-85,0.001869,51,2024-02-29 06:20:20.000672,474,1.037,0.0011,"aoml_navis",1028.87723674401
"7901009",27,0,1,0.020559,1,-0.001869,1,122.853143752469,1,4.8596262402441,476,1,14.2489995956421,35.8359985351562,0.020558999851346,0,118.468803405762,-85.3076,23.0668,109.277940240012,63,63,63,63,61,63,0,8764,2.04575969791764,23,-85,0.001869,51,2024-02-29 06:20:20.000672,476,1.037,0.0011,"aoml_navis",1028.88571112597
"7901009",27,0,1,0.020559,1,-0.001869,1,121.620034815956,1,4.85958299110253,478,1,14.2370004653931,35.8330001831055,0.020558999851346,0,117.27970123291,-85.3076,23.0668,109.277940240012,63,63,63,63,61,63,0,8764,2.04575969791764,23,-85,0.001869,51,2024-02-29 06:20:20.000672,478,1.037,0.0011,"aoml_navis",1028.89486796595
"7901009",27,0,1,0.024297,1,0.001869,1,120.323671468713,1,4.85950715701865,480,1,14.1730003356934,35.8240013122559,0.0242970008403063,0,116.029602050781,-85.3076,23.0668,109.277940240012,63,63,63,63,61,63,0,8764,2.04575969791764,23,-85,0.001869,51,2024-02-29 06:20:20.000672,480,1.037,0.0011,"aoml_navis",1028.9109241826
"7901009",27,0,1,0.022428,1,0,1,119.169790758471,1,4.85945134073109,482,1,14.1350002288818,35.8170013427734,0.0224280003458261,0,114.916900634766,-85.3076,23.0668,109.277940240012,63,63,63,63,61,63,0,8764,2.04575969791764,23,-85,0.001869,51,2024-02-29 06:20:20.000672,482,1.037,0.0011,"aoml_navis",1028.92274238675
"7901009",27,0,1,0.022428,1,0,1,118.278896491336,1,4.85937423095383,484,1,14.0729999542236,35.8089981079102,0.0224280003458261,0,114.057800292969,-85.3076,23.0668,109.277940240012,63,63,63,63,61,63,0,8764,2.04575969791764,23,-85,0.001869,51,2024-02-29 06:20:20.000672,484,1.037,0.0011,"aoml_navis",1028.93906959262
"7901009",27,0,1,0.016821,1,-0.005607,1,118.21532561076,1,4.85931804253416,486,1,14.0310001373291,35.8009986877441,0.0168210007250309,0,113.99649810791,-85.3076,23.0668,109.277940240012,63,63,63,63,61,63,0,8764,2.04575969791764,23,-85,0.001869,51,2024-02-29 06:20:20.000672,486,1.037,0.0011,"aoml_navis",1028.95096724158
"7901009",27,0,1,0.022428,1,0,1,118.834736219388,1,4.85924585211942,488,1,13.9700002670288,35.7919998168945,0.0224280003458261,0,114.593803405762,-85.3076,23.0668,109.277940240012,63,63,63,63,61,63,0,8764,2.04575969791764,23,-85,0.001869,51,2024-02-29 06:20:20.000672,488,1.037,0.0011,"aoml_navis",1028.96625364596
"7901009",27,0,1,0.020559,1,-0.001869,1,119.578472007529,1,4.85916153741434,490,1,13.8760004043579,35.7770004272461,0.020558999851346,0,115.310997009277,-85.3076,23.0668,109.277940240012,63,63,63,63,61,63,0,8764,2.04575969791764,23,-85,0.001869,51,2024-02-29 06:20:20.000672,490,1.037,0.0011,"aoml_navis",1028.98410795797
"7901009",27,0,1,0.024297,1,0.001869,1,119.498104489807,1,4.8591133400543,492,1,13.8520002365112,35.7719993591309,0.0242970008403063,0,115.233497619629,-85.3076,23.0668,109.277940240012,63,63,63,63,61,63,0,8764,2.04575969791764,23,-85,0.001869,51,2024-02-29 06:20:20.000672,492,1.037,0.0011,"aoml_navis",1028.99431441213
"7901009",27,0,1,0.022428,1,0,1,120.420835623581,1,4.85904777183321,494,1,13.7969999313354,35.7630004882812,0.0224280003458261,0,116.12329864502,-85.3076,23.0668,109.277940240012,63,63,63,63,61,63,0,8764,2.04575969791764,23,-85,0.001869,51,2024-02-29 06:20:20.000672,494,1.037,0.0011,"aoml_navis",1029.00819971021
"7901009",27,0,1,0.022428,1,0,1,121.406306904581,1,4.858974680229,496,1,13.7309999465942,35.7529983520508,0.0224280003458261,0,117.073600769043,-85.3076,23.0668,109.277940240012,63,63,63,63,61,63,0,8764,2.04575969791764,23,-85,0.001869,51,2024-02-29 06:20:20.000672,496,1.037,0.0011,"aoml_navis",1029.0236786672
"7901009",27,0,1,0.01869,1,-0.003738,1,122.294194708167,1,4.85893081337998,498,1,13.7040004730225,35.7459983825684,0.0186899993568659,0,117.929801940918,-85.3076,23.0668,109.277940240012,63,63,63,63,61,63,0,8764,2.04575969791764,23,-85,0.001869,51,2024-02-29 06:20:20.000672,498,1.037,0.0011,"aoml_navis",1029.03296878226
"7901009",27,0,1,0.024297,1,0.001869,1,123.08615258929,1,4.85887182608417,500,1,13.6479997634888,35.7350006103516,0.0242970008403063,0,118.693496704102,-85.3076,23.0668,109.277940240012,63,63,63,63,61,63,0,8764,2.04575969791764,23,-85,0.001869,51,2024-02-29 06:20:20.000672,500,1.037,0.0011,"aoml_navis",1029.04546136784
"7901009",27,0,1,0.020559,1,-0.001869,1,124.370078671534,1,4.8587576646481,502,1,13.5019998550415,35.7140007019043,0.020558999851346,0,119.931602478027,-85.3076,23.0668,109.277940240012,63,63,63,63,61,63,0,8764,2.04575969791764,23,-85,0.001869,51,2024-02-29 06:20:20.000672,502,1.037,0.0011,"aoml_navis",1029.06963983398
"7901009",27,0,1,0.022428,1,0,1,125.334393943243,1,4.85868758958634,504,1,13.4309997558594,35.7019996643066,0.0224280003458261,0,120.861503601074,-85.3076,23.0668,109.277940240012,63,63,63,63,61,63,0,8764,2.04575969791764,23,-85,0.001869,51,2024-02-29 06:20:20.000672,504,1.037,0.0011,"aoml_navis",1029.08448172641
"7901009",27,0,1,0.024297,1,0.001869,1,124.986886315669,1,4.85860843330655,506,1,13.3400001525879,35.6870002746582,0.0242970008403063,0,120.526397705078,-85.3076,23.0668,109.277940240012,63,63,63,63,61,63,0,8764,2.04575969791764,23,-85,0.001869,51,2024-02-29 06:20:20.000672,506,1.037,0.0011,"aoml_navis",1029.10124753503
"7901009",27,0,1,0.016821,1,-0.005607,1,124.475122925599,1,4.85854085697969,508,1,13.2709999084473,35.6749992370605,0.0168210007250309,0,120.032897949219,-85.3076,23.0668,109.277940240012,63,63,63,63,61,63,0,8764,2.04575969791764,23,-85,0.001869,51,2024-02-29 06:20:20.000672,508,1.037,0.0011,"aoml_navis",1029.11556106749
"7901009",27,0,1,0.020559,1,-0.001869,1,124.054407910598,1,4.85847723578167,510,1,13.2130002975464,35.6650009155273,0.020558999851346,0,119.627197265625,-85.3076,23.0668,109.277940240012,63,63,63,63,61,63,0,8764,2.04575969791764,23,-85,0.001869,51,2024-02-29 06:20:20.000672,510,1.037,0.0011,"aoml_navis",1029.12903721686
"7901009",27,0,1,0.020559,1,-0.001869,1,123.612544798051,1,4.85837585609337,512,1,13.0880002975464,35.6469993591309,0.020558999851346,0,119.201103210449,-85.3076,23.0668,109.277940240012,63,63,63,63,61,63,0,8764,2.04575969791764,23,-85,0.001869,51,2024-02-29 06:20:20.000672,512,1.037,0.0011,"aoml_navis",1029.15051204386
"7901009",27,0,1,0.020559,1,-0.001869,1,122.898351470156,1,4.8583163653003,514,1,13.0410003662109,35.6389999389648,0.020558999851346,0,118.512397766113,-85.3076,23.0668,109.277940240012,63,63,63,63,61,63,0,8764,2.04575969791764,23,-85,0.001869,51,2024-02-29 06:20:20.000672,514,1.037,0.0011,"aoml_navis",1029.1631141421
"7901009",27,0,1,0.020559,1,-0.001869,1,122.415315630475,1,4.85824170388684,516,1,12.96399974823,35.6269989013672,0.020558999851346,0,118.046600341797,-85.3076,23.0668,109.277940240012,63,63,63,63,61,63,0,8764,2.04575969791764,23,-85,0.001869,51,2024-02-29 06:20:20.000672,516,1.037,0.0011,"aoml_navis",1029.1789303113
"7901009",27,0,1,0.026166,1,0.003738,1,122.301552632117,1,4.8581702277232,518,1,12.9010000228882,35.6180000305176,0.0261659994721413,0,117.936897277832,-85.3076,23.0668,109.277940240012,63,63,63,63,61,63,0,8764,2.04575969791764,23,-85,0.001869,51,2024-02-29 06:20:20.000672,518,1.037,0.0011,"aoml_navis",1029.1940721771
"7901009",27,0,1,0.022428,1,0,1,121.890379183012,1,4.85811667764476,520,1,12.8669996261597,35.6119995117188,0.0224280003458261,0,117.540397644043,-85.3076,23.0668,109.277940240012,63,63,63,63,61,63,0,8764,2.04575969791764,23,-85,0.001869,51,2024-02-29 06:20:20.000672,520,1.037,0.0011,"aoml_navis",1029.20541678386
"7901009",27,0,1,0.020559,1,-0.001869,1,121.54931171683,1,4.85803199655862,522.099975585938,1,12.7740001678467,35.5979995727539,0.020558999851346,0,117.211502075195,-85.3076,23.0668,109.277940240012,63,63,63,63,61,63,0,8764,2.04575969791764,23,-85,0.001869,51,2024-02-29 06:20:20.000672,522.099975585938,1.037,0.0011,"aoml_navis",1029.22335701822
"7901009",27,0,1,0.022428,1,0,1,121.025308855417,1,4.85798011957416,524,1,12.7320003509521,35.5900001525879,0.0224280003458261,0,116.706199645996,-85.3076,23.0668,109.277940240012,63,63,63,63,61,63,0,8764,2.04575969791764,23,-85,0.001869,51,2024-02-29 06:20:20.000672,524,1.037,0.0011,"aoml_navis",1029.23434780097
"7901009",27,0,1,0.020559,1,-0.001869,1,120.518521953696,1,4.85790771931726,526,1,12.6599998474121,35.5789985656738,0.020558999851346,0,116.217498779297,-85.3076,23.0668,109.277940240012,63,63,63,63,61,63,0,8764,2.04575969791764,23,-85,0.001869,51,2024-02-29 06:20:20.000672,526,1.037,0.0011,"aoml_navis",1029.24968708601
"7901009",27,0,1,0.024297,1,0.001869,1,120.313299169468,1,4.85782548274829,528,1,12.5740003585815,35.5670013427734,0.0242970008403063,0,116.019599914551,-85.3076,23.0668,109.277940240012,63,63,63,63,61,63,0,8764,2.04575969791764,23,-85,0.001869,51,2024-02-29 06:20:20.000672,528,1.037,0.0011,"aoml_navis",1029.26711092373
"7901009",27,0,1,0.026166,1,0.003738,1,120.13835463788,1,4.85774552258056,530,1,12.4899997711182,35.5550003051758,0.0261659994721413,0,115.850898742676,-85.3076,23.0668,109.277940240012,63,63,63,63,61,63,0,8764,2.04575969791764,23,-85,0.001869,51,2024-02-29 06:20:20.000672,530,1.037,0.0011,"aoml_navis",1029.28405301558
"7901009",27,0,1,0.026166,1,0.003738,1,119.710178846229,1,4.85769886428195,532,1,12.4700002670288,35.5509986877441,0.0261659994721413,0,115.438003540039,-85.3076,23.0668,109.277940240012,63,63,63,63,61,63,0,8764,2.04575969791764,23,-85,0.001869,51,2024-02-29 06:20:20.000672,532,1.037,0.0011,"aoml_navis",1029.29393931031
"7901009",27,0,1,0.024297,1,0.001869,1,119.164292094874,1,4.85764613134701,534,1,12.4399995803833,35.5460014343262,0.0242970008403063,0,114.911598205566,-85.3076,23.0668,109.277940240012,63,63,63,63,61,63,0,8764,2.04575969791764,23,-85,0.001869,51,2024-02-29 06:20:20.000672,534,1.037,0.0011,"aoml_navis",1029.30511297115
"7901009",27,0,1,0.01869,1,-0.003738,1,118.29113596268,1,4.85758162506978,536,1,12.378999710083,35.5359992980957,0.0186899993568659,0,114.069602966309,-85.3076,23.0668,109.277940240012,63,63,63,63,61,63,0,8764,2.04575969791764,23,-85,0.001869,51,2024-02-29 06:20:20.000672,536,1.037,0.0011,"aoml_navis",1029.31878163307
"7901009",27,0,1,0.071022,1,0.048594,1,117.835886175593,1,4.85747252386237,538,1,12.2299995422363,35.5149993896484,0.0710219964385033,0,113.630599975586,-85.3076,23.0668,109.277940240012,63,63,63,63,61,63,0,8764,2.04575969791764,23,-85,0.001869,51,2024-02-29 06:20:20.000672,538,1.037,0.0011,"aoml_navis",1029.34190063607
"7901009",27,0,1,0.022428,1,0,1,117.739964164876,1,4.85739914725981,540,1,12.1630001068115,35.5060005187988,0.0224280003458261,0,113.538101196289,-85.3076,23.0668,109.277940240012,63,63,63,63,61,63,0,8764,2.04575969791764,23,-85,0.001869,51,2024-02-29 06:20:20.000672,540,1.037,0.0011,"aoml_navis",1029.35745002974
"7901009",27,0,1,0.022428,1,0,1,117.688529902943,1,4.85734565482309,542,1,12.1280002593994,35.5,0.0224280003458261,0,113.488502502441,-85.3076,23.0668,109.277940240012,63,63,63,63,61,63,0,8764,2.04575969791764,23,-85,0.001869,51,2024-02-29 06:20:20.000672,542,1.037,0.0011,"aoml_navis",1029.36878602314
"7901009",27,0,1,0.024297,1,0.001869,1,117.629104777367,1,4.8572858724783,544,1,12.0939998626709,35.4959983825684,0.0242970008403063,0,113.431198120117,-85.3076,23.0668,109.277940240012,63,63,63,63,61,63,0,8764,2.04575969791764,23,-85,0.001869,51,2024-02-29 06:20:20.000672,544,1.037,0.0011,"aoml_navis",1029.38145525474
"7901009",27,0,1,0.020559,1,-0.001869,1,117.593850036377,1,4.85724386057501,546,1,12.0900001525879,35.4949989318848,0.020558999851346,0,113.397201538086,-85.3076,23.0668,109.277940240012,63,63,63,63,61,63,0,8764,2.04575969791764,23,-85,0.001869,51,2024-02-29 06:20:20.000672,546,1.037,0.0011,"aoml_navis",1029.39035871427
"7901009",27,0,1,0.020559,1,-0.001869,1,117.449500227277,1,4.85720280663489,548,1,12.0869998931885,35.4939994812012,0.020558999851346,0,113.258003234863,-85.3076,23.0668,109.277940240012,63,63,63,63,61,63,0,8764,2.04575969791764,23,-85,0.001869,51,2024-02-29 06:20:20.000672,548,1.037,0.0011,"aoml_navis",1029.39905930427
"7901009",27,0,1,0.028035,1,0.005607,1,117.347557377716,1,4.85715774981188,550,1,12.076000213623,35.492000579834,0.0280349999666214,0,113.159698486328,-85.3076,23.0668,109.277940240012,63,63,63,63,61,63,0,8764,2.04575969791764,23,-85,0.001869,51,2024-02-29 06:20:20.000672,550,1.037,0.0011,"aoml_navis",1029.4086083973
"7901009",27,0,1,0.026166,1,0.003738,1,117.204038301965,1,4.85711444572869,552,1,12.0629997253418,35.4889984130859,0.0261659994721413,0,113.021301269531,-85.3076,23.0668,109.277940240012,63,63,63,63,61,63,0,8764,2.04575969791764,23,-85,0.001869,51,2024-02-29 06:20:20.000672,552,1.037,0.0011,"aoml_navis",1029.41778619134
"7901009",27,0,1,0.022428,1,0,1,117.023595106781,1,4.85707113467205,554,1,12.0500001907349,35.4860000610352,0.0224280003458261,0,112.847297668457,-85.3076,23.0668,109.277940240012,63,63,63,63,61,63,0,8764,2.04575969791764,23,-85,0.001869,51,2024-02-29 06:20:20.000672,554,1.037,0.0011,"aoml_navis",1029.42696562701
"7901009",27,0,1,0.022428,1,0,1,116.731889025031,1,4.85701346900436,556,1,11.9989995956421,35.4770011901855,0.0224280003458261,0,112.56600189209,-85.3076,23.0668,109.277940240012,63,63,63,63,61,63,0,8764,2.04575969791764,23,-85,0.001869,51,2024-02-29 06:20:20.000672,556,1.037,0.0011,"aoml_navis",1029.43918766298
"7901009",27,0,1,0.026166,1,0.003738,1,116.485287808269,1,4.85692761790546,558,1,11.8990001678467,35.4630012512207,0.0261659994721413,0,112.328201293945,-85.3076,23.0668,109.277940240012,63,63,63,63,61,63,0,8764,2.04575969791764,23,-85,0.001869,51,2024-02-29 06:20:20.000672,558,1.037,0.0011,"aoml_navis",1029.45738403988
"7901009",27,0,1,0.026166,1,0.003738,1,116.395584430052,1,4.85682472855575,560,1,11.7650003433228,35.4449996948242,0.0261659994721413,0,112.24169921875,-85.3076,23.0668,109.277940240012,63,63,63,63,61,63,0,8764,2.04575969791764,23,-85,0.001869,51,2024-02-29 06:20:20.000672,560,1.037,0.0011,"aoml_navis",1029.47919256844
"7901009",27,0,1,0.024297,1,0.001869,1,116.222404217863,1,4.85676708492273,562,1,11.7250003814697,35.4389991760254,0.0242970008403063,0,112.074699401855,-85.3076,23.0668,109.277940240012,63,63,63,63,61,63,0,8764,2.04575969791764,23,-85,0.001869,51,2024-02-29 06:20:20.000672,562,1.037,0.0011,"aoml_navis",1029.49141117389
"7901009",27,0,1,0.024297,1,0.001869,1,116.214215560564,1,4.85672027751476,564,1,11.7119998931885,35.4370002746582,0.0242970008403063,0,112.066802978516,-85.3076,23.0668,109.277940240012,63,63,63,63,61,63,0,8764,2.04575969791764,23,-85,0.001869,51,2024-02-29 06:20:20.000672,564,1.037,0.0011,"aoml_navis",1029.5013330598
"7901009",27,0,1,0.026166,1,0.003738,1,116.179783641177,1,4.85668006024933,566,1,11.706000328064,35.435001373291,0.0261659994721413,0,112.033599853516,-85.3076,23.0668,109.277940240012,63,63,63,63,61,63,0,8764,2.04575969791764,23,-85,0.001869,51,2024-02-29 06:20:20.000672,566,1.037,0.0011,"aoml_navis",1029.5098581691
"7901009",27,0,1,0.022428,1,0,1,116.091433171557,1,4.85663797725746,568,1,11.6979999542236,35.4329986572266,0.0224280003458261,0,111.948402404785,-85.3076,23.0668,109.277940240012,63,63,63,63,61,63,0,8764,2.04575969791764,23,-85,0.001869,51,2024-02-29 06:20:20.000672,568,1.037,0.0011,"aoml_navis",1029.51877891947
"7901009",27,0,1,0.01869,1,-0.003738,1,116.048812594872,1,4.8565917937563,570,1,11.673999786377,35.4280014038086,0.0186899993568659,0,111.907302856445,-85.3076,23.0668,109.277940240012,63,63,63,63,61,63,0,8764,2.04575969791764,23,-85,0.001869,51,2024-02-29 06:20:20.000672,570,1.037,0.0011,"aoml_navis",1029.52856907349
"7901009",27,0,1,0.026166,1,0.003738,1,115.993430371595,1,4.85652556565937,572,1,11.6129999160767,35.4189987182617,0.0261659994721413,0,111.853897094727,-85.3076,23.0668,109.277940240012,63,63,63,63,61,63,0,8764,2.04575969791764,23,-85,0.001869,51,2024-02-29 06:20:20.000672,572,1.037,0.0011,"aoml_navis",1029.54260868205
"7901009",27,0,1,0.022428,1,0,1,115.74745418278,1,4.85645294317069,574,1,11.5450000762939,35.4099998474121,0.0224280003458261,0,111.61669921875,-85.3076,23.0668,109.277940240012,63,63,63,63,61,63,0,8764,2.04575969791764,23,-85,0.001869,51,2024-02-29 06:20:20.000672,574,1.037,0.0011,"aoml_navis",1029.55800426959
"7901009",27,0,1,0.028035,1,0.005607,1,115.483953476172,1,4.85638051752942,576,1,11.4770002365112,35.4010009765625,0.0280349999666214,0,111.362602233887,-85.3076,23.0668,109.277940240012,63,63,63,63,61,63,0,8764,2.04575969791764,23,-85,0.001869,51,2024-02-29 06:20:20.000672,576,1.037,0.0011,"aoml_navis",1029.5733585851
"7901009",27,0,1,0.020559,1,-0.001869,1,115.1285657494,1,4.85632711855911,578,1,11.4449996948242,35.3959999084473,0.020558999851346,0,111.019897460938,-85.3076,23.0668,109.277940240012,63,63,63,63,61,63,0,8764,2.04575969791764,23,-85,0.001869,51,2024-02-29 06:20:20.000672,578,1.037,0.0011,"aoml_navis",1029.58467951877
"7901009",27,0,1,0.020559,1,-0.001869,1,114.736475432087,1,4.85627097596019,580,1,11.4099998474121,35.390998840332,0.020558999851346,0,110.641799926758,-85.3076,23.0668,109.277940240012,63,63,63,63,61,63,0,8764,2.04575969791764,23,-85,0.001869,51,2024-02-29 06:20:20.000672,580,1.037,0.0011,"aoml_navis",1029.59658238828
"7901009",27,0,1,0.022428,1,0,1,114.657555763916,1,4.85620093549767,582,1,11.3559999465942,35.3849983215332,0.0224280003458261,0,110.565696716309,-85.3076,23.0668,109.277940240012,63,63,63,63,61,63,0,8764,2.04575969791764,23,-85,0.001869,51,2024-02-29 06:20:20.000672,582,1.037,0.0011,"aoml_navis",1029.61143214878
"7901009",27,0,1,0.024297,1,0.001869,1,114.714282984045,1,4.85614300987767,584,1,11.3149995803833,35.3790016174316,0.0242970008403063,0,110.620399475098,-85.3076,23.0668,109.277940240012,63,63,63,63,61,63,0,8764,2.04575969791764,23,-85,0.001869,51,2024-02-29 06:20:20.000672,584,1.037,0.0011,"aoml_navis",1029.62371368177
"7901009",27,0,1,0.026166,1,0.003738,1,114.709512201097,1,4.85609258628086,586,1,11.28600025177,35.3740005493164,0.0261659994721413,0,110.615798950195,-85.3076,23.0668,109.277940240012,63,63,63,63,61,63,0,8764,2.04575969791764,23,-85,0.001869,51,2024-02-29 06:20:20.000672,586,1.037,0.0011,"aoml_navis",1029.63440485581
"7901009",27,0,1,0.026166,1,0.003738,1,114.712312959246,1,4.85604503169695,588,1,11.2679996490479,35.3709983825684,0.0261659994721413,0,110.618499755859,-85.3076,23.0668,109.277940240012,63,63,63,63,61,63,0,8764,2.04575969791764,23,-85,0.001869,51,2024-02-29 06:20:20.000672,588,1.037,0.0011,"aoml_navis",1029.64448792452
"7901009",27,0,1,0.028035,1,0.005607,1,114.623646019778,1,4.85599938983557,590,1,11.2600002288818,35.3699989318848,0.0280349999666214,0,110.532997131348,-85.3076,23.0668,109.277940240012,63,63,63,63,61,63,0,8764,2.04575969791764,23,-85,0.001869,51,2024-02-29 06:20:20.000672,590,1.037,0.0011,"aoml_navis",1029.65416562157
"7901009",27,0,1,0.028035,1,0.005607,1,114.494336440171,1,4.85595828757188,592,1,11.2489995956421,35.367000579834,0.0280349999666214,0,110.408302307129,-85.3076,23.0668,109.277940240012,63,63,63,63,61,63,0,8764,2.04575969791764,23,-85,0.001869,51,2024-02-29 06:20:20.000672,592,1.037,0.0011,"aoml_navis",1029.66288091823
"7901009",27,0,1,0.026166,1,0.003738,1,114.434808461894,1,4.855898732357,594,1,11.210000038147,35.3619995117188,0.0261659994721413,0,110.350898742676,-85.3076,23.0668,109.277940240012,63,63,63,63,61,63,0,8764,2.04575969791764,23,-85,0.001869,51,2024-02-29 06:20:20.000672,594,1.037,0.0011,"aoml_navis",1029.67550922815
"7901009",27,0,1,0.026166,1,0.003738,1,114.516528888213,1,4.85582358347195,596,1,11.1420001983643,35.3540000915527,0.0261659994721413,0,110.429702758789,-85.3076,23.0668,109.277940240012,63,63,63,63,61,63,0,8764,2.04575969791764,23,-85,0.001869,51,2024-02-29 06:20:20.000672,596,1.037,0.0011,"aoml_navis",1029.6914445201
"7901009",27,0,1,0.022428,1,0,1,114.52420328201,1,4.85577426926492,598,1,11.1140003204346,35.3489990234375,0.0224280003458261,0,110.437103271484,-85.3076,23.0668,109.277940240012,63,63,63,63,61,63,0,8764,2.04575969791764,23,-85,0.001869,51,2024-02-29 06:20:20.000672,598,1.037,0.0011,"aoml_navis",1029.70190184663
"7901009",27,0,1,0.024297,1,0.001869,1,114.415005361199,1,4.85572773886007,600,1,11.1009998321533,35.3470001220703,0.0242970008403063,0,110.331802368164,-85.3076,23.0668,109.277940240012,63,63,63,63,61,63,0,8764,2.04575969791764,23,-85,0.001869,51,2024-02-29 06:20:20.000672,600,1.037,0.0011,"aoml_navis",1029.71176904861
"7901009",27,0,1,0.028035,1,0.005607,1,114.204386766075,1,4.85569036578275,602,1,11.0979995727539,35.3450012207031,0.0280349999666214,0,110.128700256348,-85.3076,23.0668,109.277940240012,63,63,63,63,61,63,0,8764,2.04575969791764,23,-85,0.001869,51,2024-02-29 06:20:20.000672,602,1.037,0.0011,"aoml_navis",1029.71969449168
"7901009",27,0,1,0.028035,1,0.005607,1,113.96048345476,1,4.85563926425582,604,1,11.0640001296997,35.3390007019043,0.0280349999666214,0,109.893501281738,-85.3076,23.0668,109.277940240012,63,63,63,63,61,63,0,8764,2.04575969791764,23,-85,0.001869,51,2024-02-29 06:20:20.000672,604,1.037,0.0011,"aoml_navis",1029.73053142701
"7901009",27,0,1,0.028035,1,0.005607,1,113.617232346632,1,4.85557456759458,606,1,10.9989995956421,35.3289985656738,0.0280349999666214,0,109.5625,-85.3076,23.0668,109.277940240012,63,63,63,63,61,63,0,8764,2.04575969791764,23,-85,0.001869,51,2024-02-29 06:20:20.000672,606,1.037,0.0011,"aoml_navis",1029.74425176565
"7901009",27,0,1,0.026166,1,0.003738,1,113.328841286534,1,4.85548209386233,608,1,10.878999710083,35.3129997253418,0.0261659994721413,0,109.284400939941,-85.3076,23.0668,109.277940240012,63,63,63,63,61,63,0,8764,2.04575969791764,23,-85,0.001869,51,2024-02-29 06:20:20.000672,608,1.037,0.0011,"aoml_navis",1029.76386347307
"7901009",27,0,1,0.028035,1,0.005607,1,113.260602475709,1,4.8553999717045,610,1,10.78600025177,35.3009986877441,0.0280349999666214,0,109.218597412109,-85.3076,23.0668,109.277940240012,63,63,63,63,61,63,0,8764,2.04575969791764,23,-85,0.001869,51,2024-02-29 06:20:20.000672,610,1.037,0.0011,"aoml_navis",1029.7812804585
"7901009",27,0,1,0.024297,1,0.001869,1,113.434510568547,1,4.85531283409141,612,1,10.6870002746582,35.2890014648438,0.0242970008403063,0,109.386299133301,-85.3076,23.0668,109.277940240012,63,63,63,63,61,63,0,8764,2.04575969791764,23,-85,0.001869,51,2024-02-29 06:20:20.000672,612,1.037,0.0011,"aoml_navis",1029.79976179757
"7901009",27,0,1,0.026166,1,0.003738,1,113.357568836922,1,4.85524905167474,614,1,10.6300001144409,35.2809982299805,0.0261659994721413,0,109.312103271484,-85.3076,23.0668,109.277940240012,63,63,63,63,61,63,0,8764,2.04575969791764,23,-85,0.001869,51,2024-02-29 06:20:20.000672,614,1.037,0.0011,"aoml_navis",1029.81329006703
"7901009",27,0,1,0.029904,1,0.007476,1,113.184388624733,1,4.85520111312516,616,1,10.6070003509521,35.2770004272461,0.0299040004611015,0,109.14510345459,-85.3076,23.0668,109.277940240012,63,63,63,63,61,63,0,8764,2.04575969791764,23,-85,0.001869,51,2024-02-29 06:20:20.000672,616,1.037,0.0011,"aoml_navis",1029.82345808156
"7901009",27,0,1,0.028035,1,0.005607,1,112.963919905611,1,4.85514169496643,618,1,10.5670003890991,35.2719993591309,0.0280349999666214,0,108.932502746582,-85.3076,23.0668,109.277940240012,63,63,63,63,61,63,0,8764,2.04575969791764,23,-85,0.001869,51,2024-02-29 06:20:20.000672,618,1.037,0.0011,"aoml_navis",1029.83606125929
"7901009",27,0,1,0.031773,1,0.009345,1,112.71980297715,1,4.85508323149317,620,1,10.5279998779297,35.2669982910156,0.0317730009555817,0,108.69709777832,-85.3076,23.0668,109.277940240012,63,63,63,63,61,63,0,8764,2.04575969791764,23,-85,0.001869,51,2024-02-29 06:20:20.000672,620,1.037,0.0011,"aoml_navis",1029.84846223991
"7901009",27,0,1,0.031773,1,0.009345,1,112.423120407052,1,4.85503093725721,622,1,10.5,35.2630004882812,0.0317730009555817,0,108.411003112793,-85.3076,23.0668,109.277940240012,63,63,63,63,61,63,0,8764,2.04575969791764,23,-85,0.001869,51,2024-02-29 06:20:20.000672,622,1.037,0.0011,"aoml_navis",1029.8595548857
"7901009",27,0,1,0.028035,1,0.005607,1,112.221315497175,1,4.85496647634284,624,1,10.4499998092651,35.2569999694824,0.0280349999666214,0,108.216400146484,-85.3076,23.0668,109.277940240012,63,63,63,63,61,63,0,8764,2.04575969791764,23,-85,0.001869,51,2024-02-29 06:20:20.000672,624,1.037,0.0011,"aoml_navis",1029.87322865438
"7901009",27,0,1,0.020559,1,-0.001869,1,112.050311015186,1,4.85491415504462,626,1,10.4259996414185,35.2540016174316,0.020558999851346,0,108.051498413086,-85.3076,23.0668,109.277940240012,63,63,63,63,61,63,0,8764,2.04575969791764,23,-85,0.001869,51,2024-02-29 06:20:20.000672,626,1.037,0.0011,"aoml_navis",1029.88432757449
"7901009",27,0,1,0.022428,1,0,1,111.813979244969,1,4.85486895101801,628,1,10.4099998474121,35.2509994506836,0.0224280003458261,0,107.823600769043,-85.3076,23.0668,109.277940240012,63,63,63,63,61,63,0,8764,2.04575969791764,23,-85,0.001869,51,2024-02-29 06:20:20.000672,628,1.037,0.0011,"aoml_navis",1029.89391689997
"7901009",27,0,1,0.028035,1,0.005607,1,111.708096345808,1,4.8547933214303,630,1,10.3430004119873,35.2439994812012,0.0280349999666214,0,107.721496582031,-85.3076,23.0668,109.277940240012,63,63,63,63,61,63,0,8764,2.04575969791764,23,-85,0.001869,51,2024-02-29 06:20:20.000672,630,1.037,0.0011,"aoml_navis",1029.90996093051
"7901009",27,0,1,0.026166,1,0.003738,1,111.699907688509,1,4.85473770609408,632,1,10.3109998703003,35.2400016784668,0.0261659994721413,0,107.713600158691,-85.3076,23.0668,109.277940240012,63,63,63,63,61,63,0,8764,2.04575969791764,23,-85,0.001869,51,2024-02-29 06:20:20.000672,632,1.037,0.0011,"aoml_navis",1029.92175946469
"7901009",27,0,1,0.028035,1,0.005607,1,111.545810608112,1,4.85469507690997,634,1,10.3020000457764,35.2379989624023,0.0280349999666214,0,107.565002441406,-85.3076,23.0668,109.277940240012,63,63,63,63,61,63,0,8764,2.04575969791764,23,-85,0.001869,51,2024-02-29 06:20:20.000672,634,1.037,0.0011,"aoml_navis",1029.93080323029
"7901009",27,0,1,0.026166,1,0.003738,1,111.312477389698,1,4.85465331693614,636,1,10.293999671936,35.2360000610352,0.0261659994721413,0,107.339996337891,-85.3076,23.0668,109.277940240012,63,63,63,63,61,63,0,8764,2.04575969791764,23,-85,0.001869,51,2024-02-29 06:20:20.000672,636,1.037,0.0011,"aoml_navis",1029.93966274724
"7901009",27,0,1,0.028035,1,0.005607,1,111.121772659715,1,4.85459395002841,638,1,10.2410001754761,35.2280006408691,0.0280349999666214,0,107.156097412109,-85.3076,23.0668,109.277940240012,63,63,63,63,61,63,0,8764,2.04575969791764,23,-85,0.001869,51,2024-02-29 06:20:20.000672,638,1.037,0.0011,"aoml_navis",1029.95225789599
"7901009",27,0,1,0.031773,1,0.009345,1,111.157446723252,1,4.85449912551287,640,1,10.1180000305176,35.2130012512207,0.0317730009555817,0,107.190498352051,-85.3076,23.0668,109.277940240012,63,63,63,63,61,63,0,8764,2.04575969791764,23,-85,0.001869,51,2024-02-29 06:20:20.000672,640,1.037,0.0011,"aoml_navis",1029.97237628954
"7901009",27,0,1,0.029904,1,0.007476,1,110.995675249058,1,4.85443981030536,642,1,10.0729999542236,35.2070007324219,0.0299040004611015,0,107.03450012207,-85.3076,23.0668,109.277940240012,63,63,63,63,61,63,0,8764,2.04575969791764,23,-85,0.001869,51,2024-02-29 06:20:20.000672,642,1.037,0.0011,"aoml_navis",1029.98496126899
"7901009",27,0,1,0.029904,1,0.007476,1,110.93169295768,1,4.85436966547507,644,1,10.0069999694824,35.1990013122559,0.0299040004611015,0,106.972801208496,-85.3076,23.0668,109.277940240012,63,63,63,63,61,63,0,8764,2.04575969791764,23,-85,0.001869,51,2024-02-29 06:20:20.000672,644,1.037,0.0011,"aoml_navis",1029.99984437952
"7901009",27,0,1,0.029904,1,0.007476,1,110.981362900214,1,4.85429819593419,646,1,9.9350004196167,35.189998626709,0.0299040004611015,0,107.020698547363,-85.3076,23.0668,109.277940240012,63,63,63,63,61,63,0,8764,2.04575969791764,23,-85,0.001869,51,2024-02-29 06:20:20.000672,646,1.037,0.0011,"aoml_navis",1030.01500900539
"7901009",27,0,1,0.028035,1,0.005607,1,110.963735529719,1,4.85423814288688,648,1,9.89299964904785,35.185001373291,0.0280349999666214,0,107.003700256348,-85.3076,23.0668,109.277940240012,63,63,63,63,61,63,0,8764,2.04575969791764,23,-85,0.001869,51,2024-02-29 06:20:20.000672,648,1.037,0.0011,"aoml_navis",1030.02775158996
"7901009",27,0,1,0.026166,1,0.003738,1,110.993396666157,1,4.85418097710111,650,1,9.85000038146973,35.1790008544922,0.0261659994721413,0,107.032302856445,-85.3076,23.0668,109.277940240012,63,63,63,63,61,63,0,8764,2.04575969791764,23,-85,0.001869,51,2024-02-29 06:20:20.000672,650,1.037,0.0011,"aoml_navis",1030.03988182286
"7901009",27,0,1,0.024297,1,0.001869,1,111.022329921947,1,4.85413461393017,652,1,9.82800006866455,35.1749992370605,0.0242970008403063,0,107.060203552246,-85.3076,23.0668,109.277940240012,63,63,63,63,61,63,0,8764,2.04575969791764,23,-85,0.001869,51,2024-02-29 06:20:20.000672,652,1.037,0.0011,"aoml_navis",1030.04972001626
"7901009",27,0,1,0.026166,1,0.003738,1,111.156101726401,1,4.85406773216071,654,1,9.76500034332275,35.1669998168945,0.0261659994721413,0,107.18920135498,-85.3076,23.0668,109.277940240012,63,63,63,63,61,63,0,8764,2.04575969791764,23,-85,0.001869,51,2024-02-29 06:20:20.000672,654,1.037,0.0011,"aoml_navis",1030.06391255573
"7901009",27,0,1,0.029904,1,0.007476,1,111.61383580179,1,4.85397464524502,656,1,9.64099979400635,35.1520004272461,0.0299040004611015,0,107.630599975586,-85.3076,23.0668,109.277940240012,63,63,63,63,61,63,0,8764,2.04575969791764,23,-85,0.001869,51,2024-02-29 06:20:20.000672,656,1.037,0.0011,"aoml_navis",1030.08366656757
"7901009",27,0,1,0.022428,1,0,1,111.749166220241,1,4.85392735530804,658,1,9.62199974060059,35.148998260498,0.0224280003458261,0,107.761100769043,-85.3076,23.0668,109.277940240012,63,63,63,63,61,63,0,8764,2.04575969791764,23,-85,0.001869,51,2024-02-29 06:20:20.000672,658,1.037,0.0011,"aoml_navis",1030.09370227435
"7901009",27,0,1,0.033642,1,0.011214,1,111.83295952406,1,4.85387699123068,660,1,9.60799980163574,35.1479988098145,0.0336420014500618,0,107.841903686523,-85.3076,23.0668,109.277940240012,63,63,63,63,61,63,0,8764,2.04575969791764,23,-85,0.001869,51,2024-02-29 06:20:20.000672,660,1.037,0.0011,"aoml_navis",1030.1043905796
"7901009",27,0,1,0.026166,1,0.003738,1,111.902535419989,1,4.85383513280887,662,1,9.60400009155273,35.1469993591309,0.0261659994721413,0,107.908996582031,-85.3076,23.0668,109.277940240012,63,63,63,63,61,63,0,8764,2.04575969791764,23,-85,0.001869,51,2024-02-29 06:20:20.000672,662,1.037,0.0011,"aoml_navis",1030.11327397652
"7901009",27,0,1,0.026166,1,0.003738,1,111.927117215378,1,4.85379412572292,664,1,9.60099983215332,35.1459999084473,0.0261659994721413,0,107.93270111084,-85.3076,23.0668,109.277940240012,63,63,63,63,61,63,0,8764,2.04575969791764,23,-85,0.001869,51,2024-02-29 06:20:20.000672,664,1.037,0.0011,"aoml_navis",1030.1219768474
"7901009",27,0,1,0.029904,1,0.007476,1,111.952110421569,1,4.85374617827276,666.099975585938,1,9.58800029754639,35.1440010070801,0.0299040004611015,0,107.956802368164,-85.3076,23.0668,109.277940240012,63,63,63,63,61,63,0,8764,2.04575969791764,23,-85,0.001869,51,2024-02-29 06:20:20.000672,666.099975585938,1.037,0.0011,"aoml_navis",1030.13215284761
"7901009",27,0,1,0.029904,1,0.007476,1,111.928359359529,1,4.85370442401207,668,1,9.57299995422363,35.140998840332,0.0299040004611015,0,107.933898925781,-85.3076,23.0668,109.277940240012,63,63,63,63,61,63,0,8764,2.04575969791764,23,-85,0.001869,51,2024-02-29 06:20:20.000672,668,1.037,0.0011,"aoml_navis",1030.14101461642
"7901009",27,0,1,0.024297,1,0.001869,1,111.926286482029,1,4.85364442907283,670,1,9.52600002288818,35.1349983215332,0.0242970008403063,0,107.931900024414,-85.3076,23.0668,109.277940240012,63,63,63,63,61,63,0,8764,2.04575969791764,23,-85,0.001869,51,2024-02-29 06:20:20.000672,670,1.037,0.0011,"aoml_navis",1030.15374798585
"7901009",27,0,1,0.026166,1,0.003738,1,111.923905046428,1,4.85358507659837,672,1,9.48400020599365,35.1300010681152,0.0261659994721413,0,107.92960357666,-85.3076,23.0668,109.277940240012,63,63,63,63,61,63,0,8764,2.04575969791764,23,-85,0.001869,51,2024-02-29 06:20:20.000672,672,1.037,0.0011,"aoml_navis",1030.16634530784
"7901009",27,0,1,0.026166,1,0.003738,1,111.915811330084,1,4.85353818118788,674,1,9.46100044250488,35.1259994506836,0.0261659994721413,0,107.921798706055,-85.3076,23.0668,109.277940240012,63,63,63,63,61,63,0,8764,2.04575969791764,23,-85,0.001869,51,2024-02-29 06:20:20.000672,674,1.037,0.0011,"aoml_navis",1030.17629888641
"7901009",27,0,1,0.026166,1,0.003738,1,111.952941154918,1,4.85347305730509,676,1,9.41199970245361,35.1209983825684,0.0261659994721413,0,107.95760345459,-85.3076,23.0668,109.277940240012,63,63,63,63,61,63,0,8764,2.04575969791764,23,-85,0.001869,51,2024-02-29 06:20:20.000672,676,1.037,0.0011,"aoml_navis",1030.19012178802
"7901009",27,0,1,0.026166,1,0.003738,1,111.91809782473,1,4.85341368138134,678,1,9.36100006103516,35.1139984130859,0.0261659994721413,0,107.924003601074,-85.3076,23.0668,109.277940240012,63,63,63,63,61,63,0,8764,2.04575969791764,23,-85,0.001869,51,2024-02-29 06:20:20.000672,678,1.037,0.0011,"aoml_navis",1030.20272497706
"7901009",27,0,1,0.028035,1,0.005607,1,111.957292615318,1,4.8533419334154,680.099975585938,1,9.30200004577637,35.1080017089844,0.0280349999666214,0,107.961799621582,-85.3076,23.0668,109.277940240012,63,63,63,63,61,63,0,8764,2.04575969791764,23,-85,0.001869,51,2024-02-29 06:20:20.000672,680.099975585938,1.037,0.0011,"aoml_navis",1030.21795467879
"7901009",27,0,1,0.029904,1,0.007476,1,112.189478630537,1,4.85326478390789,682.099975585938,1,9.22500038146973,35.0999984741211,0.0299040004611015,0,108.185699462891,-85.3076,23.0668,109.277940240012,63,63,63,63,61,63,0,8764,2.04575969791764,23,-85,0.001869,51,2024-02-29 06:20:20.000672,682.099975585938,1.037,0.0011,"aoml_navis",1030.23433145017
"7901009",27,0,1,0.029904,1,0.007476,1,112.349485785332,1,4.85319843007268,684,1,9.16699981689453,35.0940017700195,0.0299040004611015,0,108.339996337891,-85.3076,23.0668,109.277940240012,63,63,63,63,61,63,0,8764,2.04575969791764,23,-85,0.001869,51,2024-02-29 06:20:20.000672,684,1.037,0.0011,"aoml_navis",1030.24841700633
"7901009",27,0,1,0.024297,1,0.001869,1,112.37396472802,1,4.85314767495327,686,1,9.13899993896484,35.0900001525879,0.0242970008403063,0,108.36360168457,-85.3076,23.0668,109.277940240012,63,63,63,63,61,63,0,8764,2.04575969791764,23,-85,0.001869,51,2024-02-29 06:20:20.000672,686,1.037,0.0011,"aoml_navis",1030.25919153555
"7901009",27,0,1,0.026166,1,0.003738,1,112.337982106382,1,4.85309789753315,688,1,9.12100028991699,35.0880012512207,0.0261659994721413,0,108.328903198242,-85.3076,23.0668,109.277940240012,63,63,63,63,61,63,0,8764,2.04575969791764,23,-85,0.001869,51,2024-02-29 06:20:20.000672,688,1.037,0.0011,"aoml_navis",1030.26975873318
"7901009",27,0,1,0.029904,1,0.007476,1,112.23376067392,1,4.85305477496873,690,1,9.11100006103516,35.0859985351562,0.0299040004611015,0,108.228401184082,-85.3076,23.0668,109.277940240012,63,63,63,63,61,63,0,8764,2.04575969791764,23,-85,0.001869,51,2024-02-29 06:20:20.000672,690,1.037,0.0011,"aoml_navis",1030.27891335354
"7901009",27,0,1,0.033642,1,0.011214,1,112.218411886326,1,4.85299413547902,692,1,9.07100009918213,35.0820007324219,0.0336420014500618,0,108.213600158691,-85.3076,23.0668,109.277940240012,63,63,63,63,61,63,0,8764,2.04575969791764,23,-85,0.001869,51,2024-02-29 06:20:20.000672,692,1.037,0.0011,"aoml_navis",1030.29178697049
"7901009",27,0,1,0.033642,1,0.011214,1,112.392003509316,1,4.85292688063702,694,1,9.01399993896484,35.076000213623,0.0336420014500618,0,108.380996704102,-85.3076,23.0668,109.277940240012,63,63,63,63,61,63,0,8764,2.04575969791764,23,-85,0.001869,51,2024-02-29 06:20:20.000672,694,1.037,0.0011,"aoml_navis",1030.30606538701
"7901009",27,0,1,0.031773,1,0.009345,1,112.381639121817,1,4.85287590928642,696,1,8.98999977111816,35.0730018615723,0.0317730009555817,0,108.371002197266,-85.3076,23.0668,109.277940240012,63,63,63,63,61,63,0,8764,2.04575969791764,23,-85,0.001869,51,2024-02-29 06:20:20.000672,696,1.037,0.0011,"aoml_navis",1030.31688703023
"7901009",27,0,1,0.029904,1,0.007476,1,112.509912262674,1,4.85282041592561,698,1,8.95600032806396,35.0690002441406,0.0299040004611015,0,108.494697570801,-85.3076,23.0668,109.277940240012,63,63,63,63,61,63,0,8764,2.04575969791764,23,-85,0.001869,51,2024-02-29 06:20:20.000672,698,1.037,0.0011,"aoml_navis",1030.32866899245
"7901009",27,0,1,0.029904,1,0.007476,1,112.577217487449,1,4.85276289051381,700,1,8.91499996185303,35.0639991760254,0.0299040004611015,0,108.559600830078,-85.3076,23.0668,109.277940240012,63,63,63,63,61,63,0,8764,2.04575969791764,23,-85,0.001869,51,2024-02-29 06:20:20.000672,700,1.037,0.0011,"aoml_navis",1030.34088266996
"7901009",27,0,1,0.029904,1,0.007476,1,112.722500882598,1,4.85269928279308,702,1,8.86200046539307,35.0579986572266,0.0299040004611015,0,108.699699401855,-85.3076,23.0668,109.277940240012,63,63,63,63,61,63,0,8764,2.04575969791764,23,-85,0.001869,51,2024-02-29 06:20:20.000672,702,1.037,0.0011,"aoml_navis",1030.35438806794
"7901009",27,0,1,0.029904,1,0.007476,1,112.823296528964,1,4.85263374609956,704,1,8.81099987030029,35.0530014038086,0.0299040004611015,0,108.796897888184,-85.3076,23.0668,109.277940240012,63,63,63,63,61,63,0,8764,2.04575969791764,23,-85,0.001869,51,2024-02-29 06:20:20.000672,704,1.037,0.0011,"aoml_navis",1030.36830340202
"7901009",27,0,1,0.031773,1,0.009345,1,112.900554730436,1,4.85257606095032,706,1,8.77400016784668,35.048999786377,0.0317730009555817,0,108.871398925781,-85.3076,23.0668,109.277940240012,63,63,63,63,61,63,0,8764,2.04575969791764,23,-85,0.001869,51,2024-02-29 06:20:20.000672,706,1.037,0.0011,"aoml_navis",1030.38055193736
"7901009",27,0,1,0.031773,1,0.009345,1,113.014317728794,1,4.8525151818514,708,1,8.73299980163574,35.0449981689453,0.0317730009555817,0,108.981101989746,-85.3076,23.0668,109.277940240012,63,63,63,63,61,63,0,8764,2.04575969791764,23,-85,0.001869,51,2024-02-29 06:20:20.000672,708,1.037,0.0011,"aoml_navis",1030.39347897358
"7901009",27,0,1,0.028035,1,0.005607,1,113.025204291541,1,4.85245555565736,710,1,8.69799995422363,35.0419998168945,0.0280349999666214,0,108.991600036621,-85.3076,23.0668,109.277940240012,63,63,63,63,61,63,0,8764,2.04575969791764,23,-85,0.001869,51,2024-02-29 06:20:20.000672,710,1.037,0.0011,"aoml_navis",1030.40614028306
"7901009",27,0,1,0.029904,1,0.007476,1,113.020227803192,1,4.85240684497392,712,1,8.6899995803833,35.0419998168945,0.0299040004611015,0,108.986801147461,-85.3076,23.0668,109.277940240012,63,63,63,63,61,63,0,8764,2.04575969791764,23,-85,0.001869,51,2024-02-29 06:20:20.000672,712,1.037,0.0011,"aoml_navis",1030.41648397206
"7901009",27,0,1,0.031773,1,0.009345,1,113.091053755018,1,4.85236342537345,714,1,8.68400001525879,35.0410003662109,0.0317730009555817,0,109.055099487305,-85.3076,23.0668,109.277940240012,63,63,63,63,61,63,0,8764,2.04575969791764,23,-85,0.001869,51,2024-02-29 06:20:20.000672,714,1.037,0.0011,"aoml_navis",1030.42570427733
"7901009",27,0,1,0.028035,1,0.005607,1,113.261536061759,1,4.85232006386681,716,1,8.66899967193604,35.0379981994629,0.0280349999666214,0,109.219497680664,-85.3076,23.0668,109.277940240012,63,63,63,63,61,63,0,8764,2.04575969791764,23,-85,0.001869,51,2024-02-29 06:20:20.000672,716,1.037,0.0011,"aoml_navis",1030.43491241085
"7901009",27,0,1,0.031773,1,0.009345,1,113.437105621295,1,4.85225529812834,718,1,8.6230001449585,35.0340003967285,0.0317730009555817,0,109.388801574707,-85.3076,23.0668,109.277940240012,63,63,63,63,61,63,0,8764,2.04575969791764,23,-85,0.001869,51,2024-02-29 06:20:20.000672,718,1.037,0.0011,"aoml_navis",1030.44866619624
"7901009",27,0,1,0.028035,1,0.005607,1,113.447161450693,1,4.85219583447597,720,1,8.58800029754639,35.0309982299805,0.0280349999666214,0,109.398498535156,-85.3076,23.0668,109.277940240012,63,63,63,63,61,63,0,8764,2.04575969791764,23,-85,0.001869,51,2024-02-29 06:20:20.000672,720,1.037,0.0011,"aoml_navis",1030.46129434304
"7901009",27,0,1,0.028035,1,0.005607,1,113.386604945412,1,4.85214803836476,722,1,8.57199954986572,35.0289993286133,0.0280349999666214,0,109.340103149414,-85.3076,23.0668,109.277940240012,63,63,63,63,61,63,0,8764,2.04575969791764,23,-85,0.001869,51,2024-02-29 06:20:20.000672,722,1.037,0.0011,"aoml_navis",1030.47144490774
"7901009",27,0,1,0.029904,1,0.007476,1,113.341903579481,1,4.85210500011248,724,1,8.57100009918213,35.0289993286133,0.0299040004611015,0,109.296997070312,-85.3076,23.0668,109.277940240012,63,63,63,63,61,63,0,8764,2.04575969791764,23,-85,0.001869,51,2024-02-29 06:20:20.000672,724,1.037,0.0011,"aoml_navis",1030.48058520664
"7901009",27,0,1,0.028035,1,0.005607,1,113.299180150095,1,4.85205918466085,726,1,8.5620002746582,35.0279998779297,0.0280349999666214,0,109.255798339844,-85.3076,23.0668,109.277940240012,63,63,63,63,61,63,0,8764,2.04575969791764,23,-85,0.001869,51,2024-02-29 06:20:20.000672,726,1.037,0.0011,"aoml_navis",1030.49031549468
"7901009",27,0,1,0.026166,1,0.003738,1,113.398527946909,1,4.85200934616908,728,1,8.54800033569336,35.0270004272461,0.0261659994721413,0,109.351600646973,-85.3076,23.0668,109.277940240012,63,63,63,63,61,63,0,8764,2.04575969791764,23,-85,0.001869,51,2024-02-29 06:20:20.000672,728,1.037,0.0011,"aoml_navis",1030.50090040485
"7901009",27,0,1,0.028035,1,0.005607,1,113.581249724994,1,4.85195801508856,730,1,8.52299976348877,35.023998260498,0.0280349999666214,0,109.527801513672,-85.3076,23.0668,109.277940240012,63,63,63,63,61,63,0,8764,2.04575969791764,23,-85,0.001869,51,2024-02-29 06:20:20.000672,730,1.037,0.0011,"aoml_navis",1030.51180254468
"7901009",27,0,1,0.029904,1,0.007476,1,113.868707199043,1,4.85190715086206,732,1,8.49400043487549,35.0200004577637,0.0299040004611015,0,109.805000305176,-85.3076,23.0668,109.277940240012,63,63,63,63,61,63,0,8764,2.04575969791764,23,-85,0.001869,51,2024-02-29 06:20:20.000672,732,1.037,0.0011,"aoml_navis",1030.52260575754
"7901009",27,0,1,0.028035,1,0.005607,1,114.112610510358,1,4.85184237750614,734,1,8.44299983978271,35.0149993896484,0.0280349999666214,0,110.040199279785,-85.3076,23.0668,109.277940240012,63,63,63,63,61,63,0,8764,2.04575969791764,23,-85,0.001869,51,2024-02-29 06:20:20.000672,734,1.037,0.0011,"aoml_navis",1030.53636350198
"7901009",27,0,1,0.031773,1,0.009345,1,114.363571099267,1,4.8517812202987,736,1,8.40100002288818,35.0110015869141,0.0317730009555817,0,110.282203674316,-85.3076,23.0668,109.277940240012,63,63,63,63,61,63,0,8764,2.04575969791764,23,-85,0.001869,51,2024-02-29 06:20:20.000672,736,1.037,0.0011,"aoml_navis",1030.54935352014
"7901009",27,0,1,0.026166,1,0.003738,1,114.657144353115,1,4.85172365562178,738,1,8.36800003051758,35.007999420166,0.0261659994721413,0,110.565299987793,-85.3076,23.0668,109.277940240012,63,63,63,63,61,63,0,8764,2.04575969791764,23,-85,0.001869,51,2024-02-29 06:20:20.000672,738,1.037,0.0011,"aoml_navis",1030.56158077066
"7901009",27,0,1,0.028035,1,0.005607,1,114.929878067518,1,4.85166819778027,740,1,8.33300018310547,35.0040016174316,0.0280349999666214,0,110.828300476074,-85.3076,23.0668,109.277940240012,63,63,63,63,61,63,0,8764,2.04575969791764,23,-85,0.001869,51,2024-02-29 06:20:20.000672,740,1.037,0.0011,"aoml_navis",1030.57336078498
"7901009",27,0,1,0.028035,1,0.005607,1,115.073816465817,1,4.85160327689571,742,1,8.28600025177002,35,0.0280349999666214,0,110.967102050781,-85.3076,23.0668,109.277940240012,63,63,63,63,61,63,0,8764,2.04575969791764,23,-85,0.001869,51,2024-02-29 06:20:20.000672,742,1.037,0.0011,"aoml_navis",1030.58715122298
"7901009",27,0,1,0.029904,1,0.007476,1,115.212256200518,1,4.8515474371144,744,1,8.25500011444092,34.9970016479492,0.0299040004611015,0,111.100601196289,-85.3076,23.0668,109.277940240012,63,63,63,63,61,63,0,8764,2.04575969791764,23,-85,0.001869,51,2024-02-29 06:20:20.000672,744,1.037,0.0011,"aoml_navis",1030.59901295614
"7901009",27,0,1,0.026166,1,0.003738,1,115.46808251333,1,4.85149431021738,746,1,8.23200035095215,34.9949989318848,0.0261659994721413,0,111.347297668457,-85.3076,23.0668,109.277940240012,63,63,63,63,61,63,0,8764,2.04575969791764,23,-85,0.001869,51,2024-02-29 06:20:20.000672,746,1.037,0.0011,"aoml_navis",1030.61029865991
"7901009",27,0,1,0.033642,1,0.011214,1,115.875521618237,1,4.85145146854851,748,1,8.22200012207031,34.9930000305176,0.0336420014500618,0,111.740196228027,-85.3076,23.0668,109.277940240012,63,63,63,63,61,63,0,8764,2.04575969791764,23,-85,0.001869,51,2024-02-29 06:20:20.000672,748,1.037,0.0011,"aoml_navis",1030.61939966101
"7901009",27,0,1,0.026166,1,0.003738,1,116.522409721357,1,4.85138991498128,750,1,8.17899990081787,34.9889984130859,0.0261659994721413,0,112.363998413086,-85.3076,23.0668,109.277940240012,63,63,63,63,61,63,0,8764,2.04575969791764,23,-85,0.001869,51,2024-02-29 06:20:20.000672,750,1.037,0.0011,"aoml_navis",1030.63247597556
"7901009",27,0,1,0.026166,1,0.003738,1,117.125118633795,1,4.85134206393476,752,1,8.14400005340576,34.9830017089844,0.0261659994721413,0,112.945198059082,-85.3076,23.0668,109.277940240012,63,63,63,63,61,63,0,8764,2.04575969791764,23,-85,0.001869,51,2024-02-29 06:20:20.000672,752,1.037,0.0011,"aoml_navis",1030.64264158373
"7901009",27,0,1,0.028035,1,0.005607,1,117.388105076901,1,4.85128510696433,754,1,8.10200023651123,34.9780006408691,0.0280349999666214,0,113.198799133301,-85.3076,23.0668,109.277940240012,63,63,63,63,61,63,0,8764,2.04575969791764,23,-85,0.001869,51,2024-02-29 06:20:20.000672,754,1.037,0.0011,"aoml_navis",1030.65474194089
"7901009",27,0,1,0.028035,1,0.005607,1,117.458100295378,1,4.851220335771,756,1,8.06400012969971,34.976001739502,0.0280349999666214,0,113.266296386719,-85.3076,23.0668,109.277940240012,63,63,63,63,61,63,0,8764,2.04575969791764,23,-85,0.001869,51,2024-02-29 06:20:20.000672,756,1.037,0.0011,"aoml_navis",1030.66850275424
"7901009",27,0,1,0.024297,1,0.001869,1,117.455616007076,1,4.85118487065792,758,1,8.06799983978271,34.9749984741211,0.0242970008403063,0,113.263900756836,-85.3076,23.0668,109.277940240012,63,63,63,63,61,63,0,8764,2.04575969791764,23,-85,0.001869,51,2024-02-29 06:20:20.000672,758,1.037,0.0011,"aoml_navis",1030.6760375681
"7901009",27,0,1,0.026166,1,0.003738,1,117.806327891855,1,4.85112562801426,760,1,8.03699970245361,34.9729995727539,0.0261659994721413,0,113.602096557617,-85.3076,23.0668,109.277940240012,63,63,63,63,61,63,0,8764,2.04575969791764,23,-85,0.001869,51,2024-02-29 06:20:20.000672,760,1.037,0.0011,"aoml_navis",1030.68862433206
"7901009",27,0,1,0.031773,1,0.009345,1,118.096483271352,1,4.85106227863226,762,1,7.99599981307983,34.9700012207031,0.0317730009555817,0,113.881896972656,-85.3076,23.0668,109.277940240012,63,63,63,63,61,63,0,8764,2.04575969791764,23,-85,0.001869,51,2024-02-29 06:20:20.000672,762,1.037,0.0011,"aoml_navis",1030.70208395876
"7901009",27,0,1,0.029904,1,0.007476,1,118.414329762488,1,4.85101094181112,764,1,7.97499990463257,34.9679985046387,0.0299040004611015,0,114.188400268555,-85.3076,23.0668,109.277940240012,63,63,63,63,61,63,0,8764,2.04575969791764,23,-85,0.001869,51,2024-02-29 06:20:20.000672,764,1.037,0.0011,"aoml_navis",1030.71299157558
"7901009",27,0,1,0.029904,1,0.007476,1,118.710806627185,1,4.85096818599836,766,1,7.96500015258789,34.9659996032715,0.0299040004611015,0,114.474296569824,-85.3076,23.0668,109.277940240012,63,63,63,63,61,63,0,8764,2.04575969791764,23,-85,0.001869,51,2024-02-29 06:20:20.000672,766,1.037,0.0011,"aoml_navis",1030.72207614797
"7901009",27,0,1,0.028035,1,0.005607,1,118.919558050211,1,4.8509213084242,768,1,7.94500017166138,34.9630012512207,0.0280349999666214,0,114.675598144531,-85.3076,23.0668,109.277940240012,63,63,63,63,61,63,0,8764,2.04575969791764,23,-85,0.001869,51,2024-02-29 06:20:20.000672,768,1.037,0.0011,"aoml_navis",1030.73203667866
"7901009",27,0,1,0.028035,1,0.005607,1,119.093363290348,1,4.85087099761943,770,1,7.92999982833862,34.9620018005371,0.0280349999666214,0,114.843200683594,-85.3076,23.0668,109.277940240012,63,63,63,63,61,63,0,8764,2.04575969791764,23,-85,0.001869,51,2024-02-29 06:20:20.000672,770,1.037,0.0011,"aoml_navis",1030.74272691518
"7901009",27,0,1,0.029904,1,0.007476,1,119.343176676061,1,4.85081249575843,772,1,7.89499998092651,34.9589996337891,0.0299040004611015,0,115.084098815918,-85.3076,23.0668,109.277940240012,63,63,63,63,61,63,0,8764,2.04575969791764,23,-85,0.001869,51,2024-02-29 06:20:20.000672,772,1.037,0.0011,"aoml_navis",1030.75515789819
"7901009",27,0,1,0.031773,1,0.009345,1,119.498207342507,1,4.85075558122221,774,1,7.86199998855591,34.9560012817383,0.0317730009555817,0,115.233596801758,-85.3076,23.0668,109.277940240012,63,63,63,63,61,63,0,8764,2.04575969791764,23,-85,0.001869,51,2024-02-29 06:20:20.000672,774,1.037,0.0011,"aoml_navis",1030.76725188041
"7901009",27,0,1,0.028035,1,0.005607,1,119.608655319215,1,4.85070164467058,776,1,7.84700012207031,34.9560012817383,0.0280349999666214,0,115.340103149414,-85.3076,23.0668,109.277940240012,63,63,63,63,61,63,0,8764,2.04575969791764,23,-85,0.001869,51,2024-02-29 06:20:20.000672,776,1.037,0.0011,"aoml_navis",1030.7787133215
"7901009",27,0,1,0.029904,1,0.007476,1,119.812628047546,1,4.85065584659382,778,1,7.83300018310547,34.9539985656738,0.0299040004611015,0,115.536796569824,-85.3076,23.0668,109.277940240012,63,63,63,63,61,63,0,8764,2.04575969791764,23,-85,0.001869,51,2024-02-29 06:20:20.000672,778,1.037,0.0011,"aoml_navis",1030.78844554826
"7901009",27,0,1,0.026166,1,0.003738,1,120.151630547974,1,4.85060055704587,780,1,7.80200004577637,34.951000213623,0.0261659994721413,0,115.863700866699,-85.3076,23.0668,109.277940240012,63,63,63,63,61,63,0,8764,2.04575969791764,23,-85,0.001869,51,2024-02-29 06:20:20.000672,780,1.037,0.0011,"aoml_navis",1030.80019498557
"7901009",27,0,1,0.026166,1,0.003738,1,120.312571288819,1,4.85053295890132,782,1,7.75500011444092,34.9480018615723,0.0261659994721413,0,116.018898010254,-85.3076,23.0668,109.277940240012,63,63,63,63,61,63,0,8764,2.04575969791764,23,-85,0.001869,51,2024-02-29 06:20:20.000672,782,1.037,0.0011,"aoml_navis",1030.81456045452
"7901009",27,0,1,0.028035,1,0.005607,1,120.367225631448,1,4.85048199393219,784,1,7.73899984359741,34.9469985961914,0.0280349999666214,0,116.071601867676,-85.3076,23.0668,109.277940240012,63,63,63,63,61,63,0,8764,2.04575969791764,23,-85,0.001869,51,2024-02-29 06:20:20.000672,784,1.037,0.0011,"aoml_navis",1030.82539142602
"7901009",27,0,1,0.028035,1,0.005607,1,120.406736891883,1,4.85043564605387,786,1,7.72900009155273,34.9459991455078,0.0280349999666214,0,116.109703063965,-85.3076,23.0668,109.277940240012,63,63,63,63,61,63,0,8764,2.04575969791764,23,-85,0.001869,51,2024-02-29 06:20:20.000672,786,1.037,0.0011,"aoml_navis",1030.83524138039
"7901009",27,0,1,0.029904,1,0.007476,1,120.523395589344,1,4.85038409005964,788,1,7.71700000762939,34.9459991455078,0.0299040004611015,0,116.222198486328,-85.3076,23.0668,109.277940240012,63,63,63,63,61,63,0,8764,2.04575969791764,23,-85,0.001869,51,2024-02-29 06:20:20.000672,788,1.037,0.0011,"aoml_navis",1030.84619839632
"7901009",27,0,1,0.029904,1,0.007476,1,120.762638882157,1,4.8503258656591,790,1,7.68200016021729,34.943000793457,0.0299040004611015,0,116.452903747559,-85.3076,23.0668,109.277940240012,63,63,63,63,61,63,0,8764,2.04575969791764,23,-85,0.001869,51,2024-02-29 06:20:20.000672,790,1.037,0.0011,"aoml_navis",1030.85857290551
"7901009",27,0,1,0.024297,1,0.001869,1,120.964641585689,1,4.85025788501871,792,1,7.63899993896484,34.9410018920898,0.0242970008403063,0,116.64769744873,-85.3076,23.0668,109.277940240012,63,63,63,63,61,63,0,8764,2.04575969791764,23,-85,0.001869,51,2024-02-29 06:20:20.000672,792,1.037,0.0011,"aoml_navis",1030.87302129724
"7901009",27,0,1,0.028035,1,0.005607,1,121.132433898728,1,4.85020147119726,794,1,7.61100006103516,34.9389991760254,0.0280349999666214,0,116.809501647949,-85.3076,23.0668,109.277940240012,63,63,63,63,61,63,0,8764,2.04575969791764,23,-85,0.001869,51,2024-02-29 06:20:20.000672,794,1.037,0.0011,"aoml_navis",1030.88501162113
"7901009",27,0,1,0.028035,1,0.005607,1,121.379446526292,1,4.85014201747152,796,1,7.5789999961853,34.9370002746582,0.0280349999666214,0,117.047698974609,-85.3076,23.0668,109.277940240012,63,63,63,63,61,63,0,8764,2.04575969791764,23,-85,0.001869,51,2024-02-29 06:20:20.000672,796,1.037,0.0011,"aoml_navis",1030.89764835517
"7901009",27,0,1,0.028035,1,0.005607,1,121.499950332398,1,4.85008579826768,798,1,7.55600023269653,34.9360008239746,0.0280349999666214,0,117.163902282715,-85.3076,23.0668,109.277940240012,63,63,63,63,61,63,0,8764,2.04575969791764,23,-85,0.001869,51,2024-02-29 06:20:20.000672,798,1.037,0.0011,"aoml_navis",1030.90959788502
"7901009",27,0,1,0.028035,1,0.005607,1,121.582082169518,1,4.85003798511323,800,1,7.54400014877319,34.935001373291,0.0280349999666214,0,117.243103027344,-85.3076,23.0668,109.277940240012,63,63,63,63,61,63,0,8764,2.04575969791764,23,-85,0.001869,51,2024-02-29 06:20:20.000672,800,1.037,0.0011,"aoml_navis",1030.91976090642
"7901009",27,0,1,0.026166,1,0.003738,1,121.701027361626,1,4.84998319656624,802,1,7.51800012588501,34.9329986572266,0.0261659994721413,0,117.357803344727,-85.3076,23.0668,109.277940240012,63,63,63,63,61,63,0,8764,2.04575969791764,23,-85,0.001869,51,2024-02-29 06:20:20.000672,802,1.037,0.0011,"aoml_navis",1030.93140684281
"7901009",27,0,1,0.031773,1,0.009345,1,121.821523255986,1,4.84992626858266,804,1,7.49399995803833,34.931999206543,0.0317730009555817,0,117.473999023438,-85.3076,23.0668,109.277940240012,63,63,63,63,61,63,0,8764,2.04575969791764,23,-85,0.001869,51,2024-02-29 06:20:20.000672,804,1.037,0.0011,"aoml_navis",1030.9435078198
"7901009",27,0,1,0.028035,1,0.005607,1,122.094779145637,1,4.84986936237493,806,1,7.46999979019165,34.9309997558594,0.0280349999666214,0,117.737503051758,-85.3076,23.0668,109.277940240012,63,63,63,63,61,63,0,8764,2.04575969791764,23,-85,0.001869,51,2024-02-29 06:20:20.000672,806,1.037,0.0011,"aoml_navis",1030.9556044519
"7901009",27,0,1,0.033642,1,0.011214,1,122.321157939157,1,4.84982373938885,808,1,7.45599985122681,34.9290008544922,0.0336420014500618,0,117.95580291748,-85.3076,23.0668,109.277940240012,63,63,63,63,61,63,0,8764,2.04575969791764,23,-85,0.001869,51,2024-02-29 06:20:20.000672,808,1.037,0.0011,"aoml_navis",1030.96530279883
"7901009",27,0,1,0.028035,1,0.005607,1,122.531151506334,1,4.8497524719661,810,1,7.41300010681152,34.9280014038086,0.0280349999666214,0,118.158302307129,-85.3076,23.0668,109.277940240012,63,63,63,63,61,63,0,8764,2.04575969791764,23,-85,0.001869,51,2024-02-29 06:20:20.000672,810,1.037,0.0011,"aoml_navis",1030.9804528999
"7901009",27,0,1,0.026166,1,0.003738,1,123.009725121167,1,4.84969403499254,812,1,7.38199996948242,34.9259986877441,0.0261659994721413,0,118.61979675293,-85.3076,23.0668,109.277940240012,63,63,63,63,61,63,0,8764,2.04575969791764,23,-85,0.001869,51,2024-02-29 06:20:20.000672,812,1.037,0.0011,"aoml_navis",1030.99287582329
"7901009",27,0,1,0.033642,1,0.011214,1,123.378903021536,1,4.84962883373729,814,1,7.34200000762939,34.923999786377,0.0336420014500618,0,118.975799560547,-85.3076,23.0668,109.277940240012,63,63,63,63,61,63,0,8764,2.04575969791764,23,-85,0.001869,51,2024-02-29 06:20:20.000672,814,1.037,0.0011,"aoml_navis",1031.00673709638
"7901009",27,0,1,0.029904,1,0.007476,1,123.665632614936,1,4.84957875471574,816,1,7.32200002670288,34.9220008850098,0.0299040004611015,0,119.252296447754,-85.3076,23.0668,109.277940240012,63,63,63,63,61,63,0,8764,2.04575969791764,23,-85,0.001869,51,2024-02-29 06:20:20.000672,816,1.037,0.0011,"aoml_navis",1031.01738375482
"7901009",27,0,1,0.031773,1,0.009345,1,123.965748882877,1,4.84951749438321,818,1,7.29199981689453,34.9210014343262,0.0317730009555817,0,119.541702270508,-85.3076,23.0668,109.277940240012,63,63,63,63,61,63,0,8764,2.04575969791764,23,-85,0.001869,51,2024-02-29 06:20:20.000672,818,1.037,0.0011,"aoml_navis",1031.03040782739
"7901009",27,0,1,0.031773,1,0.009345,1,124.201772094994,1,4.84944052941499,820,1,7.24100017547607,34.9199981689453,0.0317730009555817,0,119.769302368164,-85.3076,23.0668,109.277940240012,63,63,63,63,61,63,0,8764,2.04575969791764,23,-85,0.001869,51,2024-02-29 06:20:20.000672,820,1.037,0.0011,"aoml_navis",1031.04677120418
"7901009",27,0,1,0.029904,1,0.007476,1,124.278096710416,1,4.84939734308524,822,1,7.2350001335144,34.9189987182617,0.0299040004611015,0,119.842903137207,-85.3076,23.0668,109.277940240012,63,63,63,63,61,63,0,8764,2.04575969791764,23,-85,0.001869,51,2024-02-29 06:20:20.000672,822,1.037,0.0011,"aoml_navis",1031.05595319581
"7901009",27,0,1,0.028035,1,0.005607,1,124.416322827971,1,4.84933849914109,824,1,7.21299982070923,34.9189987182617,0.0280349999666214,0,119.976196289062,-85.3076,23.0668,109.277940240012,63,63,63,63,61,63,0,8764,2.04575969791764,23,-85,0.001869,51,2024-02-29 06:20:20.000672,824,1.037,0.0011,"aoml_navis",1031.06846446904
"7901009",27,0,1,0.031773,1,0.009345,1,124.595104556457,1,4.84928341324851,826,1,7.19600009918213,34.9189987182617,0.0317730009555817,0,120.148597717285,-85.3076,23.0668,109.277940240012,63,63,63,63,61,63,0,8764,2.04575969791764,23,-85,0.001869,51,2024-02-29 06:20:20.000672,826,1.037,0.0011,"aoml_navis",1031.08017698857
"7901009",27,0,1,0.029904,1,0.007476,1,124.780002064742,1,4.84923350649252,828,1,7.18100023269653,34.9179992675781,0.0299040004611015,0,120.32689666748,-85.3076,23.0668,109.277940240012,63,63,63,63,61,63,0,8764,2.04575969791764,23,-85,0.001869,51,2024-02-29 06:20:20.000672,828,1.037,0.0011,"aoml_navis",1031.09078853506
"7901009",27,0,1,0.026166,1,0.003738,1,125.047553585396,1,4.84918808997888,830,1,7.17199993133545,34.9169998168945,0.0261659994721413,0,120.584899902344,-85.3076,23.0668,109.277940240012,63,63,63,63,61,63,0,8764,2.04575969791764,23,-85,0.001869,51,2024-02-29 06:20:20.000672,830,1.037,0.0011,"aoml_navis",1031.10044552258
"7901009",27,0,1,0.031773,1,0.009345,1,125.397339795871,1,4.84911805266264,832,1,7.13000011444092,34.9160003662109,0.0317730009555817,0,120.922203063965,-85.3076,23.0668,109.277940240012,63,63,63,63,61,63,0,8764,2.04575969791764,23,-85,0.001869,51,2024-02-29 06:20:20.000672,832,1.037,0.0011,"aoml_navis",1031.11533802616
"7901009",27,0,1,0.029904,1,0.007476,1,125.724822793858,1,4.8490525502406,834,1,7.0939998626709,34.9150009155273,0.0299040004611015,0,121.237998962402,-85.3076,23.0668,109.277940240012,63,63,63,63,61,63,0,8764,2.04575969791764,23,-85,0.001869,51,2024-02-29 06:20:20.000672,834,1.037,0.0011,"aoml_navis",1031.12926663414
"7901009",27,0,1,0.031773,1,0.009345,1,125.963441058722,1,4.84900046905967,836,1,7.07600021362305,34.9140014648438,0.0317730009555817,0,121.468101501465,-85.3076,23.0668,109.277940240012,63,63,63,63,61,63,0,8764,2.04575969791764,23,-85,0.001869,51,2024-02-29 06:20:20.000672,836,1.037,0.0011,"aoml_navis",1031.14034158252
"7901009",27,0,1,0.026166,1,0.003738,1,126.176338236747,1,4.84894173325363,838,1,7.04899978637695,34.9129981994629,0.0261659994721413,0,121.673400878906,-85.3076,23.0668,109.277940240012,63,63,63,63,61,63,0,8764,2.04575969791764,23,-85,0.001869,51,2024-02-29 06:20:20.000672,838,1.037,0.0011,"aoml_navis",1031.15283190772
"7901009",27,0,1,0.029904,1,0.007476,1,126.3056557281,1,4.84889935782091,840,1,7.04899978637695,34.9129981994629,0.0299040004611015,0,121.79810333252,-85.3076,23.0668,109.277940240012,63,63,63,63,61,63,0,8764,2.04575969791764,23,-85,0.001869,51,2024-02-29 06:20:20.000672,840,1.037,0.0011,"aoml_navis",1031.16184334397
"7901009",27,0,1,0.031773,1,0.009345,1,126.558269871962,1,4.84884952981728,842,1,7.03399991989136,34.9119987487793,0.0317730009555817,0,122.041702270508,-85.3076,23.0668,109.277940240012,63,63,63,63,61,63,0,8764,2.04575969791764,23,-85,0.001869,51,2024-02-29 06:20:20.000672,842,1.037,0.0011,"aoml_navis",1031.17243982376
"7901009",27,0,1,0.028035,1,0.005607,1,126.786927248382,1,4.84879452357005,844,1,7.01200008392334,34.9109992980957,0.0280349999666214,0,122.262199401855,-85.3076,23.0668,109.277940240012,63,63,63,63,61,63,0,8764,2.04575969791764,23,-85,0.001869,51,2024-02-29 06:20:20.000672,844,1.037,0.0011,"aoml_navis",1031.18413776763
"7901009",27,0,1,0.028035,1,0.005607,1,126.887105778545,1,4.84874770401199,846,1,7.00600004196167,34.9109992980957,0.0280349999666214,0,122.35880279541,-85.3076,23.0668,109.277940240012,63,63,63,63,61,63,0,8764,2.04575969791764,23,-85,0.001869,51,2024-02-29 06:20:20.000672,846,1.037,0.0011,"aoml_navis",1031.19409489235
"7901009",27,0,1,0.033642,1,0.011214,1,127.131839823209,1,4.84870085906381,848,1,6.99499988555908,34.9099998474121,0.0336420014500618,0,122.594802856445,-85.3076,23.0668,109.277940240012,63,63,63,63,61,63,0,8764,2.04575969791764,23,-85,0.001869,51,2024-02-29 06:20:20.000672,848,1.037,0.0011,"aoml_navis",1031.20405760924
"7901009",27,0,1,0.029904,1,0.007476,1,127.387254725219,1,4.84864664522857,850,1,6.97900009155273,34.9099998474121,0.0299040004611015,0,122.841102600098,-85.3076,23.0668,109.277940240012,63,63,63,63,61,63,0,8764,2.04575969791764,23,-85,0.001869,51,2024-02-29 06:20:20.000672,850,1.037,0.0011,"aoml_navis",1031.21558773939
"7901009",27,0,1,0.026166,1,0.003738,1,127.596109000945,1,4.84859242028247,852,1,6.95800018310547,34.9090003967285,0.0261659994721413,0,123.042503356934,-85.3076,23.0668,109.277940240012,63,63,63,63,61,63,0,8764,2.04575969791764,23,-85,0.001869,51,2024-02-29 06:20:20.000672,852,1.037,0.0011,"aoml_navis",1031.22712049051
"7901009",27,0,1,0.026166,1,0.003738,1,127.709452676755,1,4.8485374889972,854,1,6.94099998474121,34.9090003967285,0.0261659994721413,0,123.151802062988,-85.3076,23.0668,109.277940240012,63,63,63,63,61,63,0,8764,2.04575969791764,23,-85,0.001869,51,2024-02-29 06:20:20.000672,854,1.037,0.0011,"aoml_navis",1031.23880373133
"7901009",27,0,1,0.028035,1,0.005607,1,127.663097755872,1,4.84848993099274,856,1,6.92899990081787,34.9080009460449,0.0280349999666214,0,123.10710144043,-85.3076,23.0668,109.277940240012,63,63,63,63,61,63,0,8764,2.04575969791764,23,-85,0.001869,51,2024-02-29 06:20:20.000672,856,1.037,0.0011,"aoml_navis",1031.24891897553
"7901009",27,0,1,0.029904,1,0.007476,1,127.682070123218,1,4.84843281693635,858,1,6.91400003433228,34.9090003967285,0.0299040004611015,0,123.125396728516,-85.3076,23.0668,109.277940240012,63,63,63,63,61,63,0,8764,2.04575969791764,23,-85,0.001869,51,2024-02-29 06:20:20.000672,858,1.037,0.0011,"aoml_navis",1031.26106698523
"7901009",27,0,1,0.029904,1,0.007476,1,127.78307938673,1,4.84837129142465,860,1,6.89300012588501,34.9099998474121,0.0299040004611015,0,123.222801208496,-85.3076,23.0668,109.277940240012,63,63,63,63,61,63,0,8764,2.04575969791764,23,-85,0.001869,51,2024-02-29 06:20:20.000672,860,1.037,0.0011,"aoml_navis",1031.27415362011
"7901009",27,0,1,0.028035,1,0.005607,1,127.980833482561,1,4.84830904609057,862,1,6.87099981307983,34.9109992980957,0.0280349999666214,0,123.413497924805,-85.3076,23.0668,109.277940240012,63,63,63,63,61,63,0,8764,2.04575969791764,23,-85,0.001869,51,2024-02-29 06:20:20.000672,862,1.037,0.0011,"aoml_navis",1031.28739370106
"7901009",27,0,1,0.028035,1,0.005607,1,128.218415308676,1,4.84825710737197,864,1,6.85799980163574,34.9109992980957,0.0280349999666214,0,123.642601013184,-85.3076,23.0668,109.277940240012,63,63,63,63,61,63,0,8764,2.04575969791764,23,-85,0.001869,51,2024-02-29 06:20:20.000672,864,1.037,0.0011,"aoml_navis",1031.29844174256
"7901009",27,0,1,0.028035,1,0.005607,1,128.537503943963,1,4.84819856497155,866,1,6.83599996566772,34.9109992980957,0.0280349999666214,0,123.950302124023,-85.3076,23.0668,109.277940240012,63,63,63,63,61,63,0,8764,2.04575969791764,23,-85,0.001869,51,2024-02-29 06:20:20.000672,866,1.037,0.0011,"aoml_navis",1031.31089475692
"7901009",27,0,1,0.026166,1,0.003738,1,128.636226712828,1,4.84814664884858,868,1,6.81799983978271,34.9099998474121,0.0261659994721413,0,124.045501708984,-85.3076,23.0668,109.277940240012,63,63,63,63,61,63,0,8764,2.04575969791764,23,-85,0.001869,51,2024-02-29 06:20:20.000672,868,1.037,0.0011,"aoml_navis",1031.3219384953
"7901009",27,0,1,0.031773,1,0.009345,1,128.677707998063,1,4.84810206714426,870,1,6.81500005722046,34.9099998474121,0.0317730009555817,0,124.085502624512,-85.3076,23.0668,109.277940240012,63,63,63,63,61,63,0,8764,2.04575969791764,23,-85,0.001869,51,2024-02-29 06:20:20.000672,870,1.037,0.0011,"aoml_navis",1031.33142222503
"7901009",27,0,1,0.031773,1,0.009345,1,128.798203892423,1,4.84805455323403,872,1,6.80800008773804,34.9099998474121,0.0317730009555817,0,124.201698303223,-85.3076,23.0668,109.277940240012,63,63,63,63,61,63,0,8764,2.04575969791764,23,-85,0.001869,51,2024-02-29 06:20:20.000672,872,1.037,0.0011,"aoml_navis",1031.34152990597
"7901009",27,0,1,0.026166,1,0.003738,1,128.869029844249,1,4.84800337601473,874,1,6.7960000038147,34.9099998474121,0.0261659994721413,0,124.269996643066,-85.3076,23.0668,109.277940240012,63,63,63,63,61,63,0,8764,2.04575969791764,23,-85,0.001869,51,2024-02-29 06:20:20.000672,874,1.037,0.0011,"aoml_navis",1031.35241710789
"7901009",27,0,1,0.029904,1,0.007476,1,129.093652230116,1,4.84794706407432,876,1,6.78200006484985,34.9109992980957,0.0299040004611015,0,124.486602783203,-85.3076,23.0668,109.277940240012,63,63,63,63,61,63,0,8764,2.04575969791764,23,-85,0.001869,51,2024-02-29 06:20:20.000672,876,1.037,0.0011,"aoml_navis",1031.36439691194
"7901009",27,0,1,0.029904,1,0.007476,1,129.619514351883,1,4.84790323369113,878,1,6.77500009536743,34.9099998474121,0.0299040004611015,0,124.993698120117,-85.3076,23.0668,109.277940240012,63,63,63,63,61,63,0,8764,2.04575969791764,23,-85,0.001869,51,2024-02-29 06:20:20.000672,878,1.037,0.0011,"aoml_navis",1031.3737215817
"7901009",27,0,1,0.029904,1,0.007476,1,130.5543821043,1,4.84784184737675,880,1,6.74399995803833,34.9090003967285,0.0299040004611015,0,125.895202636719,-85.3076,23.0668,109.277940240012,63,63,63,63,61,63,0,8764,2.04575969791764,23,-85,0.001869,51,2024-02-29 06:20:20.000672,880,1.037,0.0011,"aoml_navis",1031.38678146144
"7901009",27,0,1,0.029904,1,0.007476,1,131.533935399157,1,4.84776445860382,882,1,6.69099998474121,34.9080009460449,0.0299040004611015,0,126.839797973633,-85.3076,23.0668,109.277940240012,63,63,63,63,61,63,0,8764,2.04575969791764,23,-85,0.001869,51,2024-02-29 06:20:20.000672,882,1.037,0.0011,"aoml_navis",1031.40324632027
"7901009",27,0,1,0.033642,1,0.011214,1,132.193062973622,1,4.84770686752371,884,1,6.65999984741211,34.9059982299805,0.0336420014500618,0,127.475402832031,-85.3076,23.0668,109.277940240012,63,63,63,63,61,63,0,8764,2.04575969791764,23,-85,0.001869,51,2024-02-29 06:20:20.000672,884,1.037,0.0011,"aoml_navis",1031.41549945945
"7901009",27,0,1,0.029904,1,0.007476,1,132.837870287496,1,4.84765361327355,886,1,6.6399998664856,34.9049987792969,0.0299040004611015,0,128.097198486328,-85.3076,23.0668,109.277940240012,63,63,63,63,61,63,0,8764,2.04575969791764,23,-85,0.001869,51,2024-02-29 06:20:20.000672,886,1.037,0.0011,"aoml_navis",1031.42683014919
"7901009",27,0,1,0.028035,1,0.005607,1,133.184642122676,1,4.84759457022307,888,1,6.61199998855591,34.9039993286133,0.0280349999666214,0,128.431594848633,-85.3076,23.0668,109.277940240012,63,63,63,63,61,63,0,8764,2.04575969791764,23,-85,0.001869,51,2024-02-29 06:20:20.000672,888,1.037,0.0011,"aoml_navis",1031.43939278938
"7901009",27,0,1,0.028035,1,0.005607,1,133.318730396977,1,4.8475493237516,890,1,6.60300016403198,34.9029998779297,0.0280349999666214,0,128.560897827148,-85.3076,23.0668,109.277940240012,63,63,63,63,61,63,0,8764,2.04575969791764,23,-85,0.001869,51,2024-02-29 06:20:20.000672,890,1.037,0.0011,"aoml_navis",1031.44902012682
"7901009",27,0,1,0.031773,1,0.009345,1,133.407389424698,1,4.84750402867498,892,1,6.59899997711182,34.9029998779297,0.0317730009555817,0,128.646392822266,-85.3076,23.0668,109.277940240012,63,63,63,63,61,63,0,8764,2.04575969791764,23,-85,0.001869,51,2024-02-29 06:20:20.000672,892,1.037,0.0011,"aoml_navis",1031.45865798624
"7901009",27,0,1,0.028035,1,0.005607,1,133.550196443292,1,4.84746091072487,894,1,6.59800004959106,34.9029998779297,0.0280349999666214,0,128.784103393555,-85.3076,23.0668,109.277940240012,63,63,63,63,61,63,0,8764,2.04575969791764,23,-85,0.001869,51,2024-02-29 06:20:20.000672,894,1.037,0.0011,"aoml_navis",1031.46783276532
"7901009",27,0,1,0.028035,1,0.005607,1,133.831949548344,1,4.84741271936755,896,1,6.59000015258789,34.9029998779297,0.0280349999666214,0,129.055801391602,-85.3076,23.0668,109.277940240012,63,63,63,63,61,63,0,8764,2.04575969791764,23,-85,0.001869,51,2024-02-29 06:20:20.000672,896,1.037,0.0011,"aoml_navis",1031.47808727381
"7901009",27,0,1,0.029904,1,0.007476,1,134.138482242439,1,4.84736675645827,898,1,6.57999992370605,34.9020004272461,0.0299040004611015,0,129.35139465332,-85.3076,23.0668,109.277940240012,63,63,63,63,61,63,0,8764,2.04575969791764,23,-85,0.001869,51,2024-02-29 06:20:20.000672,898,1.037,0.0011,"aoml_navis",1031.48786778685
"7901009",27,0,1,0.028035,1,0.005607,1,134.741816182825,1,4.84731066214516,900,1,6.55600023269653,34.9010009765625,0.0280349999666214,0,129.933197021484,-85.3076,23.0668,109.277940240012,63,63,63,63,61,63,0,8764,2.04575969791764,23,-85,0.001869,51,2024-02-29 06:20:20.000672,900,1.037,0.0011,"aoml_navis",1031.49980442707
"7901009",27,0,1,0.031773,1,0.009345,1,134.987792371639,1,4.84724368975361,902,1,6.52199983596802,34.9010009765625,0.0317730009555817,0,130.170394897461,-85.3076,23.0668,109.277940240012,63,63,63,63,61,63,0,8764,2.04575969791764,23,-85,0.001869,51,2024-02-29 06:20:20.000672,902,1.037,0.0011,"aoml_navis",1031.51405623969
"7901009",27,0,1,0.028035,1,0.005607,1,135.200175286162,1,4.84719039838681,904,1,6.51200008392334,34.9020004272461,0.0280349999666214,0,130.375198364258,-85.3076,23.0668,109.277940240012,63,63,63,63,61,63,0,8764,2.04575969791764,23,-85,0.001869,51,2024-02-29 06:20:20.000672,904,1.037,0.0011,"aoml_navis",1031.5253969937
"7901009",27,0,1,0.028035,1,0.005607,1,135.85069488078,1,4.84713213092961,906,1,6.48999977111816,34.9020004272461,0.0280349999666214,0,131.002502441406,-85.3076,23.0668,109.277940240012,63,63,63,63,61,63,0,8764,2.04575969791764,23,-85,0.001869,51,2024-02-29 06:20:20.000672,906,1.037,0.0011,"aoml_navis",1031.53779697792
"7901009",27,0,1,0.028035,1,0.005607,1,136.125707178084,1,4.84707323805583,908,1,6.46199989318848,34.9010009765625,0.0280349999666214,0,131.267700195312,-85.3076,23.0668,109.277940240012,63,63,63,63,61,63,0,8764,2.04575969791764,23,-85,0.001869,51,2024-02-29 06:20:20.000672,908,1.037,0.0011,"aoml_navis",1031.55033036091
"7901009",27,0,1,0.028035,1,0.005607,1,136.182117928366,1,4.84701708875245,910,1,6.44799995422363,34.9020004272461,0.0280349999666214,0,131.32209777832,-85.3076,23.0668,109.277940240012,63,63,63,63,61,63,0,8764,2.04575969791764,23,-85,0.001869,51,2024-02-29 06:20:20.000672,910,1.037,0.0011,"aoml_navis",1031.56228015011
"7901009",27,0,1,0.028035,1,0.005607,1,136.36473685375,1,4.84696022753859,912,1,6.43300008773804,34.9029998779297,0.0280349999666214,0,131.498199462891,-85.3076,23.0668,109.277940240012,63,63,63,63,61,63,0,8764,2.04575969791764,23,-85,0.001869,51,2024-02-29 06:20:20.000672,912,1.037,0.0011,"aoml_navis",1031.57438173144
"7901009",27,0,1,0.029904,1,0.007476,1,136.318595550014,1,4.84691647303326,914,1,6.42600011825562,34.9020004272461,0.0299040004611015,0,131.453704833984,-85.3076,23.0668,109.277940240012,63,63,63,63,61,63,0,8764,2.04575969791764,23,-85,0.001869,51,2024-02-29 06:20:20.000672,914,1.037,0.0011,"aoml_navis",1031.58369404929
"7901009",27,0,1,0.033642,1,0.011214,1,136.266741965534,1,4.84687551256949,916,1,6.42799997329712,34.9020004272461,0.0336420014500618,0,131.403701782227,-85.3076,23.0668,109.277940240012,63,63,63,63,61,63,0,8764,2.04575969791764,23,-85,0.001869,51,2024-02-29 06:20:20.000672,916,1.037,0.0011,"aoml_navis",1031.59241186067
"7901009",27,0,1,0.028035,1,0.005607,1,136.367648376346,1,4.84682880398021,918,1,6.42199993133545,34.9020004272461,0.0280349999666214,0,131.501007080078,-85.3076,23.0668,109.277940240012,63,63,63,63,61,63,0,8764,2.04575969791764,23,-85,0.001869,51,2024-02-29 06:20:20.000672,918,1.037,0.0011,"aoml_navis",1031.60235325292
"7901009",27,0,1,0.028035,1,0.005607,1,136.825691009836,1,4.84677563157032,920,1,6.40700006484985,34.9020004272461,0.0280349999666214,0,131.94270324707,-85.3076,23.0668,109.277940240012,63,63,63,63,61,63,0,8764,2.04575969791764,23,-85,0.001869,51,2024-02-29 06:20:20.000672,920,1.037,0.0011,"aoml_navis",1031.61367062911
"7901009",27,0,1,0.029904,1,0.007476,1,137.334748582711,1,4.84671170718413,922,1,6.3769998550415,34.9020004272461,0.0299040004611015,0,132.43359375,-85.3076,23.0668,109.277940240012,63,63,63,63,61,63,0,8764,2.04575969791764,23,-85,0.001869,51,2024-02-29 06:20:20.000672,922,1.037,0.0011,"aoml_navis",1031.62727681712
"7901009",27,0,1,0.031773,1,0.009345,1,137.600440843012,1,4.84665211324655,924,1,6.35300016403198,34.9020004272461,0.0317730009555817,0,132.689804077148,-85.3076,23.0668,109.277940240012,63,63,63,63,61,63,0,8764,2.04575969791764,23,-85,0.001869,51,2024-02-29 06:20:20.000672,924,1.037,0.0011,"aoml_navis",1031.63996160037
"7901009",27,0,1,0.026166,1,0.003738,1,137.765638103303,1,4.84659744783732,926,1,6.34100008010864,34.9029998779297,0.0261659994721413,0,132.849105834961,-85.3076,23.0668,109.277940240012,63,63,63,63,61,63,0,8764,2.04575969791764,23,-85,0.001869,51,2024-02-29 06:20:20.000672,926,1.037,0.0011,"aoml_navis",1031.651597603
"7901009",27,0,1,0.031773,1,0.009345,1,137.956137127885,1,4.8465457482949,928,1,6.32800006866455,34.9029998779297,0.0317730009555817,0,133.032806396484,-85.3076,23.0668,109.277940240012,63,63,63,63,61,63,0,8764,2.04575969791764,23,-85,0.001869,51,2024-02-29 06:20:20.000672,928,1.037,0.0011,"aoml_navis",1031.66260253689
"7901009",27,0,1,0.029904,1,0.007476,1,138.075588671749,1,4.84650048847906,930,1,6.32399988174438,34.9029998779297,0.0299040004611015,0,133.147994995117,-85.3076,23.0668,109.277940240012,63,63,63,63,61,63,0,8764,2.04575969791764,23,-85,0.001869,51,2024-02-29 06:20:20.000672,930,1.037,0.0011,"aoml_navis",1031.67223688223
"7901009",27,0,1,0.033642,1,0.011214,1,138.267859927476,1,4.84646033671112,932,1,6.32200002670288,34.9020004272461,0.0336420014500618,0,133.333404541016,-85.3076,23.0668,109.277940240012,63,63,63,63,61,63,0,8764,2.04575969791764,23,-85,0.001869,51,2024-02-29 06:20:20.000672,932,1.037,0.0011,"aoml_navis",1031.68078404064
"7901009",27,0,1,0.031773,1,0.009345,1,138.616815404602,1,4.8464143652536,934,1,6.31699991226196,34.9020004272461,0.0317730009555817,0,133.669906616211,-85.3076,23.0668,109.277940240012,63,63,63,63,61,63,0,8764,2.04575969791764,23,-85,0.001869,51,2024-02-29 06:20:20.000672,934,1.037,0.0011,"aoml_navis",1031.69057021775
"7901009",27,0,1,0.026166,1,0.003738,1,139.222633633289,1,4.84635053419374,936,1,6.28700017929077,34.9020004272461,0.0261659994721413,0,134.254104614258,-85.3076,23.0668,109.277940240012,63,63,63,63,61,63,0,8764,2.04575969791764,23,-85,0.001869,51,2024-02-29 06:20:20.000672,936,1.037,0.0011,"aoml_navis",1031.70415856678
"7901009",27,0,1,0.031773,1,0.009345,1,139.621464758349,1,4.84628520023444,938,1,6.26000022888184,34.9029998779297,0.0317730009555817,0,134.638702392578,-85.3076,23.0668,109.277940240012,63,63,63,63,61,63,0,8764,2.04575969791764,23,-85,0.001869,51,2024-02-29 06:20:20.000672,938,1.037,0.0011,"aoml_navis",1031.71806722356
"7901009",27,0,1,0.031773,1,0.009345,1,139.874593165712,1,4.84622214677389,940,1,6.23099994659424,34.9029998779297,0.0317730009555817,0,134.882797241211,-85.3076,23.0668,109.277940240012,63,63,63,63,61,63,0,8764,2.04575969791764,23,-85,0.001869,51,2024-02-29 06:20:20.000672,940,1.037,0.0011,"aoml_navis",1031.73149075068
"7901009",27,0,1,0.033642,1,0.011214,1,140.04839840585,1,4.84617191883416,942,1,6.21999979019165,34.9029998779297,0.0336420014500618,0,135.050399780273,-85.3076,23.0668,109.277940240012,63,63,63,63,61,63,0,8764,2.04575969791764,23,-85,0.001869,51,2024-02-29 06:20:20.000672,942,1.037,0.0011,"aoml_navis",1031.7421840872
"7901009",27,0,1,0.026166,1,0.003738,1,140.174812286354,1,4.84612596119157,944,1,6.21500015258789,34.9029998779297,0.0261659994721413,0,135.172302246094,-85.3076,23.0668,109.277940240012,63,63,63,63,61,63,0,8764,2.04575969791764,23,-85,0.001869,51,2024-02-29 06:20:20.000672,944,1.037,0.0011,"aoml_navis",1031.75196848796
"7901009",27,0,1,0.028035,1,0.005607,1,140.36333337439,1,4.84606993181627,946,1,6.20100021362305,34.9039993286133,0.0280349999666214,0,135.354095458984,-85.3076,23.0668,109.277940240012,63,63,63,63,61,63,0,8764,2.04575969791764,23,-85,0.001869,51,2024-02-29 06:20:20.000672,946,1.037,0.0011,"aoml_navis",1031.76389741574
"7901009",27,0,1,0.028035,1,0.005607,1,140.455014689153,1,4.84602042585698,948,1,6.19099998474121,34.9039993286133,0.0280349999666214,0,135.442504882812,-85.3076,23.0668,109.277940240012,63,63,63,63,61,63,0,8764,2.04575969791764,23,-85,0.001869,51,2024-02-29 06:20:20.000672,948,1.037,0.0011,"aoml_navis",1031.77443770592
"7901009",27,0,1,0.031773,1,0.009345,1,140.520128360235,1,4.84597802618496,950,1,6.19099998474121,34.9039993286133,0.0317730009555817,0,135.505294799805,-85.3076,23.0668,109.277940240012,63,63,63,63,61,63,0,8764,2.04575969791764,23,-85,0.001869,51,2024-02-29 06:20:20.000672,950,1.037,0.0011,"aoml_navis",1031.78346517107
"7901009",27,0,1,0.028035,1,0.005607,1,140.665514608085,1,4.84593136575935,952,1,6.18499994277954,34.9039993286133,0.0280349999666214,0,135.645492553711,-85.3076,23.0668,109.277940240012,63,63,63,63,61,63,0,8764,2.04575969791764,23,-85,0.001869,51,2024-02-29 06:20:20.000672,952,1.037,0.0011,"aoml_navis",1031.79339999103
"7901009",27,0,1,0.026166,1,0.003738,1,140.796596418837,1,4.84588115640507,954,1,6.17399978637695,34.9039993286133,0.0261659994721413,0,135.771896362305,-85.3076,23.0668,109.277940240012,63,63,63,63,61,63,0,8764,2.04575969791764,23,-85,0.001869,51,2024-02-29 06:20:20.000672,954,1.037,0.0011,"aoml_navis",1031.80409065361
"7901009",27,0,1,0.024297,1,0.001869,1,140.967078725578,1,4.84583734077985,956,1,6.17199993133545,34.9039993286133,0.0242970008403063,0,135.936294555664,-85.3076,23.0668,109.277940240012,63,63,63,63,61,63,0,8764,2.04575969791764,23,-85,0.001869,51,2024-02-29 06:20:20.000672,956,1.037,0.0011,"aoml_navis",1031.81342013336
"7901009",27,0,1,0.031773,1,0.009345,1,141.211409271186,1,4.845785590984,958,1,6.16400003433228,34.9049987792969,0.0317730009555817,0,136.171905517578,-85.3076,23.0668,109.277940240012,63,63,63,63,61,63,0,8764,2.04575969791764,23,-85,0.001869,51,2024-02-29 06:20:20.000672,958,1.037,0.0011,"aoml_navis",1031.82443922053
"7901009",27,0,1,0.026166,1,0.003738,1,141.462354036603,1,4.84573539022347,960,1,6.15299987792969,34.9049987792969,0.0261659994721413,0,136.41389465332,-85.3076,23.0668,109.277940240012,63,63,63,63,61,63,0,8764,2.04575969791764,23,-85,0.001869,51,2024-02-29 06:20:20.000672,960,1.037,0.0011,"aoml_navis",1031.83512869641
"7901009",27,0,1,0.026166,1,0.003738,1,141.658565341929,1,4.84569383546023,962,1,6.14900016784668,34.9039993286133,0.0261659994721413,0,136.603103637695,-85.3076,23.0668,109.277940240012,63,63,63,63,61,63,0,8764,2.04575969791764,23,-85,0.001869,51,2024-02-29 06:20:20.000672,962,1.037,0.0011,"aoml_navis",1031.84397730838
"7901009",27,0,1,0.024297,1,0.001869,1,141.970604611367,1,4.84563783792479,964,1,6.13500022888184,34.9049987792969,0.0242970008403063,0,136.904006958008,-85.3076,23.0668,109.277940240012,63,63,63,63,61,63,0,8764,2.04575969791764,23,-85,0.001869,51,2024-02-29 06:20:20.000672,964,1.037,0.0011,"aoml_navis",1031.8559015837
"7901009",27,0,1,0.033642,1,0.011214,1,142.297881903953,1,4.84558127155192,966,1,6.11499977111816,34.9049987792969,0.0336420014500618,0,137.219604492188,-85.3076,23.0668,109.277940240012,63,63,63,63,61,63,0,8764,2.04575969791764,23,-85,0.001869,51,2024-02-29 06:20:20.000672,966,1.037,0.0011,"aoml_navis",1031.86794726871
"7901009",27,0,1,0.033642,1,0.011214,1,142.537940106623,1,4.84552967415511,968,1,6.10200023651123,34.9049987792969,0.0336420014500618,0,137.451095581055,-85.3076,23.0668,109.277940240012,63,63,63,63,61,63,0,8764,2.04575969791764,23,-85,0.001869,51,2024-02-29 06:20:20.000672,968,1.037,0.0011,"aoml_navis",1031.87893506644
"7901009",27,0,1,0.029904,1,0.007476,1,142.740053574601,1,4.84547949707969,970,1,6.09100008010864,34.9049987792969,0.0299040004611015,0,137.64599609375,-85.3076,23.0668,109.277940240012,63,63,63,63,61,63,0,8764,2.04575969791764,23,-85,0.001869,51,2024-02-29 06:20:20.000672,970,1.037,0.0011,"aoml_navis",1031.88962062752
"7901009",27,0,1,0.031773,1,0.009345,1,142.936881996129,1,4.84543003138534,972,1,6.08099985122681,34.9049987792969,0.0317730009555817,0,137.835800170898,-85.3076,23.0668,109.277940240012,63,63,63,63,61,63,0,8764,2.04575969791764,23,-85,0.001869,51,2024-02-29 06:20:20.000672,972,1.037,0.0011,"aoml_navis",1031.90015491163
"7901009",27,0,1,0.031773,1,0.009345,1,143.192921926088,1,4.84538269042828,974,1,6.07399988174438,34.9049987792969,0.0317730009555817,0,138.082702636719,-85.3076,23.0668,109.277940240012,63,63,63,63,61,63,0,8764,2.04575969791764,23,-85,0.001869,51,2024-02-29 06:20:20.000672,974,1.037,0.0011,"aoml_navis",1031.91023691011
"7901009",27,0,1,0.031773,1,0.009345,1,143.559299068307,1,4.84533393809786,976,1,6.06500005722046,34.9049987792969,0.0317730009555817,0,138.436004638672,-85.3076,23.0668,109.277940240012,63,63,63,63,61,63,0,8764,2.04575969791764,23,-85,0.001869,51,2024-02-29 06:20:20.000672,976,1.037,0.0011,"aoml_navis",1031.92061968857
"7901009",27,0,1,0.029904,1,0.007476,1,143.901197267838,1,4.84527953764783,978,1,6.0479998588562,34.9049987792969,0.0299040004611015,0,138.765701293945,-85.3076,23.0668,109.277940240012,63,63,63,63,61,63,0,8764,2.04575969791764,23,-85,0.001869,51,2024-02-29 06:20:20.000672,978,1.037,0.0011,"aoml_navis",1031.93220559309
"7901009",27,0,1,0.028035,1,0.005607,1,149.017802641529,1,4.84470499129869,999.099975585938,1,5.88789987564087,34.9090003967285,0.0280349999666214,0,143.69970703125,-85.3076,23.0668,109.277940240012,63,63,63,63,61,63,0,8764,2.04575969791764,23,-85,0.001869,51,2024-02-29 06:20:20.000672,999.099975585938,1.037,0.0011,"aoml_navis",1032.05458515642
"7901009",27,0,1,0.029904,1,0.007476,1,156.770158785445,1,4.84342688247116,1049.09997558594,1,5.60580015182495,34.9150009155273,0.0299040004611015,0,151.175399780273,-85.3076,23.0668,109.277940240012,63,63,63,63,61,63,0,8764,2.04575969791764,23,-85,0.001869,51,2024-02-29 06:20:20.000672,1049.09997558594,1.037,0.0011,"aoml_navis",1032.32692912027
"7901009",27,0,1,0.031773,1,0.009345,1,165.377743044706,1,4.84210821593405,1099.90002441406,1,5.30660009384155,34.9249992370605,0.0317730009555817,0,159.475799560547,-85.3076,23.0668,109.277940240012,63,63,63,63,61,63,0,8764,2.04575969791764,23,-85,0.001869,51,2024-02-29 06:20:20.000672,1099.90002441406,1.037,0.0011,"aoml_navis",1032.6080659549
"7901009",27,0,1,0.031773,1,0.009345,1,172.696851967668,1,4.84086049229559,1148.80004882812,1,5.04300022125244,34.9339981079102,0.0317730009555817,0,166.533706665039,-85.3076,23.0668,109.277940240012,63,63,63,63,61,63,0,8764,2.04575969791764,23,-85,0.001869,51,2024-02-29 06:20:20.000672,1148.80004882812,1.037,0.0011,"aoml_navis",1032.87421894469
"7901009",27,0,1,0.028035,1,0.005607,1,177.814580809316,1,4.83966844199128,1199.59997558594,1,4.89729976654053,34.9389991760254,0.0280349999666214,0,171.468795776367,-85.3076,23.0668,109.277940240012,63,63,63,63,61,63,0,8764,2.04575969791764,23,-85,0.001869,51,2024-02-29 06:20:20.000672,1199.59997558594,1.037,0.0011,"aoml_navis",1033.12862439452
"7901009",27,0,1,0.029904,1,0.007476,1,183.49904385351,1,4.83851850092797,1248.59997558594,1,4.7613000869751,34.9449996948242,0.0299040004611015,0,176.950393676758,-85.3076,23.0668,109.277940240012,63,63,63,63,61,63,0,8764,2.04575969791764,23,-85,0.001869,51,2024-02-29 06:20:20.000672,1248.59997558594,1.037,0.0011,"aoml_navis",1033.37416174828
"7901009",27,0,1,0.026166,1,0.003738,1,189.149296507211,1,4.83733990079601,1299.30004882812,1,4.63450002670288,34.951000213623,0.0261659994721413,0,182.399002075195,-85.3076,23.0668,109.277940240012,63,63,63,63,61,63,0,8764,2.04575969791764,23,-85,0.001869,51,2024-02-29 06:20:20.000672,1299.30004882812,1.037,0.0011,"aoml_navis",1033.62593957419
"7901009",27,0,1,0.028035,1,0.005607,1,195.92075435942,1,4.83615563829272,1349,1,4.4657998085022,34.9570007324219,0.0280349999666214,0,188.928802490234,-85.3076,23.0668,109.277940240012,63,63,63,63,61,63,0,8764,2.04575969791764,23,-85,0.001869,51,2024-02-29 06:20:20.000672,1349,1.037,0.0011,"aoml_navis",1033.87905062649
"7901009",27,0,1,0.028035,1,0.005607,1,198.802702847353,1,4.83503948733487,1399.09997558594,1,4.39379978179932,34.9599990844727,0.0280349999666214,0,191.707901000977,-85.3076,23.0668,109.277940240012,63,63,63,63,61,63,0,8764,2.04575969791764,23,-85,0.001869,51,2024-02-29 06:20:20.000672,1399.09997558594,1.037,0.0011,"aoml_navis",1034.11771777609
"7901009",27,0,1,0.028035,1,0.005607,1,200.073250166802,1,4.83393292474577,1449.90002441406,1,4.35650014877319,34.9630012512207,0.0280349999666214,0,192.93310546875,-85.3076,23.0668,109.277940240012,63,63,63,63,61,63,0,8764,2.04575969791764,23,-85,0.001869,51,2024-02-29 06:20:20.000672,1449.90002441406,1.037,0.0011,"aoml_navis",1034.35444343965
"7901009",27,0,1,0.022428,1,0,1,200.865833075874,1,4.83286899415929,1499.69995117188,1,4.33839988708496,34.9640007019043,0.0224280003458261,0,193.697402954102,-85.3076,23.0668,109.277940240012,63,63,63,63,61,63,0,8764,2.04575969791764,23,-85,0.001869,51,2024-02-29 06:20:20.000672,1499.69995117188,1.037,0.0011,"aoml_navis",1034.5821511079
"7901009",27,0,1,0.028035,1,0.005607,1,201.670030428341,1,4.83181452721644,1549.30004882812,1,4.32600021362305,34.9650001525879,0.0280349999666214,0,194.472900390625,-85.3076,23.0668,109.277940240012,63,63,63,63,61,63,0,8764,2.04575969791764,23,-85,0.001869,51,2024-02-29 06:20:20.000672,1549.30004882812,1.037,0.0011,"aoml_navis",1034.80793226565
"7901009",27,0,1,0.024297,1,0.001869,1,202.113768624733,1,4.83075224430793,1599.59997558594,1,4.3161997795105,34.9650001525879,0.0242970008403063,0,194.900802612305,-85.3076,23.0668,109.277940240012,63,63,63,63,61,63,0,8764,2.04575969791764,23,-85,0.001869,51,2024-02-29 06:20:20.000672,1599.59997558594,1.037,0.0011,"aoml_navis",1035.03548663492
"7901009",27,0,1,0.033642,1,0.011214,1,202.493722323402,1,4.8296927665096,1650.09997558594,1,4.31440019607544,34.9650001525879,0.0336420014500618,0,195.267196655273,-85.3076,23.0668,109.277940240012,63,63,63,63,61,63,0,8764,2.04575969791764,23,-85,0.001869,51,2024-02-29 06:20:20.000672,1650.09997558594,1.037,0.0011,"aoml_navis",1035.26253981855
"7901009",27,0,1,0.031773,1,0.009345,1,202.899721490504,1,4.82865269118393,1699.5,1,4.31040000915527,34.9659996032715,0.0317730009555817,0,195.658706665039,-85.3076,23.0668,109.277940240012,63,63,63,63,61,63,0,8764,2.04575969791764,23,-85,0.001869,51,2024-02-29 06:20:20.000672,1699.5,1.037,0.0011,"aoml_navis",1035.48553183974
"7901009",27,0,1,0.024297,1,0.001869,1,203.451091081963,1,4.82761329934599,1749.19995117188,1,4.30900001525879,34.9659996032715,0.0242970008403063,0,196.190399169922,-85.3076,23.0668,109.277940240012,63,63,63,63,61,63,0,8764,2.04575969791764,23,-85,0.001869,51,2024-02-29 06:20:20.000672,1749.19995117188,1.037,0.0011,"aoml_navis",1035.70847331069
"7901009",27,0,1,0.029904,1,0.007476,1,203.844431455172,1,4.8265615135634,1799.5,1,4.3056001663208,34.9659996032715,0.0299040004611015,0,196.569702148438,-85.3076,23.0668,109.277940240012,63,63,63,63,61,63,0,8764,2.04575969791764,23,-85,0.001869,51,2024-02-29 06:20:20.000672,1799.5,1.037,0.0011,"aoml_navis",1035.93417093084
"7901009",27,0,1,0.026166,1,0.003738,1,204.011495887562,1,4.82552373022334,1849.19995117188,1,4.30730009078979,34.9669990539551,0.0261659994721413,0,196.730804443359,-85.3076,23.0668,109.277940240012,63,63,63,63,61,63,0,8764,2.04575969791764,23,-85,0.001869,51,2024-02-29 06:20:20.000672,1849.19995117188,1.037,0.0011,"aoml_navis",1036.15696026607
"7901009",27,0,1,0.031773,1,0.009345,1,204.182801015906,1,4.82449693899175,1898.59997558594,1,4.30840015411377,34.9669990539551,0.0317730009555817,0,196.89599609375,-85.3076,23.0668,109.277940240012,63,63,63,63,61,63,0,8764,2.04575969791764,23,-85,0.001869,51,2024-02-29 06:20:20.000672,1898.59997558594,1.037,0.0011,"aoml_navis",1036.37748416624
"7901009",27,0,1,0.029904,1,0.007476,1,203.725280557664,1,4.82343073176611,1950,1,4.31029987335205,34.9669990539551,0.0299040004611015,0,196.454803466797,-85.3076,23.0668,109.277940240012,63,63,63,63,61,63,0,8764,2.04575969791764,23,-85,0.001869,51,2024-02-29 06:20:20.000672,1950,1.037,0.0011,"aoml_navis",1036.60657280119
"7901009",28,0.0411118666995002,5,0.063546,1,0.041118,1,197.42146797172,1,4.88432477645308,2.09999990463257,1,26.7810001373291,36.1759986877441,0.0635460019111633,0.0822359994053841,190.375900268555,-85.2712,23.0532,55.6397345479109,63,63,63,63,61,63,0.084105,8764,2.04575969791764,23,-85,0.001869,51,2024-03-10 12:50:34.00136,2.09999990463257,1.037,0.0011,"aoml_navis",1023.68295083582
"7901009",28,0.0411118666995002,5,0.071022,1,0.048594,1,197.372320189231,1,4.88429045358998,4,1,26.7840003967285,36.1759986877441,0.0710219964385033,0.0822359994053841,190.328506469727,-85.2712,23.0532,55.6397345479109,63,63,63,63,61,63,0.084105,8764,2.04575969791764,23,-85,0.001869,51,2024-03-10 12:50:34.00136,4,1.037,0.0011,"aoml_navis",1023.69014445588
"7901009",28,0.0411118666995002,5,0.071022,1,0.048594,1,197.384029577203,1,4.88424799456953,6,1,26.7830009460449,36.1759986877441,0.0710219964385033,0.0822359994053841,190.339797973633,-85.2712,23.0532,55.6397345479109,63,63,63,63,61,63,0.084105,8764,2.04575969791764,23,-85,0.001869,51,2024-03-10 12:50:34.00136,6,1.037,0.0011,"aoml_navis",1023.69904344726
"7901009",28,0.0411118666995002,5,0.078498,1,0.05607,1,197.313725778879,1,4.88420650946748,8,1,26.7849998474121,36.1769981384277,0.0784979984164238,0.0822359994053841,190.272003173828,-85.2712,23.0532,55.6397345479109,63,63,63,63,61,63,0.084105,8764,2.04575969791764,23,-85,0.001869,51,2024-03-10 12:50:34.00136,8,1.037,0.0011,"aoml_navis",1023.70773846439
"7901009",28,0.0411118666995002,5,0.07476,1,0.052332,1,197.356132751535,1,4.88416557757163,10,1,26.7849998474121,36.1769981384277,0.0747599974274635,0.0822359994053841,190.312896728516,-85.2712,23.0532,55.6397345479109,63,63,63,63,61,63,0.084105,8764,2.04575969791764,23,-85,0.001869,51,2024-03-10 12:50:34.00136,10,1.037,0.0011,"aoml_navis",1023.71631767774
"7901009",28,0.0411118666995002,5,0.076629,1,0.054201,1,197.33704961384,1,4.88412617053476,12,1,26.7859992980957,36.1769981384277,0.0766289979219437,0.0822359994053841,190.294494628906,-85.2712,23.0532,55.6397345479109,63,63,63,63,61,63,0.084105,8764,2.04575969791764,23,-85,0.001869,51,2024-03-10 12:50:34.00136,12,1.037,0.0011,"aoml_navis",1023.72457742068
"7901009",28,0.0411118666995002,5,0.072891,1,0.050463,1,197.310402844455,1,4.88408579327152,14,1,26.7840003967285,36.1759986877441,0.0728909969329834,0.0822359994053841,190.268798828125,-85.2712,23.0532,55.6397345479109,63,63,63,63,61,63,0.084105,8764,2.04575969791764,23,-85,0.001869,51,2024-03-10 12:50:34.00136,14,1.037,0.0011,"aoml_navis",1023.73304066201
"7901009",28,0.0411118666995002,5,0.076629,1,0.054201,1,197.306051382708,1,4.88404584416716,16,1,26.7870006561279,36.1769981384277,0.0766289979219437,0.0822359994053841,190.264602661133,-85.2712,23.0532,55.6397345479109,63,63,63,63,61,63,0.084105,8764,2.04575969791764,23,-85,0.001869,51,2024-03-10 12:50:34.00136,16,1.037,0.0011,"aoml_navis",1023.74141429719
"7901009",28,0.0411118666995002,5,0.076629,1,0.054201,1,197.331242390345,1,4.88400644453581,18,1,26.7880001068115,36.1769981384277,0.0766289979219437,0.0822359994053841,190.28889465332,-85.2712,23.0532,55.6397345479109,63,63,63,63,61,63,0.084105,8764,2.04575969791764,23,-85,0.001869,51,2024-03-10 12:50:34.00136,18,1.037,0.0011,"aoml_navis",1023.74967289283
"7901009",28,0.0411118666995002,5,0.080367,1,0.057939,1,197.335609675589,1,4.88396911918714,20,1,26.7880001068115,36.1759986877441,0.0803669989109039,0.0822359994053841,190.293106079102,-85.2712,23.0532,55.6397345479109,63,63,63,63,61,63,0.084105,8764,2.04575969791764,23,-85,0.001869,51,2024-03-10 12:50:34.00136,20,1.037,0.0011,"aoml_navis",1023.75749681893
"7901009",28,0.0411118666995002,5,0.138306,1,0.115878,1,197.334676089251,1,4.88392460691394,22,1,26.7880001068115,36.1769981384277,0.138306006789207,0.0822359994053841,190.292205810547,-85.2712,23.0532,55.6397345479109,63,63,63,63,61,63,0.084105,8764,2.04575969791764,23,-85,0.001869,51,2024-03-10 12:50:34.00136,22,1.037,0.0011,"aoml_navis",1023.7668273834
"7901009",28,0.0411118666995002,5,0.07476,1,0.052332,1,197.268090812782,1,4.88388521459125,24,1,26.7889995574951,36.1769981384277,0.0747599974274635,0.0822359994053841,190.227996826172,-85.2712,23.0532,55.6397345479109,63,63,63,63,61,63,0.084105,8764,2.04575969791764,23,-85,0.001869,51,2024-03-10 12:50:34.00136,24,1.037,0.0011,"aoml_navis",1023.775084857
"7901009",28,0.0411118666995002,5,0.080367,1,0.057939,1,197.332381682148,1,4.88384430170477,26,1,26.7889995574951,36.1769981384277,0.0803669989109039,0.0822359994053841,190.289993286133,-85.2712,23.0532,55.6397345479109,63,63,63,63,61,63,0.084105,8764,2.04575969791764,23,-85,0.001869,51,2024-03-10 12:50:34.00136,26,1.037,0.0011,"aoml_navis",1023.78366121432
"7901009",28,0.0411118666995002,5,0.078498,1,0.05607,1,197.264562172894,1,4.88380339116457,28,1,26.7889995574951,36.1769981384277,0.0784979984164238,0.0822359994053841,190.224594116211,-85.2712,23.0532,55.6397345479109,63,63,63,63,61,63,0.084105,8764,2.04575969791764,23,-85,0.001869,51,2024-03-10 12:50:34.00136,28,1.037,0.0011,"aoml_navis",1023.79223722348
"7901009",28,0.0411118666995002,5,0.080367,1,0.057939,1,197.287585361406,1,4.88376760313511,30,1,26.7900009155273,36.1759986877441,0.0803669989109039,0.0822359994053841,190.246795654297,-85.2712,23.0532,55.6397345479109,63,63,63,63,61,63,0.084105,8764,2.04575969791764,23,-85,0.001869,51,2024-03-10 12:50:34.00136,30,1.037,0.0011,"aoml_navis",1023.79973952697
"7901009",28,0.0411118666995002,5,0.080367,1,0.057939,1,197.290180414957,1,4.88372310326492,32,1,26.7900009155273,36.1769981384277,0.0803669989109039,0.0822359994053841,190.249298095703,-85.2712,23.0532,55.6397345479109,63,63,63,63,61,63,0.084105,8764,2.04575969791764,23,-85,0.001869,51,2024-03-10 12:50:34.00136,32,1.037,0.0011,"aoml_navis",1023.80906826133
"7901009",28,0.0411118666995002,5,0.084105,1,0.061677,1,197.30459562096,1,4.88368372315044,34,1,26.7910003662109,36.1769981384277,0.0841049998998642,0.0822359994053841,190.263198852539,-85.2712,23.0532,55.6397345479109,63,63,63,63,61,63,0.084105,8764,2.04575969791764,23,-85,0.001869,51,2024-03-10 12:50:34.00136,34,1.037,0.0011,"aoml_navis",1023.81732385703
"7901009",28,0.0411118666995002,5,0.087843,1,0.065415,1,197.214686509531,1,4.88364282210878,36,1,26.7910003662109,36.1769981384277,0.0878430008888245,0.0822359994053841,190.176498413086,-85.2712,23.0532,55.6397345479109,63,63,63,63,61,63,0.084105,8764,2.04575969791764,23,-85,0.001869,51,2024-03-10 12:50:34.00136,36,1.037,0.0011,"aoml_navis",1023.82589843886
"7901009",28,0.0411118666995002,5,0.084105,1,0.061677,1,197.297965575609,1,4.88360192341232,38,1,26.7910003662109,36.1769981384277,0.0841049998998642,0.0822359994053841,190.256805419922,-85.2712,23.0532,55.6397345479109,63,63,63,63,61,63,0.084105,8764,2.04575969791764,23,-85,0.001869,51,2024-03-10 12:50:34.00136,38,1.037,0.0011,"aoml_navis",1023.83447267265
"7901009",28,0.0411118666995002,5,0.082236,1,0.059808,1,197.208262169644,1,4.88356102706085,40,1,26.7910003662109,36.1769981384277,0.0822359994053841,0.0822359994053841,190.170303344727,-85.2712,23.0532,55.6397345479109,63,63,63,63,61,63,0.084105,8764,2.04575969791764,23,-85,0.001869,51,2024-03-10 12:50:34.00136,40,1.037,0.0011,"aoml_navis",1023.84304655843
"7901009",28,0.0411118666995002,5,0.082236,1,0.059808,1,197.143971300278,1,4.88351140894403,42,1,26.7900009155273,36.1790008544922,0.0822359994053841,0.0822359994053841,190.108306884766,-85.2712,23.0532,55.6397345479109,63,63,63,63,61,63,0.084105,8764,2.04575969791764,23,-85,0.001869,51,2024-03-10 12:50:34.00136,42,1.037,0.0011,"aoml_navis",1023.85344914781
"7901009",28,0.0411118666995002,5,0.085974,1,0.063546,1,197.150490581149,1,4.88347411074954,44,1,26.7900009155273,36.1780014038086,0.0859740003943443,0.0822359994053841,190.114593505859,-85.2712,23.0532,55.6397345479109,63,63,63,63,61,63,0.084105,8764,2.04575969791764,23,-85,0.001869,51,2024-03-10 12:50:34.00136,44,1.037,0.0011,"aoml_navis",1023.8612689671
"7901009",28,0.0411118666995002,5,0.089712,1,0.067284,1,197.117941647286,1,4.8834189577161,46,1,26.7830009460449,36.1790008544922,0.0897120013833046,0.0822359994053841,190.083206176758,-85.2712,23.0532,55.6397345479109,63,63,63,63,61,63,0.084105,8764,2.04575969791764,23,-85,0.001869,51,2024-03-10 12:50:34.00136,46,1.037,0.0011,"aoml_navis",1023.87283239332
"7901009",28,0.0411118666995002,5,0.095319,1,0.072891,1,197.065043695948,1,4.88337349736106,48,1,26.7800006866455,36.1790008544922,0.095319002866745,0.0822359994053841,190.032196044922,-85.2712,23.0532,55.6397345479109,63,63,63,63,61,63,0.084105,8764,2.04575969791764,23,-85,0.001869,51,2024-03-10 12:50:34.00136,48,1.037,0.0011,"aoml_navis",1023.88236384171
"7901009",28,0.0411118666995002,5,0.095319,1,0.072891,1,197.054473599778,1,4.88333315567588,50,1,26.7779998779297,36.1780014038086,0.095319002866745,0.0822359994053841,190.022003173828,-85.2712,23.0532,55.6397345479109,63,63,63,63,61,63,0.084105,8764,2.04575969791764,23,-85,0.001869,51,2024-03-10 12:50:34.00136,50,1.037,0.0011,"aoml_navis",1023.89082223246
"7901009",28,0.0411118666995002,5,0.099057,1,0.076629,1,197.067543808515,1,4.8832806385905,52,1,26.7679996490479,36.1769981384277,0.0990569964051247,0.0859740003943443,190.034606933594,-85.2712,23.0532,55.6397345479109,63,63,63,63,61,63,0.084105,8764,2.04575969791764,23,-85,0.001869,51,2024-03-10 12:50:34.00136,52,1.037,0.0011,"aoml_navis",1023.90183363354
"7901009",28,0.0411118666995002,5,0.106533,1,0.084105,1,197.010500100894,1,4.88321538110856,54,1,26.7520008087158,36.1769981384277,0.106532998383045,0.0934500023722649,189.979598999023,-85.2712,23.0532,55.6397345479109,63,63,63,63,61,63,0.084105,8764,2.04575969791764,23,-85,0.001869,51,2024-03-10 12:50:34.00136,54,1.037,0.0011,"aoml_navis",1023.91551667846
"7901009",28,0.0502478370771669,1,0.125223,1,0.102795,1,196.986131915114,1,4.8831267299919,56,1,26.7229995727539,36.1780014038086,0.125222995877266,0.112139999866486,189.956100463867,-85.2712,23.0532,55.6397345479109,63,63,63,63,61,63,0.102795,8764,2.04575969791764,23,-85,0.001869,51,2024-03-10 12:50:34.00136,56,1.037,0.0011,"aoml_navis",1023.934105435
"7901009",28,0.0529886281904669,1,0.13083,1,0.108402,1,196.804351578596,1,4.88305431358391,58,1,26.7070007324219,36.1800003051758,0.130830004811287,0.117747001349926,189.780807495117,-85.2712,23.0532,55.6397345479109,63,63,63,63,61,63,0.108402,8764,2.04575969791764,23,-85,0.001869,51,2024-03-10 12:50:34.00136,58,1.037,0.0011,"aoml_navis",1023.94929052719
"7901009",28,0.0575566133793003,1,0.140175,1,0.117747,1,196.659582402168,1,4.88298342485173,60,1,26.6919994354248,36.181999206543,0.140174999833107,0.127092003822327,189.641204833984,-85.2712,23.0532,55.6397345479109,63,63,63,63,61,63,0.117747,8764,2.04575969791764,23,-85,0.001869,51,2024-03-10 12:50:34.00136,60,1.037,0.0011,"aoml_navis",1023.96415571528
"7901009",28,0.0621245985681336,1,0.14952,1,0.127092,1,196.522582562895,1,4.88289677709994,62,1,26.6690006256104,36.185001373291,0.149519994854927,0.136436998844147,189.509094238281,-85.2712,23.0532,55.6397345479109,63,63,63,63,61,63,0.127092,8764,2.04575969791764,23,-85,0.001869,51,2024-03-10 12:50:34.00136,62,1.037,0.0011,"aoml_navis",1023.98232611618
"7901009",28,0.0630381956059003,1,0.151389,1,0.128961,1,196.530367723546,1,4.88283102533855,64,1,26.6550006866455,36.1860008239746,0.151389002799988,0.138306006789207,189.5166015625,-85.2712,23.0532,55.6397345479109,63,63,63,63,61,63,0.128961,8764,2.04575969791764,23,-85,0.001869,51,2024-03-10 12:50:34.00136,64,1.037,0.0011,"aoml_navis",1023.99611496966
"7901009",28,0.0648653896814337,1,0.155127,1,0.132699,1,196.300151661917,1,4.88277287896437,66,1,26.6459999084473,36.1870002746582,0.155127003788948,0.142043992877007,189.29460144043,-85.2712,23.0532,55.6397345479109,63,63,63,63,61,63,0.132699,8764,2.04575969791764,23,-85,0.001869,51,2024-03-10 12:50:34.00136,66,1.037,0.0011,"aoml_navis",1024.00830920083
"7901009",28,0.0758285541346337,1,0.177555,1,0.155127,1,196.097626720491,1,4.88267245418349,68,1,26.621000289917,36.193000793457,0.177554994821548,0.164471998810768,189.099304199219,-85.2712,23.0532,55.6397345479109,63,63,63,63,61,63,0.155127,8764,2.04575969791764,23,-85,0.001869,51,2024-03-10 12:50:34.00136,68,1.037,0.0011,"aoml_navis",1024.02937057881
"7901009",28,0.0758285541346337,1,0.177555,1,0.155127,1,196.046390236365,1,4.88262799241644,70,1,26.621000289917,36.1940002441406,0.177554994821548,0.164471998810768,189.049896240234,-85.2712,23.0532,55.6397345479109,63,63,63,63,61,63,0.155127,8764,2.04575969791764,23,-85,0.001869,51,2024-03-10 12:50:34.00136,70,1.037,0.0011,"aoml_navis",1024.03869550698
"7901009",28,0.0794829422857004,1,0.185031,1,0.162603,1,195.719729958938,1,4.88257745754163,72,1,26.617000579834,36.1949996948242,0.185030996799469,0.171948000788689,188.734893798828,-85.2712,23.0532,55.6397345479109,63,63,63,63,61,63,0.162603,8764,2.04575969791764,23,-85,0.001869,51,2024-03-10 12:50:34.00136,72,1.037,0.0011,"aoml_navis",1024.04929434903
"7901009",28,0.0813101363612337,1,0.188769,1,0.166341,1,195.08860977074,1,4.88252844337626,74,1,26.6140003204346,36.1959991455078,0.188768997788429,0.175686001777649,188.12629699707,-85.2712,23.0532,55.6397345479109,63,63,63,63,61,63,0.166341,8764,2.04575969791764,23,-85,0.001869,51,2024-03-10 12:50:34.00136,74,1.037,0.0011,"aoml_navis",1024.05957445739
"7901009",28,0.0977548830410338,1,0.222411,1,0.199983,1,194.51847334098,1,4.88240359921344,76,1,26.5799999237061,36.2050018310547,0.222411006689072,0.20932799577713,187.576507568359,-85.2712,23.0532,55.6397345479109,63,63,63,63,61,63,0.199983,8764,2.04575969791764,23,-85,0.001869,51,2024-03-10 12:50:34.00136,76,1.037,0.0011,"aoml_navis",1024.08575989201
"7901009",28,0.114199629720834,1,0.256053,1,0.233625,1,194.187967953719,1,4.88232768032284,78,1,26.5639991760254,36.2080001831055,0.256053000688553,0.242970004677773,187.257797241211,-85.2712,23.0532,55.6397345479109,63,63,63,63,61,63,0.233625,8764,2.04575969791764,23,-85,0.001869,51,2024-03-10 12:50:34.00136,78,1.037,0.0011,"aoml_navis",1024.10168415189
"7901009",28,0.127903585287334,1,0.284088,1,0.26166,1,193.621455104831,1,4.88227564423381,80,1,26.5590000152588,36.2089996337891,0.284087985754013,0.271005004644394,186.711502075195,-85.2712,23.0532,55.6397345479109,63,63,63,63,61,63,0.26166,8764,2.04575969791764,23,-85,0.001869,51,2024-03-10 12:50:34.00136,80,1.037,0.0011,"aoml_navis",1024.11259919444
"7901009",28,0.166274660873534,1,0.362586,1,0.340158,1,192.953830108455,1,4.88217075497005,82,1,26.5310001373291,36.2150001525879,0.362585991621017,0.349503010511398,186.06770324707,-85.2712,23.0532,55.6397345479109,63,63,63,63,61,63,0.340158,8764,2.04575969791764,23,-85,0.001869,51,2024-03-10 12:50:34.00136,82,1.037,0.0011,"aoml_navis",1024.13460137788
"7901009",28,0.203732139421968,1,0.439215,1,0.416787,1,192.477527017445,1,4.88206948581179,84,1,26.5030002593994,36.2200012207031,0.439215004444122,0.426131993532181,185.6083984375,-85.2712,23.0532,55.6397345479109,63,63,63,63,61,63,0.416787,8764,2.04575969791764,23,-85,0.001869,51,2024-03-10 12:50:34.00136,84,1.037,0.0011,"aoml_navis",1024.15584508392
"7901009",28,0.253979976499135,1,0.54201,1,0.519582,1,192.013360548832,1,4.88197468880003,86,1,26.4839992523193,36.2270011901855,0.542010009288788,0.528927028179169,185.160797119141,-85.2712,23.0532,55.6397345479109,63,63,63,63,61,63,0.519582,8764,2.04575969791764,23,-85,0.001869,51,2024-03-10 12:50:34.00136,86,1.037,0.0011,"aoml_navis",1024.1757318961
"7901009",28,0.292351052085335,1,0.620508,1,0.59808,1,191.63568531624,1,4.88187802234717,88,1,26.4589996337891,36.2319984436035,0.620508015155792,0.607424974441528,184.796600341797,-85.2712,23.0532,55.6397345479109,63,63,63,63,61,63,0.59808,8764,2.04575969791764,23,-85,0.001869,51,2024-03-10 12:50:34.00136,88,1.037,0.0011,"aoml_navis",1024.19601168077
"7901009",28,0.309709395802902,1,0.656019,1,0.633591,1,191.071451050958,1,4.88178060250384,90,1,26.443000793457,36.2410011291504,0.656018972396851,0.642935991287231,184.252502441406,-85.2712,23.0532,55.6397345479109,63,63,63,63,61,63,0.633591,8764,2.04575969791764,23,-85,0.001869,51,2024-03-10 12:50:34.00136,90,1.037,0.0011,"aoml_navis",1024.2164503328
"7901009",28,0.306055007651835,4,0.648543,1,0.626115,1,190.237283745925,1,4.88169833426693,92,1,26.4370002746582,36.25,0.648543000221252,0.635460019111633,183.448104858398,-85.2712,23.0532,55.6397345479109,63,63,63,63,61,63,0.626115,8764,2.04575969791764,23,-85,0.001869,51,2024-03-10 12:50:34.00136,92,1.037,0.0011,"aoml_navis",1024.23371081794
"7901009",28,0.314277380991735,1,0.665364,1,0.642936,1,189.062341603909,1,4.88159601965128,94,1,26.431999206543,36.2649993896484,0.665364027023315,0.652280986309052,182.315093994141,-85.2712,23.0532,55.6397345479109,63,63,63,63,61,63,0.642936,8764,2.04575969791764,23,-85,0.001869,51,2024-03-10 12:50:34.00136,94,1.037,0.0011,"aoml_navis",1024.25517799344
"7901009",28,0.311536589878435,1,0.659757,1,0.637329,1,188.256482535474,1,4.8814261980435,96,1,26.4179992675781,36.2949981689453,0.659757018089294,0.646673977375031,181.537994384766,-85.2712,23.0532,55.6397345479109,63,63,63,63,61,63,0.637329,8764,2.04575969791764,23,-85,0.001869,51,2024-03-10 12:50:34.00136,96,1.037,0.0011,"aoml_navis",1024.29081115761
"7901009",28,0.295091843198635,1,0.626115,1,0.603687,1,188.958650226367,1,4.88128988192612,98,1,26.3810005187988,36.3059997558594,0.626115024089813,0.613031983375549,182.215103149414,-85.2712,23.0532,55.6397345479109,63,63,63,63,61,63,0.603687,8764,2.04575969791764,23,-85,0.001869,51,2024-03-10 12:50:34.00136,98,1.037,0.0011,"aoml_navis",1024.319415758
"7901009",28,0.283215081707668,1,0.601818,1,0.57939,1,189.990263130206,1,4.88116427766768,100,1,26.2819995880127,36.2879981994629,0.601818025112152,0.588734984397888,183.209899902344,-85.2712,23.0532,55.6397345479109,63,63,63,63,61,63,0.57939,8764,2.04575969791764,23,-85,0.001869,51,2024-03-10 12:50:34.00136,100,1.037,0.0011,"aoml_navis",1024.34577399413
"7901009",28,0.264029543914568,4,0.562569,1,0.540141,1,189.845810423723,1,4.88105284264503,102,1,26.2280006408691,36.2849998474121,0.56256902217865,0.549485981464386,183.070602416992,-85.2712,23.0532,55.6397345479109,63,63,63,63,61,63,0.540141,8764,2.04575969791764,23,-85,0.001869,51,2024-03-10 12:50:34.00136,102,1.037,0.0011,"aoml_navis",1024.36915993118
"7901009",28,0.267683932065635,1,0.570045,1,0.547617,1,190.187613788027,1,4.88094420027512,104,1,26.2140007019043,36.2980003356934,0.570044994354248,0.556962013244629,183.400207519531,-85.2712,23.0532,55.6397345479109,63,63,63,63,61,63,0.547617,8764,2.04575969791764,23,-85,0.001869,51,2024-03-10 12:50:34.00136,104,1.037,0.0011,"aoml_navis",1024.39196082556
"7901009",28,0.249411991310301,1,0.532665,1,0.510237,1,191.66253779109,1,4.88085512546535,106,1,26.1700000762939,36.2929992675781,0.532665014266968,0.519581973552704,184.822494506836,-85.2712,23.0532,55.6397345479109,63,63,63,63,61,63,0.510237,8764,2.04575969791764,23,-85,0.001869,51,2024-03-10 12:50:34.00136,106,1.037,0.0011,"aoml_navis",1024.41065581173
"7901009",28,0.216522497950701,1,0.465381,1,0.442953,1,194.064876968537,1,4.88073140360941,108,1,26.0429992675781,36.2630004882812,0.465380996465683,0.452297985553741,187.139099121094,-85.2712,23.0532,55.6397345479109,63,63,63,63,61,63,0.442953,8764,2.04575969791764,23,-85,0.001869,51,2024-03-10 12:50:34.00136,108,1.037,0.0011,"aoml_navis",1024.4366236385
"7901009",28,0.207386527573034,4,0.446691,1,0.424263,1,195.087154008992,1,4.88062441829157,110,1,25.9340000152588,36.2360000610352,0.446691006422043,0.433607995510101,188.124893188477,-85.2712,23.0532,55.6397345479109,63,63,63,63,61,63,0.424263,8764,2.04575969791764,23,-85,0.001869,51,2024-03-10 12:50:34.00136,110,1.037,0.0011,"aoml_navis",1024.4590797155
"7901009",28,0.211040915724101,1,0.454167,1,0.431739,1,195.040490515573,1,4.88057131247964,112,1,25.9209995269775,36.234001159668,0.454167008399963,0.441083997488022,188.079895019531,-85.2712,23.0532,55.6397345479109,63,63,63,63,61,63,0.431739,8764,2.04575969791764,23,-85,0.001869,51,2024-03-10 12:50:34.00136,112,1.037,0.0011,"aoml_navis",1024.47022692097
"7901009",28,0.200077751270901,1,0.431739,1,0.409311,1,195.279013913264,1,4.88048680575984,114,1,25.8990001678467,36.2369995117188,0.431739002466202,0.41865599155426,188.309906005859,-85.2712,23.0532,55.6397345479109,63,63,63,63,61,63,0.409311,8764,2.04575969791764,23,-85,0.001869,51,2024-03-10 12:50:34.00136,114,1.037,0.0011,"aoml_navis",1024.48796585191
"7901009",28,0.173583437175668,1,0.377538,1,0.35511,1,194.851969369223,1,4.88040916347987,116,1,25.8840007781982,36.2410011291504,0.377537995576859,0.364455014467239,187.898101806641,-85.2712,23.0532,55.6397345479109,63,63,63,63,61,63,0.35511,8764,2.04575969791764,23,-85,0.001869,51,2024-03-10 12:50:34.00136,116,1.037,0.0011,"aoml_navis",1024.5042643996
"7901009",28,0.167188257911301,1,0.364455,1,0.342027,1,194.427203408786,1,4.88033297860964,117.900001525879,1,25.871000289917,36.2459983825684,0.364455014467239,0.351372003555298,187.488494873047,-85.2712,23.0532,55.6397345479109,63,63,63,63,61,63,0.342027,8764,2.04575969791764,23,-85,0.001869,51,2024-03-10 12:50:34.00136,117.900001525879,1.037,0.0011,"aoml_navis",1024.52025751416
"7901009",28,0.158052287533634,1,0.345765,1,0.323337,1,193.742568152856,1,4.88026436572641,120,1,25.8610000610352,36.2490005493164,0.345764994621277,0.332682013511658,186.82829284668,-85.2712,23.0532,55.6397345479109,63,63,63,63,61,63,0.323337,8764,2.04575969791764,23,-85,0.001869,51,2024-03-10 12:50:34.00136,120,1.037,0.0011,"aoml_navis",1024.53466150614
"7901009",28,0.141607540853834,4,0.312123,1,0.289695,1,192.813523158254,1,4.88019720822669,122,1,25.8530006408691,36.2529983520508,0.312123000621796,0.299039989709854,185.932403564453,-85.2712,23.0532,55.6397345479109,63,63,63,63,61,63,0.289695,8764,2.04575969791764,23,-85,0.001869,51,2024-03-10 12:50:34.00136,122,1.037,0.0011,"aoml_navis",1024.5487603598
"7901009",28,0.142521137891601,4,0.313992,1,0.291564,1,190.732654151133,1,4.88010665083661,124,1,25.8509998321533,36.265998840332,0.313991993665695,0.300909012556076,183.925796508789,-85.2712,23.0532,55.6397345479109,63,63,63,63,61,63,0.291564,8764,2.04575969791764,23,-85,0.001869,51,2024-03-10 12:50:34.00136,124,1.037,0.0011,"aoml_navis",1024.567772334
"7901009",28,0.160793078646934,1,0.351372,1,0.328944,1,189.092944247609,1,4.88000263063146,126,1,25.9529991149902,36.326000213623,0.351372003555298,0.338288992643356,182.344604492188,-85.2712,23.0532,55.6397345479109,63,63,63,63,61,63,0.328944,8764,2.04575969791764,23,-85,0.001869,51,2024-03-10 12:50:34.00136,126,1.037,0.0011,"aoml_navis",1024.58961161523
"7901009",28,0.147089123080434,1,0.323337,1,0.300909,1,189.776946563649,1,4.87992110574997,128,1,25.9330005645752,36.3289985656738,0.323336988687515,0.310254007577896,183.004196166992,-85.2712,23.0532,55.6397345479109,63,63,63,63,61,63,0.300909,8764,2.04575969791764,23,-85,0.001869,51,2024-03-10 12:50:34.00136,128,1.037,0.0011,"aoml_navis",1024.60672860234
"7901009",28,0.112372435645301,4,0.252315,1,0.229887,1,190.071042083716,1,4.87983109698113,130,1,25.8519992828369,36.3089981079102,0.252315014600754,0.239232003688812,183.287796020508,-85.2712,23.0532,55.6397345479109,63,63,63,63,61,63,0.229887,8764,2.04575969791764,23,-85,0.001869,51,2024-03-10 12:50:34.00136,130,1.037,0.0011,"aoml_navis",1024.62562753314
"7901009",28,0.113286032683067,4,0.254184,1,0.231756,1,188.481524313499,1,4.87974887025655,132,1,25.8700008392334,36.3279991149902,0.254184007644653,0.241100996732712,181.755004882812,-85.2712,23.0532,55.6397345479109,63,63,63,63,61,63,0.231756,8764,2.04575969791764,23,-85,0.001869,51,2024-03-10 12:50:34.00136,132,1.037,0.0011,"aoml_navis",1024.64289309567
"7901009",28,0.125162794174034,1,0.278481,1,0.256053,1,187.088202085804,1,4.87968217531697,134,1,25.9200000762939,36.3559989929199,0.278481006622314,0.265397995710373,180.411407470703,-85.2712,23.0532,55.6397345479109,63,63,63,63,61,63,0.256053,8764,2.04575969791764,23,-85,0.001869,51,2024-03-10 12:50:34.00136,134,1.037,0.0011,"aoml_navis",1024.6568977979
"7901009",28,0.121508406022967,1,0.271005,1,0.248577,1,185.751796977752,1,4.87959194165556,136,1,25.9349994659424,36.3759994506836,0.271005004644394,0.257921993732452,179.122695922852,-85.2712,23.0532,55.6397345479109,63,63,63,63,61,63,0.248577,8764,2.04575969791764,23,-85,0.001869,51,2024-03-10 12:50:34.00136,136,1.037,0.0011,"aoml_navis",1024.67584580517
"7901009",28,0.117854017871901,1,0.263529,1,0.241101,1,184.70888609687,1,4.87951011803568,138,1,25.9580001831055,36.3969993591309,0.263529002666473,0.250445991754532,178.117004394531,-85.2712,23.0532,55.6397345479109,63,63,63,63,61,63,0.241101,8764,2.04575969791764,23,-85,0.001869,51,2024-03-10 12:50:34.00136,138,1.037,0.0011,"aoml_navis",1024.69302840852
"7901009",28,0.116026823796367,1,0.259791,1,0.237363,1,183.149733617895,1,4.87942589297459,140,1,25.9529991149902,36.4070014953613,0.259790986776352,0.246708005666733,176.613494873047,-85.2712,23.0532,55.6397345479109,63,63,63,63,61,63,0.237363,8764,2.04575969791764,23,-85,0.001869,51,2024-03-10 12:50:34.00136,140,1.037,0.0011,"aoml_navis",1024.71071590595
"7901009",28,0.118767614909667,1,0.265398,1,0.24297,1,180.747093794,1,4.87932971310709,142,1,25.9519996643066,36.4220008850098,0.265397995710373,0.252315014600754,174.296600341797,-85.2712,23.0532,55.6397345479109,63,63,63,63,61,63,0.24297,8764,2.04575969791764,23,-85,0.001869,51,2024-03-10 12:50:34.00136,142,1.037,0.0011,"aoml_navis",1024.7309146928
"7901009",28,0.115113226758601,4,0.257922,1,0.235494,1,177.289184937864,1,4.87917372481223,144,1,25.9829998016357,36.4669990539551,0.257921993732452,0.244838997721672,170.962097167969,-85.2712,23.0532,55.6397345479109,63,63,63,63,61,63,0.235494,8764,2.04575969791764,23,-85,0.001869,51,2024-03-10 12:50:34.00136,144,1.037,0.0011,"aoml_navis",1024.76367557345
"7901009",28,0.131557973438401,1,0.291564,1,0.269136,1,173.470927578636,1,4.87902481705829,146,1,26.0450000762939,36.5229988098145,0.291563987731934,0.278481006622314,167.28010559082,-85.2712,23.0532,55.6397345479109,63,63,63,63,61,63,0.269136,8764,2.04575969791764,23,-85,0.001869,51,2024-03-10 12:50:34.00136,146,1.037,0.0011,"aoml_navis",1024.7949513433
"7901009",28,0.137039555665001,1,0.302778,1,0.28035,1,170.977634938941,1,4.87878206163034,148,1,26.0970001220703,36.601001739502,0.302778005599976,0.289694994688034,164.875793457031,-85.2712,23.0532,55.6397345479109,63,63,63,63,61,63,0.28035,8764,2.04575969791764,23,-85,0.001869,51,2024-03-10 12:50:34.00136,148,1.037,0.0011,"aoml_navis",1024.84594245826
"7901009",28,0.105063659343167,1,0.237363,1,0.214935,1,170.022354585883,1,4.87847330593195,150,1,26.0189990997314,36.6430015563965,0.237362995743752,0.224279999732971,163.954605102539,-85.2712,23.0532,55.6397345479109,63,63,63,63,61,63,0.214935,8764,2.04575969791764,23,-85,0.001869,51,2024-03-10 12:50:34.00136,150,1.037,0.0011,"aoml_navis",1024.91080435354
"7901009",28,0.0858781215500671,4,0.198114,1,0.175686,1,169.62516898117,1,4.87824132441065,152,1,25.9009990692139,36.6469993591309,0.198113992810249,0.185030996799469,163.571594238281,-85.2712,23.0532,55.6397345479109,63,63,63,63,61,63,0.175686,8764,2.04575969791764,23,-85,0.001869,51,2024-03-10 12:50:34.00136,152,1.037,0.0011,"aoml_navis",1024.9595433051
"7901009",28,0.0904461067389004,1,0.207459,1,0.185031,1,168.176369572083,1,4.87814011562622,154,1,25.8990001678467,36.6629981994629,0.207459002733231,0.19437600672245,162.174499511719,-85.2712,23.0532,55.6397345479109,63,63,63,63,61,63,0.185031,8764,2.04575969791764,23,-85,0.001869,51,2024-03-10 12:50:34.00136,154,1.037,0.0011,"aoml_navis",1024.98080856337
"7901009",28,0.0895325097011338,1,0.20559,1,0.183162,1,165.388269354945,1,4.87790633223158,156,1,25.8780002593994,36.7080001831055,0.20558999478817,0.19250699877739,159.485900878906,-85.2712,23.0532,55.6397345479109,63,63,63,63,61,63,0.183162,8764,2.04575969791764,23,-85,0.001869,51,2024-03-10 12:50:34.00136,156,1.037,0.0011,"aoml_navis",1025.02993281393
"7901009",28,0.104150062305401,1,0.235494,1,0.213066,1,163.457153925888,1,4.87766423406524,158,1,25.9090003967285,36.7770004272461,0.235494002699852,0.222411006689072,157.62370300293,-85.2712,23.0532,55.6397345479109,63,63,63,63,61,63,0.213066,8764,2.04575969791764,23,-85,0.001869,51,2024-03-10 12:50:34.00136,158,1.037,0.0011,"aoml_navis",1025.08080918739
"7901009",28,0.105063659343167,1,0.237363,1,0.214935,1,162.946529669322,1,4.87741523352716,160,1,25.8250007629395,36.7999992370605,0.237362995743752,0.224279999732971,157.131301879883,-85.2712,23.0532,55.6397345479109,63,63,63,63,61,63,0.214935,8764,2.04575969791764,23,-85,0.001869,51,2024-03-10 12:50:34.00136,160,1.037,0.0011,"aoml_navis",1025.13314134712
"7901009",28,0.126076391211801,1,0.28035,1,0.257922,1,162.404479947198,1,4.87719248166937,162,1,25.7439994812012,36.8170013427734,0.280349999666214,0.267266988754272,156.608596801758,-85.2712,23.0532,55.6397345479109,63,63,63,63,61,63,0.257922,8764,2.04575969791764,23,-85,0.001869,51,2024-03-10 12:50:34.00136,162,1.037,0.0011,"aoml_navis",1025.17996137987
"7901009",28,0.0968412860032671,1,0.220542,1,0.198114,1,161.954206509179,1,4.87699326505867,164,1,25.6690006256104,36.8300018310547,0.220541998744011,0.207459002733231,156.174392700195,-85.2712,23.0532,55.6397345479109,63,63,63,63,61,63,0.198114,8764,2.04575969791764,23,-85,0.001869,51,2024-03-10 12:50:34.00136,164,1.037,0.0011,"aoml_navis",1025.22183818104
"7901009",28,0.0849645245123004,4,0.196245,1,0.173817,1,161.208919788253,1,4.87687580660071,166,1,25.6439990997314,36.8409996032715,0.19624499976635,0.183162003755569,155.455703735352,-85.2712,23.0532,55.6397345479109,63,63,63,63,61,63,0.173817,8764,2.04575969791764,23,-85,0.001869,51,2024-03-10 12:50:34.00136,166,1.037,0.0011,"aoml_navis",1025.24653041864
"7901009",28,0.0913597037766671,1,0.209328,1,0.1869,1,160.37619242147,1,4.87657762469565,168,1,25.5069999694824,36.8559989929199,0.20932799577713,0.19624499976635,154.652694702148,-85.2712,23.0532,55.6397345479109,63,63,63,63,61,63,0.1869,8764,2.04575969791764,23,-85,0.001869,51,2024-03-10 12:50:34.00136,168,1.037,0.0011,"aoml_navis",1025.3092198675
"7901009",28,0.0794829422857004,1,0.185031,1,0.162603,1,159.818904671485,1,4.87619391394193,170,1,25.3530006408691,36.8880004882812,0.185030996799469,0.171948000788689,154.115295410156,-85.2712,23.0532,55.6397345479109,63,63,63,63,61,63,0.162603,8764,2.04575969791764,23,-85,0.001869,51,2024-03-10 12:50:34.00136,170,1.037,0.0011,"aoml_navis",1025.3899020923
"7901009",28,0.0730877630213337,1,0.171948,1,0.14952,1,159.640652974856,1,4.87599193241432,172,1,25.2730007171631,36.9000015258789,0.171948000788689,0.158865004777908,153.943405151367,-85.2712,23.0532,55.6397345479109,63,63,63,63,61,63,0.14952,8764,2.04575969791764,23,-85,0.001869,51,2024-03-10 12:50:34.00136,172,1.037,0.0011,"aoml_navis",1025.43237751509
"7901009",28,0.0566430163415336,1,0.138306,1,0.115878,1,159.734913548031,1,4.8758166955435,174,1,25.2110004425049,36.9119987487793,0.138306006789207,0.125222995877266,154.034301757812,-85.2712,23.0532,55.6397345479109,63,63,63,63,61,63,0.115878,8764,2.04575969791764,23,-85,0.001869,51,2024-03-10 12:50:34.00136,174,1.037,0.0011,"aoml_navis",1025.46923155869
"7901009",28,0.0374574785484335,1,0.099057,1,0.076629,1,159.796815069311,1,4.87563374904509,176,1,25.1509990692139,36.9269981384277,0.0990569964051247,0.0859740003943443,154.093994140625,-85.2712,23.0532,55.6397345479109,63,63,63,63,61,63,0.076629,8764,2.04575969791764,23,-85,0.001869,51,2024-03-10 12:50:34.00136,176,1.037,0.0011,"aoml_navis",1025.50770983962
"7901009",28,0.0374574785484335,1,0.099057,1,0.076629,1,159.598435884167,1,4.87553157211056,178,1,25.1189994812012,36.9309997558594,0.0990569964051247,0.0859740003943443,153.902694702148,-85.2712,23.0532,55.6397345479109,63,63,63,63,61,63,0.076629,8764,2.04575969791764,23,-85,0.001869,51,2024-03-10 12:50:34.00136,178,1.037,0.0011,"aoml_navis",1025.52920149291
"7901009",28,0.0356302844729002,1,0.095319,1,0.072891,1,159.471104201719,1,4.87539957115623,180,1,25.0739994049072,36.9379997253418,0.095319002866745,0.0822359994053841,153.779907226562,-85.2712,23.0532,55.6397345479109,63,63,63,63,61,63,0.072891,8764,2.04575969791764,23,-85,0.001869,51,2024-03-10 12:50:34.00136,180,1.037,0.0011,"aoml_navis",1025.55696759316
"7901009",28,0.0283215081707668,1,0.080367,1,0.057939,1,159.30237825044,1,4.87524205653379,182,1,25.0139999389648,36.9459991455078,0.0803669989109039,0.0672840029001236,153.617202758789,-85.2712,23.0532,55.6397345479109,63,63,63,63,61,63,0.057939,8764,2.04575969791764,23,-85,0.001869,51,2024-03-10 12:50:34.00136,182,1.037,0.0011,"aoml_navis",1025.59010240302
"7901009",28,0.0228399259441668,1,0.069153,1,0.046725,1,158.794760458353,1,4.87504527406167,184,1,24.931999206543,36.9560012817383,0.0691530033946037,0.0560699999332428,153.127700805664,-85.2712,23.0532,55.6397345479109,63,63,63,63,61,63,0.046725,8764,2.04575969791764,23,-85,0.001869,51,2024-03-10 12:50:34.00136,184,1.037,0.0011,"aoml_navis",1025.6315006146
"7901009",28,0.0237535229819335,1,0.071022,1,0.048594,1,158.160728746659,1,4.87483919374742,186,1,24.8409996032715,36.9650001525879,0.0710219964385033,0.0579390004277229,152.516296386719,-85.2712,23.0532,55.6397345479109,63,63,63,63,61,63,0.048594,8764,2.04575969791764,23,-85,0.001869,51,2024-03-10 12:50:34.00136,186,1.037,0.0011,"aoml_navis",1025.67485844725
"7901009",28,0.0182719407553334,4,0.059808,1,0.03738,1,157.283727234544,1,4.87465806822785,188,1,24.761999130249,36.9720001220703,0.0598080009222031,0.0467250011861324,151.670593261719,-85.2712,23.0532,55.6397345479109,63,63,63,63,61,63,0.03738,8764,2.04575969791764,23,-85,0.001869,51,2024-03-10 12:50:34.00136,188,1.037,0.0011,"aoml_navis",1025.71296899553
"7901009",28,0.0228399259441668,1,0.069153,1,0.046725,1,156.338083391317,1,4.8743146520732,190,1,24.5809993743896,36.9830017089844,0.0691530033946037,0.0560699999332428,150.758697509766,-85.2712,23.0532,55.6397345479109,63,63,63,63,61,63,0.046725,8764,2.04575969791764,23,-85,0.001869,51,2024-03-10 12:50:34.00136,190,1.037,0.0011,"aoml_navis",1025.78523482749
"7901009",28,0.0228399259441668,1,0.069153,1,0.046725,1,155.625757015182,1,4.8741595228037,192,1,24.511999130249,36.9869995117188,0.0691530033946037,0.0560699999332428,150.071792602539,-85.2712,23.0532,55.6397345479109,63,63,63,63,61,63,0.046725,8764,2.04575969791764,23,-85,0.001869,51,2024-03-10 12:50:34.00136,192,1.037,0.0011,"aoml_navis",1025.81788236671
"7901009",28,0.0200991348308668,1,0.063546,1,0.041118,1,154.359260118023,1,4.87388114311619,194,1,24.3649997711182,36.9939994812012,0.0635460019111633,0.0504629984498024,148.850494384766,-85.2712,23.0532,55.6397345479109,63,63,63,63,61,63,0.041118,8764,2.04575969791764,23,-85,0.001869,51,2024-03-10 12:50:34.00136,194,1.037,0.0011,"aoml_navis",1025.87647363168
"7901009",28,0.0200991348308668,1,0.063546,1,0.041118,1,153.826973493708,1,4.8735503706825,196,1,24.1909999847412,37.0050010681152,0.0635460019111633,0.0504629984498024,148.337203979492,-85.2712,23.0532,55.6397345479109,63,63,63,63,61,63,0.041118,8764,2.04575969791764,23,-85,0.001869,51,2024-03-10 12:50:34.00136,196,1.037,0.0011,"aoml_navis",1025.94610082994
"7901009",28,0.0191855377931001,1,0.061677,1,0.039249,1,153.549255293305,1,4.87339046796609,198,1,24.1180000305176,37.0089988708496,0.0616770014166832,0.0485940016806126,148.069396972656,-85.2712,23.0532,55.6397345479109,63,63,63,63,61,63,0.039249,8764,2.04575969791764,23,-85,0.001869,51,2024-03-10 12:50:34.00136,198,1.037,0.0011,"aoml_navis",1025.97976354781
"7901009",28,0.0100495674154334,1,0.042987,1,0.020559,1,152.680450352771,1,4.87328593265078,200,1,24.0709991455078,37.007999420166,0.0429870001971722,0.0299040004611015,147.231597900391,-85.2712,23.0532,55.6397345479109,63,63,63,63,61,63,0.020559,8764,2.04575969791764,23,-85,0.001869,51,2024-03-10 12:50:34.00136,200,1.037,0.0011,"aoml_navis",1026.00177151524
"7901009",28,0.00365438815106668,1,0.029904,1,0.007476,1,151.96937403292,1,4.87293712908528,202,1,23.8780002593994,37.0169982910156,0.0299040004611015,0.0168210007250309,146.5458984375,-85.2712,23.0532,55.6397345479109,63,63,63,63,61,63,0.007476,8764,2.04575969791764,23,-85,0.001869,51,2024-03-10 12:50:34.00136,202,1.037,0.0011,"aoml_navis",1026.07521245376
"7901009",28,0.000913597037766671,1,0.024297,1,0.001869,1,151.648109568058,1,4.87251046830685,204,1,23.6240005493164,37.023998260498,0.0242970008403063,0.0112140001729131,146.236099243164,-85.2712,23.0532,55.6397345479109,63,63,63,63,61,63,0.001869,8764,2.04575969791764,23,-85,0.001869,51,2024-03-10 12:50:34.00136,204,1.037,0.0011,"aoml_navis",1026.16506060324
"7901009",28,0.00182719407553334,1,0.026166,1,0.003738,1,151.491108828249,1,4.87235872443037,206,1,23.5429992675781,37.0229988098145,0.0261659994721413,0.0130829997360706,146.084701538086,-85.2712,23.0532,55.6397345479109,63,63,63,63,61,63,0.003738,8764,2.04575969791764,23,-85,0.001869,51,2024-03-10 12:50:34.00136,206,1.037,0.0011,"aoml_navis",1026.19701930599
"7901009",28,0.00274079111330001,1,0.028035,1,0.005607,1,151.037512455806,1,4.87231020244005,208,1,23.5349998474121,37.0219993591309,0.0280349999666214,0.0149520002305508,145.64729309082,-85.2712,23.0532,55.6397345479109,63,63,63,63,61,63,0.005607,8764,2.04575969791764,23,-85,0.001869,51,2024-03-10 12:50:34.00136,208,1.037,0.0011,"aoml_navis",1026.20723891841
"7901009",28,0.00548158222660003,1,0.033642,1,0.011214,1,150.226574044749,1,4.87211067992967,210,1,23.4249992370605,37.0229988098145,0.0336420014500618,0.020558999851346,144.865295410156,-85.2712,23.0532,55.6397345479109,63,63,63,63,61,63,0.011214,8764,2.04575969791764,23,-85,0.001869,51,2024-03-10 12:50:34.00136,210,1.037,0.0011,"aoml_navis",1026.24926412225
"7901009",28,0.00456798518883336,1,0.031773,1,0.009345,1,150.094352901648,1,4.8716692824706,212,1,23.1420001983643,37.023998260498,0.0317730009555817,0.0186899993568659,144.73779296875,-85.2712,23.0532,55.6397345479109,63,63,63,63,61,63,0.009345,8764,2.04575969791764,23,-85,0.001869,51,2024-03-10 12:50:34.00136,212,1.037,0.0011,"aoml_navis",1026.34224740812
"7901009",28,0.00548158222660003,1,0.033642,1,0.011214,1,149.821001986489,1,4.87148932920949,214,1,23.0319995880127,37.0200004577637,0.0336420014500618,0.020558999851346,144.474197387695,-85.2712,23.0532,55.6397345479109,63,63,63,63,61,63,0.011214,8764,2.04575969791764,23,-85,0.001869,51,2024-03-10 12:50:34.00136,214,1.037,0.0011,"aoml_navis",1026.38016058456
"7901009",28,0.00548158222660003,1,0.033642,1,0.011214,1,149.626151441235,1,4.87134318832727,216,1,22.9459991455078,37.015998840332,0.0336420014500618,0.020558999851346,144.28630065918,-85.2712,23.0532,55.6397345479109,63,63,63,63,61,63,0.011214,8764,2.04575969791764,23,-85,0.001869,51,2024-03-10 12:50:34.00136,216,1.037,0.0011,"aoml_navis",1026.41095211297
"7901009",28,0.00456798518883336,1,0.031773,1,0.009345,1,149.409622704735,1,4.87125477045415,218,1,22.9039993286133,37.0130004882812,0.0317730009555817,0.0186899993568659,144.077499389648,-85.2712,23.0532,55.6397345479109,63,63,63,63,61,63,0.009345,8764,2.04575969791764,23,-85,0.001869,51,2024-03-10 12:50:34.00136,218,1.037,0.0011,"aoml_navis",1026.4295824408
"7901009",28,0.00274079111330001,1,0.028035,1,0.005607,1,149.362547800387,1,4.87106084212952,220,1,22.7779998779297,37.0069999694824,0.0280349999666214,0.0149520002305508,144.032104492188,-85.2712,23.0532,55.6397345479109,63,63,63,63,61,63,0.005607,8764,2.04575969791764,23,-85,0.001869,51,2024-03-10 12:50:34.00136,220,1.037,0.0011,"aoml_navis",1026.4704470031
"7901009",28,0.000913597037766671,1,0.024297,1,0.001869,1,149.351961880721,1,4.87091550388293,222,1,22.6919994354248,37.0029983520508,0.0242970008403063,0.0112140001729131,144.021896362305,-85.2712,23.0532,55.6397345479109,63,63,63,63,61,63,0.001869,8764,2.04575969791764,23,-85,0.001869,51,2024-03-10 12:50:34.00136,222,1.037,0.0011,"aoml_navis",1026.50107480086
"7901009",28,-0.00182719407553334,1,0.01869,1,-0.003738,1,149.632164370193,1,4.8707184258335,224,1,22.5629997253418,36.9970016479492,0.0186899993568659,0.00560700008645654,144.292098999023,-85.2712,23.0532,55.6397345479109,63,63,63,63,61,63,-0.003738,8764,2.04575969791764,23,-85,0.001869,51,2024-03-10 12:50:34.00136,224,1.037,0.0011,"aoml_navis",1026.54260888513
"7901009",28,-0.00274079111330001,1,0.016821,1,-0.005607,1,149.733371458666,1,4.87056193958505,226,1,22.4710006713867,36.9939994812012,0.0168210007250309,0.00373800005763769,144.389694213867,-85.2712,23.0532,55.6397345479109,63,63,63,63,61,63,-0.005607,8764,2.04575969791764,23,-85,0.001869,51,2024-03-10 12:50:34.00136,226,1.037,0.0011,"aoml_navis",1026.575590665
"7901009",28,-0.00182719407553334,1,0.01869,1,-0.003738,1,149.838629362436,1,4.87039005108581,228,1,22.3570003509521,36.9869995117188,0.0186899993568659,0.00560700008645654,144.491195678711,-85.2712,23.0532,55.6397345479109,63,63,63,63,61,63,-0.003738,8764,2.04575969791764,23,-85,0.001869,51,2024-03-10 12:50:34.00136,228,1.037,0.0011,"aoml_navis",1026.61182113849
"7901009",28,-0.00274079111330001,1,0.016821,1,-0.005607,1,149.923459131245,1,4.87026527631512,230,1,22.2929992675781,36.9860000610352,0.0168210007250309,0.00373800005763769,144.572998046875,-85.2712,23.0532,55.6397345479109,63,63,63,63,61,63,-0.005607,8764,2.04575969791764,23,-85,0.001869,51,2024-03-10 12:50:34.00136,230,1.037,0.0011,"aoml_navis",1026.63812263283
"7901009",28,-0.00365438815106668,1,0.014952,1,-0.007476,1,149.791348752625,1,4.87019248727435,232,1,22.2670001983643,36.9850006103516,0.0149520002305508,0.00186900002881885,144.445602416992,-85.2712,23.0532,55.6397345479109,63,63,63,63,61,63,-0.007476,8764,2.04575969791764,23,-85,0.001869,51,2024-03-10 12:50:34.00136,232,1.037,0.0011,"aoml_navis",1026.65346658573
"7901009",28,-0.00274079111330001,1,0.016821,1,-0.005607,1,149.257495602081,1,4.87007240864975,234,1,22.201000213623,36.9819984436035,0.0168210007250309,0.00373800005763769,143.930801391602,-85.2712,23.0532,55.6397345479109,63,63,63,63,61,63,-0.005607,8764,2.04575969791764,23,-85,0.001869,51,2024-03-10 12:50:34.00136,234,1.037,0.0011,"aoml_navis",1026.67878020037
"7901009",28,-0.00274079111330001,1,0.016821,1,-0.005607,1,148.835846870605,1,4.86988801783913,236,1,22.0690002441406,36.9720001220703,0.0168210007250309,0.00373800005763769,143.524200439453,-85.2712,23.0532,55.6397345479109,63,63,63,63,61,63,-0.005607,8764,2.04575969791764,23,-85,0.001869,51,2024-03-10 12:50:34.00136,236,1.037,0.0011,"aoml_navis",1026.71765381139
"7901009",28,-0.00182719407553334,1,0.01869,1,-0.003738,1,148.760875140589,1,4.86973404388563,238,1,21.9589996337891,36.9620018005371,0.0186899993568659,0.00560700008645654,143.451904296875,-85.2712,23.0532,55.6397345479109,63,63,63,63,61,63,-0.003738,8764,2.04575969791764,23,-85,0.001869,51,2024-03-10 12:50:34.00136,238,1.037,0.0011,"aoml_navis",1026.75011713996
"7901009",28,-0.00274079111330001,1,0.016821,1,-0.005607,1,148.219648240322,1,4.86957920387405,240,1,21.8400001525879,36.9490013122559,0.0168210007250309,0.00373800005763769,142.929992675781,-85.2712,23.0532,55.6397345479109,63,63,63,63,61,63,-0.005607,8764,2.04575969791764,23,-85,0.001869,51,2024-03-10 12:50:34.00136,240,1.037,0.0011,"aoml_navis",1026.78276513547
"7901009",28,-0.00274079111330001,1,0.016821,1,-0.005607,1,147.410165591014,1,4.86943253573628,242,1,21.7240009307861,36.935001373291,0.0168210007250309,0.00373800005763769,142.149398803711,-85.2712,23.0532,55.6397345479109,63,63,63,63,61,63,-0.005607,8764,2.04575969791764,23,-85,0.001869,51,2024-03-10 12:50:34.00136,242,1.037,0.0011,"aoml_navis",1026.81369200733
"7901009",28,-0.00274079111330001,1,0.016821,1,-0.005607,1,147.416289284453,1,4.86923869848814,244,1,21.5669994354248,36.9189987182617,0.0168210007250309,0.00373800005763769,142.155303955078,-85.2712,23.0532,55.6397345479109,63,63,63,63,61,63,-0.005607,8764,2.04575969791764,23,-85,0.001869,51,2024-03-10 12:50:34.00136,244,1.037,0.0011,"aoml_navis",1026.85456795381
"7901009",28,-0.00274079111330001,1,0.016821,1,-0.005607,1,147.419295748933,1,4.8691236570561,246,1,21.4899997711182,36.9109992980957,0.0168210007250309,0.00373800005763769,142.158203125,-85.2712,23.0532,55.6397345479109,63,63,63,63,61,63,-0.005607,8764,2.04575969791764,23,-85,0.001869,51,2024-03-10 12:50:34.00136,246,1.037,0.0011,"aoml_navis",1026.87882916143
"7901009",28,-0.00365438815106668,1,0.014952,1,-0.007476,1,147.555346178371,1,4.86896544337266,248,1,21.375,36.9010009765625,0.0149520002305508,0.00186900002881885,142.289398193359,-85.2712,23.0532,55.6397345479109,63,63,63,63,61,63,-0.007476,8764,2.04575969791764,23,-85,0.001869,51,2024-03-10 12:50:34.00136,248,1.037,0.0011,"aoml_navis",1026.91219688275
"7901009",28,-0.00456798518883336,1,0.013083,1,-0.009345,1,147.743155267345,1,4.86884528035673,250,1,21.2910003662109,36.8919982910156,0.0130829997360706,0,142.470504760742,-85.2712,23.0532,55.6397345479109,63,63,63,63,61,63,-0.009345,8764,2.04575969791764,23,-85,0.001869,51,2024-03-10 12:50:34.00136,250,1.037,0.0011,"aoml_navis",1026.93754105771
"7901009",28,0,1,0.014952,1,-0.007476,1,148.05954609505,1,4.86867794238137,252,1,21.1630001068115,36.8800010681152,0.0149520002305508,0,142.775604248047,-85.2712,23.0532,55.6397345479109,63,63,63,63,61,63,0,8764,2.04575969791764,23,-85,0.001869,51,2024-03-10 12:50:34.00136,252,1.037,0.0011,"aoml_navis",1026.97283722045
"7901009",28,0,1,0.011214,1,-0.011214,1,148.442300670262,1,4.86849806922325,254,1,21.0249996185303,36.8680000305176,0.0112140001729131,0,143.14469909668,-85.2712,23.0532,55.6397345479109,63,63,63,63,61,63,0,8764,2.04575969791764,23,-85,0.001869,51,2024-03-10 12:50:34.00136,254,1.037,0.0011,"aoml_navis",1027.0107801024
"7901009",28,0,1,0.013083,1,-0.009345,1,148.564774539051,1,4.86841455816158,256,1,20.9790000915527,36.8629989624023,0.0130829997360706,0,143.262802124023,-85.2712,23.0532,55.6397345479109,63,63,63,63,61,63,0,8764,2.04575969791764,23,-85,0.001869,51,2024-03-10 12:50:34.00136,256,1.037,0.0011,"aoml_navis",1027.02839708213
"7901009",28,0,1,0.013083,1,-0.009345,1,148.674795315497,1,4.8683242169418,258,1,20.9249992370605,36.8569984436035,0.0130829997360706,0,143.368896484375,-85.2712,23.0532,55.6397345479109,63,63,63,63,61,63,0,8764,2.04575969791764,23,-85,0.001869,51,2024-03-10 12:50:34.00136,258,1.037,0.0011,"aoml_navis",1027.04745559056
"7901009",28,0,1,0.016821,1,-0.005607,1,148.967023662887,1,4.86816913525485,260,1,20.8050003051758,36.8450012207031,0.0168210007250309,0,143.650695800781,-85.2712,23.0532,55.6397345479109,63,63,63,63,61,63,0,8764,2.04575969791764,23,-85,0.001869,51,2024-03-10 12:50:34.00136,260,1.037,0.0011,"aoml_navis",1027.08017348667
"7901009",28,0,1,0.011214,1,-0.011214,1,149.276578739776,1,4.86805108457017,262,1,20.7240009307861,36.8370018005371,0.0112140001729131,0,143.949203491211,-85.2712,23.0532,55.6397345479109,63,63,63,63,61,63,0,8764,2.04575969791764,23,-85,0.001869,51,2024-03-10 12:50:34.00136,262,1.037,0.0011,"aoml_navis",1027.10508027495
"7901009",28,0,1,0.016821,1,-0.005607,1,149.397280376872,1,4.86796225524908,264,1,20.6679992675781,36.8300018310547,0.0168210007250309,0,144.06559753418,-85.2712,23.0532,55.6397345479109,63,63,63,63,61,63,0,8764,2.04575969791764,23,-85,0.001869,51,2024-03-10 12:50:34.00136,264,1.037,0.0011,"aoml_navis",1027.12382262384
"7901009",28,0,1,0.016821,1,-0.005607,1,149.337657439198,1,4.86789007201963,266,1,20.632999420166,36.826000213623,0.0168210007250309,0,144.008102416992,-85.2712,23.0532,55.6397345479109,63,63,63,63,61,63,0,8764,2.04575969791764,23,-85,0.001869,51,2024-03-10 12:50:34.00136,266,1.037,0.0011,"aoml_navis",1027.13905327068
"7901009",28,0,1,0.014952,1,-0.007476,1,149.312972783473,1,4.86779623320117,268,1,20.5729999542236,36.8190002441406,0.0149520002305508,0,143.984298706055,-85.2712,23.0532,55.6397345479109,63,63,63,63,61,63,0,8764,2.04575969791764,23,-85,0.001869,51,2024-03-10 12:50:34.00136,268,1.037,0.0011,"aoml_navis",1027.15885391774
"7901009",28,0,1,0.016821,1,-0.005607,1,149.299396222824,1,4.86773874001365,270,1,20.5520000457764,36.8160018920898,0.0168210007250309,0,143.971206665039,-85.2712,23.0532,55.6397345479109,63,63,63,63,61,63,0,8764,2.04575969791764,23,-85,0.001869,51,2024-03-10 12:50:34.00136,270,1.037,0.0011,"aoml_navis",1027.1709857596
"7901009",28,0,1,0.020559,1,-0.001869,1,149.395001793267,1,4.86766829108784,272,1,20.5209999084473,36.8129997253418,0.020558999851346,0,144.063400268555,-85.2712,23.0532,55.6397345479109,63,63,63,63,61,63,0,8764,2.04575969791764,23,-85,0.001869,51,2024-03-10 12:50:34.00136,272,1.037,0.0011,"aoml_navis",1027.18585182857
"7901009",28,0,1,0.014952,1,-0.007476,1,149.514057786648,1,4.86760379150174,274,1,20.4890003204346,36.8079986572266,0.0149520002305508,0,144.178207397461,-85.2712,23.0532,55.6397345479109,63,63,63,63,61,63,0,8764,2.04575969791764,23,-85,0.001869,51,2024-03-10 12:50:34.00136,274,1.037,0.0011,"aoml_navis",1027.19946285057
"7901009",28,0,1,0.01869,1,-0.003738,1,149.918585494089,1,4.86745688552606,276,1,20.371000289917,36.7949981689453,0.0186899993568659,0,144.568298339844,-85.2712,23.0532,55.6397345479109,63,63,63,63,61,63,0,8764,2.04575969791764,23,-85,0.001869,51,2024-03-10 12:50:34.00136,276,1.037,0.0011,"aoml_navis",1027.23046502334
"7901009",28,0,1,0.016821,1,-0.005607,1,149.937874337248,1,4.86734194761673,278,1,20.2830009460449,36.7840003967285,0.0168210007250309,0,144.586898803711,-85.2712,23.0532,55.6397345479109,63,63,63,63,61,63,0,8764,2.04575969791764,23,-85,0.001869,51,2024-03-10 12:50:34.00136,278,1.037,0.0011,"aoml_navis",1027.25472214834
"7901009",28,0,1,0.01869,1,-0.003738,1,150.240783545288,1,4.8672221757298,280,1,20.1909999847412,36.7729988098145,0.0186899993568659,0,144.878997802734,-85.2712,23.0532,55.6397345479109,63,63,63,63,61,63,0,8764,2.04575969791764,23,-85,0.001869,51,2024-03-10 12:50:34.00136,280,1.037,0.0011,"aoml_navis",1027.28000068135
"7901009",28,0,1,0.01869,1,-0.003738,1,150.596796410132,1,4.86713654670002,282,1,20.1310005187988,36.7639999389648,0.0186899993568659,0,145.222305297852,-85.2712,23.0532,55.6397345479109,63,63,63,63,61,63,0,8764,2.04575969791764,23,-85,0.001869,51,2024-03-10 12:50:34.00136,282,1.037,0.0011,"aoml_navis",1027.29807393426
"7901009",28,0,1,0.014952,1,-0.007476,1,151.011593567294,1,4.86701859176362,284,1,20.0400009155273,36.7529983520508,0.0149520002305508,0,145.622299194336,-85.2712,23.0532,55.6397345479109,63,63,63,63,61,63,0,8764,2.04575969791764,23,-85,0.001869,51,2024-03-10 12:50:34.00136,284,1.037,0.0011,"aoml_navis",1027.3229710816
"7901009",28,0,1,0.01869,1,-0.003738,1,151.586508693227,1,4.8669205320726,286,1,19.9699993133545,36.7439994812012,0.0186899993568659,0,146.176696777344,-85.2712,23.0532,55.6397345479109,63,63,63,63,61,63,0,8764,2.04575969791764,23,-85,0.001869,51,2024-03-10 12:50:34.00136,286,1.037,0.0011,"aoml_navis",1027.34366979087
"7901009",28,0,1,0.014952,1,-0.007476,1,151.630687897575,1,4.86683755004821,288,1,19.9230003356934,36.7389984130859,0.0149520002305508,0,146.219299316406,-85.2712,23.0532,55.6397345479109,63,63,63,63,61,63,0,8764,2.04575969791764,23,-85,0.001869,51,2024-03-10 12:50:34.00136,288,1.037,0.0011,"aoml_navis",1027.36118651638
"7901009",28,0,1,0.016821,1,-0.005607,1,151.533420859921,1,4.86676843229542,290,1,19.8840007781982,36.7330017089844,0.0168210007250309,0,146.125503540039,-85.2712,23.0532,55.6397345479109,63,63,63,63,61,63,0,8764,2.04575969791764,23,-85,0.001869,51,2024-03-10 12:50:34.00136,290,1.037,0.0011,"aoml_navis",1027.37577708043
"7901009",28,0,1,0.016821,1,-0.005607,1,151.372780715742,1,4.86668772640661,292,1,19.8330001831055,36.726001739502,0.0168210007250309,0,145.970596313477,-85.2712,23.0532,55.6397345479109,63,63,63,63,61,63,0,8764,2.04575969791764,23,-85,0.001869,51,2024-03-10 12:50:34.00136,292,1.037,0.0011,"aoml_navis",1027.39281439202
"7901009",28,0,1,0.016821,1,-0.005607,1,151.600101077373,1,4.86658495497723,294,1,19.7560005187988,36.7159996032715,0.0168210007250309,0,146.189804077148,-85.2712,23.0532,55.6397345479109,63,63,63,63,61,63,0,8764,2.04575969791764,23,-85,0.001869,51,2024-03-10 12:50:34.00136,294,1.037,0.0011,"aoml_navis",1027.41451063878
"7901009",28,0,1,0.014952,1,-0.007476,1,152.273327591779,1,4.86649398019394,296,1,19.6909999847412,36.7070007324219,0.0149520002305508,0,146.839004516602,-85.2712,23.0532,55.6397345479109,63,63,63,63,61,63,0,8764,2.04575969791764,23,-85,0.001869,51,2024-03-10 12:50:34.00136,296,1.037,0.0011,"aoml_navis",1027.43371724067
"7901009",28,0,1,0.013083,1,-0.009345,1,153.099614795177,1,4.86640985210369,298,1,19.636999130249,36.7000007629395,0.0130829997360706,0,147.635803222656,-85.2712,23.0532,55.6397345479109,63,63,63,63,61,63,0,8764,2.04575969791764,23,-85,0.001869,51,2024-03-10 12:50:34.00136,298,1.037,0.0011,"aoml_navis",1027.45147900738
"7901009",28,0,1,0.016821,1,-0.005607,1,153.521469232117,1,4.86633376564449,300,1,19.5949993133545,36.6949996948242,0.0168210007250309,0,148.042602539062,-85.2712,23.0532,55.6397345479109,63,63,63,63,61,63,0,8764,2.04575969791764,23,-85,0.001869,51,2024-03-10 12:50:34.00136,300,1.037,0.0011,"aoml_navis",1027.46754349222
"7901009",28,0,1,0.016821,1,-0.005607,1,153.871453344505,1,4.86625000686766,302,1,19.5440006256104,36.6889991760254,0.0168210007250309,0,148.380096435547,-85.2712,23.0532,55.6397345479109,63,63,63,63,61,63,0,8764,2.04575969791764,23,-85,0.001869,51,2024-03-10 12:50:34.00136,302,1.037,0.0011,"aoml_navis",1027.48522844975
"7901009",28,0,1,0.016821,1,-0.005607,1,153.892609360341,1,4.86617876470514,304,1,19.5,36.681999206543,0.0168210007250309,0,148.400497436523,-85.2712,23.0532,55.6397345479109,63,63,63,63,61,63,0,8764,2.04575969791764,23,-85,0.001869,51,2024-03-10 12:50:34.00136,304,1.037,0.0011,"aoml_navis",1027.50027110913
"7901009",28,0,1,0.013083,1,-0.009345,1,153.760815451666,1,4.86608119893377,306,1,19.4349994659424,36.6749992370605,0.0130829997360706,0,148.273406982422,-85.2712,23.0532,55.6397345479109,63,63,63,63,61,63,0,8764,2.04575969791764,23,-85,0.001869,51,2024-03-10 12:50:34.00136,306,1.037,0.0011,"aoml_navis",1027.52087266764
"7901009",28,0,1,0.013083,1,-0.009345,1,153.781132822147,1,4.86600857569756,308,1,19.3840007781982,36.6660003662109,0.0130829997360706,0,148.292999267578,-85.2712,23.0532,55.6397345479109,63,63,63,63,61,63,0,8764,2.04575969791764,23,-85,0.001869,51,2024-03-10 12:50:34.00136,308,1.037,0.0011,"aoml_navis",1027.53620800663
"7901009",28,0,1,0.014952,1,-0.007476,1,154.061651781565,1,4.86592993228464,310,1,19.3309993743896,36.6580009460449,0.0149520002305508,0,148.563507080078,-85.2712,23.0532,55.6397345479109,63,63,63,63,61,63,0,8764,2.04575969791764,23,-85,0.001869,51,2024-03-10 12:50:34.00136,310,1.037,0.0011,"aoml_navis",1027.55281510032
"7901009",28,0,1,0.011214,1,-0.011214,1,153.974844075599,1,4.86581586715744,312,1,19.238000869751,36.6459999084473,0.0112140001729131,0,148.479797363281,-85.2712,23.0532,55.6397345479109,63,63,63,63,61,63,0,8764,2.04575969791764,23,-85,0.001869,51,2024-03-10 12:50:34.00136,312,1.037,0.0011,"aoml_navis",1027.57690313525
"7901009",28,0,1,0.01869,1,-0.003738,1,153.664877587781,1,4.86572219062951,314,1,19.1639995574951,36.6349983215332,0.0186899993568659,0,148.180892944336,-85.2712,23.0532,55.6397345479109,63,63,63,63,61,63,0,8764,2.04575969791764,23,-85,0.001869,51,2024-03-10 12:50:34.00136,314,1.037,0.0011,"aoml_navis",1027.59668639305
"7901009",28,0,1,0.013083,1,-0.009345,1,153.72233270633,1,4.86563279978929,316,1,19.1019992828369,36.6269989013672,0.0130829997360706,0,148.236297607422,-85.2712,23.0532,55.6397345479109,63,63,63,63,61,63,0,8764,2.04575969791764,23,-85,0.001869,51,2024-03-10 12:50:34.00136,316,1.037,0.0011,"aoml_navis",1027.61556527992
"7901009",28,0,1,0.016821,1,-0.005607,1,153.442652392267,1,4.86555089077886,318,1,19.0429992675781,36.6180000305176,0.0168210007250309,0,147.966598510742,-85.2712,23.0532,55.6397345479109,63,63,63,63,61,63,0,8764,2.04575969791764,23,-85,0.001869,51,2024-03-10 12:50:34.00136,318,1.037,0.0011,"aoml_navis",1027.63286465176
"7901009",28,0,1,0.016821,1,-0.005607,1,153.113919236699,1,4.86549929977574,320,1,19.0200004577637,36.6129989624023,0.0168210007250309,0,147.649597167969,-85.2712,23.0532,55.6397345479109,63,63,63,63,61,63,0,8764,2.04575969791764,23,-85,0.001869,51,2024-03-10 12:50:34.00136,320,1.037,0.0011,"aoml_navis",1027.64376108953
"7901009",28,0,1,0.011214,1,-0.011214,1,152.701922838552,1,4.86544399270806,322,1,18.9939994812012,36.6080017089844,0.0112140001729131,0,147.252304077148,-85.2712,23.0532,55.6397345479109,63,63,63,63,61,63,0,8764,2.04575969791764,23,-85,0.001869,51,2024-03-10 12:50:34.00136,322,1.037,0.0011,"aoml_navis",1027.65544264688
"7901009",28,0,1,0.014952,1,-0.007476,1,152.767147294256,1,4.86535110574807,324,1,18.9230003356934,36.5979995727539,0.0149520002305508,0,147.315200805664,-85.2712,23.0532,55.6397345479109,63,63,63,63,61,63,0,8764,2.04575969791764,23,-85,0.001869,51,2024-03-10 12:50:34.00136,324,1.037,0.0011,"aoml_navis",1027.67506215386
"7901009",28,0,1,0.016821,1,-0.005607,1,153.153541273837,1,4.86526342356642,326,1,18.8589992523193,36.5890007019043,0.0168210007250309,0,147.687805175781,-85.2712,23.0532,55.6397345479109,63,63,63,63,61,63,0,8764,2.04575969791764,23,-85,0.001869,51,2024-03-10 12:50:34.00136,326,1.037,0.0011,"aoml_navis",1027.69358299922
"7901009",28,0,1,0.013083,1,-0.009345,1,153.444203094999,1,4.86519595552656,328,1,18.8229999542236,36.5839996337891,0.0130829997360706,0,147.96809387207,-85.2712,23.0532,55.6397345479109,63,63,63,63,61,63,0,8764,2.04575969791764,23,-85,0.001869,51,2024-03-10 12:50:34.00136,328,1.037,0.0011,"aoml_navis",1027.70783452624
"7901009",28,0,1,0.014952,1,-0.007476,1,153.48755947749,1,4.86514346974237,330,1,18.8050003051758,36.5810012817383,0.0149520002305508,0,148.009902954102,-85.2712,23.0532,55.6397345479109,63,63,63,63,61,63,0,8764,2.04575969791764,23,-85,0.001869,51,2024-03-10 12:50:34.00136,330,1.037,0.0011,"aoml_navis",1027.71892156857
"7901009",28,0,1,0.013083,1,-0.009345,1,153.324435044241,1,4.86504487002344,332,1,18.7259998321533,36.5699996948242,0.0130829997360706,0,147.852600097656,-85.2712,23.0532,55.6397345479109,63,63,63,63,61,63,0,8764,2.04575969791764,23,-85,0.001869,51,2024-03-10 12:50:34.00136,332,1.037,0.0011,"aoml_navis",1027.73975031723
"7901009",28,0,1,0.013083,1,-0.009345,1,153.171374355249,1,4.86495748316567,334,1,18.6529998779297,36.5579986572266,0.0130829997360706,0,147.705001831055,-85.2712,23.0532,55.6397345479109,63,63,63,63,61,63,0,8764,2.04575969791764,23,-85,0.001869,51,2024-03-10 12:50:34.00136,334,1.037,0.0011,"aoml_navis",1027.75821110495
"7901009",28,0,1,0.014952,1,-0.007476,1,153.057919879898,1,4.86487535851305,336,1,18.5930004119873,36.548999786377,0.0149520002305508,0,147.595596313477,-85.2712,23.0532,55.6397345479109,63,63,63,63,61,63,0,8764,2.04575969791764,23,-85,0.001869,51,2024-03-10 12:50:34.00136,336,1.037,0.0011,"aoml_navis",1027.77556083744
"7901009",28,0,1,0.014952,1,-0.007476,1,152.870126614421,1,4.8647945040718,338,1,18.5279998779297,36.5379981994629,0.0149520002305508,0,147.414505004883,-85.2712,23.0532,55.6397345479109,63,63,63,63,61,63,0,8764,2.04575969791764,23,-85,0.001869,51,2024-03-10 12:50:34.00136,338,1.037,0.0011,"aoml_navis",1027.79264279612
"7901009",28,0,1,0.014952,1,-0.007476,1,152.455519339226,1,4.8647175440046,340,1,18.4720001220703,36.5289993286133,0.0149520002305508,0,147.014694213867,-85.2712,23.0532,55.6397345479109,63,63,63,63,61,63,0,8764,2.04575969791764,23,-85,0.001869,51,2024-03-10 12:50:34.00136,340,1.037,0.0011,"aoml_navis",1027.80890252552
"7901009",28,0,1,0.01869,1,-0.003738,1,152.324453311425,1,4.8645979620464,342,1,18.363000869751,36.5139999389648,0.0186899993568659,0,146.888305664062,-85.2712,23.0532,55.6397345479109,63,63,63,63,61,63,0,8764,2.04575969791764,23,-85,0.001869,51,2024-03-10 12:50:34.00136,342,1.037,0.0011,"aoml_navis",1027.83416821082
"7901009",28,0,1,0.01869,1,-0.003738,1,152.077021284776,1,4.86452618638378,344,1,18.3080005645752,36.5040016174316,0.0186899993568659,0,146.649703979492,-85.2712,23.0532,55.6397345479109,63,63,63,63,61,63,0,8764,2.04575969791764,23,-85,0.001869,51,2024-03-10 12:50:34.00136,344,1.037,0.0011,"aoml_navis",1027.84933381496
"7901009",28,0,1,0.016821,1,-0.005607,1,151.887661493071,1,4.86445094390563,346,1,18.2560005187988,36.4959983825684,0.0168210007250309,0,146.467102050781,-85.2712,23.0532,55.6397345479109,63,63,63,63,61,63,0,8764,2.04575969791764,23,-85,0.001869,51,2024-03-10 12:50:34.00136,346,1.037,0.0011,"aoml_navis",1027.86523240905
"7901009",28,0,1,0.01869,1,-0.003738,1,151.520762062113,1,4.86440243346415,348,1,18.238000869751,36.492000579834,0.0186899993568659,0,146.113296508789,-85.2712,23.0532,55.6397345479109,63,63,63,63,61,63,0,8764,2.04575969791764,23,-85,0.001869,51,2024-03-10 12:50:34.00136,348,1.037,0.0011,"aoml_navis",1027.87548283485
"7901009",28,0,1,0.016821,1,-0.005607,1,151.055456301698,1,4.86433215542226,350,1,18.193000793457,36.4850006103516,0.0168210007250309,0,145.664596557617,-85.2712,23.0532,55.6397345479109,63,63,63,63,61,63,0,8764,2.04575969791764,23,-85,0.001869,51,2024-03-10 12:50:34.00136,350,1.037,0.0011,"aoml_navis",1027.89033319333
"7901009",28,0,1,0.011214,1,-0.011214,1,150.526682493775,1,4.86426798034546,352,1,18.1499996185303,36.4770011901855,0.0112140001729131,0,145.154693603516,-85.2712,23.0532,55.6397345479109,63,63,63,63,61,63,0,8764,2.04575969791764,23,-85,0.001869,51,2024-03-10 12:50:34.00136,352,1.037,0.0011,"aoml_navis",1027.90389431729
"7901009",28,0,1,0.016821,1,-0.005607,1,149.921797664033,1,4.86419664783435,354,1,18.1040000915527,36.4700012207031,0.0168210007250309,0,144.571395874023,-85.2712,23.0532,55.6397345479109,63,63,63,63,61,63,0,8764,2.04575969791764,23,-85,0.001869,51,2024-03-10 12:50:34.00136,354,1.037,0.0011,"aoml_navis",1027.9189683308
"7901009",28,0,1,0.014952,1,-0.007476,1,149.688685902404,1,4.86411462618578,356,1,18.0340003967285,36.4580001831055,0.0149520002305508,0,144.346603393555,-85.2712,23.0532,55.6397345479109,63,63,63,63,61,63,0,8764,2.04575969791764,23,-85,0.001869,51,2024-03-10 12:50:34.00136,356,1.037,0.0011,"aoml_navis",1027.93630172338
"7901009",28,0,1,0.011214,1,-0.011214,1,149.463438418914,1,4.86404231077215,358,1,17.9839992523193,36.4500007629395,0.0112140001729131,0,144.12939453125,-85.2712,23.0532,55.6397345479109,63,63,63,63,61,63,0,8764,2.04575969791764,23,-85,0.001869,51,2024-03-10 12:50:34.00136,358,1.037,0.0011,"aoml_navis",1027.95158441092
"7901009",28,0,1,0.016821,1,-0.005607,1,149.2360231163,1,4.86394747564223,360,1,17.8999996185303,36.4370002746582,0.0168210007250309,0,143.910095214844,-85.2712,23.0532,55.6397345479109,63,63,63,63,61,63,0,8764,2.04575969791764,23,-85,0.001869,51,2024-03-10 12:50:34.00136,360,1.037,0.0011,"aoml_navis",1027.9716269633
"7901009",28,0,1,0.016821,1,-0.005607,1,149.274505861635,1,4.86386713913612,362,1,17.8369998931885,36.4269981384277,0.0168210007250309,0,143.947204589844,-85.2712,23.0532,55.6397345479109,63,63,63,63,61,63,0,8764,2.04575969791764,23,-85,0.001869,51,2024-03-10 12:50:34.00136,362,1.037,0.0011,"aoml_navis",1027.98860597332
"7901009",28,0,1,0.014952,1,-0.007476,1,149.262258474756,1,4.86380580904905,364,1,17.8050003051758,36.4220008850098,0.0149520002305508,0,143.935394287109,-85.2712,23.0532,55.6397345479109,63,63,63,63,61,63,0,8764,2.04575969791764,23,-85,0.001869,51,2024-03-10 12:50:34.00136,364,1.037,0.0011,"aoml_navis",1028.00156838037
"7901009",28,0,1,0.01869,1,-0.003738,1,148.991819083093,1,4.86373265726846,366,1,17.7600002288818,36.4160003662109,0.0186899993568659,0,143.674606323242,-85.2712,23.0532,55.6397345479109,63,63,63,63,61,63,0,8764,2.04575969791764,23,-85,0.001869,51,2024-03-10 12:50:34.00136,366,1.037,0.0011,"aoml_navis",1028.01702978635
"7901009",28,0,1,0.016821,1,-0.005607,1,148.572037524293,1,4.86368575887711,368,1,17.7369995117188,36.4099998474121,0.0168210007250309,0,143.269805908203,-85.2712,23.0532,55.6397345479109,63,63,63,63,61,63,0,8764,2.04575969791764,23,-85,0.001869,51,2024-03-10 12:50:34.00136,368,1.037,0.0011,"aoml_navis",1028.02694250427
"7901009",28,0,1,0.020559,1,-0.001869,1,148.118346210866,1,4.86360122639737,370,1,17.6609992980957,36.3969993591309,0.020558999851346,0,142.832305908203,-85.2712,23.0532,55.6397345479109,63,63,63,63,61,63,0,8764,2.04575969791764,23,-85,0.001869,51,2024-03-10 12:50:34.00136,370,1.037,0.0011,"aoml_navis",1028.04481026576
"7901009",28,0,1,0.014952,1,-0.007476,1,148.128916307036,1,4.86349567994609,372,1,17.5639991760254,36.382999420166,0.0149520002305508,0,142.842498779297,-85.2712,23.0532,55.6397345479109,63,63,63,63,61,63,0,8764,2.04575969791764,23,-85,0.001869,51,2024-03-10 12:50:34.00136,372,1.037,0.0011,"aoml_navis",1028.06712065496
"7901009",28,0,1,0.014952,1,-0.007476,1,147.952310254122,1,4.86340451319898,374,1,17.4850006103516,36.3709983825684,0.0149520002305508,0,142.67219543457,-85.2712,23.0532,55.6397345479109,63,63,63,63,61,63,0,8764,2.04575969791764,23,-85,0.001869,51,2024-03-10 12:50:34.00136,374,1.037,0.0011,"aoml_navis",1028.08639224443
"7901009",28,0,1,0.016821,1,-0.005607,1,147.928780713697,1,4.86333333983708,376,1,17.431999206543,36.3619995117188,0.0168210007250309,0,142.649505615234,-85.2712,23.0532,55.6397345479109,63,63,63,63,61,63,0,8764,2.04575969791764,23,-85,0.001869,51,2024-03-10 12:50:34.00136,376,1.037,0.0011,"aoml_navis",1028.10143796713
"7901009",28,0,1,0.014952,1,-0.007476,1,147.919239144849,1,4.86326671543036,378,1,17.3920001983643,36.3559989929199,0.0149520002305508,0,142.64030456543,-85.2712,23.0532,55.6397345479109,63,63,63,63,61,63,0,8764,2.04575969791764,23,-85,0.001869,51,2024-03-10 12:50:34.00136,378,1.037,0.0011,"aoml_navis",1028.11552246061
"7901009",28,0,1,0.016821,1,-0.005607,1,147.682693684316,1,4.86320250006373,380,1,17.3540000915527,36.3499984741211,0.0168210007250309,0,142.412200927734,-85.2712,23.0532,55.6397345479109,63,63,63,63,61,63,0,8764,2.04575969791764,23,-85,0.001869,51,2024-03-10 12:50:34.00136,380,1.037,0.0011,"aoml_navis",1028.12909804485
"7901009",28,0,1,0.016821,1,-0.005607,1,147.235015299848,1,4.86313726339742,382,1,17.3120002746582,36.3429985046387,0.0168210007250309,0,141.980499267578,-85.2712,23.0532,55.6397345479109,63,63,63,63,61,63,0,8764,2.04575969791764,23,-85,0.001869,51,2024-03-10 12:50:34.00136,382,1.037,0.0011,"aoml_navis",1028.14288990621
"7901009",28,0,1,0.014952,1,-0.007476,1,146.894145521882,1,4.86307453884137,384,1,17.2689990997314,36.3349990844727,0.0149520002305508,0,141.651794433594,-85.2712,23.0532,55.6397345479109,63,63,63,63,61,63,0,8764,2.04575969791764,23,-85,0.001869,51,2024-03-10 12:50:34.00136,384,1.037,0.0011,"aoml_navis",1028.15615102442
"7901009",28,0,1,0.01869,1,-0.003738,1,146.293928623831,1,4.86303369173633,386,1,17.2569999694824,36.3310012817383,0.0186899993568659,0,141.072998046875,-85.2712,23.0532,55.6397345479109,63,63,63,63,61,63,0,8764,2.04575969791764,23,-85,0.001869,51,2024-03-10 12:50:34.00136,386,1.037,0.0011,"aoml_navis",1028.16478703333
"7901009",28,0,1,0.014952,1,-0.007476,1,145.401071967462,1,4.8629665033815,388,1,17.2070007324219,36.3219985961914,0.0149520002305508,0,140.212005615234,-85.2712,23.0532,55.6397345479109,63,63,63,63,61,63,0,8764,2.04575969791764,23,-85,0.001869,51,2024-03-10 12:50:34.00136,388,1.037,0.0011,"aoml_navis",1028.17899249835
"7901009",28,0,1,0.01869,1,-0.003738,1,145.271335113431,1,4.86280837700856,390,1,17.0259990692139,36.2960014343262,0.0186899993568659,0,140.086898803711,-85.2712,23.0532,55.6397345479109,63,63,63,63,61,63,0,8764,2.04575969791764,23,-85,0.001869,51,2024-03-10 12:50:34.00136,390,1.037,0.0011,"aoml_navis",1028.21242630906
"7901009",28,0,1,0.014952,1,-0.007476,1,145.127293817877,1,4.86273714679761,392,1,16.9689998626709,36.2859992980957,0.0149520002305508,0,139.947998046875,-85.2712,23.0532,55.6397345479109,63,63,63,63,61,63,0,8764,2.04575969791764,23,-85,0.001869,51,2024-03-10 12:50:34.00136,392,1.037,0.0011,"aoml_navis",1028.22748774171
"7901009",28,0,1,0.016821,1,-0.005607,1,144.935133267157,1,4.86267051265589,394,1,16.9190006256104,36.2770004272461,0.0168210007250309,0,139.7626953125,-85.2712,23.0532,55.6397345479109,63,63,63,63,61,63,0,8764,2.04575969791764,23,-85,0.001869,51,2024-03-10 12:50:34.00136,394,1.037,0.0011,"aoml_navis",1028.2415777476
"7901009",28,0,1,0.016821,1,-0.005607,1,144.747023531735,1,4.86258796621404,396,1,16.8519992828369,36.2669982910156,0.0168210007250309,0,139.581298828125,-85.2712,23.0532,55.6397345479109,63,63,63,63,61,63,0,8764,2.04575969791764,23,-85,0.001869,51,2024-03-10 12:50:34.00136,396,1.037,0.0011,"aoml_navis",1028.25903299657
"7901009",28,0,1,0.020559,1,-0.001869,1,144.285562881154,1,4.86253606008637,398,1,16.8239994049072,36.2610015869141,0.020558999851346,0,139.136306762695,-85.2712,23.0532,55.6397345479109,63,63,63,63,61,63,0,8764,2.04575969791764,23,-85,0.001869,51,2024-03-10 12:50:34.00136,398,1.037,0.0011,"aoml_navis",1028.27000935623
"7901009",28,0,1,0.01869,1,-0.003738,1,143.664490613715,1,4.86248419670499,400,1,16.7959995269775,36.2550010681152,0.0186899993568659,0,138.537399291992,-85.2712,23.0532,55.6397345479109,63,63,63,63,61,63,0,8764,2.04575969791764,23,-85,0.001869,51,2024-03-10 12:50:34.00136,400,1.037,0.0011,"aoml_navis",1028.28097691057
"7901009",28,0,1,0.01869,1,-0.003738,1,143.306404870731,1,4.86238426795436,402,1,16.701000213623,36.2410011291504,0.0186899993568659,0,138.192092895508,-85.2712,23.0532,55.6397345479109,63,63,63,63,61,63,0,8764,2.04575969791764,23,-85,0.001869,51,2024-03-10 12:50:34.00136,402,1.037,0.0011,"aoml_navis",1028.30210951294
"7901009",28,0,1,0.016821,1,-0.005607,1,142.897414937063,1,4.86232046209463,404,1,16.6529998779297,36.2319984436035,0.0168210007250309,0,137.797698974609,-85.2712,23.0532,55.6397345479109,63,63,63,63,61,63,0,8764,2.04575969791764,23,-85,0.001869,51,2024-03-10 12:50:34.00136,404,1.037,0.0011,"aoml_navis",1028.31560341995
"7901009",28,0,1,0.01869,1,-0.003738,1,142.605075825192,1,4.86225100747512,406,1,16.6000003814697,36.2229995727539,0.0186899993568659,0,137.51579284668,-85.2712,23.0532,55.6397345479109,63,63,63,63,61,63,0,8764,2.04575969791764,23,-85,0.001869,51,2024-03-10 12:50:34.00136,406,1.037,0.0011,"aoml_navis",1028.33029235083
"7901009",28,0,1,0.016821,1,-0.005607,1,142.234141402433,1,4.86219919140141,408,1,16.5750007629395,36.2179985046387,0.0168210007250309,0,137.158096313477,-85.2712,23.0532,55.6397345479109,63,63,63,63,61,63,0,8764,2.04575969791764,23,-85,0.001869,51,2024-03-10 12:50:34.00136,408,1.037,0.0011,"aoml_navis",1028.34125118574
"7901009",28,0,1,0.014952,1,-0.007476,1,141.685050224028,1,4.86214435490863,410,1,16.5410003662109,36.2109985351562,0.0149520002305508,0,136.628601074219,-85.2712,23.0532,55.6397345479109,63,63,63,63,61,63,0,8764,2.04575969791764,23,-85,0.001869,51,2024-03-10 12:50:34.00136,410,1.037,0.0011,"aoml_navis",1028.35284907825
"7901009",28,0,1,0.016821,1,-0.005607,1,141.293687666307,1,4.86204424595268,412,1,16.4449996948242,36.1969985961914,0.0168210007250309,0,136.251205444336,-85.2712,23.0532,55.6397345479109,63,63,63,63,61,63,0,8764,2.04575969791764,23,-85,0.001869,51,2024-03-10 12:50:34.00136,412,1.037,0.0011,"aoml_navis",1028.37402275024
"7901009",28,0,1,0.016821,1,-0.005607,1,141.069484533636,1,4.86195401342897,414.100006103516,1,16.3560009002686,36.181999206543,0.0168210007250309,0,136.035003662109,-85.2712,23.0532,55.6397345479109,63,63,63,63,61,63,0,8764,2.04575969791764,23,-85,0.001869,51,2024-03-10 12:50:34.00136,414.100006103516,1.037,0.0011,"aoml_navis",1028.39310824202
"7901009",28,0,4,0.009345,1,-0.013083,1,140.870060997673,1,4.86187683446271,416,1,16.2810001373291,36.1689987182617,0.00934499967843294,0,135.842697143555,-85.2712,23.0532,55.6397345479109,63,63,63,63,61,63,0,8764,2.04575969791764,23,-85,0.001869,51,2024-03-10 12:50:34.00136,416,1.037,0.0011,"aoml_navis",1028.40943327857
"7901009",28,0,1,0.01869,1,-0.003738,1,140.509285260155,1,4.86180250599139,418,1,16.2229995727539,36.1599998474121,0.0186899993568659,0,135.49479675293,-85.2712,23.0532,55.6397345479109,63,63,63,63,61,63,0,8764,2.04575969791764,23,-85,0.001869,51,2024-03-10 12:50:34.00136,418,1.037,0.0011,"aoml_navis",1028.42515586314
"7901009",28,0,1,0.014952,1,-0.007476,1,140.12475845325,1,4.86172542815078,420,1,16.1560001373291,36.148998260498,0.0149520002305508,0,135.123992919922,-85.2712,23.0532,55.6397345479109,63,63,63,63,61,63,0,8764,2.04575969791764,23,-85,0.001869,51,2024-03-10 12:50:34.00136,420,1.037,0.0011,"aoml_navis",1028.44146052522
"7901009",28,0,1,0.014952,1,-0.007476,1,139.876709310209,1,4.86164851599483,422,1,16.0890007019043,36.1380004882812,0.0149520002305508,0,134.884796142578,-85.2712,23.0532,55.6397345479109,63,63,63,63,61,63,0,8764,2.04575969791764,23,-85,0.001869,51,2024-03-10 12:50:34.00136,422,1.037,0.0011,"aoml_navis",1028.45773065453
"7901009",28,0,1,0.014952,1,-0.007476,1,139.548814799996,1,4.86159493191772,424,1,16.0620002746582,36.132999420166,0.0149520002305508,0,134.568603515625,-85.2712,23.0532,55.6397345479109,63,63,63,63,61,63,0,8764,2.04575969791764,23,-85,0.001869,51,2024-03-10 12:50:34.00136,424,1.037,0.0011,"aoml_navis",1028.46906622632
"7901009",28,0,1,0.020559,1,-0.001869,1,139.177247437346,1,4.8615354202054,426,1,16.0200004577637,36.125,0.020558999851346,0,134.210296630859,-85.2712,23.0532,55.6397345479109,63,63,63,63,61,63,0,8764,2.04575969791764,23,-85,0.001869,51,2024-03-10 12:50:34.00136,426,1.037,0.0011,"aoml_navis",1028.48165606675
"7901009",28,0,1,0.014952,1,-0.007476,1,138.532962099428,1,4.86147261682366,428,1,15.9750003814697,36.117000579834,0.0149520002305508,0,133.589004516602,-85.2712,23.0532,55.6397345479109,63,63,63,63,61,63,0,8764,2.04575969791764,23,-85,0.001869,51,2024-03-10 12:50:34.00136,428,1.037,0.0011,"aoml_navis",1028.49494260174
"7901009",28,0,1,0.014952,1,-0.007476,1,138.187535154251,1,4.86138640834788,430,1,15.8830003738403,36.101001739502,0.0149520002305508,0,133.255905151367,-85.2712,23.0532,55.6397345479109,63,63,63,63,61,63,0,8764,2.04575969791764,23,-85,0.001869,51,2024-03-10 12:50:34.00136,430,1.037,0.0011,"aoml_navis",1028.51318122215
"7901009",28,0,1,0.022428,1,0,1,137.771994292717,1,4.86131329103846,432,1,15.8219995498657,36.0909996032715,0.0224280003458261,0,132.855194091797,-85.2712,23.0532,55.6397345479109,63,63,63,63,61,63,0,8764,2.04575969791764,23,-85,0.001869,51,2024-03-10 12:50:34.00136,432,1.037,0.0011,"aoml_navis",1028.52865072844
"7901009",28,0,1,0.022428,1,0,1,137.497298380291,1,4.86123919891421,434,1,15.7600002288818,36.0810012817383,0.0224280003458261,0,132.590301513672,-85.2712,23.0532,55.6397345479109,63,63,63,63,61,63,0,8764,2.04575969791764,23,-85,0.001869,51,2024-03-10 12:50:34.00136,434,1.037,0.0011,"aoml_navis",1028.54432695202
"7901009",28,0,4,0.013083,1,-0.009345,1,137.301925659627,1,4.86117847904822,436,1,15.7229995727539,36.0750007629395,0.0130829997360706,0,132.401901245117,-85.2712,23.0532,55.6397345479109,63,63,63,63,61,63,0,8764,2.04575969791764,23,-85,0.001869,51,2024-03-10 12:50:34.00136,436,1.037,0.0011,"aoml_navis",1028.55717426342
"7901009",28,0,1,0.014952,1,-0.007476,1,136.896242836886,1,4.86112556974398,438,1,15.6929998397827,36.0690002441406,0.0149520002305508,0,132.010696411133,-85.2712,23.0532,55.6397345479109,63,63,63,63,61,63,0,8764,2.04575969791764,23,-85,0.001869,51,2024-03-10 12:50:34.00136,438,1.037,0.0011,"aoml_navis",1028.56836925184
"7901009",28,0,1,0.020559,1,-0.001869,1,136.512649616319,1,4.86106365094257,440,1,15.6450004577637,36.060001373291,0.020558999851346,0,131.64079284668,-85.2712,23.0532,55.6397345479109,63,63,63,63,61,63,0,8764,2.04575969791764,23,-85,0.001869,51,2024-03-10 12:50:34.00136,440,1.037,0.0011,"aoml_navis",1028.58147085371
"7901009",28,0,1,0.01869,1,-0.003738,1,136.361155453556,1,4.8609692076179,442,1,15.5509996414185,36.0460014343262,0.0186899993568659,0,131.494705200195,-85.2712,23.0532,55.6397345479109,63,63,63,63,61,63,0,8764,2.04575969791764,23,-85,0.001869,51,2024-03-10 12:50:34.00136,442,1.037,0.0011,"aoml_navis",1028.60145506872
"7901009",28,0,1,0.01869,1,-0.003738,1,136.181432171682,1,4.86090945082353,444,1,15.5080003738403,36.0379981994629,0.0186899993568659,0,131.321395874023,-85.2712,23.0532,55.6397345479109,63,63,63,63,61,63,0,8764,2.04575969791764,23,-85,0.001869,51,2024-03-10 12:50:34.00136,444,1.037,0.0011,"aoml_navis",1028.61410001227
"7901009",28,0,1,0.020559,1,-0.001869,1,136.119324944938,1,4.86084205869946,446,1,15.4580001831055,36.0299987792969,0.020558999851346,0,131.261505126953,-85.2712,23.0532,55.6397345479109,63,63,63,63,61,63,0,8764,2.04575969791764,23,-85,0.001869,51,2024-03-10 12:50:34.00136,446,1.037,0.0011,"aoml_navis",1028.62836101648
"7901009",28,0,1,0.020559,1,-0.001869,1,135.77938875331,1,4.86079535880513,448,1,15.4399995803833,36.0260009765625,0.020558999851346,0,130.933700561523,-85.2712,23.0532,55.6397345479109,63,63,63,63,61,63,0,8764,2.04575969791764,23,-85,0.001869,51,2024-03-10 12:50:34.00136,448,1.037,0.0011,"aoml_navis",1028.63824352175
"7901009",28,0,1,0.01869,1,-0.003738,1,135.492350513022,1,4.86071639897888,450,1,15.3760004043579,36.0169982910156,0.0186899993568659,0,130.65690612793,-85.2712,23.0532,55.6397345479109,63,63,63,63,61,63,0,8764,2.04575969791764,23,-85,0.001869,51,2024-03-10 12:50:34.00136,450,1.037,0.0011,"aoml_navis",1028.6549532185
"7901009",28,0,1,0.016821,1,-0.005607,1,135.141939166208,1,4.86064379772296,452,1,15.3210000991821,36.0089988708496,0.0168210007250309,0,130.319000244141,-85.2712,23.0532,55.6397345479109,63,63,63,63,61,63,0,8764,2.04575969791764,23,-85,0.001869,51,2024-03-10 12:50:34.00136,452,1.037,0.0011,"aoml_navis",1028.67031777608
"7901009",28,0,1,0.016821,1,-0.005607,1,134.97840332203,1,4.86056256971546,454,1,15.2480001449585,35.9980010986328,0.0168210007250309,0,130.16130065918,-85.2712,23.0532,55.6397345479109,63,63,63,63,61,63,0,8764,2.04575969791764,23,-85,0.001869,51,2024-03-10 12:50:34.00136,454,1.037,0.0011,"aoml_navis",1028.68750855165
"7901009",28,0,1,0.016821,1,-0.005607,1,134.551675247934,1,4.86050149481694,456,1,15.210000038147,35.992000579834,0.0168210007250309,0,129.749801635742,-85.2712,23.0532,55.6397345479109,63,63,63,63,61,63,0,8764,2.04575969791764,23,-85,0.001869,51,2024-03-10 12:50:34.00136,456,1.037,0.0011,"aoml_navis",1028.70043458104
"7901009",28,0,1,0.022428,1,0,1,134.082429436701,1,4.86045026190144,458,1,15.1809997558594,35.9860000610352,0.0224280003458261,0,129.297302246094,-85.2712,23.0532,55.6397345479109,63,63,63,63,61,63,0,8764,2.04575969791764,23,-85,0.001869,51,2024-03-10 12:50:34.00136,458,1.037,0.0011,"aoml_navis",1028.71127788148
"7901009",28,0,1,0.014952,1,-0.007476,1,133.53655042824,1,4.86039471523,460,1,15.1479997634888,35.9799995422363,0.0149520002305508,0,128.770904541016,-85.2712,23.0532,55.6397345479109,63,63,63,63,61,63,0,8764,2.04575969791764,23,-85,0.001869,51,2024-03-10 12:50:34.00136,460,1.037,0.0011,"aoml_navis",1028.72303443433
"7901009",28,0,1,0.01869,1,-0.003738,1,132.664936816942,1,4.86032088178047,462,1,15.0780000686646,35.9679985046387,0.0186899993568659,0,127.930397033691,-85.2712,23.0532,55.6397345479109,63,63,63,63,61,63,0,8764,2.04575969791764,23,-85,0.001869,51,2024-03-10 12:50:34.00136,462,1.037,0.0011,"aoml_navis",1028.73866183262
"7901009",28,0,1,0.016821,1,-0.005607,1,132.269428502939,1,4.86020763116976,464,1,14.9409999847412,35.9469985961914,0.0168210007250309,0,127.549003601074,-85.2712,23.0532,55.6397345479109,63,63,63,63,61,63,0,8764,2.04575969791764,23,-85,0.001869,51,2024-03-10 12:50:34.00136,464,1.037,0.0011,"aoml_navis",1028.7626330887
"7901009",28,0,1,0.022428,1,0,1,132.035058773279,1,4.86012983675273,466,1,14.8599996566772,35.9329986572266,0.0224280003458261,0,127.322998046875,-85.2712,23.0532,55.6397345479109,63,63,63,63,61,63,0,8764,2.04575969791764,23,-85,0.001869,51,2024-03-10 12:50:34.00136,466,1.037,0.0011,"aoml_navis",1028.77910013629
"7901009",28,0,1,0.016821,1,-0.005607,1,131.636852552993,1,4.86009252903013,468,1,14.8470001220703,35.9280014038086,0.0168210007250309,0,126.939002990723,-85.2712,23.0532,55.6397345479109,63,63,63,63,61,63,0,8764,2.04575969791764,23,-85,0.001869,51,2024-03-10 12:50:34.00136,468,1.037,0.0011,"aoml_navis",1028.78699739443
"7901009",28,0,1,0.020559,1,-0.001869,1,131.17620681252,1,4.86000885223606,470,1,14.7670001983643,35.9160003662109,0.020558999851346,0,126.49479675293,-85.2712,23.0532,55.6397345479109,63,63,63,63,61,63,0,8764,2.04575969791764,23,-85,0.001869,51,2024-03-10 12:50:34.00136,470,1.037,0.0011,"aoml_navis",1028.80471044811
"7901009",28,0,1,0.01869,1,-0.003738,1,131.119068163916,1,4.85989713520782,472,1,14.6400003433228,35.8979988098145,0.0186899993568659,0,126.439697265625,-85.2712,23.0532,55.6397345479109,63,63,63,63,61,63,0,8764,2.04575969791764,23,-85,0.001869,51,2024-03-10 12:50:34.00136,472,1.037,0.0011,"aoml_navis",1028.82836012664
"7901009",28,0,1,0.020559,1,-0.001869,1,130.894350767584,1,4.85983953852627,474,1,14.6009998321533,35.890998840332,0.020558999851346,0,126.222999572754,-85.2712,23.0532,55.6397345479109,63,63,63,63,61,63,0,8764,2.04575969791764,23,-85,0.001869,51,2024-03-10 12:50:34.00136,474,1.037,0.0011,"aoml_navis",1028.84055334803
"7901009",28,0,1,0.020559,1,-0.001869,1,130.614148278111,1,4.8597783699682,476,1,14.5620002746582,35.8849983215332,0.020558999851346,0,125.952796936035,-85.2712,23.0532,55.6397345479109,63,63,63,63,61,63,0,8764,2.04575969791764,23,-85,0.001869,51,2024-03-10 12:50:34.00136,476,1.037,0.0011,"aoml_navis",1028.85350305239
"7901009",28,0,1,0.01869,1,-0.003738,1,130.337688045741,1,4.85972573010934,478,1,14.5310001373291,35.8790016174316,0.0186899993568659,0,125.68620300293,-85.2712,23.0532,55.6397345479109,63,63,63,63,61,63,0,8764,2.04575969791764,23,-85,0.001869,51,2024-03-10 12:50:34.00136,478,1.037,0.0011,"aoml_navis",1028.8646474474
"7901009",28,0,1,0.01869,1,-0.003738,1,129.881813089692,1,4.85968177371065,480,1,14.5150003433228,35.875,0.0186899993568659,0,125.246597290039,-85.2712,23.0532,55.6397345479109,63,63,63,63,61,63,0,8764,2.04575969791764,23,-85,0.001869,51,2024-03-10 12:50:34.00136,480,1.037,0.0011,"aoml_navis",1028.8739536503
"7901009",28,0,1,0.01869,1,-0.003738,1,129.121066811943,1,4.85962587946491,482,1,14.4739999771118,35.867000579834,0.0186899993568659,0,124.513000488281,-85.2712,23.0532,55.6397345479109,63,63,63,63,61,63,0,8764,2.04575969791764,23,-85,0.001869,51,2024-03-10 12:50:34.00136,482,1.037,0.0011,"aoml_navis",1028.88578751057
"7901009",28,0,1,0.014952,1,-0.007476,1,128.614279753462,1,4.85954096952301,484,1,14.371000289917,35.8489990234375,0.0149520002305508,0,124.024299621582,-85.2712,23.0532,55.6397345479109,63,63,63,63,61,63,0,8764,2.04575969791764,23,-85,0.001869,51,2024-03-10 12:50:34.00136,484,1.037,0.0011,"aoml_navis",1028.90376505886
"7901009",28,0,1,0.01869,1,-0.003738,1,128.383755133636,1,4.85942545573677,486,1,14.2279996871948,35.8279991149902,0.0186899993568659,0,123.802001953125,-85.2712,23.0532,55.6397345479109,63,63,63,63,61,63,0,8764,2.04575969791764,23,-85,0.001869,51,2024-03-10 12:50:34.00136,486,1.037,0.0011,"aoml_navis",1028.92822321151
"7901009",28,0,1,0.01869,1,-0.003738,1,128.20548761351,1,4.85934323250868,488,1,14.1370000839233,35.8129997253418,0.0186899993568659,0,123.630096435547,-85.2712,23.0532,55.6397345479109,63,63,63,63,61,63,0,8764,2.04575969791764,23,-85,0.001869,51,2024-03-10 12:50:34.00136,488,1.037,0.0011,"aoml_navis",1028.94563334204
"7901009",28,0,1,0.020559,1,-0.001869,1,128.067981422324,1,4.85925824900123,490,1,14.0500001907349,35.7999992370605,0.020558999851346,0,123.497497558594,-85.2712,23.0532,55.6397345479109,63,63,63,63,61,63,0,8764,2.04575969791764,23,-85,0.001869,51,2024-03-10 12:50:34.00136,490,1.037,0.0011,"aoml_navis",1028.9636285595
"7901009",28,0,1,0.020559,1,-0.001869,1,127.866698625433,1,4.85920312992234,492,1,14.0159997940063,35.7939987182617,0.020558999851346,0,123.303398132324,-85.2712,23.0532,55.6397345479109,63,63,63,63,61,63,0,8764,2.04575969791764,23,-85,0.001869,51,2024-03-10 12:50:34.00136,492,1.037,0.0011,"aoml_navis",1028.97530033487
"7901009",28,0,1,0.022428,1,0,1,127.684396113506,1,4.85913924218696,494,1,13.9700002670288,35.7869987487793,0.0224280003458261,0,123.127601623535,-85.2712,23.0532,55.6397345479109,63,63,63,63,61,63,0,8764,2.04575969791764,23,-85,0.001869,51,2024-03-10 12:50:34.00136,494,1.037,0.0011,"aoml_navis",1028.98882925397
"7901009",28,0,1,0.024297,1,0.001869,1,127.332022653032,1,4.85909248641688,496,1,13.951000213623,35.7830009460449,0.0242970008403063,0,122.787803649902,-85.2712,23.0532,55.6397345479109,63,63,63,63,61,63,0,8764,2.04575969791764,23,-85,0.001869,51,2024-03-10 12:50:34.00136,496,1.037,0.0011,"aoml_navis",1028.99873051954
"7901009",28,0,1,0.01869,1,-0.003738,1,126.767986181466,1,4.8590457792532,498,1,13.9250001907349,35.7770004272461,0.0186899993568659,0,122.243896484375,-85.2712,23.0532,55.6397345479109,63,63,63,63,61,63,0,8764,2.04575969791764,23,-85,0.001869,51,2024-03-10 12:50:34.00136,498,1.037,0.0011,"aoml_navis",1029.00862168219
"7901009",28,0,1,0.022428,1,0,1,126.243160336109,1,4.85896311614174,500,1,13.8360004425049,35.7630004882812,0.0224280003458261,0,121.737800598145,-85.2712,23.0532,55.6397345479109,63,63,63,63,61,63,0,8764,2.04575969791764,23,-85,0.001869,51,2024-03-10 12:50:34.00136,500,1.037,0.0011,"aoml_navis",1029.02612769167
"7901009",28,0,1,0.024297,1,0.001869,1,125.813837208462,1,4.85888086526681,502,1,13.7399997711182,35.7470016479492,0.0242970008403063,0,121.323799133301,-85.2712,23.0532,55.6397345479109,63,63,63,63,61,63,0,8764,2.04575969791764,23,-85,0.001869,51,2024-03-10 12:50:34.00136,502,1.037,0.0011,"aoml_navis",1029.04354699082
"7901009",28,0,1,0.016821,1,-0.005607,1,125.224815434722,1,4.8588036826167,504,1,13.6450004577637,35.7299995422363,0.0168210007250309,0,120.755798339844,-85.2712,23.0532,55.6397345479109,63,63,63,63,61,63,0,8764,2.04575969791764,23,-85,0.001869,51,2024-03-10 12:50:34.00136,504,1.037,0.0011,"aoml_navis",1029.05989346482
"7901009",28,0,1,0.024297,1,0.001869,1,124.650731042396,1,4.85870183517441,506,1,13.5290002822876,35.7140007019043,0.0242970008403063,0,120.202201843262,-85.2712,23.0532,55.6397345479109,63,63,63,63,61,63,0,8764,2.04575969791764,23,-85,0.001869,51,2024-03-10 12:50:34.00136,506,1.037,0.0011,"aoml_navis",1029.08146447734
"7901009",28,0,1,0.024297,1,0.001869,1,124.478690068441,1,4.85861702758495,508,1,13.4399995803833,35.701000213623,0.0242970008403063,0,120.03630065918,-85.2712,23.0532,55.6397345479109,63,63,63,63,61,63,0,8764,2.04575969791764,23,-85,0.001869,51,2024-03-10 12:50:34.00136,508,1.037,0.0011,"aoml_navis",1029.09942718521
"7901009",28,0,1,0.016821,1,-0.005607,1,124.306134830826,1,4.85854874274821,510,1,13.3850002288818,35.693000793457,0.0168210007250309,0,119.869903564453,-85.2712,23.0532,55.6397345479109,63,63,63,63,61,63,0,8764,2.04575969791764,23,-85,0.001869,51,2024-03-10 12:50:34.00136,510,1.037,0.0011,"aoml_navis",1029.11389074009
"7901009",28,0,1,0.024297,1,0.001869,1,124.126213755236,1,4.85850241547989,512,1,13.3660001754761,35.6889991760254,0.0242970008403063,0,119.696403503418,-85.2712,23.0532,55.6397345479109,63,63,63,63,61,63,0,8764,2.04575969791764,23,-85,0.001869,51,2024-03-10 12:50:34.00136,512,1.037,0.0011,"aoml_navis",1029.12370364771
"7901009",28,0,1,0.024297,1,0.001869,1,123.708188604632,1,4.85845689795346,514,1,13.3549995422363,35.6870002746582,0.0242970008403063,0,119.293296813965,-85.2712,23.0532,55.6397345479109,63,63,63,63,61,63,0,8764,2.04575969791764,23,-85,0.001869,51,2024-03-10 12:50:34.00136,514,1.037,0.0011,"aoml_navis",1029.13334522041
"7901009",28,0,1,0.01869,1,-0.003738,1,123.258959517433,1,4.85839989646821,516,1,13.3109998703003,35.6790008544922,0.0186899993568659,0,118.86009979248,-85.2712,23.0532,55.6397345479109,63,63,63,63,61,63,0,8764,2.04575969791764,23,-85,0.001869,51,2024-03-10 12:50:34.00136,516,1.037,0.0011,"aoml_navis",1029.14541959272
"7901009",28,0,1,0.022428,1,0,1,122.891134411885,1,4.85831387314635,518,1,13.2200002670288,35.6660003662109,0.0224280003458261,0,118.505401611328,-85.2712,23.0532,55.6397345479109,63,63,63,63,61,63,0,8764,2.04575969791764,23,-85,0.001869,51,2024-03-10 12:50:34.00136,518,1.037,0.0011,"aoml_navis",1029.16364206866
"7901009",28,0,1,0.024297,1,0.001869,1,122.578161459588,1,4.85824360006888,520,1,13.1479997634888,35.6539993286133,0.0242970008403063,0,118.203598022461,-85.2712,23.0532,55.6397345479109,63,63,63,63,61,63,0,8764,2.04575969791764,23,-85,0.001869,51,2024-03-10 12:50:34.00136,520,1.037,0.0011,"aoml_navis",1029.17852862074
"7901009",28,0,1,0.020559,1,-0.001869,1,122.3338466619,1,4.85816489484765,522,1,13.0710000991821,35.6430015563965,0.020558999851346,0,117.968002319336,-85.2712,23.0532,55.6397345479109,63,63,63,63,61,63,0,8764,2.04575969791764,23,-85,0.001869,51,2024-03-10 12:50:34.00136,522,1.037,0.0011,"aoml_navis",1029.19520193783
"7901009",28,0,1,0.020559,1,-0.001869,1,122.210644912237,1,4.85808744834836,524,1,12.9949998855591,35.6319999694824,0.020558999851346,0,117.849197387695,-85.2712,23.0532,55.6397345479109,63,63,63,63,61,63,0,8764,2.04575969791764,23,-85,0.001869,51,2024-03-10 12:50:34.00136,524,1.037,0.0011,"aoml_navis",1029.21160912817
"7901009",28,0,1,0.020559,1,-0.001869,1,122.132461012277,1,4.85803407916211,526,1,12.9540004730225,35.6240005493164,0.020558999851346,0,117.773803710938,-85.2712,23.0532,55.6397345479109,63,63,63,63,61,63,0,8764,2.04575969791764,23,-85,0.001869,51,2024-03-10 12:50:34.00136,526,1.037,0.0011,"aoml_navis",1029.22291579774
"7901009",28,0,1,0.026166,1,0.003738,1,121.929619600907,1,4.85798209671378,528,1,12.9289999008179,35.6199989318848,0.0261659994721413,0,117.578201293945,-85.2712,23.0532,55.6397345479109,63,63,63,63,61,63,0,8764,2.04575969791764,23,-85,0.001869,51,2024-03-10 12:50:34.00136,528,1.037,0.0011,"aoml_navis",1029.23392891511
"7901009",28,0,1,0.020559,1,-0.001869,1,121.815342303698,1,4.85791857613552,530,1,12.8850002288818,35.6139984130859,0.020558999851346,0,117.468002319336,-85.2712,23.0532,55.6397345479109,63,63,63,63,61,63,0,8764,2.04575969791764,23,-85,0.001869,51,2024-03-10 12:50:34.00136,530,1.037,0.0011,"aoml_navis",1029.24738684639
"7901009",28,0,1,0.01869,1,-0.003738,1,121.771574510278,1,4.85786664515281,532,1,12.8599996566772,35.6100006103516,0.0186899993568659,0,117.425796508789,-85.2712,23.0532,55.6397345479109,63,63,63,63,61,63,0,8764,2.04575969791764,23,-85,0.001869,51,2024-03-10 12:50:34.00136,532,1.037,0.0011,"aoml_navis",1029.25838958322
"7901009",28,0,1,0.026166,1,0.003738,1,121.634171171824,1,4.85782757380206,534,1,12.8590002059937,35.609001159668,0.0261659994721413,0,117.293296813965,-85.2712,23.0532,55.6397345479109,63,63,63,63,61,63,0,8764,2.04575969791764,23,-85,0.001869,51,2024-03-10 12:50:34.00136,534,1.037,0.0011,"aoml_navis",1029.2666678753
"7901009",28,0,1,0.020559,1,-0.001869,1,121.43527772302,1,4.85778193599492,536,1,12.8439998626709,35.6059989929199,0.020558999851346,0,117.101501464844,-85.2712,23.0532,55.6397345479109,63,63,63,63,61,63,0,8764,2.04575969791764,23,-85,0.001869,51,2024-03-10 12:50:34.00136,536,1.037,0.0011,"aoml_navis",1029.27633761229
"7901009",28,0,1,0.024297,1,0.001869,1,121.311458856964,1,4.85772577265981,538,1,12.8109998703003,35.601001739502,0.0242970008403063,0,116.98210144043,-85.2712,23.0532,55.6397345479109,63,63,63,63,61,63,0,8764,2.04575969791764,23,-85,0.001869,51,2024-03-10 12:50:34.00136,538,1.037,0.0011,"aoml_navis",1029.28823774716
"7901009",28,0,1,0.01869,1,-0.003738,1,121.127178407879,1,4.85767163992866,540,1,12.7799997329712,35.5960006713867,0.0186899993568659,0,116.804397583008,-85.2712,23.0532,55.6397345479109,63,63,63,63,61,63,0,8764,2.04575969791764,23,-85,0.001869,51,2024-03-10 12:50:34.00136,540,1.037,0.0011,"aoml_navis",1029.29970788915
"7901009",28,0,1,0.022428,1,0,1,120.838787258574,1,4.85762809037219,542,1,12.7559995651245,35.5900001525879,0.0224280003458261,0,116.526298522949,-85.2712,23.0532,55.6397345479109,63,63,63,63,61,63,0,8764,2.04575969791764,23,-85,0.001869,51,2024-03-10 12:50:34.00136,542,1.037,0.0011,"aoml_navis",1029.30893575611
"7901009",28,0,1,0.024297,1,0.001869,1,120.523852192617,1,4.85756832192572,544,1,12.6969995498657,35.5789985656738,0.0242970008403063,0,116.222602844238,-85.2712,23.0532,55.6397345479109,63,63,63,63,61,63,0,8764,2.04575969791764,23,-85,0.001869,51,2024-03-10 12:50:34.00136,544,1.037,0.0011,"aoml_navis",1029.32160056944
"7901009",28,0,1,0.020559,1,-0.001869,1,120.694334552092,1,4.85744617469255,546,1,12.5220003128052,35.5540008544922,0.020558999851346,0,116.387001037598,-85.2712,23.0532,55.6397345479109,63,63,63,63,61,63,0,8764,2.04575969791764,23,-85,0.001869,51,2024-03-10 12:50:34.00136,546,1.037,0.0011,"aoml_navis",1029.34748429126
"7901009",28,0,1,0.033642,1,0.011214,1,120.559526267189,1,4.85737190100913,548,1,12.4399995803833,35.5410003662109,0.0336420014500618,0,116.25700378418,-85.2712,23.0532,55.6397345479109,63,63,63,63,61,63,0,8764,2.04575969791764,23,-85,0.001869,51,2024-03-10 12:50:34.00136,548,1.037,0.0011,"aoml_navis",1029.36322396093
"7901009",28,0,1,0.024297,1,0.001869,1,120.337293159927,1,4.85731168458371,550,1,12.3909997940063,35.5330009460449,0.0242970008403063,0,116.042701721191,-85.2712,23.0532,55.6397345479109,63,63,63,63,61,63,0,8764,2.04575969791764,23,-85,0.001869,51,2024-03-10 12:50:34.00136,550,1.037,0.0011,"aoml_navis",1029.37598504727
"7901009",28,0,1,0.020559,1,-0.001869,1,120.170331528592,1,4.85724337987467,552,1,12.326000213623,35.5229988098145,0.020558999851346,0,115.881698608398,-85.2712,23.0532,55.6397345479109,63,63,63,63,61,63,0,8764,2.04575969791764,23,-85,0.001869,51,2024-03-10 12:50:34.00136,552,1.037,0.0011,"aoml_navis",1029.39046058858
"7901009",28,0,1,0.024297,1,0.001869,1,119.938042588821,1,4.85719080071789,554,1,12.2959995269775,35.5180015563965,0.0242970008403063,0,115.657699584961,-85.2712,23.0532,55.6397345479109,63,63,63,63,61,63,0,8764,2.04575969791764,23,-85,0.001869,51,2024-03-10 12:50:34.00136,554,1.037,0.0011,"aoml_navis",1029.40160375438
"7901009",28,0,1,0.022428,1,0,1,119.775646036446,1,4.85713923680541,556,1,12.2670001983643,35.5130004882812,0.0224280003458261,0,115.501098632812,-85.2712,23.0532,55.6397345479109,63,63,63,63,61,63,0,8764,2.04575969791764,23,-85,0.001869,51,2024-03-10 12:50:34.00136,556,1.037,0.0011,"aoml_navis",1029.4125319925
"7901009",28,0,1,0.024297,1,0.001869,1,119.64934288132,1,4.85707186628594,558,1,12.21399974823,35.5060005187988,0.0242970008403063,0,115.379302978516,-85.2712,23.0532,55.6397345479109,63,63,63,63,61,63,0,8764,2.04575969791764,23,-85,0.001869,51,2024-03-10 12:50:34.00136,558,1.037,0.0011,"aoml_navis",1029.42681056588
"7901009",28,0,1,0.022428,1,0,1,119.629737568216,1,4.85700115475493,560,1,12.1459999084473,35.4959983825684,0.0224280003458261,0,115.360397338867,-85.2712,23.0532,55.6397345479109,63,63,63,63,61,63,0,8764,2.04575969791764,23,-85,0.001869,51,2024-03-10 12:50:34.00136,560,1.037,0.0011,"aoml_navis",1029.44179766255
"7901009",28,0,1,0.020559,1,-0.001869,1,119.477199054633,1,4.85694038476478,562,1,12.0920000076294,35.4869995117188,0.020558999851346,0,115.213302612305,-85.2712,23.0532,55.6397345479109,63,63,63,63,61,63,0,8764,2.04575969791764,23,-85,0.001869,51,2024-03-10 12:50:34.00136,562,1.037,0.0011,"aoml_navis",1029.45467802816
"7901009",28,0,1,0.028035,1,0.005607,1,119.431358383072,1,4.85686332561785,564,1,12.0170001983643,35.4770011901855,0.0280349999666214,0,115.169097900391,-85.2712,23.0532,55.6397345479109,63,63,63,63,61,63,0,8764,2.04575969791764,23,-85,0.001869,51,2024-03-10 12:50:34.00136,564,1.037,0.0011,"aoml_navis",1029.4710113886
"7901009",28,0,1,0.024297,1,0.001869,1,119.430116238538,1,4.85680412622766,566,1,11.9720001220703,35.4700012207031,0.0242970008403063,0,115.167900085449,-85.2712,23.0532,55.6397345479109,63,63,63,63,61,63,0,8764,2.04575969791764,23,-85,0.001869,51,2024-03-10 12:50:34.00136,566,1.037,0.0011,"aoml_navis",1029.48355956936
"7901009",28,0,1,0.026166,1,0.003738,1,119.274357643263,1,4.85675611036972,568,1,11.9540004730225,35.4669990539551,0.0261659994721413,0,115.017700195312,-85.2712,23.0532,55.6397345479109,63,63,63,63,61,63,0,8764,2.04575969791764,23,-85,0.001869,51,2024-03-10 12:50:34.00136,568,1.037,0.0011,"aoml_navis",1029.49373746078
"7901009",28,0,1,0.020559,1,-0.001869,1,118.893668034443,1,4.85671078751899,570,1,11.9350004196167,35.4630012512207,0.020558999851346,0,114.650596618652,-85.2712,23.0532,55.6397345479109,63,63,63,63,61,63,0,8764,2.04575969791764,23,-85,0.001869,51,2024-03-10 12:50:34.00136,570,1.037,0.0011,"aoml_navis",1029.50334470178
"7901009",28,0,1,0.028035,1,0.005607,1,118.598852545251,1,4.85664318904736,572,1,11.8809995651245,35.4560012817383,0.0280349999666214,0,114.366302490234,-85.2712,23.0532,55.6397345479109,63,63,63,63,61,63,0,8764,2.04575969791764,23,-85,0.001869,51,2024-03-10 12:50:34.00136,572,1.037,0.0011,"aoml_navis",1029.51767411613
"7901009",28,0,1,0.024297,1,0.001869,1,118.367702897283,1,4.85658802349819,574,1,11.8400001525879,35.4490013122559,0.0242970008403063,0,114.143402099609,-85.2712,23.0532,55.6397345479109,63,63,63,63,61,63,0,8764,2.04575969791764,23,-85,0.001869,51,2024-03-10 12:50:34.00136,574,1.037,0.0011,"aoml_navis",1029.52936831535
"7901009",28,0,1,0.024297,1,0.001869,1,117.798072819436,1,4.85652347148004,576,1,11.7889995574951,35.4420013427734,0.0242970008403063,0,113.594100952148,-85.2712,23.0532,55.6397345479109,63,63,63,63,61,63,0,8764,2.04575969791764,23,-85,0.001869,51,2024-03-10 12:50:34.00136,576,1.037,0.0011,"aoml_navis",1029.54305263066
"7901009",28,0,1,0.026166,1,0.003738,1,116.828361436877,1,4.85645820869195,578,1,11.7410001754761,35.4360008239746,0.0261659994721413,0,112.658996582031,-85.2712,23.0532,55.6397345479109,63,63,63,63,61,63,0,8764,2.04575969791764,23,-85,0.001869,51,2024-03-10 12:50:34.00136,578,1.037,0.0011,"aoml_navis",1029.55688799116
"7901009",28,0,1,0.026166,1,0.003738,1,115.891634134356,1,4.85639044820029,580,1,11.6979999542236,35.431999206543,0.0261659994721413,0,111.755699157715,-85.2712,23.0532,55.6397345479109,63,63,63,63,61,63,0,8764,2.04575969791764,23,-85,0.001869,51,2024-03-10 12:50:34.00136,580,1.037,0.0011,"aoml_navis",1029.57125324487
"7901009",28,0,1,0.028035,1,0.005607,1,115.232925678685,1,4.85634200488445,582,1,11.6909999847412,35.431999206543,0.0280349999666214,0,111.120498657227,-85.2712,23.0532,55.6397345479109,63,63,63,63,61,63,0,8764,2.04575969791764,23,-85,0.001869,51,2024-03-10 12:50:34.00136,582,1.037,0.0011,"aoml_navis",1029.58152349465
"7901009",28,0,1,0.026166,1,0.003738,1,114.293706175346,1,4.85630003561928,584,1,11.6870002746582,35.4309997558594,0.0261659994721413,0,110.214797973633,-85.2712,23.0532,55.6397345479109,63,63,63,63,61,63,0,8764,2.04575969791764,23,-85,0.001869,51,2024-03-10 12:50:34.00136,584,1.037,0.0011,"aoml_navis",1029.59042137568
"7901009",28,0,1,0.024297,1,0.001869,1,113.722319689302,1,4.8562234870034,586,1,11.6190004348755,35.4230003356934,0.0242970008403063,0,109.663803100586,-85.2712,23.0532,55.6397345479109,63,63,63,63,61,63,0,8764,2.04575969791764,23,-85,0.001869,51,2024-03-10 12:50:34.00136,586,1.037,0.0011,"aoml_navis",1029.60665080209
"7901009",28,0,1,0.024297,1,0.001869,1,113.621626864491,1,4.85614049816356,588,1,11.539999961853,35.4140014648438,0.0242970008403063,0,109.566703796387,-85.2712,23.0532,55.6397345479109,63,63,63,63,61,63,0,8764,2.04575969791764,23,-85,0.001869,51,2024-03-10 12:50:34.00136,588,1.037,0.0011,"aoml_navis",1029.62424622822
"7901009",28,0,1,0.022428,1,0,1,113.497491528489,1,4.85608309860588,590,1,11.496000289917,35.4070014953613,0.0224280003458261,0,109.446998596191,-85.2712,23.0532,55.6397345479109,63,63,63,63,61,63,0,8764,2.04575969791764,23,-85,0.001869,51,2024-03-10 12:50:34.00136,590,1.037,0.0011,"aoml_navis",1029.63641652579
"7901009",28,0,1,0.024297,1,0.001869,1,113.307095297714,1,4.85603066121901,592,1,11.4689998626709,35.4029998779297,0.0242970008403063,0,109.263397216797,-85.2712,23.0532,55.6397345479109,63,63,63,63,61,63,0,8764,2.04575969791764,23,-85,0.001869,51,2024-03-10 12:50:34.00136,592,1.037,0.0011,"aoml_navis",1029.64753495705
"7901009",28,0,1,0.024297,1,0.001869,1,113.17125057374,1,4.85598104389424,594,1,11.4449996948242,35.398998260498,0.0242970008403063,0,109.132400512695,-85.2712,23.0532,55.6397345479109,63,63,63,63,61,63,0,8764,2.04575969791764,23,-85,0.001869,51,2024-03-10 12:50:34.00136,594,1.037,0.0011,"aoml_navis",1029.65805566454
"7901009",28,0,1,0.026166,1,0.003738,1,112.937505872222,1,4.85593994844537,596,1,11.4379997253418,35.3969993591309,0.0261659994721413,0,108.906997680664,-85.2712,23.0532,55.6397345479109,63,63,63,63,61,63,0,8764,2.04575969791764,23,-85,0.001869,51,2024-03-10 12:50:34.00136,596,1.037,0.0011,"aoml_navis",1029.66676958201
"7901009",28,0,1,0.024297,1,0.001869,1,112.610956359276,1,4.85589865630056,598,1,11.418999671936,35.3919982910156,0.0242970008403063,0,108.592102050781,-85.2712,23.0532,55.6397345479109,63,63,63,63,61,63,0,8764,2.04575969791764,23,-85,0.001869,51,2024-03-10 12:50:34.00136,598,1.037,0.0011,"aoml_navis",1029.67552535563
"7901009",28,0,1,0.026166,1,0.003738,1,112.498126912066,1,4.85580588279303,600,1,11.3090000152588,35.3779983520508,0.0261659994721413,0,108.483299255371,-85.2712,23.0532,55.6397345479109,63,63,63,63,61,63,0,8764,2.04575969791764,23,-85,0.001869,51,2024-03-10 12:50:34.00136,600,1.037,0.0011,"aoml_navis",1029.69519801398
"7901009",28,0,1,0.028035,1,0.005607,1,112.147826329734,1,4.85572456825144,602,1,11.1949996948242,35.3600006103516,0.0280349999666214,0,108.145500183105,-85.2712,23.0532,55.6397345479109,63,63,63,63,61,63,0,8764,2.04575969791764,23,-85,0.001869,51,2024-03-10 12:50:34.00136,602,1.037,0.0011,"aoml_navis",1029.71244141233
"7901009",28,0,1,0.028035,1,0.005607,1,112.061857269122,1,4.85562099712833,604,1,11.0559997558594,35.3419990539551,0.0280349999666214,0,108.062599182129,-85.2712,23.0532,55.6397345479109,63,63,63,63,61,63,0,8764,2.04575969791764,23,-85,0.001869,51,2024-03-10 12:50:34.00136,604,1.037,0.0011,"aoml_navis",1029.73440533292
"7901009",28,0,1,0.026166,1,0.003738,1,112.114747308712,1,4.85553449514425,606,1,10.9589996337891,35.3300018310547,0.0261659994721413,0,108.11360168457,-85.2712,23.0532,55.6397345479109,63,63,63,63,61,63,0,8764,2.04575969791764,23,-85,0.001869,51,2024-03-10 12:50:34.00136,606,1.037,0.0011,"aoml_navis",1029.75275018646
"7901009",28,0,1,0.024297,1,0.001869,1,112.144717012522,1,4.85547006758448,608,1,10.8979997634888,35.3209991455078,0.0242970008403063,0,108.142501831055,-85.2712,23.0532,55.6397345479109,63,63,63,63,61,63,0,8764,2.04575969791764,23,-85,0.001869,51,2024-03-10 12:50:34.00136,608,1.037,0.0011,"aoml_navis",1029.76641404514
"7901009",28,0,1,0.024297,1,0.001869,1,112.204339950196,1,4.85541207654118,610,1,10.8479995727539,35.3129997253418,0.0242970008403063,0,108.199996948242,-85.2712,23.0532,55.6397345479109,63,63,63,63,61,63,0,8764,2.04575969791764,23,-85,0.001869,51,2024-03-10 12:50:34.00136,610,1.037,0.0011,"aoml_navis",1029.77871315133
"7901009",28,0,1,0.028035,1,0.005607,1,112.259405720659,1,4.85534958952303,612,1,10.8009996414185,35.306999206543,0.0280349999666214,0,108.25309753418,-85.2712,23.0532,55.6397345479109,63,63,63,63,61,63,0,8764,2.04575969791764,23,-85,0.001869,51,2024-03-10 12:50:34.00136,612,1.037,0.0011,"aoml_navis",1029.79196612106
"7901009",28,0,1,0.026166,1,0.003738,1,112.214506547185,1,4.85530611075888,614,1,10.7749996185303,35.3009986877441,0.0261659994721413,0,108.209800720215,-85.2712,23.0532,55.6397345479109,63,63,63,63,61,63,0,8764,2.04575969791764,23,-85,0.001869,51,2024-03-10 12:50:34.00136,614,1.037,0.0011,"aoml_navis",1029.80118780163
"7901009",28,0,1,0.026166,1,0.003738,1,112.11464445598,1,4.85523328467563,616,1,10.6960000991821,35.2900009155273,0.0261659994721413,0,108.113502502441,-85.2712,23.0532,55.6397345479109,63,63,63,63,61,63,0,8764,2.04575969791764,23,-85,0.001869,51,2024-03-10 12:50:34.00136,616,1.037,0.0011,"aoml_navis",1029.816634307
"7901009",28,0,1,0.028035,1,0.005607,1,112.117856625924,1,4.8551553809886,618,1,10.6110000610352,35.2789993286133,0.0280349999666214,0,108.116600036621,-85.2712,23.0532,55.6397345479109,63,63,63,63,61,63,0,8764,2.04575969791764,23,-85,0.001869,51,2024-03-10 12:50:34.00136,618,1.037,0.0011,"aoml_navis",1029.83315829161
"7901009",28,0,1,0.024297,1,0.001869,1,111.95753295169,1,4.85508391963695,620,1,10.5369997024536,35.2690010070801,0.0242970008403063,0,107.96199798584,-85.2712,23.0532,55.6397345479109,63,63,63,63,61,63,0,8764,2.04575969791764,23,-85,0.001869,51,2024-03-10 12:50:34.00136,620,1.037,0.0011,"aoml_navis",1029.84831627254
"7901009",28,0,1,0.026166,1,0.003738,1,111.810801661602,1,4.85501448682635,622,1,10.4650001525879,35.2589988708496,0.0261659994721413,0,107.820503234863,-85.2712,23.0532,55.6397345479109,63,63,63,63,61,63,0,8764,2.04575969791764,23,-85,0.001869,51,2024-03-10 12:50:34.00136,622,1.037,0.0011,"aoml_navis",1029.86304439813
"7901009",28,0,1,0.026166,1,0.003738,1,111.769937479929,1,4.85493730943574,624,1,10.3839998245239,35.2490005493164,0.0261659994721413,0,107.781097412109,-85.2712,23.0532,55.6397345479109,63,63,63,63,61,63,0,8764,2.04575969791764,23,-85,0.001869,51,2024-03-10 12:50:34.00136,624,1.037,0.0011,"aoml_navis",1029.87941580262
"7901009",28,0,1,0.029904,1,0.007476,1,111.719745346622,1,4.85487737943581,626,1,10.3430004119873,35.2439994812012,0.0299040004611015,0,107.732696533203,-85.2712,23.0532,55.6397345479109,63,63,63,63,61,63,0,8764,2.04575969791764,23,-85,0.001869,51,2024-03-10 12:50:34.00136,626,1.037,0.0011,"aoml_navis",1029.89212892974
"7901009",28,0,1,0.026166,1,0.003738,1,111.586179206253,1,4.85482881796955,628,1,10.3190002441406,35.2400016784668,0.0261659994721413,0,107.603897094727,-85.2712,23.0532,55.6397345479109,63,63,63,63,61,63,0,8764,2.04575969791764,23,-85,0.001869,51,2024-03-10 12:50:34.00136,628,1.037,0.0011,"aoml_navis",1029.9024306466
"7901009",28,0,1,0.026166,1,0.003738,1,111.609827422908,1,4.85476635627365,630,1,10.2749996185303,35.2350006103516,0.0261659994721413,0,107.62670135498,-85.2712,23.0532,55.6397345479109,63,63,63,63,61,63,0,8764,2.04575969791764,23,-85,0.001869,51,2024-03-10 12:50:34.00136,630,1.037,0.0011,"aoml_navis",1029.91568142897
"7901009",28,0,1,0.024297,1,0.001869,1,111.584106328112,1,4.85471435981621,632,1,10.2469997406006,35.2309989929199,0.0242970008403063,0,107.601898193359,-85.2712,23.0532,55.6397345479109,63,63,63,63,61,63,0,8764,2.04575969791764,23,-85,0.001869,51,2024-03-10 12:50:34.00136,632,1.037,0.0011,"aoml_navis",1029.92671234921
"7901009",28,0,1,0.024297,1,0.001869,1,111.475224843469,1,4.85466646814055,634,1,10.2320003509521,35.2290000915527,0.0242970008403063,0,107.49690246582,-85.2712,23.0532,55.6397345479109,63,63,63,63,61,63,0,8764,2.04575969791764,23,-85,0.001869,51,2024-03-10 12:50:34.00136,634,1.037,0.0011,"aoml_navis",1029.93687265917
"7901009",28,0,1,0.024297,1,0.001869,1,111.433324222726,1,4.85461084542317,636,1,10.2040004730225,35.226001739502,0.0242970008403063,0,107.456497192383,-85.2712,23.0532,55.6397345479109,63,63,63,63,61,63,0,8764,2.04575969791764,23,-85,0.001869,51,2024-03-10 12:50:34.00136,636,1.037,0.0011,"aoml_navis",1029.94867337593
"7901009",28,0,1,0.024297,1,0.001869,1,111.356176761837,1,4.85456242560868,638,1,10.1800003051758,35.2220001220703,0.0242970008403063,0,107.382102966309,-85.2712,23.0532,55.6397345479109,63,63,63,63,61,63,0,8764,2.04575969791764,23,-85,0.001869,51,2024-03-10 12:50:34.00136,638,1.037,0.0011,"aoml_navis",1029.95894617074
"7901009",28,0,1,0.026166,1,0.003738,1,111.196161645799,1,4.85451894390323,640,1,10.1700000762939,35.2200012207031,0.0261659994721413,0,107.227798461914,-85.2712,23.0532,55.6397345479109,63,63,63,63,61,63,0,8764,2.04575969791764,23,-85,0.001869,51,2024-03-10 12:50:34.00136,640,1.037,0.0011,"aoml_navis",1029.96817146619
"7901009",28,0,1,0.029904,1,0.007476,1,110.944481010137,1,4.8544721418539,642,1,10.1520004272461,35.2169990539551,0.0299040004611015,0,106.98509979248,-85.2712,23.0532,55.6397345479109,63,63,63,63,61,63,0,8764,2.04575969791764,23,-85,0.001869,51,2024-03-10 12:50:34.00136,642,1.037,0.0011,"aoml_navis",1029.97810140703
"7901009",28,0,1,0.024297,1,0.001869,1,110.730958738116,1,4.85441553887216,644,1,10.1059999465942,35.2099990844727,0.0242970008403063,0,106.779197692871,-85.2712,23.0532,55.6397345479109,63,63,63,63,61,63,0,8764,2.04575969791764,23,-85,0.001869,51,2024-03-10 12:50:34.00136,644,1.037,0.0011,"aoml_navis",1029.99011105705
"7901009",28,0,1,0.029904,1,0.007476,1,110.695181810812,1,4.85432896121453,646,1,10.0170001983643,35.201000213623,0.0299040004611015,0,106.744697570801,-85.2712,23.0532,55.6397345479109,63,63,63,63,61,63,0,8764,2.04575969791764,23,-85,0.001869,51,2024-03-10 12:50:34.00136,646,1.037,0.0011,"aoml_navis",1030.00848107933
"7901009",28,0,1,0.028035,1,0.005607,1,110.888378800603,1,4.85425199705643,648,1,9.92599964141846,35.1889991760254,0.0280349999666214,0,106.930999755859,-85.2712,23.0532,55.6397345479109,63,63,63,63,61,63,0,8764,2.04575969791764,23,-85,0.001869,51,2024-03-10 12:50:34.00136,648,1.037,0.0011,"aoml_navis",1030.02481186225
"7901009",28,0,1,0.028035,1,0.005607,1,111.00919120218,1,4.85418700860119,650,1,9.87399959564209,35.1829986572266,0.0280349999666214,0,107.047500610352,-85.2712,23.0532,55.6397345479109,63,63,63,63,61,63,0,8764,2.04575969791764,23,-85,0.001869,51,2024-03-10 12:50:34.00136,650,1.037,0.0011,"aoml_navis",1030.03860196165
"7901009",28,0,1,0.026166,1,0.003738,1,111.096402407326,1,4.85412815381936,652,1,9.82900047302246,35.1769981384277,0.0261659994721413,0,107.13159942627,-85.2712,23.0532,55.6397345479109,63,63,63,63,61,63,0,8764,2.04575969791764,23,-85,0.001869,51,2024-03-10 12:50:34.00136,652,1.037,0.0011,"aoml_navis",1030.05109085673
"7901009",28,0,1,0.028035,1,0.005607,1,111.124813496656,1,4.85408478565439,654,1,9.81900024414062,35.1749992370605,0.0280349999666214,0,107.158996582031,-85.2712,23.0532,55.6397345479109,63,63,63,63,61,63,0,8764,2.04575969791764,23,-85,0.001869,51,2024-03-10 12:50:34.00136,654,1.037,0.0011,"aoml_navis",1030.06029370909
"7901009",28,0,1,0.029904,1,0.007476,1,111.096196701862,1,4.85403667938323,656,1,9.8120002746582,35.1749992370605,0.0299040004611015,0,107.131401062012,-85.2712,23.0532,55.6397345479109,63,63,63,63,61,63,0,8764,2.04575969791764,23,-85,0.001869,51,2024-03-10 12:50:34.00136,656,1.037,0.0011,"aoml_navis",1030.07050219392
"7901009",28,0,1,0.028035,1,0.005607,1,111.063837649966,1,4.85399481309716,658,1,9.80799961090088,35.173999786377,0.0280349999666214,0,107.100196838379,-85.2712,23.0532,55.6397345479109,63,63,63,63,61,63,0,8764,2.04575969791764,23,-85,0.001869,51,2024-03-10 12:50:34.00136,658,1.037,0.0011,"aoml_navis",1030.07938667526
"7901009",28,0,1,0.028035,1,0.005607,1,111.069130609799,1,4.85395059461991,660,1,9.79699993133545,35.1720008850098,0.0280349999666214,0,107.10530090332,-85.2712,23.0532,55.6397345479109,63,63,63,63,61,63,0,8764,2.04575969791764,23,-85,0.001869,51,2024-03-10 12:50:34.00136,660,1.037,0.0011,"aoml_navis",1030.08877048357
"7901009",28,0,1,0.031773,1,0.009345,1,111.093918118256,1,4.8539081118731,662,1,9.78800010681152,35.1699981689453,0.0317730009555817,0,107.129203796387,-85.2712,23.0532,55.6397345479109,63,63,63,63,61,63,0,8764,2.04575969791764,23,-85,0.001869,51,2024-03-10 12:50:34.00136,662,1.037,0.0011,"aoml_navis",1030.0977861055
"7901009",28,0,1,0.029904,1,0.007476,1,111.183819317937,1,4.85385966691032,664,1,9.75500011444092,35.1640014648438,0.0299040004611015,0,107.215896606445,-85.2712,23.0532,55.6397345479109,63,63,63,63,61,63,0,8764,2.04575969791764,23,-85,0.001869,51,2024-03-10 12:50:34.00136,664,1.037,0.0011,"aoml_navis",1030.10806721215
"7901009",28,0,1,0.028035,1,0.005607,1,111.338857944086,1,4.85379063653911,666,1,9.6850004196167,35.1549987792969,0.0280349999666214,0,107.36540222168,-85.2712,23.0532,55.6397345479109,63,63,63,63,61,63,0,8764,2.04575969791764,23,-85,0.001869,51,2024-03-10 12:50:34.00136,666,1.037,0.0011,"aoml_navis",1030.12271735831
"7901009",28,0,1,0.024297,1,0.001869,1,111.475636254398,1,4.85371074706144,668,1,9.60200023651123,35.1459999084473,0.0242970008403063,0,107.497299194336,-85.2712,23.0532,55.6397345479109,63,63,63,63,61,63,0,8764,2.04575969791764,23,-85,0.001869,51,2024-03-10 12:50:34.00136,668,1.037,0.0011,"aoml_navis",1030.13967262617
"7901009",28,0,1,0.033642,1,0.011214,1,111.624242628911,1,4.85365323541232,670,1,9.55799961090088,35.1399993896484,0.0336420014500618,0,107.640602111816,-85.2712,23.0532,55.6397345479109,63,63,63,63,61,63,0,8764,2.04575969791764,23,-85,0.001869,51,2024-03-10 12:50:34.00136,670,1.037,0.0011,"aoml_navis",1030.15187890225
"7901009",28,0,1,0.026166,1,0.003738,1,111.752832279391,1,4.85359411261842,672,1,9.51200008392334,35.1339988708496,0.0261659994721413,0,107.764602661133,-85.2712,23.0532,55.6397345479109,63,63,63,63,61,63,0,8764,2.04575969791764,23,-85,0.001869,51,2024-03-10 12:50:34.00136,672,1.037,0.0011,"aoml_navis",1030.16442742935
"7901009",28,0,1,0.028035,1,0.005607,1,111.958363685296,1,4.85352720950414,674,1,9.44799995422363,35.1259994506836,0.0280349999666214,0,107.962799072266,-85.2712,23.0532,55.6397345479109,63,63,63,63,61,63,0,8764,2.04575969791764,23,-85,0.001869,51,2024-03-10 12:50:34.00136,674,1.037,0.0011,"aoml_navis",1030.17862766053
"7901009",28,0,1,0.033642,1,0.011214,1,112.089026213917,1,4.85346379743113,676,1,9.40100002288818,35.1209983825684,0.0336420014500618,0,108.088798522949,-85.2712,23.0532,55.6397345479109,63,63,63,63,61,63,0,8764,2.04575969791764,23,-85,0.001869,51,2024-03-10 12:50:34.00136,676,1.037,0.0011,"aoml_navis",1030.19208727722
"7901009",28,0,1,0.026166,1,0.003738,1,112.147723477001,1,4.85342086799118,678,1,9.38700008392334,35.1180000305176,0.0261659994721413,0,108.145401000977,-85.2712,23.0532,55.6397345479109,63,63,63,63,61,63,0,8764,2.04575969791764,23,-85,0.001869,51,2024-03-10 12:50:34.00136,678,1.037,0.0011,"aoml_navis",1030.20119952414
"7901009",28,0,1,0.031773,1,0.009345,1,112.228399577779,1,4.85336649937479,680,1,9.35499954223633,35.1139984130859,0.0317730009555817,0,108.223197937012,-85.2712,23.0532,55.6397345479109,63,63,63,63,61,63,0,8764,2.04575969791764,23,-85,0.001869,51,2024-03-10 12:50:34.00136,680,1.037,0.0011,"aoml_navis",1030.21274009373
"7901009",28,0,1,0.028035,1,0.005607,1,112.368295117051,1,4.85331017216258,682,1,9.32499980926514,35.1110000610352,0.0280349999666214,0,108.358100891113,-85.2712,23.0532,55.6397345479109,63,63,63,63,61,63,0,8764,2.04575969791764,23,-85,0.001869,51,2024-03-10 12:50:34.00136,682,1.037,0.0011,"aoml_navis",1030.22469667791
"7901009",28,0,1,0.026166,1,0.003738,1,112.527582352215,1,4.85325149501818,684,1,9.2790002822876,35.1049995422363,0.0261659994721413,0,108.511703491211,-85.2712,23.0532,55.6397345479109,63,63,63,63,61,63,0,8764,2.04575969791764,23,-85,0.001869,51,2024-03-10 12:50:34.00136,684,1.037,0.0011,"aoml_navis",1030.23715237763
"7901009",28,0,1,0.029904,1,0.007476,1,112.613962823755,1,4.85320194123154,686,1,9.25699996948242,35.1020011901855,0.0299040004611015,0,108.595001220703,-85.2712,23.0532,55.6397345479109,63,63,63,63,61,63,0,8764,2.04575969791764,23,-85,0.001869,51,2024-03-10 12:50:34.00136,686,1.037,0.0011,"aoml_navis",1030.24767164978
"7901009",28,0,1,0.026166,1,0.003738,1,112.688728848306,1,4.85315376537379,688,1,9.24100017547607,35.0999984741211,0.0261659994721413,0,108.667098999023,-85.2712,23.0532,55.6397345479109,63,63,63,63,61,63,0,8764,2.04575969791764,23,-85,0.001869,51,2024-03-10 12:50:34.00136,688,1.037,0.0011,"aoml_navis",1030.25789862129
"7901009",28,0,1,0.031773,1,0.009345,1,112.707709133269,1,4.85311527659973,690,1,9.24100017547607,35.0989990234375,0.0317730009555817,0,108.685401916504,-85.2712,23.0532,55.6397345479109,63,63,63,63,61,63,0,8764,2.04575969791764,23,-85,0.001869,51,2024-03-10 12:50:34.00136,690,1.037,0.0011,"aoml_navis",1030.26606932428
"7901009",28,0,1,0.028035,1,0.005607,1,112.900898211311,1,4.85306274390861,692,1,9.21100044250488,35.0950012207031,0.0280349999666214,0,108.871696472168,-85.2712,23.0532,55.6397345479109,63,63,63,63,61,63,0,8764,2.04575969791764,23,-85,0.001869,51,2024-03-10 12:50:34.00136,692,1.037,0.0011,"aoml_navis",1030.2772215908
"7901009",28,0,1,0.028035,1,0.005607,1,113.230256395021,1,4.85298085696963,694,1,9.12800025939941,35.0870018005371,0.0280349999666214,0,109.189300537109,-85.2712,23.0532,55.6397345479109,63,63,63,63,61,63,0,8764,2.04575969791764,23,-85,0.001869,51,2024-03-10 12:50:34.00136,694,1.037,0.0011,"aoml_navis",1030.29460600885
"7901009",28,0,1,0.028035,1,0.005607,1,113.377612713251,1,4.85292420722969,696,1,9.08399963378906,35.0810012817383,0.0280349999666214,0,109.331398010254,-85.2712,23.0532,55.6397345479109,63,63,63,63,61,63,0,8764,2.04575969791764,23,-85,0.001869,51,2024-03-10 12:50:34.00136,696,1.037,0.0011,"aoml_navis",1030.30663296806
"7901009",28,0,1,0.026166,1,0.003738,1,113.52289615334,1,4.85286444229634,698,1,9.04500007629395,35.0769996643066,0.0261659994721413,0,109.471496582031,-85.2712,23.0532,55.6397345479109,63,63,63,63,61,63,0,8764,2.04575969791764,23,-85,0.001869,51,2024-03-10 12:50:34.00136,698,1.037,0.0011,"aoml_navis",1030.31932159927
"7901009",28,0,1,0.028035,1,0.005607,1,113.641635676776,1,4.85280428157989,700,1,9.00100040435791,35.0719985961914,0.0280349999666214,0,109.585998535156,-85.2712,23.0532,55.6397345479109,63,63,63,63,61,63,0,8764,2.04575969791764,23,-85,0.001869,51,2024-03-10 12:50:34.00136,700,1.037,0.0011,"aoml_navis",1030.33209457444
"7901009",28,0,1,0.028035,1,0.005607,1,113.679904804898,1,4.85275331750298,702,1,8.97700023651123,35.0690002441406,0.0280349999666214,0,109.622901916504,-85.2712,23.0532,55.6397345479109,63,63,63,63,61,63,0,8764,2.04575969791764,23,-85,0.001869,51,2024-03-10 12:50:34.00136,702,1.037,0.0011,"aoml_navis",1030.34291522009
"7901009",28,0,1,0.028035,1,0.005607,1,113.706868044228,1,4.85271150445958,704,1,8.97299957275391,35.068000793457,0.0280349999666214,0,109.648902893066,-85.2712,23.0532,55.6397345479109,63,63,63,63,61,63,0,8764,2.04575969791764,23,-85,0.001869,51,2024-03-10 12:50:34.00136,704,1.037,0.0011,"aoml_navis",1030.35179309651
"7901009",28,0,1,0.028035,1,0.005607,1,113.69473142183,1,4.85266393116953,706,1,8.96199989318848,35.0670013427734,0.0280349999666214,0,109.637199401855,-85.2712,23.0532,55.6397345479109,63,63,63,63,61,63,0,8764,2.04575969791764,23,-85,0.001869,51,2024-03-10 12:50:34.00136,706,1.037,0.0011,"aoml_navis",1030.36189419261
"7901009",28,0,1,0.028035,1,0.005607,1,113.707690866086,1,4.85262129913477,708,1,8.95699977874756,35.0660018920898,0.0280349999666214,0,109.649696350098,-85.2712,23.0532,55.6397345479109,63,63,63,63,61,63,0,8764,2.04575969791764,23,-85,0.001869,51,2024-03-10 12:50:34.00136,708,1.037,0.0011,"aoml_navis",1030.37094629484
"7901009",28,0,1,0.029904,1,0.007476,1,113.719621783019,1,4.85257292348483,710,1,8.94499969482422,35.064998626709,0.0299040004611015,0,109.661201477051,-85.2712,23.0532,55.6397345479109,63,63,63,63,61,63,0,8764,2.04575969791764,23,-85,0.001869,51,2024-03-10 12:50:34.00136,710,1.037,0.0011,"aoml_navis",1030.38121813722
"7901009",28,0,1,0.031773,1,0.009345,1,113.726876856513,1,4.8525278287381,712,1,8.9370002746582,35.0639991760254,0.0317730009555817,0,109.668197631836,-85.2712,23.0532,55.6397345479109,63,63,63,63,61,63,0,8764,2.04575969791764,23,-85,0.001869,51,2024-03-10 12:50:34.00136,712,1.037,0.0011,"aoml_navis",1030.39079351354
"7901009",28,0,1,0.026166,1,0.003738,1,113.757985852125,1,4.85248109171965,714,1,8.92700004577637,35.0629997253418,0.0261659994721413,0,109.698196411133,-85.2712,23.0532,55.6397345479109,63,63,63,63,61,63,0,8764,2.04575969791764,23,-85,0.001869,51,2024-03-10 12:50:34.00136,714,1.037,0.0011,"aoml_navis",1030.40071779611
"7901009",28,0,1,0.026166,1,0.003738,1,113.834207638425,1,4.85242936686376,716,1,8.90200042724609,35.060001373291,0.0261659994721413,0,109.771697998047,-85.2712,23.0532,55.6397345479109,63,63,63,63,61,63,0,8764,2.04575969791764,23,-85,0.001869,51,2024-03-10 12:50:34.00136,716,1.037,0.0011,"aoml_navis",1030.41170143433
"7901009",28,0,1,0.031773,1,0.009345,1,113.929923973348,1,4.85238095940143,718,1,8.88099956512451,35.056999206543,0.0317730009555817,0,109.863998413086,-85.2712,23.0532,55.6397345479109,63,63,63,63,61,63,0,8764,2.04575969791764,23,-85,0.001869,51,2024-03-10 12:50:34.00136,718,1.037,0.0011,"aoml_navis",1030.4219808448
"7901009",28,0,1,0.028035,1,0.005607,1,114.021075229312,1,4.8523309623712,720,1,8.86699962615967,35.0559997558594,0.0280349999666214,0,109.95189666748,-85.2712,23.0532,55.6397345479109,63,63,63,63,61,63,0,8764,2.04575969791764,23,-85,0.001869,51,2024-03-10 12:50:34.00136,720,1.037,0.0011,"aoml_navis",1030.43259801814
"7901009",28,0,1,0.026166,1,0.003738,1,114.099583510965,1,4.85228666361062,722,1,8.85099983215332,35.0530014038086,0.0261659994721413,0,110.027603149414,-85.2712,23.0532,55.6397345479109,63,63,63,63,61,63,0,8764,2.04575969791764,23,-85,0.001869,51,2024-03-10 12:50:34.00136,722,1.037,0.0011,"aoml_navis",1030.44200531208
"7901009",28,0,1,0.026166,1,0.003738,1,114.20245206665,1,4.85223338761373,724,1,8.82400035858154,35.0499992370605,0.0261659994721413,0,110.126800537109,-85.2712,23.0532,55.6397345479109,63,63,63,63,61,63,0,8764,2.04575969791764,23,-85,0.001869,51,2024-03-10 12:50:34.00136,724,1.037,0.0011,"aoml_navis",1030.45331924129
"7901009",28,0,1,0.028035,1,0.005607,1,114.407674914358,1,4.85216950985615,726,1,8.77499961853027,35.0449981689453,0.0280349999666214,0,110.324699401855,-85.2712,23.0532,55.6397345479109,63,63,63,63,61,63,0,8764,2.04575969791764,23,-85,0.001869,51,2024-03-10 12:50:34.00136,726,1.037,0.0011,"aoml_navis",1030.4668849354
"7901009",28,0,1,0.028035,1,0.005607,1,114.454860583186,1,4.85212281991287,728,1,8.75599956512451,35.0419998168945,0.0280349999666214,0,110.37020111084,-85.2712,23.0532,55.6397345479109,63,63,63,63,61,63,0,8764,2.04575969791764,23,-85,0.001869,51,2024-03-10 12:50:34.00136,728,1.037,0.0011,"aoml_navis",1030.47680068614
"7901009",28,0,1,0.031773,1,0.009345,1,114.596101119725,1,4.85205661415747,730,1,8.71300029754639,35.0390014648438,0.0317730009555817,0,110.506401062012,-85.2712,23.0532,55.6397345479109,63,63,63,63,61,63,0,8764,2.04575969791764,23,-85,0.001869,51,2024-03-10 12:50:34.00136,730,1.037,0.0011,"aoml_navis",1030.49086142376
"7901009",28,0,1,0.026166,1,0.003738,1,114.622645036378,1,4.85200633873005,732,1,8.6850004196167,35.0349998474121,0.0261659994721413,0,110.531997680664,-85.2712,23.0532,55.6397345479109,63,63,63,63,61,63,0,8764,2.04575969791764,23,-85,0.001869,51,2024-03-10 12:50:34.00136,732,1.037,0.0011,"aoml_navis",1030.50153914446
"7901009",28,0,1,0.033642,1,0.011214,1,114.638721709594,1,4.85195643807416,734,1,8.67099952697754,35.0340003967285,0.0336420014500618,0,110.547500610352,-85.2712,23.0532,55.6397345479109,63,63,63,63,61,63,0,8764,2.04575969791764,23,-85,0.001869,51,2024-03-10 12:50:34.00136,734,1.037,0.0011,"aoml_navis",1030.51213748832
"7901009",28,0,1,0.029904,1,0.007476,1,114.586456698145,1,4.8519057837409,736,1,8.64700031280518,35.0309982299805,0.0299040004611015,0,110.497100830078,-85.2712,23.0532,55.6397345479109,63,63,63,63,61,63,0,8764,2.04575969791764,23,-85,0.001869,51,2024-03-10 12:50:34.00136,736,1.037,0.0011,"aoml_navis",1030.52289612782
"7901009",28,0,1,0.029904,1,0.007476,1,114.576187248424,1,4.85185027993991,738,1,8.61699962615967,35.0279998779297,0.0299040004611015,0,110.487197875977,-85.2712,23.0532,55.6397345479109,63,63,63,63,61,63,0,8764,2.04575969791764,23,-85,0.001869,51,2024-03-10 12:50:34.00136,738,1.037,0.0011,"aoml_navis",1030.53468501957
"7901009",28,0,1,0.028035,1,0.005607,1,114.581377355525,1,4.85178520237294,740,1,8.56599998474121,35.0229988098145,0.0280349999666214,0,110.492202758789,-85.2712,23.0532,55.6397345479109,63,63,63,63,61,63,0,8764,2.04575969791764,23,-85,0.001869,51,2024-03-10 12:50:34.00136,740,1.037,0.0011,"aoml_navis",1030.54850770281
"7901009",28,0,1,0.029904,1,0.007476,1,114.758806230296,1,4.85171333649642,742,1,8.51099967956543,35.0190010070801,0.0299040004611015,0,110.663299560547,-85.2712,23.0532,55.6397345479109,63,63,63,63,61,63,0,8764,2.04575969791764,23,-85,0.001869,51,2024-03-10 12:50:34.00136,742,1.037,0.0011,"aoml_navis",1030.56377267554
"7901009",28,0,1,0.026166,1,0.003738,1,114.789298109516,1,4.85166363672893,744,1,8.48799991607666,35.015998840332,0.0261659994721413,0,110.69270324707,-85.2712,23.0532,55.6397345479109,63,63,63,63,61,63,0,8764,2.04575969791764,23,-85,0.001869,51,2024-03-10 12:50:34.00136,744,1.037,0.0011,"aoml_navis",1030.57432962749
"7901009",28,0,1,0.026166,1,0.003738,1,114.938830158619,1,4.85161298164638,746.099975585938,1,8.4709997177124,35.0139999389648,0.0261659994721413,0,110.836898803711,-85.2712,23.0532,55.6397345479109,63,63,63,63,61,63,0,8764,2.04575969791764,23,-85,0.001869,51,2024-03-10 12:50:34.00136,746.099975585938,1.037,0.0011,"aoml_navis",1030.58508972479
"7901009",28,0,1,0.029904,1,0.007476,1,115.241430808462,1,4.8515490603882,748,1,8.42300033569336,35.0099983215332,0.0299040004611015,0,111.128700256348,-85.2712,23.0532,55.6397345479109,63,63,63,63,61,63,0,8764,2.04575969791764,23,-85,0.001869,51,2024-03-10 12:50:34.00136,748,1.037,0.0011,"aoml_navis",1030.59866812929
"7901009",28,0,1,0.031773,1,0.009345,1,115.473205484572,1,4.85149093397324,750,1,8.37100028991699,35.0029983520508,0.0317730009555817,0,111.352203369141,-85.2712,23.0532,55.6397345479109,63,63,63,63,61,63,0,8764,2.04575969791764,23,-85,0.001869,51,2024-03-10 12:50:34.00136,750,1.037,0.0011,"aoml_navis",1030.61101588108
"7901009",28,0,1,0.029904,1,0.007476,1,115.791874895883,1,4.8514200041666,752,1,8.3120002746582,34.9980010986328,0.0299040004611015,0,111.65950012207,-85.2712,23.0532,55.6397345479109,63,63,63,63,61,63,0,8764,2.04575969791764,23,-85,0.001869,51,2024-03-10 12:50:34.00136,752,1.037,0.0011,"aoml_navis",1030.62608384881
"7901009",28,0,1,0.029904,1,0.007476,1,116.135956843792,1,4.85135766700401,754,1,8.25899982452393,34.992000579834,0.0299040004611015,0,111.991302490234,-85.2712,23.0532,55.6397345479109,63,63,63,63,61,63,0,8764,2.04575969791764,23,-85,0.001869,51,2024-03-10 12:50:34.00136,754,1.037,0.0011,"aoml_navis",1030.63932680267
"7901009",28,0,1,0.026166,1,0.003738,1,116.600226165137,1,4.85127146760604,756,1,8.17099952697754,34.9850006103516,0.0261659994721413,0,112.439002990723,-85.2712,23.0532,55.6397345479109,63,63,63,63,61,63,0,8764,2.04575969791764,23,-85,0.001869,51,2024-03-10 12:50:34.00136,756,1.037,0.0011,"aoml_navis",1030.65763962852
"7901009",28,0,1,0.031773,1,0.009345,1,116.877002867453,1,4.85119530453331,758,1,8.10000038146973,34.9790000915527,0.0317730009555817,0,112.705902099609,-85.2712,23.0532,55.6397345479109,63,63,63,63,61,63,0,8764,2.04575969791764,23,-85,0.001869,51,2024-03-10 12:50:34.00136,758,1.037,0.0011,"aoml_navis",1030.67382080611
"7901009",28,0,1,0.029904,1,0.007476,1,116.982980740349,1,4.85112220409661,760,1,8.04199981689453,34.9749984741211,0.0299040004611015,0,112.808097839355,-85.2712,23.0532,55.6397345479109,63,63,63,63,61,63,0,8764,2.04575969791764,23,-85,0.001869,51,2024-03-10 12:50:34.00136,760,1.037,0.0011,"aoml_navis",1030.68935179115
"7901009",28,0,1,0.028035,1,0.005607,1,116.952805331075,1,4.85107184178604,762,1,8.02700042724609,34.9739990234375,0.0280349999666214,0,112.778999328613,-85.2712,23.0532,55.6397345479109,63,63,63,63,61,63,0,8764,2.04575969791764,23,-85,0.001869,51,2024-03-10 12:50:34.00136,762,1.037,0.0011,"aoml_navis",1030.70005208563
"7901009",28,0,1,0.03738,1,0.014952,1,116.971682763306,1,4.85102931186238,764,1,8.02200031280518,34.9729995727539,0.0373799987137318,0,112.797203063965,-85.2712,23.0532,55.6397345479109,63,63,63,63,61,63,0,8764,2.04575969791764,23,-85,0.001869,51,2024-03-10 12:50:34.00136,764,1.037,0.0011,"aoml_navis",1030.70908843476
"7901009",28,0,1,0.031773,1,0.009345,1,116.959237582711,1,4.85097998295104,766,1,8.01299953460693,34.9729995727539,0.0317730009555817,0,112.785202026367,-85.2712,23.0532,55.6397345479109,63,63,63,63,61,63,0,8764,2.04575969791764,23,-85,0.001869,51,2024-03-10 12:50:34.00136,766,1.037,0.0011,"aoml_navis",1030.71956956588
"7901009",28,0,1,0.031773,1,0.009345,1,117.126191302297,1,4.85092783336857,768,1,7.99100017547607,34.9710006713867,0.0317730009555817,0,112.946197509766,-85.2712,23.0532,55.6397345479109,63,63,63,63,61,63,0,8764,2.04575969791764,23,-85,0.001869,51,2024-03-10 12:50:34.00136,768,1.037,0.0011,"aoml_navis",1030.73065024921
"7901009",28,0,1,0.029904,1,0.007476,1,117.289315735546,1,4.85087626314266,770,1,7.96500015258789,34.9679985046387,0.0299040004611015,0,113.103500366211,-85.2712,23.0532,55.6397345479109,63,63,63,63,61,63,0,8764,2.04575969791764,23,-85,0.001869,51,2024-03-10 12:50:34.00136,770,1.037,0.0011,"aoml_navis",1030.74160806582
"7901009",28,0,1,0.033642,1,0.011214,1,117.64936359219,1,4.85079667740714,772,1,7.90299987792969,34.9650001525879,0.0336420014500618,0,113.450698852539,-85.2712,23.0532,55.6397345479109,63,63,63,63,61,63,0,8764,2.04575969791764,23,-85,0.001869,51,2024-03-10 12:50:34.00136,772,1.037,0.0011,"aoml_navis",1030.75851917022
"7901009",28,0,1,0.029904,1,0.007476,1,118.316577177638,1,4.85071744361335,774,1,7.8270001411438,34.9589996337891,0.0299040004611015,0,114.094100952148,-85.2712,23.0532,55.6397345479109,63,63,63,63,61,63,0,8764,2.04575969791764,23,-85,0.001869,51,2024-03-10 12:50:34.00136,774,1.037,0.0011,"aoml_navis",1030.77535604206
"7901009",28,0,1,0.028035,1,0.005607,1,118.881539323794,1,4.85064636216185,776,1,7.76599979400635,34.9539985656738,0.0280349999666214,0,114.638900756836,-85.2712,23.0532,55.6397345479109,63,63,63,63,61,63,0,8764,2.04575969791764,23,-85,0.001869,51,2024-03-10 12:50:34.00136,776,1.037,0.0011,"aoml_navis",1030.79046104107
"7901009",28,0,1,0.029904,1,0.007476,1,119.198135856963,1,4.85058637047076,778,1,7.72399997711182,34.9500007629395,0.0299040004611015,0,114.944198608398,-85.2712,23.0532,55.6397345479109,63,63,63,63,61,63,0,8764,2.04575969791764,23,-85,0.001869,51,2024-03-10 12:50:34.00136,778,1.037,0.0011,"aoml_navis",1030.80320978075
"7901009",28,0,1,0.033642,1,0.011214,1,119.448677200823,1,4.85053447089622,780,1,7.7020001411438,34.9480018615723,0.0336420014500618,0,115.18579864502,-85.2712,23.0532,55.6397345479109,63,63,63,63,61,63,0,8764,2.04575969791764,23,-85,0.001869,51,2024-03-10 12:50:34.00136,780,1.037,0.0011,"aoml_navis",1030.81423913191
"7901009",28,0,1,0.029904,1,0.007476,1,119.831131129587,1,4.85048106797847,782,1,7.67799997329712,34.9459991455078,0.0299040004611015,0,115.55460357666,-85.2712,23.0532,55.6397345479109,63,63,63,63,61,63,0,8764,2.04575969791764,23,-85,0.001869,51,2024-03-10 12:50:34.00136,782,1.037,0.0011,"aoml_navis",1030.82558820992
"7901009",28,0,1,0.028035,1,0.005607,1,120.382295186133,1,4.85041219573163,784,1,7.62900018692017,34.943000793457,0.0280349999666214,0,116.086097717285,-85.2712,23.0532,55.6397345479109,63,63,63,63,61,63,0,8764,2.04575969791764,23,-85,0.001869,51,2024-03-10 12:50:34.00136,784,1.037,0.0011,"aoml_navis",1030.84022516684
"7901009",28,0,1,0.028035,1,0.005607,1,120.787147275268,1,4.8503462071937,786,1,7.57399988174438,34.9379997253418,0.0280349999666214,0,116.476501464844,-85.2712,23.0532,55.6397345479109,63,63,63,63,61,63,0,8764,2.04575969791764,23,-85,0.001869,51,2024-03-10 12:50:34.00136,786,1.037,0.0011,"aoml_navis",1030.85424965837
"7901009",28,0,1,0.026166,1,0.003738,1,121.219160397449,1,4.85027375118662,788,1,7.51999998092651,34.935001373291,0.0261659994721413,0,116.893096923828,-85.2712,23.0532,55.6397345479109,63,63,63,63,61,63,0,8764,2.04575969791764,23,-85,0.001869,51,2024-03-10 12:50:34.00136,788,1.037,0.0011,"aoml_navis",1030.86964911553
"7901009",28,0,1,0.029904,1,0.007476,1,121.397839328504,1,4.8502092571651,790,1,7.48600006103516,34.9339981079102,0.0299040004611015,0,117.065399169922,-85.2712,23.0532,55.6397345479109,63,63,63,63,61,63,0,8764,2.04575969791764,23,-85,0.001869,51,2024-03-10 12:50:34.00136,790,1.037,0.0011,"aoml_navis",1030.88335675695
"7901009",28,0,1,0.029904,1,0.007476,1,121.527671123519,1,4.85015843772161,792,1,7.46999979019165,34.9329986572266,0.0299040004611015,0,117.19059753418,-85.2712,23.0532,55.6397345479109,63,63,63,63,61,63,0,8764,2.04575969791764,23,-85,0.001869,51,2024-03-10 12:50:34.00136,792,1.037,0.0011,"aoml_navis",1030.89415824296
"7901009",28,0,1,0.026166,1,0.003738,1,121.673888149946,1,4.85010990104933,794,1,7.45699977874756,34.931999206543,0.0261659994721413,0,117.331596374512,-85.2712,23.0532,55.6397345479109,63,63,63,63,61,63,0,8764,2.04575969791764,23,-85,0.001869,51,2024-03-10 12:50:34.00136,794,1.037,0.0011,"aoml_navis",1030.90447474566
"7901009",28,0,1,0.028035,1,0.005607,1,121.837843316801,1,4.85006743166139,796,1,7.4520001411438,34.9309997558594,0.0280349999666214,0,117.489700317383,-85.2712,23.0532,55.6397345479109,63,63,63,63,61,63,0,8764,2.04575969791764,23,-85,0.001869,51,2024-03-10 12:50:34.00136,796,1.037,0.0011,"aoml_navis",1030.91350181234
"7901009",28,0,1,0.028035,1,0.005607,1,122.118560069935,1,4.85001208860857,798,1,7.42999982833862,34.9300003051758,0.0280349999666214,0,117.760398864746,-85.2712,23.0532,55.6397345479109,63,63,63,63,61,63,0,8764,2.04575969791764,23,-85,0.001869,51,2024-03-10 12:50:34.00136,798,1.037,0.0011,"aoml_navis",1030.92526547381
"7901009",28,0,1,0.029904,1,0.007476,1,122.494684599795,1,4.84995816987011,800,1,7.40500020980835,34.9280014038086,0.0299040004611015,0,118.123100280762,-85.2712,23.0532,55.6397345479109,63,63,63,63,61,63,0,8764,2.04575969791764,23,-85,0.001869,51,2024-03-10 12:50:34.00136,800,1.037,0.0011,"aoml_navis",1030.93672664272
"7901009",28,0,1,0.028035,1,0.005607,1,123.012049666194,1,4.84989297137904,802,1,7.36499977111816,34.9259986877441,0.0280349999666214,0,118.622001647949,-85.2712,23.0532,55.6397345479109,63,63,63,63,61,63,0,8764,2.04575969791764,23,-85,0.001869,51,2024-03-10 12:50:34.00136,802,1.037,0.0011,"aoml_navis",1030.95058581845
"7901009",28,0,1,0.031773,1,0.009345,1,123.514896673858,1,4.84981187539174,804,1,7.29400014877319,34.9220008850098,0.0317730009555817,0,119.106903076172,-85.2712,23.0532,55.6397345479109,63,63,63,63,61,63,0,8764,2.04575969791764,23,-85,0.001869,51,2024-03-10 12:50:34.00136,804,1.037,0.0011,"aoml_navis",1030.96782482849
"7901009",28,0,1,0.028035,1,0.005607,1,123.705079287421,1,4.84973943203672,806,1,7.24900007247925,34.9210014343262,0.0280349999666214,0,119.290298461914,-85.2712,23.0532,55.6397345479109,63,63,63,63,61,63,0,8764,2.04575969791764,23,-85,0.001869,51,2024-03-10 12:50:34.00136,806,1.037,0.0011,"aoml_navis",1030.98322498951
"7901009",28,0,1,0.031773,1,0.009345,1,123.849539905652,1,4.84967610143047,808,1,7.22100019454956,34.9210014343262,0.0317730009555817,0,119.42960357666,-85.2712,23.0532,55.6397345479109,63,63,63,63,61,63,0,8764,2.04575969791764,23,-85,0.001869,51,2024-03-10 12:50:34.00136,808,1.037,0.0011,"aoml_navis",1030.99668832011
"7901009",28,0,1,0.033642,1,0.011214,1,123.968896545481,1,4.84961429400955,810,1,7.19500017166138,34.9210014343262,0.0336420014500618,0,119.544700622559,-85.2712,23.0532,55.6397345479109,63,63,63,63,61,63,0,8764,2.04575969791764,23,-85,0.001869,51,2024-03-10 12:50:34.00136,810,1.037,0.0011,"aoml_navis",1031.00982817875
"7901009",28,0,1,0.028035,1,0.005607,1,124.050925555275,1,4.84956369995885,812,1,7.18400001525879,34.9210014343262,0.0280349999666214,0,119.623802185059,-85.2712,23.0532,55.6397345479109,63,63,63,63,61,63,0,8764,2.04575969791764,23,-85,0.001869,51,2024-03-10 12:50:34.00136,812,1.037,0.0011,"aoml_navis",1031.02058439658
"7901009",28,0,1,0.024297,1,0.001869,1,124.149956912874,1,4.84952202141107,814,1,7.17999982833862,34.9199981689453,0.0242970008403063,0,119.719299316406,-85.2712,23.0532,55.6397345479109,63,63,63,63,61,63,0,8764,2.04575969791764,23,-85,0.001869,51,2024-03-10 12:50:34.00136,814,1.037,0.0011,"aoml_navis",1031.02944536071
"7901009",28,0,1,0.033642,1,0.011214,1,124.237484587965,1,4.84947958473999,816,1,7.17500019073486,34.9189987182617,0.0336420014500618,0,119.803703308105,-85.2712,23.0532,55.6397345479109,63,63,63,63,61,63,0,8764,2.04575969791764,23,-85,0.001869,51,2024-03-10 12:50:34.00136,816,1.037,0.0011,"aoml_navis",1031.03846766025
"7901009",28,0,1,0.029904,1,0.007476,1,124.351239709764,1,4.84941190793687,818,1,7.14599990844727,34.9199981689453,0.0299040004611015,0,119.913398742676,-85.2712,23.0532,55.6397345479109,63,63,63,63,61,63,0,8764,2.04575969791764,23,-85,0.001869,51,2024-03-10 12:50:34.00136,818,1.037,0.0011,"aoml_navis",1031.05285649517
"7901009",28,0,1,0.029904,1,0.007476,1,124.504197546024,1,4.84936133331393,820,1,7.13500022888184,34.9199981689453,0.0299040004611015,0,120.060897827148,-85.2712,23.0532,55.6397345479109,63,63,63,63,61,63,0,8764,2.04575969791764,23,-85,0.001869,51,2024-03-10 12:50:34.00136,820,1.037,0.0011,"aoml_navis",1031.06360948012
"7901009",28,0,1,0.028035,1,0.005607,1,124.715021911762,1,4.84931815932728,822,1,7.12900018692017,34.9189987182617,0.0280349999666214,0,120.264198303223,-85.2712,23.0532,55.6397345479109,63,63,63,63,61,63,0,8764,2.04575969791764,23,-85,0.001869,51,2024-03-10 12:50:34.00136,822,1.037,0.0011,"aoml_navis",1031.07278914725
"7901009",28,0,1,0.031773,1,0.009345,1,125.011087457237,1,4.8492571372851,824,1,7.09899997711182,34.9179992675781,0.0317730009555817,0,120.549697875977,-85.2712,23.0532,55.6397345479109,63,63,63,63,61,63,0,8764,2.04575969791764,23,-85,0.001869,51,2024-03-10 12:50:34.00136,824,1.037,0.0011,"aoml_navis",1031.08576395256
"7901009",28,0,1,0.028035,1,0.005607,1,125.066778255842,1,4.8492028669808,826,1,7.08300018310547,34.9179992675781,0.0280349999666214,0,120.603401184082,-85.2712,23.0532,55.6397345479109,63,63,63,63,61,63,0,8764,2.04575969791764,23,-85,0.001869,51,2024-03-10 12:50:34.00136,826,1.037,0.0011,"aoml_navis",1031.09730344466
"7901009",28,0,1,0.029904,1,0.007476,1,125.144970067551,1,4.84916044516637,828,1,7.07800006866455,34.9169998168945,0.0299040004611015,0,120.678802490234,-85.2712,23.0532,55.6397345479109,63,63,63,63,61,63,0,8764,2.04575969791764,23,-85,0.001869,51,2024-03-10 12:50:34.00136,828,1.037,0.0011,"aoml_navis",1031.10632377281
"7901009",28,0,1,0.028035,1,0.005607,1,125.526688203692,1,4.84909806074598,830,1,7.05600023269653,34.9179992675781,0.0280349999666214,0,121.046897888184,-85.2712,23.0532,55.6397345479109,63,63,63,63,61,63,0,8764,2.04575969791764,23,-85,0.001869,51,2024-03-10 12:50:34.00136,830,1.037,0.0011,"aoml_navis",1031.11958912021
"7901009",28,0,1,0.028035,1,0.005607,1,125.917750114965,1,4.84904971286157,832,1,7.04300022125244,34.9169998168945,0.0280349999666214,0,121.424003601074,-85.2712,23.0532,55.6397345479109,63,63,63,63,61,63,0,8764,2.04575969791764,23,-85,0.001869,51,2024-03-10 12:50:34.00136,832,1.037,0.0011,"aoml_navis",1031.12986999041
"7901009",28,0,1,0.029904,1,0.007476,1,126.476280009485,1,4.84897399778741,834,1,6.99300003051758,34.9160003662109,0.0299040004611015,0,121.962600708008,-85.2712,23.0532,55.6397345479109,63,63,63,63,61,63,0,8764,2.04575969791764,23,-85,0.001869,51,2024-03-10 12:50:34.00136,834,1.037,0.0011,"aoml_navis",1031.14597073144
"7901009",28,0,1,0.029904,1,0.007476,1,126.837055747004,1,4.84891975846616,836,1,6.96700000762939,34.9140014648438,0.0299040004611015,0,122.310501098633,-85.2712,23.0532,55.6397345479109,63,63,63,63,61,63,0,8764,2.04575969791764,23,-85,0.001869,51,2024-03-10 12:50:34.00136,836,1.037,0.0011,"aoml_navis",1031.15750498244
"7901009",28,0,1,0.033642,1,0.011214,1,127.171698978798,1,4.84887367731552,838,1,6.95699977874756,34.9129981994629,0.0336420014500618,0,122.633201599121,-85.2712,23.0532,55.6397345479109,63,63,63,63,61,63,0,8764,2.04575969791764,23,-85,0.001869,51,2024-03-10 12:50:34.00136,838,1.037,0.0011,"aoml_navis",1031.16730456219
"7901009",28,0,1,0.028035,1,0.005607,1,127.641459053692,1,4.84881874329939,840,1,6.93499994277954,34.9119987487793,0.0280349999666214,0,123.086196899414,-85.2712,23.0532,55.6397345479109,63,63,63,63,61,63,0,8764,2.04575969791764,23,-85,0.001869,51,2024-03-10 12:50:34.00136,840,1.037,0.0011,"aoml_navis",1031.17898702844
"7901009",28,0,1,0.031773,1,0.009345,1,128.172725062434,1,4.84876309174469,842,1,6.91200017929077,34.9109992980957,0.0317730009555817,0,123.598503112793,-85.2712,23.0532,55.6397345479109,63,63,63,63,61,63,0,8764,2.04575969791764,23,-85,0.001869,51,2024-03-10 12:50:34.00136,842,1.037,0.0011,"aoml_navis",1031.19082235896
"7901009",28,0,1,0.028035,1,0.005607,1,128.702843867624,1,4.8487177504773,844,1,6.90299987792969,34.9099998474121,0.0280349999666214,0,124.109703063965,-85.2712,23.0532,55.6397345479109,63,63,63,63,61,63,0,8764,2.04575969791764,23,-85,0.001869,51,2024-03-10 12:50:34.00136,844,1.037,0.0011,"aoml_navis",1031.20046521739
"7901009",28,0,1,0.029904,1,0.007476,1,129.449902820243,1,4.84865846597726,846,1,6.86499977111816,34.9070014953613,0.0299040004611015,0,124.830101013184,-85.2712,23.0532,55.6397345479109,63,63,63,63,61,63,0,8764,2.04575969791764,23,-85,0.001869,51,2024-03-10 12:50:34.00136,846,1.037,0.0011,"aoml_navis",1031.21307369548
"7901009",28,0,1,0.026166,1,0.003738,1,129.780186678543,1,4.84860288940175,848,1,6.84200000762939,34.9059982299805,0.0261659994721413,0,125.148597717285,-85.2712,23.0532,55.6397345479109,63,63,63,63,61,63,0,8764,2.04575969791764,23,-85,0.001869,51,2024-03-10 12:50:34.00136,848,1.037,0.0011,"aoml_navis",1031.22489386152
"7901009",28,0,1,0.029904,1,0.007476,1,130.040997472124,1,4.84855976630096,850,1,6.83599996566772,34.9049987792969,0.0299040004611015,0,125.400100708008,-85.2712,23.0532,55.6397345479109,63,63,63,63,61,63,0,8764,2.04575969791764,23,-85,0.001869,51,2024-03-10 12:50:34.00136,850,1.037,0.0011,"aoml_navis",1031.23406557791
"7901009",28,0,1,0.029904,1,0.007476,1,130.293817399589,1,4.84850271856142,852,1,6.81599998474121,34.9049987792969,0.0299040004611015,0,125.643898010254,-85.2712,23.0532,55.6397345479109,63,63,63,63,61,63,0,8764,2.04575969791764,23,-85,0.001869,51,2024-03-10 12:50:34.00136,852,1.037,0.0011,"aoml_navis",1031.24619913249
"7901009",28,0,1,0.031773,1,0.009345,1,130.488778709324,1,4.8484442234794,854,1,6.79400014877319,34.9049987792969,0.0317730009555817,0,125.831901550293,-85.2712,23.0532,55.6397345479109,63,63,63,63,61,63,0,8764,2.04575969791764,23,-85,0.001869,51,2024-03-10 12:50:34.00136,854,1.037,0.0011,"aoml_navis",1031.25864082063
"7901009",28,0,1,0.028035,1,0.005607,1,130.681975699115,1,4.84839597172928,856,1,6.78599977493286,34.9049987792969,0.0280349999666214,0,126.018203735352,-85.2712,23.0532,55.6397345479109,63,63,63,63,61,63,0,8764,2.04575969791764,23,-85,0.001869,51,2024-03-10 12:50:34.00136,856,1.037,0.0011,"aoml_navis",1031.26890401583
"7901009",28,0,1,0.029904,1,0.007476,1,130.862933213775,1,4.848343340508,858,1,6.77199983596802,34.9049987792969,0.0299040004611015,0,126.19270324707,-85.2712,23.0532,55.6397345479109,63,63,63,63,61,63,0,8764,2.04575969791764,23,-85,0.001869,51,2024-03-10 12:50:34.00136,858,1.037,0.0011,"aoml_navis",1031.28009896183
"7901009",28,0,1,0.029904,1,0.007476,1,131.017236047302,1,4.84829436564642,860,1,6.76300001144409,34.9049987792969,0.0299040004611015,0,126.341499328613,-85.2712,23.0532,55.6397345479109,63,63,63,63,61,63,0,8764,2.04575969791764,23,-85,0.001869,51,2024-03-10 12:50:34.00136,860,1.037,0.0011,"aoml_navis",1031.29051639862
"7901009",28,0,1,0.031773,1,0.009345,1,131.163555926461,1,4.84824466386227,862,1,6.75299978256226,34.9049987792969,0.0317730009555817,0,126.482597351074,-85.2712,23.0532,55.6397345479109,63,63,63,63,61,63,0,8764,2.04575969791764,23,-85,0.001869,51,2024-03-10 12:50:34.00136,862,1.037,0.0011,"aoml_navis",1031.30108867419
"7901009",28,0,1,0.031773,1,0.009345,1,131.381951835638,1,4.84819423675348,864,1,6.74200010299683,34.9049987792969,0.0317730009555817,0,126.693199157715,-85.2712,23.0532,55.6397345479109,63,63,63,63,61,63,0,8764,2.04575969791764,23,-85,0.001869,51,2024-03-10 12:50:34.00136,864,1.037,0.0011,"aoml_navis",1031.31181545816
"7901009",28,0,1,0.028035,1,0.005607,1,131.570686599202,1,4.84814089817651,866,1,6.72700023651123,34.9049987792969,0.0280349999666214,0,126.875198364258,-85.2712,23.0532,55.6397345479109,63,63,63,63,61,63,0,8764,2.04575969791764,23,-85,0.001869,51,2024-03-10 12:50:34.00136,866,1.037,0.0011,"aoml_navis",1031.3231618084
"7901009",28,0,1,0.029904,1,0.007476,1,131.822580852077,1,4.84809342835767,868,1,6.71500015258789,34.9039993286133,0.0299040004611015,0,127.118103027344,-85.2712,23.0532,55.6397345479109,63,63,63,63,61,63,0,8764,2.04575969791764,23,-85,0.001869,51,2024-03-10 12:50:34.00136,868,1.037,0.0011,"aoml_navis",1031.33325994788
"7901009",28,0,1,0.029904,1,0.007476,1,132.119477131158,1,4.84803133370289,870,1,6.69299983978271,34.9049987792969,0.0299040004611015,0,127.404403686523,-85.2712,23.0532,55.6397345479109,63,63,63,63,61,63,0,8764,2.04575969791764,23,-85,0.001869,51,2024-03-10 12:50:34.00136,870,1.037,0.0011,"aoml_navis",1031.34646949178
"7901009",28,0,1,0.029904,1,0.007476,1,132.358609733494,1,4.8479758404004,872,1,6.67500019073486,34.9049987792969,0.0299040004611015,0,127.63500213623,-85.2712,23.0532,55.6397345479109,63,63,63,63,61,63,0,8764,2.04575969791764,23,-85,0.001869,51,2024-03-10 12:50:34.00136,872,1.037,0.0011,"aoml_navis",1031.35827500061
"7901009",28,0,1,0.029904,1,0.007476,1,132.632482824063,1,4.84792108445916,874,1,6.65799999237061,34.9049987792969,0.0299040004611015,0,127.899101257324,-85.2712,23.0532,55.6397345479109,63,63,63,63,61,63,0,8764,2.04575969791764,23,-85,0.001869,51,2024-03-10 12:50:34.00136,874,1.037,0.0011,"aoml_navis",1031.36992390993
"7901009",28,0,1,0.029904,1,0.007476,1,132.84943088324,1,4.84786638819166,876,1,6.63600015640259,34.9039993286133,0.0299040004611015,0,128.108306884766,-85.2712,23.0532,55.6397345479109,63,63,63,63,61,63,0,8764,2.04575969791764,23,-85,0.001869,51,2024-03-10 12:50:34.00136,876,1.037,0.0011,"aoml_navis",1031.38156038683
"7901009",28,0,1,0.028035,1,0.005607,1,132.98910489355,1,4.84781527995516,878,1,6.62400007247925,34.9039993286133,0.0280349999666214,0,128.24299621582,-85.2712,23.0532,55.6397345479109,63,63,63,63,61,63,0,8764,2.04575969791764,23,-85,0.001869,51,2024-03-10 12:50:34.00136,878,1.037,0.0011,"aoml_navis",1031.39243375755
"7901009",28,0,1,0.029904,1,0.007476,1,133.151501445926,1,4.8477663503072,880,1,6.61499977111816,34.9039993286133,0.0299040004611015,0,128.399597167969,-85.2712,23.0532,55.6397345479109,63,63,63,63,61,63,0,8764,2.04575969791764,23,-85,0.001869,51,2024-03-10 12:50:34.00136,880,1.037,0.0011,"aoml_navis",1031.40284384439
"7901009",28,0,1,0.028035,1,0.005607,1,133.306635013058,1,4.84771892751435,882,1,6.60300016403198,34.9029998779297,0.0280349999666214,0,128.549194335938,-85.2712,23.0532,55.6397345479109,63,63,63,63,61,63,0,8764,2.04575969791764,23,-85,0.001869,51,2024-03-10 12:50:34.00136,882,1.037,0.0011,"aoml_navis",1031.41293353898
"7901009",28,0,1,0.031773,1,0.009345,1,133.481690363241,1,4.84766855700707,884,1,6.59200000762939,34.9029998779297,0.0317730009555817,0,128.718002319336,-85.2712,23.0532,55.6397345479109,63,63,63,63,61,63,0,8764,2.04575969791764,23,-85,0.001869,51,2024-03-10 12:50:34.00136,884,1.037,0.0011,"aoml_navis",1031.42365060679
"7901009",28,0,1,0.029904,1,0.007476,1,133.631428117809,1,4.84761819079344,886,1,6.58099985122681,34.9029998779297,0.0299040004611015,0,128.862396240234,-85.2712,23.0532,55.6397345479109,63,63,63,63,61,63,0,8764,2.04575969791764,23,-85,0.001869,51,2024-03-10 12:50:34.00136,886,1.037,0.0011,"aoml_navis",1031.43436698376
"7901009",28,0,1,0.028035,1,0.005607,1,133.746955471301,1,4.84757216922459,888,1,6.57600021362305,34.9029998779297,0.0280349999666214,0,128.97380065918,-85.2712,23.0532,55.6397345479109,63,63,63,63,61,63,0,8764,2.04575969791764,23,-85,0.001869,51,2024-03-10 12:50:34.00136,888,1.037,0.0011,"aoml_navis",1031.44415914901
"7901009",28,0,1,0.029904,1,0.007476,1,133.963072796872,1,4.84752542582595,890,1,6.57000017166138,34.9029998779297,0.0299040004611015,0,129.182205200195,-85.2712,23.0532,55.6397345479109,63,63,63,63,61,63,0,8764,2.04575969791764,23,-85,0.001869,51,2024-03-10 12:50:34.00136,890,1.037,0.0011,"aoml_navis",1031.45410509076
"7901009",28,0,1,0.028035,1,0.005607,1,134.273545636602,1,4.84747362279899,892,1,6.55700016021729,34.9029998779297,0.0280349999666214,0,129.481597900391,-85.2712,23.0532,55.6397345479109,63,63,63,63,61,63,0,8764,2.04575969791764,23,-85,0.001869,51,2024-03-10 12:50:34.00136,892,1.037,0.0011,"aoml_navis",1031.46512783146
"7901009",28,0,1,0.029904,1,0.007476,1,134.544000851763,1,4.8474117158294,894,1,6.53000020980835,34.9029998779297,0.0299040004611015,0,129.742401123047,-85.2712,23.0532,55.6397345479109,63,63,63,63,61,63,0,8764,2.04575969791764,23,-85,0.001869,51,2024-03-10 12:50:34.00136,894,1.037,0.0011,"aoml_navis",1031.47830081615
"7901009",28,0,1,0.031773,1,0.009345,1,134.703390939659,1,4.84736281638965,896,1,6.52099990844727,34.9029998779297,0.0317730009555817,0,129.896102905273,-85.2712,23.0532,55.6397345479109,63,63,63,63,61,63,0,8764,2.04575969791764,23,-85,0.001869,51,2024-03-10 12:50:34.00136,896,1.037,0.0011,"aoml_navis",1031.4887062083
"7901009",28,0,1,0.028035,1,0.005607,1,134.910172401847,1,4.84730959350606,898,1,6.50600004196167,34.9029998779297,0.0280349999666214,0,130.095504760742,-85.2712,23.0532,55.6397345479109,63,63,63,63,61,63,0,8764,2.04575969791764,23,-85,0.001869,51,2024-03-10 12:50:34.00136,898,1.037,0.0011,"aoml_navis",1031.50003183178
"7901009",28,0,1,0.026166,1,0.003738,1,135.031807625281,1,4.84726214356442,900,1,6.49900007247925,34.9029998779297,0.0261659994721413,0,130.212799072266,-85.2712,23.0532,55.6397345479109,63,63,63,63,61,63,0,8764,2.04575969791764,23,-85,0.001869,51,2024-03-10 12:50:34.00136,900,1.037,0.0011,"aoml_navis",1031.51012920528
"7901009",28,0,1,0.031773,1,0.009345,1,135.313465876502,1,4.84721765129289,902,1,6.49100017547607,34.9020004272461,0.0317730009555817,0,130.484405517578,-85.2712,23.0532,55.6397345479109,63,63,63,63,61,63,0,8764,2.04575969791764,23,-85,0.001869,51,2024-03-10 12:50:34.00136,902,1.037,0.0011,"aoml_navis",1031.51959736455
"7901009",28,0,1,0.026166,1,0.003738,1,135.701711205263,1,4.8471630035334,904,1,6.47399997711182,34.9020004272461,0.0261659994721413,0,130.858795166016,-85.2712,23.0532,55.6397345479109,63,63,63,63,61,63,0,8764,2.04575969791764,23,-85,0.001869,51,2024-03-10 12:50:34.00136,904,1.037,0.0011,"aoml_navis",1031.53122689606
"7901009",28,0,1,0.026166,1,0.003738,1,136.094529524732,1,4.84710477018963,906,1,6.4520001411438,34.9020004272461,0.0261659994721413,0,131.237594604492,-85.2712,23.0532,55.6397345479109,63,63,63,63,61,63,0,8764,2.04575969791764,23,-85,0.001869,51,2024-03-10 12:50:34.00136,906,1.037,0.0011,"aoml_navis",1031.54361976054
"7901009",28,0,1,0.026166,1,0.003738,1,136.558806757825,1,4.84704224602948,908,1,6.42399978637695,34.9020004272461,0.0261659994721413,0,131.685302734375,-85.2712,23.0532,55.6397345479109,63,63,63,63,61,63,0,8764,2.04575969791764,23,-85,0.001869,51,2024-03-10 12:50:34.00136,908,1.037,0.0011,"aoml_navis",1031.55692610185
"7901009",28,0,1,0.028035,1,0.005607,1,136.839309893746,1,4.84697975256097,910,1,6.39599990844727,34.9020004272461,0.0280349999666214,0,131.955795288086,-85.2712,23.0532,55.6397345479109,63,63,63,63,61,63,0,8764,2.04575969791764,23,-85,0.001869,51,2024-03-10 12:50:34.00136,910,1.037,0.0011,"aoml_navis",1031.57022625444
"7901009",28,0,1,0.031773,1,0.009345,1,137.090792735693,1,4.84692731181012,912,1,6.38199996948242,34.9020004272461,0.0317730009555817,0,132.198303222656,-85.2712,23.0532,55.6397345479109,63,63,63,63,61,63,0,8764,2.04575969791764,23,-85,0.001869,51,2024-03-10 12:50:34.00136,912,1.037,0.0011,"aoml_navis",1031.58138720523
"7901009",28,0,1,0.026166,1,0.003738,1,137.357402841019,1,4.84687630933587,914,1,6.36999988555908,34.9020004272461,0.0261659994721413,0,132.45539855957,-85.2712,23.0532,55.6397345479109,63,63,63,63,61,63,0,8764,2.04575969791764,23,-85,0.001869,51,2024-03-10 12:50:34.00136,914,1.037,0.0011,"aoml_navis",1031.59224227967
"7901009",28,0,1,0.029904,1,0.007476,1,137.752816214039,1,4.84682674308614,916,1,6.3600001335144,34.9020004272461,0.0299040004611015,0,132.836700439453,-85.2712,23.0532,55.6397345479109,63,63,63,63,61,63,0,8764,2.04575969791764,23,-85,0.001869,51,2024-03-10 12:50:34.00136,916,1.037,0.0011,"aoml_navis",1031.6027918952
"7901009",28,0,1,0.031773,1,0.009345,1,138.124889928601,1,4.84676645728737,918,1,6.33500003814697,34.9020004272461,0.0317730009555817,0,133.195495605469,-85.2712,23.0532,55.6397345479109,63,63,63,63,61,63,0,8764,2.04575969791764,23,-85,0.001869,51,2024-03-10 12:50:34.00136,918,1.037,0.0011,"aoml_navis",1031.6156233363
"7901009",28,0,1,0.031773,1,0.009345,1,138.441075050842,1,4.84670608657892,920,1,6.31500005722046,34.9029998779297,0.0317730009555817,0,133.500396728516,-85.2712,23.0532,55.6397345479109,63,63,63,63,61,63,0,8764,2.04575969791764,23,-85,0.001869,51,2024-03-10 12:50:34.00136,920,1.037,0.0011,"aoml_navis",1031.62847316976
"7901009",28,0,1,0.029904,1,0.007476,1,138.620481862771,1,4.84664869408295,922,1,6.29400014877319,34.9029998779297,0.0299040004611015,0,133.673400878906,-85.2712,23.0532,55.6397345479109,63,63,63,63,61,63,0,8764,2.04575969791764,23,-85,0.001869,51,2024-03-10 12:50:34.00136,922,1.037,0.0011,"aoml_navis",1031.64068939106
"7901009",28,0,1,0.028035,1,0.005607,1,138.766912506411,1,4.84659690136253,924,1,6.28599977493286,34.9039993286133,0.0280349999666214,0,133.814605712891,-85.2712,23.0532,55.6397345479109,63,63,63,63,61,63,0,8764,2.04575969791764,23,-85,0.001869,51,2024-03-10 12:50:34.00136,924,1.037,0.0011,"aoml_navis",1031.65171392619
"7901009",28,0,1,0.026166,1,0.003738,1,138.880556863729,1,4.84655235132398,926,1,6.28299999237061,34.9039993286133,0.0261659994721413,0,133.924194335938,-85.2712,23.0532,55.6397345479109,63,63,63,63,61,63,0,8764,2.04575969791764,23,-85,0.001869,51,2024-03-10 12:50:34.00136,926,1.037,0.0011,"aoml_navis",1031.66119698142
"7901009",28,0,1,0.028035,1,0.005607,1,139.183893306195,1,4.84651147950633,928,1,6.28000020980835,34.9029998779297,0.0280349999666214,0,134.216705322266,-85.2712,23.0532,55.6397345479109,63,63,63,63,61,63,0,8764,2.04575969791764,23,-85,0.001869,51,2024-03-10 12:50:34.00136,928,1.037,0.0011,"aoml_navis",1031.66989723282
"7901009",28,0,1,0.033642,1,0.011214,1,139.532421656835,1,4.84646408173415,930,1,6.27299976348877,34.9029998779297,0.0336420014500618,0,134.552795410156,-85.2712,23.0532,55.6397345479109,63,63,63,63,61,63,0,8764,2.04575969791764,23,-85,0.001869,51,2024-03-10 12:50:34.00136,930,1.037,0.0011,"aoml_navis",1031.67998682679
"7901009",28,0,1,0.031773,1,0.009345,1,140.002711818887,1,4.84639236975684,932,1,6.23699998855591,34.9039993286133,0.0317730009555817,0,135.006301879883,-85.2712,23.0532,55.6397345479109,63,63,63,63,61,63,0,8764,2.04575969791764,23,-85,0.001869,51,2024-03-10 12:50:34.00136,932,1.037,0.0011,"aoml_navis",1031.69525257627
"7901009",28,0,1,0.028035,1,0.005607,1,140.206581757579,1,4.84633929592623,934,1,6.22200012207031,34.9039993286133,0.0280349999666214,0,135.202896118164,-85.2712,23.0532,55.6397345479109,63,63,63,63,61,63,0,8764,2.04575969791764,23,-85,0.001869,51,2024-03-10 12:50:34.00136,934,1.037,0.0011,"aoml_navis",1031.70655100499
"7901009",28,0,1,0.029904,1,0.007476,1,140.353107342203,1,4.84629191097365,936,1,6.21500015258789,34.9039993286133,0.0299040004611015,0,135.344192504883,-85.2712,23.0532,55.6397345479109,63,63,63,63,61,63,0,8764,2.04575969791764,23,-85,0.001869,51,2024-03-10 12:50:34.00136,936,1.037,0.0011,"aoml_navis",1031.71663858677
"7901009",28,0,1,0.029904,1,0.007476,1,140.452985256905,1,4.84624594863544,938,1,6.21000003814697,34.9039993286133,0.0299040004611015,0,135.440505981445,-85.2712,23.0532,55.6397345479109,63,63,63,63,61,63,0,8764,2.04575969791764,23,-85,0.001869,51,2024-03-10 12:50:34.00136,938,1.037,0.0011,"aoml_navis",1031.72642350268
"7901009",28,0,1,0.029904,1,0.007476,1,140.540299314784,1,4.84619998813748,940,1,6.20499992370605,34.9039993286133,0.0299040004611015,0,135.524703979492,-85.2712,23.0532,55.6397345479109,63,63,63,63,61,63,0,8764,2.04575969791764,23,-85,0.001869,51,2024-03-10 12:50:34.00136,940,1.037,0.0011,"aoml_navis",1031.73620821241
"7901009",28,0,1,0.029904,1,0.007476,1,140.681840497771,1,4.84615687069594,942,1,6.2039999961853,34.9039993286133,0.0299040004611015,0,135.661193847656,-85.2712,23.0532,55.6397345479109,63,63,63,63,61,63,0,8764,2.04575969791764,23,-85,0.001869,51,2024-03-10 12:50:34.00136,942,1.037,0.0011,"aoml_navis",1031.7453878215
"7901009",28,0,1,0.028035,1,0.005607,1,140.927832586168,1,4.84611233462573,944,1,6.20100021362305,34.9039993286133,0.0280349999666214,0,135.898406982422,-85.2712,23.0532,55.6397345479109,63,63,63,63,61,63,0,8764,2.04575969791764,23,-85,0.001869,51,2024-03-10 12:50:34.00136,944,1.037,0.0011,"aoml_navis",1031.75486962503
"7901009",28,0,1,0.028035,1,0.005607,1,141.250442048296,1,4.84605134345963,946,1,6.17999982833862,34.9049987792969,0.0280349999666214,0,136.209503173828,-85.2712,23.0532,55.6397345479109,63,63,63,63,61,63,0,8764,2.04575969791764,23,-85,0.001869,51,2024-03-10 12:50:34.00136,946,1.037,0.0011,"aoml_navis",1031.76785502864
"7901009",28,0,1,0.029904,1,0.007476,1,141.372805152605,1,4.84600042580531,948,1,6.16800022125244,34.9049987792969,0.0299040004611015,0,136.327499389648,-85.2712,23.0532,55.6397345479109,63,63,63,63,61,63,0,8764,2.04575969791764,23,-85,0.001869,51,2024-03-10 12:50:34.00136,948,1.037,0.0011,"aoml_navis",1031.77869596846
"7901009",28,0,1,0.028035,1,0.005607,1,141.503981944887,1,4.84595518460393,950,1,6.16400003433228,34.9049987792969,0.0280349999666214,0,136.453994750977,-85.2712,23.0532,55.6397345479109,63,63,63,63,61,63,0,8764,2.04575969791764,23,-85,0.001869,51,2024-03-10 12:50:34.00136,950,1.037,0.0011,"aoml_navis",1031.7883285189
"7901009",28,0,1,0.029904,1,0.007476,1,141.684638813099,1,4.8459129121117,952,1,6.15899991989136,34.9039993286133,0.0299040004611015,0,136.628204345703,-85.2712,23.0532,55.6397345479109,63,63,63,63,61,63,0,8764,2.04575969791764,23,-85,0.001869,51,2024-03-10 12:50:34.00136,952,1.037,0.0011,"aoml_navis",1031.79732914786
"7901009",28,0,1,0.026166,1,0.003738,1,141.957261847385,1,4.84585832712326,954,1,6.14699983596802,34.9049987792969,0.0261659994721413,0,136.891098022461,-85.2712,23.0532,55.6397345479109,63,63,63,63,61,63,0,8764,2.04575969791764,23,-85,0.001869,51,2024-03-10 12:50:34.00136,954,1.037,0.0011,"aoml_navis",1031.80895157706
"7901009",28,0,1,0.029904,1,0.007476,1,142.109499714519,1,4.84580175818069,956,1,6.1269998550415,34.9049987792969,0.0299040004611015,0,137.037902832031,-85.2712,23.0532,55.6397345479109,63,63,63,63,61,63,0,8764,2.04575969791764,23,-85,0.001869,51,2024-03-10 12:50:34.00136,956,1.037,0.0011,"aoml_navis",1031.82099671308
"7901009",28,0,1,0.026166,1,0.003738,1,142.167160538533,1,4.84575723244712,958,1,6.12400007247925,34.9049987792969,0.0261659994721413,0,137.093505859375,-85.2712,23.0532,55.6397345479109,63,63,63,63,61,63,0,8764,2.04575969791764,23,-85,0.001869,51,2024-03-10 12:50:34.00136,958,1.037,0.0011,"aoml_navis",1031.83047770534
"7901009",28,0,1,0.031773,1,0.009345,1,142.274491320445,1,4.84571341652877,960,1,6.12200021743774,34.9049987792969,0.0317730009555817,0,137.197006225586,-85.2712,23.0532,55.6397345479109,63,63,63,63,61,63,0,8764,2.04575969791764,23,-85,0.001869,51,2024-03-10 12:50:34.00136,960,1.037,0.0011,"aoml_navis",1031.83980772469
"7901009",28,0,1,0.028035,1,0.005607,1,142.390525025849,1,4.84567031036974,962,1,6.12099981307983,34.9049987792969,0.0280349999666214,0,137.308898925781,-85.2712,23.0532,55.6397345479109,63,63,63,63,61,63,0,8764,2.04575969791764,23,-85,0.001869,51,2024-03-10 12:50:34.00136,962,1.037,0.0011,"aoml_navis",1031.84898677485
"7901009",28,0,1,0.028035,1,0.005607,1,142.623019671084,1,4.84562508203535,964,1,6.11700010299683,34.9049987792969,0.0280349999666214,0,137.533096313477,-85.2712,23.0532,55.6397345479109,63,63,63,63,61,63,0,8764,2.04575969791764,23,-85,0.001869,51,2024-03-10 12:50:34.00136,964,1.037,0.0011,"aoml_navis",1031.85861789782
"7901009",28,0,1,0.029904,1,0.007476,1,142.955392231022,1,4.8455678229035,966,1,6.09600019454956,34.9049987792969,0.0299040004611015,0,137.853607177734,-85.2712,23.0532,55.6397345479109,63,63,63,63,61,63,0,8764,2.04575969791764,23,-85,0.001869,51,2024-03-10 12:50:34.00136,966,1.037,0.0011,"aoml_navis",1031.87081117027
"7901009",28,0,1,0.029904,1,0.007476,1,143.197729091552,1,4.84551411293018,968,1,6.07999992370605,34.9049987792969,0.0299040004611015,0,138.087295532227,-85.2712,23.0532,55.6397345479109,63,63,63,63,61,63,0,8764,2.04575969791764,23,-85,0.001869,51,2024-03-10 12:50:34.00136,968,1.037,0.0011,"aoml_navis",1031.88224891505
"7901009",28,0,1,0.028035,1,0.005607,1,143.419764405099,1,4.8454560303462,970,1,6.06300020217896,34.9059982299805,0.0280349999666214,0,138.301406860352,-85.2712,23.0532,55.6397345479109,63,63,63,63,61,63,0,8764,2.04575969791764,23,-85,0.001869,51,2024-03-10 12:50:34.00136,970,1.037,0.0011,"aoml_navis",1031.8946181094
"7901009",28,0,1,0.029904,1,0.007476,1,143.61792206128,1,4.84540657306949,972,1,6.05299997329712,34.9059982299805,0.0299040004611015,0,138.492492675781,-85.2712,23.0532,55.6397345479109,63,63,63,63,61,63,0,8764,2.04575969791764,23,-85,0.001869,51,2024-03-10 12:50:34.00136,972,1.037,0.0011,"aoml_navis",1031.90515070288
"7901009",28,0,1,0.029904,1,0.007476,1,143.78115725901,1,4.8453557085016,974,1,6.04099988937378,34.9059982299805,0.0299040004611015,0,138.64990234375,-85.2712,23.0532,55.6397345479109,63,63,63,63,61,63,0,8764,2.04575969791764,23,-85,0.001869,51,2024-03-10 12:50:34.00136,974,1.037,0.0011,"aoml_navis",1031.91598322226
"7901009",28,0,1,0.026166,1,0.003738,1,143.951117443075,1,4.84531190201806,976,1,6.03900003433228,34.9059982299805,0.0261659994721413,0,138.81379699707,-85.2712,23.0532,55.6397345479109,63,63,63,63,61,63,0,8764,2.04575969791764,23,-85,0.001869,51,2024-03-10 12:50:34.00136,976,1.037,0.0011,"aoml_navis",1031.92531277863
"7901009",28,0,1,0.033642,1,0.011214,1,144.145556577401,1,4.84526809748829,978,1,6.03700017929077,34.9059982299805,0.0336420014500618,0,139.00129699707,-85.2712,23.0532,55.6397345479109,63,63,63,63,61,63,0,8764,2.04575969791764,23,-85,0.001869,51,2024-03-10 12:50:34.00136,978,1.037,0.0011,"aoml_navis",1031.93464208759
"7901009",28,0,1,0.026166,1,0.003738,1,149.186036688457,1,4.84469800106909,999.799987792969,1,5.89909982681274,34.9090003967285,0.0261659994721413,0,143.861892700195,-85.2712,23.0532,55.6397345479109,63,63,63,63,61,63,0,8764,2.04575969791764,23,-85,0.001869,51,2024-03-10 12:50:34.00136,999.799987792969,1.037,0.0011,"aoml_navis",1032.05607426854
"7901009",28,0,1,0.029904,1,0.007476,1,157.069698610611,1,4.84339605341556,1048.69995117188,1,5.55950021743774,34.9169998168945,0.0299040004611015,0,151.464202880859,-85.2712,23.0532,55.6397345479109,63,63,63,63,61,63,0,8764,2.04575969791764,23,-85,0.001869,51,2024-03-10 12:50:34.00136,1048.69995117188,1.037,0.0011,"aoml_navis",1032.33350006015
"7901009",28,0,1,0.029904,1,0.007476,1,164.238534044064,1,4.84211591603656,1100.09997558594,1,5.32410001754761,34.9249992370605,0.0299040004611015,0,158.377197265625,-85.2712,23.0532,55.6397345479109,63,63,63,63,61,63,0,8764,2.04575969791764,23,-85,0.001869,51,2024-03-10 12:50:34.00136,1100.09997558594,1.037,0.0011,"aoml_navis",1032.60642386535
"7901009",28,0,1,0.028035,1,0.005607,1,169.970706690827,1,4.84093573627354,1149.19995117188,1,5.15049982070923,34.9309997558594,0.0280349999666214,0,163.904800415039,-85.2712,23.0532,55.6397345479109,63,63,63,63,61,63,0,8764,2.04575969791764,23,-85,0.001869,51,2024-03-10 12:50:34.00136,1149.19995117188,1.037,0.0011,"aoml_navis",1032.85816470039
"7901009",28,0,1,0.026166,1,0.003738,1,178.253089096929,1,4.83968639277951,1199.80004882812,1,4.93030023574829,34.9389991760254,0.0261659994721413,0,171.8916015625,-85.2712,23.0532,55.6397345479109,63,63,63,63,61,63,0,8764,2.04575969791764,23,-85,0.001869,51,2024-03-10 12:50:34.00136,1199.80004882812,1.037,0.0011,"aoml_navis",1033.1247924369
"7901009",28,0,1,0.031773,1,0.009345,1,184.878957045416,1,4.8384919500921,1249.09997558594,1,4.74840021133423,34.9469985961914,0.0317730009555817,0,178.281005859375,-85.2712,23.0532,55.6397345479109,63,63,63,63,61,63,0,8764,2.04575969791764,23,-85,0.001869,51,2024-03-10 12:50:34.00136,1249.09997558594,1.037,0.0011,"aoml_navis",1033.37983230598
"7901009",28,0,1,0.029904,1,0.007476,1,188.203078232222,1,4.83733571612343,1299.40002441406,1,4.6314001083374,34.951000213623,0.0299040004611015,0,181.48649597168,-85.2712,23.0532,55.6397345479109,63,63,63,63,61,63,0,8764,2.04575969791764,23,-85,0.001869,51,2024-03-10 12:50:34.00136,1299.40002441406,1.037,0.0011,"aoml_navis",1033.62683374123
"7901009",28,0,1,0.031773,1,0.009345,1,194.281817115965,1,4.83618869659867,1349.30004882812,1,4.51389980316162,34.9550018310547,0.0317730009555817,0,187.348297119141,-85.2712,23.0532,55.6397345479109,63,63,63,63,61,63,0,8764,2.04575969791764,23,-85,0.001869,51,2024-03-10 12:50:34.00136,1349.30004882812,1.037,0.0011,"aoml_navis",1033.8719834312
"7901009",28,0,1,0.029904,1,0.007476,1,197.194574844514,1,4.8350463299407,1399.69995117188,1,4.4229998588562,34.9599990844727,0.0299040004611015,0,190.157104492188,-85.2712,23.0532,55.6397345479109,63,63,63,63,61,63,0,8764,2.04575969791764,23,-85,0.001869,51,2024-03-10 12:50:34.00136,1399.69995117188,1.037,0.0011,"aoml_navis",1034.11625428237
"7901009",28,0,1,0.026166,1,0.003738,1,198.541534225239,1,4.83395814818664,1449.80004882812,1,4.38549995422363,34.9620018005371,0.0261659994721413,0,191.455993652344,-85.2712,23.0532,55.6397345479109,63,63,63,63,61,63,0,8764,2.04575969791764,23,-85,0.001869,51,2024-03-10 12:50:34.00136,1449.80004882812,1.037,0.0011,"aoml_navis",1034.34904621085
"7901009",28,0,1,0.029904,1,0.007476,1,200.265361840195,1,4.83288906282583,1499.59997558594,1,4.35960006713867,34.9630012512207,0.0299040004611015,0,193.118301391602,-85.2712,23.0532,55.6397345479109,63,63,63,63,61,63,0,8764,2.04575969791764,23,-85,0.001869,51,2024-03-10 12:50:34.00136,1499.59997558594,1.037,0.0011,"aoml_navis",1034.57785498525
"7901009",28,0,1,0.031773,1,0.009345,1,201.237873981769,1,4.83180952651036,1549.80004882812,1,4.33409976959229,34.9650001525879,0.0317730009555817,0,194.056106567383,-85.2712,23.0532,55.6397345479109,63,63,63,63,61,63,0,8764,2.04575969791764,23,-85,0.001869,51,2024-03-10 12:50:34.00136,1549.80004882812,1.037,0.0011,"aoml_navis",1034.80900324544
"7901009",28,0,1,0.028035,1,0.005607,1,201.916796955188,1,4.83076835828022,1599.19995117188,1,4.3274998664856,34.9650001525879,0.0280349999666214,0,194.710800170898,-85.2712,23.0532,55.6397345479109,63,63,63,63,61,63,0,8764,2.04575969791764,23,-85,0.001869,51,2024-03-10 12:50:34.00136,1599.19995117188,1.037,0.0011,"aoml_navis",1035.0320340717
"7901009",28,0,1,0.026166,1,0.003738,1,202.398385094283,1,4.82971283539453,1649.5,1,4.3253002166748,34.9650001525879,0.0261659994721413,0,195.175201416016,-85.2712,23.0532,55.6397345479109,63,63,63,63,61,63,0,8764,2.04575969791764,23,-85,0.001869,51,2024-03-10 12:50:34.00136,1649.5,1.037,0.0011,"aoml_navis",1035.25823799658
"7901009",28,0,1,0.022428,1,0,1,203.01363431473,1,4.82866212222142,1699.5,1,4.32399988174438,34.9659996032715,0.0224280003458261,0,195.768493652344,-85.2712,23.0532,55.6397345479109,63,63,63,63,61,63,0,8764,2.04575969791764,23,-85,0.001869,51,2024-03-10 12:50:34.00136,1699.5,1.037,0.0011,"aoml_navis",1035.48350939489
"7901009",28,0,1,0.031773,1,0.009345,1,203.009694263913,1,4.8276231295065,1749,1,4.31710004806519,34.9659996032715,0.0317730009555817,0,195.764694213867,-85.2712,23.0532,55.6397345479109,63,63,63,63,61,63,0,8764,2.04575969791764,23,-85,0.001869,51,2024-03-10 12:50:34.00136,1749,1.037,0.0011,"aoml_navis",1035.70636436799
"7901009",28,0,1,0.024297,1,0.001869,1,203.047860539303,1,4.82657857171221,1799.09997558594,1,4.31799983978271,34.9659996032715,0.0242970008403063,0,195.801498413086,-85.2712,23.0532,55.6397345479109,63,63,63,63,61,63,0,8764,2.04575969791764,23,-85,0.001869,51,2024-03-10 12:50:34.00136,1799.09997558594,1.037,0.0011,"aoml_navis",1035.93050972053
"7901009",28,0,1,0.029904,1,0.007476,1,203.686655123672,1,4.82553667001274,1849.09997558594,1,4.31750011444092,34.9659996032715,0.0299040004611015,0,196.417495727539,-85.2712,23.0532,55.6397345479109,63,63,63,63,61,63,0,8764,2.04575969791764,23,-85,0.001869,51,2024-03-10 12:50:34.00136,1849.09997558594,1.037,0.0011,"aoml_navis",1036.15418178695
"7901009",28,0,1,0.026166,1,0.003738,1,204.085707901062,1,4.82448343712614,1899.5,1,4.3157000541687,34.9669990539551,0.0261659994721413,0,196.802307128906,-85.2712,23.0532,55.6397345479109,63,63,63,63,61,63,0,8764,2.04575969791764,23,-85,0.001869,51,2024-03-10 12:50:34.00136,1899.5,1.037,0.0011,"aoml_navis",1036.3803845865
"7901009",28,0,1,0.024297,1,0.001869,1,205.259795574225,1,4.82344484262982,1949.5,1,4.31549978256226,34.9669990539551,0.0242970008403063,0,197.934494018555,-85.2712,23.0532,55.6397345479109,63,63,63,63,61,63,0,8764,2.04575969791764,23,-85,0.001869,51,2024-03-10 12:50:34.00136,1949.5,1.037,0.0011,"aoml_navis",1036.60354023535
"7901009",28,0,1,0.024297,1,0.001869,1,202.356278768076,4,4.8224118491793,1999.09997558594,1,4.31949996948242,34.9690017700195,0.0242970008403063,0,195.13459777832,-85.2712,23.0532,55.6397345479109,63,63,63,63,61,63,0,8764,2.04575969791764,23,-85,0.001869,51,2024-03-10 12:50:34.00136,1999.09997558594,1.037,0.0011,"aoml_navis",1036.82558777117
"7901009",29,0.0566430163415336,5,0.028035,1,0.005607,1,197.769029026553,1,4.8850050466391,2.29999995231628,1,27.2630004882812,36.1910018920898,0.0280349999666214,0.0149520002305508,190.710998535156,-85.2676,22.7663,63.5882412260237,63,63,63,63,61,63,0.115878,8764,2.04575969791764,23,-85,0.001869,51,2024-03-20 19:34:37.002088,2.29999995231628,1.037,0.0011,"aoml_navis",1023.54039602068
"7901009",29,0.0566430163415336,5,0.029904,1,0.007476,1,197.804805964934,1,4.88482358528491,4,1,27.1630001068115,36.1889991760254,0.0299040004611015,0.0168210007250309,190.745498657227,-85.2676,22.7663,63.5882412260237,63,63,63,63,61,63,0.115878,8764,2.04575969791764,23,-85,0.001869,51,2024-03-20 19:34:37.002088,4,1.037,0.0011,"aoml_navis",1023.57841848415
"7901009",29,0.0566430163415336,5,0.033642,1,0.011214,1,198.092271528651,1,4.88459501416408,6,1,27.0289993286133,36.1839981079102,0.0336420014500618,0.020558999851346,191.022705078125,-85.2676,22.7663,63.5882412260237,63,63,63,63,61,63,0.115878,8764,2.04575969791764,23,-85,0.001869,51,2024-03-20 19:34:37.002088,6,1.037,0.0011,"aoml_navis",1023.62631610221
"7901009",29,0.0566430163415336,5,0.041118,1,0.01869,1,198.20903315108,1,4.88450255410198,8,1,26.9930000305176,36.1829986572266,0.041117999702692,0.0280349999666214,191.135299682617,-85.2676,22.7663,63.5882412260237,63,63,63,63,61,63,0.115878,8764,2.04575969791764,23,-85,0.001869,51,2024-03-20 19:34:37.002088,8,1.037,0.0011,"aoml_navis",1023.64569259996
"7901009",29,0.0566430163415336,5,0.044856,1,0.022428,1,198.167243281879,1,4.88444326734821,10,1,26.9810009002686,36.1829986572266,0.0448560006916523,0.0317730009555817,191.095001220703,-85.2676,22.7663,63.5882412260237,63,63,63,63,61,63,0.115878,8764,2.04575969791764,23,-85,0.001869,51,2024-03-20 19:34:37.002088,10,1.037,0.0011,"aoml_navis",1023.65811748173
"7901009",29,0.0566430163415336,5,0.042987,1,0.020559,1,198.217435430726,1,4.88439316616258,12,1,26.9750003814697,36.1829986572266,0.0429870001971722,0.0299040004611015,191.143402099609,-85.2676,22.7663,63.5882412260237,63,63,63,63,61,63,0.115878,8764,2.04575969791764,23,-85,0.001869,51,2024-03-20 19:34:37.002088,12,1.037,0.0011,"aoml_navis",1023.66861755485
"7901009",29,0.0566430163415336,5,0.044856,1,0.022428,1,198.229572056882,1,4.88434459732563,14,1,26.9699993133545,36.1829986572266,0.0448560006916523,0.0317730009555817,191.15510559082,-85.2676,22.7663,63.5882412260237,63,63,63,63,61,63,0.115878,8764,2.04575969791764,23,-85,0.001869,51,2024-03-20 19:34:37.002088,14,1.037,0.0011,"aoml_navis",1023.67879668803
"7901009",29,0.0566430163415336,5,0.048594,1,0.026166,1,198.244398678405,1,4.88429909268119,16,1,26.9669990539551,36.1829986572266,0.0485940016806126,0.0355109982192516,191.169403076172,-85.2676,22.7663,63.5882412260237,63,63,63,63,61,63,0.115878,8764,2.04575969791764,23,-85,0.001869,51,2024-03-20 19:34:37.002088,16,1.037,0.0011,"aoml_navis",1023.68833380662
"7901009",29,0.0566430163415336,5,0.048594,1,0.026166,1,198.272706923767,1,4.88425512258133,18,1,26.9650001525879,36.1829986572266,0.0485940016806126,0.0355109982192516,191.196701049805,-85.2676,22.7663,63.5882412260237,63,63,63,63,61,63,0.115878,8764,2.04575969791764,23,-85,0.001869,51,2024-03-20 19:34:37.002088,18,1.037,0.0011,"aoml_navis",1023.69754947557
"7901009",29,0.0566430163415336,5,0.050463,1,0.028035,1,198.259114535412,1,4.88421115182861,20,1,26.9629993438721,36.1829986572266,0.0504629984498024,0.0373799987137318,191.18359375,-85.2676,22.7663,63.5882412260237,63,63,63,63,61,63,0.115878,8764,2.04575969791764,23,-85,0.001869,51,2024-03-20 19:34:37.002088,20,1.037,0.0011,"aoml_navis",1023.70676544728
"7901009",29,0.0566430163415336,5,0.052332,1,0.029904,1,198.27477980255,1,4.88416718625981,22,1,26.9610004425049,36.1829986572266,0.0523319989442825,0.0392489992082119,191.198699951172,-85.2676,22.7663,63.5882412260237,63,63,63,63,61,63,0.115878,8764,2.04575969791764,23,-85,0.001869,51,2024-03-20 19:34:37.002088,22,1.037,0.0011,"aoml_navis",1023.71598049838
"7901009",29,0.0566430163415336,5,0.059808,1,0.03738,1,198.206754566769,1,4.88412322003774,24,1,26.9589996337891,36.1829986572266,0.0598080009222031,0.0467250011861324,191.133102416992,-85.2676,22.7663,63.5882412260237,63,63,63,63,61,63,0.115878,8764,2.04575969791764,23,-85,0.001869,51,2024-03-20 19:34:37.002088,24,1.037,0.0011,"aoml_navis",1023.72519585232
"7901009",29,0.0566430163415336,5,0.063546,1,0.041118,1,198.243465091777,1,4.88407719458848,26,1,26.9580001831055,36.1839981079102,0.0635460019111633,0.0504629984498024,191.168502807617,-85.2676,22.7663,63.5882412260237,63,63,63,63,61,63,0.115878,8764,2.04575969791764,23,-85,0.001869,51,2024-03-20 19:34:37.002088,26,1.037,0.0011,"aoml_navis",1023.73484299961
"7901009",29,0.0566430163415336,5,0.067284,1,0.044856,1,198.237958513026,1,4.88403476518453,28,1,26.9570007324219,36.1839981079102,0.0672840029001236,0.0542009994387627,191.163192749023,-85.2676,22.7663,63.5882412260237,63,63,63,63,61,63,0.115878,8764,2.04575969791764,23,-85,0.001869,51,2024-03-20 19:34:37.002088,28,1.037,0.0011,"aoml_navis",1023.74373656021
"7901009",29,0.0566430163415336,5,0.065415,1,0.042987,1,198.170661158345,1,4.88399233513011,30,1,26.9559993743896,36.1839981079102,0.0654150024056435,0.0523319989442825,191.098297119141,-85.2676,22.7663,63.5882412260237,63,63,63,63,61,63,0.115878,8764,2.04575969791764,23,-85,0.001869,51,2024-03-20 19:34:37.002088,30,1.037,0.0011,"aoml_navis",1023.75263041169
"7901009",29,0.0566430163415336,5,0.069153,1,0.046725,1,198.189950007477,1,4.88394991026208,32,1,26.9549999237061,36.1839981079102,0.0691530033946037,0.0560699999332428,191.116897583008,-85.2676,22.7663,63.5882412260237,63,63,63,63,61,63,0.115878,8764,2.04575969791764,23,-85,0.001869,51,2024-03-20 19:34:37.002088,32,1.037,0.0011,"aoml_navis",1023.76152333055
"7901009",29,0.0566430163415336,5,0.072891,1,0.050463,1,198.252373723493,1,4.8839074876617,34,1,26.9540004730225,36.1839981079102,0.0728909969329834,0.0598080009222031,191.177093505859,-85.2676,22.7663,63.5882412260237,63,63,63,63,61,63,0.115878,8764,2.04575969791764,23,-85,0.001869,51,2024-03-20 19:34:37.002088,34,1.037,0.0011,"aoml_navis",1023.77041592856
"7901009",29,0.0566430163415336,5,0.078498,1,0.05607,1,198.179680554576,1,4.88386353504533,36,1,26.9519996643066,36.1839981079102,0.0784979984164238,0.0654150024056435,191.106994628906,-85.2676,22.7663,63.5882412260237,63,63,63,63,61,63,0.115878,8764,2.04575969791764,23,-85,0.001869,51,2024-03-20 19:34:37.002088,36,1.037,0.0011,"aoml_navis",1023.77962941047
"7901009",29,0.0566430163415336,5,0.085974,1,0.063546,1,198.13602351212,1,4.8838231806533,38,1,26.9500007629395,36.1829986572266,0.0859740003943443,0.0728909969329834,191.064895629883,-85.2676,22.7663,63.5882412260237,63,63,63,63,61,63,0.115878,8764,2.04575969791764,23,-85,0.001869,51,2024-03-20 19:34:37.002088,38,1.037,0.0011,"aoml_navis",1023.78808876761
"7901009",29,0.0566430163415336,5,0.084105,1,0.061677,1,198.216596785112,1,4.88377770316998,40,1,26.94700050354,36.1829986572266,0.0841049998998642,0.0710219964385033,191.142593383789,-85.2676,22.7663,63.5882412260237,63,63,63,63,61,63,0.115878,8764,2.04575969791764,23,-85,0.001869,51,2024-03-20 19:34:37.002088,40,1.037,0.0011,"aoml_navis",1023.79762222891
"7901009",29,0.0566430163415336,5,0.089712,1,0.067284,1,198.086353538844,1,4.88373735010193,42,1,26.9449996948242,36.181999206543,0.0897120013833046,0.0766289979219437,191.016998291016,-85.2676,22.7663,63.5882412260237,63,63,63,63,61,63,0.115878,8764,2.04575969791764,23,-85,0.001869,51,2024-03-20 19:34:37.002088,42,1.037,0.0011,"aoml_navis",1023.80608160585
"7901009",29,0.0566430163415336,5,0.100926,1,0.078498,1,198.185076368812,1,4.8836964678151,44,1,26.9449996948242,36.181999206543,0.100925996899605,0.0878430008888245,191.112197875977,-85.2676,22.7663,63.5882412260237,63,63,63,63,61,63,0.115878,8764,2.04575969791764,23,-85,0.001869,51,2024-03-20 19:34:37.002088,44,1.037,0.0011,"aoml_navis",1023.81465206762
"7901009",29,0.0566430163415336,4,0.089712,1,0.067284,1,198.139457212088,1,4.88365405852326,46,1,26.9440002441406,36.181999206543,0.0897120013833046,0.0766289979219437,191.068206787109,-85.2676,22.7663,63.5882412260237,63,63,63,63,61,63,0.115878,8764,2.04575969791764,23,-85,0.001869,51,2024-03-20 19:34:37.002088,46,1.037,0.0011,"aoml_navis",1023.82354279859
"7901009",29,0.0566430163415336,5,0.104664,1,0.082236,1,198.115183959777,1,4.88361165149758,48,1,26.943000793457,36.181999206543,0.104663997888565,0.0915810018777847,191.044799804688,-85.2676,22.7663,63.5882412260237,63,63,63,63,61,63,0.115878,8764,2.04575969791764,23,-85,0.001869,51,2024-03-20 19:34:37.002088,48,1.037,0.0011,"aoml_navis",1023.83243320888
"7901009",29,0.0566430163415336,5,0.102795,1,0.080367,1,198.095277994061,1,4.88356771446699,50,1,26.9409999847412,36.181999206543,0.102794997394085,0.0897120013833046,191.025604248047,-85.2676,22.7663,63.5882412260237,63,63,63,63,61,63,0.115878,8764,2.04575969791764,23,-85,0.001869,51,2024-03-20 19:34:37.002088,50,1.037,0.0011,"aoml_navis",1023.84164453952
"7901009",29,0.0566430163415336,5,0.104664,1,0.082236,1,197.991887230956,1,4.88352684132514,52,1,26.9409999847412,36.181999206543,0.104663997888565,0.0915810018777847,190.925903320312,-85.2676,22.7663,63.5882412260237,63,63,63,63,61,63,0.115878,8764,2.04575969791764,23,-85,0.001869,51,2024-03-20 19:34:37.002088,52,1.037,0.0011,"aoml_navis",1023.85021367944
"7901009",29,0.0566430163415336,5,0.110271,1,0.087843,1,198.114250373149,1,4.88348444109659,54,1,26.9400005340576,36.181999206543,0.110270999372005,0.0971880033612251,191.043899536133,-85.2676,22.7663,63.5882412260237,63,63,63,63,61,63,0.115878,8764,2.04575969791764,23,-85,0.001869,51,2024-03-20 19:34:37.002088,54,1.037,0.0011,"aoml_navis",1023.85910312786
"7901009",29,0.0566430163415336,5,0.114009,1,0.091581,1,198.053377360345,1,4.88344510206914,56,1,26.9409999847412,36.181999206543,0.114009000360966,0.100925996899605,190.985198974609,-85.2676,22.7663,63.5882412260237,63,63,63,63,61,63,0.115878,8764,2.04575969791764,23,-85,0.001869,51,2024-03-20 19:34:37.002088,56,1.037,0.0011,"aoml_navis",1023.86735091616
"7901009",29,0.0566430163415336,5,0.117747,1,0.095319,1,197.915871126586,1,4.88340117398612,58,1,26.9389991760254,36.181999206543,0.117747001349926,0.104663997888565,190.852600097656,-85.2676,22.7663,63.5882412260237,63,63,63,63,61,63,0.115878,8764,2.04575969791764,23,-85,0.001869,51,2024-03-20 19:34:37.002088,58,1.037,0.0011,"aoml_navis",1023.87656099912
"7901009",29,0.0566430163415336,5,0.13083,1,0.108402,1,197.928735633841,1,4.88335113057067,60,1,26.9330005645752,36.181999206543,0.130830004811287,0.117747001349926,190.865005493164,-85.2676,22.7663,63.5882412260237,63,63,63,63,61,63,0.115878,8764,2.04575969791764,23,-85,0.001869,51,2024-03-20 19:34:37.002088,60,1.037,0.0011,"aoml_navis",1023.88705344146
"7901009",29,0.0566430163415336,5,0.138306,1,0.115878,1,197.888085056795,1,4.88328731748649,62,1,26.9179992675781,36.181999206543,0.138306006789207,0.125222995877266,190.825805664062,-85.2676,22.7663,63.5882412260237,63,63,63,63,61,63,0.115878,8764,2.04575969791764,23,-85,0.001869,51,2024-03-20 19:34:37.002088,62,1.037,0.0011,"aoml_navis",1023.90043323799
"7901009",29,0.063951792643667,1,0.153258,1,0.13083,1,197.736575023625,1,4.88324851995958,64,1,26.9169998168945,36.1809997558594,0.153257995843887,0.140174999833107,190.679702758789,-85.2676,22.7663,63.5882412260237,63,63,63,63,61,63,0.13083,8764,2.04575969791764,23,-85,0.001869,51,2024-03-20 19:34:37.002088,64,1.037,0.0011,"aoml_navis",1023.90856815155
"7901009",29,0.0730877630213337,1,0.171948,1,0.14952,1,197.740515075663,1,4.88315062858794,66,1,26.875,36.1790008544922,0.171948000788689,0.158865004777908,190.683502197266,-85.2676,22.7663,63.5882412260237,63,63,63,63,61,63,0.14952,8764,2.04575969791764,23,-85,0.001869,51,2024-03-20 19:34:37.002088,66,1.037,0.0011,"aoml_navis",1023.92909420569
"7901009",29,0.0831373304367671,1,0.192507,1,0.170079,1,197.762905331217,1,4.88306502729674,68,1,26.8409996032715,36.1769981384277,0.19250699877739,0.179424002766609,190.705093383789,-85.2676,22.7663,63.5882412260237,63,63,63,63,61,63,0.170079,8764,2.04575969791764,23,-85,0.001869,51,2024-03-20 19:34:37.002088,68,1.037,0.0011,"aoml_navis",1023.94704392622
"7901009",29,0.0794829422857004,4,0.185031,1,0.162603,1,197.719770464333,1,4.88301859820816,70,1,26.8349990844727,36.1759986877441,0.185030996799469,0.171948000788689,190.663497924805,-85.2676,22.7663,63.5882412260237,63,63,63,63,61,63,0.162603,8764,2.04575969791764,23,-85,0.001869,51,2024-03-20 19:34:37.002088,70,1.037,0.0011,"aoml_navis",1023.95677989733
"7901009",29,0.0858781215500671,1,0.198114,1,0.175686,1,197.60342025296,1,4.88296654044532,72.0999984741211,1,26.8290004730225,36.1759986877441,0.198113992810249,0.185030996799469,190.551300048828,-85.2676,22.7663,63.5882412260237,63,63,63,63,61,63,0.175686,8764,2.04575969791764,23,-85,0.001869,51,2024-03-20 19:34:37.002088,72.0999984741211,1.037,0.0011,"aoml_navis",1023.9676963963
"7901009",29,0.0895325097011338,1,0.20559,1,0.183162,1,197.556345334037,1,4.88292368547469,74,1,26.8239994049072,36.1749992370605,0.20558999478817,0.19250699877739,190.505905151367,-85.2676,22.7663,63.5882412260237,63,63,63,63,61,63,0.183162,8764,2.04575969791764,23,-85,0.001869,51,2024-03-20 19:34:37.002088,74,1.037,0.0011,"aoml_navis",1023.97668324688
"7901009",29,0.0922733008144338,1,0.211197,1,0.188769,1,197.526787032005,1,4.88287313585589,76,1,26.8199996948242,36.1759986877441,0.211197003722191,0.198113992810249,190.477401733398,-85.2676,22.7663,63.5882412260237,63,63,63,63,61,63,0.188769,8764,2.04575969791764,23,-85,0.001869,51,2024-03-20 19:34:37.002088,76,1.037,0.0011,"aoml_navis",1023.98728389727
"7901009",29,0.0959276889655005,1,0.218673,1,0.196245,1,197.518590457887,1,4.88282258889817,78,1,26.8159999847412,36.1769981384277,0.218673005700111,0.20558999478817,190.469497680664,-85.2676,22.7663,63.5882412260237,63,63,63,63,61,63,0.196245,8764,2.04575969791764,23,-85,0.001869,51,2024-03-20 19:34:37.002088,78,1.037,0.0011,"aoml_navis",1023.99788420907
"7901009",29,0.103236465267634,1,0.233625,1,0.211197,1,197.387002213935,1,4.88277411043227,80,1,26.8110008239746,36.1769981384277,0.233624994754791,0.220541998744011,190.34260559082,-85.2676,22.7663,63.5882412260237,63,63,63,63,61,63,0.211197,8764,2.04575969791764,23,-85,0.001869,51,2024-03-20 19:34:37.002088,80,1.037,0.0011,"aoml_navis",1024.00805093917
"7901009",29,0.108718047494234,1,0.244839,1,0.222411,1,197.360133907269,1,4.88272508041662,82,1,26.8080005645752,36.1780014038086,0.244838997721672,0.231756001710892,190.316696166992,-85.2676,22.7663,63.5882412260237,63,63,63,63,61,63,0.222411,8764,2.04575969791764,23,-85,0.001869,51,2024-03-20 19:34:37.002088,82,1.037,0.0011,"aoml_navis",1024.01833354365
"7901009",29,0.116940420834134,1,0.26166,1,0.239232,1,197.297298780197,1,4.88267813240581,84,1,26.8040008544922,36.1780014038086,0.261660009622574,0.248576998710632,190.256103515625,-85.2676,22.7663,63.5882412260237,63,63,63,63,61,63,0.239232,8764,2.04575969791764,23,-85,0.001869,51,2024-03-20 19:34:37.002088,84,1.037,0.0011,"aoml_navis",1024.02817970235
"7901009",29,0.119681211947434,1,0.267267,1,0.244839,1,197.103998877826,1,4.88262660857353,86,1,26.7970008850098,36.1780014038086,0.267266988754272,0.254184007644653,190.069702148438,-85.2676,22.7663,63.5882412260237,63,63,63,63,61,63,0.244839,8764,2.04575969791764,23,-85,0.001869,51,2024-03-20 19:34:37.002088,86,1.037,0.0011,"aoml_navis",1024.03898574189
"7901009",29,0.123335600098501,1,0.274743,1,0.252315,1,196.924275540308,1,4.88257302206997,88,1,26.7910003662109,36.1790008544922,0.274742990732193,0.261660009622574,189.896392822266,-85.2676,22.7663,63.5882412260237,63,63,63,63,61,63,0.252315,8764,2.04575969791764,23,-85,0.001869,51,2024-03-20 19:34:37.002088,88,1.037,0.0011,"aoml_navis",1024.05022462526
"7901009",29,0.144348331967134,1,0.31773,1,0.295302,1,196.621888414055,1,4.88248534265049,90,1,26.7649993896484,36.1809997558594,0.317730009555817,0.304646998643875,189.604797363281,-85.2676,22.7663,63.5882412260237,63,63,63,63,61,63,0.295302,8764,2.04575969791764,23,-85,0.001869,51,2024-03-20 19:34:37.002088,90,1.037,0.0011,"aoml_navis",1024.06861446628
"7901009",29,0.166274660873534,1,0.362586,1,0.340158,1,196.173909244439,1,4.88236667438635,92,1,26.7210006713867,36.1839981079102,0.362585991621017,0.349503010511398,189.172805786133,-85.2676,22.7663,63.5882412260237,63,63,63,63,61,63,0.340158,8764,2.04575969791764,23,-85,0.001869,51,2024-03-20 19:34:37.002088,92,1.037,0.0011,"aoml_navis",1024.09350494521
"7901009",29,0.179978616440034,1,0.390621,1,0.368193,1,195.953123918819,1,4.88225414443376,94,1,26.6809997558594,36.1870002746582,0.3906210064888,0.377537995576859,188.959899902344,-85.2676,22.7663,63.5882412260237,63,63,63,63,61,63,0.368193,8764,2.04575969791764,23,-85,0.001869,51,2024-03-20 19:34:37.002088,94,1.037,0.0011,"aoml_navis",1024.11710904081
"7901009",29,0.187287392742168,1,0.405573,1,0.383145,1,195.530652234683,1,4.88215633023408,96,1,26.6529998779297,36.1910018920898,0.405573010444641,0.3924899995327,188.552505493164,-85.2676,22.7663,63.5882412260237,63,63,63,63,61,63,0.383145,8764,2.04575969791764,23,-85,0.001869,51,2024-03-20 19:34:37.002088,96,1.037,0.0011,"aoml_navis",1024.13762726854
"7901009",29,0.179978616440034,4,0.390621,1,0.368193,1,195.085347236933,1,4.88207278948437,98,1,26.6319999694824,36.1940002441406,0.3906210064888,0.377537995576859,188.123092651367,-85.2676,22.7663,63.5882412260237,63,63,63,63,61,63,0.368193,8764,2.04575969791764,23,-85,0.001869,51,2024-03-20 19:34:37.002088,98,1.037,0.0011,"aoml_navis",1024.15515204313
"7901009",29,0.186373795704401,1,0.403704,1,0.381276,1,194.393258899515,1,4.88195888047417,100,1,26.5909996032715,36.1969985961914,0.403703987598419,0.3906210064888,187.455703735352,-85.2676,22.7663,63.5882412260237,63,63,63,63,61,63,0.381276,8764,2.04575969791764,23,-85,0.001869,51,2024-03-20 19:34:37.002088,100,1.037,0.0011,"aoml_navis",1024.17904829104
"7901009",29,0.187287392742168,1,0.405573,1,0.383145,1,193.569772200171,1,4.88178649336965,102,1,26.5279998779297,36.2070007324219,0.405573010444641,0.3924899995327,186.661605834961,-85.2676,22.7663,63.5882412260237,63,63,63,63,61,63,0.383145,8764,2.04575969791764,23,-85,0.001869,51,2024-03-20 19:34:37.002088,102,1.037,0.0011,"aoml_navis",1024.21521440786
"7901009",29,0.171756243100134,1,0.3738,1,0.351372,1,192.477792316198,1,4.88164702376654,104,1,26.4890003204346,36.2179985046387,0.373800009489059,0.360716998577118,185.608596801758,-85.2676,22.7663,63.5882412260237,63,63,63,63,61,63,0.351372,8764,2.04575969791764,23,-85,0.001869,51,2024-03-20 19:34:37.002088,104,1.037,0.0011,"aoml_navis",1024.24447643536
"7901009",29,0.160793078646934,4,0.351372,1,0.328944,1,191.573526638334,1,4.88144933635029,106,1,26.4400005340576,36.2410011291504,0.351372003555298,0.338288992643356,184.736602783203,-85.2676,22.7663,63.5882412260237,63,63,63,63,61,63,0.328944,8764,2.04575969791764,23,-85,0.001869,51,2024-03-20 19:34:37.002088,106,1.037,0.0011,"aoml_navis",1024.28595596945
"7901009",29,0.167188257911301,1,0.364455,1,0.342027,1,191.425750951674,1,4.88133777704007,108,1,26.4169998168945,36.2509994506836,0.364455014467239,0.351372003555298,184.594100952148,-85.2676,22.7663,63.5882412260237,63,63,63,63,61,63,0.342027,8764,2.04575969791764,23,-85,0.001869,51,2024-03-20 19:34:37.002088,108,1.037,0.0011,"aoml_navis",1024.30936525599
"7901009",29,0.158965884571401,1,0.347634,1,0.325206,1,191.501134115958,1,4.88127615402351,110,1,26.4080009460449,36.2529983520508,0.347633987665176,0.334551006555557,184.666793823242,-85.2676,22.7663,63.5882412260237,63,63,63,63,61,63,0.325206,8764,2.04575969791764,23,-85,0.001869,51,2024-03-20 19:34:37.002088,110,1.037,0.0011,"aoml_navis",1024.32229651228
"7901009",29,0.153484302344801,1,0.33642,1,0.313992,1,191.804771298881,1,4.88118542858406,112,1,26.375,36.2529983520508,0.336419999599457,0.323336988687515,184.959594726562,-85.2676,22.7663,63.5882412260237,63,63,63,63,61,63,0.313992,8764,2.04575969791764,23,-85,0.001869,51,2024-03-20 19:34:37.002088,112,1.037,0.0011,"aoml_navis",1024.34133534862
"7901009",29,0.140693943816067,1,0.310254,1,0.287826,1,191.869900833767,1,4.88109021335864,114,1,26.3390007019043,36.2529983520508,0.310254007577896,0.297170996665955,185.022399902344,-85.2676,22.7663,63.5882412260237,63,63,63,63,61,63,0.287826,8764,2.04575969791764,23,-85,0.001869,51,2024-03-20 19:34:37.002088,114,1.037,0.0011,"aoml_navis",1024.36131713278
"7901009",29,0.130644376400634,1,0.289695,1,0.267267,1,191.829661667777,1,4.88097972752556,116,1,26.2999992370605,36.2560005187988,0.289694994688034,0.276612013578415,184.983596801758,-85.2676,22.7663,63.5882412260237,63,63,63,63,61,63,0.267267,8764,2.04575969791764,23,-85,0.001869,51,2024-03-20 19:34:37.002088,116,1.037,0.0011,"aoml_navis",1024.38450457052
"7901009",29,0.126076391211801,1,0.28035,1,0.257922,1,191.88597751196,1,4.88088460742279,118,1,26.2639999389648,36.2560005187988,0.280349999666214,0.267266988754272,185.037902832031,-85.2676,22.7663,63.5882412260237,63,63,63,63,61,63,0.257922,8764,2.04575969791764,23,-85,0.001869,51,2024-03-20 19:34:37.002088,118,1.037,0.0011,"aoml_navis",1024.40446807451
"7901009",29,0.127903585287334,1,0.284088,1,0.26166,1,191.563668596489,1,4.88076879473851,120,1,26.2189998626709,36.257999420166,0.284087985754013,0.271005004644394,184.727096557617,-85.2676,22.7663,63.5882412260237,63,63,63,63,61,63,0.26166,8764,2.04575969791764,23,-85,0.001869,51,2024-03-20 19:34:37.002088,120,1.037,0.0011,"aoml_navis",1024.42877552201
"7901009",29,0.118767614909667,4,0.265398,1,0.24297,1,190.198242771712,1,4.88064469292023,122,1,26.17799949646,36.2639999389648,0.265397995710373,0.252315014600754,183.410400390625,-85.2676,22.7663,63.5882412260237,63,63,63,63,61,63,0.24297,8764,2.04575969791764,23,-85,0.001869,51,2024-03-20 19:34:37.002088,122,1.037,0.0011,"aoml_navis",1024.4548240221
"7901009",29,0.122422003060734,1,0.272874,1,0.250446,1,187.413670332327,1,4.88048839068724,124,1,26.1490001678467,36.2840003967285,0.272873997688293,0.259790986776352,180.725204467773,-85.2676,22.7663,63.5882412260237,63,63,63,63,61,63,0.250446,8764,2.04575969791764,23,-85,0.001869,51,2024-03-20 19:34:37.002088,124,1.037,0.0011,"aoml_navis",1024.4876331518
"7901009",29,0.137953152702767,1,0.304647,1,0.282219,1,181.58079514308,1,4.88026943829538,126,1,26.1499996185303,36.3339996337891,0.304646998643875,0.291563987731934,175.100494384766,-85.2676,22.7663,63.5882412260237,63,63,63,63,61,63,0.282219,8764,2.04575969791764,23,-85,0.001869,51,2024-03-20 19:34:37.002088,126,1.037,0.0011,"aoml_navis",1024.53359660127
"7901009",29,0.116940420834134,1,0.26166,1,0.239232,1,176.902640023865,1,4.8800107332113,128,1,26.2509994506836,36.4370002746582,0.261660009622574,0.248576998710632,170.589294433594,-85.2676,22.7663,63.5882412260237,63,63,63,63,61,63,0.239232,8764,2.04575969791764,23,-85,0.001869,51,2024-03-20 19:34:37.002088,128,1.037,0.0011,"aoml_navis",1024.58791042653
"7901009",29,0.111458838607534,1,0.250446,1,0.228018,1,175.874966852665,1,4.87980803837043,130,1,26.2770004272461,36.4930000305176,0.250445991754532,0.237362995743752,169.598297119141,-85.2676,22.7663,63.5882412260237,63,63,63,63,61,63,0.228018,8764,2.04575969791764,23,-85,0.001869,51,2024-03-20 19:34:37.002088,130,1.037,0.0011,"aoml_navis",1024.63046920791
"7901009",29,0.108718047494234,1,0.244839,1,0.222411,1,176.224444721342,1,4.87960654300394,132,1,26.1679992675781,36.492000579834,0.244838997721672,0.231756001710892,169.935302734375,-85.2676,22.7663,63.5882412260237,63,63,63,63,61,63,0.222411,8764,2.04575969791764,23,-85,0.001869,51,2024-03-20 19:34:37.002088,132,1.037,0.0011,"aoml_navis",1024.67277964627
"7901009",29,0.0986684800788005,1,0.22428,1,0.201852,1,175.85931740903,1,4.87951401170057,134,1,26.1359996795654,36.4930000305176,0.224279999732971,0.211197003722191,169.583206176758,-85.2676,22.7663,63.5882412260237,63,63,63,63,61,63,0.201852,8764,2.04575969791764,23,-85,0.001869,51,2024-03-20 19:34:37.002088,134,1.037,0.0011,"aoml_navis",1024.69221074282
"7901009",29,0.100495674154334,1,0.228018,1,0.20559,1,175.219573216753,1,4.87942143760957,136,1,26.1350002288818,36.5069999694824,0.228018000721931,0.214935004711151,168.966293334961,-85.2676,22.7663,63.5882412260237,63,63,63,63,61,63,0.20559,8764,2.04575969791764,23,-85,0.001869,51,2024-03-20 19:34:37.002088,136,1.037,0.0011,"aoml_navis",1024.71165156201
"7901009",29,0.0995820771165672,1,0.226149,1,0.203721,1,174.155616755103,1,4.87936444801168,138,1,26.128999710083,36.5089988708496,0.226148992776871,0.21306599676609,167.940307617188,-85.2676,22.7663,63.5882412260237,63,63,63,63,61,63,0.203721,8764,2.04575969791764,23,-85,0.001869,51,2024-03-20 19:34:37.002088,138,1.037,0.0011,"aoml_navis",1024.72361990453
"7901009",29,0.0977548830410338,1,0.222411,1,0.199983,1,171.8546896592,1,4.87914207589359,140,1,26.0990009307861,36.5470008850098,0.222411006689072,0.20932799577713,165.721496582031,-85.2676,22.7663,63.5882412260237,63,63,63,63,61,63,0.199983,8764,2.04575969791764,23,-85,0.001869,51,2024-03-20 19:34:37.002088,140,1.037,0.0011,"aoml_navis",1024.77032277939
"7901009",29,0.1014092711921,1,0.229887,1,0.207459,1,169.894537505787,1,4.87876604536598,142,1,26.0359992980957,36.6139984130859,0.229886993765831,0.216803997755051,163.831298828125,-85.2676,22.7663,63.5882412260237,63,63,63,63,61,63,0.207459,8764,2.04575969791764,23,-85,0.001869,51,2024-03-20 19:34:37.002088,142,1.037,0.0011,"aoml_navis",1024.84930687529
"7901009",29,0.104150062305401,1,0.235494,1,0.213066,1,168.669418674651,1,4.87852823088997,144,1,26.0100002288818,36.6580009460449,0.235494002699852,0.222411006689072,162.64990234375,-85.2676,22.7663,63.5882412260237,63,63,63,63,61,63,0.213066,8764,2.04575969791764,23,-85,0.001869,51,2024-03-20 19:34:37.002088,144,1.037,0.0011,"aoml_navis",1024.89926538518
"7901009",29,0.104150062305401,1,0.235494,1,0.213066,1,167.8832596169,1,4.87838533091995,146,1,25.9850006103516,36.6759986877441,0.235494002699852,0.222411006689072,161.891799926758,-85.2676,22.7663,63.5882412260237,63,63,63,63,61,63,0.213066,8764,2.04575969791764,23,-85,0.001869,51,2024-03-20 19:34:37.002088,146,1.037,0.0011,"aoml_navis",1024.92928721912
"7901009",29,0.109631644532001,1,0.246708,1,0.22428,1,166.954720686724,1,4.87825470632988,148,1,25.9610004425049,36.6910018920898,0.246708005666733,0.233624994754791,160.996398925781,-85.2676,22.7663,63.5882412260237,63,63,63,63,61,63,0.22428,8764,2.04575969791764,23,-85,0.001869,51,2024-03-20 19:34:37.002088,148,1.037,0.0011,"aoml_navis",1024.956731659
"7901009",29,0.0986684800788005,1,0.22428,1,0.201852,1,164.838596272533,1,4.87809447154243,150,1,25.9220008850098,36.7080001831055,0.224279999732971,0.211197003722191,158.955795288086,-85.2676,22.7663,63.5882412260237,63,63,63,63,61,63,0.201852,8764,2.04575969791764,23,-85,0.001869,51,2024-03-20 19:34:37.002088,150,1.037,0.0011,"aoml_navis",1024.99039925707
"7901009",29,0.0822237333990004,1,0.190638,1,0.16821,1,162.558951787033,1,4.87759865759074,152,1,25.7929992675781,36.7809982299805,0.19063800573349,0.177554994821548,156.757507324219,-85.2676,22.7663,63.5882412260237,63,63,63,63,61,63,0.16821,8764,2.04575969791764,23,-85,0.001869,51,2024-03-20 19:34:37.002088,152,1.037,0.0011,"aoml_navis",1025.09459080213
"7901009",29,0.0676061807947337,1,0.160734,1,0.138306,1,161.638910077517,1,4.8773789147679,154,1,25.7259998321533,36.8030014038086,0.160733997821808,0.147651001811028,155.870300292969,-85.2676,22.7663,63.5882412260237,63,63,63,63,61,63,0.138306,8764,2.04575969791764,23,-85,0.001869,51,2024-03-20 19:34:37.002088,154,1.037,0.0011,"aoml_navis",1025.14077486595
"7901009",29,0.0465934489261002,1,0.117747,1,0.095319,1,161.185946504722,1,4.87709649388237,156,1,25.6240005493164,36.8279991149902,0.117747001349926,0.104663997888565,155.433502197266,-85.2676,22.7663,63.5882412260237,63,63,63,63,61,63,0.095319,8764,2.04575969791764,23,-85,0.001869,51,2024-03-20 19:34:37.002088,156,1.037,0.0011,"aoml_navis",1025.20013829372
"7901009",29,0.0447662548505669,1,0.114009,1,0.091581,1,160.825265596516,1,4.87688509617301,158,1,25.5429992675781,36.8419990539551,0.114009000360966,0.100925996899605,155.085693359375,-85.2676,22.7663,63.5882412260237,63,63,63,63,61,63,0.091581,8764,2.04575969791764,23,-85,0.001869,51,2024-03-20 19:34:37.002088,158,1.037,0.0011,"aoml_navis",1025.2445775119
"7901009",29,0.0392846726239669,1,0.102795,1,0.080367,1,160.507323967641,1,4.87676109509927,160,1,25.4990005493164,36.8470001220703,0.102794997394085,0.0897120013833046,154.779098510742,-85.2676,22.7663,63.5882412260237,63,63,63,63,61,63,0.080367,8764,2.04575969791764,23,-85,0.001869,51,2024-03-20 19:34:37.002088,160,1.037,0.0011,"aoml_navis",1025.27064633627
"7901009",29,0.0401982696617335,1,0.104664,1,0.082236,1,160.238324430943,1,4.87651708286865,162,1,25.3859996795654,36.8569984436035,0.104663997888565,0.0915810018777847,154.51969909668,-85.2676,22.7663,63.5882412260237,63,63,63,63,61,63,0.082236,8764,2.04575969791764,23,-85,0.001869,51,2024-03-20 19:34:37.002088,162,1.037,0.0011,"aoml_navis",1025.32194905359
"7901009",29,0.0401982696617335,1,0.104664,1,0.082236,1,160.006557594824,1,4.87629150961249,164,1,25.3290004730225,36.8849983215332,0.104663997888565,0.0915810018777847,154.296203613281,-85.2676,22.7663,63.5882412260237,63,63,63,63,61,63,0.082236,8764,2.04575969791764,23,-85,0.001869,51,2024-03-20 19:34:37.002088,164,1.037,0.0011,"aoml_navis",1025.36937960818
"7901009",29,0.0356302844729002,1,0.095319,1,0.072891,1,159.683315092726,1,4.87612094118231,166,1,25.2800006866455,36.9010009765625,0.095319002866745,0.0822359994053841,153.984497070312,-85.2676,22.7663,63.5882412260237,63,63,63,63,61,63,0.072891,8764,2.04575969791764,23,-85,0.001869,51,2024-03-20 19:34:37.002088,166,1.037,0.0011,"aoml_navis",1025.4052473907
"7901009",29,0.0338030903973668,1,0.091581,1,0.069153,1,159.01953500067,1,4.87605677364002,168,1,25.2689990997314,36.9029998779297,0.0915810018777847,0.0784979984164238,153.34440612793,-85.2676,22.7663,63.5882412260237,63,63,63,63,61,63,0.069153,8764,2.04575969791764,23,-85,0.001869,51,2024-03-20 19:34:37.002088,168,1.037,0.0011,"aoml_navis",1025.41874143673
"7901009",29,0.0292351052085335,1,0.082236,1,0.059808,1,158.399918303139,1,4.87577397424093,170,1,25.1509990692139,36.9220008850098,0.0822359994053841,0.0691530033946037,152.74690246582,-85.2676,22.7663,63.5882412260237,63,63,63,63,61,63,0.059808,8764,2.04575969791764,23,-85,0.001869,51,2024-03-20 19:34:37.002088,170,1.037,0.0011,"aoml_navis",1025.47821667193
"7901009",29,0.0264943140952335,1,0.076629,1,0.054201,1,157.780301605608,1,4.87553948341396,172,1,25.0459995269775,36.9329986572266,0.0766289979219437,0.0635460019111633,152.149398803711,-85.2676,22.7663,63.5882412260237,63,63,63,63,61,63,0.054201,8764,2.04575969791764,23,-85,0.001869,51,2024-03-20 19:34:37.002088,172,1.037,0.0011,"aoml_navis",1025.527537416
"7901009",29,0.0200991348308668,1,0.063546,1,0.041118,1,157.229643730485,1,4.87528648529698,174,1,24.9330005645752,36.9459991455078,0.0635460019111633,0.0504629984498024,151.618392944336,-85.2676,22.7663,63.5882412260237,63,63,63,63,61,63,0.041118,8764,2.04575969791764,23,-85,0.001869,51,2024-03-20 19:34:37.002088,174,1.037,0.0011,"aoml_navis",1025.58075614205
"7901009",29,0.0219263289064001,1,0.067284,1,0.044856,1,156.554565657888,1,4.87511746743862,176,1,24.8600006103516,36.9519996643066,0.0672840029001236,0.0542009994387627,150.967407226562,-85.2676,22.7663,63.5882412260237,63,63,63,63,61,63,0.044856,8764,2.04575969791764,23,-85,0.001869,51,2024-03-20 19:34:37.002088,176,1.037,0.0011,"aoml_navis",1025.61631250846
"7901009",29,0.0182719407553334,1,0.059808,1,0.03738,1,155.584442564039,1,4.87488104527989,178,1,24.7479991912842,36.9609985351562,0.0598080009222031,0.0467250011861324,150.03190612793,-85.2676,22.7663,63.5882412260237,63,63,63,63,61,63,0.03738,8764,2.04575969791764,23,-85,0.001869,51,2024-03-20 19:34:37.002088,178,1.037,0.0011,"aoml_navis",1025.66605288579
"7901009",29,0.0118767614909667,1,0.046725,1,0.024297,1,155.179076085737,1,4.8744901846515,180,1,24.5540008544922,36.9799995422363,0.0467250011861324,0.0336420014500618,149.641006469727,-85.2676,22.7663,63.5882412260237,63,63,63,63,61,63,0.024297,8764,2.04575969791764,23,-85,0.001869,51,2024-03-20 19:34:37.002088,180,1.037,0.0011,"aoml_navis",1025.74829584101
"7901009",29,0.0100495674154334,1,0.042987,1,0.020559,1,154.920235237425,1,4.87434165379803,182,1,24.492000579834,36.9850006103516,0.0429870001971722,0.0299040004611015,149.391403198242,-85.2676,22.7663,63.5882412260237,63,63,63,63,61,63,0.020559,8764,2.04575969791764,23,-85,0.001869,51,2024-03-20 19:34:37.002088,182,1.037,0.0011,"aoml_navis",1025.77955242511
"7901009",29,0.0109631644532001,1,0.044856,1,0.022428,1,154.427966085267,1,4.8742235733705,184,1,24.4459991455078,36.9879989624023,0.0448560006916523,0.0317730009555817,148.916702270508,-85.2676,22.7663,63.5882412260237,63,63,63,63,61,63,0.022428,8764,2.04575969791764,23,-85,0.001869,51,2024-03-20 19:34:37.002088,184,1.037,0.0011,"aoml_navis",1025.80440243174
"7901009",29,0.00730877630213337,1,0.03738,1,0.014952,1,153.901992873512,1,4.87402553079677,186,1,24.3519992828369,36.9939994812012,0.0373799987137318,0.0242970008403063,148.40950012207,-85.2676,22.7663,63.5882412260237,63,63,63,63,61,63,0.014952,8764,2.04575969791764,23,-85,0.001869,51,2024-03-20 19:34:37.002088,186,1.037,0.0011,"aoml_navis",1025.84608316211
"7901009",29,0.00456798518883336,1,0.031773,1,0.009345,1,153.473808905097,1,4.87385585455216,188,1,24.2749996185303,36.9990005493164,0.0317730009555817,0.0186899993568659,147.996597290039,-85.2676,22.7663,63.5882412260237,63,63,63,63,61,63,0.009345,8764,2.04575969791764,23,-85,0.001869,51,2024-03-20 19:34:37.002088,188,1.037,0.0011,"aoml_navis",1025.88179651026
"7901009",29,0.00456798518883336,1,0.031773,1,0.009345,1,152.974704000007,1,4.8736461900508,190,1,24.1700000762939,37.0040016174316,0.0317730009555817,0.0186899993568659,147.51530456543,-85.2676,22.7663,63.5882412260237,63,63,63,63,61,63,0.009345,8764,2.04575969791764,23,-85,0.001869,51,2024-03-20 19:34:37.002088,190,1.037,0.0011,"aoml_navis",1025.92592999614
"7901009",29,0.00182719407553334,1,0.026166,1,0.003738,1,152.403095808025,1,4.87345627538932,192,1,24.076000213623,37.007999420166,0.0261659994721413,0.0130829997360706,146.964096069336,-85.2676,22.7663,63.5882412260237,63,63,63,63,61,63,0.003738,8764,2.04575969791764,23,-85,0.001869,51,2024-03-20 19:34:37.002088,192,1.037,0.0011,"aoml_navis",1025.9659095024
"7901009",29,0,1,0.022428,1,0,1,151.776026240978,1,4.87329883211799,194,1,24.0020008087158,37.0110015869141,0.0224280003458261,0.00934499967843294,146.359405517578,-85.2676,22.7663,63.5882412260237,63,63,63,63,61,63,0,8764,2.04575969791764,23,-85,0.001869,51,2024-03-20 19:34:37.002088,194,1.037,0.0011,"aoml_navis",1025.99905572114
"7901009",29,0.000913597037766671,1,0.024297,1,0.001869,1,151.198816529232,1,4.87308525378211,196,1,23.8910007476807,37.0149993896484,0.0242970008403063,0.0112140001729131,145.802795410156,-85.2676,22.7663,63.5882412260237,63,63,63,63,61,63,0.001869,8764,2.04575969791764,23,-85,0.001869,51,2024-03-20 19:34:37.002088,196,1.037,0.0011,"aoml_navis",1026.0440233668
"7901009",29,-0.00274079111330001,1,0.016821,1,-0.005607,1,150.715471832292,1,4.87292337508354,198,1,23.8110008239746,37.0169982910156,0.0168210007250309,0.00373800005763769,145.336700439453,-85.2676,22.7663,63.5882412260237,63,63,63,63,61,63,-0.005607,8764,2.04575969791764,23,-85,0.001869,51,2024-03-20 19:34:37.002088,198,1.037,0.0011,"aoml_navis",1026.07810858801
"7901009",29,-0.00274079111330001,1,0.016821,1,-0.005607,1,150.26385325718,1,4.87271414298956,200,1,23.7000007629395,37.0200004577637,0.0168210007250309,0.00373800005763769,144.90119934082,-85.2676,22.7663,63.5882412260237,63,63,63,63,61,63,-0.005607,8764,2.04575969791764,23,-85,0.001869,51,2024-03-20 19:34:37.002088,200,1.037,0.0011,"aoml_navis",1026.12216790791
"7901009",29,-0.00274079111330001,1,0.016821,1,-0.005607,1,150.067230419356,1,4.87250690311301,202,1,23.5849990844727,37.0209999084473,0.0168210007250309,0.00373800005763769,144.71159362793,-85.2676,22.7663,63.5882412260237,63,63,63,63,61,63,-0.005607,8764,2.04575969791764,23,-85,0.001869,51,2024-03-20 19:34:37.002088,202,1.037,0.0011,"aoml_navis",1026.16581144411
"7901009",29,0,1,0.022428,1,0,1,149.800620231484,1,4.87238414619593,204,1,23.5270004272461,37.0209999084473,0.0224280003458261,0.00934499967843294,144.454498291016,-85.2676,22.7663,63.5882412260237,63,63,63,63,61,63,0,8764,2.04575969791764,23,-85,0.001869,51,2024-03-20 19:34:37.002088,204,1.037,0.0011,"aoml_navis",1026.19166510172
"7901009",29,-0.00274079111330001,1,0.016821,1,-0.005607,1,149.79729729603,1,4.87219452175337,206,1,23.423999786377,37.0219993591309,0.0168210007250309,0.00373800005763769,144.451293945312,-85.2676,22.7663,63.5882412260237,63,63,63,63,61,63,-0.005607,8764,2.04575969791764,23,-85,0.001869,51,2024-03-20 19:34:37.002088,206,1.037,0.0011,"aoml_navis",1026.23160419314
"7901009",29,-0.000913597037766671,1,0.020559,1,-0.001869,1,149.778736327998,1,4.87203572928224,208,1,23.3349990844727,37.0200004577637,0.020558999851346,0.00747600011527538,144.433395385742,-85.2676,22.7663,63.5882412260237,63,63,63,63,61,63,-0.001869,8764,2.04575969791764,23,-85,0.001869,51,2024-03-20 19:34:37.002088,208,1.037,0.0011,"aoml_navis",1026.26505178291
"7901009",29,-0.00182719407553334,1,0.01869,1,-0.003738,1,149.541684442158,1,4.8718814326764,210,1,23.2490005493164,37.0180015563965,0.0186899993568659,0.00560700008645654,144.204803466797,-85.2676,22.7663,63.5882412260237,63,63,63,63,61,63,-0.003738,8764,2.04575969791764,23,-85,0.001869,51,2024-03-20 19:34:37.002088,210,1.037,0.0011,"aoml_navis",1026.29755446516
"7901009",29,-0.000913597037766671,1,0.020559,1,-0.001869,1,149.29217946012,1,4.87166034751087,212,1,23.1149997711182,37.015998840332,0.020558999851346,0.00747600011527538,143.964202880859,-85.2676,22.7663,63.5882412260237,63,63,63,63,61,63,-0.001869,8764,2.04575969791764,23,-85,0.001869,51,2024-03-20 19:34:37.002088,212,1.037,0.0011,"aoml_navis",1026.34412979031
"7901009",29,-0.00274079111330001,1,0.016821,1,-0.005607,1,149.021312750167,1,4.87150476510256,214,1,23.0249996185303,37.0130004882812,0.0168210007250309,0.00373800005763769,143.703002929688,-85.2676,22.7663,63.5882412260237,63,63,63,63,61,63,-0.005607,8764,2.04575969791764,23,-85,0.001869,51,2024-03-20 19:34:37.002088,214,1.037,0.0011,"aoml_navis",1026.37690838731
"7901009",29,0.000913597037766671,1,0.024297,1,0.001869,1,149.047959527802,1,4.87125673102218,216,1,22.863000869751,37.007999420166,0.0242970008403063,0.0112140001729131,143.728698730469,-85.2676,22.7663,63.5882412260237,63,63,63,63,61,63,0.001869,8764,2.04575969791764,23,-85,0.001869,51,2024-03-20 19:34:37.002088,216,1.037,0.0011,"aoml_navis",1026.42916932666
"7901009",29,-0.00456798518883336,1,0.013083,1,-0.009345,1,148.952860279828,1,4.8711069645782,218,1,22.7740001678467,37.0040016174316,0.0130829997360706,0,143.636993408203,-85.2676,22.7663,63.5882412260237,63,63,63,63,61,63,-0.009345,8764,2.04575969791764,23,-85,0.001869,51,2024-03-20 19:34:37.002088,218,1.037,0.0011,"aoml_navis",1026.4607277892
"7901009",29,-0.00274079111330001,1,0.016821,1,-0.005607,1,148.895721613533,1,4.87087284126252,220,1,22.621000289917,36.9990005493164,0.0168210007250309,0.00373800005763769,143.581893920898,-85.2676,22.7663,63.5882412260237,63,63,63,63,61,63,-0.005607,8764,2.04575969791764,23,-85,0.001869,51,2024-03-20 19:34:37.002088,220,1.037,0.0011,"aoml_navis",1026.51006563826
"7901009",29,-0.00274079111330001,1,0.016821,1,-0.005607,1,148.70034883238,1,4.87074535590212,222,1,22.5450000762939,36.9939994812012,0.0168210007250309,0.00373800005763769,143.393493652344,-85.2676,22.7663,63.5882412260237,63,63,63,63,61,63,-0.005607,8764,2.04575969791764,23,-85,0.001869,51,2024-03-20 19:34:37.002088,222,1.037,0.0011,"aoml_navis",1026.53693319058
"7901009",29,-0.00182719407553334,1,0.01869,1,-0.003738,1,148.458629013403,1,4.87053805082916,224,1,22.4080009460449,36.9879989624023,0.0186899993568659,0.00560700008645654,143.160400390625,-85.2676,22.7663,63.5882412260237,63,63,63,63,61,63,-0.003738,8764,2.04575969791764,23,-85,0.001869,51,2024-03-20 19:34:37.002088,224,1.037,0.0011,"aoml_navis",1026.58062575834
"7901009",29,-0.00274079111330001,1,0.016821,1,-0.005607,1,148.416427733146,1,4.87033814891307,226,1,22.2679996490479,36.9790000915527,0.0168210007250309,0.00373800005763769,143.119705200195,-85.2676,22.7663,63.5882412260237,63,63,63,63,61,63,-0.005607,8764,2.04575969791764,23,-85,0.001869,51,2024-03-20 19:34:37.002088,226,1.037,0.0011,"aoml_navis",1026.62276152547
"7901009",29,-0.00182719407553334,1,0.01869,1,-0.003738,1,148.386347255542,1,4.87024258876347,228,1,22.2199993133545,36.976001739502,0.0186899993568659,0.00560700008645654,143.090698242188,-85.2676,22.7663,63.5882412260237,63,63,63,63,61,63,-0.003738,8764,2.04575969791764,23,-85,0.001869,51,2024-03-20 19:34:37.002088,228,1.037,0.0011,"aoml_navis",1026.64290512672
"7901009",29,-0.00182719407553334,1,0.01869,1,-0.003738,1,148.277149267145,1,4.87014712825464,230,1,22.1720008850098,36.9729995727539,0.0186899993568659,0.00560700008645654,142.985397338867,-85.2676,22.7663,63.5882412260237,63,63,63,63,61,63,-0.003738,8764,2.04575969791764,23,-85,0.001869,51,2024-03-20 19:34:37.002088,230,1.037,0.0011,"aoml_navis",1026.66302851345
"7901009",29,-0.00274079111330001,1,0.016821,1,-0.005607,1,148.153646832796,1,4.87005988903797,232,1,22.1299991607666,36.9700012207031,0.0168210007250309,0.00373800005763769,142.866302490234,-85.2676,22.7663,63.5882412260237,63,63,63,63,61,63,-0.005607,8764,2.04575969791764,23,-85,0.001869,51,2024-03-20 19:34:37.002088,232,1.037,0.0011,"aoml_navis",1026.68141951488
"7901009",29,-0.00274079111330001,1,0.016821,1,-0.005607,1,147.734893671668,1,4.8700080503657,234,1,22.1140003204346,36.9669990539551,0.0168210007250309,0.00373800005763769,142.462493896484,-85.2676,22.7663,63.5882412260237,63,63,63,63,61,63,-0.005607,8764,2.04575969791764,23,-85,0.001869,51,2024-03-20 19:34:37.002088,234,1.037,0.0011,"aoml_navis",1026.69234799818
"7901009",29,-0.00274079111330001,1,0.016821,1,-0.005607,1,147.105023344738,1,4.8698485176601,236,1,22.007999420166,36.9599990844727,0.0168210007250309,0.00373800005763769,141.855102539062,-85.2676,22.7663,63.5882412260237,63,63,63,63,61,63,-0.005607,8764,2.04575969791764,23,-85,0.001869,51,2024-03-20 19:34:37.002088,236,1.037,0.0011,"aoml_navis",1026.7259816949
"7901009",29,-0.00365438815106668,1,0.014952,1,-0.007476,1,147.065607000861,1,4.86965117410101,238,1,21.8549995422363,36.9459991455078,0.0149520002305508,0.00186900002881885,141.817092895508,-85.2676,22.7663,63.5882412260237,63,63,63,63,61,63,-0.007476,8764,2.04575969791764,23,-85,0.001869,51,2024-03-20 19:34:37.002088,238,1.037,0.0011,"aoml_navis",1026.7675899646
"7901009",29,-0.00456798518883336,1,0.013083,1,-0.009345,1,147.076715099376,1,4.86952231500098,240,1,21.7630004882812,36.9360008239746,0.0130829997360706,0,141.82780456543,-85.2676,22.7663,63.5882412260237,63,63,63,63,61,63,-0.009345,8764,2.04575969791764,23,-85,0.001869,51,2024-03-20 19:34:37.002088,240,1.037,0.0011,"aoml_navis",1026.79476066822
"7901009",29,-0.00365438815106668,1,0.014952,1,-0.007476,1,147.44537105267,1,4.86937365992793,242,1,21.6560001373291,36.9259986877441,0.0149520002305508,0.00186900002881885,142.183303833008,-85.2676,22.7663,63.5882412260237,63,63,63,63,61,63,-0.007476,8764,2.04575969791764,23,-85,0.001869,51,2024-03-20 19:34:37.002088,242,1.037,0.0011,"aoml_navis",1026.82610725627
"7901009",29,-0.00365438815106668,1,0.014952,1,-0.007476,1,147.866086328066,1,4.86920392136745,244,1,21.5410003662109,36.9189987182617,0.0149520002305508,0.00186900002881885,142.589004516602,-85.2676,22.7663,63.5882412260237,63,63,63,63,61,63,-0.007476,8764,2.04575969791764,23,-85,0.001869,51,2024-03-20 19:34:37.002088,244,1.037,0.0011,"aoml_navis",1026.86190201618
"7901009",29,-0.00182719407553334,1,0.01869,1,-0.003738,1,148.096096755445,1,4.86902071829625,246,1,21.4020004272461,36.9070014953613,0.0186899993568659,0.00560700008645654,142.810806274414,-85.2676,22.7663,63.5882412260237,63,63,63,63,61,63,-0.003738,8764,2.04575969791764,23,-85,0.001869,51,2024-03-20 19:34:37.002088,246,1.037,0.0011,"aoml_navis",1026.90053899577
"7901009",29,-0.00456798518883336,1,0.013083,1,-0.009345,1,148.058547584822,1,4.8689021843994,248,1,21.32200050354,36.898998260498,0.0130829997360706,0,142.774597167969,-85.2676,22.7663,63.5882412260237,63,63,63,63,61,63,-0.009345,8764,2.04575969791764,23,-85,0.001869,51,2024-03-20 19:34:37.002088,248,1.037,0.0011,"aoml_navis",1026.92553898919
"7901009",29,-0.00456798518883336,1,0.013083,1,-0.009345,1,147.830815741754,1,4.86879883790084,250,1,21.2560005187988,36.8919982910156,0.0130829997360706,0,142.554992675781,-85.2676,22.7663,63.5882412260237,63,63,63,63,61,63,-0.009345,8764,2.04575969791764,23,-85,0.001869,51,2024-03-20 19:34:37.002088,250,1.037,0.0011,"aoml_navis",1026.94733680057
"7901009",29,-0.00365438815106668,1,0.014952,1,-0.007476,1,147.635031549544,1,4.86872021552655,252,1,21.2140007019043,36.8870010375977,0.0149520002305508,0.00186900002881885,142.366195678711,-85.2676,22.7663,63.5882412260237,63,63,63,63,61,63,-0.007476,8764,2.04575969791764,23,-85,0.001869,51,2024-03-20 19:34:37.002088,252,1.037,0.0011,"aoml_navis",1026.96392042714
"7901009",29,-0.00365438815106668,1,0.014952,1,-0.007476,1,147.429500080005,1,4.86864563859036,254,1,21.1749992370605,36.8819999694824,0.0149520002305508,0.00186900002881885,142.167999267578,-85.2676,22.7663,63.5882412260237,63,63,63,63,61,63,-0.007476,8764,2.04575969791764,23,-85,0.001869,51,2024-03-20 19:34:37.002088,254,1.037,0.0011,"aoml_navis",1026.97965125424
"7901009",29,-0.00365438815106668,1,0.014952,1,-0.007476,1,147.160389778791,1,4.86856510961063,256,1,21.1259994506836,36.875,0.0149520002305508,0.00186900002881885,141.908493041992,-85.2676,22.7663,63.5882412260237,63,63,63,63,61,63,-0.007476,8764,2.04575969791764,23,-85,0.001869,51,2024-03-20 19:34:37.002088,256,1.037,0.0011,"aoml_navis",1026.9966381121
"7901009",29,-0.00365438815106668,1,0.014952,1,-0.007476,1,147.594080325957,1,4.86831958024684,258,1,20.9050006866455,36.851001739502,0.0149520002305508,0.00186900002881885,142.326705932617,-85.2676,22.7663,63.5882412260237,63,63,63,63,61,63,-0.007476,8764,2.04575969791764,23,-85,0.001869,51,2024-03-20 19:34:37.002088,258,1.037,0.0011,"aoml_navis",1027.04843377322
"7901009",29,-0.00365438815106668,1,0.014952,1,-0.007476,1,149.13941937028,1,4.86812643024391,260,1,20.742000579834,36.8339996337891,0.0149520002305508,0.00186900002881885,143.81689453125,-85.2676,22.7663,63.5882412260237,63,63,63,63,61,63,-0.007476,8764,2.04575969791764,23,-85,0.001869,51,2024-03-20 19:34:37.002088,260,1.037,0.0011,"aoml_navis",1027.08918341496
"7901009",29,-0.00274079111330001,1,0.016821,1,-0.005607,1,151.355611612123,1,4.86792955319939,262,1,20.5919990539551,36.8230018615723,0.0168210007250309,0.00373800005763769,145.953994750977,-85.2676,22.7663,63.5882412260237,63,63,63,63,61,63,-0.005607,8764,2.04575969791764,23,-85,0.001869,51,2024-03-20 19:34:37.002088,262,1.037,0.0011,"aoml_navis",1027.13072269376
"7901009",29,-0.00274079111330001,1,0.016821,1,-0.005607,1,151.935099908179,1,4.86780942170464,264,1,20.5200004577637,36.8190002441406,0.0168210007250309,0.00373800005763769,146.512802124023,-85.2676,22.7663,63.5882412260237,63,63,63,63,61,63,-0.005607,8764,2.04575969791764,23,-85,0.001869,51,2024-03-20 19:34:37.002088,264,1.037,0.0011,"aoml_navis",1027.15607100515
"7901009",29,-0.00456798518883336,1,0.013083,1,-0.009345,1,152.051038708496,1,4.86776263270628,266,1,20.5100002288818,36.8170013427734,0.0130829997360706,0,146.624603271484,-85.2676,22.7663,63.5882412260237,63,63,63,63,61,63,-0.009345,8764,2.04575969791764,23,-85,0.001869,51,2024-03-20 19:34:37.002088,266,1.037,0.0011,"aoml_navis",1027.1659440428
"7901009",29,-0.00274079111330001,1,0.016821,1,-0.005607,1,152.112845307928,1,4.86768676459859,268,1,20.4720001220703,36.8129997253418,0.0168210007250309,0.00373800005763769,146.684204101562,-85.2676,22.7663,63.5882412260237,63,63,63,63,61,63,-0.005607,8764,2.04575969791764,23,-85,0.001869,51,2024-03-20 19:34:37.002088,268,1.037,0.0011,"aoml_navis",1027.18195352332
"7901009",29,-0.00274079111330001,1,0.016821,1,-0.005607,1,152.201710096051,1,4.86755782626615,270,1,20.378999710083,36.8040008544922,0.0168210007250309,0.00373800005763769,146.769897460938,-85.2676,22.7663,63.5882412260237,63,63,63,63,61,63,-0.005607,8764,2.04575969791764,23,-85,0.001869,51,2024-03-20 19:34:37.002088,270,1.037,0.0011,"aoml_navis",1027.20916288229
"7901009",29,-0.00274079111330001,1,0.016821,1,-0.005607,1,152.075723371864,1,4.86749349649681,272,1,20.3470001220703,36.798999786377,0.0168210007250309,0.00373800005763769,146.648406982422,-85.2676,22.7663,63.5882412260237,63,63,63,63,61,63,-0.005607,8764,2.04575969791764,23,-85,0.001869,51,2024-03-20 19:34:37.002088,272,1.037,0.0011,"aoml_navis",1027.22273868441
"7901009",29,-0.00365438815106668,1,0.014952,1,-0.007476,1,152.087337822448,1,4.86743617172664,274,1,20.326000213623,36.7960014343262,0.0149520002305508,0.00186900002881885,146.659606933594,-85.2676,22.7663,63.5882412260237,63,63,63,63,61,63,-0.007476,8764,2.04575969791764,23,-85,0.001869,51,2024-03-20 19:34:37.002088,274,1.037,0.0011,"aoml_navis",1027.23483649223
"7901009",29,-0.00365438815106668,1,0.014952,1,-0.007476,1,152.301477277162,1,4.86736029805407,276,1,20.2849998474121,36.7910003662109,0.0149520002305508,0.00186900002881885,146.866104125977,-85.2676,22.7663,63.5882412260237,63,63,63,63,61,63,-0.007476,8764,2.04575969791764,23,-85,0.001869,51,2024-03-20 19:34:37.002088,276,1.037,0.0011,"aoml_navis",1027.25084929483
"7901009",29,-0.00274079111330001,1,0.016821,1,-0.005607,1,152.33320339899,1,4.86730174575058,278,1,20.2630004882812,36.7879981994629,0.0168210007250309,0.00373800005763769,146.896697998047,-85.2676,22.7663,63.5882412260237,63,63,63,63,61,63,-0.005607,8764,2.04575969791764,23,-85,0.001869,51,2024-03-20 19:34:37.002088,278,1.037,0.0011,"aoml_navis",1027.26320684048
"7901009",29,-0.00456798518883336,1,0.013083,1,-0.009345,1,152.403617983596,1,4.86721388227591,280,1,20.2070007324219,36.7809982299805,0.0130829997360706,0,146.964599609375,-85.2676,22.7663,63.5882412260237,63,63,63,63,61,63,-0.009345,8764,2.04575969791764,23,-85,0.001869,51,2024-03-20 19:34:37.002088,280,1.037,0.0011,"aoml_navis",1027.28175110768
"7901009",29,0,1,0.014952,1,-0.007476,1,152.36171734988,1,4.86713383967579,282,1,20.1569995880127,36.773998260498,0.0149520002305508,0,146.924194335938,-85.2676,22.7663,63.5882412260237,63,63,63,63,61,63,0,8764,2.04575969791764,23,-85,0.001869,51,2024-03-20 19:34:37.002088,282,1.037,0.0011,"aoml_navis",1027.29864530149
"7901009",29,0,1,0.011214,1,-0.011214,1,152.539462749629,1,4.8670196181213,284,1,20.0690002441406,36.7630004882812,0.0112140001729131,0,147.095596313477,-85.2676,22.7663,63.5882412260237,63,63,63,63,61,63,0,8764,2.04575969791764,23,-85,0.001869,51,2024-03-20 19:34:37.002088,284,1.037,0.0011,"aoml_navis",1027.32275443961
"7901009",29,0,1,0.013083,1,-0.009345,1,152.860521608429,1,4.86689248769191,286,1,19.9650001525879,36.75,0.0130829997360706,0,147.405197143555,-85.2676,22.7663,63.5882412260237,63,63,63,63,61,63,0,8764,2.04575969791764,23,-85,0.001869,51,2024-03-20 19:34:37.002088,286,1.037,0.0011,"aoml_navis",1027.34958962926
"7901009",29,0,1,0.014952,1,-0.007476,1,152.933847717433,1,4.86682681016989,288.100006103516,1,19.9360008239746,36.7459983825684,0.0149520002305508,0,147.47590637207,-85.2676,22.7663,63.5882412260237,63,63,63,63,61,63,0,8764,2.04575969791764,23,-85,0.001869,51,2024-03-20 19:34:37.002088,288.100006103516,1.037,0.0011,"aoml_navis",1027.36345364742
"7901009",29,0,1,0.014952,1,-0.007476,1,153.085246986087,1,4.86677800226492,290,1,19.9169998168945,36.742000579834,0.0149520002305508,0,147.62190246582,-85.2676,22.7663,63.5882412260237,63,63,63,63,61,63,0,8764,2.04575969791764,23,-85,0.001869,51,2024-03-20 19:34:37.002088,290,1.037,0.0011,"aoml_navis",1027.37375686195
"7901009",29,0,1,0.014952,1,-0.007476,1,153.431401919311,1,4.8666936224819,292,1,19.8659992218018,36.7360000610352,0.0149520002305508,0,147.955703735352,-85.2676,22.7663,63.5882412260237,63,63,63,63,61,63,0,8764,2.04575969791764,23,-85,0.001869,51,2024-03-20 19:34:37.002088,292,1.037,0.0011,"aoml_navis",1027.39156968959
"7901009",29,0,1,0.014952,1,-0.007476,1,153.754011481323,1,4.86660405268295,294,1,19.8080005645752,36.7290000915527,0.0149520002305508,0,148.266799926758,-85.2676,22.7663,63.5882412260237,63,63,63,63,61,63,0,8764,2.04575969791764,23,-85,0.001869,51,2024-03-20 19:34:37.002088,294,1.037,0.0011,"aoml_navis",1027.41047882116
"7901009",29,0,1,0.016821,1,-0.005607,1,154.36677660242,1,4.86653257297554,296,1,19.7670001983643,36.7229995727539,0.0168210007250309,0,148.857696533203,-85.2676,22.7663,63.5882412260237,63,63,63,63,61,63,0,8764,2.04575969791764,23,-85,0.001869,51,2024-03-20 19:34:37.002088,296,1.037,0.0011,"aoml_navis",1027.42556944253
"7901009",29,0,1,0.011214,1,-0.011214,1,155.235898281989,1,4.86644477079987,298.100006103516,1,19.7089996337891,36.7150001525879,0.0112140001729131,0,149.69580078125,-85.2676,22.7663,63.5882412260237,63,63,63,63,61,63,0,8764,2.04575969791764,23,-85,0.001869,51,2024-03-20 19:34:37.002088,298.100006103516,1.037,0.0011,"aoml_navis",1027.44410663027
"7901009",29,0,1,0.014952,1,-0.007476,1,156.036883961263,1,4.86634982159215,300,1,19.6420001983643,36.7070007324219,0.0149520002305508,0,150.468200683594,-85.2676,22.7663,63.5882412260237,63,63,63,63,61,63,0,8764,2.04575969791764,23,-85,0.001869,51,2024-03-20 19:34:37.002088,300,1.037,0.0011,"aoml_navis",1027.46415348417
"7901009",29,0,1,0.013083,1,-0.009345,1,156.673922334671,1,4.86623229135852,302,1,19.5499992370605,36.6959991455078,0.0130829997360706,0,151.082504272461,-85.2676,22.7663,63.5882412260237,63,63,63,63,61,63,0,8764,2.04575969791764,23,-85,0.001869,51,2024-03-20 19:34:37.002088,302,1.037,0.0011,"aoml_navis",1027.48896900771
"7901009",29,0,1,0.01869,1,-0.003738,1,157.13424383597,1,4.8661624683515,304,1,19.5100002288818,36.689998626709,0.0186899993568659,0,151.526397705078,-85.2676,22.7663,63.5882412260237,63,63,63,63,61,63,0,8764,2.04575969791764,23,-85,0.001869,51,2024-03-20 19:34:37.002088,304,1.037,0.0011,"aoml_navis",1027.50371211791
"7901009",29,0,1,0.014952,1,-0.007476,1,157.642795371849,1,4.86604931719199,306,1,19.423999786377,36.6800003051758,0.0149520002305508,0,152.016799926758,-85.2676,22.7663,63.5882412260237,63,63,63,63,61,63,0,8764,2.04575969791764,23,-85,0.001869,51,2024-03-20 19:34:37.002088,306,1.037,0.0011,"aoml_navis",1027.52760485488
"7901009",29,0,1,0.014952,1,-0.007476,1,157.766930746284,1,4.86596291934781,308,1,19.3619995117188,36.6710014343262,0.0149520002305508,0,152.136505126953,-85.2676,22.7663,63.5882412260237,63,63,63,63,61,63,0,8764,2.04575969791764,23,-85,0.001869,51,2024-03-20 19:34:37.002088,308,1.037,0.0011,"aoml_navis",1027.54584917185
"7901009",29,0,1,0.013083,1,-0.009345,1,157.54282248521,1,4.86590008224526,310,1,19.3360004425049,36.6679992675781,0.0130829997360706,0,151.920394897461,-85.2676,22.7663,63.5882412260237,63,63,63,63,61,63,0,8764,2.04575969791764,23,-85,0.001869,51,2024-03-20 19:34:37.002088,310,1.037,0.0011,"aoml_navis",1027.55911866009
"7901009",29,0,1,0.016821,1,-0.005607,1,156.944377633568,1,4.86585102527679,312,1,19.3209991455078,36.6650009155273,0.0168210007250309,0,151.343307495117,-85.2676,22.7663,63.5882412260237,63,63,63,63,61,63,0,8764,2.04575969791764,23,-85,0.001869,51,2024-03-20 19:34:37.002088,312,1.037,0.0011,"aoml_navis",1027.56947839676
"7901009",29,0,1,0.013083,1,-0.009345,1,156.283793888948,1,4.86577889782157,314,1,19.2759990692139,36.6580009460449,0.0130829997360706,0,150.706298828125,-85.2676,22.7663,63.5882412260237,63,63,63,63,61,63,0,8764,2.04575969791764,23,-85,0.001869,51,2024-03-20 19:34:37.002088,314,1.037,0.0011,"aoml_navis",1027.58471048459
"7901009",29,0,1,0.013083,1,-0.009345,1,156.470558684927,1,4.86565465776367,316,1,19.1660003662109,36.6430015563965,0.0130829997360706,0,150.88639831543,-85.2676,22.7663,63.5882412260237,63,63,63,63,61,63,0,8764,2.04575969791764,23,-85,0.001869,51,2024-03-20 19:34:37.002088,316,1.037,0.0011,"aoml_navis",1027.61094892379
"7901009",29,0,1,0.016821,1,-0.005607,1,156.919993616741,1,4.86557261203873,318,1,19.1070003509521,36.6339988708496,0.0168210007250309,0,151.319793701172,-85.2676,22.7663,63.5882412260237,63,63,63,63,61,63,0,8764,2.04575969791764,23,-85,0.001869,51,2024-03-20 19:34:37.002088,318,1.037,0.0011,"aoml_navis",1027.62827701485
"7901009",29,0,1,0.016821,1,-0.005607,1,157.33127808485,1,4.86549599698817,320,1,19.0610008239746,36.6279983520508,0.0168210007250309,0,151.716400146484,-85.2676,22.7663,63.5882412260237,63,63,63,63,61,63,0,8764,2.04575969791764,23,-85,0.001869,51,2024-03-20 19:34:37.002088,320,1.037,0.0011,"aoml_navis",1027.64445867289
"7901009",29,0,1,0.013083,1,-0.009345,1,157.557759871248,1,4.86543816894077,322,1,19.0330009460449,36.6230010986328,0.0130829997360706,0,151.934799194336,-85.2676,22.7663,63.5882412260237,63,63,63,63,61,63,0,8764,2.04575969791764,23,-85,0.001869,51,2024-03-20 19:34:37.002088,322,1.037,0.0011,"aoml_navis",1027.65667271619
"7901009",29,0,1,0.011214,1,-0.011214,1,157.737372444252,1,4.86536653009721,324,1,18.988000869751,36.6160011291504,0.0112140001729131,0,152.108001708984,-85.2676,22.7663,63.5882412260237,63,63,63,63,61,63,0,8764,2.04575969791764,23,-85,0.001869,51,2024-03-20 19:34:37.002088,324,1.037,0.0011,"aoml_navis",1027.6718041837
"7901009",29,0,1,0.016821,1,-0.005607,1,158.348381156608,1,4.86526090132831,326,1,18.8950004577637,36.6020011901855,0.0168210007250309,0,152.697204589844,-85.2676,22.7663,63.5882412260237,63,63,63,63,61,63,0,8764,2.04575969791764,23,-85,0.001869,51,2024-03-20 19:34:37.002088,326,1.037,0.0011,"aoml_navis",1027.69411577392
"7901009",29,0,1,0.014952,1,-0.007476,1,159.128622224552,1,4.86515594986832,328,1,18.8139991760254,36.5919990539551,0.0149520002305508,0,153.449600219727,-85.2676,22.7663,63.5882412260237,63,63,63,63,61,63,0,8764,2.04575969791764,23,-85,0.001869,51,2024-03-20 19:34:37.002088,328,1.037,0.0011,"aoml_navis",1027.7162852581
"7901009",29,0,1,0.009345,1,-0.013083,1,159.010088369881,1,4.86508468571648,330,1,18.7689990997314,36.5849990844727,0.00934499967843294,0,153.335296630859,-85.2676,22.7663,63.5882412260237,63,63,63,63,61,63,0,8764,2.04575969791764,23,-85,0.001869,51,2024-03-20 19:34:37.002088,330,1.037,0.0011,"aoml_navis",1027.73133932892
"7901009",29,0,1,0.013083,1,-0.009345,1,158.662588438974,1,4.86500113749707,332,1,18.7110004425049,36.5769996643066,0.0130829997360706,0,153.000198364258,-85.2676,22.7663,63.5882412260237,63,63,63,63,61,63,0,8764,2.04575969791764,23,-85,0.001869,51,2024-03-20 19:34:37.002088,332,1.037,0.0011,"aoml_navis",1027.74898888768
"7901009",29,0,1,0.013083,1,-0.009345,1,157.787976004155,1,4.86492003639133,334,1,18.6490001678467,36.5670013427734,0.0130829997360706,0,152.156799316406,-85.2676,22.7663,63.5882412260237,63,63,63,63,61,63,0,8764,2.04575969791764,23,-85,0.001869,51,2024-03-20 19:34:37.002088,334,1.037,0.0011,"aoml_navis",1027.76612207359
"7901009",29,0,1,0.01869,1,-0.003738,1,156.59292182712,1,4.86484527423313,336,1,18.5949993133545,36.5579986572266,0.0186899993568659,0,151.00439453125,-85.2676,22.7663,63.5882412260237,63,63,63,63,61,63,0,8764,2.04575969791764,23,-85,0.001869,51,2024-03-20 19:34:37.002088,336,1.037,0.0011,"aoml_navis",1027.78191661772
"7901009",29,0,1,0.013083,1,-0.009345,1,155.214536554075,1,4.86475693583322,338,1,18.5149993896484,36.5439987182617,0.0130829997360706,0,149.675201416016,-85.2676,22.7663,63.5882412260237,63,63,63,63,61,63,0,8764,2.04575969791764,23,-85,0.001869,51,2024-03-20 19:34:37.002088,338,1.037,0.0011,"aoml_navis",1027.80057995716
"7901009",29,0,1,0.013083,1,-0.009345,1,153.954574371185,1,4.86465652722292,340,1,18.4130001068115,36.5260009765625,0.0130829997360706,0,148.460205078125,-85.2676,22.7663,63.5882412260237,63,63,63,63,61,63,0,8764,2.04575969791764,23,-85,0.001869,51,2024-03-20 19:34:37.002088,340,1.037,0.0011,"aoml_navis",1027.82179420473
"7901009",29,0,1,0.016821,1,-0.005607,1,153.487812704507,1,4.86459276242504,341.899993896484,1,18.3600006103516,36.5149993896484,0.0168210007250309,0,148.010101318359,-85.2676,22.7663,63.5882412260237,63,63,63,63,61,63,0,8764,2.04575969791764,23,-85,0.001869,51,2024-03-20 19:34:37.002088,341.899993896484,1.037,0.0011,"aoml_navis",1027.83526683279
"7901009",29,0,1,0.016821,1,-0.005607,1,153.095405674473,1,4.8645189818443,344,1,18.3110008239746,36.5069999694824,0.0168210007250309,0,147.631698608398,-85.2676,22.7663,63.5882412260237,63,63,63,63,61,63,0,8764,2.04575969791764,23,-85,0.001869,51,2024-03-20 19:34:37.002088,344,1.037,0.0011,"aoml_navis",1027.85085609931
"7901009",29,0,1,0.013083,1,-0.009345,1,152.406624449007,1,4.86443763055701,346,1,18.2479991912842,36.4970016479492,0.0130829997360706,0,146.967498779297,-85.2676,22.7663,63.5882412260237,63,63,63,63,61,63,0,8764,2.04575969791764,23,-85,0.001869,51,2024-03-20 19:34:37.002088,346,1.037,0.0011,"aoml_navis",1027.86804554578
"7901009",29,0,1,0.016821,1,-0.005607,1,152.091689285542,1,4.86430576108973,348,1,18.113000869751,36.4770011901855,0.0168210007250309,0,146.663803100586,-85.2676,22.7663,63.5882412260237,63,63,63,63,61,63,0,8764,2.04575969791764,23,-85,0.001869,51,2024-03-20 19:34:37.002088,348,1.037,0.0011,"aoml_navis",1027.89591065506
"7901009",29,0,1,0.014952,1,-0.007476,1,151.522581206901,1,4.8642489353035,350,1,18.0820007324219,36.4710006713867,0.0149520002305508,0,146.115005493164,-85.2676,22.7663,63.5882412260237,63,63,63,63,61,63,0,8764,2.04575969791764,23,-85,0.001869,51,2024-03-20 19:34:37.002088,350,1.037,0.0011,"aoml_navis",1027.90791887957
"7901009",29,0,1,0.01869,1,-0.003738,1,150.46161538716,1,4.86420054807492,352,1,18.0639991760254,36.4669990539551,0.0186899993568659,0,145.091903686523,-85.2676,22.7663,63.5882412260237,63,63,63,63,61,63,0,8764,2.04575969791764,23,-85,0.001869,51,2024-03-20 19:34:37.002088,352,1.037,0.0011,"aoml_navis",1027.91814411904
"7901009",29,0,1,0.014952,1,-0.007476,1,149.173645605449,1,4.86412226079448,354,1,17.9939994812012,36.4539985656738,0.0149520002305508,0,143.849899291992,-85.2676,22.7663,63.5882412260237,63,63,63,63,61,63,0,8764,2.04575969791764,23,-85,0.001869,51,2024-03-20 19:34:37.002088,354,1.037,0.0011,"aoml_navis",1027.93468829941
"7901009",29,0,1,0.016821,1,-0.005607,1,147.860168338258,1,4.86399170142935,356,1,17.8619995117188,36.435001373291,0.0168210007250309,0,142.583297729492,-85.2676,22.7663,63.5882412260237,63,63,63,63,61,63,0,8764,2.04575969791764,23,-85,0.001869,51,2024-03-20 19:34:37.002088,356,1.037,0.0011,"aoml_navis",1027.96228014342
"7901009",29,0,1,0.01869,1,-0.003738,1,147.155310434598,1,4.86389994560105,358,1,17.761999130249,36.4160003662109,0.0186899993568659,0,141.903594970703,-85.2676,22.7663,63.5882412260237,63,63,63,63,61,63,0,8764,2.04575969791764,23,-85,0.001869,51,2024-03-20 19:34:37.002088,358,1.037,0.0011,"aoml_navis",1027.98167230435
"7901009",29,0,1,0.014952,1,-0.007476,1,146.872322921992,1,4.86382833578537,360,1,17.7029991149902,36.4049987792969,0.0149520002305508,0,141.630706787109,-85.2676,22.7663,63.5882412260237,63,63,63,63,61,63,0,8764,2.04575969791764,23,-85,0.001869,51,2024-03-20 19:34:37.002088,360,1.037,0.0011,"aoml_navis",1027.996807209
"7901009",29,0,1,0.014952,1,-0.007476,1,146.662946341428,1,4.86375667395235,362,1,17.6529998779297,36.3969993591309,0.0149520002305508,0,141.428802490234,-85.2676,22.7663,63.5882412260237,63,63,63,63,61,63,0,8764,2.04575969791764,23,-85,0.001869,51,2024-03-20 19:34:37.002088,362,1.037,0.0011,"aoml_navis",1028.01195355378
"7901009",29,0,1,0.014952,1,-0.007476,1,146.257880509667,1,4.86366754289299,364,1,17.5790004730225,36.3860015869141,0.0149520002305508,0,141.038192749023,-85.2676,22.7663,63.5882412260237,63,63,63,63,61,63,0,8764,2.04575969791764,23,-85,0.001869,51,2024-03-20 19:34:37.002088,364,1.037,0.0011,"aoml_navis",1028.03079279262
"7901009",29,0,1,0.014952,1,-0.007476,1,146.073615827029,1,4.86356850230806,366,1,17.4780006408691,36.3689994812012,0.0149520002305508,0,140.860504150391,-85.2676,22.7663,63.5882412260237,63,63,63,63,61,63,0,8764,2.04575969791764,23,-85,0.001869,51,2024-03-20 19:34:37.002088,366,1.037,0.0011,"aoml_navis",1028.05172737409
"7901009",29,0,1,0.016821,1,-0.005607,1,145.611205623445,1,4.8635029941176,368,1,17.4389991760254,36.3629989624023,0.0168210007250309,0,140.414596557617,-85.2676,22.7663,63.5882412260237,63,63,63,63,61,63,0,8764,2.04575969791764,23,-85,0.001869,51,2024-03-20 19:34:37.002088,368,1.037,0.0011,"aoml_navis",1028.06557455552
"7901009",29,0,1,0.014952,1,-0.007476,1,144.973755838981,1,4.86344478245531,370,1,17.3999996185303,36.3549995422363,0.0149520002305508,0,139.799896240234,-85.2676,22.7663,63.5882412260237,63,63,63,63,61,63,0,8764,2.04575969791764,23,-85,0.001869,51,2024-03-20 19:34:37.002088,370,1.037,0.0011,"aoml_navis",1028.07787970315
"7901009",29,0,1,0.014952,1,-0.007476,1,143.569340904884,1,4.86339094535372,372,1,17.3770008087158,36.351001739502,0.0149520002305508,0,138.445602416992,-85.2676,22.7663,63.5882412260237,63,63,63,63,61,63,0,8764,2.04575969791764,23,-85,0.001869,51,2024-03-20 19:34:37.002088,372,1.037,0.0011,"aoml_navis",1028.0892603908
"7901009",29,0,1,0.016821,1,-0.005607,1,141.821144562887,1,4.86330410249816,374,1,17.2950000762939,36.3370018005371,0.0168210007250309,0,136.759796142578,-85.2676,22.7663,63.5882412260237,63,63,63,63,61,63,0,8764,2.04575969791764,23,-85,0.001869,51,2024-03-20 19:34:37.002088,374,1.037,0.0011,"aoml_navis",1028.10761873427
"7901009",29,0,1,0.013083,1,-0.009345,1,140.210470278152,1,4.86323389857452,376,1,17.2269992828369,36.3230018615723,0.0130829997360706,0,135.206604003906,-85.2676,22.7663,63.5882412260237,63,63,63,63,61,63,0,8764,2.04575969791764,23,-85,0.001869,51,2024-03-20 19:34:37.002088,376,1.037,0.0011,"aoml_navis",1028.12246013205
"7901009",29,0,4,0.009345,1,-0.013083,1,139.769738272525,1,4.86314885040248,378,1,17.1429996490479,36.3079986572266,0.00934499967843294,0,134.781600952148,-85.2676,22.7663,63.5882412260237,63,63,63,63,61,63,0,8764,2.04575969791764,23,-85,0.001869,51,2024-03-20 19:34:37.002088,378,1.037,0.0011,"aoml_navis",1028.14044023888
"7901009",29,0,1,0.01869,1,-0.003738,1,140.414656750008,1,4.86305231400492,380,1,17.0520000457764,36.2939987182617,0.0186899993568659,0,135.403503417969,-85.2676,22.7663,63.5882412260237,63,63,63,63,61,63,0,8764,2.04575969791764,23,-85,0.001869,51,2024-03-20 19:34:37.002088,380,1.037,0.0011,"aoml_navis",1028.16084984336
"7901009",29,0,1,0.01869,1,-0.003738,1,141.158392998472,1,4.86296190422822,382,1,16.9659996032715,36.2799987792969,0.0186899993568659,0,136.120697021484,-85.2676,22.7663,63.5882412260237,63,63,63,63,61,63,0,8764,2.04575969791764,23,-85,0.001869,51,2024-03-20 19:34:37.002088,382,1.037,0.0011,"aoml_navis",1028.17996490012
"7901009",29,0,1,0.016821,1,-0.005607,1,141.974933180368,1,4.86287694338804,384,1,16.8969993591309,36.2700004577637,0.0168210007250309,0,136.908096313477,-85.2676,22.7663,63.5882412260237,63,63,63,63,61,63,0,8764,2.04575969791764,23,-85,0.001869,51,2024-03-20 19:34:37.002088,384,1.037,0.0011,"aoml_navis",1028.19792855306
"7901009",29,0,1,0.016821,1,-0.005607,1,142.830161825042,1,4.86274858866495,386,1,16.7649993896484,36.2519989013672,0.0168210007250309,0,137.732803344727,-85.2676,22.7663,63.5882412260237,63,63,63,63,61,63,0,8764,2.04575969791764,23,-85,0.001869,51,2024-03-20 19:34:37.002088,386,1.037,0.0011,"aoml_navis",1028.22506836051
"7901009",29,0,1,0.014952,1,-0.007476,1,143.127991782673,1,4.86268760237502,388,1,16.7290000915527,36.2459983825684,0.0149520002305508,0,138.020004272461,-85.2676,22.7663,63.5882412260237,63,63,63,63,61,63,0,8764,2.04575969791764,23,-85,0.001869,51,2024-03-20 19:34:37.002088,388,1.037,0.0011,"aoml_navis",1028.23796403411
"7901009",29,0,1,0.016821,1,-0.005607,1,143.332383960057,1,4.86262726506958,390,1,16.7029991149902,36.2430000305176,0.0168210007250309,0,138.217102050781,-85.2676,22.7663,63.5882412260237,63,63,63,63,61,63,0,8764,2.04575969791764,23,-85,0.001869,51,2024-03-20 19:34:37.002088,390,1.037,0.0011,"aoml_navis",1028.25072279696
"7901009",29,0,1,0.01869,1,-0.003738,1,143.317130103976,1,4.86257862339725,392,1,16.6840000152588,36.2389984130859,0.0186899993568659,0,138.202392578125,-85.2676,22.7663,63.5882412260237,63,63,63,63,61,63,0,8764,2.04575969791764,23,-85,0.001869,51,2024-03-20 19:34:37.002088,392,1.037,0.0011,"aoml_navis",1028.26100866349
"7901009",29,0,1,0.016821,1,-0.005607,1,143.274311707135,1,4.86250358706581,394,1,16.6229991912842,36.2290000915527,0.0168210007250309,0,138.161102294922,-85.2676,22.7663,63.5882412260237,63,63,63,63,61,63,0,8764,2.04575969791764,23,-85,0.001869,51,2024-03-20 19:34:37.002088,394,1.037,0.0011,"aoml_navis",1028.27687640168
"7901009",29,0,1,0.016821,1,-0.005607,1,142.94038834108,1,4.86241425186851,396,1,16.5429992675781,36.2169990539551,0.0168210007250309,0,137.839096069336,-85.2676,22.7663,63.5882412260237,63,63,63,63,61,63,0,8764,2.04575969791764,23,-85,0.001869,51,2024-03-20 19:34:37.002088,396,1.037,0.0011,"aoml_navis",1028.29576852252
"7901009",29,0,1,0.016821,1,-0.005607,1,142.418149475833,1,4.86233449241366,398,1,16.4680004119873,36.2039985656738,0.0168210007250309,0,137.335494995117,-85.2676,22.7663,63.5882412260237,63,63,63,63,61,63,0,8764,2.04575969791764,23,-85,0.001869,51,2024-03-20 19:34:37.002088,398,1.037,0.0011,"aoml_navis",1028.3126362041
"7901009",29,0,1,0.014952,1,-0.007476,1,141.943523528583,1,4.86224495400345,400,1,16.3810005187988,36.189998626709,0.0149520002305508,0,136.877807617188,-85.2676,22.7663,63.5882412260237,63,63,63,63,61,63,0,8764,2.04575969791764,23,-85,0.001869,51,2024-03-20 19:34:37.002088,400,1.037,0.0011,"aoml_navis",1028.33157261711
"7901009",29,0,1,0.014952,1,-0.007476,1,141.440351983438,1,4.86217745322285,402,1,16.326000213623,36.1800003051758,0.0149520002305508,0,136.392593383789,-85.2676,22.7663,63.5882412260237,63,63,63,63,61,63,0,8764,2.04575969791764,23,-85,0.001869,51,2024-03-20 19:34:37.002088,402,1.037,0.0011,"aoml_navis",1028.34584876901
"7901009",29,0,1,0.014952,1,-0.007476,1,140.95805163764,1,4.8620960878328,404,1,16.2490005493164,36.1669998168945,0.0149520002305508,0,135.927505493164,-85.2676,22.7663,63.5882412260237,63,63,63,63,61,63,0,8764,2.04575969791764,23,-85,0.001869,51,2024-03-20 19:34:37.002088,404,1.037,0.0011,"aoml_navis",1028.36305775863
"7901009",29,0,1,0.016821,1,-0.005607,1,140.5809934047,1,4.86200418593285,406,1,16.1560001373291,36.1520004272461,0.0168210007250309,0,135.563903808594,-85.2676,22.7663,63.5882412260237,63,63,63,63,61,63,0,8764,2.04575969791764,23,-85,0.001869,51,2024-03-20 19:34:37.002088,406,1.037,0.0011,"aoml_navis",1028.38249593993
"7901009",29,0,1,0.014952,1,-0.007476,1,140.3031801773,1,4.86193831644082,408,1,16.1019992828369,36.1419982910156,0.0149520002305508,0,135.296005249023,-85.2676,22.7663,63.5882412260237,63,63,63,63,61,63,0,8764,2.04575969791764,23,-85,0.001869,51,2024-03-20 19:34:37.002088,408,1.037,0.0011,"aoml_navis",1028.39642845577
"7901009",29,0,1,0.01869,1,-0.003738,1,139.835168453951,1,4.86188895358081,410,1,16.0820007324219,36.1380004882812,0.0186899993568659,0,134.844696044922,-85.2676,22.7663,63.5882412260237,63,63,63,63,61,63,0,8764,2.04575969791764,23,-85,0.001869,51,2024-03-20 19:34:37.002088,410,1.037,0.0011,"aoml_navis",1028.40686978617
"7901009",29,0,1,0.020559,1,-0.001869,1,139.328183444786,1,4.86181005315207,412,1,16.0130004882812,36.1269989013672,0.020558999851346,0,134.355804443359,-85.2676,22.7663,63.5882412260237,63,63,63,63,61,63,0,8764,2.04575969791764,23,-85,0.001869,51,2024-03-20 19:34:37.002088,412,1.037,0.0011,"aoml_navis",1028.42355940219
"7901009",29,0,1,0.016821,1,-0.005607,1,139.035955006919,1,4.86172853846481,414,1,15.9350004196167,36.1139984130859,0.0168210007250309,0,134.074005126953,-85.2676,22.7663,63.5882412260237,63,63,63,63,61,63,0,8764,2.04575969791764,23,-85,0.001869,51,2024-03-20 19:34:37.002088,414,1.037,0.0011,"aoml_navis",1028.44080257489
"7901009",29,0,1,0.01869,1,-0.003738,1,138.664498293743,1,4.86166814463496,416,1,15.8920001983643,36.1059989929199,0.0186899993568659,0,133.715805053711,-85.2676,22.7663,63.5882412260237,63,63,63,63,61,63,0,8764,2.04575969791764,23,-85,0.001869,51,2024-03-20 19:34:37.002088,416,1.037,0.0011,"aoml_navis",1028.45357832943
"7901009",29,0,1,0.014952,1,-0.007476,1,138.303722444524,1,4.86158753080794,418,1,15.8210000991821,36.0950012207031,0.0149520002305508,0,133.367904663086,-85.2676,22.7663,63.5882412260237,63,63,63,63,61,63,0,8764,2.04575969791764,23,-85,0.001869,51,2024-03-20 19:34:37.002088,418,1.037,0.0011,"aoml_navis",1028.47063193143
"7901009",29,0,1,0.01869,1,-0.003738,1,138.155313817778,1,4.86152177505934,420,1,15.7729997634888,36.0870018005371,0.0186899993568659,0,133.224792480469,-85.2676,22.7663,63.5882412260237,63,63,63,63,61,63,0,8764,2.04575969791764,23,-85,0.001869,51,2024-03-20 19:34:37.002088,420,1.037,0.0011,"aoml_navis",1028.4845427724
"7901009",29,0,1,0.016821,1,-0.005607,1,137.755248212699,1,4.86147710610686,422,1,15.7569999694824,36.0830001831055,0.0168210007250309,0,132.839004516602,-85.2676,22.7663,63.5882412260237,63,63,63,63,61,63,0,8764,2.04575969791764,23,-85,0.001869,51,2024-03-20 19:34:37.002088,422,1.037,0.0011,"aoml_navis",1028.49399284821
"7901009",29,0,1,0.014952,1,-0.007476,1,137.246490971292,1,4.86141066260264,424,1,15.7049999237061,36.0740013122559,0.0149520002305508,0,132.348403930664,-85.2676,22.7663,63.5882412260237,63,63,63,63,61,63,0,8764,2.04575969791764,23,-85,0.001869,51,2024-03-20 19:34:37.002088,424,1.037,0.0011,"aoml_navis",1028.50804982667
"7901009",29,0,1,0.016821,1,-0.005607,1,136.780251480186,1,4.86134796687844,426,1,15.6529998779297,36.0639991760254,0.0168210007250309,0,131.898803710938,-85.2676,22.7663,63.5882412260237,63,63,63,63,61,63,0,8764,2.04575969791764,23,-85,0.001869,51,2024-03-20 19:34:37.002088,426,1.037,0.0011,"aoml_navis",1028.52131426638
"7901009",29,0,1,0.014952,1,-0.007476,1,136.311828345781,1,4.86127133673995,428,1,15.585000038147,36.0530014038086,0.0149520002305508,0,131.44709777832,-85.2676,22.7663,63.5882412260237,63,63,63,63,61,63,0,8764,2.04575969791764,23,-85,0.001869,51,2024-03-20 19:34:37.002088,428,1.037,0.0011,"aoml_navis",1028.53752725374
"7901009",29,0,1,0.014952,1,-0.007476,1,136.090631609104,1,4.86119183279698,430,1,15.5010004043579,36.0379981994629,0.0149520002305508,0,131.233795166016,-85.2676,22.7663,63.5882412260237,63,63,63,63,61,63,0,8764,2.04575969791764,23,-85,0.001869,51,2024-03-20 19:34:37.002088,430,1.037,0.0011,"aoml_navis",1028.55434880527
"7901009",29,0,1,0.013083,1,-0.009345,1,135.828689354369,1,4.86112338940953,432,1,15.4499998092651,36.0299987792969,0.0130829997360706,0,130.981201171875,-85.2676,22.7663,63.5882412260237,63,63,63,63,61,63,0,8764,2.04575969791764,23,-85,0.001869,51,2024-03-20 19:34:37.002088,432,1.037,0.0011,"aoml_navis",1028.56883059028
"7901009",29,0,1,0.01869,1,-0.003738,1,135.566842040647,1,4.86106895466414,434,1,15.414999961853,36.0229988098145,0.0186899993568659,0,130.728698730469,-85.2676,22.7663,63.5882412260237,63,63,63,63,61,63,0,8764,2.04575969791764,23,-85,0.001869,51,2024-03-20 19:34:37.002088,434,1.037,0.0011,"aoml_navis",1028.58034860883
"7901009",29,0,1,0.01869,1,-0.003738,1,135.484923769971,1,4.8610036205685,436,1,15.3699998855591,36.015998840332,0.0186899993568659,0,130.649703979492,-85.2676,22.7663,63.5882412260237,63,63,63,63,61,63,0,8764,2.04575969791764,23,-85,0.001869,51,2024-03-20 19:34:37.002088,436,1.037,0.0011,"aoml_navis",1028.59417319571
"7901009",29,0,1,0.016821,1,-0.005607,1,135.289962399874,1,4.8609533525936,438,1,15.3520002365112,36.0130004882812,0.0168210007250309,0,130.461700439453,-85.2676,22.7663,63.5882412260237,63,63,63,63,61,63,0,8764,2.04575969791764,23,-85,0.001869,51,2024-03-20 19:34:37.002088,438,1.037,0.0011,"aoml_navis",1028.60481006925
"7901009",29,0,1,0.016821,1,-0.005607,1,135.028732202735,1,4.86089358686961,440,1,15.3120002746582,36.0060005187988,0.0168210007250309,0,130.20979309082,-85.2676,22.7663,63.5882412260237,63,63,63,63,61,63,0,8764,2.04575969791764,23,-85,0.001869,51,2024-03-20 19:34:37.002088,440,1.037,0.0011,"aoml_navis",1028.61745698489
"7901009",29,0,1,0.016821,1,-0.005607,1,134.87029147562,1,4.86082333807417,442,1,15.2589998245239,35.9980010986328,0.0168210007250309,0,130.057006835938,-85.2676,22.7663,63.5882412260237,63,63,63,63,61,63,0,8764,2.04575969791764,23,-85,0.001869,51,2024-03-20 19:34:37.002088,442,1.037,0.0011,"aoml_navis",1028.63232260174
"7901009",29,0,1,0.01869,1,-0.003738,1,134.667339236932,1,4.86077024869245,444,1,15.2250003814697,35.9910011291504,0.0186899993568659,0,129.861297607422,-85.2676,22.7663,63.5882412260237,63,63,63,63,61,63,0,8764,2.04575969791764,23,-85,0.001869,51,2024-03-20 19:34:37.002088,444,1.037,0.0011,"aoml_navis",1028.64355733435
"7901009",29,0,1,0.016821,1,-0.005607,1,134.414099908384,1,4.86071283884796,446,1,15.1969995498657,35.9869995117188,0.0168210007250309,0,129.617095947266,-85.2676,22.7663,63.5882412260237,63,63,63,63,61,63,0,8764,2.04575969791764,23,-85,0.001869,51,2024-03-20 19:34:37.002088,446,1.037,0.0011,"aoml_navis",1028.65570663604
"7901009",29,0,1,0.020559,1,-0.001869,1,134.065144215278,1,4.86066234816735,448,1,15.1719999313354,35.9819984436035,0.020558999851346,0,129.28059387207,-85.2676,22.7663,63.5882412260237,63,63,63,63,61,63,0,8764,2.04575969791764,23,-85,0.001869,51,2024-03-20 19:34:37.002088,448,1.037,0.0011,"aoml_navis",1028.66639191368
"7901009",29,0,1,0.016821,1,-0.005607,1,133.807553423637,1,4.86058804986803,450,1,15.1149997711182,35.9739990234375,0.0168210007250309,0,129.032196044922,-85.2676,22.7663,63.5882412260237,63,63,63,63,61,63,0,8764,2.04575969791764,23,-85,0.001869,51,2024-03-20 19:34:37.002088,450,1.037,0.0011,"aoml_navis",1028.68211597067
"7901009",29,0,1,0.020559,1,-0.001869,1,133.449056158729,1,4.86052330533034,452,1,15.0600004196167,35.9640007019043,0.020558999851346,0,128.686492919922,-85.2676,22.7663,63.5882412260237,63,63,63,63,61,63,0,8764,2.04575969791764,23,-85,0.001869,51,2024-03-20 19:34:37.002088,452,1.037,0.0011,"aoml_navis",1028.69581851746
"7901009",29,0,1,0.01869,1,-0.003738,1,133.029590940003,1,4.86046409436529,454,1,15.0100002288818,35.9539985656738,0.0186899993568659,0,128.281997680664,-85.2676,22.7663,63.5882412260237,63,63,63,63,61,63,0,8764,2.04575969791764,23,-85,0.001869,51,2024-03-20 19:34:37.002088,454,1.037,0.0011,"aoml_navis",1028.70835025743
"7901009",29,0,1,0.022428,1,0,1,132.654510644833,1,4.86038920472593,456,1,14.9420003890991,35.943000793457,0.0224280003458261,0,127.920303344727,-85.2676,22.7663,63.5882412260237,63,63,63,63,61,63,0,8764,2.04575969791764,23,-85,0.001869,51,2024-03-20 19:34:37.002088,456,1.037,0.0011,"aoml_navis",1028.72420075708
"7901009",29,0,1,0.01869,1,-0.003738,1,132.377005975725,1,4.86031748122634,458,1,14.8699998855591,35.9300003051758,0.0186899993568659,0,127.652702331543,-85.2676,22.7663,63.5882412260237,63,63,63,63,61,63,0,8764,2.04575969791764,23,-85,0.001869,51,2024-03-20 19:34:37.002088,458,1.037,0.0011,"aoml_navis",1028.73938159662
"7901009",29,0,1,0.024297,1,0.001869,1,132.128434580313,1,4.86024686323721,460,1,14.8090000152588,35.9199981689453,0.0242970008403063,0,127.41300201416,-85.2676,22.7663,63.5882412260237,63,63,63,63,61,63,0,8764,2.04575969791764,23,-85,0.001869,51,2024-03-20 19:34:37.002088,460,1.037,0.0011,"aoml_navis",1028.75432888397
"7901009",29,0,1,0.01869,1,-0.003738,1,131.972470231286,1,4.86016633594829,462,1,14.7419996261597,35.9109992980957,0.0186899993568659,0,127.262603759766,-85.2676,22.7663,63.5882412260237,63,63,63,63,61,63,0,8764,2.04575969791764,23,-85,0.001869,51,2024-03-20 19:34:37.002088,462,1.037,0.0011,"aoml_navis",1028.7713741436
"7901009",29,0,1,0.020559,1,-0.001869,1,131.935862559042,1,4.86010368920185,464,1,14.6949996948242,35.9029998779297,0.020558999851346,0,127.22730255127,-85.2676,22.7663,63.5882412260237,63,63,63,63,61,63,0,8764,2.04575969791764,23,-85,0.001869,51,2024-03-20 19:34:37.002088,464,1.037,0.0011,"aoml_navis",1028.78463500871
"7901009",29,0,1,0.016821,1,-0.005607,1,131.7907847795,1,4.86004301748219,466,1,14.6599998474121,35.8979988098145,0.0168210007250309,0,127.08740234375,-85.2676,22.7663,63.5882412260237,63,63,63,63,61,63,0,8764,2.04575969791764,23,-85,0.001869,51,2024-03-20 19:34:37.002088,466,1.037,0.0011,"aoml_navis",1028.79747813227
"7901009",29,0,1,0.020559,1,-0.001869,1,131.624550977571,1,4.8599717388757,468,1,14.6149997711182,35.8930015563965,0.020558999851346,0,126.927101135254,-85.2676,22.7663,63.5882412260237,63,63,63,63,61,63,0,8764,2.04575969791764,23,-85,0.001869,51,2024-03-20 19:34:37.002088,468,1.037,0.0011,"aoml_navis",1028.8125669547
"7901009",29,0,1,0.020559,1,-0.001869,1,131.238987612221,1,4.85992241912383,470,1,14.5939998626709,35.8889999389648,0.020558999851346,0,126.555297851562,-85.2676,22.7663,63.5882412260237,63,63,63,63,61,63,0,8764,2.04575969791764,23,-85,0.001869,51,2024-03-20 19:34:37.002088,470,1.037,0.0011,"aoml_navis",1028.82300761118
"7901009",29,0,1,0.014952,1,-0.007476,1,130.744337022989,1,4.85987020831487,472,1,14.5600004196167,35.8819999694824,0.0149520002305508,0,126.078300476074,-85.2676,22.7663,63.5882412260237,63,63,63,63,61,63,0,8764,2.04575969791764,23,-85,0.001869,51,2024-03-20 19:34:37.002088,472,1.037,0.0011,"aoml_navis",1028.83406051573
"7901009",29,0,1,0.020559,1,-0.001869,1,130.45407861114,1,4.85979066823382,474,1,14.4829998016357,35.8699989318848,0.020558999851346,0,125.798400878906,-85.2676,22.7663,63.5882412260237,63,63,63,63,61,63,0,8764,2.04575969791764,23,-85,0.001869,51,2024-03-20 19:34:37.002088,474,1.037,0.0011,"aoml_navis",1028.85089941891
"7901009",29,0,1,0.020559,1,-0.001869,1,130.090913413096,1,4.85971230998352,476,1,14.3999996185303,35.8559989929199,0.020558999851346,0,125.448196411133,-85.2676,22.7663,63.5882412260237,63,63,63,63,61,63,0,8764,2.04575969791764,23,-85,0.001869,51,2024-03-20 19:34:37.002088,476,1.037,0.0011,"aoml_navis",1028.86748866353
"7901009",29,0,1,0.016821,1,-0.005607,1,129.626335389716,1,4.85964265184494,478,1,14.3249998092651,35.8419990539551,0.0168210007250309,0,125.000198364258,-85.2676,22.7663,63.5882412260237,63,63,63,63,61,63,0,8764,2.04575969791764,23,-85,0.001869,51,2024-03-20 19:34:37.002088,478,1.037,0.0011,"aoml_navis",1028.88223645452
"7901009",29,0,1,0.016821,1,-0.005607,1,129.066452412834,1,4.85955491880458,480,1,14.2360000610352,35.8289985656738,0.0168210007250309,0,124.460296630859,-85.2676,22.7663,63.5882412260237,63,63,63,63,61,63,0,8764,2.04575969791764,23,-85,0.001869,51,2024-03-20 19:34:37.002088,480,1.037,0.0011,"aoml_navis",1028.9008116056
"7901009",29,0,1,0.01869,1,-0.003738,1,128.239753542552,1,4.85948898927925,482,1,14.1780004501343,35.8190002441406,0.0186899993568659,0,123.663101196289,-85.2676,22.7663,63.5882412260237,63,63,63,63,61,63,0,8764,2.04575969791764,23,-85,0.001869,51,2024-03-20 19:34:37.002088,482,1.037,0.0011,"aoml_navis",1028.91477088038
"7901009",29,0,1,0.022428,1,0,1,127.010900364906,1,4.85942422204152,484,1,14.1140003204346,35.806999206543,0.0224280003458261,0,122.478103637695,-85.2676,22.7663,63.5882412260237,63,63,63,63,61,63,0,8764,2.04575969791764,23,-85,0.001869,51,2024-03-20 19:34:37.002088,484,1.037,0.0011,"aoml_navis",1028.92848443255
"7901009",29,0,1,0.026166,1,0.003738,1,125.734853592072,1,4.8593544197616,486,1,14.0520000457764,35.7970008850098,0.0261659994721413,0,121.247596740723,-85.2676,22.7663,63.5882412260237,63,63,63,63,61,63,0,8764,2.04575969791764,23,-85,0.001869,51,2024-03-20 19:34:37.002088,486,1.037,0.0011,"aoml_navis",1028.94326449341
"7901009",29,0,1,0.024297,1,0.001869,1,123.36539490832,1,4.85930501804397,488,1,14.0200004577637,35.7900009155273,0.0242970008403063,0,118.962699890137,-85.2676,22.7663,63.5882412260237,63,63,63,63,61,63,0,8764,2.04575969791764,23,-85,0.001869,51,2024-03-20 19:34:37.002088,488,1.037,0.0011,"aoml_navis",1028.95372515897
"7901009",29,0,1,0.022428,1,0,1,120.98400530394,1,4.85918642600254,490,1,13.8859996795654,35.7729988098145,0.0224280003458261,0,116.666297912598,-85.2676,22.7663,63.5882412260237,63,63,63,63,61,63,0,8764,2.04575969791764,23,-85,0.001869,51,2024-03-20 19:34:37.002088,490,1.037,0.0011,"aoml_navis",1028.97883753625
"7901009",29,0,1,0.026166,1,0.003738,1,120.131893889191,1,4.85907617910544,492,1,13.7700004577637,35.7589988708496,0.0261659994721413,0,115.844596862793,-85.2676,22.7663,63.5882412260237,63,63,63,63,61,63,0,8764,2.04575969791764,23,-85,0.001869,51,2024-03-20 19:34:37.002088,492,1.037,0.0011,"aoml_navis",1029.0021838926
"7901009",29,0,1,0.022428,1,0,1,119.608729349068,1,4.85902144632331,494,1,13.7360000610352,35.7529983520508,0.0224280003458261,0,115.340103149414,-85.2676,22.7663,63.5882412260237,63,63,63,63,61,63,0,8764,2.04575969791764,23,-85,0.001869,51,2024-03-20 19:34:37.002088,494,1.037,0.0011,"aoml_navis",1029.01377473511
"7901009",29,0,1,0.022428,1,0,1,119.335995465861,1,4.85895261071669,496,1,13.673999786377,35.7430000305176,0.0224280003458261,0,115.077102661133,-85.2676,22.7663,63.5882412260237,63,63,63,63,61,63,0,8764,2.04575969791764,23,-85,0.001869,51,2024-03-20 19:34:37.002088,496,1.037,0.0011,"aoml_navis",1029.02835252441
"7901009",29,0,1,0.020559,1,-0.001869,1,119.107535741693,1,4.8588869988278,498,1,13.6149997711182,35.7330017089844,0.020558999851346,0,114.856796264648,-85.2676,22.7663,63.5882412260237,63,63,63,63,61,63,0,8764,2.04575969791764,23,-85,0.001869,51,2024-03-20 19:34:37.002088,498,1.037,0.0011,"aoml_navis",1029.04224798935
"7901009",29,0,1,0.022428,1,0,1,119.017318044135,1,4.8588265027224,500,1,13.5679998397827,35.7249984741211,0.0224280003458261,0,114.769798278809,-85.2676,22.7663,63.5882412260237,63,63,63,63,61,63,0,8764,2.04575969791764,23,-85,0.001869,51,2024-03-20 19:34:37.002088,500,1.037,0.0011,"aoml_navis",1029.05506035223
"7901009",29,0,1,0.022428,1,0,1,119.149539228173,1,4.85875183518223,502,1,13.5069999694824,35.7169990539551,0.0224280003458261,0,114.897300720215,-85.2676,22.7663,63.5882412260237,63,63,63,63,61,63,0,8764,2.04575969791764,23,-85,0.001869,51,2024-03-20 19:34:37.002088,502,1.037,0.0011,"aoml_navis",1029.07087449805
"7901009",29,0,1,0.01869,1,-0.003738,1,119.183757551592,1,4.8586864538812,504,1,13.4549999237061,35.7089996337891,0.0186899993568659,0,114.930297851562,-85.2676,22.7663,63.5882412260237,63,63,63,63,61,63,0,8764,2.04575969791764,23,-85,0.001869,51,2024-03-20 19:34:37.002088,504,1.037,0.0011,"aoml_navis",1029.08472227219
"7901009",29,0,1,0.028035,1,0.005607,1,119.293580568324,1,4.85863864521855,506,1,13.4309997558594,35.7039985656738,0.0280349999666214,0,115.036201477051,-85.2676,22.7663,63.5882412260237,63,63,63,63,61,63,0,8764,2.04575969791764,23,-85,0.001869,51,2024-03-20 19:34:37.002088,506,1.037,0.0011,"aoml_navis",1029.0948483935
"7901009",29,0,1,0.028035,1,0.005607,1,119.305709282729,1,4.85856978229096,508,1,13.378999710083,35.6969985961914,0.0280349999666214,0,115.047897338867,-85.2676,22.7663,63.5882412260237,63,63,63,63,61,63,0,8764,2.04575969791764,23,-85,0.001869,51,2024-03-20 19:34:37.002088,508,1.037,0.0011,"aoml_navis",1029.10943426696
"7901009",29,0,1,0.024297,1,0.001869,1,119.096854877736,1,4.85851657044483,510,1,13.3459997177124,35.6910018920898,0.0242970008403063,0,114.846496582031,-85.2676,22.7663,63.5882412260237,63,63,63,63,61,63,0,8764,2.04575969791764,23,-85,0.001869,51,2024-03-20 19:34:37.002088,510,1.037,0.0011,"aoml_navis",1029.12070536423
"7901009",29,0,1,0.01869,1,-0.003738,1,118.692216280533,1,4.85846908651703,512,1,13.3149995803833,35.6839981079102,0.0186899993568659,0,114.456298828125,-85.2676,22.7663,63.5882412260237,63,63,63,63,61,63,0,8764,2.04575969791764,23,-85,0.001869,51,2024-03-20 19:34:37.002088,512,1.037,0.0011,"aoml_navis",1029.1307634077
"7901009",29,0,1,0.020559,1,-0.001869,1,118.157532230839,1,4.85839465329806,514,1,13.25,35.6749992370605,0.020558999851346,0,113.940696716309,-85.2676,22.7663,63.5882412260237,63,63,63,63,61,63,0,8764,2.04575969791764,23,-85,0.001869,51,2024-03-20 19:34:37.002088,514,1.037,0.0011,"aoml_navis",1029.14653024447
"7901009",29,0,1,0.020559,1,-0.001869,1,117.71348520151,1,4.85833434021447,516,1,13.1879997253418,35.6629981994629,0.020558999851346,0,113.512496948242,-85.2676,22.7663,63.5882412260237,63,63,63,63,61,63,0,8764,2.04575969791764,23,-85,0.001869,51,2024-03-20 19:34:37.002088,516,1.037,0.0011,"aoml_navis",1029.15930643408
"7901009",29,0,1,0.024297,1,0.001869,1,117.354576525546,1,4.85823745092505,518,1,13.0819997787476,35.648998260498,0.0242970008403063,0,113.166397094727,-85.2676,22.7663,63.5882412260237,63,63,63,63,61,63,0,8764,2.04575969791764,23,-85,0.001869,51,2024-03-20 19:34:37.002088,518,1.037,0.0011,"aoml_navis",1029.1798312674
"7901009",29,0,1,0.024297,1,0.001869,1,117.270268906045,1,4.85816230813202,520,1,13.0120000839233,35.6389999389648,0.0242970008403063,0,113.085098266602,-85.2676,22.7663,63.5882412260237,63,63,63,63,61,63,0,8764,2.04575969791764,23,-85,0.001869,51,2024-03-20 19:34:37.002088,520,1.037,0.0011,"aoml_navis",1029.19574993008
"7901009",29,0,1,0.022428,1,0,1,117.261043804286,1,4.85809797653994,522,1,12.960000038147,35.6310005187988,0.0224280003458261,0,113.076202392578,-85.2676,22.7663,63.5882412260237,63,63,63,63,61,63,0,8764,2.04575969791764,23,-85,0.001869,51,2024-03-20 19:34:37.002088,522,1.037,0.0011,"aoml_navis",1029.20937867974
"7901009",29,0,1,0.024297,1,0.001869,1,117.420323177016,1,4.85803705922015,524,1,12.914999961853,35.6240005493164,0.0242970008403063,0,113.229797363281,-85.2676,22.7663,63.5882412260237,63,63,63,63,61,63,0,8764,2.04575969791764,23,-85,0.001869,51,2024-03-20 19:34:37.002088,524,1.037,0.0011,"aoml_navis",1029.22228444314
"7901009",29,0,1,0.024297,1,0.001869,1,117.69721072954,1,4.85797590387496,526,1,12.8660001754761,35.6160011291504,0.0242970008403063,0,113.496803283691,-85.2676,22.7663,63.5882412260237,63,63,63,63,61,63,0,8764,2.04575969791764,23,-85,0.001869,51,2024-03-20 19:34:37.002088,526,1.037,0.0011,"aoml_navis",1029.23524095946
"7901009",29,0,1,0.022428,1,0,1,118.065344507263,1,4.85792010019402,528,1,12.826000213623,35.609001159668,0.0224280003458261,0,113.85179901123,-85.2676,22.7663,63.5882412260237,63,63,63,63,61,63,0,8764,2.04575969791764,23,-85,0.001869,51,2024-03-20 19:34:37.002088,528,1.037,0.0011,"aoml_navis",1029.24706394416
"7901009",29,0,1,0.029904,1,0.007476,1,118.448937846594,1,4.85785556980678,530,1,12.7659997940063,35.5989990234375,0.0299040004611015,0,114.221702575684,-85.2676,22.7663,63.5882412260237,63,63,63,63,61,63,0,8764,2.04575969791764,23,-85,0.001869,51,2024-03-20 19:34:37.002088,530,1.037,0.0011,"aoml_navis",1029.2607361727
"7901009",29,0,1,0.026166,1,0.003738,1,118.872968145692,1,4.85778203639693,532,1,12.6929998397827,35.5880012512207,0.0261659994721413,0,114.630599975586,-85.2676,22.7663,63.5882412260237,63,63,63,63,61,63,0,8764,2.04575969791764,23,-85,0.001869,51,2024-03-20 19:34:37.002088,532,1.037,0.0011,"aoml_navis",1029.27631633892
"7901009",29,0,1,0.022428,1,0,1,119.070310952865,1,4.85773436622436,534,1,12.66100025177,35.5810012817383,0.0224280003458261,0,114.820899963379,-85.2676,22.7663,63.5882412260237,63,63,63,63,61,63,0,8764,2.04575969791764,23,-85,0.001869,51,2024-03-20 19:34:37.002088,534,1.037,0.0011,"aoml_navis",1029.28641688702
"7901009",29,0,1,0.026166,1,0.003738,1,119.25697289608,1,4.85767469874452,536,1,12.6129999160767,35.5730018615723,0.0261659994721413,0,115.000900268555,-85.2676,22.7663,63.5882412260237,63,63,63,63,61,63,0,8764,2.04575969791764,23,-85,0.001869,51,2024-03-20 19:34:37.002088,536,1.037,0.0011,"aoml_navis",1029.29905975224
"7901009",29,0,1,0.026166,1,0.003738,1,119.457527874191,1,4.85763176535579,538,1,12.5819997787476,35.564998626709,0.0261659994721413,0,115.194297790527,-85.2676,22.7663,63.5882412260237,63,63,63,63,61,63,0,8764,2.04575969791764,23,-85,0.001869,51,2024-03-20 19:34:37.002088,538,1.037,0.0011,"aoml_navis",1029.30815704467
"7901009",29,0,1,0.020559,1,-0.001869,1,119.800779194769,1,4.85755755772717,540,1,12.503999710083,35.5530014038086,0.020558999851346,0,115.525299072266,-85.2676,22.7663,63.5882412260237,63,63,63,63,61,63,0,8764,2.04575969791764,23,-85,0.001869,51,2024-03-20 19:34:37.002088,540,1.037,0.0011,"aoml_navis",1029.32388151454
"7901009",29,0,1,0.024297,1,0.001869,1,120.253742767564,1,4.85745047655864,542,1,12.3579998016357,35.5320014953613,0.0242970008403063,0,115.962097167969,-85.2676,22.7663,63.5882412260237,63,63,63,63,61,63,0,8764,2.04575969791764,23,-85,0.001869,51,2024-03-20 19:34:37.002088,542,1.037,0.0011,"aoml_navis",1029.34657267826
"7901009",29,0,1,0.022428,1,0,1,120.307463557393,1,4.85738949050524,544,1,12.2740001678467,35.5149993896484,0.0224280003458261,0,116.013900756836,-85.2676,22.7663,63.5882412260237,63,63,63,63,61,63,0,8764,2.04575969791764,23,-85,0.001869,51,2024-03-20 19:34:37.002088,544,1.037,0.0011,"aoml_navis",1029.35949644835
"7901009",29,0,1,0.024297,1,0.001869,1,120.271995177304,1,4.85732482431668,546,1,12.2200002670288,35.5069999694824,0.0242970008403063,0,115.979698181152,-85.2676,22.7663,63.5882412260237,63,63,63,63,61,63,0,8764,2.04575969791764,23,-85,0.001869,51,2024-03-20 19:34:37.002088,546,1.037,0.0011,"aoml_navis",1029.37320044339
"7901009",29,0,1,0.022428,1,0,1,120.261939341682,1,4.85724398606446,548,1,12.1300001144409,35.4939994812012,0.0224280003458261,0,115.970001220703,-85.2676,22.7663,63.5882412260237,63,63,63,63,61,63,0,8764,2.04575969791764,23,-85,0.001869,51,2024-03-20 19:34:37.002088,548,1.037,0.0011,"aoml_navis",1029.39033211943
"7901009",29,0,1,0.01869,1,-0.003738,1,120.060340012429,1,4.85718789593424,550,1,12.0769996643066,35.484001159668,0.0186899993568659,0,115.775596618652,-85.2676,22.7663,63.5882412260237,63,63,63,63,61,63,0,8764,2.04575969791764,23,-85,0.001869,51,2024-03-20 19:34:37.002088,550,1.037,0.0011,"aoml_navis",1029.40221937581
"7901009",29,0,1,0.020559,1,-0.001869,1,119.571290942961,1,4.85713946342962,552,1,12.0509996414185,35.4790000915527,0.020558999851346,0,115.304000854492,-85.2676,22.7663,63.5882412260237,63,63,63,63,61,63,0,8764,2.04575969791764,23,-85,0.001869,51,2024-03-20 19:34:37.002088,552,1.037,0.0011,"aoml_navis",1029.41248396222
"7901009",29,0,1,0.024297,1,0.001869,1,119.00393927306,1,4.85706577116736,554,1,11.9870004653931,35.4710006713867,0.0242970008403063,0,114.756896972656,-85.2676,22.7663,63.5882412260237,63,63,63,63,61,63,0,8764,2.04575969791764,23,-85,0.001869,51,2024-03-20 19:34:37.002088,554,1.037,0.0011,"aoml_navis",1029.42810239077
"7901009",29,0,1,0.024297,1,0.001869,1,118.196426399145,1,4.85700712319389,556,1,11.9540004730225,35.4669990539551,0.0242970008403063,0,113.978202819824,-85.2676,22.7663,63.5882412260237,63,63,63,63,61,63,0,8764,2.04575969791764,23,-85,0.001869,51,2024-03-20 19:34:37.002088,556,1.037,0.0011,"aoml_navis",1029.44053265297
"7901009",29,0,1,0.022428,1,0,1,117.473110380217,1,4.85693331136441,558,1,11.9049997329712,35.4630012512207,0.0224280003458261,0,113.280700683594,-85.2676,22.7663,63.5882412260237,63,63,63,63,61,63,0,8764,2.04575969791764,23,-85,0.001869,51,2024-03-20 19:34:37.002088,558,1.037,0.0011,"aoml_navis",1029.45617727566
"7901009",29,0,1,0.022428,1,0,1,116.901098688931,1,4.85687761329057,560,1,11.875,35.4589996337891,0.0224280003458261,0,112.729103088379,-85.2676,22.7663,63.5882412260237,63,63,63,63,61,63,0,8764,2.04575969791764,23,-85,0.001869,51,2024-03-20 19:34:37.002088,560,1.037,0.0011,"aoml_navis",1029.46798295221
"7901009",29,0,1,0.026166,1,0.003738,1,116.327939793738,1,4.85682288205422,562,1,11.8459997177124,35.4550018310547,0.0261659994721413,0,112.176399230957,-85.2676,22.7663,63.5882412260237,63,63,63,63,61,63,0,8764,2.04575969791764,23,-85,0.001869,51,2024-03-20 19:34:37.002088,562,1.037,0.0011,"aoml_navis",1029.47958396317
"7901009",29,0,1,0.026166,1,0.003738,1,115.562319641789,1,4.85676063456271,564,1,11.8090000152588,35.451000213623,0.0261659994721413,0,111.438102722168,-85.2676,22.7663,63.5882412260237,63,63,63,63,61,63,0,8764,2.04575969791764,23,-85,0.001869,51,2024-03-20 19:34:37.002088,564,1.037,0.0011,"aoml_navis",1029.49277846183
"7901009",29,0,1,0.026166,1,0.003738,1,114.797110900895,1,4.8566960567184,566,1,11.753999710083,35.443000793457,0.0261659994721413,0,110.700202941895,-85.2676,22.7663,63.5882412260237,63,63,63,63,61,63,0,8764,2.04575969791764,23,-85,0.001869,51,2024-03-20 19:34:37.002088,566,1.037,0.0011,"aoml_navis",1029.506467279
"7901009",29,0,1,0.029904,1,0.007476,1,114.420361226247,1,4.85661364987023,568,1,11.6759996414185,35.4339981079102,0.0299040004611015,0,110.336898803711,-85.2676,22.7663,63.5882412260237,63,63,63,63,61,63,0,8764,2.04575969791764,23,-85,0.001869,51,2024-03-20 19:34:37.002088,568,1.037,0.0011,"aoml_navis",1029.52393590822
"7901009",29,0,1,0.028035,1,0.005607,1,113.997881630361,1,4.85654956454949,570,1,11.628999710083,35.4280014038086,0.0280349999666214,0,109.929496765137,-85.2676,22.7663,63.5882412260237,63,63,63,63,61,63,0,8764,2.04575969791764,23,-85,0.001869,51,2024-03-20 19:34:37.002088,570,1.037,0.0011,"aoml_navis",1029.53752114415
"7901009",29,0,1,0.024297,1,0.001869,1,113.695494504108,1,4.85650084385999,572,1,11.6099996566772,35.4249992370605,0.0242970008403063,0,109.637901306152,-85.2676,22.7663,63.5882412260237,63,63,63,63,61,63,0,8764,2.04575969791764,23,-85,0.001869,51,2024-03-20 19:34:37.002088,572,1.037,0.0011,"aoml_navis",1029.54784952245
"7901009",29,0,1,0.020559,1,-0.001869,1,113.287952294259,1,4.85646086523238,573.900024414062,1,11.6020002365112,35.4230003356934,0.020558999851346,0,109.244903564453,-85.2676,22.7663,63.5882412260237,63,63,63,63,61,63,0,8764,2.04575969791764,23,-85,0.001869,51,2024-03-20 19:34:37.002088,573.900024414062,1.037,0.0011,"aoml_navis",1029.5563248116
"7901009",29,0,1,0.026166,1,0.003738,1,113.030353590866,1,4.85640698683643,576,1,11.5679998397827,35.4169998168945,0.0261659994721413,0,108.99649810791,-85.2676,22.7663,63.5882412260237,63,63,63,63,61,63,0,8764,2.04575969791764,23,-85,0.001869,51,2024-03-20 19:34:37.002088,576,1.037,0.0011,"aoml_navis",1029.56774700983
"7901009",29,0,1,0.020559,1,-0.001869,1,112.698305309817,1,4.85636560785748,578,1,11.548999786377,35.4119987487793,0.020558999851346,0,108.676300048828,-85.2676,22.7663,63.5882412260237,63,63,63,63,61,63,0,8764,2.04575969791764,23,-85,0.001869,51,2024-03-20 19:34:37.002088,578,1.037,0.0011,"aoml_navis",1029.57651950877
"7901009",29,0,1,0.022428,1,0,1,112.659727611554,1,4.85626590244388,580,1,11.4359998703003,35.398998260498,0.0224280003458261,0,108.639099121094,-85.2676,22.7663,63.5882412260237,63,63,63,63,61,63,0,8764,2.04575969791764,23,-85,0.001869,51,2024-03-20 19:34:37.002088,580,1.037,0.0011,"aoml_navis",1029.597658045
"7901009",29,0,1,0.028035,1,0.005607,1,112.860599059708,1,4.85615554403137,582,1,11.298999786377,35.382999420166,0.0280349999666214,0,108.832801818848,-85.2676,22.7663,63.5882412260237,63,63,63,63,61,63,0,8764,2.04575969791764,23,-85,0.001869,51,2024-03-20 19:34:37.002088,582,1.037,0.0011,"aoml_navis",1029.62105613471
"7901009",29,0,1,0.026166,1,0.003738,1,112.875845004037,1,4.85610975124228,584,1,11.2749996185303,35.3779983520508,0.0261659994721413,0,108.847503662109,-85.2676,22.7663,63.5882412260237,63,63,63,63,61,63,0,8764,2.04575969791764,23,-85,0.001869,51,2024-03-20 19:34:37.002088,584,1.037,0.0011,"aoml_navis",1029.63076539218
"7901009",29,0,1,0.028035,1,0.005607,1,112.944803826445,1,4.85605663028044,586,1,11.2469997406006,35.3740005493164,0.0280349999666214,0,108.914001464844,-85.2676,22.7663,63.5882412260237,63,63,63,63,61,63,0,8764,2.04575969791764,23,-85,0.001869,51,2024-03-20 19:34:37.002088,586,1.037,0.0011,"aoml_navis",1029.64202864151
"7901009",29,0,1,0.029904,1,0.007476,1,112.926757122233,1,4.85601280228145,588,1,11.2370004653931,35.3720016479492,0.0299040004611015,0,108.896598815918,-85.2676,22.7663,63.5882412260237,63,63,63,63,61,63,0,8764,2.04575969791764,23,-85,0.001869,51,2024-03-20 19:34:37.002088,588,1.037,0.0011,"aoml_navis",1029.65132168739
"7901009",29,0,1,0.022428,1,0,1,112.898243171343,1,4.85596899109193,590,1,11.2270002365112,35.3699989318848,0.0224280003458261,0,108.869102478027,-85.2676,22.7663,63.5882412260237,63,63,63,63,61,63,0,8764,2.04575969791764,23,-85,0.001869,51,2024-03-20 19:34:37.002088,590,1.037,0.0011,"aoml_navis",1029.66061133675
"7901009",29,0,1,0.028035,1,0.005607,1,112.862877644018,1,4.85592146160879,592,1,11.2089996337891,35.367000579834,0.0280349999666214,0,108.834999084473,-85.2676,22.7663,63.5882412260237,63,63,63,63,61,63,0,8764,2.04575969791764,23,-85,0.001869,51,2024-03-20 19:34:37.002088,592,1.037,0.0011,"aoml_navis",1029.67068959626
"7901009",29,0,1,0.024297,1,0.001869,1,112.826689294581,1,4.85587579674124,594,1,11.1929998397827,35.3639984130859,0.0242970008403063,0,108.800102233887,-85.2676,22.7663,63.5882412260237,63,63,63,63,61,63,0,8764,2.04575969791764,23,-85,0.001869,51,2024-03-20 19:34:37.002088,594,1.037,0.0011,"aoml_navis",1029.68037266429
"7901009",29,0,1,0.028035,1,0.005607,1,112.743418114471,1,4.85583104605468,596,1,11.1780004501343,35.3610000610352,0.0280349999666214,0,108.719802856445,-85.2676,22.7663,63.5882412260237,63,63,63,63,61,63,0,8764,2.04575969791764,23,-85,0.001869,51,2024-03-20 19:34:37.002088,596,1.037,0.0011,"aoml_navis",1029.68986206026
"7901009",29,0,1,0.026166,1,0.003738,1,112.688249474195,1,4.85578258911591,598,1,11.1470003128052,35.3549995422363,0.0261659994721413,0,108.666603088379,-85.2676,22.7663,63.5882412260237,63,63,63,63,61,63,0,8764,2.04575969791764,23,-85,0.001869,51,2024-03-20 19:34:37.002088,598,1.037,0.0011,"aoml_navis",1029.70013756533
"7901009",29,0,1,0.031773,1,0.009345,1,112.634837242658,1,4.85571583688116,600,1,11.0839996337891,35.3460006713867,0.0317730009555817,0,108.615097045898,-85.2676,22.7663,63.5882412260237,63,63,63,63,61,63,0,8764,2.04575969791764,23,-85,0.001869,51,2024-03-20 19:34:37.002088,600,1.037,0.0011,"aoml_navis",1029.7142930035
"7901009",29,0,1,0.029904,1,0.007476,1,112.706082561128,1,4.8556247158813,602,1,10.9779996871948,35.3330001831055,0.0299040004611015,0,108.683799743652,-85.2676,22.7663,63.5882412260237,63,63,63,63,61,63,0,8764,2.04575969791764,23,-85,0.001869,51,2024-03-20 19:34:37.002088,602,1.037,0.0011,"aoml_navis",1029.73361669539
"7901009",29,0,1,0.028035,1,0.005607,1,112.709191879302,1,4.85556109747216,604,1,10.9259996414185,35.326000213623,0.0280349999666214,0,108.686798095703,-85.2676,22.7663,63.5882412260237,63,63,63,63,61,63,0,8764,2.04575969791764,23,-85,0.001869,51,2024-03-20 19:34:37.002088,604,1.037,0.0011,"aoml_navis",1029.747108445
"7901009",29,0,1,0.022428,1,0,1,112.592430256873,1,4.85551374535148,606,1,10.9119997024536,35.3240013122559,0.0224280003458261,0,108.574203491211,-85.2676,22.7663,63.5882412260237,63,63,63,63,61,63,0,8764,2.04575969791764,23,-85,0.001869,51,2024-03-20 19:34:37.002088,606,1.037,0.0011,"aoml_navis",1029.75715078283
"7901009",29,0,1,0.028035,1,0.005607,1,112.529690070813,1,4.85546790393474,608.099975585938,1,10.9060001373291,35.3230018615723,0.0280349999666214,0,108.513702392578,-85.2676,22.7663,63.5882412260237,63,63,63,63,61,63,0,8764,2.04575969791764,23,-85,0.001869,51,2024-03-20 19:34:37.002088,608.099975585938,1.037,0.0011,"aoml_navis",1029.76687292035
"7901009",29,0,1,0.026166,1,0.003738,1,112.452431821523,1,4.85542448583814,610,1,10.8940000534058,35.3209991455078,0.0261659994721413,0,108.43920135498,-85.2676,22.7663,63.5882412260237,63,63,63,63,61,63,0,8764,2.04575969791764,23,-85,0.001869,51,2024-03-20 19:34:37.002088,610,1.037,0.0011,"aoml_navis",1029.77608128466
"7901009",29,0,1,0.028035,1,0.005607,1,112.367807731979,1,4.85537805524534,612,1,10.8809995651245,35.3190002441406,0.0280349999666214,0,108.357597351074,-85.2676,22.7663,63.5882412260237,63,63,63,63,61,63,0,8764,2.04575969791764,23,-85,0.001869,51,2024-03-20 19:34:37.002088,612,1.037,0.0011,"aoml_navis",1029.78592873905
"7901009",29,0,1,0.022428,1,0,1,112.265041997209,1,4.85533347383287,614,1,10.8660001754761,35.3160018920898,0.0224280003458261,0,108.258499145508,-85.2676,22.7663,63.5882412260237,63,63,63,63,61,63,0,8764,2.04575969791764,23,-85,0.001869,51,2024-03-20 19:34:37.002088,614,1.037,0.0011,"aoml_navis",1029.79538417841
"7901009",29,0,1,0.026166,1,0.003738,1,112.199920374075,1,4.85528167558428,616,1,10.8430004119873,35.3129997253418,0.0261659994721413,0,108.195701599121,-85.2676,22.7663,63.5882412260237,63,63,63,63,61,63,0,8764,2.04575969791764,23,-85,0.001869,51,2024-03-20 19:34:37.002088,616,1.037,0.0011,"aoml_navis",1029.80637048175
"7901009",29,0,1,0.028035,1,0.005607,1,112.143920999935,1,4.85522993546596,618,1,10.8159999847412,35.3089981079102,0.0280349999666214,0,108.141700744629,-85.2676,22.7663,63.5882412260237,63,63,63,63,61,63,0,8764,2.04575969791764,23,-85,0.001869,51,2024-03-20 19:34:37.002088,618,1.037,0.0011,"aoml_navis",1029.8173446898
"7901009",29,0,1,0.028035,1,0.005607,1,112.108349767082,1,4.85517730743515,620,1,10.7880001068115,35.3050003051758,0.0280349999666214,0,108.107398986816,-85.2676,22.7663,63.5882412260237,63,63,63,63,61,63,0,8764,2.04575969791764,23,-85,0.001869,51,2024-03-20 19:34:37.002088,620,1.037,0.0011,"aoml_navis",1029.82850746626
"7901009",29,0,1,0.028035,1,0.005607,1,111.995006021119,1,4.85513002392208,622,1,10.7740001678467,35.3030014038086,0.0280349999666214,0,107.998100280762,-85.2676,22.7663,63.5882412260237,63,63,63,63,61,63,0,8764,2.04575969791764,23,-85,0.001869,51,2024-03-20 19:34:37.002088,622,1.037,0.0011,"aoml_navis",1029.8385368392
"7901009",29,0,1,0.029904,1,0.007476,1,111.830639392446,1,4.85508551324343,624,1,10.7589998245239,35.2999992370605,0.0299040004611015,0,107.839599609375,-85.2676,22.7663,63.5882412260237,63,63,63,63,61,63,0,8764,2.04575969791764,23,-85,0.001869,51,2024-03-20 19:34:37.002088,624,1.037,0.0011,"aoml_navis",1029.84797824081
"7901009",29,0,1,0.026166,1,0.003738,1,111.663677709418,1,4.85503216643458,626,1,10.7220001220703,35.2939987182617,0.0261659994721413,0,107.678596496582,-85.2676,22.7663,63.5882412260237,63,63,63,63,61,63,0,8764,2.04575969791764,23,-85,0.001869,51,2024-03-20 19:34:37.002088,626,1.037,0.0011,"aoml_navis",1029.85929415003
"7901009",29,0,1,0.028035,1,0.005607,1,111.658084101405,1,4.85494788830363,628,1,10.6260004043579,35.2820014953613,0.0280349999666214,0,107.673202514648,-85.2676,22.7663,63.5882412260237,63,63,63,63,61,63,0,8764,2.04575969791764,23,-85,0.001869,51,2024-03-20 19:34:37.002088,628,1.037,0.0011,"aoml_navis",1029.87717170885
"7901009",29,0,1,0.026166,1,0.003738,1,111.539969569541,1,4.85487982171554,630,1,10.5600004196167,35.2729988098145,0.0261659994721413,0,107.559303283691,-85.2676,22.7663,63.5882412260237,63,63,63,63,61,63,0,8764,2.04575969791764,23,-85,0.001869,51,2024-03-20 19:34:37.002088,630,1.037,0.0011,"aoml_navis",1029.89161083563
"7901009",29,0,1,0.026166,1,0.003738,1,111.494651059359,1,4.85481539156672,632,1,10.5019998550415,35.2649993896484,0.0261659994721413,0,107.515602111816,-85.2676,22.7663,63.5882412260237,63,63,63,63,61,63,0,8764,2.04575969791764,23,-85,0.001869,51,2024-03-20 19:34:37.002088,632,1.037,0.0011,"aoml_navis",1029.90527892893
"7901009",29,0,1,0.028035,1,0.005607,1,111.462291997444,1,4.85474755582185,634,1,10.4399995803833,35.2569999694824,0.0280349999666214,0,107.484397888184,-85.2676,22.7663,63.5882412260237,63,63,63,63,61,63,0,8764,2.04575969791764,23,-85,0.001869,51,2024-03-20 19:34:37.002088,634,1.037,0.0011,"aoml_navis",1029.91966987119
"7901009",29,0,1,0.028035,1,0.005607,1,111.547430350809,1,4.85467469912728,636,1,10.3680000305176,35.2480010986328,0.0280349999666214,0,107.566497802734,-85.2676,22.7663,63.5882412260237,63,63,63,63,61,63,0,8764,2.04575969791764,23,-85,0.001869,51,2024-03-20 19:34:37.002088,636,1.037,0.0011,"aoml_navis",1029.93512642543
"7901009",29,0,1,0.028035,1,0.005607,1,111.533640168678,1,4.85462170279631,638,1,10.33899974823,35.2439994812012,0.0280349999666214,0,107.553199768066,-85.2676,22.7663,63.5882412260237,63,63,63,63,61,63,0,8764,2.04575969791764,23,-85,0.001869,51,2024-03-20 19:34:37.002088,638,1.037,0.0011,"aoml_navis",1029.94636989324
"7901009",29,0,1,0.029904,1,0.007476,1,111.461049852525,1,4.85458081974833,640,1,10.3319997787476,35.242000579834,0.0299040004611015,0,107.483200073242,-85.2676,22.7663,63.5882412260237,63,63,63,63,61,63,0,8764,2.04575969791764,23,-85,0.001869,51,2024-03-20 19:34:37.002088,640,1.037,0.0011,"aoml_navis",1029.95504362809
"7901009",29,0,1,0.028035,1,0.005607,1,111.443003148313,1,4.85453792250464,642,1,10.331000328064,35.242000579834,0.0280349999666214,0,107.465797424316,-85.2676,22.7663,63.5882412260237,63,63,63,63,61,63,0,8764,2.04575969791764,23,-85,0.001869,51,2024-03-20 19:34:37.002088,642,1.037,0.0011,"aoml_navis",1029.96414485116
"7901009",29,0,1,0.024297,1,0.001869,1,111.408579119366,1,4.85449780043136,644,1,10.3290004730225,35.2410011291504,0.0242970008403063,0,107.432601928711,-85.2676,22.7663,63.5882412260237,63,63,63,63,61,63,0,8764,2.04575969791764,23,-85,0.001869,51,2024-03-20 19:34:37.002088,644,1.037,0.0011,"aoml_navis",1029.97265743033
"7901009",29,0,1,0.022428,1,0,1,111.38141016616,1,4.85445807035474,646,1,10.3149995803833,35.2369995117188,0.0224280003458261,0,107.406402587891,-85.2676,22.7663,63.5882412260237,63,63,63,63,61,63,0,8764,2.04575969791764,23,-85,0.001869,51,2024-03-20 19:34:37.002088,646,1.037,0.0011,"aoml_navis",1029.98108697942
"7901009",29,0,1,0.031773,1,0.009345,1,111.601356846166,1,4.85437442692231,648,1,10.2220001220703,35.226001739502,0.0317730009555817,0,107.618499755859,-85.2676,22.7663,63.5882412260237,63,63,63,63,61,63,0,8764,2.04575969791764,23,-85,0.001869,51,2024-03-20 19:34:37.002088,648,1.037,0.0011,"aoml_navis",1029.99883409694
"7901009",29,0,1,0.029904,1,0.007476,1,111.724550722223,1,4.85431170019941,650,1,10.164999961853,35.2179985046387,0.0299040004611015,0,107.737297058105,-85.2676,22.7663,63.5882412260237,63,63,63,63,61,63,0,8764,2.04575969791764,23,-85,0.001869,51,2024-03-20 19:34:37.002088,650,1.037,0.0011,"aoml_navis",1030.01214359486
"7901009",29,0,1,0.028035,1,0.005607,1,111.802014677041,1,4.85425679553328,652,1,10.121000289917,35.2109985351562,0.0280349999666214,0,107.811996459961,-85.2676,22.7663,63.5882412260237,63,63,63,63,61,63,0,8764,2.04575969791764,23,-85,0.001869,51,2024-03-20 19:34:37.002088,652,1.037,0.0011,"aoml_navis",1030.02379367339
"7901009",29,0,1,0.031773,1,0.009345,1,111.793723161909,1,4.85421645081439,654,1,10.1020002365112,35.2060012817383,0.0317730009555817,0,107.804000854492,-85.2676,22.7663,63.5882412260237,63,63,63,63,61,63,0,8764,2.04575969791764,23,-85,0.001869,51,2024-03-20 19:34:37.002088,654,1.037,0.0011,"aoml_navis",1030.03235448249
"7901009",29,0,1,0.022428,1,0,1,111.857294081832,1,4.85416078799054,656,1,10.0570001602173,35.1990013122559,0.0224280003458261,0,107.865303039551,-85.2676,22.7663,63.5882412260237,63,63,63,63,61,63,0,8764,2.04575969791764,23,-85,0.001869,51,2024-03-20 19:34:37.002088,656,1.037,0.0011,"aoml_navis",1030.0441658979
"7901009",29,0,1,0.024297,1,0.001869,1,112.123698564176,1,4.85406780107252,658,1,9.95199966430664,35.1879997253418,0.0242970008403063,0,108.122200012207,-85.2676,22.7663,63.5882412260237,63,63,63,63,61,63,0,8764,2.04575969791764,23,-85,0.001869,51,2024-03-20 19:34:37.002088,658,1.037,0.0011,"aoml_navis",1030.06389793221
"7901009",29,0,1,0.020559,1,-0.001869,1,112.630588632328,1,4.85395905778165,660,1,9.77700042724609,35.1650009155273,0.020558999851346,0,108.611000061035,-85.2676,22.7663,63.5882412260237,63,63,63,63,61,63,0,8764,2.04575969791764,23,-85,0.001869,51,2024-03-20 19:34:37.002088,660,1.037,0.0011,"aoml_navis",1030.0869744635
"7901009",29,0,1,0.031773,1,0.009345,1,112.666571276237,1,4.85391080656923,662,1,9.75699996948242,35.1619987487793,0.0317730009555817,0,108.645698547363,-85.2676,22.7663,63.5882412260237,63,63,63,63,61,63,0,8764,2.04575969791764,23,-85,0.001869,51,2024-03-20 19:34:37.002088,662,1.037,0.0011,"aoml_navis",1030.09721423662
"7901009",29,0,1,0.031773,1,0.009345,1,112.695401697171,1,4.85386146585903,664,1,9.73999977111816,35.1599998474121,0.0317730009555817,0,108.673500061035,-85.2676,22.7663,63.5882412260237,63,63,63,63,61,63,0,8764,2.04575969791764,23,-85,0.001869,51,2024-03-20 19:34:37.002088,664,1.037,0.0011,"aoml_navis",1030.10768543125
"7901009",29,0,1,0.029904,1,0.007476,1,112.757311149367,1,4.85382264573405,666,1,9.73099994659424,35.1570014953613,0.0299040004611015,0,108.733200073242,-85.2676,22.7663,63.5882412260237,63,63,63,63,61,63,0,8764,2.04575969791764,23,-85,0.001869,51,2024-03-20 19:34:37.002088,666,1.037,0.0011,"aoml_navis",1030.11592407366
"7901009",29,0,1,0.033642,1,0.011214,1,112.872941391391,1,4.85376734558309,668,1,9.70699977874756,35.1549987792969,0.0336420014500618,0,108.844703674316,-85.2676,22.7663,63.5882412260237,63,63,63,63,61,63,0,8764,2.04575969791764,23,-85,0.001869,51,2024-03-20 19:34:37.002088,668,1.037,0.0011,"aoml_navis",1030.12766043473
"7901009",29,0,1,0.024297,1,0.001869,1,112.868890574839,1,4.85371876338307,670,1,9.67800045013428,35.1500015258789,0.0242970008403063,0,108.840797424316,-85.2676,22.7663,63.5882412260237,63,63,63,63,61,63,0,8764,2.04575969791764,23,-85,0.001869,51,2024-03-20 19:34:37.002088,670,1.037,0.0011,"aoml_navis",1030.13797126453
"7901009",29,0,1,0.028035,1,0.005607,1,112.920847044177,1,4.85368107463283,672,1,9.66600036621094,35.1459999084473,0.0280349999666214,0,108.890899658203,-85.2676,22.7663,63.5882412260237,63,63,63,63,61,63,0,8764,2.04575969791764,23,-85,0.001869,51,2024-03-20 19:34:37.002088,672,1.037,0.0011,"aoml_navis",1030.14597026819
"7901009",29,0,1,0.026166,1,0.003738,1,112.930388615979,1,4.85362617514583,674,1,9.65100002288818,35.1459999084473,0.0261659994721413,0,108.900100708008,-85.2676,22.7663,63.5882412260237,63,63,63,63,61,63,0,8764,2.04575969791764,23,-85,0.001869,51,2024-03-20 19:34:37.002088,674,1.037,0.0011,"aoml_navis",1030.15762227501
"7901009",29,0,1,0.028035,1,0.005607,1,112.906954009281,1,4.85358286867919,676,1,9.64099979400635,35.1440010070801,0.0280349999666214,0,108.877502441406,-85.2676,22.7663,63.5882412260237,63,63,63,63,61,63,0,8764,2.04575969791764,23,-85,0.001869,51,2024-03-20 19:34:37.002088,676,1.037,0.0011,"aoml_navis",1030.16681393567
"7901009",29,0,1,0.029904,1,0.007476,1,113.032426469649,1,4.85351106115278,678,1,9.57600021362305,35.1370010375977,0.0299040004611015,0,108.998497009277,-85.2676,22.7663,63.5882412260237,63,63,63,63,61,63,0,8764,2.04575969791764,23,-85,0.001869,51,2024-03-20 19:34:37.002088,678,1.037,0.0011,"aoml_navis",1030.18205521766
"7901009",29,0,1,0.026166,1,0.003738,1,113.042901628078,1,4.85345669984069,680,1,9.53999996185303,35.1319999694824,0.0261659994721413,0,109.008598327637,-85.2676,22.7663,63.5882412260237,63,63,63,63,61,63,0,8764,2.04575969791764,23,-85,0.001869,51,2024-03-20 19:34:37.002088,680,1.037,0.0011,"aoml_navis",1030.19359380792
"7901009",29,0,1,0.024297,1,0.001869,1,112.983895788528,1,4.85340437435353,682,1,9.51500034332275,35.1290016174316,0.0242970008403063,0,108.951698303223,-85.2676,22.7663,63.5882412260237,63,63,63,63,61,63,0,8764,2.04575969791764,23,-85,0.001869,51,2024-03-20 19:34:37.002088,682,1.037,0.0011,"aoml_navis",1030.20470052343
"7901009",29,0,1,0.024297,1,0.001869,1,112.961703326751,1,4.85335039320405,684,1,9.48799991607666,35.1259994506836,0.0242970008403063,0,108.930297851562,-85.2676,22.7663,63.5882412260237,63,63,63,63,61,63,0,8764,2.04575969791764,23,-85,0.001869,51,2024-03-20 19:34:37.002088,684,1.037,0.0011,"aoml_navis",1030.21615892421
"7901009",29,0,1,0.029904,1,0.007476,1,112.968341285906,1,4.8532947359476,686,1,9.45899963378906,35.1230010986328,0.0299040004611015,0,108.936698913574,-85.2676,22.7663,63.5882412260237,63,63,63,63,61,63,0,8764,2.04575969791764,23,-85,0.001869,51,2024-03-20 19:34:37.002088,686,1.037,0.0011,"aoml_navis",1030.22797337359
"7901009",29,0,1,0.033642,1,0.011214,1,112.935887282979,1,4.85324728409968,688,1,9.44400024414062,35.1209983825684,0.0336420014500618,0,108.905403137207,-85.2676,22.7663,63.5882412260237,63,63,63,63,61,63,0,8764,2.04575969791764,23,-85,0.001869,51,2024-03-20 19:34:37.002088,688,1.037,0.0011,"aoml_navis",1030.23804626257
"7901009",29,0,1,0.029904,1,0.007476,1,112.898448876871,1,4.85320038486448,690,1,9.43400001525879,35.1199989318848,0.0299040004611015,0,108.869300842285,-85.2676,22.7663,63.5882412260237,63,63,63,63,61,63,0,8764,2.04575969791764,23,-85,0.001869,51,2024-03-20 19:34:37.002088,690,1.037,0.0011,"aoml_navis",1030.24800203868
"7901009",29,0,1,0.031773,1,0.009345,1,112.839340184557,1,4.85316137118154,692,1,9.42899990081787,35.1180000305176,0.0317730009555817,0,108.812301635742,-85.2676,22.7663,63.5882412260237,63,63,63,63,61,63,0,8764,2.04575969791764,23,-85,0.001869,51,2024-03-20 19:34:37.002088,692,1.037,0.0011,"aoml_navis",1030.25628401528
"7901009",29,0,1,0.029904,1,0.007476,1,112.755032565056,1,4.85310830480967,694,1,9.40299987792969,35.1150016784668,0.0299040004611015,0,108.731002807617,-85.2676,22.7663,63.5882412260237,63,63,63,63,61,63,0,8764,2.04575969791764,23,-85,0.001869,51,2024-03-20 19:34:37.002088,694,1.037,0.0011,"aoml_navis",1030.26754936517
"7901009",29,0,1,0.028035,1,0.005607,1,112.780334345007,1,4.85304888917775,696,1,9.35200023651123,35.1080017089844,0.0280349999666214,0,108.755401611328,-85.2676,22.7663,63.5882412260237,63,63,63,63,61,63,0,8764,2.04575969791764,23,-85,0.001869,51,2024-03-20 19:34:37.002088,696,1.037,0.0011,"aoml_navis",1030.28016287863
"7901009",29,0,1,0.029904,1,0.007476,1,112.935159401879,1,4.85297063624066,698,1,9.27400016784668,35.0999984741211,0.0299040004611015,0,108.90470123291,-85.2676,22.7663,63.5882412260237,63,63,63,63,61,63,0,8764,2.04575969791764,23,-85,0.001869,51,2024-03-20 19:34:37.002088,698,1.037,0.0011,"aoml_navis",1030.29677588844
"7901009",29,0,1,0.028035,1,0.005607,1,113.052546052644,1,4.85290365353784,700,1,9.2180004119873,35.0940017700195,0.0280349999666214,0,109.01789855957,-85.2676,22.7663,63.5882412260237,63,63,63,63,61,63,0,8764,2.04575969791764,23,-85,0.001869,51,2024-03-20 19:34:37.002088,700,1.037,0.0011,"aoml_navis",1030.31099666587
"7901009",29,0,1,0.029904,1,0.007476,1,113.126172808188,1,4.85283931604251,702,1,9.16499996185303,35.0880012512207,0.0299040004611015,0,109.088897705078,-85.2676,22.7663,63.5882412260237,63,63,63,63,61,63,0,8764,2.04575969791764,23,-85,0.001869,51,2024-03-20 19:34:37.002088,702,1.037,0.0011,"aoml_navis",1030.32465622157
"7901009",29,0,1,0.026166,1,0.003738,1,113.216706975789,1,4.85278139980761,704,1,9.12399959564209,35.0830001831055,0.0261659994721413,0,109.176200866699,-85.2676,22.7663,63.5882412260237,63,63,63,63,61,63,0,8764,2.04575969791764,23,-85,0.001869,51,2024-03-20 19:34:37.002088,704,1.037,0.0011,"aoml_navis",1030.33695278304
"7901009",29,0,1,0.029904,1,0.007476,1,113.235165091058,1,4.85272616283069,706,1,9.09500026702881,35.0800018310547,0.0299040004611015,0,109.194000244141,-85.2676,22.7663,63.5882412260237,63,63,63,63,61,63,0,8764,2.04575969791764,23,-85,0.001869,51,2024-03-20 19:34:37.002088,706,1.037,0.0011,"aoml_navis",1030.3486807678
"7901009",29,0,1,0.028035,1,0.005607,1,113.237032264312,1,4.85267973729287,708,1,9.08100032806396,35.0779991149902,0.0280349999666214,0,109.19580078125,-85.2676,22.7663,63.5882412260237,63,63,63,63,61,63,0,8764,2.04575969791764,23,-85,0.001869,51,2024-03-20 19:34:37.002088,708,1.037,0.0011,"aoml_navis",1030.35853810318
"7901009",29,0,1,0.028035,1,0.005607,1,113.244287340052,1,4.85263129802035,710,1,9.06900024414062,35.0769996643066,0.0280349999666214,0,109.202796936035,-85.2676,22.7663,63.5882412260237,63,63,63,63,61,63,0,8764,2.04575969791764,23,-85,0.001869,51,2024-03-20 19:34:37.002088,710,1.037,0.0011,"aoml_navis",1030.36882320727
"7901009",29,0,1,0.029904,1,0.007476,1,113.318024860112,1,4.85257353656751,712,1,9.02799987792969,35.0719985961914,0.0299040004611015,0,109.273902893066,-85.2676,22.7663,63.5882412260237,63,63,63,63,61,63,0,8764,2.04575969791764,23,-85,0.001869,51,2024-03-20 19:34:37.002088,712,1.037,0.0011,"aoml_navis",1030.38108795705
"7901009",29,0,1,0.024297,1,0.001869,1,113.413527607391,1,4.85250675972398,714,1,8.97599983215332,35.0670013427734,0.0242970008403063,0,109.365997314453,-85.2676,22.7663,63.5882412260237,63,63,63,63,61,63,0,8764,2.04575969791764,23,-85,0.001869,51,2024-03-20 19:34:37.002088,714,1.037,0.0011,"aoml_navis",1030.39526734928
"7901009",29,0,1,0.028035,1,0.005607,1,113.423069179192,1,4.85246330884401,716,1,8.97000026702881,35.0660018920898,0.0280349999666214,0,109.375198364258,-85.2676,22.7663,63.5882412260237,63,63,63,63,61,63,0,8764,2.04575969791764,23,-85,0.001869,51,2024-03-20 19:34:37.002088,716,1.037,0.0011,"aoml_navis",1030.40449391695
"7901009",29,0,1,0.028035,1,0.005607,1,113.429082110013,1,4.85242069769993,718,1,8.96500015258789,35.064998626709,0.0280349999666214,0,109.380996704102,-85.2676,22.7663,63.5882412260237,63,63,63,63,61,63,0,8764,2.04575969791764,23,-85,0.001869,51,2024-03-20 19:34:37.002088,718,1.037,0.0011,"aoml_navis",1030.41354233157
"7901009",29,0,1,0.028035,1,0.005607,1,113.512464054638,1,4.85236316716286,720,1,8.93299961090088,35.0620002746582,0.0280349999666214,0,109.461402893066,-85.2676,22.7663,63.5882412260237,63,63,63,63,61,63,0,8764,2.04575969791764,23,-85,0.001869,51,2024-03-20 19:34:37.002088,720,1.037,0.0011,"aoml_navis",1030.42575910975
"7901009",29,0,1,0.028035,1,0.005607,1,113.585774340139,1,4.85231308742261,722,1,8.90999984741211,35.0589981079102,0.0280349999666214,0,109.532096862793,-85.2676,22.7663,63.5882412260237,63,63,63,63,61,63,0,8764,2.04575969791764,23,-85,0.001869,51,2024-03-20 19:34:37.002088,722,1.037,0.0011,"aoml_navis",1030.43639392524
"7901009",29,0,1,0.026166,1,0.003738,1,113.713644061084,1,4.85225562673634,724,1,8.87800025939941,35.0559997558594,0.0261659994721413,0,109.655403137207,-85.2676,22.7663,63.5882412260237,63,63,63,63,61,63,0,8764,2.04575969791764,23,-85,0.001869,51,2024-03-20 19:34:37.002088,724,1.037,0.0011,"aoml_navis",1030.44859641145
"7901009",29,0,1,0.026166,1,0.003738,1,113.842542309669,1,4.85220636864743,726,1,8.84700012207031,35.0509986877441,0.0261659994721413,0,109.77970123291,-85.2676,22.7663,63.5882412260237,63,63,63,63,61,63,0,8764,2.04575969791764,23,-85,0.001869,51,2024-03-20 19:34:37.002088,726,1.037,0.0011,"aoml_navis",1030.45905720489
"7901009",29,0,1,0.029904,1,0.007476,1,114.045067313798,1,4.85215347049404,728,1,8.81599998474121,35.0470008850098,0.0299040004611015,0,109.974998474121,-85.2676,22.7663,63.5882412260237,63,63,63,63,61,63,0,8764,2.04575969791764,23,-85,0.001869,51,2024-03-20 19:34:37.002088,728,1.037,0.0011,"aoml_navis",1030.47029126449
"7901009",29,0,1,0.029904,1,0.007476,1,114.449705911001,1,4.852061106468,730,1,8.71399974822998,35.0379981994629,0.0299040004611015,0,110.365196228027,-85.2676,22.7663,63.5882412260237,63,63,63,63,61,63,0,8764,2.04575969791764,23,-85,0.001869,51,2024-03-20 19:34:37.002088,730,1.037,0.0011,"aoml_navis",1030.48990733748
"7901009",29,0,1,0.026166,1,0.003738,1,114.782379220386,1,4.85198580965024,732,1,8.62800025939941,35.0279998779297,0.0261659994721413,0,110.685997009277,-85.2676,22.7663,63.5882412260237,63,63,63,63,61,63,0,8764,2.04575969791764,23,-85,0.001869,51,2024-03-20 19:34:37.002088,732,1.037,0.0011,"aoml_navis",1030.5058992661
"7901009",29,0,1,0.031773,1,0.009345,1,115.019439017976,1,4.85190826473412,734,1,8.55700016021729,35.0219993591309,0.0317730009555817,0,110.914596557617,-85.2676,22.7663,63.5882412260237,63,63,63,63,61,63,0,8764,2.04575969791764,23,-85,0.001869,51,2024-03-20 19:34:37.002088,734,1.037,0.0011,"aoml_navis",1030.52236917633
"7901009",29,0,1,0.033642,1,0.011214,1,115.196353683862,1,4.8518433395291,736,1,8.50599956512451,35.0169982910156,0.0336420014500618,0,111.08519744873,-85.2676,22.7663,63.5882412260237,63,63,63,63,61,63,0,8764,2.04575969791764,23,-85,0.001869,51,2024-03-20 19:34:37.002088,736,1.037,0.0011,"aoml_navis",1030.53615916735
"7901009",29,0,1,0.026166,1,0.003738,1,115.405413794383,1,4.85178446565715,738,1,8.46700000762939,35.0130004882812,0.0261659994721413,0,111.286796569824,-85.2676,22.7663,63.5882412260237,63,63,63,63,61,63,0,8764,2.04575969791764,23,-85,0.001869,51,2024-03-20 19:34:37.002088,738,1.037,0.0011,"aoml_navis",1030.54866418572
"7901009",29,0,1,0.026166,1,0.003738,1,115.484333511399,1,4.85171686785203,740,1,8.41699981689453,35.0089988708496,0.0261659994721413,0,111.362899780273,-85.2676,22.7663,63.5882412260237,63,63,63,63,61,63,0,8764,2.04575969791764,23,-85,0.001869,51,2024-03-20 19:34:37.002088,740,1.037,0.0011,"aoml_navis",1030.56302257259
"7901009",29,0,1,0.028035,1,0.005607,1,115.499476602965,1,4.85167509650864,742,1,8.41300010681152,35.007999420166,0.0280349999666214,0,111.377502441406,-85.2676,22.7663,63.5882412260237,63,63,63,63,61,63,0,8764,2.04575969791764,23,-85,0.001869,51,2024-03-20 19:34:37.002088,742,1.037,0.0011,"aoml_navis",1030.57189538477
"7901009",29,0,1,0.033642,1,0.011214,1,115.527887701091,1,4.85162646022149,744,1,8.40499973297119,35.007999420166,0.0336420014500618,0,111.404899597168,-85.2676,22.7663,63.5882412260237,63,63,63,63,61,63,0,8764,2.04575969791764,23,-85,0.001869,51,2024-03-20 19:34:37.002088,744,1.037,0.0011,"aoml_navis",1030.58222659865
"7901009",29,0,1,0.028035,1,0.005607,1,115.549146576241,1,4.85158229389578,746,1,8.39799976348877,35.0069999694824,0.0280349999666214,0,111.425399780273,-85.2676,22.7663,63.5882412260237,63,63,63,63,61,63,0,8764,2.04575969791764,23,-85,0.001869,51,2024-03-20 19:34:37.002088,746,1.037,0.0011,"aoml_navis",1030.59160849254
"7901009",29,0,1,0.024297,1,0.001869,1,115.549977310105,1,4.85153972821498,748,1,8.39299964904785,35.0060005187988,0.0242970008403063,0,111.426200866699,-85.2676,22.7663,63.5882412260237,63,63,63,63,61,63,0,8764,2.04575969791764,23,-85,0.001869,51,2024-03-20 19:34:37.002088,748,1.037,0.0011,"aoml_navis",1030.60065053608
"7901009",29,0,1,0.031773,1,0.009345,1,115.556718122024,1,4.85149316943569,750,1,8.38300037384033,35.0050010681152,0.0317730009555817,0,111.43270111084,-85.2676,22.7663,63.5882412260237,63,63,63,63,61,63,0,8764,2.04575969791764,23,-85,0.001869,51,2024-03-20 19:34:37.002088,750,1.037,0.0011,"aoml_navis",1030.61054099795
"7901009",29,0,1,0.028035,1,0.005607,1,115.595295820287,1,4.85144741184207,752,1,8.37399959564209,35.0040016174316,0.0280349999666214,0,111.469902038574,-85.2676,22.7663,63.5882412260237,63,63,63,63,61,63,0,8764,2.04575969791764,23,-85,0.001869,51,2024-03-20 19:34:37.002088,752,1.037,0.0011,"aoml_navis",1030.62026144926
"7901009",29,0,1,0.033642,1,0.011214,1,115.714961055363,1,4.85139384478485,754,1,8.3459997177124,35.0009994506836,0.0336420014500618,0,111.585296630859,-85.2676,22.7663,63.5882412260237,63,63,63,63,61,63,0,8764,2.04575969791764,23,-85,0.001869,51,2024-03-20 19:34:37.002088,754,1.037,0.0011,"aoml_navis",1030.63164112617
"7901009",29,0,1,0.031773,1,0.009345,1,115.852680906401,1,4.85132676292185,756,1,8.30099964141846,34.9980010986328,0.0317730009555817,0,111.718101501465,-85.2676,22.7663,63.5882412260237,63,63,63,63,61,63,0,8764,2.04575969791764,23,-85,0.001869,51,2024-03-20 19:34:37.002088,756,1.037,0.0011,"aoml_navis",1030.64589221539
"7901009",29,0,1,0.028035,1,0.005607,1,115.926932690281,1,4.85127358206629,758,1,8.27799987792969,34.9959983825684,0.0280349999666214,0,111.789703369141,-85.2676,22.7663,63.5882412260237,63,63,63,63,61,63,0,8764,2.04575969791764,23,-85,0.001869,51,2024-03-20 19:34:37.002088,758,1.037,0.0011,"aoml_navis",1030.65719040944
"7901009",29,0,1,0.028035,1,0.005607,1,115.994230044962,1,4.85122486839795,760,1,8.25599956512451,34.9930000305176,0.0280349999666214,0,111.854598999023,-85.2676,22.7663,63.5882412260237,63,63,63,63,61,63,0,8764,2.04575969791764,23,-85,0.001869,51,2024-03-20 19:34:37.002088,760,1.037,0.0011,"aoml_navis",1030.66753977356
"7901009",29,0,1,0.024297,1,0.001869,1,116.04970724353,1,4.85117567716266,762,1,8.23799991607666,34.9910011291504,0.0242970008403063,0,111.908096313477,-85.2676,22.7663,63.5882412260237,63,63,63,63,61,63,0,8764,2.04575969791764,23,-85,0.001869,51,2024-03-20 19:34:37.002088,762,1.037,0.0011,"aoml_navis",1030.6779908091
"7901009",29,0,1,0.024297,1,0.001869,1,116.113278163453,1,4.85111966008946,764,1,8.21599960327148,34.9900016784668,0.0242970008403063,0,111.969398498535,-85.2676,22.7663,63.5882412260237,63,63,63,63,61,63,0,8764,2.04575969791764,23,-85,0.001869,51,2024-03-20 19:34:37.002088,764,1.037,0.0011,"aoml_navis",1030.68989230165
"7901009",29,0,1,0.028035,1,0.005607,1,116.126759787292,1,4.85107713428613,766,1,8.21100044250488,34.9889984130859,0.0280349999666214,0,111.982398986816,-85.2676,22.7663,63.5882412260237,63,63,63,63,61,63,0,8764,2.04575969791764,23,-85,0.001869,51,2024-03-20 19:34:37.002088,766,1.037,0.0011,"aoml_navis",1030.6989275972
"7901009",29,0,1,0.028035,1,0.005607,1,116.190433559979,1,4.85102746876077,768,1,8.19699954986572,34.9879989624023,0.0280349999666214,0,112.043800354004,-85.2676,22.7663,63.5882412260237,63,63,63,63,61,63,0,8764,2.04575969791764,23,-85,0.001869,51,2024-03-20 19:34:37.002088,768,1.037,0.0011,"aoml_navis",1030.70948004285
"7901009",29,0,1,0.029904,1,0.007476,1,116.247572226274,1,4.85097066836619,770.099975585938,1,8.17199993133545,34.9860000610352,0.0299040004611015,0,112.098899841309,-85.2676,22.7663,63.5882412260237,63,63,63,63,61,63,0,8764,2.04575969791764,23,-85,0.001869,51,2024-03-20 19:34:37.002088,770.099975585938,1.037,0.0011,"aoml_navis",1030.72154870069
"7901009",29,0,1,0.028035,1,0.005607,1,116.334680605658,1,4.85092127394575,772,1,8.15100002288818,34.984001159668,0.0280349999666214,0,112.182899475098,-85.2676,22.7663,63.5882412260237,63,63,63,63,61,63,0,8764,2.04575969791764,23,-85,0.001869,51,2024-03-20 19:34:37.002088,772,1.037,0.0011,"aoml_navis",1030.7320440047
"7901009",29,0,1,0.029904,1,0.007476,1,116.469805402342,1,4.85086506521531,774,1,8.12399959564209,34.9819984436035,0.0299040004611015,0,112.313201904297,-85.2676,22.7663,63.5882412260237,63,63,63,63,61,63,0,8764,2.04575969791764,23,-85,0.001869,51,2024-03-20 19:34:37.002088,774,1.037,0.0011,"aoml_navis",1030.74398747022
"7901009",29,0,1,0.031773,1,0.009345,1,116.651696559656,1,4.85080545503897,776,1,8.08800029754639,34.9790000915527,0.0317730009555817,0,112.48860168457,-85.2676,22.7663,63.5882412260237,63,63,63,63,61,63,0,8764,2.04575969791764,23,-85,0.001869,51,2024-03-20 19:34:37.002088,776,1.037,0.0011,"aoml_navis",1030.75665399156
"7901009",29,0,1,0.031773,1,0.009345,1,116.88533056903,1,4.85074275575763,778,1,8.04800033569336,34.976001739502,0.0317730009555817,0,112.713897705078,-85.2676,22.7663,63.5882412260237,63,63,63,63,61,63,0,8764,2.04575969791764,23,-85,0.001869,51,2024-03-20 19:34:37.002088,778,1.037,0.0011,"aoml_navis",1030.76997725043
"7901009",29,0,1,0.028035,1,0.005607,1,117.150287200926,1,4.8506791052672,780,1,8.0019998550415,34.9720001220703,0.0280349999666214,0,112.969398498535,-85.2676,22.7663,63.5882412260237,63,63,63,63,61,63,0,8764,2.04575969791764,23,-85,0.001869,51,2024-03-20 19:34:37.002088,780,1.037,0.0011,"aoml_navis",1030.78350298841
"7901009",29,0,1,0.028035,1,0.005607,1,117.309780190935,1,4.85062358421236,782,1,7.97100019454956,34.9690017700195,0.0280349999666214,0,113.123199462891,-85.2676,22.7663,63.5882412260237,63,63,63,63,61,63,0,8764,2.04575969791764,23,-85,0.001869,51,2024-03-20 19:34:37.002088,782,1.037,0.0011,"aoml_navis",1030.79530151006
"7901009",29,0,1,0.029904,1,0.007476,1,117.460768048534,1,4.85056991063474,784,1,7.94700002670288,34.9669990539551,0.0299040004611015,0,113.268798828125,-85.2676,22.7663,63.5882412260237,63,63,63,63,61,63,0,8764,2.04575969791764,23,-85,0.001869,51,2024-03-20 19:34:37.002088,784,1.037,0.0011,"aoml_navis",1030.80670768968
"7901009",29,0,1,0.029904,1,0.007476,1,117.803188635248,1,4.85046424183537,786,1,7.84200000762939,34.9620018005371,0.0299040004611015,0,113.598999023438,-85.2676,22.7663,63.5882412260237,63,63,63,63,61,63,0,8764,2.04575969791764,23,-85,0.001869,51,2024-03-20 19:34:37.002088,786,1.037,0.0011,"aoml_navis",1030.82916411895
"7901009",29,0,1,0.028035,1,0.005607,1,118.004890817265,1,4.85039268215323,788,1,7.78999996185303,34.9589996337891,0.0280349999666214,0,113.793502807617,-85.2676,22.7663,63.5882412260237,63,63,63,63,61,63,0,8764,2.04575969791764,23,-85,0.001869,51,2024-03-20 19:34:37.002088,788,1.037,0.0011,"aoml_navis",1030.84437233242
"7901009",29,0,1,0.029904,1,0.007476,1,118.043049192721,1,4.85034864006894,790,1,7.78299999237061,34.9580001831055,0.0299040004611015,0,113.830299377441,-85.2676,22.7663,63.5882412260237,63,63,63,63,61,63,0,8764,2.04575969791764,23,-85,0.001869,51,2024-03-20 19:34:37.002088,790,1.037,0.0011,"aoml_navis",1030.85373259456
"7901009",29,0,1,0.031773,1,0.009345,1,118.161685900156,1,4.85030305379401,792,1,7.77400016784668,34.9570007324219,0.0317730009555817,0,113.944702148438,-85.2676,22.7663,63.5882412260237,63,63,63,63,61,63,0,8764,2.04575969791764,23,-85,0.001869,51,2024-03-20 19:34:37.002088,792,1.037,0.0011,"aoml_navis",1030.86342122249
"7901009",29,0,1,0.033642,1,0.011214,1,118.306447209655,1,4.85024165903741,794,1,7.7350001335144,34.9539985656738,0.0336420014500618,0,114.084297180176,-85.2676,22.7663,63.5882412260237,63,63,63,63,61,63,0,8764,2.04575969791764,23,-85,0.001869,51,2024-03-20 19:34:37.002088,794,1.037,0.0011,"aoml_navis",1030.8764699762
"7901009",29,0,1,0.024297,1,0.001869,1,118.423113891071,1,4.85018221215315,796,1,7.70800018310547,34.9529991149902,0.0242970008403063,0,114.196800231934,-85.2676,22.7663,63.5882412260237,63,63,63,63,61,63,0,8764,2.04575969791764,23,-85,0.001869,51,2024-03-20 19:34:37.002088,796,1.037,0.0011,"aoml_navis",1030.8891050467
"7901009",29,0,1,0.028035,1,0.005607,1,118.592559863938,1,4.85012261873431,798,1,7.67600011825562,34.951000213623,0.0280349999666214,0,114.360198974609,-85.2676,22.7663,63.5882412260237,63,63,63,63,61,63,0,8764,2.04575969791764,23,-85,0.001869,51,2024-03-20 19:34:37.002088,798,1.037,0.0011,"aoml_navis",1030.90177157311
"7901009",29,0,1,0.029904,1,0.007476,1,118.809191520242,1,4.85005922862846,800,1,7.63899993896484,34.9490013122559,0.0299040004611015,0,114.56909942627,-85.2676,22.7663,63.5882412260237,63,63,63,63,61,63,0,8764,2.04575969791764,23,-85,0.001869,51,2024-03-20 19:34:37.002088,800,1.037,0.0011,"aoml_navis",1030.9152454235
"7901009",29,0,1,0.029904,1,0.007476,1,118.97542532217,1,4.84999131506299,802,1,7.59600019454956,34.9469985961914,0.0299040004611015,0,114.729400634766,-85.2676,22.7663,63.5882412260237,63,63,63,63,61,63,0,8764,2.04575969791764,23,-85,0.001869,51,2024-03-20 19:34:37.002088,802,1.037,0.0011,"aoml_navis",1030.92968114626
"7901009",29,0,1,0.029904,1,0.007476,1,119.034739720012,1,4.84994654662128,804,1,7.58799982070923,34.9459991455078,0.0299040004611015,0,114.786598205566,-85.2676,22.7663,63.5882412260237,63,63,63,63,61,63,0,8764,2.04575969791764,23,-85,0.001869,51,2024-03-20 19:34:37.002088,804,1.037,0.0011,"aoml_navis",1030.93919735739
"7901009",29,0,1,0.026166,1,0.003738,1,119.155140747938,1,4.84990270081491,806,1,7.58599996566772,34.9459991455078,0.0261659994721413,0,114.902702331543,-85.2676,22.7663,63.5882412260237,63,63,63,63,61,63,0,8764,2.04575969791764,23,-85,0.001869,51,2024-03-20 19:34:37.002088,806,1.037,0.0011,"aoml_navis",1030.94851761869
"7901009",29,0,1,0.026166,1,0.003738,1,119.471634526365,1,4.84985013686583,808,1,7.56300020217896,34.9440002441406,0.0261659994721413,0,115.207901000977,-85.2676,22.7663,63.5882412260237,63,63,63,63,61,63,0,8764,2.04575969791764,23,-85,0.001869,51,2024-03-20 19:34:37.002088,808,1.037,0.0011,"aoml_navis",1030.95969130939
"7901009",29,0,1,0.029904,1,0.007476,1,119.995115536531,1,4.84977838288547,810,1,7.51000022888184,34.9410018920898,0.0299040004611015,0,115.712699890137,-85.2676,22.7663,63.5882412260237,63,63,63,63,61,63,0,8764,2.04575969791764,23,-85,0.001869,51,2024-03-20 19:34:37.002088,810,1.037,0.0011,"aoml_navis",1030.97494467884
"7901009",29,0,1,0.029904,1,0.007476,1,120.724033075223,1,4.84970448509307,812,1,7.4539999961853,34.9379997253418,0.0299040004611015,0,116.415603637695,-85.2676,22.7663,63.5882412260237,63,63,63,63,61,63,0,8764,2.04575969791764,23,-85,0.001869,51,2024-03-20 19:34:37.002088,812,1.037,0.0011,"aoml_navis",1030.99065424891
"7901009",29,0,1,0.028035,1,0.005607,1,121.668846477369,1,4.84964813080413,814,1,7.4210000038147,34.935001373291,0.0280349999666214,0,117.326698303223,-85.2676,22.7663,63.5882412260237,63,63,63,63,61,63,0,8764,2.04575969791764,23,-85,0.001869,51,2024-03-20 19:34:37.002088,814,1.037,0.0011,"aoml_navis",1031.00263465319
"7901009",29,0,1,0.031773,1,0.009345,1,122.901544766039,1,4.84955293397365,816,1,7.31699991226196,34.9280014038086,0.0317730009555817,0,118.515403747559,-85.2676,22.7663,63.5882412260237,63,63,63,63,61,63,0,8764,2.04575969791764,23,-85,0.001869,51,2024-03-20 19:34:37.002088,816,1.037,0.0011,"aoml_navis",1031.02287325753
"7901009",29,0,1,0.028035,1,0.005607,1,123.197918961472,1,4.84946286620609,818,1,7.22900009155273,34.9230003356934,0.0280349999666214,0,118.801200866699,-85.2676,22.7663,63.5882412260237,63,63,63,63,61,63,0,8764,2.04575969791764,23,-85,0.001869,51,2024-03-20 19:34:37.002088,818,1.037,0.0011,"aoml_navis",1031.04202216764
"7901009",29,0,1,0.029904,1,0.007476,1,123.219074983858,1,4.84941900204212,820,1,7.22700023651123,34.9230003356934,0.0299040004611015,0,118.821601867676,-85.2676,22.7663,63.5882412260237,63,63,63,63,61,63,0,8764,2.04575969791764,23,-85,0.001869,51,2024-03-20 19:34:37.002088,820,1.037,0.0011,"aoml_navis",1031.05134819129
"7901009",29,0,1,0.029904,1,0.007476,1,123.206526946646,1,4.84936989671204,822,1,7.21799993515015,34.9230003356934,0.0299040004611015,0,118.809501647949,-85.2676,22.7663,63.5882412260237,63,63,63,63,61,63,0,8764,2.04575969791764,23,-85,0.001869,51,2024-03-20 19:34:37.002088,822,1.037,0.0011,"aoml_navis",1031.06178874705
"7901009",29,0,1,0.029904,1,0.007476,1,123.36166056181,1,4.84932229196085,824,1,7.21099996566772,34.9230003356934,0.0299040004611015,0,118.959098815918,-85.2676,22.7663,63.5882412260237,63,63,63,63,61,63,0,8764,2.04575969791764,23,-85,0.001869,51,2024-03-20 19:34:37.002088,824,1.037,0.0011,"aoml_navis",1031.07191045828
"7901009",29,0,1,0.029904,1,0.007476,1,123.657726198951,1,4.84927468952591,826,1,7.2039999961853,34.9230003356934,0.0299040004611015,0,119.244598388672,-85.2676,22.7663,63.5882412260237,63,63,63,63,61,63,0,8764,2.04575969791764,23,-85,0.001869,51,2024-03-20 19:34:37.002088,826,1.037,0.0011,"aoml_navis",1031.08203187574
"7901009",29,0,1,0.029904,1,0.007476,1,124.065893437135,1,4.84922845221032,828,1,7.18900012969971,34.9210014343262,0.0299040004611015,0,119.638198852539,-85.2676,22.7663,63.5882412260237,63,63,63,63,61,63,0,8764,2.04575969791764,23,-85,0.001869,51,2024-03-20 19:34:37.002088,828,1.037,0.0011,"aoml_navis",1031.0918632264
"7901009",29,0,1,0.026166,1,0.003738,1,124.445127401622,1,4.84916580632486,830,1,7.15199995040894,34.9189987182617,0.0261659994721413,0,120.003898620605,-85.2676,22.7663,63.5882412260237,63,63,63,63,61,63,0,8764,2.04575969791764,23,-85,0.001869,51,2024-03-20 19:34:37.002088,830,1.037,0.0011,"aoml_navis",1031.1051837985
"7901009",29,0,1,0.026166,1,0.003738,1,124.654187512143,1,4.84910101794382,832,1,7.11700010299683,34.9179992675781,0.0261659994721413,0,120.205497741699,-85.2676,22.7663,63.5882412260237,63,63,63,63,61,63,0,8764,2.04575969791764,23,-85,0.001869,51,2024-03-20 19:34:37.002088,832,1.037,0.0011,"aoml_navis",1031.11896029755
"7901009",29,0,1,0.028035,1,0.005607,1,124.788070163908,1,4.84903483430008,834,1,7.08500003814697,34.9179992675781,0.0280349999666214,0,120.334602355957,-85.2676,22.7663,63.5882412260237,63,63,63,63,61,63,0,8764,2.04575969791764,23,-85,0.001869,51,2024-03-20 19:34:37.002088,834,1.037,0.0011,"aoml_navis",1031.13303386316
"7901009",29,0,1,0.026166,1,0.003738,1,124.868849142428,1,4.84897388650731,836,1,7.05999994277954,34.9179992675781,0.0261659994721413,0,120.412498474121,-85.2676,22.7663,63.5882412260237,63,63,63,63,61,63,0,8764,2.04575969791764,23,-85,0.001869,51,2024-03-20 19:34:37.002088,836,1.037,0.0011,"aoml_navis",1031.14599439542
"7901009",29,0,1,0.028035,1,0.005607,1,124.975974252042,1,4.84892186205819,838,1,7.04699993133545,34.9179992675781,0.0280349999666214,0,120.515800476074,-85.2676,22.7663,63.5882412260237,63,63,63,63,61,63,0,8764,2.04575969791764,23,-85,0.001869,51,2024-03-20 19:34:37.002088,838,1.037,0.0011,"aoml_navis",1031.15705763872
"7901009",29,0,1,0.026166,1,0.003738,1,125.017352710187,1,4.84886761946054,840,1,7.0310001373291,34.9179992675781,0.0261659994721413,0,120.555702209473,-85.2676,22.7663,63.5882412260237,63,63,63,63,61,63,0,8764,2.04575969791764,23,-85,0.001869,51,2024-03-20 19:34:37.002088,840,1.037,0.0011,"aoml_navis",1031.16859283452
"7901009",29,0,1,0.028035,1,0.005607,1,125.16543695514,1,4.84881708995169,842,1,7.01999998092651,34.9179992675781,0.0280349999666214,0,120.698501586914,-85.2676,22.7663,63.5882412260237,63,63,63,63,61,63,0,8764,2.04575969791764,23,-85,0.001869,51,2024-03-20 19:34:37.002088,842,1.037,0.0011,"aoml_navis",1031.17933863944
"7901009",29,0,1,0.029904,1,0.007476,1,125.392749475401,1,4.8487658242059,844,1,7.00799989700317,34.9179992675781,0.0299040004611015,0,120.917701721191,-85.2676,22.7663,63.5882412260237,63,63,63,63,61,63,0,8764,2.04575969791764,23,-85,0.001869,51,2024-03-20 19:34:37.002088,844,1.037,0.0011,"aoml_navis",1031.1902412443
"7901009",29,0,1,0.026166,1,0.003738,1,125.717851239002,1,4.84870788046459,846,1,6.98199987411499,34.9169998168945,0.0261659994721413,0,121.231201171875,-85.2676,22.7663,63.5882412260237,63,63,63,63,61,63,0,8764,2.04575969791764,23,-85,0.001869,51,2024-03-20 19:34:37.002088,846,1.037,0.0011,"aoml_navis",1031.20256432543
"7901009",29,0,1,0.031773,1,0.009345,1,125.866244042247,1,4.84864702620402,848,1,6.95699977874756,34.9169998168945,0.0317730009555817,0,121.374298095703,-85.2676,22.7663,63.5882412260237,63,63,63,63,61,63,0,8764,2.04575969791764,23,-85,0.001869,51,2024-03-20 19:34:37.002088,848,1.037,0.0011,"aoml_navis",1031.21550671311
"7901009",29,0,1,0.029904,1,0.007476,1,125.910628965802,1,4.84860389090505,850,1,6.95100021362305,34.9160003662109,0.0299040004611015,0,121.417098999023,-85.2676,22.7663,63.5882412260237,63,63,63,63,61,63,0,8764,2.04575969791764,23,-85,0.001869,51,2024-03-20 19:34:37.002088,850,1.037,0.0011,"aoml_navis",1031.22468085688
"7901009",29,0,1,0.029904,1,0.007476,1,126.043783736468,1,4.84855855887441,852,1,6.94700002670288,34.9160003662109,0.0299040004611015,0,121.545501708984,-85.2676,22.7663,63.5882412260237,63,63,63,63,61,63,0,8764,2.04575969791764,23,-85,0.001869,51,2024-03-20 19:34:37.002088,852,1.037,0.0011,"aoml_navis",1031.234322384
"7901009",29,0,1,0.033642,1,0.011214,1,126.226189157602,1,4.84850511014682,854,1,6.93200016021729,34.9160003662109,0.0336420014500618,0,121.721397399902,-85.2676,22.7663,63.5882412260237,63,63,63,63,61,63,0,8764,2.04575969791764,23,-85,0.001869,51,2024-03-20 19:34:37.002088,854,1.037,0.0011,"aoml_navis",1031.24569045748
"7901009",29,0,1,0.028035,1,0.005607,1,126.475899845169,1,4.84845609339781,856,1,6.9229998588562,34.9160003662109,0.0280349999666214,0,121.962196350098,-85.2676,22.7663,63.5882412260237,63,63,63,63,61,63,0,8764,2.04575969791764,23,-85,0.001869,51,2024-03-20 19:34:37.002088,856,1.037,0.0011,"aoml_navis",1031.2561161085
"7901009",29,0,1,0.020559,1,-0.001869,1,126.794782972422,1,4.84839823600481,858,1,6.90199995040894,34.9160003662109,0.020558999851346,0,122.26969909668,-85.2676,22.7663,63.5882412260237,63,63,63,63,61,63,0,8764,2.04575969791764,23,-85,0.001869,51,2024-03-20 19:34:37.002088,858,1.037,0.0011,"aoml_navis",1031.2684223976
"7901009",29,0,1,0.031773,1,0.009345,1,127.292131468773,1,4.84834701363536,860,1,6.88500022888184,34.9150009155273,0.0317730009555817,0,122.749298095703,-85.2676,22.7663,63.5882412260237,63,63,63,63,61,63,0,8764,2.04575969791764,23,-85,0.001869,51,2024-03-20 19:34:37.002088,860,1.037,0.0011,"aoml_navis",1031.27931765984
"7901009",29,0,1,0.026166,1,0.003738,1,127.935807801336,1,4.8482847757011,862,1,6.85300016403198,34.9140014648438,0.0261659994721413,0,123.370002746582,-85.2676,22.7663,63.5882412260237,63,63,63,63,61,63,0,8764,2.04575969791764,23,-85,0.001869,51,2024-03-20 19:34:37.002088,862,1.037,0.0011,"aoml_navis",1031.29255629935
"7901009",29,0,1,0.029904,1,0.007476,1,128.426312633003,1,4.84820427548633,864,1,6.7960000038147,34.9129981994629,0.0299040004611015,0,123.843002319336,-85.2676,22.7663,63.5882412260237,63,63,63,63,61,63,0,8764,2.04575969791764,23,-85,0.001869,51,2024-03-20 19:34:37.002088,864,1.037,0.0011,"aoml_navis",1031.30968001517
"7901009",29,0,1,0.026166,1,0.003738,1,128.620229651958,1,4.8481567774216,866,1,6.78399991989136,34.9119987487793,0.0261659994721413,0,124.029998779297,-85.2676,22.7663,63.5882412260237,63,63,63,63,61,63,0,8764,2.04575969791764,23,-85,0.001869,51,2024-03-20 19:34:37.002088,866,1.037,0.0011,"aoml_navis",1031.31978389922
"7901009",29,0,1,0.026166,1,0.003738,1,128.80554659749,1,4.84810853455899,868,1,6.77600002288818,34.9119987487793,0.0261659994721413,0,124.208702087402,-85.2676,22.7663,63.5882412260237,63,63,63,63,61,63,0,8764,2.04575969791764,23,-85,0.001869,51,2024-03-20 19:34:37.002088,868,1.037,0.0011,"aoml_navis",1031.33004642084
"7901009",29,0,1,0.026166,1,0.003738,1,128.925631155372,1,4.84806175685394,870,1,6.76999998092651,34.9119987487793,0.0261659994721413,0,124.324501037598,-85.2676,22.7663,63.5882412260237,63,63,63,63,61,63,0,8764,2.04575969791764,23,-85,0.001869,51,2024-03-20 19:34:37.002088,870,1.037,0.0011,"aoml_navis",1031.33999746007
"7901009",29,0,1,0.028035,1,0.005607,1,129.047788592038,1,4.84802231332468,872,1,6.76900005340576,34.9109992980957,0.0280349999666214,0,124.44229888916,-85.2676,22.7663,63.5882412260237,63,63,63,63,61,63,0,8764,2.04575969791764,23,-85,0.001869,51,2024-03-20 19:34:37.002088,872,1.037,0.0011,"aoml_navis",1031.34838844648
"7901009",29,0,1,0.028035,1,0.005607,1,129.373926795031,1,4.84797261381157,874,1,6.75899982452393,34.9109992980957,0.0280349999666214,0,124.756797790527,-85.2676,22.7663,63.5882412260237,63,63,63,63,61,63,0,8764,2.04575969791764,23,-85,0.001869,51,2024-03-20 19:34:37.002088,874,1.037,0.0011,"aoml_navis",1031.35896142551
"7901009",29,0,1,0.028035,1,0.005607,1,129.679850474016,1,4.84792578896555,875.900024414062,1,6.74499988555908,34.9099998474121,0.0280349999666214,0,125.051803588867,-85.2676,22.7663,63.5882412260237,63,63,63,63,61,63,0,8764,2.04575969791764,23,-85,0.001869,51,2024-03-20 19:34:37.002088,875.900024414062,1.037,0.0011,"aoml_navis",1031.36892305171
"7901009",29,0,1,0.033642,1,0.011214,1,130.07100744738,1,4.84788057629241,878,1,6.73899984359741,34.9090003967285,0.0336420014500618,0,125.429000854492,-85.2676,22.7663,63.5882412260237,63,63,63,63,61,63,0,8764,2.04575969791764,23,-85,0.001869,51,2024-03-20 19:34:37.002088,878,1.037,0.0011,"aoml_navis",1031.37854188313
"7901009",29,0,1,0.028035,1,0.005607,1,130.614813746068,1,4.84782945252764,880,1,6.72200012207031,34.9080009460449,0.0280349999666214,0,125.953399658203,-85.2676,22.7663,63.5882412260237,63,63,63,63,61,63,0,8764,2.04575969791764,23,-85,0.001869,51,2024-03-20 19:34:37.002088,880,1.037,0.0011,"aoml_navis",1031.38941849388
"7901009",29,0,1,0.028035,1,0.005607,1,131.044548417695,1,4.84776664442409,882,1,6.69399976730347,34.9080009460449,0.0280349999666214,0,126.367797851562,-85.2676,22.7663,63.5882412260237,63,63,63,63,61,63,0,8764,2.04575969791764,23,-85,0.001869,51,2024-03-20 19:34:37.002088,882,1.037,0.0011,"aoml_navis",1031.40278126857
"7901009",29,0,1,0.029904,1,0.007476,1,131.476980996439,1,4.84770754240208,884,1,6.66599988937378,34.9070014953613,0.0299040004611015,0,126.784797668457,-85.2676,22.7663,63.5882412260237,63,63,63,63,61,63,0,8764,2.04575969791764,23,-85,0.001869,51,2024-03-20 19:34:37.002088,884,1.037,0.0011,"aoml_navis",1031.41535586993
"7901009",29,0,1,0.03738,1,0.014952,1,131.877687453355,1,4.84765351531828,886,1,6.65000009536743,34.9070014953613,0.0373799987137318,0,127.171203613281,-85.2676,22.7663,63.5882412260237,63,63,63,63,61,63,0,8764,2.04575969791764,23,-85,0.001869,51,2024-03-20 19:34:37.002088,886,1.037,0.0011,"aoml_navis",1031.42685099096
"7901009",29,0,1,0.033642,1,0.011214,1,132.28564107426,1,4.84760972572669,888,1,6.64300012588501,34.9059982299805,0.0336420014500618,0,127.564598083496,-85.2676,22.7663,63.5882412260237,63,63,63,63,61,63,0,8764,2.04575969791764,23,-85,0.001869,51,2024-03-20 19:34:37.002088,888,1.037,0.0011,"aoml_navis",1031.43616811076
"7901009",29,0,1,0.029904,1,0.007476,1,132.840864029756,1,4.84755072422889,890,1,6.6100001335144,34.9039993286133,0.0299040004611015,0,128.100006103516,-85.2676,22.7663,63.5882412260237,63,63,63,63,61,63,0,8764,2.04575969791764,23,-85,0.001869,51,2024-03-20 19:34:37.002088,890,1.037,0.0011,"aoml_navis",1031.44872213696
"7901009",29,0,1,0.031773,1,0.009345,1,133.152792727811,1,4.8474931058069,892,1,6.58900022506714,34.9039993286133,0.0317730009555817,0,128.400802612305,-85.2676,22.7663,63.5882412260237,63,63,63,63,61,63,0,8764,2.04575969791764,23,-85,0.001869,51,2024-03-20 19:34:37.002088,892,1.037,0.0011,"aoml_navis",1031.46098217456
"7901009",29,0,1,0.029904,1,0.007476,1,133.364748539227,1,4.84743917897878,894,1,6.56799983978271,34.9029998779297,0.0299040004611015,0,128.605194091797,-85.2676,22.7663,63.5882412260237,63,63,63,63,61,63,0,8764,2.04575969791764,23,-85,0.001869,51,2024-03-20 19:34:37.002088,894,1.037,0.0011,"aoml_navis",1031.47245697951
"7901009",29,0,1,0.029904,1,0.007476,1,133.444182520064,1,4.84739316445418,896,1,6.56300020217896,34.9029998779297,0.0299040004611015,0,128.681793212891,-85.2676,22.7663,63.5882412260237,63,63,63,63,61,63,0,8764,2.04575969791764,23,-85,0.001869,51,2024-03-20 19:34:37.002088,896,1.037,0.0011,"aoml_navis",1031.48224836906
"7901009",29,0,1,0.029904,1,0.007476,1,133.583872397121,1,4.84734787495515,898,1,6.55900001525879,34.9029998779297,0.0299040004611015,0,128.816497802734,-85.2676,22.7663,63.5882412260237,63,63,63,63,61,63,0,8764,2.04575969791764,23,-85,0.001869,51,2024-03-20 19:34:37.002088,898,1.037,0.0011,"aoml_navis",1031.49188566258
"7901009",29,0,1,0.029904,1,0.007476,1,133.777694475063,1,4.84730403475575,900,1,6.55700016021729,34.9029998779297,0.0299040004611015,0,129.003402709961,-85.2676,22.7663,63.5882412260237,63,63,63,63,61,63,0,8764,2.04575969791764,23,-85,0.001869,51,2024-03-20 19:34:37.002088,900,1.037,0.0011,"aoml_navis",1031.50121472666
"7901009",29,0,1,0.028035,1,0.005607,1,134.060792752185,1,4.84725663655064,902,1,6.54500007629395,34.9020004272461,0.0280349999666214,0,129.276397705078,-85.2676,22.7663,63.5882412260237,63,63,63,63,61,63,0,8764,2.04575969791764,23,-85,0.001869,51,2024-03-20 19:34:37.002088,902,1.037,0.0011,"aoml_navis",1031.51130111363
"7901009",29,0,1,0.031773,1,0.009345,1,134.46149129735,1,4.84720123149537,904,1,6.52699995040894,34.9020004272461,0.0317730009555817,0,129.662796020508,-85.2676,22.7663,63.5882412260237,63,63,63,63,61,63,0,8764,2.04575969791764,23,-85,0.001869,51,2024-03-20 19:34:37.002088,904,1.037,0.0011,"aoml_navis",1031.52309161662
"7901009",29,0,1,0.029904,1,0.007476,1,134.918189216655,1,4.84714367272419,906,1,6.50600004196167,34.9020004272461,0.0299040004611015,0,130.10319519043,-85.2676,22.7663,63.5882412260237,63,63,63,63,61,63,0,8764,2.04575969791764,23,-85,0.001869,51,2024-03-20 19:34:37.002088,906,1.037,0.0011,"aoml_navis",1031.53534072777
"7901009",29,0,1,0.029904,1,0.007476,1,135.329995860335,1,4.84709629569021,908,1,6.49399995803833,34.9010009765625,0.0299040004611015,0,130.500305175781,-85.2676,22.7663,63.5882412260237,63,63,63,63,61,63,0,8764,2.04575969791764,23,-85,0.001869,51,2024-03-20 19:34:37.002088,908,1.037,0.0011,"aoml_navis",1031.54542327656
"7901009",29,0,1,0.026166,1,0.003738,1,135.856174777619,1,4.84702356412038,910,1,6.45699977874756,34.9020004272461,0.0261659994721413,0,131.007705688477,-85.2676,22.7663,63.5882412260237,63,63,63,63,61,63,0,8764,2.04575969791764,23,-85,0.001869,51,2024-03-20 19:34:37.002088,910,1.037,0.0011,"aoml_navis",1031.56090203729
"7901009",29,0,1,0.031773,1,0.009345,1,136.20304176844,1,4.84695600025721,912,1,6.42199993133545,34.9020004272461,0.0317730009555817,0,131.342193603516,-85.2676,22.7663,63.5882412260237,63,63,63,63,61,63,0,8764,2.04575969791764,23,-85,0.001869,51,2024-03-20 19:34:37.002088,912,1.037,0.0011,"aoml_navis",1031.57528142089
"7901009",29,0,1,0.028035,1,0.005607,1,136.324898558564,1,4.84690641776509,914,1,6.41200017929077,34.9020004272461,0.0280349999666214,0,131.459701538086,-85.2676,22.7663,63.5882412260237,63,63,63,63,61,63,0,8764,2.04575969791764,23,-85,0.001869,51,2024-03-20 19:34:37.002088,914,1.037,0.0011,"aoml_navis",1031.58583414645
"7901009",29,0,1,0.033642,1,0.011214,1,136.49133015427,1,4.84686042721707,916,1,6.40700006484985,34.9020004272461,0.0336420014500618,0,131.620193481445,-85.2676,22.7663,63.5882412260237,63,63,63,63,61,63,0,8764,2.04575969791764,23,-85,0.001869,51,2024-03-20 19:34:37.002088,916,1.037,0.0011,"aoml_navis",1031.5956225855
"7901009",29,0,1,0.028035,1,0.005607,1,136.773716373794,1,4.84681156764441,918,1,6.39799976348877,34.9020004272461,0.0280349999666214,0,131.892501831055,-85.2676,22.7663,63.5882412260237,63,63,63,63,61,63,0,8764,2.04575969791764,23,-85,0.001869,51,2024-03-20 19:34:37.002088,918,1.037,0.0011,"aoml_navis",1031.60602185945
"7901009",29,0,1,0.028035,1,0.005607,1,137.113747611683,1,4.84675625757862,920,1,6.38000011444092,34.9020004272461,0.0280349999666214,0,132.220397949219,-85.2676,22.7663,63.5882412260237,63,63,63,63,61,63,0,8764,2.04575969791764,23,-85,0.001869,51,2024-03-20 19:34:37.002088,920,1.037,0.0011,"aoml_navis",1031.6177943097
"7901009",29,0,1,0.029904,1,0.007476,1,137.500236651909,1,4.84670239113621,922,1,6.36399984359741,34.9020004272461,0.0299040004611015,0,132.59309387207,-85.2676,22.7663,63.5882412260237,63,63,63,63,61,63,0,8764,2.04575969791764,23,-85,0.001869,51,2024-03-20 19:34:37.002088,922,1.037,0.0011,"aoml_navis",1031.62925975074
"7901009",29,0,1,0.029904,1,0.007476,1,137.84629664412,1,4.84663055358579,924,1,6.32800006866455,34.9029998779297,0.0299040004611015,0,132.926803588867,-85.2676,22.7663,63.5882412260237,63,63,63,63,61,63,0,8764,2.04575969791764,23,-85,0.001869,51,2024-03-20 19:34:37.002088,924,1.037,0.0011,"aoml_navis",1031.64455072829
"7901009",29,0,1,0.031773,1,0.009345,1,138.148272359317,1,4.84657600293738,926,1,6.31099987030029,34.9029998779297,0.0317730009555817,0,133.218002319336,-85.2676,22.7663,63.5882412260237,63,63,63,63,61,63,0,8764,2.04575969791764,23,-85,0.001869,51,2024-03-20 19:34:37.002088,926,1.037,0.0011,"aoml_navis",1031.65616240613
"7901009",29,0,1,0.029904,1,0.007476,1,138.356715353254,1,4.8465163595557,928,1,6.29199981689453,34.9039993286133,0.0299040004611015,0,133.419006347656,-85.2676,22.7663,63.5882412260237,63,63,63,63,61,63,0,8764,2.04575969791764,23,-85,0.001869,51,2024-03-20 19:34:37.002088,928,1.037,0.0011,"aoml_navis",1031.66885842481
"7901009",29,0,1,0.031773,1,0.009345,1,138.463618933838,1,4.84646896035149,930,1,6.28499984741211,34.9039993286133,0.0317730009555817,0,133.522094726562,-85.2676,22.7663,63.5882412260237,63,63,63,63,61,63,0,8764,2.04575969791764,23,-85,0.001869,51,2024-03-20 19:34:37.002088,930,1.037,0.0011,"aoml_navis",1031.6789483033
"7901009",29,0,1,0.029904,1,0.007476,1,138.627471298692,1,4.84642156340551,932,1,6.27799987792969,34.9039993286133,0.0299040004611015,0,133.680099487305,-85.2676,22.7663,63.5882412260237,63,63,63,63,61,63,0,8764,2.04575969791764,23,-85,0.001869,51,2024-03-20 19:34:37.002088,932,1.037,0.0011,"aoml_navis",1031.68903789842
"7901009",29,0,1,0.031773,1,0.009345,1,138.856437374928,1,4.8463785576715,934,1,6.27199983596802,34.9029998779297,0.0317730009555817,0,133.900894165039,-85.2676,22.7663,63.5882412260237,63,63,63,63,61,63,0,8764,2.04575969791764,23,-85,0.001869,51,2024-03-20 19:34:37.002088,934,1.037,0.0011,"aoml_navis",1031.69819288783
"7901009",29,0,1,0.033642,1,0.011214,1,139.322376219494,1,4.84632332760535,936,1,6.25400018692017,34.9029998779297,0.0336420014500618,0,134.350204467773,-85.2676,22.7663,63.5882412260237,63,63,63,63,61,63,0,8764,2.04575969791764,23,-85,0.001869,51,2024-03-20 19:34:37.002088,936,1.037,0.0011,"aoml_navis",1031.70995041113
"7901009",29,0,1,0.031773,1,0.009345,1,139.735622801871,1,4.84625518645116,938,1,6.22300004959106,34.9039993286133,0.0317730009555817,0,134.74870300293,-85.2676,22.7663,63.5882412260237,63,63,63,63,61,63,0,8764,2.04575969791764,23,-85,0.001869,51,2024-03-20 19:34:37.002088,938,1.037,0.0011,"aoml_navis",1031.72445685045
"7901009",29,0,1,0.026166,1,0.003738,1,139.96262676384,1,4.8461948915092,940,1,6.20300006866455,34.9049987792969,0.0261659994721413,0,134.96760559082,-85.2676,22.7663,63.5882412260237,63,63,63,63,61,63,0,8764,2.04575969791764,23,-85,0.001869,51,2024-03-20 19:34:37.002088,940,1.037,0.0011,"aoml_navis",1031.73729326492
"7901009",29,0,1,0.026166,1,0.003738,1,140.162873183658,1,4.84614467339145,942,1,6.19199991226196,34.9049987792969,0.0261659994721413,0,135.160705566406,-85.2676,22.7663,63.5882412260237,63,63,63,63,61,63,0,8764,2.04575969791764,23,-85,0.001869,51,2024-03-20 19:34:37.002088,942,1.037,0.0011,"aoml_navis",1031.74798463061
"7901009",29,0,1,0.029904,1,0.007476,1,140.371300354093,1,4.84609587874625,944,1,6.18300008773804,34.9049987792969,0.0299040004611015,0,135.361694335938,-85.2676,22.7663,63.5882412260237,63,63,63,63,61,63,0,8764,2.04575969791764,23,-85,0.001869,51,2024-03-20 19:34:37.002088,944,1.037,0.0011,"aoml_navis",1031.75837315327
"7901009",29,0,1,0.026166,1,0.003738,1,140.655965157928,1,4.84604566844754,946,1,6.17199993133545,34.9049987792969,0.0261659994721413,0,135.636199951172,-85.2676,22.7663,63.5882412260237,63,63,63,63,61,63,0,8764,2.04575969791764,23,-85,0.001869,51,2024-03-20 19:34:37.002088,946,1.037,0.0011,"aoml_navis",1031.7690632911
"7901009",29,0,1,0.028035,1,0.005607,1,140.988116291742,1,4.84599617155689,948,1,6.16200017929077,34.9049987792969,0.0280349999666214,0,135.956497192383,-85.2676,22.7663,63.5882412260237,63,63,63,63,61,63,0,8764,2.04575969791764,23,-85,0.001869,51,2024-03-20 19:34:37.002088,948,1.037,0.0011,"aoml_navis",1031.77960175598
"7901009",29,0,1,0.028035,1,0.005607,1,141.373054628757,1,4.84594880410682,950,1,6.15500020980835,34.9049987792969,0.0280349999666214,0,136.327697753906,-85.2676,22.7663,63.5882412260237,63,63,63,63,61,63,0,8764,2.04575969791764,23,-85,0.001869,51,2024-03-20 19:34:37.002088,950,1.037,0.0011,"aoml_navis",1031.78968703974
"7901009",29,0,1,0.028035,1,0.005607,1,141.98074040566,1,4.84588656921982,952,1,6.1269998550415,34.9049987792969,0.0280349999666214,0,136.913696289062,-85.2676,22.7663,63.5882412260237,63,63,63,63,61,63,0,8764,2.04575969791764,23,-85,0.001869,51,2024-03-20 19:34:37.002088,952,1.037,0.0011,"aoml_navis",1031.80293813707
"7901009",29,0,1,0.024297,1,0.001869,1,142.479133253153,1,4.84581927598698,954,1,6.09700012207031,34.9059982299805,0.0242970008403063,0,137.394302368164,-85.2676,22.7663,63.5882412260237,63,63,63,63,61,63,0,8764,2.04575969791764,23,-85,0.001869,51,2024-03-20 19:34:37.002088,954,1.037,0.0011,"aoml_navis",1031.81726664406
"7901009",29,0,1,0.028035,1,0.005607,1,142.819781607626,1,4.84576133549581,956,1,6.07499980926514,34.9059982299805,0.0280349999666214,0,137.722793579102,-85.2676,22.7663,63.5882412260237,63,63,63,63,61,63,0,8764,2.04575969791764,23,-85,0.001869,51,2024-03-20 19:34:37.002088,956,1.037,0.0011,"aoml_navis",1031.82960402411
"7901009",29,0,1,0.031773,1,0.009345,1,143.022528140785,1,4.84570975554318,958,1,6.06199979782104,34.9059982299805,0.0317730009555817,0,137.918304443359,-85.2676,22.7663,63.5882412260237,63,63,63,63,61,63,0,8764,2.04575969791764,23,-85,0.001869,51,2024-03-20 19:34:37.002088,958,1.037,0.0011,"aoml_navis",1031.84058729071
"7901009",29,0,1,0.033642,1,0.011214,1,143.231793956834,1,4.84566452403543,960,1,6.05800008773804,34.9059982299805,0.0336420014500618,0,138.120101928711,-85.2676,22.7663,63.5882412260237,63,63,63,63,61,63,0,8764,2.04575969791764,23,-85,0.001869,51,2024-03-20 19:34:37.002088,960,1.037,0.0011,"aoml_navis",1031.85021893262
"7901009",29,0,1,0.028035,1,0.005607,1,143.571002372611,1,4.84561717955863,962,1,6.05100011825562,34.9059982299805,0.0280349999666214,0,138.447204589844,-85.2676,22.7663,63.5882412260237,63,63,63,63,61,63,0,8764,2.04575969791764,23,-85,0.001869,51,2024-03-20 19:34:37.002088,962,1.037,0.0011,"aoml_navis",1031.86030070486
"7901009",29,0,1,0.029904,1,0.007476,1,143.992129059063,1,4.84555997741093,964,1,6.03000020980835,34.9059982299805,0.0299040004611015,0,138.853302001953,-85.2676,22.7663,63.5882412260237,63,63,63,63,61,63,0,8764,2.04575969791764,23,-85,0.001869,51,2024-03-20 19:34:37.002088,964,1.037,0.0011,"aoml_navis",1031.87248188218
"7901009",29,0,1,0.031773,1,0.009345,1,144.360579306828,1,4.84550121016689,966,1,6.01200008392334,34.9070014953613,0.0317730009555817,0,139.208602905273,-85.2676,22.7663,63.5882412260237,63,63,63,63,61,63,0,8764,2.04575969791764,23,-85,0.001869,51,2024-03-20 19:34:37.002088,966,1.037,0.0011,"aoml_navis",1031.88499664574
"7901009",29,0,1,0.028035,1,0.005607,1,144.571807237145,1,4.84545246993752,968,1,6.00299978256226,34.9070014953613,0.0280349999666214,0,139.412292480469,-85.2676,22.7663,63.5882412260237,63,63,63,63,61,63,0,8764,2.04575969791764,23,-85,0.001869,51,2024-03-20 19:34:37.002088,968,1.037,0.0011,"aoml_navis",1031.89537633922
"7901009",29,0,1,0.028035,1,0.005607,1,144.87120372149,1,4.84540865353963,970,1,6.00099992752075,34.9070014953613,0.0280349999666214,0,139.70100402832,-85.2676,22.7663,63.5882412260237,63,63,63,63,61,63,0,8764,2.04575969791764,23,-85,0.001869,51,2024-03-20 19:34:37.002088,970,1.037,0.0011,"aoml_navis",1031.9047076344
"7901009",29,0,1,0.031773,1,0.009345,1,145.350086190821,1,4.84536272955872,972,1,5.99599981307983,34.9070014953613,0.0317730009555817,0,140.162796020508,-85.2676,22.7663,63.5882412260237,63,63,63,63,61,63,0,8764,2.04575969791764,23,-85,0.001869,51,2024-03-20 19:34:37.002088,972,1.037,0.0011,"aoml_navis",1031.91448794905
"7901009",29,0,1,0.029904,1,0.007476,1,145.886645325521,1,4.84530907771356,974,1,5.98000001907349,34.9070014953613,0.0299040004611015,0,140.680206298828,-85.2676,22.7663,63.5882412260237,63,63,63,63,61,63,0,8764,2.04575969791764,23,-85,0.001869,51,2024-03-20 19:34:37.002088,974,1.037,0.0011,"aoml_navis",1031.92591428232
"7901009",29,0,1,0.031773,1,0.009345,1,146.350811937845,1,4.84525332931389,976,1,5.96099996566772,34.9070014953613,0.0317730009555817,0,141.127807617188,-85.2676,22.7663,63.5882412260237,63,63,63,63,61,63,0,8764,2.04575969791764,23,-85,0.001869,51,2024-03-20 19:34:37.002088,976,1.037,0.0011,"aoml_navis",1031.93778739078
"7901009",29,0,1,0.029904,1,0.007476,1,146.501277619872,1,4.84520600904043,978,1,5.9539999961853,34.9070014953613,0.0299040004611015,0,141.272903442383,-85.2676,22.7663,63.5882412260237,63,63,63,63,61,63,0,8764,2.04575969791764,23,-85,0.001869,51,2024-03-20 19:34:37.002088,978,1.037,0.0011,"aoml_navis",1031.94786571938
"7901009",29,0,1,0.035511,1,0.013083,1,151.007811034674,1,4.84463577387383,999.799987792969,1,5.8206000328064,34.9109992980957,0.0355109982192516,0,145.618606567383,-85.2676,22.7663,63.5882412260237,63,63,63,63,61,63,0,8764,2.04575969791764,23,-85,0.001869,51,2024-03-20 19:34:37.002088,999.799987792969,1.037,0.0011,"aoml_navis",1032.06933057053
"7901009",29,0,1,0.031773,1,0.009345,1,158.068273521395,1,4.84341268228682,1049,1,5.58750009536743,34.9160003662109,0.0317730009555817,0,152.427093505859,-85.2676,22.7663,63.5882412260237,63,63,63,63,61,63,0,8764,2.04575969791764,23,-85,0.001869,51,2024-03-20 19:34:37.002088,1049,1.037,0.0011,"aoml_navis",1032.32995575327
"7901009",29,0,1,0.033642,1,0.011214,1,169.193413948637,1,4.84204171845624,1100.19995117188,1,5.23979997634888,34.9290008544922,0.0336420014500618,0,163.155197143555,-85.2676,22.7663,63.5882412260237,63,63,63,63,61,63,0,8764,2.04575969791764,23,-85,0.001869,51,2024-03-20 19:34:37.002088,1100.19995117188,1.037,0.0011,"aoml_navis",1032.62224712804
"7901009",29,0,1,0.026166,1,0.003738,1,178.838123337412,1,4.8407392189852,1149.69995117188,1,4.92350006103516,34.939998626709,0.0261659994721413,0,172.455703735352,-85.2676,22.7663,63.5882412260237,63,63,63,63,61,63,0,8764,2.04575969791764,23,-85,0.001869,51,2024-03-20 19:34:37.002088,1149.69995117188,1.037,0.0011,"aoml_navis",1032.90009517352
"7901009",29,0,1,0.031773,1,0.009345,1,185.768453342379,1,4.8395419751688,1199.19995117188,1,4.73920011520386,34.9469985961914,0.0317730009555817,0,179.138702392578,-85.2676,22.7663,63.5882412260237,63,63,63,63,61,63,0,8764,2.04575969791764,23,-85,0.001869,51,2024-03-20 19:34:37.002088,1199.19995117188,1.037,0.0011,"aoml_navis",1033.15562209285
"7901009",29,0,1,0.033642,1,0.011214,1,192.767536464226,1,4.83833687888013,1249.30004882812,1,4.56010007858276,34.9539985656738,0.0336420014500618,0,185.888000488281,-85.2676,22.7663,63.5882412260237,63,63,63,63,61,63,0,8764,2.04575969791764,23,-85,0.001869,51,2024-03-20 19:34:37.002088,1249.30004882812,1.037,0.0011,"aoml_navis",1033.41295266676
"7901009",29,0,1,0.028035,1,0.005607,1,195.760441133032,1,4.83720693564689,1299.19995117188,1,4.46990013122559,34.9580001831055,0.0280349999666214,0,188.77409362793,-85.2676,22.7663,63.5882412260237,63,63,63,63,61,63,0,8764,2.04575969791764,23,-85,0.001869,51,2024-03-20 19:34:37.002088,1299.19995117188,1.037,0.0011,"aoml_navis",1033.65435188506
"7901009",29,0,1,0.031773,1,0.009345,1,197.049550206898,1,4.83609434753973,1349.90002441406,1,4.41870021820068,34.9599990844727,0.0317730009555817,0,190.017196655273,-85.2676,22.7663,63.5882412260237,63,63,63,63,61,63,0,8764,2.04575969791764,23,-85,0.001869,51,2024-03-20 19:34:37.002088,1349.90002441406,1.037,0.0011,"aoml_navis",1033.89215360193
"7901009",29,0,1,0.024297,1,0.001869,1,199.121495403062,1,4.83499146388071,1400.40002441406,1,4.37389993667603,34.9620018005371,0.0242970008403063,0,192.015197753906,-85.2676,22.7663,63.5882412260237,63,63,63,63,61,63,0,8764,2.04575969791764,23,-85,0.001869,51,2024-03-20 19:34:37.002088,1400.40002441406,1.037,0.0011,"aoml_navis",1034.12798912924
"7901009",29,0,1,0.029904,1,0.007476,1,200.140766294616,1,4.83393155648798,1450,1,4.35760021209717,34.9630012512207,0.0299040004611015,0,192.998092651367,-85.2676,22.7663,63.5882412260237,63,63,63,63,61,63,0,8764,2.04575969791764,23,-85,0.001869,51,2024-03-20 19:34:37.002088,1450,1.037,0.0011,"aoml_navis",1034.35473621655
"7901009",29,0,1,0.031773,1,0.009345,1,201.108310157613,1,4.83287936063971,1499.30004882812,1,4.34130001068115,34.9640007019043,0.0317730009555817,0,193.931106567383,-85.2676,22.7663,63.5882412260237,63,63,63,63,61,63,0,8764,2.04575969791764,23,-85,0.001869,51,2024-03-20 19:34:37.002088,1499.30004882812,1.037,0.0011,"aoml_navis",1034.57993193899
"7901009",29,0,1,0.031773,1,0.009345,1,201.782248938054,1,4.83181290775737,1549.5,1,4.32980012893677,34.9650001525879,0.0317730009555817,0,194.580993652344,-85.2676,22.7663,63.5882412260237,63,63,63,63,61,63,0,8764,2.04575969791764,23,-85,0.001869,51,2024-03-20 19:34:37.002088,1549.5,1.037,0.0011,"aoml_navis",1034.80827909802
"7901009",29,0,1,0.033642,1,0.011214,1,201.954297877026,1,4.83075951341934,1599.40002441406,1,4.32070016860962,34.9650001525879,0.0336420014500618,0,194.74690246582,-85.2676,22.7663,63.5882412260237,63,63,63,63,61,63,0,8764,2.04575969791764,23,-85,0.001869,51,2024-03-20 19:34:37.002088,1599.40002441406,1.037,0.0011,"aoml_navis",1035.0339291597
"7901009",29,0,1,0.028035,1,0.005607,1,202.642351221394,1,4.82969663699028,1649.80004882812,1,4.3161997795105,34.9659996032715,0.0280349999666214,0,195.410400390625,-85.2676,22.7663,63.5882412260237,63,63,63,63,61,63,0,8764,2.04575969791764,23,-85,0.001869,51,2024-03-20 19:34:37.002088,1649.80004882812,1.037,0.0011,"aoml_navis",1035.26171016734
"7901009",29,0,1,0.028035,1,0.005607,1,204.211963518027,1,4.8286523444806,1699.5,1,4.30989980697632,34.9659996032715,0.0280349999666214,0,196.92399597168,-85.2676,22.7663,63.5882412260237,63,63,63,63,61,63,0,8764,2.04575969791764,23,-85,0.001869,51,2024-03-20 19:34:37.002088,1699.5,1.037,0.0011,"aoml_navis",1035.48560618891
"7901009",29,0,1,0.033642,1,0.011214,1,205.04416896706,1,4.82759371441784,1749.90002441406,1,4.30709981918335,34.9669990539551,0.0336420014500618,0,197.726501464844,-85.2676,22.7663,63.5882412260237,63,63,63,63,61,63,0,8764,2.04575969791764,23,-85,0.001869,51,2024-03-20 19:34:37.002088,1749.90002441406,1.037,0.0011,"aoml_navis",1035.71267504705
"7901009",29,0,1,0.028035,1,0.005607,1,205.873985067268,1,4.82656322979058,1798.90002441406,1,4.30060005187988,34.9679985046387,0.0280349999666214,0,198.526702880859,-85.2676,22.7663,63.5882412260237,63,63,63,63,61,63,0,8764,2.04575969791764,23,-85,0.001869,51,2024-03-20 19:34:37.002088,1798.90002441406,1.037,0.0011,"aoml_navis",1035.93380257383
"7901009",29,0,1,0.029904,1,0.007476,1,206.052031113558,1,4.82550668858629,1849.40002441406,1,4.29939985275269,34.9690017700195,0.0299040004611015,0,198.698394775391,-85.2676,22.7663,63.5882412260237,63,63,63,63,61,63,0,8764,2.04575969791764,23,-85,0.001869,51,2024-03-20 19:34:37.002088,1849.40002441406,1.037,0.0011,"aoml_navis",1036.16061953171
"7901009",29,0,1,0.022428,1,0,1,206.678594328536,1,4.82448369840039,1898.40002441406,1,4.29419994354248,34.9690017700195,0.0224280003458261,0,199.302597045898,-85.2676,22.7663,63.5882412260237,63,63,63,63,61,63,0,8764,2.04575969791764,23,-85,0.001869,51,2024-03-20 19:34:37.002088,1898.40002441406,1.037,0.0011,"aoml_navis",1036.38032846039
"7901009",29,0,1,0.031773,1,0.009345,1,207.579141483393,1,4.82342459713949,1949.30004882812,1,4.29670000076294,34.9700012207031,0.0317730009555817,0,200.171005249023,-85.2676,22.7663,63.5882412260237,63,63,63,63,61,63,0,8764,2.04575969791764,23,-85,0.001869,51,2024-03-20 19:34:37.002088,1949.30004882812,1.037,0.0011,"aoml_navis",1036.60789119938
"7901009",29,0,1,0.028035,1,0.005607,1,204.089806081362,4,4.82240808702226,1998.19995117188,1,4.29349994659424,34.9700012207031,0.0280349999666214,0,196.806198120117,-85.2676,22.7663,63.5882412260237,63,63,63,63,61,63,0,8764,2.04575969791764,23,-85,0.001869,51,2024-03-20 19:34:37.002088,1998.19995117188,1.037,0.0011,"aoml_navis",1036.82639664106
"7901009",30,0.0338030903973668,1,0.091581,1,0.069153,1,197.407697203769,1,4.88437028900197,2.20000004768372,1,26.9230003356934,36.2229995727539,0.0915810018777847,0.0784979984164238,190.362503051758,-85.3924,22.7496,45.9842711613104,63,63,63,63,61,63,0.069153,8764,2.04575969791764,23,-85,0.001869,51,2024-03-31 02:24:20.000249,2.20000004768372,1.037,0.0011,"aoml_navis",1023.67341216091
"7901009",30,0.0365438815106668,1,0.097188,1,0.07476,1,197.428125351383,1,4.88434262729828,4,1,26.9290008544922,36.2229995727539,0.0971880033612251,0.0841049998998642,190.382202148438,-85.3924,22.7496,45.9842711613104,63,63,63,63,61,63,0.07476,8764,2.04575969791764,23,-85,0.001869,51,2024-03-31 02:24:20.000249,4,1.037,0.0011,"aoml_navis",1023.67920957373
"7901009",30,0.0338030903973668,1,0.091581,1,0.069153,1,197.360922916901,1,4.88430475968062,6,1,26.9309997558594,36.2229995727539,0.0915810018777847,0.0784979984164238,190.317398071289,-85.3924,22.7496,45.9842711613104,63,63,63,63,61,63,0.069153,8764,2.04575969791764,23,-85,0.001869,51,2024-03-31 02:24:20.000249,6,1.037,0.0011,"aoml_navis",1023.68714607541
"7901009",30,0.0347166874351335,1,0.09345,1,0.071022,1,197.413915842044,1,4.88427660748736,8,1,26.9370002746582,36.2220001220703,0.0934500023722649,0.0803669989109039,190.368499755859,-85.3924,22.7496,45.9842711613104,63,63,63,63,61,63,0.071022,8764,2.04575969791764,23,-85,0.001869,51,2024-03-31 02:24:20.000249,8,1.037,0.0011,"aoml_navis",1023.69304644525
"7901009",30,0.0365438815106668,1,0.097188,1,0.07476,1,197.398155629012,1,4.88422858151648,10,1,26.9300003051758,36.2210006713867,0.0971880033612251,0.0841049998998642,190.353302001953,-85.3924,22.7496,45.9842711613104,63,63,63,63,61,63,0.07476,8764,2.04575969791764,23,-85,0.001869,51,2024-03-31 02:24:20.000249,10,1.037,0.0011,"aoml_navis",1023.703112283
"7901009",30,0.0347166874351335,1,0.09345,1,0.071022,1,197.51430017083,1,4.88418155055605,12,1,26.9260005950928,36.2210006713867,0.0934500023722649,0.0803669989109039,190.465301513672,-85.3924,22.7496,45.9842711613104,63,63,63,63,61,63,0.071022,8764,2.04575969791764,23,-85,0.001869,51,2024-03-31 02:24:20.000249,12,1.037,0.0011,"aoml_navis",1023.71296976681
"7901009",30,0.0365438815106668,1,0.097188,1,0.07476,1,197.489615499817,1,4.88414117198357,14,1,26.923999786377,36.2200012207031,0.0971880033612251,0.0841049998998642,190.441497802734,-85.3924,22.7496,45.9842711613104,63,63,63,63,61,63,0.07476,8764,2.04575969791764,23,-85,0.001869,51,2024-03-31 02:24:20.000249,14,1.037,0.0011,"aoml_navis",1023.72143309064
"7901009",30,0.0347166874351335,1,0.09345,1,0.071022,1,197.45187643548,1,4.88409720415553,16,1,26.9220008850098,36.2200012207031,0.0934500023722649,0.0803669989109039,190.40510559082,-85.3924,22.7496,45.9842711613104,63,63,63,63,61,63,0.071022,8764,2.04575969791764,23,-85,0.001869,51,2024-03-31 02:24:20.000249,16,1.037,0.0011,"aoml_navis",1023.73064887936
"7901009",30,0.0328894933596002,1,0.089712,1,0.067284,1,197.399817097253,1,4.88405375336372,17.8999996185303,1,26.9190006256104,36.2200012207031,0.0897120013833046,0.0766289979219437,190.354904174805,-85.3924,22.7496,45.9842711613104,63,63,63,63,61,63,0.067284,8764,2.04575969791764,23,-85,0.001869,51,2024-03-31 02:24:20.000249,17.8999996185303,1.037,0.0011,"aoml_navis",1023.73975645875
"7901009",30,0.0365438815106668,1,0.097188,1,0.07476,1,197.495944902641,1,4.88399202006081,20,1,26.9020004272461,36.2179985046387,0.0971880033612251,0.0841049998998642,190.447601318359,-85.3924,22.7496,45.9842711613104,63,63,63,63,61,63,0.07476,8764,2.04575969791764,23,-85,0.001869,51,2024-03-31 02:24:20.000249,20,1.037,0.0011,"aoml_navis",1023.7526964546
"7901009",30,0.0347166874351335,1,0.09345,1,0.071022,1,197.504442125932,1,4.88394500192323,22,1,26.8980007171631,36.2179985046387,0.0934500023722649,0.0803669989109039,190.455795288086,-85.3924,22.7496,45.9842711613104,63,63,63,63,61,63,0.071022,8764,2.04575969791764,23,-85,0.001869,51,2024-03-31 02:24:20.000249,22,1.037,0.0011,"aoml_navis",1023.76255220545
"7901009",30,0.0365438815106668,1,0.097188,1,0.07476,1,197.516784461439,1,4.88391173654739,24,1,26.9029998779297,36.2179985046387,0.0971880033612251,0.0841049998998642,190.467697143555,-85.3924,22.7496,45.9842711613104,63,63,63,63,61,63,0.07476,8764,2.04575969791764,23,-85,0.001869,51,2024-03-31 02:24:20.000249,24,1.037,0.0011,"aoml_navis",1023.76952527293
"7901009",30,0.0356302844729002,1,0.095319,1,0.072891,1,197.475405990478,1,4.88386472255389,26,1,26.8990001678467,36.2179985046387,0.095319002866745,0.0822359994053841,190.427795410156,-85.3924,22.7496,45.9842711613104,63,63,63,63,61,63,0.072891,8764,2.04575969791764,23,-85,0.001869,51,2024-03-31 02:24:20.000249,26,1.037,0.0011,"aoml_navis",1023.77938047911
"7901009",30,0.0328894933596002,1,0.089712,1,0.067284,1,197.466497356003,1,4.88382229555888,28,1,26.8980007171631,36.2179985046387,0.0897120013833046,0.0766289979219437,190.419204711914,-85.3924,22.7496,45.9842711613104,63,63,63,63,61,63,0.067284,8764,2.04575969791764,23,-85,0.001869,51,2024-03-31 02:24:20.000249,28,1.037,0.0011,"aoml_navis",1023.78827430858
"7901009",30,0.0338030903973668,1,0.091581,1,0.069153,1,197.439945511157,1,4.88378346148036,30,1,26.8969993591309,36.2169990539551,0.0915810018777847,0.0784979984164238,190.393600463867,-85.3924,22.7496,45.9842711613104,63,63,63,63,61,63,0.069153,8764,2.04575969791764,23,-85,0.001869,51,2024-03-31 02:24:20.000249,30,1.037,0.0011,"aoml_navis",1023.7964151024
"7901009",30,0.0356302844729002,1,0.095319,1,0.072891,1,197.447097736348,1,4.88375272902349,32,1,26.9060001373291,36.2179985046387,0.095319002866745,0.0822359994053841,190.400497436523,-85.3924,22.7496,45.9842711613104,63,63,63,63,61,63,0.072891,8764,2.04575969791764,23,-85,0.001869,51,2024-03-31 02:24:20.000249,32,1.037,0.0011,"aoml_navis",1023.80285764381
"7901009",30,0.0356302844729002,1,0.095319,1,0.072891,1,197.374088074774,1,4.88371084414317,34,1,26.9029998779297,36.2169990539551,0.095319002866745,0.0822359994053841,190.330093383789,-85.3924,22.7496,45.9842711613104,63,63,63,63,61,63,0.072891,8764,2.04575969791764,23,-85,0.001869,51,2024-03-31 02:24:20.000249,34,1.037,0.0011,"aoml_navis",1023.81163823331
"7901009",30,0.0383710755862002,1,0.100926,1,0.078498,1,197.504869360623,1,4.88360130144557,36,1,26.8509998321533,36.2140007019043,0.100925996899605,0.0878430008888245,190.456207275391,-85.3924,22.7496,45.9842711613104,63,63,63,63,61,63,0.078498,8764,2.04575969791764,23,-85,0.001869,51,2024-03-31 02:24:20.000249,36,1.037,0.0011,"aoml_navis",1023.83460306638
"7901009",30,0.0411118666995002,1,0.106533,1,0.084105,1,197.543225541736,1,4.88354819919147,38,1,26.8430004119873,36.2140007019043,0.106532998383045,0.0934500023722649,190.493194580078,-85.3924,22.7496,45.9842711613104,63,63,63,63,61,63,0.084105,8764,2.04575969791764,23,-85,0.001869,51,2024-03-31 02:24:20.000249,38,1.037,0.0011,"aoml_navis",1023.84573594007
"7901009",30,0.0420254637372669,1,0.108402,1,0.085974,1,197.471054526036,1,4.88350784915287,40,1,26.8409996032715,36.2130012512207,0.108401998877525,0.095319002866745,190.423599243164,-85.3924,22.7496,45.9842711613104,63,63,63,63,61,63,0.085974,8764,2.04575969791764,23,-85,0.001869,51,2024-03-31 02:24:20.000249,40,1.037,0.0011,"aoml_navis",1023.854195477
"7901009",30,0.0411118666995002,1,0.106533,1,0.084105,1,197.522496747487,1,4.88346085717021,42,1,26.8369998931885,36.2130012512207,0.106532998383045,0.0934500023722649,190.473205566406,-85.3924,22.7496,45.9842711613104,63,63,63,63,61,63,0.084105,8764,2.04575969791764,23,-85,0.001869,51,2024-03-31 02:24:20.000249,42,1.037,0.0011,"aoml_navis",1023.86404769861
"7901009",30,0.0420254637372669,1,0.108402,1,0.085974,1,197.462857949379,1,4.88341539298862,44,1,26.8339996337891,36.2130012512207,0.108401998877525,0.095319002866745,190.41569519043,-85.3924,22.7496,45.9842711613104,63,63,63,63,61,63,0.085974,8764,2.04575969791764,23,-85,0.001869,51,2024-03-31 02:24:20.000249,44,1.037,0.0011,"aoml_navis",1023.87357978573
"7901009",30,0.0429390607750335,1,0.110271,1,0.087843,1,197.492621966159,1,4.88336894545945,46,1,26.8279991149902,36.2120018005371,0.110270999372005,0.0971880033612251,190.444396972656,-85.3924,22.7496,45.9842711613104,63,63,63,63,61,63,0.087843,8764,2.04575969791764,23,-85,0.001869,51,2024-03-31 02:24:20.000249,46,1.037,0.0011,"aoml_navis",1023.88331822624
"7901009",30,0.0456798518883336,1,0.115878,1,0.09345,1,197.510249353023,1,4.88331891077819,48,1,26.82200050354,36.2120018005371,0.115878000855446,0.102794997394085,190.461395263672,-85.3924,22.7496,45.9842711613104,63,63,63,63,61,63,0.09345,8764,2.04575969791764,23,-85,0.001869,51,2024-03-31 02:24:20.000249,48,1.037,0.0011,"aoml_navis",1023.89380897575
"7901009",30,0.0456798518883336,1,0.115878,1,0.09345,1,197.482558215669,1,4.88327192885576,50,1,26.818000793457,36.2120018005371,0.115878000855446,0.102794997394085,190.434692382812,-85.3924,22.7496,45.9842711613104,63,63,63,63,61,63,0.09345,8764,2.04575969791764,23,-85,0.001869,51,2024-03-31 02:24:20.000249,50,1.037,0.0011,"aoml_navis",1023.90365985037
"7901009",30,0.0475070459638669,1,0.119616,1,0.097188,1,197.371287314025,1,4.88322647426146,52,1,26.8150005340576,36.2120018005371,0.119616001844406,0.106532998383045,190.327392578125,-85.3924,22.7496,45.9842711613104,63,63,63,63,61,63,0.097188,8764,2.04575969791764,23,-85,0.001869,51,2024-03-31 02:24:20.000249,52,1.037,0.0011,"aoml_navis",1023.91319066483
"7901009",30,0.0539022252282336,1,0.132699,1,0.110271,1,197.453015727988,1,4.88318462828145,54,1,26.8120002746582,36.2109985351562,0.132698997855186,0.119616001844406,190.406204223633,-85.3924,22.7496,45.9842711613104,63,63,63,63,61,63,0.110271,8764,2.04575969791764,23,-85,0.001869,51,2024-03-31 02:24:20.000249,54,1.037,0.0011,"aoml_navis",1023.92196499022
"7901009",30,0.0529886281904669,1,0.13083,1,0.108402,1,197.476545282986,1,4.88314223076164,56,1,26.8110008239746,36.2109985351562,0.130830004811287,0.117747001349926,190.428894042969,-85.3924,22.7496,45.9842711613104,63,63,63,63,61,63,0.108402,8764,2.04575969791764,23,-85,0.001869,51,2024-03-31 02:24:20.000249,56,1.037,0.0011,"aoml_navis",1023.93085511665
"7901009",30,0.0548158222660003,1,0.134568,1,0.11214,1,197.4330939326,1,4.88310136038556,58,1,26.8110008239746,36.2109985351562,0.134568005800247,0.121485002338886,190.386993408203,-85.3924,22.7496,45.9842711613104,63,63,63,63,61,63,0.11214,8764,2.04575969791764,23,-85,0.001869,51,2024-03-31 02:24:20.000249,58,1.037,0.0011,"aoml_navis",1023.93942516999
"7901009",30,0.0529886281904669,1,0.13083,1,0.108402,1,197.421384537376,1,4.88305743960457,60,1,26.8090000152588,36.2109985351562,0.130830004811287,0.117747001349926,190.375701904297,-85.3924,22.7496,45.9842711613104,63,63,63,63,61,63,0.108402,8764,2.04575969791764,23,-85,0.001869,51,2024-03-31 02:24:20.000249,60,1.037,0.0011,"aoml_navis",1023.94863501849
"7901009",30,0.0557294193037669,1,0.136437,1,0.114009,1,197.44907567473,1,4.88301657379798,62,1,26.8090000152588,36.2109985351562,0.136436998844147,0.123354002833366,190.402404785156,-85.3924,22.7496,45.9842711613104,63,63,63,63,61,63,0.114009,8764,2.04575969791764,23,-85,0.001869,51,2024-03-31 02:24:20.000249,62,1.037,0.0011,"aoml_navis",1023.95720441125
"7901009",30,0.0566430163415336,1,0.138306,1,0.115878,1,197.303167116133,1,4.88297265750275,64,1,26.806999206543,36.2109985351562,0.138306006789207,0.125222995877266,190.261703491211,-85.3924,22.7496,45.9842711613104,63,63,63,63,61,63,0.115878,8764,2.04575969791764,23,-85,0.001869,51,2024-03-31 02:24:20.000249,64,1.037,0.0011,"aoml_navis",1023.96641363892
"7901009",30,0.0602974044926003,1,0.145782,1,0.123354,1,197.298293475958,1,4.88292874637611,66,1,26.8050003051758,36.2109985351562,0.145781993865967,0.132698997855186,190.25700378418,-85.3924,22.7496,45.9842711613104,63,63,63,63,61,63,0.123354,8764,2.04575969791764,23,-85,0.001869,51,2024-03-31 02:24:20.000249,66,1.037,0.0011,"aoml_navis",1023.97562194836
"7901009",30,0.061211001530367,1,0.147651,1,0.125223,1,197.320588797405,1,4.88288842644004,68,1,26.80299949646,36.2099990844727,0.147651001811028,0.134568005800247,190.278503417969,-85.3924,22.7496,45.9842711613104,63,63,63,63,61,63,0.125223,8764,2.04575969791764,23,-85,0.001869,51,2024-03-31 02:24:20.000249,68,1.037,0.0011,"aoml_navis",1023.98407731904
"7901009",30,0.0712605689458004,1,0.16821,1,0.145782,1,197.27422592172,1,4.88284299196308,70,1,26.7999992370605,36.2099990844727,0.168209999799728,0.155127003788948,190.233795166016,-85.3924,22.7496,45.9842711613104,63,63,63,63,61,63,0.145782,8764,2.04575969791764,23,-85,0.001869,51,2024-03-31 02:24:20.000249,70,1.037,0.0011,"aoml_navis",1023.9936054118
"7901009",30,0.072174165983567,1,0.170079,1,0.147651,1,197.289369017976,1,4.88280267916836,72,1,26.7980003356934,36.2089996337891,0.170078992843628,0.156995996832848,190.248397827148,-85.3924,22.7496,45.9842711613104,63,63,63,63,61,63,0.147651,8764,2.04575969791764,23,-85,0.001869,51,2024-03-31 02:24:20.000249,72,1.037,0.0011,"aoml_navis",1024.00205958181
"7901009",30,0.072174165983567,1,0.170079,1,0.147651,1,197.249446309665,1,4.88276030170301,74,1,26.7970008850098,36.2089996337891,0.170078992843628,0.156995996832848,190.209899902344,-85.3924,22.7496,45.9842711613104,63,63,63,63,61,63,0.147651,8764,2.04575969791764,23,-85,0.001869,51,2024-03-31 02:24:20.000249,74,1.037,0.0011,"aoml_navis",1024.01094689332
"7901009",30,0.0740013600591004,1,0.173817,1,0.151389,1,197.292486248867,1,4.88271945137647,76,1,26.7970008850098,36.2089996337891,0.173816993832588,0.160733997821808,190.251403808594,-85.3924,22.7496,45.9842711613104,63,63,63,63,61,63,0.151389,8764,2.04575969791764,23,-85,0.001869,51,2024-03-31 02:24:20.000249,76,1.037,0.0011,"aoml_navis",1024.01951408256
"7901009",30,0.0740013600591004,1,0.173817,1,0.151389,1,197.215647298585,1,4.88267501207073,78,1,26.7970008850098,36.2099990844727,0.173816993832588,0.160733997821808,190.177307128906,-85.3924,22.7496,45.9842711613104,63,63,63,63,61,63,0.151389,8764,2.04575969791764,23,-85,0.001869,51,2024-03-31 02:24:20.000249,78,1.037,0.0011,"aoml_navis",1024.02883412048
"7901009",30,0.0758285541346337,1,0.177555,1,0.155127,1,197.199665556455,1,4.88263416653461,80,1,26.7970008850098,36.2099990844727,0.177554994821548,0.164471998810768,190.161895751953,-85.3924,22.7496,45.9842711613104,63,63,63,63,61,63,0.155127,8764,2.04575969791764,23,-85,0.001869,51,2024-03-31 02:24:20.000249,80,1.037,0.0011,"aoml_navis",1024.03740060433
"7901009",30,0.074914957096867,1,0.175686,1,0.153258,1,197.185677576214,1,4.88259179537561,82,1,26.7959995269775,36.2099990844727,0.175686001777649,0.162603005766869,190.148406982422,-85.3924,22.7496,45.9842711613104,63,63,63,63,61,63,0.153258,8764,2.04575969791764,23,-85,0.001869,51,2024-03-31 02:24:20.000249,82,1.037,0.0011,"aoml_navis",1024.04628720664
"7901009",30,0.0730877630213337,1,0.171948,1,0.14952,1,197.094518352043,1,4.88254942938843,84,1,26.7950000762939,36.2099990844727,0.171948000788689,0.158865004777908,190.060501098633,-85.3924,22.7496,45.9842711613104,63,63,63,63,61,63,0.14952,8764,2.04575969791764,23,-85,0.001869,51,2024-03-31 02:24:20.000249,84,1.037,0.0011,"aoml_navis",1024.05517287846
"7901009",30,0.0740013600591004,1,0.173817,1,0.151389,1,197.047126948399,1,4.88250706566255,86,1,26.7940006256104,36.2099990844727,0.173816993832588,0.160733997821808,190.014801025391,-85.3924,22.7496,45.9842711613104,63,63,63,63,61,63,0.151389,8764,2.04575969791764,23,-85,0.001869,51,2024-03-31 02:24:20.000249,86,1.037,0.0011,"aoml_navis",1024.0640582302
"7901009",30,0.0767421511724004,1,0.179424,1,0.156996,1,197.080720253887,1,4.88246470128725,88,1,26.7929992675781,36.2099990844727,0.179424002766609,0.166341006755829,190.04719543457,-85.3924,22.7496,45.9842711613104,63,63,63,63,61,63,0.156996,8764,2.04575969791764,23,-85,0.001869,51,2024-03-31 02:24:20.000249,88,1.037,0.0011,"aoml_navis",1024.07294387234
"7901009",30,0.0831373304367671,1,0.192507,1,0.170079,1,197.058947108173,1,4.88242081698373,90,1,26.7910003662109,36.2099990844727,0.19250699877739,0.179424002766609,190.02619934082,-85.3924,22.7496,45.9842711613104,63,63,63,63,61,63,0.170079,8764,2.04575969791764,23,-85,0.001869,51,2024-03-31 02:24:20.000249,90,1.037,0.0011,"aoml_navis",1024.08214847177
"7901009",30,0.0785693452479337,4,0.183162,1,0.160734,1,196.94341968313,1,4.88237486944381,92,1,26.7900009155273,36.2109985351562,0.183162003755569,0.170078992843628,189.914794921875,-85.3924,22.7496,45.9842711613104,63,63,63,63,61,63,0.160734,8764,2.04575969791764,23,-85,0.001869,51,2024-03-31 02:24:20.000249,92,1.037,0.0011,"aoml_navis",1024.0917860061
"7901009",30,0.0840509274745337,1,0.194376,1,0.171948,1,197.031366735368,1,4.88233098682695,94,1,26.7880001068115,36.2109985351562,0.19437600672245,0.181292995810509,189.999603271484,-85.3924,22.7496,45.9842711613104,63,63,63,63,61,63,0.171948,8764,2.04575969791764,23,-85,0.001869,51,2024-03-31 02:24:20.000249,94,1.037,0.0011,"aoml_navis",1024.10099059047
"7901009",30,0.0858781215500671,1,0.198114,1,0.175686,1,196.848747640391,1,4.88228917178391,96,1,26.7849998474121,36.2099990844727,0.198113992810249,0.185030996799469,189.823501586914,-85.3924,22.7496,45.9842711613104,63,63,63,63,61,63,0.175686,8764,2.04575969791764,23,-85,0.001869,51,2024-03-31 02:24:20.000249,96,1.037,0.0011,"aoml_navis",1024.10976164549
"7901009",30,0.0877053156256004,1,0.201852,1,0.179424,1,196.900395567434,1,4.88224583390968,98,1,26.7810001373291,36.2089996337891,0.20185199379921,0.188768997788429,189.873306274414,-85.3924,22.7496,45.9842711613104,63,63,63,63,61,63,0.179424,8764,2.04575969791764,23,-85,0.001869,51,2024-03-31 02:24:20.000249,98,1.037,0.0011,"aoml_navis",1024.11885228565
"7901009",30,0.0877053156256004,1,0.201852,1,0.179424,1,196.92786517569,1,4.88219944577725,100,1,26.7749996185303,36.2080001831055,0.20185199379921,0.188768997788429,189.899795532227,-85.3924,22.7496,45.9842711613104,63,63,63,63,61,63,0.179424,8764,2.04575969791764,23,-85,0.001869,51,2024-03-31 02:24:20.000249,100,1.037,0.0011,"aoml_navis",1024.12858293297
"7901009",30,0.0886189126633671,1,0.203721,1,0.181293,1,196.888559584154,1,4.88214695938053,102,1,26.7649993896484,36.2070007324219,0.20372100174427,0.19063800573349,189.861892700195,-85.3924,22.7496,45.9842711613104,63,63,63,63,61,63,0.181293,8764,2.04575969791764,23,-85,0.001869,51,2024-03-31 02:24:20.000249,102,1.037,0.0011,"aoml_navis",1024.13959301103
"7901009",30,0.0968412860032671,1,0.220542,1,0.198114,1,196.938656807505,1,4.88208794988101,104,1,26.746000289917,36.2039985656738,0.220541998744011,0.207459002733231,189.910202026367,-85.3924,22.7496,45.9842711613104,63,63,63,63,61,63,0.198114,8764,2.04575969791764,23,-85,0.001869,51,2024-03-31 02:24:20.000249,104,1.037,0.0011,"aoml_navis",1024.15197172387
"7901009",30,0.106890853418701,1,0.241101,1,0.218673,1,196.907848439259,1,4.88203198623436,106,1,26.7290000915527,36.201000213623,0.241100996732712,0.228018000721931,189.880493164062,-85.3924,22.7496,45.9842711613104,63,63,63,63,61,63,0.218673,8764,2.04575969791764,23,-85,0.001869,51,2024-03-31 02:24:20.000249,106,1.037,0.0011,"aoml_navis",1024.16371176966
"7901009",30,0.114199629720834,1,0.256053,1,0.233625,1,196.97215517195,1,4.8819720212622,108,1,26.7070007324219,36.1969985961914,0.256053000688553,0.242970004677773,189.942504882812,-85.3924,22.7496,45.9842711613104,63,63,63,63,61,63,0.233625,8764,2.04575969791764,23,-85,0.001869,51,2024-03-31 02:24:20.000249,108,1.037,0.0011,"aoml_navis",1024.17629151166
"7901009",30,0.118767614909667,1,0.265398,1,0.24297,1,197.105927100633,1,4.88186238055391,110,1,26.6499996185303,36.1920013427734,0.265397995710373,0.252315014600754,190.071502685547,-85.3924,22.7496,45.9842711613104,63,63,63,63,61,63,0.24297,8764,2.04575969791764,23,-85,0.001869,51,2024-03-31 02:24:20.000249,110,1.037,0.0011,"aoml_navis",1024.19929326904
"7901009",30,0.121508406022967,1,0.271005,1,0.248577,1,197.132573886522,1,4.88180331004498,112,1,26.6380004882812,36.1920013427734,0.271005004644394,0.257921993732452,190.097198486328,-85.3924,22.7496,45.9842711613104,63,63,63,63,61,63,0.248577,8764,2.04575969791764,23,-85,0.001869,51,2024-03-31 02:24:20.000249,112,1.037,0.0011,"aoml_navis",1024.21168622501
"7901009",30,0.118767614909667,1,0.265398,1,0.24297,1,196.929938055115,1,4.88175075006059,114,1,26.6350002288818,36.1940002441406,0.265397995710373,0.252315014600754,189.901794433594,-85.3924,22.7496,45.9842711613104,63,63,63,63,61,63,0.24297,8764,2.04575969791764,23,-85,0.001869,51,2024-03-31 02:24:20.000249,114,1.037,0.0011,"aoml_navis",1024.22271352915
"7901009",30,0.122422003060734,1,0.272874,1,0.250446,1,196.835360953419,1,4.88169971277786,116,1,26.632999420166,36.1959991455078,0.272873997688293,0.259790986776352,189.810592651367,-85.3924,22.7496,45.9842711613104,63,63,63,63,61,63,0.250446,8764,2.04575969791764,23,-85,0.001869,51,2024-03-31 02:24:20.000249,116,1.037,0.0011,"aoml_navis",1024.23342159135
"7901009",30,0.125162794174034,1,0.278481,1,0.256053,1,196.63574741186,1,4.88165738060687,118,1,26.6319999694824,36.1959991455078,0.278481006622314,0.265397995710373,189.618103027344,-85.3924,22.7496,45.9842711613104,63,63,63,63,61,63,0.256053,8764,2.04575969791764,23,-85,0.001869,51,2024-03-31 02:24:20.000249,118,1.037,0.0011,"aoml_navis",1024.2423034159
"7901009",30,0.125162794174034,1,0.278481,1,0.256053,1,196.215965593073,1,4.88161352777173,120,1,26.6299991607666,36.1959991455078,0.278481006622314,0.265397995710373,189.213302612305,-85.3924,22.7496,45.9842711613104,63,63,63,63,61,63,0.256053,8764,2.04575969791764,23,-85,0.001869,51,2024-03-31 02:24:20.000249,120,1.037,0.0011,"aoml_navis",1024.25150445744
"7901009",30,0.135212361589467,1,0.29904,1,0.276612,1,194.986589859082,1,4.88155488194708,122,1,26.6229991912842,36.1980018615723,0.299039989709854,0.285957008600235,188.027801513672,-85.3924,22.7496,45.9842711613104,63,63,63,63,61,63,0.276612,8764,2.04575969791764,23,-85,0.001869,51,2024-03-31 02:24:20.000249,122,1.037,0.0011,"aoml_navis",1024.26380956833
"7901009",30,0.144348331967134,1,0.31773,1,0.295302,1,193.135112945038,1,4.8813998244043,124,1,26.5879993438721,36.2150001525879,0.317730009555817,0.304646998643875,186.242401123047,-85.3924,22.7496,45.9842711613104,63,63,63,63,61,63,0.295302,8764,2.04575969791764,23,-85,0.001869,51,2024-03-31 02:24:20.000249,124,1.037,0.0011,"aoml_navis",1024.29634528251
"7901009",30,0.148002720118201,1,0.325206,1,0.302778,1,190.99056885674,1,4.88128181360484,126,1,26.5750007629395,36.2309989929199,0.325206011533737,0.312123000621796,184.174392700195,-85.3924,22.7496,45.9842711613104,63,63,63,63,61,63,0.302778,8764,2.04575969791764,23,-85,0.001869,51,2024-03-31 02:24:20.000249,126,1.037,0.0011,"aoml_navis",1024.32110886618
"7901009",30,0.141607540853834,4,0.312123,1,0.289695,1,185.782198214004,1,4.88108135199978,128,1,26.5550003051758,36.2669982910156,0.312123000621796,0.299039989709854,179.151901245117,-85.3924,22.7496,45.9842711613104,63,63,63,63,61,63,0.289695,8764,2.04575969791764,23,-85,0.001869,51,2024-03-31 02:24:20.000249,128,1.037,0.0011,"aoml_navis",1024.36317680948
"7901009",30,0.166274660873534,1,0.362586,1,0.340158,1,178.389882950392,1,4.8806132732882,130,1,26.6070003509521,36.4080009460449,0.362585991621017,0.349503010511398,172.023406982422,-85.3924,22.7496,45.9842711613104,63,63,63,63,61,63,0.340158,8764,2.04575969791764,23,-85,0.001869,51,2024-03-31 02:24:20.000249,130,1.037,0.0011,"aoml_navis",1024.46141909362
"7901009",30,0.165361063835767,1,0.360717,1,0.338289,1,174.951150043187,1,4.88006963511352,132,1,26.5359992980957,36.5180015563965,0.360716998577118,0.347633987665176,168.707397460938,-85.3924,22.7496,45.9842711613104,63,63,63,63,61,63,0.338289,8764,2.04575969791764,23,-85,0.001869,51,2024-03-31 02:24:20.000249,132,1.037,0.0011,"aoml_navis",1024.57554376346
"7901009",30,0.151657108269267,1,0.332682,1,0.310254,1,172.258875258017,1,4.87972918972144,134.100006103516,1,26.4699993133545,36.5730018615723,0.332682013511658,0.319599002599716,166.111206054688,-85.3924,22.7496,45.9842711613104,63,63,63,63,61,63,0.310254,8764,2.04575969791764,23,-85,0.001869,51,2024-03-31 02:24:20.000249,134.100006103516,1.037,0.0011,"aoml_navis",1024.64702560378
"7901009",30,0.142521137891601,4,0.313992,1,0.291564,1,170.709263388151,1,4.87931693840936,136,1,26.3680000305176,36.6339988708496,0.313991993665695,0.300909012556076,164.616897583008,-85.3924,22.7496,45.9842711613104,63,63,63,63,61,63,0.291564,8764,2.04575969791764,23,-85,0.001869,51,2024-03-31 02:24:20.000249,136,1.037,0.0011,"aoml_navis",1024.733597574
"7901009",30,0.149829914193734,1,0.328944,1,0.306516,1,169.402937939329,1,4.87912855455221,138,1,26.3250007629395,36.6570014953613,0.328943997621536,0.315860986709595,163.357192993164,-85.3924,22.7496,45.9842711613104,63,63,63,63,61,63,0.306516,8764,2.04575969791764,23,-85,0.001869,51,2024-03-31 02:24:20.000249,138,1.037,0.0011,"aoml_navis",1024.77316268599
"7901009",30,0.151657108269267,1,0.332682,1,0.310254,1,168.135411729817,1,4.87889022284187,140,1,26.2560005187988,36.6829986572266,0.332682013511658,0.319599002599716,162.134902954102,-85.3924,22.7496,45.9842711613104,63,63,63,63,61,63,0.310254,8764,2.04575969791764,23,-85,0.001869,51,2024-03-31 02:24:20.000249,140,1.037,0.0011,"aoml_navis",1024.82322241872
"7901009",30,0.147089123080434,1,0.323337,1,0.300909,1,167.038051515225,1,4.8785696620249,142,1,26.1490001678467,36.7159996032715,0.323336988687515,0.310254007577896,161.076705932617,-85.3924,22.7496,45.9842711613104,63,63,63,63,61,63,0.300909,8764,2.04575969791764,23,-85,0.001869,51,2024-03-31 02:24:20.000249,142,1.037,0.0011,"aoml_navis",1024.89056145294
"7901009",30,0.141607540853834,1,0.312123,1,0.289695,1,166.075903168458,1,4.87827137600173,144,1,26.0470008850098,36.7449989318848,0.312123000621796,0.299039989709854,160.148895263672,-85.3924,22.7496,45.9842711613104,63,63,63,63,61,63,0.289695,8764,2.04575969791764,23,-85,0.001869,51,2024-03-31 02:24:20.000249,144,1.037,0.0011,"aoml_navis",1024.95322925188
"7901009",30,0.134298764551701,1,0.297171,1,0.274743,1,165.6873411291,1,4.87804023843699,146,1,25.9680004119873,36.7649993896484,0.297170996665955,0.284087985754013,159.774200439453,-85.3924,22.7496,45.9842711613104,63,63,63,63,61,63,0.274743,8764,2.04575969791764,23,-85,0.001869,51,2024-03-31 02:24:20.000249,146,1.037,0.0011,"aoml_navis",1025.00179490157
"7901009",30,0.133385167513934,1,0.295302,1,0.272874,1,165.417091452027,1,4.87792220129503,148,1,25.9379997253418,36.773998260498,0.295302003622055,0.282218992710114,159.513595581055,-85.3924,22.7496,45.9842711613104,63,63,63,63,61,63,0.272874,8764,2.04575969791764,23,-85,0.001869,51,2024-03-31 02:24:20.000249,148,1.037,0.0011,"aoml_navis",1025.02659814307
"7901009",30,0.134298764551701,1,0.297171,1,0.274743,1,164.89548536531,1,4.87784460724455,150,1,25.9230003356934,36.7779998779297,0.297170996665955,0.284087985754013,159.010604858398,-85.3924,22.7496,45.9842711613104,63,63,63,63,61,63,0.274743,8764,2.04575969791764,23,-85,0.001869,51,2024-03-31 02:24:20.000249,150,1.037,0.0011,"aoml_navis",1025.04290369849
"7901009",30,0.125162794174034,1,0.278481,1,0.256053,1,163.428741201916,1,4.87774636803376,152,1,25.8990001678467,36.7840003967285,0.278481006622314,0.265397995710373,157.596206665039,-85.3924,22.7496,45.9842711613104,63,63,63,63,61,63,0.256053,8764,2.04575969791764,23,-85,0.001869,51,2024-03-31 02:24:20.000249,152,1.037,0.0011,"aoml_navis",1025.06354835656
"7901009",30,0.113286032683067,1,0.254184,1,0.231756,1,162.233164479004,1,4.87716768285187,154,1,25.6709995269775,36.8390007019043,0.254184007644653,0.241100996732712,156.443298339844,-85.3924,22.7496,45.9842711613104,63,63,63,63,61,63,0.231756,8764,2.04575969791764,23,-85,0.001869,51,2024-03-31 02:24:20.000249,154,1.037,0.0011,"aoml_navis",1025.18517408782
"7901009",30,0.114199629720834,1,0.256053,1,0.233625,1,161.712064744513,1,4.87693052399312,156,1,25.5799999237061,36.8559989929199,0.256053000688553,0.242970004677773,155.940795898438,-85.3924,22.7496,45.9842711613104,63,63,63,63,61,63,0.233625,8764,2.04575969791764,23,-85,0.001869,51,2024-03-31 02:24:20.000249,156,1.037,0.0011,"aoml_navis",1025.23502752426
"7901009",30,0.106890853418701,1,0.241101,1,0.218673,1,161.061338840189,1,4.87674929898039,158,1,25.511999130249,36.867000579834,0.241100996732712,0.228018000721931,155.313293457031,-85.3924,22.7496,45.9842711613104,63,63,63,63,61,63,0.218673,8764,2.04575969791764,23,-85,0.001869,51,2024-03-31 02:24:20.000249,158,1.037,0.0011,"aoml_navis",1025.27312631088
"7901009",30,0.105063659343167,1,0.237363,1,0.214935,1,159.936920428525,1,4.87661371939094,160,1,25.4650001525879,36.8740005493164,0.237362995743752,0.224279999732971,154.22900390625,-85.3924,22.7496,45.9842711613104,63,63,63,63,61,63,0.214935,8764,2.04575969791764,23,-85,0.001869,51,2024-03-31 02:24:20.000249,160,1.037,0.0011,"aoml_navis",1025.30163094904
"7901009",30,0.0977548830410338,1,0.222411,1,0.199983,1,158.585798631217,1,4.87620163200532,162,1,25.2770004272461,36.9000015258789,0.222411006689072,0.20932799577713,152.92610168457,-85.3924,22.7496,45.9842711613104,63,63,63,63,61,63,0.199983,8764,2.04575969791764,23,-85,0.001869,51,2024-03-31 02:24:20.000249,162,1.037,0.0011,"aoml_navis",1025.38827910276
"7901009",30,0.0986684800788005,1,0.22428,1,0.201852,1,158.214025332849,1,4.87587406639683,164,1,25.1310005187988,36.9199981689453,0.224279999732971,0.211197003722191,152.567596435547,-85.3924,22.7496,45.9842711613104,63,63,63,63,61,63,0.201852,8764,2.04575969791764,23,-85,0.001869,51,2024-03-31 02:24:20.000249,164,1.037,0.0011,"aoml_navis",1025.45716561029
"7901009",30,0.0995820771165672,1,0.226149,1,0.203721,1,157.736376948744,1,4.87573919338263,166.100006103516,1,25.0830001831055,36.9259986877441,0.226148992776871,0.21306599676609,152.106994628906,-85.3924,22.7496,45.9842711613104,63,63,63,63,61,63,0.203721,8764,2.04575969791764,23,-85,0.001869,51,2024-03-31 02:24:20.000249,166.100006103516,1.037,0.0011,"aoml_navis",1025.485531873
"7901009",30,0.0995820771165672,1,0.226149,1,0.203721,1,157.08876827531,1,4.8755771672306,168,1,25.0209999084473,36.935001373291,0.226148992776871,0.21306599676609,151.482498168945,-85.3924,22.7496,45.9842711613104,63,63,63,63,61,63,0.203721,8764,2.04575969791764,23,-85,0.001869,51,2024-03-31 02:24:20.000249,168,1.037,0.0011,"aoml_navis",1025.51961101255
"7901009",30,0.0968412860032671,1,0.220542,1,0.198114,1,156.246514641535,1,4.87545690825979,170,1,24.9790000915527,36.939998626709,0.220541998744011,0.207459002733231,150.670303344727,-85.3924,22.7496,45.9842711613104,63,63,63,63,61,63,0.198114,8764,2.04575969791764,23,-85,0.001869,51,2024-03-31 02:24:20.000249,170,1.037,0.0011,"aoml_navis",1025.54490667925
"7901009",30,0.0858781215500671,1,0.198114,1,0.175686,1,154.997533582297,1,4.87516565731805,172,1,24.8470001220703,36.9560012817383,0.198113992810249,0.185030996799469,149.465896606445,-85.3924,22.7496,45.9842711613104,63,63,63,63,61,63,0.175686,8764,2.04575969791764,23,-85,0.001869,51,2024-03-31 02:24:20.000249,172,1.037,0.0011,"aoml_navis",1025.60617452959
"7901009",30,0.0831373304367671,1,0.192507,1,0.170079,1,154.74668352488,1,4.8747538670869,174,1,24.6439990997314,36.9770011901855,0.19250699877739,0.179424002766609,149.223999023438,-85.3924,22.7496,45.9842711613104,63,63,63,63,61,63,0.170079,8764,2.04575969791764,23,-85,0.001869,51,2024-03-31 02:24:20.000249,174,1.037,0.0011,"aoml_navis",1025.69281164301
"7901009",30,0.0785693452479337,1,0.183162,1,0.160734,1,154.441179074077,1,4.8745914027674,176,1,24.5750007629395,36.9830017089844,0.183162003755569,0.170078992843628,148.929397583008,-85.3924,22.7496,45.9842711613104,63,63,63,63,61,63,0.160734,8764,2.04575969791764,23,-85,0.001869,51,2024-03-31 02:24:20.000249,176,1.037,0.0011,"aoml_navis",1025.72699676149
"7901009",30,0.069433374870267,1,0.164472,1,0.142044,1,154.144915551398,1,4.87442327735137,178,1,24.4969997406006,36.9869995117188,0.164471998810768,0.151389002799988,148.643707275391,-85.3924,22.7496,45.9842711613104,63,63,63,63,61,63,0.142044,8764,2.04575969791764,23,-85,0.001869,51,2024-03-31 02:24:20.000249,178,1.037,0.0011,"aoml_navis",1025.76237546545
"7901009",30,0.0484206430016336,1,0.121485,1,0.099057,1,154.251929929643,1,4.87401904246236,180,1,24.25,36.9889984130859,0.121485002338886,0.108401998877525,148.74690246582,-85.3924,22.7496,45.9842711613104,63,63,63,63,61,63,0.099057,8764,2.04575969791764,23,-85,0.001869,51,2024-03-31 02:24:20.000249,180,1.037,0.0011,"aoml_navis",1025.84744877689
"7901009",30,0.0456798518883336,1,0.115878,1,0.09345,1,154.006159217992,1,4.87387984331328,182,1,24.1790008544922,36.9879989624023,0.115878000855446,0.102794997394085,148.509902954102,-85.3924,22.7496,45.9842711613104,63,63,63,63,61,63,0.09345,8764,2.04575969791764,23,-85,0.001869,51,2024-03-31 02:24:20.000249,182,1.037,0.0011,"aoml_navis",1025.87674722013
"7901009",30,0.0356302844729002,1,0.095319,1,0.072891,1,153.596852560878,1,4.87377737609271,184,1,24.1310005187988,36.9860000610352,0.095319002866745,0.0822359994053841,148.115203857422,-85.3924,22.7496,45.9842711613104,63,63,63,63,61,63,0.072891,8764,2.04575969791764,23,-85,0.001869,51,2024-03-31 02:24:20.000249,184,1.037,0.0011,"aoml_navis",1025.89831544757
"7901009",30,0.0246671200197001,1,0.072891,1,0.050463,1,152.940414370505,1,4.87353899922065,186,1,24.0030002593994,36.9900016784668,0.0728909969329834,0.0598080009222031,147.482192993164,-85.3924,22.7496,45.9842711613104,63,63,63,63,61,63,0.050463,8764,2.04575969791764,23,-85,0.001869,51,2024-03-31 02:24:20.000249,186,1.037,0.0011,"aoml_navis",1025.94849467698
"7901009",30,0.0146175526042667,1,0.052332,1,0.029904,1,152.601838789948,1,4.87333310995471,188,1,23.9099998474121,36.9990005493164,0.0523319989442825,0.0392489992082119,147.155700683594,-85.3924,22.7496,45.9842711613104,63,63,63,63,61,63,0.029904,8764,2.04575969791764,23,-85,0.001869,51,2024-03-31 02:24:20.000249,188,1.037,0.0011,"aoml_navis",1025.99183909398
"7901009",30,0.00822237333990004,1,0.039249,1,0.016821,1,151.935352672593,1,4.87317739437474,190,1,23.8470001220703,37.0060005187988,0.0392489992082119,0.0261659994721413,146.513000488281,-85.3924,22.7496,45.9842711613104,63,63,63,63,61,63,0.016821,8764,2.04575969791764,23,-85,0.001869,51,2024-03-31 02:24:20.000249,190,1.037,0.0011,"aoml_navis",1026.02462323076
"7901009",30,0.00456798518883336,1,0.031773,1,0.009345,1,151.429506798907,1,4.87283556800705,192,1,23.6730003356934,37.0209999084473,0.0317730009555817,0.0186899993568659,146.025207519531,-85.3924,22.7496,45.9842711613104,63,63,63,63,61,63,0.009345,8764,2.04575969791764,23,-85,0.001869,51,2024-03-31 02:24:20.000249,192,1.037,0.0011,"aoml_navis",1026.09659821642
"7901009",30,0,1,0.022428,1,0,1,151.191821899363,1,4.87265171567813,194,1,23.5769996643066,37.0229988098145,0.0224280003458261,0.00934499967843294,145.796005249023,-85.3924,22.7496,45.9842711613104,63,63,63,63,61,63,0,8764,2.04575969791764,23,-85,0.001869,51,2024-03-31 02:24:20.000249,194,1.037,0.0011,"aoml_navis",1026.13531435299
"7901009",30,0,1,0.022428,1,0,1,150.740931065696,1,4.87253052733814,196,1,23.5149993896484,37.0209999084473,0.0224280003458261,0.00934499967843294,145.361206054688,-85.3924,22.7496,45.9842711613104,63,63,63,63,61,63,0,8764,2.04575969791764,23,-85,0.001869,51,2024-03-31 02:24:20.000249,196,1.037,0.0011,"aoml_navis",1026.16083612954
"7901009",30,0,1,0.022428,1,0,1,150.114889832385,1,4.87239335629534,198,1,23.4389991760254,37.0180015563965,0.0224280003458261,0.00934499967843294,144.757507324219,-85.3924,22.7496,45.9842711613104,63,63,63,63,61,63,0,8764,2.04575969791764,23,-85,0.001869,51,2024-03-31 02:24:20.000249,198,1.037,0.0011,"aoml_navis",1026.18972533073
"7901009",30,-0.000913597037766671,1,0.020559,1,-0.001869,1,149.60301520251,1,4.87225000453259,200,1,23.3610000610352,37.015998840332,0.020558999851346,0.00747600011527538,144.263900756836,-85.3924,22.7496,45.9842711613104,63,63,63,63,61,63,-0.001869,8764,2.04575969791764,23,-85,0.001869,51,2024-03-31 02:24:20.000249,200,1.037,0.0011,"aoml_navis",1026.21991797395
"7901009",30,-0.00274079111330001,1,0.016821,1,-0.005607,1,149.12017670809,1,4.87207741722289,202,1,23.261999130249,37.0139999389648,0.0168210007250309,0.00373800005763769,143.798294067383,-85.3924,22.7496,45.9842711613104,63,63,63,63,61,63,-0.005607,8764,2.04575969791764,23,-85,0.001869,51,2024-03-31 02:24:20.000249,202,1.037,0.0011,"aoml_navis",1026.25627054383
"7901009",30,-0.00182719407553334,1,0.01869,1,-0.003738,1,148.731092492998,1,4.87190998379389,204,1,23.1690006256104,37.0130004882812,0.0186899993568659,0.00560700008645654,143.423095703125,-85.3924,22.7496,45.9842711613104,63,63,63,63,61,63,-0.003738,8764,2.04575969791764,23,-85,0.001869,51,2024-03-31 02:24:20.000249,204,1.037,0.0011,"aoml_navis",1026.29153999811
"7901009",30,-0.00365438815106668,1,0.014952,1,-0.007476,1,148.266720031317,1,4.87172497375513,206,1,23.0580005645752,37.0099983215332,0.0149520002305508,0.00186900002881885,142.975296020508,-85.3924,22.7496,45.9842711613104,63,63,63,63,61,63,-0.007476,8764,2.04575969791764,23,-85,0.001869,51,2024-03-31 02:24:20.000249,206,1.037,0.0011,"aoml_navis",1026.33051474291
"7901009",30,-0.00365438815106668,1,0.014952,1,-0.007476,1,147.728198615553,1,4.871528797206,207.899993896484,1,22.931999206543,37.0050010681152,0.0149520002305508,0.00186900002881885,142.455993652344,-85.3924,22.7496,45.9842711613104,63,63,63,63,61,63,-0.007476,8764,2.04575969791764,23,-85,0.001869,51,2024-03-31 02:24:20.000249,207.899993896484,1.037,0.0011,"aoml_navis",1026.37184509054
"7901009",30,-0.00274079111330001,1,0.016821,1,-0.005607,1,147.554298272967,1,4.87116196358635,210,1,22.6720008850098,36.9949989318848,0.0168210007250309,0.00373800005763769,142.288299560547,-85.3924,22.7496,45.9842711613104,63,63,63,63,61,63,-0.005607,8764,2.04575969791764,23,-85,0.001869,51,2024-03-31 02:24:20.000249,210,1.037,0.0011,"aoml_navis",1026.44913829118
"7901009",30,-0.00365438815106668,1,0.014952,1,-0.007476,1,147.400398843304,1,4.87087920575917,212,1,22.4699993133545,36.9850006103516,0.0149520002305508,0.00186900002881885,142.139892578125,-85.3924,22.7496,45.9842711613104,63,63,63,63,61,63,-0.007476,8764,2.04575969791764,23,-85,0.001869,51,2024-03-31 02:24:20.000249,212,1.037,0.0011,"aoml_navis",1026.50872435682
"7901009",30,-0.00274079111330001,1,0.016821,1,-0.005607,1,147.20834893812,1,4.8706863708384,214,1,22.3379993438721,36.9770011901855,0.0168210007250309,0.00373800005763769,141.954696655273,-85.3924,22.7496,45.9842711613104,63,63,63,63,61,63,-0.005607,8764,2.04575969791764,23,-85,0.001869,51,2024-03-31 02:24:20.000249,214,1.037,0.0011,"aoml_navis",1026.54936477451
"7901009",30,-0.00365438815106668,1,0.014952,1,-0.007476,1,147.038483589834,1,4.8705369122855,216,1,22.2399997711182,36.9700012207031,0.0149520002305508,0.00186900002881885,141.790893554688,-85.3924,22.7496,45.9842711613104,63,63,63,63,61,63,-0.007476,8764,2.04575969791764,23,-85,0.001869,51,2024-03-31 02:24:20.000249,216,1.037,0.0011,"aoml_navis",1026.58086573329
"7901009",30,-0.00456798518883336,1,0.013083,1,-0.009345,1,146.922544753607,1,4.87034569118725,218,1,22.1110000610352,36.9630012512207,0.0130829997360706,0,141.679092407227,-85.3924,22.7496,45.9842711613104,63,63,63,63,61,63,-0.009345,8764,2.04575969791764,23,-85,0.001869,51,2024-03-31 02:24:20.000249,218,1.037,0.0011,"aoml_navis",1026.62117168548
"7901009",30,-0.00182719407553334,1,0.01869,1,-0.003738,1,146.923383399481,1,4.87014291248998,220,1,21.9650001525879,36.9529991149902,0.0186899993568659,0.00560700008645654,141.679901123047,-85.3924,22.7496,45.9842711613104,63,63,63,63,61,63,-0.003738,8764,2.04575969791764,23,-85,0.001869,51,2024-03-31 02:24:20.000249,220,1.037,0.0011,"aoml_navis",1026.66391722859
"7901009",30,-0.00274079111330001,1,0.016821,1,-0.005607,1,146.904205308925,1,4.87002539236159,222,1,21.8950004577637,36.9480018615723,0.0168210007250309,0.00373800005763769,141.661407470703,-85.3924,22.7496,45.9842711613104,63,63,63,63,61,63,-0.005607,8764,2.04575969791764,23,-85,0.001869,51,2024-03-31 02:24:20.000249,222,1.037,0.0011,"aoml_navis",1026.68869198141
"7901009",30,-0.00456798518883336,1,0.013083,1,-0.009345,1,146.914775411641,1,4.86990853257618,224,1,21.8199996948242,36.9410018920898,0.0130829997360706,0,141.671600341797,-85.3924,22.7496,45.9842711613104,63,63,63,63,61,63,-0.009345,8764,2.04575969791764,23,-85,0.001869,51,2024-03-31 02:24:20.000249,224,1.037,0.0011,"aoml_navis",1026.71332871113
"7901009",30,-0.00365438815106668,1,0.014952,1,-0.007476,1,147.155261071935,1,4.86977752820819,226,1,21.7369995117188,36.935001373291,0.0149520002305508,0.00186900002881885,141.903503417969,-85.3924,22.7496,45.9842711613104,63,63,63,63,61,63,-0.007476,8764,2.04575969791764,23,-85,0.001869,51,2024-03-31 02:24:20.000249,226,1.037,0.0011,"aoml_navis",1026.74094884982
"7901009",30,-0.00182719407553334,1,0.01869,1,-0.003738,1,147.365049128532,1,4.86968653012244,228,1,21.6889991760254,36.9309997558594,0.0186899993568659,0.00560700008645654,142.105804443359,-85.3924,22.7496,45.9842711613104,63,63,63,63,61,63,-0.003738,8764,2.04575969791764,23,-85,0.001869,51,2024-03-31 02:24:20.000249,228,1.037,0.0011,"aoml_navis",1026.7601351897
"7901009",30,-0.00365438815106668,1,0.014952,1,-0.007476,1,147.511369098314,1,4.86962460446705,230,1,21.6679992675781,36.9290008544922,0.0149520002305508,0.00186900002881885,142.24690246582,-85.3924,22.7496,45.9842711613104,63,63,63,63,61,63,-0.007476,8764,2.04575969791764,23,-85,0.001869,51,2024-03-31 02:24:20.000249,230,1.037,0.0011,"aoml_navis",1026.77319221144
"7901009",30,-0.00365438815106668,1,0.014952,1,-0.007476,1,147.697089600674,1,4.86952702903221,232,1,21.6149997711182,36.9249992370605,0.0149520002305508,0.00186900002881885,142.425994873047,-85.3924,22.7496,45.9842711613104,63,63,63,63,61,63,-0.007476,8764,2.04575969791764,23,-85,0.001869,51,2024-03-31 02:24:20.000249,232,1.037,0.0011,"aoml_navis",1026.79376666151
"7901009",30,-0.000913597037766671,1,0.020559,1,-0.001869,1,148.032358068255,1,4.86936111386868,234,1,21.5,36.9169998168945,0.020558999851346,0.00747600011527538,142.749298095703,-85.3924,22.7496,45.9842711613104,63,63,63,63,61,63,-0.001869,8764,2.04575969791764,23,-85,0.001869,51,2024-03-31 02:24:20.000249,234,1.037,0.0011,"aoml_navis",1026.82875290544
"7901009",30,-0.00548158222660003,1,0.011214,1,-0.011214,1,148.129735930701,1,4.86921793563993,236,1,21.3990001678467,36.9080009460449,0.0112140001729131,-0.00186900002881885,142.843200683594,-85.3924,22.7496,45.9842711613104,63,63,63,63,61,63,-0.011214,8764,2.04575969791764,23,-85,0.001869,51,2024-03-31 02:24:20.000249,236,1.037,0.0011,"aoml_navis",1026.85894656775
"7901009",30,-0.00365438815106668,1,0.014952,1,-0.007476,1,148.098832621413,1,4.86914349136631,238,1,21.363000869751,36.9039993286133,0.0149520002305508,0.00186900002881885,142.813400268555,-85.3924,22.7496,45.9842711613104,63,63,63,63,61,63,-0.007476,8764,2.04575969791764,23,-85,0.001869,51,2024-03-31 02:24:20.000249,238,1.037,0.0011,"aoml_navis",1026.87464620127
"7901009",30,-0.00274079111330001,1,0.016821,1,-0.005607,1,147.9367524386,1,4.86905770106264,240,1,21.3129997253418,36.8979988098145,0.0168210007250309,0.00373800005763769,142.657104492188,-85.3924,22.7496,45.9842711613104,63,63,63,63,61,63,-0.005607,8764,2.04575969791764,23,-85,0.001869,51,2024-03-31 02:24:20.000249,240,1.037,0.0011,"aoml_navis",1026.89273920676
"7901009",30,-0.00274079111330001,1,0.016821,1,-0.005607,1,147.937369555376,1,4.86893849106484,242,1,21.2350006103516,36.890998840332,0.0168210007250309,0.00373800005763769,142.657699584961,-85.3924,22.7496,45.9842711613104,63,63,63,63,61,63,-0.005607,8764,2.04575969791764,23,-85,0.001869,51,2024-03-31 02:24:20.000249,242,1.037,0.0011,"aoml_navis",1026.91788141823
"7901009",30,-0.00456798518883336,1,0.013083,1,-0.009345,1,147.918286405862,1,4.86882671423898,244,1,21.1569995880127,36.8819999694824,0.0130829997360706,0,142.639297485352,-85.3924,22.7496,45.9842711613104,63,63,63,63,61,63,-0.009345,8764,2.04575969791764,23,-85,0.001869,51,2024-03-31 02:24:20.000249,244,1.037,0.0011,"aoml_navis",1026.94145704085
"7901009",30,-0.00456798518883336,1,0.013083,1,-0.009345,1,148.133359513817,1,4.86868019966285,246,1,21.0470008850098,36.8709983825684,0.0130829997360706,0,142.846694946289,-85.3924,22.7496,45.9842711613104,63,63,63,63,61,63,-0.009345,8764,2.04575969791764,23,-85,0.001869,51,2024-03-31 02:24:20.000249,246,1.037,0.0011,"aoml_navis",1026.97236108181
"7901009",30,0,1,0.014952,1,-0.007476,1,148.098104740088,1,4.86860190767729,248,1,21.0049991607666,36.8660011291504,0.0149520002305508,0,142.812698364258,-85.3924,22.7496,45.9842711613104,63,63,63,63,61,63,0,8764,2.04575969791764,23,-85,0.001869,51,2024-03-31 02:24:20.000249,248,1.037,0.0011,"aoml_navis",1026.98887582398
"7901009",30,0,1,0.016821,1,-0.005607,1,147.856179140652,1,4.86852009194473,250,1,20.9629993438721,36.8619995117188,0.0168210007250309,0,142.579406738281,-85.3924,22.7496,45.9842711613104,63,63,63,63,61,63,0,8764,2.04575969791764,23,-85,0.001869,51,2024-03-31 02:24:20.000249,250,1.037,0.0011,"aoml_navis",1027.00613442529
"7901009",30,0,1,0.011214,1,-0.011214,1,147.719907097854,1,4.86842485813854,252,1,20.8969993591309,36.8530006408691,0.0112140001729131,0,142.447998046875,-85.3924,22.7496,45.9842711613104,63,63,63,63,61,63,0,8764,2.04575969791764,23,-85,0.001869,51,2024-03-31 02:24:20.000249,252,1.037,0.0011,"aoml_navis",1027.02622422969
"7901009",30,0,1,0.01869,1,-0.003738,1,147.562700555216,1,4.8683412448882,254,1,20.8479995727539,36.8470001220703,0.0186899993568659,0,142.296401977539,-85.3924,22.7496,45.9842711613104,63,63,63,63,61,63,0,8764,2.04575969791764,23,-85,0.001869,51,2024-03-31 02:24:20.000249,254,1.037,0.0011,"aoml_navis",1027.04386329739
"7901009",30,0,1,0.013083,1,-0.009345,1,147.539155176711,1,4.86816505062662,256,1,20.7059993743896,36.8330001831055,0.0130829997360706,0,142.273696899414,-85.3924,22.7496,45.9842711613104,63,63,63,63,61,63,0,8764,2.04575969791764,23,-85,0.001869,51,2024-03-31 02:24:20.000249,256,1.037,0.0011,"aoml_navis",1027.0810352571
"7901009",30,0,1,0.020559,1,-0.001869,1,147.486162251568,1,4.86808048551831,258,1,20.6560001373291,36.8269996643066,0.020558999851346,0,142.222595214844,-85.3924,22.7496,45.9842711613104,63,63,63,63,61,63,0,8764,2.04575969791764,23,-85,0.001869,51,2024-03-31 02:24:20.000249,258,1.037,0.0011,"aoml_navis",1027.09887703667
"7901009",30,0,1,0.014952,1,-0.007476,1,147.323259246388,1,4.86802292999249,260,1,20.6350002288818,36.8240013122559,0.0149520002305508,0,142.065505981445,-85.3924,22.7496,45.9842711613104,63,63,63,63,61,63,0,8764,2.04575969791764,23,-85,0.001869,51,2024-03-31 02:24:20.000249,260,1.037,0.0011,"aoml_navis",1027.11102061463
"7901009",30,0,1,0.013083,1,-0.009345,1,147.432346504058,1,4.86790974894863,262,1,20.548999786377,36.8129997253418,0.0130829997360706,0,142.170700073242,-85.3924,22.7496,45.9842711613104,63,63,63,63,61,63,0,8764,2.04575969791764,23,-85,0.001869,51,2024-03-31 02:24:20.000249,262,1.037,0.0011,"aoml_navis",1027.13490139785
"7901009",30,0,1,0.01869,1,-0.003738,1,147.702801886722,1,4.86777455455028,264,1,20.443000793457,36.8009986877441,0.0186899993568659,0,142.431503295898,-85.3924,22.7496,45.9842711613104,63,63,63,63,61,63,0,8764,2.04575969791764,23,-85,0.001869,51,2024-03-31 02:24:20.000249,264,1.037,0.0011,"aoml_navis",1027.16342837326
"7901009",30,0,1,0.016821,1,-0.005607,1,147.846321095754,1,4.86768680750118,266,1,20.378999710083,36.7910003662109,0.0168210007250309,0,142.569900512695,-85.3924,22.7496,45.9842711613104,63,63,63,63,61,63,0,8764,2.04575969791764,23,-85,0.001869,51,2024-03-31 02:24:20.000249,266,1.037,0.0011,"aoml_navis",1027.18194446999
"7901009",30,0,1,0.013083,1,-0.009345,1,148.377579521777,1,4.86754818287509,268,1,20.2670001983643,36.7779998779297,0.0130829997360706,0,143.08219909668,-85.3924,22.7496,45.9842711613104,63,63,63,63,61,63,0,8764,2.04575969791764,23,-85,0.001869,51,2024-03-31 02:24:20.000249,268,1.037,0.0011,"aoml_navis",1027.21119794785
"7901009",30,0,1,0.014952,1,-0.007476,1,149.115208126873,1,4.86734508639886,270,1,20.0790004730225,36.7560005187988,0.0149520002305508,0,143.793502807617,-85.3924,22.7496,45.9842711613104,63,63,63,63,61,63,0,8764,2.04575969791764,23,-85,0.001869,51,2024-03-31 02:24:20.000249,270,1.037,0.0011,"aoml_navis",1027.25405970738
"7901009",30,0,1,0.013083,1,-0.009345,1,149.626971992199,1,4.86724246520356,272,1,19.9969997406006,36.7439994812012,0.0130829997360706,0,144.287002563477,-85.3924,22.7496,45.9842711613104,63,63,63,63,61,63,0,8764,2.04575969791764,23,-85,0.001869,51,2024-03-31 02:24:20.000249,272,1.037,0.0011,"aoml_navis",1027.27571838583
"7901009",30,0,1,0.014952,1,-0.007476,1,150.333175112274,1,4.86707857154289,274,1,19.8610000610352,36.7299995422363,0.0149520002305508,0,144.968002319336,-85.3924,22.7496,45.9842711613104,63,63,63,63,61,63,0,8764,2.04575969791764,23,-85,0.001869,51,2024-03-31 02:24:20.000249,274,1.037,0.0011,"aoml_navis",1027.31031079594
"7901009",30,0,1,0.01869,1,-0.003738,1,150.560479791187,1,4.86698864910967,276,1,19.7970008850098,36.7210006713867,0.0186899993568659,0,145.187194824219,-85.3924,22.7496,45.9842711613104,63,63,63,63,61,63,0,8764,2.04575969791764,23,-85,0.001869,51,2024-03-31 02:24:20.000249,276,1.037,0.0011,"aoml_navis",1027.32929137089
"7901009",30,0,1,0.011214,1,-0.011214,1,151.044868989299,1,4.86691847481167,278,1,19.7569999694824,36.7150001525879,0.0112140001729131,0,145.654296875,-85.3924,22.7496,45.9842711613104,63,63,63,63,61,63,0,8764,2.04575969791764,23,-85,0.001869,51,2024-03-31 02:24:20.000249,278,1.037,0.0011,"aoml_navis",1027.3441040521
"7901009",30,0,1,0.016821,1,-0.005607,1,151.966983863205,1,4.86677352698111,280,1,19.6350002288818,36.701000213623,0.0168210007250309,0,146.543502807617,-85.3924,22.7496,45.9842711613104,63,63,63,63,61,63,0,8764,2.04575969791764,23,-85,0.001869,51,2024-03-31 02:24:20.000249,280,1.037,0.0011,"aoml_navis",1027.3747015924
"7901009",30,0,1,0.01869,1,-0.003738,1,152.606823194672,1,4.86667231175951,282,1,19.55299949646,36.6889991760254,0.0186899993568659,0,147.160507202148,-85.3924,22.7496,45.9842711613104,63,63,63,63,61,63,0,8764,2.04575969791764,23,-85,0.001869,51,2024-03-31 02:24:20.000249,282,1.037,0.0011,"aoml_navis",1027.3960685453
"7901009",30,0,1,0.013083,1,-0.009345,1,153.223939970001,1,4.86655406850088,284,1,19.4629993438721,36.6790008544922,0.0130829997360706,0,147.755599975586,-85.3924,22.7496,45.9842711613104,63,63,63,63,61,63,0,8764,2.04575969791764,23,-85,0.001869,51,2024-03-31 02:24:20.000249,284,1.037,0.0011,"aoml_navis",1027.42103131307
"7901009",30,0,1,0.014952,1,-0.007476,1,153.855171313628,1,4.86639648237238,286,1,19.3239994049072,36.6629981994629,0.0149520002305508,0,148.364303588867,-85.3924,22.7496,45.9842711613104,63,63,63,63,61,63,0,8764,2.04575969791764,23,-85,0.001869,51,2024-03-31 02:24:20.000249,286,1.037,0.0011,"aoml_navis",1027.45430178399
"7901009",30,0,1,0.020559,1,-0.001869,1,153.810992081917,1,4.86633188462516,288,1,19.2849998474121,36.6559982299805,0.020558999851346,0,148.321701049805,-85.3924,22.7496,45.9842711613104,63,63,63,63,61,63,0,8764,2.04575969791764,23,-85,0.001869,51,2024-03-31 02:24:20.000249,288,1.037,0.0011,"aoml_navis",1027.46794064687
"7901009",30,0,1,0.016821,1,-0.005607,1,153.745134645534,1,4.8662494818844,290,1,19.2229995727539,36.6459999084473,0.0168210007250309,0,148.258193969727,-85.3924,22.7496,45.9842711613104,63,63,63,63,61,63,0,8764,2.04575969791764,23,-85,0.001869,51,2024-03-31 02:24:20.000249,290,1.037,0.0011,"aoml_navis",1027.48533929744
"7901009",30,0,4,0.009345,1,-0.013083,1,153.310636965181,1,4.86617880491233,292,1,19.1790008544922,36.6389999389648,0.00934499967843294,0,147.839202880859,-85.3924,22.7496,45.9842711613104,63,63,63,63,61,63,0,8764,2.04575969791764,23,-85,0.001869,51,2024-03-31 02:24:20.000249,292,1.037,0.0011,"aoml_navis",1027.50026261932
"7901009",30,0,1,0.014952,1,-0.007476,1,153.475407144194,1,4.86606007150893,294,1,19.0729999542236,36.6240005493164,0.0149520002305508,0,147.998092651367,-85.3924,22.7496,45.9842711613104,63,63,63,63,61,63,0,8764,2.04575969791764,23,-85,0.001869,51,2024-03-31 02:24:20.000249,294,1.037,0.0011,"aoml_navis",1027.52533395042
"7901009",30,0,1,0.016821,1,-0.005607,1,154.08942251214,1,4.86597704135755,296,1,19.0130004882812,36.6150016784668,0.0168210007250309,0,148.590194702148,-85.3924,22.7496,45.9842711613104,63,63,63,63,61,63,0,8764,2.04575969791764,23,-85,0.001869,51,2024-03-31 02:24:20.000249,296,1.037,0.0011,"aoml_navis",1027.54286703438
"7901009",30,0,1,0.016821,1,-0.005607,1,154.293609047238,1,4.86589948708249,298,1,18.9689998626709,36.6100006103516,0.0168210007250309,0,148.787094116211,-85.3924,22.7496,45.9842711613104,63,63,63,63,61,63,0,8764,2.04575969791764,23,-85,0.001869,51,2024-03-31 02:24:20.000249,298,1.037,0.0011,"aoml_navis",1027.55924434393
"7901009",30,0,1,0.011214,1,-0.011214,1,154.280032478181,1,4.86584329279634,300,1,18.951000213623,36.6080017089844,0.0112140001729131,0,148.774002075195,-85.3924,22.7496,45.9842711613104,63,63,63,63,61,63,0,8764,2.04575969791764,23,-85,0.001869,51,2024-03-31 02:24:20.000249,300,1.037,0.0011,"aoml_navis",1027.57111134308
"7901009",30,0,1,0.013083,1,-0.009345,1,154.217086567098,1,4.8657986645121,302.100006103516,1,18.9440002441406,36.6059989929199,0.0130829997360706,0,148.713302612305,-85.3924,22.7496,45.9842711613104,63,63,63,63,61,63,0,8764,2.04575969791764,23,-85,0.001869,51,2024-03-31 02:24:20.000249,302.100006103516,1.037,0.0011,"aoml_navis",1027.58053605191
"7901009",30,0,1,0.01869,1,-0.003738,1,154.090150393465,1,4.86574691971002,304,1,18.9249992370605,36.6030006408691,0.0186899993568659,0,148.590896606445,-85.3924,22.7496,45.9842711613104,63,63,63,63,61,63,0,8764,2.04575969791764,23,-85,0.001869,51,2024-03-31 02:24:20.000249,304,1.037,0.0011,"aoml_navis",1027.59146386059
"7901009",30,0,1,0.014952,1,-0.007476,1,153.958039933023,1,4.86568281289904,306,1,18.882999420166,36.5950012207031,0.0149520002305508,0,148.463500976562,-85.3924,22.7496,45.9842711613104,63,63,63,63,61,63,0,8764,2.04575969791764,23,-85,0.001869,51,2024-03-31 02:24:20.000249,306,1.037,0.0011,"aoml_navis",1027.60500268223
"7901009",30,0,1,0.016821,1,-0.005607,1,154.0099885067,1,4.8655541489515,308,1,18.7649993896484,36.5789985656738,0.0168210007250309,0,148.513595581055,-85.3924,22.7496,45.9842711613104,63,63,63,63,61,63,0,8764,2.04575969791764,23,-85,0.001869,51,2024-03-31 02:24:20.000249,308,1.037,0.0011,"aoml_navis",1027.63217650706
"7901009",30,0,1,0.013083,1,-0.009345,1,154.207434227791,1,4.86543594654402,310,1,18.6609992980957,36.564998626709,0.0130829997360706,0,148.703994750977,-85.3924,22.7496,45.9842711613104,63,63,63,63,61,63,0,8764,2.04575969791764,23,-85,0.001869,51,2024-03-31 02:24:20.000249,310,1.037,0.0011,"aoml_navis",1027.65714212137
"7901009",30,0,1,0.013083,1,-0.009345,1,154.0725230066,1,4.86538723616998,312,1,18.6459999084473,36.5620002746582,0.0130829997360706,0,148.57389831543,-85.3924,22.7496,45.9842711613104,63,63,63,63,61,63,0,8764,2.04575969791764,23,-85,0.001869,51,2024-03-31 02:24:20.000249,312,1.037,0.0011,"aoml_navis",1027.66743062696
"7901009",30,0,1,0.013083,1,-0.009345,1,153.932943850826,1,4.86533837185486,314,1,18.6219997406006,36.5559997558594,0.0130829997360706,0,148.439300537109,-85.3924,22.7496,45.9842711613104,63,63,63,63,61,63,0,8764,2.04575969791764,23,-85,0.001869,51,2024-03-31 02:24:20.000249,314,1.037,0.0011,"aoml_navis",1027.67775185466
"7901009",30,0,1,0.013083,1,-0.009345,1,153.901312660214,1,4.86524898921845,316,1,18.55299949646,36.5460014343262,0.0130829997360706,0,148.408798217773,-85.3924,22.7496,45.9842711613104,63,63,63,63,61,63,0,8764,2.04575969791764,23,-85,0.001869,51,2024-03-31 02:24:20.000249,316,1.037,0.0011,"aoml_navis",1027.69663198742
"7901009",30,0,1,0.014952,1,-0.007476,1,153.666222815827,1,4.86518312627672,318,1,18.5149993896484,36.5400009155273,0.0149520002305508,0,148.182098388672,-85.3924,22.7496,45.9842711613104,63,63,63,63,61,63,0,8764,2.04575969791764,23,-85,0.001869,51,2024-03-31 02:24:20.000249,318,1.037,0.0011,"aoml_navis",1027.71054454151
"7901009",30,0,1,0.014952,1,-0.007476,1,153.501658342406,1,4.86510140686423,320,1,18.4580001831055,36.5320014953613,0.0149520002305508,0,148.023406982422,-85.3924,22.7496,45.9842711613104,63,63,63,63,61,63,0,8764,2.04575969791764,23,-85,0.001869,51,2024-03-31 02:24:20.000249,320,1.037,0.0011,"aoml_navis",1027.72780705977
"7901009",30,0,1,0.014952,1,-0.007476,1,153.322346360406,1,4.86503564575577,322,1,18.4169998168945,36.5250015258789,0.0149520002305508,0,147.850494384766,-85.3924,22.7496,45.9842711613104,63,63,63,63,61,63,0,8764,2.04575969791764,23,-85,0.001869,51,2024-03-31 02:24:20.000249,322,1.037,0.0011,"aoml_navis",1027.74169894561
"7901009",30,0,1,0.016821,1,-0.005607,1,153.084044344086,1,4.8649761081284,324,1,18.3899993896484,36.5209999084473,0.0168210007250309,0,147.620697021484,-85.3924,22.7496,45.9842711613104,63,63,63,63,61,63,0,8764,2.04575969791764,23,-85,0.001869,51,2024-03-31 02:24:20.000249,324,1.037,0.0011,"aoml_navis",1027.75427645904
"7901009",30,0,1,0.014952,1,-0.007476,1,152.887120798728,1,4.8649092380455,326,1,18.3479995727539,36.5139999389648,0.0149520002305508,0,147.430801391602,-85.3924,22.7496,45.9842711613104,63,63,63,63,61,63,0,8764,2.04575969791764,23,-85,0.001869,51,2024-03-31 02:24:20.000249,326,1.037,0.0011,"aoml_navis",1027.7684033441
"7901009",30,0,1,0.013083,1,-0.009345,1,152.521471197592,1,4.86485825570322,328,1,18.3279991149902,36.5099983215332,0.0130829997360706,0,147.078201293945,-85.3924,22.7496,45.9842711613104,63,63,63,63,61,63,0,8764,2.04575969791764,23,-85,0.001869,51,2024-03-31 02:24:20.000249,328,1.037,0.0011,"aoml_navis",1027.77917406706
"7901009",30,0,1,0.01869,1,-0.003738,1,152.139744913283,1,4.86477447271704,330,1,18.2600002288818,36.4990005493164,0.0186899993568659,0,146.710098266602,-85.3924,22.7496,45.9842711613104,63,63,63,63,61,63,0,8764,2.04575969791764,23,-85,0.001869,51,2024-03-31 02:24:20.000249,330,1.037,0.0011,"aoml_navis",1027.79687486878
"7901009",30,0,1,0.016821,1,-0.005607,1,151.970923916463,1,4.86468605341408,332,1,18.1879997253418,36.4879989624023,0.0168210007250309,0,146.547302246094,-85.3924,22.7496,45.9842711613104,63,63,63,63,61,63,0,8764,2.04575969791764,23,-85,0.001869,51,2024-03-31 02:24:20.000249,332,1.037,0.0011,"aoml_navis",1027.81555584475
"7901009",30,0,1,0.013083,1,-0.009345,1,151.665625171252,1,4.8646243162254,334,1,18.1560001373291,36.4830017089844,0.0130829997360706,0,146.252899169922,-85.3924,22.7496,45.9842711613104,63,63,63,63,61,63,0,8764,2.04575969791764,23,-85,0.001869,51,2024-03-31 02:24:20.000249,334,1.037,0.0011,"aoml_navis",1027.82859990299
"7901009",30,0,1,0.014952,1,-0.007476,1,151.341243276528,1,4.86456383448026,336,1,18.125,36.4780006408691,0.0149520002305508,0,145.940093994141,-85.3924,22.7496,45.9842711613104,63,63,63,63,61,63,0,8764,2.04575969791764,23,-85,0.001869,51,2024-03-31 02:24:20.000249,336,1.037,0.0011,"aoml_navis",1027.8413790276
"7901009",30,0,1,0.014952,1,-0.007476,1,151.183625322706,1,4.86448296839556,338,1,18.0650005340576,36.4690017700195,0.0149520002305508,0,145.788101196289,-85.3924,22.7496,45.9842711613104,63,63,63,63,61,63,0,8764,2.04575969791764,23,-85,0.001869,51,2024-03-31 02:24:20.000249,338,1.037,0.0011,"aoml_navis",1027.85846563446
"7901009",30,0,1,0.013083,1,-0.009345,1,150.977888083916,1,4.86444178415234,340,1,18.0590000152588,36.4669990539551,0.0130829997360706,0,145.589706420898,-85.3924,22.7496,45.9842711613104,63,63,63,63,61,63,0,8764,2.04575969791764,23,-85,0.001869,51,2024-03-31 02:24:20.000249,340,1.037,0.0011,"aoml_navis",1027.86716788127
"7901009",30,0,1,0.014952,1,-0.007476,1,150.673934336805,1,4.86439578091019,342,1,18.048999786377,36.4650001525879,0.0149520002305508,0,145.296600341797,-85.3924,22.7496,45.9842711613104,63,63,63,63,61,63,0,8764,2.04575969791764,23,-85,0.001869,51,2024-03-31 02:24:20.000249,342,1.037,0.0011,"aoml_navis",1027.87688855869
"7901009",30,0,1,0.013083,1,-0.009345,1,150.19182372371,1,4.86433902270981,344,1,18.0209999084473,36.4599990844727,0.0130829997360706,0,144.831695556641,-85.3924,22.7496,45.9842711613104,63,63,63,63,61,63,0,8764,2.04575969791764,23,-85,0.001869,51,2024-03-31 02:24:20.000249,344,1.037,0.0011,"aoml_navis",1027.88888205712
"7901009",30,0,1,0.014952,1,-0.007476,1,149.840177926322,1,4.86425958500441,346,1,17.9619998931885,36.451000213623,0.0149520002305508,0,144.492599487305,-85.3924,22.7496,45.9842711613104,63,63,63,63,61,63,0,8764,2.04575969791764,23,-85,0.001869,51,2024-03-31 02:24:20.000249,346,1.037,0.0011,"aoml_navis",1027.90566840101
"7901009",30,0,1,0.014952,1,-0.007476,1,149.534673475519,1,4.86419700626723,348,1,17.9200000762939,36.443000793457,0.0149520002305508,0,144.197998046875,-85.3924,22.7496,45.9842711613104,63,63,63,63,61,63,0,8764,2.04575969791764,23,-85,0.001869,51,2024-03-31 02:24:20.000249,348,1.037,0.0011,"aoml_navis",1027.91889258552
"7901009",30,0,1,0.020559,1,-0.001869,1,149.247223646273,1,4.86413446393726,350,1,17.8810005187988,36.4360008239746,0.020558999851346,0,143.920806884766,-85.3924,22.7496,45.9842711613104,63,63,63,63,61,63,0,8764,2.04575969791764,23,-85,0.001869,51,2024-03-31 02:24:20.000249,350,1.037,0.0011,"aoml_navis",1027.93210941639
"7901009",30,0,1,0.014952,1,-0.007476,1,149.16715670055,1,4.86406132177008,352,1,17.8269996643066,36.4269981384277,0.0149520002305508,0,143.843597412109,-85.3924,22.7496,45.9842711613104,63,63,63,63,61,63,0,8764,2.04575969791764,23,-85,0.001869,51,2024-03-31 02:24:20.000249,352,1.037,0.0011,"aoml_navis",1027.94756670141
"7901009",30,0,1,0.014952,1,-0.007476,1,149.163944528617,1,4.86399882064182,354,1,17.7940006256104,36.4220008850098,0.0149520002305508,0,143.84049987793,-85.3924,22.7496,45.9842711613104,63,63,63,63,61,63,0,8764,2.04575969791764,23,-85,0.001869,51,2024-03-31 02:24:20.000249,354,1.037,0.0011,"aoml_navis",1027.96077556208
"7901009",30,0,1,0.014952,1,-0.007476,1,149.38855921133,1,4.86394470713126,356,1,17.7679996490479,36.4169998168945,0.0149520002305508,0,144.057098388672,-85.3924,22.7496,45.9842711613104,63,63,63,63,61,63,0,8764,2.04575969791764,23,-85,0.001869,51,2024-03-31 02:24:20.000249,356,1.037,0.0011,"aoml_navis",1027.97221207496
"7901009",30,0,1,0.016821,1,-0.005607,1,149.680376328525,1,4.86387986338161,358,1,17.7360000610352,36.4129981994629,0.0168210007250309,0,144.338500976562,-85.3924,22.7496,45.9842711613104,63,63,63,63,61,63,0,8764,2.04575969791764,23,-85,0.001869,51,2024-03-31 02:24:20.000249,358,1.037,0.0011,"aoml_navis",1027.98591668417
"7901009",30,0,1,0.016821,1,-0.005607,1,149.969693331605,1,4.86379518661017,360,1,17.6690006256104,36.4029998779297,0.0168210007250309,0,144.617492675781,-85.3924,22.7496,45.9842711613104,63,63,63,63,61,63,0,8764,2.04575969791764,23,-85,0.001869,51,2024-03-31 02:24:20.000249,360,1.037,0.0011,"aoml_navis",1028.00381351682
"7901009",30,0,1,0.014952,1,-0.007476,1,149.833437112314,1,4.86369313520288,362,1,17.5779991149902,36.3899993896484,0.0149520002305508,0,144.486099243164,-85.3924,22.7496,45.9842711613104,63,63,63,63,61,63,0,8764,2.04575969791764,23,-85,0.001869,51,2024-03-31 02:24:20.000249,362,1.037,0.0011,"aoml_navis",1028.0253833883
"7901009",30,0,1,0.016821,1,-0.005607,1,149.686911436941,1,4.86360557774432,364,1,17.4990005493164,36.3769989013672,0.0168210007250309,0,144.344802856445,-85.3924,22.7496,45.9842711613104,63,63,63,63,61,63,0,8764,2.04575969791764,23,-85,0.001869,51,2024-03-31 02:24:20.000249,364,1.037,0.0011,"aoml_navis",1028.04389049964
"7901009",30,0,1,0.014952,1,-0.007476,1,149.450571535497,1,4.86354701873719,366,1,17.4689998626709,36.3720016479492,0.0149520002305508,0,144.116897583008,-85.3924,22.7496,45.9842711613104,63,63,63,63,61,63,0,8764,2.04575969791764,23,-85,0.001869,51,2024-03-31 02:24:20.000249,366,1.037,0.0011,"aoml_navis",1028.05626854991
"7901009",30,0,1,0.01869,1,-0.003738,1,149.046660694291,1,4.86349313526799,368,1,17.4459991455078,36.3680000305176,0.0186899993568659,0,143.727401733398,-85.3924,22.7496,45.9842711613104,63,63,63,63,61,63,0,8764,2.04575969791764,23,-85,0.001869,51,2024-03-31 02:24:20.000249,368,1.037,0.0011,"aoml_navis",1028.06765856049
"7901009",30,0,1,0.016821,1,-0.005607,1,148.749352820145,1,4.8634242331548,370,1,17.4009990692139,36.3610000610352,0.0168210007250309,0,143.440704345703,-85.3924,22.7496,45.9842711613104,63,63,63,63,61,63,0,8764,2.04575969791764,23,-85,0.001869,51,2024-03-31 02:24:20.000249,370,1.037,0.0011,"aoml_navis",1028.082223614
"7901009",30,0,1,0.016821,1,-0.005607,1,148.564138670011,1,4.86333936813452,372,1,17.3299999237061,36.3499984741211,0.0168210007250309,0,143.262100219727,-85.3924,22.7496,45.9842711613104,63,63,63,63,61,63,0,8764,2.04575969791764,23,-85,0.001869,51,2024-03-31 02:24:20.000249,372,1.037,0.0011,"aoml_navis",1028.1001635956
"7901009",30,0,1,0.016821,1,-0.005607,1,148.308620678011,1,4.86328696298354,374,1,17.3020000457764,36.3440017700195,0.0168210007250309,0,143.015701293945,-85.3924,22.7496,45.9842711613104,63,63,63,63,61,63,0,8764,2.04575969791764,23,-85,0.001869,51,2024-03-31 02:24:20.000249,374,1.037,0.0011,"aoml_navis",1028.11124205852
"7901009",30,0,1,0.01869,1,-0.003738,1,147.858869136852,1,4.86321725885805,376,1,17.2530002593994,36.3359985351562,0.0186899993568659,0,142.582000732422,-85.3924,22.7496,45.9842711613104,63,63,63,63,61,63,0,8764,2.04575969791764,23,-85,0.001869,51,2024-03-31 02:24:20.000249,376,1.037,0.0011,"aoml_navis",1028.12597789926
"7901009",30,0,1,0.020559,1,-0.001869,1,147.703941179231,1,4.86313862840749,378,1,17.1870002746582,36.3250007629395,0.020558999851346,0,142.432601928711,-85.3924,22.7496,45.9842711613104,63,63,63,63,61,63,0,8764,2.04575969791764,23,-85,0.001869,51,2024-03-31 02:24:20.000249,378,1.037,0.0011,"aoml_navis",1028.14260132192
"7901009",30,0,1,0.013083,1,-0.009345,1,147.452157534896,1,4.86308055137284,380,1,17.1539993286133,36.3190002441406,0.0130829997360706,0,142.189804077148,-85.3924,22.7496,45.9842711613104,63,63,63,63,61,63,0,8764,2.04575969791764,23,-85,0.001869,51,2024-03-31 02:24:20.000249,380,1.037,0.0011,"aoml_navis",1028.15487985049
"7901009",30,0,1,0.016821,1,-0.005607,1,147.263114096054,1,4.86300878455216,382,1,17.1030006408691,36.3110008239746,0.0168210007250309,0,142.007507324219,-85.3924,22.7496,45.9842711613104,63,63,63,63,61,63,0,8764,2.04575969791764,23,-85,0.001869,51,2024-03-31 02:24:20.000249,382,1.037,0.0011,"aoml_navis",1028.1700530509
"7901009",30,0,1,0.013083,1,-0.009345,1,147.095938743968,1,4.86294719185822,384,1,17.0699996948242,36.3059997558594,0.0130829997360706,0,141.846298217773,-85.3924,22.7496,45.9842711613104,63,63,63,63,61,63,0,8764,2.04575969791764,23,-85,0.001869,51,2024-03-31 02:24:20.000249,384,1.037,0.0011,"aoml_navis",1028.18307555781
"7901009",30,0,1,0.013083,1,-0.009345,1,146.817191843604,1,4.86289815224397,386,1,17.0540008544922,36.3030014038086,0.0130829997360706,0,141.577499389648,-85.3924,22.7496,45.9842711613104,63,63,63,63,61,63,0,8764,2.04575969791764,23,-85,0.001869,51,2024-03-31 02:24:20.000249,386,1.037,0.0011,"aoml_navis",1028.19344421038
"7901009",30,0,1,0.013083,1,-0.009345,1,146.40777442194,1,4.86284475126884,388,1,17.0279998779297,36.2980003356934,0.0130829997360706,0,141.182693481445,-85.3924,22.7496,45.9842711613104,63,63,63,63,61,63,0,8764,2.04575969791764,23,-85,0.001869,51,2024-03-31 02:24:20.000249,388,1.037,0.0011,"aoml_navis",1028.20473524173
"7901009",30,0,1,0.016821,1,-0.005607,1,145.983118962979,1,4.86277322421906,390,1,16.9769992828369,36.2900009155273,0.0168210007250309,0,140.773193359375,-85.3924,22.7496,45.9842711613104,63,63,63,63,61,63,0,8764,2.04575969791764,23,-85,0.001869,51,2024-03-31 02:24:20.000249,390,1.037,0.0011,"aoml_navis",1028.2198592148
"7901009",30,0,1,0.014952,1,-0.007476,1,145.447920483698,1,4.86271252871118,392,1,16.9290008544922,36.2799987792969,0.0149520002305508,0,140.257095336914,-85.3924,22.7496,45.9842711613104,63,63,63,63,61,63,0,8764,2.04575969791764,23,-85,0.001869,51,2024-03-31 02:24:20.000249,392,1.037,0.0011,"aoml_navis",1028.23269327114
"7901009",30,0,1,0.014952,1,-0.007476,1,144.911899182049,1,4.86261541652346,394,1,16.8400001525879,36.2669982910156,0.0149520002305508,0,139.740203857422,-85.3924,22.7496,45.9842711613104,63,63,63,63,61,63,0,8764,2.04575969791764,23,-85,0.001869,51,2024-03-31 02:24:20.000249,394,1.037,0.0011,"aoml_navis",1028.25322829556
"7901009",30,0,1,0.014952,1,-0.007476,1,144.851437561574,1,4.86252816795625,396,1,16.7530002593994,36.2519989013672,0.0149520002305508,0,139.681900024414,-85.3924,22.7496,45.9842711613104,63,63,63,63,61,63,0,8764,2.04575969791764,23,-85,0.001869,51,2024-03-31 02:24:20.000249,396,1.037,0.0011,"aoml_navis",1028.27167829066
"7901009",30,0,1,0.016821,1,-0.005607,1,144.702522536635,1,4.86247585357307,398,1,16.7339992523193,36.2490005493164,0.0168210007250309,0,139.538299560547,-85.3924,22.7496,45.9842711613104,63,63,63,63,61,63,0,8764,2.04575969791764,23,-85,0.001869,51,2024-03-31 02:24:20.000249,398,1.037,0.0011,"aoml_navis",1028.28274125534
"7901009",30,0,1,0.013083,1,-0.009345,1,144.551851102412,1,4.86243257966821,400,1,16.7259998321533,36.2470016479492,0.0130829997360706,0,139.393005371094,-85.3924,22.7496,45.9842711613104,63,63,63,63,61,63,0,8764,2.04575969791764,23,-85,0.001869,51,2024-03-31 02:24:20.000249,400,1.037,0.0011,"aoml_navis",1028.29189260269
"7901009",30,0,1,0.020559,1,-0.001869,1,144.324736305584,1,4.86239507073165,402,1,16.7229995727539,36.2449989318848,0.020558999851346,0,139.17399597168,-85.3924,22.7496,45.9842711613104,63,63,63,63,61,63,0,8764,2.04575969791764,23,-85,0.001869,51,2024-03-31 02:24:20.000249,402,1.037,0.0011,"aoml_navis",1028.29982493538
"7901009",30,0,1,0.011214,1,-0.011214,1,143.995496594193,1,4.86232723368849,404,1,16.6809997558594,36.2389984130859,0.0112140001729131,0,138.856506347656,-85.3924,22.7496,45.9842711613104,63,63,63,63,61,63,0,8764,2.04575969791764,23,-85,0.001869,51,2024-03-31 02:24:20.000249,404,1.037,0.0011,"aoml_navis",1028.31417132061
"7901009",30,0,1,0.020559,1,-0.001869,1,143.731259849802,1,4.86224987975391,406,1,16.6180000305176,36.2290000915527,0.020558999851346,0,138.601699829102,-85.3924,22.7496,45.9842711613104,63,63,63,63,61,63,0,8764,2.04575969791764,23,-85,0.001869,51,2024-03-31 02:24:20.000249,406,1.037,0.0011,"aoml_navis",1028.33053085562
"7901009",30,0,1,0.014952,1,-0.007476,1,143.591158518295,1,4.86218926661101,408,1,16.5790004730225,36.2220001220703,0.0149520002305508,0,138.466598510742,-85.3924,22.7496,45.9842711613104,63,63,63,63,61,63,0,8764,2.04575969791764,23,-85,0.001869,51,2024-03-31 02:24:20.000249,408,1.037,0.0011,"aoml_navis",1028.34335025486
"7901009",30,0,1,0.013083,1,-0.009345,1,143.450535011056,1,4.86213861201507,410,1,16.5550003051758,36.2169990539551,0.0130829997360706,0,138.330993652344,-85.3924,22.7496,45.9842711613104,63,63,63,63,61,63,0,8764,2.04575969791764,23,-85,0.001869,51,2024-03-31 02:24:20.000249,410,1.037,0.0011,"aoml_navis",1028.35406371267
"7901009",30,0,1,0.01869,1,-0.003738,1,143.541694235227,1,4.86205432210943,412,1,16.492000579834,36.2089996337891,0.0186899993568659,0,138.418899536133,-85.3924,22.7496,45.9842711613104,63,63,63,63,61,63,0,8764,2.04575969791764,23,-85,0.001869,51,2024-03-31 02:24:20.000249,412,1.037,0.0011,"aoml_navis",1028.37189154043
"7901009",30,0,1,0.013083,1,-0.009345,1,143.239512720907,1,4.86200580785011,414,1,16.4729995727539,36.2050018310547,0.0130829997360706,0,138.127502441406,-85.3924,22.7496,45.9842711613104,63,63,63,63,61,63,0,8764,2.04575969791764,23,-85,0.001869,51,2024-03-31 02:24:20.000249,414,1.037,0.0011,"aoml_navis",1028.38215288165
"7901009",30,0,1,0.016821,1,-0.005607,1,142.683981035054,1,4.86196074123217,416,1,16.4570007324219,36.201000213623,0.0168210007250309,0,137.591796875,-85.3924,22.7496,45.9842711613104,63,63,63,63,61,63,0,8764,2.04575969791764,23,-85,0.001869,51,2024-03-31 02:24:20.000249,416,1.037,0.0011,"aoml_navis",1028.39168518931
"7901009",30,0,1,0.016821,1,-0.005607,1,142.361577078713,1,4.861873925399,418,1,16.3819999694824,36.189998626709,0.0168210007250309,0,137.280899047852,-85.3924,22.7496,45.9842711613104,63,63,63,63,61,63,0,8764,2.04575969791764,23,-85,0.001869,51,2024-03-31 02:24:20.000249,418,1.037,0.0011,"aoml_navis",1028.4100486192
"7901009",30,0,1,0.01869,1,-0.003738,1,142.052449044794,1,4.86182456666389,420,1,16.3589992523193,36.185001373291,0.0186899993568659,0,136.982803344727,-85.3924,22.7496,45.9842711613104,63,63,63,63,61,63,0,8764,2.04575969791764,23,-85,0.001869,51,2024-03-31 02:24:20.000249,420,1.037,0.0011,"aoml_navis",1028.42048935363
"7901009",30,0,1,0.016821,1,-0.005607,1,141.604564677468,1,4.86177707683357,422,1,16.3439998626709,36.181999206543,0.0168210007250309,0,136.550903320312,-85.3924,22.7496,45.9842711613104,63,63,63,63,61,63,0,8764,2.04575969791764,23,-85,0.001869,51,2024-03-31 02:24:20.000249,422,1.037,0.0011,"aoml_navis",1028.43053496325
"7901009",30,0,1,0.016821,1,-0.005607,1,141.193691493155,1,4.86172662972436,424,1,16.3199996948242,36.1769981384277,0.0168210007250309,0,136.154693603516,-85.3924,22.7496,45.9842711613104,63,63,63,63,61,63,0,8764,2.04575969791764,23,-85,0.001869,51,2024-03-31 02:24:20.000249,424,1.037,0.0011,"aoml_navis",1028.44120634637
"7901009",30,0,1,0.014952,1,-0.007476,1,140.666278179348,1,4.86167414738853,426,1,16.2910003662109,36.1710014343262,0.0149520002305508,0,135.646102905273,-85.3924,22.7496,45.9842711613104,63,63,63,63,61,63,0,8764,2.04575969791764,23,-85,0.001869,51,2024-03-31 02:24:20.000249,426,1.037,0.0011,"aoml_navis",1028.45230848838
"7901009",30,0,1,0.016821,1,-0.005607,1,140.13843763085,1,4.86160227440519,428,1,16.2320003509521,36.1609992980957,0.0168210007250309,0,135.137100219727,-85.3924,22.7496,45.9842711613104,63,63,63,63,61,63,0,8764,2.04575969791764,23,-85,0.001869,51,2024-03-31 02:24:20.000249,428,1.037,0.0011,"aoml_navis",1028.46751292746
"7901009",30,0,1,0.014952,1,-0.007476,1,139.63186387584,1,4.86152561678287,430,1,16.1590003967285,36.1479988098145,0.0149520002305508,0,134.64860534668,-85.3924,22.7496,45.9842711613104,63,63,63,63,61,63,0,8764,2.04575969791764,23,-85,0.001869,51,2024-03-31 02:24:20.000249,430,1.037,0.0011,"aoml_navis",1028.48373003303
"7901009",30,0,1,0.01869,1,-0.003738,1,138.928239987415,1,4.86145653877078,432,1,16.0990009307861,36.1370010375977,0.0186899993568659,0,133.970092773438,-85.3924,22.7496,45.9842711613104,63,63,63,63,61,63,0,8764,2.04575969791764,23,-85,0.001869,51,2024-03-31 02:24:20.000249,432,1.037,0.0011,"aoml_navis",1028.4983440918
"7901009",30,0,1,0.020559,1,-0.001869,1,138.46657334544,1,4.86136456157531,434,1,16.011999130249,36.1240005493164,0.020558999851346,0,133.52490234375,-85.3924,22.7496,45.9842711613104,63,63,63,63,61,63,0,8764,2.04575969791764,23,-85,0.001869,51,2024-03-31 02:24:20.000249,434,1.037,0.0011,"aoml_navis",1028.51780331812
"7901009",30,0,1,0.016821,1,-0.005607,1,138.057266688326,1,4.86129894339871,436,1,15.9580001831055,36.1139984130859,0.0168210007250309,0,133.13020324707,-85.3924,22.7496,45.9842711613104,63,63,63,63,61,63,0,8764,2.04575969791764,23,-85,0.001869,51,2024-03-31 02:24:20.000249,436,1.037,0.0011,"aoml_navis",1028.53168632833
"7901009",30,0,1,0.022428,1,0,1,137.59620133962,1,4.86124070517343,438,1,15.9169998168945,36.1059989929199,0.0224280003458261,0,132.685592651367,-85.3924,22.7496,45.9842711613104,63,63,63,63,61,63,0,8764,2.04575969791764,23,-85,0.001869,51,2024-03-31 02:24:20.000249,438,1.037,0.0011,"aoml_navis",1028.54400825676
"7901009",30,0,1,0.01869,1,-0.003738,1,137.09791910231,1,4.8611733205816,440,1,15.8579998016357,36.0950012207031,0.0186899993568659,0,132.205093383789,-85.3924,22.7496,45.9842711613104,63,63,63,63,61,63,0,8764,2.04575969791764,23,-85,0.001869,51,2024-03-31 02:24:20.000249,440,1.037,0.0011,"aoml_navis",1028.55826572376
"7901009",30,0,1,0.016821,1,-0.005607,1,136.453316895218,1,4.86111165501281,442,1,15.8039999008179,36.0839996337891,0.0168210007250309,0,131.58349609375,-85.3924,22.7496,45.9842711613104,63,63,63,63,61,63,0,8764,2.04575969791764,23,-85,0.001869,51,2024-03-31 02:24:20.000249,442,1.037,0.0011,"aoml_navis",1028.57131348628
"7901009",30,0,1,0.01869,1,-0.003738,1,135.954828952315,1,4.86100305084403,444,1,15.6879997253418,36.0670013427734,0.0186899993568659,0,131.102798461914,-85.3924,22.7496,45.9842711613104,63,63,63,63,61,63,0,8764,2.04575969791764,23,-85,0.001869,51,2024-03-31 02:24:20.000249,444,1.037,0.0011,"aoml_navis",1028.5942937501
"7901009",30,0,1,0.016821,1,-0.005607,1,135.351193805001,1,4.86094636978034,446,1,15.6479997634888,36.0589981079102,0.0168210007250309,0,130.520706176758,-85.3924,22.7496,45.9842711613104,63,63,63,63,61,63,0,8764,2.04575969791764,23,-85,0.001869,51,2024-03-31 02:24:20.000249,446,1.037,0.0011,"aoml_navis",1028.60628767356
"7901009",30,0,1,0.01869,1,-0.003738,1,134.648819973634,1,4.86087441474034,448,1,15.581000328064,36.0470008850098,0.0186899993568659,0,129.843399047852,-85.3924,22.7496,45.9842711613104,63,63,63,63,61,63,0,8764,2.04575969791764,23,-85,0.001869,51,2024-03-31 02:24:20.000249,448,1.037,0.0011,"aoml_navis",1028.62151403002
"7901009",30,0,1,0.022428,1,0,1,134.237851848279,1,4.86077809522846,450,1,15.4619998931885,36.0260009765625,0.0224280003458261,0,129.44709777832,-85.3924,22.7496,45.9842711613104,63,63,63,63,61,63,0,8764,2.04575969791764,23,-85,0.001869,51,2024-03-31 02:24:20.000249,450,1.037,0.0011,"aoml_navis",1028.64189684121
"7901009",30,0,1,0.020559,1,-0.001869,1,133.910257781621,1,4.86066089442818,452,1,15.3299999237061,36.0069999694824,0.020558999851346,0,129.131195068359,-85.3924,22.7496,45.9842711613104,63,63,63,63,61,63,0,8764,2.04575969791764,23,-85,0.001869,51,2024-03-31 02:24:20.000249,452,1.037,0.0011,"aoml_navis",1028.66669956992
"7901009",30,0,1,0.016821,1,-0.005607,1,133.801581935135,1,4.86054878231149,454,1,15.1920003890991,35.9850006103516,0.0168210007250309,0,129.026397705078,-85.3924,22.7496,45.9842711613104,63,63,63,63,61,63,0,8764,2.04575969791764,23,-85,0.001869,51,2024-03-31 02:24:20.000249,454,1.037,0.0011,"aoml_navis",1028.69042652056
"7901009",30,0,1,0.016821,1,-0.005607,1,133.625292242983,1,4.86045180550176,456,1,15.0839996337891,35.9679985046387,0.0168210007250309,0,128.856399536133,-85.3924,22.7496,45.9842711613104,63,63,63,63,61,63,0,8764,2.04575969791764,23,-85,0.001869,51,2024-03-31 02:24:20.000249,456,1.037,0.0011,"aoml_navis",1028.71095117953
"7901009",30,0,1,0.020559,1,-0.001869,1,133.38657881548,1,4.86034786118908,458,1,14.9589996337891,35.9480018615723,0.020558999851346,0,128.626205444336,-85.3924,22.7496,45.9842711613104,63,63,63,63,61,63,0,8764,2.04575969791764,23,-85,0.001869,51,2024-03-31 02:24:20.000249,458,1.037,0.0011,"aoml_navis",1028.73295138524
"7901009",30,0,1,0.01869,1,-0.003738,1,132.997383835839,1,4.860271777995,460,1,14.8830003738403,35.935001373291,0.0186899993568659,0,128.250900268555,-85.3924,22.7496,45.9842711613104,63,63,63,63,61,63,0,8764,2.04575969791764,23,-85,0.001869,51,2024-03-31 02:24:20.000249,460,1.037,0.0011,"aoml_navis",1028.74905527663
"7901009",30,0,1,0.014952,1,-0.007476,1,132.595545874057,1,4.86019444393544,462,1,14.8090000152588,35.9230003356934,0.0149520002305508,0,127.863403320312,-85.3924,22.7496,45.9842711613104,63,63,63,63,61,63,0,8764,2.04575969791764,23,-85,0.001869,51,2024-03-31 02:24:20.000249,462,1.037,0.0011,"aoml_navis",1028.7654244449
"7901009",30,0,1,0.01869,1,-0.003738,1,132.076107607807,1,4.86010237733381,464,1,14.7209997177124,35.9109992980957,0.0186899993568659,0,127.362503051758,-85.3924,22.7496,45.9842711613104,63,63,63,63,61,63,0,8764,2.04575969791764,23,-85,0.001869,51,2024-03-31 02:24:20.000249,464,1.037,0.0011,"aoml_navis",1028.78491270444
"7901009",30,0,1,0.01869,1,-0.003738,1,131.512078698663,1,4.86002597438155,466,1,14.6440000534058,35.8979988098145,0.0186899993568659,0,126.818603515625,-85.3924,22.7496,45.9842711613104,63,63,63,63,61,63,0,8764,2.04575969791764,23,-85,0.001869,51,2024-03-31 02:24:20.000249,466,1.037,0.0011,"aoml_navis",1028.80108591112
"7901009",30,0,1,0.01869,1,-0.003738,1,130.83293377566,1,4.85995724915659,468,1,14.5740003585815,35.8849983215332,0.0186899993568659,0,126.163696289062,-85.3924,22.7496,45.9842711613104,63,63,63,63,61,63,0,8764,2.04575969791764,23,-85,0.001869,51,2024-03-31 02:24:20.000249,468,1.037,0.0011,"aoml_navis",1028.81563430784
"7901009",30,0,1,0.01869,1,-0.003738,1,130.218720613876,1,4.85988553534756,470,1,14.5010004043579,35.8720016479492,0.0186899993568659,0,125.571403503418,-85.3924,22.7496,45.9842711613104,63,63,63,63,61,63,0,8764,2.04575969791764,23,-85,0.001869,51,2024-03-31 02:24:20.000249,470,1.037,0.0011,"aoml_navis",1028.8308157946
"7901009",30,0,1,0.01869,1,-0.003738,1,129.557519547879,1,4.85980924382622,472,1,14.4200000762939,35.8580017089844,0.0186899993568659,0,124.933799743652,-85.3924,22.7496,45.9842711613104,63,63,63,63,61,63,0,8764,2.04575969791764,23,-85,0.001869,51,2024-03-31 02:24:20.000249,472,1.037,0.0011,"aoml_navis",1028.84696685408
"7901009",30,0,1,0.014952,1,-0.007476,1,128.965182384605,1,4.85971429641524,474,1,14.3210000991821,35.8440017700195,0.0149520002305508,0,124.362602233887,-85.3924,22.7496,45.9842711613104,63,63,63,63,61,63,0,8764,2.04575969791764,23,-85,0.001869,51,2024-03-31 02:24:20.000249,474,1.037,0.0011,"aoml_navis",1028.86706810897
"7901009",30,0,1,0.020559,1,-0.001869,1,128.539696191523,1,4.85963344100939,476,1,14.2419996261597,35.8320007324219,0.020558999851346,0,123.952301025391,-85.3924,22.7496,45.9842711613104,63,63,63,63,61,63,0,8764,2.04575969791764,23,-85,0.001869,51,2024-03-31 02:24:20.000249,476,1.037,0.0011,"aoml_navis",1028.88418657384
"7901009",30,0,1,0.022428,1,0,1,127.998999043538,1,4.85958275654727,478,1,14.2089996337891,35.8250007629395,0.0224280003458261,0,123.43090057373,-85.3924,22.7496,45.9842711613104,63,63,63,63,61,63,0,8764,2.04575969791764,23,-85,0.001869,51,2024-03-31 02:24:20.000249,478,1.037,0.0011,"aoml_navis",1028.89491762715
"7901009",30,0,1,0.020559,1,-0.001869,1,127.343715969181,1,4.85952004691062,480,1,14.1540002822876,35.814998626709,0.020558999851346,0,122.799003601074,-85.3924,22.7496,45.9842711613104,63,63,63,63,61,63,0,8764,2.04575969791764,23,-85,0.001869,51,2024-03-31 02:24:20.000249,480,1.037,0.0011,"aoml_navis",1028.90819499318
"7901009",30,0,1,0.020559,1,-0.001869,1,126.408222320057,1,4.85945904789277,482,1,14.1110000610352,35.8079986572266,0.020558999851346,0,121.896896362305,-85.3924,22.7496,45.9842711613104,63,63,63,63,61,63,0,8764,2.04575969791764,23,-85,0.001869,51,2024-03-31 02:24:20.000249,482,1.037,0.0011,"aoml_navis",1028.92111050265
"7901009",30,0,1,0.022428,1,0,1,126.010530117125,1,4.85937003973955,484,1,14.0200004577637,35.7949981689453,0.0224280003458261,0,121.513397216797,-85.3924,22.7496,45.9842711613104,63,63,63,63,61,63,0,8764,2.04575969791764,23,-85,0.001869,51,2024-03-31 02:24:20.000249,484,1.037,0.0011,"aoml_navis",1028.93995705418
"7901009",30,0,1,0.01869,1,-0.003738,1,125.257149210751,1,4.8593227290335,486,1,14.003999710083,35.7919998168945,0.0186899993568659,0,120.786903381348,-85.3924,22.7496,45.9842711613104,63,63,63,63,61,63,0,8764,2.04575969791764,23,-85,0.001869,51,2024-03-31 02:24:20.000249,486,1.037,0.0011,"aoml_navis",1028.94997488559
"7901009",30,0,1,0.020559,1,-0.001869,1,124.463315508578,1,4.85925064820147,488,1,13.9359998703003,35.7809982299805,0.020558999851346,0,120.02140045166,-85.3924,22.7496,45.9842711613104,63,63,63,63,61,63,0,8764,2.04575969791764,23,-85,0.001869,51,2024-03-31 02:24:20.000249,488,1.037,0.0011,"aoml_navis",1028.96523805592
"7901009",30,0,1,0.020559,1,-0.001869,1,123.580719843555,1,4.85919209131088,490,1,13.8950004577637,35.773998260498,0.020558999851346,0,119.170303344727,-85.3924,22.7496,45.9842711613104,63,63,63,63,61,63,0,8764,2.04575969791764,23,-85,0.001869,51,2024-03-31 02:24:20.000249,490,1.037,0.0011,"aoml_navis",1028.97763785484
"7901009",30,0,1,0.022428,1,0,1,122.602194166981,1,4.85912018761408,492,1,13.8409996032715,35.7669982910156,0.0224280003458261,0,118.226699829102,-85.3924,22.7496,45.9842711613104,63,63,63,63,61,63,0,8764,2.04575969791764,23,-85,0.001869,51,2024-03-31 02:24:20.000249,492,1.037,0.0011,"aoml_navis",1028.99286433479
"7901009",30,0,1,0.020559,1,-0.001869,1,121.829516493748,1,4.85904806953382,494,1,13.7690000534058,35.7550010681152,0.020558999851346,0,117.481597900391,-85.3924,22.7496,45.9842711613104,63,63,63,63,61,63,0,8764,2.04575969791764,23,-85,0.001869,51,2024-03-31 02:24:20.000249,494,1.037,0.0011,"aoml_navis",1029.00813666569
"7901009",30,0,1,0.024297,1,0.001869,1,120.922339010507,1,4.85897561942086,496,1,13.6999998092651,35.7439994812012,0.0242970008403063,0,116.606796264648,-85.3924,22.7496,45.9842711613104,63,63,63,63,61,63,0,8764,2.04575969791764,23,-85,0.001869,51,2024-03-31 02:24:20.000249,496,1.037,0.0011,"aoml_navis",1029.02347976711
"7901009",30,0,1,0.020559,1,-0.001869,1,120.005319305875,1,4.85891392302527,498,1,13.6520004272461,35.7360000610352,0.020558999851346,0,115.722503662109,-85.3924,22.7496,45.9842711613104,63,63,63,63,61,63,0,8764,2.04575969791764,23,-85,0.001869,51,2024-03-31 02:24:20.000249,498,1.037,0.0011,"aoml_navis",1029.03654586391
"7901009",30,0,1,0.022428,1,0,1,119.516467878772,1,4.85881484861456,500,1,13.5530004501343,35.7239990234375,0.0224280003458261,0,115.251098632812,-85.3924,22.7496,45.9842711613104,63,63,63,63,61,63,0,8764,2.04575969791764,23,-85,0.001869,51,2024-03-31 02:24:20.000249,500,1.037,0.0011,"aoml_navis",1029.05752859171
"7901009",30,0,1,0.01869,1,-0.003738,1,119.322859358142,1,4.85875590442121,502,1,13.5109996795654,35.7169990539551,0.0186899993568659,0,115.064399719238,-85.3924,22.7496,45.9842711613104,63,63,63,63,61,63,0,8764,2.04575969791764,23,-85,0.001869,51,2024-03-31 02:24:20.000249,502,1.037,0.0011,"aoml_navis",1029.07001264465
"7901009",30,0,1,0.024297,1,0.001869,1,119.134330183279,1,4.85869893447376,503.899993896484,1,13.4759998321533,35.7120018005371,0.0242970008403063,0,114.882598876953,-85.3924,22.7496,45.9842711613104,63,63,63,63,61,63,0,8764,2.04575969791764,23,-85,0.001869,51,2024-03-31 02:24:20.000249,503.899993896484,1.037,0.0011,"aoml_navis",1029.08207885112
"7901009",30,0,1,0.020559,1,-0.001869,1,118.965509186459,1,4.85863583032682,506,1,13.4390001296997,35.7070007324219,0.020558999851346,0,114.719802856445,-85.3924,22.7496,45.9842711613104,63,63,63,63,61,63,0,8764,2.04575969791764,23,-85,0.001869,51,2024-03-31 02:24:20.000249,506,1.037,0.0011,"aoml_navis",1029.0954446083
"7901009",30,0,1,0.022428,1,0,1,118.771172784505,1,4.85858886855011,508,1,13.4230003356934,35.7039985656738,0.0224280003458261,0,114.532402038574,-85.3924,22.7496,45.9842711613104,63,63,63,63,61,63,0,8764,2.04575969791764,23,-85,0.001869,51,2024-03-31 02:24:20.000249,508,1.037,0.0011,"aoml_navis",1029.10539156035
"7901009",30,0,1,0.022428,1,0,1,118.446585184189,1,4.85854291489019,510,1,13.4079999923706,35.701000213623,0.0224280003458261,0,114.219398498535,-85.3924,22.7496,45.9842711613104,63,63,63,63,61,63,0,8764,2.04575969791764,23,-85,0.001869,51,2024-03-31 02:24:20.000249,510,1.037,0.0011,"aoml_navis",1029.11512516979
"7901009",30,0,1,0.022428,1,0,1,117.965724628151,1,4.85848724232252,512,1,13.3690004348755,35.6940002441406,0.0224280003458261,0,113.755699157715,-85.3924,22.7496,45.9842711613104,63,63,63,63,61,63,0,8764,2.04575969791764,23,-85,0.001869,51,2024-03-31 02:24:20.000249,512,1.037,0.0011,"aoml_navis",1029.12691762258
"7901009",30,0,1,0.01869,1,-0.003738,1,117.635543418089,1,4.85841429123728,514,1,13.3020000457764,35.6839981079102,0.0186899993568659,0,113.437301635742,-85.3924,22.7496,45.9842711613104,63,63,63,63,61,63,0,8764,2.04575969791764,23,-85,0.001869,51,2024-03-31 02:24:20.000249,514,1.037,0.0011,"aoml_navis",1029.14237038576
"7901009",30,0,1,0.020559,1,-0.001869,1,117.570105304644,1,4.85832528256625,516,1,13.2080001831055,35.6710014343262,0.020558999851346,0,113.374198913574,-85.3924,22.7496,45.9842711613104,63,63,63,63,61,63,0,8764,2.04575969791764,23,-85,0.001869,51,2024-03-31 02:24:20.000249,516,1.037,0.0011,"aoml_navis",1029.16122515348
"7901009",30,0,1,0.024297,1,0.001869,1,117.387383356872,1,4.85826455022548,518,1,13.1599998474121,35.6629981994629,0.0242970008403063,0,113.197998046875,-85.3924,22.7496,45.9842711613104,63,63,63,63,61,63,0,8764,2.04575969791764,23,-85,0.001869,51,2024-03-31 02:24:20.000249,518,1.037,0.0011,"aoml_navis",1029.17409052332
"7901009",30,0,1,0.024297,1,0.001869,1,117.184549731627,1,4.85822438319336,520,1,13.1470003128052,35.6590003967285,0.0242970008403063,0,113.002403259277,-85.3924,22.7496,45.9842711613104,63,63,63,63,61,63,0,8764,2.04575969791764,23,-85,0.001869,51,2024-03-31 02:24:20.000249,520,1.037,0.0011,"aoml_navis",1029.1825995722
"7901009",30,0,1,0.026166,1,0.003738,1,117.010435771695,1,4.85815310927508,522,1,13.0920000076294,35.6520004272461,0.0261659994721413,0,112.834503173828,-85.3924,22.7496,45.9842711613104,63,63,63,63,61,63,0,8764,2.04575969791764,23,-85,0.001869,51,2024-03-31 02:24:20.000249,522,1.037,0.0011,"aoml_navis",1029.19769870038
"7901009",30,0,1,0.022428,1,0,1,116.998607700168,1,4.85807788792255,524,1,13.0109996795654,35.6389999389648,0.0224280003458261,0,112.823097229004,-85.3924,22.7496,45.9842711613104,63,63,63,63,61,63,0,8764,2.04575969791764,23,-85,0.001869,51,2024-03-31 02:24:20.000249,524,1.037,0.0011,"aoml_navis",1029.21363455911
"7901009",30,0,1,0.022428,1,0,1,116.878839575233,1,4.85801519943029,526,1,12.9569997787476,35.6300010681152,0.0224280003458261,0,112.70760345459,-85.3924,22.7496,45.9842711613104,63,63,63,63,61,63,0,8764,2.04575969791764,23,-85,0.001869,51,2024-03-31 02:24:20.000249,526,1.037,0.0011,"aoml_navis",1029.22691567255
"7901009",30,0,1,0.026166,1,0.003738,1,116.740811123151,1,4.85794143105223,528,1,12.8769998550415,35.617000579834,0.0261659994721413,0,112.574501037598,-85.3924,22.7496,45.9842711613104,63,63,63,63,61,63,0,8764,2.04575969791764,23,-85,0.001869,51,2024-03-31 02:24:20.000249,528,1.037,0.0011,"aoml_navis",1029.24254459713
"7901009",30,0,1,0.020559,1,-0.001869,1,116.791311845932,1,4.85783812559258,530,1,12.7519998550415,35.5999984741211,0.020558999851346,0,112.623199462891,-85.3924,22.7496,45.9842711613104,63,63,63,63,61,63,0,8764,2.04575969791764,23,-85,0.001869,51,2024-03-31 02:24:20.000249,530,1.037,0.0011,"aoml_navis",1029.26443218815
"7901009",30,0,1,0.026166,1,0.003738,1,116.659818502266,1,4.85778504791648,532,1,12.7220001220703,35.5950012207031,0.0261659994721413,0,112.496398925781,-85.3924,22.7496,45.9842711613104,63,63,63,63,61,63,0,8764,2.04575969791764,23,-85,0.001869,51,2024-03-31 02:24:20.000249,532,1.037,0.0011,"aoml_navis",1029.27567825269
"7901009",30,0,1,0.022428,1,0,1,116.459880578812,1,4.85773467814148,534,1,12.6909999847412,35.5890007019043,0.0224280003458261,0,112.303596496582,-85.3924,22.7496,45.9842711613104,63,63,63,63,61,63,0,8764,2.04575969791764,23,-85,0.001869,51,2024-03-31 02:24:20.000249,534,1.037,0.0011,"aoml_navis",1029.28635079612
"7901009",30,0,1,0.028035,1,0.005607,1,116.442253191948,1,4.85766221216647,535.900024414062,1,12.6129999160767,35.5769996643066,0.0280349999666214,0,112.286598205566,-85.3924,22.7496,45.9842711613104,63,63,63,63,61,63,0,8764,2.04575969791764,23,-85,0.001869,51,2024-03-31 02:24:20.000249,535.900024414062,1.037,0.0011,"aoml_navis",1029.30170555644
"7901009",30,0,1,0.022428,1,0,1,116.261920593742,1,4.85760752678497,537.900024414062,1,12.5699996948242,35.5690002441406,0.0224280003458261,0,112.112701416016,-85.3924,22.7496,45.9842711613104,63,63,63,63,61,63,0,8764,2.04575969791764,23,-85,0.001869,51,2024-03-31 02:24:20.000249,537.900024414062,1.037,0.0011,"aoml_navis",1029.31329310363
"7901009",30,0,1,0.024297,1,0.001869,1,116.060115496456,1,4.8575456897663,540,1,12.5179996490479,35.560001373291,0.0242970008403063,0,111.918098449707,-85.3924,22.7496,45.9842711613104,63,63,63,63,61,63,0,8764,2.04575969791764,23,-85,0.001869,51,2024-03-31 02:24:20.000249,540,1.037,0.0011,"aoml_navis",1029.32639635975
"7901009",30,0,1,0.026166,1,0.003738,1,116.341354599182,1,4.85741318175506,542,1,12.3269996643066,35.5340003967285,0.0261659994721413,0,112.189300537109,-85.3924,22.7496,45.9842711613104,63,63,63,63,61,63,0,8764,2.04575969791764,23,-85,0.001869,51,2024-03-31 02:24:20.000249,542,1.037,0.0011,"aoml_navis",1029.35447591333
"7901009",30,0,1,0.022428,1,0,1,116.414253496206,1,4.85735066316167,544,1,12.2639999389648,35.5229988098145,0.0224280003458261,0,112.25959777832,-85.3924,22.7496,45.9842711613104,63,63,63,63,61,63,0,8764,2.04575969791764,23,-85,0.001869,51,2024-03-31 02:24:20.000249,544,1.037,0.0011,"aoml_navis",1029.36772465702
"7901009",30,0,1,0.028035,1,0.005607,1,116.34975688143,1,4.85730768220225,546,1,12.2589998245239,35.5219993591309,0.0280349999666214,0,112.197402954102,-85.3924,22.7496,45.9842711613104,63,63,63,63,61,63,0,8764,2.04575969791764,23,-85,0.001869,51,2024-03-31 02:24:20.000249,546,1.037,0.0011,"aoml_navis",1029.3768332446
"7901009",30,0,1,0.024297,1,0.001869,1,116.2991453941,1,4.8572693135741,548,1,12.2550001144409,35.5200004577637,0.0242970008403063,0,112.148597717285,-85.3924,22.7496,45.9842711613104,63,63,63,63,61,63,0,8764,2.04575969791764,23,-85,0.001869,51,2024-03-31 02:24:20.000249,548,1.037,0.0011,"aoml_navis",1029.38496451639
"7901009",30,0,1,0.020559,1,-0.001869,1,116.285252354901,1,4.85721567184449,550,1,12.2200002670288,35.5139999389648,0.020558999851346,0,112.135200500488,-85.3924,22.7496,45.9842711613104,63,63,63,63,61,63,0,8764,2.04575969791764,23,-85,0.001869,51,2024-03-31 02:24:20.000249,550,1.037,0.0011,"aoml_navis",1029.39633275565
"7901009",30,0,1,0.020559,1,-0.001869,1,116.317089251105,1,4.8571480344904,552,1,12.1590003967285,35.5050010681152,0.020558999851346,0,112.165901184082,-85.3924,22.7496,45.9842711613104,63,63,63,63,61,63,0,8764,2.04575969791764,23,-85,0.001869,51,2024-03-31 02:24:20.000249,552,1.037,0.0011,"aoml_navis",1029.41066743184
"7901009",30,0,1,0.020559,1,-0.001869,1,116.187043758335,1,4.85709298824969,554,1,12.1300001144409,35.5009994506836,0.020558999851346,0,112.040496826172,-85.3924,22.7496,45.9842711613104,63,63,63,63,61,63,0,8764,2.04575969791764,23,-85,0.001869,51,2024-03-31 02:24:20.000249,554,1.037,0.0011,"aoml_navis",1029.42233391373
"7901009",30,0,1,0.024297,1,0.001869,1,116.05172112596,1,4.85703933640115,556,1,12.0909996032715,35.4939994812012,0.0242970008403063,0,111.910003662109,-85.3924,22.7496,45.9842711613104,63,63,63,63,61,63,0,8764,2.04575969791764,23,-85,0.001869,51,2024-03-31 02:24:20.000249,556,1.037,0.0011,"aoml_navis",1029.43370512308
"7901009",30,0,1,0.022428,1,0,1,116.000698227446,1,4.85695895422733,558,1,12.0010004043579,35.4809989929199,0.0224280003458261,0,111.860801696777,-85.3924,22.7496,45.9842711613104,63,63,63,63,61,63,0,8764,2.04575969791764,23,-85,0.001869,51,2024-03-31 02:24:20.000249,558,1.037,0.0011,"aoml_navis",1029.45074214559
"7901009",30,0,1,0.024297,1,0.001869,1,115.841102335242,1,4.85688367084535,560,1,11.9160003662109,35.4679985046387,0.0242970008403063,0,111.706901550293,-85.3924,22.7496,45.9842711613104,63,63,63,63,61,63,0,8764,2.04575969791764,23,-85,0.001869,51,2024-03-31 02:24:20.000249,560,1.037,0.0011,"aoml_navis",1029.46669898926
"7901009",30,0,1,0.022428,1,0,1,115.75274387182,1,4.85679249212455,562,1,11.8100004196167,35.4539985656738,0.0224280003458261,0,111.621696472168,-85.3924,22.7496,45.9842711613104,63,63,63,63,61,63,0,8764,2.04575969791764,23,-85,0.001869,51,2024-03-31 02:24:20.000249,562,1.037,0.0011,"aoml_navis",1029.48602562446
"7901009",30,0,1,0.029904,1,0.007476,1,115.302066655499,1,4.85675281451944,564,1,11.7930002212524,35.4490013122559,0.0299040004611015,0,111.187103271484,-85.3924,22.7496,45.9842711613104,63,63,63,63,61,63,0,8764,2.04575969791764,23,-85,0.001869,51,2024-03-31 02:24:20.000249,564,1.037,0.0011,"aoml_navis",1029.49443608749
"7901009",30,0,1,0.024297,1,0.001869,1,114.919509637069,1,4.85666911282711,566,1,11.706000328064,35.4379997253418,0.0242970008403063,0,110.818199157715,-85.3924,22.7496,45.9842711613104,63,63,63,63,61,63,0,8764,2.04575969791764,23,-85,0.001869,51,2024-03-31 02:24:20.000249,566,1.037,0.0011,"aoml_navis",1029.5121787882
"7901009",30,0,1,0.024297,1,0.001869,1,114.698423596431,1,4.85659397419255,568,1,11.6199998855591,35.4249992370605,0.0242970008403063,0,110.605003356934,-85.3924,22.7496,45.9842711613104,63,63,63,63,61,63,0,8764,2.04575969791764,23,-85,0.001869,51,2024-03-31 02:24:20.000249,568,1.037,0.0011,"aoml_navis",1029.52810685215
"7901009",30,0,1,0.028035,1,0.005607,1,114.547641397659,1,4.8565403028806,570,1,11.5839996337891,35.4189987182617,0.0280349999666214,0,110.459602355957,-85.3924,22.7496,45.9842711613104,63,63,63,63,61,63,0,8764,2.04575969791764,23,-85,0.001869,51,2024-03-31 02:24:20.000249,570,1.037,0.0011,"aoml_navis",1029.53948452447
"7901009",30,0,1,0.026166,1,0.003738,1,114.409510092781,1,4.85649169066903,572,1,11.5690002441406,35.4169998168945,0.0261659994721413,0,110.326400756836,-85.3924,22.7496,45.9842711613104,63,63,63,63,61,63,0,8764,2.04575969791764,23,-85,0.001869,51,2024-03-31 02:24:20.000249,572,1.037,0.0011,"aoml_navis",1029.54978994542
"7901009",30,0,1,0.024297,1,0.001869,1,114.202934208116,1,4.85644479511267,574,1,11.5480003356934,35.4129981994629,0.0242970008403063,0,110.127197265625,-85.3924,22.7496,45.9842711613104,63,63,63,63,61,63,0,8764,2.04575969791764,23,-85,0.001869,51,2024-03-31 02:24:20.000249,574,1.037,0.0011,"aoml_navis",1029.55973164398
"7901009",30,0,1,0.024297,1,0.001869,1,114.054232800523,1,4.8563818237501,576,1,11.4980001449585,35.4059982299805,0.0242970008403063,0,109.98380279541,-85.3924,22.7496,45.9842711613104,63,63,63,63,61,63,0,8764,2.04575969791764,23,-85,0.001869,51,2024-03-31 02:24:20.000249,576,1.037,0.0011,"aoml_navis",1029.57308166082
"7901009",30,0,1,0.028035,1,0.005607,1,113.988794687077,1,4.85631895582871,578,1,11.4479999542236,35.398998260498,0.0280349999666214,0,109.920700073242,-85.3924,22.7496,45.9842711613104,63,63,63,63,61,63,0,8764,2.04575969791764,23,-85,0.001869,51,2024-03-31 02:24:20.000249,578,1.037,0.0011,"aoml_navis",1029.58641009336
"7901009",30,0,1,0.024297,1,0.001869,1,113.928230213806,1,4.85625530969124,580,1,11.4010000228882,35.3930015563965,0.0242970008403063,0,109.862297058105,-85.3924,22.7496,45.9842711613104,63,63,63,63,61,63,0,8764,2.04575969791764,23,-85,0.001869,51,2024-03-31 02:24:20.000249,580,1.037,0.0011,"aoml_navis",1029.59990386459
"7901009",30,0,1,0.026166,1,0.003738,1,113.865078597131,1,4.85620571298705,582,1,11.3730001449585,35.3880004882812,0.0261659994721413,0,109.801399230957,-85.3924,22.7496,45.9842711613104,63,63,63,63,61,63,0,8764,2.04575969791764,23,-85,0.001869,51,2024-03-31 02:24:20.000249,582,1.037,0.0011,"aoml_navis",1029.61041922676
"7901009",30,0,1,0.026166,1,0.003738,1,113.842055394359,1,4.85615083960028,583.900024414062,1,11.3369998931885,35.382999420166,0.0261659994721413,0,109.779197692871,-85.3924,22.7496,45.9842711613104,63,63,63,63,61,63,0,8764,2.04575969791764,23,-85,0.001869,51,2024-03-31 02:24:20.000249,583.900024414062,1.037,0.0011,"aoml_navis",1029.62205358752
"7901009",30,0,1,0.028035,1,0.005607,1,113.797156193077,1,4.85610114253004,586,1,11.3190002441406,35.3800010681152,0.0280349999666214,0,109.735900878906,-85.3924,22.7496,45.9842711613104,63,63,63,63,61,63,0,8764,2.04575969791764,23,-85,0.001869,51,2024-03-31 02:24:20.000249,586,1.037,0.0011,"aoml_navis",1029.63259068261
"7901009",30,0,1,0.028035,1,0.005607,1,113.78481385757,1,4.85604328729939,588,1,11.2779998779297,35.3740005493164,0.0280349999666214,0,109.723999023438,-85.3924,22.7496,45.9842711613104,63,63,63,63,61,63,0,8764,2.04575969791764,23,-85,0.001869,51,2024-03-31 02:24:20.000249,588,1.037,0.0011,"aoml_navis",1029.64485779546
"7901009",30,0,1,0.024297,1,0.001869,1,113.626048699486,1,4.85599764345183,590,1,11.2700004577637,35.3730010986328,0.0242970008403063,0,109.570899963379,-85.3924,22.7496,45.9842711613104,63,63,63,63,61,63,0,8764,2.04575969791764,23,-85,0.001869,51,2024-03-31 02:24:20.000249,590,1.037,0.0011,"aoml_navis",1029.65453592062
"7901009",30,0,1,0.028035,1,0.005607,1,113.465827778753,1,4.85595371512405,592,1,11.2480001449585,35.3680000305176,0.0280349999666214,0,109.416397094727,-85.3924,22.7496,45.9842711613104,63,63,63,63,61,63,0,8764,2.04575969791764,23,-85,0.001869,51,2024-03-31 02:24:20.000249,592,1.037,0.0011,"aoml_navis",1029.66385046614
"7901009",30,0,1,0.026166,1,0.003738,1,113.520379319342,1,4.8558692364991,594,1,11.1619997024536,35.3580017089844,0.0261659994721413,0,109.46900177002,-85.3924,22.7496,45.9842711613104,63,63,63,63,61,63,0,8764,2.04575969791764,23,-85,0.001869,51,2024-03-31 02:24:20.000249,594,1.037,0.0011,"aoml_navis",1029.68176375458
"7901009",30,0,1,0.026166,1,0.003738,1,113.454426941917,1,4.85581715154893,596,1,11.1309995651245,35.3530006408691,0.0261659994721413,0,109.405403137207,-85.3924,22.7496,45.9842711613104,63,63,63,63,61,63,0,8764,2.04575969791764,23,-85,0.001869,51,2024-03-31 02:24:20.000249,596,1.037,0.0011,"aoml_navis",1029.6928084298
"7901009",30,0,1,0.026166,1,0.003738,1,113.354454024313,1,4.85576968062464,598,1,11.1049995422363,35.3479995727539,0.0261659994721413,0,109.30899810791,-85.3924,22.7496,45.9842711613104,63,63,63,63,61,63,0,8764,2.04575969791764,23,-85,0.001869,51,2024-03-31 02:24:20.000249,598,1.037,0.0011,"aoml_navis",1029.70287490176
"7901009",30,0,1,0.028035,1,0.005607,1,113.225350030213,1,4.85571583661525,600,1,11.0719995498657,35.3429985046387,0.0280349999666214,0,109.184501647949,-85.3924,22.7496,45.9842711613104,63,63,63,63,61,63,0,8764,2.04575969791764,23,-85,0.001869,51,2024-03-31 02:24:20.000249,600,1.037,0.0011,"aoml_navis",1029.71429305989
"7901009",30,0,1,0.026166,1,0.003738,1,113.009960452116,1,4.8556711502695,602,1,11.048999786377,35.3380012512207,0.0261659994721413,0,108.97679901123,-85.3924,22.7496,45.9842711613104,63,63,63,63,61,63,0,8764,2.04575969791764,23,-85,0.001869,51,2024-03-31 02:24:20.000249,602,1.037,0.0011,"aoml_navis",1029.72376943659
"7901009",30,0,1,0.026166,1,0.003738,1,112.885935803782,1,4.85558650989538,604,1,10.9580001831055,35.3269996643066,0.0261659994721413,0,108.857200622559,-85.3924,22.7496,45.9842711613104,63,63,63,63,61,63,0,8764,2.04575969791764,23,-85,0.001869,51,2024-03-31 02:24:20.000249,604,1.037,0.0011,"aoml_navis",1029.74171911268
"7901009",30,0,1,0.020559,1,-0.001869,1,113.018465587161,1,4.85550764878445,606,1,10.8730001449585,35.3160018920898,0.020558999851346,0,108.985000610352,-85.3924,22.7496,45.9842711613104,63,63,63,63,61,63,0,8764,2.04575969791764,23,-85,0.001869,51,2024-03-31 02:24:20.000249,606,1.037,0.0011,"aoml_navis",1029.75844374413
"7901009",30,0,1,0.029904,1,0.007476,1,113.040135880079,1,4.85545773234641,608,1,10.8439998626709,35.3110008239746,0.0299040004611015,0,109.005897521973,-85.3924,22.7496,45.9842711613104,63,63,63,63,61,63,0,8764,2.04575969791764,23,-85,0.001869,51,2024-03-31 02:24:20.000249,608,1.037,0.0011,"aoml_navis",1029.76903015563
"7901009",30,0,1,0.028035,1,0.005607,1,113.049060338061,1,4.85540509788752,610,1,10.8159999847412,35.306999206543,0.0280349999666214,0,109.014503479004,-85.3924,22.7496,45.9842711613104,63,63,63,63,61,63,0,8764,2.04575969791764,23,-85,0.001869,51,2024-03-31 02:24:20.000249,610,1.037,0.0011,"aoml_navis",1029.78019324801
"7901009",30,0,1,0.024297,1,0.001869,1,113.031425039443,1,4.85534972680624,612,1,10.7889995574951,35.3040008544922,0.0242970008403063,0,108.997497558594,-85.3924,22.7496,45.9842711613104,63,63,63,63,61,63,0,8764,2.04575969791764,23,-85,0.001869,51,2024-03-31 02:24:20.000249,612,1.037,0.0011,"aoml_navis",1029.79193700407
"7901009",30,0,1,0.029904,1,0.007476,1,112.972316328821,1,4.85530149287456,614,1,10.7779998779297,35.3030014038086,0.0299040004611015,0,108.940498352051,-85.3924,22.7496,45.9842711613104,63,63,63,63,61,63,0,8764,2.04575969791764,23,-85,0.001869,51,2024-03-31 02:24:20.000249,614,1.037,0.0011,"aoml_navis",1029.80216724704
"7901009",30,0,1,0.028035,1,0.005607,1,112.871212030463,1,4.85525873355699,616,1,10.7690000534058,35.3009986877441,0.0280349999666214,0,108.843002319336,-85.3924,22.7496,45.9842711613104,63,63,63,63,61,63,0,8764,2.04575969791764,23,-85,0.001869,51,2024-03-31 02:24:20.000249,616,1.037,0.0011,"aoml_navis",1029.81123651406
"7901009",30,0,1,0.026166,1,0.003738,1,112.731735727485,1,4.85521055837085,618,1,10.753999710083,35.298999786377,0.0261659994721413,0,108.708503723145,-85.3924,22.7496,45.9842711613104,63,63,63,63,61,63,0,8764,2.04575969791764,23,-85,0.001869,51,2024-03-31 02:24:20.000249,618,1.037,0.0011,"aoml_navis",1029.82145468017
"7901009",30,0,1,0.026166,1,0.003738,1,112.65852036032,1,4.85515699186303,620,1,10.7329998016357,35.2970008850098,0.0261659994721413,0,108.637901306152,-85.3924,22.7496,45.9842711613104,63,63,63,63,61,63,0,8764,2.04575969791764,23,-85,0.001869,51,2024-03-31 02:24:20.000249,620,1.037,0.0011,"aoml_navis",1029.83281660711
"7901009",30,0,1,0.024297,1,0.001869,1,112.581673498284,1,4.8551071684969,622,1,10.7080001831055,35.2929992675781,0.0242970008403063,0,108.56379699707,-85.3924,22.7496,45.9842711613104,63,63,63,63,61,63,0,8764,2.04575969791764,23,-85,0.001869,51,2024-03-31 02:24:20.000249,622,1.037,0.0011,"aoml_navis",1029.84338480585
"7901009",30,0,1,0.029904,1,0.007476,1,112.487310013933,1,4.85505698967226,624.099975585938,1,10.6890001296997,35.2900009155273,0.0299040004611015,0,108.472801208496,-85.3924,22.7496,45.9842711613104,63,63,63,63,61,63,0,8764,2.04575969791764,23,-85,0.001869,51,2024-03-31 02:24:20.000249,624.099975585938,1.037,0.0011,"aoml_navis",1029.8540286213
"7901009",30,0,1,0.028035,1,0.005607,1,112.414094646768,1,4.85500488781794,626,1,10.6549997329712,35.2849998474121,0.0280349999666214,0,108.402198791504,-85.3924,22.7496,45.9842711613104,63,63,63,63,61,63,0,8764,2.04575969791764,23,-85,0.001869,51,2024-03-31 02:24:20.000249,626,1.037,0.0011,"aoml_navis",1029.86508057816
"7901009",30,0,1,0.022428,1,0,1,112.34907585626,1,4.85495789730504,628,1,10.628999710083,35.2799987792969,0.0224280003458261,0,108.339500427246,-85.3924,22.7496,45.9842711613104,63,63,63,63,61,63,0,8764,2.04575969791764,23,-85,0.001869,51,2024-03-31 02:24:20.000249,628,1.037,0.0011,"aoml_navis",1029.87504850979
"7901009",30,0,1,0.024297,1,0.001869,1,112.339637134299,1,4.85489508302395,630,1,10.5729999542236,35.2719993591309,0.0242970008403063,0,108.33039855957,-85.3924,22.7496,45.9842711613104,63,63,63,63,61,63,0,8764,2.04575969791764,23,-85,0.001869,51,2024-03-31 02:24:20.000249,630,1.037,0.0011,"aoml_navis",1029.88837338286
"7901009",30,0,1,0.028035,1,0.005607,1,112.319620397868,1,4.85483043594424,632,1,10.5229997634888,35.265998840332,0.0280349999666214,0,108.311096191406,-85.3924,22.7496,45.9842711613104,63,63,63,63,61,63,0,8764,2.04575969791764,23,-85,0.001869,51,2024-03-31 02:24:20.000249,632,1.037,0.0011,"aoml_navis",1029.90208740988
"7901009",30,0,1,0.029904,1,0.007476,1,112.282917773243,1,4.85477399317563,634,1,10.4779996871948,35.2589988708496,0.0299040004611015,0,108.275703430176,-85.3924,22.7496,45.9842711613104,63,63,63,63,61,63,0,8764,2.04575969791764,23,-85,0.001869,51,2024-03-31 02:24:20.000249,634,1.037,0.0011,"aoml_navis",1029.91406129894
"7901009",30,0,1,0.028035,1,0.005607,1,112.280836982065,1,4.85472207057444,636,1,10.4379997253418,35.2519989013672,0.0280349999666214,0,108.273696899414,-85.3924,22.7496,45.9842711613104,63,63,63,63,61,63,0,8764,2.04575969791764,23,-85,0.001869,51,2024-03-31 02:24:20.000249,636,1.037,0.0011,"aoml_navis",1029.92507651594
"7901009",30,0,1,0.026166,1,0.003738,1,112.287894266213,1,4.85465947547895,638,1,10.3900003433228,35.2459983825684,0.0261659994721413,0,108.280502319336,-85.3924,22.7496,45.9842711613104,63,63,63,63,61,63,0,8764,2.04575969791764,23,-85,0.001869,51,2024-03-31 02:24:20.000249,638,1.037,0.0011,"aoml_navis",1029.93835618238
"7901009",30,0,1,0.026166,1,0.003738,1,112.354471672167,1,4.8545888901046,640,1,10.3369998931885,35.2410011291504,0.0261659994721413,0,108.344703674316,-85.3924,22.7496,45.9842711613104,63,63,63,63,61,63,0,8764,2.04575969791764,23,-85,0.001869,51,2024-03-31 02:24:20.000249,640,1.037,0.0011,"aoml_navis",1029.95333141222
"7901009",30,0,1,0.028035,1,0.005607,1,112.40797886129,1,4.85453795087719,642,1,10.3020000457764,35.2350006103516,0.0280349999666214,0,108.396301269531,-85.3924,22.7496,45.9842711613104,63,63,63,63,61,63,0,8764,2.04575969791764,23,-85,0.001869,51,2024-03-31 02:24:20.000249,642,1.037,0.0011,"aoml_navis",1029.96413883149
"7901009",30,0,1,0.028035,1,0.005607,1,112.41938760988,1,4.85448895837902,644,1,10.2650003433228,35.2280006408691,0.0280349999666214,0,108.407302856445,-85.3924,22.7496,45.9842711613104,63,63,63,63,61,63,0,8764,2.04575969791764,23,-85,0.001869,51,2024-03-31 02:24:20.000249,644,1.037,0.0011,"aoml_navis",1029.97453344081
"7901009",30,0,1,0.029904,1,0.007476,1,112.683616442516,1,4.85439290699048,646,1,10.1450004577637,35.2140007019043,0.0299040004611015,0,108.662101745605,-85.3924,22.7496,45.9842711613104,63,63,63,63,61,63,0,8764,2.04575969791764,23,-85,0.001869,51,2024-03-31 02:24:20.000249,646,1.037,0.0011,"aoml_navis",1029.99491301988
"7901009",30,0,1,0.028035,1,0.005607,1,112.760977568531,1,4.85433543467591,648,1,10.0979995727539,35.2070007324219,0.0280349999666214,0,108.736701965332,-85.3924,22.7496,45.9842711613104,63,63,63,63,61,63,0,8764,2.04575969791764,23,-85,0.001869,51,2024-03-31 02:24:20.000249,648,1.037,0.0011,"aoml_navis",1030.00710751951
"7901009",30,0,1,0.028035,1,0.005607,1,112.876599934617,1,4.85428223230754,650,1,10.0600004196167,35.201000213623,0.0280349999666214,0,108.848197937012,-85.3924,22.7496,45.9842711613104,63,63,63,63,61,63,0,8764,2.04575969791764,23,-85,0.001869,51,2024-03-31 02:24:20.000249,650,1.037,0.0011,"aoml_navis",1030.01839627755
"7901009",30,0,1,0.028035,1,0.005607,1,112.978748584441,1,4.85421537560939,652,1,10.0019998550415,35.1940002441406,0.0280349999666214,0,108.946701049805,-85.3924,22.7496,45.9842711613104,63,63,63,63,61,63,0,8764,2.04575969791764,23,-85,0.001869,51,2024-03-31 02:24:20.000249,652,1.037,0.0011,"aoml_navis",1030.03258263387
"7901009",30,0,1,0.028035,1,0.005607,1,113.004675400758,1,4.85415866482205,654,1,9.96399974822998,35.1889991760254,0.0280349999666214,0,108.971702575684,-85.3924,22.7496,45.9842711613104,63,63,63,63,61,63,0,8764,2.04575969791764,23,-85,0.001869,51,2024-03-31 02:24:20.000249,654,1.037,0.0011,"aoml_navis",1030.04461643062
"7901009",30,0,1,0.026166,1,0.003738,1,113.014628386699,1,4.85409311236923,656,1,9.90299987792969,35.1809997558594,0.0261659994721413,0,108.981300354004,-85.3924,22.7496,45.9842711613104,63,63,63,63,61,63,0,8764,2.04575969791764,23,-85,0.001869,51,2024-03-31 02:24:20.000249,656,1.037,0.0011,"aoml_navis",1030.05852674292
"7901009",30,0,1,0.028035,1,0.005607,1,112.942663076591,1,4.85403741981706,658,1,9.86600017547607,35.1759986877441,0.0280349999666214,0,108.911903381348,-85.3924,22.7496,45.9842711613104,63,63,63,63,61,63,0,8764,2.04575969791764,23,-85,0.001869,51,2024-03-31 02:24:20.000249,658,1.037,0.0011,"aoml_navis",1030.07034506719
"7901009",30,0,1,0.031773,1,0.009345,1,112.934672205526,1,4.85398456476065,660,1,9.84500026702881,35.173999786377,0.0317730009555817,0,108.904197692871,-85.3924,22.7496,45.9842711613104,63,63,63,63,61,63,0,8764,2.04575969791764,23,-85,0.001869,51,2024-03-31 02:24:20.000249,660,1.037,0.0011,"aoml_navis",1030.0815615071
"7901009",30,0,1,0.026166,1,0.003738,1,112.864471216455,1,4.85393947204326,662,1,9.83300018310547,35.1720008850098,0.0261659994721413,0,108.836502075195,-85.3924,22.7496,45.9842711613104,63,63,63,63,61,63,0,8764,2.04575969791764,23,-85,0.001869,51,2024-03-31 02:24:20.000249,662,1.037,0.0011,"aoml_navis",1030.0911308841
"7901009",30,0,1,0.029904,1,0.007476,1,112.806185328201,1,4.85389439842675,664,1,9.82100009918213,35.1699981689453,0.0299040004611015,0,108.780296325684,-85.3924,22.7496,45.9842711613104,63,63,63,63,61,63,0,8764,2.04575969791764,23,-85,0.001869,51,2024-03-31 02:24:20.000249,664,1.037,0.0011,"aoml_navis",1030.10069638528
"7901009",30,0,1,0.026166,1,0.003738,1,112.764917621789,1,4.85384052547887,666,1,9.78600025177002,35.1650009155273,0.0261659994721413,0,108.740501403809,-85.3924,22.7496,45.9842711613104,63,63,63,63,61,63,0,8764,2.04575969791764,23,-85,0.001869,51,2024-03-31 02:24:20.000249,666,1.037,0.0011,"aoml_navis",1030.11212950939
"7901009",30,0,1,0.026166,1,0.003738,1,112.773422756834,1,4.85378351710527,668,1,9.74300003051758,35.1590003967285,0.0261659994721413,0,108.74870300293,-85.3924,22.7496,45.9842711613104,63,63,63,63,61,63,0,8764,2.04575969791764,23,-85,0.001869,51,2024-03-31 02:24:20.000249,668,1.037,0.0011,"aoml_navis",1030.12422832198
"7901009",30,0,1,0.026166,1,0.003738,1,112.85015885432,1,4.85371119909826,670,1,9.68200016021729,35.1529998779297,0.0261659994721413,0,108.822700500488,-85.3924,22.7496,45.9842711613104,63,63,63,63,61,63,0,8764,2.04575969791764,23,-85,0.001869,51,2024-03-31 02:24:20.000249,670,1.037,0.0011,"aoml_navis",1030.13957668699
"7901009",30,0,1,0.026166,1,0.003738,1,112.874629907988,1,4.85366070379666,672,1,9.65499973297119,35.148998260498,0.0261659994721413,0,108.846298217773,-85.3924,22.7496,45.9842711613104,63,63,63,63,61,63,0,8764,2.04575969791764,23,-85,0.001869,51,2024-03-31 02:24:20.000249,672,1.037,0.0011,"aoml_navis",1030.15029379554
"7901009",30,0,1,0.029904,1,0.007476,1,112.809919675867,1,4.85361398429973,674,1,9.64099979400635,35.1469993591309,0.0299040004611015,0,108.783897399902,-85.3924,22.7496,45.9842711613104,63,63,63,63,61,63,0,8764,2.04575969791764,23,-85,0.001869,51,2024-03-31 02:24:20.000249,674,1.037,0.0011,"aoml_navis",1030.16020972698
"7901009",30,0,1,0.029904,1,0.007476,1,112.832009291722,1,4.85355985695417,676,1,9.61400032043457,35.1440010070801,0.0299040004611015,0,108.805198669434,-85.3924,22.7496,45.9842711613104,63,63,63,63,61,63,0,8764,2.04575969791764,23,-85,0.001869,51,2024-03-31 02:24:20.000249,676,1.037,0.0011,"aoml_navis",1030.17169816831
"7901009",30,0,1,0.031773,1,0.009345,1,112.789080117069,1,4.85350943158396,678,1,9.58699989318848,35.1399993896484,0.0317730009555817,0,108.763801574707,-85.3924,22.7496,45.9842711613104,63,63,63,63,61,63,0,8764,2.04575969791764,23,-85,0.001869,51,2024-03-31 02:24:20.000249,678,1.037,0.0011,"aoml_navis",1030.18240110192
"7901009",30,0,1,0.029904,1,0.007476,1,112.909267564942,1,4.85343296100517,680,1,9.51200008392334,35.1319999694824,0.0299040004611015,0,108.879699707031,-85.3924,22.7496,45.9842711613104,63,63,63,63,61,63,0,8764,2.04575969791764,23,-85,0.001869,51,2024-03-31 02:24:20.000249,680,1.037,0.0011,"aoml_navis",1030.19863263229
"7901009",30,0,1,0.026166,1,0.003738,1,112.936958702296,1,4.85337277764655,682,1,9.4689998626709,35.1269989013672,0.0261659994721413,0,108.906402587891,-85.3924,22.7496,45.9842711613104,63,63,63,63,61,63,0,8764,2.04575969791764,23,-85,0.001869,51,2024-03-31 02:24:20.000249,682,1.037,0.0011,"aoml_navis",1030.21140742141
"7901009",30,0,1,0.031773,1,0.009345,1,112.941310166737,1,4.8533247452235,684,1,9.44900035858154,35.1240005493164,0.0317730009555817,0,108.910598754883,-85.3924,22.7496,45.9842711613104,63,63,63,63,61,63,0,8764,2.04575969791764,23,-85,0.001869,51,2024-03-31 02:24:20.000249,684,1.037,0.0011,"aoml_navis",1030.22160322588
"7901009",30,0,1,0.028035,1,0.005607,1,112.956453262994,1,4.85326577679931,686,1,9.41600036621094,35.1209983825684,0.0280349999666214,0,108.925201416016,-85.3924,22.7496,45.9842711613104,63,63,63,63,61,63,0,8764,2.04575969791764,23,-85,0.001869,51,2024-03-31 02:24:20.000249,686,1.037,0.0011,"aoml_navis",1030.23412068264
"7901009",30,0,1,0.029904,1,0.007476,1,112.931460033593,1,4.85322170415757,688,1,9.40499973297119,35.1189994812012,0.0299040004611015,0,108.901100158691,-85.3924,22.7496,45.9842711613104,63,63,63,63,61,63,0,8764,2.04575969791764,23,-85,0.001869,51,2024-03-31 02:24:20.000249,688,1.037,0.0011,"aoml_navis",1030.24347635236
"7901009",30,0,1,0.028035,1,0.005607,1,112.873799173867,1,4.85316698466603,690,1,9.3769998550415,35.1160011291504,0.0280349999666214,0,108.845497131348,-85.3924,22.7496,45.9842711613104,63,63,63,63,61,63,0,8764,2.04575969791764,23,-85,0.001869,51,2024-03-31 02:24:20.000249,690,1.037,0.0011,"aoml_navis",1030.25509235472
"7901009",30,0,1,0.029904,1,0.007476,1,112.897858816352,1,4.85311039235762,692,1,9.33800029754639,35.1110000610352,0.0299040004611015,0,108.868698120117,-85.3924,22.7496,45.9842711613104,63,63,63,63,61,63,0,8764,2.04575969791764,23,-85,0.001869,51,2024-03-31 02:24:20.000249,692,1.037,0.0011,"aoml_navis",1030.26710619929
"7901009",30,0,1,0.026166,1,0.003738,1,112.887383654678,1,4.85306550994858,694,1,9.32600021362305,35.109001159668,0.0261659994721413,0,108.858596801758,-85.3924,22.7496,45.9842711613104,63,63,63,63,61,63,0,8764,2.04575969791764,23,-85,0.001869,51,2024-03-31 02:24:20.000249,694,1.037,0.0011,"aoml_navis",1030.27663437681
"7901009",30,0,1,0.026166,1,0.003738,1,112.873079204296,1,4.85301455223548,696,1,9.29800033569336,35.1049995422363,0.0261659994721413,0,108.844802856445,-85.3924,22.7496,45.9842711613104,63,63,63,63,61,63,0,8764,2.04575969791764,23,-85,0.001869,51,2024-03-31 02:24:20.000249,696,1.037,0.0011,"aoml_navis",1030.28745250657
"7901009",30,0,1,0.024297,1,0.001869,1,112.974080649858,1,4.85294502184592,698,1,9.23900032043457,35.0989990234375,0.0242970008403063,0,108.942199707031,-85.3924,22.7496,45.9842711613104,63,63,63,63,61,63,0,8764,2.04575969791764,23,-85,0.001869,51,2024-03-31 02:24:20.000249,698,1.037,0.0011,"aoml_navis",1030.30221391178
"7901009",30,0,1,0.029904,1,0.007476,1,113.004675400758,1,4.85288830793966,700,1,9.20400047302246,35.0950012207031,0.0299040004611015,0,108.971702575684,-85.3924,22.7496,45.9842711613104,63,63,63,63,61,63,0,8764,2.04575969791764,23,-85,0.001869,51,2024-03-31 02:24:20.000249,700,1.037,0.0011,"aoml_navis",1030.31425467173
"7901009",30,0,1,0.029904,1,0.007476,1,113.029660718405,1,4.8528349882544,702,1,9.17300033569336,35.0909996032715,0.0299040004611015,0,108.995796203613,-85.3924,22.7496,45.9842711613104,63,63,63,63,61,63,0,8764,2.04575969791764,23,-85,0.001869,51,2024-03-31 02:24:20.000249,702,1.037,0.0011,"aoml_navis",1030.32557507144
"7901009",30,0,1,0.029904,1,0.007476,1,113.147783198606,1,4.85278002994246,704,1,9.14000034332275,35.0870018005371,0.0299040004611015,0,109.109703063965,-85.3924,22.7496,45.9842711613104,63,63,63,63,61,63,0,8764,2.04575969791764,23,-85,0.001869,51,2024-03-31 02:24:20.000249,704,1.037,0.0011,"aoml_navis",1030.33724363131
"7901009",30,0,1,0.024297,1,0.001869,1,113.207825496144,1,4.85273025790729,706,1,9.12199974060059,35.0849990844727,0.0242970008403063,0,109.167602539062,-85.3924,22.7496,45.9842711613104,63,63,63,63,61,63,0,8764,2.04575969791764,23,-85,0.001869,51,2024-03-31 02:24:20.000249,706,1.037,0.0011,"aoml_navis",1030.3478112868
"7901009",30,0,1,0.028035,1,0.005607,1,113.330188676237,1,4.85268283121108,708,1,9.09799957275391,35.0810012817383,0.0280349999666214,0,109.285598754883,-85.3924,22.7496,45.9842711613104,63,63,63,63,61,63,0,8764,2.04575969791764,23,-85,0.001869,51,2024-03-31 02:24:20.000249,708,1.037,0.0011,"aoml_navis",1030.35788117893
"7901009",30,0,1,0.028035,1,0.005607,1,113.575547976705,1,4.85260670591271,710,1,9.02600002288818,35.0740013122559,0.0280349999666214,0,109.522201538086,-85.3924,22.7496,45.9842711613104,63,63,63,63,61,63,0,8764,2.04575969791764,23,-85,0.001869,51,2024-03-31 02:24:20.000249,710,1.037,0.0011,"aoml_navis",1030.3740449247
"7901009",30,0,1,0.026166,1,0.003738,1,113.693868250744,1,4.85255773443856,712,1,9,35.0699996948242,0.0261659994721413,0,109.636299133301,-85.3924,22.7496,45.9842711613104,63,63,63,63,61,63,0,8764,2.04575969791764,23,-85,0.001869,51,2024-03-31 02:24:20.000249,712,1.037,0.0011,"aoml_navis",1030.38444334522
"7901009",30,0,1,0.026166,1,0.003738,1,113.936221084871,1,4.85249260551608,714,1,8.94099998474121,35.0629997253418,0.0261659994721413,0,109.870002746582,-85.3924,22.7496,45.9842711613104,63,63,63,63,61,63,0,8764,2.04575969791764,23,-85,0.001869,51,2024-03-31 02:24:20.000249,714,1.037,0.0011,"aoml_navis",1030.39827290334
"7901009",30,0,1,0.029904,1,0.007476,1,114.079115265374,1,4.85243632987911,716,1,8.9060001373291,35.0589981079102,0.0299040004611015,0,110.007797241211,-85.3924,22.7496,45.9842711613104,63,63,63,63,61,63,0,8764,2.04575969791764,23,-85,0.001869,51,2024-03-31 02:24:20.000249,716,1.037,0.0011,"aoml_navis",1030.41022284255
"7901009",30,0,1,0.029904,1,0.007476,1,114.225229529563,1,4.85238129562172,718,1,8.86800003051758,35.0540008544922,0.0299040004611015,0,110.148696899414,-85.3924,22.7496,45.9842711613104,63,63,63,63,61,63,0,8764,2.04575969791764,23,-85,0.001869,51,2024-03-31 02:24:20.000249,718,1.037,0.0011,"aoml_navis",1030.42190944712
"7901009",30,0,1,0.028035,1,0.005607,1,114.390015532083,1,4.85231159959817,720,1,8.80300045013428,35.0470008850098,0.0280349999666214,0,110.307601928711,-85.3924,22.7496,45.9842711613104,63,63,63,63,61,63,0,8764,2.04575969791764,23,-85,0.001869,51,2024-03-31 02:24:20.000249,720,1.037,0.0011,"aoml_navis",1030.43670987949
"7901009",30,0,1,0.029904,1,0.007476,1,114.396131317562,1,4.85225838016617,722,1,8.77600002288818,35.0439987182617,0.0299040004611015,0,110.313499450684,-85.3924,22.7496,45.9842711613104,63,63,63,63,61,63,0,8764,2.04575969791764,23,-85,0.001869,51,2024-03-31 02:24:20.000249,722,1.037,0.0011,"aoml_navis",1030.44801168003
"7901009",30,0,1,0.028035,1,0.005607,1,114.420705224026,1,4.85220069550424,724,1,8.7480001449585,35.0419998168945,0.0280349999666214,0,110.337196350098,-85.3924,22.7496,45.9842711613104,63,63,63,63,61,63,0,8764,2.04575969791764,23,-85,0.001869,51,2024-03-31 02:24:20.000249,724,1.037,0.0011,"aoml_navis",1030.46026200703
"7901009",30,0,1,0.026166,1,0.003738,1,114.489877685137,1,4.85214345415028,726,1,8.71599960327148,35.0390014648438,0.0261659994721413,0,110.403900146484,-85.3924,22.7496,45.9842711613104,63,63,63,63,61,63,0,8764,2.04575969791764,23,-85,0.001869,51,2024-03-31 02:24:20.000249,726,1.037,0.0011,"aoml_navis",1030.47241847791
"7901009",30,0,1,0.031773,1,0.009345,1,114.483034018334,1,4.85209640678588,728,1,8.70100021362305,35.0369987487793,0.0317730009555817,0,110.397300720215,-85.3924,22.7496,45.9842711613104,63,63,63,63,61,63,0,8764,2.04575969791764,23,-85,0.001869,51,2024-03-31 02:24:20.000249,728,1.037,0.0011,"aoml_navis",1030.4824102438
"7901009",30,0,1,0.028035,1,0.005607,1,114.495787765024,1,4.85205055931223,730,1,8.69200038909912,35.0359992980957,0.0280349999666214,0,110.409599304199,-85.3924,22.7496,45.9842711613104,63,63,63,63,61,63,0,8764,2.04575969791764,23,-85,0.001869,51,2024-03-31 02:24:20.000249,730,1.037,0.0011,"aoml_navis",1030.49214736722
"7901009",30,0,1,0.029904,1,0.007476,1,114.50315360756,1,4.85200715029591,732,1,8.68599987030029,35.0349998474121,0.0299040004611015,0,110.416702270508,-85.3924,22.7496,45.9842711613104,63,63,63,63,61,63,0,8764,2.04575969791764,23,-85,0.001869,51,2024-03-31 02:24:20.000249,732,1.037,0.0011,"aoml_navis",1030.50136677871
"7901009",30,0,1,0.028035,1,0.005607,1,114.593062774674,1,4.85196010379623,734,1,8.67099952697754,35.0330009460449,0.0280349999666214,0,110.503402709961,-85.3924,22.7496,45.9842711613104,63,63,63,63,61,63,0,8764,2.04575969791764,23,-85,0.001869,51,2024-03-31 02:24:20.000249,734,1.037,0.0011,"aoml_navis",1030.51135892233
"7901009",30,0,1,0.029904,1,0.007476,1,114.83364337601,1,4.85188321509827,736,1,8.60099983215332,35.0270004272461,0.0299040004611015,0,110.735397338867,-85.3924,22.7496,45.9842711613104,63,63,63,63,61,63,0,8764,2.04575969791764,23,-85,0.001869,51,2024-03-31 02:24:20.000249,736,1.037,0.0011,"aoml_navis",1030.52768962798
"7901009",30,0,1,0.031773,1,0.009345,1,114.871390352101,1,4.85183387304342,738,1,8.57400035858154,35.0229988098145,0.0317730009555817,0,110.771797180176,-85.3924,22.7496,45.9842711613104,63,63,63,63,61,63,0,8764,2.04575969791764,23,-85,0.001869,51,2024-03-31 02:24:20.000249,738,1.037,0.0011,"aoml_navis",1030.53816986187
"7901009",30,0,1,0.028035,1,0.005607,1,114.96005737391,1,4.85178490912536,740,1,8.55200004577637,35.0200004577637,0.0280349999666214,0,110.857299804688,-85.3924,22.7496,45.9842711613104,63,63,63,63,61,63,0,8764,2.04575969791764,23,-85,0.001869,51,2024-03-31 02:24:20.000249,740,1.037,0.0011,"aoml_navis",1030.54856999037
"7901009",30,0,1,0.028035,1,0.005607,1,115.1950443655,1,4.85171515240839,742,1,8.49499988555908,35.0149993896484,0.0280349999666214,0,111.08390045166,-85.3924,22.7496,45.9842711613104,63,63,63,63,61,63,0,8764,2.04575969791764,23,-85,0.001869,51,2024-03-31 02:24:20.000249,742,1.037,0.0011,"aoml_navis",1030.56338695358
"7901009",30,0,1,0.028035,1,0.005607,1,115.374554141339,1,4.85165114519568,744,1,8.44499969482422,35.0099983215332,0.0280349999666214,0,111.25700378418,-85.3924,22.7496,45.9842711613104,63,63,63,63,61,63,0,8764,2.04575969791764,23,-85,0.001869,51,2024-03-31 02:24:20.000249,744,1.037,0.0011,"aoml_navis",1030.57698304447
"7901009",30,0,1,0.029904,1,0.007476,1,115.549079512455,1,4.85159075888008,746,1,8.4040002822876,35.0060005187988,0.0299040004611015,0,111.425300598145,-85.3924,22.7496,45.9842711613104,63,63,63,63,61,63,0,8764,2.04575969791764,23,-85,0.001869,51,2024-03-31 02:24:20.000249,746,1.037,0.0011,"aoml_navis",1030.58981033144
"7901009",30,0,1,0.028035,1,0.005607,1,115.648838812713,1,4.85153507974563,748,1,8.37800025939941,35.0040016174316,0.0280349999666214,0,111.521499633789,-85.3924,22.7496,45.9842711613104,63,63,63,63,61,63,0,8764,2.04575969791764,23,-85,0.001869,51,2024-03-31 02:24:20.000249,748,1.037,0.0011,"aoml_navis",1030.60163799994
"7901009",30,0,1,0.028035,1,0.005607,1,115.846703856741,1,4.85148151352516,750,1,8.35000038146973,35.0009994506836,0.0280349999666214,0,111.712303161621,-85.3924,22.7496,45.9842711613104,63,63,63,63,61,63,0,8764,2.04575969791764,23,-85,0.001869,51,2024-03-31 02:24:20.000249,750,1.037,0.0011,"aoml_navis",1030.61301708783
"7901009",30,0,1,0.029904,1,0.007476,1,116.070179246946,1,4.85141651271383,752,1,8.30300045013428,34.9970016479492,0.0299040004611015,0,111.927803039551,-85.3924,22.7496,45.9842711613104,63,63,63,63,61,63,0,8764,2.04575969791764,23,-85,0.001869,51,2024-03-31 02:24:20.000249,752,1.037,0.0011,"aoml_navis",1030.62682556667
"7901009",30,0,1,0.028035,1,0.005607,1,116.223137177938,1,4.85136511003116,754,1,8.27299976348877,34.9930000305176,0.0280349999666214,0,112.075302124023,-85.3924,22.7496,45.9842711613104,63,63,63,63,61,63,0,8764,2.04575969791764,23,-85,0.001869,51,2024-03-31 02:24:20.000249,754,1.037,0.0011,"aoml_navis",1030.63774558248
"7901009",30,0,1,0.026166,1,0.003738,1,116.325491533354,1,4.85131590967274,756,1,8.25500011444092,34.9910011291504,0.0261659994721413,0,112.174003601074,-85.3924,22.7496,45.9842711613104,63,63,63,63,61,63,0,8764,2.04575969791764,23,-85,0.001869,51,2024-03-31 02:24:20.000249,756,1.037,0.0011,"aoml_navis",1030.64819795198
"7901009",30,0,1,0.029904,1,0.007476,1,116.620623675279,1,4.85126168716128,758,1,8.22599983215332,34.9879989624023,0.0299040004611015,0,112.458602905273,-85.3924,22.7496,45.9842711613104,63,63,63,63,61,63,0,8764,2.04575969791764,23,-85,0.001869,51,2024-03-31 02:24:20.000249,758,1.037,0.0011,"aoml_navis",1030.65971749831
"7901009",30,0,1,0.029904,1,0.007476,1,117.131240336342,1,4.85117060182855,760,1,8.1269998550415,34.9799995422363,0.0299040004611015,0,112.950996398926,-85.3924,22.7496,45.9842711613104,63,63,63,63,61,63,0,8764,2.04575969791764,23,-85,0.001869,51,2024-03-31 02:24:20.000249,760,1.037,0.0011,"aoml_navis",1030.67906911279
"7901009",30,0,1,0.028035,1,0.005607,1,117.37525463871,1,4.8510979526706,762,1,8.0649995803833,34.9749984741211,0.0280349999666214,0,113.186302185059,-85.3924,22.7496,45.9842711613104,63,63,63,63,61,63,0,8764,2.04575969791764,23,-85,0.001869,51,2024-03-31 02:24:20.000249,762,1.037,0.0011,"aoml_navis",1030.69450437451
"7901009",30,0,1,0.029904,1,0.007476,1,117.489112683759,1,4.85105463603202,764,1,8.05900001525879,34.9739990234375,0.0299040004611015,0,113.296096801758,-85.3924,22.7496,45.9842711613104,63,63,63,63,61,63,0,8764,2.04575969791764,23,-85,0.001869,51,2024-03-31 02:24:20.000249,764,1.037,0.0011,"aoml_navis",1030.70370777968
"7901009",30,0,1,0.028035,1,0.005607,1,117.642387084893,1,4.85100636504182,766,1,8.04199981689453,34.9720001220703,0.0280349999666214,0,113.443901062012,-85.3924,22.7496,45.9842711613104,63,63,63,63,61,63,0,8764,2.04575969791764,23,-85,0.001869,51,2024-03-31 02:24:20.000249,766,1.037,0.0011,"aoml_navis",1030.71396402031
"7901009",30,0,1,0.028035,1,0.005607,1,117.808407320963,1,4.85094924924717,768,1,8.00899982452393,34.9690017700195,0.0280349999666214,0,113.603996276855,-85.3924,22.7496,45.9842711613104,63,63,63,63,61,63,0,8764,2.04575969791764,23,-85,0.001869,51,2024-03-31 02:24:20.000249,768,1.037,0.0011,"aoml_navis",1030.72609979912
"7901009",30,0,1,0.028035,1,0.005607,1,117.88462915447,1,4.85089398960505,770,1,7.98299980163574,34.9669990539551,0.0280349999666214,0,113.67749786377,-85.3924,22.7496,45.9842711613104,63,63,63,63,61,63,0,8764,2.04575969791764,23,-85,0.001869,51,2024-03-31 02:24:20.000249,770,1.037,0.0011,"aoml_navis",1030.73784146066
"7901009",30,0,1,0.029904,1,0.007476,1,118.120446880181,1,4.85084007172122,772,1,7.9539999961853,34.9640007019043,0.0299040004611015,0,113.904899597168,-85.3924,22.7496,45.9842711613104,63,63,63,63,61,63,0,8764,2.04575969791764,23,-85,0.001869,51,2024-03-31 02:24:20.000249,772,1.037,0.0011,"aoml_navis",1030.749298281
"7901009",30,0,1,0.029904,1,0.007476,1,118.464006865462,1,4.8507753012261,774,1,7.91099977493286,34.9609985351562,0.0299040004611015,0,114.236198425293,-85.3924,22.7496,45.9842711613104,63,63,63,63,61,63,0,8764,2.04575969791764,23,-85,0.001869,51,2024-03-31 02:24:20.000249,774,1.037,0.0011,"aoml_navis",1030.76306147106
"7901009",30,0,1,0.028035,1,0.005607,1,118.739438741097,1,4.85070960827175,776,1,7.86199998855591,34.9570007324219,0.0280349999666214,0,114.501800537109,-85.3924,22.7496,45.9842711613104,63,63,63,63,61,63,0,8764,2.04575969791764,23,-85,0.001869,51,2024-03-31 02:24:20.000249,776,1.037,0.0011,"aoml_navis",1030.77702105145
"7901009",30,0,1,0.029904,1,0.007476,1,118.824577120832,1,4.85065546556915,778,1,7.84200000762939,34.9560012817383,0.0299040004611015,0,114.58390045166,-85.3924,22.7496,45.9842711613104,63,63,63,63,61,63,0,8764,2.04575969791764,23,-85,0.001869,51,2024-03-31 02:24:20.000249,778,1.037,0.0011,"aoml_navis",1030.78852651789
"7901009",30,0,1,0.024297,1,0.001869,1,118.948190357982,1,4.85060308879215,780,1,7.8289999961853,34.9560012817383,0.0242970008403063,0,114.703102111816,-85.3924,22.7496,45.9842711613104,63,63,63,63,61,63,0,8764,2.04575969791764,23,-85,0.001869,51,2024-03-31 02:24:20.000249,780,1.037,0.0011,"aoml_navis",1030.79965696493
"7901009",30,0,1,0.028035,1,0.005607,1,119.13018442443,1,4.85055420261089,782,1,7.81099987030029,34.9539985656738,0.0280349999666214,0,114.878601074219,-85.3924,22.7496,45.9842711613104,63,63,63,63,61,63,0,8764,2.04575969791764,23,-85,0.001869,51,2024-03-31 02:24:20.000249,782,1.037,0.0011,"aoml_navis",1030.81004585181
"7901009",30,0,1,0.029904,1,0.007476,1,119.421479365892,1,4.8504954579196,784,1,7.78499984741211,34.9529991149902,0.0299040004611015,0,115.15950012207,-85.3924,22.7496,45.9842711613104,63,63,63,63,61,63,0,8764,2.04575969791764,23,-85,0.001869,51,2024-03-31 02:24:20.000249,784,1.037,0.0011,"aoml_navis",1030.8225300647
"7901009",30,0,1,0.033642,1,0.011214,1,119.736003215718,1,4.85043982724213,786,1,7.76300001144409,34.9519996643066,0.0336420014500618,0,115.462799072266,-85.3924,22.7496,45.9842711613104,63,63,63,63,61,63,0,8764,2.04575969791764,23,-85,0.001869,51,2024-03-31 02:24:20.000249,786,1.037,0.0011,"aoml_navis",1030.83435277722
"7901009",30,0,1,0.028035,1,0.005607,1,120.024291690839,1,4.85038190093132,788,1,7.73799991607666,34.951000213623,0.0280349999666214,0,115.740798950195,-85.3924,22.7496,45.9842711613104,63,63,63,63,61,63,0,8764,2.04575969791764,23,-85,0.001869,51,2024-03-31 02:24:20.000249,788,1.037,0.0011,"aoml_navis",1030.8466636493
"7901009",30,0,1,0.026166,1,0.003738,1,120.49789716889,1,4.85030349624481,790,1,7.67199993133545,34.9469985961914,0.0261659994721413,0,116.19750213623,-85.3924,22.7496,45.9842711613104,63,63,63,63,61,63,0,8764,2.04575969791764,23,-85,0.001869,51,2024-03-31 02:24:20.000249,790,1.037,0.0011,"aoml_navis",1030.86332718583
"7901009",30,0,1,0.024297,1,0.001869,1,120.912180318975,1,4.85022511748961,792,1,7.60099983215332,34.9420013427734,0.0242970008403063,0,116.59700012207,-85.3924,22.7496,45.9842711613104,63,63,63,63,61,63,0,8764,2.04575969791764,23,-85,0.001869,51,2024-03-31 02:24:20.000249,792,1.037,0.0011,"aoml_navis",1030.87998574959
"7901009",30,0,1,0.029904,1,0.007476,1,121.176931327344,1,4.85016312021871,794,1,7.55600023269653,34.9379997253418,0.0299040004611015,0,116.85230255127,-85.3924,22.7496,45.9842711613104,63,63,63,63,61,63,0,8764,2.04575969791764,23,-85,0.001869,51,2024-03-31 02:24:20.000249,794,1.037,0.0011,"aoml_navis",1030.89316298594
"7901009",30,0,1,0.026166,1,0.003738,1,121.408081118473,1,4.85011212011367,796,1,7.53499984741211,34.9360008239746,0.0261659994721413,0,117.075202941895,-85.3924,22.7496,45.9842711613104,63,63,63,63,61,63,0,8764,2.04575969791764,23,-85,0.001869,51,2024-03-31 02:24:20.000249,796,1.037,0.0011,"aoml_navis",1030.90400307752
"7901009",30,0,1,0.031773,1,0.009345,1,121.823297855473,1,4.85004809289354,798,1,7.49200010299683,34.9329986572266,0.0317730009555817,0,117.475601196289,-85.3924,22.7496,45.9842711613104,63,63,63,63,61,63,0,8764,2.04575969791764,23,-85,0.001869,51,2024-03-31 02:24:20.000249,798,1.037,0.0011,"aoml_navis",1030.91761241011
"7901009",30,0,1,0.031773,1,0.009345,1,122.240793177491,1,4.84997579390031,800,1,7.43800020217896,34.9300003051758,0.0317730009555817,0,117.878196716309,-85.3924,22.7496,45.9842711613104,63,63,63,63,61,63,0,8764,2.04575969791764,23,-85,0.001869,51,2024-03-31 02:24:20.000249,800,1.037,0.0011,"aoml_navis",1030.93298038485
"7901009",30,0,1,0.031773,1,0.009345,1,122.579170964209,1,4.8499128966032,802,1,7.4060001373291,34.9290008544922,0.0317730009555817,0,118.204498291016,-85.3924,22.7496,45.9842711613104,63,63,63,63,61,63,0,8764,2.04575969791764,23,-85,0.001869,51,2024-03-31 02:24:20.000249,802,1.037,0.0011,"aoml_navis",1030.94635029465
"7901009",30,0,1,0.029904,1,0.007476,1,123.004245746108,1,4.84985513723685,804,1,7.37099981307983,34.9259986877441,0.0299040004611015,0,118.614402770996,-85.3924,22.7496,45.9842711613104,63,63,63,63,61,63,0,8764,2.04575969791764,23,-85,0.001869,51,2024-03-31 02:24:20.000249,804,1.037,0.0011,"aoml_navis",1030.95862835373
"7901009",30,0,1,0.029904,1,0.007476,1,123.360353772487,1,4.84977802380076,806,1,7.32000017166138,34.9249992370605,0.0299040004611015,0,118.957801818848,-85.3924,22.7496,45.9842711613104,63,63,63,63,61,63,0,8764,2.04575969791764,23,-85,0.001869,51,2024-03-31 02:24:20.000249,806,1.037,0.0011,"aoml_navis",1030.97502101375
"7901009",30,0,1,0.029904,1,0.007476,1,123.538922049656,1,4.84972721627263,808,1,7.29899978637695,34.9230003356934,0.0299040004611015,0,119.129997253418,-85.3924,22.7496,45.9842711613104,63,63,63,63,61,63,0,8764,2.04575969791764,23,-85,0.001869,51,2024-03-31 02:24:20.000249,808,1.037,0.0011,"aoml_navis",1030.9858218877
"7901009",30,0,1,0.028035,1,0.005607,1,123.716770357254,1,4.84967583475286,810,1,7.28700017929077,34.9230003356934,0.0280349999666214,0,119.301498413086,-85.3924,22.7496,45.9842711613104,63,63,63,63,61,63,0,8764,2.04575969791764,23,-85,0.001869,51,2024-03-31 02:24:20.000249,810,1.037,0.0011,"aoml_navis",1030.99674501333
"7901009",30,0,1,0.028035,1,0.005607,1,123.888186409232,1,4.84962212864206,812,1,7.26700019836426,34.9220008850098,0.0280349999666214,0,119.466796875,-85.3924,22.7496,45.9842711613104,63,63,63,63,61,63,0,8764,2.04575969791764,23,-85,0.001869,51,2024-03-31 02:24:20.000249,812,1.037,0.0011,"aoml_navis",1031.00816256793
"7901009",30,0,1,0.028035,1,0.005607,1,124.003919539867,1,4.84956701137492,814,1,7.25,34.9220008850098,0.0280349999666214,0,119.578399658203,-85.3924,22.7496,45.9842711613104,63,63,63,63,61,63,0,8764,2.04575969791764,23,-85,0.001869,51,2024-03-31 02:24:20.000249,814,1.037,0.0011,"aoml_navis",1031.01988038772
"7901009",30,0,1,0.033642,1,0.011214,1,124.049032358494,1,4.84952531925199,816,1,7.24599981307983,34.9210014343262,0.0336420014500618,0,119.62190246582,-85.3924,22.7496,45.9842711613104,63,63,63,63,61,63,0,8764,2.04575969791764,23,-85,0.001869,51,2024-03-31 02:24:20.000249,816,1.037,0.0011,"aoml_navis",1031.02874422588
"7901009",30,0,1,0.029904,1,0.007476,1,124.134685002208,1,4.84947995504881,818,1,7.24200010299683,34.9210014343262,0.0299040004611015,0,119.704498291016,-85.3924,22.7496,45.9842711613104,63,63,63,63,61,63,0,8764,2.04575969791764,23,-85,0.001869,51,2024-03-31 02:24:20.000249,818,1.037,0.0011,"aoml_navis",1031.03838892962
"7901009",30,0,1,0.028035,1,0.005607,1,124.286297935101,1,4.84943678140967,820,1,7.23600006103516,34.9199981689453,0.0280349999666214,0,119.850700378418,-85.3924,22.7496,45.9842711613104,63,63,63,63,61,63,0,8764,2.04575969791764,23,-85,0.001869,51,2024-03-31 02:24:20.000249,820,1.037,0.0011,"aoml_navis",1031.04756807378
"7901009",30,0,1,0.031773,1,0.009345,1,124.514124789747,1,4.84938760252174,822,1,7.22200012207031,34.9189987182617,0.0317730009555817,0,120.07039642334,-85.3924,22.7496,45.9842711613104,63,63,63,63,61,63,0,8764,2.04575969791764,23,-85,0.001869,51,2024-03-31 02:24:20.000249,822,1.037,0.0011,"aoml_navis",1031.05802419257
"7901009",30,0,1,0.028035,1,0.005607,1,124.776177890163,1,4.8493205443991,824,1,7.18900012969971,34.9189987182617,0.0280349999666214,0,120.323097229004,-85.3924,22.7496,45.9842711613104,63,63,63,63,61,63,0,8764,2.04575969791764,23,-85,0.001869,51,2024-03-31 02:24:20.000249,824,1.037,0.0011,"aoml_navis",1031.07228202824
"7901009",30,0,1,0.028035,1,0.005607,1,124.85468622044,1,4.84926914776379,826,1,7.17199993133545,34.9179992675781,0.0280349999666214,0,120.398803710938,-85.3924,22.7496,45.9842711613104,63,63,63,63,61,63,0,8764,2.04575969791764,23,-85,0.001869,51,2024-03-31 02:24:20.000249,826,1.037,0.0011,"aoml_navis",1031.08321019998
"7901009",30,0,1,0.024297,1,0.001869,1,124.910471994579,1,4.84922603362048,828,1,7.1710000038147,34.9179992675781,0.0242970008403063,0,120.452598571777,-85.3924,22.7496,45.9842711613104,63,63,63,63,61,63,0,8764,2.04575969791764,23,-85,0.001869,51,2024-03-31 02:24:20.000249,828,1.037,0.0011,"aoml_navis",1031.09237749162
"7901009",30,0,1,0.028035,1,0.005607,1,125.001109043017,1,4.8491829216759,830,1,7.17000007629395,34.9179992675781,0.0280349999666214,0,120.540000915527,-85.3924,22.7496,45.9842711613104,63,63,63,63,61,63,0,8764,2.04575969791764,23,-85,0.001869,51,2024-03-31 02:24:20.000249,830,1.037,0.0011,"aoml_navis",1031.10154447875
"7901009",30,0,1,0.031773,1,0.009345,1,125.238580325216,1,4.8491322816714,832,1,7.15399980545044,34.9169998168945,0.0317730009555817,0,120.768997192383,-85.3924,22.7496,45.9842711613104,63,63,63,63,61,63,0,8764,2.04575969791764,23,-85,0.001869,51,2024-03-31 02:24:20.000249,832,1.037,0.0011,"aoml_navis",1031.11231238192
"7901009",30,0,1,0.028035,1,0.005607,1,125.518055106905,1,4.84907568505851,834,1,7.13000011444092,34.9160003662109,0.0280349999666214,0,121.038497924805,-85.3924,22.7496,45.9842711613104,63,63,63,63,61,63,0,8764,2.04575969791764,23,-85,0.001869,51,2024-03-31 02:24:20.000249,834,1.037,0.0011,"aoml_navis",1031.12434714239
"7901009",30,0,1,0.033642,1,0.011214,1,125.799191356835,1,4.84903102963766,836,1,7.12200021743774,34.9150009155273,0.0336420014500618,0,121.309600830078,-85.3924,22.7496,45.9842711613104,63,63,63,63,61,63,0,8764,2.04575969791764,23,-85,0.001869,51,2024-03-31 02:24:20.000249,836,1.037,0.0011,"aoml_navis",1031.1338429141
"7901009",30,0,1,0.031773,1,0.009345,1,126.272480364745,1,4.84896701904382,838,1,7.08799982070923,34.9140014648438,0.0317730009555817,0,121.765998840332,-85.3924,22.7496,45.9842711613104,63,63,63,63,61,63,0,8764,2.04575969791764,23,-85,0.001869,51,2024-03-31 02:24:20.000249,838,1.037,0.0011,"aoml_navis",1031.14745478017
"7901009",30,0,1,0.028035,1,0.005607,1,126.700870171373,1,4.84889787370041,840,1,7.04699993133545,34.9129981994629,0.0280349999666214,0,122.179100036621,-85.3924,22.7496,45.9842711613104,63,63,63,63,61,63,0,8764,2.04575969791764,23,-85,0.001869,51,2024-03-31 02:24:20.000249,840,1.037,0.0011,"aoml_navis",1031.16215895557
"7901009",30,0,1,0.026166,1,0.003738,1,126.918846892874,1,4.84883544798517,842,1,7.0149998664856,34.9119987487793,0.0261659994721413,0,122.389297485352,-85.3924,22.7496,45.9842711613104,63,63,63,63,61,63,0,8764,2.04575969791764,23,-85,0.001869,51,2024-03-31 02:24:20.000249,842,1.037,0.0011,"aoml_navis",1031.17543452163
"7901009",30,0,1,0.028035,1,0.005607,1,127.097731640184,1,4.84878785888331,844,1,7.00299978256226,34.9109992980957,0.0280349999666214,0,122.561798095703,-85.3924,22.7496,45.9842711613104,63,63,63,63,61,63,0,8764,2.04575969791764,23,-85,0.001869,51,2024-03-31 02:24:20.000249,844,1.037,0.0011,"aoml_navis",1031.18555513615
"7901009",30,0,1,0.031773,1,0.009345,1,127.46566773809,1,4.84872550749112,846,1,6.97599983215332,34.9109992980957,0.0317730009555817,0,122.916603088379,-85.3924,22.7496,45.9842711613104,63,63,63,63,61,63,0,8764,2.04575969791764,23,-85,0.001869,51,2024-03-31 02:24:20.000249,846,1.037,0.0011,"aoml_navis",1031.19881549804
"7901009",30,0,1,0.026166,1,0.003738,1,127.759969145894,1,4.84866095662142,848,1,6.94099998474121,34.9099998474121,0.0261659994721413,0,123.200401306152,-85.3924,22.7496,45.9842711613104,63,63,63,63,61,63,0,8764,2.04575969791764,23,-85,0.001869,51,2024-03-31 02:24:20.000249,848,1.037,0.0011,"aoml_navis",1031.21254398535
"7901009",30,0,1,0.031773,1,0.009345,1,128.029277324297,1,4.84859425223083,850,1,6.90799999237061,34.9099998474121,0.0317730009555817,0,123.460098266602,-85.3924,22.7496,45.9842711613104,63,63,63,63,61,63,0,8764,2.04575969791764,23,-85,0.001869,51,2024-03-31 02:24:20.000249,850,1.037,0.0011,"aoml_navis",1031.22673086112
"7901009",30,0,1,0.029904,1,0.007476,1,128.373770896494,1,4.84853126571014,852,1,6.88000011444092,34.9099998474121,0.0299040004611015,0,123.792297363281,-85.3924,22.7496,45.9842711613104,63,63,63,63,61,63,0,8764,2.04575969791764,23,-85,0.001869,51,2024-03-31 02:24:20.000249,852,1.037,0.0011,"aoml_navis",1031.24012736828
"7901009",30,0,1,0.026166,1,0.003738,1,128.913123046379,1,4.84847638859988,854,1,6.85799980163574,34.9090003967285,0.0261659994721413,0,124.312400817871,-85.3924,22.7496,45.9842711613104,63,63,63,63,61,63,0,8764,2.04575969791764,23,-85,0.001869,51,2024-03-31 02:24:20.000249,854,1.037,0.0011,"aoml_navis",1031.25179938102
"7901009",30,0,1,0.033642,1,0.011214,1,129.54279577456,1,4.84839734289888,856,1,6.80800008773804,34.9090003967285,0.0336420014500618,0,124.91960144043,-85.3924,22.7496,45.9842711613104,63,63,63,63,61,63,0,8764,2.04575969791764,23,-85,0.001869,51,2024-03-31 02:24:20.000249,856,1.037,0.0011,"aoml_navis",1031.26861236387
"7901009",30,0,1,0.028035,1,0.005607,1,129.821336969332,1,4.8483374113824,858,1,6.77899980545044,34.9080009460449,0.0280349999666214,0,125.188201904297,-85.3924,22.7496,45.9842711613104,63,63,63,63,61,63,0,8764,2.04575969791764,23,-85,0.001869,51,2024-03-31 02:24:20.000249,858,1.037,0.0011,"aoml_navis",1031.28136013421
"7901009",30,0,1,0.026166,1,0.003738,1,129.946809468562,1,4.84828770458117,860,1,6.76900005340576,34.9080009460449,0.0261659994721413,0,125.309196472168,-85.3924,22.7496,45.9842711613104,63,63,63,63,61,63,0,8764,2.04575969791764,23,-85,0.001869,51,2024-03-31 02:24:20.000249,860,1.037,0.0011,"aoml_navis",1031.29193328925
"7901009",30,0,1,0.031773,1,0.009345,1,130.019407718952,1,4.84824238217651,862,1,6.7649998664856,34.9080009460449,0.0317730009555817,0,125.379203796387,-85.3924,22.7496,45.9842711613104,63,63,63,63,61,63,0,8764,2.04575969791764,23,-85,0.001869,51,2024-03-31 02:24:20.000249,862,1.037,0.0011,"aoml_navis",1031.30157402637
"7901009",30,0,1,0.031773,1,0.009345,1,130.164896954613,1,4.84819854684956,864,1,6.75799989700317,34.9070014953613,0.0317730009555817,0,125.519500732422,-85.3924,22.7496,45.9842711613104,63,63,63,63,61,63,0,8764,2.04575969791764,23,-85,0.001869,51,2024-03-31 02:24:20.000249,864,1.037,0.0011,"aoml_navis",1031.31089861183
"7901009",30,0,1,0.028035,1,0.005607,1,130.326977137425,1,4.84814592909932,866,1,6.74399995803833,34.9070014953613,0.0280349999666214,0,125.675796508789,-85.3924,22.7496,45.9842711613104,63,63,63,63,61,63,0,8764,2.04575969791764,23,-85,0.001869,51,2024-03-31 02:24:20.000249,866,1.037,0.0011,"aoml_navis",1031.32209160397
"7901009",30,0,1,0.029904,1,0.007476,1,130.469262112907,1,4.84809623538337,868,1,6.73400020599365,34.9070014953613,0.0299040004611015,0,125.813003540039,-85.3924,22.7496,45.9842711613104,63,63,63,63,61,63,0,8764,2.04575969791764,23,-85,0.001869,51,2024-03-31 02:24:20.000249,868,1.037,0.0011,"aoml_navis",1031.3326628106
"7901009",30,0,1,0.026166,1,0.003738,1,130.608738415884,1,4.8480458159895,870,1,6.72300004959106,34.9070014953613,0.0261659994721413,0,125.94750213623,-85.3924,22.7496,45.9842711613104,63,63,63,63,61,63,0,8764,2.04575969791764,23,-85,0.001869,51,2024-03-31 02:24:20.000249,870,1.037,0.0011,"aoml_navis",1031.34338861018
"7901009",30,0,1,0.028035,1,0.005607,1,130.775795091667,1,4.84799831607415,872,1,6.71600008010864,34.9070014953613,0.0280349999666214,0,126.108596801758,-85.3924,22.7496,45.9842711613104,63,63,63,63,61,63,0,8764,2.04575969791764,23,-85,0.001869,51,2024-03-31 02:24:20.000249,872,1.037,0.0011,"aoml_navis",1031.35349354844
"7901009",30,0,1,0.033642,1,0.011214,1,131.07580878552,1,4.8479486802361,874,1,6.70100021362305,34.9059982299805,0.0336420014500618,0,126.397903442383,-85.3924,22.7496,45.9842711613104,63,63,63,63,61,63,0,8764,2.04575969791764,23,-85,0.001869,51,2024-03-31 02:24:20.000249,874,1.037,0.0011,"aoml_navis",1031.36405308575
"7901009",30,0,1,0.028035,1,0.005607,1,131.55687504715,1,4.84789681802178,876,1,6.68800020217896,34.9059982299805,0.0280349999666214,0,126.861801147461,-85.3924,22.7496,45.9842711613104,63,63,63,63,61,63,0,8764,2.04575969791764,23,-85,0.001869,51,2024-03-31 02:24:20.000249,876,1.037,0.0011,"aoml_navis",1031.37508649375
"7901009",30,0,1,0.031773,1,0.009345,1,132.057649486822,1,4.84783555211924,878,1,6.65700006484985,34.9049987792969,0.0317730009555817,0,127.344703674316,-85.3924,22.7496,45.9842711613104,63,63,63,63,61,63,0,8764,2.04575969791764,23,-85,0.001869,51,2024-03-31 02:24:20.000249,878,1.037,0.0011,"aoml_navis",1031.38812079016
"7901009",30,0,1,0.028035,1,0.005607,1,132.450151579439,1,4.84776557322207,880,1,6.61899995803833,34.9049987792969,0.0280349999666214,0,127.723197937012,-85.3924,22.7496,45.9842711613104,63,63,63,63,61,63,0,8764,2.04575969791764,23,-85,0.001869,51,2024-03-31 02:24:20.000249,880,1.037,0.0011,"aoml_navis",1031.40300917578
"7901009",30,0,1,0.031773,1,0.009345,1,132.593678700224,1,4.84771085093442,882,1,6.60200023651123,34.9049987792969,0.0317730009555817,0,127.861602783203,-85.3924,22.7496,45.9842711613104,63,63,63,63,61,63,0,8764,2.04575969791764,23,-85,0.001869,51,2024-03-31 02:24:20.000249,882,1.037,0.0011,"aoml_navis",1031.4146519354
"7901009",30,0,1,0.031773,1,0.009345,1,132.721224078879,1,4.84766627313602,884,1,6.59899997711182,34.9049987792969,0.0317730009555817,0,127.984596252441,-85.3924,22.7496,45.9842711613104,63,63,63,63,61,63,0,8764,2.04575969791764,23,-85,0.001869,51,2024-03-31 02:24:20.000249,884,1.037,0.0011,"aoml_navis",1031.4241365393
"7901009",30,0,1,0.031773,1,0.009345,1,132.933915749022,1,4.84762682207022,886,1,6.59800004959106,34.9039993286133,0.0317730009555817,0,128.189697265625,-85.3924,22.7496,45.9842711613104,63,63,63,63,61,63,0,8764,2.04575969791764,23,-85,0.001869,51,2024-03-31 02:24:20.000249,886,1.037,0.0011,"aoml_navis",1031.43253049844
"7901009",30,0,1,0.028035,1,0.005607,1,133.410314076069,1,4.84757645422697,888,1,6.58699989318848,34.9039993286133,0.0280349999666214,0,128.64909362793,-85.3924,22.7496,45.9842711613104,63,63,63,63,61,63,0,8764,2.04575969791764,23,-85,0.001869,51,2024-03-31 02:24:20.000249,888,1.037,0.0011,"aoml_navis",1031.44324740668
"7901009",30,0,1,0.031773,1,0.009345,1,134.004739942275,1,4.84750729199799,890,1,6.55000019073486,34.9039993286133,0.0317730009555817,0,129.222305297852,-85.3924,22.7496,45.9842711613104,63,63,63,63,61,63,0,8764,2.04575969791764,23,-85,0.001869,51,2024-03-31 02:24:20.000249,890,1.037,0.0011,"aoml_navis",1031.45796361229
"7901009",30,0,1,0.028035,1,0.005607,1,134.383871171426,1,4.84744251060374,892,1,6.51900005340576,34.9039993286133,0.0280349999666214,0,129.587905883789,-85.3924,22.7496,45.9842711613104,63,63,63,63,61,63,0,8764,2.04575969791764,23,-85,0.001869,51,2024-03-31 02:24:20.000249,892,1.037,0.0011,"aoml_navis",1031.47174805323
"7901009",30,0,1,0.029904,1,0.007476,1,134.724313925816,1,4.84739512743997,894,1,6.50699996948242,34.9029998779297,0.0299040004611015,0,129.916198730469,-85.3924,22.7496,45.9842711613104,63,63,63,63,61,63,0,8764,2.04575969791764,23,-85,0.001869,51,2024-03-31 02:24:20.000249,894,1.037,0.0011,"aoml_navis",1031.48183066327
"7901009",30,0,1,0.028035,1,0.005607,1,135.097321457735,1,4.84733255513186,896,1,6.47900009155273,34.9029998779297,0.0280349999666214,0,130.275894165039,-85.3924,22.7496,45.9842711613104,63,63,63,63,61,63,0,8764,2.04575969791764,23,-85,0.001869,51,2024-03-31 02:24:20.000249,896,1.037,0.0011,"aoml_navis",1031.49514565625
"7901009",30,0,1,0.028035,1,0.005607,1,135.254433059331,1,4.84727863597496,898,1,6.46299982070923,34.9029998779297,0.0280349999666214,0,130.427398681641,-85.3924,22.7496,45.9842711613104,63,63,63,63,61,63,0,8764,2.04575969791764,23,-85,0.001869,51,2024-03-31 02:24:20.000249,898,1.037,0.0011,"aoml_navis",1031.50661958889
"7901009",30,0,1,0.029904,1,0.007476,1,135.364042492733,1,4.8472290368172,900,1,6.45300006866455,34.9029998779297,0.0299040004611015,0,130.533096313477,-85.3924,22.7496,45.9842711613104,63,63,63,63,61,63,0,8764,2.04575969791764,23,-85,0.001869,51,2024-03-31 02:24:20.000249,900,1.037,0.0011,"aoml_navis",1031.51717445626
"7901009",30,0,1,0.029904,1,0.007476,1,135.437162918856,1,4.8471815962052,902,1,6.44600009918213,34.9029998779297,0.0299040004611015,0,130.603607177734,-85.3924,22.7496,45.9842711613104,63,63,63,63,61,63,0,8764,2.04575969791764,23,-85,0.001869,51,2024-03-31 02:24:20.000249,902,1.037,0.0011,"aoml_navis",1031.52727017994
"7901009",30,0,1,0.029904,1,0.007476,1,135.490567255183,1,4.84713703115411,904,1,6.44299983978271,34.9029998779297,0.0299040004611015,0,130.65510559082,-85.3924,22.7496,45.9842711613104,63,63,63,63,61,63,0,8764,2.04575969791764,23,-85,0.001869,51,2024-03-31 02:24:20.000249,904,1.037,0.0011,"aoml_navis",1031.53675414237
"7901009",30,0,1,0.026166,1,0.003738,1,135.584827886738,1,4.84709390529939,906,1,6.44199991226196,34.9029998779297,0.0261659994721413,0,130.746002197266,-85.3924,22.7496,45.9842711613104,63,63,63,63,61,63,0,8764,2.04575969791764,23,-85,0.001869,51,2024-03-31 02:24:20.000249,906,1.037,0.0011,"aoml_navis",1031.54593199307
"7901009",30,0,1,0.031773,1,0.009345,1,135.716621877038,1,4.84704934433255,908,1,6.43900012969971,34.9029998779297,0.0317730009555817,0,130.873092651367,-85.3924,22.7496,45.9842711613104,63,63,63,63,61,63,0,8764,2.04575969791764,23,-85,0.001869,51,2024-03-31 02:24:20.000249,908,1.037,0.0011,"aoml_navis",1031.55541542945
"7901009",30,0,1,0.028035,1,0.005607,1,135.910855426196,1,4.84700047350332,910,1,6.42999982833862,34.9029998779297,0.0280349999666214,0,131.060394287109,-85.3924,22.7496,45.9842711613104,63,63,63,63,61,63,0,8764,2.04575969791764,23,-85,0.001869,51,2024-03-31 02:24:20.000249,910,1.037,0.0011,"aoml_navis",1031.56581628846
"7901009",30,0,1,0.031773,1,0.009345,1,136.208891181666,1,4.84695312808399,912,1,6.41800022125244,34.9020004272461,0.0317730009555817,0,131.347793579102,-85.3924,22.7496,45.9842711613104,63,63,63,63,61,63,0,8764,2.04575969791764,23,-85,0.001869,51,2024-03-31 02:24:20.000249,912,1.037,0.0011,"aoml_navis",1031.57589270448
"7901009",30,0,1,0.028035,1,0.005607,1,136.49904683062,1,4.84689197848852,914,1,6.39699983596802,34.9029998779297,0.0280349999666214,0,131.627593994141,-85.3924,22.7496,45.9842711613104,63,63,63,63,61,63,0,8764,2.04575969791764,23,-85,0.001869,51,2024-03-31 02:24:20.000249,914,1.037,0.0011,"aoml_navis",1031.58890732267
"7901009",30,0,1,0.028035,1,0.005607,1,136.827890954335,1,4.84683953695227,916,1,6.38299989700317,34.9029998779297,0.0280349999666214,0,131.944702148438,-85.3924,22.7496,45.9842711613104,63,63,63,63,61,63,0,8764,2.04575969791764,23,-85,0.001869,51,2024-03-31 02:24:20.000249,916,1.037,0.0011,"aoml_navis",1031.60006884487
"7901009",30,0,1,0.028035,1,0.005607,1,137.235013967475,1,4.84679292729717,918,1,6.37200021743774,34.9020004272461,0.0280349999666214,0,132.337295532227,-85.3924,22.7496,45.9842711613104,63,63,63,63,61,63,0,8764,2.04575969791764,23,-85,0.001869,51,2024-03-31 02:24:20.000249,918,1.037,0.0011,"aoml_navis",1031.60998932716
"7901009",30,0,1,0.028035,1,0.005607,1,137.715985288062,1,4.84671679768313,920,1,6.32999992370605,34.9029998779297,0.0280349999666214,0,132.80110168457,-85.3924,22.7496,45.9842711613104,63,63,63,63,61,63,0,8764,2.04575969791764,23,-85,0.001869,51,2024-03-31 02:24:20.000249,920,1.037,0.0011,"aoml_navis",1031.62619330062
"7901009",30,0,1,0.028035,1,0.005607,1,137.98373485102,1,4.84666438900516,922,1,6.31599998474121,34.9029998779297,0.0280349999666214,0,133.059295654297,-85.3924,22.7496,45.9842711613104,63,63,63,63,61,63,0,8764,2.04575969791764,23,-85,0.001869,51,2024-03-31 02:24:20.000249,922,1.037,0.0011,"aoml_navis",1031.63734863563
"7901009",30,0,1,0.029904,1,0.007476,1,138.207843181507,1,4.84661555510664,924,1,6.30700016021729,34.9029998779297,0.0299040004611015,0,133.275405883789,-85.3924,22.7496,45.9842711613104,63,63,63,63,61,63,0,8764,2.04575969791764,23,-85,0.001869,51,2024-03-31 02:24:20.000249,924,1.037,0.0011,"aoml_navis",1031.64774328588
"7901009",30,0,1,0.029904,1,0.007476,1,138.538427890999,1,4.84656458396477,926,1,6.29500007629395,34.9029998779297,0.0299040004611015,0,133.594192504883,-85.3924,22.7496,45.9842711613104,63,63,63,63,61,63,0,8764,2.04575969791764,23,-85,0.001869,51,2024-03-31 02:24:20.000249,926,1.037,0.0011,"aoml_navis",1031.65859308734
"7901009",30,0,1,0.028035,1,0.005607,1,138.982482969616,1,4.84650720382739,928,1,6.27400016784668,34.9029998779297,0.0280349999666214,0,134.022399902344,-85.3924,22.7496,45.9842711613104,63,63,63,63,61,63,0,8764,2.04575969791764,23,-85,0.001869,51,2024-03-31 02:24:20.000249,928,1.037,0.0011,"aoml_navis",1031.67080739123
"7901009",30,0,1,0.028035,1,0.005607,1,139.453390539713,1,4.84643265121208,930,1,6.23400020599365,34.9039993286133,0.0280349999666214,0,134.476501464844,-85.3924,22.7496,45.9842711613104,63,63,63,63,61,63,0,8764,2.04575969791764,23,-85,0.001869,51,2024-03-31 02:24:20.000249,930,1.037,0.0011,"aoml_navis",1031.68667757088
"7901009",30,0,1,0.031773,1,0.009345,1,139.649285557112,1,4.84638028915074,932,1,6.21999979019165,34.9039993286133,0.0317730009555817,0,134.665405273438,-85.3924,22.7496,45.9842711613104,63,63,63,63,61,63,0,8764,2.04575969791764,23,-85,0.001869,51,2024-03-31 02:24:20.000249,932,1.037,0.0011,"aoml_navis",1031.69782429026
"7901009",30,0,1,0.029904,1,0.007476,1,139.766980802623,1,4.84632709685911,934,1,6.21000003814697,34.9049987792969,0.0299040004611015,0,134.778900146484,-85.3924,22.7496,45.9842711613104,63,63,63,63,61,63,0,8764,2.04575969791764,23,-85,0.001869,51,2024-03-31 02:24:20.000249,934,1.037,0.0011,"aoml_navis",1031.70914799385
"7901009",30,0,1,0.031773,1,0.009345,1,139.972211689187,1,4.84628113330344,936,1,6.20499992370605,34.9049987792969,0.0317730009555817,0,134.976806640625,-85.3924,22.7496,45.9842711613104,63,63,63,63,61,63,0,8764,2.04575969791764,23,-85,0.001869,51,2024-03-31 02:24:20.000249,936,1.037,0.0011,"aoml_navis",1031.71893302685
"7901009",30,0,1,0.029904,1,0.007476,1,140.271181031574,1,4.84623955822607,938,1,6.20100021362305,34.9039993286133,0.0299040004611015,0,135.265106201172,-85.3924,22.7496,45.9842711613104,63,63,63,63,61,63,0,8764,2.04575969791764,23,-85,0.001869,51,2024-03-31 02:24:20.000249,938,1.037,0.0011,"aoml_navis",1031.72778397076
"7901009",30,0,1,0.029904,1,0.007476,1,140.692608495095,1,4.84617715336534,940,1,6.17799997329712,34.9049987792969,0.0299040004611015,0,135.671493530273,-85.3924,22.7496,45.9842711613104,63,63,63,63,61,63,0,8764,2.04575969791764,23,-85,0.001869,51,2024-03-31 02:24:20.000249,940,1.037,0.0011,"aoml_navis",1031.74106966516
"7901009",30,0,1,0.028035,1,0.005607,1,141.205211006295,1,4.8461277869945,942,1,6.16300010681152,34.9039993286133,0.0280349999666214,0,136.165802001953,-85.3924,22.7496,45.9842711613104,63,63,63,63,61,63,0,8764,2.04575969791764,23,-85,0.001869,51,2024-03-31 02:24:20.000249,942,1.037,0.0011,"aoml_navis",1031.75157977023
"7901009",30,0,1,0.029904,1,0.007476,1,141.704632536114,1,4.84606541396655,944,1,6.1399998664856,34.9049987792969,0.0299040004611015,0,136.647399902344,-85.3924,22.7496,45.9842711613104,63,63,63,63,61,63,0,8764,2.04575969791764,23,-85,0.001869,51,2024-03-31 02:24:20.000249,944,1.037,0.0011,"aoml_navis",1031.76485930004
"7901009",30,0,1,0.029904,1,0.007476,1,142.142769623091,1,4.84599529230071,946,1,6.10599994659424,34.9059982299805,0.0299040004611015,0,137.069900512695,-85.3924,22.7496,45.9842711613104,63,63,63,63,61,63,0,8764,2.04575969791764,23,-85,0.001869,51,2024-03-31 02:24:20.000249,946,1.037,0.0011,"aoml_navis",1031.77978896182
"7901009",30,0,1,0.033642,1,0.011214,1,142.358681376921,1,4.84594299292046,948,1,6.09200000762939,34.9059982299805,0.0336420014500618,0,137.278106689453,-85.3924,22.7496,45.9842711613104,63,63,63,63,61,63,0,8764,2.04575969791764,23,-85,0.001869,51,2024-03-31 02:24:20.000249,948,1.037,0.0011,"aoml_navis",1031.79092434736
"7901009",30,0,1,0.028035,1,0.005607,1,142.61388289878,1,4.84589493097004,950,1,6.08400011062622,34.9059982299805,0.0280349999666214,0,137.524200439453,-85.3924,22.7496,45.9842711613104,63,63,63,63,61,63,0,8764,2.04575969791764,23,-85,0.001869,51,2024-03-31 02:24:20.000249,950,1.037,0.0011,"aoml_navis",1031.80115772735
"7901009",30,0,1,0.031773,1,0.009345,1,142.839541932959,1,4.8458440516933,952,1,6.07200002670288,34.9059982299805,0.0317730009555817,0,137.741806030273,-85.3924,22.7496,45.9842711613104,63,63,63,63,61,63,0,8764,2.04575969791764,23,-85,0.001869,51,2024-03-31 02:24:20.000249,952,1.037,0.0011,"aoml_navis",1031.81199119539
"7901009",30,0,1,0.033642,1,0.011214,1,143.080233298844,1,4.84579740504149,954,1,6.06599998474121,34.9059982299805,0.0336420014500618,0,137.973907470703,-85.3924,22.7496,45.9842711613104,63,63,63,63,61,63,0,8764,2.04575969791764,23,-85,0.001869,51,2024-03-31 02:24:20.000249,954,1.037,0.0011,"aoml_navis",1031.82192363182
"7901009",30,0,1,0.031773,1,0.009345,1,143.307126566573,1,4.84574090023556,956,1,6.0460000038147,34.9059982299805,0.0317730009555817,0,138.19270324707,-85.3924,22.7496,45.9842711613104,63,63,63,63,61,63,0,8764,2.04575969791764,23,-85,0.001869,51,2024-03-31 02:24:20.000249,956,1.037,0.0011,"aoml_navis",1031.8339554137
"7901009",30,0,1,0.031773,1,0.009345,1,143.415280237327,1,4.8456949628263,958,1,6.04099988937378,34.9059982299805,0.0317730009555817,0,138.296997070312,-85.3924,22.7496,45.9842711613104,63,63,63,63,61,63,0,8764,2.04575969791764,23,-85,0.001869,51,2024-03-31 02:24:20.000249,958,1.037,0.0011,"aoml_navis",1031.84373724666
"7901009",30,0,1,0.028035,1,0.005607,1,143.603184383661,1,4.84565113919428,960,1,6.03900003433228,34.9059982299805,0.0280349999666214,0,138.47819519043,-85.3924,22.7496,45.9842711613104,63,63,63,63,61,63,0,8764,2.04575969791764,23,-85,0.001869,51,2024-03-31 02:24:20.000249,960,1.037,0.0011,"aoml_navis",1031.85306914839
"7901009",30,0,1,0.026166,1,0.003738,1,143.920208347602,1,4.84560379760593,962,1,6.03200006484985,34.9059982299805,0.0261659994721413,0,138.783905029297,-85.3924,22.7496,45.9842711613104,63,63,63,63,61,63,0,8764,2.04575969791764,23,-85,0.001869,51,2024-03-31 02:24:20.000249,962,1.037,0.0011,"aoml_navis",1031.86315036123
"7901009",30,0,1,0.031773,1,0.009345,1,144.27330990764,1,4.84554362369369,964,1,6.01200008392334,34.9070014953613,0.0317730009555817,0,139.124404907227,-85.3924,22.7496,45.9842711613104,63,63,63,63,61,63,0,8764,2.04575969791764,23,-85,0.001869,51,2024-03-31 02:24:20.000249,964,1.037,0.0011,"aoml_navis",1031.87596445341
"7901009",30,0,1,0.031773,1,0.009345,1,144.621427062954,1,4.84549558579245,966,1,6.00400018692017,34.9070014953613,0.0317730009555817,0,139.460098266602,-85.3924,22.7496,45.9842711613104,63,63,63,63,61,63,0,8764,2.04575969791764,23,-85,0.001869,51,2024-03-31 02:24:20.000249,966,1.037,0.0011,"aoml_navis",1031.88619439889
"7901009",30,0,1,0.028035,1,0.005607,1,145.009482750087,1,4.84544263277837,968,1,5.98899984359741,34.9070014953613,0.0280349999666214,0,139.83430480957,-85.3924,22.7496,45.9842711613104,63,63,63,63,61,63,0,8764,2.04575969791764,23,-85,0.001869,51,2024-03-31 02:24:20.000249,968,1.037,0.0011,"aoml_navis",1031.89747128076
"7901009",30,0,1,0.029904,1,0.007476,1,145.372743001657,1,4.84538547819311,970,1,5.96799993515015,34.9070014953613,0.0299040004611015,0,140.184600830078,-85.3924,22.7496,45.9842711613104,63,63,63,63,61,63,0,8764,2.04575969791764,23,-85,0.001869,51,2024-03-31 02:24:20.000249,970,1.037,0.0011,"aoml_navis",1031.90964320646
"7901009",30,0,1,0.031773,1,0.009345,1,145.754991461699,1,4.84532396237353,972,1,5.94600009918213,34.9080009460449,0.0317730009555817,0,140.553207397461,-85.3924,22.7496,45.9842711613104,63,63,63,63,61,63,0,8764,2.04575969791764,23,-85,0.001869,51,2024-03-31 02:24:20.000249,972,1.037,0.0011,"aoml_navis",1031.92274424323
"7901009",30,0,1,0.028035,1,0.005607,1,146.005730754567,1,4.84526736339602,974,1,5.93100023269653,34.9090003967285,0.0280349999666214,0,140.794998168945,-85.3924,22.7496,45.9842711613104,63,63,63,63,61,63,0,8764,2.04575969791764,23,-85,0.001869,51,2024-03-31 02:24:20.000249,974,1.037,0.0011,"aoml_navis",1031.93479843299
"7901009",30,0,1,0.029904,1,0.007476,1,146.18648267571,1,4.84522074649325,976,1,5.92500019073486,34.9090003967285,0.0299040004611015,0,140.969299316406,-85.3924,22.7496,45.9842711613104,63,63,63,63,61,63,0,8764,2.04575969791764,23,-85,0.001869,51,2024-03-31 02:24:20.000249,976,1.037,0.0011,"aoml_navis",1031.9447268979
"7901009",30,0,1,0.031773,1,0.009345,1,146.376570466019,1,4.84517553126009,978,1,5.9210000038147,34.9090003967285,0.0317730009555817,0,141.152603149414,-85.3924,22.7496,45.9842711613104,63,63,63,63,61,63,0,8764,2.04575969791764,23,-85,0.001869,51,2024-03-31 02:24:20.000249,978,1.037,0.0011,"aoml_navis",1031.95435701782
"7901009",30,0,1,0.035511,1,0.013083,1,151.255701397363,1,4.84461780435806,999.799987792969,1,5.7947998046875,34.9109992980957,0.0355109982192516,0,145.857604980469,-85.3924,22.7496,45.9842711613104,63,63,63,63,61,63,0,8764,2.04575969791764,23,-85,0.001869,51,2024-03-31 02:24:20.000249,999.799987792969,1.037,0.0011,"aoml_navis",1032.07315869214
"7901009",30,0,1,0.024297,1,0.001869,1,159.455632637797,1,4.84332598279665,1049.90002441406,1,5.50530004501343,34.9189987182617,0.0242970008403063,0,153.764892578125,-85.3924,22.7496,45.9842711613104,63,63,63,63,61,63,0,8764,2.04575969791764,23,-85,0.001869,51,2024-03-31 02:24:20.000249,1049.90002441406,1.037,0.0011,"aoml_navis",1032.34843530249
"7901009",30,0,1,0.024297,1,0.001869,1,167.652683999946,1,4.84207056053657,1099.40002441406,1,5.25190019607544,34.9280014038086,0.0242970008403063,0,161.669403076172,-85.3924,22.7496,45.9842711613104,63,63,63,63,61,63,0,8764,2.04575969791764,23,-85,0.001869,51,2024-03-31 02:24:20.000249,1099.40002441406,1.037,0.0011,"aoml_navis",1032.61609625241
"7901009",30,0,1,0.026166,1,0.003738,1,175.529182756078,1,4.84079834915993,1149.30004882812,1,4.98820018768311,34.9379997253418,0.0261659994721413,0,169.264801025391,-85.3924,22.7496,45.9842711613104,63,63,63,63,61,63,0,8764,2.04575969791764,23,-85,0.001869,51,2024-03-31 02:24:20.000249,1149.30004882812,1.037,0.0011,"aoml_navis",1032.88747833665
"7901009",30,0,1,0.026166,1,0.003738,1,182.55097477838,1,4.83957749418862,1200,1,4.80149984359741,34.9440002441406,0.0261659994721413,0,176.035995483398,-85.3924,22.7496,45.9842711613104,63,63,63,63,61,63,0,8764,2.04575969791764,23,-85,0.001869,51,2024-03-31 02:24:20.000249,1200,1.037,0.0011,"aoml_navis",1033.14803947328
"7901009",30,0,1,0.035511,1,0.013083,1,189.300349303142,1,4.83840103145158,1249.69995117188,1,4.6476001739502,34.9500007629395,0.0355109982192516,0,182.544494628906,-85.3924,22.7496,45.9842711613104,63,63,63,63,61,63,0,8764,2.04575969791764,23,-85,0.001869,51,2024-03-31 02:24:20.000249,1249.69995117188,1.037,0.0011,"aoml_navis",1033.39925059911
"7901009",30,0,1,0.031773,1,0.009345,1,194.145475517815,1,4.83723612015084,1299.59997558594,1,4.51569986343384,34.9560012817383,0.0317730009555817,0,187.216705322266,-85.3924,22.7496,45.9842711613104,63,63,63,63,61,63,0,8764,2.04575969791764,23,-85,0.001869,51,2024-03-31 02:24:20.000249,1299.59997558594,1.037,0.0011,"aoml_navis",1033.64811553671
"7901009",30,0,1,0.028035,1,0.005607,1,197.53265543902,1,4.8361176463669,1349.40002441406,1,4.43790006637573,34.9599990844727,0.0280349999666214,0,190.483001708984,-85.3924,22.7496,45.9842711613104,63,63,63,63,61,63,0,8764,2.04575969791764,23,-85,0.001869,51,2024-03-31 02:24:20.000249,1349.40002441406,1.037,0.0011,"aoml_navis",1033.88717264896
"7901009",30,0,1,0.024297,1,0.001869,1,199.27006069067,1,4.83502765350931,1399.5,1,4.39419984817505,34.9609985351562,0.0242970008403063,0,192.158401489258,-85.3924,22.7496,45.9842711613104,63,63,63,63,61,63,0,8764,2.04575969791764,23,-85,0.001869,51,2024-03-31 02:24:20.000249,1399.5,1.037,0.0011,"aoml_navis",1034.1202487996
"7901009",30,0,1,0.026166,1,0.003738,1,200.103199984379,1,4.83393881420487,1449.69995117188,1,4.35900020599365,34.9630012512207,0.0261659994721413,0,192.961807250977,-85.3924,22.7496,45.9842711613104,63,63,63,63,61,63,0,8764,2.04575969791764,23,-85,0.001869,51,2024-03-31 02:24:20.000249,1449.69995117188,1.037,0.0011,"aoml_navis",1034.35318322755
"7901009",30,0,1,0.028035,1,0.005607,1,201.005488003938,1,4.83287356114732,1500,1,4.34910011291504,34.9630012512207,0.0280349999666214,0,193.831893920898,-85.3924,22.7496,45.9842711613104,63,63,63,63,61,63,0,8764,2.04575969791764,23,-85,0.001869,51,2024-03-31 02:24:20.000249,1500,1.037,0.0011,"aoml_navis",1034.58117344436
"7901009",30,0,1,0.031773,1,0.009345,1,203.95267948784,1,4.83181638491924,1549.5,1,4.3403000831604,34.9659996032715,0.0317730009555817,0,196.673904418945,-85.3924,22.7496,45.9842711613104,63,63,63,63,61,63,0,8764,2.04575969791764,23,-85,0.001869,51,2024-03-31 02:24:20.000249,1549.5,1.037,0.0011,"aoml_navis",1034.80753440998
"7901009",30,0,1,0.031773,1,0.009345,1,204.68614651058,1,4.83075937190752,1599.5,1,4.32889986038208,34.9659996032715,0.0317730009555817,0,197.381195068359,-85.3924,22.7496,45.9842711613104,63,63,63,63,61,63,0,8764,2.04575969791764,23,-85,0.001869,51,2024-03-31 02:24:20.000249,1599.5,1.037,0.0011,"aoml_navis",1035.03395947988
"7901009",30,0,4,0.024297,1,0.001869,1,205.285651722551,1,4.82971289586384,1648.80004882812,1,4.31470012664795,34.9669990539551,0.0242970008403063,0,197.95930480957,-85.3924,22.7496,45.9842711613104,63,63,63,63,61,63,0,8764,2.04575969791764,23,-85,0.001869,51,2024-03-31 02:24:20.000249,1648.80004882812,1.037,0.0011,"aoml_navis",1035.25822503487
"7901009",30,0,1,0.028035,1,0.005607,1,206.550282230272,1,4.82863767086993,1699.80004882812,1,4.30830001831055,34.9679985046387,0.0280349999666214,0,199.178802490234,-85.3924,22.7496,45.9842711613104,63,63,63,63,61,63,0,8764,2.04575969791764,23,-85,0.001869,51,2024-03-31 02:24:20.000249,1699.80004882812,1.037,0.0011,"aoml_navis",1035.48875289688
"7901009",30,0,1,0.031773,1,0.009345,1,207.165326126176,1,4.82759399377651,1749.40002441406,1,4.30299997329712,34.9690017700195,0.0317730009555817,0,199.771896362305,-85.3924,22.7496,45.9842711613104,63,63,63,63,61,63,0,8764,2.04575969791764,23,-85,0.001869,51,2024-03-31 02:24:20.000249,1749.40002441406,1.037,0.0011,"aoml_navis",1035.7126151134
"7901009",30,0,1,0.029904,1,0.007476,1,207.841875994022,1,4.82653975912698,1799.80004882812,1,4.29909992218018,34.9690017700195,0.0299040004611015,0,200.424301147461,-85.3924,22.7496,45.9842711613104,63,63,63,63,61,63,0,8764,2.04575969791764,23,-85,0.001869,51,2024-03-31 02:24:20.000249,1799.80004882812,1.037,0.0011,"aoml_navis",1035.93884014837
"7901009",30,0,1,0.031773,1,0.009345,1,208.714510761351,1,4.82550022445804,1849.30004882812,1,4.29759979248047,34.9710006713867,0.0317730009555817,0,201.26579284668,-85.3924,22.7496,45.9842711613104,63,63,63,63,61,63,0,8764,2.04575969791764,23,-85,0.001869,51,2024-03-31 02:24:20.000249,1849.30004882812,1.037,0.0011,"aoml_navis",1036.16200754846
"7901009",30,0,1,0.026166,1,0.003738,1,209.170591705334,1,4.82445119288443,1899.69995117188,1,4.29670000076294,34.9710006713867,0.0261659994721413,0,201.705596923828,-85.3924,22.7496,45.9842711613104,63,63,63,63,61,63,0,8764,2.04575969791764,23,-85,0.001869,51,2024-03-31 02:24:20.000249,1899.69995117188,1.037,0.0011,"aoml_navis",1036.38731123956
"7901009",30,0,1,0.028035,1,0.005607,1,208.999175653356,1,4.82341759668804,1949.30004882812,1,4.29199981689453,34.9710006713867,0.0280349999666214,0,201.540298461914,-85.3924,22.7496,45.9842711613104,63,63,63,63,61,63,0,8764,2.04575969791764,23,-85,0.001869,51,2024-03-31 02:24:20.000249,1949.30004882812,1.037,0.0011,"aoml_navis",1036.60939567688
"7901009",31,0.041296122664644,1,0.095319,1,0.072891,1,198.27624753594,1,4.88361450804793,2,1,26.5179996490479,36.2630004882812,0.095319002866745,0.162603005766869,191.199996948242,-85.5021,22.7265,108.763939594054,63,63,63,63,61,63,0.072891,8763,1.76508096394256,23,-86,0.001869,51,2024-04-10 08:52:45.000934,2,1.037,0.0011,"aoml_navis",1023.83183434325
"7901009",31,0.0423549976047631,1,0.097188,1,0.07476,1,198.29730863035,1,4.88357053757549,4,1,26.5160007476807,36.2630004882812,0.0971880033612251,0.162603005766869,191.220306396484,-85.5021,22.7265,108.763939594054,63,63,63,63,61,63,0.07476,8763,1.76508096394256,23,-86,0.001869,51,2024-04-10 08:52:45.000934,4,1.037,0.0011,"aoml_navis",1023.8410526742
"7901009",31,0.041296122664644,1,0.095319,1,0.072891,1,198.30881232354,1,4.88352807912813,6,1,26.5149993896484,36.2630004882812,0.095319002866745,0.162603005766869,191.231399536133,-85.5021,22.7265,108.763939594054,63,63,63,63,61,63,0.072891,8763,1.76508096394256,23,-86,0.001869,51,2024-04-10 08:52:45.000934,6,1.037,0.0011,"aoml_navis",1023.84995416934
"7901009",31,0.0444727474850013,1,0.100926,1,0.078498,1,198.30621726758,1,4.8834886541799,8,1,26.5160007476807,36.2630004882812,0.100925996899605,0.162603005766869,191.228897094727,-85.5021,22.7265,108.763939594054,63,63,63,63,61,63,0.078498,8763,1.76508096394256,23,-86,0.001869,51,2024-04-10 08:52:45.000934,8,1.037,0.0011,"aoml_navis",1023.85821982414
"7901009",31,0.0455316224251204,1,0.102795,1,0.080367,1,198.274491126113,1,4.88344771600561,10,1,26.5160007476807,36.2630004882812,0.102794997394085,0.162603005766869,191.198303222656,-85.5021,22.7265,108.763939594054,63,63,63,63,61,63,0.080367,8763,1.76508096394256,23,-86,0.001869,51,2024-04-10 08:52:45.000934,10,1.037,0.0011,"aoml_navis",1023.86680287625
"7901009",31,0.0444727474850013,1,0.100926,1,0.078498,1,198.314936022667,1,4.88340829308257,12,1,26.5170001983643,36.2630004882812,0.100925996899605,0.162603005766869,191.2373046875,-85.5021,22.7265,108.763939594054,63,63,63,63,61,63,0.078498,8763,1.76508096394256,23,-86,0.001869,51,2024-04-10 08:52:45.000934,12,1.037,0.0011,"aoml_navis",1023.87506837849
"7901009",31,0.0444727474850013,1,0.100926,1,0.078498,1,198.256025087663,1,4.88336887266317,14,1,26.5179996490479,36.2630004882812,0.100925996899605,0.162603005766869,191.18049621582,-85.5021,22.7265,108.763939594054,63,63,63,63,61,63,0.078498,8763,1.76508096394256,23,-86,0.001869,51,2024-04-10 08:52:45.000934,14,1.037,0.0011,"aoml_navis",1023.88333348925
"7901009",31,0.0423549976047631,1,0.097188,1,0.07476,1,198.279776179105,1,4.88333097076634,16,1,26.5200004577637,36.2630004882812,0.0971880033612251,0.162603005766869,191.203399658203,-85.5021,22.7265,108.763939594054,63,63,63,63,61,63,0.07476,8763,1.76508096394256,23,-86,0.001869,51,2024-04-10 08:52:45.000934,16,1.037,0.0011,"aoml_navis",1023.8912803437
"7901009",31,0.0444727474850013,1,0.100926,1,0.078498,1,198.285994819303,1,4.88329004222213,18,1,26.5200004577637,36.2630004882812,0.100925996899605,0.162603005766869,191.209396362305,-85.5021,22.7265,108.763939594054,63,63,63,63,61,63,0.078498,8763,1.76508096394256,23,-86,0.001869,51,2024-04-10 08:52:45.000934,18,1.037,0.0011,"aoml_navis",1023.89986193095
"7901009",31,0.0455316224251204,1,0.102795,1,0.080367,1,198.257069439452,1,4.88325062931236,20,1,26.5209999084473,36.2630004882812,0.102794997394085,0.162603005766869,191.181503295898,-85.5021,22.7265,108.763939594054,63,63,63,63,61,63,0.080367,8763,1.76508096394256,23,-86,0.001869,51,2024-04-10 08:52:45.000934,20,1.037,0.0011,"aoml_navis",1023.9081258674
"7901009",31,0.0434138725448822,1,0.099057,1,0.076629,1,198.287861993714,1,4.88321121890525,22,1,26.5219993591309,36.2630004882812,0.0990569964051247,0.162603005766869,191.211196899414,-85.5021,22.7265,108.763939594054,63,63,63,63,61,63,0.076629,8763,1.76508096394256,23,-86,0.001869,51,2024-04-10 08:52:45.000934,22,1.037,0.0011,"aoml_navis",1023.91638941248
"7901009",31,0.0423549976047631,1,0.097188,1,0.07476,1,198.310679497951,1,4.88316670240864,24,1,26.5219993591309,36.2639999389648,0.0971880033612251,0.162603005766869,191.233200073242,-85.5021,22.7265,108.763939594054,63,63,63,63,61,63,0.07476,8763,1.76508096394256,23,-86,0.001869,51,2024-04-10 08:52:45.000934,24,1.037,0.0011,"aoml_navis",1023.92572375908
"7901009",31,0.0434138725448822,1,0.099057,1,0.076629,1,198.269823190087,1,4.88313392209793,26,1,26.5249996185303,36.2630004882812,0.0990569964051247,0.162603005766869,191.193801879883,-85.5021,22.7265,108.763939594054,63,63,63,63,61,63,0.076629,8763,1.76508096394256,23,-86,0.001869,51,2024-04-10 08:52:45.000934,26,1.037,0.0011,"aoml_navis",1023.93259733738
"7901009",31,0.0455316224251204,1,0.102795,1,0.080367,1,198.261009493928,1,4.88309451929338,28,1,26.5259990692139,36.2630004882812,0.102794997394085,0.162603005766869,191.185302734375,-85.5021,22.7265,108.763939594054,63,63,63,63,61,63,0.080367,8763,1.76508096394256,23,-86,0.001869,51,2024-04-10 08:52:45.000934,28,1.037,0.0011,"aoml_navis",1023.94085968328
"7901009",31,0.0476493723053585,1,0.106533,1,0.084105,1,198.271690364497,1,4.88305512187945,30,1,26.5270004272461,36.2630004882812,0.106532998383045,0.162603005766869,191.195602416992,-85.5021,22.7265,108.763939594054,63,63,63,63,61,63,0.084105,8763,1.76508096394256,23,-86,0.001869,51,2024-04-10 08:52:45.000934,30,1.037,0.0011,"aoml_navis",1023.94912103215
"7901009",31,0.0455316224251204,1,0.102795,1,0.080367,1,198.198997150582,1,4.88301421017897,32,1,26.5270004272461,36.2630004882812,0.102794997394085,0.162603005766869,191.125503540039,-85.5021,22.7265,108.763939594054,63,63,63,63,61,63,0.080367,8763,1.76508096394256,23,-86,0.001869,51,2024-04-10 08:52:45.000934,32,1.037,0.0011,"aoml_navis",1023.9577000569
"7901009",31,0.0455316224251204,1,0.102795,1,0.080367,1,198.231039762288,1,4.88297178401436,34,1,26.5259990692139,36.2630004882812,0.102794997394085,0.162603005766869,191.156402587891,-85.5021,22.7265,108.763939594054,63,63,63,63,61,63,0.080367,8763,1.76508096394256,23,-86,0.001869,51,2024-04-10 08:52:45.000934,34,1.037,0.0011,"aoml_navis",1023.96659681073
"7901009",31,0.0465904973652394,1,0.104664,1,0.082236,1,198.252085033186,1,4.88292936300376,36,1,26.5249996185303,36.2630004882812,0.104663997888565,0.162603005766869,191.176696777344,-85.5021,22.7265,108.763939594054,63,63,63,63,61,63,0.082236,8763,1.76508096394256,23,-86,0.001869,51,2024-04-10 08:52:45.000934,36,1.037,0.0011,"aoml_navis",1023.97549263834
"7901009",31,0.0444727474850013,1,0.100926,1,0.078498,1,198.257892262073,1,4.88288997222576,38,1,26.5259990692139,36.2630004882812,0.100925996899605,0.162603005766869,191.18229675293,-85.5021,22.7265,108.763939594054,63,63,63,63,61,63,0.078498,8763,1.76508096394256,23,-86,0.001869,51,2024-04-10 08:52:45.000934,38,1.037,0.0011,"aoml_navis",1023.98375315446
"7901009",31,0.0455316224251204,1,0.102795,1,0.080367,1,198.23591340397,1,4.88284906985004,40,1,26.5259990692139,36.2630004882812,0.102794997394085,0.162603005766869,191.161102294922,-85.5021,22.7265,108.763939594054,63,63,63,63,61,63,0.080367,8763,1.76508096394256,23,-86,0.001869,51,2024-04-10 08:52:45.000934,40,1.037,0.0011,"aoml_navis",1023.99233080402
"7901009",31,0.0465904973652394,1,0.104664,1,0.082236,1,198.233935464976,1,4.8828112010607,42,1,26.5279998779297,36.2630004882812,0.104663997888565,0.162603005766869,191.159194946289,-85.5021,22.7265,108.763939594054,63,63,63,63,61,63,0.082236,8763,1.76508096394256,23,-86,0.001869,51,2024-04-10 08:52:45.000934,42,1.037,0.0011,"aoml_navis",1024.00027240739
"7901009",31,0.0487082472454776,1,0.108402,1,0.085974,1,198.276658947251,1,4.88276424381284,44,1,26.5240001678467,36.2630004882812,0.108401998877525,0.162603005766869,191.200393676758,-85.5021,22.7265,108.763939594054,63,63,63,63,61,63,0.085974,8763,1.76508096394256,23,-86,0.001869,51,2024-04-10 08:52:45.000934,44,1.037,0.0011,"aoml_navis",1024.01012015596
"7901009",31,0.0444727474850013,1,0.100926,1,0.078498,1,198.258730908207,1,4.88272887795515,46.0999984741211,1,26.5289993286133,36.2630004882812,0.100925996899605,0.162603005766869,191.18310546875,-85.5021,22.7265,108.763939594054,63,63,63,63,61,63,0.078498,8763,1.76508096394256,23,-86,0.001869,51,2024-04-10 08:52:45.000934,46.0999984741211,1.037,0.0011,"aoml_navis",1024.0175371142
"7901009",31,0.0444727474850013,1,0.100926,1,0.078498,1,198.16674883322,1,4.88269306161866,48,1,26.5310001373291,36.2630004882812,0.100925996899605,0.162603005766869,191.09440612793,-85.5021,22.7265,108.763939594054,63,63,63,63,61,63,0.078498,8763,1.76508096394256,23,-86,0.001869,51,2024-04-10 08:52:45.000934,48,1.037,0.0011,"aoml_navis",1024.02504865674
"7901009",31,0.0444727474850013,1,0.100926,1,0.078498,1,198.184265460953,1,4.88265217126293,50,1,26.5310001373291,36.2630004882812,0.100925996899605,0.162603005766869,191.111297607422,-85.5021,22.7265,108.763939594054,63,63,63,63,61,63,0.078498,8763,1.76508096394256,23,-86,0.001869,51,2024-04-10 08:52:45.000934,50,1.037,0.0011,"aoml_navis",1024.03362447723
"7901009",31,0.0444727474850013,1,0.100926,1,0.078498,1,198.141541978678,1,4.88261128325154,52,1,26.5310001373291,36.2630004882812,0.100925996899605,0.162603005766869,191.070098876953,-85.5021,22.7265,108.763939594054,63,63,63,63,61,63,0.078498,8763,1.76508096394256,23,-86,0.001869,51,2024-04-10 08:52:45.000934,52,1.037,0.0011,"aoml_navis",1024.04219994967
"7901009",31,0.0444727474850013,1,0.100926,1,0.078498,1,198.103486432429,1,4.88257191227941,54,1,26.5319995880127,36.2630004882812,0.100925996899605,0.162603005766869,191.033401489258,-85.5021,22.7265,108.763939594054,63,63,63,63,61,63,0.078498,8763,1.76508096394256,23,-86,0.001869,51,2024-04-10 08:52:45.000934,54,1.037,0.0011,"aoml_navis",1024.0504573881
"7901009",31,0.054002621946073,1,0.117747,1,0.095319,1,198.157412961168,1,4.88250526875285,56,1,26.5149993896484,36.2630004882812,0.117747001349926,0.162603005766869,191.085403442383,-85.5021,22.7265,108.763939594054,63,63,63,63,61,63,0.095319,8763,1.76508096394256,23,-86,0.001869,51,2024-04-10 08:52:45.000934,56,1.037,0.0011,"aoml_navis",1024.06443511676
"7901009",31,0.0582381217065493,1,0.125223,1,0.102795,1,198.110021542866,1,4.88245737581495,58,1,26.507999420166,36.2620010375977,0.125222995877266,0.162603005766869,191.039703369141,-85.5021,22.7265,108.763939594054,63,63,63,63,61,63,0.102795,8763,1.76508096394256,23,-86,0.001869,51,2024-04-10 08:52:45.000934,58,1.037,0.0011,"aoml_navis",1024.07448035641
"7901009",31,0.0614147465269065,1,0.13083,1,0.108402,1,198.053610722751,1,4.88240892326764,60,1,26.5030002593994,36.2620010375977,0.130830004811287,0.162603005766869,190.985305786133,-85.5021,22.7265,108.763939594054,63,63,63,63,61,63,0.108402,8763,1.76508096394256,23,-86,0.001869,51,2024-04-10 08:52:45.000934,60,1.037,0.0011,"aoml_navis",1024.08464317111
"7901009",31,0.0624736214670256,1,0.132699,1,0.110271,1,198.140608391473,1,4.88236804521261,62,1,26.5030002593994,36.2620010375977,0.132698997855186,0.162603005766869,191.069198608398,-85.5021,22.7265,108.763939594054,63,63,63,63,61,63,0.110271,8763,1.76508096394256,23,-86,0.001869,51,2024-04-10 08:52:45.000934,62,1.037,0.0011,"aoml_navis",1024.09321740968
"7901009",31,0.0635324964071447,1,0.134568,1,0.11214,1,198.066665120113,1,4.88232716950078,64,1,26.5030002593994,36.2620010375977,0.134568005800247,0.162603005766869,190.997894287109,-85.5021,22.7265,108.763939594054,63,63,63,63,61,63,0.11214,8763,1.76508096394256,23,-86,0.001869,51,2024-04-10 08:52:45.000934,64,1.037,0.0011,"aoml_navis",1024.10179130033
"7901009",31,0.0709446209879782,1,0.147651,1,0.125223,1,197.969192286478,1,4.88228478215423,66,1,26.5020008087158,36.2620010375977,0.147651001811028,0.162603005766869,190.903900146484,-85.5021,22.7265,108.763939594054,63,63,63,63,61,63,0.125223,8763,1.76508096394256,23,-86,0.001869,51,2024-04-10 08:52:45.000934,66,1.037,0.0011,"aoml_navis",1024.11068241575
"7901009",31,0.0741212458083355,1,0.153258,1,0.13083,1,197.941817610799,1,4.88224239417988,68,1,26.5009994506836,36.2620010375977,0.153257995843887,0.162603005766869,190.877502441406,-85.5021,22.7265,108.763939594054,63,63,63,63,61,63,0.13083,8763,1.76508096394256,23,-86,0.001869,51,2024-04-10 08:52:45.000934,68,1.037,0.0011,"aoml_navis",1024.11957381725
"7901009",31,0.0762389956885736,1,0.156996,1,0.134568,1,197.948447662307,1,4.88220001135603,70,1,26.5,36.2620010375977,0.156995996832848,0.162603005766869,190.883895874023,-85.5021,22.7265,108.763939594054,63,63,63,63,61,63,0.134568,8763,1.76508096394256,23,-86,0.001869,51,2024-04-10 08:52:45.000934,70,1.037,0.0011,"aoml_navis",1024.12846429273
"7901009",31,0.0794156205089309,1,0.162603,1,0.140175,1,197.8852960261,1,4.88215914483766,72,1,26.5,36.2620010375977,0.162603005766869,0.162603005766869,190.822998046875,-85.5021,22.7265,108.763939594054,63,63,63,63,61,63,0.140175,8763,1.76508096394256,23,-86,0.001869,51,2024-04-10 08:52:45.000934,72,1.037,0.0011,"aoml_navis",1024.13703684505
"7901009",31,0.0772978706286927,1,0.158865,1,0.136437,1,197.818615746727,1,4.88211979480166,74,1,26.5009994506836,36.2620010375977,0.158865004777908,0.162603005766869,190.758697509766,-85.5021,22.7265,108.763939594054,63,63,63,63,61,63,0.136437,8763,1.76508096394256,23,-86,0.001869,51,2024-04-10 08:52:45.000934,74,1.037,0.0011,"aoml_navis",1024.14529142113
"7901009",31,0.0772978706286927,1,0.158865,1,0.136437,1,197.844328953652,1,4.88207893302638,76,1,26.5009994506836,36.2620010375977,0.158865004777908,0.162603005766869,190.783493041992,-85.5021,22.7265,108.763939594054,63,63,63,63,61,63,0.136437,8763,1.76508096394256,23,-86,0.001869,51,2024-04-10 08:52:45.000934,76,1.037,0.0011,"aoml_navis",1024.15386326016
"7901009",31,0.0772978706286927,1,0.158865,1,0.136437,1,197.8168593369,1,4.88203807359282,78,1,26.5009994506836,36.2620010375977,0.158865004777908,0.162603005766869,190.75700378418,-85.5021,22.7265,108.763939594054,63,63,63,63,61,63,0.136437,8763,1.76508096394256,23,-86,0.001869,51,2024-04-10 08:52:45.000934,78,1.037,0.0011,"aoml_navis",1024.16243475143
"7901009",31,0.0772978706286927,1,0.158865,1,0.136437,1,197.795386831179,1,4.88199721650075,80,1,26.5009994506836,36.2620010375977,0.158865004777908,0.162603005766869,190.736297607422,-85.5021,22.7265,108.763939594054,63,63,63,63,61,63,0.136437,8763,1.76508096394256,23,-86,0.001869,51,2024-04-10 08:52:45.000934,80,1.037,0.0011,"aoml_navis",1024.17100589497
"7901009",31,0.0794156205089309,1,0.162603,1,0.140175,1,197.761793515302,1,4.88195636174996,82,1,26.5009994506836,36.2620010375977,0.162603005766869,0.162603005766869,190.703903198242,-85.5021,22.7265,108.763939594054,63,63,63,63,61,63,0.140175,8763,1.76508096394256,23,-86,0.001869,51,2024-04-10 08:52:45.000934,82,1.037,0.0011,"aoml_navis",1024.17957669079
"7901009",31,0.0794156205089309,1,0.162603,1,0.140175,1,197.815087103562,1,4.88191550934024,84,1,26.5009994506836,36.2620010375977,0.162603005766869,0.162603005766869,190.755294799805,-85.5021,22.7265,108.763939594054,63,63,63,63,61,63,0.140175,8763,1.76508096394256,23,-86,0.001869,51,2024-04-10 08:52:45.000934,84,1.037,0.0011,"aoml_navis",1024.18814713893
"7901009",31,0.0825922453292881,1,0.16821,1,0.145782,1,197.739593128031,1,4.88187314477707,86,1,26.5,36.2620010375977,0.168209999799728,0.162603005766869,190.682495117188,-85.5021,22.7265,108.763939594054,63,63,63,63,61,63,0.145782,8763,1.76508096394256,23,-86,0.001869,51,2024-04-10 08:52:45.000934,86,1.037,0.0011,"aoml_navis",1024.19703497403
"7901009",31,0.0804744954490499,1,0.164472,1,0.142044,1,197.679242253439,1,4.88183229698985,88,1,26.5,36.2620010375977,0.164471998810768,0.162603005766869,190.624298095703,-85.5021,22.7265,108.763939594054,63,63,63,63,61,63,0.142044,8763,1.76508096394256,23,-86,0.001869,51,2024-04-10 08:52:45.000934,88,1.037,0.0011,"aoml_navis",1024.20560474456
"7901009",31,0.0772978706286927,4,0.158865,1,0.136437,1,197.592450290373,1,4.88179145154304,90,1,26.5,36.2620010375977,0.158865004777908,0.162603005766869,190.540603637695,-85.5021,22.7265,108.763939594054,63,63,63,63,61,63,0.136437,8763,1.76508096394256,23,-86,0.001869,51,2024-04-10 08:52:45.000934,90,1.037,0.0011,"aoml_navis",1024.21417416748
"7901009",31,0.0825922453292881,1,0.16821,1,0.145782,1,197.62376502053,1,4.88175060843646,92,1,26.5,36.2620010375977,0.168209999799728,0.162603005766869,190.57080078125,-85.5021,22.7265,108.763939594054,63,63,63,63,61,63,0.145782,8763,1.76508096394256,23,-86,0.001869,51,2024-04-10 08:52:45.000934,92,1.037,0.0011,"aoml_navis",1024.2227432428
"7901009",31,0.0857688701496453,1,0.173817,1,0.151389,1,197.541625169978,1,4.88170673542903,94,1,26.4979991912842,36.2620010375977,0.173816993832588,0.162603005766869,190.491592407227,-85.5021,22.7265,108.763939594054,63,63,63,63,61,63,0.151389,8763,1.76508096394256,23,-86,0.001869,51,2024-04-10 08:52:45.000934,94,1.037,0.0011,"aoml_navis",1024.23194816527
"7901009",31,0.0921221197903598,1,0.185031,1,0.162603,1,197.494249575189,1,4.88166438220516,96,1,26.4969997406006,36.2620010375977,0.185030996799469,0.162603005766869,190.445907592773,-85.5021,22.7265,108.763939594054,63,63,63,63,61,63,0.162603,8763,1.76508096394256,23,-86,0.001869,51,2024-04-10 08:52:45.000934,96,1.037,0.0011,"aoml_navis",1024.24083438145
"7901009",31,0.0868277450897644,1,0.175686,1,0.153258,1,197.39334303946,1,4.88162203123962,98,1,26.496000289917,36.2620010375977,0.175686001777649,0.162603005766869,190.348602294922,-85.5021,22.7265,108.763939594054,63,63,63,63,61,63,0.153258,8763,1.76508096394256,23,-86,0.001869,51,2024-04-10 08:52:45.000934,98,1.037,0.0011,"aoml_navis",1024.24972027798
"7901009",31,0.0900043699101216,1,0.181293,1,0.158865,1,197.379956348347,1,4.88157816495478,100,1,26.4939994812012,36.2620010375977,0.181292995810509,0.168209999799728,190.335693359375,-85.5021,22.7265,108.763939594054,63,63,63,63,61,63,0.158865,8763,1.76508096394256,23,-86,0.001869,51,2024-04-10 08:52:45.000934,100,1.037,0.0011,"aoml_navis",1024.25892427481
"7901009",31,0.0889454949700026,1,0.179424,1,0.156996,1,197.291708622181,1,4.88153127168555,102,1,26.4899997711182,36.2620010375977,0.179424002766609,0.166341006755829,190.250595092773,-85.5021,22.7265,108.763939594054,63,63,63,63,61,63,0.156996,8763,1.76508096394256,23,-86,0.001869,51,2024-04-10 08:52:45.000934,102,1.037,0.0011,"aoml_navis",1024.26876357458
"7901009",31,0.0921221197903598,1,0.185031,1,0.162603,1,197.11666893295,1,4.88149100367451,104,1,26.488000869751,36.2610015869141,0.185030996799469,0.171948000788689,190.081802368164,-85.5021,22.7265,108.763939594054,63,63,63,63,61,63,0.162603,8763,1.76508096394256,23,-86,0.001869,51,2024-04-10 08:52:45.000934,104,1.037,0.0011,"aoml_navis",1024.27721289177
"7901009",31,0.0984753694310743,1,0.196245,1,0.173817,1,196.758171446127,1,4.8814477166209,106,1,26.4839992523193,36.2599983215332,0.19624499976635,0.183162003755569,189.736099243164,-85.5021,22.7265,108.763939594054,63,63,63,63,61,63,0.173817,8763,1.76508096394256,23,-86,0.001869,51,2024-04-10 08:52:45.000934,106,1.037,0.0011,"aoml_navis",1024.28629584118
"7901009",31,0.101651994251432,1,0.201852,1,0.179424,1,196.211564049199,1,4.88138018408913,108,1,26.4640007019043,36.2589988708496,0.20185199379921,0.188768997788429,189.208999633789,-85.5021,22.7265,108.763939594054,63,63,63,63,61,63,0.179424,8763,1.76508096394256,23,-86,0.001869,51,2024-04-10 08:52:45.000934,108,1.037,0.0011,"aoml_navis",1024.30046655606
"7901009",31,0.139771492095718,1,0.269136,1,0.246708,1,195.523193808678,1,4.88123663323142,110,1,26.3889999389648,36.2560005187988,0.269136011600494,0.256053000688553,188.545196533203,-85.5021,22.7265,108.763939594054,63,63,63,63,61,63,0.246708,8763,1.76508096394256,23,-86,0.001869,51,2024-04-10 08:52:45.000934,110,1.037,0.0011,"aoml_navis",1024.33058990831
"7901009",31,0.202245113562744,1,0.379407,1,0.356979,1,195.235743890527,1,4.88093619666717,112,1,26.2049999237061,36.2509994506836,0.379406988620758,0.366324007511139,188.268005371094,-85.5021,22.7265,108.763939594054,63,63,63,63,61,63,0.356979,8763,1.76508096394256,23,-86,0.001869,51,2024-04-10 08:52:45.000934,112,1.037,0.0011,"aoml_navis",1024.39364059176
"7901009",31,0.22977586200584,1,0.428001,1,0.405573,1,195.027190002978,1,4.88070685542024,114,1,26.0699996948242,36.2470016479492,0.42800098657608,0.414918005466461,188.06689453125,-85.5021,22.7265,108.763939594054,63,63,63,63,61,63,0.405573,8763,1.76508096394256,23,-86,0.001869,51,2024-04-10 08:52:45.000934,114,1.037,0.0011,"aoml_navis",1024.44177618397
"7901009",31,0.237187986586674,1,0.441084,1,0.418656,1,194.5660295706,1,4.88057666966867,116,1,26.007999420166,36.2459983825684,0.441083997488022,0.42800098657608,187.622192382812,-85.5021,22.7265,108.763939594054,63,63,63,63,61,63,0.418656,8763,1.76508096394256,23,-86,0.001869,51,2024-04-10 08:52:45.000934,116,1.037,0.0011,"aoml_navis",1024.46910240618
"7901009",31,0.273189734550722,1,0.50463,1,0.482202,1,194.10477419715,1,4.88043701019689,118,1,25.9540004730225,36.2509994506836,0.504630029201508,0.491546988487244,187.177398681641,-85.5021,22.7265,108.763939594054,63,63,63,63,61,63,0.482202,8763,1.76508096394256,23,-86,0.001869,51,2024-04-10 08:52:45.000934,118,1.037,0.0011,"aoml_navis",1024.49841880006
"7901009",31,0.292249483472866,1,0.538272,1,0.515844,1,193.836597316559,1,4.88035218980611,120,1,25.9270000457764,36.2519989013672,0.538272023200989,0.525188982486725,186.918792724609,-85.5021,22.7265,108.763939594054,63,63,63,63,61,63,0.515844,8763,1.76508096394256,23,-86,0.001869,51,2024-04-10 08:52:45.000934,120,1.037,0.0011,"aoml_navis",1024.51622455523
"7901009",31,0.282719609011794,1,0.521451,1,0.499023,1,192.979516791587,1,4.88030027958255,122,1,25.9220008850098,36.2529983520508,0.521450996398926,0.508368015289307,186.092300415039,-85.5021,22.7265,108.763939594054,63,63,63,63,61,63,0.499023,8763,1.76508096394256,23,-86,0.001869,51,2024-04-10 08:52:45.000934,122,1.037,0.0011,"aoml_navis",1024.52712201301
"7901009",31,0.285896233832151,1,0.527058,1,0.50463,1,192.233691379162,1,4.88019093556969,124,1,25.8929996490479,36.2599983215332,0.527058005332947,0.513975024223328,185.373092651367,-85.5021,22.7265,108.763939594054,63,63,63,63,61,63,0.50463,8763,1.76508096394256,23,-86,0.001869,51,2024-04-10 08:52:45.000934,124,1.037,0.0011,"aoml_navis",1024.55007724331
"7901009",31,0.254129985628579,1,0.470988,1,0.44856,1,191.9994401082,1,4.88008112561527,126,1,25.8419990539551,36.257999420166,0.470988005399704,0.457904994487762,185.147201538086,-85.5021,22.7265,108.763939594054,63,63,63,63,61,63,0.44856,8763,1.76508096394256,23,-86,0.001869,51,2024-04-10 08:52:45.000934,126,1.037,0.0011,"aoml_navis",1024.57313132671
"7901009",31,0.248835610927983,1,0.461643,1,0.439215,1,191.680453930726,1,4.88001878855063,128,1,25.8299999237061,36.2589988708496,0.461643010377884,0.448559999465942,184.839599609375,-85.5021,22.7265,108.763939594054,63,63,63,63,61,63,0.439215,8763,1.76508096394256,23,-86,0.001869,51,2024-04-10 08:52:45.000934,128,1.037,0.0011,"aoml_navis",1024.58621916188
"7901009",31,0.239305736466912,1,0.444822,1,0.422394,1,191.113418379865,1,4.87994899920692,130,1,25.8129997253418,36.2599983215332,0.444822013378143,0.431739002466202,184.29280090332,-85.5021,22.7265,108.763939594054,63,63,63,63,61,63,0.422394,8763,1.76508096394256,23,-86,0.001869,51,2024-04-10 08:52:45.000934,130,1.037,0.0011,"aoml_navis",1024.60087201989
"7901009",31,0.227658112125602,1,0.424263,1,0.401835,1,190.195765451135,1,4.8798713326611,132,1,25.8099994659424,36.2690010070801,0.424263000488281,0.41117998957634,183.407897949219,-85.5021,22.7265,108.763939594054,63,63,63,63,61,63,0.401835,8763,1.76508096394256,23,-86,0.001869,51,2024-04-10 08:52:45.000934,132,1.037,0.0011,"aoml_navis",1024.6171792553
"7901009",31,0.208598363203458,1,0.390621,1,0.368193,1,189.515496848735,1,4.87979551440976,134,1,25.8010005950928,36.2750015258789,0.3906210064888,0.377537995576859,182.751907348633,-85.5021,22.7265,108.763939594054,63,63,63,63,61,63,0.368193,8763,1.76508096394256,23,-86,0.001869,51,2024-04-10 08:52:45.000934,134,1.037,0.0011,"aoml_navis",1024.63309891476
"7901009",31,0.192715239101672,1,0.362586,1,0.340158,1,188.583729347342,1,4.87973496008006,136,1,25.7950000762939,36.2779998779297,0.362585991621017,0.349503010511398,181.853393554688,-85.5021,22.7265,108.763939594054,63,63,63,63,61,63,0.340158,8763,1.76508096394256,23,-86,0.001869,51,2024-04-10 08:52:45.000934,136,1.037,0.0011,"aoml_navis",1024.64581394354
"7901009",31,0.171537740299291,1,0.325206,1,0.302778,1,187.446034661384,1,4.87964117705828,138,1,25.7859992980957,36.2890014648438,0.325206011533737,0.312123000621796,180.756301879883,-85.5021,22.7265,108.763939594054,63,63,63,63,61,63,0.302778,8763,1.76508096394256,23,-86,0.001869,51,2024-04-10 08:52:45.000934,138,1.037,0.0011,"aoml_navis",1024.665506863
"7901009",31,0.167302240538814,1,0.31773,1,0.295302,1,186.382583893513,1,4.87953954203435,140,1,25.7910003662109,36.3079986572266,0.317730009555817,0.304646998643875,179.730804443359,-85.5021,22.7265,108.763939594054,63,63,63,63,61,63,0.295302,8763,1.76508096394256,23,-86,0.001869,51,2024-04-10 08:52:45.000934,140,1.037,0.0011,"aoml_navis",1024.68684943076
"7901009",31,0.153536866317266,1,0.293433,1,0.271005,1,185.234603924785,1,4.87944712431153,142,1,25.806999206543,36.3289985656738,0.293433010578156,0.280349999666214,178.623794555664,-85.5021,22.7265,108.763939594054,63,63,63,63,61,63,0.271005,8763,1.76508096394256,23,-86,0.001869,51,2024-04-10 08:52:45.000934,142,1.037,0.0011,"aoml_navis",1024.70625720849
"7901009",31,0.14930136655679,1,0.285957,1,0.263529,1,184.156326526213,1,4.87936976415604,144,1,25.8090000152588,36.3400001525879,0.285957008600235,0.272873997688293,177.583999633789,-85.5021,22.7265,108.763939594054,63,63,63,63,61,63,0.263529,8763,1.76508096394256,23,-86,0.001869,51,2024-04-10 08:52:45.000934,144,1.037,0.0011,"aoml_navis",1024.72250345324
"7901009",31,0.142948116916076,1,0.274743,1,0.252315,1,183.01333096375,1,4.87927506124542,146,1,25.8090000152588,36.3549995422363,0.274742990732193,0.261660009622574,176.481796264648,-85.5021,22.7265,108.763939594054,63,63,63,63,61,63,0.252315,8763,1.76508096394256,23,-86,0.001869,51,2024-04-10 08:52:45.000934,146,1.037,0.0011,"aoml_navis",1024.74239251512
"7901009",31,0.138712617155599,1,0.267267,1,0.244839,1,181.774413271825,1,4.87917223934071,148,1,25.818000793457,36.3759994506836,0.267266988754272,0.254184007644653,175.287094116211,-85.5021,22.7265,108.763939594054,63,63,63,63,61,63,0.244839,8763,1.76508096394256,23,-86,0.001869,51,2024-04-10 08:52:45.000934,148,1.037,0.0011,"aoml_navis",1024.76398756434
"7901009",31,0.133418242455004,1,0.257922,1,0.235494,1,180.081186728197,1,4.87908019959398,150,1,25.8269996643066,36.3940010070801,0.257921993732452,0.244838997721672,173.654296875,-85.5021,22.7265,108.763939594054,63,63,63,63,61,63,0.235494,8763,1.76508096394256,23,-86,0.001869,51,2024-04-10 08:52:45.000934,150,1.037,0.0011,"aoml_navis",1024.78331887557
"7901009",31,0.132359367514885,1,0.256053,1,0.233625,1,177.941009265925,1,4.87890524619413,152,1,25.8430004119873,36.4379997253418,0.256053000688553,0.242970004677773,171.59049987793,-85.5021,22.7265,108.763939594054,63,63,63,63,61,63,0.233625,8763,1.76508096394256,23,-86,0.001869,51,2024-04-10 08:52:45.000934,152,1.037,0.0011,"aoml_navis",1024.82006673532
"7901009",31,0.121770618113694,1,0.237363,1,0.214935,1,176.418360181158,1,4.87874471573015,154,1,25.8470001220703,36.4729995727539,0.237362995743752,0.224279999732971,170.122192382812,-85.5021,22.7265,108.763939594054,63,63,63,63,61,63,0.214935,8763,1.76508096394256,23,-86,0.001869,51,2024-04-10 08:52:45.000934,154,1.037,0.0011,"aoml_navis",1024.85378746686
"7901009",31,0.117535118353218,1,0.229887,1,0.207459,1,174.409058986255,1,4.87857284786456,156,1,25.8409996032715,36.5069999694824,0.229886993765831,0.216803997755051,168.184600830078,-85.5021,22.7265,108.763939594054,63,63,63,63,61,63,0.207459,8763,1.76508096394256,23,-86,0.001869,51,2024-04-10 08:52:45.000934,156,1.037,0.0011,"aoml_navis",1024.88989217176
"7901009",31,0.108005243892146,1,0.213066,1,0.190638,1,172.895856538124,1,4.87839562035929,158,1,25.8290004730225,36.5400009155273,0.21306599676609,0.19998300075531,166.725402832031,-85.5021,22.7265,108.763939594054,63,63,63,63,61,63,0.190638,8763,1.76508096394256,23,-86,0.001869,51,2024-04-10 08:52:45.000934,158,1.037,0.0011,"aoml_navis",1024.92712545354
"7901009",31,0.0963576195508361,1,0.192507,1,0.170079,1,170.423733442088,1,4.87815263454936,160,1,25.7970008850098,36.5830001831055,0.19250699877739,0.179424002766609,164.341506958008,-85.5021,22.7265,108.763939594054,63,63,63,63,61,63,0.170079,8763,1.76508096394256,23,-86,0.001869,51,2024-04-10 08:52:45.000934,160,1.037,0.0011,"aoml_navis",1024.97817812991
"7901009",31,0.0847099952095263,1,0.171948,1,0.14952,1,167.993178711955,1,4.87786813986699,162,1,25.753999710083,36.632999420166,0.171948000788689,0.158865004777908,161.997695922852,-85.5021,22.7265,108.763939594054,63,63,63,63,61,63,0.14952,8763,1.76508096394256,23,-86,0.001869,51,2024-04-10 08:52:45.000934,162,1.037,0.0011,"aoml_navis",1025.0379585161
"7901009",31,0.0762389956885736,4,0.156996,1,0.134568,1,166.04744056457,1,4.87750879513992,164,1,25.6800003051758,36.6910018920898,0.156995996832848,0.143913000822067,160.121398925781,-85.5021,22.7265,108.763939594054,63,63,63,63,61,63,0.134568,8763,1.76508096394256,23,-86,0.001869,51,2024-04-10 08:52:45.000934,164,1.037,0.0011,"aoml_navis",1025.11347698279
"7901009",31,0.0762389956885736,4,0.156996,1,0.134568,1,164.983879032115,1,4.87737485166694,166,1,25.6560001373291,36.7070007324219,0.156995996832848,0.143913000822067,159.095794677734,-85.5021,22.7265,108.763939594054,63,63,63,63,61,63,0.134568,8763,1.76508096394256,23,-86,0.001869,51,2024-04-10 08:52:45.000934,166,1.037,0.0011,"aoml_navis",1025.14162886028
"7901009",31,0.0931809947304789,1,0.1869,1,0.164472,1,162.86724695563,1,4.87720588629288,168,1,25.6350002288818,36.734001159668,0.18690000474453,0.173816993832588,157.054702758789,-85.5021,22.7265,108.763939594054,63,63,63,63,61,63,0.164472,8763,1.76508096394256,23,-86,0.001869,51,2024-04-10 08:52:45.000934,168,1.037,0.0011,"aoml_navis",1025.17714375196
"7901009",31,0.0878866200298835,1,0.177555,1,0.155127,1,161.346370104202,1,4.87678583983321,170,1,25.5319995880127,36.7970008850098,0.177554994821548,0.164471998810768,155.588104248047,-85.5021,22.7265,108.763939594054,63,63,63,63,61,63,0.155127,8763,1.76508096394256,23,-86,0.001869,51,2024-04-10 08:52:45.000934,170,1.037,0.0011,"aoml_navis",1025.26544412928
"7901009",31,0.0836511202694072,1,0.170079,1,0.147651,1,160.508356911135,1,4.87658285900877,172.100006103516,1,25.4699993133545,36.8160018920898,0.170078992843628,0.156995996832848,154.779998779297,-85.5021,22.7265,108.763939594054,63,63,63,63,61,63,0.147651,8763,1.76508096394256,23,-86,0.001869,51,2024-04-10 08:52:45.000934,172.100006103516,1.037,0.0011,"aoml_navis",1025.30811934493
"7901009",31,0.0783567455688118,1,0.160734,1,0.138306,1,158.837742166089,1,4.8763012710938,174,1,25.3689994812012,36.8419990539551,0.160733997821808,0.147651001811028,153.169006347656,-85.5021,22.7265,108.763939594054,63,63,63,63,61,63,0.138306,8763,1.76508096394256,23,-86,0.001869,51,2024-04-10 08:52:45.000934,174,1.037,0.0011,"aoml_navis",1025.36732700243
"7901009",31,0.0603558715867875,1,0.128961,1,0.106533,1,157.718386930485,1,4.8757733538749,176,1,25.1580009460449,36.890998840332,0.128960996866226,0.115878000855446,152.089599609375,-85.5021,22.7265,108.763939594054,63,63,63,63,61,63,0.106533,8763,1.76508096394256,23,-86,0.001869,51,2024-04-10 08:52:45.000934,176,1.037,0.0011,"aoml_navis",1025.47834714802
"7901009",31,0.0508259971257158,1,0.11214,1,0.089712,1,157.043197675421,1,4.87552916091782,178,1,25.0659999847412,36.9099998474121,0.112139999866486,0.0990569964051247,151.438507080078,-85.5021,22.7265,108.763939594054,63,63,63,63,61,63,0.089712,8763,1.76508096394256,23,-86,0.001869,51,2024-04-10 08:52:45.000934,178,1.037,0.0011,"aoml_navis",1025.52970866833
"7901009",31,0.0455316224251204,1,0.102795,1,0.080367,1,156.143488609247,1,4.87533531027046,180,1,24.9909992218018,36.9220008850098,0.102794997394085,0.0897120013833046,150.570907592773,-85.5021,22.7265,108.763939594054,63,63,63,63,61,63,0.080367,8763,1.76508096394256,23,-86,0.001869,51,2024-04-10 08:52:45.000934,180,1.037,0.0011,"aoml_navis",1025.57048526835
"7901009",31,0.0349428730239296,1,0.084105,1,0.061677,1,155.487255921503,1,4.87502962267893,182,1,24.8589992523193,36.9420013427734,0.0841049998998642,0.0710219964385033,149.938095092773,-85.5021,22.7265,108.763939594054,63,63,63,63,61,63,0.061677,8763,1.76508096394256,23,-86,0.001869,51,2024-04-10 08:52:45.000934,182,1.037,0.0011,"aoml_navis",1025.6347934256
"7901009",31,0.0317662482035724,1,0.078498,1,0.05607,1,154.930600594485,1,4.87481504496247,184,1,24.761999130249,36.951000213623,0.0784979984164238,0.0654150024056435,149.401306152344,-85.5021,22.7265,108.763939594054,63,63,63,63,61,63,0.05607,8763,1.76508096394256,23,-86,0.001869,51,2024-04-10 08:52:45.000934,184,1.037,0.0011,"aoml_navis",1025.67993941983
"7901009",31,0.027530748443096,1,0.071022,1,0.048594,1,154.182702301994,1,4.87455369329006,186,1,24.6399993896484,36.9630012512207,0.0710219964385033,0.0579390004277229,148.680099487305,-85.5021,22.7265,108.763939594054,63,63,63,63,61,63,0.048594,8763,1.76508096394256,23,-86,0.001869,51,2024-04-10 08:52:45.000934,186,1.037,0.0011,"aoml_navis",1025.7349317708
"7901009",31,0.0201186238622625,1,0.057939,1,0.035511,1,153.640446370853,1,4.87421767683975,188,1,24.4710006713867,36.9770011901855,0.0579390004277229,0.0448560006916523,148.157196044922,-85.5021,22.7265,108.763939594054,63,63,63,63,61,63,0.035511,8763,1.76508096394256,23,-86,0.001869,51,2024-04-10 08:52:45.000934,188,1.037,0.0011,"aoml_navis",1025.80564338723
"7901009",31,0.0190597489221434,1,0.05607,1,0.033642,1,153.373424606635,1,4.87402172391554,190,1,24.3810005187988,36.984001159668,0.0560699999332428,0.0429870001971722,147.899703979492,-85.5021,22.7265,108.763939594054,63,63,63,63,61,63,0.033642,8763,1.76508096394256,23,-86,0.001869,51,2024-04-10 08:52:45.000934,190,1.037,0.0011,"aoml_navis",1025.84688440479
"7901009",31,0.0148242491616671,1,0.048594,1,0.026166,1,152.818731395098,1,4.87387356324554,192,1,24.3139991760254,36.9869995117188,0.0485940016806126,0.0355109982192516,147.364807128906,-85.5021,22.7265,108.763939594054,63,63,63,63,61,63,0.026166,8763,1.76508096394256,23,-86,0.001869,51,2024-04-10 08:52:45.000934,192,1.037,0.0011,"aoml_navis",1025.87806907951
"7901009",31,0.0127064992814289,1,0.044856,1,0.022428,1,152.222643876291,1,4.87366015162912,194,1,24.2089996337891,36.9930000305176,0.0448560006916523,0.0317730009555817,146.789993286133,-85.5021,22.7265,108.763939594054,63,63,63,63,61,63,0.022428,8763,1.76508096394256,23,-86,0.001869,51,2024-04-10 08:52:45.000934,194,1.037,0.0011,"aoml_navis",1025.92299102527
"7901009",31,0.0095298744610717,1,0.039249,1,0.016821,1,151.858449925165,1,4.87340343665104,196,1,24.076000213623,37,0.0392489992082119,0.0261659994721413,146.43879699707,-85.5021,22.7265,108.763939594054,63,63,63,63,61,63,0.016821,8763,1.76508096394256,23,-86,0.001869,51,2024-04-10 08:52:45.000934,196,1.037,0.0011,"aoml_navis",1025.9770332981
"7901009",31,0.00847099952095263,1,0.03738,1,0.014952,1,151.34855307597,1,4.87326748062063,198,1,24.011999130249,37.0009994506836,0.0373799987137318,0.0242970008403063,145.94709777832,-85.5021,22.7265,108.763939594054,63,63,63,63,61,63,0.014952,8763,1.76508096394256,23,-86,0.001869,51,2024-04-10 08:52:45.000934,198,1.037,0.0011,"aoml_navis",1026.00565634522
"7901009",31,0.00847099952095263,1,0.03738,1,0.014952,1,150.589768207254,1,4.87301462323639,200,1,23.8759994506836,37.0060005187988,0.0373799987137318,0.0242970008403063,145.215393066406,-85.5021,22.7265,108.763939594054,63,63,63,63,61,63,0.014952,8763,1.76508096394256,23,-86,0.001869,51,2024-04-10 08:52:45.000934,200,1.037,0.0011,"aoml_navis",1026.05889507454
"7901009",31,0.00211774988023816,1,0.026166,1,0.003738,1,150.4349509663,1,4.87260844822101,201.899993896484,1,23.6350002288818,37.0130004882812,0.0261659994721413,0.0130829997360706,145.066101074219,-85.5021,22.7265,108.763939594054,63,63,63,63,61,63,0.003738,8763,1.76508096394256,23,-86,0.001869,51,2024-04-10 08:52:45.000934,201.899993896484,1.037,0.0011,"aoml_navis",1026.14442615957
"7901009",31,0,1,0.022428,1,0,1,150.024394125149,1,4.87241150411911,204,1,23.5259990692139,37.0130004882812,0.0224280003458261,0.00934499967843294,144.670196533203,-85.5021,22.7265,108.763939594054,63,63,63,63,61,63,0,8763,1.76508096394256,23,-86,0.001869,51,2024-04-10 08:52:45.000934,204,1.037,0.0011,"aoml_navis",1026.18590317608
"7901009",31,-0.00317662482035723,4,0.016821,1,-0.005607,1,150.345358241618,1,4.87194711048251,206,1,23.2350006103516,37.0169982910156,0.0168210007250309,0.00373800005763769,144.979705810547,-85.5021,22.7265,108.763939594054,63,63,63,63,61,63,-0.005607,8763,1.76508096394256,23,-86,0.001869,51,2024-04-10 08:52:45.000934,206,1.037,0.0011,"aoml_navis",1026.28371914013
"7901009",31,-0.00211774988023816,1,0.01869,1,-0.003738,1,150.314138452533,1,4.87181689756034,208,1,23.1660003662109,37.0149993896484,0.0186899993568659,0.00560700008645654,144.949600219727,-85.5021,22.7265,108.763939594054,63,63,63,63,61,63,-0.003738,8763,1.76508096394256,23,-86,0.001869,51,2024-04-10 08:52:45.000934,208,1.037,0.0011,"aoml_navis",1026.31114944075
"7901009",31,0.00105887494011908,1,0.024297,1,0.001869,1,150.125712072189,1,4.87174889431692,210,1,23.1439990997314,37.0139999389648,0.0242970008403063,0.0112140001729131,144.76789855957,-85.5021,22.7265,108.763939594054,63,63,63,63,61,63,0.001869,8763,1.76508096394256,23,-86,0.001869,51,2024-04-10 08:52:45.000934,210,1.037,0.0011,"aoml_navis",1026.32547540221
"7901009",31,0,1,0.022428,1,0,1,149.952950968678,1,4.87164182088035,212,1,23.0939998626709,37.0130004882812,0.0224280003458261,0.00934499967843294,144.601303100586,-85.5021,22.7265,108.763939594054,63,63,63,63,61,63,0,8763,1.76508096394256,23,-86,0.001869,51,2024-04-10 08:52:45.000934,212,1.037,0.0011,"aoml_navis",1026.34803292999
"7901009",31,-0.00105887494011908,1,0.020559,1,-0.001869,1,149.907110254549,1,4.87146208255846,214,1,22.9839992523193,37.0089988708496,0.020558999851346,0.00747600011527538,144.557098388672,-85.5021,22.7265,108.763939594054,63,63,63,63,61,63,-0.001869,8763,1.76508096394256,23,-86,0.001869,51,2024-04-10 08:52:45.000934,214,1.037,0.0011,"aoml_navis",1026.38590124754
"7901009",31,-0.00105887494011908,1,0.020559,1,-0.001869,1,149.773654754731,1,4.87128166354462,216,1,22.8680000305176,37.0029983520508,0.020558999851346,0.00747600011527538,144.428405761719,-85.5021,22.7265,108.763939594054,63,63,63,63,61,63,-0.001869,8763,1.76508096394256,23,-86,0.001869,51,2024-04-10 08:52:45.000934,216,1.037,0.0011,"aoml_navis",1026.42391578764
"7901009",31,0,1,0.022428,1,0,1,149.680944798195,1,4.87116289345048,218,1,22.8040008544922,37,0.0224280003458261,0.00934499967843294,144.339004516602,-85.5021,22.7265,108.763939594054,63,63,63,63,61,63,0,8763,1.76508096394256,23,-86,0.001869,51,2024-04-10 08:52:45.000934,218,1.037,0.0011,"aoml_navis",1026.44894235065
"7901009",31,0.00211774988023816,1,0.026166,1,0.003738,1,149.477992433877,1,4.87101634435364,220,1,22.7250003814697,36.9990005493164,0.0261659994721413,0.0130829997360706,144.143295288086,-85.5021,22.7265,108.763939594054,63,63,63,63,61,63,0.003738,8763,1.76508096394256,23,-86,0.001869,51,2024-04-10 08:52:45.000934,220,1.037,0.0011,"aoml_navis",1026.47982403013
"7901009",31,-0.00105887494011908,1,0.020559,1,-0.001869,1,149.372433785634,1,4.87090396411667,222,1,22.6679992675781,36.9970016479492,0.020558999851346,0.00747600011527538,144.04150390625,-85.5021,22.7265,108.763939594054,63,63,63,63,61,63,-0.001869,8763,1.76508096394256,23,-86,0.001869,51,2024-04-10 08:52:45.000934,222,1.037,0.0011,"aoml_navis",1026.50350670725
"7901009",31,0.00105887494011908,1,0.024297,1,0.001869,1,149.276084421348,1,4.87084355498581,224,1,22.6459999084473,36.9939994812012,0.0242970008403063,0.0112140001729131,143.948593139648,-85.5021,22.7265,108.763939594054,63,63,63,63,61,63,0.001869,8763,1.76508096394256,23,-86,0.001869,51,2024-04-10 08:52:45.000934,224,1.037,0.0011,"aoml_navis",1026.51623759954
"7901009",31,-0.00317662482035723,1,0.016821,1,-0.005607,1,149.527883967067,1,4.87063159765597,226,1,22.5060005187988,36.9879989624023,0.0168210007250309,0.00373800005763769,144.19140625,-85.5021,22.7265,108.763939594054,63,63,63,63,61,63,-0.005607,8763,1.76508096394256,23,-86,0.001869,51,2024-04-10 08:52:45.000934,226,1.037,0.0011,"aoml_navis",1026.56090893967
"7901009",31,-0.00529437470059539,1,0.013083,1,-0.009345,1,149.539909836151,1,4.87052534075658,228.100006103516,1,22.4519996643066,36.9850006103516,0.0130829997360706,0,144.203002929688,-85.5021,22.7265,108.763939594054,63,63,63,63,61,63,-0.009345,8763,1.76508096394256,23,-86,0.001869,51,2024-04-10 08:52:45.000934,228.100006103516,1.037,0.0011,"aoml_navis",1026.58330471253
"7901009",31,-0.00317662482035723,1,0.016821,1,-0.005607,1,149.512835807199,1,4.87042125001625,230.100006103516,1,22.3980007171631,36.9819984436035,0.0168210007250309,0.00373800005763769,144.176895141602,-85.5021,22.7265,108.763939594054,63,63,63,63,61,63,-0.005607,8763,1.76508096394256,23,-86,0.001869,51,2024-04-10 08:52:45.000934,230.100006103516,1.037,0.0011,"aoml_navis",1026.60524487144
"7901009",31,-0.00211774988023816,1,0.01869,1,-0.003738,1,149.395140525287,1,4.87032677465301,232,1,22.3600006103516,36.9830017089844,0.0186899993568659,0.00560700008645654,144.063400268555,-85.5021,22.7265,108.763939594054,63,63,63,63,61,63,-0.003738,8763,1.76508096394256,23,-86,0.001869,51,2024-04-10 08:52:45.000934,232,1.037,0.0011,"aoml_navis",1026.62515912112
"7901009",31,-0.00317662482035723,1,0.016821,1,-0.005607,1,149.132675932511,1,4.87019565874418,234,1,22.2940006256104,36.9830017089844,0.0168210007250309,0.00373800005763769,143.810302734375,-85.5021,22.7265,108.763939594054,63,63,63,63,61,63,-0.005607,8763,1.76508096394256,23,-86,0.001869,51,2024-04-10 08:52:45.000934,234,1.037,0.0011,"aoml_navis",1026.65279802933
"7901009",31,-0.00211774988023816,1,0.01869,1,-0.003738,1,148.93366362267,1,4.87002666231791,236,1,22.1709995269775,36.9720001220703,0.0186899993568659,0.00560700008645654,143.618392944336,-85.5021,22.7265,108.763939594054,63,63,63,63,61,63,-0.003738,8763,1.76508096394256,23,-86,0.001869,51,2024-04-10 08:52:45.000934,236,1.037,0.0011,"aoml_navis",1026.68842425192
"7901009",31,-0.00317662482035723,1,0.016821,1,-0.005607,1,148.826854916983,1,4.86983878316031,238,1,22.0310001373291,36.9599990844727,0.0168210007250309,0.00373800005763769,143.515396118164,-85.5021,22.7265,108.763939594054,63,63,63,63,61,63,-0.005607,8763,1.76508096394256,23,-86,0.001869,51,2024-04-10 08:52:45.000934,238,1.037,0.0011,"aoml_navis",1026.72803405521
"7901009",31,-0.00317662482035723,1,0.016821,1,-0.005607,1,148.707814636555,1,4.86970662565997,240,1,21.9529991149902,36.9560012817383,0.0168210007250309,0.00373800005763769,143.400604248047,-85.5021,22.7265,108.763939594054,63,63,63,63,61,63,-0.005607,8763,1.76508096394256,23,-86,0.001869,51,2024-04-10 08:52:45.000934,240,1.037,0.0011,"aoml_navis",1026.75589811786
"7901009",31,-0.00529437470059539,1,0.013083,1,-0.009345,1,148.740474365227,1,4.86955266686192,242,1,21.8560009002686,36.951000213623,0.0130829997360706,0,143.432098388672,-85.5021,22.7265,108.763939594054,63,63,63,63,61,63,-0.009345,8763,1.76508096394256,23,-86,0.001869,51,2024-04-10 08:52:45.000934,242,1.037,0.0011,"aoml_navis",1026.78836066931
"7901009",31,-0.00529437470059539,1,0.013083,1,-0.009345,1,148.986245152892,1,4.86931186895942,244,1,21.6700000762939,36.9370002746582,0.0130829997360706,0,143.669097900391,-85.5021,22.7265,108.763939594054,63,63,63,63,61,63,-0.009345,8763,1.76508096394256,23,-86,0.001869,51,2024-04-10 08:52:45.000934,244,1.037,0.0011,"aoml_navis",1026.83913755323
"7901009",31,-0.00423549976047631,1,0.014952,1,-0.007476,1,149.196856096996,1,4.86913786004656,246,1,21.5330009460449,36.9230003356934,0.0149520002305508,0.00186900002881885,143.872192382812,-85.5021,22.7265,108.763939594054,63,63,63,63,61,63,-0.007476,8763,1.76508096394256,23,-86,0.001869,51,2024-04-10 08:52:45.000934,246,1.037,0.0011,"aoml_navis",1026.87583381593
"7901009",31,-0.00317662482035723,1,0.016821,1,-0.005607,1,149.5439448317,1,4.86895297425792,248,1,21.3899993896484,36.9099998474121,0.0168210007250309,0.00373800005763769,144.206893920898,-85.5021,22.7265,108.763939594054,63,63,63,63,61,63,-0.005607,8763,1.76508096394256,23,-86,0.001869,51,2024-04-10 08:52:45.000934,248,1.037,0.0011,"aoml_navis",1026.91482674713
"7901009",31,-0.00423549976047631,1,0.014952,1,-0.007476,1,150.019520483468,1,4.86878308443681,250,1,21.2549991607666,36.8959999084473,0.0149520002305508,0.00186900002881885,144.665496826172,-85.5021,22.7265,108.763939594054,63,63,63,63,61,63,-0.007476,8763,1.76508096394256,23,-86,0.001869,51,2024-04-10 08:52:45.000934,250,1.037,0.0011,"aoml_navis",1026.9506595976
"7901009",31,0,1,0.013083,1,-0.009345,1,150.323885735897,1,4.86862734775347,252,1,21.1219997406006,36.8790016174316,0.0130829997360706,0,144.958999633789,-85.5021,22.7265,108.763939594054,63,63,63,63,61,63,0,8763,1.76508096394256,23,-86,0.001869,51,2024-04-10 08:52:45.000934,252,1.037,0.0011,"aoml_navis",1026.98350949106
"7901009",31,0,1,0.013083,1,-0.009345,1,150.351782587471,1,4.8685394561323,254,1,21.0809993743896,36.8769989013672,0.0130829997360706,0,144.985900878906,-85.5021,22.7265,108.763939594054,63,63,63,63,61,63,0,8763,1.76508096394256,23,-86,0.001869,51,2024-04-10 08:52:45.000934,254,1.037,0.0011,"aoml_navis",1027.0020495987
"7901009",31,0,1,0.013083,1,-0.009345,1,150.568627995284,1,4.86839257710304,256,1,20.9759998321533,36.8680000305176,0.0130829997360706,0,145.195007324219,-85.5021,22.7265,108.763939594054,63,63,63,63,61,63,0,8763,1.76508096394256,23,-86,0.001869,51,2024-04-10 08:52:45.000934,256,1.037,0.0011,"aoml_navis",1027.03303417147
"7901009",31,0,1,0.013083,1,-0.009345,1,150.747085563098,1,4.86825267982466,258,1,20.8649997711182,36.8549995422363,0.0130829997360706,0,145.367095947266,-85.5021,22.7265,108.763939594054,63,63,63,63,61,63,0,8763,1.76508096394256,23,-86,0.001869,51,2024-04-10 08:52:45.000934,258,1.037,0.0011,"aoml_navis",1027.06254766137
"7901009",31,0,1,0.016821,1,-0.005607,1,150.664850771475,1,4.86819007408859,260,1,20.8320007324219,36.8489990234375,0.0168210007250309,0,145.287796020508,-85.5021,22.7265,108.763939594054,63,63,63,63,61,63,0,8763,1.76508096394256,23,-86,0.001869,51,2024-04-10 08:52:45.000934,260,1.037,0.0011,"aoml_navis",1027.07575585698
"7901009",31,0,1,0.016821,1,-0.005607,1,150.425409388592,1,4.86814155400057,262,1,20.818000793457,36.8460006713867,0.0168210007250309,0,145.056900024414,-85.5021,22.7265,108.763939594054,63,63,63,63,61,63,0,8763,1.76508096394256,23,-86,0.001869,51,2024-04-10 08:52:45.000934,262,1.037,0.0011,"aoml_navis",1027.08599257782
"7901009",31,0,1,0.013083,1,-0.009345,1,150.34804823865,1,4.8680372121239,264,1,20.742000579834,36.8359985351562,0.0130829997360706,0,144.982299804688,-85.5021,22.7265,108.763939594054,63,63,63,63,61,63,0,8763,1.76508096394256,23,-86,0.001869,51,2024-04-10 08:52:45.000934,264,1.037,0.0011,"aoml_navis",1027.10800721643
"7901009",31,0,1,0.022428,1,0,1,150.258455513968,1,4.86791061315762,266,1,20.6459999084473,36.8250007629395,0.0224280003458261,0,144.895904541016,-85.5021,22.7265,108.763939594054,63,63,63,63,61,63,0,8763,1.76508096394256,23,-86,0.001869,51,2024-04-10 08:52:45.000934,266,1.037,0.0011,"aoml_navis",1027.13471904873
"7901009",31,0,1,0.016821,1,-0.005607,1,150.71349224722,1,4.86774415108664,268,1,20.4939994812012,36.8050003051758,0.0168210007250309,0,145.334701538086,-85.5021,22.7265,108.763939594054,63,63,63,63,61,63,0,8763,1.76508096394256,23,-86,0.001869,51,2024-04-10 08:52:45.000934,268,1.037,0.0011,"aoml_navis",1027.16984393764
"7901009",31,0,1,0.01869,1,-0.003738,1,151.576285060007,1,4.8676510207564,270,1,20.4120006561279,36.7900009155273,0.0186899993568659,0,146.166702270508,-85.5021,22.7265,108.763939594054,63,63,63,63,61,63,0,8763,1.76508096394256,23,-86,0.001869,51,2024-04-10 08:52:45.000934,270,1.037,0.0011,"aoml_navis",1027.18949626406
"7901009",31,0,1,0.01869,1,-0.003738,1,152.828573619533,1,4.86757414413983,272,1,20.3339996337891,36.7719993591309,0.0186899993568659,0,147.374298095703,-85.5021,22.7265,108.763939594054,63,63,63,63,61,63,0,8763,1.76508096394256,23,-86,0.001869,51,2024-04-10 08:52:45.000934,272,1.037,0.0011,"aoml_navis",1027.20571930468
"7901009",31,0,1,0.020559,1,-0.001869,1,153.548986471761,1,4.86751655813109,274,1,20.2959995269775,36.7630004882812,0.020558999851346,0,148.069000244141,-85.5021,22.7265,108.763939594054,63,63,63,63,61,63,0,8763,1.76508096394256,23,-86,0.001869,51,2024-04-10 08:52:45.000934,274,1.037,0.0011,"aoml_navis",1027.21787184218
"7901009",31,0,1,0.020559,1,-0.001869,1,154.280080194557,1,4.86747449203695,276,1,20.2840003967285,36.7589988708496,0.020558999851346,0,148.774002075195,-85.5021,22.7265,108.763939594054,63,63,63,63,61,63,0,8763,1.76508096394256,23,-86,0.001869,51,2024-04-10 08:52:45.000934,276,1.037,0.0011,"aoml_navis",1027.22674935017
"7901009",31,0,1,0.020559,1,-0.001869,1,155.5648227771,1,4.86743448881182,278,1,20.2679996490479,36.7529983520508,0.020558999851346,0,150.012893676758,-85.5021,22.7265,108.763939594054,63,63,63,63,61,63,0,8763,1.76508096394256,23,-86,0.001869,51,2024-04-10 08:52:45.000934,278,1.037,0.0011,"aoml_navis",1027.23519165854
"7901009",31,0,1,0.01869,1,-0.003738,1,157.547793648112,1,4.8673827045653,280,1,20.2119998931885,36.7360000610352,0.0186899993568659,0,151.925094604492,-85.5021,22.7265,108.763939594054,63,63,63,63,61,63,0,8763,1.76508096394256,23,-86,0.001869,51,2024-04-10 08:52:45.000934,280,1.037,0.0011,"aoml_navis",1027.24612044792
"7901009",31,0,1,0.016821,1,-0.005607,1,157.496462175335,1,4.86721591007157,282,1,19.9899997711182,36.6920013427734,0.0168210007250309,0,151.875595092773,-85.5021,22.7265,108.763939594054,63,63,63,63,61,63,0,8763,1.76508096394256,23,-86,0.001869,51,2024-04-10 08:52:45.000934,282,1.037,0.0011,"aoml_navis",1027.28132311814
"7901009",31,0,1,0.016821,1,-0.005607,1,154.571375226112,1,4.86706091516107,284,1,19.8780002593994,36.6839981079102,0.0168210007250309,0,149.054901123047,-85.5021,22.7265,108.763939594054,63,63,63,63,61,63,0,8763,1.76508096394256,23,-86,0.001869,51,2024-04-10 08:52:45.000934,284,1.037,0.0011,"aoml_navis",1027.31403760015
"7901009",31,0,1,0.016821,1,-0.005607,1,151.907819282461,1,4.86698671925753,286,1,19.8689994812012,36.689998626709,0.0168210007250309,0,146.486404418945,-85.5021,22.7265,108.763939594054,63,63,63,63,61,63,0,8763,1.76508096394256,23,-86,0.001869,51,2024-04-10 08:52:45.000934,286,1.037,0.0011,"aoml_navis",1027.32969872635
"7901009",31,0,1,0.020559,1,-0.001869,1,151.248485186374,1,4.86682577538872,288,1,19.7689990997314,36.6879997253418,0.020558999851346,0,145.850601196289,-85.5021,22.7265,108.763939594054,63,63,63,63,61,63,0,8763,1.76508096394256,23,-86,0.001869,51,2024-04-10 08:52:45.000934,288,1.037,0.0011,"aoml_navis",1027.36367208474
"7901009",31,0,1,0.020559,1,-0.001869,1,151.216853985979,1,4.86667027667682,290,1,19.613000869751,36.6650009155273,0.020558999851346,0,145.820098876953,-85.5021,22.7265,108.763939594054,63,63,63,63,61,63,0,8763,1.76508096394256,23,-86,0.001869,51,2024-04-10 08:52:45.000934,290,1.037,0.0011,"aoml_navis",1027.39649816881
"7901009",31,0,1,0.024297,1,0.001869,1,149.844987146618,1,4.866572566408,292,1,19.5709991455078,36.6660003662109,0.0242970008403063,0,144.497192382812,-85.5021,22.7265,108.763939594054,63,63,63,63,61,63,0,8763,1.76508096394256,23,-86,0.001869,51,2024-04-10 08:52:45.000934,292,1.037,0.0011,"aoml_navis",1027.41712607205
"7901009",31,0,1,0.020559,1,-0.001869,1,149.700850776232,1,4.86648844209511,294,1,19.5340003967285,36.6650009155273,0.020558999851346,0,144.358200073242,-85.5021,22.7265,108.763939594054,63,63,63,63,61,63,0,8763,1.76508096394256,23,-86,0.001869,51,2024-04-10 08:52:45.000934,294,1.037,0.0011,"aoml_navis",1027.43488646763
"7901009",31,0,1,0.01869,1,-0.003738,1,149.565939513315,1,4.86643316584092,296,1,19.5170001983643,36.6629981994629,0.0186899993568659,0,144.228103637695,-85.5021,22.7265,108.763939594054,63,63,63,63,61,63,0,8763,1.76508096394256,23,-86,0.001869,51,2024-04-10 08:52:45.000934,296,1.037,0.0011,"aoml_navis",1027.44655677111
"7901009",31,0,1,0.022428,1,0,1,149.530779669754,1,4.86635398034325,298,1,19.4810009002686,36.6609992980957,0.0224280003458261,0,144.194198608398,-85.5021,22.7265,108.763939594054,63,63,63,63,61,63,0,8763,1.76508096394256,23,-86,0.001869,51,2024-04-10 08:52:45.000934,298,1.037,0.0011,"aoml_navis",1027.46327542069
"7901009",31,0,1,0.014952,1,-0.007476,1,149.508072930101,1,4.86624769523426,300,1,19.4090003967285,36.6539993286133,0.0149520002305508,0,144.172302246094,-85.5021,22.7265,108.763939594054,63,63,63,63,61,63,0,8763,1.76508096394256,23,-86,0.001869,51,2024-04-10 08:52:45.000934,300,1.037,0.0011,"aoml_navis",1027.48571654023
"7901009",31,0,1,0.016821,1,-0.005607,1,149.179022999024,1,4.86612545108893,302,1,19.3010005950928,36.6389999389648,0.0168210007250309,0,143.854995727539,-85.5021,22.7265,108.763939594054,63,63,63,63,61,63,0,8763,1.76508096394256,23,-86,0.001869,51,2024-04-10 08:52:45.000934,302,1.037,0.0011,"aoml_navis",1027.51152847511
"7901009",31,0,1,0.020559,1,-0.001869,1,149.107263372314,1,4.86598908766509,304,1,19.1609992980957,36.617000579834,0.020558999851346,0,143.785797119141,-85.5021,22.7265,108.763939594054,63,63,63,63,61,63,0,8763,1.76508096394256,23,-86,0.001869,51,2024-04-10 08:52:45.000934,304,1.037,0.0011,"aoml_navis",1027.54032323554
"7901009",31,0,1,0.01869,1,-0.003738,1,149.569246627314,1,4.86585599021018,306,1,19.0230007171631,36.5950012207031,0.0186899993568659,0,144.231292724609,-85.5021,22.7265,108.763939594054,63,63,63,63,61,63,0,8763,1.76508096394256,23,-86,0.001869,51,2024-04-10 08:52:45.000934,306,1.037,0.0011,"aoml_navis",1027.56842990416
"7901009",31,0,1,0.01869,1,-0.003738,1,150.702605670996,1,4.86566192191883,308,1,18.8320007324219,36.5719985961914,0.0186899993568659,0,145.324203491211,-85.5021,22.7265,108.763939594054,63,63,63,63,61,63,0,8763,1.76508096394256,23,-86,0.001869,51,2024-04-10 08:52:45.000934,308,1.037,0.0011,"aoml_navis",1027.60941475938
"7901009",31,0,1,0.016821,1,-0.005607,1,151.082971251339,1,4.86556460579236,310,1,18.7569999694824,36.5620002746582,0.0168210007250309,0,145.690994262695,-85.5021,22.7265,108.763939594054,63,63,63,63,61,63,0,8763,1.76508096394256,23,-86,0.001869,51,2024-04-10 08:52:45.000934,310,1.037,0.0011,"aoml_navis",1027.62996796869
"7901009",31,0,1,0.016821,1,-0.005607,1,151.257915999499,1,4.86546629617831,312,1,18.6809997558594,36.5519981384277,0.0168210007250309,0,145.85969543457,-85.5021,22.7265,108.763939594054,63,63,63,63,61,63,0,8763,1.76508096394256,23,-86,0.001869,51,2024-04-10 08:52:45.000934,312,1.037,0.0011,"aoml_navis",1027.65073183784
"7901009",31,0,1,0.013083,1,-0.009345,1,151.489065862118,1,4.86537431487908,314,1,18.6100006103516,36.5419998168945,0.0130829997360706,0,146.082595825195,-85.5021,22.7265,108.763939594054,63,63,63,63,61,63,0,8763,1.76508096394256,23,-86,0.001869,51,2024-04-10 08:52:45.000934,314,1.037,0.0011,"aoml_navis",1027.67015987017
"7901009",31,0,1,0.020559,1,-0.001869,1,151.567677069504,1,4.86533302316288,316,1,18.6040000915527,36.5400009155273,0.020558999851346,0,146.158401489258,-85.5021,22.7265,108.763939594054,63,63,63,63,61,63,0,8763,1.76508096394256,23,-86,0.001869,51,2024-04-10 08:52:45.000934,316,1.037,0.0011,"aoml_navis",1027.67888162969
"7901009",31,0,1,0.014952,1,-0.007476,1,151.928136671809,1,4.8652659667354,318,1,18.5709991455078,36.5359992980957,0.0149520002305508,0,146.505996704102,-85.5021,22.7265,108.763939594054,63,63,63,63,61,63,0,8763,1.76508096394256,23,-86,0.001869,51,2024-04-10 08:52:45.000934,318,1.037,0.0011,"aoml_navis",1027.69304580383
"7901009",31,0,1,0.01869,1,-0.003738,1,152.131500447438,1,4.86515227373279,320,1,18.4759998321533,36.523998260498,0.0186899993568659,0,146.702102661133,-85.5021,22.7265,108.763939594054,63,63,63,63,61,63,0,8763,1.76508096394256,23,-86,0.001869,51,2024-04-10 08:52:45.000934,320,1.037,0.0011,"aoml_navis",1027.71706180611
"7901009",31,0,1,0.01869,1,-0.003738,1,152.589021472067,1,4.86502787706615,322,1,18.3570003509521,36.5069999694824,0.0186899993568659,0,147.143295288086,-85.5021,22.7265,108.763939594054,63,63,63,63,61,63,0,8763,1.76508096394256,23,-86,0.001869,51,2024-04-10 08:52:45.000934,322,1.037,0.0011,"aoml_navis",1027.74334008858
"7901009",31,0,1,0.016821,1,-0.005607,1,153.029342339202,1,4.86491736645316,324,1,18.2549991607666,36.492000579834,0.0168210007250309,0,147.567901611328,-85.5021,22.7265,108.763939594054,63,63,63,63,61,63,0,8763,1.76508096394256,23,-86,0.001869,51,2024-04-10 08:52:45.000934,324,1.037,0.0011,"aoml_navis",1027.76668612674
"7901009",31,0,1,0.013083,1,-0.009345,1,153.293990576627,1,4.86478799016191,326,1,18.1399993896484,36.4780006408691,0.0130829997360706,0,147.823104858398,-85.5021,22.7265,108.763939594054,63,63,63,63,61,63,0,8763,1.76508096394256,23,-86,0.001869,51,2024-04-10 08:52:45.000934,326,1.037,0.0011,"aoml_navis",1027.79401900176
"7901009",31,0,1,0.01869,1,-0.003738,1,153.294291223354,1,4.86469993595387,328,1,18.068000793457,36.4669990539551,0.0186899993568659,0,147.823394775391,-85.5021,22.7265,108.763939594054,63,63,63,63,61,63,0,8763,1.76508096394256,23,-86,0.001869,51,2024-04-10 08:52:45.000934,328,1.037,0.0011,"aoml_navis",1027.81262273674
"7901009",31,0,1,0.014952,1,-0.007476,1,153.133555988929,1,4.86462280689312,330,1,18.0139999389648,36.4589996337891,0.0149520002305508,0,147.668395996094,-85.5021,22.7265,108.763939594054,63,63,63,63,61,63,0,8763,1.76508096394256,23,-86,0.001869,51,2024-04-10 08:52:45.000934,330,1.037,0.0011,"aoml_navis",1027.82891880436
"7901009",31,0,1,0.016821,1,-0.005607,1,152.793002364662,1,4.8645577915795,332,1,17.9669990539551,36.4500007629395,0.0168210007250309,0,147.339996337891,-85.5021,22.7265,108.763939594054,63,63,63,63,61,63,0,8763,1.76508096394256,23,-86,0.001869,51,2024-04-10 08:52:45.000934,332,1.037,0.0011,"aoml_navis",1027.84265584324
"7901009",31,0,1,0.014952,1,-0.007476,1,152.564241852347,1,4.86442981535254,334,1,17.8460006713867,36.4339981079102,0.0149520002305508,0,147.119400024414,-85.5021,22.7265,108.763939594054,63,63,63,63,61,63,0,8763,1.76508096394256,23,-86,0.001869,51,2024-04-10 08:52:45.000934,334,1.037,0.0011,"aoml_navis",1027.86969692102
"7901009",31,0,1,0.020559,1,-0.001869,1,152.457322382076,1,4.86434267160591,336,1,17.7679996490479,36.4210014343262,0.020558999851346,0,147.016296386719,-85.5021,22.7265,108.763939594054,63,63,63,63,61,63,0,8763,1.76508096394256,23,-86,0.001869,51,2024-04-10 08:52:45.000934,336,1.037,0.0011,"aoml_navis",1027.88811100541
"7901009",31,0,1,0.016821,1,-0.005607,1,152.309752309596,1,4.86427324715982,338,1,17.7229995727539,36.4140014648438,0.0168210007250309,0,146.873992919922,-85.5021,22.7265,108.763939594054,63,63,63,63,61,63,0,8763,1.76508096394256,23,-86,0.001869,51,2024-04-10 08:52:45.000934,338,1.037,0.0011,"aoml_navis",1027.90278134959
"7901009",31,0,1,0.014952,1,-0.007476,1,152.206060835764,1,4.8642014692604,340,1,17.6790008544922,36.4080009460449,0.0149520002305508,0,146.774002075195,-85.5021,22.7265,108.763939594054,63,63,63,63,61,63,0,8763,1.76508096394256,23,-86,0.001869,51,2024-04-10 08:52:45.000934,340,1.037,0.0011,"aoml_navis",1027.91794945127
"7901009",31,0,1,0.014952,1,-0.007476,1,151.881473135058,1,4.86415565407557,342,1,17.6660003662109,36.4049987792969,0.0149520002305508,0,146.460998535156,-85.5021,22.7265,108.763939594054,63,63,63,63,61,63,0,8763,1.76508096394256,23,-86,0.001869,51,2024-04-10 08:52:45.000934,342,1.037,0.0011,"aoml_navis",1027.92763134761
"7901009",31,0,1,0.013083,1,-0.009345,1,151.453494607246,1,4.86409462825648,344,1,17.6310005187988,36.398998260498,0.0130829997360706,0,146.048294067383,-85.5021,22.7265,108.763939594054,63,63,63,63,61,63,0,8763,1.76508096394256,23,-86,0.001869,51,2024-04-10 08:52:45.000934,344,1.037,0.0011,"aoml_navis",1027.94052791531
"7901009",31,0,1,0.014952,1,-0.007476,1,151.112529571668,1,4.86398703962,346,1,17.5289993286133,36.3839988708496,0.0149520002305508,0,145.719497680664,-85.5021,22.7265,108.763939594054,63,63,63,63,61,63,0,8763,1.76508096394256,23,-86,0.001869,51,2024-04-10 08:52:45.000934,346,1.037,0.0011,"aoml_navis",1027.96326537717
"7901009",31,0,1,0.016821,1,-0.005607,1,150.698143440625,1,4.86392627802425,348,1,17.4909992218018,36.3769989013672,0.0168210007250309,0,145.319900512695,-85.5021,22.7265,108.763939594054,63,63,63,63,61,63,0,8763,1.76508096394256,23,-86,0.001869,51,2024-04-10 08:52:45.000934,348,1.037,0.0011,"aoml_navis",1027.97610699622
"7901009",31,0,1,0.016821,1,-0.005607,1,150.1778821911,1,4.86385279838194,350,1,17.4360008239746,36.3680000305176,0.0168210007250309,0,144.818206787109,-85.5021,22.7265,108.763939594054,63,63,63,63,61,63,0,8763,1.76508096394256,23,-86,0.001869,51,2024-04-10 08:52:45.000934,350,1.037,0.0011,"aoml_navis",1027.99163693099
"7901009",31,0,1,0.014952,1,-0.007476,1,149.557537228468,1,4.86376799372146,352,1,17.3619995117188,36.3559989929199,0.0149520002305508,0,144.220001220703,-85.5021,22.7265,108.763939594054,63,63,63,63,61,63,0,8763,1.76508096394256,23,-86,0.001869,51,2024-04-10 08:52:45.000934,352,1.037,0.0011,"aoml_navis",1028.00956099353
"7901009",31,0,1,0.013083,1,-0.009345,1,149.307715621743,1,4.86365259311099,354,1,17.2399997711182,36.3370018005371,0.0130829997360706,0,143.979095458984,-85.5021,22.7265,108.763939594054,63,63,63,63,61,63,0,8763,1.76508096394256,23,-86,0.001869,51,2024-04-10 08:52:45.000934,354,1.037,0.0011,"aoml_navis",1028.03395272971
"7901009",31,0,1,0.014952,1,-0.007476,1,148.787137901979,1,4.8635969248442,356,1,17.2059993743896,36.3300018310547,0.0149520002305508,0,143.477096557617,-85.5021,22.7265,108.763939594054,63,63,63,63,61,63,0,8763,1.76508096394256,23,-86,0.001869,51,2024-04-10 08:52:45.000934,356,1.037,0.0011,"aoml_navis",1028.04571950834
"7901009",31,0,1,0.014952,1,-0.007476,1,148.225909580006,1,4.86351487595539,358,1,17.1399993896484,36.3199996948242,0.0149520002305508,0,142.935897827148,-85.5021,22.7265,108.763939594054,63,63,63,63,61,63,0,8763,1.76508096394256,23,-86,0.001869,51,2024-04-10 08:52:45.000934,358,1.037,0.0011,"aoml_navis",1028.06306293405
"7901009",31,0,1,0.016821,1,-0.005607,1,147.934092372556,1,4.86344228650668,360,1,17.0820007324219,36.310001373291,0.0168210007250309,0,142.654495239258,-85.5021,22.7265,108.763939594054,63,63,63,63,61,63,0,8763,1.76508096394256,23,-86,0.001869,51,2024-04-10 08:52:45.000934,360,1.037,0.0011,"aoml_navis",1028.07840731907
"7901009",31,0,1,0.020559,1,-0.001869,1,147.506335373912,1,4.86339119646564,362,1,17.0580005645752,36.3050003051758,0.020558999851346,0,142.242004394531,-85.5021,22.7265,108.763939594054,63,63,63,63,61,63,0,8763,1.76508096394256,23,-86,0.001869,51,2024-04-10 08:52:45.000934,362,1.037,0.0011,"aoml_navis",1028.08920730737
"7901009",31,0,1,0.013083,1,-0.009345,1,146.880911063942,1,4.86335146275883,364,1,17.0499992370605,36.3019981384277,0.0130829997360706,0,141.638900756836,-85.5021,22.7265,108.763939594054,63,63,63,63,61,63,0,8763,1.76508096394256,23,-86,0.001869,51,2024-04-10 08:52:45.000934,364,1.037,0.0011,"aoml_navis",1028.09760682269
"7901009",31,0,1,0.014952,1,-0.007476,1,146.056284561988,1,4.86328690003918,366,1,17.0049991607666,36.2939987182617,0.0149520002305508,0,140.843704223633,-85.5021,22.7265,108.763939594054,63,63,63,63,61,63,0,8763,1.76508096394256,23,-86,0.001869,51,2024-04-10 08:52:45.000934,366,1.037,0.0011,"aoml_navis",1028.11125536511
"7901009",31,0,1,0.013083,1,-0.009345,1,145.418834382934,1,4.86320912442679,368,1,16.9360008239746,36.2820014953613,0.0130829997360706,0,140.22900390625,-85.5021,22.7265,108.763939594054,63,63,63,63,61,63,0,8763,1.76508096394256,23,-86,0.001869,51,2024-04-10 08:52:45.000934,368,1.037,0.0011,"aoml_navis",1028.1276975909
"7901009",31,0,1,0.014952,1,-0.007476,1,144.60903451168,1,4.86315007215224,370,1,16.9050006866455,36.2770004272461,0.0149520002305508,0,139.448104858398,-85.5021,22.7265,108.763939594054,63,63,63,63,61,63,0,8763,1.76508096394256,23,-86,0.001869,51,2024-04-10 08:52:45.000934,370,1.037,0.0011,"aoml_navis",1028.14018194326
"7901009",31,0,1,0.01869,1,-0.003738,1,144.095086843424,1,4.86305446652173,372,1,16.8139991760254,36.2630004882812,0.0186899993568659,0,138.952499389648,-85.5021,22.7265,108.763939594054,63,63,63,63,61,63,0,8763,1.76508096394256,23,-86,0.001869,51,2024-04-10 08:52:45.000934,372,1.037,0.0011,"aoml_navis",1028.16039475211
"7901009",31,0,1,0.016821,1,-0.005607,1,143.770499142719,1,4.86295919782143,374,1,16.7229995727539,36.2490005493164,0.0168210007250309,0,138.639495849609,-85.5021,22.7265,108.763939594054,63,63,63,63,61,63,0,8763,1.76508096394256,23,-86,0.001869,51,2024-04-10 08:52:45.000934,374,1.037,0.0011,"aoml_navis",1028.18053711821
"7901009",31,0,1,0.020559,1,-0.001869,1,143.418236119606,1,4.86289692166549,376,1,16.6700000762939,36.2379989624023,0.020558999851346,0,138.2998046875,-85.5021,22.7265,108.763939594054,63,63,63,63,61,63,0,8763,1.76508096394256,23,-86,0.001869,51,2024-04-10 08:52:45.000934,376,1.037,0.0011,"aoml_navis",1028.19370439947
"7901009",31,0,1,0.014952,1,-0.007476,1,143.146530595849,1,4.86281872930207,378,1,16.6030006408691,36.2270011901855,0.0149520002305508,0,138.037796020508,-85.5021,22.7265,108.763939594054,63,63,63,63,61,63,0,8763,1.76508096394256,23,-86,0.001869,51,2024-04-10 08:52:45.000934,378,1.037,0.0011,"aoml_navis",1028.21023738173
"7901009",31,0,1,0.016821,1,-0.005607,1,142.814996373395,1,4.86275266775505,380,1,16.5559997558594,36.2190017700195,0.0168210007250309,0,137.71809387207,-85.5021,22.7265,108.763939594054,63,63,63,63,61,63,0,8763,1.76508096394256,23,-86,0.001869,51,2024-04-10 08:52:45.000934,380,1.037,0.0011,"aoml_navis",1028.22420584025
"7901009",31,0,1,0.01869,1,-0.003738,1,142.627092168945,1,4.86268121325589,382,1,16.5009994506836,36.2099990844727,0.0186899993568659,0,137.536895751953,-85.5021,22.7265,108.763939594054,63,63,63,63,61,63,0,8763,1.76508096394256,23,-86,0.001869,51,2024-04-10 08:52:45.000934,382,1.037,0.0011,"aoml_navis",1028.23931504491
"7901009",31,0,1,0.014952,1,-0.007476,1,142.269116858017,1,4.86262607498827,384,1,16.4729995727539,36.2050018310547,0.0149520002305508,0,137.191696166992,-85.5021,22.7265,108.763939594054,63,63,63,63,61,63,0,8763,1.76508096394256,23,-86,0.001869,51,2024-04-10 08:52:45.000934,384,1.037,0.0011,"aoml_navis",1028.25097445151
"7901009",31,0,1,0.014952,1,-0.007476,1,141.956048674013,1,4.86257119145973,386,1,16.4419994354248,36.1990013122559,0.0149520002305508,0,136.889801025391,-85.5021,22.7265,108.763939594054,63,63,63,63,61,63,0,8763,1.76508096394256,23,-86,0.001869,51,2024-04-10 08:52:45.000934,386,1.037,0.0011,"aoml_navis",1028.26258025417
"7901009",31,0,1,0.01869,1,-0.003738,1,141.540823896837,1,4.86251499269416,388,1,16.4130001068115,36.1940002441406,0.0186899993568659,0,136.489395141602,-85.5021,22.7265,108.763939594054,63,63,63,63,61,63,0,8763,1.76508096394256,23,-86,0.001869,51,2024-04-10 08:52:45.000934,388,1.037,0.0011,"aoml_navis",1028.27446445151
"7901009",31,0,1,0.014952,1,-0.007476,1,141.09077156985,1,4.86246017848736,390,1,16.3819999694824,36.1879997253418,0.0149520002305508,0,136.055404663086,-85.5021,22.7265,108.763939594054,63,63,63,63,61,63,0,8763,1.76508096394256,23,-86,0.001869,51,2024-04-10 08:52:45.000934,390,1.037,0.0011,"aoml_navis",1028.28605612467
"7901009",31,0,1,0.014952,1,-0.007476,1,140.603059284414,1,4.86239882245542,392,1,16.3419990539551,36.1809997558594,0.0149520002305508,0,135.585098266602,-85.5021,22.7265,108.763939594054,63,63,63,63,61,63,0,8763,1.76508096394256,23,-86,0.001869,51,2024-04-10 08:52:45.000934,392,1.037,0.0011,"aoml_navis",1028.29903152105
"7901009",31,0,1,0.013083,1,-0.009345,1,140.138892384764,1,4.8623406968562,394,1,16.3080005645752,36.1749992370605,0.0130829997360706,0,135.137496948242,-85.5021,22.7265,108.763939594054,63,63,63,63,61,63,0,8763,1.76508096394256,23,-86,0.001869,51,2024-04-10 08:52:45.000934,394,1.037,0.0011,"aoml_navis",1028.31132405691
"7901009",31,0,1,0.013083,1,-0.009345,1,139.621526837927,1,4.86228690342439,396,1,16.2810001373291,36.1699981689453,0.0130829997360706,0,134.638595581055,-85.5021,22.7265,108.763939594054,63,63,63,63,61,63,0,8763,1.76508096394256,23,-86,0.001869,51,2024-04-10 08:52:45.000934,396,1.037,0.0011,"aoml_navis",1028.32270067787
"7901009",31,0,1,0.01869,1,-0.003738,1,139.263345821343,1,4.86222029266299,398,1,16.2329998016357,36.1619987487793,0.0186899993568659,0,134.293197631836,-85.5021,22.7265,108.763939594054,63,63,63,63,61,63,0,8763,1.76508096394256,23,-86,0.001869,51,2024-04-10 08:52:45.000934,398,1.037,0.0011,"aoml_navis",1028.33678834851
"7901009",31,0,1,0.016821,1,-0.005607,1,138.893028171091,1,4.86216141979586,400,1,16.1949996948242,36.1549987792969,0.0168210007250309,0,133.936096191406,-85.5021,22.7265,108.763939594054,63,63,63,63,61,63,0,8763,1.76508096394256,23,-86,0.001869,51,2024-04-10 08:52:45.000934,400,1.037,0.0011,"aoml_navis",1028.34923983456
"7901009",31,0,1,0.020559,1,-0.001869,1,138.427104861615,1,4.86209690737977,402.100006103516,1,16.1569995880127,36.148998260498,0.020558999851346,0,133.486801147461,-85.5021,22.7265,108.763939594054,63,63,63,63,61,63,0,8763,1.76508096394256,23,-86,0.001869,51,2024-04-10 08:52:45.000934,402.100006103516,1.037,0.0011,"aoml_navis",1028.36288441946
"7901009",31,0,1,0.016821,1,-0.005607,1,137.997575629632,1,4.86203172600349,404,1,16.1049995422363,36.1399993896484,0.0168210007250309,0,133.072601318359,-85.5021,22.7265,108.763939594054,63,63,63,63,61,63,0,8763,1.76508096394256,23,-86,0.001869,51,2024-04-10 08:52:45.000934,404,1.037,0.0011,"aoml_navis",1028.37667085935
"7901009",31,0,1,0.016821,1,-0.005607,1,137.463516277683,1,4.86197131348279,406,1,16.0590000152588,36.1310005187988,0.0168210007250309,0,132.557601928711,-85.5021,22.7265,108.763939594054,63,63,63,63,61,63,0,8763,1.76508096394256,23,-86,0.001869,51,2024-04-10 08:52:45.000934,406,1.037,0.0011,"aoml_navis",1028.38944897401
"7901009",31,0,1,0.020559,1,-0.001869,1,137.212761083753,1,4.86188578028586,408,1,15.9840002059937,36.1199989318848,0.020558999851346,0,132.315795898438,-85.5021,22.7265,108.763939594054,63,63,63,63,61,63,0,8763,1.76508096394256,23,-86,0.001869,51,2024-04-10 08:52:45.000934,408,1.037,0.0011,"aoml_navis",1028.40754101509
"7901009",31,0,1,0.020559,1,-0.001869,1,136.959727304102,1,4.86182978122951,410,1,15.9449996948242,36.1119995117188,0.020558999851346,0,132.071792602539,-85.5021,22.7265,108.763939594054,63,63,63,63,61,63,0,8763,1.76508096394256,23,-86,0.001869,51,2024-04-10 08:52:45.000934,410,1.037,0.0011,"aoml_navis",1028.41938631911
"7901009",31,0,4,0.014952,1,-0.007476,1,136.623224498895,1,4.86178333202875,412,1,15.9209995269775,36.1059989929199,0.0149520002305508,0,131.747299194336,-85.5021,22.7265,108.763939594054,63,63,63,63,61,63,0,8763,1.76508096394256,23,-86,0.001869,51,2024-04-10 08:52:45.000934,412,1.037,0.0011,"aoml_navis",1028.42921177929
"7901009",31,0,1,0.01869,1,-0.003738,1,136.136762270903,1,4.86171990616427,414,1,15.8719997406006,36.0970001220703,0.0186899993568659,0,131.278198242188,-85.5021,22.7265,108.763939594054,63,63,63,63,61,63,0,8763,1.76508096394256,23,-86,0.001869,51,2024-04-10 08:52:45.000934,414,1.037,0.0011,"aoml_navis",1028.44262863856
"7901009",31,0,1,0.022428,1,0,1,135.704432277304,1,4.86161670459647,416,1,15.7609996795654,36.0800018310547,0.0224280003458261,0,130.861297607422,-85.5021,22.7265,108.763939594054,63,63,63,63,61,63,0,8763,1.76508096394256,23,-86,0.001869,51,2024-04-10 08:52:45.000934,416,1.037,0.0011,"aoml_navis",1028.46446024276
"7901009",31,0,1,0.014952,1,-0.007476,1,135.133773142206,1,4.86155673313778,418,1,15.7049999237061,36.068000793457,0.0149520002305508,0,130.311004638672,-85.5021,22.7265,108.763939594054,63,63,63,63,61,63,0,8763,1.76508096394256,23,-86,0.001869,51,2024-04-10 08:52:45.000934,418,1.037,0.0011,"aoml_navis",1028.47714723116
"7901009",31,0,1,0.022428,1,0,1,134.469153993128,1,4.86146816286486,420,1,15.6230001449585,36.0559997558594,0.0224280003458261,0,129.670104980469,-85.5021,22.7265,108.763939594054,63,63,63,63,61,63,0,8763,1.76508096394256,23,-86,0.001869,51,2024-04-10 08:52:45.000934,420,1.037,0.0011,"aoml_navis",1028.49588488378
"7901009",31,0,1,0.016821,1,-0.005607,1,134.080481069009,1,4.86134985520965,422,1,15.4840002059937,36.0349998474121,0.0168210007250309,0,129.295303344727,-85.5021,22.7265,108.763939594054,63,63,63,63,61,63,0,8763,1.76508096394256,23,-86,0.001869,51,2024-04-10 08:52:45.000934,422,1.037,0.0011,"aoml_navis",1028.52091475
"7901009",31,0,1,0.014952,1,-0.007476,1,133.526499915511,1,4.86128688684209,424,1,15.4280004501343,36.023998260498,0.0149520002305508,0,128.761093139648,-85.5021,22.7265,108.763939594054,63,63,63,63,61,63,0,8763,1.76508096394256,23,-86,0.001869,51,2024-04-10 08:52:45.000934,424,1.037,0.0011,"aoml_navis",1028.53423720648
"7901009",31,0,1,0.016821,1,-0.005607,1,132.789092611445,1,4.86123104097656,426,1,15.3950004577637,36.0180015563965,0.0168210007250309,0,128.050003051758,-85.5021,22.7265,108.763939594054,63,63,63,63,61,63,0,8763,1.76508096394256,23,-86,0.001869,51,2024-04-10 08:52:45.000934,426,1.037,0.0011,"aoml_navis",1028.54605301697
"7901009",31,0,1,0.016821,1,-0.005607,1,131.762447332378,1,4.86118509352453,428,1,15.371000289917,36.0120010375977,0.0168210007250309,0,127.059997558594,-85.5021,22.7265,108.763939594054,63,63,63,63,61,63,0,8763,1.76508096394256,23,-86,0.001869,51,2024-04-10 08:52:45.000934,428,1.037,0.0011,"aoml_navis",1028.55577473493
"7901009",31,0,1,0.01869,1,-0.003738,1,130.582124105217,1,4.86112238991444,430,1,15.3249998092651,36.0040016174316,0.0186899993568659,0,125.921798706055,-85.5021,22.7265,108.763939594054,63,63,63,63,61,63,0,8763,1.76508096394256,23,-86,0.001869,51,2024-04-10 08:52:45.000934,430,1.037,0.0011,"aoml_navis",1028.56904207425
"7901009",31,0,1,0.020559,1,-0.001869,1,129.940836724514,1,4.86101694799116,432,1,15.2229995727539,35.9910011291504,0.020558999851346,0,125.303398132324,-85.5021,22.7265,108.763939594054,63,63,63,63,61,63,0,8763,1.76508096394256,23,-86,0.001869,51,2024-04-10 08:52:45.000934,432,1.037,0.0011,"aoml_navis",1028.59135310488
"7901009",31,0,1,0.01869,1,-0.003738,1,129.843569596535,1,4.86092786669914,434,1,15.128999710083,35.976001739502,0.0186899993568659,0,125.209602355957,-85.5021,22.7265,108.763939594054,63,63,63,63,61,63,0,8763,1.76508096394256,23,-86,0.001869,51,2024-04-10 08:52:45.000934,434,1.037,0.0011,"aoml_navis",1028.61020305477
"7901009",31,0,1,0.020559,1,-0.001869,1,129.800735349676,1,4.86087574674732,436,1,15.08899974823,35.9669990539551,0.020558999851346,0,125.168296813965,-85.5021,22.7265,108.763939594054,63,63,63,63,61,63,0,8763,1.76508096394256,23,-86,0.001869,51,2024-04-10 08:52:45.000934,436,1.037,0.0011,"aoml_navis",1028.62123216085
"7901009",31,0,1,0.01869,1,-0.003738,1,130.166907239796,1,4.86077680137129,438,1,14.9820003509521,35.951000213623,0.0186899993568659,0,125.52140045166,-85.5021,22.7265,108.763939594054,63,63,63,63,61,63,0,8763,1.76508096394256,23,-86,0.001869,51,2024-04-10 08:52:45.000934,438,1.037,0.0011,"aoml_navis",1028.64217064841
"7901009",31,0,1,0.016821,1,-0.005607,1,131.180996562128,1,4.86067761127057,440,1,14.8540000915527,35.9290008544922,0.0168210007250309,0,126.499298095703,-85.5021,22.7265,108.763939594054,63,63,63,63,61,63,0,8763,1.76508096394256,23,-86,0.001869,51,2024-04-10 08:52:45.000934,440,1.037,0.0011,"aoml_navis",1028.66316177941
"7901009",31,0,1,0.01869,1,-0.003738,1,131.459434990221,1,4.86056312140872,442,1,14.7110004425049,35.9070014953613,0.0186899993568659,0,126.767799377441,-85.5021,22.7265,108.763939594054,63,63,63,63,61,63,0,8763,1.76508096394256,23,-86,0.001869,51,2024-04-10 08:52:45.000934,442,1.037,0.0011,"aoml_navis",1028.68739179152
"7901009",31,0,1,0.01869,1,-0.003738,1,131.142735310224,1,4.86051460868021,444,1,14.6840000152588,35.9010009765625,0.0186899993568659,0,126.46240234375,-85.5021,22.7265,108.763939594054,63,63,63,63,61,63,0,8763,1.76508096394256,23,-86,0.001869,51,2024-04-10 08:52:45.000934,444,1.037,0.0011,"aoml_navis",1028.69765910603
"7901009",31,0,1,0.020559,1,-0.001869,1,130.832562828908,1,4.8604582343055,446,1,14.6529998779297,35.8959999084473,0.020558999851346,0,126.163299560547,-85.5021,22.7265,108.763939594054,63,63,63,63,61,63,0,8763,1.76508096394256,23,-86,0.001869,51,2024-04-10 08:52:45.000934,446,1.037,0.0011,"aoml_navis",1028.70959052988
"7901009",31,0,1,0.020559,1,-0.001869,1,130.563460272868,1,4.86040508488925,448,1,14.625,35.890998840332,0.020558999851346,0,125.903800964355,-85.5021,22.7265,108.763939594054,63,63,63,63,61,63,0,8763,1.76508096394256,23,-86,0.001869,51,2024-04-10 08:52:45.000934,448,1.037,0.0011,"aoml_navis",1028.72083965691
"7901009",31,0,1,0.022428,1,0,1,130.407701532952,1,4.86034543181594,450,1,14.5839996337891,35.8839988708496,0.0224280003458261,0,125.753601074219,-85.5021,22.7265,108.763939594054,63,63,63,63,61,63,0,8763,1.76508096394256,23,-86,0.001869,51,2024-04-10 08:52:45.000934,450,1.037,0.0011,"aoml_navis",1028.73346558248
"7901009",31,0,1,0.020559,1,-0.001869,1,130.202889905979,1,4.86028492199982,452,1,14.548999786377,35.8790016174316,0.020558999851346,0,125.556098937988,-85.5021,22.7265,108.763939594054,63,63,63,63,61,63,0,8763,1.76508096394256,23,-86,0.001869,51,2024-04-10 08:52:45.000934,452,1.037,0.0011,"aoml_navis",1028.74627315937
"7901009",31,0,1,0.022428,1,0,1,130.100851989146,1,4.86022704775152,454,1,14.5129995346069,35.8730010986328,0.0224280003458261,0,125.457702636719,-85.5021,22.7265,108.763939594054,63,63,63,63,61,63,0,8763,1.76508096394256,23,-86,0.001869,51,2024-04-10 08:52:45.000934,454,1.037,0.0011,"aoml_navis",1028.75852318734
"7901009",31,0,1,0.020559,1,-0.001869,1,129.988433848471,1,4.86017887282345,456,1,14.4930000305176,35.8689994812012,0.020558999851346,0,125.349296569824,-85.5021,22.7265,108.763939594054,63,63,63,63,61,63,0,8763,1.76508096394256,23,-86,0.001869,51,2024-04-10 08:52:45.000934,456,1.037,0.0011,"aoml_navis",1028.76872041858
"7901009",31,0,1,0.022428,1,0,1,129.807064754458,1,4.86011203800156,458,1,14.4449996948242,35.8619995117188,0.0224280003458261,0,125.17440032959,-85.5021,22.7265,108.763939594054,63,63,63,63,61,63,0,8763,1.76508096394256,23,-86,0.001869,51,2024-04-10 08:52:45.000934,458,1.037,0.0011,"aoml_navis",1028.78286774145
"7901009",31,0,1,0.020559,1,-0.001869,1,129.632539329364,1,4.86004787558496,460,1,14.3959999084473,35.8540000915527,0.020558999851346,0,125.006103515625,-85.5021,22.7265,108.763939594054,63,63,63,63,61,63,0,8763,1.76508096394256,23,-86,0.001869,51,2024-04-10 08:52:45.000934,460,1.037,0.0011,"aoml_navis",1028.79644974654
"7901009",31,0,1,0.026166,1,0.003738,1,129.239823497942,1,4.86000351017098,462,1,14.3830003738403,35.851001739502,0.0261659994721413,0,124.627403259277,-85.5021,22.7265,108.763939594054,63,63,63,63,61,63,0,8763,1.76508096394256,23,-86,0.001869,51,2024-04-10 08:52:45.000934,462,1.037,0.0011,"aoml_navis",1028.8058412995
"7901009",31,0,1,0.026166,1,0.003738,1,128.740607519315,1,4.85994424129264,464,1,14.3420000076294,35.8440017700195,0.0261659994721413,0,124.146003723145,-85.5021,22.7265,108.763939594054,63,63,63,63,61,63,0,8763,1.76508096394256,23,-86,0.001869,51,2024-04-10 08:52:45.000934,464,1.037,0.0011,"aoml_navis",1028.81838798013
"7901009",31,0,1,0.020559,1,-0.001869,1,128.336894347085,1,4.85985961103809,466,1,14.2489995956421,35.8289985656738,0.020558999851346,0,123.756698608398,-85.5021,22.7265,108.763939594054,63,63,63,63,61,63,0,8763,1.76508096394256,23,-86,0.001869,51,2024-04-10 08:52:45.000934,466,1.037,0.0011,"aoml_navis",1028.8363039631
"7901009",31,0,1,0.020559,1,-0.001869,1,128.059911682092,1,4.859783245068,468,1,14.1809997558594,35.8190002441406,0.020558999851346,0,123.489601135254,-85.5021,22.7265,108.763939594054,63,63,63,63,61,63,0,8763,1.76508096394256,23,-86,0.001869,51,2024-04-10 08:52:45.000934,468,1.037,0.0011,"aoml_navis",1028.85247095625
"7901009",31,0,1,0.01869,1,-0.003738,1,127.759383631311,1,4.85973638456428,470,1,14.168999671936,35.8170013427734,0.0186899993568659,0,123.199798583984,-85.5021,22.7265,108.763939594054,63,63,63,63,61,63,0,8763,1.76508096394256,23,-86,0.001869,51,2024-04-10 08:52:45.000934,470,1.037,0.0011,"aoml_navis",1028.86239177113
"7901009",31,0,1,0.020559,1,-0.001869,1,127.450975471578,1,4.85969372003538,472,1,14.16100025177,35.814998626709,0.020558999851346,0,122.902397155762,-85.5021,22.7265,108.763939594054,63,63,63,63,61,63,0,8763,1.76508096394256,23,-86,0.001869,51,2024-04-10 08:52:45.000934,472,1.037,0.0011,"aoml_navis",1028.87142442458
"7901009",31,0,1,0.020559,1,-0.001869,1,126.972915528433,1,4.85964945969205,474,1,14.1479997634888,35.8120002746582,0.020558999851346,0,122.441398620605,-85.5021,22.7265,108.763939594054,63,63,63,63,61,63,0,8763,1.76508096394256,23,-86,0.001869,51,2024-04-10 08:52:45.000934,474,1.037,0.0011,"aoml_navis",1028.88079510098
"7901009",31,0,1,0.022428,1,0,1,126.196716884813,1,4.85959110141524,476,1,14.1110000610352,35.8059997558594,0.0224280003458261,0,121.692901611328,-85.5021,22.7265,108.763939594054,63,63,63,63,61,63,0,8763,1.76508096394256,23,-86,0.001869,51,2024-04-10 08:52:45.000934,476,1.037,0.0011,"aoml_navis",1028.89315081342
"7901009",31,0,1,0.01869,1,-0.003738,1,125.638289324456,1,4.85951821630865,478,1,14.0459995269775,35.7960014343262,0.0186899993568659,0,121.154403686523,-85.5021,22.7265,108.763939594054,63,63,63,63,61,63,0,8763,1.76508096394256,23,-86,0.001869,51,2024-04-10 08:52:45.000934,478,1.037,0.0011,"aoml_navis",1028.90858258744
"7901009",31,0,1,0.020559,1,-0.001869,1,125.085146817091,1,4.85946208255779,480,1,14.0109996795654,35.7900009155273,0.020558999851346,0,120.621002197266,-85.5021,22.7265,108.763939594054,63,63,63,63,61,63,0,8763,1.76508096394256,23,-86,0.001869,51,2024-04-10 08:52:45.000934,480,1.037,0.0011,"aoml_navis",1028.92046795604
"7901009",31,0,1,0.020559,1,-0.001869,1,124.261651696241,1,4.85938329282295,482,1,13.9329996109009,35.7779998779297,0.020558999851346,0,119.82689666748,-85.5021,22.7265,108.763939594054,63,63,63,63,61,63,0,8763,1.76508096394256,23,-86,0.001869,51,2024-04-10 08:52:45.000934,482,1.037,0.0011,"aoml_navis",1028.93715080774
"7901009",31,0,1,0.020559,1,-0.001869,1,124.056642275369,1,4.859295593641,484,1,13.8319997787476,35.7620010375977,0.020558999851346,0,119.629203796387,-85.5021,22.7265,108.763939594054,63,63,63,63,61,63,0,8763,1.76508096394256,23,-86,0.001869,51,2024-04-10 08:52:45.000934,484,1.037,0.0011,"aoml_navis",1028.95572077219
"7901009",31,0,1,0.020559,1,-0.001869,1,124.868309321033,1,4.85920618444273,486,1,13.7360000610352,35.7480010986328,0.020558999851346,0,120.411903381348,-85.5021,22.7265,108.763939594054,63,63,63,63,61,63,0,8763,1.76508096394256,23,-86,0.001869,51,2024-04-10 08:52:45.000934,486,1.037,0.0011,"aoml_navis",1028.97465351605
"7901009",31,0,1,0.024297,1,0.001869,1,125.401435085777,1,4.85912886478587,488,1,13.6549997329712,35.7350006103516,0.0242970008403063,0,120.926002502441,-85.5021,22.7265,108.763939594054,63,63,63,63,61,63,0,8763,1.76508096394256,23,-86,0.001869,51,2024-04-10 08:52:45.000934,488,1.037,0.0011,"aoml_navis",1028.9910268145
"7901009",31,0,1,0.020559,1,-0.001869,1,125.201702806142,1,4.85905444125429,490,1,13.5729999542236,35.7210006713867,0.020558999851346,0,120.7333984375,-85.5021,22.7265,108.763939594054,63,63,63,63,61,63,0,8763,1.76508096394256,23,-86,0.001869,51,2024-04-10 08:52:45.000934,490,1.037,0.0011,"aoml_navis",1029.00678731834
"7901009",31,0,1,0.020559,1,-0.001869,1,125.24380917145,1,4.85898182997728,492,1,13.5139999389648,35.7130012512207,0.020558999851346,0,120.774002075195,-85.5021,22.7265,108.763939594054,63,63,63,63,61,63,0,8763,1.76508096394256,23,-86,0.001869,51,2024-04-10 08:52:45.000934,492,1.037,0.0011,"aoml_navis",1029.02216451042
"7901009",31,0,1,0.026166,1,0.003738,1,125.094269071732,1,4.85891563960265,494,1,13.4540004730225,35.7029991149902,0.0261659994721413,0,120.62979888916,-85.5021,22.7265,108.763939594054,63,63,63,63,61,63,0,8763,1.76508096394256,23,-86,0.001869,51,2024-04-10 08:52:45.000934,494,1.037,0.0011,"aoml_navis",1029.03618232172
"7901009",31,0,1,0.026166,1,0.003738,1,124.94400900222,1,4.85885444873581,496,1,13.4060001373291,35.6949996948242,0.0261659994721413,0,120.484901428223,-85.5021,22.7265,108.763939594054,63,63,63,63,61,63,0,8763,1.76508096394256,23,-86,0.001869,51,2024-04-10 08:52:45.000934,496,1.037,0.0011,"aoml_navis",1029.04914167596
"7901009",31,0,4,0.020559,1,-0.001869,1,124.818322846772,1,4.85880527599299,498,1,13.3769998550415,35.6889991760254,0.020558999851346,0,120.363700866699,-85.5021,22.7265,108.763939594054,63,63,63,63,61,63,0,8763,1.76508096394256,23,-86,0.001869,51,2024-04-10 08:52:45.000934,498,1.037,0.0011,"aoml_navis",1029.05955599922
"7901009",31,0,1,0.026166,1,0.003738,1,124.687557343986,1,4.85875108665287,500,1,13.3430004119873,35.6829986572266,0.0261659994721413,0,120.237602233887,-85.5021,22.7265,108.763939594054,63,63,63,63,61,63,0,8763,1.76508096394256,23,-86,0.001869,51,2024-04-10 08:52:45.000934,500,1.037,0.0011,"aoml_navis",1029.07103303463
"7901009",31,0,1,0.022428,1,0,1,124.438155060328,1,4.85869290816525,502,1,13.3050003051758,35.6769981384277,0.0224280003458261,0,119.997100830078,-85.5021,22.7265,108.763939594054,63,63,63,63,61,63,0,8763,1.76508096394256,23,-86,0.001869,51,2024-04-10 08:52:45.000934,502,1.037,0.0011,"aoml_navis",1029.08335523681
"7901009",31,0,1,0.020559,1,-0.001869,1,123.926391036722,1,4.85864097244826,504,1,13.2840003967285,35.673999786377,0.020558999851346,0,119.503601074219,-85.5021,22.7265,108.763939594054,63,63,63,63,61,63,0,8763,1.76508096394256,23,-86,0.001869,51,2024-04-10 08:52:45.000934,504,1.037,0.0011,"aoml_navis",1029.09435546963
"7901009",31,0,1,0.024297,1,0.001869,1,123.121259101495,1,4.85858350285831,506,1,13.2430000305176,35.6669998168945,0.0242970008403063,0,118.727203369141,-85.5021,22.7265,108.763939594054,63,63,63,63,61,63,0,8763,1.76508096394256,23,-86,0.001869,51,2024-04-10 08:52:45.000934,506,1.037,0.0011,"aoml_navis",1029.10652807727
"7901009",31,0,1,0.022428,1,0,1,121.650155106917,1,4.85851531555828,508,1,13.1840000152588,35.6580009460449,0.0224280003458261,0,117.308601379395,-85.5021,22.7265,108.763939594054,63,63,63,63,61,63,0,8763,1.76508096394256,23,-86,0.001869,51,2024-04-10 08:52:45.000934,508,1.037,0.0011,"aoml_navis",1029.12097117172
"7901009",31,0,1,0.022428,1,0,1,119.978393157254,1,4.85842547665154,510.100006103516,1,13.0979995727539,35.6469993591309,0.0224280003458261,0,115.696502685547,-85.5021,22.7265,108.763939594054,63,63,63,63,61,63,0,8763,1.76508096394256,23,-86,0.001869,51,2024-04-10 08:52:45.000934,510.100006103516,1.037,0.0011,"aoml_navis",1029.14000102067
"7901009",31,0,1,0.024297,1,0.001869,1,118.978505436901,1,4.85835110457879,512,1,13.0340003967285,35.6389999389648,0.0242970008403063,0,114.732299804688,-85.5021,22.7265,108.763939594054,63,63,63,63,61,63,0,8763,1.76508096394256,23,-86,0.001869,51,2024-04-10 08:52:45.000934,512,1.037,0.0011,"aoml_navis",1029.15575518775
"7901009",31,0,1,0.024297,1,0.001869,1,119.294382294276,1,4.85826687600775,514,1,12.9399995803833,35.625,0.0242970008403063,0,115.036903381348,-85.5021,22.7265,108.763939594054,63,63,63,63,61,63,0,8763,1.76508096394256,23,-86,0.001869,51,2024-04-10 08:52:45.000934,514,1.037,0.0011,"aoml_navis",1029.17359783016
"7901009",31,0,1,0.024297,1,0.001869,1,119.298528054408,1,4.85820438517634,516,1,12.8859996795654,35.6160011291504,0.0242970008403063,0,115.040901184082,-85.5021,22.7265,108.763939594054,63,63,63,63,61,63,0,8763,1.76508096394256,23,-86,0.001869,51,2024-04-10 08:52:45.000934,516,1.037,0.0011,"aoml_navis",1029.18683603685
"7901009",31,0,1,0.022428,1,0,1,119.023721122309,1,4.85814987077788,518,1,12.8509998321533,35.6100006103516,0.0224280003458261,0,114.775901794434,-85.5021,22.7265,108.763939594054,63,63,63,63,61,63,0,8763,1.76508096394256,23,-86,0.001869,51,2024-04-10 08:52:45.000934,518,1.037,0.0011,"aoml_navis",1029.19838477511
"7901009",31,0,1,0.022428,1,0,1,118.593464008776,1,4.85809213480461,520,1,12.8090000152588,35.6030006408691,0.0224280003458261,0,114.361000061035,-85.5021,22.7265,108.763939594054,63,63,63,63,61,63,0,8763,1.76508096394256,23,-86,0.001869,51,2024-04-10 08:52:45.000934,520,1.037,0.0011,"aoml_navis",1029.2106162785
"7901009",31,0,1,0.022428,1,0,1,118.127635640371,1,4.85801909943829,522,1,12.7440004348755,35.5940017700195,0.0224280003458261,0,113.911796569824,-85.5021,22.7265,108.763939594054,63,63,63,63,61,63,0,8763,1.76508096394256,23,-86,0.001869,51,2024-04-10 08:52:45.000934,522,1.037,0.0011,"aoml_navis",1029.22608941124
"7901009",31,0,1,0.020559,1,-0.001869,1,117.696761409873,1,4.85794723537063,524,1,12.6800003051758,35.5849990844727,0.020558999851346,0,113.496299743652,-85.5021,22.7265,108.763939594054,63,63,63,63,61,63,0,8763,1.76508096394256,23,-86,0.001869,51,2024-04-10 08:52:45.000934,524,1.037,0.0011,"aoml_navis",1029.24131484901
"7901009",31,0,1,0.022428,1,0,1,117.492883370105,1,4.85789383092866,526,1,12.6569995880127,35.5820007324219,0.0224280003458261,0,113.299697875977,-85.5021,22.7265,108.763939594054,63,63,63,63,61,63,0,8763,1.76508096394256,23,-86,0.001869,51,2024-04-10 08:52:45.000934,526,1.037,0.0011,"aoml_navis",1029.25262964098
"7901009",31,0,1,0.026166,1,0.003738,1,117.540796964301,1,4.85785712819064,528,1,12.6510000228882,35.5789985656738,0.0261659994721413,0,113.345901489258,-85.5021,22.7265,108.763939594054,63,63,63,63,61,63,0,8763,1.76508096394256,23,-86,0.001869,51,2024-04-10 08:52:45.000934,528,1.037,0.0011,"aoml_navis",1029.2604059894
"7901009",31,0,1,0.020559,1,-0.001869,1,117.587666206708,1,4.85781005571371,530,1,12.6269998550415,35.5740013122559,0.020558999851346,0,113.391098022461,-85.5021,22.7265,108.763939594054,63,63,63,63,61,63,0,8763,1.76508096394256,23,-86,0.001869,51,2024-04-10 08:52:45.000934,530,1.037,0.0011,"aoml_navis",1029.27037958577
"7901009",31,0,1,0.024297,1,0.001869,1,117.511555114211,1,4.8577389382548,532,1,12.5559997558594,35.5629997253418,0.0242970008403063,0,113.31770324707,-85.5021,22.7265,108.763939594054,63,63,63,63,61,63,0,8763,1.76508096394256,23,-86,0.001869,51,2024-04-10 08:52:45.000934,532,1.037,0.0011,"aoml_navis",1029.2854481382
"7901009",31,0,1,0.022428,1,0,1,117.246495465475,1,4.85765633978258,534,1,12.4580001831055,35.5480003356934,0.0224280003458261,0,113.062103271484,-85.5021,22.7265,108.763939594054,63,63,63,63,61,63,0,8763,1.76508096394256,23,-86,0.001869,51,2024-04-10 08:52:45.000934,534,1.037,0.0011,"aoml_navis",1029.30294987146
"7901009",31,0,1,0.026166,1,0.003738,1,117.100270391511,1,4.85756179973328,536,1,12.3509998321533,35.5340003967285,0.0261659994721413,0,112.921096801758,-85.5021,22.7265,108.763939594054,63,63,63,63,61,63,0,8763,1.76508096394256,23,-86,0.001869,51,2024-04-10 08:52:45.000934,536,1.037,0.0011,"aoml_navis",1029.32298262773
"7901009",31,0,1,0.024297,1,0.001869,1,117.061281258057,1,4.85750654398255,538,1,12.3219995498657,35.5299987792969,0.0242970008403063,0,112.883499145508,-85.5021,22.7265,108.763939594054,63,63,63,63,61,63,0,8763,1.76508096394256,23,-86,0.001869,51,2024-04-10 08:52:45.000934,538,1.037,0.0011,"aoml_navis",1029.33469151863
"7901009",31,0,1,0.026166,1,0.003738,1,117.31088924737,1,4.85746461037817,540,1,12.3030004501343,35.5250015258789,0.0261659994721413,0,113.124198913574,-85.5021,22.7265,108.763939594054,63,63,63,63,61,63,0,8763,1.76508096394256,23,-86,0.001869,51,2024-04-10 08:52:45.000934,540,1.037,0.0011,"aoml_navis",1029.34357757693
"7901009",31,0,1,0.026166,1,0.003738,1,117.727356170235,1,4.85740953852567,542,1,12.2589998245239,35.5169982910156,0.0261659994721413,0,113.525802612305,-85.5021,22.7265,108.763939594054,63,63,63,63,61,63,0,8763,1.76508096394256,23,-86,0.001869,51,2024-04-10 08:52:45.000934,542,1.037,0.0011,"aoml_navis",1029.35524796569
"7901009",31,0,1,0.026166,1,0.003738,1,118.391144584936,1,4.85734431403518,544,1,12.1929998397827,35.5060005187988,0.0261659994721413,0,114.165901184082,-85.5021,22.7265,108.763939594054,63,63,63,63,61,63,0,8763,1.76508096394256,23,-86,0.001869,51,2024-04-10 08:52:45.000934,544,1.037,0.0011,"aoml_navis",1029.36907016302
"7901009",31,0,1,0.024297,1,0.001869,1,118.821915962607,1,4.85725697166397,546,1,12.0769996643066,35.4879989624023,0.0242970008403063,0,114.581298828125,-85.5021,22.7265,108.763939594054,63,63,63,63,61,63,0,8763,1.76508096394256,23,-86,0.001869,51,2024-04-10 08:52:45.000934,546,1.037,0.0011,"aoml_navis",1029.38758010308
"7901009",31,0,1,0.024297,1,0.001869,1,118.838301209235,1,4.85718654576062,548,1,12.0050001144409,35.4770011901855,0.0242970008403063,0,114.597099304199,-85.5021,22.7265,108.763939594054,63,63,63,63,61,63,0,8763,1.76508096394256,23,-86,0.001869,51,2024-04-10 08:52:45.000934,548,1.037,0.0011,"aoml_navis",1029.40250552329
"7901009",31,0,1,0.020559,1,-0.001869,1,118.589104631233,1,4.85714136882068,550,1,11.9899997711182,35.4739990234375,0.020558999851346,0,114.356796264648,-85.5021,22.7265,108.763939594054,63,63,63,63,61,63,0,8763,1.76508096394256,23,-86,0.001869,51,2024-04-10 08:52:45.000934,550,1.037,0.0011,"aoml_navis",1029.41208013758
"7901009",31,0,1,0.020559,1,-0.001869,1,118.410227740352,1,4.85709287150911,552,1,11.960000038147,35.4679985046387,0.020558999851346,0,114.184303283691,-85.5021,22.7265,108.763939594054,63,63,63,63,61,63,0,8763,1.76508096394256,23,-86,0.001869,51,2024-04-10 08:52:45.000934,552,1.037,0.0011,"aoml_navis",1029.42235865597
"7901009",31,0,1,0.024297,1,0.001869,1,118.368121375044,1,4.85699938140164,554,1,11.8439998626709,35.4519996643066,0.0242970008403063,0,114.143699645996,-85.5021,22.7265,108.763939594054,63,63,63,63,61,63,0,8763,1.76508096394256,23,-86,0.001869,51,2024-04-10 08:52:45.000934,554,1.037,0.0011,"aoml_navis",1029.44217352506
"7901009",31,0,1,0.024297,1,0.001869,1,118.160928309522,1,4.85692542939396,556,1,11.7519998550415,35.4370002746582,0.0242970008403063,0,113.943901062012,-85.5021,22.7265,108.763939594054,63,63,63,63,61,63,0,8763,1.76508096394256,23,-86,0.001869,51,2024-04-10 08:52:45.000934,556,1.037,0.0011,"aoml_navis",1029.45784790933
"7901009",31,0,1,0.024297,1,0.001869,1,117.862164580324,1,4.85686466791319,558,1,11.6969995498657,35.4280014038086,0.0242970008403063,0,113.655799865723,-85.5021,22.7265,108.763939594054,63,63,63,63,61,63,0,8763,1.76508096394256,23,-86,0.001869,51,2024-04-10 08:52:45.000934,558,1.037,0.0011,"aoml_navis",1029.47072687292
"7901009",31,0,1,0.022428,1,0,1,117.512591554244,1,4.85680123678102,560,1,11.6389999389648,35.4189987182617,0.0224280003458261,0,113.318702697754,-85.5021,22.7265,108.763939594054,63,63,63,63,61,63,0,8763,1.76508096394256,23,-86,0.001869,51,2024-04-10 08:52:45.000934,560,1.037,0.0011,"aoml_navis",1029.48417203787
"7901009",31,0,1,0.026166,1,0.003738,1,117.201074074411,1,4.85670882217274,562,1,11.5419998168945,35.4080009460449,0.0261659994721413,0,113.01830291748,-85.5021,22.7265,108.763939594054,63,63,63,63,61,63,0,8763,1.76508096394256,23,-86,0.001869,51,2024-04-10 08:52:45.000934,562,1.037,0.0011,"aoml_navis",1029.50376130706
"7901009",31,0,1,0.026166,1,0.003738,1,116.791347967639,1,4.85664490020846,564,1,11.4870004653931,35.4000015258789,0.0261659994721413,0,112.623199462891,-85.5021,22.7265,108.763939594054,63,63,63,63,61,63,0,8763,1.76508096394256,23,-86,0.001869,51,2024-04-10 08:52:45.000934,564,1.037,0.0011,"aoml_navis",1029.51731138206
"7901009",31,0,1,0.022428,1,0,1,116.200561325336,1,4.8565964217616,566,1,11.4759998321533,35.398998260498,0.0224280003458261,0,112.053497314453,-85.5021,22.7265,108.763939594054,63,63,63,63,61,63,0,8763,1.76508096394256,23,-86,0.001869,51,2024-04-10 08:52:45.000934,566,1.037,0.0011,"aoml_navis",1029.52758800296
"7901009",31,0,1,0.022428,1,0,1,115.519145518318,1,4.85653844602361,568,1,11.4429998397827,35.3950004577637,0.0224280003458261,0,111.39640045166,-85.5021,22.7265,108.763939594054,63,63,63,63,61,63,0,8763,1.76508096394256,23,-86,0.001869,51,2024-04-10 08:52:45.000934,568,1.037,0.0011,"aoml_navis",1029.53987816031
"7901009",31,0,1,0.029904,1,0.007476,1,114.874851670344,1,4.85648423610433,570,1,11.4139995574951,35.390998840332,0.0299040004611015,0,110.775100708008,-85.5021,22.7265,108.763939594054,63,63,63,63,61,63,0,8763,1.76508096394256,23,-86,0.001869,51,2024-04-10 08:52:45.000934,570,1.037,0.0011,"aoml_navis",1029.55137027497
"7901009",31,0,1,0.024297,1,0.001869,1,114.436920153514,1,4.85641528139909,572,1,11.3730001449585,35.3880004882812,0.0242970008403063,0,110.352798461914,-85.5021,22.7265,108.763939594054,63,63,63,63,61,63,0,8763,1.76508096394256,23,-86,0.001869,51,2024-04-10 08:52:45.000934,572,1.037,0.0011,"aoml_navis",1029.56598854939
"7901009",31,0,1,0.028035,1,0.005607,1,114.112237511737,1,4.85635930137276,574,1,11.3420000076294,35.3839988708496,0.0280349999666214,0,110.039703369141,-85.5021,22.7265,108.763939594054,63,63,63,63,61,63,0,8763,1.76508096394256,23,-86,0.001869,51,2024-04-10 08:52:45.000934,574,1.037,0.0011,"aoml_navis",1029.57785652034
"7901009",31,0,1,0.026166,1,0.003738,1,113.82332391873,1,4.85630338588708,576,1,11.3149995803833,35.3810005187988,0.0261659994721413,0,109.761100769043,-85.5021,22.7265,108.763939594054,63,63,63,63,61,63,0,8763,1.76508096394256,23,-86,0.001869,51,2024-04-10 08:52:45.000934,576,1.037,0.0011,"aoml_navis",1029.58971108158
"7901009",31,0,1,0.024297,1,0.001869,1,113.67575384625,1,4.85625762210233,578,1,11.2950000762939,35.3769989013672,0.0242970008403063,0,109.618797302246,-85.5021,22.7265,108.763939594054,63,63,63,63,61,63,0,8763,1.76508096394256,23,-86,0.001869,51,2024-04-10 08:52:45.000934,578,1.037,0.0011,"aoml_navis",1029.59941359854
"7901009",31,0,1,0.024297,1,0.001869,1,113.617064440414,1,4.85620445117244,580,1,11.2629995346069,35.3720016479492,0.0242970008403063,0,109.562202453613,-85.5021,22.7265,108.763939594054,63,63,63,63,61,63,0,8763,1.76508096394256,23,-86,0.001869,51,2024-04-10 08:52:45.000934,580,1.037,0.0011,"aoml_navis",1029.61068675616
"7901009",31,0,1,0.026166,1,0.003738,1,113.643711234544,1,4.85615498748689,582,1,11.2309999465942,35.3660011291504,0.0261659994721413,0,109.587898254395,-85.5021,22.7265,108.763939594054,63,63,63,63,61,63,0,8763,1.76508096394256,23,-86,0.001869,51,2024-04-10 08:52:45.000934,582,1.037,0.0011,"aoml_navis",1029.62117413546
"7901009",31,0,1,0.026166,1,0.003738,1,113.648070612087,1,4.85608163219663,584,1,11.1529998779297,35.3549995422363,0.0261659994721413,0,109.592102050781,-85.5021,22.7265,108.763939594054,63,63,63,63,61,63,0,8763,1.76508096394256,23,-86,0.001869,51,2024-04-10 08:52:45.000934,584,1.037,0.0011,"aoml_navis",1029.63672744897
"7901009",31,0,1,0.026166,1,0.003738,1,113.484012440151,1,4.85602223351774,586,1,11.0979995727539,35.3460006713867,0.0261659994721413,0,109.433898925781,-85.5021,22.7265,108.763939594054,63,63,63,63,61,63,0,8763,1.76508096394256,23,-86,0.001869,51,2024-04-10 08:52:45.000934,586,1.037,0.0011,"aoml_navis",1029.64932192618
"7901009",31,0,1,0.029904,1,0.007476,1,113.080204326849,1,4.85597572255454,588,1,11.0729999542236,35.3409996032715,0.0299040004611015,0,109.044502258301,-85.5021,22.7265,108.763939594054,63,63,63,63,61,63,0,8763,1.76508096394256,23,-86,0.001869,51,2024-04-10 08:52:45.000934,588,1.037,0.0011,"aoml_navis",1029.65918399808
"7901009",31,0,1,0.024297,1,0.001869,1,113.155904008036,1,4.85587120402921,590,1,10.9399995803833,35.3250007629395,0.0242970008403063,0,109.117500305176,-85.5021,22.7265,108.763939594054,63,63,63,63,61,63,0,8763,1.76508096394256,23,-86,0.001869,51,2024-04-10 08:52:45.000934,590,1.037,0.0011,"aoml_navis",1029.68134654214
"7901009",31,0,1,0.028035,1,0.005607,1,113.395139685263,1,4.85579526299552,592,1,10.8540000915527,35.3129997253418,0.0280349999666214,0,109.348197937012,-85.5021,22.7265,108.763939594054,63,63,63,63,61,63,0,8763,1.76508096394256,23,-86,0.001869,51,2024-04-10 08:52:45.000934,592,1.037,0.0011,"aoml_navis",1029.69744999412
"7901009",31,0,1,0.028035,1,0.005607,1,113.571437343695,1,4.85574543587701,594,1,10.8210000991821,35.306999206543,0.0280349999666214,0,109.518203735352,-85.5021,22.7265,108.763939594054,63,63,63,63,61,63,0,8763,1.76508096394256,23,-86,0.001869,51,2024-04-10 08:52:45.000934,594,1.037,0.0011,"aoml_navis",1029.70801621048
"7901009",31,0,1,0.024297,1,0.001869,1,113.763487308277,1,4.85568844962793,596,1,10.7799997329712,35.3009986877441,0.0242970008403063,0,109.703399658203,-85.5021,22.7265,108.763939594054,63,63,63,63,61,63,0,8763,1.76508096394256,23,-86,0.001869,51,2024-04-10 08:52:45.000934,596,1.037,0.0011,"aoml_navis",1029.72010084031
"7901009",31,0,1,0.029904,1,0.007476,1,114.003870190122,1,4.85563262000441,598,1,10.7279996871948,35.2919998168945,0.0299040004611015,0,109.935203552246,-85.5021,22.7265,108.763939594054,63,63,63,63,61,63,0,8763,1.76508096394256,23,-86,0.001869,51,2024-04-10 08:52:45.000934,598,1.037,0.0011,"aoml_navis",1029.73194046865
"7901009",31,0,1,0.024297,1,0.001869,1,114.272450570268,1,4.85556884751373,600,1,10.6669998168945,35.2830009460449,0.0242970008403063,0,110.194198608398,-85.5021,22.7265,108.763939594054,63,63,63,63,61,63,0,8763,1.76508096394256,23,-86,0.001869,51,2024-04-10 08:52:45.000934,600,1.037,0.0011,"aoml_navis",1029.74546485119
"7901009",31,0,1,0.029904,1,0.007476,1,114.717953637568,1,4.85548421510553,602,1,10.5659999847412,35.2700004577637,0.0299040004611015,0,110.623802185059,-85.5021,22.7265,108.763939594054,63,63,63,63,61,63,0,8763,1.76508096394256,23,-86,0.001869,51,2024-04-10 08:52:45.000934,602,1.037,0.0011,"aoml_navis",1029.76341359424
"7901009",31,0,1,0.028035,1,0.005607,1,114.86966947018,1,4.85542777004953,604,1,10.5209999084473,35.2630004882812,0.0280349999666214,0,110.77010345459,-85.5021,22.7265,108.763939594054,63,63,63,63,61,63,0,8763,1.76508096394256,23,-86,0.001869,51,2024-04-10 08:52:45.000934,604,1.037,0.0011,"aoml_navis",1029.77538474411
"7901009",31,0,1,0.028035,1,0.005607,1,114.877027403238,1,4.85537285560936,606,1,10.4899997711182,35.2589988708496,0.0280349999666214,0,110.777198791504,-85.5021,22.7265,108.763939594054,63,63,63,63,61,63,0,8763,1.76508096394256,23,-86,0.001869,51,2024-04-10 08:52:45.000934,606,1.037,0.0011,"aoml_navis",1029.78703154044
"7901009",31,0,1,0.028035,1,0.005607,1,114.74449757887,1,4.85532097876844,608,1,10.4499998092651,35.2519989013672,0.0280349999666214,0,110.649398803711,-85.5021,22.7265,108.763939594054,63,63,63,63,61,63,0,8763,1.76508096394256,23,-86,0.001869,51,2024-04-10 08:52:45.000934,608,1.037,0.0011,"aoml_navis",1029.79803433475
"7901009",31,0,4,0.022428,1,0,1,114.70841205986,1,4.85526879123502,610,1,10.4219999313354,35.2480010986328,0.0224280003458261,0,110.614601135254,-85.5021,22.7265,108.763939594054,63,63,63,63,61,63,0,8763,1.76508096394256,23,-86,0.001869,51,2024-04-10 08:52:45.000934,610,1.037,0.0011,"aoml_navis",1029.80910326247
"7901009",31,0,1,0.029904,1,0.007476,1,114.598691827973,1,4.85521640096913,612,1,10.4020004272461,35.2459983825684,0.0299040004611015,0,110.508796691895,-85.5021,22.7265,108.763939594054,63,63,63,63,61,63,0,8763,1.76508096394256,23,-86,0.001869,51,2024-04-10 08:52:45.000934,612,1.037,0.0011,"aoml_navis",1029.82021542891
"7901009",31,0,1,0.026166,1,0.003738,1,114.521124972376,1,4.85517031722786,614,1,10.3850002288818,35.2430000305176,0.0261659994721413,0,110.43399810791,-85.5021,22.7265,108.763939594054,63,63,63,63,61,63,0,8763,1.76508096394256,23,-86,0.001869,51,2024-04-10 08:52:45.000934,614,1.037,0.0011,"aoml_navis",1029.82999015673
"7901009",31,0,1,0.028035,1,0.005607,1,114.38849229518,1,4.85511909389065,616,1,10.3579998016357,35.2389984130859,0.0280349999666214,0,110.306098937988,-85.5021,22.7265,108.763939594054,63,63,63,63,61,63,0,8763,1.76508096394256,23,-86,0.001869,51,2024-04-10 08:52:45.000934,616,1.037,0.0011,"aoml_navis",1029.84085525145
"7901009",31,0,1,0.028035,1,0.005607,1,114.067021826329,1,4.85507907711088,618,1,10.3520002365112,35.2369995117188,0.0280349999666214,0,109.996101379395,-85.5021,22.7265,108.763939594054,63,63,63,63,61,63,0,8763,1.76508096394256,23,-86,0.001869,51,2024-04-10 08:52:45.000934,618,1.037,0.0011,"aoml_navis",1029.84934345814
"7901009",31,0,1,0.029904,1,0.007476,1,113.842715632629,1,4.85501394063116,620,1,10.3050003051758,35.2319984436035,0.0299040004611015,0,109.779800415039,-85.5021,22.7265,108.763939594054,63,63,63,63,61,63,0,8763,1.76508096394256,23,-86,0.001869,51,2024-04-10 08:52:45.000934,620,1.037,0.0011,"aoml_navis",1029.86316025902
"7901009",31,0,1,0.028035,1,0.005607,1,113.706348606613,1,4.85494392906972,622,1,10.2440004348755,35.2249984741211,0.0280349999666214,0,109.648300170898,-85.5021,22.7265,108.763939594054,63,63,63,63,61,63,0,8763,1.76508096394256,23,-86,0.001869,51,2024-04-10 08:52:45.000934,622,1.037,0.0011,"aoml_navis",1029.87801157944
"7901009",31,0,1,0.029904,1,0.007476,1,113.391721806681,1,4.8549004223221,624,1,10.2340002059937,35.2229995727539,0.0299040004611015,0,109.344902038574,-85.5021,22.7265,108.763939594054,63,63,63,63,61,63,0,8763,1.76508096394256,23,-86,0.001869,51,2024-04-10 08:52:45.000934,624,1.037,0.0011,"aoml_navis",1029.88724073737
"7901009",31,0,1,0.026166,1,0.003738,1,113.405511997349,1,4.85483446454393,626,1,10.1899995803833,35.2190017700195,0.0261659994721413,0,109.358200073242,-85.5021,22.7265,108.763939594054,63,63,63,63,61,63,0,8763,1.76508096394256,23,-86,0.001869,51,2024-04-10 08:52:45.000934,626,1.037,0.0011,"aoml_navis",1029.90123278481
"7901009",31,0,1,0.026166,1,0.003738,1,113.603377102574,1,4.85476806429634,628,1,10.1370000839233,35.2130012512207,0.0261659994721413,0,109.549003601074,-85.5021,22.7265,108.763939594054,63,63,63,63,61,63,0,8763,1.76508096394256,23,-86,0.001869,51,2024-04-10 08:52:45.000934,628,1.037,0.0011,"aoml_navis",1029.91531908017
"7901009",31,0,1,0.024297,1,0.001869,1,113.704378579374,1,4.85471884760241,630,1,10.1120004653931,35.2089996337891,0.0242970008403063,0,109.64640045166,-85.5021,22.7265,108.763939594054,63,63,63,63,61,63,0,8763,1.76508096394256,23,-86,0.001869,51,2024-04-10 08:52:45.000934,630,1.037,0.0011,"aoml_navis",1029.92576026711
"7901009",31,0,1,0.028035,1,0.005607,1,113.683222543892,1,4.85467346779054,632,1,10.1040000915527,35.2080001831055,0.0280349999666214,0,109.625999450684,-85.5021,22.7265,108.763939594054,63,63,63,63,61,63,0,8763,1.76508096394256,23,-86,0.001869,51,2024-04-10 08:52:45.000934,632,1.037,0.0011,"aoml_navis",1029.93538765762
"7901009",31,0,1,0.024297,1,0.001869,1,113.705415019407,1,4.85463262105118,634,1,10.0970001220703,35.2060012817383,0.0242970008403063,0,109.647399902344,-85.5021,22.7265,108.763939594054,63,63,63,63,61,63,0,8763,1.76508096394256,23,-86,0.001869,51,2024-04-10 08:52:45.000934,634,1.037,0.0011,"aoml_navis",1029.94405350437
"7901009",31,0,1,0.028035,1,0.005607,1,113.622768816473,1,4.85458811767999,636,1,10.0900001525879,35.2050018310547,0.0280349999666214,0,109.56770324707,-85.5021,22.7265,108.763939594054,63,63,63,63,61,63,0,8763,1.76508096394256,23,-86,0.001869,51,2024-04-10 08:52:45.000934,636,1.037,0.0011,"aoml_navis",1029.95349529045
"7901009",31,0,1,0.028035,1,0.005607,1,113.518025079096,1,4.85454398344723,638,1,10.0749998092651,35.2019996643066,0.0280349999666214,0,109.466697692871,-85.5021,22.7265,108.763939594054,63,63,63,63,61,63,0,8763,1.76508096394256,23,-86,0.001869,51,2024-04-10 08:52:45.000934,638,1.037,0.0011,"aoml_navis",1029.9628589315
"7901009",31,0,1,0.026166,1,0.003738,1,113.243012441341,1,4.85449567591559,640,1,10.0509996414185,35.1980018615723,0.0261659994721413,0,109.201499938965,-85.5021,22.7265,108.763939594054,63,63,63,63,61,63,0,8763,1.76508096394256,23,-86,0.001869,51,2024-04-10 08:52:45.000934,640,1.037,0.0011,"aoml_navis",1029.97310818635
"7901009",31,0,1,0.031773,1,0.009345,1,112.992059453511,1,4.8544245496892,642,1,9.98799991607666,35.1910018920898,0.0317730009555817,0,108.959503173828,-85.5021,22.7265,108.763939594054,63,63,63,63,61,63,0,8763,1.76508096394256,23,-86,0.001869,51,2024-04-10 08:52:45.000934,642,1.037,0.0011,"aoml_navis",1029.98819918215
"7901009",31,0,1,0.026166,1,0.003738,1,112.739959261065,1,4.85435491533385,644,1,9.9350004196167,35.1860008239746,0.0261659994721413,0,108.716400146484,-85.5021,22.7265,108.763939594054,63,63,63,63,61,63,0,8763,1.76508096394256,23,-86,0.001869,51,2024-04-10 08:52:45.000934,644,1.037,0.0011,"aoml_navis",1030.00297407305
"7901009",31,0,1,0.026166,1,0.003738,1,112.48122901711,1,4.85431390069686,646,1,9.93200016021729,35.185001373291,0.0261659994721413,0,108.466903686523,-85.5021,22.7265,108.763939594054,63,63,63,63,61,63,0,8763,1.76508096394256,23,-86,0.001869,51,2024-04-10 08:52:45.000934,646,1.037,0.0011,"aoml_navis",1030.01167668251
"7901009",31,0,1,0.026166,1,0.003738,1,112.255989236206,1,4.85427330775629,648,1,9.92099952697754,35.181999206543,0.0261659994721413,0,108.249702453613,-85.5021,22.7265,108.763939594054,63,63,63,63,61,63,0,8763,1.76508096394256,23,-86,0.001869,51,2024-04-10 08:52:45.000934,648,1.037,0.0011,"aoml_navis",1030.02028995995
"7901009",31,0,1,0.024297,1,0.001869,1,112.234936053551,1,4.85419756964307,650,1,9.84799957275391,35.173999786377,0.0242970008403063,0,108.229400634766,-85.5021,22.7265,108.763939594054,63,63,63,63,61,63,0,8763,1.76508096394256,23,-86,0.001869,51,2024-04-10 08:52:45.000934,650,1.037,0.0011,"aoml_navis",1030.0363609567
"7901009",31,0,1,0.028035,1,0.005607,1,112.425435313962,1,4.85411567485016,652,1,9.75899982452393,35.1640014648438,0.0280349999666214,0,108.413101196289,-85.5021,22.7265,108.763939594054,63,63,63,63,61,63,0,8763,1.76508096394256,23,-86,0.001869,51,2024-04-10 08:52:45.000934,652,1.037,0.0011,"aoml_navis",1030.0537389139
"7901009",31,0,1,0.028035,1,0.005607,1,112.441195531868,1,4.85406070667484,654,1,9.71399974822998,35.1570014953613,0.0280349999666214,0,108.428298950195,-85.5021,22.7265,108.763939594054,63,63,63,63,61,63,0,8763,1.76508096394256,23,-86,0.001869,51,2024-04-10 08:52:45.000934,654,1.037,0.0011,"aoml_navis",1030.06540341048
"7901009",31,0,1,0.031773,1,0.009345,1,112.30441709454,1,4.85400447074567,656,1,9.67599964141846,35.1520004272461,0.0317730009555817,0,108.296401977539,-85.5021,22.7265,108.763939594054,63,63,63,63,61,63,0,8763,1.76508096394256,23,-86,0.001869,51,2024-04-10 08:52:45.000934,656,1.037,0.0011,"aoml_navis",1030.07733720359
"7901009",31,0,1,0.029904,1,0.007476,1,112.530796168305,1,4.85392665653688,658,1,9.59099960327148,35.1419982910156,0.0299040004611015,0,108.514701843262,-85.5021,22.7265,108.763939594054,63,63,63,63,61,63,0,8763,1.76508096394256,23,-86,0.001869,51,2024-04-10 08:52:45.000934,658,1.037,0.0011,"aoml_navis",1030.09385056661
"7901009",31,0,1,0.026166,1,0.003738,1,112.790459999465,1,4.85386015558957,660,1,9.5319995880127,35.1349983215332,0.0261659994721413,0,108.765098571777,-85.5021,22.7265,108.763939594054,63,63,63,63,61,63,0,8763,1.76508096394256,23,-86,0.001869,51,2024-04-10 08:52:45.000934,660,1.037,0.0011,"aoml_navis",1030.10796350244
"7901009",31,0,1,0.031773,1,0.009345,1,112.826442665648,1,4.85378536981312,662,1,9.46300029754639,35.1279983520508,0.0317730009555817,0,108.799797058105,-85.5021,22.7265,108.763939594054,63,63,63,63,61,63,0,8763,1.76508096394256,23,-86,0.001869,51,2024-04-10 08:52:45.000934,662,1.037,0.0011,"aoml_navis",1030.12383511975
"7901009",31,0,1,0.029904,1,0.007476,1,112.766819672607,1,4.85373933155091,664,1,9.44099998474121,35.1240005493164,0.0299040004611015,0,108.742301940918,-85.5021,22.7265,108.763939594054,63,63,63,63,61,63,0,8763,1.76508096394256,23,-86,0.001869,51,2024-04-10 08:52:45.000934,664,1.037,0.0011,"aoml_navis",1030.13360595991
"7901009",31,0,1,0.029904,1,0.007476,1,112.778536983208,1,4.85369555468436,666,1,9.42599964141846,35.1209983825684,0.0299040004611015,0,108.753601074219,-85.5021,22.7265,108.763939594054,63,63,63,63,61,63,0,8763,1.76508096394256,23,-86,0.001869,51,2024-04-10 08:52:45.000934,666,1.037,0.0011,"aoml_navis",1030.14289702914
"7901009",31,0,1,0.028035,1,0.005607,1,112.9071267531,1,4.85365291167033,668,1,9.40799999237061,35.117000579834,0.0280349999666214,0,108.877601623535,-85.5021,22.7265,108.763939594054,63,63,63,63,61,63,0,8763,1.76508096394256,23,-86,0.001869,51,2024-04-10 08:52:45.000934,668,1.037,0.0011,"aoml_navis",1030.15194761409
"7901009",31,0,1,0.028035,1,0.005607,1,113.365383571035,1,4.85358194447001,670,1,9.32999992370605,35.1069984436035,0.0280349999666214,0,109.31950378418,-85.5021,22.7265,108.763939594054,63,63,63,63,61,63,0,8763,1.76508096394256,23,-86,0.001869,51,2024-04-10 08:52:45.000934,670,1.037,0.0011,"aoml_navis",1030.16701009794
"7901009",31,0,1,0.031773,1,0.009345,1,114.021600435266,1,4.85347784481745,672.099975585938,1,9.1879997253418,35.0909996032715,0.0317730009555817,0,109.952301025391,-85.5021,22.7265,108.763939594054,63,63,63,63,61,63,0,8763,1.76508096394256,23,-86,0.001869,51,2024-04-10 08:52:45.000934,672.099975585938,1.037,0.0011,"aoml_navis",1030.18910559961
"7901009",31,0,1,0.029904,1,0.007476,1,114.250463800408,1,4.85342905402113,674,1,9.15100002288818,35.0849990844727,0.0299040004611015,0,110.172996520996,-85.5021,22.7265,108.763939594054,63,63,63,63,61,63,0,8763,1.76508096394256,23,-86,0.001869,51,2024-04-10 08:52:45.000934,674,1.037,0.0011,"aoml_navis",1030.19946193659
"7901009",31,0,1,0.031773,1,0.009345,1,114.515214890661,1,4.85337407288815,676,1,9.10900020599365,35.0789985656738,0.0317730009555817,0,110.428298950195,-85.5021,22.7265,108.763939594054,63,63,63,63,61,63,0,8763,1.76508096394256,23,-86,0.001869,51,2024-04-10 08:52:45.000934,676,1.037,0.0011,"aoml_navis",1030.21113248429
"7901009",31,0,1,0.026166,1,0.003738,1,114.677920152325,1,4.8533258639816,678,1,9.08399963378906,35.0750007629395,0.0261659994721413,0,110.58519744873,-85.5021,22.7265,108.763939594054,63,63,63,63,61,63,0,8763,1.76508096394256,23,-86,0.001869,51,2024-04-10 08:52:45.000934,678,1.037,0.0011,"aoml_navis",1030.22136574569
"7901009",31,0,1,0.028035,1,0.005607,1,114.91519371407,1,4.8532701749077,680,1,9.04100036621094,35.0690002441406,0.0280349999666214,0,110.814002990723,-85.5021,22.7265,108.763939594054,63,63,63,63,61,63,0,8763,1.76508096394256,23,-86,0.001869,51,2024-04-10 08:52:45.000934,680,1.037,0.0011,"aoml_navis",1030.23318706857
"7901009",31,0,1,0.026166,1,0.003738,1,115.044503453756,1,4.85321583378675,682,1,9.00399971008301,35.0639991760254,0.0261659994721413,0,110.938697814941,-85.5021,22.7265,108.763939594054,63,63,63,63,61,63,0,8763,1.76508096394256,23,-86,0.001869,51,2024-04-10 08:52:45.000934,682,1.037,0.0011,"aoml_navis",1030.24472251808
"7901009",31,0,1,0.029904,1,0.007476,1,115.104965092931,1,4.85316899600191,684,1,8.98499965667725,35.0610008239746,0.0299040004611015,0,110.997001647949,-85.5021,22.7265,108.763939594054,63,63,63,63,61,63,0,8763,1.76508096394256,23,-86,0.001869,51,2024-04-10 08:52:45.000934,684,1.037,0.0011,"aoml_navis",1030.25466537824
"7901009",31,0,1,0.026166,1,0.003738,1,115.19352137758,1,4.85311184145333,686,1,8.9399995803833,35.0550003051758,0.0261659994721413,0,111.082397460938,-85.5021,22.7265,108.763939594054,63,63,63,63,61,63,0,8763,1.76508096394256,23,-86,0.001869,51,2024-04-10 08:52:45.000934,686,1.037,0.0011,"aoml_navis",1030.26679857077
"7901009",31,0,1,0.028035,1,0.005607,1,115.099157864044,1,4.85305929125812,688,1,8.90499973297119,35.0499992370605,0.0280349999666214,0,110.991401672363,-85.5021,22.7265,108.763939594054,63,63,63,63,61,63,0,8763,1.76508096394256,23,-86,0.001869,51,2024-04-10 08:52:45.000934,688,1.037,0.0011,"aoml_navis",1030.2779545691
"7901009",31,0,1,0.026166,1,0.003738,1,114.858877835027,1,4.85298311219726,690,1,8.84099960327148,35.0449981689453,0.0261659994721413,0,110.759696960449,-85.5021,22.7265,108.763939594054,63,63,63,63,61,63,0,8763,1.76508096394256,23,-86,0.001869,51,2024-04-10 08:52:45.000934,690,1.037,0.0011,"aoml_navis",1030.2941272211
"7901009",31,0,1,0.033642,1,0.011214,1,114.707059149587,1,4.85291398554265,692,1,8.80799961090088,35.0449981689453,0.0336420014500618,0,110.613296508789,-85.5021,22.7265,108.763939594054,63,63,63,63,61,63,0,8763,1.76508096394256,23,-86,0.001869,51,2024-04-10 08:52:45.000934,692,1.037,0.0011,"aoml_navis",1030.30880310171
"7901009",31,0,1,0.031773,1,0.009345,1,114.674502273743,1,4.85286483951165,694,1,8.79500007629395,35.0439987182617,0.0317730009555817,0,110.581901550293,-85.5021,22.7265,108.763939594054,63,63,63,63,61,63,0,8763,1.76508096394256,23,-86,0.001869,51,2024-04-10 08:52:45.000934,694,1.037,0.0011,"aoml_navis",1030.31923726587
"7901009",31,0,4,0.026166,1,0.003738,1,114.645980393446,1,4.85281447265615,696,1,8.78499984741211,35.0439987182617,0.0261659994721413,0,110.554397583008,-85.5021,22.7265,108.763939594054,63,63,63,63,61,63,0,8763,1.76508096394256,23,-86,0.001869,51,2024-04-10 08:52:45.000934,696,1.037,0.0011,"aoml_navis",1030.32993084182
"7901009",31,0,1,0.031773,1,0.009345,1,114.585004490133,1,4.85277428550023,698,1,8.78299999237061,35.0429992675781,0.0317730009555817,0,110.495597839355,-85.5021,22.7265,108.763939594054,63,63,63,63,61,63,0,8763,1.76508096394256,23,-86,0.001869,51,2024-04-10 08:52:45.000934,698,1.037,0.0011,"aoml_navis",1030.3384632868
"7901009",31,0,1,0.029904,1,0.007476,1,114.504953343159,1,4.85272636457103,700,1,8.77600002288818,35.0429992675781,0.0299040004611015,0,110.418403625488,-85.5021,22.7265,108.763939594054,63,63,63,63,61,63,0,8763,1.76508096394256,23,-86,0.001869,51,2024-04-10 08:52:45.000934,700,1.037,0.0011,"aoml_navis",1030.34863793355
"7901009",31,0,1,0.029904,1,0.007476,1,114.483797307677,1,4.85267072950532,702,1,8.75500011444092,35.0419998168945,0.0299040004611015,0,110.398002624512,-85.5021,22.7265,108.763939594054,63,63,63,63,61,63,0,8763,1.76508096394256,23,-86,0.001869,51,2024-04-10 08:52:45.000934,702,1.037,0.0011,"aoml_navis",1030.36045070993
"7901009",31,0,1,0.029904,1,0.007476,1,114.595273949391,1,4.85261027090722,704,1,8.7189998626709,35.0390014648438,0.0299040004611015,0,110.505500793457,-85.5021,22.7265,108.763939594054,63,63,63,63,61,63,0,8763,1.76508096394256,23,-86,0.001869,51,2024-04-10 08:52:45.000934,704,1.037,0.0011,"aoml_navis",1030.37328795523
"7901009",31,0,1,0.029904,1,0.007476,1,114.771049431928,1,4.85253736307659,706,1,8.66300010681152,35.0349998474121,0.0299040004611015,0,110.675003051758,-85.5021,22.7265,108.763939594054,63,63,63,63,61,63,0,8763,1.76508096394256,23,-86,0.001869,51,2024-04-10 08:52:45.000934,706,1.037,0.0011,"aoml_navis",1030.38876898619
"7901009",31,0,1,0.031773,1,0.009345,1,114.794689758787,1,4.85249084940462,708,1,8.63500022888184,35.0299987792969,0.0317730009555817,0,110.697799682617,-85.5021,22.7265,108.763939594054,63,63,63,63,61,63,0,8763,1.76508096394256,23,-86,0.001869,51,2024-04-10 08:52:45.000934,708,1.037,0.0011,"aoml_navis",1030.39864580342
"7901009",31,0,1,0.029904,1,0.007476,1,114.949720617153,1,4.85243145749655,710,1,8.59099960327148,35.0250015258789,0.0299040004611015,0,110.847297668457,-85.5021,22.7265,108.763939594054,63,63,63,63,61,63,0,8763,1.76508096394256,23,-86,0.001869,51,2024-04-10 08:52:45.000934,710,1.037,0.0011,"aoml_navis",1030.41125748937
"7901009",31,0,1,0.029904,1,0.007476,1,115.148313603928,1,4.85236814465234,712,1,8.54199981689453,35.0200004577637,0.0299040004611015,0,111.038803100586,-85.5021,22.7265,108.763939594054,63,63,63,63,61,63,0,8763,1.76508096394256,23,-86,0.001869,51,2024-04-10 08:52:45.000934,712,1.037,0.0011,"aoml_navis",1030.42470211383
"7901009",31,0,1,0.028035,1,0.005607,1,115.318796121717,1,4.8523203794411,714,1,8.52600002288818,35.0180015563965,0.0280349999666214,0,111.203201293945,-85.5021,22.7265,108.763939594054,63,63,63,63,61,63,0,8763,1.76508096394256,23,-86,0.001869,51,2024-04-10 08:52:45.000934,714,1.037,0.0011,"aoml_navis",1030.43484539574
"7901009",31,0,1,0.028035,1,0.005607,1,115.667127002109,1,4.85226874904062,716,1,8.49600028991699,35.0139999389648,0.0280349999666214,0,111.539100646973,-85.5021,22.7265,108.763939594054,63,63,63,63,61,63,0,8763,1.76508096394256,23,-86,0.001869,51,2024-04-10 08:52:45.000934,716,1.037,0.0011,"aoml_navis",1030.44580970264
"7901009",31,0,1,0.028035,1,0.005607,1,115.931664474951,1,4.85220867121386,718,1,8.46000003814697,35.0110015869141,0.0280349999666214,0,111.79419708252,-85.5021,22.7265,108.763939594054,63,63,63,63,61,63,0,8763,1.76508096394256,23,-86,0.001869,51,2024-04-10 08:52:45.000934,718,1.037,0.0011,"aoml_navis",1030.45856821099
"7901009",31,0,1,0.028035,1,0.005607,1,115.999697664596,1,4.85216064090769,720,1,8.43900012969971,35.007999420166,0.0280349999666214,0,111.859802246094,-85.5021,22.7265,108.763939594054,63,63,63,63,61,63,0,8763,1.76508096394256,23,-86,0.001869,51,2024-04-10 08:52:45.000934,720,1.037,0.0011,"aoml_navis",1030.46876845872
"7901009",31,0,1,0.028035,1,0.005607,1,116.047089082897,1,4.85209665814633,722,1,8.39799976348877,35.0050010681152,0.0280349999666214,0,111.905502319336,-85.5021,22.7265,108.763939594054,63,63,63,63,61,63,0,8763,1.76508096394256,23,-86,0.001869,51,2024-04-10 08:52:45.000934,722,1.037,0.0011,"aoml_navis",1030.48235686017
"7901009",31,0,1,0.024297,1,0.001869,1,116.028733809031,1,4.85204549293101,724,1,8.3730001449585,35.0019989013672,0.0242970008403063,0,111.887802124023,-85.5021,22.7265,108.763939594054,63,63,63,63,61,63,0,8763,1.76508096394256,23,-86,0.001869,51,2024-04-10 08:52:45.000934,724,1.037,0.0011,"aoml_navis",1030.49322338064
"7901009",31,0,1,0.029904,1,0.007476,1,116.017736468223,1,4.85199384939425,726,1,8.35200023651123,35,0.0299040004611015,0,111.877197265625,-85.5021,22.7265,108.763939594054,63,63,63,63,61,63,0,8763,1.76508096394256,23,-86,0.001869,51,2024-04-10 08:52:45.000934,726,1.037,0.0011,"aoml_navis",1030.50419171991
"7901009",31,0,1,0.026166,1,0.003738,1,116.008922772065,1,4.8519472954686,728,1,8.34200000762939,34.9990005493164,0.0261659994721413,0,111.868698120117,-85.5021,22.7265,108.763939594054,63,63,63,63,61,63,0,8763,1.76508096394256,23,-86,0.001869,51,2024-04-10 08:52:45.000934,728,1.037,0.0011,"aoml_navis",1030.5140792996
"7901009",31,0,1,0.026166,1,0.003738,1,116.007474920721,1,4.85189091051438,730,1,8.3149995803833,34.9970016479492,0.0261659994721413,0,111.867301940918,-85.5021,22.7265,108.763939594054,63,63,63,63,61,63,0,8763,1.76508096394256,23,-86,0.001869,51,2024-04-10 08:52:45.000934,730,1.037,0.0011,"aoml_navis",1030.52605514371
"7901009",31,0,1,0.029904,1,0.007476,1,115.968375022684,1,4.85184567245398,732,1,8.30200004577637,34.9949989318848,0.0299040004611015,0,111.829597473145,-85.5021,22.7265,108.763939594054,63,63,63,63,61,63,0,8763,1.76508096394256,23,-86,0.001869,51,2024-04-10 08:52:45.000934,732,1.037,0.0011,"aoml_navis",1030.53566365211
"7901009",31,0,1,0.031773,1,0.009345,1,116.138343276334,1,4.85176552110391,734,1,8.23099994659424,34.9900016784668,0.0317730009555817,0,111.993499755859,-85.5021,22.7265,108.763939594054,63,63,63,63,61,63,0,8763,1.76508096394256,23,-86,0.001869,51,2024-04-10 08:52:45.000934,734,1.037,0.0011,"aoml_navis",1030.55268814029
"7901009",31,0,1,0.029904,1,0.007476,1,116.264543695921,1,4.8517018967641,736,1,8.1899995803833,34.9869995117188,0.0299040004611015,0,112.115196228027,-85.5021,22.7265,108.763939594054,63,63,63,63,61,63,0,8763,1.76508096394256,23,-86,0.001869,51,2024-04-10 08:52:45.000934,736,1.037,0.0011,"aoml_navis",1030.56620262156
"7901009",31,0,1,0.026166,1,0.003738,1,116.321168133447,1,4.85165066827924,738,1,8.17399978637695,34.9860000610352,0.0261659994721413,0,112.169799804688,-85.5021,22.7265,108.763939594054,63,63,63,63,61,63,0,8763,1.76508096394256,23,-86,0.001869,51,2024-04-10 08:52:45.000934,738,1.037,0.0011,"aoml_navis",1030.57708435001
"7901009",31,0,1,0.029904,1,0.007476,1,116.522245411598,1,4.85159053003584,740,1,8.14200019836426,34.984001159668,0.0299040004611015,0,112.363700866699,-85.5021,22.7265,108.763939594054,63,63,63,63,61,63,0,8763,1.76508096394256,23,-86,0.001869,51,2024-04-10 08:52:45.000934,740,1.037,0.0011,"aoml_navis",1030.58985894324
"7901009",31,0,1,0.028035,1,0.005607,1,116.566424656973,1,4.85154537094801,742,1,8.12899971008301,34.9819984436035,0.0280349999666214,0,112.406303405762,-85.5021,22.7265,108.763939594054,63,63,63,63,61,63,0,8763,1.76508096394256,23,-86,0.001869,51,2024-04-10 08:52:45.000934,742,1.037,0.0011,"aoml_navis",1030.59945186558
"7901009",31,0,1,0.033642,1,0.011214,1,116.546407914352,1,4.85150072179268,744,1,8.12600040435791,34.9819984436035,0.0336420014500618,0,112.387001037598,-85.5021,22.7265,108.763939594054,63,63,63,63,61,63,0,8763,1.76508096394256,23,-86,0.001869,51,2024-04-10 08:52:45.000934,744,1.037,0.0011,"aoml_navis",1030.60893664104
"7901009",31,0,1,0.024297,1,0.001869,1,116.59887867999,1,4.8514568594065,746,1,8.12399959564209,34.9819984436035,0.0242970008403063,0,112.437599182129,-85.5021,22.7265,108.763939594054,63,63,63,63,61,63,0,8763,1.76508096394256,23,-86,0.001869,51,2024-04-10 08:52:45.000934,746,1.037,0.0011,"aoml_navis",1030.61825445391
"7901009",31,0,1,0.028035,1,0.005607,1,116.619829009817,1,4.85141745632744,748,1,8.1230001449585,34.9809989929199,0.0280349999666214,0,112.457801818848,-85.5021,22.7265,108.763939594054,63,63,63,63,61,63,0,8763,1.76508096394256,23,-86,0.001869,51,2024-04-10 08:52:45.000934,748,1.037,0.0011,"aoml_navis",1030.62662510701
"7901009",31,0,1,0.031773,1,0.009345,1,116.717309755207,1,4.8513688812885,750,1,8.11499977111816,34.9809989929199,0.0317730009555817,0,112.551803588867,-85.5021,22.7265,108.763939594054,63,63,63,63,61,63,0,8763,1.76508096394256,23,-86,0.001869,51,2024-04-10 08:52:45.000934,750,1.037,0.0011,"aoml_navis",1030.63694440651
"7901009",31,0,1,0.029904,1,0.007476,1,116.854602456674,1,4.85132372116407,752,1,8.10200023651123,34.9790000915527,0.0299040004611015,0,112.684196472168,-85.5021,22.7265,108.763939594054,63,63,63,63,61,63,0,8763,1.76508096394256,23,-86,0.001869,51,2024-04-10 08:52:45.000934,752,1.037,0.0011,"aoml_navis",1030.64653842565
"7901009",31,0,1,0.028035,1,0.005607,1,117.085135202327,1,4.85126419220643,754,1,8.06599998474121,34.976001739502,0.0280349999666214,0,112.90650177002,-85.5021,22.7265,108.763939594054,63,63,63,63,61,63,0,8763,1.76508096394256,23,-86,0.001869,51,2024-04-10 08:52:45.000934,754,1.037,0.0011,"aoml_navis",1030.659185297
"7901009",31,0,1,0.029904,1,0.007476,1,117.265784326546,1,4.85120732095162,756,1,8.03800010681152,34.9739990234375,0.0299040004611015,0,113.080703735352,-85.5021,22.7265,108.763939594054,63,63,63,63,61,63,0,8763,1.76508096394256,23,-86,0.001869,51,2024-04-10 08:52:45.000934,756,1.037,0.0011,"aoml_navis",1030.67126783178
"7901009",31,0,1,0.031773,1,0.009345,1,117.395719094954,1,4.85116165546355,758,1,8.0290002822876,34.9729995727539,0.0317730009555817,0,113.206001281738,-85.5021,22.7265,108.763939594054,63,63,63,63,61,63,0,8763,1.76508096394256,23,-86,0.001869,51,2024-04-10 08:52:45.000934,758,1.037,0.0011,"aoml_navis",1030.68096985983
"7901009",31,0,1,0.028035,1,0.005607,1,117.534364706692,1,4.85111888077744,760,1,8.01900005340576,34.9710006713867,0.0280349999666214,0,113.339698791504,-85.5021,22.7265,108.763939594054,63,63,63,63,61,63,0,8763,1.76508096394256,23,-86,0.001869,51,2024-04-10 08:52:45.000934,760,1.037,0.0011,"aoml_navis",1030.69005787768
"7901009",31,0,1,0.026166,1,0.003738,1,117.870044689277,1,4.85105378747312,762,1,7.97100019454956,34.9669990539551,0.0261659994721413,0,113.663398742676,-85.5021,22.7265,108.763939594054,63,63,63,63,61,63,0,8763,1.76508096394256,23,-86,0.001869,51,2024-04-10 08:52:45.000934,762,1.037,0.0011,"aoml_navis",1030.70388807304
"7901009",31,0,1,0.029904,1,0.007476,1,118.187891573891,1,4.85097866933525,764,1,7.90999984741211,34.9630012512207,0.0299040004611015,0,113.969902038574,-85.5021,22.7265,108.763939594054,63,63,63,63,61,63,0,8763,1.76508096394256,23,-86,0.001869,51,2024-04-10 08:52:45.000934,764,1.037,0.0011,"aoml_navis",1030.71984867853
"7901009",31,0,1,0.033642,1,0.011214,1,118.455854837071,1,4.85091731465362,766,1,7.87599992752075,34.9609985351562,0.0336420014500618,0,114.228302001953,-85.5021,22.7265,108.763939594054,63,63,63,63,61,63,0,8763,1.76508096394256,23,-86,0.001869,51,2024-04-10 08:52:45.000934,766,1.037,0.0011,"aoml_navis",1030.73288528255
"7901009",31,0,1,0.028035,1,0.005607,1,118.70069203753,1,4.85085734136612,768,1,7.83900022506714,34.9580001831055,0.0280349999666214,0,114.464401245117,-85.5021,22.7265,108.763939594054,63,63,63,63,61,63,0,8763,1.76508096394256,23,-86,0.001869,51,2024-04-10 08:52:45.000934,768,1.037,0.0011,"aoml_navis",1030.74562868754
"7901009",31,0,1,0.029904,1,0.007476,1,118.974256823941,1,4.85079433398509,770,1,7.7979998588562,34.9550018310547,0.0299040004611015,0,114.728202819824,-85.5021,22.7265,108.763939594054,63,63,63,63,61,63,0,8763,1.76508096394256,23,-86,0.001869,51,2024-04-10 08:52:45.000934,770,1.037,0.0011,"aoml_navis",1030.75901713036
"7901009",31,0,1,0.028035,1,0.005607,1,119.169313255794,1,4.85073159256809,772,1,7.76200008392334,34.9529991149902,0.0280349999666214,0,114.916297912598,-85.5021,22.7265,108.763939594054,63,63,63,63,61,63,0,8763,1.76508096394256,23,-86,0.001869,51,2024-04-10 08:52:45.000934,772,1.037,0.0011,"aoml_navis",1030.77234940408
"7901009",31,0,1,0.026166,1,0.003738,1,119.242220087121,1,4.85068464447388,774,1,7.75600004196167,34.9529991149902,0.0261659994721413,0,114.986602783203,-85.5021,22.7265,108.763939594054,63,63,63,63,61,63,0,8763,1.76508096394256,23,-86,0.001869,51,2024-04-10 08:52:45.000934,774,1.037,0.0011,"aoml_navis",1030.78232589212
"7901009",31,0,1,0.028035,1,0.005607,1,119.380762846032,1,4.85063828823284,776,1,7.74599981307983,34.9519996643066,0.0280349999666214,0,115.12020111084,-85.5021,22.7265,108.763939594054,63,63,63,63,61,63,0,8763,1.76508096394256,23,-86,0.001869,51,2024-04-10 08:52:45.000934,776,1.037,0.0011,"aoml_navis",1030.79217680063
"7901009",31,0,1,0.029904,1,0.007476,1,119.548547455032,1,4.85057637117279,778,1,7.71099996566772,34.9500007629395,0.0299040004611015,0,115.281997680664,-85.5021,22.7265,108.763939594054,63,63,63,63,61,63,0,8763,1.76508096394256,23,-86,0.001869,51,2024-04-10 08:52:45.000934,778,1.037,0.0011,"aoml_navis",1030.80533474645
"7901009",31,0,1,0.031773,1,0.009345,1,119.603716129459,1,4.85053003032544,780,1,7.70100021362305,34.9490013122559,0.0317730009555817,0,115.33519744873,-85.5021,22.7265,108.763939594054,63,63,63,63,61,63,0,8763,1.76508096394256,23,-86,0.001869,51,2024-04-10 08:52:45.000934,780,1.037,0.0011,"aoml_navis",1030.81518282334
"7901009",31,0,1,0.028035,1,0.005607,1,119.685539509771,1,4.85048616821912,782,1,7.69899988174438,34.9490013122559,0.0280349999666214,0,115.414100646973,-85.5021,22.7265,108.763939594054,63,63,63,63,61,63,0,8763,1.76508096394256,23,-86,0.001869,51,2024-04-10 08:52:45.000934,782,1.037,0.0011,"aoml_navis",1030.8245043065
"7901009",31,0,1,0.028035,1,0.005607,1,119.88225741038,1,4.85044659158679,784,1,7.69299983978271,34.9469985961914,0.0280349999666214,0,115.603797912598,-85.5021,22.7265,108.763939594054,63,63,63,63,61,63,0,8763,1.76508096394256,23,-86,0.001869,51,2024-04-10 08:52:45.000934,784,1.037,0.0011,"aoml_navis",1030.83291519437
"7901009",31,0,1,0.028035,1,0.005607,1,120.216592394449,1,4.85037860572706,786,1,7.65000009536743,34.9449996948242,0.0280349999666214,0,115.926200866699,-85.5021,22.7265,108.763939594054,63,63,63,63,61,63,0,8763,1.76508096394256,23,-86,0.001869,51,2024-04-10 08:52:45.000934,786,1.037,0.0011,"aoml_navis",1030.84736397614
"7901009",31,0,1,0.028035,1,0.005607,1,120.572178355072,1,4.85030978179321,788,1,7.60099983215332,34.9420013427734,0.0280349999666214,0,116.269096374512,-85.5021,22.7265,108.763939594054,63,63,63,63,61,63,0,8763,1.76508096394256,23,-86,0.001869,51,2024-04-10 08:52:45.000934,788,1.037,0.0011,"aoml_navis",1030.86199128325
"7901009",31,0,1,0.029904,1,0.007476,1,120.89334026544,1,4.85025813030998,790,1,7.58400011062622,34.9410018920898,0.0299040004611015,0,116.578796386719,-85.5021,22.7265,108.763939594054,63,63,63,63,61,63,0,8763,1.76508096394256,23,-86,0.001869,51,2024-04-10 08:52:45.000934,790,1.037,0.0011,"aoml_navis",1030.87296916308
"7901009",31,0,1,0.028035,1,0.005607,1,121.130819532841,1,4.85019201259497,792,1,7.5479998588562,34.939998626709,0.0280349999666214,0,116.807800292969,-85.5021,22.7265,108.763939594054,63,63,63,63,61,63,0,8763,1.76508096394256,23,-86,0.001869,51,2024-04-10 08:52:45.000934,792,1.037,0.0011,"aoml_navis",1030.8870220016
"7901009",31,0,1,0.024297,1,0.001869,1,121.307528602584,1,4.85014406691962,794,1,7.5310001373291,34.9379997253418,0.0242970008403063,0,116.978202819824,-85.5021,22.7265,108.763939594054,63,63,63,63,61,63,0,8763,1.76508096394256,23,-86,0.001869,51,2024-04-10 08:52:45.000934,794,1.037,0.0011,"aoml_navis",1030.89721274518
"7901009",31,0,1,0.024297,1,0.001869,1,121.432795434965,1,4.85009411299601,796,1,7.52099990844727,34.9379997253418,0.0242970008403063,0,117.098999023438,-85.5021,22.7265,108.763939594054,63,63,63,63,61,63,0,8763,1.76508096394256,23,-86,0.001869,51,2024-04-10 08:52:45.000934,796,1.037,0.0011,"aoml_navis",1030.90783055164
"7901009",31,0,1,0.026166,1,0.003738,1,121.615620292078,1,4.85004390180211,798,1,7.50099992752075,34.9360008239746,0.0261659994721413,0,117.275299072266,-85.5021,22.7265,108.763939594054,63,63,63,63,61,63,0,8763,1.76508096394256,23,-86,0.001869,51,2024-04-10 08:52:45.000934,798,1.037,0.0011,"aoml_navis",1030.91850326183
"7901009",31,0,1,0.031773,1,0.009345,1,121.804046672423,1,4.84999898751601,799.900024414062,1,7.48999977111816,34.935001373291,0.0317730009555817,0,117.457000732422,-85.5021,22.7265,108.763939594054,63,63,63,63,61,63,0,8763,1.76508096394256,23,-86,0.001869,51,2024-04-10 08:52:45.000934,799.900024414062,1.037,0.0011,"aoml_navis",1030.92805026766
"7901009",31,0,1,0.029904,1,0.007476,1,122.191058127786,1,4.84993758877003,802,1,7.45800018310547,34.9329986572266,0.0299040004611015,0,117.830200195312,-85.5021,22.7265,108.763939594054,63,63,63,63,61,63,0,8763,1.76508096394256,23,-86,0.001869,51,2024-04-10 08:52:45.000934,802,1.037,0.0011,"aoml_navis",1030.9411015056
"7901009",31,0,1,0.029904,1,0.007476,1,122.599431324286,1,4.84987466000694,804,1,7.42600011825562,34.931999206543,0.0299040004611015,0,118.223999023438,-85.5021,22.7265,108.763939594054,63,63,63,63,61,63,0,8763,1.76508096394256,23,-86,0.001869,51,2024-04-10 08:52:45.000934,804,1.037,0.0011,"aoml_navis",1030.95447831488
"7901009",31,0,1,0.026166,1,0.003738,1,122.781741917261,1,4.84981015501406,806,1,7.38700008392334,34.9300003051758,0.0261659994721413,0,118.399803161621,-85.5021,22.7265,108.763939594054,63,63,63,63,61,63,0,8763,1.76508096394256,23,-86,0.001869,51,2024-04-10 08:52:45.000934,806,1.037,0.0011,"aoml_navis",1030.96819054467
"7901009",31,0,1,0.029904,1,0.007476,1,122.893732823113,1,4.84976316648725,808,1,7.37599992752075,34.9290008544922,0.0299040004611015,0,118.507797241211,-85.5021,22.7265,108.763939594054,63,63,63,63,61,63,0,8763,1.76508096394256,23,-86,0.001869,51,2024-04-10 08:52:45.000934,808,1.037,0.0011,"aoml_navis",1030.97817941934
"7901009",31,0,1,0.028035,1,0.005607,1,123.012678162469,1,4.8497140189782,810,1,7.36700010299683,34.9290008544922,0.0280349999666214,0,118.622497558594,-85.5021,22.7265,108.763939594054,63,63,63,63,61,63,0,8763,1.76508096394256,23,-86,0.001869,51,2024-04-10 08:52:45.000934,810,1.037,0.0011,"aoml_navis",1030.98862746003
"7901009",31,0,1,0.028035,1,0.005607,1,123.145833015559,1,4.84966930261962,812,1,7.35900020599365,34.9280014038086,0.0280349999666214,0,118.750900268555,-85.5021,22.7265,108.763939594054,63,63,63,63,61,63,0,8763,1.76508096394256,23,-86,0.001869,51,2024-04-10 08:52:45.000934,812,1.037,0.0011,"aoml_navis",1030.99813368701
"7901009",31,0,1,0.031773,1,0.009345,1,123.390773068846,1,4.84961404360612,814,1,7.33699989318848,34.9269981384277,0.0317730009555817,0,118.987098693848,-85.5021,22.7265,108.763939594054,63,63,63,63,61,63,0,8763,1.76508096394256,23,-86,0.001869,51,2024-04-10 08:52:45.000934,814,1.037,0.0011,"aoml_navis",1031.00988141359
"7901009",31,0,1,0.026166,1,0.003738,1,123.531602325234,1,4.84955878897559,816,1,7.31500005722046,34.9259986877441,0.0261659994721413,0,119.122901916504,-85.5021,22.7265,108.763939594054,63,63,63,63,61,63,0,8763,1.76508096394256,23,-86,0.001869,51,2024-04-10 08:52:45.000934,816,1.037,0.0011,"aoml_navis",1031.02162847606
"7901009",31,0,1,0.031773,1,0.009345,1,123.693896175587,1,4.84950957057458,818,1,7.30100011825562,34.9249992370605,0.0317730009555817,0,119.279403686523,-85.5021,22.7265,108.763939594054,63,63,63,63,61,63,0,8763,1.76508096394256,23,-86,0.001869,51,2024-04-10 08:52:45.000934,818,1.037,0.0011,"aoml_navis",1031.03209246942
"7901009",31,0,1,0.029904,1,0.007476,1,123.855042821323,1,4.84946411925126,820,1,7.29199981689453,34.923999786377,0.0299040004611015,0,119.434799194336,-85.5021,22.7265,108.763939594054,63,63,63,63,61,63,0,8763,1.76508096394256,23,-86,0.001869,51,2024-04-10 08:52:45.000934,820,1.037,0.0011,"aoml_navis",1031.04175575836
"7901009",31,0,1,0.028035,1,0.005607,1,124.038287001503,1,4.84940589499135,822,1,7.26599979400635,34.9230003356934,0.0280349999666214,0,119.611503601074,-85.5021,22.7265,108.763939594054,63,63,63,63,61,63,0,8763,1.76508096394256,23,-86,0.001869,51,2024-04-10 08:52:45.000934,822,1.037,0.0011,"aoml_navis",1031.05413493315
"7901009",31,0,1,0.029904,1,0.007476,1,124.135451276654,1,4.84935745135857,824,1,7.25299978256226,34.9220008850098,0.0299040004611015,0,119.705200195312,-85.5021,22.7265,108.763939594054,63,63,63,63,61,63,0,8763,1.76508096394256,23,-86,0.001869,51,2024-04-10 08:52:45.000934,824,1.037,0.0011,"aoml_navis",1031.06443485605
"7901009",31,0,1,0.033642,1,0.011214,1,124.278867677247,1,4.84930759116537,826,1,7.24300003051758,34.9220008850098,0.0336420014500618,0,119.84349822998,-85.5021,22.7265,108.763939594054,63,63,63,63,61,63,0,8763,1.76508096394256,23,-86,0.001869,51,2024-04-10 08:52:45.000934,826,1.037,0.0011,"aoml_navis",1031.07503617819
"7901009",31,0,1,0.033642,1,0.011214,1,124.392733669265,1,4.84926515881921,828,1,7.23799991607666,34.9210014343262,0.0336420014500618,0,119.953300476074,-85.5021,22.7265,108.763939594054,63,63,63,63,61,63,0,8763,1.76508096394256,23,-86,0.001869,51,2024-04-10 08:52:45.000934,828,1.037,0.0011,"aoml_navis",1031.08405835607
"7901009",31,0,1,0.028035,1,0.005607,1,124.667129190054,1,4.84921749177266,830,1,7.22599983215332,34.9199981689453,0.0280349999666214,0,120.217903137207,-85.5021,22.7265,108.763939594054,63,63,63,63,61,63,0,8763,1.76508096394256,23,-86,0.001869,51,2024-04-10 08:52:45.000934,830,1.037,0.0011,"aoml_navis",1031.09419375047
"7901009",31,0,1,0.029904,1,0.007476,1,124.904189134388,1,4.84915129073714,832.099975585938,1,7.19700002670288,34.9199981689453,0.0299040004611015,0,120.446502685547,-85.5021,22.7265,108.763939594054,63,63,63,63,61,63,0,8763,1.76508096394256,23,-86,0.001869,51,2024-04-10 08:52:45.000934,832.099975585938,1.037,0.0011,"aoml_navis",1031.10827033815
"7901009",31,0,1,0.031773,1,0.009345,1,125.08182387958,1,4.849101255211,834,1,7.17899990081787,34.9189987182617,0.0317730009555817,0,120.617797851562,-85.5021,22.7265,108.763939594054,63,63,63,63,61,63,0,8763,1.76508096394256,23,-86,0.001869,51,2024-04-10 08:52:45.000934,834,1.037,0.0011,"aoml_navis",1031.11890984475
"7901009",31,0,1,0.031773,1,0.009345,1,125.195689871599,1,4.84905590751471,836,1,7.17500019073486,34.9189987182617,0.0317730009555817,0,120.727600097656,-85.5021,22.7265,108.763939594054,63,63,63,63,61,63,0,8763,1.76508096394256,23,-86,0.001869,51,2024-04-10 08:52:45.000934,836,1.037,0.0011,"aoml_navis",1031.12855272536
"7901009",31,0,1,0.031773,1,0.009345,1,125.414600247722,1,4.84900906556715,838,1,7.16900014877319,34.9189987182617,0.0317730009555817,0,120.938697814941,-85.5021,22.7265,108.763939594054,63,63,63,63,61,63,0,8763,1.76508096394256,23,-86,0.001869,51,2024-04-10 08:52:45.000934,838,1.037,0.0011,"aoml_navis",1031.13851353775
"7901009",31,0,1,0.031773,1,0.009345,1,125.596182959147,1,4.84895855225453,840,1,7.16300010681152,34.9199981689453,0.0317730009555817,0,121.113800048828,-85.5021,22.7265,108.763939594054,63,63,63,63,61,63,0,8763,1.76508096394256,23,-86,0.001869,51,2024-04-10 08:52:45.000934,840,1.037,0.0011,"aoml_navis",1031.14925527158
"7901009",31,0,1,0.028035,1,0.005607,1,125.690135061372,1,4.84891470528775,842,1,7.16099977493286,34.9199981689453,0.0280349999666214,0,121.204399108887,-85.5021,22.7265,108.763939594054,63,63,63,63,61,63,0,8763,1.76508096394256,23,-86,0.001869,51,2024-04-10 08:52:45.000934,842,1.037,0.0011,"aoml_navis",1031.15857957813
"7901009",31,0,1,0.031773,1,0.009345,1,125.922218511197,1,4.84886630942084,844,1,7.14799976348877,34.9189987182617,0.0317730009555817,0,121.428199768066,-85.5021,22.7265,108.763939594054,63,63,63,63,61,63,0,8763,1.76508096394256,23,-86,0.001869,51,2024-04-10 08:52:45.000934,844,1.037,0.0011,"aoml_navis",1031.16887142991
"7901009",31,0,1,0.029904,1,0.007476,1,126.159587014014,1,4.84881194555305,846,1,7.1269998550415,34.9179992675781,0.0299040004611015,0,121.657096862793,-85.5021,22.7265,108.763939594054,63,63,63,63,61,63,0,8763,1.76508096394256,23,-86,0.001869,51,2024-04-10 08:52:45.000934,846,1.037,0.0011,"aoml_navis",1031.18043268013
"7901009",31,0,1,0.029904,1,0.007476,1,126.462290797688,1,4.84875908939474,848,1,7.10799980163574,34.9169998168945,0.0299040004611015,0,121.948997497559,-85.5021,22.7265,108.763939594054,63,63,63,63,61,63,0,8763,1.76508096394256,23,-86,0.001869,51,2024-04-10 08:52:45.000934,848,1.037,0.0011,"aoml_navis",1031.19167354304
"7901009",31,0,1,0.028035,1,0.005607,1,126.772668984659,1,4.84869954290266,850,1,7.07999992370605,34.9160003662109,0.0280349999666214,0,122.24829864502,-85.5021,22.7265,108.763939594054,63,63,63,63,61,63,0,8763,1.76508096394256,23,-86,0.001869,51,2024-04-10 08:52:45.000934,850,1.037,0.0011,"aoml_navis",1031.20433752568
"7901009",31,0,1,0.028035,1,0.005607,1,127.05193814713,1,4.84864288770555,851.900024414062,1,7.05299997329712,34.9150009155273,0.0280349999666214,0,122.517601013184,-85.5021,22.7265,108.763939594054,63,63,63,63,61,63,0,8763,1.76508096394256,23,-86,0.001869,51,2024-04-10 08:52:45.000934,851.900024414062,1.037,0.0011,"aoml_navis",1031.2163868942
"7901009",31,0,1,0.028035,1,0.005607,1,127.444448272897,1,4.84858422930858,854,1,7.02400016784668,34.9129981994629,0.0280349999666214,0,122.896102905273,-85.5021,22.7265,108.763939594054,63,63,63,63,61,63,0,8763,1.76508096394256,23,-86,0.001869,51,2024-04-10 08:52:45.000934,854,1.037,0.0011,"aoml_navis",1031.2288625979
"7901009",31,0,1,0.028035,1,0.005607,1,127.762809421649,1,4.84851736612387,856,1,6.98600006103516,34.9119987487793,0.0280349999666214,0,123.203102111816,-85.5021,22.7265,108.763939594054,63,63,63,63,61,63,0,8763,1.76508096394256,23,-86,0.001869,51,2024-04-10 08:52:45.000934,856,1.037,0.0011,"aoml_navis",1031.24308369699
"7901009",31,0,1,0.029904,1,0.007476,1,127.928521150584,1,4.84846537575971,858,1,6.97300004959106,34.9119987487793,0.0299040004611015,0,123.362899780273,-85.5021,22.7265,108.763939594054,63,63,63,63,61,63,0,8763,1.76508096394256,23,-86,0.001869,51,2024-04-10 08:52:45.000934,858,1.037,0.0011,"aoml_navis",1031.25414177399
"7901009",31,0,1,0.028035,1,0.005607,1,128.032537006412,1,4.84840673626049,860,1,6.95100021362305,34.9119987487793,0.0280349999666214,0,123.463203430176,-85.5021,22.7265,108.763939594054,63,63,63,63,61,63,0,8763,1.76508096394256,23,-86,0.001869,51,2024-04-10 08:52:45.000934,860,1.037,0.0011,"aoml_navis",1031.26661437164
"7901009",31,0,1,0.029904,1,0.007476,1,128.12793695998,1,4.84835991348379,862,1,6.94000005722046,34.9109992980957,0.0299040004611015,0,123.555198669434,-85.5021,22.7265,108.763939594054,63,63,63,63,61,63,0,8763,1.76508096394256,23,-86,0.001869,51,2024-04-10 08:52:45.000934,862,1.037,0.0011,"aoml_navis",1031.27657377384
"7901009",31,0,1,0.028035,1,0.005607,1,128.263678957275,1,4.84830868236155,864,1,6.92799997329712,34.9109992980957,0.0280349999666214,0,123.686096191406,-85.5021,22.7265,108.763939594054,63,63,63,63,61,63,0,8763,1.76508096394256,23,-86,0.001869,51,2024-04-10 08:52:45.000934,864,1.037,0.0011,"aoml_navis",1031.28747107013
"7901009",31,0,1,0.028035,1,0.005607,1,128.393827343094,1,4.84826188574535,866,1,6.92199993133545,34.9109992980957,0.0280349999666214,0,123.811599731445,-85.5021,22.7265,108.763939594054,63,63,63,63,61,63,0,8763,1.76508096394256,23,-86,0.001869,51,2024-04-10 08:52:45.000934,866,1.037,0.0011,"aoml_navis",1031.29742531046
"7901009",31,0,1,0.029904,1,0.007476,1,128.60081470296,1,4.84821728885819,868,1,6.91400003433228,34.9099998474121,0.0299040004611015,0,124.011199951172,-85.5021,22.7265,108.763939594054,63,63,63,63,61,63,0,8763,1.76508096394256,23,-86,0.001869,51,2024-04-10 08:52:45.000934,868,1.037,0.0011,"aoml_navis",1031.30691181904
"7901009",31,0,1,0.029904,1,0.007476,1,128.855193481128,1,4.84816311807864,870,1,6.89799976348877,34.9099998474121,0.0299040004611015,0,124.256500244141,-85.5021,22.7265,108.763939594054,63,63,63,63,61,63,0,8763,1.76508096394256,23,-86,0.001869,51,2024-04-10 08:52:45.000934,870,1.037,0.0011,"aoml_navis",1031.31843509043
"7901009",31,0,1,0.026166,1,0.003738,1,129.296859346779,1,4.84810379050106,872,1,6.86999988555908,34.9090003967285,0.0261659994721413,0,124.682403564453,-85.5021,22.7265,108.763939594054,63,63,63,63,61,63,0,8763,1.76508096394256,23,-86,0.001869,51,2024-04-10 08:52:45.000934,872,1.037,0.0011,"aoml_navis",1031.33105561736
"7901009",31,0,1,0.028035,1,0.005607,1,129.804263992842,1,4.84803787872177,874,1,6.83300018310547,34.9080009460449,0.0280349999666214,0,125.171699523926,-85.5021,22.7265,108.763939594054,63,63,63,63,61,63,0,8763,1.76508096394256,23,-86,0.001869,51,2024-04-10 08:52:45.000934,874,1.037,0.0011,"aoml_navis",1031.34507713836
"7901009",31,0,1,0.033642,1,0.011214,1,130.035722413944,1,4.8479800842473,876,1,6.81199979782104,34.9080009460449,0.0336420014500618,0,125.394897460938,-85.5021,22.7265,108.763939594054,63,63,63,63,61,63,0,8763,1.76508096394256,23,-86,0.001869,51,2024-04-10 08:52:45.000934,876,1.037,0.0011,"aoml_navis",1031.3573721655
"7901009",31,0,1,0.031773,1,0.009345,1,130.195737678576,1,4.84793478144843,878,1,6.80299997329712,34.9070014953613,0.0317730009555817,0,125.549201965332,-85.5021,22.7265,108.763939594054,63,63,63,63,61,63,0,8763,1.76508096394256,23,-86,0.001869,51,2024-04-10 08:52:45.000934,878,1.037,0.0011,"aoml_navis",1031.36700995514
"7901009",31,0,1,0.026166,1,0.003738,1,130.320798805302,1,4.84787920823026,880,1,6.78499984741211,34.9070014953613,0.0261659994721413,0,125.669799804688,-85.5021,22.7265,108.763939594054,63,63,63,63,61,63,0,8763,1.76508096394256,23,-86,0.001869,51,2024-04-10 08:52:45.000934,880,1.037,0.0011,"aoml_navis",1031.37883293616
"7901009",31,0,1,0.026166,1,0.003738,1,130.418176697865,1,4.84781778992885,882,1,6.75899982452393,34.9070014953613,0.0261659994721413,0,125.763702392578,-85.5021,22.7265,108.763939594054,63,63,63,63,61,63,0,8763,1.76508096394256,23,-86,0.001869,51,2024-04-10 08:52:45.000934,882,1.037,0.0011,"aoml_navis",1031.39189975071
"7901009",31,0,1,0.028035,1,0.005607,1,130.465354498755,1,4.84776297691383,884,1,6.74200010299683,34.9070014953613,0.0280349999666214,0,125.809196472168,-85.5021,22.7265,108.763939594054,63,63,63,63,61,63,0,8763,1.76508096394256,23,-86,0.001869,51,2024-04-10 08:52:45.000934,884,1.037,0.0011,"aoml_navis",1031.40356156255
"7901009",31,0,1,0.028035,1,0.005607,1,130.524471139414,1,4.84771840711402,886,1,6.73899984359741,34.9070014953613,0.0280349999666214,0,125.866203308105,-85.5021,22.7265,108.763939594054,63,63,63,63,61,63,0,8763,1.76508096394256,23,-86,0.001869,51,2024-04-10 08:52:45.000934,886,1.037,0.0011,"aoml_navis",1031.41304426068
"7901009",31,0,1,0.029904,1,0.007476,1,130.791184345149,1,4.84766872135259,888,1,6.72900009155273,34.9070014953613,0.0299040004611015,0,126.123397827148,-85.5021,22.7265,108.763939594054,63,63,63,63,61,63,0,8763,1.76508096394256,23,-86,0.001869,51,2024-04-10 08:52:45.000934,888,1.037,0.0011,"aoml_navis",1031.4236156395
"7901009",31,0,1,0.026166,1,0.003738,1,131.261055620858,1,4.84761834417309,890,1,6.71299982070923,34.9059982299805,0.0261659994721413,0,126.576499938965,-85.5021,22.7265,108.763939594054,63,63,63,63,61,63,0,8763,1.76508096394256,23,-86,0.001869,51,2024-04-10 08:52:45.000934,890,1.037,0.0011,"aoml_navis",1031.43433434896
"7901009",31,0,1,0.031773,1,0.009345,1,131.790866359847,1,4.84756647722251,892,1,6.69999980926514,34.9059982299805,0.0317730009555817,0,127.08740234375,-85.5021,22.7265,108.763939594054,63,63,63,63,61,63,0,8763,1.76508096394256,23,-86,0.001869,51,2024-04-10 08:52:45.000934,892,1.037,0.0011,"aoml_navis",1031.44537026851
"7901009",31,0,1,0.029904,1,0.007476,1,132.419811401226,1,4.84750881148508,894,1,6.67399978637695,34.9049987792969,0.0299040004611015,0,127.693901062012,-85.5021,22.7265,108.763939594054,63,63,63,63,61,63,0,8763,1.76508096394256,23,-86,0.001869,51,2024-04-10 08:52:45.000934,894,1.037,0.0011,"aoml_navis",1031.45764029425
"7901009",31,0,4,0.024297,1,0.001869,1,132.955951544997,1,4.84745994239683,896,1,6.65500020980835,34.9029998779297,0.0242970008403063,0,128.210906982422,-85.5021,22.7265,108.763939594054,63,63,63,63,61,63,0,8763,1.76508096394256,23,-86,0.001869,51,2024-04-10 08:52:45.000934,896,1.037,0.0011,"aoml_navis",1031.46803881122
"7901009",31,0,1,0.029904,1,0.007476,1,133.658831945979,1,4.84741617873313,898,1,6.64300012588501,34.9010009765625,0.0299040004611015,0,128.888702392578,-85.5021,22.7265,108.763939594054,63,63,63,63,61,63,0,8763,1.76508096394256,23,-86,0.001869,51,2024-04-10 08:52:45.000934,898,1.037,0.0011,"aoml_navis",1031.47735115798
"7901009",31,0,1,0.028035,1,0.005607,1,134.803172506958,1,4.84732224606044,900,1,6.57200002670288,34.9010009765625,0.0280349999666214,0,129.992202758789,-85.5021,22.7265,108.763939594054,63,63,63,63,61,63,0,8763,1.76508096394256,23,-86,0.001869,51,2024-04-10 08:52:45.000934,900,1.037,0.0011,"aoml_navis",1031.49733939468
"7901009",31,0,1,0.029904,1,0.007476,1,135.566403782532,1,4.84724664341169,902,1,6.52099990844727,34.9000015258789,0.0299040004611015,0,130.72819519043,-85.5021,22.7265,108.763939594054,63,63,63,63,61,63,0,8763,1.76508096394256,23,-86,0.001869,51,2024-04-10 08:52:45.000934,902,1.037,0.0011,"aoml_navis",1031.51342768908
"7901009",31,0,1,0.029904,1,0.007476,1,136.124736401818,1,4.84718043989081,904,1,6.48799991607666,34.9000015258789,0.0299040004611015,0,131.2666015625,-85.5021,22.7265,108.763939594054,63,63,63,63,61,63,0,8763,1.76508096394256,23,-86,0.001869,51,2024-04-10 08:52:45.000934,904,1.037,0.0011,"aoml_navis",1031.52751625492
"7901009",31,0,1,0.031773,1,0.009345,1,136.577288843693,1,4.84709622883062,906,1,6.43499994277954,34.9010009765625,0.0317730009555817,0,131.703002929688,-85.5021,22.7265,108.763939594054,63,63,63,63,61,63,0,8763,1.76508096394256,23,-86,0.001869,51,2024-04-10 08:52:45.000934,906,1.037,0.0011,"aoml_navis",1031.54543750543
"7901009",31,0,1,0.028035,1,0.005607,1,136.785304731836,1,4.84704305130879,908,1,6.42000007629395,34.9010009765625,0.0280349999666214,0,131.903594970703,-85.5021,22.7265,108.763939594054,63,63,63,63,61,63,0,8763,1.76508096394256,23,-86,0.001869,51,2024-04-10 08:52:45.000934,908,1.037,0.0011,"aoml_navis",1031.55675472078
"7901009",31,0,1,0.029904,1,0.007476,1,137.050997321051,1,4.8469927504683,910,1,6.40899991989136,34.9010009765625,0.0299040004611015,0,132.159805297852,-85.5021,22.7265,108.763939594054,63,63,63,63,61,63,0,8763,1.76508096394256,23,-86,0.001869,51,2024-04-10 08:52:45.000934,910,1.037,0.0011,"aoml_navis",1031.56745995069
"7901009",31,0,1,0.028035,1,0.005607,1,137.306404627495,1,4.84693815306774,912,1,6.39200019836426,34.9010009765625,0.0280349999666214,0,132.406097412109,-85.5021,22.7265,108.763939594054,63,63,63,63,61,63,0,8763,1.76508096394256,23,-86,0.001869,51,2024-04-10 08:52:45.000934,912,1.037,0.0011,"aoml_navis",1031.57907984351
"7901009",31,0,1,0.028035,1,0.005607,1,137.554454000881,1,4.84688356556475,914,1,6.375,34.9010009765625,0.0280349999666214,0,132.645294189453,-85.5021,22.7265,108.763939594054,63,63,63,63,61,63,0,8763,1.76508096394256,23,-86,0.001869,51,2024-04-10 08:52:45.000934,914,1.037,0.0011,"aoml_navis",1031.59069789154
"7901009",31,0,1,0.028035,1,0.005607,1,137.772438701555,1,4.84683399743994,916,1,6.36499977111816,34.9010009765625,0.0280349999666214,0,132.855499267578,-85.5021,22.7265,108.763939594054,63,63,63,63,61,63,0,8763,1.76508096394256,23,-86,0.001869,51,2024-04-10 08:52:45.000934,916,1.037,0.0011,"aoml_navis",1031.60124787458
"7901009",31,0,1,0.026166,1,0.003738,1,138.060521560184,1,4.84677718011959,918,1,6.34999990463257,34.9020004272461,0.0261659994721413,0,133.13330078125,-85.5021,22.7265,108.763939594054,63,63,63,63,61,63,0,8763,1.76508096394256,23,-86,0.001869,51,2024-04-10 08:52:45.000934,918,1.037,0.0011,"aoml_navis",1031.6133410277
"7901009",31,0,1,0.029904,1,0.007476,1,138.442247962554,1,4.84672833602014,920,1,6.34100008010864,34.9020004272461,0.0299040004611015,0,133.501403808594,-85.5021,22.7265,108.763939594054,63,63,63,63,61,63,0,8763,1.76508096394256,23,-86,0.001869,51,2024-04-10 08:52:45.000934,920,1.037,0.0011,"aoml_navis",1031.62373736542
"7901009",31,0,1,0.029904,1,0.007476,1,138.896034638362,1,4.84666449626599,922,1,6.31099987030029,34.9020004272461,0.0299040004611015,0,133.938995361328,-85.5021,22.7265,108.763939594054,63,63,63,63,61,63,0,8763,1.76508096394256,23,-86,0.001869,51,2024-04-10 08:52:45.000934,922,1.037,0.0011,"aoml_navis",1031.63732580461
"7901009",31,0,1,0.031773,1,0.009345,1,139.391310562512,1,4.84659559051408,924,1,6.27899980545044,34.9029998779297,0.0317730009555817,0,134.416595458984,-85.5021,22.7265,108.763939594054,63,63,63,63,61,63,0,8763,1.76508096394256,23,-86,0.001869,51,2024-04-10 08:52:45.000934,924,1.037,0.0011,"aoml_navis",1031.65199295484
"7901009",31,0,1,0.033642,1,0.011214,1,139.86501903987,1,4.84653751392361,926,1,6.25699996948242,34.9029998779297,0.0336420014500618,0,134.873397827148,-85.5021,22.7265,108.763939594054,63,63,63,63,61,63,0,8763,1.76508096394256,23,-86,0.001869,51,2024-04-10 08:52:45.000934,926,1.037,0.0011,"aoml_navis",1031.6643553538
"7901009",31,0,1,0.026166,1,0.003738,1,140.350452739585,1,4.84648656295007,928,1,6.24499988555908,34.9029998779297,0.0261659994721413,0,135.341506958008,-85.5021,22.7265,108.763939594054,63,63,63,63,61,63,0,8763,1.76508096394256,23,-86,0.001869,51,2024-04-10 08:52:45.000934,928,1.037,0.0011,"aoml_navis",1031.67520121143
"7901009",31,0,1,0.029904,1,0.007476,1,141.282299358538,1,4.84643503117531,930,1,6.22700023651123,34.9020004272461,0.0299040004611015,0,136.240097045898,-85.5021,22.7265,108.763939594054,63,63,63,63,61,63,0,8763,1.76508096394256,23,-86,0.001869,51,2024-04-10 08:52:45.000934,930,1.037,0.0011,"aoml_navis",1031.68617093531
"7901009",31,0,1,0.029904,1,0.007476,1,142.403822415279,1,4.84634427278928,932,1,6.16400003433228,34.9029998779297,0.0299040004611015,0,137.321594238281,-85.5021,22.7265,108.763939594054,63,63,63,63,61,63,0,8763,1.76508096394256,23,-86,0.001869,51,2024-04-10 08:52:45.000934,932,1.037,0.0011,"aoml_navis",1031.70549151315
"7901009",31,0,1,0.029904,1,0.007476,1,142.970557319412,1,4.84626637685204,934,1,6.11899995803833,34.9039993286133,0.0299040004611015,0,137.868103027344,-85.5021,22.7265,108.763939594054,63,63,63,63,61,63,0,8763,1.76508096394256,23,-86,0.001869,51,2024-04-10 08:52:45.000934,934,1.037,0.0011,"aoml_navis",1031.72207451952
"7901009",31,0,1,0.028035,1,0.005607,1,143.279274037628,1,4.8462068703201,936,1,6.09999990463257,34.9049987792969,0.0280349999666214,0,138.165802001953,-85.5021,22.7265,108.763939594054,63,63,63,63,61,63,0,8763,1.76508096394256,23,-86,0.001869,51,2024-04-10 08:52:45.000934,936,1.037,0.0011,"aoml_navis",1031.73474302589
"7901009",31,0,1,0.028035,1,0.005607,1,143.443126503909,1,4.84615668772497,938,1,6.08900022506714,34.9049987792969,0.0280349999666214,0,138.323806762695,-85.5021,22.7265,108.763939594054,63,63,63,63,61,63,0,8763,1.76508096394256,23,-86,0.001869,51,2024-04-10 08:52:45.000934,938,1.037,0.0011,"aoml_navis",1031.74542677597
"7901009",31,0,1,0.026166,1,0.003738,1,143.696872341598,1,4.84610932515416,940,1,6.08199977874756,34.9049987792969,0.0261659994721413,0,138.568496704102,-85.5021,22.7265,108.763939594054,63,63,63,63,61,63,0,8763,1.76508096394256,23,-86,0.001869,51,2024-04-10 08:52:45.000934,940,1.037,0.0011,"aoml_navis",1031.75551035282
"7901009",31,0,1,0.028035,1,0.005607,1,143.978625795445,1,4.84605914967462,942,1,6.07100009918213,34.9049987792969,0.0280349999666214,0,138.840194702148,-85.5021,22.7265,108.763939594054,63,63,63,63,61,63,0,8763,1.76508096394256,23,-86,0.001869,51,2024-04-10 08:52:45.000934,942,1.037,0.0011,"aoml_navis",1031.76619301803
"7901009",31,0,1,0.033642,1,0.011214,1,144.223257290249,1,4.84601038506331,944,1,6.06199979782104,34.9049987792969,0.0336420014500618,0,139.076095581055,-85.5021,22.7265,108.763939594054,63,63,63,63,61,63,0,8763,1.76508096394256,23,-86,0.001869,51,2024-04-10 08:52:45.000934,944,1.037,0.0011,"aoml_navis",1031.77657551278
"7901009",31,0,1,0.028035,1,0.005607,1,144.478886125861,1,4.84596021739501,946,1,6.05100011825562,34.9049987792969,0.0280349999666214,0,139.322601318359,-85.5021,22.7265,108.763939594054,63,63,63,63,61,63,0,8763,1.76508096394256,23,-86,0.001869,51,2024-04-10 08:52:45.000934,946,1.037,0.0011,"aoml_navis",1031.78725695107
"7901009",31,0,1,0.031773,1,0.009345,1,144.88570861819,1,4.84591145939143,948,1,6.04199981689453,34.9049987792969,0.0317730009555817,0,139.714904785156,-85.5021,22.7265,108.763939594054,63,63,63,63,61,63,0,8763,1.76508096394256,23,-86,0.001869,51,2024-04-10 08:52:45.000934,948,1.037,0.0011,"aoml_navis",1031.79763846282
"7901009",31,0,1,0.031773,1,0.009345,1,145.412821448391,1,4.84584638607693,950,1,6.0149998664856,34.9059982299805,0.0317730009555817,0,140.223205566406,-85.5021,22.7265,108.763939594054,63,63,63,63,61,63,0,8763,1.76508096394256,23,-86,0.001869,51,2024-04-10 08:52:45.000934,950,1.037,0.0011,"aoml_navis",1031.81149414187
"7901009",31,0,1,0.029904,1,0.007476,1,145.752536426525,1,4.84579062545214,952,1,5.99599981307983,34.9059982299805,0.0299040004611015,0,140.550796508789,-85.5021,22.7265,108.763939594054,63,63,63,63,61,63,0,8763,1.76508096394256,23,-86,0.001869,51,2024-04-10 08:52:45.000934,952,1.037,0.0011,"aoml_navis",1031.82336722059
"7901009",31,0,1,0.028035,1,0.005607,1,146.205294574056,1,4.84574188400224,954,1,5.98699998855591,34.9059982299805,0.0280349999666214,0,140.987396240234,-85.5021,22.7265,108.763939594054,63,63,63,63,61,63,0,8763,1.76508096394256,23,-86,0.001869,51,2024-04-10 08:52:45.000934,954,1.037,0.0011,"aoml_navis",1031.83374593414
"7901009",31,0,1,0.029904,1,0.007476,1,146.842855517694,1,4.84567685097826,956,1,5.96000003814697,34.9070014953613,0.0299040004611015,0,141.602203369141,-85.5021,22.7265,108.763939594054,63,63,63,63,61,63,0,8763,1.76508096394256,23,-86,0.001869,51,2024-04-10 08:52:45.000934,956,1.037,0.0011,"aoml_navis",1031.84759400342
"7901009",31,0,1,0.028035,1,0.005607,1,147.265944580311,1,4.84560697093805,958,1,5.92600011825562,34.9080009460449,0.0280349999666214,0,142.010192871094,-85.5021,22.7265,108.763939594054,63,63,63,63,61,63,0,8763,1.76508096394256,23,-86,0.001869,51,2024-04-10 08:52:45.000934,958,1.037,0.0011,"aoml_navis",1031.86247460596
"7901009",31,0,1,0.029904,1,0.007476,1,147.50146173223,1,4.84555894746112,960,1,5.91800022125244,34.9080009460449,0.0299040004611015,0,142.2373046875,-85.5021,22.7265,108.763939594054,63,63,63,63,61,63,0,8763,1.76508096394256,23,-86,0.001869,51,2024-04-10 08:52:45.000934,960,1.037,0.0011,"aoml_navis",1031.87270121227
"7901009",31,0,1,0.029904,1,0.007476,1,147.806649807281,1,4.84550953076792,962,1,5.90799999237061,34.9080009460449,0.0299040004611015,0,142.531600952148,-85.5021,22.7265,108.763939594054,63,63,63,63,61,63,0,8763,1.76508096394256,23,-86,0.001869,51,2024-04-10 08:52:45.000934,962,1.037,0.0011,"aoml_navis",1031.88322471581
"7901009",31,0,1,0.028035,1,0.005607,1,148.10737565196,1,4.84546011766832,964,1,5.89799976348877,34.9080009460449,0.0280349999666214,0,142.821594238281,-85.5021,22.7265,108.763939594054,63,63,63,63,61,63,0,8763,1.76508096394256,23,-86,0.001869,51,2024-04-10 08:52:45.000934,964,1.037,0.0011,"aoml_navis",1031.8937476687
"7901009",31,0,1,0.028035,1,0.005607,1,148.567918967372,1,4.84540145514234,966,1,5.88000011444092,34.9090003967285,0.0280349999666214,0,143.265701293945,-85.5021,22.7265,108.763939594054,63,63,63,63,61,63,0,8763,1.76508096394256,23,-86,0.001869,51,2024-04-10 08:52:45.000934,966,1.037,0.0011,"aoml_navis",1031.9062406467
"7901009",31,0,1,0.029904,1,0.007476,1,148.956069715596,1,4.84534996267904,968,1,5.86700010299683,34.9090003967285,0.0299040004611015,0,143.639999389648,-85.5021,22.7265,108.763939594054,63,63,63,63,61,63,0,8763,1.76508096394256,23,-86,0.001869,51,2024-04-10 08:52:45.000934,968,1.037,0.0011,"aoml_navis",1031.91720691222
"7901009",31,0,1,0.028035,1,0.005607,1,149.378035308865,1,4.84528575608844,970,1,5.84100008010864,34.9099998474121,0.0280349999666214,0,144.046905517578,-85.5021,22.7265,108.763939594054,63,63,63,63,61,63,0,8763,1.76508096394256,23,-86,0.001869,51,2024-04-10 08:52:45.000934,970,1.037,0.0011,"aoml_navis",1031.93088121111
"7901009",31,0,1,0.026166,1,0.003738,1,149.631369735244,1,4.84523289178888,972,1,5.82600021362305,34.9099998474121,0.0261659994721413,0,144.291198730469,-85.5021,22.7265,108.763939594054,63,63,63,63,61,63,0,8763,1.76508096394256,23,-86,0.001869,51,2024-04-10 08:52:45.000934,972,1.037,0.0011,"aoml_navis",1031.94214017522
"7901009",31,0,1,0.029904,1,0.007476,1,149.995468745298,1,4.84518628432624,974,1,5.82000017166138,34.9099998474121,0.0299040004611015,0,144.642303466797,-85.5021,22.7265,108.763939594054,63,63,63,63,61,63,0,8763,1.76508096394256,23,-86,0.001869,51,2024-04-10 08:52:45.000934,974,1.037,0.0011,"aoml_navis",1031.9520667708
"7901009",31,0,1,0.028035,1,0.005607,1,150.371071448543,1,4.84513481879498,976,1,5.80700016021729,34.9099998474121,0.0280349999666214,0,145.004501342773,-85.5021,22.7265,108.763939594054,63,63,63,63,61,63,0,8763,1.76508096394256,23,-86,0.001869,51,2024-04-10 08:52:45.000934,976,1.037,0.0011,"aoml_navis",1031.96302827411
"7901009",31,99999,9,99999,9,99999,9,150.625133756471,1,4.84508318989035,977.900024414062,1,5.7960000038147,34.9109992980957,99999,99999,145.249496459961,-85.5021,22.7265,108.763939594054,63,63,63,63,61,63,0,8763,1.76508096394256,23,-86,0.001869,51,2024-04-10 08:52:45.000934,977.900024414062,1.037,0.0011,"aoml_navis",1031.97402480785
"7901009",31,0,1,0.024297,1,0.001869,1,154.937436351649,1,4.8445609730797,999.200012207031,1,5.69980001449585,34.9119987487793,0.0242970008403063,0,149.407897949219,-85.5021,22.7265,108.763939594054,63,63,63,63,61,63,0,8763,1.76508096394256,23,-86,0.001869,51,2024-04-10 08:52:45.000934,999.200012207031,1.037,0.0011,"aoml_navis",1032.08526588561
"7901009",31,0,1,0.039249,1,0.016821,1,161.656542585518,1,4.8432841157807,1048.90002441406,1,5.42929983139038,34.9220008850098,0.0392489992082119,0,155.88720703125,-85.5021,22.7265,108.763939594054,63,63,63,63,61,63,0,8763,1.76508096394256,23,-86,0.001869,51,2024-04-10 08:52:45.000934,1048.90002441406,1.037,0.0011,"aoml_navis",1032.35735927791
"7901009",31,0,1,0.033642,1,0.011214,1,168.984869853116,1,4.84203503423631,1099.69995117188,1,5.21430015563965,34.9290008544922,0.0336420014500618,0,162.953994750977,-85.5021,22.7265,108.763939594054,63,63,63,63,61,63,0,8763,1.76508096394256,23,-86,0.001869,51,2024-04-10 08:52:45.000934,1099.69995117188,1.037,0.0011,"aoml_navis",1032.62367261839
"7901009",31,0,1,0.029904,1,0.007476,1,175.602246728635,1,4.84079702114257,1149.40002441406,1,4.98390007019043,34.9370002746582,0.0299040004611015,0,169.335205078125,-85.5021,22.7265,108.763939594054,63,63,63,63,61,63,0,8763,1.76508096394256,23,-86,0.001869,51,2024-04-10 08:52:45.000934,1149.40002441406,1.037,0.0011,"aoml_navis",1032.88776169753
"7901009",31,0,1,0.031773,1,0.009345,1,180.259137943628,1,4.83963109929008,1198.90002441406,1,4.84140014648438,34.943000793457,0.0317730009555817,0,173.825897216797,-85.5021,22.7265,108.763939594054,63,63,63,63,61,63,0,8763,1.76508096394256,23,-86,0.001869,51,2024-04-10 08:52:45.000934,1198.90002441406,1.037,0.0011,"aoml_navis",1033.13659603796
"7901009",31,0,1,0.028035,1,0.005607,1,185.03321808815,1,4.83850115313159,1247.90002441406,1,4.7241997718811,34.9469985961914,0.0280349999666214,0,178.429595947266,-85.5021,22.7265,108.763939594054,63,63,63,63,61,63,0,8763,1.76508096394256,23,-86,0.001869,51,2024-04-10 08:52:45.000934,1247.90002441406,1.037,0.0011,"aoml_navis",1033.37786677262
"7901009",31,0,1,0.028035,1,0.005607,1,190.527505379244,1,4.83730283407245,1299.5,1,4.59630012512207,34.9529991149902,0.0280349999666214,0,183.727798461914,-85.5021,22.7265,108.763939594054,63,63,63,63,61,63,0,8763,1.76508096394256,23,-86,0.001869,51,2024-04-10 08:52:45.000934,1299.5,1.037,0.0011,"aoml_navis",1033.63385992325
"7901009",31,0,1,0.031773,1,0.009345,1,194.349927867848,1,4.83618649112757,1349,1,4.50659990310669,34.9560012817383,0.0317730009555817,0,187.413803100586,-85.5021,22.7265,108.763939594054,63,63,63,63,61,63,0,8763,1.76508096394256,23,-86,0.001869,51,2024-04-10 08:52:45.000934,1349,1.037,0.0011,"aoml_navis",1033.87245491318
"7901009",31,0,1,0.024297,1,0.001869,1,197.048532890477,1,4.83506344047779,1399.19995117188,1,4.43830013275146,34.9609985351562,0.0242970008403063,0,190.016098022461,-85.5021,22.7265,108.763939594054,63,63,63,63,61,63,0,8763,1.76508096394256,23,-86,0.001869,51,2024-04-10 08:52:45.000934,1399.19995117188,1.037,0.0011,"aoml_navis",1034.11259470587
"7901009",31,0,1,0.033642,1,0.011214,1,198.883727983354,1,4.83398798672755,1448.90002441406,1,4.40170001983643,34.9620018005371,0.0336420014500618,0,191.785797119141,-85.5021,22.7265,108.763939594054,63,63,63,63,61,63,0,8763,1.76508096394256,23,-86,0.001869,51,2024-04-10 08:52:45.000934,1448.90002441406,1.037,0.0011,"aoml_navis",1034.34266153086
"7901009",31,0,1,0.022428,1,0,1,199.875419124515,1,4.8329075918182,1499.5,1,4.38390016555786,34.9630012512207,0.0224280003458261,0,192.742095947266,-85.5021,22.7265,108.763939594054,63,63,63,63,61,63,0,8763,1.76508096394256,23,-86,0.001869,51,2024-04-10 08:52:45.000934,1499.5,1.037,0.0011,"aoml_navis",1034.5738884941
"7901009",31,0,1,0.028035,1,0.005607,1,200.836206946831,1,4.8318431383959,1549.59997558594,1,4.36660003662109,34.9630012512207,0.0280349999666214,0,193.668594360352,-85.5021,22.7265,108.763939594054,63,63,63,63,61,63,0,8763,1.76508096394256,23,-86,0.001869,51,2024-04-10 08:52:45.000934,1549.59997558594,1.037,0.0011,"aoml_navis",1034.80180477463
"7901009",31,0,1,0.020559,1,-0.001869,1,203.228911836371,1,4.8307775911017,1599.69995117188,1,4.35629987716675,34.9650001525879,0.020558999851346,0,195.97590637207,-85.5021,22.7265,108.763939594054,63,63,63,63,61,63,0,8763,1.76508096394256,23,-86,0.001869,51,2024-04-10 08:52:45.000934,1599.69995117188,1.037,0.0011,"aoml_navis",1035.0300558672
"7901009",31,0,4,0.022428,1,0,1,204.538956214529,1,4.82972342428411,1649.09997558594,1,4.3390998840332,34.9669990539551,0.0224280003458261,0,197.239196777344,-85.5021,22.7265,108.763939594054,63,63,63,63,61,63,0,8763,1.76508096394256,23,-86,0.001869,51,2024-04-10 08:52:45.000934,1649.09997558594,1.037,0.0011,"aoml_navis",1035.2559682527
"7901009",31,0,1,0.028035,1,0.005607,1,204.744076399984,1,4.82866991129897,1698.90002441406,1,4.32240009307861,34.9669990539551,0.0280349999666214,0,197.436996459961,-85.5021,22.7265,108.763939594054,63,63,63,63,61,63,0,8763,1.76508096394256,23,-86,0.001869,51,2024-04-10 08:52:45.000934,1698.90002441406,1.037,0.0011,"aoml_navis",1035.48183906714
"7901009",31,0,1,0.031773,1,0.009345,1,205.508763438658,1,4.82761911179214,1748.80004882812,1,4.31580018997192,34.9679985046387,0.0317730009555817,0,198.174392700195,-85.5021,22.7265,108.763939594054,63,63,63,63,61,63,0,8763,1.76508096394256,23,-86,0.001869,51,2024-04-10 08:52:45.000934,1748.80004882812,1.037,0.0011,"aoml_navis",1035.70722631924
"7901009",31,0,1,0.028035,1,0.005607,1,206.039309970953,1,4.82655400411102,1799.69995117188,1,4.31120014190674,34.9679985046387,0.0280349999666214,0,198.686004638672,-85.5021,22.7265,108.763939594054,63,63,63,63,61,63,0,8763,1.76508096394256,23,-86,0.001869,51,2024-04-10 08:52:45.000934,1799.69995117188,1.037,0.0011,"aoml_navis",1035.93578270154
"7901009",31,0,1,0.033642,1,0.011214,1,208.111462155336,1,4.82551242144082,1849.40002441406,1,4.30749988555908,34.9690017700195,0.0336420014500618,0,200.684204101562,-85.5021,22.7265,108.763939594054,63,63,63,63,61,63,0,8763,1.76508096394256,23,-86,0.001869,51,2024-04-10 08:52:45.000934,1849.40002441406,1.037,0.0011,"aoml_navis",1036.1593885416
"7901009",31,0,1,0.028035,1,0.005607,1,209.431364581441,1,4.82447718037204,1898.69995117188,1,4.30399990081787,34.9710006713867,0.0280349999666214,0,201.957000732422,-85.5021,22.7265,108.763939594054,63,63,63,63,61,63,0,8763,1.76508096394256,23,-86,0.001869,51,2024-04-10 08:52:45.000934,1898.69995117188,1.037,0.0011,"aoml_navis",1036.38172864452
"7901009",31,0,1,0.020559,1,-0.001869,1,209.303399840271,1,4.82341968759439,1949.5,1,4.30070018768311,34.9710006713867,0.020558999851346,0,201.833602905273,-85.5021,22.7265,108.763939594054,63,63,63,63,61,63,0,8763,1.76508096394256,23,-86,0.001869,51,2024-04-10 08:52:45.000934,1949.5,1.037,0.0011,"aoml_navis",1036.60894631661
"7901009",31,0,1,0.022428,1,0,1,205.633737536068,4,4.82238892511904,1998.90002441406,1,4.29710006713867,34.9720001220703,0.0224280003458261,0,198.294906616211,-85.5021,22.7265,108.763939594054,63,63,63,63,61,63,0,8763,1.76508096394256,23,-86,0.001869,51,2024-04-10 08:52:45.000934,1998.90002441406,1.037,0.0011,"aoml_navis",1036.83051650103
"7901009",32,0.024508869440211,5,0.026166,1,0.003738,1,195.365525730673,1,4.88659396416823,2.29999995231628,1,28.2409992218018,36.1730003356934,0.0261659994721413,0.0521511286497116,188.393096923828,-85.6676,22.2301,47.6946971970381,63,63,63,63,61,63,0.046725,9004,1.9064526870154,22,-86,0.001869,51,2024-04-20 16:26:12.001755,2.29999995231628,1.037,0.0011,"aoml_navis",1023.20758316802
"7901009",32,0.024508869440211,5,0.022428,1,0,1,195.347486921442,1,4.88652141164873,4,1,28.2169990539551,36.1730003356934,0.0224280003458261,0.0521511286497116,188.375701904297,-85.6676,22.2301,47.6946971970381,63,63,63,63,61,63,0.046725,9004,1.9064526870154,22,-86,0.001869,51,2024-04-20 16:26:12.001755,4,1.037,0.0011,"aoml_navis",1023.22277522017
"7901009",32,0.024508869440211,5,0.024297,1,0.001869,1,195.426920976125,1,4.88643173229744,6,1,28.1860008239746,36.1730003356934,0.0242970008403063,0.0521511286497116,188.452301025391,-85.6676,22.2301,47.6946971970381,63,63,63,63,61,63,0.046725,9004,1.9064526870154,22,-86,0.001869,51,2024-04-20 16:26:12.001755,6,1.037,0.0011,"aoml_navis",1023.2415541492
"7901009",32,0.024508869440211,5,0.031773,1,0.009345,1,195.413645045472,1,4.88637084994691,8,1,28.1709995269775,36.1720008850098,0.0317730009555817,0.0521511286497116,188.439498901367,-85.6676,22.2301,47.6946971970381,63,63,63,63,61,63,0.046725,9004,1.9064526870154,22,-86,0.001869,51,2024-04-20 16:26:12.001755,8,1.037,0.0011,"aoml_navis",1023.25430335569
"7901009",32,0.024508869440211,5,0.033642,1,0.011214,1,195.480214580941,1,4.88631268235726,10,1,28.1599998474121,36.1720008850098,0.0336420014500618,0.0521511286497116,188.503692626953,-85.6676,22.2301,47.6946971970381,63,63,63,63,61,63,0.046725,9004,1.9064526870154,22,-86,0.001869,51,2024-04-20 16:26:12.001755,10,1.037,0.0011,"aoml_navis",1023.26648436831
"7901009",32,0.024508869440211,5,0.031773,1,0.009345,1,195.466843709186,1,4.88626396088032,12,1,28.1550006866455,36.1720008850098,0.0317730009555817,0.0521511286497116,188.490798950195,-85.6676,22.2301,47.6946971970381,63,63,63,63,61,63,0.046725,9004,1.9064526870154,22,-86,0.001869,51,2024-04-20 16:26:12.001755,12,1.037,0.0011,"aoml_navis",1023.2766874713
"7901009",32,0.024508869440211,5,0.035511,1,0.013083,1,195.509250734395,1,4.88621882937948,14,1,28.1499996185303,36.1710014343262,0.0355109982192516,0.0521511286497116,188.531692504883,-85.6676,22.2301,47.6946971970381,63,63,63,63,61,63,0.046725,9004,1.9064526870154,22,-86,0.001869,51,2024-04-20 16:26:12.001755,14,1.037,0.0011,"aoml_navis",1023.28613895399
"7901009",32,0.024508869440211,5,0.039249,1,0.016821,1,195.510912203667,1,4.88616966774317,16,1,28.1469993591309,36.1720008850098,0.0392489992082119,0.0521511286497116,188.533294677734,-85.6676,22.2301,47.6946971970381,63,63,63,63,61,63,0.046725,9004,1.9064526870154,22,-86,0.001869,51,2024-04-20 16:26:12.001755,16,1.037,0.0011,"aoml_navis",1023.29643463024
"7901009",32,0.024508869440211,5,0.039249,1,0.016821,1,195.378184544168,1,4.88613083637414,18,1,28.1459999084473,36.1710014343262,0.0392489992082119,0.0521511286497116,188.405303955078,-85.6676,22.2301,47.6946971970381,63,63,63,63,61,63,0.046725,9004,1.9064526870154,22,-86,0.001869,51,2024-04-20 16:26:12.001755,18,1.037,0.0011,"aoml_navis",1023.3045670366
"7901009",32,0.024508869440211,5,0.041118,1,0.01869,1,195.412917163696,1,4.88608684179389,20,1,28.1439990997314,36.1710014343262,0.041117999702692,0.0521511286497116,188.43879699707,-85.6676,22.2301,47.6946971970381,63,63,63,63,61,63,0.046725,9004,1.9064526870154,22,-86,0.001869,51,2024-04-20 16:26:12.001755,20,1.037,0.0011,"aoml_navis",1023.31378092418
"7901009",32,0.024508869440211,5,0.046725,1,0.024297,1,195.514345906827,1,4.88604128020791,22,1,28.1410007476807,36.1710014343262,0.0467250011861324,0.0521511286497116,188.536605834961,-85.6676,22.2301,47.6946971970381,63,63,63,63,61,63,0.046725,9004,1.9064526870154,22,-86,0.001869,51,2024-04-20 16:26:12.001755,22,1.037,0.0011,"aoml_navis",1023.32332316833
"7901009",32,0.024508869440211,5,0.046725,1,0.024297,1,195.46818870812,1,4.88599886247834,24,1,28.1399993896484,36.1710014343262,0.0467250011861324,0.0521511286497116,188.492095947266,-85.6676,22.2301,47.6946971970381,63,63,63,63,61,63,0.046725,9004,1.9064526870154,22,-86,0.001869,51,2024-04-20 16:26:12.001755,24,1.037,0.0011,"aoml_navis",1023.33220713519
"7901009",32,0.024508869440211,5,0.044856,1,0.022428,1,195.399641233043,1,4.88595443272134,26,1,28.1399993896484,36.1720008850098,0.0448560006916523,0.0521511286497116,188.425994873047,-85.6676,22.2301,47.6946971970381,63,63,63,63,61,63,0.046725,9004,1.9064526870154,22,-86,0.001869,51,2024-04-20 16:26:12.001755,26,1.037,0.0011,"aoml_navis",1023.34151266637
"7901009",32,0.024508869440211,5,0.052332,1,0.029904,1,195.349354096433,1,4.88591359503208,28,1,28.1399993896484,36.1720008850098,0.0523319989442825,0.0521511286497116,188.377502441406,-85.6676,22.2301,47.6946971970381,63,63,63,63,61,63,0.046725,9004,1.9064526870154,22,-86,0.001869,51,2024-04-20 16:26:12.001755,28,1.037,0.0011,"aoml_navis",1023.35006601098
"7901009",32,0.024508869440211,5,0.050463,1,0.028035,1,195.421208686535,1,4.88587275968221,30,1,28.1399993896484,36.1720008850098,0.0504629984498024,0.0521511286497116,188.446792602539,-85.6676,22.2301,47.6946971970381,63,63,63,63,61,63,0.046725,9004,1.9064526870154,22,-86,0.001869,51,2024-04-20 16:26:12.001755,30,1.037,0.0011,"aoml_navis",1023.35861900857
"7901009",32,0.024508869440211,5,0.052332,1,0.029904,1,195.409499284052,1,4.88583192667152,32,1,28.1399993896484,36.1720008850098,0.0523319989442825,0.0521511286497116,188.435501098633,-85.6676,22.2301,47.6946971970381,63,63,63,63,61,63,0.046725,9004,1.9064526870154,22,-86,0.001869,51,2024-04-20 16:26:12.001755,32,1.037,0.0011,"aoml_navis",1023.36717165919
"7901009",32,0.024508869440211,5,0.054201,1,0.031773,1,195.311187773744,1,4.88579109599979,34,1,28.1399993896484,36.1720008850098,0.0542009994387627,0.0521511286497116,188.340698242188,-85.6676,22.2301,47.6946971970381,63,63,63,63,61,63,0.046725,9004,1.9064526870154,22,-86,0.001869,51,2024-04-20 16:26:12.001755,34,1.037,0.0011,"aoml_navis",1023.37572396284
"7901009",32,0.024508869440211,5,0.061677,1,0.039249,1,195.3520440943,1,4.88575026766681,36,1,28.1399993896484,36.1720008850098,0.0616770014166832,0.0521511286497116,188.380096435547,-85.6676,22.2301,47.6946971970381,63,63,63,63,61,63,0.046725,9004,1.9064526870154,22,-86,0.001869,51,2024-04-20 16:26:12.001755,36,1.037,0.0011,"aoml_navis",1023.38427591956
"7901009",32,0.024508869440211,5,0.057939,1,0.035511,1,195.3077698941,1,4.88570944167236,38,1,28.1399993896484,36.1720008850098,0.0579390004277229,0.0521511286497116,188.33740234375,-85.6676,22.2301,47.6946971970381,63,63,63,63,61,63,0.046725,9004,1.9064526870154,22,-86,0.001869,51,2024-04-20 16:26:12.001755,38,1.037,0.0011,"aoml_navis",1023.39282752937
"7901009",32,0.024508869440211,5,0.065415,1,0.042987,1,195.25798911003,1,4.88566861801622,40,1,28.1399993896484,36.1720008850098,0.0654150024056435,0.0521511286497116,188.289398193359,-85.6676,22.2301,47.6946971970381,63,63,63,63,61,63,0.046725,9004,1.9064526870154,22,-86,0.001869,51,2024-04-20 16:26:12.001755,40,1.037,0.0011,"aoml_navis",1023.40137879228
"7901009",32,0.024508869440211,5,0.061677,1,0.039249,1,195.208936207736,1,4.88562779669819,42,1,28.1399993896484,36.1720008850098,0.0616770014166832,0.0485940016806126,188.242095947266,-85.6676,22.2301,47.6946971970381,63,63,63,63,61,63,0.046725,9004,1.9064526870154,22,-86,0.001869,51,2024-04-20 16:26:12.001755,42,1.037,0.0011,"aoml_navis",1023.40992970834
"7901009",32,0.024508869440211,5,0.065415,1,0.042987,1,195.174931469984,1,4.88558540493961,44,1,28.1389999389648,36.1720008850098,0.0654150024056435,0.0523319989442825,188.20930480957,-85.6676,22.2301,47.6946971970381,63,63,63,63,61,63,0.046725,9004,1.9064526870154,22,-86,0.001869,51,2024-04-20 16:26:12.001755,44,1.037,0.0011,"aoml_navis",1023.41880973869
"7901009",32,0.024508869440211,5,0.069153,1,0.046725,1,195.178760761066,1,4.88553986697383,46,1,28.1359996795654,36.1720008850098,0.0691530033946037,0.0560699999332428,188.212997436523,-85.6676,22.2301,47.6946971970381,63,63,63,63,61,63,0.046725,9004,1.9064526870154,22,-86,0.001869,51,2024-04-20 16:26:12.001755,46,1.037,0.0011,"aoml_navis",1023.42834899371
"7901009",32,0.0294106433282533,1,0.078498,1,0.05607,1,195.458852833167,1,4.88545770727127,48,1,28.1119995117188,36.1730003356934,0.0784979984164238,0.0654150024056435,188.483093261719,-85.6676,22.2301,47.6946971970381,63,63,63,63,61,63,0.05607,9004,1.9064526870154,22,-86,0.001869,51,2024-04-20 16:26:12.001755,48,1.037,0.0011,"aoml_navis",1023.44556018943
"7901009",32,0.0411749006595546,1,0.100926,1,0.078498,1,196.677754161116,1,4.88518397014306,50,1,27.9979991912842,36.1879997253418,0.100925996899605,0.0878430008888245,189.658493041992,-85.6676,22.2301,47.6946971970381,63,63,63,63,61,63,0.078498,9004,1.9064526870154,22,-86,0.001869,51,2024-04-20 16:26:12.001755,50,1.037,0.0011,"aoml_navis",1023.5029080908
"7901009",32,0.0480373841028136,1,0.114009,1,0.091581,1,197.818060080776,1,4.88488166130273,52.0999984741211,1,27.8920001983643,36.2140007019043,0.114009000360966,0.100925996899605,190.758102416992,-85.6676,22.2301,47.6946971970381,63,63,63,63,61,63,0.091581,9004,1.9064526870154,22,-86,0.001869,51,2024-04-20 16:26:12.001755,52.0999984741211,1.037,0.0011,"aoml_navis",1023.56624923163
"7901009",32,0.0578409318788981,1,0.132699,1,0.110271,1,198.047754251648,1,4.88469472132139,54,1,27.8339996337891,36.2299995422363,0.132698997855186,0.119616001844406,190.979598999023,-85.6676,22.2301,47.6946971970381,63,63,63,63,61,63,0.110271,9004,1.9064526870154,22,-86,0.001869,51,2024-04-20 16:26:12.001755,54,1.037,0.0011,"aoml_navis",1023.60542168077
"7901009",32,0.0676444796549825,1,0.151389,1,0.128961,1,197.556734699681,1,4.88451943021289,56,1,27.7870006561279,36.2470016479492,0.151389002799988,0.138306006789207,190.506103515625,-85.6676,22.2301,47.6946971970381,63,63,63,63,61,63,0.128961,9004,1.9064526870154,22,-86,0.001869,51,2024-04-20 16:26:12.001755,56,1.037,0.0011,"aoml_navis",1023.64215588392
"7901009",32,0.0745069630982416,1,0.164472,1,0.142044,1,197.083643192327,1,4.88434285095962,58,1,27.7229995727539,36.2569999694824,0.164471998810768,0.151389002799988,190.049896240234,-85.6676,22.2301,47.6946971970381,63,63,63,63,61,63,0.142044,9004,1.9064526870154,22,-86,0.001869,51,2024-04-20 16:26:12.001755,58,1.037,0.0011,"aoml_navis",1023.67916269794
"7901009",32,0.0813694465415007,1,0.177555,1,0.155127,1,196.634002136973,1,4.88424090929783,60,1,27.693000793457,36.2610015869141,0.177554994821548,0.164471998810768,189.616302490234,-85.6676,22.2301,47.6946971970381,63,63,63,63,61,63,0.155127,9004,1.9064526870154,22,-86,0.001869,51,2024-04-20 16:26:12.001755,60,1.037,0.0011,"aoml_navis",1023.70052846529
"7901009",32,0.0892122847623682,1,0.192507,1,0.170079,1,196.426903948189,1,4.88415397314001,62,1,27.6679992675781,36.2630004882812,0.19250699877739,0.179424002766609,189.416595458984,-85.6676,22.2301,47.6946971970381,63,63,63,63,61,63,0.170079,9004,1.9064526870154,22,-86,0.001869,51,2024-04-20 16:26:12.001755,62,1.037,0.0011,"aoml_navis",1023.71874996101
"7901009",32,0.0911729943175851,1,0.196245,1,0.173817,1,196.40668149363,1,4.88404934321554,64,1,27.6270008087158,36.2630004882812,0.19624499976635,0.183162003755569,189.397094726562,-85.6676,22.2301,47.6946971970381,63,63,63,63,61,63,0.173817,9004,1.9064526870154,22,-86,0.001869,51,2024-04-20 16:26:12.001755,64,1.037,0.0011,"aoml_navis",1023.74068086464
"7901009",32,0.0970551229832357,1,0.207459,1,0.185031,1,196.894077460234,1,4.88392912955193,66,1,27.5690002441406,36.2599983215332,0.207459002733231,0.19437600672245,189.867095947266,-85.6676,22.2301,47.6946971970381,63,63,63,63,61,63,0.185031,9004,1.9064526870154,22,-86,0.001869,51,2024-04-20 16:26:12.001755,66,1.037,0.0011,"aoml_navis",1023.76587935024
"7901009",32,0.105878315981712,1,0.22428,1,0.201852,1,197.54304735759,1,4.8838066460265,68,1,27.4839992523193,36.2459983825684,0.224279999732971,0.211197003722191,190.492904663086,-85.6676,22.2301,47.6946971970381,63,63,63,63,61,63,0.201852,9004,1.9064526870154,22,-86,0.001869,51,2024-04-20 16:26:12.001755,68,1.037,0.0011,"aoml_navis",1023.79155490688
"7901009",32,0.110780089869754,1,0.233625,1,0.211197,1,197.508409679163,1,4.88373009348021,70,1,27.4540004730225,36.2430000305176,0.233624994754791,0.220541998744011,190.459503173828,-85.6676,22.2301,47.6946971970381,63,63,63,63,61,63,0.211197,9004,1.9064526870154,22,-86,0.001869,51,2024-04-20 16:26:12.001755,70,1.037,0.0011,"aoml_navis",1023.80760285566
"7901009",32,0.118622928090621,1,0.248577,1,0.226149,1,197.073595259115,1,4.88367386175261,72,1,27.451000213623,36.2459983825684,0.248576998710632,0.235494002699852,190.04020690918,-85.6676,22.2301,47.6946971970381,63,63,63,63,61,63,0.226149,9004,1.9064526870154,22,-86,0.001869,51,2024-04-20 16:26:12.001755,72,1.037,0.0011,"aoml_navis",1023.81939120841
"7901009",32,0.11960328286823,1,0.250446,1,0.228018,1,196.654018885812,1,4.88357058417704,74,1,27.4130001068115,36.2470016479492,0.250445991754532,0.237362995743752,189.635604858398,-85.6676,22.2301,47.6946971970381,63,63,63,63,61,63,0.228018,9004,1.9064526870154,22,-86,0.001869,51,2024-04-20 16:26:12.001755,74,1.037,0.0011,"aoml_navis",1023.84104290418
"7901009",32,0.123524701978664,1,0.257922,1,0.235494,1,196.326519557171,1,4.88348539303269,76,1,27.3819999694824,36.2459983825684,0.257921993732452,0.244838997721672,189.319793701172,-85.6676,22.2301,47.6946971970381,63,63,63,63,61,63,0.235494,9004,1.9064526870154,22,-86,0.001869,51,2024-04-20 16:26:12.001755,76,1.037,0.0011,"aoml_navis",1023.85890354736
"7901009",32,0.128426475866706,1,0.267267,1,0.244839,1,196.055035478247,1,4.88342104224102,78,1,27.3899993896484,36.2560005187988,0.267266988754272,0.254184007644653,189.057998657227,-85.6676,22.2301,47.6946971970381,63,63,63,63,61,63,0.244839,9004,1.9064526870154,22,-86,0.001869,51,2024-04-20 16:26:12.001755,78,1.037,0.0011,"aoml_navis",1023.87239534551
"7901009",32,0.135288959309965,1,0.28035,1,0.257922,1,196.082932338487,1,4.8833693518619,80,1,27.3759994506836,36.2529983520508,0.280349999666214,0.267266988754272,189.084899902344,-85.6676,22.2301,47.6946971970381,63,63,63,63,61,63,0.257922,9004,1.9064526870154,22,-86,0.001869,51,2024-04-20 16:26:12.001755,80,1.037,0.0011,"aoml_navis",1023.8832330169
"7901009",32,0.133328249754748,1,0.276612,1,0.254184,1,196.260883609198,1,4.88331705784361,82,1,27.3500003814697,36.2449989318848,0.276612013578415,0.263529002666473,189.256500244141,-85.6676,22.2301,47.6946971970381,63,63,63,63,61,63,0.254184,9004,1.9064526870154,22,-86,0.001869,51,2024-04-20 16:26:12.001755,82,1.037,0.0011,"aoml_navis",1023.89419748385
"7901009",32,0.13823002364279,1,0.285957,1,0.263529,1,196.273748128412,1,4.88324169254711,84,1,27.3229999542236,36.2430000305176,0.285957008600235,0.272873997688293,189.268905639648,-85.6676,22.2301,47.6946971970381,63,63,63,63,61,63,0.263529,9004,1.9064526870154,22,-86,0.001869,51,2024-04-20 16:26:12.001755,84,1.037,0.0011,"aoml_navis",1023.90999971005
"7901009",32,0.142151442753224,1,0.293433,1,0.271005,1,196.152001989621,1,4.883154701088,86,1,27.3209991455078,36.2550010681152,0.293433010578156,0.280349999666214,189.151504516602,-85.6676,22.2301,47.6946971970381,63,63,63,63,61,63,0.271005,9004,1.9064526870154,22,-86,0.001869,51,2024-04-20 16:26:12.001755,86,1.037,0.0011,"aoml_navis",1023.92824025951
"7901009",32,0.147053216641266,1,0.302778,1,0.28035,1,195.900629600637,1,4.88306505695474,88,1,27.3010005950928,36.2599983215332,0.302778005599976,0.289694994688034,188.909103393555,-85.6676,22.2301,47.6946971970381,63,63,63,63,61,63,0.28035,9004,1.9064526870154,22,-86,0.001869,51,2024-04-20 16:26:12.001755,88,1.037,0.0011,"aoml_navis",1023.94703770713
"7901009",32,0.152935345306917,1,0.313992,1,0.291564,1,195.372788724916,1,4.88299698657164,90,1,27.2880001068115,36.2620010375977,0.313991993665695,0.300909012556076,188.400100708008,-85.6676,22.2301,47.6946971970381,63,63,63,63,61,63,0.291564,9004,1.9064526870154,22,-86,0.001869,51,2024-04-20 16:26:12.001755,90,1.037,0.0011,"aoml_navis",1023.96131182348
"7901009",32,0.164699602638218,1,0.33642,1,0.313992,1,193.987344881919,1,4.88286800824209,92,1,27.2959995269775,36.2900009155273,0.336419999599457,0.323336988687515,187.064102172852,-85.6676,22.2301,47.6946971970381,63,63,63,63,61,63,0.313992,9004,1.9064526870154,22,-86,0.001869,51,2024-04-20 16:26:12.001755,92,1.037,0.0011,"aoml_navis",1023.98835921024
"7901009",32,0.197051310299297,1,0.398097,1,0.375669,1,192.106925607738,1,4.88267163627523,94,1,27.2649993896484,36.3199996948242,0.398097008466721,0.385013997554779,185.250793457031,-85.6676,22.2301,47.6946971970381,63,63,63,63,61,63,0.375669,9004,1.9064526870154,22,-86,0.001869,51,2024-04-20 16:26:12.001755,94,1.037,0.0011,"aoml_navis",1024.02954211647
"7901009",32,0.227442308405158,1,0.456036,1,0.433608,1,190.904828854704,1,4.88242944832628,96,1,27.1599998474121,36.3310012817383,0.456036001443863,0.442952990531921,184.091598510742,-85.6676,22.2301,47.6946971970381,63,63,63,63,61,63,0.433608,9004,1.9064526870154,22,-86,0.001869,51,2024-04-20 16:26:12.001755,96,1.037,0.0011,"aoml_navis",1024.0803380608
"7901009",32,0.253911887400586,1,0.506499,1,0.484071,1,190.621730314398,1,4.88233734760641,98,1,27.1429996490479,36.3380012512207,0.506498992443085,0.493416011333466,183.818603515625,-85.6676,22.2301,47.6946971970381,63,63,63,63,61,63,0.484071,9004,1.9064526870154,22,-86,0.001869,51,2024-04-20 16:26:12.001755,98,1.037,0.0011,"aoml_navis",1024.09965637693
"7901009",32,0.255872596955803,1,0.510237,1,0.487809,1,190.281793701498,1,4.88226014614715,100,1,27.1310005187988,36.3429985046387,0.510236978530884,0.497153997421265,183.490798950195,-85.6676,22.2301,47.6946971970381,63,63,63,63,61,63,0.487809,9004,1.9064526870154,22,-86,0.001869,51,2024-04-20 16:26:12.001755,100,1.037,0.0011,"aoml_navis",1024.11585010392
"7901009",32,0.279401111618406,1,0.555093,1,0.532665,1,189.311464000047,1,4.88214498424082,102,1,27.113000869751,36.3559989929199,0.555092990398407,0.542010009288788,182.555099487305,-85.6676,22.2301,47.6946971970381,63,63,63,63,61,63,0.532665,9004,1.9064526870154,22,-86,0.001869,51,2024-04-20 16:26:12.001755,102,1.037,0.0011,"aoml_navis",1024.14000734095
"7901009",32,0.306851045391442,1,0.607425,1,0.584997,1,187.67755929517,1,4.88193293036339,104,1,27.0669994354248,36.3839988708496,0.607424974441528,0.594341993331909,180.979507446289,-85.6676,22.2301,47.6946971970381,63,63,63,63,61,63,0.584997,9004,1.9064526870154,22,-86,0.001869,51,2024-04-20 16:26:12.001755,104,1.037,0.0011,"aoml_navis",1024.18449235594
"7901009",32,0.299988561948183,1,0.594342,1,0.571914,1,186.264519238754,1,4.88166661993116,106,1,27.0090007781982,36.4220008850098,0.594341993331909,0.58125901222229,179.616897583008,-85.6676,22.2301,47.6946971970381,63,63,63,63,61,63,0.571914,9004,1.9064526870154,22,-86,0.001869,51,2024-04-20 16:26:12.001755,106,1.037,0.0011,"aoml_navis",1024.24036487574
"7901009",32,0.298027852392966,1,0.590604,1,0.568176,1,184.689620428282,1,4.881501795594,108,1,26.9890003204346,36.4480018615723,0.59060400724411,0.577521026134491,178.098205566406,-85.6676,22.2301,47.6946971970381,63,63,63,63,61,63,0.568176,9004,1.9064526870154,22,-86,0.001869,51,2024-04-20 16:26:12.001755,108,1.037,0.0011,"aoml_navis",1024.27494844168
"7901009",32,0.282342175951231,1,0.5607,1,0.538272,1,182.621201950179,1,4.8811894688499,110,1,26.9360008239746,36.5009994506836,0.560699999332428,0.547617018222809,176.103607177734,-85.6676,22.2301,47.6946971970381,63,63,63,63,61,63,0.538272,9004,1.9064526870154,22,-86,0.001869,51,2024-04-20 16:26:12.001755,110,1.037,0.0011,"aoml_navis",1024.34048747919
"7901009",32,0.276460047285581,1,0.549486,1,0.527058,1,180.771686004443,1,4.88083890610332,112,1,26.8649997711182,36.556999206543,0.549485981464386,0.536403000354767,174.320098876953,-85.6676,22.2301,47.6946971970381,63,63,63,63,61,63,0.527058,9004,1.9064526870154,22,-86,0.001869,51,2024-04-20 16:26:12.001755,112,1.037,0.0011,"aoml_navis",1024.41405999851
"7901009",32,0.277440402063189,1,0.551355,1,0.528927,1,179.057192128152,1,4.88056283211514,114,1,26.7980003356934,36.5940017700195,0.551355004310608,0.538272023200989,172.666793823242,-85.6676,22.2301,47.6946971970381,63,63,63,63,61,63,0.528927,9004,1.9064526870154,22,-86,0.001869,51,2024-04-20 16:26:12.001755,114,1.037,0.0011,"aoml_navis",1024.47200701914
"7901009",32,0.250970823067761,1,0.500892,1,0.478464,1,178.218355851883,1,4.88037282754743,116,1,26.7520008087158,36.6160011291504,0.500891983509064,0.487809002399445,171.857894897461,-85.6676,22.2301,47.6946971970381,63,63,63,63,61,63,0.478464,9004,1.9064526870154,22,-86,0.001869,51,2024-04-20 16:26:12.001755,116,1.037,0.0011,"aoml_navis",1024.51189216064
"7901009",32,0.224501244072333,1,0.450429,1,0.428001,1,177.549907205262,1,4.88019232844519,118,1,26.6909999847412,36.6290016174316,0.450428992509842,0.437346011400223,171.213302612305,-85.6676,22.2301,47.6946971970381,63,63,63,63,61,63,0.428001,9004,1.9064526870154,22,-86,0.001869,51,2024-04-20 16:26:12.001755,118,1.037,0.0011,"aoml_navis",1024.54978482231
"7901009",32,0.198031665076905,4,0.399966,1,0.377538,1,176.8860157315,1,4.87995584026137,120,1,26.6119995117188,36.6500015258789,0.39996600151062,0.386882990598679,170.573104858398,-85.6676,22.2301,47.6946971970381,63,63,63,63,61,63,0.377538,9004,1.9064526870154,22,-86,0.001869,51,2024-04-20 16:26:12.001755,120,1.037,0.0011,"aoml_navis",1024.59943566461
"7901009",32,0.203913793742556,1,0.41118,1,0.388752,1,176.156994662303,1,4.87975054663333,122,1,26.5769996643066,36.6809997558594,0.41117998957634,0.398097008466721,169.870101928711,-85.6676,22.2301,47.6946971970381,63,63,63,63,61,63,0.388752,9004,1.9064526870154,22,-86,0.001869,51,2024-04-20 16:26:12.001755,122,1.037,0.0011,"aoml_navis",1024.64254109252
"7901009",32,0.18234598863517,1,0.370062,1,0.347634,1,175.59150963995,1,4.87954183376256,124,1,26.5090007781982,36.6990013122559,0.370061993598938,0.356979012489319,169.324798583984,-85.6676,22.2301,47.6946971970381,63,63,63,63,61,63,0.347634,9004,1.9064526870154,22,-86,0.001869,51,2024-04-20 16:26:12.001755,124,1.037,0.0011,"aoml_navis",1024.68636817579
"7901009",32,0.154896054862134,4,0.31773,1,0.295302,1,175.357875413377,1,4.87930171400875,126,1,26.3680000305176,36.6949996948242,0.317730009555817,0.304646998643875,169.099502563477,-85.6676,22.2301,47.6946971970381,63,63,63,63,61,63,0.295302,9004,1.9064526870154,22,-86,0.001869,51,2024-04-20 16:26:12.001755,126,1.037,0.0011,"aoml_navis",1024.73679494849
"7901009",32,0.160778183527784,1,0.328944,1,0.306516,1,174.954170027494,1,4.87919293104571,128.100006103516,1,26.32200050354,36.6940002441406,0.328943997621536,0.315860986709595,168.710205078125,-85.6676,22.2301,47.6946971970381,63,63,63,63,61,63,0.306516,9004,1.9064526870154,22,-86,0.001869,51,2024-04-20 16:26:12.001755,128.100006103516,1.037,0.0011,"aoml_navis",1024.75964174026
"7901009",32,0.155876409639742,1,0.319599,1,0.297171,1,174.299709369785,1,4.87913871207434,130,1,26.306999206543,36.6920013427734,0.319599002599716,0.306515991687775,168.0791015625,-85.6676,22.2301,47.6946971970381,63,63,63,63,61,63,0.297171,9004,1.9064526870154,22,-86,0.001869,51,2024-04-20 16:26:12.001755,130,1.037,0.0011,"aoml_navis",1024.77102928567
"7901009",32,0.146072861863658,1,0.300909,1,0.278481,1,172.655013026404,1,4.87894911461372,132,1,26.2560005187988,36.7120018005371,0.300909012556076,0.287826001644135,166.493103027344,-85.6676,22.2301,47.6946971970381,63,63,63,63,61,63,0.278481,9004,1.9064526870154,22,-86,0.001869,51,2024-04-20 16:26:12.001755,132,1.037,0.0011,"aoml_navis",1024.81085220252
"7901009",32,0.134308604532357,1,0.278481,1,0.256053,1,171.163678208519,1,4.87862033276615,134,1,26.1650009155273,36.7540016174316,0.278481006622314,0.265397995710373,165.054992675781,-85.6676,22.2301,47.6946971970381,63,63,63,63,61,63,0.256053,9004,1.9064526870154,22,-86,0.001869,51,2024-04-20 16:26:12.001755,134,1.037,0.0011,"aoml_navis",1024.87991664746
"7901009",32,0.124505056756272,1,0.259791,1,0.237363,1,169.107712838191,1,4.87833421900747,135.899993896484,1,26.0650005340576,36.7809982299805,0.259790986776352,0.246708005666733,163.072402954102,-85.6676,22.2301,47.6946971970381,63,63,63,63,61,63,0.237363,9004,1.9064526870154,22,-86,0.001869,51,2024-04-20 16:26:12.001755,135.899993896484,1.037,0.0011,"aoml_navis",1024.94002574044
"7901009",32,0.10685867075932,4,0.226149,1,0.203721,1,166.682141760833,1,4.87773066069813,138,1,25.8250007629395,36.8370018005371,0.226148992776871,0.21306599676609,160.7333984375,-85.6676,22.2301,47.6946971970381,63,63,63,63,61,63,0.203721,9004,1.9064526870154,22,-86,0.001869,51,2024-04-20 16:26:12.001755,138,1.037,0.0011,"aoml_navis",1025.06684928035
"7901009",32,0.113721154202579,4,0.239232,1,0.216804,1,165.822149442511,1,4.87721888042865,140,1,25.6439990997314,36.8930015563965,0.239232003688812,0.226148992776871,159.904098510742,-85.6676,22.2301,47.6946971970381,63,63,63,63,61,63,0.216804,9004,1.9064526870154,22,-86,0.001869,51,2024-04-20 16:26:12.001755,140,1.037,0.0011,"aoml_navis",1025.17441242263
"7901009",32,0.121563992423447,1,0.254184,1,0.231756,1,165.504508164879,1,4.87709262967734,142,1,25.6009998321533,36.898998260498,0.254184007644653,0.241100996732712,159.597793579102,-85.6676,22.2301,47.6946971970381,63,63,63,63,61,63,0.231756,9004,1.9064526870154,22,-86,0.001869,51,2024-04-20 16:26:12.001755,142,1.037,0.0011,"aoml_navis",1025.20095057756
"7901009",32,0.136269314087573,1,0.282219,1,0.259791,1,165.022618782146,1,4.87701346339645,144,1,25.5799999237061,36.9010009765625,0.282218992710114,0.269136011600494,159.133102416992,-85.6676,22.2301,47.6946971970381,63,63,63,63,61,63,0.259791,9004,1.9064526870154,22,-86,0.001869,51,2024-04-20 16:26:12.001755,144,1.037,0.0011,"aoml_navis",1025.21759218559
"7901009",32,0.139210378420399,1,0.287826,1,0.265398,1,164.212818659332,1,4.87684036084386,146.100006103516,1,25.5139999389648,36.9099998474121,0.287826001644135,0.274742990732193,158.352203369141,-85.6676,22.2301,47.6946971970381,63,63,63,63,61,63,0.265398,9004,1.9064526870154,22,-86,0.001869,51,2024-04-20 16:26:12.001755,146.100006103516,1.037,0.0011,"aoml_navis",1025.25398209566
"7901009",32,0.127446121089097,1,0.265398,1,0.24297,1,163.21687068407,1,4.87662010185048,148,1,25.4230003356934,36.9230003356934,0.265397995710373,0.252315014600754,157.391799926758,-85.6676,22.2301,47.6946971970381,63,63,63,63,61,63,0.24297,9004,1.9064526870154,22,-86,0.001869,51,2024-04-20 16:26:12.001755,148,1.037,0.0011,"aoml_navis",1025.30028904706
"7901009",32,0.120583637645838,1,0.252315,1,0.229887,1,161.886492679778,1,4.87628532381964,150,1,25.257999420166,36.9370002746582,0.252315014600754,0.239232003688812,156.108901977539,-85.6676,22.2301,47.6946971970381,63,63,63,63,61,63,0.229887,9004,1.9064526870154,22,-86,0.001869,51,2024-04-20 16:26:12.001755,150,1.037,0.0011,"aoml_navis",1025.37068033653
"7901009",32,0.113721154202579,1,0.239232,1,0.216804,1,161.299645909651,1,4.87605780313282,152,1,25.1359996795654,36.9389991760254,0.239232003688812,0.226148992776871,155.542999267578,-85.6676,22.2301,47.6946971970381,63,63,63,63,61,63,0.216804,9004,1.9064526870154,22,-86,0.001869,51,2024-04-20 16:26:12.001755,152,1.037,0.0011,"aoml_navis",1025.41852493782
"7901009",32,0.110780089869754,1,0.233625,1,0.211197,1,161.302652377856,1,4.87586840164617,154,1,25.0470008850098,36.9440002441406,0.233624994754791,0.220541998744011,155.5458984375,-85.6676,22.2301,47.6946971970381,63,63,63,63,61,63,0.211197,9004,1.9064526870154,22,-86,0.001869,51,2024-04-20 16:26:12.001755,154,1.037,0.0011,"aoml_navis",1025.45835697943
"7901009",32,0.105878315981712,1,0.22428,1,0.201852,1,161.268853345824,1,4.87568499471726,156,1,24.9839992523193,36.9580001831055,0.224279999732971,0.211197003722191,155.513305664062,-85.6676,22.2301,47.6946971970381,63,63,63,63,61,63,0.201852,9004,1.9064526870154,22,-86,0.001869,51,2024-04-20 16:26:12.001755,156,1.037,0.0011,"aoml_navis",1025.49693128605
"7901009",32,0.0950944134280189,1,0.203721,1,0.181293,1,159.936908813362,1,4.87547621305377,158,1,24.9060001373291,36.9729995727539,0.20372100174427,0.19063800573349,154.228897094727,-85.6676,22.2301,47.6946971970381,63,63,63,63,61,63,0.181293,9004,1.9064526870154,22,-86,0.001869,51,2024-04-20 16:26:12.001755,158,1.037,0.0011,"aoml_navis",1025.54084596143
"7901009",32,0.07548731787585,1,0.166341,1,0.143913,1,157.767805297419,1,4.87501585793407,160,1,24.7019996643066,37.0069999694824,0.166341006755829,0.153257995843887,152.13720703125,-85.6676,22.2301,47.6946971970381,63,63,63,63,61,63,0.143913,9004,1.9064526870154,22,-86,0.001869,51,2024-04-20 16:26:12.001755,160,1.037,0.0011,"aoml_navis",1025.63768933439
"7901009",32,0.0696051892101994,1,0.155127,1,0.132699,1,154.907625505733,1,4.87462086111645,162,1,24.4850006103516,37.0180015563965,0.155127003788948,0.142043992877007,149.379104614258,-85.6676,22.2301,47.6946971970381,63,63,63,63,61,63,0.132699,9004,1.9064526870154,22,-86,0.001869,51,2024-04-20 16:26:12.001755,162,1.037,0.0011,"aoml_navis",1025.72079807963
"7901009",32,0.0578409318788981,1,0.132699,1,0.110271,1,153.899746598752,1,4.87414065059983,164,1,24.2099990844727,37.0299987792969,0.132698997855186,0.119616001844406,148.407196044922,-85.6676,22.2301,47.6946971970381,63,63,63,63,61,63,0.110271,9004,1.9064526870154,22,-86,0.001869,51,2024-04-20 16:26:12.001755,164,1.037,0.0011,"aoml_navis",1025.8218542349
"7901009",32,0.0441159649923799,4,0.106533,1,0.084105,1,153.310526301094,1,4.87376367263646,166,1,24.0179996490479,37.0470008850098,0.106532998383045,0.0934500023722649,147.839004516602,-85.6676,22.2301,47.6946971970381,63,63,63,63,61,63,0.084105,9004,1.9064526870154,22,-86,0.001869,51,2024-04-20 16:26:12.001755,166,1.037,0.0011,"aoml_navis",1025.90119994375
"7901009",32,0.0499980936580305,1,0.117747,1,0.095319,1,152.550190492014,1,4.87350811252325,168,1,23.875,37.0499992370605,0.117747001349926,0.104663997888565,147.105804443359,-85.6676,22.2301,47.6946971970381,63,63,63,63,61,63,0.095319,9004,1.9064526870154,22,-86,0.001869,51,2024-04-20 16:26:12.001755,168,1.037,0.0011,"aoml_navis",1025.95499680235
"7901009",32,0.0431356102147714,1,0.104664,1,0.082236,1,152.057715176495,1,4.87316967550187,170,1,23.6730003356934,37.0530014038086,0.104663997888565,0.0915810018777847,146.630905151367,-85.6676,22.2301,47.6946971970381,63,63,63,63,61,63,0.082236,9004,1.9064526870154,22,-86,0.001869,51,2024-04-20 16:26:12.001755,170,1.037,0.0011,"aoml_navis",1026.02624840578
"7901009",32,0.0352927719939039,1,0.089712,1,0.067284,1,151.969973775455,1,4.87282805384294,172,1,23.4599990844727,37.0530014038086,0.0897120013833046,0.0766289979219437,146.546295166016,-85.6676,22.2301,47.6946971970381,63,63,63,63,61,63,0.067284,9004,1.9064526870154,22,-86,0.001869,51,2024-04-20 16:26:12.001755,172,1.037,0.0011,"aoml_navis",1026.09818051281
"7901009",32,0.033332062438687,1,0.085974,1,0.063546,1,151.688014528364,1,4.87268670515901,174,1,23.3859996795654,37.0519981384277,0.0859740003943443,0.0728909969329834,146.274398803711,-85.6676,22.2301,47.6946971970381,63,63,63,63,61,63,0.063546,9004,1.9064526870154,22,-86,0.001869,51,2024-04-20 16:26:12.001755,174,1.037,0.0011,"aoml_navis",1026.12794594534
"7901009",32,0.0323517076610786,4,0.084105,1,0.061677,1,151.437987138314,1,4.87247405693705,176,1,23.2609996795654,37.0509986877441,0.0841049998998642,0.0710219964385033,146.033294677734,-85.6676,22.2301,47.6946971970381,63,63,63,63,61,63,0.061677,9004,1.9064526870154,22,-86,0.001869,51,2024-04-20 16:26:12.001755,176,1.037,0.0011,"aoml_navis",1026.1727290023
"7901009",32,0.0362731267715123,1,0.091581,1,0.069153,1,151.267615332184,1,4.8722741728276,178,1,23.136999130249,37.0470008850098,0.0915810018777847,0.0784979984164238,145.869003295898,-85.6676,22.2301,47.6946971970381,63,63,63,63,61,63,0.069153,9004,1.9064526870154,22,-86,0.001869,51,2024-04-20 16:26:12.001755,178,1.037,0.0011,"aoml_navis",1026.21482754085
"7901009",32,0.0362731267715123,1,0.091581,1,0.069153,1,150.906111265791,1,4.87217852621659,180,1,23.0900001525879,37.0439987182617,0.0915810018777847,0.0784979984164238,145.520401000977,-85.6676,22.2301,47.6946971970381,63,63,63,63,61,63,0.069153,9004,1.9064526870154,22,-86,0.001869,51,2024-04-20 16:26:12.001755,180,1.037,0.0011,"aoml_navis",1026.23497334829
"7901009",32,0.0362731267715123,1,0.091581,1,0.069153,1,150.268660888716,1,4.87207122489762,182,1,23.0319995880127,37.0400009155273,0.0915810018777847,0.0784979984164238,144.905700683594,-85.6676,22.2301,47.6946971970381,63,63,63,63,61,63,0.069153,9004,1.9064526870154,22,-86,0.001869,51,2024-04-20 16:26:12.001755,182,1.037,0.0011,"aoml_navis",1026.25757489928
"7901009",32,0.0392141911043377,1,0.097188,1,0.07476,1,149.589832015029,1,4.87186238768818,184,1,22.8929996490479,37.0330009460449,0.0971880033612251,0.0841049998998642,144.251098632812,-85.6676,22.2301,47.6946971970381,63,63,63,63,61,63,0.07476,9004,1.9064526870154,22,-86,0.001869,51,2024-04-20 16:26:12.001755,184,1.037,0.0011,"aoml_navis",1026.30156644729
"7901009",32,0.0441159649923799,1,0.106533,1,0.084105,1,148.76292667048,1,4.87175967377663,186,1,22.8379993438721,37.0289993286133,0.106532998383045,0.0934500023722649,143.453704833984,-85.6676,22.2301,47.6946971970381,63,63,63,63,61,63,0.084105,9004,1.9064526870154,22,-86,0.001869,51,2024-04-20 16:26:12.001755,186,1.037,0.0011,"aoml_navis",1026.32320451143
"7901009",32,0.0460766745475968,1,0.110271,1,0.087843,1,147.913187991089,1,4.87168582782739,188,1,22.8090000152588,37.0270004272461,0.110270999372005,0.0971880033612251,142.634292602539,-85.6676,22.2301,47.6946971970381,63,63,63,63,61,63,0.087843,9004,1.9064526870154,22,-86,0.001869,51,2024-04-20 16:26:12.001755,188,1.037,0.0011,"aoml_navis",1026.33876171564
"7901009",32,0.0392141911043377,1,0.097188,1,0.07476,1,147.436900133327,1,4.87153385440056,190,1,22.7129993438721,37.0209999084473,0.0971880033612251,0.0841049998998642,142.175003051758,-85.6676,22.2301,47.6946971970381,63,63,63,63,61,63,0.07476,9004,1.9064526870154,22,-86,0.001869,51,2024-04-20 16:26:12.001755,190,1.037,0.0011,"aoml_navis",1026.37077960228
"7901009",32,0.0372534815491208,1,0.09345,1,0.071022,1,147.255942394411,1,4.87136890440591,192,1,22.5890007019043,37.007999420166,0.0934500023722649,0.0803669989109039,142.000503540039,-85.6676,22.2301,47.6946971970381,63,63,63,63,61,63,0.071022,9004,1.9064526870154,22,-86,0.001869,51,2024-04-20 16:26:12.001755,192,1.037,0.0011,"aoml_navis",1026.4055336638
"7901009",32,0.0352927719939039,1,0.089712,1,0.067284,1,146.83180884825,1,4.87126197614504,194,1,22.5200004577637,37,0.0897120013833046,0.0766289979219437,141.591506958008,-85.6676,22.2301,47.6946971970381,63,63,63,63,61,63,0.067284,9004,1.9064526870154,22,-86,0.001869,51,2024-04-20 16:26:12.001755,194,1.037,0.0011,"aoml_navis",1026.42806412084
"7901009",32,0.033332062438687,1,0.085974,1,0.063546,1,146.452677384065,1,4.87111909996638,196,1,22.4220008850098,36.9910011291504,0.0859740003943443,0.0728909969329834,141.22590637207,-85.6676,22.2301,47.6946971970381,63,63,63,63,61,63,0.063546,9004,1.9064526870154,22,-86,0.001869,51,2024-04-20 16:26:12.001755,196,1.037,0.0011,"aoml_navis",1026.45817057409
"7901009",32,0.0274499337730364,1,0.07476,1,0.052332,1,146.49809087748,1,4.87090125728048,198,1,22.2819995880127,36.9869995117188,0.0747599974274635,0.0616770014166832,141.26969909668,-85.6676,22.2301,47.6946971970381,63,63,63,63,61,63,0.052332,9004,1.9064526870154,22,-86,0.001869,51,2024-04-20 16:26:12.001755,198,1.037,0.0011,"aoml_navis",1026.50407715134
"7901009",32,0.0235285146626026,1,0.067284,1,0.044856,1,146.514895452395,1,4.87075220421187,200,1,22.2000007629395,36.9860000610352,0.0672840029001236,0.0542009994387627,141.285903930664,-85.6676,22.2301,47.6946971970381,63,63,63,63,61,63,0.044856,9004,1.9064526870154,22,-86,0.001869,51,2024-04-20 16:26:12.001755,200,1.037,0.0011,"aoml_navis",1026.53548987287
"7901009",32,0.0186267407745604,1,0.057939,1,0.035511,1,146.248791369206,1,4.8706649443139,202,1,22.1580009460449,36.9830017089844,0.0579390004277229,0.0448560006916523,141.029296875,-85.6676,22.2301,47.6946971970381,63,63,63,63,61,63,0.035511,9004,1.9064526870154,22,-86,0.001869,51,2024-04-20 16:26:12.001755,202,1.037,0.0011,"aoml_navis",1026.55388066409
"7901009",32,0.0147053216641266,1,0.050463,1,0.028035,1,145.783801502489,1,4.8704529369022,204,1,22,36.9710006713867,0.0504629984498024,0.0373799987137318,140.580902099609,-85.6676,22.2301,47.6946971970381,63,63,63,63,61,63,0.028035,9004,1.9064526870154,22,-86,0.001869,51,2024-04-20 16:26:12.001755,204,1.037,0.0011,"aoml_navis",1026.59856583692
"7901009",32,0.00686248344325909,1,0.035511,1,0.013083,1,146.280311814809,1,4.87020383214377,206,1,21.7950000762939,36.9519996643066,0.0355109982192516,0.0224280003458261,141.059692382812,-85.6676,22.2301,47.6946971970381,63,63,63,63,61,63,0.013083,9004,1.9064526870154,22,-86,0.001869,51,2024-04-20 16:26:12.001755,206,1.037,0.0011,"aoml_navis",1026.65107505348
"7901009",32,0.00392141911043377,1,0.029904,1,0.007476,1,146.944219112089,1,4.87003370188817,208,1,21.6720008850098,36.9420013427734,0.0299040004611015,0.0168210007250309,141.699905395508,-85.6676,22.2301,47.6946971970381,63,63,63,63,61,63,0.007476,9004,1.9064526870154,22,-86,0.001869,51,2024-04-20 16:26:12.001755,208,1.037,0.0011,"aoml_navis",1026.68694018718
"7901009",32,0.00392141911043377,1,0.029904,1,0.007476,1,147.061091607685,1,4.86993572898726,210,1,21.6159992218018,36.9370002746582,0.0299040004611015,0.0168210007250309,141.812606811523,-85.6676,22.2301,47.6946971970381,63,63,63,63,61,63,0.007476,9004,1.9064526870154,22,-86,0.001869,51,2024-04-20 16:26:12.001755,210,1.037,0.0011,"aoml_navis",1026.70759497678
"7901009",32,0.00392141911043377,1,0.029904,1,0.007476,1,147.005598534024,1,4.86984455888962,212,1,21.5650005340576,36.931999206543,0.0299040004611015,0.0168210007250309,141.759094238281,-85.6676,22.2301,47.6946971970381,63,63,63,63,61,63,0.007476,9004,1.9064526870154,22,-86,0.001869,51,2024-04-20 16:26:12.001755,212,1.037,0.0011,"aoml_navis",1026.72681633601
"7901009",32,0.000980354777608442,1,0.024297,1,0.001869,1,146.956656396348,1,4.86974867588939,214,1,21.5049991607666,36.9249992370605,0.0242970008403063,0.0112140001729131,141.711898803711,-85.6676,22.2301,47.6946971970381,63,63,63,63,61,63,0.001869,9004,1.9064526870154,22,-86,0.001869,51,2024-04-20 16:26:12.001755,214,1.037,0.0011,"aoml_navis",1026.74703209131
"7901009",32,-0.00196070955521688,1,0.01869,1,-0.003738,1,146.622732719858,1,4.86965308510236,216,1,21.4370002746582,36.9150009155273,0.0186899993568659,0.00560700008645654,141.389892578125,-85.6676,22.2301,47.6946971970381,63,63,63,63,61,63,-0.003738,9004,1.9064526870154,22,-86,0.001869,51,2024-04-20 16:26:12.001755,216,1.037,0.0011,"aoml_navis",1026.76718702948
"7901009",32,0,1,0.022428,1,0,1,146.324285368189,1,4.86956394354884,218,1,21.371000289917,36.9039993286133,0.0224280003458261,0.00934499967843294,141.102096557617,-85.6676,22.2301,47.6946971970381,63,63,63,63,61,63,0,9004,1.9064526870154,22,-86,0.001869,51,2024-04-20 16:26:12.001755,218,1.037,0.0011,"aoml_navis",1026.78598288538
"7901009",32,-0.00196070955521688,1,0.01869,1,-0.003738,1,145.75528752509,1,4.86952350649157,220,1,21.3470001220703,36.8950004577637,0.0186899993568659,0.00560700008645654,140.553405761719,-85.6676,22.2301,47.6946971970381,63,63,63,63,61,63,-0.003738,9004,1.9064526870154,22,-86,0.001869,51,2024-04-20 16:26:12.001755,220,1.037,0.0011,"aoml_navis",1026.7945094288
"7901009",32,-0.00196070955521688,1,0.01869,1,-0.003738,1,145.873599960721,1,4.86929383804271,222,1,21.1310005187988,36.8680000305176,0.0186899993568659,0.00560700008645654,140.667495727539,-85.6676,22.2301,47.6946971970381,63,63,63,63,61,63,-0.003738,9004,1.9064526870154,22,-86,0.001869,51,2024-04-20 16:26:12.001755,222,1.037,0.0011,"aoml_navis",1026.84293992203
"7901009",32,-0.00196070955521688,1,0.01869,1,-0.003738,1,147.26621185686,1,4.86877345035246,224,1,20.6079998016357,36.8110008239746,0.0186899993568659,0.00560700008645654,142.010406494141,-85.6676,22.2301,47.6946971970381,63,63,63,63,61,63,-0.003738,9004,1.9064526870154,22,-86,0.001869,51,2024-04-20 16:26:12.001755,224,1.037,0.0011,"aoml_navis",1026.95269167598
"7901009",32,-0.00196070955521688,1,0.01869,1,-0.003738,1,148.474938663461,1,4.86840792649977,226,1,20.2479991912842,36.7719993591309,0.0186899993568659,0.00560700008645654,143.175994873047,-85.6676,22.2301,47.6946971970381,63,63,63,63,61,63,-0.003738,9004,1.9064526870154,22,-86,0.001869,51,2024-04-20 16:26:12.001755,226,1.037,0.0011,"aoml_navis",1027.02979608261
"7901009",32,-0.00392141911043377,1,0.014952,1,-0.007476,1,149.000706658473,1,4.86821857734326,228,1,20.076000213623,36.7519989013672,0.0149520002305508,0.00186900002881885,143.682998657227,-85.6676,22.2301,47.6946971970381,63,63,63,63,61,63,-0.007476,9004,1.9064526870154,22,-86,0.001869,51,2024-04-20 16:26:12.001755,228,1.037,0.0011,"aoml_navis",1027.06974236326
"7901009",32,-0.00392141911043377,1,0.014952,1,-0.007476,1,149.132516553993,1,4.86816506408805,230,1,20.0550003051758,36.7480010986328,0.0149520002305508,0.00186900002881885,143.810104370117,-85.6676,22.2301,47.6946971970381,63,63,63,63,61,63,-0.007476,9004,1.9064526870154,22,-86,0.001869,51,2024-04-20 16:26:12.001755,230,1.037,0.0011,"aoml_navis",1027.08103241702
"7901009",32,-0.00294106433282533,1,0.016821,1,-0.005607,1,149.579056200041,1,4.86804396638805,232,1,19.9640007019043,36.7379989624023,0.0168210007250309,0.00373800005763769,144.240707397461,-85.6676,22.2301,47.6946971970381,63,63,63,63,61,63,-0.005607,9004,1.9064526870154,22,-86,0.001869,51,2024-04-20 16:26:12.001755,232,1.037,0.0011,"aoml_navis",1027.10658213505
"7901009",32,-0.00392141911043377,1,0.014952,1,-0.007476,1,150.222725219245,1,4.86788937501459,234,1,19.8349990844727,36.7239990234375,0.0149520002305508,0.00186900002881885,144.861404418945,-85.6676,22.2301,47.6946971970381,63,63,63,63,61,63,-0.007476,9004,1.9064526870154,22,-86,0.001869,51,2024-04-20 16:26:12.001755,234,1.037,0.0011,"aoml_navis",1027.13920034081
"7901009",32,-0.00294106433282533,1,0.016821,1,-0.005607,1,150.838386613591,1,4.86779726759744,236,1,19.7719993591309,36.7159996032715,0.0168210007250309,0.00373800005763769,145.455093383789,-85.6676,22.2301,47.6946971970381,63,63,63,63,61,63,-0.005607,9004,1.9064526870154,22,-86,0.001869,51,2024-04-20 16:26:12.001755,236,1.037,0.0011,"aoml_navis",1027.15863564873
"7901009",32,-0.00196070955521688,1,0.01869,1,-0.003738,1,151.949244968357,1,4.86774435747112,238,1,19.7569999694824,36.7140007019043,0.0186899993568659,0.00560700008645654,146.526306152344,-85.6676,22.2301,47.6946971970381,63,63,63,63,61,63,-0.003738,9004,1.9064526870154,22,-86,0.001869,51,2024-04-20 16:26:12.001755,238,1.037,0.0011,"aoml_navis",1027.1698003873
"7901009",32,-0.00294106433282533,1,0.016821,1,-0.005607,1,153.996602345508,1,4.8676417773003,240,1,19.69700050354,36.7099990844727,0.0168210007250309,0.00373800005763769,148.500595092773,-85.6676,22.2301,47.6946971970381,63,63,63,63,61,63,-0.005607,9004,1.9064526870154,22,-86,0.001869,51,2024-04-20 16:26:12.001755,240,1.037,0.0011,"aoml_navis",1027.19144685563
"7901009",32,0,1,0.011214,1,-0.011214,1,155.741793844525,1,4.86753461584348,242,1,19.6389999389648,36.7080001831055,0.0112140001729131,0,150.183502197266,-85.6676,22.2301,47.6946971970381,63,63,63,63,61,63,0,9004,1.9064526870154,22,-86,0.001869,51,2024-04-20 16:26:12.001755,242,1.037,0.0011,"aoml_navis",1027.21406104136
"7901009",32,0,1,0.009345,1,-0.013083,1,157.434704443807,1,4.86741418212841,244,1,19.5559997558594,36.701000213623,0.00934499967843294,0,151.815994262695,-85.6676,22.2301,47.6946971970381,63,63,63,63,61,63,0,9004,1.9064526870154,22,-86,0.001869,51,2024-04-20 16:26:12.001755,244,1.037,0.0011,"aoml_navis",1027.23947724819
"7901009",32,0,1,0.013083,1,-0.009345,1,157.712945164434,1,4.86733592883439,246,1,19.5149993896484,36.6969985961914,0.0130829997360706,0,152.08430480957,-85.6676,22.2301,47.6946971970381,63,63,63,63,61,63,0,9004,1.9064526870154,22,-86,0.001869,51,2024-04-20 16:26:12.001755,246,1.037,0.0011,"aoml_navis",1027.25599241665
"7901009",32,0,1,0.014952,1,-0.007476,1,157.646992746123,1,4.86727499505046,248,1,19.4820003509521,36.6910018920898,0.0149520002305508,0,152.020706176758,-85.6676,22.2301,47.6946971970381,63,63,63,63,61,63,0,9004,1.9064526870154,22,-86,0.001869,51,2024-04-20 16:26:12.001755,248,1.037,0.0011,"aoml_navis",1027.26885271214
"7901009",32,0,1,0.014952,1,-0.007476,1,158.171083448347,1,4.86712975797824,250,1,19.3470001220703,36.6730003356934,0.0149520002305508,0,152.526092529297,-85.6676,22.2301,47.6946971970381,63,63,63,63,61,63,0,9004,1.9064526870154,22,-86,0.001869,51,2024-04-20 16:26:12.001755,250,1.037,0.0011,"aoml_navis",1027.29950682
"7901009",32,0,1,0.013083,1,-0.009345,1,158.85842537411,1,4.86704880223271,252,1,19.2919998168945,36.6650009155273,0.0130829997360706,0,153.188903808594,-85.6676,22.2301,47.6946971970381,63,63,63,63,61,63,0,9004,1.9064526870154,22,-86,0.001869,51,2024-04-20 16:26:12.001755,252,1.037,0.0011,"aoml_navis",1027.31659434076
"7901009",32,0,1,0.01869,1,-0.003738,1,159.232366724762,1,4.86698729298858,254,1,19.2670001983643,36.6619987487793,0.0186899993568659,0,153.549499511719,-85.6676,22.2301,47.6946971970381,63,63,63,63,61,63,0,9004,1.9064526870154,22,-86,0.001869,51,2024-04-20 16:26:12.001755,254,1.037,0.0011,"aoml_navis",1027.32957762249
"7901009",32,0,1,0.014952,1,-0.007476,1,159.545229300299,1,4.86692703810862,256,1,19.2430000305176,36.6590003967285,0.0149520002305508,0,153.851196289062,-85.6676,22.2301,47.6946971970381,63,63,63,63,61,63,0,9004,1.9064526870154,22,-86,0.001869,51,2024-04-20 16:26:12.001755,256,1.037,0.0011,"aoml_navis",1027.34229645306
"7901009",32,0,1,0.016821,1,-0.005607,1,159.860180580063,1,4.86686806255982,258,1,19.2199993133545,36.6559982299805,0.0168210007250309,0,154.154907226562,-85.6676,22.2301,47.6946971970381,63,63,63,63,61,63,0,9004,1.9064526870154,22,-86,0.001869,51,2024-04-20 16:26:12.001755,258,1.037,0.0011,"aoml_navis",1027.35474554249
"7901009",32,0,1,0.013083,1,-0.009345,1,160.270199549177,1,4.86681158272439,260,1,19.1989994049072,36.6529998779297,0.0130829997360706,0,154.55029296875,-85.6676,22.2301,47.6946971970381,63,63,63,63,61,63,0,9004,1.9064526870154,22,-86,0.001869,51,2024-04-20 16:26:12.001755,260,1.037,0.0011,"aoml_navis",1027.36666809711
"7901009",32,0,1,0.014952,1,-0.007476,1,160.530702107394,1,4.86671974624793,262,1,19.1350002288818,36.6450004577637,0.0149520002305508,0,154.801498413086,-85.6676,22.2301,47.6946971970381,63,63,63,63,61,63,0,9004,1.9064526870154,22,-86,0.001869,51,2024-04-20 16:26:12.001755,262,1.037,0.0011,"aoml_navis",1027.38605481748
"7901009",32,0,1,0.016821,1,-0.005607,1,160.722957837354,1,4.8666531947314,264,1,19.1000003814697,36.6399993896484,0.0168210007250309,0,154.986892700195,-85.6676,22.2301,47.6946971970381,63,63,63,63,61,63,0,9004,1.9064526870154,22,-86,0.001869,51,2024-04-20 16:26:12.001755,264,1.037,0.0011,"aoml_navis",1027.40010432898
"7901009",32,0,1,0.011214,1,-0.011214,1,160.783213789592,1,4.86659432398774,266,1,19.0769996643066,36.6370010375977,0.0112140001729131,0,155.044998168945,-85.6676,22.2301,47.6946971970381,63,63,63,63,61,63,0,9004,1.9064526870154,22,-86,0.001869,51,2024-04-20 16:26:12.001755,266,1.037,0.0011,"aoml_navis",1027.41253269349
"7901009",32,0,1,0.014952,1,-0.007476,1,160.453340933421,1,4.86651268318158,268,1,19.0209999084473,36.6290016174316,0.0149520002305508,0,154.726898193359,-85.6676,22.2301,47.6946971970381,63,63,63,63,61,63,0,9004,1.9064526870154,22,-86,0.001869,51,2024-04-20 16:26:12.001755,268,1.037,0.0011,"aoml_navis",1027.42976860612
"7901009",32,0,1,0.014952,1,-0.007476,1,160.171065215992,1,4.86641836742831,270,1,18.9400005340576,36.6160011291504,0.0149520002305508,0,154.454696655273,-85.6676,22.2301,47.6946971970381,63,63,63,63,61,63,0,9004,1.9064526870154,22,-86,0.001869,51,2024-04-20 16:26:12.001755,270,1.037,0.0011,"aoml_navis",1027.44968115889
"7901009",32,0,1,0.013083,1,-0.009345,1,159.832995778082,1,4.86635568486672,272,1,18.9050006866455,36.6100006103516,0.0130829997360706,0,154.128692626953,-85.6676,22.2301,47.6946971970381,63,63,63,63,61,63,0,9004,1.9064526870154,22,-86,0.001869,51,2024-04-20 16:26:12.001755,272,1.037,0.0011,"aoml_navis",1027.46291553429
"7901009",32,0,1,0.016821,1,-0.005607,1,159.19285540314,1,4.86629805844785,274,1,18.8770008087158,36.6049995422363,0.0168210007250309,0,153.51139831543,-85.6676,22.2301,47.6946971970381,63,63,63,63,61,63,0,9004,1.9064526870154,22,-86,0.001869,51,2024-04-20 16:26:12.001755,274,1.037,0.0011,"aoml_navis",1027.47508269043
"7901009",32,0,1,0.013083,1,-0.009345,1,158.851573791305,1,4.866239069761,276,1,18.8419990539551,36.5979995727539,0.0130829997360706,0,153.18229675293,-85.6676,22.2301,47.6946971970381,63,63,63,63,61,63,0,9004,1.9064526870154,22,-86,0.001869,51,2024-04-20 16:26:12.001755,276,1.037,0.0011,"aoml_navis",1027.48753777228
"7901009",32,0,1,0.013083,1,-0.009345,1,159.11891210881,1,4.86614666236122,278,1,18.7679996490479,36.5870018005371,0.0130829997360706,0,153.440093994141,-85.6676,22.2301,47.6946971970381,63,63,63,63,61,63,0,9004,1.9064526870154,22,-86,0.001869,51,2024-04-20 16:26:12.001755,278,1.037,0.0011,"aoml_navis",1027.50704960747
"7901009",32,0,1,0.014952,1,-0.007476,1,159.664807617279,1,4.86607568250719,280,1,18.7290000915527,36.5820007324219,0.0149520002305508,0,153.966506958008,-85.6676,22.2301,47.6946971970381,63,63,63,63,61,63,0,9004,1.9064526870154,22,-86,0.001869,51,2024-04-20 16:26:12.001755,280,1.037,0.0011,"aoml_navis",1027.52203751665
"7901009",32,0,1,0.011214,1,-0.011214,1,159.880181505386,1,4.86603202527946,282,1,18.7269992828369,36.5820007324219,0.0112140001729131,0,154.174194335938,-85.6676,22.2301,47.6946971970381,63,63,63,63,61,63,0,9004,1.9064526870154,22,-86,0.001869,51,2024-04-20 16:26:12.001755,282,1.037,0.0011,"aoml_navis",1027.53125627299
"7901009",32,0,1,0.014952,1,-0.007476,1,160.048084842884,1,4.86597972266949,284,1,18.7150001525879,36.5810012817383,0.0149520002305508,0,154.33610534668,-85.6676,22.2301,47.6946971970381,63,63,63,63,61,63,0,9004,1.9064526870154,22,-86,0.001869,51,2024-04-20 16:26:12.001755,284,1.037,0.0011,"aoml_navis",1027.54230082508
"7901009",32,0,1,0.020559,1,-0.001869,1,160.2251025261,1,4.86594091250263,286,1,18.7140007019043,36.5800018310547,0.020558999851346,0,154.506805419922,-85.6676,22.2301,47.6946971970381,63,63,63,63,61,63,0,9004,1.9064526870154,22,-86,0.001869,51,2024-04-20 16:26:12.001755,286,1.037,0.0011,"aoml_navis",1027.55049638045
"7901009",32,0,1,0.014952,1,-0.007476,1,160.299868643307,1,4.86588990323228,288,1,18.7059993743896,36.5800018310547,0.0149520002305508,0,154.578903198242,-85.6676,22.2301,47.6946971970381,63,63,63,63,61,63,0,9004,1.9064526870154,22,-86,0.001869,51,2024-04-20 16:26:12.001755,288,1.037,0.0011,"aoml_navis",1027.56126822324
"7901009",32,0,4,0.009345,1,-0.013083,1,160.310233046856,1,4.86583137549217,290,1,18.6830005645752,36.5769996643066,0.00934499967843294,0,154.588897705078,-85.6676,22.2301,47.6946971970381,63,63,63,63,61,63,0,9004,1.9064526870154,22,-86,0.001869,51,2024-04-20 16:26:12.001755,290,1.037,0.0011,"aoml_navis",1027.57362805123
"7901009",32,0,1,0.013083,1,-0.009345,1,160.468578980166,1,4.86578013951637,292,1,18.6630001068115,36.5730018615723,0.0130829997360706,0,154.741592407227,-85.6676,22.2301,47.6946971970381,63,63,63,63,61,63,0,9004,1.9064526870154,22,-86,0.001869,51,2024-04-20 16:26:12.001755,292,1.037,0.0011,"aoml_navis",1027.58444825601
"7901009",32,0,1,0.016821,1,-0.005607,1,161.042671995696,1,4.86569932362742,294,1,18.6040000915527,36.5639991760254,0.0168210007250309,0,155.295196533203,-85.6676,22.2301,47.6946971970381,63,63,63,63,61,63,0,9004,1.9064526870154,22,-86,0.001869,51,2024-04-20 16:26:12.001755,294,1.037,0.0011,"aoml_navis",1027.60151572055
"7901009",32,0,1,0.013083,1,-0.009345,1,161.271749049411,1,4.86561505708002,296,1,18.5480003356934,36.556999206543,0.0130829997360706,0,155.516098022461,-85.6676,22.2301,47.6946971970381,63,63,63,63,61,63,0,9004,1.9064526870154,22,-86,0.001869,51,2024-04-20 16:26:12.001755,296,1.037,0.0011,"aoml_navis",1027.6193125316
"7901009",32,0,1,0.013083,1,-0.009345,1,161.489417347463,1,4.86551850072417,298,1,18.4610004425049,36.5429992675781,0.0130829997360706,0,155.725997924805,-85.6676,22.2301,47.6946971970381,63,63,63,63,61,63,0,9004,1.9064526870154,22,-86,0.001869,51,2024-04-20 16:26:12.001755,298,1.037,0.0011,"aoml_navis",1027.63970566669
"7901009",32,0,1,0.014952,1,-0.007476,1,161.529545786243,1,4.86542601678293,300,1,18.3950004577637,36.5349998474121,0.0149520002305508,0,155.764694213867,-85.6676,22.2301,47.6946971970381,63,63,63,63,61,63,0,9004,1.9064526870154,22,-86,0.001869,51,2024-04-20 16:26:12.001755,300,1.037,0.0011,"aoml_navis",1027.65923944848
"7901009",32,0,1,0.011214,1,-0.011214,1,161.572174340689,1,4.86536404122029,302,1,18.3600006103516,36.5289993286133,0.0112140001729131,0,155.805801391602,-85.6676,22.2301,47.6946971970381,63,63,63,63,61,63,0,9004,1.9064526870154,22,-86,0.001869,51,2024-04-20 16:26:12.001755,302,1.037,0.0011,"aoml_navis",1027.6723298892
"7901009",32,0,1,0.013083,1,-0.009345,1,161.526966552994,1,4.86532156476319,304,1,18.3530006408691,36.5270004272461,0.0130829997360706,0,155.76220703125,-85.6676,22.2301,47.6946971970381,63,63,63,63,61,63,0,9004,1.9064526870154,22,-86,0.001869,51,2024-04-20 16:26:12.001755,304,1.037,0.0011,"aoml_navis",1027.6813019333
"7901009",32,0,1,0.013083,1,-0.009345,1,161.452406141506,1,4.86526452093316,306,1,18.3279991149902,36.5229988098145,0.0130829997360706,0,155.690307617188,-85.6676,22.2301,47.6946971970381,63,63,63,63,61,63,0,9004,1.9064526870154,22,-86,0.001869,51,2024-04-20 16:26:12.001755,306,1.037,0.0011,"aoml_navis",1027.69335120159
"7901009",32,0,1,0.011214,1,-0.011214,1,160.868455074966,1,4.86520626150856,308,1,18.2959995269775,36.5169982910156,0.0112140001729131,0,155.127197265625,-85.6676,22.2301,47.6946971970381,63,63,63,63,61,63,0,9004,1.9064526870154,22,-86,0.001869,51,2024-04-20 16:26:12.001755,308,1.037,0.0011,"aoml_navis",1027.70565752944
"7901009",32,0,1,0.014952,1,-0.007476,1,159.854579055091,1,4.86510933902734,310,1,18.2169990539551,36.5060005187988,0.0149520002305508,0,154.149505615234,-85.6676,22.2301,47.6946971970381,63,63,63,63,61,63,0,9004,1.9064526870154,22,-86,0.001869,51,2024-04-20 16:26:12.001755,310,1.037,0.0011,"aoml_navis",1027.72613143359
"7901009",32,0,1,0.011214,1,-0.011214,1,158.577083244176,1,4.86504037843796,312,1,18.1639995574951,36.4959983825684,0.0112140001729131,0,152.917602539062,-85.6676,22.2301,47.6946971970381,63,63,63,63,61,63,0,9004,1.9064526870154,22,-86,0.001869,51,2024-04-20 16:26:12.001755,312,1.037,0.0011,"aoml_navis",1027.74069916463
"7901009",32,0,1,0.013083,1,-0.009345,1,157.580818798576,1,4.86493796475097,314,1,18.0590000152588,36.4780006408691,0.0130829997360706,0,151.956893920898,-85.6676,22.2301,47.6946971970381,63,63,63,63,61,63,0,9004,1.9064526870154,22,-86,0.001869,51,2024-04-20 16:26:12.001755,314,1.037,0.0011,"aoml_navis",1027.7623345308
"7901009",32,0,1,0.013083,1,-0.009345,1,157.467680652962,1,4.86485150123883,316,1,17.9729995727539,36.4620018005371,0.0130829997360706,0,151.847793579102,-85.6676,22.2301,47.6946971970381,63,63,63,63,61,63,0,9004,1.9064526870154,22,-86,0.001869,51,2024-04-20 16:26:12.001755,316,1.037,0.0011,"aoml_navis",1027.78060105776
"7901009",32,0,1,0.013083,1,-0.009345,1,156.763771505037,1,4.86478178738291,318,1,17.9249992370605,36.4539985656738,0.0130829997360706,0,151.169006347656,-85.6676,22.2301,47.6946971970381,63,63,63,63,61,63,0,9004,1.9064526870154,22,-86,0.001869,51,2024-04-20 16:26:12.001755,318,1.037,0.0011,"aoml_navis",1027.79532947763
"7901009",32,0,1,0.014952,1,-0.007476,1,155.944429801552,1,4.86466040441614,320.100006103516,1,17.8080005645752,36.4370002746582,0.0149520002305508,0,150.37890625,-85.6676,22.2301,47.6946971970381,63,63,63,63,61,63,0,9004,1.9064526870154,22,-86,0.001869,51,2024-04-20 16:26:12.001755,320.100006103516,1.037,0.0011,"aoml_navis",1027.82097501832
"7901009",32,0,1,0.014952,1,-0.007476,1,155.040875341288,1,4.86458269107726,322,1,17.7329998016357,36.4230003356934,0.0149520002305508,0,149.507598876953,-85.6676,22.2301,47.6946971970381,63,63,63,63,61,63,0,9004,1.9064526870154,22,-86,0.001869,51,2024-04-20 16:26:12.001755,322,1.037,0.0011,"aoml_navis",1027.83739480287
"7901009",32,0,1,0.013083,1,-0.009345,1,154.208890647824,1,4.86453577509573,324,1,17.7129993438721,36.4179992675781,0.0130829997360706,0,148.705307006836,-85.6676,22.2301,47.6946971970381,63,63,63,63,61,63,0,9004,1.9064526870154,22,-86,0.001869,51,2024-04-20 16:26:12.001755,324,1.037,0.0011,"aoml_navis",1027.8473077735
"7901009",32,0,1,0.014952,1,-0.007476,1,153.860551747467,1,4.86446310645644,326,1,17.6560001373291,36.4080009460449,0.0149520002305508,0,148.369400024414,-85.6676,22.2301,47.6946971970381,63,63,63,63,61,63,0,9004,1.9064526870154,22,-86,0.001869,51,2024-04-20 16:26:12.001755,326,1.037,0.0011,"aoml_navis",1027.86266245162
"7901009",32,0,1,0.013083,1,-0.009345,1,153.42189221282,1,4.86438687094275,328,1,17.6019992828369,36.4000015258789,0.0130829997360706,0,147.946395874023,-85.6676,22.2301,47.6946971970381,63,63,63,63,61,63,0,9004,1.9064526870154,22,-86,0.001869,51,2024-04-20 16:26:12.001755,328,1.037,0.0011,"aoml_navis",1027.87877129332
"7901009",32,0,1,0.016821,1,-0.005607,1,152.982932031352,1,4.86430408263375,330,1,17.5270004272461,36.3870010375977,0.0168210007250309,0,147.523101806641,-85.6676,22.2301,47.6946971970381,63,63,63,63,61,63,0,9004,1.9064526870154,22,-86,0.001869,51,2024-04-20 16:26:12.001755,330,1.037,0.0011,"aoml_navis",1027.89626533643
"7901009",32,0,1,0.014952,1,-0.007476,1,152.366115520275,1,4.86423293165463,332,1,17.4740009307861,36.3779983520508,0.0149520002305508,0,146.928298950195,-85.6676,22.2301,47.6946971970381,63,63,63,63,61,63,0,9004,1.9064526870154,22,-86,0.001869,51,2024-04-20 16:26:12.001755,332,1.037,0.0011,"aoml_navis",1027.91130076478
"7901009",32,0,1,0.013083,1,-0.009345,1,151.087385475044,1,4.86415031462482,334,1,17.4050006866455,36.367000579834,0.0130829997360706,0,145.695205688477,-85.6676,22.2301,47.6946971970381,63,63,63,63,61,63,0,9004,1.9064526870154,22,-86,0.001869,51,2024-04-20 16:26:12.001755,334,1.037,0.0011,"aoml_navis",1027.92875971919
"7901009",32,0,1,0.013083,1,-0.009345,1,150.244909789896,1,4.86402838843996,336,1,17.261999130249,36.3429985046387,0.0130829997360706,0,144.882797241211,-85.6676,22.2301,47.6946971970381,63,63,63,63,61,63,0,9004,1.9064526870154,22,-86,0.001869,51,2024-04-20 16:26:12.001755,336,1.037,0.0011,"aoml_navis",1027.95452672176
"7901009",32,0,1,0.014952,1,-0.007476,1,149.594294246786,1,4.86391838970137,338,1,17.1410007476807,36.3230018615723,0.0149520002305508,0,144.255401611328,-85.6676,22.2301,47.6946971970381,63,63,63,63,61,63,0,9004,1.9064526870154,22,-86,0.001869,51,2024-04-20 16:26:12.001755,338,1.037,0.0011,"aoml_navis",1027.97777417211
"7901009",32,0,1,0.016821,1,-0.005607,1,149.060551199272,1,4.86385296904488,340,1,17.0860004425049,36.3120002746582,0.0168210007250309,0,143.740707397461,-85.6676,22.2301,47.6946971970381,63,63,63,63,61,63,0,9004,1.9064526870154,22,-86,0.001869,51,2024-04-20 16:26:12.001755,340,1.037,0.0011,"aoml_navis",1027.9916008608
"7901009",32,0,1,0.01869,1,-0.003738,1,148.746944918442,1,4.86378303015277,342,1,17.0270004272461,36.3009986877441,0.0186899993568659,0,143.438293457031,-85.6676,22.2301,47.6946971970381,63,63,63,63,61,63,0,9004,1.9064526870154,22,-86,0.001869,51,2024-04-20 16:26:12.001755,342,1.037,0.0011,"aoml_navis",1028.00638289224
"7901009",32,0,4,0.009345,1,-0.013083,1,148.407435540498,1,4.86372071280811,344,1,16.9869995117188,36.2939987182617,0.00934499967843294,0,143.110900878906,-85.6676,22.2301,47.6946971970381,63,63,63,63,61,63,0,9004,1.9064526870154,22,-86,0.001869,51,2024-04-20 16:26:12.001755,344,1.037,0.0011,"aoml_navis",1028.01955441911
"7901009",32,0,1,0.014952,1,-0.007476,1,148.114162478844,1,4.86366970242265,346,1,16.9629993438721,36.2890014648438,0.0149520002305508,0,142.828094482422,-85.6676,22.2301,47.6946971970381,63,63,63,63,61,63,0,9004,1.9064526870154,22,-86,0.001869,51,2024-04-20 16:26:12.001755,346,1.037,0.0011,"aoml_navis",1028.0303363342
"7901009",32,0,1,0.01869,1,-0.003738,1,147.818405125043,1,4.86361425897854,348,1,16.931999206543,36.2830009460449,0.0186899993568659,0,142.542892456055,-85.6676,22.2301,47.6946971970381,63,63,63,63,61,63,0,9004,1.9064526870154,22,-86,0.001869,51,2024-04-20 16:26:12.001755,348,1.037,0.0011,"aoml_navis",1028.04205550835
"7901009",32,0,1,0.011214,1,-0.011214,1,147.718748615801,1,4.86354878559754,350,1,16.8859996795654,36.2750015258789,0.0112140001729131,0,142.446792602539,-85.6676,22.2301,47.6946971970381,63,63,63,63,61,63,0,9004,1.9064526870154,22,-86,0.001869,51,2024-04-20 16:26:12.001755,350,1.037,0.0011,"aoml_navis",1028.05589507122
"7901009",32,0,1,0.013083,1,-0.009345,1,148.204799583471,1,4.86348322725184,352,1,16.8430004119873,36.2680015563965,0.0130829997360706,0,142.915496826172,-85.6676,22.2301,47.6946971970381,63,63,63,63,61,63,0,9004,1.9064526870154,22,-86,0.001869,51,2024-04-20 16:26:12.001755,352,1.037,0.0011,"aoml_navis",1028.06975296701
"7901009",32,0,1,0.014952,1,-0.007476,1,148.621053018231,1,4.86341568995639,354,1,16.8360004425049,36.2729988098145,0.0149520002305508,0,143.31689453125,-85.6676,22.2301,47.6946971970381,63,63,63,63,61,63,0,9004,1.9064526870154,22,-86,0.001869,51,2024-04-20 16:26:12.001755,354,1.037,0.0011,"aoml_navis",1028.08402956911
"7901009",32,0,1,0.013083,1,-0.009345,1,148.50324693514,1,4.86337203062984,356,1,16.8339996337891,36.2729988098145,0.0130829997360706,0,143.20329284668,-85.6676,22.2301,47.6946971970381,63,63,63,63,61,63,0,9004,1.9064526870154,22,-86,0.001869,51,2024-04-20 16:26:12.001755,356,1.037,0.0011,"aoml_navis",1028.09325885613
"7901009",32,0,1,0.013083,1,-0.009345,1,148.26722335752,1,4.86331926064613,357.899993896484,1,16.8159999847412,36.2709999084473,0.0130829997360706,0,142.975692749023,-85.6676,22.2301,47.6946971970381,63,63,63,63,61,63,0,9004,1.9064526870154,22,-86,0.001869,51,2024-04-20 16:26:12.001755,357.899993896484,1.037,0.0011,"aoml_navis",1028.10441429579
"7901009",32,0,1,0.016821,1,-0.005607,1,148.059935286534,1,4.8632592112003,359.899993896484,1,16.7840003967285,36.265998840332,0.0168210007250309,0,142.775802612305,-85.6676,22.2301,47.6946971970381,63,63,63,63,61,63,0,9004,1.9064526870154,22,-86,0.001869,51,2024-04-20 16:26:12.001755,359.899993896484,1.037,0.0011,"aoml_navis",1028.11710888961
"7901009",32,0,1,0.016821,1,-0.005607,1,147.878249665842,1,4.86320322796089,362,1,16.7509994506836,36.2589988708496,0.0168210007250309,0,142.600601196289,-85.6676,22.2301,47.6946971970381,63,63,63,63,61,63,0,9004,1.9064526870154,22,-86,0.001869,51,2024-04-20 16:26:12.001755,362,1.037,0.0011,"aoml_navis",1028.12894416022
"7901009",32,0,1,0.01869,1,-0.003738,1,147.730885253239,1,4.86315780979266,364,1,16.738000869751,36.2560005187988,0.0186899993568659,0,142.45849609375,-85.6676,22.2301,47.6946971970381,63,63,63,63,61,63,0,9004,1.9064526870154,22,-86,0.001869,51,2024-04-20 16:26:12.001755,364,1.037,0.0011,"aoml_navis",1028.1385460969
"7901009",32,0,1,0.014952,1,-0.007476,1,147.304789590987,1,4.86311336446483,366,1,16.7290000915527,36.2540016174316,0.0149520002305508,0,142.047607421875,-85.6676,22.2301,47.6946971970381,63,63,63,63,61,63,0,9004,1.9064526870154,22,-86,0.001869,51,2024-04-20 16:26:12.001755,366,1.037,0.0011,"aoml_navis",1028.14794253727
"7901009",32,0,1,0.014952,1,-0.007476,1,146.722705699437,1,4.86304480804668,368,1,16.6800003051758,36.2459983825684,0.0149520002305508,0,141.486297607422,-85.6676,22.2301,47.6946971970381,63,63,63,63,61,63,0,9004,1.9064526870154,22,-86,0.001869,51,2024-04-20 16:26:12.001755,368,1.037,0.0011,"aoml_navis",1028.16243677761
"7901009",32,0,1,0.013083,1,-0.009345,1,146.212080810069,1,4.86294454861926,370,1,16.5809993743896,36.2309989929199,0.0130829997360706,0,140.993896484375,-85.6676,22.2301,47.6946971970381,63,63,63,63,61,63,0,9004,1.9064526870154,22,-86,0.001869,51,2024-04-20 16:26:12.001755,370,1.037,0.0011,"aoml_navis",1028.18363442364
"7901009",32,0,1,0.014952,1,-0.007476,1,145.82165135484,1,4.86280889698298,372,1,16.4249992370605,36.2080001831055,0.0149520002305508,0,140.617401123047,-85.6676,22.2301,47.6946971970381,63,63,63,63,61,63,0,9004,1.9064526870154,22,-86,0.001869,51,2024-04-20 16:26:12.001755,372,1.037,0.0011,"aoml_navis",1028.21231636352
"7901009",32,0,1,0.014952,1,-0.007476,1,145.915595574492,1,4.86273367668683,374,1,16.3439998626709,36.1920013427734,0.0149520002305508,0,140.707992553711,-85.6676,22.2301,47.6946971970381,63,63,63,63,61,63,0,9004,1.9064526870154,22,-86,0.001869,51,2024-04-20 16:26:12.001755,374,1.037,0.0011,"aoml_navis",1028.22822149839
"7901009",32,0,1,0.01869,1,-0.003738,1,145.909582638082,1,4.86269137618347,376,1,16.3400001525879,36.1910018920898,0.0186899993568659,0,140.702194213867,-85.6676,22.2301,47.6946971970381,63,63,63,63,61,63,0,9004,1.9064526870154,22,-86,0.001869,51,2024-04-20 16:26:12.001755,376,1.037,0.0011,"aoml_navis",1028.23716604534
"7901009",32,0,1,0.013083,1,-0.009345,1,145.877745722141,1,4.86263709926568,378,1,16.3190002441406,36.1879997253418,0.0130829997360706,0,140.671493530273,-85.6676,22.2301,47.6946971970381,63,63,63,63,61,63,0,9004,1.9064526870154,22,-86,0.001869,51,2024-04-20 16:26:12.001755,378,1.037,0.0011,"aoml_navis",1028.24864326295
"7901009",32,0,1,0.014952,1,-0.007476,1,145.763056871873,1,4.86257943193196,380,1,16.2950000762939,36.185001373291,0.0149520002305508,0,140.560897827148,-85.6676,22.2301,47.6946971970381,63,63,63,63,61,63,0,9004,1.9064526870154,22,-86,0.001869,51,2024-04-20 16:26:12.001755,380,1.037,0.0011,"aoml_navis",1028.26083768743
"7901009",32,0,1,0.01869,1,-0.003738,1,145.642149379476,1,4.86253196967066,382,1,16.2800006866455,36.181999206543,0.0186899993568659,0,140.444305419922,-85.6676,22.2301,47.6946971970381,63,63,63,63,61,63,0,9004,1.9064526870154,22,-86,0.001869,51,2024-04-20 16:26:12.001755,382,1.037,0.0011,"aoml_navis",1028.27087434834
"7901009",32,0,1,0.016821,1,-0.005607,1,145.31300440508,1,4.8624820053836,384,1,16.2660007476807,36.1800003051758,0.0168210007250309,0,140.126907348633,-85.6676,22.2301,47.6946971970381,63,63,63,63,61,63,0,9004,1.9064526870154,22,-86,0.001869,51,2024-04-20 16:26:12.001755,384,1.037,0.0011,"aoml_navis",1028.28144031467
"7901009",32,0,1,0.014952,1,-0.007476,1,144.997230302439,1,4.86241923472557,386,1,16.2310009002686,36.1749992370605,0.0149520002305508,0,139.822402954102,-85.6676,22.2301,47.6946971970381,63,63,63,63,61,63,0,9004,1.9064526870154,22,-86,0.001869,51,2024-04-20 16:26:12.001755,386,1.037,0.0011,"aoml_navis",1028.29471475678
"7901009",32,0,1,0.014952,1,-0.007476,1,144.43465680719,1,4.86237654322699,388,1,16.2169990539551,36.1710014343262,0.0149520002305508,0,139.279907226562,-85.6676,22.2301,47.6946971970381,63,63,63,63,61,63,0,9004,1.9064526870154,22,-86,0.001869,51,2024-04-20 16:26:12.001755,388,1.037,0.0011,"aoml_navis",1028.30374314896
"7901009",32,0,1,0.01869,1,-0.003738,1,143.894774235131,1,4.86233323545293,390,1,16.1959991455078,36.1650009155273,0.0186899993568659,0,138.759292602539,-85.6676,22.2301,47.6946971970381,63,63,63,63,61,63,0,9004,1.9064526870154,22,-86,0.001869,51,2024-04-20 16:26:12.001755,390,1.037,0.0011,"aoml_navis",1028.31290203298
"7901009",32,0,1,0.016821,1,-0.005607,1,143.47437503895,1,4.86228068858014,392,1,16.1700000762939,36.1599998474121,0.0168210007250309,0,138.353897094727,-85.6676,22.2301,47.6946971970381,63,63,63,63,61,63,0,9004,1.9064526870154,22,-86,0.001869,51,2024-04-20 16:26:12.001755,392,1.037,0.0011,"aoml_navis",1028.32401505395
"7901009",32,0,1,0.016821,1,-0.005607,1,143.526228703731,1,4.86221143923266,394,1,16.113000869751,36.1500015258789,0.0168210007250309,0,138.403900146484,-85.6676,22.2301,47.6946971970381,63,63,63,63,61,63,0,9004,1.9064526870154,22,-86,0.001869,51,2024-04-20 16:26:12.001755,394,1.037,0.0011,"aoml_navis",1028.33866081091
"7901009",32,0,1,0.020559,1,-0.001869,1,143.706869972309,1,4.86214049385873,396,1,16.0769996643066,36.1469993591309,0.020558999851346,0,138.578094482422,-85.6676,22.2301,47.6946971970381,63,63,63,63,61,63,0,9004,1.9064526870154,22,-86,0.001869,51,2024-04-20 16:26:12.001755,396,1.037,0.0011,"aoml_navis",1028.35366569835
"7901009",32,0,1,0.014952,1,-0.007476,1,143.320491337398,1,4.8620793567756,398,1,16.0400009155273,36.140998840332,0.0149520002305508,0,138.205505371094,-85.6676,22.2301,47.6946971970381,63,63,63,63,61,63,0,9004,1.9064526870154,22,-86,0.001869,51,2024-04-20 16:26:12.001755,398,1.037,0.0011,"aoml_navis",1028.36659649173
"7901009",32,0,1,0.014952,1,-0.007476,1,142.936058995061,1,4.8620101243376,400,1,15.9860000610352,36.1319999694824,0.0149520002305508,0,137.83479309082,-85.6676,22.2301,47.6946971970381,63,63,63,63,61,63,0,9004,1.9064526870154,22,-86,0.001869,51,2024-04-20 16:26:12.001755,400,1.037,0.0011,"aoml_navis",1028.38123988506
"7901009",32,0,1,0.01869,1,-0.003738,1,142.818157970869,1,4.861920937486,402,1,15.9010000228882,36.1189994812012,0.0186899993568659,0,137.721099853516,-85.6676,22.2301,47.6946971970381,63,63,63,63,61,63,0,9004,1.9064526870154,22,-86,0.001869,51,2024-04-20 16:26:12.001755,402,1.037,0.0011,"aoml_navis",1028.4001044627
"7901009",32,0,1,0.016821,1,-0.005607,1,142.524473497778,1,4.86186756327132,404,1,15.8739995956421,36.1139984130859,0.0168210007250309,0,137.437896728516,-85.6676,22.2301,47.6946971970381,63,63,63,63,61,63,0,9004,1.9064526870154,22,-86,0.001869,51,2024-04-20 16:26:12.001755,404,1.037,0.0011,"aoml_navis",1028.41139437285
"7901009",32,0,1,0.014952,1,-0.007476,1,142.052014931098,1,4.86181308967164,406,1,15.8459997177124,36.109001159668,0.0149520002305508,0,136.982299804688,-85.6676,22.2301,47.6946971970381,63,63,63,63,61,63,0,9004,1.9064526870154,22,-86,0.001869,51,2024-04-20 16:26:12.001755,406,1.037,0.0011,"aoml_navis",1028.42291708456
"7901009",32,0,1,0.013083,1,-0.009345,1,141.330873973303,1,4.86175761751011,408,1,15.8039999008179,36.0999984741211,0.0130829997360706,0,136.286895751953,-85.6676,22.2301,47.6946971970381,63,63,63,63,61,63,0,9004,1.9064526870154,22,-86,0.001869,51,2024-04-20 16:26:12.001755,408,1.037,0.0011,"aoml_navis",1028.43465128578
"7901009",32,0,1,0.01869,1,-0.003738,1,140.388235426373,1,4.86165870202012,410,1,15.6899995803833,36.0810012817383,0.0186899993568659,0,135.377899169922,-85.6676,22.2301,47.6946971970381,63,63,63,63,61,63,0,9004,1.9064526870154,22,-86,0.001869,51,2024-04-20 16:26:12.001755,410,1.037,0.0011,"aoml_navis",1028.4555758557
"7901009",32,0,1,0.01869,1,-0.003738,1,139.78448914023,1,4.86152808129477,412,1,15.5170001983643,36.0530014038086,0.0186899993568659,0,134.795700073242,-85.6676,22.2301,47.6946971970381,63,63,63,63,61,63,0,9004,1.9064526870154,22,-86,0.001869,51,2024-04-20 16:26:12.001755,412,1.037,0.0011,"aoml_navis",1028.48320865162
"7901009",32,0,1,0.014952,1,-0.007476,1,139.556962791168,1,4.86141886412562,414,1,15.3889999389648,36.0330009460449,0.0149520002305508,0,134.576293945312,-85.6676,22.2301,47.6946971970381,63,63,63,63,61,63,0,9004,1.9064526870154,22,-86,0.001869,51,2024-04-20 16:26:12.001755,414,1.037,0.0011,"aoml_navis",1028.50631466814
"7901009",32,0,1,0.016821,1,-0.005607,1,139.233625047463,1,4.86134085909028,416,1,15.3190002441406,36.0219993591309,0.0168210007250309,0,134.264495849609,-85.6676,22.2301,47.6946971970381,63,63,63,63,61,63,0,9004,1.9064526870154,22,-86,0.001869,51,2024-04-20 16:26:12.001755,416,1.037,0.0011,"aoml_navis",1028.52281807198
"7901009",32,0,1,0.024297,1,0.001869,1,138.922946117254,1,4.86126124316672,418,1,15.2440004348755,36.0099983215332,0.0242970008403063,0,133.964904785156,-85.6676,22.2301,47.6946971970381,63,63,63,63,61,63,0,9004,1.9064526870154,22,-86,0.001869,51,2024-04-20 16:26:12.001755,418,1.037,0.0011,"aoml_navis",1028.53966283509
"7901009",32,0,1,0.020559,1,-0.001869,1,138.43140438923,1,4.86120999235667,420,1,15.2150001525879,36.0040016174316,0.020558999851346,0,133.490905761719,-85.6676,22.2301,47.6946971970381,63,63,63,63,61,63,0,9004,1.9064526870154,22,-86,0.001869,51,2024-04-20 16:26:12.001755,420,1.037,0.0011,"aoml_navis",1028.55050653264
"7901009",32,0,1,0.014952,1,-0.007476,1,137.844351913384,1,4.86113898291271,422,1,15.1510000228882,35.9930000305176,0.0149520002305508,0,132.9248046875,-85.6676,22.2301,47.6946971970381,63,63,63,63,61,63,0,9004,1.9064526870154,22,-86,0.001869,51,2024-04-20 16:26:12.001755,422,1.037,0.0011,"aoml_navis",1028.56553115955
"7901009",32,0,1,0.016821,1,-0.005607,1,137.329264792259,1,4.8610473897909,424,1,15.0509996414185,35.9770011901855,0.0168210007250309,0,132.428100585938,-85.6676,22.2301,47.6946971970381,63,63,63,63,61,63,0,9004,1.9064526870154,22,-86,0.001869,51,2024-04-20 16:26:12.001755,424,1.037,0.0011,"aoml_navis",1028.58491165935
"7901009",32,0,1,0.01869,1,-0.003738,1,136.789398043717,1,4.86096334355419,426,1,14.9610004425049,35.9620018005371,0.0186899993568659,0,131.907501220703,-85.6676,22.2301,47.6946971970381,63,63,63,63,61,63,0,9004,1.9064526870154,22,-86,0.001869,51,2024-04-20 16:26:12.001755,426,1.037,0.0011,"aoml_navis",1028.60269593067
"7901009",32,0,1,0.020559,1,-0.001869,1,136.354156388713,1,4.86088779998296,428,1,14.8819999694824,35.9480018615723,0.020558999851346,0,131.48779296875,-85.6676,22.2301,47.6946971970381,63,63,63,63,61,63,0,9004,1.9064526870154,22,-86,0.001869,51,2024-04-20 16:26:12.001755,428,1.037,0.0011,"aoml_navis",1028.61868155392
"7901009",32,0,4,0.011214,1,-0.011214,1,135.899530925545,1,4.86082710886578,430,1,14.8369998931885,35.939998626709,0.0112140001729131,0,131.049392700195,-85.6676,22.2301,47.6946971970381,63,63,63,63,61,63,0,9004,1.9064526870154,22,-86,0.001869,51,2024-04-20 16:26:12.001755,430,1.037,0.0011,"aoml_navis",1028.63152463917
"7901009",32,0,1,0.022428,1,0,1,135.588646289617,1,4.86075557938248,432,1,14.7749996185303,35.9300003051758,0.0224280003458261,0,130.749603271484,-85.6676,22.2301,47.6946971970381,63,63,63,63,61,63,0,9004,1.9064526870154,22,-86,0.001869,51,2024-04-20 16:26:12.001755,432,1.037,0.0011,"aoml_navis",1028.6466616853
"7901009",32,0,1,0.016821,1,-0.005607,1,135.337685312072,1,4.86069701476641,434,1,14.7250003814697,35.9199981689453,0.0168210007250309,0,130.507598876953,-85.6676,22.2301,47.6946971970381,63,63,63,63,61,63,0,9004,1.9064526870154,22,-86,0.001869,51,2024-04-20 16:26:12.001755,434,1.037,0.0011,"aoml_navis",1028.65905544213
"7901009",32,0,4,0.016821,1,-0.005607,1,134.714539394247,1,4.86065293368411,436,1,14.7089996337891,35.9160003662109,0.0168210007250309,0,129.906692504883,-85.6676,22.2301,47.6946971970381,63,63,63,63,61,63,0,9004,1.9064526870154,22,-86,0.001869,51,2024-04-20 16:26:12.001755,436,1.037,0.0011,"aoml_navis",1028.66838431319
"7901009",32,0,1,0.024297,1,0.001869,1,133.745871162068,1,4.86059892127144,438,1,14.6700000762939,35.9080009460449,0.0242970008403063,0,128.972595214844,-85.6676,22.2301,47.6946971970381,63,63,63,63,61,63,0,9004,1.9064526870154,22,-86,0.001869,51,2024-04-20 16:26:12.001755,438,1.037,0.0011,"aoml_navis",1028.67981518049
"7901009",32,0,1,0.024297,1,0.001869,1,132.423998298093,1,4.860530222394,440,1,14.576000213623,35.8880004882812,0.0242970008403063,0,127.697898864746,-85.6676,22.2301,47.6946971970381,63,63,63,63,61,63,0,9004,1.9064526870154,22,-86,0.001869,51,2024-04-20 16:26:12.001755,440,1.037,0.0011,"aoml_navis",1028.69435457132
"7901009",32,0,1,0.024297,1,0.001869,1,132.363853110473,1,4.86030950075272,442,1,14.253999710083,35.8440017700195,0.0242970008403063,0,127.63990020752,-85.6676,22.2301,47.6946971970381,63,63,63,63,61,63,0,9004,1.9064526870154,22,-86,0.001869,51,2024-04-20 16:26:12.001755,442,1.037,0.0011,"aoml_navis",1028.74107075396
"7901009",32,0,1,0.024297,1,0.001869,1,132.230081098861,1,4.86025723201866,444,1,14.2089996337891,35.8339996337891,0.0242970008403063,0,127.510902404785,-85.6676,22.2301,47.6946971970381,63,63,63,63,61,63,0,9004,1.9064526870154,22,-86,0.001869,51,2024-04-20 16:26:12.001755,444,1.037,0.0011,"aoml_navis",1028.75213415881
"7901009",32,0,4,0.016821,1,-0.005607,1,131.981715178083,1,4.86021449544783,446,1,14.1940002441406,35.8300018310547,0.0168210007250309,0,127.27140045166,-85.6676,22.2301,47.6946971970381,63,63,63,63,61,63,0,9004,1.9064526870154,22,-86,0.001869,51,2024-04-20 16:26:12.001755,446,1.037,0.0011,"aoml_navis",1028.76118012551
"7901009",32,0,1,0.022428,1,0,1,131.729306348744,1,4.86016760692743,448,1,14.1750001907349,35.826000213623,0.0224280003458261,0,127.02799987793,-85.6676,22.2301,47.6946971970381,63,63,63,63,61,63,0,9004,1.9064526870154,22,-86,0.001869,51,2024-04-20 16:26:12.001755,448,1.037,0.0011,"aoml_navis",1028.7711051103
"7901009",32,0,1,0.016821,1,-0.005607,1,131.427124647094,1,4.86012020894145,450,1,14.1590003967285,35.8230018615723,0.0168210007250309,0,126.736602783203,-85.6676,22.2301,47.6946971970381,63,63,63,63,61,63,0,9004,1.9064526870154,22,-86,0.001869,51,2024-04-20 16:26:12.001755,450,1.037,0.0011,"aoml_navis",1028.7811381293
"7901009",32,0,1,0.014952,1,-0.007476,1,131.083556537072,1,4.86007177182044,452,1,14.1350002288818,35.818000793457,0.0149520002305508,0,126.405296325684,-85.6676,22.2301,47.6946971970381,63,63,63,63,61,63,0,9004,1.9064526870154,22,-86,0.001869,51,2024-04-20 16:26:12.001755,452,1.037,0.0011,"aoml_navis",1028.79139131049
"7901009",32,0,1,0.01869,1,-0.003738,1,130.768098904768,1,4.86000982247209,454,1,14.0909996032715,35.8110008239746,0.0186899993568659,0,126.101097106934,-85.6676,22.2301,47.6946971970381,63,63,63,63,61,63,0,9004,1.9064526870154,22,-86,0.001869,51,2024-04-20 16:26:12.001755,454,1.037,0.0011,"aoml_navis",1028.804505061
"7901009",32,0,1,0.022428,1,0,1,130.338158127916,1,4.85995729520101,456,1,14.0559997558594,35.8040008544922,0.0224280003458261,0,125.686500549316,-85.6676,22.2301,47.6946971970381,63,63,63,63,61,63,0,9004,1.9064526870154,22,-86,0.001869,51,2024-04-20 16:26:12.001755,456,1.037,0.0011,"aoml_navis",1028.81562456059
"7901009",32,0,1,0.016821,1,-0.005607,1,129.956431606964,1,4.85988725071129,458,1,13.9899997711182,35.7929992675781,0.0168210007250309,0,125.318397521973,-85.6676,22.2301,47.6946971970381,63,63,63,63,61,63,0,9004,1.9064526870154,22,-86,0.001869,51,2024-04-20 16:26:12.001755,458,1.037,0.0011,"aoml_navis",1028.83045265468
"7901009",32,0,1,0.016821,1,-0.005607,1,129.460641264661,1,4.85981172986304,460,1,13.914999961853,35.7809982299805,0.0168210007250309,0,124.840301513672,-85.6676,22.2301,47.6946971970381,63,63,63,63,61,63,0,9004,1.9064526870154,22,-86,0.001869,51,2024-04-20 16:26:12.001755,460,1.037,0.0011,"aoml_navis",1028.84644054738
"7901009",32,0,1,0.01869,1,-0.003738,1,128.969408095216,1,4.85973231324582,462,1,13.8360004425049,35.7690010070801,0.0186899993568659,0,124.366600036621,-85.6676,22.2301,47.6946971970381,63,63,63,63,61,63,0,9004,1.9064526870154,22,-86,0.001869,51,2024-04-20 16:26:12.001755,462,1.037,0.0011,"aoml_navis",1028.86325371705
"7901009",32,0,1,0.020559,1,-0.001869,1,128.263718801643,1,4.85967874132458,464,1,13.7889995574951,35.7589988708496,0.020558999851346,0,123.686096191406,-85.6676,22.2301,47.6946971970381,63,63,63,63,61,63,0,9004,1.9064526870154,22,-86,0.001869,51,2024-04-20 16:26:12.001755,464,1.037,0.0011,"aoml_navis",1028.87459565633
"7901009",32,0,1,0.016821,1,-0.005607,1,127.658216105128,1,4.85959634101809,466,1,13.6960000991821,35.7439994812012,0.0168210007250309,0,123.102203369141,-85.6676,22.2301,47.6946971970381,63,63,63,63,61,63,0,9004,1.9064526870154,22,-86,0.001869,51,2024-04-20 16:26:12.001755,466,1.037,0.0011,"aoml_navis",1028.89204146378
"7901009",32,0,1,0.022428,1,0,1,127.318588050807,1,4.85953252343447,468,1,13.6280002593994,35.7309989929199,0.0224280003458261,0,122.774696350098,-85.6676,22.2301,47.6946971970381,63,63,63,63,61,63,0,9004,1.9064526870154,22,-86,0.001869,51,2024-04-20 16:26:12.001755,468,1.037,0.0011,"aoml_navis",1028.9055533404
"7901009",32,0,1,0.022428,1,0,1,127.021699315549,1,4.85947061062286,470,1,13.576000213623,35.7220001220703,0.0224280003458261,0,122.488403320312,-85.6676,22.2301,47.6946971970381,63,63,63,63,61,63,0,9004,1.9064526870154,22,-86,0.001869,51,2024-04-20 16:26:12.001755,470,1.037,0.0011,"aoml_navis",1028.91866226538
"7901009",32,0,1,0.01869,1,-0.003738,1,126.712666031094,1,4.85940211987275,472,1,13.5209999084473,35.7140007019043,0.0186899993568659,0,122.190399169922,-85.6676,22.2301,47.6946971970381,63,63,63,63,61,63,0,9004,1.9064526870154,22,-86,0.001869,51,2024-04-20 16:26:12.001755,472,1.037,0.0011,"aoml_navis",1028.93316433976
"7901009",32,0,1,0.022428,1,0,1,126.505575754069,1,4.85933050285897,474,1,13.4519996643066,35.7029991149902,0.0224280003458261,0,121.990699768066,-85.6676,22.2301,47.6946971970381,63,63,63,63,61,63,0,9004,1.9064526870154,22,-86,0.001869,51,2024-04-20 16:26:12.001755,474,1.037,0.0011,"aoml_navis",1028.94832879926
"7901009",32,0,1,0.020559,1,-0.001869,1,126.259599184338,1,4.85927887211523,476,1,13.4169998168945,35.6959991455078,0.020558999851346,0,121.75350189209,-85.6676,22.2301,47.6946971970381,63,63,63,63,61,63,0,9004,1.9064526870154,22,-86,0.001869,51,2024-04-20 16:26:12.001755,476,1.037,0.0011,"aoml_navis",1028.95926156704
"7901009",32,0,1,0.020559,1,-0.001869,1,126.205047609931,1,4.8592242592472,478,1,13.378999710083,35.6889991760254,0.020558999851346,0,121.700897216797,-85.6676,22.2301,47.6946971970381,63,63,63,63,61,63,0,9004,1.9064526870154,22,-86,0.001869,51,2024-04-20 16:26:12.001755,478,1.037,0.0011,"aoml_navis",1028.97082605004
"7901009",32,0,1,0.024297,1,0.001869,1,125.95088237022,1,4.8591783298532,480,1,13.3640003204346,35.6860008239746,0.0242970008403063,0,121.45580291748,-85.6676,22.2301,47.6946971970381,63,63,63,63,61,63,0,9004,1.9064526870154,22,-86,0.001869,51,2024-04-20 16:26:12.001755,480,1.037,0.0011,"aoml_navis",1028.98055197556
"7901009",32,0,1,0.020559,1,-0.001869,1,125.506209899163,1,4.85911497168819,482,1,13.3100004196167,35.6769981384277,0.020558999851346,0,121.027000427246,-85.6676,22.2301,47.6946971970381,63,63,63,63,61,63,0,9004,1.9064526870154,22,-86,0.001869,51,2024-04-20 16:26:12.001755,482,1.037,0.0011,"aoml_navis",1028.99396888789
"7901009",32,0,1,0.01869,1,-0.003738,1,125.263651209075,1,4.85900790756003,484,1,13.1759996414185,35.6580009460449,0.0186899993568659,0,120.793098449707,-85.6676,22.2301,47.6946971970381,63,63,63,63,61,63,0,9004,1.9064526870154,22,-86,0.001869,51,2024-04-20 16:26:12.001755,484,1.037,0.0011,"aoml_navis",1029.01664189939
"7901009",32,0,1,0.022428,1,0,1,125.337175180208,1,4.85887975953192,486,1,12.9980001449585,35.632999420166,0.0224280003458261,0,120.863998413086,-85.6676,22.2301,47.6946971970381,63,63,63,63,61,63,0,9004,1.9064526870154,22,-86,0.001869,51,2024-04-20 16:26:12.001755,486,1.037,0.0011,"aoml_navis",1029.04378117018
"7901009",32,0,1,0.020559,1,-0.001869,1,125.244259489152,1,4.85881127406292,488,1,12.9379997253418,35.6240005493164,0.020558999851346,0,120.774398803711,-85.6676,22.2301,47.6946971970381,63,63,63,63,61,63,0,9004,1.9064526870154,22,-86,0.001869,51,2024-04-20 16:26:12.001755,488,1.037,0.0011,"aoml_navis",1029.05828565328
"7901009",32,0,1,0.020559,1,-0.001869,1,125.182247126542,1,4.85876068656504,490,1,12.9069995880127,35.6180000305176,0.020558999851346,0,120.714599609375,-85.6676,22.2301,47.6946971970381,63,63,63,63,61,63,0,9004,1.9064526870154,22,-86,0.001869,51,2024-04-20 16:26:12.001755,490,1.037,0.0011,"aoml_navis",1029.06899980184
"7901009",32,0,1,0.020559,1,-0.001869,1,125.163377582675,1,4.85870284910911,492,1,12.8760004043579,35.6139984130859,0.020558999851346,0,120.696403503418,-85.6676,22.2301,47.6946971970381,63,63,63,63,61,63,0,9004,1.9064526870154,22,-86,0.001869,51,2024-04-20 16:26:12.001755,492,1.037,0.0011,"aoml_navis",1029.08124972426
"7901009",32,0,1,0.020559,1,-0.001869,1,125.097005841168,1,4.85865225026482,494,1,12.8559999465942,35.6110000610352,0.020558999851346,0,120.632400512695,-85.6676,22.2301,47.6946971970381,63,63,63,63,61,63,0,9004,1.9064526870154,22,-86,0.001869,51,2024-04-20 16:26:12.001755,494,1.037,0.0011,"aoml_navis",1029.09196675425
"7901009",32,0,1,0.01869,1,-0.003738,1,125.094616490121,1,4.85860067965578,496,1,12.835000038147,35.6080017089844,0.0186899993568659,0,120.630096435547,-85.6676,22.2301,47.6946971970381,63,63,63,63,61,63,0,9004,1.9064526870154,22,-86,0.001869,51,2024-04-20 16:26:12.001755,496,1.037,0.0011,"aoml_navis",1029.10288983746
"7901009",32,0,1,0.022428,1,0,1,125.080723442309,1,4.8585560422359,498,1,12.8210000991821,35.6049995422363,0.0224280003458261,0,120.61669921875,-85.6676,22.2301,47.6946971970381,63,63,63,63,61,63,0,9004,1.9064526870154,22,-86,0.001869,51,2024-04-20 16:26:12.001755,498,1.037,0.0011,"aoml_navis",1029.11234460085
"7901009",32,0,1,0.020559,1,-0.001869,1,125.027319072876,1,4.85851101160134,500,1,12.8140001296997,35.6040000915527,0.020558999851346,0,120.565200805664,-85.6676,22.2301,47.6946971970381,63,63,63,63,61,63,0,9004,1.9064526870154,22,-86,0.001869,51,2024-04-20 16:26:12.001755,500,1.037,0.0011,"aoml_navis",1029.12188282805
"7901009",32,0,1,0.022428,1,0,1,125.013940289363,1,4.85844313892732,502,1,12.7690000534058,35.5989990234375,0.0224280003458261,0,120.552299499512,-85.6676,22.2301,47.6946971970381,63,63,63,63,61,63,0,9004,1.9064526870154,22,-86,0.001869,51,2024-04-20 16:26:12.001755,502,1.037,0.0011,"aoml_navis",1029.13625970807
"7901009",32,0,1,0.020559,1,-0.001869,1,124.931080443278,1,4.85839007461835,504,1,12.7390003204346,35.5940017700195,0.020558999851346,0,120.472396850586,-85.6676,22.2301,47.6946971970381,63,63,63,63,61,63,0,9004,1.9064526870154,22,-86,0.001869,51,2024-04-20 16:26:12.001755,504,1.037,0.0011,"aoml_navis",1029.14750014032
"7901009",32,0,1,0.020559,1,-0.001869,1,124.844802717549,1,4.85833173336811,506,1,12.7110004425049,35.5909996032715,0.020558999851346,0,120.389198303223,-85.6676,22.2301,47.6946971970381,63,63,63,63,61,63,0,9004,1.9064526870154,22,-86,0.001869,51,2024-04-20 16:26:12.001755,506,1.037,0.0011,"aoml_navis",1029.15985865248
"7901009",32,0,1,0.022428,1,0,1,124.555580476214,1,4.85828223695104,508,1,12.6920003890991,35.5880012512207,0.0224280003458261,0,120.110298156738,-85.6676,22.2301,47.6946971970381,63,63,63,63,61,63,0,9004,1.9064526870154,22,-86,0.001869,51,2024-04-20 16:26:12.001755,508,1.037,0.0011,"aoml_navis",1029.17034378347
"7901009",32,0,1,0.01869,1,-0.003738,1,124.094111342,1,4.85823319422926,510,1,12.6660003662109,35.5830001831055,0.0186899993568659,0,119.665298461914,-85.6676,22.2301,47.6946971970381,63,63,63,63,61,63,0,9004,1.9064526870154,22,-86,0.001869,51,2024-04-20 16:26:12.001755,510,1.037,0.0011,"aoml_navis",1029.1807330161
"7901009",32,0,1,0.026166,1,0.003738,1,123.526450586077,1,4.85817331340402,512,1,12.6140003204346,35.5740013122559,0.0261659994721413,0,119.117897033691,-85.6676,22.2301,47.6946971970381,63,63,63,63,61,63,0,9004,1.9064526870154,22,-86,0.001869,51,2024-04-20 16:26:12.001755,512,1.037,0.0011,"aoml_navis",1029.19341848194
"7901009",32,0,1,0.024297,1,0.001869,1,122.965427795481,1,4.85810668319089,514,1,12.539999961853,35.5610008239746,0.0242970008403063,0,118.57689666748,-85.6676,22.2301,47.6946971970381,63,63,63,63,61,63,0,9004,1.9064526870154,22,-86,0.001869,51,2024-04-20 16:26:12.001755,514,1.037,0.0011,"aoml_navis",1029.20753414083
"7901009",32,0,1,0.020559,1,-0.001869,1,122.274264490394,1,4.85804271385107,516,1,12.4759998321533,35.5499992370605,0.020558999851346,0,117.910400390625,-85.6676,22.2301,47.6946971970381,63,63,63,63,61,63,0,9004,1.9064526870154,22,-86,0.001869,51,2024-04-20 16:26:12.001755,516,1.037,0.0011,"aoml_navis",1029.22108645611
"7901009",32,0,1,0.024297,1,0.001869,1,121.914113334693,1,4.85797196431099,518,1,12.3859996795654,35.5340003967285,0.0242970008403063,0,117.563102722168,-85.6676,22.2301,47.6946971970381,63,63,63,63,61,63,0,9004,1.9064526870154,22,-86,0.001869,51,2024-04-20 16:26:12.001755,518,1.037,0.0011,"aoml_navis",1029.236075616
"7901009",32,0,1,0.026166,1,0.003738,1,121.656830862159,1,4.8578995178334,520,1,12.3090000152588,35.5219993591309,0.0261659994721413,0,117.315002441406,-85.6676,22.2301,47.6946971970381,63,63,63,63,61,63,0,9004,1.9064526870154,22,-86,0.001869,51,2024-04-20 16:26:12.001755,520,1.037,0.0011,"aoml_navis",1029.2514247454
"7901009",32,0,1,0.026166,1,0.003738,1,121.413963613493,1,4.85783079433761,522,1,12.2469997406006,35.5130004882812,0.0261659994721413,0,117.08080291748,-85.6676,22.2301,47.6946971970381,63,63,63,63,61,63,0,9004,1.9064526870154,22,-86,0.001869,51,2024-04-20 16:26:12.001755,522,1.037,0.0011,"aoml_navis",1029.2659855152
"7901009",32,0,1,0.022428,1,0,1,121.25053041951,1,4.85776474624,524,1,12.1800003051758,35.5019989013672,0.0224280003458261,0,116.923202514648,-85.6676,22.2301,47.6946971970381,63,63,63,63,61,63,0,9004,1.9064526870154,22,-86,0.001869,51,2024-04-20 16:26:12.001755,524,1.037,0.0011,"aoml_navis",1029.27997982407
"7901009",32,0,1,0.022428,1,0,1,120.857189437176,1,4.85770341594892,526,1,12.1330003738403,35.4949989318848,0.0224280003458261,0,116.543899536133,-85.6676,22.2301,47.6946971970381,63,63,63,63,61,63,0,9004,1.9064526870154,22,-86,0.001869,51,2024-04-20 16:26:12.001755,526,1.037,0.0011,"aoml_navis",1029.29297486213
"7901009",32,0,1,0.024297,1,0.001869,1,120.710869376687,1,4.8576289232984,528,1,12.0530004501343,35.4830017089844,0.0242970008403063,0,116.402801513672,-85.6676,22.2301,47.6946971970381,63,63,63,63,61,63,0,9004,1.9064526870154,22,-86,0.001869,51,2024-04-20 16:26:12.001755,528,1.037,0.0011,"aoml_navis",1029.30875926293
"7901009",32,0,1,0.022428,1,0,1,120.290462268748,1,4.8575735512156,530,1,12.0120000839233,35.476001739502,0.0224280003458261,0,115.997398376465,-85.6676,22.2301,47.6946971970381,63,63,63,63,61,63,0,9004,1.9064526870154,22,-86,0.001869,51,2024-04-20 16:26:12.001755,530,1.037,0.0011,"aoml_navis",1029.32049248102
"7901009",32,0,1,0.022428,1,0,1,120.024571803037,1,4.85749517724836,532,1,11.9390001296997,35.4669990539551,0.0224280003458261,0,115.740997314453,-85.6676,22.2301,47.6946971970381,63,63,63,63,61,63,0,9004,1.9064526870154,22,-86,0.001869,51,2024-04-20 16:26:12.001755,532,1.037,0.0011,"aoml_navis",1029.33710020323
"7901009",32,0,1,0.024297,1,0.001869,1,119.944623484056,1,4.85743309719222,534,1,11.8830003738403,35.4580001831055,0.0242970008403063,0,115.663902282715,-85.6676,22.2301,47.6946971970381,63,63,63,63,61,63,0,9004,1.9064526870154,22,-86,0.001869,51,2024-04-20 16:26:12.001755,534,1.037,0.0011,"aoml_navis",1029.35025556815
"7901009",32,0,1,0.022428,1,0,1,119.907082190284,1,4.85738432400325,536,1,11.8680000305176,35.4560012817383,0.0224280003458261,0,115.627700805664,-85.6676,22.2301,47.6946971970381,63,63,63,63,61,63,0,9004,1.9064526870154,22,-86,0.001869,51,2024-04-20 16:26:12.001755,536,1.037,0.0011,"aoml_navis",1029.36059131496
"7901009",32,0,1,0.026166,1,0.003738,1,119.865600840811,1,4.85734055217442,538,1,11.8660001754761,35.4560012817383,0.0261659994721413,0,115.587699890137,-85.6676,22.2301,47.6946971970381,63,63,63,63,61,63,0,9004,1.9064526870154,22,-86,0.001869,51,2024-04-20 16:26:12.001755,538,1.037,0.0011,"aoml_navis",1029.36986737768
"7901009",32,0,1,0.024297,1,0.001869,1,119.798089806089,1,4.85729489081305,540,1,11.8620004653931,35.4560012817383,0.0242970008403063,0,115.522598266602,-85.6676,22.2301,47.6946971970381,63,63,63,63,61,63,0,9004,1.9064526870154,22,-86,0.001869,51,2024-04-20 16:26:12.001755,540,1.037,0.0011,"aoml_navis",1029.37954404557
"7901009",32,0,1,0.026166,1,0.003738,1,119.732548799217,1,4.85725666397078,542,1,11.8620004653931,35.4550018310547,0.0261659994721413,0,115.459396362305,-85.6676,22.2301,47.6946971970381,63,63,63,63,61,63,0,9004,1.9064526870154,22,-86,0.001869,51,2024-04-20 16:26:12.001755,542,1.037,0.0011,"aoml_navis",1029.38764531181
"7901009",32,0,1,0.024297,1,0.001869,1,119.611949865398,1,4.85721479012801,544,1,11.8620004653931,35.4550018310547,0.0242970008403063,0,115.343101501465,-85.6676,22.2301,47.6946971970381,63,63,63,63,61,63,0,9004,1.9064526870154,22,-86,0.001869,51,2024-04-20 16:26:12.001755,544,1.037,0.0011,"aoml_navis",1029.39651961906
"7901009",32,0,1,0.024297,1,0.001869,1,119.348029427537,1,4.85717197213214,546,1,11.8610000610352,35.4550018310547,0.0242970008403063,0,115.088600158691,-85.6676,22.2301,47.6946971970381,63,63,63,63,61,63,0,9004,1.9064526870154,22,-86,0.001869,51,2024-04-20 16:26:12.001755,546,1.037,0.0011,"aoml_navis",1029.40559417853
"7901009",32,0,1,0.022428,1,0,1,118.972110137277,1,4.85712915633881,548,1,11.8599996566772,35.4550018310547,0.0224280003458261,0,114.726097106934,-85.6676,22.2301,47.6946971970381,63,63,63,63,61,63,0,9004,1.9064526870154,22,-86,0.001869,51,2024-04-20 16:26:12.001755,548,1.037,0.0011,"aoml_navis",1029.41466843119
"7901009",32,0,1,0.022428,1,0,1,118.430692684081,1,4.85707946408761,550,1,11.8439998626709,35.4529991149902,0.0224280003458261,0,114.204002380371,-85.6676,22.2301,47.6946971970381,63,63,63,63,61,63,0,9004,1.9064526870154,22,-86,0.001869,51,2024-04-20 16:26:12.001755,550,1.037,0.0011,"aoml_navis",1029.42520026059
"7901009",32,0,1,0.024297,1,0.001869,1,117.536371245911,1,4.8570334160513,552,1,11.8280000686646,35.4500007629395,0.0242970008403063,0,113.341598510742,-85.6676,22.2301,47.6946971970381,63,63,63,63,61,63,0,9004,1.9064526870154,22,-86,0.001869,51,2024-04-20 16:26:12.001755,552,1.037,0.0011,"aoml_navis",1029.43495992353
"7901009",32,0,1,0.026166,1,0.003738,1,116.386745274816,1,4.85698089445762,554,1,11.8090000152588,35.4480018615723,0.0261659994721413,0,112.233001708984,-85.6676,22.2301,47.6946971970381,63,63,63,63,61,63,0,9004,1.9064526870154,22,-86,0.001869,51,2024-04-20 16:26:12.001755,554,1.037,0.0011,"aoml_navis",1029.44609185216
"7901009",32,0,1,0.024297,1,0.001869,1,115.150216549075,1,4.85691765432263,556,1,11.7670001983643,35.443000793457,0.0242970008403063,0,111.040603637695,-85.6676,22.2301,47.6946971970381,63,63,63,63,61,63,0,9004,1.9064526870154,22,-86,0.001869,51,2024-04-20 16:26:12.001755,556,1.037,0.0011,"aoml_navis",1029.45949589037
"7901009",32,0,1,0.024297,1,0.001869,1,114.493160834599,1,4.85683889239556,558.099975585938,1,11.6990003585815,35.435001373291,0.0242970008403063,0,110.406997680664,-85.6676,22.2301,47.6946971970381,63,63,63,63,61,63,0,9004,1.9064526870154,22,-86,0.001869,51,2024-04-20 16:26:12.001755,558.099975585938,1.037,0.0011,"aoml_navis",1029.47619033207
"7901009",32,0,1,0.022428,1,0,1,114.298310047872,1,4.85676179941425,560,1,11.6319999694824,35.4280014038086,0.0224280003458261,0,110.219100952148,-85.6676,22.2301,47.6946971970381,63,63,63,63,61,63,0,9004,1.9064526870154,22,-86,0.001869,51,2024-04-20 16:26:12.001755,560,1.037,0.0011,"aoml_navis",1029.49253154705
"7901009",32,0,1,0.028035,1,0.005607,1,114.170962384109,1,4.85671289326434,562,1,11.6049995422363,35.4230003356934,0.0280349999666214,0,110.096298217773,-85.6676,22.2301,47.6946971970381,63,63,63,63,61,63,0,9004,1.9064526870154,22,-86,0.001869,51,2024-04-20 16:26:12.001755,562,1.037,0.0011,"aoml_navis",1029.5028983357
"7901009",32,0,1,0.020559,1,-0.001869,1,114.1128900772,1,4.85665645427532,564,1,11.5659999847412,35.4169998168945,0.020558999851346,0,110.040298461914,-85.6676,22.2301,47.6946971970381,63,63,63,63,61,63,0,9004,1.9064526870154,22,-86,0.001869,51,2024-04-20 16:26:12.001755,564,1.037,0.0011,"aoml_navis",1029.51486214317
"7901009",32,0,1,0.024297,1,0.001869,1,114.090080477633,1,4.85659269589998,566,1,11.5229997634888,35.4119987487793,0.0242970008403063,0,110.01830291748,-85.6676,22.2301,47.6946971970381,63,63,63,63,61,63,0,9004,1.9064526870154,22,-86,0.001869,51,2024-04-20 16:26:12.001755,566,1.037,0.0011,"aoml_navis",1029.52837783187
"7901009",32,0,1,0.028035,1,0.005607,1,113.975589421326,1,4.85654792052986,568,1,11.5159997940063,35.4109992980957,0.0280349999666214,0,109.907897949219,-85.6676,22.2301,47.6946971970381,63,63,63,63,61,63,0,9004,1.9064526870154,22,-86,0.001869,51,2024-04-20 16:26:12.001755,568,1.037,0.0011,"aoml_navis",1029.53786965917
"7901009",32,0,1,0.022428,1,0,1,113.816309900521,1,4.85650687527917,570,1,11.5129995346069,35.4099998474121,0.0224280003458261,0,109.754302978516,-85.6676,22.2301,47.6946971970381,63,63,63,63,61,63,0,9004,1.9064526870154,22,-86,0.001869,51,2024-04-20 16:26:12.001755,570,1.037,0.0011,"aoml_navis",1029.54657090084
"7901009",32,0,1,0.026166,1,0.003738,1,113.62051761454,1,4.85645550656178,572,1,11.4949998855591,35.4080009460449,0.0261659994721413,0,109.565498352051,-85.6676,22.2301,47.6946971970381,63,63,63,63,61,63,0,9004,1.9064526870154,22,-86,0.001869,51,2024-04-20 16:26:12.001755,572,1.037,0.0011,"aoml_navis",1029.55746083626
"7901009",32,0,1,0.028035,1,0.005607,1,113.286601849808,1,4.85641153701276,574,1,11.4809999465942,35.4049987792969,0.0280349999666214,0,109.243499755859,-85.6676,22.2301,47.6946971970381,63,63,63,63,61,63,0,9004,1.9064526870154,22,-86,0.001869,51,2024-04-20 16:26:12.001755,574,1.037,0.0011,"aoml_navis",1029.56678236449
"7901009",32,0,1,0.022428,1,0,1,112.867239093983,1,4.85636655949629,576,1,11.4619998931885,35.4010009765625,0.0224280003458261,0,108.83910369873,-85.6676,22.2301,47.6946971970381,63,63,63,63,61,63,0,9004,1.9064526870154,22,-86,0.001869,51,2024-04-20 16:26:12.001755,576,1.037,0.0011,"aoml_navis",1029.57631775609
"7901009",32,0,1,0.024297,1,0.001869,1,112.734709228446,1,4.85627569615292,578,1,11.3620004653931,35.3889999389648,0.0242970008403063,0,108.711303710938,-85.6676,22.2301,47.6946971970381,63,63,63,63,61,63,0,9004,1.9064526870154,22,-86,0.001869,51,2024-04-20 16:26:12.001755,578,1.037,0.0011,"aoml_navis",1029.59558164314
"7901009",32,0,1,0.024297,1,0.001869,1,112.691360703983,1,4.85621544755669,580.099975585938,1,11.2969999313354,35.3769989013672,0.0242970008403063,0,108.669502258301,-85.6676,22.2301,47.6946971970381,63,63,63,63,61,63,0,9004,1.9064526870154,22,-86,0.001869,51,2024-04-20 16:26:12.001755,580.099975585938,1.037,0.0011,"aoml_navis",1029.60835531209
"7901009",32,0,1,0.028035,1,0.005607,1,112.748396570538,1,4.85613933053142,582,1,11.210000038147,35.3650016784668,0.0280349999666214,0,108.724502563477,-85.6676,22.2301,47.6946971970381,63,63,63,63,61,63,0,9004,1.9064526870154,22,-86,0.001869,51,2024-04-20 16:26:12.001755,582,1.037,0.0011,"aoml_navis",1029.62449379574
"7901009",32,0,1,0.026166,1,0.003738,1,113.18445313666,1,4.85603341904721,583.900024414062,1,11.0539999008179,35.3440017700195,0.0261659994721413,0,109.144996643066,-85.6676,22.2301,47.6946971970381,63,63,63,63,61,63,0,9004,1.9064526870154,22,-86,0.001869,51,2024-04-20 16:26:12.001755,583.900024414062,1.037,0.0011,"aoml_navis",1029.6469502018
"7901009",32,0,1,0.026166,1,0.003738,1,113.458540184109,1,4.85597403079269,586,1,10.9930000305176,35.3330001831055,0.0261659994721413,0,109.409301757812,-85.6676,22.2301,47.6946971970381,63,63,63,63,61,63,0,9004,1.9064526870154,22,-86,0.001869,51,2024-04-20 16:26:12.001755,586,1.037,0.0011,"aoml_navis",1029.65954271872
"7901009",32,0,1,0.026166,1,0.003738,1,113.787788011364,1,4.85589884424103,588,1,10.9040002822876,35.3199996948242,0.0261659994721413,0,109.72679901123,-85.6676,22.2301,47.6946971970381,63,63,63,63,61,63,0,9004,1.9064526870154,22,-86,0.001869,51,2024-04-20 16:26:12.001755,588,1.037,0.0011,"aoml_navis",1029.67548550355
"7901009",32,0,1,0.028035,1,0.005607,1,113.984094561643,1,4.85582671158964,590,1,10.8179998397827,35.306999206543,0.0280349999666214,0,109.91609954834,-85.6676,22.2301,47.6946971970381,63,63,63,63,61,63,0,9004,1.9064526870154,22,-86,0.001869,51,2024-04-20 16:26:12.001755,590,1.037,0.0011,"aoml_navis",1029.69078119412
"7901009",32,0,1,0.028035,1,0.005607,1,113.878116557412,1,4.85577081356435,592,1,10.7659997940063,35.2980003356934,0.0280349999666214,0,109.813903808594,-85.6676,22.2301,47.6946971970381,63,63,63,63,61,63,0,9004,1.9064526870154,22,-86,0.001869,51,2024-04-20 16:26:12.001755,592,1.037,0.0011,"aoml_navis",1029.70263465334
"7901009",32,0,1,0.029904,1,0.007476,1,113.564209629761,1,4.85571566054125,594,1,10.7309999465942,35.2929992675781,0.0299040004611015,0,109.511199951172,-85.6676,22.2301,47.6946971970381,63,63,63,63,61,63,0,9004,1.9064526870154,22,-86,0.001869,51,2024-04-20 16:26:12.001755,594,1.037,0.0011,"aoml_navis",1029.71433039855
"7901009",32,0,1,0.026166,1,0.003738,1,113.199287683724,1,4.85564995390666,596,1,10.6759996414185,35.2859992980957,0.0261659994721413,0,109.159301757812,-85.6676,22.2301,47.6946971970381,63,63,63,63,61,63,0,9004,1.9064526870154,22,-86,0.001869,51,2024-04-20 16:26:12.001755,596,1.037,0.0011,"aoml_navis",1029.72826448851
"7901009",32,0,1,0.026166,1,0.003738,1,113.085627362053,1,4.85557188067146,598,1,10.6070003509521,35.2789993286133,0.0261659994721413,0,109.049697875977,-85.6676,22.2301,47.6946971970381,63,63,63,63,61,63,0,9004,1.9064526870154,22,-86,0.001869,51,2024-04-20 16:26:12.001755,598,1.037,0.0011,"aoml_navis",1029.74482159423
"7901009",32,0,1,0.024297,1,0.001869,1,113.031495110844,1,4.85551952083687,600,1,10.5790004730225,35.2750015258789,0.0242970008403063,0,108.997497558594,-85.6676,22.2301,47.6946971970381,63,63,63,63,61,63,0,9004,1.9064526870154,22,-86,0.001869,51,2024-04-20 16:26:12.001755,600,1.037,0.0011,"aoml_navis",1029.75592591959
"7901009",32,0,1,0.028035,1,0.005607,1,113.053379034674,1,4.85545998858956,602,1,10.5469999313354,35.2719993591309,0.0280349999666214,0,109.018600463867,-85.6676,22.2301,47.6946971970381,63,63,63,63,61,63,0,9004,1.9064526870154,22,-86,0.001869,51,2024-04-20 16:26:12.001755,602,1.037,0.0011,"aoml_navis",1029.76855164086
"7901009",32,0,1,0.029904,1,0.007476,1,112.968240602159,1,4.85541727134113,604,1,10.5380001068115,35.2700004577637,0.0299040004611015,0,108.936500549316,-85.6676,22.2301,47.6946971970381,63,63,63,63,61,63,0,9004,1.9064526870154,22,-86,0.001869,51,2024-04-20 16:26:12.001755,604,1.037,0.0011,"aoml_navis",1029.77761139341
"7901009",32,0,1,0.024297,1,0.001869,1,112.904258211699,1,4.85537200491445,606,1,10.5220003128052,35.2669982910156,0.0242970008403063,0,108.874801635742,-85.6676,22.2301,47.6946971970381,63,63,63,63,61,63,0,9004,1.9064526870154,22,-86,0.001869,51,2024-04-20 16:26:12.001755,606,1.037,0.0011,"aoml_navis",1029.78721196628
"7901009",32,0,1,0.024297,1,0.001869,1,112.820670483837,1,4.85532072871326,608,1,10.4910001754761,35.2620010375977,0.0242970008403063,0,108.79419708252,-85.6676,22.2301,47.6946971970381,63,63,63,63,61,63,0,9004,1.9064526870154,22,-86,0.001869,51,2024-04-20 16:26:12.001755,608,1.037,0.0011,"aoml_navis",1029.79808737065
"7901009",32,0,1,0.031773,1,0.009345,1,112.821501218473,1,4.85525987278189,610,1,10.4449996948242,35.2560005187988,0.0317730009555817,0,108.794998168945,-85.6676,22.2301,47.6946971970381,63,63,63,63,61,63,0,9004,1.9064526870154,22,-86,0.001869,51,2024-04-20 16:26:12.001755,610,1.037,0.0011,"aoml_navis",1029.81099488196
"7901009",32,0,1,0.024297,1,0.001869,1,112.784687806477,1,4.85520239679199,612,1,10.41100025177,35.2519989013672,0.0242970008403063,0,108.759498596191,-85.6676,22.2301,47.6946971970381,63,63,63,63,61,63,0,9004,1.9064526870154,22,-86,0.001869,51,2024-04-20 16:26:12.001755,612,1.037,0.0011,"aoml_navis",1029.82318580657
"7901009",32,0,1,0.024297,1,0.001869,1,112.835402178043,1,4.85513713886011,614,1,10.3640003204346,35.2470016479492,0.0242970008403063,0,108.808403015137,-85.6676,22.2301,47.6946971970381,63,63,63,63,61,63,0,9004,1.9064526870154,22,-86,0.001869,51,2024-04-20 16:26:12.001755,614,1.037,0.0011,"aoml_navis",1029.83702766713
"7901009",32,0,1,0.026166,1,0.003738,1,112.817252604194,1,4.85508695332806,616,1,10.3339996337891,35.242000579834,0.0261659994721413,0,108.790901184082,-85.6676,22.2301,47.6946971970381,63,63,63,63,61,63,0,9004,1.9064526870154,22,-86,0.001869,51,2024-04-20 16:26:12.001755,616,1.037,0.0011,"aoml_navis",1029.84767277394
"7901009",32,0,1,0.028035,1,0.005607,1,112.847736609442,1,4.85503254807148,618,1,10.2950000762939,35.2360000610352,0.0280349999666214,0,108.820297241211,-85.6676,22.2301,47.6946971970381,63,63,63,63,61,63,0,9004,1.9064526870154,22,-86,0.001869,51,2024-04-20 16:26:12.001755,618,1.037,0.0011,"aoml_navis",1029.85921319644
"7901009",32,0,1,0.028035,1,0.005607,1,112.942938798686,1,4.85496607596188,620,1,10.2379999160767,35.2290000915527,0.0280349999666214,0,108.912101745605,-85.6676,22.2301,47.6946971970381,63,63,63,63,61,63,0,9004,1.9064526870154,22,-86,0.001869,51,2024-04-20 16:26:12.001755,620,1.037,0.0011,"aoml_navis",1029.87331358631
"7901009",32,0,1,0.026166,1,0.003738,1,112.963161253244,1,4.85490363313158,622,1,10.1979999542236,35.2249984741211,0.0261659994721413,0,108.931602478027,-85.6676,22.2301,47.6946971970381,63,63,63,63,61,63,0,9004,1.9064526870154,22,-86,0.001869,51,2024-04-20 16:26:12.001755,622,1.037,0.0011,"aoml_navis",1029.88655961742
"7901009",32,0,1,0.026166,1,0.003738,1,113.001841840231,1,4.85485609282352,624,1,10.1750001907349,35.2210006713867,0.0261659994721413,0,108.968902587891,-85.6676,22.2301,47.6946971970381,63,63,63,63,61,63,0,9004,1.9064526870154,22,-86,0.001869,51,2024-04-20 16:26:12.001755,624,1.037,0.0011,"aoml_navis",1029.89664459695
"7901009",32,0,1,0.029904,1,0.007476,1,112.956728993637,1,4.85481697745328,626,1,10.1700000762939,35.2190017700195,0.0299040004611015,0,108.925399780273,-85.6676,22.2301,47.6946971970381,63,63,63,63,61,63,0,9004,1.9064526870154,22,-86,0.001869,51,2024-04-20 16:26:12.001755,626,1.037,0.0011,"aoml_navis",1029.90494249752
"7901009",32,0,1,0.026166,1,0.003738,1,112.945945266891,1,4.85477034674015,628,1,10.1479997634888,35.2150001525879,0.0261659994721413,0,108.915000915527,-85.6676,22.2301,47.6946971970381,63,63,63,63,61,63,0,9004,1.9064526870154,22,-86,0.001869,51,2024-04-20 16:26:12.001755,628,1.037,0.0011,"aoml_navis",1029.9148348711
"7901009",32,0,1,0.024297,1,0.001869,1,113.036582371517,1,4.85469482238709,630,1,10.076000213623,35.2070007324219,0.0242970008403063,0,109.002403259277,-85.6676,22.2301,47.6946971970381,63,63,63,63,61,63,0,9004,1.9064526870154,22,-86,0.001869,51,2024-04-20 16:26:12.001755,630,1.037,0.0011,"aoml_navis",1029.9308572277
"7901009",32,0,1,0.026166,1,0.003738,1,113.049019655776,1,4.85463098397722,632,1,10.0129995346069,35.1980018615723,0.0261659994721413,0,109.01439666748,-85.6676,22.2301,47.6946971970381,63,63,63,63,61,63,0,9004,1.9064526870154,22,-86,0.001869,51,2024-04-20 16:26:12.001755,632,1.037,0.0011,"aoml_navis",1029.94440082111
"7901009",32,0,1,0.026166,1,0.003738,1,113.019263532304,1,4.85456890702028,634,1,9.97299957275391,35.1940002441406,0.0261659994721413,0,108.985702514648,-85.6676,22.2301,47.6946971970381,63,63,63,63,61,63,0,9004,1.9064526870154,22,-86,0.001869,51,2024-04-20 16:26:12.001755,634,1.037,0.0011,"aoml_navis",1029.95757105629
"7901009",32,0,1,0.026166,1,0.003738,1,112.765398939413,1,4.8545222308662,636,1,9.95499992370605,35.1910018920898,0.0261659994721413,0,108.740898132324,-85.6676,22.2301,47.6946971970381,63,63,63,63,61,63,0,9004,1.9064526870154,22,-86,0.001869,51,2024-04-20 16:26:12.001755,636,1.037,0.0011,"aoml_navis",1029.96747408196
"7901009",32,0,1,0.028035,1,0.005607,1,112.575113237303,1,4.85446715082632,638,1,9.92300033569336,35.1870002746582,0.0280349999666214,0,108.557403564453,-85.6676,22.2301,47.6946971970381,63,63,63,63,61,63,0,9004,1.9064526870154,22,-86,0.001869,51,2024-04-20 16:26:12.001755,638,1.037,0.0011,"aoml_navis",1029.97916035932
"7901009",32,0,1,0.024297,1,0.001869,1,112.340331805757,1,4.8544159848697,640,1,9.9040002822876,35.185001373291,0.0242970008403063,0,108.331001281738,-85.6676,22.2301,47.6946971970381,63,63,63,63,61,63,0,9004,1.9064526870154,22,-86,0.001869,51,2024-04-20 16:26:12.001755,640,1.037,0.0011,"aoml_navis",1029.99001642712
"7901009",32,0,1,0.026166,1,0.003738,1,111.998116606428,1,4.85436333614266,642,1,9.87899971008301,35.181999206543,0.0261659994721413,0,108.000999450684,-85.6676,22.2301,47.6946971970381,63,63,63,63,61,63,0,9004,1.9064526870154,22,-86,0.001869,51,2024-04-20 16:26:12.001755,642,1.037,0.0011,"aoml_navis",1030.00118733862
"7901009",32,0,1,0.028035,1,0.005607,1,111.574916647762,1,4.85431155805636,644,1,9.85499954223633,35.1790008544922,0.0280349999666214,0,107.592903137207,-85.6676,22.2301,47.6946971970381,63,63,63,63,61,63,0,9004,1.9064526870154,22,-86,0.001869,51,2024-04-20 16:26:12.001755,644,1.037,0.0011,"aoml_navis",1030.01217375548
"7901009",32,0,1,0.029904,1,0.007476,1,111.126509826723,1,4.85426175825112,646,1,9.82900047302246,35.1749992370605,0.0299040004611015,0,107.160499572754,-85.6676,22.2301,47.6946971970381,63,63,63,63,61,63,0,9004,1.9064526870154,22,-86,0.001869,51,2024-04-20 16:26:12.001755,646,1.037,0.0011,"aoml_navis",1030.02274063634
"7901009",32,0,1,0.024297,1,0.001869,1,111.046142184545,1,4.85419271844832,648,1,9.77200031280518,35.1689987182617,0.0242970008403063,0,107.083000183105,-85.6676,22.2301,47.6946971970381,63,63,63,63,61,63,0,9004,1.9064526870154,22,-86,0.001869,51,2024-04-20 16:26:12.001755,648,1.037,0.0011,"aoml_navis",1030.03739035691
"7901009",32,0,1,0.028035,1,0.005607,1,111.025816877126,1,4.85413578326686,650,1,9.72900009155273,35.1629981994629,0.0280349999666214,0,107.063400268555,-85.6676,22.2301,47.6946971970381,63,63,63,63,61,63,0,9004,1.9064526870154,22,-86,0.001869,51,2024-04-20 16:26:12.001755,650,1.037,0.0011,"aoml_navis",1030.04947188251
"7901009",32,0,1,0.026166,1,0.003738,1,111.136984994891,1,4.85405922706252,652,1,9.64999961853027,35.1539993286133,0.0261659994721413,0,107.170600891113,-85.6676,22.2301,47.6946971970381,63,63,63,63,61,63,0,9004,1.9064526870154,22,-86,0.001869,51,2024-04-20 16:26:12.001755,652,1.037,0.0011,"aoml_navis",1030.06571739459
"7901009",32,0,1,0.029904,1,0.007476,1,111.288178698576,1,4.85399455485336,654,1,9.58899974822998,35.1459999084473,0.0299040004611015,0,107.316398620605,-85.6676,22.2301,47.6946971970381,63,63,63,63,61,63,0,9004,1.9064526870154,22,-86,0.001869,51,2024-04-20 16:26:12.001755,654,1.037,0.0011,"aoml_navis",1030.07944147788
"7901009",32,0,1,0.026166,1,0.003738,1,111.415320656619,1,4.85393910033358,656,1,9.55599975585938,35.1419982910156,0.0261659994721413,0,107.439002990723,-85.6676,22.2301,47.6946971970381,63,63,63,63,61,63,0,9004,1.9064526870154,22,-86,0.001869,51,2024-04-20 16:26:12.001755,656,1.037,0.0011,"aoml_navis",1030.09120976742
"7901009",32,0,1,0.028035,1,0.005607,1,111.5753280592,1,4.85387662700582,658,1,9.50599956512451,35.1360015869141,0.0280349999666214,0,107.593299865723,-85.6676,22.2301,47.6946971970381,63,63,63,63,61,63,0,9004,1.9064526870154,22,-86,0.001869,51,2024-04-20 16:26:12.001755,658,1.037,0.0011,"aoml_navis",1030.1044678765
"7901009",32,0,1,0.029904,1,0.007476,1,111.793724239029,1,4.85381680286569,660,1,9.45899963378906,35.1300010681152,0.0299040004611015,0,107.803901672363,-85.6676,22.2301,47.6946971970381,63,63,63,63,61,63,0,9004,1.9064526870154,22,-86,0.001869,51,2024-04-20 16:26:12.001755,660,1.037,0.0011,"aoml_navis",1030.11716409404
"7901009",32,0,1,0.028035,1,0.005607,1,111.92355619494,1,4.85376518658489,662,1,9.42599964141846,35.125,0.0280349999666214,0,107.929100036621,-85.6676,22.2301,47.6946971970381,63,63,63,63,61,63,0,9004,1.9064526870154,22,-86,0.001869,51,2024-04-20 16:26:12.001755,662,1.037,0.0011,"aoml_navis",1030.12811864473
"7901009",32,0,1,0.031773,1,0.009345,1,112.188924484594,1,4.85370750449682,664,1,9.3769998550415,35.1180000305176,0.0317730009555817,0,108.184997558594,-85.6676,22.2301,47.6946971970381,63,63,63,63,61,63,0,9004,1.9064526870154,22,-86,0.001869,51,2024-04-20 16:26:12.001755,664,1.037,0.0011,"aoml_navis",1030.1403608206
"7901009",32,0,1,0.031773,1,0.009345,1,112.525957482149,1,4.85365024059827,666,1,9.32400035858154,35.1100006103516,0.0317730009555817,0,108.51000213623,-85.6676,22.2301,47.6946971970381,63,63,63,63,61,63,0,9004,1.9064526870154,22,-86,0.001869,51,2024-04-20 16:26:12.001755,666,1.037,0.0011,"aoml_navis",1030.1525145297
"7901009",32,0,4,0.024297,1,0.001869,1,112.889115106055,1,4.85355660579681,668,1,9.21399974822998,35.0989990234375,0.0242970008403063,0,108.860198974609,-85.6676,22.2301,47.6946971970381,63,63,63,63,61,63,0,9004,1.9064526870154,22,-86,0.001869,51,2024-04-20 16:26:12.001755,668,1.037,0.0011,"aoml_navis",1030.17238822934
"7901009",32,0,1,0.033642,1,0.011214,1,112.966579132888,1,4.85350580255084,670,1,9.18599987030029,35.0950012207031,0.0336420014500618,0,108.934898376465,-85.6676,22.2301,47.6946971970381,63,63,63,63,61,63,0,9004,1.9064526870154,22,-86,0.001869,51,2024-04-20 16:26:12.001755,670,1.037,0.0011,"aoml_navis",1030.18317138349
"7901009",32,0,1,0.028035,1,0.005607,1,113.000386076679,1,4.8534633428023,672,1,9.16800022125244,35.0909996032715,0.0280349999666214,0,108.967498779297,-85.6676,22.2301,47.6946971970381,63,63,63,63,61,63,0,9004,1.9064526870154,22,-86,0.001869,51,2024-04-20 16:26:12.001755,672,1.037,0.0011,"aoml_navis",1030.19218377636
"7901009",32,0,1,0.026166,1,0.003738,1,113.13032088545,1,4.85341093101215,674,1,9.13799953460693,35.0870018005371,0.0261659994721413,0,109.092796325684,-85.6676,22.2301,47.6946971970381,63,63,63,63,61,63,0,9004,1.9064526870154,22,-86,0.001869,51,2024-04-20 16:26:12.001755,674,1.037,0.0011,"aoml_navis",1030.20330878047
"7901009",32,0,1,0.031773,1,0.009345,1,113.291997669061,1,4.85335975246712,676,1,9.10499954223633,35.0820007324219,0.0317730009555817,0,109.24870300293,-85.6676,22.2301,47.6946971970381,63,63,63,63,61,63,0,9004,1.9064526870154,22,-86,0.001869,51,2024-04-20 16:26:12.001755,676,1.037,0.0011,"aoml_navis",1030.21417224601
"7901009",32,0,1,0.029904,1,0.007476,1,113.701201727056,1,4.85327045915751,678,1,8.99899959564209,35.0709991455078,0.0299040004611015,0,109.64330291748,-85.6676,22.2301,47.6946971970381,63,63,63,63,61,63,0,9004,1.9064526870154,22,-86,0.001869,51,2024-04-20 16:26:12.001755,678,1.037,0.0011,"aoml_navis",1030.23312672914
"7901009",32,0,1,0.028035,1,0.005607,1,113.934108071853,1,4.85321121583312,680,1,8.94699954986572,35.0639991760254,0.0280349999666214,0,109.867897033691,-85.6676,22.2301,47.6946971970381,63,63,63,63,61,63,0,9004,1.9064526870154,22,-86,0.001869,51,2024-04-20 16:26:12.001755,680,1.037,0.0011,"aoml_navis",1030.24570282208
"7901009",32,0,1,0.029904,1,0.007476,1,114.25465296483,1,4.85313083013739,682,1,8.85999965667725,35.0550003051758,0.0299040004611015,0,110.177001953125,-85.6676,22.2301,47.6946971970381,63,63,63,63,61,63,0,9004,1.9064526870154,22,-86,0.001869,51,2024-04-20 16:26:12.001755,682,1.037,0.0011,"aoml_navis",1030.26276748003
"7901009",32,0,1,0.026166,1,0.003738,1,114.43083991341,1,4.85306295528578,684,1,8.79699993133545,35.0480003356934,0.0261659994721413,0,110.346900939941,-85.6676,22.2301,47.6946971970381,63,63,63,63,61,63,0,9004,1.9064526870154,22,-86,0.001869,51,2024-04-20 16:26:12.001755,684,1.037,0.0011,"aoml_navis",1030.27717671665
"7901009",32,0,1,0.026166,1,0.003738,1,114.557562548257,1,4.85299726090777,686,1,8.74100017547607,35.0419998168945,0.0261659994721413,0,110.469100952148,-85.6676,22.2301,47.6946971970381,63,63,63,63,61,63,0,9004,1.9064526870154,22,-86,0.001869,51,2024-04-20 16:26:12.001755,686,1.037,0.0011,"aoml_navis",1030.29112344167
"7901009",32,0,1,0.028035,1,0.005607,1,114.594067401674,1,4.85295057518108,688,1,8.73099994659424,35.0410003662109,0.0280349999666214,0,110.504302978516,-85.6676,22.2301,47.6946971970381,63,63,63,63,61,63,0,9004,1.9064526870154,22,-86,0.001869,51,2024-04-20 16:26:12.001755,688,1.037,0.0011,"aoml_navis",1030.30103491492
"7901009",32,0,1,0.029904,1,0.007476,1,114.594890224551,1,4.85290270180383,690,1,8.71500015258789,35.0390014648438,0.0299040004611015,0,110.505096435547,-85.6676,22.2301,47.6946971970381,63,63,63,63,61,63,0,9004,1.9064526870154,22,-86,0.001869,51,2024-04-20 16:26:12.001755,690,1.037,0.0011,"aoml_navis",1030.31119872679
"7901009",32,0,1,0.026166,1,0.003738,1,114.667899931386,1,4.85284843817166,692,1,8.68200016021729,35.0349998474121,0.0261659994721413,0,110.575500488281,-85.6676,22.2301,47.6946971970381,63,63,63,63,61,63,0,9004,1.9064526870154,22,-86,0.001869,51,2024-04-20 16:26:12.001755,692,1.037,0.0011,"aoml_navis",1030.32271947149
"7901009",32,0,1,0.026166,1,0.003738,1,114.670392135292,1,4.85279817006583,694,1,8.66300010681152,35.0330009460449,0.0261659994721413,0,110.577903747559,-85.6676,22.2301,47.6946971970381,63,63,63,63,61,63,0,9004,1.9064526870154,22,-86,0.001869,51,2024-04-20 16:26:12.001755,694,1.037,0.0011,"aoml_navis",1030.33339215345
"7901009",32,0,1,0.029904,1,0.007476,1,114.602461777373,1,4.85275393322567,696,1,8.6560001373291,35.0320014953613,0.0299040004611015,0,110.512397766113,-85.6676,22.2301,47.6946971970381,63,63,63,63,61,63,0,9004,1.9064526870154,22,-86,0.001869,51,2024-04-20 16:26:12.001755,696,1.037,0.0011,"aoml_navis",1030.34278448907
"7901009",32,0,1,0.029904,1,0.007476,1,114.632431518323,1,4.8526989932905,697.900024414062,1,8.62399959564209,35.0289993286133,0.0299040004611015,0,110.541297912598,-85.6676,22.2301,47.6946971970381,63,63,63,63,61,63,0,9004,1.9064526870154,22,-86,0.001869,51,2024-04-20 16:26:12.001755,697.900024414062,1.037,0.0011,"aoml_navis",1030.35444953688
"7901009",32,0,1,0.031773,1,0.009345,1,114.634298693314,1,4.85264549092411,700,1,8.59899997711182,35.0260009765625,0.0317730009555817,0,110.543098449707,-85.6676,22.2301,47.6946971970381,63,63,63,63,61,63,0,9004,1.9064526870154,22,-86,0.001869,51,2024-04-20 16:26:12.001755,700,1.037,0.0011,"aoml_navis",1030.36580960869
"7901009",32,0,1,0.031773,1,0.009345,1,114.63906948365,1,4.85259092259556,702,1,8.56999969482422,35.0229988098145,0.0317730009555817,0,110.547698974609,-85.6676,22.2301,47.6946971970381,63,63,63,63,61,63,0,9004,1.9064526870154,22,-86,0.001869,51,2024-04-20 16:26:12.001755,702,1.037,0.0011,"aoml_navis",1030.37739627259
"7901009",32,0,1,0.029904,1,0.007476,1,114.787676042327,1,4.8525215951015,704,1,8.51799964904785,35.0190010070801,0.0299040004611015,0,110.69100189209,-85.6676,22.2301,47.6946971970381,63,63,63,63,61,63,0,9004,1.9064526870154,22,-86,0.001869,51,2024-04-20 16:26:12.001755,704,1.037,0.0011,"aoml_navis",1030.39211717211
"7901009",32,0,1,0.026166,1,0.003738,1,114.952873558441,1,4.85247319205953,706,1,8.49199962615967,35.0149993896484,0.0261659994721413,0,110.850303649902,-85.6676,22.2301,47.6946971970381,63,63,63,63,61,63,0,9004,1.9064526870154,22,-86,0.001869,51,2024-04-20 16:26:12.001755,706,1.037,0.0011,"aoml_navis",1030.40239525318
"7901009",32,0,1,0.028035,1,0.005607,1,115.18122273038,1,4.85240722846889,708,1,8.44400024414062,35.0110015869141,0.0280349999666214,0,111.070503234863,-85.6676,22.2301,47.6946971970381,63,63,63,63,61,63,0,9004,1.9064526870154,22,-86,0.001869,51,2024-04-20 16:26:12.001755,708,1.037,0.0011,"aoml_navis",1030.41640253629
"7901009",32,0,1,0.028035,1,0.005607,1,115.4575804525,1,4.85234106574001,710,1,8.39099979400635,35.0060005187988,0.0280349999666214,0,111.33699798584,-85.6676,22.2301,47.6946971970381,63,63,63,63,61,63,0,9004,1.9064526870154,22,-86,0.001869,51,2024-04-20 16:26:12.001755,710,1.037,0.0011,"aoml_navis",1030.4304524887
"7901009",32,0,1,0.029904,1,0.007476,1,115.770237322318,1,4.85226283501692,712,1,8.31799983978271,35,0.0299040004611015,0,111.638496398926,-85.6676,22.2301,47.6946971970381,63,63,63,63,61,63,0,9004,1.9064526870154,22,-86,0.001869,51,2024-04-20 16:26:12.001755,712,1.037,0.0011,"aoml_navis",1030.44706562821
"7901009",32,0,1,0.028035,1,0.005607,1,115.977224746483,1,4.85219222386628,714,1,8.25899982452393,34.9949989318848,0.0280349999666214,0,111.838096618652,-85.6676,22.2301,47.6946971970381,63,63,63,63,61,63,0,9004,1.9064526870154,22,-86,0.001869,51,2024-04-20 16:26:12.001755,714,1.037,0.0011,"aoml_navis",1030.46206112913
"7901009",32,0,1,0.026166,1,0.003738,1,116.11370257948,1,4.852136739736,716,1,8.23299980163574,34.9930000305176,0.0261659994721413,0,111.969703674316,-85.6676,22.2301,47.6946971970381,63,63,63,63,61,63,0,9004,1.9064526870154,22,-86,0.001869,51,2024-04-20 16:26:12.001755,716,1.037,0.0011,"aoml_navis",1030.47384445148
"7901009",32,0,1,0.026166,1,0.003738,1,116.252759645726,1,4.85208994947323,718,1,8.2180004119873,34.9910011291504,0.0261659994721413,0,112.103797912598,-85.6676,22.2301,47.6946971970381,63,63,63,63,61,63,0,9004,1.9064526870154,22,-86,0.001869,51,2024-04-20 16:26:12.001755,718,1.037,0.0011,"aoml_navis",1030.48378164194
"7901009",32,0,1,0.029904,1,0.007476,1,116.496149070449,1,4.85203740338095,720,1,8.19099998474121,34.9879989624023,0.0299040004611015,0,112.338500976562,-85.6676,22.2301,47.6946971970381,63,63,63,63,61,63,0,9004,1.9064526870154,22,-86,0.001869,51,2024-04-20 16:26:12.001755,720,1.037,0.0011,"aoml_navis",1030.4949414685
"7901009",32,0,1,0.029904,1,0.007476,1,116.893010785286,1,4.85196787533891,722,1,8.13300037384033,34.9830017089844,0.0299040004611015,0,112.721199035645,-85.6676,22.2301,47.6946971970381,63,63,63,63,61,63,0,9004,1.9064526870154,22,-86,0.001869,51,2024-04-20 16:26:12.001755,722,1.037,0.0011,"aoml_navis",1030.50970832134
"7901009",32,0,1,0.031773,1,0.009345,1,117.207226271516,1,4.85188834911432,724,1,8.0620002746582,34.9780006408691,0.0317730009555817,0,113.024200439453,-85.6676,22.2301,47.6946971970381,63,63,63,63,61,63,0,9004,1.9064526870154,22,-86,0.001869,51,2024-04-20 16:26:12.001755,724,1.037,0.0011,"aoml_navis",1030.52659917715
"7901009",32,0,1,0.028035,1,0.005607,1,117.313315040365,1,4.85183618946462,726,1,8.03999996185303,34.976001739502,0.0280349999666214,0,113.126502990723,-85.6676,22.2301,47.6946971970381,63,63,63,63,61,63,0,9004,1.9064526870154,22,-86,0.001869,51,2024-04-20 16:26:12.001755,726,1.037,0.0011,"aoml_navis",1030.53767785011
"7901009",32,0,1,0.031773,1,0.009345,1,117.484311875412,1,4.85178951866485,728,1,8.02499961853027,34.9739990234375,0.0317730009555817,0,113.291397094727,-85.6676,22.2301,47.6946971970381,63,63,63,63,61,63,0,9004,1.9064526870154,22,-86,0.001869,51,2024-04-20 16:26:12.001755,728,1.037,0.0011,"aoml_navis",1030.54759089713
"7901009",32,0,1,0.031773,1,0.009345,1,117.685389216027,1,4.85173427496231,730,1,7.99900007247925,34.9720001220703,0.0317730009555817,0,113.485298156738,-85.6676,22.2301,47.6946971970381,63,63,63,63,61,63,0,9004,1.9064526870154,22,-86,0.001869,51,2024-04-20 16:26:12.001755,730,1.037,0.0011,"aoml_navis",1030.55932510625
"7901009",32,0,1,0.031773,1,0.009345,1,117.879314327017,1,4.8516784951345,732,1,7.97700023651123,34.9710006713867,0.0317730009555817,0,113.672302246094,-85.6676,22.2301,47.6946971970381,63,63,63,63,61,63,0,9004,1.9064526870154,22,-86,0.001869,51,2024-04-20 16:26:12.001755,732,1.037,0.0011,"aoml_navis",1030.57117346383
"7901009",32,0,1,0.029904,1,0.007476,1,118.04264466814,1,4.85162040287794,734,1,7.9520001411438,34.9700012207031,0.0299040004611015,0,113.829803466797,-85.6676,22.2301,47.6946971970381,63,63,63,63,61,63,0,9004,1.9064526870154,22,-86,0.001869,51,2024-04-20 16:26:12.001755,734,1.037,0.0011,"aoml_navis",1030.58351330084
"7901009",32,0,1,0.028035,1,0.005607,1,118.208047889974,1,4.85156931711302,736,1,7.93599987030029,34.9690017700195,0.0280349999666214,0,113.989303588867,-85.6676,22.2301,47.6946971970381,63,63,63,63,61,63,0,9004,1.9064526870154,22,-86,0.001869,51,2024-04-20 16:26:12.001755,736,1.037,0.0011,"aoml_navis",1030.59436507759
"7901009",32,0,1,0.029904,1,0.007476,1,118.457861662546,1,4.85152347844384,738,1,7.92199993133545,34.9669990539551,0.0299040004611015,0,114.230201721191,-85.6676,22.2301,47.6946971970381,63,63,63,63,61,63,0,9004,1.9064526870154,22,-86,0.001869,51,2024-04-20 16:26:12.001755,738,1.037,0.0011,"aoml_navis",1030.60410244655
"7901009",32,0,1,0.031773,1,0.009345,1,118.872247922315,1,4.85145710774656,740,1,7.87200021743774,34.9630012512207,0.0317730009555817,0,114.62979888916,-85.6676,22.2301,47.6946971970381,63,63,63,63,61,63,0,9004,1.9064526870154,22,-86,0.001869,51,2024-04-20 16:26:12.001755,740,1.037,0.0011,"aoml_navis",1030.61820169785
"7901009",32,0,1,0.029904,1,0.007476,1,119.277931247807,1,4.85139258349969,742,1,7.8289999961853,34.9599990844727,0.0299040004611015,0,115.021003723145,-85.6676,22.2301,47.6946971970381,63,63,63,63,61,63,0,9004,1.9064526870154,22,-86,0.001869,51,2024-04-20 16:26:12.001755,742,1.037,0.0011,"aoml_navis",1030.63190907405
"7901009",32,0,1,0.028035,1,0.005607,1,119.608626926856,1,4.85131872274,744,1,7.76900005340576,34.9560012817383,0.0280349999666214,0,115.339897155762,-85.6676,22.2301,47.6946971970381,63,63,63,63,61,63,0,9004,1.9064526870154,22,-86,0.001869,51,2024-04-20 16:26:12.001755,744,1.037,0.0011,"aoml_navis",1030.64760032423
"7901009",32,0,1,0.028035,1,0.005607,1,119.86787942724,1,4.85125576117438,746,1,7.72300004959106,34.9519996643066,0.0280349999666214,0,115.589897155762,-85.6676,22.2301,47.6946971970381,63,63,63,63,61,63,0,9004,1.9064526870154,22,-86,0.001869,51,2024-04-20 16:26:12.001755,746,1.037,0.0011,"aoml_navis",1030.66097648696
"7901009",32,0,1,0.031773,1,0.009345,1,120.036289117279,1,4.85120159275005,748,1,7.69799995422363,34.9500007629395,0.0317730009555817,0,115.752296447754,-85.6676,22.2301,47.6946971970381,63,63,63,63,61,63,0,9004,1.9064526870154,22,-86,0.001869,51,2024-04-20 16:26:12.001755,748,1.037,0.0011,"aoml_navis",1030.67248482774
"7901009",32,0,1,0.028035,1,0.005607,1,120.220775500456,1,4.85115280096003,750,1,7.67999982833862,34.9480018615723,0.0280349999666214,0,115.930198669434,-85.6676,22.2301,47.6946971970381,63,63,63,63,61,63,0,9004,1.9064526870154,22,-86,0.001869,51,2024-04-20 16:26:12.001755,750,1.037,0.0011,"aoml_navis",1030.68285109686
"7901009",32,0,1,0.028035,1,0.005607,1,120.443317441704,1,4.85109883272281,752,1,7.65999984741211,34.9469985961914,0.0280349999666214,0,116.144798278809,-85.6676,22.2301,47.6946971970381,63,63,63,63,61,63,0,9004,1.9064526870154,22,-86,0.001869,51,2024-04-20 16:26:12.001755,752,1.037,0.0011,"aoml_navis",1030.69431739316
"7901009",32,0,1,0.028035,1,0.005607,1,120.602185551071,1,4.85105784729281,754,1,7.65700006484985,34.9459991455078,0.0280349999666214,0,116.297996520996,-85.6676,22.2301,47.6946971970381,63,63,63,63,61,63,0,9004,1.9064526870154,22,-86,0.001869,51,2024-04-20 16:26:12.001755,754,1.037,0.0011,"aoml_navis",1030.70302548346
"7901009",32,0,1,0.029904,1,0.007476,1,120.962447471389,1,4.85098759201097,756,1,7.60599994659424,34.943000793457,0.0299040004611015,0,116.645401000977,-85.6676,22.2301,47.6946971970381,63,63,63,63,61,63,0,9004,1.9064526870154,22,-86,0.001869,51,2024-04-20 16:26:12.001755,756,1.037,0.0011,"aoml_navis",1030.71795282149
"7901009",32,0,1,0.028035,1,0.005607,1,121.279977984403,1,4.8509342962179,758,1,7.58199977874756,34.9410018920898,0.0280349999666214,0,116.951599121094,-85.6676,22.2301,47.6946971970381,63,63,63,63,61,63,0,9004,1.9064526870154,22,-86,0.001869,51,2024-04-20 16:26:12.001755,758,1.037,0.0011,"aoml_navis",1030.72927701749
"7901009",32,0,1,0.029904,1,0.007476,1,121.637953406534,1,4.85088268159843,760,1,7.56500005722046,34.939998626709,0.0299040004611015,0,117.296798706055,-85.6676,22.2301,47.6946971970381,63,63,63,63,61,63,0,9004,1.9064526870154,22,-86,0.001869,51,2024-04-20 16:26:12.001755,760,1.037,0.0011,"aoml_navis",1030.74024423787
"7901009",32,0,1,0.031773,1,0.009345,1,121.975294962668,1,4.85081174909306,762,1,7.50799989700317,34.9360008239746,0.0317730009555817,0,117.622100830078,-85.6676,22.2301,47.6946971970381,63,63,63,63,61,63,0,9004,1.9064526870154,22,-86,0.001869,51,2024-04-20 16:26:12.001755,762,1.037,0.0011,"aoml_navis",1030.75531655806
"7901009",32,0,1,0.029904,1,0.007476,1,122.330263916594,1,4.85074323805273,764,1,7.4539999961853,34.931999206543,0.0299040004611015,0,117.964401245117,-85.6676,22.2301,47.6946971970381,63,63,63,63,61,63,0,9004,1.9064526870154,22,-86,0.001869,51,2024-04-20 16:26:12.001755,764,1.037,0.0011,"aoml_navis",1030.76987476401
"7901009",32,0,1,0.031773,1,0.009345,1,122.563383878869,1,4.85068113423194,766,1,7.4229998588562,34.9309997558594,0.0317730009555817,0,118.18920135498,-85.6676,22.2301,47.6946971970381,63,63,63,63,61,63,0,9004,1.9064526870154,22,-86,0.001869,51,2024-04-20 16:26:12.001755,766,1.037,0.0011,"aoml_navis",1030.78307182764
"7901009",32,0,1,0.029904,1,0.007476,1,122.655880246728,1,4.85063713907845,768,1,7.41599988937378,34.9300003051758,0.0299040004611015,0,118.278396606445,-85.6676,22.2301,47.6946971970381,63,63,63,63,61,63,0,9004,1.9064526870154,22,-86,0.001869,51,2024-04-20 16:26:12.001755,768,1.037,0.0011,"aoml_navis",1030.79242100347
"7901009",32,0,1,0.029904,1,0.007476,1,122.817557030338,1,4.85059088646953,770,1,7.4060001373291,34.9290008544922,0.0299040004611015,0,118.434303283691,-85.6676,22.2301,47.6946971970381,63,63,63,63,61,63,0,9004,1.9064526870154,22,-86,0.001869,51,2024-04-20 16:26:12.001755,770,1.037,0.0011,"aoml_navis",1030.80225008199
"7901009",32,0,1,0.031773,1,0.009345,1,123.078257382516,1,4.85053177516815,772,1,7.37400007247925,34.9269981384277,0.0317730009555817,0,118.685699462891,-85.6676,22.2301,47.6946971970381,63,63,63,63,61,63,0,9004,1.9064526870154,22,-86,0.001869,51,2024-04-20 16:26:12.001755,772,1.037,0.0011,"aoml_navis",1030.8148120165
"7901009",32,0,1,0.029904,1,0.007476,1,123.324653275445,1,4.85048027699412,774,1,7.35699987411499,34.9259986877441,0.0299040004611015,0,118.923301696777,-85.6676,22.2301,47.6946971970381,63,63,63,63,61,63,0,9004,1.9064526870154,22,-86,0.001869,51,2024-04-20 16:26:12.001755,774,1.037,0.0011,"aoml_navis",1030.82575631016
"7901009",32,0,1,0.029904,1,0.007476,1,123.641558759542,1,4.85042496263601,776,1,7.32999992370605,34.923999786377,0.0299040004611015,0,119.228897094727,-85.6676,22.2301,47.6946971970381,63,63,63,63,61,63,0,9004,1.9064526870154,22,-86,0.001869,51,2024-04-20 16:26:12.001755,776,1.037,0.0011,"aoml_navis",1030.83751187086
"7901009",32,0,1,0.028035,1,0.005607,1,123.971534468573,1,4.85037499085971,778,1,7.31500005722046,34.9230003356934,0.0280349999666214,0,119.547096252441,-85.6676,22.2301,47.6946971970381,63,63,63,63,61,63,0,9004,1.9064526870154,22,-86,0.001869,51,2024-04-20 16:26:12.001755,778,1.037,0.0011,"aoml_navis",1030.84813224179
"7901009",32,0,1,0.029904,1,0.007476,1,124.56024841369,1,4.85030695861535,780,1,7.26599979400635,34.9199981689453,0.0299040004611015,0,120.114799499512,-85.6676,22.2301,47.6946971970381,63,63,63,63,61,63,0,9004,1.9064526870154,22,-86,0.001869,51,2024-04-20 16:26:12.001755,780,1.037,0.0011,"aoml_navis",1030.86259130853
"7901009",32,0,1,0.024297,1,0.001869,1,125.15850393948,1,4.8502257512597,782,1,7.21400022506714,34.9199981689453,0.0242970008403063,0,120.691703796387,-85.6676,22.2301,47.6946971970381,63,63,63,63,61,63,0,9004,1.9064526870154,22,-86,0.001869,51,2024-04-20 16:26:12.001755,782,1.037,0.0011,"aoml_navis",1030.8798510464
"7901009",32,0,1,0.029904,1,0.007476,1,125.682088289164,1,4.85015123548939,784,1,7.1560001373291,34.9169998168945,0.0299040004611015,0,121.196601867676,-85.6676,22.2301,47.6946971970381,63,63,63,63,61,63,0,9004,1.9064526870154,22,-86,0.001869,51,2024-04-20 16:26:12.001755,784,1.037,0.0011,"aoml_navis",1030.89568906927
"7901009",32,0,1,0.028035,1,0.005607,1,125.988835075431,1,4.85010503573974,786,1,7.14099979400635,34.9150009155273,0.0280349999666214,0,121.492401123047,-85.6676,22.2301,47.6946971970381,63,63,63,63,61,63,0,9004,1.9064526870154,22,-86,0.001869,51,2024-04-20 16:26:12.001755,786,1.037,0.0011,"aoml_navis",1030.90550888191
"7901009",32,0,1,0.033642,1,0.011214,1,126.382998880642,1,4.85004479658369,788,1,7.11199998855591,34.9140014648438,0.0336420014500618,0,121.872497558594,-85.6676,22.2301,47.6946971970381,63,63,63,63,61,63,0,9004,1.9064526870154,22,-86,0.001869,51,2024-04-20 16:26:12.001755,788,1.037,0.0011,"aoml_navis",1030.91831306835
"7901009",32,0,1,0.029904,1,0.007476,1,126.747303709521,1,4.84997352343394,790,1,7.07299995422363,34.9140014648438,0.0299040004611015,0,122.22380065918,-85.6676,22.2301,47.6946971970381,63,63,63,63,61,63,0,9004,1.9064526870154,22,-86,0.001869,51,2024-04-20 16:26:12.001755,790,1.037,0.0011,"aoml_navis",1030.93346300576
"7901009",32,0,1,0.033642,1,0.011214,1,127.035798069079,1,4.84991116440263,792,1,7.04099988937378,34.9129981994629,0.0336420014500618,0,122.501998901367,-85.6676,22.2301,47.6946971970381,63,63,63,63,61,63,0,9004,1.9064526870154,22,-86,0.001869,51,2024-04-20 16:26:12.001755,792,1.037,0.0011,"aoml_navis",1030.94671850878
"7901009",32,0,1,0.033642,1,0.011214,1,127.262699389225,1,4.84985767253556,794,1,7.02600002288818,34.9129981994629,0.0336420014500618,0,122.720802307129,-85.6676,22.2301,47.6946971970381,63,63,63,63,61,63,0,9004,1.9064526870154,22,-86,0.001869,51,2024-04-20 16:26:12.001755,794,1.037,0.0011,"aoml_navis",1030.95808941254
"7901009",32,0,1,0.031773,1,0.009345,1,127.542482902747,1,4.84981007508115,796,1,7.01399993896484,34.9119987487793,0.0317730009555817,0,122.990600585938,-85.6676,22.2301,47.6946971970381,63,63,63,63,61,63,0,9004,1.9064526870154,22,-86,0.001869,51,2024-04-20 16:26:12.001755,796,1.037,0.0011,"aoml_navis",1030.96820753673
"7901009",32,0,1,0.029904,1,0.007476,1,127.887079541365,1,4.84975439045999,798,1,6.99100017547607,34.9109992980957,0.0299040004611015,0,123.322898864746,-85.6676,22.2301,47.6946971970381,63,63,63,63,61,63,0,9004,1.9064526870154,22,-86,0.001869,51,2024-04-20 16:26:12.001755,798,1.037,0.0011,"aoml_navis",1030.98004505869
"7901009",32,0,1,0.033642,1,0.011214,1,128.289234222595,1,4.84970019440395,800,1,6.96999979019165,34.9099998474121,0.0336420014500618,0,123.71070098877,-85.6676,22.2301,47.6946971970381,63,63,63,63,61,63,0,9004,1.9064526870154,22,-86,0.001869,51,2024-04-20 16:26:12.001755,800,1.037,0.0011,"aoml_navis",1030.99156640022
"7901009",32,0,1,0.031773,1,0.009345,1,128.835011054688,1,4.84963501504915,802,1,6.93400001525879,34.9090003967285,0.0317730009555817,0,124.236999511719,-85.6676,22.2301,47.6946971970381,63,63,63,63,61,63,0,9004,1.9064526870154,22,-86,0.001869,51,2024-04-20 16:26:12.001755,802,1.037,0.0011,"aoml_navis",1031.00542298219
"7901009",32,0,4,0.026166,1,0.003738,1,129.31898122989,1,4.84955746189883,804,1,6.88100004196167,34.9080009460449,0.0261659994721413,0,124.70369720459,-85.6676,22.2301,47.6946971970381,63,63,63,63,61,63,0,9004,1.9064526870154,22,-86,0.001869,51,2024-04-20 16:26:12.001755,804,1.037,0.0011,"aoml_navis",1031.02191061414
"7901009",32,0,1,0.028035,1,0.005607,1,129.500152586283,1,4.84950189584323,806,1,6.85799980163574,34.9070014953613,0.0280349999666214,0,124.878402709961,-85.6676,22.2301,47.6946971970381,63,63,63,63,61,63,0,9004,1.9064526870154,22,-86,0.001869,51,2024-04-20 16:26:12.001755,806,1.037,0.0011,"aoml_navis",1031.0337241616
"7901009",32,0,1,0.033642,1,0.011214,1,129.671363038808,1,4.84944704433878,808,1,6.84100008010864,34.9070014953613,0.0336420014500618,0,125.043502807617,-85.6676,22.2301,47.6946971970381,63,63,63,63,61,63,0,9004,1.9064526870154,22,-86,0.001869,51,2024-04-20 16:26:12.001755,808,1.037,0.0011,"aoml_navis",1031.04538605839
"7901009",32,0,1,0.024297,1,0.001869,1,129.825666063557,1,4.84939584508929,810,1,6.8289999961853,34.9070014953613,0.0242970008403063,0,125.19229888916,-85.6676,22.2301,47.6946971970381,63,63,63,63,61,63,0,9004,1.9064526870154,22,-86,0.001869,51,2024-04-20 16:26:12.001755,810,1.037,0.0011,"aoml_navis",1031.05627169274
"7901009",32,0,1,0.028035,1,0.005607,1,130.010983181371,1,4.84934683582067,812,1,6.82000017166138,34.9070014953613,0.0280349999666214,0,125.371002197266,-85.6676,22.2301,47.6946971970381,63,63,63,63,61,63,0,9004,1.9064526870154,22,-86,0.001869,51,2024-04-20 16:26:12.001755,812,1.037,0.0011,"aoml_navis",1031.06669192364
"7901009",32,0,1,0.031773,1,0.009345,1,130.142373753694,1,4.84929127892557,814,1,6.80200004577637,34.9070014953613,0.0317730009555817,0,125.497703552246,-85.6676,22.2301,47.6946971970381,63,63,63,63,61,63,0,9004,1.9064526870154,22,-86,0.001869,51,2024-04-20 16:26:12.001755,814,1.037,0.0011,"aoml_navis",1031.0785045496
"7901009",32,0,1,0.028035,1,0.005607,1,130.254261841476,1,4.84924446032319,816,1,6.7960000038147,34.9070014953613,0.0280349999666214,0,125.605598449707,-85.6676,22.2301,47.6946971970381,63,63,63,63,61,63,0,9004,1.9064526870154,22,-86,0.001869,51,2024-04-20 16:26:12.001755,816,1.037,0.0011,"aoml_navis",1031.08845943122
"7901009",32,0,1,0.029904,1,0.007476,1,130.394054701256,1,4.84920279111647,818,1,6.79199981689453,34.9059982299805,0.0299040004611015,0,125.74040222168,-85.6676,22.2301,47.6946971970381,63,63,63,63,61,63,0,9004,1.9064526870154,22,-86,0.001869,51,2024-04-20 16:26:12.001755,818,1.037,0.0011,"aoml_navis",1031.09731957587
"7901009",32,0,1,0.028035,1,0.005607,1,130.65558578807,1,4.84915743141546,820,1,6.78800010681152,34.9059982299805,0.0280349999666214,0,125.992599487305,-85.6676,22.2301,47.6946971970381,63,63,63,63,61,63,0,9004,1.9064526870154,22,-86,0.001869,51,2024-04-20 16:26:12.001755,820,1.037,0.0011,"aoml_navis",1031.10696460529
"7901009",32,0,1,0.029904,1,0.007476,1,130.987017260653,1,4.84910262013477,822,1,6.77099990844727,34.9059982299805,0.0299040004611015,0,126.312202453613,-85.6676,22.2301,47.6946971970381,63,63,63,63,61,63,0,9004,1.9064526870154,22,-86,0.001869,51,2024-04-20 16:26:12.001755,822,1.037,0.0011,"aoml_navis",1031.11861960575
"7901009",32,0,1,0.035511,1,0.013083,1,131.368633016987,1,4.8490493194945,824,1,6.75099992752075,34.9049987792969,0.0355109982192516,0,126.680198669434,-85.6676,22.2301,47.6946971970381,63,63,63,63,61,63,0,9004,1.9064526870154,22,-86,0.001869,51,2024-04-20 16:26:12.001755,824,1.037,0.0011,"aoml_navis",1031.12995363826
"7901009",32,0,1,0.029904,1,0.007476,1,131.912028409791,1,4.84898945464011,826,1,6.72700023651123,34.9049987792969,0.0299040004611015,0,127.204200744629,-85.6676,22.2301,47.6946971970381,63,63,63,63,61,63,0,9004,1.9064526870154,22,-86,0.001869,51,2024-04-20 16:26:12.001755,826,1.037,0.0011,"aoml_navis",1031.14268380505
"7901009",32,0,1,0.028035,1,0.005607,1,132.438002110522,1,4.8489260517625,828,1,6.69299983978271,34.9039993286133,0.0280349999666214,0,127.711402893066,-85.6676,22.2301,47.6946971970381,63,63,63,63,61,63,0,9004,1.9064526870154,22,-86,0.001869,51,2024-04-20 16:26:12.001755,828,1.037,0.0011,"aoml_navis",1031.15616666965
"7901009",32,0,1,0.028035,1,0.005607,1,132.89853765724,1,4.84885179894519,830,1,6.64900016784668,34.9039993286133,0.0280349999666214,0,128.155502319336,-85.6676,22.2301,47.6946971970381,63,63,63,63,61,63,0,9004,1.9064526870154,22,-86,0.001869,51,2024-04-20 16:26:12.001755,830,1.037,0.0011,"aoml_navis",1031.17195726372
"7901009",32,0,1,0.029904,1,0.007476,1,133.204770179209,1,4.8487877061232,832,1,6.61899995803833,34.9039993286133,0.0299040004611015,0,128.450805664062,-85.6676,22.2301,47.6946971970381,63,63,63,63,61,63,0,9004,1.9064526870154,22,-86,0.001869,51,2024-04-20 16:26:12.001755,832,1.037,0.0011,"aoml_navis",1031.18558762345
"7901009",32,0,1,0.026166,1,0.003738,1,133.368401167154,1,4.84873883872383,834,1,6.60500001907349,34.9029998779297,0.0261659994721413,0,128.608596801758,-85.6676,22.2301,47.6946971970381,63,63,63,63,61,63,0,9004,1.9064526870154,22,-86,0.001869,51,2024-04-20 16:26:12.001755,834,1.037,0.0011,"aoml_navis",1031.1959802966
"7901009",32,0,1,0.029904,1,0.007476,1,133.50695188086,1,4.84868989600912,836,1,6.59600019454956,34.9029998779297,0.0299040004611015,0,128.742202758789,-85.6676,22.2301,47.6946971970381,63,63,63,63,61,63,0,9004,1.9064526870154,22,-86,0.001869,51,2024-04-20 16:26:12.001755,836,1.037,0.0011,"aoml_navis",1031.2063891971
"7901009",32,0,1,0.028035,1,0.005607,1,133.616149970774,1,4.84864239495506,838,1,6.58900022506714,34.9029998779297,0.0280349999666214,0,128.847503662109,-85.6676,22.2301,47.6946971970381,63,63,63,63,61,63,0,9004,1.9064526870154,22,-86,0.001869,51,2024-04-20 16:26:12.001755,838,1.037,0.0011,"aoml_navis",1031.2164916931
"7901009",32,0,1,0.031773,1,0.009345,1,133.819608750678,1,4.84860145240267,840,1,6.58599996566772,34.9020004272461,0.0317730009555817,0,129.043701171875,-85.6676,22.2301,47.6946971970381,63,63,63,63,61,63,0,9004,1.9064526870154,22,-86,0.001869,51,2024-04-20 16:26:12.001755,840,1.037,0.0011,"aoml_navis",1031.2251994897
"7901009",32,0,1,0.029904,1,0.007476,1,134.257429638931,1,4.84854820283117,842,1,6.57100009918213,34.9020004272461,0.0299040004611015,0,129.465896606445,-85.6676,22.2301,47.6946971970381,63,63,63,63,61,63,0,9004,1.9064526870154,22,-86,0.001869,51,2024-04-20 16:26:12.001755,842,1.037,0.0011,"aoml_navis",1031.23652500359
"7901009",32,0,1,0.028035,1,0.005607,1,134.795634918202,1,4.84848347422375,844,1,6.53999996185303,34.9020004272461,0.0280349999666214,0,129.984893798828,-85.6676,22.2301,47.6946971970381,63,63,63,63,61,63,0,9004,1.9064526870154,22,-86,0.001869,51,2024-04-20 16:26:12.001755,844,1.037,0.0011,"aoml_navis",1031.25029229898
"7901009",32,0,1,0.028035,1,0.005607,1,135.083211513782,1,4.84842594821949,846,1,6.51900005340576,34.9020004272461,0.0280349999666214,0,130.26220703125,-85.6676,22.2301,47.6946971970381,63,63,63,63,61,63,0,9004,1.9064526870154,22,-86,0.001869,51,2024-04-20 16:26:12.001755,846,1.037,0.0011,"aoml_navis",1031.26252796254
"7901009",32,0,1,0.031773,1,0.009345,1,135.565306602235,1,4.84836199769406,848,1,6.48899984359741,34.9020004272461,0.0317730009555817,0,130.727096557617,-85.6676,22.2301,47.6946971970381,63,63,63,63,61,63,0,9004,1.9064526870154,22,-86,0.001869,51,2024-04-20 16:26:12.001755,848,1.037,0.0011,"aoml_navis",1031.27613044943
"7901009",32,0,1,0.029904,1,0.007476,1,135.857329606055,1,4.84829379916592,850,1,6.45300006866455,34.9020004272461,0.0299040004611015,0,131.008697509766,-85.6676,22.2301,47.6946971970381,63,63,63,63,61,63,0,9004,1.9064526870154,22,-86,0.001869,51,2024-04-20 16:26:12.001755,850,1.037,0.0011,"aoml_navis",1031.29063689585
"7901009",32,0,1,0.028035,1,0.005607,1,136.001481844733,1,4.84823337529535,852,1,6.43300008773804,34.9029998779297,0.0280349999666214,0,131.147705078125,-85.6676,22.2301,47.6946971970381,63,63,63,63,61,63,0,9004,1.9064526870154,22,-86,0.001869,51,2024-04-20 16:26:12.001755,852,1.037,0.0011,"aoml_navis",1031.30348994295
"7901009",32,0,1,0.029904,1,0.007476,1,136.097926180051,1,4.8481859090391,854,1,6.42600011825562,34.9029998779297,0.0299040004611015,0,131.240707397461,-85.6676,22.2301,47.6946971970381,63,63,63,63,61,63,0,9004,1.9064526870154,22,-86,0.001869,51,2024-04-20 16:26:12.001755,854,1.037,0.0011,"aoml_navis",1031.31358693936
"7901009",32,0,1,0.029904,1,0.007476,1,136.303869252103,1,4.84814141216886,856,1,6.41800022125244,34.9020004272461,0.0299040004611015,0,131.439300537109,-85.6676,22.2301,47.6946971970381,63,63,63,63,61,63,0,9004,1.9064526870154,22,-86,0.001869,51,2024-04-20 16:26:12.001755,856,1.037,0.0011,"aoml_navis",1031.32305246913
"7901009",32,0,1,0.028035,1,0.005607,1,136.611968949063,1,4.84809110079975,858,1,6.40700006484985,34.9020004272461,0.0280349999666214,0,131.736404418945,-85.6676,22.2301,47.6946971970381,63,63,63,63,61,63,0,9004,1.9064526870154,22,-86,0.001869,51,2024-04-20 16:26:12.001755,858,1.037,0.0011,"aoml_navis",1031.33375508872
"7901009",32,0,1,0.028035,1,0.005607,1,136.895067489369,1,4.84802572902106,860,1,6.38000011444092,34.9029998779297,0.0280349999666214,0,132.009399414062,-85.6676,22.2301,47.6946971970381,63,63,63,63,61,63,0,9004,1.9064526870154,22,-86,0.001869,51,2024-04-20 16:26:12.001755,860,1.037,0.0011,"aoml_navis",1031.34766180575
"7901009",32,0,1,0.028035,1,0.005607,1,137.127673187346,1,4.84797543189558,862,1,6.36899995803833,34.9029998779297,0.0280349999666214,0,132.233703613281,-85.6676,22.2301,47.6946971970381,63,63,63,63,61,63,0,9004,1.9064526870154,22,-86,0.001869,51,2024-04-20 16:26:12.001755,862,1.037,0.0011,"aoml_navis",1031.35836190593
"7901009",32,0,1,0.031773,1,0.009345,1,137.434728532192,1,4.84793024015423,864,1,6.3600001335144,34.9020004272461,0.0317730009555817,0,132.529800415039,-85.6676,22.2301,47.6946971970381,63,63,63,63,61,63,0,9004,1.9064526870154,22,-86,0.001869,51,2024-04-20 16:26:12.001755,864,1.037,0.0011,"aoml_navis",1031.36797608724
"7901009",32,0,1,0.029904,1,0.007476,1,137.66950205198,1,4.84787272054289,866,1,6.3439998626709,34.9029998779297,0.0299040004611015,0,132.756195068359,-85.6676,22.2301,47.6946971970381,63,63,63,63,61,63,0,9004,1.9064526870154,22,-86,0.001869,51,2024-04-20 16:26:12.001755,866,1.037,0.0011,"aoml_navis",1031.3802131835
"7901009",32,0,1,0.033642,1,0.011214,1,137.860428606523,1,4.84782030886678,868,1,6.32999992370605,34.9029998779297,0.0336420014500618,0,132.940307617188,-85.6676,22.2301,47.6946971970381,63,63,63,63,61,63,0,9004,1.9064526870154,22,-86,0.001869,51,2024-04-20 16:26:12.001755,868,1.037,0.0011,"aoml_navis",1031.39136383725
"7901009",32,0,1,0.031773,1,0.009345,1,138.112513053766,1,4.84777074046404,870,1,6.32000017166138,34.9029998779297,0.0317730009555817,0,133.183395385742,-85.6676,22.2301,47.6946971970381,63,63,63,63,61,63,0,9004,1.9064526870154,22,-86,0.001869,51,2024-04-20 16:26:12.001755,870,1.037,0.0011,"aoml_navis",1031.40190980265
"7901009",32,0,1,0.028035,1,0.005607,1,138.534368013498,1,4.84771621450111,872,1,6.30299997329712,34.9029998779297,0.0280349999666214,0,133.590194702148,-85.6676,22.2301,47.6946971970381,63,63,63,63,61,63,0,9004,1.9064526870154,22,-86,0.001869,51,2024-04-20 16:26:12.001755,872,1.037,0.0011,"aoml_navis",1031.41351076685
"7901009",32,0,1,0.029904,1,0.007476,1,139.056813069967,1,4.84764755118751,874,1,6.26599979400635,34.9029998779297,0.0299040004611015,0,134.093994140625,-85.6676,22.2301,47.6946971970381,63,63,63,63,61,63,0,9004,1.9064526870154,22,-86,0.001869,51,2024-04-20 16:26:12.001755,874,1.037,0.0011,"aoml_navis",1031.42811997031
"7901009",32,0,1,0.028035,1,0.005607,1,139.540680392309,1,4.84758302450782,876,1,6.23999977111816,34.9039993286133,0.0280349999666214,0,134.560592651367,-85.6676,22.2301,47.6946971970381,63,63,63,63,61,63,0,9004,1.9064526870154,22,-86,0.001869,51,2024-04-20 16:26:12.001755,876,1.037,0.0011,"aoml_navis",1031.44184941683
"7901009",32,0,1,0.031773,1,0.009345,1,139.889952880162,1,4.84752502325134,878,1,6.21799993515015,34.9039993286133,0.0317730009555817,0,134.897399902344,-85.6676,22.2301,47.6946971970381,63,63,63,63,61,63,0,9004,1.9064526870154,22,-86,0.001869,51,2024-04-20 16:26:12.001755,878,1.037,0.0011,"aoml_navis",1031.45419075039
"7901009",32,0,1,0.024297,1,0.001869,1,140.256124884032,1,4.84745913632988,880,1,6.19000005722046,34.9049987792969,0.0242970008403063,0,135.250503540039,-85.6676,22.2301,47.6946971970381,63,63,63,63,61,63,0,9004,1.9064526870154,22,-86,0.001869,51,2024-04-20 16:26:12.001755,880,1.037,0.0011,"aoml_navis",1031.46821033042
"7901009",32,0,1,0.028035,1,0.005607,1,140.358059979703,1,4.84741102081283,882,1,6.18200016021729,34.9049987792969,0.0280349999666214,0,135.34880065918,-85.6676,22.2301,47.6946971970381,63,63,63,63,61,63,0,9004,1.9064526870154,22,-86,0.001869,51,2024-04-20 16:26:12.001755,882,1.037,0.0011,"aoml_navis",1031.4784487084
"7901009",32,0,1,0.029904,1,0.007476,1,140.450247788983,1,4.84736712842177,884,1,6.17999982833862,34.9049987792969,0.0299040004611015,0,135.437698364258,-85.6676,22.2301,47.6946971970381,63,63,63,63,61,63,0,9004,1.9064526870154,22,-86,0.001869,51,2024-04-20 16:26:12.001755,884,1.037,0.0011,"aoml_navis",1031.48778863546
"7901009",32,0,1,0.026166,1,0.003738,1,140.696746534771,1,4.84732762218157,886,1,6.17899990081787,34.9039993286133,0.0261659994721413,0,135.675399780273,-85.6676,22.2301,47.6946971970381,63,63,63,63,61,63,0,9004,1.9064526870154,22,-86,0.001869,51,2024-04-20 16:26:12.001755,886,1.037,0.0011,"aoml_navis",1031.49619537161
"7901009",32,0,1,0.028035,1,0.005607,1,141.033882385185,1,4.84727442479643,888,1,6.16900014877319,34.9049987792969,0.0280349999666214,0,136.000503540039,-85.6676,22.2301,47.6946971970381,63,63,63,63,61,63,0,9004,1.9064526870154,22,-86,0.001869,51,2024-04-20 16:26:12.001755,888,1.037,0.0011,"aoml_navis",1031.50751573344
"7901009",32,0,1,0.029904,1,0.007476,1,141.329734680088,1,4.84722280177679,890,1,6.1560001373291,34.9049987792969,0.0299040004611015,0,136.285797119141,-85.6676,22.2301,47.6946971970381,63,63,63,63,61,63,0,9004,1.9064526870154,22,-86,0.001869,51,2024-04-20 16:26:12.001755,890,1.037,0.0011,"aoml_navis",1031.51850130908
"7901009",32,0,1,0.031773,1,0.009345,1,141.629637795309,1,4.84717258975292,892,1,6.14499998092651,34.9049987792969,0.0317730009555817,0,136.574996948242,-85.6676,22.2301,47.6946971970381,63,63,63,63,61,63,0,9004,1.9064526870154,22,-86,0.001869,51,2024-04-20 16:26:12.001755,892,1.037,0.0011,"aoml_navis",1031.52918684393
"7901009",32,0,1,0.028035,1,0.005607,1,142.015921489119,1,4.84712097759774,894,1,6.13199996948242,34.9049987792969,0.0280349999666214,0,136.947494506836,-85.6676,22.2301,47.6946971970381,63,63,63,63,61,63,0,9004,1.9064526870154,22,-86,0.001869,51,2024-04-20 16:26:12.001755,894,1.037,0.0011,"aoml_navis",1031.54017056905
"7901009",32,0,1,0.029904,1,0.007476,1,142.446289500927,1,4.84707077483232,896,1,6.12099981307983,34.9049987792969,0.0299040004611015,0,137.362503051758,-85.6676,22.2301,47.6946971970381,63,63,63,63,61,63,0,9004,1.9064526870154,22,-86,0.001869,51,2024-04-20 16:26:12.001755,896,1.037,0.0011,"aoml_navis",1031.55085458247
"7901009",32,0,1,0.031773,1,0.009345,1,142.953274981415,1,4.84702004865333,898,1,6.10400009155273,34.9039993286133,0.0317730009555817,0,137.85139465332,-85.6676,22.2301,47.6946971970381,63,63,63,63,61,63,0,9004,1.9064526870154,22,-86,0.001869,51,2024-04-20 16:26:12.001755,898,1.037,0.0011,"aoml_navis",1031.56165021211
"7901009",32,0,1,0.029904,1,0.007476,1,143.518760003769,1,4.84694638967355,900,1,6.07000017166138,34.9059982299805,0.0299040004611015,0,138.396697998047,-85.6676,22.2301,47.6946971970381,63,63,63,63,61,63,0,9004,1.9064526870154,22,-86,0.001869,51,2024-04-20 16:26:12.001755,900,1.037,0.0011,"aoml_navis",1031.57732684078
"7901009",32,0,1,0.028035,1,0.005607,1,143.753122112118,1,4.84689551064574,902,1,6.05800008773804,34.9059982299805,0.0280349999666214,0,138.622695922852,-85.6676,22.2301,47.6946971970381,63,63,63,63,61,63,0,9004,1.9064526870154,22,-86,0.001869,51,2024-04-20 16:26:12.001755,902,1.037,0.0011,"aoml_navis",1031.58815555606
"7901009",32,0,1,0.028035,1,0.005607,1,144.050952346629,1,4.84684883110565,904,1,6.05200004577637,34.9059982299805,0.0280349999666214,0,138.909896850586,-85.6676,22.2301,47.6946971970381,63,63,63,63,61,63,0,9004,1.9064526870154,22,-86,0.001869,51,2024-04-20 16:26:12.001755,904,1.037,0.0011,"aoml_navis",1031.59809068347
"7901009",32,0,1,0.031773,1,0.009345,1,144.457363553897,1,4.84680513471952,906,1,6.04500007629395,34.9049987792969,0.0317730009555817,0,139.301803588867,-85.6676,22.2301,47.6946971970381,63,63,63,63,61,63,0,9004,1.9064526870154,22,-86,0.001869,51,2024-04-20 16:26:12.001755,906,1.037,0.0011,"aoml_navis",1031.60739105913
"7901009",32,0,1,0.033642,1,0.011214,1,144.975963495767,1,4.84674639501229,908,1,6.02699995040894,34.9059982299805,0.0336420014500618,0,139.801895141602,-85.6676,22.2301,47.6946971970381,63,63,63,63,61,63,0,9004,1.9064526870154,22,-86,0.001869,51,2024-04-20 16:26:12.001755,908,1.037,0.0011,"aoml_navis",1031.61989353217
"7901009",32,0,1,0.031773,1,0.009345,1,145.466682400914,1,4.84669134712221,910,1,6.00899982452393,34.9059982299805,0.0317730009555817,0,140.275100708008,-85.6676,22.2301,47.6946971970381,63,63,63,63,61,63,0,9004,1.9064526870154,22,-86,0.001869,51,2024-04-20 16:26:12.001755,910,1.037,0.0011,"aoml_navis",1031.6316104942
"7901009",32,0,1,0.029904,1,0.007476,1,145.89382241528,1,4.84663561395136,912,1,5.98999977111816,34.9059982299805,0.0299040004611015,0,140.686996459961,-85.6676,22.2301,47.6946971970381,63,63,63,63,61,63,0,9004,1.9064526870154,22,-86,0.001869,51,2024-04-20 16:26:12.001755,912,1.037,0.0011,"aoml_navis",1031.64347358963
"7901009",32,0,4,0.024297,1,0.001869,1,146.090856847335,1,4.84658407214598,914,1,5.97700023651123,34.9059982299805,0.0242970008403063,0,140.876998901367,-85.6676,22.2301,47.6946971970381,63,63,63,63,61,63,0,9004,1.9064526870154,22,-86,0.001869,51,2024-04-20 16:26:12.001755,914,1.037,0.0011,"aoml_navis",1031.65444477394
"7901009",32,0,1,0.029904,1,0.007476,1,146.353432286262,1,4.84653671259832,916,1,5.96999979019165,34.9059982299805,0.0299040004611015,0,141.13020324707,-85.6676,22.2301,47.6946971970381,63,63,63,63,61,63,0,9004,1.9064526870154,22,-86,0.001869,51,2024-04-20 16:26:12.001755,916,1.037,0.0011,"aoml_navis",1031.66452592895
"7901009",32,0,1,0.029904,1,0.007476,1,146.682672201758,1,4.84649074829319,918,1,5.96500015258789,34.9059982299805,0.0299040004611015,0,141.447692871094,-85.6676,22.2301,47.6946971970381,63,63,63,63,61,63,0,9004,1.9064526870154,22,-86,0.001869,51,2024-04-20 16:26:12.001755,918,1.037,0.0011,"aoml_navis",1031.67431027509
"7901009",32,0,1,0.026166,1,0.003738,1,147.103704338613,1,4.84644269689559,920,1,5.95699977874756,34.9059982299805,0.0261659994721413,0,141.853698730469,-85.6676,22.2301,47.6946971970381,63,63,63,63,61,63,0,9004,1.9064526870154,22,-86,0.001869,51,2024-04-20 16:26:12.001755,920,1.037,0.0011,"aoml_navis",1031.68453909561
"7901009",32,0,1,0.028035,1,0.005607,1,147.633000977887,1,4.84638121697851,922,1,5.93499994277954,34.9070014953613,0.0280349999666214,0,142.364105224609,-85.6676,22.2301,47.6946971970381,63,63,63,63,61,63,0,9004,1.9064526870154,22,-86,0.001869,51,2024-04-20 16:26:12.001755,922,1.037,0.0011,"aoml_navis",1031.69762677424
"7901009",32,0,1,0.028035,1,0.005607,1,148.050393705862,1,4.84631560404802,924,1,5.90700006484985,34.9080009460449,0.0280349999666214,0,142.7666015625,-85.6676,22.2301,47.6946971970381,63,63,63,63,61,63,0,9004,1.9064526870154,22,-86,0.001869,51,2024-04-20 16:26:12.001755,924,1.037,0.0011,"aoml_navis",1031.7115946439
"7901009",32,0,1,0.028035,1,0.005607,1,148.201587409547,1,4.84626548643912,926,1,5.89599990844727,34.9080009460449,0.0280349999666214,0,142.912399291992,-85.6676,22.2301,47.6946971970381,63,63,63,63,61,63,0,9004,1.9064526870154,22,-86,0.001869,51,2024-04-20 16:26:12.001755,926,1.037,0.0011,"aoml_navis",1031.72226407964
"7901009",32,0,1,0.029904,1,0.007476,1,148.290768750621,1,4.84622230862049,928,1,5.89499998092651,34.9080009460449,0.0299040004611015,0,142.998397827148,-85.6676,22.2301,47.6946971970381,63,63,63,63,61,63,0,9004,1.9064526870154,22,-86,0.001869,51,2024-04-20 16:26:12.001755,928,1.037,0.0011,"aoml_navis",1031.73145629452
"7901009",32,0,1,0.028035,1,0.005607,1,148.539957494277,1,4.84617705125005,930,1,5.89099979400635,34.9080009460449,0.0280349999666214,0,143.238693237305,-85.6676,22.2301,47.6946971970381,63,63,63,63,61,63,0,9004,1.9064526870154,22,-86,0.001869,51,2024-04-20 16:26:12.001755,930,1.037,0.0011,"aoml_navis",1031.74109140529
"7901009",32,0,1,0.028035,1,0.005607,1,148.797453584289,1,4.84612555378,932,1,5.87799978256226,34.9080009460449,0.0280349999666214,0,143.486999511719,-85.6676,22.2301,47.6946971970381,63,63,63,63,61,63,0,9004,1.9064526870154,22,-86,0.001869,51,2024-04-20 16:26:12.001755,932,1.037,0.0011,"aoml_navis",1031.75205522688
"7901009",32,0,1,0.028035,1,0.005607,1,149.157090475691,1,4.84607891386122,934,1,5.87200021743774,34.9080009460449,0.0280349999666214,0,143.833801269531,-85.6676,22.2301,47.6946971970381,63,63,63,63,61,63,0,9004,1.9064526870154,22,-86,0.001869,51,2024-04-20 16:26:12.001755,934,1.037,0.0011,"aoml_navis",1031.76198507592
"7901009",32,0,1,0.028035,1,0.005607,1,149.622918988803,1,4.84602534666241,936,1,5.85599994659424,34.9080009460449,0.0280349999666214,0,144.283004760742,-85.6676,22.2301,47.6946971970381,63,63,63,63,61,63,0,9004,1.9064526870154,22,-86,0.001869,51,2024-04-20 16:26:12.001755,936,1.037,0.0011,"aoml_navis",1031.77339000995
"7901009",32,0,1,0.028035,1,0.005607,1,150.165475735213,1,4.8459688006539,938,1,5.84100008010864,34.9090003967285,0.0280349999666214,0,144.806198120117,-85.6676,22.2301,47.6946971970381,63,63,63,63,61,63,0,9004,1.9064526870154,22,-86,0.001869,51,2024-04-20 16:26:12.001755,938,1.037,0.0011,"aoml_navis",1031.78542943267
"7901009",32,0,1,0.028035,1,0.005607,1,150.760819733898,1,4.8459025853413,940,1,5.81199979782104,34.9099998474121,0.0280349999666214,0,145.380294799805,-85.6676,22.2301,47.6946971970381,63,63,63,63,61,63,0,9004,1.9064526870154,22,-86,0.001869,51,2024-04-20 16:26:12.001755,940,1.037,0.0011,"aoml_navis",1031.79952794033
"7901009",32,0,1,0.029904,1,0.007476,1,151.102734286407,1,4.84584123155512,942,1,5.78999996185303,34.9109992980957,0.0299040004611015,0,145.710006713867,-85.6676,22.2301,47.6946971970381,63,63,63,63,61,63,0,9004,1.9064526870154,22,-86,0.001869,51,2024-04-20 16:26:12.001755,942,1.037,0.0011,"aoml_navis",1031.81259167986
"7901009",32,0,1,0.029904,1,0.007476,1,151.279024087846,1,4.84579253816788,944,1,5.7810001373291,34.9109992980957,0.0299040004611015,0,145.880004882812,-85.6676,22.2301,47.6946971970381,63,63,63,63,61,63,0,9004,1.9064526870154,22,-86,0.001869,51,2024-04-20 16:26:12.001755,944,1.037,0.0011,"aoml_navis",1031.82295994257
"7901009",32,0,1,0.031773,1,0.009345,1,151.500521676981,1,4.84574729551188,946,1,5.77699995040894,34.9109992980957,0.0317730009555817,0,146.093597412109,-85.6676,22.2301,47.6946971970381,63,63,63,63,61,63,0,9004,1.9064526870154,22,-86,0.001869,51,2024-04-20 16:26:12.001755,946,1.037,0.0011,"aoml_navis",1031.83259362926
"7901009",32,0,1,0.033642,1,0.011214,1,151.939798328786,1,4.84569929638486,948,1,5.76900005340576,34.9109992980957,0.0336420014500618,0,146.517196655273,-85.6676,22.2301,47.6946971970381,63,63,63,63,61,63,0,9004,1.9064526870154,22,-86,0.001869,51,2024-04-20 16:26:12.001755,948,1.037,0.0011,"aoml_navis",1031.84281445823
"7901009",32,0,1,0.028035,1,0.005607,1,152.450533982772,1,4.8456444090893,950,1,5.75099992752075,34.9109992980957,0.0280349999666214,0,147.009704589844,-85.6676,22.2301,47.6946971970381,63,63,63,63,61,63,0,9004,1.9064526870154,22,-86,0.001869,51,2024-04-20 16:26:12.001755,950,1.037,0.0011,"aoml_navis",1031.85450228687
"7901009",32,0,1,0.028035,1,0.005607,1,152.877357526801,1,4.84558034975758,952,1,5.72499990463257,34.9119987487793,0.0280349999666214,0,147.421295166016,-85.6676,22.2301,47.6946971970381,63,63,63,63,61,63,0,9004,1.9064526870154,22,-86,0.001869,51,2024-04-20 16:26:12.001755,952,1.037,0.0011,"aoml_navis",1031.86814356512
"7901009",32,0,1,0.029904,1,0.007476,1,153.168035531688,1,4.84552181074851,954,1,5.70699977874756,34.9129981994629,0.0299040004611015,0,147.701599121094,-85.6676,22.2301,47.6946971970381,63,63,63,63,61,63,0,9004,1.9064526870154,22,-86,0.001869,51,2024-04-20 16:26:12.001755,954,1.037,0.0011,"aoml_navis",1031.88060961955
"7901009",32,0,1,0.029904,1,0.007476,1,153.482559576496,1,4.84547176960455,956,1,5.69600009918213,34.9129981994629,0.0299040004611015,0,148.004898071289,-85.6676,22.2301,47.6946971970381,63,63,63,63,61,63,0,9004,1.9064526870154,22,-86,0.001869,51,2024-04-20 16:26:12.001755,956,1.037,0.0011,"aoml_navis",1031.89126626736
"7901009",32,0,1,0.031773,1,0.009345,1,153.753015126824,1,4.84541898763814,958,1,5.68100023269653,34.9129981994629,0.0317730009555817,0,148.265701293945,-85.6676,22.2301,47.6946971970381,63,63,63,63,61,63,0,9004,1.9064526870154,22,-86,0.001869,51,2024-04-20 16:26:12.001755,958,1.037,0.0011,"aoml_navis",1031.902506833
"7901009",32,0,1,0.026166,1,0.003738,1,153.964259077027,1,4.84536389019101,960,1,5.66800022125244,34.9140014648438,0.0261659994721413,0,148.46940612793,-85.6676,22.2301,47.6946971970381,63,63,63,63,61,63,0,9004,1.9064526870154,22,-86,0.001869,51,2024-04-20 16:26:12.001755,960,1.037,0.0011,"aoml_navis",1031.91424076983
"7901009",32,0,1,0.026166,1,0.003738,1,154.224650870626,1,4.84531454888127,962,1,5.65799999237061,34.9140014648438,0.0261659994721413,0,148.720504760742,-85.6676,22.2301,47.6946971970381,63,63,63,63,61,63,0,9004,1.9064526870154,22,-86,0.001869,51,2024-04-20 16:26:12.001755,962,1.037,0.0011,"aoml_navis",1031.92474906597
"7901009",32,0,1,0.028035,1,0.005607,1,154.354277120818,1,4.84526521115653,964,1,5.64799976348877,34.9140014648438,0.0280349999666214,0,148.845504760742,-85.6676,22.2301,47.6946971970381,63,63,63,63,61,63,0,9004,1.9064526870154,22,-86,0.001869,51,2024-04-20 16:26:12.001755,964,1.037,0.0011,"aoml_navis",1031.93525681261
"7901009",32,0,1,0.033642,1,0.011214,1,154.516357404109,1,4.84521493671828,966,1,5.64200019836426,34.9150009155273,0.0336420014500618,0,149.001800537109,-85.6676,22.2301,47.6946971970381,63,63,63,63,61,63,0,9004,1.9064526870154,22,-86,0.001869,51,2024-04-20 16:26:12.001755,966,1.037,0.0011,"aoml_navis",1031.94596427678
"7901009",32,0,1,0.028035,1,0.005607,1,154.701049493006,1,4.8451703990737,968,1,5.63899993896484,34.9150009155273,0.0280349999666214,0,149.179901123047,-85.6676,22.2301,47.6946971970381,63,63,63,63,61,63,0,9004,1.9064526870154,22,-86,0.001869,51,2024-04-20 16:26:12.001755,968,1.037,0.0011,"aoml_navis",1031.95545010262
"7901009",32,0,1,0.028035,1,0.005607,1,154.898083925061,1,4.84512312345486,970,1,5.63199996948242,34.9150009155273,0.0280349999666214,0,149.369903564453,-85.6676,22.2301,47.6946971970381,63,63,63,63,61,63,0,9004,1.9064526870154,22,-86,0.001869,51,2024-04-20 16:26:12.001755,970,1.037,0.0011,"aoml_navis",1031.96551926522
"7901009",32,0,1,0.029904,1,0.007476,1,155.249207764388,1,4.84507379620119,972,1,5.62200021743774,34.9150009155273,0.0299040004611015,0,149.70849609375,-85.6676,22.2301,47.6946971970381,63,63,63,63,61,63,0,9004,1.9064526870154,22,-86,0.001869,51,2024-04-20 16:26:12.001755,972,1.037,0.0011,"aoml_navis",1031.97602561189
"7901009",32,0,1,0.029904,1,0.007476,1,155.532939245369,1,4.84502241969425,974,1,5.60900020599365,34.9150009155273,0.0299040004611015,0,149.98210144043,-85.6676,22.2301,47.6946971970381,63,63,63,63,61,63,0,9004,1.9064526870154,22,-86,0.001869,51,2024-04-20 16:26:12.001755,974,1.037,0.0011,"aoml_navis",1031.98696866206
"7901009",32,0,1,0.029904,1,0.007476,1,155.962990786839,1,4.84497788827659,976,1,5.60599994659424,34.9150009155273,0.0299040004611015,0,150.39680480957,-85.6676,22.2301,47.6946971970381,63,63,63,63,61,63,0,9004,1.9064526870154,22,-86,0.001869,51,2024-04-20 16:26:12.001755,976,1.037,0.0011,"aoml_navis",1031.99645391541
"7901009",32,0,1,0.026166,1,0.003738,1,156.450893105983,1,4.84492925442299,978,1,5.59700012207031,34.9150009155273,0.0261659994721413,0,150.867294311523,-85.6676,22.2301,47.6946971970381,63,63,63,63,61,63,0,9004,1.9064526870154,22,-86,0.001869,51,2024-04-20 16:26:12.001755,978,1.037,0.0011,"aoml_navis",1032.00681319246
"7901009",32,0,1,0.029904,1,0.007476,1,161.372022675811,1,4.84434863004002,999.700012207031,1,5.45370006561279,34.9210014343262,0.0299040004611015,0,155.61279296875,-85.6676,22.2301,47.6946971970381,63,63,63,63,61,63,0,9004,1.9064526870154,22,-86,0.001869,51,2024-04-20 16:26:12.001755,999.700012207031,1.037,0.0011,"aoml_navis",1032.13050542952
"7901009",32,0,1,0.035511,1,0.013083,1,171.512017108876,1,4.84306655063441,1049.59997558594,1,5.18410015106201,34.931999206543,0.0355109982192516,0,165.390899658203,-85.6676,22.2301,47.6946971970381,63,63,63,63,61,63,0,9004,1.9064526870154,22,-86,0.001869,51,2024-04-20 16:26:12.001755,1049.59997558594,1.037,0.0011,"aoml_navis",1032.40373588198
"7901009",32,0,1,0.033642,1,0.011214,1,180.212118977398,1,4.84179682737165,1099.80004882812,1,4.93340015411377,34.9420013427734,0.0336420014500618,0,173.780502319336,-85.6676,22.2301,47.6946971970381,63,63,63,63,61,63,0,9004,1.9064526870154,22,-86,0.001869,51,2024-04-20 16:26:12.001755,1099.80004882812,1.037,0.0011,"aoml_navis",1032.67447566862
"7901009",32,0,4,0.020559,1,-0.001869,1,186.747358032499,1,4.84057413968106,1149.69995117188,1,4.71320009231567,34.9469985961914,0.020558999851346,0,180.082504272461,-85.6676,22.2301,47.6946971970381,63,63,63,63,61,63,0,9004,1.9064526870154,22,-86,0.001869,51,2024-04-20 16:26:12.001755,1149.69995117188,1.037,0.0011,"aoml_navis",1032.93532042243
"7901009",32,0,1,0.028035,1,0.005607,1,191.991714581413,1,4.83939407749279,1199.09997558594,1,4.55060005187988,34.9539985656738,0.0280349999666214,0,185.139694213867,-85.6676,22.2301,47.6946971970381,63,63,63,63,61,63,0,9004,1.9064526870154,22,-86,0.001869,51,2024-04-20 16:26:12.001755,1199.09997558594,1.037,0.0011,"aoml_navis",1033.18719656541
"7901009",32,0,1,0.031773,1,0.009345,1,195.725890503851,1,4.8382828862249,1248.80004882812,1,4.47870016098022,34.9570007324219,0.0317730009555817,0,188.740600585938,-85.6676,22.2301,47.6946971970381,63,63,63,63,61,63,0,9004,1.9064526870154,22,-86,0.001869,51,2024-04-20 16:26:12.001755,1248.80004882812,1.037,0.0011,"aoml_navis",1033.42448500387
"7901009",32,0,1,0.026166,1,0.003738,1,198.676802341265,1,4.83714710296673,1299.30004882812,1,4.39900016784668,34.9609985351562,0.0261659994721413,0,191.586196899414,-85.6676,22.2301,47.6946971970381,63,63,63,63,61,63,0,9004,1.9064526870154,22,-86,0.001869,51,2024-04-20 16:26:12.001755,1299.30004882812,1.037,0.0011,"aoml_navis",1033.66713758475
"7901009",32,0,1,0.024297,1,0.001869,1,200.236985281048,1,4.83605492097342,1349.5,1,4.36299991607666,34.9630012512207,0.0242970008403063,0,193.090698242188,-85.6676,22.2301,47.6946971970381,63,63,63,63,61,63,0,9004,1.9064526870154,22,-86,0.001869,51,2024-04-20 16:26:12.001755,1349.5,1.037,0.0011,"aoml_navis",1033.9005825421
"7901009",32,0,1,0.031773,1,0.009345,1,201.320563892732,1,4.834987111982,1399.30004882812,1,4.3435001373291,34.9640007019043,0.0317730009555817,0,194.135604858398,-85.6676,22.2301,47.6946971970381,63,63,63,63,61,63,0,9004,1.9064526870154,22,-86,0.001869,51,2024-04-20 16:26:12.001755,1399.30004882812,1.037,0.0011,"aoml_navis",1034.12891993219
"7901009",32,0,1,0.026166,1,0.003738,1,202.305308818051,1,4.83392788457698,1448.80004882812,1,4.3253002166748,34.9650001525879,0.0261659994721413,0,195.085205078125,-85.6676,22.2301,47.6946971970381,63,63,63,63,61,63,0,9004,1.9064526870154,22,-86,0.001869,51,2024-04-20 16:26:12.001755,1448.80004882812,1.037,0.0011,"aoml_navis",1034.35552192512
"7901009",32,0,1,0.026166,1,0.003738,1,203.040959940815,1,4.83284059365286,1500.09997558594,1,4.31960010528564,34.9659996032715,0.0261659994721413,0,195.79460144043,-85.6676,22.2301,47.6946971970381,63,63,63,63,61,63,0,9004,1.9064526870154,22,-86,0.001869,51,2024-04-20 16:26:12.001755,1500.09997558594,1.037,0.0011,"aoml_navis",1034.58823089813
"7901009",32,0,1,0.031773,1,0.009345,1,203.705579296354,1,4.83180794895366,1549.09997558594,1,4.31549978256226,34.9659996032715,0.0317730009555817,0,196.435501098633,-85.6676,22.2301,47.6946971970381,63,63,63,63,61,63,0,9004,1.9064526870154,22,-86,0.001869,51,2024-04-20 16:26:12.001755,1549.09997558594,1.037,0.0011,"aoml_navis",1034.80934110445
"7901009",32,0,1,0.028035,1,0.005607,1,204.146311711711,1,4.83074453346083,1599.80004882812,1,4.31640005111694,34.9659996032715,0.0280349999666214,0,196.860504150391,-85.6676,22.2301,47.6946971970381,63,63,63,63,61,63,0,9004,1.9064526870154,22,-86,0.001869,51,2024-04-20 16:26:12.001755,1599.80004882812,1.037,0.0011,"aoml_navis",1035.03713876128
"7901009",32,0,1,0.029904,1,0.007476,1,204.761767400337,1,4.82969246860794,1649.69995117188,1,4.31239986419678,34.9669990539551,0.0299040004611015,0,197.453994750977,-85.6676,22.2301,47.6946971970381,63,63,63,63,61,63,0,9004,1.9064526870154,22,-86,0.001869,51,2024-04-20 16:26:12.001755,1649.69995117188,1.037,0.0011,"aoml_navis",1035.26260367488
"7901009",32,0,1,0.029904,1,0.007476,1,206.248323516128,1,4.82865043195901,1699.5,1,4.31239986419678,34.9669990539551,0.0299040004611015,0,198.887496948242,-85.6676,22.2301,47.6946971970381,63,63,63,63,61,63,0,9004,1.9064526870154,22,-86,0.001869,51,2024-04-20 16:26:12.001755,1699.5,1.037,0.0011,"aoml_navis",1035.48601632185
"7901009",32,0,1,0.028035,1,0.005607,1,205.552595126424,1,4.82757473512217,1750.59997558594,1,4.3112998008728,34.9690017700195,0.0280349999666214,0,198.216598510742,-85.6676,22.2301,47.6946971970381,63,63,63,63,61,63,0,9004,1.9064526870154,22,-86,0.001869,51,2024-04-20 16:26:12.001755,1750.59997558594,1.037,0.0011,"aoml_navis",1035.71674688397
"7901009",33,0.0127446121089097,5,0.041118,1,0.01869,1,194.324746436951,1,4.88684513211623,2.40000009536743,1,28.6299991607666,36.273998260498,0.041117999702692,0.0280349999666214,187.389404296875,-85.7488,22.2702,16.5155035245262,63,63,63,63,61,63,0.024297,9004,1.9064526870154,22,-86,0.001869,51,2024-04-30 22:29:22.002403,2.40000009536743,1.037,0.0011,"aoml_navis",1023.15499362567
"7901009",33,0.0127446121089097,5,0.041118,1,0.01869,1,194.470655131052,1,4.88666945437481,4,1,28.5400009155273,36.273998260498,0.041117999702692,0.0280349999666214,187.53010559082,-85.7488,22.2702,16.5155035245262,63,63,63,63,61,63,0.024297,9004,1.9064526870154,22,-86,0.001869,51,2024-04-30 22:29:22.002403,4,1.037,0.0011,"aoml_navis",1023.19177646111
"7901009",33,0.0127446121089097,5,0.042987,1,0.020559,1,194.564298732797,1,4.88653533942233,6,1,28.488000869751,36.2770004272461,0.0429870001971722,0.0299040004611015,187.620407104492,-85.7488,22.2702,16.5155035245262,63,63,63,63,61,63,0.024297,9004,1.9064526870154,22,-86,0.001869,51,2024-04-30 22:29:22.002403,6,1.037,0.0011,"aoml_navis",1023.2198587949
"7901009",33,0.0127446121089097,5,0.042987,1,0.020559,1,194.543554095776,1,4.88646797333469,8,1,28.4689998626709,36.2760009765625,0.0429870001971722,0.0299040004611015,187.600402832031,-85.7488,22.2702,16.5155035245262,63,63,63,63,61,63,0.024297,9004,1.9064526870154,22,-86,0.001869,51,2024-04-30 22:29:22.002403,8,1.037,0.0011,"aoml_navis",1023.23396516356
"7901009",33,0.0127446121089097,5,0.041118,1,0.01869,1,194.54665550604,1,4.88640379071389,10,1,28.4519996643066,36.2750015258789,0.041117999702692,0.0280349999666214,187.603393554688,-85.7488,22.2702,16.5155035245262,63,63,63,63,61,63,0.024297,9004,1.9064526870154,22,-86,0.001869,51,2024-04-30 22:29:22.002403,10,1.037,0.0011,"aoml_navis",1023.24740528034
"7901009",33,0.0127446121089097,5,0.044856,1,0.022428,1,194.574457433763,1,4.88631502112381,12,1,28.423999786377,36.2760009765625,0.0448560006916523,0.0317730009555817,187.63020324707,-85.7488,22.2702,16.5155035245262,63,63,63,63,61,63,0.024297,9004,1.9064526870154,22,-86,0.001869,51,2024-04-30 22:29:22.002403,12,1.037,0.0011,"aoml_navis",1023.26599459608
"7901009",33,0.0127446121089097,5,0.041118,1,0.01869,1,194.582432488728,1,4.8862409469077,14,1,28.4029998779297,36.2760009765625,0.041117999702692,0.0280349999666214,187.637893676758,-85.7488,22.2702,16.5155035245262,63,63,63,63,61,63,0.024297,9004,1.9064526870154,22,-86,0.001869,51,2024-04-30 22:29:22.002403,14,1.037,0.0011,"aoml_navis",1023.28150705796
"7901009",33,0.0127446121089097,5,0.046725,1,0.024297,1,194.635631168867,1,4.88616013453047,16,1,28.3799991607666,36.2770004272461,0.0467250011861324,0.0336420014500618,187.689193725586,-85.7488,22.2702,16.5155035245262,63,63,63,63,61,63,0.024297,9004,1.9064526870154,22,-86,0.001869,51,2024-04-30 22:29:22.002403,16,1.037,0.0011,"aoml_navis",1023.2984311474
"7901009",33,0.00980354777608442,1,0.041118,1,0.01869,1,194.633146875952,1,4.88607733575237,18,1,28.3579998016357,36.2789993286133,0.041117999702692,0.0280349999666214,187.686798095703,-85.7488,22.2702,16.5155035245262,63,63,63,63,61,63,0.01869,9004,1.9064526870154,22,-86,0.001869,51,2024-04-30 22:29:22.002403,18,1.037,0.0011,"aoml_navis",1023.31577181843
"7901009",33,0.0107839025536929,1,0.042987,1,0.020559,1,194.626611761467,1,4.88599455476154,20,1,28.3360004425049,36.2809982299805,0.0429870001971722,0.0299040004611015,187.68049621582,-85.7488,22.2702,16.5155035245262,63,63,63,63,61,63,0.020559,9004,1.9064526870154,22,-86,0.001869,51,2024-04-30 22:29:22.002403,20,1.037,0.0011,"aoml_navis",1023.33310935178
"7901009",33,0.0127446121089097,1,0.046725,1,0.024297,1,194.677531854474,1,4.88589412611713,22,1,28.2959995269775,36.2799987792969,0.0467250011861324,0.0336420014500618,187.729598999023,-85.7488,22.2702,16.5155035245262,63,63,63,63,61,63,0.024297,9004,1.9064526870154,22,-86,0.001869,51,2024-04-30 22:29:22.002403,22,1.037,0.0011,"aoml_navis",1023.35414377338
"7901009",33,0.0147053216641266,1,0.050463,1,0.028035,1,194.730730534614,1,4.88582058321048,24,1,28.2730007171631,36.2789993286133,0.0504629984498024,0.0373799987137318,187.780899047852,-85.7488,22.2702,16.5155035245262,63,63,63,63,61,63,0.028035,9004,1.9064526870154,22,-86,0.001869,51,2024-04-30 22:29:22.002403,24,1.037,0.0011,"aoml_navis",1023.36954762152
"7901009",33,0.0156856764417351,1,0.052332,1,0.029904,1,194.754370876115,1,4.88575135428167,26,1,28.2549991607666,36.2789993286133,0.0523319989442825,0.0392489992082119,187.803695678711,-85.7488,22.2702,16.5155035245262,63,63,63,63,61,63,0.029904,9004,1.9064526870154,22,-86,0.001869,51,2024-04-30 22:29:22.002403,26,1.037,0.0011,"aoml_navis",1023.38404831392
"7901009",33,0.0147053216641266,1,0.050463,1,0.028035,1,194.703561547761,1,4.88569160478468,28,1,28.2430000305176,36.2789993286133,0.0504629984498024,0.0373799987137318,187.754699707031,-85.7488,22.2702,16.5155035245262,63,63,63,63,61,63,0.028035,9004,1.9064526870154,22,-86,0.001869,51,2024-04-30 22:29:22.002403,28,1.037,0.0011,"aoml_navis",1023.39656377479
"7901009",33,0.0166660312193435,1,0.054201,1,0.031773,1,194.762567460384,1,4.88563659004316,30,1,28.2339992523193,36.2789993286133,0.0542009994387627,0.041117999702692,187.811599731445,-85.7488,22.2702,16.5155035245262,63,63,63,63,61,63,0.031773,9004,1.9064526870154,22,-86,0.001869,51,2024-04-30 22:29:22.002403,30,1.037,0.0011,"aoml_navis",1023.40808773823
"7901009",33,0.0205874503297773,1,0.061677,1,0.039249,1,194.764118165516,1,4.8855906085516,32,1,28.2329998016357,36.2799987792969,0.0616770014166832,0.0485940016806126,187.813095092773,-85.7488,22.2702,16.5155035245262,63,63,63,63,61,63,0.039249,9004,1.9064526870154,22,-86,0.001869,51,2024-04-30 22:29:22.002403,32,1.037,0.0011,"aoml_navis",1023.41771970172
"7901009",33,0.0196070955521688,1,0.059808,1,0.03738,1,194.744212175149,1,4.88553875536147,34,1,28.2259998321533,36.2799987792969,0.0598080009222031,0.0467250011861324,187.793899536133,-85.7488,22.2702,16.5155035245262,63,63,63,63,61,63,0.03738,9004,1.9064526870154,22,-86,0.001869,51,2024-04-30 22:29:22.002403,34,1.037,0.0011,"aoml_navis",1023.42858185557
"7901009",33,0.0215678051073857,1,0.063546,1,0.041118,1,194.694225669925,1,4.88547612647043,36,1,28.2189998626709,36.2830009460449,0.0635460019111633,0.0504629984498024,187.745697021484,-85.7488,22.2702,16.5155035245262,63,63,63,63,61,63,0.041118,9004,1.9064526870154,22,-86,0.001869,51,2024-04-30 22:29:22.002403,36,1.037,0.0011,"aoml_navis",1023.44170159978
"7901009",33,0.0235285146626026,1,0.067284,1,0.044856,1,194.613240885584,1,4.88542901035477,38,1,28.2150001525879,36.2830009460449,0.0672840029001236,0.0542009994387627,187.667602539062,-85.7488,22.2702,16.5155035245262,63,63,63,63,61,63,0.044856,9004,1.9064526870154,22,-86,0.001869,51,2024-04-30 22:29:22.002403,38,1.037,0.0011,"aoml_navis",1023.45157188906
"7901009",33,0.0225481598849942,1,0.065415,1,0.042987,1,194.674636149993,1,4.88537357873746,40,1,28.2080001831055,36.2840003967285,0.0654150024056435,0.0523319989442825,187.726806640625,-85.7488,22.2702,16.5155035245262,63,63,63,63,61,63,0.042987,9004,1.9064526870154,22,-86,0.001869,51,2024-04-30 22:29:22.002403,40,1.037,0.0011,"aoml_navis",1023.46318442492
"7901009",33,0.0254892242178195,1,0.071022,1,0.048594,1,194.604015772401,1,4.88532646802194,42,1,28.2040004730225,36.2840003967285,0.0710219964385033,0.0579390004277229,187.658706665039,-85.7488,22.2702,16.5155035245262,63,63,63,63,61,63,0.048594,9004,1.9064526870154,22,-86,0.001869,51,2024-04-30 22:29:22.002403,42,1.037,0.0011,"aoml_navis",1023.47305399725
"7901009",33,0.0294106433282533,1,0.078498,1,0.05607,1,194.570612317977,1,4.88527935981712,44,1,28.2000007629395,36.2840003967285,0.0784979984164238,0.0654150024056435,187.626495361328,-85.7488,22.2702,16.5155035245262,63,63,63,63,61,63,0.05607,9004,1.9064526870154,22,-86,0.001869,51,2024-04-30 22:29:22.002403,44,1.037,0.0011,"aoml_navis",1023.48292323393
"7901009",33,0.0284302885506448,1,0.076629,1,0.054201,1,194.486304594068,1,4.8852354046789,46,1,28.1979999542236,36.2840003967285,0.0766289979219437,0.0635460019111633,187.545196533203,-85.7488,22.2702,16.5155035245262,63,63,63,63,61,63,0.054201,9004,1.9064526870154,22,-86,0.001869,51,2024-04-30 22:29:22.002403,46,1.037,0.0011,"aoml_navis",1023.49213207027
"7901009",33,0.0313713528834701,1,0.082236,1,0.059808,1,194.493156178987,1,4.88519145181936,48,1,28.1959991455078,36.2840003967285,0.0822359994053841,0.0691530033946037,187.551803588867,-85.7488,22.2702,16.5155035245262,63,63,63,63,61,63,0.059808,9004,1.9064526870154,22,-86,0.001869,51,2024-04-30 22:29:22.002403,48,1.037,0.0011,"aoml_navis",1023.50134059493
"7901009",33,0.0294106433282533,1,0.078498,1,0.05607,1,194.545832682909,1,4.88514750424449,50,1,28.1940002441406,36.2840003967285,0.0784979984164238,0.0654150024056435,187.602600097656,-85.7488,22.2702,16.5155035245262,63,63,63,63,61,63,0.05607,9004,1.9064526870154,22,-86,0.001869,51,2024-04-30 22:29:22.002403,50,1.037,0.0011,"aoml_navis",1023.51054817807
"7901009",33,0.0323517076610786,1,0.084105,1,0.061677,1,194.41527280491,1,4.88510513421492,52,1,28.193000793457,36.2840003967285,0.0841049998998642,0.0710219964385033,187.476699829102,-85.7488,22.2702,16.5155035245262,63,63,63,63,61,63,0.061677,9004,1.9064526870154,22,-86,0.001869,51,2024-04-30 22:29:22.002403,52,1.037,0.0011,"aoml_navis",1023.519425402
"7901009",33,0.0519588032132474,1,0.121485,1,0.099057,1,194.521053047841,1,4.88506118816814,54,1,28.1909999847412,36.2840003967285,0.121485002338886,0.108401998877525,187.578704833984,-85.7488,22.2702,16.5155035245262,63,63,63,63,61,63,0.099057,9004,1.9064526870154,22,-86,0.001869,51,2024-04-30 22:29:22.002403,54,1.037,0.0011,"aoml_navis",1023.52863299036
"7901009",33,0.0352927719939039,1,0.089712,1,0.067284,1,194.712786660944,1,4.88501566917527,56,1,28.1879997253418,36.2840003967285,0.0897120013833046,0.0766289979219437,187.763595581055,-85.7488,22.2702,16.5155035245262,63,63,63,63,61,63,0.067284,9004,1.9064526870154,22,-86,0.001869,51,2024-04-30 22:29:22.002403,56,1.037,0.0011,"aoml_navis",1023.5381703175
"7901009",33,0.0372534815491208,1,0.09345,1,0.071022,1,195.622560044234,1,4.88494021621182,58,1,28.1660003662109,36.2840003967285,0.0934500023722649,0.0803669989109039,188.640899658203,-85.7488,22.2702,16.5155035245262,63,63,63,63,61,63,0.071022,9004,1.9064526870154,22,-86,0.001869,51,2024-04-30 22:29:22.002403,58,1.037,0.0011,"aoml_navis",1023.55397992514
"7901009",33,0.0441159649923799,1,0.106533,1,0.084105,1,197.073133930538,1,4.88460879880084,60,1,28.003999710083,36.2939987182617,0.106532998383045,0.0934500023722649,190.039703369141,-85.7488,22.2702,16.5155035245262,63,63,63,63,61,63,0.084105,9004,1.9064526870154,22,-86,0.001869,51,2024-04-30 22:29:22.002403,60,1.037,0.0011,"aoml_navis",1023.62342737201
"7901009",33,0.0401945458819461,1,0.099057,1,0.076629,1,197.609266494633,1,4.884439362438,62,1,27.9379997253418,36.3009986877441,0.0990569964051247,0.0859740003943443,190.556701660156,-85.7488,22.2702,16.5155035245262,63,63,63,63,61,63,0.076629,9004,1.9064526870154,22,-86,0.001869,51,2024-04-30 22:29:22.002403,62,1.037,0.0011,"aoml_navis",1023.65893585468
"7901009",33,0.0431356102147714,1,0.104664,1,0.082236,1,198.126426656144,1,4.8842658429525,64,1,27.867000579834,36.306999206543,0.104663997888565,0.0915810018777847,191.055404663086,-85.7488,22.2702,16.5155035245262,63,63,63,63,61,63,0.082236,9004,1.9064526870154,22,-86,0.001869,51,2024-04-30 22:29:22.002403,64,1.037,0.0011,"aoml_navis",1023.6953025836
"7901009",33,0.042155255437163,1,0.102795,1,0.080367,1,198.394698643974,1,4.88411263590104,66,1,27.8020000457764,36.310001373291,0.102794997394085,0.0897120013833046,191.314102172852,-85.7488,22.2702,16.5155035245262,63,63,63,63,61,63,0.080367,9004,1.9064526870154,22,-86,0.001869,51,2024-04-30 22:29:22.002403,66,1.037,0.0011,"aoml_navis",1023.72741432028
"7901009",33,0.0460766745475968,1,0.110271,1,0.087843,1,198.439605798714,1,4.88405309639693,68,1,27.7900009155273,36.310001373291,0.110270999372005,0.0971880033612251,191.357406616211,-85.7488,22.2702,16.5155035245262,63,63,63,63,61,63,0.087843,9004,1.9064526870154,22,-86,0.001869,51,2024-04-30 22:29:22.002403,68,1.037,0.0011,"aoml_navis",1023.73989416467
"7901009",33,0.0460766745475968,1,0.110271,1,0.087843,1,198.423529100612,1,4.88399824584507,70,1,27.7810001373291,36.310001373291,0.110270999372005,0.0971880033612251,191.341903686523,-85.7488,22.2702,16.5155035245262,63,63,63,63,61,63,0.087843,9004,1.9064526870154,22,-86,0.001869,51,2024-04-30 22:29:22.002403,70,1.037,0.0011,"aoml_navis",1023.75139144524
"7901009",33,0.0480373841028136,1,0.114009,1,0.091581,1,198.458372495516,1,4.88391000340064,72,1,27.746000289917,36.3079986572266,0.114009000360966,0.100925996899605,191.375503540039,-85.7488,22.2702,16.5155035245262,63,63,63,63,61,63,0.091581,9004,1.9064526870154,22,-86,0.001869,51,2024-04-30 22:29:22.002403,72,1.037,0.0011,"aoml_navis",1023.76988857668
"7901009",33,0.0529391579908559,1,0.123354,1,0.100926,1,198.562174798227,1,4.88383161563659,74,1,27.7150001525879,36.3050003051758,0.123354002833366,0.110270999372005,191.475601196289,-85.7488,22.2702,16.5155035245262,63,63,63,63,61,63,0.100926,9004,1.9064526870154,22,-86,0.001869,51,2024-04-30 22:29:22.002403,74,1.037,0.0011,"aoml_navis",1023.78632055853
"7901009",33,0.0548998675460727,1,0.127092,1,0.104664,1,198.634456645603,1,4.88376262741814,76,1,27.6900005340576,36.3019981384277,0.127092003822327,0.114009000360966,191.545303344727,-85.7488,22.2702,16.5155035245262,63,63,63,63,61,63,0.104664,9004,1.9064526870154,22,-86,0.001869,51,2024-04-30 22:29:22.002403,76,1.037,0.0011,"aoml_navis",1023.80078260341
"7901009",33,0.0617623509893318,1,0.140175,1,0.117747,1,198.66265416137,1,4.88368958567035,78,1,27.6669998168945,36.3009986877441,0.140174999833107,0.127092003822327,191.572494506836,-85.7488,22.2702,16.5155035245262,63,63,63,63,61,63,0.117747,9004,1.9064526870154,22,-86,0.001869,51,2024-04-30 22:29:22.002403,78,1.037,0.0011,"aoml_navis",1023.81609483758
"7901009",33,0.0637230605445487,1,0.143913,1,0.121485,1,198.856998655562,1,4.88358949344329,80,1,27.6219997406006,36.2980003356934,0.143913000822067,0.130830004811287,191.759902954102,-85.7488,22.2702,16.5155035245262,63,63,63,63,61,63,0.121485,9004,1.9064526870154,22,-86,0.001869,51,2024-04-30 22:29:22.002403,80,1.037,0.0011,"aoml_navis",1023.83707859004
"7901009",33,0.0676444796549825,1,0.151389,1,0.128961,1,198.894231402251,1,4.88350970071389,82,1,27.5900001525879,36.2949981689453,0.151389002799988,0.138306006789207,191.795806884766,-85.7488,22.2702,16.5155035245262,63,63,63,63,61,63,0.128961,9004,1.9064526870154,22,-86,0.001869,51,2024-04-30 22:29:22.002403,82,1.037,0.0011,"aoml_navis",1023.85380728722
"7901009",33,0.0715658987654162,1,0.158865,1,0.136437,1,198.990153591128,1,4.8833931247989,84,1,27.5319995880127,36.2910003662109,0.158865004777908,0.145781993865967,191.888305664062,-85.7488,22.2702,16.5155035245262,63,63,63,63,61,63,0.136437,9004,1.9064526870154,22,-86,0.001869,51,2024-04-30 22:29:22.002403,84,1.037,0.0011,"aoml_navis",1023.87824863187
"7901009",33,0.0764676726534585,1,0.16821,1,0.145782,1,198.653539812839,1,4.8832632881318,86,1,27.4699993133545,36.2890014648438,0.168209999799728,0.155127003788948,191.563705444336,-85.7488,22.2702,16.5155035245262,63,63,63,63,61,63,0.145782,9004,1.9064526870154,22,-86,0.001869,51,2024-04-30 22:29:22.002403,86,1.037,0.0011,"aoml_navis",1023.90547160378
"7901009",33,0.0784283822086753,1,0.171948,1,0.14952,1,197.712340915343,1,4.88312423887358,88,1,27.3950004577637,36.2840003967285,0.171948000788689,0.158865004777908,190.656097412109,-85.7488,22.2702,16.5155035245262,63,63,63,63,61,63,0.14952,9004,1.9064526870154,22,-86,0.001869,51,2024-04-30 22:29:22.002403,88,1.037,0.0011,"aoml_navis",1023.93462779341
"7901009",33,0.0862712204295429,1,0.1869,1,0.164472,1,196.294537542594,1,4.8829902257606,90,1,27.3509998321533,36.2910003662109,0.18690000474453,0.173816993832588,189.28889465332,-85.7488,22.2702,16.5155035245262,63,63,63,63,61,63,0.164472,9004,1.9064526870154,22,-86,0.001869,51,2024-04-30 22:29:22.002403,90,1.037,0.0011,"aoml_navis",1023.96272956315
"7901009",33,0.0921533490951935,1,0.198114,1,0.175686,1,196.674507770491,1,4.88283859993304,92,1,27.2630004882812,36.2840003967285,0.198113992810249,0.185030996799469,189.655303955078,-85.7488,22.2702,16.5155035245262,63,63,63,63,61,63,0.175686,9004,1.9064526870154,22,-86,0.001869,51,2024-04-30 22:29:22.002403,92,1.037,0.0011,"aoml_navis",1023.99452647658
"7901009",33,0.0999961873160611,1,0.213066,1,0.190638,1,196.991832675762,1,4.88274017320133,94,1,27.2140007019043,36.2789993286133,0.21306599676609,0.19998300075531,189.961303710938,-85.7488,22.2702,16.5155035245262,63,63,63,63,61,63,0.190638,9004,1.9064526870154,22,-86,0.001869,51,2024-04-30 22:29:22.002403,94,1.037,0.0011,"aoml_navis",1024.01516825373
"7901009",33,0.10685867075932,1,0.226149,1,0.203721,1,196.411932250493,1,4.88260127951362,96,1,27.1410007476807,36.2750015258789,0.226148992776871,0.21306599676609,189.402099609375,-85.7488,22.2702,16.5155035245262,63,63,63,63,61,63,0.203721,9004,1.9064526870154,22,-86,0.001869,51,2024-04-30 22:29:22.002403,96,1.037,0.0011,"aoml_navis",1024.04429806279
"7901009",33,0.108819380314537,1,0.229887,1,0.207459,1,193.586072794395,1,4.88240609028736,98,1,27.113000869751,36.3059997558594,0.229886993765831,0.216803997755051,186.677093505859,-85.7488,22.2702,16.5155035245262,63,63,63,63,61,63,0.207459,9004,1.9064526870154,22,-86,0.001869,51,2024-04-30 22:29:22.002403,98,1.037,0.0011,"aoml_navis",1024.08523738871
"7901009",33,0.140190733198007,1,0.289695,1,0.267267,1,190.306537146067,1,4.88206379384264,100,1,27.0429992675781,36.3600006103516,0.289694994688034,0.276612013578415,183.514602661133,-85.7488,22.2702,16.5155035245262,63,63,63,63,61,63,0.267267,9004,1.9064526870154,22,-86,0.001869,51,2024-04-30 22:29:22.002403,100,1.037,0.0011,"aoml_navis",1024.15703914113
"7901009",33,0.164699602638218,1,0.33642,1,0.313992,1,188.82194268799,1,4.88183141107965,102,1,26.9790000915527,36.3860015869141,0.336419999599457,0.323336988687515,182.082992553711,-85.7488,22.2702,16.5155035245262,63,63,63,63,61,63,0.313992,9004,1.9064526870154,22,-86,0.001869,51,2024-04-30 22:29:22.002403,102,1.037,0.0011,"aoml_navis",1024.20579060804
"7901009",33,0.184306698190387,1,0.3738,1,0.351372,1,187.889256845199,1,4.88163586035035,104,1,26.9529991149902,36.4179992675781,0.373800009489059,0.360716998577118,181.18359375,-85.7488,22.2702,16.5155035245262,63,63,63,63,61,63,0.351372,9004,1.9064526870154,22,-86,0.001869,51,2024-04-30 22:29:22.002403,104,1.037,0.0011,"aoml_navis",1024.24681869679
"7901009",33,0.196070955521688,1,0.396228,1,0.3738,1,187.008946859416,1,4.88153411581408,106,1,26.9389991760254,36.4290008544922,0.396227985620499,0.38314500451088,180.334701538086,-85.7488,22.2702,16.5155035245262,63,63,63,63,61,63,0.3738,9004,1.9064526870154,22,-86,0.001869,51,2024-04-30 22:29:22.002403,106,1.037,0.0011,"aoml_navis",1024.26816680481
"7901009",33,0.247049403957327,1,0.493416,1,0.470988,1,186.404156034427,1,4.88134167779911,108,1,26.9150009155273,36.4609985351562,0.493416011333466,0.480333000421524,179.751495361328,-85.7488,22.2702,16.5155035245262,63,63,63,63,61,63,0.470988,9004,1.9064526870154,22,-86,0.001869,51,2024-04-30 22:29:22.002403,108,1.037,0.0011,"aoml_navis",1024.30854671382
"7901009",33,0.279401111618406,1,0.555093,1,0.532665,1,186.653044208107,1,4.88112373945661,110,1,26.818000793457,36.4690017700195,0.555092990398407,0.542010009288788,179.991500854492,-85.7488,22.2702,16.5155035245262,63,63,63,63,61,63,0.532665,9004,1.9064526870154,22,-86,0.001869,51,2024-04-30 22:29:22.002403,110,1.037,0.0011,"aoml_navis",1024.35428128618
"7901009",33,0.31469388361231,1,0.622377,1,0.599949,1,186.671288728691,1,4.8810294870539,112,1,26.7830009460449,36.4690017700195,0.622376978397369,0.60929399728775,180.009094238281,-85.7488,22.2702,16.5155035245262,63,63,63,63,61,63,0.599949,9004,1.9064526870154,22,-86,0.001869,51,2024-04-30 22:29:22.002403,112,1.037,0.0011,"aoml_navis",1024.37406150929
"7901009",33,0.355868784271864,1,0.700875,1,0.678447,1,187.242992569691,1,4.88078500444424,114,1,26.6140003204346,36.4539985656738,0.700874984264374,0.687792003154755,180.560394287109,-85.7488,22.2702,16.5155035245262,63,63,63,63,61,63,0.678447,9004,1.9064526870154,22,-86,0.001869,51,2024-04-30 22:29:22.002403,114,1.037,0.0011,"aoml_navis",1024.42537326418
"7901009",33,0.365672332047949,1,0.719565,1,0.697137,1,186.936554247388,1,4.88068615420457,116,1,26.5639991760254,36.4490013122559,0.719564974308014,0.706481993198395,180.264892578125,-85.7488,22.2702,16.5155035245262,63,63,63,63,61,63,0.697137,9004,1.9064526870154,22,-86,0.001869,51,2024-04-30 22:29:22.002403,116,1.037,0.0011,"aoml_navis",1024.44612130871
"7901009",33,0.35880984860469,4,0.706482,1,0.684054,1,186.077606015973,1,4.88061695293792,118.099998474121,1,26.548999786377,36.4500007629395,0.706481993198395,0.693399012088776,179.436599731445,-85.7488,22.2702,16.5155035245262,63,63,63,63,61,63,0.684054,9004,1.9064526870154,22,-86,0.001869,51,2024-04-30 22:29:22.002403,118.099998474121,1.037,0.0011,"aoml_navis",1024.46064672013
"7901009",33,0.379397298934467,1,0.745731,1,0.723303,1,184.246239078641,1,4.88053524826631,120,1,26.568000793457,36.4700012207031,0.745730996131897,0.732648015022278,177.670593261719,-85.7488,22.2702,16.5155035245262,63,63,63,63,61,63,0.723303,9004,1.9064526870154,22,-86,0.001869,51,2024-04-30 22:29:22.002403,120,1.037,0.0011,"aoml_navis",1024.47779713836
"7901009",33,0.46566851936401,1,0.910203,1,0.887775,1,182.034617090021,1,4.88032682671215,122,1,26.5900001525879,36.5260009765625,0.910202980041504,0.897119998931885,175.537902832031,-85.7488,22.2702,16.5155035245262,63,63,63,63,61,63,0.887775,9004,1.9064526870154,22,-86,0.001869,51,2024-04-30 22:29:22.002403,122,1.037,0.0011,"aoml_navis",1024.52154897349
"7901009",33,0.454884616810317,1,0.889644,1,0.867216,1,180.713147317714,1,4.88018218806321,124,1,26.6350002288818,36.5740013122559,0.889644026756287,0.876560986042023,174.263595581055,-85.7488,22.2702,16.5155035245262,63,63,63,63,61,63,0.867216,9004,1.9064526870154,22,-86,0.001869,51,2024-04-30 22:29:22.002403,124,1.037,0.0011,"aoml_navis",1024.55191370311
"7901009",33,0.438218585590973,1,0.857871,1,0.835443,1,179.911749234922,1,4.8800668074785,126,1,26.6189994812012,36.5880012512207,0.857870995998383,0.844788014888763,173.490798950195,-85.7488,22.2702,16.5155035245262,63,63,63,63,61,63,0.835443,9004,1.9064526870154,22,-86,0.001869,51,2024-04-30 22:29:22.002403,126,1.037,0.0011,"aoml_navis",1024.57613742863
"7901009",33,0.397043684931419,1,0.779373,1,0.756945,1,179.111284739914,1,4.87984145572144,128,1,26.5590000152588,36.6139984130859,0.779372990131378,0.766290009021759,172.718902587891,-85.7488,22.2702,16.5155035245262,63,63,63,63,61,63,0.756945,9004,1.9064526870154,22,-86,0.001869,51,2024-04-30 22:29:22.002403,128,1.037,0.0011,"aoml_navis",1024.62345249715
"7901009",33,0.385279427600118,1,0.756945,1,0.734517,1,178.01743632805,1,4.87967460096182,130,1,26.5279998779297,36.6360015869141,0.756945013999939,0.743861973285675,171.664093017578,-85.7488,22.2702,16.5155035245262,63,63,63,63,61,63,0.734517,9004,1.9064526870154,22,-86,0.001869,51,2024-04-30 22:29:22.002403,130,1.037,0.0011,"aoml_navis",1024.65848829643
"7901009",33,0.388220491932943,1,0.762552,1,0.740124,1,175.636993185827,1,4.87944235639934,132,1,26.4869995117188,36.6720008850098,0.76255202293396,0.749468982219696,169.368606567383,-85.7488,22.2702,16.5155035245262,63,63,63,63,61,63,0.740124,9004,1.9064526870154,22,-86,0.001869,51,2024-04-30 22:29:22.002403,132,1.037,0.0011,"aoml_navis",1024.70725849288
"7901009",33,0.348025946050997,1,0.685923,1,0.663495,1,172.885583399586,1,4.87912128740898,134,1,26.3659992218018,36.6990013122559,0.685922980308533,0.672839999198914,166.715393066406,-85.7488,22.2702,16.5155035245262,63,63,63,63,61,63,0.663495,9004,1.9064526870154,22,-86,0.001869,51,2024-04-30 22:29:22.002403,134,1.037,0.0011,"aoml_navis",1024.77468902094
"7901009",33,0.304890335836225,1,0.603687,1,0.581259,1,169.37603703903,1,4.8788621984762,136,1,26.2310009002686,36.7029991149902,0.603686988353729,0.59060400724411,163.331100463867,-85.7488,22.2702,16.5155035245262,63,63,63,63,61,63,0.581259,9004,1.9064526870154,22,-86,0.001869,51,2024-04-30 22:29:22.002403,136,1.037,0.0011,"aoml_navis",1024.82910904137
"7901009",33,0.28920465939449,1,0.573783,1,0.551355,1,164.884118977372,1,4.87844144912235,138,1,26.0310001373291,36.7249984741211,0.573782980442047,0.560699999332428,158.999496459961,-85.7488,22.2702,16.5155035245262,63,63,63,63,61,63,0.551355,9004,1.9064526870154,22,-86,0.001869,51,2024-04-30 22:29:22.002403,138,1.037,0.0011,"aoml_navis",1024.9174971444
"7901009",33,0.233324437070809,1,0.46725,1,0.444822,1,161.979980559154,1,4.8778838268652,140,1,25.8369998931885,36.7879981994629,0.467249989509583,0.454167008399963,156.199005126953,-85.7488,22.2702,16.5155035245262,63,63,63,63,61,63,0.444822,9004,1.9064526870154,22,-86,0.001869,51,2024-04-30 22:29:22.002403,140,1.037,0.0011,"aoml_navis",1025.03466205206
"7901009",33,0.236265501403634,1,0.472857,1,0.450429,1,159.459942308011,1,4.87753798949889,142,1,25.7119998931885,36.8209991455078,0.472856998443604,0.459773987531662,153.768905639648,-85.7488,22.2702,16.5155035245262,63,63,63,63,61,63,0.450429,9004,1.9064526870154,22,-86,0.001869,51,2024-04-30 22:29:22.002403,142,1.037,0.0011,"aoml_navis",1025.10734119647
"7901009",33,0.214697696296249,1,0.431739,1,0.409311,1,158.047946167746,1,4.87732276165434,144,1,25.6310005187988,36.8359985351562,0.431739002466202,0.41865599155426,152.407302856445,-85.7488,22.2702,16.5155035245262,63,63,63,63,61,63,0.409311,9004,1.9064526870154,22,-86,0.001869,51,2024-04-30 22:29:22.002403,144,1.037,0.0011,"aoml_navis",1025.15257741607
"7901009",33,0.183326343412779,1,0.371931,1,0.349503,1,156.819597820966,1,4.8769185346878,146,1,25.4659996032715,36.8689994812012,0.371930986642838,0.358848005533218,151.222793579102,-85.7488,22.2702,16.5155035245262,63,63,63,63,61,63,0.349503,9004,1.9064526870154,22,-86,0.001869,51,2024-04-30 22:29:22.002403,146,1.037,0.0011,"aoml_navis",1025.23754793868
"7901009",33,0.158817473972568,1,0.325206,1,0.302778,1,156.338942524143,1,4.87649442064656,148,1,25.2819995880127,36.9000015258789,0.325206011533737,0.312123000621796,150.759292602539,-85.7488,22.2702,16.5155035245262,63,63,63,63,61,63,0.302778,9004,1.9064526870154,22,-86,0.001869,51,2024-04-30 22:29:22.002403,148,1.037,0.0011,"aoml_navis",1025.32671396701
"7901009",33,0.148033571418875,1,0.304647,1,0.282219,1,155.846467056569,1,4.87626259171904,150,1,25.1840000152588,36.9129981994629,0.304646998643875,0.291563987731934,150.284393310547,-85.7488,22.2702,16.5155035245262,63,63,63,63,61,63,0.282219,9004,1.9064526870154,22,-86,0.001869,51,2024-04-30 22:29:22.002403,150,1.037,0.0011,"aoml_navis",1025.37546039688
"7901009",33,0.142151442753224,1,0.293433,1,0.271005,1,155.118806585155,1,4.87612142309155,151.899993896484,1,25.128999710083,36.9189987182617,0.293433010578156,0.280349999666214,149.582702636719,-85.7488,22.2702,16.5155035245262,63,63,63,63,61,63,0.271005,9004,1.9064526870154,22,-86,0.001869,51,2024-04-30 22:29:22.002403,151.899993896484,1.037,0.0011,"aoml_navis",1025.40514604944
"7901009",33,0.120583637645838,4,0.252315,1,0.229887,1,153.770579237561,1,4.87583918299864,154,1,25.0049991607666,36.935001373291,0.252315014600754,0.239232003688812,148.282592773438,-85.7488,22.2702,16.5155035245262,63,63,63,63,61,63,0.229887,9004,1.9064526870154,22,-86,0.001869,51,2024-04-30 22:29:22.002403,154,1.037,0.0011,"aoml_navis",1025.46450207675
"7901009",33,0.11960328286823,1,0.250446,1,0.228018,1,153.503873778384,1,4.87521744533118,156,1,24.6979999542236,36.9720001220703,0.250445991754532,0.237362995743752,148.025405883789,-85.7488,22.2702,16.5155035245262,63,63,63,63,61,63,0.228018,9004,1.9064526870154,22,-86,0.001869,51,2024-04-30 22:29:22.002403,156,1.037,0.0011,"aoml_navis",1025.5952798143
"7901009",33,0.125485411533881,1,0.26166,1,0.239232,1,153.136356662108,1,4.87502218827421,158,1,24.6040000915527,36.9770011901855,0.261660009622574,0.248576998710632,147.671005249023,-85.7488,22.2702,16.5155035245262,63,63,63,63,61,63,0.239232,9004,1.9064526870154,22,-86,0.001869,51,2024-04-30 22:29:22.002403,158,1.037,0.0011,"aoml_navis",1025.6363575178
"7901009",33,0.11960328286823,1,0.250446,1,0.228018,1,152.476499981412,1,4.87483304803802,160,1,24.5139999389648,36.9819984436035,0.250445991754532,0.237362995743752,147.034698486328,-85.7488,22.2702,16.5155035245262,63,63,63,63,61,63,0.228018,9004,1.9064526870154,22,-86,0.001869,51,2024-04-30 22:29:22.002403,160,1.037,0.0011,"aoml_navis",1025.6761515171
"7901009",33,0.105878315981712,1,0.22428,1,0.201852,1,152.152339314744,1,4.8745288320344,162,1,24.3490009307861,36.9889984130859,0.224279999732971,0.211197003722191,146.722106933594,-85.7488,22.2702,16.5155035245262,63,63,63,63,61,63,0.201852,9004,1.9064526870154,22,-86,0.001869,51,2024-04-30 22:29:22.002403,162,1.037,0.0011,"aoml_navis",1025.74016326276
"7901009",33,0.0970551229832357,1,0.207459,1,0.185031,1,151.670845371268,1,4.87433187772042,164,1,24.2479991912842,36.992000579834,0.207459002733231,0.19437600672245,146.257797241211,-85.7488,22.2702,16.5155035245262,63,63,63,63,61,63,0.185031,9004,1.9064526870154,22,-86,0.001869,51,2024-04-30 22:29:22.002403,164,1.037,0.0011,"aoml_navis",1025.78160975333
"7901009",33,0.0833301560967176,1,0.181293,1,0.158865,1,150.91050932743,1,4.87414177033698,166,1,24.1490001678467,36.9939994812012,0.181292995810509,0.168209999799728,145.524597167969,-85.7488,22.2702,16.5155035245262,63,63,63,63,61,63,0.158865,9004,1.9064526870154,22,-86,0.001869,51,2024-04-30 22:29:22.002403,166,1.037,0.0011,"aoml_navis",1025.82161857272
"7901009",33,0.0548998675460727,1,0.127092,1,0.104664,1,150.457956605243,1,4.87371629178291,168,1,23.9050006866455,37.0040016174316,0.127092003822327,0.114009000360966,145.088195800781,-85.7488,22.2702,16.5155035245262,63,63,63,63,61,63,0.104664,9004,1.9064526870154,22,-86,0.001869,51,2024-04-30 22:29:22.002403,168,1.037,0.0011,"aoml_navis",1025.9111734571
"7901009",33,0.0431356102147714,1,0.104664,1,0.082236,1,150.308107854225,1,4.87337822544377,170,1,23.7110004425049,37.0099983215332,0.104663997888565,0.0915810018777847,144.943695068359,-85.7488,22.2702,16.5155035245262,63,63,63,63,61,63,0.082236,9004,1.9064526870154,22,-86,0.001869,51,2024-04-30 22:29:22.002403,170,1.037,0.0011,"aoml_navis",1025.9823409345
"7901009",33,0.0431356102147714,1,0.104664,1,0.082236,1,150.098525308584,1,4.87317102102379,172,1,23.5960006713867,37.0110015869141,0.104663997888565,0.0915810018777847,144.741592407227,-85.7488,22.2702,16.5155035245262,63,63,63,63,61,63,0.082236,9004,1.9064526870154,22,-86,0.001869,51,2024-04-30 22:29:22.002403,172,1.037,0.0011,"aoml_navis",1026.02596511164
"7901009",33,0.0352927719939039,1,0.089712,1,0.067284,1,149.748129242846,1,4.87293035946681,174,1,23.4619998931885,37.0139999389648,0.0897120013833046,0.0766289979219437,144.403701782227,-85.7488,22.2702,16.5155035245262,63,63,63,63,61,63,0.067284,9004,1.9064526870154,22,-86,0.001869,51,2024-04-30 22:29:22.002403,174,1.037,0.0011,"aoml_navis",1026.07663790769
"7901009",33,0.0274499337730364,1,0.07476,1,0.052332,1,149.641209706349,1,4.87259223440972,176,1,23.257999420166,37.0169982910156,0.0747599974274635,0.0616770014166832,144.300598144531,-85.7488,22.2702,16.5155035245262,63,63,63,63,61,63,0.052332,9004,1.9064526870154,22,-86,0.001869,51,2024-04-30 22:29:22.002403,176,1.037,0.0011,"aoml_navis",1026.14784071003
"7901009",33,0.0235285146626026,1,0.067284,1,0.044856,1,149.506820536086,1,4.87238717143595,178,1,23.1380004882812,37.015998840332,0.0672840029001236,0.0542009994387627,144.171005249023,-85.7488,22.2702,16.5155035245262,63,63,63,63,61,63,0.044856,9004,1.9064526870154,22,-86,0.001869,51,2024-04-30 22:29:22.002403,178,1.037,0.0011,"aoml_navis",1026.19102794461
"7901009",33,0.024508869440211,1,0.069153,1,0.046725,1,149.236887078471,1,4.87224529068167,180,1,23.0629997253418,37.0149993896484,0.0691530033946037,0.0560699999332428,143.910705566406,-85.7488,22.2702,16.5155035245262,63,63,63,63,61,63,0.046725,9004,1.9064526870154,22,-86,0.001869,51,2024-04-30 22:29:22.002403,180,1.037,0.0011,"aoml_navis",1026.22091083194
"7901009",33,0.017646385996952,1,0.05607,1,0.033642,1,149.144999887641,1,4.87207442484119,182,1,22.9669990539551,37.0139999389648,0.0560699999332428,0.0429870001971722,143.82209777832,-85.7488,22.2702,16.5155035245262,63,63,63,63,61,63,0.033642,9004,1.9064526870154,22,-86,0.001869,51,2024-04-30 22:29:22.002403,182,1.037,0.0011,"aoml_navis",1026.25690086066
"7901009",33,0.017646385996952,1,0.05607,1,0.033642,1,148.828292099719,1,4.87201212385415,184,1,22.9489994049072,37.0130004882812,0.0560699999332428,0.0429870001971722,143.516693115234,-85.7488,22.2702,16.5155035245262,63,63,63,63,61,63,0.033642,9004,1.9064526870154,22,-86,0.001869,51,2024-04-30 22:29:22.002403,184,1.037,0.0011,"aoml_navis",1026.27002414859
"7901009",33,0.0156856764417351,1,0.052332,1,0.029904,1,148.52756606877,1,4.87184775837989,186,1,22.8600006103516,37.0130004882812,0.0523319989442825,0.0392489992082119,143.226699829102,-85.7488,22.2702,16.5155035245262,63,63,63,63,61,63,0.029904,9004,1.9064526870154,22,-86,0.001869,51,2024-04-30 22:29:22.002403,186,1.037,0.0011,"aoml_navis",1026.30464825172
"7901009",33,0.0127446121089097,1,0.046725,1,0.024297,1,148.344123981067,1,4.8716925249779,188,1,22.7800006866455,37.0139999389648,0.0467250011861324,0.0336420014500618,143.0498046875,-85.7488,22.2702,16.5155035245262,63,63,63,63,61,63,0.024297,9004,1.9064526870154,22,-86,0.001869,51,2024-04-30 22:29:22.002403,188,1.037,0.0011,"aoml_navis",1026.33735080041
"7901009",33,0.0147053216641266,1,0.050463,1,0.028035,1,147.944975644803,1,4.87161928328716,190,1,22.753999710083,37.0130004882812,0.0504629984498024,0.0373799987137318,142.664901733398,-85.7488,22.2702,16.5155035245262,63,63,63,63,61,63,0.028035,9004,1.9064526870154,22,-86,0.001869,51,2024-04-30 22:29:22.002403,190,1.037,0.0011,"aoml_navis",1026.35278112829
"7901009",33,0.0156856764417351,1,0.052332,1,0.029904,1,147.468877522245,1,4.87155189708035,192,1,22.7269992828369,37.0099983215332,0.0523319989442825,0.0392489992082119,142.205795288086,-85.7488,22.2702,16.5155035245262,63,63,63,63,61,63,0.029904,9004,1.9064526870154,22,-86,0.001869,51,2024-04-30 22:29:22.002403,192,1.037,0.0011,"aoml_navis",1026.36697825115
"7901009",33,0.00980354777608442,1,0.041118,1,0.01869,1,147.158704848808,1,4.87137647789709,194,1,22.6189994812012,37.0060005187988,0.041117999702692,0.0280349999666214,141.906692504883,-85.7488,22.2702,16.5155035245262,63,63,63,63,61,63,0.01869,9004,1.9064526870154,22,-86,0.001869,51,2024-04-30 22:29:22.002403,194,1.037,0.0011,"aoml_navis",1026.40393791909
"7901009",33,0.00784283822086753,1,0.03738,1,0.014952,1,147.619770625699,1,4.8711225016541,196,1,22.4349994659424,36.9949989318848,0.0373799987137318,0.0242970008403063,142.351303100586,-85.7488,22.2702,16.5155035245262,63,63,63,63,61,63,0.014952,9004,1.9064526870154,22,-86,0.001869,51,2024-04-30 22:29:22.002403,196,1.037,0.0011,"aoml_navis",1026.45745375981
"7901009",33,0.000980354777608442,4,0.024297,1,0.001869,1,148.689234990538,1,4.87082124310002,198,1,22.2180004119873,36.9850006103516,0.0242970008403063,0.0112140001729131,143.382598876953,-85.7488,22.2702,16.5155035245262,63,63,63,63,61,63,0.001869,9004,1.9064526870154,22,-86,0.001869,51,2024-04-30 22:29:22.002403,198,1.037,0.0011,"aoml_navis",1026.52093978669
"7901009",33,0.00490177388804221,1,0.031773,1,0.009345,1,149.115758019438,1,4.87064283181578,200,1,22.0930004119873,36.976001739502,0.0317730009555817,0.0186899993568659,143.793899536133,-85.7488,22.2702,16.5155035245262,63,63,63,63,61,63,0.009345,9004,1.9064526870154,22,-86,0.001869,51,2024-04-30 22:29:22.002403,200,1.037,0.0011,"aoml_navis",1026.55854117227
"7901009",33,0.00196070955521688,1,0.026166,1,0.003738,1,149.653235582882,1,4.87047719248714,202,1,21.9769992828369,36.9669990539551,0.0261659994721413,0.0130829997360706,144.312194824219,-85.7488,22.2702,16.5155035245262,63,63,63,63,61,63,0.003738,9004,1.9064526870154,22,-86,0.001869,51,2024-04-30 22:29:22.002403,202,1.037,0.0011,"aoml_navis",1026.5934532478
"7901009",33,-0.00196070955521688,1,0.01869,1,-0.003738,1,150.288201863858,1,4.87027253840636,204,1,21.8290004730225,36.9570007324219,0.0186899993568659,0.00560700008645654,144.924499511719,-85.7488,22.2702,16.5155035245262,63,63,63,63,61,63,-0.003738,9004,1.9064526870154,22,-86,0.001869,51,2024-04-30 22:29:22.002403,204,1.037,0.0011,"aoml_navis",1026.63659180685
"7901009",33,-0.00294106433282533,1,0.016821,1,-0.005607,1,150.890286866627,1,4.87003932302012,206,1,21.6509990692139,36.9440002441406,0.0168210007250309,0.00373800005763769,145.505096435547,-85.7488,22.2702,16.5155035245262,63,63,63,63,61,63,-0.005607,9004,1.9064526870154,22,-86,0.001869,51,2024-04-30 22:29:22.002403,206,1.037,0.0011,"aoml_navis",1026.68575515716
"7901009",33,-0.00294106433282533,1,0.016821,1,-0.005607,1,150.598896713513,1,4.86983719976453,208,1,21.4899997711182,36.9290008544922,0.0168210007250309,0.00373800005763769,145.224105834961,-85.7488,22.2702,16.5155035245262,63,63,63,63,61,63,-0.005607,9004,1.9064526870154,22,-86,0.001869,51,2024-04-30 22:29:22.002403,208,1.037,0.0011,"aoml_navis",1026.72836788913
"7901009",33,-0.00392141911043377,1,0.014952,1,-0.007476,1,150.827135191304,1,4.86966093513565,210,1,21.3449993133545,36.9129981994629,0.0149520002305508,0.00186900002881885,145.444198608398,-85.7488,22.2702,16.5155035245262,63,63,63,63,61,63,-0.007476,9004,1.9064526870154,22,-86,0.001869,51,2024-04-30 22:29:22.002403,210,1.037,0.0011,"aoml_navis",1026.76553185129
"7901009",33,-0.00490177388804221,1,0.013083,1,-0.009345,1,151.078096246334,1,4.86955193327824,212,1,21.2719993591309,36.9049987792969,0.0130829997360706,0,145.68620300293,-85.7488,22.2702,16.5155035245262,63,63,63,63,61,63,-0.009345,9004,1.9064526870154,22,-86,0.001869,51,2024-04-30 22:29:22.002403,212,1.037,0.0011,"aoml_navis",1026.78851535195
"7901009",33,-0.00490177388804221,1,0.013083,1,-0.009345,1,151.539763317052,1,4.86945106824443,214,1,21.2049999237061,36.8969993591309,0.0130829997360706,0,146.131393432617,-85.7488,22.2702,16.5155035245262,63,63,63,63,61,63,-0.009345,9004,1.9064526870154,22,-86,0.001869,51,2024-04-30 22:29:22.002403,214,1.037,0.0011,"aoml_navis",1026.80978408571
"7901009",33,0,1,0.016821,1,-0.005607,1,152.236219803566,1,4.86925107043999,216,1,21.048999786377,36.8839988708496,0.0168210007250309,0,146.802993774414,-85.7488,22.2702,16.5155035245262,63,63,63,63,61,63,0,9004,1.9064526870154,22,-86,0.001869,51,2024-04-30 22:29:22.002403,216,1.037,0.0011,"aoml_navis",1026.85195888825
"7901009",33,0,1,0.014952,1,-0.007476,1,151.60801016638,1,4.86917511024487,218,1,21.0060005187988,36.8779983520508,0.0149520002305508,0,146.197204589844,-85.7488,22.2702,16.5155035245262,63,63,63,63,61,63,0,9004,1.9064526870154,22,-86,0.001869,51,2024-04-30 22:29:22.002403,218,1.037,0.0011,"aoml_navis",1026.86797800307
"7901009",33,0,1,0.013083,1,-0.009345,1,151.347301821948,1,4.86892061484468,220,1,20.7660007476807,36.8499984741211,0.0130829997360706,0,145.94580078125,-85.7488,22.2702,16.5155035245262,63,63,63,63,61,63,0,9004,1.9064526870154,22,-86,0.001869,51,2024-04-30 22:29:22.002403,220,1.037,0.0011,"aoml_navis",1026.92165174262
"7901009",33,0,1,0.013083,1,-0.009345,1,151.780660612246,1,4.86866190741944,222,1,20.5209999084473,36.8219985961914,0.0130829997360706,0,146.363693237305,-85.7488,22.2702,16.5155035245262,63,63,63,63,61,63,0,9004,1.9064526870154,22,-86,0.001869,51,2024-04-30 22:29:22.002403,222,1.037,0.0011,"aoml_navis",1026.97621956054
"7901009",33,0,1,0.014952,1,-0.007476,1,151.898893966798,1,4.86857249493627,224,1,20.4529991149902,36.8110008239746,0.0149520002305508,0,146.47770690918,-85.7488,22.2702,16.5155035245262,63,63,63,63,61,63,0,9004,1.9064526870154,22,-86,0.001869,51,2024-04-30 22:29:22.002403,224,1.037,0.0011,"aoml_navis",1026.99508022124
"7901009",33,0,1,0.013083,1,-0.009345,1,152.286617720355,1,4.86843657301844,226,1,20.3460006713867,36.798999786377,0.0130829997360706,0,146.851593017578,-85.7488,22.2702,16.5155035245262,63,63,63,63,61,63,0,9004,1.9064526870154,22,-86,0.001869,51,2024-04-30 22:29:22.002403,226,1.037,0.0011,"aoml_navis",1027.02375290472
"7901009",33,0,1,0.013083,1,-0.009345,1,153.219414327799,1,4.86827524103181,228,1,20.2019996643066,36.7809982299805,0.0130829997360706,0,147.751098632812,-85.7488,22.2702,16.5155035245262,63,63,63,63,61,63,0,9004,1.9064526870154,22,-86,0.001869,51,2024-04-30 22:29:22.002403,228,1.037,0.0011,"aoml_navis",1027.05778791182
"7901009",33,0,1,0.014952,1,-0.007476,1,154.127004065087,1,4.86812155093117,230,1,20.0690002441406,36.7649993896484,0.0149520002305508,0,148.62629699707,-85.7488,22.2702,16.5155035245262,63,63,63,63,61,63,0,9004,1.9064526870154,22,-86,0.001869,51,2024-04-30 22:29:22.002403,230,1.037,0.0011,"aoml_navis",1027.09021286529
"7901009",33,0,1,0.014952,1,-0.007476,1,154.906739746597,1,4.86792957281603,232,1,19.8939990997314,36.7449989318848,0.0149520002305508,0,149.378204345703,-85.7488,22.2702,16.5155035245262,63,63,63,63,61,63,0,9004,1.9064526870154,22,-86,0.001869,51,2024-04-30 22:29:22.002403,232,1.037,0.0011,"aoml_navis",1027.13071855466
"7901009",33,0,1,0.014952,1,-0.007476,1,155.055338439396,1,4.86782132165417,234,1,19.806999206543,36.7330017089844,0.0149520002305508,0,149.521499633789,-85.7488,22.2702,16.5155035245262,63,63,63,63,61,63,0,9004,1.9064526870154,22,-86,0.001869,51,2024-04-30 22:29:22.002403,234,1.037,0.0011,"aoml_navis",1027.15356000391
"7901009",33,0,1,0.013083,1,-0.009345,1,155.201658545063,1,4.86777474703766,236,1,19.7970008850098,36.7309989929199,0.0130829997360706,0,149.66259765625,-85.7488,22.2702,16.5155035245262,63,63,63,63,61,63,0,9004,1.9064526870154,22,-86,0.001869,51,2024-04-30 22:29:22.002403,236,1.037,0.0011,"aoml_navis",1027.16338775594
"7901009",33,0,1,0.014952,1,-0.007476,1,155.346222239814,1,4.86771890939865,238,1,19.7740001678467,36.7270011901855,0.0149520002305508,0,149.802001953125,-85.7488,22.2702,16.5155035245262,63,63,63,63,61,63,0,9004,1.9064526870154,22,-86,0.001869,51,2024-04-30 22:29:22.002403,238,1.037,0.0011,"aoml_navis",1027.17517035463
"7901009",33,0,1,0.01869,1,-0.003738,1,155.782903969681,1,4.86764248422804,240,1,19.7290000915527,36.7210006713867,0.0186899993568659,0,150.223098754883,-85.7488,22.2702,16.5155035245262,63,63,63,63,61,63,0,9004,1.9064526870154,22,-86,0.001869,51,2024-04-30 22:29:22.002403,240,1.037,0.0011,"aoml_navis",1027.19129767661
"7901009",33,0,1,0.013083,1,-0.009345,1,156.56678541389,1,4.86749864474182,242,1,19.5990009307861,36.7039985656738,0.0130829997360706,0,150.97900390625,-85.7488,22.2702,16.5155035245262,63,63,63,63,61,63,0,9004,1.9064526870154,22,-86,0.001869,51,2024-04-30 22:29:22.002403,242,1.037,0.0011,"aoml_navis",1027.22165221377
"7901009",33,0,1,0.013083,1,-0.009345,1,157.16057889126,1,4.86731320004371,244,1,19.4179992675781,36.6809997558594,0.0130829997360706,0,151.551605224609,-85.7488,22.2702,16.5155035245262,63,63,63,63,61,63,0,9004,1.9064526870154,22,-86,0.001869,51,2024-04-30 22:29:22.002403,244,1.037,0.0011,"aoml_navis",1027.26078937248
"7901009",33,0,1,0.013083,1,-0.009345,1,157.573509514972,1,4.86721643178239,246,1,19.3360004425049,36.6679992675781,0.0130829997360706,0,151.949798583984,-85.7488,22.2702,16.5155035245262,63,63,63,63,61,63,0,9004,1.9064526870154,22,-86,0.001869,51,2024-04-30 22:29:22.002403,246,1.037,0.0011,"aoml_navis",1027.28121300515
"7901009",33,0,1,0.014952,1,-0.007476,1,158.454341676973,1,4.86702148305393,248,1,19.1399993896484,36.6430015563965,0.0149520002305508,0,152.799194335938,-85.7488,22.2702,16.5155035245262,63,63,63,63,61,63,0,9004,1.9064526870154,22,-86,0.001869,51,2024-04-30 22:29:22.002403,248,1.037,0.0011,"aoml_navis",1027.32236079275
"7901009",33,0,1,0.014952,1,-0.007476,1,158.624935065011,1,4.86696993524537,250,1,19.1200008392334,36.6389999389648,0.0149520002305508,0,152.96369934082,-85.7488,22.2702,16.5155035245262,63,63,63,63,61,63,0,9004,1.9064526870154,22,-86,0.001869,51,2024-04-30 22:29:22.002403,250,1.037,0.0011,"aoml_navis",1027.33324152904
"7901009",33,0,1,0.013083,1,-0.009345,1,158.665791398182,1,4.86692367011519,252,1,19.113000869751,36.6380004882812,0.0130829997360706,0,153.00309753418,-85.7488,22.2702,16.5155035245262,63,63,63,63,61,63,0,9004,1.9064526870154,22,-86,0.001869,51,2024-04-30 22:29:22.002403,252,1.037,0.0011,"aoml_navis",1027.34300739129
"7901009",33,0,1,0.014952,1,-0.007476,1,158.622656477879,1,4.86686965802031,254,1,19.0909996032715,36.6339988708496,0.0149520002305508,0,152.961502075195,-85.7488,22.2702,16.5155035245262,63,63,63,63,61,63,0,9004,1.9064526870154,22,-86,0.001869,51,2024-04-30 22:29:22.002403,254,1.037,0.0011,"aoml_navis",1027.35440875436
"7901009",33,0,1,0.013083,1,-0.009345,1,158.854835012587,1,4.86675167171515,256,1,18.9909992218018,36.6209983825684,0.0130829997360706,0,153.185394287109,-85.7488,22.2702,16.5155035245262,63,63,63,63,61,63,0,9004,1.9064526870154,22,-86,0.001869,51,2024-04-30 22:29:22.002403,256,1.037,0.0011,"aoml_navis",1027.37931525442
"7901009",33,0,1,0.013083,1,-0.009345,1,158.961865313736,1,4.8666765017436,258,1,18.943000793457,36.6139984130859,0.0130829997360706,0,153.288604736328,-85.7488,22.2702,16.5155035245262,63,63,63,63,61,63,0,9004,1.9064526870154,22,-86,0.001869,51,2024-04-30 22:29:22.002403,258,1.037,0.0011,"aoml_navis",1027.39518400466
"7901009",33,0,1,0.013083,1,-0.009345,1,158.893001347059,1,4.86661283037963,260,1,18.9160003662109,36.6110000610352,0.0130829997360706,0,153.222198486328,-85.7488,22.2702,16.5155035245262,63,63,63,63,61,63,0,9004,1.9064526870154,22,-86,0.001869,51,2024-04-30 22:29:22.002403,260,1.037,0.0011,"aoml_navis",1027.40862572582
"7901009",33,0,1,0.014952,1,-0.007476,1,158.758612176796,1,4.86655018945511,262,1,18.8810005187988,36.6049995422363,0.0149520002305508,0,153.09260559082,-85.7488,22.2702,16.5155035245262,63,63,63,63,61,63,0,9004,1.9064526870154,22,-86,0.001869,51,2024-04-30 22:29:22.002403,262,1.037,0.0011,"aoml_navis",1027.42185025319
"7901009",33,0,1,0.013083,1,-0.009345,1,158.552447511853,1,4.86650751093925,264,1,18.871000289917,36.6020011901855,0.0130829997360706,0,152.893798828125,-85.7488,22.2702,16.5155035245262,63,63,63,63,61,63,0,9004,1.9064526870154,22,-86,0.001869,51,2024-04-30 22:29:22.002403,264,1.037,0.0011,"aoml_navis",1027.43086058342
"7901009",33,0,1,0.013083,1,-0.009345,1,158.30886021796,1,4.86641029412561,266,1,18.798999786377,36.5929985046387,0.0130829997360706,0,152.658905029297,-85.7488,22.2702,16.5155035245262,63,63,63,63,61,63,0,9004,1.9064526870154,22,-86,0.001869,51,2024-04-30 22:29:22.002403,266,1.037,0.0011,"aoml_navis",1027.45138568272
"7901009",33,0,1,0.01869,1,-0.003738,1,158.087457501567,1,4.8663080148635,268,1,18.7049999237061,36.5779991149902,0.0186899993568659,0,152.445404052734,-85.7488,22.2702,16.5155035245262,63,63,63,63,61,63,0,9004,1.9064526870154,22,-86,0.001869,51,2024-04-30 22:29:22.002403,268,1.037,0.0011,"aoml_navis",1027.47298048709
"7901009",33,0,1,0.013083,1,-0.009345,1,157.754055898194,1,4.86625548400296,270,1,18.6809997558594,36.5730018615723,0.0130829997360706,0,152.123901367188,-85.7488,22.2702,16.5155035245262,63,63,63,63,61,63,0,9004,1.9064526870154,22,-86,0.001869,51,2024-04-30 22:29:22.002403,270,1.037,0.0011,"aoml_navis",1027.48407198034
"7901009",33,0,1,0.013083,1,-0.009345,1,157.360920500197,1,4.8661994799574,272,1,18.6630001068115,36.5709991455078,0.0130829997360706,0,151.74479675293,-85.7488,22.2702,16.5155035245262,63,63,63,63,61,63,0,9004,1.9064526870154,22,-86,0.001869,51,2024-04-30 22:29:22.002403,272,1.037,0.0011,"aoml_navis",1027.49589707403
"7901009",33,0,1,0.016821,1,-0.005607,1,157.051792179196,1,4.86614665229426,273.899993896484,1,18.6399993896484,36.5670013427734,0.0168210007250309,0,151.446701049805,-85.7488,22.2702,16.5155035245262,63,63,63,63,61,63,0,9004,1.9064526870154,22,-86,0.001869,51,2024-04-30 22:29:22.002403,273.899993896484,1.037,0.0011,"aoml_navis",1027.50705173315
"7901009",33,0,1,0.013083,1,-0.009345,1,156.66696413012,1,4.86607490425349,276,1,18.5930004119873,36.5589981079102,0.0130829997360706,0,151.075607299805,-85.7488,22.2702,16.5155035245262,63,63,63,63,61,63,0,9004,1.9064526870154,22,-86,0.001869,51,2024-04-30 22:29:22.002403,276,1.037,0.0011,"aoml_navis",1027.52220185296
"7901009",33,0,1,0.016821,1,-0.005607,1,156.429279009841,1,4.86596724905993,278,1,18.4909992218018,36.5429992675781,0.0168210007250309,0,150.846405029297,-85.7488,22.2702,16.5155035245262,63,63,63,63,61,63,0,9004,1.9064526870154,22,-86,0.001869,51,2024-04-30 22:29:22.002403,278,1.037,0.0011,"aoml_navis",1027.54493486695
"7901009",33,0,1,0.014952,1,-0.007476,1,156.321742355996,1,4.86586367142288,280,1,18.3950004577637,36.5279998779297,0.0149520002305508,0,150.742706298828,-85.7488,22.2702,16.5155035245262,63,63,63,63,61,63,0,9004,1.9064526870154,22,-86,0.001869,51,2024-04-30 22:29:22.002403,280,1.037,0.0011,"aoml_navis",1027.56680779301
"7901009",33,0,1,0.01869,1,-0.003738,1,156.272784379686,1,4.86579317175639,282,1,18.3379993438721,36.5169982910156,0.0186899993568659,0,150.695495605469,-85.7488,22.2702,16.5155035245262,63,63,63,63,61,63,0,9004,1.9064526870154,22,-86,0.001869,51,2024-04-30 22:29:22.002403,282,1.037,0.0011,"aoml_navis",1027.58169603727
"7901009",33,0,1,0.009345,1,-0.013083,1,156.919681596065,1,4.86566122787591,284,1,18.2089996337891,36.4990005493164,0.00934499967843294,0,151.319305419922,-85.7488,22.2702,16.5155035245262,63,63,63,63,61,63,0,9004,1.9064526870154,22,-86,0.001869,51,2024-04-30 22:29:22.002403,284,1.037,0.0011,"aoml_navis",1027.60956133864
"7901009",33,0,1,0.011214,1,-0.011214,1,158.197794918763,1,4.8655143879867,286,1,18.0639991760254,36.4799995422363,0.0112140001729131,0,152.551803588867,-85.7488,22.2702,16.5155035245262,63,63,63,63,61,63,0,9004,1.9064526870154,22,-86,0.001869,51,2024-04-30 22:29:22.002403,286,1.037,0.0011,"aoml_navis",1027.64057431324
"7901009",33,0,1,0.014952,1,-0.007476,1,157.075116050262,1,4.86544454261809,288,1,18.0160007476807,36.4720001220703,0.0149520002305508,0,151.469192504883,-85.7488,22.2702,16.5155035245262,63,63,63,63,61,63,0,9004,1.9064526870154,22,-86,0.001869,51,2024-04-30 22:29:22.002403,288,1.037,0.0011,"aoml_navis",1027.65532649757
"7901009",33,0,1,0.013083,1,-0.009345,1,155.074516547763,1,4.86537021512159,290,1,17.9459991455078,36.4580001831055,0.0130829997360706,0,149.539993286133,-85.7488,22.2702,16.5155035245262,63,63,63,63,61,63,0,9004,1.9064526870154,22,-86,0.001869,51,2024-04-30 22:29:22.002403,290,1.037,0.0011,"aoml_navis",1027.67102582656
"7901009",33,0,1,0.016821,1,-0.005607,1,154.007758005143,1,4.86529383488747,292,1,17.8649997711182,36.4410018920898,0.0168210007250309,0,148.511306762695,-85.7488,22.2702,16.5155035245262,63,63,63,63,61,63,0,9004,1.9064526870154,22,-86,0.001869,51,2024-04-30 22:29:22.002403,292,1.037,0.0011,"aoml_navis",1027.68715923108
"7901009",33,0,1,0.013083,1,-0.009345,1,151.859588338759,1,4.86520544986975,294,1,17.7950000762939,36.4309997558594,0.0130829997360706,0,146.439804077148,-85.7488,22.2702,16.5155035245262,63,63,63,63,61,63,0,9004,1.9064526870154,22,-86,0.001869,51,2024-04-30 22:29:22.002403,294,1.037,0.0011,"aoml_navis",1027.70582897663
"7901009",33,0,1,0.013083,1,-0.009345,1,150.956239305301,1,4.86508158180724,296,1,17.6490001678467,36.4059982299805,0.0130829997360706,0,145.568695068359,-85.7488,22.2702,16.5155035245262,63,63,63,63,61,63,0,9004,1.9064526870154,22,-86,0.001869,51,2024-04-30 22:29:22.002403,296,1.037,0.0011,"aoml_navis",1027.73199501881
"7901009",33,0,1,0.016821,1,-0.005607,1,152.12651532724,1,4.86502432545531,298,1,17.6110000610352,36.3979988098145,0.0168210007250309,0,146.697204589844,-85.7488,22.2702,16.5155035245262,63,63,63,63,61,63,0,9004,1.9064526870154,22,-86,0.001869,51,2024-04-30 22:29:22.002403,298,1.037,0.0011,"aoml_navis",1027.74409037144
"7901009",33,0,1,0.016821,1,-0.005607,1,154.224698488401,1,4.86496898819285,300,1,17.5930004119873,36.3959999084473,0.0168210007250309,0,148.720504760742,-85.7488,22.2702,16.5155035245262,63,63,63,63,61,63,0,9004,1.9064526870154,22,-86,0.001869,51,2024-04-30 22:29:22.002403,300,1.037,0.0011,"aoml_navis",1027.75578058871
"7901009",33,0,1,0.01869,1,-0.003738,1,156.251216919535,1,4.86491316914009,302,1,17.5930004119873,36.4000015258789,0.0186899993568659,0,150.674697875977,-85.7488,22.2702,16.5155035245262,63,63,63,63,61,63,0,9004,1.9064526870154,22,-86,0.001869,51,2024-04-30 22:29:22.002403,302,1.037,0.0011,"aoml_navis",1027.76757285553
"7901009",33,0,1,0.020559,1,-0.001869,1,156.739024448191,1,4.86483408191572,304,1,17.5610008239746,36.4000015258789,0.020558999851346,0,151.145095825195,-85.7488,22.2702,16.5155035245262,63,63,63,63,61,63,0,9004,1.9064526870154,22,-86,0.001869,51,2024-04-30 22:29:22.002403,304,1.037,0.0011,"aoml_navis",1027.78428119198
"7901009",33,0,1,0.016821,1,-0.005607,1,156.352329223548,1,4.8647766862553,306,1,17.5319995880127,36.3950004577637,0.0168210007250309,0,150.772201538086,-85.7488,22.2702,16.5155035245262,63,63,63,63,61,63,0,9004,1.9064526870154,22,-86,0.001869,51,2024-04-30 22:29:22.002403,306,1.037,0.0011,"aoml_navis",1027.7964072075
"7901009",33,0,1,0.014952,1,-0.007476,1,155.391129394554,1,4.86467059147496,308,1,17.4400005340576,36.382999420166,0.0149520002305508,0,149.845306396484,-85.7488,22.2702,16.5155035245262,63,63,63,63,61,63,0,9004,1.9064526870154,22,-86,0.001869,51,2024-04-30 22:29:22.002403,308,1.037,0.0011,"aoml_navis",1027.81882266853
"7901009",33,0,1,0.013083,1,-0.009345,1,154.067475976246,1,4.86460126282241,310,1,17.3759994506836,36.3699989318848,0.0130829997360706,0,148.568893432617,-85.7488,22.2702,16.5155035245262,63,63,63,63,61,63,0,9004,1.9064526870154,22,-86,0.001869,51,2024-04-30 22:29:22.002403,310,1.037,0.0011,"aoml_navis",1027.8334707949
"7901009",33,0,1,0.014952,1,-0.007476,1,152.310780238075,1,4.86453408715005,312,1,17.3229999542236,36.3600006103516,0.0149520002305508,0,146.874893188477,-85.7488,22.2702,16.5155035245262,63,63,63,63,61,63,0,9004,1.9064526870154,22,-86,0.001869,51,2024-04-30 22:29:22.002403,312,1.037,0.0011,"aoml_navis",1027.84766442644
"7901009",33,0,1,0.016821,1,-0.005607,1,151.151612328407,1,4.86440741152232,313.899993896484,1,17.1580009460449,36.3310012817383,0.0168210007250309,0,145.757095336914,-85.7488,22.2702,16.5155035245262,63,63,63,63,61,63,0,9004,1.9064526870154,22,-86,0.001869,51,2024-04-30 22:29:22.002403,313.899993896484,1.037,0.0011,"aoml_navis",1027.87443094435
"7901009",33,0,1,0.01869,1,-0.003738,1,150.041703041962,1,4.86435053322587,316,1,17.1089992523193,36.3190002441406,0.0186899993568659,0,144.686798095703,-85.7488,22.2702,16.5155035245262,63,63,63,63,61,63,0,9004,1.9064526870154,22,-86,0.001869,51,2024-04-30 22:29:22.002403,316,1.037,0.0011,"aoml_navis",1027.88644976294
"7901009",33,0,1,0.016821,1,-0.005607,1,149.215003147884,1,4.86426352234871,318,1,17.0289993286133,36.3059997558594,0.0168210007250309,0,143.889602661133,-85.7488,22.2702,16.5155035245262,63,63,63,63,61,63,0,9004,1.9064526870154,22,-86,0.001869,51,2024-04-30 22:29:22.002403,318,1.037,0.0011,"aoml_navis",1027.90483636992
"7901009",33,0,1,0.016821,1,-0.005607,1,148.518230190934,1,4.86418847836012,320,1,16.9559993743896,36.2919998168945,0.0168210007250309,0,143.217697143555,-85.7488,22.2702,16.5155035245262,63,63,63,63,61,63,0,9004,1.9064526870154,22,-86,0.001869,51,2024-04-30 22:29:22.002403,320,1.037,0.0011,"aoml_navis",1027.92069473543
"7901009",33,0,1,0.014952,1,-0.007476,1,148.195208817833,1,4.86411429918374,322,1,16.8929996490479,36.2809982299805,0.0149520002305508,0,142.906204223633,-85.7488,22.2702,16.5155035245262,63,63,63,63,61,63,0,9004,1.9064526870154,22,-86,0.001869,51,2024-04-30 22:29:22.002403,322,1.037,0.0011,"aoml_navis",1027.93637082892
"7901009",33,0,1,0.016821,1,-0.005607,1,148.055107356216,1,4.86406799109129,324,1,16.8729991912842,36.2760009765625,0.0168210007250309,0,142.771102905273,-85.7488,22.2702,16.5155035245262,63,63,63,63,61,63,0,9004,1.9064526870154,22,-86,0.001869,51,2024-04-30 22:29:22.002403,324,1.037,0.0011,"aoml_navis",1027.94615724075
"7901009",33,0,1,0.016821,1,-0.005607,1,147.845002634356,1,4.8640200490021,326,1,16.8610000610352,36.273998260498,0.0168210007250309,0,142.568496704102,-85.7488,22.2702,16.5155035245262,63,63,63,63,61,63,0,9004,1.9064526870154,22,-86,0.001869,51,2024-04-30 22:29:22.002403,326,1.037,0.0011,"aoml_navis",1027.95628916575
"7901009",33,0,1,0.013083,1,-0.009345,1,147.550495247456,1,4.86397439947572,328,1,16.8509998321533,36.2719993591309,0.0130829997360706,0,142.28450012207,-85.7488,22.2702,16.5155035245262,63,63,63,63,61,63,0,9004,1.9064526870154,22,-86,0.001869,51,2024-04-30 22:29:22.002403,328,1.037,0.0011,"aoml_navis",1027.96593677363
"7901009",33,0,1,0.014952,1,-0.007476,1,147.202678415765,1,4.86390531270985,330,1,16.8080005645752,36.265998840332,0.0149520002305508,0,141.949096679688,-85.7488,22.2702,16.5155035245262,63,63,63,63,61,63,0,9004,1.9064526870154,22,-86,0.001869,51,2024-04-30 22:29:22.002403,330,1.037,0.0011,"aoml_navis",1027.98053797111
"7901009",33,0,1,0.014952,1,-0.007476,1,146.938346484851,1,4.86384354436363,332,1,16.7649993896484,36.257999420166,0.0149520002305508,0,141.694198608398,-85.7488,22.2702,16.5155035245262,63,63,63,63,61,63,0,9004,1.9064526870154,22,-86,0.001869,51,2024-04-30 22:29:22.002403,332,1.037,0.0011,"aoml_navis",1027.99359280258
"7901009",33,0,1,0.016821,1,-0.005607,1,146.560354197173,1,4.86379141159542,334,1,16.7430000305176,36.2540016174316,0.0168210007250309,0,141.329696655273,-85.7488,22.2702,16.5155035245262,63,63,63,63,61,63,0,9004,1.9064526870154,22,-86,0.001869,51,2024-04-30 22:29:22.002403,334,1.037,0.0011,"aoml_navis",1028.00461139839
"7901009",33,0,1,0.016821,1,-0.005607,1,146.098987773369,1,4.86372976547688,336,1,16.7000007629395,36.2459983825684,0.0168210007250309,0,140.884796142578,-85.7488,22.2702,16.5155035245262,63,63,63,63,61,63,0,9004,1.9064526870154,22,-86,0.001869,51,2024-04-30 22:29:22.002403,336,1.037,0.0011,"aoml_navis",1028.01764100678
"7901009",33,0,1,0.013083,1,-0.009345,1,145.374333771088,1,4.86367484366598,338,1,16.6660003662109,36.2389984130859,0.0130829997360706,0,140.186004638672,-85.7488,22.2702,16.5155035245262,63,63,63,63,61,63,0,9004,1.9064526870154,22,-86,0.001869,51,2024-04-30 22:29:22.002403,338,1.037,0.0011,"aoml_navis",1028.02924963447
"7901009",33,0,1,0.016821,1,-0.005607,1,144.67009211187,1,4.86358745496212,340,1,16.5939998626709,36.2290000915527,0.0168210007250309,0,139.506896972656,-85.7488,22.2702,16.5155035245262,63,63,63,63,61,63,0,9004,1.9064526870154,22,-86,0.001869,51,2024-04-30 22:29:22.002403,340,1.037,0.0011,"aoml_navis",1028.04772121425
"7901009",33,0,1,0.014952,1,-0.007476,1,144.301546466679,1,4.86350357788147,342,1,16.4930000305176,36.2089996337891,0.0149520002305508,0,139.151504516602,-85.7488,22.2702,16.5155035245262,63,63,63,63,61,63,0,9004,1.9064526870154,22,-86,0.001869,51,2024-04-30 22:29:22.002403,342,1.037,0.0011,"aoml_navis",1028.06545115733
"7901009",33,0,1,0.01869,1,-0.003738,1,143.570341526392,1,4.86346259343442,344,1,16.4869995117188,36.2070007324219,0.0186899993568659,0,138.446395874023,-85.7488,22.2702,16.5155035245262,63,63,63,63,61,63,0,9004,1.9064526870154,22,-86,0.001869,51,2024-04-30 22:29:22.002403,344,1.037,0.0011,"aoml_navis",1028.07411467499
"7901009",33,0,1,0.016821,1,-0.005607,1,142.865909984913,1,4.86338276055156,346,1,16.4179992675781,36.1959991455078,0.0168210007250309,0,137.767105102539,-85.7488,22.2702,16.5155035245262,63,63,63,63,61,63,0,9004,1.9064526870154,22,-86,0.001869,51,2024-04-30 22:29:22.002403,346,1.037,0.0011,"aoml_navis",1028.09099060773
"7901009",33,0,1,0.01869,1,-0.003738,1,141.976564768207,1,4.86332055398769,348,1,16.3579998016357,36.1829986572266,0.0186899993568659,0,136.90950012207,-85.7488,22.2702,16.5155035245262,63,63,63,63,61,63,0,9004,1.9064526870154,22,-86,0.001869,51,2024-04-30 22:29:22.002403,348,1.037,0.0011,"aoml_navis",1028.10414088379
"7901009",33,0,1,0.013083,1,-0.009345,1,141.416997568393,1,4.86322900593607,350,1,16.2590007781982,36.1660003662109,0.0130829997360706,0,136.369903564453,-85.7488,22.2702,16.5155035245262,63,63,63,63,61,63,0,9004,1.9064526870154,22,-86,0.001869,51,2024-04-30 22:29:22.002403,350,1.037,0.0011,"aoml_navis",1028.12349447188
"7901009",33,0,1,0.01869,1,-0.003738,1,141.063057033783,1,4.86315256683179,352,1,16.1860008239746,36.1529998779297,0.0186899993568659,0,136.028594970703,-85.7488,22.2702,16.5155035245262,63,63,63,63,61,63,0,9004,1.9064526870154,22,-86,0.001869,51,2024-04-30 22:29:22.002403,352,1.037,0.0011,"aoml_navis",1028.13965453224
"7901009",33,0,1,0.016821,1,-0.005607,1,140.660807287255,1,4.86309400452,354.100006103516,1,16.1499996185303,36.1459999084473,0.0168210007250309,0,135.640701293945,-85.7488,22.2702,16.5155035245262,63,63,63,63,61,63,0,9004,1.9064526870154,22,-86,0.001869,51,2024-04-30 22:29:22.002403,354.100006103516,1.037,0.0011,"aoml_navis",1028.15203558737
"7901009",33,0,1,0.01869,1,-0.003738,1,140.235740022356,1,4.86303541823383,356,1,16.1070003509521,36.1380004882812,0.0186899993568659,0,135.230804443359,-85.7488,22.2702,16.5155035245262,63,63,63,63,61,63,0,9004,1.9064526870154,22,-86,0.001869,51,2024-04-30 22:29:22.002403,356,1.037,0.0011,"aoml_navis",1028.16442200948
"7901009",33,0,1,0.01869,1,-0.003738,1,139.905661358552,1,4.86297595004806,358,1,16.0650005340576,36.1300010681152,0.0186899993568659,0,134.912506103516,-85.7488,22.2702,16.5155035245262,63,63,63,63,61,63,0,9004,1.9064526870154,22,-86,0.001869,51,2024-04-30 22:29:22.002403,358,1.037,0.0011,"aoml_navis",1028.17699518966
"7901009",33,0,1,0.016821,1,-0.005607,1,139.385906139473,1,4.86292270894286,360,1,16.0349998474121,36.1240005493164,0.0168210007250309,0,134.41130065918,-85.7488,22.2702,16.5155035245262,63,63,63,63,61,63,0,9004,1.9064526870154,22,-86,0.001869,51,2024-04-30 22:29:22.002403,360,1.037,0.0011,"aoml_navis",1028.18825205777
"7901009",33,0,1,0.013083,1,-0.009345,1,138.478411343315,1,4.8628661523,362,1,16.0020008087158,36.1180000305176,0.0130829997360706,0,133.536193847656,-85.7488,22.2702,16.5155035245262,63,63,63,63,61,63,0,9004,1.9064526870154,22,-86,0.001869,51,2024-04-30 22:29:22.002403,362,1.037,0.0011,"aoml_navis",1028.20021020631
"7901009",33,0,1,0.01869,1,-0.003738,1,137.904128268269,1,4.86273898734867,364,1,15.8369998931885,36.0909996032715,0.0186899993568659,0,132.982406616211,-85.7488,22.2702,16.5155035245262,63,63,63,63,61,63,0,9004,1.9064526870154,22,-86,0.001869,51,2024-04-30 22:29:22.002403,364,1.037,0.0011,"aoml_navis",1028.22709855669
"7901009",33,0,1,0.013083,1,-0.009345,1,137.498128347085,1,4.86265365647414,366,1,15.7449998855591,36.0750007629395,0.0130829997360706,0,132.590896606445,-85.7488,22.2702,16.5155035245262,63,63,63,63,61,63,0,9004,1.9064526870154,22,-86,0.001869,51,2024-04-30 22:29:22.002403,366,1.037,0.0011,"aoml_navis",1028.24514210322
"7901009",33,0,1,0.014952,1,-0.007476,1,136.981601126444,1,4.86258550298364,368,1,15.6879997253418,36.064998626709,0.0149520002305508,0,132.092803955078,-85.7488,22.2702,16.5155035245262,63,63,63,63,61,63,0,9004,1.9064526870154,22,-86,0.001869,51,2024-04-30 22:29:22.002403,368,1.037,0.0011,"aoml_navis",1028.25955387973
"7901009",33,0,1,0.016821,1,-0.005607,1,136.702126085211,1,4.86249303725441,370,1,15.58899974823,36.048999786377,0.0168210007250309,0,131.823303222656,-85.7488,22.2702,16.5155035245262,63,63,63,63,61,63,0,9004,1.9064526870154,22,-86,0.001869,51,2024-04-30 22:29:22.002403,370,1.037,0.0011,"aoml_navis",1028.27910738217
"7901009",33,0,1,0.020559,1,-0.001869,1,136.68687221024,1,4.86240029108973,372,1,15.496000289917,36.0349998474121,0.020558999851346,0,131.80859375,-85.7488,22.2702,16.5155035245262,63,63,63,63,61,63,0,9004,1.9064526870154,22,-86,0.001869,51,2024-04-30 22:29:22.002403,372,1.037,0.0011,"aoml_navis",1028.29872093468
"7901009",33,0,1,0.022428,1,0,1,136.513082470807,1,4.86233493030934,374,1,15.451000213623,36.0279998779297,0.0224280003458261,0,131.641006469727,-85.7488,22.2702,16.5155035245262,63,63,63,63,61,63,0,9004,1.9064526870154,22,-86,0.001869,51,2024-04-30 22:29:22.002403,374,1.037,0.0011,"aoml_navis",1028.31254359557
"7901009",33,0,1,0.01869,1,-0.003738,1,136.012410418964,1,4.86229336228562,376,1,15.4409999847412,36.0250015258789,0.0186899993568659,0,131.158203125,-85.7488,22.2702,16.5155035245262,63,63,63,63,61,63,0,9004,1.9064526870154,22,-86,0.001869,51,2024-04-30 22:29:22.002403,376,1.037,0.0011,"aoml_navis",1028.32133469825
"7901009",33,0,1,0.01869,1,-0.003738,1,135.364801144107,1,4.86221535294761,378,1,15.371000289917,36.0139999389648,0.0186899993568659,0,130.533706665039,-85.7488,22.2702,16.5155035245262,63,63,63,63,61,63,0,9004,1.9064526870154,22,-86,0.001869,51,2024-04-30 22:29:22.002403,378,1.037,0.0011,"aoml_navis",1028.33783307621
"7901009",33,0,1,0.014952,1,-0.007476,1,134.842767337895,1,4.86213178099854,380,1,15.2790002822876,35.9980010986328,0.0149520002305508,0,130.030303955078,-85.7488,22.2702,16.5155035245262,63,63,63,63,61,63,0,9004,1.9064526870154,22,-86,0.001869,51,2024-04-30 22:29:22.002403,380,1.037,0.0011,"aoml_navis",1028.35550849121
"7901009",33,0,1,0.016821,1,-0.005607,1,133.955178532105,1,4.86207191581323,382,1,15.2320003509521,35.9889984130859,0.0168210007250309,0,129.174392700195,-85.7488,22.2702,16.5155035245262,63,63,63,63,61,63,0,9004,1.9064526870154,22,-86,0.001869,51,2024-04-30 22:29:22.002403,382,1.037,0.0011,"aoml_navis",1028.36817031401
"7901009",33,0,1,0.020559,1,-0.001869,1,133.063871198702,1,4.86197747037463,384,1,15.1160001754761,35.9690017700195,0.020558999851346,0,128.314895629883,-85.7488,22.2702,16.5155035245262,63,63,63,63,61,63,0,9004,1.9064526870154,22,-86,0.001869,51,2024-04-30 22:29:22.002403,384,1.037,0.0011,"aoml_navis",1028.38814668854
"7901009",33,0,1,0.016821,1,-0.005607,1,132.325941261668,1,4.86185799278906,386,1,14.9659996032715,35.9459991455078,0.0168210007250309,0,127.603302001953,-85.7488,22.2702,16.5155035245262,63,63,63,63,61,63,0,9004,1.9064526870154,22,-86,0.001869,51,2024-04-30 22:29:22.002403,386,1.037,0.0011,"aoml_navis",1028.41341878266
"7901009",33,0,1,0.014952,1,-0.007476,1,132.197968529476,1,4.86177085994068,388,1,14.8590002059937,35.9269981384277,0.0149520002305508,0,127.47989654541,-85.7488,22.2702,16.5155035245262,63,63,63,63,61,63,0,9004,1.9064526870154,22,-86,0.001869,51,2024-04-30 22:29:22.002403,388,1.037,0.0011,"aoml_navis",1028.43185004836
"7901009",33,0,1,0.01869,1,-0.003738,1,131.915803489545,1,4.86169728515078,390,1,14.7950000762939,35.9169998168945,0.0186899993568659,0,127.207801818848,-85.7488,22.2702,16.5155035245262,63,63,63,63,61,63,0,9004,1.9064526870154,22,-86,0.001869,51,2024-04-30 22:29:22.002403,390,1.037,0.0011,"aoml_navis",1028.44741388396
"7901009",33,0,1,0.020559,1,-0.001869,1,131.520595210198,1,4.86163789286073,392,1,14.7510004043579,35.9090003967285,0.020558999851346,0,126.826698303223,-85.7488,22.2702,16.5155035245262,63,63,63,63,61,63,0,9004,1.9064526870154,22,-86,0.001869,51,2024-04-30 22:29:22.002403,392,1.037,0.0011,"aoml_navis",1028.45997793099
"7901009",33,0,1,0.01869,1,-0.003738,1,131.11491967121,1,4.86157477259809,394,1,14.6999998092651,35.9000015258789,0.0186899993568659,0,126.435501098633,-85.7488,22.2702,16.5155035245262,63,63,63,63,61,63,0,9004,1.9064526870154,22,-86,0.001869,51,2024-04-30 22:29:22.002403,394,1.037,0.0011,"aoml_navis",1028.4733309425
"7901009",33,0,1,0.01869,1,-0.003738,1,130.843633302486,1,4.86150586510467,396,1,14.6400003433228,35.8899993896484,0.0186899993568659,0,126.173896789551,-85.7488,22.2702,16.5155035245262,63,63,63,63,61,63,0,9004,1.9064526870154,22,-86,0.001869,51,2024-04-30 22:29:22.002403,396,1.037,0.0011,"aoml_navis",1028.48790863124
"7901009",33,0,1,0.014952,1,-0.007476,1,130.63239719882,1,4.86144568641713,398,1,14.5950002670288,35.8819999694824,0.0149520002305508,0,125.970199584961,-85.7488,22.2702,16.5155035245262,63,63,63,63,61,63,0,9004,1.9064526870154,22,-86,0.001869,51,2024-04-30 22:29:22.002403,398,1.037,0.0011,"aoml_navis",1028.50064004006
"7901009",33,0,1,0.020559,1,-0.001869,1,130.481614860019,1,4.86139581574245,400,1,14.5699996948242,35.8769989013672,0.020558999851346,0,125.824798583984,-85.7488,22.2702,16.5155035245262,63,63,63,63,61,63,0,9004,1.9064526870154,22,-86,0.001869,51,2024-04-30 22:29:22.002403,400,1.037,0.0011,"aoml_navis",1028.51119092354
"7901009",33,0,1,0.022428,1,0,1,130.175493008151,1,4.86134924832562,402,1,14.5550003051758,35.8740005493164,0.0224280003458261,0,125.529602050781,-85.7488,22.2702,16.5155035245262,63,63,63,63,61,63,0,9004,1.9064526870154,22,-86,0.001869,51,2024-04-30 22:29:22.002403,402,1.037,0.0011,"aoml_navis",1028.52104314911
"7901009",33,0,1,0.020559,1,-0.001869,1,129.840849258321,1,4.86129202458,404,1,14.5229997634888,35.8689994812012,0.020558999851346,0,125.206901550293,-85.7488,22.2702,16.5155035245262,63,63,63,63,61,63,0,9004,1.9064526870154,22,-86,0.001869,51,2024-04-30 22:29:22.002403,404,1.037,0.0011,"aoml_navis",1028.53315018284
"7901009",33,0,1,0.022428,1,0,1,129.54975975212,1,4.86122409864877,406,1,14.4670000076294,35.8600006103516,0.0224280003458261,0,124.926200866699,-85.7488,22.2702,16.5155035245262,63,63,63,63,61,63,0,9004,1.9064526870154,22,-86,0.001869,51,2024-04-30 22:29:22.002403,406,1.037,0.0011,"aoml_navis",1028.54752188647
"7901009",33,0,1,0.016821,1,-0.005607,1,129.221128940556,1,4.86115049505703,408,1,14.4020004272461,35.8499984741211,0.0168210007250309,0,124.609298706055,-85.7488,22.2702,16.5155035245262,63,63,63,63,61,63,0,9004,1.9064526870154,22,-86,0.001869,51,2024-04-30 22:29:22.002403,408,1.037,0.0011,"aoml_navis",1028.56309531749
"7901009",33,0,1,0.01869,1,-0.003738,1,129.071802365756,1,4.86107600275075,410,1,14.3360004425049,35.8400001525879,0.0186899993568659,0,124.465301513672,-85.7488,22.2702,16.5155035245262,63,63,63,63,61,63,0,9004,1.9064526870154,22,-86,0.001869,51,2024-04-30 22:29:22.002403,410,1.037,0.0011,"aoml_navis",1028.57885726754
"7901009",33,0,1,0.022428,1,0,1,128.807256817299,1,4.86102742600803,412,1,14.3120002746582,35.8349990844727,0.0224280003458261,0,124.21019744873,-85.7488,22.2702,16.5155035245262,63,63,63,63,61,63,0,9004,1.9064526870154,22,-86,0.001869,51,2024-04-30 22:29:22.002403,412,1.037,0.0011,"aoml_navis",1028.58913596093
"7901009",33,0,1,0.022428,1,0,1,128.336973838986,1,4.86098254096836,414,1,14.2950000762939,35.8310012817383,0.0224280003458261,0,123.756698608398,-85.7488,22.2702,16.5155035245262,63,63,63,63,61,63,0,9004,1.9064526870154,22,-86,0.001869,51,2024-04-30 22:29:22.002403,414,1.037,0.0011,"aoml_navis",1028.59863368362
"7901009",33,0,1,0.016821,1,-0.005607,1,127.629005740395,1,4.86092453780198,416,1,14.2480001449585,35.8219985961914,0.0168210007250309,0,123.073997497559,-85.7488,22.2702,16.5155035245262,63,63,63,63,61,63,0,9004,1.9064526870154,22,-86,0.001869,51,2024-04-30 22:29:22.002403,416,1.037,0.0011,"aoml_navis",1028.61090747583
"7901009",33,0,1,0.020559,1,-0.001869,1,127.114132077777,1,4.86083275522933,418,1,14.1370000839233,35.8040008544922,0.020558999851346,0,122.577499389648,-85.7488,22.2702,16.5155035245262,63,63,63,63,61,63,0,9004,1.9064526870154,22,-86,0.001869,51,2024-04-30 22:29:22.002403,418,1.037,0.0011,"aoml_navis",1028.63032977651
"7901009",33,0,1,0.022428,1,0,1,126.633373928063,1,4.86075801497282,419.899993896484,1,14.0539999008179,35.7900009155273,0.0224280003458261,0,122.113899230957,-85.7488,22.2702,16.5155035245262,63,63,63,63,61,63,0,9004,1.9064526870154,22,-86,0.001869,51,2024-04-30 22:29:22.002403,419.899993896484,1.037,0.0011,"aoml_navis",1028.64614625914
"7901009",33,0,1,0.022428,1,0,1,126.32548775352,1,4.8606722424759,422,1,13.9569997787476,35.773998260498,0.0224280003458261,0,121.817001342773,-85.7488,22.2702,16.5155035245262,63,63,63,63,61,63,0,9004,1.9064526870154,22,-86,0.001869,51,2024-04-30 22:29:22.002403,422,1.037,0.0011,"aoml_navis",1028.66429797643
"7901009",33,0,1,0.01869,1,-0.003738,1,126.109370093393,1,4.86060568947413,424,1,13.8940000534058,35.7630004882812,0.0186899993568659,0,121.608596801758,-85.7488,22.2702,16.5155035245262,63,63,63,63,61,63,0,9004,1.9064526870154,22,-86,0.001869,51,2024-04-30 22:29:22.002403,424,1.037,0.0011,"aoml_navis",1028.67838278422
"7901009",33,0,1,0.022428,1,0,1,125.844935309588,1,4.86053567434235,426,1,13.831000328064,35.7529983520508,0.0224280003458261,0,121.35359954834,-85.7488,22.2702,16.5155035245262,63,63,63,63,61,63,0,9004,1.9064526870154,22,-86,0.001869,51,2024-04-30 22:29:22.002403,426,1.037,0.0011,"aoml_navis",1028.6932007091
"7901009",33,0,1,0.014952,1,-0.007476,1,125.654744489857,1,4.86047548060033,428,1,13.7810001373291,35.7439994812012,0.0149520002305508,0,121.170196533203,-85.7488,22.2702,16.5155035245262,63,63,63,63,61,63,0,9004,1.9064526870154,22,-86,0.001869,51,2024-04-30 22:29:22.002403,428,1.037,0.0011,"aoml_navis",1028.70594038722
"7901009",33,0,1,0.022428,1,0,1,125.61347674512,1,4.86038051208496,430,1,13.6789999008179,35.7299995422363,0.0224280003458261,0,121.130401611328,-85.7488,22.2702,16.5155035245262,63,63,63,63,61,63,0,9004,1.9064526870154,22,-86,0.001869,51,2024-04-30 22:29:22.002403,430,1.037,0.0011,"aoml_navis",1028.72604059865
"7901009",33,0,1,0.01869,1,-0.003738,1,125.861629125039,1,4.86028455210756,432,1,13.5719995498657,35.7150001525879,0.0186899993568659,0,121.369697570801,-85.7488,22.2702,16.5155035245262,63,63,63,63,61,63,0,9004,1.9064526870154,22,-86,0.001869,51,2024-04-30 22:29:22.002403,432,1.037,0.0011,"aoml_navis",1028.74635145217
"7901009",33,0,1,0.022428,1,0,1,125.906219809344,1,4.8602182141163,434,1,13.5190000534058,35.7070007324219,0.0224280003458261,0,121.412696838379,-85.7488,22.2702,16.5155035245262,63,63,63,63,61,63,0,9004,1.9064526870154,22,-86,0.001869,51,2024-04-30 22:29:22.002403,434,1.037,0.0011,"aoml_navis",1028.76039299588
"7901009",33,0,1,0.020559,1,-0.001869,1,125.906536279779,1,4.86017261703657,436,1,13.5080003738403,35.7050018310547,0.020558999851346,0,121.41300201416,-85.7488,22.2702,16.5155035245262,63,63,63,63,61,63,0,9004,1.9064526870154,22,-86,0.001869,51,2024-04-30 22:29:22.002403,436,1.037,0.0011,"aoml_navis",1028.77004460156
"7901009",33,0,1,0.024297,1,0.001869,1,125.753989618303,1,4.86012750678044,437.899993896484,1,13.4989995956421,35.7039985656738,0.0242970008403063,0,121.265899658203,-85.7488,22.2702,16.5155035245262,63,63,63,63,61,63,0,9004,1.9064526870154,22,-86,0.001869,51,2024-04-30 22:29:22.002403,437.899993896484,1.037,0.0011,"aoml_navis",1028.77959333874
"7901009",33,0,1,0.020559,1,-0.001869,1,125.59480498945,1,4.8600859051836,440,1,13.4940004348755,35.7019996643066,0.020558999851346,0,121.112396240234,-85.7488,22.2702,16.5155035245262,63,63,63,63,61,63,0,9004,1.9064526870154,22,-86,0.001869,51,2024-04-30 22:29:22.002403,440,1.037,0.0011,"aoml_navis",1028.78839953573
"7901009",33,0,1,0.016821,1,-0.005607,1,125.237976662119,1,4.8600382940901,442,1,13.4809999465942,35.7000007629395,0.0168210007250309,0,120.76830291748,-85.7488,22.2702,16.5155035245262,63,63,63,63,61,63,0,9004,1.9064526870154,22,-86,0.001869,51,2024-04-30 22:29:22.002403,442,1.037,0.0011,"aoml_navis",1028.79847800378
"7901009",33,0,1,0.020559,1,-0.001869,1,124.954039387751,1,4.85995039738727,444,1,13.3920001983643,35.6879997253418,0.020558999851346,0,120.494499206543,-85.7488,22.2702,16.5155035245262,63,63,63,63,61,63,0,9004,1.9064526870154,22,-86,0.001869,51,2024-04-30 22:29:22.002403,444,1.037,0.0011,"aoml_navis",1028.81708477684
"7901009",33,0,1,0.01869,1,-0.003738,1,124.796207670008,1,4.8598829311324,446,1,13.3229999542236,35.6759986877441,0.0186899993568659,0,120.342300415039,-85.7488,22.2702,16.5155035245262,63,63,63,63,61,63,0,9004,1.9064526870154,22,-86,0.001869,51,2024-04-30 22:29:22.002403,446,1.037,0.0011,"aoml_navis",1028.83136710352
"7901009",33,0,1,0.020559,1,-0.001869,1,124.446420809858,1,4.8598208664381,448,1,13.2810001373291,35.6699981689453,0.020558999851346,0,120.004997253418,-85.7488,22.2702,16.5155035245262,63,63,63,63,61,63,0,9004,1.9064526870154,22,-86,0.001869,51,2024-04-30 22:29:22.002403,448,1.037,0.0011,"aoml_navis",1028.8445062924
"7901009",33,0,1,0.029904,1,0.007476,1,124.38296057586,1,4.85972601799114,450,1,13.1770000457764,35.6559982299805,0.0299040004611015,0,119.943801879883,-85.7488,22.2702,16.5155035245262,63,63,63,63,61,63,0,9004,1.9064526870154,22,-86,0.001869,51,2024-04-30 22:29:22.002403,450,1.037,0.0011,"aoml_navis",1028.86458649923
"7901009",33,0,1,0.020559,1,-0.001869,1,124.3788069014,1,4.85967348652495,452,1,13.1370000839233,35.6479988098145,0.020558999851346,0,119.939796447754,-85.7488,22.2702,16.5155035245262,63,63,63,63,61,63,0,9004,1.9064526870154,22,-86,0.001869,51,2024-04-30 22:29:22.002403,452,1.037,0.0011,"aoml_navis",1028.87570818578
"7901009",33,0,1,0.020559,1,-0.001869,1,124.246799171161,1,4.85962906189522,454,1,13.1379995346069,35.648998260498,0.020558999851346,0,119.8125,-85.7488,22.2702,16.5155035245262,63,63,63,63,61,63,0,9004,1.9064526870154,22,-86,0.001869,51,2024-04-30 22:29:22.002403,454,1.037,0.0011,"aoml_navis",1028.88511372307
"7901009",33,0,1,0.020559,1,-0.001869,1,124.151810570067,1,4.85958724974158,456,1,13.1269998550415,35.6459999084473,0.020558999851346,0,119.720901489258,-85.7488,22.2702,16.5155035245262,63,63,63,63,61,63,0,9004,1.9064526870154,22,-86,0.001869,51,2024-04-30 22:29:22.002403,456,1.037,0.0011,"aoml_navis",1028.89396630668
"7901009",33,0,1,0.022428,1,0,1,123.962972661445,1,4.85954313788068,458,1,13.121000289917,35.6450004577637,0.0224280003458261,0,119.538803100586,-85.7488,22.2702,16.5155035245262,63,63,63,63,61,63,0,9004,1.9064526870154,22,-86,0.001869,51,2024-04-30 22:29:22.002403,458,1.037,0.0011,"aoml_navis",1028.90330595575
"7901009",33,0,1,0.020559,1,-0.001869,1,123.791445685624,1,4.85949835694318,460,1,13.1070003509521,35.6419982910156,0.020558999851346,0,119.373397827148,-85.7488,22.2702,16.5155035245262,63,63,63,63,61,63,0,9004,1.9064526870154,22,-86,0.001869,51,2024-04-30 22:29:22.002403,460,1.037,0.0011,"aoml_navis",1028.91278743948
"7901009",33,0,1,0.024297,1,0.001869,1,123.580834611068,1,4.85944759358542,462,1,13.0869998931885,35.6389999389648,0.0242970008403063,0,119.170303344727,-85.7488,22.2702,16.5155035245262,63,63,63,63,61,63,0,9004,1.9064526870154,22,-86,0.001869,51,2024-04-30 22:29:22.002403,462,1.037,0.0011,"aoml_navis",1028.9235357945
"7901009",33,0,1,0.024297,1,0.001869,1,123.299595247159,1,4.85939883918751,464,1,13.0579996109009,35.632999420166,0.0242970008403063,0,118.899101257324,-85.7488,22.2702,16.5155035245262,63,63,63,63,61,63,0,9004,1.9064526870154,22,-86,0.001869,51,2024-04-30 22:29:22.002403,464,1.037,0.0011,"aoml_navis",1028.93385899479
"7901009",33,0,1,0.024297,1,0.001869,1,122.908540642273,1,4.8593530823521,466,1,13.0430002212524,35.6300010681152,0.0242970008403063,0,118.522003173828,-85.7488,22.2702,16.5155035245262,63,63,63,63,61,63,0,9004,1.9064526870154,22,-86,0.001869,51,2024-04-30 22:29:22.002403,466,1.037,0.0011,"aoml_navis",1028.94354768306
"7901009",33,0,1,0.026166,1,0.003738,1,122.573999745333,1,4.85929150866888,468,1,12.9899997711182,35.6209983825684,0.0261659994721413,0,118.199401855469,-85.7488,22.2702,16.5155035245262,63,63,63,63,61,63,0,9004,1.9064526870154,22,-86,0.001869,51,2024-04-30 22:29:22.002403,468,1.037,0.0011,"aoml_navis",1028.95658576566
"7901009",33,0,1,0.024297,1,0.001869,1,122.354978468965,1,4.85920250385669,470,1,12.8870000839233,35.6059989929199,0.0242970008403063,0,117.98819732666,-85.7488,22.2702,16.5155035245262,63,63,63,63,61,63,0,9004,1.9064526870154,22,-86,0.001869,51,2024-04-30 22:29:22.002403,470,1.037,0.0011,"aoml_navis",1028.97543290932
"7901009",33,0,4,0.016821,1,-0.005607,1,122.130055018981,1,4.85913279998868,472,1,12.8179998397827,35.5950012207031,0.0168210007250309,0,117.771301269531,-85.7488,22.2702,16.5155035245262,63,63,63,63,61,63,0,9004,1.9064526870154,22,-86,0.001869,51,2024-04-30 22:29:22.002403,472,1.037,0.0011,"aoml_navis",1028.9901934789
"7901009",33,0,1,0.026166,1,0.003738,1,121.844147716155,1,4.85908857604267,474,1,12.7969999313354,35.5900001525879,0.0261659994721413,0,117.495597839355,-85.7488,22.2702,16.5155035245262,63,63,63,63,61,63,0,9004,1.9064526870154,22,-86,0.001869,51,2024-04-30 22:29:22.002403,474,1.037,0.0011,"aoml_navis",1028.99955861107
"7901009",33,0,1,0.026166,1,0.003738,1,121.526719957994,1,4.85904268777029,476,1,12.7779998779297,35.5859985351562,0.0261659994721413,0,117.189498901367,-85.7488,22.2702,16.5155035245262,63,63,63,63,61,63,0,9004,1.9064526870154,22,-86,0.001869,51,2024-04-30 22:29:22.002403,476,1.037,0.0011,"aoml_navis",1029.00927637135
"7901009",33,0,1,0.022428,1,0,1,120.859299633899,1,4.85899749858971,478,1,12.7559995651245,35.5810012817383,0.0224280003458261,0,116.5458984375,-85.7488,22.2702,16.5155035245262,63,63,63,63,61,63,0,9004,1.9064526870154,22,-86,0.001869,51,2024-04-30 22:29:22.002403,478,1.037,0.0011,"aoml_navis",1029.01884626432
"7901009",33,0,1,0.020559,1,-0.001869,1,120.294858789385,1,4.85891856817738,480,1,12.6660003662109,35.5670013427734,0.020558999851346,0,116.001602172852,-85.7488,22.2702,16.5155035245262,63,63,63,63,61,63,0,9004,1.9064526870154,22,-86,0.001869,51,2024-04-30 22:29:22.002403,480,1.037,0.0011,"aoml_navis",1029.03556209948
"7901009",33,0,1,0.020559,1,-0.001869,1,120.039340560089,1,4.85883754789737,482,1,12.5509996414185,35.5470008850098,0.020558999851346,0,115.75520324707,-85.7488,22.2702,16.5155035245262,63,63,63,63,61,63,0,9004,1.9064526870154,22,-86,0.001869,51,2024-04-30 22:29:22.002403,482,1.037,0.0011,"aoml_navis",1029.0527210904
"7901009",33,0,1,0.024297,1,0.001869,1,119.732696532003,1,4.85876061687414,484,1,12.4659996032715,35.5340003967285,0.0242970008403063,0,115.459503173828,-85.7488,22.2702,16.5155035245262,63,63,63,63,61,63,0,9004,1.9064526870154,22,-86,0.001869,51,2024-04-30 22:29:22.002403,484,1.037,0.0011,"aoml_navis",1029.06901456214
"7901009",33,0,1,0.028035,1,0.005607,1,119.581708487419,1,4.85869408660014,486,1,12.3990001678467,35.5229988098145,0.0280349999666214,0,115.313903808594,-85.7488,22.2702,16.5155035245262,63,63,63,63,61,63,0,9004,1.9064526870154,22,-86,0.001869,51,2024-04-30 22:29:22.002403,486,1.037,0.0011,"aoml_navis",1029.0831056414
"7901009",33,0,1,0.022428,1,0,1,119.223725043,1,4.85863819984415,488,1,12.3579998016357,35.515998840332,0.0224280003458261,0,114.968696594238,-85.7488,22.2702,16.5155035245262,63,63,63,63,61,63,0,9004,1.9064526870154,22,-86,0.001869,51,2024-04-30 22:29:22.002403,488,1.037,0.0011,"aoml_navis",1029.09494272703
"7901009",33,0,1,0.024297,1,0.001869,1,118.976086927538,1,4.85855601353583,490,1,12.2629995346069,35.5019989013672,0.0242970008403063,0,114.72989654541,-85.7488,22.2702,16.5155035245262,63,63,63,63,61,63,0,9004,1.9064526870154,22,-86,0.001869,51,2024-04-30 22:29:22.002403,490,1.037,0.0011,"aoml_navis",1029.11235067994
"7901009",33,0,1,0.026166,1,0.003738,1,118.865749510342,1,4.85848187168881,492,1,12.1759996414185,35.4879989624023,0.0261659994721413,0,114.623497009277,-85.7488,22.2702,16.5155035245262,63,63,63,63,61,63,0,9004,1.9064526870154,22,-86,0.001869,51,2024-04-30 22:29:22.002403,492,1.037,0.0011,"aoml_navis",1029.12805523385
"7901009",33,0,1,0.024297,1,0.001869,1,118.807265773936,1,4.85840471782138,494,1,12.0970001220703,35.4770011901855,0.0242970008403063,0,114.567100524902,-85.7488,22.2702,16.5155035245262,63,63,63,63,61,63,0,9004,1.9064526870154,22,-86,0.001869,51,2024-04-30 22:29:22.002403,494,1.037,0.0011,"aoml_navis",1029.14439829585
"7901009",33,0,1,0.020559,1,-0.001869,1,118.636158121441,1,4.8583502979197,496,1,12.0570001602173,35.4700012207031,0.020558999851346,0,114.402099609375,-85.7488,22.2702,16.5155035245262,63,63,63,63,61,63,0,9004,1.9064526870154,22,-86,0.001869,51,2024-04-30 22:29:22.002403,496,1.037,0.0011,"aoml_navis",1029.15592606423
"7901009",33,0,1,0.028035,1,0.005607,1,118.408433908107,1,4.85829214387657,498,1,12.0129995346069,35.4630012512207,0.0280349999666214,0,114.182502746582,-85.7488,22.2702,16.5155035245262,63,63,63,63,61,63,0,9004,1.9064526870154,22,-86,0.001869,51,2024-04-30 22:29:22.002403,498,1.037,0.0011,"aoml_navis",1029.16824512129
"7901009",33,0,1,0.026166,1,0.003738,1,118.115682932122,1,4.85823582595053,500,1,11.9670000076294,35.4550018310547,0.0261659994721413,0,113.900199890137,-85.7488,22.2702,16.5155035245262,63,63,63,63,61,63,0,9004,1.9064526870154,22,-86,0.001869,51,2024-04-30 22:29:22.002403,500,1.037,0.0011,"aoml_navis",1029.18017550573
"7901009",33,0,1,0.024297,1,0.001869,1,118.071820129818,1,4.85816079277863,502,1,11.8739995956421,35.439998626709,0.0242970008403063,0,113.857902526855,-85.7488,22.2702,16.5155035245262,63,63,63,63,61,63,0,9004,1.9064526870154,22,-86,0.001869,51,2024-04-30 22:29:22.002403,502,1.037,0.0011,"aoml_navis",1029.19607095595
"7901009",33,0,1,0.022428,1,0,1,117.96967138513,1,4.85810130761332,504,1,11.8360004425049,35.435001373291,0.0224280003458261,0,113.759399414062,-85.7488,22.2702,16.5155035245262,63,63,63,63,61,63,0,9004,1.9064526870154,22,-86,0.001869,51,2024-04-30 22:29:22.002403,504,1.037,0.0011,"aoml_navis",1029.20867297771
"7901009",33,0,1,0.020559,1,-0.001869,1,117.844918739615,1,4.8580379181549,506,1,11.78600025177,35.4280014038086,0.020558999851346,0,113.639099121094,-85.7488,22.2702,16.5155035245262,63,63,63,63,61,63,0,9004,1.9064526870154,22,-86,0.001869,51,2024-04-30 22:29:22.002403,506,1.037,0.0011,"aoml_navis",1029.22210246951
"7901009",33,0,1,0.024297,1,0.001869,1,117.703266572866,1,4.85796883071325,508,1,11.7220001220703,35.4189987182617,0.0242970008403063,0,113.502502441406,-85.7488,22.2702,16.5155035245262,63,63,63,63,61,63,0,9004,1.9064526870154,22,-86,0.001869,51,2024-04-30 22:29:22.002403,508,1.037,0.0011,"aoml_navis",1029.2367395173
"7901009",33,0,1,0.024297,1,0.001869,1,117.678581878929,1,4.85789880518935,510,1,11.6490001678467,35.4080009460449,0.0242970008403063,0,113.478698730469,-85.7488,22.2702,16.5155035245262,63,63,63,63,61,63,0,9004,1.9064526870154,22,-86,0.001869,51,2024-04-30 22:29:22.002403,510,1.037,0.0011,"aoml_navis",1029.25157573452
"7901009",33,0,1,0.024297,1,0.001869,1,117.838280772239,1,4.85781500756317,512,1,11.5570001602173,35.3959999084473,0.0242970008403063,0,113.632698059082,-85.7488,22.2702,16.5155035245262,63,63,63,63,61,63,0,9004,1.9064526870154,22,-86,0.001869,51,2024-04-30 22:29:22.002403,512,1.037,0.0011,"aoml_navis",1029.26933039143
"7901009",33,0,1,0.024297,1,0.001869,1,117.872815608469,1,4.85775887358853,514,1,11.5260000228882,35.3919982910156,0.0242970008403063,0,113.666000366211,-85.7488,22.2702,16.5155035245262,63,63,63,63,61,63,0,9004,1.9064526870154,22,-86,0.001869,51,2024-04-30 22:29:22.002403,514,1.037,0.0011,"aoml_navis",1029.28122414326
"7901009",33,0,1,0.01869,1,-0.003738,1,117.862648995741,1,4.85771690724089,516,1,11.5260000228882,35.3919982910156,0.0186899993568659,0,113.656196594238,-85.7488,22.2702,16.5155035245262,63,63,63,63,61,63,0,9004,1.9064526870154,22,-86,0.001869,51,2024-04-30 22:29:22.002403,516,1.037,0.0011,"aoml_navis",1029.29011621633
"7901009",33,0,1,0.026166,1,0.003738,1,117.819616928329,1,4.85767488331746,518,1,11.5220003128052,35.390998840332,0.0261659994721413,0,113.614700317383,-85.7488,22.2702,16.5155035245262,63,63,63,63,61,63,0,9004,1.9064526870154,22,-86,0.001869,51,2024-04-30 22:29:22.002403,518,1.037,0.0011,"aoml_navis",1029.29902064284
"7901009",33,0,1,0.024297,1,0.001869,1,117.798358026852,1,4.85762914741949,520,1,11.5139999389648,35.3899993896484,0.0242970008403063,0,113.594200134277,-85.7488,22.2702,16.5155035245262,63,63,63,63,61,63,0,9004,1.9064526870154,22,-86,0.001869,51,2024-04-30 22:29:22.002403,520,1.037,0.0011,"aoml_navis",1029.30871177273
"7901009",33,0,1,0.026166,1,0.003738,1,117.717681801185,1,4.857587127233,522,1,11.5100002288818,35.3889999389648,0.0261659994721413,0,113.516403198242,-85.7488,22.2702,16.5155035245262,63,63,63,63,61,63,0,9004,1.9064526870154,22,-86,0.001869,51,2024-04-30 22:29:22.002403,522,1.037,0.0011,"aoml_navis",1029.31761572913
"7901009",33,0,1,0.026166,1,0.003738,1,117.686675610307,1,4.85753768493998,524,1,11.4980001449585,35.3880004882812,0.0261659994721413,0,113.486503601074,-85.7488,22.2702,16.5155035245262,63,63,63,63,61,63,0,9004,1.9064526870154,22,-86,0.001869,51,2024-04-30 22:29:22.002403,524,1.037,0.0011,"aoml_navis",1029.32809260579
"7901009",33,0,1,0.024297,1,0.001869,1,117.617400232064,1,4.85749004697223,526,1,11.4840002059937,35.3860015869141,0.0242970008403063,0,113.419700622559,-85.7488,22.2702,16.5155035245262,63,63,63,63,61,63,0,9004,1.9064526870154,22,-86,0.001869,51,2024-04-30 22:29:22.002403,526,1.037,0.0011,"aoml_navis",1029.33818734566
"7901009",33,0,1,0.01869,1,-0.003738,1,117.526351687887,1,4.85744423022894,528,1,11.4680004119873,35.382999420166,0.0186899993568659,0,113.331901550293,-85.7488,22.2702,16.5155035245262,63,63,63,63,61,63,0,9004,1.9064526870154,22,-86,0.001869,51,2024-04-30 22:29:22.002403,528,1.037,0.0011,"aoml_navis",1029.34789634514
"7901009",33,0,1,0.028035,1,0.005607,1,117.39382178143,1,4.85738906744272,530,1,11.4340000152588,35.3779983520508,0.0280349999666214,0,113.2041015625,-85.7488,22.2702,16.5155035245262,63,63,63,63,61,63,0,9004,1.9064526870154,22,-86,0.001869,51,2024-04-30 22:29:22.002403,530,1.037,0.0011,"aoml_navis",1029.35958610216
"7901009",33,0,4,0.01869,1,-0.003738,1,117.371320733495,1,4.85732743138557,532,1,11.3889999389648,35.3720016479492,0.0186899993568659,0,113.182403564453,-85.7488,22.2702,16.5155035245262,63,63,63,63,61,63,0,9004,1.9064526870154,22,-86,0.001869,51,2024-04-30 22:29:22.002403,532,1.037,0.0011,"aoml_navis",1029.37264794886
"7901009",33,0,1,0.026166,1,0.003738,1,117.338858778615,1,4.85727790880788,534,1,11.3610000610352,35.367000579834,0.0261659994721413,0,113.151100158691,-85.7488,22.2702,16.5155035245262,63,63,63,63,61,63,0,9004,1.9064526870154,22,-86,0.001869,51,2024-04-30 22:29:22.002403,534,1.037,0.0011,"aoml_navis",1029.38314296024
"7901009",33,0,1,0.029904,1,0.007476,1,117.308580469737,1,4.85721279230253,536,1,11.3199996948242,35.3629989624023,0.0299040004611015,0,113.12190246582,-85.7488,22.2702,16.5155035245262,63,63,63,63,61,63,0,9004,1.9064526870154,22,-86,0.001869,51,2024-04-30 22:29:22.002403,536,1.037,0.0011,"aoml_navis",1029.39694302126
"7901009",33,0,1,0.022428,1,0,1,117.273317751507,1,4.85715597908523,538,1,11.2840003967285,35.3580017089844,0.0224280003458261,0,113.087898254395,-85.7488,22.2702,16.5155035245262,63,63,63,63,61,63,0,9004,1.9064526870154,22,-86,0.001869,51,2024-04-30 22:29:22.002403,538,1.037,0.0011,"aoml_navis",1029.4089836789
"7901009",33,0,1,0.026166,1,0.003738,1,117.211511075533,1,4.85709556166046,540,1,11.2440004348755,35.3530006408691,0.0261659994721413,0,113.028297424316,-85.7488,22.2702,16.5155035245262,63,63,63,63,61,63,0,9004,1.9064526870154,22,-86,0.001869,51,2024-04-30 22:29:22.002403,540,1.037,0.0011,"aoml_navis",1029.42178850002
"7901009",33,0,1,0.024297,1,0.001869,1,117.197206611866,1,4.85703611040037,542,1,11.1969995498657,35.3460006713867,0.0242970008403063,0,113.014503479004,-85.7488,22.2702,16.5155035245262,63,63,63,63,61,63,0,9004,1.9064526870154,22,-86,0.001869,51,2024-04-30 22:29:22.002403,542,1.037,0.0011,"aoml_navis",1029.43438886392
"7901009",33,0,1,0.024297,1,0.001869,1,117.138920669483,1,4.85698862221349,544,1,11.1829996109009,35.3440017700195,0.0242970008403063,0,112.958297729492,-85.7488,22.2702,16.5155035245262,63,63,63,63,61,63,0,9004,1.9064526870154,22,-86,0.001869,51,2024-04-30 22:29:22.002403,544,1.037,0.0011,"aoml_navis",1029.4444539426
"7901009",33,0,1,0.028035,1,0.005607,1,117.064463087865,1,4.85693567071946,546,1,11.1549997329712,35.3400001525879,0.0280349999666214,0,112.886497497559,-85.7488,22.2702,16.5155035245262,63,63,63,63,61,63,0,9004,1.9064526870154,22,-86,0.001869,51,2024-04-30 22:29:22.002403,546,1.037,0.0011,"aoml_navis",1029.45567719643
"7901009",33,0,1,0.026166,1,0.003738,1,116.972378103014,1,4.85688183756785,548,1,11.1260004043579,35.3359985351562,0.0261659994721413,0,112.797698974609,-85.7488,22.2702,16.5155035245262,63,63,63,63,61,63,0,9004,1.9064526870154,22,-86,0.001869,51,2024-04-30 22:29:22.002403,548,1.037,0.0011,"aoml_navis",1029.46708757152
"7901009",33,0,1,0.026166,1,0.003738,1,116.750769680838,1,4.85682984450395,550,1,11.0989999771118,35.3320007324219,0.0261659994721413,0,112.583999633789,-85.7488,22.2702,16.5155035245262,63,63,63,63,61,63,0,9004,1.9064526870154,22,-86,0.001869,51,2024-04-30 22:29:22.002403,550,1.037,0.0011,"aoml_navis",1029.47810816516
"7901009",33,0,1,0.024297,1,0.001869,1,116.645408761234,1,4.85677155771971,552,1,11.0570001602173,35.326000213623,0.0242970008403063,0,112.482398986816,-85.7488,22.2702,16.5155035245262,63,63,63,63,61,63,0,9004,1.9064526870154,22,-86,0.001869,51,2024-04-30 22:29:22.002403,552,1.037,0.0011,"aoml_navis",1029.49046307369
"7901009",33,0,1,0.024297,1,0.001869,1,116.744448183897,1,4.85668185786426,554,1,10.9519996643066,35.3129997253418,0.0242970008403063,0,112.577903747559,-85.7488,22.2702,16.5155035245262,63,63,63,63,61,63,0,9004,1.9064526870154,22,-86,0.001869,51,2024-04-30 22:29:22.002403,554,1.037,0.0011,"aoml_navis",1029.50947711423
"7901009",33,0,1,0.022428,1,0,1,116.704517526749,1,4.85663282006668,556,1,10.923999786377,35.3079986572266,0.0224280003458261,0,112.539398193359,-85.7488,22.2702,16.5155035245262,63,63,63,63,61,63,0,9004,1.9064526870154,22,-86,0.001869,51,2024-04-30 22:29:22.002403,556,1.037,0.0011,"aoml_navis",1029.51987215112
"7901009",33,0,1,0.028035,1,0.005607,1,116.574685530751,1,4.85659355598381,558,1,10.9230003356934,35.306999206543,0.0280349999666214,0,112.414199829102,-85.7488,22.2702,16.5155035245262,63,63,63,63,61,63,0,9004,1.9064526870154,22,-86,0.001869,51,2024-04-30 22:29:22.002403,558,1.037,0.0011,"aoml_navis",1029.5281955064
"7901009",33,0,1,0.022428,1,0,1,116.476373990089,1,4.85654074080909,560,1,10.9069995880127,35.3059997558594,0.0224280003458261,0,112.319396972656,-85.7488,22.2702,16.5155035245262,63,63,63,63,61,63,0,9004,1.9064526870154,22,-86,0.001869,51,2024-04-30 22:29:22.002403,560,1.037,0.0011,"aoml_navis",1029.53939168788
"7901009",33,0,1,0.028035,1,0.005607,1,116.355458548599,1,4.85650156725902,562,1,10.8979997634888,35.3030014038086,0.0280349999666214,0,112.202796936035,-85.7488,22.2702,16.5155035245262,63,63,63,63,61,63,0,9004,1.9064526870154,22,-86,0.001869,51,2024-04-30 22:29:22.002403,562,1.037,0.0011,"aoml_navis",1029.54769616639
"7901009",33,0,1,0.024297,1,0.001869,1,116.10523328733,1,4.85645660828932,564.099975585938,1,10.8929996490479,35.3019981384277,0.0242970008403063,0,111.961502075195,-85.7488,22.2702,16.5155035245262,63,63,63,63,61,63,0,9004,1.9064526870154,22,-86,0.001869,51,2024-04-30 22:29:22.002403,564.099975585938,1.037,0.0011,"aoml_navis",1029.55722727259
"7901009",33,0,1,0.028035,1,0.005607,1,115.844944266225,1,4.85640791092293,566,1,10.8629999160767,35.2970008850098,0.0280349999666214,0,111.710502624512,-85.7488,22.2702,16.5155035245262,63,63,63,63,61,63,0,9004,1.9064526870154,22,-86,0.001869,51,2024-04-30 22:29:22.002403,566,1.037,0.0011,"aoml_navis",1029.56755110173
"7901009",33,0,1,0.020559,1,-0.001869,1,115.455646072254,1,4.85636267560173,568,1,10.831000328064,35.2900009155273,0.020558999851346,0,111.335098266602,-85.7488,22.2702,16.5155035245262,63,63,63,63,61,63,0,9004,1.9064526870154,22,-86,0.001869,51,2024-04-30 22:29:22.002403,568,1.037,0.0011,"aoml_navis",1029.57714116367
"7901009",33,0,1,0.026166,1,0.003738,1,115.672380849729,1,4.85620491285517,570,1,10.6199998855591,35.2700004577637,0.0261659994721413,0,111.544097900391,-85.7488,22.2702,16.5155035245262,63,63,63,63,61,63,0,9004,1.9064526870154,22,-86,0.001869,51,2024-04-30 22:29:22.002403,570,1.037,0.0011,"aoml_navis",1029.61058887037
"7901009",33,0,1,0.024297,1,0.001869,1,115.753476398722,1,4.85612093173739,572,1,10.4820003509521,35.2480010986328,0.0242970008403063,0,111.622299194336,-85.7488,22.2702,16.5155035245262,63,63,63,63,61,63,0,9004,1.9064526870154,22,-86,0.001869,51,2024-04-30 22:29:22.002403,572,1.037,0.0011,"aoml_navis",1029.62839482071
"7901009",33,0,1,0.022428,1,0,1,115.696749073231,1,4.85607419172198,574,1,10.456000328064,35.2430000305176,0.0224280003458261,0,111.567596435547,-85.7488,22.2702,16.5155035245262,63,63,63,63,61,63,0,9004,1.9064526870154,22,-86,0.001869,51,2024-04-30 22:29:22.002403,574,1.037,0.0011,"aoml_navis",1029.63830505789
"7901009",33,0,1,0.026166,1,0.003738,1,115.668543645703,1,4.85601852652176,576,1,10.423999786377,35.2389984130859,0.0261659994721413,0,111.540397644043,-85.7488,22.2702,16.5155035245262,63,63,63,63,61,63,0,9004,1.9064526870154,22,-86,0.001869,51,2024-04-30 22:29:22.002403,576,1.037,0.0011,"aoml_navis",1029.65010794169
"7901009",33,0,1,0.026166,1,0.003738,1,115.590351712952,1,4.85597081407464,578,1,10.4010000228882,35.2350006103516,0.0261659994721413,0,111.464996337891,-85.7488,22.2702,16.5155035245262,63,63,63,63,61,63,0,9004,1.9064526870154,22,-86,0.001869,51,2024-04-30 22:29:22.002403,578,1.037,0.0011,"aoml_navis",1029.66022479128
"7901009",33,0,1,0.028035,1,0.005607,1,115.503243225692,1,4.85592724425577,580,1,10.3909997940063,35.2330017089844,0.0280349999666214,0,111.380996704102,-85.7488,22.2702,16.5155035245262,63,63,63,63,61,63,0,9004,1.9064526870154,22,-86,0.001869,51,2024-04-30 22:29:22.002403,580,1.037,0.0011,"aoml_navis",1029.66946342012
"7901009",33,0,1,0.024297,1,0.001869,1,115.334319219199,1,4.85588531490556,582,1,10.3870000839233,35.2319984436035,0.0242970008403063,0,111.218101501465,-85.7488,22.2702,16.5155035245262,63,63,63,63,61,63,0,9004,1.9064526870154,22,-86,0.001869,51,2024-04-30 22:29:22.002403,582,1.037,0.0011,"aoml_navis",1029.67835435735
"7901009",33,0,1,0.022428,1,0,1,115.087820397303,1,4.85584805116369,584,1,10.3800001144409,35.2290000915527,0.0224280003458261,0,110.980400085449,-85.7488,22.2702,16.5155035245262,63,63,63,63,61,63,0,9004,1.9064526870154,22,-86,0.001869,51,2024-04-30 22:29:22.002403,584,1.037,0.0011,"aoml_navis",1029.6862561014
"7901009",33,0,1,0.028035,1,0.005607,1,114.979864420131,1,4.85576353519955,586,1,10.289999961853,35.2190017700195,0.0280349999666214,0,110.87629699707,-85.7488,22.2702,16.5155035245262,63,63,63,63,61,63,0,9004,1.9064526870154,22,-86,0.001869,51,2024-04-30 22:29:22.002403,586,1.037,0.0011,"aoml_navis",1029.70417808752
"7901009",33,0,1,0.026166,1,0.003738,1,115.039598214755,1,4.85568986429481,588,1,10.1909999847412,35.2039985656738,0.0261659994721413,0,110.933898925781,-85.7488,22.2702,16.5155035245262,63,63,63,63,61,63,0,9004,1.9064526870154,22,-86,0.001869,51,2024-04-30 22:29:22.002403,588,1.037,0.0011,"aoml_navis",1029.71980083949
"7901009",33,0,1,0.026166,1,0.003738,1,114.966382779596,1,4.85563644669202,590,1,10.1569995880127,35.1990013122559,0.0261659994721413,0,110.863296508789,-85.7488,22.2702,16.5155035245262,63,63,63,63,61,63,0,9004,1.9064526870154,22,-86,0.001869,51,2024-04-30 22:29:22.002403,590,1.037,0.0011,"aoml_navis",1029.73112894528
"7901009",33,0,1,0.026166,1,0.003738,1,114.942639585203,1,4.8555713109884,592,1,10.1009998321533,35.1920013427734,0.0261659994721413,0,110.840400695801,-85.7488,22.2702,16.5155035245262,63,63,63,63,61,63,0,9004,1.9064526870154,22,-86,0.001869,51,2024-04-30 22:29:22.002403,592,1.037,0.0011,"aoml_navis",1029.74494240971
"7901009",33,0,1,0.026166,1,0.003738,1,114.883633672579,1,4.85550544399771,594,1,10.043999671936,35.185001373291,0.0261659994721413,0,110.783500671387,-85.7488,22.2702,16.5155035245262,63,63,63,63,61,63,0,9004,1.9064526870154,22,-86,0.001869,51,2024-04-30 22:29:22.002403,594,1.037,0.0011,"aoml_navis",1029.7589113366
"7901009",33,0,1,0.026166,1,0.003738,1,114.691369971498,1,4.85545179954744,596,1,10.0010004043579,35.1780014038086,0.0261659994721413,0,110.598098754883,-85.7488,22.2702,16.5155035245262,63,63,63,63,61,63,0,9004,1.9064526870154,22,-86,0.001869,51,2024-04-30 22:29:22.002403,596,1.037,0.0011,"aoml_navis",1029.77028841395
"7901009",33,0,1,0.026166,1,0.003738,1,114.625939709042,1,4.85539201369018,598,1,9.9379997253418,35.1679992675781,0.0261659994721413,0,110.535003662109,-85.7488,22.2702,16.5155035245262,63,63,63,63,61,63,0,9004,1.9064526870154,22,-86,0.001869,51,2024-04-30 22:29:22.002403,598,1.037,0.0011,"aoml_navis",1029.7829682757
"7901009",33,0,1,0.028035,1,0.005607,1,114.638590614685,1,4.85531781553368,600,1,9.85799980163574,35.1580009460449,0.0280349999666214,0,110.547203063965,-85.7488,22.2702,16.5155035245262,63,63,63,63,61,63,0,9004,1.9064526870154,22,-86,0.001869,51,2024-04-30 22:29:22.002403,600,1.037,0.0011,"aoml_navis",1029.79870524715
"7901009",33,0,1,0.028035,1,0.005607,1,114.640972054709,1,4.85525014038835,602,1,9.7810001373291,35.1469993591309,0.0280349999666214,0,110.549499511719,-85.7488,22.2702,16.5155035245262,63,63,63,63,61,63,0,9004,1.9064526870154,22,-86,0.001869,51,2024-04-30 22:29:22.002403,602,1.037,0.0011,"aoml_navis",1029.81305914757
"7901009",33,0,1,0.026166,1,0.003738,1,114.671978245588,1,4.85517878714363,604,1,9.70800018310547,35.1380004882812,0.0261659994721413,0,110.579399108887,-85.7488,22.2702,16.5155035245262,63,63,63,63,61,63,0,9004,1.9064526870154,22,-86,0.001869,51,2024-04-30 22:29:22.002403,604,1.037,0.0011,"aoml_navis",1029.82819360635
"7901009",33,0,1,0.024297,1,0.001869,1,114.59959354532,1,4.85512661193171,606,1,9.66600036621094,35.1310005187988,0.0242970008403063,0,110.50959777832,-85.7488,22.2702,16.5155035245262,63,63,63,63,61,63,0,9004,1.9064526870154,22,-86,0.001869,51,2024-04-30 22:29:22.002403,606,1.037,0.0011,"aoml_navis",1029.83926056887
"7901009",33,0,1,0.033642,1,0.011214,1,114.840285134732,1,4.85504102077167,608,1,9.56700038909912,35.1199989318848,0.0336420014500618,0,110.74169921875,-85.7488,22.2702,16.5155035245262,63,63,63,63,61,63,0,9004,1.9064526870154,22,-86,0.001869,51,2024-04-30 22:29:22.002403,608,1.037,0.0011,"aoml_navis",1029.85741595347
"7901009",33,0,1,0.029904,1,0.007476,1,114.972087159189,1,4.85496509229033,610,1,9.47900009155273,35.109001159668,0.0299040004611015,0,110.868797302246,-85.7488,22.2702,16.5155035245262,63,63,63,63,61,63,0,9004,1.9064526870154,22,-86,0.001869,51,2024-04-30 22:29:22.002403,610,1.037,0.0011,"aoml_navis",1029.87352225044
"7901009",33,0,1,0.029904,1,0.007476,1,115.062621438908,1,4.85489324130202,612,1,9.41300010681152,35.1020011901855,0.0299040004611015,0,110.956100463867,-85.7488,22.2702,16.5155035245262,63,63,63,63,61,63,0,9004,1.9064526870154,22,-86,0.001869,51,2024-04-30 22:29:22.002403,612,1.037,0.0011,"aoml_navis",1029.88876407487
"7901009",33,0,1,0.028035,1,0.005607,1,115.15470642376,1,4.85483259911163,614,1,9.36900043487549,35.0970001220703,0.0280349999666214,0,111.044898986816,-85.7488,22.2702,16.5155035245262,63,63,63,63,61,63,0,9004,1.9064526870154,22,-86,0.001869,51,2024-04-30 22:29:22.002403,614,1.037,0.0011,"aoml_navis",1029.90162851649
"7901009",33,0,1,0.029904,1,0.007476,1,115.181463999048,1,4.8547793543633,616,1,9.34700012207031,35.0950012207031,0.0299040004611015,0,111.070701599121,-85.7488,22.2702,16.5155035245262,63,63,63,63,61,63,0,9004,1.9064526870154,22,-86,0.001869,51,2024-04-30 22:29:22.002403,616,1.037,0.0011,"aoml_navis",1029.91292395321
"7901009",33,0,1,0.026166,1,0.003738,1,115.190902729774,1,4.85472598175976,618,1,9.31599998474121,35.0909996032715,0.0261659994721413,0,111.079803466797,-85.7488,22.2702,16.5155035245262,63,63,63,63,61,63,0,9004,1.9064526870154,22,-86,0.001869,51,2024-04-30 22:29:22.002403,618,1.037,0.0011,"aoml_navis",1029.92424676203
"7901009",33,0,1,0.029904,1,0.007476,1,115.248658584179,1,4.8546749965665,620,1,9.2790002822876,35.0849990844727,0.0299040004611015,0,111.135498046875,-85.7488,22.2702,16.5155035245262,63,63,63,63,61,63,0,9004,1.9064526870154,22,-86,0.001869,51,2024-04-30 22:29:22.002403,620,1.037,0.0011,"aoml_navis",1029.93506332273
"7901009",33,0,1,0.029904,1,0.007476,1,115.377351286611,1,4.85460122430697,622,1,9.21000003814697,35.0779991149902,0.0299040004611015,0,111.25959777832,-85.7488,22.2702,16.5155035245262,63,63,63,63,61,63,0,9004,1.9064526870154,22,-86,0.001869,51,2024-04-30 22:29:22.002403,622,1.037,0.0011,"aoml_navis",1029.95071458496
"7901009",33,0,1,0.026166,1,0.003738,1,115.527825066738,1,4.85453013635792,624,1,9.14400005340576,35.0709991455078,0.0261659994721413,0,111.40470123291,-85.7488,22.2702,16.5155035245262,63,63,63,63,61,63,0,9004,1.9064526870154,22,-86,0.001869,51,2024-04-30 22:29:22.002403,624,1.037,0.0011,"aoml_navis",1029.9657968034
"7901009",33,0,1,0.028035,1,0.005607,1,115.518180630228,1,4.85448540984625,626,1,9.14099979400635,35.0709991455078,0.0280349999666214,0,111.395401000977,-85.7488,22.2702,16.5155035245262,63,63,63,63,61,63,0,9004,1.9064526870154,22,-86,0.001869,51,2024-04-30 22:29:22.002403,626,1.037,0.0011,"aoml_navis",1029.97528633181
"7901009",33,0,1,0.029904,1,0.007476,1,115.479500031299,1,4.85444398526596,628,1,9.14200019836426,35.0709991455078,0.0299040004611015,0,111.358100891113,-85.7488,22.2702,16.5155035245262,63,63,63,63,61,63,0,9004,1.9064526870154,22,-86,0.001869,51,2024-04-30 22:29:22.002403,628,1.037,0.0011,"aoml_navis",1029.98407545248
"7901009",33,0,1,0.028035,1,0.005607,1,115.476904973731,1,4.85440375604321,630,1,9.14000034332275,35.0699996948242,0.0280349999666214,0,111.355598449707,-85.7488,22.2702,16.5155035245262,63,63,63,63,61,63,0,9004,1.9064526870154,22,-86,0.001869,51,2024-04-30 22:29:22.002403,630,1.037,0.0011,"aoml_navis",1029.99261109576
"7901009",33,0,1,0.028035,1,0.005607,1,115.475354268599,1,4.85436142130566,632,1,9.13099956512451,35.068000793457,0.0280349999666214,0,111.354103088379,-85.7488,22.2702,16.5155035245262,63,63,63,63,61,63,0,9004,1.9064526870154,22,-86,0.001869,51,2024-04-30 22:29:22.002403,632,1.037,0.0011,"aoml_navis",1030.00159362983
"7901009",33,0,1,0.028035,1,0.005607,1,115.647284744226,1,4.85428477633157,634,1,9.05799961090088,35.0610008239746,0.0280349999666214,0,111.519897460938,-85.7488,22.2702,16.5155035245262,63,63,63,63,61,63,0,9004,1.9064526870154,22,-86,0.001869,51,2024-04-30 22:29:22.002403,634,1.037,0.0011,"aoml_navis",1030.01785646753
"7901009",33,0,1,0.029904,1,0.007476,1,115.675703789297,1,4.85423591253623,636,1,9.04100036621094,35.0589981079102,0.0299040004611015,0,111.547302246094,-85.7488,22.2702,16.5155035245262,63,63,63,63,61,63,0,9004,1.9064526870154,22,-86,0.001869,51,2024-04-30 22:29:22.002403,636,1.037,0.0011,"aoml_navis",1030.02822485148
"7901009",33,0,1,0.028035,1,0.005607,1,115.637126043259,1,4.85419075879992,638,1,9.03299999237061,35.0579986572266,0.0280349999666214,0,111.510101318359,-85.7488,22.2702,16.5155035245262,63,63,63,63,61,63,0,9004,1.9064526870154,22,-86,0.001869,51,2024-04-30 22:29:22.002403,638,1.037,0.0011,"aoml_navis",1030.03780618546
"7901009",33,0,1,0.028035,1,0.005607,1,115.617314994022,1,4.85414763575286,640,1,9.02299976348877,35.0559997558594,0.0280349999666214,0,111.490997314453,-85.7488,22.2702,16.5155035245262,63,63,63,63,61,63,0,9004,1.9064526870154,22,-86,0.001869,51,2024-04-30 22:29:22.002403,640,1.037,0.0011,"aoml_navis",1030.04695678658
"7901009",33,0,1,0.028035,1,0.005607,1,115.790084116301,1,4.85407416702085,642,1,8.94900035858154,35.0480003356934,0.0280349999666214,0,111.657600402832,-85.7488,22.2702,16.5155035245262,63,63,63,63,61,63,0,9004,1.9064526870154,22,-86,0.001869,51,2024-04-30 22:29:22.002403,642,1.037,0.0011,"aoml_navis",1030.06254703947
"7901009",33,0,1,0.026166,1,0.003738,1,116.00080595551,1,4.85399447399882,644,1,8.85799980163574,35.0379981994629,0.0261659994721413,0,111.860801696777,-85.7488,22.2702,16.5155035245262,63,63,63,63,61,63,0,9004,1.9064526870154,22,-86,0.001869,51,2024-04-30 22:29:22.002403,644,1.037,0.0011,"aoml_navis",1030.07945863624
"7901009",33,0,1,0.029904,1,0.007476,1,116.006818893777,1,4.85394614553039,646,1,8.83699989318848,35.0349998474121,0.0299040004611015,0,111.866600036621,-85.7488,22.2702,16.5155035245262,63,63,63,63,61,63,0,9004,1.9064526870154,22,-86,0.001869,51,2024-04-30 22:29:22.002403,646,1.037,0.0011,"aoml_navis",1030.08971465497
"7901009",33,0,1,0.028035,1,0.005607,1,116.040625848006,1,4.85388891662493,648,1,8.80500030517578,35.0320014953613,0.0280349999666214,0,111.899200439453,-85.7488,22.2702,16.5155035245262,63,63,63,63,61,63,0,9004,1.9064526870154,22,-86,0.001869,51,2024-04-30 22:29:22.002403,648,1.037,0.0011,"aoml_navis",1030.10185974274
"7901009",33,0,1,0.029904,1,0.007476,1,116.121721396999,1,4.85383261227905,650,1,8.76500034332275,35.0270004272461,0.0299040004611015,0,111.977401733398,-85.7488,22.2702,16.5155035245262,63,63,63,63,61,63,0,9004,1.9064526870154,22,-86,0.001869,51,2024-04-30 22:29:22.002403,650,1.037,0.0011,"aoml_navis",1030.11380890045
"7901009",33,0,1,0.026166,1,0.003738,1,116.13696736021,1,4.85378068885752,652,1,8.74400043487549,35.0250015258789,0.0261659994721413,0,111.99210357666,-85.7488,22.2702,16.5155035245262,63,63,63,63,61,63,0,9004,1.9064526870154,22,-86,0.001869,51,2024-04-30 22:29:22.002403,652,1.037,0.0011,"aoml_navis",1030.1248285647
"7901009",33,0,1,0.029904,1,0.007476,1,116.202397622666,1,4.85372806962724,654,1,8.71300029754639,35.0209999084473,0.0299040004611015,0,112.055198669434,-85.7488,22.2702,16.5155035245262,63,63,63,63,61,63,0,9004,1.9064526870154,22,-86,0.001869,51,2024-04-30 22:29:22.002403,654,1.037,0.0011,"aoml_navis",1030.13599614038
"7901009",33,0,1,0.028035,1,0.005607,1,116.357642194602,1,4.85367111087609,656,1,8.67199993133545,35.015998840332,0.0280349999666214,0,112.204902648926,-85.7488,22.2702,16.5155035245262,63,63,63,63,61,63,0,9004,1.9064526870154,22,-86,0.001869,51,2024-04-30 22:29:22.002403,656,1.037,0.0011,"aoml_navis",1030.1480849817
"7901009",33,0,1,0.031773,1,0.009345,1,116.5587195973,1,4.85359910541316,658,1,8.60299968719482,35.0089988708496,0.0317730009555817,0,112.398803710938,-85.7488,22.2702,16.5155035245262,63,63,63,63,61,63,0,9004,1.9064526870154,22,-86,0.001869,51,2024-04-30 22:29:22.002403,658,1.037,0.0011,"aoml_navis",1030.16336772099
"7901009",33,0,1,0.029904,1,0.007476,1,116.67143845452,1,4.85353961623647,660,1,8.55399990081787,35.0029983520508,0.0299040004611015,0,112.507499694824,-85.7488,22.2702,16.5155035245262,63,63,63,63,61,63,0,9004,1.9064526870154,22,-86,0.001869,51,2024-04-30 22:29:22.002403,660,1.037,0.0011,"aoml_navis",1030.17599429365
"7901009",33,0,1,0.026166,1,0.003738,1,116.942930529028,1,4.85345384027679,662,1,8.45800018310547,34.9939994812012,0.0261659994721413,0,112.769302368164,-85.7488,22.2702,16.5155035245262,63,63,63,63,61,63,0,9004,1.9064526870154,22,-86,0.001869,51,2024-04-30 22:29:22.002403,662,1.037,0.0011,"aoml_navis",1030.19420077865
"7901009",33,0,1,0.026166,1,0.003738,1,117.00048067765,1,4.85340475193297,664,1,8.43099975585938,34.9900016784668,0.0261659994721413,0,112.824798583984,-85.7488,22.2702,16.5155035245262,63,63,63,63,61,63,0,9004,1.9064526870154,22,-86,0.001869,51,2024-04-30 22:29:22.002403,664,1.037,0.0011,"aoml_navis",1030.20462037679
"7901009",33,0,1,0.029904,1,0.007476,1,117.080539785968,1,4.85334994677692,666,1,8.4060001373291,34.9879989624023,0.0299040004611015,0,112.902000427246,-85.7488,22.2702,16.5155035245262,63,63,63,63,61,63,0,9004,1.9064526870154,22,-86,0.001869,51,2024-04-30 22:29:22.002403,666,1.037,0.0011,"aoml_navis",1030.21625368689
"7901009",33,0,1,0.031773,1,0.009345,1,117.14566148975,1,4.85329486728063,668,1,8.37600040435791,34.9850006103516,0.0317730009555817,0,112.964797973633,-85.7488,22.2702,16.5155035245262,63,63,63,63,61,63,0,9004,1.9064526870154,22,-86,0.001869,51,2024-04-30 22:29:22.002403,668,1.037,0.0011,"aoml_navis",1030.22794549501
"7901009",33,0,1,0.028035,1,0.005607,1,117.212341810425,1,4.85324932052225,670,1,8.35799980163574,34.9819984436035,0.0280349999666214,0,113.029098510742,-85.7488,22.2702,16.5155035245262,63,63,63,63,61,63,0,9004,1.9064526870154,22,-86,0.001869,51,2024-04-30 22:29:22.002403,670,1.037,0.0011,"aoml_navis",1030.23761397487
"7901009",33,0,1,0.026166,1,0.003738,1,117.33159578213,1,4.8532013707998,672,1,8.32299995422363,34.976001739502,0.0261659994721413,0,113.144096374512,-85.7488,22.2702,16.5155035245262,63,63,63,63,61,63,0,9004,1.9064526870154,22,-86,0.001869,51,2024-04-30 22:29:22.002403,672,1.037,0.0011,"aoml_navis",1030.24779274222
"7901009",33,0,1,0.024297,1,0.001869,1,117.751377990762,1,4.85310275919702,674,1,8.19999980926514,34.9650001525879,0.0242970008403063,0,113.548896789551,-85.7488,22.2702,16.5155035245262,63,63,63,63,61,63,0,9004,1.9064526870154,22,-86,0.001869,51,2024-04-30 22:29:22.002403,674,1.037,0.0011,"aoml_navis",1030.26872664598
"7901009",33,0,1,0.028035,1,0.005607,1,118.013534187434,1,4.85303531134051,676,1,8.13500022888184,34.9580001831055,0.0280349999666214,0,113.801696777344,-85.7488,22.2702,16.5155035245262,63,63,63,63,61,63,0,9004,1.9064526870154,22,-86,0.001869,51,2024-04-30 22:29:22.002403,676,1.037,0.0011,"aoml_navis",1030.28304539966
"7901009",33,0,1,0.029904,1,0.007476,1,118.146586270109,1,4.85297823344118,678,1,8.10200023651123,34.9550018310547,0.0299040004611015,0,113.930000305176,-85.7488,22.2702,16.5155035245262,63,63,63,63,61,63,0,9004,1.9064526870154,22,-86,0.001869,51,2024-04-30 22:29:22.002403,678,1.037,0.0011,"aoml_navis",1030.2951629879
"7901009",33,0,1,0.033642,1,0.011214,1,118.185061163256,1,4.85293097634328,680,1,8.09099960327148,34.9539985656738,0.0336420014500618,0,113.967102050781,-85.7488,22.2702,16.5155035245262,63,63,63,63,61,63,0,9004,1.9064526870154,22,-86,0.001869,51,2024-04-30 22:29:22.002403,680,1.037,0.0011,"aoml_navis",1030.30519584425
"7901009",33,0,1,0.029904,1,0.007476,1,118.291252817752,1,4.85288760121112,682,1,8.08500003814697,34.9529991149902,0.0299040004611015,0,114.06950378418,-85.7488,22.2702,16.5155035245262,63,63,63,63,61,63,0,9004,1.9064526870154,22,-86,0.001869,51,2024-04-30 22:29:22.002403,682,1.037,0.0011,"aoml_navis",1030.31440471693
"7901009",33,0,1,0.033642,1,0.011214,1,118.41558613994,1,4.85284033776381,684,1,8.07400035858154,34.9519996643066,0.0336420014500618,0,114.189399719238,-85.7488,22.2702,16.5155035245262,63,63,63,63,61,63,0,9004,1.9064526870154,22,-86,0.001869,51,2024-04-30 22:29:22.002403,684,1.037,0.0011,"aoml_navis",1030.3244392961
"7901009",33,0,1,0.028035,1,0.005607,1,118.67898448307,1,4.85279364308332,686,1,8.05900001525879,34.9500007629395,0.0280349999666214,0,114.443397521973,-85.7488,22.2702,16.5155035245262,63,63,63,63,61,63,0,9004,1.9064526870154,22,-86,0.001869,51,2024-04-30 22:29:22.002403,686,1.037,0.0011,"aoml_navis",1030.33435331142
"7901009",33,0,1,0.026166,1,0.003738,1,119.053867448723,1,4.85274189796818,688,1,8.02799987792969,34.9459991455078,0.0261659994721413,0,114.804901123047,-85.7488,22.2702,16.5155035245262,63,63,63,63,61,63,0,9004,1.9064526870154,22,-86,0.001869,51,2024-04-30 22:29:22.002403,688,1.037,0.0011,"aoml_navis",1030.34533983632
"7901009",33,0,1,0.028035,1,0.005607,1,119.556501617264,1,4.85264343596569,690,1,7.92700004577637,34.939998626709,0.0280349999666214,0,115.289596557617,-85.7488,22.2702,16.5155035245262,63,63,63,63,61,63,0,9004,1.9064526870154,22,-86,0.001869,51,2024-04-30 22:29:22.002403,690,1.037,0.0011,"aoml_navis",1030.36624593972
"7901009",33,0,1,0.028035,1,0.005607,1,119.970895916738,1,4.85255218514612,692,1,7.82999992370605,34.9329986572266,0.0280349999666214,0,115.68920135498,-85.7488,22.2702,16.5155035245262,63,63,63,63,61,63,0,9004,1.9064526870154,22,-86,0.001869,51,2024-04-30 22:29:22.002403,692,1.037,0.0011,"aoml_navis",1030.38562167455
"7901009",33,0,1,0.026166,1,0.003738,1,120.139930687884,1,4.85250087898758,694,1,7.80399990081787,34.9300003051758,0.0261659994721413,0,115.852203369141,-85.7488,22.2702,16.5155035245262,63,63,63,63,61,63,0,9004,1.9064526870154,22,-86,0.001869,51,2024-04-30 22:29:22.002403,694,1.037,0.0011,"aoml_navis",1030.39651608331
"7901009",33,0,1,0.031773,1,0.009345,1,120.248084459078,1,4.85244930284527,696.099975585938,1,7.78999996185303,34.9290008544922,0.0317730009555817,0,115.956497192383,-85.7488,22.2702,16.5155035245262,63,63,63,63,61,63,0,9004,1.9064526870154,22,-86,0.001869,51,2024-04-30 22:29:22.002403,696.099975585938,1.037,0.0011,"aoml_navis",1030.40746805293
"7901009",33,0,1,0.024297,1,0.001869,1,120.38237868821,1,4.85239253359471,698,1,7.75400018692017,34.9259986877441,0.0242970008403063,0,116.085998535156,-85.7488,22.2702,16.5155035245262,63,63,63,63,61,63,0,9004,1.9064526870154,22,-86,0.001869,51,2024-04-30 22:29:22.002403,698,1.037,0.0011,"aoml_navis",1030.41952302567
"7901009",33,0,1,0.031773,1,0.009345,1,120.380202953969,1,4.85234858502387,700,1,7.7519998550415,34.9259986877441,0.0317730009555817,0,116.08390045166,-85.7488,22.2702,16.5155035245262,63,63,63,63,61,63,0,9004,1.9064526870154,22,-86,0.001869,51,2024-04-30 22:29:22.002403,700,1.037,0.0011,"aoml_navis",1030.42885571573
"7901009",33,0,1,0.029904,1,0.007476,1,120.435063103893,1,4.85230297122463,702,1,7.74300003051758,34.9249992370605,0.0299040004611015,0,116.13680267334,-85.7488,22.2702,16.5155035245262,63,63,63,63,61,63,0,9004,1.9064526870154,22,-86,0.001869,51,2024-04-30 22:29:22.002403,702,1.037,0.0011,"aoml_navis",1030.43854220383
"7901009",33,0,1,0.026166,1,0.003738,1,120.515636476668,1,4.85225736052659,704,1,7.73400020599365,34.923999786377,0.0261659994721413,0,116.214500427246,-85.7488,22.2702,16.5155035245262,63,63,63,63,61,63,0,9004,1.9064526870154,22,-86,0.001869,51,2024-04-30 22:29:22.002403,704,1.037,0.0011,"aoml_navis",1030.44822821545
"7901009",33,0,1,0.029904,1,0.007476,1,120.586881883369,1,4.8522071767233,706,1,7.7189998626709,34.9230003356934,0.0299040004611015,0,116.283203125,-85.7488,22.2702,16.5155035245262,63,63,63,63,61,63,0,9004,1.9064526870154,22,-86,0.001869,51,2024-04-30 22:29:22.002403,706,1.037,0.0011,"aoml_navis",1030.45888559451
"7901009",33,0,1,0.026166,1,0.003738,1,120.754666596296,1,4.85215205646995,708,1,7.68300008773804,34.9189987182617,0.0261659994721413,0,116.444999694824,-85.7488,22.2702,16.5155035245262,63,63,63,63,61,63,0,9004,1.9064526870154,22,-86,0.001869,51,2024-04-30 22:29:22.002403,708,1.037,0.0011,"aoml_navis",1030.47059156625
"7901009",33,0,1,0.031773,1,0.009345,1,120.799779456819,1,4.85210506865274,710,1,7.67700004577637,34.9189987182617,0.0317730009555817,0,116.488502502441,-85.7488,22.2702,16.5155035245262,63,63,63,63,61,63,0,9004,1.9064526870154,22,-86,0.001869,51,2024-04-30 22:29:22.002403,710,1.037,0.0011,"aoml_navis",1030.4805706502
"7901009",33,0,1,0.029904,1,0.007476,1,120.882014299378,1,4.8520571966695,712,1,7.66499996185303,34.9179992675781,0.0299040004611015,0,116.567802429199,-85.7488,22.2702,16.5155035245262,63,63,63,63,61,63,0,9004,1.9064526870154,22,-86,0.001869,51,2024-04-30 22:29:22.002403,712,1.037,0.0011,"aoml_navis",1030.49073770854
"7901009",33,0,1,0.026166,1,0.003738,1,120.975966459797,1,4.8520137666432,714,1,7.65399980545044,34.9160003662109,0.0261659994721413,0,116.658401489258,-85.7488,22.2702,16.5155035245262,63,63,63,63,61,63,0,9004,1.9064526870154,22,-86,0.001869,51,2024-04-30 22:29:22.002403,714,1.037,0.0011,"aoml_navis",1030.49996155703
"7901009",33,0,1,0.029904,1,0.007476,1,121.115751450979,1,4.85195364094385,716,1,7.62099981307983,34.9140014648438,0.0299040004611015,0,116.793197631836,-85.7488,22.2702,16.5155035245262,63,63,63,63,61,63,0,9004,1.9064526870154,22,-86,0.001869,51,2024-04-30 22:29:22.002403,716,1.037,0.0011,"aoml_navis",1030.51273157411
"7901009",33,0,1,0.029904,1,0.007476,1,121.240504096493,1,4.85189725066798,718,1,7.58799982070923,34.9109992980957,0.0299040004611015,0,116.913497924805,-85.7488,22.2702,16.5155035245262,63,63,63,63,61,63,0,9004,1.9064526870154,22,-86,0.001869,51,2024-04-30 22:29:22.002403,718,1.037,0.0011,"aoml_navis",1030.52470851719
"7901009",33,0,1,0.029904,1,0.007476,1,121.312263767651,1,4.85185395703249,720,1,7.58199977874756,34.9099998474121,0.0299040004611015,0,116.982696533203,-85.7488,22.2702,16.5155035245262,63,63,63,63,61,63,0,9004,1.9064526870154,22,-86,0.001869,51,2024-04-30 22:29:22.002403,720,1.037,0.0011,"aoml_navis",1030.53390400442
"7901009",33,0,1,0.029904,1,0.007476,1,121.466052575586,1,4.85181142254738,722,1,7.5770001411438,34.9090003967285,0.0299040004611015,0,117.130996704102,-85.7488,22.2702,16.5155035245262,63,63,63,63,61,63,0,9004,1.9064526870154,22,-86,0.001869,51,2024-04-30 22:29:22.002403,722,1.037,0.0011,"aoml_navis",1030.54293840934
"7901009",33,0,1,0.029904,1,0.007476,1,121.752062731303,1,4.85176283623654,724,1,7.56400012969971,34.9080009460449,0.0299040004611015,0,117.406799316406,-85.7488,22.2702,16.5155035245262,63,63,63,63,61,63,0,9004,1.9064526870154,22,-86,0.001869,51,2024-04-30 22:29:22.002403,724,1.037,0.0011,"aoml_navis",1030.55325842729
"7901009",33,0,1,0.026166,1,0.003738,1,122.14727101065,1,4.85169924366712,726,1,7.53599977493286,34.9080009460449,0.0261659994721413,0,117.787902832031,-85.7488,22.2702,16.5155035245262,63,63,63,63,61,63,0,9004,1.9064526870154,22,-86,0.001869,51,2024-04-30 22:29:22.002403,726,1.037,0.0011,"aoml_navis",1030.56676617506
"7901009",33,0,1,0.029904,1,0.007476,1,122.456818654978,1,4.85163709732935,728,1,7.50500011444092,34.9070014953613,0.0299040004611015,0,118.086402893066,-85.7488,22.2702,16.5155035245262,63,63,63,63,61,63,0,9004,1.9064526870154,22,-86,0.001869,51,2024-04-30 22:29:22.002403,728,1.037,0.0011,"aoml_navis",1030.57996706974
"7901009",33,0,1,0.031773,1,0.009345,1,122.796850313967,1,4.85157642305839,730,1,7.47100019454956,34.9049987792969,0.0317730009555817,0,118.41429901123,-85.7488,22.2702,16.5155035245262,63,63,63,63,61,63,0,9004,1.9064526870154,22,-86,0.001869,51,2024-04-30 22:29:22.002403,730,1.037,0.0011,"aoml_navis",1030.59285559971
"7901009",33,0,1,0.031773,1,0.009345,1,123.122474656397,1,4.8515166897951,732,1,7.44799995422363,34.9049987792969,0.0317730009555817,0,118.728302001953,-85.7488,22.2702,16.5155035245262,63,63,63,63,61,63,0,9004,1.9064526870154,22,-86,0.001869,51,2024-04-30 22:29:22.002403,732,1.037,0.0011,"aoml_navis",1030.60554455419
"7901009",33,0,1,0.026166,1,0.003738,1,123.303013127858,1,4.8514606166013,734,1,7.4689998626709,34.9129981994629,0.0261659994721413,0,118.902397155762,-85.7488,22.2702,16.5155035245262,63,63,63,63,61,63,0,9004,1.9064526870154,22,-86,0.001869,51,2024-04-30 22:29:22.002403,734,1.037,0.0011,"aoml_navis",1030.61745629562
"7901009",33,0,1,0.029904,1,0.007476,1,123.343355196572,1,4.85141175080473,736,1,7.48000001907349,34.9169998168945,0.0299040004611015,0,118.941299438477,-85.7488,22.2702,16.5155035245262,63,63,63,63,61,63,0,9004,1.9064526870154,22,-86,0.001869,51,2024-04-30 22:29:22.002403,736,1.037,0.0011,"aoml_navis",1030.62783717969
"7901009",33,0,1,0.029904,1,0.007476,1,123.449127527742,1,4.85136055704322,738,1,7.48299980163574,34.9199981689453,0.0299040004611015,0,119.043296813965,-85.7488,22.2702,16.5155035245262,63,63,63,63,61,63,0,9004,1.9064526870154,22,-86,0.001869,51,2024-04-30 22:29:22.002403,738,1.037,0.0011,"aoml_navis",1030.63871283304
"7901009",33,0,1,0.042987,1,0.020559,1,123.533023840085,1,4.85131303145421,740,1,7.48600006103516,34.9220008850098,0.0429870001971722,0,119.124198913574,-85.7488,22.2702,16.5155035245262,63,63,63,63,61,63,0,9004,1.9064526870154,22,-86,0.001869,51,2024-04-30 22:29:22.002403,740,1.037,0.0011,"aoml_navis",1030.64880942165
"7901009",33,0,1,0.029904,1,0.007476,1,123.660680101842,1,4.85126542869624,742,1,7.48400020599365,34.9230003356934,0.0299040004611015,0,119.247299194336,-85.7488,22.2702,16.5155035245262,63,63,63,63,61,63,0,9004,1.9064526870154,22,-86,0.001869,51,2024-04-30 22:29:22.002403,742,1.037,0.0011,"aoml_navis",1030.65892260274
"7901009",33,0,1,0.029904,1,0.007476,1,123.755771555827,1,4.85121556477265,744,1,7.47900009155273,34.923999786377,0.0299040004611015,0,119.338996887207,-85.7488,22.2702,16.5155035245262,63,63,63,63,61,63,0,9004,1.9064526870154,22,-86,0.001869,51,2024-04-30 22:29:22.002403,744,1.037,0.0011,"aoml_navis",1030.66951638013
"7901009",33,0,1,0.028035,1,0.005607,1,123.843093660631,1,4.85117022945288,746,1,7.48000001907349,34.9249992370605,0.0280349999666214,0,119.423202514648,-85.7488,22.2702,16.5155035245262,63,63,63,63,61,63,0,9004,1.9064526870154,22,-86,0.001869,51,2024-04-30 22:29:22.002403,746,1.037,0.0011,"aoml_navis",1030.67914822769
"7901009",33,0,1,0.029904,1,0.007476,1,123.952394637152,1,4.85112122103742,748,1,7.48099994659424,34.9269981384277,0.0299040004611015,0,119.528602600098,-85.7488,22.2702,16.5155035245262,63,63,63,63,61,63,0,9004,1.9064526870154,22,-86,0.001869,51,2024-04-30 22:29:22.002403,748,1.037,0.0011,"aoml_navis",1030.68956065599
"7901009",33,0,1,0.028035,1,0.005607,1,124.037635948845,1,4.85107069218178,750,1,7.48000001907349,34.9290008544922,0.0280349999666214,0,119.610801696777,-85.7488,22.2702,16.5155035245262,63,63,63,63,61,63,0,9004,1.9064526870154,22,-86,0.001869,51,2024-04-30 22:29:22.002403,750,1.037,0.0011,"aoml_navis",1030.7002963404
"7901009",33,0,1,0.028035,1,0.005607,1,124.130654521481,1,4.85102828724735,752,1,7.48000001907349,34.9290008544922,0.0280349999666214,0,119.700500488281,-85.7488,22.2702,16.5155035245262,63,63,63,63,61,63,0,9004,1.9064526870154,22,-86,0.001869,51,2024-04-30 22:29:22.002403,752,1.037,0.0011,"aoml_navis",1030.70930613707
"7901009",33,0,1,0.029904,1,0.007476,1,124.260075105913,1,4.85097646991639,754,1,7.48699998855591,34.9329986572266,0.0299040004611015,0,119.825302124023,-85.7488,22.2702,16.5155035245262,63,63,63,63,61,63,0,9004,1.9064526870154,22,-86,0.001869,51,2024-04-30 22:29:22.002403,754,1.037,0.0011,"aoml_navis",1030.72031600396
"7901009",33,0,1,0.028035,1,0.005607,1,124.375800432266,1,4.85092778034941,756,1,7.50299978256226,34.9379997253418,0.0280349999666214,0,119.936897277832,-85.7488,22.2702,16.5155035245262,63,63,63,63,61,63,0,9004,1.9064526870154,22,-86,0.001869,51,2024-04-30 22:29:22.002403,756,1.037,0.0011,"aoml_navis",1030.73066151479
"7901009",33,0,1,0.028035,1,0.005607,1,124.462291802178,1,4.85087543959668,758,1,7.51900005340576,34.9440002441406,0.0280349999666214,0,120.020301818848,-85.7488,22.2702,16.5155035245262,63,63,63,63,61,63,0,9004,1.9064526870154,22,-86,0.001869,51,2024-04-30 22:29:22.002403,758,1.037,0.0011,"aoml_navis",1030.74178305756
"7901009",33,0,1,0.026166,1,0.003738,1,124.665442086227,1,4.85082721945582,760,1,7.52099990844727,34.9459991455078,0.0261659994721413,0,120.216201782227,-85.7488,22.2702,16.5155035245262,63,63,63,63,61,63,0,9004,1.9064526870154,22,-86,0.001869,51,2024-04-30 22:29:22.002403,760,1.037,0.0011,"aoml_navis",1030.75202925099
"7901009",33,0,1,0.026166,1,0.003738,1,124.909654409229,1,4.85076254317177,762,1,7.51100015640259,34.9500007629395,0.0261659994721413,0,120.451698303223,-85.7488,22.2702,16.5155035245262,63,63,63,63,61,63,0,9004,1.9064526870154,22,-86,0.001869,51,2024-04-30 22:29:22.002403,762,1.037,0.0011,"aoml_navis",1030.76577249453
"7901009",33,0,1,0.026166,1,0.003738,1,125.377453094626,1,4.85069714319609,764,1,7.46600008010864,34.9469985961914,0.0261659994721413,0,120.902801513672,-85.7488,22.2702,16.5155035245262,63,63,63,63,61,63,0,9004,1.9064526870154,22,-86,0.001869,51,2024-04-30 22:29:22.002403,764,1.037,0.0011,"aoml_navis",1030.77966988999
"7901009",33,0,1,0.028035,1,0.005607,1,126.145977810973,1,4.8506371877744,766,1,7.43300008773804,34.9449996948242,0.0280349999666214,0,121.643898010254,-85.7488,22.2702,16.5155035245262,63,63,63,63,61,63,0,9004,1.9064526870154,22,-86,0.001869,51,2024-04-30 22:29:22.002403,766,1.037,0.0011,"aoml_navis",1030.79241065525
"7901009",33,0,1,0.031773,1,0.009345,1,127.021113505142,1,4.85054202248811,768,1,7.35799980163574,34.9440002441406,0.0317730009555817,0,122.487800598145,-85.7488,22.2702,16.5155035245262,63,63,63,63,61,63,0,9004,1.9064526870154,22,-86,0.001869,51,2024-04-30 22:29:22.002403,768,1.037,0.0011,"aoml_navis",1030.81263430334
"7901009",33,0,1,0.028035,1,0.005607,1,127.417247460512,1,4.85047343505048,770,1,7.32800006866455,34.9449996948242,0.0280349999666214,0,122.86979675293,-85.7488,22.2702,16.5155035245262,63,63,63,63,61,63,0,9004,1.9064526870154,22,-86,0.001869,51,2024-04-30 22:29:22.002403,770,1.037,0.0011,"aoml_navis",1030.82721036446
"7901009",33,0,1,0.033642,1,0.011214,1,127.774708728713,1,4.85041890513303,772,1,7.30200004577637,34.943000793457,0.0336420014500618,0,123.214500427246,-85.7488,22.2702,16.5155035245262,63,63,63,63,61,63,0,9004,1.9064526870154,22,-86,0.001869,51,2024-04-30 22:29:22.002403,772,1.037,0.0011,"aoml_navis",1030.83879924447
"7901009",33,0,1,0.029904,1,0.007476,1,128.156016044199,1,4.85035997769155,774,1,7.27500009536743,34.9420013427734,0.0299040004611015,0,123.58219909668,-85.7488,22.2702,16.5155035245262,63,63,63,63,61,63,0,9004,1.9064526870154,22,-86,0.001869,51,2024-04-30 22:29:22.002403,774,1.037,0.0011,"aoml_navis",1030.8513229939
"7901009",33,0,1,0.029904,1,0.007476,1,128.46027863226,1,4.85029883998419,776,1,7.24499988555908,34.9410018920898,0.0299040004611015,0,123.875602722168,-85.7488,22.2702,16.5155035245262,63,63,63,63,61,63,0,9004,1.9064526870154,22,-86,0.001869,51,2024-04-30 22:29:22.002403,776,1.037,0.0011,"aoml_navis",1030.86431680904
"7901009",33,0,1,0.029904,1,0.007476,1,128.713098951097,1,4.85024818367156,778,1,7.22900009155273,34.939998626709,0.0299040004611015,0,124.119400024414,-85.7488,22.2702,16.5155035245262,63,63,63,63,61,63,0,9004,1.9064526870154,22,-86,0.001869,51,2024-04-30 22:29:22.002403,778,1.037,0.0011,"aoml_navis",1030.87508322411
"7901009",33,0,1,0.028035,1,0.005607,1,129.063502928596,1,4.85018408077477,780,1,7.19000005722046,34.9379997253418,0.0280349999666214,0,124.457298278809,-85.7488,22.2702,16.5155035245262,63,63,63,63,61,63,0,9004,1.9064526870154,22,-86,0.001869,51,2024-04-30 22:29:22.002403,780,1.037,0.0011,"aoml_navis",1030.88870787793
"7901009",33,0,1,0.026166,1,0.003738,1,129.481417961661,1,4.85013418569119,782,1,7.17500019073486,34.9370002746582,0.0261659994721413,0,124.860298156738,-85.7488,22.2702,16.5155035245262,63,63,63,63,61,63,0,9004,1.9064526870154,22,-86,0.001869,51,2024-04-30 22:29:22.002403,782,1.037,0.0011,"aoml_navis",1030.89931300271
"7901009",33,0,1,0.026166,1,0.003738,1,130.123433621578,1,4.85007245566358,784,1,7.14900016784668,34.9370002746582,0.0261659994721413,0,125.479400634766,-85.7488,22.2702,16.5155035245262,63,63,63,63,61,63,0,9004,1.9064526870154,22,-86,0.001869,51,2024-04-30 22:29:22.002403,784,1.037,0.0011,"aoml_navis",1030.91243392897
"7901009",33,0,1,0.028035,1,0.005607,1,130.661639067023,1,4.85001226242019,786,1,7.13000011444092,34.9379997253418,0.0280349999666214,0,125.998397827148,-85.7488,22.2702,16.5155035245262,63,63,63,63,61,63,0,9004,1.9064526870154,22,-86,0.001869,51,2024-04-30 22:29:22.002403,786,1.037,0.0011,"aoml_navis",1030.92522852818
"7901009",33,0,1,0.028035,1,0.005607,1,131.176829200076,1,4.84996242665664,788,1,7.11999988555908,34.9379997253418,0.0280349999666214,0,126.49520111084,-85.7488,22.2702,16.5155035245262,63,63,63,63,61,63,0,9004,1.9064526870154,22,-86,0.001869,51,2024-04-30 22:29:22.002403,788,1.037,0.0011,"aoml_navis",1030.93582179497
"7901009",33,0,1,0.028035,1,0.005607,1,131.639857093664,1,4.84989189332088,790,1,7.08699989318848,34.9389991760254,0.0280349999666214,0,126.941703796387,-85.7488,22.2702,16.5155035245262,63,63,63,63,61,63,0,9004,1.9064526870154,22,-86,0.001869,51,2024-04-30 22:29:22.002403,790,1.037,0.0011,"aoml_navis",1030.95081498329
"7901009",33,0,1,0.031773,1,0.009345,1,132.107442161517,1,4.84983171135662,792,1,7.05800008773804,34.9379997253418,0.0317730009555817,0,127.392601013184,-85.7488,22.2702,16.5155035245262,63,63,63,63,61,63,0,9004,1.9064526870154,22,-86,0.001869,51,2024-04-30 22:29:22.002403,792,1.037,0.0011,"aoml_navis",1030.96360813752
"7901009",33,0,1,0.028035,1,0.005607,1,132.477340717818,1,4.84975756545437,794,1,7.01000022888184,34.9370002746582,0.0280349999666214,0,127.749298095703,-85.7488,22.2702,16.5155035245262,63,63,63,63,61,63,0,9004,1.9064526870154,22,-86,0.001869,51,2024-04-30 22:29:22.002403,794,1.037,0.0011,"aoml_navis",1030.97937010621
"7901009",33,0,1,0.028035,1,0.005607,1,132.618897943436,1,4.84971218227759,796,1,7.00099992752075,34.9360008239746,0.0280349999666214,0,127.885803222656,-85.7488,22.2702,16.5155035245262,63,63,63,63,61,63,0,9004,1.9064526870154,22,-86,0.001869,51,2024-04-30 22:29:22.002403,796,1.037,0.0011,"aoml_navis",1030.98901791979
"7901009",33,0,1,0.026166,1,0.003738,1,132.957062426857,1,4.84966606774208,798,1,6.99599981307983,34.9360008239746,0.0261659994721413,0,128.211898803711,-85.7488,22.2702,16.5155035245262,63,63,63,63,61,63,0,9004,1.9064526870154,22,-86,0.001869,51,2024-04-30 22:29:22.002403,798,1.037,0.0011,"aoml_navis",1030.99882139471
"7901009",33,0,1,0.029904,1,0.007476,1,133.320955956652,1,4.84961260084569,800,1,6.97599983215332,34.935001373291,0.0299040004611015,0,128.562805175781,-85.7488,22.2702,16.5155035245262,63,63,63,63,61,63,0,9004,1.9064526870154,22,-86,0.001869,51,2024-04-30 22:29:22.002403,800,1.037,0.0011,"aoml_navis",1031.01018813917
"7901009",33,0,1,0.028035,1,0.005607,1,133.695514540109,1,4.84954815387549,802,1,6.94099998474121,34.9339981079102,0.0280349999666214,0,128.92399597168,-85.7488,22.2702,16.5155035245262,63,63,63,63,61,63,0,9004,1.9064526870154,22,-86,0.001869,51,2024-04-30 22:29:22.002403,802,1.037,0.0011,"aoml_navis",1031.02388951521
"7901009",33,0,1,0.029904,1,0.007476,1,134.212358231185,1,4.84950060488068,804,1,6.92399978637695,34.931999206543,0.0299040004611015,0,129.422393798828,-85.7488,22.2702,16.5155035245262,63,63,63,63,61,63,0,9004,1.9064526870154,22,-86,0.001869,51,2024-04-30 22:29:22.002403,804,1.037,0.0011,"aoml_navis",1031.0339986282
"7901009",33,0,1,0.029904,1,0.007476,1,134.758760260899,1,4.8494274194077,806,1,6.88199996948242,34.931999206543,0.0299040004611015,0,129.949295043945,-85.7488,22.2702,16.5155035245262,63,63,63,63,61,63,0,9004,1.9064526870154,22,-86,0.001869,51,2024-04-30 22:29:22.002403,806,1.037,0.0011,"aoml_navis",1031.04955854988
"7901009",33,0,1,0.028035,1,0.005607,1,135.125771024479,1,4.8493558683435,808,1,6.8270001411438,34.9290008544922,0.0280349999666214,0,130.303207397461,-85.7488,22.2702,16.5155035245262,63,63,63,63,61,63,0,9004,1.9064526870154,22,-86,0.001869,51,2024-04-30 22:29:22.002403,808,1.037,0.0011,"aoml_navis",1031.06477143488
"7901009",33,0,1,0.031773,1,0.009345,1,135.416749766028,1,4.84930549593283,810,1,6.80600023269653,34.9269981384277,0.0317730009555817,0,130.583801269531,-85.7488,22.2702,16.5155035245262,63,63,63,63,61,63,0,9004,1.9064526870154,22,-86,0.001869,51,2024-04-30 22:29:22.002403,810,1.037,0.0011,"aoml_navis",1031.07548167331
"7901009",33,0,1,0.029904,1,0.007476,1,135.88765777345,1,4.84921890712236,812,1,6.73000001907349,34.923999786377,0.0299040004611015,0,131.037902832031,-85.7488,22.2702,16.5155035245262,63,63,63,63,61,63,0,9004,1.9064526870154,22,-86,0.001869,51,2024-04-30 22:29:22.002403,812,1.037,0.0011,"aoml_navis",1031.09389280327
"7901009",33,0,1,0.033642,1,0.011214,1,136.262944238908,1,4.8491427602928,814,1,6.66300010681152,34.9199981689453,0.0336420014500618,0,131.399795532227,-85.7488,22.2702,16.5155035245262,63,63,63,63,61,63,0,9004,1.9064526870154,22,-86,0.001869,51,2024-04-30 22:29:22.002403,814,1.037,0.0011,"aoml_navis",1031.11008422819
"7901009",33,0,1,0.029904,1,0.007476,1,136.497733654705,1,4.84906608375834,816,1,6.59499979019165,34.9160003662109,0.0299040004611015,0,131.626205444336,-85.7488,22.2702,16.5155035245262,63,63,63,63,61,63,0,9004,1.9064526870154,22,-86,0.001869,51,2024-04-30 22:29:22.002403,816,1.037,0.0011,"aoml_navis",1031.12638880035
"7901009",33,0,1,0.028035,1,0.005607,1,136.844300428178,1,4.84901875983747,818,1,6.57800006866455,34.9140014648438,0.0280349999666214,0,131.960403442383,-85.7488,22.2702,16.5155035245262,63,63,63,63,61,63,0,9004,1.9064526870154,22,-86,0.001869,51,2024-04-30 22:29:22.002403,818,1.037,0.0011,"aoml_navis",1031.13645206182
"7901009",33,0,1,0.026166,1,0.003738,1,137.361966942385,1,4.84894488012385,820,1,6.52899980545044,34.9129981994629,0.0261659994721413,0,132.459594726562,-85.7488,22.2702,16.5155035245262,63,63,63,63,61,63,0,9004,1.9064526870154,22,-86,0.001869,51,2024-04-30 22:29:22.002403,820,1.037,0.0011,"aoml_navis",1031.15216270973
"7901009",33,0,1,0.029904,1,0.007476,1,137.589809832132,1,4.84885057250423,822,1,6.44600009918213,34.9109992980957,0.0299040004611015,0,132.679306030273,-85.7488,22.2702,16.5155035245262,63,63,63,63,61,63,0,9004,1.9064526870154,22,-86,0.001869,51,2024-04-30 22:29:22.002403,822,1.037,0.0011,"aoml_navis",1031.17221808254
"7901009",33,0,1,0.026166,1,0.003738,1,137.762460277999,1,4.84879226026507,824,1,6.40299987792969,34.9070014953613,0.0261659994721413,0,132.845794677734,-85.7488,22.2702,16.5155035245262,63,63,63,63,61,63,0,9004,1.9064526870154,22,-86,0.001869,51,2024-04-30 22:29:22.002403,824,1.037,0.0011,"aoml_navis",1031.18461910073
"7901009",33,0,1,0.026166,1,0.003738,1,137.875092105849,1,4.84874210154786,826,1,6.38700008392334,34.9059982299805,0.0261659994721413,0,132.954406738281,-85.7488,22.2702,16.5155035245262,63,63,63,63,61,63,0,9004,1.9064526870154,22,-86,0.001869,51,2024-04-30 22:29:22.002403,826,1.037,0.0011,"aoml_navis",1031.19528638239
"7901009",33,0,1,0.033642,1,0.011214,1,138.03840667388,1,4.84869335328997,828,1,6.3730001449585,34.9049987792969,0.0336420014500618,0,133.111892700195,-85.7488,22.2702,16.5155035245262,63,63,63,63,61,63,0,9004,1.9064526870154,22,-86,0.001869,51,2024-04-30 22:29:22.002403,828,1.037,0.0011,"aoml_navis",1031.20565391238
"7901009",33,0,1,0.029904,1,0.007476,1,138.274746794809,1,4.84864814867041,830,1,6.36399984359741,34.9039993286133,0.0299040004611015,0,133.339797973633,-85.7488,22.2702,16.5155035245262,63,63,63,63,61,63,0,9004,1.9064526870154,22,-86,0.001869,51,2024-04-30 22:29:22.002403,830,1.037,0.0011,"aoml_navis",1031.2152679858
"7901009",33,0,1,0.031773,1,0.009345,1,138.597878932563,1,4.84859431579375,832,1,6.34800004959106,34.9039993286133,0.0317730009555817,0,133.651397705078,-85.7488,22.2702,16.5155035245262,63,63,63,63,61,63,0,9004,1.9064526870154,22,-86,0.001869,51,2024-04-30 22:29:22.002403,832,1.037,0.0011,"aoml_navis",1031.22671734219
"7901009",33,0,1,0.029904,1,0.007476,1,138.950458644303,1,4.84854316881796,834,1,6.34100008010864,34.9049987792969,0.0299040004611015,0,133.991394042969,-85.7488,22.2702,16.5155035245262,63,63,63,63,61,63,0,9004,1.9064526870154,22,-86,0.001869,51,2024-04-30 22:29:22.002403,834,1.037,0.0011,"aoml_navis",1031.23759568773
"7901009",33,0,1,0.029904,1,0.007476,1,139.329289578634,1,4.84849414421716,836,1,6.33699989318848,34.9059982299805,0.0299040004611015,0,134.356704711914,-85.7488,22.2702,16.5155035245262,63,63,63,63,61,63,0,9004,1.9064526870154,22,-86,0.001869,51,2024-04-30 22:29:22.002403,836,1.037,0.0011,"aoml_navis",1031.2480228451
"7901009",33,0,1,0.031773,1,0.009345,1,139.488458383965,1,4.84842659403216,838,1,6.31199979782104,34.9080009460449,0.0317730009555817,0,134.510192871094,-85.7488,22.2702,16.5155035245262,63,63,63,63,61,63,0,9004,1.9064526870154,22,-86,0.001869,51,2024-04-30 22:29:22.002403,838,1.037,0.0011,"aoml_navis",1031.26239059789
"7901009",33,0,1,0.029904,1,0.007476,1,139.540312064756,1,4.84837999856043,840,1,6.30100011825562,34.9070014953613,0.0299040004611015,0,134.560195922852,-85.7488,22.2702,16.5155035245262,63,63,63,63,61,63,0,9004,1.9064526870154,22,-86,0.001869,51,2024-04-30 22:29:22.002403,840,1.037,0.0011,"aoml_navis",1031.27230156972
"7901009",33,0,4,0.024297,1,0.001869,1,139.606470209213,1,4.84833201120988,842,1,6.28800010681152,34.9059982299805,0.0242970008403063,0,134.623992919922,-85.7488,22.2702,16.5155035245262,63,63,63,63,61,63,0,9004,1.9064526870154,22,-86,0.001869,51,2024-04-30 22:29:22.002403,842,1.037,0.0011,"aoml_navis",1031.28250879673
"7901009",33,0,1,0.031773,1,0.009345,1,139.68922722799,1,4.84829106272393,844,1,6.28499984741211,34.9049987792969,0.0317730009555817,0,134.703796386719,-85.7488,22.2702,16.5155035245262,63,63,63,63,61,63,0,9004,1.9064526870154,22,-86,0.001869,51,2024-04-30 22:29:22.002403,844,1.037,0.0011,"aoml_navis",1031.29121897043
"7901009",33,0,1,0.031773,1,0.009345,1,139.826322220473,1,4.84824361466728,846,1,6.27799987792969,34.9049987792969,0.0317730009555817,0,134.835998535156,-85.7488,22.2702,16.5155035245262,63,63,63,63,61,63,0,9004,1.9064526870154,22,-86,0.001869,51,2024-04-30 22:29:22.002403,846,1.037,0.0011,"aoml_navis",1031.30131185521
"7901009",33,0,1,0.033642,1,0.011214,1,140.028847475413,1,4.84819405528878,848,1,6.26800012588501,34.9049987792969,0.0336420014500618,0,135.031295776367,-85.7488,22.2702,16.5155035245262,63,63,63,63,61,63,0,9004,1.9064526870154,22,-86,0.001869,51,2024-04-30 22:29:22.002403,848,1.037,0.0011,"aoml_navis",1031.31185405948
"7901009",33,0,1,0.031773,1,0.009345,1,140.285410057145,1,4.84814114166291,850,1,6.2480001449585,34.9039993286133,0.0317730009555817,0,135.278701782227,-85.7488,22.2702,16.5155035245262,63,63,63,63,61,63,0,9004,1.9064526870154,22,-86,0.001869,51,2024-04-30 22:29:22.002403,850,1.037,0.0011,"aoml_navis",1031.32311001264
"7901009",33,0,1,0.028035,1,0.005607,1,140.564046451724,1,4.84808807579086,852,1,6.23299980163574,34.9039993286133,0.0280349999666214,0,135.547393798828,-85.7488,22.2702,16.5155035245262,63,63,63,63,61,63,0,9004,1.9064526870154,22,-86,0.001869,51,2024-04-30 22:29:22.002403,852,1.037,0.0011,"aoml_navis",1031.33439859884
"7901009",33,0,1,0.029904,1,0.007476,1,140.747805009862,1,4.84803853185384,854,1,6.22300004959106,34.9039993286133,0.0299040004611015,0,135.724594116211,-85.7488,22.2702,16.5155035245262,63,63,63,63,61,63,0,9004,1.9064526870154,22,-86,0.001869,51,2024-04-30 22:29:22.002403,854,1.037,0.0011,"aoml_navis",1031.34493819463
"7901009",33,0,1,0.031773,1,0.009345,1,141.057249801299,1,4.8479910992553,856,1,6.21600008010864,34.9039993286133,0.0317730009555817,0,136.022994995117,-85.7488,22.2702,16.5155035245262,63,63,63,63,61,63,0,9004,1.9064526870154,22,-86,0.001869,51,2024-04-30 22:29:22.002403,856,1.037,0.0011,"aoml_navis",1031.35502884237
"7901009",33,0,1,0.028035,1,0.005607,1,141.357469479552,1,4.84793787961368,858,1,6.20599985122681,34.9049987792969,0.0280349999666214,0,136.3125,-85.7488,22.2702,16.5155035245262,63,63,63,63,61,63,0,9004,1.9064526870154,22,-86,0.001869,51,2024-04-30 22:29:22.002403,858,1.037,0.0011,"aoml_navis",1031.36635084079
"7901009",33,0,1,0.029904,1,0.007476,1,141.779530275317,1,4.84788851753702,860,1,6.19099998474121,34.9039993286133,0.0299040004611015,0,136.719497680664,-85.7488,22.2702,16.5155035245262,63,63,63,63,61,63,0,9004,1.9064526870154,22,-86,0.001869,51,2024-04-30 22:29:22.002403,860,1.037,0.0011,"aoml_navis",1031.37685239929
"7901009",33,0,1,0.031773,1,0.009345,1,142.321264366113,1,4.84781848411938,862,1,6.15700006484985,34.9049987792969,0.0317730009555817,0,137.241897583008,-85.7488,22.2702,16.5155035245262,63,63,63,63,61,63,0,9004,1.9064526870154,22,-86,0.001869,51,2024-04-30 22:29:22.002403,862,1.037,0.0011,"aoml_navis",1031.39175205902
"7901009",33,0,1,0.028035,1,0.005607,1,142.593903645948,1,4.84776406682062,864,1,6.1399998664856,34.9049987792969,0.0280349999666214,0,137.504806518555,-85.7488,22.2702,16.5155035245262,63,63,63,63,61,63,0,9004,1.9064526870154,22,-86,0.001869,51,2024-04-30 22:29:22.002403,864,1.037,0.0011,"aoml_navis",1031.40332967549
"7901009",33,0,1,0.026166,1,0.003738,1,143.006312093443,1,4.84771665300879,866,1,6.13299989700317,34.9049987792969,0.0261659994721413,0,137.902496337891,-85.7488,22.2702,16.5155035245262,63,63,63,63,61,63,0,9004,1.9064526870154,22,-86,0.001869,51,2024-04-30 22:29:22.002403,866,1.037,0.0011,"aoml_navis",1031.41341746876
"7901009",33,0,1,0.022428,1,0,1,143.461459873197,1,4.84766066496719,868,1,6.11899995803833,34.9059982299805,0.0224280003458261,0,138.341400146484,-85.7488,22.2702,16.5155035245262,63,63,63,63,61,63,0,9004,1.9064526870154,22,-86,0.001869,51,2024-04-30 22:29:22.002403,868,1.037,0.0011,"aoml_navis",1031.42532977478
"7901009",33,0,1,0.028035,1,0.005607,1,143.608397096212,1,4.84760397121337,870,1,6.10400009155273,34.9070014953613,0.0280349999666214,0,138.483093261719,-85.7488,22.2702,16.5155035245262,63,63,63,63,61,63,0,9004,1.9064526870154,22,-86,0.001869,51,2024-04-30 22:29:22.002403,870,1.037,0.0011,"aoml_navis",1031.43739251218
"7901009",33,0,1,0.031773,1,0.009345,1,143.703812932393,1,4.84755586832888,872,1,6.09600019454956,34.9070014953613,0.0317730009555817,0,138.575103759766,-85.7488,22.2702,16.5155035245262,63,63,63,63,61,63,0,9004,1.9064526870154,22,-86,0.001869,51,2024-04-30 22:29:22.002403,872,1.037,0.0011,"aoml_navis",1031.44762759045
"7901009",33,0,1,0.029904,1,0.007476,1,143.80802664667,1,4.84750916428173,874,1,6.09000015258789,34.9070014953613,0.0299040004611015,0,138.675598144531,-85.7488,22.2702,16.5155035245262,63,63,63,63,61,63,0,9004,1.9064526870154,22,-86,0.001869,51,2024-04-30 22:29:22.002403,874,1.037,0.0011,"aoml_navis",1031.45756522584
"7901009",33,0,1,0.028035,1,0.005607,1,143.931529233966,1,4.8474631603163,876,1,6.08500003814697,34.9070014953613,0.0280349999666214,0,138.794692993164,-85.7488,22.2702,16.5155035245262,63,63,63,63,61,63,0,9004,1.9064526870154,22,-86,0.001869,51,2024-04-30 22:29:22.002403,876,1.037,0.0011,"aoml_navis",1031.46735408583
"7901009",33,0,1,0.033642,1,0.011214,1,144.162172887063,1,4.8474185543939,878,1,6.08199977874756,34.9070014953613,0.0336420014500618,0,139.017105102539,-85.7488,22.2702,16.5155035245262,63,63,63,63,61,63,0,9004,1.9064526870154,22,-86,0.001869,51,2024-04-30 22:29:22.002403,878,1.037,0.0011,"aoml_navis",1031.4768456435
"7901009",33,0,1,0.029904,1,0.007476,1,144.463737564666,1,4.8473676685507,880,1,6.07000017166138,34.9070014953613,0.0299040004611015,0,139.307907104492,-85.7488,22.2702,16.5155035245262,63,63,63,63,61,63,0,9004,1.9064526870154,22,-86,0.001869,51,2024-04-30 22:29:22.002403,880,1.037,0.0011,"aoml_navis",1031.4876736996
"7901009",33,0,1,0.029904,1,0.007476,1,144.727135907796,1,4.84730702876298,882,1,6.04400014877319,34.9070014953613,0.0299040004611015,0,139.561904907227,-85.7488,22.2702,16.5155035245262,63,63,63,63,61,63,0,9004,1.9064526870154,22,-86,0.001869,51,2024-04-30 22:29:22.002403,882,1.037,0.0011,"aoml_navis",1031.50057760546
"7901009",33,0,1,0.029904,1,0.007476,1,144.889327005782,1,4.84725964048213,884,1,6.03700017929077,34.9070014953613,0.0299040004611015,0,139.718307495117,-85.7488,22.2702,16.5155035245262,63,63,63,63,61,63,0,9004,1.9064526870154,22,-86,0.001869,51,2024-04-30 22:29:22.002403,884,1.037,0.0011,"aoml_navis",1031.51066186805
"7901009",33,0,1,0.031773,1,0.009345,1,145.189942272079,1,4.84721595017584,886,1,6.03000020980835,34.9059982299805,0.0317730009555817,0,140.008193969727,-85.7488,22.2702,16.5155035245262,63,63,63,63,61,63,0,9004,1.9064526870154,22,-86,0.001869,51,2024-04-30 22:29:22.002403,886,1.037,0.0011,"aoml_navis",1031.51995937351
"7901009",33,0,1,0.028035,1,0.005607,1,145.562538738839,1,4.847156737461,888,1,6.00600004196167,34.9059982299805,0.0280349999666214,0,140.367492675781,-85.7488,22.2702,16.5155035245262,63,63,63,63,61,63,0,9004,1.9064526870154,22,-86,0.001869,51,2024-04-30 22:29:22.002403,888,1.037,0.0011,"aoml_navis",1031.53256038901
"7901009",33,0,1,0.033642,1,0.011214,1,145.878629409412,1,4.84710379829171,890,1,5.99100017547607,34.9059982299805,0.0336420014500618,0,140.672302246094,-85.7488,22.2702,16.5155035245262,63,63,63,63,61,63,0,9004,1.9064526870154,22,-86,0.001869,51,2024-04-30 22:29:22.002403,890,1.037,0.0011,"aoml_navis",1031.54382659645
"7901009",33,0,1,0.031773,1,0.009345,1,146.265324634055,1,4.84704300590626,892,1,5.96999979019165,34.9070014953613,0.0317730009555817,0,141.045196533203,-85.7488,22.2702,16.5155035245262,63,63,63,63,61,63,0,9004,1.9064526870154,22,-86,0.001869,51,2024-04-30 22:29:22.002403,892,1.037,0.0011,"aoml_navis",1031.55676438343
"7901009",33,0,1,0.029904,1,0.007476,1,146.418907736207,1,4.84698939242818,894,1,5.9539999961853,34.9070014953613,0.0299040004611015,0,141.193298339844,-85.7488,22.2702,16.5155035245262,63,63,63,63,61,63,0,9004,1.9064526870154,22,-86,0.001869,51,2024-04-30 22:29:22.002403,894,1.037,0.0011,"aoml_navis",1031.56817463039
"7901009",33,0,1,0.031773,1,0.009345,1,146.518880746654,1,4.84693903640969,896,1,5.94799995422363,34.9080009460449,0.0317730009555817,0,141.289703369141,-85.7488,22.2702,16.5155035245262,63,63,63,63,61,63,0,9004,1.9064526870154,22,-86,0.001869,51,2024-04-30 22:29:22.002403,896,1.037,0.0011,"aoml_navis",1031.57889184092
"7901009",33,0,1,0.029904,1,0.007476,1,146.64508915617,1,4.84689375068677,898,1,5.94399976730347,34.9080009460449,0.0299040004611015,0,141.411407470703,-85.7488,22.2702,16.5155035245262,63,63,63,63,61,63,0,9004,1.9064526870154,22,-86,0.001869,51,2024-04-30 22:29:22.002403,898,1.037,0.0011,"aoml_navis",1031.58853013676
"7901009",33,0,1,0.029904,1,0.007476,1,146.745979930878,1,4.84684916033945,900,1,5.94099998474121,34.9080009460449,0.0299040004611015,0,141.508697509766,-85.7488,22.2702,16.5155035245262,63,63,63,63,61,63,0,9004,1.9064526870154,22,-86,0.001869,51,2024-04-30 22:29:22.002403,900,1.037,0.0011,"aoml_navis",1031.59802060971
"7901009",33,0,1,0.029904,1,0.007476,1,147.014457624492,1,4.84680964010893,902,1,5.94000005722046,34.9070014953613,0.0299040004611015,0,141.767593383789,-85.7488,22.2702,16.5155035245262,63,63,63,63,61,63,0,9004,1.9064526870154,22,-86,0.001869,51,2024-04-30 22:29:22.002403,902,1.037,0.0011,"aoml_navis",1031.6064321205
"7901009",33,0,1,0.028035,1,0.005607,1,147.381468388072,1,4.84676019962864,904,1,5.92999982833862,34.9070014953613,0.0280349999666214,0,142.121505737305,-85.7488,22.2702,16.5155035245262,63,63,63,63,61,63,0,9004,1.9064526870154,22,-86,0.001869,51,2024-04-30 22:29:22.002403,904,1.037,0.0011,"aoml_navis",1031.61695525665
"7901009",33,0,1,0.028035,1,0.005607,1,147.892188376229,1,4.84670660671619,906,1,5.91400003433228,34.9070014953613,0.0280349999666214,0,142.613998413086,-85.7488,22.2702,16.5155035245262,63,63,63,63,61,63,0,9004,1.9064526870154,22,-86,0.001869,51,2024-04-30 22:29:22.002403,906,1.037,0.0011,"aoml_navis",1031.62836245779
"7901009",33,0,1,0.031773,1,0.009345,1,148.457357102744,1,4.8466403496697,908,1,5.88500022888184,34.9080009460449,0.0317730009555817,0,143.158996582031,-85.7488,22.2702,16.5155035245262,63,63,63,63,61,63,0,9004,1.9064526870154,22,-86,0.001869,51,2024-04-30 22:29:22.002403,908,1.037,0.0011,"aoml_navis",1031.64246555673
"7901009",33,0,1,0.029904,1,0.007476,1,148.910637706931,1,4.84657895693052,910,1,5.86299991607666,34.9090003967285,0.0299040004611015,0,143.596099853516,-85.7488,22.2702,16.5155035245262,63,63,63,63,61,63,0,9004,1.9064526870154,22,-86,0.001869,51,2024-04-30 22:29:22.002403,910,1.037,0.0011,"aoml_navis",1031.655533611
"7901009",33,0,1,0.028035,1,0.005607,1,149.416800520823,1,4.84652954247014,912,1,5.85300016403198,34.9090003967285,0.0280349999666214,0,144.084197998047,-85.7488,22.2702,16.5155035245262,63,63,63,63,61,63,0,9004,1.9064526870154,22,-86,0.001869,51,2024-04-30 22:29:22.002403,912,1.037,0.0011,"aoml_navis",1031.66605221014
"7901009",33,0,1,0.031773,1,0.009345,1,150.08713237292,1,4.84647599308801,914,1,5.83699989318848,34.9090003967285,0.0317730009555817,0,144.730606079102,-85.7488,22.2702,16.5155035245262,63,63,63,63,61,63,0,9004,1.9064526870154,22,-86,0.001869,51,2024-04-30 22:29:22.002403,914,1.037,0.0011,"aoml_navis",1031.67745123074
"7901009",33,0,1,0.029904,1,0.007476,1,150.785550976132,1,4.84641694316478,916,1,5.81300020217896,34.9090003967285,0.0299040004611015,0,145.404098510742,-85.7488,22.2702,16.5155035245262,63,63,63,63,61,63,0,9004,1.9064526870154,22,-86,0.001869,51,2024-04-30 22:29:22.002403,916,1.037,0.0011,"aoml_navis",1031.69002143982
"7901009",33,0,1,0.029904,1,0.007476,1,151.372603633234,1,4.84634299041527,918,1,5.77799987792969,34.9109992980957,0.0299040004611015,0,145.970199584961,-85.7488,22.2702,16.5155035245262,63,63,63,63,61,63,0,9004,1.9064526870154,22,-86,0.001869,51,2024-04-30 22:29:22.002403,918,1.037,0.0011,"aoml_navis",1031.70576450916
"7901009",33,0,1,0.026166,1,0.003738,1,151.723110463624,1,4.84627270024905,920.099975585938,1,5.74599981307983,34.9119987487793,0.0261659994721413,0,146.308197021484,-85.7488,22.2702,16.5155035245262,63,63,63,63,61,63,0,9004,1.9064526870154,22,-86,0.001869,51,2024-04-30 22:29:22.002403,920.099975585938,1.037,0.0011,"aoml_navis",1031.72072833273
"7901009",33,0,1,0.028035,1,0.005607,1,151.959972760771,1,4.846222638922,922.099975585938,1,5.7350001335144,34.9119987487793,0.0280349999666214,0,146.536605834961,-85.7488,22.2702,16.5155035245262,63,63,63,63,61,63,0,9004,1.9064526870154,22,-86,0.001869,51,2024-04-30 22:29:22.002403,922.099975585938,1.037,0.0011,"aoml_navis",1031.73138597533
"7901009",33,0,1,0.026166,1,0.003738,1,152.252929442539,1,4.84617102479534,924,1,5.72399997711182,34.9129981994629,0.0261659994721413,0,146.819107055664,-85.7488,22.2702,16.5155035245262,63,63,63,63,61,63,0,9004,1.9064526870154,22,-86,0.001869,51,2024-04-30 22:29:22.002403,924,1.037,0.0011,"aoml_navis",1031.74237442665
"7901009",33,0,1,0.026166,1,0.003738,1,152.53924024517,1,4.84611960268188,926,1,5.71099996566772,34.9129981994629,0.0261659994721413,0,147.095199584961,-85.7488,22.2702,16.5155035245262,63,63,63,63,61,63,0,9004,1.9064526870154,22,-86,0.001869,51,2024-04-30 22:29:22.002403,926,1.037,0.0011,"aoml_navis",1031.75332223187
"7901009",33,0,1,0.031773,1,0.009345,1,152.94845234127,1,4.84607092308711,928,1,5.7020001411438,34.9129981994629,0.0317730009555817,0,147.489807128906,-85.7488,22.2702,16.5155035245262,63,63,63,63,61,63,0,9004,1.9064526870154,22,-86,0.001869,51,2024-04-30 22:29:22.002403,928,1.037,0.0011,"aoml_navis",1031.76368636694
"7901009",33,0,1,0.033642,1,0.011214,1,153.441956337758,1,4.84601267542264,930,1,5.67899990081787,34.9129981994629,0.0336420014500618,0,147.965698242188,-85.7488,22.2702,16.5155035245262,63,63,63,63,61,63,0,9004,1.9064526870154,22,-86,0.001869,51,2024-04-30 22:29:22.002403,930,1.037,0.0011,"aoml_navis",1031.7760878667
"7901009",33,0,1,0.031773,1,0.009345,1,153.867023602656,1,4.84594570425151,932,1,5.65399980545044,34.9150009155273,0.0317730009555817,0,148.375595092773,-85.7488,22.2702,16.5155035245262,63,63,63,63,61,63,0,9004,1.9064526870154,22,-86,0.001869,51,2024-04-30 22:29:22.002403,932,1.037,0.0011,"aoml_navis",1031.79034705513
"7901009",33,0,1,0.031773,1,0.009345,1,154.144837174105,1,4.84589226868492,934,1,5.63800001144409,34.9150009155273,0.0317730009555817,0,148.643493652344,-85.7488,22.2702,16.5155035245262,63,63,63,63,61,63,0,9004,1.9064526870154,22,-86,0.001869,51,2024-04-30 22:29:22.002403,934,1.037,0.0011,"aoml_navis",1031.80172458867
"7901009",33,0,1,0.028035,1,0.005607,1,154.3774429439,1,4.84584429204183,936,1,5.63000011444092,34.9150009155273,0.0280349999666214,0,148.867797851562,-85.7488,22.2702,16.5155035245262,63,63,63,63,61,63,0,9004,1.9064526870154,22,-86,0.001869,51,2024-04-30 22:29:22.002403,936,1.037,0.0011,"aoml_navis",1031.81194001865
"7901009",33,0,1,0.028035,1,0.005607,1,154.684925618639,1,4.84578786775307,938,1,5.61499977111816,34.9160003662109,0.0280349999666214,0,149.164306640625,-85.7488,22.2702,16.5155035245262,63,63,63,63,61,63,0,9004,1.9064526870154,22,-86,0.001869,51,2024-04-30 22:29:22.002403,938,1.037,0.0011,"aoml_navis",1031.82395442301
"7901009",33,0,1,0.028035,1,0.005607,1,154.955159723167,1,4.84573445378777,940,1,5.59899997711182,34.9160003662109,0.0280349999666214,0,149.424896240234,-85.7488,22.2702,16.5155035245262,63,63,63,63,61,63,0,9004,1.9064526870154,22,-86,0.001869,51,2024-04-30 22:29:22.002403,940,1.037,0.0011,"aoml_navis",1031.83532809802
"7901009",33,0,1,0.028035,1,0.005607,1,155.130421050123,1,4.84568580794939,942,1,5.59000015258789,34.9160003662109,0.0280349999666214,0,149.593902587891,-85.7488,22.2702,16.5155035245262,63,63,63,63,61,63,0,9004,1.9064526870154,22,-86,0.001869,51,2024-04-30 22:29:22.002403,942,1.037,0.0011,"aoml_navis",1031.84568669257
"7901009",33,0,1,0.031773,1,0.009345,1,155.259319458337,1,4.84563756221791,944,1,5.58699989318848,34.9169998168945,0.0317730009555817,0,149.718200683594,-85.7488,22.2702,16.5155035245262,63,63,63,63,61,63,0,9004,1.9064526870154,22,-86,0.001869,51,2024-04-30 22:29:22.002403,944,1.037,0.0011,"aoml_navis",1031.8559602942
"7901009",33,0,1,0.028035,1,0.005607,1,155.618545049214,1,4.84559464287744,946,1,5.58099985122681,34.9160003662109,0.0280349999666214,0,150.064605712891,-85.7488,22.2702,16.5155035245262,63,63,63,63,61,63,0,9004,1.9064526870154,22,-86,0.001869,51,2024-04-30 22:29:22.002403,946,1.037,0.0011,"aoml_navis",1031.8650998489
"7901009",33,0,1,0.029904,1,0.007476,1,156.052631721512,1,4.84553688528893,948,1,5.56400012969971,34.9169998168945,0.0299040004611015,0,150.483200073242,-85.7488,22.2702,16.5155035245262,63,63,63,63,61,63,0,9004,1.9064526870154,22,-86,0.001869,51,2024-04-30 22:29:22.002403,948,1.037,0.0011,"aoml_navis",1031.87739942297
"7901009",33,0,1,0.029904,1,0.007476,1,156.348594872414,1,4.84547981624677,950,1,5.5479998588562,34.9179992675781,0.0299040004611015,0,150.768600463867,-85.7488,22.2702,16.5155035245262,63,63,63,63,61,63,0,9004,1.9064526870154,22,-86,0.001869,51,2024-04-30 22:29:22.002403,950,1.037,0.0011,"aoml_navis",1031.88955265795
"7901009",33,0,1,0.026166,1,0.003738,1,156.575282645072,1,4.84543322277671,952,1,5.54199981689453,34.9179992675781,0.0261659994721413,0,150.987197875977,-85.7488,22.2702,16.5155035245262,63,63,63,63,61,63,0,9004,1.9064526870154,22,-86,0.001869,51,2024-04-30 22:29:22.002403,952,1.037,0.0011,"aoml_navis",1031.89947526193
"7901009",33,0,1,0.033642,1,0.011214,1,156.839614575986,1,4.84538663127491,954,1,5.53599977493286,34.9179992675781,0.0336420014500618,0,151.242095947266,-85.7488,22.2702,16.5155035245262,63,63,63,63,61,63,0,9004,1.9064526870154,22,-86,0.001869,51,2024-04-30 22:29:22.002403,954,1.037,0.0011,"aoml_navis",1031.90939763756
"7901009",33,0,1,0.026166,1,0.003738,1,157.055732236113,1,4.84533936335762,956,1,5.52899980545044,34.9179992675781,0.0261659994721413,0,151.450500488281,-85.7488,22.2702,16.5155035245262,63,63,63,63,61,63,0,9004,1.9064526870154,22,-86,0.001869,51,2024-04-30 22:29:22.002403,956,1.037,0.0011,"aoml_navis",1031.91946426126
"7901009",33,0,1,0.033642,1,0.011214,1,157.317579874111,1,4.84528841560109,958,1,5.52199983596802,34.9189987182617,0.0336420014500618,0,151.703002929688,-85.7488,22.2702,16.5155035245262,63,63,63,63,61,63,0,9004,1.9064526870154,22,-86,0.001869,51,2024-04-30 22:29:22.002403,958,1.037,0.0011,"aoml_navis",1031.93031479834
"7901009",33,0,1,0.031773,1,0.009345,1,157.59892209091,1,4.84524318692828,960,1,5.51800012588501,34.9189987182617,0.0317730009555817,0,151.974304199219,-85.7488,22.2702,16.5155035245262,63,63,63,63,61,63,0,9004,1.9064526870154,22,-86,0.001869,51,2024-04-30 22:29:22.002403,960,1.037,0.0011,"aoml_navis",1031.93994751166
"7901009",33,0,1,0.029904,1,0.007476,1,157.962910561835,1,4.84519592527696,962,1,5.51100015640259,34.9189987182617,0.0299040004611015,0,152.325302124023,-85.7488,22.2702,16.5155035245262,63,63,63,63,61,63,0,9004,1.9064526870154,22,-86,0.001869,51,2024-04-30 22:29:22.002403,962,1.037,0.0011,"aoml_navis",1031.95001339687
"7901009",33,0,1,0.029904,1,0.007476,1,158.463266143243,1,4.84515370359523,964,1,5.50600004196167,34.9179992675781,0.0299040004611015,0,152.807800292969,-85.7488,22.2702,16.5155035245262,63,63,63,63,61,63,0,9004,1.9064526870154,22,-86,0.001869,51,2024-04-30 22:29:22.002403,964,1.037,0.0011,"aoml_navis",1031.9590060249
"7901009",33,0,1,0.033642,1,0.011214,1,159.160751158672,1,4.84509395565455,966,1,5.48600006103516,34.9189987182617,0.0336420014500618,0,153.480392456055,-85.7488,22.2702,16.5155035245262,63,63,63,63,61,63,0,9004,1.9064526870154,22,-86,0.001869,51,2024-04-30 22:29:22.002403,966,1.037,0.0011,"aoml_navis",1031.97173176893
"7901009",33,0,1,0.028035,1,0.005607,1,159.649603039763,1,4.8450230878183,968,1,5.45499992370605,34.9210014343262,0.0280349999666214,0,153.951797485352,-85.7488,22.2702,16.5155035245262,63,63,63,63,61,63,0,9004,1.9064526870154,22,-86,0.001869,51,2024-04-30 22:29:22.002403,968,1.037,0.0011,"aoml_navis",1031.98682635205
"7901009",33,0,1,0.029904,1,0.007476,1,159.863331348105,1,4.84497516476599,970,1,5.44700002670288,34.9210014343262,0.0299040004611015,0,154.157897949219,-85.7488,22.2702,16.5155035245262,63,63,63,63,61,63,0,9004,1.9064526870154,22,-86,0.001869,51,2024-04-30 22:29:22.002403,970,1.037,0.0011,"aoml_navis",1031.99703403258
"7901009",33,0,1,0.028035,1,0.005607,1,160.101744350384,1,4.8449292709342,972,1,5.44199991226196,34.9210014343262,0.0280349999666214,0,154.387802124023,-85.7488,22.2702,16.5155035245262,63,63,63,63,61,63,0,9004,1.9064526870154,22,-86,0.001869,51,2024-04-30 22:29:22.002403,972,1.037,0.0011,"aoml_navis",1032.00680967545
"7901009",33,0,1,0.028035,1,0.005607,1,160.343986644928,1,4.84488473048135,974,1,5.43900012969971,34.9210014343262,0.0280349999666214,0,154.621398925781,-85.7488,22.2702,16.5155035245262,63,63,63,63,61,63,0,9004,1.9064526870154,22,-86,0.001869,51,2024-04-30 22:29:22.002403,974,1.037,0.0011,"aoml_navis",1032.01629721813
"7901009",33,0,1,0.029904,1,0.007476,1,160.796539367115,1,4.84483042986885,976,1,5.42700004577637,34.9220008850098,0.0299040004611015,0,155.057800292969,-85.7488,22.2702,16.5155035245262,63,63,63,63,61,63,0,9004,1.9064526870154,22,-86,0.001869,51,2024-04-30 22:29:22.002403,976,1.037,0.0011,"aoml_navis",1032.02786400418
"7901009",33,99999,9,99999,9,99999,9,161.00705550054,1,4.84477846641806,978,1,5.41300010681152,34.9220008850098,99999,99999,155.260803222656,-85.7488,22.2702,16.5155035245262,63,63,63,63,61,63,0,9004,1.9064526870154,22,-86,0.001869,51,2024-04-30 22:29:22.002403,978,1.037,0.0011,"aoml_navis",1032.03893318505
"7901009",33,0,1,0.022428,1,0,1,166.041941887691,1,4.84423130913807,999.799987792969,1,5.31040000915527,34.9259986877441,0.0224280003458261,0,160.115997314453,-85.7488,22.2702,16.5155035245262,63,63,63,63,61,63,0,9004,1.9064526870154,22,-86,0.001869,51,2024-04-30 22:29:22.002403,999.799987792969,1.037,0.0011,"aoml_navis",1032.15550227094
"7901009",33,0,1,0.033642,1,0.011214,1,174.427522300501,1,4.84294713279757,1049.80004882812,1,5.03350019454956,34.9360008239746,0.0336420014500618,0,168.202301025391,-85.7488,22.2702,16.5155035245262,63,63,63,63,61,63,0,9004,1.9064526870154,22,-86,0.001869,51,2024-04-30 22:29:22.002403,1049.80004882812,1.037,0.0011,"aoml_navis",1032.42919298847
"7901009",33,0,1,0.028035,1,0.005607,1,182.298537609368,1,4.84171875864689,1099,1,4.80049991607666,34.9440002441406,0.0280349999666214,0,175.792404174805,-85.7488,22.2702,16.5155035245262,63,63,63,63,61,63,0,9004,1.9064526870154,22,-86,0.001869,51,2024-04-30 22:29:22.002403,1099,1.037,0.0011,"aoml_navis",1032.69112669348
"7901009",33,0,4,0.024297,1,0.001869,1,188.415958590328,1,4.8405145252037,1149.90002441406,1,4.64559984207153,34.9500007629395,0.0242970008403063,0,181.691497802734,-85.7488,22.2702,16.5155035245262,63,63,63,63,61,63,0,9004,1.9064526870154,22,-86,0.001869,51,2024-04-30 22:29:22.002403,1149.90002441406,1.037,0.0011,"aoml_navis",1032.94804177653
"7901009",33,0,1,0.035511,1,0.013083,1,192.668846532358,1,4.83937814093546,1199.5,1,4.53919982910156,34.9539985656738,0.0355109982192516,0,185.792602539062,-85.7488,22.2702,16.5155035245262,63,63,63,63,61,63,0,9004,1.9064526870154,22,-86,0.001869,51,2024-04-30 22:29:22.002403,1199.5,1.037,0.0011,"aoml_navis",1033.19059895441
"7901009",33,0,1,0.035511,1,0.013083,1,195.837221940359,1,4.83825279381506,1249.19995117188,1,4.45130014419556,34.9580001831055,0.0355109982192516,0,188.847900390625,-85.7488,22.2702,16.5155035245262,63,63,63,63,61,63,0,9004,1.9064526870154,22,-86,0.001869,51,2024-04-30 22:29:22.002403,1249.19995117188,1.037,0.0011,"aoml_navis",1033.43091257896
"7901009",33,0,4,0.024297,1,0.001869,1,198.670534275204,1,4.83713520586851,1299.80004882812,1,4.39139986038208,34.9599990844727,0.0242970008403063,0,191.580093383789,-85.7488,22.2702,16.5155035245262,63,63,63,63,61,63,0,9004,1.9064526870154,22,-86,0.001869,51,2024-04-30 22:29:22.002403,1299.80004882812,1.037,0.0011,"aoml_navis",1033.66967992416
"7901009",33,0,1,0.031773,1,0.009345,1,200.403700436525,1,4.83605472199553,1349.40002441406,1,4.35949993133545,34.9630012512207,0.0317730009555817,0,193.251403808594,-85.7488,22.2702,16.5155035245262,63,63,63,63,61,63,0,9004,1.9064526870154,22,-86,0.001869,51,2024-04-30 22:29:22.002403,1349.40002441406,1.037,0.0011,"aoml_navis",1033.9006250816
"7901009",33,0,1,0.035511,1,0.013083,1,201.026830723228,1,4.83498638790655,1399.69995117188,1,4.35510015487671,34.9640007019043,0.0355109982192516,0,193.852294921875,-85.7488,22.2702,16.5155035245262,63,63,63,63,61,63,0,9004,1.9064526870154,22,-86,0.001869,51,2024-04-30 22:29:22.002403,1399.69995117188,1.037,0.0011,"aoml_navis",1034.12907480074
"7901009",33,0,1,0.028035,1,0.005607,1,201.592632390614,1,4.83394640092431,1448.80004882812,1,4.34749984741211,34.9640007019043,0.0280349999666214,0,194.397903442383,-85.7488,22.2702,16.5155035245262,63,63,63,63,61,63,0,9004,1.9064526870154,22,-86,0.001869,51,2024-04-30 22:29:22.002403,1448.80004882812,1.037,0.0011,"aoml_navis",1034.35155984434
"7901009",33,0,1,0.024297,1,0.001869,1,202.420376637128,1,4.83287803431886,1499,1,4.33540010452271,34.9650001525879,0.0242970008403063,0,195.196105957031,-85.7488,22.2702,16.5155035245262,63,63,63,63,61,63,0,9004,1.9064526870154,22,-86,0.001869,51,2024-04-30 22:29:22.002403,1499,1.037,0.0011,"aoml_navis",1034.58021586607
"7901009",33,0,1,0.026166,1,0.003738,1,203.448873904144,1,4.83181114853681,1549.40002441406,1,4.32950019836426,34.9659996032715,0.0261659994721413,0,196.187896728516,-85.7488,22.2702,16.5155035245262,63,63,63,63,61,63,0,9004,1.9064526870154,22,-86,0.001869,51,2024-04-30 22:29:22.002403,1549.40002441406,1.037,0.0011,"aoml_navis",1034.80865586274
"7901009",33,0,1,0.029904,1,0.007476,1,204.895396968878,1,4.83075574168513,1599.30004882812,1,4.32280015945435,34.9669990539551,0.0299040004611015,0,197.582794189453,-85.7488,22.2702,16.5155035245262,63,63,63,63,61,63,0,9004,1.9064526870154,22,-86,0.001869,51,2024-04-30 22:29:22.002403,1599.30004882812,1.037,0.0011,"aoml_navis",1035.0347372885
"7901009",33,0,1,0.029904,1,0.007476,1,204.329500360362,1,4.82969183692289,1649.5,1,4.31069993972778,34.9679985046387,0.0299040004611015,0,197.037094116211,-85.7488,22.2702,16.5155035245262,63,63,63,63,61,63,0,9004,1.9064526870154,22,-86,0.001869,51,2024-04-30 22:29:22.002403,1649.5,1.037,0.0011,"aoml_navis",1035.26273907894
"7901009",34,0.0156856764417351,1,0.052332,1,0.029904,1,192.716297540516,1,4.88763464596346,2.40000009536743,1,28.9850006103516,36.2120018005371,0.0523319989442825,0.0392489992082119,185.838302612305,-85.6715,22.264,21.8613997621818,63,63,63,63,61,63,0.029904,9004,1.9064526870154,22,-86,0.001869,51,2024-05-11 04:46:59.000496,2.40000009536743,1.037,0.0011,"aoml_navis",1022.9897204222
"7901009",34,0.0156856764417351,1,0.052332,1,0.029904,1,192.662782373402,1,4.88760519486643,4,1,28.9869995117188,36.2120018005371,0.0523319989442825,0.0392489992082119,185.786697387695,-85.6715,22.264,21.8613997621818,63,63,63,63,61,63,0.029904,9004,1.9064526870154,22,-86,0.001869,51,2024-05-11 04:46:59.000496,4,1.037,0.0011,"aoml_navis",1022.99588462088
"7901009",34,0.0147053216641266,1,0.050463,1,0.028035,1,192.606055030379,1,4.88757560164246,6,1,28.9939994812012,36.2120018005371,0.0504629984498024,0.0373799987137318,185.731994628906,-85.6715,22.264,21.8613997621818,63,63,63,63,61,63,0.028035,9004,1.9064526870154,22,-86,0.001869,51,2024-05-11 04:46:59.000496,6,1.037,0.0011,"aoml_navis",1023.00207864197
"7901009",34,0.0166660312193435,1,0.054201,1,0.031773,1,192.556701450773,1,4.88753318380742,8,1,28.9930000305176,36.2120018005371,0.0542009994387627,0.041117999702692,185.68440246582,-85.6715,22.264,21.8613997621818,63,63,63,63,61,63,0.031773,9004,1.9064526870154,22,-86,0.001869,51,2024-05-11 04:46:59.000496,8,1.037,0.0011,"aoml_navis",1023.010957054
"7901009",34,0.0156856764417351,1,0.052332,1,0.029904,1,192.616324499172,1,4.88746909786554,10,1,28.9740009307861,36.2099990844727,0.0523319989442825,0.0392489992082119,185.741897583008,-85.6715,22.264,21.8613997621818,63,63,63,63,61,63,0.029904,9004,1.9064526870154,22,-86,0.001869,51,2024-05-11 04:46:59.000496,10,1.037,0.0011,"aoml_navis",1023.02437107656
"7901009",34,0.0137249668865182,1,0.048594,1,0.026166,1,192.569249507402,1,4.88742225542891,12,1,28.9680004119873,36.2089996337891,0.0485940016806126,0.0355109982192516,185.696502685547,-85.6715,22.264,21.8613997621818,63,63,63,63,61,63,0.026166,9004,1.9064526870154,22,-86,0.001869,51,2024-05-11 04:46:59.000496,12,1.037,0.0011,"aoml_navis",1023.03417603135
"7901009",34,0.0156856764417351,1,0.052332,1,0.029904,1,192.553378510177,1,4.88737984080953,14,1,28.9669990539551,36.2089996337891,0.0523319989442825,0.0392489992082119,185.681198120117,-85.6715,22.264,21.8613997621818,63,63,63,63,61,63,0.029904,9004,1.9064526870154,22,-86,0.001869,51,2024-05-11 04:46:59.000496,14,1.037,0.0011,"aoml_navis",1023.04305432741
"7901009",34,0.0156856764417351,1,0.052332,1,0.029904,1,192.757264651,1,4.88728129286194,16,1,28.9220008850098,36.2050018310547,0.0523319989442825,0.0392489992082119,185.877807617188,-85.6715,22.264,21.8613997621818,63,63,63,63,61,63,0.029904,9004,1.9064526870154,22,-86,0.001869,51,2024-05-11 04:46:59.000496,16,1.037,0.0011,"aoml_navis",1023.06368313661
"7901009",34,0.0147053216641266,1,0.050463,1,0.028035,1,192.787440116312,1,4.88722244124568,18,1,28.9039993286133,36.2019996643066,0.0504629984498024,0.0373799987137318,185.90690612793,-85.6715,22.264,21.8613997621818,63,63,63,63,61,63,0.028035,9004,1.9064526870154,22,-86,0.001869,51,2024-05-11 04:46:59.000496,18,1.037,0.0011,"aoml_navis",1023.07600280326
"7901009",34,0.0166660312193435,1,0.054201,1,0.031773,1,192.781727823194,1,4.88717600617941,20,1,28.8959999084473,36.2000007629395,0.0542009994387627,0.041117999702692,185.901397705078,-85.6715,22.264,21.8613997621818,63,63,63,63,61,63,0.031773,9004,1.9064526870154,22,-86,0.001869,51,2024-05-11 04:46:59.000496,20,1.037,0.0011,"aoml_navis",1023.08572346851
"7901009",34,0.0235285146626026,1,0.067284,1,0.044856,1,192.815843346641,1,4.88710917530871,22,1,28.8729991912842,36.1969985961914,0.0672840029001236,0.0542009994387627,185.934295654297,-85.6715,22.264,21.8613997621818,63,63,63,63,61,63,0.044856,9004,1.9064526870154,22,-86,0.001869,51,2024-05-11 04:46:59.000496,22,1.037,0.0011,"aoml_navis",1023.09971409308
"7901009",34,0.0156856764417351,1,0.052332,1,0.029904,1,192.97036008433,1,4.88698722806226,24,1,28.8199996948242,36.1959991455078,0.0523319989442825,0.0392489992082119,186.083297729492,-85.6715,22.264,21.8613997621818,63,63,63,63,61,63,0.029904,9004,1.9064526870154,22,-86,0.001869,51,2024-05-11 04:46:59.000496,24,1.037,0.0011,"aoml_navis",1023.12524397215
"7901009",34,0.017646385996952,1,0.05607,1,0.033642,1,192.897872508769,1,4.88691448781438,26,1,28.8090000152588,36.2000007629395,0.0560699999332428,0.0429870001971722,186.013397216797,-85.6715,22.264,21.8613997621818,63,63,63,63,61,63,0.033642,9004,1.9064526870154,22,-86,0.001869,51,2024-05-11 04:46:59.000496,26,1.037,0.0011,"aoml_navis",1023.14047288276
"7901009",34,0.0156856764417351,1,0.052332,1,0.029904,1,192.888742333895,1,4.88685813170572,28,1,28.8059997558594,36.2029991149902,0.0523319989442825,0.0392489992082119,186.004592895508,-85.6715,22.264,21.8613997621818,63,63,63,63,61,63,0.029904,9004,1.9064526870154,22,-86,0.001869,51,2024-05-11 04:46:59.000496,28,1.037,0.0011,"aoml_navis",1023.15227191889
"7901009",34,0.0166660312193435,1,0.054201,1,0.031773,1,192.886574510744,1,4.88679977728196,30,1,28.8040008544922,36.2070007324219,0.0542009994387627,0.041117999702692,186.002502441406,-85.6715,22.264,21.8613997621818,63,63,63,63,61,63,0.031773,9004,1.9064526870154,22,-86,0.001869,51,2024-05-11 04:46:59.000496,30,1.037,0.0011,"aoml_navis",1023.16448962045
"7901009",34,0.0215678051073857,1,0.063546,1,0.041118,1,192.868630631529,1,4.88674303314808,32,1,28.80299949646,36.2109985351562,0.0635460019111633,0.0504629984498024,185.985198974609,-85.6715,22.264,21.8613997621818,63,63,63,63,61,63,0.041118,9004,1.9064526870154,22,-86,0.001869,51,2024-05-11 04:46:59.000496,32,1.037,0.0011,"aoml_navis",1023.17637045444
"7901009",34,0.0215678051073857,1,0.063546,1,0.041118,1,193.093451298103,1,4.88661488177847,34,1,28.7910003662109,36.2299995422363,0.0635460019111633,0.0504629984498024,186.201995849609,-85.6715,22.264,21.8613997621818,63,63,63,63,61,63,0.041118,9004,1.9064526870154,22,-86,0.001869,51,2024-05-11 04:46:59.000496,34,1.037,0.0011,"aoml_navis",1023.20320323264
"7901009",34,0.0274499337730364,1,0.07476,1,0.052332,1,194.669300493168,1,4.88632100774599,36,1,28.6299991607666,36.2290000915527,0.0747599974274635,0.0616770014166832,187.721603393555,-85.6715,22.264,21.8613997621818,63,63,63,63,61,63,0.052332,9004,1.9064526870154,22,-86,0.001869,51,2024-05-11 04:46:59.000496,36,1.037,0.0011,"aoml_navis",1023.26474091117
"7901009",34,0.0313713528834701,1,0.082236,1,0.059808,1,195.596179389935,1,4.8860116118421,38,1,28.4790000915527,36.2369995117188,0.0822359994053841,0.0691530033946037,188.61540222168,-85.6715,22.264,21.8613997621818,63,63,63,63,61,63,0.059808,9004,1.9064526870154,22,-86,0.001869,51,2024-05-11 04:46:59.000496,38,1.037,0.0011,"aoml_navis",1023.32953689296
"7901009",34,0.0294106433282533,1,0.078498,1,0.05607,1,195.894531984829,1,4.88591173643725,40,1,28.4440002441406,36.2379989624023,0.0784979984164238,0.0654150024056435,188.903106689453,-85.6715,22.264,21.8613997621818,63,63,63,63,61,63,0.05607,9004,1.9064526870154,22,-86,0.001869,51,2024-05-11 04:46:59.000496,40,1.037,0.0011,"aoml_navis",1023.35045529208
"7901009",34,0.0313713528834701,1,0.082236,1,0.059808,1,195.882601045739,1,4.88579691344344,42,1,28.3950004577637,36.2369995117188,0.0822359994053841,0.0691530033946037,188.8916015625,-85.6715,22.264,21.8613997621818,63,63,63,63,61,63,0.059808,9004,1.9064526870154,22,-86,0.001869,51,2024-05-11 04:46:59.000496,42,1.037,0.0011,"aoml_navis",1023.37450544502
"7901009",34,0.0343124172162955,1,0.087843,1,0.065415,1,196.015850963617,1,4.88569416275745,44,1,28.3740005493164,36.2449989318848,0.0878430008888245,0.0747599974274635,189.020095825195,-85.6715,22.264,21.8613997621818,63,63,63,63,61,63,0.065415,9004,1.9064526870154,22,-86,0.001869,51,2024-05-11 04:46:59.000496,44,1.037,0.0011,"aoml_navis",1023.39602796136
"7901009",34,0.0372534815491208,1,0.09345,1,0.071022,1,196.3963276618,1,4.88563979178417,46,1,28.3449993133545,36.2360000610352,0.0934500023722649,0.0803669989109039,189.386993408203,-85.6715,22.264,21.8613997621818,63,63,63,63,61,63,0.071022,9004,1.9064526870154,22,-86,0.001869,51,2024-05-11 04:46:59.000496,46,1.037,0.0011,"aoml_navis",1023.40741706094
"7901009",34,0.0431356102147714,1,0.104664,1,0.082236,1,196.807296295828,1,4.88553462708774,48,1,28.2770004272461,36.2239990234375,0.104663997888565,0.0915810018777847,189.783294677734,-85.6715,22.264,21.8613997621818,63,63,63,63,61,63,0.082236,9004,1.9064526870154,22,-86,0.001869,51,2024-05-11 04:46:59.000496,48,1.037,0.0011,"aoml_navis",1023.42944665208
"7901009",34,0.0460766745475968,1,0.110271,1,0.087843,1,196.860494992409,1,4.88540399267609,50,1,28.2360000610352,36.2309989929199,0.110270999372005,0.0971880033612251,189.834594726562,-85.6715,22.264,21.8613997621818,63,63,63,63,61,63,0.087843,9004,1.9064526870154,22,-86,0.001869,51,2024-05-11 04:46:59.000496,50,1.037,0.0011,"aoml_navis",1023.45681288501
"7901009",34,0.0529391579908559,1,0.123354,1,0.100926,1,196.974883266527,1,4.88504862750998,52,1,28.0590000152588,36.2410011291504,0.123354002833366,0.110270999372005,189.944900512695,-85.6715,22.264,21.8613997621818,63,63,63,63,61,63,0.100926,9004,1.9064526870154,22,-86,0.001869,51,2024-05-11 04:46:59.000496,52,1.037,0.0011,"aoml_navis",1023.53126473351
"7901009",34,0.0607819962117234,1,0.138306,1,0.115878,1,197.561730399216,1,4.88490106328584,54,1,27.9909992218018,36.2410011291504,0.138306006789207,0.125222995877266,190.510803222656,-85.6715,22.264,21.8613997621818,63,63,63,63,61,63,0.115878,9004,1.9064526870154,22,-86,0.001869,51,2024-05-11 04:46:59.000496,54,1.037,0.0011,"aoml_navis",1023.56218380332
"7901009",34,0.0598016414341149,1,0.136437,1,0.114009,1,197.613362566659,1,4.88479056692608,56,1,27.9580001831055,36.2459983825684,0.136436998844147,0.123354002833366,190.560592651367,-85.6715,22.264,21.8613997621818,63,63,63,63,61,63,0.114009,9004,1.9064526870154,22,-86,0.001869,51,2024-05-11 04:46:59.000496,56,1.037,0.0011,"aoml_navis",1023.58533728221
"7901009",34,0.0686248344325909,1,0.153258,1,0.13083,1,197.585687218557,1,4.88459186975316,58,1,27.886999130249,36.2589988708496,0.153257995843887,0.140174999833107,190.533905029297,-85.6715,22.264,21.8613997621818,63,63,63,63,61,63,0.13083,9004,1.9064526870154,22,-86,0.001869,51,2024-05-11 04:46:59.000496,58,1.037,0.0011,"aoml_navis",1023.6269750522
"7901009",34,0.0803890917638922,1,0.175686,1,0.153258,1,197.399855721636,1,4.88444615638711,60,1,27.8360004425049,36.265998840332,0.175686001777649,0.162603005766869,190.354705810547,-85.6715,22.264,21.8613997621818,63,63,63,63,61,63,0.153258,9004,1.9064526870154,22,-86,0.001869,51,2024-05-11 04:46:59.000496,60,1.037,0.0011,"aoml_navis",1023.65751201122
"7901009",34,0.0803890917638922,1,0.175686,1,0.153258,1,197.358271493613,1,4.88431973733705,62,1,27.7950000762939,36.2719993591309,0.175686001777649,0.162603005766869,190.314605712891,-85.6715,22.264,21.8613997621818,63,63,63,63,61,63,0.153258,9004,1.9064526870154,22,-86,0.001869,51,2024-05-11 04:46:59.000496,62,1.037,0.0011,"aoml_navis",1023.68400696184
"7901009",34,0.084310510874326,1,0.183162,1,0.160734,1,197.234341632928,1,4.88424114204924,64,1,27.7800006866455,36.2760009765625,0.183162003755569,0.170078992843628,190.195098876953,-85.6715,22.264,21.8613997621818,63,63,63,63,61,63,0.160734,9004,1.9064526870154,22,-86,0.001869,51,2024-05-11 04:46:59.000496,64,1.037,0.0011,"aoml_navis",1023.70047968233
"7901009",34,0.0803890917638922,1,0.175686,1,0.153258,1,197.01448955372,1,4.8841925325463,66,1,27.7749996185303,36.2760009765625,0.175686001777649,0.162603005766869,189.983093261719,-85.6715,22.264,21.8613997621818,63,63,63,63,61,63,0.153258,9004,1.9064526870154,22,-86,0.001869,51,2024-05-11 04:46:59.000496,66,1.037,0.0011,"aoml_navis",1023.71066797265
"7901009",34,0.084310510874326,1,0.183162,1,0.160734,1,196.756075540078,1,4.88415017350212,68,1,27.7740001678467,36.2760009765625,0.183162003755569,0.170078992843628,189.733901977539,-85.6715,22.264,21.8613997621818,63,63,63,63,61,63,0.160734,9004,1.9064526870154,22,-86,0.001869,51,2024-05-11 04:46:59.000496,68,1.037,0.0011,"aoml_navis",1023.71954636579
"7901009",34,0.0862712204295429,1,0.1869,1,0.164472,1,196.617635505459,1,4.88409705233875,70,1,27.7730007171631,36.2789993286133,0.18690000474453,0.173816993832588,189.600402832031,-85.6715,22.264,21.8613997621818,63,63,63,63,61,63,0.164472,9004,1.9064526870154,22,-86,0.001869,51,2024-05-11 04:46:59.000496,70,1.037,0.0011,"aoml_navis",1023.7306807009
"7901009",34,0.0882319299847598,1,0.190638,1,0.16821,1,196.684838023121,1,4.88399804208122,72,1,27.738000869751,36.2799987792969,0.19063800573349,0.177554994821548,189.66520690918,-85.6715,22.264,21.8613997621818,63,63,63,63,61,63,0.16821,9004,1.9064526870154,22,-86,0.001869,51,2024-05-11 04:46:59.000496,72,1.037,0.0011,"aoml_navis",1023.75143415687
"7901009",34,0.093133703872802,1,0.199983,1,0.177555,1,196.68555008182,1,4.88386382663816,74,1,27.6849994659424,36.2830009460449,0.19998300075531,0.18690000474453,189.665893554688,-85.6715,22.264,21.8613997621818,63,63,63,63,61,63,0.177555,9004,1.9064526870154,22,-86,0.001869,51,2024-05-11 04:46:59.000496,74,1.037,0.0011,"aoml_navis",1023.77956828534
"7901009",34,0.0970551229832357,1,0.207459,1,0.185031,1,196.553961634239,1,4.88377535286703,76,1,27.6590003967285,36.2849998474121,0.207459002733231,0.19437600672245,189.539001464844,-85.6715,22.264,21.8613997621818,63,63,63,63,61,63,0.185031,9004,1.9064526870154,22,-86,0.001869,51,2024-05-11 04:46:59.000496,76,1.037,0.0011,"aoml_navis",1023.7981149286
"7901009",34,0.0941140586504104,1,0.201852,1,0.179424,1,196.285056622432,1,4.88366295496943,78,1,27.613000869751,36.2849998474121,0.20185199379921,0.188768997788429,189.279693603516,-85.6715,22.264,21.8613997621818,63,63,63,63,61,63,0.179424,9004,1.9064526870154,22,-86,0.001869,51,2024-05-11 04:46:59.000496,78,1.037,0.0011,"aoml_navis",1023.82167772495
"7901009",34,0.0990158325384526,1,0.211197,1,0.188769,1,195.982669028243,1,4.8835150024069,80,1,27.5510005950928,36.2879981994629,0.211197003722191,0.198113992810249,188.988098144531,-85.6715,22.264,21.8613997621818,63,63,63,63,61,63,0.188769,9004,1.9064526870154,22,-86,0.001869,51,2024-05-11 04:46:59.000496,80,1.037,0.0011,"aoml_navis",1023.85269576026
"7901009",34,0.113721154202579,1,0.239232,1,0.216804,1,195.795587472717,1,4.88339403418314,82,1,27.503999710083,36.2900009155273,0.239232003688812,0.226148992776871,188.807693481445,-85.6715,22.264,21.8613997621818,63,63,63,63,61,63,0.216804,9004,1.9064526870154,22,-86,0.001869,51,2024-05-11 04:46:59.000496,82,1.037,0.0011,"aoml_navis",1023.87805796555
"7901009",34,0.114701508980188,1,0.241101,1,0.218673,1,195.585498509449,1,4.88332327322317,84,1,27.4869995117188,36.2910003662109,0.241100996732712,0.228018000721931,188.605102539062,-85.6715,22.264,21.8613997621818,63,63,63,63,61,63,0.218673,9004,1.9064526870154,22,-86,0.001869,51,2024-05-11 04:46:59.000496,84,1.037,0.0011,"aoml_navis",1023.89289429529
"7901009",34,0.113721154202579,1,0.239232,1,0.216804,1,195.087215655393,1,4.88325921469385,86,1,27.4720001220703,36.2910003662109,0.239232003688812,0.226148992776871,188.124603271484,-85.6715,22.264,21.8613997621818,63,63,63,63,61,63,0.216804,9004,1.9064526870154,22,-86,0.001869,51,2024-05-11 04:46:59.000496,86,1.037,0.0011,"aoml_navis",1023.90632570863
"7901009",34,0.121563992423447,1,0.254184,1,0.231756,1,194.934771799694,1,4.88314605828193,88,1,27.4230003356934,36.2900009155273,0.254184007644653,0.241100996732712,187.977600097656,-85.6715,22.264,21.8613997621818,63,63,63,63,61,63,0.231756,9004,1.9064526870154,22,-86,0.001869,51,2024-05-11 04:46:59.000496,88,1.037,0.0011,"aoml_navis",1023.9300525365
"7901009",34,0.128426475866706,1,0.267267,1,0.244839,1,194.985280496745,1,4.88304030128369,90,1,27.3880004882812,36.2929992675781,0.267266988754272,0.254184007644653,188.026306152344,-85.6715,22.264,21.8613997621818,63,63,63,63,61,63,0.244839,9004,1.9064526870154,22,-86,0.001869,51,2024-05-11 04:46:59.000496,90,1.037,0.0011,"aoml_navis",1023.95222883693
"7901009",34,0.135288959309965,1,0.28035,1,0.257922,1,194.776520709715,1,4.88291547341747,92,1,27.3360004425049,36.2939987182617,0.280349999666214,0.267266988754272,187.824996948242,-85.6715,22.264,21.8613997621818,63,63,63,63,61,63,0.257922,9004,1.9064526870154,22,-86,0.001869,51,2024-05-11 04:46:59.000496,92,1.037,0.0011,"aoml_navis",1023.97840536457
"7901009",34,0.144112152308441,1,0.297171,1,0.274743,1,194.494355582579,1,4.88279896246376,94,1,27.2870006561279,36.2939987182617,0.297170996665955,0.284087985754013,187.55290222168,-85.6715,22.264,21.8613997621818,63,63,63,63,61,63,0.274743,9004,1.9064526870154,22,-86,0.001869,51,2024-05-11 04:46:59.000496,94,1.037,0.0011,"aoml_navis",1024.00283903499
"7901009",34,0.147053216641266,1,0.302778,1,0.28035,1,194.106821591512,1,4.88273600867781,96,1,27.2679996490479,36.2919998168945,0.302778005599976,0.289694994688034,187.17919921875,-85.6715,22.264,21.8613997621818,63,63,63,63,61,63,0.28035,9004,1.9064526870154,22,-86,0.001869,51,2024-05-11 04:46:59.000496,96,1.037,0.0011,"aoml_navis",1024.01604164423
"7901009",34,0.149994280974092,1,0.308385,1,0.285957,1,193.528171045626,1,4.88258003965996,98,1,27.1909999847412,36.2910003662109,0.308385014533997,0.295302003622055,186.621200561523,-85.6715,22.264,21.8613997621818,63,63,63,63,61,63,0.285957,9004,1.9064526870154,22,-86,0.001869,51,2024-05-11 04:46:59.000496,98,1.037,0.0011,"aoml_navis",1024.04875278772
"7901009",34,0.167640666971044,1,0.342027,1,0.319599,1,193.322939905038,1,4.88241197647066,100,1,27.1060009002686,36.2900009155273,0.342027008533478,0.328943997621536,186.423294067383,-85.6715,22.264,21.8613997621818,63,63,63,63,61,63,0.319599,9004,1.9064526870154,22,-86,0.001869,51,2024-05-11 04:46:59.000496,100,1.037,0.0011,"aoml_navis",1024.08400276257
"7901009",34,0.16371924786061,4,0.334551,1,0.312123,1,192.864801338081,1,4.88234042831787,102,1,27.0860004425049,36.2900009155273,0.334551006555557,0.321467995643616,185.981506347656,-85.6715,22.264,21.8613997621818,63,63,63,63,61,63,0.312123,9004,1.9064526870154,22,-86,0.001869,51,2024-05-11 04:46:59.000496,102,1.037,0.0011,"aoml_navis",1024.09901017956
"7901009",34,0.170581731303869,1,0.347634,1,0.325206,1,192.152062227403,1,4.88221149829752,104,1,27.0450000762939,36.2970008850098,0.347633987665176,0.334551006555557,185.294204711914,-85.6715,22.264,21.8613997621818,63,63,63,63,61,63,0.325206,9004,1.9064526870154,22,-86,0.001869,51,2024-05-11 04:46:59.000496,104,1.037,0.0011,"aoml_navis",1024.1260547077
"7901009",34,0.186267407745604,1,0.377538,1,0.35511,1,191.090050413086,1,4.88208665621925,106,1,27.0230007171631,36.3110008239746,0.377537995576859,0.364455014467239,184.270095825195,-85.6715,22.264,21.8613997621818,63,63,63,63,61,63,0.35511,9004,1.9064526870154,22,-86,0.001869,51,2024-05-11 04:46:59.000496,106,1.037,0.0011,"aoml_navis",1024.15224310501
"7901009",34,0.210776277185815,1,0.424263,1,0.401835,1,189.449704523416,1,4.88190386777028,108,1,27.0030002593994,36.3419990539551,0.424263000488281,0.41117998957634,182.688293457031,-85.6715,22.264,21.8613997621818,63,63,63,63,61,63,0.401835,9004,1.9064526870154,22,-86,0.001869,51,2024-05-11 04:46:59.000496,108,1.037,0.0011,"aoml_navis",1024.19058945617
"7901009",34,0.272538628175147,1,0.54201,1,0.519582,1,187.252497084049,1,4.88172575770857,110,1,26.9720001220703,36.367000579834,0.542010009288788,0.528927028179169,180.56950378418,-85.6715,22.264,21.8613997621818,63,63,63,63,61,63,0.519582,9004,1.9064526870154,22,-86,0.001869,51,2024-05-11 04:46:59.000496,110,1.037,0.0011,"aoml_navis",1024.22795711223
"7901009",34,0.349986655606214,1,0.689661,1,0.667233,1,185.559474674177,1,4.88148246422655,112,1,26.9570007324219,36.4169998168945,0.689661026000977,0.676577985286713,178.936904907227,-85.6715,22.264,21.8613997621818,63,63,63,63,61,63,0.667233,9004,1.9064526870154,22,-86,0.001869,51,2024-05-11 04:46:59.000496,112,1.037,0.0011,"aoml_navis",1024.2790047167
"7901009",34,0.351947365161431,1,0.693399,1,0.670971,1,184.204205440546,1,4.88131216378128,114,1,26.9169998168945,36.4360008239746,0.693399012088776,0.680315971374512,177.630004882812,-85.6715,22.264,21.8613997621818,63,63,63,63,61,63,0.670971,9004,1.9064526870154,22,-86,0.001869,51,2024-05-11 04:46:59.000496,114,1.037,0.0011,"aoml_navis",1024.31474001998
"7901009",34,0.349006300828605,1,0.687792,1,0.665364,1,182.862623557463,1,4.88115144004401,116,1,26.9090003967285,36.4659996032715,0.687792003154755,0.674709022045135,176.336303710938,-85.6715,22.264,21.8613997621818,63,63,63,63,61,63,0.665364,9004,1.9064526870154,22,-86,0.001869,51,2024-05-11 04:46:59.000496,116,1.037,0.0011,"aoml_navis",1024.34846806452
"7901009",34,0.308811754946659,1,0.611163,1,0.588735,1,181.535346142467,1,4.88086904459022,118,1,26.7980003356934,36.4860000610352,0.611163020133972,0.598079979419708,175.056396484375,-85.6715,22.264,21.8613997621818,63,63,63,63,61,63,0.588735,9004,1.9064526870154,22,-86,0.001869,51,2024-05-11 04:46:59.000496,118,1.037,0.0011,"aoml_navis",1024.40773442627
"7901009",34,0.300968916725792,1,0.596211,1,0.573783,1,180.625477536844,1,4.88060351135285,120,1,26.6860008239746,36.5009994506836,0.596211016178131,0.583127975463867,174.179000854492,-85.6715,22.264,21.8613997621818,63,63,63,63,61,63,0.573783,9004,1.9064526870154,22,-86,0.001869,51,2024-05-11 04:46:59.000496,120,1.037,0.0011,"aoml_navis",1024.46346816934
"7901009",34,0.291165368949707,4,0.577521,1,0.555093,1,179.689990641582,1,4.88041811886016,122,1,26.5909996032715,36.5009994506836,0.577521026134491,0.564437985420227,173.276901245117,-85.6715,22.264,21.8613997621818,63,63,63,63,61,63,0.555093,9004,1.9064526870154,22,-86,0.001869,51,2024-05-11 04:46:59.000496,122,1.037,0.0011,"aoml_navis",1024.50238447352
"7901009",34,0.291165368949707,1,0.577521,1,0.555093,1,178.57343513092,1,4.88019626265596,124,1,26.5380001068115,36.5289993286133,0.577521026134491,0.564437985420227,172.2001953125,-85.6715,22.264,21.8613997621818,63,63,63,63,61,63,0.555093,9004,1.9064526870154,22,-86,0.001869,51,2024-05-11 04:46:59.000496,124,1.037,0.0011,"aoml_navis",1024.54895887299
"7901009",34,0.312733174057093,1,0.618639,1,0.596211,1,176.601776240353,1,4.87996821021829,125.900001525879,1,26.5149993896484,36.5719985961914,0.61863899230957,0.605556011199951,170.298904418945,-85.6715,22.264,21.8613997621818,63,63,63,63,61,63,0.596211,9004,1.9064526870154,22,-86,0.001869,51,2024-05-11 04:46:59.000496,125.900001525879,1.037,0.0011,"aoml_navis",1024.59683846513
"7901009",34,0.280381466396014,1,0.556962,1,0.534534,1,173.868515188829,1,4.87951371306533,128,1,26.4139995574951,36.6440010070801,0.556962013244629,0.543878972530365,167.663192749023,-85.6715,22.264,21.8613997621818,63,63,63,63,61,63,0.534534,9004,1.9064526870154,22,-86,0.001869,51,2024-05-11 04:46:59.000496,128,1.037,0.0011,"aoml_navis",1024.69227345587
"7901009",34,0.238226210958851,1,0.476595,1,0.454167,1,172.282523113185,1,4.87922129477814,130,1,26.3449993133545,36.685001373291,0.476595014333725,0.463512003421783,166.133804321289,-85.6715,22.264,21.8613997621818,63,63,63,63,61,63,0.454167,9004,1.9064526870154,22,-86,0.001869,51,2024-05-11 04:46:59.000496,130,1.037,0.0011,"aoml_navis",1024.75368464044
"7901009",34,0.199992374632122,1,0.403704,1,0.381276,1,171.460791550975,1,4.87886529453417,132,1,26.2290000915527,36.7239990234375,0.403703987598419,0.3906210064888,165.341400146484,-85.6715,22.264,21.8613997621818,63,63,63,63,61,63,0.381276,9004,1.9064526870154,22,-86,0.001869,51,2024-05-11 04:46:59.000496,132,1.037,0.0011,"aoml_navis",1024.82845869951
"7901009",34,0.187247762523212,1,0.379407,1,0.356979,1,171.251525411093,1,4.8786715318187,134,1,26.1679992675781,36.7410011291504,0.379406988620758,0.366324007511139,165.139602661133,-85.6715,22.264,21.8613997621818,63,63,63,63,61,63,0.356979,9004,1.9064526870154,22,-86,0.001869,51,2024-05-11 04:46:59.000496,134,1.037,0.0011,"aoml_navis",1024.86916108002
"7901009",34,0.18234598863517,1,0.370062,1,0.347634,1,170.840651718225,1,4.87858061304287,136,1,26.1490001678467,36.7470016479492,0.370061993598938,0.356979012489319,164.743392944336,-85.6715,22.264,21.8613997621818,63,63,63,63,61,63,0.347634,9004,1.9064526870154,22,-86,0.001869,51,2024-05-11 04:46:59.000496,136,1.037,0.0011,"aoml_navis",1024.8882608668
"7901009",34,0.177444214747128,1,0.360717,1,0.338289,1,170.436012494855,1,4.87842119157383,138,1,26.0939998626709,36.7569999694824,0.360716998577118,0.347633987665176,164.35319519043,-85.6715,22.264,21.8613997621818,63,63,63,63,61,63,0.338289,9004,1.9064526870154,22,-86,0.001869,51,2024-05-11 04:46:59.000496,138,1.037,0.0011,"aoml_navis",1024.92175309425
"7901009",34,0.16960137652626,1,0.345765,1,0.323337,1,170.081976909696,1,4.87829759637014,140,1,26.0580005645752,36.7649993896484,0.345764994621277,0.332682013511658,164.011795043945,-85.6715,22.264,21.8613997621818,63,63,63,63,61,63,0.323337,9004,1.9064526870154,22,-86,0.001869,51,2024-05-11 04:46:59.000496,140,1.037,0.0011,"aoml_navis",1024.94772022937
"7901009",34,0.167640666971044,1,0.342027,1,0.319599,1,169.218771884149,1,4.87816234799839,142,1,26.0189990997314,36.7750015258789,0.342027008533478,0.328943997621536,163.179397583008,-85.6715,22.264,21.8613997621818,63,63,63,63,61,63,0.319599,9004,1.9064526870154,22,-86,0.001869,51,2024-05-11 04:46:59.000496,142,1.037,0.0011,"aoml_navis",1024.9761371824
"7901009",34,0.159797828750176,1,0.327075,1,0.304647,1,168.279455695439,1,4.87777418542933,144.100006103516,1,25.8700008392334,36.8089981079102,0.327075004577637,0.313991993665695,162.27360534668,-85.6715,22.264,21.8613997621818,63,63,63,63,61,63,0.304647,9004,1.9064526870154,22,-86,0.001869,51,2024-05-11 04:46:59.000496,144.100006103516,1.037,0.0011,"aoml_navis",1025.05770253485
"7901009",34,0.147053216641266,1,0.302778,1,0.28035,1,167.317939098846,1,4.87746470740968,146.100006103516,1,25.7430000305176,36.8310012817383,0.302778005599976,0.289694994688034,161.346405029297,-85.6715,22.264,21.8613997621818,63,63,63,63,61,63,0.28035,9004,1.9064526870154,22,-86,0.001869,51,2024-05-11 04:46:59.000496,146.100006103516,1.037,0.0011,"aoml_navis",1025.12274305218
"7901009",34,0.137249668865182,1,0.284088,1,0.26166,1,166.239961346145,1,4.87717779699029,148,1,25.6270008087158,36.8520011901855,0.284087985754013,0.271005004644394,160.306900024414,-85.6715,22.264,21.8613997621818,63,63,63,63,61,63,0.26166,9004,1.9064526870154,22,-86,0.001869,51,2024-05-11 04:46:59.000496,148,1.037,0.0011,"aoml_navis",1025.18304809095
"7901009",34,0.124505056756272,1,0.259791,1,0.237363,1,165.085049606895,1,4.87686982100229,150,1,25.4930000305176,36.8709983825684,0.259790986776352,0.246708005666733,159.193206787109,-85.6715,22.264,21.8613997621818,63,63,63,63,61,63,0.237363,9004,1.9064526870154,22,-86,0.001869,51,2024-05-11 04:46:59.000496,150,1.037,0.0011,"aoml_navis",1025.24778874914
"7901009",34,0.117642573313013,1,0.246708,1,0.22428,1,164.021376322281,1,4.87633529953589,152,1,25.2439994812012,36.9059982299805,0.246708005666733,0.233624994754791,158.167495727539,-85.6715,22.264,21.8613997621818,63,63,63,63,61,63,0.22428,9004,1.9064526870154,22,-86,0.001869,51,2024-05-11 04:46:59.000496,152,1.037,0.0011,"aoml_navis",1025.36017170023
"7901009",34,0.102937251648886,1,0.218673,1,0.196245,1,162.453106596479,1,4.8758816786582,154,1,25.0340003967285,36.935001373291,0.218673005700111,0.20558999478817,156.655197143555,-85.6715,22.264,21.8613997621818,63,63,63,63,61,63,0.196245,9004,1.9064526870154,22,-86,0.001869,51,2024-05-11 04:46:59.000496,154,1.037,0.0011,"aoml_navis",1025.45556465922
"7901009",34,0.0911729943175851,1,0.196245,1,0.173817,1,161.176543584381,1,4.87540253102286,156,1,24.7980003356934,36.9609985351562,0.19624499976635,0.183162003755569,155.424194335938,-85.6715,22.264,21.8613997621818,63,63,63,63,61,63,0.173817,9004,1.9064526870154,22,-86,0.001869,51,2024-05-11 04:46:59.000496,156,1.037,0.0011,"aoml_navis",1025.55634497548
"7901009",34,0.0794087369862838,1,0.173817,1,0.151389,1,160.800006944333,1,4.87520701891001,158,1,24.7089996337891,36.9679985046387,0.173816993832588,0.160733997821808,155.061096191406,-85.6715,22.264,21.8613997621818,63,63,63,63,61,63,0.151389,9004,1.9064526870154,22,-86,0.001869,51,2024-05-11 04:46:59.000496,158,1.037,0.0011,"aoml_navis",1025.5974732162
"7901009",34,0.0803890917638922,1,0.175686,1,0.153258,1,160.652863970059,1,4.87515091129779,160,1,24.6959991455078,36.9669990539551,0.175686001777649,0.162603005766869,154.919204711914,-85.6715,22.264,21.8613997621818,63,63,63,63,61,63,0.153258,9004,1.9064526870154,22,-86,0.001869,51,2024-05-11 04:46:59.000496,160,1.037,0.0011,"aoml_navis",1025.60927671241
"7901009",34,0.0774480274310669,1,0.170079,1,0.147651,1,160.340096142391,1,4.87508333486818,162,1,24.6849994659424,36.9700012207031,0.170078992843628,0.156995996832848,154.617599487305,-85.6715,22.264,21.8613997621818,63,63,63,63,61,63,0.147651,9004,1.9064526870154,22,-86,0.001869,51,2024-05-11 04:46:59.000496,162,1.037,0.0011,"aoml_navis",1025.62349329259
"7901009",34,0.07548731787585,1,0.166341,1,0.143913,1,159.819407174606,1,4.87502097171935,164,1,24.6849994659424,36.976001739502,0.166341006755829,0.153257995843887,154.115493774414,-85.6715,22.264,21.8613997621818,63,63,63,63,61,63,0.143913,9004,1.9064526870154,22,-86,0.001869,51,2024-05-11 04:46:59.000496,164,1.037,0.0011,"aoml_navis",1025.63661346396
"7901009",34,0.0764676726534585,1,0.16821,1,0.145782,1,159.280679386445,1,4.8749731628785,166,1,24.6949996948242,36.9819984436035,0.168209999799728,0.155127003788948,153.595993041992,-85.6715,22.264,21.8613997621818,63,63,63,63,61,63,0.145782,9004,1.9064526870154,22,-86,0.001869,51,2024-05-11 04:46:59.000496,166,1.037,0.0011,"aoml_navis",1025.64667187782
"7901009",34,0.0764676726534585,1,0.16821,1,0.145782,1,158.032440487041,1,4.87489580146901,168,1,24.6550006866455,36.976001739502,0.168209999799728,0.155127003788948,152.392303466797,-85.6715,22.264,21.8613997621818,63,63,63,63,61,63,0.145782,9004,1.9064526870154,22,-86,0.001869,51,2024-05-11 04:46:59.000496,168,1.037,0.0011,"aoml_navis",1025.66294822
"7901009",34,0.0813694465415007,1,0.177555,1,0.155127,1,154.720750419003,1,4.87481305132535,170,1,24.6359996795654,36.9799995422363,0.177554994821548,0.164471998810768,149.198806762695,-85.6715,22.264,21.8613997621818,63,63,63,63,61,63,0.155127,9004,1.9064526870154,22,-86,0.001869,51,2024-05-11 04:46:59.000496,170,1.037,0.0011,"aoml_navis",1025.68035888897
"7901009",34,0.0735266083206331,1,0.162603,1,0.140175,1,152.298500783689,1,4.87458397982203,172,1,24.5209999084473,36.9860000610352,0.162603005766869,0.149519994854927,146.863006591797,-85.6715,22.264,21.8613997621818,63,63,63,63,61,63,0.140175,9004,1.9064526870154,22,-86,0.001869,51,2024-05-11 04:46:59.000496,172,1.037,0.0011,"aoml_navis",1025.7285587236
"7901009",34,0.0705855439878078,1,0.156996,1,0.134568,1,151.84169139297,1,4.87427895811241,174,1,24.3579998016357,36.9939994812012,0.156995996832848,0.143913000822067,146.422500610352,-85.6715,22.264,21.8613997621818,63,63,63,63,61,63,0.134568,9004,1.9064526870154,22,-86,0.001869,51,2024-05-11 04:46:59.000496,174,1.037,0.0011,"aoml_navis",1025.79274657195
"7901009",34,0.0647034153221572,1,0.145782,1,0.123354,1,151.488589395883,1,4.87405247539858,176,1,24.2439994812012,37,0.145781993865967,0.132698997855186,146.082000732422,-85.6715,22.264,21.8613997621818,63,63,63,63,61,63,0.123354,9004,1.9064526870154,22,-86,0.001869,51,2024-05-11 04:46:59.000496,176,1.037,0.0011,"aoml_navis",1025.84041210823
"7901009",34,0.0598016414341149,1,0.136437,1,0.114009,1,150.887437795107,1,4.87384438915809,178,1,24.1399993896484,37.0050010681152,0.136436998844147,0.123354002833366,145.502304077148,-85.6715,22.264,21.8613997621818,63,63,63,63,61,63,0.114009,9004,1.9064526870154,22,-86,0.001869,51,2024-05-11 04:46:59.000496,178,1.037,0.0011,"aoml_navis",1025.8842098288
"7901009",34,0.0539195127684643,1,0.125223,1,0.102795,1,150.408016584812,1,4.87353374075794,180,1,23.9740009307861,37.0139999389648,0.125222995877266,0.112139999866486,145.039993286133,-85.6715,22.264,21.8613997621818,63,63,63,63,61,63,0.102795,9004,1.9064526870154,22,-86,0.001869,51,2024-05-11 04:46:59.000496,180,1.037,0.0011,"aoml_navis",1025.94960165853
"7901009",34,0.0431356102147714,1,0.104664,1,0.082236,1,150.073586349166,1,4.87326046599888,182,1,23.826000213623,37.0200004577637,0.104663997888565,0.0915810018777847,144.717498779297,-85.6715,22.264,21.8613997621818,63,63,63,63,61,63,0.082236,9004,1.9064526870154,22,-86,0.001869,51,2024-05-11 04:46:59.000496,182,1.037,0.0011,"aoml_navis",1026.00713318842
"7901009",34,0.0392141911043377,1,0.097188,1,0.07476,1,149.878118324519,1,4.87299790593901,184,1,23.6849994659424,37.0260009765625,0.0971880033612251,0.0841049998998642,144.529006958008,-85.6715,22.264,21.8613997621818,63,63,63,63,61,63,0.07476,9004,1.9064526870154,22,-86,0.001869,51,2024-05-11 04:46:59.000496,184,1.037,0.0011,"aoml_navis",1026.06241507024
"7901009",34,0.0401945458819461,1,0.099057,1,0.076629,1,149.504999566226,1,4.87282545898106,186,1,23.5919990539551,37.0260009765625,0.0990569964051247,0.0859740003943443,144.169204711914,-85.6715,22.264,21.8613997621818,63,63,63,63,61,63,0.076629,9004,1.9064526870154,22,-86,0.001869,51,2024-05-11 04:46:59.000496,186,1.037,0.0011,"aoml_navis",1026.09872692742
"7901009",34,0.0254892242178195,1,0.071022,1,0.048594,1,149.276017312144,1,4.87254971650906,188,1,23.42799949646,37.0270004272461,0.0710219964385033,0.0579390004277229,143.948394775391,-85.6715,22.264,21.8613997621818,63,63,63,63,61,63,0.048594,9004,1.9064526870154,22,-86,0.001869,51,2024-05-11 04:46:59.000496,188,1.037,0.0011,"aoml_navis",1026.15679488279
"7901009",34,0.0215678051073857,1,0.063546,1,0.041118,1,149.259022844527,1,4.87223453908004,190,1,23.2299995422363,37.0260009765625,0.0635460019111633,0.0504629984498024,143.932006835938,-85.6715,22.264,21.8613997621818,63,63,63,63,61,63,0.041118,9004,1.9064526870154,22,-86,0.001869,51,2024-05-11 04:46:59.000496,190,1.037,0.0011,"aoml_navis",1026.22317540241
"7901009",34,0.0205874503297773,1,0.061677,1,0.039249,1,148.949672898614,1,4.8720537209024,192,1,23.117000579834,37.0209999084473,0.0616770014166832,0.0485940016806126,143.633697509766,-85.6715,22.264,21.8613997621818,63,63,63,63,61,63,0.039249,9004,1.9064526870154,22,-86,0.001869,51,2024-05-11 04:46:59.000496,192,1.037,0.0011,"aoml_navis",1026.26126197022
"7901009",34,0.00980354777608442,1,0.041118,1,0.01869,1,149.099426754784,1,4.87167337141596,194,1,22.8470001220703,37.0110015869141,0.041117999702692,0.0280349999666214,143.778106689453,-85.6715,22.264,21.8613997621818,63,63,63,63,61,63,0.01869,9004,1.9064526870154,22,-86,0.001869,51,2024-05-11 04:46:59.000496,194,1.037,0.0011,"aoml_navis",1026.3413859675
"7901009",34,0.00588212866565065,1,0.033642,1,0.011214,1,149.331083184869,1,4.87138758494314,196,1,22.6280002593994,36.9949989318848,0.0336420014500618,0.020558999851346,144.001495361328,-85.6715,22.264,21.8613997621818,63,63,63,63,61,63,0.011214,9004,1.9064526870154,22,-86,0.001869,51,2024-05-11 04:46:59.000496,196,1.037,0.0011,"aoml_navis",1026.40159765862
"7901009",34,0.00490177388804221,1,0.031773,1,0.009345,1,149.145568158481,1,4.87116504939114,198,1,22.4669990539551,36.984001159668,0.0317730009555817,0.0186899993568659,143.822601318359,-85.6715,22.264,21.8613997621818,63,63,63,63,61,63,0.009345,9004,1.9064526870154,22,-86,0.001869,51,2024-05-11 04:46:59.000496,198,1.037,0.0011,"aoml_navis",1026.44848805215
"7901009",34,0.00588212866565065,1,0.033642,1,0.011214,1,148.88870485045,1,4.87094510384149,200,1,22.3229999542236,36.9790000915527,0.0336420014500618,0.020558999851346,143.574905395508,-85.6715,22.264,21.8613997621818,63,63,63,63,61,63,0.011214,9004,1.9064526870154,22,-86,0.001869,51,2024-05-11 04:46:59.000496,200,1.037,0.0011,"aoml_navis",1026.49483691712
"7901009",34,0.00392141911043377,1,0.029904,1,0.007476,1,148.822847332553,1,4.87076050841679,202,1,22.2150001525879,36.9780006408691,0.0299040004611015,0.0168210007250309,143.51139831543,-85.6715,22.264,21.8613997621818,63,63,63,63,61,63,0.007476,9004,1.9064526870154,22,-86,0.001869,51,2024-05-11 04:46:59.000496,202,1.037,0.0011,"aoml_navis",1026.53373972296
"7901009",34,0.00294106433282533,1,0.028035,1,0.005607,1,148.795061219764,1,4.87064562782016,204,1,22.1580009460449,36.9770011901855,0.0280349999666214,0.0149520002305508,143.484603881836,-85.6715,22.264,21.8613997621818,63,63,63,63,61,63,0.005607,9004,1.9064526870154,22,-86,0.001869,51,2024-05-11 04:46:59.000496,204,1.037,0.0011,"aoml_navis",1026.55795187418
"7901009",34,0,1,0.022428,1,0,1,148.706813411664,1,4.87054575206884,206,1,22.1040000915527,36.9729995727539,0.0224280003458261,0.00934499967843294,143.399505615234,-85.6715,22.264,21.8613997621818,63,63,63,63,61,63,0,9004,1.9064526870154,22,-86,0.001869,51,2024-05-11 04:46:59.000496,206,1.037,0.0011,"aoml_navis",1026.57900254323
"7901009",34,-0.000980354777608442,1,0.020559,1,-0.001869,1,148.674770770208,1,4.87040349467139,208,1,22.007999420166,36.9650001525879,0.020558999851346,0.00747600011527538,143.368606567383,-85.6715,22.264,21.8613997621818,63,63,63,63,61,63,-0.001869,9004,1.9064526870154,22,-86,0.001869,51,2024-05-11 04:46:59.000496,208,1.037,0.0011,"aoml_navis",1026.60898742176
"7901009",34,0,1,0.022428,1,0,1,148.801691277429,1,4.87020356284851,210,1,21.8689994812012,36.9570007324219,0.0224280003458261,0.00934499967843294,143.490997314453,-85.6715,22.264,21.8613997621818,63,63,63,63,61,63,0,9004,1.9064526870154,22,-86,0.001869,51,2024-05-11 04:46:59.000496,210,1.037,0.0011,"aoml_navis",1026.6511318216
"7901009",34,-0.000980354777608442,1,0.020559,1,-0.001869,1,148.711481352024,1,4.87014015492968,212,1,21.8470001220703,36.9550018310547,0.020558999851346,0.00747600011527538,143.404006958008,-85.6715,22.264,21.8613997621818,63,63,63,63,61,63,-0.001869,9004,1.9064526870154,22,-86,0.001869,51,2024-05-11 04:46:59.000496,212,1.037,0.0011,"aoml_navis",1026.66449854403
"7901009",34,0,1,0.022428,1,0,1,148.683473709863,1,4.87007499037383,214,1,21.8209991455078,36.9519996643066,0.0224280003458261,0.00934499967843294,143.376998901367,-85.6715,22.264,21.8613997621818,63,63,63,63,61,63,0,9004,1.9064526870154,22,-86,0.001869,51,2024-05-11 04:46:59.000496,214,1.037,0.0011,"aoml_navis",1026.67823593743
"7901009",34,-0.000980354777608442,1,0.020559,1,-0.001869,1,148.801279865736,1,4.86996013399041,216,1,21.75,36.9459991455078,0.020558999851346,0.00747600011527538,143.490600585938,-85.6715,22.264,21.8613997621818,63,63,63,63,61,63,-0.001869,9004,1.9064526870154,22,-86,0.001869,51,2024-05-11 04:46:59.000496,216,1.037,0.0011,"aoml_navis",1026.70244980076
"7901009",34,-0.00196070955521688,1,0.01869,1,-0.003738,1,149.09755957864,1,4.86980842225237,218,1,21.6459999084473,36.9379997253418,0.0186899993568659,0.00560700008645654,143.776306152344,-85.6715,22.264,21.8613997621818,63,63,63,63,61,63,-0.003738,9004,1.9064526870154,22,-86,0.001869,51,2024-05-11 04:46:59.000496,218,1.037,0.0011,"aoml_navis",1026.73443520955
"7901009",34,-0.00196070955521688,1,0.01869,1,-0.003738,1,149.288264721767,1,4.86971409535024,220,1,21.5900001525879,36.931999206543,0.0186899993568659,0.00560700008645654,143.960205078125,-85.6715,22.264,21.8613997621818,63,63,63,63,61,63,-0.003738,9004,1.9064526870154,22,-86,0.001869,51,2024-05-11 04:46:59.000496,220,1.037,0.0011,"aoml_navis",1026.75432316944
"7901009",34,-0.00196070955521688,1,0.01869,1,-0.003738,1,149.250921198885,1,4.86963404327798,222,1,21.5499992370605,36.9280014038086,0.0186899993568659,0.00560700008645654,143.924194335938,-85.6715,22.264,21.8613997621818,63,63,63,63,61,63,-0.003738,9004,1.9064526870154,22,-86,0.001869,51,2024-05-11 04:46:59.000496,222,1.037,0.0011,"aoml_navis",1026.77120201712
"7901009",34,-0.000980354777608442,1,0.020559,1,-0.001869,1,149.072669171227,1,4.86955232882842,224,1,21.5060005187988,36.9230003356934,0.020558999851346,0.00747600011527538,143.752304077148,-85.6715,22.264,21.8613997621818,63,63,63,63,61,63,-0.001869,9004,1.9064526870154,22,-86,0.001869,51,2024-05-11 04:46:59.000496,224,1.037,0.0011,"aoml_navis",1026.78843194667
"7901009",34,-0.00294106433282533,1,0.016821,1,-0.005607,1,148.951951486451,1,4.86941144582922,226,1,21.4039993286133,36.9129981994629,0.0168210007250309,0.00373800005763769,143.635894775391,-85.6715,22.264,21.8613997621818,63,63,63,63,61,63,-0.005607,9004,1.9064526870154,22,-86,0.001869,51,2024-05-11 04:46:59.000496,226,1.037,0.0011,"aoml_navis",1026.81813923994
"7901009",34,-0.00588212866565065,1,0.011214,1,-0.011214,1,149.176265800173,1,4.86918712659719,228,1,21.2169990539551,36.8950004577637,0.0112140001729131,-0.00186900002881885,143.852203369141,-85.6715,22.264,21.8613997621818,63,63,63,63,61,63,-0.011214,9004,1.9064526870154,22,-86,0.001869,51,2024-05-11 04:46:59.000496,228,1.037,0.0011,"aoml_navis",1026.86544386193
"7901009",34,-0.00588212866565065,1,0.011214,1,-0.011214,1,149.508828859674,1,4.8690383936883,230,1,21.1000003814697,36.8819999694824,0.0112140001729131,-0.00186900002881885,144.172897338867,-85.6715,22.264,21.8613997621818,63,63,63,63,61,63,-0.011214,9004,1.9064526870154,22,-86,0.001869,51,2024-05-11 04:46:59.000496,230,1.037,0.0011,"aoml_navis",1026.89681118174
"7901009",34,-0.00196070955521688,1,0.01869,1,-0.003738,1,149.6415724247,1,4.8689788512703,232,1,21.0750007629395,36.8779983520508,0.0186899993568659,0.00560700008645654,144.300903320312,-85.6715,22.264,21.8613997621818,63,63,63,63,61,63,-0.003738,9004,1.9064526870154,22,-86,0.001869,51,2024-05-11 04:46:59.000496,232,1.037,0.0011,"aoml_navis",1026.90936903444
"7901009",34,-0.00392141911043377,1,0.014952,1,-0.007476,1,149.81599515891,1,4.86888639028306,234,1,21.0249996185303,36.8740005493164,0.0149520002305508,0.00186900002881885,144.469100952148,-85.6715,22.264,21.8613997621818,63,63,63,63,61,63,-0.007476,9004,1.9064526870154,22,-86,0.001869,51,2024-05-11 04:46:59.000496,234,1.037,0.0011,"aoml_navis",1026.9288702194
"7901009",34,-0.00392141911043377,1,0.014952,1,-0.007476,1,149.974974131114,1,4.86877331262664,236,1,20.951000213623,36.867000579834,0.0149520002305508,0.00186900002881885,144.622406005859,-85.6715,22.264,21.8613997621818,63,63,63,63,61,63,-0.007476,9004,1.9064526870154,22,-86,0.001869,51,2024-05-11 04:46:59.000496,236,1.037,0.0011,"aoml_navis",1026.95272072599
"7901009",34,-0.00490177388804221,1,0.013083,1,-0.009345,1,149.739156113521,1,4.86869815205732,238,1,20.9139995574951,36.8629989624023,0.0130829997360706,0,144.395004272461,-85.6715,22.264,21.8613997621818,63,63,63,63,61,63,-0.009345,9004,1.9064526870154,22,-86,0.001869,51,2024-05-11 04:46:59.000496,238,1.037,0.0011,"aoml_navis",1026.96857431739
"7901009",34,-0.00294106433282533,1,0.016821,1,-0.005607,1,149.510601094658,1,4.86861680151061,240,1,20.875,36.8600006103516,0.0168210007250309,0.00373800005763769,144.174606323242,-85.6715,22.264,21.8613997621818,63,63,63,63,61,63,-0.005607,9004,1.9064526870154,22,-86,0.001869,51,2024-05-11 04:46:59.000496,240,1.037,0.0011,"aoml_navis",1026.98573411007
"7901009",34,-0.000980354777608442,1,0.020559,1,-0.001869,1,149.307237130215,1,4.86856464840197,242,1,20.8610000610352,36.8580017089844,0.020558999851346,0.00747600011527538,143.978500366211,-85.6715,22.264,21.8613997621818,63,63,63,63,61,63,-0.001869,9004,1.9064526870154,22,-86,0.001869,51,2024-05-11 04:46:59.000496,242,1.037,0.0011,"aoml_navis",1026.9967354015
"7901009",34,0.000980354777608442,1,0.024297,1,0.001869,1,149.209764206081,1,4.86851284139824,244,1,20.8500003814697,36.8569984436035,0.0242970008403063,0.0112140001729131,143.884506225586,-85.6715,22.264,21.8613997621818,63,63,63,63,61,63,0.001869,9004,1.9064526870154,22,-86,0.001869,51,2024-05-11 04:46:59.000496,244,1.037,0.0011,"aoml_navis",1027.00766391817
"7901009",34,-0.00294106433282533,1,0.016821,1,-0.005607,1,148.962015249397,1,4.86846593997556,246,1,20.8400001525879,36.8549995422363,0.0168210007250309,0.00373800005763769,143.645599365234,-85.6715,22.264,21.8613997621818,63,63,63,63,61,63,-0.005607,9004,1.9064526870154,22,-86,0.001869,51,2024-05-11 04:46:59.000496,246,1.037,0.0011,"aoml_navis",1027.01755781927
"7901009",34,-0.00392141911043377,1,0.014952,1,-0.007476,1,148.811137922836,1,4.86840856912649,248,1,20.82200050354,36.8530006408691,0.0149520002305508,0.00186900002881885,143.500106811523,-85.6715,22.264,21.8613997621818,63,63,63,63,61,63,-0.007476,9004,1.9064526870154,22,-86,0.001869,51,2024-05-11 04:46:59.000496,248,1.037,0.0011,"aoml_navis",1027.02966051535
"7901009",34,-0.00196070955521688,1,0.01869,1,-0.003738,1,148.391766996159,1,4.86834989967129,250,1,20.80299949646,36.851001739502,0.0186899993568659,0.00560700008645654,143.095703125,-85.6715,22.264,21.8613997621818,63,63,63,63,61,63,-0.003738,9004,1.9064526870154,22,-86,0.001869,51,2024-05-11 04:46:59.000496,250,1.037,0.0011,"aoml_navis",1027.04203745454
"7901009",34,-0.00490177388804221,1,0.013083,1,-0.009345,1,147.446121396791,1,4.86830663518947,252,1,20.7929992675781,36.8479995727539,0.0130829997360706,0,142.183807373047,-85.6715,22.264,21.8613997621818,63,63,63,63,61,63,-0.009345,9004,1.9064526870154,22,-86,0.001869,51,2024-05-11 04:46:59.000496,252,1.037,0.0011,"aoml_navis",1027.05116474353
"7901009",34,0.000980354777608442,1,0.024297,1,0.001869,1,146.883531730449,1,4.86818380390048,254,1,20.7000007629395,36.8370018005371,0.0242970008403063,0.0112140001729131,141.641296386719,-85.6715,22.264,21.8613997621818,63,63,63,63,61,63,0.001869,9004,1.9064526870154,22,-86,0.001869,51,2024-05-11 04:46:59.000496,254,1.037,0.0011,"aoml_navis",1027.07707872367
"7901009",34,-0.000980354777608442,1,0.020559,1,-0.001869,1,146.623456246509,1,4.86801897329388,256,1,20.5550003051758,36.8190002441406,0.020558999851346,0.00747600011527538,141.390502929688,-85.6715,22.264,21.8613997621818,63,63,63,63,61,63,-0.001869,9004,1.9064526870154,22,-86,0.001869,51,2024-05-11 04:46:59.000496,256,1.037,0.0011,"aoml_navis",1027.11185544472
"7901009",34,0,1,0.022428,1,0,1,146.099871573348,1,4.86786946531414,258,1,20.423999786377,36.8019981384277,0.0224280003458261,0.00934499967843294,140.885604858398,-85.6715,22.264,21.8613997621818,63,63,63,63,61,63,0,9004,1.9064526870154,22,-86,0.001869,51,2024-05-11 04:46:59.000496,258,1.037,0.0011,"aoml_navis",1027.14340136426
"7901009",34,-0.000980354777608442,1,0.020559,1,-0.001869,1,145.418557986587,1,4.86774691858586,260,1,20.3190002441406,36.7869987487793,0.020558999851346,0.00747600011527538,140.228607177734,-85.6715,22.264,21.8613997621818,63,63,63,63,61,63,-0.001869,9004,1.9064526870154,22,-86,0.001869,51,2024-05-11 04:46:59.000496,260,1.037,0.0011,"aoml_navis",1027.16925995252
"7901009",34,0.000980354777608442,1,0.024297,1,0.001869,1,145.805142566055,1,4.86754126549723,262,1,20.1180000305176,36.7610015869141,0.0242970008403063,0.0112140001729131,140.60139465332,-85.6715,22.264,21.8613997621818,63,63,63,63,61,63,0.001869,9004,1.9064526870154,22,-86,0.001869,51,2024-05-11 04:46:59.000496,262,1.037,0.0011,"aoml_navis",1027.21265774194
"7901009",34,-0.000980354777608442,1,0.020559,1,-0.001869,1,146.281035129908,1,4.86742147709911,264,1,20.0170001983643,36.7470016479492,0.020558999851346,0.00747600011527538,141.060302734375,-85.6715,22.264,21.8613997621818,63,63,63,63,61,63,-0.001869,9004,1.9064526870154,22,-86,0.001869,51,2024-05-11 04:46:59.000496,264,1.037,0.0011,"aoml_navis",1027.23793768932
"7901009",34,-0.000980354777608442,1,0.020559,1,-0.001869,1,146.451517805983,1,4.86733544887765,266,1,19.9619998931885,36.7400016784668,0.020558999851346,0.00747600011527538,141.224700927734,-85.6715,22.264,21.8613997621818,63,63,63,63,61,63,-0.001869,9004,1.9064526870154,22,-86,0.001869,51,2024-05-11 04:46:59.000496,266,1.037,0.0011,"aoml_navis",1027.256093712
"7901009",34,0,1,0.022428,1,0,1,146.569323961856,1,4.86724764113159,268,1,19.8969993591309,36.7299995422363,0.0224280003458261,0.00934499967843294,141.338302612305,-85.6715,22.264,21.8613997621818,63,63,63,63,61,63,0,9004,1.9064526870154,22,-86,0.001869,51,2024-05-11 04:46:59.000496,268,1.037,0.0011,"aoml_navis",1027.27462596038
"7901009",34,-0.000980354777608442,1,0.020559,1,-0.001869,1,146.745930342743,1,4.86715001933209,270,1,19.8269996643066,36.7210006713867,0.020558999851346,0.00747600011527538,141.508605957031,-85.6715,22.264,21.8613997621818,63,63,63,63,61,63,-0.001869,9004,1.9064526870154,22,-86,0.001869,51,2024-05-11 04:46:59.000496,270,1.037,0.0011,"aoml_navis",1027.29523029704
"7901009",34,-0.000980354777608442,1,0.020559,1,-0.001869,1,147.181061501958,1,4.86702142380816,272,1,19.7210006713867,36.7080001831055,0.020558999851346,0.00747600011527538,141.928207397461,-85.6715,22.264,21.8613997621818,63,63,63,63,61,63,-0.001869,9004,1.9064526870154,22,-86,0.001869,51,2024-05-11 04:46:59.000496,272,1.037,0.0011,"aoml_navis",1027.32237329824
"7901009",34,-0.00196070955521688,1,0.01869,1,-0.003738,1,147.240684550357,1,4.86691563522434,274,1,19.6270008087158,36.693000793457,0.0186899993568659,0.00560700008645654,141.985702514648,-85.6715,22.264,21.8613997621818,63,63,63,63,61,63,-0.003738,9004,1.9064526870154,22,-86,0.001869,51,2024-05-11 04:46:59.000496,274,1.037,0.0011,"aoml_navis",1027.34470345293
"7901009",34,-0.000980354777608442,1,0.020559,1,-0.001869,1,147.658394006736,1,4.86681102652275,276,1,19.5480003356934,36.6829986572266,0.020558999851346,0.00747600011527538,142.38850402832,-85.6715,22.264,21.8613997621818,63,63,63,63,61,63,-0.001869,9004,1.9064526870154,22,-86,0.001869,51,2024-05-11 04:46:59.000496,276,1.037,0.0011,"aoml_navis",1027.36678550932
"7901009",34,0,1,0.022428,1,0,1,147.909038668795,1,4.86670915862893,278,1,19.4710006713867,36.6730003356934,0.0224280003458261,0.00934499967843294,142.63020324707,-85.6715,22.264,21.8613997621818,63,63,63,63,61,63,0,9004,1.9064526870154,22,-86,0.001869,51,2024-05-11 04:46:59.000496,278,1.037,0.0011,"aoml_navis",1027.38828991553
"7901009",34,-0.00196070955521688,1,0.01869,1,-0.003738,1,147.365326469741,1,4.86661380036475,280,1,19.3990001678467,36.6629981994629,0.0186899993568659,0.00560700008645654,142.105895996094,-85.6715,22.264,21.8613997621818,63,63,63,63,61,63,-0.003738,9004,1.9064526870154,22,-86,0.001869,51,2024-05-11 04:46:59.000496,280,1.037,0.0011,"aoml_navis",1027.40842094872
"7901009",34,-0.00196070955521688,1,0.01869,1,-0.003738,1,147.107007397259,1,4.8665321080594,282,1,19.3320007324219,36.6510009765625,0.0186899993568659,0.00560700008645654,141.856796264648,-85.6715,22.264,21.8613997621818,63,63,63,63,61,63,-0.003738,9004,1.9064526870154,22,-86,0.001869,51,2024-05-11 04:46:59.000496,282,1.037,0.0011,"aoml_navis",1027.42566759594
"7901009",34,-0.00196070955521688,1,0.01869,1,-0.003738,1,147.198166734262,1,4.8664166467262,284,1,19.2320003509521,36.6370010375977,0.0186899993568659,0.00560700008645654,141.944702148438,-85.6715,22.264,21.8613997621818,63,63,63,63,61,63,-0.003738,9004,1.9064526870154,22,-86,0.001869,51,2024-05-11 04:46:59.000496,284,1.037,0.0011,"aoml_navis",1027.45004445184
"7901009",34,-0.00196070955521688,1,0.01869,1,-0.003738,1,147.22387996506,1,4.86634708461772,286,1,19.1860008239746,36.6290016174316,0.0186899993568659,0.00560700008645654,141.969497680664,-85.6715,22.264,21.8613997621818,63,63,63,63,61,63,-0.003738,9004,1.9064526870154,22,-86,0.001869,51,2024-05-11 04:46:59.000496,286,1.037,0.0011,"aoml_navis",1027.46473135974
"7901009",34,-0.00196070955521688,1,0.01869,1,-0.003738,1,147.586112137021,1,4.86625511838385,288,1,19.1189994812012,36.6199989318848,0.0186899993568659,0.00560700008645654,142.318801879883,-85.6715,22.264,21.8613997621818,63,63,63,63,61,63,-0.003738,9004,1.9064526870154,22,-86,0.001869,51,2024-05-11 04:46:59.000496,288,1.037,0.0011,"aoml_navis",1027.48414917888
"7901009",34,-0.000980354777608442,1,0.020559,1,-0.001869,1,147.857596383672,1,4.8661912618717,290,1,19.0919990539551,36.617000579834,0.020558999851346,0.00747600011527538,142.580596923828,-85.6715,22.264,21.8613997621818,63,63,63,63,61,63,-0.001869,9004,1.9064526870154,22,-86,0.001869,51,2024-05-11 04:46:59.000496,290,1.037,0.0011,"aoml_navis",1027.49763232217
"7901009",34,-0.00196070955521688,1,0.01869,1,-0.003738,1,147.771627163409,1,4.8661221581014,292,1,19.0520000457764,36.6110000610352,0.0186899993568659,0.00560700008645654,142.497695922852,-85.6715,22.264,21.8613997621818,63,63,63,63,61,63,-0.003738,9004,1.9064526870154,22,-86,0.001869,51,2024-05-11 04:46:59.000496,292,1.037,0.0011,"aoml_navis",1027.51222380961
"7901009",34,-0.00392141911043377,1,0.014952,1,-0.007476,1,147.847026267873,1,4.86600891946618,294,1,18.9500007629395,36.5960006713867,0.0149520002305508,0.00186900002881885,142.570404052734,-85.6715,22.264,21.8613997621818,63,63,63,63,61,63,-0.007476,9004,1.9064526870154,22,-86,0.001869,51,2024-05-11 04:46:59.000496,294,1.037,0.0011,"aoml_navis",1027.53613541434
"7901009",34,-0.00196070955521688,1,0.01869,1,-0.003738,1,147.519748266271,1,4.86584248899462,296,1,18.7779998779297,36.5719985961914,0.0186899993568659,0.00560700008645654,142.254806518555,-85.6715,22.264,21.8613997621818,63,63,63,63,61,63,-0.003738,9004,1.9064526870154,22,-86,0.001869,51,2024-05-11 04:46:59.000496,296,1.037,0.0011,"aoml_navis",1027.57128109034
"7901009",34,-0.000980354777608442,1,0.020559,1,-0.001869,1,146.663268239549,1,4.86579337057642,298,1,18.7479991912842,36.5639991760254,0.020558999851346,0.00747600011527538,141.428894042969,-85.6715,22.264,21.8613997621818,63,63,63,63,61,63,-0.001869,9004,1.9064526870154,22,-86,0.001869,51,2024-05-11 04:46:59.000496,298,1.037,0.0011,"aoml_navis",1027.5816540495
"7901009",34,-0.00196070955521688,1,0.01869,1,-0.003738,1,145.968789478619,1,4.86574422086742,300,1,18.7150001525879,36.5550003051758,0.0186899993568659,0.00560700008645654,140.759201049805,-85.6715,22.264,21.8613997621818,63,63,63,63,61,63,-0.003738,9004,1.9064526870154,22,-86,0.001869,51,2024-05-11 04:46:59.000496,300,1.037,0.0011,"aoml_navis",1027.59203382636
"7901009",34,-0.00294106433282533,1,0.016821,1,-0.005607,1,146.766247750955,1,4.86561108582999,302,1,18.5659999847412,36.5299987792969,0.0168210007250309,0.00373800005763769,141.528198242188,-85.6715,22.264,21.8613997621818,63,63,63,63,61,63,-0.005607,9004,1.9064526870154,22,-86,0.001869,51,2024-05-11 04:46:59.000496,302,1.037,0.0011,"aoml_navis",1027.62015126145
"7901009",34,-0.00196070955521688,1,0.01869,1,-0.003738,1,148.191409501778,1,4.86545465556133,304,1,18.4090003967285,36.5089988708496,0.0186899993568659,0.00560700008645654,142.902496337891,-85.6715,22.264,21.8613997621818,63,63,63,63,61,63,-0.003738,9004,1.9064526870154,22,-86,0.001869,51,2024-05-11 04:46:59.000496,304,1.037,0.0011,"aoml_navis",1027.65319049575
"7901009",34,-0.00196070955521688,1,0.01869,1,-0.003738,1,150.162672804179,1,4.86530163509513,306,1,18.253999710083,36.4879989624023,0.0186899993568659,0.00560700008645654,144.803405761719,-85.6715,22.264,21.8613997621818,63,63,63,63,61,63,-0.003738,9004,1.9064526870154,22,-86,0.001869,51,2024-05-11 04:46:59.000496,306,1.037,0.0011,"aoml_navis",1027.68551161006
"7901009",34,-0.00392141911043377,1,0.014952,1,-0.007476,1,151.8782912101,1,4.86518317537521,308,1,18.1569995880127,36.4770011901855,0.0149520002305508,0.00186900002881885,146.457794189453,-85.6715,22.264,21.8613997621818,63,63,63,63,61,63,-0.007476,9004,1.9064526870154,22,-86,0.001869,51,2024-05-11 04:46:59.000496,308,1.037,0.0011,"aoml_navis",1027.71053417005
"7901009",34,-0.00196070955521688,1,0.01869,1,-0.003738,1,152.291538431965,1,4.86510224317912,310,1,18.1149997711182,36.4739990234375,0.0186899993568659,0.00560700008645654,146.856292724609,-85.6715,22.264,21.8613997621818,63,63,63,63,61,63,-0.003738,9004,1.9064526870154,22,-86,0.001869,51,2024-05-11 04:46:59.000496,310,1.037,0.0011,"aoml_navis",1027.72763039256
"7901009",34,-0.00294106433282533,1,0.016821,1,-0.005607,1,152.01766483279,1,4.86498807518984,312,1,18,36.4560012817383,0.0168210007250309,0.00373800005763769,146.592193603516,-85.6715,22.264,21.8613997621818,63,63,63,63,61,63,-0.005607,9004,1.9064526870154,22,-86,0.001869,51,2024-05-11 04:46:59.000496,312,1.037,0.0011,"aoml_navis",1027.75174835447
"7901009",34,-0.00490177388804221,1,0.013083,1,-0.009345,1,151.490140101494,1,4.8649136241201,314,1,17.9389991760254,36.4449996948242,0.0130829997360706,0,146.08349609375,-85.6715,22.264,21.8613997621818,63,63,63,63,61,63,-0.009345,9004,1.9064526870154,22,-86,0.001869,51,2024-05-11 04:46:59.000496,314,1.037,0.0011,"aoml_navis",1027.7674767359
"7901009",34,-0.00588212866565065,1,0.011214,1,-0.011214,1,151.301412899197,1,4.86479194494277,316,1,17.8169994354248,36.4269981384277,0.0112140001729131,-0.00186900002881885,145.901504516602,-85.6715,22.264,21.8613997621818,63,63,63,63,61,63,-0.011214,9004,1.9064526870154,22,-86,0.001869,51,2024-05-11 04:46:59.000496,316,1.037,0.0011,"aoml_navis",1027.79318346755
"7901009",34,-0.00392141911043377,1,0.014952,1,-0.007476,1,150.971951250919,1,4.86474490649026,318,1,17.7999992370605,36.4230003356934,0.0149520002305508,0.00186900002881885,145.583801269531,-85.6715,22.264,21.8613997621818,63,63,63,63,61,63,-0.007476,9004,1.9064526870154,22,-86,0.001869,51,2024-05-11 04:46:59.000496,318,1.037,0.0011,"aoml_navis",1027.80312146055
"7901009",34,-0.00392141911043377,1,0.014952,1,-0.007476,1,150.365498768716,1,4.86470736403286,320,1,17.7940006256104,36.4199981689453,0.0149520002305508,0.00186900002881885,144.998992919922,-85.6715,22.264,21.8613997621818,63,63,63,63,61,63,-0.007476,9004,1.9064526870154,22,-86,0.001869,51,2024-05-11 04:46:59.000496,320,1.037,0.0011,"aoml_navis",1027.81105333641
"7901009",34,-0.00392141911043377,1,0.014952,1,-0.007476,1,149.746514053411,1,4.86460277593162,322,1,17.6949996948242,36.4049987792969,0.0149520002305508,0.00186900002881885,144.402099609375,-85.6715,22.264,21.8613997621818,63,63,63,63,61,63,-0.007476,9004,1.9064526870154,22,-86,0.001869,51,2024-05-11 04:46:59.000496,322,1.037,0.0011,"aoml_navis",1027.83315109268
"7901009",34,-0.00392141911043377,1,0.014952,1,-0.007476,1,149.608279724639,1,4.86447322323119,324,1,17.5499992370605,36.3819999694824,0.0149520002305508,0.00186900002881885,144.268798828125,-85.6715,22.264,21.8613997621818,63,63,63,63,61,63,-0.007476,9004,1.9064526870154,22,-86,0.001869,51,2024-05-11 04:46:59.000496,324,1.037,0.0011,"aoml_navis",1027.86052477822
"7901009",34,-0.00392141911043377,1,0.014952,1,-0.007476,1,149.612947664999,1,4.86433142078561,326,1,17.3999996185303,36.3610000610352,0.0149520002305508,0.00186900002881885,144.273300170898,-85.6715,22.264,21.8613997621818,63,63,63,63,61,63,-0.007476,9004,1.9064526870154,22,-86,0.001869,51,2024-05-11 04:46:59.000496,326,1.037,0.0011,"aoml_navis",1027.89048843067
"7901009",34,-0.000980354777608442,1,0.020559,1,-0.001869,1,149.477925512136,1,4.8642672578262,328,1,17.3619995117188,36.3549995422363,0.020558999851346,0.00747600011527538,144.143096923828,-85.6715,22.264,21.8613997621818,63,63,63,63,61,63,-0.001869,9004,1.9064526870154,22,-86,0.001869,51,2024-05-11 04:46:59.000496,328,1.037,0.0011,"aoml_navis",1027.90404699812
"7901009",34,-0.00588212866565065,1,0.011214,1,-0.011214,1,149.318329422393,1,4.86421134811498,330,1,17.3309993743896,36.3489990234375,0.0112140001729131,-0.00186900002881885,143.989196777344,-85.6715,22.264,21.8613997621818,63,63,63,63,61,63,-0.011214,9004,1.9064526870154,22,-86,0.001869,51,2024-05-11 04:46:59.000496,330,1.037,0.0011,"aoml_navis",1027.91586182571
"7901009",34,0,1,0.016821,1,-0.005607,1,148.994991478926,1,4.86415196557669,332,1,17.2970008850098,36.3429985046387,0.0168210007250309,0,143.677398681641,-85.6715,22.264,21.8613997621818,63,63,63,63,61,63,0,9004,1.9064526870154,22,-86,0.001869,51,2024-05-11 04:46:59.000496,332,1.037,0.0011,"aoml_navis",1027.92841082777
"7901009",34,0,1,0.011214,1,-0.011214,1,148.784886692131,1,4.86403898340781,334,1,17.1860008239746,36.3269996643066,0.0112140001729131,0,143.474792480469,-85.6715,22.264,21.8613997621818,63,63,63,63,61,63,0,9004,1.9064526870154,22,-86,0.001869,51,2024-05-11 04:46:59.000496,334,1.037,0.0011,"aoml_navis",1027.95228760624
"7901009",34,0,1,0.013083,1,-0.009345,1,148.637126600319,1,4.86395616132557,336,1,17.113000869751,36.314998626709,0.0130829997360706,0,143.332305908203,-85.6715,22.264,21.8613997621818,63,63,63,63,61,63,0,9004,1.9064526870154,22,-86,0.001869,51,2024-05-11 04:46:59.000496,336,1.037,0.0011,"aoml_navis",1027.96979128968
"7901009",34,0,1,0.014952,1,-0.007476,1,148.196077442138,1,4.86390373968551,338,1,17.0909996032715,36.3110008239746,0.0149520002305508,0,142.906997680664,-85.6715,22.264,21.8613997621818,63,63,63,63,61,63,0,9004,1.9064526870154,22,-86,0.001869,51,2024-05-11 04:46:59.000496,338,1.037,0.0011,"aoml_navis",1027.98087042802
"7901009",34,0,1,0.016821,1,-0.005607,1,147.134603627728,1,4.86386630907138,340,1,17.0849990844727,36.3079986572266,0.0168210007250309,0,141.883407592773,-85.6715,22.264,21.8613997621818,63,63,63,63,61,63,0,9004,1.9064526870154,22,-86,0.001869,51,2024-05-11 04:46:59.000496,340,1.037,0.0011,"aoml_navis",1027.98878140929
"7901009",34,0,1,0.016821,1,-0.005607,1,146.209892554112,1,4.86372645407884,342,1,16.92799949646,36.2849998474121,0.0168210007250309,0,140.99169921875,-85.6715,22.264,21.8613997621818,63,63,63,63,61,63,0,9004,1.9064526870154,22,-86,0.001869,51,2024-05-11 04:46:59.000496,342,1.037,0.0011,"aoml_navis",1028.01834091777
"7901009",34,0,1,0.013083,1,-0.009345,1,145.054980814861,1,4.8636555884036,344,1,16.8490009307861,36.2680015563965,0.0130829997360706,0,139.878005981445,-85.6715,22.264,21.8613997621818,63,63,63,63,61,63,0,9004,1.9064526870154,22,-86,0.001869,51,2024-05-11 04:46:59.000496,344,1.037,0.0011,"aoml_navis",1028.03331961282
"7901009",34,0,1,0.020559,1,-0.001869,1,143.355518229645,1,4.8635163185778,346,1,16.6879997253418,36.2439994812012,0.020558999851346,0,138.239196777344,-85.6715,22.264,21.8613997621818,63,63,63,63,61,63,0,9004,1.9064526870154,22,-86,0.001869,51,2024-05-11 04:46:59.000496,346,1.037,0.0011,"aoml_navis",1028.06275798867
"7901009",34,0,1,0.016821,1,-0.005607,1,141.692876990931,1,4.86341220173114,348,1,16.5410003662109,36.2150001525879,0.0168210007250309,0,136.635894775391,-85.6715,22.264,21.8613997621818,63,63,63,63,61,63,0,9004,1.9064526870154,22,-86,0.001869,51,2024-05-11 04:46:59.000496,348,1.037,0.0011,"aoml_navis",1028.0847669503
"7901009",34,0,1,0.016821,1,-0.005607,1,141.219895955981,1,4.86331011530687,350,1,16.4109992980957,36.1910018920898,0.0168210007250309,0,136.179794311523,-85.6715,22.264,21.8613997621818,63,63,63,63,61,63,0,9004,1.9064526870154,22,-86,0.001869,51,2024-05-11 04:46:59.000496,350,1.037,0.0011,"aoml_navis",1028.10634762174
"7901009",34,0,1,0.014952,1,-0.007476,1,141.591669714509,1,4.86319713379464,352,1,16.2900009155273,36.1730003356934,0.0149520002305508,0,136.538299560547,-85.6715,22.264,21.8613997621818,63,63,63,63,61,63,0,9004,1.9064526870154,22,-86,0.001869,51,2024-05-11 04:46:59.000496,352,1.037,0.0011,"aoml_navis",1028.13023252845
"7901009",34,0,1,0.014952,1,-0.007476,1,141.56181071973,1,4.86311046052322,354,1,16.2080001831055,36.1599998474121,0.0149520002305508,0,136.509506225586,-85.6715,22.264,21.8613997621818,63,63,63,63,61,63,0,9004,1.9064526870154,22,-86,0.001869,51,2024-05-11 04:46:59.000496,354,1.037,0.0011,"aoml_navis",1028.14855648211
"7901009",34,0,1,0.01869,1,-0.003738,1,141.478215028463,1,4.8630454625283,356,1,16.1580009460449,36.1510009765625,0.0186899993568659,0,136.428894042969,-85.6715,22.264,21.8613997621818,63,63,63,63,61,63,0,9004,1.9064526870154,22,-86,0.001869,51,2024-05-11 04:46:59.000496,356,1.037,0.0011,"aoml_navis",1028.16229840477
"7901009",34,0,1,0.014952,1,-0.007476,1,141.314172527733,1,4.86299245344185,358,1,16.1380004882812,36.1479988098145,0.0149520002305508,0,136.270706176758,-85.6715,22.264,21.8613997621818,63,63,63,63,61,63,0,9004,1.9064526870154,22,-86,0.001869,51,2024-05-11 04:46:59.000496,358,1.037,0.0011,"aoml_navis",1028.17350589577
"7901009",34,0,1,0.01869,1,-0.003738,1,141.115270797803,1,4.86293688376193,360,1,16.1060009002686,36.1419982910156,0.0186899993568659,0,136.078903198242,-85.6715,22.264,21.8613997621818,63,63,63,63,61,63,0,9004,1.9064526870154,22,-86,0.001869,51,2024-05-11 04:46:59.000496,360,1.037,0.0011,"aoml_navis",1028.18525502475
"7901009",34,0,1,0.022428,1,0,1,140.908583892764,1,4.86286733322559,362,1,16.0550003051758,36.1339988708496,0.0224280003458261,0,135.879592895508,-85.6715,22.264,21.8613997621818,63,63,63,63,61,63,0,9004,1.9064526870154,22,-86,0.001869,51,2024-05-11 04:46:59.000496,362,1.037,0.0011,"aoml_navis",1028.19996051248
"7901009",34,0,1,0.016821,1,-0.005607,1,140.746092097645,1,4.86277807986224,364,1,15.9700002670288,36.1209983825684,0.0168210007250309,0,135.722900390625,-85.6715,22.264,21.8613997621818,63,63,63,63,61,63,0,9004,1.9064526870154,22,-86,0.001869,51,2024-05-11 04:46:59.000496,364,1.037,0.0011,"aoml_navis",1028.21883250359
"7901009",34,0,1,0.01869,1,-0.003738,1,140.54853536748,1,4.86272077250201,366,1,15.9329996109009,36.1139984130859,0.0186899993568659,0,135.53239440918,-85.6715,22.264,21.8613997621818,63,63,63,63,61,63,0,9004,1.9064526870154,22,-86,0.001869,51,2024-05-11 04:46:59.000496,366,1.037,0.0011,"aoml_navis",1028.23095010396
"7901009",34,0,1,0.016821,1,-0.005607,1,140.461221147452,1,4.86265765055052,368,1,15.8940000534058,36.1080017089844,0.0168210007250309,0,135.448196411133,-85.6715,22.264,21.8613997621818,63,63,63,63,61,63,0,9004,1.9064526870154,22,-86,0.001869,51,2024-05-11 04:46:59.000496,368,1.037,0.0011,"aoml_navis",1028.24429752605
"7901009",34,0,1,0.014952,1,-0.007476,1,140.260040829686,1,4.8625965274942,370,1,15.8599996566772,36.1030006408691,0.0149520002305508,0,135.254196166992,-85.6715,22.264,21.8613997621818,63,63,63,63,61,63,0,9004,1.9064526870154,22,-86,0.001869,51,2024-05-11 04:46:59.000496,370,1.037,0.0011,"aoml_navis",1028.25722260296
"7901009",34,0,1,0.013083,1,-0.009345,1,140.125952264895,1,4.86254292357675,372,1,15.8360004425049,36.0989990234375,0.0130829997360706,0,135.124893188477,-85.6715,22.264,21.8613997621818,63,63,63,63,61,63,0,9004,1.9064526870154,22,-86,0.001869,51,2024-05-11 04:46:59.000496,372,1.037,0.0011,"aoml_navis",1028.26855795077
"7901009",34,0,1,0.01869,1,-0.003738,1,139.980565702079,1,4.8625009378448,374,1,15.8290004730225,36.0970001220703,0.0186899993568659,0,134.98469543457,-85.6715,22.264,21.8613997621818,63,63,63,63,61,63,0,9004,1.9064526870154,22,-86,0.001869,51,2024-05-11 04:46:59.000496,374,1.037,0.0011,"aoml_navis",1028.27743663452
"7901009",34,0,1,0.020559,1,-0.001869,1,139.849072195658,1,4.8624451407713,376,1,15.8030004501343,36.0929985046387,0.020558999851346,0,134.857894897461,-85.6715,22.264,21.8613997621818,63,63,63,63,61,63,0,9004,1.9064526870154,22,-86,0.001869,51,2024-05-11 04:46:59.000496,376,1.037,0.0011,"aoml_navis",1028.28923622712
"7901009",34,0,1,0.014952,1,-0.007476,1,139.749320683687,1,4.86239157135386,378,1,15.7790002822876,36.0890007019043,0.0149520002305508,0,134.761703491211,-85.6715,22.264,21.8613997621818,63,63,63,63,61,63,0,9004,1.9064526870154,22,-86,0.001869,51,2024-05-11 04:46:59.000496,378,1.037,0.0011,"aoml_navis",1028.3005649847
"7901009",34,0,1,0.014952,1,-0.007476,1,139.553314659133,1,4.86234770142608,380,1,15.7670001983643,36.0859985351562,0.0149520002305508,0,134.572692871094,-85.6715,22.264,21.8613997621818,63,63,63,63,61,63,0,9004,1.9064526870154,22,-86,0.001869,51,2024-05-11 04:46:59.000496,380,1.037,0.0011,"aoml_navis",1028.30984269873
"7901009",34,0,1,0.01869,1,-0.003738,1,139.411045331067,1,4.86228481869538,382,1,15.7279996871948,36.0800018310547,0.0186899993568659,0,134.435501098633,-85.6715,22.264,21.8613997621818,63,63,63,63,61,63,0,9004,1.9064526870154,22,-86,0.001869,51,2024-05-11 04:46:59.000496,382,1.037,0.0011,"aoml_navis",1028.32314157639
"7901009",34,0,1,0.020559,1,-0.001869,1,139.234027538487,1,4.86223212327758,384,1,15.7080001831055,36.0769996643066,0.020558999851346,0,134.264801025391,-85.6715,22.264,21.8613997621818,63,63,63,63,61,63,0,9004,1.9064526870154,22,-86,0.001869,51,2024-05-11 04:46:59.000496,384,1.037,0.0011,"aoml_navis",1028.3342862351
"7901009",34,0,1,0.016821,1,-0.005607,1,139.0672792147,1,4.86217265429808,386,1,15.6719999313354,36.0709991455078,0.0168210007250309,0,134.10400390625,-85.6715,22.264,21.8613997621818,63,63,63,63,61,63,0,9004,1.9064526870154,22,-86,0.001869,51,2024-05-11 04:46:59.000496,386,1.037,0.0011,"aoml_navis",1028.34686373798
"7901009",34,0,1,0.01869,1,-0.003738,1,138.925627004173,1,4.86212187395416,388,1,15.6569995880127,36.0690002441406,0.0186899993568659,0,133.967407226562,-85.6715,22.264,21.8613997621818,63,63,63,63,61,63,0,9004,1.9064526870154,22,-86,0.001869,51,2024-05-11 04:46:59.000496,388,1.037,0.0011,"aoml_navis",1028.35760386518
"7901009",34,0,1,0.016821,1,-0.005607,1,138.724747333413,1,4.86207804246823,390,1,15.6450004577637,36.0660018920898,0.0168210007250309,0,133.773696899414,-85.6715,22.264,21.8613997621818,63,63,63,63,61,63,0,9004,1.9064526870154,22,-86,0.001869,51,2024-05-11 04:46:59.000496,390,1.037,0.0011,"aoml_navis",1028.36687447776
"7901009",34,0,1,0.01869,1,-0.003738,1,138.249899122318,1,4.86203390832882,392,1,15.6359996795654,36.0639991760254,0.0186899993568659,0,133.315795898438,-85.6715,22.264,21.8613997621818,63,63,63,63,61,63,0,9004,1.9064526870154,22,-86,0.001869,51,2024-05-11 04:46:59.000496,392,1.037,0.0011,"aoml_navis",1028.37620927218
"7901009",34,0,1,0.01869,1,-0.003738,1,137.861653072553,1,4.86195964821477,394,1,15.5699996948242,36.0530014038086,0.0186899993568659,0,132.94140625,-85.6715,22.264,21.8613997621818,63,63,63,63,61,63,0,9004,1.9064526870154,22,-86,0.001869,51,2024-05-11 04:46:59.000496,394,1.037,0.0011,"aoml_navis",1028.39191638209
"7901009",34,0,1,0.014952,1,-0.007476,1,137.300519170662,1,4.86186939291128,396,1,15.4759998321533,36.0379981994629,0.0149520002305508,0,132.400299072266,-85.6715,22.264,21.8613997621818,63,63,63,63,61,63,0,9004,1.9064526870154,22,-86,0.001869,51,2024-05-11 04:46:59.000496,396,1.037,0.0011,"aoml_navis",1028.41100735658
"7901009",34,0,1,0.01869,1,-0.003738,1,136.71118774429,1,4.86178167489398,398,1,15.3839998245239,36.0229988098145,0.0186899993568659,0,131.832000732422,-85.6715,22.264,21.8613997621818,63,63,63,63,61,63,0,9004,1.9064526870154,22,-86,0.001869,51,2024-05-11 04:46:59.000496,398,1.037,0.0011,"aoml_navis",1028.42956231864
"7901009",34,0,1,0.016821,1,-0.005607,1,136.249299001518,1,4.86167259118922,400,1,15.2519998550415,36.0019989013672,0.0168210007250309,0,131.386596679688,-85.6715,22.264,21.8613997621818,63,63,63,63,61,63,0,9004,1.9064526870154,22,-86,0.001869,51,2024-05-11 04:46:59.000496,400,1.037,0.0011,"aoml_navis",1028.45263769129
"7901009",34,0,1,0.020559,1,-0.001869,1,135.675632866524,1,4.8616203153415,402,1,15.2119998931885,35.9930000305176,0.020558999851346,0,130.833404541016,-85.6715,22.264,21.8613997621818,63,63,63,63,61,63,0,9004,1.9064526870154,22,-86,0.001869,51,2024-05-11 04:46:59.000496,402,1.037,0.0011,"aoml_navis",1028.46369639806
"7901009",34,0,1,0.022428,1,0,1,134.653037457081,1,4.86156154230194,404,1,15.1759996414185,35.9869995117188,0.0224280003458261,0,129.847305297852,-85.6715,22.264,21.8613997621818,63,63,63,63,61,63,0,9004,1.9064526870154,22,-86,0.001869,51,2024-05-11 04:46:59.000496,404,1.037,0.0011,"aoml_navis",1028.47612983883
"7901009",34,0,1,0.016821,1,-0.005607,1,133.235645057841,1,4.86150366314427,406,1,15.1239995956421,35.976001739502,0.0168210007250309,0,128.480499267578,-85.6715,22.264,21.8613997621818,63,63,63,63,61,63,0,9004,1.9064526870154,22,-86,0.001869,51,2024-05-11 04:46:59.000496,406,1.037,0.0011,"aoml_navis",1028.48837447263
"7901009",34,0,1,0.020559,1,-0.001869,1,132.426050140568,1,4.86140019521046,408,1,14.9790000915527,35.9500007629395,0.020558999851346,0,127.699798583984,-85.6715,22.264,21.8613997621818,63,63,63,63,61,63,0,9004,1.9064526870154,22,-86,0.001869,51,2024-05-11 04:46:59.000496,408,1.037,0.0011,"aoml_navis",1028.51026437323
"7901009",34,0,1,0.020559,1,-0.001869,1,132.063620174524,1,4.86128672713949,410,1,14.8339996337891,35.9269981384277,0.020558999851346,0,127.350303649902,-85.6715,22.264,21.8613997621818,63,63,63,63,61,63,0,9004,1.9064526870154,22,-86,0.001869,51,2024-05-11 04:46:59.000496,410,1.037,0.0011,"aoml_navis",1028.53427099581
"7901009",34,0,1,0.022428,1,0,1,132.066935203356,1,4.86120786827647,412,1,14.7480001449585,35.9119987487793,0.0224280003458261,0,127.353500366211,-85.6715,22.264,21.8613997621818,63,63,63,63,61,63,0,9004,1.9064526870154,22,-86,0.001869,51,2024-05-11 04:46:59.000496,412,1.037,0.0011,"aoml_navis",1028.55095595259
"7901009",34,0,1,0.016821,1,-0.005607,1,132.070875261491,1,4.86115694540285,414,1,14.7290000915527,35.9090003967285,0.0168210007250309,0,127.357299804688,-85.6715,22.264,21.8613997621818,63,63,63,63,61,63,0,9004,1.9064526870154,22,-86,0.001869,51,2024-05-11 04:46:59.000496,414,1.037,0.0011,"aoml_navis",1028.5617305009
"7901009",34,0,1,0.022428,1,0,1,131.981488159472,1,4.86110755514999,416,1,14.7080001831055,35.9049987792969,0.0224280003458261,0,127.271102905273,-85.6715,22.264,21.8613997621818,63,63,63,63,61,63,0,9004,1.9064526870154,22,-86,0.001869,51,2024-05-11 04:46:59.000496,416,1.037,0.0011,"aoml_navis",1028.57218098432
"7901009",34,0,1,0.016821,1,-0.005607,1,131.988846099362,1,4.86104797748036,418,1,14.673999786377,35.9000015258789,0.0168210007250309,0,127.278198242188,-85.6715,22.264,21.8613997621818,63,63,63,63,61,63,0,9004,1.9064526870154,22,-86,0.001869,51,2024-05-11 04:46:59.000496,418,1.037,0.0011,"aoml_navis",1028.58478730582
"7901009",34,0,1,0.016821,1,-0.005607,1,132.028666004165,1,4.86098451746376,420,1,14.6260004043579,35.8919982910156,0.0168210007250309,0,127.316596984863,-85.6715,22.264,21.8613997621818,63,63,63,63,61,63,0,9004,1.9064526870154,22,-86,0.001869,51,2024-05-11 04:46:59.000496,420,1.037,0.0011,"aoml_navis",1028.59821545138
"7901009",34,0,1,0.01869,1,-0.003738,1,132.067971644351,1,4.86093458672827,422,1,14.6009998321533,35.8870010375977,0.0186899993568659,0,127.354499816895,-85.6715,22.264,21.8613997621818,63,63,63,63,61,63,0,9004,1.9064526870154,22,-86,0.001869,51,2024-05-11 04:46:59.000496,422,1.037,0.0011,"aoml_navis",1028.60878104623
"7901009",34,0,1,0.01869,1,-0.003738,1,131.922585081535,1,4.86086351867776,424,1,14.5559997558594,35.8819999694824,0.0186899993568659,0,127.214302062988,-85.6715,22.264,21.8613997621818,63,63,63,63,61,63,0,9004,1.9064526870154,22,-86,0.001869,51,2024-05-11 04:46:59.000496,424,1.037,0.0011,"aoml_navis",1028.62381977762
"7901009",34,0,1,0.01869,1,-0.003738,1,131.727726262664,1,4.86078842789254,426,1,14.4829998016357,35.8699989318848,0.0186899993568659,0,127.026397705078,-85.6715,22.264,21.8613997621818,63,63,63,63,61,63,0,9004,1.9064526870154,22,-86,0.001869,51,2024-05-11 04:46:59.000496,426,1.037,0.0011,"aoml_navis",1028.6397102389
"7901009",34,0,1,0.020559,1,-0.001869,1,131.322256304145,1,4.86072647426066,428,1,14.4429998397827,35.8639984130859,0.020558999851346,0,126.635398864746,-85.6715,22.264,21.8613997621818,63,63,63,63,61,63,0,9004,1.9064526870154,22,-86,0.001869,51,2024-05-11 04:46:59.000496,428,1.037,0.0011,"aoml_navis",1028.65282102929
"7901009",34,0,1,0.020559,1,-0.001869,1,130.892623820439,1,4.86067290742156,430,1,14.4040002822876,35.8559989929199,0.020558999851346,0,126.221099853516,-85.6715,22.264,21.8613997621818,63,63,63,63,61,63,0,9004,1.9064526870154,22,-86,0.001869,51,2024-05-11 04:46:59.000496,430,1.037,0.0011,"aoml_navis",1028.66415725397
"7901009",34,0,1,0.01869,1,-0.003738,1,130.687503444538,1,4.86058981193048,432,1,14.3159999847412,35.8419990539551,0.0186899993568659,0,126.023300170898,-85.6715,22.264,21.8613997621818,63,63,63,63,61,63,0,9004,1.9064526870154,22,-86,0.001869,51,2024-05-11 04:46:59.000496,432,1.037,0.0011,"aoml_navis",1028.68174305253
"7901009",34,0,1,0.020559,1,-0.001869,1,130.601953547731,1,4.86054173363015,434,1,14.2889995574951,35.8359985351562,0.020558999851346,0,125.940803527832,-85.6715,22.264,21.8613997621818,63,63,63,63,61,63,0,9004,1.9064526870154,22,-86,0.001869,51,2024-05-11 04:46:59.000496,434,1.037,0.0011,"aoml_navis",1028.69191831127
"7901009",34,0,1,0.022428,1,0,1,130.47460580529,1,4.86049482145547,436,1,14.2770004272461,35.8339996337891,0.0224280003458261,0,125.818000793457,-85.6715,22.264,21.8613997621818,63,63,63,63,61,63,0,9004,1.9064526870154,22,-86,0.001869,51,2024-05-11 04:46:59.000496,436,1.037,0.0011,"aoml_navis",1028.70184696602
"7901009",34,0,1,0.020559,1,-0.001869,1,130.277262692735,1,4.86043844839319,438,1,14.2489995956421,35.8300018310547,0.020558999851346,0,125.627700805664,-85.6715,22.264,21.8613997621818,63,63,63,63,61,63,0,9004,1.9064526870154,22,-86,0.001869,51,2024-05-11 04:46:59.000496,438,1.037,0.0011,"aoml_navis",1028.71377820924
"7901009",34,0,1,0.01869,1,-0.003738,1,130.189117737558,1,4.86038416306868,439.899993896484,1,14.21399974823,35.8240013122559,0.0186899993568659,0,125.542701721191,-85.6715,22.264,21.8613997621818,63,63,63,63,61,63,0,9004,1.9064526870154,22,-86,0.001869,51,2024-05-11 04:46:59.000496,439.899993896484,1.037,0.0011,"aoml_navis",1028.72526784862
"7901009",34,0,1,0.016821,1,-0.005607,1,130.060219289507,1,4.86034043397306,442,1,14.2069997787476,35.8219985961914,0.0168210007250309,0,125.418403625488,-85.6715,22.264,21.8613997621818,63,63,63,63,61,63,0,9004,1.9064526870154,22,-86,0.001869,51,2024-05-11 04:46:59.000496,442,1.037,0.0011,"aoml_navis",1028.73452341954
"7901009",34,0,1,0.020559,1,-0.001869,1,129.853437443308,1,4.86029564282839,444,1,14.1969995498657,35.8199996948242,0.020558999851346,0,125.21900177002,-85.6715,22.264,21.8613997621818,63,63,63,63,61,63,0,9004,1.9064526870154,22,-86,0.001869,51,2024-05-11 04:46:59.000496,444,1.037,0.0011,"aoml_navis",1028.74400395329
"7901009",34,0,1,0.020559,1,-0.001869,1,129.703897204748,1,4.86022422257443,446,1,14.1440000534058,35.8129997253418,0.020558999851346,0,125.074798583984,-85.6715,22.264,21.8613997621818,63,63,63,63,61,63,0,9004,1.9064526870154,22,-86,0.001869,51,2024-05-11 04:46:59.000496,446,1.037,0.0011,"aoml_navis",1028.75912118958
"7901009",34,0,1,0.016821,1,-0.005607,1,129.482185861159,1,4.86015759111375,448,1,14.0920000076294,35.8050003051758,0.0168210007250309,0,124.861000061035,-85.6715,22.264,21.8613997621818,63,63,63,63,61,63,0,9004,1.9064526870154,22,-86,0.001869,51,2024-05-11 04:46:59.000496,448,1.037,0.0011,"aoml_navis",1028.77322520199
"7901009",34,0,1,0.022428,1,0,1,129.132715363438,1,4.86010039656951,450,1,14.0559997558594,35.798999786377,0.0224280003458261,0,124.524002075195,-85.6715,22.264,21.8613997621818,63,63,63,63,61,63,0,9004,1.9064526870154,22,-86,0.001869,51,2024-05-11 04:46:59.000496,450,1.037,0.0011,"aoml_navis",1028.78533199216
"7901009",34,0,1,0.016821,1,-0.005607,1,128.722783170405,1,4.86005569459742,452,1,14.0319995880127,35.7929992675781,0.0168210007250309,0,124.128700256348,-85.6715,22.264,21.8613997621818,63,63,63,63,61,63,0,9004,1.9064526870154,22,-86,0.001869,51,2024-05-11 04:46:59.000496,452,1.037,0.0011,"aoml_navis",1028.79479458603
"7901009",34,0,1,0.024297,1,0.001869,1,128.359205998679,1,4.85999136476441,454,1,13.9820003509521,35.7849998474121,0.0242970008403063,0,123.778099060059,-85.6715,22.264,21.8613997621818,63,63,63,63,61,63,0,9004,1.9064526870154,22,-86,0.001869,51,2024-05-11 04:46:59.000496,454,1.037,0.0011,"aoml_navis",1028.8084123463
"7901009",34,0,1,0.01869,1,-0.003738,1,127.992519503968,1,4.85993186503538,456,1,13.9259996414185,35.773998260498,0.0186899993568659,0,123.424499511719,-85.6715,22.264,21.8613997621818,63,63,63,63,61,63,0,9004,1.9064526870154,22,-86,0.001869,51,2024-05-11 04:46:59.000496,456,1.037,0.0011,"aoml_navis",1028.82100795946
"7901009",34,0,1,0.01869,1,-0.003738,1,127.336713442159,1,4.85985648202917,458,1,13.8579998016357,35.7639999389648,0.0186899993568659,0,122.792098999023,-85.6715,22.264,21.8613997621818,63,63,63,63,61,63,0,9004,1.9064526870154,22,-86,0.001869,51,2024-05-11 04:46:59.000496,458,1.037,0.0011,"aoml_navis",1028.83696637731
"7901009",34,0,1,0.026166,1,0.003738,1,127.275223217616,1,4.85973197491504,460,1,13.6850004196167,35.7379989624023,0.0261659994721413,0,122.732803344727,-85.6715,22.264,21.8613997621818,63,63,63,63,61,63,0,9004,1.9064526870154,22,-86,0.001869,51,2024-05-11 04:46:59.000496,460,1.037,0.0011,"aoml_navis",1028.86332534572
"7901009",34,0,1,0.020559,1,-0.001869,1,127.010471881552,1,4.85968206923634,462,1,13.6520004272461,35.7309989929199,0.020558999851346,0,122.477500915527,-85.6715,22.264,21.8613997621818,63,63,63,63,61,63,0,9004,1.9064526870154,22,-86,0.001869,51,2024-05-11 04:46:59.000496,462,1.037,0.0011,"aoml_navis",1028.8738910827
"7901009",34,0,1,0.022428,1,0,1,126.807115828872,1,4.8596265260424,464,1,13.6169996261597,35.7249984741211,0.0224280003458261,0,122.281402587891,-85.6715,22.264,21.8613997621818,63,63,63,63,61,63,0,9004,1.9064526870154,22,-86,0.001869,51,2024-05-11 04:46:59.000496,464,1.037,0.0011,"aoml_navis",1028.88565061643
"7901009",34,0,1,0.01869,1,-0.003738,1,126.663074265821,1,4.8595726356139,466,1,13.5799999237061,35.7179985046387,0.0186899993568659,0,122.142501831055,-85.6715,22.264,21.8613997621818,63,63,63,63,61,63,0,9004,1.9064526870154,22,-86,0.001869,51,2024-05-11 04:46:59.000496,466,1.037,0.0011,"aoml_navis",1028.89706048572
"7901009",34,0,1,0.026166,1,0.003738,1,126.500677411862,1,4.85951498098274,468,1,13.5500001907349,35.7140007019043,0.0261659994721413,0,121.985900878906,-85.6715,22.264,21.8613997621818,63,63,63,63,61,63,0,9004,1.9064526870154,22,-86,0.001869,51,2024-05-11 04:46:59.000496,468,1.037,0.0011,"aoml_navis",1028.90926760531
"7901009",34,0,1,0.020559,1,-0.001869,1,126.464797565194,1,4.85945814120293,470,1,13.5100002288818,35.7070007324219,0.020558999851346,0,121.951301574707,-85.6715,22.264,21.8613997621818,63,63,63,63,61,63,0,9004,1.9064526870154,22,-86,0.001869,51,2024-05-11 04:46:59.000496,470,1.037,0.0011,"aoml_navis",1028.92130248132
"7901009",34,0,1,0.022428,1,0,1,126.316610238162,1,4.85941357407483,472,1,13.5,35.7050018310547,0.0224280003458261,0,121.808403015137,-85.6715,22.264,21.8613997621818,63,63,63,63,61,63,0,9004,1.9064526870154,22,-86,0.001869,51,2024-05-11 04:46:59.000496,472,1.037,0.0011,"aoml_navis",1028.93073902481
"7901009",34,0,1,0.022428,1,0,1,126.153485501977,1,4.85935459638102,474,1,13.4650001525879,35.7000007629395,0.0224280003458261,0,121.651100158691,-85.6715,22.264,21.8613997621818,63,63,63,63,61,63,0,9004,1.9064526870154,22,-86,0.001869,51,2024-05-11 04:46:59.000496,474,1.037,0.0011,"aoml_navis",1028.94322709516
"7901009",34,0,1,0.022428,1,0,1,125.93799280436,1,4.85930781367505,476,1,13.4420003890991,35.6949996948242,0.0224280003458261,0,121.443298339844,-85.6715,22.264,21.8613997621818,63,63,63,63,61,63,0,9004,1.9064526870154,22,-86,0.001869,51,2024-05-11 04:46:59.000496,476,1.037,0.0011,"aoml_navis",1028.95313318679
"7901009",34,0,1,0.022428,1,0,1,125.645352502585,1,4.85925941835096,478,1,13.4209995269775,35.6910018920898,0.0224280003458261,0,121.161102294922,-85.6715,22.264,21.8613997621818,63,63,63,63,61,63,0,9004,1.9064526870154,22,-86,0.001869,51,2024-05-11 04:46:59.000496,478,1.037,0.0011,"aoml_navis",1028.96338094598
"7901009",34,0,1,0.020559,1,-0.001869,1,125.330511792926,1,4.85919976087431,480,1,13.3780002593994,35.6839981079102,0.020558999851346,0,120.857498168945,-85.6715,22.264,21.8613997621818,63,63,63,63,61,63,0,9004,1.9064526870154,22,-86,0.001869,51,2024-05-11 04:46:59.000496,480,1.037,0.0011,"aoml_navis",1028.97601375835
"7901009",34,0,1,0.024297,1,0.001869,1,125.083079306776,1,4.85913775556797,482,1,13.3290004730225,35.6759986877441,0.0242970008403063,0,120.618896484375,-85.6715,22.264,21.8613997621818,63,63,63,63,61,63,0,9004,1.9064526870154,22,-86,0.001869,51,2024-05-11 04:46:59.000496,482,1.037,0.0011,"aoml_navis",1028.98914406586
"7901009",34,0,1,0.01869,1,-0.003738,1,124.746679042063,1,4.8590569919804,484,1,13.253999710083,35.6660003662109,0.0186899993568659,0,120.294502258301,-85.6715,22.264,21.8613997621818,63,63,63,63,61,63,0,9004,1.9064526870154,22,-86,0.001869,51,2024-05-11 04:46:59.000496,484,1.037,0.0011,"aoml_navis",1029.00624714882
"7901009",34,0,1,0.024297,1,0.001869,1,124.793754033832,1,4.85898067260491,486,1,13.164999961853,35.6510009765625,0.0242970008403063,0,120.339897155762,-85.6715,22.264,21.8613997621818,63,63,63,63,61,63,0,9004,1.9064526870154,22,-86,0.001869,51,2024-05-11 04:46:59.000496,486,1.037,0.0011,"aoml_navis",1029.0224096157
"7901009",34,0,1,0.020559,1,-0.001869,1,124.67771220118,1,4.85893994259876,488,1,13.1660003662109,35.6510009765625,0.020558999851346,0,120.227996826172,-85.6715,22.264,21.8613997621818,63,63,63,63,61,63,0,9004,1.9064526870154,22,-86,0.001869,51,2024-05-11 04:46:59.000496,488,1.037,0.0011,"aoml_navis",1029.03103538378
"7901009",34,0,1,0.022428,1,0,1,124.463983826784,1,4.85889685016355,490,1,13.16100025177,35.6500015258789,0.0224280003458261,0,120.021896362305,-85.6715,22.264,21.8613997621818,63,63,63,63,61,63,0,9004,1.9064526870154,22,-86,0.001869,51,2024-05-11 04:46:59.000496,490,1.037,0.0011,"aoml_navis",1029.04016162263
"7901009",34,0,1,0.016821,1,-0.005607,1,124.185553051936,1,4.85885777717888,492,1,13.1599998474121,35.648998260498,0.0168210007250309,0,119.753402709961,-85.6715,22.264,21.8613997621818,63,63,63,63,61,63,0,9004,1.9064526870154,22,-86,0.001869,51,2024-05-11 04:46:59.000496,492,1.037,0.0011,"aoml_navis",1029.04843675072
"7901009",34,0,1,0.01869,1,-0.003738,1,123.721591427173,1,4.85882133344779,494,1,13.1579999923706,35.6469993591309,0.0186899993568659,0,119.305999755859,-85.6715,22.264,21.8613997621818,63,63,63,63,61,63,0,9004,1.9064526870154,22,-86,0.001869,51,2024-05-11 04:46:59.000496,494,1.037,0.0011,"aoml_navis",1029.05615515853
"7901009",34,0,1,0.022428,1,0,1,122.99526781887,1,4.85878081819625,496,1,13.1409997940063,35.6419982910156,0.0224280003458261,0,118.605598449707,-85.6715,22.264,21.8613997621818,63,63,63,63,61,63,0,9004,1.9064526870154,22,-86,0.001869,51,2024-05-11 04:46:59.000496,496,1.037,0.0011,"aoml_navis",1029.06473600844
"7901009",34,0,1,0.024297,1,0.001869,1,122.410604332858,1,4.8586956382281,497.899993896484,1,13.0260000228882,35.6230010986328,0.0242970008403063,0,118.041801452637,-85.6715,22.264,21.8613997621818,63,63,63,63,61,63,0,9004,1.9064526870154,22,-86,0.001869,51,2024-05-11 04:46:59.000496,497.899993896484,1.037,0.0011,"aoml_navis",1029.08277700297
"7901009",34,0,1,0.020559,1,-0.001869,1,122.131232058175,1,4.85857434515723,500,1,12.8559999465942,35.5979995727539,0.020558999851346,0,117.772399902344,-85.6715,22.264,21.8613997621818,63,63,63,63,61,63,0,9004,1.9064526870154,22,-86,0.001869,51,2024-05-11 04:46:59.000496,500,1.037,0.0011,"aoml_navis",1029.10846779235
"7901009",34,0,1,0.024297,1,0.001869,1,121.748571713315,1,4.85850807364359,502,1,12.7720003128052,35.5820007324219,0.0242970008403063,0,117.403396606445,-85.6715,22.264,21.8613997621818,63,63,63,63,61,63,0,9004,1.9064526870154,22,-86,0.001869,51,2024-05-11 04:46:59.000496,502,1.037,0.0011,"aoml_navis",1029.12250514185
"7901009",34,0,1,0.024297,1,0.001869,1,121.834754551188,1,4.8584087045617,504,1,12.6389999389648,35.5620002746582,0.0242970008403063,0,117.486503601074,-85.6715,22.264,21.8613997621818,63,63,63,63,61,63,0,9004,1.9064526870154,22,-86,0.001869,51,2024-05-11 04:46:59.000496,504,1.037,0.0011,"aoml_navis",1029.14355379476
"7901009",34,0,1,0.028035,1,0.005607,1,121.686353606546,1,4.85834845154111,506,1,12.5939998626709,35.5550003051758,0.0280349999666214,0,117.343399047852,-85.6715,22.264,21.8613997621818,63,63,63,63,61,63,0,9004,1.9064526870154,22,-86,0.001869,51,2024-05-11 04:46:59.000496,506,1.037,0.0011,"aoml_navis",1029.15631718716
"7901009",34,0,1,0.020559,1,-0.001869,1,121.579022625312,1,4.85829879690108,508,1,12.5710000991821,35.5509986877441,0.020558999851346,0,117.239898681641,-85.6715,22.264,21.8613997621818,63,63,63,63,61,63,0,9004,1.9064526870154,22,-86,0.001869,51,2024-05-11 04:46:59.000496,508,1.037,0.0011,"aoml_navis",1029.16683576344
"7901009",34,0,1,0.020559,1,-0.001869,1,121.419117976799,1,4.85825218644839,510.100006103516,1,12.5570001602173,35.5480003356934,0.020558999851346,0,117.08570098877,-85.6715,22.264,21.8613997621818,63,63,63,63,61,63,0,9004,1.9064526870154,22,-86,0.001869,51,2024-05-11 04:46:59.000496,510.100006103516,1.037,0.0011,"aoml_navis",1029.17670967082
"7901009",34,0,1,0.022428,1,0,1,121.232352891807,1,4.85819808464254,512,1,12.5310001373291,35.5449981689453,0.0224280003458261,0,116.905601501465,-85.6715,22.264,21.8613997621818,63,63,63,63,61,63,0,9004,1.9064526870154,22,-86,0.001869,51,2024-05-11 04:46:59.000496,512,1.037,0.0011,"aoml_navis",1029.18817077585
"7901009",34,0,1,0.024297,1,0.001869,1,121.122632558049,1,4.85814311263144,514,1,12.4949998855591,35.5390014648438,0.0242970008403063,0,116.799797058105,-85.6715,22.264,21.8613997621818,63,63,63,63,61,63,0,9004,1.9064526870154,22,-86,0.001869,51,2024-05-11 04:46:59.000496,514,1.037,0.0011,"aoml_navis",1029.1998164895
"7901009",34,0,1,0.022428,1,0,1,121.030341838891,1,4.85808020130749,516,1,12.4469995498657,35.5320014953613,0.0224280003458261,0,116.710800170898,-85.6715,22.264,21.8613997621818,63,63,63,63,61,63,0,9004,1.9064526870154,22,-86,0.001869,51,2024-05-11 04:46:59.000496,516,1.037,0.0011,"aoml_navis",1029.21314445453
"7901009",34,0,1,0.022428,1,0,1,121.049005688569,1,4.85802439517135,518,1,12.4099998474121,35.5260009765625,0.0224280003458261,0,116.728797912598,-85.6715,22.264,21.8613997621818,63,63,63,63,61,63,0,9004,1.9064526870154,22,-86,0.001869,51,2024-05-11 04:46:59.000496,518,1.037,0.0011,"aoml_navis",1029.22496745174
"7901009",34,0,1,0.026166,1,0.003738,1,120.961382909772,1,4.85798041294663,520,1,12.4040002822876,35.5250015258789,0.0261659994721413,0,116.644302368164,-85.6715,22.264,21.8613997621818,63,63,63,63,61,63,0,9004,1.9064526870154,22,-86,0.001869,51,2024-05-11 04:46:59.000496,520,1.037,0.0011,"aoml_navis",1029.23428564571
"7901009",34,0,1,0.01869,1,-0.003738,1,120.831440108962,1,4.85793547761583,522,1,12.3970003128052,35.523998260498,0.0186899993568659,0,116.518997192383,-85.6715,22.264,21.8613997621818,63,63,63,63,61,63,0,9004,1.9064526870154,22,-86,0.001869,51,2024-05-11 04:46:59.000496,522,1.037,0.0011,"aoml_navis",1029.24380594159
"7901009",34,0,1,0.022428,1,0,1,120.695072956334,1,4.85788597698987,524,1,12.3739995956421,35.5200004577637,0.0224280003458261,0,116.387496948242,-85.6715,22.264,21.8613997621818,63,63,63,63,61,63,0,9004,1.9064526870154,22,-86,0.001869,51,2024-05-11 04:46:59.000496,524,1.037,0.0011,"aoml_navis",1029.25429367492
"7901009",34,0,1,0.026166,1,0.003738,1,120.615741705498,1,4.85782996359329,526,1,12.3479995727539,35.5169982910156,0.0261659994721413,0,116.310997009277,-85.6715,22.264,21.8613997621818,63,63,63,63,61,63,0,9004,1.9064526870154,22,-86,0.001869,51,2024-05-11 04:46:59.000496,526,1.037,0.0011,"aoml_navis",1029.26616153142
"7901009",34,0,1,0.024297,1,0.001869,1,120.547091335148,1,4.85778362209069,528,1,12.3319997787476,35.5139999389648,0.0242970008403063,0,116.24479675293,-85.6715,22.264,21.8613997621818,63,63,63,63,61,63,0,9004,1.9064526870154,22,-86,0.001869,51,2024-05-11 04:46:59.000496,528,1.037,0.0011,"aoml_navis",1029.27598035915
"7901009",34,0,1,0.028035,1,0.005607,1,120.379409423289,1,4.85773342772708,530,1,12.3120002746582,35.5110015869141,0.0280349999666214,0,116.083099365234,-85.6715,22.264,21.8613997621818,63,63,63,63,61,63,0,9004,1.9064526870154,22,-86,0.001869,51,2024-05-11 04:46:59.000496,530,1.037,0.0011,"aoml_navis",1029.28661574159
"7901009",34,0,1,0.022428,1,0,1,120.138512053643,1,4.85769044448917,532,1,12.3070001602173,35.5099983215332,0.0224280003458261,0,115.850799560547,-85.6715,22.264,21.8613997621818,63,63,63,63,61,63,0,9004,1.9064526870154,22,-86,0.001869,51,2024-05-11 04:46:59.000496,532,1.037,0.0011,"aoml_navis",1029.29572337658
"7901009",34,0,1,0.022428,1,0,1,119.877392216945,1,4.85764819950842,534,1,12.298999786377,35.507999420166,0.0224280003458261,0,115.598999023438,-85.6715,22.264,21.8613997621818,63,63,63,63,61,63,0,9004,1.9064526870154,22,-86,0.001869,51,2024-05-11 04:46:59.000496,534,1.037,0.0011,"aoml_navis",1029.30467474075
"7901009",34,0,1,0.024297,1,0.001869,1,119.442680381186,1,4.85760147670925,536,1,12.2749996185303,35.5029983520508,0.0242970008403063,0,115.179801940918,-85.6715,22.264,21.8613997621818,63,63,63,63,61,63,0,9004,1.9064526870154,22,-86,0.001869,51,2024-05-11 04:46:59.000496,536,1.037,0.0011,"aoml_navis",1029.31457509915
"7901009",34,0,1,0.026166,1,0.003738,1,119.055249243043,1,4.85751913895065,538,1,12.1759996414185,35.4879989624023,0.0261659994721413,0,114.806198120117,-85.6715,22.264,21.8613997621818,63,63,63,63,61,63,0,9004,1.9064526870154,22,-86,0.001869,51,2024-05-11 04:46:59.000496,538,1.037,0.0011,"aoml_navis",1029.33202257647
"7901009",34,0,1,0.028035,1,0.005607,1,119.221791860983,1,4.85741506058859,540,1,12.0270004272461,35.4659996032715,0.0280349999666214,0,114.966796875,-85.6715,22.264,21.8613997621818,63,63,63,63,61,63,0,9004,1.9064526870154,22,-86,0.001869,51,2024-05-11 04:46:59.000496,540,1.037,0.0011,"aoml_navis",1029.35407776212
"7901009",34,0,1,0.020559,1,-0.001869,1,119.094863441999,1,4.85735526894285,542,1,11.9890003204346,35.4609985351562,0.020558999851346,0,114.844398498535,-85.6715,22.264,21.8613997621818,63,63,63,63,61,63,0,9004,1.9064526870154,22,-86,0.001869,51,2024-05-11 04:46:59.000496,542,1.037,0.0011,"aoml_navis",1029.36674860272
"7901009",34,0,1,0.022428,1,0,1,118.946153938588,1,4.85729827488375,543.900024414062,1,11.9440002441406,35.4539985656738,0.0224280003458261,0,114.700996398926,-85.6715,22.264,21.8613997621818,63,63,63,63,61,63,0,9004,1.9064526870154,22,-86,0.001869,51,2024-05-11 04:46:59.000496,543.900024414062,1.037,0.0011,"aoml_navis",1029.37882687875
"7901009",34,0,1,0.026166,1,0.003738,1,118.638584139422,1,4.85725372491689,546,1,11.9280004501343,35.4500007629395,0.0261659994721413,0,114.404403686523,-85.6715,22.264,21.8613997621818,63,63,63,63,61,63,0,9004,1.9064526870154,22,-86,0.001869,51,2024-05-11 04:46:59.000496,546,1.037,0.0011,"aoml_navis",1029.38826817937
"7901009",34,0,1,0.028035,1,0.005607,1,118.214964595841,1,4.8572112896894,548,1,11.9119997024536,35.4459991455078,0.0280349999666214,0,113.995903015137,-85.6715,22.264,21.8613997621818,63,63,63,63,61,63,0,9004,1.9064526870154,22,-86,0.001869,51,2024-05-11 04:46:59.000496,548,1.037,0.0011,"aoml_navis",1029.39726147259
"7901009",34,0,1,0.024297,1,0.001869,1,117.91173835474,1,4.8571364179293,550,1,11.8269996643066,35.4329986572266,0.0242970008403063,0,113.703498840332,-85.6715,22.264,21.8613997621818,63,63,63,63,61,63,0,9004,1.9064526870154,22,-86,0.001869,51,2024-05-11 04:46:59.000496,550,1.037,0.0011,"aoml_navis",1029.41312941991
"7901009",34,0,1,0.026166,1,0.003738,1,117.816646871366,1,4.85703385884671,552,1,11.6850004196167,35.4129981994629,0.0261659994721413,0,113.611801147461,-85.6715,22.264,21.8613997621818,63,63,63,63,61,63,0,9004,1.9064526870154,22,-86,0.001869,51,2024-05-11 04:46:59.000496,552,1.037,0.0011,"aoml_navis",1029.43486607426
"7901009",34,0,1,0.020559,1,-0.001869,1,117.947934671941,1,4.85692496287522,554,1,11.5469999313354,35.3959999084473,0.020558999851346,0,113.738403320312,-85.6715,22.264,21.8613997621818,63,63,63,63,61,63,0,9004,1.9064526870154,22,-86,0.001869,51,2024-05-11 04:46:59.000496,554,1.037,0.0011,"aoml_navis",1029.45794679111
"7901009",34,0,1,0.020559,1,-0.001869,1,117.868911979875,1,4.85686564147035,556,1,11.4930000305176,35.3870010375977,0.020558999851346,0,113.662200927734,-85.6715,22.264,21.8613997621818,63,63,63,63,61,63,0,9004,1.9064526870154,22,-86,0.001869,51,2024-05-11 04:46:59.000496,556,1.037,0.0011,"aoml_navis",1029.47052051585
"7901009",34,0,1,0.026166,1,0.003738,1,117.870676303096,1,4.85680575499847,558,1,11.4540004730225,35.3819999694824,0.0261659994721413,0,113.663902282715,-85.6715,22.264,21.8613997621818,63,63,63,63,61,63,0,9004,1.9064526870154,22,-86,0.001869,51,2024-05-11 04:46:59.000496,558,1.037,0.0011,"aoml_navis",1029.48321432336
"7901009",34,0,1,0.024297,1,0.001869,1,117.889751564467,1,4.85675808074536,560,1,11.4359998703003,35.3790016174316,0.0242970008403063,0,113.68229675293,-85.6715,22.264,21.8613997621818,63,63,63,63,61,63,0,9004,1.9064526870154,22,-86,0.001869,51,2024-05-11 04:46:59.000496,560,1.037,0.0011,"aoml_navis",1029.49331979753
"7901009",34,0,1,0.026166,1,0.003738,1,117.790205758342,1,4.85671615580677,562,1,11.4359998703003,35.3790016174316,0.0261659994721413,0,113.586303710938,-85.6715,22.264,21.8613997621818,63,63,63,63,61,63,0,9004,1.9064526870154,22,-86,0.001869,51,2024-05-11 04:46:59.000496,562,1.037,0.0011,"aoml_navis",1029.50220675794
"7901009",34,0,1,0.024297,1,0.001869,1,117.672083131936,1,4.85667697149798,564,1,11.4350004196167,35.3779983520508,0.0242970008403063,0,113.472396850586,-85.6715,22.264,21.8613997621818,63,63,63,63,61,63,0,9004,1.9064526870154,22,-86,0.001869,51,2024-05-11 04:46:59.000496,564,1.037,0.0011,"aoml_navis",1029.51051291719
"7901009",34,0,1,0.022428,1,0,1,117.583938176759,1,4.85661905790307,566,1,11.4020004272461,35.3740005493164,0.0224280003458261,0,113.387397766113,-85.6715,22.264,21.8613997621818,63,63,63,63,61,63,0,9004,1.9064526870154,22,-86,0.001869,51,2024-05-11 04:46:59.000496,566,1.037,0.0011,"aoml_navis",1029.52278949357
"7901009",34,0,1,0.022428,1,0,1,117.455561905087,1,4.85657420865958,568,1,11.3870000839233,35.3709983825684,0.0224280003458261,0,113.263603210449,-85.6715,22.264,21.8613997621818,63,63,63,63,61,63,0,9004,1.9064526870154,22,-86,0.001869,51,2024-05-11 04:46:59.000496,568,1.037,0.0011,"aoml_navis",1029.53229687805
"7901009",34,0,1,0.024297,1,0.001869,1,117.213730947369,1,4.85653043313591,570,1,11.3850002288818,35.3709983825684,0.0242970008403063,0,113.030403137207,-85.6715,22.264,21.8613997621818,63,63,63,63,61,63,0,9004,1.9064526870154,22,-86,0.001869,51,2024-05-11 04:46:59.000496,570,1.037,0.0011,"aoml_navis",1029.54157681896
"7901009",34,0,1,0.024297,1,0.001869,1,116.776835464933,1,4.85649853996355,572,1,11.3839998245239,35.3680000305176,0.0242970008403063,0,112.609100341797,-85.6715,22.264,21.8613997621818,63,63,63,63,61,63,0,9004,1.9064526870154,22,-86,0.001869,51,2024-05-11 04:46:59.000496,572,1.037,0.0011,"aoml_navis",1029.54833793434
"7901009",34,0,1,0.028035,1,0.005607,1,116.475476399976,1,4.85641073831238,574,1,11.2749996185303,35.3530006408691,0.0280349999666214,0,112.318496704102,-85.6715,22.264,21.8613997621818,63,63,63,63,61,63,0,9004,1.9064526870154,22,-86,0.001869,51,2024-05-11 04:46:59.000496,574,1.037,0.0011,"aoml_navis",1029.56695169023
"7901009",34,0,1,0.028035,1,0.005607,1,116.572648677104,1,4.8563124599864,576,1,11.1420001983643,35.3349990844727,0.0280349999666214,0,112.412200927734,-85.6715,22.264,21.8613997621818,63,63,63,63,61,63,0,9004,1.9064526870154,22,-86,0.001869,51,2024-05-11 04:46:59.000496,576,1.037,0.0011,"aoml_navis",1029.58778727636
"7901009",34,0,1,0.028035,1,0.005607,1,116.430268584351,1,4.85626773376424,578,1,11.1230001449585,35.3310012817383,0.0280349999666214,0,112.27490234375,-85.6715,22.264,21.8613997621818,63,63,63,63,61,63,0,9004,1.9064526870154,22,-86,0.001869,51,2024-05-11 04:46:59.000496,578,1.037,0.0011,"aoml_navis",1029.5972697791
"7901009",34,0,1,0.024297,1,0.001869,1,116.214253710354,1,4.8562175526563,580,1,11.0939998626709,35.326000213623,0.0242970008403063,0,112.066596984863,-85.6715,22.264,21.8613997621818,63,63,63,63,61,63,0,9004,1.9064526870154,22,-86,0.001869,51,2024-05-11 04:46:59.000496,580,1.037,0.0011,"aoml_navis",1029.60790899186
"7901009",34,0,1,0.028035,1,0.005607,1,116.189988332244,1,4.85613835300769,582,1,11.0050001144409,35.3139991760254,0.0280349999666214,0,112.043197631836,-85.6715,22.264,21.8613997621818,63,63,63,63,61,63,0,9004,1.9064526870154,22,-86,0.001869,51,2024-05-11 04:46:59.000496,582,1.037,0.0011,"aoml_navis",1029.62470105556
"7901009",34,0,1,0.024297,1,0.001869,1,116.049372562712,1,4.85608921882511,584,1,10.9770002365112,35.3089981079102,0.0242970008403063,0,111.907600402832,-85.6715,22.264,21.8613997621818,63,63,63,63,61,63,0,9004,1.9064526870154,22,-86,0.001869,51,2024-05-11 04:46:59.000496,584,1.037,0.0011,"aoml_navis",1029.63511885593
"7901009",34,0,1,0.026166,1,0.003738,1,115.841451422594,1,4.85604194092855,586,1,10.9469995498657,35.3030014038086,0.0261659994721413,0,111.707099914551,-85.6715,22.264,21.8613997621818,63,63,63,63,61,63,0,9004,1.9064526870154,22,-86,0.001869,51,2024-05-11 04:46:59.000496,586,1.037,0.0011,"aoml_navis",1029.64514327154
"7901009",34,0,1,0.024297,1,0.001869,1,115.779850433365,1,4.85595599197179,588,1,10.8579998016357,35.2929992675781,0.0242970008403063,0,111.64769744873,-85.6715,22.264,21.8613997621818,63,63,63,63,61,63,0,9004,1.9064526870154,22,-86,0.001869,51,2024-05-11 04:46:59.000496,588,1.037,0.0011,"aoml_navis",1029.66336768009
"7901009",34,0,1,0.026166,1,0.003738,1,115.796963577432,1,4.85588206638018,590,1,10.7819995880127,35.2830009460449,0.0261659994721413,0,111.664199829102,-85.6715,22.264,21.8613997621818,63,63,63,63,61,63,0,9004,1.9064526870154,22,-86,0.001869,51,2024-05-11 04:46:59.000496,590,1.037,0.0011,"aoml_navis",1029.67904319951
"7901009",34,0,1,0.028035,1,0.005607,1,115.760458701461,1,4.85582606190739,592,1,10.7419996261597,35.2770004272461,0.0280349999666214,0,111.628997802734,-85.6715,22.264,21.8613997621818,63,63,63,63,61,63,0,9004,1.9064526870154,22,-86,0.001869,51,2024-05-11 04:46:59.000496,592,1.037,0.0011,"aoml_navis",1029.69091896096
"7901009",34,0,1,0.026166,1,0.003738,1,115.668682246919,1,4.85577356800507,594,1,10.71399974823,35.2729988098145,0.0261659994721413,0,111.540496826172,-85.6715,22.264,21.8613997621818,63,63,63,63,61,63,0,9004,1.9064526870154,22,-86,0.001869,51,2024-05-11 04:46:59.000496,594,1.037,0.0011,"aoml_navis",1029.70205055385
"7901009",34,0,1,0.026166,1,0.003738,1,115.599098288497,1,4.85570433277854,596,1,10.6549997329712,35.265998840332,0.0261659994721413,0,111.47339630127,-85.6715,22.264,21.8613997621818,63,63,63,63,61,63,0,9004,1.9064526870154,22,-86,0.001869,51,2024-05-11 04:46:59.000496,596,1.037,0.0011,"aoml_navis",1029.7167325958
"7901009",34,0,1,0.028035,1,0.005607,1,115.470302693369,1,4.85564514403632,598,1,10.6029996871948,35.257999420166,0.0280349999666214,0,111.349197387695,-85.6715,22.264,21.8613997621818,63,63,63,63,61,63,0,9004,1.9064526870154,22,-86,0.001869,51,2024-05-11 04:46:59.000496,598,1.037,0.0011,"aoml_navis",1029.72928450939
"7901009",34,0,1,0.024297,1,0.001869,1,115.426131318739,1,4.85556227801397,600,1,10.5159997940063,35.2480010986328,0.0242970008403063,0,111.306602478027,-85.6715,22.264,21.8613997621818,63,63,63,63,61,63,0,9004,1.9064526870154,22,-86,0.001869,51,2024-05-11 04:46:59.000496,600,1.037,0.0011,"aoml_navis",1029.74685808069
"7901009",34,0,1,0.028035,1,0.005607,1,115.433805729162,1,4.85549402911548,602,1,10.4409999847412,35.2369995117188,0.0280349999666214,0,111.314002990723,-85.6715,22.264,21.8613997621818,63,63,63,63,61,63,0,9004,1.9064526870154,22,-86,0.001869,51,2024-05-11 04:46:59.000496,602,1.037,0.0011,"aoml_navis",1029.76133221831
"7901009",34,0,1,0.028035,1,0.005607,1,115.31257377977,1,4.85543506281717,604,1,10.3970003128052,35.2309989929199,0.0280349999666214,0,111.19709777832,-85.6715,22.264,21.8613997621818,63,63,63,63,61,63,0,9004,1.9064526870154,22,-86,0.001869,51,2024-05-11 04:46:59.000496,604,1.037,0.0011,"aoml_navis",1029.77383804181
"7901009",34,0,1,0.020559,1,-0.001869,1,115.239366233746,1,4.85537367020051,606,1,10.3459997177124,35.2239990234375,0.020558999851346,0,111.126502990723,-85.6715,22.264,21.8613997621818,63,63,63,63,61,63,0,9004,1.9064526870154,22,-86,0.001869,51,2024-05-11 04:46:59.000496,606,1.037,0.0011,"aoml_navis",1029.78685877199
"7901009",34,0,1,0.024297,1,0.001869,1,115.11648072582,1,4.85531253506567,608,1,10.2910003662109,35.2159996032715,0.0242970008403063,0,111.008003234863,-85.6715,22.264,21.8613997621818,63,63,63,63,61,63,0,9004,1.9064526870154,22,-86,0.001869,51,2024-05-11 04:46:59.000496,608,1.037,0.0011,"aoml_navis",1029.79982522019
"7901009",34,0,1,0.026166,1,0.003738,1,114.908456732779,1,4.85525327964337,610,1,10.2379999160767,35.2080001831055,0.0261659994721413,0,110.807403564453,-85.6715,22.264,21.8613997621818,63,63,63,63,61,63,0,9004,1.9064526870154,22,-86,0.001869,51,2024-05-11 04:46:59.000496,610,1.037,0.0011,"aoml_navis",1029.81239330263
"7901009",34,0,1,0.029904,1,0.007476,1,114.887609236424,1,4.85516641493498,612,1,10.1280002593994,35.1940002441406,0.0299040004611015,0,110.787300109863,-85.6715,22.264,21.8613997621818,63,63,63,63,61,63,0,9004,1.9064526870154,22,-86,0.001869,51,2024-05-11 04:46:59.000496,612,1.037,0.0011,"aoml_navis",1029.83081787258
"7901009",34,0,1,0.026166,1,0.003738,1,114.929296317371,1,4.85509077036885,614,1,10.0430002212524,35.1829986572266,0.0261659994721413,0,110.827499389648,-85.6715,22.264,21.8613997621818,63,63,63,63,61,63,0,9004,1.9064526870154,22,-86,0.001869,51,2024-05-11 04:46:59.000496,614,1.037,0.0011,"aoml_navis",1029.84686311439
"7901009",34,0,1,0.028035,1,0.005607,1,114.977827073592,1,4.85502126744158,616,1,9.9689998626709,35.1730003356934,0.0280349999666214,0,110.874298095703,-85.6715,22.264,21.8613997621818,63,63,63,63,61,63,0,9004,1.9064526870154,22,-86,0.001869,51,2024-05-11 04:46:59.000496,616,1.037,0.0011,"aoml_navis",1029.86160607177
"7901009",34,0,1,0.029904,1,0.007476,1,114.988302248231,1,4.8549672789026,618,1,9.93400001525879,35.1679992675781,0.0299040004611015,0,110.884399414062,-85.6715,22.264,21.8613997621818,63,63,63,63,61,63,0,9004,1.9064526870154,22,-86,0.001869,51,2024-05-11 04:46:59.000496,618,1.037,0.0011,"aoml_navis",1029.8730584092
"7901009",34,0,1,0.026166,1,0.003738,1,114.971814133467,1,4.85491913189221,620,1,9.90999984741211,35.1640014648438,0.0261659994721413,0,110.868499755859,-85.6715,22.264,21.8613997621818,63,63,63,63,61,63,0,9004,1.9064526870154,22,-86,0.001869,51,2024-05-11 04:46:59.000496,620,1.037,0.0011,"aoml_navis",1029.88327182522
"7901009",34,0,1,0.028035,1,0.005607,1,114.876722650092,1,4.85486844171699,622,1,9.88300037384033,35.1599998474121,0.0280349999666214,0,110.776802062988,-85.6715,22.264,21.8613997621818,63,63,63,63,61,63,0,9004,1.9064526870154,22,-86,0.001869,51,2024-05-11 04:46:59.000496,622,1.037,0.0011,"aoml_navis",1029.89402494122
"7901009",34,0,1,0.031773,1,0.009345,1,114.855463742045,1,4.85481496238176,624,1,9.85700035095215,35.1570014953613,0.0317730009555817,0,110.756301879883,-85.6715,22.264,21.8613997621818,63,63,63,63,61,63,0,9004,1.9064526870154,22,-86,0.001869,51,2024-05-11 04:46:59.000496,624,1.037,0.0011,"aoml_navis",1029.90536997666
"7901009",34,0,1,0.026166,1,0.003738,1,114.753837142166,1,4.85476752803838,626,1,9.83800029754639,35.1539993286133,0.0261659994721413,0,110.658302307129,-85.6715,22.264,21.8613997621818,63,63,63,63,61,63,0,9004,1.9064526870154,22,-86,0.001869,51,2024-05-11 04:46:59.000496,626,1.037,0.0011,"aoml_navis",1029.91543284469
"7901009",34,0,1,0.026166,1,0.003738,1,114.7291524406,1,4.85471138706511,628,1,9.79599952697754,35.1479988098145,0.0261659994721413,0,110.634498596191,-85.6715,22.264,21.8613997621818,63,63,63,63,61,63,0,9004,1.9064526870154,22,-86,0.001869,51,2024-05-11 04:46:59.000496,628,1.037,0.0011,"aoml_navis",1029.92734301817
"7901009",34,0,1,0.026166,1,0.003738,1,114.792723458897,1,4.85464642079994,630,1,9.73499965667725,35.1399993896484,0.0261659994721413,0,110.69580078125,-85.6715,22.264,21.8613997621818,63,63,63,63,61,63,0,9004,1.9064526870154,22,-86,0.001869,51,2024-05-11 04:46:59.000496,630,1.037,0.0011,"aoml_navis",1029.94112580008
"7901009",34,0,1,0.028035,1,0.005607,1,114.819061718997,1,4.85458993853671,632,1,9.70100021362305,35.1360015869141,0.0280349999666214,0,110.721199035645,-85.6715,22.264,21.8613997621818,63,63,63,63,61,63,0,9004,1.9064526870154,22,-86,0.001869,51,2024-05-11 04:46:59.000496,632,1.037,0.0011,"aoml_navis",1029.95310897611
"7901009",34,0,1,0.029904,1,0.007476,1,114.783490431099,1,4.85454235962397,634,1,9.68599987030029,35.1339988708496,0.0299040004611015,0,110.686897277832,-85.6715,22.264,21.8613997621818,63,63,63,63,61,63,0,9004,1.9064526870154,22,-86,0.001869,51,2024-05-11 04:46:59.000496,634,1.037,0.0011,"aoml_navis",1029.96320344958
"7901009",34,0,1,0.028035,1,0.005607,1,114.828706158488,1,4.85448908055954,636,1,9.65999984741211,35.1310005187988,0.0280349999666214,0,110.730499267578,-85.6715,22.264,21.8613997621818,63,63,63,63,61,63,0,9004,1.9064526870154,22,-86,0.001869,51,2024-05-11 04:46:59.000496,636,1.037,0.0011,"aoml_navis",1029.97450751783
"7901009",34,0,1,0.024297,1,0.001869,1,114.815643837242,1,4.85444464760625,638,1,9.65299987792969,35.1300010681152,0.0242970008403063,0,110.717903137207,-85.6715,22.264,21.8613997621818,63,63,63,63,61,63,0,9004,1.9064526870154,22,-86,0.001869,51,2024-05-11 04:46:59.000496,638,1.037,0.0011,"aoml_navis",1029.98393492148
"7901009",34,0,1,0.031773,1,0.009345,1,114.792929164743,1,4.85439964388535,640,1,9.64099979400635,35.1279983520508,0.0317730009555817,0,110.695999145508,-85.6715,22.264,21.8613997621818,63,63,63,63,61,63,0,9004,1.9064526870154,22,-86,0.001869,51,2024-05-11 04:46:59.000496,640,1.037,0.0011,"aoml_navis",1029.99348360163
"7901009",34,0,1,0.026166,1,0.003738,1,114.776441049979,1,4.85435606638174,642,1,9.63500022888184,35.1269989013672,0.0261659994721413,0,110.680099487305,-85.6715,22.264,21.8613997621818,63,63,63,63,61,63,0,9004,1.9064526870154,22,-86,0.001869,51,2024-05-11 04:46:59.000496,642,1.037,0.0011,"aoml_navis",1030.00272984236
"7901009",34,0,1,0.028035,1,0.005607,1,114.76825237494,1,4.8543076599897,644,1,9.61900043487549,35.125,0.0280349999666214,0,110.672203063965,-85.6715,22.264,21.8613997621818,63,63,63,63,61,63,0,9004,1.9064526870154,22,-86,0.001869,51,2024-05-11 04:46:59.000496,644,1.037,0.0011,"aoml_navis",1030.01300086748
"7901009",34,0,1,0.026166,1,0.003738,1,114.891755000405,1,4.85424567835206,646,1,9.57400035858154,35.1199989318848,0.0261659994721413,0,110.791297912598,-85.6715,22.264,21.8613997621818,63,63,63,63,61,63,0,9004,1.9064526870154,22,-86,0.001869,51,2024-05-11 04:46:59.000496,646,1.037,0.0011,"aoml_navis",1030.02615263128
"7901009",34,0,1,0.028035,1,0.005607,1,114.905030939261,1,4.85418883871717,648,1,9.53499984741211,35.1150016784668,0.0280349999666214,0,110.804100036621,-85.6715,22.264,21.8613997621818,63,63,63,63,61,63,0,9004,1.9064526870154,22,-86,0.001869,51,2024-05-11 04:46:59.000496,648,1.037,0.0011,"aoml_navis",1030.03821361869
"7901009",34,0,1,0.028035,1,0.005607,1,114.923489083092,1,4.85413318890495,650,1,9.50599956512451,35.1119995117188,0.0280349999666214,0,110.821899414062,-85.6715,22.264,21.8613997621818,63,63,63,63,61,63,0,9004,1.9064526870154,22,-86,0.001869,51,2024-05-11 04:46:59.000496,650,1.037,0.0011,"aoml_navis",1030.05002240739
"7901009",34,0,1,0.024297,1,0.001869,1,114.955223165779,1,4.85407478706058,652,1,9.46500015258789,35.1069984436035,0.0242970008403063,0,110.852500915527,-85.6715,22.264,21.8613997621818,63,63,63,63,61,63,0,9004,1.9064526870154,22,-86,0.001869,51,2024-05-11 04:46:59.000496,652,1.037,0.0011,"aoml_navis",1030.06241546348
"7901009",34,0,1,0.031773,1,0.009345,1,114.936765021947,1,4.85402648039829,654,1,9.44900035858154,35.1049995422363,0.0317730009555817,0,110.834701538086,-85.6715,22.264,21.8613997621818,63,63,63,63,61,63,0,9004,1.9064526870154,22,-86,0.001869,51,2024-05-11 04:46:59.000496,654,1.037,0.0011,"aoml_navis",1030.07266651535
"7901009",34,0,1,0.028035,1,0.005607,1,114.892688588477,1,4.85397710009967,656,1,9.42300033569336,35.101001739502,0.0280349999666214,0,110.792198181152,-85.6715,22.264,21.8613997621818,63,63,63,63,61,63,0,9004,1.9064526870154,22,-86,0.001869,51,2024-05-11 04:46:59.000496,656,1.037,0.0011,"aoml_navis",1030.08314561215
"7901009",34,0,1,0.029904,1,0.007476,1,114.861682388016,1,4.85391746529392,658,1,9.37600040435791,35.0950012207031,0.0299040004611015,0,110.762298583984,-85.6715,22.264,21.8613997621818,63,63,63,63,61,63,0,9004,1.9064526870154,22,-86,0.001869,51,2024-05-11 04:46:59.000496,658,1.037,0.0011,"aoml_navis",1030.09580112365
"7901009",34,0,1,0.029904,1,0.007476,1,114.923591936015,1,4.85385238822596,660,1,9.31799983978271,35.0880012512207,0.0299040004611015,0,110.821998596191,-85.6715,22.264,21.8613997621818,63,63,63,63,61,63,0,9004,1.9064526870154,22,-86,0.001869,51,2024-05-11 04:46:59.000496,660,1.037,0.0011,"aoml_navis",1030.10961192981
"7901009",34,0,1,0.028035,1,0.005607,1,114.979282838043,1,4.85379379813433,662,1,9.27200031280518,35.0820007324219,0.0280349999666214,0,110.875701904297,-85.6715,22.264,21.8613997621818,63,63,63,63,61,63,0,9004,1.9064526870154,22,-86,0.001869,51,2024-05-11 04:46:59.000496,662,1.037,0.0011,"aoml_navis",1030.12204637162
"7901009",34,0,1,0.028035,1,0.005607,1,115.045338150023,1,4.85373667844295,664.099975585938,1,9.23900032043457,35.0779991149902,0.0280349999666214,0,110.939399719238,-85.6715,22.264,21.8613997621818,63,63,63,63,61,63,0,9004,1.9064526870154,22,-86,0.001869,51,2024-05-11 04:46:59.000496,664.099975585938,1.037,0.0011,"aoml_navis",1030.13416904272
"7901009",34,0,1,0.024297,1,0.001869,1,115.102168345969,1,4.85368762371574,666,1,9.21500015258789,35.0750007629395,0.0242970008403063,0,110.994201660156,-85.6715,22.264,21.8613997621818,63,63,63,63,61,63,0,9004,1.9064526870154,22,-86,0.001869,51,2024-05-11 04:46:59.000496,666,1.037,0.0011,"aoml_navis",1030.14458029177
"7901009",34,0,1,0.028035,1,0.005607,1,115.174655921531,1,4.85363151338792,668,1,9.1850004196167,35.0719985961914,0.0280349999666214,0,111.064102172852,-85.6715,22.264,21.8613997621818,63,63,63,63,61,63,0,9004,1.9064526870154,22,-86,0.001869,51,2024-05-11 04:46:59.000496,668,1.037,0.0011,"aoml_navis",1030.15648926136
"7901009",34,0,1,0.029904,1,0.007476,1,115.172163716084,1,4.85357956994488,670,1,9.15999984741211,35.0690002441406,0.0299040004611015,0,111.061698913574,-85.6715,22.264,21.8613997621818,63,63,63,63,61,63,0,9004,1.9064526870154,22,-86,0.001869,51,2024-05-11 04:46:59.000496,670,1.037,0.0011,"aoml_navis",1030.16751408833
"7901009",34,0,1,0.026166,1,0.003738,1,115.177353832824,1,4.85353475764895,672,1,9.14799976348877,35.0670013427734,0.0261659994721413,0,111.066703796387,-85.6715,22.264,21.8613997621818,63,63,63,63,61,63,0,9004,1.9064526870154,22,-86,0.001869,51,2024-05-11 04:46:59.000496,672,1.037,0.0011,"aoml_navis",1030.1770255421
"7901009",34,0,1,0.028035,1,0.005607,1,115.198604829108,1,4.85348783131531,674,1,9.12899971008301,35.0639991760254,0.0280349999666214,0,111.087196350098,-85.6715,22.264,21.8613997621818,63,63,63,63,61,63,0,9004,1.9064526870154,22,-86,0.001869,51,2024-05-11 04:46:59.000496,674,1.037,0.0011,"aoml_navis",1030.18698589072
"7901009",34,0,1,0.029904,1,0.007476,1,115.375519768764,1,4.85341307812898,676,1,9.0629997253418,35.0579986572266,0.0299040004611015,0,111.257797241211,-85.6715,22.264,21.8613997621818,63,63,63,63,61,63,0,9004,1.9064526870154,22,-86,0.001869,51,2024-05-11 04:46:59.000496,676,1.037,0.0011,"aoml_navis",1030.20285302555
"7901009",34,0,1,0.028035,1,0.005607,1,115.507946863258,1,4.85335579219291,678,1,9.01799964904785,35.0519981384277,0.0280349999666214,0,111.385498046875,-85.6715,22.264,21.8613997621818,63,63,63,63,61,63,0,9004,1.9064526870154,22,-86,0.001869,51,2024-05-11 04:46:59.000496,678,1.037,0.0011,"aoml_navis",1030.21501288716
"7901009",34,0,1,0.026166,1,0.003738,1,115.709127181024,1,4.85327888346854,680,1,8.94900035858154,35.0460014343262,0.0261659994721413,0,111.579498291016,-85.6715,22.264,21.8613997621818,63,63,63,63,61,63,0,9004,1.9064526870154,22,-86,0.001869,51,2024-05-11 04:46:59.000496,680,1.037,0.0011,"aoml_navis",1030.2313384527
"7901009",34,0,1,0.033642,1,0.011214,1,115.789083461162,1,4.85322224152465,682,1,8.90900039672852,35.0410003662109,0.0336420014500618,0,111.656600952148,-85.6715,22.264,21.8613997621818,63,63,63,63,61,63,0,9004,1.9064526870154,22,-86,0.001869,51,2024-05-11 04:46:59.000496,682,1.037,0.0011,"aoml_navis",1030.24336227991
"7901009",34,0,1,0.029904,1,0.007476,1,115.986220867871,1,4.85314934056466,684,1,8.84000015258789,35.0340003967285,0.0299040004611015,0,111.846702575684,-85.6715,22.264,21.8613997621818,63,63,63,63,61,63,0,9004,1.9064526870154,22,-86,0.001869,51,2024-05-11 04:46:59.000496,684,1.037,0.0011,"aoml_navis",1030.25883794836
"7901009",34,0,1,0.031773,1,0.009345,1,116.186364744642,1,4.85307096734408,686,1,8.76399993896484,35.0270004272461,0.0317730009555817,0,112.039703369141,-85.6715,22.264,21.8613997621818,63,63,63,63,61,63,0,9004,1.9064526870154,22,-86,0.001869,51,2024-05-11 04:46:59.000496,686,1.037,0.0011,"aoml_navis",1030.27547580585
"7901009",34,0,1,0.026166,1,0.003738,1,116.260197319969,1,4.85302513500865,688,1,8.74600028991699,35.023998260498,0.0261659994721413,0,112.110900878906,-85.6715,22.264,21.8613997621818,63,63,63,63,61,63,0,9004,1.9064526870154,22,-86,0.001869,51,2024-05-11 04:46:59.000496,688,1.037,0.0011,"aoml_navis",1030.28520580516
"7901009",34,0,1,0.029904,1,0.007476,1,116.284565551002,1,4.85297277427141,690,1,8.72900009155273,35.0229988098145,0.0299040004611015,0,112.134399414062,-85.6715,22.264,21.8613997621818,63,63,63,63,61,63,0,9004,1.9064526870154,22,-86,0.001869,51,2024-05-11 04:46:59.000496,690,1.037,0.0011,"aoml_navis",1030.29632197981
"7901009",34,0,1,0.029904,1,0.007476,1,116.318475368603,1,4.85292695086549,692,1,8.71100044250488,35.0200004577637,0.0299040004611015,0,112.167098999023,-85.6715,22.264,21.8613997621818,63,63,63,63,61,63,0,9004,1.9064526870154,22,-86,0.001869,51,2024-05-11 04:46:59.000496,692,1.037,0.0011,"aoml_navis",1030.30605047708
"7901009",34,0,1,0.029904,1,0.007476,1,116.373849800097,1,4.85287100091062,694,1,8.6850004196167,35.0180015563965,0.0299040004611015,0,112.220497131348,-85.6715,22.264,21.8613997621818,63,63,63,63,61,63,0,9004,1.9064526870154,22,-86,0.001869,51,2024-05-11 04:46:59.000496,694,1.037,0.0011,"aoml_navis",1030.31792913139
"7901009",34,0,1,0.026166,1,0.003738,1,116.393969414227,1,4.85282111516462,696,1,8.67099952697754,35.0169982910156,0.0261659994721413,0,112.239898681641,-85.6715,22.264,21.8613997621818,63,63,63,63,61,63,0,9004,1.9064526870154,22,-86,0.001869,51,2024-05-11 04:46:59.000496,696,1.037,0.0011,"aoml_navis",1030.32852053323
"7901009",34,0,1,0.028035,1,0.005607,1,116.384847151116,1,4.85277930126383,698,1,8.66699981689453,35.015998840332,0.0280349999666214,0,112.231101989746,-85.6715,22.264,21.8613997621818,63,63,63,63,61,63,0,9004,1.9064526870154,22,-86,0.001869,51,2024-05-11 04:46:59.000496,698,1.037,0.0011,"aoml_navis",1030.33739834363
"7901009",34,0,1,0.028035,1,0.005607,1,116.385883592111,1,4.85273748905867,700,1,8.66300010681152,35.0149993896484,0.0280349999666214,0,112.23210144043,-85.6715,22.264,21.8613997621818,63,63,63,63,61,63,0,9004,1.9064526870154,22,-86,0.001869,51,2024-05-11 04:46:59.000496,700,1.037,0.0011,"aoml_navis",1030.346275947
"7901009",34,0,1,0.033642,1,0.011214,1,116.370534771265,1,4.85269163914622,702,1,8.6540002822876,35.0139999389648,0.0336420014500618,0,112.217300415039,-85.6715,22.264,21.8613997621818,63,63,63,63,61,63,0,9004,1.9064526870154,22,-86,0.001869,51,2024-05-11 04:46:59.000496,702,1.037,0.0011,"aoml_navis",1030.35601101571
"7901009",34,0,1,0.028035,1,0.005607,1,116.489171662287,1,4.85264309021881,704,1,8.62800025939941,35.0099983215332,0.0280349999666214,0,112.331703186035,-85.6715,22.264,21.8613997621818,63,63,63,63,61,63,0,9004,1.9064526870154,22,-86,0.001869,51,2024-05-11 04:46:59.000496,704,1.037,0.0011,"aoml_navis",1030.36631935248
"7901009",34,0,1,0.028035,1,0.005607,1,116.720527445366,1,4.85256294577593,706,1,8.54899978637695,35.0029983520508,0.0280349999666214,0,112.554801940918,-85.6715,22.264,21.8613997621818,63,63,63,63,61,63,0,9004,1.9064526870154,22,-86,0.001869,51,2024-05-11 04:46:59.000496,706,1.037,0.0011,"aoml_navis",1030.38333677926
"7901009",34,0,1,0.031773,1,0.009345,1,116.782436993365,1,4.85251563815578,708,1,8.5290002822876,35,0.0317730009555817,0,112.614501953125,-85.6715,22.264,21.8613997621818,63,63,63,63,61,63,0,9004,1.9064526870154,22,-86,0.001869,51,2024-05-11 04:46:59.000496,708,1.037,0.0011,"aoml_navis",1030.39338208094
"7901009",34,0,1,0.031773,1,0.009345,1,116.862804685196,1,4.85246113404188,710,1,8.5,34.9970016479492,0.0317730009555817,0,112.692001342773,-85.6715,22.264,21.8613997621818,63,63,63,63,61,63,0,9004,1.9064526870154,22,-86,0.001869,51,2024-05-11 04:46:59.000496,710,1.037,0.0011,"aoml_navis",1030.40495572918
"7901009",34,0,1,0.029904,1,0.007476,1,117.038058154555,1,4.85239723150158,712,1,8.44999980926514,34.992000579834,0.0299040004611015,0,112.861000061035,-85.6715,22.264,21.8613997621818,63,63,63,63,61,63,0,9004,1.9064526870154,22,-86,0.001869,51,2024-05-11 04:46:59.000496,712,1.037,0.0011,"aoml_navis",1030.41852541259
"7901009",34,0,1,0.029904,1,0.007476,1,117.173286013264,1,4.85233773409336,714,1,8.40999984741211,34.9879989624023,0.0299040004611015,0,112.991401672363,-85.6715,22.264,21.8613997621818,63,63,63,63,61,63,0,9004,1.9064526870154,22,-86,0.001869,51,2024-05-11 04:46:59.000496,714,1.037,0.0011,"aoml_navis",1030.43115998895
"7901009",34,0,1,0.029904,1,0.007476,1,117.244112118528,1,4.85228447550066,716,1,8.38700008392334,34.9860000610352,0.0299040004611015,0,113.059700012207,-85.6715,22.264,21.8613997621818,63,63,63,63,61,63,0,9004,1.9064526870154,22,-86,0.001869,51,2024-05-11 04:46:59.000496,716,1.037,0.0011,"aoml_navis",1030.44246998402
"7901009",34,0,1,0.031773,1,0.009345,1,117.270141819859,1,4.8522415767693,718,1,8.3769998550415,34.984001159668,0.0317730009555817,0,113.084800720215,-85.6715,22.264,21.8613997621818,63,63,63,63,61,63,0,9004,1.9064526870154,22,-86,0.001869,51,2024-05-11 04:46:59.000496,718,1.037,0.0011,"aoml_navis",1030.4515801394
"7901009",34,0,1,0.028035,1,0.005607,1,117.382140741454,1,4.85219372915359,720,1,8.36999988555908,34.984001159668,0.0280349999666214,0,113.192802429199,-85.6715,22.264,21.8613997621818,63,63,63,63,61,63,0,9004,1.9064526870154,22,-86,0.001869,51,2024-05-11 04:46:59.000496,720,1.037,0.0011,"aoml_navis",1030.46174145075
"7901009",34,0,1,0.029904,1,0.007476,1,117.515501424019,1,4.8521468751068,722,1,8.35499954223633,34.9819984436035,0.0299040004611015,0,113.321403503418,-85.6715,22.264,21.8613997621818,63,63,63,63,61,63,0,9004,1.9064526870154,22,-86,0.001869,51,2024-05-11 04:46:59.000496,722,1.037,0.0011,"aoml_navis",1030.47169195387
"7901009",34,0,1,0.029904,1,0.007476,1,117.692099893142,1,4.85210239956685,724,1,8.3430004119873,34.9799995422363,0.0299040004611015,0,113.49169921875,-85.6715,22.264,21.8613997621818,63,63,63,63,61,63,0,9004,1.9064526870154,22,-86,0.001869,51,2024-05-11 04:46:59.000496,724,1.037,0.0011,"aoml_navis",1030.48113750574
"7901009",34,0,1,0.026166,1,0.003738,1,118.057338535166,1,4.85204992098167,725.900024414062,1,8.30900001525879,34.976001739502,0.0261659994721413,0,113.843902587891,-85.6715,22.264,21.8613997621818,63,63,63,63,61,63,0,9004,1.9064526870154,22,-86,0.001869,51,2024-05-11 04:46:59.000496,725.900024414062,1.037,0.0011,"aoml_navis",1030.49228293768
"7901009",34,0,1,0.028035,1,0.005607,1,118.692502806466,1,4.85193141155727,728,1,8.17800045013428,34.9679985046387,0.0280349999666214,0,114.456398010254,-85.6715,22.264,21.8613997621818,63,63,63,63,61,63,0,9004,1.9064526870154,22,-86,0.001869,51,2024-05-11 04:46:59.000496,728,1.037,0.0011,"aoml_navis",1030.51745292401
"7901009",34,0,1,0.029904,1,0.007476,1,118.983489549707,1,4.85187338740301,730,1,8.14400005340576,34.9650001525879,0.0299040004611015,0,114.736999511719,-85.6715,22.264,21.8613997621818,63,63,63,63,61,63,0,9004,1.9064526870154,22,-86,0.001869,51,2024-05-11 04:46:59.000496,730,1.037,0.0011,"aoml_navis",1030.52977700976
"7901009",34,0,1,0.024297,1,0.001869,1,119.194314306964,1,4.85181591040365,732,1,8.11999988555908,34.9640007019043,0.0242970008403063,0,114.940299987793,-85.6715,22.264,21.8613997621818,63,63,63,63,61,63,0,9004,1.9064526870154,22,-86,0.001869,51,2024-05-11 04:46:59.000496,732,1.037,0.0011,"aoml_navis",1030.54198517273
"7901009",34,0,1,0.028035,1,0.005607,1,119.258091031107,1,4.85176369342554,734,1,8.09799957275391,34.9620018005371,0.0280349999666214,0,115.001800537109,-85.6715,22.264,21.8613997621818,63,63,63,63,61,63,0,9004,1.9064526870154,22,-86,0.001869,51,2024-05-11 04:46:59.000496,734,1.037,0.0011,"aoml_navis",1030.55307635352
"7901009",34,0,1,0.026166,1,0.003738,1,119.416650679855,1,4.85170837839639,736,1,8.07199954986572,34.9599990844727,0.0261659994721413,0,115.15470123291,-85.6715,22.264,21.8613997621818,63,63,63,63,61,63,0,9004,1.9064526870154,22,-86,0.001869,51,2024-05-11 04:46:59.000496,736,1.037,0.0011,"aoml_navis",1030.56482583824
"7901009",34,0,1,0.029904,1,0.007476,1,119.530516777593,1,4.85165385723161,738,1,8.04699993133545,34.9580001831055,0.0299040004611015,0,115.264503479004,-85.6715,22.264,21.8613997621818,63,63,63,63,61,63,0,9004,1.9064526870154,22,-86,0.001869,51,2024-05-11 04:46:59.000496,738,1.037,0.0011,"aoml_navis",1030.57640696013
"7901009",34,0,1,0.029904,1,0.007476,1,119.582987591949,1,4.8516066194688,740,1,8.03600025177002,34.9570007324219,0.0299040004611015,0,115.315101623535,-85.6715,22.264,21.8613997621818,63,63,63,63,61,63,0,9004,1.9064526870154,22,-86,0.001869,51,2024-05-11 04:46:59.000496,740,1.037,0.0011,"aoml_navis",1030.58644118749
"7901009",34,0,1,0.028035,1,0.005607,1,119.635869817997,1,4.851560947566,742,1,8.02700042724609,34.9560012817383,0.0280349999666214,0,115.366096496582,-85.6715,22.264,21.8613997621818,63,63,63,63,61,63,0,9004,1.9064526870154,22,-86,0.001869,51,2024-05-11 04:46:59.000496,742,1.037,0.0011,"aoml_navis",1030.59614298126
"7901009",34,0,1,0.029904,1,0.007476,1,119.662113136938,1,4.85151840132372,744,1,8.02200031280518,34.9550018310547,0.0299040004611015,0,115.391403198242,-85.6715,22.264,21.8613997621818,63,63,63,63,61,63,0,9004,1.9064526870154,22,-86,0.001869,51,2024-05-11 04:46:59.000496,744,1.037,0.0011,"aoml_navis",1030.60518097505
"7901009",34,0,1,0.028035,1,0.005607,1,119.768091206644,1,4.85147140455989,746,1,8.01599979400635,34.9550018310547,0.0280349999666214,0,115.493598937988,-85.6715,22.264,21.8613997621818,63,63,63,63,61,63,0,9004,1.9064526870154,22,-86,0.001869,51,2024-05-11 04:46:59.000496,746,1.037,0.0011,"aoml_navis",1030.61516456647
"7901009",34,0,1,0.028035,1,0.005607,1,119.873863570503,1,4.85142942540573,748,1,8.00699996948242,34.9529991149902,0.0280349999666214,0,115.595596313477,-85.6715,22.264,21.8613997621818,63,63,63,63,61,63,0,9004,1.9064526870154,22,-86,0.001869,51,2024-05-11 04:46:59.000496,748,1.037,0.0011,"aoml_navis",1030.62408242326
"7901009",34,0,1,0.026166,1,0.003738,1,120.214108952191,1,4.85134727916129,750,1,7.93699979782104,34.9490013122559,0.0261659994721413,0,115.923698425293,-85.6715,22.264,21.8613997621818,63,63,63,63,61,63,0,9004,1.9064526870154,22,-86,0.001869,51,2024-05-11 04:46:59.000496,750,1.037,0.0011,"aoml_navis",1030.6415336369
"7901009",34,0,1,0.031773,1,0.009345,1,120.290536585887,1,4.85129791342183,752,1,7.90899991989136,34.9449996948242,0.0317730009555817,0,115.997398376465,-85.6715,22.264,21.8613997621818,63,63,63,63,61,63,0,9004,1.9064526870154,22,-86,0.001869,51,2024-05-11 04:46:59.000496,752,1.037,0.0011,"aoml_navis",1030.65202121823
"7901009",34,0,1,0.031773,1,0.009345,1,120.308583318026,1,4.85125305471021,754,1,7.90100002288818,34.9440002441406,0.0317730009555817,0,116.014801025391,-85.6715,22.264,21.8613997621818,63,63,63,63,61,63,0,9004,1.9064526870154,22,-86,0.001869,51,2024-05-11 04:46:59.000496,754,1.037,0.0011,"aoml_navis",1030.66155148212
"7901009",34,0,1,0.026166,1,0.003738,1,120.47699311211,1,4.85120101739473,756,1,7.87900018692017,34.9420013427734,0.0261659994721413,0,116.177200317383,-85.6715,22.264,21.8613997621818,63,63,63,63,61,63,0,9004,1.9064526870154,22,-86,0.001869,51,2024-05-11 04:46:59.000496,756,1.037,0.0011,"aoml_navis",1030.67260706611
"7901009",34,0,1,0.029904,1,0.007476,1,120.704203131208,1,4.85113374123734,758,1,7.82299995422363,34.9370002746582,0.0299040004611015,0,116.396301269531,-85.6715,22.264,21.8613997621818,63,63,63,63,61,63,0,9004,1.9064526870154,22,-86,0.001869,51,2024-05-11 04:46:59.000496,758,1.037,0.0011,"aoml_navis",1030.68690056867
"7901009",34,0,1,0.024297,1,0.001869,1,120.883088099931,1,4.8510783349984,760,1,7.78700017929077,34.9329986572266,0.0242970008403063,0,116.568801879883,-85.6715,22.264,21.8613997621818,63,63,63,63,61,63,0,9004,1.9064526870154,22,-86,0.001869,51,2024-05-11 04:46:59.000496,760,1.037,0.0011,"aoml_navis",1030.69867248426
"7901009",34,0,1,0.028035,1,0.005607,1,121.07327106668,1,4.85102279567138,762,1,7.74599981307983,34.9280014038086,0.0280349999666214,0,116.752197265625,-85.6715,22.264,21.8613997621818,63,63,63,63,61,63,0,9004,1.9064526870154,22,-86,0.001869,51,2024-05-11 04:46:59.000496,762,1.037,0.0011,"aoml_navis",1030.71047294636
"7901009",34,0,1,0.024297,1,0.001869,1,121.286168705927,1,4.85094649435823,764,1,7.6729998588562,34.9220008850098,0.0242970008403063,0,116.957496643066,-85.6715,22.264,21.8613997621818,63,63,63,63,61,63,0,9004,1.9064526870154,22,-86,0.001869,51,2024-05-11 04:46:59.000496,764,1.037,0.0011,"aoml_navis",1030.72668515621
"7901009",34,0,1,0.031773,1,0.009345,1,121.497207080793,1,4.85088706983491,766,1,7.61700010299683,34.9150009155273,0.0317730009555817,0,117.161003112793,-85.6715,22.264,21.8613997621818,63,63,63,63,61,63,0,9004,1.9064526870154,22,-86,0.001869,51,2024-05-11 04:46:59.000496,766,1.037,0.0011,"aoml_navis",1030.73931180388
"7901009",34,0,1,0.033642,1,0.011214,1,121.687081488772,1,4.85083058848367,768,1,7.58400011062622,34.9119987487793,0.0336420014500618,0,117.344100952148,-85.6715,22.264,21.8613997621818,63,63,63,63,61,63,0,9004,1.9064526870154,22,-86,0.001869,51,2024-05-11 04:46:59.000496,768,1.037,0.0011,"aoml_navis",1030.75131336692
"7901009",34,0,1,0.031773,1,0.009345,1,121.880587396115,1,4.85076781343323,770,1,7.53299999237061,34.9070014953613,0.0317730009555817,0,117.530700683594,-85.6715,22.264,21.8613997621818,63,63,63,63,61,63,0,9004,1.9064526870154,22,-86,0.001869,51,2024-05-11 04:46:59.000496,770,1.037,0.0011,"aoml_navis",1030.7646525883
"7901009",34,0,1,0.028035,1,0.005607,1,121.989682700571,1,4.85071471051239,772,1,7.51399993896484,34.9059982299805,0.0280349999666214,0,117.635902404785,-85.6715,22.264,21.8613997621818,63,63,63,63,61,63,0,9004,1.9064526870154,22,-86,0.001869,51,2024-05-11 04:46:59.000496,772,1.037,0.0011,"aoml_navis",1030.77593682516
"7901009",34,0,1,0.029904,1,0.007476,1,122.035001280882,1,4.85067070210408,774,1,7.50699996948242,34.9049987792969,0.0299040004611015,0,117.67960357666,-85.6715,22.264,21.8613997621818,63,63,63,63,61,63,0,9004,1.9064526870154,22,-86,0.001869,51,2024-05-11 04:46:59.000496,774,1.037,0.0011,"aoml_navis",1030.78528868825
"7901009",34,0,1,0.028035,1,0.005607,1,122.136833586607,1,4.85062453765061,776,1,7.5019998550415,34.9049987792969,0.0280349999666214,0,117.777801513672,-85.6715,22.264,21.8613997621818,63,63,63,63,61,63,0,9004,1.9064526870154,22,-86,0.001869,51,2024-05-11 04:46:59.000496,776,1.037,0.0011,"aoml_navis",1030.79509889705
"7901009",34,0,1,0.026166,1,0.003738,1,122.263864858515,1,4.8505744709721,778,1,7.48699998855591,34.9039993286133,0.0261659994721413,0,117.900299072266,-85.6715,22.264,21.8613997621818,63,63,63,63,61,63,0,9004,1.9064526870154,22,-86,0.001869,51,2024-05-11 04:46:59.000496,778,1.037,0.0011,"aoml_navis",1030.80573856192
"7901009",34,0,1,0.026166,1,0.003738,1,122.348069755557,1,4.85052603854433,780,1,7.47900009155273,34.9039993286133,0.0261659994721413,0,117.981498718262,-85.6715,22.264,21.8613997621818,63,63,63,63,61,63,0,9004,1.9064526870154,22,-86,0.001869,51,2024-05-11 04:46:59.000496,780,1.037,0.0011,"aoml_navis",1030.81603114134
"7901009",34,0,1,0.033642,1,0.011214,1,122.382501749537,1,4.85048139519527,782,1,7.47599983215332,34.9039993286133,0.0336420014500618,0,118.014701843262,-85.6715,22.264,21.8613997621818,63,63,63,63,61,63,0,9004,1.9064526870154,22,-86,0.001869,51,2024-05-11 04:46:59.000496,782,1.037,0.0011,"aoml_navis",1030.82551866972
"7901009",34,0,1,0.033642,1,0.011214,1,122.475931762613,1,4.85043436999489,784,1,7.46500015258789,34.9029998779297,0.0336420014500618,0,118.104797363281,-85.6715,22.264,21.8613997621818,63,63,63,63,61,63,0,9004,1.9064526870154,22,-86,0.001869,51,2024-05-11 04:46:59.000496,784,1.037,0.0011,"aoml_navis",1030.83551257395
"7901009",34,0,1,0.029904,1,0.007476,1,122.589695007428,1,4.85038507892777,786,1,7.45100021362305,34.9020004272461,0.0299040004611015,0,118.214500427246,-85.6715,22.264,21.8613997621818,63,63,63,63,61,63,0,9004,1.9064526870154,22,-86,0.001869,51,2024-05-11 04:46:59.000496,786,1.037,0.0011,"aoml_navis",1030.84598823343
"7901009",34,0,1,0.031773,1,0.009345,1,122.744828862657,1,4.85033881926745,788,1,7.44099998474121,34.9010009765625,0.0317730009555817,0,118.364097595215,-85.6715,22.264,21.8613997621818,63,63,63,63,61,63,0,9004,1.9064526870154,22,-86,0.001869,51,2024-05-11 04:46:59.000496,788,1.037,0.0011,"aoml_navis",1030.85581983222
"7901009",34,0,1,0.029904,1,0.007476,1,122.871654428718,1,4.85029105152097,790,1,7.42899990081787,34.9000015258789,0.0299040004611015,0,118.486396789551,-85.6715,22.264,21.8613997621818,63,63,63,63,61,63,0,9004,1.9064526870154,22,-86,0.001869,51,2024-05-11 04:46:59.000496,790,1.037,0.0011,"aoml_navis",1030.86597214245
"7901009",34,0,1,0.031773,1,0.009345,1,122.977228998495,1,4.85023659339682,792,1,7.41300010681152,34.9000015258789,0.0317730009555817,0,118.588203430176,-85.6715,22.264,21.8613997621818,63,63,63,63,61,63,0,9004,1.9064526870154,22,-86,0.001869,51,2024-05-11 04:46:59.000496,792,1.037,0.0011,"aoml_navis",1030.87754663496
"7901009",34,0,1,0.029904,1,0.007476,1,123.126967031138,1,4.85018658687902,794,1,7.39799976348877,34.898998260498,0.0299040004611015,0,118.732597351074,-85.6715,22.264,21.8613997621818,63,63,63,63,61,63,0,9004,1.9064526870154,22,-86,0.001869,51,2024-05-11 04:46:59.000496,794,1.037,0.0011,"aoml_navis",1030.888175215
"7901009",34,0,1,0.028035,1,0.005607,1,123.283248092049,1,4.85014260950272,796,1,7.39099979400635,34.8979988098145,0.0280349999666214,0,118.88330078125,-85.6715,22.264,21.8613997621818,63,63,63,63,61,63,0,9004,1.9064526870154,22,-86,0.001869,51,2024-05-11 04:46:59.000496,796,1.037,0.0011,"aoml_navis",1030.89752251896
"7901009",34,0,1,0.029904,1,0.007476,1,123.539699988387,1,4.85009184688127,798,1,7.375,34.8969993591309,0.0299040004611015,0,119.130599975586,-85.6715,22.264,21.8613997621818,63,63,63,63,61,63,0,9004,1.9064526870154,22,-86,0.001869,51,2024-05-11 04:46:59.000496,798,1.037,0.0011,"aoml_navis",1030.90831222405
"7901009",34,0,1,0.028035,1,0.005607,1,123.784228857398,1,4.85004326074603,800,1,7.35699987411499,34.8950004577637,0.0280349999666214,0,119.366401672363,-85.6715,22.264,21.8613997621818,63,63,63,63,61,63,0,9004,1.9064526870154,22,-86,0.001869,51,2024-05-11 04:46:59.000496,800,1.037,0.0011,"aoml_navis",1030.91863952383
"7901009",34,0,1,0.029904,1,0.007476,1,124.09657736161,1,4.84998733818763,802,1,7.33900022506714,34.8950004577637,0.0299040004611015,0,119.667602539062,-85.6715,22.264,21.8613997621818,63,63,63,63,61,63,0,9004,1.9064526870154,22,-86,0.001869,51,2024-05-11 04:46:59.000496,802,1.037,0.0011,"aoml_navis",1030.93052648431
"7901009",34,0,1,0.024297,1,0.001869,1,124.362879403285,1,4.84992616498995,804,1,7.31400012969971,34.8950004577637,0.0242970008403063,0,119.92440032959,-85.6715,22.264,21.8613997621818,63,63,63,63,61,63,0,9004,1.9064526870154,22,-86,0.001869,51,2024-05-11 04:46:59.000496,804,1.037,0.0011,"aoml_navis",1030.94352984039
"7901009",34,0,1,0.031773,1,0.009345,1,124.534817843811,1,4.84987636089423,806,1,7.30900001525879,34.8959999084473,0.0317730009555817,0,120.090202331543,-85.6715,22.264,21.8613997621818,63,63,63,63,61,63,0,9004,1.9064526870154,22,-86,0.001869,51,2024-05-11 04:46:59.000496,806,1.037,0.0011,"aoml_navis",1030.95411675156
"7901009",34,0,1,0.028035,1,0.005607,1,124.814395824341,1,4.84982564492532,808,1,7.29300022125244,34.8950004577637,0.0280349999666214,0,120.359802246094,-85.6715,22.264,21.8613997621818,63,63,63,63,61,63,0,9004,1.9064526870154,22,-86,0.001869,51,2024-05-11 04:46:59.000496,808,1.037,0.0011,"aoml_navis",1030.96489772407
"7901009",34,0,1,0.031773,1,0.009345,1,125.103618244361,1,4.84976743750565,810,1,7.26700019836426,34.8940010070801,0.0317730009555817,0,120.638702392578,-85.6715,22.264,21.8613997621818,63,63,63,63,61,63,0,9004,1.9064526870154,22,-86,0.001869,51,2024-05-11 04:46:59.000496,810,1.037,0.0011,"aoml_navis",1030.97727147337
"7901009",34,0,1,0.029904,1,0.007476,1,125.257509952749,1,4.84970700997483,812,1,7.23799991607666,34.8930015563965,0.0299040004611015,0,120.787101745605,-85.6715,22.264,21.8613997621818,63,63,63,63,61,63,0,9004,1.9064526870154,22,-86,0.001869,51,2024-05-11 04:46:59.000496,812,1.037,0.0011,"aoml_navis",1030.99011748876
"7901009",34,0,1,0.031773,1,0.009345,1,125.347624936993,1,4.84966089088818,814,1,7.23299980163574,34.8930015563965,0.0317730009555817,0,120.874000549316,-85.6715,22.264,21.8613997621818,63,63,63,63,61,63,0,9004,1.9064526870154,22,-86,0.001869,51,2024-05-11 04:46:59.000496,814,1.037,0.0011,"aoml_navis",1030.99992195213
"7901009",34,0,1,0.026166,1,0.003738,1,125.449979419097,1,4.84961016817235,816,1,7.21199989318848,34.890998840332,0.0261659994721413,0,120.972702026367,-85.6715,22.264,21.8613997621818,63,63,63,63,61,63,0,9004,1.9064526870154,22,-86,0.001869,51,2024-05-11 04:46:59.000496,816,1.037,0.0011,"aoml_navis",1031.01070531703
"7901009",34,0,1,0.028035,1,0.005607,1,125.680298761181,1,4.84955560124461,818,1,7.17600011825562,34.8870010375977,0.0280349999666214,0,121.194801330566,-85.6715,22.264,21.8613997621818,63,63,63,63,61,63,0,9004,1.9064526870154,22,-86,0.001869,51,2024-05-11 04:46:59.000496,818,1.037,0.0011,"aoml_navis",1031.02230619168
"7901009",34,0,1,0.026166,1,0.003738,1,125.873385345068,1,4.84951241894832,820,1,7.17000007629395,34.8860015869141,0.0261659994721413,0,121.380996704102,-85.6715,22.264,21.8613997621818,63,63,63,63,61,63,0,9004,1.9064526870154,22,-86,0.001869,51,2024-05-11 04:46:59.000496,820,1.037,0.0011,"aoml_navis",1031.03148689004
"7901009",34,0,1,0.026166,1,0.003738,1,126.179515203309,1,4.84945214679005,822,1,7.14599990844727,34.8860015869141,0.0261659994721413,0,121.676200866699,-85.6715,22.264,21.8613997621818,63,63,63,63,61,63,0,9004,1.9064526870154,22,-86,0.001869,51,2024-05-11 04:46:59.000496,822,1.037,0.0011,"aoml_navis",1031.04430122269
"7901009",34,0,1,0.028035,1,0.005607,1,126.380592668152,1,4.8493911227358,824,1,7.11600017547607,34.8849983215332,0.0280349999666214,0,121.870101928711,-85.6715,22.264,21.8613997621818,63,63,63,63,61,63,0,9004,1.9064526870154,22,-86,0.001869,51,2024-05-11 04:46:59.000496,824,1.037,0.0011,"aoml_navis",1031.05727573882
"7901009",34,0,1,0.033642,1,0.011214,1,126.466973300108,1,4.84934725056726,826,1,7.11399984359741,34.8849983215332,0.0336420014500618,0,121.953399658203,-85.6715,22.264,21.8613997621818,63,63,63,63,61,63,0,9004,1.9064526870154,22,-86,0.001869,51,2024-05-11 04:46:59.000496,826,1.037,0.0011,"aoml_navis",1031.06660374035
"7901009",34,0,1,0.028035,1,0.005607,1,126.690037555225,1,4.84930635662609,828,1,7.11600017547607,34.8849983215332,0.0280349999666214,0,122.168502807617,-85.6715,22.264,21.8613997621818,63,63,63,63,61,63,0,9004,1.9064526870154,22,-86,0.001869,51,2024-05-11 04:46:59.000496,828,1.037,0.0011,"aoml_navis",1031.07529866988
"7901009",34,0,1,0.024297,1,0.001869,1,127.007979676106,1,4.84925728109957,830,1,7.10699987411499,34.8849983215332,0.0242970008403063,0,122.47509765625,-85.6715,22.264,21.8613997621818,63,63,63,63,61,63,0,9004,1.9064526870154,22,-86,0.001869,51,2024-05-11 04:46:59.000496,830,1.037,0.0011,"aoml_navis",1031.08573337364
"7901009",34,0,1,0.031773,1,0.009345,1,127.406091694735,1,4.84919772803778,832,1,7.07399988174438,34.882999420166,0.0317730009555817,0,122.859001159668,-85.6715,22.264,21.8613997621818,63,63,63,63,61,63,0,9004,1.9064526870154,22,-86,0.001869,51,2024-05-11 04:46:59.000496,832,1.037,0.0011,"aoml_navis",1031.09839615124
"7901009",34,0,1,0.029904,1,0.007476,1,127.844537882782,1,4.84912195554539,834,1,7.02400016784668,34.8819999694824,0.0299040004611015,0,123.281799316406,-85.6715,22.264,21.8613997621818,63,63,63,63,61,63,0,9004,1.9064526870154,22,-86,0.001869,51,2024-05-11 04:46:59.000496,834,1.037,0.0011,"aoml_navis",1031.11450811875
"7901009",34,0,1,0.028035,1,0.005607,1,128.030472232626,1,4.84906399214488,836,1,6.99300003051758,34.8800010681152,0.0280349999666214,0,123.461097717285,-85.6715,22.264,21.8613997621818,63,63,63,63,61,63,0,9004,1.9064526870154,22,-86,0.001869,51,2024-05-11 04:46:59.000496,836,1.037,0.0011,"aoml_navis",1031.12683357028
"7901009",34,0,1,0.029904,1,0.007476,1,128.262975221387,1,4.84901124409176,838,1,6.97399997711182,34.8790016174316,0.0299040004611015,0,123.685302734375,-85.6715,22.264,21.8613997621818,63,63,63,63,61,63,0,9004,1.9064526870154,22,-86,0.001869,51,2024-05-11 04:46:59.000496,838,1.037,0.0011,"aoml_navis",1031.13805027617
"7901009",34,0,1,0.029904,1,0.007476,1,128.410640372039,1,4.84896811153987,840,1,6.96799993515015,34.8779983520508,0.0299040004611015,0,123.827697753906,-85.6715,22.264,21.8613997621818,63,63,63,63,61,63,0,9004,1.9064526870154,22,-86,0.001869,51,2024-05-11 04:46:59.000496,840,1.037,0.0011,"aoml_navis",1031.14722245764
"7901009",34,0,1,0.026166,1,0.003738,1,128.777224013828,1,4.84891611715035,842,1,6.94999980926514,34.8769989013672,0.0261659994721413,0,124.181198120117,-85.6715,22.264,21.8613997621818,63,63,63,63,61,63,0,9004,1.9064526870154,22,-86,0.001869,51,2024-05-11 04:46:59.000496,842,1.037,0.0011,"aoml_navis",1031.1582793349
"7901009",34,0,1,0.028035,1,0.005607,1,129.07702446141,1,4.84885162159954,844,1,6.91499996185303,34.8759994506836,0.0280349999666214,0,124.47029876709,-85.6715,22.264,21.8613997621818,63,63,63,63,61,63,0,9004,1.9064526870154,22,-86,0.001869,51,2024-05-11 04:46:59.000496,844,1.037,0.0011,"aoml_navis",1031.1719949786
"7901009",34,0,1,0.029904,1,0.007476,1,129.325904800248,1,4.84880628088296,846,1,6.91099977493286,34.8759994506836,0.0299040004611015,0,124.710296630859,-85.6715,22.264,21.8613997621818,63,63,63,63,61,63,0,9004,1.9064526870154,22,-86,0.001869,51,2024-05-11 04:46:59.000496,846,1.037,0.0011,"aoml_navis",1031.18163736777
"7901009",34,0,1,0.031773,1,0.009345,1,129.632343217259,1,4.84875211820116,848,1,6.89499998092651,34.8759994506836,0.0317730009555817,0,125.005798339844,-85.6715,22.264,21.8613997621818,63,63,63,63,61,63,0,9004,1.9064526870154,22,-86,0.001869,51,2024-05-11 04:46:59.000496,848,1.037,0.0011,"aoml_navis",1031.19315611765
"7901009",34,0,1,0.026166,1,0.003738,1,129.941163075029,1,4.84869796455476,850,1,6.87900018692017,34.8759994506836,0.0261659994721413,0,125.303596496582,-85.6715,22.264,21.8613997621818,63,63,63,63,61,63,0,9004,1.9064526870154,22,-86,0.001869,51,2024-05-11 04:46:59.000496,850,1.037,0.0011,"aoml_navis",1031.20467320326
"7901009",34,0,1,0.026166,1,0.003738,1,130.33730506459,1,4.84864455342225,852,1,6.86399984359741,34.8759994506836,0.0261659994721413,0,125.685600280762,-85.6715,22.264,21.8613997621818,63,63,63,63,61,63,0,9004,1.9064526870154,22,-86,0.001869,51,2024-05-11 04:46:59.000496,852,1.037,0.0011,"aoml_navis",1031.21603262729
"7901009",34,0,1,0.031773,1,0.009345,1,130.775134135099,1,4.84858601821893,854,1,6.84200000762939,34.8759994506836,0.0317730009555817,0,126.107803344727,-85.6715,22.264,21.8613997621818,63,63,63,63,61,63,0,9004,1.9064526870154,22,-86,0.001869,51,2024-05-11 04:46:59.000496,854,1.037,0.0011,"aoml_navis",1031.22848212079
"7901009",34,0,1,0.026166,1,0.003738,1,131.283369987414,1,4.84852896519174,856,1,6.82200002670288,34.8759994506836,0.0261659994721413,0,126.597900390625,-85.6715,22.264,21.8613997621818,63,63,63,63,61,63,0,9004,1.9064526870154,22,-86,0.001869,51,2024-05-11 04:46:59.000496,856,1.037,0.0011,"aoml_navis",1031.24061666862
"7901009",34,0,1,0.028035,1,0.005607,1,131.743802965735,1,4.84846971370138,858,1,6.80399990081787,34.8769989013672,0.0280349999666214,0,127.041900634766,-85.6715,22.264,21.8613997621818,63,63,63,63,61,63,0,9004,1.9064526870154,22,-86,0.001869,51,2024-05-11 04:46:59.000496,858,1.037,0.0011,"aoml_navis",1031.25321910755
"7901009",34,0,1,0.031773,1,0.009345,1,132.157675216903,1,4.84841120491312,860,1,6.78700017929077,34.8779983520508,0.0317730009555817,0,127.44100189209,-85.6715,22.264,21.8613997621818,63,63,63,63,61,63,0,9004,1.9064526870154,22,-86,0.001869,51,2024-05-11 04:46:59.000496,860,1.037,0.0011,"aoml_navis",1031.26566388042
"7901009",34,0,1,0.026166,1,0.003738,1,132.739435085775,1,4.84834758118822,862,1,6.76300001144409,34.8790016174316,0.0261659994721413,0,128.001998901367,-85.6715,22.264,21.8613997621818,63,63,63,63,61,63,0,9004,1.9064526870154,22,-86,0.001869,51,2024-05-11 04:46:59.000496,862,1.037,0.0011,"aoml_navis",1031.27919693716
"7901009",34,0,1,0.031773,1,0.009345,1,133.185975007702,1,4.84827962001805,864,1,6.73299980163574,34.8800010681152,0.0317730009555817,0,128.432601928711,-85.6715,22.264,21.8613997621818,63,63,63,63,61,63,0,9004,1.9064526870154,22,-86,0.001869,51,2024-05-11 04:46:59.000496,864,1.037,0.0011,"aoml_navis",1031.29365298064
"7901009",34,0,1,0.031773,1,0.009345,1,133.513047303457,1,4.84821537048936,866,1,6.70300006866455,34.8800010681152,0.0317730009555817,0,128.748001098633,-85.6715,22.264,21.8613997621818,63,63,63,63,61,63,0,9004,1.9064526870154,22,-86,0.001869,51,2024-05-11 04:46:59.000496,866,1.037,0.0011,"aoml_navis",1031.30731989229
"7901009",34,0,1,0.029904,1,0.007476,1,133.776350786832,1,4.84815914618557,868,1,6.68400001525879,34.8800010681152,0.0299040004611015,0,129.001907348633,-85.6715,22.264,21.8613997621818,63,63,63,63,61,63,0,9004,1.9064526870154,22,-86,0.001869,51,2024-05-11 04:46:59.000496,868,1.037,0.0011,"aoml_navis",1031.31928000629
"7901009",34,0,1,0.029904,1,0.007476,1,134.017026627105,1,4.84810724662252,870,1,6.67600011825562,34.8810005187988,0.0299040004611015,0,129.233993530273,-85.6715,22.264,21.8613997621818,63,63,63,63,61,63,0,9004,1.9064526870154,22,-86,0.001869,51,2024-05-11 04:46:59.000496,870,1.037,0.0011,"aoml_navis",1031.33032040149
"7901009",34,0,1,0.029904,1,0.007476,1,134.4134850872,1,4.84805761959466,872,1,6.66099977493286,34.8800010681152,0.0299040004611015,0,129.616302490234,-85.6715,22.264,21.8613997621818,63,63,63,63,61,63,0,9004,1.9064526870154,22,-86,0.001869,51,2024-05-11 04:46:59.000496,872,1.037,0.0011,"aoml_navis",1031.34087759007
"7901009",34,0,1,0.031773,1,0.009345,1,134.766064907907,1,4.84799779835137,874,1,6.63700008392334,34.8800010681152,0.0317730009555817,0,129.956298828125,-85.6715,22.264,21.8613997621818,63,63,63,63,61,63,0,9004,1.9064526870154,22,-86,0.001869,51,2024-05-11 04:46:59.000496,874,1.037,0.0011,"aoml_navis",1031.35360368776
"7901009",34,0,1,0.029904,1,0.007476,1,135.067107502331,1,4.84794161877189,876,1,6.61800003051758,34.8800010681152,0.0299040004611015,0,130.246597290039,-85.6715,22.264,21.8613997621818,63,63,63,63,61,63,0,9004,1.9064526870154,22,-86,0.001869,51,2024-05-11 04:46:59.000496,876,1.037,0.0011,"aoml_navis",1031.36555536051
"7901009",34,0,1,0.029904,1,0.007476,1,135.380286741692,1,4.84787954592902,878,1,6.60099983215332,34.8819999694824,0.0299040004611015,0,130.548599243164,-85.6715,22.264,21.8613997621818,63,63,63,63,61,63,0,9004,1.9064526870154,22,-86,0.001869,51,2024-05-11 04:46:59.000496,878,1.037,0.0011,"aoml_navis",1031.37876109127
"7901009",34,0,1,0.026166,1,0.003738,1,135.552019476372,1,4.84781951874969,880,1,6.59700012207031,34.8860015869141,0.0261659994721413,0,130.714202880859,-85.6715,22.264,21.8613997621818,63,63,63,63,61,63,0,9004,1.9064526870154,22,-86,0.001869,51,2024-05-11 04:46:59.000496,880,1.037,0.0011,"aoml_navis",1031.39153193755
"7901009",34,0,1,0.029904,1,0.007476,1,135.774245084577,1,4.84777337511734,882,1,6.60200023651123,34.8880004882812,0.0299040004611015,0,130.928497314453,-85.6715,22.264,21.8613997621818,63,63,63,63,61,63,0,9004,1.9064526870154,22,-86,0.001869,51,2024-05-11 04:46:59.000496,882,1.037,0.0011,"aoml_navis",1031.40134925944
"7901009",34,0,1,0.033642,1,0.011214,1,136.054558859096,1,4.84771040074086,884,1,6.59899997711182,34.8930015563965,0.0336420014500618,0,131.198806762695,-85.6715,22.264,21.8613997621818,63,63,63,63,61,63,0,9004,1.9064526870154,22,-86,0.001869,51,2024-05-11 04:46:59.000496,884,1.037,0.0011,"aoml_navis",1031.41474772005
"7901009",34,0,1,0.028035,1,0.005607,1,136.231877298681,1,4.84765702328729,886,1,6.5939998626709,34.8950004577637,0.0280349999666214,0,131.36979675293,-85.6715,22.264,21.8613997621818,63,63,63,63,61,63,0,9004,1.9064526870154,22,-86,0.001869,51,2024-05-11 04:46:59.000496,886,1.037,0.0011,"aoml_navis",1031.42610460701
"7901009",34,0,1,0.029904,1,0.007476,1,136.45380225988,1,4.8476094965537,888,1,6.59200000762939,34.8959999084473,0.0299040004611015,0,131.583801269531,-85.6715,22.264,21.8613997621818,63,63,63,63,61,63,0,9004,1.9064526870154,22,-86,0.001869,51,2024-05-11 04:46:59.000496,888,1.037,0.0011,"aoml_navis",1031.43621687239
"7901009",34,0,1,0.024297,1,0.001869,1,136.633826522522,1,4.84755395121919,890,1,6.58400011062622,34.8979988098145,0.0242970008403063,0,131.757400512695,-85.6715,22.264,21.8613997621818,63,63,63,63,61,63,0,9004,1.9064526870154,22,-86,0.001869,51,2024-05-11 04:46:59.000496,890,1.037,0.0011,"aoml_navis",1031.44803550716
"7901009",34,0,1,0.029904,1,0.007476,1,136.852539307811,1,4.84749918957086,892,1,6.57200002670288,34.898998260498,0.0299040004611015,0,131.968307495117,-85.6715,22.264,21.8613997621818,63,63,63,63,61,63,0,9004,1.9064526870154,22,-86,0.001869,51,2024-05-11 04:46:59.000496,892,1.037,0.0011,"aoml_navis",1031.45968765858
"7901009",34,0,1,0.028035,1,0.005607,1,136.958208818747,1,4.84745100225933,894,1,6.56400012969971,34.898998260498,0.0280349999666214,0,132.070205688477,-85.6715,22.264,21.8613997621818,63,63,63,63,61,63,0,9004,1.9064526870154,22,-86,0.001869,51,2024-05-11 04:46:59.000496,894,1.037,0.0011,"aoml_navis",1031.46994114424
"7901009",34,0,1,0.026166,1,0.003738,1,137.056504566267,1,4.84740498728597,896,1,6.55900001525879,34.898998260498,0.0261659994721413,0,132.164993286133,-85.6715,22.264,21.8613997621818,63,63,63,63,61,63,0,9004,1.9064526870154,22,-86,0.001869,51,2024-05-11 04:46:59.000496,896,1.037,0.0011,"aoml_navis",1031.47973258151
"7901009",34,0,1,0.028035,1,0.005607,1,137.155955431232,1,4.84735456124505,898,1,6.55299997329712,34.9000015258789,0.0280349999666214,0,132.260894775391,-85.6715,22.264,21.8613997621818,63,63,63,63,61,63,0,9004,1.9064526870154,22,-86,0.001869,51,2024-05-11 04:46:59.000496,898,1.037,0.0011,"aoml_navis",1031.4904628548
"7901009",34,0,1,0.029904,1,0.007476,1,137.265786529676,1,4.84730638086879,900,1,6.54500007629395,34.9000015258789,0.0299040004611015,0,132.366806030273,-85.6715,22.264,21.8613997621818,63,63,63,63,61,63,0,9004,1.9064526870154,22,-86,0.001869,51,2024-05-11 04:46:59.000496,900,1.037,0.0011,"aoml_navis",1031.50071547651
"7901009",34,0,1,0.029904,1,0.007476,1,137.37311751091,1,4.84725820312301,902,1,6.53700017929077,34.9000015258789,0.0299040004611015,0,132.470306396484,-85.6715,22.264,21.8613997621818,63,63,63,63,61,63,0,9004,1.9064526870154,22,-86,0.001869,51,2024-05-11 04:46:59.000496,902,1.037,0.0011,"aoml_navis",1031.51096774225
"7901009",34,0,1,0.033642,1,0.011214,1,137.422471090516,1,4.84721364165295,904,1,6.53399991989136,34.9000015258789,0.0336420014500618,0,132.51789855957,-85.6715,22.264,21.8613997621818,63,63,63,63,61,63,0,9004,1.9064526870154,22,-86,0.001869,51,2024-05-11 04:46:59.000496,904,1.037,0.0011,"aoml_navis",1031.52045064284
"7901009",34,0,1,0.028035,1,0.005607,1,137.524517013851,1,4.84716980527596,906,1,6.53200006484985,34.9000015258789,0.0280349999666214,0,132.616302490234,-85.6715,22.264,21.8613997621818,63,63,63,63,61,63,0,9004,1.9064526870154,22,-86,0.001869,51,2024-05-11 04:46:59.000496,906,1.037,0.0011,"aoml_navis",1031.52977941018
"7901009",34,0,1,0.029904,1,0.007476,1,137.630708701166,1,4.84712452454668,908,1,6.52799987792969,34.9000015258789,0.0299040004611015,0,132.718704223633,-85.6715,22.264,21.8613997621818,63,63,63,63,61,63,0,9004,1.9064526870154,22,-86,0.001869,51,2024-05-11 04:46:59.000496,908,1.037,0.0011,"aoml_navis",1031.53941572558
"7901009",34,0,1,0.031773,1,0.009345,1,137.786459673935,1,4.84707924595542,910,1,6.52400016784668,34.9000015258789,0.0317730009555817,0,132.868896484375,-85.6715,22.264,21.8613997621818,63,63,63,63,61,63,0,9004,1.9064526870154,22,-86,0.001869,51,2024-05-11 04:46:59.000496,910,1.037,0.0011,"aoml_navis",1031.54905176601
"7901009",34,0,1,0.028035,1,0.005607,1,138.078071446478,1,4.84703180026136,912,1,6.51700019836426,34.9000015258789,0.0280349999666214,0,133.150100708008,-85.6715,22.264,21.8613997621818,63,63,63,63,61,63,0,9004,1.9064526870154,22,-86,0.001869,51,2024-05-11 04:46:59.000496,912,1.037,0.0011,"aoml_navis",1031.55914919527
"7901009",34,0,1,0.031773,1,0.009345,1,138.461871085257,1,4.84697785451839,914,1,6.50099992752075,34.9000015258789,0.0317730009555817,0,133.520202636719,-85.6715,22.264,21.8613997621818,63,63,63,63,61,63,0,9004,1.9064526870154,22,-86,0.001869,51,2024-05-11 04:46:59.000496,914,1.037,0.0011,"aoml_navis",1031.57063021011
"7901009",34,0,1,0.029904,1,0.007476,1,138.810194377297,1,4.84691302872295,916,1,6.47499990463257,34.9010009765625,0.0299040004611015,0,133.856094360352,-85.6715,22.264,21.8613997621818,63,63,63,63,61,63,0,9004,1.9064526870154,22,-86,0.001869,51,2024-05-11 04:46:59.000496,916,1.037,0.0011,"aoml_navis",1031.58442711265
"7901009",34,0,1,0.029904,1,0.007476,1,139.136554614353,1,4.84685766594447,918,1,6.45699977874756,34.9010009765625,0.0299040004611015,0,134.170806884766,-85.6715,22.264,21.8613997621818,63,63,63,63,61,63,0,9004,1.9064526870154,22,-86,0.001869,51,2024-05-11 04:46:59.000496,918,1.037,0.0011,"aoml_navis",1031.59621028931
"7901009",34,0,1,0.031773,1,0.009345,1,139.507489725969,1,4.84680015577355,920,1,6.43599987030029,34.9010009765625,0.0317730009555817,0,134.528503417969,-85.6715,22.264,21.8613997621818,63,63,63,63,61,63,0,9004,1.9064526870154,22,-86,0.001869,51,2024-05-11 04:46:59.000496,920,1.037,0.0011,"aoml_navis",1031.60845079283
"7901009",34,0,1,0.029904,1,0.007476,1,139.755950741351,1,4.84675057154468,922,1,6.42600011825562,34.9010009765625,0.0299040004611015,0,134.768096923828,-85.6715,22.264,21.8613997621818,63,63,63,63,61,63,0,9004,1.9064526870154,22,-86,0.001869,51,2024-05-11 04:46:59.000496,922,1.037,0.0011,"aoml_navis",1031.6190045667
"7901009",34,0,1,0.029904,1,0.007476,1,139.973729938568,1,4.84669228322205,924,1,6.40899991989136,34.9020004272461,0.0299040004611015,0,134.978103637695,-85.6715,22.264,21.8613997621818,63,63,63,63,61,63,0,9004,1.9064526870154,22,-86,0.001869,51,2024-05-11 04:46:59.000496,924,1.037,0.0011,"aoml_navis",1031.63141124281
"7901009",34,0,1,0.031773,1,0.009345,1,140.23992912732,1,4.84664127143758,926,1,6.39699983596802,34.9020004272461,0.0317730009555817,0,135.234802246094,-85.6715,22.264,21.8613997621818,63,63,63,63,61,63,0,9004,1.9064526870154,22,-86,0.001869,51,2024-05-11 04:46:59.000496,926,1.037,0.0011,"aoml_navis",1031.64226935181
"7901009",34,0,1,0.028035,1,0.005607,1,140.544389603499,1,4.84656928261592,928,1,6.36600017547607,34.9039993286133,0.0280349999666214,0,135.528396606445,-85.6715,22.264,21.8613997621818,63,63,63,63,61,63,0,9004,1.9064526870154,22,-86,0.001869,51,2024-05-11 04:46:59.000496,928,1.037,0.0011,"aoml_navis",1031.65759291514
"7901009",34,0,1,0.028035,1,0.005607,1,140.923109890225,1,4.84651972163063,930,1,6.35599994659424,34.9039993286133,0.0280349999666214,0,135.893600463867,-85.6715,22.264,21.8613997621818,63,63,63,63,61,63,0,9004,1.9064526870154,22,-86,0.001869,51,2024-05-11 04:46:59.000496,930,1.037,0.0011,"aoml_navis",1031.66814274672
"7901009",34,0,1,0.031773,1,0.009345,1,141.783308445709,1,4.84647025871811,932,1,6.34100008010864,34.9029998779297,0.0317730009555817,0,136.723098754883,-85.6715,22.264,21.8613997621818,63,63,63,63,61,63,0,9004,1.9064526870154,22,-86,0.001869,51,2024-05-11 04:46:59.000496,932,1.037,0.0011,"aoml_navis",1031.67867191709
"7901009",34,0,1,0.028035,1,0.005607,1,142.926716481088,1,4.84636419301466,934,1,6.25699996948242,34.9039993286133,0.0280349999666214,0,137.825698852539,-85.6715,22.264,21.8613997621818,63,63,63,63,61,63,0,9004,1.9064526870154,22,-86,0.001869,51,2024-05-11 04:46:59.000496,934,1.037,0.0011,"aoml_navis",1031.70125084838
"7901009",34,0,1,0.03738,1,0.014952,1,143.389222341399,1,4.84630683879115,936,1,6.23600006103516,34.9039993286133,0.0373799987137318,0,138.271697998047,-85.6715,22.264,21.8613997621818,63,63,63,63,61,63,0,9004,1.9064526870154,22,-86,0.001869,51,2024-05-11 04:46:59.000496,936,1.037,0.0011,"aoml_navis",1031.71346064567
"7901009",34,0,1,0.031773,1,0.009345,1,144.100917099318,1,4.84625731927898,938,1,6.22599983215332,34.9039993286133,0.0317730009555817,0,138.957992553711,-85.6715,22.264,21.8613997621818,63,63,63,63,61,63,0,9004,1.9064526870154,22,-86,0.001869,51,2024-05-11 04:46:59.000496,938,1.037,0.0011,"aoml_navis",1031.72400279065
"7901009",34,0,1,0.031773,1,0.009345,1,144.728114224952,1,4.84617445203162,940,1,6.16900014877319,34.9039993286133,0.0317730009555817,0,139.562805175781,-85.6715,22.264,21.8613997621818,63,63,63,63,61,63,0,9004,1.9064526870154,22,-86,0.001869,51,2024-05-11 04:46:59.000496,940,1.037,0.0011,"aoml_navis",1031.74164477383
"7901009",34,0,1,0.028035,1,0.005607,1,144.975024534723,1,4.84612495385103,942,1,6.15899991989136,34.9039993286133,0.0280349999666214,0,139.800903320312,-85.6715,22.264,21.8613997621818,63,63,63,63,61,63,0,9004,1.9064526870154,22,-86,0.001869,51,2024-05-11 04:46:59.000496,942,1.037,0.0011,"aoml_navis",1031.75218295325
"7901009",34,0,1,0.028035,1,0.005607,1,145.115426686646,1,4.84607758324682,944,1,6.15199995040894,34.9039993286133,0.0280349999666214,0,139.936294555664,-85.6715,22.264,21.8613997621818,63,63,63,63,61,63,0,9004,1.9064526870154,22,-86,0.001869,51,2024-05-11 04:46:59.000496,944,1.037,0.0011,"aoml_navis",1031.76226837253
"7901009",34,0,1,0.031773,1,0.009345,1,145.273155600245,1,4.84603092271548,946,1,6.14599990844727,34.9039993286133,0.0317730009555817,0,140.088394165039,-85.6715,22.264,21.8613997621818,63,63,63,63,61,63,0,9004,1.9064526870154,22,-86,0.001869,51,2024-05-11 04:46:59.000496,946,1.037,0.0011,"aoml_navis",1031.77220280679
"7901009",34,0,1,0.028035,1,0.005607,1,145.467294448654,1,4.84598497194709,948,1,6.14099979400635,34.9039993286133,0.0280349999666214,0,140.275604248047,-85.6715,22.264,21.8613997621818,63,63,63,63,61,63,0,9004,1.9064526870154,22,-86,0.001869,51,2024-05-11 04:46:59.000496,948,1.037,0.0011,"aoml_navis",1031.78198631331
"7901009",34,0,1,0.026166,1,0.003738,1,145.745835988189,1,4.8459376076344,950,1,6.13399982452393,34.9039993286133,0.0261659994721413,0,140.544204711914,-85.6715,22.264,21.8613997621818,63,63,63,63,61,63,0,9004,1.9064526870154,22,-86,0.001869,51,2024-05-11 04:46:59.000496,950,1.037,0.0011,"aoml_navis",1031.79207097567
"7901009",34,0,1,0.031773,1,0.009345,1,146.085345575888,1,4.84588656921982,952,1,6.1269998550415,34.9049987792969,0.0317730009555817,0,140.871597290039,-85.6715,22.264,21.8613997621818,63,63,63,63,61,63,0,9004,1.9064526870154,22,-86,0.001869,51,2024-05-11 04:46:59.000496,952,1.037,0.0011,"aoml_navis",1031.80293813707
"7901009",34,0,1,0.026166,1,0.003738,1,146.393761933728,1,4.84583143129141,954,1,6.10900020599365,34.9049987792969,0.0261659994721413,0,141.169006347656,-85.6715,22.264,21.8613997621818,63,63,63,63,61,63,0,9004,1.9064526870154,22,-86,0.001869,51,2024-05-11 04:46:59.000496,954,1.037,0.0011,"aoml_navis",1031.81467842919
"7901009",34,0,1,0.028035,1,0.005607,1,146.629263480788,1,4.845776159694,956,1,6.09600019454956,34.9059982299805,0.0280349999666214,0,141.396102905273,-85.6715,22.264,21.8613997621818,63,63,63,63,61,63,0,9004,1.9064526870154,22,-86,0.001869,51,2024-05-11 04:46:59.000496,956,1.037,0.0011,"aoml_navis",1031.82644745104
"7901009",34,0,1,0.029904,1,0.007476,1,146.782941571566,1,4.84572598227515,958,1,6.08500003814697,34.9059982299805,0.0299040004611015,0,141.544296264648,-85.6715,22.264,21.8613997621818,63,63,63,63,61,63,0,9004,1.9064526870154,22,-86,0.001869,51,2024-05-11 04:46:59.000496,958,1.037,0.0011,"aoml_navis",1031.83713199821
"7901009",34,0,1,0.028035,1,0.005607,1,146.926983134617,1,4.84567792667198,960,1,6.0770001411438,34.9059982299805,0.0280349999666214,0,141.683197021484,-85.6715,22.264,21.8613997621818,63,63,63,63,61,63,0,9004,1.9064526870154,22,-86,0.001869,51,2024-05-11 04:46:59.000496,960,1.037,0.0011,"aoml_navis",1031.84736494322
"7901009",34,0,1,0.024297,1,0.001869,1,147.178972796441,1,4.84563410824688,962,1,6.07499980926514,34.9059982299805,0.0242970008403063,0,141.926193237305,-85.6715,22.264,21.8613997621818,63,63,63,63,61,63,0,9004,1.9064526870154,22,-86,0.001869,51,2024-05-11 04:46:59.000496,962,1.037,0.0011,"aoml_navis",1031.85669580177
"7901009",34,0,1,0.028035,1,0.005607,1,147.499098563999,1,4.84558182292097,964,1,6.06099987030029,34.9059982299805,0.0280349999666214,0,142.234893798828,-85.6715,22.264,21.8613997621818,63,63,63,63,61,63,0,9004,1.9064526870154,22,-86,0.001869,51,2024-05-11 04:46:59.000496,964,1.037,0.0011,"aoml_navis",1031.86782985453
"7901009",34,0,1,0.028035,1,0.005607,1,147.79506180637,1,4.84553236478028,966,1,6.05100011825562,34.9059982299805,0.0280349999666214,0,142.520294189453,-85.6715,22.264,21.8613997621818,63,63,63,63,61,63,0,9004,1.9064526870154,22,-86,0.001869,51,2024-05-11 04:46:59.000496,966,1.037,0.0011,"aoml_navis",1031.87836208514
"7901009",34,0,1,0.028035,1,0.005607,1,148.366876588746,1,4.84548658605965,968,1,6.04099988937378,34.9049987792969,0.0280349999666214,0,143.071701049805,-85.6715,22.264,21.8613997621818,63,63,63,63,61,63,0,9004,1.9064526870154,22,-86,0.001869,51,2024-05-11 04:46:59.000496,968,1.037,0.0011,"aoml_navis",1031.88811096596
"7901009",34,0,1,0.029904,1,0.007476,1,149.190886738793,1,4.84541937749804,970,1,6.01100015640259,34.9059982299805,0.0299040004611015,0,143.866302490234,-85.6715,22.264,21.8613997621818,63,63,63,63,61,63,0,9004,1.9064526870154,22,-86,0.001869,51,2024-05-11 04:46:59.000496,970,1.037,0.0011,"aoml_navis",1031.90242380666
"7901009",34,0,1,0.026166,1,0.003738,1,149.890555616462,1,4.84534149254179,972,1,5.97100019454956,34.9080009460449,0.0261659994721413,0,144.541000366211,-85.6715,22.264,21.8613997621818,63,63,63,63,61,63,0,9004,1.9064526870154,22,-86,0.001869,51,2024-05-11 04:46:59.000496,972,1.037,0.0011,"aoml_navis",1031.91901080579
"7901009",34,0,1,0.028035,1,0.005607,1,150.46339892807,1,4.84527646789624,974,1,5.94399976730347,34.9090003967285,0.0280349999666214,0,145.093399047852,-85.6715,22.264,21.8613997621818,63,63,63,63,61,63,0,9004,1.9064526870154,22,-86,0.001869,51,2024-05-11 04:46:59.000496,974,1.037,0.0011,"aoml_navis",1031.93285937942
"7901009",34,0,1,0.029904,1,0.007476,1,150.751798524704,1,4.84519502721966,976,1,5.90399980545044,34.9119987487793,0.0299040004611015,0,145.371505737305,-85.6715,22.264,21.8613997621818,63,63,63,63,61,63,0,9004,1.9064526870154,22,-86,0.001869,51,2024-05-11 04:46:59.000496,976,1.037,0.0011,"aoml_navis",1031.95020466889
"7901009",34,0,1,0.033642,1,0.011214,1,150.752732112776,1,4.84514841465788,978,1,5.89799976348877,34.9119987487793,0.0336420014500618,0,145.372406005859,-85.6715,22.264,21.8613997621818,63,63,63,63,61,63,0,9004,1.9064526870154,22,-86,0.001869,51,2024-05-11 04:46:59.000496,978,1.037,0.0011,"aoml_navis",1031.96013250567
"7901009",34,0,1,0.028035,1,0.005607,1,153.307503783744,1,4.84463249644426,999,1,5.80210018157959,34.9129981994629,0.0280349999666214,0,147.835998535156,-85.6715,22.264,21.8613997621818,63,63,63,63,61,63,0,9004,1.9064526870154,22,-86,0.001869,51,2024-05-11 04:46:59.000496,999,1.037,0.0011,"aoml_navis",1032.07002877303
"7901009",34,0,1,0.026166,1,0.003738,1,161.425748305515,1,4.84329736798141,1049.09997558594,1,5.45489978790283,34.9220008850098,0.0261659994721413,0,155.664505004883,-85.6715,22.264,21.8613997621818,63,63,63,63,61,63,0,9004,1.9064526870154,22,-86,0.001869,51,2024-05-11 04:46:59.000496,1049.09997558594,1.037,0.0011,"aoml_navis",1032.354534548
"7901009",34,0,1,0.031773,1,0.009345,1,169.725140560321,1,4.84201307631948,1098.90002441406,1,5.16760015487671,34.9309997558594,0.0317730009555817,0,163.667694091797,-85.6715,22.264,21.8613997621818,63,63,63,63,61,63,0,9004,1.9064526870154,22,-86,0.001869,51,2024-05-11 04:46:59.000496,1098.90002441406,1.037,0.0011,"aoml_navis",1032.62835543613
"7901009",34,0,1,0.029904,1,0.007476,1,175.757021446875,1,4.84080321712648,1149.69995117188,1,5.00260019302368,34.9370002746582,0.0299040004611015,0,169.484298706055,-85.6715,22.264,21.8613997621818,63,63,63,63,61,63,0,9004,1.9064526870154,22,-86,0.001869,51,2024-05-11 04:46:59.000496,1149.69995117188,1.037,0.0011,"aoml_navis",1032.8864396533
"7901009",34,0,1,0.028035,1,0.005607,1,181.238860723717,1,4.83963299209395,1199.30004882812,1,4.85139989852905,34.9420013427734,0.0280349999666214,0,174.770492553711,-85.6715,22.264,21.8613997621818,63,63,63,63,61,63,0,9004,1.9064526870154,22,-86,0.001869,51,2024-05-11 04:46:59.000496,1199.30004882812,1.037,0.0011,"aoml_navis",1033.13619197324
"7901009",34,0,1,0.033642,1,0.011214,1,188.211212916426,1,4.83840123066773,1249.69995117188,1,4.64790010452271,34.9500007629395,0.0336420014500618,0,181.494003295898,-85.6715,22.264,21.8613997621818,63,63,63,63,61,63,0,9004,1.9064526870154,22,-86,0.001869,51,2024-05-11 04:46:59.000496,1249.69995117188,1.037,0.0011,"aoml_navis",1033.39920804996
"7901009",34,0,1,0.033642,1,0.011214,1,192.777582059213,1,4.83725535722346,1299.40002441406,1,4.53280019760132,34.9550018310547,0.0336420014500618,0,185.897399902344,-85.6715,22.264,21.8613997621818,63,63,63,63,61,63,0,9004,1.9064526870154,22,-86,0.001869,51,2024-05-11 04:46:59.000496,1299.40002441406,1.037,0.0011,"aoml_navis",1033.64400486601
"7901009",34,0,1,0.028035,1,0.005607,1,196.482091176217,1,4.83612762386918,1349.40002441406,1,4.44740009307861,34.9589996337891,0.0280349999666214,0,189.469696044922,-85.6715,22.264,21.8613997621818,63,63,63,63,61,63,0,9004,1.9064526870154,22,-86,0.001869,51,2024-05-11 04:46:59.000496,1349.40002441406,1.037,0.0011,"aoml_navis",1033.88503961765
"7901009",34,0,1,0.029904,1,0.007476,1,198.476061239353,1,4.83503798371207,1399.19995117188,1,4.40019989013672,34.9609985351562,0.0299040004611015,0,191.392501831055,-85.6715,22.264,21.8613997621818,63,63,63,63,61,63,0,9004,1.9064526870154,22,-86,0.001869,51,2024-05-11 04:46:59.000496,1399.19995117188,1.037,0.0011,"aoml_navis",1034.11803937087
"7901009",34,0,1,0.026166,1,0.003738,1,199.560874755565,1,4.83394941147579,1449.69995117188,1,4.37480020523071,34.9630012512207,0.0261659994721413,0,192.438598632812,-85.6715,22.264,21.8613997621818,63,63,63,63,61,63,0,9004,1.9064526870154,22,-86,0.001869,51,2024-05-11 04:46:59.000496,1449.69995117188,1.037,0.0011,"aoml_navis",1034.35091565708
"7901009",34,0,1,0.031773,1,0.009345,1,200.597363221403,1,4.83288560726734,1499.59997558594,1,4.35989999771118,34.9640007019043,0.0317730009555817,0,193.438095092773,-85.6715,22.264,21.8613997621818,63,63,63,63,61,63,0,9004,1.9064526870154,22,-86,0.001869,51,2024-05-11 04:46:59.000496,1499.59997558594,1.037,0.0011,"aoml_navis",1034.57859471811
"7901009",34,0,1,0.029904,1,0.007476,1,201.351797324791,1,4.83184288986456,1548.69995117188,1,4.3491997718811,34.9650001525879,0.0299040004611015,0,194.165603637695,-85.6715,22.264,21.8613997621818,63,63,63,63,61,63,0,9004,1.9064526870154,22,-86,0.001869,51,2024-05-11 04:46:59.000496,1548.69995117188,1.037,0.0011,"aoml_navis",1034.80185800084
"7901009",34,0,1,0.028035,1,0.005607,1,202.717114497842,1,4.83076694846933,1599.59997558594,1,4.33769989013672,34.9650001525879,0.0280349999666214,0,195.482192993164,-85.6715,22.264,21.8613997621818,63,63,63,63,61,63,0,9004,1.9064526870154,22,-86,0.001869,51,2024-05-11 04:46:59.000496,1599.59997558594,1.037,0.0011,"aoml_navis",1035.03233613542
"7901009",34,0,1,0.026166,1,0.003738,1,204.305923161229,1,4.82969749410993,1649.69995117188,1,4.31969976425171,34.9669990539551,0.0261659994721413,0,197.014297485352,-85.6715,22.264,21.8613997621818,63,63,63,63,61,63,0,9004,1.9064526870154,22,-86,0.001869,51,2024-05-11 04:46:59.000496,1649.69995117188,1.037,0.0011,"aoml_navis",1035.26152644089
"7901009",34,0,1,0.024297,1,0.001869,1,203.547770529079,1,4.82864681678297,1699.59997558594,1,4.31020021438599,34.9669990539551,0.0242970008403063,0,196.283203125,-85.6715,22.264,21.8613997621818,63,63,63,63,61,63,0,9004,1.9064526870154,22,-86,0.001869,51,2024-05-11 04:46:59.000496,1699.59997558594,1.037,0.0011,"aoml_navis",1035.4867915834
"7901009",35,0.0225481598849942,5,0.046725,1,0.024297,1,192.117578891191,1,4.88745042606297,2.09999990463257,1,29.0610008239746,36.298999786377,0.0467250011861324,0.0467250011861324,185.260894775391,-85.6909,22.2328,31.7976926704036,63,63,63,63,61,63,0.042987,9004,1.9064526870154,22,-86,0.001869,51,2024-05-21 11:16:18.001203,2.09999990463257,1.037,0.0011,"aoml_navis",1023.02827939427
"7901009",35,0.0225481598849942,5,0.048594,1,0.026166,1,192.085852710455,1,4.88742167156868,4,1,29.0650005340576,36.2980003356934,0.0485940016806126,0.0467250011861324,185.23030090332,-85.6909,22.2328,31.7976926704036,63,63,63,63,61,63,0.042987,9004,1.9064526870154,22,-86,0.001869,51,2024-05-21 11:16:18.001203,4,1.037,0.0011,"aoml_navis",1023.03429824486
"7901009",35,0.0225481598849942,5,0.052332,1,0.029904,1,192.041673410397,1,4.88738729240041,6,1,29.0690002441406,36.2980003356934,0.0523319989442825,0.0467250011861324,185.187698364258,-85.6909,22.2328,31.7976926704036,63,63,63,63,61,63,0.042987,9004,1.9064526870154,22,-86,0.001869,51,2024-05-21 11:16:18.001203,6,1.037,0.0011,"aoml_navis",1023.04149453732
"7901009",35,0.0225481598849942,5,0.048594,1,0.026166,1,192.11509459674,1,4.88734488439917,8,1,29.068000793457,36.2980003356934,0.0485940016806126,0.0467250011861324,185.258499145508,-85.6909,22.2328,31.7976926704036,63,63,63,63,61,63,0.042987,9004,1.9064526870154,22,-86,0.001869,51,2024-05-21 11:16:18.001203,8,1.037,0.0011,"aoml_navis",1023.05037157505
"7901009",35,0.0225481598849942,5,0.046725,1,0.024297,1,192.084808357373,1,4.88730606270599,10,1,29.0669994354248,36.2970008850098,0.0467250011861324,0.0467250011861324,185.229293823242,-85.6909,22.2328,31.7976926704036,63,63,63,63,61,63,0.042987,9004,1.9064526870154,22,-86,0.001869,51,2024-05-21 11:16:18.001203,10,1.037,0.0011,"aoml_navis",1023.05849804537
"7901009",35,0.0225481598849942,5,0.05607,1,0.033642,1,192.062829472065,1,4.88726365915891,12,1,29.0659999847412,36.2970008850098,0.0560699999332428,0.0467250011861324,185.208099365234,-85.6909,22.2328,31.7976926704036,63,63,63,63,61,63,0.042987,9004,1.9064526870154,22,-86,0.001869,51,2024-05-21 11:16:18.001203,12,1.037,0.0011,"aoml_navis",1023.06737444578
"7901009",35,0.0225481598849942,5,0.052332,1,0.029904,1,192.103796595221,1,4.88722607836178,14,1,29.068000793457,36.2970008850098,0.0523319989442825,0.0467250011861324,185.247604370117,-85.6909,22.2328,31.7976926704036,63,63,63,63,61,63,0.042987,9004,1.9064526870154,22,-86,0.001869,51,2024-05-21 11:16:18.001203,14,1.037,0.0011,"aoml_navis",1023.07524142121
"7901009",35,0.0225481598849942,5,0.052332,1,0.029904,1,191.951669163001,1,4.88718169852315,16,1,29.068000793457,36.2980003356934,0.0523319989442825,0.0467250011861324,185.10090637207,-85.6909,22.2328,31.7976926704036,63,63,63,63,61,63,0.042987,9004,1.9064526870154,22,-86,0.001869,51,2024-05-21 11:16:18.001203,16,1.037,0.0011,"aoml_navis",1023.08453182965
"7901009",35,0.0225481598849942,5,0.052332,1,0.029904,1,192.003712758234,1,4.88714610051689,18,1,29.0690002441406,36.2970008850098,0.0523319989442825,0.0467250011861324,185.151092529297,-85.6909,22.2328,31.7976926704036,63,63,63,63,61,63,0.042987,9004,1.9064526870154,22,-86,0.001869,51,2024-05-21 11:16:18.001203,18,1.037,0.0011,"aoml_navis",1023.09198398451
"7901009",35,0.0225481598849942,5,0.057939,1,0.035511,1,192.101818653778,1,4.88708480007113,20,1,29.0540008544922,36.2960014343262,0.0579390004277229,0.0467250011861324,185.245697021484,-85.6909,22.2328,31.7976926704036,63,63,63,63,61,63,0.042987,9004,1.9064526870154,22,-86,0.001869,51,2024-05-21 11:16:18.001203,20,1.037,0.0011,"aoml_navis",1023.10481699176
"7901009",35,0.0225481598849942,5,0.05607,1,0.033642,1,192.461867290426,1,4.88696639462386,22,1,28.9899997711182,36.2890014648438,0.0560699999332428,0.0467250011861324,185.592895507812,-85.6909,22.2328,31.7976926704036,63,63,63,63,61,63,0.042987,9004,1.9064526870154,22,-86,0.001869,51,2024-05-21 11:16:18.001203,22,1.037,0.0011,"aoml_navis",1023.12960561802
"7901009",35,0.0225481598849942,5,0.057939,1,0.035511,1,192.400266282143,1,4.88691996222339,24,1,28.9820003509521,36.2869987487793,0.0579390004277229,0.0467250011861324,185.533493041992,-85.6909,22.2328,31.7976926704036,63,63,63,63,61,63,0.042987,9004,1.9064526870154,22,-86,0.001869,51,2024-05-21 11:16:18.001203,24,1.037,0.0011,"aoml_navis",1023.13932674378
"7901009",35,0.0225481598849942,5,0.059808,1,0.03738,1,192.329234449063,1,4.88687558922257,26,1,28.9820003509521,36.2879981994629,0.0598080009222031,0.0467250011861324,185.464996337891,-85.6909,22.2328,31.7976926704036,63,63,63,63,61,63,0.042987,9004,1.9064526870154,22,-86,0.001869,51,2024-05-21 11:16:18.001203,26,1.037,0.0011,"aoml_navis",1023.14861688456
"7901009",35,0.0225481598849942,5,0.059808,1,0.03738,1,192.422672402803,1,4.88682556206932,28,1,28.9740009307861,36.2869987487793,0.0598080009222031,0.0467250011861324,185.555099487305,-85.6909,22.2328,31.7976926704036,63,63,63,63,61,63,0.042987,9004,1.9064526870154,22,-86,0.001869,51,2024-05-21 11:16:18.001203,28,1.037,0.0011,"aoml_navis",1023.15909100769
"7901009",35,0.0225481598849942,5,0.065415,1,0.042987,1,192.425884579705,1,4.88677912194221,30,1,28.9659996032715,36.2849998474121,0.0654150024056435,0.0523319989442825,185.558197021484,-85.6909,22.2328,31.7976926704036,63,63,63,63,61,63,0.042987,9004,1.9064526870154,22,-86,0.001869,51,2024-05-21 11:16:18.001203,30,1.037,0.0011,"aoml_navis",1023.16881431154
"7901009",35,0.0215678051073857,1,0.063546,1,0.041118,1,192.573565599563,1,4.8867314649626,32,1,28.9549999237061,36.2820014953613,0.0635460019111633,0.0504629984498024,185.700607299805,-85.6909,22.2328,31.7976926704036,63,63,63,63,61,63,0.041118,9004,1.9064526870154,22,-86,0.001869,51,2024-05-21 11:16:18.001203,32,1.037,0.0011,"aoml_navis",1023.17879258345
"7901009",35,0.0205874503297773,1,0.061677,1,0.039249,1,192.668854906493,1,4.88667985815787,34,1,28.9459991455078,36.2809982299805,0.0616770014166832,0.0485940016806126,185.792495727539,-85.6909,22.2328,31.7976926704036,63,63,63,63,61,63,0.039249,9004,1.9064526870154,22,-86,0.001869,51,2024-05-21 11:16:18.001203,34,1.037,0.0011,"aoml_navis",1023.1895980771
"7901009",35,0.0205874503297773,1,0.061677,1,0.039249,1,192.610893310464,1,4.88662183568845,36,1,28.9330005645752,36.2799987792969,0.0616770014166832,0.0485940016806126,185.736602783203,-85.6909,22.2328,31.7976926704036,63,63,63,63,61,63,0.039249,9004,1.9064526870154,22,-86,0.001869,51,2024-05-21 11:16:18.001203,36,1.037,0.0011,"aoml_navis",1023.20174716274
"7901009",35,0.0205874503297773,1,0.061677,1,0.039249,1,192.674567201379,1,4.88656702244742,38,1,28.9220008850098,36.2789993286133,0.0616770014166832,0.0485940016806126,185.798004150391,-85.6909,22.2328,31.7976926704036,63,63,63,63,61,63,0.039249,9004,1.9064526870154,22,-86,0.001869,51,2024-05-21 11:16:18.001203,38,1.037,0.0011,"aoml_navis",1023.21322454629
"7901009",35,0.0225481598849942,1,0.065415,1,0.042987,1,192.654439669261,1,4.88651183031705,40,1,28.9130001068115,36.2789993286133,0.0654150024056435,0.0523319989442825,185.778594970703,-85.6909,22.2328,31.7976926704036,63,63,63,63,61,63,0.042987,9004,1.9064526870154,22,-86,0.001869,51,2024-05-21 11:16:18.001203,40,1.037,0.0011,"aoml_navis",1023.22478152592
"7901009",35,0.024508869440211,1,0.069153,1,0.046725,1,192.669899259575,1,4.88646983873514,42,1,28.9099998474121,36.2779998779297,0.0691530033946037,0.0560699999332428,185.793502807617,-85.6909,22.2328,31.7976926704036,63,63,63,63,61,63,0.046725,9004,1.9064526870154,22,-86,0.001869,51,2024-05-21 11:16:18.001203,42,1.037,0.0011,"aoml_navis",1023.23357454597
"7901009",35,0.024508869440211,1,0.069153,1,0.046725,1,192.784999627993,1,4.88641300010602,44.0999984741211,1,28.8990001678467,36.2770004272461,0.0691530033946037,0.0560699999332428,185.904495239258,-85.6909,22.2328,31.7976926704036,63,63,63,63,61,63,0.046725,9004,1.9064526870154,22,-86,0.001869,51,2024-05-21 11:16:18.001203,44.0999984741211,1.037,0.0011,"aoml_navis",1023.24547677233
"7901009",35,0.0274499337730364,1,0.07476,1,0.052332,1,193.063034900672,1,4.88632018808846,46,1,28.8540000915527,36.2719993591309,0.0747599974274635,0.0616770014166832,186.172607421875,-85.6909,22.2328,31.7976926704036,63,63,63,63,61,63,0.052332,9004,1.9064526870154,22,-86,0.001869,51,2024-05-21 11:16:18.001203,46,1.037,0.0011,"aoml_navis",1023.26491255908
"7901009",35,0.0294106433282533,1,0.078498,1,0.05607,1,194.151266635232,1,4.88617983444342,48,1,28.7670001983643,36.2610015869141,0.0784979984164238,0.0654150024056435,187.22200012207,-85.6909,22.2328,31.7976926704036,63,63,63,63,61,63,0.05607,9004,1.9064526870154,22,-86,0.001869,51,2024-05-21 11:16:18.001203,48,1.037,0.0011,"aoml_navis",1023.29430545193
"7901009",35,0.0313713528834701,1,0.082236,1,0.059808,1,196.843767114916,1,4.88575082998388,50,1,28.4869995117188,36.2449989318848,0.0822359994053841,0.0691530033946037,189.818405151367,-85.6909,22.2328,31.7976926704036,63,63,63,63,61,63,0.059808,9004,1.9064526870154,22,-86,0.001869,51,2024-05-21 11:16:18.001203,50,1.037,0.0011,"aoml_navis",1023.38415813491
"7901009",35,0.0352927719939039,1,0.089712,1,0.067284,1,197.978251032166,1,4.88534291840632,52,1,28.2549991607666,36.2449989318848,0.0897120013833046,0.0766289979219437,190.912399291992,-85.6909,22.2328,31.7976926704036,63,63,63,63,61,63,0.067284,9004,1.9064526870154,22,-86,0.001869,51,2024-05-21 11:16:18.001203,52,1.037,0.0011,"aoml_navis",1023.46960766289
"7901009",35,0.0362731267715123,1,0.091581,1,0.069153,1,197.975561031804,1,4.88510970828988,54,1,28.1580009460449,36.2560005187988,0.0915810018777847,0.0784979984164238,190.909805297852,-85.6909,22.2328,31.7976926704036,63,63,63,63,61,63,0.069153,9004,1.9064526870154,22,-86,0.001869,51,2024-05-21 11:16:18.001203,54,1.037,0.0011,"aoml_navis",1023.51846705001
"7901009",35,0.0372534815491208,1,0.09345,1,0.071022,1,197.722416174237,1,4.88491084634814,56,1,28.1259994506836,36.2859992980957,0.0934500023722649,0.0803669989109039,190.66569519043,-85.6909,22.2328,31.7976926704036,63,63,63,63,61,63,0.071022,9004,1.9064526870154,22,-86,0.001869,51,2024-05-21 11:16:18.001203,56,1.037,0.0011,"aoml_navis",1023.56013390457
"7901009",35,0.042155255437163,1,0.102795,1,0.080367,1,197.752180237062,1,4.88479374396055,58,1,28.1140003204346,36.3019981384277,0.102794997394085,0.0897120013833046,190.694396972656,-85.6909,22.2328,31.7976926704036,63,63,63,63,61,63,0.080367,9004,1.9064526870154,22,-86,0.001869,51,2024-05-21 11:16:18.001203,58,1.037,0.0011,"aoml_navis",1023.58467154972
"7901009",35,0.0411749006595546,1,0.100926,1,0.078498,1,198.150189525873,1,4.88466779817432,60,1,28.05299949646,36.298999786377,0.100925996899605,0.0878430008888245,191.078201293945,-85.6909,22.2328,31.7976926704036,63,63,63,63,61,63,0.078498,9004,1.9064526870154,22,-86,0.001869,51,2024-05-21 11:16:18.001203,60,1.037,0.0011,"aoml_navis",1023.61106355458
"7901009",35,0.0450963197699883,1,0.108402,1,0.085974,1,198.369519496541,1,4.8845332397432,62,1,27.9909992218018,36.2980003356934,0.108401998877525,0.095319002866745,191.289703369141,-85.6909,22.2328,31.7976926704036,63,63,63,63,61,63,0.085974,9004,1.9064526870154,22,-86,0.001869,51,2024-05-21 11:16:18.001203,62,1.037,0.0011,"aoml_navis",1023.63926184744
"7901009",35,0.0460766745475968,1,0.110271,1,0.087843,1,198.375326732616,1,4.88446241186407,64,1,27.9810009002686,36.3019981384277,0.110270999372005,0.0971880033612251,191.295303344727,-85.6909,22.2328,31.7976926704036,63,63,63,63,61,63,0.087843,9004,1.9064526870154,22,-86,0.001869,51,2024-05-21 11:16:18.001203,64,1.037,0.0011,"aoml_navis",1023.65410528194
"7901009",35,0.0490177388804221,1,0.115878,1,0.09345,1,198.430693269472,1,4.88436925853084,66,1,27.9270000457764,36.2929992675781,0.115878000855446,0.102794997394085,191.348693847656,-85.6909,22.2328,31.7976926704036,63,63,63,63,61,63,0.09345,9004,1.9064526870154,22,-86,0.001869,51,2024-05-21 11:16:18.001203,66,1.037,0.0011,"aoml_navis",1023.67362812859
"7901009",35,0.0558802223236812,1,0.128961,1,0.106533,1,198.468543156915,1,4.88424740160547,68,1,27.8500003814697,36.2820014953613,0.128960996866226,0.115878000855446,191.385192871094,-85.6909,22.2328,31.7976926704036,63,63,63,63,61,63,0.106533,9004,1.9064526870154,22,-86,0.001869,51,2024-05-21 11:16:18.001203,68,1.037,0.0011,"aoml_navis",1023.69916772776
"7901009",35,0.0539195127684643,1,0.125223,1,0.102795,1,198.218214887961,1,4.8841844908499,70,1,27.8059997558594,36.2690010070801,0.125222995877266,0.112139999866486,191.143798828125,-85.6909,22.2328,31.7976926704036,63,63,63,63,61,63,0.102795,9004,1.9064526870154,22,-86,0.001869,51,2024-05-21 11:16:18.001203,70,1.037,0.0011,"aoml_navis",1023.7123534885
"7901009",35,0.0548998675460727,1,0.127092,1,0.104664,1,198.022841744044,1,4.88408637210846,72,1,27.7670001983643,36.2680015563965,0.127092003822327,0.114009000360966,190.95539855957,-85.6909,22.2328,31.7976926704036,63,63,63,63,61,63,0.104664,9004,1.9064526870154,22,-86,0.001869,51,2024-05-21 11:16:18.001203,72,1.037,0.0011,"aoml_navis",1023.73291933441
"7901009",35,0.0656837700997656,1,0.147651,1,0.125223,1,198.270891424456,1,4.88398314920685,74,1,27.75,36.2779998779297,0.147651001811028,0.134568005800247,191.194595336914,-85.6909,22.2328,31.7976926704036,63,63,63,63,61,63,0.125223,9004,1.9064526870154,22,-86,0.001869,51,2024-05-21 11:16:18.001203,74,1.037,0.0011,"aoml_navis",1023.75455591242
"7901009",35,0.0627427057669403,1,0.142044,1,0.119616,1,198.369725202451,1,4.88392722445807,76,1,27.7609996795654,36.2869987487793,0.142043992877007,0.128960996866226,191.289901733398,-85.6909,22.2328,31.7976926704036,63,63,63,63,61,63,0.119616,9004,1.9064526870154,22,-86,0.001869,51,2024-05-21 11:16:18.001203,76,1.037,0.0011,"aoml_navis",1023.76627869487
"7901009",35,0.0588212866565065,4,0.134568,1,0.11214,1,198.316115077595,1,4.88385755828634,78,1,27.753999710083,36.2919998168945,0.134568005800247,0.121485002338886,191.238204956055,-85.6909,22.2328,31.7976926704036,63,63,63,63,61,63,0.11214,9004,1.9064526870154,22,-86,0.001869,51,2024-05-21 11:16:18.001203,78,1.037,0.0011,"aoml_navis",1023.78088228978
"7901009",35,0.0676444796549825,1,0.151389,1,0.128961,1,198.611761940878,1,4.88377308021152,80,1,27.7259998321533,36.2919998168945,0.151389002799988,0.138306006789207,191.523300170898,-85.6909,22.2328,31.7976926704036,63,63,63,63,61,63,0.128961,9004,1.9064526870154,22,-86,0.001869,51,2024-05-21 11:16:18.001203,80,1.037,0.0011,"aoml_navis",1023.79859135131
"7901009",35,0.0764676726534585,1,0.16821,1,0.145782,1,198.887914213304,1,4.88366491100934,82,1,27.6919994354248,36.2960014343262,0.168209999799728,0.155127003788948,191.789596557617,-85.6909,22.2328,31.7976926704036,63,63,63,63,61,63,0.145782,9004,1.9064526870154,22,-86,0.001869,51,2024-05-21 11:16:18.001203,82,1.037,0.0011,"aoml_navis",1023.82126765667
"7901009",35,0.0813694465415007,1,0.177555,1,0.155127,1,198.919545452851,1,4.88354849532198,84,1,27.625,36.2879981994629,0.177554994821548,0.164471998810768,191.820098876953,-85.6909,22.2328,31.7976926704036,63,63,63,63,61,63,0.155127,9004,1.9064526870154,22,-86,0.001869,51,2024-05-21 11:16:18.001203,84,1.037,0.0011,"aoml_navis",1023.84567385572
"7901009",35,0.0892122847623682,1,0.192507,1,0.170079,1,198.645260357147,1,4.88346831889346,86,1,27.6019992828369,36.2890014648438,0.19250699877739,0.179424002766609,191.555603027344,-85.6909,22.2328,31.7976926704036,63,63,63,63,61,63,0.170079,9004,1.9064526870154,22,-86,0.001869,51,2024-05-21 11:16:18.001203,86,1.037,0.0011,"aoml_navis",1023.8624832797
"7901009",35,0.0852908656519344,4,0.185031,1,0.162603,1,198.43888985881,1,4.88337456186381,88,1,27.5610008239746,36.2859992980957,0.185030996799469,0.171948000788689,191.356597900391,-85.6909,22.2328,31.7976926704036,63,63,63,63,61,63,0.162603,9004,1.9064526870154,22,-86,0.001869,51,2024-05-21 11:16:18.001203,88,1.037,0.0011,"aoml_navis",1023.88214065064
"7901009",35,0.0960747682056273,1,0.20559,1,0.183162,1,197.780805005617,1,4.88329123413856,90,1,27.5289993286133,36.2840003967285,0.20558999478817,0.19250699877739,190.72200012207,-85.6909,22.2328,31.7976926704036,63,63,63,63,61,63,0.183162,9004,1.9064526870154,22,-86,0.001869,51,2024-05-21 11:16:18.001203,90,1.037,0.0011,"aoml_navis",1023.8996120169
"7901009",35,0.0970551229832357,1,0.207459,1,0.185031,1,197.11743509289,1,4.88321930904269,92,1,27.5020008087158,36.2809982299805,0.207459002733231,0.19437600672245,190.082305908203,-85.6909,22.2328,31.7976926704036,63,63,63,63,61,63,0.185031,9004,1.9064526870154,22,-86,0.001869,51,2024-05-21 11:16:18.001203,92,1.037,0.0011,"aoml_navis",1023.91469306755
"7901009",35,0.102937251648886,1,0.218673,1,0.196245,1,197.656368753591,1,4.88310617368347,94,1,27.4599990844727,36.2830009460449,0.218673005700111,0.20558999478817,190.602005004883,-85.6909,22.2328,31.7976926704036,63,63,63,63,61,63,0.196245,9004,1.9064526870154,22,-86,0.001869,51,2024-05-21 11:16:18.001203,94,1.037,0.0011,"aoml_navis",1023.93841586867
"7901009",35,0.105878315981712,1,0.22428,1,0.201852,1,197.079268734817,1,4.88303389687988,96,1,27.4419994354248,36.2840003967285,0.224279999732971,0.211197003722191,190.045501708984,-85.6909,22.2328,31.7976926704036,63,63,63,63,61,63,0.201852,9004,1.9064526870154,22,-86,0.001869,51,2024-05-21 11:16:18.001203,96,1.037,0.0011,"aoml_navis",1023.95357181421
"7901009",35,0.10685867075932,1,0.226149,1,0.203721,1,195.848134686924,1,4.88294191810846,98,1,27.4020004272461,36.2809982299805,0.226148992776871,0.21306599676609,188.858306884766,-85.6909,22.2328,31.7976926704036,63,63,63,63,61,63,0.203721,9004,1.9064526870154,22,-86,0.001869,51,2024-05-21 11:16:18.001203,98,1.037,0.0011,"aoml_navis",1023.97285977485
"7901009",35,0.113721154202579,1,0.239232,1,0.216804,1,194.618440580402,1,4.88281341266884,100,1,27.3430004119873,36.2799987792969,0.239232003688812,0.226148992776871,187.672500610352,-85.6909,22.2328,31.7976926704036,63,63,63,63,61,63,0.216804,9004,1.9064526870154,22,-86,0.001869,51,2024-05-21 11:16:18.001203,100,1.037,0.0011,"aoml_navis",1023.99980859951
"7901009",35,0.115681863757796,1,0.24297,1,0.220542,1,195.185160362486,1,4.88268352056189,102,1,27.2900009155273,36.2820014953613,0.242970004677773,0.229886993765831,188.218994140625,-85.6909,22.2328,31.7976926704036,63,63,63,63,61,63,0.220542,9004,1.9064526870154,22,-86,0.001869,51,2024-05-21 11:16:18.001203,102,1.037,0.0011,"aoml_navis",1024.02704966318
"7901009",35,0.129406830644314,1,0.269136,1,0.246708,1,195.006386103153,1,4.882613362723,104,1,27.2639999389648,36.2789993286133,0.269136011600494,0.256053000688553,188.046600341797,-85.6909,22.2328,31.7976926704036,63,63,63,63,61,63,0.246708,9004,1.9064526870154,22,-86,0.001869,51,2024-05-21 11:16:18.001203,104,1.037,0.0011,"aoml_navis",1024.04176381714
"7901009",35,0.151954990529308,1,0.312123,1,0.289695,1,193.312223875354,1,4.88250510828063,106,1,27.1900005340576,36.265998840332,0.312123000621796,0.299039989709854,186.412902832031,-85.6909,22.2328,31.7976926704036,63,63,63,63,61,63,0.289695,9004,1.9064526870154,22,-86,0.001869,51,2024-05-21 11:16:18.001203,106,1.037,0.0011,"aoml_navis",1024.06446877446
"7901009",35,0.175483505191911,1,0.356979,1,0.334551,1,191.446423800947,1,4.88234780524765,108,1,27.1049995422363,36.2620010375977,0.356979012489319,0.343896001577377,184.613693237305,-85.6909,22.2328,31.7976926704036,63,63,63,63,61,63,0.334551,9004,1.9064526870154,22,-86,0.001869,51,2024-05-21 11:16:18.001203,108,1.037,0.0011,"aoml_navis",1024.09746282842
"7901009",35,0.23920656573646,1,0.478464,1,0.456036,1,189.959359953936,1,4.88214505161204,110,1,27.0440006256104,36.2809982299805,0.478464007377625,0.465380996465683,183.179702758789,-85.6909,22.2328,31.7976926704036,63,63,63,63,61,63,0.456036,9004,1.9064526870154,22,-86,0.001869,51,2024-05-21 11:16:18.001203,110,1.037,0.0011,"aoml_navis",1024.13999320832
"7901009",35,0.262735080399062,1,0.52332,1,0.500892,1,189.979788133153,1,4.8818884614701,112,1,26.9150009155273,36.2859992980957,0.523320019245148,0.510236978530884,183.199401855469,-85.6909,22.2328,31.7976926704036,63,63,63,63,61,63,0.500892,9004,1.9064526870154,22,-86,0.001869,51,2024-05-21 11:16:18.001203,112,1.037,0.0011,"aoml_navis",1024.19382160451
"7901009",35,0.263715435176671,1,0.525189,1,0.502761,1,188.920371049526,1,4.88173742470928,114,1,26.8500003814697,36.2890014648438,0.525188982486725,0.512106001377106,182.177795410156,-85.6909,22.2328,31.7976926704036,63,63,63,63,61,63,0.502761,9004,1.9064526870154,22,-86,0.001869,51,2024-05-21 11:16:18.001203,114,1.037,0.0011,"aoml_navis",1024.22550928121
"7901009",35,0.285283240284057,1,0.566307,1,0.543879,1,185.101266771299,1,4.88136032461653,116,1,26.7849998474121,36.3549995422363,0.566307008266449,0.55322402715683,178.494995117188,-85.6909,22.2328,31.7976926704036,63,63,63,63,61,63,0.543879,9004,1.9064526870154,22,-86,0.001869,51,2024-05-21 11:16:18.001203,116,1.037,0.0011,"aoml_navis",1024.30463385077
"7901009",35,0.296067142837749,1,0.586866,1,0.564438,1,182.583727079846,1,4.88105880190342,118,1,26.7999992370605,36.4339981079102,0.586866021156311,0.573782980442047,176.067306518555,-85.6909,22.2328,31.7976926704036,63,63,63,63,61,63,0.564438,9004,1.9064526870154,22,-86,0.001869,51,2024-05-21 11:16:18.001203,118,1.037,0.0011,"aoml_navis",1024.3679092844
"7901009",35,0.258813661288629,1,0.515844,1,0.493416,1,181.412928157713,1,4.88076787851852,120,1,26.6100006103516,36.4230003356934,0.515843987464905,0.502761006355286,174.938293457031,-85.6909,22.2328,31.7976926704036,63,63,63,63,61,63,0.493416,9004,1.9064526870154,22,-86,0.001869,51,2024-05-21 11:16:18.001203,120,1.037,0.0011,"aoml_navis",1024.42896782825
"7901009",35,0.22646195362755,1,0.454167,1,0.431739,1,179.723956048259,1,4.88046521927637,122,1,26.4090003967285,36.4109992980957,0.454167008399963,0.441083997488022,173.309600830078,-85.6909,22.2328,31.7976926704036,63,63,63,63,61,63,0.431739,9004,1.9064526870154,22,-86,0.001869,51,2024-05-21 11:16:18.001203,122,1.037,0.0011,"aoml_navis",1024.49249720119
"7901009",35,0.208815567630598,1,0.420525,1,0.398097,1,177.862618209746,1,4.88028564448045,124,1,26.3600006103516,36.4290008544922,0.420525014400482,0.407442003488541,171.514694213867,-85.6909,22.2328,31.7976926704036,63,63,63,63,61,63,0.398097,9004,1.9064526870154,22,-86,0.001869,51,2024-05-21 11:16:18.001203,124,1.037,0.0011,"aoml_navis",1024.53019438625
"7901009",35,0.197051310299297,1,0.398097,1,0.375669,1,175.327751751258,1,4.87999271089097,126,1,26.3309993743896,36.4869995117188,0.398097008466721,0.385013997554779,169.070297241211,-85.6909,22.2328,31.7976926704036,63,63,63,63,61,63,0.375669,9004,1.9064526870154,22,-86,0.001869,51,2024-05-21 11:16:18.001203,126,1.037,0.0011,"aoml_navis",1024.59169433618
"7901009",35,0.174503150414303,1,0.35511,1,0.332682,1,173.000078614746,1,4.87969390724053,128,1,26.3479995727539,36.5660018920898,0.355109989643097,0.342027008533478,166.825698852539,-85.6909,22.2328,31.7976926704036,63,63,63,63,61,63,0.332682,9004,1.9064526870154,22,-86,0.001869,51,2024-05-21 11:16:18.001203,128,1.037,0.0011,"aoml_navis",1024.65443428346
"7901009",35,0.168621021748652,1,0.343896,1,0.321468,1,170.976248930855,1,4.8794116447084,130,1,26.2880001068115,36.6080017089844,0.343896001577377,0.330812990665436,164.874099731445,-85.6909,22.2328,31.7976926704036,63,63,63,63,61,63,0.321468,9004,1.9064526870154,22,-86,0.001869,51,2024-05-21 11:16:18.001203,130,1.037,0.0011,"aoml_navis",1024.71370814192
"7901009",35,0.129406830644314,1,0.269136,1,0.246708,1,168.478504477358,1,4.878887460399,132,1,26.1459999084473,36.6829986572266,0.269136011600494,0.256053000688553,162.46549987793,-85.6909,22.2328,31.7976926704036,63,63,63,63,61,63,0.246708,9004,1.9064526870154,22,-86,0.001869,51,2024-05-21 11:16:18.001203,132,1.037,0.0011,"aoml_navis",1024.82380267716
"7901009",35,0.110780089869754,1,0.233625,1,0.211197,1,166.900692676968,1,4.87837381396835,134.100006103516,1,25.988000869751,36.7480010986328,0.233624994754791,0.220541998744011,160.944000244141,-85.6909,22.2328,31.7976926704036,63,63,63,63,61,63,0.211197,9004,1.9064526870154,22,-86,0.001869,51,2024-05-21 11:16:18.001203,134.100006103516,1.037,0.0011,"aoml_navis",1024.9317068904
"7901009",35,0.107839025536929,4,0.228018,1,0.20559,1,164.255283027146,1,4.87798988262675,136,1,25.8509998321533,36.7869987487793,0.228018000721931,0.214935004711151,158.393005371094,-85.6909,22.2328,31.7976926704036,63,63,63,63,61,63,0.20559,9004,1.9064526870154,22,-86,0.001869,51,2024-05-21 11:16:18.001203,136,1.037,0.0011,"aoml_navis",1025.01237606248
"7901009",35,0.112740799424971,1,0.237363,1,0.214935,1,158.721794047812,1,4.8773538445954,137.899993896484,1,25.5900001525879,36.8450012207031,0.237362995743752,0.224279999732971,153.057006835938,-85.6909,22.2328,31.7976926704036,63,63,63,63,61,63,0.214935,9004,1.9064526870154,22,-86,0.001869,51,2024-05-21 11:16:18.001203,137.899993896484,1.037,0.0011,"aoml_navis",1025.14604421012
"7901009",35,0.113721154202579,1,0.239232,1,0.216804,1,156.977218048528,1,4.87685171425733,140,1,25.3770008087158,36.8849983215332,0.239232003688812,0.226148992776871,151.374694824219,-85.6909,22.2328,31.7976926704036,63,63,63,63,61,63,0.216804,9004,1.9064526870154,22,-86,0.001869,51,2024-05-21 11:16:18.001203,140,1.037,0.0011,"aoml_navis",1025.2515952828
"7901009",35,0.105878315981712,4,0.22428,1,0.201852,1,155.859839368872,1,4.87643146075999,142,1,25.1830005645752,36.9109992980957,0.224279999732971,0.211197003722191,150.29719543457,-85.6909,22.2328,31.7976926704036,63,63,63,63,61,63,0.201852,9004,1.9064526870154,22,-86,0.001869,51,2024-05-21 11:16:18.001203,142,1.037,0.0011,"aoml_navis",1025.33995201908
"7901009",35,0.113721154202579,1,0.239232,1,0.216804,1,155.009498607475,1,4.87624436244216,144,1,25.1030006408691,36.9189987182617,0.239232003688812,0.226148992776871,149.477203369141,-85.6909,22.2328,31.7976926704036,63,63,63,63,61,63,0.216804,9004,1.9064526870154,22,-86,0.001869,51,2024-05-21 11:16:18.001203,144,1.037,0.0011,"aoml_navis",1025.37929364472
"7901009",35,0.105878315981712,1,0.22428,1,0.201852,1,153.953720936102,1,4.87604802194542,146,1,25.0189990997314,36.9280014038086,0.224279999732971,0.211197003722191,148.459106445312,-85.6909,22.2328,31.7976926704036,63,63,63,63,61,63,0.201852,9004,1.9064526870154,22,-86,0.001869,51,2024-05-21 11:16:18.001203,146,1.037,0.0011,"aoml_navis",1025.4205818927
"7901009",35,0.10097654209367,4,0.214935,1,0.192507,1,153.329435146278,1,4.87566144700141,148,1,24.8390007019043,36.951000213623,0.214935004711151,0.20185199379921,147.85710144043,-85.6909,22.2328,31.7976926704036,63,63,63,63,61,63,0.192507,9004,1.9064526870154,22,-86,0.001869,51,2024-05-21 11:16:18.001203,148,1.037,0.0011,"aoml_navis",1025.50188407258
"7901009",35,0.0950944134280189,4,0.203721,1,0.181293,1,152.606426343179,1,4.87532303823054,150,1,24.6790008544922,36.9690017700195,0.20372100174427,0.19063800573349,147.159896850586,-85.6909,22.2328,31.7976926704036,63,63,63,63,61,63,0.181293,9004,1.9064526870154,22,-86,0.001869,51,2024-05-21 11:16:18.001203,150,1.037,0.0011,"aoml_navis",1025.57306680845
"7901009",35,0.166660312193435,1,0.340158,1,0.31773,1,151.80067629366,1,4.87498625838441,152,1,24.5170001983643,36.9860000610352,0.340157985687256,0.327075004577637,146.382904052734,-85.6909,22.2328,31.7976926704036,63,63,63,63,61,63,0.31773,9004,1.9064526870154,22,-86,0.001869,51,2024-05-21 11:16:18.001203,152,1.037,0.0011,"aoml_navis",1025.64391671886
"7901009",35,0.07548731787585,1,0.166341,1,0.143913,1,150.669610259223,1,4.874660460563,154,1,24.3470001220703,36.9970016479492,0.166341006755829,0.153257995843887,145.292205810547,-85.6909,22.2328,31.7976926704036,63,63,63,63,61,63,0.143913,9004,1.9064526870154,22,-86,0.001869,51,2024-05-21 11:16:18.001203,154,1.037,0.0011,"aoml_navis",1025.71246560679
"7901009",35,0.0450963197699883,4,0.108402,1,0.085974,1,150.346778568755,1,4.8740850578143,156.100006103516,1,24.0359992980957,37.0209999084473,0.108401998877525,0.095319002866745,144.980895996094,-85.6909,22.2328,31.7976926704036,63,63,63,63,61,63,0.085974,9004,1.9064526870154,22,-86,0.001869,51,2024-05-21 11:16:18.001203,156.100006103516,1.037,0.0011,"aoml_navis",1025.83355454247
"7901009",35,0.0470570293252052,4,0.11214,1,0.089712,1,150.47890505711,1,4.87390848400919,158.100006103516,1,23.951000213623,37.0250015258789,0.112139999866486,0.0990569964051247,145.108306884766,-85.6909,22.2328,31.7976926704036,63,63,63,63,61,63,0.089712,9004,1.9064526870154,22,-86,0.001869,51,2024-05-21 11:16:18.001203,158.100006103516,1.037,0.0011,"aoml_navis",1025.87071882956
"7901009",35,0.0568605771012896,1,0.13083,1,0.108402,1,150.338692744139,1,4.87383907683349,160,1,23.9270000457764,37.023998260498,0.130830004811287,0.117747001349926,144.973098754883,-85.6909,22.2328,31.7976926704036,63,63,63,63,61,63,0.108402,9004,1.9064526870154,22,-86,0.001869,51,2024-05-21 11:16:18.001203,160,1.037,0.0011,"aoml_navis",1025.88532800892
"7901009",35,0.050978448435639,1,0.119616,1,0.097188,1,149.939132749237,1,4.87355695292721,162,1,23.7700004577637,37.0289993286133,0.119616001844406,0.106532998383045,144.587799072266,-85.6909,22.2328,31.7976926704036,63,63,63,63,61,63,0.097188,9004,1.9064526870154,22,-86,0.001869,51,2024-05-21 11:16:18.001203,162,1.037,0.0011,"aoml_navis",1025.9447151832
"7901009",35,0.0441159649923799,1,0.106533,1,0.084105,1,149.526708223194,1,4.87334310038294,164,1,23.6529998779297,37.0309982299805,0.106532998383045,0.0934500023722649,144.190093994141,-85.6909,22.2328,31.7976926704036,63,63,63,63,61,63,0.084105,9004,1.9064526870154,22,-86,0.001869,51,2024-05-21 11:16:18.001203,164,1.037,0.0011,"aoml_navis",1025.98973579494
"7901009",35,0.0352927719939039,1,0.089712,1,0.067284,1,148.753728707493,1,4.873126914095,166,1,23.5340003967285,37.0330009460449,0.0897120013833046,0.0766289979219437,143.444702148438,-85.6909,22.2328,31.7976926704036,63,63,63,63,61,63,0.067284,9004,1.9064526870154,22,-86,0.001869,51,2024-05-21 11:16:18.001203,166,1.037,0.0011,"aoml_navis",1026.03525172678
"7901009",35,0.0225481598849942,1,0.065415,1,0.042987,1,148.049185965701,1,4.87292751131877,168,1,23.423999786377,37.0340003967285,0.0654150024056435,0.0523319989442825,142.76530456543,-85.6909,22.2328,31.7976926704036,63,63,63,63,61,63,0.042987,9004,1.9064526870154,22,-86,0.001869,51,2024-05-21 11:16:18.001203,168,1.037,0.0011,"aoml_navis",1026.07723763304
"7901009",35,0.0107839025536929,1,0.042987,1,0.020559,1,147.816580052071,1,4.87273559680555,169.899993896484,1,23.3150005340576,37.0340003967285,0.0429870001971722,0.0299040004611015,142.541000366211,-85.6909,22.2328,31.7976926704036,63,63,63,63,61,63,0.020559,9004,1.9064526870154,22,-86,0.001869,51,2024-05-21 11:16:18.001203,169.899993896484,1.037,0.0011,"aoml_navis",1026.11765006866
"7901009",35,0.0107839025536929,1,0.042987,1,0.020559,1,147.690165858603,1,4.87263039644597,172,1,23.2679996490479,37.0330009460449,0.0429870001971722,0.0299040004611015,142.419097900391,-85.6909,22.2328,31.7976926704036,63,63,63,63,61,63,0.020559,9004,1.9064526870154,22,-86,0.001869,51,2024-05-21 11:16:18.001203,172,1.037,0.0011,"aoml_navis",1026.13980400544
"7901009",35,0.00980354777608442,1,0.041118,1,0.01869,1,147.577344078727,1,4.87253571462089,174,1,23.2269992828369,37.0320014953613,0.041117999702692,0.0280349999666214,142.310302734375,-85.6909,22.2328,31.7976926704036,63,63,63,63,61,63,0.01869,9004,1.9064526870154,22,-86,0.001869,51,2024-05-21 11:16:18.001203,174,1.037,0.0011,"aoml_navis",1026.15974368266
"7901009",35,0.00784283822086753,1,0.03738,1,0.014952,1,147.498321362219,1,4.87242014537004,176,1,23.1709995269775,37.0309982299805,0.0373799987137318,0.0242970008403063,142.234100341797,-85.6909,22.2328,31.7976926704036,63,63,63,63,61,63,0.014952,9004,1.9064526870154,22,-86,0.001869,51,2024-05-21 11:16:18.001203,176,1.037,0.0011,"aoml_navis",1026.18408323248
"7901009",35,0.00686248344325909,1,0.035511,1,0.013083,1,147.472908770567,1,4.87235632193722,178,1,23.1520004272461,37.0299987792969,0.0355109982192516,0.0224280003458261,142.209594726562,-85.6909,22.2328,31.7976926704036,63,63,63,63,61,63,0.013083,9004,1.9064526870154,22,-86,0.001869,51,2024-05-21 11:16:18.001203,178,1.037,0.0011,"aoml_navis",1026.1975253099
"7901009",35,0.00588212866565065,1,0.033642,1,0.011214,1,147.37035646266,1,4.87230845724804,180,1,23.1469993591309,37.0299987792969,0.0336420014500618,0.020558999851346,142.110702514648,-85.6909,22.2328,31.7976926704036,63,63,63,63,61,63,0.011214,9004,1.9064526870154,22,-86,0.001869,51,2024-05-21 11:16:18.001203,180,1.037,0.0011,"aoml_navis",1026.20760649133
"7901009",35,0.00882319299847598,1,0.039249,1,0.016821,1,147.203497322577,1,4.87226720141627,182,1,23.1389999389648,37.0270004272461,0.0392489992082119,0.0261659994721413,141.949798583984,-85.6909,22.2328,31.7976926704036,63,63,63,63,61,63,0.016821,9004,1.9064526870154,22,-86,0.001869,51,2024-05-21 11:16:18.001203,182,1.037,0.0011,"aoml_navis",1026.21629588513
"7901009",35,0.0107839025536929,1,0.042987,1,0.020559,1,147.251822387898,1,4.87193529615592,184,1,22.9169998168945,37.0219993591309,0.0429870001971722,0.0299040004611015,141.996398925781,-85.6909,22.2328,31.7976926704036,63,63,63,63,61,63,0.020559,9004,1.9064526870154,22,-86,0.001869,51,2024-05-21 11:16:18.001203,184,1.037,0.0011,"aoml_navis",1026.28620785361
"7901009",35,0.00980354777608442,1,0.041118,1,0.01869,1,147.168448200217,1,4.87164333609146,186,1,22.7199993133545,37.015998840332,0.041117999702692,0.0280349999666214,141.916000366211,-85.6909,22.2328,31.7976926704036,63,63,63,63,61,63,0.01869,9004,1.9064526870154,22,-86,0.001869,51,2024-05-21 11:16:18.001203,186,1.037,0.0011,"aoml_navis",1026.34771370835
"7901009",35,0.00686248344325909,1,0.035511,1,0.013083,1,147.025957298704,1,4.87142944101888,188,1,22.5839996337891,37.0120010375977,0.0355109982192516,0.0224280003458261,141.778594970703,-85.6909,22.2328,31.7976926704036,63,63,63,63,61,63,0.013083,9004,1.9064526870154,22,-86,0.001869,51,2024-05-21 11:16:18.001203,188,1.037,0.0011,"aoml_navis",1026.39277865723
"7901009",35,0.00686248344325909,1,0.035511,1,0.013083,1,146.652949189726,1,4.87125325769696,190,1,22.4750003814697,37.007999420166,0.0355109982192516,0.0224280003458261,141.418899536133,-85.6909,22.2328,31.7976926704036,63,63,63,63,61,63,0.013083,9004,1.9064526870154,22,-86,0.001869,51,2024-05-21 11:16:18.001203,190,1.037,0.0011,"aoml_navis",1026.42990119629
"7901009",35,0.00588212866565065,1,0.033642,1,0.011214,1,146.247170546929,1,4.87100828090054,192,1,22.2810001373291,36.9910011291504,0.0336420014500618,0.020558999851346,141.027603149414,-85.6909,22.2328,31.7976926704036,63,63,63,63,61,63,0.011214,9004,1.9064526870154,22,-86,0.001869,51,2024-05-21 11:16:18.001203,192,1.037,0.0011,"aoml_navis",1026.48152326188
"7901009",35,0.00686248344325909,1,0.035511,1,0.013083,1,145.691843707553,1,4.87083674550442,194,1,22.1480007171631,36.9770011901855,0.0355109982192516,0.0224280003458261,140.492095947266,-85.6909,22.2328,31.7976926704036,63,63,63,63,61,63,0.013083,9004,1.9064526870154,22,-86,0.001869,51,2024-05-21 11:16:18.001203,194,1.037,0.0011,"aoml_navis",1026.51767268012
"7901009",35,0.00294106433282533,1,0.028035,1,0.005607,1,145.58378481067,1,4.87057035139935,196,1,21.9230003356934,36.9550018310547,0.0280349999666214,0.0149520002305508,140.387893676758,-85.6909,22.2328,31.7976926704036,63,63,63,63,61,63,0.005607,9004,1.9064526870154,22,-86,0.001869,51,2024-05-21 11:16:18.001203,196,1.037,0.0011,"aoml_navis",1026.57381769744
"7901009",35,0.00490177388804221,1,0.031773,1,0.009345,1,145.447211909954,1,4.87038548497209,198,1,21.7679996490479,36.9370002746582,0.0317730009555817,0.0186899993568659,140.256195068359,-85.6909,22.2328,31.7976926704036,63,63,63,63,61,63,0.009345,9004,1.9064526870154,22,-86,0.001869,51,2024-05-21 11:16:18.001203,198,1.037,0.0011,"aoml_navis",1026.61278361392
"7901009",35,0.00490177388804221,1,0.031773,1,0.009345,1,145.315718362861,1,4.87026738249871,200,1,21.6809997558594,36.9259986877441,0.0317730009555817,0.0186899993568659,140.12939453125,-85.6909,22.2328,31.7976926704036,63,63,63,63,61,63,0.009345,9004,1.9064526870154,22,-86,0.001869,51,2024-05-21 11:16:18.001203,200,1.037,0.0011,"aoml_navis",1026.63767865549
"7901009",35,0.00588212866565065,1,0.033642,1,0.011214,1,145.063412152465,1,4.87021174229418,202,1,21.6620006561279,36.9230003356934,0.0336420014500618,0.020558999851346,139.886093139648,-85.6909,22.2328,31.7976926704036,63,63,63,63,61,63,0.011214,9004,1.9064526870154,22,-86,0.001869,51,2024-05-21 11:16:18.001203,202,1.037,0.0011,"aoml_navis",1026.64940757682
"7901009",35,0.00392141911043377,1,0.029904,1,0.007476,1,145.391212431836,1,4.86983347891426,204,1,21.3659992218018,36.9070014953613,0.0299040004611015,0.0168210007250309,140.202194213867,-85.6909,22.2328,31.7976926704036,63,63,63,63,61,63,0.007476,9004,1.9064526870154,22,-86,0.001869,51,2024-05-21 11:16:18.001203,204,1.037,0.0011,"aoml_navis",1026.72915237232
"7901009",35,0.000980354777608442,1,0.024297,1,0.001869,1,145.884843321739,1,4.86965675109698,206,1,21.201000213623,36.8839988708496,0.0242970008403063,0.0112140001729131,140.678207397461,-85.6909,22.2328,31.7976926704036,63,63,63,63,61,63,0.001869,9004,1.9064526870154,22,-86,0.001869,51,2024-05-21 11:16:18.001203,206,1.037,0.0011,"aoml_navis",1026.76641405447
"7901009",35,0.00294106433282533,1,0.028035,1,0.005607,1,146.664452897155,1,4.86955415200529,208,1,21.1380004882812,36.8779983520508,0.0280349999666214,0.0149520002305508,141.429992675781,-85.6909,22.2328,31.7976926704036,63,63,63,63,61,63,0.005607,9004,1.9064526870154,22,-86,0.001869,51,2024-05-21 11:16:18.001203,208,1.037,0.0011,"aoml_navis",1026.78804751375
"7901009",35,0,1,0.022428,1,0,1,147.569147489389,1,4.86939079911836,210,1,21.0259990692139,36.8709983825684,0.0224280003458261,0.00934499967843294,142.302398681641,-85.6909,22.2328,31.7976926704036,63,63,63,63,61,63,0,9004,1.9064526870154,22,-86,0.001869,51,2024-05-21 11:16:18.001203,210,1.037,0.0011,"aoml_navis",1026.82249305299
"7901009",35,-0.00196070955521688,1,0.01869,1,-0.003738,1,148.471452728362,1,4.86917066278212,212,1,20.8509998321533,36.8569984436035,0.0186899993568659,0.00560700008645654,143.172500610352,-85.6909,22.2328,31.7976926704036,63,63,63,63,61,63,-0.003738,9004,1.9064526870154,22,-86,0.001869,51,2024-05-21 11:16:18.001203,212,1.037,0.0011,"aoml_navis",1026.86891593632
"7901009",35,-0.00392141911043377,1,0.014952,1,-0.007476,1,148.659357165392,1,4.86905882141518,214,1,20.7719993591309,36.8479995727539,0.0149520002305508,0.00186900002881885,143.353698730469,-85.6909,22.2328,31.7976926704036,63,63,63,63,61,63,-0.007476,9004,1.9064526870154,22,-86,0.001869,51,2024-05-21 11:16:18.001203,214,1.037,0.0011,"aoml_navis",1026.89250292252
"7901009",35,-0.00294106433282533,1,0.016821,1,-0.005607,1,148.598594804281,1,4.86896836755908,216,1,20.7119998931885,36.8400001525879,0.0168210007250309,0.00373800005763769,143.295104980469,-85.6909,22.2328,31.7976926704036,63,63,63,63,61,63,-0.005607,9004,1.9064526870154,22,-86,0.001869,51,2024-05-21 11:16:18.001203,216,1.037,0.0011,"aoml_navis",1026.91158014374
"7901009",35,-0.00294106433282533,1,0.016821,1,-0.005607,1,148.330829003571,1,4.86883398692098,218,1,20.6070003509521,36.8279991149902,0.0168210007250309,0.00373800005763769,143.036895751953,-85.6909,22.2328,31.7976926704036,63,63,63,63,61,63,-0.005607,9004,1.9064526870154,22,-86,0.001869,51,2024-05-21 11:16:18.001203,218,1.037,0.0011,"aoml_navis",1026.93992307632
"7901009",35,-0.00196070955521688,1,0.01869,1,-0.003738,1,148.24786622771,1,4.86865438675246,220,1,20.4500007629395,36.810001373291,0.0186899993568659,0.00560700008645654,142.956893920898,-85.6909,22.2328,31.7976926704036,63,63,63,63,61,63,-0.003738,9004,1.9064526870154,22,-86,0.001869,51,2024-05-21 11:16:18.001203,220,1.037,0.0011,"aoml_navis",1026.97780594263
"7901009",35,-0.00294106433282533,1,0.016821,1,-0.005607,1,148.134838741924,1,4.86857500994749,222,1,20.3980007171631,36.8019981384277,0.0168210007250309,0.00373800005763769,142.847900390625,-85.6909,22.2328,31.7976926704036,63,63,63,63,61,63,-0.005607,9004,1.9064526870154,22,-86,0.001869,51,2024-05-21 11:16:18.001203,222,1.037,0.0011,"aoml_navis",1026.99454969554
"7901009",35,-0.00294106433282533,1,0.016821,1,-0.005607,1,148.136389448014,1,4.86848179782202,224,1,20.3379993438721,36.7949981689453,0.0168210007250309,0.00373800005763769,142.849395751953,-85.6909,22.2328,31.7976926704036,63,63,63,63,61,63,-0.005607,9004,1.9064526870154,22,-86,0.001869,51,2024-05-21 11:16:18.001203,224,1.037,0.0011,"aoml_navis",1027.01421256968
"7901009",35,-0.00392141911043377,1,0.014952,1,-0.007476,1,148.212310752341,1,4.86839955221238,226,1,20.2779998779297,36.7849998474121,0.0149520002305508,0.00186900002881885,142.922607421875,-85.6909,22.2328,31.7976926704036,63,63,63,63,61,63,-0.007476,9004,1.9064526870154,22,-86,0.001869,51,2024-05-21 11:16:18.001203,226,1.037,0.0011,"aoml_navis",1027.0315627089
"7901009",35,-0.000980354777608442,1,0.020559,1,-0.001869,1,148.56322921129,1,4.86827614366958,228,1,20.1830005645752,36.773998260498,0.020558999851346,0.00747600011527538,143.261001586914,-85.6909,22.2328,31.7976926704036,63,63,63,63,61,63,-0.001869,9004,1.9064526870154,22,-86,0.001869,51,2024-05-21 11:16:18.001203,228,1.037,0.0011,"aoml_navis",1027.05759748278
"7901009",35,-0.00196070955521688,1,0.01869,1,-0.003738,1,149.207943180332,1,4.86818831284064,230,1,20.1240005493164,36.765998840332,0.0186899993568659,0.00560700008645654,143.882705688477,-85.6909,22.2328,31.7976926704036,63,63,63,63,61,63,-0.003738,9004,1.9064526870154,22,-86,0.001869,51,2024-05-21 11:16:18.001203,230,1.037,0.0011,"aoml_navis",1027.07612743979
"7901009",35,-0.00392141911043377,1,0.014952,1,-0.007476,1,150.35041798101,1,4.86804558944608,231.899993896484,1,20.0090007781982,36.7540016174316,0.0149520002305508,0.00186900002881885,144.984405517578,-85.6909,22.2328,31.7976926704036,63,63,63,63,61,63,-0.007476,9004,1.9064526870154,22,-86,0.001869,51,2024-05-21 11:16:18.001203,231.899993896484,1.037,0.0011,"aoml_navis",1027.10623968683
"7901009",35,-0.00392141911043377,1,0.014952,1,-0.007476,1,151.142892087567,1,4.86795101104678,234,1,19.9459991455078,36.7459983825684,0.0149520002305508,0.00186900002881885,145.748596191406,-85.6909,22.2328,31.7976926704036,63,63,63,63,61,63,-0.007476,9004,1.9064526870154,22,-86,0.001869,51,2024-05-21 11:16:18.001203,234,1.037,0.0011,"aoml_navis",1027.12619511855
"7901009",35,-0.00294106433282533,1,0.016821,1,-0.005607,1,152.005891674195,1,4.86787194235447,236,1,19.9020004272461,36.7410011291504,0.0168210007250309,0.00373800005763769,146.580795288086,-85.6909,22.2328,31.7976926704036,63,63,63,63,61,63,-0.005607,9004,1.9064526870154,22,-86,0.001869,51,2024-05-21 11:16:18.001203,236,1.037,0.0011,"aoml_navis",1027.14287869734
"7901009",35,-0.00294106433282533,1,0.016821,1,-0.005607,1,152.50159544673,1,4.86779950855126,238,1,19.8659992218018,36.7369995117188,0.0168210007250309,0.00373800005763769,147.058807373047,-85.6909,22.2328,31.7976926704036,63,63,63,63,61,63,-0.005607,9004,1.9064526870154,22,-86,0.001869,51,2024-05-21 11:16:18.001203,238,1.037,0.0011,"aoml_navis",1027.1581627831
"7901009",35,-0.00588212866565065,1,0.011214,1,-0.011214,1,152.848257375696,1,4.86773726551742,240,1,19.8379993438721,36.7330017089844,0.0112140001729131,-0.00186900002881885,147.393096923828,-85.6909,22.2328,31.7976926704036,63,63,63,63,61,63,-0.011214,9004,1.9064526870154,22,-86,0.001869,51,2024-05-21 11:16:18.001203,240,1.037,0.0011,"aoml_navis",1027.17129690206
"7901009",35,-0.00294106433282533,1,0.016821,1,-0.005607,1,153.323627910203,1,4.86765058607121,242,1,19.7849998474121,36.7270011901855,0.0168210007250309,0.00373800005763769,147.851501464844,-85.6909,22.2328,31.7976926704036,63,63,63,63,61,63,-0.005607,9004,1.9064526870154,22,-86,0.001869,51,2024-05-21 11:16:18.001203,242,1.037,0.0011,"aoml_navis",1027.18958799292
"7901009",35,-0.00294106433282533,1,0.016821,1,-0.005607,1,153.525836819745,1,4.86759876186838,244,1,19.7679996490479,36.7239990234375,0.0168210007250309,0.00373800005763769,148.046493530273,-85.6909,22.2328,31.7976926704036,63,63,63,63,61,63,-0.005607,9004,1.9064526870154,22,-86,0.001869,51,2024-05-21 11:16:18.001203,244,1.037,0.0011,"aoml_navis",1027.20052424387
"7901009",35,-0.00392141911043377,1,0.014952,1,-0.007476,1,153.773696617778,1,4.86754548083721,246,1,19.7469997406006,36.7200012207031,0.0149520002305508,0.00186900002881885,148.285507202148,-85.6909,22.2328,31.7976926704036,63,63,63,63,61,63,-0.007476,9004,1.9064526870154,22,-86,0.001869,51,2024-05-21 11:16:18.001203,246,1.037,0.0011,"aoml_navis",1027.21176816616
"7901009",35,-0.00490177388804221,1,0.013083,1,-0.009345,1,154.289179804738,1,4.86737991116201,248,1,19.5970001220703,36.7019996643066,0.0130829997360706,0,148.782592773438,-85.6909,22.2328,31.7976926704036,63,63,63,63,61,63,-0.009345,9004,1.9064526870154,22,-86,0.001869,51,2024-05-21 11:16:18.001203,248,1.037,0.0011,"aoml_navis",1027.24670998741
"7901009",35,-0.00294106433282533,1,0.016821,1,-0.005607,1,154.520029306367,1,4.86725553132158,250,1,19.4820003509521,36.685001373291,0.0168210007250309,0.00373800005763769,149.00520324707,-85.6909,22.2328,31.7976926704036,63,63,63,63,61,63,-0.005607,9004,1.9064526870154,22,-86,0.001869,51,2024-05-21 11:16:18.001203,250,1.037,0.0011,"aoml_navis",1027.27296067038
"7901009",35,-0.00196070955521688,1,0.01869,1,-0.003738,1,154.686160563999,1,4.86711653670022,252,1,19.3519992828369,36.6669998168945,0.0186899993568659,0.00560700008645654,149.165405273438,-85.6909,22.2328,31.7976926704036,63,63,63,63,61,63,-0.003738,9004,1.9064526870154,22,-86,0.001869,51,2024-05-21 11:16:18.001203,252,1.037,0.0011,"aoml_navis",1027.3022974276
"7901009",35,-0.00392141911043377,1,0.014952,1,-0.007476,1,154.869808471045,1,4.86701746278962,254,1,19.2679996490479,36.6539993286133,0.0149520002305508,0.00186900002881885,149.342498779297,-85.6909,22.2328,31.7976926704036,63,63,63,63,61,63,-0.007476,9004,1.9064526870154,22,-86,0.001869,51,2024-05-21 11:16:18.001203,254,1.037,0.0011,"aoml_navis",1027.32320938379
"7901009",35,-0.00588212866565065,1,0.011214,1,-0.011214,1,155.286173056442,1,4.86691108428492,256,1,19.1749992370605,36.6399993896484,0.0112140001729131,-0.00186900002881885,149.744003295898,-85.6909,22.2328,31.7976926704036,63,63,63,63,61,63,-0.011214,9004,1.9064526870154,22,-86,0.001869,51,2024-05-21 11:16:18.001203,256,1.037,0.0011,"aoml_navis",1027.34566409993
"7901009",35,-0.00294106433282533,1,0.016821,1,-0.005607,1,155.650161752443,1,4.86679760913797,258,1,19.076000213623,36.6259994506836,0.0168210007250309,0.00373800005763769,150.095001220703,-85.6909,22.2328,31.7976926704036,63,63,63,63,61,63,-0.005607,9004,1.9064526870154,22,-86,0.001869,51,2024-05-21 11:16:18.001203,258,1.037,0.0011,"aoml_navis",1027.36961788013
"7901009",35,-0.00294106433282533,1,0.016821,1,-0.005607,1,156.303990075652,1,4.86661078780504,260,1,18.8850002288818,36.601001739502,0.0168210007250309,0.00373800005763769,150.725494384766,-85.6909,22.2328,31.7976926704036,63,63,63,63,61,63,-0.005607,9004,1.9064526870154,22,-86,0.001869,51,2024-05-21 11:16:18.001203,260,1.037,0.0011,"aoml_navis",1027.40905694148
"7901009",35,-0.00490177388804221,1,0.013083,1,-0.009345,1,156.586376819504,1,4.86653567422132,262,1,18.8309993743896,36.5919990539551,0.0130829997360706,0,150.997802734375,-85.6909,22.2328,31.7976926704036,63,63,63,63,61,63,-0.009345,9004,1.9064526870154,22,-86,0.001869,51,2024-05-21 11:16:18.001203,262,1.037,0.0011,"aoml_navis",1027.42491470589
"7901009",35,-0.00392141911043377,1,0.014952,1,-0.007476,1,156.772002667993,1,4.86648823948752,264,1,18.8229999542236,36.5909996032715,0.0149520002305508,0.00186900002881885,151.176803588867,-85.6909,22.2328,31.7976926704036,63,63,63,63,61,63,-0.007476,9004,1.9064526870154,22,-86,0.001869,51,2024-05-21 11:16:18.001203,264,1.037,0.0011,"aoml_navis",1027.43492924305
"7901009",35,-0.00294106433282533,1,0.016821,1,-0.005607,1,156.948814809415,1,4.86640730146619,266,1,18.7730007171631,36.5849990844727,0.0168210007250309,0.00373800005763769,151.347305297852,-85.6909,22.2328,31.7976926704036,63,63,63,63,61,63,-0.005607,9004,1.9064526870154,22,-86,0.001869,51,2024-05-21 11:16:18.001203,266,1.037,0.0011,"aoml_navis",1027.45201752709
"7901009",35,-0.00784283822086753,4,0.007476,1,-0.014952,1,157.00263064018,1,4.86635852034159,268,1,18.757999420166,36.5820007324219,0.00747600011527538,-0.00560700008645654,151.399200439453,-85.6909,22.2328,31.7976926704036,63,63,63,63,61,63,-0.014952,9004,1.9064526870154,22,-86,0.001869,51,2024-05-21 11:16:18.001203,268,1.037,0.0011,"aoml_navis",1027.46231686379
"7901009",35,-0.00294106433282533,1,0.016821,1,-0.005607,1,157.066921648825,1,4.86631344406782,270,1,18.746000289917,36.5789985656738,0.0168210007250309,0.00373800005763769,151.461196899414,-85.6909,22.2328,31.7976926704036,63,63,63,63,61,63,-0.005607,9004,1.9064526870154,22,-86,0.001869,51,2024-05-21 11:16:18.001203,270,1.037,0.0011,"aoml_navis",1027.47183416538
"7901009",35,-0.00294106433282533,1,0.016821,1,-0.005607,1,157.31849997677,1,4.86621650116201,272,1,18.6709995269775,36.5690002441406,0.0168210007250309,0.00373800005763769,151.703796386719,-85.6909,22.2328,31.7976926704036,63,63,63,63,61,63,-0.005607,9004,1.9064526870154,22,-86,0.001869,51,2024-05-21 11:16:18.001203,272,1.037,0.0011,"aoml_navis",1027.49230306667
"7901009",35,-0.00392141911043377,1,0.014952,1,-0.007476,1,157.324417977566,1,4.8661295948277,274,1,18.6070003509521,36.560001373291,0.0149520002305508,0.00186900002881885,151.709503173828,-85.6909,22.2328,31.7976926704036,63,63,63,63,61,63,-0.007476,9004,1.9064526870154,22,-86,0.001869,51,2024-05-21 11:16:18.001203,274,1.037,0.0011,"aoml_navis",1027.5106535006
"7901009",35,-0.00294106433282533,1,0.016821,1,-0.005607,1,157.380512396873,1,4.86604278158627,276,1,18.5370006561279,36.548999786377,0.0168210007250309,0.00373800005763769,151.763595581055,-85.6909,22.2328,31.7976926704036,63,63,63,63,61,63,-0.005607,9004,1.9064526870154,22,-86,0.001869,51,2024-05-21 11:16:18.001203,276,1.037,0.0011,"aoml_navis",1027.5289849322
"7901009",35,-0.00490177388804221,1,0.013083,1,-0.009345,1,157.267690616997,1,4.86597576736722,278,1,18.4979991912842,36.5429992675781,0.0130829997360706,0,151.654800415039,-85.6909,22.2328,31.7976926704036,63,63,63,63,61,63,-0.009345,9004,1.9064526870154,22,-86,0.001869,51,2024-05-21 11:16:18.001203,278,1.037,0.0011,"aoml_navis",1027.54313606155
"7901009",35,-0.00392141911043377,1,0.014952,1,-0.007476,1,157.056446470946,1,4.86590638265611,280,1,18.4570007324219,36.5369987487793,0.0149520002305508,0.00186900002881885,151.451095581055,-85.6909,22.2328,31.7976926704036,63,63,63,63,61,63,-0.007476,9004,1.9064526870154,22,-86,0.001869,51,2024-05-21 11:16:18.001203,280,1.037,0.0011,"aoml_navis",1027.5577881691
"7901009",35,0,1,0.014952,1,-0.007476,1,156.784028551963,1,4.86583946267954,282,1,18.4150009155273,36.5299987792969,0.0149520002305508,0,151.188400268555,-85.6909,22.2328,31.7976926704036,63,63,63,63,61,63,0,9004,1.9064526870154,22,-86,0.001869,51,2024-05-21 11:16:18.001203,282,1.037,0.0011,"aoml_navis",1027.57192018961
"7901009",35,0,1,0.013083,1,-0.009345,1,156.276409660179,1,4.865779902135,284,1,18.3819999694824,36.523998260498,0.0130829997360706,0,150.69889831543,-85.6909,22.2328,31.7976926704036,63,63,63,63,61,63,0,9004,1.9064526870154,22,-86,0.001869,51,2024-05-21 11:16:18.001203,284,1.037,0.0011,"aoml_navis",1027.58449838763
"7901009",35,0,1,0.011214,1,-0.011214,1,155.700876171027,1,4.86567431525476,286,1,18.2870006561279,36.5099983215332,0.0112140001729131,0,150.143905639648,-85.6909,22.2328,31.7976926704036,63,63,63,63,61,63,0,9004,1.9064526870154,22,-86,0.001869,51,2024-05-21 11:16:18.001203,286,1.037,0.0011,"aoml_navis",1027.60679734032
"7901009",35,0,1,0.014952,1,-0.007476,1,155.369135832303,1,4.86558596417543,288,1,18.2000007629395,36.4939994812012,0.0149520002305508,0,149.824005126953,-85.6909,22.2328,31.7976926704036,63,63,63,63,61,63,0,9004,1.9064526870154,22,-86,0.001869,51,2024-05-21 11:16:18.001203,288,1.037,0.0011,"aoml_navis",1027.62545699824
"7901009",35,0,1,0.016821,1,-0.005607,1,154.962407777614,1,4.86550860999562,290,1,18.1550006866455,36.4889984130859,0.0168210007250309,0,149.431793212891,-85.6909,22.2328,31.7976926704036,63,63,63,63,61,63,0,9004,1.9064526870154,22,-86,0.001869,51,2024-05-21 11:16:18.001203,290,1.037,0.0011,"aoml_navis",1027.64179467858
"7901009",35,0,1,0.013083,1,-0.009345,1,154.472527064685,1,4.86544217496293,292,1,18.113000869751,36.4819984436035,0.0130829997360706,0,148.959396362305,-85.6909,22.2328,31.7976926704036,63,63,63,63,61,63,0,9004,1.9064526870154,22,-86,0.001869,51,2024-05-21 11:16:18.001203,292,1.037,0.0011,"aoml_navis",1027.65582658232
"7901009",35,0,1,0.013083,1,-0.009345,1,154.070688481242,1,4.86536870160202,294,1,18.0499992370605,36.4700012207031,0.0130829997360706,0,148.571899414062,-85.6909,22.2328,31.7976926704036,63,63,63,63,61,63,0,9004,1.9064526870154,22,-86,0.001869,51,2024-05-21 11:16:18.001203,294,1.037,0.0011,"aoml_navis",1027.67134551461
"7901009",35,0,1,0.013083,1,-0.009345,1,153.36728503372,1,4.86531796346987,296,1,18.0270004272461,36.4650001525879,0.0130829997360706,0,147.893600463867,-85.6909,22.2328,31.7976926704036,63,63,63,63,61,63,0,9004,1.9064526870154,22,-86,0.001869,51,2024-05-21 11:16:18.001203,296,1.037,0.0011,"aoml_navis",1027.68206261982
"7901009",35,0,1,0.014952,1,-0.007476,1,152.849190964057,1,4.86522326104239,298,1,17.9400005340576,36.451000213623,0.0149520002305508,0,147.393997192383,-85.6909,22.2328,31.7976926704036,63,63,63,63,61,63,0,9004,1.9064526870154,22,-86,0.001869,51,2024-05-21 11:16:18.001203,298,1.037,0.0011,"aoml_navis",1027.70206663213
"7901009",35,0,1,0.014952,1,-0.007476,1,152.42121190651,1,4.86513358276507,300,1,17.8600006103516,36.4379997253418,0.0149520002305508,0,146.981292724609,-85.6909,22.2328,31.7976926704036,63,63,63,63,61,63,0,9004,1.9064526870154,22,-86,0.001869,51,2024-05-21 11:16:18.001203,300,1.037,0.0011,"aoml_navis",1027.72101011012
"7901009",35,0,1,0.013083,1,-0.009345,1,152.005274556465,1,4.86506069791706,302,1,17.7999992370605,36.4269981384277,0.0130829997360706,0,146.580200195312,-85.6909,22.2328,31.7976926704036,63,63,63,63,61,63,0,9004,1.9064526870154,22,-86,0.001869,51,2024-05-21 11:16:18.001203,302,1.037,0.0011,"aoml_navis",1027.73640668876
"7901009",35,0,1,0.014952,1,-0.007476,1,151.604670208481,1,4.86498657925529,304,1,17.7479991912842,36.4189987182617,0.0149520002305508,0,146.193893432617,-85.6909,22.2328,31.7976926704036,63,63,63,63,61,63,0,9004,1.9064526870154,22,-86,0.001869,51,2024-05-21 11:16:18.001203,304,1.037,0.0011,"aoml_navis",1027.75206437782
"7901009",35,0,1,0.014952,1,-0.007476,1,151.231867805413,1,4.86491269600444,306,1,17.6900005340576,36.4090003967285,0.0149520002305508,0,145.834396362305,-85.6909,22.2328,31.7976926704036,63,63,63,63,61,63,0,9004,1.9064526870154,22,-86,0.001869,51,2024-05-21 11:16:18.001203,306,1.037,0.0011,"aoml_navis",1027.76767281076
"7901009",35,0,1,0.016821,1,-0.005607,1,150.799853747324,1,4.86482136815985,308,1,17.6110000610352,36.3969993591309,0.0168210007250309,0,145.41780090332,-85.6909,22.2328,31.7976926704036,63,63,63,63,61,63,0,9004,1.9064526870154,22,-86,0.001869,51,2024-05-21 11:16:18.001203,308,1.037,0.0011,"aoml_navis",1027.78696721012
"7901009",35,0,1,0.014952,1,-0.007476,1,150.637662549045,1,4.86473500336721,310,1,17.5359992980957,36.3849983215332,0.0149520002305508,0,145.26139831543,-85.6909,22.2328,31.7976926704036,63,63,63,63,61,63,0,9004,1.9064526870154,22,-86,0.001869,51,2024-05-21 11:16:18.001203,310,1.037,0.0011,"aoml_navis",1027.80521375556
"7901009",35,0,1,0.011214,1,-0.011214,1,150.359643099897,1,4.86468804909569,312,1,17.5219993591309,36.3819999694824,0.0112140001729131,0,144.993301391602,-85.6909,22.2328,31.7976926704036,63,63,63,63,61,63,0,9004,1.9064526870154,22,-86,0.001869,51,2024-05-21 11:16:18.001203,312,1.037,0.0011,"aoml_navis",1027.81513419539
"7901009",35,0,1,0.016821,1,-0.005607,1,149.891013389826,1,4.86462843072212,314,1,17.488000869751,36.3759994506836,0.0168210007250309,0,144.541397094727,-85.6909,22.2328,31.7976926704036,63,63,63,63,61,63,0,9004,1.9064526870154,22,-86,0.001869,51,2024-05-21 11:16:18.001203,314,1.037,0.0011,"aoml_navis",1027.82773056683
"7901009",35,0,1,0.011214,1,-0.011214,1,149.153905820125,1,4.86455043352819,316,1,17.4260005950928,36.3660011291504,0.0112140001729131,0,143.830596923828,-85.6909,22.2328,31.7976926704036,63,63,63,63,61,63,0,9004,1.9064526870154,22,-86,0.001869,51,2024-05-21 11:16:18.001203,316,1.037,0.0011,"aoml_navis",1027.84421054374
"7901009",35,0,1,0.016821,1,-0.005607,1,148.309055824173,1,4.86446120254087,318,1,17.3449993133545,36.3530006408691,0.0168210007250309,0,143.015899658203,-85.6909,22.2328,31.7976926704036,63,63,63,63,61,63,0,9004,1.9064526870154,22,-86,0.001869,51,2024-05-21 11:16:18.001203,318,1.037,0.0011,"aoml_navis",1027.86306474977
"7901009",35,0,1,0.016821,1,-0.005607,1,147.579211255448,1,4.86439759990389,320,1,17.2950000762939,36.3429985046387,0.0168210007250309,0,142.312103271484,-85.6909,22.2328,31.7976926704036,63,63,63,63,61,63,0,9004,1.9064526870154,22,-86,0.001869,51,2024-05-21 11:16:18.001203,320,1.037,0.0011,"aoml_navis",1027.87650419423
"7901009",35,0,1,0.016821,1,-0.005607,1,146.855680275809,1,4.86432462103486,322,1,17.2399997711182,36.3339996337891,0.0168210007250309,0,141.614395141602,-85.6909,22.2328,31.7976926704036,63,63,63,63,61,63,0,9004,1.9064526870154,22,-86,0.001869,51,2024-05-21 11:16:18.001203,322,1.037,0.0011,"aoml_navis",1027.89192530006
"7901009",35,0,1,0.013083,1,-0.009345,1,146.415058216562,1,4.86421688369439,324,1,17.1270008087158,36.3160018920898,0.0130829997360706,0,141.189498901367,-85.6909,22.2328,31.7976926704036,63,63,63,63,61,63,0,9004,1.9064526870154,22,-86,0.001869,51,2024-05-21 11:16:18.001203,324,1.037,0.0011,"aoml_navis",1027.9146920362
"7901009",35,0,1,0.016821,1,-0.005607,1,145.776151483595,1,4.86414471228553,326,1,17.0629997253418,36.3040008544922,0.0168210007250309,0,140.573394775391,-85.6909,22.2328,31.7976926704036,63,63,63,63,61,63,0,9004,1.9064526870154,22,-86,0.001869,51,2024-05-21 11:16:18.001203,326,1.037,0.0011,"aoml_navis",1027.92994364895
"7901009",35,0,1,0.014952,1,-0.007476,1,145.360736310091,1,4.86404756396995,328,1,16.9710006713867,36.2900009155273,0.0149520002305508,0,140.172805786133,-85.6909,22.2328,31.7976926704036,63,63,63,63,61,63,0,9004,1.9064526870154,22,-86,0.001869,51,2024-05-21 11:16:18.001203,328,1.037,0.0011,"aoml_navis",1027.95047421763
"7901009",35,0,4,0.009345,1,-0.013083,1,145.057921387021,1,4.86395882405343,330,1,16.8859996795654,36.2760009765625,0.00934499967843294,0,139.880798339844,-85.6909,22.2328,31.7976926704036,63,63,63,63,61,63,0,9004,1.9064526870154,22,-86,0.001869,51,2024-05-21 11:16:18.001203,330,1.037,0.0011,"aoml_navis",1027.96922853742
"7901009",35,0,1,0.016821,1,-0.005607,1,144.784981291498,1,4.86388807573369,332,1,16.8290004730225,36.265998840332,0.0168210007250309,0,139.617599487305,-85.6909,22.2328,31.7976926704036,63,63,63,63,61,63,0,9004,1.9064526870154,22,-86,0.001869,51,2024-05-21 11:16:18.001203,332,1.037,0.0011,"aoml_navis",1027.9841809982
"7901009",35,0,1,0.016821,1,-0.005607,1,144.618549386766,1,4.86380595998049,334,1,16.761999130249,36.2560005187988,0.0168210007250309,0,139.457107543945,-85.6909,22.2328,31.7976926704036,63,63,63,63,61,63,0,9004,1.9064526870154,22,-86,0.001869,51,2024-05-21 11:16:18.001203,334,1.037,0.0011,"aoml_navis",1028.00153647989
"7901009",35,0,1,0.016821,1,-0.005607,1,144.675988806254,1,4.86372785394378,336,1,16.6919994354248,36.2439994812012,0.0168210007250309,0,139.512496948242,-85.6909,22.2328,31.7976926704036,63,63,63,63,61,63,0,9004,1.9064526870154,22,-86,0.001869,51,2024-05-21 11:16:18.001203,336,1.037,0.0011,"aoml_navis",1028.01804503632
"7901009",35,0,1,0.01869,1,-0.003738,1,144.523449962214,1,4.86367141187336,338,1,16.6630001068115,36.2389984130859,0.0186899993568659,0,139.36540222168,-85.6909,22.2328,31.7976926704036,63,63,63,63,61,63,0,9004,1.9064526870154,22,-86,0.001869,51,2024-05-21 11:16:18.001203,338,1.037,0.0011,"aoml_navis",1028.02997500897
"7901009",35,0,1,0.013083,1,-0.009345,1,144.55300831913,1,4.86358403193231,340,1,16.5909996032715,36.2290000915527,0.0130829997360706,0,139.393905639648,-85.6909,22.2328,31.7976926704036,63,63,63,63,61,63,0,9004,1.9064526870154,22,-86,0.001869,51,2024-05-21 11:16:18.001203,340,1.037,0.0011,"aoml_navis",1028.04844476255
"7901009",35,0,1,0.014952,1,-0.007476,1,144.502088194636,1,4.86353981703204,342,1,16.5790004730225,36.226001739502,0.0149520002305508,0,139.344802856445,-85.6909,22.2328,31.7976926704036,63,63,63,63,61,63,0,9004,1.9064526870154,22,-86,0.001869,51,2024-05-21 11:16:18.001203,342,1.037,0.0011,"aoml_navis",1028.05779084816
"7901009",35,0,1,0.016821,1,-0.005607,1,144.341969878989,1,4.86349313516015,344,1,16.568000793457,36.2239990234375,0.0168210007250309,0,139.190399169922,-85.6909,22.2328,31.7976926704036,63,63,63,63,61,63,0,9004,1.9064526870154,22,-86,0.001869,51,2024-05-21 11:16:18.001203,344,1.037,0.0011,"aoml_navis",1028.06765858329
"7901009",35,0,1,0.009345,1,-0.013083,1,144.339786231636,1,4.86345100311418,346,1,16.5610008239746,36.2220001220703,0.00934499967843294,0,139.188293457031,-85.6909,22.2328,31.7976926704036,63,63,63,63,61,63,0,9004,1.9064526870154,22,-86,0.001869,51,2024-05-21 11:16:18.001203,346,1.037,0.0011,"aoml_navis",1028.07656472706
"7901009",35,0,1,0.016821,1,-0.005607,1,144.129997850486,1,4.86340773233974,348,1,16.55299949646,36.2200012207031,0.0168210007250309,0,138.985992431641,-85.6909,22.2328,31.7976926704036,63,63,63,63,61,63,0,9004,1.9064526870154,22,-86,0.001869,51,2024-05-21 11:16:18.001203,348,1.037,0.0011,"aoml_navis",1028.08571174322
"7901009",35,0,1,0.014952,1,-0.007476,1,143.964388769395,1,4.86334936982853,350,1,16.5189990997314,36.2140007019043,0.0149520002305508,0,138.826293945312,-85.6909,22.2328,31.7976926704036,63,63,63,63,61,63,0,9004,1.9064526870154,22,-86,0.001869,51,2024-05-21 11:16:18.001203,350,1.037,0.0011,"aoml_navis",1028.09804926194
"7901009",35,0,1,0.01869,1,-0.003738,1,143.641256431829,1,4.86325920688715,352,1,16.4409999847412,36.2029991149902,0.0186899993568659,0,138.514694213867,-85.6909,22.2328,31.7976926704036,63,63,63,63,61,63,0,9004,1.9064526870154,22,-86,0.001869,51,2024-05-21 11:16:18.001203,352,1.037,0.0011,"aoml_navis",1028.11710980143
"7901009",35,0,1,0.020559,1,-0.001869,1,142.898135920143,1,4.86319464074811,354,1,16.3950004577637,36.1949996948242,0.020558999851346,0,137.798095703125,-85.6909,22.2328,31.7976926704036,63,63,63,63,61,63,0,9004,1.9064526870154,22,-86,0.001869,51,2024-05-21 11:16:18.001203,354,1.037,0.0011,"aoml_navis",1028.13075958458
"7901009",35,0,1,0.016821,1,-0.005607,1,142.020926802192,1,4.86310967540483,356,1,16.3020000457764,36.1780014038086,0.0168210007250309,0,136.952194213867,-85.6909,22.2328,31.7976926704036,63,63,63,63,61,63,0,9004,1.9064526870154,22,-86,0.001869,51,2024-05-21 11:16:18.001203,356,1.037,0.0011,"aoml_navis",1028.14872247021
"7901009",35,0,1,0.014952,1,-0.007476,1,141.527944677082,1,4.86295542895937,358,1,16.1049995422363,36.1479988098145,0.0149520002305508,0,136.476806640625,-85.6909,22.2328,31.7976926704036,63,63,63,63,61,63,0,9004,1.9064526870154,22,-86,0.001869,51,2024-05-21 11:16:18.001203,358,1.037,0.0011,"aoml_navis",1028.18133397327
"7901009",35,0,1,0.016821,1,-0.005607,1,141.249292286673,1,4.86285707721901,360,1,15.9860000610352,36.1269989013672,0.0168210007250309,0,136.208099365234,-85.6909,22.2328,31.7976926704036,63,63,63,63,61,63,0,9004,1.9064526870154,22,-86,0.001869,51,2024-05-21 11:16:18.001203,360,1.037,0.0011,"aoml_navis",1028.20212903716
"7901009",35,0,1,0.014952,1,-0.007476,1,140.884370002311,1,4.86276614440047,362,1,15.8959999084473,36.1129989624023,0.0149520002305508,0,135.856201171875,-85.6909,22.2328,31.7976926704036,63,63,63,63,61,63,0,9004,1.9064526870154,22,-86,0.001869,51,2024-05-21 11:16:18.001203,362,1.037,0.0011,"aoml_navis",1028.2213562249
"7901009",35,0,1,0.013083,1,-0.009345,1,140.298867688289,1,4.86269732749815,364,1,15.8420000076294,36.1040000915527,0.0130829997360706,0,135.291595458984,-85.6909,22.2328,31.7976926704036,63,63,63,63,61,63,0,9004,1.9064526870154,22,-86,0.001869,51,2024-05-21 11:16:18.001203,364,1.037,0.0011,"aoml_navis",1028.2359076156
"7901009",35,0,1,0.020559,1,-0.001869,1,139.894750516304,1,4.8626175037262,366,1,15.7550001144409,36.0880012512207,0.020558999851346,0,134.901901245117,-85.6909,22.2328,31.7976926704036,63,63,63,63,61,63,0,9004,1.9064526870154,22,-86,0.001869,51,2024-05-21 11:16:18.001203,366,1.037,0.0011,"aoml_navis",1028.25278693389
"7901009",35,0,1,0.01869,1,-0.003738,1,139.687762900237,1,4.86253497022467,368,1,15.6850004196167,36.0779991149902,0.0186899993568659,0,134.702301025391,-85.6909,22.2328,31.7976926704036,63,63,63,63,61,63,0,9004,1.9064526870154,22,-86,0.001869,51,2024-05-21 11:16:18.001203,368,1.037,0.0011,"aoml_navis",1028.27023982698
"7901009",35,0,1,0.014952,1,-0.007476,1,139.496329815673,1,4.86247808289659,370,1,15.6479997634888,36.0709991455078,0.0149520002305508,0,134.517700195312,-85.6909,22.2328,31.7976926704036,63,63,63,63,61,63,0,9004,1.9064526870154,22,-86,0.001869,51,2024-05-21 11:16:18.001203,370,1.037,0.0011,"aoml_navis",1028.28226981364
"7901009",35,0,1,0.01869,1,-0.003738,1,139.070217934848,1,4.86241872008214,372,1,15.6120004653931,36.064998626709,0.0186899993568659,0,134.106796264648,-85.6909,22.2328,31.7976926704036,63,63,63,63,61,63,0,9004,1.9064526870154,22,-86,0.001869,51,2024-05-21 11:16:18.001203,372,1.037,0.0011,"aoml_navis",1028.29482359255
"7901009",35,0,1,0.014952,1,-0.007476,1,138.854115964614,1,4.86233834217629,374,1,15.5369997024536,36.0530014038086,0.0149520002305508,0,133.898406982422,-85.6909,22.2328,31.7976926704036,63,63,63,63,61,63,0,9004,1.9064526870154,22,-86,0.001869,51,2024-05-21 11:16:18.001203,374,1.037,0.0011,"aoml_navis",1028.31182203625
"7901009",35,0,1,0.014952,1,-0.007476,1,138.656970585165,1,4.8622765444831,376,1,15.4919996261597,36.0449981689453,0.0149520002305508,0,133.708297729492,-85.6909,22.2328,31.7976926704036,63,63,63,63,61,63,0,9004,1.9064526870154,22,-86,0.001869,51,2024-05-21 11:16:18.001203,376,1.037,0.0011,"aoml_navis",1028.32489149001
"7901009",35,0,1,0.01869,1,-0.003738,1,138.25244200136,1,4.86221337042165,378,1,15.4490003585815,36.0379981994629,0.0186899993568659,0,133.318206787109,-85.6909,22.2328,31.7976926704036,63,63,63,63,61,63,0,9004,1.9064526870154,22,-86,0.001869,51,2024-05-21 11:16:18.001203,378,1.037,0.0011,"aoml_navis",1028.33825237217
"7901009",35,0,1,0.01869,1,-0.003738,1,138.203483994777,1,4.86210115268655,380,1,15.3210000991821,36.0190010070801,0.0186899993568659,0,133.27099609375,-85.6909,22.2328,31.7976926704036,63,63,63,63,61,63,0,9004,1.9064526870154,22,-86,0.001869,51,2024-05-21 11:16:18.001203,380,1.037,0.0011,"aoml_navis",1028.3619865122
"7901009",35,0,1,0.01869,1,-0.003738,1,138.196442523242,1,4.86205275900316,382,1,15.2980003356934,36.0139999389648,0.0186899993568659,0,133.264205932617,-85.6909,22.2328,31.7976926704036,63,63,63,63,61,63,0,9004,1.9064526870154,22,-86,0.001869,51,2024-05-21 11:16:18.001203,382,1.037,0.0011,"aoml_navis",1028.37222215275
"7901009",35,0,1,0.014952,1,-0.007476,1,137.959057903087,1,4.86201159280508,384,1,15.2950000762939,36.0130004882812,0.0149520002305508,0,133.035293579102,-85.6909,22.2328,31.7976926704036,63,63,63,63,61,63,0,9004,1.9064526870154,22,-86,0.001869,51,2024-05-21 11:16:18.001203,384,1.037,0.0011,"aoml_navis",1028.38092928431
"7901009",35,0,1,0.020559,1,-0.001869,1,137.654486568017,1,4.86196644567926,386,1,15.2849998474121,36.0110015869141,0.020558999851346,0,132.741592407227,-85.6909,22.2328,31.7976926704036,63,63,63,63,61,63,0,9004,1.9064526870154,22,-86,0.001869,51,2024-05-21 11:16:18.001203,386,1.037,0.0011,"aoml_navis",1028.3904785981
"7901009",35,0,1,0.013083,1,-0.009345,1,137.394616709545,1,4.8619068755551,388,1,15.2449998855591,36.0040016174316,0.0130829997360706,0,132.490997314453,-85.6909,22.2328,31.7976926704036,63,63,63,63,61,63,0,9004,1.9064526870154,22,-86,0.001869,51,2024-05-21 11:16:18.001203,388,1.037,0.0011,"aoml_navis",1028.40307886998
"7901009",35,0,1,0.022428,1,0,1,137.131107438819,1,4.86184093324381,390,1,15.1890001296997,35.9939994812012,0.0224280003458261,0,132.236892700195,-85.6909,22.2328,31.7976926704036,63,63,63,63,61,63,0,9004,1.9064526870154,22,-86,0.001869,51,2024-05-21 11:16:18.001203,390,1.037,0.0011,"aoml_navis",1028.41702734688
"7901009",35,0,1,0.016821,1,-0.005607,1,136.977840712328,1,4.86175603494125,392,1,15.1120004653931,35.9830017089844,0.0168210007250309,0,132.089096069336,-85.6909,22.2328,31.7976926704036,63,63,63,63,61,63,0,9004,1.9064526870154,22,-86,0.001869,51,2024-05-21 11:16:18.001203,392,1.037,0.0011,"aoml_navis",1028.43498605549
"7901009",35,0,1,0.022428,1,0,1,136.89881799582,1,4.86169930581932,394,1,15.0710000991821,35.9749984741211,0.0224280003458261,0,132.012893676758,-85.6909,22.2328,31.7976926704036,63,63,63,63,61,63,0,9004,1.9064526870154,22,-86,0.001869,51,2024-05-21 11:16:18.001203,394,1.037,0.0011,"aoml_navis",1028.44698643027
"7901009",35,0,1,0.01869,1,-0.003738,1,136.812437337146,1,4.86163993476899,396,1,15.0410003662109,35.9710006713867,0.0186899993568659,0,131.929595947266,-85.6909,22.2328,31.7976926704036,63,63,63,63,61,63,0,9004,1.9064526870154,22,-86,0.001869,51,2024-05-21 11:16:18.001203,396,1.037,0.0011,"aoml_navis",1028.45954597367
"7901009",35,0,1,0.01869,1,-0.003738,1,136.794920687732,1,4.86159594712553,398,1,15.0319995880127,35.9690017700195,0.0186899993568659,0,131.912704467773,-85.6909,22.2328,31.7976926704036,63,63,63,63,61,63,0,9004,1.9064526870154,22,-86,0.001869,51,2024-05-21 11:16:18.001203,398,1.037,0.0011,"aoml_navis",1028.46885145943
"7901009",35,0,1,0.01869,1,-0.003738,1,136.691624673843,1,4.86155804098808,400,1,15.0319995880127,35.9679985046387,0.0186899993568659,0,131.813095092773,-85.6909,22.2328,31.7976926704036,63,63,63,63,61,63,0,9004,1.9064526870154,22,-86,0.001869,51,2024-05-21 11:16:18.001203,400,1.037,0.0011,"aoml_navis",1028.47687055152
"7901009",35,0,1,0.016821,1,-0.005607,1,136.550811066674,1,4.86151581297305,402,1,15.0279998779297,35.9669990539551,0.0168210007250309,0,131.677307128906,-85.6909,22.2328,31.7976926704036,63,63,63,63,61,63,0,9004,1.9064526870154,22,-86,0.001869,51,2024-05-21 11:16:18.001203,402,1.037,0.0011,"aoml_navis",1028.48580408962
"7901009",35,0,1,0.016821,1,-0.005607,1,136.274848676626,1,4.86146967847258,404,1,15.0170001983643,35.9650001525879,0.0168210007250309,0,131.411193847656,-85.6909,22.2328,31.7976926704036,63,63,63,63,61,63,0,9004,1.9064526870154,22,-86,0.001869,51,2024-05-21 11:16:18.001203,404,1.037,0.0011,"aoml_navis",1028.49556424076
"7901009",35,0,1,0.01869,1,-0.003738,1,136.047432881342,1,4.86140191379489,406,1,14.9689998626709,35.9580001831055,0.0186899993568659,0,131.19189453125,-85.6909,22.2328,31.7976926704036,63,63,63,63,61,63,0,9004,1.9064526870154,22,-86,0.001869,51,2024-05-21 11:16:18.001203,406,1.037,0.0011,"aoml_navis",1028.50990077817
"7901009",35,0,1,0.016821,1,-0.005607,1,135.766406961202,1,4.86134778541154,408,1,14.9370002746582,35.9519996643066,0.0168210007250309,0,130.9208984375,-85.6909,22.2328,31.7976926704036,63,63,63,63,61,63,0,9004,1.9064526870154,22,-86,0.001869,51,2024-05-21 11:16:18.001203,408,1.037,0.0011,"aoml_navis",1028.52135265955
"7901009",35,0,1,0.014952,1,-0.007476,1,135.365090554299,1,4.86130358280346,410,1,14.9209995269775,35.9480018615723,0.0149520002305508,0,130.533905029297,-85.6909,22.2328,31.7976926704036,63,63,63,63,61,63,0,9004,1.9064526870154,22,-86,0.001869,51,2024-05-21 11:16:18.001203,410,1.037,0.0011,"aoml_navis",1028.53070474495
"7901009",35,0,1,0.01869,1,-0.003738,1,135.199687179118,1,4.86120643417783,412,1,14.8249998092651,35.935001373291,0.0186899993568659,0,130.374404907227,-85.6909,22.2328,31.7976926704036,63,63,63,63,61,63,0,9004,1.9064526870154,22,-86,0.001869,51,2024-05-21 11:16:18.001203,412,1.037,0.0011,"aoml_navis",1028.55125938416
"7901009",35,0,1,0.014952,1,-0.007476,1,135.082814575167,1,4.86114781563672,414,1,14.7749996185303,35.9249992370605,0.0149520002305508,0,130.261703491211,-85.6909,22.2328,31.7976926704036,63,63,63,63,61,63,0,9004,1.9064526870154,22,-86,0.001869,51,2024-05-21 11:16:18.001203,414,1.037,0.0011,"aoml_navis",1028.56366225208
"7901009",35,0,1,0.016821,1,-0.005607,1,134.855082309252,1,4.86110114064677,416,1,14.7600002288818,35.9220008850098,0.0168210007250309,0,130.042098999023,-85.6909,22.2328,31.7976926704036,63,63,63,63,61,63,0,9004,1.9064526870154,22,-86,0.001869,51,2024-05-21 11:16:18.001203,416,1.037,0.0011,"aoml_navis",1028.57353824462
"7901009",35,0,1,0.01869,1,-0.003738,1,134.508610262665,1,4.86104833531399,418,1,14.7290000915527,35.9160003662109,0.0186899993568659,0,129.707992553711,-85.6909,22.2328,31.7976926704036,63,63,63,63,61,63,0,9004,1.9064526870154,22,-86,0.001869,51,2024-05-21 11:16:18.001203,418,1.037,0.0011,"aoml_navis",1028.58471158918
"7901009",35,0,1,0.022428,1,0,1,134.225416518704,1,4.86097137162304,420,1,14.664999961853,35.9070014953613,0.0224280003458261,0,129.434906005859,-85.6909,22.2328,31.7976926704036,63,63,63,63,61,63,0,9004,1.9064526870154,22,-86,0.001869,51,2024-05-21 11:16:18.001203,420,1.037,0.0011,"aoml_navis",1028.60099715636
"7901009",35,0,1,0.016821,1,-0.005607,1,134.146488743386,1,4.86089443764892,422,1,14.5939998626709,35.8959999084473,0.0168210007250309,0,129.358795166016,-85.6909,22.2328,31.7976926704036,63,63,63,63,61,63,0,9004,1.9064526870154,22,-86,0.001869,51,2024-05-21 11:16:18.001203,422,1.037,0.0011,"aoml_navis",1028.61727695086
"7901009",35,0,1,0.016821,1,-0.005607,1,133.977983956022,1,4.86084303391725,424,1,14.5710000991821,35.8919982910156,0.0168210007250309,0,129.196304321289,-85.6909,22.2328,31.7976926704036,63,63,63,63,61,63,0,9004,1.9064526870154,22,-86,0.001869,51,2024-05-21 11:16:18.001203,424,1.037,0.0011,"aoml_navis",1028.62815464555
"7901009",35,0,1,0.01869,1,-0.003738,1,133.673507562141,1,4.86079329202243,426,1,14.5530004501343,35.8889999389648,0.0186899993568659,0,128.902694702148,-85.6909,22.2328,31.7976926704036,63,63,63,63,61,63,0,9004,1.9064526870154,22,-86,0.001869,51,2024-05-21 11:16:18.001203,426,1.037,0.0011,"aoml_navis",1028.6386808931
"7901009",35,0,1,0.016821,1,-0.005607,1,133.342289399958,1,4.86074449987548,428,1,14.5290002822876,35.8839988708496,0.0168210007250309,0,128.583297729492,-85.6909,22.2328,31.7976926704036,63,63,63,63,61,63,0,9004,1.9064526870154,22,-86,0.001869,51,2024-05-21 11:16:18.001203,428,1.037,0.0011,"aoml_navis",1028.64900636684
"7901009",35,0,1,0.020559,1,-0.001869,1,133.014394179398,1,4.86069524999037,430,1,14.5080003738403,35.8800010681152,0.020558999851346,0,128.267105102539,-85.6909,22.2328,31.7976926704036,63,63,63,63,61,63,0,9004,1.9064526870154,22,-86,0.001869,51,2024-05-21 11:16:18.001203,430,1.037,0.0011,"aoml_navis",1028.6594289181
"7901009",35,0,1,0.01869,1,-0.003738,1,132.472343282984,1,4.86065401151787,432,1,14.4980001449585,35.8769989013672,0.0186899993568659,0,127.744400024414,-85.6909,22.2328,31.7976926704036,63,63,63,63,61,63,0,9004,1.9064526870154,22,-86,0.001869,51,2024-05-21 11:16:18.001203,432,1.037,0.0011,"aoml_navis",1028.66815620942
"7901009",35,0,1,0.016821,1,-0.005607,1,132.030993341286,1,4.86059096680769,434,1,14.4569997787476,35.8709983825684,0.0168210007250309,0,127.318801879883,-85.6909,22.2328,31.7976926704036,63,63,63,63,61,63,0,9004,1.9064526870154,22,-86,0.001869,51,2024-05-21 11:16:18.001203,434,1.037,0.0011,"aoml_navis",1028.68149863758
"7901009",35,0,1,0.016821,1,-0.005607,1,131.695107237299,1,4.86053478267608,436,1,14.418999671936,35.8639984130859,0.0168210007250309,0,126.994903564453,-85.6909,22.2328,31.7976926704036,63,63,63,63,61,63,0,9004,1.9064526870154,22,-86,0.001869,51,2024-05-21 11:16:18.001203,436,1.037,0.0011,"aoml_navis",1028.69338942312
"7901009",35,0,1,0.022428,1,0,1,131.432017290159,1,4.86049040275049,438,1,14.4060001373291,35.8610000610352,0.0224280003458261,0,126.741203308105,-85.6909,22.2328,31.7976926704036,63,63,63,63,61,63,0,9004,1.9064526870154,22,-86,0.001869,51,2024-05-21 11:16:18.001203,438,1.037,0.0011,"aoml_navis",1028.70278216588
"7901009",35,0,1,0.01869,1,-0.003738,1,130.958205373509,1,4.86045186522041,440,1,14.4020004272461,35.859001159668,0.0186899993568659,0,126.284301757812,-85.6909,22.2328,31.7976926704036,63,63,63,63,61,63,0,9004,1.9064526870154,22,-86,0.001869,51,2024-05-21 11:16:18.001203,440,1.037,0.0011,"aoml_navis",1028.71093854013
"7901009",35,0,1,0.01869,1,-0.003738,1,130.476307632241,1,4.86038888442868,442,1,14.3540000915527,35.851001739502,0.0186899993568659,0,125.819602966309,-85.6909,22.2328,31.7976926704036,63,63,63,63,61,63,0,9004,1.9064526870154,22,-86,0.001869,51,2024-05-21 11:16:18.001203,442,1.037,0.0011,"aoml_navis",1028.7242685495
"7901009",35,0,1,0.022428,1,0,1,130.305714138715,1,4.86029432428845,444.100006103516,1,14.2430000305176,35.8330001831055,0.0224280003458261,0,125.655097961426,-85.6909,22.2328,31.7976926704036,63,63,63,63,61,63,0,9004,1.9064526870154,22,-86,0.001869,51,2024-05-21 11:16:18.001203,444.100006103516,1.037,0.0011,"aoml_navis",1028.74428303928
"7901009",35,0,1,0.024297,1,0.001869,1,130.140105057623,1,4.8602347464867,446,1,14.1890001296997,35.8230018615723,0.0242970008403063,0,125.495399475098,-85.6909,22.2328,31.7976926704036,63,63,63,63,61,63,0,9004,1.9064526870154,22,-86,0.001869,51,2024-05-21 11:16:18.001203,446,1.037,0.0011,"aoml_navis",1028.75689360773
"7901009",35,0,1,0.020559,1,-0.001869,1,129.915592880376,1,4.86017949548074,448,1,14.1549997329712,35.8170013427734,0.020558999851346,0,125.278900146484,-85.6909,22.2328,31.7976926704036,63,63,63,63,61,63,0,9004,1.9064526870154,22,-86,0.001869,51,2024-05-21 11:16:18.001203,448,1.037,0.0011,"aoml_navis",1028.76858861885
"7901009",35,0,1,0.014952,1,-0.007476,1,129.622636017456,1,4.86011543895871,450,1,14.1090002059937,35.810001373291,0.0149520002305508,0,124.996398925781,-85.6909,22.2328,31.7976926704036,63,63,63,63,61,63,0,9004,1.9064526870154,22,-86,0.001869,51,2024-05-21 11:16:18.001203,450,1.037,0.0011,"aoml_navis",1028.7821478313
"7901009",35,0,1,0.020559,1,-0.001869,1,129.438877345688,1,4.86004422977975,452,1,14.0419998168945,35.798999786377,0.020558999851346,0,124.819198608398,-85.6909,22.2328,31.7976926704036,63,63,63,63,61,63,0,9004,1.9064526870154,22,-86,0.001869,51,2024-05-21 11:16:18.001203,452,1.037,0.0011,"aoml_navis",1028.7972215073
"7901009",35,0,1,0.020559,1,-0.001869,1,129.10071265316,1,4.86000055957895,454,1,14.0260000228882,35.7949981689453,0.020558999851346,0,124.493103027344,-85.6909,22.2328,31.7976926704036,63,63,63,63,61,63,0,9004,1.9064526870154,22,-86,0.001869,51,2024-05-21 11:16:18.001203,454,1.037,0.0011,"aoml_navis",1028.80646590567
"7901009",35,0,1,0.01869,1,-0.003738,1,128.802359965984,1,4.85994033389011,456,1,13.9870004653931,35.7890014648438,0.0186899993568659,0,124.20539855957,-85.6909,22.2328,31.7976926704036,63,63,63,63,61,63,0,9004,1.9064526870154,22,-86,0.001869,51,2024-05-21 11:16:18.001203,456,1.037,0.0011,"aoml_navis",1028.81921515234
"7901009",35,0,1,0.01869,1,-0.003738,1,128.583346465947,1,4.85986532437283,458,1,13.9160003662109,35.7779998779297,0.0186899993568659,0,123.994201660156,-85.6909,22.2328,31.7976926704036,63,63,63,63,61,63,0,9004,1.9064526870154,22,-86,0.001869,51,2024-05-21 11:16:18.001203,458,1.037,0.0011,"aoml_navis",1028.83509444683
"7901009",35,0,1,0.022428,1,0,1,128.341198962799,1,4.85978030726917,460,1,13.8280000686646,35.7649993896484,0.0224280003458261,0,123.760696411133,-85.6909,22.2328,31.7976926704036,63,63,63,63,61,63,0,9004,1.9064526870154,22,-86,0.001869,51,2024-05-21 11:16:18.001203,460,1.037,0.0011,"aoml_navis",1028.85309291062
"7901009",35,0,1,0.016821,1,-0.005607,1,128.073654691531,1,4.85969971724577,462,1,13.7440004348755,35.7519989013672,0.0168210007250309,0,123.502700805664,-85.6909,22.2328,31.7976926704036,63,63,63,63,61,63,0,9004,1.9064526870154,22,-86,0.001869,51,2024-05-21 11:16:18.001203,462,1.037,0.0011,"aoml_navis",1028.87015472506
"7901009",35,0,1,0.022428,1,0,1,127.931171701784,1,4.85963563658053,464,1,13.6829996109009,35.7410011291504,0.0224280003458261,0,123.365303039551,-85.6909,22.2328,31.7976926704036,63,63,63,63,61,63,0,9004,1.9064526870154,22,-86,0.001869,51,2024-05-21 11:16:18.001203,464,1.037,0.0011,"aoml_navis",1028.88372172656
"7901009",35,0,1,0.020559,1,-0.001869,1,127.661752342028,1,4.85958502296272,466,1,13.6599998474121,35.7369995117188,0.020558999851346,0,123.105499267578,-85.6909,22.2328,31.7976926704036,63,63,63,63,61,63,0,9004,1.9064526870154,22,-86,0.001869,51,2024-05-21 11:16:18.001203,466,1.037,0.0011,"aoml_navis",1028.89443777067
"7901009",35,0,1,0.01869,1,-0.003738,1,127.334885651018,1,4.8595285812308,468,1,13.6169996261597,35.7290000915527,0.0186899993568659,0,122.790298461914,-85.6909,22.2328,31.7976926704036,63,63,63,63,61,63,0,9004,1.9064526870154,22,-86,0.001869,51,2024-05-21 11:16:18.001203,468,1.037,0.0011,"aoml_navis",1028.90638802121
"7901009",35,0,1,0.022428,1,0,1,127.201422074249,1,4.85944406854986,470,1,13.5319995880127,35.7169990539551,0.0224280003458261,0,122.661598205566,-85.6909,22.2328,31.7976926704036,63,63,63,63,61,63,0,9004,1.9064526870154,22,-86,0.001869,51,2024-05-21 11:16:18.001203,470,1.037,0.0011,"aoml_navis",1028.92428217454
"7901009",35,0,1,0.020559,1,-0.001869,1,126.869895353201,1,4.8593872539931,472,1,13.4919996261597,35.7099990844727,0.020558999851346,0,122.341903686523,-85.6909,22.2328,31.7976926704036,63,63,63,63,61,63,0,9004,1.9064526870154,22,-86,0.001869,51,2024-05-21 11:16:18.001203,472,1.037,0.0011,"aoml_navis",1028.93631206102
"7901009",35,0,1,0.01869,1,-0.003738,1,126.596227375227,1,4.85930701231455,474,1,13.4180002212524,35.7000007629395,0.0186899993568659,0,122.078002929688,-85.6909,22.2328,31.7976926704036,63,63,63,63,61,63,0,9004,1.9064526870154,22,-86,0.001869,51,2024-05-21 11:16:18.001203,474,1.037,0.0011,"aoml_navis",1028.95330287403
"7901009",35,0,1,0.01869,1,-0.003738,1,126.540845014839,1,4.85923211609335,476,1,13.331000328064,35.685001373291,0.0186899993568659,0,122.024597167969,-85.6909,22.2328,31.7976926704036,63,63,63,63,61,63,0,9004,1.9064526870154,22,-86,0.001869,51,2024-05-21 11:16:18.001203,476,1.037,0.0011,"aoml_navis",1028.96916231691
"7901009",35,0,1,0.01869,1,-0.003738,1,126.352529165988,1,4.85918661249471,478,1,13.3199996948242,35.6829986572266,0.0186899993568659,0,121.843002319336,-85.6909,22.2328,31.7976926704036,63,63,63,63,61,63,0,9004,1.9064526870154,22,-86,0.001869,51,2024-05-21 11:16:18.001203,478,1.037,0.0011,"aoml_navis",1028.97879804476
"7901009",35,0,1,0.020559,1,-0.001869,1,126.082279070827,1,4.85914373452798,480,1,13.3079996109009,35.6800003051758,0.020558999851346,0,121.582397460938,-85.6909,22.2328,31.7976926704036,63,63,63,63,61,63,0,9004,1.9064526870154,22,-86,0.001869,51,2024-05-21 11:16:18.001203,480,1.037,0.0011,"aoml_navis",1028.98787794054
"7901009",35,0,1,0.022428,1,0,1,125.674736104263,1,4.85910010858936,482,1,13.2880001068115,35.6749992370605,0.0224280003458261,0,121.189399719238,-85.6909,22.2328,31.7976926704036,63,63,63,63,61,63,0,9004,1.9064526870154,22,-86,0.001869,51,2024-05-21 11:16:18.001203,482,1.037,0.0011,"aoml_navis",1028.99711639231
"7901009",35,0,1,0.01869,1,-0.003738,1,125.376597034763,1,4.85902276328623,484,1,13.2089996337891,35.6629981994629,0.0186899993568659,0,120.901901245117,-85.6909,22.2328,31.7976926704036,63,63,63,63,61,63,0,9004,1.9064526870154,22,-86,0.001869,51,2024-05-21 11:16:18.001203,484,1.037,0.0011,"aoml_navis",1029.01349583685
"7901009",35,0,1,0.020559,1,-0.001869,1,125.099922585797,1,4.85894902306906,486,1,13.1370000839233,35.6520004272461,0.020558999851346,0,120.635101318359,-85.6909,22.2328,31.7976926704036,63,63,63,63,61,63,0,9004,1.9064526870154,22,-86,0.001869,51,2024-05-21 11:16:18.001203,486,1.037,0.0011,"aoml_navis",1029.02911231652
"7901009",35,0,1,0.022428,1,0,1,124.849380699167,1,4.85887184026093,488,1,13.0539999008179,35.6389999389648,0.0224280003458261,0,120.393501281738,-85.6909,22.2328,31.7976926704036,63,63,63,63,61,63,0,9004,1.9064526870154,22,-86,0.001869,51,2024-05-21 11:16:18.001203,488,1.037,0.0011,"aoml_navis",1029.04545836539
"7901009",35,0,1,0.022428,1,0,1,124.564612513818,1,4.85882043421211,490,1,13.0150003433228,35.6310005187988,0.0224280003458261,0,120.118896484375,-85.6909,22.2328,31.7976926704036,63,63,63,63,61,63,0,9004,1.9064526870154,22,-86,0.001869,51,2024-05-21 11:16:18.001203,490,1.037,0.0011,"aoml_navis",1029.05634560887
"7901009",35,0,1,0.022428,1,0,1,124.213069025373,1,4.85874364964843,492,1,12.9429998397827,35.6209983825684,0.0224280003458261,0,119.779899597168,-85.6909,22.2328,31.7976926704036,63,63,63,63,61,63,0,9004,1.9064526870154,22,-86,0.001869,51,2024-05-21 11:16:18.001203,492,1.037,0.0011,"aoml_navis",1029.07260817553
"7901009",35,0,1,0.020559,1,-0.001869,1,123.956205637893,1,4.85866972525527,494,1,12.8699998855591,35.6100006103516,0.020558999851346,0,119.532203674316,-85.6909,22.2328,31.7976926704036,63,63,63,63,61,63,0,9004,1.9064526870154,22,-86,0.001869,51,2024-05-21 11:16:18.001203,494,1.037,0.0011,"aoml_navis",1029.08826545877
"7901009",35,0,1,0.020559,1,-0.001869,1,123.646032772658,1,4.8586208879319,496,1,12.8369998931885,35.6030006408691,0.020558999851346,0,119.233100891113,-85.6909,22.2328,31.7976926704036,63,63,63,63,61,63,0,9004,1.9064526870154,22,-86,0.001869,51,2024-05-21 11:16:18.001203,496,1.037,0.0011,"aoml_navis",1029.09860952915
"7901009",35,0,1,0.026166,1,0.003738,1,123.368116176465,1,4.85855899027161,498,1,12.7869997024536,35.5950012207031,0.0261659994721413,0,118.965103149414,-85.6909,22.2328,31.7976926704036,63,63,63,63,61,63,0,9004,1.9064526870154,22,-86,0.001869,51,2024-05-21 11:16:18.001203,498,1.037,0.0011,"aoml_navis",1029.11172016468
"7901009",35,0,1,0.020559,1,-0.001869,1,123.071424960101,1,4.85849522984845,500,1,12.7349996566772,35.5870018005371,0.020558999851346,0,118.679000854492,-85.6909,22.2328,31.7976926704036,63,63,63,63,61,63,0,9004,1.9064526870154,22,-86,0.001869,51,2024-05-21 11:16:18.001203,500,1.037,0.0011,"aoml_navis",1029.12522570408
"7901009",35,0,1,0.024297,1,0.001869,1,122.982860654075,1,4.8584268500026,502,1,12.6669998168945,35.576000213623,0.0242970008403063,0,118.593597412109,-85.6909,22.2328,31.7976926704036,63,63,63,63,61,63,0,9004,1.9064526870154,22,-86,0.001869,51,2024-05-21 11:16:18.001203,502,1.037,0.0011,"aoml_navis",1029.13971010952
"7901009",35,0,1,0.022428,1,0,1,122.880719757988,1,4.8583690346018,504,1,12.6319999694824,35.5709991455078,0.0224280003458261,0,118.495101928711,-85.6909,22.2328,31.7976926704036,63,63,63,63,61,63,0,9004,1.9064526870154,22,-86,0.001869,51,2024-05-21 11:16:18.001203,504,1.037,0.0011,"aoml_navis",1029.1519570435
"7901009",35,0,1,0.01869,1,-0.003738,1,122.721740736612,1,4.85831172199195,506,1,12.5900001525879,35.5639991760254,0.0186899993568659,0,118.341796875,-85.6909,22.2328,31.7976926704036,63,63,63,63,61,63,0,9004,1.9064526870154,22,-86,0.001869,51,2024-05-21 11:16:18.001203,506,1.037,0.0011,"aoml_navis",1029.16409775986
"7901009",35,0,1,0.024297,1,0.001869,1,122.601758808714,1,4.85826474008132,508,1,12.5659999847412,35.5589981079102,0.0242970008403063,0,118.226097106934,-85.6909,22.2328,31.7976926704036,63,63,63,63,61,63,0,9004,1.9064526870154,22,-86,0.001869,51,2024-05-21 11:16:18.001203,508,1.037,0.0011,"aoml_navis",1029.17405030429
"7901009",35,0,1,0.026166,1,0.003738,1,122.620739134795,1,4.85819366303306,510,1,12.5059995651245,35.5509986877441,0.0261659994721413,0,118.244400024414,-85.6909,22.2328,31.7976926704036,63,63,63,63,61,63,0,9004,1.9064526870154,22,-86,0.001869,51,2024-05-21 11:16:18.001203,510,1.037,0.0011,"aoml_navis",1029.18910747547
"7901009",35,0,1,0.024297,1,0.001869,1,122.615968340036,1,4.85813702827823,512,1,12.4720001220703,35.5460014343262,0.0242970008403063,0,118.239799499512,-85.6909,22.2328,31.7976926704036,63,63,63,63,61,63,0,9004,1.9064526870154,22,-86,0.001869,51,2024-05-21 11:16:18.001203,512,1.037,0.0011,"aoml_navis",1029.20110546409
"7901009",35,0,1,0.020559,1,-0.001869,1,122.703907616567,1,4.85808021809712,514,1,12.4340000152588,35.5400009155273,0.020558999851346,0,118.324600219727,-85.6909,22.2328,31.7976926704036,63,63,63,63,61,63,0,9004,1.9064526870154,22,-86,0.001869,51,2024-05-21 11:16:18.001203,514,1.037,0.0011,"aoml_navis",1029.21314089755
"7901009",35,0,1,0.024297,1,0.001869,1,122.759701388775,1,4.85803720020464,516,1,12.4289999008179,35.5390014648438,0.0242970008403063,0,118.378402709961,-85.6909,22.2328,31.7976926704036,63,63,63,63,61,63,0,9004,1.9064526870154,22,-86,0.001869,51,2024-05-21 11:16:18.001203,516,1.037,0.0011,"aoml_navis",1029.22225457421
"7901009",35,0,1,0.020559,1,-0.001869,1,122.715727794627,1,4.85799053809087,518,1,12.423999786377,35.5390014648438,0.020558999851346,0,118.335998535156,-85.6909,22.2328,31.7976926704036,63,63,63,63,61,63,0,9004,1.9064526870154,22,-86,0.001869,51,2024-05-21 11:16:18.001203,518,1.037,0.0011,"aoml_navis",1029.23214049012
"7901009",35,0,1,0.022428,1,0,1,122.566195421579,1,4.85791250458751,520,1,12.3640003204346,35.5330009460449,0.0224280003458261,0,118.191802978516,-85.6909,22.2328,31.7976926704036,63,63,63,63,61,63,0,9004,1.9064526870154,22,-86,0.001869,51,2024-05-21 11:16:18.001203,520,1.037,0.0011,"aoml_navis",1029.24867322709
"7901009",35,0,1,0.01869,1,-0.003738,1,122.398924869676,1,4.85784770159033,522,1,12.3100004196167,35.5250015258789,0.0186899993568659,0,118.030502319336,-85.6909,22.2328,31.7976926704036,63,63,63,63,61,63,0,9004,1.9064526870154,22,-86,0.001869,51,2024-05-21 11:16:18.001203,522,1.037,0.0011,"aoml_navis",1029.26240325796
"7901009",35,0,1,0.022428,1,0,1,122.313469887597,1,4.85779188960225,524,1,12.2690000534058,35.5180015563965,0.0224280003458261,0,117.948097229004,-85.6909,22.2328,31.7976926704036,63,63,63,63,61,63,0,9004,1.9064526870154,22,-86,0.001869,51,2024-05-21 11:16:18.001203,524,1.037,0.0011,"aoml_navis",1029.27422862682
"7901009",35,0,1,0.020559,1,-0.001869,1,122.060546559471,1,4.85774773760089,526,1,12.2589998245239,35.515998840332,0.020558999851346,0,117.704200744629,-85.6909,22.2328,31.7976926704036,63,63,63,63,61,63,0,9004,1.9064526870154,22,-86,0.001869,51,2024-05-21 11:16:18.001203,526,1.037,0.0011,"aoml_navis",1029.28358368592
"7901009",35,0,1,0.024297,1,0.001869,1,121.620335912045,1,4.85770605799476,528,1,12.2440004348755,35.5120010375977,0.0242970008403063,0,117.27970123291,-85.6909,22.2328,31.7976926704036,63,63,63,63,61,63,0,9004,1.9064526870154,22,-86,0.001869,51,2024-05-21 11:16:18.001203,528,1.037,0.0011,"aoml_navis",1029.2924150425
"7901009",35,0,1,0.026166,1,0.003738,1,121.350085816883,1,4.85761833985253,530,1,12.1429996490479,35.4980010986328,0.0261659994721413,0,117.019096374512,-85.6909,22.2328,31.7976926704036,63,63,63,63,61,63,0,9004,1.9064526870154,22,-86,0.001869,51,2024-05-21 11:16:18.001203,530,1.037,0.0011,"aoml_navis",1029.3110018503
"7901009",35,0,1,0.01869,1,-0.003738,1,121.26422733475,1,4.85754649744631,532,1,12.0620002746582,35.4850006103516,0.0186899993568659,0,116.936302185059,-85.6909,22.2328,31.7976926704036,63,63,63,63,61,63,0,9004,1.9064526870154,22,-86,0.001869,51,2024-05-21 11:16:18.001203,532,1.037,0.0011,"aoml_navis",1029.32622521032
"7901009",35,0,1,0.020559,1,-0.001869,1,120.867776663796,1,4.85750129049733,534,1,12.0469999313354,35.4819984436035,0.020558999851346,0,116.554000854492,-85.6909,22.2328,31.7976926704036,63,63,63,63,61,63,0,9004,1.9064526870154,22,-86,0.001869,51,2024-05-21 11:16:18.001203,534,1.037,0.0011,"aoml_navis",1029.33580476477
"7901009",35,0,1,0.024297,1,0.001869,1,120.499634290766,1,4.85742297431481,536,1,11.9549999237061,35.4679985046387,0.0242970008403063,0,116.198997497559,-85.6909,22.2328,31.7976926704036,63,63,63,63,61,63,0,9004,1.9064526870154,22,-86,0.001869,51,2024-05-21 11:16:18.001203,536,1.037,0.0011,"aoml_navis",1029.35240073576
"7901009",35,0,1,0.01869,1,-0.003738,1,120.420405868348,1,4.85735474422842,538,1,11.8809995651245,35.4560012817383,0.0186899993568659,0,116.122596740723,-85.6909,22.2328,31.7976926704036,63,63,63,63,61,63,0,9004,1.9064526870154,22,-86,0.001869,51,2024-05-21 11:16:18.001203,538,1.037,0.0011,"aoml_navis",1029.36685979979
"7901009",35,0,1,0.024297,1,0.001869,1,120.260089758556,1,4.85730963635015,540,1,11.8660001754761,35.4529991149902,0.0242970008403063,0,115.968002319336,-85.6909,22.2328,31.7976926704036,63,63,63,63,61,63,0,9004,1.9064526870154,22,-86,0.001869,51,2024-05-21 11:16:18.001203,540,1.037,0.0011,"aoml_navis",1029.37641911523
"7901009",35,0,1,0.016821,1,-0.005607,1,120.204193133393,1,4.85726142410529,542,1,11.8400001525879,35.4480018615723,0.0168210007250309,0,115.914100646973,-85.6909,22.2328,31.7976926704036,63,63,63,63,61,63,0,9004,1.9064526870154,22,-86,0.001869,51,2024-05-21 11:16:18.001203,542,1.037,0.0011,"aoml_navis",1029.38663650804
"7901009",35,0,1,0.028035,1,0.005607,1,120.046567023963,1,4.85721659520856,544,1,11.8330001831055,35.4469985961914,0.0280349999666214,0,115.762100219727,-85.6909,22.2328,31.7976926704036,63,63,63,63,61,63,0,9004,1.9064526870154,22,-86,0.001869,51,2024-05-21 11:16:18.001203,544,1.037,0.0011,"aoml_navis",1029.39613706588
"7901009",35,0,1,0.024297,1,0.001869,1,119.76180675038,1,4.85716382057073,546,1,11.8059997558594,35.443000793457,0.0242970008403063,0,115.487503051758,-85.6909,22.2328,31.7976926704036,63,63,63,63,61,63,0,9004,1.9064526870154,22,-86,0.001869,51,2024-05-21 11:16:18.001203,546,1.037,0.0011,"aoml_navis",1029.40732178403
"7901009",35,0,1,0.020559,1,-0.001869,1,119.530134425111,1,4.85711920985692,548,1,11.7760000228882,35.4360008239746,0.020558999851346,0,115.264099121094,-85.6909,22.2328,31.7976926704036,63,63,63,63,61,63,0,9004,1.9064526870154,22,-86,0.001869,51,2024-05-21 11:16:18.001203,548,1.037,0.0011,"aoml_navis",1029.41677648206
"7901009",35,0,1,0.022428,1,0,1,119.441783736761,1,4.85705405036104,550,1,11.7279996871948,35.4300003051758,0.0224280003458261,0,115.178901672363,-85.6909,22.2328,31.7976926704036,63,63,63,63,61,63,0,9004,1.9064526870154,22,-86,0.001869,51,2024-05-21 11:16:18.001203,550,1.037,0.0011,"aoml_navis",1029.43058655654
"7901009",35,0,1,0.022428,1,0,1,119.298881423428,1,4.85699847675756,552,1,11.6940002441406,35.4249992370605,0.0224280003458261,0,115.04109954834,-85.6909,22.2328,31.7976926704036,63,63,63,63,61,63,0,9004,1.9064526870154,22,-86,0.001869,51,2024-05-21 11:16:18.001203,552,1.037,0.0011,"aoml_navis",1029.44236526463
"7901009",35,0,1,0.024297,1,0.001869,1,119.019714768244,1,4.85695420163753,554,1,11.6719999313354,35.4199981689453,0.0242970008403063,0,114.771896362305,-85.6909,22.2328,31.7976926704036,63,63,63,63,61,63,0,9004,1.9064526870154,22,-86,0.001869,51,2024-05-21 11:16:18.001203,554,1.037,0.0011,"aoml_navis",1029.45174947588
"7901009",35,0,1,0.026166,1,0.003738,1,118.82196018283,1,4.85688215245614,556,1,11.5930004119873,35.4080009460449,0.0261659994721413,0,114.581199645996,-85.6909,22.2328,31.7976926704036,63,63,63,63,61,63,0,9004,1.9064526870154,22,-86,0.001869,51,2024-05-21 11:16:18.001203,556,1.037,0.0011,"aoml_navis",1029.46702082765
"7901009",35,0,1,0.022428,1,0,1,118.676779280956,1,4.85678506326826,558,1,11.4750003814697,35.3930015563965,0.0224280003458261,0,114.441200256348,-85.6909,22.2328,31.7976926704036,63,63,63,63,61,63,0,9004,1.9064526870154,22,-86,0.001869,51,2024-05-21 11:16:18.001203,558,1.037,0.0011,"aoml_navis",1029.48760030887
"7901009",35,0,1,0.028035,1,0.005607,1,118.621199126424,1,4.85672029626841,560,1,11.41100025177,35.382999420166,0.0280349999666214,0,114.387603759766,-85.6909,22.2328,31.7976926704036,63,63,63,63,61,63,0,9004,1.9064526870154,22,-86,0.001869,51,2024-05-21 11:16:18.001203,560,1.037,0.0011,"aoml_navis",1029.5013290845
"7901009",35,0,1,0.029904,1,0.007476,1,118.468549517663,1,4.85666982297179,562,1,11.3859996795654,35.3790016174316,0.0299040004611015,0,114.24040222168,-85.6909,22.2328,31.7976926704036,63,63,63,63,61,63,0,9004,1.9064526870154,22,-86,0.001869,51,2024-05-21 11:16:18.001203,562,1.037,0.0011,"aoml_navis",1029.51202825242
"7901009",35,0,1,0.028035,1,0.005607,1,118.357064826202,1,4.85661744958899,564,1,11.3509998321533,35.3730010986328,0.0280349999666214,0,114.13289642334,-85.6909,22.2328,31.7976926704036,63,63,63,63,61,63,0,9004,1.9064526870154,22,-86,0.001869,51,2024-05-21 11:16:18.001203,564,1.037,0.0011,"aoml_navis",1029.52313042962
"7901009",35,0,1,0.022428,1,0,1,118.074899611792,1,4.85656981826809,566,1,11.3290004730225,35.3689994812012,0.0224280003458261,0,113.860801696777,-85.6909,22.2328,31.7976926704036,63,63,63,63,61,63,0,9004,1.9064526870154,22,-86,0.001869,51,2024-05-21 11:16:18.001203,566,1.037,0.0011,"aoml_navis",1029.53322758635
"7901009",35,0,1,0.022428,1,0,1,117.725009682392,1,4.85650916594004,568,1,11.2770004272461,35.3610000610352,0.0224280003458261,0,113.523399353027,-85.6909,22.2328,31.7976926704036,63,63,63,63,61,63,0,9004,1.9064526870154,22,-86,0.001869,51,2024-05-21 11:16:18.001203,568,1.037,0.0011,"aoml_navis",1029.54608529647
"7901009",35,0,1,0.026166,1,0.003738,1,117.486707297408,1,4.85644215380079,570,1,11.206000328064,35.3499984741211,0.0261659994721413,0,113.293601989746,-85.6909,22.2328,31.7976926704036,63,63,63,63,61,63,0,9004,1.9064526870154,22,-86,0.001869,51,2024-05-21 11:16:18.001203,570,1.037,0.0011,"aoml_navis",1029.56029159883
"7901009",35,0,1,0.026166,1,0.003738,1,117.278683240025,1,4.85638911756067,572,1,11.173999786377,35.3450012207031,0.0261659994721413,0,113.093002319336,-85.6909,22.2328,31.7976926704036,63,63,63,63,61,63,0,9004,1.9064526870154,22,-86,0.001869,51,2024-05-21 11:16:18.001203,572,1.037,0.0011,"aoml_navis",1029.57153534507
"7901009",35,0,1,0.028035,1,0.005607,1,116.964981727257,1,4.85633703882361,574,1,11.1350002288818,35.3380012512207,0.0280349999666214,0,112.790496826172,-85.6909,22.2328,31.7976926704036,63,63,63,63,61,63,0,9004,1.9064526870154,22,-86,0.001869,51,2024-05-21 11:16:18.001203,574,1.037,0.0011,"aoml_navis",1029.58257633848
"7901009",35,0,1,0.026166,1,0.003738,1,116.798541910759,1,4.85627591979154,576,1,11.0740003585815,35.3279991149902,0.0261659994721413,0,112.629997253418,-85.6909,22.2328,31.7976926704036,63,63,63,63,61,63,0,9004,1.9064526870154,22,-86,0.001869,51,2024-05-21 11:16:18.001203,576,1.037,0.0011,"aoml_navis",1029.59553422875
"7901009",35,0,1,0.022428,1,0,1,116.680427159583,1,4.85622398943241,578,1,11.0389995574951,35.3219985961914,0.0224280003458261,0,112.516098022461,-85.6909,22.2328,31.7976926704036,63,63,63,63,61,63,0,9004,1.9064526870154,22,-86,0.001869,51,2024-05-21 11:16:18.001203,578,1.037,0.0011,"aoml_navis",1029.60654427812
"7901009",35,0,1,0.028035,1,0.005607,1,116.613335385856,1,4.85616667493036,580,1,10.9940004348755,35.314998626709,0.0280349999666214,0,112.451400756836,-85.6909,22.2328,31.7976926704036,63,63,63,63,61,63,0,9004,1.9064526870154,22,-86,0.001869,51,2024-05-21 11:16:18.001203,580,1.037,0.0011,"aoml_navis",1029.61869612346
"7901009",35,0,1,0.022428,1,0,1,116.485370486297,1,4.85611933301917,582,1,10.9720001220703,35.3110008239746,0.0224280003458261,0,112.328002929688,-85.6909,22.2328,31.7976926704036,63,63,63,63,61,63,0,9004,1.9064526870154,22,-86,0.001869,51,2024-05-21 11:16:18.001203,582,1.037,0.0011,"aoml_navis",1029.62873379213
"7901009",35,0,1,0.024297,1,0.001869,1,116.40198838685,1,4.85606751729893,584,1,10.9409999847412,35.3059997558594,0.0242970008403063,0,112.247596740723,-85.6909,22.2328,31.7976926704036,63,63,63,63,61,63,0,9004,1.9064526870154,22,-86,0.001869,51,2024-05-21 11:16:18.001203,584,1.037,0.0011,"aoml_navis",1029.63972024448
"7901009",35,0,1,0.026166,1,0.003738,1,116.403958416526,1,4.85599324235069,586,1,10.8730001449585,35.2980003356934,0.0261659994721413,0,112.249496459961,-85.6909,22.2328,31.7976926704036,63,63,63,63,61,63,0,9004,1.9064526870154,22,-86,0.001869,51,2024-05-21 11:16:18.001203,586,1.037,0.0011,"aoml_navis",1029.65546912079
"7901009",35,0,1,0.022428,1,0,1,116.367564293986,1,4.85593613834058,588,1,10.8360004425049,35.2929992675781,0.0224280003458261,0,112.214401245117,-85.6909,22.2328,31.7976926704036,63,63,63,63,61,63,0,9004,1.9064526870154,22,-86,0.001869,51,2024-05-21 11:16:18.001203,588,1.037,0.0011,"aoml_navis",1029.66757748767
"7901009",35,0,1,0.026166,1,0.003738,1,116.275376399237,1,4.85589338672712,590,1,10.8229999542236,35.2900009155273,0.0261659994721413,0,112.125503540039,-85.6909,22.2328,31.7976926704036,63,63,63,63,61,63,0,9004,1.9064526870154,22,-86,0.001869,51,2024-05-21 11:16:18.001203,590,1.037,0.0011,"aoml_navis",1029.67664275059
"7901009",35,0,1,0.028035,1,0.005607,1,116.171985444159,1,4.85584429746723,592,1,10.8070001602173,35.2879981994629,0.0280349999666214,0,112.025802612305,-85.6909,22.2328,31.7976926704036,63,63,63,63,61,63,0,9004,1.9064526870154,22,-86,0.001869,51,2024-05-21 11:16:18.001203,592,1.037,0.0011,"aoml_navis",1029.68705207619
"7901009",35,0,1,0.028035,1,0.005607,1,115.98044950664,1,4.85579446883315,594,1,10.7779998779297,35.2830009460449,0.0280349999666214,0,111.841102600098,-85.6909,22.2328,31.7976926704036,63,63,63,63,61,63,0,9004,1.9064526870154,22,-86,0.001869,51,2024-05-21 11:16:18.001203,594,1.037,0.0011,"aoml_navis",1029.69761840054
"7901009",35,0,1,0.026166,1,0.003738,1,115.862746167284,1,4.8557358329964,596,1,10.7309999465942,35.2760009765625,0.0261659994721413,0,111.727600097656,-85.6909,22.2328,31.7976926704036,63,63,63,63,61,63,0,9004,1.9064526870154,22,-86,0.001869,51,2024-05-21 11:16:18.001203,596,1.037,0.0011,"aoml_navis",1029.71005259868
"7901009",35,0,1,0.024297,1,0.001869,1,115.773976155348,1,4.85566654492538,598,1,10.6719999313354,35.2690010070801,0.0242970008403063,0,111.641998291016,-85.6909,22.2328,31.7976926704036,63,63,63,63,61,63,0,9004,1.9064526870154,22,-86,0.001869,51,2024-05-21 11:16:18.001203,598,1.037,0.0011,"aoml_navis",1029.72474607538
"7901009",35,0,1,0.031773,1,0.009345,1,115.676186730434,1,4.85560641739764,600,1,10.6190004348755,35.2610015869141,0.0317730009555817,0,111.547698974609,-85.6909,22.2328,31.7976926704036,63,63,63,63,61,63,0,9004,1.9064526870154,22,-86,0.001869,51,2024-05-21 11:16:18.001203,600,1.037,0.0011,"aoml_navis",1029.73749727429
"7901009",35,0,1,0.022428,1,0,1,115.532042269876,1,4.85555780402201,602,1,10.5869998931885,35.2550010681152,0.0224280003458261,0,111.408699035645,-85.6909,22.2328,31.7976926704036,63,63,63,63,61,63,0,9004,1.9064526870154,22,-86,0.001869,51,2024-05-21 11:16:18.001203,602,1.037,0.0011,"aoml_navis",1029.74780690662
"7901009",35,0,1,0.028035,1,0.005607,1,115.416831136737,1,4.85550913600692,604,1,10.5590000152588,35.25,0.0280349999666214,0,111.29759979248,-85.6909,22.2328,31.7976926704036,63,63,63,63,61,63,0,9004,1.9064526870154,22,-86,0.001869,51,2024-05-21 11:16:18.001203,604,1.037,0.0011,"aoml_navis",1029.75812833336
"7901009",35,0,1,0.026166,1,0.003738,1,115.421079754956,1,4.85544215518457,606,1,10.4980001449585,35.242000579834,0.0261659994721413,0,111.301696777344,-85.6909,22.2328,31.7976926704036,63,63,63,63,61,63,0,9004,1.9064526870154,22,-86,0.001869,51,2024-05-21 11:16:18.001203,606,1.037,0.0011,"aoml_navis",1029.77233384627
"7901009",35,0,1,0.026166,1,0.003738,1,115.406047399993,1,4.855376869187,608,1,10.4469995498657,35.2360000610352,0.0261659994721413,0,111.287200927734,-85.6909,22.2328,31.7976926704036,63,63,63,63,61,63,0,9004,1.9064526870154,22,-86,0.001869,51,2024-05-21 11:16:18.001203,608,1.037,0.0011,"aoml_navis",1029.78618029237
"7901009",35,0,1,0.022428,1,0,1,115.358655923033,1,4.85531951998874,610,1,10.4090003967285,35.2309989929199,0.0224280003458261,0,111.241500854492,-85.6909,22.2328,31.7976926704036,63,63,63,63,61,63,0,9004,1.9064526870154,22,-86,0.001869,51,2024-05-21 11:16:18.001203,610,1.037,0.0011,"aoml_navis",1029.79834373734
"7901009",35,0,1,0.026166,1,0.003738,1,115.347769333334,1,4.8552579497538,612,1,10.3620004653931,35.2249984741211,0.0261659994721413,0,111.231002807617,-85.6909,22.2328,31.7976926704036,63,63,63,63,61,63,0,9004,1.9064526870154,22,-86,0.001869,51,2024-05-21 11:16:18.001203,612,1.037,0.0011,"aoml_navis",1029.81140276049
"7901009",35,0,1,0.026166,1,0.003738,1,115.191488224084,1,4.85521101104544,614,1,10.3439998626709,35.2220001220703,0.0261659994721413,0,111.080299377441,-85.6909,22.2328,31.7976926704036,63,63,63,63,61,63,0,9004,1.9064526870154,22,-86,0.001869,51,2024-05-21 11:16:18.001203,614,1.037,0.0011,"aoml_navis",1029.82135866498
"7901009",35,0,1,0.024297,1,0.001869,1,115.158614837311,1,4.85514619298415,616,1,10.2889995574951,35.2150001525879,0.0242970008403063,0,111.048599243164,-85.6909,22.2328,31.7976926704036,63,63,63,63,61,63,0,9004,1.9064526870154,22,-86,0.001869,51,2024-05-21 11:16:18.001203,616,1.037,0.0011,"aoml_navis",1029.83510717456
"7901009",35,0,1,0.028035,1,0.005607,1,115.187753870641,1,4.85506218303296,618,1,10.1909999847412,35.2029991149902,0.0280349999666214,0,111.076698303223,-85.6909,22.2328,31.7976926704036,63,63,63,63,61,63,0,9004,1.9064526870154,22,-86,0.001869,51,2024-05-21 11:16:18.001203,618,1.037,0.0011,"aoml_navis",1029.85292700752
"7901009",35,0,1,0.028035,1,0.005607,1,115.154263366138,1,4.85500540526335,620,1,10.1490001678467,35.1969985961914,0.0280349999666214,0,111.044403076172,-85.6909,22.2328,31.7976926704036,63,63,63,63,61,63,0,9004,1.9064526870154,22,-86,0.001869,51,2024-05-21 11:16:18.001203,620,1.037,0.0011,"aoml_navis",1029.86497081537
"7901009",35,0,1,0.024297,1,0.001869,1,115.126572185944,1,4.85494607517047,622,1,10.1040000915527,35.1910018920898,0.0242970008403063,0,111.017700195312,-85.6909,22.2328,31.7976926704036,63,63,63,63,61,63,0,9004,1.9064526870154,22,-86,0.001869,51,2024-05-21 11:16:18.001203,622,1.037,0.0011,"aoml_navis",1029.87755632784
"7901009",35,0,1,0.026166,1,0.003738,1,115.091625916539,1,4.85488636433645,624,1,10.0500001907349,35.1829986572266,0.0261659994721413,0,110.984001159668,-85.6909,22.2328,31.7976926704036,63,63,63,63,61,63,0,9004,1.9064526870154,22,-86,0.001869,51,2024-05-21 11:16:18.001203,624,1.037,0.0011,"aoml_navis",1029.89022291635
"7901009",35,0,1,0.028035,1,0.005607,1,115.082495738841,1,4.8548287573837,626,1,10.0109996795654,35.1780014038086,0.0280349999666214,0,110.975196838379,-85.6909,22.2328,31.7976926704036,63,63,63,63,61,63,0,9004,1.9064526870154,22,-86,0.001869,51,2024-05-21 11:16:18.001203,626,1.037,0.0011,"aoml_navis",1029.90244349927
"7901009",35,0,1,0.028035,1,0.005607,1,115.077107826352,1,4.85476731277367,628,1,9.95899963378906,35.1710014343262,0.0280349999666214,0,110.970001220703,-85.6909,22.2328,31.7976926704036,63,63,63,63,61,63,0,9004,1.9064526870154,22,-86,0.001869,51,2024-05-21 11:16:18.001203,628,1.037,0.0011,"aoml_navis",1029.91547851206
"7901009",35,0,1,0.031773,1,0.009345,1,115.125844303493,1,4.85471245456314,630,1,9.92300033569336,35.1660003662109,0.0317730009555817,0,111.016998291016,-85.6909,22.2328,31.7976926704036,63,63,63,63,61,63,0,9004,1.9064526870154,22,-86,0.001869,51,2024-05-21 11:16:18.001203,630,1.037,0.0011,"aoml_navis",1029.92711654844
"7901009",35,0,1,0.028035,1,0.005607,1,115.12719721544,1,4.85465915276029,632,1,9.89299964904785,35.1619987487793,0.0280349999666214,0,111.01830291748,-85.6909,22.2328,31.7976926704036,63,63,63,63,61,63,0,9004,1.9064526870154,22,-86,0.001869,51,2024-05-21 11:16:18.001203,632,1.037,0.0011,"aoml_navis",1029.93842464863
"7901009",35,0,1,0.029904,1,0.007476,1,115.27341455863,1,4.85459492297382,634,1,9.8459997177124,35.1570014953613,0.0299040004611015,0,111.159301757812,-85.6909,22.2328,31.7976926704036,63,63,63,63,61,63,0,9004,1.9064526870154,22,-86,0.001869,51,2024-05-21 11:16:18.001203,634,1.037,0.0011,"aoml_navis",1029.95205147562
"7901009",35,0,1,0.026166,1,0.003738,1,115.237534700864,1,4.85454765710339,636,1,9.84000015258789,35.1570014953613,0.0261659994721413,0,111.124702453613,-85.6909,22.2328,31.7976926704036,63,63,63,63,61,63,0,9004,1.9064526870154,22,-86,0.001869,51,2024-05-21 11:16:18.001203,636,1.037,0.0011,"aoml_navis",1029.96207951193
"7901009",35,0,1,0.029904,1,0.007476,1,115.235976083008,1,4.85450640572856,638,1,9.84099960327148,35.1570014953613,0.0299040004611015,0,111.123199462891,-85.6909,22.2328,31.7976926704036,63,63,63,63,61,63,0,9004,1.9064526870154,22,-86,0.001869,51,2024-05-21 11:16:18.001203,638,1.037,0.0011,"aoml_navis",1029.97083165855
"7901009",35,0,1,0.029904,1,0.007476,1,115.189312488498,1,4.85446429831145,640,1,9.84099960327148,35.1570014953613,0.0299040004611015,0,111.078201293945,-85.6909,22.2328,31.7976926704036,63,63,63,63,61,63,0,9004,1.9064526870154,22,-86,0.001869,51,2024-05-21 11:16:18.001203,640,1.037,0.0011,"aoml_navis",1029.97976558179
"7901009",35,0,1,0.028035,1,0.005607,1,115.182152340476,1,4.85442219337727,642,1,9.84099960327148,35.1570014953613,0.0280349999666214,0,111.071296691895,-85.6909,22.2328,31.7976926704036,63,63,63,63,61,63,0,9004,1.9064526870154,22,-86,0.001869,51,2024-05-21 11:16:18.001203,642,1.037,0.0011,"aoml_navis",1029.9886991332
"7901009",35,0,1,0.028035,1,0.005607,1,115.127711480215,1,4.85438095097106,644,1,9.84200000762939,35.1570014953613,0.0280349999666214,0,111.018798828125,-85.6909,22.2328,31.7976926704036,63,63,63,63,61,63,0,9004,1.9064526870154,22,-86,0.001869,51,2024-05-21 11:16:18.001203,644,1.037,0.0011,"aoml_navis",1029.99744982927
"7901009",35,0,1,0.022428,1,0,1,115.079077856028,1,4.85433885116562,646,1,9.84200000762939,35.1570014953613,0.0224280003458261,0,110.971900939941,-85.6909,22.2328,31.7976926704036,63,63,63,63,61,63,0,9004,1.9064526870154,22,-86,0.001869,51,2024-05-21 11:16:18.001203,646,1.037,0.0011,"aoml_navis",1030.00638259923
"7901009",35,0,1,0.026166,1,0.003738,1,115.055018176323,1,4.85429589347012,648,1,9.84099960327148,35.1570014953613,0.0261659994721413,0,110.948699951172,-85.6909,22.2328,31.7976926704036,63,63,63,63,61,63,0,9004,1.9064526870154,22,-86,0.001869,51,2024-05-21 11:16:18.001203,648,1.037,0.0011,"aoml_navis",1030.01549755669
"7901009",35,0,1,0.029904,1,0.007476,1,114.994975785896,1,4.85425661305452,650,1,9.84000015258789,35.1559982299805,0.0299040004611015,0,110.890800476074,-85.6909,22.2328,31.7976926704036,63,63,63,63,61,63,0,9004,1.9064526870154,22,-86,0.001869,51,2024-05-21 11:16:18.001203,650,1.037,0.0011,"aoml_navis",1030.02383239352
"7901009",35,0,1,0.024297,1,0.001869,1,114.953700103876,1,4.85421559959696,652,1,9.83699989318848,35.1549987792969,0.0242970008403063,0,110.850997924805,-85.6909,22.2328,31.7976926704036,63,63,63,63,61,63,0,9004,1.9064526870154,22,-86,0.001869,51,2024-05-21 11:16:18.001203,652,1.037,0.0011,"aoml_navis",1030.03253510519
"7901009",35,0,1,0.024297,1,0.001869,1,114.854462825826,1,4.85416987089039,654,1,9.81999969482422,35.1520004272461,0.0242970008403063,0,110.755302429199,-85.6909,22.2328,31.7976926704036,63,63,63,63,61,63,0,9004,1.9064526870154,22,-86,0.001869,51,2024-05-21 11:16:18.001203,654,1.037,0.0011,"aoml_navis",1030.04223852654
"7901009",35,0,1,0.026166,1,0.003738,1,114.948098573711,1,4.85409701766375,656,1,9.75,35.1440010070801,0.0261659994721413,0,110.845596313477,-85.6909,22.2328,31.7976926704036,63,63,63,63,61,63,0,9004,1.9064526870154,22,-86,0.001869,51,2024-05-21 11:16:18.001203,656,1.037,0.0011,"aoml_navis",1030.05769802402
"7901009",35,0,1,0.029904,1,0.007476,1,114.92881760053,1,4.85404243052505,658,1,9.71399974822998,35.1389999389648,0.0299040004611015,0,110.827003479004,-85.6909,22.2328,31.7976926704036,63,63,63,63,61,63,0,9004,1.9064526870154,22,-86,0.001869,51,2024-05-21 11:16:18.001203,658,1.037,0.0011,"aoml_navis",1030.06928175104
"7901009",35,0,1,0.024297,1,0.001869,1,114.892312713269,1,4.85398388012848,660,1,9.66899967193604,35.132999420166,0.0242970008403063,0,110.791801452637,-85.6909,22.2328,31.7976926704036,63,63,63,63,61,63,0,9004,1.9064526870154,22,-86,0.001869,51,2024-05-21 11:16:18.001203,660,1.037,0.0011,"aoml_navis",1030.08170679538
"7901009",35,0,1,0.028035,1,0.005607,1,114.915850216434,1,4.85392031078743,662,1,9.61800003051758,35.1269989013672,0.0280349999666214,0,110.814498901367,-85.6909,22.2328,31.7976926704036,63,63,63,63,61,63,0,9004,1.9064526870154,22,-86,0.001869,51,2024-05-21 11:16:18.001203,662,1.037,0.0011,"aoml_navis",1030.09519725487
"7901009",35,0,1,0.026166,1,0.003738,1,115.041947939271,1,4.85385769963817,664,1,9.56799983978271,35.1209983825684,0.0261659994721413,0,110.936096191406,-85.6909,22.2328,31.7976926704036,63,63,63,63,61,63,0,9004,1.9064526870154,22,-86,0.001869,51,2024-05-21 11:16:18.001203,664,1.037,0.0011,"aoml_navis",1030.10848471572
"7901009",35,0,1,0.028035,1,0.005607,1,115.080114297344,1,4.85380848065115,666,1,9.55099964141846,35.1189994812012,0.0280349999666214,0,110.972900390625,-85.6909,22.2328,31.7976926704036,63,63,63,63,61,63,0,9004,1.9064526870154,22,-86,0.001869,51,2024-05-21 11:16:18.001203,666,1.037,0.0011,"aoml_navis",1030.1189303063
"7901009",35,0,1,0.026166,1,0.003738,1,115.112884831162,1,4.85376381264384,668,1,9.54800033569336,35.1189994812012,0.0261659994721413,0,111.004501342773,-85.6909,22.2328,31.7976926704036,63,63,63,63,61,63,0,9004,1.9064526870154,22,-86,0.001869,51,2024-05-21 11:16:18.001203,668,1.037,0.0011,"aoml_navis",1030.12841024016
"7901009",35,0,1,0.031773,1,0.009345,1,115.099506035246,1,4.85372280745576,670,1,9.54500007629395,35.1180000305176,0.0317730009555817,0,110.991600036621,-85.6909,22.2328,31.7976926704036,63,63,63,63,61,63,0,9004,1.9064526870154,22,-86,0.001869,51,2024-05-21 11:16:18.001203,670,1.037,0.0011,"aoml_navis",1030.137112964
"7901009",35,0,1,0.024297,1,0.001869,1,115.181740928656,1,4.85366485264028,672,1,9.50899982452393,35.1139984130859,0.0242970008403063,0,111.070899963379,-85.6909,22.2328,31.7976926704036,63,63,63,63,61,63,0,9004,1.9064526870154,22,-86,0.001869,51,2024-05-21 11:16:18.001203,672,1.037,0.0011,"aoml_navis",1030.14941323773
"7901009",35,0,1,0.028035,1,0.005607,1,115.236181788918,1,4.85360018087411,674,1,9.46500015258789,35.1100006103516,0.0280349999666214,0,111.123397827148,-85.6909,22.2328,31.7976926704036,63,63,63,63,61,63,0,9004,1.9064526870154,22,-86,0.001869,51,2024-05-21 11:16:18.001203,674,1.037,0.0011,"aoml_navis",1030.16313945734
"7901009",35,0,1,0.033642,1,0.011214,1,115.263145086661,1,4.85355132766249,676,1,9.44400024414062,35.1069984436035,0.0336420014500618,0,111.149398803711,-85.6909,22.2328,31.7976926704036,63,63,63,63,61,63,0,9004,1.9064526870154,22,-86,0.001869,51,2024-05-21 11:16:18.001203,676,1.037,0.0011,"aoml_navis",1030.17350852
"7901009",35,0,1,0.029904,1,0.007476,1,115.210152079535,1,4.85350669064319,678,1,9.42800045013428,35.1040000915527,0.0299040004611015,0,111.098297119141,-85.6909,22.2328,31.7976926704036,63,63,63,63,61,63,0,9004,1.9064526870154,22,-86,0.001869,51,2024-05-21 11:16:18.001203,678,1.037,0.0011,"aoml_navis",1030.18298288106
"7901009",35,0,1,0.033642,1,0.011214,1,115.30805226917,1,4.85344722090418,680,1,9.39000034332275,35.0999984741211,0.0336420014500618,0,111.19270324707,-85.6909,22.2328,31.7976926704036,63,63,63,63,61,63,0,9004,1.9064526870154,22,-86,0.001869,51,2024-05-21 11:16:18.001203,680,1.037,0.0011,"aoml_navis",1030.19560580871
"7901009",35,0,1,0.026166,1,0.003738,1,115.344865715296,1,4.85339031434182,682,1,9.35499954223633,35.0960006713867,0.0261659994721413,0,111.228202819824,-85.6909,22.2328,31.7976926704036,63,63,63,63,61,63,0,9004,1.9064526870154,22,-86,0.001869,51,2024-05-21 11:16:18.001203,682,1.037,0.0011,"aoml_navis",1030.20768497126
"7901009",35,0,1,0.028035,1,0.005607,1,115.501241765734,1,4.85333064766478,684,1,9.32100009918213,35.0929985046387,0.0280349999666214,0,111.378997802734,-85.6909,22.2328,31.7976926704036,63,63,63,63,61,63,0,9004,1.9064526870154,22,-86,0.001869,51,2024-05-21 11:16:18.001203,684,1.037,0.0011,"aoml_navis",1030.22035030846
"7901009",35,0,1,0.026166,1,0.003738,1,115.488693705224,1,4.85327655773587,686,1,9.29800033569336,35.0909996032715,0.0261659994721413,0,111.366897583008,-85.6909,22.2328,31.7976926704036,63,63,63,63,61,63,0,9004,1.9064526870154,22,-86,0.001869,51,2024-05-21 11:16:18.001203,686,1.037,0.0011,"aoml_navis",1030.23183214858
"7901009",35,0,1,0.026166,1,0.003738,1,115.489730146539,1,4.85323137571507,688,1,9.28999996185303,35.0900001525879,0.0261659994721413,0,111.367897033691,-85.6909,22.2328,31.7976926704036,63,63,63,63,61,63,0,9004,1.9064526870154,22,-86,0.001869,51,2024-05-21 11:16:18.001203,688,1.037,0.0011,"aoml_navis",1030.24142327509
"7901009",35,0,1,0.024297,1,0.001869,1,115.484025763419,1,4.85318599208123,690,1,9.27299976348877,35.0870018005371,0.0242970008403063,0,111.362396240234,-85.6909,22.2328,31.7976926704036,63,63,63,63,61,63,0,9004,1.9064526870154,22,-86,0.001869,51,2024-05-21 11:16:18.001203,690,1.037,0.0011,"aoml_navis",1030.25105737928
"7901009",35,0,1,0.026166,1,0.003738,1,115.495640235569,1,4.85313665121092,692,1,9.26000022888184,35.0859985351562,0.0261659994721413,0,111.373596191406,-85.6909,22.2328,31.7976926704036,63,63,63,63,61,63,0,9004,1.9064526870154,22,-86,0.001869,51,2024-05-21 11:16:18.001203,692,1.037,0.0011,"aoml_navis",1030.26153173586
"7901009",35,0,1,0.028035,1,0.005607,1,115.500830353914,1,4.85309315173864,694,1,9.25399971008301,35.0849990844727,0.0280349999666214,0,111.378601074219,-85.6909,22.2328,31.7976926704036,63,63,63,63,61,63,0,9004,1.9064526870154,22,-86,0.001869,51,2024-05-21 11:16:18.001203,694,1.037,0.0011,"aoml_navis",1030.27076622437
"7901009",35,0,1,0.028035,1,0.005607,1,115.452402435638,1,4.85304881897333,696,1,9.24699974060059,35.0839996337891,0.0280349999666214,0,111.331901550293,-85.6909,22.2328,31.7976926704036,63,63,63,63,61,63,0,9004,1.9064526870154,22,-86,0.001869,51,2024-05-21 11:16:18.001203,696,1.037,0.0011,"aoml_navis",1030.28017778271
"7901009",35,0,1,0.028035,1,0.005607,1,115.474072762081,1,4.85300313908261,698,1,9.23400020599365,35.0820007324219,0.0280349999666214,0,111.352798461914,-85.6909,22.2328,31.7976926704036,63,63,63,63,61,63,0,9004,1.9064526870154,22,-86,0.001869,51,2024-05-21 11:16:18.001203,698,1.037,0.0011,"aoml_navis",1030.2898755069
"7901009",35,0,1,0.028035,1,0.005607,1,115.478534997975,1,4.85295496068524,700,1,9.2180004119873,35.0800018310547,0.0280349999666214,0,111.35710144043,-85.6909,22.2328,31.7976926704036,63,63,63,63,61,63,0,9004,1.9064526870154,22,-86,0.001869,51,2024-05-21 11:16:18.001203,700,1.037,0.0011,"aoml_navis",1030.30010385549
"7901009",35,0,1,0.028035,1,0.005607,1,115.49657382393,1,4.8529016250109,702,1,9.1870002746582,35.076000213623,0.0280349999666214,0,111.374496459961,-85.6909,22.2328,31.7976926704036,63,63,63,63,61,63,0,9004,1.9064526870154,22,-86,0.001869,51,2024-05-21 11:16:18.001203,702,1.037,0.0011,"aoml_navis",1030.31142733885
"7901009",35,0,1,0.024297,1,0.001869,1,115.463700437157,1,4.85285264080132,704,1,9.17000007629395,35.0740013122559,0.0242970008403063,0,111.342796325684,-85.6909,22.2328,31.7976926704036,63,63,63,63,61,63,0,9004,1.9064526870154,22,-86,0.001869,51,2024-05-21 11:16:18.001203,704,1.037,0.0011,"aoml_navis",1030.32182719943
"7901009",35,0,1,0.029904,1,0.007476,1,115.522192121493,1,4.85280185744158,706,1,9.14200019836426,35.0699996948242,0.0299040004611015,0,111.399200439453,-85.6909,22.2328,31.7976926704036,63,63,63,63,61,63,0,9004,1.9064526870154,22,-86,0.001869,51,2024-05-21 11:16:18.001203,706,1.037,0.0011,"aoml_navis",1030.33260926009
"7901009",35,0,1,0.026166,1,0.003738,1,115.564290627153,1,4.8527449363965,708,1,9.11100006103516,35.0670013427734,0.0261659994721413,0,111.439796447754,-85.6909,22.2328,31.7976926704036,63,63,63,63,61,63,0,9004,1.9064526870154,22,-86,0.001869,51,2024-05-21 11:16:18.001203,708,1.037,0.0011,"aoml_navis",1030.34469471063
"7901009",35,0,1,0.029904,1,0.007476,1,115.630456724285,1,4.85268889653357,710,1,9.08100032806396,35.0639991760254,0.0299040004611015,0,111.503601074219,-85.6909,22.2328,31.7976926704036,63,63,63,63,61,63,0,9004,1.9064526870154,22,-86,0.001869,51,2024-05-21 11:16:18.001203,710,1.037,0.0011,"aoml_navis",1030.35659334594
"7901009",35,0,1,0.031773,1,0.009345,1,115.604015603083,1,4.85264909270548,712,1,9.07499980926514,35.0620002746582,0.0317730009555817,0,111.478103637695,-85.6909,22.2328,31.7976926704036,63,63,63,63,61,63,0,9004,1.9064526870154,22,-86,0.001869,51,2024-05-21 11:16:18.001203,712,1.037,0.0011,"aoml_navis",1030.36504484036
"7901009",35,0,1,0.026166,1,0.003738,1,115.617489340189,1,4.85259935017732,714,1,9.05700016021729,35.060001373291,0.0261659994721413,0,111.491096496582,-85.6909,22.2328,31.7976926704036,63,63,63,63,61,63,0,9004,1.9064526870154,22,-86,0.001869,51,2024-05-21 11:16:18.001203,714,1.037,0.0011,"aoml_navis",1030.37560680077
"7901009",35,0,1,0.028035,1,0.005607,1,115.646739138239,1,4.85255046038153,716,1,9.03999996185303,35.0579986572266,0.0280349999666214,0,111.519302368164,-85.6909,22.2328,31.7976926704036,63,63,63,63,61,63,0,9004,1.9064526870154,22,-86,0.001869,51,2024-05-21 11:16:18.001203,716,1.037,0.0011,"aoml_navis",1030.38598790931
"7901009",35,0,1,0.026166,1,0.003738,1,115.695372762426,1,4.85249365906752,718,1,9.00899982452393,35.0550003051758,0.0261659994721413,0,111.566200256348,-85.6909,22.2328,31.7976926704036,63,63,63,63,61,63,0,9004,1.9064526870154,22,-86,0.001869,51,2024-05-21 11:16:18.001203,718,1.037,0.0011,"aoml_navis",1030.39804918793
"7901009",35,0,1,0.028035,1,0.005607,1,115.694027762245,1,4.85244681185771,720,1,8.98999977111816,35.0519981384277,0.0280349999666214,0,111.564903259277,-85.6909,22.2328,31.7976926704036,63,63,63,63,61,63,0,9004,1.9064526870154,22,-86,0.001869,51,2024-05-21 11:16:18.001203,720,1.037,0.0011,"aoml_navis",1030.4079970092
"7901009",35,0,1,0.029904,1,0.007476,1,115.718079530185,1,4.85239666568655,722,1,8.96700000762939,35.048999786377,0.0299040004611015,0,111.588096618652,-85.6909,22.2328,31.7976926704036,63,63,63,63,61,63,0,9004,1.9064526870154,22,-86,0.001869,51,2024-05-21 11:16:18.001203,722,1.037,0.0011,"aoml_navis",1030.41864556482
"7901009",35,0,1,0.026166,1,0.003738,1,115.700974292591,1,4.85234900989483,724,1,8.94699954986572,35.0460014343262,0.0261659994721413,0,111.571601867676,-85.6909,22.2328,31.7976926704036,63,63,63,63,61,63,0,9004,1.9064526870154,22,-86,0.001869,51,2024-05-21 11:16:18.001203,724,1.037,0.0011,"aoml_navis",1030.42876549153
"7901009",35,0,1,0.031773,1,0.009345,1,115.828211309699,1,4.8522881535825,726,1,8.90200042724609,35.0410003662109,0.0317730009555817,0,111.694297790527,-85.6909,22.2328,31.7976926704036,63,63,63,63,61,63,0,9004,1.9064526870154,22,-86,0.001869,51,2024-05-21 11:16:18.001203,726,1.037,0.0011,"aoml_navis",1030.44168889855
"7901009",35,0,1,0.031773,1,0.009345,1,115.971216475987,1,4.85221547929723,728,1,8.83800029754639,35.0349998474121,0.0317730009555817,0,111.83219909668,-85.6909,22.2328,31.7976926704036,63,63,63,63,61,63,0,9004,1.9064526870154,22,-86,0.001869,51,2024-05-21 11:16:18.001203,728,1.037,0.0011,"aoml_navis",1030.45712238736
"7901009",35,0,1,0.029904,1,0.007476,1,116.023584453616,1,4.85215809810999,730,1,8.79699993133545,35.0299987792969,0.0299040004611015,0,111.882698059082,-85.6909,22.2328,31.7976926704036,63,63,63,63,61,63,0,9004,1.9064526870154,22,-86,0.001869,51,2024-05-21 11:16:18.001203,730,1.037,0.0011,"aoml_navis",1030.46930848102
"7901009",35,0,1,0.028035,1,0.005607,1,116.028980277871,1,4.85211385963318,732,1,8.78999996185303,35.0289993286133,0.0280349999666214,0,111.887901306152,-85.6909,22.2328,31.7976926704036,63,63,63,63,61,63,0,9004,1.9064526870154,22,-86,0.001869,51,2024-05-21 11:16:18.001203,732,1.037,0.0011,"aoml_navis",1030.47870364237
"7901009",35,0,1,0.031773,1,0.009345,1,116.082487549772,1,4.85207002195768,734,1,8.7790002822876,35.0270004272461,0.0317730009555817,0,111.939498901367,-85.6909,22.2328,31.7976926704036,63,63,63,63,61,63,0,9004,1.9064526870154,22,-86,0.001869,51,2024-05-21 11:16:18.001203,734,1.037,0.0011,"aoml_navis",1030.48801385241
"7901009",35,0,1,0.028035,1,0.005607,1,116.061853664644,1,4.85202170737895,736,1,8.76700019836426,35.0260009765625,0.0280349999666214,0,111.91960144043,-85.6909,22.2328,31.7976926704036,63,63,63,63,61,63,0,9004,1.9064526870154,22,-86,0.001869,51,2024-05-21 11:16:18.001203,736,1.037,0.0011,"aoml_navis",1030.49827505842
"7901009",35,0,1,0.024297,1,0.001869,1,116.108208700289,1,4.85197381444731,738,1,8.75100040435791,35.023998260498,0.0242970008403063,0,111.964302062988,-85.6909,22.2328,31.7976926704036,63,63,63,63,61,63,0,9004,1.9064526870154,22,-86,0.001869,51,2024-05-21 11:16:18.001203,738,1.037,0.0011,"aoml_navis",1030.50844691534
"7901009",35,0,1,0.028035,1,0.005607,1,116.183283445678,1,4.85192061982508,740,1,8.72399997711182,35.0209999084473,0.0280349999666214,0,112.036697387695,-85.6909,22.2328,31.7976926704036,63,63,63,63,61,63,0,9004,1.9064526870154,22,-86,0.001869,51,2024-05-21 11:16:18.001203,740,1.037,0.0011,"aoml_navis",1030.51974502012
"7901009",35,0,1,0.028035,1,0.005607,1,116.270289133847,1,4.8518695062109,742,1,8.69499969482422,35.0169982910156,0.0280349999666214,0,112.120597839355,-85.6909,22.2328,31.7976926704036,63,63,63,63,61,63,0,9004,1.9064526870154,22,-86,0.001869,51,2024-05-21 11:16:18.001203,742,1.037,0.0011,"aoml_navis",1030.53060136912
"7901009",35,0,1,0.031773,1,0.009345,1,116.327744376867,1,4.8518110822528,744,1,8.66600036621094,35.0149993896484,0.0317730009555817,0,112.176002502441,-85.6909,22.2328,31.7976926704036,63,63,63,63,61,63,0,9004,1.9064526870154,22,-86,0.001869,51,2024-05-21 11:16:18.001203,744,1.037,0.0011,"aoml_navis",1030.54301068919
"7901009",35,0,1,0.029904,1,0.007476,1,116.382185237128,1,4.85177014483716,746,1,8.6540002822876,35.0120010375977,0.0299040004611015,0,112.228500366211,-85.6909,22.2328,31.7976926704036,63,63,63,63,61,63,0,9004,1.9064526870154,22,-86,0.001869,51,2024-05-21 11:16:18.001203,746,1.037,0.0011,"aoml_navis",1030.55170602436
"7901009",35,0,1,0.031773,1,0.009345,1,116.577764086955,1,4.8517053413581,748,1,8.60799980163574,35.007999420166,0.0317730009555817,0,112.417098999023,-85.6909,22.2328,31.7976926704036,63,63,63,63,61,63,0,9004,1.9064526870154,22,-86,0.001869,51,2024-05-21 11:16:18.001203,748,1.037,0.0011,"aoml_navis",1030.56547094436
"7901009",35,0,1,0.031773,1,0.009345,1,116.720460694378,1,4.85164303552079,750,1,8.5649995803833,35.0040016174316,0.0317730009555817,0,112.554702758789,-85.6909,22.2328,31.7976926704036,63,63,63,63,61,63,0,9004,1.9064526870154,22,-86,0.001869,51,2024-05-21 11:16:18.001203,750,1.037,0.0011,"aoml_navis",1030.57870568651
"7901009",35,0,1,0.029904,1,0.007476,1,116.842412651952,1,4.85158360224338,752,1,8.52999973297119,35.0009994506836,0.0299040004611015,0,112.672302246094,-85.6909,22.2328,31.7976926704036,63,63,63,63,61,63,0,9004,1.9064526870154,22,-86,0.001869,51,2024-05-21 11:16:18.001203,752,1.037,0.0011,"aoml_navis",1030.59133056843
"7901009",35,0,1,0.026166,1,0.003738,1,116.897478541709,1,4.85154030585992,754,1,8.51500034332275,34.9980010986328,0.0261659994721413,0,112.725402832031,-85.6909,22.2328,31.7976926704036,63,63,63,63,61,63,0,9004,1.9064526870154,22,-86,0.001869,51,2024-05-21 11:16:18.001203,754,1.037,0.0011,"aoml_navis",1030.6005278284
"7901009",35,0,1,0.031773,1,0.009345,1,117.077502860033,1,4.85147546549661,755.900024414062,1,8.46599960327148,34.9939994812012,0.0317730009555817,0,112.899002075195,-85.6909,22.2328,31.7976926704036,63,63,63,63,61,63,0,9004,1.9064526870154,22,-86,0.001869,51,2024-05-21 11:16:18.001203,755.900024414062,1.037,0.0011,"aoml_navis",1030.61430188809
"7901009",35,0,1,0.026166,1,0.003738,1,117.210135701397,1,4.85142097017508,757.900024414062,1,8.4370002746582,34.9910011291504,0.0261659994721413,0,113.026901245117,-85.6909,22.2328,31.7976926704036,63,63,63,63,61,63,0,9004,1.9064526870154,22,-86,0.001869,51,2024-05-21 11:16:18.001203,757.900024414062,1.037,0.0011,"aoml_navis",1030.62587863192
"7901009",35,0,1,0.028035,1,0.005607,1,117.328147599618,1,4.85136601241494,760,1,8.40999984741211,34.9879989624023,0.0280349999666214,0,113.140701293945,-85.6909,22.2328,31.7976926704036,63,63,63,63,61,63,0,9004,1.9064526870154,22,-86,0.001869,51,2024-05-21 11:16:18.001203,760,1.037,0.0011,"aoml_navis",1030.63755387755
"7901009",35,0,1,0.026166,1,0.003738,1,117.453414587049,1,4.85130678251458,762,1,8.375,34.9850006103516,0.0261659994721413,0,113.261497497559,-85.6909,22.2328,31.7976926704036,63,63,63,63,61,63,0,9004,1.9064526870154,22,-86,0.001869,51,2024-05-21 11:16:18.001203,762,1.037,0.0011,"aoml_navis",1030.6501369943
"7901009",35,0,1,0.028035,1,0.005607,1,117.521447860903,1,4.85125590958569,764,1,8.35499954223633,34.9830017089844,0.0280349999666214,0,113.327102661133,-85.6909,22.2328,31.7976926704036,63,63,63,63,61,63,0,9004,1.9064526870154,22,-86,0.001869,51,2024-05-21 11:16:18.001203,764,1.037,0.0011,"aoml_navis",1030.66094495663
"7901009",35,0,1,0.028035,1,0.005607,1,117.701266473317,1,4.85118928135939,766,1,8.30599975585938,34.9790000915527,0.0280349999666214,0,113.500503540039,-85.6909,22.2328,31.7976926704036,63,63,63,63,61,63,0,9004,1.9064526870154,22,-86,0.001869,51,2024-05-21 11:16:18.001203,766,1.037,0.0011,"aoml_navis",1030.67510047741
"7901009",35,0,1,0.028035,1,0.005607,1,117.797188721509,1,4.851148809532,768,1,8.29899978637695,34.9770011901855,0.0280349999666214,0,113.593002319336,-85.6909,22.2328,31.7976926704036,63,63,63,63,61,63,0,9004,1.9064526870154,22,-86,0.001869,51,2024-05-21 11:16:18.001203,768,1.037,0.0011,"aoml_navis",1030.68369912206
"7901009",35,0,1,0.028035,1,0.005607,1,117.911260560377,1,4.85109641744207,770,1,8.27700042724609,34.9749984741211,0.0280349999666214,0,113.703002929688,-85.6909,22.2328,31.7976926704036,63,63,63,63,61,63,0,9004,1.9064526870154,22,-86,0.001869,51,2024-05-21 11:16:18.001203,770,1.037,0.0011,"aoml_navis",1030.69483055883
"7901009",35,0,1,0.028035,1,0.005607,1,118.085477642626,1,4.85103548185321,772,1,8.23499965667725,34.9710006713867,0.0280349999666214,0,113.871002197266,-85.6909,22.2328,31.7976926704036,63,63,63,63,61,63,0,9004,1.9064526870154,22,-86,0.001869,51,2024-05-21 11:16:18.001203,772,1.037,0.0011,"aoml_navis",1030.70777748463
"7901009",35,0,1,0.028035,1,0.005607,1,118.265082637364,1,4.85097017566843,774,1,8.19200038909912,34.9679985046387,0.0280349999666214,0,114.04419708252,-85.6909,22.2328,31.7976926704036,63,63,63,63,61,63,0,9004,1.9064526870154,22,-86,0.001869,51,2024-05-21 11:16:18.001203,774,1.037,0.0011,"aoml_navis",1030.72165338783
"7901009",35,0,1,0.031773,1,0.009345,1,118.317458526759,1,4.85092418789734,776,1,8.17800045013428,34.9659996032715,0.0317730009555817,0,114.094703674316,-85.6909,22.2328,31.7976926704036,63,63,63,63,61,63,0,9004,1.9064526870154,22,-86,0.001869,51,2024-05-21 11:16:18.001203,776,1.037,0.0011,"aoml_navis",1030.73142484366
"7901009",35,0,1,0.031773,1,0.009345,1,118.383616712126,1,4.85088057870099,778,1,8.16699981689453,34.9640007019043,0.0317730009555817,0,114.158500671387,-85.6909,22.2328,31.7976926704036,63,63,63,63,61,63,0,9004,1.9064526870154,22,-86,0.001869,51,2024-05-21 11:16:18.001203,778,1.037,0.0011,"aoml_navis",1030.74069107241
"7901009",35,0,1,0.028035,1,0.005607,1,118.55887023569,1,4.85081801746815,780,1,8.13199996948242,34.9620018005371,0.0280349999666214,0,114.327499389648,-85.6909,22.2328,31.7976926704036,63,63,63,63,61,63,0,9004,1.9064526870154,22,-86,0.001869,51,2024-05-21 11:16:18.001203,780,1.037,0.0011,"aoml_navis",1030.75398458459
"7901009",35,0,1,0.028035,1,0.005607,1,118.624617009237,1,4.85076655321358,782,1,8.11100006103516,34.9599990844727,0.0280349999666214,0,114.390899658203,-85.6909,22.2328,31.7976926704036,63,63,63,63,61,63,0,9004,1.9064526870154,22,-86,0.001869,51,2024-05-21 11:16:18.001203,782,1.037,0.0011,"aoml_navis",1030.76492037894
"7901009",35,0,1,0.029904,1,0.007476,1,118.654278219107,1,4.85072245459558,784,1,8.10400009155273,34.9589996337891,0.0299040004611015,0,114.419502258301,-85.6909,22.2328,31.7976926704036,63,63,63,63,61,63,0,9004,1.9064526870154,22,-86,0.001869,51,2024-05-21 11:16:18.001203,784,1.037,0.0011,"aoml_navis",1030.77429121161
"7901009",35,0,1,0.029904,1,0.007476,1,118.723031463646,1,4.85067362989548,786,1,8.09099960327148,34.9580001831055,0.0299040004611015,0,114.485801696777,-85.6909,22.2328,31.7976926704036,63,63,63,63,61,63,0,9004,1.9064526870154,22,-86,0.001869,51,2024-05-21 11:16:18.001203,786,1.037,0.0011,"aoml_navis",1030.78466652223
"7901009",35,0,1,0.029904,1,0.007476,1,118.830876742853,1,4.85062533095419,788,1,8.07400035858154,34.9560012817383,0.0299040004611015,0,114.589797973633,-85.6909,22.2328,31.7976926704036,63,63,63,63,61,63,0,9004,1.9064526870154,22,-86,0.001869,51,2024-05-21 11:16:18.001203,788,1.037,0.0011,"aoml_navis",1030.79493031395
"7901009",35,0,1,0.028035,1,0.005607,1,118.955732318465,1,4.85057548277681,790,1,8.05500030517578,34.9539985656738,0.0280349999666214,0,114.71019744873,-85.6909,22.2328,31.7976926704036,63,63,63,63,61,63,0,9004,1.9064526870154,22,-86,0.001869,51,2024-05-21 11:16:18.001203,790,1.037,0.0011,"aoml_navis",1030.80552354123
"7901009",35,0,1,0.031773,1,0.009345,1,119.026669210356,1,4.85052353704373,792,1,8.03800010681152,34.9529991149902,0.0317730009555817,0,114.778602600098,-85.6909,22.2328,31.7976926704036,63,63,63,63,61,63,0,9004,1.9064526870154,22,-86,0.001869,51,2024-05-21 11:16:18.001203,792,1.037,0.0011,"aoml_navis",1030.81656275136
"7901009",35,0,1,0.028035,1,0.005607,1,119.156398433682,1,4.85047919620569,794,1,8.02600002288818,34.951000213623,0.0280349999666214,0,114.903701782227,-85.6909,22.2328,31.7976926704036,63,63,63,63,61,63,0,9004,1.9064526870154,22,-86,0.001869,51,2024-05-21 11:16:18.001203,794,1.037,0.0011,"aoml_navis",1030.82598599975
"7901009",35,0,1,0.029904,1,0.007476,1,119.431308558882,1,4.85042466014224,796,1,8.00100040435791,34.9490013122559,0.0299040004611015,0,115.168800354004,-85.6909,22.2328,31.7976926704036,63,63,63,63,61,63,0,9004,1.9064526870154,22,-86,0.001869,51,2024-05-21 11:16:18.001203,796,1.037,0.0011,"aoml_navis",1030.83757615841
"7901009",35,0,1,0.029904,1,0.007476,1,119.739922806261,1,4.85035143577256,798,1,7.93800020217896,34.9440002441406,0.0299040004611015,0,115.466400146484,-85.6909,22.2328,31.7976926704036,63,63,63,63,61,63,0,9004,1.9064526870154,22,-86,0.001869,51,2024-05-21 11:16:18.001203,798,1.037,0.0011,"aoml_navis",1030.85313841874
"7901009",35,0,1,0.026166,1,0.003738,1,119.975946602703,1,4.85028640096856,800,1,7.8899998664856,34.939998626709,0.0261659994721413,0,115.694000244141,-85.6909,22.2328,31.7976926704036,63,63,63,63,61,63,0,9004,1.9064526870154,22,-86,0.001869,51,2024-05-21 11:16:18.001203,800,1.037,0.0011,"aoml_navis",1030.86696055753
"7901009",35,0,1,0.031773,1,0.009345,1,120.153170155944,1,4.85022322273381,802,1,7.84899997711182,34.9370002746582,0.0317730009555817,0,115.864898681641,-85.6909,22.2328,31.7976926704036,63,63,63,63,61,63,0,9004,1.9064526870154,22,-86,0.001869,51,2024-05-21 11:16:18.001203,802,1.037,0.0011,"aoml_navis",1030.88038846628
"7901009",35,0,1,0.026166,1,0.003738,1,120.221092665077,1,4.85017762295234,804,1,7.84000015258789,34.9360008239746,0.0261659994721413,0,115.930397033691,-85.6909,22.2328,31.7976926704036,63,63,63,63,61,63,0,9004,1.9064526870154,22,-86,0.001869,51,2024-05-21 11:16:18.001203,804,1.037,0.0011,"aoml_navis",1030.89008046605
"7901009",35,0,1,0.029904,1,0.007476,1,120.283524408766,1,4.85012891850709,806,1,7.8270001411438,34.935001373291,0.0299040004611015,0,115.990600585938,-85.6909,22.2328,31.7976926704036,63,63,63,63,61,63,0,9004,1.9064526870154,22,-86,0.001869,51,2024-05-21 11:16:18.001203,806,1.037,0.0011,"aoml_navis",1030.90043254748
"7901009",35,0,1,0.028035,1,0.005607,1,120.390024687792,1,4.85008390324023,808,1,7.81400012969971,34.9329986572266,0.0280349999666214,0,116.093299865723,-85.6909,22.2328,31.7976926704036,63,63,63,63,61,63,0,9004,1.9064526870154,22,-86,0.001869,51,2024-05-21 11:16:18.001203,808,1.037,0.0011,"aoml_navis",1030.91000068259
"7901009",35,0,1,0.028035,1,0.005607,1,120.563616740545,1,4.85002879749991,810,1,7.78800010681152,34.9309997558594,0.0280349999666214,0,116.260696411133,-85.6909,22.2328,31.7976926704036,63,63,63,63,61,63,0,9004,1.9064526870154,22,-86,0.001869,51,2024-05-21 11:16:18.001203,810,1.037,0.0011,"aoml_navis",1030.92171382104
"7901009",35,0,1,0.029904,1,0.007476,1,120.691692404825,1,4.84997836371648,812,1,7.76800012588501,34.9290008544922,0.0299040004611015,0,116.384201049805,-85.6909,22.2328,31.7976926704036,63,63,63,63,61,63,0,9004,1.9064526870154,22,-86,0.001869,51,2024-05-21 11:16:18.001203,812,1.037,0.0011,"aoml_navis",1030.93243413329
"7901009",35,0,1,0.029904,1,0.007476,1,120.956230205101,1,4.84992795867815,814,1,7.7480001449585,34.9269981384277,0.0299040004611015,0,116.639297485352,-85.6909,22.2328,31.7976926704036,63,63,63,63,61,63,0,9004,1.9064526870154,22,-86,0.001869,51,2024-05-21 11:16:18.001203,814,1.037,0.0011,"aoml_navis",1030.94314855818
"7901009",35,0,1,0.031773,1,0.009345,1,121.301555045652,1,4.8498596025161,816,1,7.69999980926514,34.923999786377,0.0317730009555817,0,116.972297668457,-85.6909,22.2328,31.7976926704036,63,63,63,63,61,63,0,9004,1.9064526870154,22,-86,0.001869,51,2024-05-21 11:16:18.001203,816,1.037,0.0011,"aoml_navis",1030.95767914725
"7901009",35,0,1,0.028035,1,0.005607,1,121.506469779087,1,4.84979349011302,818,1,7.65000009536743,34.9199981689453,0.0280349999666214,0,117.169898986816,-85.6909,22.2328,31.7976926704036,63,63,63,63,61,63,0,9004,1.9064526870154,22,-86,0.001869,51,2024-05-21 11:16:18.001203,818,1.037,0.0011,"aoml_navis",1030.9717331662
"7901009",35,0,1,0.029904,1,0.007476,1,121.651033563231,1,4.84974410323354,820,1,7.63600015640259,34.9189987182617,0.0299040004611015,0,117.309303283691,-85.6909,22.2328,31.7976926704036,63,63,63,63,61,63,0,9004,1.9064526870154,22,-86,0.001869,51,2024-05-21 11:16:18.001203,820,1.037,0.0011,"aoml_navis",1030.98223196277
"7901009",35,0,1,0.029904,1,0.007476,1,121.869010621952,1,4.84969685679238,822,1,7.61999988555908,34.9169998168945,0.0299040004611015,0,117.519500732422,-85.6909,22.2328,31.7976926704036,63,63,63,63,61,63,0,9004,1.9064526870154,22,-86,0.001869,51,2024-05-21 11:16:18.001203,822,1.037,0.0011,"aoml_navis",1030.99227593929
"7901009",35,0,1,0.029904,1,0.007476,1,122.125565450567,1,4.84963657843847,824,1,7.58699989318848,34.9150009155273,0.0299040004611015,0,117.766899108887,-85.6909,22.2328,31.7976926704036,63,63,63,63,61,63,0,9004,1.9064526870154,22,-86,0.001869,51,2024-05-21 11:16:18.001203,824,1.037,0.0011,"aoml_navis",1031.00509061443
"7901009",35,0,1,0.028035,1,0.005607,1,122.326231565784,1,4.84958032880397,826,1,7.56400012969971,34.9140014648438,0.0280349999666214,0,117.960403442383,-85.6909,22.2328,31.7976926704036,63,63,63,63,61,63,0,9004,1.9064526870154,22,-86,0.001869,51,2024-05-21 11:16:18.001203,826,1.037,0.0011,"aoml_navis",1031.01704910477
"7901009",35,0,1,0.028035,1,0.005607,1,122.487584116891,1,4.8495309984892,828,1,7.55000019073486,34.9129981994629,0.0280349999666214,0,118.115997314453,-85.6909,22.2328,31.7976926704036,63,63,63,63,61,63,0,9004,1.9064526870154,22,-86,0.001869,51,2024-05-21 11:16:18.001203,828,1.037,0.0011,"aoml_navis",1031.02753679844
"7901009",35,0,1,0.026166,1,0.003738,1,122.727136560867,1,4.84946851786265,830,1,7.51399993896484,34.9109992980957,0.0261659994721413,0,118.34700012207,-85.6909,22.2328,31.7976926704036,63,63,63,63,61,63,0,9004,1.9064526870154,22,-86,0.001869,51,2024-05-21 11:16:18.001203,830,1.037,0.0011,"aoml_navis",1031.04082057299
"7901009",35,0,1,0.029904,1,0.007476,1,122.949781561392,1,4.84941676502955,832,1,7.49200010299683,34.9090003967285,0.0299040004611015,0,118.561698913574,-85.6909,22.2328,31.7976926704036,63,63,63,63,61,63,0,9004,1.9064526870154,22,-86,0.001869,51,2024-05-21 11:16:18.001203,832,1.037,0.0011,"aoml_navis",1031.05182381031
"7901009",35,0,1,0.029904,1,0.007476,1,123.162884972399,1,4.84935665195312,834,1,7.45900011062622,34.9070014953613,0.0299040004611015,0,118.767196655273,-85.6909,22.2328,31.7976926704036,63,63,63,63,61,63,0,9004,1.9064526870154,22,-86,0.001869,51,2024-05-21 11:16:18.001203,834,1.037,0.0011,"aoml_navis",1031.06460482468
"7901009",35,0,1,0.031773,1,0.009345,1,123.285461959469,1,4.84930433039855,836,1,7.44099998474121,34.9059982299805,0.0317730009555817,0,118.885398864746,-85.6909,22.2328,31.7976926704036,63,63,63,63,61,63,0,9004,1.9064526870154,22,-86,0.001869,51,2024-05-21 11:16:18.001203,836,1.037,0.0011,"aoml_navis",1031.07572949316
"7901009",35,0,1,0.028035,1,0.005607,1,123.379311325029,1,4.8492573276951,838,1,7.42999982833862,34.9049987792969,0.0280349999666214,0,118.975898742676,-85.6909,22.2328,31.7976926704036,63,63,63,63,61,63,0,9004,1.9064526870154,22,-86,0.001869,51,2024-05-21 11:16:18.001203,838,1.037,0.0011,"aoml_navis",1031.08572346614
"7901009",35,0,1,0.028035,1,0.005607,1,123.559541349263,1,4.84921032964408,840,1,7.41900014877319,34.9039993286133,0.0280349999666214,0,119.149696350098,-85.6909,22.2328,31.7976926704036,63,63,63,63,61,63,0,9004,1.9064526870154,22,-86,0.001869,51,2024-05-21 11:16:18.001203,840,1.037,0.0011,"aoml_navis",1031.09571664362
"7901009",35,0,1,0.031773,1,0.009345,1,123.790802262712,1,4.84916485476474,842,1,7.40999984741211,34.9029998779297,0.0317730009555817,0,119.372703552246,-85.6909,22.2328,31.7976926704036,63,63,63,63,61,63,0,9004,1.9064526870154,22,-86,0.001869,51,2024-05-21 11:16:18.001203,842,1.037,0.0011,"aoml_navis",1031.10538613408
"7901009",35,0,1,0.029904,1,0.007476,1,124.111648099971,1,4.84910280810817,844,1,7.38399982452393,34.9029998779297,0.0299040004611015,0,119.682098388672,-85.6909,22.2328,31.7976926704036,63,63,63,63,61,63,0,9004,1.9064526870154,22,-86,0.001869,51,2024-05-21 11:16:18.001203,844,1.037,0.0011,"aoml_navis",1031.11857963488
"7901009",35,0,1,0.033642,1,0.011214,1,124.42617243638,1,4.84904673142527,846,1,7.36100006103516,34.9020004272461,0.0336420014500618,0,119.985397338867,-85.6909,22.2328,31.7976926704036,63,63,63,63,61,63,0,9004,1.9064526870154,22,-86,0.001869,51,2024-05-21 11:16:18.001203,846,1.037,0.0011,"aoml_navis",1031.1305039806
"7901009",35,0,1,0.031773,1,0.009345,1,124.693930325324,1,4.84898019386461,848,1,7.3289999961853,34.9020004272461,0.0317730009555817,0,120.243598937988,-85.6909,22.2328,31.7976926704036,63,63,63,63,61,63,0,9004,1.9064526870154,22,-86,0.001869,51,2024-05-21 11:16:18.001203,848,1.037,0.0011,"aoml_navis",1031.14465312242
"7901009",35,0,1,0.029904,1,0.007476,1,124.902160088617,1,4.84893550178166,850,1,7.32100009918213,34.9010009765625,0.0299040004611015,0,120.444396972656,-85.6909,22.2328,31.7976926704036,63,63,63,63,61,63,0,9004,1.9064526870154,22,-86,0.001869,51,2024-05-21 11:16:18.001203,850,1.037,0.0011,"aoml_navis",1031.15415706454
"7901009",35,0,1,0.029904,1,0.007476,1,125.21503086598,1,4.84887117433243,852,1,7.28700017929077,34.9000015258789,0.0299040004611015,0,120.746101379395,-85.6909,22.2328,31.7976926704036,63,63,63,63,61,63,0,9004,1.9064526870154,22,-86,0.001869,51,2024-05-21 11:16:18.001203,852,1.037,0.0011,"aoml_navis",1031.16783684986
"7901009",35,0,1,0.028035,1,0.005607,1,125.390078683635,1,4.84881829508736,854,1,7.27299976348877,34.9000015258789,0.0280349999666214,0,120.914901733398,-85.6909,22.2328,31.7976926704036,63,63,63,63,61,63,0,9004,1.9064526870154,22,-86,0.001869,51,2024-05-21 11:16:18.001203,854,1.037,0.0011,"aoml_navis",1031.17908234792
"7901009",35,0,1,0.033642,1,0.011214,1,125.662710220293,1,4.84876617706963,856,1,7.26000022888184,34.9000015258789,0.0336420014500618,0,121.177803039551,-85.6909,22.2328,31.7976926704036,63,63,63,63,61,63,0,9004,1.9064526870154,22,-86,0.001869,51,2024-05-21 11:16:18.001203,856,1.037,0.0011,"aoml_navis",1031.19016620054
"7901009",35,0,1,0.031773,1,0.009345,1,125.944044699298,1,4.84871029864424,858,1,7.24200010299683,34.9000015258789,0.0317730009555817,0,121.449096679688,-85.6909,22.2328,31.7976926704036,63,63,63,63,61,63,0,9004,1.9064526870154,22,-86,0.001869,51,2024-05-21 11:16:18.001203,858,1.037,0.0011,"aoml_navis",1031.20205003752
"7901009",35,0,1,0.03738,1,0.014952,1,126.316127131682,1,4.84865067046338,860,1,7.2189998626709,34.9000015258789,0.0373799987137318,0,121.807899475098,-85.6909,22.2328,31.7976926704036,63,63,63,63,61,63,0,9004,1.9064526870154,22,-86,0.001869,51,2024-05-21 11:16:18.001203,860,1.037,0.0011,"aoml_navis",1031.21473164866
"7901009",35,0,1,0.029904,1,0.007476,1,126.688620975886,1,4.84860075900536,862,1,7.2039999961853,34.898998260498,0.0299040004611015,0,122.167098999023,-85.6909,22.2328,31.7976926704036,63,63,63,63,61,63,0,9004,1.9064526870154,22,-86,0.001869,51,2024-05-21 11:16:18.001203,862,1.037,0.0011,"aoml_navis",1031.22534696499
"7901009",35,0,1,0.031773,1,0.009345,1,127.250063610201,1,4.84853733076246,864,1,7.1710000038147,34.8979988098145,0.0317730009555817,0,122.708503723145,-85.6909,22.2328,31.7976926704036,63,63,63,63,61,63,0,9004,1.9064526870154,22,-86,0.001869,51,2024-05-21 11:16:18.001203,864,1.037,0.0011,"aoml_navis",1031.23883738639
"7901009",35,0,1,0.026166,1,0.003738,1,127.719618996868,1,4.84844864567431,866,1,7.11399984359741,34.898998260498,0.0261659994721413,0,123.16130065918,-85.6909,22.2328,31.7976926704036,63,63,63,63,61,63,0,9004,1.9064526870154,22,-86,0.001869,51,2024-05-21 11:16:18.001203,866,1.037,0.0011,"aoml_navis",1031.2577002256
"7901009",35,0,1,0.028035,1,0.005607,1,127.981775355647,1,4.8483995239757,868,1,7.09999990463257,34.8979988098145,0.0280349999666214,0,123.414100646973,-85.6909,22.2328,31.7976926704036,63,63,63,63,61,63,0,9004,1.9064526870154,22,-86,0.001869,51,2024-05-21 11:16:18.001203,868,1.037,0.0011,"aoml_navis",1031.26814844252
"7901009",35,0,1,0.029904,1,0.007476,1,128.397301293872,1,4.84834897702045,870,1,7.08900022506714,34.8979988098145,0.0299040004611015,0,123.814796447754,-85.6909,22.2328,31.7976926704036,63,63,63,63,61,63,0,9004,1.9064526870154,22,-86,0.001869,51,2024-05-21 11:16:18.001203,870,1.037,0.0011,"aoml_navis",1031.27890003346
"7901009",35,0,1,0.033642,1,0.011214,1,128.917990422708,1,4.84826792269109,872,1,7.04199981689453,34.898998260498,0.0336420014500618,0,124.316902160645,-85.6909,22.2328,31.7976926704036,63,63,63,63,61,63,0,9004,1.9064526870154,22,-86,0.001869,51,2024-05-21 11:16:18.001203,872,1.037,0.0011,"aoml_navis",1031.29614116389
"7901009",35,0,1,0.026166,1,0.003738,1,129.194664871675,1,4.84820706074415,874,1,7.02699995040894,34.9010009765625,0.0261659994721413,0,124.583702087402,-85.6909,22.2328,31.7976926704036,63,63,63,63,61,63,0,9004,1.9064526870154,22,-86,0.001869,51,2024-05-21 11:16:18.001203,874,1.037,0.0011,"aoml_navis",1031.30908753566
"7901009",35,0,1,0.026166,1,0.003738,1,129.472992879687,1,4.84814324646423,876,1,7.00799989700317,34.9029998779297,0.0261659994721413,0,124.852096557617,-85.6909,22.2328,31.7976926704036,63,63,63,63,61,63,0,9004,1.9064526870154,22,-86,0.001869,51,2024-05-21 11:16:18.001203,876,1.037,0.0011,"aoml_navis",1031.32266226798
"7901009",35,0,1,0.029904,1,0.007476,1,129.646173520621,1,4.84809566286706,878,1,6.99599981307983,34.9020004272461,0.0299040004611015,0,125.019096374512,-85.6909,22.2328,31.7976926704036,63,63,63,63,61,63,0,9004,1.9064526870154,22,-86,0.001869,51,2024-05-21 11:16:18.001203,878,1.037,0.0011,"aoml_navis",1031.33278460168
"7901009",35,0,1,0.028035,1,0.005607,1,129.885417405731,1,4.84804961147045,880,1,6.99100017547607,34.9020004272461,0.0280349999666214,0,125.249801635742,-85.6909,22.2328,31.7976926704036,63,63,63,63,61,63,0,9004,1.9064526870154,22,-86,0.001869,51,2024-05-21 11:16:18.001203,880,1.037,0.0011,"aoml_navis",1031.34258118358
"7901009",35,0,1,0.028035,1,0.005607,1,130.2170548915,1,4.84799172003313,882,1,6.97499990463257,34.9029998779297,0.0280349999666214,0,125.569602966309,-85.6909,22.2328,31.7976926704036,63,63,63,63,61,63,0,9004,1.9064526870154,22,-86,0.001869,51,2024-05-21 11:16:18.001203,882,1.037,0.0011,"aoml_navis",1031.35489677896
"7901009",35,0,1,0.029904,1,0.007476,1,130.645128890235,1,4.84792790523815,884,1,6.95100021362305,34.9039993286133,0.0299040004611015,0,125.982398986816,-85.6909,22.2328,31.7976926704036,63,63,63,63,61,63,0,9004,1.9064526870154,22,-86,0.001869,51,2024-05-21 11:16:18.001203,884,1.037,0.0011,"aoml_navis",1031.36847282682
"7901009",35,0,1,0.029904,1,0.007476,1,130.969922698614,1,4.84786040982763,886,1,6.92199993133545,34.9049987792969,0.0299040004611015,0,126.295600891113,-85.6909,22.2328,31.7976926704036,63,63,63,63,61,63,0,9004,1.9064526870154,22,-86,0.001869,51,2024-05-21 11:16:18.001203,886,1.037,0.0011,"aoml_navis",1031.38283228287
"7901009",35,0,1,0.029904,1,0.007476,1,131.239650617234,1,4.84781066911862,888,1,6.91200017929077,34.9049987792969,0.0299040004611015,0,126.555702209473,-85.6909,22.2328,31.7976926704036,63,63,63,63,61,63,0,9004,1.9064526870154,22,-86,0.001869,51,2024-05-21 11:16:18.001203,888,1.037,0.0011,"aoml_navis",1031.39341473273
"7901009",35,0,1,0.026166,1,0.003738,1,131.54432480526,1,4.84775056122596,890,1,6.88299989700317,34.9039993286133,0.0261659994721413,0,126.849502563477,-85.6909,22.2328,31.7976926704036,63,63,63,63,61,63,0,9004,1.9064526870154,22,-86,0.001869,51,2024-05-21 11:16:18.001203,890,1.037,0.0011,"aoml_navis",1031.40620311445
"7901009",35,0,1,0.033642,1,0.011214,1,131.845573198708,1,4.8476927493897,892,1,6.87200021743774,34.9059982299805,0.0336420014500618,0,127.139999389648,-85.6909,22.2328,31.7976926704036,63,63,63,63,61,63,0,9004,1.9064526870154,22,-86,0.001869,51,2024-05-21 11:16:18.001203,892,1.037,0.0011,"aoml_navis",1031.41850329303
"7901009",35,0,1,0.028035,1,0.005607,1,132.166632653642,1,4.84764299361196,894,1,6.85200023651123,34.9039993286133,0.0280349999666214,0,127.449600219727,-85.6909,22.2328,31.7976926704036,63,63,63,63,61,63,0,9004,1.9064526870154,22,-86,0.001869,51,2024-05-21 11:16:18.001203,894,1.037,0.0011,"aoml_navis",1031.42908968107
"7901009",35,0,1,0.029904,1,0.007476,1,132.65516836639,1,4.84758726133069,895.900024414062,1,6.81599998474121,34.9010009765625,0.0299040004611015,0,127.920700073242,-85.6909,22.2328,31.7976926704036,63,63,63,63,61,63,0,9004,1.9064526870154,22,-86,0.001869,51,2024-05-21 11:16:18.001203,895.900024414062,1.037,0.0011,"aoml_navis",1031.44094792993
"7901009",35,0,1,0.026166,1,0.003738,1,133.037306653067,1,4.84752150015113,898,1,6.76200008392334,34.8959999084473,0.0261659994721413,0,128.289199829102,-85.6909,22.2328,31.7976926704036,63,63,63,63,61,63,0,9004,1.9064526870154,22,-86,0.001869,51,2024-05-21 11:16:18.001203,898,1.037,0.0011,"aoml_navis",1031.45494039462
"7901009",35,0,1,0.028035,1,0.005607,1,133.208928676144,1,4.84747107017368,900,1,6.75600004196167,34.8969993591309,0.0280349999666214,0,128.454696655273,-85.6909,22.2328,31.7976926704036,63,63,63,63,61,63,0,9004,1.9064526870154,22,-86,0.001869,51,2024-05-21 11:16:18.001203,900,1.037,0.0011,"aoml_navis",1031.46567098973
"7901009",35,0,1,0.029904,1,0.007476,1,133.41436558612,1,4.84742428187964,902,1,6.77500009536743,34.9020004272461,0.0299040004611015,0,128.652801513672,-85.6909,22.2328,31.7976926704036,63,63,63,63,61,63,0,9004,1.9064526870154,22,-86,0.001869,51,2024-05-21 11:16:18.001203,902,1.037,0.0011,"aoml_navis",1031.47562689957
"7901009",35,0,1,0.029904,1,0.007476,1,134.015928784654,1,4.84737164986278,904,1,6.77099990844727,34.9039993286133,0.0299040004611015,0,129.232894897461,-85.6909,22.2328,31.7976926704036,63,63,63,63,61,63,0,9004,1.9064526870154,22,-86,0.001869,51,2024-05-21 11:16:18.001203,904,1.037,0.0011,"aoml_navis",1031.4868265035
"7901009",35,0,1,0.028035,1,0.005607,1,134.924452671521,1,4.84728633829793,906,1,6.65199995040894,34.8919982910156,0.0280349999666214,0,130.108993530273,-85.6909,22.2328,31.7976926704036,63,63,63,63,61,63,0,9004,1.9064526870154,22,-86,0.001869,51,2024-05-21 11:16:18.001203,906,1.037,0.0011,"aoml_navis",1031.50498052807
"7901009",35,0,1,0.028035,1,0.005607,1,135.149589878264,1,4.84723162051333,908,1,6.63000011444092,34.890998840332,0.0280349999666214,0,130.326095581055,-85.6909,22.2328,31.7976926704036,63,63,63,63,61,63,0,9004,1.9064526870154,22,-86,0.001869,51,2024-05-21 11:16:18.001203,908,1.037,0.0011,"aoml_navis",1031.51662463171
"7901009",35,0,1,0.026166,1,0.003738,1,135.416216384703,1,4.84717963948717,910,1,6.63700008392334,34.8950004577637,0.0261659994721413,0,130.583206176758,-85.6909,22.2328,31.7976926704036,63,63,63,63,61,63,0,9004,1.9064526870154,22,-86,0.001869,51,2024-05-21 11:16:18.001203,910,1.037,0.0011,"aoml_navis",1031.52768658869
"7901009",35,0,1,0.029904,1,0.007476,1,135.823862204221,1,4.84711907451657,912,1,6.61199998855591,34.8950004577637,0.0299040004611015,0,130.976303100586,-85.6909,22.2328,31.7976926704036,63,63,63,63,61,63,0,9004,1.9064526870154,22,-86,0.001869,51,2024-05-21 11:16:18.001203,912,1.037,0.0011,"aoml_navis",1031.54057557348
"7901009",35,0,1,0.033642,1,0.011214,1,136.307729975165,1,4.84706675478157,914,1,6.57299995422363,34.8899993896484,0.0336420014500618,0,131.442901611328,-85.6909,22.2328,31.7976926704036,63,63,63,63,61,63,0,9004,1.9064526870154,22,-86,0.001869,51,2024-05-21 11:16:18.001203,914,1.037,0.0011,"aoml_navis",1031.5517101281
"7901009",35,0,1,0.031773,1,0.009345,1,136.826330397838,1,4.84701794979574,916,1,6.55399990081787,34.8880004882812,0.0317730009555817,0,131.942993164062,-85.6909,22.2328,31.7976926704036,63,63,63,63,61,63,0,9004,1.9064526870154,22,-86,0.001869,51,2024-05-21 11:16:18.001203,916,1.037,0.0011,"aoml_navis",1031.56209689933
"7901009",35,0,1,0.029904,1,0.007476,1,137.35293752747,1,4.84695054855044,918,1,6.49399995803833,34.882999420166,0.0299040004611015,0,132.450805664062,-85.6909,22.2328,31.7976926704036,63,63,63,63,61,63,0,9004,1.9064526870154,22,-86,0.001869,51,2024-05-21 11:16:18.001203,918,1.037,0.0011,"aoml_navis",1031.57644170629
"7901009",35,0,1,0.035511,1,0.013083,1,137.676797747487,1,4.84689438375059,920,1,6.48000001907349,34.8839988708496,0.0355109982192516,0,132.763107299805,-85.6909,22.2328,31.7976926704036,63,63,63,63,61,63,0,9004,1.9064526870154,22,-86,0.001869,51,2024-05-21 11:16:18.001203,920,1.037,0.0011,"aoml_navis",1031.58839539865
"7901009",35,0,1,0.028035,1,0.005607,1,137.995262143249,1,4.8468447177926,922,1,6.47499990463257,34.8849983215332,0.0280349999666214,0,133.070205688477,-85.6909,22.2328,31.7976926704036,63,63,63,63,61,63,0,9004,1.9064526870154,22,-86,0.001869,51,2024-05-21 11:16:18.001203,922,1.037,0.0011,"aoml_navis",1031.59896615734
"7901009",35,0,1,0.029904,1,0.007476,1,138.504320976404,1,4.84679951811199,924,1,6.46600008010864,34.8839988708496,0.0299040004611015,0,133.561096191406,-85.6909,22.2328,31.7976926704036,63,63,63,63,61,63,0,9004,1.9064526870154,22,-86,0.001869,51,2024-05-21 11:16:18.001203,924,1.037,0.0011,"aoml_navis",1031.60858651478
"7901009",35,0,1,0.028035,1,0.005607,1,139.213848130631,1,4.84672903664607,926,1,6.42700004577637,34.8839988708496,0.0280349999666214,0,134.245300292969,-85.6909,22.2328,31.7976926704036,63,63,63,63,61,63,0,9004,1.9064526870154,22,-86,0.001869,51,2024-05-21 11:16:18.001203,926,1.037,0.0011,"aoml_navis",1031.62358823756
"7901009",35,0,1,0.028035,1,0.005607,1,139.750914614611,1,4.84665135314892,928,1,6.38299989700317,34.8849983215332,0.0280349999666214,0,134.763198852539,-85.6909,22.2328,31.7976926704036,63,63,63,63,61,63,0,9004,1.9064526870154,22,-86,0.001869,51,2024-05-21 11:16:18.001203,928,1.037,0.0011,"aoml_navis",1031.64012339189
"7901009",35,0,1,0.029904,1,0.007476,1,139.913833695341,1,4.84659820066416,930,1,6.36800003051758,34.8849983215332,0.0299040004611015,0,134.920303344727,-85.6909,22.2328,31.7976926704036,63,63,63,63,61,63,0,9004,1.9064526870154,22,-86,0.001869,51,2024-05-21 11:16:18.001203,930,1.037,0.0011,"aoml_navis",1031.65143735555
"7901009",35,0,1,0.028035,1,0.005607,1,140.048634360525,1,4.84655078987174,932,1,6.36100006103516,34.8849983215332,0.0280349999666214,0,135.05029296875,-85.6909,22.2328,31.7976926704036,63,63,63,63,61,63,0,9004,1.9064526870154,22,-86,0.001869,51,2024-05-21 11:16:18.001203,932,1.037,0.0011,"aoml_navis",1031.66152936
"7901009",35,0,1,0.029904,1,0.007476,1,140.189985967766,1,4.84650112555543,934,1,6.35599994659424,34.8860015869141,0.0299040004611015,0,135.186599731445,-85.6909,22.2328,31.7976926704036,63,63,63,63,61,63,0,9004,1.9064526870154,22,-86,0.001869,51,2024-05-21 11:16:18.001203,934,1.037,0.0011,"aoml_navis",1031.6721012681
"7901009",35,0,1,0.029904,1,0.007476,1,140.265274330831,1,4.84645955891915,936,1,6.35200023651123,34.8849983215332,0.0299040004611015,0,135.259201049805,-85.6909,22.2328,31.7976926704036,63,63,63,63,61,63,0,9004,1.9064526870154,22,-86,0.001869,51,2024-05-21 11:16:18.001203,936,1.037,0.0011,"aoml_navis",1031.68094961161
"7901009",35,0,1,0.031773,1,0.009345,1,140.409632409065,1,4.84641215380373,938,1,6.34499979019165,34.8849983215332,0.0317730009555817,0,135.398406982422,-85.6909,22.2328,31.7976926704036,63,63,63,63,61,63,0,9004,1.9064526870154,22,-86,0.001869,51,2024-05-21 11:16:18.001203,938,1.037,0.0011,"aoml_navis",1031.69104098497
"7901009",35,0,1,0.026166,1,0.003738,1,140.564560606368,1,4.84636403479552,940,1,6.33699989318848,34.8849983215332,0.0261659994721413,0,135.547805786133,-85.6909,22.2328,31.7976926704036,63,63,63,63,61,63,0,9004,1.9064526870154,22,-86,0.001869,51,2024-05-21 11:16:18.001203,940,1.037,0.0011,"aoml_navis",1031.7012845303
"7901009",35,0,1,0.026166,1,0.003738,1,140.634247439267,1,4.8463180674255,942,1,6.33199977874756,34.8849983215332,0.0261659994721413,0,135.615005493164,-85.6909,22.2328,31.7976926704036,63,63,63,63,61,63,0,9004,1.9064526870154,22,-86,0.001869,51,2024-05-21 11:16:18.001203,942,1.037,0.0011,"aoml_navis",1031.71107022617
"7901009",35,0,1,0.028035,1,0.005607,1,140.792593519382,1,4.84627281862681,944,1,6.32800006866455,34.8849983215332,0.0280349999666214,0,135.767700195312,-85.6909,22.2328,31.7976926704036,63,63,63,63,61,63,0,9004,1.9064526870154,22,-86,0.001869,51,2024-05-21 11:16:18.001203,944,1.037,0.0011,"aoml_navis",1031.72070313135
"7901009",35,0,1,0.031773,1,0.009345,1,141.038886787793,1,4.84622757127066,946,1,6.32399988174438,34.8849983215332,0.0317730009555817,0,136.00520324707,-85.6909,22.2328,31.7976926704036,63,63,63,63,61,63,0,9004,1.9064526870154,22,-86,0.001869,51,2024-05-21 11:16:18.001203,946,1.037,0.0011,"aoml_navis",1031.7303359093
"7901009",35,0,1,0.028035,1,0.005607,1,141.359534830908,1,4.84617731210578,948,1,6.31300020217896,34.8849983215332,0.0280349999666214,0,136.314407348633,-85.6909,22.2328,31.7976926704036,63,63,63,63,61,63,0,9004,1.9064526870154,22,-86,0.001869,51,2024-05-21 11:16:18.001203,948,1.037,0.0011,"aoml_navis",1031.74103586965
"7901009",35,0,1,0.029904,1,0.007476,1,141.836962424515,1,4.84612122075453,950,1,6.29899978637695,34.8860015869141,0.0299040004611015,0,136.774795532227,-85.6909,22.2328,31.7976926704036,63,63,63,63,61,63,0,9004,1.9064526870154,22,-86,0.001869,51,2024-05-21 11:16:18.001203,950,1.037,0.0011,"aoml_navis",1031.75297773949
"7901009",35,0,1,0.031773,1,0.009345,1,142.278533895654,1,4.84605585791699,952,1,6.27199983596802,34.8870010375977,0.0317730009555817,0,137.200607299805,-85.6909,22.2328,31.7976926704036,63,63,63,63,61,63,0,9004,1.9064526870154,22,-86,0.001869,51,2024-05-21 11:16:18.001203,952,1.037,0.0011,"aoml_navis",1031.76689386102
"7901009",35,0,1,0.029904,1,0.007476,1,142.622806471357,1,4.8460041897579,954,1,6.25899982452393,34.8870010375977,0.0299040004611015,0,137.532592773438,-85.6909,22.2328,31.7976926704036,63,63,63,63,61,63,0,9004,1.9064526870154,22,-86,0.001869,51,2024-05-21 11:16:18.001203,954,1.037,0.0011,"aoml_navis",1031.77789457293
"7901009",35,0,1,0.029904,1,0.007476,1,143.225414022973,1,4.84595324136431,956,1,6.24700021743774,34.8870010375977,0.0299040004611015,0,138.113693237305,-85.6909,22.2328,31.7976926704036,63,63,63,63,61,63,0,9004,1.9064526870154,22,-86,0.001869,51,2024-05-21 11:16:18.001203,956,1.037,0.0011,"aoml_navis",1031.78874226866
"7901009",35,0,1,0.028035,1,0.005607,1,143.793906040589,1,4.84588140432724,958,1,6.21600008010864,34.8889999389648,0.0280349999666214,0,138.661895751953,-85.6909,22.2328,31.7976926704036,63,63,63,63,61,63,0,9004,1.9064526870154,22,-86,0.001869,51,2024-05-21 11:16:18.001203,958,1.037,0.0011,"aoml_navis",1031.80403786505
"7901009",35,0,1,0.031773,1,0.009345,1,144.309721521711,1,4.84581695504083,960,1,6.18499994277954,34.8889999389648,0.0317730009555817,0,139.159301757812,-85.6909,22.2328,31.7976926704036,63,63,63,63,61,63,0,9004,1.9064526870154,22,-86,0.001869,51,2024-05-21 11:16:18.001203,960,1.037,0.0011,"aoml_navis",1031.81776084191
"7901009",35,0,1,0.028035,1,0.005607,1,144.809460294789,1,4.84575822289249,962,1,6.16200017929077,34.8889999389648,0.0280349999666214,0,139.641204833984,-85.6909,22.2328,31.7976926704036,63,63,63,63,61,63,0,9004,1.9064526870154,22,-86,0.001869,51,2024-05-21 11:16:18.001203,962,1.037,0.0011,"aoml_navis",1031.83026680507
"7901009",35,0,1,0.031773,1,0.009345,1,145.098572039546,1,4.84569880104732,964,1,6.13800001144409,34.8889999389648,0.0317730009555817,0,139.919998168945,-85.6909,22.2328,31.7976926704036,63,63,63,63,61,63,0,9004,1.9064526870154,22,-86,0.001869,51,2024-05-21 11:16:18.001203,964,1.037,0.0011,"aoml_navis",1031.84291993537
"7901009",35,0,1,0.031773,1,0.009345,1,145.427717319097,1,4.845651445731,966,1,6.13100004196167,34.8889999389648,0.0317730009555817,0,140.237396240234,-85.6909,22.2328,31.7976926704036,63,63,63,63,61,63,0,9004,1.9064526870154,22,-86,0.001869,51,2024-05-21 11:16:18.001203,966,1.037,0.0011,"aoml_navis",1031.85300387319
"7901009",35,0,1,0.033642,1,0.011214,1,145.89862561771,1,4.84560267529865,968,1,6.12200021743774,34.8889999389648,0.0336420014500618,0,140.691497802734,-85.6909,22.2328,31.7976926704036,63,63,63,63,61,63,0,9004,1.9064526870154,22,-86,0.001869,51,2024-05-21 11:16:18.001203,968,1.037,0.0011,"aoml_navis",1031.86338935473
"7901009",35,0,1,0.031773,1,0.009345,1,146.478621342756,1,4.84552815368721,970,1,6.08699989318848,34.890998840332,0.0317730009555817,0,141.250793457031,-85.6909,22.2328,31.7976926704036,63,63,63,63,61,63,0,9004,1.9064526870154,22,-86,0.001869,51,2024-05-21 11:16:18.001203,970,1.037,0.0011,"aoml_navis",1031.87925885752
"7901009",35,0,1,0.029904,1,0.007476,1,146.826754860155,1,4.84547218623021,972,1,6.07299995422363,34.8919982910156,0.0299040004611015,0,141.586502075195,-85.6909,22.2328,31.7976926704036,63,63,63,63,61,63,0,9004,1.9064526870154,22,-86,0.001869,51,2024-05-21 11:16:18.001203,972,1.037,0.0011,"aoml_navis",1031.8911775428
"7901009",35,0,1,0.028035,1,0.005607,1,147.246220857733,1,4.84541268104046,974,1,6.05399990081787,34.8930015563965,0.0280349999666214,0,141.990997314453,-85.6909,22.2328,31.7976926704036,63,63,63,63,61,63,0,9004,1.9064526870154,22,-86,0.001869,51,2024-05-21 11:16:18.001203,974,1.037,0.0011,"aoml_navis",1031.90384991652
"7901009",35,0,1,0.028035,1,0.005607,1,147.61715608408,1,4.84535531880934,976,1,6.03800010681152,34.8940010070801,0.0280349999666214,0,142.348693847656,-85.6909,22.2328,31.7976926704036,63,63,63,63,61,63,0,9004,1.9064526870154,22,-86,0.001869,51,2024-05-21 11:16:18.001203,976,1.037,0.0011,"aoml_navis",1031.91606621507
"7901009",35,0,1,0.033642,1,0.011214,1,152.799631663275,1,4.84472108095428,999.599975585938,1,5.88399982452393,34.9010009765625,0.0336420014500618,0,147.346206665039,-85.6909,22.2328,31.7976926704036,63,63,63,63,61,63,0,9004,1.9064526870154,22,-86,0.001869,51,2024-05-21 11:16:18.001203,999.599975585938,1.037,0.0011,"aoml_navis",1032.05115763138
"7901009",35,0,1,0.031773,1,0.009345,1,159.288403065175,1,4.8433391161326,1050,1,5.52750015258789,34.9189987182617,0.0317730009555817,0,153.603393554688,-85.6909,22.2328,31.7976926704036,63,63,63,63,61,63,0,9004,1.9064526870154,22,-86,0.001869,51,2024-05-21 11:16:18.001203,1050,1.037,0.0011,"aoml_navis",1032.34563595714
"7901009",35,0,1,0.035511,1,0.013083,1,167.801225680408,1,4.84209195818244,1098.90002441406,1,5.26779985427856,34.9280014038086,0.0355109982192516,0,161.812393188477,-85.6909,22.2328,31.7976926704036,63,63,63,63,61,63,0,9004,1.9064526870154,22,-86,0.001869,51,2024-05-21 11:16:18.001203,1098.90002441406,1.037,0.0011,"aoml_navis",1032.61153302773
"7901009",35,0,1,0.03738,1,0.014952,1,173.89263655829,1,4.84089603551294,1148.90002441406,1,5.09880018234253,34.9339981079102,0.0373799987137318,0,167.686401367188,-85.6909,22.2328,31.7976926704036,63,63,63,63,61,63,0,9004,1.9064526870154,22,-86,0.001869,51,2024-05-21 11:16:18.001203,1148.90002441406,1.037,0.0011,"aoml_navis",1032.86663529228
"7901009",35,0,1,0.029904,1,0.007476,1,181.418118276058,1,4.83962354683421,1198.90002441406,1,4.83010005950928,34.943000793457,0.0299040004611015,0,174.943298339844,-85.6909,22.2328,31.7976926704036,63,63,63,63,61,63,0,9004,1.9064526870154,22,-86,0.001869,51,2024-05-21 11:16:18.001203,1198.90002441406,1.037,0.0011,"aoml_navis",1033.13820829529
"7901009",35,0,1,0.028035,1,0.005607,1,188.369411504855,1,4.83840856490066,1249.80004882812,1,4.65659999847412,34.9490013122559,0.0280349999666214,0,181.646499633789,-85.6909,22.2328,31.7976926704036,63,63,63,63,61,63,0,9004,1.9064526870154,22,-86,0.001869,51,2024-05-21 11:16:18.001203,1249.80004882812,1.037,0.0011,"aoml_navis",1033.39764158645
"7901009",35,0,1,0.028035,1,0.005607,1,194.654106820491,1,4.83723253032675,1299.40002441406,1,4.50390005111694,34.9560012817383,0.0280349999666214,0,187.706893920898,-85.6909,22.2328,31.7976926704036,63,63,63,63,61,63,0,9004,1.9064526870154,22,-86,0.001869,51,2024-05-21 11:16:18.001203,1299.40002441406,1.037,0.0011,"aoml_navis",1033.6488826313
"7901009",35,0,1,0.033642,1,0.011214,1,197.93666679128,1,4.83612960665004,1349.40002441406,1,4.45590019226074,34.9599990844727,0.0336420014500618,0,190.872299194336,-85.6909,22.2328,31.7976926704036,63,63,63,63,61,63,0,9004,1.9064526870154,22,-86,0.001869,51,2024-05-21 11:16:18.001203,1349.40002441406,1.037,0.0011,"aoml_navis",1033.88461573168
"7901009",35,0,1,0.031773,1,0.009345,1,199.891853995354,1,4.83502754552404,1400.09997558594,1,4.41849994659424,34.9620018005371,0.0317730009555817,0,192.757705688477,-85.6909,22.2328,31.7976926704036,63,63,63,63,61,63,0,9004,1.9064526870154,22,-86,0.001869,51,2024-05-21 11:16:18.001203,1400.09997558594,1.037,0.0011,"aoml_navis",1034.12027189559
"7901009",35,0,1,0.028035,1,0.005607,1,199.813036984756,1,4.83394242130582,1450,1,4.3737998008728,34.9630012512207,0.0280349999666214,0,192.681701660156,-85.6909,22.2328,31.7976926704036,63,63,63,63,61,63,0,9004,1.9064526870154,22,-86,0.001869,51,2024-05-21 11:16:18.001203,1450,1.037,0.0011,"aoml_navis",1034.3524113904
"7901009",35,0,1,0.028035,1,0.005607,1,200.463969601693,1,4.8328824151401,1499.90002441406,1,4.35909986495972,34.9630012512207,0.0280349999666214,0,193.30940246582,-85.6909,22.2328,31.7976926704036,63,63,63,63,61,63,0,9004,1.9064526870154,22,-86,0.001869,51,2024-05-21 11:16:18.001203,1499.90002441406,1.037,0.0011,"aoml_navis",1034.57927805907
"7901009",35,0,1,0.028035,1,0.005607,1,201.592234871048,1,4.831824789594,1549.59997558594,1,4.34499979019165,34.9640007019043,0.0280349999666214,0,194.397399902344,-85.6909,22.2328,31.7976926704036,63,63,63,63,61,63,0,9004,1.9064526870154,22,-86,0.001869,51,2024-05-21 11:16:18.001203,1549.59997558594,1.037,0.0011,"aoml_navis",1034.80573442319
"7901009",35,0,1,0.031773,1,0.009345,1,202.85759521766,1,4.83076985685344,1599,1,4.32889986038208,34.9659996032715,0.0317730009555817,0,195.617599487305,-85.6909,22.2328,31.7976926704036,63,63,63,63,61,63,0,9004,1.9064526870154,22,-86,0.001869,51,2024-05-21 11:16:18.001203,1599,1.037,0.0011,"aoml_navis",1035.03171299011
"7901009",35,0,1,0.026166,1,0.003738,1,204.158321157263,1,4.82969360809161,1649.80004882812,1,4.31710004806519,34.9669990539551,0.0261659994721413,0,196.87190246582,-85.6909,22.2328,31.7976926704036,63,63,63,63,61,63,0,9004,1.9064526870154,22,-86,0.001869,51,2024-05-21 11:16:18.001203,1649.80004882812,1.037,0.0011,"aoml_navis",1035.26235942236
"7901009",35,0,1,0.029904,1,0.007476,1,205.110296461738,1,4.82864980273649,1699.19995117188,1,4.30770015716553,34.9679985046387,0.0299040004611015,0,197.789901733398,-85.6909,22.2328,31.7976926704036,63,63,63,63,61,63,0,9004,1.9064526870154,22,-86,0.001869,51,2024-05-21 11:16:18.001203,1699.19995117188,1.037,0.0011,"aoml_navis",1035.48615125628
"7901009",35,0,1,0.035511,1,0.013083,1,202.764268028641,4,4.82757871949435,1750.30004882812,1,4.30280017852783,34.9679985046387,0.0355109982192516,0,195.527603149414,-85.6909,22.2328,31.7976926704036,63,63,63,63,61,63,0,9004,1.9064526870154,22,-86,0.001869,51,2024-05-21 11:16:18.001203,1750.30004882812,1.037,0.0011,"aoml_navis",1035.71589207016
"7901009",36,0.00784283822086753,5,0.016821,1,-0.005607,1,190.716432336881,1,4.88860316857072,2.29999995231628,1,29.9160003662109,36.3629989624023,0.0168210007250309,0.0243241302669048,183.909698486328,-85.9272,22.0862,25.836245108432,63,63,63,63,61,63,0.014952,9004,1.9064526870154,22,-86,0.001869,51,2024-05-31 17:00:52.001823,2.29999995231628,1.037,0.0011,"aoml_navis",1022.7870472583
"7901009",36,0.00784283822086753,5,0.020559,1,-0.001869,1,190.893244532825,1,4.88837592780668,4,1,29.7959995269775,36.3619995117188,0.020558999851346,0.0243241302669048,184.080200195312,-85.9272,22.0862,25.836245108432,63,63,63,63,61,63,0.014952,9004,1.9064526870154,22,-86,0.001869,51,2024-05-31 17:00:52.001823,4,1.037,0.0011,"aoml_navis",1022.83459247853
"7901009",36,0.00784283822086753,5,0.024297,1,0.001869,1,191.071306788147,1,4.88818542955401,6,1,29.7019996643066,36.3610000610352,0.0242970008403063,0.0243241302669048,184.251907348633,-85.9272,22.0862,25.836245108432,63,63,63,63,61,63,0.014952,9004,1.9064526870154,22,-86,0.001869,51,2024-05-31 17:00:52.001823,6,1.037,0.0011,"aoml_navis",1022.87445352829
"7901009",36,0.00784283822086753,5,0.028035,1,0.005607,1,191.182356366734,1,4.88810231109186,8,1,29.6760005950928,36.3610000610352,0.0280349999666214,0.0243241302669048,184.358993530273,-85.9272,22.0862,25.836245108432,63,63,63,63,61,63,0.014952,9004,1.9064526870154,22,-86,0.001869,51,2024-05-31 17:00:52.001823,8,1.037,0.0011,"aoml_navis",1022.89184673042
"7901009",36,0.00784283822086753,5,0.026166,1,0.003738,1,191.135692757835,1,4.88804526118238,10,1,29.6660003662109,36.3610000610352,0.0261659994721413,0.0243241302669048,184.313995361328,-85.9272,22.0862,25.836245108432,63,63,63,63,61,63,0.014952,9004,1.9064526870154,22,-86,0.001869,51,2024-05-31 17:00:52.001823,10,1.037,0.0011,"aoml_navis",1022.90378522202
"7901009",36,0.00784283822086753,5,0.029904,1,0.007476,1,191.147829410268,1,4.88799147341793,12,1,29.6580009460449,36.3610000610352,0.0299040004611015,0.0243241302669048,184.325698852539,-85.9272,22.0862,25.836245108432,63,63,63,63,61,63,0.014952,9004,1.9064526870154,22,-86,0.001869,51,2024-05-31 17:00:52.001823,12,1.037,0.0011,"aoml_navis",1022.91504131936
"7901009",36,0.00784283822086753,5,0.028035,1,0.005607,1,191.127606930725,1,4.88794224226906,14,1,29.6550006866455,36.3619995117188,0.0280349999666214,0.0243241302669048,184.306198120117,-85.9272,22.0862,25.836245108432,63,63,63,63,61,63,0.014952,9004,1.9064526870154,22,-86,0.001869,51,2024-05-31 17:00:52.001823,14,1.037,0.0011,"aoml_navis",1022.92534407668
"7901009",36,0.00784283822086753,5,0.031773,1,0.009345,1,191.117543161562,1,4.88789659847869,16,1,29.6520004272461,36.3619995117188,0.0317730009555817,0.0243241302669048,184.296493530273,-85.9272,22.0862,25.836245108432,63,63,63,63,61,63,0.014952,9004,1.9064526870154,22,-86,0.001869,51,2024-05-31 17:00:52.001823,16,1.037,0.0011,"aoml_navis",1022.9348962816
"7901009",36,0.00784283822086753,5,0.035511,1,0.013083,1,191.113919571723,1,4.88784574557011,18,1,29.6480007171631,36.3629989624023,0.0355109982192516,0.0243241302669048,184.292999267578,-85.9272,22.0862,25.836245108432,63,63,63,63,61,63,0.014952,9004,1.9064526870154,22,-86,0.001869,51,2024-05-31 17:00:52.001823,18,1.037,0.0011,"aoml_navis",1022.94553884634
"7901009",36,0.00784283822086753,5,0.031773,1,0.009345,1,191.09214638561,1,4.88779652215746,20,1,29.6450004577637,36.3639984130859,0.0317730009555817,0.0243241302669048,184.272003173828,-85.9272,22.0862,25.836245108432,63,63,63,63,61,63,0.014952,9004,1.9064526870154,22,-86,0.001869,51,2024-05-31 17:00:52.001823,20,1.037,0.0011,"aoml_navis",1022.95584059891
"7901009",36,0.00784283822086753,5,0.039249,1,0.016821,1,191.114236042451,1,4.8877460027516,22,1,29.6389999389648,36.3639984130859,0.0392489992082119,0.0261659994721413,184.293304443359,-85.9272,22.0862,25.836245108432,63,63,63,63,61,63,0.014952,9004,1.9064526870154,22,-86,0.001869,51,2024-05-31 17:00:52.001823,22,1.037,0.0011,"aoml_navis",1022.96641379998
"7901009",36,0.00784283822086753,5,0.03738,1,0.014952,1,191.223117796549,1,4.8876788718631,24,1,29.625,36.3650016784668,0.0373799987137318,0.0242970008403063,184.398300170898,-85.9272,22.0862,25.836245108432,63,63,63,63,61,63,0.014952,9004,1.9064526870154,22,-86,0.001869,51,2024-05-31 17:00:52.001823,24,1.037,0.0011,"aoml_navis",1022.98046395468
"7901009",36,0.00882319299847598,1,0.039249,1,0.016821,1,191.31396071913,1,4.88759908276078,26,1,29.6009998321533,36.3650016784668,0.0392489992082119,0.0261659994721413,184.485900878906,-85.9272,22.0862,25.836245108432,63,63,63,63,61,63,0.016821,9004,1.9064526870154,22,-86,0.001869,51,2024-05-31 17:00:52.001823,26,1.037,0.0011,"aoml_navis",1022.99716391135
"7901009",36,0.00980354777608442,1,0.041118,1,0.01869,1,191.366115095166,1,4.88751410551328,28,1,29.576000213623,36.3660011291504,0.041117999702692,0.0280349999666214,184.536193847656,-85.9272,22.0862,25.836245108432,63,63,63,63,61,63,0.01869,9004,1.9064526870154,22,-86,0.001869,51,2024-05-31 17:00:52.001823,28,1.037,0.0011,"aoml_navis",1023.01495035274
"7901009",36,0.0107839025536929,1,0.042987,1,0.020559,1,191.289592473045,1,4.88745873035573,30,1,29.5669994354248,36.3660011291504,0.0429870001971722,0.0299040004611015,184.46240234375,-85.9272,22.0862,25.836245108432,63,63,63,63,61,63,0.020559,9004,1.9064526870154,22,-86,0.001869,51,2024-05-31 17:00:52.001823,30,1.037,0.0011,"aoml_navis",1023.02654116449
"7901009",36,0.0117642573313013,1,0.044856,1,0.022428,1,191.280984469233,1,4.88739815151579,32,1,29.556999206543,36.367000579834,0.0448560006916523,0.0317730009555817,184.4541015625,-85.9272,22.0862,25.836245108432,63,63,63,63,61,63,0.022428,9004,1.9064526870154,22,-86,0.001869,51,2024-05-31 17:00:52.001823,32,1.037,0.0011,"aoml_navis",1023.03922148215
"7901009",36,0.0117642573313013,1,0.044856,1,0.022428,1,191.258166929717,1,4.88733629130238,34,1,29.5440006256104,36.367000579834,0.0448560006916523,0.0317730009555817,184.432098388672,-85.9272,22.0862,25.836245108432,63,63,63,63,61,63,0.022428,9004,1.9064526870154,22,-86,0.001869,51,2024-05-31 17:00:52.001823,34,1.037,0.0011,"aoml_navis",1023.05217034034
"7901009",36,0.0137249668865182,1,0.048594,1,0.026166,1,191.26968646423,1,4.88727673113083,36,1,29.5279998779297,36.3650016784668,0.0485940016806126,0.0355109982192516,184.443206787109,-85.9272,22.0862,25.836245108432,63,63,63,63,61,63,0.026166,9004,1.9064526870154,22,-86,0.001869,51,2024-05-31 17:00:52.001823,36,1.037,0.0011,"aoml_navis",1023.06463805316
"7901009",36,0.0156856764417351,1,0.052332,1,0.029904,1,191.574463599194,1,4.88716297004304,38.0999984741211,1,29.4710006713867,36.359001159668,0.0523319989442825,0.0392489992082119,184.737106323242,-85.9272,22.0862,25.836245108432,63,63,63,63,61,63,0.029904,9004,1.9064526870154,22,-86,0.001869,51,2024-05-31 17:00:52.001823,38.0999984741211,1.037,0.0011,"aoml_navis",1023.08845247204
"7901009",36,0.0156856764417351,1,0.052332,1,0.029904,1,192.56998556945,1,4.88694739275415,39.9000015258789,1,29.2940006256104,36.3289985656738,0.0523319989442825,0.0392489992082119,185.69709777832,-85.9272,22.0862,25.836245108432,63,63,63,63,61,63,0.029904,9004,1.9064526870154,22,-86,0.001869,51,2024-05-31 17:00:52.001823,39.9000015258789,1.037,0.0011,"aoml_navis",1023.13358384285
"7901009",36,0.0156856764417351,1,0.052332,1,0.029904,1,193.873306970126,1,4.88669057406787,42,1,29.1189994812012,36.310001373291,0.0523319989442825,0.0392489992082119,186.953903198242,-85.9272,22.0862,25.836245108432,63,63,63,63,61,63,0.029904,9004,1.9064526870154,22,-86,0.001869,51,2024-05-31 17:00:52.001823,42,1.037,0.0011,"aoml_navis",1023.18735434845
"7901009",36,0.0196070955521688,1,0.059808,1,0.03738,1,195.523606877396,1,4.88643227373061,44,1,28.9120006561279,36.2779998779297,0.0598080009222031,0.0467250011861324,188.545303344727,-85.9272,22.0862,25.836245108432,63,63,63,63,61,63,0.03738,9004,1.9064526870154,22,-86,0.001869,51,2024-05-31 17:00:52.001823,44,1.037,0.0011,"aoml_navis",1023.24144077059
"7901009",36,0.017646385996952,1,0.05607,1,0.033642,1,196.215285301337,1,4.88622465864773,46,1,28.7919998168945,36.2709999084473,0.0560699999332428,0.0429870001971722,189.212295532227,-85.9272,22.0862,25.836245108432,63,63,63,63,61,63,0.033642,9004,1.9064526870154,22,-86,0.001869,51,2024-05-31 17:00:52.001823,46,1.037,0.0011,"aoml_navis",1023.28491817316
"7901009",36,0.0196070955521688,1,0.059808,1,0.03738,1,196.085658890994,1,4.88609291510821,48,1,28.761999130249,36.2830009460449,0.0598080009222031,0.0467250011861324,189.087295532227,-85.9272,22.0862,25.836245108432,63,63,63,63,61,63,0.03738,9004,1.9064526870154,22,-86,0.001869,51,2024-05-31 17:00:52.001823,48,1.037,0.0011,"aoml_navis",1023.31250896592
"7901009",36,0.0225481598849942,1,0.065415,1,0.042987,1,196.339943121245,1,4.88599231142747,50,1,28.738000869751,36.2890014648438,0.0654150024056435,0.0523319989442825,189.332504272461,-85.9272,22.0862,25.836245108432,63,63,63,63,61,63,0.042987,9004,1.9064526870154,22,-86,0.001869,51,2024-05-31 17:00:52.001823,50,1.037,0.0011,"aoml_navis",1023.33357920066
"7901009",36,0.0254892242178195,1,0.071022,1,0.048594,1,197.484791804686,1,4.88573603419992,52,1,28.6049995422363,36.2900009155273,0.0710219964385033,0.0579390004277229,190.436492919922,-85.9272,22.0862,25.836245108432,63,63,63,63,61,63,0.048594,9004,1.9064526870154,22,-86,0.001869,51,2024-05-31 17:00:52.001823,52,1.037,0.0011,"aoml_navis",1023.38725731399
"7901009",36,0.0323517076610786,1,0.084105,1,0.061677,1,198.556646514627,1,4.88532341694095,54,1,28.3819999694824,36.2949981689453,0.0841049998998642,0.0710219964385033,191.470092773438,-85.9272,22.0862,25.836245108432,63,63,63,63,61,63,0.061677,9004,1.9064526870154,22,-86,0.001869,51,2024-05-31 17:00:52.001823,54,1.037,0.0011,"aoml_navis",1023.47369319734
"7901009",36,0.033332062438687,1,0.085974,1,0.063546,1,198.711163347758,1,4.88516228958835,56,1,28.3150005340576,36.298999786377,0.0859740003943443,0.0728909969329834,191.619094848633,-85.9272,22.0862,25.836245108432,63,63,63,63,61,63,0.063546,9004,1.9064526870154,22,-86,0.001869,51,2024-05-31 17:00:52.001823,56,1.037,0.0011,"aoml_navis",1023.50745043955
"7901009",36,0.0343124172162955,1,0.087843,1,0.065415,1,198.700482460675,1,4.8850910547234,58,1,28.2980003356934,36.2999992370605,0.0878430008888245,0.0747599974274635,191.608795166016,-85.9272,22.0862,25.836245108432,63,63,63,63,61,63,0.065415,9004,1.9064526870154,22,-86,0.001869,51,2024-05-31 17:00:52.001823,58,1.037,0.0011,"aoml_navis",1023.52237532307
"7901009",36,0.0313713528834701,1,0.082236,1,0.059808,1,198.602693005606,1,4.88504079497276,60,1,28.2919998168945,36.2999992370605,0.0822359994053841,0.0691530033946037,191.514495849609,-85.9272,22.0862,25.836245108432,63,63,63,63,61,63,0.059808,9004,1.9064526870154,22,-86,0.001869,51,2024-05-31 17:00:52.001823,60,1.037,0.0011,"aoml_navis",1023.5329058348
"7901009",36,0.0411749006595546,1,0.100926,1,0.078498,1,198.323534176105,1,4.88494746801136,62,1,28.2609996795654,36.3009986877441,0.100925996899605,0.0878430008888245,191.245300292969,-85.9272,22.0862,25.836245108432,63,63,63,63,61,63,0.078498,9004,1.9064526870154,22,-86,0.001869,51,2024-05-31 17:00:52.001823,62,1.037,0.0011,"aoml_navis",1023.55246043935
"7901009",36,0.0392141911043377,1,0.097188,1,0.07476,1,197.798809884919,1,4.88481087682958,64,1,28.1979999542236,36.2999992370605,0.0971880033612251,0.0841049998998642,190.739303588867,-85.9272,22.0862,25.836245108432,63,63,63,63,61,63,0.07476,9004,1.9064526870154,22,-86,0.001869,51,2024-05-31 17:00:52.001823,64,1.037,0.0011,"aoml_navis",1023.58108145329
"7901009",36,0.0490177388804221,1,0.115878,1,0.09345,1,197.951459540751,1,4.88460435019535,66,1,28.1110000610352,36.3079986572266,0.115878000855446,0.102794997394085,190.886505126953,-85.9272,22.0862,25.836245108432,63,63,63,63,61,63,0.09345,9004,1.9064526870154,22,-86,0.001869,51,2024-05-31 17:00:52.001823,66,1.037,0.0011,"aoml_navis",1023.624359627
"7901009",36,0.050978448435639,1,0.119616,1,0.097188,1,198.048821760337,1,4.88447327295343,68,1,28.0650005340576,36.3129997253418,0.119616001844406,0.106532998383045,190.980392456055,-85.9272,22.0862,25.836245108432,63,63,63,63,61,63,0.097188,9004,1.9064526870154,22,-86,0.001869,51,2024-05-31 17:00:52.001823,68,1.037,0.0011,"aoml_navis",1023.65182909
"7901009",36,0.0529391579908559,1,0.123354,1,0.100926,1,198.075373654448,1,4.88435932617189,70,1,28.0230007171631,36.314998626709,0.123354002833366,0.110270999372005,191.005996704102,-85.9272,22.0862,25.836245108432,63,63,63,63,61,63,0.100926,9004,1.9064526870154,22,-86,0.001869,51,2024-05-31 17:00:52.001823,70,1.037,0.0011,"aoml_navis",1023.6757097719
"7901009",36,0.0607819962117234,1,0.138306,1,0.115878,1,197.9470922447,1,4.88421357671339,72,1,27.9790000915527,36.3250007629395,0.138306006789207,0.125222995877266,190.882293701172,-85.9272,22.0862,25.836245108432,63,63,63,63,61,63,0.115878,9004,1.9064526870154,22,-86,0.001869,51,2024-05-31 17:00:52.001823,72,1.037,0.0011,"aoml_navis",1023.70625720354
"7901009",36,0.0705855439878078,1,0.156996,1,0.134568,1,197.469553739115,1,4.88392964656043,74,1,27.8490009307861,36.3359985351562,0.156995996832848,0.143913000822067,190.421798706055,-85.9272,22.0862,25.836245108432,63,63,63,63,61,63,0.134568,9004,1.9064526870154,22,-86,0.001869,51,2024-05-31 17:00:52.001823,74,1.037,0.0011,"aoml_navis",1023.76577097529
"7901009",36,0.0794087369862838,1,0.173817,1,0.151389,1,196.729122999467,1,4.88365823101204,76,1,27.6760005950928,36.3250007629395,0.173816993832588,0.160733997821808,189.707794189453,-85.9272,22.0862,25.836245108432,63,63,63,63,61,63,0.151389,9004,1.9064526870154,22,-86,0.001869,51,2024-05-31 17:00:52.001823,76,1.037,0.0011,"aoml_navis",1023.82266806657
"7901009",36,0.0872515752071513,1,0.188769,1,0.166341,1,196.417921508717,1,4.88338673767274,78,1,27.5300006866455,36.326000213623,0.188768997788429,0.175686001777649,189.407699584961,-85.9272,22.0862,25.836245108432,63,63,63,63,61,63,0.166341,9004,1.9064526870154,22,-86,0.001869,51,2024-05-31 17:00:52.001823,78,1.037,0.0011,"aoml_navis",1023.87958779256
"7901009",36,0.0901926395399766,1,0.194376,1,0.171948,1,195.075515973086,1,4.88314894419402,80.0999984741211,1,27.4459991455078,36.3440017700195,0.19437600672245,0.181292995810509,188.113204956055,-85.9272,22.0862,25.836245108432,63,63,63,63,61,63,0.171948,9004,1.9064526870154,22,-86,0.001869,51,2024-05-31 17:00:52.001823,80.0999984741211,1.037,0.0011,"aoml_navis",1023.9294473999
"7901009",36,0.0921533490951935,1,0.198114,1,0.175686,1,193.966428481951,1,4.88295282732227,81.9000015258789,1,27.3500003814697,36.3470001220703,0.198113992810249,0.185030996799469,187.043701171875,-85.9272,22.0862,25.836245108432,63,63,63,63,61,63,0.175686,9004,1.9064526870154,22,-86,0.001869,51,2024-05-31 17:00:52.001823,81.9000015258789,1.037,0.0011,"aoml_navis",1023.97057207328
"7901009",36,0.107839025536929,1,0.228018,1,0.20559,1,194.255540315861,1,4.8825562670706,84,1,27.1089992523193,36.3419990539551,0.228018000721931,0.214935004711151,187.322494506836,-85.9272,22.0862,25.836245108432,63,63,63,63,61,63,0.20559,9004,1.9064526870154,22,-86,0.001869,51,2024-05-31 17:00:52.001823,84,1.037,0.0011,"aoml_navis",1024.05373876006
"7901009",36,0.117642573313013,1,0.246708,1,0.22428,1,195.538528472239,1,4.88230394542383,86,1,26.9220008850098,36.3209991455078,0.246708005666733,0.233624994754791,188.559692382812,-85.9272,22.0862,25.836245108432,63,63,63,63,61,63,0.22428,9004,1.9064526870154,22,-86,0.001869,51,2024-05-31 17:00:52.001823,86,1.037,0.0011,"aoml_navis",1024.10666273379
"7901009",36,0.11960328286823,1,0.250446,1,0.228018,1,195.004990471267,1,4.8821597922124,88,1,26.8379993438721,36.3139991760254,0.250445991754532,0.237362995743752,188.045196533203,-85.9272,22.0862,25.836245108432,63,63,63,63,61,63,0.228018,9004,1.9064526870154,22,-86,0.001869,51,2024-05-31 17:00:52.001823,88,1.037,0.0011,"aoml_navis",1024.1369010444
"7901009",36,0.137249668865182,1,0.284088,1,0.26166,1,193.025023006247,1,4.88204675939605,90,1,26.826000213623,36.3289985656738,0.284087985754013,0.271005004644394,186.135894775391,-85.9272,22.0862,25.836245108432,63,63,63,63,61,63,0.26166,9004,1.9064526870154,22,-86,0.001869,51,2024-05-31 17:00:52.001823,90,1.037,0.0011,"aoml_navis",1024.16061263177
"7901009",36,0.151954990529308,1,0.312123,1,0.289695,1,192.481009824167,1,4.88191737768981,92,1,26.8080005645752,36.3460006713867,0.312123000621796,0.299039989709854,185.611297607422,-85.9272,22.0862,25.836245108432,63,63,63,63,61,63,0.289695,9004,1.9064526870154,22,-86,0.001869,51,2024-05-31 17:00:52.001823,92,1.037,0.0011,"aoml_navis",1024.18775517378
"7901009",36,0.167640666971044,1,0.342027,1,0.319599,1,190.972995156376,1,4.88176278831553,94,1,26.7240009307861,36.3419990539551,0.342027008533478,0.328943997621536,184.157104492188,-85.9272,22.0862,25.836245108432,63,63,63,63,61,63,0.319599,9004,1.9064526870154,22,-86,0.001869,51,2024-05-31 17:00:52.001823,94,1.037,0.0011,"aoml_navis",1024.22018783204
"7901009",36,0.192149536411255,1,0.388752,1,0.366324,1,188.932771664673,1,4.88160495237698,96,1,26.7250003814697,36.375,0.388752013444901,0.375669002532959,182.189697265625,-85.9272,22.0862,25.836245108432,63,63,63,63,61,63,0.366324,9004,1.9064526870154,22,-86,0.001869,51,2024-05-31 17:00:52.001823,96,1.037,0.0011,"aoml_navis",1024.25330373474
"7901009",36,0.227442308405158,1,0.456036,1,0.433608,1,187.688044819356,1,4.88137875681884,98,1,26.6410007476807,36.390998840332,0.456036001443863,0.442952990531921,180.989395141602,-85.9272,22.0862,25.836245108432,63,63,63,63,61,63,0.433608,9004,1.9064526870154,22,-86,0.001869,51,2024-05-31 17:00:52.001823,98,1.037,0.0011,"aoml_navis",1024.3007660521
"7901009",36,0.274499337730364,1,0.545748,1,0.52332,1,187.256853451942,1,4.88113498218228,100,1,26.5499992370605,36.4090003967285,0.545747995376587,0.532665014266968,180.573593139648,-85.9272,22.0862,25.836245108432,63,63,63,63,61,63,0.52332,9004,1.9064526870154,22,-86,0.001869,51,2024-05-31 17:00:52.001823,100,1.037,0.0011,"aoml_navis",1024.3519218894
"7901009",36,0.316654593167527,1,0.626115,1,0.603687,1,186.279370313203,1,4.88101252194706,102.099998474121,1,26.5069999694824,36.4129981994629,0.626115024089813,0.613031983375549,179.630996704102,-85.9272,22.0862,25.836245108432,63,63,63,63,61,63,0.603687,9004,1.9064526870154,22,-86,0.001869,51,2024-05-31 17:00:52.001823,102.099998474121,1.037,0.0011,"aoml_navis",1024.37762196223
"7901009",36,0.337242043497304,1,0.665364,1,0.642936,1,183.949307104916,1,4.88073250060481,104.099998474121,1,26.4249992370605,36.4449996948242,0.665364027023315,0.652280986309052,177.384094238281,-85.9272,22.0862,25.836245108432,63,63,63,63,61,63,0.642936,9004,1.9064526870154,22,-86,0.001869,51,2024-05-31 17:00:52.001823,104.099998474121,1.037,0.0011,"aoml_navis",1024.43639338571
"7901009",36,0.36469197727034,1,0.717696,1,0.695268,1,180.89821281263,1,4.88035452046866,106,1,26.367000579834,36.5149993896484,0.717696011066437,0.704612970352173,174.44189453125,-85.9272,22.0862,25.836245108432,63,63,63,63,61,63,0.695268,9004,1.9064526870154,22,-86,0.001869,51,2024-05-31 17:00:52.001823,106,1.037,0.0011,"aoml_navis",1024.51573528717
"7901009",36,0.37743658937925,1,0.741993,1,0.719565,1,178.696636720064,1,4.88011689583325,108,1,26.3770008087158,36.5740013122559,0.741993010044098,0.728910028934479,172.318893432617,-85.9272,22.0862,25.836245108432,63,63,63,63,61,63,0.719565,9004,1.9064526870154,22,-86,0.001869,51,2024-05-31 17:00:52.001823,108,1.037,0.0011,"aoml_navis",1024.56562142376
"7901009",36,0.367633041603166,1,0.723303,1,0.700875,1,177.181153343084,1,4.87992861115634,109.900001525879,1,26.3470001220703,36.6030006408691,0.723303020000458,0.710219979286194,170.857498168945,-85.9272,22.0862,25.836245108432,63,63,63,63,61,63,0.700875,9004,1.9064526870154,22,-86,0.001869,51,2024-05-31 17:00:52.001823,109.900001525879,1.037,0.0011,"aoml_navis",1024.6051527412
"7901009",36,0.352927719939039,4,0.695268,1,0.67284,1,175.488952711377,1,4.87970362475388,112,1,26.2929992675781,36.6310005187988,0.695267975330353,0.682184994220734,169.225692749023,-85.9272,22.0862,25.836245108432,63,63,63,63,61,63,0.67284,9004,1.9064526870154,22,-86,0.001869,51,2024-05-31 17:00:52.001823,112,1.037,0.0011,"aoml_navis",1024.6523937716
"7901009",36,0.363711622492732,1,0.715827,1,0.693399,1,174.849428663472,1,4.8795474474248,114,1,26.2569999694824,36.6479988098145,0.715826988220215,0.702744007110596,168.608993530273,-85.9272,22.0862,25.836245108432,63,63,63,63,61,63,0.693399,9004,1.9064526870154,22,-86,0.001869,51,2024-05-31 17:00:52.001823,114,1.037,0.0011,"aoml_navis",1024.68518932812
"7901009",36,0.355868784271864,1,0.700875,1,0.678447,1,174.269227053602,1,4.87946908654971,116,1,26.2439994812012,36.6529998779297,0.700874984264374,0.687792003154755,168.049499511719,-85.9272,22.0862,25.836245108432,63,63,63,63,61,63,0.678447,9004,1.9064526870154,22,-86,0.001869,51,2024-05-31 17:00:52.001823,116,1.037,0.0011,"aoml_navis",1024.70164505859
"7901009",36,0.34606523649578,1,0.682185,1,0.659757,1,172.581599423921,1,4.87936582310299,118,1,26.2240009307861,36.6619987487793,0.682184994220734,0.669102013111115,166.422103881836,-85.9272,22.0862,25.836245108432,63,63,63,63,61,63,0.659757,9004,1.9064526870154,22,-86,0.001869,51,2024-05-31 17:00:52.001823,118,1.037,0.0011,"aoml_navis",1024.72333111935
"7901009",36,0.318615302722744,1,0.629853,1,0.607425,1,169.150534551609,1,4.87901908331164,120,1,26.121000289917,36.7039985656738,0.629853010177612,0.616770029067993,163.113494873047,-85.9272,22.0862,25.836245108432,63,63,63,63,61,63,0.607425,9004,1.9064526870154,22,-86,0.001869,51,2024-05-31 17:00:52.001823,120,1.037,0.0011,"aoml_navis",1024.79615566624
"7901009",36,0.280381466396014,1,0.556962,1,0.534534,1,165.175472320753,1,4.87832440935373,122,1,25.867000579834,36.7799987792969,0.556962013244629,0.543878972530365,159.280303955078,-85.9272,22.0862,25.836245108432,63,63,63,63,61,63,0.534534,9004,1.9064526870154,22,-86,0.001869,51,2024-05-31 17:00:52.001823,122,1.037,0.0011,"aoml_navis",1024.94208675687
"7901009",36,0.231363727515592,4,0.463512,1,0.441084,1,162.994941531624,1,4.87782934010461,124,1,25.6660003662109,36.8230018615723,0.463512003421783,0.450428992509842,157.177597045898,-85.9272,22.0862,25.836245108432,63,63,63,63,61,63,0.441084,9004,1.9064526870154,22,-86,0.001869,51,2024-05-31 17:00:52.001823,124,1.037,0.0011,"aoml_navis",1025.04611198488
"7901009",36,0.238226210958851,1,0.476595,1,0.454167,1,160.858289408984,1,4.87766590750168,126,1,25.5979995727539,36.8289985656738,0.476595014333725,0.463512003421783,155.117202758789,-85.9272,22.0862,25.836245108432,63,63,63,63,61,63,0.454167,9004,1.9064526870154,22,-86,0.001869,51,2024-05-31 17:00:52.001823,126,1.037,0.0011,"aoml_navis",1025.08045750124
"7901009",36,0.183326343412779,1,0.371931,1,0.349503,1,156.6617134918,1,4.8769169589739,128,1,25.2479991912842,36.8819999694824,0.371930986642838,0.358848005533218,151.070404052734,-85.9272,22.0862,25.836245108432,63,63,63,63,61,63,0.349503,9004,1.9064526870154,22,-86,0.001869,51,2024-05-31 17:00:52.001823,128,1.037,0.0011,"aoml_navis",1025.23787918915
"7901009",36,0.146072861863658,1,0.300909,1,0.278481,1,154.367427299356,1,4.87602598834633,130,1,24.8050003051758,36.9379997253418,0.300909012556076,0.287826001644135,148.858001708984,-85.9272,22.0862,25.836245108432,63,63,63,63,61,63,0.278481,9004,1.9064526870154,22,-86,0.001869,51,2024-05-31 17:00:52.001823,130,1.037,0.0011,"aoml_navis",1025.42521552387
"7901009",36,0.123524701978664,1,0.257922,1,0.235494,1,152.880252229029,1,4.87563430844132,132,1,24.6180000305176,36.9599990844727,0.257921993732452,0.244838997721672,147.423904418945,-85.9272,22.0862,25.836245108432,63,63,63,63,61,63,0.235494,9004,1.9064526870154,22,-86,0.001869,51,2024-05-31 17:00:52.001823,132,1.037,0.0011,"aoml_navis",1025.50759218003
"7901009",36,0.112740799424971,1,0.237363,1,0.214935,1,151.780912036328,1,4.87525614923988,134,1,24.4419994354248,36.9830017089844,0.237362995743752,0.224279999732971,146.363800048828,-85.9272,22.0862,25.836245108432,63,63,63,63,61,63,0.214935,9004,1.9064526870154,22,-86,0.001869,51,2024-05-31 17:00:52.001823,134,1.037,0.0011,"aoml_navis",1025.58713777112
"7901009",36,0.0999961873160611,1,0.213066,1,0.190638,1,150.585127389155,1,4.87500785639007,136,1,24.3430004119873,37.0009994506836,0.21306599676609,0.19998300075531,145.210693359375,-85.9272,22.0862,25.836245108432,63,63,63,63,61,63,0.190638,9004,1.9064526870154,22,-86,0.001869,51,2024-05-31 17:00:52.001823,136,1.037,0.0011,"aoml_navis",1025.63937275426
"7901009",36,0.0823498013191091,1,0.179424,1,0.156996,1,150.001397130663,1,4.87445838335791,138,1,24.0359992980957,37.0200004577637,0.179424002766609,0.166341006755829,144.647796630859,-85.9272,22.0862,25.836245108432,63,63,63,63,61,63,0.156996,9004,1.9064526870154,22,-86,0.001869,51,2024-05-31 17:00:52.001823,138,1.037,0.0011,"aoml_navis",1025.75498789172
"7901009",36,0.0607819962117234,1,0.138306,1,0.115878,1,149.693819229753,1,4.8740960240458,140,1,23.8279991149902,37.0270004272461,0.138306006789207,0.125222995877266,144.351196289062,-85.9272,22.0862,25.836245108432,63,63,63,63,61,63,0.115878,9004,1.9064526870154,22,-86,0.001869,51,2024-05-31 17:00:52.001823,140,1.037,0.0011,"aoml_navis",1025.83124651896
"7901009",36,0.0470570293252052,1,0.11214,1,0.089712,1,149.661475921313,1,4.87378782315696,142,1,23.6469993591309,37.0299987792969,0.112139999866486,0.0990569964051247,144.320007324219,-85.9272,22.0862,25.836245108432,63,63,63,63,61,63,0.089712,9004,1.9064526870154,22,-86,0.001869,51,2024-05-31 17:00:52.001823,142,1.037,0.0011,"aoml_navis",1025.89611641347
"7901009",36,0.0490177388804221,1,0.115878,1,0.09345,1,149.393393567304,1,4.87367141155595,144,1,23.5909996032715,37.0289993286133,0.115878000855446,0.102794997394085,144.061492919922,-85.9272,22.0862,25.836245108432,63,63,63,63,61,63,0.09345,9004,1.9064526870154,22,-86,0.001869,51,2024-05-31 17:00:52.001823,144,1.037,0.0011,"aoml_navis",1025.92062077565
"7901009",36,0.0401945458819461,1,0.099057,1,0.076629,1,149.056067417927,1,4.87352896155432,146,1,23.5189990997314,37.0289993286133,0.0990569964051247,0.0859740003943443,143.736206054688,-85.9272,22.0862,25.836245108432,63,63,63,63,61,63,0.076629,9004,1.9064526870154,22,-86,0.001869,51,2024-05-31 17:00:52.001823,146,1.037,0.0011,"aoml_navis",1025.95060775126
"7901009",36,0.0352927719939039,4,0.089712,1,0.067284,1,148.993010625298,1,4.87329675755131,148,1,23.382999420166,37.0289993286133,0.0897120013833046,0.0766289979219437,143.675399780273,-85.9272,22.0862,25.836245108432,63,63,63,63,61,63,0.067284,9004,1.9064526870154,22,-86,0.001869,51,2024-05-31 17:00:52.001823,148,1.037,0.0011,"aoml_navis",1025.99949248984
"7901009",36,0.0411749006595546,1,0.100926,1,0.078498,1,148.87365369009,1,4.87316186205281,150,1,23.3159999847412,37.0289993286133,0.100925996899605,0.0878430008888245,143.560302734375,-85.9272,22.0862,25.836245108432,63,63,63,63,61,63,0.078498,9004,1.9064526870154,22,-86,0.001869,51,2024-05-31 17:00:52.001823,150,1.037,0.0011,"aoml_navis",1026.02789349865
"7901009",36,0.0323517076610786,1,0.084105,1,0.061677,1,148.577373794183,1,4.87309032380331,152,1,23.2889995574951,37.0270004272461,0.0841049998998642,0.0710219964385033,143.274597167969,-85.9272,22.0862,25.836245108432,63,63,63,63,61,63,0.061677,9004,1.9064526870154,22,-86,0.001869,51,2024-05-31 17:00:52.001823,152,1.037,0.0011,"aoml_navis",1026.04295585838
"7901009",36,0.0303909981058617,1,0.080367,1,0.057939,1,147.872213717213,1,4.87302242386114,154,1,23.261999130249,37.023998260498,0.0803669989109039,0.0672840029001236,142.594604492188,-85.9272,22.0862,25.836245108432,63,63,63,63,61,63,0.057939,9004,1.9064526870154,22,-86,0.001869,51,2024-05-31 17:00:52.001823,154,1.037,0.0011,"aoml_navis",1026.05725258253
"7901009",36,0.0156856764417351,1,0.052332,1,0.029904,1,147.873764423782,1,4.87250443742569,156,1,22.9169998168945,37.0229988098145,0.0523319989442825,0.0392489992082119,142.596099853516,-85.9272,22.0862,25.836245108432,63,63,63,63,61,63,0.029904,9004,1.9064526870154,22,-86,0.001869,51,2024-05-31 17:00:52.001823,156,1.037,0.0011,"aoml_navis",1026.16633072615
"7901009",36,0.00980354777608442,1,0.041118,1,0.01869,1,147.893876138571,1,4.87212924110642,158,1,22.6490001678467,37.0130004882812,0.041117999702692,0.0280349999666214,142.615493774414,-85.9272,22.0862,25.836245108432,63,63,63,63,61,63,0.01869,9004,1.9064526870154,22,-86,0.001869,51,2024-05-31 17:00:52.001823,158,1.037,0.0011,"aoml_navis",1026.24535445709
"7901009",36,0.00882319299847598,1,0.039249,1,0.016821,1,148.095990169249,1,4.87191877516733,160,1,22.5020008087158,37.0040016174316,0.0392489992082119,0.0261659994721413,142.810394287109,-85.9272,22.0862,25.836245108432,63,63,63,63,61,63,0.016821,9004,1.9064526870154,22,-86,0.001869,51,2024-05-31 17:00:52.001823,160,1.037,0.0011,"aoml_navis",1026.28968805587
"7901009",36,0.00588212866565065,1,0.033642,1,0.011214,1,148.054200209566,1,4.87185813285622,162,1,22.4850006103516,37.0029983520508,0.0336420014500618,0.020558999851346,142.770095825195,-85.9272,22.0862,25.836245108432,63,63,63,63,61,63,0.011214,9004,1.9064526870154,22,-86,0.001869,51,2024-05-31 17:00:52.001823,162,1.037,0.0011,"aoml_navis",1026.30246276664
"7901009",36,0.00784283822086753,1,0.03738,1,0.014952,1,147.966790994389,1,4.87180895564759,164,1,22.4790000915527,37.0029983520508,0.0373799987137318,0.0242970008403063,142.685806274414,-85.9272,22.0862,25.836245108432,63,63,63,63,61,63,0.014952,9004,1.9064526870154,22,-86,0.001869,51,2024-05-31 17:00:52.001823,164,1.037,0.0011,"aoml_navis",1026.31282250997
"7901009",36,0.0117642573313013,1,0.044856,1,0.022428,1,147.890869666651,1,4.87177434651333,166,1,22.4810009002686,37.0019989013672,0.0448560006916523,0.0317730009555817,142.612594604492,-85.9272,22.0862,25.836245108432,63,63,63,63,61,63,0.022428,9004,1.9064526870154,22,-86,0.001869,51,2024-05-31 17:00:52.001823,166,1.037,0.0011,"aoml_navis",1026.32011344664
"7901009",36,0.00980354777608442,1,0.041118,1,0.01869,1,147.704531701782,1,4.87173339642993,168,1,22.4810009002686,37.0019989013672,0.041117999702692,0.0280349999666214,142.432907104492,-85.9272,22.0862,25.836245108432,63,63,63,63,61,63,0.01869,9004,1.9064526870154,22,-86,0.001869,51,2024-05-31 17:00:52.001823,168,1.037,0.0011,"aoml_navis",1026.32874033379
"7901009",36,0.0117642573313013,1,0.044856,1,0.022428,1,147.460311240694,1,4.87169330786904,170,1,22.4790000915527,37.0009994506836,0.0448560006916523,0.0317730009555817,142.197402954102,-85.9272,22.0862,25.836245108432,63,63,63,63,61,63,0.022428,9004,1.9064526870154,22,-86,0.001869,51,2024-05-31 17:00:52.001823,170,1.037,0.0011,"aoml_navis",1026.33718586589
"7901009",36,0.00882319299847598,1,0.039249,1,0.016821,1,147.110009791453,1,4.87159468777761,172,1,22.4290008544922,36.9980010986328,0.0392489992082119,0.0261659994721413,141.859603881836,-85.9272,22.0862,25.836245108432,63,63,63,63,61,63,0.016821,9004,1.9064526870154,22,-86,0.001869,51,2024-05-31 17:00:52.001823,172,1.037,0.0011,"aoml_navis",1026.35796293656
"7901009",36,0.00392141911043377,1,0.029904,1,0.007476,1,146.812701365679,1,4.87150797316744,174,1,22.3850002288818,36.9939994812012,0.0299040004611015,0.0168210007250309,141.572906494141,-85.9272,22.0862,25.836245108432,63,63,63,63,61,63,0.007476,9004,1.9064526870154,22,-86,0.001869,51,2024-05-31 17:00:52.001823,174,1.037,0.0011,"aoml_navis",1026.37623248085
"7901009",36,0.00588212866565065,1,0.033642,1,0.011214,1,146.441338789464,1,4.87136761862249,176,1,22.298999786377,36.9889984130859,0.0336420014500618,0.020558999851346,141.214797973633,-85.9272,22.0862,25.836245108432,63,63,63,63,61,63,0.011214,9004,1.9064526870154,22,-86,0.001869,51,2024-05-31 17:00:52.001823,176,1.037,0.0011,"aoml_navis",1026.40580458058
"7901009",36,0.00686248344325909,1,0.035511,1,0.013083,1,146.224287340407,1,4.87118661001882,178,1,22.1669998168945,36.9780006408691,0.0355109982192516,0.0224280003458261,141.005493164062,-85.9272,22.0862,25.836245108432,63,63,63,63,61,63,0.013083,9004,1.9064526870154,22,-86,0.001869,51,2024-05-31 17:00:52.001823,178,1.037,0.0011,"aoml_navis",1026.44394483189
"7901009",36,0.00392141911043377,1,0.029904,1,0.007476,1,145.916092321577,1,4.87105148799542,180,1,22.0869998931885,36.9739990234375,0.0299040004611015,0.0168210007250309,140.708297729492,-85.9272,22.0862,25.836245108432,63,63,63,63,61,63,0.007476,9004,1.9064526870154,22,-86,0.001869,51,2024-05-31 17:00:52.001823,180,1.037,0.0011,"aoml_navis",1026.47241818781
"7901009",36,-0.000980354777608442,1,0.020559,1,-0.001869,1,145.628942606183,1,4.87097389795726,182,1,22.0520000457764,36.9710006713867,0.020558999851346,0.00747600011527538,140.431396484375,-85.9272,22.0862,25.836245108432,63,63,63,63,61,63,-0.001869,9004,1.9064526870154,22,-86,0.001869,51,2024-05-31 17:00:52.001823,182,1.037,0.0011,"aoml_navis",1026.48876892911
"7901009",36,-0.00294106433282533,1,0.016821,1,-0.005607,1,145.654149499699,1,4.87085307720459,184,1,21.9769992828369,36.9650001525879,0.0168210007250309,0.00373800005763769,140.455703735352,-85.9272,22.0862,25.836245108432,63,63,63,63,61,63,-0.005607,9004,1.9064526870154,22,-86,0.001869,51,2024-05-31 17:00:52.001823,184,1.037,0.0011,"aoml_navis",1026.51423082331
"7901009",36,-0.00196070955521688,1,0.01869,1,-0.003738,1,145.531358857088,1,4.87079318485318,186,1,21.9549999237061,36.9620018005371,0.0186899993568659,0.00560700008645654,140.337295532227,-85.9272,22.0862,25.836245108432,63,63,63,63,61,63,-0.003738,9004,1.9064526870154,22,-86,0.001869,51,2024-05-31 17:00:52.001823,186,1.037,0.0011,"aoml_navis",1026.52685306956
"7901009",36,-0.00294106433282533,1,0.016821,1,-0.005607,1,145.46759000532,1,4.87072568165718,188,1,21.9220008850098,36.9570007324219,0.0168210007250309,0.00373800005763769,140.275802612305,-85.9272,22.0862,25.836245108432,63,63,63,63,61,63,-0.005607,9004,1.9064526870154,22,-86,0.001869,51,2024-05-31 17:00:52.001823,188,1.037,0.0011,"aoml_navis",1026.54107966492
"7901009",36,-0.00294106433282533,1,0.016821,1,-0.005607,1,145.886533955546,1,4.870450009063,190,1,21.7019996643066,36.939998626709,0.0168210007250309,0.00373800005763769,140.679794311523,-85.9272,22.0862,25.836245108432,63,63,63,63,61,63,-0.005607,9004,1.9064526870154,22,-86,0.001869,51,2024-05-31 17:00:52.001823,190,1.037,0.0011,"aoml_navis",1026.59918296994
"7901009",36,-0.00490177388804221,1,0.013083,1,-0.009345,1,146.666064653685,1,4.87013851532531,192.100006103516,1,21.4389991760254,36.9169998168945,0.0130829997360706,0,141.431503295898,-85.9272,22.0862,25.836245108432,63,63,63,63,61,63,-0.009345,9004,1.9064526870154,22,-86,0.001869,51,2024-05-31 17:00:52.001823,192.100006103516,1.037,0.0011,"aoml_navis",1026.66484418586
"7901009",36,-0.00294106433282533,1,0.016821,1,-0.005607,1,147.286299810695,1,4.86990915845197,194.100006103516,1,21.2399997711182,36.8959999084473,0.0168210007250309,0.00373800005763769,142.029602050781,-85.9272,22.0862,25.836245108432,63,63,63,63,61,63,-0.005607,9004,1.9064526870154,22,-86,0.001869,51,2024-05-31 17:00:52.001823,194.100006103516,1.037,0.0011,"aoml_navis",1026.71319675897
"7901009",36,-0.00196070955521688,1,0.01869,1,-0.003738,1,147.436670877284,1,4.86979621443604,196,1,21.1539993286133,36.8849983215332,0.0186899993568659,0.00560700008645654,142.174606323242,-85.9272,22.0862,25.836245108432,63,63,63,63,61,63,-0.003738,9004,1.9064526870154,22,-86,0.001869,51,2024-05-31 17:00:52.001823,196,1.037,0.0011,"aoml_navis",1026.73700907196
"7901009",36,-0.00490177388804221,1,0.013083,1,-0.009345,1,147.994687889095,1,4.86955133743989,198,1,20.94700050354,36.8660011291504,0.0130829997360706,0,142.712707519531,-85.9272,22.0862,25.836245108432,63,63,63,63,61,63,-0.009345,9004,1.9064526870154,22,-86,0.001869,51,2024-05-31 17:00:52.001823,198,1.037,0.0011,"aoml_navis",1026.78864098981
"7901009",36,-0.00392141911043377,1,0.014952,1,-0.007476,1,148.598434921157,1,4.86932157764237,200,1,20.742000579834,36.8440017700195,0.0149520002305508,0.00186900002881885,143.294906616211,-85.9272,22.0862,25.836245108432,63,63,63,63,61,63,-0.007476,9004,1.9064526870154,22,-86,0.001869,51,2024-05-31 17:00:52.001823,200,1.037,0.0011,"aoml_navis",1026.83709019294
"7901009",36,-0.00294106433282533,1,0.016821,1,-0.005607,1,148.843573147358,1,4.86923644087979,202,1,20.6860008239746,36.8359985351562,0.0168210007250309,0.00373800005763769,143.531295776367,-85.9272,22.0862,25.836245108432,63,63,63,63,61,63,-0.005607,9004,1.9064526870154,22,-86,0.001869,51,2024-05-31 17:00:52.001823,202,1.037,0.0011,"aoml_navis",1026.85504405216
"7901009",36,-0.00294106433282533,1,0.016821,1,-0.005607,1,149.134045805399,1,4.8690640510999,204,1,20.5459995269775,36.8219985961914,0.0168210007250309,0.00373800005763769,143.811401367188,-85.9272,22.0862,25.836245108432,63,63,63,63,61,63,-0.005607,9004,1.9064526870154,22,-86,0.001869,51,2024-05-31 17:00:52.001823,204,1.037,0.0011,"aoml_navis",1026.89139997461
"7901009",36,-0.00294106433282533,1,0.016821,1,-0.005607,1,149.19979259922,1,4.86897673089282,206,1,20.488000869751,36.8139991760254,0.0168210007250309,0.00373800005763769,143.874801635742,-85.9272,22.0862,25.836245108432,63,63,63,63,61,63,-0.005607,9004,1.9064526870154,22,-86,0.001869,51,2024-05-31 17:00:52.001823,206,1.037,0.0011,"aoml_navis",1026.90981624042
"7901009",36,-0.00392141911043377,1,0.014952,1,-0.007476,1,149.159141934159,1,4.86892862055015,208,1,20.4769992828369,36.8120002746582,0.0149520002305508,0.00186900002881885,143.835601806641,-85.9272,22.0862,25.836245108432,63,63,63,63,61,63,-0.007476,9004,1.9064526870154,22,-86,0.001869,51,2024-05-31 17:00:52.001823,208,1.037,0.0011,"aoml_navis",1026.91996323311
"7901009",36,-0.00294106433282533,1,0.016821,1,-0.005607,1,149.19740324522,1,4.86884197649536,210,1,20.4249992370605,36.8059997558594,0.0168210007250309,0.00373800005763769,143.872497558594,-85.9272,22.0862,25.836245108432,63,63,63,63,61,63,-0.005607,9004,1.9064526870154,22,-86,0.001869,51,2024-05-31 17:00:52.001823,210,1.037,0.0011,"aoml_navis",1026.9382379091
"7901009",36,-0.00392141911043377,1,0.014952,1,-0.007476,1,149.562737054059,1,4.86873353479162,212,1,20.3419990539551,36.7949981689453,0.0149520002305508,0.00186900002881885,144.224792480469,-85.9272,22.0862,25.836245108432,63,63,63,63,61,63,-0.007476,9004,1.9064526870154,22,-86,0.001869,51,2024-05-31 17:00:52.001823,212,1.037,0.0011,"aoml_navis",1026.96111098921
"7901009",36,-0.00490177388804221,1,0.013083,1,-0.009345,1,150.409043075886,1,4.86855691824907,214,1,20.1860008239746,36.7770004272461,0.0130829997360706,0,145.040893554688,-85.9272,22.0862,25.836245108432,63,63,63,63,61,63,-0.009345,9004,1.9064526870154,22,-86,0.001869,51,2024-05-31 17:00:52.001823,214,1.037,0.0011,"aoml_navis",1026.99836603702
"7901009",36,-0.00294106433282533,1,0.016821,1,-0.005607,1,150.982614623997,1,4.86843600598431,216,1,20.0869998931885,36.7639999389648,0.0168210007250309,0.00373800005763769,145.593994140625,-85.9272,22.0862,25.836245108432,63,63,63,63,61,63,-0.005607,9004,1.9064526870154,22,-86,0.001869,51,2024-05-31 17:00:52.001823,216,1.037,0.0011,"aoml_navis",1027.02387252374
"7901009",36,-0.00294106433282533,1,0.016821,1,-0.005607,1,151.743062137215,1,4.86829827983424,218,1,19.9659996032715,36.7480010986328,0.0168210007250309,0.00373800005763769,146.327301025391,-85.9272,22.0862,25.836245108432,63,63,63,63,61,63,-0.005607,9004,1.9064526870154,22,-86,0.001869,51,2024-05-31 17:00:52.001823,218,1.037,0.0011,"aoml_navis",1027.05292744927
"7901009",36,-0.00294106433282533,1,0.016821,1,-0.005607,1,152.250886891505,1,4.86811327522942,220,1,19.7929992675781,36.7270011901855,0.0168210007250309,0.00373800005763769,146.817001342773,-85.9272,22.0862,25.836245108432,63,63,63,63,61,63,-0.005607,9004,1.9064526870154,22,-86,0.001869,51,2024-05-31 17:00:52.001823,220,1.037,0.0011,"aoml_navis",1027.09195889949
"7901009",36,-0.00490177388804221,1,0.013083,1,-0.009345,1,152.619654407747,1,4.86794962508363,222,1,19.6359996795654,36.7060012817383,0.0130829997360706,0,147.172607421875,-85.9272,22.0862,25.836245108432,63,63,63,63,61,63,-0.009345,9004,1.9064526870154,22,-86,0.001869,51,2024-05-31 17:00:52.001823,222,1.037,0.0011,"aoml_navis",1027.1264875536
"7901009",36,-0.00392141911043377,1,0.014952,1,-0.007476,1,152.523099188519,1,4.86778055191266,224,1,19.4710006713867,36.6839981079102,0.0149520002305508,0.00186900002881885,147.079498291016,-85.9272,22.0862,25.836245108432,63,63,63,63,61,63,-0.007476,9004,1.9064526870154,22,-86,0.001869,51,2024-05-31 17:00:52.001823,224,1.037,0.0011,"aoml_navis",1027.16216285374
"7901009",36,-0.00294106433282533,1,0.016821,1,-0.005607,1,152.175914975953,1,4.86772108515476,226,1,19.4419994354248,36.6790008544922,0.0168210007250309,0.00373800005763769,146.744705200195,-85.9272,22.0862,25.836245108432,63,63,63,63,61,63,-0.005607,9004,1.9064526870154,22,-86,0.001869,51,2024-05-31 17:00:52.001823,226,1.037,0.0011,"aoml_navis",1027.17471123164
"7901009",36,-0.00196070955521688,1,0.01869,1,-0.003738,1,152.074897519455,1,4.86767196654607,228,1,19.4270000457764,36.6759986877441,0.0186899993568659,0.00560700008645654,146.64729309082,-85.9272,22.0862,25.836245108432,63,63,63,63,61,63,-0.003738,9004,1.9064526870154,22,-86,0.001869,51,2024-05-31 17:00:52.001823,228,1.037,0.0011,"aoml_navis",1027.18507622604
"7901009",36,-0.00392141911043377,1,0.014952,1,-0.007476,1,152.395862132175,1,4.86762548715459,230,1,19.4169998168945,36.673999786377,0.0149520002305508,0.00186900002881885,146.956802368164,-85.9272,22.0862,25.836245108432,63,63,63,63,61,63,-0.007476,9004,1.9064526870154,22,-86,0.001869,51,2024-05-31 17:00:52.001823,230,1.037,0.0011,"aoml_navis",1027.19488448623
"7901009",36,-0.00196070955521688,1,0.01869,1,-0.003738,1,153.518937629504,1,4.86752154321489,232,1,19.3349990844727,36.6629981994629,0.0186899993568659,0.00560700008645654,148.039794921875,-85.9272,22.0862,25.836245108432,63,63,63,63,61,63,-0.003738,9004,1.9064526870154,22,-86,0.001869,51,2024-05-31 17:00:52.001823,232,1.037,0.0011,"aoml_navis",1027.21681981455
"7901009",36,-0.00392141911043377,1,0.014952,1,-0.007476,1,154.457130927315,1,4.86742806291085,234,1,19.2670001983643,36.6539993286133,0.0149520002305508,0.00186900002881885,148.94450378418,-85.9272,22.0862,25.836245108432,63,63,63,63,61,63,-0.007476,9004,1.9064526870154,22,-86,0.001869,51,2024-05-31 17:00:52.001823,234,1.037,0.0011,"aoml_navis",1027.23654779807
"7901009",36,-0.00392141911043377,1,0.014952,1,-0.007476,1,154.878780702268,1,4.86733464266665,236,1,19.1959991455078,36.6440010070801,0.0149520002305508,0.00186900002881885,149.351104736328,-85.9272,22.0862,25.836245108432,63,63,63,63,61,63,-0.007476,9004,1.9064526870154,22,-86,0.001869,51,2024-05-31 17:00:52.001823,236,1.037,0.0011,"aoml_navis",1027.25626386368
"7901009",36,-0.00588212866565065,1,0.011214,1,-0.011214,1,154.869033403834,1,4.86725426189175,238,1,19.1469993591309,36.6380004882812,0.0112140001729131,-0.00186900002881885,149.341705322266,-85.9272,22.0862,25.836245108432,63,63,63,63,61,63,-0.011214,9004,1.9064526870154,22,-86,0.001869,51,2024-05-31 17:00:52.001823,238,1.037,0.0011,"aoml_navis",1027.2732285937
"7901009",36,-0.00490177388804221,1,0.013083,1,-0.009345,1,154.53531502076,1,4.86719785159222,240,1,19.1259994506836,36.6349983215332,0.0130829997360706,0,149.019897460938,-85.9272,22.0862,25.836245108432,63,63,63,63,61,63,-0.009345,9004,1.9064526870154,22,-86,0.001869,51,2024-05-31 17:00:52.001823,240,1.037,0.0011,"aoml_navis",1027.28513457992
"7901009",36,-0.00392141911043377,1,0.014952,1,-0.007476,1,153.648469098629,1,4.86713741303748,242,1,19.0930004119873,36.6290016174316,0.0149520002305508,0.00186900002881885,148.164703369141,-85.9272,22.0862,25.836245108432,63,63,63,63,61,63,-0.007476,9004,1.9064526870154,22,-86,0.001869,51,2024-05-31 17:00:52.001823,242,1.037,0.0011,"aoml_navis",1027.29789107795
"7901009",36,-0.00294106433282533,1,0.016821,1,-0.005607,1,152.203083987984,1,4.86706075189497,244,1,19.0410003662109,36.6209983825684,0.0168210007250309,0.00373800005763769,146.770904541016,-85.9272,22.0862,25.836245108432,63,63,63,63,61,63,-0.005607,9004,1.9064526870154,22,-86,0.001869,51,2024-05-31 17:00:52.001823,244,1.037,0.0011,"aoml_navis",1027.31407206152
"7901009",36,-0.00196070955521688,1,0.01869,1,-0.003738,1,151.589684598706,1,4.86696143630839,246,1,18.9529991149902,36.6069984436035,0.0186899993568659,0.00560700008645654,146.179397583008,-85.9272,22.0862,25.836245108432,63,63,63,63,61,63,-0.003738,9004,1.9064526870154,22,-86,0.001869,51,2024-05-31 17:00:52.001823,246,1.037,0.0011,"aoml_navis",1027.33503551089
"7901009",36,-0.00392141911043377,1,0.014952,1,-0.007476,1,151.343391254347,1,4.86690229574115,248,1,18.9150009155273,36.5989990234375,0.0149520002305508,0.00186900002881885,145.94189453125,-85.9272,22.0862,25.836245108432,63,63,63,63,61,63,-0.007476,9004,1.9064526870154,22,-86,0.001869,51,2024-05-31 17:00:52.001823,248,1.037,0.0011,"aoml_navis",1027.34751925785
"7901009",36,-0.00490177388804221,1,0.013083,1,-0.009345,1,151.850804596691,1,4.86678866931353,250,1,18.8150005340576,36.5849990844727,0.0130829997360706,0,146.431198120117,-85.9272,22.0862,25.836245108432,63,63,63,63,61,63,-0.009345,9004,1.9064526870154,22,-86,0.001869,51,2024-05-31 17:00:52.001823,250,1.037,0.0011,"aoml_navis",1027.37150505967
"7901009",36,-0.00490177388804221,1,0.013083,1,-0.009345,1,152.405815136582,1,4.86669269151466,252,1,18.7350006103516,36.5730018615723,0.0130829997360706,0,146.966400146484,-85.9272,22.0862,25.836245108432,63,63,63,63,61,63,-0.009345,9004,1.9064526870154,22,-86,0.001869,51,2024-05-31 17:00:52.001823,252,1.037,0.0011,"aoml_navis",1027.39176622304
"7901009",36,0,1,0.014952,1,-0.007476,1,152.697522030464,1,4.86661180266142,254,1,18.6760005950928,36.5639991760254,0.0149520002305508,0,147.247695922852,-85.9272,22.0862,25.836245108432,63,63,63,63,61,63,0,9004,1.9064526870154,22,-86,0.001869,51,2024-05-31 17:00:52.001823,254,1.037,0.0011,"aoml_navis",1027.40884269126
"7901009",36,0,1,0.014952,1,-0.007476,1,152.649196950241,1,4.8665359631655,256,1,18.6240005493164,36.5559997558594,0.0149520002305508,0,147.201095581055,-85.9272,22.0862,25.836245108432,63,63,63,63,61,63,0,9004,1.9064526870154,22,-86,0.001869,51,2024-05-31 17:00:52.001823,256,1.037,0.0011,"aoml_navis",1027.42485370388
"7901009",36,0,1,0.011214,1,-0.011214,1,152.212419874471,1,4.86642336436379,258,1,18.511999130249,36.5379981994629,0.0112140001729131,0,146.779907226562,-85.9272,22.0862,25.836245108432,63,63,63,63,61,63,0,9004,1.9064526870154,22,-86,0.001869,51,2024-05-31 17:00:52.001823,258,1.037,0.0011,"aoml_navis",1027.44862615414
"7901009",36,0,1,0.016821,1,-0.005607,1,151.706557238696,1,4.86629427776884,260,1,18.382999420166,36.5190010070801,0.0168210007250309,0,146.292098999023,-85.9272,22.0862,25.836245108432,63,63,63,63,61,63,0,9004,1.9064526870154,22,-86,0.001869,51,2024-05-31 17:00:52.001823,260,1.037,0.0011,"aoml_navis",1027.47588094743
"7901009",36,0,1,0.014952,1,-0.007476,1,151.594146835977,1,4.86619967056476,262,1,18.2880001068115,36.5019989013672,0.0149520002305508,0,146.183700561523,-85.9272,22.0862,25.836245108432,63,63,63,63,61,63,0,9004,1.9064526870154,22,-86,0.001869,51,2024-05-31 17:00:52.001823,262,1.037,0.0011,"aoml_navis",1027.49585682737
"7901009",36,0,1,0.016821,1,-0.005607,1,151.365069499241,1,4.86612341677543,264,1,18.2320003509521,36.4930000305176,0.0168210007250309,0,145.962799072266,-85.9272,22.0862,25.836245108432,63,63,63,63,61,63,0,9004,1.9064526870154,22,-86,0.001869,51,2024-05-31 17:00:52.001823,264,1.037,0.0011,"aoml_navis",1027.51195803276
"7901009",36,0,1,0.016821,1,-0.005607,1,151.006982870082,1,4.86603411598832,266,1,18.1529998779297,36.4799995422363,0.0168210007250309,0,145.617492675781,-85.9272,22.0862,25.836245108432,63,63,63,63,61,63,0,9004,1.9064526870154,22,-86,0.001869,51,2024-05-31 17:00:52.001823,266,1.037,0.0011,"aoml_navis",1027.53081479053
"7901009",36,0,1,0.016821,1,-0.005607,1,150.620081581104,1,4.86591760539999,268,1,18.0389995574951,36.4630012512207,0.0168210007250309,0,145.244400024414,-85.9272,22.0862,25.836245108432,63,63,63,63,61,63,0,9004,1.9064526870154,22,-86,0.001869,51,2024-05-31 17:00:52.001823,268,1.037,0.0011,"aoml_navis",1027.55541821161
"7901009",36,0,1,0.016821,1,-0.005607,1,150.500724645897,1,4.8657946967881,270,1,17.9039993286133,36.4410018920898,0.0168210007250309,0,145.129302978516,-85.9272,22.0862,25.836245108432,63,63,63,63,61,63,0,9004,1.9064526870154,22,-86,0.001869,51,2024-05-31 17:00:52.001823,270,1.037,0.0011,"aoml_navis",1027.58137397381
"7901009",36,0,1,0.014952,1,-0.007476,1,150.047649327615,1,4.86573120420363,272,1,17.8579998016357,36.431999206543,0.0149520002305508,0,144.692398071289,-85.9272,22.0862,25.836245108432,63,63,63,63,61,63,0,9004,1.9064526870154,22,-86,0.001869,51,2024-05-31 17:00:52.001823,272,1.037,0.0011,"aoml_navis",1027.59478281093
"7901009",36,0,1,0.014952,1,-0.007476,1,149.689151286509,1,4.86562428673151,274,1,17.753999710083,36.4160003662109,0.0149520002305508,0,144.346694946289,-85.9272,22.0862,25.836245108432,63,63,63,63,61,63,0,9004,1.9064526870154,22,-86,0.001869,51,2024-05-31 17:00:52.001823,274,1.037,0.0011,"aoml_navis",1027.61736323023
"7901009",36,0,1,0.013083,1,-0.009345,1,149.309402235993,1,4.86555876445266,276,1,17.7029991149902,36.4059982299805,0.0130829997360706,0,143.980499267578,-85.9272,22.0862,25.836245108432,63,63,63,63,61,63,0,9004,1.9064526870154,22,-86,0.001869,51,2024-05-31 17:00:52.001823,276,1.037,0.0011,"aoml_navis",1027.6312016884
"7901009",36,0,1,0.014952,1,-0.007476,1,148.521690769525,1,4.86549672522782,278,1,17.6609992980957,36.3979988098145,0.0149520002305508,0,143.220901489258,-85.9272,22.0862,25.836245108432,63,63,63,63,61,63,0,9004,1.9064526870154,22,-86,0.001869,51,2024-05-31 17:00:52.001823,278,1.037,0.0011,"aoml_navis",1027.64430486096
"7901009",36,0,1,0.016821,1,-0.005607,1,147.61462236785,1,4.86539045063708,280,1,17.5629997253418,36.3839988708496,0.0168210007250309,0,142.346206665039,-85.9272,22.0862,25.836245108432,63,63,63,63,61,63,0,9004,1.9064526870154,22,-86,0.001869,51,2024-05-31 17:00:52.001823,280,1.037,0.0011,"aoml_navis",1027.66675166744
"7901009",36,0,1,0.014952,1,-0.007476,1,147.593972652824,1,4.86527035299409,282,1,17.4220008850098,36.3600006103516,0.0149520002305508,0,142.326293945312,-85.9272,22.0862,25.836245108432,63,63,63,63,61,63,0,9004,1.9064526870154,22,-86,0.001869,51,2024-05-31 17:00:52.001823,282,1.037,0.0011,"aoml_navis",1027.69211929261
"7901009",36,0,1,0.014952,1,-0.007476,1,147.432097875259,1,4.86521876973548,284,1,17.4039993286133,36.3569984436035,0.0149520002305508,0,142.170196533203,-85.9272,22.0862,25.836245108432,63,63,63,63,61,63,0,9004,1.9064526870154,22,-86,0.001869,51,2024-05-31 17:00:52.001823,284,1.037,0.0011,"aoml_navis",1027.70301535112
"7901009",36,0,1,0.016821,1,-0.005607,1,147.080862837369,1,4.86517176282074,286,1,17.3929996490479,36.3549995422363,0.0168210007250309,0,141.831497192383,-85.9272,22.0862,25.836245108432,63,63,63,63,61,63,0,9004,1.9064526870154,22,-86,0.001869,51,2024-05-31 17:00:52.001823,286,1.037,0.0011,"aoml_navis",1027.71294493847
"7901009",36,0,1,0.013083,1,-0.009345,1,146.625097517897,1,4.86513072754884,288,1,17.3840007781982,36.3520011901855,0.0130829997360706,0,141.391998291016,-85.9272,22.0862,25.836245108432,63,63,63,63,61,63,0,9004,1.9064526870154,22,-86,0.001869,51,2024-05-31 17:00:52.001823,288,1.037,0.0011,"aoml_navis",1027.72161325233
"7901009",36,0,1,0.014952,1,-0.007476,1,145.892974134869,1,4.8650759959709,290,1,17.3540000915527,36.3460006713867,0.0149520002305508,0,140.686004638672,-85.9272,22.0862,25.836245108432,63,63,63,63,61,63,0,9004,1.9064526870154,22,-86,0.001869,51,2024-05-31 17:00:52.001823,290,1.037,0.0011,"aoml_navis",1027.73317500916
"7901009",36,0,1,0.013083,1,-0.009345,1,144.837702491094,1,4.86501907819317,292,1,17.3190002441406,36.3390007019043,0.0130829997360706,0,139.668395996094,-85.9272,22.0862,25.836245108432,63,63,63,63,61,63,0,9004,1.9064526870154,22,-86,0.001869,51,2024-05-31 17:00:52.001823,292,1.037,0.0011,"aoml_navis",1027.74519886507
"7901009",36,0,1,0.01869,1,-0.003738,1,144.00508382827,1,4.86490082691979,294,1,17.1940002441406,36.3199996948242,0.0186899993568659,0,138.865493774414,-85.9272,22.0862,25.836245108432,63,63,63,63,61,63,0,9004,1.9064526870154,22,-86,0.001869,51,2024-05-31 17:00:52.001823,294,1.037,0.0011,"aoml_navis",1027.77018029487
"7901009",36,0,1,0.01869,1,-0.003738,1,143.67024197411,1,4.86478529334544,296,1,17.0520000457764,36.2949981689453,0.0186899993568659,0,138.542602539062,-85.9272,22.0862,25.836245108432,63,63,63,63,61,63,0,9004,1.9064526870154,22,-86,0.001869,51,2024-05-31 17:00:52.001823,296,1.037,0.0011,"aoml_navis",1027.79458876418
"7901009",36,0,1,0.016821,1,-0.005607,1,143.527133910738,1,4.86468339192414,298,1,16.9400005340576,36.2760009765625,0.0168210007250309,0,138.404602050781,-85.9272,22.0862,25.836245108432,63,63,63,63,61,63,0,9004,1.9064526870154,22,-86,0.001869,51,2024-05-31 17:00:52.001823,298,1.037,0.0011,"aoml_navis",1027.81611816722
"7901009",36,0,1,0.01869,1,-0.003738,1,143.358818953851,1,4.8646234137169,300,1,16.9050006866455,36.2700004577637,0.0186899993568659,0,138.242294311523,-85.9272,22.0862,25.836245108432,63,63,63,63,61,63,0,9004,1.9064526870154,22,-86,0.001869,51,2024-05-31 17:00:52.001823,300,1.037,0.0011,"aoml_navis",1027.82879059073
"7901009",36,0,1,0.01869,1,-0.003738,1,143.061921940024,1,4.86457366264784,302,1,16.8819999694824,36.2649993896484,0.0186899993568659,0,137.955993652344,-85.9272,22.0862,25.836245108432,63,63,63,63,61,63,0,9004,1.9064526870154,22,-86,0.001869,51,2024-05-31 17:00:52.001823,302,1.037,0.0011,"aoml_navis",1027.83930242274
"7901009",36,0,1,0.020559,1,-0.001869,1,142.680511418183,1,4.86451048948216,304,1,16.8409996032715,36.257999420166,0.020558999851346,0,137.588195800781,-85.9272,22.0862,25.836245108432,63,63,63,63,61,63,0,9004,1.9064526870154,22,-86,0.001869,51,2024-05-31 17:00:52.001823,304,1.037,0.0011,"aoml_navis",1027.85265050015
"7901009",36,0,1,0.020559,1,-0.001869,1,142.296933071854,1,4.86441315822602,306,1,16.7479991912842,36.2439994812012,0.020558999851346,0,137.218307495117,-85.9272,22.0862,25.836245108432,63,63,63,63,61,63,0,9004,1.9064526870154,22,-86,0.001869,51,2024-05-31 17:00:52.001823,306,1.037,0.0011,"aoml_navis",1027.87321663759
"7901009",36,0,1,0.016821,1,-0.005607,1,141.766180013292,1,4.86434069788449,308,1,16.6860008239746,36.2330017089844,0.0168210007250309,0,136.706497192383,-85.9272,22.0862,25.836245108432,63,63,63,63,61,63,0,9004,1.9064526870154,22,-86,0.001869,51,2024-05-31 17:00:52.001823,308,1.037,0.0011,"aoml_navis",1027.88852807422
"7901009",36,0,1,0.016821,1,-0.005607,1,141.431433100351,1,4.86425171743262,310,1,16.6030006408691,36.2200012207031,0.0168210007250309,0,136.383697509766,-85.9272,22.0862,25.836245108432,63,63,63,63,61,63,0,9004,1.9064526870154,22,-86,0.001869,51,2024-05-31 17:00:52.001823,310,1.037,0.0011,"aoml_navis",1027.90733096334
"7901009",36,0,1,0.022428,1,0,1,141.108300663141,1,4.8641760016322,312,1,16.5410003662109,36.2099990844727,0.0224280003458261,0,136.07209777832,-85.9272,22.0862,25.836245108432,63,63,63,63,61,63,0,9004,1.9064526870154,22,-86,0.001869,51,2024-05-31 17:00:52.001823,312,1.037,0.0011,"aoml_navis",1027.92333137662
"7901009",36,0,1,0.011214,1,-0.011214,1,140.789630463202,1,4.86410927909972,314,1,16.4899997711182,36.201000213623,0.0112140001729131,0,135.764801025391,-85.9272,22.0862,25.836245108432,63,63,63,63,61,63,0,9004,1.9064526870154,22,-86,0.001869,51,2024-05-31 17:00:52.001823,314,1.037,0.0011,"aoml_navis",1027.93743172757
"7901009",36,0,1,0.016821,1,-0.005607,1,140.438806837259,1,4.86405330910297,316,1,16.4580001831055,36.1949996948242,0.0168210007250309,0,135.426498413086,-85.9272,22.0862,25.836245108432,63,63,63,63,61,63,0,9004,1.9064526870154,22,-86,0.001869,51,2024-05-31 17:00:52.001823,316,1.037,0.0011,"aoml_navis",1027.94926006313
"7901009",36,0,1,0.016821,1,-0.005607,1,139.94767591389,1,4.86400936628396,318,1,16.443000793457,36.1910018920898,0.0168210007250309,0,134.952896118164,-85.9272,22.0862,25.836245108432,63,63,63,63,61,63,0,9004,1.9064526870154,22,-86,0.001869,51,2024-05-31 17:00:52.001823,318,1.037,0.0011,"aoml_navis",1027.95854684382
"7901009",36,0,1,0.020559,1,-0.001869,1,139.403868437783,1,4.86393154012131,320,1,16.3819999694824,36.181999206543,0.020558999851346,0,134.428497314453,-85.9272,22.0862,25.836245108432,63,63,63,63,61,63,0,9004,1.9064526870154,22,-86,0.001869,51,2024-05-31 17:00:52.001823,320,1.037,0.0011,"aoml_navis",1027.97499486913
"7901009",36,0,1,0.014952,1,-0.007476,1,139.125326726202,1,4.86385596865311,322,1,16.3099994659424,36.1689987182617,0.0149520002305508,0,134.159896850586,-85.9272,22.0862,25.836245108432,63,63,63,63,61,63,0,9004,1.9064526870154,22,-86,0.001869,51,2024-05-31 17:00:52.001823,322,1.037,0.0011,"aoml_navis",1027.99096688395
"7901009",36,0,1,0.020559,1,-0.001869,1,138.899778038087,1,4.8637930857923,324,1,16.261999130249,36.1599998474121,0.020558999851346,0,133.942398071289,-85.9272,22.0862,25.836245108432,63,63,63,63,61,63,0,9004,1.9064526870154,22,-86,0.001869,51,2024-05-31 17:00:52.001823,324,1.037,0.0011,"aoml_navis",1028.00425754245
"7901009",36,0,1,0.014952,1,-0.007476,1,138.644053866022,1,4.86372727670859,326,1,16.2210006713867,36.1539993286133,0.0149520002305508,0,133.69580078125,-85.9272,22.0862,25.836245108432,63,63,63,63,61,63,0,9004,1.9064526870154,22,-86,0.001869,51,2024-05-31 17:00:52.001823,326,1.037,0.0011,"aoml_navis",1028.0181670432
"7901009",36,0,1,0.016821,1,-0.005607,1,138.456877253723,1,4.86365334004985,328,1,16.1630001068115,36.1450004577637,0.0168210007250309,0,133.51530456543,-85.9272,22.0862,25.836245108432,63,63,63,63,61,63,0,9004,1.9064526870154,22,-86,0.001869,51,2024-05-31 17:00:52.001823,328,1.037,0.0011,"aoml_navis",1028.0337948487
"7901009",36,0,1,0.016821,1,-0.005607,1,138.265444110128,1,4.8635904650777,330,1,16.1180000305176,36.1370010375977,0.0168210007250309,0,133.330703735352,-85.9272,22.0862,25.836245108432,63,63,63,63,61,63,0,9004,1.9064526870154,22,-86,0.001869,51,2024-05-31 17:00:52.001823,330,1.037,0.0011,"aoml_navis",1028.04708494717
"7901009",36,0,1,0.014952,1,-0.007476,1,138.183304132577,1,4.86351677884018,332,1,16.0599994659424,36.1279983520508,0.0149520002305508,0,133.251495361328,-85.9272,22.0862,25.836245108432,63,63,63,63,61,63,0,9004,1.9064526870154,22,-86,0.001869,51,2024-05-31 17:00:52.001823,332,1.037,0.0011,"aoml_navis",1028.06266069722
"7901009",36,0,1,0.022428,1,0,1,138.054817016856,1,4.86345239310127,334,1,16.0200004577637,36.1220016479492,0.0224280003458261,0,133.127593994141,-85.9272,22.0862,25.836245108432,63,63,63,63,61,63,0,9004,1.9064526870154,22,-86,0.001869,51,2024-05-31 17:00:52.001823,334,1.037,0.0011,"aoml_navis",1028.07627090016
"7901009",36,0,1,0.01869,1,-0.003738,1,137.884650706208,1,4.86339505472986,336,1,15.9829998016357,36.1150016784668,0.0186899993568659,0,132.963500976562,-85.9272,22.0862,25.836245108432,63,63,63,63,61,63,0,9004,1.9064526870154,22,-86,0.001869,51,2024-05-31 17:00:52.001823,336,1.037,0.0011,"aoml_navis",1028.0883916961
"7901009",36,0,1,0.016821,1,-0.005607,1,137.575933510676,1,4.86334663475781,338,1,15.9670000076294,36.1119995117188,0.0168210007250309,0,132.665802001953,-85.9272,22.0862,25.836245108432,63,63,63,63,61,63,0,9004,1.9064526870154,22,-86,0.001869,51,2024-05-31 17:00:52.001823,338,1.037,0.0011,"aoml_navis",1028.09862744834
"7901009",36,0,1,0.022428,1,0,1,137.369974360648,1,4.86327854096812,340,1,15.9169998168945,36.1040000915527,0.0224280003458261,0,132.467193603516,-85.9272,22.0862,25.836245108432,63,63,63,63,61,63,0,9004,1.9064526870154,22,-86,0.001869,51,2024-05-31 17:00:52.001823,340,1.037,0.0011,"aoml_navis",1028.1130224971
"7901009",36,0,1,0.01869,1,-0.003738,1,137.306316273635,1,4.86321669752535,342,1,15.8660001754761,36.0940017700195,0.0186899993568659,0,132.405807495117,-85.9272,22.0862,25.836245108432,63,63,63,63,61,63,0,9004,1.9064526870154,22,-86,0.001869,51,2024-05-31 17:00:52.001823,342,1.037,0.0011,"aoml_navis",1028.12609656984
"7901009",36,0,1,0.01869,1,-0.003738,1,137.148160027128,1,4.86316753708623,344,1,15.8459997177124,36.0900001525879,0.0186899993568659,0,132.253295898438,-85.9272,22.0862,25.836245108432,63,63,63,63,61,63,0,9004,1.9064526870154,22,-86,0.001869,51,2024-05-31 17:00:52.001823,344,1.037,0.0011,"aoml_navis",1028.13648961717
"7901009",36,0,1,0.014952,1,-0.007476,1,136.821293235324,1,4.86311807356221,346,1,15.8290004730225,36.0870018005371,0.0149520002305508,0,131.938095092773,-85.9272,22.0862,25.836245108432,63,63,63,63,61,63,0,9004,1.9064526870154,22,-86,0.001869,51,2024-05-31 17:00:52.001823,346,1.037,0.0011,"aoml_navis",1028.14694695198
"7901009",36,0,1,0.016821,1,-0.005607,1,136.352457674769,1,4.8630752814572,348,1,15.8179998397827,36.0839996337891,0.0168210007250309,0,131.485992431641,-85.9272,22.0862,25.836245108432,63,63,63,63,61,63,0,9004,1.9064526870154,22,-86,0.001869,51,2024-05-31 17:00:52.001823,348,1.037,0.0011,"aoml_navis",1028.15599401985
"7901009",36,0,1,0.020559,1,-0.001869,1,135.960065618654,1,4.86298032348192,350,1,15.7270002365112,36.0709991455078,0.020558999851346,0,131.107604980469,-85.9272,22.0862,25.836245108432,63,63,63,63,61,63,0,9004,1.9064526870154,22,-86,0.001869,51,2024-05-31 17:00:52.001823,350,1.037,0.0011,"aoml_navis",1028.17607051718
"7901009",36,0,1,0.01869,1,-0.003738,1,135.815090377984,1,4.86288253818785,352,1,15.6099996566772,36.0509986877441,0.0186899993568659,0,130.967803955078,-85.9272,22.0862,25.836245108432,63,63,63,63,61,63,0,9004,1.9064526870154,22,-86,0.001869,51,2024-05-31 17:00:52.001823,352,1.037,0.0011,"aoml_navis",1028.19674560004
"7901009",36,0,1,0.014952,1,-0.007476,1,135.613276994498,1,4.86281295557524,354,1,15.5579996109009,36.0429992675781,0.0149520002305508,0,130.773193359375,-85.9272,22.0862,25.836245108432,63,63,63,63,61,63,0,9004,1.9064526870154,22,-86,0.001869,51,2024-05-31 17:00:52.001823,354,1.037,0.0011,"aoml_navis",1028.21145819879
"7901009",36,0,1,0.014952,1,-0.007476,1,135.157828145754,1,4.86276470811997,356,1,15.5319995880127,36.0369987487793,0.0149520002305508,0,130.333999633789,-85.9272,22.0862,25.836245108432,63,63,63,63,61,63,0,9004,1.9064526870154,22,-86,0.001869,51,2024-05-31 17:00:52.001823,356,1.037,0.0011,"aoml_navis",1028.22165992339
"7901009",36,0,1,0.014952,1,-0.007476,1,134.838113592411,1,4.86267700517866,358,1,15.4499998092651,36.0250015258789,0.0149520002305508,0,130.025695800781,-85.9272,22.0862,25.836245108432,63,63,63,63,61,63,0,9004,1.9064526870154,22,-86,0.001869,51,2024-05-31 17:00:52.001823,358,1.037,0.0011,"aoml_navis",1028.24020486557
"7901009",36,0,1,0.020559,1,-0.001869,1,134.67489381425,1,4.86259649459608,360,1,15.371000289917,36.0120010375977,0.020558999851346,0,129.868301391602,-85.9272,22.0862,25.836245108432,63,63,63,63,61,63,0,9004,1.9064526870154,22,-86,0.001869,51,2024-05-31 17:00:52.001823,360,1.037,0.0011,"aoml_navis",1028.25722955968
"7901009",36,0,1,0.016821,1,-0.005607,1,134.380069683694,1,4.8625339157615,362,1,15.335000038147,36.0069999694824,0.0168210007250309,0,129.583999633789,-85.9272,22.0862,25.836245108432,63,63,63,63,61,63,0,9004,1.9064526870154,22,-86,0.001869,51,2024-05-31 17:00:52.001823,362,1.037,0.0011,"aoml_navis",1028.27046281218
"7901009",36,0,1,0.020559,1,-0.001869,1,134.151830994388,1,4.86248476406332,364,1,15.3179998397827,36.0040016174316,0.020558999851346,0,129.363906860352,-85.9272,22.0862,25.836245108432,63,63,63,63,61,63,0,9004,1.9064526870154,22,-86,0.001869,51,2024-05-31 17:00:52.001823,364,1.037,0.0011,"aoml_navis",1028.28085692998
"7901009",36,0,1,0.022428,1,0,1,133.810548960906,1,4.86244107257617,366,1,15.3059997558594,36.0009994506836,0.0224280003458261,0,129.034805297852,-85.9272,22.0862,25.836245108432,63,63,63,63,61,63,0,9004,1.9064526870154,22,-86,0.001869,51,2024-05-31 17:00:52.001823,366,1.037,0.0011,"aoml_navis",1028.29009655246
"7901009",36,0,1,0.026166,1,0.003738,1,133.389627068628,1,4.86239270023953,368,1,15.2829999923706,35.9959983825684,0.0261659994721413,0,128.62890625,-85.9272,22.0862,25.836245108432,63,63,63,63,61,63,0,9004,1.9064526870154,22,-86,0.001869,51,2024-05-31 17:00:52.001823,368,1.037,0.0011,"aoml_navis",1028.30032624755
"7901009",36,0,1,0.016821,1,-0.005607,1,133.02313814163,1,4.86231007654054,370,1,15.2150001525879,35.9869995117188,0.0168210007250309,0,128.275497436523,-85.9272,22.0862,25.836245108432,63,63,63,63,61,63,0,9004,1.9064526870154,22,-86,0.001869,51,2024-05-31 17:00:52.001823,370,1.037,0.0011,"aoml_navis",1028.31779983012
"7901009",36,0,1,0.020559,1,-0.001869,1,132.601804837405,1,4.8622385559106,372,1,15.1470003128052,35.9749984741211,0.020558999851346,0,127.869201660156,-85.9272,22.0862,25.836245108432,63,63,63,63,61,63,0,9004,1.9064526870154,22,-86,0.001869,51,2024-05-31 17:00:52.001823,372,1.037,0.0011,"aoml_navis",1028.3329257718
"7901009",36,0,1,0.016821,1,-0.005607,1,132.134322189215,1,4.86216788843175,374,1,15.0830001831055,35.9640007019043,0.0168210007250309,0,127.418403625488,-85.9272,22.0862,25.836245108432,63,63,63,63,61,63,0,9004,1.9064526870154,22,-86,0.001869,51,2024-05-31 17:00:52.001823,374,1.037,0.0011,"aoml_navis",1028.3478717171
"7901009",36,0,1,0.01869,1,-0.003738,1,131.694317112015,1,4.86207581513738,376,1,14.9820003509521,35.9480018615723,0.0186899993568659,0,126.994102478027,-85.9272,22.0862,25.836245108432,63,63,63,63,61,63,0,9004,1.9064526870154,22,-86,0.001869,51,2024-05-31 17:00:52.001823,376,1.037,0.0011,"aoml_navis",1028.36734557557
"7901009",36,0,1,0.020559,1,-0.001869,1,131.585324593162,1,4.86197691507609,378,1,14.8640003204346,35.9290008544922,0.020558999851346,0,126.888999938965,-85.9272,22.0862,25.836245108432,63,63,63,63,61,63,0,9004,1.9064526870154,22,-86,0.001869,51,2024-05-31 17:00:52.001823,378,1.037,0.0011,"aoml_navis",1028.38826414332
"7901009",36,0,1,0.020559,1,-0.001869,1,131.160771199276,1,4.86192018751739,380,1,14.826000213623,35.9220008850098,0.020558999851346,0,126.479598999023,-85.9272,22.0862,25.836245108432,63,63,63,63,61,63,0,9004,1.9064526870154,22,-86,0.001869,51,2024-05-31 17:00:52.001823,380,1.037,0.0011,"aoml_navis",1028.4002630971
"7901009",36,0,1,0.016821,1,-0.005607,1,130.764114700096,1,4.86183530580429,382,1,14.7410001754761,35.9090003967285,0.0168210007250309,0,126.097099304199,-85.9272,22.0862,25.836245108432,63,63,63,63,61,63,0,9004,1.9064526870154,22,-86,0.001869,51,2024-05-31 17:00:52.001823,382,1.037,0.0011,"aoml_navis",1028.41821771107
"7901009",36,0,1,0.016821,1,-0.005607,1,130.422832666614,1,4.86176223942637,384,1,14.6599998474121,35.8940010070801,0.0168210007250309,0,125.767997741699,-85.9272,22.0862,25.836245108432,63,63,63,63,61,63,0,9004,1.9064526870154,22,-86,0.001869,51,2024-05-31 17:00:52.001823,384,1.037,0.0011,"aoml_navis",1028.43367358704
"7901009",36,0,1,0.016821,1,-0.005607,1,130.065276125925,1,4.86167138665425,386,1,14.5550003051758,35.8769989013672,0.0168210007250309,0,125.423202514648,-85.9272,22.0862,25.836245108432,63,63,63,63,61,63,0,9004,1.9064526870154,22,-86,0.001869,51,2024-05-31 17:00:52.001823,386,1.037,0.0011,"aoml_navis",1028.45289250225
"7901009",36,0,1,0.01869,1,-0.003738,1,129.894476873819,1,4.86161071168247,388,1,14.4989995956421,35.8660011291504,0.0186899993568659,0,125.258499145508,-85.9272,22.0862,25.836245108432,63,63,63,63,61,63,0,9004,1.9064526870154,22,-86,0.001869,51,2024-05-31 17:00:52.001823,388,1.037,0.0011,"aoml_navis",1028.46572803227
"7901009",36,0,1,0.01869,1,-0.003738,1,129.606607187519,1,4.86154823040569,390,1,14.4549999237061,35.859001159668,0.0186899993568659,0,124.980903625488,-85.9272,22.0862,25.836245108432,63,63,63,63,61,63,0,9004,1.9064526870154,22,-86,0.001869,51,2024-05-31 17:00:52.001823,390,1.037,0.0011,"aoml_navis",1028.4789460132
"7901009",36,0,1,0.022428,1,0,1,129.318421030491,1,4.8614821162671,392,1,14.4040002822876,35.851001739502,0.0224280003458261,0,124.703002929688,-85.9272,22.0862,25.836245108432,63,63,63,63,61,63,0,9004,1.9064526870154,22,-86,0.001869,51,2024-05-31 17:00:52.001823,392,1.037,0.0011,"aoml_navis",1028.49293289991
"7901009",36,0,1,0.01869,1,-0.003738,1,129.179664439634,1,4.86139354080508,394,1,14.3210000991821,35.8400001525879,0.0186899993568659,0,124.569198608398,-85.9272,22.0862,25.836245108432,63,63,63,63,61,63,0,9004,1.9064526870154,22,-86,0.001869,51,2024-05-31 17:00:52.001823,394,1.037,0.0011,"aoml_navis",1028.51167222557
"7901009",36,0,1,0.01869,1,-0.003738,1,128.775752849006,1,4.8613549402088,396,1,14.3100004196167,35.8359985351562,0.0186899993568659,0,124.179702758789,-85.9272,22.0862,25.836245108432,63,63,63,63,61,63,0,9004,1.9064526870154,22,-86,0.001869,51,2024-05-31 17:00:52.001823,396,1.037,0.0011,"aoml_navis",1028.51983891249
"7901009",36,0,1,0.01869,1,-0.003738,1,128.163397813132,1,4.86129118269857,398,1,14.253999710083,35.826000213623,0.0186899993568659,0,123.589202880859,-85.9272,22.0862,25.836245108432,63,63,63,63,61,63,0,9004,1.9064526870154,22,-86,0.001869,51,2024-05-31 17:00:52.001823,398,1.037,0.0011,"aoml_navis",1028.53332830485
"7901009",36,0,1,0.01869,1,-0.003738,1,127.90372566873,1,4.86117055638294,400,1,14.0869998931885,35.7999992370605,0.0186899993568659,0,123.338798522949,-85.9272,22.0862,25.836245108432,63,63,63,63,61,63,0,9004,1.9064526870154,22,-86,0.001869,51,2024-05-31 17:00:52.001823,400,1.037,0.0011,"aoml_navis",1028.55885059099
"7901009",36,0,1,0.016821,1,-0.005607,1,127.78654446978,1,4.86109193894721,402,1,14.0019998550415,35.7859992980957,0.0168210007250309,0,123.225799560547,-85.9272,22.0862,25.836245108432,63,63,63,63,61,63,0,9004,1.9064526870154,22,-86,0.001869,51,2024-05-31 17:00:52.001823,402,1.037,0.0011,"aoml_navis",1028.5754852608
"7901009",36,0,1,0.026166,1,0.003738,1,127.661063825979,1,4.86103034452446,404,1,13.9580001831055,35.7789993286133,0.0261659994721413,0,123.104797363281,-85.9272,22.0862,25.836245108432,63,63,63,63,61,63,0,9004,1.9064526870154,22,-86,0.001869,51,2024-05-31 17:00:52.001823,404,1.037,0.0011,"aoml_navis",1028.58851840579
"7901009",36,0,1,0.024297,1,0.001869,1,127.570220903398,1,4.86096621437716,406,1,13.914999961853,35.7729988098145,0.0242970008403063,0,123.017196655273,-85.9272,22.0862,25.836245108432,63,63,63,63,61,63,0,9004,1.9064526870154,22,-86,0.001869,51,2024-05-31 17:00:52.001823,406,1.037,0.0011,"aoml_navis",1028.60208845139
"7901009",36,0,1,0.024297,1,0.001869,1,127.462581296909,1,4.86091952404663,408,1,13.8959999084473,35.7690010070801,0.0242970008403063,0,122.913398742676,-85.9272,22.0862,25.836245108432,63,63,63,63,61,63,0,9004,1.9064526870154,22,-86,0.001869,51,2024-05-31 17:00:52.001823,408,1.037,0.0011,"aoml_navis",1028.61196842806
"7901009",36,0,1,0.016821,1,-0.005607,1,127.424106368106,1,4.86087071617961,410,1,13.8819999694824,35.7669982910156,0.0168210007250309,0,122.87629699707,-85.9272,22.0862,25.836245108432,63,63,63,63,61,63,0,9004,1.9064526870154,22,-86,0.001869,51,2024-05-31 17:00:52.001823,410,1.037,0.0011,"aoml_navis",1028.62229669209
"7901009",36,0,1,0.016821,1,-0.005607,1,127.31128455344,1,4.86082909276074,412,1,13.875,35.7649993896484,0.0168210007250309,0,122.767501831055,-85.9272,22.0862,25.836245108432,63,63,63,63,61,63,0,9004,1.9064526870154,22,-86,0.001869,51,2024-05-31 17:00:52.001823,412,1.037,0.0011,"aoml_navis",1028.63110481431
"7901009",36,0,1,0.024297,1,0.001869,1,127.20249774056,1,4.86078392287676,414,1,13.8610000610352,35.7620010375977,0.0242970008403063,0,122.66259765625,-85.9272,22.0862,25.836245108432,63,63,63,63,61,63,0,9004,1.9064526870154,22,-86,0.001869,51,2024-05-31 17:00:52.001823,414,1.037,0.0011,"aoml_navis",1028.64066359091
"7901009",36,0,1,0.01869,1,-0.003738,1,127.115594878548,1,4.860734105961,416,1,13.8459997177124,35.7599983215332,0.0186899993568659,0,122.578796386719,-85.9272,22.0862,25.836245108432,63,63,63,63,61,63,0,9004,1.9064526870154,22,-86,0.001869,51,2024-05-31 17:00:52.001823,416,1.037,0.0011,"aoml_navis",1028.65120597076
"7901009",36,0,1,0.01869,1,-0.003738,1,126.928829678196,1,4.86068931654998,418,1,13.8430004119873,35.7599983215332,0.0186899993568659,0,122.398696899414,-85.9272,22.0862,25.836245108432,63,63,63,63,61,63,0,9004,1.9064526870154,22,-86,0.001869,51,2024-05-31 17:00:52.001823,418,1.037,0.0011,"aoml_navis",1028.66068460201
"7901009",36,0,1,0.020559,1,-0.001869,1,126.703383843068,1,4.86064621483242,420,1,13.831000328064,35.7569999694824,0.020558999851346,0,122.181297302246,-85.9272,22.0862,25.836245108432,63,63,63,63,61,63,0,9004,1.9064526870154,22,-86,0.001869,51,2024-05-31 17:00:52.001823,420,1.037,0.0011,"aoml_navis",1028.66980623736
"7901009",36,0,1,0.022428,1,0,1,126.318136113646,1,4.86058888548976,422,1,13.7980003356934,35.7519989013672,0.0224280003458261,0,121.809799194336,-85.9272,22.0862,25.836245108432,63,63,63,63,61,63,0,9004,1.9064526870154,22,-86,0.001869,51,2024-05-31 17:00:52.001823,422,1.037,0.0011,"aoml_navis",1028.68193912191
"7901009",36,0,1,0.01869,1,-0.003738,1,126.282153391829,1,4.86049649728559,424,1,13.6949996948242,35.7369995117188,0.0186899993568659,0,121.775100708008,-85.9272,22.0862,25.836245108432,63,63,63,63,61,63,0,9004,1.9064526870154,22,-86,0.001869,51,2024-05-31 17:00:52.001823,424,1.037,0.0011,"aoml_navis",1028.70149228424
"7901009",36,0,1,0.020559,1,-0.001869,1,126.201477091398,1,4.86043832791099,426,1,13.66100025177,35.7319984436035,0.020558999851346,0,121.697303771973,-85.9272,22.0862,25.836245108432,63,63,63,63,61,63,0,9004,1.9064526870154,22,-86,0.001869,51,2024-05-31 17:00:52.001823,426,1.037,0.0011,"aoml_navis",1028.71380370934
"7901009",36,0,1,0.022428,1,0,1,125.957668042256,1,4.86039326449912,428,1,13.6470003128052,35.7290000915527,0.0224280003458261,0,121.462196350098,-85.9272,22.0862,25.836245108432,63,63,63,63,61,63,0,9004,1.9064526870154,22,-86,0.001869,51,2024-05-31 17:00:52.001823,428,1.037,0.0011,"aoml_navis",1028.72334148773
"7901009",36,0,1,0.024297,1,0.001869,1,125.829703103237,1,4.86031982831183,430,1,13.5799999237061,35.7190017700195,0.0242970008403063,0,121.338798522949,-85.9272,22.0862,25.836245108432,63,63,63,63,61,63,0,9004,1.9064526870154,22,-86,0.001869,51,2024-05-31 17:00:52.001823,430,1.037,0.0011,"aoml_navis",1028.73888481053
"7901009",36,0,1,0.020559,1,-0.001869,1,125.718431995139,1,4.86026503921299,432,1,13.5419998168945,35.7120018005371,0.020558999851346,0,121.231498718262,-85.9272,22.0862,25.836245108432,63,63,63,63,61,63,0,9004,1.9064526870154,22,-86,0.001869,51,2024-05-31 17:00:52.001823,432,1.037,0.0011,"aoml_navis",1028.75048164238
"7901009",36,0,1,0.020559,1,-0.001869,1,125.465192118292,1,4.8602149815886,434,1,13.5229997634888,35.7089996337891,0.020558999851346,0,120.987297058105,-85.9272,22.0862,25.836245108432,63,63,63,63,61,63,0,9004,1.9064526870154,22,-86,0.001869,51,2024-05-31 17:00:52.001823,434,1.037,0.0011,"aoml_navis",1028.76107722414
"7901009",36,0,1,0.020559,1,-0.001869,1,125.136877472905,1,4.86016087341229,436,1,13.5,35.7060012817383,0.020558999851346,0,120.670700073242,-85.9272,22.0862,25.836245108432,63,63,63,63,61,63,0,9004,1.9064526870154,22,-86,0.001869,51,2024-05-31 17:00:52.001823,436,1.037,0.0011,"aoml_navis",1028.77253042234
"7901009",36,0,1,0.022428,1,0,1,124.840289018038,1,4.86010097583219,438,1,13.4460000991821,35.6959991455078,0.0224280003458261,0,120.384696960449,-85.9272,22.0862,25.836245108432,63,63,63,63,61,63,0,9004,1.9064526870154,22,-86,0.001869,51,2024-05-31 17:00:52.001823,438,1.037,0.0011,"aoml_navis",1028.78520937394
"7901009",36,0,1,0.020559,1,-0.001869,1,124.554697920982,1,4.86003010038509,440,1,13.3809995651245,35.6860008239746,0.020558999851346,0,120.109298706055,-85.9272,22.0862,25.836245108432,63,63,63,63,61,63,0,9004,1.9064526870154,22,-86,0.001869,51,2024-05-31 17:00:52.001823,440,1.037,0.0011,"aoml_navis",1028.8002124933
"7901009",36,0,1,0.020559,1,-0.001869,1,124.175257429426,1,4.85996883626234,442,1,13.3290004730225,35.6769981384277,0.020558999851346,0,119.74340057373,-85.9272,22.0862,25.836245108432,63,63,63,63,61,63,0,9004,1.9064526870154,22,-86,0.001869,51,2024-05-31 17:00:52.001823,442,1.037,0.0011,"aoml_navis",1028.81318141236
"7901009",36,0,1,0.024297,1,0.001869,1,123.759620598311,1,4.859898276728,444,1,13.2639999389648,35.6669998168945,0.0242970008403063,0,119.342597961426,-85.9272,22.0862,25.836245108432,63,63,63,63,61,63,0,9004,1.9064526870154,22,-86,0.001869,51,2024-05-31 17:00:52.001823,444,1.037,0.0011,"aoml_navis",1028.82811846966
"7901009",36,0,1,0.022428,1,0,1,123.371777808917,1,4.85983619623096,446,1,13.1999998092651,35.6549987792969,0.0224280003458261,0,118.968597412109,-85.9272,22.0862,25.836245108432,63,63,63,63,61,63,0,9004,1.9064526870154,22,-86,0.001869,51,2024-05-31 17:00:52.001823,446,1.037,0.0011,"aoml_navis",1028.84126092105
"7901009",36,0,1,0.024297,1,0.001869,1,122.866342408625,1,4.85975732713332,448,1,13.1079998016357,35.6399993896484,0.0242970008403063,0,118.481201171875,-85.9272,22.0862,25.836245108432,63,63,63,63,61,63,0,9004,1.9064526870154,22,-86,0.001869,51,2024-05-31 17:00:52.001823,448,1.037,0.0011,"aoml_navis",1028.85795800619
"7901009",36,0,1,0.024297,1,0.001869,1,122.804844234333,1,4.85964135498704,450,1,12.9449996948242,35.6160011291504,0.0242970008403063,0,118.421897888184,-85.9272,22.0862,25.836245108432,63,63,63,63,61,63,0,9004,1.9064526870154,22,-86,0.001869,51,2024-05-31 17:00:52.001823,450,1.037,0.0011,"aoml_navis",1028.882511025
"7901009",36,0,1,0.020559,1,-0.001869,1,122.753101270244,1,4.85957058962228,452,1,12.875,35.6049995422363,0.020558999851346,0,118.372001647949,-85.9272,22.0862,25.836245108432,63,63,63,63,61,63,0,9004,1.9064526870154,22,-86,0.001869,51,2024-05-31 17:00:52.001823,452,1.037,0.0011,"aoml_navis",1028.89749367518
"7901009",36,0,1,0.024297,1,0.001869,1,122.569445394798,1,4.8595211167259,454,1,12.8450002670288,35.5989990234375,0.0242970008403063,0,118.194900512695,-85.9272,22.0862,25.836245108432,63,63,63,63,61,63,0,9004,1.9064526870154,22,-86,0.001869,51,2024-05-31 17:00:52.001823,454,1.037,0.0011,"aoml_navis",1028.9079684808
"7901009",36,0,1,0.022428,1,0,1,122.353746858104,1,4.85946310339746,456,1,12.8100004196167,35.5940017700195,0.0224280003458261,0,117.98690032959,-85.9272,22.0862,25.836245108432,63,63,63,63,61,63,0,9004,1.9064526870154,22,-86,0.001869,51,2024-05-31 17:00:52.001823,456,1.037,0.0011,"aoml_navis",1028.92025180812
"7901009",36,0,1,0.024297,1,0.001869,1,122.154536446359,1,4.85941174252421,458,1,12.7779998779297,35.5880012512207,0.0242970008403063,0,117.794799804688,-85.9272,22.0862,25.836245108432,63,63,63,63,61,63,0,9004,1.9064526870154,22,-86,0.001869,51,2024-05-31 17:00:52.001823,458,1.037,0.0011,"aoml_navis",1028.93112683692
"7901009",36,0,1,0.020559,1,-0.001869,1,121.868526025588,1,4.85936167701916,460,1,12.7510004043579,35.5830001831055,0.020558999851346,0,117.518997192383,-85.9272,22.0862,25.836245108432,63,63,63,63,61,63,0,9004,1.9064526870154,22,-86,0.001869,51,2024-05-31 17:00:52.001823,460,1.037,0.0011,"aoml_navis",1028.94172780881
"7901009",36,0,1,0.022428,1,0,1,121.6272170952,1,4.85928976095888,462,1,12.6829996109009,35.5730018615723,0.0224280003458261,0,117.28630065918,-85.9272,22.0862,25.836245108432,63,63,63,63,61,63,0,9004,1.9064526870154,22,-86,0.001869,51,2024-05-31 17:00:52.001823,462,1.037,0.0011,"aoml_navis",1028.95695584396
"7901009",36,0,1,0.022428,1,0,1,121.382379516191,1,4.85922437697793,464,1,12.6140003204346,35.5610008239746,0.0224280003458261,0,117.050201416016,-85.9272,22.0862,25.836245108432,63,63,63,63,61,63,0,9004,1.9064526870154,22,-86,0.001869,51,2024-05-31 17:00:52.001823,464,1.037,0.0011,"aoml_navis",1028.97080111983
"7901009",36,0,1,0.020559,1,-0.001869,1,121.09159829919,1,4.85917083386709,466,1,12.5719995498657,35.5530014038086,0.020558999851346,0,116.769798278809,-85.9272,22.0862,25.836245108432,63,63,63,63,61,63,0,9004,1.9064526870154,22,-86,0.001869,51,2024-05-31 17:00:52.001823,466,1.037,0.0011,"aoml_navis",1028.98213932949
"7901009",36,0,1,0.022428,1,0,1,120.78879119451,1,4.85909579701855,468,1,12.503999710083,35.5439987182617,0.0224280003458261,0,116.477798461914,-85.9272,22.0862,25.836245108432,63,63,63,63,61,63,0,9004,1.9064526870154,22,-86,0.001869,51,2024-05-31 17:00:52.001823,468,1.037,0.0011,"aoml_navis",1028.99802944159
"7901009",36,0,1,0.020559,1,-0.001869,1,120.740157555327,1,4.85899180957343,470,1,12.3680000305176,35.5250015258789,0.020558999851346,0,116.43090057373,-85.9272,22.0862,25.836245108432,63,63,63,63,61,63,0,9004,1.9064526870154,22,-86,0.001869,51,2024-05-31 17:00:52.001823,470,1.037,0.0011,"aoml_navis",1029.0200510626
"7901009",36,0,1,0.022428,1,0,1,120.617683383445,1,4.85893601071967,472,1,12.3269996643066,35.5180015563965,0.0224280003458261,0,116.312797546387,-85.9272,22.0862,25.836245108432,63,63,63,63,61,63,0,9004,1.9064526870154,22,-86,0.001869,51,2024-05-31 17:00:52.001823,472,1.037,0.0011,"aoml_navis",1029.03186808164
"7901009",36,0,1,0.024297,1,0.001869,1,120.455705752893,1,4.85888431394363,474,1,12.293999671936,35.5120010375977,0.0242970008403063,0,116.156600952148,-85.9272,22.0862,25.836245108432,63,63,63,63,61,63,0,9004,1.9064526870154,22,-86,0.001869,51,2024-05-31 17:00:52.001823,474,1.037,0.0011,"aoml_navis",1029.04281660944
"7901009",36,0,1,0.026166,1,0.003738,1,120.288229443436,1,4.8588326601271,476,1,12.2609996795654,35.5060005187988,0.0261659994721413,0,115.995101928711,-85.9272,22.0862,25.836245108432,63,63,63,63,61,63,0,9004,1.9064526870154,22,-86,0.001869,51,2024-05-31 17:00:52.001823,476,1.037,0.0011,"aoml_navis",1029.05375627182
"7901009",36,0,1,0.022428,1,0,1,120.142834879051,1,4.85877033677616,478,1,12.2130002975464,35.4990005493164,0.0224280003458261,0,115.85489654541,-85.9272,22.0862,25.836245108432,63,63,63,63,61,63,0,9004,1.9064526870154,22,-86,0.001869,51,2024-05-31 17:00:52.001823,478,1.037,0.0011,"aoml_navis",1029.06695592399
"7901009",36,0,1,0.026166,1,0.003738,1,120.25224672162,1,4.85868836707777,480,1,12.128999710083,35.4879989624023,0.0261659994721413,0,115.960403442383,-85.9272,22.0862,25.836245108432,63,63,63,63,61,63,0,9004,1.9064526870154,22,-86,0.001869,51,2024-05-31 17:00:52.001823,480,1.037,0.0011,"aoml_navis",1029.08431705144
"7901009",36,0,1,0.024297,1,0.001869,1,120.268212669866,1,4.85863803012623,482,1,12.1009998321533,35.4830017089844,0.0242970008403063,0,115.975799560547,-85.9272,22.0862,25.836245108432,63,63,63,63,61,63,0,9004,1.9064526870154,22,-86,0.001869,51,2024-05-31 17:00:52.001823,482,1.037,0.0011,"aoml_navis",1029.09497867453
"7901009",36,0,1,0.026166,1,0.003738,1,120.294345240262,1,4.85858629909928,484,1,12.0830001831055,35.4809989929199,0.0261659994721413,0,116.000999450684,-85.9272,22.0862,25.836245108432,63,63,63,63,61,63,0,9004,1.9064526870154,22,-86,0.001869,51,2024-05-31 17:00:52.001823,484,1.037,0.0011,"aoml_navis",1029.10593580008
"7901009",36,0,1,0.024297,1,0.001869,1,120.258053959485,1,4.85852585658239,486,1,12.0520000457764,35.4780006408691,0.0242970008403063,0,115.966003417969,-85.9272,22.0862,25.836245108432,63,63,63,63,61,63,0,9004,1.9064526870154,22,-86,0.001869,51,2024-05-31 17:00:52.001823,486,1.037,0.0011,"aoml_navis",1029.11873839797
"7901009",36,0,1,0.026166,1,0.003738,1,120.118466632966,1,4.85847276768522,488,1,12.0209999084473,35.4729995727539,0.0261659994721413,0,115.831398010254,-85.9272,22.0862,25.836245108432,63,63,63,63,61,63,0,9004,1.9064526870154,22,-86,0.001869,51,2024-05-31 17:00:52.001823,488,1.037,0.0011,"aoml_navis",1029.12998365579
"7901009",36,0,1,0.022428,1,0,1,119.829038328329,1,4.85841483854983,490,1,11.9809999465942,35.4669990539551,0.0224280003458261,0,115.552299499512,-85.9272,22.0862,25.836245108432,63,63,63,63,61,63,0,9004,1.9064526870154,22,-86,0.001869,51,2024-05-31 17:00:52.001823,490,1.037,0.0011,"aoml_navis",1029.14225445031
"7901009",36,0,1,0.024297,1,0.001869,1,119.809124407746,1,4.85830951197907,492,1,11.8520002365112,35.451000213623,0.0242970008403063,0,115.533096313477,-85.9272,22.0862,25.836245108432,63,63,63,63,61,63,0,9004,1.9064526870154,22,-86,0.001869,51,2024-05-31 17:00:52.001823,492,1.037,0.0011,"aoml_navis",1029.1645659198
"7901009",36,0,1,0.026166,1,0.003738,1,119.843975746708,1,4.85823735555839,494,1,11.7810001373291,35.4410018920898,0.0261659994721413,0,115.566703796387,-85.9272,22.0862,25.836245108432,63,63,63,63,61,63,0,9004,1.9064526870154,22,-86,0.001869,51,2024-05-31 17:00:52.001823,494,1.037,0.0011,"aoml_navis",1029.17985147008
"7901009",36,0,1,0.020559,1,-0.001869,1,119.668611404346,1,4.85818554492832,496,1,11.7510004043579,35.4360008239746,0.020558999851346,0,115.397598266602,-85.9272,22.0862,25.836245108432,63,63,63,63,61,63,0,9004,1.9064526870154,22,-86,0.001869,51,2024-05-31 17:00:52.001823,496,1.037,0.0011,"aoml_navis",1029.19082726672
"7901009",36,0,1,0.024297,1,0.001869,1,119.383226013264,1,4.85814144754615,498,1,11.7370004653931,35.4329986572266,0.0242970008403063,0,115.122398376465,-85.9272,22.0862,25.836245108432,63,63,63,63,61,63,0,9004,1.9064526870154,22,-86,0.001869,51,2024-05-31 17:00:52.001823,498,1.037,0.0011,"aoml_navis",1029.20016923869
"7901009",36,0,1,0.01869,1,-0.003738,1,119.139630581863,1,4.85808857377301,500,1,11.6979999542236,35.4259986877441,0.0186899993568659,0,114.887496948242,-85.9272,22.0862,25.836245108432,63,63,63,63,61,63,0,9004,1.9064526870154,22,-86,0.001869,51,2024-05-31 17:00:52.001823,500,1.037,0.0011,"aoml_navis",1029.21137070104
"7901009",36,0,1,0.026166,1,0.003738,1,119.214301850224,1,4.85801966843767,502,1,11.6300001144409,35.4160003662109,0.0261659994721413,0,114.959503173828,-85.9272,22.0862,25.836245108432,63,63,63,63,61,63,0,9004,1.9064526870154,22,-86,0.001869,51,2024-05-31 17:00:52.001823,502,1.037,0.0011,"aoml_navis",1029.22596886233
"7901009",36,0,1,0.024297,1,0.001869,1,119.124598222265,1,4.85797376853483,504,1,11.6140003204346,35.4129981994629,0.0242970008403063,0,114.873001098633,-85.9272,22.0862,25.836245108432,63,63,63,63,61,63,0,9004,1.9064526870154,22,-86,0.001869,51,2024-05-31 17:00:52.001823,504,1.037,0.0011,"aoml_navis",1029.23569336357
"7901009",36,0,1,0.024297,1,0.001869,1,119.053455602526,1,4.85793072790953,506,1,11.6049995422363,35.4109992980957,0.0242970008403063,0,114.804397583008,-85.9272,22.0862,25.836245108432,63,63,63,63,61,63,0,9004,1.9064526870154,22,-86,0.001869,51,2024-05-31 17:00:52.001823,506,1.037,0.0011,"aoml_navis",1029.24481225602
"7901009",36,0,1,0.024297,1,0.001869,1,118.850202277226,1,4.85788683153977,508,1,11.5989999771118,35.4099998474121,0.0242970008403063,0,114.6083984375,-85.9272,22.0862,25.836245108432,63,63,63,63,61,63,0,9004,1.9064526870154,22,-86,0.001869,51,2024-05-31 17:00:52.001823,508,1.037,0.0011,"aoml_navis",1029.254112619
"7901009",36,0,1,0.024297,1,0.001869,1,118.57746780351,1,4.85783529812354,510,1,11.5729999542236,35.4059982299805,0.0242970008403063,0,114.345397949219,-85.9272,22.0862,25.836245108432,63,63,63,63,61,63,0,9004,1.9064526870154,22,-86,0.001869,51,2024-05-31 17:00:52.001823,510,1.037,0.0011,"aoml_navis",1029.26503126431
"7901009",36,0,1,0.028035,1,0.005607,1,118.40677931616,1,4.85776673033627,512,1,11.5050001144409,35.3959999084473,0.0280349999666214,0,114.180801391602,-85.9272,22.0862,25.836245108432,63,63,63,63,61,63,0,9004,1.9064526870154,22,-86,0.001869,51,2024-05-31 17:00:52.001823,512,1.037,0.0011,"aoml_navis",1029.27955942707
"7901009",36,0,1,0.024297,1,0.001869,1,118.270514932289,1,4.85771158913764,514,1,11.4750003814697,35.3919982910156,0.0242970008403063,0,114.04940032959,-85.9272,22.0862,25.836245108432,63,63,63,63,61,63,0,9004,1.9064526870154,22,-86,0.001869,51,2024-05-31 17:00:52.001823,514,1.037,0.0011,"aoml_navis",1029.29124305785
"7901009",36,0,1,0.029904,1,0.007476,1,118.130832664551,1,4.85765919831507,516,1,11.4440002441406,35.3870010375977,0.0299040004611015,0,113.914703369141,-85.9272,22.0862,25.836245108432,63,63,63,63,61,63,0,9004,1.9064526870154,22,-86,0.001869,51,2024-05-31 17:00:52.001823,516,1.037,0.0011,"aoml_navis",1029.30234416904
"7901009",36,0,1,0.022428,1,0,1,118.017377908428,1,4.85760597528963,518,1,11.4160003662109,35.382999420166,0.0224280003458261,0,113.805297851562,-85.9272,22.0862,25.836245108432,63,63,63,63,61,63,0,9004,1.9064526870154,22,-86,0.001869,51,2024-05-31 17:00:52.001823,518,1.037,0.0011,"aoml_navis",1029.31362186121
"7901009",36,0,1,0.020559,1,-0.001869,1,117.964282031975,1,4.85755833974204,520,1,11.3979997634888,35.3800010681152,0.020558999851346,0,113.754096984863,-85.9272,22.0862,25.836245108432,63,63,63,63,61,63,0,9004,1.9064526870154,22,-86,0.001869,51,2024-05-31 17:00:52.001823,520,1.037,0.0011,"aoml_navis",1029.32371580441
"7901009",36,0,1,0.022428,1,0,1,117.834038503711,1,4.8575172228823,522,1,11.3909997940063,35.3779983520508,0.0224280003458261,0,113.62850189209,-85.9272,22.0862,25.836245108432,63,63,63,63,61,63,0,9004,1.9064526870154,22,-86,0.001869,51,2024-05-31 17:00:52.001823,522,1.037,0.0011,"aoml_navis",1029.33242860087
"7901009",36,0,1,0.022428,1,0,1,117.606100461597,1,4.85747336276428,524,1,11.3850002288818,35.3769989013672,0.0224280003458261,0,113.408699035645,-85.9272,22.0862,25.836245108432,63,63,63,63,61,63,0,9004,1.9064526870154,22,-86,0.001869,51,2024-05-31 17:00:52.001823,524,1.037,0.0011,"aoml_navis",1029.34172286528
"7901009",36,0,1,0.020559,1,-0.001869,1,117.439866299749,1,4.85741554815723,526,1,11.3479995727539,35.3720016479492,0.020558999851346,0,113.248397827148,-85.9272,22.0862,25.836245108432,63,63,63,63,61,63,0,9004,1.9064526870154,22,-86,0.001869,51,2024-05-31 17:00:52.001823,526,1.037,0.0011,"aoml_navis",1029.35397443953
"7901009",36,0,1,0.022428,1,0,1,117.355352791736,1,4.85735592061207,528,1,11.3009996414185,35.3650016784668,0.0224280003458261,0,113.166900634766,-85.9272,22.0862,25.836245108432,63,63,63,63,61,63,0,9004,1.9064526870154,22,-86,0.001869,51,2024-05-31 17:00:52.001823,528,1.037,0.0011,"aoml_navis",1029.36661050153
"7901009",36,0,1,0.024297,1,0.001869,1,117.211311139715,1,4.8573111123456,530,1,11.2819995880127,35.3610000610352,0.0242970008403063,0,113.02799987793,-85.9272,22.0862,25.836245108432,63,63,63,63,61,63,0,9004,1.9064526870154,22,-86,0.001869,51,2024-05-31 17:00:52.001823,530,1.037,0.0011,"aoml_navis",1029.3761063177
"7901009",36,0,1,0.026166,1,0.003738,1,117.032948237201,1,4.85725531008158,532,1,11.2550001144409,35.3580017089844,0.0261659994721413,0,112.856002807617,-85.9272,22.0862,25.836245108432,63,63,63,63,61,63,0,9004,1.9064526870154,22,-86,0.001869,51,2024-05-31 17:00:52.001823,532,1.037,0.0011,"aoml_navis",1029.38793223863
"7901009",36,0,1,0.029904,1,0.007476,1,116.739785577969,1,4.85720686914478,534,1,11.2320003509521,35.3540000915527,0.0299040004611015,0,112.573303222656,-85.9272,22.0862,25.836245108432,63,63,63,63,61,63,0,9004,1.9064526870154,22,-86,0.001869,51,2024-05-31 17:00:52.001823,534,1.037,0.0011,"aoml_navis",1029.39819832717
"7901009",36,0,1,0.029904,1,0.007476,1,116.464250338307,1,4.85715386025474,536,1,11.1920003890991,35.3470001220703,0.0299040004611015,0,112.307601928711,-85.9272,22.0862,25.836245108432,63,63,63,63,61,63,0,9004,1.9064526870154,22,-86,0.001869,51,2024-05-31 17:00:52.001823,536,1.037,0.0011,"aoml_navis",1029.40943273676
"7901009",36,0,1,0.024297,1,0.001869,1,116.296354705135,1,4.8570981841292,538,1,11.1450004577637,35.3390007019043,0.0242970008403063,0,112.145698547363,-85.9272,22.0862,25.836245108432,63,63,63,63,61,63,0,9004,1.9064526870154,22,-86,0.001869,51,2024-05-31 17:00:52.001823,538,1.037,0.0011,"aoml_navis",1029.42123268946
"7901009",36,0,1,0.022428,1,0,1,116.148998022234,1,4.85701997205835,540,1,11.0530004501343,35.326000213623,0.0224280003458261,0,112.003601074219,-85.9272,22.0862,25.836245108432,63,63,63,63,61,63,0,9004,1.9064526870154,22,-86,0.001869,51,2024-05-31 17:00:52.001823,540,1.037,0.0011,"aoml_navis",1029.43780934898
"7901009",36,0,1,0.026166,1,0.003738,1,116.175755622319,1,4.85692795995316,542,1,10.9209995269775,35.306999206543,0.0261659994721413,0,112.029403686523,-85.9272,22.0862,25.836245108432,63,63,63,63,61,63,0,9004,1.9064526870154,22,-86,0.001869,51,2024-05-31 17:00:52.001823,542,1.037,0.0011,"aoml_navis",1029.45731154065
"7901009",36,0,1,0.024297,1,0.001869,1,116.145057961666,1,4.85686209123543,544,1,10.8579998016357,35.2980003356934,0.0242970008403063,0,111.999801635742,-85.9272,22.0862,25.836245108432,63,63,63,63,61,63,0,9004,1.9064526870154,22,-86,0.001869,51,2024-05-31 17:00:52.001823,544,1.037,0.0011,"aoml_navis",1029.47127303097
"7901009",36,0,1,0.022428,1,0,1,116.035029001177,1,4.85679880834653,546,1,10.8140001296997,35.2929992675781,0.0224280003458261,0,111.893699645996,-85.9272,22.0862,25.836245108432,63,63,63,63,61,63,0,9004,1.9064526870154,22,-86,0.001869,51,2024-05-31 17:00:52.001823,546,1.037,0.0011,"aoml_navis",1029.48468678739
"7901009",36,0,1,0.026166,1,0.003738,1,115.966797912139,1,4.85674366877715,548,1,10.7790002822876,35.2879981994629,0.0261659994721413,0,111.827903747559,-85.9272,22.0862,25.836245108432,63,63,63,63,61,63,0,9004,1.9064526870154,22,-86,0.001869,51,2024-05-31 17:00:52.001823,548,1.037,0.0011,"aoml_navis",1029.49637473022
"7901009",36,0,1,0.028035,1,0.005607,1,115.829497086633,1,4.8566999715038,550,1,10.7690000534058,35.2859992980957,0.0280349999666214,0,111.695503234863,-85.9272,22.0862,25.836245108432,63,63,63,63,61,63,0,9004,1.9064526870154,22,-86,0.001869,51,2024-05-31 17:00:52.001823,550,1.037,0.0011,"aoml_navis",1029.50563743632
"7901009",36,0,1,0.029904,1,0.007476,1,115.665027249095,1,4.85664553436935,552,1,10.7469997406006,35.2840003967285,0.0299040004611015,0,111.536903381348,-85.9272,22.0862,25.836245108432,63,63,63,63,61,63,0,9004,1.9064526870154,22,-86,0.001869,51,2024-05-31 17:00:52.001823,552,1.037,0.0011,"aoml_navis",1029.5171769519
"7901009",36,0,1,0.026166,1,0.003738,1,115.508121061966,1,4.85659576430993,554,1,10.7220001220703,35.2799987792969,0.0261659994721413,0,111.385597229004,-85.9272,22.0862,25.836245108432,63,63,63,63,61,63,0,9004,1.9064526870154,22,-86,0.001869,51,2024-05-31 17:00:52.001823,554,1.037,0.0011,"aoml_navis",1029.52772737314
"7901009",36,0,1,0.028035,1,0.005607,1,115.225639289816,1,4.85654323818464,556,1,10.6979999542236,35.2770004272461,0.0280349999666214,0,111.11319732666,-85.9272,22.0862,25.836245108432,63,63,63,63,61,63,0,9004,1.9064526870154,22,-86,0.001869,51,2024-05-31 17:00:52.001823,556,1.037,0.0011,"aoml_navis",1029.53886226883
"7901009",36,0,1,0.024297,1,0.001869,1,114.920862154852,1,4.85647695702637,558,1,10.6379995346069,35.2690010070801,0.0242970008403063,0,110.819297790527,-85.9272,22.0862,25.836245108432,63,63,63,63,61,63,0,9004,1.9064526870154,22,-86,0.001869,51,2024-05-31 17:00:52.001823,558,1.037,0.0011,"aoml_navis",1029.5529134069
"7901009",36,0,1,0.026166,1,0.003738,1,114.483040725679,1,4.85640706369464,560,1,10.5819997787476,35.2630004882812,0.0261659994721413,0,110.397102355957,-85.9272,22.0862,25.836245108432,63,63,63,63,61,63,0,9004,1.9064526870154,22,-86,0.001869,51,2024-05-31 17:00:52.001823,560,1.037,0.0011,"aoml_navis",1029.56773071574
"7901009",36,0,1,0.028035,1,0.005607,1,113.951884166938,1,4.85634635246273,562,1,10.5609998703003,35.2630004882812,0.0280349999666214,0,109.884902954102,-85.9272,22.0862,25.836245108432,63,63,63,63,61,63,0,9004,1.9064526870154,22,-86,0.001869,51,2024-05-31 17:00:52.001823,562,1.037,0.0011,"aoml_navis",1029.58060177574
"7901009",36,0,1,0.026166,1,0.003738,1,113.450072356487,1,4.85629876004424,564,1,10.5959997177124,35.2729988098145,0.0261659994721413,0,109.401000976562,-85.9272,22.0862,25.836245108432,63,63,63,63,61,63,0,9004,1.9064526870154,22,-86,0.001869,51,2024-05-31 17:00:52.001823,564,1.037,0.0011,"aoml_navis",1029.59069181206
"7901009",36,0,1,0.026166,1,0.003738,1,113.3716746453,1,4.85624712948073,566,1,10.5769996643066,35.2709999084473,0.0261659994721413,0,109.325401306152,-85.9272,22.0862,25.836245108432,63,63,63,63,61,63,0,9004,1.9064526870154,22,-86,0.001869,51,2024-05-31 17:00:52.001823,566,1.037,0.0011,"aoml_navis",1029.60163819642
"7901009",36,0,1,0.024297,1,0.001869,1,113.289234020557,1,4.85619397190247,568,1,10.5480003356934,35.2669982910156,0.0242970008403063,0,109.245903015137,-85.9272,22.0862,25.836245108432,63,63,63,63,61,63,0,9004,1.9064526870154,22,-86,0.001869,51,2024-05-31 17:00:52.001823,568,1.037,0.0011,"aoml_navis",1029.61290857194
"7901009",36,0,1,0.028035,1,0.005607,1,113.252309798324,1,4.85613563532585,570,1,10.5089998245239,35.2620010375977,0.0280349999666214,0,109.210296630859,-85.9272,22.0862,25.836245108432,63,63,63,63,61,63,0,9004,1.9064526870154,22,-86,0.001869,51,2024-05-31 17:00:52.001823,570,1.037,0.0011,"aoml_navis",1029.62527727348
"7901009",36,0,1,0.026166,1,0.003738,1,113.409421691427,1,4.85606098207271,572,1,10.4390001296997,35.2540016174316,0.0261659994721413,0,109.361801147461,-85.9272,22.0862,25.836245108432,63,63,63,63,61,63,0,9004,1.9064526870154,22,-86,0.001869,51,2024-05-31 17:00:52.001823,572,1.037,0.0011,"aoml_navis",1029.64110592076
"7901009",36,0,1,0.026166,1,0.003738,1,113.486577255005,1,4.85600195581673,574,1,10.3990001678467,35.2490005493164,0.0261659994721413,0,109.43620300293,-85.9272,22.0862,25.836245108432,63,63,63,63,61,63,0,9004,1.9064526870154,22,-86,0.001869,51,2024-05-31 17:00:52.001823,574,1.037,0.0011,"aoml_navis",1029.65362153752
"7901009",36,0,1,0.022428,1,0,1,113.452350945731,1,4.85594929202801,576,1,10.3620004653931,35.2430000305176,0.0224280003458261,0,109.403198242188,-85.9272,22.0862,25.836245108432,63,63,63,63,61,63,0,9004,1.9064526870154,22,-86,0.001869,51,2024-05-31 17:00:52.001823,576,1.037,0.0011,"aoml_navis",1029.66478834704
"7901009",36,0,1,0.028035,1,0.005607,1,113.479005692829,1,4.85589550520787,578,1,10.3319997787476,35.2389984130859,0.0280349999666214,0,109.428901672363,-85.9272,22.0862,25.836245108432,63,63,63,63,61,63,0,9004,1.9064526870154,22,-86,0.001869,51,2024-05-31 17:00:52.001823,578,1.037,0.0011,"aoml_navis",1029.67619353373
"7901009",36,0,1,0.026166,1,0.003738,1,113.608426397199,1,4.85584101944655,580,1,10.2969999313354,35.234001159668,0.0261659994721413,0,109.553703308105,-85.9272,22.0862,25.836245108432,63,63,63,63,61,63,0,9004,1.9064526870154,22,-86,0.001869,51,2024-05-31 17:00:52.001823,580,1.037,0.0011,"aoml_navis",1029.6877471845
"7901009",36,0,1,0.024297,1,0.001869,1,113.708700147485,1,4.85578588482281,582,1,10.2569999694824,35.2280006408691,0.0242970008403063,0,109.650398254395,-85.9272,22.0862,25.836245108432,63,63,63,63,61,63,0,9004,1.9064526870154,22,-86,0.001869,51,2024-05-31 17:00:52.001823,582,1.037,0.0011,"aoml_navis",1029.69943868982
"7901009",36,0,1,0.028035,1,0.005607,1,113.777556266212,1,4.85574532689746,584,1,10.2419996261597,35.2239990234375,0.0280349999666214,0,109.716796875,-85.9272,22.0862,25.836245108432,63,63,63,63,61,63,0,9004,1.9064526870154,22,-86,0.001869,51,2024-05-31 17:00:52.001823,584,1.037,0.0011,"aoml_navis",1029.70803932065
"7901009",36,0,1,0.028035,1,0.005607,1,113.948355518317,1,4.85568573387938,586,1,10.201000213623,35.2190017700195,0.0280349999666214,0,109.881500244141,-85.9272,22.0862,25.836245108432,63,63,63,63,61,63,0,9004,1.9064526870154,22,-86,0.001869,51,2024-05-31 17:00:52.001823,586,1.037,0.0011,"aoml_navis",1029.72067675503
"7901009",36,0,1,0.026166,1,0.003738,1,114.164362613971,1,4.85561226098004,588,1,10.1059999465942,35.2050018310547,0.0261659994721413,0,110.089797973633,-85.9272,22.0862,25.836245108432,63,63,63,63,61,63,0,9004,1.9064526870154,22,-86,0.001869,51,2024-05-31 17:00:52.001823,588,1.037,0.0011,"aoml_navis",1029.73625801637
"7901009",36,0,1,0.028035,1,0.005607,1,114.168721998254,1,4.85557140354845,590,1,10.0989999771118,35.2029991149902,0.0280349999666214,0,110.09400177002,-85.9272,22.0862,25.836245108432,63,63,63,63,61,63,0,9004,1.9064526870154,22,-86,0.001869,51,2024-05-31 17:00:52.001823,590,1.037,0.0011,"aoml_navis",1029.74492278005
"7901009",36,0,1,0.028035,1,0.005607,1,114.314836533546,1,4.8555143987346,592,1,10.0480003356934,35.1949996948242,0.0280349999666214,0,110.234901428223,-85.9272,22.0862,25.836245108432,63,63,63,63,61,63,0,9004,1.9064526870154,22,-86,0.001869,51,2024-05-31 17:00:52.001823,592,1.037,0.0011,"aoml_navis",1029.75701221338
"7901009",36,0,1,0.026166,1,0.003738,1,114.548684666512,1,4.85544843946657,594,1,9.97799968719482,35.185001373291,0.0261659994721413,0,110.460403442383,-85.9272,22.0862,25.836245108432,63,63,63,63,61,63,0,9004,1.9064526870154,22,-86,0.001869,51,2024-05-31 17:00:52.001823,594,1.037,0.0011,"aoml_navis",1029.77100103844
"7901009",36,0,1,0.028035,1,0.005607,1,114.636101793458,1,4.85539469813352,596,1,9.93900012969971,35.1790008544922,0.0280349999666214,0,110.544700622559,-85.9272,22.0862,25.836245108432,63,63,63,63,61,63,0,9004,1.9064526870154,22,-86,0.001869,51,2024-05-31 17:00:52.001823,596,1.037,0.0011,"aoml_navis",1029.78239893084
"7901009",36,0,1,0.029904,1,0.007476,1,114.649892005447,1,4.855345946339,598,1,9.90999984741211,35.173999786377,0.0299040004611015,0,110.557998657227,-85.9272,22.0862,25.836245108432,63,63,63,63,61,63,0,9004,1.9064526870154,22,-86,0.001869,51,2024-05-31 17:00:52.001823,598,1.037,0.0011,"aoml_navis",1029.7927388202
"7901009",36,0,1,0.028035,1,0.005607,1,114.613703577657,1,4.85529871436401,600,1,9.88700008392334,35.1699981689453,0.0280349999666214,0,110.523101806641,-85.9272,22.0862,25.836245108432,63,63,63,63,61,63,0,9004,1.9064526870154,22,-86,0.001869,51,2024-05-31 17:00:52.001823,600,1.037,0.0011,"aoml_navis",1029.8027565653
"7901009",36,0,1,0.029904,1,0.007476,1,114.650097711421,1,4.85523030705926,602,1,9.83500003814697,35.1650009155273,0.0299040004611015,0,110.558197021484,-85.9272,22.0862,25.836245108432,63,63,63,63,61,63,0,9004,1.9064526870154,22,-86,0.001869,51,2024-05-31 17:00:52.001823,602,1.037,0.0011,"aoml_navis",1029.8172658731
"7901009",36,0,1,0.028035,1,0.005607,1,114.765625350815,1,4.85517593983965,604,1,9.79500007629395,35.1590003967285,0.0280349999666214,0,110.66960144043,-85.9272,22.0862,25.836245108432,63,63,63,63,61,63,0,9004,1.9064526870154,22,-86,0.001869,51,2024-05-31 17:00:52.001823,604,1.037,0.0011,"aoml_navis",1029.82879754614
"7901009",36,0,1,0.028035,1,0.005607,1,114.73378839554,1,4.85512685474098,606,1,9.77400016784668,35.1559982299805,0.0280349999666214,0,110.638900756836,-85.9272,22.0862,25.836245108432,63,63,63,63,61,63,0,9004,1.9064526870154,22,-86,0.001869,51,2024-05-31 17:00:52.001823,606,1.037,0.0011,"aoml_navis",1029.83920906568
"7901009",36,0,1,0.031773,1,0.009345,1,114.730884776607,1,4.85508775601449,608,1,9.76900005340576,35.1539993286133,0.0317730009555817,0,110.636100769043,-85.9272,22.0862,25.836245108432,63,63,63,63,61,63,0,9004,1.9064526870154,22,-86,0.001869,51,2024-05-31 17:00:52.001823,608,1.037,0.0011,"aoml_navis",1029.84750251033
"7901009",36,0,1,0.024297,1,0.001869,1,114.870361338371,1,4.85501758165729,610,1,9.70600032806396,35.1469993591309,0.0242970008403063,0,110.770599365234,-85.9272,22.0862,25.836245108432,63,63,63,63,61,63,0,9004,1.9064526870154,22,-86,0.001869,51,2024-05-31 17:00:52.001823,610,1.037,0.0011,"aoml_navis",1029.86238791193
"7901009",36,0,1,0.028035,1,0.005607,1,114.936313838165,1,4.85495165658411,611.900024414062,1,9.64099979400635,35.1389999389648,0.0280349999666214,0,110.834197998047,-85.9272,22.0862,25.836245108432,63,63,63,63,61,63,0,9004,1.9064526870154,22,-86,0.001869,51,2024-05-31 17:00:52.001823,611.900024414062,1.037,0.0011,"aoml_navis",1029.8763723464
"7901009",36,0,1,0.026166,1,0.003738,1,114.995422658458,1,4.85489691402154,614,1,9.60700035095215,35.1339988708496,0.0261659994721413,0,110.89119720459,-85.9272,22.0862,25.836245108432,63,63,63,63,61,63,0,9004,1.9064526870154,22,-86,0.001869,51,2024-05-31 17:00:52.001823,614,1.037,0.0011,"aoml_navis",1029.88798496615
"7901009",36,0,1,0.028035,1,0.005607,1,114.970643000426,1,4.85485134883532,616,1,9.59000015258789,35.1310005187988,0.0280349999666214,0,110.867301940918,-85.9272,22.0862,25.836245108432,63,63,63,63,61,63,0,9004,1.9064526870154,22,-86,0.001869,51,2024-05-31 17:00:52.001823,616,1.037,0.0011,"aoml_navis",1029.89765097535
"7901009",36,0,1,0.022428,1,0,1,114.929786629392,1,4.85481227091864,618,1,9.58500003814697,35.1290016174316,0.0224280003458261,0,110.827903747559,-85.9272,22.0862,25.836245108432,63,63,63,63,61,63,0,9004,1.9064526870154,22,-86,0.001869,51,2024-05-31 17:00:52.001823,618,1.037,0.0011,"aoml_navis",1029.90594094669
"7901009",36,0,1,0.031773,1,0.009345,1,115.029229644017,1,4.85474060460292,620,1,9.52400016784668,35.1230010986328,0.0317730009555817,0,110.923797607422,-85.9272,22.0862,25.836245108432,63,63,63,63,61,63,0,9004,1.9064526870154,22,-86,0.001869,51,2024-05-31 17:00:52.001823,620,1.037,0.0011,"aoml_navis",1029.92114455288
"7901009",36,0,1,0.026166,1,0.003738,1,115.192979510647,1,4.85467537845597,622,1,9.45300006866455,35.1129989624023,0.0261659994721413,0,111.081703186035,-85.9272,22.0862,25.836245108432,63,63,63,63,61,63,0,9004,1.9064526870154,22,-86,0.001869,51,2024-05-31 17:00:52.001823,622,1.037,0.0011,"aoml_navis",1029.93498230365
"7901009",36,0,1,0.028035,1,0.005607,1,115.141434340763,1,4.85463273915019,624,1,9.4350004196167,35.109001159668,0.0280349999666214,0,111.031997680664,-85.9272,22.0862,25.836245108432,63,63,63,63,61,63,0,9004,1.9064526870154,22,-86,0.001869,51,2024-05-31 17:00:52.001823,624,1.037,0.0011,"aoml_navis",1029.94402844885
"7901009",36,0,1,0.028035,1,0.005607,1,115.254366920184,1,4.85455642270404,626,1,9.3459997177124,35.0979995727539,0.0280349999666214,0,111.140899658203,-85.9272,22.0862,25.836245108432,63,63,63,63,61,63,0,9004,1.9064526870154,22,-86,0.001869,51,2024-05-31 17:00:52.001823,626,1.037,0.0011,"aoml_navis",1029.96021976709
"7901009",36,0,1,0.026166,1,0.003738,1,115.372070295836,1,4.85448773436437,628,1,9.2790002822876,35.0900001525879,0.0261659994721413,0,111.254402160645,-85.9272,22.0862,25.836245108432,63,63,63,63,61,63,0,9004,1.9064526870154,22,-86,0.001869,51,2024-05-31 17:00:52.001823,628,1.037,0.0011,"aoml_navis",1029.97479313946
"7901009",36,0,1,0.029904,1,0.007476,1,115.421946082628,1,4.85442718028377,630,1,9.22599983215332,35.0830001831055,0.0299040004611015,0,111.30249786377,-85.9272,22.0862,25.836245108432,63,63,63,63,61,63,0,9004,1.9064526870154,22,-86,0.001869,51,2024-05-31 17:00:52.001823,630,1.037,0.0011,"aoml_navis",1029.98764103569
"7901009",36,0,1,0.028035,1,0.005607,1,115.477328460094,1,4.85436272088842,632,1,9.17700004577637,35.0779991149902,0.0280349999666214,0,111.355903625488,-85.9272,22.0862,25.836245108432,63,63,63,63,61,63,0,9004,1.9064526870154,22,-86,0.001869,51,2024-05-31 17:00:52.001823,632,1.037,0.0011,"aoml_navis",1030.00131788358
"7901009",36,0,1,0.028035,1,0.005607,1,115.558416172473,1,4.85430458321478,634,1,9.14000034332275,35.0740013122559,0.0280349999666214,0,111.434097290039,-85.9272,22.0862,25.836245108432,63,63,63,63,61,63,0,9004,1.9064526870154,22,-86,0.001869,51,2024-05-31 17:00:52.001823,634,1.037,0.0011,"aoml_navis",1030.01365371448
"7901009",36,0,1,0.022428,1,0,1,115.533842220414,1,4.85426345719177,636,1,9.12800025939941,35.0709991455078,0.0224280003458261,0,111.410400390625,-85.9272,22.0862,25.836245108432,63,63,63,63,61,63,0,9004,1.9064526870154,22,-86,0.001869,51,2024-05-31 17:00:52.001823,636,1.037,0.0011,"aoml_navis",1030.02238013932
"7901009",36,0,1,0.026166,1,0.003738,1,115.623126524658,1,4.85421160657864,638,1,9.10299968719482,35.068000793457,0.0261659994721413,0,111.49649810791,-85.9272,22.0862,25.836245108432,63,63,63,63,61,63,0,9004,1.9064526870154,22,-86,0.001869,51,2024-05-31 17:00:52.001823,638,1.037,0.0011,"aoml_navis",1030.03338239804
"7901009",36,0,1,0.028035,1,0.005607,1,115.698106351979,1,4.8541441082095,640,1,9.05000019073486,35.0629997253418,0.0280349999666214,0,111.568801879883,-85.9272,22.0862,25.836245108432,63,63,63,63,61,63,0,9004,1.9064526870154,22,-86,0.001869,51,2024-05-31 17:00:52.001823,640,1.037,0.0011,"aoml_navis",1030.04770532952
"7901009",36,0,1,0.026166,1,0.003738,1,115.728796100863,1,4.85409148328587,642,1,9.01500034332275,35.0579986572266,0.0261659994721413,0,111.59839630127,-85.9272,22.0862,25.836245108432,63,63,63,63,61,63,0,9004,1.9064526870154,22,-86,0.001869,51,2024-05-31 17:00:52.001823,642,1.037,0.0011,"aoml_navis",1030.05887244123
"7901009",36,0,1,0.026166,1,0.003738,1,115.726517511619,1,4.85403892609911,644,1,8.98900032043457,35.0550003051758,0.0261659994721413,0,111.596199035645,-85.9272,22.0862,25.836245108432,63,63,63,63,61,63,0,9004,1.9064526870154,22,-86,0.001869,51,2024-05-31 17:00:52.001823,644,1.037,0.0011,"aoml_navis",1030.0700254207
"7901009",36,0,1,0.029904,1,0.007476,1,115.928117277363,1,4.85397372934083,646,1,8.94299983978271,35.0509986877441,0.0299040004611015,0,111.790603637695,-85.9272,22.0862,25.836245108432,63,63,63,63,61,63,0,9004,1.9064526870154,22,-86,0.001869,51,2024-05-31 17:00:52.001823,646,1.037,0.0011,"aoml_navis",1030.08386093573
"7901009",36,0,1,0.026166,1,0.003738,1,116.275823666631,1,4.8538968507015,648,1,8.85999965667725,35.0419998168945,0.0261659994721413,0,112.125900268555,-85.9272,22.0862,25.836245108432,63,63,63,63,61,63,0,9004,1.9064526870154,22,-86,0.001869,51,2024-05-31 17:00:52.001823,648,1.037,0.0011,"aoml_navis",1030.10017596014
"7901009",36,0,1,0.028035,1,0.005607,1,116.397981367785,1,4.85384083419796,650,1,8.82499980926514,35.0379981994629,0.0280349999666214,0,112.243698120117,-85.9272,22.0862,25.836245108432,63,63,63,63,61,63,0,9004,1.9064526870154,22,-86,0.001869,51,2024-05-31 17:00:52.001823,650,1.037,0.0011,"aoml_navis",1030.11206399111
"7901009",36,0,1,0.031773,1,0.009345,1,116.42349682026,1,4.85379129215705,652,1,8.80700016021729,35.0359992980957,0.0317730009555817,0,112.26830291748,-85.9272,22.0862,25.836245108432,63,63,63,63,61,63,0,9004,1.9064526870154,22,-86,0.001869,51,2024-05-31 17:00:52.001823,652,1.037,0.0011,"aoml_navis",1030.12257821617
"7901009",36,0,1,0.029904,1,0.007476,1,116.549491728996,1,4.85373371697768,654,1,8.77000045776367,35.0320014953613,0.0299040004611015,0,112.389801025391,-85.9272,22.0862,25.836245108432,63,63,63,63,61,63,0,9004,1.9064526870154,22,-86,0.001869,51,2024-05-31 17:00:52.001823,654,1.037,0.0011,"aoml_navis",1030.13479757052
"7901009",36,0,1,0.026166,1,0.003738,1,116.613679904479,1,4.85368025028424,656,1,8.73799991607666,35.0279998779297,0.0261659994721413,0,112.451698303223,-85.9272,22.0862,25.836245108432,63,63,63,63,61,63,0,9004,1.9064526870154,22,-86,0.001869,51,2024-05-31 17:00:52.001823,656,1.037,0.0011,"aoml_navis",1030.14614522809
"7901009",36,0,1,0.031773,1,0.009345,1,116.511222506167,1,4.85363238124778,658,1,8.72200012207031,35.0260009765625,0.0317730009555817,0,112.352897644043,-85.9272,22.0862,25.836245108432,63,63,63,63,61,63,0,9004,1.9064526870154,22,-86,0.001869,51,2024-05-31 17:00:52.001823,658,1.037,0.0011,"aoml_navis",1030.15630506293
"7901009",36,0,1,0.029904,1,0.007476,1,116.338872547492,1,4.85358605721872,660,1,8.71700000762939,35.0260009765625,0.0299040004611015,0,112.186698913574,-85.9272,22.0862,25.836245108432,63,63,63,63,61,63,0,9004,1.9064526870154,22,-86,0.001869,51,2024-05-31 17:00:52.001823,660,1.037,0.0011,"aoml_navis",1030.16613717264
"7901009",36,0,1,0.029904,1,0.007476,1,116.082420492752,1,4.85354296387238,662,1,8.71599960327148,35.0260009765625,0.0299040004611015,0,111.939399719238,-85.9272,22.0862,25.836245108432,63,63,63,63,61,63,0,9004,1.9064526870154,22,-86,0.001869,51,2024-05-31 17:00:52.001823,662,1.037,0.0011,"aoml_navis",1030.17528374999
"7901009",36,0,1,0.024297,1,0.001869,1,116.166316882845,1,4.85348266611006,664,1,8.68000030517578,35.0229988098145,0.0242970008403063,0,112.020301818848,-85.9272,22.0862,25.836245108432,63,63,63,63,61,63,0,9004,1.9064526870154,22,-86,0.001869,51,2024-05-31 17:00:52.001823,664,1.037,0.0011,"aoml_navis",1030.18808224309
"7901009",36,0,1,0.033642,1,0.011214,1,116.435522707939,1,4.85341126352676,666,1,8.62100028991699,35.0180015563965,0.0336420014500618,0,112.279899597168,-85.9272,22.0862,25.836245108432,63,63,63,63,61,63,0,9004,1.9064526870154,22,-86,0.001869,51,2024-05-31 17:00:52.001823,666,1.037,0.0011,"aoml_navis",1030.20323819967
"7901009",36,0,1,0.028035,1,0.005607,1,116.405450076975,1,4.85335731163736,668,1,8.57900047302246,35.0120010375977,0.0280349999666214,0,112.250900268555,-85.9272,22.0862,25.836245108432,63,63,63,63,61,63,0,9004,1.9064526870154,22,-86,0.001869,51,2024-05-31 17:00:52.001823,668,1.037,0.0011,"aoml_navis",1030.21469035692
"7901009",36,0,1,0.028035,1,0.005607,1,116.11954250919,1,4.8532940192679,670,1,8.53899955749512,35.0089988708496,0.0280349999666214,0,111.975196838379,-85.9272,22.0862,25.836245108432,63,63,63,63,61,63,0,9004,1.9064526870154,22,-86,0.001869,51,2024-05-31 17:00:52.001823,670,1.037,0.0011,"aoml_navis",1030.22812550603
"7901009",36,0,1,0.029904,1,0.007476,1,115.710757269346,1,4.853239743405,672,1,8.54699993133545,35.0139999389648,0.0299040004611015,0,111.581001281738,-85.9272,22.0862,25.836245108432,63,63,63,63,61,63,0,9004,1.9064526870154,22,-86,0.001869,51,2024-05-31 17:00:52.001823,672,1.037,0.0011,"aoml_navis",1030.2396469893
"7901009",36,0,1,0.028035,1,0.005607,1,115.605293399114,1,4.85318642944179,674,1,8.54699993133545,35.0169982910156,0.0280349999666214,0,111.479301452637,-85.9272,22.0862,25.836245108432,63,63,63,63,61,63,0,9004,1.9064526870154,22,-86,0.001869,51,2024-05-31 17:00:52.001823,674,1.037,0.0011,"aoml_navis",1030.25096453488
"7901009",36,0,1,0.028035,1,0.005607,1,115.728796100863,1,4.85314587019636,676,1,8.53999996185303,35.0149993896484,0.0280349999666214,0,111.59839630127,-85.9272,22.0862,25.836245108432,63,63,63,63,61,63,0,9004,1.9064526870154,22,-86,0.001869,51,2024-05-31 17:00:52.001823,676,1.037,0.0011,"aoml_navis",1030.25957466176
"7901009",36,0,1,0.026166,1,0.003738,1,115.909136945429,1,4.85307244995348,678,1,8.45499992370605,35.0050010681152,0.0261659994721413,0,111.772300720215,-85.9272,22.0862,25.836245108432,63,63,63,63,61,63,0,9004,1.9064526870154,22,-86,0.001869,51,2024-05-31 17:00:52.001823,678,1.037,0.0011,"aoml_navis",1030.27516105759
"7901009",36,0,1,0.026166,1,0.003738,1,115.444455063184,1,4.85300637506119,680,1,8.40200042724609,35,0.0261659994721413,0,111.324203491211,-85.9272,22.0862,25.836245108432,63,63,63,63,61,63,0,9004,1.9064526870154,22,-86,0.001869,51,2024-05-31 17:00:52.001823,680,1.037,0.0011,"aoml_navis",1030.2891885109
"7901009",36,0,1,0.028035,1,0.005607,1,115.187172272782,1,4.85292891399787,682,1,8.4040002822876,35.0099983215332,0.0280349999666214,0,111.076103210449,-85.9272,22.0862,25.836245108432,63,63,63,63,61,63,0,9004,1.9064526870154,22,-86,0.001869,51,2024-05-31 17:00:52.001823,682,1.037,0.0011,"aoml_navis",1030.30563369225
"7901009",36,0,1,0.033642,1,0.011214,1,115.343445518454,1,4.85287042898485,684,1,8.37899971008301,35.0089988708496,0.0336420014500618,0,111.22679901123,-85.9272,22.0862,25.836245108432,63,63,63,63,61,63,0,9004,1.9064526870154,22,-86,0.001869,51,2024-05-31 17:00:52.001823,684,1.037,0.0011,"aoml_navis",1030.31805055754
"7901009",36,0,1,0.028035,1,0.005607,1,115.41053731287,1,4.8528259402658,686,1,8.36699962615967,35.0069999694824,0.0280349999666214,0,111.291496276855,-85.9272,22.0862,25.836245108432,63,63,63,63,61,63,0,9004,1.9064526870154,22,-86,0.001869,51,2024-05-31 17:00:52.001823,686,1.037,0.0011,"aoml_navis",1030.3274960911
"7901009",36,0,1,0.029904,1,0.007476,1,115.480540637987,1,4.85278095484664,688,1,8.35900020599365,35.0060005187988,0.0299040004611015,0,111.359001159668,-85.9272,22.0862,25.836245108432,63,63,63,63,61,63,0,9004,1.9064526870154,22,-86,0.001869,51,2024-05-31 17:00:52.001823,688,1.037,0.0011,"aoml_navis",1030.33704725665
"7901009",36,0,1,0.028035,1,0.005607,1,115.604565516438,1,4.85272353885977,690,1,8.32600021362305,35.0029983520508,0.0280349999666214,0,111.47859954834,-85.9272,22.0862,25.836245108432,63,63,63,63,61,63,0,9004,1.9064526870154,22,-86,0.001869,51,2024-05-31 17:00:52.001823,690,1.037,0.0011,"aoml_navis",1030.34923789927
"7901009",36,0,1,0.031773,1,0.009345,1,115.775261915557,1,4.85266666647523,692,1,8.28899955749512,34.9990005493164,0.0317730009555817,0,111.643203735352,-85.9272,22.0862,25.836245108432,63,63,63,63,61,63,0,9004,1.9064526870154,22,-86,0.001869,51,2024-05-31 17:00:52.001823,692,1.037,0.0011,"aoml_navis",1030.36131340787
"7901009",36,0,1,0.029904,1,0.007476,1,115.861848306841,1,4.85261302279253,694,1,8.27000045776367,34.9980010986328,0.0299040004611015,0,111.726699829102,-85.9272,22.0862,25.836245108432,63,63,63,63,61,63,0,9004,1.9064526870154,22,-86,0.001869,51,2024-05-31 17:00:52.001823,694,1.037,0.0011,"aoml_navis",1030.37270363724
"7901009",36,0,1,0.028035,1,0.005607,1,115.913804888672,1,4.85255992602912,696,1,8.24699974060059,34.9959983825684,0.0280349999666214,0,111.776802062988,-85.9272,22.0862,25.836245108432,63,63,63,63,61,63,0,9004,1.9064526870154,22,-86,0.001869,51,2024-05-31 17:00:52.001823,696,1.037,0.0011,"aoml_navis",1030.38397798655
"7901009",36,0,1,0.026166,1,0.003738,1,116.008793577795,1,4.85250814812848,698,1,8.2209997177124,34.9930000305176,0.0261659994721413,0,111.86840057373,-85.9272,22.0862,25.836245108432,63,63,63,63,61,63,0,9004,1.9064526870154,22,-86,0.001869,51,2024-05-31 17:00:52.001823,698,1.037,0.0011,"aoml_navis",1030.39497253156
"7901009",36,0,1,0.031773,1,0.009345,1,116.156980996358,1,4.85245586710469,700,1,8.19900035858154,34.9910011291504,0.0317730009555817,0,112.011299133301,-85.9272,22.0862,25.836245108432,63,63,63,63,61,63,0,9004,1.9064526870154,22,-86,0.001869,51,2024-05-31 17:00:52.001823,700,1.037,0.0011,"aoml_navis",1030.40607414805
"7901009",36,0,1,0.026166,1,0.003738,1,116.309108475488,1,4.85240911234126,702,1,8.18400001525879,34.9889984130859,0.0261659994721413,0,112.157997131348,-85.9272,22.0862,25.836245108432,63,63,63,63,61,63,0,9004,1.9064526870154,22,-86,0.001869,51,2024-05-31 17:00:52.001823,702,1.037,0.0011,"aoml_navis",1030.41600249315
"7901009",36,0,1,0.029904,1,0.007476,1,116.541920166819,1,4.85236103334758,704,1,8.17199993133545,34.9879989624023,0.0299040004611015,0,112.382499694824,-85.9272,22.0862,25.836245108432,63,63,63,63,61,63,0,9004,1.9064526870154,22,-86,0.001869,51,2024-05-31 17:00:52.001823,704,1.037,0.0011,"aoml_navis",1030.42621223726
"7901009",36,0,1,0.029904,1,0.007476,1,116.957240527205,1,4.8522900588669,706,1,8.11200046539307,34.9830017089844,0.0299040004611015,0,112.782997131348,-85.9272,22.0862,25.836245108432,63,63,63,63,61,63,0,9004,1.9064526870154,22,-86,0.001869,51,2024-05-31 17:00:52.001823,706,1.037,0.0011,"aoml_navis",1030.44128428868
"7901009",36,0,1,0.031773,1,0.009345,1,117.310659213121,1,4.85221613949423,708,1,8.04800033569336,34.9780006408691,0.0317730009555817,0,113.123802185059,-85.9272,22.0862,25.836245108432,63,63,63,63,61,63,0,9004,1.9064526870154,22,-86,0.001869,51,2024-05-31 17:00:52.001823,708,1.037,0.0011,"aoml_navis",1030.45698218241
"7901009",36,0,1,0.028035,1,0.005607,1,117.582357245201,1,4.85216747640496,710,1,8.02099990844727,34.9739990234375,0.0280349999666214,0,113.385803222656,-85.9272,22.0862,25.836245108432,63,63,63,63,61,63,0,9004,1.9064526870154,22,-86,0.001869,51,2024-05-31 17:00:52.001823,710,1.037,0.0011,"aoml_navis",1030.46731678449
"7901009",36,0,1,0.029904,1,0.007476,1,117.913369803547,1,4.85210097654333,712,1,7.97100019454956,34.9700012207031,0.0299040004611015,0,113.705001831055,-85.9272,22.0862,25.836245108432,63,63,63,63,61,63,0,9004,1.9064526870154,22,-86,0.001869,51,2024-05-31 17:00:52.001823,712,1.037,0.0011,"aoml_navis",1030.48143972511
"7901009",36,0,1,0.029904,1,0.007476,1,118.158618794503,1,4.85203672564141,714,1,7.91900014877319,34.9650001525879,0.0299040004611015,0,113.941497802734,-85.9272,22.0862,25.836245108432,63,63,63,63,61,63,0,9004,1.9064526870154,22,-86,0.001869,51,2024-05-31 17:00:52.001823,714,1.037,0.0011,"aoml_navis",1030.49508540953
"7901009",36,0,1,0.026166,1,0.003738,1,118.276219317168,1,4.85197852644309,716,1,7.88899993896484,34.9630012512207,0.0261659994721413,0,114.054901123047,-85.9272,22.0862,25.836245108432,63,63,63,63,61,63,0,9004,1.9064526870154,22,-86,0.001869,51,2024-05-31 17:00:52.001823,716,1.037,0.0011,"aoml_navis",1030.50744613774
"7901009",36,0,1,0.029904,1,0.007476,1,118.319567895187,1,4.85192902607179,718,1,7.875,34.9620018005371,0.0299040004611015,0,114.096702575684,-85.9272,22.0862,25.836245108432,63,63,63,63,61,63,0,9004,1.9064526870154,22,-86,0.001869,51,2024-05-31 17:00:52.001823,718,1.037,0.0011,"aoml_navis",1030.51795958526
"7901009",36,0,1,0.028035,1,0.005607,1,118.368201534371,1,4.85188202755622,720,1,7.86899995803833,34.9620018005371,0.0280349999666214,0,114.143600463867,-85.9272,22.0862,25.836245108432,63,63,63,63,61,63,0,9004,1.9064526870154,22,-86,0.001869,51,2024-05-31 17:00:52.001823,720,1.037,0.0011,"aoml_navis",1030.52794185896
"7901009",36,0,1,0.031773,1,0.009345,1,118.418805203838,1,4.85183348883336,722,1,7.86100006103516,34.9620018005371,0.0317730009555817,0,114.192398071289,-85.9272,22.0862,25.836245108432,63,63,63,63,61,63,0,9004,1.9064526870154,22,-86,0.001869,51,2024-05-31 17:00:52.001823,722,1.037,0.0011,"aoml_navis",1030.53825146878
"7901009",36,0,1,0.029904,1,0.007476,1,118.526136251368,1,4.85178769048818,724,1,7.84700012207031,34.9599990844727,0.0299040004611015,0,114.2958984375,-85.9272,22.0862,25.836245108432,63,63,63,63,61,63,0,9004,1.9064526870154,22,-86,0.001869,51,2024-05-31 17:00:52.001823,724,1.037,0.0011,"aoml_navis",1030.54797921236
"7901009",36,0,1,0.029904,1,0.007476,1,118.70242627061,1,4.85172512521398,726,1,7.81599998474121,34.9589996337891,0.0299040004611015,0,114.465896606445,-85.9272,22.0862,25.836245108432,63,63,63,63,61,63,0,9004,1.9064526870154,22,-86,0.001869,51,2024-05-31 17:00:52.001823,726,1.037,0.0011,"aoml_navis",1030.56126861257
"7901009",36,0,1,0.028035,1,0.005607,1,118.819093204626,1,4.8516831802042,728,1,7.80700016021729,34.9570007324219,0.0280349999666214,0,114.578399658203,-85.9272,22.0862,25.836245108432,63,63,63,63,61,63,0,9004,1.9064526870154,22,-86,0.001869,51,2024-05-31 17:00:52.001823,728,1.037,0.0011,"aoml_navis",1030.57017828389
"7901009",36,0,1,0.031773,1,0.009345,1,119.005344140045,1,4.85163833224813,730,1,7.79899978637695,34.9560012817383,0.0317730009555817,0,114.758003234863,-85.9272,22.0862,25.836245108432,63,63,63,63,61,63,0,9004,1.9064526870154,22,-86,0.001869,51,2024-05-31 17:00:52.001823,730,1.037,0.0011,"aoml_navis",1030.57970474958
"7901009",36,0,1,0.028035,1,0.005607,1,119.222079118374,1,4.85157490634377,732,1,7.76200008392334,34.9539985656738,0.0280349999666214,0,114.967002868652,-85.9272,22.0862,25.836245108432,63,63,63,63,61,63,0,9004,1.9064526870154,22,-86,0.001869,51,2024-05-31 17:00:52.001823,732,1.037,0.0011,"aoml_navis",1030.5931777869
"7901009",36,0,1,0.033642,1,0.011214,1,119.389452574844,1,4.85151688242932,734,1,7.73199987411499,34.9519996643066,0.0336420014500618,0,115.128402709961,-85.9272,22.0862,25.836245108432,63,63,63,63,61,63,0,9004,1.9064526870154,22,-86,0.001869,51,2024-05-31 17:00:52.001823,734,1.037,0.0011,"aoml_navis",1030.60550363299
"7901009",36,0,1,0.029904,1,0.007476,1,119.513168894335,1,4.85147205355264,736,1,7.72399997711182,34.951000213623,0.0299040004611015,0,115.247703552246,-85.9272,22.0862,25.836245108432,63,63,63,63,61,63,0,9004,1.9064526870154,22,-86,0.001869,51,2024-05-31 17:00:52.001823,736,1.037,0.0011,"aoml_navis",1030.61502669867
"7901009",36,0,1,0.028035,1,0.005607,1,119.777912482159,1,4.8514102514552,738,1,7.68900012969971,34.9490013122559,0.0280349999666214,0,115.502998352051,-85.9272,22.0862,25.836245108432,63,63,63,63,61,63,0,9004,1.9064526870154,22,-86,0.001869,51,2024-05-31 17:00:52.001823,738,1.037,0.0011,"aoml_navis",1030.62815569972
"7901009",36,0,1,0.028035,1,0.005607,1,120.117952368033,1,4.85135981699502,740,1,7.66400003433228,34.9459991455078,0.0280349999666214,0,115.830902099609,-85.9272,22.0862,25.836245108432,63,63,63,63,61,63,0,9004,1.9064526870154,22,-86,0.001869,51,2024-05-31 17:00:52.001823,740,1.037,0.0011,"aoml_navis",1030.63887005129
"7901009",36,0,1,0.029904,1,0.007476,1,120.50392798013,1,4.85129644485555,742,1,7.62200021743774,34.943000793457,0.0299040004611015,0,116.203102111816,-85.9272,22.0862,25.836245108432,63,63,63,63,61,63,0,9004,1.9064526870154,22,-86,0.001869,51,2024-05-31 17:00:52.001823,742,1.037,0.0011,"aoml_navis",1030.65233321335
"7901009",36,0,1,0.029904,1,0.007476,1,120.804242877823,1,4.85124099289313,744,1,7.59999990463257,34.9420013427734,0.0299040004611015,0,116.492698669434,-85.9272,22.0862,25.836245108432,63,63,63,63,61,63,0,9004,1.9064526870154,22,-86,0.001869,51,2024-05-31 17:00:52.001823,744,1.037,0.0011,"aoml_navis",1030.66411405346
"7901009",36,0,1,0.033642,1,0.011214,1,121.341309527416,1,4.85118773018985,746,1,7.57600021362305,34.939998626709,0.0336420014500618,0,117.010597229004,-85.9272,22.0862,25.836245108432,63,63,63,63,61,63,0,9004,1.9064526870154,22,-86,0.001869,51,2024-05-31 17:00:52.001823,746,1.037,0.0011,"aoml_navis",1030.67543003625
"7901009",36,0,1,0.031773,1,0.009345,1,121.987574401835,1,4.85113381542426,748,1,7.52199983596802,34.931999206543,0.0317730009555817,0,117.633796691895,-85.9272,22.0862,25.836245108432,63,63,63,63,61,63,0,9004,1.9064526870154,22,-86,0.001869,51,2024-05-31 17:00:52.001823,748,1.037,0.0011,"aoml_navis",1030.68688480668
"7901009",36,0,1,0.029904,1,0.007476,1,122.488452623638,1,4.8510783358856,750,1,7.45599985122681,34.9220008850098,0.0299040004611015,0,118.116798400879,-85.9272,22.0862,25.836245108432,63,63,63,63,61,63,0,9004,1.9064526870154,22,-86,0.001869,51,2024-05-31 17:00:52.001823,750,1.037,0.0011,"aoml_navis",1030.69867229576
"7901009",36,0,1,0.029904,1,0.007476,1,122.69191956668,1,4.85101736010061,752,1,7.40199995040894,34.9160003662109,0.0299040004611015,0,118.313003540039,-85.9272,22.0862,25.836245108432,63,63,63,63,61,63,0,9004,1.9064526870154,22,-86,0.001869,51,2024-05-31 17:00:52.001823,752,1.037,0.0011,"aoml_navis",1030.71162785868
"7901009",36,0,1,0.031773,1,0.009345,1,122.555860888783,1,4.8509756130561,754,1,7.39799976348877,34.9150009155273,0.0317730009555817,0,118.181800842285,-85.9272,22.0862,25.836245108432,63,63,63,63,61,63,0,9004,1.9064526870154,22,-86,0.001869,51,2024-05-31 17:00:52.001823,754,1.037,0.0011,"aoml_navis",1030.72049806699
"7901009",36,0,1,0.029904,1,0.007476,1,122.47196449869,1,4.85091797155977,756,1,7.41200017929077,34.9220008850098,0.0299040004611015,0,118.100898742676,-85.9272,22.0862,25.836245108432,63,63,63,63,61,63,0,9004,1.9064526870154,22,-86,0.001869,51,2024-05-31 17:00:52.001823,756,1.037,0.0011,"aoml_navis",1030.7327457018
"7901009",36,0,1,0.026166,1,0.003738,1,122.534601967604,1,4.85087255176949,758,1,7.40799999237061,34.9220008850098,0.0261659994721413,0,118.16130065918,-85.9272,22.0862,25.836245108432,63,63,63,63,61,63,0,9004,1.9064526870154,22,-86,0.001869,51,2024-05-31 17:00:52.001823,758,1.037,0.0011,"aoml_navis",1030.74239667998
"7901009",36,0,1,0.026166,1,0.003738,1,122.81272435547,1,4.85081535288497,760,1,7.40299987792969,34.9249992370605,0.0261659994721413,0,118.429496765137,-85.9272,22.0862,25.836245108432,63,63,63,63,61,63,0,9004,1.9064526870154,22,-86,0.001869,51,2024-05-31 17:00:52.001823,760,1.037,0.0011,"aoml_navis",1030.75455078419
"7901009",36,0,1,0.029904,1,0.007476,1,123.160747215467,1,4.85076609501556,762,1,7.38899993896484,34.923999786377,0.0299040004611015,0,118.765098571777,-85.9272,22.0862,25.836245108432,63,63,63,63,61,63,0,9004,1.9064526870154,22,-86,0.001869,51,2024-05-31 17:00:52.001823,762,1.037,0.0011,"aoml_navis",1030.76501774385
"7901009",36,0,1,0.031773,1,0.009345,1,123.798198380101,1,4.85072060022169,764,1,7.38000011444092,34.9230003356934,0.0317730009555817,0,119.37979888916,-85.9272,22.0862,25.836245108432,63,63,63,63,61,63,0,9004,1.9064526870154,22,-86,0.001869,51,2024-05-31 17:00:52.001823,764,1.037,0.0011,"aoml_navis",1030.7746852646
"7901009",36,0,1,0.031773,1,0.009345,1,124.75950986462,1,4.85066371375697,766,1,7.34600019454956,34.9199981689453,0.0317730009555817,0,120.306800842285,-85.9272,22.0862,25.836245108432,63,63,63,63,61,63,0,9004,1.9064526870154,22,-86,0.001869,51,2024-05-31 17:00:52.001823,766,1.037,0.0011,"aoml_navis",1030.78677373975
"7901009",36,0,1,0.031773,1,0.009345,1,126.027568514386,1,4.85058170489515,768,1,7.22900009155273,34.9070014953613,0.0317730009555817,0,121.529602050781,-85.9272,22.0862,25.836245108432,63,63,63,63,61,63,0,9004,1.9064526870154,22,-86,0.001869,51,2024-05-31 17:00:52.001823,768,1.037,0.0011,"aoml_navis",1030.80420126808
"7901009",36,0,1,0.026166,1,0.003738,1,126.608189447972,1,4.85051955702589,770,1,7.12799978256226,34.8919982910156,0.0261659994721413,0,122.089500427246,-85.9272,22.0862,25.836245108432,63,63,63,63,61,63,0,9004,1.9064526870154,22,-86,0.001869,51,2024-05-31 17:00:52.001823,770,1.037,0.0011,"aoml_navis",1030.81740857175
"7901009",36,0,1,0.029904,1,0.007476,1,126.993334324407,1,4.85045789752945,772,1,7.10200023651123,34.8919982910156,0.0299040004611015,0,122.460899353027,-85.9272,22.0862,25.836245108432,63,63,63,63,61,63,0,9004,1.9064526870154,22,-86,0.001869,51,2024-05-31 17:00:52.001823,772,1.037,0.0011,"aoml_navis",1030.83051242373
"7901009",36,0,1,0.028035,1,0.005607,1,127.161435663553,1,4.85040362093256,774,1,7.07600021362305,34.8899993896484,0.0280349999666214,0,122.623001098633,-85.9272,22.0862,25.836245108432,63,63,63,63,61,63,0,9004,1.9064526870154,22,-86,0.001869,51,2024-05-31 17:00:52.001823,774,1.037,0.0011,"aoml_navis",1030.8420475405
"7901009",36,0,1,0.031773,1,0.009345,1,127.364166812152,1,4.85035970022129,776,1,7.0789999961853,34.890998840332,0.0317730009555817,0,122.818496704102,-85.9272,22.0862,25.836245108432,63,63,63,63,61,63,0,9004,1.9064526870154,22,-86,0.001869,51,2024-05-31 17:00:52.001823,776,1.037,0.0011,"aoml_navis",1030.85138196491
"7901009",36,0,1,0.035511,1,0.013083,1,127.833935961355,1,4.85029292505135,778,1,7.05600023269653,34.8930015563965,0.0355109982192516,0,123.271499633789,-85.9272,22.0862,25.836245108432,63,63,63,63,61,63,0,9004,1.9064526870154,22,-86,0.001869,51,2024-05-31 17:00:52.001823,778,1.037,0.0011,"aoml_navis",1030.86557394821
"7901009",36,0,1,0.033642,1,0.011214,1,128.419019132211,1,4.85024238420175,780,1,7.03000020980835,34.8899993896484,0.0336420014500618,0,123.83570098877,-85.9272,22.0862,25.836245108432,63,63,63,63,61,63,0,9004,1.9064526870154,22,-86,0.001869,51,2024-05-31 17:00:52.001823,780,1.037,0.0011,"aoml_navis",1030.87631584888
"7901009",36,0,1,0.029904,1,0.007476,1,129.075339864024,1,4.85017505660203,782,1,6.96099996566772,34.882999420166,0.0299040004611015,0,124.468597412109,-85.9272,22.0862,25.836245108432,63,63,63,63,61,63,0,9004,1.9064526870154,22,-86,0.001869,51,2024-05-31 17:00:52.001823,782,1.037,0.0011,"aoml_navis",1030.89062593607
"7901009",36,0,1,0.028035,1,0.005607,1,129.322463944046,1,4.85010996378449,784,1,6.92000007629395,34.8810005187988,0.0280349999666214,0,124.706901550293,-85.9272,22.0862,25.836245108432,63,63,63,63,61,63,0,9004,1.9064526870154,22,-86,0.001869,51,2024-05-31 17:00:52.001823,784,1.037,0.0011,"aoml_navis",1030.90446141113
"7901009",36,0,1,0.028035,1,0.005607,1,129.498959669262,1,4.85006383987683,786,1,6.91499996185303,34.8810005187988,0.0280349999666214,0,124.877098083496,-85.9272,22.0862,25.836245108432,63,63,63,63,61,63,0,9004,1.9064526870154,22,-86,0.001869,51,2024-05-31 17:00:52.001823,786,1.037,0.0011,"aoml_navis",1030.91426527016
"7901009",36,0,1,0.033642,1,0.011214,1,129.816490574579,1,4.85001917862502,788,1,6.91200017929077,34.8810005187988,0.0336420014500618,0,125.183296203613,-85.9272,22.0862,25.836245108432,63,63,63,63,61,63,0,9004,1.9064526870154,22,-86,0.001869,51,2024-05-31 17:00:52.001823,788,1.037,0.0011,"aoml_navis",1030.92375841233
"7901009",36,0,1,0.035511,1,0.013083,1,130.243330469478,1,4.8499636011002,790,1,6.88899993896484,34.8800010681152,0.0355109982192516,0,125.594902038574,-85.9272,22.0862,25.836245108432,63,63,63,63,61,63,0,9004,1.9064526870154,22,-86,0.001869,51,2024-05-31 17:00:52.001823,790,1.037,0.0011,"aoml_navis",1030.93557214857
"7901009",36,0,1,0.028035,1,0.005607,1,130.659892977473,1,4.84989853828423,792,1,6.85799980163574,34.8800010681152,0.0280349999666214,0,125.996597290039,-85.9272,22.0862,25.836245108432,63,63,63,63,61,63,0,9004,1.9064526870154,22,-86,0.001869,51,2024-05-31 17:00:52.001823,792,1.037,0.0011,"aoml_navis",1030.94940245263
"7901009",36,0,1,0.031773,1,0.009345,1,130.901621231576,1,4.84983792038309,794,1,6.82800006866455,34.8790016174316,0.0317730009555817,0,126.229698181152,-85.9272,22.0862,25.836245108432,63,63,63,63,61,63,0,9004,1.9064526870154,22,-86,0.001869,51,2024-05-31 17:00:52.001823,794,1.037,0.0011,"aoml_navis",1030.9622882418
"7901009",36,0,1,0.029904,1,0.007476,1,131.097928024388,1,4.84978381897916,796,1,6.81199979782104,34.8790016174316,0.0299040004611015,0,126.418998718262,-85.9272,22.0862,25.836245108432,63,63,63,63,61,63,0,9004,1.9064526870154,22,-86,0.001869,51,2024-05-31 17:00:52.001823,796,1.037,0.0011,"aoml_navis",1030.97378906519
"7901009",36,0,1,0.028035,1,0.005607,1,131.28946402097,1,4.84974067887775,798,1,6.80600023269653,34.8779983520508,0.0280349999666214,0,126.603698730469,-85.9272,22.0862,25.836245108432,63,63,63,63,61,63,0,9004,1.9064526870154,22,-86,0.001869,51,2024-05-31 17:00:52.001823,798,1.037,0.0011,"aoml_navis",1030.98295992952
"7901009",36,0,1,0.028035,1,0.005607,1,131.606274955381,1,4.84968434668009,800,1,6.79199981689453,34.8790016174316,0.0280349999666214,0,126.909202575684,-85.9272,22.0862,25.836245108432,63,63,63,63,61,63,0,9004,1.9064526870154,22,-86,0.001869,51,2024-05-31 17:00:52.001823,800,1.037,0.0011,"aoml_navis",1030.9949354586
"7901009",36,0,1,0.028035,1,0.005607,1,131.906178441127,1,4.84963026570215,802,1,6.77600002288818,34.8790016174316,0.0280349999666214,0,127.198402404785,-85.9272,22.0862,25.836245108432,63,63,63,63,61,63,0,9004,1.9064526870154,22,-86,0.001869,51,2024-05-31 17:00:52.001823,802,1.037,0.0011,"aoml_navis",1031.00643266793
"7901009",36,0,1,0.028035,1,0.005607,1,132.152361020732,1,4.84957764247185,804,1,6.76200008392334,34.8790016174316,0.0280349999666214,0,127.43579864502,-85.9272,22.0862,25.836245108432,63,63,63,63,61,63,0,9004,1.9064526870154,22,-86,0.001869,51,2024-05-31 17:00:52.001823,804,1.037,0.0011,"aoml_navis",1031.01762021723
"7901009",36,0,1,0.031773,1,0.009345,1,132.45071379991,1,4.84952575003476,806,1,6.74900007247925,34.8790016174316,0.0317730009555817,0,127.723503112793,-85.9272,22.0862,25.836245108432,63,63,63,63,61,63,0,9004,1.9064526870154,22,-86,0.001869,51,2024-05-31 17:00:52.001823,806,1.037,0.0011,"aoml_navis",1031.02865263973
"7901009",36,0,1,0.028035,1,0.005607,1,132.778094856648,1,4.84946367392458,808,1,6.72700023651123,34.8800010681152,0.0280349999666214,0,128.039199829102,-85.9272,22.0862,25.836245108432,63,63,63,63,61,63,0,9004,1.9064526870154,22,-86,0.001869,51,2024-05-31 17:00:52.001823,808,1.037,0.0011,"aoml_navis",1031.04185043902
"7901009",36,0,1,0.024297,1,0.001869,1,132.945254695377,1,4.84940739456876,810,1,6.71299982070923,34.8810005187988,0.0242970008403063,0,128.200393676758,-85.9272,22.0862,25.836245108432,63,63,63,63,61,63,0,9004,1.9064526870154,22,-86,0.001869,51,2024-05-31 17:00:52.001823,810,1.037,0.0011,"aoml_navis",1031.0538161013
"7901009",36,0,1,0.033642,1,0.011214,1,133.050307153662,1,4.84936347130164,812,1,6.71099996566772,34.8810005187988,0.0336420014500618,0,128.301696777344,-85.9272,22.0862,25.836245108432,63,63,63,63,61,63,0,9004,1.9064526870154,22,-86,0.001869,51,2024-05-31 17:00:52.001823,812,1.037,0.0011,"aoml_navis",1031.06315490473
"7901009",36,0,1,0.029904,1,0.007476,1,133.25988989353,1,4.84932099558585,814,1,6.71099996566772,34.8810005187988,0.0299040004611015,0,128.503799438477,-85.9272,22.0862,25.836245108432,63,63,63,63,61,63,0,9004,1.9064526870154,22,-86,0.001869,51,2024-05-31 17:00:52.001823,814,1.037,0.0011,"aoml_navis",1031.07218609601
"7901009",36,0,1,0.031773,1,0.009345,1,133.535535897946,1,4.8492596001605,816,1,6.69500017166138,34.882999420166,0.0317730009555817,0,128.769607543945,-85.9272,22.0862,25.836245108432,63,63,63,63,61,63,0,9004,1.9064526870154,22,-86,0.001869,51,2024-05-31 17:00:52.001823,816,1.037,0.0011,"aoml_navis",1031.08524027761
"7901009",36,0,1,0.033642,1,0.011214,1,133.6421390628,1,4.84920976761734,818,1,6.69500017166138,34.8849983215332,0.0336420014500618,0,128.872406005859,-85.9272,22.0862,25.836245108432,63,63,63,63,61,63,0,9004,1.9064526870154,22,-86,0.001869,51,2024-05-31 17:00:52.001823,818,1.037,0.0011,"aoml_navis",1031.09583614832
"7901009",36,0,1,0.029904,1,0.007476,1,133.805153134987,1,4.8491605182579,820,1,6.70599985122681,34.8889999389648,0.0299040004611015,0,129.029602050781,-85.9272,22.0862,25.836245108432,63,63,63,63,61,63,0,9004,1.9064526870154,22,-86,0.001869,51,2024-05-31 17:00:52.001823,820,1.037,0.0011,"aoml_navis",1031.10630823091
"7901009",36,0,1,0.026166,1,0.003738,1,133.969306501797,1,4.84909753555842,822,1,6.69799995422363,34.8930015563965,0.0261659994721413,0,129.187896728516,-85.9272,22.0862,25.836245108432,63,63,63,63,61,63,0,9004,1.9064526870154,22,-86,0.001869,51,2024-05-31 17:00:52.001823,822,1.037,0.0011,"aoml_navis",1031.1197007969
"7901009",36,0,1,0.031773,1,0.009345,1,134.044594888077,1,4.84905217861569,824,1,6.69399976730347,34.8930015563965,0.0317730009555817,0,129.260498046875,-85.9272,22.0862,25.836245108432,63,63,63,63,61,63,0,9004,1.9064526870154,22,-86,0.001869,51,2024-05-31 17:00:52.001823,824,1.037,0.0011,"aoml_navis",1031.12934565852
"7901009",36,0,1,0.029904,1,0.007476,1,134.115120389896,1,4.84900696736643,826,1,6.67999982833862,34.890998840332,0.0299040004611015,0,129.328506469727,-85.9272,22.0862,25.836245108432,63,63,63,63,61,63,0,9004,1.9064526870154,22,-86,0.001869,51,2024-05-31 17:00:52.001823,826,1.037,0.0011,"aoml_navis",1031.13895971892
"7901009",36,0,1,0.028035,1,0.005607,1,134.17276553307,1,4.84896305944959,828,1,6.67799997329712,34.890998840332,0.0280349999666214,0,129.384094238281,-85.9272,22.0862,25.836245108432,63,63,63,63,61,63,0,9004,1.9064526870154,22,-86,0.001869,51,2024-05-31 17:00:52.001823,828,1.037,0.0011,"aoml_navis",1031.1482968005
"7901009",36,0,1,0.028035,1,0.005607,1,134.215077669454,1,4.84891698519534,830,1,6.6729998588562,34.890998840332,0.0280349999666214,0,129.424896240234,-85.9272,22.0862,25.836245108432,63,63,63,63,61,63,0,9004,1.9064526870154,22,-86,0.001869,51,2024-05-31 17:00:52.001823,830,1.037,0.0011,"aoml_navis",1031.15809473867
"7901009",36,0,1,0.031773,1,0.009345,1,134.229287205158,1,4.8488767598076,832,1,6.6710000038147,34.8899993896484,0.0317730009555817,0,129.438598632812,-85.9272,22.0862,25.836245108432,63,63,63,63,61,63,0,9004,1.9064526870154,22,-86,0.001869,51,2024-05-31 17:00:52.001823,832,1.037,0.0011,"aoml_navis",1031.16664903614
"7901009",36,0,1,0.026166,1,0.003738,1,134.245253153405,1,4.84883430302363,834,1,6.6710000038147,34.8899993896484,0.0261659994721413,0,129.453994750977,-85.9272,22.0862,25.836245108432,63,63,63,63,61,63,0,9004,1.9064526870154,22,-86,0.001869,51,2024-05-31 17:00:52.001823,834,1.037,0.0011,"aoml_navis",1031.17567801443
"7901009",36,0,1,0.033642,1,0.011214,1,134.277817991355,1,4.84878967987158,836,1,6.66800022125244,34.8899993896484,0.0336420014500618,0,129.485397338867,-85.9272,22.0862,25.836245108432,63,63,63,63,61,63,0,9004,1.9064526870154,22,-86,0.001869,51,2024-05-31 17:00:52.001823,836,1.037,0.0011,"aoml_navis",1031.18516786903
"7901009",36,0,1,0.031773,1,0.009345,1,134.344704079798,1,4.84874650417901,838,1,6.66699981689453,34.8899993896484,0.0317730009555817,0,129.549896240234,-85.9272,22.0862,25.836245108432,63,63,63,63,61,63,0,9004,1.9064526870154,22,-86,0.001869,51,2024-05-31 17:00:52.001823,838,1.037,0.0011,"aoml_navis",1031.19435006359
"7901009",36,0,1,0.031773,1,0.009345,1,134.462304602463,1,4.84870477781907,840,1,6.66800022125244,34.8899993896484,0.0317730009555817,0,129.663299560547,-85.9272,22.0862,25.836245108432,63,63,63,63,61,63,0,9004,1.9064526870154,22,-86,0.001869,51,2024-05-31 17:00:52.001823,840,1.037,0.0011,"aoml_navis",1031.2032241833
"7901009",36,0,1,0.029904,1,0.007476,1,134.727681131743,1,4.84865365192274,842,1,6.6560001373291,34.8899993896484,0.0299040004611015,0,129.919204711914,-85.9272,22.0862,25.836245108432,63,63,63,63,61,63,0,9004,1.9064526870154,22,-86,0.001869,51,2024-05-31 17:00:52.001823,842,1.037,0.0011,"aoml_navis",1031.21409755
"7901009",36,0,1,0.031773,1,0.009345,1,135.041889094413,1,4.84860253109037,844,1,6.64400005340576,34.8899993896484,0.0317730009555817,0,130.222198486328,-85.9272,22.0862,25.836245108432,63,63,63,63,61,63,0,9004,1.9064526870154,22,-86,0.001869,51,2024-05-31 17:00:52.001823,844,1.037,0.0011,"aoml_navis",1031.22497006897
"7901009",36,0,1,0.029904,1,0.007476,1,135.401842900869,1,4.84854498893976,846,1,6.61800003051758,34.8889999389648,0.0299040004611015,0,130.569305419922,-85.9272,22.0862,25.836245108432,63,63,63,63,61,63,0,9004,1.9064526870154,22,-86,0.001869,51,2024-05-31 17:00:52.001823,846,1.037,0.0011,"aoml_navis",1031.23720856581
"7901009",36,0,1,0.026166,1,0.003738,1,135.704752858536,1,4.84849107527167,848,1,6.59700012207031,34.8880004882812,0.0261659994721413,0,130.861404418945,-85.9272,22.0862,25.836245108432,63,63,63,63,61,63,0,9004,1.9064526870154,22,-86,0.001869,51,2024-05-31 17:00:52.001823,848,1.037,0.0011,"aoml_navis",1031.24867559333
"7901009",36,0,1,0.031773,1,0.009345,1,136.029024590367,1,4.84844085664332,850,1,6.57600021362305,34.8860015869141,0.0317730009555817,0,131.174102783203,-85.9272,22.0862,25.836245108432,63,63,63,63,61,63,0,9004,1.9064526870154,22,-86,0.001869,51,2024-05-31 17:00:52.001823,850,1.037,0.0011,"aoml_navis",1031.25935694338
"7901009",36,0,1,0.028035,1,0.005607,1,136.343232553037,1,4.84838707492577,852,1,6.55000019073486,34.8839988708496,0.0280349999666214,0,131.477096557617,-85.9272,22.0862,25.836245108432,63,63,63,63,61,63,0,9004,1.9064526870154,22,-86,0.001869,51,2024-05-31 17:00:52.001823,852,1.037,0.0011,"aoml_navis",1031.27079639708
"7901009",36,0,1,0.029904,1,0.007476,1,136.750783557041,1,4.84833815240083,854,1,6.54099988937378,34.8839988708496,0.0299040004611015,0,131.870101928711,-85.9272,22.0862,25.836245108432,63,63,63,63,61,63,0,9004,1.9064526870154,22,-86,0.001869,51,2024-05-31 17:00:52.001823,854,1.037,0.0011,"aoml_navis",1031.2812025135
"7901009",36,0,1,0.026166,1,0.003738,1,137.286093794091,1,4.84828295611146,856,1,6.51300001144409,34.8819999694824,0.0261659994721413,0,132.386306762695,-85.9272,22.0862,25.836245108432,63,63,63,63,61,63,0,9004,1.9064526870154,22,-86,0.001869,51,2024-05-31 17:00:52.001823,856,1.037,0.0011,"aoml_navis",1031.29294334962
"7901009",36,0,1,0.029904,1,0.007476,1,137.857370929422,1,4.84821542238126,858,1,6.47800016403198,34.8819999694824,0.0299040004611015,0,132.937194824219,-85.9272,22.0862,25.836245108432,63,63,63,63,61,63,0,9004,1.9064526870154,22,-86,0.001869,51,2024-05-31 17:00:52.001823,858,1.037,0.0011,"aoml_navis",1031.3073088539
"7901009",36,0,1,0.028035,1,0.005607,1,138.295002476158,1,4.84814936632529,860,1,6.44500017166138,34.8819999694824,0.0280349999666214,0,133.35920715332,-85.9272,22.0862,25.836245108432,63,63,63,63,61,63,0,9004,1.9064526870154,22,-86,0.001869,51,2024-05-31 17:00:52.001823,860,1.037,0.0011,"aoml_navis",1031.32136042042
"7901009",36,0,1,0.028035,1,0.005607,1,138.519301104896,1,4.84808883224739,862,1,6.42999982833862,34.8839988708496,0.0280349999666214,0,133.575500488281,-85.9272,22.0862,25.836245108432,63,63,63,63,61,63,0,9004,1.9064526870154,22,-86,0.001869,51,2024-05-31 17:00:52.001823,862,1.037,0.0011,"aoml_navis",1031.33423767778
"7901009",36,0,1,0.026166,1,0.003738,1,138.667899935405,1,4.84804565312486,864,1,6.42899990081787,34.8839988708496,0.0261659994721413,0,133.718795776367,-85.9272,22.0862,25.836245108432,63,63,63,63,61,63,0,9004,1.9064526870154,22,-86,0.001869,51,2024-05-31 17:00:52.001823,864,1.037,0.0011,"aoml_navis",1031.343423257
"7901009",36,0,1,0.031773,1,0.009345,1,138.910569689925,1,4.8479865401554,866,1,6.41599988937378,34.8860015869141,0.0317730009555817,0,133.95280456543,-85.9272,22.0862,25.836245108432,63,63,63,63,61,63,0,9004,1.9064526870154,22,-86,0.001869,51,2024-05-31 17:00:52.001823,866,1.037,0.0011,"aoml_navis",1031.35599873999
"7901009",36,0,1,0.029904,1,0.007476,1,139.010526969483,1,4.84793540473414,868,1,6.40899991989136,34.8870010375977,0.0299040004611015,0,134.049194335938,-85.9272,22.0862,25.836245108432,63,63,63,63,61,63,0,9004,1.9064526870154,22,-86,0.001869,51,2024-05-31 17:00:52.001823,868,1.037,0.0011,"aoml_navis",1031.36687735512
"7901009",36,0,1,0.029904,1,0.007476,1,139.098885596846,1,4.84788866379574,870,1,6.40299987792969,34.8870010375977,0.0299040004611015,0,134.134399414062,-85.9272,22.0862,25.836245108432,63,63,63,63,61,63,0,9004,1.9064526870154,22,-86,0.001869,51,2024-05-31 17:00:52.001823,870,1.037,0.0011,"aoml_navis",1031.37682128309
"7901009",36,0,1,0.028035,1,0.005607,1,139.132589729418,1,4.84784477740787,872,1,6.40100002288818,34.8870010375977,0.0280349999666214,0,134.166900634766,-85.9272,22.0862,25.836245108432,63,63,63,63,61,63,0,9004,1.9064526870154,22,-86,0.001869,51,2024-05-31 17:00:52.001823,872,1.037,0.0011,"aoml_navis",1031.3861580926
"7901009",36,0,1,0.031773,1,0.009345,1,139.265950494356,1,4.847805998366,874,1,6.40100002288818,34.8860015869141,0.0317730009555817,0,134.295501708984,-85.9272,22.0862,25.836245108432,63,63,63,63,61,63,0,9004,1.9064526870154,22,-86,0.001869,51,2024-05-31 17:00:52.001823,874,1.037,0.0011,"aoml_navis",1031.39440845721
"7901009",36,0,1,0.031773,1,0.009345,1,139.413520794999,1,4.84775854915362,876,1,6.39400005340576,34.8860015869141,0.0317730009555817,0,134.437805175781,-85.9272,22.0862,25.836245108432,63,63,63,63,61,63,0,9004,1.9064526870154,22,-86,0.001869,51,2024-05-31 17:00:52.001823,876,1.037,0.0011,"aoml_navis",1031.40450360775
"7901009",36,0,1,0.029904,1,0.007476,1,139.681381619497,1,4.84771038921755,878,1,6.38600015640259,34.8860015869141,0.0299040004611015,0,134.696105957031,-85.9272,22.0862,25.836245108432,63,63,63,63,61,63,0,9004,1.9064526870154,22,-86,0.001869,51,2024-05-31 17:00:52.001823,878,1.037,0.0011,"aoml_navis",1031.41475017179
"7901009",36,0,1,0.029904,1,0.007476,1,139.924352021209,1,4.84765653066127,880,1,6.36999988555908,34.8860015869141,0.0299040004611015,0,134.930404663086,-85.9272,22.0862,25.836245108432,63,63,63,63,61,63,0,9004,1.9064526870154,22,-86,0.001869,51,2024-05-31 17:00:52.001823,880,1.037,0.0011,"aoml_navis",1031.42620942205
"7901009",36,0,1,0.031773,1,0.009345,1,140.159125831056,1,4.84760552897698,882,1,6.35799980163574,34.8860015869141,0.0317730009555817,0,135.156799316406,-85.9272,22.0862,25.836245108432,63,63,63,63,61,63,0,9004,1.9064526870154,22,-86,0.001869,51,2024-05-31 17:00:52.001823,882,1.037,0.0011,"aoml_navis",1031.43706106284
"7901009",36,0,1,0.026166,1,0.003738,1,140.329814318406,1,4.84755453267171,884,1,6.34600019454956,34.8860015869141,0.0261659994721413,0,135.321395874023,-85.9272,22.0862,25.836245108432,63,63,63,63,61,63,0,9004,1.9064526870154,22,-86,0.001869,51,2024-05-31 17:00:52.001823,884,1.037,0.0011,"aoml_navis",1031.44791178745
"7901009",36,0,1,0.029904,1,0.007476,1,140.506215102403,1,4.84750638615393,886,1,6.33799982070923,34.8860015869141,0.0299040004611015,0,135.491500854492,-85.9272,22.0862,25.836245108432,63,63,63,63,61,63,0,9004,1.9064526870154,22,-86,0.001869,51,2024-05-31 17:00:52.001823,886,1.037,0.0011,"aoml_navis",1031.45815635883
"7901009",36,0,1,0.029904,1,0.007476,1,140.774598103604,1,4.84745682036333,888,1,6.32800006866455,34.8860015869141,0.0299040004611015,0,135.750305175781,-85.9272,22.0862,25.836245108432,63,63,63,63,61,63,0,9004,1.9064526870154,22,-86,0.001869,51,2024-05-31 17:00:52.001823,888,1.037,0.0011,"aoml_navis",1031.46870313437
"7901009",36,0,1,0.028035,1,0.005607,1,140.978879958771,1,4.84740441519018,890,1,6.31400012969971,34.8860015869141,0.0280349999666214,0,135.947296142578,-85.9272,22.0862,25.836245108432,63,63,63,63,61,63,0,9004,1.9064526870154,22,-86,0.001869,51,2024-05-31 17:00:52.001823,890,1.037,0.0011,"aoml_navis",1031.47985431784
"7901009",36,0,1,0.026166,1,0.003738,1,141.23503136632,1,4.84735414728697,892,1,6.30299997329712,34.8860015869141,0.0261659994721413,0,136.194305419922,-85.9272,22.0862,25.836245108432,63,63,63,63,61,63,0,9004,1.9064526870154,22,-86,0.001869,51,2024-05-31 17:00:52.001823,892,1.037,0.0011,"aoml_navis",1031.49055094282
"7901009",36,0,1,0.029904,1,0.007476,1,141.522481728905,1,4.84730388366686,894,1,6.29199981689453,34.8860015869141,0.0299040004611015,0,136.471496582031,-85.9272,22.0862,25.836245108432,63,63,63,63,61,63,0,9004,1.9064526870154,22,-86,0.001869,51,2024-05-31 17:00:52.001823,894,1.037,0.0011,"aoml_navis",1031.50124687822
"7901009",36,0,1,0.033642,1,0.011214,1,141.724184347636,1,4.84725504380222,896,1,6.28299999237061,34.8860015869141,0.0336420014500618,0,136.666000366211,-85.9272,22.0862,25.836245108432,63,63,63,63,61,63,0,9004,1.9064526870154,22,-86,0.001869,51,2024-05-31 17:00:52.001823,896,1.037,0.0011,"aoml_navis",1031.51164005556
"7901009",36,0,1,0.029904,1,0.007476,1,142.039958840411,1,4.84720478804343,898,1,6.27199983596802,34.8860015869141,0.0299040004611015,0,136.970504760742,-85.9272,22.0862,25.836245108432,63,63,63,63,61,63,0,9004,1.9064526870154,22,-86,0.001869,51,2024-05-31 17:00:52.001823,898,1.037,0.0011,"aoml_navis",1031.52233475538
"7901009",36,0,1,0.026166,1,0.003738,1,142.376873577842,1,4.84715241003989,900,1,6.25799989700317,34.8860015869141,0.0261659994721413,0,137.295394897461,-85.9272,22.0862,25.836245108432,63,63,63,63,61,63,0,9004,1.9064526870154,22,-86,0.001869,51,2024-05-31 17:00:52.001823,900,1.037,0.0011,"aoml_navis",1031.53348131648
"7901009",36,0,1,0.031773,1,0.009345,1,142.806197767958,1,4.84709636032908,902,1,6.24399995803833,34.8870010375977,0.0317730009555817,0,137.709396362305,-85.9272,22.0862,25.836245108432,63,63,63,63,61,63,0,9004,1.9064526870154,22,-86,0.001869,51,2024-05-31 17:00:52.001823,902,1.037,0.0011,"aoml_navis",1031.5454095203
"7901009",36,0,1,0.029904,1,0.007476,1,143.399580383666,1,4.8470461195314,904,1,6.23299980163574,34.8870010375977,0.0299040004611015,0,138.281600952148,-85.9272,22.0862,25.836245108432,63,63,63,63,61,63,0,9004,1.9064526870154,22,-86,0.001869,51,2024-05-31 17:00:52.001823,904,1.037,0.0011,"aoml_navis",1031.55610173633
"7901009",36,0,1,0.028035,1,0.005607,1,144.191136969483,1,4.84699390253945,906,1,6.21400022506714,34.8860015869141,0.0280349999666214,0,139.044906616211,-85.9272,22.0862,25.836245108432,63,63,63,63,61,63,0,9004,1.9064526870154,22,-86,0.001869,51,2024-05-31 17:00:52.001823,906,1.037,0.0011,"aoml_navis",1031.56721475973
"7901009",36,0,1,0.031773,1,0.009345,1,145.254684322804,1,4.84691019458639,908,1,6.16599988937378,34.8880004882812,0.0317730009555817,0,140.070495605469,-85.9272,22.0862,25.836245108432,63,63,63,63,61,63,0,9004,1.9064526870154,22,-86,0.001869,51,2024-05-31 17:00:52.001823,908,1.037,0.0011,"aoml_navis",1031.5850303116
"7901009",36,0,1,0.029904,1,0.007476,1,146.001745124212,1,4.84682025941209,910,1,6.10900020599365,34.8899993896484,0.0299040004611015,0,140.790893554688,-85.9272,22.0862,25.836245108432,63,63,63,63,61,63,0,9004,1.9064526870154,22,-86,0.001869,51,2024-05-31 17:00:52.001823,910,1.037,0.0011,"aoml_navis",1031.60417188784
"7901009",36,0,1,0.026166,1,0.003738,1,146.298230726092,1,4.84675516057559,912,1,6.08199977874756,34.890998840332,0.0261659994721413,0,141.076797485352,-85.9272,22.0862,25.836245108432,63,63,63,63,61,63,0,9004,1.9064526870154,22,-86,0.001869,51,2024-05-31 17:00:52.001823,912,1.037,0.0011,"aoml_navis",1031.61802780362
"7901009",36,0,1,0.029904,1,0.007476,1,146.401526771834,1,4.84671058843497,914,1,6.0789999961853,34.890998840332,0.0299040004611015,0,141.176406860352,-85.9272,22.0862,25.836245108432,63,63,63,63,61,63,0,9004,1.9064526870154,22,-86,0.001869,51,2024-05-31 17:00:52.001823,914,1.037,0.0011,"aoml_navis",1031.62751494401
"7901009",36,0,1,0.026166,1,0.003738,1,146.623024634626,1,4.84665883222312,916,1,6.07100009918213,34.8919982910156,0.0261659994721413,0,141.389999389648,-85.9272,22.0862,25.836245108432,63,63,63,63,61,63,0,9004,1.9064526870154,22,-86,0.001869,51,2024-05-31 17:00:52.001823,916,1.037,0.0011,"aoml_navis",1031.63853142651
"7901009",36,0,1,0.029904,1,0.007476,1,146.752128868267,1,4.84660935591121,918,1,6.06099987030029,34.8919982910156,0.0299040004611015,0,141.514495849609,-85.9272,22.0862,25.836245108432,63,63,63,63,61,63,0,9004,1.9064526870154,22,-86,0.001869,51,2024-05-31 17:00:52.001823,918,1.037,0.0011,"aoml_navis",1031.64906284467
"7901009",36,0,1,0.026166,1,0.003738,1,146.836547435062,1,4.84656408794079,920,1,6.05700016021729,34.8919982910156,0.0261659994721413,0,141.595901489258,-85.9272,22.0862,25.836245108432,63,63,63,63,61,63,0,9004,1.9064526870154,22,-86,0.001869,51,2024-05-31 17:00:52.001823,920,1.037,0.0011,"aoml_navis",1031.65869867294
"7901009",36,0,1,0.028035,1,0.005607,1,146.990431326735,1,4.84651442744895,922,1,6.05200004577637,34.8930015563965,0.0280349999666214,0,141.744293212891,-85.9272,22.0862,25.836245108432,63,63,63,63,61,63,0,9004,1.9064526870154,22,-86,0.001869,51,2024-05-31 17:00:52.001823,922,1.037,0.0011,"aoml_navis",1031.66926970892
"7901009",36,0,1,0.029904,1,0.007476,1,147.132099448294,1,4.84646916279657,924,1,6.0479998588562,34.8930015563965,0.0299040004611015,0,141.880905151367,-85.9272,22.0862,25.836245108432,63,63,63,63,61,63,0,9004,1.9064526870154,22,-86,0.001869,51,2024-05-31 17:00:52.001823,924,1.037,0.0011,"aoml_navis",1031.67890520835
"7901009",36,0,1,0.029904,1,0.007476,1,147.35817031311,1,4.84642390025601,926,1,6.04400014877319,34.8930015563965,0.0299040004611015,0,142.098907470703,-85.9272,22.0862,25.836245108432,63,63,63,63,61,63,0,9004,1.9064526870154,22,-86,0.001869,51,2024-05-31 17:00:52.001823,926,1.037,0.0011,"aoml_navis",1031.68854043821
"7901009",36,0,1,0.028035,1,0.005607,1,147.703281642405,1,4.84637215725761,928,1,6.03599977493286,34.8940010070801,0.0280349999666214,0,142.431701660156,-85.9272,22.0862,25.836245108432,63,63,63,63,61,63,0,9004,1.9064526870154,22,-86,0.001869,51,2024-05-31 17:00:52.001823,928,1.037,0.0011,"aoml_navis",1031.69955541122
"7901009",36,0,1,0.029904,1,0.007476,1,148.146609662253,1,4.84631253663636,930,1,6.02199983596802,34.8959999084473,0.0299040004611015,0,142.85920715332,-85.9272,22.0862,25.836245108432,63,63,63,63,61,63,0,9004,1.9064526870154,22,-86,0.001869,51,2024-05-31 17:00:52.001823,930,1.037,0.0011,"aoml_navis",1031.71224765258
"7901009",36,0,1,0.033642,1,0.011214,1,148.583592443996,1,4.84625030684911,932,1,5.99900007247925,34.8969993591309,0.0336420014500618,0,143.28059387207,-85.9272,22.0862,25.836245108432,63,63,63,63,61,63,0,9004,1.9064526870154,22,-86,0.001869,51,2024-05-31 17:00:52.001823,932,1.037,0.0011,"aoml_navis",1031.7254956752
"7901009",36,0,1,0.031773,1,0.009345,1,148.973199557701,1,4.84619228695289,934,1,5.98199987411499,34.8979988098145,0.0317730009555817,0,143.656295776367,-85.9272,22.0862,25.836245108432,63,63,63,63,61,63,0,9004,1.9064526870154,22,-86,0.001869,51,2024-05-31 17:00:52.001823,934,1.037,0.0011,"aoml_navis",1031.7378477658
"7901009",36,0,1,0.035511,1,0.013083,1,149.282233223962,1,4.84613427755983,936,1,5.96500015258789,34.898998260498,0.0355109982192516,0,143.954299926758,-85.9272,22.0862,25.836245108432,63,63,63,63,61,63,0,9004,1.9064526870154,22,-86,0.001869,51,2024-05-31 17:00:52.001823,936,1.037,0.0011,"aoml_navis",1031.75019791603
"7901009",36,0,1,0.026166,1,0.003738,1,149.424201992712,1,4.84608693268908,938,1,5.95800018310547,34.898998260498,0.0261659994721413,0,144.091201782227,-85.9272,22.0862,25.836245108432,63,63,63,63,61,63,0,9004,1.9064526870154,22,-86,0.001869,51,2024-05-31 17:00:52.001823,938,1.037,0.0011,"aoml_navis",1031.7602778177
"7901009",36,0,1,0.026166,1,0.003738,1,149.76828479214,1,4.84603380418106,940,1,5.94799995422363,34.9000015258789,0.0261659994721413,0,144.423004150391,-85.9272,22.0862,25.836245108432,63,63,63,63,61,63,0,9004,1.9064526870154,22,-86,0.001869,51,2024-05-31 17:00:52.001823,940,1.037,0.0011,"aoml_navis",1031.77158931209
"7901009",36,0,1,0.026166,1,0.003738,1,150.093379347866,1,4.84598785900602,942,1,5.94299983978271,34.9000015258789,0.0261659994721413,0,144.73649597168,-85.9272,22.0862,25.836245108432,63,63,63,63,61,63,0,9004,1.9064526870154,22,-86,0.001869,51,2024-05-31 17:00:52.001823,942,1.037,0.0011,"aoml_navis",1031.78137161606
"7901009",36,0,1,0.026166,1,0.003738,1,150.5615977905,1,4.84592429904999,944,1,5.91800022125244,34.9010009765625,0.0261659994721413,0,145.188003540039,-85.9272,22.0862,25.836245108432,63,63,63,63,61,63,0,9004,1.9064526870154,22,-86,0.001869,51,2024-05-31 17:00:52.001823,944,1.037,0.0011,"aoml_navis",1031.79490463361
"7901009",36,0,1,0.028035,1,0.005607,1,150.882657344439,1,4.84586702258845,946,1,5.90199995040894,34.9020004272461,0.0280349999666214,0,145.497604370117,-85.9272,22.0862,25.836245108432,63,63,63,63,61,63,0,9004,1.9064526870154,22,-86,0.001869,51,2024-05-31 17:00:52.001823,946,1.037,0.0011,"aoml_navis",1031.80710009026
"7901009",36,0,1,0.033642,1,0.011214,1,151.311047945907,1,4.84580836479148,948,1,5.88399982452393,34.9029998779297,0.0336420014500618,0,145.910705566406,-85.9272,22.0862,25.836245108432,63,63,63,63,61,63,0,9004,1.9064526870154,22,-86,0.001869,51,2024-05-31 17:00:52.001823,948,1.037,0.0011,"aoml_navis",1031.81958996332
"7901009",36,0,1,0.033642,1,0.011214,1,151.609289960329,1,4.84575110771049,950,1,5.86800003051758,34.9039993286133,0.0336420014500618,0,146.198303222656,-85.9272,22.0862,25.836245108432,63,63,63,63,61,63,0,9004,1.9064526870154,22,-86,0.001869,51,2024-05-31 17:00:52.001823,950,1.037,0.0011,"aoml_navis",1031.83178187672
"7901009",36,0,1,0.026166,1,0.003738,1,151.847908889526,1,4.84569802391837,952,1,5.85799980163574,34.9049987792969,0.0261659994721413,0,146.428405761719,-85.9272,22.0862,25.836245108432,63,63,63,63,61,63,0,9004,1.9064526870154,22,-86,0.001869,51,2024-05-31 17:00:52.001823,952,1.037,0.0011,"aoml_navis",1031.84308541721
"7901009",36,0,1,0.028035,1,0.005607,1,152.073346812886,1,4.84564425022444,954,1,5.84700012207031,34.9059982299805,0.0280349999666214,0,146.645797729492,-85.9272,22.0862,25.836245108432,63,63,63,63,61,63,0,9004,1.9064526870154,22,-86,0.001869,51,2024-05-31 17:00:52.001823,954,1.037,0.0011,"aoml_navis",1031.85453611631
"7901009",36,0,1,0.029904,1,0.007476,1,152.341318402139,1,4.84559046644688,956,1,5.83599996566772,34.9070014953613,0.0299040004611015,0,146.904205322266,-85.9272,22.0862,25.836245108432,63,63,63,63,61,63,0,9004,1.9064526870154,22,-86,0.001869,51,2024-05-31 17:00:52.001823,956,1.037,0.0011,"aoml_navis",1031.86598921686
"7901009",36,0,1,0.026166,1,0.003738,1,152.649196950241,1,4.84554246008138,958,1,5.82800006866455,34.9070014953613,0.0261659994721413,0,147.201095581055,-85.9272,22.0862,25.836245108432,63,63,63,63,61,63,0,9004,1.9064526870154,22,-86,0.001869,51,2024-05-31 17:00:52.001823,958,1.037,0.0011,"aoml_navis",1031.8762122489
"7901009",36,0,1,0.029904,1,0.007476,1,152.94661614077,1,4.84548731200467,960,1,5.81500005722046,34.9080009460449,0.0299040004611015,0,147.487899780273,-85.9272,22.0862,25.836245108432,63,63,63,63,61,63,0,9004,1.9064526870154,22,-86,0.001869,51,2024-05-31 17:00:52.001823,960,1.037,0.0011,"aoml_navis",1031.88795636974
"7901009",36,0,1,0.028035,1,0.005607,1,153.199745252862,1,4.84542801565268,962,1,5.7960000038147,34.9090003967285,0.0280349999666214,0,147.731994628906,-85.9272,22.0862,25.836245108432,63,63,63,63,61,63,0,9004,1.9064526870154,22,-86,0.001869,51,2024-05-31 17:00:52.001823,962,1.037,0.0011,"aoml_navis",1031.90058418946
"7901009",36,0,1,0.029904,1,0.007476,1,153.295256118687,1,4.84538209643889,964,1,5.79099988937378,34.9090003967285,0.0299040004611015,0,147.824096679688,-85.9272,22.0862,25.836245108432,63,63,63,63,61,63,0,9004,1.9064526870154,22,-86,0.001869,51,2024-05-31 17:00:52.001823,964,1.037,0.0011,"aoml_navis",1031.91036341071
"7901009",36,0,1,0.028035,1,0.005607,1,153.453618071167,1,4.84533894795098,966,1,5.78999996185303,34.9090003967285,0.0280349999666214,0,147.976806640625,-85.9272,22.0862,25.836245108432,63,63,63,63,61,63,0,9004,1.9064526870154,22,-86,0.001869,51,2024-05-31 17:00:52.001823,966,1.037,0.0011,"aoml_navis",1031.91955273107
"7901009",36,0,1,0.031773,1,0.009345,1,153.732666135913,1,4.84527737108793,968,1,5.77299976348877,34.9109992980957,0.0317730009555817,0,148.245895385742,-85.9272,22.0862,25.836245108432,63,63,63,63,61,63,0,9004,1.9064526870154,22,-86,0.001869,51,2024-05-31 17:00:52.001823,968,1.037,0.0011,"aoml_navis",1031.93266702033
"7901009",36,0,1,0.029904,1,0.007476,1,153.868210548877,1,4.84523076671351,970,1,5.76700019836426,34.9109992980957,0.0299040004611015,0,148.376602172852,-85.9272,22.0862,25.836245108432,63,63,63,63,61,63,0,9004,1.9064526870154,22,-86,0.001869,51,2024-05-31 17:00:52.001823,970,1.037,0.0011,"aoml_navis",1031.94259277592
"7901009",36,0,1,0.026166,1,0.003738,1,154.156388794138,1,4.84518554690564,972,1,5.76300001144409,34.9109992980957,0.0261659994721413,0,148.654495239258,-85.9272,22.0862,25.836245108432,63,63,63,63,61,63,0,9004,1.9064526870154,22,-86,0.001869,51,2024-05-31 17:00:52.001823,972,1.037,0.0011,"aoml_navis",1031.95222383036
"7901009",36,0,1,0.033642,1,0.011214,1,154.635810300557,1,4.84513181052794,974,1,5.7519998550415,34.9119987487793,0.0336420014500618,0,149.116806030273,-85.9272,22.0862,25.836245108432,63,63,63,63,61,63,0,9004,1.9064526870154,22,-86,0.001869,51,2024-05-31 17:00:52.001823,974,1.037,0.0011,"aoml_navis",1031.96366900392
"7901009",36,0,1,0.026166,1,0.003738,1,155.059216488053,1,4.84507186263455,976,1,5.73199987411499,34.9129981994629,0.0261659994721413,0,149.525100708008,-85.9272,22.0862,25.836245108432,63,63,63,63,61,63,0,9004,1.9064526870154,22,-86,0.001869,51,2024-05-31 17:00:52.001823,976,1.037,0.0011,"aoml_navis",1031.97643745189
"7901009",36,99999,9,99999,9,99999,9,155.217879087725,1,4.84502526770297,978,1,5.72599983215332,34.9129981994629,99999,99999,149.678100585938,-85.9272,22.0862,25.836245108432,63,63,63,63,61,63,0,9004,1.9064526870154,22,-86,0.001869,51,2024-05-31 17:00:52.001823,978,1.037,0.0011,"aoml_navis",1031.98636203821
"7901009",36,0,1,0.029904,1,0.007476,1,159.988960141668,1,4.84448108897747,999.200012207031,1,5.60519981384277,34.9160003662109,0.0299040004611015,0,154.278900146484,-85.9272,22.0862,25.836245108432,63,63,63,63,61,63,0,9004,1.9064526870154,22,-86,0.001869,51,2024-05-31 17:00:52.001823,999.200012207031,1.037,0.0011,"aoml_navis",1032.10228467531
"7901009",36,0,1,0.020559,1,-0.001869,1,169.106260296709,1,4.84317204882733,1049.59997558594,1,5.31879997253418,34.9280014038086,0.020558999851346,0,163.07080078125,-85.9272,22.0862,25.836245108432,63,63,63,63,61,63,0,9004,1.9064526870154,22,-86,0.001869,51,2024-05-31 17:00:52.001823,1049.59997558594,1.037,0.0011,"aoml_navis",1032.38124716437
"7901009",36,0,1,0.03738,1,0.014952,1,179.406164093086,1,4.84179348544644,1099.59997558594,1,4.91639995574951,34.9410018920898,0.0373799987137318,0,173.00309753418,-85.9272,22.0862,25.836245108432,63,63,63,63,61,63,0,9004,1.9064526870154,22,-86,0.001869,51,2024-05-31 17:00:52.001823,1099.59997558594,1.037,0.0011,"aoml_navis",1032.675188446
"7901009",36,0,1,0.026166,1,0.003738,1,185.732461423958,1,4.84061683156827,1147,1,4.69659996032715,34.9480018615723,0.0261659994721413,0,179.103607177734,-85.9272,22.0862,25.836245108432,63,63,63,63,61,63,0,9004,1.9064526870154,22,-86,0.001869,51,2024-05-31 17:00:52.001823,1147,1.037,0.0011,"aoml_navis",1032.92621043506
"7901009",36,0,1,0.028035,1,0.005607,1,189.78800216104,1,4.83940854356961,1200.09997558594,1,4.59380006790161,34.9519996643066,0.0280349999666214,0,183.014404296875,-85.9272,22.0862,25.836245108432,63,63,63,63,61,63,0,9004,1.9064526870154,22,-86,0.001869,51,2024-05-31 17:00:52.001823,1200.09997558594,1.037,0.0011,"aoml_navis",1033.1841081373
"7901009",36,0,1,0.028035,1,0.005607,1,192.546550912014,1,4.83831817190395,1249.19995117188,1,4.53410005569458,34.9550018310547,0.0280349999666214,0,185.674499511719,-85.9272,22.0862,25.836245108432,63,63,63,63,61,63,0,9004,1.9064526870154,22,-86,0.001869,51,2024-05-31 17:00:52.001823,1249.19995117188,1.037,0.0011,"aoml_navis",1033.41694827656
"7901009",36,0,1,0.026166,1,0.003738,1,195.402999882811,1,4.83720303699497,1299.69995117188,1,4.48000001907349,34.9580001831055,0.0261659994721413,0,188.429000854492,-85.9272,22.0862,25.836245108432,63,63,63,63,61,63,0,9004,1.9064526870154,22,-86,0.001869,51,2024-05-31 17:00:52.001823,1299.69995117188,1.037,0.0011,"aoml_navis",1033.65518498189
"7901009",36,0,1,0.033642,1,0.011214,1,198.396338267168,1,4.83609731838925,1349.30004882812,1,4.40959978103638,34.9609985351562,0.0336420014500618,0,191.315505981445,-85.9272,22.0862,25.836245108432,63,63,63,63,61,63,0,9004,1.9064526870154,22,-86,0.001869,51,2024-05-31 17:00:52.001823,1349.30004882812,1.037,0.0011,"aoml_navis",1033.89151847452
"7901009",36,0,1,0.026166,1,0.003738,1,200.731164359917,1,4.835016485099,1398.80004882812,1,4.36630010604858,34.9630012512207,0.0261659994721413,0,193.567001342773,-85.9272,22.0862,25.836245108432,63,63,63,63,61,63,0,9004,1.9064526870154,22,-86,0.001869,51,2024-05-31 17:00:52.001823,1398.80004882812,1.037,0.0011,"aoml_navis",1034.12263751519
"7901009",36,0,1,0.026166,1,0.003738,1,201.776055763801,1,4.83394999668964,1448.5,1,4.34889984130859,34.9650001525879,0.0261659994721413,0,194.574600219727,-85.9272,22.0862,25.836245108432,63,63,63,63,61,63,0,9004,1.9064526870154,22,-86,0.001869,51,2024-05-31 17:00:52.001823,1448.5,1.037,0.0011,"aoml_navis",1034.35079043517
"7901009",37,0.00490177388804221,5,0.028035,1,0.005607,1,189.069608211689,1,4.88925850708509,0.600000023841858,1,30.0779991149902,36.2639999389648,0.0280349999666214,0.0149520002305508,182.321594238281,-85.9741,21.9647,13.9123375035768,63,63,63,63,61,63,0.009345,9004,1.9064526870154,22,-86,0.001869,51,2024-06-10 21:03:08.002257,0.600000023841858,1.037,0.0011,"aoml_navis",1022.6499565843
"7901009",37,0.00490177388804221,5,0.03738,1,0.014952,1,189.02419464826,1,4.88920546416764,2,1,30.0739994049072,36.2690010070801,0.0373799987137318,0.0242970008403063,182.277801513672,-85.9741,21.9647,13.9123375035768,63,63,63,63,61,63,0.009345,9004,1.9064526870154,22,-86,0.001869,51,2024-06-10 21:03:08.002257,2,1.037,0.0011,"aoml_navis",1022.66105129849
"7901009",37,0.00490177388804221,5,0.024297,1,0.001869,1,188.776445462683,1,4.88916141553356,4,1,30.07200050354,36.2690010070801,0.0242970008403063,0.0112140001729131,182.03889465332,-85.9741,21.9647,13.9123375035768,63,63,63,63,61,63,0.009345,9004,1.9064526870154,22,-86,0.001869,51,2024-06-10 21:03:08.002257,4,1.037,0.0011,"aoml_navis",1022.67026490766
"7901009",37,0.00490177388804221,5,0.026166,1,0.003738,1,188.8462431032,1,4.88908288890236,6,1,30.048999786377,36.2690010070801,0.0261659994721413,0.0130829997360706,182.106201171875,-85.9741,21.9647,13.9123375035768,63,63,63,63,61,63,0.009345,9004,1.9064526870154,22,-86,0.001869,51,2024-06-10 21:03:08.002257,6,1.037,0.0011,"aoml_navis",1022.68669065714
"7901009",37,0.00490177388804221,5,0.024297,1,0.001869,1,188.784642057058,1,4.88901976918107,8,1,30.0310001373291,36.2669982910156,0.0242970008403063,0.0112140001729131,182.046798706055,-85.9741,21.9647,13.9123375035768,63,63,63,63,61,63,0.009345,9004,1.9064526870154,22,-86,0.001869,51,2024-06-10 21:03:08.002257,8,1.037,0.0011,"aoml_navis",1022.69989406026
"7901009",37,0.00490177388804221,5,0.026166,1,0.003738,1,188.778629111377,1,4.88895798476697,10,1,30.0160007476807,36.265998840332,0.0261659994721413,0.0130829997360706,182.041000366211,-85.9741,21.9647,13.9123375035768,63,63,63,63,61,63,0.009345,9004,1.9064526870154,22,-86,0.001869,51,2024-06-10 21:03:08.002257,10,1.037,0.0011,"aoml_navis",1022.71281847359
"7901009",37,0.00490177388804221,5,0.031773,1,0.009345,1,188.890105959585,1,4.88885911500462,12,1,29.9740009307861,36.2630004882812,0.0317730009555817,0.0186899993568659,182.148498535156,-85.9741,21.9647,13.9123375035768,63,63,63,63,61,63,0.009345,9004,1.9064526870154,22,-86,0.001869,51,2024-06-10 21:03:08.002257,12,1.037,0.0011,"aoml_navis",1022.73350128955
"7901009",37,0.00392141911043377,1,0.029904,1,0.007476,1,189.132981494453,1,4.88873576116333,14,1,29.9169998168945,36.2599983215332,0.0299040004611015,0.0168210007250309,182.382705688477,-85.9741,21.9647,13.9123375035768,63,63,63,63,61,63,0.007476,9004,1.9064526870154,22,-86,0.001869,51,2024-06-10 21:03:08.002257,14,1.037,0.0011,"aoml_navis",1022.75930716497
"7901009",37,0.00882319299847598,1,0.039249,1,0.016821,1,189.340997767916,1,4.88863508619599,16,1,29.8759994506836,36.257999420166,0.0392489992082119,0.0261659994721413,182.583297729492,-85.9741,21.9647,13.9123375035768,63,63,63,63,61,63,0.016821,9004,1.9064526870154,22,-86,0.001869,51,2024-06-10 21:03:08.002257,16,1.037,0.0011,"aoml_navis",1022.78036953882
"7901009",37,0.0107839025536929,1,0.042987,1,0.020559,1,189.723247054242,1,4.8885730709019,18,1,29.863000869751,36.257999420166,0.0429870001971722,0.0299040004611015,182.951904296875,-85.9741,21.9647,13.9123375035768,63,63,63,63,61,63,0.020559,9004,1.9064526870154,22,-86,0.001869,51,2024-06-10 21:03:08.002257,18,1.037,0.0011,"aoml_navis",1022.79334429127
"7901009",37,0.00392141911043377,1,0.029904,1,0.007476,1,190.304588136757,1,4.88847910134245,20,1,29.8479995727539,36.265998840332,0.0299040004611015,0.0168210007250309,183.512496948242,-85.9741,21.9647,13.9123375035768,63,63,63,63,61,63,0.007476,9004,1.9064526870154,22,-86,0.001869,51,2024-06-10 21:03:08.002257,20,1.037,0.0011,"aoml_navis",1022.81300509742
"7901009",37,0.00980354777608442,1,0.041118,1,0.01869,1,191.105987207636,1,4.8882924206633,22,1,29.7959995269775,36.2830009460449,0.041117999702692,0.0280349999666214,184.285293579102,-85.9741,21.9647,13.9123375035768,63,63,63,63,61,63,0.01869,9004,1.9064526870154,22,-86,0.001869,51,2024-06-10 21:03:08.002257,22,1.037,0.0011,"aoml_navis",1022.85206565477
"7901009",37,0.00686248344325909,1,0.035511,1,0.013083,1,191.934048945547,1,4.88811335460305,24,1,29.6870002746582,36.2719993591309,0.0355109982192516,0.0224280003458261,185.083801269531,-85.9741,21.9647,13.9123375035768,63,63,63,63,61,63,0.013083,9004,1.9064526870154,22,-86,0.001869,51,2024-06-10 21:03:08.002257,24,1.037,0.0011,"aoml_navis",1022.88953575342
"7901009",37,0.00784283822086753,1,0.03738,1,0.014952,1,192.521197267706,1,4.88800035827449,26,1,29.625,36.2639999389648,0.0373799987137318,0.0242970008403063,185.649993896484,-85.9741,21.9647,13.9123375035768,63,63,63,63,61,63,0.014952,9004,1.9064526870154,22,-86,0.001869,51,2024-06-10 21:03:08.002257,26,1.037,0.0011,"aoml_navis",1022.9131819796
"7901009",37,0.00980354777608442,1,0.041118,1,0.01869,1,194.000508493438,1,4.88762807097294,28,1,29.3719997406006,36.242000579834,0.041117999702692,0.0280349999666214,187.076507568359,-85.9741,21.9647,13.9123375035768,63,63,63,63,61,63,0.01869,9004,1.9064526870154,22,-86,0.001869,51,2024-06-10 21:03:08.002257,28,1.037,0.0011,"aoml_navis",1022.99109658004
"7901009",37,0.00784283822086753,1,0.03738,1,0.014952,1,194.816006339584,1,4.88743363801623,30,1,29.2280006408691,36.2200012207031,0.0373799987137318,0.0242970008403063,187.862899780273,-85.9741,21.9647,13.9123375035768,63,63,63,63,61,63,0.014952,9004,1.9064526870154,22,-86,0.001869,51,2024-06-10 21:03:08.002257,30,1.037,0.0011,"aoml_navis",1023.03179343617
"7901009",37,0.00980354777608442,1,0.041118,1,0.01869,1,194.920853124003,1,4.88738464584282,32,1,29.2140007019043,36.2159996032715,0.041117999702692,0.0280349999666214,187.964004516602,-85.9741,21.9647,13.9123375035768,63,63,63,63,61,63,0.01869,9004,1.9064526870154,22,-86,0.001869,51,2024-06-10 21:03:08.002257,32,1.037,0.0011,"aoml_navis",1023.04204852241
"7901009",37,0.0117642573313013,1,0.044856,1,0.022428,1,195.560994485856,1,4.88729983520816,34,1,29.1800003051758,36.2130012512207,0.0448560006916523,0.0317730009555817,188.581298828125,-85.9741,21.9647,13.9123375035768,63,63,63,63,61,63,0.022428,9004,1.9064526870154,22,-86,0.001869,51,2024-06-10 21:03:08.002257,34,1.037,0.0011,"aoml_navis",1023.05980164752
"7901009",37,0.0156856764417351,1,0.052332,1,0.029904,1,196.826877787013,1,4.88696631347631,36,1,28.9330005645752,36.1839981079102,0.0523319989442825,0.0392489992082119,189.802001953125,-85.9741,21.9647,13.9123375035768,63,63,63,63,61,63,0.029904,9004,1.9064526870154,22,-86,0.001869,51,2024-06-10 21:03:08.002257,36,1.037,0.0011,"aoml_navis",1023.12962260697
"7901009",37,0.0156856764417351,1,0.052332,1,0.029904,1,197.220108610976,1,4.886782537922,38.0999984741211,1,28.818000793457,36.1720008850098,0.0523319989442825,0.0392489992082119,190.181198120117,-85.9741,21.9647,13.9123375035768,63,63,63,63,61,63,0.029904,9004,1.9064526870154,22,-86,0.001869,51,2024-06-10 21:03:08.002257,38.0999984741211,1.037,0.0011,"aoml_navis",1023.16809909167
"7901009",37,0.0137249668865182,1,0.048594,1,0.026166,1,197.099090167386,1,4.88663446951333,40,1,28.7900009155273,36.189998626709,0.0485940016806126,0.0355109982192516,190.064498901367,-85.9741,21.9647,13.9123375035768,63,63,63,63,61,63,0.026166,9004,1.9064526870154,22,-86,0.001869,51,2024-06-10 21:03:08.002257,40,1.037,0.0011,"aoml_navis",1023.19910179367
"7901009",37,0.0274499337730364,1,0.07476,1,0.052332,1,197.591154830087,1,4.88638673527662,42,1,28.6669998168945,36.193000793457,0.0747599974274635,0.0616770014166832,190.539001464844,-85.9741,21.9647,13.9123375035768,63,63,63,63,61,63,0.052332,9004,1.9064526870154,22,-86,0.001869,51,2024-06-10 21:03:08.002257,42,1.037,0.0011,"aoml_navis",1023.25097682162
"7901009",37,0.0235285146626026,1,0.067284,1,0.044856,1,197.60795943091,1,4.88625407568278,43.9000015258789,1,28.6079998016357,36.193000793457,0.0672840029001236,0.0542009994387627,190.555206298828,-85.9741,21.9647,13.9123375035768,63,63,63,63,61,63,0.044856,9004,1.9064526870154,22,-86,0.001869,51,2024-06-10 21:03:08.002257,43.9000015258789,1.037,0.0011,"aoml_navis",1023.27875762402
"7901009",37,0.0225481598849942,1,0.065415,1,0.042987,1,197.787983859875,1,4.88599908911954,46,1,28.488000869751,36.1990013122559,0.0654150024056435,0.0523319989442825,190.728805541992,-85.9741,21.9647,13.9123375035768,63,63,63,63,61,63,0.042987,9004,1.9064526870154,22,-86,0.001869,51,2024-06-10 21:03:08.002257,46,1.037,0.0011,"aoml_navis",1023.33215966706
"7901009",37,0.0294106433282533,1,0.078498,1,0.05607,1,197.613861611801,1,4.88587608104668,48,1,28.4519996643066,36.2060012817383,0.0784979984164238,0.0654150024056435,190.560897827148,-85.9741,21.9647,13.9123375035768,63,63,63,63,61,63,0.05607,9004,1.9064526870154,22,-86,0.001869,51,2024-06-10 21:03:08.002257,48,1.037,0.0011,"aoml_navis",1023.35792334071
"7901009",37,0.0294106433282533,1,0.078498,1,0.05607,1,197.227688087242,1,4.8857645380019,50,1,28.4300003051758,36.2159996032715,0.0784979984164238,0.0654150024056435,190.188507080078,-85.9741,21.9647,13.9123375035768,63,63,63,63,61,63,0.05607,9004,1.9064526870154,22,-86,0.001869,51,2024-06-10 21:03:08.002257,50,1.037,0.0011,"aoml_navis",1023.38128682002
"7901009",37,0.0382338363267292,1,0.095319,1,0.072891,1,196.956393472263,1,4.88560898531987,52,1,28.386999130249,36.2290000915527,0.095319002866745,0.0822359994053841,189.926895141602,-85.9741,21.9647,13.9123375035768,63,63,63,63,61,63,0.072891,9004,1.9064526870154,22,-86,0.001869,51,2024-06-10 21:03:08.002257,52,1.037,0.0011,"aoml_navis",1023.41387021021
"7901009",37,0.0372534815491208,1,0.09345,1,0.071022,1,196.709593699161,1,4.88528089676612,54,1,28.2369995117188,36.2430000305176,0.0934500023722649,0.0803669989109039,189.688903808594,-85.9741,21.9647,13.9123375035768,63,63,63,63,61,63,0.071022,9004,1.9064526870154,22,-86,0.001869,51,2024-06-10 21:03:08.002257,54,1.037,0.0011,"aoml_navis",1023.4826012379
"7901009",37,0.0401945458819461,1,0.099057,1,0.076629,1,196.36769444306,1,4.88510569128634,56,1,28.1539993286133,36.2439994812012,0.0990569964051247,0.0859740003943443,189.35920715332,-85.9741,21.9647,13.9123375035768,63,63,63,63,61,63,0.076629,9004,1.9064526870154,22,-86,0.001869,51,2024-06-10 21:03:08.002257,56,1.037,0.0011,"aoml_navis",1023.5193086853
"7901009",37,0.0450963197699883,1,0.108402,1,0.085974,1,196.045701201869,1,4.88491119201752,58,1,28.0540008544922,36.2430000305176,0.108401998877525,0.095319002866745,189.048706054688,-85.9741,21.9647,13.9123375035768,63,63,63,63,61,63,0.085974,9004,1.9064526870154,22,-86,0.001869,51,2024-06-10 21:03:08.002257,58,1.037,0.0011,"aoml_navis",1023.56006147472
"7901009",37,0.0460766745475968,1,0.110271,1,0.087843,1,195.986378745669,1,4.88479277791439,60,1,28,36.2410011291504,0.110270999372005,0.0971880033612251,188.991500854492,-85.9741,21.9647,13.9123375035768,63,63,63,63,61,63,0.087843,9004,1.9064526870154,22,-86,0.001869,51,2024-06-10 21:03:08.002257,60,1.037,0.0011,"aoml_navis",1023.58487398002
"7901009",37,0.0480373841028136,1,0.114009,1,0.091581,1,195.839425517946,1,4.88468878530021,62,1,27.9619998931885,36.242000579834,0.114009000360966,0.100925996899605,188.849792480469,-85.9741,21.9647,13.9123375035768,63,63,63,63,61,63,0.091581,9004,1.9064526870154,22,-86,0.001869,51,2024-06-10 21:03:08.002257,62,1.037,0.0011,"aoml_navis",1023.60666559696
"7901009",37,0.0558802223236812,1,0.128961,1,0.106533,1,195.769849407006,1,4.88458731942736,64,1,27.9209995269775,36.2410011291504,0.128960996866226,0.115878000855446,188.782699584961,-85.9741,21.9647,13.9123375035768,63,63,63,63,61,63,0.106533,9004,1.9064526870154,22,-86,0.001869,51,2024-06-10 21:03:08.002257,64,1.037,0.0011,"aoml_navis",1023.62792863045
"7901009",37,0.0548998675460727,1,0.127092,1,0.104664,1,195.858825179536,1,4.88444156349841,65.9000015258789,1,27.871000289917,36.2490005493164,0.127092003822327,0.114009000360966,188.868499755859,-85.9741,21.9647,13.9123375035768,63,63,63,63,61,63,0.104664,9004,1.9064526870154,22,-86,0.001869,51,2024-06-10 21:03:08.002257,65.9000015258789,1.037,0.0011,"aoml_navis",1023.6584745665
"7901009",37,0.0617623509893318,1,0.140175,1,0.117747,1,196.221057686162,1,4.88431353520698,67.9000015258789,1,27.8290004730225,36.2550010681152,0.140174999833107,0.127092003822327,189.217803955078,-85.9741,21.9647,13.9123375035768,63,63,63,63,61,63,0.117747,9004,1.9064526870154,22,-86,0.001869,51,2024-06-10 21:03:08.002257,67.9000015258789,1.037,0.0011,"aoml_navis",1023.68530684182
"7901009",37,0.0666641248773741,1,0.14952,1,0.127092,1,195.865566008115,1,4.88417229829164,70,1,27.7889995574951,36.2649993896484,0.149519994854927,0.136436998844147,188.875,-85.9741,21.9647,13.9123375035768,63,63,63,63,61,63,0.127092,9004,1.9064526870154,22,-86,0.001869,51,2024-06-10 21:03:08.002257,70,1.037,0.0011,"aoml_navis",1023.71490902335
"7901009",37,0.0764676726534585,1,0.16821,1,0.145782,1,195.283797689986,1,4.88411027326824,72,1,27.7800006866455,36.2669982910156,0.168209999799728,0.155127003788948,188.313995361328,-85.9741,21.9647,13.9123375035768,63,63,63,63,61,63,0.145782,9004,1.9064526870154,22,-86,0.001869,51,2024-06-10 21:03:08.002257,72,1.037,0.0011,"aoml_navis",1023.72790953678
"7901009",37,0.0803890917638922,1,0.175686,1,0.153258,1,194.404515149002,1,4.8840255932505,74.0999984741211,1,27.7439994812012,36.2630004882812,0.175686001777649,0.162603005766869,187.466094970703,-85.9741,21.9647,13.9123375035768,63,63,63,63,61,63,0.153258,9004,1.9064526870154,22,-86,0.001869,51,2024-06-10 21:03:08.002257,74.0999984741211,1.037,0.0011,"aoml_navis",1023.74565909519
"7901009",37,0.0852908656519344,1,0.185031,1,0.162603,1,193.217448906884,1,4.88394065492221,76.0999984741211,1,27.7180004119873,36.2639999389648,0.185030996799469,0.171948000788689,186.321395874023,-85.9741,21.9647,13.9123375035768,63,63,63,63,61,63,0.162603,9004,1.9064526870154,22,-86,0.001869,51,2024-06-10 21:03:08.002257,76.0999984741211,1.037,0.0011,"aoml_navis",1023.76346341572
"7901009",37,0.0852908656519344,1,0.185031,1,0.162603,1,191.814581209,1,4.88385154351431,78,1,27.6879997253418,36.2649993896484,0.185030996799469,0.171948000788689,184.968597412109,-85.9741,21.9647,13.9123375035768,63,63,63,63,61,63,0.162603,9004,1.9064526870154,22,-86,0.001869,51,2024-06-10 21:03:08.002257,78,1.037,0.0011,"aoml_navis",1023.78214314068
"7901009",37,0.0980354777608442,1,0.209328,1,0.1869,1,190.494565573178,1,4.88376964285497,79.9000015258789,1,27.6580009460449,36.2639999389648,0.20932799577713,0.19624499976635,183.695693969727,-85.9741,21.9647,13.9123375035768,63,63,63,63,61,63,0.1869,9004,1.9064526870154,22,-86,0.001869,51,2024-06-10 21:03:08.002257,79.9000015258789,1.037,0.0011,"aoml_navis",1023.79931193419
"7901009",37,0.10685867075932,1,0.226149,1,0.203721,1,189.8468605586,1,4.88354473051351,81.9000015258789,1,27.5349998474121,36.2620010375977,0.226148992776871,0.21306599676609,183.071105957031,-85.9741,21.9647,13.9123375035768,63,63,63,63,61,63,0.203721,9004,1.9064526870154,22,-86,0.001869,51,2024-06-10 21:03:08.002257,81.9000015258789,1.037,0.0011,"aoml_navis",1023.84646315592
"7901009",37,0.123524701978664,1,0.257922,1,0.235494,1,189.343909299509,1,4.88321172415177,84,1,27.2849998474121,36.2350006103516,0.257921993732452,0.244838997721672,182.58610534668,-85.9741,21.9647,13.9123375035768,63,63,63,63,61,63,0.235494,9004,1.9064526870154,22,-86,0.001869,51,2024-06-10 21:03:08.002257,84,1.037,0.0011,"aoml_navis",1023.91628347192
"7901009",37,0.146072861863658,1,0.300909,1,0.278481,1,188.328148715119,1,4.88308767065859,86,1,27.2520008087158,36.2439994812012,0.300909012556076,0.287826001644135,181.606597900391,-85.9741,21.9647,13.9123375035768,63,63,63,63,61,63,0.278481,9004,1.9064526870154,22,-86,0.001869,51,2024-06-10 21:03:08.002257,86,1.037,0.0011,"aoml_navis",1023.94229578222
"7901009",37,0.154896054862134,1,0.31773,1,0.295302,1,187.586277806476,1,4.88281837605956,88,1,27.1410007476807,36.2599983215332,0.317730009555817,0.304646998643875,180.891204833984,-85.9741,21.9647,13.9123375035768,63,63,63,63,61,63,0.295302,9004,1.9064526870154,22,-86,0.001869,51,2024-06-10 21:03:08.002257,88,1.037,0.0011,"aoml_navis",1023.99876770248
"7901009",37,0.188228117300821,1,0.381276,1,0.358848,1,186.90143494055,1,4.88255218608889,90,1,27.0060005187988,36.2649993896484,0.38127601146698,0.368193000555038,180.230804443359,-85.9741,21.9647,13.9123375035768,63,63,63,63,61,63,0.358848,9004,1.9064526870154,22,-86,0.001869,51,2024-06-10 21:03:08.002257,90,1.037,0.0011,"aoml_navis",1024.0545946945
"7901009",37,0.201953084187339,1,0.407442,1,0.385014,1,185.489532000605,1,4.88240714102928,92,1,26.9379997253418,36.2649993896484,0.407442003488541,0.394358992576599,178.869293212891,-85.9741,21.9647,13.9123375035768,63,63,63,63,61,63,0.385014,9004,1.9064526870154,22,-86,0.001869,51,2024-06-10 21:03:08.002257,92,1.037,0.0011,"aoml_navis",1024.08501699552
"7901009",37,0.279401111618406,1,0.555093,1,0.532665,1,184.568665193179,1,4.88220911549451,93.9000015258789,1,26.8479995727539,36.2709999084473,0.555092990398407,0.542010009288788,177.981292724609,-85.9741,21.9647,13.9123375035768,63,63,63,63,61,63,0.532665,9004,1.9064526870154,22,-86,0.001869,51,2024-06-10 21:03:08.002257,93.9000015258789,1.037,0.0011,"aoml_navis",1024.12655454099
"7901009",37,0.284302885506448,1,0.564438,1,0.54201,1,183.718529615204,1,4.88207792091825,95.9000015258789,1,26.8099994659424,36.2799987792969,0.564437985420227,0.551355004310608,177.161499023438,-85.9741,21.9647,13.9123375035768,63,63,63,63,61,63,0.54201,9004,1.9064526870154,22,-86,0.001869,51,2024-06-10 21:03:08.002257,95.9000015258789,1.037,0.0011,"aoml_navis",1024.15407557845
"7901009",37,0.297047497615358,1,0.588735,1,0.566307,1,182.422676526892,1,4.8819298250019,98,1,26.7740001678467,36.2939987182617,0.588734984397888,0.575652003288269,175.911895751953,-85.9741,21.9647,13.9123375035768,63,63,63,63,61,63,0.566307,9004,1.9064526870154,22,-86,0.001869,51,2024-06-10 21:03:08.002257,98,1.037,0.0011,"aoml_navis",1024.18514383255
"7901009",37,0.32057601227796,1,0.633591,1,0.611163,1,180.813232497802,1,4.88181335176018,100.099998474121,1,26.753999710083,36.3059997558594,0.633590996265411,0.620508015155792,174.359893798828,-85.9741,21.9647,13.9123375035768,63,63,63,63,61,63,0.611163,9004,1.9064526870154,22,-86,0.001869,51,2024-06-10 21:03:08.002257,100.099998474121,1.037,0.0011,"aoml_navis",1024.20957945826
"7901009",37,0.292145723727316,1,0.57939,1,0.556962,1,178.882633875207,1,4.88155428279573,102,1,26.6660003662109,36.3300018310547,0.579389989376068,0.566307008266449,172.498199462891,-85.9741,21.9647,13.9123375035768,63,63,63,63,61,63,0.556962,9004,1.9064526870154,22,-86,0.001869,51,2024-06-10 21:03:08.002257,102,1.037,0.0011,"aoml_navis",1024.26393528424
"7901009",37,0.279401111618406,1,0.555093,1,0.532665,1,175.80997116185,1,4.88129430895778,104,1,26.6399993896484,36.3800010681152,0.555092990398407,0.542010009288788,169.535202026367,-85.9741,21.9647,13.9123375035768,63,63,63,63,61,63,0.532665,9004,1.9064526870154,22,-86,0.001869,51,2024-06-10 21:03:08.002257,104,1.037,0.0011,"aoml_navis",1024.31848676372
"7901009",37,0.268617209064713,1,0.534534,1,0.512106,1,174.402024107221,1,4.88080067610052,106,1,26.4790000915527,36.4379997253418,0.534533977508545,0.521450996398926,168.177505493164,-85.9741,21.9647,13.9123375035768,63,63,63,63,61,63,0.512106,9004,1.9064526870154,22,-86,0.001869,51,2024-06-10 21:03:08.002257,106,1.037,0.0011,"aoml_navis",1024.42208395913
"7901009",37,0.259794016066237,1,0.517713,1,0.495285,1,172.984108221596,1,4.88072692529451,108,1,26.4619998931885,36.439998626709,0.517713010311127,0.504630029201508,166.810195922852,-85.9741,21.9647,13.9123375035768,63,63,63,63,61,63,0.495285,9004,1.9064526870154,22,-86,0.001869,51,2024-06-10 21:03:08.002257,108,1.037,0.0011,"aoml_navis",1024.43756361114
"7901009",37,0.238226210958851,1,0.476595,1,0.454167,1,171.194133410218,1,4.88063049599804,110,1,26.4489994049072,36.4500007629395,0.476595014333725,0.463512003421783,165.084106445312,-85.9741,21.9647,13.9123375035768,63,63,63,63,61,63,0.454167,9004,1.9064526870154,22,-86,0.001869,51,2024-06-10 21:03:08.002257,110,1.037,0.0011,"aoml_navis",1024.45780398656
"7901009",37,0.214697696296249,1,0.431739,1,0.409311,1,168.884497680175,1,4.88052429557339,112.099998474121,1,26.4379997253418,36.4630012512207,0.431739002466202,0.41865599155426,162.856903076172,-85.9741,21.9647,13.9123375035768,63,63,63,63,61,63,0.409311,9004,1.9064526870154,22,-86,0.001869,51,2024-06-10 21:03:08.002257,112.099998474121,1.037,0.0011,"aoml_navis",1024.48009623371
"7901009",37,0.187247762523212,1,0.379407,1,0.356979,1,166.692984685671,1,4.87994431527089,114.099998474121,1,26.3190002441406,36.5629997253418,0.379406988620758,0.366324007511139,160.743606567383,-85.9741,21.9647,13.9123375035768,63,63,63,63,61,63,0.356979,9004,1.9064526870154,22,-86,0.001869,51,2024-06-10 21:03:08.002257,114.099998474121,1.037,0.0011,"aoml_navis",1024.60185546655
"7901009",37,0.180385279079953,1,0.366324,1,0.343896,1,165.352430093287,1,4.87956433600262,116.099998474121,1,26.2180004119873,36.6150016784668,0.366324007511139,0.353240996599197,159.450897216797,-85.9741,21.9647,13.9123375035768,63,63,63,63,61,63,0.343896,9004,1.9064526870154,22,-86,0.001869,51,2024-06-10 21:03:08.002257,116.099998474121,1.037,0.0011,"aoml_navis",1024.68164280749
"7901009",37,0.172542440859086,1,0.351372,1,0.328944,1,164.11995028774,1,4.8793859684373,118,1,26.1730003356934,36.6349983215332,0.351372003555298,0.338288992643356,158.262405395508,-85.9741,21.9647,13.9123375035768,63,63,63,63,61,63,0.328944,9004,1.9064526870154,22,-86,0.001869,51,2024-06-10 21:03:08.002257,118,1.037,0.0011,"aoml_navis",1024.71910038331
"7901009",37,0.164699602638218,1,0.33642,1,0.313992,1,162.449221683332,1,4.87914262197734,120,1,26.1100006103516,36.6650009155273,0.336419999599457,0.323336988687515,156.651306152344,-85.9741,21.9647,13.9123375035768,63,63,63,63,61,63,0.313992,9004,1.9064526870154,22,-86,0.001869,51,2024-06-10 21:03:08.002257,120,1.037,0.0011,"aoml_navis",1024.77020808498
"7901009",37,0.168621021748652,1,0.343896,1,0.321468,1,160.762099890174,1,4.87885294031635,122,1,26.0279998779297,36.7000007629395,0.343896001577377,0.330812990665436,155.024398803711,-85.9741,21.9647,13.9123375035768,63,63,63,63,61,63,0.321468,9004,1.9064526870154,22,-86,0.001869,51,2024-06-10 21:03:08.002257,122,1.037,0.0011,"aoml_navis",1024.83105376728
"7901009",37,0.152935345306917,1,0.313992,1,0.291564,1,159.310907097269,1,4.87834558270587,124,1,25.8700008392334,36.7639999389648,0.313991993665695,0.300909012556076,153.625,-85.9741,21.9647,13.9123375035768,63,63,63,63,61,63,0.291564,9004,1.9064526870154,22,-86,0.001869,51,2024-06-10 21:03:08.002257,124,1.037,0.0011,"aoml_navis",1024.9376382283
"7901009",37,0.141171087975616,1,0.291564,1,0.269136,1,158.300241693166,1,4.87788280268664,126,1,25.7099990844727,36.814998626709,0.291563987731934,0.278481006622314,152.650405883789,-85.9741,21.9647,13.9123375035768,63,63,63,63,61,63,0.269136,9004,1.9064526870154,22,-86,0.001869,51,2024-06-10 21:03:08.002257,126,1.037,0.0011,"aoml_navis",1025.03487727218
"7901009",37,0.131367540199531,1,0.272874,1,0.250446,1,156.633548091781,1,4.87756674976752,128,1,25.5949993133545,36.8440017700195,0.272873997688293,0.259790986776352,151.043197631836,-85.9741,21.9647,13.9123375035768,63,63,63,63,61,63,0.250446,9004,1.9064526870154,22,-86,0.001869,51,2024-06-10 21:03:08.002257,128,1.037,0.0011,"aoml_navis",1025.10129671487
"7901009",37,0.0852908656519344,1,0.185031,1,0.162603,1,155.380117917599,1,4.87677677343146,130.100006103516,1,25.2600002288818,36.9140014648438,0.185030996799469,0.171948000788689,149.834503173828,-85.9741,21.9647,13.9123375035768,63,63,63,63,61,63,0.162603,9004,1.9064526870154,22,-86,0.001869,51,2024-06-10 21:03:08.002257,130.100006103516,1.037,0.0011,"aoml_navis",1025.26735019734
"7901009",37,0.0735266083206331,1,0.162603,1,0.140175,1,154.036145440302,1,4.87641509410055,132.100006103516,1,25.0979995727539,36.9370002746582,0.162603005766869,0.149519994854927,148.538497924805,-85.9741,21.9647,13.9123375035768,63,63,63,63,61,63,0.140175,9004,1.9064526870154,22,-86,0.001869,51,2024-06-10 21:03:08.002257,132.100006103516,1.037,0.0011,"aoml_navis",1025.34339335652
"7901009",37,0.0725462535430247,1,0.160734,1,0.138306,1,152.60838731201,1,4.8762404017414,134,1,25.0200004577637,36.943000793457,0.160733997821808,0.147651001811028,147.161697387695,-85.9741,21.9647,13.9123375035768,63,63,63,63,61,63,0.138306,9004,1.9064526870154,22,-86,0.001869,51,2024-06-10 21:03:08.002257,134,1.037,0.0011,"aoml_navis",1025.38012650369
"7901009",37,0.0764676726534585,1,0.16821,1,0.145782,1,151.291172442991,1,4.87589068354066,136,1,24.8479995727539,36.9589996337891,0.168209999799728,0.155127003788948,145.891494750977,-85.9741,21.9647,13.9123375035768,63,63,63,63,61,63,0.145782,9004,1.9064526870154,22,-86,0.001869,51,2024-06-10 21:03:08.002257,136,1.037,0.0011,"aoml_navis",1025.45367082947
"7901009",37,0.0725462535430247,1,0.160734,1,0.138306,1,150.993246808064,1,4.87530606504361,138,1,24.5429992675781,36.9869995117188,0.160733997821808,0.147651001811028,145.604202270508,-85.9741,21.9647,13.9123375035768,63,63,63,63,61,63,0.138306,9004,1.9064526870154,22,-86,0.001869,51,2024-06-10 21:03:08.002257,138,1.037,0.0011,"aoml_navis",1025.57663730088
"7901009",37,0.0715658987654162,1,0.158865,1,0.136437,1,150.410956313073,1,4.87514310519412,140,1,24.4659996032715,36.9900016784668,0.158865004777908,0.145781993865967,145.042694091797,-85.9741,21.9647,13.9123375035768,63,63,63,63,61,63,0.136437,9004,1.9064526870154,22,-86,0.001869,51,2024-06-10 21:03:08.002257,140,1.037,0.0011,"aoml_navis",1025.61091892315
"7901009",37,0.0666641248773741,1,0.14952,1,0.127092,1,149.879491032623,1,4.87497318204151,142,1,24.3889999389648,36.9949989318848,0.149519994854927,0.136436998844147,144.530197143555,-85.9741,21.9647,13.9123375035768,63,63,63,63,61,63,0.127092,9004,1.9064526870154,22,-86,0.001869,51,2024-06-10 21:03:08.002257,142,1.037,0.0011,"aoml_navis",1025.6466678461
"7901009",37,0.0696051892101994,1,0.155127,1,0.132699,1,149.387853605537,1,4.87482503694214,144,1,24.32200050354,36.9980010986328,0.155127003788948,0.142043992877007,144.056106567383,-85.9741,21.9647,13.9123375035768,63,63,63,63,61,63,0.132699,9004,1.9064526870154,22,-86,0.001869,51,2024-06-10 21:03:08.002257,144,1.037,0.0011,"aoml_navis",1025.67783707297
"7901009",37,0.0637230605445487,1,0.143913,1,0.121485,1,149.005715084,1,4.87469442488775,146.100006103516,1,24.2660007476807,37,0.143913000822067,0.130830004811287,143.687606811523,-85.9741,21.9647,13.9123375035768,63,63,63,63,61,63,0.121485,9004,1.9064526870154,22,-86,0.001869,51,2024-06-10 21:03:08.002257,146.100006103516,1.037,0.0011,"aoml_navis",1025.70531897805
"7901009",37,0.0686248344325909,1,0.153258,1,0.13083,1,148.601581840106,1,4.8745457587697,148,1,24.19700050354,37.0029983520508,0.153257995843887,0.140174999833107,143.297897338867,-85.9741,21.9647,13.9123375035768,63,63,63,63,61,63,0.13083,9004,1.9064526870154,22,-86,0.001869,51,2024-06-10 21:03:08.002257,148,1.037,0.0011,"aoml_navis",1025.73660140632
"7901009",37,0.0656837700997656,1,0.147651,1,0.125223,1,148.116890947634,1,4.87445831769298,150,1,24.1620006561279,37.0019989013672,0.147651001811028,0.134568005800247,142.830505371094,-85.9741,21.9647,13.9123375035768,63,63,63,63,61,63,0.125223,9004,1.9064526870154,22,-86,0.001869,51,2024-06-10 21:03:08.002257,150,1.037,0.0011,"aoml_navis",1025.7550017099
"7901009",37,0.0647034153221572,1,0.145782,1,0.123354,1,148.130372604791,1,4.87421347286853,152.100006103516,1,24.0410003662109,37.0099983215332,0.145781993865967,0.132698997855186,142.843505859375,-85.9741,21.9647,13.9123375035768,63,63,63,63,61,63,0.123354,9004,1.9064526870154,22,-86,0.001869,51,2024-06-10 21:03:08.002257,152.100006103516,1.037,0.0011,"aoml_navis",1025.80652813662
"7901009",37,0.0617623509893318,1,0.140175,1,0.117747,1,147.895377193473,1,4.87402412235112,154.100006103516,1,23.9419994354248,37.0120010375977,0.140174999833107,0.127092003822327,142.616897583008,-85.9741,21.9647,13.9123375035768,63,63,63,63,61,63,0.117747,9004,1.9064526870154,22,-86,0.001869,51,2024-06-10 21:03:08.002257,154.100006103516,1.037,0.0011,"aoml_navis",1025.84637960062
"7901009",37,0.0617623509893318,1,0.140175,1,0.117747,1,147.253985771859,1,4.87391768407297,156,1,23.8920001983643,37.0110015869141,0.140174999833107,0.127092003822327,141.998397827148,-85.9741,21.9647,13.9123375035768,63,63,63,63,61,63,0.117747,9004,1.9064526870154,22,-86,0.001869,51,2024-06-10 21:03:08.002257,156,1.037,0.0011,"aoml_navis",1025.86878238405
"7901009",37,0.0578409318788981,1,0.132699,1,0.110271,1,146.594444748415,1,4.87385055180395,158,1,23.871000289917,37.0099983215332,0.132698997855186,0.119616001844406,141.362396240234,-85.9741,21.9647,13.9123375035768,63,63,63,63,61,63,0.110271,9004,1.9064526870154,22,-86,0.001869,51,2024-06-10 21:03:08.002257,158,1.037,0.0011,"aoml_navis",1025.8829126694
"7901009",37,0.0548998675460727,1,0.127092,1,0.104664,1,145.679179474596,1,4.87369805557351,160,1,23.7950000762939,37.0110015869141,0.127092003822327,0.114009000360966,140.479797363281,-85.9741,21.9647,13.9123375035768,63,63,63,63,61,63,0.104664,9004,1.9064526870154,22,-86,0.001869,51,2024-06-10 21:03:08.002257,160,1.037,0.0011,"aoml_navis",1025.9150121707
"7901009",37,0.0343124172162955,1,0.087843,1,0.065415,1,144.956075285893,1,4.87347615121824,162,1,23.6800003051758,37.015998840332,0.0878430008888245,0.0747599974274635,139.782501220703,-85.9741,21.9647,13.9123375035768,63,63,63,63,61,63,0.065415,9004,1.9064526870154,22,-86,0.001869,51,2024-06-10 21:03:08.002257,162,1.037,0.0011,"aoml_navis",1025.96172523592
"7901009",37,99999,9,99999,9,99999,9,145.104990632733,1,4.87289060342341,164,1,23.3190002441406,37.0260009765625,99999,99999,139.92610168457,-85.9741,21.9647,13.9123375035768,63,63,63,63,61,63,99999,9004,1.9064526870154,22,-86,0.001869,51,2024-06-10 21:03:08.002257,164,1.037,0.0011,"aoml_navis",1026.085009273
"7901009",37,0.0196070955521688,1,0.059808,1,0.03738,1,144.83765190307,1,4.87257405856686,166,1,23.1089992523193,37.0209999084473,0.0598080009222031,0.0467250011861324,139.668304443359,-85.9741,21.9647,13.9123375035768,63,63,63,63,61,63,0.03738,9004,1.9064526870154,22,-86,0.001869,51,2024-06-10 21:03:08.002257,166,1.037,0.0011,"aoml_navis",1026.1516684819
"7901009",37,0.0127446121089097,1,0.046725,1,0.024297,1,144.590013482281,1,4.87239277865919,167.899993896484,1,22.9860000610352,37.0130004882812,0.0467250011861324,0.0336420014500618,139.429504394531,-85.9741,21.9647,13.9123375035768,63,63,63,63,61,63,0.024297,9004,1.9064526870154,22,-86,0.001869,51,2024-06-10 21:03:08.002257,167.899993896484,1.037,0.0011,"aoml_navis",1026.18984698847
"7901009",37,0.00490177388804221,1,0.031773,1,0.009345,1,144.764642083675,1,4.87208200669756,170,1,22.7980003356934,37.0149993896484,0.0317730009555817,0.0186899993568659,139.597900390625,-85.9741,21.9647,13.9123375035768,63,63,63,63,61,63,0.009345,9004,1.9064526870154,22,-86,0.001869,51,2024-06-10 21:03:08.002257,170,1.037,0.0011,"aoml_navis",1026.25530381603
"7901009",37,0.00196070955521688,1,0.026166,1,0.003738,1,144.886483351412,1,4.87178738192177,172,1,22.5799999237061,37.0019989013672,0.0261659994721413,0.0130829997360706,139.715393066406,-85.9741,21.9647,13.9123375035768,63,63,63,63,61,63,0.003738,9004,1.9064526870154,22,-86,0.001869,51,2024-06-10 21:03:08.002257,172,1.037,0.0011,"aoml_navis",1026.31736732888
"7901009",37,0.00196070955521688,1,0.026166,1,0.003738,1,144.985111484113,1,4.87156678868865,174,1,22.42799949646,36.9939994812012,0.0261659994721413,0.0130829997360706,139.810501098633,-85.9741,21.9647,13.9123375035768,63,63,63,63,61,63,0.003738,9004,1.9064526870154,22,-86,0.001869,51,2024-06-10 21:03:08.002257,174,1.037,0.0011,"aoml_navis",1026.36384080981
"7901009",37,-0.00294106433282533,1,0.016821,1,-0.005607,1,144.880897641345,1,4.87141662409202,176,1,22.3269996643066,36.9860000610352,0.0168210007250309,0.00373800005763769,139.710006713867,-85.9741,21.9647,13.9123375035768,63,63,63,63,61,63,-0.005607,9004,1.9064526870154,22,-86,0.001869,51,2024-06-10 21:03:08.002257,176,1.037,0.0011,"aoml_navis",1026.39547914503
"7901009",37,99999,9,99999,9,99999,9,144.880264699695,1,4.87130048641663,178,1,22.2560005187988,36.9799995422363,99999,99999,139.709396362305,-85.9741,21.9647,13.9123375035768,63,63,63,63,61,63,99999,9004,1.9064526870154,22,-86,0.001869,51,2024-06-10 21:03:08.002257,178,1.037,0.0011,"aoml_navis",1026.41994965046
"7901009",37,-0.00392141911043377,1,0.014952,1,-0.007476,1,144.936992095128,1,4.87112680275639,179.899993896484,1,22.1410007476807,36.9739990234375,0.0149520002305508,0.00186900002881885,139.764099121094,-85.9741,21.9647,13.9123375035768,63,63,63,63,61,63,-0.007476,9004,1.9064526870154,22,-86,0.001869,51,2024-06-10 21:03:08.002257,179.899993896484,1.037,0.0011,"aoml_navis",1026.45654741952
"7901009",37,-0.00294106433282533,1,0.016821,1,-0.005607,1,145.017264919963,1,4.87094272032834,182,1,22.0049991607666,36.9620018005371,0.0168210007250309,0.00373800005763769,139.841506958008,-85.9741,21.9647,13.9123375035768,63,63,63,63,61,63,-0.005607,9004,1.9064526870154,22,-86,0.001869,51,2024-06-10 21:03:08.002257,182,1.037,0.0011,"aoml_navis",1026.49533921494
"7901009",37,-0.00490177388804221,1,0.013083,1,-0.009345,1,145.409150742918,1,4.87068327523798,184,1,21.8190002441406,36.9529991149902,0.0130829997360706,0,140.21940612793,-85.9741,21.9647,13.9123375035768,63,63,63,63,61,63,-0.009345,9004,1.9064526870154,22,-86,0.001869,51,2024-06-10 21:03:08.002257,184,1.037,0.0011,"aoml_navis",1026.55001720589
"7901009",37,-0.00196070955521688,1,0.01869,1,-0.003738,1,145.508380170188,1,4.87051919220898,186,1,21.6790008544922,36.935001373291,0.0186899993568659,0.00560700008645654,140.315093994141,-85.9741,21.9647,13.9123375035768,63,63,63,63,61,63,-0.003738,9004,1.9064526870154,22,-86,0.001869,51,2024-06-10 21:03:08.002257,186,1.037,0.0011,"aoml_navis",1026.58460067217
"7901009",37,-0.00294106433282533,1,0.016821,1,-0.005607,1,145.55784456018,1,4.87044131376548,188,1,21.6380004882812,36.9300003051758,0.0168210007250309,0.00373800005763769,140.36279296875,-85.9741,21.9647,13.9123375035768,63,63,63,63,61,63,-0.005607,9004,1.9064526870154,22,-86,0.001869,51,2024-06-10 21:03:08.002257,188,1.037,0.0011,"aoml_navis",1026.60101577825
"7901009",37,-0.00686248344325909,1,0.009345,1,-0.013083,1,145.911579825147,1,4.87017720645683,190,1,21.4330005645752,36.9160003662109,0.00934499967843294,-0.00373800005763769,140.703903198242,-85.9741,21.9647,13.9123375035768,63,63,63,63,61,63,-0.013083,9004,1.9064526870154,22,-86,0.001869,51,2024-06-10 21:03:08.002257,190,1.037,0.0011,"aoml_navis",1026.65668784517
"7901009",37,99999,9,99999,9,99999,9,146.103313674649,1,4.87006726533188,192,1,21.3540000915527,36.9059982299805,99999,99999,140.888793945312,-85.9741,21.9647,13.9123375035768,63,63,63,63,61,63,99999,9004,1.9064526870154,22,-86,0.001869,51,2024-06-10 21:03:08.002257,192,1.037,0.0011,"aoml_navis",1026.67986448423
"7901009",37,-0.00196070955521688,1,0.01869,1,-0.003738,1,146.2691443871,1,4.86990988776577,194,1,21.2390003204346,36.8959999084473,0.0186899993568659,0.00560700008645654,141.048706054688,-85.9741,21.9647,13.9123375035768,63,63,63,63,61,63,-0.003738,9004,1.9064526870154,22,-86,0.001869,51,2024-06-10 21:03:08.002257,194,1.037,0.0011,"aoml_navis",1026.71304299922
"7901009",37,-0.00490177388804221,1,0.013083,1,-0.009345,1,146.488458669026,1,4.8697899969069,195.899993896484,1,21.1450004577637,36.8839988708496,0.0130829997360706,0,141.260192871094,-85.9741,21.9647,13.9123375035768,63,63,63,63,61,63,-0.009345,9004,1.9064526870154,22,-86,0.001869,51,2024-06-10 21:03:08.002257,195.899993896484,1.037,0.0011,"aoml_navis",1026.73831996365
"7901009",37,-0.000980354777608442,1,0.020559,1,-0.001869,1,146.47850566157,1,4.86973002066719,198,1,21.1240005493164,36.8810005187988,0.020558999851346,0.00747600011527538,141.250595092773,-85.9741,21.9647,13.9123375035768,63,63,63,63,61,63,-0.001869,9004,1.9064526870154,22,-86,0.001869,51,2024-06-10 21:03:08.002257,198,1.037,0.0011,"aoml_navis",1026.75096540875
"7901009",37,-0.00490177388804221,1,0.013083,1,-0.009345,1,146.557528426645,1,4.86962293539045,200.100006103516,1,21.0590000152588,36.875,0.0130829997360706,0,141.326797485352,-85.9741,21.9647,13.9123375035768,63,63,63,63,61,63,-0.009345,9004,1.9064526870154,22,-86,0.001869,51,2024-06-10 21:03:08.002257,200.100006103516,1.037,0.0011,"aoml_navis",1026.77354414076
"7901009",37,-0.00392141911043377,1,0.014952,1,-0.007476,1,146.677312634017,1,4.8695417813265,202,1,21.0049991607666,36.867000579834,0.0149520002305508,0.00186900002881885,141.442306518555,-85.9741,21.9647,13.9123375035768,63,63,63,63,61,63,-0.007476,9004,1.9064526870154,22,-86,0.001869,51,2024-06-10 21:03:08.002257,202,1.037,0.0011,"aoml_navis",1026.79065598611
"7901009",37,-0.00392141911043377,1,0.014952,1,-0.007476,1,146.964145966518,1,4.8694029445307,204,1,20.9139995574951,36.8610000610352,0.0149520002305508,0.00186900002881885,141.718902587891,-85.9741,21.9647,13.9123375035768,63,63,63,63,61,63,-0.007476,9004,1.9064526870154,22,-86,0.001869,51,2024-06-10 21:03:08.002257,204,1.037,0.0011,"aoml_navis",1026.81993192122
"7901009",37,99999,9,99999,9,99999,9,147.100924657208,1,4.86931573191358,206.100006103516,1,20.8500003814697,36.8499984741211,99999,99999,141.850799560547,-85.9741,21.9647,13.9123375035768,63,63,63,63,61,63,99999,9004,1.9064526870154,22,-86,0.001869,51,2024-06-10 21:03:08.002257,206.100006103516,1.037,0.0011,"aoml_navis",1026.83832293517
"7901009",37,-0.00490177388804221,1,0.013083,1,-0.009345,1,147.55721229311,1,4.8691792582206,208,1,20.7450008392334,36.8390007019043,0.0130829997360706,0,142.290802001953,-85.9741,21.9647,13.9123375035768,63,63,63,63,61,63,-0.009345,9004,1.9064526870154,22,-86,0.001869,51,2024-06-10 21:03:08.002257,208,1.037,0.0011,"aoml_navis",1026.8671032307
"7901009",37,-0.00392141911043377,1,0.014952,1,-0.007476,1,147.898905843175,1,4.86904292803881,209.899993896484,1,20.636999130249,36.8269996643066,0.0149520002305508,0.00186900002881885,142.620300292969,-85.9741,21.9647,13.9123375035768,63,63,63,63,61,63,-0.007476,9004,1.9064526870154,22,-86,0.001869,51,2024-06-10 21:03:08.002257,209.899993896484,1.037,0.0011,"aoml_navis",1026.89585487264
"7901009",37,-0.00490177388804221,1,0.013083,1,-0.009345,1,148.412743698656,1,4.86886245386016,211.899993896484,1,20.4850006103516,36.8110008239746,0.0130829997360706,0,143.115798950195,-85.9741,21.9647,13.9123375035768,63,63,63,63,61,63,-0.009345,9004,1.9064526870154,22,-86,0.001869,51,2024-06-10 21:03:08.002257,211.899993896484,1.037,0.0011,"aoml_navis",1026.9339188327
"7901009",37,-0.00294106433282533,1,0.016821,1,-0.005607,1,149.095102268603,1,4.86868960062876,214,1,20.3369998931885,36.7939987182617,0.0168210007250309,0.00373800005763769,143.773803710938,-85.9741,21.9647,13.9123375035768,63,63,63,63,61,63,-0.005607,9004,1.9064526870154,22,-86,0.001869,51,2024-06-10 21:03:08.002257,214,1.037,0.0011,"aoml_navis",1026.9703780981
"7901009",37,0,1,0.009345,1,-0.013083,1,149.528572358002,1,4.86854450334804,216,1,20.2140007019043,36.7789993286133,0.00934499967843294,-0.00373800005763769,144.191802978516,-85.9741,21.9647,13.9123375035768,63,63,63,63,61,63,0,9004,1.9064526870154,22,-86,0.001869,51,2024-06-10 21:03:08.002257,216,1.037,0.0011,"aoml_navis",1027.00098490659
"7901009",37,0,1,0.011214,1,-0.011214,1,149.878146031616,1,4.86844311946925,218,1,20.1359996795654,36.7680015563965,0.0112140001729131,-0.00186900002881885,144.528900146484,-85.9741,21.9647,13.9123375035768,63,63,63,63,61,63,0,9004,1.9064526870154,22,-86,0.001869,51,2024-06-10 21:03:08.002257,218,1.037,0.0011,"aoml_navis",1027.0223718964
"7901009",37,99999,9,99999,9,99999,9,150.130452397078,1,4.86835748700879,219.899993896484,1,20.0769996643066,36.7599983215332,99999,99999,144.772201538086,-85.9741,21.9647,13.9123375035768,63,63,63,63,61,63,0,9004,1.9064526870154,22,-86,0.001869,51,2024-06-10 21:03:08.002257,219.899993896484,1.037,0.0011,"aoml_navis",1027.04043680903
"7901009",37,0,1,0.014952,1,-0.007476,1,150.675921511546,1,4.86822070042428,222,1,19.9640007019043,36.7459983825684,0.0149520002305508,0,145.298202514648,-85.9741,21.9647,13.9123375035768,63,63,63,63,61,63,0,9004,1.9064526870154,22,-86,0.001869,51,2024-06-10 21:03:08.002257,222,1.037,0.0011,"aoml_navis",1027.06929444761
"7901009",37,0,1,0.014952,1,-0.007476,1,151.374451740666,1,4.86810170309838,224,1,19.863000869751,36.7319984436035,0.0149520002305508,0,145.971801757812,-85.9741,21.9647,13.9123375035768,63,63,63,63,61,63,0,9004,1.9064526870154,22,-86,0.001869,51,2024-06-10 21:03:08.002257,224,1.037,0.0011,"aoml_navis",1027.09440043491
"7901009",37,0,1,0.009345,1,-0.013083,1,151.853968335144,1,4.86796538423677,226,1,19.7479991912842,36.7179985046387,0.00934499967843294,0,146.434204101562,-85.9741,21.9647,13.9123375035768,63,63,63,63,61,63,0,9004,1.9064526870154,22,-86,0.001869,51,2024-06-10 21:03:08.002257,226,1.037,0.0011,"aoml_navis",1027.12316241828
"7901009",37,0,1,0.01869,1,-0.003738,1,152.514442947523,1,4.86780262263351,228,1,19.6030006408691,36.701000213623,0.0186899993568659,0,147.071105957031,-85.9741,21.9647,13.9123375035768,63,63,63,63,61,63,0,9004,1.9064526870154,22,-86,0.001869,51,2024-06-10 21:03:08.002257,228,1.037,0.0011,"aoml_navis",1027.1575056786
"7901009",37,0,1,0.014952,1,-0.007476,1,153.161942256064,1,4.86768535330626,230.100006103516,1,19.5009994506836,36.6860008239746,0.0149520002305508,0,147.695495605469,-85.9741,21.9647,13.9123375035768,63,63,63,63,61,63,0,9004,1.9064526870154,22,-86,0.001869,51,2024-06-10 21:03:08.002257,230.100006103516,1.037,0.0011,"aoml_navis",1027.1822513351
"7901009",37,0,1,0.013083,1,-0.009345,1,153.720370850829,1,4.86751443295366,232,1,19.3379993438721,36.6660003662109,0.0130829997360706,0,148.233993530273,-85.9741,21.9647,13.9123375035768,63,63,63,63,61,63,0,9004,1.9064526870154,22,-86,0.001869,51,2024-06-10 21:03:08.002257,232,1.037,0.0011,"aoml_navis",1027.21832032986
"7901009",37,99999,9,99999,9,99999,9,154.033044026214,1,4.86740041429974,234,1,19.2390003204346,36.6520004272461,99999,99999,148.535507202148,-85.9741,21.9647,13.9123375035768,63,63,63,63,61,63,0,9004,1.9064526870154,22,-86,0.001869,51,2024-06-10 21:03:08.002257,234,1.037,0.0011,"aoml_navis",1027.24238287664
"7901009",37,0,1,0.013083,1,-0.009345,1,154.304623464936,1,4.86728234630138,236.100006103516,1,19.1410007476807,36.6389999389648,0.0130829997360706,0,148.797393798828,-85.9741,21.9647,13.9123375035768,63,63,63,63,61,63,0,9004,1.9064526870154,22,-86,0.001869,51,2024-06-10 21:03:08.002257,236.100006103516,1.037,0.0011,"aoml_navis",1027.26730118697
"7901009",37,0,1,0.014952,1,-0.007476,1,154.351397852914,1,4.86720878043274,238,1,19.0869998931885,36.6300010681152,0.0149520002305508,0,148.842498779297,-85.9741,21.9647,13.9123375035768,63,63,63,63,61,63,0,9004,1.9064526870154,22,-86,0.001869,51,2024-06-10 21:03:08.002257,238,1.037,0.0011,"aoml_navis",1027.28282791178
"7901009",37,0,1,0.009345,1,-0.013083,1,154.328279659127,1,4.86717099463707,240,1,19.0809993743896,36.6269989013672,0.00934499967843294,0,148.820205688477,-85.9741,21.9647,13.9123375035768,63,63,63,63,61,63,0,9004,1.9064526870154,22,-86,0.001869,51,2024-06-10 21:03:08.002257,240,1.037,0.0011,"aoml_navis",1027.29080311937
"7901009",37,0,1,0.016821,1,-0.005607,1,154.124804742007,1,4.86712586747003,242,1,19.07200050354,36.625,0.0168210007250309,0,148.623992919922,-85.9741,21.9647,13.9123375035768,63,63,63,63,61,63,0,9004,1.9064526870154,22,-86,0.001869,51,2024-06-10 21:03:08.002257,242,1.037,0.0011,"aoml_navis",1027.30032798577
"7901009",37,0,1,0.013083,1,-0.009345,1,154.139947870997,1,4.86707023904267,243.899993896484,1,19.0470008850098,36.6209983825684,0.0130829997360706,0,148.638595581055,-85.9741,21.9647,13.9123375035768,63,63,63,63,61,63,0,9004,1.9064526870154,22,-86,0.001869,51,2024-06-10 21:03:08.002257,243.899993896484,1.037,0.0011,"aoml_navis",1027.31206956723
"7901009",37,99999,9,99999,9,99999,9,154.19667526643,1,4.86697759336665,245.899993896484,1,18.9820003509521,36.6129989624023,99999,99999,148.693298339844,-85.9741,21.9647,13.9123375035768,63,63,63,63,61,63,0,9004,1.9064526870154,22,-86,0.001869,51,2024-06-10 21:03:08.002257,245.899993896484,1.037,0.0011,"aoml_navis",1027.33162503453
"7901009",37,0,1,0.016821,1,-0.005607,1,154.330858896353,1,4.866879109417,248,1,18.9050006866455,36.6020011901855,0.0168210007250309,0,148.822692871094,-85.9741,21.9647,13.9123375035768,63,63,63,63,61,63,0,9004,1.9064526870154,22,-86,0.001869,51,2024-06-10 21:03:08.002257,248,1.037,0.0011,"aoml_navis",1027.35241364952
"7901009",37,0,1,0.016821,1,-0.005607,1,154.499063139994,1,4.86677031126735,250,1,18.80299949646,36.5859985351562,0.0168210007250309,0,148.984893798828,-85.9741,21.9647,13.9123375035768,63,63,63,63,61,63,0,9004,1.9064526870154,22,-86,0.001869,51,2024-06-10 21:03:08.002257,250,1.037,0.0011,"aoml_navis",1027.37538042923
"7901009",37,0,1,0.013083,1,-0.009345,1,154.53743522756,1,4.86665127226413,252,1,18.7129993438721,36.5769996643066,0.0130829997360706,0,149.021896362305,-85.9741,21.9647,13.9123375035768,63,63,63,63,61,63,0,9004,1.9064526870154,22,-86,0.001869,51,2024-06-10 21:03:08.002257,252,1.037,0.0011,"aoml_navis",1027.40051018158
"7901009",37,0,1,0.016821,1,-0.005607,1,154.426069144141,1,4.86661939678479,254,1,18.69700050354,36.5690002441406,0.0168210007250309,0,148.914505004883,-85.9741,21.9647,13.9123375035768,63,63,63,63,61,63,0,9004,1.9064526870154,22,-86,0.001869,51,2024-06-10 21:03:08.002257,254,1.037,0.0011,"aoml_navis",1027.40723946963
"7901009",37,0,1,0.01869,1,-0.003738,1,154.206011155776,1,4.86655108303346,256,1,18.6660003662109,36.5660018920898,0.0186899993568659,0,148.702301025391,-85.9741,21.9647,13.9123375035768,63,63,63,63,61,63,0,9004,1.9064526870154,22,-86,0.001869,51,2024-06-10 21:03:08.002257,256,1.037,0.0011,"aoml_navis",1027.42166160174
"7901009",37,99999,9,99999,9,99999,9,154.00658706522,1,4.86645646099728,257.899993896484,1,18.5879993438721,36.5550003051758,99999,99999,148.509994506836,-85.9741,21.9647,13.9123375035768,63,63,63,63,61,63,0,9004,1.9064526870154,22,-86,0.001869,51,2024-06-10 21:03:08.002257,257.899993896484,1.037,0.0011,"aoml_navis",1027.44163850494
"7901009",37,0,1,0.016821,1,-0.005607,1,153.752524286678,1,4.8663897678091,260,1,18.5510005950928,36.548999786377,0.0168210007250309,0,148.264999389648,-85.9741,21.9647,13.9123375035768,63,63,63,63,61,63,0,9004,1.9064526870154,22,-86,0.001869,51,2024-06-10 21:03:08.002257,260,1.037,0.0011,"aoml_navis",1027.45571944827
"7901009",37,0,1,0.016821,1,-0.005607,1,153.107714980151,1,4.86633972392517,262,1,18.5200004577637,36.5410003662109,0.0168210007250309,0,147.643203735352,-85.9741,21.9647,13.9123375035768,63,63,63,63,61,63,0,9004,1.9064526870154,22,-86,0.001869,51,2024-06-10 21:03:08.002257,262,1.037,0.0011,"aoml_navis",1027.46628547483
"7901009",37,0,1,0.013083,1,-0.009345,1,152.655256641235,1,4.866290992581,264,1,18.496000289917,36.5349998474121,0.0130829997360706,0,147.206893920898,-85.9741,21.9647,13.9123375035768,63,63,63,63,61,63,0,9004,1.9064526870154,22,-86,0.001869,51,2024-06-10 21:03:08.002257,264,1.037,0.0011,"aoml_navis",1027.47657458686
"7901009",37,0,1,0.014952,1,-0.007476,1,152.363343951988,1,4.866120015015,266.100006103516,1,18.3519992828369,36.5219993591309,0.0149520002305508,0,146.925399780273,-85.9741,21.9647,13.9123375035768,63,63,63,63,61,63,0,9004,1.9064526870154,22,-86,0.001869,51,2024-06-10 21:03:08.002257,266.100006103516,1.037,0.0011,"aoml_navis",1027.51267633595
"7901009",37,0,1,0.009345,1,-0.013083,1,152.217229371952,1,4.86598576131589,268.100006103516,1,18.19700050354,36.4959983825684,0.00934499967843294,0,146.78450012207,-85.9741,21.9647,13.9123375035768,63,63,63,63,61,63,0,9004,1.9064526870154,22,-86,0.001869,51,2024-06-10 21:03:08.002257,268.100006103516,1.037,0.0011,"aoml_navis",1027.54102565394
"7901009",37,0,1,0.01869,1,-0.003738,1,151.830327964495,1,4.8659358053341,270,1,18.1609992980957,36.4869995117188,0.0186899993568659,0,146.411407470703,-85.9741,21.9647,13.9123375035768,63,63,63,63,61,63,0,9004,1.9064526870154,22,-86,0.001869,51,2024-06-10 21:03:08.002257,270,1.037,0.0011,"aoml_navis",1027.55157487259
"7901009",37,99999,9,99999,9,99999,9,151.361998613691,1,4.86588014257579,272,1,18.136999130249,36.4830017089844,99999,99999,145.95979309082,-85.9741,21.9647,13.9123375035768,63,63,63,63,61,63,0,9004,1.9064526870154,22,-86,0.001869,51,2024-06-10 21:03:08.002257,272,1.037,0.0011,"aoml_navis",1027.56332944798
"7901009",37,0,1,0.014952,1,-0.007476,1,150.951868247657,1,4.86582094828377,274,1,18.1040000915527,36.4770011901855,0.0149520002305508,0,145.564300537109,-85.9741,21.9647,13.9123375035768,63,63,63,63,61,63,0,9004,1.9064526870154,22,-86,0.001869,51,2024-06-10 21:03:08.002257,274,1.037,0.0011,"aoml_navis",1027.57583008959
"7901009",37,0,1,0.013083,1,-0.009345,1,150.370416400353,1,4.86575827779389,276,1,18.0590000152588,36.4679985046387,0.0130829997360706,0,145.003601074219,-85.9741,21.9647,13.9123375035768,63,63,63,63,61,63,0,9004,1.9064526870154,22,-86,0.001869,51,2024-06-10 21:03:08.002257,276,1.037,0.0011,"aoml_navis",1027.5890651656
"7901009",37,0,1,0.014952,1,-0.007476,1,150.102033316967,1,4.86563964866981,278,1,17.9519996643066,36.4539985656738,0.0149520002305508,0,144.74479675293,-85.9741,21.9647,13.9123375035768,63,63,63,63,61,63,0,9004,1.9064526870154,22,-86,0.001869,51,2024-06-10 21:03:08.002257,278,1.037,0.0011,"aoml_navis",1027.61411880695
"7901009",37,0,1,0.014952,1,-0.007476,1,149.796322499737,1,4.8655689693624,280,1,17.8939990997314,36.443000793457,0.0149520002305508,0,144.449996948242,-85.9741,21.9647,13.9123375035768,63,63,63,63,61,63,0,9004,1.9064526870154,22,-86,0.001869,51,2024-06-10 21:03:08.002257,280,1.037,0.0011,"aoml_navis",1027.62904636315
"7901009",37,0,1,0.01869,1,-0.003738,1,149.213209180601,1,4.86551370002301,282,1,17.8610000610352,36.4360008239746,0.0186899993568659,0,143.8876953125,-85.9741,21.9647,13.9123375035768,63,63,63,63,61,63,0,9004,1.9064526870154,22,-86,0.001869,51,2024-06-10 21:03:08.002257,282,1.037,0.0011,"aoml_navis",1027.64071961741
"7901009",37,0,1,0.016821,1,-0.005607,1,148.712330805416,1,4.86545252256898,284,1,17.8229999542236,36.4290008544922,0.0168210007250309,0,143.404693603516,-85.9741,21.9647,13.9123375035768,63,63,63,63,61,63,0,9004,1.9064526870154,22,-86,0.001869,51,2024-06-10 21:03:08.002257,284,1.037,0.0011,"aoml_navis",1027.65364101425
"7901009",37,99999,9,99999,9,99999,9,148.053217017586,1,4.86539615142331,286,1,17.7889995574951,36.4220008850098,99999,99999,142.769104003906,-85.9741,21.9647,13.9123375035768,63,63,63,63,61,63,0,9004,1.9064526870154,22,-86,0.001869,51,2024-06-10 21:03:08.002257,286,1.037,0.0011,"aoml_navis",1027.66554754998
"7901009",37,0,1,0.013083,1,-0.009345,1,147.814075838456,1,4.86530332925238,288,1,17.7119998931885,36.4109992980957,0.0130829997360706,0,142.538497924805,-85.9741,21.9647,13.9123375035768,63,63,63,63,61,63,0,9004,1.9064526870154,22,-86,0.001869,51,2024-06-10 21:03:08.002257,288,1.037,0.0011,"aoml_navis",1027.68515375758
"7901009",37,0,1,0.016821,1,-0.005607,1,147.17828595045,1,4.86522980680782,290,1,17.6450004577637,36.3979988098145,0.0168210007250309,0,141.925399780273,-85.9741,21.9647,13.9123375035768,63,63,63,63,61,63,0,9004,1.9064526870154,22,-86,0.001869,51,2024-06-10 21:03:08.002257,290,1.037,0.0011,"aoml_navis",1027.70068394377
"7901009",37,0,1,0.013083,1,-0.009345,1,146.582735327879,1,4.86515839720925,292,1,17.5949993133545,36.3899993896484,0.0130829997360706,0,141.351104736328,-85.9741,21.9647,13.9123375035768,63,63,63,63,61,63,0,9004,1.9064526870154,22,-86,0.001869,51,2024-06-10 21:03:08.002257,292,1.037,0.0011,"aoml_navis",1027.71576828169
"7901009",37,0,1,0.014952,1,-0.007476,1,146.234190184447,1,4.86504614397376,294,1,17.5009994506836,36.3790016174316,0.0149520002305508,0,141.014999389648,-85.9741,21.9647,13.9123375035768,63,63,63,63,61,63,0,9004,1.9064526870154,22,-86,0.001869,51,2024-06-10 21:03:08.002257,294,1.037,0.0011,"aoml_navis",1027.73948119555
"7901009",37,0,1,0.016821,1,-0.005607,1,145.898826050888,1,4.8649556829467,296,1,17.4160003662109,36.3650016784668,0.0168210007250309,0,140.691604614258,-85.9741,21.9647,13.9123375035768,63,63,63,63,61,63,0,9004,1.9064526870154,22,-86,0.001869,51,2024-06-10 21:03:08.002257,296,1.037,0.0011,"aoml_navis",1027.75859141465
"7901009",37,0,1,0.009345,1,-0.013083,1,145.759452299431,1,4.86488071990161,298,1,17.3439998626709,36.351001739502,0.00934499967843294,0,140.557205200195,-85.9741,21.9647,13.9123375035768,63,63,63,63,61,63,0,9004,1.9064526870154,22,-86,0.001869,51,2024-06-10 21:03:08.002257,298,1.037,0.0011,"aoml_navis",1027.77442816751
"7901009",37,99999,9,99999,9,99999,9,145.456115013391,1,4.86483843361279,300,1,17.3369998931885,36.3489990234375,99999,99999,140.264694213867,-85.9741,21.9647,13.9123375035768,63,63,63,63,61,63,0,9004,1.9064526870154,22,-86,0.001869,51,2024-06-10 21:03:08.002257,300,1.037,0.0011,"aoml_navis",1027.78336181801
"7901009",37,0,1,0.014952,1,-0.007476,1,144.988529369026,1,4.86480277052869,301.899993896484,1,17.3369998931885,36.3479995727539,0.0149520002305508,0,139.81379699707,-85.9741,21.9647,13.9123375035768,63,63,63,63,61,63,0,9004,1.9064526870154,22,-86,0.001869,51,2024-06-10 21:03:08.002257,301.899993896484,1.037,0.0011,"aoml_navis",1027.79089633198
"7901009",37,0,1,0.01869,1,-0.003738,1,144.650253703875,1,4.86476632331343,303.899993896484,1,17.3349990844727,36.3460006713867,0.0186899993568659,0,139.487594604492,-85.9741,21.9647,13.9123375035768,63,63,63,63,61,63,0,9004,1.9064526870154,22,-86,0.001869,51,2024-06-10 21:03:08.002257,303.899993896484,1.037,0.0011,"aoml_navis",1027.79859662292
"7901009",37,0,1,0.014952,1,-0.007476,1,144.136320907146,1,4.86472781246677,306,1,17.3330001831055,36.3440017700195,0.0149520002305508,0,138.992004394531,-85.9741,21.9647,13.9123375035768,63,63,63,63,61,63,0,9004,1.9064526870154,22,-86,0.001869,51,2024-06-10 21:03:08.002257,306,1.037,0.0011,"aoml_navis",1027.80673302761
"7901009",37,0,1,0.014952,1,-0.007476,1,143.377946044964,1,4.8646902130989,308,1,17.3299999237061,36.3419990539551,0.0149520002305508,0,138.260696411133,-85.9741,21.9647,13.9123375035768,63,63,63,63,61,63,0,9004,1.9064526870154,22,-86,0.001869,51,2024-06-10 21:03:08.002257,308,1.037,0.0011,"aoml_navis",1027.81467698329
"7901009",37,0,1,0.014952,1,-0.007476,1,142.900296628355,1,4.86461891924742,310,1,17.2919998168945,36.3380012512207,0.0149520002305508,0,137.800094604492,-85.9741,21.9647,13.9123375035768,63,63,63,63,61,63,0,9004,1.9064526870154,22,-86,0.001869,51,2024-06-10 21:03:08.002257,310,1.037,0.0011,"aoml_navis",1027.82974021191
"7901009",37,99999,9,99999,9,99999,9,142.46060788724,1,4.86453974170762,312,1,17.2129993438721,36.3230018615723,99999,99999,137.376098632812,-85.9741,21.9647,13.9123375035768,63,63,63,63,61,63,0,9004,1.9064526870154,22,-86,0.001869,51,2024-06-10 21:03:08.002257,312,1.037,0.0011,"aoml_navis",1027.84646965282
"7901009",37,0,1,0.014952,1,-0.007476,1,142.299460943003,1,4.8644265489356,314,1,17.0919990539551,36.3040008544922,0.0149520002305508,0,137.220703125,-85.9741,21.9647,13.9123375035768,63,63,63,63,61,63,0,9004,1.9064526870154,22,-86,0.001869,51,2024-06-10 21:03:08.002257,314,1.037,0.0011,"aoml_navis",1027.87038712591
"7901009",37,0,1,0.011214,1,-0.011214,1,141.710128972149,1,4.86437576336516,316,1,17.0620002746582,36.2970008850098,0.0112140001729131,0,136.652404785156,-85.9741,21.9647,13.9123375035768,63,63,63,63,61,63,0,9004,1.9064526870154,22,-86,0.001869,51,2024-06-10 21:03:08.002257,316,1.037,0.0011,"aoml_navis",1027.88111840706
"7901009",37,0,1,0.016821,1,-0.005607,1,141.257781398022,1,4.86431922005075,318,1,17.0270004272461,36.2900009155273,0.0168210007250309,0,136.216201782227,-85.9741,21.9647,13.9123375035768,63,63,63,63,61,63,0,9004,1.9064526870154,22,-86,0.001869,51,2024-06-10 21:03:08.002257,318,1.037,0.0011,"aoml_navis",1027.89306659603
"7901009",37,0,1,0.016821,1,-0.005607,1,140.777331214609,1,4.86424437886752,320,1,16.9729995727539,36.2820014953613,0.0168210007250309,0,135.752899169922,-85.9741,21.9647,13.9123375035768,63,63,63,63,61,63,0,9004,1.9064526870154,22,-86,0.001869,51,2024-06-10 21:03:08.002257,320,1.037,0.0011,"aoml_navis",1027.90888174169
"7901009",37,0,1,0.014952,1,-0.007476,1,140.146731448138,1,4.86416809006058,322.100006103516,1,16.9099998474121,36.2709999084473,0.0149520002305508,0,135.144805908203,-85.9741,21.9647,13.9123375035768,63,63,63,63,61,63,0,9004,1.9064526870154,22,-86,0.001869,51,2024-06-10 21:03:08.002257,322.100006103516,1.037,0.0011,"aoml_navis",1027.92500329439
"7901009",37,99999,9,99999,9,99999,9,139.870262535165,1,4.8640408470885,324,1,16.7800006866455,36.2540016174316,99999,99999,134.878204345703,-85.9741,21.9647,13.9123375035768,63,63,63,63,61,63,0,9004,1.9064526870154,22,-86,0.001869,51,2024-06-10 21:03:08.002257,324,1.037,0.0011,"aoml_navis",1027.95189374137
"7901009",37,0,1,0.016821,1,-0.005607,1,139.723008660158,1,4.86393267078124,326,1,16.6520004272461,36.2319984436035,0.0168210007250309,0,134.736206054688,-85.9741,21.9647,13.9123375035768,63,63,63,63,61,63,0,9004,1.9064526870154,22,-86,0.001869,51,2024-06-10 21:03:08.002257,326,1.037,0.0011,"aoml_navis",1027.97475590814
"7901009",37,0,1,0.013083,1,-0.009345,1,139.760431335249,1,4.86379450660949,328,1,16.5130004882812,36.2150001525879,0.0130829997360706,0,134.77229309082,-85.9741,21.9647,13.9123375035768,63,63,63,63,61,63,0,9004,1.9064526870154,22,-86,0.001869,51,2024-06-10 21:03:08.002257,328,1.037,0.0011,"aoml_navis",1028.00395724067
"7901009",37,0,1,0.014952,1,-0.007476,1,139.671772033544,1,4.86372689343184,330,1,16.4419994354248,36.2000007629395,0.0149520002305508,0,134.686798095703,-85.9741,21.9647,13.9123375035768,63,63,63,63,61,63,0,9004,1.9064526870154,22,-86,0.001869,51,2024-06-10 21:03:08.002257,330,1.037,0.0011,"aoml_navis",1028.01824805422
"7901009",37,0,1,0.020559,1,-0.001869,1,139.397581710513,1,4.86369094138238,331.899993896484,1,16.4290008544922,36.1949996948242,0.020558999851346,0,134.422393798828,-85.9741,21.9647,13.9123375035768,63,63,63,63,61,63,0,9004,1.9064526870154,22,-86,0.001869,51,2024-06-10 21:03:08.002257,331.899993896484,1.037,0.0011,"aoml_navis",1028.02584709029
"7901009",37,0,1,0.016821,1,-0.005607,1,139.062739753816,1,4.86364108603906,334,1,16.4169998168945,36.193000793457,0.0168210007250309,0,134.099502563477,-85.9741,21.9647,13.9123375035768,63,63,63,63,61,63,0,9004,1.9064526870154,22,-86,0.001869,51,2024-06-10 21:03:08.002257,334,1.037,0.0011,"aoml_navis",1028.03638499402
"7901009",37,99999,9,99999,9,99999,9,138.913096524078,1,4.86356863826429,336.100006103516,1,16.3689994812012,36.1860008239746,99999,99999,133.955200195312,-85.9741,21.9647,13.9123375035768,63,63,63,63,61,63,0,9004,1.9064526870154,22,-86,0.001869,51,2024-06-10 21:03:08.002257,336.100006103516,1.037,0.0011,"aoml_navis",1028.05169863592
"7901009",37,0,1,0.013083,1,-0.009345,1,138.881670971127,1,4.86348913602795,338,1,16.3110008239746,36.1790008544922,0.0130829997360706,0,133.924896240234,-85.9741,21.9647,13.9123375035768,63,63,63,63,61,63,0,9004,1.9064526870154,22,-86,0.001869,51,2024-06-10 21:03:08.002257,338,1.037,0.0011,"aoml_navis",1028.06850393903
"7901009",37,0,1,0.020559,1,-0.001869,1,138.865087899882,1,4.8634227150532,340,1,16.2469997406006,36.1660003662109,0.020558999851346,0,133.908905029297,-85.9741,21.9647,13.9123375035768,63,63,63,63,61,63,0,9004,1.9064526870154,22,-86,0.001869,51,2024-06-10 21:03:08.002257,340,1.037,0.0011,"aoml_navis",1028.08254452653
"7901009",37,0,1,0.020559,1,-0.001869,1,138.434513518534,1,4.86337327101437,342,1,16.2269992828369,36.1619987487793,0.020558999851346,0,133.493698120117,-85.9741,21.9647,13.9123375035768,63,63,63,63,61,63,0,9004,1.9064526870154,22,-86,0.001869,51,2024-06-10 21:03:08.002257,342,1.037,0.0011,"aoml_navis",1028.09299664493
"7901009",37,0,1,0.01869,1,-0.003738,1,138.104117976932,1,4.86328087745084,343.899993896484,1,16.1539993286133,36.1539993286133,0.0186899993568659,0,133.175094604492,-85.9741,21.9647,13.9123375035768,63,63,63,63,61,63,0,9004,1.9064526870154,22,-86,0.001869,51,2024-06-10 21:03:08.002257,343.899993896484,1.037,0.0011,"aoml_navis",1028.11252855723
"7901009",37,0,1,0.020559,1,-0.001869,1,137.825370474018,1,4.86318840697718,346,1,16.0520000457764,36.1360015869141,0.020558999851346,0,132.906295776367,-85.9741,21.9647,13.9123375035768,63,63,63,63,61,63,0,9004,1.9064526870154,22,-86,0.001869,51,2024-06-10 21:03:08.002257,346,1.037,0.0011,"aoml_navis",1028.13207747134
"7901009",37,99999,9,99999,9,99999,9,137.467093852708,1,4.86313563063946,348.100006103516,1,16.0209999084473,36.1290016174316,99999,99999,132.560806274414,-85.9741,21.9647,13.9123375035768,63,63,63,63,61,63,0,9004,1.9064526870154,22,-86,0.001869,51,2024-06-10 21:03:08.002257,348.100006103516,1.037,0.0011,"aoml_navis",1028.14323509677
"7901009",37,0,1,0.01869,1,-0.003738,1,137.048244715437,1,4.86306308524373,350,1,15.9619998931885,36.1199989318848,0.0186899993568659,0,132.15690612793,-85.9741,21.9647,13.9123375035768,63,63,63,63,61,63,0,9004,1.9064526870154,22,-86,0.001869,51,2024-06-10 21:03:08.002257,350,1.037,0.0011,"aoml_navis",1028.15857256135
"7901009",37,0,1,0.024297,1,0.001869,1,136.889582067179,1,4.86292785715431,351.899993896484,1,15.8170003890991,36.1020011901855,0.0242970008403063,0,132.00390625,-85.9741,21.9647,13.9123375035768,63,63,63,63,61,63,0,9004,1.9064526870154,22,-86,0.001869,51,2024-06-10 21:03:08.002257,351.899993896484,1.037,0.0011,"aoml_navis",1028.18716355087
"7901009",37,0,1,0.020559,1,-0.001869,1,136.42095206909,1,4.86286980308537,354,1,15.7580003738403,36.0880012512207,0.020558999851346,0,131.552001953125,-85.9741,21.9647,13.9123375035768,63,63,63,63,61,63,0,9004,1.9064526870154,22,-86,0.001869,51,2024-06-10 21:03:08.002257,354,1.037,0.0011,"aoml_navis",1028.19943828799
"7901009",37,99999,9,99999,9,99999,9,135.724178253051,1,4.86282340885066,356,1,15.7469997406006,36.0859985351562,99999,99999,130.880096435547,-85.9741,21.9647,13.9123375035768,63,63,63,63,61,63,0,9004,1.9064526870154,22,-86,0.001869,51,2024-06-10 21:03:08.002257,356,1.037,0.0011,"aoml_navis",1028.20924792368
"7901009",37,0,1,0.01869,1,-0.003738,1,135.046487627777,1,4.86277366639864,358.100006103516,1,15.7250003814697,36.0810012817383,0.0186899993568659,0,130.226593017578,-85.9741,21.9647,13.9123375035768,63,63,63,63,61,63,0,9004,1.9064526870154,22,-86,0.001869,51,2024-06-10 21:03:08.002257,358.100006103516,1.037,0.0011,"aoml_navis",1028.21976571716
"7901009",37,0,1,0.013083,1,-0.009345,1,134.090365970413,1,4.86273643938577,360.100006103516,1,15.7189998626709,36.0779991149902,0.0130829997360706,0,129.304595947266,-85.9741,21.9647,13.9123375035768,63,63,63,63,61,63,0,9004,1.9064526870154,22,-86,0.001869,51,2024-06-10 21:03:08.002257,360.100006103516,1.037,0.0011,"aoml_navis",1028.22763732422
"7901009",37,0,1,0.01869,1,-0.003738,1,133.38115485094,1,4.86265126122098,362.100006103516,1,15.6300001144409,36.0629997253418,0.0186899993568659,0,128.620697021484,-85.9741,21.9647,13.9123375035768,63,63,63,63,61,63,0,9004,1.9064526870154,22,-86,0.001869,51,2024-06-10 21:03:08.002257,362.100006103516,1.037,0.0011,"aoml_navis",1028.24564859799
"7901009",37,0,1,0.016821,1,-0.005607,1,132.032941664584,1,4.86257248284753,364.100006103516,1,15.5729999542236,36.0559997558594,0.0168210007250309,0,127.320602416992,-85.9741,21.9647,13.9123375035768,63,63,63,63,61,63,0,9004,1.9064526870154,22,-86,0.001869,51,2024-06-10 21:03:08.002257,364.100006103516,1.037,0.0011,"aoml_navis",1028.2623071712
"7901009",37,99999,9,99999,9,99999,9,131.226455325188,1,4.86247532732113,366.100006103516,1,15.4460000991821,36.0330009460449,99999,99999,126.542900085449,-85.9741,21.9647,13.9123375035768,63,63,63,63,61,63,0,9004,1.9064526870154,22,-86,0.001869,51,2024-06-10 21:03:08.002257,366.100006103516,1.037,0.0011,"aoml_navis",1028.28285254347
"7901009",37,0,1,0.020559,1,-0.001869,1,130.6712389093,1,4.86241987354784,368.100006103516,1,15.3900003433228,36.0200004577637,0.020558999851346,0,126.007499694824,-85.9741,21.9647,13.9123375035768,63,63,63,63,61,63,0,9004,1.9064526870154,22,-86,0.001869,51,2024-06-10 21:03:08.002257,368.100006103516,1.037,0.0011,"aoml_navis",1028.29457965994
"7901009",37,0,1,0.01869,1,-0.003738,1,130.172330565003,1,4.86235207919731,370,1,15.3339996337891,36.0110015869141,0.0186899993568659,0,125.526397705078,-85.9741,21.9647,13.9123375035768,63,63,63,63,61,63,0,9004,1.9064526870154,22,-86,0.001869,51,2024-06-10 21:03:08.002257,370,1.037,0.0011,"aoml_navis",1028.30891687
"7901009",37,0,1,0.022428,1,0,1,129.895869563801,1,4.86221173286448,372,1,15.1759996414185,35.9910011291504,0.0224280003458261,0,125.259803771973,-85.9741,21.9647,13.9123375035768,63,63,63,63,61,63,0,9004,1.9064526870154,22,-86,0.001869,51,2024-06-10 21:03:08.002257,372,1.037,0.0011,"aoml_navis",1028.33859870894
"7901009",37,0,1,0.024297,1,0.001869,1,129.364087812526,1,4.86213468934088,374.100006103516,1,15.0710000991821,35.9690017700195,0.0242970008403063,0,124.747001647949,-85.9741,21.9647,13.9123375035768,63,63,63,63,61,63,0,9004,1.9064526870154,22,-86,0.001869,51,2024-06-10 21:03:08.002257,374.100006103516,1.037,0.0011,"aoml_navis",1028.35489336841
"7901009",37,99999,9,99999,9,99999,9,128.977178493298,1,4.862076916351,376,1,15.0270004272461,35.9609985351562,99999,99999,124.373901367188,-85.9741,21.9647,13.9123375035768,63,63,63,63,61,63,0,9004,1.9064526870154,22,-86,0.001869,51,2024-06-10 21:03:08.002257,376,1.037,0.0011,"aoml_navis",1028.36711266026
"7901009",37,0,1,0.016821,1,-0.005607,1,128.468831406636,1,4.86199410126154,378,1,14.9479999542236,35.9490013122559,0.0168210007250309,0,123.883697509766,-85.9741,21.9647,13.9123375035768,63,63,63,63,61,63,0,9004,1.9064526870154,22,-86,0.001869,51,2024-06-10 21:03:08.002257,378,1.037,0.0011,"aoml_navis",1028.38462899464
"7901009",37,0,1,0.020559,1,-0.001869,1,128.209372800522,1,4.86188712296625,380.100006103516,1,14.8140001296997,35.9269981384277,0.020558999851346,0,123.633499145508,-85.9741,21.9647,13.9123375035768,63,63,63,63,61,63,0,9004,1.9064526870154,22,-86,0.001869,51,2024-06-10 21:03:08.002257,380.100006103516,1.037,0.0011,"aoml_navis",1028.40725700548
"7901009",37,0,1,0.020559,1,-0.001869,1,128.000620732391,1,4.86177463064408,382.100006103516,1,14.6789999008179,35.9070014953613,0.020558999851346,0,123.432197570801,-85.9741,21.9647,13.9123375035768,63,63,63,63,61,63,0,9004,1.9064526870154,22,-86,0.001869,51,2024-06-10 21:03:08.002257,382.100006103516,1.037,0.0011,"aoml_navis",1028.43105241545
"7901009",37,0,1,0.013083,1,-0.009345,1,127.584469508906,1,4.86169073794808,384.100006103516,1,14.5909996032715,35.8930015563965,0.0130829997360706,0,123.030899047852,-85.9741,21.9647,13.9123375035768,63,63,63,63,61,63,0,9004,1.9064526870154,22,-86,0.001869,51,2024-06-10 21:03:08.002257,384.100006103516,1.037,0.0011,"aoml_navis",1028.44879888643
"7901009",37,99999,9,99999,9,99999,9,127.283838048423,1,4.86162241456782,386.100006103516,1,14.5139999389648,35.8779983520508,99999,99999,122.740997314453,-85.9741,21.9647,13.9123375035768,63,63,63,63,61,63,0,9004,1.9064526870154,22,-86,0.001869,51,2024-06-10 21:03:08.002257,386.100006103516,1.037,0.0011,"aoml_navis",1028.46325231214
"7901009",37,0,1,0.020559,1,-0.001869,1,127.104747208392,1,4.86153021125043,388,1,14.418999671936,35.8650016784668,0.020558999851346,0,122.568298339844,-85.9741,21.9647,13.9123375035768,63,63,63,63,61,63,0,9004,1.9064526870154,22,-86,0.001869,51,2024-06-10 21:03:08.002257,388,1.037,0.0011,"aoml_navis",1028.48275804789
"7901009",37,0,1,0.01869,1,-0.003738,1,127.042220485085,1,4.86142997837352,390,1,14.3039999008179,35.8479995727539,0.0186899993568659,0,122.508003234863,-85.9741,21.9647,13.9123375035768,63,63,63,63,61,63,0,9004,1.9064526870154,22,-86,0.001869,51,2024-06-10 21:03:08.002257,390,1.037,0.0011,"aoml_navis",1028.50396328712
"7901009",37,0,1,0.016821,1,-0.005607,1,126.843840748253,1,4.86137560906986,392,1,14.2430000305176,35.8339996337891,0.0168210007250309,0,122.316703796387,-85.9741,21.9647,13.9123375035768,63,63,63,63,61,63,0,9004,1.9064526870154,22,-86,0.001869,51,2024-06-10 21:03:08.002257,392,1.037,0.0011,"aoml_navis",1028.5154660075
"7901009",37,0,1,0.024297,1,0.001869,1,126.470927351273,1,4.86131827769476,393.899993896484,1,14.2049999237061,35.8279991149902,0.0242970008403063,0,121.957099914551,-85.9741,21.9647,13.9123375035768,63,63,63,63,61,63,0,9004,1.9064526870154,22,-86,0.001869,51,2024-06-10 21:03:08.002257,393.899993896484,1.037,0.0011,"aoml_navis",1028.52759568152
"7901009",37,99999,9,99999,9,99999,9,126.188967669482,1,4.86125424523388,395.899993896484,1,14.1590003967285,35.8209991455078,99999,99999,121.685203552246,-85.9741,21.9647,13.9123375035768,63,63,63,63,61,63,0,9004,1.9064526870154,22,-86,0.001869,51,2024-06-10 21:03:08.002257,395.899993896484,1.037,0.0011,"aoml_navis",1028.54114345123
"7901009",37,0,1,0.016821,1,-0.005607,1,126.029988550398,1,4.86118047052926,398,1,14.0950002670288,35.8110008239746,0.0168210007250309,0,121.531898498535,-85.9741,21.9647,13.9123375035768,63,63,63,63,61,63,0,9004,1.9064526870154,22,-86,0.001869,51,2024-06-10 21:03:08.002257,398,1.037,0.0011,"aoml_navis",1028.55675289414
"7901009",37,0,1,0.01869,1,-0.003738,1,125.87972820255,1,4.86109715483135,400,1,14.0089998245239,35.7980003356934,0.0186899993568659,0,121.387001037598,-85.9741,21.9647,13.9123375035768,63,63,63,63,61,63,0,9004,1.9064526870154,22,-86,0.001869,51,2024-06-10 21:03:08.002257,400,1.037,0.0011,"aoml_navis",1028.57438161478
"7901009",37,0,1,0.01869,1,-0.003738,1,125.820619364157,1,4.86103225293086,402.100006103516,1,13.9320001602173,35.7820014953613,0.0186899993568659,0,121.330001831055,-85.9741,21.9647,13.9123375035768,63,63,63,63,61,63,0,9004,1.9064526870154,22,-86,0.001869,51,2024-06-10 21:03:08.002257,402.100006103516,1.037,0.0011,"aoml_navis",1028.58811458931
"7901009",37,0,1,0.022428,1,0,1,125.831403107529,1,4.86095343386621,404.100006103516,1,13.8640003204346,35.7729988098145,0.0224280003458261,0,121.340400695801,-85.9741,21.9647,13.9123375035768,63,63,63,63,61,63,0,9004,1.9064526870154,22,-86,0.001869,51,2024-06-10 21:03:08.002257,404.100006103516,1.037,0.0011,"aoml_navis",1028.60479287151
"7901009",37,0,1,0.01869,1,-0.003738,1,126.073028582637,1,4.86087828102779,406,1,13.7760000228882,35.757999420166,0.0186899993568659,0,121.573402404785,-85.9741,21.9647,13.9123375035768,63,63,63,63,61,63,0,9004,1.9064526870154,22,-86,0.001869,51,2024-06-10 21:03:08.002257,406,1.037,0.0011,"aoml_navis",1028.62069587614
"7901009",37,99999,9,99999,9,99999,9,126.368675627622,1,4.86077082375349,408,1,13.6579999923706,35.7430000305176,99999,99999,121.858497619629,-85.9741,21.9647,13.9123375035768,63,63,63,63,61,63,0,9004,1.9064526870154,22,-86,0.001869,51,2024-06-10 21:03:08.002257,408,1.037,0.0011,"aoml_navis",1028.64343563908
"7901009",37,0,1,0.024297,1,0.001869,1,126.340778724373,1,4.86072198796552,410,1,13.6079998016357,35.7309989929199,0.0242970008403063,0,121.831596374512,-85.9741,21.9647,13.9123375035768,63,63,63,63,61,63,0,9004,1.9064526870154,22,-86,0.001869,51,2024-06-10 21:03:08.002257,410,1.037,0.0011,"aoml_navis",1028.65377044384
"7901009",37,0,1,0.020559,1,-0.001869,1,126.215408806935,1,4.86067450371349,412,1,13.5880002975464,35.7270011901855,0.020558999851346,0,121.71070098877,-85.9741,21.9647,13.9123375035768,63,63,63,63,61,63,0,9004,1.9064526870154,22,-86,0.001869,51,2024-06-10 21:03:08.002257,412,1.037,0.0011,"aoml_navis",1028.66381943084
"7901009",37,0,1,0.01869,1,-0.003738,1,126.039941557853,1,4.86062942961127,414.100006103516,1,13.576000213623,35.7239990234375,0.0186899993568659,0,121.541496276855,-85.9741,21.9647,13.9123375035768,63,63,63,63,61,63,0,9004,1.9064526870154,22,-86,0.001869,51,2024-06-10 21:03:08.002257,414.100006103516,1.037,0.0011,"aoml_navis",1028.67335854482
"7901009",37,0,1,0.022428,1,0,1,125.809313443923,1,4.86058953602615,416,1,13.5649995803833,35.7210006713867,0.0224280003458261,0,121.31909942627,-85.9741,21.9647,13.9123375035768,63,63,63,63,61,63,0,9004,1.9064526870154,22,-86,0.001869,51,2024-06-10 21:03:08.002257,416,1.037,0.0011,"aoml_navis",1028.68180144416
"7901009",37,0,1,0.01869,1,-0.003738,1,125.599216374785,1,4.86053682245432,418,1,13.5469999313354,35.7190017700195,0.0186899993568659,0,121.116500854492,-85.9741,21.9647,13.9123375035768,63,63,63,63,61,63,0,9004,1.9064526870154,22,-86,0.001869,51,2024-06-10 21:03:08.002257,418,1.037,0.0011,"aoml_navis",1028.69295772051
"7901009",37,99999,9,99999,9,99999,9,125.317043075186,1,4.86049952308343,420,1,13.5369997024536,35.7150001525879,99999,99999,120.844398498535,-85.9741,21.9647,13.9123375035768,63,63,63,63,61,63,0,9004,1.9064526870154,22,-86,0.001869,51,2024-06-10 21:03:08.002257,420,1.037,0.0011,"aoml_navis",1028.70085188859
"7901009",37,0,1,0.022428,1,0,1,124.856403965436,1,4.86043955700176,422,1,13.5010004043579,35.7099990844727,0.0224280003458261,0,120.400199890137,-85.9741,21.9647,13.9123375035768,63,63,63,63,61,63,0,9004,1.9064526870154,22,-86,0.001869,51,2024-06-10 21:03:08.002257,422,1.037,0.0011,"aoml_navis",1028.71354357183
"7901009",37,0,1,0.024297,1,0.001869,1,124.732481902024,1,4.86037744375728,424,1,13.4519996643066,35.7019996643066,0.0242970008403063,0,120.280700683594,-85.9741,21.9647,13.9123375035768,63,63,63,63,61,63,0,9004,1.9064526870154,22,-86,0.001869,51,2024-06-10 21:03:08.002257,424,1.037,0.0011,"aoml_navis",1028.72669002735
"7901009",37,0,1,0.01869,1,-0.003738,1,124.557022564713,1,4.86030283555894,426,1,13.3760004043579,35.689998626709,0.0186899993568659,0,120.111503601074,-85.9741,21.9647,13.9123375035768,63,63,63,63,61,63,0,9004,1.9064526870154,22,-86,0.001869,51,2024-06-10 21:03:08.002257,426,1.037,0.0011,"aoml_navis",1028.74248152173
"7901009",37,0,1,0.026166,1,0.003738,1,124.212108924001,1,4.86024252966005,428.100006103516,1,13.3269996643066,35.6809997558594,0.0261659994721413,0,119.778900146484,-85.9741,21.9647,13.9123375035768,63,63,63,63,61,63,0,9004,1.9064526870154,22,-86,0.001869,51,2024-06-10 21:03:08.002257,428.100006103516,1.037,0.0011,"aoml_navis",1028.75524616047
"7901009",37,0,1,0.016821,1,-0.005607,1,124.115458733957,1,4.86017283741921,430,1,13.2679996490479,35.6730003356934,0.0168210007250309,0,119.685699462891,-85.9741,21.9647,13.9123375035768,63,63,63,63,61,63,0,9004,1.9064526870154,22,-86,0.001869,51,2024-06-10 21:03:08.002257,430,1.037,0.0011,"aoml_navis",1028.76999795239
"7901009",37,99999,9,99999,9,99999,9,123.938749336887,1,4.86011093199002,431.899993896484,1,13.2130002975464,35.6640014648438,99999,99999,119.515296936035,-85.9741,21.9647,13.9123375035768,63,63,63,63,61,63,0,9004,1.9064526870154,22,-86,0.001869,51,2024-06-10 21:03:08.002257,431.899993896484,1.037,0.0011,"aoml_navis",1028.78310186074
"7901009",37,0,1,0.026166,1,0.003738,1,123.641440820069,1,4.86004732205807,434,1,13.1639995574951,35.6559982299805,0.0261659994721413,0,119.22859954834,-85.9741,21.9647,13.9123375035768,63,63,63,63,61,63,0,9004,1.9064526870154,22,-86,0.001869,51,2024-06-10 21:03:08.002257,434,1.037,0.0011,"aoml_navis",1028.79656691957
"7901009",37,0,1,0.024297,1,0.001869,1,123.384260803897,1,4.85999309285905,436.100006103516,1,13.1280002593994,35.648998260498,0.0242970008403063,0,118.980598449707,-85.9741,21.9647,13.9123375035768,63,63,63,63,61,63,0,9004,1.9064526870154,22,-86,0.001869,51,2024-06-10 21:03:08.002257,436.100006103516,1.037,0.0011,"aoml_navis",1028.8080465272
"7901009",37,0,1,0.016821,1,-0.005607,1,123.144605359676,1,4.85993347019575,438,1,13.0860004425049,35.6430015563965,0.0168210007250309,0,118.749496459961,-85.9741,21.9647,13.9123375035768,63,63,63,63,61,63,0,9004,1.9064526870154,22,-86,0.001869,51,2024-06-10 21:03:08.002257,438,1.037,0.0011,"aoml_navis",1028.8206681559
"7901009",37,0,1,0.022428,1,0,1,122.801669661622,1,4.85986823479459,440,1,13.0329999923706,35.6349983215332,0.0224280003458261,0,118.418800354004,-85.9741,21.9647,13.9123375035768,63,63,63,63,61,63,0,9004,1.9064526870154,22,-86,0.001869,51,2024-06-10 21:03:08.002257,440,1.037,0.0011,"aoml_navis",1028.83447830995
"7901009",37,0,1,0.016821,1,-0.005607,1,122.54034387764,1,4.85981826376828,442,1,12.9989995956421,35.6279983520508,0.0168210007250309,0,118.166801452637,-85.9741,21.9647,13.9123375035768,63,63,63,63,61,63,0,9004,1.9064526870154,22,-86,0.001869,51,2024-06-10 21:03:08.002257,442,1.037,0.0011,"aoml_navis",1028.84505728883
"7901009",37,99999,9,99999,9,99999,9,122.233280147632,1,4.85975863293858,444.100006103516,1,12.9610004425049,35.6220016479492,99999,99999,117.870697021484,-85.9741,21.9647,13.9123375035768,63,63,63,63,61,63,0,9004,1.9064526870154,22,-86,0.001869,51,2024-06-10 21:03:08.002257,444.100006103516,1.037,0.0011,"aoml_navis",1028.85768155457
"7901009",37,0,1,0.020559,1,-0.001869,1,121.958994883354,1,4.85969614638086,446,1,12.9010000228882,35.6119995117188,0.020558999851346,0,117.606201171875,-85.9741,21.9647,13.9123375035768,63,63,63,63,61,63,0,9004,1.9064526870154,22,-86,0.001869,51,2024-06-10 21:03:08.002257,446,1.037,0.0011,"aoml_navis",1028.87091073042
"7901009",37,0,1,0.024297,1,0.001869,1,121.631716579381,1,4.85964212530512,448,1,12.8590002059937,35.6040000915527,0.0242970008403063,0,117.290603637695,-85.9741,21.9647,13.9123375035768,63,63,63,63,61,63,0,9004,1.9064526870154,22,-86,0.001869,51,2024-06-10 21:03:08.002257,448,1.037,0.0011,"aoml_navis",1028.8823479334
"7901009",37,0,1,0.024297,1,0.001869,1,121.348712543866,1,4.85959169356086,450,1,12.8280000686646,35.5979995727539,0.0242970008403063,0,117.017700195312,-85.9741,21.9647,13.9123375035768,63,63,63,63,61,63,0,9004,1.9064526870154,22,-86,0.001869,51,2024-06-10 21:03:08.002257,450,1.037,0.0011,"aoml_navis",1028.89302544187
"7901009",37,0,1,0.026166,1,0.003738,1,121.21835821093,1,4.85951513761939,452,1,12.7480001449585,35.5859985351562,0.0261659994721413,0,116.891998291016,-85.9741,21.9647,13.9123375035768,63,63,63,63,61,63,0,9004,1.9064526870154,22,-86,0.001869,51,2024-06-10 21:03:08.002257,452,1.037,0.0011,"aoml_navis",1028.9092344405
"7901009",37,99999,9,99999,9,99999,9,121.116525811122,1,4.85942847622669,454.100006103516,1,12.6669998168945,35.576000213623,99999,99999,116.793800354004,-85.9741,21.9647,13.9123375035768,63,63,63,63,61,63,0,9004,1.9064526870154,22,-86,0.001869,51,2024-06-10 21:03:08.002257,454.100006103516,1.037,0.0011,"aoml_navis",1028.92758365742
"7901009",37,0,1,0.026166,1,0.003738,1,120.933906321389,1,4.85937792689381,456,1,12.6260004043579,35.568000793457,0.0261659994721413,0,116.617698669434,-85.9741,21.9647,13.9123375035768,63,63,63,63,61,63,0,9004,1.9064526870154,22,-86,0.001869,51,2024-06-10 21:03:08.002257,456,1.037,0.0011,"aoml_navis",1028.93828700335
"7901009",37,0,1,0.022428,1,0,1,120.760211308929,1,4.85932705590194,458,1,12.5979995727539,35.5629997253418,0.0224280003458261,0,116.450202941895,-85.9741,21.9647,13.9123375035768,63,63,63,63,61,63,0,9004,1.9064526870154,22,-86,0.001869,51,2024-06-10 21:03:08.002257,458,1.037,0.0011,"aoml_navis",1028.94905868235
"7901009",37,0,1,0.026166,1,0.003738,1,120.484256661048,1,4.85928010578137,460,1,12.5740003585815,35.5579986572266,0.0261659994721413,0,116.184097290039,-85.9741,21.9647,13.9123375035768,63,63,63,63,61,63,0,9004,1.9064526870154,22,-86,0.001869,51,2024-06-10 21:03:08.002257,460,1.037,0.0011,"aoml_navis",1028.95900033653
"7901009",37,0,1,0.014952,1,-0.007476,1,120.26378726061,1,4.85920068230929,462,1,12.5089998245239,35.5509986877441,0.0149520002305508,0,115.971496582031,-85.9741,21.9647,13.9123375035768,63,63,63,63,61,63,0,9004,1.9064526870154,22,-86,0.001869,51,2024-06-10 21:03:08.002257,462,1.037,0.0011,"aoml_navis",1028.97581863686
"7901009",37,99999,9,99999,9,99999,9,120.064996111705,1,4.85913194948008,464,1,12.4359998703003,35.5390014648438,99999,99999,115.779800415039,-85.9741,21.9647,13.9123375035768,63,63,63,63,61,63,0,9004,1.9064526870154,22,-86,0.001869,51,2024-06-10 21:03:08.002257,464,1.037,0.0011,"aoml_navis",1028.99037358617
"7901009",37,0,1,0.028035,1,0.005607,1,119.713135936377,1,4.85908359508254,465.899993896484,1,12.4119997024536,35.5349998474121,0.0280349999666214,0,115.440498352051,-85.9741,21.9647,13.9123375035768,63,63,63,63,61,63,0,9004,1.9064526870154,22,-86,0.001869,51,2024-06-10 21:03:08.002257,465.899993896484,1.037,0.0011,"aoml_navis",1029.00061342021
"7901009",37,0,1,0.020559,1,-0.001869,1,119.32923308999,1,4.85902213151558,468,1,12.3559999465942,35.5250015258789,0.020558999851346,0,115.070297241211,-85.9741,21.9647,13.9123375035768,63,63,63,63,61,63,0,9004,1.9064526870154,22,-86,0.001869,51,2024-06-10 21:03:08.002257,468,1.037,0.0011,"aoml_navis",1029.01362962931
"7901009",37,0,1,0.016821,1,-0.005607,1,118.985569509037,1,4.85895524195145,470.100006103516,1,12.2980003356934,35.515998840332,0.0168210007250309,0,114.738899230957,-85.9741,21.9647,13.9123375035768,63,63,63,63,61,63,0,9004,1.9064526870154,22,-86,0.001869,51,2024-06-10 21:03:08.002257,470.100006103516,1.037,0.0011,"aoml_navis",1029.02779528216
"7901009",37,0,1,0.022428,1,0,1,118.956952634661,1,4.85885875626304,472,1,12.173999786377,35.4990005493164,0.0224280003458261,0,114.711303710938,-85.9741,21.9647,13.9123375035768,63,63,63,63,61,63,0,9004,1.9064526870154,22,-86,0.001869,51,2024-06-10 21:03:08.002257,472,1.037,0.0011,"aoml_navis",1029.04822939235
"7901009",37,0,1,0.01869,1,-0.003738,1,118.635370805543,1,4.85881680021922,474,1,12.1280002593994,35.4869995117188,0.0186899993568659,0,114.40119934082,-85.9741,21.9647,13.9123375035768,63,63,63,63,61,63,0,9004,1.9064526870154,22,-86,0.001869,51,2024-06-10 21:03:08.002257,474,1.037,0.0011,"aoml_navis",1029.05711525786
"7901009",37,99999,9,99999,9,99999,9,118.519020306625,1,4.858717609405,476.100006103516,1,12.0200004577637,35.4739990234375,99999,99999,114.289001464844,-85.9741,21.9647,13.9123375035768,63,63,63,63,61,63,0,9004,1.9064526870154,22,-86,0.001869,51,2024-06-10 21:03:08.002257,476.100006103516,1.037,0.0011,"aoml_navis",1029.07812347882
"7901009",37,0,1,0.020559,1,-0.001869,1,118.569212579516,1,4.85861677648509,478.100006103516,1,11.8920001983643,35.4570007324219,0.020558999851346,0,114.33740234375,-85.9741,21.9647,13.9123375035768,63,63,63,63,61,63,0,9004,1.9064526870154,22,-86,0.001869,51,2024-06-10 21:03:08.002257,478.100006103516,1.037,0.0011,"aoml_navis",1029.09948037046
"7901009",37,0,1,0.016821,1,-0.005607,1,118.564236075789,1,4.85856326184285,480.100006103516,1,11.8369998931885,35.4459991455078,0.0168210007250309,0,114.33260345459,-85.9741,21.9647,13.9123375035768,63,63,63,63,61,63,0,9004,1.9064526870154,22,-86,0.001869,51,2024-06-10 21:03:08.002257,480.100006103516,1.037,0.0011,"aoml_navis",1029.11081538609
"7901009",37,0,1,0.022428,1,0,1,118.43460962575,1,4.85851556851338,482,1,11.8170003890991,35.443000793457,0.0224280003458261,0,114.20760345459,-85.9741,21.9647,13.9123375035768,63,63,63,63,61,63,0,9004,1.9064526870154,22,-86,0.001869,51,2024-06-10 21:03:08.002257,482,1.037,0.0011,"aoml_navis",1029.12091759128
"7901009",37,0,1,0.024297,1,0.001869,1,118.274388358677,1,4.85846401474952,484,1,11.798999786377,35.4410018920898,0.0242970008403063,0,114.053100585938,-85.9741,21.9647,13.9123375035768,63,63,63,63,61,63,0,9004,1.9064526870154,22,-86,0.001869,51,2024-06-10 21:03:08.002257,484,1.037,0.0011,"aoml_navis",1029.13183772089
"7901009",37,99999,9,99999,9,99999,9,118.07870653563,1,4.85842176962667,486,1,11.7869997024536,35.4379997253418,99999,99999,113.864402770996,-85.9741,21.9647,13.9123375035768,63,63,63,63,61,63,0,9004,1.9064526870154,22,-86,0.001869,51,2024-06-10 21:03:08.002257,486,1.037,0.0011,"aoml_navis",1029.14078626488
"7901009",37,0,1,0.026166,1,0.003738,1,117.818828605673,1,4.85837867645268,488,1,11.7779998779297,35.4360008239746,0.0261659994721413,0,113.613800048828,-85.9741,21.9647,13.9123375035768,63,63,63,63,61,63,0,9004,1.9064526870154,22,-86,0.001869,51,2024-06-10 21:03:08.002257,488,1.037,0.0011,"aoml_navis",1029.14991460705
"7901009",37,0,1,0.020559,1,-0.001869,1,117.378617687696,1,4.85833809405979,490.100006103516,1,11.7700004577637,35.4329986572266,0.020558999851346,0,113.189300537109,-85.9741,21.9647,13.9123375035768,63,63,63,63,61,63,0,9004,1.9064526870154,22,-86,0.001869,51,2024-06-10 21:03:08.002257,490.100006103516,1.037,0.0011,"aoml_navis",1029.15851124347
"7901009",37,0,1,0.022428,1,0,1,117.010997265269,1,4.85830357030886,492,1,11.7639999389648,35.4300003051758,0.0224280003458261,0,112.834800720215,-85.9741,21.9647,13.9123375035768,63,63,63,63,61,63,0,9004,1.9064526870154,22,-86,0.001869,51,2024-06-10 21:03:08.002257,492,1.037,0.0011,"aoml_navis",1029.16582458064
"7901009",37,0,1,0.022428,1,0,1,116.662040709764,1,4.8582503216842,493.899993896484,1,11.7379999160767,35.4269981384277,0.0224280003458261,0,112.49829864502,-85.9741,21.9647,13.9123375035768,63,63,63,63,61,63,0,9004,1.9064526870154,22,-86,0.001869,51,2024-06-10 21:03:08.002257,493.899993896484,1.037,0.0011,"aoml_navis",1029.17710470437
"7901009",37,0,1,0.028035,1,0.005607,1,116.758999458862,1,4.85810288462206,496,1,11.5290002822876,35.4020004272461,0.0280349999666214,0,112.591796875,-85.9741,21.9647,13.9123375035768,63,63,63,63,61,63,0,9004,1.9064526870154,22,-86,0.001869,51,2024-06-10 21:03:08.002257,496,1.037,0.0011,"aoml_navis",1029.20833888206
"7901009",37,99999,9,99999,9,99999,9,116.623360063143,1,4.85804900521,498,1,11.4449996948242,35.3839988708496,99999,99999,112.460998535156,-85.9741,21.9647,13.9123375035768,63,63,63,63,61,63,0,9004,1.9064526870154,22,-86,0.001869,51,2024-06-10 21:03:08.002257,498,1.037,0.0011,"aoml_navis",1029.21975357551
"7901009",37,0,1,0.028035,1,0.005607,1,116.454641554411,1,4.85798306585404,499.899993896484,1,11.3889999389648,35.3769989013672,0.0280349999666214,0,112.298301696777,-85.9741,21.9647,13.9123375035768,63,63,63,63,61,63,0,9004,1.9064526870154,22,-86,0.001869,51,2024-06-10 21:03:08.002257,499.899993896484,1.037,0.0011,"aoml_navis",1029.23372358874
"7901009",37,0,1,0.024297,1,0.001869,1,116.302925440767,1,4.85791392543424,502,1,11.3219995498657,35.367000579834,0.0242970008403063,0,112.152000427246,-85.9741,21.9647,13.9123375035768,63,63,63,63,61,63,0,9004,1.9064526870154,22,-86,0.001869,51,2024-06-10 21:03:08.002257,502,1.037,0.0011,"aoml_navis",1029.24837219158
"7901009",37,0,1,0.024297,1,0.001869,1,116.145093528425,1,4.85783675802977,504.100006103516,1,11.2419996261597,35.3559989929199,0.0242970008403063,0,111.999801635742,-85.9741,21.9647,13.9123375035768,63,63,63,63,61,63,0,9004,1.9064526870154,22,-86,0.001869,51,2024-06-10 21:03:08.002257,504.100006103516,1.037,0.0011,"aoml_navis",1029.26472194341
"7901009",37,0,1,0.024297,1,0.001869,1,116.028015146609,1,4.85777955103233,506,1,11.1789999008179,35.3450012207031,0.0242970008403063,0,111.886901855469,-85.9741,21.9647,13.9123375035768,63,63,63,63,61,63,0,9004,1.9064526870154,22,-86,0.001869,51,2024-06-10 21:03:08.002257,506,1.037,0.0011,"aoml_navis",1029.27684294308
"7901009",37,0,1,0.028035,1,0.005607,1,115.776436664045,1,4.85772484438843,508,1,11.1450004577637,35.3400001525879,0.0280349999666214,0,111.644302368164,-85.9741,21.9647,13.9123375035768,63,63,63,63,61,63,0,9004,1.9064526870154,22,-86,0.001869,51,2024-06-10 21:03:08.002257,508,1.037,0.0011,"aoml_navis",1029.28843443571
"7901009",37,99999,9,99999,9,99999,9,115.585731344726,1,4.85766638837876,510.100006103516,1,11.08899974823,35.3300018310547,99999,99999,111.460403442383,-85.9741,21.9647,13.9123375035768,63,63,63,63,61,63,0,9004,1.9064526870154,22,-86,0.001869,51,2024-06-10 21:03:08.002257,510.100006103516,1.037,0.0011,"aoml_navis",1029.30082064955
"7901009",37,0,1,0.028035,1,0.005607,1,115.537817661777,1,4.85758290860332,512.099975585938,1,11.0150003433228,35.3230018615723,0.0280349999666214,0,111.414199829102,-85.9741,21.9647,13.9123375035768,63,63,63,63,61,63,0,9004,1.9064526870154,22,-86,0.001869,51,2024-06-10 21:03:08.002257,512.099975585938,1.037,0.0011,"aoml_navis",1029.31850965311
"7901009",37,0,1,0.026166,1,0.003738,1,115.519462353911,1,4.8575158121075,514,1,10.9200000762939,35.306999206543,0.0261659994721413,0,111.396499633789,-85.9741,21.9647,13.9123375035768,63,63,63,63,61,63,0,9004,1.9064526870154,22,-86,0.001869,51,2024-06-10 21:03:08.002257,514,1.037,0.0011,"aoml_navis",1029.33272755126
"7901009",37,0,1,0.031773,1,0.009345,1,115.462117840368,1,4.85744782592039,515.900024414062,1,10.8439998626709,35.2960014343262,0.0317730009555817,0,111.341201782227,-85.9741,21.9647,13.9123375035768,63,63,63,63,61,63,0,9004,1.9064526870154,22,-86,0.001869,51,2024-06-10 21:03:08.002257,515.900024414062,1.037,0.0011,"aoml_navis",1029.34713437763
"7901009",37,0,1,0.022428,1,0,1,115.478083793504,1,4.85736590104797,518,1,10.7650003433228,35.2869987487793,0.0224280003458261,0,111.356597900391,-85.9741,21.9647,13.9123375035768,63,63,63,63,61,63,0,9004,1.9064526870154,22,-86,0.001869,51,2024-06-10 21:03:08.002257,518,1.037,0.0011,"aoml_navis",1029.36449546065
"7901009",37,0,1,0.022428,1,0,1,115.61331177715,1,4.85729642993536,520.099975585938,1,10.6750001907349,35.2719993591309,0.0224280003458261,0,111.486999511719,-85.9741,21.9647,13.9123375035768,63,63,63,63,61,63,0,9004,1.9064526870154,22,-86,0.001869,51,2024-06-10 21:03:08.002257,520.099975585938,1.037,0.0011,"aoml_navis",1029.37921786802
"7901009",37,99999,9,99999,9,99999,9,115.554717203848,1,4.857250196519,522.099975585938,1,10.6579999923706,35.2690010070801,99999,99999,111.43049621582,-85.9741,21.9647,13.9123375035768,63,63,63,63,61,63,0,9004,1.9064526870154,22,-86,0.001869,51,2024-06-10 21:03:08.002257,522.099975585938,1.037,0.0011,"aoml_navis",1029.38901594637
"7901009",37,0,1,0.028035,1,0.005607,1,115.615487514074,1,4.85719366760857,524,1,10.6269998550415,35.265998840332,0.0280349999666214,0,111.489097595215,-85.9741,21.9647,13.9123375035768,63,63,63,63,61,63,0,9004,1.9064526870154,22,-86,0.001869,51,2024-06-10 21:03:08.002257,524,1.037,0.0011,"aoml_navis",1029.40099616447
"7901009",37,0,1,0.026166,1,0.003738,1,115.715247029976,1,4.85713200937256,526,1,10.576000213623,35.2589988708496,0.0261659994721413,0,111.585296630859,-85.9741,21.9647,13.9123375035768,63,63,63,63,61,63,0,9004,1.9064526870154,22,-86,0.001869,51,2024-06-10 21:03:08.002257,526,1.037,0.0011,"aoml_navis",1029.41406376268
"7901009",37,0,1,0.020559,1,-0.001869,1,115.656241044601,1,4.85709489726774,527.900024414062,1,10.5710000991821,35.2569999694824,0.020558999851346,0,111.528396606445,-85.9741,21.9647,13.9123375035768,63,63,63,63,61,63,0,9004,1.9064526870154,22,-86,0.001869,51,2024-06-10 21:03:08.002257,527.900024414062,1.037,0.0011,"aoml_navis",1029.42192931265
"7901009",37,0,1,0.029904,1,0.007476,1,115.62720484638,1,4.85705168457381,530,1,10.5679998397827,35.2560005187988,0.0299040004611015,0,111.500396728516,-85.9741,21.9647,13.9123375035768,63,63,63,63,61,63,0,9004,1.9064526870154,22,-86,0.001869,51,2024-06-10 21:03:08.002257,530,1.037,0.0011,"aoml_navis",1029.43108797466
"7901009",37,99999,9,99999,9,99999,9,115.585731344726,1,4.85700038953041,532.099975585938,1,10.5600004196167,35.2560005187988,99999,99999,111.460403442383,-85.9741,21.9647,13.9123375035768,63,63,63,63,61,63,0,9004,1.9064526870154,22,-86,0.001869,51,2024-06-10 21:03:08.002257,532.099975585938,1.037,0.0011,"aoml_navis",1029.44195985198
"7901009",37,0,1,0.01869,1,-0.003738,1,115.45714133664,1,4.85693928812393,534,1,10.5319995880127,35.2550010681152,0.0186899993568659,0,111.336402893066,-85.9741,21.9647,13.9123375035768,63,63,63,63,61,63,0,9004,1.9064526870154,22,-86,0.001869,51,2024-06-10 21:03:08.002257,534,1.037,0.0011,"aoml_navis",1029.45491046715
"7901009",37,0,1,0.01869,1,-0.003738,1,115.432045200195,1,4.85688561335247,536,1,10.4940004348755,35.2490005493164,0.0186899993568659,0,111.312202453613,-85.9741,21.9647,13.9123375035768,63,63,63,63,61,63,0,9004,1.9064526870154,22,-86,0.001869,51,2024-06-10 21:03:08.002257,536,1.037,0.0011,"aoml_navis",1029.46628725496
"7901009",37,0,1,0.031773,1,0.009345,1,115.542691312487,1,4.85681029866509,538,1,10.4230003356934,35.2410011291504,0.0317730009555817,0,111.418899536133,-85.9741,21.9647,13.9123375035768,63,63,63,63,61,63,0,9004,1.9064526870154,22,-86,0.001869,51,2024-06-10 21:03:08.002257,538,1.037,0.0011,"aoml_navis",1029.48225121625
"7901009",37,0,1,0.031773,1,0.009345,1,115.596617941116,1,4.85674420960563,540,1,10.378999710083,35.2369995117188,0.0317730009555817,0,111.470901489258,-85.9741,21.9647,13.9123375035768,63,63,63,63,61,63,0,9004,1.9064526870154,22,-86,0.001869,51,2024-06-10 21:03:08.002257,540,1.037,0.0011,"aoml_navis",1029.49626008943
"7901009",37,0,1,0.028035,1,0.005607,1,115.529518214384,1,4.856690439986,542,1,10.3489999771118,35.2330017089844,0.0280349999666214,0,111.406196594238,-85.9741,21.9647,13.9123375035768,63,63,63,63,61,63,0,9004,1.9064526870154,22,-86,0.001869,51,2024-06-10 21:03:08.002257,542,1.037,0.0011,"aoml_navis",1029.50765789685
"7901009",37,0,1,0.029904,1,0.007476,1,115.410161242626,1,4.85665126599246,544,1,10.3439998626709,35.2309989929199,0.0299040004611015,0,111.29109954834,-85.9741,21.9647,13.9123375035768,63,63,63,63,61,63,0,9004,1.9064526870154,22,-86,0.001869,51,2024-06-10 21:03:08.002257,544,1.037,0.0011,"aoml_navis",1029.51596195743
"7901009",37,99999,9,99999,9,99999,9,115.395231731443,1,4.8565910842461,546,1,10.3149995803833,35.2290000915527,99999,99999,111.276702880859,-85.9741,21.9647,13.9123375035768,63,63,63,63,61,63,0,9004,1.9064526870154,22,-86,0.001869,51,2024-06-10 21:03:08.002257,546,1.037,0.0011,"aoml_navis",1029.52871947961
"7901009",37,0,1,0.022428,1,0,1,115.396885291505,1,4.8565470050465,547.900024414062,1,10.2810001373291,35.2220001220703,0.0224280003458261,0,111.278297424316,-85.9741,21.9647,13.9123375035768,63,63,63,63,61,63,0,9004,1.9064526870154,22,-86,0.001869,51,2024-06-10 21:03:08.002257,547.900024414062,1.037,0.0011,"aoml_navis",1029.5380637322
"7901009",37,0,1,0.026166,1,0.003738,1,115.388388049846,1,4.85647763973532,550,1,10.2480001449585,35.2210006713867,0.0261659994721413,0,111.27010345459,-85.9741,21.9647,13.9123375035768,63,63,63,63,61,63,0,9004,1.9064526870154,22,-86,0.001869,51,2024-06-10 21:03:08.002257,550,1.037,0.0011,"aoml_navis",1029.55276867547
"7901009",37,0,1,0.028035,1,0.005607,1,115.322016206013,1,4.85643709397411,552,1,10.2329998016357,35.2169990539551,0.0280349999666214,0,111.206100463867,-85.9741,21.9647,13.9123375035768,63,63,63,63,61,63,0,9004,1.9064526870154,22,-86,0.001869,51,2024-06-10 21:03:08.002257,552,1.037,0.0011,"aoml_navis",1029.56136427753
"7901009",37,0,1,0.029904,1,0.007476,1,115.139918893141,1,4.85638417950099,554,1,10.2080001831055,35.2140007019043,0.0299040004611015,0,111.030502319336,-85.9741,21.9647,13.9123375035768,63,63,63,63,61,63,0,9004,1.9064526870154,22,-86,0.001869,51,2024-06-10 21:03:08.002257,554,1.037,0.0011,"aoml_navis",1029.57258223211
"7901009",37,0,1,0.028035,1,0.005607,1,115.049693060851,1,4.85632628009547,556,1,10.1730003356934,35.2099990844727,0.0280349999666214,0,110.943496704102,-85.9741,21.9647,13.9123375035768,63,63,63,63,61,63,0,9004,1.9064526870154,22,-86,0.001869,51,2024-06-10 21:03:08.002257,556,1.037,0.0011,"aoml_navis",1029.58485728058
"7901009",37,99999,9,99999,9,99999,9,115.160030614088,1,4.85626768814014,558,1,10.1160001754761,35.201000213623,99999,99999,111.049896240234,-85.9741,21.9647,13.9123375035768,63,63,63,63,61,63,0,9004,1.9064526870154,22,-86,0.001869,51,2024-06-10 21:03:08.002257,558,1.037,0.0011,"aoml_navis",1029.59727945205
"7901009",37,0,1,0.024297,1,0.001869,1,115.002618025589,1,4.8562246200494,560,1,10.0979995727539,35.1969985961914,0.0242970008403063,0,110.898101806641,-85.9741,21.9647,13.9123375035768,63,63,63,63,61,63,0,9004,1.9064526870154,22,-86,0.001869,51,2024-06-10 21:03:08.002257,560,1.037,0.0011,"aoml_navis",1029.60641057603
"7901009",37,0,1,0.029904,1,0.007476,1,115.050737414575,1,4.85612418209433,562,1,10.0050001144409,35.1910018920898,0.0299040004611015,0,110.94450378418,-85.9741,21.9647,13.9123375035768,63,63,63,63,61,63,0,9004,1.9064526870154,22,-86,0.001869,51,2024-06-10 21:03:08.002257,562,1.037,0.0011,"aoml_navis",1029.62770565798
"7901009",37,0,1,0.024297,1,0.001869,1,115.278359055664,1,4.85606805627314,564,1,9.92899990081787,35.1769981384277,0.0242970008403063,0,111.164001464844,-85.9741,21.9647,13.9123375035768,63,63,63,63,61,63,0,9004,1.9064526870154,22,-86,0.001869,51,2024-06-10 21:03:08.002257,564,1.037,0.0011,"aoml_navis",1029.63960596494
"7901009",37,0,1,0.026166,1,0.003738,1,115.213442977626,1,4.85602010866525,566,1,9.91800022125244,35.1759986877441,0.0261659994721413,0,111.101402282715,-85.9741,21.9647,13.9123375035768,63,63,63,63,61,63,0,9004,1.9064526870154,22,-86,0.001869,51,2024-06-10 21:03:08.002257,566,1.037,0.0011,"aoml_navis",1029.64977247064
"7901009",37,0,1,0.028035,1,0.005607,1,115.124364352078,1,4.85597684374744,567.900024414062,1,9.90999984741211,35.1749992370605,0.0280349999666214,0,111.015502929688,-85.9741,21.9647,13.9123375035768,63,63,63,63,61,63,0,9004,1.9064526870154,22,-86,0.001869,51,2024-06-10 21:03:08.002257,567.900024414062,1.037,0.0011,"aoml_navis",1029.65894626083
"7901009",37,99999,9,99999,9,99999,9,115.058823244161,1,4.8559355993293,570,1,9.90499973297119,35.1730003356934,99999,99999,110.952301025391,-85.9741,21.9647,13.9123375035768,63,63,63,63,61,63,0,9004,1.9064526870154,22,-86,0.001869,51,2024-06-10 21:03:08.002257,570,1.037,0.0011,"aoml_navis",1029.66769178129
"7901009",37,0,1,0.029904,1,0.007476,1,114.953359341633,1,4.85589560905191,572,1,9.89900016784668,35.1710014343262,0.0299040004611015,0,110.850601196289,-85.9741,21.9647,13.9123375035768,63,63,63,63,61,63,0,9004,1.9064526870154,22,-86,0.001869,51,2024-06-10 21:03:08.002257,572,1.037,0.0011,"aoml_navis",1029.67617151396
"7901009",37,0,1,0.031773,1,0.009345,1,114.84281608236,1,4.85584169487484,574,1,9.88099956512451,35.1699981689453,0.0317730009555817,0,110.744003295898,-85.9741,21.9647,13.9123375035768,63,63,63,63,61,63,0,9004,1.9064526870154,22,-86,0.001869,51,2024-06-10 21:03:08.002257,574,1.037,0.0011,"aoml_navis",1029.68760395902
"7901009",37,0,1,0.031773,1,0.009345,1,114.901197037855,1,4.85578394601065,575.900024414062,1,9.82600021362305,35.1619987487793,0.0317730009555817,0,110.800300598145,-85.9741,21.9647,13.9123375035768,63,63,63,63,61,63,0,9004,1.9064526870154,22,-86,0.001869,51,2024-06-10 21:03:08.002257,575.900024414062,1.037,0.0011,"aoml_navis",1029.6998498271
"7901009",37,0,1,0.028035,1,0.005607,1,114.810979117336,1,4.85572029210184,577.900024414062,1,9.77499961853027,35.1559982299805,0.0280349999666214,0,110.713302612305,-85.9741,21.9647,13.9123375035768,63,63,63,63,61,63,0,9004,1.9064526870154,22,-86,0.001869,51,2024-06-10 21:03:08.002257,577.900024414062,1.037,0.0011,"aoml_navis",1029.71334822
"7901009",37,0,1,0.028035,1,0.005607,1,114.723656904868,1,4.85567134848399,580,1,9.7480001449585,35.1510009765625,0.0280349999666214,0,110.629096984863,-85.9741,21.9647,13.9123375035768,63,63,63,63,61,63,0,9004,1.9064526870154,22,-86,0.001869,51,2024-06-10 21:03:08.002257,580,1.037,0.0011,"aoml_navis",1029.72372740199
"7901009",37,0,1,0.028035,1,0.005607,1,114.7410786238,1,4.85560561759312,582,1,9.70300006866455,35.1469993591309,0.0280349999666214,0,110.645896911621,-85.9741,21.9647,13.9123375035768,63,63,63,63,61,63,0,9004,1.9064526870154,22,-86,0.001869,51,2024-06-10 21:03:08.002257,582,1.037,0.0011,"aoml_navis",1029.73766689035
"7901009",37,99999,9,99999,9,99999,9,114.754773898764,1,4.85555210065246,584,1,9.66800022125244,35.1419982910156,99999,99999,110.659103393555,-85.9741,21.9647,13.9123375035768,63,63,63,63,61,63,0,9004,1.9064526870154,22,-86,0.001869,51,2024-06-10 21:03:08.002257,584,1.037,0.0011,"aoml_navis",1029.74901645647
"7901009",37,0,1,0.026166,1,0.003738,1,114.643186285767,1,4.85551017450041,586,1,9.66399955749512,35.140998840332,0.0261659994721413,0,110.551498413086,-85.9741,21.9647,13.9123375035768,63,63,63,63,61,63,0,9004,1.9064526870154,22,-86,0.001869,51,2024-06-10 21:03:08.002257,586,1.037,0.0011,"aoml_navis",1029.75790808933
"7901009",37,0,1,0.029904,1,0.007476,1,114.60492496299,1,4.85545076910586,588,1,9.63500022888184,35.1389999389648,0.0299040004611015,0,110.514602661133,-85.9741,21.9647,13.9123375035768,63,63,63,63,61,63,0,9004,1.9064526870154,22,-86,0.001869,51,2024-06-10 21:03:08.002257,588,1.037,0.0011,"aoml_navis",1029.77050695558
"7901009",37,0,1,0.028035,1,0.005607,1,114.695142883509,1,4.85537023779166,590.099975585938,1,9.56599998474121,35.132999420166,0.0280349999666214,0,110.601600646973,-85.9741,21.9647,13.9123375035768,63,63,63,63,61,63,0,9004,1.9064526870154,22,-86,0.001869,51,2024-06-10 21:03:08.002257,590.099975585938,1.037,0.0011,"aoml_navis",1029.78758675963
"7901009",37,0,1,0.026166,1,0.003738,1,114.805377583728,1,4.85530125805354,592.099975585938,1,9.50800037384033,35.1269989013672,0.0261659994721413,0,110.707901000977,-85.9741,21.9647,13.9123375035768,63,63,63,63,61,63,0,9004,1.9064526870154,22,-86,0.001869,51,2024-06-10 21:03:08.002257,592.099975585938,1.037,0.0011,"aoml_navis",1029.80221705223
"7901009",37,0,1,0.029904,1,0.007476,1,114.855150532775,1,4.85525044589708,594,1,9.4689998626709,35.1209983825684,0.0299040004611015,0,110.755897521973,-85.9741,21.9647,13.9123375035768,63,63,63,63,61,63,0,9004,1.9064526870154,22,-86,0.001869,51,2024-06-10 21:03:08.002257,594,1.037,0.0011,"aoml_navis",1029.81299434826
"7901009",37,0,1,0.028035,1,0.005607,1,114.821240683846,1,4.8552068575474,596,1,9.46300029754639,35.1199989318848,0.0280349999666214,0,110.723197937012,-85.9741,21.9647,13.9123375035768,63,63,63,63,61,63,0,9004,1.9064526870154,22,-86,0.001869,51,2024-06-10 21:03:08.002257,596,1.037,0.0011,"aoml_navis",1029.82223964928
"7901009",37,99999,9,99999,9,99999,9,114.795527429291,1,4.85515960337181,598,1,9.45699977874756,35.1199989318848,99999,99999,110.698402404785,-85.9741,21.9647,13.9123375035768,63,63,63,63,61,63,0,9004,1.9064526870154,22,-86,0.001869,51,2024-06-10 21:03:08.002257,598,1.037,0.0011,"aoml_navis",1029.83226267734
"7901009",37,0,1,0.029904,1,0.007476,1,114.809214792485,1,4.85511266878013,600,1,9.44699954986572,35.1189994812012,0.0299040004611015,0,110.711601257324,-85.9741,21.9647,13.9123375035768,63,63,63,63,61,63,0,9004,1.9064526870154,22,-86,0.001869,51,2024-06-10 21:03:08.002257,600,1.037,0.0011,"aoml_navis",1029.84221811196
"7901009",37,0,1,0.028035,1,0.005607,1,114.775407796573,1,4.85507442847256,602,1,9.44299983978271,35.117000579834,0.0280349999666214,0,110.679000854492,-85.9741,21.9647,13.9123375035768,63,63,63,63,61,63,0,9004,1.9064526870154,22,-86,0.001869,51,2024-06-10 21:03:08.002257,602,1.037,0.0011,"aoml_navis",1029.85032951864
"7901009",37,0,1,0.026166,1,0.003738,1,114.714226074274,1,4.85502634410469,604,1,9.43599987030029,35.117000579834,0.0261659994721413,0,110.620002746582,-85.9741,21.9647,13.9123375035768,63,63,63,63,61,63,0,9004,1.9064526870154,22,-86,0.001869,51,2024-06-10 21:03:08.002257,604,1.037,0.0011,"aoml_navis",1029.86052919596
"7901009",37,0,1,0.022428,1,0,1,114.683528404221,1,4.85498192899473,606,1,9.42899990081787,35.1160011291504,0.0224280003458261,0,110.590400695801,-85.9741,21.9647,13.9123375035768,63,63,63,63,61,63,0,9004,1.9064526870154,22,-86,0.001869,51,2024-06-10 21:03:08.002257,606,1.037,0.0011,"aoml_navis",1029.86995072818
"7901009",37,0,1,0.035511,1,0.013083,1,114.639143370974,1,4.85493416952955,608,1,9.41800022125244,35.1150016784668,0.0355109982192516,0,110.54759979248,-85.9741,21.9647,13.9123375035768,63,63,63,63,61,63,0,9004,1.9064526870154,22,-86,0.001869,51,2024-06-10 21:03:08.002257,608,1.037,0.0011,"aoml_navis",1029.88008187236
"7901009",37,99999,9,99999,9,99999,9,114.690372085818,1,4.85488205819328,610,1,9.39299964904785,35.1119995117188,99999,99999,110.59700012207,-85.9741,21.9647,13.9123375035768,63,63,63,63,61,63,0,9004,1.9064526870154,22,-86,0.001869,51,2024-06-10 21:03:08.002257,610,1.037,0.0011,"aoml_navis",1029.89113639987
"7901009",37,0,1,0.028035,1,0.005607,1,114.753318132968,1,4.8548236131922,612,1,9.35599994659424,35.1080017089844,0.0280349999666214,0,110.657699584961,-85.9741,21.9647,13.9123375035768,63,63,63,63,61,63,0,9004,1.9064526870154,22,-86,0.001869,51,2024-06-10 21:03:08.002257,612,1.037,0.0011,"aoml_navis",1029.90353478823
"7901009",37,0,1,0.033642,1,0.011214,1,114.898704830106,1,4.85475926088413,614,1,9.30300045013428,35.1020011901855,0.0336420014500618,0,110.797897338867,-85.9741,21.9647,13.9123375035768,63,63,63,63,61,63,0,9004,1.9064526870154,22,-86,0.001869,51,2024-06-10 21:03:08.002257,614,1.037,0.0011,"aoml_navis",1029.91718668444
"7901009",37,0,1,0.029904,1,0.007476,1,115.091071621258,1,4.85466898748076,616,1,9.22299957275391,35.0970001220703,0.0299040004611015,0,110.9833984375,-85.9741,21.9647,13.9123375035768,63,63,63,63,61,63,0,9004,1.9064526870154,22,-86,0.001869,51,2024-06-10 21:03:08.002257,616,1.037,0.0011,"aoml_navis",1029.93633817136
"7901009",37,0,1,0.024297,1,0.001869,1,115.187721811301,1,4.85461466153259,618,1,9.16399955749512,35.0870018005371,0.0242970008403063,0,111.076599121094,-85.9741,21.9647,13.9123375035768,63,63,63,63,61,63,0,9004,1.9064526870154,22,-86,0.001869,51,2024-06-10 21:03:08.002257,618,1.037,0.0011,"aoml_navis",1029.94786375517
"7901009",37,0,1,0.028035,1,0.005607,1,115.280020527497,1,4.85455877680826,619.900024414062,1,9.13599967956543,35.0849990844727,0.0280349999666214,0,111.165603637695,-85.9741,21.9647,13.9123375035768,63,63,63,63,61,63,0,9004,1.9064526870154,22,-86,0.001869,51,2024-06-10 21:03:08.002257,619.900024414062,1.037,0.0011,"aoml_navis",1029.95972031208
"7901009",37,0,1,0.031773,1,0.009345,1,115.346693018615,1,4.85451352080469,621.900024414062,1,9.11900043487549,35.0820007324219,0.0317730009555817,0,111.22989654541,-85.9741,21.9647,13.9123375035768,63,63,63,63,61,63,0,9004,1.9064526870154,22,-86,0.001869,51,2024-06-10 21:03:08.002257,621.900024414062,1.037,0.0011,"aoml_navis",1029.96932206941
"7901009",37,99999,9,99999,9,99999,9,115.383197928312,1,4.85447064724893,624.099975585938,1,9.10999965667725,35.0789985656738,99999,99999,111.265098571777,-85.9741,21.9647,13.9123375035768,63,63,63,63,61,63,0,9004,1.9064526870154,22,-86,0.001869,51,2024-06-10 21:03:08.002257,624.099975585938,1.037,0.0011,"aoml_navis",1029.97841851893
"7901009",37,0,1,0.026166,1,0.003738,1,115.341099396778,1,4.8544266740739,626.099975585938,1,9.09899997711182,35.0769996643066,0.0261659994721413,0,111.224502563477,-85.9741,21.9647,13.9123375035768,63,63,63,63,61,63,0,9004,1.9064526870154,22,-86,0.001869,51,2024-06-10 21:03:08.002257,626.099975585938,1.037,0.0011,"aoml_navis",1029.98774844073
"7901009",37,0,1,0.026166,1,0.003738,1,115.355514642869,1,4.85438488444538,628,1,9.09700012207031,35.0769996643066,0.0261659994721413,0,111.238403320312,-85.9741,21.9647,13.9123375035768,63,63,63,63,61,63,0,9004,1.9064526870154,22,-86,0.001869,51,2024-06-10 21:03:08.002257,628,1.037,0.0011,"aoml_navis",1029.9966152295
"7901009",37,0,1,0.024297,1,0.001869,1,115.356234613997,1,4.85434347302662,629.900024414062,1,9.09099960327148,35.076000213623,0.0242970008403063,0,111.239097595215,-85.9741,21.9647,13.9123375035768,63,63,63,63,61,63,0,9004,1.9064526870154,22,-86,0.001869,51,2024-06-10 21:03:08.002257,629.900024414062,1.037,0.0011,"aoml_navis",1030.00540192154
"7901009",37,0,1,0.029904,1,0.007476,1,115.396679585469,1,4.85429290532198,632,1,9.07900047302246,35.0750007629395,0.0299040004611015,0,111.278099060059,-85.9741,21.9647,13.9123375035768,63,63,63,63,61,63,0,9004,1.9064526870154,22,-86,0.001869,51,2024-06-10 21:03:08.002257,632,1.037,0.0011,"aoml_navis",1030.01613160143
"7901009",37,0,1,0.028035,1,0.005607,1,115.453921245993,1,4.85425541421516,634,1,9.05799961090088,35.0690002441406,0.0280349999666214,0,111.333297729492,-85.9741,21.9647,13.9123375035768,63,63,63,63,61,63,0,9004,1.9064526870154,22,-86,0.001869,51,2024-06-10 21:03:08.002257,634,1.037,0.0011,"aoml_navis",1030.02408677509
"7901009",37,0,1,0.029904,1,0.007476,1,115.435779555933,1,4.85421556806958,636,1,9.05200004577637,35.0670013427734,0.0299040004611015,0,111.315803527832,-85.9741,21.9647,13.9123375035768,63,63,63,63,61,63,0,9004,1.9064526870154,22,-86,0.001869,51,2024-06-10 21:03:08.002257,636,1.037,0.0011,"aoml_navis",1030.03254179509
"7901009",37,99999,9,99999,9,99999,9,115.413998451383,1,4.85417457654302,638,1,9.05799961090088,35.068000793457,99999,99999,111.294799804688,-85.9741,21.9647,13.9123375035768,63,63,63,63,61,63,0,9004,1.9064526870154,22,-86,0.001869,51,2024-06-10 21:03:08.002257,638,1.037,0.0011,"aoml_navis",1030.04124000024
"7901009",37,0,1,0.035511,1,0.013083,1,115.511273671306,1,4.85412206226111,639.900024414062,1,9.03400039672852,35.0660018920898,0.0355109982192516,0,111.388603210449,-85.9741,21.9647,13.9123375035768,63,63,63,63,61,63,0,9004,1.9064526870154,22,-86,0.001869,51,2024-06-10 21:03:08.002257,639.900024414062,1.037,0.0011,"aoml_navis",1030.05238349341
"7901009",37,0,1,0.031773,1,0.009345,1,115.60667380159,1,4.85404820224401,641.900024414062,1,8.98200035095215,35.0629997253418,0.0317730009555817,0,111.480598449707,-85.9741,21.9647,13.9123375035768,63,63,63,63,61,63,0,9004,1.9064526870154,22,-86,0.001869,51,2024-06-10 21:03:08.002257,641.900024414062,1.037,0.0011,"aoml_navis",1030.06805694441
"7901009",37,0,1,0.029904,1,0.007476,1,115.774150162333,1,4.85398179481455,643.900024414062,1,8.93000030517578,35.0579986572266,0.0299040004611015,0,111.642097473145,-85.9741,21.9647,13.9123375035768,63,63,63,63,61,63,0,9004,1.9064526870154,22,-86,0.001869,51,2024-06-10 21:03:08.002257,643.900024414062,1.037,0.0011,"aoml_navis",1030.08214932768
"7901009",37,0,1,0.026166,1,0.003738,1,115.846123539774,1,4.85390768028916,646,1,8.87100028991699,35.0530014038086,0.0261659994721413,0,111.711502075195,-85.9741,21.9647,13.9123375035768,63,63,63,63,61,63,0,9004,1.9064526870154,22,-86,0.001869,51,2024-06-10 21:03:08.002257,646,1.037,0.0011,"aoml_navis",1030.09787769638
"7901009",37,99999,9,99999,9,99999,9,115.774980898249,1,4.85386090845954,648.099975585938,1,8.85000038146973,35.048999786377,99999,99999,111.64289855957,-85.9741,21.9647,13.9123375035768,63,63,63,63,61,63,0,9004,1.9064526870154,22,-86,0.001869,51,2024-06-10 21:03:08.002257,648.099975585938,1.037,0.0011,"aoml_navis",1030.10780372502
"7901009",37,0,1,0.029904,1,0.007476,1,115.761087829019,1,4.85381713144286,650,1,8.83199977874756,35.0460014343262,0.0299040004611015,0,111.629501342773,-85.9741,21.9647,13.9123375035768,63,63,63,63,61,63,0,9004,1.9064526870154,22,-86,0.001869,51,2024-06-10 21:03:08.002257,650,1.037,0.0011,"aoml_navis",1030.11709436068
"7901009",37,0,1,0.029904,1,0.007476,1,115.899836550596,1,4.85376444061952,652,1,8.79199981689453,35.0400009155273,0.0299040004611015,0,111.763298034668,-85.9741,21.9647,13.9123375035768,63,63,63,63,61,63,0,9004,1.9064526870154,22,-86,0.001869,51,2024-06-10 21:03:08.002257,652,1.037,0.0011,"aoml_navis",1030.12827696307
"7901009",37,0,1,0.029904,1,0.007476,1,115.991921648985,1,4.85370373524645,654,1,8.74199962615967,35.0340003967285,0.0299040004611015,0,111.852096557617,-85.9741,21.9647,13.9123375035768,63,63,63,63,61,63,0,9004,1.9064526870154,22,-86,0.001869,51,2024-06-10 21:03:08.002257,654,1.037,0.0011,"aoml_navis",1030.14116079875
"7901009",37,0,1,0.033642,1,0.011214,1,116.23676721474,1,4.85363655294825,656,1,8.66100025177002,35.0229988098145,0.0336420014500618,0,112.088203430176,-85.9741,21.9647,13.9123375035768,63,63,63,63,61,63,0,9004,1.9064526870154,22,-86,0.001869,51,2024-06-10 21:03:08.002257,656,1.037,0.0011,"aoml_navis",1030.15541964362
"7901009",37,99999,9,99999,9,99999,9,116.274094948583,1,4.853591597629,658,1,8.64400005340576,35.0200004577637,99999,99999,112.124198913574,-85.9741,21.9647,13.9123375035768,63,63,63,63,61,63,0,9004,1.9064526870154,22,-86,0.001869,51,2024-06-10 21:03:08.002257,658,1.037,0.0011,"aoml_navis",1030.16496123047
"7901009",37,0,1,0.031773,1,0.009345,1,116.250240960127,1,4.8535509546875,659.900024414062,1,8.64799976348877,35.0209999084473,0.0317730009555817,0,112.101196289062,-85.9741,21.9647,13.9123375035768,63,63,63,63,61,63,0,9004,1.9064526870154,22,-86,0.001869,51,2024-06-10 21:03:08.002257,659.900024414062,1.037,0.0011,"aoml_navis",1030.17358768451
"7901009",37,0,1,0.031773,1,0.009345,1,116.225152735452,1,4.85349747543626,662,1,8.65499973297119,35.0250015258789,0.0317730009555817,0,112.077003479004,-85.9741,21.9647,13.9123375035768,63,63,63,63,61,63,0,9004,1.9064526870154,22,-86,0.001869,51,2024-06-10 21:03:08.002257,662,1.037,0.0011,"aoml_navis",1030.18493886217
"7901009",37,0,1,0.028035,1,0.005607,1,116.264656206219,1,4.85344870863402,664.099975585938,1,8.64500045776367,35.023998260498,0.0280349999666214,0,112.115097045898,-85.9741,21.9647,13.9123375035768,63,63,63,63,61,63,0,9004,1.9064526870154,22,-86,0.001869,51,2024-06-10 21:03:08.002257,664.099975585938,1.037,0.0011,"aoml_navis",1030.19529002239
"7901009",37,0,1,0.031773,1,0.009345,1,116.298566055149,1,4.85340692033532,666,1,8.64299964904785,35.023998260498,0.0317730009555817,0,112.147796630859,-85.9741,21.9647,13.9123375035768,63,63,63,63,61,63,0,9004,1.9064526870154,22,-86,0.001869,51,2024-06-10 21:03:08.002257,666,1.037,0.0011,"aoml_navis",1030.20416010256
"7901009",37,0,1,0.029904,1,0.007476,1,116.280835777162,1,4.85336588705602,668,1,8.64000034332275,35.0229988098145,0.0299040004611015,0,112.130699157715,-85.9741,21.9647,13.9123375035768,63,63,63,63,61,63,0,9004,1.9064526870154,22,-86,0.001869,51,2024-06-10 21:03:08.002257,668,1.037,0.0011,"aoml_navis",1030.21287006921
"7901009",37,99999,9,99999,9,99999,9,116.339738909519,1,4.85332450422957,670,1,8.63199996948242,35.0209999084473,99999,99999,112.1875,-85.9741,21.9647,13.9123375035768,63,63,63,63,61,63,0,9004,1.9064526870154,22,-86,0.001869,51,2024-06-10 21:03:08.002257,670,1.037,0.0011,"aoml_navis",1030.22165438198
"7901009",37,0,1,0.028035,1,0.005607,1,116.604901902258,1,4.85324535278536,672.099975585938,1,8.57499980926514,35.0180015563965,0.0280349999666214,0,112.443199157715,-85.9741,21.9647,13.9123375035768,63,63,63,63,61,63,0,9004,1.9064526870154,22,-86,0.001869,51,2024-06-10 21:03:08.002257,672.099975585938,1.037,0.0011,"aoml_navis",1030.23845623845
"7901009",37,0,1,0.031773,1,0.009345,1,116.691599084846,1,4.85319772839959,674.099975585938,1,8.55000019073486,35.0139999389648,0.0317730009555817,0,112.526802062988,-85.9741,21.9647,13.9123375035768,63,63,63,63,61,63,0,9004,1.9064526870154,22,-86,0.001869,51,2024-06-10 21:03:08.002257,674.099975585938,1.037,0.0011,"aoml_navis",1030.24856595917
"7901009",37,0,1,0.024297,1,0.001869,1,116.835427163169,1,4.85315271644562,676,1,8.52099990844727,35.0089988708496,0.0242970008403063,0,112.665496826172,-85.9741,21.9647,13.9123375035768,63,63,63,63,61,63,0,9004,1.9064526870154,22,-86,0.001869,51,2024-06-10 21:03:08.002257,676,1.037,0.0011,"aoml_navis",1030.25812129438
"7901009",37,0,1,0.035511,1,0.013083,1,117.180546509918,1,4.85307843060313,677.900024414062,1,8.44600009918213,35.0019989013672,0.0355109982192516,0,112.99829864502,-85.9741,21.9647,13.9123375035768,63,63,63,63,61,63,0,9004,1.9064526870154,22,-86,0.001869,51,2024-06-10 21:03:08.002257,677.900024414062,1.037,0.0011,"aoml_navis",1030.27389140682
"7901009",37,0,1,0.033642,1,0.011214,1,117.344288514923,1,4.85302532916424,680,1,8.41199970245361,34.9970016479492,0.0336420014500618,0,113.156196594238,-85.9741,21.9647,13.9123375035768,63,63,63,63,61,63,0,9004,1.9064526870154,22,-86,0.001869,51,2024-06-10 21:03:08.002257,680,1.037,0.0011,"aoml_navis",1030.28516458641
"7901009",37,99999,9,99999,9,99999,9,117.556363526719,1,4.85295704929828,682,1,8.36999988555908,34.9949989318848,99999,99999,113.360702514648,-85.9741,21.9647,13.9123375035768,63,63,63,63,61,63,0,9004,1.9064526870154,22,-86,0.001869,51,2024-06-10 21:03:08.002257,682,1.037,0.0011,"aoml_navis",1030.29966043548
"7901009",37,0,1,0.035511,1,0.013083,1,117.740019458405,1,4.85290255872377,684,1,8.35000038146973,34.9939994812012,0.0355109982192516,0,113.537803649902,-85.9741,21.9647,13.9123375035768,63,63,63,63,61,63,0,9004,1.9064526870154,22,-86,0.001869,51,2024-06-10 21:03:08.002257,684,1.037,0.0011,"aoml_navis",1030.31122910387
"7901009",37,0,1,0.028035,1,0.005607,1,117.745098815151,1,4.8528520992777,686,1,8.34899997711182,34.9959983825684,0.0280349999666214,0,113.542701721191,-85.9741,21.9647,13.9123375035768,63,63,63,63,61,63,0,9004,1.9064526870154,22,-86,0.001869,51,2024-06-10 21:03:08.002257,686,1.037,0.0011,"aoml_navis",1030.32194217174
"7901009",37,0,1,0.028035,1,0.005607,1,117.823907962419,1,4.85280951815639,687.900024414062,1,8.3459997177124,34.9959983825684,0.0280349999666214,0,113.618698120117,-85.9741,21.9647,13.9123375035768,63,63,63,63,61,63,0,9004,1.9064526870154,22,-86,0.001869,51,2024-06-10 21:03:08.002257,687.900024414062,1.037,0.0011,"aoml_navis",1030.33098276223
"7901009",37,0,1,0.031773,1,0.009345,1,118.012856868658,1,4.85275055477267,690,1,8.32299995422363,34.9949989318848,0.0317730009555817,0,113.800903320312,-85.9741,21.9647,13.9123375035768,63,63,63,63,61,63,0,9004,1.9064526870154,22,-86,0.001869,51,2024-06-10 21:03:08.002257,690,1.037,0.0011,"aoml_navis",1030.34350180693
"7901009",37,99999,9,99999,9,99999,9,118.210405869574,1,4.85267895371857,692.099975585938,1,8.27000045776367,34.9910011291504,99999,99999,113.991401672363,-85.9741,21.9647,13.9123375035768,63,63,63,63,61,63,0,9004,1.9064526870154,22,-86,0.001869,51,2024-06-10 21:03:08.002257,692.099975585938,1.037,0.0011,"aoml_navis",1030.35870447777
"7901009",37,0,1,0.031773,1,0.009345,1,118.288178574889,1,4.85261351398459,694.099975585938,1,8.23600006103516,34.9900016784668,0.0317730009555817,0,114.066398620605,-85.9741,21.9647,13.9123375035768,63,63,63,63,61,63,0,9004,1.9064526870154,22,-86,0.001869,51,2024-06-10 21:03:08.002257,694.099975585938,1.037,0.0011,"aoml_navis",1030.37259934068
"7901009",37,0,1,0.026166,1,0.003738,1,118.481890367048,1,4.85254580719695,696.099975585938,1,8.1850004196167,34.9860000610352,0.0261659994721413,0,114.253196716309,-85.9741,21.9647,13.9123375035768,63,63,63,63,61,63,0,9004,1.9064526870154,22,-86,0.001869,51,2024-06-10 21:03:08.002257,696.099975585938,1.037,0.0011,"aoml_navis",1030.38697596308
"7901009",37,0,1,0.029904,1,0.007476,1,118.62044129436,1,4.85250225214055,698,1,8.16199970245361,34.9819984436035,0.0299040004611015,0,114.38680267334,-85.9741,21.9647,13.9123375035768,63,63,63,63,61,63,0,9004,1.9064526870154,22,-86,0.001869,51,2024-06-10 21:03:08.002257,698,1.037,0.0011,"aoml_navis",1030.39622450343
"7901009",37,0,1,0.028035,1,0.005607,1,118.69189249494,1,4.85245677657971,700,1,8.15799999237061,34.9819984436035,0.0280349999666214,0,114.455703735352,-85.9741,21.9647,13.9123375035768,63,63,63,63,61,63,0,9004,1.9064526870154,22,-86,0.001869,51,2024-06-10 21:03:08.002257,700,1.037,0.0011,"aoml_navis",1030.40588102349
"7901009",37,99999,9,99999,9,99999,9,118.739592560081,1,4.85240895197843,702,1,8.15100002288818,34.9819984436035,99999,99999,114.50170135498,-85.9741,21.9647,13.9123375035768,63,63,63,63,61,63,0,9004,1.9064526870154,22,-86,0.001869,51,2024-06-10 21:03:08.002257,702,1.037,0.0011,"aoml_navis",1030.41603654642
"7901009",37,0,1,0.028035,1,0.005607,1,118.813219497585,1,4.85236847513264,704,1,8.14400005340576,34.9799995422363,0.0280349999666214,0,114.572700500488,-85.9741,21.9647,13.9123375035768,63,63,63,63,61,63,0,9004,1.9064526870154,22,-86,0.001869,51,2024-06-10 21:03:08.002257,704,1.037,0.0011,"aoml_navis",1030.42463193468
"7901009",37,0,1,0.029904,1,0.007476,1,118.829501921546,1,4.85232300505464,706,1,8.14000034332275,34.9799995422363,0.0299040004611015,0,114.588401794434,-85.9741,21.9647,13.9123375035768,63,63,63,63,61,63,0,9004,1.9064526870154,22,-86,0.001869,51,2024-06-10 21:03:08.002257,706,1.037,0.0011,"aoml_navis",1030.43428782287
"7901009",37,0,1,0.031773,1,0.009345,1,118.899497356329,1,4.85227861694255,708,1,8.12800025939941,34.9780006408691,0.0317730009555817,0,114.655899047852,-85.9741,21.9647,13.9123375035768,63,63,63,63,61,63,0,9004,1.9064526870154,22,-86,0.001869,51,2024-06-10 21:03:08.002257,708,1.037,0.0011,"aoml_navis",1030.44371412261
"7901009",37,0,1,0.031773,1,0.009345,1,119.091033411565,1,4.85222195647757,710,1,8.10499954223633,34.9770011901855,0.0317730009555817,0,114.840599060059,-85.9741,21.9647,13.9123375035768,63,63,63,63,61,63,0,9004,1.9064526870154,22,-86,0.001869,51,2024-06-10 21:03:08.002257,710,1.037,0.0011,"aoml_navis",1030.45574684092
"7901009",37,99999,9,99999,9,99999,9,119.21910915456,1,4.85216320590356,712,1,8.08399963378906,34.9770011901855,99999,99999,114.96410369873,-85.9741,21.9647,13.9123375035768,63,63,63,63,61,63,0,9004,1.9064526870154,22,-86,0.001869,51,2024-06-10 21:03:08.002257,712,1.037,0.0011,"aoml_navis",1030.46822372268
"7901009",37,0,1,0.029904,1,0.007476,1,119.316582168749,1,4.8521196365077,714,1,8.07299995422363,34.9749984741211,0.0299040004611015,0,115.058097839355,-85.9741,21.9647,13.9123375035768,63,63,63,63,61,63,0,9004,1.9064526870154,22,-86,0.001869,51,2024-06-10 21:03:08.002257,714,1.037,0.0011,"aoml_navis",1030.47747676699
"7901009",37,0,1,0.031773,1,0.009345,1,119.475347670026,1,4.85207628736677,716,1,8.06700038909912,34.9739990234375,0.0317730009555817,0,115.211196899414,-85.9741,21.9647,13.9123375035768,63,63,63,63,61,63,0,9004,1.9064526870154,22,-86,0.001869,51,2024-06-10 21:03:08.002257,716,1.037,0.0011,"aoml_navis",1030.4866831996
"7901009",37,0,1,0.028035,1,0.005607,1,119.587663165921,1,4.85203349061583,718,1,8.05700016021729,34.9720001220703,0.0280349999666214,0,115.31950378418,-85.9741,21.9647,13.9123375035768,63,63,63,63,61,63,0,9004,1.9064526870154,22,-86,0.001869,51,2024-06-10 21:03:08.002257,718,1.037,0.0011,"aoml_navis",1030.49577247773
"7901009",37,0,1,0.029904,1,0.007476,1,119.924483065276,1,4.85198156605292,720,1,8.03999996185303,34.9710006713867,0.0299040004611015,0,115.644302368164,-85.9741,21.9647,13.9123375035768,63,63,63,63,61,63,0,9004,1.9064526870154,22,-86,0.001869,51,2024-06-10 21:03:08.002257,720,1.037,0.0011,"aoml_navis",1030.50680055809
"7901009",37,99999,9,99999,9,99999,9,120.244506275579,1,4.85189212196402,722.099975585938,1,7.96799993515015,34.9679985046387,99999,99999,115.952903747559,-85.9741,21.9647,13.9123375035768,63,63,63,63,61,63,0,9004,1.9064526870154,22,-86,0.001869,51,2024-06-10 21:03:08.002257,722.099975585938,1.037,0.0011,"aoml_navis",1030.52579783576
"7901009",37,0,1,0.026166,1,0.003738,1,120.349859413318,1,4.85184371724932,724,1,7.94799995422363,34.9659996032715,0.0261659994721413,0,116.054496765137,-85.9741,21.9647,13.9123375035768,63,63,63,63,61,63,0,9004,1.9064526870154,22,-86,0.001869,51,2024-06-10 21:03:08.002257,724,1.037,0.0011,"aoml_navis",1030.53607893922
"7901009",37,0,1,0.024297,1,0.001869,1,120.371640517869,1,4.85180405631462,725.900024414062,1,7.94399976730347,34.9650001525879,0.0242970008403063,0,116.075500488281,-85.9741,21.9647,13.9123375035768,63,63,63,63,61,63,0,9004,1.9064526870154,22,-86,0.001869,51,2024-06-10 21:03:08.002257,725.900024414062,1.037,0.0011,"aoml_navis",1030.54450302718
"7901009",37,0,1,0.024297,1,0.001869,1,120.526465957371,1,4.85176093393907,727.900024414062,1,7.94299983978271,34.9650001525879,0.0242970008403063,0,116.224800109863,-85.9741,21.9647,13.9123375035768,63,63,63,63,61,63,0,9004,1.9064526870154,22,-86,0.001869,51,2024-06-10 21:03:08.002257,727.900024414062,1.037,0.0011,"aoml_navis",1030.55366249066
"7901009",37,0,1,0.029904,1,0.007476,1,120.547622032041,1,4.85172226248486,729.900024414062,1,7.94299983978271,34.9640007019043,0.0299040004611015,0,116.24520111084,-85.9741,21.9647,13.9123375035768,63,63,63,63,61,63,0,9004,1.9064526870154,22,-86,0.001869,51,2024-06-10 21:03:08.002257,729.900024414062,1.037,0.0011,"aoml_navis",1030.56187668896
"7901009",37,99999,9,99999,9,99999,9,120.748383211834,1,4.85168147676374,732,1,7.94299983978271,34.9630012512207,99999,99999,116.43879699707,-85.9741,21.9647,13.9123375035768,63,63,63,63,61,63,0,9004,1.9064526870154,22,-86,0.001869,51,2024-06-10 21:03:08.002257,732,1.037,0.0011,"aoml_navis",1030.57054012029
"7901009",37,0,1,0.024297,1,0.001869,1,121.078470194381,1,4.85163448566912,734.099975585938,1,7.93499994277954,34.9620018005371,0.0242970008403063,0,116.757102966309,-85.9741,21.9647,13.9123375035768,63,63,63,63,61,63,0,9004,1.9064526870154,22,-86,0.001869,51,2024-06-10 21:03:08.002257,734.099975585938,1.037,0.0011,"aoml_navis",1030.58052183633
"7901009",37,0,1,0.029904,1,0.007476,1,121.257458181394,1,4.85156928051126,736.099975585938,1,7.89599990844727,34.9599990844727,0.0299040004611015,0,116.929702758789,-85.9741,21.9647,13.9123375035768,63,63,63,63,61,63,0,9004,1.9064526870154,22,-86,0.001869,51,2024-06-10 21:03:08.002257,736.099975585938,1.037,0.0011,"aoml_navis",1030.59437285272
"7901009",37,0,1,0.035511,1,0.013083,1,121.599879614357,1,4.85149813392656,738.099975585938,1,7.85400009155273,34.9589996337891,0.0355109982192516,0,117.259902954102,-85.9741,21.9647,13.9123375035768,63,63,63,63,61,63,0,9004,1.9064526870154,22,-86,0.001869,51,2024-06-10 21:03:08.002257,738.099975585938,1.037,0.0011,"aoml_navis",1030.60948638421
"7901009",37,0,1,0.03738,1,0.014952,1,122.049521362928,1,4.85142867931129,740.099975585938,1,7.79500007629395,34.9539985656738,0.0373799987137318,0,117.693496704102,-85.9741,21.9647,13.9123375035768,63,63,63,63,61,63,0,9004,1.9064526870154,22,-86,0.001869,51,2024-06-10 21:03:08.002257,740.099975585938,1.037,0.0011,"aoml_navis",1030.6242409215
"7901009",37,99999,9,99999,9,99999,9,122.271240823126,1,4.85137828527839,742.099975585938,1,7.77500009536743,34.9519996643066,99999,99999,117.907302856445,-85.9741,21.9647,13.9123375035768,63,63,63,63,61,63,0,9004,1.9064526870154,22,-86,0.001869,51,2024-06-10 21:03:08.002257,742.099975585938,1.037,0.0011,"aoml_navis",1030.63494660324
"7901009",37,0,1,0.026166,1,0.003738,1,122.518879243915,1,4.8513323274209,744,1,7.75799989700317,34.9500007629395,0.0261659994721413,0,118.146102905273,-85.9741,21.9647,13.9123375035768,63,63,63,63,61,63,0,9004,1.9064526870154,22,-86,0.001869,51,2024-06-10 21:03:08.002257,744,1.037,0.0011,"aoml_navis",1030.64471006012
"7901009",37,0,1,0.029904,1,0.007476,1,122.845223958953,1,4.85128193889354,745.900024414062,1,7.73999977111816,34.9490013122559,0.0299040004611015,0,118.460800170898,-85.9741,21.9647,13.9123375035768,63,63,63,63,61,63,0,9004,1.9064526870154,22,-86,0.001869,51,2024-06-10 21:03:08.002257,745.900024414062,1.037,0.0011,"aoml_navis",1030.65541499746
"7901009",37,0,1,0.029904,1,0.007476,1,123.131234467308,1,4.85120327853024,748,1,7.70499992370605,34.951000213623,0.0299040004611015,0,118.736602783203,-85.9741,21.9647,13.9123375035768,63,63,63,63,61,63,0,9004,1.9064526870154,22,-86,0.001869,51,2024-06-10 21:03:08.002257,748,1.037,0.0011,"aoml_navis",1030.67212667181
"7901009",37,0,1,0.031773,1,0.009345,1,123.416619945783,1,4.85114148103891,750,1,7.67000007629395,34.9490013122559,0.0317730009555817,0,119.01180267334,-85.9741,21.9647,13.9123375035768,63,63,63,63,61,63,0,9004,1.9064526870154,22,-86,0.001869,51,2024-06-10 21:03:08.002257,750,1.037,0.0011,"aoml_navis",1030.68525614908
"7901009",37,99999,9,99999,9,99999,9,123.688729473137,1,4.85109424938656,752,1,7.65399980545044,34.9469985961914,99999,99999,119.274200439453,-85.9741,21.9647,13.9123375035768,63,63,63,63,61,63,0,9004,1.9064526870154,22,-86,0.001869,51,2024-06-10 21:03:08.002257,752,1.037,0.0011,"aoml_navis",1030.69529119791
"7901009",37,0,1,0.029904,1,0.007476,1,124.167312478681,1,4.8510294738945,754,1,7.61499977111816,34.9449996948242,0.0299040004611015,0,119.735702514648,-85.9741,21.9647,13.9123375035768,63,63,63,63,61,63,0,9004,1.9064526870154,22,-86,0.001869,51,2024-06-10 21:03:08.002257,754,1.037,0.0011,"aoml_navis",1030.70905400744
"7901009",37,0,1,0.028035,1,0.005607,1,124.688199721795,1,4.85094584205448,756,1,7.52199983596802,34.9370002746582,0.0280349999666214,0,120.237998962402,-85.9741,21.9647,13.9123375035768,63,63,63,63,61,63,0,9004,1.9064526870154,22,-86,0.001869,51,2024-06-10 21:03:08.002257,756,1.037,0.0011,"aoml_navis",1030.7268237574
"7901009",37,0,1,0.028035,1,0.005607,1,125.159005456807,1,4.85087127997386,758,1,7.46000003814697,34.9329986572266,0.0280349999666214,0,120.692001342773,-85.9741,21.9647,13.9123375035768,63,63,63,63,61,63,0,9004,1.9064526870154,22,-86,0.001869,51,2024-06-10 21:03:08.002257,758,1.037,0.0011,"aoml_navis",1030.74266691879
"7901009",37,0,1,0.026166,1,0.003738,1,125.43723078286,1,4.85080528543604,760.099975585938,1,7.41200017929077,34.9290008544922,0.0261659994721413,0,120.960296630859,-85.9741,21.9647,13.9123375035768,63,63,63,63,61,63,0,9004,1.9064526870154,22,-86,0.001869,51,2024-06-10 21:03:08.002257,760.099975585938,1.037,0.0011,"aoml_navis",1030.75669003081
"7901009",37,99999,9,99999,9,99999,9,125.60678793928,1,4.85076491326108,762,1,7.40700006484985,34.9280014038086,99999,99999,121.123802185059,-85.9741,21.9647,13.9123375035768,63,63,63,63,61,63,0,9004,1.9064526870154,22,-86,0.001869,51,2024-06-10 21:03:08.002257,762,1.037,0.0011,"aoml_navis",1030.76526886119
"7901009",37,0,1,0.029904,1,0.007476,1,125.744919542748,1,4.85071949944247,764,1,7.40299987792969,34.9280014038086,0.0299040004611015,0,121.25700378418,-85.9741,21.9647,13.9123375035768,63,63,63,63,61,63,0,9004,1.9064526870154,22,-86,0.001869,51,2024-06-10 21:03:08.002257,764,1.037,0.0011,"aoml_navis",1030.77491917945
"7901009",37,0,1,0.031773,1,0.009345,1,126.068463490982,1,4.85066430954812,766,1,7.38600015640259,34.9280014038086,0.0317730009555817,0,121.569000244141,-85.9741,21.9647,13.9123375035768,63,63,63,63,61,63,0,9004,1.9064526870154,22,-86,0.001869,51,2024-06-10 21:03:08.002257,766,1.037,0.0011,"aoml_navis",1030.7866471316
"7901009",37,0,1,0.033642,1,0.011214,1,126.434525294594,1,4.85060523342636,768,1,7.35400009155273,34.9259986877441,0.0336420014500618,0,121.921997070312,-85.9741,21.9647,13.9123375035768,63,63,63,63,61,63,0,9004,1.9064526870154,22,-86,0.001869,51,2024-06-10 21:03:08.002257,768,1.037,0.0011,"aoml_navis",1030.79920120981
"7901009",37,99999,9,99999,9,99999,9,126.788252647791,1,4.85054980265539,769.900024414062,1,7.32399988174438,34.923999786377,99999,99999,122.26309967041,-85.9741,21.9647,13.9123375035768,63,63,63,63,61,63,0,9004,1.9064526870154,22,-86,0.001869,51,2024-06-10 21:03:08.002257,769.900024414062,1.037,0.0011,"aoml_navis",1030.81098090423
"7901009",37,0,1,0.033642,1,0.011214,1,127.109415153065,1,4.85048593749563,772,1,7.30800008773804,34.9259986877441,0.0336420014500618,0,122.572799682617,-85.9741,21.9647,13.9123375035768,63,63,63,63,61,63,0,9004,1.9064526870154,22,-86,0.001869,51,2024-06-10 21:03:08.002257,772,1.037,0.0011,"aoml_navis",1030.82455333982
"7901009",37,0,1,0.029904,1,0.007476,1,127.255118321028,1,4.85042032445304,773.900024414062,1,7.28399991989136,34.9280014038086,0.0299040004611015,0,122.713302612305,-85.9741,21.9647,13.9123375035768,63,63,63,63,61,63,0,9004,1.9064526870154,22,-86,0.001869,51,2024-06-10 21:03:08.002257,773.900024414062,1.037,0.0011,"aoml_navis",1030.83849760254
"7901009",37,0,1,0.028035,1,0.005607,1,127.360368605748,1,4.85037429818759,776,1,7.28200006484985,34.9280014038086,0.0280349999666214,0,122.814796447754,-85.9741,21.9647,13.9123375035768,63,63,63,63,61,63,0,9004,1.9064526870154,22,-86,0.001869,51,2024-06-10 21:03:08.002257,776,1.037,0.0011,"aoml_navis",1030.84827945512
"7901009",37,0,1,0.035511,1,0.013083,1,127.404967256802,1,4.85032821333147,778,1,7.28200006484985,34.9290008544922,0.0355109982192516,0,122.857803344727,-85.9741,21.9647,13.9123375035768,63,63,63,63,61,63,0,9004,1.9064526870154,22,-86,0.001869,51,2024-06-10 21:03:08.002257,778,1.037,0.0011,"aoml_navis",1030.85807394583
"7901009",37,99999,9,99999,9,99999,9,127.447374347391,1,4.8502784521187,780.099975585938,1,7.27500009536743,34.9290008544922,99999,99999,122.898696899414,-85.9741,21.9647,13.9123375035768,63,63,63,63,61,63,0,9004,1.9064526870154,22,-86,0.001869,51,2024-06-10 21:03:08.002257,780.099975585938,1.037,0.0011,"aoml_navis",1030.86864998769
"7901009",37,0,1,0.031773,1,0.009345,1,127.56186558021,1,4.85023517565961,782,1,7.27099990844727,34.9290008544922,0.0317730009555817,0,123.009101867676,-85.9741,21.9647,13.9123375035768,63,63,63,63,61,63,0,9004,1.9064526870154,22,-86,0.001869,51,2024-06-10 21:03:08.002257,782,1.037,0.0011,"aoml_navis",1030.87784796332
"7901009",37,0,1,0.039249,1,0.016821,1,127.574722207487,1,4.85019190121157,783.900024414062,1,7.26700019836426,34.9290008544922,0.0392489992082119,0,123.021499633789,-85.9741,21.9647,13.9123375035768,63,63,63,63,61,63,0,9004,1.9064526870154,22,-86,0.001869,51,2024-06-10 21:03:08.002257,783.900024414062,1.037,0.0011,"aoml_navis",1030.88704567566
"7901009",37,0,1,0.026166,1,0.003738,1,127.662139361203,1,4.85014220856651,786,1,7.2649998664856,34.9300003051758,0.0261659994721413,0,123.105796813965,-85.9741,21.9647,13.9123375035768,63,63,63,63,61,63,0,9004,1.9064526870154,22,-86,0.001869,51,2024-06-10 21:03:08.002257,786,1.037,0.0011,"aoml_navis",1030.89760773793
"7901009",37,99999,9,99999,9,99999,9,127.766883292603,1,4.8500931424259,788,1,7.26100015640259,34.9309997558594,99999,99999,123.206802368164,-85.9741,21.9647,13.9123375035768,63,63,63,63,61,63,0,9004,1.9064526870154,22,-86,0.001869,51,2024-06-10 21:03:08.002257,788,1.037,0.0011,"aoml_navis",1030.90803685043
"7901009",37,0,1,0.031773,1,0.009345,1,127.792802253194,1,4.85004625820932,790,1,7.25500011444092,34.9309997558594,0.0317730009555817,0,123.231796264648,-85.9741,21.9647,13.9123375035768,63,63,63,63,61,63,0,9004,1.9064526870154,22,-86,0.001869,51,2024-06-10 21:03:08.002257,790,1.037,0.0011,"aoml_navis",1030.91800238747
"7901009",37,0,1,0.026166,1,0.003738,1,127.804938909344,1,4.84999925249298,791.900024414062,1,7.24599981307983,34.9309997558594,0.0261659994721413,0,123.243499755859,-85.9741,21.9647,13.9123375035768,63,63,63,63,61,63,0,9004,1.9064526870154,22,-86,0.001869,51,2024-06-10 21:03:08.002257,791.900024414062,1.037,0.0011,"aoml_navis",1030.92799394349
"7901009",37,0,1,0.031773,1,0.009345,1,127.878360140811,1,4.8499508781341,793.900024414062,1,7.23799991607666,34.9309997558594,0.0317730009555817,0,123.314300537109,-85.9741,21.9647,13.9123375035768,63,63,63,63,61,63,0,9004,1.9064526870154,22,-86,0.001869,51,2024-06-10 21:03:08.002257,793.900024414062,1.037,0.0011,"aoml_navis",1030.93827662098
"7901009",37,0,1,0.033642,1,0.011214,1,128.048431562322,1,4.84990705163029,796,1,7.23400020599365,34.9300003051758,0.0336420014500618,0,123.478302001953,-85.9741,21.9647,13.9123375035768,63,63,63,63,61,63,0,9004,1.9064526870154,22,-86,0.001869,51,2024-06-10 21:03:08.002257,796,1.037,0.0011,"aoml_navis",1030.94759276247
"7901009",37,99999,9,99999,9,99999,9,128.111686168526,1,4.84986603099304,797.900024414062,1,7.23299980163574,34.9300003051758,99999,99999,123.53929901123,-85.9741,21.9647,13.9123375035768,63,63,63,63,61,63,0,9004,1.9064526870154,22,-86,0.001869,51,2024-06-10 21:03:08.002257,797.900024414062,1.037,0.0011,"aoml_navis",1030.9563126172
"7901009",37,0,1,0.026166,1,0.003738,1,128.301457898911,1,4.84981554313858,799.900024414062,1,7.23199987411499,34.931999206543,0.0261659994721413,0,123.722297668457,-85.9741,21.9647,13.9123375035768,63,63,63,63,61,63,0,9004,1.9064526870154,22,-86,0.001869,51,2024-06-10 21:03:08.002257,799.900024414062,1.037,0.0011,"aoml_navis",1030.96704514338
"7901009",37,0,1,0.026166,1,0.003738,1,128.467692111665,1,4.84977315599376,801.900024414062,1,7.23199987411499,34.931999206543,0.0261659994721413,0,123.882598876953,-85.9741,21.9647,13.9123375035768,63,63,63,63,61,63,0,9004,1.9064526870154,22,-86,0.001869,51,2024-06-10 21:03:08.002257,801.900024414062,1.037,0.0011,"aoml_navis",1030.97605582244
"7901009",37,0,1,0.033642,1,0.011214,1,128.680795653644,1,4.84971519731962,803.900024414062,1,7.22100019454956,34.9339981079102,0.0336420014500618,0,124.088096618652,-85.9741,21.9647,13.9123375035768,63,63,63,63,61,63,0,9004,1.9064526870154,22,-86,0.001869,51,2024-06-10 21:03:08.002257,803.900024414062,1.037,0.0011,"aoml_navis",1030.98837695942
"7901009",37,0,1,0.031773,1,0.009345,1,128.868494500123,1,4.84966826810971,805.900024414062,1,7.21000003814697,34.9329986572266,0.0317730009555817,0,124.269096374512,-85.9741,21.9647,13.9123375035768,63,63,63,63,61,63,0,9004,1.9064526870154,22,-86,0.001869,51,2024-06-10 21:03:08.002257,805.900024414062,1.037,0.0011,"aoml_navis",1030.998353615
"7901009",37,99999,9,99999,9,99999,9,129.033075152815,1,4.84961853667402,808,1,7.20300006866455,34.9329986572266,99999,99999,124.427803039551,-85.9741,21.9647,13.9123375035768,63,63,63,63,61,63,0,9004,1.9064526870154,22,-86,0.001869,51,2024-06-10 21:03:08.002257,808,1.037,0.0011,"aoml_navis",1031.00892620497
"7901009",37,0,1,0.028035,1,0.005607,1,129.177939673091,1,4.84957615452187,810,1,7.20300006866455,34.9329986572266,0.0280349999666214,0,124.567497253418,-85.9741,21.9647,13.9123375035768,63,63,63,63,61,63,0,9004,1.9064526870154,22,-86,0.001869,51,2024-06-10 21:03:08.002257,810,1.037,0.0011,"aoml_navis",1031.0179365547
"7901009",37,0,1,0.029904,1,0.007476,1,129.352370480219,1,4.84953819690105,812,1,7.2039999961853,34.931999206543,0.0299040004611015,0,124.735702514648,-85.9741,21.9647,13.9123375035768,63,63,63,63,61,63,0,9004,1.9064526870154,22,-86,0.001869,51,2024-06-10 21:03:08.002257,812,1.037,0.0011,"aoml_navis",1031.02600639275
"7901009",37,0,1,0.031773,1,0.009345,1,129.495684293452,1,4.84947512873372,814,1,7.19600009918213,34.9360008239746,0.0317730009555817,0,124.873901367188,-85.9741,21.9647,13.9123375035768,63,63,63,63,61,63,0,9004,1.9064526870154,22,-86,0.001869,51,2024-06-10 21:03:08.002257,814,1.037,0.0011,"aoml_navis",1031.03941504399
"7901009",37,99999,9,99999,9,99999,9,129.617327766922,1,4.84942734226656,815.900024414062,1,7.18100023269653,34.935001373291,99999,99999,124.991203308105,-85.9741,21.9647,13.9123375035768,63,63,63,63,61,63,0,9004,1.9064526870154,22,-86,0.001869,51,2024-06-10 21:03:08.002257,815.900024414062,1.037,0.0011,"aoml_navis",1031.04957495106
"7901009",37,0,1,0.028035,1,0.005607,1,129.832504192807,1,4.84937011982665,818,1,7.15899991989136,34.9339981079102,0.0280349999666214,0,125.198699951172,-85.9741,21.9647,13.9123375035768,63,63,63,63,61,63,0,9004,1.9064526870154,22,-86,0.001869,51,2024-06-10 21:03:08.002257,818,1.037,0.0011,"aoml_navis",1031.06174130894
"7901009",37,0,1,0.031773,1,0.009345,1,130.001642025383,1,4.84932104614047,820.099975585938,1,7.14300012588501,34.931999206543,0.0317730009555817,0,125.361801147461,-85.9741,21.9647,13.9123375035768,63,63,63,63,61,63,0,9004,1.9064526870154,22,-86,0.001869,51,2024-06-10 21:03:08.002257,820.099975585938,1.037,0.0011,"aoml_navis",1031.07217534699
"7901009",37,0,1,0.026166,1,0.003738,1,130.410949567271,1,4.8492821268031,822,1,7.13000011444092,34.9290008544922,0.0261659994721413,0,125.756500244141,-85.9741,21.9647,13.9123375035768,63,63,63,63,61,63,0,9004,1.9064526870154,22,-86,0.001869,51,2024-06-10 21:03:08.002257,822,1.037,0.0011,"aoml_navis",1031.08045051944
"7901009",37,99999,9,99999,9,99999,9,130.842758184836,1,4.84923073874198,824,1,7.10799980163574,34.9269981384277,99999,99999,126.172897338867,-85.9741,21.9647,13.9123375035768,63,63,63,63,61,63,0,9004,1.9064526870154,22,-86,0.001869,51,2024-06-10 21:03:08.002257,824,1.037,0.0011,"aoml_navis",1031.0913770412
"7901009",37,0,1,0.029904,1,0.007476,1,131.51318580467,1,4.8491607093146,826,1,7.0460000038147,34.9220008850098,0.0299040004611015,0,126.819396972656,-85.9741,21.9647,13.9123375035768,63,63,63,63,61,63,0,9004,1.9064526870154,22,-86,0.001869,51,2024-06-10 21:03:08.002257,826,1.037,0.0011,"aoml_navis",1031.10626760537
"7901009",37,0,1,0.029904,1,0.007476,1,132.326515825664,1,4.84912030072001,828,1,6.98899984359741,34.9099998474121,0.0299040004611015,0,127.603698730469,-85.9741,21.9647,13.9123375035768,63,63,63,63,61,63,0,9004,1.9064526870154,22,-86,0.001869,51,2024-06-10 21:03:08.002257,828,1.037,0.0011,"aoml_navis",1031.11485999998
"7901009",37,0,1,0.028035,1,0.005607,1,132.679206736907,1,4.84905665323904,829.900024414062,1,7.03200006484985,34.9249992370605,0.0280349999666214,0,127.943801879883,-85.9741,21.9647,13.9123375035768,63,63,63,63,61,63,0,9004,1.9064526870154,22,-86,0.001869,51,2024-06-10 21:03:08.002257,829.900024414062,1.037,0.0011,"aoml_navis",1031.12839415067
"7901009",37,0,1,0.029904,1,0.007476,1,133.271750886638,1,4.84899884679573,832,1,7.01900005340576,34.9259986877441,0.0299040004611015,0,128.515197753906,-85.9741,21.9647,13.9123375035768,63,63,63,63,61,63,0,9004,1.9064526870154,22,-86,0.001869,51,2024-06-10 21:03:08.002257,832,1.037,0.0011,"aoml_navis",1031.1406865572
"7901009",37,99999,9,99999,9,99999,9,134.150827721585,1,4.84889813039991,834,1,6.94000005722046,34.9259986877441,99999,99999,129.362899780273,-85.9741,21.9647,13.9123375035768,63,63,63,63,61,63,0,9004,1.9064526870154,22,-86,0.001869,51,2024-06-10 21:03:08.002257,834,1.037,0.0011,"aoml_navis",1031.1621043661
"7901009",37,0,1,0.026166,1,0.003738,1,134.799276442602,1,4.84882410207254,836,1,6.89699983596802,34.9259986877441,0.0261659994721413,0,129.988204956055,-85.9741,21.9647,13.9123375035768,63,63,63,63,61,63,0,9004,1.9064526870154,22,-86,0.001869,51,2024-06-10 21:03:08.002257,836,1.037,0.0011,"aoml_navis",1031.17784740074
"7901009",37,0,1,0.028035,1,0.005607,1,135.212413281476,1,4.84874510059044,838.099975585938,1,6.84999990463257,34.9259986877441,0.0280349999666214,0,130.386596679688,-85.9741,21.9647,13.9123375035768,63,63,63,63,61,63,0,9004,1.9064526870154,22,-86,0.001869,51,2024-06-10 21:03:08.002257,838.099975585938,1.037,0.0011,"aoml_navis",1031.19464856817
"7901009",37,0,1,0.028035,1,0.005607,1,135.478929186993,1,4.84870116310817,840,1,6.84000015258789,34.9249992370605,0.0280349999666214,0,130.643600463867,-85.9741,21.9647,13.9123375035768,63,63,63,63,61,63,0,9004,1.9064526870154,22,-86,0.001869,51,2024-06-10 21:03:08.002257,840,1.037,0.0011,"aoml_navis",1031.20399294619
"7901009",37,99999,9,99999,9,99999,9,135.810052611493,1,4.84864258120361,841.900024414062,1,6.81500005722046,34.9249992370605,99999,99999,130.962905883789,-85.9741,21.9647,13.9123375035768,63,63,63,63,61,63,0,9004,1.9064526870154,22,-86,0.001869,51,2024-06-10 21:03:08.002257,841.900024414062,1.037,0.0011,"aoml_navis",1031.21645208148
"7901009",37,0,1,0.035511,1,0.013083,1,136.001485813711,1,4.84858635471707,844,1,6.79899978637695,34.9249992370605,0.0355109982192516,0,131.147506713867,-85.9741,21.9647,13.9123375035768,63,63,63,63,61,63,0,9004,1.9064526870154,22,-86,0.001869,51,2024-06-10 21:03:08.002257,844,1.037,0.0011,"aoml_navis",1031.22841055221
"7901009",37,0,1,0.028035,1,0.005607,1,136.385792160401,1,4.8485352740014,846.099975585938,1,6.78499984741211,34.923999786377,0.0280349999666214,0,131.518096923828,-85.9741,21.9647,13.9123375035768,63,63,63,63,61,63,0,9004,1.9064526870154,22,-86,0.001869,51,2024-06-10 21:03:08.002257,846.099975585938,1.037,0.0011,"aoml_navis",1031.23927484054
"7901009",37,0,1,0.029904,1,0.007476,1,136.703433927744,1,4.84845783282767,848.099975585938,1,6.74200010299683,34.9249992370605,0.0299040004611015,0,131.824401855469,-85.9741,21.9647,13.9123375035768,63,63,63,63,61,63,0,9004,1.9064526870154,22,-86,0.001869,51,2024-06-10 21:03:08.002257,848.099975585938,1.037,0.0011,"aoml_navis",1031.25574613566
"7901009",37,0,1,0.029904,1,0.007476,1,136.980519958826,1,4.84841102120817,850,1,6.72800016403198,34.923999786377,0.0299040004611015,0,132.091598510742,-85.9741,21.9647,13.9123375035768,63,63,63,63,61,63,0,9004,1.9064526870154,22,-86,0.001869,51,2024-06-10 21:03:08.002257,850,1.037,0.0011,"aoml_navis",1031.26570295479
"7901009",37,99999,9,99999,9,99999,9,137.333733046931,1,4.84836645876567,852,1,6.71999979019165,34.9230003356934,99999,99999,132.432205200195,-85.9741,21.9647,13.9123375035768,63,63,63,63,61,63,0,9004,1.9064526870154,22,-86,0.001869,51,2024-06-10 21:03:08.002257,852,1.037,0.0011,"aoml_navis",1031.2751815532
"7901009",37,0,1,0.031773,1,0.009345,1,137.677594422149,1,4.84831313367271,854,1,6.70499992370605,34.9230003356934,0.0317730009555817,0,132.763793945312,-85.9741,21.9647,13.9123375035768,63,63,63,63,61,63,0,9004,1.9064526870154,22,-86,0.001869,51,2024-06-10 21:03:08.002257,854,1.037,0.0011,"aoml_navis",1031.28652422918
"7901009",37,0,1,0.028035,1,0.005607,1,138.062739416526,1,4.84825406530292,856.099975585938,1,6.68499994277954,34.9230003356934,0.0280349999666214,0,133.135192871094,-85.9741,21.9647,13.9123375035768,63,63,63,63,61,63,0,9004,1.9064526870154,22,-86,0.001869,51,2024-06-10 21:03:08.002257,856.099975585938,1.037,0.0011,"aoml_navis",1031.29908883758
"7901009",37,0,1,0.026166,1,0.003738,1,138.583223159338,1,4.84818186172383,858,1,6.64099979400635,34.9230003356934,0.0261659994721413,0,133.637100219727,-85.9741,21.9647,13.9123375035768,63,63,63,63,61,63,0,9004,1.9064526870154,22,-86,0.001869,51,2024-06-10 21:03:08.002257,858,1.037,0.0011,"aoml_navis",1031.31444789123
"7901009",37,99999,9,99999,9,99999,9,138.921704530526,1,4.84812797839346,860,1,6.61499977111816,34.9210014343262,99999,99999,133.963500976562,-85.9741,21.9647,13.9123375035768,63,63,63,63,61,63,0,9004,1.9064526870154,22,-86,0.001869,51,2024-06-10 21:03:08.002257,860,1.037,0.0011,"aoml_navis",1031.32591018294
"7901009",37,0,1,0.028035,1,0.005607,1,139.387328055774,1,4.84807175437797,862,1,6.60099983215332,34.9220008850098,0.0280349999666214,0,134.412506103516,-85.9741,21.9647,13.9123375035768,63,63,63,63,61,63,0,9004,1.9064526870154,22,-86,0.001869,51,2024-06-10 21:03:08.002257,862,1.037,0.0011,"aoml_navis",1031.33787066679
"7901009",37,0,1,0.029904,1,0.007476,1,139.824010324049,1,4.84800118160772,864,1,6.56199979782104,34.9220008850098,0.0299040004611015,0,134.833602905273,-85.9741,21.9647,13.9123375035768,63,63,63,63,61,63,0,9004,1.9064526870154,22,-86,0.001869,51,2024-06-10 21:03:08.002257,864,1.037,0.0011,"aoml_navis",1031.3528839409
"7901009",37,0,1,0.033642,1,0.011214,1,140.351124130651,1,4.84795751116115,866.099975585938,1,6.55299997329712,34.9199981689453,0.0336420014500618,0,135.341903686523,-85.9741,21.9647,13.9123375035768,63,63,63,63,61,63,0,9004,1.9064526870154,22,-86,0.001869,51,2024-06-10 21:03:08.002257,866.099975585938,1.037,0.0011,"aoml_navis",1031.36217437732
"7901009",37,99999,9,99999,9,99999,9,140.917955025826,1,4.84789622736695,868,1,6.52899980545044,34.9210014343262,99999,99999,135.88850402832,-85.9741,21.9647,13.9123375035768,63,63,63,63,61,63,0,9004,1.9064526870154,22,-86,0.001869,51,2024-06-10 21:03:08.002257,868,1.037,0.0011,"aoml_navis",1031.37521215376
"7901009",37,0,1,0.031773,1,0.009345,1,141.295520543938,1,4.84782727302803,869.900024414062,1,6.48400020599365,34.9199981689453,0.0317730009555817,0,136.252593994141,-85.9741,21.9647,13.9123375035768,63,63,63,63,61,63,0,9004,1.9064526870154,22,-86,0.001869,51,2024-06-10 21:03:08.002257,869.900024414062,1.037,0.0011,"aoml_navis",1031.38988218879
"7901009",37,0,1,0.029904,1,0.007476,1,141.641470626603,1,4.84775679644183,872,1,6.45300006866455,34.9210014343262,0.0299040004611015,0,136.586196899414,-85.9741,21.9647,13.9123375035768,63,63,63,63,61,63,0,9004,1.9064526870154,22,-86,0.001869,51,2024-06-10 21:03:08.002257,872,1.037,0.0011,"aoml_navis",1031.40487651318
"7901009",37,0,1,0.024297,1,0.001869,1,141.966264634597,1,4.84771384722269,874,1,6.44199991226196,34.9189987182617,0.0242970008403063,0,136.899398803711,-85.9741,21.9647,13.9123375035768,63,63,63,63,61,63,0,9004,1.9064526870154,22,-86,0.001869,51,2024-06-10 21:03:08.002257,874,1.037,0.0011,"aoml_navis",1031.41401443581
"7901009",37,99999,9,99999,9,99999,9,142.290235818445,1,4.84766854085922,876,1,6.43800020217896,34.9189987182617,99999,99999,137.211807250977,-85.9741,21.9647,13.9123375035768,63,63,63,63,61,63,0,9004,1.9064526870154,22,-86,0.001869,51,2024-06-10 21:03:08.002257,876,1.037,0.0011,"aoml_navis",1031.42365404252
"7901009",37,0,1,0.029904,1,0.007476,1,142.688229528329,1,4.84759951575283,877.900024414062,1,6.40299987792969,34.9199981689453,0.0299040004611015,0,137.595596313477,-85.9741,21.9647,13.9123375035768,63,63,63,63,61,63,0,9004,1.9064526870154,22,-86,0.001869,51,2024-06-10 21:03:08.002257,877.900024414062,1.037,0.0011,"aoml_navis",1031.43834051306
"7901009",37,0,1,0.031773,1,0.009345,1,143.017897187033,1,4.84754577602743,880,1,6.38500022888184,34.9189987182617,0.0317730009555817,0,137.913497924805,-85.9741,21.9647,13.9123375035768,63,63,63,63,61,63,0,9004,1.9064526870154,22,-86,0.001869,51,2024-06-10 21:03:08.002257,880,1.037,0.0011,"aoml_navis",1031.44977500295
"7901009",37,0,1,0.028035,1,0.005607,1,143.312832172661,1,4.84749690807004,882,1,6.37599992752075,34.9189987182617,0.0280349999666214,0,138.197906494141,-85.9741,21.9647,13.9123375035768,63,63,63,63,61,63,0,9004,1.9064526870154,22,-86,0.001869,51,2024-06-10 21:03:08.002257,882,1.037,0.0011,"aoml_navis",1031.4601731207
"7901009",37,0,1,0.031773,1,0.009345,1,143.848648926958,1,4.84743808162025,884.099975585938,1,6.35599994659424,34.9189987182617,0.0317730009555817,0,138.714599609375,-85.9741,21.9647,13.9123375035768,63,63,63,63,61,63,0,9004,1.9064526870154,22,-86,0.001869,51,2024-06-10 21:03:08.002257,884.099975585938,1.037,0.0011,"aoml_navis",1031.47269048329
"7901009",37,99999,9,99999,9,99999,9,144.187019533358,1,4.8473935987512,886,1,6.34499979019165,34.9179992675781,99999,99999,139.040893554688,-85.9741,21.9647,13.9123375035768,63,63,63,63,61,63,0,9004,1.9064526870154,22,-86,0.001869,51,2024-06-10 21:03:08.002257,886,1.037,0.0011,"aoml_navis",1031.48215595451
"7901009",37,0,1,0.029904,1,0.007476,1,144.651915175707,1,4.84734759148189,888,1,6.34000015258789,34.9179992675781,0.0299040004611015,0,139.489196777344,-85.9741,21.9647,13.9123375035768,63,63,63,63,61,63,0,9004,1.9064526870154,22,-86,0.001869,51,2024-06-10 21:03:08.002257,888,1.037,0.0011,"aoml_navis",1031.49194598431
"7901009",37,0,1,0.031773,1,0.009345,1,145.091398210787,1,4.84729958293275,890.099975585938,1,6.32999992370605,34.9169998168945,0.0317730009555817,0,139.912994384766,-85.9741,21.9647,13.9123375035768,63,63,63,63,61,63,0,9004,1.9064526870154,22,-86,0.001869,51,2024-06-10 21:03:08.002257,890.099975585938,1.037,0.0011,"aoml_navis",1031.5021620708
"7901009",37,0,1,0.028035,1,0.005607,1,145.728643864589,1,4.84723140499761,892,1,6.2960000038147,34.9179992675781,0.0280349999666214,0,140.527496337891,-85.9741,21.9647,13.9123375035768,63,63,63,63,61,63,0,9004,1.9064526870154,22,-86,0.001869,51,2024-06-10 21:03:08.002257,892,1.037,0.0011,"aoml_navis",1031.5166704946
"7901009",37,99999,9,99999,9,99999,9,146.273812331773,1,4.84715477420737,894,1,6.25299978256226,34.9189987182617,99999,99999,141.053207397461,-85.9741,21.9647,13.9123375035768,63,63,63,63,61,63,0,9004,1.9064526870154,22,-86,0.001869,51,2024-06-10 21:03:08.002257,894,1.037,0.0011,"aoml_navis",1031.53297819289
"7901009",37,0,1,0.028035,1,0.005607,1,146.775197060279,1,4.84708713530072,896.099975585938,1,6.21000003814697,34.9169998168945,0.0280349999666214,0,141.536697387695,-85.9741,21.9647,13.9123375035768,63,63,63,63,61,63,0,9004,1.9064526870154,22,-86,0.001869,51,2024-06-10 21:03:08.002257,896.099975585938,1.037,0.0011,"aoml_navis",1031.54737276861
"7901009",37,0,1,0.03738,1,0.014952,1,147.234285462985,1,4.84701841881443,898,1,6.17500019073486,34.9179992675781,0.0373799987137318,0,141.979400634766,-85.9741,21.9647,13.9123375035768,63,63,63,63,61,63,0,9004,1.9064526870154,22,-86,0.001869,51,2024-06-10 21:03:08.002257,898,1.037,0.0011,"aoml_navis",1031.56199708087
"7901009",37,0,1,0.033642,1,0.011214,1,147.652928894219,1,4.8469555289795,900,1,6.14599990844727,34.9179992675781,0.0336420014500618,0,142.383102416992,-85.9741,21.9647,13.9123375035768,63,63,63,63,61,63,0,9004,1.9064526870154,22,-86,0.001869,51,2024-06-10 21:03:08.002257,900,1.037,0.0011,"aoml_navis",1031.57538172271
"7901009",37,0,1,0.031773,1,0.009345,1,147.880234064483,1,4.84690126979775,902,1,6.12400007247925,34.9169998168945,0.0317730009555817,0,142.602294921875,-85.9741,21.9647,13.9123375035768,63,63,63,63,61,63,0,9004,1.9064526870154,22,-86,0.001869,51,2024-06-10 21:03:08.002257,902,1.037,0.0011,"aoml_navis",1031.58692980941
"7901009",37,99999,9,99999,9,99999,9,148.282389365719,1,4.84683142534205,904,1,6.08500003814697,34.9169998168945,99999,99999,142.990097045898,-85.9741,21.9647,13.9123375035768,63,63,63,63,61,63,0,9004,1.9064526870154,22,-86,0.001869,51,2024-06-10 21:03:08.002257,904,1.037,0.0011,"aoml_navis",1031.60179532077
"7901009",37,0,1,0.029904,1,0.007476,1,148.656647763706,1,4.84674960422593,905.900024414062,1,6.0310001373291,34.9179992675781,0.0299040004611015,0,143.350997924805,-85.9741,21.9647,13.9123375035768,63,63,63,63,61,63,0,9004,1.9064526870154,22,-86,0.001869,51,2024-06-10 21:03:08.002257,905.900024414062,1.037,0.0011,"aoml_navis",1031.61921045817
"7901009",37,0,1,0.031773,1,0.009345,1,149.155658961022,1,4.84667420896605,908,1,5.97100019454956,34.9150009155273,0.0317730009555817,0,143.83219909668,-85.9741,21.9647,13.9123375035768,63,63,63,63,61,63,0,9004,1.9064526870154,22,-86,0.001869,51,2024-06-10 21:03:08.002257,908,1.037,0.0011,"aoml_navis",1031.63525841087
"7901009",37,0,1,0.031773,1,0.009345,1,149.498808276883,1,4.84662681032625,910.099975585938,1,5.96700000762939,34.9150009155273,0.0317730009555817,0,144.163101196289,-85.9741,21.9647,13.9123375035768,63,63,63,63,61,63,0,9004,1.9064526870154,22,-86,0.001869,51,2024-06-10 21:03:08.002257,910.099975585938,1.037,0.0011,"aoml_navis",1031.645347512
"7901009",37,99999,9,99999,9,99999,9,149.82463081506,1,4.84658087940661,912,1,5.95900011062622,34.9150009155273,99999,99999,144.477294921875,-85.9741,21.9647,13.9123375035768,63,63,63,63,61,63,0,9004,1.9064526870154,22,-86,0.001869,51,2024-06-10 21:03:08.002257,912,1.037,0.0011,"aoml_navis",1031.65512438785
"7901009",37,0,1,0.028035,1,0.005607,1,150.058581872655,1,4.84653630380458,914,1,5.95599985122681,34.9150009155273,0.0280349999666214,0,144.702896118164,-85.9741,21.9647,13.9123375035768,63,63,63,63,61,63,0,9004,1.9064526870154,22,-86,0.001869,51,2024-06-10 21:03:08.002257,914,1.037,0.0011,"aoml_navis",1031.66461294738
"7901009",37,0,1,0.031773,1,0.009345,1,150.469756592412,1,4.84649537377793,916.099975585938,1,5.95599985122681,34.9140014648438,0.0317730009555817,0,145.099395751953,-85.9741,21.9647,13.9123375035768,63,63,63,63,61,63,0,9004,1.9064526870154,22,-86,0.001869,51,2024-06-10 21:03:08.002257,916.099975585938,1.037,0.0011,"aoml_navis",1031.67332564736
"7901009",37,0,1,0.028035,1,0.005607,1,150.869522538917,1,4.84645592462283,918,1,5.9520001411438,34.9129981994629,0.0280349999666214,0,145.484893798828,-85.9741,21.9647,13.9123375035768,63,63,63,63,61,63,0,9004,1.9064526870154,22,-86,0.001869,51,2024-06-10 21:03:08.002257,918,1.037,0.0011,"aoml_navis",1031.68172325618
"7901009",37,99999,9,99999,9,99999,9,151.494536595322,1,4.84637667229091,920,1,5.91499996185303,34.9160003662109,99999,99999,146.087600708008,-85.9741,21.9647,13.9123375035768,63,63,63,63,61,63,0,9004,1.9064526870154,22,-86,0.001869,51,2024-06-10 21:03:08.002257,920,1.037,0.0011,"aoml_navis",1031.69859424824
"7901009",37,0,1,0.031773,1,0.009345,1,152.11871200404,1,4.84630131312701,922.099975585938,1,5.8600001335144,34.9140014648438,0.0317730009555817,0,146.689498901367,-85.9741,21.9647,13.9123375035768,63,63,63,63,61,63,0,9004,1.9064526870154,22,-86,0.001869,51,2024-06-10 21:03:08.002257,922.099975585938,1.037,0.0011,"aoml_navis",1031.71463698649
"7901009",37,0,1,0.033642,1,0.011214,1,152.736668761041,1,4.84624966016508,924,1,5.83300018310547,34.9119987487793,0.0336420014500618,0,147.285400390625,-85.9741,21.9647,13.9123375035768,63,63,63,63,61,63,0,9004,1.9064526870154,22,-86,0.001869,51,2024-06-10 21:03:08.002257,924,1.037,0.0011,"aoml_navis",1031.72563334875
"7901009",37,0,1,0.026166,1,0.003738,1,153.288562233263,1,4.84619473985964,926,1,5.81500005722046,34.9119987487793,0.0261659994721413,0,147.817596435547,-85.9741,21.9647,13.9123375035768,63,63,63,63,61,63,0,9004,1.9064526870154,22,-86,0.001869,51,2024-06-10 21:03:08.002257,926,1.037,0.0011,"aoml_navis",1031.73732555056
"7901009",37,0,1,0.029904,1,0.007476,1,153.934099422688,1,4.84613569830588,928,1,5.79099988937378,34.9119987487793,0.0299040004611015,0,148.440093994141,-85.9741,21.9647,13.9123375035768,63,63,63,63,61,63,0,9004,1.9064526870154,22,-86,0.001869,51,2024-06-10 21:03:08.002257,928,1.037,0.0011,"aoml_navis",1031.74989543688
"7901009",37,99999,9,99999,9,99999,9,154.535884520516,1,4.84608149369413,930,1,5.77400016784668,34.9119987487793,99999,99999,149.020401000977,-85.9741,21.9647,13.9123375035768,63,63,63,63,61,63,0,9004,1.9064526870154,22,-86,0.001869,51,2024-06-10 21:03:08.002257,930,1.037,0.0011,"aoml_navis",1031.76143581286
"7901009",37,0,1,0.028035,1,0.005607,1,155.233797631527,1,4.84603217363336,931.900024414062,1,5.76100015640259,34.9119987487793,0.0280349999666214,0,149.693405151367,-85.9741,21.9647,13.9123375035768,63,63,63,63,61,63,0,9004,1.9064526870154,22,-86,0.001869,51,2024-06-10 21:03:08.002257,931.900024414062,1.037,0.0011,"aoml_navis",1031.77193647297
"7901009",37,0,1,0.028035,1,0.005607,1,155.839506967589,1,4.84598847719558,934,1,5.75699996948242,34.9109992980957,0.0280349999666214,0,150.277496337891,-85.9741,21.9647,13.9123375035768,63,63,63,63,61,63,0,9004,1.9064526870154,22,-86,0.001869,51,2024-06-10 21:03:08.002257,934,1.037,0.0011,"aoml_navis",1031.78123999452
"7901009",37,0,1,0.020559,1,-0.001869,1,156.64267827509,1,4.84593273534699,935.900024414062,1,5.73999977111816,34.9119987487793,0.020558999851346,0,151.052001953125,-85.9741,21.9647,13.9123375035768,63,63,63,63,61,63,0,9004,1.9064526870154,22,-86,0.001869,51,2024-06-10 21:03:08.002257,935.900024414062,1.037,0.0011,"aoml_navis",1031.79310837916
"7901009",37,99999,9,99999,9,99999,9,157.387666421362,1,4.84586363805918,937.900024414062,1,5.71199989318848,34.9140014648438,99999,99999,151.770401000977,-85.9741,21.9647,13.9123375035768,63,63,63,63,61,63,0,9004,1.9064526870154,22,-86,0.001869,51,2024-06-10 21:03:08.002257,937.900024414062,1.037,0.0011,"aoml_navis",1031.80782074226
"7901009",37,0,1,0.033642,1,0.011214,1,158.261347428738,1,4.84579632937323,940.099975585938,1,5.68200016021729,34.9140014648438,0.0336420014500618,0,152.612899780273,-85.9741,21.9647,13.9123375035768,63,63,63,63,61,63,0,9004,1.9064526870154,22,-86,0.001869,51,2024-06-10 21:03:08.002257,940.099975585938,1.037,0.0011,"aoml_navis",1031.82215267531
"7901009",37,0,1,0.022428,1,0,1,158.769995162684,1,4.84575272654569,942.099975585938,1,5.67500019073486,34.9129981994629,0.0224280003458261,0,153.103393554688,-85.9741,21.9647,13.9123375035768,63,63,63,63,61,63,0,9004,1.9064526870154,22,-86,0.001869,51,2024-06-10 21:03:08.002257,942.099975585938,1.037,0.0011,"aoml_navis",1031.83143716957
"7901009",37,0,1,0.028035,1,0.005607,1,159.14010779286,1,4.84569204638038,943.900024414062,1,5.65299987792969,34.9150009155273,0.0280349999666214,0,153.460296630859,-85.9741,21.9647,13.9123375035768,63,63,63,63,61,63,0,9004,1.9064526870154,22,-86,0.001869,51,2024-06-10 21:03:08.002257,943.900024414062,1.037,0.0011,"aoml_navis",1031.8443582759
"7901009",37,99999,9,99999,9,99999,9,159.621175094382,1,4.84564160678841,945.900024414062,1,5.63600015640259,34.9140014648438,99999,99999,153.924194335938,-85.9741,21.9647,13.9123375035768,63,63,63,63,61,63,0,9004,1.9064526870154,22,-86,0.001869,51,2024-06-10 21:03:08.002257,945.900024414062,1.037,0.0011,"aoml_navis",1031.85509902246
"7901009",37,0,1,0.031773,1,0.009345,1,160.149649725533,1,4.845588589423,947.900024414062,1,5.62599992752075,34.9150009155273,0.0317730009555817,0,154.433807373047,-85.9741,21.9647,13.9123375035768,63,63,63,63,61,63,0,9004,1.9064526870154,22,-86,0.001869,51,2024-06-10 21:03:08.002257,947.900024414062,1.037,0.0011,"aoml_navis",1031.86638892828
"7901009",37,0,1,0.033642,1,0.011214,1,160.687127951663,1,4.84551349487179,949.900024414062,1,5.58900022506714,34.9169998168945,0.0336420014500618,0,154.952102661133,-85.9741,21.9647,13.9123375035768,63,63,63,63,61,63,0,9004,1.9064526870154,22,-86,0.001869,51,2024-06-10 21:03:08.002257,949.900024414062,1.037,0.0011,"aoml_navis",1031.88238053443
"7901009",37,0,1,0.020559,1,-0.001869,1,161.142576939878,1,4.84546409101776,952,1,5.58199977874756,34.9169998168945,0.020558999851346,0,155.391296386719,-85.9741,21.9647,13.9123375035768,63,63,63,63,61,63,0,9004,1.9064526870154,22,-86,0.001869,51,2024-06-10 21:03:08.002257,952,1.037,0.0011,"aoml_navis",1031.89290150116
"7901009",37,99999,9,99999,9,99999,9,161.597408809983,1,4.8454063306986,954,1,5.56500005722046,34.9179992675781,99999,99999,155.829895019531,-85.9741,21.9647,13.9123375035768,63,63,63,63,61,63,0,9004,1.9064526870154,22,-86,0.001869,51,2024-06-10 21:03:08.002257,954,1.037,0.0011,"aoml_navis",1031.90520231956
"7901009",37,0,1,0.029904,1,0.007476,1,161.884257966026,1,4.84536041808819,956,1,5.55999994277954,34.9179992675781,0.0299040004611015,0,156.106506347656,-85.9741,21.9647,13.9123375035768,63,63,63,63,61,63,0,9004,1.9064526870154,22,-86,0.001869,51,2024-06-10 21:03:08.002257,956,1.037,0.0011,"aoml_navis",1031.91498022201
"7901009",37,0,1,0.026166,1,0.003738,1,162.298644864659,1,4.84531654740527,958,1,5.55800008773804,34.9179992675781,0.0261659994721413,0,156.506103515625,-85.9741,21.9647,13.9123375035768,63,63,63,63,61,63,0,9004,1.9064526870154,22,-86,0.001869,51,2024-06-10 21:03:08.002257,958,1.037,0.0011,"aoml_navis",1031.92432343302
"7901009",37,0,1,0.029904,1,0.007476,1,162.706702346787,1,4.84527412314373,959.900024414062,1,5.55499982833862,34.9179992675781,0.0299040004611015,0,156.899597167969,-85.9741,21.9647,13.9123375035768,63,63,63,63,61,63,0,9004,1.9064526870154,22,-86,0.001869,51,2024-06-10 21:03:08.002257,959.900024414062,1.037,0.0011,"aoml_navis",1031.93335875822
"7901009",37,99999,9,99999,9,99999,9,163.163512159551,1,4.84521057085369,962,1,5.53800010681152,34.9199981689453,99999,99999,157.340103149414,-85.9741,21.9647,13.9123375035768,63,63,63,63,61,63,0,9004,1.9064526870154,22,-86,0.001869,51,2024-06-10 21:03:08.002257,962,1.037,0.0011,"aoml_navis",1031.94689413035
"7901009",37,0,1,0.028035,1,0.005607,1,168.268297336255,1,4.84435639770342,994.799987792969,1,5.33839988708496,34.9259986877441,0.0280349999666214,0,162.2626953125,-85.9741,21.9647,13.9123375035768,63,63,63,63,61,63,0,9004,1.9064526870154,22,-86,0.001869,51,2024-06-10 21:03:08.002257,994.799987792969,1.037,0.0011,"aoml_navis",1032.12885046409
"7901009",37,0,1,0.031773,1,0.009345,1,175.766836188364,1,4.84321185833665,1043.69995117188,1,5.19750022888184,34.9290008544922,0.0317730009555817,0,169.493606567383,-85.9741,21.9647,13.9123375035768,63,63,63,63,61,63,0,9004,1.9064526870154,22,-86,0.001869,51,2024-06-10 21:03:08.002257,1043.69995117188,1.037,0.0011,"aoml_navis",1032.37276135122
"7901009",37,0,1,0.029904,1,0.007476,1,181.984744198857,1,4.84185131598992,1095.19995117188,1,4.87370014190674,34.943000793457,0.0299040004611015,0,175.489593505859,-85.9741,21.9647,13.9123375035768,63,63,63,63,61,63,0,9004,1.9064526870154,22,-86,0.001869,51,2024-06-10 21:03:08.002257,1095.19995117188,1.037,0.0011,"aoml_navis",1032.66285428629
"7901009",37,0,1,0.031773,1,0.009345,1,185.941151691834,1,4.84070754380097,1143.69995117188,1,4.72809982299805,34.9480018615723,0.0317730009555817,0,179.304794311523,-85.9741,21.9647,13.9123375035768,63,63,63,63,61,63,0,9004,1.9064526870154,22,-86,0.001869,51,2024-06-10 21:03:08.002257,1143.69995117188,1.037,0.0011,"aoml_navis",1032.90685395837
"7901009",37,0,1,0.024297,1,0.001869,1,192.189361783849,1,4.83950921238841,1194.80004882812,1,4.58160018920898,34.9529991149902,0.0242970008403063,0,185.330001831055,-85.9741,21.9647,13.9123375035768,63,63,63,63,61,63,0,9004,1.9064526870154,22,-86,0.001869,51,2024-06-10 21:03:08.002257,1194.80004882812,1.037,0.0011,"aoml_navis",1033.16261640762
"7901009",37,0,1,0.026166,1,0.003738,1,196.332851005196,1,4.83835252574404,1244.80004882812,1,4.46129989624023,34.9580001831055,0.0261659994721413,0,189.325607299805,-85.9741,21.9647,13.9123375035768,63,63,63,63,61,63,0,9004,1.9064526870154,22,-86,0.001869,51,2024-06-10 21:03:08.002257,1244.80004882812,1.037,0.0011,"aoml_navis",1033.40961068791
"7901009",37,0,1,0.033642,1,0.011214,1,198.636774436842,1,4.83722766939141,1295.59997558594,1,4.40250015258789,34.9609985351562,0.0336420014500618,0,191.547302246094,-85.9741,21.9647,13.9123375035768,63,63,63,63,61,63,0,9004,1.9064526870154,22,-86,0.001869,51,2024-06-10 21:03:08.002257,1295.59997558594,1.037,0.0011,"aoml_navis",1033.64992134618
"7901009",37,0,1,0.024297,1,0.001869,1,199.656981436327,1,4.83618850922616,1343.80004882812,1,4.37739992141724,34.9620018005371,0.0242970008403063,0,192.531097412109,-85.9741,21.9647,13.9123375035768,63,63,63,63,61,63,0,9004,1.9064526870154,22,-86,0.001869,51,2024-06-10 21:03:08.002257,1343.80004882812,1.037,0.0011,"aoml_navis",1033.87202348737
"7901009",37,0,1,0.028035,1,0.005607,1,200.357078196032,1,4.83512735292333,1393.5,1,4.3649001121521,34.9630012512207,0.0280349999666214,0,193.206207275391,-85.9741,21.9647,13.9123375035768,63,63,63,63,61,63,0,9004,1.9064526870154,22,-86,0.001869,51,2024-06-10 21:03:08.002257,1393.5,1.037,0.0011,"aoml_navis",1034.09892543513
"7901009",37,0,1,0.029904,1,0.007476,1,200.115136250098,1,4.83404871097041,1444.59997558594,1,4.36269998550415,34.9630012512207,0.0299040004611015,0,192.972900390625,-85.9741,21.9647,13.9123375035768,63,63,63,63,61,63,0,9004,1.9064526870154,22,-86,0.001869,51,2024-06-10 21:03:08.002257,1444.59997558594,1.037,0.0011,"aoml_navis",1034.32966834881
"7901009",38,0.0686248344325909,1,0.153258,1,0.13083,1,191.464338805768,1,4.88759979527701,2.20000004768372,1,29.1730003356934,36.306999206543,0.153257995843887,0.140174999833107,184.630798339844,-86.025,21.9528,57.9287693174058,63,63,63,63,61,63,0.13083,9004,1.9064526870154,22,-86,0.001869,51,2024-06-21 03:15:42.000343,2.20000004768372,1.037,0.0011,"aoml_navis",1022.99701477842
"7901009",38,0.0598016414341149,1,0.136437,1,0.114009,1,191.434986127653,1,4.88756270617511,4,1,29.1749992370605,36.3079986572266,0.136436998844147,0.123354002833366,184.602493286133,-86.025,21.9528,57.9287693174058,63,63,63,63,61,63,0.114009,9004,1.9064526870154,22,-86,0.001869,51,2024-06-21 03:15:42.000343,4,1.037,0.0011,"aoml_navis",1023.00477775617
"7901009",38,0.0598016414341149,1,0.136437,1,0.114009,1,191.424621704923,1,4.88752190753346,6,1,29.1749992370605,36.3079986572266,0.136436998844147,0.123354002833366,184.592498779297,-86.025,21.9528,57.9287693174058,63,63,63,63,61,63,0.114009,9004,1.9064526870154,22,-86,0.001869,51,2024-06-21 03:15:42.000343,6,1.037,0.0011,"aoml_navis",1023.01331729954
"7901009",38,0.0617623509893318,1,0.140175,1,0.117747,1,191.480099057736,1,4.88748631072598,8,1,29.1760005950928,36.306999206543,0.140174999833107,0.127092003822327,184.64599609375,-86.025,21.9528,57.9287693174058,63,63,63,63,61,63,0.117747,9004,1.9064526870154,22,-86,0.001869,51,2024-06-21 03:15:42.000343,8,1.037,0.0011,"aoml_navis",1023.02076816606
"7901009",38,0.0647034153221572,1,0.145782,1,0.123354,1,191.40036420867,1,4.88744229437702,10,1,29.173999786377,36.306999206543,0.145781993865967,0.132698997855186,184.569107055664,-86.025,21.9528,57.9287693174058,63,63,63,63,61,63,0.123354,9004,1.9064526870154,22,-86,0.001869,51,2024-06-21 03:15:42.000343,10,1.037,0.0011,"aoml_navis",1023.02998150024
"7901009",38,0.0598016414341149,1,0.136437,1,0.114009,1,191.43343542013,1,4.88740274811032,12,1,29.1770000457764,36.3079986572266,0.136436998844147,0.123354002833366,184.600997924805,-86.025,21.9528,57.9287693174058,63,63,63,63,61,63,0.114009,9004,1.9064526870154,22,-86,0.001869,51,2024-06-21 03:15:42.000343,12,1.037,0.0011,"aoml_navis",1023.03825931538
"7901009",38,0.0617623509893318,1,0.140175,1,0.117747,1,191.471285342529,1,4.88736195890314,14,1,29.1770000457764,36.3079986572266,0.140174999833107,0.127092003822327,184.637496948242,-86.025,21.9528,57.9287693174058,63,63,63,63,61,63,0.117747,9004,1.9064526870154,22,-86,0.001869,51,2024-06-21 03:15:42.000343,14,1.037,0.0011,"aoml_navis",1023.04679744288
"7901009",38,0.0607819962117234,1,0.138306,1,0.115878,1,191.450129261322,1,4.88732439484354,16,1,29.1790008544922,36.3079986572266,0.138306006789207,0.125222995877266,184.617095947266,-86.025,21.9528,57.9287693174058,63,63,63,63,61,63,0.115878,9004,1.9064526870154,22,-86,0.001869,51,2024-06-21 03:15:42.000343,16,1.037,0.0011,"aoml_navis",1023.05466059821
"7901009",38,0.0666641248773741,1,0.14952,1,0.127092,1,191.428672532738,1,4.887283610398,18,1,29.1790008544922,36.3079986572266,0.149519994854927,0.136436998844147,184.596405029297,-86.025,21.9528,57.9287693174058,63,63,63,63,61,63,0.127092,9004,1.9064526870154,22,-86,0.001869,51,2024-06-21 03:15:42.000343,18,1.037,0.0011,"aoml_navis",1023.06319800271
"7901009",38,0.0617623509893318,1,0.140175,1,0.117747,1,191.462265921221,1,4.88724282828723,20,1,29.1790008544922,36.3079986572266,0.140174999833107,0.127092003822327,184.628799438477,-86.025,21.9528,57.9287693174058,63,63,63,63,61,63,0.117747,9004,1.9064526870154,22,-86,0.001869,51,2024-06-21 03:15:42.000343,20,1.037,0.0011,"aoml_navis",1023.07173506095
"7901009",38,0.0637230605445487,1,0.143913,1,0.121485,1,191.452312910691,1,4.88720365857167,22,1,29.1800003051758,36.3079986572266,0.143913000822067,0.130830004811287,184.619201660156,-86.025,21.9528,57.9287693174058,63,63,63,63,61,63,0.121485,9004,1.9064526870154,22,-86,0.001869,51,2024-06-21 03:15:42.000343,22,1.037,0.0011,"aoml_navis",1023.07993472515
"7901009",38,0.0656837700997656,1,0.147651,1,0.125223,1,191.43240688963,1,4.88716449131748,24,1,29.1809997558594,36.3079986572266,0.147651001811028,0.134568005800247,184.600006103516,-86.025,21.9528,57.9287693174058,63,63,63,63,61,63,0.125223,9004,1.9064526870154,22,-86,0.001869,51,2024-06-21 03:15:42.000343,24,1.037,0.0011,"aoml_navis",1023.08813400551
"7901009",38,0.0637230605445487,1,0.143913,1,0.121485,1,191.412595809847,1,4.88712371630102,26,1,29.1809997558594,36.3079986572266,0.143913000822067,0.130830004811287,184.580902099609,-86.025,21.9528,57.9287693174058,63,63,63,63,61,63,0.121485,9004,1.9064526870154,22,-86,0.001869,51,2024-06-21 03:15:42.000343,26,1.037,0.0011,"aoml_navis",1023.09666999476
"7901009",38,0.0656837700997656,1,0.147651,1,0.125223,1,191.432913243107,1,4.88708455388748,28,1,29.181999206543,36.3079986572266,0.147651001811028,0.134568005800247,184.600494384766,-86.025,21.9528,57.9287693174058,63,63,63,63,61,63,0.125223,9004,1.9064526870154,22,-86,0.001869,51,2024-06-21 03:15:42.000343,28,1.037,0.0011,"aoml_navis",1023.10486852999
"7901009",38,0.0647034153221572,1,0.145782,1,0.123354,1,191.368827881187,1,4.88704539700781,30,1,29.1830005645752,36.3079986572266,0.145781993865967,0.132698997855186,184.538696289062,-86.025,21.9528,57.9287693174058,63,63,63,63,61,63,0.123354,9004,1.9064526870154,22,-86,0.001869,51,2024-06-21 03:15:42.000343,30,1.037,0.0011,"aoml_navis",1023.11306603809
"7901009",38,0.0627427057669403,1,0.142044,1,0.119616,1,191.381581659386,1,4.88700462908377,32,1,29.1830005645752,36.3079986572266,0.142043992877007,0.128960996866226,184.550994873047,-86.025,21.9528,57.9287693174058,63,63,63,63,61,63,0.119616,9004,1.9064526870154,22,-86,0.001869,51,2024-06-21 03:15:42.000343,32,1.037,0.0011,"aoml_navis",1023.12160095854
"7901009",38,0.0647034153221572,1,0.145782,1,0.123354,1,191.36893864601,1,4.8869654739703,34,1,29.1840000152588,36.3079986572266,0.145781993865967,0.132698997855186,184.538803100586,-86.025,21.9528,57.9287693174058,63,63,63,63,61,63,0.123354,9004,1.9064526870154,22,-86,0.001869,51,2024-06-21 03:15:42.000343,34,1.037,0.0011,"aoml_navis",1023.12979836501
"7901009",38,0.0637230605445487,1,0.143913,1,0.121485,1,191.274155604553,1,4.88692471075816,36,1,29.1840000152588,36.3079986572266,0.143913000822067,0.130830004811287,184.447402954102,-86.025,21.9528,57.9287693174058,63,63,63,63,61,63,0.121485,9004,1.9064526870154,22,-86,0.001869,51,2024-06-21 03:15:42.000343,36,1.037,0.0011,"aoml_navis",1023.13833257814
"7901009",38,0.0705855439878078,1,0.156996,1,0.134568,1,191.307654051759,1,4.88688394987883,38,1,29.1840000152588,36.3079986572266,0.156995996832848,0.143913000822067,184.479705810547,-86.025,21.9528,57.9287693174058,63,63,63,63,61,63,0.134568,9004,1.9064526870154,22,-86,0.001869,51,2024-06-21 03:15:42.000343,38,1.037,0.0011,"aoml_navis",1023.14686644523
"7901009",38,0.0705855439878078,1,0.156996,1,0.134568,1,191.288048678075,1,4.88683799564148,40,1,29.1830005645752,36.3089981079102,0.156995996832848,0.143913000822067,184.460800170898,-86.025,21.9528,57.9287693174058,63,63,63,63,61,63,0.134568,9004,1.9064526870154,22,-86,0.001869,51,2024-06-21 03:15:42.000343,40,1.037,0.0011,"aoml_navis",1023.15648778606
"7901009",38,0.0696051892101994,1,0.155127,1,0.132699,1,191.272810603129,1,4.88679885015229,42,1,29.1840000152588,36.3089981079102,0.155127003788948,0.142043992877007,184.446105957031,-86.025,21.9528,57.9287693174058,63,63,63,63,61,63,0.132699,9004,1.9064526870154,22,-86,0.001869,51,2024-06-21 03:15:42.000343,42,1.037,0.0011,"aoml_navis",1023.16468373651
"7901009",38,0.0705855439878078,1,0.156996,1,0.134568,1,191.267509715168,1,4.88675487192287,44,1,29.181999206543,36.3089981079102,0.156995996832848,0.143913000822067,184.440994262695,-86.025,21.9528,57.9287693174058,63,63,63,63,61,63,0.134568,9004,1.9064526870154,22,-86,0.001869,51,2024-06-21 03:15:42.000343,44,1.037,0.0011,"aoml_navis",1023.17389168174
"7901009",38,0.0705855439878078,1,0.156996,1,0.134568,1,191.219611840963,1,4.88671412038922,46,1,29.181999206543,36.3089981079102,0.156995996832848,0.143913000822067,184.394805908203,-86.025,21.9528,57.9287693174058,63,63,63,63,61,63,0.134568,9004,1.9064526870154,22,-86,0.001869,51,2024-06-21 03:15:42.000343,46,1.037,0.0011,"aoml_navis",1023.18242418522
"7901009",38,0.0715658987654162,1,0.158865,1,0.136437,1,191.231226323839,1,4.88667337118731,48,1,29.181999206543,36.3089981079102,0.158865004777908,0.145781993865967,184.406005859375,-86.025,21.9528,57.9287693174058,63,63,63,63,61,63,0.136437,9004,1.9064526870154,22,-86,0.001869,51,2024-06-21 03:15:42.000343,48,1.037,0.0011,"aoml_navis",1023.19095634279
"7901009",38,0.0715658987654162,1,0.158865,1,0.136437,1,191.208408770286,1,4.88662580457981,50,1,29.1800003051758,36.310001373291,0.158865004777908,0.145781993865967,184.384002685547,-86.025,21.9528,57.9287693174058,63,63,63,63,61,63,0.136437,9004,1.9064526870154,22,-86,0.001869,51,2024-06-21 03:15:42.000343,50,1.037,0.0011,"aoml_navis",1023.20091612375
"7901009",38,0.0735266083206331,1,0.162603,1,0.140175,1,191.189214808802,1,4.88658344930638,52,1,29.1790008544922,36.310001373291,0.162603005766869,0.149519994854927,184.365493774414,-86.025,21.9528,57.9287693174058,63,63,63,63,61,63,0.140175,9004,1.9064526870154,22,-86,0.001869,51,2024-06-21 03:15:42.000343,52,1.037,0.0011,"aoml_navis",1023.20978488758
"7901009",38,0.0735266083206331,1,0.162603,1,0.140175,1,191.150747768104,1,4.88653589817488,54,1,29.1770000457764,36.3110008239746,0.162603005766869,0.149519994854927,184.328399658203,-86.025,21.9528,57.9287693174058,63,63,63,63,61,63,0.140175,9004,1.9064526870154,22,-86,0.001869,51,2024-06-21 03:15:42.000343,54,1.037,0.0011,"aoml_navis",1023.21974179449
"7901009",38,0.0784283822086753,1,0.171948,1,0.14952,1,191.055031137423,1,4.88649193376998,56,1,29.1749992370605,36.3110008239746,0.171948000788689,0.158865004777908,184.236099243164,-86.025,21.9528,57.9287693174058,63,63,63,63,61,63,0.14952,9004,1.9064526870154,22,-86,0.001869,51,2024-06-21 03:15:42.000343,56,1.037,0.0011,"aoml_navis",1023.22894783589
"7901009",38,0.0911729943175851,1,0.196245,1,0.173817,1,191.210576596109,1,4.88638886031604,58.2999992370605,1,29.1490001678467,36.314998626709,0.19624499976635,0.183162003755569,184.386093139648,-86.025,21.9528,57.9287693174058,63,63,63,63,61,63,0.173817,9004,1.9064526870154,22,-86,0.001869,51,2024-06-21 03:15:42.000343,58.2999992370605,1.037,0.0011,"aoml_navis",1023.25053182047
"7901009",38,0.116662218535405,1,0.244839,1,0.222411,1,191.779179903577,1,4.88612180369824,59.7000007629395,1,29.0230007171631,36.3250007629395,0.244838997721672,0.231756001710892,184.93440246582,-86.025,21.9528,57.9287693174058,63,63,63,63,61,63,0.222411,9004,1.9064526870154,22,-86,0.001869,51,2024-06-21 03:15:42.000343,59.7000007629395,1.037,0.0011,"aoml_navis",1023.30645875745
"7901009",38,0.147053216641266,1,0.302778,1,0.28035,1,193.050142954147,1,4.88553175231849,61.9000015258789,1,28.7339992523193,36.3479995727539,0.302778005599976,0.289694994688034,186.160003662109,-86.025,21.9528,57.9287693174058,63,63,63,63,61,63,0.28035,9004,1.9064526870154,22,-86,0.001869,51,2024-06-21 03:15:42.000343,61.9000015258789,1.037,0.0011,"aoml_navis",1023.4300488636
"7901009",38,0.160778183527784,1,0.328944,1,0.306516,1,193.591149997124,1,4.88506579585431,63.9000015258789,1,28.511999130249,36.3680000305176,0.328943997621536,0.315860986709595,186.681701660156,-86.025,21.9528,57.9287693174058,63,63,63,63,61,63,0.306516,9004,1.9064526870154,22,-86,0.001869,51,2024-06-21 03:15:42.000343,63.9000015258789,1.037,0.0011,"aoml_navis",1023.52766757885
"7901009",38,0.17646385996952,1,0.358848,1,0.33642,1,193.151350355342,1,4.88461375486488,66,1,28.298999786377,36.3880004882812,0.358848005533218,0.345764994621277,186.257598876953,-86.025,21.9528,57.9287693174058,63,63,63,63,61,63,0.33642,9004,1.9064526870154,22,-86,0.001869,51,2024-06-21 03:15:42.000343,66,1.037,0.0011,"aoml_navis",1023.62238877541
"7901009",38,0.205874503297773,1,0.414918,1,0.39249,1,192.730633910222,1,4.88423924806875,68,1,28.117000579834,36.4010009765625,0.414918005466461,0.40183499455452,185.851898193359,-86.025,21.9528,57.9287693174058,63,63,63,63,61,63,0.39249,9004,1.9064526870154,22,-86,0.001869,51,2024-06-21 03:15:42.000343,68,1.037,0.0011,"aoml_navis",1023.70087664666
"7901009",38,0.220579824961899,1,0.442953,1,0.420525,1,192.241274921888,1,4.8840558642182,70,1,28.0559997558594,36.4140014648438,0.442952990531921,0.429870009422302,185.380004882812,-86.025,21.9528,57.9287693174058,63,63,63,63,61,63,0.420525,9004,1.9064526870154,22,-86,0.001869,51,2024-06-21 03:15:42.000343,70,1.037,0.0011,"aoml_navis",1023.73931400565
"7901009",38,0.237245856181243,1,0.474726,1,0.452298,1,191.944266960593,1,4.88390492162681,72,1,28.0109996795654,36.4249992370605,0.474725991487503,0.461643010377884,185.093597412109,-86.025,21.9528,57.9287693174058,63,63,63,63,61,63,0.452298,9004,1.9064526870154,22,-86,0.001869,51,2024-06-21 03:15:42.000343,72,1.037,0.0011,"aoml_navis",1023.77095382408
"7901009",38,0.277440402063189,1,0.551355,1,0.528927,1,191.539215826164,1,4.88378495482581,74.0999984741211,1,27.9869995117188,36.4360008239746,0.551355004310608,0.538272023200989,184.703002929688,-86.025,21.9528,57.9287693174058,63,63,63,63,61,63,0.528927,9004,1.9064526870154,22,-86,0.001869,51,2024-06-21 03:15:42.000343,74.0999984741211,1.037,0.0011,"aoml_navis",1023.79610204978
"7901009",38,0.3019492715034,1,0.59808,1,0.575652,1,191.130841747043,1,4.88367450208057,75.9000015258789,1,27.9559993743896,36.443000793457,0.598079979419708,0.584996998310089,184.309204101562,-86.025,21.9528,57.9287693174058,63,63,63,63,61,63,0.575652,9004,1.9064526870154,22,-86,0.001869,51,2024-06-21 03:15:42.000343,75.9000015258789,1.037,0.0011,"aoml_navis",1023.81925696929
"7901009",38,0.336261688719696,1,0.663495,1,0.641067,1,190.379935364344,1,4.8835382565732,78,1,27.9169998168945,36.4519996643066,0.663495004177094,0.650412023067474,183.585098266602,-86.025,21.9528,57.9287693174058,63,63,63,63,61,63,0.641067,9004,1.9064526870154,22,-86,0.001869,51,2024-06-21 03:15:42.000343,78,1.037,0.0011,"aoml_navis",1023.8478204343
"7901009",38,0.370574105935991,1,0.72891,1,0.706482,1,189.753370407317,1,4.88332998077584,80,1,27.8490009307861,36.4690017700195,0.728910028934479,0.715826988220215,182.980895996094,-86.025,21.9528,57.9287693174058,63,63,63,63,61,63,0.706482,9004,1.9064526870154,22,-86,0.001869,51,2024-06-21 03:15:42.000343,80,1.037,0.0011,"aoml_navis",1023.89148791572
"7901009",38,0.382338363267292,1,0.751338,1,0.72891,1,188.964835631866,1,4.88321560149563,82,1,27.818000793457,36.476001739502,0.751338005065918,0.738255023956299,182.220504760742,-86.025,21.9528,57.9287693174058,63,63,63,63,61,63,0.72891,9004,1.9064526870154,22,-86,0.001869,51,2024-06-21 03:15:42.000343,82,1.037,0.0011,"aoml_navis",1023.91547046758
"7901009",38,0.395082975376202,1,0.775635,1,0.753207,1,187.298552927752,1,4.88302457538286,84,1,27.753999710083,36.4900016784668,0.775635004043579,0.76255202293396,180.613693237305,-86.025,21.9528,57.9287693174058,63,63,63,63,61,63,0.753207,9004,1.9064526870154,22,-86,0.001869,51,2024-06-21 03:15:42.000343,84,1.037,0.0011,"aoml_navis",1023.95552650029
"7901009",38,0.371554460713599,1,0.730779,1,0.708351,1,185.338300383204,1,4.88241020213235,86,1,27.5240001678467,36.5499992370605,0.730778992176056,0.717696011066437,178.723403930664,-86.025,21.9528,57.9287693174058,63,63,63,63,61,63,0.708351,9004,1.9064526870154,22,-86,0.001869,51,2024-06-21 03:15:42.000343,86,1.037,0.0011,"aoml_navis",1024.08437492947
"7901009",38,0.309792109724268,1,0.613032,1,0.590604,1,184.260637772442,1,4.88206112261591,88,1,27.3969993591309,36.5810012817383,0.613031983375549,0.59994900226593,177.684204101562,-86.025,21.9528,57.9287693174058,63,63,63,63,61,63,0.590604,9004,1.9064526870154,22,-86,0.001869,51,2024-06-21 03:15:42.000343,88,1.037,0.0011,"aoml_navis",1024.15759951012
"7901009",38,0.271558273397538,1,0.540141,1,0.517713,1,183.665799025452,1,4.88189102054519,90,1,27.3320007324219,36.5890007019043,0.540140986442566,0.527058005332947,177.110595703125,-86.025,21.9528,57.9287693174058,63,63,63,63,61,63,0.517713,9004,1.9064526870154,22,-86,0.001869,51,2024-06-21 03:15:42.000343,90,1.037,0.0011,"aoml_navis",1024.19328472466
"7901009",38,0.254892242178195,1,0.508368,1,0.48594,1,183.262615069469,1,4.8817977398164,92,1,27.3050003051758,36.5919990539551,0.508368015289307,0.495285004377365,176.721801757812,-86.025,21.9528,57.9287693174058,63,63,63,63,61,63,0.48594,9004,1.9064526870154,22,-86,0.001869,51,2024-06-21 03:15:42.000343,92,1.037,0.0011,"aoml_navis",1024.21285487097
"7901009",38,0.233324437070809,1,0.46725,1,0.444822,1,182.798447166612,1,4.88167517060958,94,1,27.2660007476807,36.5979995727539,0.467249989509583,0.454167008399963,176.274200439453,-86.025,21.9528,57.9287693174058,63,63,63,63,61,63,0.444822,9004,1.9064526870154,22,-86,0.001869,51,2024-06-21 03:15:42.000343,94,1.037,0.0011,"aoml_navis",1024.2385708297
"7901009",38,0.205874503297773,1,0.414918,1,0.39249,1,181.903815514203,1,4.88149357937116,96,1,27.2049999237061,36.6110000610352,0.414918005466461,0.40183499455452,175.411499023438,-86.025,21.9528,57.9287693174058,63,63,63,63,61,63,0.39249,9004,1.9064526870154,22,-86,0.001869,51,2024-06-21 03:15:42.000343,96,1.037,0.0011,"aoml_navis",1024.27667243682
"7901009",38,0.165679957415827,1,0.338289,1,0.315861,1,180.984198482419,1,4.8810910413763,98,1,27.0610008239746,36.6500015258789,0.338288992643356,0.325206011533737,174.524703979492,-86.025,21.9528,57.9287693174058,63,63,63,63,61,63,0.315861,9004,1.9064526870154,22,-86,0.001869,51,2024-06-21 03:15:42.000343,98,1.037,0.0011,"aoml_navis",1024.36114336236
"7901009",38,0.158817473972568,4,0.325206,1,0.302778,1,180.529255706969,1,4.88091042865675,100,1,26.9909992218018,36.6590003967285,0.325206011533737,0.312123000621796,174.085998535156,-86.025,21.9528,57.9287693174058,63,63,63,63,61,63,0.302778,9004,1.9064526870154,22,-86,0.001869,51,2024-06-21 03:15:42.000343,100,1.037,0.0011,"aoml_navis",1024.39904871928
"7901009",38,0.161758538305393,1,0.330813,1,0.308385,1,180.077841582311,1,4.88084459222691,102,1,26.9769992828369,36.6599998474121,0.330812990665436,0.317730009555817,173.650695800781,-86.025,21.9528,57.9287693174058,63,63,63,63,61,63,0.308385,9004,1.9064526870154,22,-86,0.001869,51,2024-06-21 03:15:42.000343,102,1.037,0.0011,"aoml_navis",1024.4128665688
"7901009",38,0.151954990529308,1,0.312123,1,0.289695,1,179.515377810751,1,4.88064776728679,104,1,26.9080009460449,36.673999786377,0.312123000621796,0.299039989709854,173.108306884766,-86.025,21.9528,57.9287693174058,63,63,63,63,61,63,0.289695,9004,1.9064526870154,22,-86,0.001869,51,2024-06-21 03:15:42.000343,104,1.037,0.0011,"aoml_navis",1024.45417870824
"7901009",38,0.149994280974092,1,0.308385,1,0.285957,1,179.081686057784,1,4.88050731530515,106,1,26.8640003204346,36.6829986572266,0.308385014533997,0.295302003622055,172.690093994141,-86.025,21.9528,57.9287693174058,63,63,63,63,61,63,0.285957,9004,1.9064526870154,22,-86,0.001869,51,2024-06-21 03:15:42.000343,106,1.037,0.0011,"aoml_navis",1024.48366060637
"7901009",38,0.1509746357517,1,0.310254,1,0.287826,1,178.376414782191,1,4.88046402354109,108,1,26.8600006103516,36.681999206543,0.310254007577896,0.297170996665955,172.009994506836,-86.025,21.9528,57.9287693174058,63,63,63,63,61,63,0.287826,9004,1.9064526870154,22,-86,0.001869,51,2024-06-21 03:15:42.000343,108,1.037,0.0011,"aoml_navis",1024.49274820638
"7901009",38,0.134308604532357,1,0.278481,1,0.256053,1,177.58849712504,1,4.88018834283547,110,1,26.757999420166,36.7039985656738,0.278481006622314,0.265397995710373,171.250198364258,-86.025,21.9528,57.9287693174058,63,63,63,63,61,63,0.256053,9004,1.9064526870154,22,-86,0.001869,51,2024-06-21 03:15:42.000343,110,1.037,0.0011,"aoml_navis",1024.5506215637
"7901009",38,0.129406830644314,1,0.269136,1,0.246708,1,176.01503534266,1,4.87997417653887,112,1,26.681999206543,36.7200012207031,0.269136011600494,0.256053000688553,169.732894897461,-86.025,21.9528,57.9287693174058,63,63,63,63,61,63,0.246708,9004,1.9064526870154,22,-86,0.001869,51,2024-06-21 03:15:42.000343,112,1.037,0.0011,"aoml_navis",1024.59558577957
"7901009",38,0.129406830644314,1,0.269136,1,0.246708,1,174.846846224356,1,4.87937278845644,114,1,26.4360008239746,36.7719993591309,0.269136011600494,0.256053000688553,168.606399536133,-86.025,21.9528,57.9287693174058,63,63,63,63,61,63,0.246708,9004,1.9064526870154,22,-86,0.001869,51,2024-06-21 03:15:42.000343,114,1.037,0.0011,"aoml_navis",1024.72186831655
"7901009",38,0.117642573313013,4,0.246708,1,0.22428,1,173.446573154623,1,4.87911201886631,116,1,26.3309993743896,36.7890014648438,0.246708005666733,0.233624994754791,167.256103515625,-86.025,21.9528,57.9287693174058,63,63,63,63,61,63,0.22428,9004,1.9064526870154,22,-86,0.001869,51,2024-06-21 03:15:42.000343,116,1.037,0.0011,"aoml_navis",1024.77663572106
"7901009",38,0.129406830644314,1,0.269136,1,0.246708,1,172.615409745835,1,4.87854446651883,118,1,26.0839996337891,36.8320007324219,0.269136011600494,0.256053000688553,166.454605102539,-86.025,21.9528,57.9287693174058,63,63,63,63,61,63,0.246708,9004,1.9064526870154,22,-86,0.001869,51,2024-06-21 03:15:42.000343,118,1.037,0.0011,"aoml_navis",1024.89585455554
"7901009",38,0.137249668865182,1,0.284088,1,0.26166,1,172.26447513925,1,4.87832127334828,120,1,25.996000289917,36.8460006713867,0.284087985754013,0.271005004644394,166.116195678711,-86.025,21.9528,57.9287693174058,63,63,63,63,61,63,0.26166,9004,1.9064526870154,22,-86,0.001869,51,2024-06-21 03:15:42.000343,120,1.037,0.0011,"aoml_navis",1024.94274563598
"7901009",38,0.145092507086049,1,0.29904,1,0.276612,1,171.650980431345,1,4.8781956773398,122,1,25.9489994049072,36.8499984741211,0.299039989709854,0.285957008600235,165.524597167969,-86.025,21.9528,57.9287693174058,63,63,63,63,61,63,0.276612,9004,1.9064526870154,22,-86,0.001869,51,2024-06-21 03:15:42.000343,122,1.037,0.0011,"aoml_navis",1024.96913422846
"7901009",38,0.142151442753224,1,0.293433,1,0.271005,1,170.589394543475,1,4.87808181849879,124,1,25.9050006866455,36.8520011901855,0.293433010578156,0.280349999666214,164.500900268555,-86.025,21.9528,57.9287693174058,63,63,63,63,61,63,0.271005,9004,1.9064526870154,22,-86,0.001869,51,2024-06-21 03:15:42.000343,124,1.037,0.0011,"aoml_navis",1024.99305793496
"7901009",38,0.129406830644314,1,0.269136,1,0.246708,1,169.594694785194,1,4.8777280143826,126,1,25.757999420166,36.8779983520508,0.269136011600494,0.256053000688553,163.541702270508,-86.025,21.9528,57.9287693174058,63,63,63,63,61,63,0.246708,9004,1.9064526870154,22,-86,0.001869,51,2024-06-21 03:15:42.000343,126,1.037,0.0011,"aoml_navis",1025.06740541024
"7901009",38,0.121563992423447,1,0.254184,1,0.231756,1,167.402453230494,1,4.87751931364342,128,1,25.6669998168945,36.8870010375977,0.254184007644653,0.241100996732712,161.427703857422,-86.025,21.9528,57.9287693174058,63,63,63,63,61,63,0.231756,9004,1.9064526870154,22,-86,0.001869,51,2024-06-21 03:15:42.000343,128,1.037,0.0011,"aoml_navis",1025.1112662976
"7901009",38,0.0960747682056273,1,0.20559,1,0.183162,1,164.559072751592,1,4.87697066199203,130,1,25.3899993896484,36.9140014648438,0.20558999478817,0.19250699877739,158.685806274414,-86.025,21.9528,57.9287693174058,63,63,63,63,61,63,0.183162,9004,1.9064526870154,22,-86,0.001869,51,2024-06-21 03:15:42.000343,130,1.037,0.0011,"aoml_navis",1025.22658972849
"7901009",38,0.0715658987654162,4,0.158865,1,0.136437,1,163.569135880703,1,4.87620293116036,132,1,24.996000289917,36.9550018310547,0.158865004777908,0.145781993865967,157.731201171875,-86.025,21.9528,57.9287693174058,63,63,63,63,61,63,0.136437,9004,1.9064526870154,22,-86,0.001869,51,2024-06-21 03:15:42.000343,132,1.037,0.0011,"aoml_navis",1025.38800591102
"7901009",38,0.0696051892101994,1,0.155127,1,0.132699,1,163.448734518023,1,4.87606144502424,134,1,24.9370002746582,36.9589996337891,0.155127003788948,0.142043992877007,157.615097045898,-86.025,21.9528,57.9287693174058,63,63,63,63,61,63,0.132699,9004,1.9064526870154,22,-86,0.001869,51,2024-06-21 03:15:42.000343,134,1.037,0.0011,"aoml_navis",1025.4177590609
"7901009",38,0.0745069630982416,1,0.164472,1,0.142044,1,163.354062241389,1,4.87600017141347,136,1,24.9230003356934,36.9589996337891,0.164471998810768,0.151389002799988,157.523803710938,-86.025,21.9528,57.9287693174058,63,63,63,63,61,63,0.142044,9004,1.9064526870154,22,-86,0.001869,51,2024-06-21 03:15:42.000343,136,1.037,0.0011,"aoml_navis",1025.43064483744
"7901009",38,0.0696051892101994,1,0.155127,1,0.132699,1,163.143340077267,1,4.87594767158274,138,1,24.9150009155273,36.9589996337891,0.155127003788948,0.142043992877007,157.320602416992,-86.025,21.9528,57.9287693174058,63,63,63,63,61,63,0.132699,9004,1.9064526870154,22,-86,0.001869,51,2024-06-21 03:15:42.000343,138,1.037,0.0011,"aoml_navis",1025.4416857548
"7901009",38,0.0715658987654162,1,0.158865,1,0.136437,1,162.93708015316,1,4.87588494827684,140,1,24.8999996185303,36.9589996337891,0.158865004777908,0.145781993865967,157.121704101562,-86.025,21.9528,57.9287693174058,63,63,63,63,61,63,0.136437,9004,1.9064526870154,22,-86,0.001869,51,2024-06-21 03:15:42.000343,140,1.037,0.0011,"aoml_navis",1025.45487702023
"7901009",38,0.0715658987654162,1,0.158865,1,0.136437,1,162.587807018921,1,4.87582077727934,142,1,24.8840007781982,36.9589996337891,0.158865004777908,0.145781993865967,156.784896850586,-86.025,21.9528,57.9287693174058,63,63,63,63,61,63,0.136437,9004,1.9064526870154,22,-86,0.001869,51,2024-06-21 03:15:42.000343,142,1.037,0.0011,"aoml_navis",1025.46837309922
"7901009",38,0.0705855439878078,1,0.156996,1,0.134568,1,162.094302261496,1,4.87571586940735,144,1,24.8449993133545,36.9609985351562,0.156995996832848,0.143913000822067,156.309005737305,-86.025,21.9528,57.9287693174058,63,63,63,63,61,63,0.134568,9004,1.9064526870154,22,-86,0.001869,51,2024-06-21 03:15:42.000343,144,1.037,0.0011,"aoml_navis",1025.49043749093
"7901009",38,0.0666641248773741,1,0.14952,1,0.127092,1,161.794493532532,1,4.87558701402626,146,1,24.7919998168945,36.9640007019043,0.149519994854927,0.136436998844147,156.019897460938,-86.025,21.9528,57.9287693174058,63,63,63,63,61,63,0.127092,9004,1.9064526870154,22,-86,0.001869,51,2024-06-21 03:15:42.000343,146,1.037,0.0011,"aoml_navis",1025.5175398605
"7901009",38,0.0656837700997656,1,0.147651,1,0.125223,1,161.635514364331,1,4.87546554482139,148,1,24.7439994812012,36.9669990539551,0.147651001811028,0.134568005800247,155.866592407227,-86.025,21.9528,57.9287693174058,63,63,63,63,61,63,0.125223,9004,1.9064526870154,22,-86,0.001869,51,2024-06-21 03:15:42.000343,148,1.037,0.0011,"aoml_navis",1025.54308999494
"7901009",38,0.0676444796549825,1,0.151389,1,0.128961,1,161.34350664362,1,4.8754058256104,150,1,24.7310009002686,36.9669990539551,0.151389002799988,0.138306006789207,155.585006713867,-86.025,21.9528,57.9287693174058,63,63,63,63,61,63,0.128961,9004,1.9064526870154,22,-86,0.001869,51,2024-06-21 03:15:42.000343,150,1.037,0.0011,"aoml_navis",1025.55565194904
"7901009",38,0.0676444796549825,1,0.151389,1,0.128961,1,161.000040750819,1,4.87533454849914,152,1,24.7150001525879,36.9690017700195,0.151389002799988,0.138306006789207,155.253799438477,-86.025,21.9528,57.9287693174058,63,63,63,63,61,63,0.128961,9004,1.9064526870154,22,-86,0.001869,51,2024-06-21 03:15:42.000343,152,1.037,0.0011,"aoml_navis",1025.5706455138
"7901009",38,0.0627427057669403,1,0.142044,1,0.119616,1,160.678158174971,1,4.8752241415508,154,1,24.6770000457764,36.9729995727539,0.142043992877007,0.128960996866226,154.943405151367,-86.025,21.9528,57.9287693174058,63,63,63,63,61,63,0.119616,9004,1.9064526870154,22,-86,0.001869,51,2024-06-21 03:15:42.000343,154,1.037,0.0011,"aoml_navis",1025.5938711383
"7901009",38,0.0578409318788981,1,0.132699,1,0.110271,1,160.3697414369,1,4.87510936200031,156,1,24.6310005187988,36.9749984741211,0.132698997855186,0.119616001844406,154.64599609375,-86.025,21.9528,57.9287693174058,63,63,63,63,61,63,0.110271,9004,1.9064526870154,22,-86,0.001869,51,2024-06-21 03:15:42.000343,156,1.037,0.0011,"aoml_navis",1025.61801771529
"7901009",38,0.0578409318788981,1,0.132699,1,0.110271,1,160.294152356926,1,4.87499539654864,158,1,24.5879993438721,36.9780006408691,0.132698997855186,0.119616001844406,154.573104858398,-86.025,21.9528,57.9287693174058,63,63,63,63,61,63,0.110271,9004,1.9064526870154,22,-86,0.001869,51,2024-06-21 03:15:42.000343,158,1.037,0.0011,"aoml_navis",1025.64199415242
"7901009",38,0.0568605771012896,1,0.13083,1,0.108402,1,160.193451309207,1,4.8749487924028,160,1,24.5839996337891,36.9780006408691,0.130830004811287,0.117747001349926,154.475997924805,-86.025,21.9528,57.9287693174058,63,63,63,63,61,63,0.108402,9004,1.9064526870154,22,-86,0.001869,51,2024-06-21 03:15:42.000343,160,1.037,0.0011,"aoml_navis",1025.65179921317
"7901009",38,0.0627427057669403,1,0.142044,1,0.119616,1,160.011243175254,1,4.87489135254566,162,1,24.5750007629395,36.9790000915527,0.142043992877007,0.128960996866226,154.30029296875,-86.025,21.9528,57.9287693174058,63,63,63,63,61,63,0.119616,9004,1.9064526870154,22,-86,0.001869,51,2024-06-21 03:15:42.000343,162,1.037,0.0011,"aoml_navis",1025.66388426052
"7901009",38,0.0598016414341149,1,0.136437,1,0.114009,1,159.824177212631,1,4.87482956713328,164,1,24.5629997253418,36.9799995422363,0.136436998844147,0.123354002833366,154.119903564453,-86.025,21.9528,57.9287693174058,63,63,63,63,61,63,0.114009,9004,1.9064526870154,22,-86,0.001869,51,2024-06-21 03:15:42.000343,164,1.037,0.0011,"aoml_navis",1025.67688390803
"7901009",38,0.0627427057669403,1,0.142044,1,0.119616,1,159.645592670746,1,4.87477358442358,166,1,24.5550003051758,36.9809989929199,0.142043992877007,0.128960996866226,153.947692871094,-86.025,21.9528,57.9287693174058,63,63,63,63,61,63,0.119616,9004,1.9064526870154,22,-86,0.001869,51,2024-06-21 03:15:42.000343,166,1.037,0.0011,"aoml_navis",1025.68866295176
"7901009",38,0.0588212866565065,1,0.134568,1,0.11214,1,159.399520704518,1,4.8746893816247,168,1,24.5300006866455,36.9830017089844,0.134568005800247,0.121485002338886,153.710403442383,-86.025,21.9528,57.9287693174058,63,63,63,63,61,63,0.11214,9004,1.9064526870154,22,-86,0.001869,51,2024-06-21 03:15:42.000343,168,1.037,0.0011,"aoml_navis",1025.70638015371
"7901009",38,0.0548998675460727,4,0.127092,1,0.104664,1,159.162040923851,1,4.87461249816439,170,1,24.5149993896484,36.9869995117188,0.127092003822327,0.114009000360966,153.481399536133,-86.025,21.9528,57.9287693174058,63,63,63,63,61,63,0.104664,9004,1.9064526870154,22,-86,0.001869,51,2024-06-21 03:15:42.000343,170,1.037,0.0011,"aoml_navis",1025.7225578203
"7901009",38,0.0568605771012896,1,0.13083,1,0.108402,1,158.989279446951,1,4.87455294007811,172,1,24.5069999694824,36.9889984130859,0.130830004811287,0.117747001349926,153.314804077148,-86.025,21.9528,57.9287693174058,63,63,63,63,61,63,0.108402,9004,1.9064526870154,22,-86,0.001869,51,2024-06-21 03:15:42.000343,172,1.037,0.0011,"aoml_navis",1025.73509026653
"7901009",38,0.0637230605445487,1,0.143913,1,0.121485,1,158.713111095939,1,4.87448409712023,174.100006103516,1,24.4939994812012,36.9910011291504,0.143913000822067,0.130830004811287,153.048492431641,-86.025,21.9528,57.9287693174058,63,63,63,63,61,63,0.121485,9004,1.9064526870154,22,-86,0.001869,51,2024-06-21 03:15:42.000343,174.100006103516,1.037,0.0011,"aoml_navis",1025.74957685346
"7901009",38,0.0637230605445487,1,0.143913,1,0.121485,1,158.377952564869,1,4.87440923456383,176,1,24.4740009307861,36.9930000305176,0.143913000822067,0.130830004811287,152.725296020508,-86.025,21.9528,57.9287693174058,63,63,63,63,61,63,0.121485,9004,1.9064526870154,22,-86,0.001869,51,2024-06-21 03:15:42.000343,176,1.037,0.0011,"aoml_navis",1025.76533060573
"7901009",38,0.0656837700997656,1,0.147651,1,0.125223,1,157.710024858197,1,4.87431425899441,178,1,24.4389991760254,36.9939994812012,0.147651001811028,0.134568005800247,152.081207275391,-86.025,21.9528,57.9287693174058,63,63,63,63,61,63,0.125223,9004,1.9064526870154,22,-86,0.001869,51,2024-06-21 03:15:42.000343,178,1.037,0.0011,"aoml_navis",1025.78531754978
"7901009",38,0.0627427057669403,1,0.142044,1,0.119616,1,156.079519191935,1,4.87418613985681,180,1,24.3810005187988,36.9949989318848,0.142043992877007,0.128960996866226,150.508895874023,-86.025,21.9528,57.9287693174058,63,63,63,63,61,63,0.119616,9004,1.9064526870154,22,-86,0.001869,51,2024-06-21 03:15:42.000343,180,1.037,0.0011,"aoml_navis",1025.81228055991
"7901009",38,0.0578409318788981,1,0.132699,1,0.110271,1,154.48004349968,1,4.87374632986784,182,1,24.121000289917,37.0019989013672,0.132698997855186,0.119616001844406,148.966506958008,-86.025,21.9528,57.9287693174058,63,63,63,63,61,63,0.110271,9004,1.9064526870154,22,-86,0.001869,51,2024-06-21 03:15:42.000343,182,1.037,0.0011,"aoml_navis",1025.90485051683
"7901009",38,0.050978448435639,1,0.119616,1,0.097188,1,152.578876076468,1,4.87338238793551,184,1,23.9099998474121,37.007999420166,0.119616001844406,0.106532998383045,147.133193969727,-86.025,21.9528,57.9287693174058,63,63,63,63,61,63,0.097188,9004,1.9064526870154,22,-86,0.001869,51,2024-06-21 03:15:42.000343,184,1.037,0.0011,"aoml_navis",1025.98146461438
"7901009",38,0.0460766745475968,1,0.110271,1,0.087843,1,152.052284284037,1,4.87284422000886,186,1,23.5900001525879,37.0200004577637,0.110270999372005,0.0971880033612251,146.625396728516,-86.025,21.9528,57.9287693174058,63,63,63,63,61,63,0.087843,9004,1.9064526870154,22,-86,0.001869,51,2024-06-21 03:15:42.000343,186,1.037,0.0011,"aoml_navis",1026.09477632571
"7901009",38,0.0460766745475968,1,0.110271,1,0.087843,1,151.516467364198,1,4.87263200287952,188,1,23.4659996032715,37.0190010070801,0.110270999372005,0.0971880033612251,146.108703613281,-86.025,21.9528,57.9287693174058,63,63,63,63,61,63,0.087843,9004,1.9064526870154,22,-86,0.001869,51,2024-06-21 03:15:42.000343,188,1.037,0.0011,"aoml_navis",1026.13946570256
"7901009",38,0.0441159649923799,1,0.106533,1,0.084105,1,150.789628595198,1,4.87249140188378,190,1,23.3899993896484,37.0169982910156,0.106532998383045,0.0934500023722649,145.407806396484,-86.025,21.9528,57.9287693174058,63,63,63,63,61,63,0.084105,9004,1.9064526870154,22,-86,0.001869,51,2024-06-21 03:15:42.000343,190,1.037,0.0011,"aoml_navis",1026.16907606382
"7901009",38,0.0470570293252052,1,0.11214,1,0.089712,1,149.105924166769,1,4.8724046838937,192,1,23.3419990539551,37.0110015869141,0.112139999866486,0.0990569964051247,143.784194946289,-86.025,21.9528,57.9287693174058,63,63,63,63,61,63,0.089712,9004,1.9064526870154,22,-86,0.001869,51,2024-06-21 03:15:42.000343,192,1.037,0.0011,"aoml_navis",1026.18733959601
"7901009",38,0.0499980936580305,1,0.117747,1,0.095319,1,147.817650156708,1,4.87199907903561,194,1,23.0400009155273,36.9949989318848,0.117747001349926,0.104663997888565,142.541900634766,-86.025,21.9528,57.9287693174058,63,63,63,63,61,63,0.095319,9004,1.9064526870154,22,-86,0.001869,51,2024-06-21 03:15:42.000343,194,1.037,0.0011,"aoml_navis",1026.27277199521
"7901009",38,0.0470570293252052,1,0.11214,1,0.089712,1,147.191496611881,1,4.87159464683354,196,1,22.7520008087158,36.9850006103516,0.112139999866486,0.0990569964051247,141.938095092773,-86.025,21.9528,57.9287693174058,63,63,63,63,61,63,0.089712,9004,1.9064526870154,22,-86,0.001869,51,2024-06-21 03:15:42.000343,196,1.037,0.0011,"aoml_navis",1026.35797156274
"7901009",38,0.042155255437163,1,0.102795,1,0.080367,1,146.872936980725,1,4.8712755305848,198,1,22.5370006561279,36.9799995422363,0.102794997394085,0.0897120013833046,141.630905151367,-86.025,21.9528,57.9287693174058,63,63,63,63,61,63,0.080367,9004,1.9064526870154,22,-86,0.001869,51,2024-06-21 03:15:42.000343,198,1.037,0.0011,"aoml_navis",1026.42520806039
"7901009",38,0.0362731267715123,1,0.091581,1,0.069153,1,145.903539072743,1,4.87119033362998,200,1,22.4890003204346,36.9739990234375,0.0915810018777847,0.0784979984164238,140.696105957031,-86.025,21.9528,57.9287693174058,63,63,63,63,61,63,0.069153,9004,1.9064526870154,22,-86,0.001869,51,2024-06-21 03:15:42.000343,200,1.037,0.0011,"aoml_navis",1026.4431602027
"7901009",38,0.0264695789954279,1,0.072891,1,0.050463,1,146.385334406015,1,4.87057495868339,202,1,21.988000869751,36.9440002441406,0.0728909969329834,0.0598080009222031,141.160705566406,-86.025,21.9528,57.9287693174058,63,63,63,63,61,63,0.050463,9004,1.9064526870154,22,-86,0.001869,51,2024-06-21 03:15:42.000343,202,1.037,0.0011,"aoml_navis",1026.5728466176
"7901009",38,0.0205874503297773,1,0.061677,1,0.039249,1,148.044449043722,1,4.87024452139377,204,1,21.7169990539551,36.9230003356934,0.0616770014166832,0.0485940016806126,142.760604858398,-86.025,21.9528,57.9287693174058,63,63,63,63,61,63,0.039249,9004,1.9064526870154,22,-86,0.001869,51,2024-06-21 03:15:42.000343,204,1.037,0.0011,"aoml_navis",1026.64249773009
"7901009",38,0.00392141911043377,1,0.029904,1,0.007476,1,149.579111490934,1,4.86979495992994,206,1,21.3950004577637,36.9169998168945,0.0299040004611015,0.0168210007250309,144.240493774414,-86.025,21.9528,57.9287693174058,63,63,63,63,61,63,0.007476,9004,1.9064526870154,22,-86,0.001869,51,2024-06-21 03:15:42.000343,206,1.037,0.0011,"aoml_navis",1026.7372735693
"7901009",38,0.00196070955521688,1,0.026166,1,0.003738,1,148.977342030729,1,4.86972167352818,208,1,21.3490009307861,36.9090003967285,0.0261659994721413,0.0130829997360706,143.660202026367,-86.025,21.9528,57.9287693174058,63,63,63,63,61,63,0.003738,9004,1.9064526870154,22,-86,0.001869,51,2024-06-21 03:15:42.000343,208,1.037,0.0011,"aoml_navis",1026.75272535184
"7901009",38,0.00196070955521688,1,0.026166,1,0.003738,1,148.545738985855,1,4.86945425429355,210,1,21.1180000305176,36.8870010375977,0.0261659994721413,0.0130829997360706,143.244003295898,-86.025,21.9528,57.9287693174058,63,63,63,63,61,63,0.003738,9004,1.9064526870154,22,-86,0.001869,51,2024-06-21 03:15:42.000343,210,1.037,0.0011,"aoml_navis",1026.80911225141
"7901009",38,0.00196070955521688,1,0.026166,1,0.003738,1,148.835895351665,1,4.86925775745706,212,1,20.9449996948242,36.867000579834,0.0261659994721413,0.0130829997360706,143.523803710938,-86.025,21.9528,57.9287693174058,63,63,63,63,61,63,0.003738,9004,1.9064526870154,22,-86,0.001869,51,2024-06-21 03:15:42.000343,212,1.037,0.0011,"aoml_navis",1026.85054869866
"7901009",38,0.00196070955521688,1,0.026166,1,0.003738,1,148.859741435718,1,4.86902176647634,214,1,20.7269992828369,36.8419990539551,0.0261659994721413,0.0130829997360706,143.546798706055,-86.025,21.9528,57.9287693174058,63,63,63,63,61,63,0.003738,9004,1.9064526870154,22,-86,0.001869,51,2024-06-21 03:15:42.000343,214,1.037,0.0011,"aoml_navis",1026.90031792946
"7901009",38,0.00196070955521688,1,0.026166,1,0.003738,1,147.857683728476,1,4.86892864995748,216,1,20.6509990692139,36.8289985656738,0.0261659994721413,0.0130829997360706,142.580505371094,-86.025,21.9528,57.9287693174058,63,63,63,63,61,63,0.003738,9004,1.9064526870154,22,-86,0.001869,51,2024-06-21 03:15:42.000343,216,1.037,0.0011,"aoml_navis",1026.91995703072
"7901009",38,0.00294106433282533,1,0.028035,1,0.005607,1,147.653591630192,1,4.86877878280643,218,1,20.5060005187988,36.806999206543,0.0280349999666214,0.0149520002305508,142.383697509766,-86.025,21.9528,57.9287693174058,63,63,63,63,61,63,0.005607,9004,1.9064526870154,22,-86,0.001869,51,2024-06-21 03:15:42.000343,218,1.037,0.0011,"aoml_navis",1026.95156692207
"7901009",38,0.00196070955521688,1,0.026166,1,0.003738,1,148.731365005777,1,4.86861400140555,220,1,20.3600006103516,36.7890014648438,0.0261659994721413,0.0130829997360706,143.423004150391,-86.025,21.9528,57.9287693174058,63,63,63,63,61,63,0.003738,9004,1.9064526870154,22,-86,0.001869,51,2024-06-21 03:15:42.000343,220,1.037,0.0011,"aoml_navis",1026.9863247644
"7901009",38,-0.00392141911043377,4,0.014952,1,-0.007476,1,149.856308372445,1,4.86846870135136,222,1,20.2509994506836,36.7789993286133,0.0149520002305508,0.00186900002881885,144.507797241211,-86.025,21.9528,57.9287693174058,63,63,63,63,61,63,-0.007476,9004,1.9064526870154,22,-86,0.001869,51,2024-06-21 03:15:42.000343,222,1.037,0.0011,"aoml_navis",1027.01697529906
"7901009",38,-0.00196070955521688,1,0.01869,1,-0.003738,1,150.445134171897,1,4.868362769243,224,1,20.17799949646,36.7709999084473,0.0186899993568659,0.00560700008645654,145.075607299805,-86.025,21.9528,57.9287693174058,63,63,63,63,61,63,-0.003738,9004,1.9064526870154,22,-86,0.001869,51,2024-06-21 03:15:42.000343,224,1.037,0.0011,"aoml_navis",1027.03932245737
"7901009",38,-0.000980354777608442,1,0.020559,1,-0.001869,1,150.872274976756,1,4.86824808365303,226,1,20.0979995727539,36.7630004882812,0.020558999851346,0.00747600011527538,145.487503051758,-86.025,21.9528,57.9287693174058,63,63,63,63,61,63,-0.001869,9004,1.9064526870154,22,-86,0.001869,51,2024-06-21 03:15:42.000343,226,1.037,0.0011,"aoml_navis",1027.06351732349
"7901009",38,-0.000980354777608442,1,0.020559,1,-0.001869,1,150.249444376621,1,4.868110055003,228,1,19.9740009307861,36.7459983825684,0.020558999851346,0.00747600011527538,144.886901855469,-86.025,21.9528,57.9287693174058,63,63,63,63,61,63,-0.001869,9004,1.9064526870154,22,-86,0.001869,51,2024-06-21 03:15:42.000343,228,1.037,0.0011,"aoml_navis",1027.09263831483
"7901009",38,-0.000980354777608442,1,0.020559,1,-0.001869,1,150.28449353135,1,4.86789954021575,230,1,19.7609996795654,36.7179985046387,0.020558999851346,0.00747600011527538,144.920700073242,-86.025,21.9528,57.9287693174058,63,63,63,63,61,63,-0.001869,9004,1.9064526870154,22,-86,0.001869,51,2024-06-21 03:15:42.000343,230,1.037,0.0011,"aoml_navis",1027.13705545747
"7901009",38,-0.00294106433282533,1,0.016821,1,-0.005607,1,151.273702519116,1,4.86776079866357,232,1,19.6380004882812,36.7019996643066,0.0168210007250309,0.00373800005763769,145.874603271484,-86.025,21.9528,57.9287693174058,63,63,63,63,61,63,-0.005607,9004,1.9064526870154,22,-86,0.001869,51,2024-06-21 03:15:42.000343,232,1.037,0.0011,"aoml_navis",1027.16633105159
"7901009",38,-0.00392141911043377,1,0.014952,1,-0.007476,1,151.672946412107,1,4.86768636258315,234,1,19.6030006408691,36.6990013122559,0.0149520002305508,0.00186900002881885,146.25959777832,-86.025,21.9528,57.9287693174058,63,63,63,63,61,63,-0.007476,9004,1.9064526870154,22,-86,0.001869,51,2024-06-21 03:15:42.000343,234,1.037,0.0011,"aoml_navis",1027.18203835685
"7901009",38,-0.00294106433282533,1,0.016821,1,-0.005607,1,151.743250427665,1,4.86762188994157,236,1,19.5729999542236,36.6949996948242,0.0168210007250309,0.00373800005763769,146.327392578125,-86.025,21.9528,57.9287693174058,63,63,63,63,61,63,-0.005607,9004,1.9064526870154,22,-86,0.001869,51,2024-06-21 03:15:42.000343,236,1.037,0.0011,"aoml_navis",1027.19564359179
"7901009",38,-0.00392141911043377,1,0.014952,1,-0.007476,1,151.501941348829,1,4.86755477658302,238,1,19.5380001068115,36.689998626709,0.0149520002305508,0.00186900002881885,146.094696044922,-86.025,21.9528,57.9287693174058,63,63,63,63,61,63,-0.007476,9004,1.9064526870154,22,-86,0.001869,51,2024-06-21 03:15:42.000343,238,1.037,0.0011,"aoml_navis",1027.20980646261
"7901009",38,-0.00686248344325909,4,0.009345,1,-0.013083,1,150.730828297693,1,4.86750544069776,240,1,19.5200004577637,36.6860008239746,0.00934499967843294,-0.00373800005763769,145.351104736328,-86.025,21.9528,57.9287693174058,63,63,63,63,61,63,-0.013083,9004,1.9064526870154,22,-86,0.001869,51,2024-06-21 03:15:42.000343,240,1.037,0.0011,"aoml_navis",1027.22021801854
"7901009",38,-0.00294106433282533,1,0.016821,1,-0.005607,1,149.426256035094,1,4.86743011953224,242,1,19.4640007019043,36.6759986877441,0.0168210007250309,0.00373800005763769,144.09309387207,-86.025,21.9528,57.9287693174058,63,63,63,63,61,63,-0.005607,9004,1.9064526870154,22,-86,0.001869,51,2024-06-21 03:15:42.000343,242,1.037,0.0011,"aoml_navis",1027.23611376274
"7901009",38,-0.00196070955521688,1,0.01869,1,-0.003738,1,149.512431067444,1,4.86732389685539,244,1,19.363000869751,36.6590003967285,0.0186899993568659,0.00560700008645654,144.176193237305,-86.025,21.9528,57.9287693174058,63,63,63,63,61,63,-0.003738,9004,1.9064526870154,22,-86,0.001869,51,2024-06-21 03:15:42.000343,244,1.037,0.0011,"aoml_navis",1027.25853178383
"7901009",38,-0.00294106433282533,1,0.016821,1,-0.005607,1,150.042250863291,1,4.86725067698283,246,1,19.3199996948242,36.6529998779297,0.0168210007250309,0.00373800005763769,144.687103271484,-86.025,21.9528,57.9287693174058,63,63,63,63,61,63,-0.005607,9004,1.9064526870154,22,-86,0.001869,51,2024-06-21 03:15:42.000343,246,1.037,0.0011,"aoml_navis",1027.27398521817
"7901009",38,-0.00196070955521688,1,0.01869,1,-0.003738,1,150.357297667201,1,4.86713554651712,248,1,19.2229995727539,36.6399993896484,0.0186899993568659,0.00560700008645654,144.990905761719,-86.025,21.9528,57.9287693174058,63,63,63,63,61,63,-0.003738,9004,1.9064526870154,22,-86,0.001869,51,2024-06-21 03:15:42.000343,248,1.037,0.0011,"aoml_navis",1027.29828504118
"7901009",38,-0.00294106433282533,1,0.016821,1,-0.005607,1,150.695984849064,1,4.8669740796774,250,1,19.0650005340576,36.6189994812012,0.0168210007250309,0.00373800005763769,145.317504882812,-86.025,21.9528,57.9287693174058,63,63,63,63,61,63,-0.005607,9004,1.9064526870154,22,-86,0.001869,51,2024-06-21 03:15:42.000343,250,1.037,0.0011,"aoml_navis",1027.33236671181
"7901009",38,-0.00392141911043377,1,0.014952,1,-0.007476,1,150.97826108889,1,4.86688356717657,252,1,18.9930000305176,36.6080017089844,0.0149520002305508,0.00186900002881885,145.589706420898,-86.025,21.9528,57.9287693174058,63,63,63,63,61,63,-0.007476,9004,1.9064526870154,22,-86,0.001869,51,2024-06-21 03:15:42.000343,252,1.037,0.0011,"aoml_navis",1027.35147265926
"7901009",38,-0.00392141911043377,1,0.014952,1,-0.007476,1,151.429659390002,1,4.86679705443342,254,1,18.9270000457764,36.5979995727539,0.0149520002305508,0.00186900002881885,146.024993896484,-86.025,21.9528,57.9287693174058,63,63,63,63,61,63,-0.007476,9004,1.9064526870154,22,-86,0.001869,51,2024-06-21 03:15:42.000343,254,1.037,0.0011,"aoml_navis",1027.36973497698
"7901009",38,-0.00392141911043377,1,0.014952,1,-0.007476,1,151.634479371408,1,4.86675074123508,256,1,18.9169998168945,36.5960006713867,0.0149520002305508,0.00186900002881885,146.222503662109,-86.025,21.9528,57.9287693174058,63,63,63,63,61,63,-0.007476,9004,1.9064526870154,22,-86,0.001869,51,2024-06-21 03:15:42.000343,256,1.037,0.0011,"aoml_navis",1027.37951168033
"7901009",38,-0.00392141911043377,1,0.014952,1,-0.007476,1,152.039214034914,1,4.86668309910917,258,1,18.875,36.5890007019043,0.0149520002305508,0.00186900002881885,146.61279296875,-86.025,21.9528,57.9287693174058,63,63,63,63,61,63,-0.007476,9004,1.9064526870154,22,-86,0.001869,51,2024-06-21 03:15:42.000343,258,1.037,0.0011,"aoml_navis",1027.39379124875
"7901009",38,-0.00490177388804221,1,0.013083,1,-0.009345,1,152.54102615407,1,4.86650653862078,260,1,18.69700050354,36.5660018920898,0.0130829997360706,0,147.096694946289,-86.025,21.9528,57.9287693174058,63,63,63,63,61,63,-0.009345,9004,1.9064526870154,22,-86,0.001869,51,2024-06-21 03:15:42.000343,260,1.037,0.0011,"aoml_navis",1027.43106586209
"7901009",38,0,1,0.014952,1,-0.007476,1,152.450816117451,1,4.8664429698907,262,1,18.6609992980957,36.560001373291,0.0149520002305508,0,147.009704589844,-86.025,21.9528,57.9287693174058,63,63,63,63,61,63,0,9004,1.9064526870154,22,-86,0.001869,51,2024-06-21 03:15:42.000343,262,1.037,0.0011,"aoml_navis",1027.44448685326
"7901009",38,0,1,0.013083,1,-0.009345,1,152.526199491324,1,4.86633394335665,264,1,18.5610008239746,36.5449981689453,0.0130829997360706,0,147.082397460938,-86.025,21.9528,57.9287693174058,63,63,63,63,61,63,0,9004,1.9064526870154,22,-86,0.001869,51,2024-06-21 03:15:42.000343,264,1.037,0.0011,"aoml_navis",1027.46750597045
"7901009",38,0,1,0.013083,1,-0.009345,1,152.457446183289,1,4.86626805738956,266,1,18.5170001983643,36.5369987487793,0.0130829997360706,0,147.016098022461,-86.025,21.9528,57.9287693174058,63,63,63,63,61,63,0,9004,1.9064526870154,22,-86,0.001869,51,2024-06-21 03:15:42.000343,266,1.037,0.0011,"aoml_navis",1027.48141718321
"7901009",38,0,1,0.013083,1,-0.009345,1,152.138459316387,1,4.86616936960027,268,1,18.4370002746582,36.5260009765625,0.0130829997360706,0,146.70849609375,-86.025,21.9528,57.9287693174058,63,63,63,63,61,63,0,9004,1.9064526870154,22,-86,0.001869,51,2024-06-21 03:15:42.000343,268,1.037,0.0011,"aoml_navis",1027.50225490214
"7901009",38,0,1,0.01869,1,-0.003738,1,151.903273949912,1,4.86605271016686,270,1,18.3150005340576,36.5060005187988,0.0186899993568659,0,146.481704711914,-86.025,21.9528,57.9287693174058,63,63,63,63,61,63,0,9004,1.9064526870154,22,-86,0.001869,51,2024-06-21 03:15:42.000343,270,1.037,0.0011,"aoml_navis",1027.526888386
"7901009",38,0,1,0.013083,1,-0.009345,1,151.642359497393,1,4.86595588110872,272,1,18.2390003204346,36.4959983825684,0.0130829997360706,0,146.230102539062,-86.025,21.9528,57.9287693174058,63,63,63,63,61,63,0,9004,1.9064526870154,22,-86,0.001869,51,2024-06-21 03:15:42.000343,272,1.037,0.0011,"aoml_navis",1027.54733543962
"7901009",38,0,1,0.013083,1,-0.009345,1,151.323784042691,1,4.8658929526283,274,1,18.19700050354,36.4879989624023,0.0130829997360706,0,145.922897338867,-86.025,21.9528,57.9287693174058,63,63,63,63,61,63,0,9004,1.9064526870154,22,-86,0.001869,51,2024-06-21 03:15:42.000343,274,1.037,0.0011,"aoml_navis",1027.56062426307
"7901009",38,0,1,0.013083,1,-0.009345,1,150.595600272268,1,4.86583247549498,276,1,18.1630001068115,36.4819984436035,0.0130829997360706,0,145.220703125,-86.025,21.9528,57.9287693174058,63,63,63,63,61,63,0,9004,1.9064526870154,22,-86,0.001869,51,2024-06-21 03:15:42.000343,276,1.037,0.0011,"aoml_navis",1027.57339575103
"7901009",38,0,1,0.013083,1,-0.009345,1,149.320792099983,1,4.86574212016469,278,1,18.0860004425049,36.4700012207031,0.0130829997360706,0,143.991394042969,-86.025,21.9528,57.9287693174058,63,63,63,63,61,63,0,9004,1.9064526870154,22,-86,0.001869,51,2024-06-21 03:15:42.000343,278,1.037,0.0011,"aoml_navis",1027.59247747202
"7901009",38,0,1,0.013083,1,-0.009345,1,148.296644722311,1,4.86562131556565,280,1,17.9500007629395,36.4469985961914,0.0130829997360706,0,143.003799438477,-86.025,21.9528,57.9287693174058,63,63,63,63,61,63,0,9004,1.9064526870154,22,-86,0.001869,51,2024-06-21 03:15:42.000343,280,1.037,0.0011,"aoml_navis",1027.61799073932
"7901009",38,0,1,0.014952,1,-0.007476,1,147.736348776573,1,4.86555187294864,282,1,17.8899993896484,36.435001373291,0.0149520002305508,0,142.463500976562,-86.025,21.9528,57.9287693174058,63,63,63,63,61,63,0,9004,1.9064526870154,22,-86,0.001869,51,2024-06-21 03:15:42.000343,282,1.037,0.0011,"aoml_navis",1027.63265721179
"7901009",38,0,1,0.014952,1,-0.007476,1,147.513395011275,1,4.86550013305495,284,1,17.863000869751,36.4290008544922,0.0149520002305508,0,142.248504638672,-86.025,21.9528,57.9287693174058,63,63,63,63,61,63,0,9004,1.9064526870154,22,-86,0.001869,51,2024-06-21 03:15:42.000343,284,1.037,0.0011,"aoml_navis",1027.64358509237
"7901009",38,0,1,0.016821,1,-0.005607,1,147.351298604482,1,4.86546369841833,286,1,17.8610000610352,36.4269981384277,0.0168210007250309,0,142.092193603516,-86.025,21.9528,57.9287693174058,63,63,63,63,61,63,0,9004,1.9064526870154,22,-86,0.001869,51,2024-06-21 03:15:42.000343,286,1.037,0.0011,"aoml_navis",1027.65128051935
"7901009",38,0,1,0.014952,1,-0.007476,1,147.657737399284,1,4.86537889951498,288,1,17.7940006256104,36.4169998168945,0.0149520002305508,0,142.3876953125,-86.025,21.9528,57.9287693174058,63,63,63,63,61,63,0,9004,1.9064526870154,22,-86,0.001869,51,2024-06-21 03:15:42.000343,288,1.037,0.0011,"aoml_navis",1027.66919149882
"7901009",38,0,1,0.013083,1,-0.009345,1,148.31261068038,1,4.86525782689712,290,1,17.6840000152588,36.4029998779297,0.0130829997360706,0,143.019195556641,-86.025,21.9528,57.9287693174058,63,63,63,63,61,63,0,9004,1.9064526870154,22,-86,0.001869,51,2024-06-21 03:15:42.000343,290,1.037,0.0011,"aoml_navis",1027.69476518962
"7901009",38,0,1,0.01869,1,-0.003738,1,148.567828656284,1,4.86520007491273,292,1,17.6639995574951,36.4010009765625,0.0186899993568659,0,143.26530456543,-86.025,21.9528,57.9287693174058,63,63,63,63,61,63,0,9004,1.9064526870154,22,-86,0.001869,51,2024-06-21 03:15:42.000343,292,1.037,0.0011,"aoml_navis",1027.70696436152
"7901009",38,0,1,0.01869,1,-0.003738,1,148.709481041448,1,4.86515882464807,294,1,17.6609992980957,36.4000015258789,0.0186899993568659,0,143.401901245117,-86.025,21.9528,57.9287693174058,63,63,63,63,61,63,0,9004,1.9064526870154,22,-86,0.001869,51,2024-06-21 03:15:42.000343,294,1.037,0.0011,"aoml_navis",1027.71567798954
"7901009",38,0,1,0.014952,1,-0.007476,1,148.241895252621,1,4.86508123772824,296,1,17.6149997711182,36.3950004577637,0.0149520002305508,0,142.95100402832,-86.025,21.9528,57.9287693174058,63,63,63,63,61,63,0,9004,1.9064526870154,22,-86,0.001869,51,2024-06-21 03:15:42.000343,296,1.037,0.0011,"aoml_navis",1027.73206770433
"7901009",38,0,1,0.014952,1,-0.007476,1,147.358355906066,1,4.86500315664843,298,1,17.5470008850098,36.382999420166,0.0149520002305508,0,142.098999023438,-86.025,21.9528,57.9287693174058,63,63,63,63,61,63,0,9004,1.9064526870154,22,-86,0.001869,51,2024-06-21 03:15:42.000343,298,1.037,0.0011,"aoml_navis",1027.74856233486
"7901009",38,0,1,0.011214,1,-0.011214,1,146.817238098266,1,4.86494369718881,300,1,17.5069999694824,36.375,0.0112140001729131,0,141.577194213867,-86.025,21.9528,57.9287693174058,63,63,63,63,61,63,0,9004,1.9064526870154,22,-86,0.001869,51,2024-06-21 03:15:42.000343,300,1.037,0.0011,"aoml_navis",1027.76112350267
"7901009",38,0,1,0.01869,1,-0.003738,1,145.963684371672,1,4.86489243439134,302,1,17.4769992828369,36.3680000305176,0.0186899993568659,0,140.754104614258,-86.025,21.9528,57.9287693174058,63,63,63,63,61,63,0,9004,1.9064526870154,22,-86,0.001869,51,2024-06-21 03:15:42.000343,302,1.037,0.0011,"aoml_navis",1027.77195332286
"7901009",38,0,1,0.020559,1,-0.001869,1,145.270122520232,1,4.86482048439586,304,1,17.4169998168945,36.3569984436035,0.020558999851346,0,140.085296630859,-86.025,21.9528,57.9287693174058,63,63,63,63,61,63,0,9004,1.9064526870154,22,-86,0.001869,51,2024-06-21 03:15:42.000343,304,1.037,0.0011,"aoml_navis",1027.78715392227
"7901009",38,0,1,0.022428,1,0,1,144.517981900933,1,4.86473238169431,306,1,17.3400001525879,36.3450012207031,0.0224280003458261,0,139.360000610352,-86.025,21.9528,57.9287693174058,63,63,63,63,61,63,0,9004,1.9064526870154,22,-86,0.001869,51,2024-06-21 03:15:42.000343,306,1.037,0.0011,"aoml_navis",1027.80576765429
"7901009",38,0,1,0.014952,1,-0.007476,1,143.878140988683,1,4.86462753318216,308,1,17.2360000610352,36.3289985656738,0.0149520002305508,0,138.74299621582,-86.025,21.9528,57.9287693174058,63,63,63,63,61,63,0,9004,1.9064526870154,22,-86,0.001869,51,2024-06-21 03:15:42.000343,308,1.037,0.0011,"aoml_navis",1027.82792020447
"7901009",38,0,1,0.014952,1,-0.007476,1,143.14123844433,1,4.86455771875942,310,1,17.1679992675781,36.314998626709,0.0149520002305508,0,138.03239440918,-86.025,21.9528,57.9287693174058,63,63,63,63,61,63,0,9004,1.9064526870154,22,-86,0.001869,51,2024-06-21 03:15:42.000343,310,1.037,0.0011,"aoml_navis",1027.84267122955
"7901009",38,0,1,0.013083,1,-0.009345,1,142.192695970178,1,4.86447097567435,312,1,17.0790004730225,36.298999786377,0.0130829997360706,0,137.117706298828,-86.025,21.9528,57.9287693174058,63,63,63,63,61,63,0,9004,1.9064526870154,22,-86,0.001869,51,2024-06-21 03:15:42.000343,312,1.037,0.0011,"aoml_navis",1027.86099968596
"7901009",38,0,1,0.013083,1,-0.009345,1,141.329790527806,1,4.86433868354216,314,1,16.9220008850098,36.273998260498,0.0130829997360706,0,136.285598754883,-86.025,21.9528,57.9287693174058,63,63,63,63,61,63,0,9004,1.9064526870154,22,-86,0.001869,51,2024-06-21 03:15:42.000343,314,1.037,0.0011,"aoml_navis",1027.88895372701
"7901009",38,0,1,0.014952,1,-0.007476,1,141.166254178313,1,4.86421121295257,316,1,16.761999130249,36.2470016479492,0.0149520002305508,0,136.127899169922,-86.025,21.9528,57.9287693174058,63,63,63,63,61,63,0,9004,1.9064526870154,22,-86,0.001869,51,2024-06-21 03:15:42.000343,316,1.037,0.0011,"aoml_navis",1027.91589038853
"7901009",38,0,1,0.01869,1,-0.003738,1,140.885750175656,1,4.86415508697482,318,1,16.7269992828369,36.2400016784668,0.0186899993568659,0,135.857406616211,-86.025,21.9528,57.9287693174058,63,63,63,63,61,63,0,9004,1.9064526870154,22,-86,0.001869,51,2024-06-21 03:15:42.000343,318,1.037,0.0011,"aoml_navis",1027.92775119135
"7901009",38,0,1,0.013083,1,-0.009345,1,140.276606942943,1,4.86410090920695,320,1,16.7000007629395,36.2350006103516,0.0130829997360706,0,135.270004272461,-86.025,21.9528,57.9287693174058,63,63,63,63,61,63,0,9004,1.9064526870154,22,-86,0.001869,51,2024-06-21 03:15:42.000343,320,1.037,0.0011,"aoml_navis",1027.93920054903
"7901009",38,0,1,0.014952,1,-0.007476,1,139.825082053462,1,4.86399462964567,322,1,16.5860004425049,36.2169990539551,0.0149520002305508,0,134.834594726562,-86.025,21.9528,57.9287693174058,63,63,63,63,61,63,0,9004,1.9064526870154,22,-86,0.001869,51,2024-06-21 03:15:42.000343,322,1.037,0.0011,"aoml_navis",1027.96166129078
"7901009",38,0,1,0.01869,1,-0.003738,1,139.33209947306,1,4.86392779022893,324,1,16.5349998474121,36.2080001831055,0.0186899993568659,0,134.35920715332,-86.025,21.9528,57.9287693174058,63,63,63,63,61,63,0,9004,1.9064526870154,22,-86,0.001869,51,2024-06-21 03:15:42.000343,324,1.037,0.0011,"aoml_navis",1027.97578739644
"7901009",38,0,1,0.016821,1,-0.005607,1,138.598092637653,1,4.86387446333512,326,1,16.4990005493164,36.2000007629395,0.0168210007250309,0,133.651397705078,-86.025,21.9528,57.9287693174058,63,63,63,63,61,63,0,9004,1.9064526870154,22,-86,0.001869,51,2024-06-21 03:15:42.000343,326,1.037,0.0011,"aoml_navis",1027.98705799071
"7901009",38,0,1,0.016821,1,-0.005607,1,138.394317010292,1,4.86374221321059,328,1,16.3579998016357,36.1809997558594,0.0168210007250309,0,133.454895019531,-86.025,21.9528,57.9287693174058,63,63,63,63,61,63,0,9004,1.9064526870154,22,-86,0.001869,51,2024-06-21 03:15:42.000343,328,1.037,0.0011,"aoml_navis",1028.01501001005
"7901009",38,0,1,0.014952,1,-0.007476,1,137.879751112937,1,4.86368423711132,330,1,16.3080005645752,36.1699981689453,0.0149520002305508,0,132.958694458008,-86.025,21.9528,57.9287693174058,63,63,63,63,61,63,0,9004,1.9064526870154,22,-86,0.001869,51,2024-06-21 03:15:42.000343,330,1.037,0.0011,"aoml_navis",1028.02726415678
"7901009",38,0,1,0.016821,1,-0.005607,1,136.867835336441,1,4.86364939677067,332,1,16.3010005950928,36.1660003662109,0.0168210007250309,0,131.982894897461,-86.025,21.9528,57.9287693174058,63,63,63,63,61,63,0,9004,1.9064526870154,22,-86,0.001869,51,2024-06-21 03:15:42.000343,332,1.037,0.0011,"aoml_navis",1028.03462834304
"7901009",38,0,1,0.016821,1,-0.005607,1,136.355342323632,1,4.86351032913985,334,1,16.1270008087158,36.1389999389648,0.0168210007250309,0,131.488693237305,-86.025,21.9528,57.9287693174058,63,63,63,63,61,63,0,9004,1.9064526870154,22,-86,0.001869,51,2024-06-21 03:15:42.000343,334,1.037,0.0011,"aoml_navis",1028.06402405324
"7901009",38,0,1,0.016821,1,-0.005607,1,136.257046454929,1,4.86340535120435,336,1,16.0020008087158,36.1180000305176,0.0168210007250309,0,131.393905639648,-86.025,21.9528,57.9287693174058,63,63,63,63,61,63,0,9004,1.9064526870154,22,-86,0.001869,51,2024-06-21 03:15:42.000343,336,1.037,0.0011,"aoml_navis",1028.08621509655
"7901009",38,0,1,0.014952,1,-0.007476,1,135.930590874243,1,4.86334387055398,338,1,15.9580001831055,36.1100006103516,0.0149520002305508,0,131.0791015625,-86.025,21.9528,57.9287693174058,63,63,63,63,61,63,0,9004,1.9064526870154,22,-86,0.001869,51,2024-06-21 03:15:42.000343,338,1.037,0.0011,"aoml_navis",1028.09921179406
"7901009",38,0,1,0.016821,1,-0.005607,1,135.328805590491,1,4.86328884485794,340,1,15.9230003356934,36.1030006408691,0.0168210007250309,0,130.498794555664,-86.025,21.9528,57.9287693174058,63,63,63,63,61,63,0,9004,1.9064526870154,22,-86,0.001869,51,2024-06-21 03:15:42.000343,340,1.037,0.0011,"aoml_navis",1028.11084422563
"7901009",38,0,1,0.01869,1,-0.003738,1,134.788209959714,1,4.86320823826121,342,1,15.8420000076294,36.0890007019043,0.0186899993568659,0,129.977493286133,-86.025,21.9528,57.9287693174058,63,63,63,63,61,63,0,9004,1.9064526870154,22,-86,0.001869,51,2024-06-21 03:15:42.000343,342,1.037,0.0011,"aoml_navis",1028.1278849346
"7901009",38,0,1,0.01869,1,-0.003738,1,134.235588433861,1,4.8631362699264,344,1,15.7620000839233,36.0730018615723,0.0186899993568659,0,129.444595336914,-86.025,21.9528,57.9287693174058,63,63,63,63,61,63,0,9004,1.9064526870154,22,-86,0.001869,51,2024-06-21 03:15:42.000343,344,1.037,0.0011,"aoml_navis",1028.14309994148
"7901009",38,0,1,0.01869,1,-0.003738,1,133.536124399706,1,4.8630396867138,346,1,15.6660003662109,36.0589981079102,0.0186899993568659,0,128.770095825195,-86.025,21.9528,57.9287693174058,63,63,63,63,61,63,0,9004,1.9064526870154,22,-86,0.001869,51,2024-06-21 03:15:42.000343,346,1.037,0.0011,"aoml_navis",1028.16351954939
"7901009",38,0,1,0.016821,1,-0.005607,1,132.950115191469,1,4.86292354323399,348,1,15.5220003128052,36.0359992980957,0.0168210007250309,0,128.205001831055,-86.025,21.9528,57.9287693174058,63,63,63,63,61,63,0,9004,1.9064526870154,22,-86,0.001869,51,2024-06-21 03:15:42.000343,348,1.037,0.0011,"aoml_navis",1028.18807566011
"7901009",38,0,1,0.01869,1,-0.003738,1,132.844967727281,1,4.8628043149712,350,1,15.3610000610352,36.0089988708496,0.0186899993568659,0,128.103607177734,-86.025,21.9528,57.9287693174058,63,63,63,63,61,63,0,9004,1.9064526870154,22,-86,0.001869,51,2024-06-21 03:15:42.000343,350,1.037,0.0011,"aoml_navis",1028.21328520385
"7901009",38,0,1,0.016821,1,-0.005607,1,132.522135738664,1,4.86275157914362,352,1,15.3240003585815,36.0009994506836,0.0168210007250309,0,127.792297363281,-86.025,21.9528,57.9287693174058,63,63,63,63,61,63,0,9004,1.9064526870154,22,-86,0.001869,51,2024-06-21 03:15:42.000343,352,1.037,0.0011,"aoml_navis",1028.2244360261
"7901009",38,0,1,0.01869,1,-0.003738,1,132.368663164524,1,4.86263771718396,354,1,15.1969995498657,35.9830017089844,0.0186899993568659,0,127.644302368164,-86.025,21.9528,57.9287693174058,63,63,63,63,61,63,0,9004,1.9064526870154,22,-86,0.001869,51,2024-06-21 03:15:42.000343,354,1.037,0.0011,"aoml_navis",1028.24851259855
"7901009",38,0,1,0.020559,1,-0.001869,1,132.278334451309,1,4.86254420487106,356,1,15.0950002670288,35.9669990539551,0.020558999851346,0,127.557197570801,-86.025,21.9528,57.9287693174058,63,63,63,63,61,63,0,9004,1.9064526870154,22,-86,0.001869,51,2024-06-21 03:15:42.000343,356,1.037,0.0011,"aoml_navis",1028.26828699906
"7901009",38,0,1,0.016821,1,-0.005607,1,132.167688304833,1,4.8624683603433,358,1,15.0260000228882,35.9560012817383,0.0168210007250309,0,127.450500488281,-86.025,21.9528,57.9287693174058,63,63,63,63,61,63,0,9004,1.9064526870154,22,-86,0.001869,51,2024-06-21 03:15:42.000343,358,1.037,0.0011,"aoml_navis",1028.28432587415
"7901009",38,0,1,0.01869,1,-0.003738,1,131.86155806918,1,4.8624137994885,360,1,14.9969997406006,35.951000213623,0.0186899993568659,0,127.155296325684,-86.025,21.9528,57.9287693174058,63,63,63,63,61,63,0,9004,1.9064526870154,22,-86,0.001869,51,2024-06-21 03:15:42.000343,360,1.037,0.0011,"aoml_navis",1028.29586419115
"7901009",38,0,1,0.024297,1,0.001869,1,131.235618142226,1,4.86236612366059,362,1,14.9709997177124,35.9449996948242,0.0242970008403063,0,126.551696777344,-86.025,21.9528,57.9287693174058,63,63,63,63,61,63,0,9004,1.9064526870154,22,-86,0.001869,51,2024-06-21 03:15:42.000343,362,1.037,0.0011,"aoml_navis",1028.30594670148
"7901009",38,0,1,0.01869,1,-0.003738,1,130.572350469897,1,4.86225947902793,364,1,14.8489999771118,35.9269981384277,0.0186899993568659,0,125.912101745605,-86.025,21.9528,57.9287693174058,63,63,63,63,61,63,0,9004,1.9064526870154,22,-86,0.001869,51,2024-06-21 03:15:42.000343,364,1.037,0.0011,"aoml_navis",1028.3285006829
"7901009",38,0,1,0.020559,1,-0.001869,1,130.791783496176,1,4.86216589230351,366,1,14.7250003814697,35.9049987792969,0.020558999851346,0,126.12370300293,-86.025,21.9528,57.9287693174058,63,63,63,63,61,63,0,9004,1.9064526870154,22,-86,0.001869,51,2024-06-21 03:15:42.000343,366,1.037,0.0011,"aoml_navis",1028.34829389813
"7901009",38,0,1,0.01869,1,-0.003738,1,130.849333733535,1,4.86211984758012,368,1,14.71399974823,35.9029998779297,0.0186899993568659,0,126.17919921875,-86.025,21.9528,57.9287693174058,63,63,63,63,61,63,0,9004,1.9064526870154,22,-86,0.001869,51,2024-06-21 03:15:42.000343,368,1.037,0.0011,"aoml_navis",1028.35803245132
"7901009",38,0,1,0.01869,1,-0.003738,1,130.997734861132,1,4.86207107861915,370,1,14.6969995498657,35.9000015258789,0.0186899993568659,0,126.322303771973,-86.025,21.9528,57.9287693174058,63,63,63,63,61,63,0,9004,1.9064526870154,22,-86,0.001869,51,2024-06-21 03:15:42.000343,370,1.037,0.0011,"aoml_navis",1028.36834738747
"7901009",38,0,1,0.020559,1,-0.001869,1,130.991302589621,1,4.86200992963316,372,1,14.6579999923706,35.8940010070801,0.020558999851346,0,126.316101074219,-86.025,21.9528,57.9287693174058,63,63,63,63,61,63,0,9004,1.9064526870154,22,-86,0.001869,51,2024-06-21 03:15:42.000343,372,1.037,0.0011,"aoml_navis",1028.38128106769
"7901009",38,0,1,0.01869,1,-0.003738,1,130.620572726798,1,4.86190507118046,374,1,14.5500001907349,35.8800010681152,0.0186899993568659,0,125.958602905273,-86.025,21.9528,57.9287693174058,63,63,63,63,61,63,0,9004,1.9064526870154,22,-86,0.001869,51,2024-06-21 03:15:42.000343,374,1.037,0.0011,"aoml_navis",1028.4034605361
"7901009",38,0,1,0.01869,1,-0.003738,1,129.95542996425,1,4.8617941487348,376,1,14.4079999923706,35.8580017089844,0.0186899993568659,0,125.317199707031,-86.025,21.9528,57.9287693174058,63,63,63,63,61,63,0,9004,1.9064526870154,22,-86,0.001869,51,2024-06-21 03:15:42.000343,376,1.037,0.0011,"aoml_navis",1028.42692369054
"7901009",38,0,1,0.01869,1,-0.003738,1,129.687363268869,1,4.86167470415399,378,1,14.2430000305176,35.8320007324219,0.0186899993568659,0,125.058700561523,-86.025,21.9528,57.9287693174058,63,63,63,63,61,63,0,9004,1.9064526870154,22,-86,0.001869,51,2024-06-21 03:15:42.000343,378,1.037,0.0011,"aoml_navis",1028.45219070865
"7901009",38,0,1,0.01869,1,-0.003738,1,129.744913506228,1,4.86157232759842,380,1,14.125,35.814998626709,0.0186899993568659,0,125.114196777344,-86.025,21.9528,57.9287693174058,63,63,63,63,61,63,0,9004,1.9064526870154,22,-86,0.001869,51,2024-06-21 03:15:42.000343,380,1.037,0.0011,"aoml_navis",1028.47384818606
"7901009",38,0,1,0.01869,1,-0.003738,1,129.523201889303,1,4.86150892650792,382,1,14.0900001525879,35.8110008239746,0.0186899993568659,0,124.900398254395,-86.025,21.9528,57.9287693174058,63,63,63,63,61,63,0,9004,1.9064526870154,22,-86,0.001869,51,2024-06-21 03:15:42.000343,382,1.037,0.0011,"aoml_navis",1028.4872609689
"7901009",38,0,1,0.020559,1,-0.001869,1,129.343383110818,1,4.86143754853762,384,1,14.0190000534058,35.798999786377,0.020558999851346,0,124.726997375488,-86.025,21.9528,57.9287693174058,63,63,63,63,61,63,0,9004,1.9064526870154,22,-86,0.001869,51,2024-06-21 03:15:42.000343,384,1.037,0.0011,"aoml_navis",1028.50236171481
"7901009",38,0,1,0.020559,1,-0.001869,1,129.299520240881,1,4.86135047960618,386,1,13.9289999008179,35.7859992980957,0.020558999851346,0,124.684700012207,-86.025,21.9528,57.9287693174058,63,63,63,63,61,63,0,9004,1.9064526870154,22,-86,0.001869,51,2024-06-21 03:15:42.000343,386,1.037,0.0011,"aoml_navis",1028.52078264578
"7901009",38,0,1,0.020559,1,-0.001869,1,129.335502984834,1,4.86126658985121,388,1,13.8559999465942,35.7770004272461,0.020558999851346,0,124.719398498535,-86.025,21.9528,57.9287693174058,63,63,63,63,61,63,0,9004,1.9064526870154,22,-86,0.001869,51,2024-06-21 03:15:42.000343,388,1.037,0.0011,"aoml_navis",1028.53853159142
"7901009",38,0,1,0.020559,1,-0.001869,1,129.132249534496,1,4.86122598343154,390,1,13.8500003814697,35.7750015258789,0.020558999851346,0,124.523399353027,-86.025,21.9528,57.9287693174058,63,63,63,63,61,63,0,9004,1.9064526870154,22,-86,0.001869,51,2024-06-21 03:15:42.000343,390,1.037,0.0011,"aoml_navis",1028.54712310052
"7901009",38,0,1,0.022428,1,0,1,128.71931036231,1,4.86118903455072,392,1,13.8439998626709,35.7719993591309,0.0224280003458261,0,124.125198364258,-86.025,21.9528,57.9287693174058,63,63,63,63,61,63,0,9004,1.9064526870154,22,-86,0.001869,51,2024-06-21 03:15:42.000343,392,1.037,0.0011,"aoml_navis",1028.55494087201
"7901009",38,0,1,0.01869,1,-0.003738,1,128.520416298937,1,4.86110319210795,394,1,13.7510004043579,35.757999420166,0.0186899993568659,0,123.933403015137,-86.025,21.9528,57.9287693174058,63,63,63,63,61,63,0,9004,1.9064526870154,22,-86,0.001869,51,2024-06-21 03:15:42.000343,394,1.037,0.0011,"aoml_navis",1028.57310417058
"7901009",38,0,1,0.01869,1,-0.003738,1,128.614985722522,1,4.86102670506187,396,1,13.673999786377,35.7459983825684,0.0186899993568659,0,124.024597167969,-86.025,21.9528,57.9287693174058,63,63,63,63,61,63,0,9004,1.9064526870154,22,-86,0.001869,51,2024-06-21 03:15:42.000343,396,1.037,0.0011,"aoml_navis",1028.58928851253
"7901009",38,0,1,0.020559,1,-0.001869,1,128.48007416802,1,4.86099003434816,398,1,13.6789999008179,35.7459983825684,0.020558999851346,0,123.894500732422,-86.025,21.9528,57.9287693174058,63,63,63,63,61,63,0,9004,1.9064526870154,22,-86,0.001869,51,2024-06-21 03:15:42.000343,398,1.037,0.0011,"aoml_navis",1028.5970480642
"7901009",38,0,1,0.022428,1,0,1,128.275056392286,1,4.86094624181817,400,1,13.6770000457764,35.7459983825684,0.0224280003458261,0,123.696800231934,-86.025,21.9528,57.9287693174058,63,63,63,63,61,63,0,9004,1.9064526870154,22,-86,0.001869,51,2024-06-21 03:15:42.000343,400,1.037,0.0011,"aoml_navis",1028.60631475114
"7901009",38,0,1,0.01869,1,-0.003738,1,127.874253879999,1,4.86091075527497,402,1,13.6759996414185,35.7439994812012,0.0186899993568659,0,123.310302734375,-86.025,21.9528,57.9287693174058,63,63,63,63,61,63,0,9004,1.9064526870154,22,-86,0.001869,51,2024-06-21 03:15:42.000343,402,1.037,0.0011,"aoml_navis",1028.61382397817
"7901009",38,0,1,0.022428,1,0,1,127.33033530453,1,4.86084569976278,404,1,13.6280002593994,35.7369995117188,0.0224280003458261,0,122.785797119141,-86.025,21.9528,57.9287693174058,63,63,63,63,61,63,0,9004,1.9064526870154,22,-86,0.001869,51,2024-06-21 03:15:42.000343,404,1.037,0.0011,"aoml_navis",1028.62759051249
"7901009",38,0,1,0.024297,1,0.001869,1,126.82987609857,1,4.86077342516672,406,1,13.543999671936,35.7220001220703,0.0242970008403063,0,122.303199768066,-86.025,21.9528,57.9287693174058,63,63,63,63,61,63,0,9004,1.9064526870154,22,-86,0.001869,51,2024-06-21 03:15:42.000343,406,1.037,0.0011,"aoml_navis",1028.6428851245
"7901009",38,0,1,0.016821,1,-0.005607,1,126.164946953895,1,4.86070750672666,408,1,13.4659996032715,35.7070007324219,0.0168210007250309,0,121.662002563477,-86.025,21.9528,57.9287693174058,63,63,63,63,61,63,0,9004,1.9064526870154,22,-86,0.001869,51,2024-06-21 03:15:42.000343,408,1.037,0.0011,"aoml_navis",1028.65683505551
"7901009",38,0,1,0.01869,1,-0.003738,1,125.651623204913,1,4.86060384217378,410,1,13.3319997787476,35.6870002746582,0.0186899993568659,0,121.166999816895,-86.025,21.9528,57.9287693174058,63,63,63,63,61,63,0,9004,1.9064526870154,22,-86,0.001869,51,2024-06-21 03:15:42.000343,410,1.037,0.0011,"aoml_navis",1028.67877373933
"7901009",38,0,1,0.01869,1,-0.003738,1,125.058865254242,1,4.8605332871619,412,1,13.2449998855591,35.6710014343262,0.0186899993568659,0,120.595397949219,-86.025,21.9528,57.9287693174058,63,63,63,63,61,63,0,9004,1.9064526870154,22,-86,0.001869,51,2024-06-21 03:15:42.000343,412,1.037,0.0011,"aoml_navis",1028.69370593685
"7901009",38,0,1,0.020559,1,-0.001869,1,124.498877867654,1,4.86043357006568,414,1,13.1099996566772,35.6500015258789,0.020558999851346,0,120.055397033691,-86.025,21.9528,57.9287693174058,63,63,63,63,61,63,0,9004,1.9064526870154,22,-86,0.001869,51,2024-06-21 03:15:42.000343,414,1.037,0.0011,"aoml_navis",1028.71481071028
"7901009",38,0,1,0.024297,1,0.001869,1,123.912757894594,1,4.86035175665798,416,1,12.996000289917,35.6300010681152,0.0242970008403063,0,119.490196228027,-86.025,21.9528,57.9287693174058,63,63,63,63,61,63,0,9004,1.9064526870154,22,-86,0.001869,51,2024-06-21 03:15:42.000343,416,1.037,0.0011,"aoml_navis",1028.73212687759
"7901009",38,0,1,0.020559,1,-0.001869,1,123.794856652207,1,4.86026658223007,418,1,12.8780002593994,35.6100006103516,0.020558999851346,0,119.376502990723,-86.025,21.9528,57.9287693174058,63,63,63,63,61,63,0,9004,1.9064526870154,22,-86,0.001869,51,2024-06-21 03:15:42.000343,418,1.037,0.0011,"aoml_navis",1028.75015503899
"7901009",38,0,1,0.01869,1,-0.003738,1,123.592845350242,1,4.86021923921244,420,1,12.8649997711182,35.6080017089844,0.0186899993568659,0,119.181701660156,-86.025,21.9528,57.9287693174058,63,63,63,63,61,63,0,9004,1.9064526870154,22,-86,0.001869,51,2024-06-21 03:15:42.000343,420,1.037,0.0011,"aoml_navis",1028.76017601424
"7901009",38,0,1,0.022428,1,0,1,123.207700236874,1,4.86017724997044,422,1,12.8500003814697,35.6040000915527,0.0224280003458261,0,118.810302734375,-86.025,21.9528,57.9287693174058,63,63,63,63,61,63,0,9004,1.9064526870154,22,-86,0.001869,51,2024-06-21 03:15:42.000343,422,1.037,0.0011,"aoml_navis",1028.76906393289
"7901009",38,0,1,0.026166,1,0.003738,1,122.694787900092,1,4.8600933815133,424,1,12.7550001144409,35.5900001525879,0.0261659994721413,0,118.315696716309,-86.025,21.9528,57.9287693174058,63,63,63,63,61,63,0,9004,1.9064526870154,22,-86,0.001869,51,2024-06-21 03:15:42.000343,424,1.037,0.0011,"aoml_navis",1028.78681694036
"7901009",38,0,1,0.020559,1,-0.001869,1,122.339818289238,1,4.8599849358754,426,1,12.5930004119873,35.564998626709,0.020558999851346,0,117.97339630127,-86.025,21.9528,57.9287693174058,63,63,63,63,61,63,0,9004,1.9064526870154,22,-86,0.001869,51,2024-06-21 03:15:42.000343,426,1.037,0.0011,"aoml_navis",1028.80977327544
"7901009",38,0,1,0.020559,1,-0.001869,1,122.135014131377,1,4.8598943106705,428,1,12.4709997177124,35.5460014343262,0.020558999851346,0,117.775901794434,-86.025,21.9528,57.9287693174058,63,63,63,63,61,63,0,9004,1.9064526870154,22,-86,0.001869,51,2024-06-21 03:15:42.000343,428,1.037,0.0011,"aoml_navis",1028.82895807464
"7901009",38,0,1,0.022428,1,0,1,121.895770025314,1,4.85983108782901,430,1,12.41100025177,35.5359992980957,0.0224280003458261,0,117.545196533203,-86.025,21.9528,57.9287693174058,63,63,63,63,61,63,0,9004,1.9064526870154,22,-86,0.001869,51,2024-06-21 03:15:42.000343,430,1.037,0.0011,"aoml_navis",1028.84234238553
"7901009",38,0,1,0.022428,1,0,1,121.767496448423,1,4.85975037011152,432,1,12.3249998092651,35.523998260498,0.0224280003458261,0,117.421501159668,-86.025,21.9528,57.9287693174058,63,63,63,63,61,63,0,9004,1.9064526870154,22,-86,0.001869,51,2024-06-21 03:15:42.000343,432,1.037,0.0011,"aoml_navis",1028.85943087757
"7901009",38,0,1,0.022428,1,0,1,121.743128187347,1,4.85967889980393,434,1,12.2559995651245,35.5139999389648,0.0224280003458261,0,117.398002624512,-86.025,21.9528,57.9287693174058,63,63,63,63,61,63,0,9004,1.9064526870154,22,-86,0.001869,51,2024-06-21 03:15:42.000343,434,1.037,0.0011,"aoml_navis",1028.87456210363
"7901009",38,0,1,0.024297,1,0.001869,1,121.631857010798,1,4.85961909978322,436,1,12.2220001220703,35.5099983215332,0.0242970008403063,0,117.290702819824,-86.025,21.9528,57.9287693174058,63,63,63,63,61,63,0,9004,1.9064526870154,22,-86,0.001869,51,2024-06-21 03:15:42.000343,436,1.037,0.0011,"aoml_navis",1028.88722291487
"7901009",38,0,1,0.022428,1,0,1,121.543395476029,1,4.85955490157507,438,1,12.1680002212524,35.5019989013672,0.0224280003458261,0,117.20539855957,-86.025,21.9528,57.9287693174058,63,63,63,63,61,63,0,9004,1.9064526870154,22,-86,0.001869,51,2024-06-21 03:15:42.000343,438,1.037,0.0011,"aoml_navis",1028.90081525355
"7901009",38,0,1,0.024297,1,0.001869,1,121.377161211917,1,4.85949900976718,440,1,12.1379995346069,35.4980010986328,0.0242970008403063,0,117.045097351074,-86.025,21.9528,57.9287693174058,63,63,63,63,61,63,0,9004,1.9064526870154,22,-86,0.001869,51,2024-06-21 03:15:42.000343,440,1.037,0.0011,"aoml_navis",1028.91264921557
"7901009",38,0,1,0.022428,1,0,1,121.197342433432,1,4.85944981775345,442,1,12.1149997711182,35.4939994812012,0.0224280003458261,0,116.871696472168,-86.025,21.9528,57.9287693174058,63,63,63,63,61,63,0,9004,1.9064526870154,22,-86,0.001869,51,2024-06-21 03:15:42.000343,442,1.037,0.0011,"aoml_navis",1028.92306485666
"7901009",38,0,1,0.022428,1,0,1,121.067407384195,1,4.8593896461557,444,1,12.0649995803833,35.4860000610352,0.0224280003458261,0,116.746398925781,-86.025,21.9528,57.9287693174058,63,63,63,63,61,63,0,9004,1.9064526870154,22,-86,0.001869,51,2024-06-21 03:15:42.000343,444,1.037,0.0011,"aoml_navis",1028.93580554001
"7901009",38,0,1,0.022428,1,0,1,120.960179123688,1,4.85933362556088,446,1,12.0270004272461,35.4799995422363,0.0224280003458261,0,116.642997741699,-86.025,21.9528,57.9287693174058,63,63,63,63,61,63,0,9004,1.9064526870154,22,-86,0.001869,51,2024-06-21 03:15:42.000343,446,1.037,0.0011,"aoml_navis",1028.94766757713
"7901009",38,0,1,0.022428,1,0,1,120.890808697353,1,4.85928262630974,448,1,12.0019998550415,35.476001739502,0.0224280003458261,0,116.576103210449,-86.025,21.9528,57.9287693174058,63,63,63,63,61,63,0,9004,1.9064526870154,22,-86,0.001869,51,2024-06-21 03:15:42.000343,448,1.037,0.0011,"aoml_navis",1028.95846661159
"7901009",38,0,1,0.022428,1,0,1,120.769995922473,1,4.85922965356639,450,1,11.9709997177124,35.4710006713867,0.0224280003458261,0,116.459602355957,-86.025,21.9528,57.9287693174058,63,63,63,63,61,63,0,9004,1.9064526870154,22,-86,0.001869,51,2024-06-21 03:15:42.000343,450,1.037,0.0011,"aoml_navis",1028.96968377082
"7901009",38,0,1,0.022428,1,0,1,120.654990389032,1,4.85917000442076,452,1,11.9289999008179,35.4650001525879,0.0224280003458261,0,116.348701477051,-86.025,21.9528,57.9287693174058,63,63,63,63,61,63,0,9004,1.9064526870154,22,-86,0.001869,51,2024-06-21 03:15:42.000343,452,1.037,0.0011,"aoml_navis",1028.98231497377
"7901009",38,0,1,0.026166,1,0.003738,1,120.618382615007,1,4.85911031999194,454,1,11.8830003738403,35.4580001831055,0.0261659994721413,0,116.313400268555,-86.025,21.9528,57.9287693174058,63,63,63,63,61,63,0,9004,1.9064526870154,22,-86,0.001869,51,2024-06-21 03:15:42.000343,454,1.037,0.0011,"aoml_navis",1028.99495395863
"7901009",38,0,1,0.026166,1,0.003738,1,120.5842670495,1,4.85905956421351,456,1,11.8620004653931,35.4550018310547,0.0261659994721413,0,116.280502319336,-86.025,21.9528,57.9287693174058,63,63,63,63,61,63,0,9004,1.9064526870154,22,-86,0.001869,51,2024-06-21 03:15:42.000343,456,1.037,0.0011,"aoml_navis",1029.00570242532
"7901009",38,0,4,0.01869,1,-0.003738,1,120.486477534274,1,4.85901373654602,458,1,11.8540000915527,35.4539985656738,0.0186899993568659,0,116.18620300293,-86.025,21.9528,57.9287693174058,63,63,63,63,61,63,0,9004,1.9064526870154,22,-86,0.001869,51,2024-06-21 03:15:42.000343,458,1.037,0.0011,"aoml_navis",1029.01540746707
"7901009",38,0,1,0.026166,1,0.003738,1,120.377073536171,1,4.85897249184065,460,1,11.8470001220703,35.4519996643066,0.0261659994721413,0,116.080703735352,-86.025,21.9528,57.9287693174058,63,63,63,63,61,63,0,9004,1.9064526870154,22,-86,0.001869,51,2024-06-21 03:15:42.000343,460,1.037,0.0011,"aoml_navis",1029.02414211979
"7901009",38,0,1,0.026166,1,0.003738,1,120.242984806069,1,4.85891595368726,462,1,11.8120002746582,35.4469985961914,0.0261659994721413,0,115.951400756836,-86.025,21.9528,57.9287693174058,63,63,63,63,61,63,0,9004,1.9064526870154,22,-86,0.001869,51,2024-06-21 03:15:42.000343,462,1.037,0.0011,"aoml_navis",1029.03611580391
"7901009",38,0,1,0.024297,1,0.001869,1,120.250556372903,1,4.85886123204069,464,1,11.7749996185303,35.4410018920898,0.0242970008403063,0,115.958702087402,-86.025,21.9528,57.9287693174058,63,63,63,63,61,63,0,9004,1.9064526870154,22,-86,0.001869,51,2024-06-21 03:15:42.000343,464,1.037,0.0011,"aoml_navis",1029.04770505249
"7901009",38,0,1,0.022428,1,0,1,120.124450621835,1,4.85881440377558,466,1,11.7620000839233,35.4389991760254,0.0224280003458261,0,115.837097167969,-86.025,21.9528,57.9287693174058,63,63,63,63,61,63,0,9004,1.9064526870154,22,-86,0.001869,51,2024-06-21 03:15:42.000343,466,1.037,0.0011,"aoml_navis",1029.057622805
"7901009",38,0,1,0.024297,1,0.001869,1,120.122377737289,1,4.85875906788848,468,1,11.7360000610352,35.4360008239746,0.0242970008403063,0,115.835098266602,-86.025,21.9528,57.9287693174058,63,63,63,63,61,63,0,9004,1.9064526870154,22,-86,0.001869,51,2024-06-21 03:15:42.000343,468,1.037,0.0011,"aoml_navis",1029.06934263215
"7901009",38,0,1,0.026166,1,0.003738,1,120.08691717036,1,4.85870649270462,470,1,11.7089996337891,35.431999206543,0.0261659994721413,0,115.800903320312,-86.025,21.9528,57.9287693174058,63,63,63,63,61,63,0,9004,1.9064526870154,22,-86,0.001869,51,2024-06-21 03:15:42.000343,470,1.037,0.0011,"aoml_navis",1029.08047800531
"7901009",38,0,1,0.024297,1,0.001869,1,120.095311561594,1,4.85865859535426,472,1,11.6870002746582,35.4280014038086,0.0242970008403063,0,115.80899810791,-86.025,21.9528,57.9287693174058,63,63,63,63,61,63,0,9004,1.9064526870154,22,-86,0.001869,51,2024-06-21 03:15:42.000343,472,1.037,0.0011,"aoml_navis",1029.09062282764
"7901009",38,0,1,0.026166,1,0.003738,1,120.058292375369,1,4.85861001607681,474,1,11.6759996414185,35.4269981384277,0.0261659994721413,0,115.773300170898,-86.025,21.9528,57.9287693174058,63,63,63,63,61,63,0,9004,1.9064526870154,22,-86,0.001869,51,2024-06-21 03:15:42.000343,474,1.037,0.0011,"aoml_navis",1029.10091228877
"7901009",38,0,1,0.024297,1,0.001869,1,120.034960556566,1,4.8585680273796,476,1,11.6759996414185,35.4269981384277,0.0242970008403063,0,115.750801086426,-86.025,21.9528,57.9287693174058,63,63,63,63,61,63,0,9004,1.9064526870154,22,-86,0.001869,51,2024-06-21 03:15:42.000343,476,1.037,0.0011,"aoml_navis",1029.10980598057
"7901009",38,0,1,0.022428,1,0,1,119.972220196069,1,4.8585278310159,478,1,11.673999786377,35.4259986877441,0.0224280003458261,0,115.690299987793,-86.025,21.9528,57.9287693174058,63,63,63,63,61,63,0,9004,1.9064526870154,22,-86,0.001869,51,2024-06-21 03:15:42.000343,478,1.037,0.0011,"aoml_navis",1029.11832017941
"7901009",38,0,1,0.022428,1,0,1,119.91538993006,1,4.85848304875712,480,1,11.6709995269775,35.4259986877441,0.0224280003458261,0,115.635498046875,-86.025,21.9528,57.9287693174058,63,63,63,63,61,63,0,9004,1.9064526870154,22,-86,0.001869,51,2024-06-21 03:15:42.000343,480,1.037,0.0011,"aoml_navis",1029.12780590622
"7901009",38,0,1,0.024297,1,0.001869,1,119.852238157362,1,4.85843819359896,482,1,11.6639995574951,35.4249992370605,0.0242970008403063,0,115.574600219727,-86.025,21.9528,57.9287693174058,63,63,63,63,61,63,0,9004,1.9064526870154,22,-86,0.001869,51,2024-06-21 03:15:42.000343,482,1.037,0.0011,"aoml_navis",1029.1373072498
"7901009",38,0,1,0.026166,1,0.003738,1,119.801420838891,1,4.85839226257978,484,1,11.6479997634888,35.4220008850098,0.0261659994721413,0,115.525596618652,-86.025,21.9528,57.9287693174058,63,63,63,63,61,63,0,9004,1.9064526870154,22,-86,0.001869,51,2024-06-21 03:15:42.000343,484,1.037,0.0011,"aoml_navis",1029.14703666703
"7901009",38,0,1,0.020559,1,-0.001869,1,119.755073672209,1,4.85834648264761,486,1,11.6400003433228,35.4210014343262,0.020558999851346,0,115.480903625488,-86.025,21.9528,57.9287693174058,63,63,63,63,61,63,0,9004,1.9064526870154,22,-86,0.001869,51,2024-06-21 03:15:42.000343,486,1.037,0.0011,"aoml_navis",1029.15673426305
"7901009",38,0,1,0.026166,1,0.003738,1,119.689326837942,1,4.85830444404328,488,1,11.6359996795654,35.4199981689453,0.0261659994721413,0,115.417503356934,-86.025,21.9528,57.9287693174058,63,63,63,63,61,63,0,9004,1.9064526870154,22,-86,0.001869,51,2024-06-21 03:15:42.000343,488,1.037,0.0011,"aoml_navis",1029.16563949187
"7901009",38,0,1,0.024297,1,0.001869,1,119.645661762332,1,4.85826332605909,490,1,11.6330003738403,35.4189987182617,0.0242970008403063,0,115.375396728516,-86.025,21.9528,57.9287693174058,63,63,63,63,61,63,0,9004,1.9064526870154,22,-86,0.001869,51,2024-06-21 03:15:42.000343,490,1.037,0.0011,"aoml_navis",1029.17434985062
"7901009",38,0,1,0.022428,1,0,1,119.634775162579,1,4.8582166200838,492,1,11.6239995956421,35.4179992675781,0.0224280003458261,0,115.364898681641,-86.025,21.9528,57.9287693174058,63,63,63,63,61,63,0,9004,1.9064526870154,22,-86,0.001869,51,2024-06-21 03:15:42.000343,492,1.037,0.0011,"aoml_navis",1029.18424413808
"7901009",38,0,1,0.022428,1,0,1,119.566955443767,1,4.85817185124415,494,1,11.621000289917,35.4179992675781,0.0224280003458261,0,115.299499511719,-86.025,21.9528,57.9287693174058,63,63,63,63,61,63,0,9004,1.9064526870154,22,-86,0.001869,51,2024-06-21 03:15:42.000343,494,1.037,0.0011,"aoml_navis",1029.19372823741
"7901009",38,0,1,0.026166,1,0.003738,1,119.485859769732,1,4.85812794383656,496,1,11.6149997711182,35.4169998168945,0.0261659994721413,0,115.221298217773,-86.025,21.9528,57.9287693174058,63,63,63,63,61,63,0,9004,1.9064526870154,22,-86,0.001869,51,2024-06-21 03:15:42.000343,496,1.037,0.0011,"aoml_navis",1029.20303001559
"7901009",38,0,1,0.026166,1,0.003738,1,119.441688340645,1,4.8580821078859,498,1,11.6029996871948,35.4150009155273,0.0261659994721413,0,115.178703308105,-86.025,21.9528,57.9287693174058,63,63,63,63,61,63,0,9004,1.9064526870154,22,-86,0.001869,51,2024-06-21 03:15:42.000343,498,1.037,0.0011,"aoml_navis",1029.21274053473
"7901009",38,0,1,0.024297,1,0.001869,1,119.333423637865,1,4.85803815263817,500,1,11.5930004119873,35.4129981994629,0.0242970008403063,0,115.07430267334,-86.025,21.9528,57.9287693174058,63,63,63,63,61,63,0,9004,1.9064526870154,22,-86,0.001869,51,2024-06-21 03:15:42.000343,500,1.037,0.0011,"aoml_navis",1029.22205279198
"7901009",38,0,1,0.026166,1,0.003738,1,119.180979594225,1,4.85799525082531,502,1,11.5920000076294,35.4129981994629,0.0261659994721413,0,114.927299499512,-86.025,21.9528,57.9287693174058,63,63,63,63,61,63,0,9004,1.9064526870154,22,-86,0.001869,51,2024-06-21 03:15:42.000343,502,1.037,0.0011,"aoml_navis",1029.23114203345
"7901009",38,0,1,0.022428,1,0,1,118.94952067287,1,4.85795232250762,503.899993896484,1,11.5729999542236,35.4090003967285,0.0224280003458261,0,114.7041015625,-86.025,21.9528,57.9287693174058,63,63,63,63,61,63,0,9004,1.9064526870154,22,-86,0.001869,51,2024-06-21 03:15:42.000343,503.899993896484,1.037,0.0011,"aoml_navis",1029.24023705096
"7901009",38,0,1,0.020559,1,-0.001869,1,118.92784241464,1,4.85787988081009,506,1,11.5069999694824,35.4000015258789,0.020558999851346,0,114.683197021484,-86.025,21.9528,57.9287693174058,63,63,63,63,61,63,0,9004,1.9064526870154,22,-86,0.001869,51,2024-06-21 03:15:42.000343,506,1.037,0.0011,"aoml_navis",1029.25558529171
"7901009",38,0,1,0.024297,1,0.001869,1,118.856185485885,1,4.85783307704845,508,1,11.4860000610352,35.3959999084473,0.0242970008403063,0,114.614097595215,-86.025,21.9528,57.9287693174058,63,63,63,63,61,63,0,9004,1.9064526870154,22,-86,0.001869,51,2024-06-21 03:15:42.000343,508,1.037,0.0011,"aoml_navis",1029.26550185992
"7901009",38,0,1,0.026166,1,0.003738,1,118.707586563961,1,4.85778354581684,510,1,11.4659996032715,35.3930015563965,0.0261659994721413,0,114.470802307129,-86.025,21.9528,57.9287693174058,63,63,63,63,61,63,0,9004,1.9064526870154,22,-86,0.001869,51,2024-06-21 03:15:42.000343,510,1.037,0.0011,"aoml_navis",1029.27599652019
"7901009",38,0,4,0.01869,1,-0.003738,1,118.616846438545,1,4.85772938015432,512,1,11.4370002746582,35.3889999389648,0.0186899993568659,0,114.38330078125,-86.025,21.9528,57.9287693174058,63,63,63,63,61,63,0,9004,1.9064526870154,22,-86,0.001869,51,2024-06-21 03:15:42.000343,512,1.037,0.0011,"aoml_navis",1029.28747336707
"7901009",38,0,1,0.024297,1,0.001869,1,118.604401219496,1,4.85767059682451,514,1,11.3990001678467,35.3839988708496,0.0242970008403063,0,114.371299743652,-86.025,21.9528,57.9287693174058,63,63,63,63,61,63,0,9004,1.9064526870154,22,-86,0.001869,51,2024-06-21 03:15:42.000343,514,1.037,0.0011,"aoml_navis",1029.29992891419
"7901009",38,0,1,0.024297,1,0.001869,1,118.579613634447,1,4.85762020954113,516,1,11.3780002593994,35.3810005187988,0.0242970008403063,0,114.347396850586,-86.025,21.9528,57.9287693174058,63,63,63,63,61,63,0,9004,1.9064526870154,22,-86,0.001869,51,2024-06-21 03:15:42.000343,516,1.037,0.0011,"aoml_navis",1029.31060567049
"7901009",38,0,1,0.028035,1,0.005607,1,118.42738320868,1,4.85757726808268,518,1,11.3730001449585,35.3800010681152,0.0280349999666214,0,114.20059967041,-86.025,21.9528,57.9287693174058,63,63,63,63,61,63,0,9004,1.9064526870154,22,-86,0.001869,51,2024-06-21 03:15:42.000343,518,1.037,0.0011,"aoml_navis",1029.31970487698
"7901009",38,0,1,0.026166,1,0.003738,1,118.229525587581,1,4.85753799738558,520,1,11.3680000305176,35.3779983520508,0.0261659994721413,0,114.009803771973,-86.025,21.9528,57.9287693174058,63,63,63,63,61,63,0,9004,1.9064526870154,22,-86,0.001869,51,2024-06-21 03:15:42.000343,520,1.037,0.0011,"aoml_navis",1029.32802639755
"7901009",38,0,1,0.024297,1,0.001869,1,118.00396884894,1,4.85749223671853,522,1,11.3520002365112,35.375,0.0242970008403063,0,113.792297363281,-86.025,21.9528,57.9287693174058,63,63,63,63,61,63,0,9004,1.9064526870154,22,-86,0.001869,51,2024-06-21 03:15:42.000343,522,1.037,0.0011,"aoml_navis",1029.33772332238
"7901009",38,0,1,0.026166,1,0.003738,1,117.761101150808,1,4.85741971707744,524,1,11.2829999923706,35.3660011291504,0.0261659994721413,0,113.558097839355,-86.025,21.9528,57.9287693174058,63,63,63,63,61,63,0,9004,1.9064526870154,22,-86,0.001869,51,2024-06-21 03:15:42.000343,524,1.037,0.0011,"aoml_navis",1029.35309098806
"7901009",38,0,1,0.026166,1,0.003738,1,117.532751556272,1,4.8573565623587,526,1,11.2200002670288,35.3559989929199,0.0261659994721413,0,113.337898254395,-86.025,21.9528,57.9287693174058,63,63,63,63,61,63,0,9004,1.9064526870154,22,-86,0.001869,51,2024-06-21 03:15:42.000343,526,1.037,0.0011,"aoml_navis",1029.36647450317
"7901009",38,0,1,0.024297,1,0.001869,1,117.327733780538,1,4.85729994653832,528,1,11.1680002212524,35.3470001220703,0.0242970008403063,0,113.140197753906,-86.025,21.9528,57.9287693174058,63,63,63,63,61,63,0,9004,1.9064526870154,22,-86,0.001869,51,2024-06-21 03:15:42.000343,528,1.037,0.0011,"aoml_navis",1029.37847261489
"7901009",38,0,1,0.024297,1,0.001869,1,117.088291880148,1,4.85723617857675,530,1,11.1040000915527,35.3370018005371,0.0242970008403063,0,112.909301757812,-86.025,21.9528,57.9287693174058,63,63,63,63,61,63,0,9004,1.9064526870154,22,-86,0.001869,51,2024-06-21 03:15:42.000343,530,1.037,0.0011,"aoml_navis",1029.3919867543
"7901009",38,0,1,0.024297,1,0.001869,1,116.798135514338,1,4.85717169402135,532,1,11.0389995574951,35.3269996643066,0.0242970008403063,0,112.629501342773,-86.025,21.9528,57.9287693174058,63,63,63,63,61,63,0,9004,1.9064526870154,22,-86,0.001869,51,2024-06-21 03:15:42.000343,532,1.037,0.0011,"aoml_navis",1029.40565312
"7901009",38,0,1,0.026166,1,0.003738,1,116.763703477908,1,4.85709410973833,534,1,10.9350004196167,35.3110008239746,0.0261659994721413,0,112.596298217773,-86.025,21.9528,57.9287693174058,63,63,63,63,61,63,0,9004,1.9064526870154,22,-86,0.001869,51,2024-06-21 03:15:42.000343,534,1.037,0.0011,"aoml_navis",1029.42209622316
"7901009",38,0,4,0.020559,1,-0.001869,1,116.628064040283,1,4.85703886343425,536,1,10.8959999084473,35.3050003051758,0.020558999851346,0,112.46549987793,-86.025,21.9528,57.9287693174058,63,63,63,63,61,63,0,9004,1.9064526870154,22,-86,0.001869,51,2024-06-21 03:15:42.000343,536,1.037,0.0011,"aoml_navis",1029.43380536689
"7901009",38,0,1,0.029904,1,0.007476,1,116.555062110106,1,4.85696778583489,538,1,10.8229999542236,35.2949981689453,0.0299040004611015,0,112.39510345459,-86.025,21.9528,57.9287693174058,63,63,63,63,61,63,0,9004,1.9064526870154,22,-86,0.001869,51,2024-06-21 03:15:42.000343,538,1.037,0.0011,"aoml_navis",1029.44887025651
"7901009",38,0,1,0.029904,1,0.007476,1,116.489726688039,1,4.85689961020602,540,1,10.7530002593994,35.2849998474121,0.0299040004611015,0,112.332099914551,-86.025,21.9528,57.9287693174058,63,63,63,63,61,63,0,9004,1.9064526870154,22,-86,0.001869,51,2024-06-21 03:15:42.000343,540,1.037,0.0011,"aoml_navis",1029.46332048809
"7901009",38,0,1,0.026166,1,0.003738,1,116.390275700467,1,4.85684198379807,542,1,10.7110004425049,35.2789993286133,0.0261659994721413,0,112.236198425293,-86.025,21.9528,57.9287693174058,63,63,63,63,61,63,0,9004,1.9064526870154,22,-86,0.001869,51,2024-06-21 03:15:42.000343,542,1.037,0.0011,"aoml_navis",1029.47553506568
"7901009",38,0,1,0.029904,1,0.007476,1,116.333136875307,1,4.85678868038229,544,1,10.6820001602173,35.2750015258789,0.0299040004611015,0,112.181098937988,-86.025,21.9528,57.9287693174058,63,63,63,63,61,63,0,9004,1.9064526870154,22,-86,0.001869,51,2024-06-21 03:15:42.000343,544,1.037,0.0011,"aoml_navis",1029.4868335936
"7901009",38,0,1,0.028035,1,0.005607,1,116.253908379718,1,4.85672939578917,546,1,10.6379995346069,35.2690010070801,0.0280349999666214,0,112.104698181152,-86.025,21.9528,57.9287693174058,63,63,63,63,61,63,0,9004,1.9064526870154,22,-86,0.001869,51,2024-06-21 03:15:42.000343,546,1.037,0.0011,"aoml_navis",1029.49940022087
"7901009",38,0,4,0.022428,1,0,1,116.252357672195,1,4.85667285536961,548,1,10.5970001220703,35.2630004882812,0.0224280003458261,0,112.103202819824,-86.025,21.9528,57.9287693174058,63,63,63,63,61,63,0,9004,1.9064526870154,22,-86,0.001869,51,2024-06-21 03:15:42.000343,548,1.037,0.0011,"aoml_navis",1029.51138544815
"7901009",38,0,1,0.028035,1,0.005607,1,116.285128236279,1,4.85661892569142,550,1,10.5629997253418,35.257999420166,0.0280349999666214,0,112.134803771973,-86.025,21.9528,57.9287693174058,63,63,63,63,61,63,0,9004,1.9064526870154,22,-86,0.001869,51,2024-06-21 03:15:42.000343,550,1.037,0.0011,"aoml_navis",1029.52281752025
"7901009",38,0,1,0.026166,1,0.003738,1,116.299021309801,1,4.85656998218899,552,1,10.5469999313354,35.2560005187988,0.0261659994721413,0,112.14820098877,-86.025,21.9528,57.9287693174058,63,63,63,63,61,63,0,9004,1.9064526870154,22,-86,0.001869,51,2024-06-21 03:15:42.000343,552,1.037,0.0011,"aoml_navis",1029.53319283713
"7901009",38,0,1,0.026166,1,0.003738,1,116.312605824174,1,4.85651561789786,554,1,10.5290002822876,35.2550010681152,0.0261659994721413,0,112.16130065918,-86.025,21.9528,57.9287693174058,63,63,63,63,61,63,0,9004,1.9064526870154,22,-86,0.001869,51,2024-06-21 03:15:42.000343,554,1.037,0.0011,"aoml_navis",1029.54471752821
"7901009",38,0,4,0.020559,1,-0.001869,1,116.290935477717,1,4.85645963414971,556,1,10.5050001144409,35.2529983520508,0.020558999851346,0,112.140403747559,-86.025,21.9528,57.9287693174058,63,63,63,63,61,63,0,9004,1.9064526870154,22,-86,0.001869,51,2024-06-21 03:15:42.000343,556,1.037,0.0011,"aoml_navis",1029.5565857978
"7901009",38,0,1,0.029904,1,0.007476,1,116.268845807287,1,4.85639862089406,558,1,10.4670000076294,35.2490005493164,0.0299040004611015,0,112.119102478027,-86.025,21.9528,57.9287693174058,63,63,63,63,61,63,0,9004,1.9064526870154,22,-86,0.001869,51,2024-06-21 03:15:42.000343,558,1.037,0.0011,"aoml_navis",1029.56952060898
"7901009",38,0,1,0.022428,1,0,1,116.326190338546,1,4.85633640023886,559.900024414062,1,10.4209995269775,35.2439994812012,0.0224280003458261,0,112.17440032959,-86.025,21.9528,57.9287693174058,63,63,63,63,61,63,0,9004,1.9064526870154,22,-86,0.001869,51,2024-06-21 03:15:42.000343,559.900024414062,1.037,0.0011,"aoml_navis",1029.58271172361
"7901009",38,0,1,0.026166,1,0.003738,1,116.283672470033,1,4.85627692830366,562,1,10.3870000839233,35.2400016784668,0.0261659994721413,0,112.133399963379,-86.025,21.9528,57.9287693174058,63,63,63,63,61,63,0,9004,1.9064526870154,22,-86,0.001869,51,2024-06-21 03:15:42.000343,562,1.037,0.0011,"aoml_navis",1029.59532041072
"7901009",38,0,1,0.024297,1,0.001869,1,116.262824947976,1,4.85622883305291,564,1,10.3760004043579,35.2389984130859,0.0242970008403063,0,112.113296508789,-86.025,21.9528,57.9287693174058,63,63,63,63,61,63,0,9004,1.9064526870154,22,-86,0.001869,51,2024-06-21 03:15:42.000343,564,1.037,0.0011,"aoml_navis",1029.60551734476
"7901009",38,0,1,0.028035,1,0.005607,1,116.159750368334,1,4.85618526687655,566,1,10.3660001754761,35.2369995117188,0.0280349999666214,0,112.013900756836,-86.025,21.9528,57.9287693174058,63,63,63,63,61,63,0,9004,1.9064526870154,22,-86,0.001869,51,2024-06-21 03:15:42.000343,566,1.037,0.0011,"aoml_navis",1029.61475421961
"7901009",38,0,1,0.026166,1,0.003738,1,116.030432437397,1,4.8561389220038,568,1,10.3570003509521,35.2360000610352,0.0261659994721413,0,111.889198303223,-86.025,21.9528,57.9287693174058,63,63,63,63,61,63,0,9004,1.9064526870154,22,-86,0.001869,51,2024-06-21 03:15:42.000343,568,1.037,0.0011,"aoml_navis",1029.62458041395
"7901009",38,0,1,0.026166,1,0.003738,1,115.921131292344,1,4.85609009723088,570,1,10.3409996032715,35.234001159668,0.0261659994721413,0,111.783798217773,-86.025,21.9528,57.9287693174058,63,63,63,63,61,63,0,9004,1.9064526870154,22,-86,0.001869,51,2024-06-21 03:15:42.000343,570,1.037,0.0011,"aoml_navis",1029.63493260786
"7901009",38,0,1,0.026166,1,0.003738,1,115.653998186186,1,4.85604686466037,572,1,10.3229999542236,35.2299995422363,0.0261659994721413,0,111.52619934082,-86.025,21.9528,57.9287693174058,63,63,63,63,61,63,0,9004,1.9064526870154,22,-86,0.001869,51,2024-06-21 03:15:42.000343,572,1.037,0.0011,"aoml_navis",1029.64409927491
"7901009",38,0,1,0.024297,1,0.001869,1,115.426890740023,1,4.85599274082227,574,1,10.2799997329712,35.2229995727539,0.0242970008403063,0,111.307197570801,-86.025,21.9528,57.9287693174058,63,63,63,63,61,63,0,9004,1.9064526870154,22,-86,0.001869,51,2024-06-21 03:15:42.000343,574,1.037,0.0011,"aoml_navis",1029.65557546393
"7901009",38,0,1,0.028035,1,0.005607,1,115.248527727784,1,4.85591044409826,576,1,10.1920003890991,35.2130012512207,0.0280349999666214,0,111.135200500488,-86.025,21.9528,57.9287693174058,63,63,63,63,61,63,0,9004,1.9064526870154,22,-86,0.001869,51,2024-06-21 03:15:42.000343,576,1.037,0.0011,"aoml_navis",1029.67302580237
"7901009",38,0,1,0.022428,1,0,1,115.119106943797,1,4.85584585095809,578,1,10.1239995956421,35.2029991149902,0.0224280003458261,0,111.010398864746,-86.025,21.9528,57.9287693174058,63,63,63,63,61,63,0,9004,1.9064526870154,22,-86,0.001869,51,2024-06-21 03:15:42.000343,578,1.037,0.0011,"aoml_navis",1029.68672265687
"7901009",38,0,1,0.026166,1,0.003738,1,115.108117490994,1,4.85577392010486,580,1,10.0600004196167,35.1959991455078,0.0261659994721413,0,110.999801635742,-86.025,21.9528,57.9287693174058,63,63,63,63,61,63,0,9004,1.9064526870154,22,-86,0.001869,51,2024-06-21 03:15:42.000343,580,1.037,0.0011,"aoml_navis",1029.70197588854
"7901009",38,0,1,0.026166,1,0.003738,1,115.071715423068,1,4.8557183424996,582,1,10.0190000534058,35.189998626709,0.0261659994721413,0,110.964698791504,-86.025,21.9528,57.9287693174058,63,63,63,63,61,63,0,9004,1.9064526870154,22,-86,0.001869,51,2024-06-21 03:15:42.000343,582,1.037,0.0011,"aoml_navis",1029.71376165656
"7901009",38,0,1,0.028035,1,0.005607,1,114.8842222247,1,4.85566734414187,584,1,9.99600028991699,35.1870002746582,0.0280349999666214,0,110.783897399902,-86.025,21.9528,57.9287693174058,63,63,63,63,61,63,0,9004,1.9064526870154,22,-86,0.001869,51,2024-06-21 03:15:42.000343,584,1.037,0.0011,"aoml_navis",1029.72457658828
"7901009",38,0,1,0.026166,1,0.003738,1,114.730227473537,1,4.85560735012951,586,1,9.95400047302246,35.181999206543,0.0261659994721413,0,110.635398864746,-86.025,21.9528,57.9287693174058,63,63,63,63,61,63,0,9004,1.9064526870154,22,-86,0.001869,51,2024-06-21 03:15:42.000343,586,1.037,0.0011,"aoml_navis",1029.73729946814
"7901009",38,0,1,0.028035,1,0.005607,1,114.547402221283,1,4.85554937495051,588,1,9.90999984741211,35.1759986877441,0.0280349999666214,0,110.459098815918,-86.025,21.9528,57.9287693174058,63,63,63,63,61,63,0,9004,1.9064526870154,22,-86,0.001869,51,2024-06-21 03:15:42.000343,588,1.037,0.0011,"aoml_navis",1029.74959451441
"7901009",38,0,1,0.028035,1,0.005607,1,114.459360010487,1,4.85548425520383,590,1,9.84899997711182,35.1679992675781,0.0280349999666214,0,110.374198913574,-86.025,21.9528,57.9287693174058,63,63,63,63,61,63,0,9004,1.9064526870154,22,-86,0.001869,51,2024-06-21 03:15:42.000343,590,1.037,0.0011,"aoml_navis",1029.76340509009
"7901009",38,0,1,0.028035,1,0.005607,1,114.421818647238,1,4.85541768992761,592,1,9.79899978637695,35.1629981994629,0.0280349999666214,0,110.337997436523,-86.025,21.9528,57.9287693174058,63,63,63,63,61,63,0,9004,1.9064526870154,22,-86,0.001869,51,2024-06-21 03:15:42.000343,592,1.037,0.0011,"aoml_navis",1029.77752261609
"7901009",38,0,1,0.029904,1,0.007476,1,114.27498405071,1,4.85537516659947,594,1,9.78999996185303,35.1609992980957,0.0299040004611015,0,110.196403503418,-86.025,21.9528,57.9287693174058,63,63,63,63,61,63,0,9004,1.9064526870154,22,-86,0.001869,51,2024-06-21 03:15:42.000343,594,1.037,0.0011,"aoml_navis",1029.78654139755
"7901009",38,0,1,0.028035,1,0.005607,1,114.131765134478,1,4.85532437369659,596,1,9.76700019836426,35.1580009460449,0.0280349999666214,0,110.058296203613,-86.025,21.9528,57.9287693174058,63,63,63,63,61,63,0,9004,1.9064526870154,22,-86,0.001869,51,2024-06-21 03:15:42.000343,596,1.037,0.0011,"aoml_navis",1029.79731428186
"7901009",38,0,1,0.028035,1,0.005607,1,113.943029787736,1,4.85526935835908,598,1,9.73900032043457,35.1549987792969,0.0280349999666214,0,109.87629699707,-86.025,21.9528,57.9287693174058,63,63,63,63,61,63,0,9004,1.9064526870154,22,-86,0.001869,51,2024-06-21 03:15:42.000343,598,1.037,0.0011,"aoml_navis",1029.8089829747
"7901009",38,0,1,0.026166,1,0.003738,1,113.636385286833,1,4.85522574112152,600,1,9.73299980163574,35.1539993286133,0.0261659994721413,0,109.580596923828,-86.025,21.9528,57.9287693174058,63,63,63,63,61,63,0,9004,1.9064526870154,22,-86,0.001869,51,2024-06-21 03:15:42.000343,600,1.037,0.0011,"aoml_navis",1029.81823433096
"7901009",38,0,1,0.029904,1,0.007476,1,113.164028698842,1,4.85517735049127,602,1,9.72999954223633,35.1549987792969,0.0299040004611015,0,109.125099182129,-86.025,21.9528,57.9287693174058,63,63,63,63,61,63,0,9004,1.9064526870154,22,-86,0.001869,51,2024-06-21 03:15:42.000343,602,1.037,0.0011,"aoml_navis",1029.82849833366
"7901009",38,0,1,0.033642,1,0.011214,1,112.672486061139,1,4.85512778253163,604,1,9.71700000762939,35.1539993286133,0.0336420014500618,0,108.651100158691,-86.025,21.9528,57.9287693174058,63,63,63,63,61,63,0,9004,1.9064526870154,22,-86,0.001869,51,2024-06-21 03:15:42.000343,604,1.037,0.0011,"aoml_navis",1029.83901226856
"7901009",38,0,1,0.026166,1,0.003738,1,112.530833675976,1,4.85506664168856,606,1,9.69900035858154,35.1549987792969,0.0261659994721413,0,108.514503479004,-86.025,21.9528,57.9287693174058,63,63,63,63,61,63,0,9004,1.9064526870154,22,-86,0.001869,51,2024-06-21 03:15:42.000343,606,1.037,0.0011,"aoml_navis",1029.85198124099
"7901009",38,0,1,0.029904,1,0.007476,1,112.480427769705,1,4.85501252775321,608,1,9.67199993133545,35.1520004272461,0.0299040004611015,0,108.465896606445,-86.025,21.9528,57.9287693174058,63,63,63,63,61,63,0,9004,1.9064526870154,22,-86,0.001869,51,2024-06-21 03:15:42.000343,608,1.037,0.0011,"aoml_navis",1029.8634599639
"7901009",38,0,1,0.029904,1,0.007476,1,112.403794335685,1,4.8549641057456,610,1,9.6560001373291,35.1500015258789,0.0299040004611015,0,108.391998291016,-86.025,21.9528,57.9287693174058,63,63,63,63,61,63,0,9004,1.9064526870154,22,-86,0.001869,51,2024-06-21 03:15:42.000343,610,1.037,0.0011,"aoml_navis",1029.87373152414
"7901009",38,0,4,0.024297,1,0.001869,1,112.253114617442,1,4.85490892702827,612,1,9.63199996948242,35.1479988098145,0.0242970008403063,0,108.246696472168,-86.025,21.9528,57.9287693174058,63,63,63,63,61,63,0,9004,1.9064526870154,22,-86,0.001869,51,2024-06-21 03:15:42.000343,612,1.037,0.0011,"aoml_navis",1029.88543660705
"7901009",38,0,1,0.031773,1,0.009345,1,112.035137357409,1,4.85485968120336,614,1,9.61499977111816,35.1459999084473,0.0317730009555817,0,108.036499023438,-86.025,21.9528,57.9287693174058,63,63,63,63,61,63,0,9004,1.9064526870154,22,-86,0.001869,51,2024-06-21 03:15:42.000343,614,1.037,0.0011,"aoml_navis",1029.89588336787
"7901009",38,0,1,0.024297,1,0.001869,1,111.754316883828,1,4.8548087540848,616,1,9.5959997177124,35.1440010070801,0.0242970008403063,0,107.765701293945,-86.025,21.9528,57.9287693174058,63,63,63,63,61,63,0,9004,1.9064526870154,22,-86,0.001869,51,2024-06-21 03:15:42.000343,616,1.037,0.0011,"aoml_navis",1029.90668701276
"7901009",38,0,1,0.028035,1,0.005607,1,111.499312525797,1,4.85475783774966,618,1,9.59000015258789,35.1450004577637,0.0280349999666214,0,107.519798278809,-86.025,21.9528,57.9287693174058,63,63,63,63,61,63,0,9004,1.9064526870154,22,-86,0.001869,51,2024-06-21 03:15:42.000343,618,1.037,0.0011,"aoml_navis",1029.91748859664
"7901009",38,0,1,0.029904,1,0.007476,1,111.210089749209,1,4.85471284372884,620,1,9.59099960327148,35.1459999084473,0.0299040004611015,0,107.240898132324,-86.025,21.9528,57.9287693174058,63,63,63,63,61,63,0,9004,1.9064526870154,22,-86,0.001869,51,2024-06-21 03:15:42.000343,620,1.037,0.0011,"aoml_navis",1029.92703398695
"7901009",38,0,1,0.028035,1,0.005607,1,111.132317019866,1,4.85466700712441,622,1,9.59099960327148,35.1469993591309,0.0280349999666214,0,107.165901184082,-86.025,21.9528,57.9287693174058,63,63,63,63,61,63,0,9004,1.9064526870154,22,-86,0.001869,51,2024-06-21 03:15:42.000343,622,1.037,0.0011,"aoml_navis",1029.9367583116
"7901009",38,0,1,0.029904,1,0.007476,1,111.215066254474,1,4.85460935777414,624,1,9.55099964141846,35.1419982910156,0.0299040004611015,0,107.245697021484,-86.025,21.9528,57.9287693174058,63,63,63,63,61,63,0,9004,1.9064526870154,22,-86,0.001869,51,2024-06-21 03:15:42.000343,624,1.037,0.0011,"aoml_navis",1029.94898899394
"7901009",38,0,1,0.026166,1,0.003738,1,111.244418932588,1,4.85455033114324,626,1,9.51799964904785,35.1389999389648,0.0261659994721413,0,107.274002075195,-86.025,21.9528,57.9287693174058,63,63,63,63,61,63,0,9004,1.9064526870154,22,-86,0.001869,51,2024-06-21 03:15:42.000343,626,1.037,0.0011,"aoml_navis",1029.96151217625
"7901009",38,0,1,0.026166,1,0.003738,1,111.188625108852,1,4.85451211026668,628,1,9.51399993896484,35.1370010375977,0.0261659994721413,0,107.220199584961,-86.025,21.9528,57.9287693174058,63,63,63,63,61,63,0,9004,1.9064526870154,22,-86,0.001869,51,2024-06-21 03:15:42.000343,628,1.037,0.0011,"aoml_navis",1029.96962133963
"7901009",38,0,1,0.028035,1,0.005607,1,111.245249668761,1,4.85446101686782,630,1,9.48600006103516,35.132999420166,0.0280349999666214,0,107.274803161621,-86.025,21.9528,57.9287693174058,63,63,63,63,61,63,0,9004,1.9064526870154,22,-86,0.001869,51,2024-06-21 03:15:42.000343,630,1.037,0.0011,"aoml_navis",1029.98046181161
"7901009",38,0,1,0.026166,1,0.003738,1,111.636304876618,1,4.85438851088705,632,1,9.41499996185303,35.125,0.0261659994721413,0,107.651901245117,-86.025,21.9528,57.9287693174058,63,63,63,63,61,63,0,9004,1.9064526870154,22,-86,0.001869,51,2024-06-21 03:15:42.000343,632,1.037,0.0011,"aoml_navis",1029.99584577674
"7901009",38,0,1,0.029904,1,0.007476,1,112.125980335874,1,4.85432792725458,634,1,9.35799980163574,35.117000579834,0.0299040004611015,0,108.124099731445,-86.025,21.9528,57.9287693174058,63,63,63,63,61,63,0,9004,1.9064526870154,22,-86,0.001869,51,2024-06-21 03:15:42.000343,634,1.037,0.0011,"aoml_navis",1030.00870046862
"7901009",38,0,1,0.024297,1,0.001869,1,112.680469040174,1,4.85426051075436,636,1,9.27499961853027,35.1049995422363,0.0242970008403063,0,108.658798217773,-86.025,21.9528,57.9287693174058,63,63,63,63,61,63,0,9004,1.9064526870154,22,-86,0.001869,51,2024-06-21 03:15:42.000343,636,1.037,0.0011,"aoml_navis",1030.02300534196
"7901009",38,0,1,0.029904,1,0.007476,1,112.797863929084,1,4.85419849038966,638,1,9.20699977874756,35.0950012207031,0.0299040004611015,0,108.772003173828,-86.025,21.9528,57.9287693174058,63,63,63,63,61,63,0,9004,1.9064526870154,22,-86,0.001869,51,2024-06-21 03:15:42.000343,638,1.037,0.0011,"aoml_navis",1030.03616557893
"7901009",38,0,1,0.026166,1,0.003738,1,112.545557485672,1,4.85414278487179,640,1,9.17300033569336,35.0909996032715,0.0261659994721413,0,108.528701782227,-86.025,21.9528,57.9287693174058,63,63,63,63,61,63,0,9004,1.9064526870154,22,-86,0.001869,51,2024-06-21 03:15:42.000343,640,1.037,0.0011,"aoml_navis",1030.0479861414
"7901009",38,0,1,0.024297,1,0.001869,1,112.639090466983,1,4.85405733132869,642,1,9.0939998626709,35.0849990844727,0.0242970008403063,0,108.618896484375,-86.025,21.9528,57.9287693174058,63,63,63,63,61,63,0,9004,1.9064526870154,22,-86,0.001869,51,2024-06-21 03:15:42.000343,642,1.037,0.0011,"aoml_navis",1030.06611968288
"7901009",38,0,1,0.026166,1,0.003738,1,112.770069870266,1,4.85401164505438,644,1,9.07199954986572,35.0810012817383,0.0261659994721413,0,108.74520111084,-86.025,21.9528,57.9287693174058,63,63,63,63,61,63,0,9004,1.9064526870154,22,-86,0.001869,51,2024-06-21 03:15:42.000343,644,1.037,0.0011,"aoml_navis",1030.07581473241
"7901009",38,0,1,0.028035,1,0.005607,1,112.895550591261,1,4.85395322476132,646,1,9.02999973297119,35.076000213623,0.0280349999666214,0,108.866203308105,-86.025,21.9528,57.9287693174058,63,63,63,63,61,63,0,9004,1.9064526870154,22,-86,0.001869,51,2024-06-21 03:15:42.000343,646,1.037,0.0011,"aoml_navis",1030.08821232427
"7901009",38,0,1,0.028035,1,0.005607,1,113.025897052697,1,4.85389612793614,648,1,8.99400043487549,35.0719985961914,0.0280349999666214,0,108.991897583008,-86.025,21.9528,57.9287693174058,63,63,63,63,61,63,0,9004,1.9064526870154,22,-86,0.001869,51,2024-06-21 03:15:42.000343,648,1.037,0.0011,"aoml_navis",1030.10032934635
"7901009",38,0,1,0.028035,1,0.005607,1,113.199805736694,1,4.85383455861223,650,1,8.94799995422363,35.0670013427734,0.0280349999666214,0,109.159599304199,-86.025,21.9528,57.9287693174058,63,63,63,63,61,63,0,9004,1.9064526870154,22,-86,0.001869,51,2024-06-21 03:15:42.000343,650,1.037,0.0011,"aoml_navis",1030.11339583638
"7901009",38,0,1,0.028035,1,0.005607,1,113.363239233137,1,4.85378574626545,652,1,8.92199993133545,35.0629997253418,0.0280349999666214,0,109.317199707031,-86.025,21.9528,57.9287693174058,63,63,63,63,61,63,0,9004,1.9064526870154,22,-86,0.001869,51,2024-06-21 03:15:42.000343,652,1.037,0.0011,"aoml_navis",1030.12375522489
"7901009",38,0,1,0.029904,1,0.007476,1,113.639186054502,1,4.85373288352975,654,1,8.89099979400635,35.0589981079102,0.0299040004611015,0,109.583297729492,-86.025,21.9528,57.9287693174058,63,63,63,63,61,63,0,9004,1.9064526870154,22,-86,0.001869,51,2024-06-21 03:15:42.000343,654,1.037,0.0011,"aoml_navis",1030.13497445782
"7901009",38,0,1,0.029904,1,0.007476,1,114.030249174132,1,4.85366059469631,656,1,8.81799983978271,35.0509986877441,0.0299040004611015,0,109.960403442383,-86.025,21.9528,57.9287693174058,63,63,63,63,61,63,0,9004,1.9064526870154,22,-86,0.001869,51,2024-06-21 03:15:42.000343,656,1.037,0.0011,"aoml_navis",1030.15031695121
"7901009",38,0,1,0.033642,1,0.011214,1,114.305262406274,1,4.85360024500904,658,1,8.76399993896484,35.0439987182617,0.0336420014500618,0,110.225601196289,-86.025,21.9528,57.9287693174058,63,63,63,63,61,63,0,9004,1.9064526870154,22,-86,0.001869,51,2024-06-21 03:15:42.000343,658,1.037,0.0011,"aoml_navis",1030.16312584488
"7901009",38,0,1,0.028035,1,0.005607,1,114.520644604738,1,4.85355198551493,660,1,8.74300003051758,35.0410003662109,0.0280349999666214,0,110.433296203613,-86.025,21.9528,57.9287693174058,63,63,63,63,61,63,0,9004,1.9064526870154,22,-86,0.001869,51,2024-06-21 03:15:42.000343,660,1.037,0.0011,"aoml_navis",1030.17336888986
"7901009",38,0,1,0.029904,1,0.007476,1,114.88350225335,1,4.8534777549404,662,1,8.66699981689453,35.0330009460449,0.0299040004611015,0,110.783203125,-86.025,21.9528,57.9287693174058,63,63,63,63,61,63,0,9004,1.9064526870154,22,-86,0.001869,51,2024-06-21 03:15:42.000343,662,1.037,0.0011,"aoml_navis",1030.18912467672
"7901009",38,0,1,0.031773,1,0.009345,1,115.205487682247,1,4.85340973544745,664,1,8.60299968719482,35.0260009765625,0.0317730009555817,0,111.093696594238,-86.025,21.9528,57.9287693174058,63,63,63,63,61,63,0,9004,1.9064526870154,22,-86,0.001869,51,2024-06-21 03:15:42.000343,664,1.037,0.0011,"aoml_navis",1030.2035625556
"7901009",38,0,1,0.031773,1,0.009345,1,115.449083263503,1,4.85335968697251,666,1,8.57499980926514,35.0219993591309,0.0317730009555817,0,111.328598022461,-86.025,21.9528,57.9287693174058,63,63,63,63,61,63,0,9004,1.9064526870154,22,-86,0.001869,51,2024-06-21 03:15:42.000343,666,1.037,0.0011,"aoml_navis",1030.21418614843
"7901009",38,0,1,0.029904,1,0.007476,1,115.821474598671,1,4.85330965563232,668,1,8.54699993133545,35.0180015563965,0.0299040004611015,0,111.687698364258,-86.025,21.9528,57.9287693174058,63,63,63,63,61,63,0,9004,1.9064526870154,22,-86,0.001869,51,2024-06-21 03:15:42.000343,668,1.037,0.0011,"aoml_navis",1030.22480632313
"7901009",38,0,1,0.029904,1,0.007476,1,116.476553585867,1,4.85323547870049,670,1,8.46100044250488,35.007999420166,0.0299040004611015,0,112.319396972656,-86.025,21.9528,57.9287693174058,63,63,63,63,61,63,0,9004,1.9064526870154,22,-86,0.001869,51,2024-06-21 03:15:42.000343,670,1.037,0.0011,"aoml_navis",1030.24055229622
"7901009",38,0,1,0.028035,1,0.005607,1,117.068069388165,1,4.85314418751493,672,1,8.33899974822998,34.9949989318848,0.0280349999666214,0,112.889801025391,-86.025,21.9528,57.9287693174058,63,63,63,63,61,63,0,9004,1.9064526870154,22,-86,0.001869,51,2024-06-21 03:15:42.000343,672,1.037,0.0011,"aoml_navis",1030.25993187321
"7901009",38,0,1,0.031773,1,0.009345,1,117.367450881383,1,4.85309206537386,674,1,8.29399967193604,34.9879989624023,0.0317730009555817,0,113.178497314453,-86.025,21.9528,57.9287693174058,63,63,63,63,61,63,0,9004,1.9064526870154,22,-86,0.001869,51,2024-06-21 03:15:42.000343,674,1.037,0.0011,"aoml_navis",1030.27099685051
"7901009",38,0,1,0.028035,1,0.005607,1,117.481317119501,1,4.85304656052407,676,1,8.27600002288818,34.9850006103516,0.0280349999666214,0,113.288299560547,-86.025,21.9528,57.9287693174058,63,63,63,63,61,63,0,9004,1.9064526870154,22,-86,0.001869,51,2024-06-21 03:15:42.000343,676,1.037,0.0011,"aoml_navis",1030.28065724143
"7901009",38,0,1,0.028035,1,0.005607,1,117.762240446131,1,4.85299243256515,678,1,8.24699974060059,34.9819984436035,0.0280349999666214,0,113.559196472168,-86.025,21.9528,57.9287693174058,63,63,63,63,61,63,0,9004,1.9064526870154,22,-86,0.001869,51,2024-06-21 03:15:42.000343,678,1.037,0.0011,"aoml_navis",1030.29214849963
"7901009",38,0,1,0.026166,1,0.003738,1,118.20141505784,1,4.85292481501226,680,1,8.18200016021729,34.9749984741211,0.0261659994721413,0,113.982696533203,-86.025,21.9528,57.9287693174058,63,63,63,63,61,63,0,9004,1.9064526870154,22,-86,0.001869,51,2024-06-21 03:15:42.000343,680,1.037,0.0011,"aoml_navis",1030.30650393197
"7901009",38,0,1,0.031773,1,0.009345,1,118.443562784622,1,4.85285560172884,682,1,8.10999965667725,34.9669990539551,0.0317730009555817,0,114.216201782227,-86.025,21.9528,57.9287693174058,63,63,63,63,61,63,0,9004,1.9064526870154,22,-86,0.001869,51,2024-06-21 03:15:42.000343,682,1.037,0.0011,"aoml_navis",1030.32119855755
"7901009",38,0,1,0.028035,1,0.005607,1,118.530568553145,1,4.85280477402062,684,1,8.08500003814697,34.9640007019043,0.0280349999666214,0,114.300102233887,-86.025,21.9528,57.9287693174058,63,63,63,63,61,63,0,9004,1.9064526870154,22,-86,0.001869,51,2024-06-21 03:15:42.000343,684,1.037,0.0011,"aoml_navis",1030.33199002098
"7901009",38,0,1,0.028035,1,0.005607,1,118.521129807865,1,4.85275496155095,686,1,8.06599998474121,34.9620018005371,0.0280349999666214,0,114.291000366211,-86.025,21.9528,57.9287693174058,63,63,63,63,61,63,0,9004,1.9064526870154,22,-86,0.001869,51,2024-06-21 03:15:42.000343,686,1.037,0.0011,"aoml_navis",1030.3425661538
"7901009",38,0,1,0.028035,1,0.005607,1,118.421884526392,1,4.85269633213291,688,1,8.06400012969971,34.9659996032715,0.0280349999666214,0,114.195297241211,-86.025,21.9528,57.9287693174058,63,63,63,63,61,63,0,9004,1.9064526870154,22,-86,0.001869,51,2024-06-21 03:15:42.000343,688,1.037,0.0011,"aoml_navis",1030.35501457029
"7901009",38,0,1,0.024297,1,0.001869,1,118.608863459511,1,4.85263296770121,690,1,8.03699970245361,34.9659996032715,0.0242970008403063,0,114.375602722168,-86.025,21.9528,57.9287693174058,63,63,63,63,61,63,0,9004,1.9064526870154,22,-86,0.001869,51,2024-06-21 03:15:42.000343,690,1.037,0.0011,"aoml_navis",1030.36846868075
"7901009",38,0,1,0.028035,1,0.005607,1,118.734233415683,1,4.85258045337085,692,1,8.00500011444092,34.9620018005371,0.0280349999666214,0,114.49649810791,-86.025,21.9528,57.9287693174058,63,63,63,63,61,63,0,9004,1.9064526870154,22,-86,0.001869,51,2024-06-21 03:15:42.000343,692,1.037,0.0011,"aoml_navis",1030.37961926561
"7901009",38,0,1,0.033642,1,0.011214,1,118.762549651524,1,4.85253032089993,694,1,7.99499988555908,34.9620018005371,0.0336420014500618,0,114.523803710938,-86.025,21.9528,57.9287693174058,63,63,63,63,61,63,0,9004,1.9064526870154,22,-86,0.001869,51,2024-06-21 03:15:42.000343,694,1.037,0.0011,"aoml_navis",1030.39026432559
"7901009",38,0,1,0.031773,1,0.009345,1,118.817196268164,1,4.85248406687839,696,1,7.98999977111816,34.9620018005371,0.0317730009555817,0,114.576499938965,-86.025,21.9528,57.9287693174058,63,63,63,63,61,63,0,9004,1.9064526870154,22,-86,0.001869,51,2024-06-21 03:15:42.000343,696,1.037,0.0011,"aoml_navis",1030.40008603604
"7901009",38,0,1,0.028035,1,0.005607,1,118.921623761002,1,4.85243355920461,698,1,7.96999979019165,34.9599990844727,0.0280349999666214,0,114.677200317383,-86.025,21.9528,57.9287693174058,63,63,63,63,61,63,0,9004,1.9064526870154,22,-86,0.001869,51,2024-06-21 03:15:42.000343,698,1.037,0.0011,"aoml_navis",1030.41081119297
"7901009",38,0,1,0.026166,1,0.003738,1,118.925152411794,1,4.85238537309861,700,1,7.95300006866455,34.9580001831055,0.0261659994721413,0,114.680603027344,-86.025,21.9528,57.9287693174058,63,63,63,63,61,63,0,9004,1.9064526870154,22,-86,0.001869,51,2024-06-21 03:15:42.000343,700,1.037,0.0011,"aoml_navis",1030.42104357988
"7901009",38,0,1,0.029904,1,0.007476,1,118.849863979197,1,4.85231786076862,702,1,7.92999982833862,34.9599990844727,0.0299040004611015,0,114.608001708984,-86.025,21.9528,57.9287693174058,63,63,63,63,61,63,0,9004,1.9064526870154,22,-86,0.001869,51,2024-06-21 03:15:42.000343,702,1.037,0.0011,"aoml_navis",1030.43538025928
"7901009",38,0,1,0.028035,1,0.005607,1,118.817401974264,1,4.85226176294307,704,1,7.91699981689453,34.9609985351562,0.0280349999666214,0,114.576698303223,-86.025,21.9528,57.9287693174058,63,63,63,63,61,63,0,9004,1.9064526870154,22,-86,0.001869,51,2024-06-21 03:15:42.000343,704,1.037,0.0011,"aoml_navis",1030.4472932984
"7901009",38,0,1,0.026166,1,0.003738,1,118.902129152141,1,4.85222151347661,706,1,7.91499996185303,34.9599990844727,0.0261659994721413,0,114.658401489258,-86.025,21.9528,57.9287693174058,63,63,63,63,61,63,0,9004,1.9064526870154,22,-86,0.001869,51,2024-06-21 03:15:42.000343,706,1.037,0.0011,"aoml_navis",1030.45584092007
"7901009",38,0,1,0.028035,1,0.005607,1,119.002925141137,1,4.85216755411236,708,1,7.90000009536743,34.9599990844727,0.0280349999666214,0,114.755599975586,-86.025,21.9528,57.9287693174058,63,63,63,63,61,63,0,9004,1.9064526870154,22,-86,0.001869,51,2024-06-21 03:15:42.000343,708,1.037,0.0011,"aoml_navis",1030.46730028157
"7901009",38,0,1,0.026166,1,0.003738,1,119.006762351079,1,4.85209279704292,710,1,7.85799980163574,34.9599990844727,0.0261659994721413,0,114.759300231934,-86.025,21.9528,57.9287693174058,63,63,63,63,61,63,0,9004,1.9064526870154,22,-86,0.001869,51,2024-06-21 03:15:42.000343,710,1.037,0.0011,"aoml_navis",1030.48317687725
"7901009",38,0,1,0.028035,1,0.005607,1,119.266537508275,1,4.85201823021636,712,1,7.79699993133545,34.9560012817383,0.0280349999666214,0,115.009803771973,-86.025,21.9528,57.9287693174058,63,63,63,63,61,63,0,9004,1.9064526870154,22,-86,0.001869,51,2024-06-21 03:15:42.000343,712,1.037,0.0011,"aoml_navis",1030.4990135573
"7901009",38,0,1,0.026166,1,0.003738,1,119.588522937173,1,4.85197920859188,714,1,7.78700017929077,34.9529991149902,0.0261659994721413,0,115.320297241211,-86.025,21.9528,57.9287693174058,63,63,63,63,61,63,0,9004,1.9064526870154,22,-86,0.001869,51,2024-06-21 03:15:42.000343,714,1.037,0.0011,"aoml_navis",1030.50730125677
"7901009",38,0,1,0.026166,1,0.003738,1,120.179105150248,1,4.85193067734478,716,1,7.75500011444092,34.9480018615723,0.0261659994721413,0,115.889801025391,-86.025,21.9528,57.9287693174058,63,63,63,63,61,63,0,9004,1.9064526870154,22,-86,0.001869,51,2024-06-21 03:15:42.000343,716,1.037,0.0011,"aoml_navis",1030.51760886581
"7901009",38,0,1,0.031773,1,0.009345,1,120.990465391026,1,4.85187859972359,718,1,7.69899988174438,34.9389991760254,0.0317730009555817,0,116.672203063965,-86.025,21.9528,57.9287693174058,63,63,63,63,61,63,0,9004,1.9064526870154,22,-86,0.001869,51,2024-06-21 03:15:42.000343,718,1.037,0.0011,"aoml_navis",1030.52866992279
"7901009",38,0,1,0.031773,1,0.009345,1,121.827538894302,1,4.85179888017873,720,1,7.58699989318848,34.9259986877441,0.0317730009555817,0,117.479400634766,-86.025,21.9528,57.9287693174058,63,63,63,63,61,63,0,9004,1.9064526870154,22,-86,0.001869,51,2024-06-21 03:15:42.000343,720,1.037,0.0011,"aoml_navis",1030.54560246236
"7901009",38,0,1,0.029904,1,0.007476,1,122.351852096087,1,4.85173636923963,722,1,7.54099988937378,34.9220008850098,0.0299040004611015,0,117.985000610352,-86.025,21.9528,57.9287693174058,63,63,63,63,61,63,0,9004,1.9064526870154,22,-86,0.001869,51,2024-06-21 03:15:42.000343,722,1.037,0.0011,"aoml_navis",1030.55888025994
"7901009",38,0,1,0.028035,1,0.005607,1,122.84090252527,1,4.85166183467099,724,1,7.47399997711182,34.9169998168945,0.0280349999666214,0,118.456596374512,-86.025,21.9528,57.9287693174058,63,63,63,63,61,63,0,9004,1.9064526870154,22,-86,0.001869,51,2024-06-21 03:15:42.000343,724,1.037,0.0011,"aoml_navis",1030.57471241482
"7901009",38,0,1,0.029904,1,0.007476,1,123.06956859073,1,4.85160502948613,726,1,7.44999980926514,34.9160003662109,0.0299040004611015,0,118.677101135254,-86.025,21.9528,57.9287693174058,63,63,63,63,61,63,0,9004,1.9064526870154,22,-86,0.001869,51,2024-06-21 03:15:42.000343,726,1.037,0.0011,"aoml_navis",1030.58677893439
"7901009",38,0,1,0.029904,1,0.007476,1,123.396016259643,1,4.85155515312511,728,1,7.44500017166138,34.9169998168945,0.0299040004611015,0,118.991897583008,-86.025,21.9528,57.9287693174058,63,63,63,63,61,63,0,9004,1.9064526870154,22,-86,0.001869,51,2024-06-21 03:15:42.000343,728,1.037,0.0011,"aoml_navis",1030.59737387078
"7901009",38,0,1,0.029904,1,0.007476,1,124.145055463896,1,4.85148025293741,730,1,7.38700008392334,34.9140014648438,0.0299040004611015,0,119.714202880859,-86.025,21.9528,57.9287693174058,63,63,63,63,61,63,0,9004,1.9064526870154,22,-86,0.001869,51,2024-06-21 03:15:42.000343,730,1.037,0.0011,"aoml_navis",1030.61328487788
"7901009",38,0,1,0.028035,1,0.005607,1,125.11890770012,1,4.85139503214873,732,1,7.30999994277954,34.9099998474121,0.0280349999666214,0,120.653297424316,-86.025,21.9528,57.9287693174058,63,63,63,63,61,63,0,9004,1.9064526870154,22,-86,0.001869,51,2024-06-21 03:15:42.000343,732,1.037,0.0011,"aoml_navis",1030.63138888227
"7901009",38,0,1,0.029904,1,0.007476,1,125.592095024284,1,4.85132331638563,734,1,7.23099994659424,34.9020004272461,0.0299040004611015,0,121.109596252441,-86.025,21.9528,57.9287693174058,63,63,63,63,61,63,0,9004,1.9064526870154,22,-86,0.001869,51,2024-06-21 03:15:42.000343,734,1.037,0.0011,"aoml_navis",1030.6466244194
"7901009",38,0,1,0.029904,1,0.007476,1,125.566690320936,1,4.85126528561402,736,1,7.21000003814697,34.9020004272461,0.0299040004611015,0,121.085098266602,-86.025,21.9528,57.9287693174058,63,63,63,63,61,63,0,9004,1.9064526870154,22,-86,0.001869,51,2024-06-21 03:15:42.000343,736,1.037,0.0011,"aoml_navis",1030.65895300078
"7901009",38,0,1,0.031773,1,0.009345,1,125.3993167615,1,4.85121103041191,738,1,7.20900011062622,34.9049987792969,0.0317730009555817,0,120.923698425293,-86.025,21.9528,57.9287693174058,63,63,63,63,61,63,0,9004,1.9064526870154,22,-86,0.001869,51,2024-06-21 03:15:42.000343,738,1.037,0.0011,"aoml_navis",1030.67047973286
"7901009",38,0,1,0.031773,1,0.009345,1,125.395273845458,1,4.85115824532261,740,1,7.21000003814697,34.9080009460449,0.0317730009555817,0,120.919799804688,-86.025,21.9528,57.9287693174058,63,63,63,63,61,63,0,9004,1.9064526870154,22,-86,0.001869,51,2024-06-21 03:15:42.000343,740,1.037,0.0011,"aoml_navis",1030.68169438111
"7901009",38,0,1,0.029904,1,0.007476,1,125.482176760931,1,4.85111281210397,742,1,7.20599985122681,34.9080009460449,0.0299040004611015,0,121.003601074219,-86.025,21.9528,57.9287693174058,63,63,63,63,61,63,0,9004,1.9064526870154,22,-86,0.001869,51,2024-06-21 03:15:42.000343,742,1.037,0.0011,"aoml_navis",1030.69134725635
"7901009",38,0,1,0.031773,1,0.009345,1,125.652968206336,1,4.8510666404687,744,1,7.20100021362305,34.9080009460449,0.0317730009555817,0,121.168296813965,-86.025,21.9528,57.9287693174058,63,63,63,63,61,63,0,9004,1.9064526870154,22,-86,0.001869,51,2024-06-21 03:15:42.000343,744,1.037,0.0011,"aoml_navis",1030.70115720301
"7901009",38,0,1,0.033642,1,0.011214,1,125.988546061379,1,4.85100345005305,746,1,7.1729998588562,34.9080009460449,0.0336420014500618,0,121.491897583008,-86.025,21.9528,57.9287693174058,63,63,63,63,61,63,0,9004,1.9064526870154,22,-86,0.001869,51,2024-06-21 03:15:42.000343,746,1.037,0.0011,"aoml_navis",1030.71458338075
"7901009",38,0,4,0.022428,1,0,1,126.321426001804,1,4.85094913903328,748,1,7.15199995040894,34.9070014953613,0.0224280003458261,0,121.812896728516,-86.025,21.9528,57.9287693174058,63,63,63,63,61,63,0,9004,1.9064526870154,22,-86,0.001869,51,2024-06-21 03:15:42.000343,748,1.037,0.0011,"aoml_navis",1030.72612321728
"7901009",38,0,1,0.031773,1,0.009345,1,126.761225643585,1,4.8509000136164,750,1,7.13299989700317,34.9049987792969,0.0317730009555817,0,122.236999511719,-86.025,21.9528,57.9287693174058,63,63,63,63,61,63,0,9004,1.9064526870154,22,-86,0.001869,51,2024-06-21 03:15:42.000343,750,1.037,0.0011,"aoml_navis",1030.73656145562
"7901009",38,0,1,0.028035,1,0.005607,1,127.151244409168,1,4.85084498826268,752,1,7.09600019454956,34.9010009765625,0.0280349999666214,0,122.613098144531,-86.025,21.9528,57.9287693174058,63,63,63,63,61,63,0,9004,1.9064526870154,22,-86,0.001869,51,2024-06-21 03:15:42.000343,752,1.037,0.0011,"aoml_navis",1030.74825357195
"7901009",38,0,1,0.028035,1,0.005607,1,127.378660414482,1,4.85079370155084,754,1,7.06899976730347,34.8979988098145,0.0280349999666214,0,122.832397460938,-86.025,21.9528,57.9287693174058,63,63,63,63,61,63,0,9004,1.9064526870154,22,-86,0.001869,51,2024-06-21 03:15:42.000343,754,1.037,0.0011,"aoml_navis",1030.75915151812
"7901009",38,0,1,0.028035,1,0.005607,1,127.486719411162,1,4.85075049185331,756,1,7.06300020217896,34.8969993591309,0.0280349999666214,0,122.936599731445,-86.025,21.9528,57.9287693174058,63,63,63,63,61,63,0,9004,1.9064526870154,22,-86,0.001869,51,2024-06-21 03:15:42.000343,756,1.037,0.0011,"aoml_navis",1030.76833335323
"7901009",38,0,1,0.029904,1,0.007476,1,127.706152437441,1,4.85070434491551,758,1,7.05299997329712,34.8959999084473,0.0299040004611015,0,123.14820098877,-86.025,21.9528,57.9287693174058,63,63,63,63,61,63,0,9004,1.9064526870154,22,-86,0.001869,51,2024-06-21 03:15:42.000343,758,1.037,0.0011,"aoml_navis",1030.7781395172
"7901009",38,0,1,0.028035,1,0.005607,1,127.914176686944,1,4.85065306304679,760,1,7.03599977493286,34.8950004577637,0.0280349999666214,0,123.34880065918,-86.025,21.9528,57.9287693174058,63,63,63,63,61,63,0,9004,1.9064526870154,22,-86,0.001869,51,2024-06-21 03:15:42.000343,760,1.037,0.0011,"aoml_navis",1030.78903706616
"7901009",38,0,1,0.026166,1,0.003738,1,128.087048928667,1,4.8506098608583,762,1,7.03000020980835,34.8940010070801,0.0261659994721413,0,123.515502929688,-86.025,21.9528,57.9287693174058,63,63,63,63,61,63,0,9004,1.9064526870154,22,-86,0.001869,51,2024-06-21 03:15:42.000343,762,1.037,0.0011,"aoml_navis",1030.79821783797
"7901009",38,0,1,0.031773,1,0.009345,1,128.321308617692,1,4.85055346186567,764,1,7.00600004196167,34.8930015563965,0.0317730009555817,0,123.741401672363,-86.025,21.9528,57.9287693174058,63,63,63,63,61,63,0,9004,1.9064526870154,22,-86,0.001869,51,2024-06-21 03:15:42.000343,764,1.037,0.0011,"aoml_navis",1030.81020327046
"7901009",38,0,1,0.028035,1,0.005607,1,128.485462085485,1,4.85049486873277,766,1,6.98400020599365,34.8930015563965,0.0280349999666214,0,123.899696350098,-86.025,21.9528,57.9287693174058,63,63,63,63,61,63,0,9004,1.9064526870154,22,-86,0.001869,51,2024-06-21 03:15:42.000343,766,1.037,0.0011,"aoml_navis",1030.82265527812
"7901009",38,0,1,0.031773,1,0.009345,1,128.562720549578,1,4.85044580060907,768,1,6.97499990463257,34.8930015563965,0.0317730009555817,0,123.974197387695,-86.025,21.9528,57.9287693174058,63,63,63,63,61,63,0,9004,1.9064526870154,22,-86,0.001869,51,2024-06-21 03:15:42.000343,768,1.037,0.0011,"aoml_navis",1030.83308329559
"7901009",38,0,1,0.029904,1,0.007476,1,128.671507429381,1,4.85038350173366,770,1,6.96299982070923,34.8959999084473,0.0299040004611015,0,124.0791015625,-86.025,21.9528,57.9287693174058,63,63,63,63,61,63,0,9004,1.9064526870154,22,-86,0.001869,51,2024-06-21 03:15:42.000343,770,1.037,0.0011,"aoml_navis",1030.84632343254
"7901009",38,0,1,0.028035,1,0.005607,1,128.789313730491,1,4.85032123447207,772,1,6.94600009918213,34.8979988098145,0.0280349999666214,0,124.19270324707,-86.025,21.9528,57.9287693174058,63,63,63,63,61,63,0,9004,1.9064526870154,22,-86,0.001869,51,2024-06-21 03:15:42.000343,772,1.037,0.0011,"aoml_navis",1030.85955719059
"7901009",38,0,1,0.028035,1,0.005607,1,128.873099407372,1,4.85028024201172,774,1,6.94299983978271,34.8969993591309,0.0280349999666214,0,124.273498535156,-86.025,21.9528,57.9287693174058,63,63,63,63,61,63,0,9004,1.9064526870154,22,-86,0.001869,51,2024-06-21 03:15:42.000343,774,1.037,0.0011,"aoml_navis",1030.86826956749
"7901009",38,0,1,0.026166,1,0.003738,1,129.026991305485,1,4.85023118822249,776,1,6.93400001525879,34.8969993591309,0.0261659994721413,0,124.421897888184,-86.025,21.9528,57.9287693174058,63,63,63,63,61,63,0,9004,1.9064526870154,22,-86,0.001869,51,2024-06-21 03:15:42.000343,776,1.037,0.0011,"aoml_navis",1030.87869546119
"7901009",38,0,1,0.029904,1,0.007476,1,129.110784894139,1,4.85018727775324,778,1,6.92700004577637,34.8959999084473,0.0299040004611015,0,124.502700805664,-86.025,21.9528,57.9287693174058,63,63,63,63,61,63,0,9004,1.9064526870154,22,-86,0.001869,51,2024-06-21 03:15:42.000343,778,1.037,0.0011,"aoml_navis",1030.88802837241
"7901009",38,0,1,0.033642,1,0.011214,1,129.194989894993,1,4.85013312050793,780,1,6.91099977493286,34.8959999084473,0.0336420014500618,0,124.58390045166,-86.025,21.9528,57.9287693174058,63,63,63,63,61,63,0,9004,1.9064526870154,22,-86,0.001869,51,2024-06-21 03:15:42.000343,780,1.037,0.0011,"aoml_navis",1030.89953940818
"7901009",38,0,1,0.028035,1,0.005607,1,129.215315240027,1,4.85007303785837,782,1,6.90199995040894,34.898998260498,0.0280349999666214,0,124.603500366211,-86.025,21.9528,57.9287693174058,63,63,63,63,61,63,0,9004,1.9064526870154,22,-86,0.001869,51,2024-06-21 03:15:42.000343,782,1.037,0.0011,"aoml_navis",1030.91231017994
"7901009",38,0,1,0.029904,1,0.007476,1,129.296719473212,1,4.8500180827563,784,1,6.89499998092651,34.9010009765625,0.0299040004611015,0,124.681999206543,-86.025,21.9528,57.9287693174058,63,63,63,63,61,63,0,9004,1.9064526870154,22,-86,0.001869,51,2024-06-21 03:15:42.000343,784,1.037,0.0011,"aoml_navis",1030.92399135107
"7901009",38,0,1,0.031773,1,0.009345,1,129.502045808096,1,4.84995800644469,786,1,6.88600015640259,34.9039993286133,0.0317730009555817,0,124.879997253418,-86.025,21.9528,57.9287693174058,63,63,63,63,61,63,0,9004,1.9064526870154,22,-86,0.001869,51,2024-06-21 03:15:42.000343,786,1.037,0.0011,"aoml_navis",1030.93676138143
"7901009",38,0,1,0.028035,1,0.005607,1,129.746163566374,1,4.84988553594747,788,1,6.8600001335144,34.9070014953613,0.0280349999666214,0,125.11540222168,-86.025,21.9528,57.9287693174058,63,63,63,63,61,63,0,9004,1.9064526870154,22,-86,0.001869,51,2024-06-21 03:15:42.000343,788,1.037,0.0011,"aoml_navis",1030.95216638411
"7901009",38,0,1,0.031773,1,0.009345,1,129.907627031321,1,4.84983723731442,790,1,6.85200023651123,34.9070014953613,0.0317730009555817,0,125.271102905273,-86.025,21.9528,57.9287693174058,63,63,63,63,61,63,0,9004,1.9064526870154,22,-86,0.001869,51,2024-06-21 03:15:42.000343,790,1.037,0.0011,"aoml_navis",1030.96243344627
"7901009",38,0,1,0.028035,1,0.005607,1,130.090760842725,1,4.84978235142422,792,1,6.84000015258789,34.9080009460449,0.0280349999666214,0,125.447700500488,-86.025,21.9528,57.9287693174058,63,63,63,63,61,63,0,9004,1.9064526870154,22,-86,0.001869,51,2024-06-21 03:15:42.000343,792,1.037,0.0011,"aoml_navis",1030.97410104016
"7901009",38,0,1,0.028035,1,0.005607,1,130.289037787797,1,4.84973769543627,794,1,6.83699989318848,34.9080009460449,0.0280349999666214,0,125.638900756836,-86.025,21.9528,57.9287693174058,63,63,63,63,61,63,0,9004,1.9064526870154,22,-86,0.001869,51,2024-06-21 03:15:42.000343,794,1.037,0.0011,"aoml_navis",1030.98359416534
"7901009",38,0,1,0.028035,1,0.005607,1,130.383092946132,1,4.84968936210287,796,1,6.83400011062622,34.9090003967285,0.0280349999666214,0,125.729598999023,-86.025,21.9528,57.9287693174058,63,63,63,63,61,63,0,9004,1.9064526870154,22,-86,0.001869,51,2024-06-21 03:15:42.000343,796,1.037,0.0011,"aoml_navis",1030.99386923041
"7901009",38,0,1,0.031773,1,0.009345,1,130.493327680408,1,4.84964331454204,798.099975585938,1,6.83199977874756,34.9090003967285,0.0317730009555817,0,125.835899353027,-86.025,21.9528,57.9287693174058,63,63,63,63,61,63,0,9004,1.9064526870154,22,-86,0.001869,51,2024-06-21 03:15:42.000343,798.099975585938,1.037,0.0011,"aoml_navis",1031.0036585592
"7901009",38,0,1,0.029904,1,0.007476,1,130.589772194211,1,4.84959939230085,800.099975585938,1,6.82999992370605,34.9090003967285,0.0299040004611015,0,125.928901672363,-86.025,21.9528,57.9287693174058,63,63,63,63,61,63,0,9004,1.9064526870154,22,-86,0.001869,51,2024-06-21 03:15:42.000343,800.099975585938,1.037,0.0011,"aoml_navis",1031.01299623592
"7901009",38,0,1,0.029904,1,0.007476,1,130.787218403111,1,4.84955613934668,802,1,6.82600021362305,34.9090003967285,0.0299040004611015,0,126.119300842285,-86.025,21.9528,57.9287693174058,63,63,63,63,61,63,0,9004,1.9064526870154,22,-86,0.001869,51,2024-06-21 03:15:42.000343,802,1.037,0.0011,"aoml_navis",1031.02219179044
"7901009",38,0,1,0.028035,1,0.005607,1,130.97460874843,1,4.84950785462498,804,1,6.81799983978271,34.9090003967285,0.0280349999666214,0,126.300003051758,-86.025,21.9528,57.9287693174058,63,63,63,63,61,63,0,9004,1.9064526870154,22,-86,0.001869,51,2024-06-21 03:15:42.000343,804,1.037,0.0011,"aoml_navis",1031.03245728976
"7901009",38,0,1,0.029904,1,0.007476,1,131.205236933612,1,4.84946179770357,806,1,6.80800008773804,34.9080009460449,0.0299040004611015,0,126.522399902344,-86.025,21.9528,57.9287693174058,63,63,63,63,61,63,0,9004,1.9064526870154,22,-86,0.001869,51,2024-06-21 03:15:42.000343,806,1.037,0.0011,"aoml_navis",1031.04224934151
"7901009",38,0,1,0.029904,1,0.007476,1,131.555024333101,1,4.84940765903704,808,1,6.79699993133545,34.9090003967285,0.0299040004611015,0,126.859703063965,-86.025,21.9528,57.9287693174058,63,63,63,63,61,63,0,9004,1.9064526870154,22,-86,0.001869,51,2024-06-21 03:15:42.000343,808,1.037,0.0011,"aoml_navis",1031.05375987154
"7901009",38,0,1,0.028035,1,0.005607,1,131.953026077719,1,4.8493600653126,810,1,6.79500007629395,34.9099998474121,0.0280349999666214,0,127.243499755859,-86.025,21.9528,57.9287693174058,63,63,63,63,61,63,0,9004,1.9064526870154,22,-86,0.001869,51,2024-06-21 03:15:42.000343,810,1.037,0.0011,"aoml_navis",1031.06387908065
"7901009",38,0,1,0.028035,1,0.005607,1,132.528568010175,1,4.84931238875361,812,1,6.80299997329712,34.9129981994629,0.0280349999666214,0,127.798500061035,-86.025,21.9528,57.9287693174058,63,63,63,63,61,63,0,9004,1.9064526870154,22,-86,0.001869,51,2024-06-21 03:15:42.000343,812,1.037,0.0011,"aoml_navis",1031.07401610089
"7901009",38,0,1,0.031773,1,0.009345,1,132.851803499219,1,4.84926452160763,814,1,6.83599996566772,34.9210014343262,0.0317730009555817,0,128.110198974609,-86.025,21.9528,57.9287693174058,63,63,63,63,61,63,0,9004,1.9064526870154,22,-86,0.001869,51,2024-06-21 03:15:42.000343,814,1.037,0.0011,"aoml_navis",1031.08419384439
"7901009",38,0,1,0.028035,1,0.005607,1,132.941507182362,1,4.84922491471337,816,1,6.85500001907349,34.923999786377,0.0280349999666214,0,128.196701049805,-86.025,21.9528,57.9287693174058,63,63,63,63,61,63,0,9004,1.9064526870154,22,-86,0.001869,51,2024-06-21 03:15:42.000343,816,1.037,0.0011,"aoml_navis",1031.09261540523
"7901009",38,0,1,0.029904,1,0.007476,1,133.848370435946,1,4.84914993764638,818,1,6.77500009536743,34.9169998168945,0.0299040004611015,0,129.071197509766,-86.025,21.9528,57.9287693174058,63,63,63,63,61,63,0,9004,1.9064526870154,22,-86,0.001869,51,2024-06-21 03:15:42.000343,818,1.037,0.0011,"aoml_navis",1031.1085580552
"7901009",38,0,1,0.029904,1,0.007476,1,135.088335159601,1,4.84905527277201,820,1,6.70300006866455,34.9169998168945,0.0299040004611015,0,130.266906738281,-86.025,21.9528,57.9287693174058,63,63,63,63,61,63,0,9004,1.9064526870154,22,-86,0.001869,51,2024-06-21 03:15:42.000343,820,1.037,0.0011,"aoml_navis",1031.12868770038
"7901009",38,0,1,0.031773,1,0.009345,1,135.607141767326,1,4.84897012760351,822,1,6.64900016784668,34.9179992675781,0.0317730009555817,0,130.767196655273,-86.025,21.9528,57.9287693174058,63,63,63,63,61,63,0,9004,1.9064526870154,22,-86,0.001869,51,2024-06-21 03:15:42.000343,822,1.037,0.0011,"aoml_navis",1031.146793736
"7901009",38,0,1,0.029904,1,0.007476,1,135.98440675471,1,4.84889965435086,824,1,6.60500001907349,34.9169998168945,0.0299040004611015,0,131.130996704102,-86.025,21.9528,57.9287693174058,63,63,63,63,61,63,0,9004,1.9064526870154,22,-86,0.001869,51,2024-06-21 03:15:42.000343,824,1.037,0.0011,"aoml_navis",1031.16178028422
"7901009",38,0,1,0.028035,1,0.005607,1,136.227488070715,1,4.84884935820574,826,1,6.58900022506714,34.9160003662109,0.0280349999666214,0,131.36540222168,-86.025,21.9528,57.9287693174058,63,63,63,63,61,63,0,9004,1.9064526870154,22,-86,0.001869,51,2024-06-21 03:15:42.000343,826,1.037,0.0011,"aoml_navis",1031.17247631925
"7901009",38,0,1,0.033642,1,0.011214,1,136.506029953649,1,4.8487989804129,828,1,6.57800006866455,34.9160003662109,0.0336420014500618,0,131.634002685547,-86.025,21.9528,57.9287693174058,63,63,63,63,61,63,0,9004,1.9064526870154,22,-86,0.001869,51,2024-06-21 03:15:42.000343,828,1.037,0.0011,"aoml_navis",1031.18318994
"7901009",38,0,1,0.026166,1,0.003738,1,136.916476917316,1,4.84873641390942,830,1,6.55000019073486,34.9160003662109,0.0261659994721413,0,132.029800415039,-86.025,21.9528,57.9287693174058,63,63,63,63,61,63,0,9004,1.9064526870154,22,-86,0.001869,51,2024-06-21 03:15:42.000343,830,1.037,0.0011,"aoml_navis",1031.19649598948
"7901009",38,0,1,0.031773,1,0.009345,1,137.027858858689,1,4.8486881040693,832,1,6.54699993133545,34.9169998168945,0.0317730009555817,0,132.13720703125,-86.025,21.9528,57.9287693174058,63,63,63,63,61,63,0,9004,1.9064526870154,22,-86,0.001869,51,2024-06-21 03:15:42.000343,832,1.037,0.0011,"aoml_navis",1031.2067703022
"7901009",38,0,1,0.026166,1,0.003738,1,137.195430212451,1,4.84864634437709,834,1,6.5479998588562,34.9169998168945,0.0261659994721413,0,132.298797607422,-86.025,21.9528,57.9287693174058,63,63,63,63,61,63,0,9004,1.9064526870154,22,-86,0.001869,51,2024-06-21 03:15:42.000343,834,1.037,0.0011,"aoml_navis",1031.21565172482
"7901009",38,0,1,0.033642,1,0.011214,1,137.483925105915,1,4.84859975958234,836,1,6.53200006484985,34.9150009155273,0.0336420014500618,0,132.576995849609,-86.025,21.9528,57.9287693174058,63,63,63,63,61,63,0,9004,1.9064526870154,22,-86,0.001869,51,2024-06-21 03:15:42.000343,836,1.037,0.0011,"aoml_navis",1031.22555952746
"7901009",38,0,1,0.029904,1,0.007476,1,138.022036439946,1,4.84854031998117,838,1,6.4980001449585,34.9129981994629,0.0299040004611015,0,133.095901489258,-86.025,21.9528,57.9287693174058,63,63,63,63,61,63,0,9004,1.9064526870154,22,-86,0.001869,51,2024-06-21 03:15:42.000343,838,1.037,0.0011,"aoml_navis",1031.23820160774
"7901009",38,0,1,0.031773,1,0.009345,1,138.40032995783,1,4.84844206895012,840,1,6.42500019073486,34.9140014648438,0.0317730009555817,0,133.460693359375,-86.025,21.9528,57.9287693174058,63,63,63,63,61,63,0,9004,1.9064526870154,22,-86,0.001869,51,2024-06-21 03:15:42.000343,840,1.037,0.0011,"aoml_navis",1031.25909908679
"7901009",38,0,1,0.031773,1,0.009345,1,138.452088777297,1,4.84839001402427,842,1,6.39599990844727,34.9109992980957,0.0317730009555817,0,133.510604858398,-86.025,21.9528,57.9287693174058,63,63,63,63,61,63,0,9004,1.9064526870154,22,-86,0.001869,51,2024-06-21 03:15:42.000343,842,1.037,0.0011,"aoml_navis",1031.27017123977
"7901009",38,0,1,0.029904,1,0.007476,1,138.584310328953,1,4.84834068179554,844,1,6.37599992752075,34.9090003967285,0.0299040004611015,0,133.638107299805,-86.025,21.9528,57.9287693174058,63,63,63,63,61,63,0,9004,1.9064526870154,22,-86,0.001869,51,2024-06-21 03:15:42.000343,844,1.037,0.0011,"aoml_navis",1031.28066449083
"7901009",38,0,1,0.031773,1,0.009345,1,138.773354234845,1,4.84829251064854,846,1,6.36800003051758,34.9090003967285,0.0317730009555817,0,133.820404052734,-86.025,21.9528,57.9287693174058,63,63,63,63,61,63,0,9004,1.9064526870154,22,-86,0.001869,51,2024-06-21 03:15:42.000343,846,1.037,0.0011,"aoml_navis",1031.29091097912
"7901009",38,0,1,0.031773,1,0.009345,1,139.010311838489,1,4.84824235189728,848,1,6.35200023651123,34.9080009460449,0.0317730009555817,0,134.048904418945,-86.025,21.9528,57.9287693174058,63,63,63,63,61,63,0,9004,1.9064526870154,22,-86,0.001869,51,2024-06-21 03:15:42.000343,848,1.037,0.0011,"aoml_navis",1031.30158046727
"7901009",38,0,1,0.028035,1,0.005607,1,139.281068536716,1,4.84819220192907,850,1,6.33599996566772,34.9070014953613,0.0280349999666214,0,134.309997558594,-86.025,21.9528,57.9287693174058,63,63,63,63,61,63,0,9004,1.9064526870154,22,-86,0.001869,51,2024-06-21 03:15:42.000343,850,1.037,0.0011,"aoml_navis",1031.31224830784
"7901009",38,0,1,0.033642,1,0.011214,1,139.678872487007,1,4.84813060096868,852,1,6.30900001525879,34.9070014953613,0.0336420014500618,0,134.693603515625,-86.025,21.9528,57.9287693174058,63,63,63,63,61,63,0,9004,1.9064526870154,22,-86,0.001869,51,2024-06-21 03:15:42.000343,852,1.037,0.0011,"aoml_navis",1031.32535229166
"7901009",38,0,1,0.028035,1,0.005607,1,139.980326864771,1,4.84807978370648,854,1,6.29199981689453,34.9059982299805,0.0280349999666214,0,134.984298706055,-86.025,21.9528,57.9287693174058,63,63,63,63,61,63,0,9004,1.9064526870154,22,-86,0.001869,51,2024-06-21 03:15:42.000343,854,1.037,0.0011,"aoml_navis",1031.33616257804
"7901009",38,0,1,0.033642,1,0.011214,1,140.271828232005,1,4.84802810467419,856,1,6.27899980545044,34.9059982299805,0.0336420014500618,0,135.265396118164,-86.025,21.9528,57.9287693174058,63,63,63,63,61,63,0,9004,1.9064526870154,22,-86,0.001869,51,2024-06-21 03:15:42.000343,856,1.037,0.0011,"aoml_navis",1031.34715642001
"7901009",38,0,1,0.029904,1,0.007476,1,140.641529564328,1,4.84797431577863,858,1,6.26300001144409,34.9059982299805,0.0299040004611015,0,135.62190246582,-86.025,21.9528,57.9287693174058,63,63,63,63,61,63,0,9004,1.9064526870154,22,-86,0.001869,51,2024-06-21 03:15:42.000343,858,1.037,0.0011,"aoml_navis",1031.35859934872
"7901009",38,0,1,0.028035,1,0.005607,1,140.897570364632,1,4.8479149001979,860,1,6.23899984359741,34.9059982299805,0.0280349999666214,0,135.868804931641,-86.025,21.9528,57.9287693174058,63,63,63,63,61,63,0,9004,1.9064526870154,22,-86,0.001869,51,2024-06-21 03:15:42.000343,860,1.037,0.0011,"aoml_navis",1031.37123958094
"7901009",38,0,1,0.031773,1,0.009345,1,141.036311217303,1,4.84786025397595,862,1,6.22700023651123,34.9070014953613,0.0317730009555817,0,136.002593994141,-86.025,21.9528,57.9287693174058,63,63,63,63,61,63,0,9004,1.9064526870154,22,-86,0.001869,51,2024-06-21 03:15:42.000343,862,1.037,0.0011,"aoml_navis",1031.38286544033
"7901009",38,0,1,0.028035,1,0.005607,1,141.180352957936,1,4.84781792830265,864,1,6.22200012207031,34.9059982299805,0.0280349999666214,0,136.141494750977,-86.025,21.9528,57.9287693174058,63,63,63,63,61,63,0,9004,1.9064526870154,22,-86,0.001869,51,2024-06-21 03:15:42.000343,864,1.037,0.0011,"aoml_navis",1031.39187031115
"7901009",38,0,1,0.028035,1,0.005607,1,141.357165262651,1,4.84777050192212,866,1,6.21500015258789,34.9059982299805,0.0280349999666214,0,136.311996459961,-86.025,21.9528,57.9287693174058,63,63,63,63,61,63,0,9004,1.9064526870154,22,-86,0.001869,51,2024-06-21 03:15:42.000343,866,1.037,0.0011,"aoml_navis",1031.40196055435
"7901009",38,0,1,0.031773,1,0.009345,1,141.553788647151,1,4.84772307780765,868,1,6.20800018310547,34.9059982299805,0.0317730009555817,0,136.501602172852,-86.025,21.9528,57.9287693174058,63,63,63,63,61,63,0,9004,1.9064526870154,22,-86,0.001869,51,2024-06-21 03:15:42.000343,868,1.037,0.0011,"aoml_navis",1031.41205051284
"7901009",38,0,1,0.029904,1,0.007476,1,141.875149045976,1,4.8476749523813,870,1,6.19999980926514,34.9059982299805,0.0299040004611015,0,136.811492919922,-86.025,21.9528,57.9287693174058,63,63,63,63,61,63,0,9004,1.9064526870154,22,-86,0.001869,51,2024-06-21 03:15:42.000343,870,1.037,0.0011,"aoml_navis",1031.42228988432
"7901009",38,0,1,0.028035,1,0.005607,1,142.306657149573,1,4.84761207654016,872,1,6.1710000038147,34.9059982299805,0.0280349999666214,0,137.227600097656,-86.025,21.9528,57.9287693174058,63,63,63,63,61,63,0,9004,1.9064526870154,22,-86,0.001869,51,2024-06-21 03:15:42.000343,872,1.037,0.0011,"aoml_navis",1031.43566792345
"7901009",38,0,1,0.029904,1,0.007476,1,142.682782841634,1,4.84755324980829,874,1,6.15299987792969,34.9070014953613,0.0299040004611015,0,137.590301513672,-86.025,21.9528,57.9287693174058,63,63,63,63,61,63,0,9004,1.9064526870154,22,-86,0.001869,51,2024-06-21 03:15:42.000343,874,1.037,0.0011,"aoml_navis",1031.44818475129
"7901009",38,0,1,0.028035,1,0.005607,1,143.005599006705,1,4.8475025261816,876,1,6.13600015640259,34.9059982299805,0.0280349999666214,0,137.901596069336,-86.025,21.9528,57.9287693174058,63,63,63,63,61,63,0,9004,1.9064526870154,22,-86,0.001869,51,2024-06-21 03:15:42.000343,876,1.037,0.0011,"aoml_navis",1031.45897768898
"7901009",38,0,1,0.029904,1,0.007476,1,143.25863333324,1,4.8474423221746,878,1,6.11600017547607,34.9070014953613,0.0299040004611015,0,138.145599365234,-86.025,21.9528,57.9287693174058,63,63,63,63,61,63,0,9004,1.9064526870154,22,-86,0.001869,51,2024-06-21 03:15:42.000343,878,1.037,0.0011,"aoml_navis",1031.47178814847
"7901009",38,0,1,0.028035,1,0.005607,1,143.33526676726,1,4.84739562017449,880,1,6.1100001335144,34.9070014953613,0.0280349999666214,0,138.219497680664,-86.025,21.9528,57.9287693174058,63,63,63,63,61,63,0,9004,1.9064526870154,22,-86,0.001869,51,2024-06-21 03:15:42.000343,880,1.037,0.0011,"aoml_navis",1031.48172581383
"7901009",38,0,1,0.031773,1,0.009345,1,143.526383557698,1,4.84735471448572,882,1,6.10699987411499,34.9059982299805,0.0317730009555817,0,138.403793334961,-86.025,21.9528,57.9287693174058,63,63,63,63,61,63,0,9004,1.9064526870154,22,-86,0.001869,51,2024-06-21 03:15:42.000343,882,1.037,0.0011,"aoml_navis",1031.49043024603
"7901009",38,0,1,0.029904,1,0.007476,1,143.808153444048,1,4.84730591733775,884,1,6.09800004959106,34.9059982299805,0.0299040004611015,0,138.675506591797,-86.025,21.9528,57.9287693174058,63,63,63,63,61,63,0,9004,1.9064526870154,22,-86,0.001869,51,2024-06-21 03:15:42.000343,884,1.037,0.0011,"aoml_navis",1031.50081411534
"7901009",38,0,1,0.031773,1,0.009345,1,144.133865318065,1,4.84725572450273,886,1,6.08699989318848,34.9059982299805,0.0317730009555817,0,138.989593505859,-86.025,21.9528,57.9287693174058,63,63,63,63,61,63,0,9004,1.9064526870154,22,-86,0.001869,51,2024-06-21 03:15:42.000343,886,1.037,0.0011,"aoml_navis",1031.5114952003
"7901009",38,0,1,0.031773,1,0.009345,1,144.472552499927,1,4.8471971534575,888,1,6.06400012969971,34.9059982299805,0.0317730009555817,0,139.316192626953,-86.025,21.9528,57.9287693174058,63,63,63,63,61,63,0,9004,1.9064526870154,22,-86,0.001869,51,2024-06-21 03:15:42.000343,888,1.037,0.0011,"aoml_navis",1031.52395945634
"7901009",38,0,1,0.028035,1,0.005607,1,144.793612251375,1,4.84713909150145,890,1,6.04699993133545,34.9070014953613,0.0280349999666214,0,139.625793457031,-86.025,21.9528,57.9287693174058,63,63,63,63,61,63,0,9004,1.9064526870154,22,-86,0.001869,51,2024-06-21 03:15:42.000343,890,1.037,0.0011,"aoml_navis",1031.53631567259
"7901009",38,0,1,0.028035,1,0.005607,1,145.040839336472,1,4.84708891785599,892,1,6.03599977493286,34.9070014953613,0.0280349999666214,0,139.864196777344,-86.025,21.9528,57.9287693174058,63,63,63,63,61,63,0,9004,1.9064526870154,22,-86,0.001869,51,2024-06-21 03:15:42.000343,892,1.037,0.0011,"aoml_navis",1031.54699340891
"7901009",38,0,1,0.033642,1,0.011214,1,145.25342867904,1,4.8470366580932,894,1,6.02199983596802,34.9070014953613,0.0336420014500618,0,140.069198608398,-86.025,21.9528,57.9287693174058,63,63,63,63,61,63,0,9004,1.9064526870154,22,-86,0.001869,51,2024-06-21 03:15:42.000343,894,1.037,0.0011,"aoml_navis",1031.55811533866
"7901009",38,0,1,0.028035,1,0.005607,1,145.486651925792,1,4.84699067383874,896,1,6.01700019836426,34.9070014953613,0.0280349999666214,0,140.294097900391,-86.025,21.9528,57.9287693174058,63,63,63,63,61,63,0,9004,1.9064526870154,22,-86,0.001869,51,2024-06-21 03:15:42.000343,896,1.037,0.0011,"aoml_navis",1031.56790191223
"7901009",38,0,1,0.028035,1,0.005607,1,145.865578385522,1,4.8469432979588,898,1,6.01000022888184,34.9070014953613,0.0280349999666214,0,140.65950012207,-86.025,21.9528,57.9287693174058,63,63,63,63,61,63,0,9004,1.9064526870154,22,-86,0.001869,51,2024-06-21 03:15:42.000343,898,1.037,0.0011,"aoml_navis",1031.57798485195
"7901009",38,0,1,0.026166,1,0.003738,1,146.345300834248,1,4.84687693380373,900,1,5.98099994659424,34.9080009460449,0.0261659994721413,0,141.122100830078,-86.025,21.9528,57.9287693174058,63,63,63,63,61,63,0,9004,1.9064526870154,22,-86,0.001869,51,2024-06-21 03:15:42.000343,900,1.037,0.0011,"aoml_navis",1031.59210937013
"7901009",38,0,1,0.031773,1,0.009345,1,146.584442087261,1,4.8468198382811,902,1,5.96000003814697,34.9080009460449,0.0317730009555817,0,141.35270690918,-86.025,21.9528,57.9287693174058,63,63,63,63,61,63,0,9004,1.9064526870154,22,-86,0.001869,51,2024-06-21 03:15:42.000343,902,1.037,0.0011,"aoml_navis",1031.60426152197
"7901009",38,0,1,0.033642,1,0.011214,1,146.688750903502,1,4.84677087656636,904,1,5.95599985122681,34.9090003967285,0.0336420014500618,0,141.45329284668,-86.025,21.9528,57.9287693174058,63,63,63,63,61,63,0,9004,1.9064526870154,22,-86,0.001869,51,2024-06-21 03:15:42.000343,904,1.037,0.0011,"aoml_navis",1031.6146827106
"7901009",38,0,1,0.029904,1,0.007476,1,146.864328971618,1,4.84672858500665,906,1,5.95100021362305,34.9080009460449,0.0299040004611015,0,141.622604370117,-86.025,21.9528,57.9287693174058,63,63,63,63,61,63,0,9004,1.9064526870154,22,-86,0.001869,51,2024-06-21 03:15:42.000343,906,1.037,0.0011,"aoml_navis",1031.62368436877
"7901009",38,0,1,0.029904,1,0.007476,1,147.141415088306,1,4.84668400246675,908,1,5.94799995422363,34.9080009460449,0.0299040004611015,0,141.889801025391,-86.025,21.9528,57.9287693174058,63,63,63,63,61,63,0,9004,1.9064526870154,22,-86,0.001869,51,2024-06-21 03:15:42.000343,908,1.037,0.0011,"aoml_navis",1031.63317382673
"7901009",38,0,1,0.028035,1,0.005607,1,147.547811224158,1,4.84663247924434,910,1,5.93499994277954,34.9080009460449,0.0280349999666214,0,142.281692504883,-86.025,21.9528,57.9287693174058,63,63,63,63,61,63,0,9004,1.9064526870154,22,-86,0.001869,51,2024-06-21 03:15:42.000343,910,1.037,0.0011,"aoml_navis",1031.64414083644
"7901009",38,0,1,0.028035,1,0.005607,1,148.014052011562,1,4.84657173388953,912,1,5.91400003433228,34.9090003967285,0.0280349999666214,0,142.731292724609,-86.025,21.9528,57.9287693174058,63,63,63,63,61,63,0,9004,1.9064526870154,22,-86,0.001869,51,2024-06-21 03:15:42.000343,912,1.037,0.0011,"aoml_navis",1031.65707112878
"7901009",38,0,1,0.033642,1,0.011214,1,148.675460417218,1,4.84652459983289,914,1,5.90199995040894,34.9080009460449,0.0336420014500618,0,143.369094848633,-86.025,21.9528,57.9287693174058,63,63,63,63,61,63,0,9004,1.9064526870154,22,-86,0.001869,51,2024-06-21 03:15:42.000343,914,1.037,0.0011,"aoml_navis",1031.66710433542
"7901009",38,0,4,0.026166,1,0.003738,1,149.716728871828,1,4.84645419719436,916,1,5.86700010299683,34.9090003967285,0.0261659994721413,0,144.373199462891,-86.025,21.9528,57.9287693174058,63,63,63,63,61,63,0,9004,1.9064526870154,22,-86,0.001869,51,2024-06-21 03:15:42.000343,916,1.037,0.0011,"aoml_navis",1031.68209097994
"7901009",38,0,1,0.031773,1,0.009345,1,150.634795196089,1,4.84636775556991,918,1,5.81400012969971,34.9109992980957,0.0317730009555817,0,145.258499145508,-86.025,21.9528,57.9287693174058,63,63,63,63,61,63,0,9004,1.9064526870154,22,-86,0.001869,51,2024-06-21 03:15:42.000343,918,1.037,0.0011,"aoml_navis",1031.70049244685
"7901009",38,0,1,0.033642,1,0.011214,1,151.028026141542,1,4.84630366646703,920,1,5.78800010681152,34.9119987487793,0.0336420014500618,0,145.6376953125,-86.025,21.9528,57.9287693174058,63,63,63,63,61,63,0,9004,1.9064526870154,22,-86,0.001869,51,2024-06-21 03:15:42.000343,920,1.037,0.0011,"aoml_navis",1031.7141359912
"7901009",38,0,1,0.029904,1,0.007476,1,151.231912533725,1,4.84625084078813,922,1,5.77299976348877,34.9119987487793,0.0299040004611015,0,145.83430480957,-86.025,21.9528,57.9287693174058,63,63,63,63,61,63,0,9004,1.9064526870154,22,-86,0.001869,51,2024-06-21 03:15:42.000343,922,1.037,0.0011,"aoml_navis",1031.72538200414
"7901009",38,0,1,0.031773,1,0.009345,1,151.311647382791,1,4.84619914902,924,1,5.7649998664856,34.9129981994629,0.0317730009555817,0,145.911193847656,-86.025,21.9528,57.9287693174058,63,63,63,63,61,63,0,9004,1.9064526870154,22,-86,0.001869,51,2024-06-21 03:15:42.000343,924,1.037,0.0011,"aoml_navis",1031.73638685713
"7901009",38,0,1,0.031773,1,0.009345,1,151.416604964425,1,4.84615595037368,926,1,5.76399993896484,34.9129981994629,0.0317730009555817,0,146.012405395508,-86.025,21.9528,57.9287693174058,63,63,63,63,61,63,0,9004,1.9064526870154,22,-86,0.001869,51,2024-06-21 03:15:42.000343,926,1.037,0.0011,"aoml_navis",1031.74558375788
"7901009",38,0,1,0.028035,1,0.005607,1,151.53077184992,1,4.84611206672745,928,1,5.76200008392334,34.9129981994629,0.0280349999666214,0,146.122497558594,-86.025,21.9528,57.9287693174058,63,63,63,63,61,63,0,9004,1.9064526870154,22,-86,0.001869,51,2024-06-21 03:15:42.000343,928,1.037,0.0011,"aoml_navis",1031.75492666154
"7901009",38,0,1,0.031773,1,0.009345,1,151.724388760651,1,4.84606681026905,930,1,5.75799989700317,34.9129981994629,0.0317730009555817,0,146.309204101562,-86.025,21.9528,57.9287693174058,63,63,63,63,61,63,0,9004,1.9064526870154,22,-86,0.001869,51,2024-06-21 03:15:42.000343,930,1.037,0.0011,"aoml_navis",1031.76456201651
"7901009",38,0,1,0.028035,1,0.005607,1,152.003864232808,1,4.84601880730958,932,1,5.75,34.9129981994629,0.0280349999666214,0,146.578704833984,-86.025,21.9528,57.9287693174058,63,63,63,63,61,63,0,9004,1.9064526870154,22,-86,0.001869,51,2024-06-21 03:15:42.000343,932,1.037,0.0011,"aoml_navis",1031.77478231371
"7901009",38,0,1,0.028035,1,0.005607,1,152.22495081966,1,4.84596805994859,934,1,5.73799991607666,34.9129981994629,0.0280349999666214,0,146.791900634766,-86.025,21.9528,57.9287693174058,63,63,63,63,61,63,0,9004,1.9064526870154,22,-86,0.001869,51,2024-06-21 03:15:42.000343,934,1.037,0.0011,"aoml_navis",1031.78558714088
"7901009",38,0,1,0.029904,1,0.007476,1,152.34535218234,1,4.84591568117945,936,1,5.72900009155273,34.9140014648438,0.0299040004611015,0,146.908004760742,-86.025,21.9528,57.9287693174058,63,63,63,63,61,63,0,9004,1.9064526870154,22,-86,0.001869,51,2024-06-21 03:15:42.000343,936,1.037,0.0011,"aoml_navis",1031.79673955512
"7901009",38,0,1,0.026166,1,0.003738,1,152.485548801257,1,4.84587111828183,938,1,5.72599983215332,34.9140014648438,0.0261659994721413,0,147.043197631836,-86.025,21.9528,57.9287693174058,63,63,63,63,61,63,0,9004,1.9064526870154,22,-86,0.001869,51,2024-06-21 03:15:42.000343,938,1.037,0.0011,"aoml_navis",1031.80622801475
"7901009",38,0,1,0.028035,1,0.005607,1,152.577847545968,1,4.84582587112883,940,1,5.72200012207031,34.9140014648438,0.0280349999666214,0,147.132202148438,-86.025,21.9528,57.9287693174058,63,63,63,63,61,63,0,9004,1.9064526870154,22,-86,0.001869,51,2024-06-21 03:15:42.000343,940,1.037,0.0011,"aoml_navis",1031.81586234655
"7901009",38,0,1,0.028035,1,0.005607,1,152.861358022395,1,4.84578199824562,942,1,5.71999979019165,34.9140014648438,0.0280349999666214,0,147.40559387207,-86.025,21.9528,57.9287693174058,63,63,63,63,61,63,0,9004,1.9064526870154,22,-86,0.001869,51,2024-06-21 03:15:42.000343,942,1.037,0.0011,"aoml_navis",1031.82520423127
"7901009",38,0,1,0.026166,1,0.003738,1,153.39698505968,1,4.84574113615682,944,1,5.71700000762939,34.9129981994629,0.0261659994721413,0,147.922103881836,-86.025,21.9528,57.9287693174058,63,63,63,63,61,63,0,9004,1.9064526870154,22,-86,0.001869,51,2024-06-21 03:15:42.000343,944,1.037,0.0011,"aoml_navis",1031.83390517751
"7901009",38,0,1,0.029904,1,0.007476,1,154.070941537436,1,4.84566862857811,946,1,5.68400001525879,34.9150009155273,0.0299040004611015,0,148.572006225586,-86.025,21.9528,57.9287693174058,63,63,63,63,61,63,0,9004,1.9064526870154,22,-86,0.001869,51,2024-06-21 03:15:42.000343,946,1.037,0.0011,"aoml_navis",1031.84934489983
"7901009",38,0,1,0.033642,1,0.011214,1,154.40485000836,1,4.84561790901271,948,1,5.67199993133545,34.9150009155273,0.0336420014500618,0,148.893997192383,-86.025,21.9528,57.9287693174058,63,63,63,63,61,63,0,9004,1.9064526870154,22,-86,0.001869,51,2024-06-21 03:15:42.000343,948,1.037,0.0011,"aoml_navis",1031.86014536972
"7901009",38,0,1,0.031773,1,0.009345,1,155.063663352448,1,4.84557498242526,950,1,5.66599988937378,34.9140014648438,0.0317730009555817,0,149.529296875,-86.025,21.9528,57.9287693174058,63,63,63,63,61,63,0,9004,1.9064526870154,22,-86,0.001869,51,2024-06-21 03:15:42.000343,950,1.037,0.0011,"aoml_navis",1031.86928654181
"7901009",38,0,1,0.028035,1,0.005607,1,156.066243236713,1,4.84549708662623,952,1,5.625,34.9160003662109,0.0280349999666214,0,150.49609375,-86.025,21.9528,57.9287693174058,63,63,63,63,61,63,0,9004,1.9064526870154,22,-86,0.001869,51,2024-06-21 03:15:42.000343,952,1.037,0.0011,"aoml_navis",1031.8858747847
"7901009",38,0,1,0.028035,1,0.005607,1,156.879889979909,1,4.84544025197641,954,1,5.60400009155273,34.9160003662109,0.0280349999666214,0,151.280700683594,-86.025,21.9528,57.9287693174058,63,63,63,63,61,63,0,9004,1.9064526870154,22,-86,0.001869,51,2024-06-21 03:15:42.000343,954,1.037,0.0011,"aoml_navis",1031.8979783025
"7901009",38,0,1,0.033642,1,0.011214,1,157.936507274288,1,4.84536886071553,956,1,5.56699991226196,34.9169998168945,0.0336420014500618,0,152.299606323242,-86.025,21.9528,57.9287693174058,63,63,63,63,61,63,0,9004,1.9064526870154,22,-86,0.001869,51,2024-06-21 03:15:42.000343,956,1.037,0.0011,"aoml_navis",1031.91318220129
"7901009",38,0,1,0.029904,1,0.007476,1,158.735722943392,1,4.84527727574759,958,1,5.51100015640259,34.9199981689453,0.0299040004611015,0,153.070297241211,-86.025,21.9528,57.9287693174058,63,63,63,63,61,63,0,9004,1.9064526870154,22,-86,0.001869,51,2024-06-21 03:15:42.000343,958,1.037,0.0011,"aoml_navis",1031.93268732563
"7901009",38,0,1,0.029904,1,0.007476,1,159.093398380639,1,4.84522730403771,960,1,5.5,34.9199981689453,0.0299040004611015,0,153.41520690918,-86.025,21.9528,57.9287693174058,63,63,63,63,61,63,0,9004,1.9064526870154,22,-86,0.001869,51,2024-06-21 03:15:42.000343,960,1.037,0.0011,"aoml_navis",1031.94333026096
"7901009",38,0,1,0.028035,1,0.005607,1,159.763398971856,1,4.84517733656166,962,1,5.48899984359741,34.9199981689453,0.0280349999666214,0,154.061294555664,-86.025,21.9528,57.9287693174058,63,63,63,63,61,63,0,9004,1.9064526870154,22,-86,0.001869,51,2024-06-21 03:15:42.000343,962,1.037,0.0011,"aoml_navis",1031.95397251408
"7901009",38,0,1,0.029904,1,0.007476,1,160.525714131332,1,4.84510880237809,964,1,5.45599985122681,34.9210014343262,0.0299040004611015,0,154.796401977539,-86.025,21.9528,57.9287693174058,63,63,63,63,61,63,0,9004,1.9064526870154,22,-86,0.001869,51,2024-06-21 03:15:42.000343,964,1.037,0.0011,"aoml_navis",1031.96856952849
"7901009",38,0,1,0.026166,1,0.003738,1,160.858071894733,1,4.84504203826796,966,1,5.43100023269653,34.9230003356934,0.0261659994721413,0,155.116897583008,-86.025,21.9528,57.9287693174058,63,63,63,63,61,63,0,9004,1.9064526870154,22,-86,0.001869,51,2024-06-21 03:15:42.000343,966,1.037,0.0011,"aoml_navis",1031.98278993415
"7901009",38,0,1,0.026166,1,0.003738,1,161.075645654339,1,4.84499749131962,968,1,5.42799997329712,34.9230003356934,0.0261659994721413,0,155.326705932617,-86.025,21.9528,57.9287693174058,63,63,63,63,61,63,0,9004,1.9064526870154,22,-86,0.001869,51,2024-06-21 03:15:42.000343,968,1.037,0.0011,"aoml_navis",1031.99227841874
"7901009",38,0,1,0.029904,1,0.007476,1,161.520002477413,1,4.84495159707858,970,1,5.4229998588562,34.9230003356934,0.0299040004611015,0,155.75520324707,-86.025,21.9528,57.9287693174058,63,63,63,63,61,63,0,9004,1.9064526870154,22,-86,0.001869,51,2024-06-21 03:15:42.000343,970,1.037,0.0011,"aoml_navis",1032.00205405869
"7901009",38,0,1,0.029904,1,0.007476,1,162.132357889994,1,4.84490435585366,972,1,5.41599988937378,34.9230003356934,0.0299040004611015,0,156.345703125,-86.025,21.9528,57.9287693174058,63,63,63,63,61,63,0,9004,1.9064526870154,22,-86,0.001869,51,2024-06-21 03:15:42.000343,972,1.037,0.0011,"aoml_navis",1032.01211680453
"7901009",38,0,1,0.029904,1,0.007476,1,162.641211487188,1,4.84484436010748,974,1,5.40100002288818,34.9249992370605,0.0299040004611015,0,156.836395263672,-86.025,21.9528,57.9287693174058,63,63,63,63,61,63,0,9004,1.9064526870154,22,-86,0.001869,51,2024-06-21 03:15:42.000343,974,1.037,0.0011,"aoml_navis",1032.02489664479
"7901009",38,0,1,0.029904,1,0.007476,1,163.061516520109,1,4.84479779832909,976,1,5.39499998092651,34.9249992370605,0.0299040004611015,0,157.24169921875,-86.025,21.9528,57.9287693174058,63,63,63,63,61,63,0,9004,1.9064526870154,22,-86,0.001869,51,2024-06-21 03:15:42.000343,976,1.037,0.0011,"aoml_navis",1032.03481510094
"7901009",38,0,1,0.031773,1,0.009345,1,163.494053154206,1,4.84475460751586,978,1,5.39400005340576,34.9249992370605,0.0317730009555817,0,157.658798217773,-86.025,21.9528,57.9287693174058,63,63,63,63,61,63,0,9004,1.9064526870154,22,-86,0.001869,51,2024-06-21 03:15:42.000343,978,1.037,0.0011,"aoml_navis",1032.04401565423
"7901009",38,0,1,0.029904,1,0.007476,1,170.592606723344,1,4.84418022784885,998.799987792969,1,5.22440004348755,34.9300003051758,0.0299040004611015,0,164.503997802734,-86.025,21.9528,57.9287693174058,63,63,63,63,61,63,0,9004,1.9064526870154,22,-86,0.001869,51,2024-06-21 03:15:42.000343,998.799987792969,1.037,0.0011,"aoml_navis",1032.16638622472
"7901009",38,0,1,0.033642,1,0.011214,1,179.514444221528,1,4.842906138593,1049.69995117188,1,4.99620008468628,34.9410018920898,0.0336420014500618,0,173.107406616211,-86.025,21.9528,57.9287693174058,63,63,63,63,61,63,0,9004,1.9064526870154,22,-86,0.001869,51,2024-06-21 03:15:42.000343,1049.69995117188,1.037,0.0011,"aoml_navis",1032.43793228928
"7901009",38,0,1,0.031773,1,0.009345,1,185.414411640201,1,4.84175202526385,1099.59997558594,1,4.88710021972656,34.9469985961914,0.0317730009555817,0,178.796798706055,-86.025,21.9528,57.9287693174058,63,63,63,63,61,63,0,9004,1.9064526870154,22,-86,0.001869,51,2024-06-21 03:15:42.000343,1099.59997558594,1.037,0.0011,"aoml_navis",1032.68403129909
"7901009",38,0,1,0.029904,1,0.007476,1,188.619613325442,1,4.84059358771642,1149.80004882812,1,4.76830005645752,34.951000213623,0.0299040004611015,0,181.887603759766,-86.025,21.9528,57.9287693174058,63,63,63,63,61,63,0,9004,1.9064526870154,22,-86,0.001869,51,2024-06-21 03:15:42.000343,1149.80004882812,1.037,0.0011,"aoml_navis",1032.93117040193
"7901009",38,0,1,0.031773,1,0.009345,1,191.993842130691,1,4.8394334196675,1199.90002441406,1,4.62519979476929,34.9519996643066,0.0317730009555817,0,185.141403198242,-86.025,21.9528,57.9287693174058,63,63,63,63,61,63,0,9004,1.9064526870154,22,-86,0.001869,51,2024-06-21 03:15:42.000343,1199.90002441406,1.037,0.0011,"aoml_navis",1033.17879726994
"7901009",38,0,1,0.031773,1,0.009345,1,197.864884106996,1,4.8382868715045,1249.40002441406,1,4.51529979705811,34.9589996337891,0.0317730009555817,0,190.80290222168,-86.025,21.9528,57.9287693174058,63,63,63,63,61,63,0,9004,1.9064526870154,22,-86,0.001869,51,2024-06-21 03:15:42.000343,1249.40002441406,1.037,0.0011,"aoml_navis",1033.42363377582
"7901009",38,0,1,0.029904,1,0.007476,1,199.637137099698,1,4.83716568078938,1300.19995117188,1,4.46169996261597,34.9620018005371,0.0299040004611015,0,192.511901855469,-86.025,21.9528,57.9287693174058,63,63,63,63,61,63,0,9004,1.9064526870154,22,-86,0.001869,51,2024-06-21 03:15:42.000343,1300.19995117188,1.037,0.0011,"aoml_navis",1033.66316763912
"7901009",38,0,1,0.026166,1,0.003738,1,197.520389683696,1,4.83611079786436,1349.30004882812,1,4.42439985275269,34.9599990844727,0.0261659994721413,0,190.470703125,-86.025,21.9528,57.9287693174058,63,63,63,63,61,63,0,9004,1.9064526870154,22,-86,0.001869,51,2024-06-21 03:15:42.000343,1349.30004882812,1.037,0.0011,"aoml_navis",1033.88863675498
"7901009",38,0,1,0.031773,1,0.009345,1,198.638797925802,1,4.83503416501932,1399.40002441406,1,4.4008002281189,34.9609985351562,0.0317730009555817,0,191.549194335938,-86.025,21.9528,57.9287693174058,63,63,63,63,61,63,0,9004,1.9064526870154,22,-86,0.001869,51,2024-06-21 03:15:42.000343,1399.40002441406,1.037,0.0011,"aoml_navis",1034.11885611361
"7901009",38,0,1,0.028035,1,0.005607,1,199.594714172462,1,4.83396078618561,1449.30004882812,1,4.37919998168945,34.9630012512207,0.0280349999666214,0,192.470993041992,-86.025,21.9528,57.9287693174058,63,63,63,63,61,63,0,9004,1.9064526870154,22,-86,0.001869,51,2024-06-21 03:15:42.000343,1449.30004882812,1.037,0.0011,"aoml_navis",1034.34848174377
"7901009",39,0.0372534815491208,1,0.09345,1,0.071022,1,191.458384897736,1,4.8874423438105,2.20000004768372,1,29.1219997406006,36.3279991149902,0.0934500023722649,0.0822359994053841,184.625,-86.0344,22.0311,27.8236120139713,63,63,63,63,61,63,0.071022,9004,1.9064526870154,22,-86,0.001869,51,2024-07-01 09:00:19.000966,2.20000004768372,1.037,0.0011,"aoml_navis",1023.02997115292
"7901009",39,0.0362731267715123,1,0.091581,1,0.069153,1,191.404869648144,1,4.88740884124417,4,1,29.1240005493164,36.3279991149902,0.0915810018777847,0.0822359994053841,184.573394775391,-86.0344,22.0311,27.8236120139713,63,63,63,63,61,63,0.069153,9004,1.9064526870154,22,-86,0.001869,51,2024-07-01 09:00:19.000966,4,1.037,0.0011,"aoml_navis",1023.03698389332
"7901009",39,0.0372534815491208,1,0.09345,1,0.071022,1,191.375738490692,1,4.88737125804228,6,1,29.1259994506836,36.3279991149902,0.0934500023722649,0.0822359994053841,184.545303344727,-86.0344,22.0311,27.8236120139713,63,63,63,63,61,63,0.071022,9004,1.9064526870154,22,-86,0.001869,51,2024-07-01 09:00:19.000966,6,1.037,0.0011,"aoml_navis",1023.04485090474
"7901009",39,0.0372534815491208,1,0.09345,1,0.071022,1,191.427687208733,1,4.88732724594339,8,1,29.1240005493164,36.3279991149902,0.0934500023722649,0.0822359994053841,184.595397949219,-86.0344,22.0311,27.8236120139713,63,63,63,63,61,63,0.071022,9004,1.9064526870154,22,-86,0.001869,51,2024-07-01 09:00:19.000966,8,1.037,0.0011,"aoml_navis",1023.05406378305
"7901009",39,0.0372534815491208,1,0.09345,1,0.071022,1,191.391293041358,1,4.88728645179692,10,1,29.1240005493164,36.3279991149902,0.0934500023722649,0.0822359994053841,184.560302734375,-86.0344,22.0311,27.8236120139713,63,63,63,63,61,63,0.071022,9004,1.9064526870154,22,-86,0.001869,51,2024-07-01 09:00:19.000966,10,1.037,0.0011,"aoml_navis",1023.0626032083
"7901009",39,0.0372534815491208,1,0.09345,1,0.071022,1,191.450394004464,1,4.88725048694679,12,1,29.1270008087158,36.3279991149902,0.0934500023722649,0.0822359994053841,184.617294311523,-86.0344,22.0311,27.8236120139713,63,63,63,63,61,63,0.071022,9004,1.9064526870154,22,-86,0.001869,51,2024-07-01 09:00:19.000966,12,1.037,0.0011,"aoml_navis",1023.07013183678
"7901009",39,0.0382338363267292,1,0.095319,1,0.072891,1,191.453922656345,1,4.88721124478562,14.1000003814697,1,29.1270008087158,36.3269996643066,0.095319002866745,0.0822359994053841,184.620697021484,-86.0344,22.0311,27.8236120139713,63,63,63,63,61,63,0.072891,9004,1.9064526870154,22,-86,0.001869,51,2024-07-01 09:00:19.000966,14.1000003814697,1.037,0.0011,"aoml_navis",1023.07834664088
"7901009",39,0.0382338363267292,1,0.095319,1,0.072891,1,191.391387982664,1,4.88716773069778,15.8999996185303,1,29.125,36.3279991149902,0.095319002866745,0.0822359994053841,184.560394287109,-86.0344,22.0311,27.8236120139713,63,63,63,63,61,63,0.072891,9004,1.9064526870154,22,-86,0.001869,51,2024-07-01 09:00:19.000966,15.8999996185303,1.037,0.0011,"aoml_navis",1023.08745586805
"7901009",39,0.0392141911043377,1,0.097188,1,0.07476,1,191.417417724112,1,4.887120079472,18,1,29.1219997406006,36.3279991149902,0.0971880033612251,0.0822359994053841,184.585494995117,-86.0344,22.0311,27.8236120139713,63,63,63,63,61,63,0.07476,9004,1.9064526870154,22,-86,0.001869,51,2024-07-01 09:00:19.000966,18,1.037,0.0011,"aoml_navis",1023.09743134861
"7901009",39,0.0372534815491208,1,0.09345,1,0.071022,1,191.416594899459,1,4.88708931862906,20,1,29.1259994506836,36.3269996643066,0.0934500023722649,0.0803669989109039,184.584701538086,-86.0344,22.0311,27.8236120139713,63,63,63,63,61,63,0.071022,9004,1.9064526870154,22,-86,0.001869,51,2024-07-01 09:00:19.000966,20,1.037,0.0011,"aoml_navis",1023.10387103844
"7901009",39,0.0382338363267292,1,0.095319,1,0.072891,1,191.40145176112,1,4.8870422278332,22,1,29.1310005187988,36.3310012817383,0.095319002866745,0.0822359994053841,184.570098876953,-86.0344,22.0311,27.8236120139713,63,63,63,63,61,63,0.072891,9004,1.9064526870154,22,-86,0.001869,51,2024-07-01 09:00:19.000966,22,1.037,0.0011,"aoml_navis",1023.11372951178
"7901009",39,0.0382338363267292,1,0.095319,1,0.072891,1,191.347113686874,1,4.8869931750374,24,1,29.136999130249,36.3359985351562,0.095319002866745,0.0822359994053841,184.517700195312,-86.0344,22.0311,27.8236120139713,63,63,63,63,61,63,0.072891,9004,1.9064526870154,22,-86,0.001869,51,2024-07-01 09:00:19.000966,24,1.037,0.0011,"aoml_navis",1023.12399893248
"7901009",39,0.0362731267715123,1,0.091581,1,0.069153,1,191.370548365954,1,4.88693100434964,26,1,29.1459999084473,36.3460006713867,0.0915810018777847,0.0784979984164238,184.540298461914,-86.0344,22.0311,27.8236120139713,63,63,63,63,61,63,0.069153,9004,1.9064526870154,22,-86,0.001869,51,2024-07-01 09:00:19.000966,26,1.037,0.0011,"aoml_navis",1023.13701493836
"7901009",39,0.0401945458819461,1,0.099057,1,0.076629,1,191.316004585544,1,4.88681504446815,28,1,29.1550006866455,36.3709983825684,0.0990569964051247,0.0859740003943443,184.487701416016,-86.0344,22.0311,27.8236120139713,63,63,63,63,61,63,0.076629,9004,1.9064526870154,22,-86,0.001869,51,2024-07-01 09:00:19.000966,28,1.037,0.0011,"aoml_navis",1023.16129309211
"7901009",39,0.0411749006595546,1,0.100926,1,0.078498,1,191.355310286309,1,4.88674322945444,30,1,29.1580009460449,36.3810005187988,0.100925996899605,0.0878430008888245,184.525604248047,-86.0344,22.0311,27.8236120139713,63,63,63,63,61,63,0.078498,9004,1.9064526870154,22,-86,0.001869,51,2024-07-01 09:00:19.000966,30,1.037,0.0011,"aoml_navis",1023.17632935222
"7901009",39,0.0450963197699883,1,0.108402,1,0.085974,1,191.281477597191,1,4.88667662893495,32,1,29.1620006561279,36.3899993896484,0.108401998877525,0.095319002866745,184.454406738281,-86.0344,22.0311,27.8236120139713,63,63,63,63,61,63,0.085974,9004,1.9064526870154,22,-86,0.001869,51,2024-07-01 09:00:19.000966,32,1.037,0.0011,"aoml_navis",1023.19027422319
"7901009",39,0.0431356102147714,1,0.104664,1,0.082236,1,191.247251256307,1,4.886627087794,34,1,29.1609992980957,36.3919982910156,0.104663997888565,0.0915810018777847,184.421401977539,-86.0344,22.0311,27.8236120139713,63,63,63,63,61,63,0.082236,9004,1.9064526870154,22,-86,0.001869,51,2024-07-01 09:00:19.000966,34,1.037,0.0011,"aoml_navis",1023.20064743414
"7901009",39,0.0441159649923799,1,0.106533,1,0.084105,1,191.214274975955,1,4.88657790402308,36,1,29.1580009460449,36.3930015563965,0.106532998383045,0.0934500023722649,184.389602661133,-86.0344,22.0311,27.8236120139713,63,63,63,63,61,63,0.084105,9004,1.9064526870154,22,-86,0.001869,51,2024-07-01 09:00:19.000966,36,1.037,0.0011,"aoml_navis",1023.21094602494
"7901009",39,0.0450963197699883,1,0.108402,1,0.085974,1,191.221632927186,1,4.88652873344315,38,1,29.1550006866455,36.3940010070801,0.108401998877525,0.095319002866745,184.396697998047,-86.0344,22.0311,27.8236120139713,63,63,63,63,61,63,0.085974,9004,1.9064526870154,22,-86,0.001869,51,2024-07-01 09:00:19.000966,38,1.037,0.0011,"aoml_navis",1023.2212420609
"7901009",39,0.0480373841028136,1,0.114009,1,0.091581,1,191.170507033799,1,4.88648403287854,40,1,29.1569995880127,36.3959999084473,0.114009000360966,0.100925996899605,184.347396850586,-86.0344,22.0311,27.8236120139713,63,63,63,63,61,63,0.091581,9004,1.9064526870154,22,-86,0.001869,51,2024-07-01 09:00:19.000966,40,1.037,0.0011,"aoml_navis",1023.23060228125
"7901009",39,0.050978448435639,1,0.119616,1,0.097188,1,191.147594531904,1,4.88643648024128,42,1,29.1550006866455,36.3969993591309,0.119616001844406,0.106532998383045,184.325302124023,-86.0344,22.0311,27.8236120139713,63,63,63,63,61,63,0.097188,9004,1.9064526870154,22,-86,0.001869,51,2024-07-01 09:00:19.000966,42,1.037,0.0011,"aoml_navis",1023.24055990862
"7901009",39,0.0568605771012896,1,0.13083,1,0.108402,1,191.099791584234,1,4.88639053694455,44,1,29.1539993286133,36.3979988098145,0.130830004811287,0.117747001349926,184.279205322266,-86.0344,22.0311,27.8236120139713,63,63,63,63,61,63,0.108402,9004,1.9064526870154,22,-86,0.001869,51,2024-07-01 09:00:19.000966,44,1.037,0.0011,"aoml_navis",1023.25018072061
"7901009",39,0.0607819962117234,1,0.138306,1,0.115878,1,191.118146903432,1,4.88634657384929,46,1,29.1520004272461,36.3979988098145,0.138306006789207,0.125222995877266,184.296905517578,-86.0344,22.0311,27.8236120139713,63,63,63,63,61,63,0.115878,9004,1.9064526870154,22,-86,0.001869,51,2024-07-01 09:00:19.000966,46,1.037,0.0011,"aoml_navis",1023.25938703549
"7901009",39,0.0588212866565065,1,0.134568,1,0.11214,1,191.072717488417,1,4.88630744285061,48,1,29.1529998779297,36.3979988098145,0.134568005800247,0.121485002338886,184.25309753418,-86.0344,22.0311,27.8236120139713,63,63,63,63,61,63,0.11214,9004,1.9064526870154,22,-86,0.001869,51,2024-07-01 09:00:19.000966,48,1.037,0.0011,"aoml_navis",1023.26758160004
"7901009",39,0.0637230605445487,1,0.143913,1,0.121485,1,191.022430243236,1,4.88626831430977,50,1,29.1539993286133,36.3979988098145,0.143913000822067,0.130830004811287,184.204605102539,-86.0344,22.0311,27.8236120139713,63,63,63,63,61,63,0.121485,9004,1.9064526870154,22,-86,0.001869,51,2024-07-01 09:00:19.000966,50,1.037,0.0011,"aoml_navis",1023.27577578111
"7901009",39,0.0892122847623682,1,0.192507,1,0.170079,1,190.819588142548,1,4.88612699943548,52.5,1,29.1089992523193,36.4029998779297,0.19250699877739,0.179424002766609,184.009002685547,-86.0344,22.0311,27.8236120139713,63,63,63,63,61,63,0.170079,9004,1.9064526870154,22,-86,0.001869,51,2024-07-01 09:00:19.000966,52.5,1.037,0.0011,"aoml_navis",1023.30537060901
"7901009",39,0.0950944134280189,1,0.203721,1,0.181293,1,191.023664480216,1,4.88599574023439,54,1,29.0620002746582,36.4099998474121,0.20372100174427,0.19063800573349,184.205795288086,-86.0344,22.0311,27.8236120139713,63,63,63,63,61,63,0.181293,9004,1.9064526870154,22,-86,0.001869,51,2024-07-01 09:00:19.000966,54,1.037,0.0011,"aoml_navis",1023.33286106388
"7901009",39,0.10685867075932,1,0.226149,1,0.203721,1,191.739316222769,1,4.88565124901212,55.5,1,28.8819999694824,36.4169998168945,0.226148992776871,0.21306599676609,184.895904541016,-86.0344,22.0311,27.8236120139713,63,63,63,63,61,63,0.203721,9004,1.9064526870154,22,-86,0.001869,51,2024-07-01 09:00:19.000966,55.5,1.037,0.0011,"aoml_navis",1023.40501709184
"7901009",39,0.120583637645838,1,0.252315,1,0.229887,1,193.014014023306,1,4.88509116175645,58,1,28.5900001525879,36.4290008544922,0.252315014600754,0.239232003688812,186.125106811523,-86.0344,22.0311,27.8236120139713,63,63,63,63,61,63,0.229887,9004,1.9064526870154,22,-86,0.001869,51,2024-07-01 09:00:19.000966,58,1.037,0.0011,"aoml_navis",1023.52235289755
"7901009",39,0.125485411533881,1,0.26166,1,0.239232,1,194.299076249769,1,4.88487168401594,60,1,28.5340003967285,36.4539985656738,0.261660009622574,0.248576998710632,187.364303588867,-86.0344,22.0311,27.8236120139713,63,63,63,63,61,63,0.239232,9004,1.9064526870154,22,-86,0.001869,51,2024-07-01 09:00:19.000966,60,1.037,0.0011,"aoml_navis",1023.56833985236
"7901009",39,0.129406830644314,1,0.269136,1,0.246708,1,194.409413871119,1,4.88456967217701,62,1,28.496000289917,36.5099983215332,0.269136011600494,0.256053000688553,187.470703125,-86.0344,22.0311,27.8236120139713,63,63,63,63,61,63,0.246708,9004,1.9064526870154,22,-86,0.001869,51,2024-07-01 09:00:19.000966,62,1.037,0.0011,"aoml_navis",1023.63162685149
"7901009",39,0.133328249754748,1,0.276612,1,0.254184,1,194.430664900156,1,4.88431815645301,64,1,28.3880004882812,36.5209999084473,0.276612013578415,0.263529002666473,187.491195678711,-86.0344,22.0311,27.8236120139713,63,63,63,63,61,63,0.254184,9004,1.9064526870154,22,-86,0.001869,51,2024-07-01 09:00:19.000966,64,1.037,0.0011,"aoml_navis",1023.68433829278
"7901009",39,0.1509746357517,1,0.310254,1,0.287826,1,193.960895317099,1,4.88404927733216,66.3000030517578,1,28.318000793457,36.5519981384277,0.310254007577896,0.297170996665955,187.038192749023,-86.0344,22.0311,27.8236120139713,63,63,63,63,61,63,0.287826,9004,1.9064526870154,22,-86,0.001869,51,2024-07-01 09:00:19.000966,66.3000030517578,1.037,0.0011,"aoml_navis",1023.74069467439
"7901009",39,0.167640666971044,1,0.342027,1,0.319599,1,192.669408728917,1,4.88376681307374,67.9000015258789,1,28.2280006408691,36.5820007324219,0.342027008533478,0.328943997621536,185.79280090332,-86.0344,22.0311,27.8236120139713,63,63,63,63,61,63,0.319599,9004,1.9064526870154,22,-86,0.001869,51,2024-07-01 09:00:19.000966,67.9000015258789,1.037,0.0011,"aoml_navis",1023.79990515008
"7901009",39,0.378416944156859,1,0.743862,1,0.721434,1,187.613863291743,1,4.88236007490342,70.4000015258789,1,27.5919990539551,36.681999206543,0.743861973285675,0.730778992176056,180.917694091797,-86.0344,22.0311,27.8236120139713,63,63,63,63,61,63,0.721434,9004,1.9064526870154,22,-86,0.001869,51,2024-07-01 09:00:19.000966,70.4000015258789,1.037,0.0011,"aoml_navis",1024.09488921173
"7901009",39,0.294106433282532,1,0.583128,1,0.5607,1,186.811846607654,1,4.88213321644557,71.5,1,27.4720001220703,36.6870002746582,0.583127975463867,0.570044994354248,180.144302368164,-86.0344,22.0311,27.8236120139713,63,63,63,63,61,63,0.5607,9004,1.9064526870154,22,-86,0.001869,51,2024-07-01 09:00:19.000966,71.5,1.037,0.0011,"aoml_navis",1024.14247590733
"7901009",39,0.255872596955803,1,0.510237,1,0.487809,1,177.757072706041,1,4.88068716788115,74,1,26.6979999542236,36.7439994812012,0.510236978530884,0.497153997421265,171.412704467773,-86.0344,22.0311,27.8236120139713,63,63,63,63,61,63,0.487809,9004,1.9064526870154,22,-86,0.001869,51,2024-07-01 09:00:19.000966,74,1.037,0.0011,"aoml_navis",1024.4459085401
"7901009",39,0.24508869440211,1,0.489678,1,0.46725,1,177.478008560029,1,4.8804836932297,76,1,26.6359996795654,36.7630004882812,0.489677995443344,0.476595014333725,171.143600463867,-86.0344,22.0311,27.8236120139713,63,63,63,63,61,63,0.46725,9004,1.9064526870154,22,-86,0.001869,51,2024-07-01 09:00:19.000966,76,1.037,0.0011,"aoml_navis",1024.48861921946
"7901009",39,0.218619115406683,1,0.439215,1,0.416787,1,176.708651685271,1,4.88033051088642,78,1,26.5809993743896,36.7709999084473,0.439215004444122,0.426131993532181,170.401702880859,-86.0344,22.0311,27.8236120139713,63,63,63,63,61,63,0.416787,9004,1.9064526870154,22,-86,0.001869,51,2024-07-01 09:00:19.000966,78,1.037,0.0011,"aoml_navis",1024.52077555949
"7901009",39,0.17646385996952,4,0.358848,1,0.33642,1,176.362179211861,1,4.88017258066226,80,1,26.5370006561279,36.7849998474121,0.358848005533218,0.345764994621277,170.067596435547,-86.0344,22.0311,27.8236120139713,63,63,63,63,61,63,0.33642,9004,1.9064526870154,22,-86,0.001869,51,2024-07-01 09:00:19.000966,80,1.037,0.0011,"aoml_navis",1024.55393069757
"7901009",39,0.180385279079953,4,0.366324,1,0.343896,1,176.231935563311,1,4.88005295815832,82,1,26.503999710083,36.7929992675781,0.366324007511139,0.353240996599197,169.942001342773,-86.0344,22.0311,27.8236120139713,63,63,63,63,61,63,0.343896,9004,1.9064526870154,22,-86,0.001869,51,2024-07-01 09:00:19.000966,82,1.037,0.0011,"aoml_navis",1024.579045119
"7901009",39,0.23920656573646,1,0.478464,1,0.456036,1,176.268029083216,1,4.87995222038863,84,1,26.4549999237061,36.7890014648438,0.478464007377625,0.465380996465683,169.976806640625,-86.0344,22.0311,27.8236120139713,63,63,63,63,61,63,0.456036,9004,1.9064526870154,22,-86,0.001869,51,2024-07-01 09:00:19.000966,84,1.037,0.0011,"aoml_navis",1024.60019569655
"7901009",39,0.249010113512544,1,0.497154,1,0.474726,1,176.240749281236,1,4.8799119970674,86,1,26.4529991149902,36.7879981994629,0.497153997421265,0.484070986509323,169.950500488281,-86.0344,22.0311,27.8236120139713,63,63,63,63,61,63,0.474726,9004,1.9064526870154,22,-86,0.001869,51,2024-07-01 09:00:19.000966,86,1.037,0.0011,"aoml_navis",1024.60864109942
"7901009",39,0.247049403957327,1,0.493416,1,0.470988,1,176.139636790138,1,4.87986760026343,88,1,26.4529991149902,36.7890014648438,0.493416011333466,0.480333000421524,169.852996826172,-86.0344,22.0311,27.8236120139713,63,63,63,63,61,63,0.470988,9004,1.9064526870154,22,-86,0.001869,51,2024-07-01 09:00:19.000966,88,1.037,0.0011,"aoml_navis",1024.61796294024
"7901009",39,0.249990468290153,1,0.499023,1,0.476595,1,176.103559093783,1,4.87982378028355,90,1,26.451000213623,36.7890014648438,0.499022990465164,0.485940009355545,169.818206787109,-86.0344,22.0311,27.8236120139713,63,63,63,63,61,63,0.476595,9004,1.9064526870154,22,-86,0.001869,51,2024-07-01 09:00:19.000966,90,1.037,0.0011,"aoml_navis",1024.62716383366
"7901009",39,0.253911887400586,1,0.506499,1,0.484071,1,176.088415955445,1,4.87977485496774,92,1,26.4479999542236,36.7900009155273,0.506498992443085,0.493416011333466,169.803604125977,-86.0344,22.0311,27.8236120139713,63,63,63,63,61,63,0.484071,9004,1.9064526870154,22,-86,0.001869,51,2024-07-01 09:00:19.000966,92,1.037,0.0011,"aoml_navis",1024.63743689114
"7901009",39,0.265676144731888,1,0.528927,1,0.506499,1,176.134968842583,1,4.87972385692456,94,1,26.4459991455078,36.7919998168945,0.528927028179169,0.515843987464905,169.848495483398,-86.0344,22.0311,27.8236120139713,63,63,63,63,61,63,0.506499,9004,1.9064526870154,22,-86,0.001869,51,2024-07-01 09:00:19.000966,94,1.037,0.0011,"aoml_navis",1024.64814538732
"7901009",39,0.261754725621454,1,0.521451,1,0.499023,1,176.148450508063,1,4.87968251605022,96,1,26.4479999542236,36.7929992675781,0.521450996398926,0.508368015289307,169.86149597168,-86.0344,22.0311,27.8236120139713,63,63,63,63,61,63,0.499023,9004,1.9064526870154,22,-86,0.001869,51,2024-07-01 09:00:19.000966,96,1.037,0.0011,"aoml_navis",1024.65682624925
"7901009",39,0.217638760629074,1,0.437346,1,0.414918,1,176.196474985447,1,4.87960048146361,98,1,26.4349994659424,36.798999786377,0.437346011400223,0.424263000488281,169.907806396484,-86.0344,22.0311,27.8236120139713,63,63,63,63,61,63,0.414918,9004,1.9064526870154,22,-86,0.001869,51,2024-07-01 09:00:19.000966,98,1.037,0.0011,"aoml_navis",1024.67405251593
"7901009",39,0.187247762523212,1,0.379407,1,0.356979,1,176.224055434897,1,4.87946605257696,100,1,26.4039993286133,36.8120002746582,0.379406988620758,0.366324007511139,169.93440246582,-86.0344,22.0311,27.8236120139713,63,63,63,63,61,63,0.356979,9004,1.9064526870154,22,-86,0.001869,51,2024-07-01 09:00:19.000966,100,1.037,0.0011,"aoml_navis",1024.70228220143
"7901009",39,0.13823002364279,1,0.285957,1,0.263529,1,175.616162074876,1,4.87930840218604,102,1,26.3600006103516,36.826000213623,0.285957008600235,0.272873997688293,169.348205566406,-86.0344,22.0311,27.8236120139713,63,63,63,63,61,63,0.263529,9004,1.9064526870154,22,-86,0.001869,51,2024-07-01 09:00:19.000966,102,1.037,0.0011,"aoml_navis",1024.73539031882
"7901009",39,0.116662218535405,1,0.244839,1,0.222411,1,174.168069802123,1,4.87908700820245,104,1,26.2689990997314,36.8380012512207,0.244838997721672,0.231756001710892,167.951797485352,-86.0344,22.0311,27.8236120139713,63,63,63,63,61,63,0.222411,9004,1.9064526870154,22,-86,0.001869,51,2024-07-01 09:00:19.000966,104,1.037,0.0011,"aoml_navis",1024.78188882352
"7901009",39,0.101956896871278,1,0.216804,1,0.194376,1,173.787276046523,1,4.87892756919455,106,1,26.2070007324219,36.8450012207031,0.216803997755051,0.20372100174427,167.584594726562,-86.0344,22.0311,27.8236120139713,63,63,63,63,61,63,0.194376,9004,1.9064526870154,22,-86,0.001869,51,2024-07-01 09:00:19.000966,106,1.037,0.0011,"aoml_navis",1024.815377783
"7901009",39,0.0725462535430247,1,0.160734,1,0.138306,1,173.216204089755,1,4.87868938141648,108,1,26.1259994506836,36.8660011291504,0.160733997821808,0.147651001811028,167.033905029297,-86.0344,22.0311,27.8236120139713,63,63,63,63,61,63,0.138306,9004,1.9064526870154,22,-86,0.001869,51,2024-07-01 09:00:19.000966,108,1.037,0.0011,"aoml_navis",1024.86541140447
"7901009",39,0.0558802223236812,1,0.128961,1,0.106533,1,170.810644567569,1,4.87845711683147,110,1,26.0440006256104,36.8849983215332,0.128960996866226,0.115878000855446,164.714202880859,-86.0344,22.0311,27.8236120139713,63,63,63,63,61,63,0.106533,9004,1.9064526870154,22,-86,0.001869,51,2024-07-01 09:00:19.000966,110,1.037,0.0011,"aoml_navis",1024.91420550755
"7901009",39,0.0470570293252052,4,0.11214,1,0.089712,1,168.173317493407,1,4.87790875646422,112,1,25.8129997253418,36.9300003051758,0.112139999866486,0.0990569964051247,162.171005249023,-86.0344,22.0311,27.8236120139713,63,63,63,63,61,63,0.089712,9004,1.9064526870154,22,-86,0.001869,51,2024-07-01 09:00:19.000966,112,1.037,0.0011,"aoml_navis",1025.02942339255
"7901009",39,0.0470570293252052,1,0.11214,1,0.089712,1,166.991219113514,1,4.87752579316646,114,1,25.6340007781982,36.951000213623,0.112139999866486,0.0990569964051247,161.031097412109,-86.0344,22.0311,27.8236120139713,63,63,63,63,61,63,0.089712,9004,1.9064526870154,22,-86,0.001869,51,2024-07-01 09:00:19.000966,114,1.037,0.0011,"aoml_navis",1025.10990449402
"7901009",39,0.050978448435639,1,0.119616,1,0.097188,1,165.371931842139,1,4.87720507086783,116,1,25.4720001220703,36.9620018005371,0.119616001844406,0.106532998383045,159.469604492188,-86.0344,22.0311,27.8236120139713,63,63,63,63,61,63,0.097188,9004,1.9064526870154,22,-86,0.001869,51,2024-07-01 09:00:19.000966,116,1.037,0.0011,"aoml_navis",1025.17731515241
"7901009",39,0.0490177388804221,1,0.115878,1,0.09345,1,164.03344930739,1,4.87685720343633,118,1,25.2689990997314,36.9640007019043,0.115878000855446,0.102794997394085,158.178894042969,-86.0344,22.0311,27.8236120139713,63,63,63,63,61,63,0.09345,9004,1.9064526870154,22,-86,0.001869,51,2024-07-01 09:00:19.000966,118,1.037,0.0011,"aoml_navis",1025.25044130406
"7901009",39,0.0431356102147714,4,0.104664,1,0.082236,1,162.238488972451,1,4.87653988706418,120,1,25.125,36.9819984436035,0.104663997888565,0.0915810018777847,156.447998046875,-86.0344,22.0311,27.8236120139713,63,63,63,63,61,63,0.082236,9004,1.9064526870154,22,-86,0.001869,51,2024-07-01 09:00:19.000966,120,1.037,0.0011,"aoml_navis",1025.31715433382
"7901009",39,0.0470570293252052,1,0.11214,1,0.089712,1,160.206460195942,1,4.87621525657189,122,1,24.9459991455078,36.9879989624023,0.112139999866486,0.0990569964051247,154.488494873047,-86.0344,22.0311,27.8236120139713,63,63,63,63,61,63,0.089712,9004,1.9064526870154,22,-86,0.001869,51,2024-07-01 09:00:19.000966,122,1.037,0.0011,"aoml_navis",1025.38541407935
"7901009",39,0.0578409318788981,1,0.132699,1,0.110271,1,157.435566527514,1,4.87604057718342,124,1,24.8419990539551,36.9830017089844,0.132698997855186,0.119616001844406,151.816497802734,-86.0344,22.0311,27.8236120139713,63,63,63,63,61,63,0.110271,9004,1.9064526870154,22,-86,0.001869,51,2024-07-01 09:00:19.000966,124,1.037,0.0011,"aoml_navis",1025.42214750973
"7901009",39,0.07548731787585,1,0.166341,1,0.143913,1,155.627013762238,1,4.87572556561358,126,1,24.6509990692139,36.9819984436035,0.166341006755829,0.153257995843887,150.072494506836,-86.0344,22.0311,27.8236120139713,63,63,63,63,61,63,0.143913,9004,1.9064526870154,22,-86,0.001869,51,2024-07-01 09:00:19.000966,126,1.037,0.0011,"aoml_navis",1025.48839812947
"7901009",39,0.0715658987654162,1,0.158865,1,0.136437,1,154.929938868597,1,4.87544239540954,128,1,24.5109996795654,36.9930000305176,0.158865004777908,0.145781993865967,149.400299072266,-86.0344,22.0311,27.8236120139713,63,63,63,63,61,63,0.136437,9004,1.9064526870154,22,-86,0.001869,51,2024-07-01 09:00:19.000966,128,1.037,0.0011,"aoml_navis",1025.5479594442
"7901009",39,0.0725462535430247,1,0.160734,1,0.138306,1,153.929225854191,1,4.87522911459815,130,1,24.4139995574951,37.0019989013672,0.160733997821808,0.147651001811028,148.435302734375,-86.0344,22.0311,27.8236120139713,63,63,63,63,61,63,0.138306,9004,1.9064526870154,22,-86,0.001869,51,2024-07-01 09:00:19.000966,130,1.037,0.0011,"aoml_navis",1025.59282496657
"7901009",39,0.0735266083206331,1,0.162603,1,0.140175,1,153.084580523619,1,4.87501185340376,132,1,24.298999786377,37.0050010681152,0.162603005766869,0.149519994854927,147.620803833008,-86.0344,22.0311,27.8236120139713,63,63,63,63,61,63,0.140175,9004,1.9064526870154,22,-86,0.001869,51,2024-07-01 09:00:19.000966,132,1.037,0.0011,"aoml_navis",1025.63853183433
"7901009",39,0.0764676726534585,1,0.16821,1,0.145782,1,152.462572556077,1,4.87485755831255,134,1,24.2099990844727,37.0009994506836,0.168209999799728,0.155127003788948,147.02099609375,-86.0344,22.0311,27.8236120139713,63,63,63,63,61,63,0.145782,9004,1.9064526870154,22,-86,0.001869,51,2024-07-01 09:00:19.000966,134,1.037,0.0011,"aoml_navis",1025.67099452456
"7901009",39,0.0764676726534585,1,0.16821,1,0.145782,1,151.196071354975,1,4.87476016623066,136,1,24.1529998779297,36.9939994812012,0.168209999799728,0.155127003788948,145.799697875977,-86.0344,22.0311,27.8236120139713,63,63,63,63,61,63,0.145782,9004,1.9064526870154,22,-86,0.001869,51,2024-07-01 09:00:19.000966,136,1.037,0.0011,"aoml_navis",1025.69148624725
"7901009",39,0.0696051892101994,1,0.155127,1,0.132699,1,149.603636649703,1,4.87442886903721,138,1,23.9270000457764,36.9850006103516,0.155127003788948,0.142043992877007,144.264099121094,-86.0344,22.0311,27.8236120139713,63,63,63,63,61,63,0.132699,9004,1.9064526870154,22,-86,0.001869,51,2024-07-01 09:00:19.000966,138,1.037,0.0011,"aoml_navis",1025.76119876534
"7901009",39,0.0666641248773741,1,0.14952,1,0.127092,1,149.081506936279,1,4.8740111342047,140,1,23.6639995574951,36.9860000610352,0.149519994854927,0.136436998844147,143.760604858398,-86.0344,22.0311,27.8236120139713,63,63,63,63,61,63,0.127092,9004,1.9064526870154,22,-86,0.001869,51,2024-07-01 09:00:19.000966,140,1.037,0.0011,"aoml_navis",1025.84911325113
"7901009",39,0.0656837700997656,1,0.147651,1,0.125223,1,148.300535575063,1,4.87383308610207,142,1,23.57200050354,36.9879989624023,0.147651001811028,0.134568005800247,143.007507324219,-86.0344,22.0311,27.8236120139713,63,63,63,63,61,63,0.125223,9004,1.9064526870154,22,-86,0.001869,51,2024-07-01 09:00:19.000966,142,1.037,0.0011,"aoml_navis",1025.88658898839
"7901009",39,0.0627427057669403,1,0.142044,1,0.119616,1,146.890404001238,1,4.87349110795591,144,1,23.3579998016357,36.9879989624023,0.142043992877007,0.128960996866226,141.647705078125,-86.0344,22.0311,27.8236120139713,63,63,63,63,61,63,0.119616,9004,1.9064526870154,22,-86,0.001869,51,2024-07-01 09:00:19.000966,144,1.037,0.0011,"aoml_navis",1025.95857656077
"7901009",39,0.0578409318788981,1,0.132699,1,0.110271,1,146.502252294408,1,4.87302594567466,146,1,23.0440006256104,36.984001159668,0.132698997855186,0.119616001844406,141.273406982422,-86.0344,22.0311,27.8236120139713,63,63,63,63,61,63,0.110271,9004,1.9064526870154,22,-86,0.001869,51,2024-07-01 09:00:19.000966,146,1.037,0.0011,"aoml_navis",1026.0565110346
"7901009",39,0.0529391579908559,1,0.123354,1,0.100926,1,146.84062310969,1,4.87261375540776,148,1,22.7970008850098,36.992000579834,0.123354002833366,0.110270999372005,141.599700927734,-86.0344,22.0311,27.8236120139713,63,63,63,63,61,63,0.100926,9004,1.9064526870154,22,-86,0.001869,51,2024-07-01 09:00:19.000966,148,1.037,0.0011,"aoml_navis",1026.14330849657
"7901009",39,0.0470570293252052,1,0.11214,1,0.089712,1,147.202650133766,1,4.87245687024924,150,1,22.7129993438721,36.992000579834,0.112139999866486,0.0990569964051247,141.948806762695,-86.0344,22.0311,27.8236120139713,63,63,63,63,61,63,0.089712,9004,1.9064526870154,22,-86,0.001869,51,2024-07-01 09:00:19.000966,150,1.037,0.0011,"aoml_navis",1026.17634863625
"7901009",39,0.0352927719939039,1,0.089712,1,0.067284,1,148.182302001747,1,4.87223927263078,152,1,22.6030006408691,36.9990005493164,0.0897120013833046,0.0766289979219437,142.893493652344,-86.0344,22.0311,27.8236120139713,63,63,63,63,61,63,0.067284,9004,1.9064526870154,22,-86,0.001869,51,2024-07-01 09:00:19.000966,152,1.037,0.0011,"aoml_navis",1026.22217839073
"7901009",39,0.0215678051073857,1,0.063546,1,0.041118,1,148.833963303925,1,4.87200287790689,154,1,22.5,37.0139999389648,0.0635460019111633,0.0504629984498024,143.521896362305,-86.0344,22.0311,27.8236120139713,63,63,63,63,61,63,0.041118,9004,1.9064526870154,22,-86,0.001869,51,2024-07-01 09:00:19.000966,154,1.037,0.0011,"aoml_navis",1026.27197177439
"7901009",39,0.0186267407745604,1,0.057939,1,0.035511,1,148.805132793943,1,4.87187988127406,156,1,22.4479999542236,37.0169982910156,0.0579390004277229,0.0448560006916523,143.494094848633,-86.0344,22.0311,27.8236120139713,63,63,63,63,61,63,0.035511,9004,1.9064526870154,22,-86,0.001869,51,2024-07-01 09:00:19.000966,156,1.037,0.0011,"aoml_navis",1026.29788127954
"7901009",39,0.0137249668865182,1,0.048594,1,0.026166,1,148.311833590501,1,4.87177089223929,158,1,22.3929996490479,37.0149993896484,0.0485940016806126,0.0355109982192516,143.018402099609,-86.0344,22.0311,27.8236120139713,63,63,63,63,61,63,0.026166,9004,1.9064526870154,22,-86,0.001869,51,2024-07-01 09:00:19.000966,158,1.037,0.0011,"aoml_navis",1026.32084114731
"7901009",39,0.00882319299847598,1,0.039249,1,0.016821,1,147.352704868208,1,4.87161625456334,160,1,22.2779998779297,37.0029983520508,0.0392489992082119,0.0261659994721413,142.093505859375,-86.0344,22.0311,27.8236120139713,63,63,63,63,61,63,0.016821,9004,1.9064526870154,22,-86,0.001869,51,2024-07-01 09:00:19.000966,160,1.037,0.0011,"aoml_navis",1026.35341922024
"7901009",39,0.00686248344325909,1,0.035511,1,0.013083,1,146.959252271781,1,4.8714775765106,162,1,22.1849994659424,36.9949989318848,0.0355109982192516,0.0224280003458261,141.714096069336,-86.0344,22.0311,27.8236120139713,63,63,63,63,61,63,0.013083,9004,1.9064526870154,22,-86,0.001869,51,2024-07-01 09:00:19.000966,162,1.037,0.0011,"aoml_navis",1026.38263678132
"7901009",39,0.00686248344325909,1,0.035511,1,0.013083,1,146.708607223424,1,4.87137497045126,164,1,22.128999710083,36.9910011291504,0.0355109982192516,0.0224280003458261,141.472396850586,-86.0344,22.0311,27.8236120139713,63,63,63,63,61,63,0.013083,9004,1.9064526870154,22,-86,0.001869,51,2024-07-01 09:00:19.000966,164,1.037,0.0011,"aoml_navis",1026.40425553955
"7901009",39,0.00490177388804221,1,0.031773,1,0.009345,1,146.407769871192,1,4.87116784131929,166,1,22.0090007781982,36.992000579834,0.0317730009555817,0.0186899993568659,141.18229675293,-86.0344,22.0311,27.8236120139713,63,63,63,63,61,63,0.009345,9004,1.9064526870154,22,-86,0.001869,51,2024-07-01 09:00:19.000966,166,1.037,0.0011,"aoml_navis",1026.44789973934
"7901009",39,0.00882319299847598,1,0.039249,1,0.016821,1,146.254091543563,1,4.87097648360056,168,1,21.8279991149902,36.9659996032715,0.0392489992082119,0.0261659994721413,141.034103393555,-86.0344,22.0311,27.8236120139713,63,63,63,63,61,63,0.016821,9004,1.9064526870154,22,-86,0.001869,51,2024-07-01 09:00:19.000966,168,1.037,0.0011,"aoml_navis",1026.48822404169
"7901009",39,0.00588212866565065,1,0.033642,1,0.011214,1,147.036819318943,1,4.87078704170529,170,1,21.6340007781982,36.935001373291,0.0336420014500618,0.020558999851346,141.78889465332,-86.0344,22.0311,27.8236120139713,63,63,63,63,61,63,0.011214,9004,1.9064526870154,22,-86,0.001869,51,2024-07-01 09:00:19.000966,170,1.037,0.0011,"aoml_navis",1026.52814774868
"7901009",39,0.00294106433282533,1,0.028035,1,0.005607,1,149.713357152564,1,4.87056577574918,172,1,21.4990005493164,36.935001373291,0.0280349999666214,0.0149520002305508,144.369903564453,-86.0344,22.0311,27.8236120139713,63,63,63,63,61,63,0.005607,9004,1.9064526870154,22,-86,0.001869,51,2024-07-01 09:00:19.000966,172,1.037,0.0011,"aoml_navis",1026.57478211162
"7901009",39,-0.00294106433282533,1,0.016821,1,-0.005607,1,151.973213416842,1,4.87033846304545,174,1,21.3290004730225,36.923999786377,0.0168210007250309,0.00373800005763769,146.549102783203,-86.0344,22.0311,27.8236120139713,63,63,63,63,61,63,-0.005607,9004,1.9064526870154,22,-86,0.001869,51,2024-07-01 09:00:19.000966,174,1.037,0.0011,"aoml_navis",1026.62269530924
"7901009",39,-0.000980354777608442,1,0.020559,1,-0.001869,1,152.217006867601,1,4.87023584216698,176,1,21.257999420166,36.9150009155273,0.020558999851346,0.00747600011527538,146.784194946289,-86.0344,22.0311,27.8236120139713,63,63,63,63,61,63,-0.001869,9004,1.9064526870154,22,-86,0.001869,51,2024-07-01 09:00:19.000966,176,1.037,0.0011,"aoml_navis",1026.64432730537
"7901009",39,-0.00392141911043377,1,0.014952,1,-0.007476,1,152.416114610245,1,4.87016258299473,178,1,21.2199993133545,36.9099998474121,0.0149520002305508,0.00186900002881885,146.976196289062,-86.0344,22.0311,27.8236120139713,63,63,63,63,61,63,-0.007476,9004,1.9064526870154,22,-86,0.001869,51,2024-07-01 09:00:19.000966,178,1.037,0.0011,"aoml_navis",1026.6597705503
"7901009",39,-0.00196070955521688,1,0.01869,1,-0.003738,1,152.724531443422,1,4.8700487328216,180,1,21.1429996490479,36.9020004272461,0.0186899993568659,0.00560700008645654,147.27360534668,-86.0344,22.0311,27.8236120139713,63,63,63,63,61,63,-0.003738,9004,1.9064526870154,22,-86,0.001869,51,2024-07-01 09:00:19.000966,180,1.037,0.0011,"aoml_navis",1026.68377141744
"7901009",39,-0.00294106433282533,1,0.016821,1,-0.005607,1,152.910252461893,1,4.86993345145128,182,1,21.0620002746582,36.8930015563965,0.0168210007250309,0.00373800005763769,147.452697753906,-86.0344,22.0311,27.8236120139713,63,63,63,63,61,63,-0.005607,9004,1.9064526870154,22,-86,0.001869,51,2024-07-01 09:00:19.000966,182,1.037,0.0011,"aoml_navis",1026.70807514012
"7901009",39,-0.00588212866565065,4,0.011214,1,-0.011214,1,152.780309460812,1,4.86983977138571,184,1,21,36.8849983215332,0.0112140001729131,-0.00186900002881885,147.327392578125,-86.0344,22.0311,27.8236120139713,63,63,63,63,61,63,-0.011214,9004,1.9064526870154,22,-86,0.001869,51,2024-07-01 09:00:19.000966,184,1.037,0.0011,"aoml_navis",1026.72782570365
"7901009",39,0,1,0.016821,1,-0.005607,1,151.883826177058,1,4.86972754822961,186,1,20.9209995269775,36.8759994506836,0.0168210007250309,0,146.462905883789,-86.0344,22.0311,27.8236120139713,63,63,63,63,61,63,0,9004,1.9064526870154,22,-86,0.001869,51,2024-07-01 09:00:19.000966,186,1.037,0.0011,"aoml_navis",1026.75148670643
"7901009",39,0,1,0.013083,1,-0.009345,1,149.82929631098,1,4.86959533456642,188,1,20.8209991455078,36.8650016784668,0.0130829997360706,0,144.481704711914,-86.0344,22.0311,27.8236120139713,63,63,63,63,61,63,0,9004,1.9064526870154,22,-86,0.001869,51,2024-07-01 09:00:19.000966,188,1.037,0.0011,"aoml_navis",1026.77936388429
"7901009",39,0,1,0.013083,1,-0.009345,1,147.894740608831,1,4.86940999687193,190,1,20.6660003662109,36.8489990234375,0.0130829997360706,0,142.616195678711,-86.0344,22.0311,27.8236120139713,63,63,63,63,61,63,0,9004,1.9064526870154,22,-86,0.001869,51,2024-07-01 09:00:19.000966,190,1.037,0.0011,"aoml_navis",1026.81844478324
"7901009",39,0,1,0.01869,1,-0.003738,1,146.657275623875,1,4.86934248064743,192,1,20.628999710083,36.8429985046387,0.0186899993568659,0,141.422897338867,-86.0344,22.0311,27.8236120139713,63,63,63,63,61,63,0,9004,1.9064526870154,22,-86,0.001869,51,2024-07-01 09:00:19.000966,192,1.037,0.0011,"aoml_navis",1026.83268220953
"7901009",39,0,1,0.014952,1,-0.007476,1,145.73734183749,1,4.86927084087924,194,1,20.5860004425049,36.8359985351562,0.0149520002305508,0,140.535797119141,-86.0344,22.0311,27.8236120139713,63,63,63,63,61,63,0,9004,1.9064526870154,22,-86,0.001869,51,2024-07-01 09:00:19.000966,194,1.037,0.0011,"aoml_navis",1026.84778961631
"7901009",39,0,1,0.01869,1,-0.003738,1,145.452691977964,1,4.86918834977924,196,1,20.5289993286133,36.8269996643066,0.0186899993568659,0,140.261306762695,-86.0344,22.0311,27.8236120139713,63,63,63,63,61,63,0,9004,1.9064526870154,22,-86,0.001869,51,2024-07-01 09:00:19.000966,196,1.037,0.0011,"aoml_navis",1026.86518590448
"7901009",39,0,1,0.022428,1,0,1,145.743354786882,1,4.86908218242217,198,1,20.4479999542236,36.8160018920898,0.0224280003458261,0,140.541595458984,-86.0344,22.0311,27.8236120139713,63,63,63,63,61,63,0,9004,1.9064526870154,22,-86,0.001869,51,2024-07-01 09:00:19.000966,198,1.037,0.0011,"aoml_navis",1026.88757607141
"7901009",39,0,1,0.01869,1,-0.003738,1,146.35135891176,1,4.86898813954621,200,1,20.378999710083,36.8059997558594,0.0186899993568659,0,141.127899169922,-86.0344,22.0311,27.8236120139713,63,63,63,63,61,63,0,9004,1.9064526870154,22,-86,0.001869,51,2024-07-01 09:00:19.000966,200,1.037,0.0011,"aoml_navis",1026.90741006118
"7901009",39,0,1,0.016821,1,-0.005607,1,147.952401628794,1,4.86884749197723,202,1,20.2679996490479,36.7939987182617,0.0168210007250309,0,142.671798706055,-86.0344,22.0311,27.8236120139713,63,63,63,63,61,63,0,9004,1.9064526870154,22,-86,0.001869,51,2024-07-01 09:00:19.000966,202,1.037,0.0011,"aoml_navis",1026.93707458261
"7901009",39,0,1,0.01869,1,-0.003738,1,149.131999887625,1,4.86857454028444,204,1,20.0049991607666,36.7649993896484,0.0186899993568659,0,143.809295654297,-86.0344,22.0311,27.8236120139713,63,63,63,63,61,63,0,9004,1.9064526870154,22,-86,0.001869,51,2024-07-01 09:00:19.000966,204,1.037,0.0011,"aoml_navis",1026.99464876795
"7901009",39,0,1,0.01869,1,-0.003738,1,149.093216364044,1,4.86852001791681,206,1,19.9860000610352,36.7620010375977,0.0186899993568659,0,143.771896362305,-86.0344,22.0311,27.8236120139713,63,63,63,63,61,63,0,9004,1.9064526870154,22,-86,0.001869,51,2024-07-01 09:00:19.000966,206,1.037,0.0011,"aoml_navis",1027.00615004135
"7901009",39,0,1,0.01869,1,-0.003738,1,149.16747628904,1,4.86845217230884,208,1,19.9479999542236,36.7560005187988,0.0186899993568659,0,143.843505859375,-86.0344,22.0311,27.8236120139713,63,63,63,63,61,63,0,9004,1.9064526870154,22,-86,0.001869,51,2024-07-01 09:00:19.000966,208,1.037,0.0011,"aoml_navis",1027.02046215826
"7901009",39,0,1,0.013083,1,-0.009345,1,149.046663476905,1,4.86837528323442,210,1,19.8999996185303,36.7490005493164,0.0130829997360706,0,143.727005004883,-86.0344,22.0311,27.8236120139713,63,63,63,63,61,63,0,9004,1.9064526870154,22,-86,0.001869,51,2024-07-01 09:00:19.000966,210,1.037,0.0011,"aoml_navis",1027.03668248807
"7901009",39,0,1,0.014952,1,-0.007476,1,148.809500094028,1,4.86831009858052,212,1,19.8640003204346,36.7430000305176,0.0149520002305508,0,143.498306274414,-86.0344,22.0311,27.8236120139713,63,63,63,63,61,63,0,9004,1.9064526870154,22,-86,0.001869,51,2024-07-01 09:00:19.000966,212,1.037,0.0011,"aoml_navis",1027.05043408346
"7901009",39,0,1,0.014952,1,-0.007476,1,148.651043053987,1,4.86819768653999,214,1,19.7649993896484,36.7280006408691,0.0149520002305508,0,143.345504760742,-86.0344,22.0311,27.8236120139713,63,63,63,63,61,63,0,9004,1.9064526870154,22,-86,0.001869,51,2024-07-01 09:00:19.000966,214,1.037,0.0011,"aoml_navis",1027.07414980793
"7901009",39,0,1,0.013083,1,-0.009345,1,147.945660796054,1,4.86807381561836,216,1,19.6480007171631,36.7099990844727,0.0130829997360706,0,142.665298461914,-86.0344,22.0311,27.8236120139713,63,63,63,63,61,63,0,9004,1.9064526870154,22,-86,0.001869,51,2024-07-01 09:00:19.000966,216,1.037,0.0011,"aoml_navis",1027.10028429692
"7901009",39,0,1,0.020559,1,-0.001869,1,146.873077212858,1,4.867914806758,217.899993896484,1,19.4750003814697,36.6829986572266,0.020558999851346,0,141.630996704102,-86.0344,22.0311,27.8236120139713,63,63,63,63,61,63,0,9004,1.9064526870154,22,-86,0.001869,51,2024-07-01 09:00:19.000966,217.899993896484,1.037,0.0011,"aoml_navis",1027.13383419501
"7901009",39,0,1,0.022428,1,0,1,146.330930707377,1,4.86775363272429,220,1,19.2910003662109,36.6520004272461,0.0224280003458261,0,141.108200073242,-86.0344,22.0311,27.8236120139713,63,63,63,63,61,63,0,9004,1.9064526870154,22,-86,0.001869,51,2024-07-01 09:00:19.000966,220,1.037,0.0011,"aoml_navis",1027.16784316829
"7901009",39,0,1,0.016821,1,-0.005607,1,145.370235453533,1,4.86770239006462,222,1,19.2509994506836,36.640998840332,0.0168210007250309,0,140.181793212891,-86.0344,22.0311,27.8236120139713,63,63,63,63,61,63,0,9004,1.9064526870154,22,-86,0.001869,51,2024-07-01 09:00:19.000966,222,1.037,0.0011,"aoml_navis",1027.17865623942
"7901009",39,0,1,0.016821,1,-0.005607,1,144.950563233045,1,4.86754788575539,224,1,19.0839996337891,36.6150016784668,0.0168210007250309,0,139.777099609375,-86.0344,22.0311,27.8236120139713,63,63,63,63,61,63,0,9004,1.9064526870154,22,-86,0.001869,51,2024-07-01 09:00:19.000966,224,1.037,0.0011,"aoml_navis",1027.21126064979
"7901009",39,0,1,0.01869,1,-0.003738,1,144.568535240464,1,4.86749060088275,226,1,19.0330009460449,36.6020011901855,0.0186899993568659,0,139.408706665039,-86.0344,22.0311,27.8236120139713,63,63,63,63,61,63,0,9004,1.9064526870154,22,-86,0.001869,51,2024-07-01 09:00:19.000966,226,1.037,0.0011,"aoml_navis",1027.22334976738
"7901009",39,0,1,0.01869,1,-0.003738,1,144.421898393044,1,4.86739624298117,228,1,18.9459991455078,36.5870018005371,0.0186899993568659,0,139.267303466797,-86.0344,22.0311,27.8236120139713,63,63,63,63,61,63,0,9004,1.9064526870154,22,-86,0.001869,51,2024-07-01 09:00:19.000966,228,1.037,0.0011,"aoml_navis",1027.24326321492
"7901009",39,0,1,0.020559,1,-0.001869,1,144.26385276533,1,4.86730724724947,230,1,18.8689994812012,36.5740013122559,0.020558999851346,0,139.114898681641,-86.0344,22.0311,27.8236120139713,63,63,63,63,61,63,0,9004,1.9064526870154,22,-86,0.001869,51,2024-07-01 09:00:19.000966,230,1.037,0.0011,"aoml_navis",1027.26204572878
"7901009",39,0,1,0.022428,1,0,1,144.322035962477,1,4.86718627492488,232,1,18.7479991912842,36.5550003051758,0.0224280003458261,0,139.171005249023,-86.0344,22.0311,27.8236120139713,63,63,63,63,61,63,0,9004,1.9064526870154,22,-86,0.001869,51,2024-07-01 09:00:19.000966,232,1.037,0.0011,"aoml_navis",1027.28757799128
"7901009",39,0,1,0.016821,1,-0.005607,1,144.847583562924,1,4.86696315392539,234,1,18.4950008392334,36.5200004577637,0.0168210007250309,0,139.677795410156,-86.0344,22.0311,27.8236120139713,63,63,63,63,61,63,0,9004,1.9064526870154,22,-86,0.001869,51,2024-07-01 09:00:19.000966,234,1.037,0.0011,"aoml_navis",1027.33467295048
"7901009",39,0,1,0.016821,1,-0.005607,1,145.34400000592,1,4.86683795288619,236,1,18.363000869751,36.4990005493164,0.0168210007250309,0,140.156494140625,-86.0344,22.0311,27.8236120139713,63,63,63,63,61,63,0,9004,1.9064526870154,22,-86,0.001869,51,2024-07-01 09:00:19.000966,236,1.037,0.0011,"aoml_navis",1027.36110147963
"7901009",39,0,1,0.01869,1,-0.003738,1,145.599945943873,1,4.86672783799684,238,1,18.2700004577637,36.4869995117188,0.0186899993568659,0,140.403305053711,-86.0344,22.0311,27.8236120139713,63,63,63,63,61,63,0,9004,1.9064526870154,22,-86,0.001869,51,2024-07-01 09:00:19.000966,238,1.037,0.0011,"aoml_navis",1027.38434661635
"7901009",39,0,1,0.01869,1,-0.003738,1,145.666104210741,1,4.8666624925192,240,1,18.2290000915527,36.4799995422363,0.0186899993568659,0,140.467102050781,-86.0344,22.0311,27.8236120139713,63,63,63,63,61,63,0,9004,1.9064526870154,22,-86,0.001869,51,2024-07-01 09:00:19.000966,240,1.037,0.0011,"aoml_navis",1027.39814147493
"7901009",39,0,1,0.014952,1,-0.007476,1,145.717230104127,1,4.86657078863288,242,1,18.1630001068115,36.4720001220703,0.0149520002305508,0,140.516403198242,-86.0344,22.0311,27.8236120139713,63,63,63,63,61,63,0,9004,1.9064526870154,22,-86,0.001869,51,2024-07-01 09:00:19.000966,242,1.037,0.0011,"aoml_navis",1027.41750139108
"7901009",39,0,1,0.016821,1,-0.005607,1,145.684348765081,1,4.86650168031091,243.899993896484,1,18.117000579834,36.4650001525879,0.0168210007250309,0,140.48469543457,-86.0344,22.0311,27.8236120139713,63,63,63,63,61,63,0,9004,1.9064526870154,22,-86,0.001869,51,2024-07-01 09:00:19.000966,243.899993896484,1.037,0.0011,"aoml_navis",1027.43209156368
"7901009",39,0,1,0.01869,1,-0.003738,1,145.709856329346,1,4.86643088627357,246,1,18.076000213623,36.4589996337891,0.0186899993568659,0,140.509292602539,-86.0344,22.0311,27.8236120139713,63,63,63,63,61,63,0,9004,1.9064526870154,22,-86,0.001869,51,2024-07-01 09:00:19.000966,246,1.037,0.0011,"aoml_navis",1027.44703805476
"7901009",39,0,1,0.01869,1,-0.003738,1,145.628143511814,1,4.86638365791723,248,1,18.0620002746582,36.4560012817383,0.0186899993568659,0,140.43049621582,-86.0344,22.0311,27.8236120139713,63,63,63,63,61,63,0,9004,1.9064526870154,22,-86,0.001869,51,2024-07-01 09:00:19.000966,248,1.037,0.0011,"aoml_navis",1027.45700945
"7901009",39,0,1,0.020559,1,-0.001869,1,145.55223793751,1,4.86633757310947,250,1,18.0550003051758,36.4550018310547,0.020558999851346,0,140.357299804688,-86.0344,22.0311,27.8236120139713,63,63,63,63,61,63,0,9004,1.9064526870154,22,-86,0.001869,51,2024-07-01 09:00:19.000966,250,1.037,0.0011,"aoml_navis",1027.46673959265
"7901009",39,0,1,0.020559,1,-0.001869,1,145.498627746611,1,4.86629392987973,252,1,18.0470008850098,36.4529991149902,0.020558999851346,0,140.305603027344,-86.0344,22.0311,27.8236120139713,63,63,63,63,61,63,0,9004,1.9064526870154,22,-86,0.001869,51,2024-07-01 09:00:19.000966,252,1.037,0.0011,"aoml_navis",1027.47595440121
"7901009",39,0,1,0.022428,1,0,1,145.574944733242,1,4.86624665229948,254,1,18.0389995574951,36.4519996643066,0.0224280003458261,0,140.379196166992,-86.0344,22.0311,27.8236120139713,63,63,63,63,61,63,0,9004,1.9064526870154,22,-86,0.001869,51,2024-07-01 09:00:19.000966,254,1.037,0.0011,"aoml_navis",1027.48593675113
"7901009",39,0,4,0.014952,1,-0.007476,1,145.516049476298,1,4.86619818432867,256,1,18.0300006866455,36.451000213623,0.0149520002305508,0,140.322402954102,-86.0344,22.0311,27.8236120139713,63,63,63,63,61,63,0,9004,1.9064526870154,22,-86,0.001869,51,2024-07-01 09:00:19.000966,256,1.037,0.0011,"aoml_navis",1027.49617064554
"7901009",39,0,1,0.020559,1,-0.001869,1,145.422405701287,1,4.8661497830081,258,1,18.0149993896484,36.4480018615723,0.020558999851346,0,140.23210144043,-86.0344,22.0311,27.8236120139713,63,63,63,63,61,63,0,9004,1.9064526870154,22,-86,0.001869,51,2024-07-01 09:00:19.000966,258,1.037,0.0011,"aoml_navis",1027.50639067036
"7901009",39,0,1,0.024297,1,0.001869,1,145.397198784492,1,4.86608471070505,260,1,17.9829998016357,36.4440002441406,0.0242970008403063,0,140.207794189453,-86.0344,22.0311,27.8236120139713,63,63,63,63,61,63,0,9004,1.9064526870154,22,-86,0.001869,51,2024-07-01 09:00:19.000966,260,1.037,0.0011,"aoml_navis",1027.52013112315
"7901009",39,0,1,0.016821,1,-0.005607,1,145.278047445216,1,4.86603519579964,262,1,17.9640007019043,36.439998626709,0.0168210007250309,0,140.092895507812,-86.0344,22.0311,27.8236120139713,63,63,63,63,61,63,0,9004,1.9064526870154,22,-86,0.001869,51,2024-07-01 09:00:19.000966,262,1.037,0.0011,"aoml_navis",1027.5305867734
"7901009",39,0,1,0.01869,1,-0.003738,1,145.183992257878,1,4.86597728377081,264,1,17.9409999847412,36.4370002746582,0.0186899993568659,0,140.002197265625,-86.0344,22.0311,27.8236120139713,63,63,63,63,61,63,0,9004,1.9064526870154,22,-86,0.001869,51,2024-07-01 09:00:19.000966,264,1.037,0.0011,"aoml_navis",1027.54281584425
"7901009",39,0,1,0.016821,1,-0.005607,1,145.052403607491,1,4.8659265032665,266,1,17.9270000457764,36.435001373291,0.0168210007250309,0,139.875305175781,-86.0344,22.0311,27.8236120139713,63,63,63,63,61,63,0,9004,1.9064526870154,22,-86,0.001869,51,2024-07-01 09:00:19.000966,266,1.037,0.0011,"aoml_navis",1027.55353921673
"7901009",39,0,1,0.014952,1,-0.007476,1,144.820936702985,1,4.86588170454957,268,1,17.9179992675781,36.4329986572266,0.0149520002305508,0,139.652099609375,-86.0344,22.0311,27.8236120139713,63,63,63,63,61,63,0,9004,1.9064526870154,22,-86,0.001869,51,2024-07-01 09:00:19.000966,268,1.037,0.0011,"aoml_navis",1027.56299959471
"7901009",39,0,1,0.016821,1,-0.005607,1,144.169686813135,1,4.86583932746203,270,1,17.9080009460449,36.4300003051758,0.0168210007250309,0,139.02409362793,-86.0344,22.0311,27.8236120139713,63,63,63,63,61,63,0,9004,1.9064526870154,22,-86,0.001869,51,2024-07-01 09:00:19.000966,270,1.037,0.0011,"aoml_navis",1027.57194874496
"7901009",39,0,1,0.01869,1,-0.003738,1,143.826125873114,1,4.86575813575978,272,1,17.8379993438721,36.4179992675781,0.0186899993568659,0,138.692794799805,-86.0344,22.0311,27.8236120139713,63,63,63,63,61,63,0,9004,1.9064526870154,22,-86,0.001869,51,2024-07-01 09:00:19.000966,272,1.037,0.0011,"aoml_navis",1027.58909516148
"7901009",39,0,1,0.016821,1,-0.005607,1,143.322035007867,1,4.86569118715913,274,1,17.7889995574951,36.4090003967285,0.0168210007250309,0,138.206695556641,-86.0344,22.0311,27.8236120139713,63,63,63,63,61,63,0,9004,1.9064526870154,22,-86,0.001869,51,2024-07-01 09:00:19.000966,274,1.037,0.0011,"aoml_navis",1027.60323408837
"7901009",39,0,1,0.020559,1,-0.001869,1,142.984692723402,1,4.86557644528554,276,1,17.6720008850098,36.390998840332,0.020558999851346,0,137.881393432617,-86.0344,22.0311,27.8236120139713,63,63,63,63,61,63,0,9004,1.9064526870154,22,-86,0.001869,51,2024-07-01 09:00:19.000966,276,1.037,0.0011,"aoml_navis",1027.62746741852
"7901009",39,0,1,0.022428,1,0,1,142.720360303402,1,4.86546822167249,278,1,17.556999206543,36.3720016479492,0.0224280003458261,0,137.626495361328,-86.0344,22.0311,27.8236120139713,63,63,63,63,61,63,0,9004,1.9064526870154,22,-86,0.001869,51,2024-07-01 09:00:19.000966,278,1.037,0.0011,"aoml_navis",1027.65032514821
"7901009",39,0,1,0.016821,1,-0.005607,1,142.542614354653,1,4.86537871374001,280,1,17.4759998321533,36.359001159668,0.0168210007250309,0,137.455093383789,-86.0344,22.0311,27.8236120139713,63,63,63,63,61,63,0,9004,1.9064526870154,22,-86,0.001869,51,2024-07-01 09:00:19.000966,280,1.037,0.0011,"aoml_navis",1027.66923073836
"7901009",39,0,1,0.01869,1,-0.003738,1,142.459240064262,1,4.86528818656867,282,1,17.3969993591309,36.3470001220703,0.0186899993568659,0,137.374694824219,-86.0344,22.0311,27.8236120139713,63,63,63,63,61,63,0,9004,1.9064526870154,22,-86,0.001869,51,2024-07-01 09:00:19.000966,282,1.037,0.0011,"aoml_navis",1027.68835231656
"7901009",39,0,1,0.016821,1,-0.005607,1,142.280054172368,1,4.86523110604374,284,1,17.3649997711182,36.3409996032715,0.0168210007250309,0,137.201904296875,-86.0344,22.0311,27.8236120139713,63,63,63,63,61,63,0,9004,1.9064526870154,22,-86,0.001869,51,2024-07-01 09:00:19.000966,284,1.037,0.0011,"aoml_navis",1027.70040950138
"7901009",39,0,1,0.01869,1,-0.003738,1,142.066008997549,1,4.86516693277222,286,1,17.3299999237061,36.3359985351562,0.0186899993568659,0,136.995498657227,-86.0344,22.0311,27.8236120139713,63,63,63,63,61,63,0,9004,1.9064526870154,22,-86,0.001869,51,2024-07-01 09:00:19.000966,286,1.037,0.0011,"aoml_navis",1027.71396523304
"7901009",39,0,1,0.020559,1,-0.001869,1,141.793179330645,1,4.86510524877231,288,1,17.2940006256104,36.3300018310547,0.020558999851346,0,136.732406616211,-86.0344,22.0311,27.8236120139713,63,63,63,63,61,63,0,9004,1.9064526870154,22,-86,0.001869,51,2024-07-01 09:00:19.000966,288,1.037,0.0011,"aoml_navis",1027.72699547697
"7901009",39,0,1,0.01869,1,-0.003738,1,141.536616274201,1,4.86504129447634,290,1,17.2560005187988,36.3240013122559,0.0186899993568659,0,136.485000610352,-86.0344,22.0311,27.8236120139713,63,63,63,63,61,63,0,9004,1.9064526870154,22,-86,0.001869,51,2024-07-01 09:00:19.000966,290,1.037,0.0011,"aoml_navis",1027.74050565139
"7901009",39,0,1,0.01869,1,-0.003738,1,141.512770182795,1,4.86496849135807,292,1,17.201000213623,36.314998626709,0.0186899993568659,0,136.462005615234,-86.0344,22.0311,27.8236120139713,63,63,63,63,61,63,0,9004,1.9064526870154,22,-86,0.001869,51,2024-07-01 09:00:19.000966,292,1.037,0.0011,"aoml_navis",1027.75588554824
"7901009",39,0,1,0.014952,1,-0.007476,1,141.682113825946,1,4.86489551430219,294,1,17.1520004272461,36.3079986572266,0.0149520002305508,0,136.625305175781,-86.0344,22.0311,27.8236120139713,63,63,63,63,61,63,0,9004,1.9064526870154,22,-86,0.001869,51,2024-07-01 09:00:19.000966,294,1.037,0.0011,"aoml_navis",1027.77130265195
"7901009",39,0,1,0.016821,1,-0.005607,1,141.945196185415,1,4.86482741413584,296,1,17.1040000915527,36.2999992370605,0.0168210007250309,0,136.878997802734,-86.0344,22.0311,27.8236120139713,63,63,63,63,61,63,0,9004,1.9064526870154,22,-86,0.001869,51,2024-07-01 09:00:19.000966,296,1.037,0.0011,"aoml_navis",1027.78568988314
"7901009",39,0,1,0.014952,1,-0.007476,1,142.22446603759,1,4.86477053933799,298,1,17.0750007629395,36.2949981689453,0.0149520002305508,0,137.148300170898,-86.0344,22.0311,27.8236120139713,63,63,63,63,61,63,0,9004,1.9064526870154,22,-86,0.001869,51,2024-07-01 09:00:19.000966,298,1.037,0.0011,"aoml_navis",1027.79770588736
"7901009",39,0,1,0.020559,1,-0.001869,1,142.564704031894,1,4.86469216960046,300,1,17.0179996490479,36.2869987487793,0.020558999851346,0,137.47639465332,-86.0344,22.0311,27.8236120139713,63,63,63,63,61,63,0,9004,1.9064526870154,22,-86,0.001869,51,2024-07-01 09:00:19.000966,300,1.037,0.0011,"aoml_navis",1027.81426361263
"7901009",39,0,1,0.01869,1,-0.003738,1,142.624232230879,1,4.8646228419668,302,1,16.9750003814697,36.2809982299805,0.0186899993568659,0,137.533798217773,-86.0344,22.0311,27.8236120139713,63,63,63,63,61,63,0,9004,1.9064526870154,22,-86,0.001869,51,2024-07-01 09:00:19.000966,302,1.037,0.0011,"aoml_navis",1027.82891139377
"7901009",39,0,1,0.014952,1,-0.007476,1,142.689567673093,1,4.86452614903603,304,1,16.882999420166,36.2669982910156,0.0149520002305508,0,137.596801757812,-86.0344,22.0311,27.8236120139713,63,63,63,63,61,63,0,9004,1.9064526870154,22,-86,0.001869,51,2024-07-01 09:00:19.000966,304,1.037,0.0011,"aoml_navis",1027.84934170635
"7901009",39,0,1,0.014952,1,-0.007476,1,142.422228778396,1,4.86441201220551,306,1,16.7660007476807,36.25,0.0149520002305508,0,137.339004516602,-86.0344,22.0311,27.8236120139713,63,63,63,63,61,63,0,9004,1.9064526870154,22,-86,0.001869,51,2024-07-01 09:00:19.000966,306,1.037,0.0011,"aoml_navis",1027.87345879713
"7901009",39,0,1,0.016821,1,-0.005607,1,141.98771406704,1,4.86435150607662,308,1,16.7240009307861,36.242000579834,0.0168210007250309,0,136.919998168945,-86.0344,22.0311,27.8236120139713,63,63,63,63,61,63,0,9004,1.9064526870154,22,-86,0.001869,51,2024-07-01 09:00:19.000966,308,1.037,0.0011,"aoml_navis",1027.88624418978
"7901009",39,0,1,0.016821,1,-0.005607,1,141.474287306684,1,4.86429181369626,310,1,16.6889991760254,36.2360000610352,0.0168210007250309,0,136.424896240234,-86.0344,22.0311,27.8236120139713,63,63,63,63,61,63,0,9004,1.9064526870154,22,-86,0.001869,51,2024-07-01 09:00:19.000966,310,1.037,0.0011,"aoml_navis",1027.89885794303
"7901009",39,0,1,0.016821,1,-0.005607,1,140.73365017705,1,4.86424224930964,312,1,16.6660003662109,36.2309989929199,0.0168210007250309,0,135.710693359375,-86.0344,22.0311,27.8236120139713,63,63,63,63,61,63,0,9004,1.9064526870154,22,-86,0.001869,51,2024-07-01 09:00:19.000966,312,1.037,0.0011,"aoml_navis",1027.90933175864
"7901009",39,0,1,0.01869,1,-0.003738,1,139.910160934209,1,4.8641599302227,314,1,16.5919990539551,36.2190017700195,0.0186899993568659,0,134.916595458984,-86.0344,22.0311,27.8236120139713,63,63,63,63,61,63,0,9004,1.9064526870154,22,-86,0.001869,51,2024-07-01 09:00:19.000966,314,1.037,0.0011,"aoml_navis",1027.92672768288
"7901009",39,0,1,0.014952,1,-0.007476,1,138.958089515677,1,4.86409603498025,316,1,16.5340003967285,36.2070007324219,0.0149520002305508,0,133.998504638672,-86.0344,22.0311,27.8236120139713,63,63,63,63,61,63,0,9004,1.9064526870154,22,-86,0.001869,51,2024-07-01 09:00:19.000966,316,1.037,0.0011,"aoml_navis",1027.94023062916
"7901009",39,0,1,0.01869,1,-0.003738,1,138.491120701153,1,4.86400960846164,318,1,16.4400005340576,36.189998626709,0.0186899993568659,0,133.548202514648,-86.0344,22.0311,27.8236120139713,63,63,63,63,61,63,0,9004,1.9064526870154,22,-86,0.001869,51,2024-07-01 09:00:19.000966,318,1.037,0.0011,"aoml_navis",1027.95849566205
"7901009",39,0,1,0.016821,1,-0.005607,1,138.314102635751,1,4.86393274051664,320,1,16.367000579834,36.1769981384277,0.0168210007250309,0,133.377502441406,-86.0344,22.0311,27.8236120139713,63,63,63,63,61,63,0,9004,1.9064526870154,22,-86,0.001869,51,2024-07-01 09:00:19.000966,320,1.037,0.0011,"aoml_navis",1027.97474116982
"7901009",39,0,1,0.01869,1,-0.003738,1,138.117589955476,1,4.86385420597208,322,1,16.3020000457764,36.1669998168945,0.0186899993568659,0,133.188003540039,-86.0344,22.0311,27.8236120139713,63,63,63,63,61,63,0,9004,1.9064526870154,22,-86,0.001869,51,2024-07-01 09:00:19.000966,322,1.037,0.0011,"aoml_navis",1027.99133943216
"7901009",39,0,1,0.014952,1,-0.007476,1,137.816341190917,1,4.86380384773096,324,1,16.2779998779297,36.1619987487793,0.0149520002305508,0,132.897506713867,-86.0344,22.0311,27.8236120139713,63,63,63,63,61,63,0,9004,1.9064526870154,22,-86,0.001869,51,2024-07-01 09:00:19.000966,324,1.037,0.0011,"aoml_navis",1028.00198291972
"7901009",39,0,1,0.014952,1,-0.007476,1,137.499838523162,1,4.8637548896459,326,1,16.2520008087158,36.1559982299805,0.0149520002305508,0,132.592300415039,-86.0344,22.0311,27.8236120139713,63,63,63,63,61,63,0,9004,1.9064526870154,22,-86,0.001869,51,2024-07-01 09:00:19.000966,326,1.037,0.0011,"aoml_navis",1028.01233068799
"7901009",39,0,1,0.020559,1,-0.001869,1,137.268371618656,1,4.86367975688888,328,1,16.193000793457,36.1469993591309,0.020558999851346,0,132.369094848633,-86.0344,22.0311,27.8236120139713,63,63,63,63,61,63,0,9004,1.9064526870154,22,-86,0.001869,51,2024-07-01 09:00:19.000966,328,1.037,0.0011,"aoml_navis",1028.02821113336
"7901009",39,0,1,0.016821,1,-0.005607,1,137.101939508895,1,4.86361570445324,330,1,16.1469993591309,36.1389999389648,0.0168210007250309,0,132.208602905273,-86.0344,22.0311,27.8236120139713,63,63,63,63,61,63,0,9004,1.9064526870154,22,-86,0.001869,51,2024-07-01 09:00:19.000966,330,1.037,0.0011,"aoml_navis",1028.04174997253
"7901009",39,0,1,0.01869,1,-0.003738,1,136.8813592075,1,4.86352739206408,332,1,16.0629997253418,36.1259994506836,0.0186899993568659,0,131.995895385742,-86.0344,22.0311,27.8236120139713,63,63,63,63,61,63,0,9004,1.9064526870154,22,-86,0.001869,51,2024-07-01 09:00:19.000966,332,1.037,0.0011,"aoml_navis",1028.0604172516
"7901009",39,0,1,0.020559,1,-0.001869,1,136.716889218067,1,4.86344019519038,334,1,15.9829998016357,36.1139984130859,0.020558999851346,0,131.837295532227,-86.0344,22.0311,27.8236120139713,63,63,63,63,61,63,0,9004,1.9064526870154,22,-86,0.001869,51,2024-07-01 09:00:19.000966,334,1.037,0.0011,"aoml_navis",1028.07884940061
"7901009",39,0,1,0.014952,1,-0.007476,1,136.597532172628,1,4.86337014724544,336,1,15.9280004501343,36.1049995422363,0.0149520002305508,0,131.722198486328,-86.0344,22.0311,27.8236120139713,63,63,63,63,61,63,0,9004,1.9064526870154,22,-86,0.001869,51,2024-07-01 09:00:19.000966,336,1.037,0.0011,"aoml_navis",1028.09365699461
"7901009",39,0,1,0.020559,1,-0.001869,1,136.42103628441,1,4.86332204002274,338,1,15.9090003967285,36.101001739502,0.020558999851346,0,131.552001953125,-86.0344,22.0311,27.8236120139713,63,63,63,63,61,63,0,9004,1.9064526870154,22,-86,0.001869,51,2024-07-01 09:00:19.000966,338,1.037,0.0011,"aoml_navis",1028.10382673663
"7901009",39,0,1,0.011214,1,-0.011214,1,136.19517091697,1,4.86326618473437,340,1,15.8830003738403,36.0970001220703,0.0112140001729131,0,131.334197998047,-86.0344,22.0311,27.8236120139713,63,63,63,63,61,63,0,9004,1.9064526870154,22,-86,0.001869,51,2024-07-01 09:00:19.000966,340,1.037,0.0011,"aoml_navis",1028.11563465204
"7901009",39,0,1,0.016821,1,-0.005607,1,135.75370966671,1,4.86320602066685,342,1,15.8400001525879,36.0890007019043,0.0168210007250309,0,130.908493041992,-86.0344,22.0311,27.8236120139713,63,63,63,63,61,63,0,9004,1.9064526870154,22,-86,0.001869,51,2024-07-01 09:00:19.000966,342,1.037,0.0011,"aoml_navis",1028.12835375508
"7901009",39,0,1,0.014952,1,-0.007476,1,135.394499234718,1,4.86313738470485,344,1,15.78600025177,36.0800018310547,0.0149520002305508,0,130.562103271484,-86.0344,22.0311,27.8236120139713,63,63,63,63,61,63,0,9004,1.9064526870154,22,-86,0.001869,51,2024-07-01 09:00:19.000966,344,1.037,0.0011,"aoml_navis",1028.14286425993
"7901009",39,0,1,0.01869,1,-0.003738,1,135.02324708039,1,4.86307739833282,346,1,15.7430000305176,36.0719985961914,0.0186899993568659,0,130.2041015625,-86.0344,22.0311,27.8236120139713,63,63,63,63,61,63,0,9004,1.9064526870154,22,-86,0.001869,51,2024-07-01 09:00:19.000966,346,1.037,0.0011,"aoml_navis",1028.15554646819
"7901009",39,0,1,0.016821,1,-0.005607,1,134.407046356077,1,4.86300455990913,348,1,15.6850004196167,36.0629997253418,0.0168210007250309,0,129.609893798828,-86.0344,22.0311,27.8236120139713,63,63,63,63,61,63,0,9004,1.9064526870154,22,-86,0.001869,51,2024-07-01 09:00:19.000966,348,1.037,0.0011,"aoml_navis",1028.17094625415
"7901009",39,0,1,0.014952,1,-0.007476,1,133.922671635417,1,4.86291881384593,350,1,15.5920000076294,36.0470008850098,0.0149520002305508,0,129.142807006836,-86.0344,22.0311,27.8236120139713,63,63,63,63,61,63,0,9004,1.9064526870154,22,-86,0.001869,51,2024-07-01 09:00:19.000966,350,1.037,0.0011,"aoml_navis",1028.1890756152
"7901009",39,0,1,0.014952,1,-0.007476,1,133.593209479366,1,4.86282651180565,352,1,15.496000289917,36.0320014953613,0.0149520002305508,0,128.825103759766,-86.0344,22.0311,27.8236120139713,63,63,63,63,61,63,0,9004,1.9064526870154,22,-86,0.001869,51,2024-07-01 09:00:19.000966,352,1.037,0.0011,"aoml_navis",1028.20859182645
"7901009",39,0,1,0.01869,1,-0.003738,1,133.275472574631,1,4.86274660445209,354,1,15.4209995269775,36.0200004577637,0.0186899993568659,0,128.518707275391,-86.0344,22.0311,27.8236120139713,63,63,63,63,61,63,0,9004,1.9064526870154,22,-86,0.001869,51,2024-07-01 09:00:19.000966,354,1.037,0.0011,"aoml_navis",1028.22548792122
"7901009",39,0,1,0.020559,1,-0.001869,1,133.243113412769,1,4.86266584103502,356,1,15.3450002670288,36.007999420166,0.020558999851346,0,128.487503051758,-86.0344,22.0311,27.8236120139713,63,63,63,63,61,63,0,9004,1.9064526870154,22,-86,0.001869,51,2024-07-01 09:00:19.000966,356,1.037,0.0011,"aoml_navis",1028.2425655915
"7901009",39,0,1,0.01869,1,-0.003738,1,133.099593804903,1,4.86261526344943,358,1,15.3199996948242,36.0029983520508,0.0186899993568659,0,128.349105834961,-86.0344,22.0311,27.8236120139713,63,63,63,63,61,63,0,9004,1.9064526870154,22,-86,0.001869,51,2024-07-01 09:00:19.000966,358,1.037,0.0011,"aoml_navis",1028.25326066474
"7901009",39,0,1,0.014952,1,-0.007476,1,132.831210555838,1,4.86256829556573,360,1,15.3050003051758,36,0.0149520002305508,0,128.090301513672,-86.0344,22.0311,27.8236120139713,63,63,63,63,61,63,0,9004,1.9064526870154,22,-86,0.001869,51,2024-07-01 09:00:19.000966,360,1.037,0.0011,"aoml_navis",1028.26319263415
"7901009",39,0,1,0.020559,1,-0.001869,1,132.435067955736,1,4.86251813147783,362,1,15.2770004272461,35.9939994812012,0.020558999851346,0,127.708297729492,-86.0344,22.0311,27.8236120139713,63,63,63,63,61,63,0,9004,1.9064526870154,22,-86,0.001869,51,2024-07-01 09:00:19.000966,362,1.037,0.0011,"aoml_navis",1028.27380069437
"7901009",39,0,1,0.01869,1,-0.003738,1,132.06921163231,1,4.8624442960349,364,1,15.2069997787476,35.9819984436035,0.0186899993568659,0,127.355499267578,-86.0344,22.0311,27.8236120139713,63,63,63,63,61,63,0,9004,1.9064526870154,22,-86,0.001869,51,2024-07-01 09:00:19.000966,364,1.037,0.0011,"aoml_navis",1028.28941486842
"7901009",39,0,1,0.016821,1,-0.005607,1,131.60629364685,1,4.86238744765595,366,1,15.1660003662109,35.9739990234375,0.0168210007250309,0,126.909103393555,-86.0344,22.0311,27.8236120139713,63,63,63,63,61,63,0,9004,1.9064526870154,22,-86,0.001869,51,2024-07-01 09:00:19.000966,366,1.037,0.0011,"aoml_navis",1028.30143706676
"7901009",39,0,1,0.01869,1,-0.003738,1,130.986572182433,1,4.86232890158228,368,1,15.1199998855591,35.9650001525879,0.0186899993568659,0,126.311500549316,-86.0344,22.0311,27.8236120139713,63,63,63,63,61,63,0,9004,1.9064526870154,22,-86,0.001869,51,2024-07-01 09:00:19.000966,368,1.037,0.0011,"aoml_navis",1028.31381858453
"7901009",39,0,1,0.022428,1,0,1,130.407501420617,1,4.86223240704757,370,1,15.0150003433228,35.9490013122559,0.0224280003458261,0,125.75309753418,-86.0344,22.0311,27.8236120139713,63,63,63,63,61,63,0,9004,1.9064526870154,22,-86,0.001869,51,2024-07-01 09:00:19.000966,370,1.037,0.0011,"aoml_navis",1028.33422621937
"7901009",39,0,1,0.016821,1,-0.005607,1,130.207468000238,1,4.86215521346071,372,1,14.9139995574951,35.9290008544922,0.0168210007250309,0,125.560203552246,-86.0344,22.0311,27.8236120139713,63,63,63,63,61,63,0,9004,1.9064526870154,22,-86,0.001869,51,2024-07-01 09:00:19.000966,372,1.037,0.0011,"aoml_navis",1028.3505524788
"7901009",39,0,1,0.016821,1,-0.005607,1,131.019137050458,1,4.86199645501653,374,1,14.7119998931885,35.9020004272461,0.0168210007250309,0,126.342903137207,-86.0344,22.0311,27.8236120139713,63,63,63,63,61,63,0,9004,1.9064526870154,22,-86,0.001869,51,2024-07-01 09:00:19.000966,374,1.037,0.0011,"aoml_navis",1028.38413114042
"7901009",39,0,1,0.01869,1,-0.003738,1,131.477078529118,1,4.86191321545114,376,1,14.6350002288818,35.890998840332,0.0186899993568659,0,126.78450012207,-86.0344,22.0311,27.8236120139713,63,63,63,63,61,63,0,9004,1.9064526870154,22,-86,0.001869,51,2024-07-01 09:00:19.000966,376,1.037,0.0011,"aoml_navis",1028.40173784057
"7901009",39,0,1,0.016821,1,-0.005607,1,131.581917466485,1,4.86187263406652,378,1,14.6359996795654,35.890998840332,0.0168210007250309,0,126.885597229004,-86.0344,22.0311,27.8236120139713,63,63,63,63,61,63,0,9004,1.9064526870154,22,-86,0.001869,51,2024-07-01 09:00:19.000966,378,1.037,0.0011,"aoml_navis",1028.41032176895
"7901009",39,0,1,0.01869,1,-0.003738,1,131.619878165412,1,4.86183039910897,380,1,14.6319999694824,35.8899993896484,0.0186899993568659,0,126.922203063965,-86.0344,22.0311,27.8236120139713,63,63,63,63,61,63,0,9004,1.9064526870154,22,-86,0.001869,51,2024-07-01 09:00:19.000966,380,1.037,0.0011,"aoml_navis",1028.41925561952
"7901009",39,0,1,0.016821,1,-0.005607,1,131.692255087835,1,4.86175618637526,382,1,14.5839996337891,35.8849983215332,0.0168210007250309,0,126.991996765137,-86.0344,22.0311,27.8236120139713,63,63,63,63,61,63,0,9004,1.9064526870154,22,-86,0.001869,51,2024-07-01 09:00:19.000966,382,1.037,0.0011,"aoml_navis",1028.43495402179
"7901009",39,0,1,0.020559,1,-0.001869,1,131.317585046484,1,4.86168443613194,384,1,14.5209999084473,35.875,0.020558999851346,0,126.630699157715,-86.0344,22.0311,27.8236120139713,63,63,63,63,61,63,0,9004,1.9064526870154,22,-86,0.001869,51,2024-07-01 09:00:19.000966,384,1.037,0.0011,"aoml_navis",1028.45013198309
"7901009",39,0,1,0.01869,1,-0.003738,1,130.60329412932,1,4.86161714156386,386,1,14.4689998626709,35.867000579834,0.0186899993568659,0,125.941902160645,-86.0344,22.0311,27.8236120139713,63,63,63,63,61,63,0,9004,1.9064526870154,22,-86,0.001869,51,2024-07-01 09:00:19.000966,386,1.037,0.0011,"aoml_navis",1028.46436780327
"7901009",39,0,1,0.020559,1,-0.001869,1,129.57924137714,1,4.8615403244226,388,1,14.3870000839233,35.8530006408691,0.020558999851346,0,124.954399108887,-86.0344,22.0311,27.8236120139713,63,63,63,63,61,63,0,9004,1.9064526870154,22,-86,0.001869,51,2024-07-01 09:00:19.000966,388,1.037,0.0011,"aoml_navis",1028.4806185566
"7901009",39,0,1,0.022428,1,0,1,128.458649140111,1,4.86142875794094,390,1,14.253999710083,35.8339996337891,0.0224280003458261,0,123.873802185059,-86.0344,22.0311,27.8236120139713,63,63,63,63,61,63,0,9004,1.9064526870154,22,-86,0.001869,51,2024-07-01 09:00:19.000966,390,1.037,0.0011,"aoml_navis",1028.50422148688
"7901009",39,0,1,0.022428,1,0,1,127.959431928582,1,4.8613396949431,392,1,14.1630001068115,35.8209991455078,0.0224280003458261,0,123.392402648926,-86.0344,22.0311,27.8236120139713,63,63,63,63,61,63,0,9004,1.9064526870154,22,-86,0.001869,51,2024-07-01 09:00:19.000966,392,1.037,0.0011,"aoml_navis",1028.5230643728
"7901009",39,0,1,0.01869,1,-0.003738,1,127.178041243264,1,4.86129853578191,394,1,14.1529998779297,35.818000793457,0.0186899993568659,0,122.638900756836,-86.0344,22.0311,27.8236120139713,63,63,63,63,61,63,0,9004,1.9064526870154,22,-86,0.001869,51,2024-07-01 09:00:19.000966,394,1.037,0.0011,"aoml_navis",1028.53177257006
"7901009",39,0,1,0.016821,1,-0.005607,1,126.364402160941,1,4.86122531542018,396,1,14.0909996032715,35.8089981079102,0.0168210007250309,0,121.854301452637,-86.0344,22.0311,27.8236120139713,63,63,63,63,61,63,0,9004,1.9064526870154,22,-86,0.001869,51,2024-07-01 09:00:19.000966,396,1.037,0.0011,"aoml_navis",1028.54726443961
"7901009",39,0,1,0.014952,1,-0.007476,1,125.755258740388,1,4.86115686751131,398,1,14.0369997024536,35.8009986877441,0.0149520002305508,0,121.266899108887,-86.0344,22.0311,27.8236120139713,63,63,63,63,61,63,0,9004,1.9064526870154,22,-86,0.001869,51,2024-07-01 09:00:19.000966,398,1.037,0.0011,"aoml_navis",1028.5617469818
"7901009",39,0,1,0.01869,1,-0.003738,1,125.068548272673,1,4.86107677849293,400,1,13.9610004425049,35.7900009155273,0.0186899993568659,0,120.604698181152,-86.0344,22.0311,27.8236120139713,63,63,63,63,61,63,0,9004,1.9064526870154,22,-86,0.001869,51,2024-07-01 09:00:19.000966,400,1.037,0.0011,"aoml_navis",1028.57869312448
"7901009",39,0,1,0.020559,1,-0.001869,1,124.802554379815,1,4.86098219851284,402,1,13.8599996566772,35.7760009765625,0.020558999851346,0,120.348197937012,-86.0344,22.0311,27.8236120139713,63,63,63,63,61,63,0,9004,1.9064526870154,22,-86,0.001869,51,2024-07-01 09:00:19.000966,402,1.037,0.0011,"aoml_navis",1028.59870614825
"7901009",39,0,1,0.020559,1,-0.001869,1,124.436800909471,1,4.86093065331877,404,1,13.8219995498657,35.7680015563965,0.020558999851346,0,119.995498657227,-86.0344,22.0311,27.8236120139713,63,63,63,63,61,63,0,9004,1.9064526870154,22,-86,0.001869,51,2024-07-01 09:00:19.000966,404,1.037,0.0011,"aoml_navis",1028.60961338469
"7901009",39,0,1,0.020559,1,-0.001869,1,123.862817419313,1,4.86084789294661,406,1,13.7320003509521,35.7540016174316,0.020558999851346,0,119.442001342773,-86.0344,22.0311,27.8236120139713,63,63,63,63,61,63,0,9004,1.9064526870154,22,-86,0.001869,51,2024-07-01 09:00:19.000966,406,1.037,0.0011,"aoml_navis",1028.62712640223
"7901009",39,0,1,0.022428,1,0,1,123.617979614185,1,4.86075238225128,408,1,13.6040000915527,35.7330017089844,0.0224280003458261,0,119.205902099609,-86.0344,22.0311,27.8236120139713,63,63,63,63,61,63,0,9004,1.9064526870154,22,-86,0.001869,51,2024-07-01 09:00:19.000966,408,1.037,0.0011,"aoml_navis",1028.64733827158
"7901009",39,0,1,0.01869,1,-0.003738,1,123.282710214905,1,4.86069312876009,410,1,13.539999961853,35.7200012207031,0.0186899993568659,0,118.882598876953,-86.0344,22.0311,27.8236120139713,63,63,63,63,61,63,0,9004,1.9064526870154,22,-86,0.001869,51,2024-07-01 09:00:19.000966,410,1.037,0.0011,"aoml_navis",1028.65987783011
"7901009",39,0,1,0.022428,1,0,1,122.931577705715,1,4.86062412568557,412,1,13.4770002365112,35.7099990844727,0.0224280003458261,0,118.543998718262,-86.0344,22.0311,27.8236120139713,63,63,63,63,61,63,0,9004,1.9064526870154,22,-86,0.001869,51,2024-07-01 09:00:19.000966,412,1.037,0.0011,"aoml_navis",1028.67448103586
"7901009",39,0,1,0.020559,1,-0.001869,1,123.089931892674,1,4.86050139533985,414,1,13.2950000762939,35.681999206543,0.020558999851346,0,118.696701049805,-86.0344,22.0311,27.8236120139713,63,63,63,63,61,63,0,9004,1.9064526870154,22,-86,0.001869,51,2024-07-01 09:00:19.000966,414,1.037,0.0011,"aoml_navis",1028.70045563487
"7901009",39,0,1,0.022428,1,0,1,123.045546832028,1,4.86044667410798,416,1,13.2419996261597,35.6710014343262,0.0224280003458261,0,118.653900146484,-86.0344,22.0311,27.8236120139713,63,63,63,63,61,63,0,9004,1.9064526870154,22,-86,0.001869,51,2024-07-01 09:00:19.000966,416,1.037,0.0011,"aoml_navis",1028.7120372363
"7901009",39,0,1,0.024297,1,0.001869,1,122.784632299051,1,4.86039776047938,418,1,13.2019996643066,35.6619987487793,0.0242970008403063,0,118.402297973633,-86.0344,22.0311,27.8236120139713,63,63,63,63,61,63,0,9004,1.9064526870154,22,-86,0.001869,51,2024-07-01 09:00:19.000966,418,1.037,0.0011,"aoml_navis",1028.72238989487
"7901009",39,0,1,0.020559,1,-0.001869,1,122.899329308711,1,4.86028865322111,420,1,13.0609998703003,35.6419982910156,0.020558999851346,0,118.512901306152,-86.0344,22.0311,27.8236120139713,63,63,63,63,61,63,0,9004,1.9064526870154,22,-86,0.001869,51,2024-07-01 09:00:19.000966,420,1.037,0.0011,"aoml_navis",1028.74548339558
"7901009",39,0,1,0.020559,1,-0.001869,1,122.943500751418,1,4.86021750120724,422,1,12.9650001525879,35.6240005493164,0.020558999851346,0,118.55549621582,-86.0344,22.0311,27.8236120139713,63,63,63,63,61,63,0,9004,1.9064526870154,22,-86,0.001869,51,2024-07-01 09:00:19.000966,422,1.037,0.0011,"aoml_navis",1028.76054389707
"7901009",39,0,1,0.020559,1,-0.001869,1,122.808692008396,1,4.86017189849559,424,1,12.9390001296997,35.6180000305176,0.020558999851346,0,118.425498962402,-86.0344,22.0311,27.8236120139713,63,63,63,63,61,63,0,9004,1.9064526870154,22,-86,0.001869,51,2024-07-01 09:00:19.000966,424,1.037,0.0011,"aoml_navis",1028.77019669771
"7901009",39,0,1,0.022428,1,0,1,122.656564388768,1,4.86011363005036,426,1,12.8889999389648,35.609001159668,0.0224280003458261,0,118.278800964355,-86.0344,22.0311,27.8236120139713,63,63,63,63,61,63,0,9004,1.9064526870154,22,-86,0.001869,51,2024-07-01 09:00:19.000966,426,1.037,0.0011,"aoml_navis",1028.78253073852
"7901009",39,0,1,0.016821,1,-0.005607,1,122.502253119098,1,4.86005029001415,428,1,12.8299999237061,35.5989990234375,0.0168210007250309,0,118.129997253418,-86.0344,22.0311,27.8236120139713,63,63,63,63,61,63,0,9004,1.9064526870154,22,-86,0.001869,51,2024-07-01 09:00:19.000966,428,1.037,0.0011,"aoml_navis",1028.79593864973
"7901009",39,0,1,0.024297,1,0.001869,1,122.235950666994,1,4.85999349778026,430,1,12.7849998474121,35.5909996032715,0.0242970008403063,0,117.873199462891,-86.0344,22.0311,27.8236120139713,63,63,63,63,61,63,0,9004,1.9064526870154,22,-86,0.001869,51,2024-07-01 09:00:19.000966,430,1.037,0.0011,"aoml_navis",1028.80796080976
"7901009",39,0,1,0.020559,1,-0.001869,1,121.950565012344,1,4.85993483270415,432,1,12.7379999160767,35.5830001831055,0.020558999851346,0,117.597999572754,-86.0344,22.0311,27.8236120139713,63,63,63,63,61,63,0,9004,1.9064526870154,22,-86,0.001869,51,2024-07-01 09:00:19.000966,432,1.037,0.0011,"aoml_navis",1028.82037972059
"7901009",39,0,1,0.020559,1,-0.001869,1,121.781949252541,1,4.85985854606253,434.100006103516,1,12.6599998474121,35.5709991455078,0.020558999851346,0,117.435401916504,-86.0344,22.0311,27.8236120139713,63,63,63,63,61,63,0,9004,1.9064526870154,22,-86,0.001869,51,2024-07-01 09:00:19.000966,434.100006103516,1.037,0.0011,"aoml_navis",1028.83652941936
"7901009",39,0,1,0.020559,1,-0.001869,1,121.790240793282,1,4.85977020718562,436,1,12.5649995803833,35.5589981079102,0.020558999851346,0,117.443397521973,-86.0344,22.0311,27.8236120139713,63,63,63,63,61,63,0,9004,1.9064526870154,22,-86,0.001869,51,2024-07-01 09:00:19.000966,436,1.037,0.0011,"aoml_navis",1028.8552311809
"7901009",39,0,1,0.022428,1,0,1,121.667457949044,1,4.859711006551,438,1,12.5170001983643,35.5509986877441,0.0224280003458261,0,117.324996948242,-86.0344,22.0311,27.8236120139713,63,63,63,63,61,63,0,9004,1.9064526870154,22,-86,0.001869,51,2024-07-01 09:00:19.000966,438,1.037,0.0011,"aoml_navis",1028.86776461808
"7901009",39,0,1,0.026166,1,0.003738,1,121.414012132154,1,4.85966532284339,440,1,12.4980001449585,35.5470008850098,0.0261659994721413,0,117.080596923828,-86.0344,22.0311,27.8236120139713,63,63,63,63,61,63,0,9004,1.9064526870154,22,-86,0.001869,51,2024-07-01 09:00:19.000966,440,1.037,0.0011,"aoml_navis",1028.87743657921
"7901009",39,0,1,0.028035,1,0.005607,1,121.198938426518,1,4.85960721668293,442,1,12.451000213623,35.5390014648438,0.0280349999666214,0,116.873199462891,-86.0344,22.0311,27.8236120139713,63,63,63,63,61,63,0,9004,1.9064526870154,22,-86,0.001869,51,2024-07-01 09:00:19.000966,442,1.037,0.0011,"aoml_navis",1028.88973883221
"7901009",39,0,1,0.020559,1,-0.001869,1,120.964781518337,1,4.85956255822509,444,1,12.4329996109009,35.5349998474121,0.020558999851346,0,116.647399902344,-86.0344,22.0311,27.8236120139713,63,63,63,63,61,63,0,9004,1.9064526870154,22,-86,0.001869,51,2024-07-01 09:00:19.000966,444,1.037,0.0011,"aoml_navis",1028.89919413368
"7901009",39,0,1,0.020559,1,-0.001869,1,120.750016371947,1,4.85951810449958,446,1,12.418999671936,35.5320014953613,0.020558999851346,0,116.440299987793,-86.0344,22.0311,27.8236120139713,63,63,63,63,61,63,0,9004,1.9064526870154,22,-86,0.001869,51,2024-07-01 09:00:19.000966,446,1.037,0.0011,"aoml_navis",1028.90860626084
"7901009",39,0,1,0.024297,1,0.001869,1,120.634180066612,1,4.85943996008373,448,1,12.3509998321533,35.523998260498,0.0242970008403063,0,116.328598022461,-86.0344,22.0311,27.8236120139713,63,63,63,63,61,63,0,9004,1.9064526870154,22,-86,0.001869,51,2024-07-01 09:00:19.000966,448,1.037,0.0011,"aoml_navis",1028.92515208972
"7901009",39,0,1,0.022428,1,0,1,120.613340449902,1,4.85937445970225,450,1,12.2959995269775,35.515998840332,0.0224280003458261,0,116.308502197266,-86.0344,22.0311,27.8236120139713,63,63,63,63,61,63,0,9004,1.9064526870154,22,-86,0.001869,51,2024-07-01 09:00:19.000966,450,1.037,0.0011,"aoml_navis",1028.93902115672
"7901009",39,0,1,0.028035,1,0.005607,1,120.540647056459,1,4.85933103356467,452,1,12.2829999923706,35.5130004882812,0.0280349999666214,0,116.238403320312,-86.0344,22.0311,27.8236120139713,63,63,63,63,61,63,0,9004,1.9064526870154,22,-86,0.001869,51,2024-07-01 09:00:19.000966,452,1.037,0.0011,"aoml_navis",1028.94821642397
"7901009",39,0,1,0.024297,1,0.001869,1,120.478009529696,1,4.85926777131762,454,1,12.2340002059937,35.5060005187988,0.0242970008403063,0,116.178001403809,-86.0344,22.0311,27.8236120139713,63,63,63,63,61,63,0,9004,1.9064526870154,22,-86,0.001869,51,2024-07-01 09:00:19.000966,454,1.037,0.0011,"aoml_navis",1028.9616121822
"7901009",39,0,1,0.028035,1,0.005607,1,120.385607903441,1,4.85921257972933,456,1,12.201000213623,35.5009994506836,0.0280349999666214,0,116.088897705078,-86.0344,22.0311,27.8236120139713,63,63,63,63,61,63,0,9004,1.9064526870154,22,-86,0.001869,51,2024-07-01 09:00:19.000966,456,1.037,0.0011,"aoml_navis",1028.97329926622
"7901009",39,0,1,0.022428,1,0,1,120.33831922118,1,4.85915075591423,458,1,12.16100025177,35.4959983825684,0.0224280003458261,0,116.043296813965,-86.0344,22.0311,27.8236120139713,63,63,63,63,61,63,0,9004,1.9064526870154,22,-86,0.001869,51,2024-07-01 09:00:19.000966,458,1.037,0.0011,"aoml_navis",1028.98639107139
"7901009",39,0,1,0.020559,1,-0.001869,1,120.214191375104,1,4.85909469311234,460,1,12.1269998550415,35.4910011291504,0.020558999851346,0,115.923599243164,-86.0344,22.0311,27.8236120139713,63,63,63,63,61,63,0,9004,1.9064526870154,22,-86,0.001869,51,2024-07-01 09:00:19.000966,460,1.037,0.0011,"aoml_navis",1028.99826321298
"7901009",39,0,4,0.016821,1,-0.005607,1,120.018920843586,1,4.85903869075363,462,1,12.0930004119873,35.4860000610352,0.0168210007250309,0,115.735298156738,-86.0344,22.0311,27.8236120139713,63,63,63,63,61,63,0,9004,1.9064526870154,22,-86,0.001869,51,2024-07-01 09:00:19.000966,462,1.037,0.0011,"aoml_navis",1029.01012282833
"7901009",39,0,1,0.024297,1,0.001869,1,119.780309605789,1,4.8589901824364,464,1,12.0629997253418,35.4799995422363,0.0242970008403063,0,115.50520324707,-86.0344,22.0311,27.8236120139713,63,63,63,63,61,63,0,9004,1.9064526870154,22,-86,0.001869,51,2024-07-01 09:00:19.000966,464,1.037,0.0011,"aoml_navis",1029.02039565202
"7901009",39,0,1,0.024297,1,0.001869,1,119.414445370588,1,4.85894090253807,466,1,12.03600025177,35.4749984741211,0.0242970008403063,0,115.152397155762,-86.0344,22.0311,27.8236120139713,63,63,63,63,61,63,0,9004,1.9064526870154,22,-86,0.001869,51,2024-07-01 09:00:19.000966,466,1.037,0.0011,"aoml_navis",1029.03083208694
"7901009",39,0,4,0.01869,1,-0.003738,1,119.115997374561,1,4.85886557517762,468,1,11.9659996032715,35.4659996032715,0.0186899993568659,0,114.864601135254,-86.0344,22.0311,27.8236120139713,63,63,63,63,61,63,0,9004,1.9064526870154,22,-86,0.001869,51,2024-07-01 09:00:19.000966,468,1.037,0.0011,"aoml_navis",1029.04678522974
"7901009",39,0,1,0.024297,1,0.001869,1,118.984812224725,1,4.85879483859237,470,1,11.8889999389648,35.4539985656738,0.0242970008403063,0,114.738098144531,-86.0344,22.0311,27.8236120139713,63,63,63,63,61,63,0,9004,1.9064526870154,22,-86,0.001869,51,2024-07-01 09:00:19.000966,470,1.037,0.0011,"aoml_navis",1029.06176656937
"7901009",39,0,1,0.024297,1,0.001869,1,118.959510366624,1,4.85872464780927,472,1,11.8240003585815,35.4449996948242,0.0242970008403063,0,114.71369934082,-86.0344,22.0311,27.8236120139713,63,63,63,63,61,63,0,9004,1.9064526870154,22,-86,0.001869,51,2024-07-01 09:00:19.000966,472,1.037,0.0011,"aoml_navis",1029.07663274444
"7901009",39,0,1,0.026166,1,0.003738,1,118.961171839482,1,4.85865566314834,474,1,11.7639999389648,35.4370002746582,0.0261659994721413,0,114.715301513672,-86.0344,22.0311,27.8236120139713,63,63,63,63,61,63,0,9004,1.9064526870154,22,-86,0.001869,51,2024-07-01 09:00:19.000966,474,1.037,0.0011,"aoml_navis",1029.09124388537
"7901009",39,0,1,0.022428,1,0,1,118.96189972283,1,4.85860772792989,476,1,11.7419996261597,35.4329986572266,0.0224280003458261,0,114.716003417969,-86.0344,22.0311,27.8236120139713,63,63,63,63,61,63,0,9004,1.9064526870154,22,-86,0.001869,51,2024-07-01 09:00:19.000966,476,1.037,0.0011,"aoml_navis",1029.1013969408
"7901009",39,0,1,0.022428,1,0,1,118.881009729951,1,4.85855809694896,478,1,11.7259998321533,35.4309997558594,0.0224280003458261,0,114.638000488281,-86.0344,22.0311,27.8236120139713,63,63,63,63,61,63,0,9004,1.9064526870154,22,-86,0.001869,51,2024-07-01 09:00:19.000966,478,1.037,0.0011,"aoml_navis",1029.11190938313
"7901009",39,0,1,0.022428,1,0,1,118.754911851772,1,4.8585176666382,480,1,11.7119998931885,35.4269981384277,0.0224280003458261,0,114.516403198242,-86.0344,22.0311,27.8236120139713,63,63,63,63,61,63,0,9004,1.9064526870154,22,-86,0.001869,51,2024-07-01 09:00:19.000966,480,1.037,0.0011,"aoml_navis",1029.12047317092
"7901009",39,0,1,0.022428,1,0,1,118.628497502572,1,4.85846034924653,482,1,11.6759996414185,35.4220008850098,0.0224280003458261,0,114.394500732422,-86.0344,22.0311,27.8236120139713,63,63,63,63,61,63,0,9004,1.9064526870154,22,-86,0.001869,51,2024-07-01 09:00:19.000966,482,1.037,0.0011,"aoml_navis",1029.13261415737
"7901009",39,0,1,0.026166,1,0.003738,1,118.558185553559,1,4.85840496109117,484,1,11.6420001983643,35.4169998168945,0.0261659994721413,0,114.326698303223,-86.0344,22.0311,27.8236120139713,63,63,63,63,61,63,0,9004,1.9064526870154,22,-86,0.001869,51,2024-07-01 09:00:19.000966,484,1.037,0.0011,"aoml_navis",1029.14434676459
"7901009",39,0,1,0.020559,1,-0.001869,1,118.530913663354,1,4.85834013390983,486,1,11.5860004425049,35.4090003967285,0.020558999851346,0,114.300399780273,-86.0344,22.0311,27.8236120139713,63,63,63,63,61,63,0,9004,1.9064526870154,22,-86,0.001869,51,2024-07-01 09:00:19.000966,486,1.037,0.0011,"aoml_navis",1029.15807913518
"7901009",39,0,1,0.022428,1,0,1,118.458948153257,1,4.85828857888272,488,1,11.5559997558594,35.4039993286133,0.0224280003458261,0,114.231002807617,-86.0344,22.0311,27.8236120139713,63,63,63,63,61,63,0,9004,1.9064526870154,22,-86,0.001869,51,2024-07-01 09:00:19.000966,488,1.037,0.0011,"aoml_navis",1029.16900032107
"7901009",39,0,1,0.024297,1,0.001869,1,118.34175893431,1,4.85823807588983,490,1,11.5349998474121,35.4010009765625,0.0242970008403063,0,114.11799621582,-86.0344,22.0311,27.8236120139713,63,63,63,63,61,63,0,9004,1.9064526870154,22,-86,0.001869,51,2024-07-01 09:00:19.000966,490,1.037,0.0011,"aoml_navis",1029.17969887349
"7901009",39,0,1,0.022428,1,0,1,118.251335251934,1,4.85818852969905,492,1,11.5150003433228,35.3979988098145,0.0224280003458261,0,114.030799865723,-86.0344,22.0311,27.8236120139713,63,63,63,63,61,63,0,9004,1.9064526870154,22,-86,0.001869,51,2024-07-01 09:00:19.000966,492,1.037,0.0011,"aoml_navis",1029.19019495313
"7901009",39,0,1,0.026166,1,0.003738,1,118.216388939478,1,4.85813704232627,494,1,11.4849996566772,35.3930015563965,0.0261659994721413,0,113.997100830078,-86.0344,22.0311,27.8236120139713,63,63,63,63,61,63,0,9004,1.9064526870154,22,-86,0.001869,51,2024-07-01 09:00:19.000966,494,1.037,0.0011,"aoml_navis",1029.201102488
"7901009",39,0,1,0.022428,1,0,1,118.118702247178,1,4.85808198870828,496,1,11.4589996337891,35.3899993896484,0.0224280003458261,0,113.902900695801,-86.0344,22.0311,27.8236120139713,63,63,63,63,61,63,0,9004,1.9064526870154,22,-86,0.001869,51,2024-07-01 09:00:19.000966,496,1.037,0.0011,"aoml_navis",1029.2127657832
"7901009",39,0,1,0.024297,1,0.001869,1,118.022463409797,1,4.85803621551719,498,1,11.4469995498657,35.3880004882812,0.0242970008403063,0,113.810096740723,-86.0344,22.0311,27.8236120139713,63,63,63,63,61,63,0,9004,1.9064526870154,22,-86,0.001869,51,2024-07-01 09:00:19.000966,498,1.037,0.0011,"aoml_navis",1029.22246318983
"7901009",39,0,1,0.028035,1,0.005607,1,117.868160051903,1,4.85799229457156,500,1,11.4370002746582,35.3860015869141,0.0280349999666214,0,113.66130065918,-86.0344,22.0311,27.8236120139713,63,63,63,63,61,63,0,9004,1.9064526870154,22,-86,0.001869,51,2024-07-01 09:00:19.000966,500,1.037,0.0011,"aoml_navis",1029.23176835565
"7901009",39,0,1,0.022428,1,0,1,117.746207944094,1,4.85794644182518,502,1,11.4130001068115,35.3810005187988,0.0224280003458261,0,113.543701171875,-86.0344,22.0311,27.8236120139713,63,63,63,63,61,63,0,9004,1.9064526870154,22,-86,0.001869,51,2024-07-01 09:00:19.000966,502,1.037,0.0011,"aoml_navis",1029.24148297556
"7901009",39,0,1,0.026166,1,0.003738,1,117.588273081237,1,4.85787757001107,504,1,11.3599996566772,35.375,0.0261659994721413,0,113.391403198242,-86.0344,22.0311,27.8236120139713,63,63,63,63,61,63,0,9004,1.9064526870154,22,-86,0.001869,51,2024-07-01 09:00:19.000966,504,1.037,0.0011,"aoml_navis",1029.25607488881
"7901009",39,0,1,0.024297,1,0.001869,1,117.461336554853,1,4.85781891247738,506,1,11.3179998397827,35.3689994812012,0.0242970008403063,0,113.268997192383,-86.0344,22.0311,27.8236120139713,63,63,63,63,61,63,0,9004,1.9064526870154,22,-86,0.001869,51,2024-07-01 09:00:19.000966,506,1.037,0.0011,"aoml_navis",1029.2685030225
"7901009",39,0,1,0.029904,1,0.007476,1,117.160087790294,1,4.85776947262034,508,1,11.2779998779297,35.3610000610352,0.0299040004611015,0,112.978500366211,-86.0344,22.0311,27.8236120139713,63,63,63,63,61,63,0,9004,1.9064526870154,22,-86,0.001869,51,2024-07-01 09:00:19.000966,508,1.037,0.0011,"aoml_navis",1029.27897838325
"7901009",39,0,1,0.024297,1,0.001869,1,117.237654837456,1,4.85767180380107,510,1,11.1490001678467,35.3440017700195,0.0242970008403063,0,113.053298950195,-86.0344,22.0311,27.8236120139713,63,63,63,63,61,63,0,9004,1.9064526870154,22,-86,0.001869,51,2024-07-01 09:00:19.000966,510,1.037,0.0011,"aoml_navis",1029.29967316597
"7901009",39,0,1,0.022428,1,0,1,117.270631117808,1,4.85760724850572,512,1,11.0880002975464,35.3349990844727,0.0224280003458261,0,113.085098266602,-86.0344,22.0311,27.8236120139713,63,63,63,63,61,63,0,9004,1.9064526870154,22,-86,0.001869,51,2024-07-01 09:00:19.000966,512,1.037,0.0011,"aoml_navis",1029.31335207022
"7901009",39,0,1,0.026166,1,0.003738,1,117.17657593047,1,4.85755896417894,514,1,11.0649995803833,35.3310012817383,0.0261659994721413,0,112.994400024414,-86.0344,22.0311,27.8236120139713,63,63,63,63,61,63,0,9004,1.9064526870154,22,-86,0.001869,51,2024-07-01 09:00:19.000966,514,1.037,0.0011,"aoml_navis",1029.32358348534
"7901009",39,0,4,0.020559,1,-0.001869,1,117.130948721067,1,4.85750618504144,516,1,11.0369997024536,35.3269996643066,0.020558999851346,0,112.950401306152,-86.0344,22.0311,27.8236120139713,63,63,63,63,61,63,0,9004,1.9064526870154,22,-86,0.001869,51,2024-07-01 09:00:19.000966,516,1.037,0.0011,"aoml_navis",1029.3347675804
"7901009",39,0,1,0.026166,1,0.003738,1,117.063959717771,1,4.85745342231644,518,1,11.0089998245239,35.3230018615723,0.0261659994721413,0,112.885803222656,-86.0344,22.0311,27.8236120139713,63,63,63,63,61,63,0,9004,1.9064526870154,22,-86,0.001869,51,2024-07-01 09:00:19.000966,518,1.037,0.0011,"aoml_navis",1029.34594844053
"7901009",39,0,1,0.026166,1,0.003738,1,116.999866424313,1,4.85740879536969,520,1,10.9940004348755,35.3199996948242,0.0261659994721413,0,112.823997497559,-86.0344,22.0311,27.8236120139713,63,63,63,63,61,63,0,9004,1.9064526870154,22,-86,0.001869,51,2024-07-01 09:00:19.000966,520,1.037,0.0011,"aoml_navis",1029.3554054512
"7901009",39,0,1,0.028035,1,0.005607,1,116.959010015547,1,4.85736506474237,522,1,10.9799995422363,35.3170013427734,0.0280349999666214,0,112.784599304199,-86.0344,22.0311,27.8236120139713,63,63,63,63,61,63,0,9004,1.9064526870154,22,-86,0.001869,51,2024-07-01 09:00:19.000966,522,1.037,0.0011,"aoml_navis",1029.3646726891
"7901009",39,0,1,0.022428,1,0,1,116.88672803443,1,4.85732131108666,524,1,10.9700002670288,35.314998626709,0.0224280003458261,0,112.714897155762,-86.0344,22.0311,27.8236120139713,63,63,63,63,61,63,0,9004,1.9064526870154,22,-86,0.001869,51,2024-07-01 09:00:19.000966,524,1.037,0.0011,"aoml_navis",1029.37394497409
"7901009",39,0,1,0.026166,1,0.003738,1,116.801486565017,1,4.85727930643102,526,1,10.9659996032715,35.3139991760254,0.0261659994721413,0,112.632698059082,-86.0344,22.0311,27.8236120139713,63,63,63,63,61,63,0,9004,1.9064526870154,22,-86,0.001869,51,2024-07-01 09:00:19.000966,526,1.037,0.0011,"aoml_navis",1029.38284676774
"7901009",39,0,1,0.024297,1,0.001869,1,116.649881122573,1,4.85723373887732,528,1,10.9540004730225,35.3120002746582,0.0242970008403063,0,112.486503601074,-86.0344,22.0311,27.8236120139713,63,63,63,63,61,63,0,9004,1.9064526870154,22,-86,0.001869,51,2024-07-01 09:00:19.000966,528,1.037,0.0011,"aoml_navis",1029.39250379902
"7901009",39,0,1,0.026166,1,0.003738,1,116.584854239604,1,4.85718192338339,530,1,10.9309997558594,35.3089981079102,0.0261659994721413,0,112.423797607422,-86.0344,22.0311,27.8236120139713,63,63,63,63,61,63,0,9004,1.9064526870154,22,-86,0.001869,51,2024-07-01 09:00:19.000966,530,1.037,0.0011,"aoml_navis",1029.40348516267
"7901009",39,0,1,0.026166,1,0.003738,1,116.494944822637,1,4.85713349790846,532,1,10.9280004501343,35.310001373291,0.0261659994721413,0,112.337097167969,-86.0344,22.0311,27.8236120139713,63,63,63,63,61,63,0,9004,1.9064526870154,22,-86,0.001869,51,2024-07-01 09:00:19.000966,532,1.037,0.0011,"aoml_navis",1029.41374828447
"7901009",39,0,1,0.028035,1,0.005607,1,116.175237885798,1,4.85708228246822,534,1,10.9300003051758,35.3129997253418,0.0280349999666214,0,112.028800964355,-86.0344,22.0311,27.8236120139713,63,63,63,63,61,63,0,9004,1.9064526870154,22,-86,0.001869,51,2024-07-01 09:00:19.000966,534,1.037,0.0011,"aoml_navis",1029.4246029242
"7901009",39,0,1,0.024297,1,0.001869,1,116.075581161394,1,4.85701090227196,536,1,10.8690004348755,35.3059997558594,0.0242970008403063,0,111.93270111084,-86.0344,22.0311,27.8236120139713,63,63,63,63,61,63,0,9004,1.9064526870154,22,-86,0.001869,51,2024-07-01 09:00:19.000966,536,1.037,0.0011,"aoml_navis",1029.43973167965
"7901009",39,0,1,0.026166,1,0.003738,1,116.059607286627,1,4.85693640195995,538,1,10.7880001068115,35.2949981689453,0.0261659994721413,0,111.917297363281,-86.0344,22.0311,27.8236120139713,63,63,63,63,61,63,0,9004,1.9064526870154,22,-86,0.001869,51,2024-07-01 09:00:19.000966,538,1.037,0.0011,"aoml_navis",1029.45552220579
"7901009",39,0,1,0.026166,1,0.003738,1,116.016780845757,1,4.85687700955431,540,1,10.7399997711182,35.2879981994629,0.0261659994721413,0,111.875999450684,-86.0344,22.0311,27.8236120139713,63,63,63,63,61,63,0,9004,1.9064526870154,22,-86,0.001869,51,2024-07-01 09:00:19.000966,540,1.037,0.0011,"aoml_navis",1029.46811092069
"7901009",39,0,1,0.024297,1,0.001869,1,115.942323126373,1,4.85681771474618,542,1,10.6920003890991,35.2809982299805,0.0242970008403063,0,111.80419921875,-86.0344,22.0311,27.8236120139713,63,63,63,63,61,63,0,9004,1.9064526870154,22,-86,0.001869,51,2024-07-01 09:00:19.000966,542,1.037,0.0011,"aoml_navis",1029.48067925611
"7901009",39,0,1,0.028035,1,0.005607,1,115.836028422311,1,4.85676453216879,544,1,10.6590003967285,35.2760009765625,0.0280349999666214,0,111.701698303223,-86.0344,22.0311,27.8236120139713,63,63,63,63,61,63,0,9004,1.9064526870154,22,-86,0.001869,51,2024-07-01 09:00:19.000966,544,1.037,0.0011,"aoml_navis",1029.49195228274
"7901009",39,0,1,0.026166,1,0.003738,1,115.754727017105,1,4.85670962864378,546,1,10.6239995956421,35.2709999084473,0.0261659994721413,0,111.62329864502,-86.0344,22.0311,27.8236120139713,63,63,63,63,61,63,0,9004,1.9064526870154,22,-86,0.001869,51,2024-07-01 09:00:19.000966,546,1.037,0.0011,"aoml_navis",1029.5035903549
"7901009",39,0,1,0.026166,1,0.003738,1,115.631327054377,1,4.85666087932973,548,1,10.6000003814697,35.2669982910156,0.0261659994721413,0,111.504302978516,-86.0344,22.0311,27.8236120139713,63,63,63,63,61,63,0,9004,1.9064526870154,22,-86,0.001869,51,2024-07-01 09:00:19.000966,548,1.037,0.0011,"aoml_navis",1029.51392412024
"7901009",39,0,1,0.026166,1,0.003738,1,115.349050727506,1,4.85661757077292,550,1,10.5780000686646,35.2620010375977,0.0261659994721413,0,111.23210144043,-86.0344,22.0311,27.8236120139713,63,63,63,63,61,63,0,9004,1.9064526870154,22,-86,0.001869,51,2024-07-01 09:00:19.000966,550,1.037,0.0011,"aoml_navis",1029.52310474062
"7901009",39,0,1,0.026166,1,0.003738,1,115.088864077876,1,4.85654584090031,552,1,10.4989995956421,35.2509994506836,0.0261659994721413,0,110.981201171875,-86.0344,22.0311,27.8236120139713,63,63,63,63,61,63,0,9004,1.9064526870154,22,-86,0.001869,51,2024-07-01 09:00:19.000966,552,1.037,0.0011,"aoml_navis",1029.53831051929
"7901009",39,0,1,0.026166,1,0.003738,1,115.335149737924,1,4.85644468235987,554,1,10.3570003509521,35.2330017089844,0.0261659994721413,0,111.218696594238,-86.0344,22.0311,27.8236120139713,63,63,63,63,61,63,0,9004,1.9064526870154,22,-86,0.001869,51,2024-07-01 09:00:19.000966,554,1.037,0.0011,"aoml_navis",1029.55975554742
"7901009",39,0,1,0.024297,1,0.001869,1,115.310678616252,1,4.85639212993407,556,1,10.3199996948242,35.2270011901855,0.0242970008403063,0,111.195098876953,-86.0344,22.0311,27.8236120139713,63,63,63,63,61,63,0,9004,1.9064526870154,22,-86,0.001869,51,2024-07-01 09:00:19.000966,556,1.037,0.0011,"aoml_navis",1029.57089671173
"7901009",39,0,1,0.028035,1,0.005607,1,115.311303646518,1,4.85634383721468,558,1,10.2919998168945,35.2220001220703,0.0280349999666214,0,111.195701599121,-86.0344,22.0311,27.8236120139713,63,63,63,63,61,63,0,9004,1.9064526870154,22,-86,0.001869,51,2024-07-01 09:00:19.000966,558,1.037,0.0011,"aoml_navis",1029.58113502682
"7901009",39,0,1,0.022428,1,0,1,115.281333840862,1,4.85629103997196,560,1,10.2629995346069,35.2179985046387,0.0224280003458261,0,111.166801452637,-86.0344,22.0311,27.8236120139713,63,63,63,63,61,63,0,9004,1.9064526870154,22,-86,0.001869,51,2024-07-01 09:00:19.000966,560,1.037,0.0011,"aoml_navis",1029.59232855798
"7901009",39,0,1,0.024297,1,0.001869,1,115.259655575947,1,4.856238262569,562,1,10.2340002059937,35.2140007019043,0.0242970008403063,0,111.145896911621,-86.0344,22.0311,27.8236120139713,63,63,63,63,61,63,0,9004,1.9064526870154,22,-86,0.001869,51,2024-07-01 09:00:19.000966,562,1.037,0.0011,"aoml_navis",1029.60351812618
"7901009",39,0,1,0.026166,1,0.003738,1,115.224092145001,1,4.8561836098145,564,1,10.2069997787476,35.2109985351562,0.0261659994721413,0,111.111602783203,-86.0344,22.0311,27.8236120139713,63,63,63,63,61,63,0,9004,1.9064526870154,22,-86,0.001869,51,2024-07-01 09:00:19.000966,564,1.037,0.0011,"aoml_navis",1029.6151055522
"7901009",39,0,1,0.028035,1,0.005607,1,115.158550996624,1,4.85613625363986,566,1,10.201000213623,35.2109985351562,0.0280349999666214,0,111.048400878906,-86.0344,22.0311,27.8236120139713,63,63,63,63,61,63,0,9004,1.9064526870154,22,-86,0.001869,51,2024-07-01 09:00:19.000966,566,1.037,0.0011,"aoml_navis",1029.62514617507
"7901009",39,0,1,0.028035,1,0.005607,1,115.019485718374,1,4.85608976955101,568,1,10.1960000991821,35.2109985351562,0.0280349999666214,0,110.91429901123,-86.0344,22.0311,27.8236120139713,63,63,63,63,61,63,0,9004,1.9064526870154,22,-86,0.001869,51,2024-07-01 09:00:19.000966,568,1.037,0.0011,"aoml_navis",1029.6350020857
"7901009",39,0,1,0.029904,1,0.007476,1,115.006004052894,1,4.8560278819259,570,1,10.1479997634888,35.2050018310547,0.0299040004611015,0,110.901298522949,-86.0344,22.0311,27.8236120139713,63,63,63,63,61,63,0,9004,1.9064526870154,22,-86,0.001869,51,2024-07-01 09:00:19.000966,570,1.037,0.0011,"aoml_navis",1029.64812426427
"7901009",39,0,1,0.026166,1,0.003738,1,114.968051265742,1,4.8559754404678,572,1,10.1149997711182,35.2000007629395,0.0261659994721413,0,110.864700317383,-86.0344,22.0311,27.8236120139713,63,63,63,63,61,63,0,9004,1.9064526870154,22,-86,0.001869,51,2024-07-01 09:00:19.000966,572,1.037,0.0011,"aoml_navis",1029.65924381165
"7901009",39,0,1,0.028035,1,0.005607,1,114.912573895822,1,4.85592910211175,574,1,10.08899974823,35.1949996948242,0.0280349999666214,0,110.81120300293,-86.0344,22.0311,27.8236120139713,63,63,63,63,61,63,0,9004,1.9064526870154,22,-86,0.001869,51,2024-07-01 09:00:19.000966,574,1.037,0.0011,"aoml_navis",1029.66906947336
"7901009",39,0,1,0.026166,1,0.003738,1,114.90634732849,1,4.85586505762802,576,1,10.0170001983643,35.1839981079102,0.0261659994721413,0,110.805198669434,-86.0344,22.0311,27.8236120139713,63,63,63,63,61,63,0,9004,1.9064526870154,22,-86,0.001869,51,2024-07-01 09:00:19.000966,576,1.037,0.0011,"aoml_navis",1029.68264988039
"7901009",39,0,1,0.028035,1,0.005607,1,115.040230393777,1,4.85579647937442,578,1,9.94799995422363,35.1749992370605,0.0280349999666214,0,110.934303283691,-86.0344,22.0311,27.8236120139713,63,63,63,63,61,63,0,9004,1.9064526870154,22,-86,0.001869,51,2024-07-01 09:00:19.000966,578,1.037,0.0011,"aoml_navis",1029.69719205451
"7901009",39,0,1,0.028035,1,0.005607,1,114.950732389137,1,4.85575179125255,580,1,9.92800045013428,35.1710014343262,0.0280349999666214,0,110.847999572754,-86.0344,22.0311,27.8236120139713,63,63,63,63,61,63,0,9004,1.9064526870154,22,-86,0.001869,51,2024-07-01 09:00:19.000966,580,1.037,0.0011,"aoml_navis",1029.70666849309
"7901009",39,0,1,0.028035,1,0.005607,1,114.973961362053,1,4.85568384947779,582,1,9.86800003051758,35.1640014648438,0.0280349999666214,0,110.870399475098,-86.0344,22.0311,27.8236120139713,63,63,63,63,61,63,0,9004,1.9064526870154,22,-86,0.001869,51,2024-07-01 09:00:19.000966,582,1.037,0.0011,"aoml_navis",1029.72107637068
"7901009",39,0,1,0.026166,1,0.003738,1,115.053498441318,1,4.85561146669587,584,1,9.79399967193604,35.1549987792969,0.0261659994721413,0,110.94709777832,-86.0344,22.0311,27.8236120139713,63,63,63,63,61,63,0,9004,1.9064526870154,22,-86,0.001869,51,2024-07-01 09:00:19.000966,584,1.037,0.0011,"aoml_navis",1029.73642646132
"7901009",39,0,1,0.029904,1,0.007476,1,115.06884728582,1,4.85555609096239,586,1,9.75699996948242,35.1500015258789,0.0299040004611015,0,110.961898803711,-86.0344,22.0311,27.8236120139713,63,63,63,63,61,63,0,9004,1.9064526870154,22,-86,0.001869,51,2024-07-01 09:00:19.000966,586,1.037,0.0011,"aoml_navis",1029.74817020577
"7901009",39,0,1,0.028035,1,0.005607,1,115.122568241576,1,4.85549314319376,588,1,9.71100044250488,35.1450004577637,0.0280349999666214,0,111.013702392578,-86.0344,22.0311,27.8236120139713,63,63,63,63,61,63,0,9004,1.9064526870154,22,-86,0.001869,51,2024-07-01 09:00:19.000966,588,1.037,0.0011,"aoml_navis",1029.76152010611
"7901009",39,0,1,0.029904,1,0.007476,1,115.083159687729,1,4.85545148975034,590,1,9.70300006866455,35.1430015563965,0.0299040004611015,0,110.975700378418,-86.0344,22.0311,27.8236120139713,63,63,63,63,61,63,0,9004,1.9064526870154,22,-86,0.001869,51,2024-07-01 09:00:19.000966,590,1.037,0.0011,"aoml_navis",1029.77035411739
"7901009",39,0,1,0.026166,1,0.003738,1,115.015957066493,1,4.85540449087622,592,1,9.69299983978271,35.1419982910156,0.0261659994721413,0,110.91089630127,-86.0344,22.0311,27.8236120139713,63,63,63,63,61,63,0,9004,1.9064526870154,22,-86,0.001869,51,2024-07-01 09:00:19.000966,592,1.037,0.0011,"aoml_navis",1029.78032198872
"7901009",39,0,1,0.028035,1,0.005607,1,115.00662908316,1,4.85535860360115,594,1,9.68000030517578,35.1399993896484,0.0280349999666214,0,110.901901245117,-86.0344,22.0311,27.8236120139713,63,63,63,63,61,63,0,9004,1.9064526870154,22,-86,0.001869,51,2024-07-01 09:00:19.000966,594,1.037,0.0011,"aoml_navis",1029.79005429003
"7901009",39,0,1,0.026166,1,0.003738,1,114.944300115642,1,4.85531130320428,596,1,9.66100025177002,35.1370010375977,0.0261659994721413,0,110.841796875,-86.0344,22.0311,27.8236120139713,63,63,63,63,61,63,0,9004,1.9064526870154,22,-86,0.001869,51,2024-07-01 09:00:19.000966,596,1.037,0.0011,"aoml_navis",1029.80008649502
"7901009",39,0,1,0.029904,1,0.007476,1,114.993875301027,1,4.85524543031573,598,1,9.60700035095215,35.1310005187988,0.0299040004611015,0,110.889602661133,-86.0344,22.0311,27.8236120139713,63,63,63,63,61,63,0,9004,1.9064526870154,22,-86,0.001869,51,2024-07-01 09:00:19.000966,598,1.037,0.0011,"aoml_navis",1029.81405816901
"7901009",39,0,1,0.026166,1,0.003738,1,115.09321555441,1,4.85517913718293,600,1,9.54800033569336,35.1240005493164,0.0261659994721413,0,110.985397338867,-86.0344,22.0311,27.8236120139713,63,63,63,63,61,63,0,9004,1.9064526870154,22,-86,0.001869,51,2024-07-01 09:00:19.000966,600,1.037,0.0011,"aoml_navis",1029.82811935979
"7901009",39,0,1,0.028035,1,0.005607,1,115.060658598161,1,4.85512826700158,602,1,9.5290002822876,35.1220016479492,0.0280349999666214,0,110.954002380371,-86.0344,22.0311,27.8236120139713,63,63,63,63,61,63,0,9004,1.9064526870154,22,-86,0.001869,51,2024-07-01 09:00:19.000966,602,1.037,0.0011,"aoml_navis",1029.83890950586
"7901009",39,0,1,0.026166,1,0.003738,1,115.140195677426,1,4.85506910082379,604,1,9.48700046539307,35.117000579834,0.0261659994721413,0,111.030700683594,-86.0344,22.0311,27.8236120139713,63,63,63,63,61,63,0,9004,1.9064526870154,22,-86,0.001869,51,2024-07-01 09:00:19.000966,604,1.037,0.0011,"aoml_navis",1029.8514596119
"7901009",39,0,1,0.028035,1,0.005607,1,115.154919491662,1,4.85502027652955,606,1,9.46599960327148,35.1139984130859,0.0280349999666214,0,111.044898986816,-86.0344,22.0311,27.8236120139713,63,63,63,63,61,63,0,9004,1.9064526870154,22,-86,0.001869,51,2024-07-01 09:00:19.000966,606,1.037,0.0011,"aoml_navis",1029.86181626703
"7901009",39,0,1,0.026166,1,0.003738,1,115.158756702787,1,4.85496559166293,608,1,9.4379997253418,35.1110000610352,0.0261659994721413,0,111.048599243164,-86.0344,22.0311,27.8236120139713,63,63,63,63,61,63,0,9004,1.9064526870154,22,-86,0.001869,51,2024-07-01 09:00:19.000966,608,1.037,0.0011,"aoml_navis",1029.8734163196
"7901009",39,0,1,0.029904,1,0.007476,1,115.17006263,1,4.85491898445432,610,1,9.42399978637695,35.109001159668,0.0299040004611015,0,111.059501647949,-86.0344,22.0311,27.8236120139713,63,63,63,63,61,63,0,9004,1.9064526870154,22,-86,0.001869,51,2024-07-01 09:00:19.000966,610,1.037,0.0011,"aoml_navis",1029.8833031015
"7901009",39,0,1,0.031773,1,0.009345,1,115.104830040868,1,4.85487407125683,612,1,9.41199970245361,35.1069984436035,0.0317730009555817,0,110.996597290039,-86.0344,22.0311,27.8236120139713,63,63,63,63,61,63,0,9004,1.9064526870154,22,-86,0.001869,51,2024-07-01 09:00:19.000966,612,1.037,0.0011,"aoml_navis",1029.89283071262
"7901009",39,0,1,0.024297,1,0.001869,1,115.093532025431,1,4.85481860786093,614,1,9.38300037384033,35.1040000915527,0.0242970008403063,0,110.985702514648,-86.0344,22.0311,27.8236120139713,63,63,63,63,61,63,0,9004,1.9064526870154,22,-86,0.001869,51,2024-07-01 09:00:19.000966,614,1.037,0.0011,"aoml_navis",1029.90459662159
"7901009",39,0,1,0.026166,1,0.003738,1,115.118003147103,1,4.8547701943923,616,1,9.35799980163574,35.0999984741211,0.0261659994721413,0,111.009300231934,-86.0344,22.0311,27.8236120139713,63,63,63,63,61,63,0,9004,1.9064526870154,22,-86,0.001869,51,2024-07-01 09:00:19.000966,616,1.037,0.0011,"aoml_navis",1029.91486719092
"7901009",39,0,1,0.026166,1,0.003738,1,115.119973179206,1,4.85471395882842,618,1,9.32800006866455,35.0970001220703,0.0261659994721413,0,111.011199951172,-86.0344,22.0311,27.8236120139713,63,63,63,63,61,63,0,9004,1.9064526870154,22,-86,0.001869,51,2024-07-01 09:00:19.000966,618,1.037,0.0011,"aoml_navis",1029.9267974187
"7901009",39,0,1,0.029904,1,0.007476,1,115.187484359687,1,4.85465679114853,620,1,9.28800010681152,35.0919990539551,0.0299040004611015,0,111.076301574707,-86.0344,22.0311,27.8236120139713,63,63,63,63,61,63,0,9004,1.9064526870154,22,-86,0.001869,51,2024-07-01 09:00:19.000966,620,1.037,0.0011,"aoml_navis",1029.93892567575
"7901009",39,0,1,0.024297,1,0.001869,1,115.211852628277,1,4.85459932702218,622,1,9.2519998550415,35.0880012512207,0.0242970008403063,0,111.099800109863,-86.0344,22.0311,27.8236120139713,63,63,63,63,61,63,0,9004,1.9064526870154,22,-86,0.001869,51,2024-07-01 09:00:19.000966,622,1.037,0.0011,"aoml_navis",1029.95111711248
"7901009",39,0,1,0.031773,1,0.009345,1,115.176178432474,1,4.854558983066,624,1,9.24100017547607,35.0849990844727,0.0317730009555817,0,111.065399169922,-86.0344,22.0311,27.8236120139713,63,63,63,63,61,63,0,9004,1.9064526870154,22,-86,0.001869,51,2024-07-01 09:00:19.000966,624,1.037,0.0011,"aoml_navis",1029.95967655174
"7901009",39,0,1,0.028035,1,0.005607,1,115.20791256407,1,4.85450371396258,626,1,9.21199989318848,35.0820007324219,0.0280349999666214,0,111.096000671387,-86.0344,22.0311,27.8236120139713,63,63,63,63,61,63,0,9004,1.9064526870154,22,-86,0.001869,51,2024-07-01 09:00:19.000966,626,1.037,0.0011,"aoml_navis",1029.97140276542
"7901009",39,0,1,0.028035,1,0.005607,1,115.334216148413,1,4.85444333075982,628,1,9.15900039672852,35.0750007629395,0.0280349999666214,0,111.217796325684,-86.0344,22.0311,27.8236120139713,63,63,63,63,61,63,0,9004,1.9064526870154,22,-86,0.001869,51,2024-07-01 09:00:19.000966,628,1.037,0.0011,"aoml_navis",1029.98421432132
"7901009",39,0,1,0.026166,1,0.003738,1,115.689605192831,1,4.8543397664038,630,1,9.02200031280518,35.0610008239746,0.0261659994721413,0,111.560501098633,-86.0344,22.0311,27.8236120139713,63,63,63,63,61,63,0,9004,1.9064526870154,22,-86,0.001869,51,2024-07-01 09:00:19.000966,630,1.037,0.0011,"aoml_navis",1030.00618840162
"7901009",39,0,1,0.029904,1,0.007476,1,115.792576951175,1,4.85428188047699,632,1,8.97599983215332,35.0550003051758,0.0299040004611015,0,111.659797668457,-86.0344,22.0311,27.8236120139713,63,63,63,63,61,63,0,9004,1.9064526870154,22,-86,0.001869,51,2024-07-01 09:00:19.000966,632,1.037,0.0011,"aoml_navis",1030.01847093162
"7901009",39,0,1,0.031773,1,0.009345,1,115.980275913525,1,4.85420697550742,634,1,8.90900039672852,35.048999786377,0.0317730009555817,0,111.840797424316,-86.0344,22.0311,27.8236120139713,63,63,63,63,61,63,0,9004,1.9064526870154,22,-86,0.001869,51,2024-07-01 09:00:19.000966,634,1.037,0.0011,"aoml_navis",1030.03436508336
"7901009",39,0,1,0.029904,1,0.007476,1,116.067906739143,1,4.85414966497642,636,1,8.8769998550415,35.0460014343262,0.0299040004611015,0,111.925300598145,-86.0344,22.0311,27.8236120139713,63,63,63,63,61,63,0,9004,1.9064526870154,22,-86,0.001869,51,2024-07-01 09:00:19.000966,636,1.037,0.0011,"aoml_navis",1030.04652618685
"7901009",39,0,1,0.028035,1,0.005607,1,116.108146029419,1,4.8540976695788,638,1,8.85599994659424,35.0439987182617,0.0280349999666214,0,111.96410369873,-86.0344,22.0311,27.8236120139713,63,63,63,63,61,63,0,9004,1.9064526870154,22,-86,0.001869,51,2024-07-01 09:00:19.000966,638,1.037,0.0011,"aoml_navis",1030.05755968521
"7901009",39,0,4,0.022428,1,0,1,116.145370933224,1,4.8540452912645,640,1,8.82999992370605,35.0410003662109,0.0224280003458261,0,112,-86.0344,22.0311,27.8236120139713,63,63,63,63,61,63,0,9004,1.9064526870154,22,-86,0.001869,51,2024-07-01 09:00:19.000966,640,1.037,0.0011,"aoml_navis",1030.06867467804
"7901009",39,0,1,0.028035,1,0.005607,1,116.173576412939,1,4.85399937390859,642,1,8.82100009918213,35.0400009155273,0.0280349999666214,0,112.027198791504,-86.0344,22.0311,27.8236120139713,63,63,63,63,61,63,0,9004,1.9064526870154,22,-86,0.001869,51,2024-07-01 09:00:19.000966,642,1.037,0.0011,"aoml_navis",1030.07841881402
"7901009",39,0,1,0.028035,1,0.005607,1,116.2208650952,1,4.85394580241139,644,1,8.79800033569336,35.0379981994629,0.0280349999666214,0,112.072799682617,-86.0344,22.0311,27.8236120139713,63,63,63,63,61,63,0,9004,1.9064526870154,22,-86,0.001869,51,2024-07-01 09:00:19.000966,644,1.037,0.0011,"aoml_navis",1030.08978747065
"7901009",39,0,1,0.028035,1,0.005607,1,116.247409102058,1,4.85390275548147,646,1,8.78800010681152,35.0359992980957,0.0280349999666214,0,112.09839630127,-86.0344,22.0311,27.8236120139713,63,63,63,63,61,63,0,9004,1.9064526870154,22,-86,0.001869,51,2024-07-01 09:00:19.000966,646,1.037,0.0011,"aoml_navis",1030.09892284174
"7901009",39,0,1,0.029904,1,0.007476,1,116.255194289166,1,4.8538572279167,648,1,8.78400039672852,35.0359992980957,0.0299040004611015,0,112.105903625488,-86.0344,22.0311,27.8236120139713,63,63,63,63,61,63,0,9004,1.9064526870154,22,-86,0.001869,51,2024-07-01 09:00:19.000966,648,1.037,0.0011,"aoml_navis",1030.10858482667
"7901009",39,0,1,0.024297,1,0.001869,1,116.305695152286,1,4.85381418645464,650,1,8.77400016784668,35.0340003967285,0.0242970008403063,0,112.154602050781,-86.0344,22.0311,27.8236120139713,63,63,63,63,61,63,0,9004,1.9064526870154,22,-86,0.001869,51,2024-07-01 09:00:19.000966,650,1.037,0.0011,"aoml_navis",1030.11771937074
"7901009",39,0,1,0.031773,1,0.009345,1,116.348624446238,1,4.85375947426762,652,1,8.74499988555908,35.0309982299805,0.0317730009555817,0,112.195999145508,-86.0344,22.0311,27.8236120139713,63,63,63,63,61,63,0,9004,1.9064526870154,22,-86,0.001869,51,2024-07-01 09:00:19.000966,652,1.037,0.0011,"aoml_navis",1030.12933098718
"7901009",39,0,1,0.026166,1,0.003738,1,116.399750339624,1,4.85370962254351,654,1,8.72200012207031,35.0279998779297,0.0261659994721413,0,112.245300292969,-86.0344,22.0311,27.8236120139713,63,63,63,63,61,63,0,9004,1.9064526870154,22,-86,0.001869,51,2024-07-01 09:00:19.000966,654,1.037,0.0011,"aoml_navis",1030.13991129116
"7901009",39,0,1,0.028035,1,0.005607,1,116.497539885006,1,4.85365092737242,656,1,8.6879997253418,35.0250015258789,0.0280349999666214,0,112.339599609375,-86.0344,22.0311,27.8236120139713,63,63,63,63,61,63,0,9004,1.9064526870154,22,-86,0.001869,51,2024-07-01 09:00:19.000966,656,1.037,0.0011,"aoml_navis",1030.15236876683
"7901009",39,0,1,0.028035,1,0.005607,1,116.583303531603,1,4.85359666490286,658,1,8.66399955749512,35.0229988098145,0.0280349999666214,0,112.422302246094,-86.0344,22.0311,27.8236120139713,63,63,63,63,61,63,0,9004,1.9064526870154,22,-86,0.001869,51,2024-07-01 09:00:19.000966,658,1.037,0.0011,"aoml_navis",1030.163885713
"7901009",39,0,1,0.029904,1,0.007476,1,116.608811095868,1,4.8535520566856,660,1,8.65200042724609,35.0209999084473,0.0299040004611015,0,112.446899414062,-86.0344,22.0311,27.8236120139713,63,63,63,63,61,63,0,9004,1.9064526870154,22,-86,0.001869,51,2024-07-01 09:00:19.000966,660,1.037,0.0011,"aoml_navis",1030.17335378379
"7901009",39,0,1,0.031773,1,0.009345,1,116.582575648256,1,4.85350378215454,662,1,8.64000034332275,35.0200004577637,0.0317730009555817,0,112.421600341797,-86.0344,22.0311,27.8236120139713,63,63,63,63,61,63,0,9004,1.9064526870154,22,-86,0.001869,51,2024-07-01 09:00:19.000966,662,1.037,0.0011,"aoml_navis",1030.18360022384
"7901009",39,0,1,0.035511,1,0.013083,1,116.612339747748,1,4.85345872598147,664,1,8.63199996948242,35.0190010070801,0.0355109982192516,0,112.450302124023,-86.0344,22.0311,27.8236120139713,63,63,63,63,61,63,0,9004,1.9064526870154,22,-86,0.001869,51,2024-07-01 09:00:19.000966,664,1.037,0.0011,"aoml_navis",1030.19316373992
"7901009",39,0,4,0.024297,1,0.001869,1,116.613376190341,1,4.85341482266761,666,1,8.63000011444092,35.0190010070801,0.0242970008403063,0,112.451301574707,-86.0344,22.0311,27.8236120139713,63,63,63,63,61,63,0,9004,1.9064526870154,22,-86,0.001869,51,2024-07-01 09:00:19.000966,666,1.037,0.0011,"aoml_navis",1030.20248272366
"7901009",39,0,1,0.026166,1,0.003738,1,116.621564878,1,4.8533689677262,668,1,8.62100028991699,35.0180015563965,0.0261659994721413,0,112.459197998047,-86.0344,22.0311,27.8236120139713,63,63,63,63,61,63,0,9004,1.9064526870154,22,-86,0.001869,51,2024-07-01 09:00:19.000966,668,1.037,0.0011,"aoml_navis",1030.21221614282
"7901009",39,0,1,0.035511,1,0.013083,1,116.604040295231,1,4.85332117980131,670,1,8.60499954223633,35.015998840332,0.0355109982192516,0,112.44229888916,-86.0344,22.0311,27.8236120139713,63,63,63,63,61,63,0,9004,1.9064526870154,22,-86,0.001869,51,2024-07-01 09:00:19.000966,670,1.037,0.0011,"aoml_navis",1030.22236006328
"7901009",39,0,1,0.028035,1,0.005607,1,116.645213175018,1,4.85327647823132,672,1,8.60200023651123,35.015998840332,0.0280349999666214,0,112.482002258301,-86.0344,22.0311,27.8236120139713,63,63,63,63,61,63,0,9004,1.9064526870154,22,-86,0.001869,51,2024-07-01 09:00:19.000966,672,1.037,0.0011,"aoml_navis",1030.23184902546
"7901009",39,0,1,0.029904,1,0.007476,1,116.644588144753,1,4.85322628127973,674,1,8.58300018310547,35.0139999389648,0.0299040004611015,0,112.481399536133,-86.0344,22.0311,27.8236120139713,63,63,63,63,61,63,0,9004,1.9064526870154,22,-86,0.001869,51,2024-07-01 09:00:19.000966,674,1.037,0.0011,"aoml_navis",1030.2425047203
"7901009",39,0,4,0.022428,1,0,1,116.732836088862,1,4.85317209208358,676,1,8.55900001525879,35.0120010375977,0.0224280003458261,0,112.566497802734,-86.0344,22.0311,27.8236120139713,63,63,63,63,61,63,0,9004,1.9064526870154,22,-86,0.001869,51,2024-07-01 09:00:19.000966,676,1.037,0.0011,"aoml_navis",1030.25400812716
"7901009",39,0,1,0.029904,1,0.007476,1,116.722258044996,1,4.85313106430332,678,1,8.55599975585938,35.0110015869141,0.0299040004611015,0,112.556297302246,-86.0344,22.0311,27.8236120139713,63,63,63,63,61,63,0,9004,1.9064526870154,22,-86,0.001869,51,2024-07-01 09:00:19.000966,678,1.037,0.0011,"aoml_navis",1030.26271776935
"7901009",39,0,1,0.028035,1,0.005607,1,116.73770974258,1,4.85308684880604,680,1,8.54899978637695,35.0099983215332,0.0280349999666214,0,112.571197509766,-86.0344,22.0311,27.8236120139713,63,63,63,63,61,63,0,9004,1.9064526870154,22,-86,0.001869,51,2024-07-01 09:00:19.000966,680,1.037,0.0011,"aoml_navis",1030.27210428556
"7901009",39,0,1,0.029904,1,0.007476,1,116.85655252261,1,4.85302836294798,682,1,8.51500034332275,35.0069999694824,0.0299040004611015,0,112.68579864502,-86.0344,22.0311,27.8236120139713,63,63,63,63,61,63,0,9004,1.9064526870154,22,-86,0.001869,51,2024-07-01 09:00:19.000966,682,1.037,0.0011,"aoml_navis",1030.2845205221
"7901009",39,0,1,0.033642,1,0.011214,1,116.960355017384,1,4.85296705057375,684,1,8.48200035095215,35.0050010681152,0.0336420014500618,0,112.78589630127,-86.0344,22.0311,27.8236120139713,63,63,63,63,61,63,0,9004,1.9064526870154,22,-86,0.001869,51,2024-07-01 09:00:19.000966,684,1.037,0.0011,"aoml_navis",1030.29753713429
"7901009",39,0,1,0.028035,1,0.005607,1,117.088842251769,1,4.85291185588245,686,1,8.45199966430664,35.0019989013672,0.0280349999666214,0,112.909797668457,-86.0344,22.0311,27.8236120139713,63,63,63,63,61,63,0,9004,1.9064526870154,22,-86,0.001869,51,2024-07-01 09:00:19.000966,686,1.037,0.0011,"aoml_navis",1030.3092552442
"7901009",39,0,1,0.024297,1,0.001869,1,117.194931249668,1,4.85285646671574,688.099975585938,1,8.42899990081787,35,0.0242970008403063,0,113.012100219727,-86.0344,22.0311,27.8236120139713,63,63,63,63,61,63,0,9004,1.9064526870154,22,-86,0.001869,51,2024-07-01 09:00:19.000966,688.099975585938,1.037,0.0011,"aoml_navis",1030.32101491018
"7901009",39,0,1,0.026166,1,0.003738,1,117.314391148189,1,4.85280502484158,690,1,8.40100002288818,34.9970016479492,0.0261659994721413,0,113.127296447754,-86.0344,22.0311,27.8236120139713,63,63,63,63,61,63,0,9004,1.9064526870154,22,-86,0.001869,51,2024-07-01 09:00:19.000966,690,1.037,0.0011,"aoml_navis",1030.33193676748
"7901009",39,0,1,0.026166,1,0.003738,1,117.405962038015,1,4.85274992665654,692,1,8.37100028991699,34.9939994812012,0.0261659994721413,0,113.215599060059,-86.0344,22.0311,27.8236120139713,63,63,63,63,61,63,0,9004,1.9064526870154,22,-86,0.001869,51,2024-07-01 09:00:19.000966,692,1.037,0.0011,"aoml_navis",1030.34363516954
"7901009",39,0,1,0.033642,1,0.011214,1,117.440394085062,1,4.85270256281172,694,1,8.35999965667725,34.9930000305176,0.0336420014500618,0,113.248802185059,-86.0344,22.0311,27.8236120139713,63,63,63,63,61,63,0,9004,1.9064526870154,22,-86,0.001869,51,2024-07-01 09:00:19.000966,694,1.037,0.0011,"aoml_navis",1030.35369163507
"7901009",39,0,1,0.028035,1,0.005607,1,117.52594411372,1,4.85265808254376,696,1,8.34799957275391,34.9910011291504,0.0280349999666214,0,113.331298828125,-86.0344,22.0311,27.8236120139713,63,63,63,63,61,63,0,9004,1.9064526870154,22,-86,0.001869,51,2024-07-01 09:00:19.000966,696,1.037,0.0011,"aoml_navis",1030.36313602771
"7901009",39,0,1,0.026166,1,0.003738,1,117.619065711547,1,4.85261310527237,698,1,8.34000015258789,34.9900016784668,0.0261659994721413,0,113.421096801758,-86.0344,22.0311,27.8236120139713,63,63,63,63,61,63,0,9004,1.9064526870154,22,-86,0.001869,51,2024-07-01 09:00:19.000966,698,1.037,0.0011,"aoml_navis",1030.372686124
"7901009",39,0,1,0.033642,1,0.011214,1,117.811954798635,1,4.85255807390942,700,1,8.3100004196167,34.9869995117188,0.0336420014500618,0,113.60710144043,-86.0344,22.0311,27.8236120139713,63,63,63,63,61,63,0,9004,1.9064526870154,22,-86,0.001869,51,2024-07-01 09:00:19.000966,700,1.037,0.0011,"aoml_navis",1030.38437126251
"7901009",39,0,1,0.026166,1,0.003738,1,118.116526508911,1,4.85248963579806,702,1,8.24899959564209,34.9809989929199,0.0261659994721413,0,113.900802612305,-86.0344,22.0311,27.8236120139713,63,63,63,63,61,63,0,9004,1.9064526870154,22,-86,0.001869,51,2024-07-01 09:00:19.000966,702,1.037,0.0011,"aoml_navis",1030.39890350589
"7901009",39,0,1,0.026166,1,0.003738,1,118.365921496736,1,4.85241743630115,704,1,8.18299961090088,34.9749984741211,0.0261659994721413,0,114.141296386719,-86.0344,22.0311,27.8236120139713,63,63,63,63,61,63,0,9004,1.9064526870154,22,-86,0.001869,51,2024-07-01 09:00:19.000966,704,1.037,0.0011,"aoml_navis",1030.41423489141
"7901009",39,0,1,0.029904,1,0.007476,1,118.434888443912,1,4.8523698918404,706,1,8.16699981689453,34.9729995727539,0.0299040004611015,0,114.207801818848,-86.0344,22.0311,27.8236120139713,63,63,63,63,61,63,0,9004,1.9064526870154,22,-86,0.001869,51,2024-07-01 09:00:19.000966,706,1.037,0.0011,"aoml_navis",1030.42433108982
"7901009",39,0,1,0.029904,1,0.007476,1,118.481140683581,1,4.85232652607297,708,1,8.16100025177002,34.9720001220703,0.0299040004611015,0,114.252403259277,-86.0344,22.0311,27.8236120139713,63,63,63,63,61,63,0,9004,1.9064526870154,22,-86,0.001869,51,2024-07-01 09:00:19.000966,708,1.037,0.0011,"aoml_navis",1030.43354010361
"7901009",39,0,1,0.029904,1,0.007476,1,118.560574909764,1,4.85227610497287,710,1,8.14599990844727,34.9710006713867,0.0299040004611015,0,114.329002380371,-86.0344,22.0311,27.8236120139713,63,63,63,63,61,63,0,9004,1.9064526870154,22,-86,0.001869,51,2024-07-01 09:00:19.000966,710,1.037,0.0011,"aoml_navis",1030.44424757193
"7901009",39,0,1,0.028035,1,0.005607,1,118.687503524373,1,4.85222804221781,712,1,8.13399982452393,34.9700012207031,0.0280349999666214,0,114.451400756836,-86.0344,22.0311,27.8236120139713,63,63,63,63,61,63,0,9004,1.9064526870154,22,-86,0.001869,51,2024-07-01 09:00:19.000966,712,1.037,0.0011,"aoml_navis",1030.45445442722
"7901009",39,0,1,0.029904,1,0.007476,1,118.830817426075,1,4.85218367089789,714,1,8.12199974060059,34.9679985046387,0.0299040004611015,0,114.589599609375,-86.0344,22.0311,27.8236120139713,63,63,63,63,61,63,0,9004,1.9064526870154,22,-86,0.001869,51,2024-07-01 09:00:19.000966,714,1.037,0.0011,"aoml_navis",1030.46387752975
"7901009",39,0,1,0.031773,1,0.009345,1,118.983672929051,1,4.85213405331778,716,1,8.10799980163574,34.9669990539551,0.0317730009555817,0,114.736999511719,-86.0344,22.0311,27.8236120139713,63,63,63,63,61,63,0,9004,1.9064526870154,22,-86,0.001869,51,2024-07-01 09:00:19.000966,716,1.037,0.0011,"aoml_navis",1030.47441498058
"7901009",39,0,1,0.029904,1,0.007476,1,119.268647171373,1,4.85207381383144,718,1,8.07100009918213,34.9640007019043,0.0299040004611015,0,115.01180267334,-86.0344,22.0311,27.8236120139713,63,63,63,63,61,63,0,9004,1.9064526870154,22,-86,0.001869,51,2024-07-01 09:00:19.000966,718,1.037,0.0011,"aoml_navis",1030.48720853069
"7901009",39,0,1,0.035511,1,0.013083,1,119.512654240072,1,4.85200485455716,720,1,8.01799964904785,34.9599990844727,0.0355109982192516,0,115.247100830078,-86.0344,22.0311,27.8236120139713,63,63,63,63,61,63,0,9004,1.9064526870154,22,-86,0.001869,51,2024-07-01 09:00:19.000966,720,1.037,0.0011,"aoml_navis",1030.50185436312
"7901009",39,0,1,0.028035,1,0.005607,1,119.612935994741,1,4.85195451143457,722,1,8.00300025939941,34.9589996337891,0.0280349999666214,0,115.343803405762,-86.0344,22.0311,27.8236120139713,63,63,63,63,61,63,0,9004,1.9064526870154,22,-86,0.001869,51,2024-07-01 09:00:19.000966,722,1.037,0.0011,"aoml_navis",1030.51254668949
"7901009",39,0,1,0.029904,1,0.007476,1,119.727110827217,1,4.85191273007404,724,1,7.99900007247925,34.9580001831055,0.0299040004611015,0,115.453903198242,-86.0344,22.0311,27.8236120139713,63,63,63,63,61,63,0,9004,1.9064526870154,22,-86,0.001869,51,2024-07-01 09:00:19.000966,724,1.037,0.0011,"aoml_navis",1030.52142076012
"7901009",39,0,1,0.029904,1,0.007476,1,119.862433835648,1,4.85186961182177,726,1,7.9980001449585,34.9580001831055,0.0299040004611015,0,115.584396362305,-86.0344,22.0311,27.8236120139713,63,63,63,63,61,63,0,9004,1.9064526870154,22,-86,0.001869,51,2024-07-01 09:00:19.000966,726,1.037,0.0011,"aoml_navis",1030.53057893751
"7901009",39,0,1,0.024297,1,0.001869,1,120.070877473401,1,4.85181694597006,728,1,7.98000001907349,34.9570007324219,0.0242970008403063,0,115.785400390625,-86.0344,22.0311,27.8236120139713,63,63,63,63,61,63,0,9004,1.9064526870154,22,-86,0.001869,51,2024-07-01 09:00:19.000966,728,1.037,0.0011,"aoml_navis",1030.54176521499
"7901009",39,0,1,0.028035,1,0.005607,1,120.257120669056,1,4.85176429184248,730,1,7.96199989318848,34.9560012817383,0.0280349999666214,0,115.964996337891,-86.0344,22.0311,27.8236120139713,63,63,63,63,61,63,0,9004,1.9064526870154,22,-86,0.001869,51,2024-07-01 09:00:19.000966,730,1.037,0.0011,"aoml_navis",1030.55294924503
"7901009",39,0,1,0.024297,1,0.001869,1,120.412056968992,1,4.85170621877019,732,1,7.93699979782104,34.9550018310547,0.0242970008403063,0,116.114402770996,-86.0344,22.0311,27.8236120139713,63,63,63,63,61,63,0,9004,1.9064526870154,22,-86,0.001869,51,2024-07-01 09:00:19.000966,732,1.037,0.0011,"aoml_navis",1030.56528457063
"7901009",39,0,1,0.028035,1,0.005607,1,120.464005687032,1,4.85166135905155,734,1,7.92899990081787,34.9539985656738,0.0280349999666214,0,116.164497375488,-86.0344,22.0311,27.8236120139713,63,63,63,63,61,63,0,9004,1.9064526870154,22,-86,0.001869,51,2024-07-01 09:00:19.000966,734,1.037,0.0011,"aoml_navis",1030.57481344441
"7901009",39,0,1,0.024297,1,0.001869,1,120.543337060134,1,4.85161591654938,736,1,7.92500019073486,34.9539985656738,0.0242970008403063,0,116.240997314453,-86.0344,22.0311,27.8236120139713,63,63,63,63,61,63,0,9004,1.9064526870154,22,-86,0.001869,51,2024-07-01 09:00:19.000966,736,1.037,0.0011,"aoml_navis",1030.58446628977
"7901009",39,0,1,0.024297,1,0.001869,1,120.605871733815,1,4.85156484687557,738,1,7.90899991989136,34.9529991149902,0.0242970008403063,0,116.301300048828,-86.0344,22.0311,27.8236120139713,63,63,63,63,61,63,0,9004,1.9064526870154,22,-86,0.001869,51,2024-07-01 09:00:19.000966,738,1.037,0.0011,"aoml_navis",1030.59531466843
"7901009",39,0,1,0.029904,1,0.007476,1,120.620389841888,1,4.85152385561234,740,1,7.9060001373291,34.9519996643066,0.0299040004611015,0,116.315299987793,-86.0344,22.0311,27.8236120139713,63,63,63,63,61,63,0,9004,1.9064526870154,22,-86,0.001869,51,2024-07-01 09:00:19.000966,740,1.037,0.0011,"aoml_navis",1030.60402232505
"7901009",39,0,1,0.029904,1,0.007476,1,120.680843718608,1,4.85147821727245,742,1,7.89699983596802,34.951000213623,0.0299040004611015,0,116.373596191406,-86.0344,22.0311,27.8236120139713,63,63,63,63,61,63,0,9004,1.9064526870154,22,-86,0.001869,51,2024-07-01 09:00:19.000966,742,1.037,0.0011,"aoml_navis",1030.61371731997
"7901009",39,0,1,0.031773,1,0.009345,1,120.750016371947,1,4.85142638947296,744,1,7.88000011444092,34.9500007629395,0.0317730009555817,0,116.440299987793,-86.0344,22.0311,27.8236120139713,63,63,63,63,61,63,0,9004,1.9064526870154,22,-86,0.001869,51,2024-07-01 09:00:19.000966,744,1.037,0.0011,"aoml_navis",1030.62472736872
"7901009",39,0,1,0.028035,1,0.005607,1,120.808088804237,1,4.85138153343244,746,1,7.87200021743774,34.9490013122559,0.0280349999666214,0,116.496299743652,-86.0344,22.0311,27.8236120139713,63,63,63,63,61,63,0,9004,1.9064526870154,22,-86,0.001869,51,2024-07-01 09:00:19.000966,746,1.037,0.0011,"aoml_navis",1030.6342565604
"7901009",39,0,1,0.029904,1,0.007476,1,120.854238190823,1,4.85133822700026,748,1,7.86600017547607,34.9480018615723,0.0299040004611015,0,116.540802001953,-86.0344,22.0311,27.8236120139713,63,63,63,63,61,63,0,9004,1.9064526870154,22,-86,0.001869,51,2024-07-01 09:00:19.000966,748,1.037,0.0011,"aoml_navis",1030.64345672136
"7901009",39,0,1,0.026166,1,0.003738,1,120.988532668437,1,4.85128952336372,750,1,7.85300016403198,34.9469985961914,0.0261659994721413,0,116.670303344727,-86.0344,22.0311,27.8236120139713,63,63,63,63,61,63,0,9004,1.9064526870154,22,-86,0.001869,51,2024-07-01 09:00:19.000966,750,1.037,0.0011,"aoml_navis",1030.6538036784
"7901009",39,0,1,0.028035,1,0.005607,1,121.194586949985,1,4.85123521546673,752,1,7.82800006866455,34.9449996948242,0.0280349999666214,0,116.869003295898,-86.0344,22.0311,27.8236120139713,63,63,63,63,61,63,0,9004,1.9064526870154,22,-86,0.001869,51,2024-07-01 09:00:19.000966,752,1.037,0.0011,"aoml_navis",1030.66534149055
"7901009",39,0,1,0.028035,1,0.005607,1,121.383733767253,1,4.85119173113958,754,1,7.81699991226196,34.943000793457,0.0280349999666214,0,117.051399230957,-86.0344,22.0311,27.8236120139713,63,63,63,63,61,63,0,9004,1.9064526870154,22,-86,0.001869,51,2024-07-01 09:00:19.000966,754,1.037,0.0011,"aoml_navis",1030.6745800017
"7901009",39,0,1,0.031773,1,0.009345,1,121.621000003212,1,4.85113266914286,756,1,7.7810001373291,34.939998626709,0.0317730009555817,0,117.280197143555,-86.0344,22.0311,27.8236120139713,63,63,63,63,61,63,0,9004,1.9064526870154,22,-86,0.001869,51,2024-07-01 09:00:19.000966,756,1.037,0.0011,"aoml_navis",1030.68712834923
"7901009",39,0,1,0.031773,1,0.009345,1,121.971198922891,1,4.85106272501534,758,1,7.72599983215332,34.9360008239746,0.0317730009555817,0,117.617897033691,-86.0344,22.0311,27.8236120139713,63,63,63,63,61,63,0,9004,1.9064526870154,22,-86,0.001869,51,2024-07-01 09:00:19.000966,758,1.037,0.0011,"aoml_navis",1030.70198911604
"7901009",39,0,4,0.022428,1,0,1,122.283650761582,1,4.85100073575648,760,1,7.68599987030029,34.9329986572266,0.0224280003458261,0,117.91919708252,-86.0344,22.0311,27.8236120139713,63,63,63,63,61,63,0,9004,1.9064526870154,22,-86,0.001869,51,2024-07-01 09:00:19.000966,760,1.037,0.0011,"aoml_navis",1030.71516009991
"7901009",39,0,1,0.029904,1,0.007476,1,122.481824914714,1,4.8509343613713,762,1,7.64499998092651,34.9309997558594,0.0299040004611015,0,118.110298156738,-86.0344,22.0311,27.8236120139713,63,63,63,63,61,63,0,9004,1.9064526870154,22,-86,0.001869,51,2024-07-01 09:00:19.000966,762,1.037,0.0011,"aoml_navis",1030.72926317365
"7901009",39,0,1,0.028035,1,0.005607,1,122.614252213307,1,4.85089185487317,764,1,7.6399998664856,34.9300003051758,0.0280349999666214,0,118.237998962402,-86.0344,22.0311,27.8236120139713,63,63,63,63,61,63,0,9004,1.9064526870154,22,-86,0.001869,51,2024-07-01 09:00:19.000966,764,1.037,0.0011,"aoml_navis",1030.73829505744
"7901009",39,0,1,0.031773,1,0.009345,1,122.755596082906,1,4.85083637069289,766,1,7.61800003051758,34.9290008544922,0.0317730009555817,0,118.374298095703,-86.0344,22.0311,27.8236120139713,63,63,63,63,61,63,0,9004,1.9064526870154,22,-86,0.001869,51,2024-07-01 09:00:19.000966,766,1.037,0.0011,"aoml_navis",1030.75008470875
"7901009",39,0,1,0.029904,1,0.007476,1,122.808897714559,1,4.85078866926204,768,1,7.61100006103516,34.9290008544922,0.0299040004611015,0,118.42569732666,-86.0344,22.0311,27.8236120139713,63,63,63,63,61,63,0,9004,1.9064526870154,22,-86,0.001869,51,2024-07-01 09:00:19.000966,768,1.037,0.0011,"aoml_navis",1030.7602208448
"7901009",39,0,1,0.029904,1,0.007476,1,122.88138540184,1,4.85074020746871,770,1,7.60300016403198,34.9290008544922,0.0299040004611015,0,118.495597839355,-86.0344,22.0311,27.8236120139713,63,63,63,63,61,63,0,9004,1.9064526870154,22,-86,0.001869,51,2024-07-01 09:00:19.000966,770,1.037,0.0011,"aoml_navis",1030.77051875536
"7901009",39,0,1,0.031773,1,0.009345,1,122.956879563816,1,4.8506940360268,772,1,7.59800004959106,34.9290008544922,0.0317730009555817,0,118.568397521973,-86.0344,22.0311,27.8236120139713,63,63,63,63,61,63,0,9004,1.9064526870154,22,-86,0.001869,51,2024-07-01 09:00:19.000966,772,1.037,0.0011,"aoml_navis",1030.78033016807
"7901009",39,0,1,0.029904,1,0.007476,1,123.052596224013,1,4.85065015475962,774,1,7.59600019454956,34.9290008544922,0.0299040004611015,0,118.660697937012,-86.0344,22.0311,27.8236120139713,63,63,63,63,61,63,0,9004,1.9064526870154,22,-86,0.001869,51,2024-07-01 09:00:19.000966,774,1.037,0.0011,"aoml_navis",1030.7896550927
"7901009",39,0,1,0.028035,1,0.005607,1,123.269853579691,1,4.85060308507723,776,1,7.58500003814697,34.9280014038086,0.0280349999666214,0,118.87020111084,-86.0344,22.0311,27.8236120139713,63,63,63,63,61,63,0,9004,1.9064526870154,22,-86,0.001869,51,2024-07-01 09:00:19.000966,776,1.037,0.0011,"aoml_navis",1030.79965775439
"7901009",39,0,1,0.026166,1,0.003738,1,123.425715557363,1,4.85054067137485,778,1,7.54899978637695,34.9259986877441,0.0261659994721413,0,119.020500183105,-86.0344,22.0311,27.8236120139713,63,63,63,63,61,63,0,9004,1.9064526870154,22,-86,0.001869,51,2024-07-01 09:00:19.000966,778,1.037,0.0011,"aoml_navis",1030.81292143517
"7901009",39,0,1,0.026166,1,0.003738,1,123.554717057156,1,4.85049045094684,780,1,7.52899980545044,34.923999786377,0.0261659994721413,0,119.144897460938,-86.0344,22.0311,27.8236120139713,63,63,63,63,61,63,0,9004,1.9064526870154,22,-86,0.001869,51,2024-07-01 09:00:19.000966,780,1.037,0.0011,"aoml_navis",1030.82359414273
"7901009",39,0,1,0.031773,1,0.009345,1,123.716283424975,1,4.85043253658637,782,1,7.49399995803833,34.9210014343262,0.0317730009555817,0,119.30069732666,-86.0344,22.0311,27.8236120139713,63,63,63,63,61,63,0,9004,1.9064526870154,22,-86,0.001869,51,2024-07-01 09:00:19.000966,782,1.037,0.0011,"aoml_navis",1030.83590221809
"7901009",39,0,1,0.028035,1,0.005607,1,123.872256167504,1,4.85038074354231,784,1,7.46700000762939,34.9179992675781,0.0280349999666214,0,119.451103210449,-86.0344,22.0311,27.8236120139713,63,63,63,63,61,63,0,9004,1.9064526870154,22,-86,0.001869,51,2024-07-01 09:00:19.000966,784,1.037,0.0011,"aoml_navis",1030.84690962805
"7901009",39,0,1,0.028035,1,0.005607,1,124.107449518277,1,4.85033263949675,786,1,7.44000005722046,34.9140014648438,0.0280349999666214,0,119.67790222168,-86.0344,22.0311,27.8236120139713,63,63,63,63,61,63,0,9004,1.9064526870154,22,-86,0.001869,51,2024-07-01 09:00:19.000966,786,1.037,0.0011,"aoml_navis",1030.85713323752
"7901009",39,0,1,0.029904,1,0.007476,1,124.506804299239,1,4.85027109292865,788,1,7.40000009536743,34.9109992980957,0.0299040004611015,0,120.063003540039,-86.0344,22.0311,27.8236120139713,63,63,63,63,61,63,0,9004,1.9064526870154,22,-86,0.001869,51,2024-07-01 09:00:19.000966,788,1.037,0.0011,"aoml_navis",1030.87021409786
"7901009",39,0,1,0.031773,1,0.009345,1,124.842271492907,1,4.85020358007163,790,1,7.35200023651123,34.9080009460449,0.0317730009555817,0,120.386497497559,-86.0344,22.0311,27.8236120139713,63,63,63,63,61,63,0,9004,1.9064526870154,22,-86,0.001869,51,2024-07-01 09:00:19.000966,790,1.037,0.0011,"aoml_navis",1030.88456339108
"7901009",39,0,1,0.029904,1,0.007476,1,125.181480956393,1,4.85014376044299,792,1,7.31899976730347,34.9059982299805,0.0299040004611015,0,120.713600158691,-86.0344,22.0311,27.8236120139713,63,63,63,63,61,63,0,9004,1.9064526870154,22,-86,0.001869,51,2024-07-01 09:00:19.000966,792,1.037,0.0011,"aoml_navis",1030.89727788673
"7901009",39,0,1,0.029904,1,0.007476,1,125.580005000926,1,4.85009071742644,794,1,7.29500007629395,34.9039993286133,0.0299040004611015,0,121.097900390625,-86.0344,22.0311,27.8236120139713,63,63,63,63,61,63,0,9004,1.9064526870154,22,-86,0.001869,51,2024-07-01 09:00:19.000966,794,1.037,0.0011,"aoml_navis",1030.90855229469
"7901009",39,0,1,0.028035,1,0.005607,1,126.018349011632,1,4.85001456871239,796,1,7.24499988555908,34.9029998779297,0.0280349999666214,0,121.520599365234,-86.0344,22.0311,27.8236120139713,63,63,63,63,61,63,0,9004,1.9064526870154,22,-86,0.001869,51,2024-07-01 09:00:19.000966,796,1.037,0.0011,"aoml_navis",1030.92473829979
"7901009",39,0,1,0.029904,1,0.007476,1,126.399348473396,1,4.8499548787909,798,1,7.21199989318848,34.9010009765625,0.0299040004611015,0,121.888000488281,-86.0344,22.0311,27.8236120139713,63,63,63,63,61,63,0,9004,1.9064526870154,22,-86,0.001869,51,2024-07-01 09:00:19.000966,798,1.037,0.0011,"aoml_navis",1030.93742621509
"7901009",39,0,1,0.031773,1,0.009345,1,126.782523673427,1,4.84990273221519,800,1,7.19399976730347,34.9000015258789,0.0317730009555817,0,122.257499694824,-86.0344,22.0311,27.8236120139713,63,63,63,63,61,63,0,9004,1.9064526870154,22,-86,0.001869,51,2024-07-01 09:00:19.000966,800,1.037,0.0011,"aoml_navis",1030.9485109439
"7901009",39,0,1,0.029904,1,0.007476,1,127.286511685592,1,4.84982534594754,802,1,7.14699983596802,34.9000015258789,0.0299040004611015,0,122.743499755859,-86.0344,22.0311,27.8236120139713,63,63,63,63,61,63,0,9004,1.9064526870154,22,-86,0.001869,51,2024-07-01 09:00:19.000966,802,1.037,0.0011,"aoml_navis",1030.96496128009
"7901009",39,0,1,0.029904,1,0.007476,1,127.508642694989,1,4.84976731809028,804,1,7.12099981307983,34.898998260498,0.0299040004611015,0,122.957702636719,-86.0344,22.0311,27.8236120139713,63,63,63,63,61,63,0,9004,1.9064526870154,22,-86,0.001869,51,2024-07-01 09:00:19.000966,804,1.037,0.0011,"aoml_navis",1030.97729685903
"7901009",39,0,1,0.028035,1,0.005607,1,127.751193996992,1,4.84971378119556,806,1,7.10599994659424,34.898998260498,0.0280349999666214,0,123.191596984863,-86.0344,22.0311,27.8236120139713,63,63,63,63,61,63,0,9004,1.9064526870154,22,-86,0.001869,51,2024-07-01 09:00:19.000966,806,1.037,0.0011,"aoml_navis",1030.98867800965
"7901009",39,0,1,0.029904,1,0.007476,1,128.055662854187,1,4.84965800138951,808,1,7.08300018310547,34.8979988098145,0.0299040004611015,0,123.485198974609,-86.0344,22.0311,27.8236120139713,63,63,63,63,61,63,0,9004,1.9064526870154,22,-86,0.001869,51,2024-07-01 09:00:19.000966,808,1.037,0.0011,"aoml_navis",1031.00053623728
"7901009",39,0,1,0.031773,1,0.009345,1,128.407420393643,1,4.84961112186346,810,1,7.07200002670288,34.8969993591309,0.0317730009555817,0,123.824401855469,-86.0344,22.0311,27.8236120139713,63,63,63,63,61,63,0,9004,1.9064526870154,22,-86,0.001869,51,2024-07-01 09:00:19.000966,810,1.037,0.0011,"aoml_navis",1031.01050256557
"7901009",39,0,1,0.029904,1,0.007476,1,129.066233940887,1,4.84956427097255,812,1,7.06599998474121,34.8969993591309,0.0299040004611015,0,124.459701538086,-86.0344,22.0311,27.8236120139713,63,63,63,63,61,63,0,9004,1.9064526870154,22,-86,0.001869,51,2024-07-01 09:00:19.000966,812,1.037,0.0011,"aoml_navis",1031.02046299868
"7901009",39,0,1,0.033642,1,0.011214,1,130.311373348094,1,4.84950479241702,814,1,7.02799987792969,34.8940010070801,0.0336420014500618,0,125.660400390625,-86.0344,22.0311,27.8236120139713,63,63,63,63,61,63,0,9004,1.9064526870154,22,-86,0.001869,51,2024-07-01 09:00:19.000966,814,1.037,0.0011,"aoml_navis",1031.03310833269
"7901009",39,0,1,0.029904,1,0.007476,1,131.458311797593,1,4.84935141123761,816,1,6.87200021743774,34.8930015563965,0.0299040004611015,0,126.766403198242,-86.0344,22.0311,27.8236120139713,63,63,63,63,61,63,0,9004,1.9064526870154,22,-86,0.001869,51,2024-07-01 09:00:19.000966,816,1.037,0.0011,"aoml_navis",1031.06571910076
"7901009",39,0,1,0.035511,1,0.013083,1,131.789736073972,1,4.84928340729404,818,1,6.83699989318848,34.8930015563965,0.0355109982192516,0,127.085998535156,-86.0344,22.0311,27.8236120139713,63,63,63,63,61,63,0,9004,1.9064526870154,22,-86,0.001869,51,2024-07-01 09:00:19.000966,818,1.037,0.0011,"aoml_navis",1031.08017825464
"7901009",39,0,1,0.029904,1,0.007476,1,132.007721312998,1,4.84922929477362,820,1,6.82100009918213,34.8930015563965,0.0299040004611015,0,127.296203613281,-86.0344,22.0311,27.8236120139713,63,63,63,63,61,63,0,9004,1.9064526870154,22,-86,0.001869,51,2024-07-01 09:00:19.000966,820,1.037,0.0011,"aoml_navis",1031.09168407212
"7901009",39,0,1,0.033642,1,0.011214,1,132.101673647254,1,4.84917810500252,822,1,6.80900001525879,34.8930015563965,0.0336420014500618,0,127.38680267334,-86.0344,22.0311,27.8236120139713,63,63,63,63,61,63,0,9004,1.9064526870154,22,-86,0.001869,51,2024-07-01 09:00:19.000966,822,1.037,0.0011,"aoml_navis",1031.10256866868
"7901009",39,0,1,0.031773,1,0.009345,1,132.201013900637,1,4.84913566196486,824,1,6.80900001525879,34.8930015563965,0.0317730009555817,0,127.482597351074,-86.0344,22.0311,27.8236120139713,63,63,63,63,61,63,0,9004,1.9064526870154,22,-86,0.001869,51,2024-07-01 09:00:19.000966,824,1.037,0.0011,"aoml_navis",1031.11159360182
"7901009",39,0,1,0.031773,1,0.009345,1,132.384875651861,1,4.84909322145511,826,1,6.80900001525879,34.8930015563965,0.0317730009555817,0,127.659896850586,-86.0344,22.0311,27.8236120139713,63,63,63,63,61,63,0,9004,1.9064526870154,22,-86,0.001869,51,2024-07-01 09:00:19.000966,826,1.037,0.0011,"aoml_navis",1031.12061815541
"7901009",39,0,1,0.029904,1,0.007476,1,132.70428194123,1,4.84904568074382,828,1,6.80200004577637,34.8930015563965,0.0299040004611015,0,127.967903137207,-86.0344,22.0311,27.8236120139713,63,63,63,63,61,63,0,9004,1.9064526870154,22,-86,0.001869,51,2024-07-01 09:00:19.000966,828,1.037,0.0011,"aoml_navis",1031.13072740388
"7901009",39,0,4,0.024297,1,0.001869,1,133.167714192098,1,4.84898576241837,830,1,6.77799987792969,34.8930015563965,0.0242970008403063,0,128.414794921875,-86.0344,22.0311,27.8236120139713,63,63,63,63,61,63,0,9004,1.9064526870154,22,-86,0.001869,51,2024-07-01 09:00:19.000966,830,1.037,0.0011,"aoml_navis",1031.14346896047
"7901009",39,0,1,0.028035,1,0.005607,1,133.617577747956,1,4.8489193874417,832,1,6.73999977111816,34.8919982910156,0.0280349999666214,0,128.848602294922,-86.0344,22.0311,27.8236120139713,63,63,63,63,61,63,0,9004,1.9064526870154,22,-86,0.001869,51,2024-07-01 09:00:19.000966,832,1.037,0.0011,"aoml_navis",1031.15758388345
"7901009",39,0,1,0.031773,1,0.009345,1,133.928890290973,1,4.84886242757859,834,1,6.71999979019165,34.8919982910156,0.0317730009555817,0,129.148803710938,-86.0344,22.0311,27.8236120139713,63,63,63,63,61,63,0,9004,1.9064526870154,22,-86,0.001869,51,2024-07-01 09:00:19.000966,834,1.037,0.0011,"aoml_navis",1031.16969695032
"7901009",39,0,1,0.029904,1,0.007476,1,134.335919494185,1,4.84881785853302,836,1,6.71199989318848,34.890998840332,0.0299040004611015,0,129.541305541992,-86.0344,22.0311,27.8236120139713,63,63,63,63,61,63,0,9004,1.9064526870154,22,-86,0.001869,51,2024-07-01 09:00:19.000966,836,1.037,0.0011,"aoml_navis",1031.17917518822
"7901009",39,0,1,0.031773,1,0.009345,1,134.927941832521,1,4.84875874585882,838,1,6.68900012969971,34.890998840332,0.0317730009555817,0,130.112197875977,-86.0344,22.0311,27.8236120139713,63,63,63,63,61,63,0,9004,1.9064526870154,22,-86,0.001869,51,2024-07-01 09:00:19.000966,838,1.037,0.0011,"aoml_navis",1031.19174660326
"7901009",39,0,1,0.029904,1,0.007476,1,135.667645372643,1,4.84869393325559,840,1,6.65299987792969,34.8899993896484,0.0299040004611015,0,130.825500488281,-86.0344,22.0311,27.8236120139713,63,63,63,63,61,63,0,9004,1.9064526870154,22,-86,0.001869,51,2024-07-01 09:00:19.000966,840,1.037,0.0011,"aoml_navis",1031.20553056704
"7901009",39,0,1,0.028035,1,0.005607,1,136.550662814469,1,4.84862845309852,842,1,6.61600017547607,34.8889999389648,0.0280349999666214,0,131.677001953125,-86.0344,22.0311,27.8236120139713,63,63,63,63,61,63,0,9004,1.9064526870154,22,-86,0.001869,51,2024-07-01 09:00:19.000966,842,1.037,0.0011,"aoml_navis",1031.21945687646
"7901009",39,0,1,0.035511,1,0.013083,1,137.386083014788,1,4.8485436255266,844,1,6.55200004577637,34.8880004882812,0.0355109982192516,0,132.482604980469,-86.0344,22.0311,27.8236120139713,63,63,63,63,61,63,0,9004,1.9064526870154,22,-86,0.001869,51,2024-07-01 09:00:19.000966,844,1.037,0.0011,"aoml_navis",1031.23749855029
"7901009",39,0,1,0.031773,1,0.009345,1,137.996460672321,1,4.84845757052895,846.099975585938,1,6.48899984359741,34.8870010375977,0.0317730009555817,0,133.071197509766,-86.0344,22.0311,27.8236120139713,63,63,63,63,61,63,0,9004,1.9064526870154,22,-86,0.001869,51,2024-07-01 09:00:19.000966,846.099975585938,1.037,0.0011,"aoml_navis",1031.255801926
"7901009",39,0,1,0.031773,1,0.009345,1,138.40587923174,1,4.84839662757178,848.099975585938,1,6.45800018310547,34.8860015869141,0.0317730009555817,0,133.466003417969,-86.0344,22.0311,27.8236120139713,63,63,63,63,61,63,0,9004,1.9064526870154,22,-86,0.001869,51,2024-07-01 09:00:19.000966,848.099975585938,1.037,0.0011,"aoml_navis",1031.26876451611
"7901009",39,0,1,0.029904,1,0.007476,1,138.785011514482,1,4.84832407678193,850,1,6.41800022125244,34.8870010375977,0.0299040004611015,0,133.831604003906,-86.0344,22.0311,27.8236120139713,63,63,63,63,61,63,0,9004,1.9064526870154,22,-86,0.001869,51,2024-07-01 09:00:19.000966,850,1.037,0.0011,"aoml_navis",1031.28419652152
"7901009",39,0,1,0.029904,1,0.007476,1,138.995939449747,1,4.84826937209169,852,1,6.4060001373291,34.8880004882812,0.0299040004611015,0,134.035003662109,-86.0344,22.0311,27.8236120139713,63,63,63,63,61,63,0,9004,1.9064526870154,22,-86,0.001869,51,2024-07-01 09:00:19.000966,852,1.037,0.0011,"aoml_navis",1031.29583285568
"7901009",39,0,1,0.031773,1,0.009345,1,139.194525015207,1,4.84820078749725,854,1,6.3899998664856,34.8919982910156,0.0317730009555817,0,134.226501464844,-86.0344,22.0311,27.8236120139713,63,63,63,63,61,63,0,9004,1.9064526870154,22,-86,0.001869,51,2024-07-01 09:00:19.000966,854,1.037,0.0011,"aoml_navis",1031.3104219805
"7901009",39,0,1,0.033642,1,0.011214,1,139.430438337553,1,4.84815034502557,856,1,6.38399982452393,34.8930015563965,0.0336420014500618,0,134.453994750977,-86.0344,22.0311,27.8236120139713,63,63,63,63,61,63,0,9004,1.9064526870154,22,-86,0.001869,51,2024-07-01 09:00:19.000966,856,1.037,0.0011,"aoml_navis",1031.32115222669
"7901009",39,0,1,0.028035,1,0.005607,1,139.689390750202,1,4.84810217744706,858,1,6.37599992752075,34.8930015563965,0.0280349999666214,0,134.703704833984,-86.0344,22.0311,27.8236120139713,63,63,63,63,61,63,0,9004,1.9064526870154,22,-86,0.001869,51,2024-07-01 09:00:19.000966,858,1.037,0.0011,"aoml_navis",1031.33139876044
"7901009",39,0,1,0.028035,1,0.005607,1,139.994785285132,1,4.84804749076073,860,1,6.36399984359741,34.8940010070801,0.0280349999666214,0,134.998199462891,-86.0344,22.0311,27.8236120139713,63,63,63,63,61,63,0,9004,1.9064526870154,22,-86,0.001869,51,2024-07-01 09:00:19.000966,860,1.037,0.0011,"aoml_navis",1031.34303232979
"7901009",39,0,1,0.028035,1,0.005607,1,140.331510451106,1,4.84799861929452,862,1,6.35500001907349,34.8940010070801,0.0280349999666214,0,135.322906494141,-86.0344,22.0311,27.8236120139713,63,63,63,63,61,63,0,9004,1.9064526870154,22,-86,0.001869,51,2024-07-01 09:00:19.000966,862,1.037,0.0011,"aoml_navis",1031.35342904194
"7901009",39,0,1,0.029904,1,0.007476,1,140.70959837948,1,4.84793613826541,864,1,6.33199977874756,34.8950004577637,0.0299040004611015,0,135.6875,-86.0344,22.0311,27.8236120139713,63,63,63,63,61,63,0,9004,1.9064526870154,22,-86,0.001869,51,2024-07-01 09:00:19.000966,864,1.037,0.0011,"aoml_navis",1031.36672130112
"7901009",39,0,1,0.028035,1,0.005607,1,140.922915670951,1,4.84787580182298,866,1,6.31199979782104,34.8959999084473,0.0280349999666214,0,135.893203735352,-86.0344,22.0311,27.8236120139713,63,63,63,63,61,63,0,9004,1.9064526870154,22,-86,0.001869,51,2024-07-01 09:00:19.000966,866,1.037,0.0011,"aoml_navis",1031.37955764457
"7901009",39,0,1,0.029904,1,0.007476,1,141.053365025664,1,4.84781972601438,868,1,6.2979998588562,34.8969993591309,0.0299040004611015,0,136.018997192383,-86.0344,22.0311,27.8236120139713,63,63,63,63,61,63,0,9004,1.9064526870154,22,-86,0.001869,51,2024-07-01 09:00:19.000966,868,1.037,0.0011,"aoml_navis",1031.39148784122
"7901009",39,0,1,0.029904,1,0.007476,1,140.965844964903,1,4.84777370544941,870,1,6.29300022125244,34.8969993591309,0.0299040004611015,0,135.934600830078,-86.0344,22.0311,27.8236120139713,63,63,63,63,61,63,0,9004,1.9064526870154,22,-86,0.001869,51,2024-07-01 09:00:19.000966,870,1.037,0.0011,"aoml_navis",1031.40127897873
"7901009",39,0,1,0.029904,1,0.007476,1,140.90756682645,1,4.84772910184033,872,1,6.28999996185303,34.8969993591309,0.0299040004611015,0,135.878402709961,-86.0344,22.0311,27.8236120139713,63,63,63,63,61,63,0,9004,1.9064526870154,22,-86,0.001869,51,2024-07-01 09:00:19.000966,872,1.037,0.0011,"aoml_navis",1031.41076882821
"7901009",39,0,1,0.031773,1,0.009345,1,140.839335674397,1,4.84767728165379,874,1,6.28200006484985,34.8979988098145,0.0317730009555817,0,135.812606811523,-86.0344,22.0311,27.8236120139713,63,63,63,63,61,63,0,9004,1.9064526870154,22,-86,0.001869,51,2024-07-01 09:00:19.000966,874,1.037,0.0011,"aoml_navis",1031.42179429367
"7901009",39,0,1,0.028035,1,0.005607,1,140.813195168091,1,4.84761455363407,876,1,6.26900005340576,34.9010009765625,0.0280349999666214,0,135.787399291992,-86.0344,22.0311,27.8236120139713,63,63,63,63,61,63,0,9004,1.9064526870154,22,-86,0.001869,51,2024-07-01 09:00:19.000966,876,1.037,0.0011,"aoml_navis",1031.43514086773
"7901009",39,0,1,0.033642,1,0.011214,1,140.799507796448,1,4.84756344697486,878,1,6.26200008392334,34.9020004272461,0.0336420014500618,0,135.774200439453,-86.0344,22.0311,27.8236120139713,63,63,63,63,61,63,0,9004,1.9064526870154,22,-86,0.001869,51,2024-07-01 09:00:19.000966,878,1.037,0.0011,"aoml_navis",1031.44601503262
"7901009",39,0,1,0.029904,1,0.007476,1,140.882154203491,1,4.84751460855666,880,1,6.25299978256226,34.9020004272461,0.0299040004611015,0,135.853897094727,-86.0344,22.0311,27.8236120139713,63,63,63,63,61,63,0,9004,1.9064526870154,22,-86,0.001869,51,2024-07-01 09:00:19.000966,880,1.037,0.0011,"aoml_navis",1031.4564067892
"7901009",39,0,1,0.031773,1,0.009345,1,141.045801368271,1,4.84745997443505,882,1,6.24100017547607,34.9029998779297,0.0317730009555817,0,136.011703491211,-86.0344,22.0311,27.8236120139713,63,63,63,63,61,63,0,9004,1.9064526870154,22,-86,0.001869,51,2024-07-01 09:00:19.000966,882,1.037,0.0011,"aoml_navis",1031.46803199396
"7901009",39,0,1,0.033642,1,0.011214,1,141.194194629855,1,4.84740110971531,884,1,6.22300004959106,34.9039993286133,0.0336420014500618,0,136.154800415039,-86.0344,22.0311,27.8236120139713,63,63,63,63,61,63,0,9004,1.9064526870154,22,-86,0.001869,51,2024-07-01 09:00:19.000966,884,1.037,0.0011,"aoml_navis",1031.48055769077
"7901009",39,0,1,0.031773,1,0.009345,1,141.276841036898,1,4.84734507724056,886,1,6.20900011062622,34.9049987792969,0.0317730009555817,0,136.234497070312,-86.0344,22.0311,27.8236120139713,63,63,63,63,61,63,0,9004,1.9064526870154,22,-86,0.001869,51,2024-07-01 09:00:19.000966,886,1.037,0.0011,"aoml_navis",1031.49248100289
"7901009",39,0,1,0.029904,1,0.007476,1,141.39776461389,1,4.84729837092617,888,1,6.20300006866455,34.9049987792969,0.0299040004611015,0,136.351104736328,-86.0344,22.0311,27.8236120139713,63,63,63,63,61,63,0,9004,1.9064526870154,22,-86,0.001869,51,2024-07-01 09:00:19.000966,888,1.037,0.0011,"aoml_navis",1031.50241998506
"7901009",39,0,1,0.026166,1,0.003738,1,141.488813326532,1,4.8472509616555,890,1,6.19600009918213,34.9049987792969,0.0261659994721413,0,136.438903808594,-86.0344,22.0311,27.8236120139713,63,63,63,63,61,63,0,9004,1.9064526870154,22,-86,0.001869,51,2024-07-01 09:00:19.000966,890,1.037,0.0011,"aoml_navis",1031.51250875039
"7901009",39,0,1,0.028035,1,0.005607,1,141.66592633324,1,4.84720637417031,892,1,6.19299983978271,34.9049987792969,0.0280349999666214,0,136.60969543457,-86.0344,22.0311,27.8236120139713,63,63,63,63,61,63,0,9004,1.9064526870154,22,-86,0.001869,51,2024-07-01 09:00:19.000966,892,1.037,0.0011,"aoml_navis",1031.52199721553
"7901009",39,0,1,0.031773,1,0.009345,1,141.969358747842,1,4.84716037889554,894,1,6.18800020217896,34.9049987792969,0.0317730009555817,0,136.902297973633,-86.0344,22.0311,27.8236120139713,63,63,63,63,61,63,0,9004,1.9064526870154,22,-86,0.001869,51,2024-07-01 09:00:19.000966,894,1.037,0.0011,"aoml_navis",1031.53178544905
"7901009",39,0,1,0.029904,1,0.007476,1,142.402939869687,1,4.84711227040263,896,1,6.17999982833862,34.9049987792969,0.0299040004611015,0,137.320404052734,-86.0344,22.0311,27.8236120139713,63,63,63,63,61,63,0,9004,1.9064526870154,22,-86,0.001869,51,2024-07-01 09:00:19.000966,896,1.037,0.0011,"aoml_navis",1031.54202359432
"7901009",39,0,1,0.029904,1,0.007476,1,143.036024322952,1,4.84705993829708,898,1,6.16599988937378,34.9049987792969,0.0299040004611015,0,137.930892944336,-86.0344,22.0311,27.8236120139713,63,63,63,63,61,63,0,9004,1.9064526870154,22,-86,0.001869,51,2024-07-01 09:00:19.000966,898,1.037,0.0011,"aoml_navis",1031.55316081291
"7901009",39,0,1,0.033642,1,0.011214,1,143.803213371219,1,4.84698143767153,900,1,6.11999988555908,34.9059982299805,0.0336420014500618,0,138.670700073242,-86.0344,22.0311,27.8236120139713,63,63,63,63,61,63,0,9004,1.9064526870154,22,-86,0.001869,51,2024-07-01 09:00:19.000966,900,1.037,0.0011,"aoml_navis",1031.56986761682
"7901009",39,0,4,0.024297,1,0.001869,1,144.426772046762,1,4.84692352323852,902,1,6.09800004959106,34.9059982299805,0.0242970008403063,0,139.272003173828,-86.0344,22.0311,27.8236120139713,63,63,63,63,61,63,0,9004,1.9064526870154,22,-86,0.001869,51,2024-07-01 09:00:19.000966,902,1.037,0.0011,"aoml_navis",1031.58219353525
"7901009",39,0,1,0.029904,1,0.007476,1,145.065458037093,1,4.84686282542204,904,1,6.07200002670288,34.9059982299805,0.0299040004611015,0,139.887893676758,-86.0344,22.0311,27.8236120139713,63,63,63,63,61,63,0,9004,1.9064526870154,22,-86,0.001869,51,2024-07-01 09:00:19.000966,904,1.037,0.0011,"aoml_navis",1031.59511215683
"7901009",39,0,1,0.033642,1,0.011214,1,145.562602363436,1,4.84677452513261,906,1,6.01700019836426,34.9080009460449,0.0336420014500618,0,140.367294311523,-86.0344,22.0311,27.8236120139713,63,63,63,63,61,63,0,9004,1.9064526870154,22,-86,0.001869,51,2024-07-01 09:00:19.000966,906,1.037,0.0011,"aoml_navis",1031.61390612929
"7901009",39,0,1,0.031773,1,0.009345,1,145.786394845691,1,4.84672436528592,908,1,6.00600004196167,34.9080009460449,0.0317730009555817,0,140.583099365234,-86.0344,22.0311,27.8236120139713,63,63,63,63,61,63,0,9004,1.9064526870154,22,-86,0.001869,51,2024-07-01 09:00:19.000966,908,1.037,0.0011,"aoml_navis",1031.62458253494
"7901009",39,0,1,0.035511,1,0.013083,1,146.005820027861,1,4.84667699822306,910,1,5.99900007247925,34.9080009460449,0.0355109982192516,0,140.794692993164,-86.0344,22.0311,27.8236120139713,63,63,63,63,61,63,0,9004,1.9064526870154,22,-86,0.001869,51,2024-07-01 09:00:19.000966,910,1.037,0.0011,"aoml_navis",1031.63466470597
"7901009",39,0,1,0.029904,1,0.007476,1,146.328129938845,1,4.84662754232428,912,1,5.98899984359741,34.9080009460449,0.0299040004611015,0,141.105499267578,-86.0344,22.0311,27.8236120139713,63,63,63,63,61,63,0,9004,1.9064526870154,22,-86,0.001869,51,2024-07-01 09:00:19.000966,912,1.037,0.0011,"aoml_navis",1031.64519170008
"7901009",39,0,1,0.031773,1,0.009345,1,146.677498122094,1,4.84657669738688,914,1,5.97700023651123,34.9080009460449,0.0317730009555817,0,141.442398071289,-86.0344,22.0311,27.8236120139713,63,63,63,63,61,63,0,9004,1.9064526870154,22,-86,0.001869,51,2024-07-01 09:00:19.000966,914,1.037,0.0011,"aoml_navis",1031.65601458362
"7901009",39,0,1,0.031773,1,0.009345,1,147.055807580183,1,4.84652008853152,916,1,5.96199989318848,34.9090003967285,0.0317730009555817,0,141.807205200195,-86.0344,22.0311,27.8236120139713,63,63,63,63,61,63,0,9004,1.9064526870154,22,-86,0.001869,51,2024-07-01 09:00:19.000966,916,1.037,0.0011,"aoml_navis",1031.66806464532
"7901009",39,0,1,0.028035,1,0.005607,1,147.409638004824,1,4.84646786360409,918,1,5.94799995422363,34.9090003967285,0.0280349999666214,0,142.148406982422,-86.0344,22.0311,27.8236120139713,63,63,63,63,61,63,0,9004,1.9064526870154,22,-86,0.001869,51,2024-07-01 09:00:19.000966,918,1.037,0.0011,"aoml_navis",1031.67918177048
"7901009",39,0,4,0.024297,1,0.001869,1,147.933112720085,1,4.84642558225515,920,1,5.94299983978271,34.9080009460449,0.0242970008403063,0,142.653198242188,-86.0344,22.0311,27.8236120139713,63,63,63,63,61,63,0,9004,1.9064526870154,22,-86,0.001869,51,2024-07-01 09:00:19.000966,920,1.037,0.0011,"aoml_navis",1031.68818238067
"7901009",39,0,1,0.033642,1,0.011214,1,148.816130161911,1,4.84635996247822,922,1,5.91499996185303,34.9090003967285,0.0336420014500618,0,143.504699707031,-86.0344,22.0311,27.8236120139713,63,63,63,63,61,63,0,9004,1.9064526870154,22,-86,0.001869,51,2024-07-01 09:00:19.000966,922,1.037,0.0011,"aoml_navis",1031.70215145208
"7901009",39,0,1,0.031773,1,0.009345,1,149.697486130878,1,4.84629251114535,924,1,5.87900018692017,34.9090003967285,0.0317730009555817,0,144.354598999023,-86.0344,22.0311,27.8236120139713,63,63,63,63,61,63,0,9004,1.9064526870154,22,-86,0.001869,51,2024-07-01 09:00:19.000966,924,1.037,0.0011,"aoml_navis",1031.71651081753
"7901009",39,0,1,0.029904,1,0.007476,1,150.499407873661,1,4.84620946160214,926,1,5.83099985122681,34.9109992980957,0.0299040004611015,0,145.127899169922,-86.0344,22.0311,27.8236120139713,63,63,63,63,61,63,0,9004,1.9064526870154,22,-86,0.001869,51,2024-07-01 09:00:19.000966,926,1.037,0.0011,"aoml_navis",1031.73419135437
"7901009",39,0,1,0.026166,1,0.003738,1,151.334622367817,1,4.84615615403621,928,1,5.80999994277954,34.9099998474121,0.0261659994721413,0,145.933303833008,-86.0344,22.0311,27.8236120139713,63,63,63,63,61,63,0,9004,1.9064526870154,22,-86,0.001869,51,2024-07-01 09:00:19.000966,928,1.037,0.0011,"aoml_navis",1031.74554039817
"7901009",39,0,1,0.029904,1,0.007476,1,152.25651827453,1,4.84609068053587,930,1,5.78200006484985,34.9109992980957,0.0299040004611015,0,146.822296142578,-86.0344,22.0311,27.8236120139713,63,63,63,63,61,63,0,9004,1.9064526870154,22,-86,0.001869,51,2024-07-01 09:00:19.000966,930,1.037,0.0011,"aoml_navis",1031.75947987979
"7901009",39,0,1,0.029904,1,0.007476,1,153.381984165278,1,4.84599178170657,932,1,5.71600008010864,34.9140014648438,0.0299040004611015,0,147.907592773438,-86.0344,22.0311,27.8236120139713,63,63,63,63,61,63,0,9004,1.9064526870154,22,-86,0.001869,51,2024-07-01 09:00:19.000966,932,1.037,0.0011,"aoml_navis",1031.78053641668
"7901009",39,0,1,0.029904,1,0.007476,1,153.909731239318,1,4.84592292000409,934.099975585938,1,5.68599987030029,34.9150009155273,0.0299040004611015,0,148.41650390625,-86.0344,22.0311,27.8236120139713,63,63,63,63,61,63,0,9004,1.9064526870154,22,-86,0.001869,51,2024-07-01 09:00:19.000966,934.099975585938,1.037,0.0011,"aoml_navis",1031.79519826035
"7901009",39,0,1,0.031773,1,0.009345,1,154.431655246579,1,4.8458807408219,936,1,5.67799997329712,34.9140014648438,0.0317730009555817,0,148.919799804688,-86.0344,22.0311,27.8236120139713,63,63,63,63,61,63,0,9004,1.9064526870154,22,-86,0.001869,51,2024-07-01 09:00:19.000966,936,1.037,0.0011,"aoml_navis",1031.80417914122
"7901009",39,0,1,0.029904,1,0.007476,1,155.306681795133,1,4.84582797283737,938,1,5.66300010681152,34.9140014648438,0.0299040004611015,0,149.763595581055,-86.0344,22.0311,27.8236120139713,63,63,63,63,61,63,0,9004,1.9064526870154,22,-86,0.001869,51,2024-07-01 09:00:19.000966,938,1.037,0.0011,"aoml_navis",1031.81541483247
"7901009",39,0,1,0.031773,1,0.009345,1,156.338614675727,1,4.84574534489312,940,1,5.61499977111816,34.9160003662109,0.0317730009555817,0,150.758697509766,-86.0344,22.0311,27.8236120139713,63,63,63,63,61,63,0,9004,1.9064526870154,22,-86,0.001869,51,2024-07-01 09:00:19.000966,940,1.037,0.0011,"aoml_navis",1031.8330089858
"7901009",39,0,1,0.029904,1,0.007476,1,157.026670145279,1,4.84567804602559,942,1,5.58400011062622,34.9169998168945,0.0299040004611015,0,151.42219543457,-86.0344,22.0311,27.8236120139713,63,63,63,63,61,63,0,9004,1.9064526870154,22,-86,0.001869,51,2024-07-01 09:00:19.000966,942,1.037,0.0011,"aoml_navis",1031.84733952785
"7901009",39,0,1,0.031773,1,0.009345,1,157.585732026813,1,4.84561117362176,944,1,5.55900001525879,34.9189987182617,0.0317730009555817,0,151.961303710938,-86.0344,22.0311,27.8236120139713,63,63,63,63,61,63,0,9004,1.9064526870154,22,-86,0.001869,51,2024-07-01 09:00:19.000966,944,1.037,0.0011,"aoml_navis",1031.8615796535
"7901009",39,0,1,0.031773,1,0.009345,1,158.0038535393,1,4.84555643503458,946,1,5.54099988937378,34.9189987182617,0.0317730009555817,0,152.364501953125,-86.0344,22.0311,27.8236120139713,63,63,63,63,61,63,0,9004,1.9064526870154,22,-86,0.001869,51,2024-07-01 09:00:19.000966,946,1.037,0.0011,"aoml_navis",1031.87323623944
"7901009",39,0,1,0.028035,1,0.005607,1,158.334138520004,1,4.8455000577695,948,1,5.52600002288818,34.9199981689453,0.0280349999666214,0,152.682998657227,-86.0344,22.0311,27.8236120139713,63,63,63,63,61,63,0,9004,1.9064526870154,22,-86,0.001869,51,2024-07-01 09:00:19.000966,948,1.037,0.0011,"aoml_navis",1031.88524205727
"7901009",39,0,1,0.028035,1,0.005607,1,158.563532539324,1,4.8454470593662,950,1,5.51599979400635,34.9210014343262,0.0280349999666214,0,152.904205322266,-86.0344,22.0311,27.8236120139713,63,63,63,63,61,63,0,9004,1.9064526870154,22,-86,0.001869,51,2024-07-01 09:00:19.000966,950,1.037,0.0011,"aoml_navis",1031.89652858451
"7901009",39,0,1,0.031773,1,0.009345,1,158.773210414058,1,4.84540416632569,952,1,5.51000022888184,34.9199981689453,0.0317730009555817,0,153.106399536133,-86.0344,22.0311,27.8236120139713,63,63,63,63,61,63,0,9004,1.9064526870154,22,-86,0.001869,51,2024-07-01 09:00:19.000966,952,1.037,0.0011,"aoml_navis",1031.90566325689
"7901009",39,0,1,0.031773,1,0.009345,1,159.168625130813,1,4.84535960924734,954,1,5.50699996948242,34.9199981689453,0.0317730009555817,0,153.487701416016,-86.0344,22.0311,27.8236120139713,63,63,63,63,61,63,0,9004,1.9064526870154,22,-86,0.001869,51,2024-07-01 09:00:19.000966,954,1.037,0.0011,"aoml_navis",1031.91515248064
"7901009",39,0,1,0.035511,1,0.013083,1,159.716990291849,1,4.84530828485883,956,1,5.49399995803833,34.9199981689453,0.0355109982192516,0,154.016494750977,-86.0344,22.0311,27.8236120139713,63,63,63,63,61,63,0,9004,1.9064526870154,22,-86,0.001869,51,2024-07-01 09:00:19.000966,956,1.037,0.0011,"aoml_navis",1031.92608313997
"7901009",39,0,1,0.028035,1,0.005607,1,160.263298391251,1,4.84523269670858,958,1,5.45599985122681,34.9220008850098,0.0280349999666214,0,154.543304443359,-86.0344,22.0311,27.8236120139713,63,63,63,63,61,63,0,9004,1.9064526870154,22,-86,0.001869,51,2024-07-01 09:00:19.000966,958,1.037,0.0011,"aoml_navis",1031.9421817236
"7901009",39,0,1,0.031773,1,0.009345,1,160.504291073478,1,4.84518206982429,960,1,5.44399976730347,34.9220008850098,0.0317730009555817,0,154.775695800781,-86.0344,22.0311,27.8236120139713,63,63,63,63,61,63,0,9004,1.9064526870154,22,-86,0.001869,51,2024-07-01 09:00:19.000966,960,1.037,0.0011,"aoml_navis",1031.95296439734
"7901009",39,0,1,0.028035,1,0.005607,1,160.800159830686,1,4.84513481958759,962,1,5.43699979782104,34.9220008850098,0.0280349999666214,0,155.061004638672,-86.0344,22.0311,27.8236120139713,63,63,63,63,61,63,0,9004,1.9064526870154,22,-86,0.001869,51,2024-07-01 09:00:19.000966,962,1.037,0.0011,"aoml_navis",1031.96302810529
"7901009",39,0,1,0.028035,1,0.005607,1,160.998745396146,1,4.84507984403784,964,1,5.42399978637695,34.9230003356934,0.0280349999666214,0,155.252502441406,-86.0344,22.0311,27.8236120139713,63,63,63,63,61,63,0,9004,1.9064526870154,22,-86,0.001869,51,2024-07-01 09:00:19.000966,964,1.037,0.0011,"aoml_navis",1031.97473745511
"7901009",39,0,1,0.031773,1,0.009345,1,161.27034082607,1,4.84503259920293,966,1,5.41699981689453,34.9230003356934,0.0317730009555817,0,155.514404296875,-86.0344,22.0311,27.8236120139713,63,63,63,63,61,63,0,9004,1.9064526870154,22,-86,0.001869,51,2024-07-01 09:00:19.000966,966,1.037,0.0011,"aoml_navis",1031.98480043717
"7901009",39,0,1,0.031773,1,0.009345,1,161.539641841095,1,4.84498535658253,968,1,5.40999984741211,34.9230003356934,0.0317730009555817,0,155.77409362793,-86.0344,22.0311,27.8236120139713,63,63,63,63,61,63,0,9004,1.9064526870154,22,-86,0.001869,51,2024-07-01 09:00:19.000966,968,1.037,0.0011,"aoml_navis",1031.99486314378
"7901009",39,0,1,0.029904,1,0.007476,1,161.800350667909,1,4.8449317400729,970,1,5.39900016784668,34.923999786377,0.0299040004611015,0,156.025497436523,-86.0344,22.0311,27.8236120139713,63,63,63,63,61,63,0,9004,1.9064526870154,22,-86,0.001869,51,2024-07-01 09:00:19.000966,970,1.037,0.0011,"aoml_navis",1032.00628373038
"7901009",39,0,1,0.031773,1,0.009345,1,162.015946550728,1,4.84488248298556,972,1,5.38899993896484,34.923999786377,0.0317730009555817,0,156.2333984375,-86.0344,22.0311,27.8236120139713,63,63,63,63,61,63,0,9004,1.9064526870154,22,-86,0.001869,51,2024-07-01 09:00:19.000966,972,1.037,0.0011,"aoml_navis",1032.01677596086
"7901009",39,0,1,0.028035,1,0.005607,1,162.287225509632,1,4.8448312115873,974,1,5.37599992752075,34.923999786377,0.0280349999666214,0,156.494995117188,-86.0344,22.0311,27.8236120139713,63,63,63,63,61,63,0,9004,1.9064526870154,22,-86,0.001869,51,2024-07-01 09:00:19.000966,974,1.037,0.0011,"aoml_navis",1032.02769748543
"7901009",39,0,1,0.029904,1,0.007476,1,162.663762730005,1,4.8447839798479,976,1,5.36899995803833,34.923999786377,0.0299040004611015,0,156.858093261719,-86.0344,22.0311,27.8236120139713,63,63,63,63,61,63,0,9004,1.9064526870154,22,-86,0.001869,51,2024-07-01 09:00:19.000966,976,1.037,0.0011,"aoml_navis",1032.03775871075
"7901009",39,0,1,0.028035,1,0.005607,1,163.274045446232,1,4.84472567547915,978,1,5.35099983215332,34.9249992370605,0.0280349999666214,0,157.446594238281,-86.0344,22.0311,27.8236120139713,63,63,63,63,61,63,0,9004,1.9064526870154,22,-86,0.001869,51,2024-07-01 09:00:19.000966,978,1.037,0.0011,"aoml_navis",1032.05017887942
"7901009",39,99999,9,99999,9,99999,9,163.671643813029,1,4.84467800262679,979.799987792969,1,5.33699989318848,34.9249992370605,99999,99999,157.830001831055,-86.0344,22.0311,27.8236120139713,63,63,63,63,61,63,0,9004,1.9064526870154,22,-86,0.001869,51,2024-07-01 09:00:19.000966,979.799987792969,1.037,0.0011,"aoml_navis",1032.06033451325
"7901009",39,0,1,0.026166,1,0.003738,1,167.979700522972,1,4.84413530686007,1000,1,5.19530010223389,34.9300003051758,0.0261659994721413,0,161.984298706055,-86.0344,22.0311,27.8236120139713,63,63,63,63,61,63,0,9004,1.9064526870154,22,-86,0.001869,51,2024-07-01 09:00:19.000966,1000,1.037,0.0011,"aoml_navis",1032.17595778532
"7901009",39,0,1,0.029904,1,0.007476,1,172.964419745723,1,4.84299445294956,1049.80004882812,1,5.09359979629517,34.9339981079102,0.0299040004611015,0,166.791107177734,-86.0344,22.0311,27.8236120139713,63,63,63,63,61,63,0,9004,1.9064526870154,22,-86,0.001869,51,2024-07-01 09:00:19.000966,1049.80004882812,1.037,0.0011,"aoml_navis",1032.41910528203
"7901009",39,0,1,0.029904,1,0.007476,1,179.93312744405,1,4.84179850602875,1099.5,1,4.91520023345947,34.939998626709,0.0299040004611015,0,173.511093139648,-86.0344,22.0311,27.8236120139713,63,63,63,63,61,63,0,9004,1.9064526870154,22,-86,0.001869,51,2024-07-01 09:00:19.000966,1099.5,1.037,0.0011,"aoml_navis",1032.67411763919
"7901009",39,0,4,0.024297,1,0.001869,1,186.974038005738,1,4.8405860995049,1149.30004882812,1,4.72410011291504,34.9480018615723,0.0242970008403063,0,180.300704956055,-86.0344,22.0311,27.8236120139713,63,63,63,63,61,63,0,9004,1.9064526870154,22,-86,0.001869,51,2024-07-01 09:00:19.000966,1149.30004882812,1.037,0.0011,"aoml_navis",1032.93276830907
"7901009",39,0,1,0.028035,1,0.005607,1,192.592047387919,1,4.8393692165465,1199.30004882812,1,4.52470016479492,34.9550018310547,0.0280349999666214,0,185.718200683594,-86.0344,22.0311,27.8236120139713,63,63,63,63,61,63,0,9004,1.9064526870154,22,-86,0.001869,51,2024-07-01 09:00:19.000966,1199.30004882812,1.037,0.0011,"aoml_navis",1033.19250428429
"7901009",39,0,1,0.033642,1,0.011214,1,194.276147924323,1,4.83828477010107,1248.90002441406,1,4.48479986190796,34.9570007324219,0.0336420014500618,0,187.342193603516,-86.0344,22.0311,27.8236120139713,63,63,63,63,61,63,0,9004,1.9064526870154,22,-86,0.001869,51,2024-07-01 09:00:19.000966,1248.90002441406,1.037,0.0011,"aoml_navis",1033.42408262082
"7901009",39,0,1,0.029904,1,0.007476,1,195.657559753023,1,4.83719357787774,1298.80004882812,1,4.4423999786377,34.9589996337891,0.0299040004611015,0,188.674301147461,-86.0344,22.0311,27.8236120139713,63,63,63,63,61,63,0,9004,1.9064526870154,22,-86,0.001869,51,2024-07-01 09:00:19.000966,1298.80004882812,1.037,0.0011,"aoml_navis",1033.65720629144
"7901009",40,0.0362731267715123,5,0.042987,1,0.020559,1,190.833951467842,1,4.88825477221473,2.29999995231628,1,29.5349998474121,36.2869987487793,0.0429870001971722,0.0746514797210693,184.022796630859,-86.0782,21.9791,27.8237046762438,63,63,63,63,61,63,0.069153,9004,1.9064526870154,22,-86,0.001869,51,2024-07-11 14:41:59.001562,2.29999995231628,1.037,0.0011,"aoml_navis",1022.85994347521
"7901009",40,0.0362731267715123,5,0.042987,1,0.020559,1,190.800247293751,1,4.88818481819566,3.90000009536743,1,29.511999130249,36.2869987487793,0.0429870001971722,0.0746514797210693,183.990295410156,-86.0782,21.9791,27.8237046762438,63,63,63,63,61,63,0.069153,9004,1.9064526870154,22,-86,0.001869,51,2024-07-11 14:41:59.001562,3.90000009536743,1.037,0.0011,"aoml_navis",1022.87458145775
"7901009",40,0.0362731267715123,5,0.048594,1,0.026166,1,190.840898008887,1,4.88812218771588,6,1,29.5020008087158,36.2879981994629,0.0485940016806126,0.0746514797210693,184.029495239258,-86.0782,21.9791,27.8237046762438,63,63,63,63,61,63,0.069153,9004,1.9064526870154,22,-86,0.001869,51,2024-07-11 14:41:59.001562,6,1.037,0.0011,"aoml_navis",1022.88768733427
"7901009",40,0.0362731267715123,5,0.044856,1,0.022428,1,190.969084635323,1,4.88802105051305,8,1,29.4669990539551,36.2890014648438,0.0448560006916523,0.0746514797210693,184.153106689453,-86.0782,21.9791,27.8237046762438,63,63,63,63,61,63,0.069153,9004,1.9064526870154,22,-86,0.001869,51,2024-07-11 14:41:59.001562,8,1.037,0.0011,"aoml_navis",1022.90885172747
"7901009",40,0.0362731267715123,5,0.052332,1,0.029904,1,191.100151148935,1,4.88790412739312,10,1,29.4200000762939,36.2890014648438,0.0523319989442825,0.0746514797210693,184.279495239258,-86.0782,21.9791,27.8237046762438,63,63,63,63,61,63,0.069153,9004,1.9064526870154,22,-86,0.001869,51,2024-07-11 14:41:59.001562,10,1.037,0.0011,"aoml_navis",1022.93332063914
"7901009",40,0.0362731267715123,5,0.052332,1,0.029904,1,191.062411968087,1,4.88784751741843,12,1,29.4080009460449,36.2879981994629,0.0523319989442825,0.0746514797210693,184.243103027344,-86.0782,21.9791,27.8237046762438,63,63,63,63,61,63,0.069153,9004,1.9064526870154,22,-86,0.001869,51,2024-07-11 14:41:59.001562,12,1.037,0.0011,"aoml_navis",1022.94516802783
"7901009",40,0.0362731267715123,5,0.059808,1,0.03738,1,191.04831317977,1,4.88779342357093,14,1,29.4020004272461,36.2890014648438,0.0598080009222031,0.0746514797210693,184.229507446289,-86.0782,21.9791,27.8237046762438,63,63,63,63,61,63,0.069153,9004,1.9064526870154,22,-86,0.001869,51,2024-07-11 14:41:59.001562,14,1.037,0.0011,"aoml_navis",1022.95648909546
"7901009",40,0.0362731267715123,5,0.065415,1,0.042987,1,191.051936774073,1,4.88774131487367,16,1,29.3950004577637,36.2890014648438,0.0654150024056435,0.0746514797210693,184.233001708984,-86.0782,21.9791,27.8237046762438,63,63,63,63,61,63,0.069153,9004,1.9064526870154,22,-86,0.001869,51,2024-07-11 14:41:59.001562,16,1.037,0.0011,"aoml_navis",1022.96739493654
"7901009",40,0.0362731267715123,5,0.071022,1,0.048594,1,190.998943685327,1,4.88769244440595,18,1,29.3899993896484,36.2890014648438,0.0710219964385033,0.0746514797210693,184.181900024414,-86.0782,21.9791,27.8237046762438,63,63,63,63,61,63,0.069153,9004,1.9064526870154,22,-86,0.001869,51,2024-07-11 14:41:59.001562,18,1.037,0.0011,"aoml_navis",1022.97762325913
"7901009",40,0.0362731267715123,5,0.076629,1,0.054201,1,190.972186052281,1,4.88764681445228,20,1,29.386999130249,36.2890014648438,0.0766289979219437,0.0746514797210693,184.156097412109,-86.0782,21.9791,27.8237046762438,63,63,63,63,61,63,0.069153,9004,1.9064526870154,22,-86,0.001869,51,2024-07-11 14:41:59.001562,20,1.037,0.0011,"aoml_navis",1022.98717354444
"7901009",40,0.0362731267715123,5,0.080367,1,0.057939,1,190.94854565975,1,4.88760118997173,22,1,29.3840007781982,36.2890014648438,0.0803669989109039,0.0746514797210693,184.13330078125,-86.0782,21.9791,27.8237046762438,63,63,63,63,61,63,0.069153,9004,1.9064526870154,22,-86,0.001869,51,2024-07-11 14:41:59.001562,22,1.037,0.0011,"aoml_navis",1022.99672286251
"7901009",40,0.0362731267715123,5,0.087843,1,0.065415,1,191.002472338295,1,4.88754909304778,24,1,29.3770008087158,36.2890014648438,0.0878430008888245,0.0747599974274635,184.185302734375,-86.0782,21.9791,27.8237046762438,63,63,63,63,61,63,0.069153,9004,1.9064526870154,22,-86,0.001869,51,2024-07-11 14:41:59.001562,24,1.037,0.0011,"aoml_navis",1023.00762709722
"7901009",40,0.0362731267715123,5,0.091581,1,0.069153,1,191.017409775075,1,4.88748405635561,26,1,29.3619995117188,36.2890014648438,0.0915810018777847,0.0784979984164238,184.19970703125,-86.0782,21.9791,27.8237046762438,63,63,63,63,61,63,0.069153,9004,1.9064526870154,22,-86,0.001869,51,2024-07-11 14:41:59.001562,26,1.037,0.0011,"aoml_navis",1023.02124003823
"7901009",40,0.0411749006595546,1,0.100926,1,0.078498,1,191.067586270869,1,4.88740574425804,28,1,29.3409996032715,36.2900009155273,0.100925996899605,0.0878430008888245,184.248092651367,-86.0782,21.9791,27.8237046762438,63,63,63,63,61,63,0.078498,9004,1.9064526870154,22,-86,0.001869,51,2024-07-11 14:41:59.001562,28,1.037,0.0011,"aoml_navis",1023.03763215776
"7901009",40,0.0401945458819461,1,0.099057,1,0.076629,1,191.176072570196,1,4.8873093614,30,1,29.3309993743896,36.3009986877441,0.0990569964051247,0.0859740003943443,184.35270690918,-86.0782,21.9791,27.8237046762438,63,63,63,63,61,63,0.076629,9004,1.9064526870154,22,-86,0.001869,51,2024-07-11 14:41:59.001562,30,1.037,0.0011,"aoml_navis",1023.05780753108
"7901009",40,0.0470570293252052,1,0.11214,1,0.089712,1,191.150454233176,1,4.88721550072625,32,1,29.3269996643066,36.3139991760254,0.112139999866486,0.0990569964051247,184.328002929688,-86.0782,21.9791,27.8237046762438,63,63,63,63,61,63,0.089712,9004,1.9064526870154,22,-86,0.001869,51,2024-07-11 14:41:59.001562,32,1.037,0.0011,"aoml_navis",1023.07745571215
"7901009",40,0.0490177388804221,1,0.115878,1,0.09345,1,191.430135583905,1,4.88705917109401,34,1,29.2910003662109,36.3300018310547,0.115878000855446,0.102794997394085,184.597702026367,-86.0782,21.9791,27.8237046762438,63,63,63,63,61,63,0.09345,9004,1.9064526870154,22,-86,0.001869,51,2024-07-11 14:41:59.001562,34,1.037,0.0011,"aoml_navis",1023.11018241277
"7901009",40,0.0548998675460727,1,0.127092,1,0.104664,1,192.144015308836,1,4.88684915410798,36.0999984741211,1,29.173999786377,36.3240013122559,0.127092003822327,0.114009000360966,185.286102294922,-86.0782,21.9791,27.8237046762438,63,63,63,63,61,63,0.104664,9004,1.9064526870154,22,-86,0.001869,51,2024-07-11 14:41:59.001562,36.0999984741211,1.037,0.0011,"aoml_navis",1023.15415154505
"7901009",40,0.0607819962117234,1,0.138306,1,0.115878,1,192.458540129682,1,4.88661858427729,38,1,29.056999206543,36.3250007629395,0.138306006789207,0.125222995877266,185.589401245117,-86.0782,21.9791,27.8237046762438,63,63,63,63,61,63,0.115878,9004,1.9064526870154,22,-86,0.001869,51,2024-07-11 14:41:59.001562,38,1.037,0.0011,"aoml_navis",1023.20242797085
"7901009",40,0.0686248344325909,1,0.153258,1,0.13083,1,192.396116201612,1,4.88649048930973,40.0999984741211,1,29.0240001678467,36.3339996337891,0.153257995843887,0.140174999833107,185.529205322266,-86.0782,21.9791,27.8237046762438,63,63,63,63,61,63,0.13083,9004,1.9064526870154,22,-86,0.001869,51,2024-07-11 14:41:59.001562,40.0999984741211,1.037,0.0011,"aoml_navis",1023.22925030522
"7901009",40,0.0705855439878078,1,0.156996,1,0.134568,1,193.12088253301,1,4.88630398888396,41.9000015258789,1,28.9529991149902,36.3440017700195,0.156995996832848,0.143913000822067,186.228103637695,-86.0782,21.9791,27.8237046762438,63,63,63,63,61,63,0.134568,9004,1.9064526870154,22,-86,0.001869,51,2024-07-11 14:41:59.001562,41.9000015258789,1.037,0.0011,"aoml_navis",1023.26830491404
"7901009",40,0.0803890917638922,1,0.175686,1,0.153258,1,193.888783877821,1,4.88597579774383,44,1,28.8419990539551,36.3740005493164,0.175686001777649,0.162603005766869,186.968597412109,-86.0782,21.9791,27.8237046762438,63,63,63,63,61,63,0.153258,9004,1.9064526870154,22,-86,0.001869,51,2024-07-11 14:41:59.001562,44,1.037,0.0011,"aoml_navis",1023.33703787662
"7901009",40,0.0872515752071513,1,0.188769,1,0.166341,1,192.691874285147,1,4.8858116298402,45.9000015258789,1,28.7679996490479,36.3759994506836,0.188768997788429,0.175686001777649,185.814407348633,-86.0782,21.9791,27.8237046762438,63,63,63,63,61,63,0.166341,9004,1.9064526870154,22,-86,0.001869,51,2024-07-11 14:41:59.001562,45.9000015258789,1.037,0.0011,"aoml_navis",1023.37142297145
"7901009",40,0.0901926395399766,1,0.194376,1,0.171948,1,191.358676405411,1,4.88546548668214,47.9000015258789,1,28.6350002288818,36.4020004272461,0.19437600672245,0.181292995810509,184.528793334961,-86.0782,21.9791,27.8237046762438,63,63,63,63,61,63,0.171948,9004,1.9064526870154,22,-86,0.001869,51,2024-07-11 14:41:59.001562,47.9000015258789,1.037,0.0011,"aoml_navis",1023.44393049753
"7901009",40,0.0941140586504104,1,0.201852,1,0.179424,1,190.920031611998,1,4.88509712917542,50,1,28.5860004425049,36.4710006713867,0.20185199379921,0.188768997788429,184.105804443359,-86.0782,21.9791,27.8237046762438,63,63,63,63,61,63,0.179424,9004,1.9064526870154,22,-86,0.001869,51,2024-07-11 14:41:59.001562,50,1.037,0.0011,"aoml_navis",1023.52110260784
"7901009",40,0.10097654209367,1,0.214935,1,0.192507,1,190.985462015691,1,4.88487514058894,52,1,28.5510005950928,36.5060005187988,0.214935004711151,0.20185199379921,184.168899536133,-86.0782,21.9791,27.8237046762438,63,63,63,63,61,63,0.192507,9004,1.9064526870154,22,-86,0.001869,51,2024-07-11 14:41:59.001562,52,1.037,0.0011,"aoml_navis",1023.567615568
"7901009",40,0.102937251648886,1,0.218673,1,0.196245,1,191.48240078908,1,4.88477336326878,54,1,28.4899997711182,36.4959983825684,0.218673005700111,0.20558999478817,184.648101806641,-86.0782,21.9791,27.8237046762438,63,63,63,63,61,63,0.196245,9004,1.9064526870154,22,-86,0.001869,51,2024-07-11 14:41:59.001562,54,1.037,0.0011,"aoml_navis",1023.58894224196
"7901009",40,0.113721154202579,1,0.239232,1,0.216804,1,192.684911920546,1,4.88451913304958,56.0999984741211,1,28.2089996337891,36.4309997558594,0.239232003688812,0.226148992776871,185.807693481445,-86.0782,21.9791,27.8237046762438,63,63,63,63,61,63,0.216804,9004,1.9064526870154,22,-86,0.001869,51,2024-07-11 14:41:59.001562,56.0999984741211,1.037,0.0011,"aoml_navis",1023.64221816004
"7901009",40,0.130387185421923,1,0.271005,1,0.248577,1,190.345415002641,1,4.88420855102287,58.0999984741211,1,28.1380004882812,36.4749984741211,0.271005004644394,0.257921993732452,183.551696777344,-86.0782,21.9791,27.8237046762438,63,63,63,63,61,63,0.248577,9004,1.9064526870154,22,-86,0.001869,51,2024-07-11 14:41:59.001562,58.0999984741211,1.037,0.0011,"aoml_navis",1023.70731056373
"7901009",40,0.144112152308441,1,0.297171,1,0.274743,1,188.360476502037,1,4.88380432432797,59.9000015258789,1,28.0069999694824,36.5200004577637,0.297170996665955,0.284087985754013,181.637603759766,-86.0782,21.9791,27.8237046762438,63,63,63,63,61,63,0.274743,9004,1.9064526870154,22,-86,0.001869,51,2024-07-11 14:41:59.001562,59.9000015258789,1.037,0.0011,"aoml_navis",1023.79204160437
"7901009",40,0.167640666971044,1,0.342027,1,0.319599,1,186.870799477896,1,4.88330368960263,62,1,27.7259998321533,36.5250015258789,0.342027008533478,0.328943997621536,180.201095581055,-86.0782,21.9791,27.8237046762438,63,63,63,63,61,63,0.319599,9004,1.9064526870154,22,-86,0.001869,51,2024-07-11 14:41:59.001562,62,1.037,0.0011,"aoml_navis",1023.89700043555
"7901009",40,0.185287052967996,1,0.375669,1,0.353241,1,186.337150054793,1,4.88311714009979,64,1,27.6439990997314,36.5299987792969,0.375669002532959,0.362585991621017,179.686492919922,-86.0782,21.9791,27.8237046762438,63,63,63,63,61,63,0.353241,9004,1.9064526870154,22,-86,0.001869,51,2024-07-11 14:41:59.001562,64,1.037,0.0011,"aoml_navis",1023.93611632627
"7901009",40,0.225481598849942,1,0.452298,1,0.42987,1,185.588854095755,1,4.8829620286494,66.0999984741211,1,27.5879993438721,36.5369987487793,0.452297985553741,0.439215004444122,178.964904785156,-86.0782,21.9791,27.8237046762438,63,63,63,63,61,63,0.42987,9004,1.9064526870154,22,-86,0.001869,51,2024-07-11 14:41:59.001562,66.0999984741211,1.037,0.0011,"aoml_navis",1023.96864252966
"7901009",40,0.252931532622978,1,0.50463,1,0.482202,1,184.235022299111,1,4.88262354062354,68,1,27.4249992370605,36.5499992370605,0.504630029201508,0.491546988487244,177.659393310547,-86.0782,21.9791,27.8237046762438,63,63,63,63,61,63,0.482202,9004,1.9064526870154,22,-86,0.001869,51,2024-07-11 14:41:59.001562,68,1.037,0.0011,"aoml_navis",1024.03962918703
"7901009",40,0.278420756840797,1,0.553224,1,0.530796,1,183.388731058316,1,4.88233275155253,70,1,27.2749996185303,36.5550003051758,0.55322402715683,0.540140986442566,176.843307495117,-86.0782,21.9791,27.8237046762438,63,63,63,63,61,63,0.530796,9004,1.9064526870154,22,-86,0.001869,51,2024-07-11 14:41:59.001562,70,1.037,0.0011,"aoml_navis",1024.10062042782
"7901009",40,0.309792109724268,1,0.613032,1,0.590604,1,182.665515435397,1,4.8821860661739,72,1,27.2250003814697,36.5629997253418,0.613031983375549,0.59994900226593,176.145904541016,-86.0782,21.9791,27.8237046762438,63,63,63,63,61,63,0.590604,9004,1.9064526870154,22,-86,0.001869,51,2024-07-11 14:41:59.001562,72,1.037,0.0011,"aoml_navis",1024.13138955157
"7901009",40,0.329399205276436,1,0.650412,1,0.627984,1,182.033965671872,1,4.88200973380245,74,1,27.1860008239746,36.5839996337891,0.650412023067474,0.63732898235321,175.536895751953,-86.0782,21.9791,27.8237046762438,63,63,63,63,61,63,0.627984,9004,1.9064526870154,22,-86,0.001869,51,2024-07-11 14:41:59.001562,74,1.037,0.0011,"aoml_navis",1024.16837995643
"7901009",40,0.347045591273388,1,0.684054,1,0.661626,1,180.574068579955,1,4.88183292991223,76,1,27.1140003204346,36.5909996032715,0.684054017066956,0.670970976352692,174.129104614258,-86.0782,21.9791,27.8237046762438,63,63,63,63,61,63,0.661626,9004,1.9064526870154,22,-86,0.001869,51,2024-07-11 14:41:59.001562,76,1.037,0.0011,"aoml_navis",1024.20547195782
"7901009",40,0.378416944156859,1,0.743862,1,0.721434,1,179.369785210227,1,4.88165430002432,78,1,27.0289993286133,36.5929985046387,0.743861973285675,0.730778992176056,172.967803955078,-86.0782,21.9791,27.8237046762438,63,63,63,63,61,63,0.721434,9004,1.9064526870154,22,-86,0.001869,51,2024-07-11 14:41:59.001562,78,1.037,0.0011,"aoml_navis",1024.24294976707
"7901009",40,0.369593751158383,1,0.727041,1,0.704613,1,179.326634373257,1,4.88144623240275,80,1,26.9340000152588,36.5989990234375,0.727041006088257,0.713958024978638,172.926193237305,-86.0782,21.9791,27.8237046762438,63,63,63,63,61,63,0.704613,9004,1.9064526870154,22,-86,0.001869,51,2024-07-11 14:41:59.001562,80,1.037,0.0011,"aoml_navis",1024.28660727845
"7901009",40,0.337242043497304,1,0.665364,1,0.642936,1,179.88268995153,1,4.88124583155417,81.9000015258789,1,26.8729991912842,36.6180000305176,0.665364027023315,0.652280986309052,173.46240234375,-86.0782,21.9791,27.8237046762438,63,63,63,63,61,63,0.642936,9004,1.9064526870154,22,-86,0.001869,51,2024-07-11 14:41:59.001562,81.9000015258789,1.037,0.0011,"aoml_navis",1024.32865963811
"7901009",40,0.300968916725792,4,0.596211,1,0.573783,1,179.678597727389,1,4.88095336854809,84,1,26.7590007781982,36.6389999389648,0.596211016178131,0.583127975463867,173.265594482422,-86.0782,21.9791,27.8237046762438,63,63,63,63,61,63,0.573783,9004,1.9064526870154,22,-86,0.001869,51,2024-07-11 14:41:59.001562,84,1.037,0.0011,"aoml_navis",1024.39003663076
"7901009",40,0.313713528834701,4,0.620508,1,0.59808,1,177.910916649444,1,4.88072781550027,86,1,26.6590003967285,36.6479988098145,0.620508015155792,0.607424974441528,171.561004638672,-86.0782,21.9791,27.8237046762438,63,63,63,63,61,63,0.59808,9004,1.9064526870154,22,-86,0.001869,51,2024-07-11 14:41:59.001562,86,1.037,0.0011,"aoml_navis",1024.43737676191
"7901009",40,0.330379560054045,1,0.652281,1,0.629853,1,176.557812736372,1,4.88055538223245,88,1,26.5890007019043,36.6549987792969,0.652280986309052,0.639198005199432,170.256195068359,-86.0782,21.9791,27.8237046762438,63,63,63,63,61,63,0.629853,9004,1.9064526870154,22,-86,0.001869,51,2024-07-11 14:41:59.001562,88,1.037,0.0011,"aoml_navis",1024.47357081581
"7901009",40,0.33332062438687,1,0.657888,1,0.63546,1,175.37292904619,1,4.88043736126023,90,1,26.5499992370605,36.6599998474121,0.657887995243073,0.644805014133453,169.11360168457,-86.0782,21.9791,27.8237046762438,63,63,63,63,61,63,0.63546,9004,1.9064526870154,22,-86,0.001869,51,2024-07-11 14:41:59.001562,90,1.037,0.0011,"aoml_navis",1024.49834510506
"7901009",40,0.339202753052521,1,0.669102,1,0.646674,1,173.797709878793,1,4.88029819139846,92.0999984741211,1,26.496000289917,36.6640014648438,0.669102013111115,0.656018972396851,167.594604492188,-86.0782,21.9791,27.8237046762438,63,63,63,63,61,63,0.646674,9004,1.9064526870154,22,-86,0.001869,51,2024-07-11 14:41:59.001562,92.0999984741211,1.037,0.0011,"aoml_navis",1024.52756038812
"7901009",40,0.339202753052521,1,0.669102,1,0.646674,1,172.776046167835,1,4.88017381954653,94,1,26.4489994049072,36.6679992675781,0.669102013111115,0.656018972396851,166.609405517578,-86.0782,21.9791,27.8237046762438,63,63,63,63,61,63,0.646674,9004,1.9064526870154,22,-86,0.001869,51,2024-07-11 14:41:59.001562,94,1.037,0.0011,"aoml_navis",1024.5536706036
"7901009",40,0.336261688719696,1,0.663495,1,0.641067,1,171.816806384946,1,4.88003783076363,96,1,26.3980007171631,36.6730003356934,0.663495004177094,0.650412023067474,165.68440246582,-86.0782,21.9791,27.8237046762438,63,63,63,63,61,63,0.641067,9004,1.9064526870154,22,-86,0.001869,51,2024-07-11 14:41:59.001562,96,1.037,0.0011,"aoml_navis",1024.58222116233
"7901009",40,0.325477786166003,1,0.642936,1,0.620508,1,171.994441623605,1,4.87990248655262,98,1,26.3640003204346,36.685001373291,0.642935991287231,0.629853010177612,165.855697631836,-86.0782,21.9791,27.8237046762438,63,63,63,63,61,63,0.620508,9004,1.9064526870154,22,-86,0.001869,51,2024-07-11 14:41:59.001562,98,1.037,0.0011,"aoml_navis",1024.61063797449
"7901009",40,0.321556367055569,1,0.63546,1,0.613032,1,173.637797022755,1,4.87974505521702,100,1,26.3889999389648,36.7280006408691,0.635460019111633,0.622376978397369,167.440399169922,-86.0782,21.9791,27.8237046762438,63,63,63,63,61,63,0.613032,9004,1.9064526870154,22,-86,0.001869,51,2024-07-11 14:41:59.001562,100,1.037,0.0011,"aoml_navis",1024.643694173
"7901009",40,0.290185014172099,1,0.575652,1,0.553224,1,173.877666306812,1,4.87956361452352,102,1,26.3719997406006,36.7599983215332,0.575652003288269,0.56256902217865,167.67170715332,-86.0782,21.9791,27.8237046762438,63,63,63,63,61,63,0.553224,9004,1.9064526870154,22,-86,0.001869,51,2024-07-11 14:41:59.001562,102,1.037,0.0011,"aoml_navis",1024.68179431415
"7901009",40,0.284302885506448,1,0.564438,1,0.54201,1,173.78142743976,1,4.87927272734405,104.300003051758,1,26.2889995574951,36.7929992675781,0.564437985420227,0.551355004310608,167.578903198242,-86.0782,21.9791,27.8237046762438,63,63,63,63,61,63,0.54201,9004,1.9064526870154,22,-86,0.001869,51,2024-07-11 14:41:59.001562,104.300003051758,1.037,0.0011,"aoml_navis",1024.74288267991
"7901009",40,0.280381466396014,1,0.556962,1,0.534534,1,173.167204469958,1,4.87894732200178,105.900001525879,1,26.1830005645752,36.8300018310547,0.556962013244629,0.543878972530365,166.986602783203,-86.0782,21.9791,27.8237046762438,63,63,63,63,61,63,0.534534,9004,1.9064526870154,22,-86,0.001869,51,2024-07-11 14:41:59.001562,105.900001525879,1.037,0.0011,"aoml_navis",1024.81122873623
"7901009",40,0.25783330651102,1,0.513975,1,0.491547,1,171.376072882153,1,4.87857677011656,107.900001525879,1,26.0209999084473,36.8540000915527,0.513975024223328,0.500891983509064,165.259399414062,-86.0782,21.9791,27.8237046762438,63,63,63,63,61,63,0.491547,9004,1.9064526870154,22,-86,0.001869,51,2024-07-11 14:41:59.001562,107.900001525879,1.037,0.0011,"aoml_navis",1024.88906818628
"7901009",40,0.244108339624502,1,0.487809,1,0.465381,1,169.706165556184,1,4.87832987772702,110,1,25.9160003662109,36.867000579834,0.487809002399445,0.474725991487503,163.64909362793,-86.0782,21.9791,27.8237046762438,63,63,63,63,61,63,0.465381,9004,1.9064526870154,22,-86,0.001869,51,2024-07-11 14:41:59.001562,110,1.037,0.0011,"aoml_navis",1024.94093784606
"7901009",40,0.20783521285299,1,0.418656,1,0.396228,1,168.025387447304,1,4.87787398893408,112,1,25.7150001525879,36.898998260498,0.41865599155426,0.405573010444641,162.028305053711,-86.0782,21.9791,27.8237046762438,63,63,63,63,61,63,0.396228,9004,1.9064526870154,22,-86,0.001869,51,2024-07-11 14:41:59.001562,112,1.037,0.0011,"aoml_navis",1025.03672939132
"7901009",40,0.177444214747128,1,0.360717,1,0.338289,1,166.899288267332,1,4.87765528390551,114,1,25.6219997406006,36.9099998474121,0.360716998577118,0.347633987665176,160.942398071289,-86.0782,21.9791,27.8237046762438,63,63,63,63,61,63,0.338289,9004,1.9064526870154,22,-86,0.001869,51,2024-07-11 14:41:59.001562,114,1.037,0.0011,"aoml_navis",1025.0826901397
"7901009",40,0.141171087975616,1,0.291564,1,0.269136,1,165.160944062047,1,4.87739431409751,116,1,25.4930000305176,36.9179992675781,0.291563987731934,0.278481006622314,159.266098022461,-86.0782,21.9791,27.8237046762438,63,63,63,63,61,63,0.269136,9004,1.9064526870154,22,-86,0.001869,51,2024-07-11 14:41:59.001562,116,1.037,0.0011,"aoml_navis",1025.13753820316
"7901009",40,0.116662218535405,1,0.244839,1,0.222411,1,162.391299600254,1,4.87696616136576,118,1,25.2600002288818,36.9300003051758,0.244838997721672,0.231756001710892,156.595306396484,-86.0782,21.9791,27.8237046762438,63,63,63,63,61,63,0.222411,9004,1.9064526870154,22,-86,0.001869,51,2024-07-11 14:41:59.001562,118,1.037,0.0011,"aoml_navis",1025.22753584162
"7901009",40,0.101956896871278,1,0.216804,1,0.194376,1,159.361658291285,1,4.87652413585741,120,1,25.0259990692139,36.9459991455078,0.216803997755051,0.20372100174427,153.673797607422,-86.0782,21.9791,27.8237046762438,63,63,63,63,61,63,0.194376,9004,1.9064526870154,22,-86,0.001869,51,2024-07-11 14:41:59.001562,120,1.037,0.0011,"aoml_navis",1025.32046611533
"7901009",40,0.093133703872802,1,0.199983,1,0.177555,1,155.244100042758,1,4.87598662242049,122,1,24.7250003814697,36.9620018005371,0.19998300075531,0.18690000474453,149.703201293945,-86.0782,21.9791,27.8237046762438,63,63,63,63,61,63,0.177555,9004,1.9064526870154,22,-86,0.001869,51,2024-07-11 14:41:59.001562,122,1.037,0.0011,"aoml_navis",1025.43349422028
"7901009",40,0.0735266083206331,1,0.162603,1,0.140175,1,149.383213168834,1,4.87548764262926,124,1,24.4109992980957,36.9630012512207,0.162603005766869,0.149519994854927,144.051498413086,-86.0782,21.9791,27.8237046762438,63,63,63,63,61,63,0.140175,9004,1.9064526870154,22,-86,0.001869,51,2024-07-11 14:41:59.001562,124,1.037,0.0011,"aoml_navis",1025.53844179238
"7901009",40,0.0725462535430247,1,0.160734,1,0.138306,1,146.467232461975,1,4.87448582028825,126,1,23.7029991149902,36.9490013122559,0.160733997821808,0.147651001811028,141.239593505859,-86.0782,21.9791,27.8237046762438,63,63,63,63,61,63,0.138306,9004,1.9064526870154,22,-86,0.001869,51,2024-07-11 14:41:59.001562,126,1.037,0.0011,"aoml_navis",1025.74921424314
"7901009",40,0.0676444796549825,1,0.151389,1,0.128961,1,146.118291407023,1,4.87415785416666,128,1,23.4740009307861,36.9389991760254,0.151389002799988,0.138306006789207,140.903106689453,-86.0782,21.9791,27.8237046762438,63,63,63,63,61,63,0.128961,9004,1.9064526870154,22,-86,0.001869,51,2024-07-11 14:41:59.001562,128,1.037,0.0011,"aoml_navis",1025.81823354895
"7901009",40,0.0627427057669403,1,0.142044,1,0.119616,1,146.590545433191,1,4.8738945674397,130,1,23.3129997253418,36.9379997253418,0.142043992877007,0.128960996866226,141.358505249023,-86.0782,21.9791,27.8237046762438,63,63,63,63,61,63,0.119616,9004,1.9064526870154,22,-86,0.001869,51,2024-07-11 14:41:59.001562,130,1.037,0.0011,"aoml_navis",1025.87364802734
"7901009",40,0.0539195127684643,1,0.125223,1,0.102795,1,147.079382545953,1,4.8735360513038,132,1,23.1140003204346,36.9490013122559,0.125222995877266,0.112139999866486,141.829895019531,-86.0782,21.9791,27.8237046762438,63,63,63,63,61,63,0.102795,9004,1.9064526870154,22,-86,0.001869,51,2024-07-11 14:41:59.001562,132,1.037,0.0011,"aoml_navis",1025.94911525531
"7901009",40,0.0450963197699883,1,0.108402,1,0.085974,1,147.27288881119,1,4.87326666107762,134,1,22.9860000610352,36.9630012512207,0.108401998877525,0.095319002866745,142.016494750977,-86.0782,21.9791,27.8237046762438,63,63,63,63,61,63,0.085974,9004,1.9064526870154,22,-86,0.001869,51,2024-07-11 14:41:59.001562,134,1.037,0.0011,"aoml_navis",1026.00582888981
"7901009",40,0.042155255437163,1,0.102795,1,0.080367,1,147.177282886375,1,4.87313140171839,136,1,22.9309997558594,36.9679985046387,0.102794997394085,0.0897120013833046,141.924301147461,-86.0782,21.9791,27.8237046762438,63,63,63,63,61,63,0.080367,9004,1.9064526870154,22,-86,0.001869,51,2024-07-11 14:41:59.001562,136,1.037,0.0011,"aoml_navis",1026.03430686003
"7901009",40,0.0411749006595546,4,0.100926,1,0.078498,1,146.910972440391,1,4.87302143834989,138,1,22.8889999389648,36.9710006713867,0.100925996899605,0.0878430008888245,141.667495727539,-86.0782,21.9791,27.8237046762438,63,63,63,63,61,63,0.078498,9004,1.9064526870154,22,-86,0.001869,51,2024-07-11 14:41:59.001562,138,1.037,0.0011,"aoml_navis",1026.05746009053
"7901009",40,0.0441159649923799,1,0.106533,1,0.084105,1,146.612207881233,1,4.87294504098786,140,1,22.8659992218018,36.9720001220703,0.106532998383045,0.0934500023722649,141.37939453125,-86.0782,21.9791,27.8237046762438,63,63,63,63,61,63,0.084105,9004,1.9064526870154,22,-86,0.001869,51,2024-07-11 14:41:59.001562,140,1.037,0.0011,"aoml_navis",1026.07354647825
"7901009",40,0.0460766745475968,1,0.110271,1,0.087843,1,146.167122900565,1,4.87289301713205,142,1,22.8579998016357,36.9720001220703,0.110270999372005,0.0971880033612251,140.9501953125,-86.0782,21.9791,27.8237046762438,63,63,63,63,61,63,0.087843,9004,1.9064526870154,22,-86,0.001869,51,2024-07-11 14:41:59.001562,142,1.037,0.0011,"aoml_navis",1026.0845010184
"7901009",40,0.0460766745475968,1,0.110271,1,0.087843,1,145.340009809534,1,4.87284874898328,144,1,22.8530006408691,36.9710006713867,0.110270999372005,0.0971880033612251,140.152603149414,-86.0782,21.9791,27.8237046762438,63,63,63,63,61,63,0.087843,9004,1.9064526870154,22,-86,0.001869,51,2024-07-11 14:41:59.001562,144,1.037,0.0011,"aoml_navis",1026.09382264189
"7901009",40,0.0401945458819461,1,0.099057,1,0.076629,1,143.795788988167,1,4.87274611718376,146,1,22.8110008239746,36.9720001220703,0.0990569964051247,0.0859740003943443,138.663497924805,-86.0782,21.9791,27.8237046762438,63,63,63,63,61,63,0.076629,9004,1.9064526870154,22,-86,0.001869,51,2024-07-11 14:41:59.001562,146,1.037,0.0011,"aoml_navis",1026.11543465552
"7901009",40,0.0352927719939039,1,0.089712,1,0.067284,1,143.844224892811,1,4.87225706139825,148,1,22.5090007781982,36.9809989929199,0.0897120013833046,0.0766289979219437,138.710205078125,-86.0782,21.9791,27.8237046762438,63,63,63,63,61,63,0.067284,9004,1.9064526870154,22,-86,0.001869,51,2024-07-11 14:41:59.001562,148,1.037,0.0011,"aoml_navis",1026.2184316205
"7901009",40,0.033332062438687,1,0.085974,1,0.063546,1,144.210081329032,1,4.8721715926008,150,1,22.4659996032715,36.9770011901855,0.0859740003943443,0.0728909969329834,139.063003540039,-86.0782,21.9791,27.8237046762438,63,63,63,63,61,63,0.063546,9004,1.9064526870154,22,-86,0.001869,51,2024-07-11 14:41:59.001562,150,1.037,0.0011,"aoml_navis",1026.23643378926
"7901009",40,0.0313713528834701,1,0.082236,1,0.059808,1,144.688237541554,1,4.87200100423872,152,1,22.3579998016357,36.9720001220703,0.0822359994053841,0.0691530033946037,139.52409362793,-86.0782,21.9791,27.8237046762438,63,63,63,63,61,63,0.059808,9004,1.9064526870154,22,-86,0.001869,51,2024-07-11 14:41:59.001562,152,1.037,0.0011,"aoml_navis",1026.2723664568
"7901009",40,0.0274499337730364,1,0.07476,1,0.052332,1,145.052448327961,1,4.87181581377923,154,1,22.2310009002686,36.9640007019043,0.0747599974274635,0.0616770014166832,139.875305175781,-86.0782,21.9791,27.8237046762438,63,63,63,63,61,63,0.052332,9004,1.9064526870154,22,-86,0.001869,51,2024-07-11 14:41:59.001562,154,1.037,0.0011,"aoml_navis",1026.31137775329
"7901009",40,0.0215678051073857,1,0.063546,1,0.041118,1,145.487675233297,1,4.87150715429884,156,1,22.0149993896484,36.9570007324219,0.0635460019111633,0.0504629984498024,140.294998168945,-86.0782,21.9791,27.8237046762438,63,63,63,63,61,63,0.041118,9004,1.9064526870154,22,-86,0.001869,51,2024-07-11 14:41:59.001562,156,1.037,0.0011,"aoml_navis",1026.376405008
"7901009",40,0.0147053216641266,4,0.050463,1,0.028035,1,145.713018493027,1,4.87122588555068,158,1,21.8099994659424,36.9469985961914,0.0504629984498024,0.0373799987137318,140.512298583984,-86.0782,21.9791,27.8237046762438,63,63,63,63,61,63,0.028035,9004,1.9064526870154,22,-86,0.001869,51,2024-07-11 14:41:59.001562,158,1.037,0.0011,"aoml_navis",1026.43566885931
"7901009",40,0.0166660312193435,1,0.054201,1,0.031773,1,145.257664024572,1,4.87116074860015,160,1,21.7840003967285,36.9440002441406,0.0542009994387627,0.041117999702692,140.073196411133,-86.0782,21.9791,27.8237046762438,63,63,63,63,61,63,0.031773,9004,1.9064526870154,22,-86,0.001869,51,2024-07-11 14:41:59.001562,160,1.037,0.0011,"aoml_navis",1026.44939431261
"7901009",40,0.017646385996952,1,0.05607,1,0.033642,1,144.695500553718,1,4.87108717617687,162,1,21.7490005493164,36.939998626709,0.0560699999332428,0.0429870001971722,139.531097412109,-86.0782,21.9791,27.8237046762438,63,63,63,63,61,63,0.033642,9004,1.9064526870154,22,-86,0.001869,51,2024-07-11 14:41:59.001562,162,1.037,0.0011,"aoml_navis",1026.46489770366
"7901009",40,0.017646385996952,1,0.05607,1,0.033642,1,144.864844249078,1,4.87091025491722,164,1,21.6259994506836,36.931999206543,0.0560699999332428,0.0429870001971722,139.694396972656,-86.0782,21.9791,27.8237046762438,63,63,63,63,61,63,0.033642,9004,1.9064526870154,22,-86,0.001869,51,2024-07-11 14:41:59.001562,164,1.037,0.0011,"aoml_navis",1026.50218097377
"7901009",40,0.0186267407745604,1,0.057939,1,0.035511,1,145.273535051151,1,4.87082312809376,166,1,21.5779991149902,36.9269981384277,0.0579390004277229,0.0448560006916523,140.088500976562,-86.0782,21.9791,27.8237046762438,63,63,63,63,61,63,0.035511,9004,1.9064526870154,22,-86,0.001869,51,2024-07-11 14:41:59.001562,166,1.037,0.0011,"aoml_navis",1026.52054252621
"7901009",40,0.0107839025536929,1,0.042987,1,0.020559,1,145.754080620616,1,4.87073380138888,168,1,21.5310001373291,36.9230003356934,0.0429870001971722,0.0299040004611015,140.551895141602,-86.0782,21.9791,27.8237046762438,63,63,63,63,61,63,0.020559,9004,1.9064526870154,22,-86,0.001869,51,2024-07-11 14:41:59.001562,168,1.037,0.0011,"aoml_navis",1026.5393683749
"7901009",40,0.00784283822086753,1,0.03738,1,0.014952,1,145.887140902273,1,4.87066321539413,170,1,21.4979991912842,36.9189987182617,0.0373799987137318,0.0242970008403063,140.680206298828,-86.0782,21.9791,27.8237046762438,63,63,63,63,61,63,0.014952,9004,1.9064526870154,22,-86,0.001869,51,2024-07-11 14:41:59.001562,170,1.037,0.0011,"aoml_navis",1026.55424505581
"7901009",40,0.00882319299847598,1,0.039249,1,0.016821,1,145.955989194042,1,4.87060674885006,172,1,21.4810009002686,36.9169998168945,0.0392489992082119,0.0261659994721413,140.746597290039,-86.0782,21.9791,27.8237046762438,63,63,63,63,61,63,0.016821,9004,1.9064526870154,22,-86,0.001869,51,2024-07-11 14:41:59.001562,172,1.037,0.0011,"aoml_navis",1026.5661462364
"7901009",40,0.00588212866565065,1,0.033642,1,0.011214,1,145.910575588577,1,4.87055600318501,174,1,21.4710006713867,36.9160003662109,0.0336420014500618,0.020558999851346,140.70280456543,-86.0782,21.9791,27.8237046762438,63,63,63,63,61,63,0.011214,9004,1.9064526870154,22,-86,0.001869,51,2024-07-11 14:41:59.001562,174,1.037,0.0011,"aoml_navis",1026.5768418904
"7901009",40,0.00784283822086753,1,0.03738,1,0.014952,1,145.900511807018,1,4.87049821849952,176,1,21.4529991149902,36.9140014648438,0.0373799987137318,0.0242970008403063,140.693099975586,-86.0782,21.9791,27.8237046762438,63,63,63,63,61,63,0.014952,9004,1.9064526870154,22,-86,0.001869,51,2024-07-11 14:41:59.001562,176,1.037,0.0011,"aoml_navis",1026.58902142877
"7901009",40,0.00588212866565065,1,0.033642,1,0.011214,1,145.99841214744,1,4.87043342849856,178,1,21.4270000457764,36.9109992980957,0.0336420014500618,0.020558999851346,140.787506103516,-86.0782,21.9791,27.8237046762438,63,63,63,63,61,63,0.011214,9004,1.9064526870154,22,-86,0.001869,51,2024-07-11 14:41:59.001562,178,1.037,0.0011,"aoml_navis",1026.60267785272
"7901009",40,0.00294106433282533,1,0.028035,1,0.005607,1,145.95847349232,1,4.87037358329837,180,1,21.4020004272461,36.9070014953613,0.0280349999666214,0.0149520002305508,140.748992919922,-86.0782,21.9791,27.8237046762438,63,63,63,63,61,63,0.005607,9004,1.9064526870154,22,-86,0.001869,51,2024-07-11 14:41:59.001562,180,1.037,0.0011,"aoml_navis",1026.61529233531
"7901009",40,0.00490177388804221,1,0.031773,1,0.009345,1,145.779081838956,1,4.87030751100255,182,1,21.375,36.9039993286133,0.0317730009555817,0.0186899993568659,140.57600402832,-86.0782,21.9791,27.8237046762438,63,63,63,63,61,63,0.009345,9004,1.9064526870154,22,-86,0.001869,51,2024-07-11 14:41:59.001562,182,1.037,0.0011,"aoml_navis",1026.62921975757
"7901009",40,0.00490177388804221,1,0.031773,1,0.009345,1,145.464762724337,1,4.87025434724036,184,1,21.3549995422363,36.9000015258789,0.0317730009555817,0.0186899993568659,140.272903442383,-86.0782,21.9791,27.8237046762438,63,63,63,63,61,63,0.009345,9004,1.9064526870154,22,-86,0.001869,51,2024-07-11 14:41:59.001562,184,1.037,0.0011,"aoml_navis",1026.64042645599
"7901009",40,0.00392141911043377,1,0.029904,1,0.007476,1,144.827310774457,1,4.87019686088277,186,1,21.3290004730225,36.8950004577637,0.0299040004611015,0.0168210007250309,139.658203125,-86.0782,21.9791,27.8237046762438,63,63,63,63,61,63,0.007476,9004,1.9064526870154,22,-86,0.001869,51,2024-07-11 14:41:59.001562,186,1.037,0.0011,"aoml_navis",1026.65254461474
"7901009",40,0.00588212866565065,1,0.033642,1,0.011214,1,144.008061990714,1,4.87004136329451,188,1,21.1879997253418,36.875,0.0336420014500618,0.020558999851346,138.868194580078,-86.0782,21.9791,27.8237046762438,63,63,63,63,61,63,0.011214,9004,1.9064526870154,22,-86,0.001869,51,2024-07-11 14:41:59.001562,188,1.037,0.0011,"aoml_navis",1026.68532503337
"7901009",40,0.00686248344325909,1,0.035511,1,0.013083,1,143.704740247454,1,4.86976300854987,190,1,20.8840007781982,36.8300018310547,0.0355109982192516,0.0224280003458261,138.575698852539,-86.0782,21.9791,27.8237046762438,63,63,63,63,61,63,0.013083,9004,1.9064526870154,22,-86,0.001869,51,2024-07-11 14:41:59.001562,190,1.037,0.0011,"aoml_navis",1026.74401017493
"7901009",40,0.0117642573313013,1,0.044856,1,0.022428,1,143.341684580629,1,4.86962304989415,192,1,20.7169990539551,36.7970008850098,0.0448560006916523,0.0317730009555817,138.225601196289,-86.0782,21.9791,27.8237046762438,63,63,63,63,61,63,0.022428,9004,1.9064526870154,22,-86,0.001869,51,2024-07-11 14:41:59.001562,192,1.037,0.0011,"aoml_navis",1026.77351999734
"7901009",40,0.00686248344325909,1,0.035511,1,0.013083,1,143.972917873036,1,4.86931353144107,194,1,20.3899993896484,36.7540016174316,0.0355109982192516,0.0224280003458261,138.83430480957,-86.0782,21.9791,27.8237046762438,63,63,63,63,61,63,0.013083,9004,1.9064526870154,22,-86,0.001869,51,2024-07-11 14:41:59.001562,194,1.037,0.0011,"aoml_navis",1026.83878696968
"7901009",40,0.00588212866565065,1,0.033642,1,0.011214,1,144.540255646673,1,4.86912397263029,196,1,20.193000793457,36.7249984741211,0.0336420014500618,0.020558999851346,139.381393432617,-86.0782,21.9791,27.8237046762438,63,63,63,63,61,63,0.011214,9004,1.9064526870154,22,-86,0.001869,51,2024-07-11 14:41:59.001562,196,1.037,0.0011,"aoml_navis",1026.87876260809
"7901009",40,0.00784283822086753,1,0.03738,1,0.014952,1,145.003601010863,1,4.86905198854353,198,1,20.1520004272461,36.7190017700195,0.0373799987137318,0.0242970008403063,139.828201293945,-86.0782,21.9791,27.8237046762438,63,63,63,63,61,63,0.014952,9004,1.9064526870154,22,-86,0.001869,51,2024-07-11 14:41:59.001562,198,1.037,0.0011,"aoml_navis",1026.89394398839
"7901009",40,0.00392141911043377,1,0.029904,1,0.007476,1,145.410424633338,1,4.86892580097596,200,1,20.0769996643066,36.7159996032715,0.0299040004611015,0.0168210007250309,140.220504760742,-86.0782,21.9791,27.8237046762438,63,63,63,63,61,63,0.007476,9004,1.9064526870154,22,-86,0.001869,51,2024-07-11 14:41:59.001562,200,1.037,0.0011,"aoml_navis",1026.92055791809
"7901009",40,0.000980354777608442,1,0.024297,1,0.001869,1,145.468797731095,1,4.86879709298946,202,1,19.9799995422363,36.7060012817383,0.0242970008403063,0.0112140001729131,140.276794433594,-86.0782,21.9791,27.8237046762438,63,63,63,63,61,63,0.001869,9004,1.9064526870154,22,-86,0.001869,51,2024-07-11 14:41:59.001562,202,1.037,0.0011,"aoml_navis",1026.94770484468
"7901009",40,0,1,0.022428,1,0,1,145.23878652237,1,4.86871576141771,204,1,19.9200000762939,36.6959991455078,0.0224280003458261,0.00934499967843294,140.054992675781,-86.0782,21.9791,27.8237046762438,63,63,63,63,61,63,0,9004,1.9064526870154,22,-86,0.001869,51,2024-07-11 14:41:59.001562,204,1.037,0.0011,"aoml_navis",1026.96485993753
"7901009",40,0,1,0.022428,1,0,1,145.482073694504,1,4.86860863326171,206,1,19.8309993743896,36.6829986572266,0.0224280003458261,0.00934499967843294,140.289596557617,-86.0782,21.9791,27.8237046762438,63,63,63,63,61,63,0,9004,1.9064526870154,22,-86,0.001869,51,2024-07-11 14:41:59.001562,206,1.037,0.0011,"aoml_navis",1026.98745712289
"7901009",40,0,1,0.022428,1,0,1,145.801994347915,1,4.86849928771339,208,1,19.7399997711182,36.6699981689453,0.0224280003458261,0.00934499967843294,140.598098754883,-86.0782,21.9791,27.8237046762438,63,63,63,63,61,63,0,9004,1.9064526870154,22,-86,0.001869,51,2024-07-11 14:41:59.001562,208,1.037,0.0011,"aoml_navis",1027.01052306169
"7901009",40,-0.000980354777608442,1,0.020559,1,-0.001869,1,145.983886123114,1,4.86833389179517,210,1,19.5869998931885,36.6510009765625,0.020558999851346,0.00747600011527538,140.773498535156,-86.0782,21.9791,27.8237046762438,63,63,63,63,61,63,-0.001869,9004,1.9064526870154,22,-86,0.001869,51,2024-07-11 14:41:59.001562,210,1.037,0.0011,"aoml_navis",1027.04541453632
"7901009",40,-0.00196070955521688,1,0.01869,1,-0.003738,1,145.920528605246,1,4.86818807811059,212,1,19.4459991455078,36.6310005187988,0.0186899993568659,0.00560700008645654,140.71240234375,-86.0782,21.9791,27.8237046762438,63,63,63,63,61,63,-0.003738,9004,1.9064526870154,22,-86,0.001869,51,2024-07-11 14:41:59.001562,212,1.037,0.0011,"aoml_navis",1027.07617696245
"7901009",40,0,1,0.022428,1,0,1,145.582664039431,1,4.86807223653508,214,1,19.3400001525879,36.6150016784668,0.0224280003458261,0.00934499967843294,140.386596679688,-86.0782,21.9791,27.8237046762438,63,63,63,63,61,63,0,9004,1.9064526870154,22,-86,0.001869,51,2024-07-11 14:41:59.001562,214,1.037,0.0011,"aoml_navis",1027.10061746307
"7901009",40,-0.00294106433282533,1,0.016821,1,-0.005607,1,145.565353069264,1,4.86791497175727,216,1,19.1770000457764,36.5909996032715,0.0168210007250309,0.00373800005763769,140.369903564453,-86.0782,21.9791,27.8237046762438,63,63,63,63,61,63,-0.005607,9004,1.9064526870154,22,-86,0.001869,51,2024-07-11 14:41:59.001562,216,1.037,0.0011,"aoml_navis",1027.13379938004
"7901009",40,-0.00490177388804221,1,0.013083,1,-0.009345,1,145.731373817884,1,4.86771525492907,218,1,18.9669990539551,36.5629997253418,0.0130829997360706,0,140.529998779297,-86.0782,21.9791,27.8237046762438,63,63,63,63,61,63,-0.009345,9004,1.9064526870154,22,-86,0.001869,51,2024-07-11 14:41:59.001562,218,1.037,0.0011,"aoml_navis",1027.17594151321
"7901009",40,-0.00392141911043377,1,0.014952,1,-0.007476,1,146.109366921489,1,4.86754940043134,220,1,18.7950000762939,36.5390014648438,0.0149520002305508,0.00186900002881885,140.894500732422,-86.0782,21.9791,27.8237046762438,63,63,63,63,61,63,-0.007476,9004,1.9064526870154,22,-86,0.001869,51,2024-07-11 14:41:59.001562,220,1.037,0.0011,"aoml_navis",1027.21094100389
"7901009",40,-0.00294106433282533,1,0.016821,1,-0.005607,1,145.97705034696,1,4.86751537873413,222,1,18.7950000762939,36.5369987487793,0.0168210007250309,0.00373800005763769,140.766906738281,-86.0782,21.9791,27.8237046762438,63,63,63,63,61,63,-0.005607,9004,1.9064526870154,22,-86,0.001869,51,2024-07-11 14:41:59.001562,222,1.037,0.0011,"aoml_navis",1027.21812073665
"7901009",40,-0.00294106433282533,1,0.016821,1,-0.005607,1,145.95526131047,1,4.867408626088,224,1,18.7089996337891,36.5260009765625,0.0168210007250309,0.00373800005763769,140.745895385742,-86.0782,21.9791,27.8237046762438,63,63,63,63,61,63,-0.005607,9004,1.9064526870154,22,-86,0.001869,51,2024-07-11 14:41:59.001562,224,1.037,0.0011,"aoml_navis",1027.24064981957
"7901009",40,-0.00392141911043377,1,0.014952,1,-0.007476,1,145.847202247153,1,4.86729834989248,226,1,18.6049995422363,36.5099983215332,0.0149520002305508,0.00186900002881885,140.641693115234,-86.0782,21.9791,27.8237046762438,63,63,63,63,61,63,-0.007476,9004,1.9064526870154,22,-86,0.001869,51,2024-07-11 14:41:59.001562,226,1.037,0.0011,"aoml_navis",1027.26392355021
"7901009",40,-0.00196070955521688,1,0.01869,1,-0.003738,1,145.922490726178,1,4.86719935285091,228,1,18.5009994506836,36.4910011291504,0.0186899993568659,0.00560700008645654,140.714294433594,-86.0782,21.9791,27.8237046762438,63,63,63,63,61,63,-0.003738,9004,1.9064526870154,22,-86,0.001869,51,2024-07-11 14:41:59.001562,228,1.037,0.0011,"aoml_navis",1027.28481771993
"7901009",40,-0.00392141911043377,1,0.014952,1,-0.007476,1,146.293742994965,1,4.86707301108641,230,1,18.3889999389648,36.4770011901855,0.0149520002305508,0.00186900002881885,141.072296142578,-86.0782,21.9791,27.8237046762438,63,63,63,63,61,63,-0.007476,9004,1.9064526870154,22,-86,0.001869,51,2024-07-11 14:41:59.001562,230,1.037,0.0011,"aoml_navis",1027.31148446115
"7901009",40,-0.000980354777608442,1,0.020559,1,-0.001869,1,145.96532509203,1,4.86698455107891,232,1,18.3199996948242,36.4669990539551,0.020558999851346,0.00747600011527538,140.755599975586,-86.0782,21.9791,27.8237046762438,63,63,63,63,61,63,-0.001869,9004,1.9064526870154,22,-86,0.001869,51,2024-07-11 14:41:59.001562,232,1.037,0.0011,"aoml_navis",1027.33015638844
"7901009",40,-0.00490177388804221,1,0.013083,1,-0.009345,1,145.607965905333,1,4.86690588570631,234,1,18.2649993896484,36.4589996337891,0.0130829997360706,0,140.410995483398,-86.0782,21.9791,27.8237046762438,63,63,63,63,61,63,-0.009345,9004,1.9064526870154,22,-86,0.001869,51,2024-07-11 14:41:59.001562,234,1.037,0.0011,"aoml_navis",1027.34676145774
"7901009",40,-0.00392141911043377,1,0.014952,1,-0.007476,1,145.459161185545,1,4.86682740808496,236,1,18.1979999542236,36.4469985961914,0.0149520002305508,0.00186900002881885,140.267501831055,-86.0782,21.9791,27.8237046762438,63,63,63,63,61,63,-0.007476,9004,1.9064526870154,22,-86,0.001869,51,2024-07-11 14:41:59.001562,236,1.037,0.0011,"aoml_navis",1027.36332743048
"7901009",40,-0.00392141911043377,1,0.014952,1,-0.007476,1,145.12710386475,1,4.86678370840673,238,1,18.1900005340576,36.4449996948242,0.0149520002305508,0.00186900002881885,139.947296142578,-86.0782,21.9791,27.8237046762438,63,63,63,63,61,63,-0.007476,9004,1.9064526870154,22,-86,0.001869,51,2024-07-11 14:41:59.001562,238,1.037,0.0011,"aoml_navis",1027.37255230043
"7901009",40,-0.000980354777608442,1,0.020559,1,-0.001869,1,144.81476269462,1,4.86672806292506,240,1,18.1630001068115,36.439998626709,0.020558999851346,0.00747600011527538,139.646102905273,-86.0782,21.9791,27.8237046762438,63,63,63,63,61,63,-0.001869,9004,1.9064526870154,22,-86,0.001869,51,2024-07-11 14:41:59.001562,240,1.037,0.0011,"aoml_navis",1027.38429913317
"7901009",40,-0.00490177388804221,1,0.013083,1,-0.009345,1,144.835713082646,1,4.86664028787948,242,1,18.0849990844727,36.4269981384277,0.0130829997360706,0,139.666305541992,-86.0782,21.9791,27.8237046762438,63,63,63,63,61,63,-0.009345,9004,1.9064526870154,22,-86,0.001869,51,2024-07-11 14:41:59.001562,242,1.037,0.0011,"aoml_navis",1027.40282910423
"7901009",40,-0.00294106433282533,1,0.016821,1,-0.005607,1,144.690737663388,1,4.86656212249452,244,1,18.0300006866455,36.4189987182617,0.0168210007250309,0.00373800005763769,139.526504516602,-86.0782,21.9791,27.8237046762438,63,63,63,63,61,63,-0.005607,9004,1.9064526870154,22,-86,0.001869,51,2024-07-11 14:41:59.001562,244,1.037,0.0011,"aoml_navis",1027.41933096645
"7901009",40,-0.00196070955521688,1,0.01869,1,-0.003738,1,144.24565268272,1,4.86649959093237,246,1,17.988000869751,36.4109992980957,0.0186899993568659,0.00560700008645654,139.097305297852,-86.0782,21.9791,27.8237046762438,63,63,63,63,61,63,-0.003738,9004,1.9064526870154,22,-86,0.001869,51,2024-07-11 14:41:59.001562,246,1.037,0.0011,"aoml_navis",1027.43253268045
"7901009",40,-0.00294106433282533,1,0.016821,1,-0.005607,1,144.283803276022,1,4.8663627860244,248,1,17.8470001220703,36.390998840332,0.0168210007250309,0.00373800005763769,139.134094238281,-86.0782,21.9791,27.8237046762438,63,63,63,63,61,63,-0.005607,9004,1.9064526870154,22,-86,0.001869,51,2024-07-11 14:41:59.001562,248,1.037,0.0011,"aoml_navis",1027.46141622638
"7901009",40,-0.00294106433282533,1,0.016821,1,-0.005607,1,143.974262875288,1,4.86630761113973,250,1,17.8139991760254,36.3839988708496,0.0168210007250309,0.00373800005763769,138.835601806641,-86.0782,21.9791,27.8237046762438,63,63,63,63,61,63,-0.005607,9004,1.9064526870154,22,-86,0.001869,51,2024-07-11 14:41:59.001562,250,1.037,0.0011,"aoml_navis",1027.47306572939
"7901009",40,-0.00294106433282533,1,0.016821,1,-0.005607,1,143.587345286149,1,4.86625227007594,252,1,17.7900009155273,36.3800010681152,0.0168210007250309,0.00373800005763769,138.462493896484,-86.0782,21.9791,27.8237046762438,63,63,63,63,61,63,-0.005607,9004,1.9064526870154,22,-86,0.001869,51,2024-07-11 14:41:59.001562,252,1.037,0.0011,"aoml_navis",1027.48475058445
"7901009",40,-0.00294106433282533,1,0.016821,1,-0.005607,1,143.248974366546,1,4.86618547332819,254,1,17.7409992218018,36.3709983825684,0.0168210007250309,0.00373800005763769,138.136199951172,-86.0782,21.9791,27.8237046762438,63,63,63,63,61,63,-0.005607,9004,1.9064526870154,22,-86,0.001869,51,2024-07-11 14:41:59.001562,254,1.037,0.0011,"aoml_navis",1027.49885457619
"7901009",40,-0.00392141911043377,1,0.014952,1,-0.007476,1,142.977283911551,1,4.86609646414428,256,1,17.6669998168945,36.3600006103516,0.0149520002305508,0.00186900002881885,137.874206542969,-86.0782,21.9791,27.8237046762438,63,63,63,63,61,63,-0.007476,9004,1.9064526870154,22,-86,0.001869,51,2024-07-11 14:41:59.001562,256,1.037,0.0011,"aoml_navis",1027.51764927851
"7901009",40,-0.00196070955521688,1,0.01869,1,-0.003738,1,142.668977748179,1,4.86602989120492,258,1,17.6180000305176,36.351001739502,0.0186899993568659,0.00560700008645654,137.576904296875,-86.0782,21.9791,27.8237046762438,63,63,63,63,61,63,-0.003738,9004,1.9064526870154,22,-86,0.001869,51,2024-07-11 14:41:59.001562,258,1.037,0.0011,"aoml_navis",1027.53170691311
"7901009",40,-0.000980354777608442,1,0.020559,1,-0.001869,1,142.370418895248,1,4.86594713630328,260,1,17.548999786377,36.3400001525879,0.020558999851346,0.00747600011527538,137.289001464844,-86.0782,21.9791,27.8237046762438,63,63,63,63,61,63,-0.001869,9004,1.9064526870154,22,-86,0.001869,51,2024-07-11 14:41:59.001562,260,1.037,0.0011,"aoml_navis",1027.54918208967
"7901009",40,-0.00294106433282533,1,0.016821,1,-0.005607,1,142.067192093323,1,4.86585549801118,262,1,17.4629993438721,36.326000213623,0.0168210007250309,0.00373800005763769,136.996597290039,-86.0782,21.9791,27.8237046762438,63,63,63,63,61,63,-0.005607,9004,1.9064526870154,22,-86,0.001869,51,2024-07-11 14:41:59.001562,262,1.037,0.0011,"aoml_navis",1027.56853384644
"7901009",40,-0.00294106433282533,1,0.016821,1,-0.005607,1,141.50575650604,1,4.86578615847434,264,1,17.4020004272461,36.3139991760254,0.0168210007250309,0.00373800005763769,136.455200195312,-86.0782,21.9791,27.8237046762438,63,63,63,63,61,63,-0.005607,9004,1.9064526870154,22,-86,0.001869,51,2024-07-11 14:41:59.001562,264,1.037,0.0011,"aoml_navis",1027.58317713817
"7901009",40,-0.00294106433282533,1,0.016821,1,-0.005607,1,141.279796127629,1,4.86564143281164,266,1,17.242000579834,36.2910003662109,0.0168210007250309,0.00373800005763769,136.2373046875,-86.0782,21.9791,27.8237046762438,63,63,63,63,61,63,-0.005607,9004,1.9064526870154,22,-86,0.001869,51,2024-07-11 14:41:59.001562,266,1.037,0.0011,"aoml_navis",1027.61374199963
"7901009",40,-0.00392141911043377,1,0.014952,1,-0.007476,1,140.909778096203,1,4.86552655983065,268,1,17.1100006103516,36.2690010070801,0.0149520002305508,0.00186900002881885,135.880493164062,-86.0782,21.9791,27.8237046762438,63,63,63,63,61,63,-0.007476,9004,1.9064526870154,22,-86,0.001869,51,2024-07-11 14:41:59.001562,268,1.037,0.0011,"aoml_navis",1027.63800351632
"7901009",40,-0.00294106433282533,1,0.016821,1,-0.005607,1,140.69698291631,1,4.86539742396071,270,1,16.9650001525879,36.2470016479492,0.0168210007250309,0.00373800005763769,135.67529296875,-86.0782,21.9791,27.8237046762438,63,63,63,63,61,63,-0.005607,9004,1.9064526870154,22,-86,0.001869,51,2024-07-11 14:41:59.001562,270,1.037,0.0011,"aoml_navis",1027.6652787656
"7901009",40,-0.00588212866565065,1,0.011214,1,-0.011214,1,140.516752614482,1,4.86531339756568,272,1,16.886999130249,36.234001159668,0.0112140001729131,-0.00186900002881885,135.501495361328,-86.0782,21.9791,27.8237046762438,63,63,63,63,61,63,-0.011214,9004,1.9064526870154,22,-86,0.001869,51,2024-07-11 14:41:59.001562,272,1.037,0.0011,"aoml_navis",1027.68302705879
"7901009",40,-0.00490177388804221,1,0.013083,1,-0.009345,1,140.165833615041,1,4.86526349467818,274,1,16.867000579834,36.2299995422363,0.0130829997360706,0,135.163101196289,-86.0782,21.9791,27.8237046762438,63,63,63,63,61,63,-0.009345,9004,1.9064526870154,22,-86,0.001869,51,2024-07-11 14:41:59.001562,274,1.037,0.0011,"aoml_navis",1027.69356797822
"7901009",40,0,1,0.020559,1,-0.001869,1,139.753930631119,1,4.86520402274664,276,1,16.826000213623,36.2220001220703,0.020558999851346,0,134.765899658203,-86.0782,21.9791,27.8237046762438,63,63,63,63,61,63,0,9004,1.9064526870154,22,-86,0.001869,51,2024-07-11 14:41:59.001562,276,1.037,0.0011,"aoml_navis",1027.70613043629
"7901009",40,0,1,0.016821,1,-0.005607,1,139.621408350363,1,4.86512117606043,278,1,16.7549991607666,36.2109985351562,0.0168210007250309,0,134.638107299805,-86.0782,21.9791,27.8237046762438,63,63,63,63,61,63,0,9004,1.9064526870154,22,-86,0.001869,51,2024-07-11 14:41:59.001562,278,1.037,0.0011,"aoml_navis",1027.72363093509
"7901009",40,0,1,0.013083,1,-0.009345,1,139.481195821434,1,4.86507364142063,280,1,16.7369995117188,36.2070007324219,0.0130829997360706,0,134.502899169922,-86.0782,21.9791,27.8237046762438,63,63,63,63,61,63,0,9004,1.9064526870154,22,-86,0.001869,51,2024-07-11 14:41:59.001562,280,1.037,0.0011,"aoml_navis",1027.7336724013
"7901009",40,0,1,0.014952,1,-0.007476,1,139.207527421951,1,4.86502000373804,282,1,16.7199993133545,36.2050018310547,0.0149520002305508,0,134.238998413086,-86.0782,21.9791,27.8237046762438,63,63,63,63,61,63,0,9004,1.9064526870154,22,-86,0.001869,51,2024-07-11 14:41:59.001562,282,1.037,0.0011,"aoml_navis",1027.74500334187
"7901009",40,0,1,0.014952,1,-0.007476,1,139.08733169125,1,4.86496585869536,284,1,16.693000793457,36.2000007629395,0.0149520002305508,0,134.123092651367,-86.0782,21.9791,27.8237046762438,63,63,63,63,61,63,0,9004,1.9064526870154,22,-86,0.001869,51,2024-07-11 14:41:59.001562,284,1.037,0.0011,"aoml_navis",1027.75644171547
"7901009",40,0,1,0.016821,1,-0.005607,1,138.895486899384,1,4.8649126724951,286,1,16.6700000762939,36.1959991455078,0.0168210007250309,0,133.938095092773,-86.0782,21.9791,27.8237046762438,63,63,63,63,61,63,0,9004,1.9064526870154,22,-86,0.001869,51,2024-07-11 14:41:59.001562,286,1.037,0.0011,"aoml_navis",1027.76767777737
"7901009",40,0,1,0.016821,1,-0.005607,1,138.539583479831,1,4.8648659182692,288,1,16.6590003967285,36.1940002441406,0.0168210007250309,0,133.59489440918,-86.0782,21.9791,27.8237046762438,63,63,63,63,61,63,0,9004,1.9064526870154,22,-86,0.001869,51,2024-07-11 14:41:59.001562,288,1.037,0.0011,"aoml_navis",1027.7775552299
"7901009",40,0,1,0.01869,1,-0.003738,1,138.112853824019,1,4.86481845988577,290,1,16.6410007476807,36.189998626709,0.0186899993568659,0,133.183395385742,-86.0782,21.9791,27.8237046762438,63,63,63,63,61,63,0,9004,1.9064526870154,22,-86,0.001869,51,2024-07-11 14:41:59.001562,290,1.037,0.0011,"aoml_navis",1027.78758163926
"7901009",40,0,1,0.020559,1,-0.001869,1,137.524154249901,1,4.86476437643385,292,1,16.6140003204346,36.185001373291,0.020558999851346,0,132.615707397461,-86.0782,21.9791,27.8237046762438,63,63,63,63,61,63,0,9004,1.9064526870154,22,-86,0.001869,51,2024-07-11 14:41:59.001562,292,1.037,0.0011,"aoml_navis",1027.79900794811
"7901009",40,0,1,0.014952,1,-0.007476,1,136.767535100455,1,4.86469276647707,294,1,16.5459995269775,36.1720008850098,0.0149520002305508,0,131.886093139648,-86.0782,21.9791,27.8237046762438,63,63,63,63,61,63,0,9004,1.9064526870154,22,-86,0.001869,51,2024-07-11 14:41:59.001562,294,1.037,0.0011,"aoml_navis",1027.81413750429
"7901009",40,0,1,0.016821,1,-0.005607,1,135.898426292036,1,4.86461794627563,296,1,16.4750003814697,36.1590003967285,0.0168210007250309,0,131.048004150391,-86.0782,21.9791,27.8237046762438,63,63,63,63,61,63,0,9004,1.9064526870154,22,-86,0.001869,51,2024-07-11 14:41:59.001562,296,1.037,0.0011,"aoml_navis",1027.82994578804
"7901009",40,0,1,0.020559,1,-0.001869,1,135.042989035924,1,4.86450653524853,298,1,16.3360004425049,36.1349983215332,0.020558999851346,0,130.223098754883,-86.0782,21.9791,27.8237046762438,63,63,63,63,61,63,0,9004,1.9064526870154,22,-86,0.001869,51,2024-07-11 14:41:59.001562,298,1.037,0.0011,"aoml_navis",1027.85348601542
"7901009",40,0,1,0.020559,1,-0.001869,1,134.874784636589,1,4.86432787921087,300,1,16.0939998626709,36.0979995727539,0.020558999851346,0,130.060897827148,-86.0782,21.9791,27.8237046762438,63,63,63,63,61,63,0,9004,1.9064526870154,22,-86,0.001869,51,2024-07-11 14:41:59.001562,300,1.037,0.0011,"aoml_navis",1027.89123680765
"7901009",40,0,1,0.016821,1,-0.005607,1,134.486110632744,1,4.86424300984991,302,1,16.0030002593994,36.0820007324219,0.0168210007250309,0,129.686096191406,-86.0782,21.9791,27.8237046762438,63,63,63,63,61,63,0,9004,1.9064526870154,22,-86,0.001869,51,2024-07-11 14:41:59.001562,302,1.037,0.0011,"aoml_navis",1027.90917104166
"7901009",40,0,1,0.01869,1,-0.003738,1,133.875321374574,1,4.86417856401646,304,1,15.9530000686646,36.0730018615723,0.0186899993568659,0,129.097106933594,-86.0782,21.9791,27.8237046762438,63,63,63,63,61,63,0,9004,1.9064526870154,22,-86,0.001869,51,2024-07-11 14:41:59.001562,304,1.037,0.0011,"aoml_navis",1027.92278988035
"7901009",40,0,1,0.020559,1,-0.001869,1,133.288884568952,1,4.86409786932066,306,1,15.8620004653931,36.0559997558594,0.020558999851346,0,128.531600952148,-86.0782,21.9791,27.8237046762438,63,63,63,63,61,63,0,9004,1.9064526870154,22,-86,0.001869,51,2024-07-11 14:41:59.001562,306,1.037,0.0011,"aoml_navis",1027.93984297407
"7901009",40,0,1,0.020559,1,-0.001869,1,132.726618244983,1,4.86399565905764,308,1,15.7379999160767,36.0349998474121,0.020558999851346,0,127.989402770996,-86.0782,21.9791,27.8237046762438,63,63,63,63,61,63,0,9004,1.9064526870154,22,-86,0.001869,51,2024-07-11 14:41:59.001562,308,1.037,0.0011,"aoml_navis",1027.96144373383
"7901009",40,0,1,0.020559,1,-0.001869,1,132.581120648381,1,4.8638725160365,310,1,15.5909996032715,36.0130004882812,0.020558999851346,0,127.849098205566,-86.0782,21.9791,27.8237046762438,63,63,63,63,61,63,0,9004,1.9064526870154,22,-86,0.001869,51,2024-07-11 14:41:59.001562,310,1.037,0.0011,"aoml_navis",1027.98746955532
"7901009",40,0,1,0.022428,1,0,1,132.291897693437,1,4.86379795881553,312,1,15.5209999084473,36.0009994506836,0.0224280003458261,0,127.570198059082,-86.0782,21.9791,27.8237046762438,63,63,63,63,61,63,0,9004,1.9064526870154,22,-86,0.001869,51,2024-07-11 14:41:59.001562,312,1.037,0.0011,"aoml_navis",1028.00322758835
"7901009",40,0,1,0.01869,1,-0.003738,1,132.013569256738,1,4.86373231117926,314,1,15.4689998626709,35.992000579834,0.0186899993568659,0,127.301803588867,-86.0782,21.9791,27.8237046762438,63,63,63,63,61,63,0,9004,1.9064526870154,22,-86,0.001869,51,2024-07-11 14:41:59.001562,314,1.037,0.0011,"aoml_navis",1028.01710293708
"7901009",40,0,1,0.024297,1,0.001869,1,131.685246295138,1,4.86366171324744,316,1,15.4090003967285,35.9819984436035,0.0242970008403063,0,126.985198974609,-86.0782,21.9791,27.8237046762438,63,63,63,63,61,63,0,9004,1.9064526870154,22,-86,0.001869,51,2024-07-11 14:41:59.001562,316,1.037,0.0011,"aoml_navis",1028.03202500314
"7901009",40,0,1,0.01869,1,-0.003738,1,131.377668015337,1,4.86358695556029,318,1,15.335000038147,35.9690017700195,0.0186899993568659,0,126.688598632812,-86.0782,21.9791,27.8237046762438,63,63,63,63,61,63,0,9004,1.9064526870154,22,-86,0.001869,51,2024-07-11 14:41:59.001562,318,1.037,0.0011,"aoml_navis",1028.04782677603
"7901009",40,0,1,0.020559,1,-0.001869,1,131.032864820256,1,4.86350958257928,320,1,15.2550001144409,35.9550018310547,0.020558999851346,0,126.356101989746,-86.0782,21.9791,27.8237046762438,63,63,63,63,61,63,0,9004,1.9064526870154,22,-86,0.001869,51,2024-07-11 14:41:59.001562,320,1.037,0.0011,"aoml_navis",1028.06418186357
"7901009",40,0,1,0.01869,1,-0.003738,1,130.945961851192,1,4.8634284383586,322,1,15.1780004501343,35.943000793457,0.0186899993568659,0,126.272300720215,-86.0782,21.9791,27.8237046762438,63,63,63,63,61,63,0,9004,1.9064526870154,22,-86,0.001869,51,2024-07-11 14:41:59.001562,322,1.037,0.0011,"aoml_navis",1028.08133467417
"7901009",40,0,1,0.01869,1,-0.003738,1,130.685775121345,1,4.863385452327,324,1,15.1700000762939,35.9410018920898,0.0186899993568659,0,126.02140045166,-86.0782,21.9791,27.8237046762438,63,63,63,63,61,63,0,9004,1.9064526870154,22,-86,0.001869,51,2024-07-11 14:41:59.001562,324,1.037,0.0011,"aoml_navis",1028.09042158228
"7901009",40,0,1,0.01869,1,-0.003738,1,130.401734380963,1,4.86330912693652,326,1,15.1040000915527,35.9309997558594,0.0186899993568659,0,125.747497558594,-86.0782,21.9791,27.8237046762438,63,63,63,63,61,63,0,9004,1.9064526870154,22,-86,0.001869,51,2024-07-11 14:41:59.001562,326,1.037,0.0011,"aoml_navis",1028.1065565638
"7901009",40,0,1,0.020559,1,-0.001869,1,130.322300130289,1,4.86323167170279,328,1,15.0299997329712,35.9189987182617,0.020558999851346,0,125.6708984375,-86.0782,21.9791,27.8237046762438,63,63,63,63,61,63,0,9004,1.9064526870154,22,-86,0.001869,51,2024-07-11 14:41:59.001562,328,1.037,0.0011,"aoml_navis",1028.12293090889
"7901009",40,0,1,0.01869,1,-0.003738,1,130.133153254705,1,4.86318378181847,330,1,15.0139999389648,35.9160003662109,0.0186899993568659,0,125.488502502441,-86.0782,21.9791,27.8237046762438,63,63,63,63,61,63,0,9004,1.9064526870154,22,-86,0.001869,51,2024-07-11 14:41:59.001562,330,1.037,0.0011,"aoml_navis",1028.13305528223
"7901009",40,0,1,0.01869,1,-0.003738,1,129.764907461541,1,4.86314663233936,332,1,15.0080003738403,35.9129981994629,0.0186899993568659,0,125.133399963379,-86.0782,21.9791,27.8237046762438,63,63,63,63,61,63,0,9004,1.9064526870154,22,-86,0.001869,51,2024-07-11 14:41:59.001562,332,1.037,0.0011,"aoml_navis",1028.14090916991
"7901009",40,0,1,0.022428,1,0,1,129.216842779003,1,4.86308954429996,334,1,14.9630002975464,35.9039993286133,0.0224280003458261,0,124.60489654541,-86.0782,21.9791,27.8237046762438,63,63,63,63,61,63,0,9004,1.9064526870154,22,-86,0.001869,51,2024-07-11 14:41:59.001562,334,1.037,0.0011,"aoml_navis",1028.15297856494
"7901009",40,0,1,0.020559,1,-0.001869,1,128.864673718645,1,4.86296397057411,336,1,14.798999786377,35.8790016174316,0.020558999851346,0,124.265296936035,-86.0782,21.9791,27.8237046762438,63,63,63,63,61,63,0,9004,1.9064526870154,22,-86,0.001869,51,2024-07-11 14:41:59.001562,336,1.037,0.0011,"aoml_navis",1028.17952801113
"7901009",40,0,1,0.016821,1,-0.005607,1,128.334663713402,1,4.86289638386575,338,1,14.7299995422363,35.8660011291504,0.0168210007250309,0,123.754203796387,-86.0782,21.9791,27.8237046762438,63,63,63,63,61,63,0,9004,1.9064526870154,22,-86,0.001869,51,2024-07-11 14:41:59.001562,338,1.037,0.0011,"aoml_navis",1028.19381810995
"7901009",40,0,1,0.020559,1,-0.001869,1,128.206793558084,1,4.8627682562661,340,1,14.5620002746582,35.8409996032715,0.020558999851346,0,123.630897521973,-86.0782,21.9791,27.8237046762438,63,63,63,63,61,63,0,9004,1.9064526870154,22,-86,0.001869,51,2024-07-11 14:41:59.001562,340,1.037,0.0011,"aoml_navis",1028.22090967569
"7901009",40,0,1,0.016821,1,-0.005607,1,127.931257979003,1,4.86269511529019,342,1,14.4940004348755,35.8300018310547,0.0168210007250309,0,123.365196228027,-86.0782,21.9791,27.8237046762438,63,63,63,63,61,63,0,9004,1.9064526870154,22,-86,0.001869,51,2024-07-11 14:41:59.001562,342,1.037,0.0011,"aoml_navis",1028.23637539563
"7901009",40,0,1,0.020559,1,-0.001869,1,127.936962370909,1,4.86261582451066,344,1,14.4060001373291,35.814998626709,0.020558999851346,0,123.370697021484,-86.0782,21.9791,27.8237046762438,63,63,63,63,61,63,0,9004,1.9064526870154,22,-86,0.001869,51,2024-07-11 14:41:59.001562,344,1.037,0.0011,"aoml_navis",1028.25314202221
"7901009",40,0,1,0.020559,1,-0.001869,1,127.879926363628,1,4.86255623872141,346,1,14.3680000305176,35.8089981079102,0.020558999851346,0,123.315696716309,-86.0782,21.9791,27.8237046762438,63,63,63,63,61,63,0,9004,1.9064526870154,22,-86,0.001869,51,2024-07-11 14:41:59.001562,346,1.037,0.0011,"aoml_navis",1028.26574224152
"7901009",40,0,1,0.022428,1,0,1,127.570488816007,1,4.86251135463713,348,1,14.3579998016357,35.806999206543,0.0224280003458261,0,123.017303466797,-86.0782,21.9791,27.8237046762438,63,63,63,63,61,63,0,9004,1.9064526870154,22,-86,0.001869,51,2024-07-11 14:41:59.001562,348,1.037,0.0011,"aoml_navis",1028.27523379082
"7901009",40,0,1,0.022428,1,0,1,127.322122282426,1,4.86245547953104,350,1,14.3199996948242,35.7999992370605,0.0224280003458261,0,122.777801513672,-86.0782,21.9791,27.8237046762438,63,63,63,63,61,63,0,9004,1.9064526870154,22,-86,0.001869,51,2024-07-11 14:41:59.001562,350,1.037,0.0011,"aoml_navis",1028.28704983479
"7901009",40,0,1,0.020559,1,-0.001869,1,127.111399988358,1,4.86238768966429,352,1,14.2670001983643,35.7919998168945,0.020558999851346,0,122.574600219727,-86.0782,21.9791,27.8237046762438,63,63,63,63,61,63,0,9004,1.9064526870154,22,-86,0.001869,51,2024-07-11 14:41:59.001562,352,1.037,0.0011,"aoml_navis",1028.30138588665
"7901009",40,0,1,0.01869,1,-0.003738,1,126.919238725373,1,4.86231846330348,354,1,14.2089996337891,35.7830009460449,0.0186899993568659,0,122.389297485352,-86.0782,21.9791,27.8237046762438,63,63,63,63,61,63,0,9004,1.9064526870154,22,-86,0.001869,51,2024-07-11 14:41:59.001562,354,1.037,0.0011,"aoml_navis",1028.31602613766
"7901009",40,0,1,0.020559,1,-0.001869,1,126.739111276659,1,4.86226696152772,356,1,14.1750001907349,35.7760009765625,0.020558999851346,0,122.215599060059,-86.0782,21.9791,27.8237046762438,63,63,63,63,61,63,0,9004,1.9064526870154,22,-86,0.001869,51,2024-07-11 14:41:59.001562,356,1.037,0.0011,"aoml_navis",1028.32691819723
"7901009",40,0,1,0.020559,1,-0.001869,1,126.646503915689,1,4.86220051660946,358,1,14.1230001449585,35.7680015563965,0.020558999851346,0,122.12629699707,-86.0782,21.9791,27.8237046762438,63,63,63,63,61,63,0,9004,1.9064526870154,22,-86,0.001869,51,2024-07-11 14:41:59.001562,358,1.037,0.0011,"aoml_navis",1028.34097090809
"7901009",40,0,1,0.016821,1,-0.005607,1,126.549030811276,1,4.86214701079276,360,1,14.0939998626709,35.7630004882812,0.0168210007250309,0,122.032302856445,-86.0782,21.9791,27.8237046762438,63,63,63,63,61,63,0,9004,1.9064526870154,22,-86,0.001869,51,2024-07-11 14:41:59.001562,360,1.037,0.0011,"aoml_navis",1028.35228735397
"7901009",40,0,1,0.020559,1,-0.001869,1,126.441383160413,1,4.86209299160605,362,1,14.0679998397827,35.7589988708496,0.020558999851346,0,121.928497314453,-86.0782,21.9791,27.8237046762438,63,63,63,63,61,63,0,9004,1.9064526870154,22,-86,0.001869,51,2024-07-11 14:41:59.001562,362,1.037,0.0011,"aoml_navis",1028.36371262994
"7901009",40,0,1,0.01869,1,-0.003738,1,126.306162963374,1,4.86203953239845,364,1,14.0389995574951,35.7540016174316,0.0186899993568659,0,121.79810333252,-86.0782,21.9791,27.8237046762438,63,63,63,63,61,63,0,9004,1.9064526870154,22,-86,0.001869,51,2024-07-11 14:41:59.001562,364,1.037,0.0011,"aoml_navis",1028.37501971801
"7901009",40,0,1,0.022428,1,0,1,126.048049119352,1,4.86198818032974,366,1,14.0120000839233,35.7490005493164,0.0224280003458261,0,121.549201965332,-86.0782,21.9791,27.8237046762438,63,63,63,63,61,63,0,9004,1.9064526870154,22,-86,0.001869,51,2024-07-11 14:41:59.001562,366,1.037,0.0011,"aoml_navis",1028.38588136199
"7901009",40,0,1,0.01869,1,-0.003738,1,125.906388735057,1,4.86191189997335,368,1,13.9429998397827,35.7389984130859,0.0186899993568659,0,121.41259765625,-86.0782,21.9791,27.8237046762438,63,63,63,63,61,63,0,9004,1.9064526870154,22,-86,0.001869,51,2024-07-11 14:41:59.001562,368,1.037,0.0011,"aoml_navis",1028.40201609318
"7901009",40,0,1,0.020559,1,-0.001869,1,125.763383348511,1,4.86185504321885,370,1,13.9069995880127,35.7330017089844,0.020558999851346,0,121.274696350098,-86.0782,21.9791,27.8237046762438,63,63,63,63,61,63,0,9004,1.9064526870154,22,-86,0.001869,51,2024-07-11 14:41:59.001562,370,1.037,0.0011,"aoml_navis",1028.41404269628
"7901009",40,0,1,0.022428,1,0,1,125.540120886382,1,4.86180394444821,372,1,13.8730001449585,35.726001739502,0.0224280003458261,0,121.05940246582,-86.0782,21.9791,27.8237046762438,63,63,63,63,61,63,0,9004,1.9064526870154,22,-86,0.001869,51,2024-07-11 14:41:59.001562,372,1.037,0.0011,"aoml_navis",1028.42485158407
"7901009",40,0,1,0.020559,1,-0.001869,1,125.598399042803,1,4.86173609638663,374,1,13.8190002441406,35.7179985046387,0.020558999851346,0,121.115600585938,-86.0782,21.9791,27.8237046762438,63,63,63,63,61,63,0,9004,1.9064526870154,22,-86,0.001869,51,2024-07-11 14:41:59.001562,374,1.037,0.0011,"aoml_navis",1028.43920378898
"7901009",40,0,1,0.026166,1,0.003738,1,125.611675006213,1,4.86167431297252,376,1,13.7779998779297,35.7120018005371,0.0261659994721413,0,121.128402709961,-86.0782,21.9791,27.8237046762438,63,63,63,63,61,63,0,9004,1.9064526870154,22,-86,0.001869,51,2024-07-11 14:41:59.001562,376,1.037,0.0011,"aoml_navis",1028.45227346027
"7901009",40,0,1,0.024297,1,0.001869,1,125.655126490745,1,4.86161551171921,378,1,13.7469997406006,35.7080001831055,0.0242970008403063,0,121.170303344727,-86.0782,21.9791,27.8237046762438,63,63,63,63,61,63,0,9004,1.9064526870154,22,-86,0.001869,51,2024-07-11 14:41:59.001562,378,1.037,0.0011,"aoml_navis",1028.46471259342
"7901009",40,0,1,0.022428,1,0,1,125.642261939789,1,4.86155878407389,380,1,13.7180004119873,35.7039985656738,0.0224280003458261,0,121.157897949219,-86.0782,21.9791,27.8237046762438,63,63,63,63,61,63,0,9004,1.9064526870154,22,-86,0.001869,51,2024-07-11 14:41:59.001562,380,1.037,0.0011,"aoml_navis",1028.47671334956
"7901009",40,0,1,0.022428,1,0,1,125.522176973979,1,4.86151165224239,382,1,13.7019996643066,35.701000213623,0.0224280003458261,0,121.042098999023,-86.0782,21.9791,27.8237046762438,63,63,63,63,61,63,0,9004,1.9064526870154,22,-86,0.001869,51,2024-07-11 14:41:59.001562,382,1.037,0.0011,"aoml_navis",1028.48668432045
"7901009",40,0,1,0.024297,1,0.001869,1,125.339660168322,1,4.86146147981571,384,1,13.6829996109009,35.6980018615723,0.0242970008403063,0,120.866096496582,-86.0782,21.9791,27.8237046762438,63,63,63,63,61,63,0,9004,1.9064526870154,22,-86,0.001869,51,2024-07-11 14:41:59.001562,384,1.037,0.0011,"aoml_navis",1028.49729875666
"7901009",40,0,1,0.024297,1,0.001869,1,125.124072130811,1,4.86140948082071,386,1,13.6549997329712,35.693000793457,0.0242970008403063,0,120.658203125,-86.0782,21.9791,27.8237046762438,63,63,63,63,61,63,0,9004,1.9064526870154,22,-86,0.001869,51,2024-07-11 14:41:59.001562,386,1.037,0.0011,"aoml_navis",1028.50829985132
"7901009",40,0,1,0.024297,1,0.001869,1,124.829659049529,1,4.8613491775381,388,1,13.6079998016357,35.685001373291,0.0242970008403063,0,120.374298095703,-86.0782,21.9791,27.8237046762438,63,63,63,63,61,63,0,9004,1.9064526870154,22,-86,0.001869,51,2024-07-11 14:41:59.001562,388,1.037,0.0011,"aoml_navis",1028.5210581257
"7901009",40,0,1,0.026166,1,0.003738,1,124.637292080317,1,4.86128272010552,390,1,13.543999671936,35.673999786377,0.0261659994721413,0,120.18879699707,-86.0782,21.9791,27.8237046762438,63,63,63,63,61,63,0,9004,1.9064526870154,22,-86,0.001869,51,2024-07-11 14:41:59.001562,390,1.037,0.0011,"aoml_navis",1028.53511879093
"7901009",40,0,1,0.024297,1,0.001869,1,124.585857611828,1,4.86119791033125,392,1,13.4580001831055,35.6619987487793,0.0242970008403063,0,120.139198303223,-86.0782,21.9791,27.8237046762438,63,63,63,63,61,63,0,9004,1.9064526870154,22,-86,0.001869,51,2024-07-11 14:41:59.001562,392,1.037,0.0011,"aoml_navis",1028.55306289295
"7901009",40,0,1,0.024297,1,0.001869,1,124.644966504934,1,4.86113020596455,394,1,13.3959999084473,35.6520004272461,0.0242970008403063,0,120.196197509766,-86.0782,21.9791,27.8237046762438,63,63,63,63,61,63,0,9004,1.9064526870154,22,-86,0.001869,51,2024-07-11 14:41:59.001562,394,1.037,0.0011,"aoml_navis",1028.56738827219
"7901009",40,0,1,0.022428,1,0,1,124.569891643913,1,4.86108061981166,396,1,13.3809995651245,35.6500015258789,0.0224280003458261,0,120.123802185059,-86.0782,21.9791,27.8237046762438,63,63,63,63,61,63,0,9004,1.9064526870154,22,-86,0.001869,51,2024-07-11 14:41:59.001562,396,1.037,0.0011,"aoml_navis",1028.57788032195
"7901009",40,0,1,0.020559,1,-0.001869,1,124.473858483089,1,4.86103507088097,398,1,13.3699998855591,35.6479988098145,0.020558999851346,0,120.031196594238,-86.0782,21.9791,27.8237046762438,63,63,63,63,61,63,0,9004,1.9064526870154,22,-86,0.001869,51,2024-07-11 14:41:59.001562,398,1.037,0.0011,"aoml_navis",1028.58751831508
"7901009",40,0,4,0.013083,1,-0.009345,1,124.306801291557,1,4.86098312703744,400,1,13.3489999771118,35.6450004577637,0.0130829997360706,0,119.870101928711,-86.0782,21.9791,27.8237046762438,63,63,63,63,61,63,0,9004,1.9064526870154,22,-86,0.001869,51,2024-07-11 14:41:59.001562,400,1.037,0.0011,"aoml_navis",1028.59850966965
"7901009",40,0,1,0.024297,1,0.001869,1,124.15176209074,1,4.8609334955025,402,1,13.3229999542236,35.6399993896484,0.0242970008403063,0,119.720596313477,-86.0782,21.9791,27.8237046762438,63,63,63,63,61,63,0,9004,1.9064526870154,22,-86,0.001869,51,2024-07-11 14:41:59.001562,402,1.037,0.0011,"aoml_navis",1028.60901195751
"7901009",40,0,1,0.026166,1,0.003738,1,123.860679867977,1,4.86087517472076,404,1,13.2810001373291,35.632999420166,0.0261659994721413,0,119.439903259277,-86.0782,21.9791,27.8237046762438,63,63,63,63,61,63,0,9004,1.9064526870154,22,-86,0.001869,51,2024-07-11 14:41:59.001562,404,1.037,0.0011,"aoml_navis",1028.62135320873
"7901009",40,0,1,0.024297,1,0.001869,1,123.730531120608,1,4.86079327960844,406,1,13.1969995498657,35.6209983825684,0.0242970008403063,0,119.314399719238,-86.0782,21.9791,27.8237046762438,63,63,63,63,61,63,0,9004,1.9064526870154,22,-86,0.001869,51,2024-07-11 14:41:59.001562,406,1.037,0.0011,"aoml_navis",1028.63868352015
"7901009",40,0,1,0.022428,1,0,1,123.643944622662,1,4.86073219208755,408,1,13.1520004272461,35.6139984130859,0.0224280003458261,0,119.230903625488,-86.0782,21.9791,27.8237046762438,63,63,63,63,61,63,0,9004,1.9064526870154,22,-86,0.001869,51,2024-07-11 14:41:59.001562,408,1.037,0.0011,"aoml_navis",1028.65161099374
"7901009",40,0,1,0.01869,1,-0.003738,1,123.454892688414,1,4.86067447435466,410,1,13.1140003204346,35.6080017089844,0.0186899993568659,0,119.048599243164,-86.0782,21.9791,27.8237046762438,63,63,63,63,61,63,0,9004,1.9064526870154,22,-86,0.001869,51,2024-07-11 14:41:59.001562,410,1.037,0.0011,"aoml_navis",1028.66382564404
"7901009",40,0,1,0.020559,1,-0.001869,1,123.258174241326,1,4.86061881071986,412,1,13.0780000686646,35.6020011901855,0.020558999851346,0,118.858901977539,-86.0782,21.9791,27.8237046762438,63,63,63,63,61,63,0,9004,1.9064526870154,22,-86,0.001869,51,2024-07-11 14:41:59.001562,412,1.037,0.0011,"aoml_navis",1028.67560586581
"7901009",40,0,1,0.026166,1,0.003738,1,123.16276611096,1,4.86055298965009,414,1,13.0279998779297,35.5950012207031,0.0261659994721413,0,118.766899108887,-86.0782,21.9791,27.8237046762438,63,63,63,63,61,63,0,9004,1.9064526870154,22,-86,0.001869,51,2024-07-11 14:41:59.001562,414,1.037,0.0011,"aoml_navis",1028.68953607683
"7901009",40,0,1,0.020559,1,-0.001869,1,123.035734604106,1,4.86050368348043,416,1,13.0019998550415,35.5900001525879,0.020558999851346,0,118.644401550293,-86.0782,21.9791,27.8237046762438,63,63,63,63,61,63,0,9004,1.9064526870154,22,-86,0.001869,51,2024-07-11 14:41:59.001562,416,1.037,0.0011,"aoml_navis",1028.69997136175
"7901009",40,0,1,0.026166,1,0.003738,1,122.879453254149,1,4.86045696925536,418,1,12.9860000610352,35.5870018005371,0.0261659994721413,0,118.493698120117,-86.0782,21.9791,27.8237046762438,63,63,63,63,61,63,0,9004,1.9064526870154,22,-86,0.001869,51,2024-07-11 14:41:59.001562,418,1.037,0.0011,"aoml_navis",1028.70985827615
"7901009",40,0,1,0.020559,1,-0.001869,1,122.692173558163,1,4.86040208260449,420,1,12.9580001831055,35.5830001831055,0.020558999851346,0,118.313102722168,-86.0782,21.9791,27.8237046762438,63,63,63,63,61,63,0,9004,1.9064526870154,22,-86,0.001869,51,2024-07-11 14:41:59.001562,420,1.037,0.0011,"aoml_navis",1028.72147510082
"7901009",40,0,1,0.026166,1,0.003738,1,122.539729420515,1,4.86034890301026,422,1,12.9280004501343,35.5779991149902,0.0261659994721413,0,118.16609954834,-86.0782,21.9791,27.8237046762438,63,63,63,63,61,63,0,9004,1.9064526870154,22,-86,0.001869,51,2024-07-11 14:41:59.001562,422,1.037,0.0011,"aoml_navis",1028.73273087519
"7901009",40,0,1,0.022428,1,0,1,122.303080230086,1,4.8602902628376,424,1,12.8850002288818,35.5709991455078,0.0224280003458261,0,117.937896728516,-86.0782,21.9791,27.8237046762438,63,63,63,63,61,63,0,9004,1.9064526870154,22,-86,0.001869,51,2024-07-11 14:41:59.001562,424,1.037,0.0011,"aoml_navis",1028.74514269871
"7901009",40,0,1,0.024297,1,0.001869,1,122.121504926006,1,4.86021587628781,426,1,12.8109998703003,35.560001373291,0.0242970008403063,0,117.762802124023,-86.0782,21.9791,27.8237046762438,63,63,63,63,61,63,0,9004,1.9064526870154,22,-86,0.001869,51,2024-07-11 14:41:59.001562,426,1.037,0.0011,"aoml_navis",1028.76088784331
"7901009",40,0,1,0.022428,1,0,1,121.9986191908,1,4.86014786257131,428,1,12.7469997406006,35.5499992370605,0.0224280003458261,0,117.644302368164,-86.0782,21.9791,27.8237046762438,63,63,63,63,61,63,0,9004,1.9064526870154,22,-86,0.001869,51,2024-07-11 14:41:59.001562,428,1.037,0.0011,"aoml_navis",1028.77528449406
"7901009",40,0,1,0.022428,1,0,1,121.797438500946,1,4.86008954361986,430,1,12.7040004730225,35.5429992675781,0.0224280003458261,0,117.450302124023,-86.0782,21.9791,27.8237046762438,63,63,63,63,61,63,0,9004,1.9064526870154,22,-86,0.001869,51,2024-07-11 14:41:59.001562,430,1.037,0.0011,"aoml_navis",1028.78762934807
"7901009",40,0,1,0.020559,1,-0.001869,1,121.713953419959,1,4.86002788552592,432,1,12.6499996185303,35.5340003967285,0.020558999851346,0,117.36979675293,-86.0782,21.9791,27.8237046762438,63,63,63,63,61,63,0,9004,1.9064526870154,22,-86,0.001869,51,2024-07-11 14:41:59.001562,432,1.037,0.0011,"aoml_navis",1028.80068134813
"7901009",40,0,1,0.028035,1,0.005607,1,121.626433332215,1,4.85997094650218,434,1,12.6120004653931,35.5279998779297,0.0280349999666214,0,117.285400390625,-86.0782,21.9791,27.8237046762438,63,63,63,63,61,63,0,9004,1.9064526870154,22,-86,0.001869,51,2024-07-11 14:41:59.001562,434,1.037,0.0011,"aoml_navis",1028.81273469312
"7901009",40,0,1,0.020559,1,-0.001869,1,121.533311705678,1,4.85990436225192,436,1,12.5640001296997,35.5219993591309,0.020558999851346,0,117.195602416992,-86.0782,21.9791,27.8237046762438,63,63,63,63,61,63,0,9004,1.9064526870154,22,-86,0.001869,51,2024-07-11 14:41:59.001562,436,1.037,0.0011,"aoml_navis",1028.82683018132
"7901009",40,0,1,0.024297,1,0.001869,1,121.507384809317,1,4.85985089336451,438,1,12.5369997024536,35.5180015563965,0.0242970008403063,0,117.170600891113,-86.0782,21.9791,27.8237046762438,63,63,63,63,61,63,0,9004,1.9064526870154,22,-86,0.001869,51,2024-07-11 14:41:59.001562,438,1.037,0.0011,"aoml_navis",1028.83814950513
"7901009",40,0,1,0.028035,1,0.005607,1,121.401612249829,1,4.85980759350975,440,1,12.5279998779297,35.515998840332,0.0280349999666214,0,117.068603515625,-86.0782,21.9791,27.8237046762438,63,63,63,63,61,63,0,9004,1.9064526870154,22,-86,0.001869,51,2024-07-11 14:41:59.001562,440,1.037,0.0011,"aoml_navis",1028.8473162348
"7901009",40,0,1,0.022428,1,0,1,121.217536823915,1,4.85976137794476,442,1,12.5159997940063,35.5139999389648,0.0224280003458261,0,116.891098022461,-86.0782,21.9791,27.8237046762438,63,63,63,63,61,63,0,9004,1.9064526870154,22,-86,0.001869,51,2024-07-11 14:41:59.001562,442,1.037,0.0011,"aoml_navis",1028.85710041067
"7901009",40,0,1,0.026166,1,0.003738,1,121.099841215048,1,4.85970753595129,444,1,12.4809999465942,35.507999420166,0.0261659994721413,0,116.777603149414,-86.0782,21.9791,27.8237046762438,63,63,63,63,61,63,0,9004,1.9064526870154,22,-86,0.001869,51,2024-07-11 14:41:59.001562,444,1.037,0.0011,"aoml_navis",1028.86849939237
"7901009",40,0,1,0.024297,1,0.001869,1,121.022788409539,1,4.85964291866639,446,1,12.4309997558594,35.5009994506836,0.0242970008403063,0,116.703300476074,-86.0782,21.9791,27.8237046762438,63,63,63,63,61,63,0,9004,1.9064526870154,22,-86,0.001869,51,2024-07-11 14:41:59.001562,446,1.037,0.0011,"aoml_navis",1028.88217996316
"7901009",40,0,1,0.022428,1,0,1,120.916596525819,1,4.85958534394363,448,1,12.3920001983643,35.4949989318848,0.0224280003458261,0,116.600898742676,-86.0782,21.9791,27.8237046762438,63,63,63,63,61,63,0,9004,1.9064526870154,22,-86,0.001869,51,2024-07-11 14:41:59.001562,448,1.037,0.0011,"aoml_navis",1028.89436981107
"7901009",40,0,1,0.026166,1,0.003738,1,120.688768967811,1,4.8595370604837,450,1,12.3739995956421,35.492000579834,0.0261659994721413,0,116.381202697754,-86.0782,21.9791,27.8237046762438,63,63,63,63,61,63,0,9004,1.9064526870154,22,-86,0.001869,51,2024-07-11 14:41:59.001562,450,1.037,0.0011,"aoml_navis",1028.90459271491
"7901009",40,0,1,0.020559,1,-0.001869,1,120.33421055051,1,4.85948187987386,452,1,12.3450002670288,35.4879989624023,0.020558999851346,0,116.03929901123,-86.0782,21.9791,27.8237046762438,63,63,63,63,61,63,0,9004,1.9064526870154,22,-86,0.001869,51,2024-07-11 14:41:59.001562,452,1.037,0.0011,"aoml_navis",1028.91627617918
"7901009",40,0,1,0.022428,1,0,1,120.15646454696,1,4.85940434966708,454,1,12.2659997940063,35.4770011901855,0.0224280003458261,0,115.867897033691,-86.0782,21.9791,27.8237046762438,63,63,63,63,61,63,0,9004,1.9064526870154,22,-86,0.001869,51,2024-07-11 14:41:59.001562,454,1.037,0.0011,"aoml_navis",1028.93269220178
"7901009",40,0,1,0.024297,1,0.001869,1,120.047891218076,1,4.85933236127694,456,1,12.2040004730225,35.4690017700195,0.0242970008403063,0,115.763198852539,-86.0782,21.9791,27.8237046762438,63,63,63,63,61,63,0,9004,1.9064526870154,22,-86,0.001869,51,2024-07-11 14:41:59.001562,456,1.037,0.0011,"aoml_navis",1028.94793528511
"7901009",40,0,1,0.024297,1,0.001869,1,119.853657069267,1,4.85927688963543,458,1,12.1630001068115,35.4620018005371,0.0242970008403063,0,115.575897216797,-86.0782,21.9791,27.8237046762438,63,63,63,63,61,63,0,9004,1.9064526870154,22,-86,0.001869,51,2024-07-11 14:41:59.001562,458,1.037,0.0011,"aoml_navis",1028.95968136015
"7901009",40,0,1,0.020559,1,-0.001869,1,119.680895485829,1,4.85921678629963,459.899993896484,1,12.1110000610352,35.4539985656738,0.020558999851346,0,115.409301757812,-86.0782,21.9791,27.8237046762438,63,63,63,63,61,63,0,9004,1.9064526870154,22,-86,0.001869,51,2024-07-11 14:41:59.001562,459.899993896484,1.037,0.0011,"aoml_navis",1028.9724084954
"7901009",40,0,1,0.029904,1,0.007476,1,119.641898332286,1,4.85915420183301,462,1,12.0530004501343,35.4440002441406,0.0299040004611015,0,115.371696472168,-86.0782,21.9791,27.8237046762438,63,63,63,63,61,63,0,9004,1.9064526870154,22,-86,0.001869,51,2024-07-11 14:41:59.001562,462,1.037,0.0011,"aoml_navis",1028.98566135519
"7901009",40,0,1,0.026166,1,0.003738,1,119.487697779932,1,4.85910311058913,463.899993896484,1,12.0179996490479,35.4379997253418,0.0261659994721413,0,115.222999572754,-86.0782,21.9791,27.8237046762438,63,63,63,63,61,63,0,9004,1.9064526870154,22,-86,0.001869,51,2024-07-11 14:41:59.001562,463.899993896484,1.037,0.0011,"aoml_navis",1028.99648066818
"7901009",40,0,1,0.024297,1,0.001869,1,119.326439921642,1,4.85904529604459,466,1,11.9879999160767,35.4339981079102,0.0242970008403063,0,115.067497253418,-86.0782,21.9791,27.8237046762438,63,63,63,63,61,63,0,9004,1.9064526870154,22,-86,0.001869,51,2024-07-11 14:41:59.001562,466,1.037,0.0011,"aoml_navis",1029.00872401213
"7901009",40,0,1,0.024297,1,0.001869,1,119.123708523308,1,4.85899514234804,468,1,11.960000038147,35.4290008544922,0.0242970008403063,0,114.872001647949,-86.0782,21.9791,27.8237046762438,63,63,63,63,61,63,0,9004,1.9064526870154,22,-86,0.001869,51,2024-07-11 14:41:59.001562,468,1.037,0.0011,"aoml_navis",1029.0193452599
"7901009",40,0,1,0.022428,1,0,1,118.833132654334,1,4.85893608704341,470,1,11.9069995880127,35.4199981689453,0.0224280003458261,0,114.591796875,-86.0782,21.9791,27.8237046762438,63,63,63,63,61,63,0,9004,1.9064526870154,22,-86,0.001869,51,2024-07-11 14:41:59.001562,470,1.037,0.0011,"aoml_navis",1029.0318519177
"7901009",40,0,1,0.020559,1,-0.001869,1,118.826811143748,1,4.85884524771131,472.100006103516,1,11.7950000762939,35.4039993286133,0.020558999851346,0,114.58570098877,-86.0782,21.9791,27.8237046762438,63,63,63,63,61,63,0,9004,1.9064526870154,22,-86,0.001869,51,2024-07-11 14:41:59.001562,472.100006103516,1.037,0.0011,"aoml_navis",1029.05109035016
"7901009",40,0,1,0.024297,1,0.001869,1,118.916404117317,1,4.8587743222471,474,1,11.7110004425049,35.390998840332,0.0242970008403063,0,114.672096252441,-86.0782,21.9791,27.8237046762438,63,63,63,63,61,63,0,9004,1.9064526870154,22,-86,0.001869,51,2024-07-11 14:41:59.001562,474,1.037,0.0011,"aoml_navis",1029.06611181883
"7901009",40,0,1,0.022428,1,0,1,118.871299071192,1,4.85872470914477,476,1,11.6949996948242,35.3889999389648,0.0224280003458261,0,114.628601074219,-86.0782,21.9791,27.8237046762438,63,63,63,63,61,63,0,9004,1.9064526870154,22,-86,0.001869,51,2024-07-11 14:41:59.001562,476,1.037,0.0011,"aoml_navis",1029.0766197536
"7901009",40,0,1,0.028035,1,0.005607,1,118.851076566738,1,4.85867611406539,478,1,11.6840000152588,35.3880004882812,0.0280349999666214,0,114.609100341797,-86.0782,21.9791,27.8237046762438,63,63,63,63,61,63,0,9004,1.9064526870154,22,-86,0.001869,51,2024-07-11 14:41:59.001562,478,1.037,0.0011,"aoml_navis",1029.08691228162
"7901009",40,0,1,0.026166,1,0.003738,1,118.773715201888,1,4.85863211027239,480,1,11.673999786377,35.3860015869141,0.0261659994721413,0,114.53450012207,-86.0782,21.9791,27.8237046762438,63,63,63,63,61,63,0,9004,1.9064526870154,22,-86,0.001869,51,2024-07-11 14:41:59.001562,480,1.037,0.0011,"aoml_navis",1029.09623254428
"7901009",40,0,1,0.024297,1,0.001869,1,118.708799063763,1,4.85859122971856,481.899993896484,1,11.668999671936,35.3849983215332,0.0242970008403063,0,114.471900939941,-86.0782,21.9791,27.8237046762438,63,63,63,63,61,63,0,9004,1.9064526870154,22,-86,0.001869,51,2024-07-11 14:41:59.001562,481.899993896484,1.037,0.0011,"aoml_navis",1029.10489143776
"7901009",40,0,1,0.024297,1,0.001869,1,118.559472166629,1,4.85854226569729,484,1,11.6520004272461,35.3819999694824,0.0242970008403063,0,114.327903747559,-86.0782,21.9791,27.8237046762438,63,63,63,63,61,63,0,9004,1.9064526870154,22,-86,0.001869,51,2024-07-11 14:41:59.001562,484,1.037,0.0011,"aoml_navis",1029.11526267898
"7901009",40,0,1,0.026166,1,0.003738,1,118.465100479175,1,4.85848312854054,486,1,11.6099996566772,35.3759994506836,0.0261659994721413,0,114.23690032959,-86.0782,21.9791,27.8237046762438,63,63,63,63,61,63,0,9004,1.9064526870154,22,-86,0.001869,51,2024-07-11 14:41:59.001562,486,1.037,0.0011,"aoml_navis",1029.12778900644
"7901009",40,0,1,0.024297,1,0.001869,1,118.228767759865,1,4.85842444167397,487.799987792969,1,11.5559997558594,35.3680000305176,0.0242970008403063,0,114.009002685547,-86.0782,21.9791,27.8237046762438,63,63,63,63,61,63,0,9004,1.9064526870154,22,-86,0.001869,51,2024-07-11 14:41:59.001562,487.799987792969,1.037,0.0011,"aoml_navis",1029.14022025569
"7901009",40,0,1,0.026166,1,0.003738,1,118.168614512069,1,4.85834167522223,490,1,11.4770002365112,35.3580017089844,0.0261659994721413,0,113.950996398926,-86.0782,21.9791,27.8237046762438,63,63,63,63,61,63,0,9004,1.9064526870154,22,-86,0.001869,51,2024-07-11 14:41:59.001562,490,1.037,0.0011,"aoml_navis",1029.15775263404
"7901009",40,0,1,0.026166,1,0.003738,1,118.199209357423,1,4.85828010984114,492,1,11.4359998703003,35.3530006408691,0.0261659994721413,0,113.980499267578,-86.0782,21.9791,27.8237046762438,63,63,63,63,61,63,0,9004,1.9064526870154,22,-86,0.001869,51,2024-07-11 14:41:59.001562,492,1.037,0.0011,"aoml_navis",1029.17079438705
"7901009",40,0,1,0.026166,1,0.003738,1,118.159903644539,1,4.85823342311441,494,1,11.4230003356934,35.351001739502,0.0261659994721413,0,113.942596435547,-86.0782,21.9791,27.8237046762438,63,63,63,63,61,63,0,9004,1.9064526870154,22,-86,0.001869,51,2024-07-11 14:41:59.001562,494,1.037,0.0011,"aoml_navis",1029.18068452848
"7901009",40,0,1,0.028035,1,0.005607,1,118.104631963742,1,4.85818862887001,496,1,11.4160003662109,35.3499984741211,0.0280349999666214,0,113.889297485352,-86.0782,21.9791,27.8237046762438,63,63,63,63,61,63,0,9004,1.9064526870154,22,-86,0.001869,51,2024-07-11 14:41:59.001562,496,1.037,0.0011,"aoml_navis",1029.19017394411
"7901009",40,0,1,0.022428,1,0,1,118.047493103347,1,4.85814471474499,498,1,11.4060001373291,35.3479995727539,0.0224280003458261,0,113.834197998047,-86.0782,21.9791,27.8237046762438,63,63,63,63,61,63,0,9004,1.9064526870154,22,-86,0.001869,51,2024-07-11 14:41:59.001562,498,1.037,0.0011,"aoml_navis",1029.19947708113
"7901009",40,0,1,0.022428,1,0,1,118.000932290078,1,4.85809435851371,500,1,11.3889999389648,35.3460006713867,0.0224280003458261,0,113.78929901123,-86.0782,21.9791,27.8237046762438,63,63,63,63,61,63,0,9004,1.9064526870154,22,-86,0.001869,51,2024-07-11 14:41:59.001562,500,1.037,0.0011,"aoml_navis",1029.21014517505
"7901009",40,0,1,0.024297,1,0.001869,1,117.913412202334,1,4.85804467262808,502.100006103516,1,11.375,35.3440017700195,0.0242970008403063,0,113.704902648926,-86.0782,21.9791,27.8237046762438,63,63,63,63,61,63,0,9004,1.9064526870154,22,-86,0.001869,51,2024-07-11 14:41:59.001562,502.100006103516,1.037,0.0011,"aoml_navis",1029.22067147133
"7901009",40,0,1,0.022428,1,0,1,117.905112747258,1,4.85800012919796,504,1,11.3620004653931,35.3419990539551,0.0224280003458261,0,113.696899414062,-86.0782,21.9791,27.8237046762438,63,63,63,63,61,63,0,9004,1.9064526870154,22,-86,0.001869,51,2024-07-11 14:41:59.001562,504,1.037,0.0011,"aoml_navis",1029.23010848612
"7901009",40,0,1,0.026166,1,0.003738,1,117.845798147926,1,4.85795625640735,506,1,11.3559999465942,35.3409996032715,0.0261659994721413,0,113.639701843262,-86.0782,21.9791,27.8237046762438,63,63,63,63,61,63,0,9004,1.9064526870154,22,-86,0.001869,51,2024-07-11 14:41:59.001562,506,1.037,0.0011,"aoml_navis",1029.23940358773
"7901009",40,0,1,0.026166,1,0.003738,1,117.75661658681,1,4.85790958650271,508,1,11.33899974823,35.3380012512207,0.0261659994721413,0,113.553703308105,-86.0782,21.9791,27.8237046762438,63,63,63,63,61,63,0,9004,1.9064526870154,22,-86,0.001869,51,2024-07-11 14:41:59.001562,508,1.037,0.0011,"aoml_navis",1029.24929148374
"7901009",40,0,1,0.026166,1,0.003738,1,117.718038757499,1,4.85786020369363,510,1,11.3229999542236,35.3359985351562,0.0261659994721413,0,113.516502380371,-86.0782,21.9791,27.8237046762438,63,63,63,63,61,63,0,9004,1.9064526870154,22,-86,0.001869,51,2024-07-11 14:41:59.001562,510,1.037,0.0011,"aoml_navis",1029.2597543664
"7901009",40,0,1,0.022428,1,0,1,117.640574539536,1,4.85780714557871,512,1,11.3030004501343,35.3339996337891,0.0224280003458261,0,113.441802978516,-86.0782,21.9791,27.8237046762438,63,63,63,63,61,63,0,9004,1.9064526870154,22,-86,0.001869,51,2024-07-11 14:41:59.001562,512,1.037,0.0011,"aoml_navis",1029.27099618409
"7901009",40,0,1,0.020559,1,-0.001869,1,117.580318438627,1,4.8577623544957,514,1,11.2919998168945,35.3320007324219,0.020558999851346,0,113.383697509766,-86.0782,21.9791,27.8237046762438,63,63,63,63,61,63,0,9004,1.9064526870154,22,-86,0.001869,51,2024-07-11 14:41:59.001562,514,1.037,0.0011,"aoml_navis",1029.28048659537
"7901009",40,0,1,0.024297,1,0.001869,1,117.497466299876,1,4.85771574646615,516,1,11.2829999923706,35.3310012817383,0.0242970008403063,0,113.303802490234,-86.0782,21.9791,27.8237046762438,63,63,63,63,61,63,0,9004,1.9064526870154,22,-86,0.001869,51,2024-07-11 14:41:59.001562,516,1.037,0.0011,"aoml_navis",1029.2903621702
"7901009",40,0,1,0.026166,1,0.003738,1,117.429535774349,1,4.85767189457374,518,1,11.2729997634888,35.3289985656738,0.0261659994721413,0,113.238296508789,-86.0782,21.9791,27.8237046762438,63,63,63,63,61,63,0,9004,1.9064526870154,22,-86,0.001869,51,2024-07-11 14:41:59.001562,518,1.037,0.0011,"aoml_navis",1029.29965393201
"7901009",40,0,1,0.022428,1,0,1,117.290059040771,1,4.8576271166702,520,1,11.2620000839233,35.3269996643066,0.0224280003458261,0,113.103797912598,-86.0782,21.9791,27.8237046762438,63,63,63,63,61,63,0,9004,1.9064526870154,22,-86,0.001869,51,2024-07-11 14:41:59.001562,520,1.037,0.0011,"aoml_navis",1029.3091420791
"7901009",40,0,1,0.028035,1,0.005607,1,117.172149813899,1,4.85757409967468,522,1,11.2299995422363,35.3219985961914,0.0280349999666214,0,112.990097045898,-86.0782,21.9791,27.8237046762438,63,63,63,63,61,63,0,9004,1.9064526870154,22,-86,0.001869,51,2024-07-11 14:41:59.001562,522,1.037,0.0011,"aoml_navis",1029.32037626248
"7901009",40,0,1,0.022428,1,0,1,117.090642677401,1,4.85751836913718,524,1,11.1949996948242,35.3170013427734,0.0224280003458261,0,112.911499023438,-86.0782,21.9791,27.8237046762438,63,63,63,63,61,63,0,9004,1.9064526870154,22,-86,0.001869,51,2024-07-11 14:41:59.001562,524,1.037,0.0011,"aoml_navis",1029.33218570373
"7901009",40,0,1,0.028035,1,0.005607,1,117.060158596938,1,4.85745449523282,526,1,11.1510000228882,35.3120002746582,0.0280349999666214,0,112.882102966309,-86.0782,21.9791,27.8237046762438,63,63,63,63,61,63,0,9004,1.9064526870154,22,-86,0.001869,51,2024-07-11 14:41:59.001562,526,1.037,0.0011,"aoml_navis",1029.34572107821
"7901009",40,0,4,0.020559,1,-0.001869,1,116.970969124045,1,4.85740160527395,528,1,11.1230001449585,35.3079986572266,0.020558999851346,0,112.796096801758,-86.0782,21.9791,27.8237046762438,63,63,63,63,61,63,0,9004,1.9064526870154,22,-86,0.001869,51,2024-07-11 14:41:59.001562,528,1.037,0.0011,"aoml_navis",1029.35692913907
"7901009",40,0,1,0.026166,1,0.003738,1,116.867688774613,1,4.85734515070023,530,1,11.0830001831055,35.3019981384277,0.0261659994721413,0,112.696502685547,-86.0782,21.9791,27.8237046762438,63,63,63,63,61,63,0,9004,1.9064526870154,22,-86,0.001869,51,2024-07-11 14:41:59.001562,530,1.037,0.0011,"aoml_navis",1029.36889285687
"7901009",40,0,1,0.026166,1,0.003738,1,116.781513689121,1,4.85729595199096,532,1,11.0590000152588,35.2980003356934,0.0261659994721413,0,112.613403320312,-86.0782,21.9791,27.8237046762438,63,63,63,63,61,63,0,9004,1.9064526870154,22,-86,0.001869,51,2024-07-11 14:41:59.001562,532,1.037,0.0011,"aoml_navis",1029.37931915607
"7901009",40,0,1,0.026166,1,0.003738,1,116.69336065914,1,4.85724319360178,534,1,11.0270004272461,35.2929992675781,0.0261659994721413,0,112.528396606445,-86.0782,21.9791,27.8237046762438,63,63,63,63,61,63,0,9004,1.9064526870154,22,-86,0.001869,51,2024-07-11 14:41:59.001562,534,1.037,0.0011,"aoml_navis",1029.39050006519
"7901009",40,0,1,0.024297,1,0.001869,1,116.628135961674,1,4.85718227857687,536,1,10.9899997711182,35.2890014648438,0.0242970008403063,0,112.46549987793,-86.0782,21.9791,27.8237046762438,63,63,63,63,61,63,0,9004,1.9064526870154,22,-86,0.001869,51,2024-07-11 14:41:59.001562,536,1.037,0.0011,"aoml_navis",1029.40340988499
"7901009",40,0,1,0.026166,1,0.003738,1,116.473104672635,1,4.85714131767024,538,1,10.9750003814697,35.2849998474121,0.0261659994721413,0,112.31600189209,-86.0782,21.9791,27.8237046762438,63,63,63,63,61,63,0,9004,1.9064526870154,22,-86,0.001869,51,2024-07-11 14:41:59.001562,538,1.037,0.0011,"aoml_navis",1029.4120909783
"7901009",40,0,1,0.022428,1,0,1,116.259170196716,1,4.85709127124899,540,1,10.9540004730225,35.2820014953613,0.0224280003458261,0,112.109703063965,-86.0782,21.9791,27.8237046762438,63,63,63,63,61,63,0,9004,1.9064526870154,22,-86,0.001869,51,2024-07-11 14:41:59.001562,540,1.037,0.0011,"aoml_navis",1029.42269781854
"7901009",40,0,1,0.026166,1,0.003738,1,116.039737035119,1,4.85703784064999,542,1,10.9130001068115,35.2750015258789,0.0261659994721413,0,111.898101806641,-86.0782,21.9791,27.8237046762438,63,63,63,63,61,63,0,9004,1.9064526870154,22,-86,0.001869,51,2024-07-11 14:41:59.001562,542,1.037,0.0011,"aoml_navis",1029.43402214278
"7901009",40,0,1,0.028035,1,0.005607,1,115.857639553693,1,4.85696938849858,544,1,10.8430004119873,35.2649993896484,0.0280349999666214,0,111.722503662109,-86.0782,21.9791,27.8237046762438,63,63,63,63,61,63,0,9004,1.9064526870154,22,-86,0.001869,51,2024-07-11 14:41:59.001562,544,1.037,0.0011,"aoml_navis",1029.44853056725
"7901009",40,0,1,0.026166,1,0.003738,1,115.584793979118,1,4.85690024008841,546,1,10.7720003128052,35.2550010681152,0.0261659994721413,0,111.459396362305,-86.0782,21.9791,27.8237046762438,63,63,63,63,61,63,0,9004,1.9064526870154,22,-86,0.001869,51,2024-07-11 14:41:59.001562,546,1.037,0.0011,"aoml_navis",1029.4631869789
"7901009",40,0,1,0.022428,1,0,1,115.517393542714,1,4.85682179353199,548,1,10.6780004501343,35.242000579834,0.0224280003458261,0,111.394401550293,-86.0782,21.9791,27.8237046762438,63,63,63,63,61,63,0,9004,1.9064526870154,22,-86,0.001869,51,2024-07-11 14:41:59.001562,548,1.037,0.0011,"aoml_navis",1029.47981469254
"7901009",40,0,1,0.024297,1,0.001869,1,115.542901114843,1,4.85673942071691,550,1,10.5749998092651,35.2280006408691,0.0242970008403063,0,111.418998718262,-86.0782,21.9791,27.8237046762438,63,63,63,63,61,63,0,9004,1.9064526870154,22,-86,0.001869,51,2024-07-11 14:41:59.001562,550,1.037,0.0011,"aoml_navis",1029.49727520319
"7901009",40,0,1,0.022428,1,0,1,115.438164998267,1,4.85668641092126,552,1,10.5419998168945,35.2229995727539,0.0224280003458261,0,111.318000793457,-86.0782,21.9791,27.8237046762438,63,63,63,63,61,63,0,9004,1.9064526870154,22,-86,0.001869,51,2024-07-11 14:41:59.001562,552,1.037,0.0011,"aoml_navis",1029.50851196743
"7901009",40,0,1,0.029904,1,0.007476,1,115.352504178342,1,4.85663003736942,554,1,10.5010004043579,35.2169990539551,0.0299040004611015,0,111.235397338867,-86.0782,21.9791,27.8237046762438,63,63,63,63,61,63,0,9004,1.9064526870154,22,-86,0.001869,51,2024-07-11 14:41:59.001562,554,1.037,0.0011,"aoml_navis",1029.52046203384
"7901009",40,0,1,0.028035,1,0.005607,1,115.272967074555,1,4.8565615326417,556,1,10.4420003890991,35.2099990844727,0.0280349999666214,0,111.158699035645,-86.0782,21.9791,27.8237046762438,63,63,63,63,61,63,0,9004,1.9064526870154,22,-86,0.001869,51,2024-07-11 14:41:59.001562,556,1.037,0.0011,"aoml_navis",1029.5349840405
"7901009",40,0,1,0.028035,1,0.005607,1,115.071058501129,1,4.8565151442717,558,1,10.4079999923706,35.2029991149902,0.0280349999666214,0,110.963996887207,-86.0782,21.9791,27.8237046762438,63,63,63,63,61,63,0,9004,1.9064526870154,22,-86,0.001869,51,2024-07-11 14:41:59.001562,558,1.037,0.0011,"aoml_navis",1029.5448179334
"7901009",40,0,4,0.020559,1,-0.001869,1,115.04524236966,1,4.85642720304396,560,1,10.3140001296997,35.193000793457,0.020558999851346,0,110.939102172852,-86.0782,21.9791,27.8237046762438,63,63,63,63,61,63,0,9004,1.9064526870154,22,-86,0.001869,51,2024-07-11 14:41:59.001562,560,1.037,0.0011,"aoml_navis",1029.56346115227
"7901009",40,0,1,0.024297,1,0.001869,1,114.971401746001,1,4.85636458047889,562,1,10.2569999694824,35.185001373291,0.0242970008403063,0,110.867897033691,-86.0782,21.9791,27.8237046762438,63,63,63,63,61,63,0,9004,1.9064526870154,22,-86,0.001869,51,2024-07-11 14:41:59.001562,562,1.037,0.0011,"aoml_navis",1029.57673731879
"7901009",40,0,1,0.029904,1,0.007476,1,114.826117767403,1,4.85631566548389,564,1,10.2239999771118,35.1790008544922,0.0299040004611015,0,110.727798461914,-86.0782,21.9791,27.8237046762438,63,63,63,63,61,63,0,9004,1.9064526870154,22,-86,0.001869,51,2024-07-11 14:41:59.001562,564,1.037,0.0011,"aoml_navis",1029.58710767864
"7901009",40,0,1,0.024297,1,0.001869,1,114.887410311224,1,4.85622302644729,566,1,10.1110000610352,35.1660003662109,0.0242970008403063,0,110.786903381348,-86.0782,21.9791,27.8237046762438,63,63,63,63,61,63,0,9004,1.9064526870154,22,-86,0.001869,51,2024-07-11 14:41:59.001562,566,1.037,0.0011,"aoml_navis",1029.60674844827
"7901009",40,0,1,0.031773,1,0.009345,1,114.806211734067,1,4.85617237981752,568,1,10.0799999237061,35.1609992980957,0.0317730009555817,0,110.708602905273,-86.0782,21.9791,27.8237046762438,63,63,63,63,61,63,0,9004,1.9064526870154,22,-86,0.001869,51,2024-07-11 14:41:59.001562,568,1.037,0.0011,"aoml_navis",1029.61748655798
"7901009",40,0,1,0.024297,1,0.001869,1,114.748447843213,1,4.85611982059511,570,1,10.0509996414185,35.1570014953613,0.0242970008403063,0,110.652900695801,-86.0782,21.9791,27.8237046762438,63,63,63,63,61,63,0,9004,1.9064526870154,22,-86,0.001869,51,2024-07-11 14:41:59.001562,570,1.037,0.0011,"aoml_navis",1029.62863041284
"7901009",40,0,1,0.026166,1,0.003738,1,114.921423044655,1,4.85603811848262,572,1,9.95400047302246,35.1450004577637,0.0261659994721413,0,110.819702148438,-86.0782,21.9791,27.8237046762438,63,63,63,63,61,63,0,9004,1.9064526870154,22,-86,0.001869,51,2024-07-11 14:41:59.001562,572,1.037,0.0011,"aoml_navis",1029.64595376001
"7901009",40,0,1,0.028035,1,0.005607,1,115.001790885128,1,4.85597210306869,574,1,9.89200019836426,35.1370010375977,0.0280349999666214,0,110.897201538086,-86.0782,21.9791,27.8237046762438,63,63,63,63,61,63,0,9004,1.9064526870154,22,-86,0.001869,51,2024-07-11 14:41:59.001562,574,1.037,0.0011,"aoml_navis",1029.65995147301
"7901009",40,0,1,0.028035,1,0.005607,1,115.015581114105,1,4.85591575448503,576,1,9.85400009155273,35.1319999694824,0.0280349999666214,0,110.910499572754,-86.0782,21.9791,27.8237046762438,63,63,63,63,61,63,0,9004,1.9064526870154,22,-86,0.001869,51,2024-07-11 14:41:59.001562,576,1.037,0.0011,"aoml_navis",1029.67189976101
"7901009",40,0,1,0.028035,1,0.005607,1,114.935624686086,1,4.85586150495719,578,1,9.82699966430664,35.1290016174316,0.0280349999666214,0,110.833396911621,-86.0782,21.9791,27.8237046762438,63,63,63,63,61,63,0,9004,1.9064526870154,22,-86,0.001869,51,2024-07-11 14:41:59.001562,578,1.037,0.0011,"aoml_navis",1029.6834032222
"7901009",40,0,1,0.024297,1,0.001869,1,114.896121178754,1,4.85580781209685,580,1,9.79199981689453,35.1240005493164,0.0242970008403063,0,110.795303344727,-86.0782,21.9791,27.8237046762438,63,63,63,63,61,63,0,9004,1.9064526870154,22,-86,0.001869,51,2024-07-11 14:41:59.001562,580,1.037,0.0011,"aoml_navis",1029.6947888967
"7901009",40,0,1,0.028035,1,0.005607,1,114.863556300688,1,4.85575959938374,582,1,9.77200031280518,35.1209983825684,0.0280349999666214,0,110.763900756836,-86.0782,21.9791,27.8237046762438,63,63,63,63,61,63,0,9004,1.9064526870154,22,-86,0.001869,51,2024-07-11 14:41:59.001562,582,1.037,0.0011,"aoml_navis",1029.70501270997
"7901009",40,0,1,0.029904,1,0.007476,1,114.761929512849,1,4.85571165163869,584,1,9.7480001449585,35.117000579834,0.0299040004611015,0,110.665901184082,-86.0782,21.9791,27.8237046762438,63,63,63,63,61,63,0,9004,1.9064526870154,22,-86,0.001869,51,2024-07-11 14:41:59.001562,584,1.037,0.0011,"aoml_navis",1029.71518053643
"7901009",40,0,1,0.029904,1,0.007476,1,114.635720830902,1,4.85566995323115,586,1,9.72700023651123,35.1119995117188,0.0299040004611015,0,110.54419708252,-86.0782,21.9791,27.8237046762438,63,63,63,63,61,63,0,9004,1.9064526870154,22,-86,0.001869,51,2024-07-11 14:41:59.001562,586,1.037,0.0011,"aoml_navis",1029.72402328803
"7901009",40,0,4,0.022428,1,0,1,114.768773200781,1,4.85557385737583,588,1,9.60700035095215,35.0989990234375,0.0224280003458261,0,110.672500610352,-86.0782,21.9791,27.8237046762438,63,63,63,63,61,63,0,9004,1.9064526870154,22,-86,0.001869,51,2024-07-11 14:41:59.001562,588,1.037,0.0011,"aoml_navis",1029.74440238506
"7901009",40,0,1,0.028035,1,0.005607,1,115.098544017747,1,4.85545858234464,590,1,9.4370002746582,35.0800018310547,0.0280349999666214,0,110.990501403809,-86.0782,21.9791,27.8237046762438,63,63,63,63,61,63,0,9004,1.9064526870154,22,-86,0.001869,51,2024-07-11 14:41:59.001562,590,1.037,0.0011,"aoml_navis",1029.76884988391
"7901009",40,0,4,0.022428,1,0,1,115.14717771684,1,4.85540147650904,592,1,9.38399982452393,35.0719985961914,0.0224280003458261,0,111.037399291992,-86.0782,21.9791,27.8237046762438,63,63,63,63,61,63,0,9004,1.9064526870154,22,-86,0.001869,51,2024-07-11 14:41:59.001562,592,1.037,0.0011,"aoml_navis",1029.78096130475
"7901009",40,0,1,0.028035,1,0.005607,1,115.138466849311,1,4.85535190549099,594,1,9.36200046539307,35.0690002441406,0.0280349999666214,0,111.028999328613,-86.0782,21.9791,27.8237046762438,63,63,63,63,61,63,0,9004,1.9064526870154,22,-86,0.001869,51,2024-07-11 14:41:59.001562,594,1.037,0.0011,"aoml_navis",1029.79147491769
"7901009",40,0,1,0.029904,1,0.007476,1,115.231485622734,1,4.85530104565785,596,1,9.33399963378906,35.064998626709,0.0299040004611015,0,111.118698120117,-86.0782,21.9791,27.8237046762438,63,63,63,63,61,63,0,9004,1.9064526870154,22,-86,0.001869,51,2024-07-11 14:41:59.001562,596,1.037,0.0011,"aoml_navis",1029.80226210104
"7901009",40,0,1,0.028035,1,0.005607,1,115.331767408321,1,4.85525698464006,598,1,9.32299995422363,35.0629997253418,0.0280349999666214,0,111.215400695801,-86.0782,21.9791,27.8237046762438,63,63,63,63,61,63,0,9004,1.9064526870154,22,-86,0.001869,51,2024-07-11 14:41:59.001562,598,1.037,0.0011,"aoml_navis",1029.81160746338
"7901009",40,0,1,0.026166,1,0.003738,1,115.654275213124,1,4.8551882798416,600,1,9.26900005340576,35.0579986572266,0.0261659994721413,0,111.526397705078,-86.0782,21.9791,27.8237046762438,63,63,63,63,61,63,0,9004,1.9064526870154,22,-86,0.001869,51,2024-07-11 14:41:59.001562,600,1.037,0.0011,"aoml_navis",1029.82618012151
"7901009",40,0,1,0.028035,1,0.005607,1,116.00706930394,1,4.85513549584521,602,1,9.24300003051758,35.0550003051758,0.0280349999666214,0,111.866600036621,-86.0782,21.9791,27.8237046762438,63,63,63,63,61,63,0,9004,1.9064526870154,22,-86,0.001869,51,2024-07-11 14:41:59.001562,602,1.037,0.0011,"aoml_navis",1029.83737617184
"7901009",40,0,1,0.029904,1,0.007476,1,116.111496861176,1,4.85505237001318,604,1,9.19799995422363,35.0559997558594,0.0299040004611015,0,111.967300415039,-86.0782,21.9791,27.8237046762438,63,63,63,63,61,63,0,9004,1.9064526870154,22,-86,0.001869,51,2024-07-11 14:41:59.001562,604,1.037,0.0011,"aoml_navis",1029.85500854369
"7901009",40,0,1,0.026166,1,0.003738,1,115.966110029464,1,4.85499119805929,606.099975585938,1,9.14200019836426,35.0480003356934,0.0261659994721413,0,111.827102661133,-86.0782,21.9791,27.8237046762438,63,63,63,63,61,63,0,9004,1.9064526870154,22,-86,0.001869,51,2024-07-11 14:41:59.001562,606.099975585938,1.037,0.0011,"aoml_navis",1029.86798451842
"7901009",40,0,1,0.029904,1,0.007476,1,116.037664149294,1,4.85491142439128,608,1,9.04899978637695,35.0379981994629,0.0299040004611015,0,111.896102905273,-86.0782,21.9791,27.8237046762438,63,63,63,63,61,63,0,9004,1.9064526870154,22,-86,0.001869,51,2024-07-11 14:41:59.001562,608,1.037,0.0011,"aoml_navis",1029.88490683471
"7901009",40,0,1,0.026166,1,0.003738,1,115.993999046758,1,4.85486743247889,610,1,9.01099967956543,35.0299987792969,0.0261659994721413,0,111.853996276855,-86.0782,21.9791,27.8237046762438,63,63,63,63,61,63,0,9004,1.9064526870154,22,-86,0.001869,51,2024-07-11 14:41:59.001562,610,1.037,0.0011,"aoml_navis",1029.89423903734
"7901009",40,0,1,0.026166,1,0.003738,1,116.121655584071,1,4.85478728663574,612,1,8.92399978637695,35.0209999084473,0.0261659994721413,0,111.977096557617,-86.0782,21.9791,27.8237046762438,63,63,63,63,61,63,0,9004,1.9064526870154,22,-86,0.001869,51,2024-07-11 14:41:59.001562,612,1.037,0.0011,"aoml_navis",1029.91124117096
"7901009",40,0,1,0.029904,1,0.007476,1,116.159822000928,1,4.85473855300773,614,1,8.89799976348877,35.0169982910156,0.0299040004611015,0,112.013900756836,-86.0782,21.9791,27.8237046762438,63,63,63,63,61,63,0,9004,1.9064526870154,22,-86,0.001869,51,2024-07-11 14:41:59.001562,614,1.037,0.0011,"aoml_navis",1029.92157979388
"7901009",40,0,1,0.024297,1,0.001869,1,116.109732534692,1,4.85469952333198,616,1,8.89299964904785,35.0149993896484,0.0242970008403063,0,111.965599060059,-86.0782,21.9791,27.8237046762438,63,63,63,63,61,63,0,9004,1.9064526870154,22,-86,0.001869,51,2024-07-11 14:41:59.001562,616,1.037,0.0011,"aoml_navis",1029.92985991609
"7901009",40,0,1,0.029904,1,0.007476,1,116.125081383925,1,4.85465037727835,618,1,8.87100028991699,35.0120010375977,0.0299040004611015,0,111.980400085449,-86.0782,21.9791,27.8237046762438,63,63,63,63,61,63,0,9004,1.9064526870154,22,-86,0.001869,51,2024-07-11 14:41:59.001562,618,1.037,0.0011,"aoml_navis",1029.94028641114
"7901009",40,0,1,0.028035,1,0.005607,1,116.303238799929,1,4.85457713136951,620,1,8.80099964141846,35.0050010681152,0.0280349999666214,0,112.152198791504,-86.0782,21.9791,27.8237046762438,63,63,63,63,61,63,0,9004,1.9064526870154,22,-86,0.001869,51,2024-07-11 14:41:59.001562,620,1.037,0.0011,"aoml_navis",1029.95582616059
"7901009",40,0,1,0.029904,1,0.007476,1,116.320043416307,1,4.85452727264467,622,1,8.77799987792969,35.0019989013672,0.0299040004611015,0,112.168403625488,-86.0782,21.9791,27.8237046762438,63,63,63,63,61,63,0,9004,1.9064526870154,22,-86,0.001869,51,2024-07-11 14:41:59.001562,622,1.037,0.0011,"aoml_navis",1029.96640438608
"7901009",40,0,1,0.028035,1,0.005607,1,116.281671293222,1,4.85448422529017,624,1,8.76799964904785,35,0.0280349999666214,0,112.131401062012,-86.0782,21.9791,27.8237046762438,63,63,63,63,61,63,0,9004,1.9064526870154,22,-86,0.001869,51,2024-07-11 14:41:59.001562,624,1.037,0.0011,"aoml_navis",1029.97553765892
"7901009",40,0,1,0.028035,1,0.005607,1,116.348866023399,1,4.85441484353299,626,1,8.70699977874756,34.9939994812012,0.0280349999666214,0,112.196197509766,-86.0782,21.9791,27.8237046762438,63,63,63,63,61,63,0,9004,1.9064526870154,22,-86,0.001869,51,2024-07-11 14:41:59.001562,626,1.037,0.0011,"aoml_navis",1029.9902585913
"7901009",40,0,1,0.028035,1,0.005607,1,116.491459997492,1,4.85434689640104,628,1,8.64299964904785,34.9869995117188,0.0280349999666214,0,112.333702087402,-86.0782,21.9791,27.8237046762438,63,63,63,63,61,63,0,9004,1.9064526870154,22,-86,0.001869,51,2024-07-11 14:41:59.001562,628,1.037,0.0011,"aoml_navis",1030.00467554285
"7901009",40,0,1,0.028035,1,0.005607,1,116.573592164449,1,4.85429862029317,630,1,8.63099956512451,34.9860000610352,0.0280349999666214,0,112.412902832031,-86.0782,21.9791,27.8237046762438,63,63,63,63,61,63,0,9004,1.9064526870154,22,-86,0.001869,51,2024-07-11 14:41:59.001562,630,1.037,0.0011,"aoml_navis",1030.01491896229
"7901009",40,0,1,0.031773,1,0.009345,1,116.54704023763,1,4.85425514909948,632,1,8.625,34.9850006103516,0.0317730009555817,0,112.387298583984,-86.0782,21.9791,27.8237046762438,63,63,63,63,61,63,0,9004,1.9064526870154,22,-86,0.001869,51,2024-07-11 14:41:59.001562,632,1.037,0.0011,"aoml_navis",1030.02414302997
"7901009",40,0,1,0.028035,1,0.005607,1,116.614140026471,1,4.8542116799008,634,1,8.61900043487549,34.984001159668,0.0280349999666214,0,112.452003479004,-86.0782,21.9791,27.8237046762438,63,63,63,63,61,63,0,9004,1.9064526870154,22,-86,0.001869,51,2024-07-11 14:41:59.001562,634,1.037,0.0011,"aoml_navis",1030.03336683953
"7901009",40,0,1,0.026166,1,0.003738,1,116.721676912443,1,4.85416710121323,636,1,8.60700035095215,34.9819984436035,0.0261659994721413,0,112.555702209473,-86.0782,21.9791,27.8237046762438,63,63,63,63,61,63,0,9004,1.9064526870154,22,-86,0.001869,51,2024-07-11 14:41:59.001562,636,1.037,0.0011,"aoml_navis",1030.04282624517
"7901009",40,0,1,0.028035,1,0.005607,1,116.893607759195,1,4.85410639156784,638,1,8.56099987030029,34.9770011901855,0.0280349999666214,0,112.721496582031,-86.0782,21.9791,27.8237046762438,63,63,63,63,61,63,0,9004,1.9064526870154,22,-86,0.001869,51,2024-07-11 14:41:59.001562,638,1.037,0.0011,"aoml_navis",1030.05570885006
"7901009",40,0,1,0.026166,1,0.003738,1,117.081623250531,1,4.85404052249159,640,1,8.51299953460693,34.9729995727539,0.0261659994721413,0,112.902801513672,-86.0782,21.9791,27.8237046762438,63,63,63,63,61,63,0,9004,1.9064526870154,22,-86,0.001869,51,2024-07-11 14:41:59.001562,640,1.037,0.0011,"aoml_navis",1030.0696866522
"7901009",40,0,1,0.026166,1,0.003738,1,117.165306125967,1,4.85398556607398,642,1,8.47399997711182,34.9679985046387,0.0261659994721413,0,112.983497619629,-86.0782,21.9791,27.8237046762438,63,63,63,63,61,63,0,9004,1.9064526870154,22,-86,0.001869,51,2024-07-11 14:41:59.001562,642,1.037,0.0011,"aoml_navis",1030.08134901483
"7901009",40,0,1,0.026166,1,0.003738,1,117.301570677696,1,4.85392172756965,644,1,8.43299961090088,34.9650001525879,0.0261659994721413,0,113.114898681641,-86.0782,21.9791,27.8237046762438,63,63,63,63,61,63,0,9004,1.9064526870154,22,-86,0.001869,51,2024-07-11 14:41:59.001562,644,1.037,0.0011,"aoml_navis",1030.09489658654
"7901009",40,0,1,0.029904,1,0.007476,1,117.406520412277,1,4.8538655983367,646,1,8.39700031280518,34.9609985351562,0.0299040004611015,0,113.216102600098,-86.0782,21.9791,27.8237046762438,63,63,63,63,61,63,0,9004,1.9064526870154,22,-86,0.001869,51,2024-07-11 14:41:59.001562,646,1.037,0.0011,"aoml_navis",1030.10680841954
"7901009",40,0,1,0.026166,1,0.003738,1,117.521834575979,1,4.85380662246496,648,1,8.36200046539307,34.9580001831055,0.0261659994721413,0,113.327301025391,-86.0782,21.9791,27.8237046762438,63,63,63,63,61,63,0,9004,1.9064526870154,22,-86,0.001869,51,2024-07-11 14:41:59.001562,648,1.037,0.0011,"aoml_navis",1030.11932466745
"7901009",40,0,4,0.024297,1,0.001869,1,117.579804173059,1,4.85376003975417,650,1,8.35200023651123,34.9570007324219,0.0242970008403063,0,113.383201599121,-86.0782,21.9791,27.8237046762438,63,63,63,63,61,63,0,9004,1.9064526870154,22,-86,0.001869,51,2024-07-11 14:41:59.001562,650,1.037,0.0011,"aoml_navis",1030.12921097213
"7901009",40,0,1,0.029904,1,0.007476,1,117.614853349403,1,4.85371424908748,652,1,8.3430004119873,34.9560012817383,0.0299040004611015,0,113.416999816895,-86.0782,21.9791,27.8237046762438,63,63,63,63,61,63,0,9004,1.9064526870154,22,-86,0.001869,51,2024-07-11 14:41:59.001562,652,1.037,0.0011,"aoml_navis",1030.13892936529
"7901009",40,0,1,0.029904,1,0.007476,1,117.603033153137,1,4.85366636284886,654,1,8.33600044250488,34.9560012817383,0.0299040004611015,0,113.405601501465,-86.0782,21.9791,27.8237046762438,63,63,63,63,61,63,0,9004,1.9064526870154,22,-86,0.001869,51,2024-07-11 14:41:59.001562,654,1.037,0.0011,"aoml_navis",1030.14909270881
"7901009",40,0,1,0.028035,1,0.005607,1,117.658929864393,1,4.85362372856817,656,1,8.33100032806396,34.9550018310547,0.0280349999666214,0,113.459503173828,-86.0782,21.9791,27.8237046762438,63,63,63,63,61,63,0,9004,1.9064526870154,22,-86,0.001869,51,2024-07-11 14:41:59.001562,656,1.037,0.0011,"aoml_navis",1030.15814154902
"7901009",40,0,1,0.031773,1,0.009345,1,117.739606264206,1,4.85357480949305,658,1,8.31799983978271,34.9539985656738,0.0317730009555817,0,113.537300109863,-86.0782,21.9791,27.8237046762438,63,63,63,63,61,63,0,9004,1.9064526870154,22,-86,0.001869,51,2024-07-11 14:41:59.001562,658,1.037,0.0011,"aoml_navis",1030.16852449056
"7901009",40,0,1,0.029904,1,0.007476,1,118.005078061727,1,4.85351068581444,660,1,8.2810001373291,34.9519996643066,0.0299040004611015,0,113.793296813965,-86.0782,21.9791,27.8237046762438,63,63,63,63,61,63,0,9004,1.9064526870154,22,-86,0.001869,51,2024-07-11 14:41:59.001562,660,1.037,0.0011,"aoml_navis",1030.18213488511
"7901009",40,0,1,0.033642,1,0.011214,1,118.271491360825,1,4.85343806832175,662,1,8.2189998626709,34.9469985961914,0.0336420014500618,0,114.050201416016,-86.0782,21.9791,27.8237046762438,63,63,63,63,61,63,0,9004,1.9064526870154,22,-86,0.001869,51,2024-07-11 14:41:59.001562,662,1.037,0.0011,"aoml_navis",1030.19754854499
"7901009",40,0,1,0.028035,1,0.005607,1,118.499421771947,1,4.85337887427592,664,1,8.17399978637695,34.9420013427734,0.0280349999666214,0,114.269996643066,-86.0782,21.9791,27.8237046762438,63,63,63,63,61,63,0,9004,1.9064526870154,22,-86,0.001869,51,2024-07-11 14:41:59.001562,664,1.037,0.0011,"aoml_navis",1030.21011330914
"7901009",40,0,1,0.026166,1,0.003738,1,118.770708726265,1,4.85331666646681,666,1,8.125,34.9370002746582,0.0261659994721413,0,114.531600952148,-86.0782,21.9791,27.8237046762438,63,63,63,63,61,63,0,9004,1.9064526870154,22,-86,0.001869,51,2024-07-11 14:41:59.001562,666,1.037,0.0011,"aoml_navis",1030.22331811701
"7901009",40,0,1,0.029904,1,0.007476,1,119.089173612532,1,4.85325476956277,668,1,8.08100032806396,34.9329986572266,0.0299040004611015,0,114.83869934082,-86.0782,21.9791,27.8237046762438,63,63,63,63,61,63,0,9004,1.9064526870154,22,-86,0.001869,51,2024-07-11 14:41:59.001562,668,1.037,0.0011,"aoml_navis",1030.23645726525
"7901009",40,0,1,0.029904,1,0.007476,1,119.472246077585,1,4.85317881206484,670,1,8.01399993896484,34.9280014038086,0.0299040004611015,0,115.208099365234,-86.0782,21.9791,27.8237046762438,63,63,63,63,61,63,0,9004,1.9064526870154,22,-86,0.001869,51,2024-07-11 14:41:59.001562,670,1.037,0.0011,"aoml_navis",1030.25258158017
"7901009",40,0,1,0.029904,1,0.007476,1,119.76084400207,1,4.85311018345495,672,1,7.96099996566772,34.923999786377,0.0299040004611015,0,115.486396789551,-86.0782,21.9791,27.8237046762438,63,63,63,63,61,63,0,9004,1.9064526870154,22,-86,0.001869,51,2024-07-11 14:41:59.001562,672,1.037,0.0011,"aoml_navis",1030.26715054726
"7901009",40,0,1,0.028035,1,0.005607,1,120.016884960268,1,4.85303986026702,674,1,7.92000007629395,34.9230003356934,0.0280349999666214,0,115.733299255371,-86.0782,21.9791,27.8237046762438,63,63,63,63,61,63,0,9004,1.9064526870154,22,-86,0.001869,51,2024-07-11 14:41:59.001562,674,1.037,0.0011,"aoml_navis",1030.2820796788
"7901009",40,0,1,0.029904,1,0.007476,1,120.200849621291,1,4.85297898410134,676,1,7.89599990844727,34.9230003356934,0.0299040004611015,0,115.910697937012,-86.0782,21.9791,27.8237046762438,63,63,63,63,61,63,0,9004,1.9064526870154,22,-86,0.001869,51,2024-07-11 14:41:59.001562,676,1.037,0.0011,"aoml_navis",1030.29500362155
"7901009",40,0,1,0.026166,1,0.003738,1,120.400060278434,1,4.85292043218662,678,1,7.875,34.9230003356934,0.0261659994721413,0,116.102798461914,-86.0782,21.9791,27.8237046762438,63,63,63,63,61,63,0,9004,1.9064526870154,22,-86,0.001869,51,2024-07-11 14:41:59.001562,678,1.037,0.0011,"aoml_navis",1030.3074344343
"7901009",40,0,1,0.028035,1,0.005607,1,120.444136793425,1,4.85287017465364,680,1,7.8600001335144,34.9220008850098,0.0280349999666214,0,116.145301818848,-86.0782,21.9791,27.8237046762438,63,63,63,63,61,63,0,9004,1.9064526870154,22,-86,0.001869,51,2024-07-11 14:41:59.001562,680,1.037,0.0011,"aoml_navis",1030.31810455487
"7901009",40,0,1,0.029904,1,0.007476,1,120.544204961007,1,4.85282468119887,682,1,7.85599994659424,34.9220008850098,0.0299040004611015,0,116.241798400879,-86.0782,21.9791,27.8237046762438,63,63,63,63,61,63,0,9004,1.9064526870154,22,-86,0.001869,51,2024-07-11 14:41:59.001562,682,1.037,0.0011,"aoml_navis",1030.3277634099
"7901009",40,0,1,0.028035,1,0.005607,1,120.666884989986,1,4.85277458922303,684,1,7.84600019454956,34.9220008850098,0.0280349999666214,0,116.36009979248,-86.0782,21.9791,27.8237046762438,63,63,63,63,61,63,0,9004,1.9064526870154,22,-86,0.001869,51,2024-07-11 14:41:59.001562,684,1.037,0.0011,"aoml_navis",1030.33839880054
"7901009",40,0,1,0.029904,1,0.007476,1,120.728794652488,1,4.85272373437911,686,1,7.83500003814697,34.9220008850098,0.0299040004611015,0,116.419799804688,-86.0782,21.9791,27.8237046762438,63,63,63,63,61,63,0,9004,1.9064526870154,22,-86,0.001869,51,2024-07-11 14:41:59.001562,686,1.037,0.0011,"aoml_navis",1030.34919638584
"7901009",40,0,1,0.026166,1,0.003738,1,120.737402666904,1,4.85267689235151,688.099975585938,1,7.83199977874756,34.9220008850098,0.0261659994721413,0,116.428100585938,-86.0782,21.9791,27.8237046762438,63,63,63,63,61,63,0,9004,1.9064526870154,22,-86,0.001869,51,2024-07-11 14:41:59.001562,688.099975585938,1.037,0.0011,"aoml_navis",1030.35914216351
"7901009",40,0,1,0.028035,1,0.005607,1,120.739886965182,1,4.85263429365897,690,1,7.8289999961853,34.9220008850098,0.0280349999666214,0,116.43049621582,-86.0782,21.9791,27.8237046762438,63,63,63,63,61,63,0,9004,1.9064526870154,22,-86,0.001869,51,2024-07-11 14:41:59.001562,690,1.037,0.0011,"aoml_navis",1030.36818713778
"7901009",40,0,1,0.026166,1,0.003738,1,120.771003987881,1,4.8525903426543,692,1,7.8270001411438,34.9220008850098,0.0261659994721413,0,116.460502624512,-86.0782,21.9791,27.8237046762438,63,63,63,63,61,63,0,9004,1.9064526870154,22,-86,0.001869,51,2024-07-11 14:41:59.001562,692,1.037,0.0011,"aoml_navis",1030.37751941473
"7901009",40,0,1,0.028035,1,0.005607,1,120.769651073851,1,4.8525463932765,694,1,7.82499980926514,34.9220008850098,0.0280349999666214,0,116.459197998047,-86.0782,21.9791,27.8237046762438,63,63,63,63,61,63,0,9004,1.9064526870154,22,-86,0.001869,51,2024-07-11 14:41:59.001562,694,1.037,0.0011,"aoml_navis",1030.38685151528
"7901009",40,0,1,0.028035,1,0.005607,1,120.751612220112,1,4.85250397945912,696,1,7.82499980926514,34.9220008850098,0.0280349999666214,0,116.441802978516,-86.0782,21.9791,27.8237046762438,63,63,63,63,61,63,0,9004,1.9064526870154,22,-86,0.001869,51,2024-07-11 14:41:59.001562,696,1.037,0.0011,"aoml_navis",1030.39585771907
"7901009",40,0,1,0.028035,1,0.005607,1,120.791226492335,1,4.85246003459809,698,1,7.82299995422363,34.9220008850098,0.0280349999666214,0,116.480003356934,-86.0782,21.9791,27.8237046762438,63,63,63,63,61,63,0,9004,1.9064526870154,22,-86,0.001869,51,2024-07-11 14:41:59.001562,698,1.037,0.0011,"aoml_navis",1030.40518919269
"7901009",40,0,1,0.029904,1,0.007476,1,120.825753491333,1,4.85241746737143,700,1,7.81799983978271,34.9210014343262,0.0299040004611015,0,116.513298034668,-86.0782,21.9791,27.8237046762438,63,63,63,63,61,63,0,9004,1.9064526870154,22,-86,0.001869,51,2024-07-11 14:41:59.001562,700,1.037,0.0011,"aoml_navis",1030.41422829362
"7901009",40,0,1,0.028035,1,0.005607,1,120.842035930366,1,4.85237352613234,702,1,7.81599998474121,34.9210014343262,0.0280349999666214,0,116.528999328613,-86.0782,21.9791,27.8237046762438,63,63,63,63,61,63,0,9004,1.9064526870154,22,-86,0.001869,51,2024-07-11 14:41:59.001562,702,1.037,0.0011,"aoml_navis",1030.42355933084
"7901009",40,0,1,0.029904,1,0.007476,1,120.90498203578,1,4.85232637678436,704,1,7.80499982833862,34.9199981689453,0.0299040004611015,0,116.589698791504,-86.0782,21.9791,27.8237046762438,63,63,63,63,61,63,0,9004,1.9064526870154,22,-86,0.001869,51,2024-07-11 14:41:59.001562,704,1.037,0.0011,"aoml_navis",1030.43357180634
"7901009",40,0,1,0.031773,1,0.009345,1,120.960467334583,1,4.85227983017637,706,1,7.78999996185303,34.9179992675781,0.0317730009555817,0,116.643203735352,-86.0782,21.9791,27.8237046762438,63,63,63,63,61,63,0,9004,1.9064526870154,22,-86,0.001869,51,2024-07-11 14:41:59.001562,706,1.037,0.0011,"aoml_navis",1030.44345647688
"7901009",40,0,1,0.029904,1,0.007476,1,121.004433084682,1,4.85223512685599,708,1,7.78700017929077,34.9179992675781,0.0299040004611015,0,116.685600280762,-86.0782,21.9791,27.8237046762438,63,63,63,63,61,63,0,9004,1.9064526870154,22,-86,0.001869,51,2024-07-11 14:41:59.001562,708,1.037,0.0011,"aoml_navis",1030.4529498841
"7901009",40,0,1,0.033642,1,0.011214,1,121.055867553171,1,4.85219410097222,710,1,7.78399991989136,34.9169998168945,0.0336420014500618,0,116.735198974609,-86.0782,21.9791,27.8237046762438,63,63,63,63,61,63,0,9004,1.9064526870154,22,-86,0.001869,51,2024-07-11 14:41:59.001562,710,1.037,0.0011,"aoml_navis",1030.46166248753
"7901009",40,0,1,0.028035,1,0.005607,1,121.234444293406,1,4.85214450366189,712,1,7.7649998664856,34.9150009155273,0.0280349999666214,0,116.907402038574,-86.0782,21.9791,27.8237046762438,63,63,63,63,61,63,0,9004,1.9064526870154,22,-86,0.001869,51,2024-07-11 14:41:59.001562,712,1.037,0.0011,"aoml_navis",1030.47219558826
"7901009",40,0,1,0.028035,1,0.005607,1,121.445680853042,1,4.8521016679498,714,1,7.75,34.9119987487793,0.0280349999666214,0,117.111099243164,-86.0782,21.9791,27.8237046762438,63,63,63,63,61,63,0,9004,1.9064526870154,22,-86,0.001869,51,2024-07-11 14:41:59.001562,714,1.037,0.0011,"aoml_navis",1030.48129288534
"7901009",40,0,1,0.028035,1,0.005607,1,121.786235423361,1,4.85204799453198,716,1,7.71600008010864,34.9080009460449,0.0280349999666214,0,117.439498901367,-86.0782,21.9791,27.8237046762438,63,63,63,63,61,63,0,9004,1.9064526870154,22,-86,0.001869,51,2024-07-11 14:41:59.001562,716,1.037,0.0011,"aoml_navis",1030.49269208276
"7901009",40,0,1,0.028035,1,0.005607,1,122.217941587507,1,4.85199868967913,718,1,7.67799997329712,34.9020004272461,0.0280349999666214,0,117.855796813965,-86.0782,21.9791,27.8237046762438,63,63,63,63,61,63,0,9004,1.9064526870154,22,-86,0.001869,51,2024-07-11 14:41:59.001562,718,1.037,0.0011,"aoml_navis",1030.50316370359
"7901009",40,0,1,0.029904,1,0.007476,1,122.854048535134,1,4.85189608185777,720,1,7.55499982833862,34.8930015563965,0.0299040004611015,0,118.469200134277,-86.0782,21.9791,27.8237046762438,63,63,63,63,61,63,0,9004,1.9064526870154,22,-86,0.001869,51,2024-07-11 14:41:59.001562,720,1.037,0.0011,"aoml_navis",1030.52495676814
"7901009",40,0,1,0.026166,1,0.003738,1,123.011674887343,1,4.8518396918868,722,1,7.51700019836426,34.8889999389648,0.0261659994721413,0,118.621200561523,-86.0782,21.9791,27.8237046762438,63,63,63,63,61,63,0,9004,1.9064526870154,22,-86,0.001869,51,2024-07-11 14:41:59.001562,722,1.037,0.0011,"aoml_navis",1030.53693393064
"7901009",40,0,1,0.028035,1,0.005607,1,123.130620557127,1,4.85179046890371,724,1,7.50799989700317,34.8889999389648,0.0280349999666214,0,118.735900878906,-86.0782,21.9791,27.8237046762438,63,63,63,63,61,63,0,9004,1.9064526870154,22,-86,0.001869,51,2024-07-11 14:41:59.001562,724,1.037,0.0011,"aoml_navis",1030.54738906105
"7901009",40,0,1,0.031773,1,0.009345,1,123.327544710441,1,4.85174785168641,726,1,7.4980001449585,34.8870010375977,0.0317730009555817,0,118.925796508789,-86.0782,21.9791,27.8237046762438,63,63,63,63,61,63,0,9004,1.9064526870154,22,-86,0.001869,51,2024-07-11 14:41:59.001562,726,1.037,0.0011,"aoml_navis",1030.5564412755
"7901009",40,0,1,0.031773,1,0.009345,1,123.609306858772,1,4.85167598852198,728,1,7.4539999961853,34.8860015869141,0.0317730009555817,0,119.19750213623,-86.0782,21.9791,27.8237046762438,63,63,63,63,61,63,0,9004,1.9064526870154,22,-86,0.001869,51,2024-07-11 14:41:59.001562,728,1.037,0.0011,"aoml_navis",1030.57170590718
"7901009",40,0,1,0.028035,1,0.005607,1,123.764338147812,1,4.85162822345855,730,1,7.44199991226196,34.8849983215332,0.0280349999666214,0,119.34700012207,-86.0782,21.9791,27.8237046762438,63,63,63,63,61,63,0,9004,1.9064526870154,22,-86,0.001869,51,2024-07-11 14:41:59.001562,730,1.037,0.0011,"aoml_navis",1030.58185205207
"7901009",40,0,1,0.028035,1,0.005607,1,124.044328057881,1,4.85157069762688,732,1,7.41699981689453,34.8839988708496,0.0280349999666214,0,119.616996765137,-86.0782,21.9791,27.8237046762438,63,63,63,63,61,63,0,9004,1.9064526870154,22,-86,0.001869,51,2024-07-11 14:41:59.001562,732,1.037,0.0011,"aoml_navis",1030.59407182208
"7901009",40,0,1,0.028035,1,0.005607,1,124.284814460619,1,4.85151094983383,734,1,7.38899993896484,34.882999420166,0.0280349999666214,0,119.848899841309,-86.0782,21.9791,27.8237046762438,63,63,63,63,61,63,0,9004,1.9064526870154,22,-86,0.001869,51,2024-07-11 14:41:59.001562,734,1.037,0.0011,"aoml_navis",1030.60676389306
"7901009",40,0,1,0.028035,1,0.005607,1,124.562945102869,1,4.8514564660308,736,1,7.36800003051758,34.8819999694824,0.0280349999666214,0,120.11710357666,-86.0782,21.9791,27.8237046762438,63,63,63,63,61,63,0,9004,1.9064526870154,22,-86,0.001869,51,2024-07-11 14:41:59.001562,736,1.037,0.0011,"aoml_navis",1030.61833802061
"7901009",40,0,1,0.026166,1,0.003738,1,124.806018656997,1,4.85139010664958,738,1,7.33599996566772,34.8819999694824,0.0261659994721413,0,120.351501464844,-86.0782,21.9791,27.8237046762438,63,63,63,63,61,63,0,9004,1.9064526870154,22,-86,0.001869,51,2024-07-11 14:41:59.001562,738,1.037,0.0011,"aoml_navis",1030.63243525742
"7901009",40,0,1,0.028035,1,0.005607,1,124.940518882242,1,4.8513304954391,740,1,7.31300020217896,34.8819999694824,0.0280349999666214,0,120.481201171875,-86.0782,21.9791,27.8237046762438,63,63,63,63,61,63,0,9004,1.9064526870154,22,-86,0.001869,51,2024-07-11 14:41:59.001562,740,1.037,0.0011,"aoml_navis",1030.64509925693
"7901009",40,0,1,0.028035,1,0.005607,1,125.172080799445,1,4.8512753269375,742,1,7.29099988937378,34.8810005187988,0.0280349999666214,0,120.704498291016,-86.0782,21.9791,27.8237046762438,63,63,63,63,61,63,0,9004,1.9064526870154,22,-86,0.001869,51,2024-07-11 14:41:59.001562,742,1.037,0.0011,"aoml_navis",1030.65681971021
"7901009",40,0,1,0.028035,1,0.005607,1,125.353766868417,1,4.85122617023556,744,1,7.28200006484985,34.8810005187988,0.0280349999666214,0,120.879699707031,-86.0782,21.9791,27.8237046762438,63,63,63,63,61,63,0,9004,1.9064526870154,22,-86,0.001869,51,2024-07-11 14:41:59.001562,744,1.037,0.0011,"aoml_navis",1030.66726319157
"7901009",40,0,1,0.031773,1,0.009345,1,125.616026484088,1,4.85117920705749,746,1,7.27099990844727,34.8800010681152,0.0317730009555817,0,121.132598876953,-86.0782,21.9791,27.8237046762438,63,63,63,63,61,63,0,9004,1.9064526870154,22,-86,0.001869,51,2024-07-11 14:41:59.001562,746,1.037,0.0011,"aoml_navis",1030.67724085022
"7901009",40,0,1,0.028035,1,0.005607,1,126.051364154315,1,4.85112258591256,748,1,7.24700021743774,34.8790016174316,0.0280349999666214,0,121.552398681641,-86.0782,21.9791,27.8237046762438,63,63,63,63,61,63,0,9004,1.9064526870154,22,-86,0.001869,51,2024-07-11 14:41:59.001562,748,1.037,0.0011,"aoml_navis",1030.68927066897
"7901009",40,0,1,0.024297,1,0.001869,1,126.645467472777,1,4.85106154948584,750,1,7.21700000762939,34.8779983520508,0.0242970008403063,0,122.125297546387,-86.0782,21.9791,27.8237046762438,63,63,63,63,61,63,0,9004,1.9064526870154,22,-86,0.001869,51,2024-07-11 14:41:59.001562,750,1.037,0.0011,"aoml_navis",1030.70223888005
"7901009",40,0,1,0.029904,1,0.007476,1,127.244341593345,1,4.85098647658129,752,1,7.16800022125244,34.8769989013672,0.0299040004611015,0,122.702796936035,-86.0782,21.9791,27.8237046762438,63,63,63,63,61,63,0,9004,1.9064526870154,22,-86,0.001869,51,2024-07-11 14:41:59.001562,752,1.037,0.0011,"aoml_navis",1030.71818982347
"7901009",40,0,1,0.028035,1,0.005607,1,127.616218892591,1,4.85091373161244,754,1,7.13700008392334,34.8790016174316,0.0280349999666214,0,123.061401367188,-86.0782,21.9791,27.8237046762438,63,63,63,63,61,63,0,9004,1.9064526870154,22,-86,0.001869,51,2024-07-11 14:41:59.001562,754,1.037,0.0011,"aoml_navis",1030.73364661507
"7901009",40,0,1,0.031773,1,0.009345,1,127.893202327037,1,4.85085578445215,756,1,7.12599992752075,34.8810005187988,0.0317730009555817,0,123.328498840332,-86.0782,21.9791,27.8237046762438,63,63,63,63,61,63,0,9004,1.9064526870154,22,-86,0.001869,51,2024-07-11 14:41:59.001562,756,1.037,0.0011,"aoml_navis",1030.74595951211
"7901009",40,0,1,0.028035,1,0.005607,1,128.151521877286,1,4.8508074132991,758,1,7.11800003051758,34.8810005187988,0.0280349999666214,0,123.577598571777,-86.0782,21.9791,27.8237046762438,63,63,63,63,61,63,0,9004,1.9064526870154,22,-86,0.001869,51,2024-07-11 14:41:59.001562,758,1.037,0.0011,"aoml_navis",1030.7562378774
"7901009",40,0,1,0.028035,1,0.005607,1,128.503896643871,1,4.85075978220262,760,1,7.11100006103516,34.8810005187988,0.0280349999666214,0,123.91739654541,-86.0782,21.9791,27.8237046762438,63,63,63,63,61,63,0,9004,1.9064526870154,22,-86,0.001869,51,2024-07-11 14:41:59.001562,760,1.037,0.0011,"aoml_navis",1030.76635918871
"7901009",40,0,1,0.028035,1,0.005607,1,129.042522575308,1,4.85070773052775,762,1,7.09800004959106,34.8810005187988,0.0280349999666214,0,124.436798095703,-86.0782,21.9791,27.8237046762438,63,63,63,63,61,63,0,9004,1.9064526870154,22,-86,0.001869,51,2024-07-11 14:41:59.001562,762,1.037,0.0011,"aoml_navis",1030.77742007268
"7901009",40,0,1,0.028035,1,0.005607,1,129.635692303971,1,4.85063655108532,764,1,7.05900001525879,34.8810005187988,0.0280349999666214,0,125.008796691895,-86.0782,21.9791,27.8237046762438,63,63,63,63,61,63,0,9004,1.9064526870154,22,-86,0.001869,51,2024-07-11 14:41:59.001562,764,1.037,0.0011,"aoml_navis",1030.7925459559
"7901009",40,0,1,0.028035,1,0.005607,1,129.992529313323,1,4.85055743249901,766,1,6.99399995803833,34.8779983520508,0.0280349999666214,0,125.352897644043,-86.0782,21.9791,27.8237046762438,63,63,63,63,61,63,0,9004,1.9064526870154,22,-86,0.001869,51,2024-07-11 14:41:59.001562,766,1.037,0.0011,"aoml_navis",1030.80935945624
"7901009",40,0,1,0.031773,1,0.009345,1,130.155132173866,1,4.85050399258219,768,1,6.97399997711182,34.8769989013672,0.0317730009555817,0,125.509696960449,-86.0782,21.9791,27.8237046762438,63,63,63,63,61,63,0,9004,1.9064526870154,22,-86,0.001869,51,2024-07-11 14:41:59.001562,768,1.037,0.0011,"aoml_navis",1030.82071628978
"7901009",40,0,1,0.029904,1,0.007476,1,130.255619665679,1,4.8504541964046,770,1,6.96400022506714,34.8769989013672,0.0299040004611015,0,125.606597900391,-86.0782,21.9791,27.8237046762438,63,63,63,63,61,63,0,9004,1.9064526870154,22,-86,0.001869,51,2024-07-11 14:41:59.001562,770,1.037,0.0011,"aoml_navis",1030.83129899593
"7901009",40,0,1,0.029904,1,0.007476,1,130.308201341972,1,4.85041027617316,772,1,6.95699977874756,34.8759994506836,0.0299040004611015,0,125.657302856445,-86.0782,21.9791,27.8237046762438,63,63,63,63,61,63,0,9004,1.9064526870154,22,-86,0.001869,51,2024-07-11 14:41:59.001562,772,1.037,0.0011,"aoml_navis",1030.84063312369
"7901009",40,0,1,0.028035,1,0.005607,1,130.327276638623,1,4.85036560231837,774,1,6.9539999961853,34.8759994506836,0.0280349999666214,0,125.67569732666,-86.0782,21.9791,27.8237046762438,63,63,63,63,61,63,0,9004,1.9064526870154,22,-86,0.001869,51,2024-07-11 14:41:59.001562,774,1.037,0.0011,"aoml_navis",1030.85012758834
"7901009",40,0,1,0.031773,1,0.009345,1,130.393339984552,1,4.85032019898709,776,1,6.94999980926514,34.8759994506836,0.0317730009555817,0,125.739402770996,-86.0782,21.9791,27.8237046762438,63,63,63,63,61,63,0,9004,1.9064526870154,22,-86,0.001869,51,2024-07-11 14:41:59.001562,776,1.037,0.0011,"aoml_navis",1030.8597772667
"7901009",40,0,1,0.028035,1,0.005607,1,130.409100246239,1,4.85027774665912,778,1,6.94500017166138,34.875,0.0280349999666214,0,125.754600524902,-86.0782,21.9791,27.8237046762438,63,63,63,63,61,63,0,9004,1.9064526870154,22,-86,0.001869,51,2024-07-11 14:41:59.001562,778,1.037,0.0011,"aoml_navis",1030.86879992471
"7901009",40,0,1,0.031773,1,0.009345,1,130.519849314061,1,4.85023746455989,780,1,6.94799995422363,34.875,0.0317730009555817,0,125.861396789551,-86.0782,21.9791,27.8237046762438,63,63,63,63,61,63,0,9004,1.9064526870154,22,-86,0.001869,51,2024-07-11 14:41:59.001562,780,1.037,0.0011,"aoml_navis",1030.87736147651
"7901009",40,0,1,0.029904,1,0.007476,1,130.665655470004,1,4.85019062849614,782,1,6.93699979782104,34.8740005493164,0.0299040004611015,0,126.001998901367,-86.0782,21.9791,27.8237046762438,63,63,63,63,61,63,0,9004,1.9064526870154,22,-86,0.001869,51,2024-07-11 14:41:59.001562,782,1.037,0.0011,"aoml_navis",1030.88731618582
"7901009",40,0,1,0.026166,1,0.003738,1,130.871915521306,1,4.85014306661359,784,1,6.92500019073486,34.8730010986328,0.0261659994721413,0,126.200897216797,-86.0782,21.9791,27.8237046762438,63,63,63,63,61,63,0,9004,1.9064526870154,22,-86,0.001869,51,2024-07-11 14:41:59.001562,784,1.037,0.0011,"aoml_navis",1030.89742536008
"7901009",40,0,1,0.031773,1,0.009345,1,131.067605437259,1,4.85009842998932,786,1,6.91699981689453,34.8720016479492,0.0317730009555817,0,126.389602661133,-86.0782,21.9791,27.8237046762438,63,63,63,63,61,63,0,9004,1.9064526870154,22,-86,0.001869,51,2024-07-11 14:41:59.001562,786,1.037,0.0011,"aoml_navis",1030.90691295744
"7901009",40,0,1,0.028035,1,0.005607,1,131.44704639623,1,4.85005165097303,788,1,6.90100002288818,34.8699989318848,0.0280349999666214,0,126.755500793457,-86.0782,21.9791,27.8237046762438,63,63,63,63,61,63,0,9004,1.9064526870154,22,-86,0.001869,51,2024-07-11 14:41:59.001562,788,1.037,0.0011,"aoml_navis",1030.9168561116
"7901009",40,0,1,0.033642,1,0.011214,1,131.838521169471,1,4.84999539361325,790,1,6.87200021743774,34.8680000305176,0.0336420014500618,0,127.133003234863,-86.0782,21.9791,27.8237046762438,63,63,63,63,61,63,0,9004,1.9064526870154,22,-86,0.001869,51,2024-07-11 14:41:59.001562,790,1.037,0.0011,"aoml_navis",1030.92881419728
"7901009",40,0,1,0.028035,1,0.005607,1,132.324976837069,1,4.84992256227117,792.099975585938,1,6.81799983978271,34.8650016784668,0.0280349999666214,0,127.602096557617,-86.0782,21.9791,27.8237046762438,63,63,63,63,61,63,0,9004,1.9064526870154,22,-86,0.001869,51,2024-07-11 14:41:59.001562,792.099975585938,1.037,0.0011,"aoml_navis",1030.94429566697
"7901009",40,0,1,0.029904,1,0.007476,1,132.660871370173,1,4.849871554939,794,1,6.78299999237061,34.8610000610352,0.0299040004611015,0,127.926002502441,-86.0782,21.9791,27.8237046762438,63,63,63,63,61,63,0,9004,1.9064526870154,22,-86,0.001869,51,2024-07-11 14:41:59.001562,794,1.037,0.0011,"aoml_navis",1030.95513837023
"7901009",40,0,1,0.031773,1,0.009345,1,133.028286426651,1,4.84982043765877,796,1,6.76599979400635,34.8600006103516,0.0317730009555817,0,128.280303955078,-86.0782,21.9791,27.8237046762438,63,63,63,63,61,63,0,9004,1.9064526870154,22,-86,0.001869,51,2024-07-11 14:41:59.001562,796,1.037,0.0011,"aoml_navis",1030.96600467413
"7901009",40,0,1,0.031773,1,0.009345,1,133.380977664354,1,4.84975697767806,798,1,6.73699998855591,34.8600006103516,0.0317730009555817,0,128.620407104492,-86.0782,21.9791,27.8237046762438,63,63,63,63,61,63,0,9004,1.9064526870154,22,-86,0.001869,51,2024-07-11 14:41:59.001562,798,1.037,0.0011,"aoml_navis",1030.97949505789
"7901009",40,0,1,0.028035,1,0.005607,1,133.673507742484,1,4.8496911667161,800,1,6.71999979019165,34.8629989624023,0.0280349999666214,0,128.902496337891,-86.0782,21.9791,27.8237046762438,63,63,63,63,61,63,0,9004,1.9064526870154,22,-86,0.001869,51,2024-07-11 14:41:59.001562,800,1.037,0.0011,"aoml_navis",1030.99348558842
"7901009",40,0,1,0.029904,1,0.007476,1,133.910054079799,1,4.84962979370845,802.099975585938,1,6.70699977874756,34.8650016784668,0.0299040004611015,0,129.130599975586,-86.0782,21.9791,27.8237046762438,63,63,63,63,61,63,0,9004,1.9064526870154,22,-86,0.001869,51,2024-07-11 14:41:59.001562,802.099975585938,1.037,0.0011,"aoml_navis",1031.00653301137
"7901009",40,0,1,0.029904,1,0.007476,1,134.099620279614,1,4.84957492776202,804,1,6.69199991226196,34.8660011291504,0.0299040004611015,0,129.313400268555,-86.0782,21.9791,27.8237046762438,63,63,63,63,61,63,0,9004,1.9064526870154,22,-86,0.001869,51,2024-07-11 14:41:59.001562,804,1.037,0.0011,"aoml_navis",1031.01819736341
"7901009",40,0,1,0.028035,1,0.005607,1,134.32610283537,1,4.84952883163323,806,1,6.68699979782104,34.8660011291504,0.0280349999666214,0,129.531799316406,-86.0782,21.9791,27.8237046762438,63,63,63,63,61,63,0,9004,1.9064526870154,22,-86,0.001869,51,2024-07-11 14:41:59.001562,806,1.037,0.0011,"aoml_navis",1031.02799747993
"7901009",40,0,1,0.029904,1,0.007476,1,134.599154116173,1,4.84946529099797,808,1,6.66800022125244,34.8680000305176,0.0299040004611015,0,129.795104980469,-86.0782,21.9791,27.8237046762438,63,63,63,63,61,63,0,9004,1.9064526870154,22,-86,0.001869,51,2024-07-11 14:41:59.001562,808,1.037,0.0011,"aoml_navis",1031.04150663403
"7901009",40,0,1,0.028035,1,0.005607,1,134.853422836109,1,4.84940464051909,810,1,6.65299987792969,34.8699989318848,0.0280349999666214,0,130.040298461914,-86.0782,21.9791,27.8237046762438,63,63,63,63,61,63,0,9004,1.9064526870154,22,-86,0.001869,51,2024-07-11 14:41:59.001562,810,1.037,0.0011,"aoml_navis",1031.05440165224
"7901009",40,0,1,0.029904,1,0.007476,1,135.091836353022,1,4.8493482992505,812,1,6.64400005340576,34.8720016479492,0.0299040004611015,0,130.270202636719,-86.0782,21.9791,27.8237046762438,63,63,63,63,61,63,0,9004,1.9064526870154,22,-86,0.001869,51,2024-07-11 14:41:59.001562,812,1.037,0.0011,"aoml_navis",1031.06638076972
"7901009",40,0,1,0.028035,1,0.005607,1,135.364365456479,1,4.84928964930429,814,1,6.64200019836426,34.8759994506836,0.0280349999666214,0,130.533004760742,-86.0782,21.9791,27.8237046762438,63,63,63,63,61,63,0,9004,1.9064526870154,22,-86,0.001869,51,2024-07-11 14:41:59.001562,814,1.037,0.0011,"aoml_navis",1031.07885104725
"7901009",40,0,4,0.024297,1,0.001869,1,135.606608273923,1,4.84923908199342,816,1,6.64099979400635,34.8779983520508,0.0242970008403063,0,130.7666015625,-86.0782,21.9791,27.8237046762438,63,63,63,63,61,63,0,9004,1.9064526870154,22,-86,0.001869,51,2024-07-11 14:41:59.001562,816,1.037,0.0011,"aoml_navis",1031.08960301966
"7901009",40,0,1,0.031773,1,0.009345,1,135.864089175709,1,4.84919146413192,818,1,6.63899993896484,34.8790016174316,0.0317730009555817,0,131.014892578125,-86.0782,21.9791,27.8237046762438,63,63,63,63,61,63,0,9004,1.9064526870154,22,-86,0.001869,51,2024-07-11 14:41:59.001562,818,1.037,0.0011,"aoml_navis",1031.09972806468
"7901009",40,0,1,0.031773,1,0.009345,1,136.21222322931,1,4.84914386251568,820,1,6.63700008392334,34.8800010681152,0.0317730009555817,0,131.350601196289,-86.0782,21.9791,27.8237046762438,63,63,63,63,61,63,0,9004,1.9064526870154,22,-86,0.001869,51,2024-07-11 14:41:59.001562,820,1.037,0.0011,"aoml_navis",1031.10984985421
"7901009",40,0,1,0.031773,1,0.009345,1,136.851637300122,1,4.84908762767522,822,1,6.6230001449585,34.8810005187988,0.0317730009555817,0,131.967193603516,-86.0782,21.9791,27.8237046762438,63,63,63,63,61,63,0,9004,1.9064526870154,22,-86,0.001869,51,2024-07-11 14:41:59.001562,822,1.037,0.0011,"aoml_navis",1031.12180762902
"7901009",40,0,1,0.031773,1,0.009345,1,137.278683427052,1,4.84900976403474,824,1,6.58400011062622,34.882999420166,0.0317730009555817,0,132.378997802734,-86.0782,21.9791,27.8237046762438,63,63,63,63,61,63,0,9004,1.9064526870154,22,-86,0.001869,51,2024-07-11 14:41:59.001562,824,1.037,0.0011,"aoml_navis",1031.13836500911
"7901009",40,0,1,0.026166,1,0.003738,1,137.624222417483,1,4.84895723544666,826,1,6.57000017166138,34.882999420166,0.0261659994721413,0,132.712203979492,-86.0782,21.9791,27.8237046762438,63,63,63,63,61,63,0,9004,1.9064526870154,22,-86,0.001869,51,2024-07-11 14:41:59.001562,826,1.037,0.0011,"aoml_navis",1031.14953529579
"7901009",40,0,1,0.029904,1,0.007476,1,138.051679956867,1,4.84890409530095,828,1,6.55000019073486,34.8819999694824,0.0299040004611015,0,133.124404907227,-86.0782,21.9791,27.8237046762438,63,63,63,63,61,63,0,9004,1.9064526870154,22,-86,0.001869,51,2024-07-11 14:41:59.001562,828,1.037,0.0011,"aoml_navis",1031.16083587742
"7901009",40,0,1,0.028035,1,0.005607,1,138.469279420917,1,4.8488508444055,829.900024414062,1,6.53200006484985,34.8819999694824,0.0280349999666214,0,133.527099609375,-86.0782,21.9791,27.8237046762438,63,63,63,63,61,63,0,9004,1.9064526870154,22,-86,0.001869,51,2024-07-11 14:41:59.001562,829.900024414062,1.037,0.0011,"aoml_navis",1031.17216025914
"7901009",40,0,1,0.024297,1,0.001869,1,138.958338063463,1,4.84877039222154,832,1,6.48699998855591,34.882999420166,0.0242970008403063,0,133.99870300293,-86.0782,21.9791,27.8237046762438,63,63,63,63,61,63,0,9004,1.9064526870154,22,-86,0.001869,51,2024-07-11 14:41:59.001562,832,1.037,0.0011,"aoml_navis",1031.1892697623
"7901009",40,0,1,0.026166,1,0.003738,1,139.096050470557,1,4.84871434673997,834,1,6.46799993515015,34.882999420166,0.0261659994721413,0,134.131500244141,-86.0782,21.9791,27.8237046762438,63,63,63,63,61,63,0,9004,1.9064526870154,22,-86,0.001869,51,2024-07-11 14:41:59.001562,834,1.037,0.0011,"aoml_navis",1031.20118910732
"7901009",40,0,1,0.028035,1,0.005607,1,139.176006898576,1,4.84867185302669,836,1,6.46799993515015,34.882999420166,0.0280349999666214,0,134.208602905273,-86.0782,21.9791,27.8237046762438,63,63,63,63,61,63,0,9004,1.9064526870154,22,-86,0.001869,51,2024-07-11 14:41:59.001562,836,1.037,0.0011,"aoml_navis",1031.21022654458
"7901009",40,0,1,0.028035,1,0.005607,1,139.365256627273,1,4.84862864870529,838,1,6.46700000762939,34.882999420166,0.0280349999666214,0,134.391098022461,-86.0782,21.9791,27.8237046762438,63,63,63,63,61,63,0,9004,1.9064526870154,22,-86,0.001869,51,2024-07-11 14:41:59.001562,838,1.037,0.0011,"aoml_navis",1031.21941527428
"7901009",40,0,1,0.028035,1,0.005607,1,139.87857278103,1,4.84858770058916,840,1,6.46400022506714,34.8819999694824,0.0280349999666214,0,134.886093139648,-86.0782,21.9791,27.8237046762438,63,63,63,63,61,63,0,9004,1.9064526870154,22,-86,0.001869,51,2024-07-11 14:41:59.001562,840,1.037,0.0011,"aoml_navis",1031.22812430359
"7901009",40,0,1,0.029904,1,0.007476,1,140.973879321199,1,4.84852668203006,842,1,6.43800020217896,34.8819999694824,0.0299040004611015,0,135.942306518555,-86.0782,21.9791,27.8237046762438,63,63,63,63,61,63,0,9004,1.9064526870154,22,-86,0.001869,51,2024-07-11 14:41:59.001562,842,1.037,0.0011,"aoml_navis",1031.2411022778
"7901009",40,0,1,0.028035,1,0.005607,1,142.086797479097,1,4.84843289793446,844,1,6.37099981307983,34.882999420166,0.0280349999666214,0,137.015502929688,-86.0782,21.9791,27.8237046762438,63,63,63,63,61,63,0,9004,1.9064526870154,22,-86,0.001869,51,2024-07-11 14:41:59.001562,844,1.037,0.0011,"aoml_navis",1031.26104975695
"7901009",40,0,1,0.026166,1,0.003738,1,142.887374466864,1,4.8483357830225,846,1,6.29899978637695,34.8839988708496,0.0261659994721413,0,137.787506103516,-86.0782,21.9791,27.8237046762438,63,63,63,63,61,63,0,9004,1.9064526870154,22,-86,0.001869,51,2024-07-11 14:41:59.001562,846,1.037,0.0011,"aoml_navis",1031.28170649991
"7901009",40,0,1,0.031773,1,0.009345,1,143.319278425459,1,4.84827439318819,848,1,6.26700019836426,34.882999420166,0.0317730009555817,0,138.203994750977,-86.0782,21.9791,27.8237046762438,63,63,63,63,61,63,0,9004,1.9064526870154,22,-86,0.001869,51,2024-07-11 14:41:59.001562,848,1.037,0.0011,"aoml_navis",1031.29476479817
"7901009",40,0,1,0.029904,1,0.007476,1,143.622299521157,1,4.84821130458674,850,1,6.24300003051758,34.8839988708496,0.0299040004611015,0,138.496200561523,-86.0782,21.9791,27.8237046762438,63,63,63,63,61,63,0,9004,1.9064526870154,22,-86,0.001869,51,2024-07-11 14:41:59.001562,850,1.037,0.0011,"aoml_navis",1031.30818478759
"7901009",40,0,1,0.029904,1,0.007476,1,143.757416865082,1,4.84816738147808,852,1,6.24100017547607,34.8839988708496,0.0299040004611015,0,138.626495361328,-86.0782,21.9791,27.8237046762438,63,63,63,63,61,63,0,9004,1.9064526870154,22,-86,0.001869,51,2024-07-11 14:41:59.001562,852,1.037,0.0011,"aoml_navis",1031.31752816579
"7901009",40,0,1,0.026166,1,0.003738,1,143.943248705702,1,4.84811870447724,854,1,6.22700023651123,34.882999420166,0.0261659994721413,0,138.805694580078,-86.0782,21.9791,27.8237046762438,63,63,63,63,61,63,0,9004,1.9064526870154,22,-86,0.001869,51,2024-07-11 14:41:59.001562,854,1.037,0.0011,"aoml_navis",1031.32788299562
"7901009",40,0,1,0.028035,1,0.005607,1,144.197327542967,1,4.84804548328943,856,1,6.17799997329712,34.8819999694824,0.0280349999666214,0,139.050704956055,-86.0782,21.9791,27.8237046762438,63,63,63,63,61,63,0,9004,1.9064526870154,22,-86,0.001869,51,2024-07-11 14:41:59.001562,856,1.037,0.0011,"aoml_navis",1031.34345938674
"7901009",40,0,1,0.028035,1,0.005607,1,144.266080893401,1,4.84798895606802,858,1,6.15799999237061,34.8819999694824,0.0280349999666214,0,139.117004394531,-86.0782,21.9791,27.8237046762438,63,63,63,63,61,63,0,9004,1.9064526870154,22,-86,0.001869,51,2024-07-11 14:41:59.001562,858,1.037,0.0011,"aoml_navis",1031.35548478132
"7901009",40,0,1,0.029904,1,0.007476,1,144.347999442353,1,4.84794311795832,860,1,6.14799976348877,34.8810005187988,0.0299040004611015,0,139.195999145508,-86.0782,21.9791,27.8237046762438,63,63,63,63,61,63,0,9004,1.9064526870154,22,-86,0.001869,51,2024-07-11 14:41:59.001562,860,1.037,0.0011,"aoml_navis",1031.36523641922
"7901009",40,0,4,0.024297,1,0.001869,1,144.531869162041,1,4.84789518666125,862,1,6.13500022888184,34.8800010681152,0.0242970008403063,0,139.373306274414,-86.0782,21.9791,27.8237046762438,63,63,63,63,61,63,0,9004,1.9064526870154,22,-86,0.001869,51,2024-07-11 14:41:59.001562,862,1.037,0.0011,"aoml_navis",1031.37543356079
"7901009",40,0,1,0.029904,1,0.007476,1,144.774111979484,1,4.84783190469848,864,1,6.09999990463257,34.8790016174316,0.0299040004611015,0,139.606903076172,-86.0782,21.9791,27.8237046762438,63,63,63,63,61,63,0,9004,1.9064526870154,22,-86,0.001869,51,2024-07-11 14:41:59.001562,864,1.037,0.0011,"aoml_navis",1031.38889678787
"7901009",40,0,1,0.029904,1,0.007476,1,145.229972801728,1,4.84774505569103,866,1,6.0310001373291,34.8779983520508,0.0299040004611015,0,140.046493530273,-86.0782,21.9791,27.8237046762438,63,63,63,63,61,63,0,9004,1.9064526870154,22,-86,0.001869,51,2024-07-11 14:41:59.001562,866,1.037,0.0011,"aoml_navis",1031.40737447202
"7901009",40,0,1,0.029904,1,0.007476,1,145.620213337608,1,4.84768863971203,868,1,6.01100015640259,34.8779983520508,0.0299040004611015,0,140.422805786133,-86.0782,21.9791,27.8237046762438,63,63,63,63,61,63,0,9004,1.9064526870154,22,-86,0.001869,51,2024-07-11 14:41:59.001562,868,1.037,0.0011,"aoml_navis",1031.41937768863
"7901009",40,0,1,0.033642,1,0.011214,1,146.044031459132,1,4.84763431629332,870,1,5.99399995803833,34.8779983520508,0.0336420014500618,0,140.831497192383,-86.0782,21.9791,27.8237046762438,63,63,63,63,61,63,0,9004,1.9064526870154,22,-86,0.001869,51,2024-07-11 14:41:59.001562,870,1.037,0.0011,"aoml_navis",1031.43093595046
"7901009",40,0,1,0.029904,1,0.007476,1,146.693002957715,1,4.84757861918522,872,1,5.97499990463257,34.8779983520508,0.0299040004611015,0,141.457305908203,-86.0782,21.9791,27.8237046762438,63,63,63,63,61,63,0,9004,1.9064526870154,22,-86,0.001869,51,2024-07-11 14:41:59.001562,872,1.037,0.0011,"aoml_navis",1031.44278675781
"7901009",40,0,1,0.029904,1,0.007476,1,147.151458843128,1,4.84750956509016,874,1,5.94199991226196,34.8790016174316,0.0299040004611015,0,141.899398803711,-86.0782,21.9791,27.8237046762438,63,63,63,63,61,63,0,9004,1.9064526870154,22,-86,0.001869,51,2024-07-11 14:41:59.001562,874,1.037,0.0011,"aoml_navis",1031.45747994146
"7901009",40,0,1,0.029904,1,0.007476,1,147.455824941079,1,4.84744953141653,876,1,5.92199993133545,34.8800010681152,0.0299040004611015,0,142.192901611328,-86.0782,21.9791,27.8237046762438,63,63,63,63,61,63,0,9004,1.9064526870154,22,-86,0.001869,51,2024-07-11 14:41:59.001562,876,1.037,0.0011,"aoml_navis",1031.47025411916
"7901009",40,0,1,0.031773,1,0.009345,1,147.624646459095,1,4.84740008822729,878,1,5.91200017929077,34.8800010681152,0.0317730009555817,0,142.355697631836,-86.0782,21.9791,27.8237046762438,63,63,63,63,61,63,0,9004,1.9064526870154,22,-86,0.001869,51,2024-07-11 14:41:59.001562,878,1.037,0.0011,"aoml_navis",1031.48077505369
"7901009",40,0,1,0.028035,1,0.005607,1,147.672038009049,1,4.84735179028533,880,1,5.90899991989136,34.8810005187988,0.0280349999666214,0,142.401397705078,-86.0782,21.9791,27.8237046762438,63,63,63,63,61,63,0,9004,1.9064526870154,22,-86,0.001869,51,2024-07-11 14:41:59.001562,880,1.037,0.0011,"aoml_navis",1031.49105250017
"7901009",40,0,1,0.029904,1,0.007476,1,147.756345914943,1,4.8473129300444,882,1,5.90899991989136,34.8800010681152,0.0299040004611015,0,142.482696533203,-86.0782,21.9791,27.8237046762438,63,63,63,63,61,63,0,9004,1.9064526870154,22,-86,0.001869,51,2024-07-11 14:41:59.001562,882,1.037,0.0011,"aoml_navis",1031.49932182204
"7901009",40,0,1,0.031773,1,0.009345,1,147.928696085927,1,4.84726394675028,884,1,5.90500020980835,34.8810005187988,0.0317730009555817,0,142.648895263672,-86.0782,21.9791,27.8237046762438,63,63,63,63,61,63,0,9004,1.9064526870154,22,-86,0.001869,51,2024-07-11 14:41:59.001562,884,1.037,0.0011,"aoml_navis",1031.50974548273
"7901009",40,0,1,0.029904,1,0.007476,1,148.063623547181,1,4.84721657908364,886,1,5.89799976348877,34.8810005187988,0.0299040004611015,0,142.779006958008,-86.0782,21.9791,27.8237046762438,63,63,63,63,61,63,0,9004,1.9064526870154,22,-86,0.001869,51,2024-07-11 14:41:59.001562,886,1.037,0.0011,"aoml_navis",1031.51982553774
"7901009",40,0,1,0.026166,1,0.003738,1,148.197285123963,1,4.84717197215554,888,1,5.89499998092651,34.8810005187988,0.0261659994721413,0,142.907897949219,-86.0782,21.9791,27.8237046762438,63,63,63,63,61,63,0,9004,1.9064526870154,22,-86,0.001869,51,2024-07-11 14:41:59.001562,888,1.037,0.0011,"aoml_navis",1031.52931827515
"7901009",40,0,1,0.028035,1,0.005607,1,148.403655940156,1,4.84712598760953,890,1,5.8899998664856,34.8810005187988,0.0280349999666214,0,143.106903076172,-86.0782,21.9791,27.8237046762438,63,63,63,63,61,63,0,9004,1.9064526870154,22,-86,0.001869,51,2024-07-11 14:41:59.001562,890,1.037,0.0011,"aoml_navis",1031.53910436437
"7901009",40,0,1,0.033642,1,0.011214,1,148.620185479244,1,4.84707862609681,892,1,5.88299989700317,34.8810005187988,0.0336420014500618,0,143.315704345703,-86.0782,21.9791,27.8237046762438,63,63,63,63,61,63,0,9004,1.9064526870154,22,-86,0.001869,51,2024-07-11 14:41:59.001562,892,1.037,0.0011,"aoml_navis",1031.54918368352
"7901009",40,0,1,0.026166,1,0.003738,1,148.815970336532,1,4.84703195605352,894,1,5.8769998550415,34.8810005187988,0.0261659994721413,0,143.504501342773,-86.0782,21.9791,27.8237046762438,63,63,63,63,61,63,0,9004,1.9064526870154,22,-86,0.001869,51,2024-07-11 14:41:59.001562,894,1.037,0.0011,"aoml_navis",1031.55911603913
"7901009",40,0,1,0.028035,1,0.005607,1,149.144388239468,1,4.8469873559832,896,1,5.87400007247925,34.8810005187988,0.0280349999666214,0,143.821197509766,-86.0782,21.9791,27.8237046762438,63,63,63,63,61,63,0,9004,1.9064526870154,22,-86,0.001869,51,2024-07-11 14:41:59.001562,896,1.037,0.0011,"aoml_navis",1031.56860804019
"7901009",40,0,1,0.026166,1,0.003738,1,149.639665539486,1,4.84694206808739,898,1,5.86999988555908,34.8810005187988,0.0261659994721413,0,144.298797607422,-86.0782,21.9791,27.8237046762438,63,63,63,63,61,63,0,9004,1.9064526870154,22,-86,0.001869,51,2024-07-11 14:41:59.001562,898,1.037,0.0011,"aoml_navis",1031.57824660632
"7901009",40,0,1,0.028035,1,0.005607,1,150.372422766619,1,4.8468813879735,900,1,5.84899997711182,34.8819999694824,0.0280349999666214,0,145.005401611328,-86.0782,21.9791,27.8237046762438,63,63,63,63,61,63,0,9004,1.9064526870154,22,-86,0.001869,51,2024-07-11 14:41:59.001562,900,1.037,0.0011,"aoml_navis",1031.59116136129
"7901009",40,0,1,0.029904,1,0.007476,1,150.9946208086,1,4.84680766747763,902,1,5.80900001525879,34.882999420166,0.0299040004611015,0,145.605392456055,-86.0782,21.9791,27.8237046762438,63,63,63,63,61,63,0,9004,1.9064526870154,22,-86,0.001869,51,2024-07-11 14:41:59.001562,902,1.037,0.0011,"aoml_navis",1031.60685198018
"7901009",40,0,1,0.028035,1,0.005607,1,151.269855740119,1,4.84675346230607,904,1,5.79199981689453,34.882999420166,0.0280349999666214,0,145.870803833008,-86.0782,21.9791,27.8237046762438,63,63,63,63,61,63,0,9004,1.9064526870154,22,-86,0.001869,51,2024-07-11 14:41:59.001562,904,1.037,0.0011,"aoml_navis",1031.61838927557
"7901009",40,0,1,0.029904,1,0.007476,1,151.68226507783,1,4.84669721158554,906,1,5.77199983596802,34.882999420166,0.0299040004611015,0,146.268493652344,-86.0782,21.9791,27.8237046762438,63,63,63,63,61,63,0,9004,1.9064526870154,22,-86,0.001869,51,2024-07-11 14:41:59.001562,906,1.037,0.0011,"aoml_navis",1031.63036222853
"7901009",40,0,1,0.029904,1,0.007476,1,152.009654449632,1,4.84663866163236,908,1,5.75400018692017,34.8839988708496,0.0299040004611015,0,146.584197998047,-86.0782,21.9791,27.8237046762438,63,63,63,63,61,63,0,9004,1.9064526870154,22,-86,0.001869,51,2024-07-11 14:41:59.001562,908,1.037,0.0011,"aoml_navis",1031.64282486782
"7901009",40,0,1,0.031773,1,0.009345,1,152.208873018553,1,4.84658859430465,910,1,5.74300003051758,34.8839988708496,0.0317730009555817,0,146.776306152344,-86.0782,21.9791,27.8237046762438,63,63,63,63,61,63,0,9004,1.9064526870154,22,-86,0.001869,51,2024-07-11 14:41:59.001562,910,1.037,0.0011,"aoml_navis",1031.65348217829
"7901009",40,0,1,0.029904,1,0.007476,1,152.329891574161,1,4.84653484815803,912,1,5.73199987411499,34.8849983215332,0.0299040004611015,0,146.893005371094,-86.0782,21.9791,27.8237046762438,63,63,63,63,61,63,0,9004,1.9064526870154,22,-86,0.001869,51,2024-07-11 14:41:59.001562,912,1.037,0.0011,"aoml_navis",1031.66492280568
"7901009",40,0,1,0.033642,1,0.011214,1,152.447381476801,1,4.84648957551257,914,1,5.72800016403198,34.8849983215332,0.0336420014500618,0,147.006301879883,-86.0782,21.9791,27.8237046762438,63,63,63,63,61,63,0,9004,1.9064526870154,22,-86,0.001869,51,2024-07-11 14:41:59.001562,914,1.037,0.0011,"aoml_navis",1031.67455992541
"7901009",40,0,1,0.028035,1,0.005607,1,152.548066763064,1,4.84644354584089,916.099975585938,1,5.72599983215332,34.8849983215332,0.0280349999666214,0,147.103393554688,-86.0782,21.9791,27.8237046762438,63,63,63,63,61,63,0,9004,1.9064526870154,22,-86,0.001869,51,2024-07-11 14:41:59.001562,916.099975585938,1.037,0.0011,"aoml_navis",1031.68435837675
"7901009",40,0,1,0.028035,1,0.005607,1,152.710986094725,1,4.84640613763089,918,1,5.72499990463257,34.8839988708496,0.0280349999666214,0,147.260498046875,-86.0782,21.9791,27.8237046762438,63,63,63,63,61,63,0,9004,1.9064526870154,22,-86,0.001869,51,2024-07-11 14:41:59.001562,918,1.037,0.0011,"aoml_navis",1031.69232169308
"7901009",40,0,1,0.028035,1,0.005607,1,153.006127059579,1,4.84635581918214,920,1,5.7189998626709,34.8849983215332,0.0280349999666214,0,147.545104980469,-86.0782,21.9791,27.8237046762438,63,63,63,63,61,63,0,9004,1.9064526870154,22,-86,0.001869,51,2024-07-11 14:41:59.001562,920,1.037,0.0011,"aoml_navis",1031.70303348543
"7901009",40,0,1,0.029904,1,0.007476,1,153.319813231961,1,4.8463149201632,922,1,5.71600008010864,34.8839988708496,0.0299040004611015,0,147.847595214844,-86.0782,21.9791,27.8237046762438,63,63,63,63,61,63,0,9004,1.9064526870154,22,-86,0.001869,51,2024-07-11 14:41:59.001562,922,1.037,0.0011,"aoml_navis",1031.71174023326
"7901009",40,0,1,0.026166,1,0.003738,1,153.734422043945,1,4.84626692036872,924,1,5.70800018310547,34.8839988708496,0.0261659994721413,0,148.247406005859,-86.0782,21.9791,27.8237046762438,63,63,63,63,61,63,0,9004,1.9064526870154,22,-86,0.001869,51,2024-07-11 14:41:59.001562,924,1.037,0.0011,"aoml_navis",1031.72195881022
"7901009",40,0,1,0.028035,1,0.005607,1,154.375814059247,1,4.84620772346791,926,1,5.68900012969971,34.8849983215332,0.0280349999666214,0,148.865905761719,-86.0782,21.9791,27.8237046762438,63,63,63,63,61,63,0,9004,1.9064526870154,22,-86,0.001869,51,2024-07-11 14:41:59.001562,926,1.037,0.0011,"aoml_navis",1031.73456139475
"7901009",40,0,1,0.029904,1,0.007476,1,155.034627809607,1,4.84613625105002,928,1,5.65199995040894,34.8860015869141,0.0299040004611015,0,149.501205444336,-86.0782,21.9791,27.8237046762438,63,63,63,63,61,63,0,9004,1.9064526870154,22,-86,0.001869,51,2024-07-11 14:41:59.001562,928,1.037,0.0011,"aoml_navis",1031.74977775679
"7901009",40,0,1,0.031773,1,0.009345,1,155.445802909957,1,4.84608145700987,930,1,5.63399982452393,34.8860015869141,0.0317730009555817,0,149.897705078125,-86.0782,21.9791,27.8237046762438,63,63,63,63,61,63,0,9004,1.9064526870154,22,-86,0.001869,51,2024-07-11 14:41:59.001562,930,1.037,0.0011,"aoml_navis",1031.76144362317
"7901009",40,0,1,0.03738,1,0.014952,1,155.872833213331,1,4.84602503225479,932,1,5.61899995803833,34.8870010375977,0.0373799987137318,0,150.309494018555,-86.0782,21.9791,27.8237046762438,63,63,63,63,61,63,0,9004,1.9064526870154,22,-86,0.001869,51,2024-07-11 14:41:59.001562,932,1.037,0.0011,"aoml_navis",1031.77345695088
"7901009",40,0,1,0.029904,1,0.007476,1,156.254766382358,1,4.84597229825654,934,1,5.60400009155273,34.8870010375977,0.0299040004611015,0,150.677795410156,-86.0782,21.9791,27.8237046762438,63,63,63,63,61,63,0,9004,1.9064526870154,22,-86,0.001869,51,2024-07-11 14:41:59.001562,934,1.037,0.0011,"aoml_navis",1031.78468473682
"7901009",40,0,1,0.029904,1,0.007476,1,156.597188132275,1,4.84591792660969,936,1,5.59200000762939,34.8880004882812,0.0299040004611015,0,151.007995605469,-86.0782,21.9791,27.8237046762438,63,63,63,63,61,63,0,9004,1.9064526870154,22,-86,0.001869,51,2024-07-11 14:41:59.001562,936,1.037,0.0011,"aoml_navis",1031.79626145631
"7901009",40,0,1,0.026166,1,0.003738,1,156.877075189231,1,4.8458652066652,938,1,5.5770001411438,34.8880004882812,0.0261659994721413,0,151.277893066406,-86.0782,21.9791,27.8237046762438,63,63,63,63,61,63,0,9004,1.9064526870154,22,-86,0.001869,51,2024-07-11 14:41:59.001562,938,1.037,0.0011,"aoml_navis",1031.80748674619
"7901009",40,0,1,0.028035,1,0.005607,1,156.978092770168,1,4.8458170432812,939.900024414062,1,5.57100009918213,34.8889999389648,0.0280349999666214,0,151.375305175781,-86.0782,21.9791,27.8237046762438,63,63,63,63,61,63,0,9004,1.9064526870154,22,-86,0.001869,51,2024-07-11 14:41:59.001562,939.900024414062,1.037,0.0011,"aoml_navis",1031.81774205293
"7901009",40,0,1,0.029904,1,0.007476,1,157.133021206094,1,4.84577102674672,942,1,5.56899976730347,34.8889999389648,0.0299040004611015,0,151.524703979492,-86.0782,21.9791,27.8237046762438,63,63,63,63,61,63,0,9004,1.9064526870154,22,-86,0.001869,51,2024-07-11 14:41:59.001562,942,1.037,0.0011,"aoml_navis",1031.8275404269
"7901009",40,0,1,0.028035,1,0.005607,1,157.27405655993,1,4.84572578122314,944,1,5.56500005722046,34.8889999389648,0.0280349999666214,0,151.660705566406,-86.0782,21.9791,27.8237046762438,63,63,63,63,61,63,0,9004,1.9064526870154,22,-86,0.001869,51,2024-07-11 14:41:59.001562,944,1.037,0.0011,"aoml_navis",1031.83717480974
"7901009",40,0,1,0.031773,1,0.009345,1,157.373602550166,1,4.84568053713742,946,1,5.56099987030029,34.8889999389648,0.0317730009555817,0,151.756698608398,-86.0782,21.9791,27.8237046762438,63,63,63,63,61,63,0,9004,1.9064526870154,22,-86,0.001869,51,2024-07-11 14:41:59.001562,946,1.037,0.0011,"aoml_navis",1031.84680906632
"7901009",40,0,1,0.031773,1,0.009345,1,157.647587420768,1,4.84563393757937,948,1,5.55499982833862,34.8889999389648,0.0317730009555817,0,152.020904541016,-86.0782,21.9791,27.8237046762438,63,63,63,63,61,63,0,9004,1.9064526870154,22,-86,0.001869,51,2024-07-11 14:41:59.001562,948,1.037,0.0011,"aoml_navis",1031.85673214468
"7901009",40,0,1,0.031773,1,0.009345,1,157.943440445638,1,4.84558191354989,950,1,5.54099988937378,34.8889999389648,0.0317730009555817,0,152.306198120117,-86.0782,21.9791,27.8237046762438,63,63,63,63,61,63,0,9004,1.9064526870154,22,-86,0.001869,51,2024-07-11 14:41:59.001562,950,1.037,0.0011,"aoml_navis",1031.86781055508
"7901009",40,0,1,0.028035,1,0.005607,1,158.266478339564,1,4.8455282470668,952,1,5.53000020980835,34.8899993896484,0.0280349999666214,0,152.617706298828,-86.0782,21.9791,27.8237046762438,63,63,63,63,61,63,0,9004,1.9064526870154,22,-86,0.001869,51,2024-07-11 14:41:59.001562,952,1.037,0.0011,"aoml_navis",1031.87923897187
"7901009",40,0,1,0.029904,1,0.007476,1,158.727529288147,1,4.84547962185185,954,1,5.52099990844727,34.8899993896484,0.0299040004611015,0,153.062301635742,-86.0782,21.9791,27.8237046762438,63,63,63,63,61,63,0,9004,1.9064526870154,22,-86,0.001869,51,2024-07-11 14:41:59.001562,954,1.037,0.0011,"aoml_navis",1031.88959405614
"7901009",40,0,1,0.026166,1,0.003738,1,159.243962682418,1,4.84542490639868,956,1,5.50299978256226,34.8899993896484,0.0261659994721413,0,153.560302734375,-86.0782,21.9791,27.8237046762438,63,63,63,63,61,63,0,9004,1.9064526870154,22,-86,0.001869,51,2024-07-11 14:41:59.001562,956,1.037,0.0011,"aoml_navis",1031.90124634832
"7901009",40,0,1,0.026166,1,0.003738,1,159.850305521377,1,4.84536854878465,958,1,5.48799991607666,34.890998840332,0.0261659994721413,0,154.145004272461,-86.0782,21.9791,27.8237046762438,63,63,63,63,61,63,0,9004,1.9064526870154,22,-86,0.001869,51,2024-07-11 14:41:59.001562,958,1.037,0.0011,"aoml_navis",1031.91324863289
"7901009",40,0,1,0.031773,1,0.009345,1,160.526746713022,1,4.84530409371711,960,1,5.46099996566772,34.8919982910156,0.0317730009555817,0,154.797302246094,-86.0782,21.9791,27.8237046762438,63,63,63,63,61,63,0,9004,1.9064526870154,22,-86,0.001869,51,2024-07-11 14:41:59.001562,960,1.037,0.0011,"aoml_navis",1031.92697574616
"7901009",40,0,1,0.031773,1,0.009345,1,160.843866597037,1,4.84524639486281,962,1,5.44399976730347,34.8930015563965,0.0317730009555817,0,155.103103637695,-86.0782,21.9791,27.8237046762438,63,63,63,63,61,63,0,9004,1.9064526870154,22,-86,0.001869,51,2024-07-11 14:41:59.001562,962,1.037,0.0011,"aoml_navis",1031.93926428618
"7901009",40,0,1,0.028035,1,0.005607,1,161.140131034361,1,4.8451991440364,964,1,5.43699979782104,34.8930015563965,0.0280349999666214,0,155.388793945312,-86.0782,21.9791,27.8237046762438,63,63,63,63,61,63,0,9004,1.9064526870154,22,-86,0.001869,51,2024-07-11 14:41:59.001562,964,1.037,0.0011,"aoml_navis",1031.94932785253
"7901009",40,0,1,0.029904,1,0.007476,1,161.352214154238,1,4.84514753871859,966,1,5.42899990081787,34.8940010070801,0.0299040004611015,0,155.593307495117,-86.0782,21.9791,27.8237046762438,63,63,63,63,61,63,0,9004,1.9064526870154,22,-86,0.001869,51,2024-07-11 14:41:59.001562,966,1.037,0.0011,"aoml_navis",1031.96031907057
"7901009",40,0,1,0.031773,1,0.009345,1,161.535862344142,1,4.84510298904815,968,1,5.42600011825562,34.8940010070801,0.0317730009555817,0,155.770401000977,-86.0782,21.9791,27.8237046762438,63,63,63,63,61,63,0,9004,1.9064526870154,22,-86,0.001869,51,2024-07-11 14:41:59.001562,968,1.037,0.0011,"aoml_navis",1031.96980772173
"7901009",40,0,1,0.028035,1,0.005607,1,161.879534154976,1,4.84506046399498,970,1,5.42600011825562,34.8940010070801,0.0280349999666214,0,156.101806640625,-86.0782,21.9791,27.8237046762438,63,63,63,63,61,63,0,9004,1.9064526870154,22,-86,0.001869,51,2024-07-11 14:41:59.001562,970,1.037,0.0011,"aoml_navis",1031.97886531167
"7901009",40,0,1,0.028035,1,0.005607,1,162.473740326551,1,4.84501591775311,972,1,5.4229998588562,34.8940010070801,0.0280349999666214,0,156.6748046875,-86.0782,21.9791,27.8237046762438,63,63,63,63,61,63,0,9004,1.9064526870154,22,-86,0.001869,51,2024-07-11 14:41:59.001562,972,1.037,0.0011,"aoml_navis",1031.98835357362
"7901009",40,0,1,0.028035,1,0.005607,1,163.433692169456,1,4.84496328326839,974,1,5.40799999237061,34.8940010070801,0.0280349999666214,0,157.600494384766,-86.0782,21.9791,27.8237046762438,63,63,63,63,61,63,0,9004,1.9064526870154,22,-86,0.001869,51,2024-07-11 14:41:59.001562,974,1.037,0.0011,"aoml_navis",1031.99956484026
"7901009",40,0,1,0.029904,1,0.007476,1,164.243288584093,1,4.84489018749032,976,1,5.37900018692017,34.8969993591309,0.0299040004611015,0,158.381195068359,-86.0782,21.9791,27.8237046762438,63,63,63,63,61,63,0,9004,1.9064526870154,22,-86,0.001869,51,2024-07-11 14:41:59.001562,976,1.037,0.0011,"aoml_navis",1032.01513481362
"7901009",40,0,1,0.026166,1,0.003738,1,165.159915530913,1,4.84483824812251,978,1,5.36499977111816,34.8969993591309,0.0261659994721413,0,159.265106201172,-86.0782,21.9791,27.8237046762438,63,63,63,63,61,63,0,9004,1.9064526870154,22,-86,0.001869,51,2024-07-11 14:41:59.001562,978,1.037,0.0011,"aoml_navis",1032.02619859138
"7901009",40,0,1,0.031773,1,0.009345,1,172.879326517267,1,4.84427259372927,999.700012207031,1,5.24240016937256,34.9029998779297,0.0317730009555817,0,166.708999633789,-86.0782,21.9791,27.8237046762438,63,63,63,63,61,63,0,9004,1.9064526870154,22,-86,0.001869,51,2024-07-11 14:41:59.001562,999.700012207031,1.037,0.0011,"aoml_navis",1032.1467058795
"7901009",40,0,1,0.026166,1,0.003738,1,181.241173873613,1,4.84298408068751,1050,1,4.9621000289917,34.9119987487793,0.0261659994721413,0,174.772399902344,-86.0782,21.9791,27.8237046762438,63,63,63,63,61,63,0,9004,1.9064526870154,22,-86,0.001869,51,2024-07-11 14:41:59.001562,1050,1.037,0.0011,"aoml_navis",1032.4213164232
"7901009",40,0,1,0.028035,1,0.005607,1,186.531811439611,1,4.84177639208498,1099,1,4.74230003356934,34.9179992675781,0.0280349999666214,0,179.874206542969,-86.0782,21.9791,27.8237046762438,63,63,63,63,61,63,0,9004,1.9064526870154,22,-86,0.001869,51,2024-07-11 14:41:59.001562,1099,1.037,0.0011,"aoml_navis",1032.67883419269
"7901009",40,0,1,0.031773,1,0.009345,1,192.714058910535,1,4.84055249563932,1149,1,4.53319978713989,34.9249992370605,0.0317730009555817,0,185.835800170898,-86.0782,21.9791,27.8237046762438,63,63,63,63,61,63,0,9004,1.9064526870154,22,-86,0.001869,51,2024-07-11 14:41:59.001562,1149,1.037,0.0011,"aoml_navis",1032.93993908843
"7901009",40,0,1,0.026166,1,0.003738,1,196.335611975471,1,4.83940773688789,1199.59997558594,1,4.44670009613037,34.9290008544922,0.0261659994721413,0,189.328094482422,-86.0782,21.9791,27.8237046762438,63,63,63,63,61,63,0,9004,1.9064526870154,22,-86,0.001869,51,2024-07-11 14:41:59.001562,1199.59997558594,1.037,0.0011,"aoml_navis",1033.18428035894
"7901009",40,0,1,0.029904,1,0.007476,1,197.827678356555,1,4.83832369941825,1249.19995117188,1,4.40789985656738,34.9309997558594,0.0299040004611015,0,190.766906738281,-86.0782,21.9791,27.8237046762438,63,63,63,63,61,63,0,9004,1.9064526870154,22,-86,0.001869,51,2024-07-11 14:41:59.001562,1249.19995117188,1.037,0.0011,"aoml_navis",1033.41576765548
"7901009",40,0,1,0.028035,1,0.005607,1,198.054872972327,1,4.83724815563331,1299.40002441406,1,4.39389991760254,34.931999206543,0.0280349999666214,0,190.985992431641,-86.0782,21.9791,27.8237046762438,63,63,63,63,61,63,0,9004,1.9064526870154,22,-86,0.001869,51,2024-07-11 14:41:59.001562,1299.40002441406,1.037,0.0011,"aoml_navis",1033.64554373278
"7901009",41,0.0235285146626026,5,0.044856,1,0.022428,1,191.102077270385,1,4.88881293831395,2.29999995231628,1,29.628999710083,36.173999786377,0.0448560006916523,0.0317730009555817,184.281295776367,-86.0904,21.9473,11.9249318305899,63,63,63,63,61,63,0.044856,9004,1.9064526870154,22,-86,0.001869,51,2024-07-21 20:29:40.002188,2.29999995231628,1.037,0.0011,"aoml_navis",1022.743161395
"7901009",41,0.0235285146626026,5,0.050463,1,0.028035,1,191.166795634023,1,4.88850177500993,4,1,29.5139999389648,36.1990013122559,0.0504629984498024,0.0373799987137318,184.343704223633,-86.0904,21.9473,11.9249318305899,63,63,63,63,61,63,0.044856,9004,1.9064526870154,22,-86,0.001869,51,2024-07-21 20:29:40.002188,4,1.037,0.0011,"aoml_navis",1022.8082611241
"7901009",41,0.0235285146626026,5,0.059808,1,0.03738,1,191.155592552983,1,4.88844928444623,6,1,29.5090007781982,36.2000007629395,0.0598080009222031,0.0467250011861324,184.332901000977,-86.0904,21.9473,11.9249318305899,63,63,63,63,61,63,0.044856,9004,1.9064526870154,22,-86,0.001869,51,2024-07-21 20:29:40.002188,6,1.037,0.0011,"aoml_navis",1022.81924370346
"7901009",41,0.0235285146626026,5,0.059808,1,0.03738,1,191.138993637712,1,4.88840362505719,8,1,29.5060005187988,36.2000007629395,0.0598080009222031,0.0467250011861324,184.31689453125,-86.0904,21.9473,11.9249318305899,63,63,63,63,61,63,0.044856,9004,1.9064526870154,22,-86,0.001869,51,2024-07-21 20:29:40.002188,8,1.037,0.0011,"aoml_navis",1022.82879719072
"7901009",41,0.0235285146626026,5,0.067284,1,0.044856,1,191.085288472385,1,4.88833253892532,10.1000003814697,1,29.4930000305176,36.2019996643066,0.0672840029001236,0.0542009994387627,184.265106201172,-86.0904,21.9473,11.9249318305899,63,63,63,63,61,63,0.044856,9004,1.9064526870154,22,-86,0.001869,51,2024-07-21 20:29:40.002188,10.1000003814697,1.037,0.0011,"aoml_navis",1022.84367116711
"7901009",41,0.0254892242178195,1,0.071022,1,0.048594,1,191.13236356574,1,4.88820129113866,12,1,29.44700050354,36.2070007324219,0.0710219964385033,0.0579390004277229,184.310501098633,-86.0904,21.9473,11.9249318305899,63,63,63,63,61,63,0.048594,9004,1.9064526870154,22,-86,0.001869,51,2024-07-21 20:29:40.002188,12,1.037,0.0011,"aoml_navis",1022.87113443221
"7901009",41,0.0294106433282533,1,0.078498,1,0.05607,1,191.016313570895,1,4.88802369055542,14,1,29.3780002593994,36.2140007019043,0.0784979984164238,0.0654150024056435,184.198593139648,-86.0904,21.9473,11.9249318305899,63,63,63,63,61,63,0.05607,9004,1.9064526870154,22,-86,0.001869,51,2024-07-21 20:29:40.002188,14,1.037,0.0011,"aoml_navis",1022.90829925005
"7901009",41,0.0303909981058617,1,0.080367,1,0.057939,1,190.978052200901,1,4.88785236097996,16,1,29.3150005340576,36.2220001220703,0.0803669989109039,0.0672840029001236,184.161697387695,-86.0904,21.9473,11.9249318305899,63,63,63,63,61,63,0.057939,9004,1.9064526870154,22,-86,0.001869,51,2024-07-21 20:29:40.002188,16,1.037,0.0011,"aoml_navis",1022.94415435199
"7901009",41,0.0294106433282533,1,0.078498,1,0.05607,1,193.098330229173,1,4.88755219933551,17.8999996185303,1,29.193000793457,36.2400016784668,0.0784979984164238,0.0654150024056435,186.206298828125,-86.0904,21.9473,11.9249318305899,63,63,63,63,61,63,0.05607,9004,1.9064526870154,22,-86,0.001869,51,2024-07-21 20:29:40.002188,17.8999996185303,1.037,0.0011,"aoml_navis",1023.0069769239
"7901009",41,0.0303909981058617,1,0.080367,1,0.057939,1,195.932488202558,1,4.88699495429835,19.8999996185303,1,28.9519996643066,36.2760009765625,0.0803669989109039,0.0672840029001236,188.939300537109,-86.0904,21.9473,11.9249318305899,63,63,63,63,61,63,0.057939,9004,1.9064526870154,22,-86,0.001869,51,2024-07-21 20:29:40.002188,19.8999996185303,1.037,0.0011,"aoml_navis",1023.12362643269
"7901009",41,0.033332062438687,1,0.085974,1,0.063546,1,196.087305921343,1,4.88651743561015,22,1,28.7430000305176,36.3040008544922,0.0859740003943443,0.0728909969329834,189.088592529297,-86.0904,21.9473,11.9249318305899,63,63,63,63,61,63,0.063546,9004,1.9064526870154,22,-86,0.001869,51,2024-07-21 20:29:40.002188,22,1.037,0.0011,"aoml_navis",1023.22360779128
"7901009",41,0.050978448435639,1,0.119616,1,0.097188,1,195.103286146396,1,4.88630324607534,24,1,28.6679992675781,36.3190002441406,0.119616001844406,0.106532998383045,188.139694213867,-86.0904,21.9473,11.9249318305899,63,63,63,63,61,63,0.097188,9004,1.9064526870154,22,-86,0.001869,51,2024-07-21 20:29:40.002188,24,1.037,0.0011,"aoml_navis",1023.26846046978
"7901009",41,0.0598016414341149,1,0.136437,1,0.114009,1,194.56446225432,1,4.88620587901431,26,1,28.6459999084473,36.3250007629395,0.136436998844147,0.123354002833366,187.620101928711,-86.0904,21.9473,11.9249318305899,63,63,63,63,61,63,0.114009,9004,1.9064526870154,22,-86,0.001869,51,2024-07-21 20:29:40.002188,26,1.037,0.0011,"aoml_navis",1023.28885106426
"7901009",41,0.0735266083206331,1,0.162603,1,0.140175,1,193.954068396783,1,4.88613598923248,28,1,28.6389999389648,36.3300018310547,0.162603005766869,0.149519994854927,187.031494140625,-86.0904,21.9473,11.9249318305899,63,63,63,63,61,63,0.140175,9004,1.9064526870154,22,-86,0.001869,51,2024-07-21 20:29:40.002188,28,1.037,0.0011,"aoml_navis",1023.30348787231
"7901009",41,0.0774480274310669,1,0.170079,1,0.147651,1,193.126844285719,1,4.88606293310038,30,1,28.6299991607666,36.3349990844727,0.170078992843628,0.156995996832848,186.233795166016,-86.0904,21.9473,11.9249318305899,63,63,63,63,61,63,0.147651,9004,1.9064526870154,22,-86,0.001869,51,2024-07-21 20:29:40.002188,30,1.037,0.0011,"aoml_navis",1023.31878824723
"7901009",41,0.0960747682056273,1,0.20559,1,0.183162,1,192.099278071473,1,4.88594214239498,31.8999996185303,1,28.6009998321533,36.3450012207031,0.20558999478817,0.19250699877739,185.242904663086,-86.0904,21.9473,11.9249318305899,63,63,63,63,61,63,0.183162,9004,1.9064526870154,22,-86,0.001869,51,2024-07-21 20:29:40.002188,31.8999996185303,1.037,0.0011,"aoml_navis",1023.34408682726
"7901009",41,0.107839025536929,1,0.228018,1,0.20559,1,191.105605924442,1,4.88577994478416,34,1,28.55299949646,36.3569984436035,0.228018000721931,0.214935004711151,184.284698486328,-86.0904,21.9473,11.9249318305899,63,63,63,63,61,63,0.20559,9004,1.9064526870154,22,-86,0.001869,51,2024-07-21 20:29:40.002188,34,1.037,0.0011,"aoml_navis",1023.37805969706
"7901009",41,0.117642573313013,1,0.246708,1,0.22428,1,190.020378654671,1,4.88550146143828,36,1,28.4529991149902,36.3790016174316,0.246708005666733,0.233624994754791,183.238204956055,-86.0904,21.9473,11.9249318305899,63,63,63,63,61,63,0.22428,9004,1.9064526870154,22,-86,0.001869,51,2024-07-21 20:29:40.002188,36,1.037,0.0011,"aoml_navis",1023.43639429145
"7901009",41,0.146072861863658,1,0.300909,1,0.278481,1,189.86825094122,1,4.88497042092119,38,1,28.2520008087158,36.4269981384277,0.300909012556076,0.287826001644135,183.091506958008,-86.0904,21.9473,11.9249318305899,63,63,63,63,61,63,0.278481,9004,1.9064526870154,22,-86,0.001869,51,2024-07-21 20:29:40.002188,38,1.037,0.0011,"aoml_navis",1023.5476510945
"7901009",41,0.159797828750176,1,0.327075,1,0.304647,1,189.558694621454,1,4.88481827504695,40,1,28.2110004425049,36.439998626709,0.327075004577637,0.313991993665695,182.792999267578,-86.0904,21.9473,11.9249318305899,63,63,63,63,61,63,0.304647,9004,1.9064526870154,22,-86,0.001869,51,2024-07-21 20:29:40.002188,40,1.037,0.0011,"aoml_navis",1023.57953120619
"7901009",41,0.175483505191911,1,0.356979,1,0.334551,1,189.52904126853,1,4.88469944759102,42,1,28.181999206543,36.4490013122559,0.356979012489319,0.343896001577377,182.764404296875,-86.0904,21.9473,11.9249318305899,63,63,63,63,61,63,0.334551,9004,1.9064526870154,22,-86,0.001869,51,2024-07-21 20:29:40.002188,42,1.037,0.0011,"aoml_navis",1023.60443127485
"7901009",41,0.184306698190387,1,0.3738,1,0.351372,1,189.324426803934,1,4.88461866072837,44,1,28.1679992675781,36.4539985656738,0.373800009489059,0.360716998577118,182.567092895508,-86.0904,21.9473,11.9249318305899,63,63,63,63,61,63,0.351372,9004,1.9064526870154,22,-86,0.001869,51,2024-07-21 20:29:40.002188,44,1.037,0.0011,"aoml_navis",1023.62136070094
"7901009",41,0.198031665076905,1,0.399966,1,0.377538,1,189.103656483769,1,4.88455134754287,46,1,28.1580009460449,36.4570007324219,0.39996600151062,0.386882990598679,182.354202270508,-86.0904,21.9473,11.9249318305899,63,63,63,63,61,63,0.377538,9004,1.9064526870154,22,-86,0.001869,51,2024-07-21 20:29:40.002188,46,1.037,0.0011,"aoml_navis",1023.63546705578
"7901009",41,0.208815567630598,1,0.420525,1,0.398097,1,188.980359298081,1,4.88448719881829,48,1,28.1499996185303,36.4599990844727,0.420525014400482,0.407442003488541,182.235305786133,-86.0904,21.9473,11.9249318305899,63,63,63,63,61,63,0.398097,9004,1.9064526870154,22,-86,0.001869,51,2024-07-21 20:29:40.002188,48,1.037,0.0011,"aoml_navis",1023.64891061843
"7901009",41,0.220579824961899,1,0.442953,1,0.420525,1,188.937730625309,1,4.88442977919996,50,1,28.1439990997314,36.4620018005371,0.442952990531921,0.429870009422302,182.194198608398,-86.0904,21.9473,11.9249318305899,63,63,63,63,61,63,0.420525,9004,1.9064526870154,22,-86,0.001869,51,2024-07-21 20:29:40.002188,50,1.037,0.0011,"aoml_navis",1023.66094427075
"7901009",41,0.216658405851466,4,0.435477,1,0.413049,1,188.827598642199,1,4.88437707602254,52.0999984741211,1,28.1399993896484,36.4630012512207,0.435476988554001,0.422394007444382,182.087997436523,-86.0904,21.9473,11.9249318305899,63,63,63,63,61,63,0.413049,9004,1.9064526870154,22,-86,0.001869,51,2024-07-21 20:29:40.002188,52.0999984741211,1.037,0.0011,"aoml_navis",1023.67198972926
"7901009",41,0.221560179739508,1,0.444822,1,0.422394,1,188.634820201075,1,4.88432734419103,53.9000015258789,1,28.1340007781982,36.4640007019043,0.444822013378143,0.431739002466202,181.902099609375,-86.0904,21.9473,11.9249318305899,63,63,63,63,61,63,0.422394,9004,1.9064526870154,22,-86,0.001869,51,2024-07-21 20:29:40.002188,53.9000015258789,1.037,0.0011,"aoml_navis",1023.68241267583
"7901009",41,0.220579824961899,1,0.442953,1,0.420525,1,188.298522063571,1,4.88425531522006,56,1,28.1200008392334,36.4659996032715,0.442952990531921,0.429870009422302,181.57780456543,-86.0904,21.9473,11.9249318305899,63,63,63,63,61,63,0.420525,9004,1.9064526870154,22,-86,0.001869,51,2024-07-21 20:29:40.002188,56,1.037,0.0011,"aoml_navis",1023.69750910016
"7901009",41,0.238226210958851,1,0.476595,1,0.454167,1,188.025676404841,1,4.88414935748865,58.0999984741211,1,28.0890007019043,36.4700012207031,0.476595014333725,0.463512003421783,181.314697265625,-86.0904,21.9473,11.9249318305899,63,63,63,63,61,63,0.454167,9004,1.9064526870154,22,-86,0.001869,51,2024-07-21 20:29:40.002188,58.0999984741211,1.037,0.0011,"aoml_navis",1023.71971740252
"7901009",41,0.243127984846894,1,0.48594,1,0.463512,1,187.505714197229,1,4.88403762422673,60.0999984741211,1,28.05299949646,36.4739990234375,0.485940009355545,0.472856998443604,180.813293457031,-86.0904,21.9473,11.9249318305899,63,63,63,63,61,63,0.463512,9004,1.9064526870154,22,-86,0.001869,51,2024-07-21 20:29:40.002188,60.0999984741211,1.037,0.0011,"aoml_navis",1023.74313727602
"7901009",41,0.267636854287105,1,0.532665,1,0.510237,1,184.991176328273,1,4.88366022360759,61.7999992370605,1,27.8780002593994,36.4930000305176,0.532665014266968,0.519581973552704,178.38850402832,-86.0904,21.9473,11.9249318305899,63,63,63,63,61,63,0.510237,9004,1.9064526870154,22,-86,0.001869,51,2024-07-21 20:29:40.002188,61.7999992370605,1.037,0.0011,"aoml_navis",1023.82225033388
"7901009",41,0.335281333942087,1,0.661626,1,0.639198,1,183.377584540109,1,4.88270813815975,64,1,27.4200000762939,36.5470008850098,0.661625981330872,0.648543000221252,176.832504272461,-86.0904,21.9473,11.9249318305899,63,63,63,63,61,63,0.639198,9004,1.9064526870154,22,-86,0.001869,51,2024-07-21 20:29:40.002188,64,1.037,0.0011,"aoml_navis",1024.02188673199
"7901009",41,0.349986655606214,1,0.689661,1,0.667233,1,183.067094630256,1,4.88248546258665,66,1,27.3279991149902,36.5579986572266,0.689661026000977,0.676577985286713,176.533096313477,-86.0904,21.9473,11.9249318305899,63,63,63,63,61,63,0.667233,9004,1.9064526870154,22,-86,0.001869,51,2024-07-21 20:29:40.002188,66,1.037,0.0011,"aoml_navis",1024.06858931047
"7901009",41,0.345084881718172,1,0.680316,1,0.657888,1,182.669717548096,1,4.88224965202962,68,1,27.2110004425049,36.5620002746582,0.680315971374512,0.667232990264893,176.14990234375,-86.0904,21.9473,11.9249318305899,63,63,63,63,61,63,0.657888,9004,1.9064526870154,22,-86,0.001869,51,2024-07-21 20:29:40.002188,68,1.037,0.0011,"aoml_navis",1024.11805138261
"7901009",41,0.341163462607738,1,0.67284,1,0.650412,1,181.80546630478,1,4.88212615601202,69.9000015258789,1,27.1630001068115,36.564998626709,0.672839999198914,0.659757018089294,175.316497802734,-86.0904,21.9473,11.9249318305899,63,63,63,63,61,63,0.650412,9004,1.9064526870154,22,-86,0.001869,51,2024-07-21 20:29:40.002188,69.9000015258789,1.037,0.0011,"aoml_navis",1024.14395700177
"7901009",41,0.338222398274912,1,0.667233,1,0.644805,1,180.747930266394,1,4.88193558924218,72,1,27.0809993743896,36.5709991455078,0.667232990264893,0.654150009155273,174.29670715332,-86.0904,21.9473,11.9249318305899,63,63,63,63,61,63,0.644805,9004,1.9064526870154,22,-86,0.001869,51,2024-07-21 20:29:40.002188,72,1.037,0.0011,"aoml_navis",1024.18393454801
"7901009",41,0.339202753052521,1,0.669102,1,0.646674,1,179.784639356083,1,4.88176372726457,74,1,26.9979991912842,36.5719985961914,0.669102013111115,0.656018972396851,173.367797851562,-86.0904,21.9473,11.9249318305899,63,63,63,63,61,63,0.646674,9004,1.9064526870154,22,-86,0.001869,51,2024-07-21 20:29:40.002188,74,1.037,0.0011,"aoml_navis",1024.2199908355
"7901009",41,0.328418850498828,1,0.648543,1,0.626115,1,178.53307481527,1,4.88127787005698,76,1,26.7469997406006,36.5890007019043,0.648543000221252,0.635460019111633,172.160903930664,-86.0904,21.9473,11.9249318305899,63,63,63,63,61,63,0.626115,9004,1.9064526870154,22,-86,0.001869,51,2024-07-21 20:29:40.002188,76,1.037,0.0011,"aoml_navis",1024.32193640753
"7901009",41,0.324497431388394,4,0.641067,1,0.618639,1,177.872488622903,1,4.88094278305098,78,1,26.6340007781982,36.6230010986328,0.641067028045654,0.62798398733139,171.523895263672,-86.0904,21.9473,11.9249318305899,63,63,63,63,61,63,0.618639,9004,1.9064526870154,22,-86,0.001869,51,2024-07-21 20:29:40.002188,78,1.037,0.0011,"aoml_navis",1024.39225826667
"7901009",41,0.330379560054045,1,0.652281,1,0.629853,1,177.784762801874,1,4.88079351913041,80.0999984741211,1,26.6159992218018,36.6450004577637,0.652280986309052,0.639198005199432,171.439300537109,-86.0904,21.9473,11.9249318305899,63,63,63,63,61,63,0.629853,9004,1.9064526870154,22,-86,0.001869,51,2024-07-21 20:29:40.002188,80.0999984741211,1.037,0.0011,"aoml_navis",1024.42358612434
"7901009",41,0.337242043497304,1,0.665364,1,0.642936,1,177.534323305226,1,4.88074757265959,82,1,26.6159992218018,36.6469993591309,0.665364027023315,0.652280986309052,171.197799682617,-86.0904,21.9473,11.9249318305899,63,63,63,63,61,63,0.642936,9004,1.9064526870154,22,-86,0.001869,51,2024-07-21 20:29:40.002188,82,1.037,0.0011,"aoml_navis",1024.43322986184
"7901009",41,0.337242043497304,1,0.665364,1,0.642936,1,177.568549667218,1,4.88059429086539,84,1,26.5939998626709,36.6689987182617,0.665364027023315,0.652280986309052,171.230804443359,-86.0904,21.9473,11.9249318305899,63,63,63,63,61,63,0.642936,9004,1.9064526870154,22,-86,0.001869,51,2024-07-21 20:29:40.002188,84,1.037,0.0011,"aoml_navis",1024.46540360015
"7901009",41,0.348025946050997,1,0.685923,1,0.663495,1,177.564704541945,1,4.88052229668321,86.0999984741211,1,26.5890007019043,36.6749992370605,0.685922980308533,0.672839999198914,171.227096557617,-86.0904,21.9473,11.9249318305899,63,63,63,63,61,63,0.663495,9004,1.9064526870154,22,-86,0.001869,51,2024-07-21 20:29:40.002188,86.0999984741211,1.037,0.0011,"aoml_navis",1024.48051582471
"7901009",41,0.34606523649578,1,0.682185,1,0.659757,1,177.513689381953,1,4.88045344444763,88.0999984741211,1,26.5799999237061,36.6790008544922,0.682184994220734,0.669102013111115,171.17790222168,-86.0904,21.9473,11.9249318305899,63,63,63,63,61,63,0.659757,9004,1.9064526870154,22,-86,0.001869,51,2024-07-21 20:29:40.002188,88.0999984741211,1.037,0.0011,"aoml_navis",1024.49496894359
"7901009",41,0.342143817385346,4,0.674709,1,0.652281,1,177.341133451521,1,4.88042183787486,89.9000015258789,1,26.5809993743896,36.6780014038086,0.674709022045135,0.661625981330872,171.011505126953,-86.0904,21.9473,11.9249318305899,63,63,63,63,61,63,0.652281,9004,1.9064526870154,22,-86,0.001869,51,2024-07-21 20:29:40.002188,89.9000015258789,1.037,0.0011,"aoml_navis",1024.50160377473
"7901009",41,0.349986655606214,1,0.689661,1,0.667233,1,177.080519405283,1,4.88038565024772,92,1,26.5830001831055,36.6769981384277,0.689661026000977,0.676577985286713,170.760192871094,-86.0904,21.9473,11.9249318305899,63,63,63,63,61,63,0.667233,9004,1.9064526870154,22,-86,0.001869,51,2024-07-21 20:29:40.002188,92,1.037,0.0011,"aoml_navis",1024.50920036334
"7901009",41,0.348025946050997,1,0.685923,1,0.663495,1,176.505712735967,1,4.88025811803242,94,1,26.5330009460449,36.6800003051758,0.685922980308533,0.672839999198914,170.205902099609,-86.0904,21.9473,11.9249318305899,63,63,63,63,61,63,0.663495,9004,1.9064526870154,22,-86,0.001869,51,2024-07-21 20:29:40.002188,94,1.037,0.0011,"aoml_navis",1024.5359731128
"7901009",41,0.345084881718172,1,0.680316,1,0.657888,1,174.571472311922,1,4.87984237769833,95.9000015258789,1,26.30299949646,36.6879997253418,0.680315971374512,0.667232990264893,168.340698242188,-86.0904,21.9473,11.9249318305899,63,63,63,63,61,63,0.657888,9004,1.9064526870154,22,-86,0.001869,51,2024-07-21 20:29:40.002188,95.9000015258789,1.037,0.0011,"aoml_navis",1024.6232589091
"7901009",41,0.293126078504924,1,0.581259,1,0.558831,1,170.031439543836,1,4.87897065871632,97.9000015258789,1,25.8549995422363,36.7319984436035,0.58125901222229,0.568175971508026,163.962707519531,-86.0904,21.9473,11.9249318305899,63,63,63,63,61,63,0.558831,9004,1.9064526870154,22,-86,0.001869,51,2024-07-21 20:29:40.002188,97.9000015258789,1.037,0.0011,"aoml_navis",1024.80632693854
"7901009",41,0.261754725621454,4,0.521451,1,0.499023,1,169.085981786537,1,4.87844679971769,100,1,25.5049991607666,36.7210006713867,0.521450996398926,0.508368015289307,163.050994873047,-86.0904,21.9473,11.9249318305899,63,63,63,63,61,63,0.499023,9004,1.9064526870154,22,-86,0.001869,51,2024-07-21 20:29:40.002188,100,1.037,0.0011,"aoml_navis",1024.91637303277
"7901009",41,0.254892242178195,4,0.508368,1,0.48594,1,168.53875558368,1,4.87829988761501,102,1,25.4260005950928,36.7179985046387,0.508368015289307,0.495285004377365,162.523300170898,-86.0904,21.9473,11.9249318305899,63,63,63,63,61,63,0.48594,9004,1.9064526870154,22,-86,0.001869,51,2024-07-21 20:29:40.002188,102,1.037,0.0011,"aoml_navis",1024.94723883088
"7901009",41,0.268617209064713,1,0.534534,1,0.512106,1,168.002621696939,1,4.87819358990447,104,1,25.3889999389648,36.7210006713867,0.534533977508545,0.521450996398926,162.006301879883,-86.0904,21.9473,11.9249318305899,63,63,63,63,61,63,0.512106,9004,1.9064526870154,22,-86,0.001869,51,2024-07-21 20:29:40.002188,104,1.037,0.0011,"aoml_navis",1024.96957282458
"7901009",41,0.256852951733412,1,0.512106,1,0.489678,1,167.056974056911,1,4.87810210883556,106,1,25.3619995117188,36.7239990234375,0.512106001377106,0.499022990465164,161.09440612793,-86.0904,21.9473,11.9249318305899,63,63,63,63,61,63,0.489678,9004,1.9064526870154,22,-86,0.001869,51,2024-07-21 20:29:40.002188,106,1.037,0.0011,"aoml_navis",1024.98879450343
"7901009",41,0.25195117784537,4,0.502761,1,0.480333,1,165.728870952549,1,4.87785633951024,108,1,25.261999130249,36.7400016784668,0.502761006355286,0.489677995443344,159.813705444336,-86.0904,21.9473,11.9249318305899,63,63,63,63,61,63,0.480333,9004,1.9064526870154,22,-86,0.001869,51,2024-07-21 20:29:40.002188,108,1.037,0.0011,"aoml_navis",1025.04043825572
"7901009",41,0.276460047285581,1,0.549486,1,0.527058,1,163.872925507301,1,4.87765973368282,110,1,25.2490005493164,36.7779998779297,0.549485981464386,0.536403000354767,158.024002075195,-86.0904,21.9473,11.9249318305899,63,63,63,63,61,63,0.527058,9004,1.9064526870154,22,-86,0.001869,51,2024-07-21 20:29:40.002188,110,1.037,0.0011,"aoml_navis",1025.08175498023
"7901009",41,0.249990468290153,1,0.499023,1,0.476595,1,160.289933343013,1,4.87745251196581,112,1,25.19700050354,36.8030014038086,0.499022990465164,0.485940009355545,154.568893432617,-86.0904,21.9473,11.9249318305899,63,63,63,63,61,63,0.476595,9004,1.9064526870154,22,-86,0.001869,51,2024-07-21 20:29:40.002188,112,1.037,0.0011,"aoml_navis",1025.12530624
"7901009",41,0.246069049179719,1,0.491547,1,0.469119,1,155.0149594704,1,4.87666760553564,114,1,24.8360004425049,36.8629989624023,0.491546988487244,0.478464007377625,149.482192993164,-86.0904,21.9473,11.9249318305899,63,63,63,63,61,63,0.469119,9004,1.9064526870154,22,-86,0.001869,51,2024-07-21 20:29:40.002188,114,1.037,0.0011,"aoml_navis",1025.29030158306
"7901009",41,0.21371734151864,1,0.42987,1,0.407442,1,153.095450781452,1,4.87574919108144,116,1,24.2490005493164,36.8709983825684,0.429870009422302,0.416786998510361,147.631195068359,-86.0904,21.9473,11.9249318305899,63,63,63,63,61,63,0.407442,9004,1.9064526870154,22,-86,0.001869,51,2024-07-21 20:29:40.002188,116,1.037,0.0011,"aoml_navis",1025.48342912015
"7901009",41,0.200972729409731,1,0.405573,1,0.383145,1,152.804677028345,1,4.87512055881416,118,1,23.82200050354,36.8650016784668,0.405573010444641,0.3924899995327,147.350799560547,-86.0904,21.9473,11.9249318305899,63,63,63,63,61,63,0.383145,9004,1.9064526870154,22,-86,0.001869,51,2024-07-21 20:29:40.002188,118,1.037,0.0011,"aoml_navis",1025.6156621522
"7901009",41,0.193129891188863,1,0.390621,1,0.368193,1,152.483822686173,1,4.87486078998829,120,1,23.6189994812012,36.8460006713867,0.3906210064888,0.377537995576859,147.041397094727,-86.0904,21.9473,11.9249318305899,63,63,63,63,61,63,0.368193,9004,1.9064526870154,22,-86,0.001869,51,2024-07-21 20:29:40.002188,120,1.037,0.0011,"aoml_navis",1025.6703145798
"7901009",41,0.181365633857562,1,0.368193,1,0.345765,1,151.69818289287,1,4.87463565142815,122,1,23.4780006408691,36.8419990539551,0.368193000555038,0.355109989643097,146.283798217773,-86.0904,21.9473,11.9249318305899,63,63,63,63,61,63,0.345765,9004,1.9064526870154,22,-86,0.001869,51,2024-07-21 20:29:40.002188,122,1.037,0.0011,"aoml_navis",1025.71768590236
"7901009",41,0.172542440859086,1,0.351372,1,0.328944,1,151.367897708467,1,4.87431582390391,124,1,23.2919998168945,36.8470001220703,0.351372003555298,0.338288992643356,145.965301513672,-86.0904,21.9473,11.9249318305899,63,63,63,63,61,63,0.328944,9004,1.9064526870154,22,-86,0.001869,51,2024-07-21 20:29:40.002188,124,1.037,0.0011,"aoml_navis",1025.78498821921
"7901009",41,0.165679957415827,1,0.338289,1,0.315861,1,150.644998333702,1,4.87423103824761,126,1,23.2889995574951,36.8580017089844,0.338288992643356,0.325206011533737,145.268203735352,-86.0904,21.9473,11.9249318305899,63,63,63,63,61,63,0.315861,9004,1.9064526870154,22,-86,0.001869,51,2024-07-21 20:29:40.002188,126,1.037,0.0011,"aoml_navis",1025.80283141392
"7901009",41,0.156856764417351,1,0.321468,1,0.29904,1,149.116743008887,1,4.87412063151502,128,1,23.2959995269775,36.8800010681152,0.321467995643616,0.308385014533997,143.794494628906,-86.0904,21.9473,11.9249318305899,63,63,63,63,61,63,0.29904,9004,1.9064526870154,22,-86,0.001869,51,2024-07-21 20:29:40.002188,128,1.037,0.0011,"aoml_navis",1025.82606751074
"7901009",41,0.147053216641266,1,0.302778,1,0.28035,1,147.139573264414,1,4.87383338414976,130,1,23.117000579834,36.8790016174316,0.302778005599976,0.289694994688034,141.887893676758,-86.0904,21.9473,11.9249318305899,63,63,63,63,61,63,0.28035,9004,1.9064526870154,22,-86,0.001869,51,2024-07-21 20:29:40.002188,130,1.037,0.0011,"aoml_navis",1025.88652625273
"7901009",41,0.129406830644314,1,0.269136,1,0.246708,1,145.107242587022,1,4.87323596419481,132,1,22.7779998779297,36.9029998779297,0.269136011600494,0.256053000688553,139.928100585938,-86.0904,21.9473,11.9249318305899,63,63,63,63,61,63,0.246708,9004,1.9064526870154,22,-86,0.001869,51,2024-07-21 20:29:40.002188,132,1.037,0.0011,"aoml_navis",1026.01229177831
"7901009",41,0.0960747682056273,1,0.20559,1,0.183162,1,145.591016311104,1,4.87234525802709,134,1,22.1089992523193,36.8849983215332,0.20558999478817,0.19250699877739,140.394607543945,-86.0904,21.9473,11.9249318305899,63,63,63,63,61,63,0.183162,9004,1.9064526870154,22,-86,0.001869,51,2024-07-21 20:29:40.002188,134,1.037,0.0011,"aoml_navis",1026.1998555547
"7901009",41,0.0921533490951935,4,0.198114,1,0.175686,1,145.737336777744,1,4.87213726206949,136,1,21.931999206543,36.8650016784668,0.198113992810249,0.185030996799469,140.535705566406,-86.0904,21.9473,11.9249318305899,63,63,63,63,61,63,0.175686,9004,1.9064526870154,22,-86,0.001869,51,2024-07-21 20:29:40.002188,136,1.037,0.0011,"aoml_navis",1026.24366495705
"7901009",41,0.0970551229832357,1,0.207459,1,0.185031,1,145.457750282117,1,4.87204841014221,138,1,21.867000579834,36.8540000915527,0.207459002733231,0.19437600672245,140.266098022461,-86.0904,21.9473,11.9249318305899,63,63,63,63,61,63,0.185031,9004,1.9064526870154,22,-86,0.001869,51,2024-07-21 20:29:40.002188,138,1.037,0.0011,"aoml_navis",1026.2623806429
"7901009",41,0.084310510874326,1,0.183162,1,0.160734,1,145.085675073663,1,4.87186881749925,140,1,21.7450008392334,36.8470001220703,0.183162003755569,0.170078992843628,139.907302856445,-86.0904,21.9473,11.9249318305899,63,63,63,63,61,63,0.160734,9004,1.9064526870154,22,-86,0.001869,51,2024-07-21 20:29:40.002188,140,1.037,0.0011,"aoml_navis",1026.30021195163
"7901009",41,0.0676444796549825,1,0.151389,1,0.128961,1,144.984356813914,1,4.87165177896742,142,1,21.5809993743896,36.8349990844727,0.151389002799988,0.138306006789207,139.809600830078,-86.0904,21.9473,11.9249318305899,63,63,63,63,61,63,0.128961,9004,1.9064526870154,22,-86,0.001869,51,2024-07-21 20:29:40.002188,142,1.037,0.0011,"aoml_navis",1026.34593498384
"7901009",41,0.0656837700997656,1,0.147651,1,0.125223,1,144.449979342421,1,4.87151853288159,144,1,21.4820003509521,36.8240013122559,0.147651001811028,0.134568005800247,139.294296264648,-86.0904,21.9473,11.9249318305899,63,63,63,63,61,63,0.125223,9004,1.9064526870154,22,-86,0.001869,51,2024-07-21 20:29:40.002188,144,1.037,0.0011,"aoml_navis",1026.37400766336
"7901009",41,0.042155255437163,1,0.102795,1,0.080367,1,144.098126644659,1,4.87119451712611,146,1,21.2029991149902,36.7999992370605,0.102794997394085,0.0897120013833046,138.955001831055,-86.0904,21.9473,11.9249318305899,63,63,63,63,61,63,0.080367,9004,1.9064526870154,22,-86,0.001869,51,2024-07-21 20:29:40.002188,146,1.037,0.0011,"aoml_navis",1026.44227866923
"7901009",41,0.0313713528834701,1,0.082236,1,0.059808,1,143.729057912755,1,4.87087803986594,148,1,20.9440002441406,36.7820014953613,0.0822359994053841,0.0691530033946037,138.599105834961,-86.0904,21.9473,11.9249318305899,63,63,63,63,61,63,0.059808,9004,1.9064526870154,22,-86,0.001869,51,2024-07-21 20:29:40.002188,148,1.037,0.0011,"aoml_navis",1026.50897006192
"7901009",41,0.0264695789954279,1,0.072891,1,0.050463,1,144.343692484584,1,4.87040747693337,150,1,20.5249996185303,36.75,0.0728909969329834,0.0598080009222031,139.191802978516,-86.0904,21.9473,11.9249318305899,63,63,63,63,61,63,0.050463,9004,1.9064526870154,22,-86,0.001869,51,2024-07-21 20:29:40.002188,150,1.037,0.0011,"aoml_navis",1026.60814802055
"7901009",41,0.0196070955521688,1,0.059808,1,0.03738,1,144.974609500467,1,4.87008569057863,152,1,20.2000007629395,36.7120018005371,0.0598080009222031,0.0467250011861324,139.800201416016,-86.0904,21.9473,11.9249318305899,63,63,63,63,61,63,0.03738,9004,1.9064526870154,22,-86,0.001869,51,2024-07-21 20:29:40.002188,152,1.037,0.0011,"aoml_navis",1026.67598019326
"7901009",41,0.0215678051073857,1,0.063546,1,0.041118,1,145.045024345989,1,4.86997225564982,154,1,20.1009998321533,36.6969985961914,0.0635460019111633,0.0504629984498024,139.868103027344,-86.0904,21.9473,11.9249318305899,63,63,63,63,61,63,0.041118,9004,1.9064526870154,22,-86,0.001869,51,2024-07-21 20:29:40.002188,154,1.037,0.0011,"aoml_navis",1026.69989427544
"7901009",41,0.0215678051073857,1,0.063546,1,0.041118,1,145.004895795822,1,4.86990980202508,156,1,20.0729999542236,36.693000793457,0.0635460019111633,0.0504629984498024,139.829406738281,-86.0904,21.9473,11.9249318305899,63,63,63,63,61,63,0.041118,9004,1.9064526870154,22,-86,0.001869,51,2024-07-21 20:29:40.002188,156,1.037,0.0011,"aoml_navis",1026.71306107576
"7901009",41,0.0225481598849942,1,0.065415,1,0.042987,1,144.970147256324,1,4.8698488704091,158,1,20.048999786377,36.689998626709,0.0654150024056435,0.0523319989442825,139.7958984375,-86.0904,21.9473,11.9249318305899,63,63,63,63,61,63,0.042987,9004,1.9064526870154,22,-86,0.001869,51,2024-07-21 20:29:40.002188,158,1.037,0.0011,"aoml_navis",1026.72590732368
"7901009",41,0.0196070955521688,1,0.059808,1,0.03738,1,144.922233514247,1,4.8697955849583,160,1,20.0310001373291,36.6870002746582,0.0598080009222031,0.0467250011861324,139.749694824219,-86.0904,21.9473,11.9249318305899,63,63,63,63,61,63,0.03738,9004,1.9064526870154,22,-86,0.001869,51,2024-07-21 20:29:40.002188,160,1.037,0.0011,"aoml_navis",1026.73714178966
"7901009",41,0.0205874503297773,1,0.061677,1,0.039249,1,144.859920331849,1,4.86973261213163,162,1,19.9939994812012,36.6800003051758,0.0616770014166832,0.0485940016806126,139.689605712891,-86.0904,21.9473,11.9249318305899,63,63,63,63,61,63,0.039249,9004,1.9064526870154,22,-86,0.001869,51,2024-07-21 20:29:40.002188,162,1.037,0.0011,"aoml_navis",1026.75041901558
"7901009",41,0.0205874503297773,1,0.061677,1,0.039249,1,144.774457280014,1,4.86967047885544,164,1,19.9689998626709,36.6769981384277,0.0616770014166832,0.0485940016806126,139.607192993164,-86.0904,21.9473,11.9249318305899,63,63,63,63,61,63,0.039249,9004,1.9064526870154,22,-86,0.001869,51,2024-07-21 20:29:40.002188,164,1.037,0.0011,"aoml_navis",1026.76351956677
"7901009",41,0.0225481598849942,1,0.065415,1,0.042987,1,144.672110488814,1,4.86961108858457,166,1,19.9489994049072,36.6749992370605,0.0654150024056435,0.0523319989442825,139.508499145508,-86.0904,21.9473,11.9249318305899,63,63,63,63,61,63,0.042987,9004,1.9064526870154,22,-86,0.001869,51,2024-07-21 20:29:40.002188,166,1.037,0.0011,"aoml_navis",1026.77604207882
"7901009",41,0.0205874503297773,1,0.061677,1,0.039249,1,144.578577420974,1,4.86956294591872,168,1,19.9349994659424,36.6720008850098,0.0616770014166832,0.0485940016806126,139.418304443359,-86.0904,21.9473,11.9249318305899,63,63,63,63,61,63,0.039249,9004,1.9064526870154,22,-86,0.001869,51,2024-07-21 20:29:40.002188,168,1.037,0.0011,"aoml_navis",1026.78619324361
"7901009",41,0.024508869440211,1,0.069153,1,0.046725,1,144.469268263026,1,4.86952009487107,170,1,19.92799949646,36.6699981689453,0.0691530033946037,0.0560699999332428,139.312896728516,-86.0904,21.9473,11.9249318305899,63,63,63,63,61,63,0.046725,9004,1.9064526870154,22,-86,0.001869,51,2024-07-21 20:29:40.002188,170,1.037,0.0011,"aoml_navis",1026.79522880835
"7901009",41,0.0225481598849942,1,0.065415,1,0.042987,1,144.32522638914,1,4.86947615759046,172,1,19.9230003356934,36.6689987182617,0.0654150024056435,0.0523319989442825,139.17399597168,-86.0904,21.9473,11.9249318305899,63,63,63,63,61,63,0.042987,9004,1.9064526870154,22,-86,0.001869,51,2024-07-21 20:29:40.002188,172,1.037,0.0011,"aoml_navis",1026.80449358112
"7901009",41,0.0254892242178195,1,0.071022,1,0.048594,1,144.148841156996,1,4.86943729965253,174,1,19.9220008850098,36.6679992675781,0.0710219964385033,0.0579390004277229,139.00390625,-86.0904,21.9473,11.9249318305899,63,63,63,63,61,63,0.048594,9004,1.9064526870154,22,-86,0.001869,51,2024-07-21 20:29:40.002188,174,1.037,0.0011,"aoml_navis",1026.81268744477
"7901009",41,0.024508869440211,1,0.069153,1,0.046725,1,143.878590562236,1,4.86939063357964,176,1,19.9120006561279,36.6660003662109,0.0691530033946037,0.0560699999332428,138.743301391602,-86.0904,21.9473,11.9249318305899,63,63,63,63,61,63,0.046725,9004,1.9064526870154,22,-86,0.001869,51,2024-07-21 20:29:40.002188,176,1.037,0.0011,"aoml_navis",1026.82252796062
"7901009",41,0.0294106433282533,1,0.078498,1,0.05607,1,143.557214042558,1,4.86934233413626,178,1,19.8950004577637,36.6619987487793,0.0784979984164238,0.0654150024056435,138.433395385742,-86.0904,21.9473,11.9249318305899,63,63,63,63,61,63,0.05607,9004,1.9064526870154,22,-86,0.001869,51,2024-07-21 20:29:40.002188,178,1.037,0.0011,"aoml_navis",1026.83271310538
"7901009",41,0.0254892242178195,1,0.071022,1,0.048594,1,143.18846178187,1,4.86928243245173,180,1,19.8659992218018,36.6570014953613,0.0710219964385033,0.0579390004277229,138.07780456543,-86.0904,21.9473,11.9249318305899,63,63,63,63,61,63,0.048594,9004,1.9064526870154,22,-86,0.001869,51,2024-07-21 20:29:40.002188,180,1.037,0.0011,"aoml_navis",1026.84534515334
"7901009",41,0.0254892242178195,1,0.071022,1,0.048594,1,142.577340040538,1,4.86919636801357,182,1,19.8020000457764,36.6469993591309,0.0710219964385033,0.0579390004277229,137.488494873047,-86.0904,21.9473,11.9249318305899,63,63,63,63,61,63,0.048594,9004,1.9064526870154,22,-86,0.001869,51,2024-07-21 20:29:40.002188,182,1.037,0.0011,"aoml_navis",1026.86349493845
"7901009",41,0.0205874503297773,1,0.061677,1,0.039249,1,141.759356888976,1,4.8690270378489,184,1,19.6229991912842,36.6199989318848,0.0616770014166832,0.0485940016806126,136.69970703125,-86.0904,21.9473,11.9249318305899,63,63,63,63,61,63,0.039249,9004,1.9064526870154,22,-86,0.001869,51,2024-07-21 20:29:40.002188,184,1.037,0.0011,"aoml_navis",1026.89920617261
"7901009",41,0.0147053216641266,1,0.050463,1,0.028035,1,141.086634025481,1,4.86866126925147,186,1,19.201000213623,36.5639991760254,0.0504629984498024,0.0373799987137318,136.050994873047,-86.0904,21.9473,11.9249318305899,63,63,63,63,61,63,0.028035,9004,1.9064526870154,22,-86,0.001869,51,2024-07-21 20:29:40.002188,186,1.037,0.0011,"aoml_navis",1026.97635417317
"7901009",41,0.000980354777608442,1,0.024297,1,0.001869,1,140.930265597739,1,4.86811309555087,188,1,18.5550003051758,36.4850006103516,0.0242970008403063,0.0112140001729131,135.900207519531,-86.0904,21.9473,11.9249318305899,63,63,63,63,61,63,0.001869,9004,1.9064526870154,22,-86,0.001869,51,2024-07-21 20:29:40.002188,188,1.037,0.0011,"aoml_navis",1027.09199680871
"7901009",41,-0.000980354777608442,1,0.020559,1,-0.001869,1,141.143883668425,1,4.86758609440802,190,1,17.8479995727539,36.3849983215332,0.020558999851346,0.00747600011527538,136.106201171875,-86.0904,21.9473,11.9249318305899,63,63,63,63,61,63,-0.001869,9004,1.9064526870154,22,-86,0.001869,51,2024-07-21 20:29:40.002188,190,1.037,0.0011,"aoml_navis",1027.20319744197
"7901009",41,-0.00392141911043377,1,0.014952,1,-0.007476,1,141.429783764808,1,4.86730874158652,192,1,17.4750003814697,36.3289985656738,0.0149520002305508,0.00186900002881885,136.381896972656,-86.0904,21.9473,11.9249318305899,63,63,63,63,61,63,-0.007476,9004,1.9064526870154,22,-86,0.001869,51,2024-07-21 20:29:40.002188,192,1.037,0.0011,"aoml_navis",1027.26173034387
"7901009",41,-0.00196070955521688,1,0.01869,1,-0.003738,1,140.987499417122,1,4.8672426793291,194,1,17.4260005950928,36.3199996948242,0.0186899993568659,0.00560700008645654,135.95539855957,-86.0904,21.9473,11.9249318305899,63,63,63,63,61,63,-0.003738,9004,1.9064526870154,22,-86,0.001869,51,2024-07-21 20:29:40.002188,194,1.037,0.0011,"aoml_navis",1027.27567319269
"7901009",41,-0.00294106433282533,1,0.016821,1,-0.005607,1,140.848441964885,1,4.86711351661293,196,1,17.2789993286133,36.2970008850098,0.0168210007250309,0.00373800005763769,135.821304321289,-86.0904,21.9473,11.9249318305899,63,63,63,63,61,63,-0.005607,9004,1.9064526870154,22,-86,0.001869,51,2024-07-21 20:29:40.002188,196,1.037,0.0011,"aoml_navis",1027.30293487783
"7901009",41,-0.00294106433282533,1,0.016821,1,-0.005607,1,140.976296336081,1,4.86694427437164,198,1,17.0650005340576,36.2639999389648,0.0168210007250309,0.00373800005763769,135.944595336914,-86.0904,21.9473,11.9249318305899,63,63,63,63,61,63,-0.005607,9004,1.9064526870154,22,-86,0.001869,51,2024-07-21 20:29:40.002188,198,1.037,0.0011,"aoml_navis",1027.33865812456
"7901009",41,-0.00294106433282533,1,0.016821,1,-0.005607,1,140.874044486246,1,4.86684219617581,200,1,16.9650001525879,36.2490005493164,0.0168210007250309,0.00373800005763769,135.845993041992,-86.0904,21.9473,11.9249318305899,63,63,63,63,61,63,-0.005607,9004,1.9064526870154,22,-86,0.001869,51,2024-07-21 20:29:40.002188,200,1.037,0.0011,"aoml_navis",1027.36020574672
"7901009",41,-0.00196070955521688,1,0.01869,1,-0.003738,1,140.934506312031,1,4.86676149493567,202,1,16.8959999084473,36.2379989624023,0.0186899993568659,0.00560700008645654,135.904296875,-86.0904,21.9473,11.9249318305899,63,63,63,63,61,63,-0.003738,9004,1.9064526870154,22,-86,0.001869,51,2024-07-21 20:29:40.002188,202,1.037,0.0011,"aoml_navis",1027.37724156053
"7901009",41,-0.000980354777608442,1,0.020559,1,-0.001869,1,140.890026282646,1,4.8667123327911,204,1,16.882999420166,36.2360000610352,0.020558999851346,0.00747600011527538,135.861404418945,-86.0904,21.9473,11.9249318305899,63,63,63,63,61,63,-0.001869,9004,1.9064526870154,22,-86,0.001869,51,2024-07-21 20:29:40.002188,204,1.037,0.0011,"aoml_navis",1027.38761983338
"7901009",41,0,1,0.022428,1,0,1,140.729591199779,1,4.86666661171967,206,1,16.8729991912842,36.234001159668,0.0224280003458261,0.00934499967843294,135.706695556641,-86.0904,21.9473,11.9249318305899,63,63,63,63,61,63,0,9004,1.9064526870154,22,-86,0.001869,51,2024-07-21 20:29:40.002188,206,1.037,0.0011,"aoml_navis",1027.39727187378
"7901009",41,-0.00294106433282533,1,0.016821,1,-0.005607,1,140.517729544341,1,4.8666197646678,208,1,16.8619995117188,36.2319984436035,0.0168210007250309,0.00373800005763769,135.502395629883,-86.0904,21.9473,11.9249318305899,63,63,63,63,61,63,-0.005607,9004,1.9064526870154,22,-86,0.001869,51,2024-07-21 20:29:40.002188,208,1.037,0.0011,"aoml_navis",1027.4071618047
"7901009",41,-0.00196070955521688,1,0.01869,1,-0.003738,1,140.172617683475,1,4.8665753967307,210,1,16.8500003814697,36.2290000915527,0.0186899993568659,0.00560700008645654,135.16960144043,-86.0904,21.9473,11.9249318305899,63,63,63,63,61,63,-0.003738,9004,1.9064526870154,22,-86,0.001869,51,2024-07-21 20:29:40.002188,210,1.037,0.0011,"aoml_navis",1027.41652854262
"7901009",41,-0.00196070955521688,1,0.01869,1,-0.003738,1,139.667798623541,1,4.86651834191271,212,1,16.8110008239746,36.2210006713867,0.0186899993568659,0.00560700008645654,134.682800292969,-86.0904,21.9473,11.9249318305899,63,63,63,63,61,63,-0.003738,9004,1.9064526870154,22,-86,0.001869,51,2024-07-21 20:29:40.002188,212,1.037,0.0011,"aoml_navis",1027.42857392269
"7901009",41,-0.00392141911043377,1,0.014952,1,-0.007476,1,139.230277167653,1,4.86642295402173,214,1,16.7159996032715,36.2060012817383,0.0149520002305508,0.00186900002881885,134.260894775391,-86.0904,21.9473,11.9249318305899,63,63,63,63,61,63,-0.007476,9004,1.9064526870154,22,-86,0.001869,51,2024-07-21 20:29:40.002188,214,1.037,0.0011,"aoml_navis",1027.44871278972
"7901009",41,0,1,0.014952,1,-0.007476,1,138.942098478516,1,4.86632793985853,216,1,16.621000289917,36.1910018920898,0.0149520002305508,0,133.983001708984,-86.0904,21.9473,11.9249318305899,63,63,63,63,61,63,0,9004,1.9064526870154,22,-86,0.001869,51,2024-07-21 20:29:40.002188,216,1.037,0.0011,"aoml_navis",1027.46877353797
"7901009",41,0,1,0.01869,1,-0.003738,1,138.920831612812,1,4.86622160549123,218,1,16.5060005187988,36.1730003356934,0.0186899993568659,0,133.962493896484,-86.0904,21.9473,11.9249318305899,63,63,63,63,61,63,0,9004,1.9064526870154,22,-86,0.001869,51,2024-07-21 20:29:40.002188,218,1.037,0.0011,"aoml_navis",1027.49122529846
"7901009",41,0,1,0.014952,1,-0.007476,1,138.648207483933,1,4.86618165428125,220,1,16.5009994506836,36.1710014343262,0.0149520002305508,0,133.699600219727,-86.0904,21.9473,11.9249318305899,63,63,63,63,61,63,0,9004,1.9064526870154,22,-86,0.001869,51,2024-07-21 20:29:40.002188,220,1.037,0.0011,"aoml_navis",1027.49966097156
"7901009",41,0,1,0.016821,1,-0.005607,1,138.066438447869,1,4.86613317683626,222,1,16.4820003509521,36.1669998168945,0.0168210007250309,0,133.138595581055,-86.0904,21.9473,11.9249318305899,63,63,63,63,61,63,0,9004,1.9064526870154,22,-86,0.001869,51,2024-07-21 20:29:40.002188,222,1.037,0.0011,"aoml_navis",1027.50989713988
"7901009",41,0,1,0.016821,1,-0.005607,1,137.692290352951,1,4.86604105628076,224,1,16.3920001983643,36.1529998779297,0.0168210007250309,0,132.777801513672,-86.0904,21.9473,11.9249318305899,63,63,63,63,61,63,0,9004,1.9064526870154,22,-86,0.001869,51,2024-07-21 20:29:40.002188,224,1.037,0.0011,"aoml_navis",1027.5293492533
"7901009",41,0,1,0.020559,1,-0.001869,1,137.033365634467,1,4.86597877055437,226,1,16.3379993438721,36.1419982910156,0.020558999851346,0,132.142395019531,-86.0904,21.9473,11.9249318305899,63,63,63,63,61,63,0,9004,1.9064526870154,22,-86,0.001869,51,2024-07-21 20:29:40.002188,226,1.037,0.0011,"aoml_navis",1027.54250188197
"7901009",41,0,1,0.01869,1,-0.003738,1,136.510824186445,1,4.86587179556208,228,1,16.2180004119873,36.1230010986328,0.0186899993568659,0,131.63850402832,-86.0904,21.9473,11.9249318305899,63,63,63,63,61,63,0,9004,1.9064526870154,22,-86,0.001869,51,2024-07-21 20:29:40.002188,228,1.037,0.0011,"aoml_navis",1027.56509215065
"7901009",41,0,1,0.016821,1,-0.005607,1,136.092797357453,1,4.86575359310398,230,1,16.0709991455078,36.0989990234375,0.0168210007250309,0,131.235397338867,-86.0904,21.9473,11.9249318305899,63,63,63,63,61,63,0,9004,1.9064526870154,22,-86,0.001869,51,2024-07-21 20:29:40.002188,230,1.037,0.0011,"aoml_navis",1027.59005451618
"7901009",41,0,1,0.020559,1,-0.001869,1,136.157721427381,1,4.86563234134984,232,1,15.9270000457764,36.0769996643066,0.020558999851346,0,131.298004150391,-86.0904,21.9473,11.9249318305899,63,63,63,63,61,63,0,9004,1.9064526870154,22,-86,0.001869,51,2024-07-21 20:29:40.002188,232,1.037,0.0011,"aoml_navis",1027.61566210177
"7901009",41,0,1,0.01869,1,-0.003738,1,135.913912002703,1,4.86558458876271,234,1,15.9049997329712,36.0719985961914,0.0186899993568659,0,131.062896728516,-86.0904,21.9473,11.9249318305899,63,63,63,63,61,63,0,9004,1.9064526870154,22,-86,0.001869,51,2024-07-21 20:29:40.002188,234,1.037,0.0011,"aoml_navis",1027.62574748936
"7901009",41,0,1,0.016821,1,-0.005607,1,135.850554465294,1,4.8655127850459,236,1,15.8479995727539,36.0629997253418,0.0168210007250309,0,131.001800537109,-86.0904,21.9473,11.9249318305899,63,63,63,63,61,63,0,9004,1.9064526870154,22,-86,0.001869,51,2024-07-21 20:29:40.002188,236,1.037,0.0011,"aoml_navis",1027.64091286893
"7901009",41,0,1,0.016821,1,-0.005607,1,135.709835539174,1,4.86545298132905,238,1,15.8149995803833,36.0579986572266,0.0168210007250309,0,130.866104125977,-86.0904,21.9473,11.9249318305899,63,63,63,63,61,63,0,9004,1.9064526870154,22,-86,0.001869,51,2024-07-21 20:29:40.002188,238,1.037,0.0011,"aoml_navis",1027.65354411753
"7901009",41,0,1,0.016821,1,-0.005607,1,135.626033961222,1,4.86539540617484,240,1,15.7840003967285,36.0530014038086,0.0168210007250309,0,130.785293579102,-86.0904,21.9473,11.9249318305899,63,63,63,63,61,63,0,9004,1.9064526870154,22,-86,0.001869,51,2024-07-21 20:29:40.002188,240,1.037,0.0011,"aoml_navis",1027.66570496086
"7901009",41,0,1,0.020559,1,-0.001869,1,135.573879504852,1,4.86534565498255,242,1,15.7700004577637,36.0509986877441,0.020558999851346,0,130.735000610352,-86.0904,21.9473,11.9249318305899,63,63,63,63,61,63,0,9004,1.9064526870154,22,-86,0.001869,51,2024-07-21 20:29:40.002188,242,1.037,0.0011,"aoml_navis",1027.67621348332
"7901009",41,0,1,0.016821,1,-0.005607,1,135.510521967443,1,4.86530249204198,244,1,15.7620000839233,36.048999786377,0.0168210007250309,0,130.673904418945,-86.0904,21.9473,11.9249318305899,63,63,63,63,61,63,0,9004,1.9064526870154,22,-86,0.001869,51,2024-07-21 20:29:40.002188,244,1.037,0.0011,"aoml_navis",1027.68533059935
"7901009",41,0,1,0.01869,1,-0.003738,1,135.299688843455,1,4.86526119112382,246,1,15.7589998245239,36.0480003356934,0.0186899993568659,0,130.470596313477,-86.0904,21.9473,11.9249318305899,63,63,63,63,61,63,0,9004,1.9064526870154,22,-86,0.001869,51,2024-07-21 20:29:40.002188,246,1.037,0.0011,"aoml_navis",1027.69405456011
"7901009",41,0,1,0.020559,1,-0.001869,1,135.00135142829,1,4.86521815016929,248.100006103516,1,15.7530002593994,36.0460014343262,0.020558999851346,0,130.182907104492,-86.0904,21.9473,11.9249318305899,63,63,63,63,61,63,0,9004,1.9064526870154,22,-86,0.001869,51,2024-07-21 20:29:40.002188,248.100006103516,1.037,0.0011,"aoml_navis",1027.70314622501
"7901009",41,0,1,0.020559,1,-0.001869,1,134.631649753955,1,4.86515297014687,250.100006103516,1,15.7150001525879,36.0410003662109,0.020558999851346,0,129.826400756836,-86.0904,21.9473,11.9249318305899,63,63,63,63,61,63,0,9004,1.9064526870154,22,-86,0.001869,51,2024-07-21 20:29:40.002188,250.100006103516,1.037,0.0011,"aoml_navis",1027.7169146953
"7901009",41,0,1,0.020559,1,-0.001869,1,134.587153901009,1,4.86506535160807,252,1,15.6079998016357,36.0219993591309,0.020558999851346,0,129.783493041992,-86.0904,21.9473,11.9249318305899,63,63,63,63,61,63,0,9004,1.9064526870154,22,-86,0.001869,51,2024-07-21 20:29:40.002188,252,1.037,0.0011,"aoml_navis",1027.73542360481
"7901009",41,0,1,0.016821,1,-0.005607,1,134.515188346529,1,4.86499929896706,254,1,15.5690002441406,36.0169982910156,0.0168210007250309,0,129.714096069336,-86.0904,21.9473,11.9249318305899,63,63,63,63,61,63,0,9004,1.9064526870154,22,-86,0.001869,51,2024-07-21 20:29:40.002188,254,1.037,0.0011,"aoml_navis",1027.7493772839
"7901009",41,0,1,0.016821,1,-0.005607,1,134.365449990758,1,4.86495909887424,256,1,15.5670003890991,36.015998840332,0.0168210007250309,0,129.569702148438,-86.0904,21.9473,11.9249318305899,63,63,63,63,61,63,0,9004,1.9064526870154,22,-86,0.001869,51,2024-07-21 20:29:40.002188,256,1.037,0.0011,"aoml_navis",1027.75786977469
"7901009",41,0,1,0.01869,1,-0.003738,1,134.104218825649,1,4.86491671657154,258,1,15.5629997253418,36.0149993896484,0.0186899993568659,0,129.317794799805,-86.0904,21.9473,11.9249318305899,63,63,63,63,61,63,0,9004,1.9064526870154,22,-86,0.001869,51,2024-07-21 20:29:40.002188,258,1.037,0.0011,"aoml_navis",1027.76682342132
"7901009",41,0,1,0.020559,1,-0.001869,1,133.754961191857,1,4.86485981518234,260,1,15.5290002822876,36.0089988708496,0.020558999851346,0,128.981002807617,-86.0904,21.9473,11.9249318305899,63,63,63,63,61,63,0,9004,1.9064526870154,22,-86,0.001869,51,2024-07-21 20:29:40.002188,260,1.037,0.0011,"aoml_navis",1027.77884460225
"7901009",41,0,1,0.01869,1,-0.003738,1,133.429549664177,1,4.86479281781465,262,1,15.4790000915527,36.0009994506836,0.0186899993568659,0,128.667205810547,-86.0904,21.9473,11.9249318305899,63,63,63,63,61,63,0,9004,1.9064526870154,22,-86,0.001869,51,2024-07-21 20:29:40.002188,262,1.037,0.0011,"aoml_navis",1027.79299905439
"7901009",41,0,1,0.016821,1,-0.005607,1,133.126322768727,1,4.86471729354585,264,1,15.41100025177,35.9900016784668,0.0168210007250309,0,128.374801635742,-86.0904,21.9473,11.9249318305899,63,63,63,63,61,63,0,9004,1.9064526870154,22,-86,0.001869,51,2024-07-21 20:29:40.002188,264,1.037,0.0011,"aoml_navis",1027.808955442
"7901009",41,0,1,0.022428,1,0,1,132.929493496041,1,4.86464452911564,266,1,15.3420000076294,35.9780006408691,0.0224280003458261,0,128.184997558594,-86.0904,21.9473,11.9249318305899,63,63,63,63,61,63,0,9004,1.9064526870154,22,-86,0.001869,51,2024-07-21 20:29:40.002188,266,1.037,0.0011,"aoml_navis",1027.82432921342
"7901009",41,0,1,0.020559,1,-0.001869,1,132.671901749914,1,4.8645761470054,268,1,15.2869997024536,35.9690017700195,0.020558999851346,0,127.936599731445,-86.0904,21.9473,11.9249318305899,63,63,63,63,61,63,0,9004,1.9064526870154,22,-86,0.001869,51,2024-07-21 20:29:40.002188,268,1.037,0.0011,"aoml_navis",1027.8387775013
"7901009",41,0,1,0.01869,1,-0.003738,1,132.552853190298,1,4.8645035902032,270,1,15.2279996871948,35.9599990844727,0.0186899993568659,0,127.821800231934,-86.0904,21.9473,11.9249318305899,63,63,63,63,61,63,0,9004,1.9064526870154,22,-86,0.001869,51,2024-07-21 20:29:40.002188,270,1.037,0.0011,"aoml_navis",1027.85410829374
"7901009",41,0,1,0.020559,1,-0.001869,1,132.499029348266,1,4.86444431879889,272,1,15.1879997253418,35.9529991149902,0.020558999851346,0,127.769897460938,-86.0904,21.9473,11.9249318305899,63,63,63,63,61,63,0,9004,1.9064526870154,22,-86,0.001869,51,2024-07-21 20:29:40.002188,272,1.037,0.0011,"aoml_navis",1027.8666323052
"7901009",41,0,1,0.020559,1,-0.001869,1,132.320143993516,1,4.86439699876333,274,1,15.1759996414185,35.951000213623,0.020558999851346,0,127.597396850586,-86.0904,21.9473,11.9249318305899,63,63,63,63,61,63,0,9004,1.9064526870154,22,-86,0.001869,51,2024-07-21 20:29:40.002188,274,1.037,0.0011,"aoml_navis",1027.87663121886
"7901009",41,0,1,0.024297,1,0.001869,1,132.065875195156,1,4.86434515249519,276,1,15.1529998779297,35.9469985961914,0.0242970008403063,0,127.352203369141,-86.0904,21.9473,11.9249318305899,63,63,63,63,61,63,0,9004,1.9064526870154,22,-86,0.001869,51,2024-07-21 20:29:40.002188,276,1.037,0.0011,"aoml_navis",1027.88758676699
"7901009",41,0,1,0.01869,1,-0.003738,1,131.717123915309,1,4.86429933885512,278,1,15.1389999389648,35.9440002441406,0.0186899993568659,0,127.015899658203,-86.0904,21.9473,11.9249318305899,63,63,63,63,61,63,0,9004,1.9064526870154,22,-86,0.001869,51,2024-07-21 20:29:40.002188,278,1.037,0.0011,"aoml_navis",1027.89726776494
"7901009",41,0,1,0.014952,1,-0.007476,1,131.364954746331,1,4.86423440246608,280,1,15.0799999237061,35.9329986572266,0.0149520002305508,0,126.676300048828,-86.0904,21.9473,11.9249318305899,63,63,63,63,61,63,0,9004,1.9064526870154,22,-86,0.001869,51,2024-07-21 20:29:40.002188,280,1.037,0.0011,"aoml_navis",1027.91098995252
"7901009",41,0,1,0.020559,1,-0.001869,1,130.978669980286,1,4.8641610409734,282,1,15.0129995346069,35.9220008850098,0.020558999851346,0,126.303802490234,-86.0904,21.9473,11.9249318305899,63,63,63,63,61,63,0,9004,1.9064526870154,22,-86,0.001869,51,2024-07-21 20:29:40.002188,282,1.037,0.0011,"aoml_navis",1027.92649295168
"7901009",41,0,1,0.016821,1,-0.005607,1,130.662167117332,1,4.86406667882018,284,1,14.9090003967285,35.9059982299805,0.0168210007250309,0,125.998596191406,-86.0904,21.9473,11.9249318305899,63,63,63,63,61,63,0,9004,1.9064526870154,22,-86,0.001869,51,2024-07-21 20:29:40.002188,284,1.037,0.0011,"aoml_navis",1027.94643456919
"7901009",41,0,1,0.020559,1,-0.001869,1,130.420343549534,1,4.86399425014284,286,1,14.83899974823,35.8940010070801,0.020558999851346,0,125.765403747559,-86.0904,21.9473,11.9249318305899,63,63,63,63,61,63,0,9004,1.9064526870154,22,-86,0.001869,51,2024-07-21 20:29:40.002188,286,1.037,0.0011,"aoml_navis",1027.96174149531
"7901009",41,0,1,0.01869,1,-0.003738,1,130.092748370466,1,4.86391839823315,288,1,14.7690000534058,35.882999420166,0.0186899993568659,0,125.449501037598,-86.0904,21.9473,11.9249318305899,63,63,63,63,61,63,0,9004,1.9064526870154,22,-86,0.001869,51,2024-07-21 20:29:40.002188,288,1.037,0.0011,"aoml_navis",1027.97777236894
"7901009",41,0,1,0.022428,1,0,1,129.578696262809,1,4.86385167116537,290,1,14.7040004730225,35.8709983825684,0.0224280003458261,0,124.953796386719,-86.0904,21.9473,11.9249318305899,63,63,63,63,61,63,0,9004,1.9064526870154,22,-86,0.001869,51,2024-07-21 20:29:40.002188,290,1.037,0.0011,"aoml_navis",1027.99187517205
"7901009",41,0,1,0.022428,1,0,1,129.518448055095,1,4.86372905100439,292,1,14.5509996414185,35.8489990234375,0.0224280003458261,0,124.895698547363,-86.0904,21.9473,11.9249318305899,63,63,63,63,61,63,0,9004,1.9064526870154,22,-86,0.001869,51,2024-07-21 20:29:40.002188,292,1.037,0.0011,"aoml_navis",1028.0177920206
"7901009",41,0,1,0.01869,1,-0.003738,1,129.472512258117,1,4.86366508390228,294,1,14.5019998550415,35.8409996032715,0.0186899993568659,0,124.851402282715,-86.0904,21.9473,11.9249318305899,63,63,63,63,61,63,0,9004,1.9064526870154,22,-86,0.001869,51,2024-07-21 20:29:40.002188,294,1.037,0.0011,"aoml_navis",1028.03131254842
"7901009",41,0,1,0.01869,1,-0.003738,1,129.211906123659,1,4.86362323587865,296,1,14.4879999160767,35.8370018005371,0.0186899993568659,0,124.60009765625,-86.0904,21.9473,11.9249318305899,63,63,63,63,61,63,0,9004,1.9064526870154,22,-86,0.001869,51,2024-07-21 20:29:40.002188,296,1.037,0.0011,"aoml_navis",1028.04015802773
"7901009",41,0,1,0.01869,1,-0.003738,1,128.874152218562,1,4.86356727158062,298,1,14.4569997787476,35.8320007324219,0.0186899993568659,0,124.274398803711,-86.0904,21.9473,11.9249318305899,63,63,63,63,61,63,0,9004,1.9064526870154,22,-86,0.001869,51,2024-07-21 20:29:40.002188,298,1.037,0.0011,"aoml_navis",1028.05198752294
"7901009",41,0,1,0.020559,1,-0.001869,1,128.581408432137,1,4.86351081137105,300,1,14.4219999313354,35.826000213623,0.020558999851346,0,123.99210357666,-86.0904,21.9473,11.9249318305899,63,63,63,63,61,63,0,9004,1.9064526870154,22,-86,0.001869,51,2024-07-21 20:29:40.002188,300,1.037,0.0011,"aoml_navis",1028.06392211771
"7901009",41,0,1,0.020559,1,-0.001869,1,128.317898674274,1,4.86344396280007,302,1,14.3629999160767,35.8160018920898,0.020558999851346,0,123.737998962402,-86.0904,21.9473,11.9249318305899,63,63,63,63,61,63,0,9004,1.9064526870154,22,-86,0.001869,51,2024-07-21 20:29:40.002188,302,1.037,0.0011,"aoml_navis",1028.07805296914
"7901009",41,0,1,0.022428,1,0,1,127.947682734213,1,4.86338349615427,304,1,14.3170003890991,35.8079986572266,0.0224280003458261,0,123.380996704102,-86.0904,21.9473,11.9249318305899,63,63,63,63,61,63,0,9004,1.9064526870154,22,-86,0.001869,51,2024-07-21 20:29:40.002188,304,1.037,0.0011,"aoml_navis",1028.09083510559
"7901009",41,0,1,0.016821,1,-0.005607,1,127.726073765327,1,4.86329265018519,306,1,14.2170000076294,35.7929992675781,0.0168210007250309,0,123.167297363281,-86.0904,21.9473,11.9249318305899,63,63,63,63,61,63,0,9004,1.9064526870154,22,-86,0.001869,51,2024-07-21 20:29:40.002188,306,1.037,0.0011,"aoml_navis",1028.11003977102
"7901009",41,0,1,0.01869,1,-0.003738,1,127.562750882616,1,4.8632334784798,308,1,14.1719999313354,35.7849998474121,0.0186899993568659,0,123.009803771973,-86.0904,21.9473,11.9249318305899,63,63,63,63,61,63,0,9004,1.9064526870154,22,-86,0.001869,51,2024-07-21 20:29:40.002188,308,1.037,0.0011,"aoml_navis",1028.12254894308
"7901009",41,0,1,0.020559,1,-0.001869,1,127.235258556693,1,4.86318767886739,310,1,14.1540002822876,35.7809982299805,0.020558999851346,0,122.694000244141,-86.0904,21.9473,11.9249318305899,63,63,63,63,61,63,0,9004,1.9064526870154,22,-86,0.001869,51,2024-07-21 20:29:40.002188,310,1.037,0.0011,"aoml_navis",1028.13223140187
"7901009",41,0,1,0.01869,1,-0.003738,1,127.03791501828,1,4.86311379410972,312,1,14.0839996337891,35.7700004577637,0.0186899993568659,0,122.503700256348,-86.0904,21.9473,11.9249318305899,63,63,63,63,61,63,0,9004,1.9064526870154,22,-86,0.001869,51,2024-07-21 20:29:40.002188,312,1.037,0.0011,"aoml_navis",1028.14785170277
"7901009",41,0,1,0.020559,1,-0.001869,1,126.84181362939,1,4.8630615004059,314,1,14.048999786377,35.7630004882812,0.020558999851346,0,122.314598083496,-86.0904,21.9473,11.9249318305899,63,63,63,63,61,63,0,9004,1.9064526870154,22,-86,0.001869,51,2024-07-21 20:29:40.002188,314,1.037,0.0011,"aoml_navis",1028.15890763106
"7901009",41,0,1,0.022428,1,0,1,126.730858821119,1,4.86298473065432,316,1,13.9829998016357,35.7540016174316,0.0224280003458261,0,122.20760345459,-86.0904,21.9473,11.9249318305899,63,63,63,63,61,63,0,9004,1.9064526870154,22,-86,0.001869,51,2024-07-21 20:29:40.002188,316,1.037,0.0011,"aoml_navis",1028.17513871306
"7901009",41,0,1,0.020559,1,-0.001869,1,126.566491583396,1,4.86293348134189,318,1,13.956000328064,35.7490005493164,0.020558999851346,0,122.049102783203,-86.0904,21.9473,11.9249318305899,63,63,63,63,61,63,0,9004,1.9064526870154,22,-86,0.001869,51,2024-07-21 20:29:40.002188,318,1.037,0.0011,"aoml_navis",1028.18597440907
"7901009",41,0,1,0.016821,1,-0.005607,1,126.22375325665,1,4.86288577798253,320,1,13.9359998703003,35.7449989318848,0.0168210007250309,0,121.718597412109,-86.0904,21.9473,11.9249318305899,63,63,63,63,61,63,0,9004,1.9064526870154,22,-86,0.001869,51,2024-07-21 20:29:40.002188,320,1.037,0.0011,"aoml_navis",1028.19606058573
"7901009",41,0,1,0.024297,1,0.001869,1,125.853853787805,1,4.86281704008241,322,1,13.8739995956421,35.7350006103516,0.0242970008403063,0,121.36190032959,-86.0904,21.9473,11.9249318305899,63,63,63,63,61,63,0,9004,1.9064526870154,22,-86,0.001869,51,2024-07-21 20:29:40.002188,322,1.037,0.0011,"aoml_navis",1028.21059455596
"7901009",41,0,1,0.020559,1,-0.001869,1,125.63369267473,1,4.86273888654866,324,1,13.798999786377,35.7239990234375,0.020558999851346,0,121.149597167969,-86.0904,21.9473,11.9249318305899,63,63,63,63,61,63,0,9004,1.9064526870154,22,-86,0.001869,51,2024-07-21 20:29:40.002188,324,1.037,0.0011,"aoml_navis",1028.22711987087
"7901009",41,0,1,0.01869,1,-0.003738,1,125.293035146228,1,4.862685556852,326,1,13.7589998245239,35.7159996032715,0.0186899993568659,0,120.821098327637,-86.0904,21.9473,11.9249318305899,63,63,63,63,61,63,0,9004,1.9064526870154,22,-86,0.001869,51,2024-07-21 20:29:40.002188,326,1.037,0.0011,"aoml_navis",1028.23839656967
"7901009",41,0,1,0.020559,1,-0.001869,1,125.232264761008,1,4.86260634691544,328,1,13.6789999008179,35.7039985656738,0.020558999851346,0,120.762496948242,-86.0904,21.9473,11.9249318305899,63,63,63,63,61,63,0,9004,1.9064526870154,22,-86,0.001869,51,2024-07-21 20:29:40.002188,328,1.037,0.0011,"aoml_navis",1028.25514616698
"7901009",41,0,1,0.020559,1,-0.001869,1,124.963889258202,1,4.86256248868459,330,1,13.6590003967285,35.6990013122559,0.020558999851346,0,120.503700256348,-86.0904,21.9473,11.9249318305899,63,63,63,63,61,63,0,9004,1.9064526870154,22,-86,0.001869,51,2024-07-21 20:29:40.002188,330,1.037,0.0011,"aoml_navis",1028.26442058796
"7901009",41,0,1,0.01869,1,-0.003738,1,124.68680288518,1,4.86250551553271,332,1,13.6260004043579,35.6940002441406,0.0186899993568659,0,120.236503601074,-86.0904,21.9473,11.9249318305899,63,63,63,63,61,63,0,9004,1.9064526870154,22,-86,0.001869,51,2024-07-21 20:29:40.002188,332,1.037,0.0011,"aoml_navis",1028.27646858766
"7901009",41,0,1,0.020559,1,-0.001869,1,124.249075723002,1,4.86244540257472,334,1,13.5790004730225,35.6860008239746,0.020558999851346,0,119.814399719238,-86.0904,21.9473,11.9249318305899,63,63,63,63,61,63,0,9004,1.9064526870154,22,-86,0.001869,51,2024-07-21 20:29:40.002188,334,1.037,0.0011,"aoml_navis",1028.28918086205
"7901009",41,0,1,0.01869,1,-0.003738,1,124.113744719331,1,4.86235728457587,336,1,13.4750003814697,35.6699981689453,0.0186899993568659,0,119.683898925781,-86.0904,21.9473,11.9249318305899,63,63,63,63,61,63,0,9004,1.9064526870154,22,-86,0.001869,51,2024-07-21 20:29:40.002188,336,1.037,0.0011,"aoml_navis",1028.30781601771
"7901009",41,0,1,0.020559,1,-0.001869,1,123.96399845178,1,4.86229173984845,338,1,13.414999961853,35.6599998474121,0.020558999851346,0,119.539497375488,-86.0904,21.9473,11.9249318305899,63,63,63,63,61,63,0,9004,1.9064526870154,22,-86,0.001869,51,2024-07-21 20:29:40.002188,338,1.037,0.0011,"aoml_navis",1028.3216778259
"7901009",41,0,1,0.020559,1,-0.001869,1,123.61318219725,1,4.86222838918939,340,1,13.3680000305176,35.6529998779297,0.020558999851346,0,119.201202392578,-86.0904,21.9473,11.9249318305899,63,63,63,63,61,63,0,9004,1.9064526870154,22,-86,0.001869,51,2024-07-21 20:29:40.002188,340,1.037,0.0011,"aoml_navis",1028.335075974
"7901009",41,0,1,0.024297,1,0.001869,1,123.392609671595,1,4.86216012121056,342,1,13.3050003051758,35.6430015563965,0.0242970008403063,0,118.988502502441,-86.0904,21.9473,11.9249318305899,63,63,63,63,61,63,0,9004,1.9064526870154,22,-86,0.001869,51,2024-07-21 20:29:40.002188,342,1.037,0.0011,"aoml_navis",1028.34951448599
"7901009",41,0,1,0.022428,1,0,1,122.902103022396,1,4.86210925772473,344,1,13.2740001678467,35.6370010375977,0.0224280003458261,0,118.515502929688,-86.0904,21.9473,11.9249318305899,63,63,63,63,61,63,0,9004,1.9064526870154,22,-86,0.001869,51,2024-07-21 20:29:40.002188,344,1.037,0.0011,"aoml_navis",1028.36027225349
"7901009",41,0,1,0.024297,1,0.001869,1,122.301464390088,1,4.8620181510077,346,1,13.1730003356934,35.6230010986328,0.0242970008403063,0,117.936302185059,-86.0904,21.9473,11.9249318305899,63,63,63,63,61,63,0,9004,1.9064526870154,22,-86,0.001869,51,2024-07-21 20:29:40.002188,346,1.037,0.0011,"aoml_navis",1028.37954213801
"7901009",41,0,1,0.028035,1,0.005607,1,121.607704102521,1,4.8619382638126,348,1,13.0570001602173,35.6020011901855,0.0280349999666214,0,117.267303466797,-86.0904,21.9473,11.9249318305899,63,63,63,63,61,63,0,9004,1.9064526870154,22,-86,0.001869,51,2024-07-21 20:29:40.002188,348,1.037,0.0011,"aoml_navis",1028.39643958768
"7901009",41,0,1,0.020559,1,-0.001869,1,121.324288305182,1,4.86181205505376,350,1,12.8520002365112,35.5699996948242,0.020558999851346,0,116.994003295898,-86.0904,21.9473,11.9249318305899,63,63,63,63,61,63,0,9004,1.9064526870154,22,-86,0.001869,51,2024-07-21 20:29:40.002188,350,1.037,0.0011,"aoml_navis",1028.42313593809
"7901009",41,0,1,0.024297,1,0.001869,1,121.221411424695,1,4.86171709037481,352,1,12.7150001525879,35.5480003356934,0.0242970008403063,0,116.894798278809,-86.0904,21.9473,11.9249318305899,63,63,63,63,61,63,0,9004,1.9064526870154,22,-86,0.001869,51,2024-07-21 20:29:40.002188,352,1.037,0.0011,"aoml_navis",1028.44322428776
"7901009",41,0,1,0.022428,1,0,1,120.882209663786,1,4.86165932327324,354,1,12.66100025177,35.5379981994629,0.0224280003458261,0,116.56770324707,-86.0904,21.9473,11.9249318305899,63,63,63,63,61,63,0,9004,1.9064526870154,22,-86,0.001869,51,2024-07-21 20:29:40.002188,354,1.037,0.0011,"aoml_navis",1028.45544443324
"7901009",41,0,1,0.024297,1,0.001869,1,120.601800342998,1,4.86156572119108,356,1,12.5469999313354,35.5219993591309,0.0242970008403063,0,116.297302246094,-86.0904,21.9473,11.9249318305899,63,63,63,63,61,63,0,9004,1.9064526870154,22,-86,0.001869,51,2024-07-21 20:29:40.002188,356,1.037,0.0011,"aoml_navis",1028.4752457846
"7901009",41,0,1,0.028035,1,0.005607,1,120.690673372184,1,4.86147217936523,358,1,12.4209995269775,35.5029983520508,0.0280349999666214,0,116.383003234863,-86.0904,21.9473,11.9249318305899,63,63,63,63,61,63,0,9004,1.9064526870154,22,-86,0.001869,51,2024-07-21 20:29:40.002188,358,1.037,0.0011,"aoml_navis",1028.49503515062
"7901009",41,0,1,0.022428,1,0,1,120.462426419545,1,4.86142051741716,360,1,12.3879995346069,35.4970016479492,0.0224280003458261,0,116.162902832031,-86.0904,21.9473,11.9249318305899,63,63,63,63,61,63,0,9004,1.9064526870154,22,-86,0.001869,51,2024-07-21 20:29:40.002188,360,1.037,0.0011,"aoml_navis",1028.50596488955
"7901009",41,0,1,0.026166,1,0.003738,1,120.200475282421,1,4.86136700291851,362,1,12.3529996871948,35.4910011291504,0.0261659994721413,0,115.910301208496,-86.0904,21.9473,11.9249318305899,63,63,63,63,61,63,0,9004,1.9064526870154,22,-86,0.001869,51,2024-07-21 20:29:40.002188,362,1.037,0.0011,"aoml_navis",1028.51728680395
"7901009",41,0,1,0.024297,1,0.001869,1,119.972434036072,1,4.86130575562804,364,1,12.3059997558594,35.484001159668,0.0242970008403063,0,115.690399169922,-86.0904,21.9473,11.9249318305899,63,63,63,63,61,63,0,9004,1.9064526870154,22,-86,0.001869,51,2024-07-21 20:29:40.002188,364,1.037,0.0011,"aoml_navis",1028.53024502962
"7901009",41,0,1,0.020559,1,-0.001869,1,119.925351030937,1,4.86123752587581,366,1,12.2399997711182,35.4739990234375,0.020558999851346,0,115.644996643066,-86.0904,21.9473,11.9249318305899,63,63,63,63,61,63,0,9004,1.9064526870154,22,-86,0.001869,51,2024-07-21 20:29:40.002188,366,1.037,0.0011,"aoml_navis",1028.54468093476
"7901009",41,0,1,0.024297,1,0.001869,1,119.727904639379,1,4.86117934508008,368,1,12.1960000991821,35.4669990539551,0.0242970008403063,0,115.454597473145,-86.0904,21.9473,11.9249318305899,63,63,63,63,61,63,0,9004,1.9064526870154,22,-86,0.001869,51,2024-07-21 20:29:40.002188,368,1.037,0.0011,"aoml_navis",1028.55699102326
"7901009",41,0,4,0.01869,1,-0.003738,1,119.518013017259,1,4.86112395516988,370,1,12.1510000228882,35.4589996337891,0.0186899993568659,0,115.252197265625,-86.0904,21.9473,11.9249318305899,63,63,63,63,61,63,0,9004,1.9064526870154,22,-86,0.001869,51,2024-07-21 20:29:40.002188,370,1.037,0.0011,"aoml_navis",1028.56871088062
"7901009",41,0,1,0.024297,1,0.001869,1,119.349088594028,1,4.86105803248176,372,1,12.0869998931885,35.4490013122559,0.0242970008403063,0,115.089302062988,-86.0904,21.9473,11.9249318305899,63,63,63,63,61,63,0,9004,1.9064526870154,22,-86,0.001869,51,2024-07-21 20:29:40.002188,372,1.037,0.0011,"aoml_navis",1028.58265969874
"7901009",41,0,1,0.028035,1,0.005607,1,119.327829640104,1,4.86097038323388,374,1,11.9879999160767,35.4360008239746,0.0280349999666214,0,115.068801879883,-86.0904,21.9473,11.9249318305899,63,63,63,63,61,63,0,9004,1.9064526870154,22,-86,0.001869,51,2024-07-21 20:29:40.002188,374,1.037,0.0011,"aoml_navis",1028.60120630351
"7901009",41,0,1,0.022428,1,0,1,119.479332322904,1,4.86087468160383,376,1,11.8760004043579,35.4220008850098,0.0224280003458261,0,115.214897155762,-86.0904,21.9473,11.9249318305899,63,63,63,63,61,63,0,9004,1.9064526870154,22,-86,0.001869,51,2024-07-21 20:29:40.002188,376,1.037,0.0011,"aoml_navis",1028.62145755839
"7901009",41,0,1,0.020559,1,-0.001869,1,119.43028719623,1,4.86081817761641,378,1,11.8369998931885,35.4160003662109,0.020558999851346,0,115.167602539062,-86.0904,21.9473,11.9249318305899,63,63,63,63,61,63,0,9004,1.9064526870154,22,-86,0.001869,51,2024-07-21 20:29:40.002188,378,1.037,0.0011,"aoml_navis",1028.63341464293
"7901009",41,0,1,0.022428,1,0,1,119.403940967512,1,4.86075615298792,380,1,11.7919998168945,35.4099998474121,0.0224280003458261,0,115.142196655273,-86.0904,21.9473,11.9249318305899,63,63,63,63,61,63,0,9004,1.9064526870154,22,-86,0.001869,51,2024-07-21 20:29:40.002188,380,1.037,0.0011,"aoml_navis",1028.64654029733
"7901009",41,0,1,0.020559,1,-0.001869,1,119.270896468376,1,4.86070371203052,382,1,11.7729997634888,35.4080009460449,0.020558999851346,0,115.013900756836,-86.0904,21.9473,11.9249318305899,63,63,63,63,61,63,0,9004,1.9064526870154,22,-86,0.001869,51,2024-07-21 20:29:40.002188,382,1.037,0.0011,"aoml_navis",1028.65763811621
"7901009",41,0,1,0.022428,1,0,1,119.129346805315,1,4.86065867508857,384,1,11.7580003738403,35.4049987792969,0.0224280003458261,0,114.877403259277,-86.0904,21.9473,11.9249318305899,63,63,63,63,61,63,0,9004,1.9064526870154,22,-86,0.001869,51,2024-07-21 20:29:40.002188,384,1.037,0.0011,"aoml_navis",1028.66716925127
"7901009",41,0,1,0.024297,1,0.001869,1,118.987061346677,1,4.86060146290298,386,1,11.7220001220703,35.4000015258789,0.0242970008403063,0,114.740196228027,-86.0904,21.9473,11.9249318305899,63,63,63,63,61,63,0,9004,1.9064526870154,22,-86,0.001869,51,2024-07-21 20:29:40.002188,386,1.037,0.0011,"aoml_navis",1028.67927727894
"7901009",41,0,1,0.028035,1,0.005607,1,118.899129819358,1,4.86054427379859,388,1,11.6820001602173,35.3940010070801,0.0280349999666214,0,114.655403137207,-86.0904,21.9473,11.9249318305899,63,63,63,63,61,63,0,9004,1.9064526870154,22,-86,0.001869,51,2024-07-21 20:29:40.002188,388,1.037,0.0011,"aoml_navis",1028.69138070672
"7901009",41,0,1,0.026166,1,0.003738,1,118.757469391371,1,4.86049739595894,390,1,11.66100025177,35.3899993896484,0.0261659994721413,0,114.518798828125,-86.0904,21.9473,11.9249318305899,63,63,63,63,61,63,0,9004,1.9064526870154,22,-86,0.001869,51,2024-07-21 20:29:40.002188,390,1.037,0.0011,"aoml_navis",1028.70130208424
"7901009",41,0,1,0.029904,1,0.007476,1,118.730403190637,1,4.86042738301455,392,1,11.6070003509521,35.3839988708496,0.0299040004611015,0,114.492698669434,-86.0904,21.9473,11.9249318305899,63,63,63,63,61,63,0,9004,1.9064526870154,22,-86,0.001869,51,2024-07-21 20:29:40.002188,392,1.037,0.0011,"aoml_navis",1028.71612020647
"7901009",41,0,1,0.028035,1,0.005607,1,118.61332466434,1,4.8603842129785,394,1,11.5860004425049,35.3790016174316,0.0280349999666214,0,114.37979888916,-86.0904,21.9473,11.9249318305899,63,63,63,63,61,63,0,9004,1.9064526870154,22,-86,0.001869,51,2024-07-21 20:29:40.002188,394,1.037,0.0011,"aoml_navis",1028.72525728495
"7901009",41,0,1,0.028035,1,0.005607,1,118.414319652044,1,4.86034022401316,396,1,11.576000213623,35.3769989013672,0.0280349999666214,0,114.187896728516,-86.0904,21.9473,11.9249318305899,63,63,63,63,61,63,0,9004,1.9064526870154,22,-86,0.001869,51,2024-07-21 20:29:40.002188,396,1.037,0.0011,"aoml_navis",1028.73456785943
"7901009",41,0,1,0.022428,1,0,1,118.129867411473,1,4.86029338870441,398,1,11.5469999313354,35.3709983825684,0.0224280003458261,0,113.913597106934,-86.0904,21.9473,11.9249318305899,63,63,63,63,61,63,0,9004,1.9064526870154,22,-86,0.001869,51,2024-07-21 20:29:40.002188,398,1.037,0.0011,"aoml_navis",1028.7444810678
"7901009",41,0,1,0.026166,1,0.003738,1,118.08641591354,1,4.86020799705658,400,1,11.4519996643066,35.359001159668,0.0261659994721413,0,113.871696472168,-86.0904,21.9473,11.9249318305899,63,63,63,63,61,63,0,9004,1.9064526870154,22,-86,0.001869,51,2024-07-21 20:29:40.002188,400,1.037,0.0011,"aoml_navis",1028.76255564126
"7901009",41,0,1,0.024297,1,0.001869,1,118.418884749332,1,4.86010587307735,402,1,11.3100004196167,35.3400001525879,0.0242970008403063,0,114.19229888916,-86.0904,21.9473,11.9249318305899,63,63,63,63,61,63,0,9004,1.9064526870154,22,-86,0.001869,51,2024-07-21 20:29:40.002188,402,1.037,0.0011,"aoml_navis",1028.7841727271
"7901009",41,0,1,0.024297,1,0.001869,1,118.546644179164,1,4.86005372432752,404,1,11.298999786377,35.3400001525879,0.0242970008403063,0,114.315498352051,-86.0904,21.9473,11.9249318305899,63,63,63,63,61,63,0,9004,1.9064526870154,22,-86,0.001869,51,2024-07-21 20:29:40.002188,404,1.037,0.0011,"aoml_navis",1028.79521166031
"7901009",41,0,1,0.024297,1,0.001869,1,118.545504882787,1,4.85998974051733,406,1,11.2790002822876,35.3409996032715,0.0242970008403063,0,114.314399719238,-86.0904,21.9473,11.9249318305899,63,63,63,63,61,63,0,9004,1.9064526870154,22,-86,0.001869,51,2024-07-21 20:29:40.002188,406,1.037,0.0011,"aoml_navis",1028.80875618222
"7901009",41,0,1,0.020559,1,-0.001869,1,118.553804340422,1,4.85993766722023,408,1,11.2600002288818,35.3390007019043,0.020558999851346,0,114.322402954102,-86.0904,21.9473,11.9249318305899,63,63,63,63,61,63,0,9004,1.9064526870154,22,-86,0.001869,51,2024-07-21 20:29:40.002188,408,1.037,0.0011,"aoml_navis",1028.81977967011
"7901009",41,0,1,0.026166,1,0.003738,1,118.530361735109,1,4.85989283154535,410,1,11.2530002593994,35.3380012512207,0.0261659994721413,0,114.299797058105,-86.0904,21.9473,11.9249318305899,63,63,63,63,61,63,0,9004,1.9064526870154,22,-86,0.001869,51,2024-07-21 20:29:40.002188,410,1.037,0.0011,"aoml_navis",1028.82927120228
"7901009",41,0,1,0.022428,1,0,1,118.515226499212,1,4.85985162788571,412,1,11.25,35.3370018005371,0.0224280003458261,0,114.285202026367,-86.0904,21.9473,11.9249318305899,63,63,63,63,61,63,0,9004,1.9064526870154,22,-86,0.001869,51,2024-07-21 20:29:40.002188,412,1.037,0.0011,"aoml_navis",1028.83799400585
"7901009",41,0,1,0.024297,1,0.001869,1,118.47260573822,1,4.85980585628115,414,1,11.246000289917,35.3370018005371,0.0242970008403063,0,114.244102478027,-86.0904,21.9473,11.9249318305899,63,63,63,63,61,63,0,9004,1.9064526870154,22,-86,0.001869,51,2024-07-21 20:29:40.002188,414,1.037,0.0011,"aoml_navis",1028.84768401554
"7901009",41,0,1,0.026166,1,0.003738,1,118.426559176316,1,4.85976190160695,416,1,11.2440004348755,35.3370018005371,0.0261659994721413,0,114.199699401855,-86.0904,21.9473,11.9249318305899,63,63,63,63,61,63,0,9004,1.9064526870154,22,-86,0.001869,51,2024-07-21 20:29:40.002188,416,1.037,0.0011,"aoml_navis",1028.85698954648
"7901009",41,0,1,0.029904,1,0.007476,1,118.363613051487,1,4.85972253257955,418,1,11.2430000305176,35.3359985351562,0.0299040004611015,0,114.138999938965,-86.0904,21.9473,11.9249318305899,63,63,63,63,61,63,0,9004,1.9064526870154,22,-86,0.001869,51,2024-07-21 20:29:40.002188,418,1.037,0.0011,"aoml_navis",1028.86532440485
"7901009",41,0,1,0.022428,1,0,1,118.303261990628,1,4.85967767385677,420,1,11.2399997711182,35.3359985351562,0.0224280003458261,0,114.08080291748,-86.0904,21.9473,11.9249318305899,63,63,63,63,61,63,0,9004,1.9064526870154,22,-86,0.001869,51,2024-07-21 20:29:40.002188,420,1.037,0.0011,"aoml_navis",1028.87482165702
"7901009",41,0,1,0.022428,1,0,1,118.173841086913,1,4.85963741932233,422,1,11.2340002059937,35.3339996337891,0.0224280003458261,0,113.956001281738,-86.0904,21.9473,11.9249318305899,63,63,63,63,61,63,0,9004,1.9064526870154,22,-86,0.001869,51,2024-07-21 20:29:40.002188,422,1.037,0.0011,"aoml_navis",1028.88334428399
"7901009",41,0,1,0.026166,1,0.003738,1,118.10000835226,1,4.85959078221295,424,1,11.2250003814697,35.3330001831055,0.0261659994721413,0,113.884803771973,-86.0904,21.9473,11.9249318305899,63,63,63,63,61,63,0,9004,1.9064526870154,22,-86,0.001869,51,2024-07-21 20:29:40.002188,424,1.037,0.0011,"aoml_navis",1028.89321839628
"7901009",41,0,1,0.026166,1,0.003738,1,117.966544528763,1,4.85954240464396,426,1,11.206000328064,35.3300018310547,0.0261659994721413,0,113.756103515625,-86.0904,21.9473,11.9249318305899,63,63,63,63,61,63,0,9004,1.9064526870154,22,-86,0.001869,51,2024-07-21 20:29:40.002188,426,1.037,0.0011,"aoml_navis",1028.90346120281
"7901009",41,0,1,0.026166,1,0.003738,1,117.900481162458,1,4.85949326934304,428,1,11.173999786377,35.3240013122559,0.0261659994721413,0,113.692398071289,-86.0904,21.9473,11.9249318305899,63,63,63,63,61,63,0,9004,1.9064526870154,22,-86,0.001869,51,2024-07-21 20:29:40.002188,428,1.037,0.0011,"aoml_navis",1028.91386464991
"7901009",41,0,1,0.026166,1,0.003738,1,117.999101505092,1,4.85940335731351,430.100006103516,1,11.0909996032715,35.3160018920898,0.0261659994721413,0,113.787498474121,-86.0904,21.9473,11.9249318305899,63,63,63,63,61,63,0,9004,1.9064526870154,22,-86,0.001869,51,2024-07-21 20:29:40.002188,430.100006103516,1.037,0.0011,"aoml_navis",1028.93290232326
"7901009",41,0,1,0.029904,1,0.007476,1,117.937816854146,1,4.8593536575232,432,1,11.0640001296997,35.3120002746582,0.0299040004611015,0,113.728401184082,-86.0904,21.9473,11.9249318305899,63,63,63,63,61,63,0,9004,1.9064526870154,22,-86,0.001869,51,2024-07-21 20:29:40.002188,432,1.037,0.0011,"aoml_navis",1028.94342589349
"7901009",41,0,1,0.024297,1,0.001869,1,117.813894637806,1,4.85931337117272,434,1,11.0620002746582,35.3110008239746,0.0242970008403063,0,113.608901977539,-86.0904,21.9473,11.9249318305899,63,63,63,63,61,63,0,9004,1.9064526870154,22,-86,0.001869,51,2024-07-21 20:29:40.002188,434,1.037,0.0011,"aoml_navis",1028.95195639406
"7901009",41,0,1,0.024297,1,0.001869,1,117.656885355851,1,4.85927128502564,436,1,11.0579996109009,35.310001373291,0.0242970008403063,0,113.457496643066,-86.0904,21.9473,11.9249318305899,63,63,63,63,61,63,0,9004,1.9064526870154,22,-86,0.001869,51,2024-07-21 20:29:40.002188,436,1.037,0.0011,"aoml_navis",1028.96086814664
"7901009",41,0,1,0.028035,1,0.005607,1,117.373991736019,1,4.85923197851562,438,1,11.0530004501343,35.3079986572266,0.0280349999666214,0,113.184700012207,-86.0904,21.9473,11.9249318305899,63,63,63,63,61,63,0,9004,1.9064526870154,22,-86,0.001869,51,2024-07-21 20:29:40.002188,438,1.037,0.0011,"aoml_navis",1028.96919144975
"7901009",41,0,1,0.024297,1,0.001869,1,116.99402848251,1,4.85916977047079,440,1,10.9940004348755,35.298999786377,0.0242970008403063,0,112.818298339844,-86.0904,21.9473,11.9249318305899,63,63,63,63,61,63,0,9004,1.9064526870154,22,-86,0.001869,51,2024-07-21 20:29:40.002188,440,1.037,0.0011,"aoml_navis",1028.98236451524
"7901009",41,0,1,0.026166,1,0.003738,1,117.192930641661,1,4.85904519856652,442,1,10.7950000762939,35.2729988098145,0.0261659994721413,0,113.010101318359,-86.0904,21.9473,11.9249318305899,63,63,63,63,61,63,0,9004,1.9064526870154,22,-86,0.001869,51,2024-07-21 20:29:40.002188,442,1.037,0.0011,"aoml_navis",1029.00874465524
"7901009",41,0,1,0.022428,1,0,1,117.104785496271,1,4.85898443185452,444,1,10.7410001754761,35.2649993896484,0.0224280003458261,0,112.925102233887,-86.0904,21.9473,11.9249318305899,63,63,63,63,61,63,0,9004,1.9064526870154,22,-86,0.001869,51,2024-07-21 20:29:40.002188,444,1.037,0.0011,"aoml_navis",1029.02161349211
"7901009",41,0,1,0.029904,1,0.007476,1,117.007715862595,1,4.85892795093171,446,1,10.6999998092651,35.2589988708496,0.0299040004611015,0,112.831497192383,-86.0904,21.9473,11.9249318305899,63,63,63,63,61,63,0,9004,1.9064526870154,22,-86,0.001869,51,2024-07-21 20:29:40.002188,446,1.037,0.0011,"aoml_navis",1029.03357499698
"7901009",41,0,1,0.022428,1,0,1,116.956281378242,1,4.85886754197328,448,1,10.6420001983643,35.25,0.0224280003458261,0,112.781898498535,-86.0904,21.9473,11.9249318305899,63,63,63,63,61,63,0,9004,1.9064526870154,22,-86,0.001869,51,2024-07-21 20:29:40.002188,448,1.037,0.0011,"aoml_navis",1029.04636868726
"7901009",41,0,1,0.026166,1,0.003738,1,116.961471506182,1,4.85880024759552,450,1,10.576000213623,35.2410011291504,0.0261659994721413,0,112.786903381348,-86.0904,21.9473,11.9249318305899,63,63,63,63,61,63,0,9004,1.9064526870154,22,-86,0.001869,51,2024-07-21 20:29:40.002188,450,1.037,0.0011,"aoml_navis",1029.06062097827
"7901009",41,0,1,0.026166,1,0.003738,1,116.99102200596,1,4.85874564930517,452,1,10.5410003662109,35.2360000610352,0.0261659994721413,0,112.815399169922,-86.0904,21.9473,11.9249318305899,63,63,63,63,61,63,0,9004,1.9064526870154,22,-86,0.001869,51,2024-07-21 20:29:40.002188,452,1.037,0.0011,"aoml_navis",1029.07218465223
"7901009",41,0,1,0.026166,1,0.003738,1,116.922680046901,1,4.85870271365265,454,1,10.53600025177,35.2350006103516,0.0261659994721413,0,112.749496459961,-86.0904,21.9473,11.9249318305899,63,63,63,63,61,63,0,9004,1.9064526870154,22,-86,0.001869,51,2024-07-21 20:29:40.002188,454,1.037,0.0011,"aoml_navis",1029.08127841416
"7901009",41,0,1,0.028035,1,0.005607,1,116.818260369237,1,4.8586502951414,456,1,10.5159997940063,35.2330017089844,0.0280349999666214,0,112.648803710938,-86.0904,21.9473,11.9249318305899,63,63,63,63,61,63,0,9004,1.9064526870154,22,-86,0.001869,51,2024-07-21 20:29:40.002188,456,1.037,0.0011,"aoml_navis",1029.0923808614
"7901009",41,0,1,0.022428,1,0,1,116.786209746854,1,4.85860348843691,458,1,10.4940004348755,35.2290000915527,0.0224280003458261,0,112.617897033691,-86.0904,21.9473,11.9249318305899,63,63,63,63,61,63,0,9004,1.9064526870154,22,-86,0.001869,51,2024-07-21 20:29:40.002188,458,1.037,0.0011,"aoml_navis",1029.10229490832
"7901009",41,0,1,0.024297,1,0.001869,1,116.661978971079,1,4.85855389281381,460,1,10.4729995727539,35.226001739502,0.0242970008403063,0,112.498100280762,-86.0904,21.9473,11.9249318305899,63,63,63,63,61,63,0,9004,1.9064526870154,22,-86,0.001869,51,2024-07-21 20:29:40.002188,460,1.037,0.0011,"aoml_navis",1029.11279987969
"7901009",41,0,1,0.028035,1,0.005607,1,116.51389417741,1,4.85849716594379,462,1,10.4270000457764,35.2190017700195,0.0280349999666214,0,112.35530090332,-86.0904,21.9473,11.9249318305899,63,63,63,63,61,63,0,9004,1.9064526870154,22,-86,0.001869,51,2024-07-21 20:29:40.002188,462,1.037,0.0011,"aoml_navis",1029.12481560102
"7901009",41,0,1,0.026166,1,0.003738,1,116.550707691592,1,4.85840412676104,464,1,10.3179998397827,35.2070007324219,0.0261659994721413,0,112.390800476074,-86.0904,21.9473,11.9249318305899,63,63,63,63,61,63,0,9004,1.9064526870154,22,-86,0.001869,51,2024-07-21 20:29:40.002188,464,1.037,0.0011,"aoml_navis",1029.14452349878
"7901009",41,0,1,0.028035,1,0.005607,1,116.559624268098,1,4.85833169322497,466,1,10.2279996871948,35.1940002441406,0.0280349999666214,0,112.399398803711,-86.0904,21.9473,11.9249318305899,63,63,63,63,61,63,0,9004,1.9064526870154,22,-86,0.001869,51,2024-07-21 20:29:40.002188,466,1.037,0.0011,"aoml_navis",1029.15986715616
"7901009",41,0,1,0.029904,1,0.007476,1,116.440884267918,1,4.85828469010701,468,1,10.21399974823,35.1920013427734,0.0299040004611015,0,112.284896850586,-86.0904,21.9473,11.9249318305899,63,63,63,63,61,63,0,9004,1.9064526870154,22,-86,0.001869,51,2024-07-21 20:29:40.002188,468,1.037,0.0011,"aoml_navis",1029.16982411129
"7901009",41,0,1,0.026166,1,0.003738,1,116.346726169427,1,4.85823534055059,470,1,10.1929998397827,35.1889991760254,0.0261659994721413,0,112.19409942627,-86.0904,21.9473,11.9249318305899,63,63,63,63,61,63,0,9004,1.9064526870154,22,-86,0.001869,51,2024-07-21 20:29:40.002188,470,1.037,0.0011,"aoml_navis",1029.18027833401
"7901009",41,0,1,0.026166,1,0.003738,1,116.200714262223,1,4.85819116254936,472,1,10.1780004501343,35.1860008239746,0.0261659994721413,0,112.053298950195,-86.0904,21.9473,11.9249318305899,63,63,63,63,61,63,0,9004,1.9064526870154,22,-86,0.001869,51,2024-07-21 20:29:40.002188,472,1.037,0.0011,"aoml_navis",1029.18963719333
"7901009",41,0,1,0.022428,1,0,1,116.036869202006,1,4.85814764304973,474,1,10.1680002212524,35.1839981079102,0.0224280003458261,0,111.895301818848,-86.0904,21.9473,11.9249318305899,63,63,63,63,61,63,0,9004,1.9064526870154,22,-86,0.001869,51,2024-07-21 20:29:40.002188,474,1.037,0.0011,"aoml_navis",1029.19885671923
"7901009",41,0,1,0.028035,1,0.005607,1,115.751064046988,1,4.85810714623522,476,1,10.1529998779297,35.1800003051758,0.0280349999666214,0,111.619697570801,-86.0904,21.9473,11.9249318305899,63,63,63,63,61,63,0,9004,1.9064526870154,22,-86,0.001869,51,2024-07-21 20:29:40.002188,476,1.037,0.0011,"aoml_navis",1029.20743604322
"7901009",41,0,1,0.024297,1,0.001869,1,115.451785129956,1,4.85805962609502,478,1,10.1169996261597,35.1730003356934,0.0242970008403063,0,111.331100463867,-86.0904,21.9473,11.9249318305899,63,63,63,63,61,63,0,9004,1.9064526870154,22,-86,0.001869,51,2024-07-21 20:29:40.002188,478,1.037,0.0011,"aoml_navis",1029.21750345396
"7901009",41,0,1,0.028035,1,0.005607,1,115.352231197235,1,4.8579899125636,480,1,10.0249996185303,35.1590003967285,0.0280349999666214,0,111.23509979248,-86.0904,21.9473,11.9249318305899,63,63,63,63,61,63,0,9004,1.9064526870154,22,-86,0.001869,51,2024-07-21 20:29:40.002188,480,1.037,0.0011,"aoml_navis",1029.23227301669
"7901009",41,0,1,0.026166,1,0.003738,1,115.522919947495,1,4.85790018676052,482,1,9.90900039672852,35.1450004577637,0.0261659994721413,0,111.399696350098,-86.0904,21.9473,11.9249318305899,63,63,63,63,61,63,0,9004,1.9064526870154,22,-86,0.001869,51,2024-07-21 20:29:40.002188,482,1.037,0.0011,"aoml_navis",1029.25128301869
"7901009",41,0,1,0.026166,1,0.003738,1,115.490362971166,1,4.85784344208777,484,1,9.86600017547607,35.1389999389648,0.0261659994721413,0,111.368301391602,-86.0904,21.9473,11.9249318305899,63,63,63,63,61,63,0,9004,1.9064526870154,22,-86,0.001869,51,2024-07-21 20:29:40.002188,484,1.037,0.0011,"aoml_navis",1029.26330574604
"7901009",41,0,1,0.028035,1,0.005607,1,115.474183380256,1,4.85779410252691,486,1,9.83600044250488,35.1339988708496,0.0280349999666214,0,111.352699279785,-86.0904,21.9473,11.9249318305899,63,63,63,63,61,63,0,9004,1.9064526870154,22,-86,0.001869,51,2024-07-21 20:29:40.002188,486,1.037,0.0011,"aoml_navis",1029.27375975015
"7901009",41,0,1,0.028035,1,0.005607,1,115.619989581171,1,4.8577234392828,488,1,9.77200031280518,35.1269989013672,0.0280349999666214,0,111.493301391602,-86.0904,21.9473,11.9249318305899,63,63,63,63,61,63,0,9004,1.9064526870154,22,-86,0.001869,51,2024-07-21 20:29:40.002188,488,1.037,0.0011,"aoml_navis",1029.28873215932
"7901009",41,0,1,0.026166,1,0.003738,1,115.731055154367,1,4.85766556771368,490,1,9.72299957275391,35.1199989318848,0.0261659994721413,0,111.600402832031,-86.0904,21.9473,11.9249318305899,63,63,63,63,61,63,0,9004,1.9064526870154,22,-86,0.001869,51,2024-07-21 20:29:40.002188,490,1.037,0.0011,"aoml_navis",1029.30099454197
"7901009",41,0,1,0.028035,1,0.005607,1,115.967079387135,1,4.85756638612834,492,1,9.60700035095215,35.109001159668,0.0280349999666214,0,111.828002929688,-86.0904,21.9473,11.9249318305899,63,63,63,63,61,63,0,9004,1.9064526870154,22,-86,0.001869,51,2024-07-21 20:29:40.002188,492,1.037,0.0011,"aoml_navis",1029.32201076622
"7901009",41,0,1,0.026166,1,0.003738,1,116.032098398427,1,4.85749776018656,494,1,9.52700042724609,35.0979995727539,0.0261659994721413,0,111.890701293945,-86.0904,21.9473,11.9249318305899,63,63,63,63,61,63,0,9004,1.9064526870154,22,-86,0.001869,51,2024-07-21 20:29:40.002188,494,1.037,0.0011,"aoml_navis",1029.3365528609
"7901009",41,0,1,0.026166,1,0.003738,1,116.120037837527,1,4.8574370997491,496,1,9.47399997711182,35.0909996032715,0.0261659994721413,0,111.97550201416,-86.0904,21.9473,11.9249318305899,63,63,63,63,61,63,0,9004,1.9064526870154,22,-86,0.001869,51,2024-07-21 20:29:40.002188,496,1.037,0.0011,"aoml_navis",1029.34940737745
"7901009",41,0,1,0.026166,1,0.003738,1,116.200611409078,1,4.85736875280533,498,1,9.41600036621094,35.0849990844727,0.0261659994721413,0,112.053199768066,-86.0904,21.9473,11.9249318305899,63,63,63,63,61,63,0,9004,1.9064526870154,22,-86,0.001869,51,2024-07-21 20:29:40.002188,498,1.037,0.0011,"aoml_navis",1029.36389112157
"7901009",41,0,1,0.029904,1,0.007476,1,116.289175878828,1,4.85731247299064,500,1,9.36800003051758,35.0779991149902,0.0299040004611015,0,112.138603210449,-86.0904,21.9473,11.9249318305899,63,63,63,63,61,63,0,9004,1.9064526870154,22,-86,0.001869,51,2024-07-21 20:29:40.002188,500,1.037,0.0011,"aoml_navis",1029.37581796575
"7901009",41,0,1,0.026166,1,0.003738,1,116.510365523354,1,4.85722296142966,502,1,9.26599979400635,35.068000793457,0.0261659994721413,0,112.351898193359,-86.0904,21.9473,11.9249318305899,63,63,63,63,61,63,0,9004,1.9064526870154,22,-86,0.001869,51,2024-07-21 20:29:40.002188,502,1.037,0.0011,"aoml_navis",1029.39478786626
"7901009",41,0,1,0.028035,1,0.005607,1,116.661456793573,1,4.8571600530958,504,1,9.21399974822998,35.0620002746582,0.0280349999666214,0,112.497596740723,-86.0904,21.9473,11.9249318305899,63,63,63,63,61,63,0,9004,1.9064526870154,22,-86,0.001869,51,2024-07-21 20:29:40.002188,504,1.037,0.0011,"aoml_navis",1029.40812024779
"7901009",41,0,1,0.024297,1,0.001869,1,116.809027321515,1,4.85709889311867,506,1,9.16399955749512,35.0559997558594,0.0242970008403063,0,112.63990020752,-86.0904,21.9473,11.9249318305899,63,63,63,63,61,63,0,9004,1.9064526870154,22,-86,0.001869,51,2024-07-21 20:29:40.002188,506,1.037,0.0011,"aoml_navis",1029.42108242511
"7901009",41,0,1,0.026166,1,0.003738,1,117.005540122986,1,4.85705246486471,508,1,9.14099979400635,35.0519981384277,0.0261659994721413,0,112.829399108887,-86.0904,21.9473,11.9249318305899,63,63,63,63,61,63,0,9004,1.9064526870154,22,-86,0.001869,51,2024-07-21 20:29:40.002188,508,1.037,0.0011,"aoml_navis",1029.43092259541
"7901009",41,0,1,0.028035,1,0.005607,1,117.47375137503,1,4.85696430521518,510,1,9.05300045013428,35.0449981689453,0.0280349999666214,0,113.280899047852,-86.0904,21.9473,11.9249318305899,63,63,63,63,61,63,0,9004,1.9064526870154,22,-86,0.001869,51,2024-07-21 20:29:40.002188,510,1.037,0.0011,"aoml_navis",1029.44960798481
"7901009",41,0,1,0.028035,1,0.005607,1,117.74461908866,1,4.85689136369107,512,1,8.98799991607666,35.0390014648438,0.0280349999666214,0,113.542098999023,-86.0904,21.9473,11.9249318305899,63,63,63,63,61,63,0,9004,1.9064526870154,22,-86,0.001869,51,2024-07-21 20:29:40.002188,512,1.037,0.0011,"aoml_navis",1029.46506841367
"7901009",41,0,1,0.028035,1,0.005607,1,117.890116730139,1,4.85682253712011,514,1,8.9370002746582,35.0349998474121,0.0280349999666214,0,113.682403564453,-86.0904,21.9473,11.9249318305899,63,63,63,63,61,63,0,9004,1.9064526870154,22,-86,0.001869,51,2024-07-21 20:29:40.002188,514,1.037,0.0011,"aoml_navis",1029.47965707736
"7901009",41,0,1,0.028035,1,0.005607,1,118.008231699668,1,4.85674753650137,516,1,8.86900043487549,35.0289993286133,0.0280349999666214,0,113.79630279541,-86.0904,21.9473,11.9249318305899,63,63,63,63,61,63,0,9004,1.9064526870154,22,-86,0.001869,51,2024-07-21 20:29:40.002188,516,1.037,0.0011,"aoml_navis",1029.49555487948
"7901009",41,0,1,0.028035,1,0.005607,1,117.931487429829,1,4.85669833110976,518,1,8.83300018310547,35.0229988098145,0.0280349999666214,0,113.722297668457,-86.0904,21.9473,11.9249318305899,63,63,63,63,61,63,0,9004,1.9064526870154,22,-86,0.001869,51,2024-07-21 20:29:40.002188,518,1.037,0.0011,"aoml_navis",1029.50598516122
"7901009",41,0,1,0.029904,1,0.007476,1,118.112445671042,1,4.85661207476167,520,1,8.73200035095215,35.0130004882812,0.0299040004611015,0,113.896797180176,-86.0904,21.9473,11.9249318305899,63,63,63,63,61,63,0,9004,1.9064526870154,22,-86,0.001869,51,2024-07-21 20:29:40.002188,520,1.037,0.0011,"aoml_navis",1029.524269806
"7901009",41,0,1,0.028035,1,0.005607,1,118.267896332259,1,4.85653868826276,522,1,8.64200019836426,35.0019989013672,0.0280349999666214,0,114.046699523926,-86.0904,21.9473,11.9249318305899,63,63,63,63,61,63,0,9004,1.9064526870154,22,-86,0.001869,51,2024-07-21 20:29:40.002188,522,1.037,0.0011,"aoml_navis",1029.53982680792
"7901009",41,0,1,0.028035,1,0.005607,1,118.19437215704,1,4.85650622642581,524,1,8.64999961853027,35.0009994506836,0.0280349999666214,0,113.975799560547,-86.0904,21.9473,11.9249318305899,63,63,63,63,61,63,0,9004,1.9064526870154,22,-86,0.001869,51,2024-07-21 20:29:40.002188,524,1.037,0.0011,"aoml_navis",1029.54670845337
"7901009",41,0,1,0.029904,1,0.007476,1,118.301600516745,1,4.85644077587075,526,1,8.5930004119873,34.9949989318848,0.0299040004611015,0,114.079200744629,-86.0904,21.9473,11.9249318305899,63,63,63,63,61,63,0,9004,1.9064526870154,22,-86,0.001869,51,2024-07-21 20:29:40.002188,526,1.037,0.0011,"aoml_navis",1029.56058371854
"7901009",41,0,1,0.029904,1,0.007476,1,118.313420716656,1,4.85639066423287,528,1,8.57400035858154,34.9930000305176,0.0299040004611015,0,114.090599060059,-86.0904,21.9473,11.9249318305899,63,63,63,63,61,63,0,9004,1.9064526870154,22,-86,0.001869,51,2024-07-21 20:29:40.002188,528,1.037,0.0011,"aoml_navis",1029.57120744523
"7901009",41,0,1,0.028035,1,0.005607,1,118.304195580715,1,4.85634818586442,530,1,8.5600004196167,34.9900016784668,0.0280349999666214,0,114.081703186035,-86.0904,21.9473,11.9249318305899,63,63,63,63,61,63,0,9004,1.9064526870154,22,-86,0.001869,51,2024-07-21 20:29:40.002188,530,1.037,0.0011,"aoml_navis",1029.58021308145
"7901009",41,0,1,0.024297,1,0.001869,1,118.423552699766,1,4.85628270468322,532,1,8.4980001449585,34.9830017089844,0.0242970008403063,0,114.196800231934,-86.0904,21.9473,11.9249318305899,63,63,63,63,61,63,0,9004,1.9064526870154,22,-86,0.001869,51,2024-07-21 20:29:40.002188,532,1.037,0.0011,"aoml_navis",1029.59409574286
"7901009",41,0,1,0.031773,1,0.009345,1,118.604819500414,1,4.8562093620876,534,1,8.42099952697754,34.9749984741211,0.0317730009555817,0,114.371597290039,-86.0904,21.9473,11.9249318305899,63,63,63,63,61,63,0,9004,1.9064526870154,22,-86,0.001869,51,2024-07-21 20:29:40.002188,534,1.037,0.0011,"aoml_navis",1029.60964554679
"7901009",41,0,1,0.028035,1,0.005607,1,118.634686471408,1,4.85616127670724,536,1,8.39500045776367,34.9710006713867,0.0280349999666214,0,114.400398254395,-86.0904,21.9473,11.9249318305899,63,63,63,63,61,63,0,9004,1.9064526870154,22,-86,0.001869,51,2024-07-21 20:29:40.002188,536,1.037,0.0011,"aoml_navis",1029.61984067183
"7901009",41,0,4,0.026166,1,0.003738,1,118.957613700043,1,4.85608361371421,538,1,8.29300022125244,34.9589996337891,0.0261659994721413,0,114.711799621582,-86.0904,21.9473,11.9249318305899,63,63,63,63,61,63,0,9004,1.9064526870154,22,-86,0.001869,51,2024-07-21 20:29:40.002188,538,1.037,0.0011,"aoml_navis",1029.63630730726
"7901009",41,0,1,0.031773,1,0.009345,1,119.280540928679,1,4.85600368637302,540,1,8.19699954986572,34.9490013122559,0.0317730009555817,0,115.02320098877,-86.0904,21.9473,11.9249318305899,63,63,63,63,61,63,0,9004,1.9064526870154,22,-86,0.001869,51,2024-07-21 20:29:40.002188,540,1.037,0.0011,"aoml_navis",1029.65325459514
"7901009",41,0,1,0.031773,1,0.009345,1,119.524856707301,1,4.85594707073683,542,1,8.14999961853027,34.943000793457,0.0317730009555817,0,115.258796691895,-86.0904,21.9473,11.9249318305899,63,63,63,63,61,63,0,9004,1.9064526870154,22,-86,0.001869,51,2024-07-21 20:29:40.002188,542,1.037,0.0011,"aoml_navis",1029.6652593541
"7901009",41,0,1,0.033642,1,0.011214,1,120.058925619359,1,4.85585099267758,544,1,8.0319995880127,34.9329986572266,0.0336420014500618,0,115.773803710938,-86.0904,21.9473,11.9249318305899,63,63,63,63,61,63,0,9004,1.9064526870154,22,-86,0.001869,51,2024-07-21 20:29:40.002188,544,1.037,0.0011,"aoml_navis",1029.68563235153
"7901009",41,0,1,0.029904,1,0.007476,1,120.267772886467,1,4.85579724085599,546,1,7.9980001449585,34.9290008544922,0.0299040004611015,0,115.975196838379,-86.0904,21.9473,11.9249318305899,63,63,63,63,61,63,0,9004,1.9064526870154,22,-86,0.001869,51,2024-07-21 20:29:40.002188,546,1.037,0.0011,"aoml_navis",1029.69703057836
"7901009",41,0,1,0.033642,1,0.011214,1,120.576079144931,1,4.85574051071474,548,1,7.96000003814697,34.9249992370605,0.0336420014500618,0,116.272499084473,-86.0904,21.9473,11.9249318305899,63,63,63,63,61,63,0,9004,1.9064526870154,22,-86,0.001869,51,2024-07-21 20:29:40.002188,548,1.037,0.0011,"aoml_navis",1029.70906064007
"7901009",41,0,1,0.028035,1,0.005607,1,120.974397728958,1,4.85565185099352,550,1,7.86999988555908,34.9189987182617,0.0280349999666214,0,116.656600952148,-86.0904,21.9473,11.9249318305899,63,63,63,63,61,63,0,9004,1.9064526870154,22,-86,0.001869,51,2024-07-21 20:29:40.002188,550,1.037,0.0011,"aoml_navis",1029.72786217713
"7901009",41,0,1,0.031773,1,0.009345,1,121.110037292064,1,4.85559850816715,552,1,7.84600019454956,34.9169998168945,0.0317730009555817,0,116.787399291992,-86.0904,21.9473,11.9249318305899,63,63,63,63,61,63,0,9004,1.9064526870154,22,-86,0.001869,51,2024-07-21 20:29:40.002188,552,1.037,0.0011,"aoml_navis",1029.73917460226
"7901009",41,0,1,0.033642,1,0.011214,1,121.243603968706,1,4.85554904046357,554,1,7.83199977874756,34.9160003662109,0.0336420014500618,0,116.916198730469,-86.0904,21.9473,11.9249318305899,63,63,63,63,61,63,0,9004,1.9064526870154,22,-86,0.001869,51,2024-07-21 20:29:40.002188,554,1.037,0.0011,"aoml_navis",1029.74966545135
"7901009",41,0,1,0.029904,1,0.007476,1,121.413572746949,1,4.8554987449474,556,1,7.81199979782104,34.9140014648438,0.0299040004611015,0,117.080101013184,-86.0904,21.9473,11.9249318305899,63,63,63,63,61,63,0,9004,1.9064526870154,22,-86,0.001869,51,2024-07-21 20:29:40.002188,556,1.037,0.0011,"aoml_navis",1029.76033207772
"7901009",41,0,1,0.029904,1,0.007476,1,121.64886909592,1,4.85543945233651,558,1,7.78000020980835,34.9119987487793,0.0299040004611015,0,117.306999206543,-86.0904,21.9473,11.9249318305899,63,63,63,63,61,63,0,9004,1.9064526870154,22,-86,0.001869,51,2024-07-21 20:29:40.002188,558,1.037,0.0011,"aoml_navis",1029.7729070834
"7901009",41,0,1,0.029904,1,0.007476,1,121.908953052871,1,4.8553853741454,560,1,7.75,34.9090003967285,0.0299040004611015,0,117.557800292969,-86.0904,21.9473,11.9249318305899,63,63,63,63,61,63,0,9004,1.9064526870154,22,-86,0.001869,51,2024-07-21 20:29:40.002188,560,1.037,0.0011,"aoml_navis",1029.78437646261
"7901009",41,0,1,0.028035,1,0.005607,1,122.17318278275,1,4.85532235912956,562,1,7.70800018310547,34.9059982299805,0.0280349999666214,0,117.812599182129,-86.0904,21.9473,11.9249318305899,63,63,63,63,61,63,0,9004,1.9064526870154,22,-86,0.001869,51,2024-07-21 20:29:40.002188,562,1.037,0.0011,"aoml_navis",1029.79774156466
"7901009",41,0,1,0.031773,1,0.009345,1,122.447476297292,1,4.85526617844338,564,1,7.67999982833862,34.9039993286133,0.0317730009555817,0,118.077102661133,-86.0904,21.9473,11.9249318305899,63,63,63,63,61,63,0,9004,1.9064526870154,22,-86,0.001869,51,2024-07-21 20:29:40.002188,564,1.037,0.0011,"aoml_navis",1029.80965743942
"7901009",41,0,1,0.029904,1,0.007476,1,122.630815984404,1,4.85520853712889,566,1,7.65000009536743,34.9020004272461,0.0299040004611015,0,118.253898620605,-86.0904,21.9473,11.9249318305899,63,63,63,63,61,63,0,9004,1.9064526870154,22,-86,0.001869,51,2024-07-21 20:29:40.002188,566,1.037,0.0011,"aoml_navis",1029.8218833988
"7901009",41,0,1,0.031773,1,0.009345,1,122.814574995877,1,4.85515473731147,568,1,7.63500022888184,34.9020004272461,0.0317730009555817,0,118.431098937988,-86.0904,21.9473,11.9249318305899,63,63,63,63,61,63,0,9004,1.9064526870154,22,-86,0.001869,51,2024-07-21 20:29:40.002188,568,1.037,0.0011,"aoml_navis",1029.8332948228
"7901009",41,0,1,0.029904,1,0.007476,1,123.049459932268,1,4.85510165228486,570,1,7.61600017547607,34.9010009765625,0.0299040004611015,0,118.657600402832,-86.0904,21.9473,11.9249318305899,63,63,63,63,61,63,0,9004,1.9064526870154,22,-86,0.001869,51,2024-07-21 20:29:40.002188,570,1.037,0.0011,"aoml_navis",1029.84455488114
"7901009",41,0,1,0.029904,1,0.007476,1,123.233946827537,1,4.85504709232384,572,1,7.59499979019165,34.9000015258789,0.0299040004611015,0,118.835502624512,-86.0904,21.9473,11.9249318305899,63,63,63,63,61,63,0,9004,1.9064526870154,22,-86,0.001869,51,2024-07-21 20:29:40.002188,572,1.037,0.0011,"aoml_navis",1029.85612804978
"7901009",41,0,1,0.029904,1,0.007476,1,123.529697090513,1,4.85499550726594,574,1,7.57299995422363,34.8979988098145,0.0299040004611015,0,119.120697021484,-86.0904,21.9473,11.9249318305899,63,63,63,63,61,63,0,9004,1.9064526870154,22,-86,0.001869,51,2024-07-21 20:29:40.002188,574,1.037,0.0011,"aoml_navis",1029.86707042613
"7901009",41,0,1,0.026166,1,0.003738,1,123.827116739152,1,4.85493055688816,576,1,7.52799987792969,34.8950004577637,0.0261659994721413,0,119.407501220703,-86.0904,21.9473,11.9249318305899,63,63,63,63,61,63,0,9004,1.9064526870154,22,-86,0.001869,51,2024-07-21 20:29:40.002188,576,1.037,0.0011,"aoml_navis",1029.8808482247
"7901009",41,0,1,0.028035,1,0.005607,1,124.06614744847,1,4.85486496922084,578,1,7.48199987411499,34.8919982910156,0.0280349999666214,0,119.638000488281,-86.0904,21.9473,11.9249318305899,63,63,63,63,61,63,0,9004,1.9064526870154,22,-86,0.001869,51,2024-07-21 20:29:40.002188,578,1.037,0.0011,"aoml_navis",1029.89476158437
"7901009",41,0,1,0.031773,1,0.009345,1,124.200853421489,1,4.85480830451677,580,1,7.44799995422363,34.8889999389648,0.0317730009555817,0,119.76789855957,-86.0904,21.9473,11.9249318305899,63,63,63,63,61,63,0,9004,1.9064526870154,22,-86,0.001869,51,2024-07-21 20:29:40.002188,580,1.037,0.0011,"aoml_navis",1029.90678238483
"7901009",41,0,1,0.033642,1,0.011214,1,124.347071034984,1,4.85476198599866,582,1,7.44299983978271,34.8889999389648,0.0336420014500618,0,119.908897399902,-86.0904,21.9473,11.9249318305899,63,63,63,63,61,63,0,9004,1.9064526870154,22,-86,0.001869,51,2024-07-21 20:29:40.002188,582,1.037,0.0011,"aoml_navis",1029.91660856294
"7901009",41,0,1,0.031773,1,0.009345,1,124.456269428007,1,4.8547193591916,584,1,7.43300008773804,34.8870010375977,0.0317730009555817,0,120.014198303223,-86.0904,21.9473,11.9249318305899,63,63,63,63,61,63,0,9004,1.9064526870154,22,-86,0.001869,51,2024-07-21 20:29:40.002188,584,1.037,0.0011,"aoml_navis",1029.92565173378
"7901009",41,0,1,0.029904,1,0.007476,1,124.63982273319,1,4.85465981935176,586,1,7.40000009536743,34.8849983215332,0.0299040004611015,0,120.191200256348,-86.0904,21.9473,11.9249318305899,63,63,63,63,61,63,0,9004,1.9064526870154,22,-86,0.001869,51,2024-07-21 20:29:40.002188,586,1.037,0.0011,"aoml_navis",1029.93828322818
"7901009",41,0,1,0.028035,1,0.005607,1,124.785526080959,1,4.85460984397706,588,1,7.38500022888184,34.8839988708496,0.0280349999666214,0,120.331703186035,-86.0904,21.9473,11.9249318305899,63,63,63,63,61,63,0,9004,1.9064526870154,22,-86,0.001869,51,2024-07-21 20:29:40.002188,588,1.037,0.0011,"aoml_navis",1029.94888584163
"7901009",41,0,1,0.031773,1,0.009345,1,125.00982505518,1,4.85455987637299,590,1,7.36999988555908,34.882999420166,0.0317730009555817,0,120.547996520996,-86.0904,21.9473,11.9249318305899,63,63,63,63,61,63,0,9004,1.9064526870154,22,-86,0.001869,51,2024-07-21 20:29:40.002188,590,1.037,0.0011,"aoml_navis",1029.95948702474
"7901009",41,0,1,0.028035,1,0.005607,1,125.201052787347,1,4.85451358719461,592,1,7.3600001335144,34.8819999694824,0.0280349999666214,0,120.732398986816,-86.0904,21.9473,11.9249318305899,63,63,63,63,61,63,0,9004,1.9064526870154,22,-86,0.001869,51,2024-07-21 20:29:40.002188,592,1.037,0.0011,"aoml_navis",1029.96930798364
"7901009",41,0,1,0.031773,1,0.009345,1,125.545547529341,1,4.85445998829468,594,1,7.33500003814697,34.8800010681152,0.0317730009555817,0,121.064598083496,-86.0904,21.9473,11.9249318305899,63,63,63,63,61,63,0,9004,1.9064526870154,22,-86,0.001869,51,2024-07-21 20:29:40.002188,594,1.037,0.0011,"aoml_navis",1029.98068004603
"7901009",41,0,1,0.031773,1,0.009345,1,125.872937002119,1,4.85439687179388,596,1,7.30200004577637,34.8790016174316,0.0317730009555817,0,121.380302429199,-86.0904,21.9473,11.9249318305899,63,63,63,63,61,63,0,9004,1.9064526870154,22,-86,0.001869,51,2024-07-21 20:29:40.002188,596,1.037,0.0011,"aoml_navis",1029.9940717769
"7901009",41,0,1,0.029904,1,0.007476,1,126.104601843889,1,4.85433312240634,598,1,7.26300001144409,34.8769989013672,0.0299040004611015,0,121.603698730469,-86.0904,21.9473,11.9249318305899,63,63,63,63,61,63,0,9004,1.9064526870154,22,-86,0.001869,51,2024-07-21 20:29:40.002188,598,1.037,0.0011,"aoml_navis",1030.00759814387
"7901009",41,0,1,0.029904,1,0.007476,1,126.244395091702,1,4.85427957664005,600,1,7.24300003051758,34.8759994506836,0.0299040004611015,0,121.738502502441,-86.0904,21.9473,11.9249318305899,63,63,63,63,61,63,0,9004,1.9064526870154,22,-86,0.001869,51,2024-07-21 20:29:40.002188,600,1.037,0.0011,"aoml_navis",1030.01895977751
"7901009",41,0,1,0.031773,1,0.009345,1,126.356386343205,1,4.854234104437,602,1,7.22900009155273,34.8740005493164,0.0317730009555817,0,121.846496582031,-86.0904,21.9473,11.9249318305899,63,63,63,63,61,63,0,9004,1.9064526870154,22,-86,0.001869,51,2024-07-21 20:29:40.002188,602,1.037,0.0011,"aoml_navis",1030.02860851514
"7901009",41,0,1,0.031773,1,0.009345,1,126.613360970461,1,4.85417298397467,604.099975585938,1,7.1710000038147,34.867000579834,0.0317730009555817,0,122.094299316406,-86.0904,21.9473,11.9249318305899,63,63,63,63,61,63,0,9004,1.9064526870154,22,-86,0.001869,51,2024-07-21 20:29:40.002188,604.099975585938,1.037,0.0011,"aoml_navis",1030.04157793856
"7901009",41,0,1,0.029904,1,0.007476,1,127.061144005522,1,4.85410258816752,606.099975585938,1,7.09700012207031,34.8600006103516,0.0299040004611015,0,122.526100158691,-86.0904,21.9473,11.9249318305899,63,63,63,63,61,63,0,9004,1.9064526870154,22,-86,0.001869,51,2024-07-21 20:29:40.002188,606.099975585938,1.037,0.0011,"aoml_navis",1030.05651594347
"7901009",41,0,1,0.029904,1,0.007476,1,127.448465214799,1,4.8540365466573,608,1,7.03599977493286,34.8549995422363,0.0299040004611015,0,122.899597167969,-86.0904,21.9473,11.9249318305899,63,63,63,63,61,63,0,9004,1.9064526870154,22,-86,0.001869,51,2024-07-21 20:29:40.002188,608,1.037,0.0011,"aoml_navis",1030.07053035957
"7901009",41,0,1,0.026166,1,0.003738,1,127.511308486483,1,4.85398174388122,610,1,7.01399993896484,34.8540000915527,0.0261659994721413,0,122.96019744873,-86.0904,21.9473,11.9249318305899,63,63,63,63,61,63,0,9004,1.9064526870154,22,-86,0.001869,51,2024-07-21 20:29:40.002188,610,1.037,0.0011,"aoml_navis",1030.08216013644
"7901009",41,0,1,0.026166,1,0.003738,1,127.579128268036,1,4.85393475486339,612,1,7.00799989700317,34.8540000915527,0.0261659994721413,0,123.025596618652,-86.0904,21.9473,11.9249318305899,63,63,63,63,61,63,0,9004,1.9064526870154,22,-86,0.001869,51,2024-07-21 20:29:40.002188,612,1.037,0.0011,"aoml_navis",1030.09213195341
"7901009",41,0,1,0.029904,1,0.007476,1,127.665722704468,1,4.85389361277664,614,1,7.00500011444092,34.8530006408691,0.0299040004611015,0,123.109100341797,-86.0904,21.9473,11.9249318305899,63,63,63,63,61,63,0,9004,1.9064526870154,22,-86,0.001869,51,2024-07-21 20:29:40.002188,614,1.037,0.0011,"aoml_navis",1030.10086311714
"7901009",41,0,1,0.029904,1,0.007476,1,127.779169723563,1,4.85384662750769,616,1,6.99900007247925,34.8530006408691,0.0299040004611015,0,123.21849822998,-86.0904,21.9473,11.9249318305899,63,63,63,63,61,63,0,9004,1.9064526870154,22,-86,0.001869,51,2024-07-21 20:29:40.002188,616,1.037,0.0011,"aoml_navis",1030.11083450063
"7901009",41,0,1,0.029904,1,0.007476,1,127.939391188359,1,4.85379964431324,618,1,6.99300003051758,34.8530006408691,0.0299040004611015,0,123.373001098633,-86.0904,21.9473,11.9249318305899,63,63,63,63,61,63,0,9004,1.9064526870154,22,-86,0.001869,51,2024-07-21 20:29:40.002188,618,1.037,0.0011,"aoml_navis",1030.12080563689
"7901009",41,0,1,0.028035,1,0.005607,1,128.121077313368,1,4.8537570709125,620,1,6.98799991607666,34.8520011901855,0.0280349999666214,0,123.548202514648,-86.0904,21.9473,11.9249318305899,63,63,63,63,61,63,0,9004,1.9064526870154,22,-86,0.001869,51,2024-07-21 20:29:40.002188,620,1.037,0.0011,"aoml_navis",1030.12984105939
"7901009",41,0,1,0.031773,1,0.009345,1,128.342891988545,1,4.85370722075604,622,1,6.97800016403198,34.8520011901855,0.0317730009555817,0,123.762100219727,-86.0904,21.9473,11.9249318305899,63,63,63,63,61,63,0,9004,1.9064526870154,22,-86,0.001869,51,2024-07-21 20:29:40.002188,622,1.037,0.0011,"aoml_navis",1030.14042104113
"7901009",41,0,1,0.026166,1,0.003738,1,128.59965299773,1,4.85365081533509,624,1,6.96400022506714,34.8530006408691,0.0261659994721413,0,124.009696960449,-86.0904,21.9473,11.9249318305899,63,63,63,63,61,63,0,9004,1.9064526870154,22,-86,0.001869,51,2024-07-21 20:29:40.002188,624,1.037,0.0011,"aoml_navis",1030.15239254594
"7901009",41,0,1,0.029904,1,0.007476,1,128.886803155415,1,4.85359954003786,626,1,6.9520001411438,34.8530006408691,0.0299040004611015,0,124.286598205566,-86.0904,21.9473,11.9249318305899,63,63,63,63,61,63,0,9004,1.9064526870154,22,-86,0.001869,51,2024-07-21 20:29:40.002188,626,1.037,0.0011,"aoml_navis",1030.16327547307
"7901009",41,0,1,0.029904,1,0.007476,1,129.250483964869,1,4.85354981061411,628,1,6.93699979782104,34.8520011901855,0.0299040004611015,0,124.637298583984,-86.0904,21.9473,11.9249318305899,63,63,63,63,61,63,0,9004,1.9064526870154,22,-86,0.001869,51,2024-07-21 20:29:40.002188,628,1.037,0.0011,"aoml_navis",1030.17383051589
"7901009",41,0,1,0.029904,1,0.007476,1,129.652117584882,1,4.85349783115081,630,1,6.92399978637695,34.8520011901855,0.0299040004611015,0,125.024597167969,-86.0904,21.9473,11.9249318305899,63,63,63,63,61,63,0,9004,1.9064526870154,22,-86,0.001869,51,2024-07-21 20:29:40.002188,630,1.037,0.0011,"aoml_navis",1030.18486335956
"7901009",41,0,1,0.028035,1,0.005607,1,130.039027381578,1,4.85342656287889,632,1,6.88399982452393,34.8520011901855,0.0280349999666214,0,125.39769744873,-86.0904,21.9473,11.9249318305899,63,63,63,63,61,63,0,9004,1.9064526870154,22,-86,0.001869,51,2024-07-21 20:29:40.002188,632,1.037,0.0011,"aoml_navis",1030.19999071216
"7901009",41,0,1,0.029904,1,0.007476,1,130.313945926771,1,4.85337116570056,634,1,6.86100006103516,34.851001739502,0.0299040004611015,0,125.662803649902,-86.0904,21.9473,11.9249318305899,63,63,63,63,61,63,0,9004,1.9064526870154,22,-86,0.001869,51,2024-07-21 20:29:40.002188,634,1.037,0.0011,"aoml_navis",1030.21174958464
"7901009",41,0,1,0.029904,1,0.007476,1,130.498322057115,1,4.8533099625973,636,1,6.83500003814697,34.851001739502,0.0299040004611015,0,125.840599060059,-86.0904,21.9473,11.9249318305899,63,63,63,63,61,63,0,9004,1.9064526870154,22,-86,0.001869,51,2024-07-21 20:29:40.002188,636,1.037,0.0011,"aoml_navis",1030.22474116287
"7901009",41,0,1,0.031773,1,0.009345,1,130.591863036735,1,4.85326315734866,638,1,6.82399988174438,34.8499984741211,0.0317730009555817,0,125.930801391602,-86.0904,21.9473,11.9249318305899,63,63,63,63,61,63,0,9004,1.9064526870154,22,-86,0.001869,51,2024-07-21 20:29:40.002188,638,1.037,0.0011,"aoml_navis",1030.23467673068
"7901009",41,0,1,0.028035,1,0.005607,1,130.709978006264,1,4.85321620862626,640,1,6.81799983978271,34.8499984741211,0.0280349999666214,0,126.044700622559,-86.0904,21.9473,11.9249318305899,63,63,63,63,61,63,0,9004,1.9064526870154,22,-86,0.001869,51,2024-07-21 20:29:40.002188,640,1.037,0.0011,"aoml_navis",1030.24464294684
"7901009",41,0,1,0.028035,1,0.005607,1,130.798534564234,1,4.85316783957901,642,1,6.80999994277954,34.8499984741211,0.0280349999666214,0,126.130096435547,-86.0904,21.9473,11.9249318305899,63,63,63,63,61,63,0,9004,1.9064526870154,22,-86,0.001869,51,2024-07-21 20:29:40.002188,642,1.037,0.0011,"aoml_navis",1030.25491086946
"7901009",41,0,1,0.029904,1,0.007476,1,130.850491226093,1,4.85312160626189,644,1,6.80499982833862,34.8499984741211,0.0299040004611015,0,126.180198669434,-86.0904,21.9473,11.9249318305899,63,63,63,63,61,63,0,9004,1.9064526870154,22,-86,0.001869,51,2024-07-21 20:29:40.002188,644,1.037,0.0011,"aoml_navis",1030.26472560436
"7901009",41,0,1,0.028035,1,0.005607,1,130.980845719895,1,4.85307977618628,646,1,6.80100011825562,34.8489990234375,0.0280349999666214,0,126.30590057373,-86.0904,21.9473,11.9249318305899,63,63,63,63,61,63,0,9004,1.9064526870154,22,-86,0.001869,51,2024-07-21 20:29:40.002188,646,1.037,0.0011,"aoml_navis",1030.27360574921
"7901009",41,0,1,0.031773,1,0.009345,1,131.157863894471,1,4.85303354651656,648,1,6.7960000038147,34.8489990234375,0.0317730009555817,0,126.476600646973,-86.0904,21.9473,11.9249318305899,63,63,63,63,61,63,0,9004,1.9064526870154,22,-86,0.001869,51,2024-07-21 20:29:40.002188,648,1.037,0.0011,"aoml_navis",1030.28342006598
"7901009",41,0,1,0.031773,1,0.009345,1,131.345768678871,1,4.85298447534822,650,1,6.78700017929077,34.8489990234375,0.0317730009555817,0,126.65779876709,-86.0904,21.9473,11.9249318305899,63,63,63,63,61,63,0,9004,1.9064526870154,22,-86,0.001869,51,2024-07-21 20:29:40.002188,650,1.037,0.0011,"aoml_navis",1030.2938378226
"7901009",41,0,1,0.029904,1,0.007476,1,131.569869858582,1,4.85293625527744,652,1,6.77400016784668,34.8479995727539,0.0299040004611015,0,126.873901367188,-86.0904,21.9473,11.9249318305899,63,63,63,63,61,63,0,9004,1.9064526870154,22,-86,0.001869,51,2024-07-21 20:29:40.002188,652,1.037,0.0011,"aoml_navis",1030.30407509735
"7901009",41,0,1,0.029904,1,0.007476,1,131.841774015445,1,4.8528829315097,654,1,6.75899982452393,34.8479995727539,0.0299040004611015,0,127.136100769043,-86.0904,21.9473,11.9249318305899,63,63,63,63,61,63,0,9004,1.9064526870154,22,-86,0.001869,51,2024-07-21 20:29:40.002188,654,1.037,0.0011,"aoml_navis",1030.31539614011
"7901009",41,0,1,0.029904,1,0.007476,1,132.225985895026,1,4.85282181764625,656,1,6.73299980163574,34.8479995727539,0.0299040004611015,0,127.50659942627,-86.0904,21.9473,11.9249318305899,63,63,63,63,61,63,0,9004,1.9064526870154,22,-86,0.001869,51,2024-07-21 20:29:40.002188,656,1.037,0.0011,"aoml_navis",1030.32837138561
"7901009",41,0,1,0.031773,1,0.009345,1,132.354678914944,1,4.85276553455065,658,1,6.7189998626709,34.8489990234375,0.0317730009555817,0,127.630699157715,-86.0904,21.9473,11.9249318305899,63,63,63,63,61,63,0,9004,1.9064526870154,22,-86,0.001869,51,2024-07-21 20:29:40.002188,658,1.037,0.0011,"aoml_navis",1030.34032128712
"7901009",41,0,1,0.029904,1,0.007476,1,132.469162377271,1,4.85272215227933,660,1,6.71799993515015,34.8489990234375,0.0299040004611015,0,127.741096496582,-86.0904,21.9473,11.9249318305899,63,63,63,63,61,63,0,9004,1.9064526870154,22,-86,0.001869,51,2024-07-21 20:29:40.002188,660,1.037,0.0011,"aoml_navis",1030.34953230353
"7901009",41,0,1,0.033642,1,0.011214,1,132.600972638666,1,4.85267579091871,662,1,6.71799993515015,34.8499984741211,0.0336420014500618,0,127.868202209473,-86.0904,21.9473,11.9249318305899,63,63,63,63,61,63,0,9004,1.9064526870154,22,-86,0.001869,51,2024-07-21 20:29:40.002188,662,1.037,0.0011,"aoml_navis",1030.35937602858
"7901009",41,0,1,0.028035,1,0.005607,1,132.730907808106,1,4.85262658404197,664,1,6.71400022506714,34.851001739502,0.0280349999666214,0,127.993499755859,-86.0904,21.9473,11.9249318305899,63,63,63,63,61,63,0,9004,1.9064526870154,22,-86,0.001869,51,2024-07-21 20:29:40.002188,664,1.037,0.0011,"aoml_navis",1030.36982413662
"7901009",41,0,1,0.029904,1,0.007476,1,132.838239020955,1,4.8525839170129,666,1,6.71400022506714,34.851001739502,0.0299040004611015,0,128.09700012207,-86.0904,21.9473,11.9249318305899,63,63,63,63,61,63,0,9004,1.9064526870154,22,-86,0.001869,51,2024-07-21 20:29:40.002188,666,1.037,0.0011,"aoml_navis",1030.37888380874
"7901009",41,0,1,0.029904,1,0.007476,1,133.017535788285,1,4.85253600061267,668,1,6.71700000762939,34.8530006408691,0.0299040004611015,0,128.269897460938,-86.0904,21.9473,11.9249318305899,63,63,63,63,61,63,0,9004,1.9064526870154,22,-86,0.001869,51,2024-07-21 20:29:40.002188,668,1.037,0.0011,"aoml_navis",1030.38905829214
"7901009",41,0,1,0.031773,1,0.009345,1,133.311632489158,1,4.85248766714038,670,1,6.70900011062622,34.8530006408691,0.0317730009555817,0,128.553497314453,-86.0904,21.9473,11.9249318305899,63,63,63,63,61,63,0,9004,1.9064526870154,22,-86,0.001869,51,2024-07-21 20:29:40.002188,670,1.037,0.0011,"aoml_navis",1030.39932153945
"7901009",41,0,1,0.028035,1,0.005607,1,133.630413944866,1,4.8524303947907,672,1,6.7039999961853,34.8559989929199,0.0280349999666214,0,128.860900878906,-86.0904,21.9473,11.9249318305899,63,63,63,63,61,63,0,9004,1.9064526870154,22,-86,0.001869,51,2024-07-21 20:29:40.002188,672,1.037,0.0011,"aoml_navis",1030.41148315445
"7901009",41,0,1,0.031773,1,0.009345,1,133.939859499707,1,4.85237452870903,674,1,6.70100021362305,34.859001159668,0.0317730009555817,0,129.159301757812,-86.0904,21.9473,11.9249318305899,63,63,63,63,61,63,0,9004,1.9064526870154,22,-86,0.001869,51,2024-07-21 20:29:40.002188,674,1.037,0.0011,"aoml_navis",1030.42334642917
"7901009",41,0,1,0.029904,1,0.007476,1,134.154316219115,1,4.85232009680725,676,1,6.69999980926514,34.8619995117188,0.0299040004611015,0,129.366104125977,-86.0904,21.9473,11.9249318305899,63,63,63,63,61,63,0,9004,1.9064526870154,22,-86,0.001869,51,2024-07-21 20:29:40.002188,676,1.037,0.0011,"aoml_navis",1030.43490541564
"7901009",41,0,1,0.029904,1,0.007476,1,134.456910172133,1,4.85226297609901,678,1,6.69000005722046,34.8639984130859,0.0299040004611015,0,129.657897949219,-86.0904,21.9473,11.9249318305899,63,63,63,63,61,63,0,9004,1.9064526870154,22,-86,0.001869,51,2024-07-21 20:29:40.002188,678,1.037,0.0011,"aoml_navis",1030.44703566742
"7901009",41,0,1,0.029904,1,0.007476,1,134.734107310081,1,4.85221095099939,680,1,6.68200016021729,34.8650016784668,0.0299040004611015,0,129.925201416016,-86.0904,21.9473,11.9249318305899,63,63,63,63,61,63,0,9004,1.9064526870154,22,-86,0.001869,51,2024-07-21 20:29:40.002188,680,1.037,0.0011,"aoml_navis",1030.45808405551
"7901009",41,0,1,0.026166,1,0.003738,1,135.229179056568,1,4.85215256909298,682,1,6.66499996185303,34.8660011291504,0.0261659994721413,0,130.402603149414,-86.0904,21.9473,11.9249318305899,63,63,63,63,61,63,0,9004,1.9064526870154,22,-86,0.001869,51,2024-07-21 20:29:40.002188,682,1.037,0.0011,"aoml_navis",1030.4704826985
"7901009",41,0,1,0.031773,1,0.009345,1,135.603026503831,1,4.85209859408189,684,1,6.64900016784668,34.8660011291504,0.0317730009555817,0,130.763107299805,-86.0904,21.9473,11.9249318305899,63,63,63,63,61,63,0,9004,1.9064526870154,22,-86,0.001869,51,2024-07-21 20:29:40.002188,684,1.037,0.0011,"aoml_navis",1030.48194570871
"7901009",41,0,1,0.028035,1,0.005607,1,136.026955520999,1,4.85203756333931,686,1,6.6230001449585,34.8660011291504,0.0280349999666214,0,131.171905517578,-86.0904,21.9473,11.9249318305899,63,63,63,63,61,63,0,9004,1.9064526870154,22,-86,0.001869,51,2024-07-21 20:29:40.002188,686,1.037,0.0011,"aoml_navis",1030.49490749591
"7901009",41,0,1,0.029904,1,0.007476,1,136.350499868505,1,4.85197357485077,688,1,6.59800004959106,34.867000579834,0.0299040004611015,0,131.483901977539,-86.0904,21.9473,11.9249318305899,63,63,63,63,61,63,0,9004,1.9064526870154,22,-86,0.001869,51,2024-07-21 20:29:40.002188,688,1.037,0.0011,"aoml_navis",1030.50849780314
"7901009",41,0,1,0.029904,1,0.007476,1,136.573865252639,1,4.85192332776844,690,1,6.58199977874756,34.8660011291504,0.0299040004611015,0,131.699295043945,-86.0904,21.9473,11.9249318305899,63,63,63,63,61,63,0,9004,1.9064526870154,22,-86,0.001869,51,2024-07-21 20:29:40.002188,690,1.037,0.0011,"aoml_navis",1030.51916986901
"7901009",41,0,1,0.033642,1,0.011214,1,136.814668200766,1,4.85187573858312,692,1,6.57499980926514,34.8660011291504,0.0336420014500618,0,131.931503295898,-86.0904,21.9473,11.9249318305899,63,63,63,63,61,63,0,9004,1.9064526870154,22,-86,0.001869,51,2024-07-21 20:29:40.002188,692,1.037,0.0011,"aoml_navis",1030.52927762328
"7901009",41,0,1,0.029904,1,0.007476,1,137.130743827578,1,4.85182533531478,694,1,6.56400012969971,34.8660011291504,0.0299040004611015,0,132.236297607422,-86.0904,21.9473,11.9249318305899,63,63,63,63,61,63,0,9004,1.9064526870154,22,-86,0.001869,51,2024-07-21 20:29:40.002188,694,1.037,0.0011,"aoml_navis",1030.53998329386
"7901009",41,0,1,0.028035,1,0.005607,1,137.432625720361,1,4.85175718294048,696,1,6.53299999237061,34.867000579834,0.0280349999666214,0,132.527404785156,-86.0904,21.9473,11.9249318305899,63,63,63,63,61,63,0,9004,1.9064526870154,22,-86,0.001869,51,2024-07-21 20:29:40.002188,696,1.037,0.0011,"aoml_navis",1030.55445923402
"7901009",41,0,1,0.028035,1,0.005607,1,137.546998417762,1,4.85170960516447,698,1,6.52600002288818,34.867000579834,0.0280349999666214,0,132.6376953125,-86.0904,21.9473,11.9249318305899,63,63,63,63,61,63,0,9004,1.9064526870154,22,-86,0.001869,51,2024-07-21 20:29:40.002188,698,1.037,0.0011,"aoml_navis",1030.5645652571
"7901009",41,0,1,0.029904,1,0.007476,1,137.659408993626,1,4.8516613273837,700,1,6.51800012588501,34.867000579834,0.0299040004611015,0,132.74609375,-86.0904,21.9473,11.9249318305899,63,63,63,63,61,63,0,9004,1.9064526870154,22,-86,0.001869,51,2024-07-21 20:29:40.002188,700,1.037,0.0011,"aoml_navis",1030.5748201712
"7901009",41,0,1,0.029904,1,0.007476,1,137.659108345971,1,4.85161586099997,702,1,6.51399993896484,34.867000579834,0.0299040004611015,0,132.745803833008,-86.0904,21.9473,11.9249318305899,63,63,63,63,61,63,0,9004,1.9064526870154,22,-86,0.001869,51,2024-07-21 20:29:40.002188,702,1.037,0.0011,"aoml_navis",1030.58447808963
"7901009",41,0,1,0.028035,1,0.005607,1,137.735536144595,1,4.85157039676282,704,1,6.51000022888184,34.867000579834,0.0280349999666214,0,132.81950378418,-86.0904,21.9473,11.9249318305899,63,63,63,63,61,63,0,9004,1.9064526870154,22,-86,0.001869,51,2024-07-21 20:29:40.002188,704,1.037,0.0011,"aoml_navis",1030.59413573309
"7901009",41,0,1,0.029904,1,0.007476,1,137.709189915877,1,4.85152704102268,706,1,6.50899982452393,34.867000579834,0.0299040004611015,0,132.794097900391,-86.0904,21.9473,11.9249318305899,63,63,63,63,61,63,0,9004,1.9064526870154,22,-86,0.001869,51,2024-07-21 20:29:40.002188,706,1.037,0.0011,"aoml_navis",1030.60334565218
"7901009",41,0,1,0.024297,1,0.001869,1,137.693318884403,1,4.85148509338029,708,1,6.51000022888184,34.867000579834,0.0242970008403063,0,132.778793334961,-86.0904,21.9473,11.9249318305899,63,63,63,63,61,63,0,9004,1.9064526870154,22,-86,0.001869,51,2024-07-21 20:29:40.002188,708,1.037,0.0011,"aoml_navis",1030.61225661032
"7901009",41,0,1,0.028035,1,0.005607,1,137.747767757086,1,4.85144103957791,710,1,6.50799989700317,34.867000579834,0.0280349999666214,0,132.831298828125,-86.0904,21.9473,11.9249318305899,63,63,63,63,61,63,0,9004,1.9064526870154,22,-86,0.001869,51,2024-07-21 20:29:40.002188,710,1.037,0.0011,"aoml_navis",1030.62161514695
"7901009",41,0,1,0.028035,1,0.005607,1,137.737814737349,1,4.85139769095608,712,1,6.50699996948242,34.867000579834,0.0280349999666214,0,132.821701049805,-86.0904,21.9473,11.9249318305899,63,63,63,63,61,63,0,9004,1.9064526870154,22,-86,0.001869,51,2024-07-21 20:29:40.002188,712,1.037,0.0011,"aoml_navis",1030.63082404498
"7901009",41,0,1,0.029904,1,0.007476,1,137.71645293028,1,4.85135575071299,714,1,6.50799989700317,34.867000579834,0.0299040004611015,0,132.80110168457,-86.0904,21.9473,11.9249318305899,63,63,63,63,61,63,0,9004,1.9064526870154,22,-86,0.001869,51,2024-07-21 20:29:40.002188,714,1.037,0.0011,"aoml_navis",1030.63973390637
"7901009",41,0,1,0.029904,1,0.007476,1,137.716041517699,1,4.85131240680177,716,1,6.50699996948242,34.867000579834,0.0299040004611015,0,132.800704956055,-86.0904,21.9473,11.9249318305899,63,63,63,63,61,63,0,9004,1.9064526870154,22,-86,0.001869,51,2024-07-21 20:29:40.002188,716,1.037,0.0011,"aoml_navis",1030.64894212745
"7901009",41,0,1,0.031773,1,0.009345,1,137.766534500185,1,4.85126976854494,718,1,6.50699996948242,34.867000579834,0.0317730009555817,0,132.849395751953,-86.0904,21.9473,11.9249318305899,63,63,63,63,61,63,0,9004,1.9064526870154,22,-86,0.001869,51,2024-07-21 20:29:40.002188,718,1.037,0.0011,"aoml_navis",1030.65800059593
"7901009",41,0,1,0.026166,1,0.003738,1,137.708873444661,1,4.85122429799383,720.099975585938,1,6.50600004196167,34.867000579834,0.0261659994721413,0,132.793792724609,-86.0904,21.9473,11.9249318305899,63,63,63,63,61,63,0,9004,1.9064526870154,22,-86,0.001869,51,2024-07-21 20:29:40.002188,720.099975585938,1.037,0.0011,"aoml_navis",1030.66766095884
"7901009",41,0,1,0.029904,1,0.007476,1,137.742276981492,1,4.85118449967082,722,1,6.50699996948242,34.867000579834,0.0299040004611015,0,132.82600402832,-86.0904,21.9473,11.9249318305899,63,63,63,63,61,63,0,9004,1.9064526870154,22,-86,0.001869,51,2024-07-21 20:29:40.002188,722,1.037,0.0011,"aoml_navis",1030.67611638751
"7901009",41,0,1,0.028035,1,0.005607,1,137.836854404343,1,4.8511404610699,724,1,6.50500011444092,34.867000579834,0.0280349999666214,0,132.917205810547,-86.0904,21.9473,11.9249318305899,63,63,63,63,61,63,0,9004,1.9064526870154,22,-86,0.001869,51,2024-07-21 20:29:40.002188,724,1.037,0.0011,"aoml_navis",1030.6854728542
"7901009",41,0,1,0.031773,1,0.009345,1,137.915972208301,1,4.85109712850615,726,1,6.50400018692017,34.867000579834,0.0317730009555817,0,132.993499755859,-86.0904,21.9473,11.9249318305899,63,63,63,63,61,63,0,9004,1.9064526870154,22,-86,0.001869,51,2024-07-21 20:29:40.002188,726,1.037,0.0011,"aoml_navis",1030.69467948165
"7901009",41,0,1,0.029904,1,0.007476,1,138.095791153137,1,4.85105607695819,728,1,6.50099992752075,34.8660011291504,0.0299040004611015,0,133.166900634766,-86.0904,21.9473,11.9249318305899,63,63,63,63,61,63,0,9004,1.9064526870154,22,-86,0.001869,51,2024-07-21 20:29:40.002188,728,1.037,0.0011,"aoml_navis",1030.70340162615
"7901009",41,0,1,0.026166,1,0.003738,1,138.341768405643,1,4.85100061274512,730,1,6.48799991607666,34.867000579834,0.0261659994721413,0,133.404098510742,-86.0904,21.9473,11.9249318305899,63,63,63,63,61,63,0,9004,1.9064526870154,22,-86,0.001869,51,2024-07-21 20:29:40.002188,730,1.037,0.0011,"aoml_navis",1030.71518623671
"7901009",41,0,1,0.026166,1,0.003738,1,138.654220437034,1,4.85095604646928,732,1,6.48000001907349,34.8660011291504,0.0261659994721413,0,133.70539855957,-86.0904,21.9473,11.9249318305899,63,63,63,63,61,63,0,9004,1.9064526870154,22,-86,0.001869,51,2024-07-21 20:29:40.002188,732,1.037,0.0011,"aoml_navis",1030.72465553243
"7901009",41,0,1,0.028035,1,0.005607,1,139.121395245846,1,4.85089286124708,734,1,6.45599985122681,34.867000579834,0.0280349999666214,0,134.155899047852,-86.0904,21.9473,11.9249318305899,63,63,63,63,61,63,0,9004,1.9064526870154,22,-86,0.001869,51,2024-07-21 20:29:40.002188,734,1.037,0.0011,"aoml_navis",1030.73808121884
"7901009",41,0,1,0.029904,1,0.007476,1,139.402627391795,1,4.85083829757742,736,1,6.43900012969971,34.867000579834,0.0299040004611015,0,134.427093505859,-86.0904,21.9473,11.9249318305899,63,63,63,63,61,63,0,9004,1.9064526870154,22,-86,0.001869,51,2024-07-21 20:29:40.002188,736,1.037,0.0011,"aoml_navis",1030.74967526687
"7901009",41,0,1,0.031773,1,0.009345,1,139.610343274306,1,4.85078145878702,738,1,6.42399978637695,34.8680000305176,0.0317730009555817,0,134.627395629883,-86.0904,21.9473,11.9249318305899,63,63,63,63,61,63,0,9004,1.9064526870154,22,-86,0.001869,51,2024-07-21 20:29:40.002188,738,1.037,0.0011,"aoml_navis",1030.7617530249
"7901009",41,0,1,0.028035,1,0.005607,1,139.683669655015,1,4.85073462492605,740,1,6.41800022125244,34.8680000305176,0.0280349999666214,0,134.698104858398,-86.0904,21.9473,11.9249318305899,63,63,63,63,61,63,0,9004,1.9064526870154,22,-86,0.001869,51,2024-07-21 20:29:40.002188,740,1.037,0.0011,"aoml_navis",1030.77170503349
"7901009",41,0,1,0.031773,1,0.009345,1,139.790162219142,1,4.85068989612282,742,1,6.41499996185303,34.8680000305176,0.0317730009555817,0,134.800796508789,-86.0904,21.9473,11.9249318305899,63,63,63,63,61,63,0,9004,1.9064526870154,22,-86,0.001869,51,2024-07-21 20:29:40.002188,742,1.037,0.0011,"aoml_navis",1030.78120990511
"7901009",41,0,1,0.029904,1,0.007476,1,140.050554735529,1,4.85064745413427,744,1,6.40999984741211,34.867000579834,0.0299040004611015,0,135.051895141602,-86.0904,21.9473,11.9249318305899,63,63,63,63,61,63,0,9004,1.9064526870154,22,-86,0.001869,51,2024-07-21 20:29:40.002188,744,1.037,0.0011,"aoml_navis",1030.79022899065
"7901009",41,0,1,0.029904,1,0.007476,1,140.393498768566,1,4.85060202801403,746,1,6.4060001373291,34.867000579834,0.0299040004611015,0,135.382598876953,-86.0904,21.9473,11.9249318305899,63,63,63,63,61,63,0,9004,1.9064526870154,22,-86,0.001869,51,2024-07-21 20:29:40.002188,746,1.037,0.0011,"aoml_navis",1030.7998823905
"7901009",41,0,1,0.031773,1,0.009345,1,140.954633881358,1,4.85054749243483,748,1,6.38899993896484,34.867000579834,0.0317730009555817,0,135.923706054688,-86.0904,21.9473,11.9249318305899,63,63,63,63,61,63,0,9004,1.9064526870154,22,-86,0.001869,51,2024-07-21 20:29:40.002188,748,1.037,0.0011,"aoml_navis",1030.81147185926
"7901009",41,0,1,0.031773,1,0.009345,1,141.495847131113,1,4.85047040163653,750,1,6.34499979019165,34.8680000305176,0.0317730009555817,0,136.445602416992,-86.0904,21.9473,11.9249318305899,63,63,63,63,61,63,0,9004,1.9064526870154,22,-86,0.001869,51,2024-07-21 20:29:40.002188,750,1.037,0.0011,"aoml_navis",1030.82785502887
"7901009",41,0,1,0.031773,1,0.009345,1,141.838680399224,1,4.85041799854815,752,1,6.33099985122681,34.8680000305176,0.0317730009555817,0,136.77619934082,-86.0904,21.9473,11.9249318305899,63,63,63,63,61,63,0,9004,1.9064526870154,22,-86,0.001869,51,2024-07-21 20:29:40.002188,752,1.037,0.0011,"aoml_navis",1030.83899191711
"7901009",41,0,1,0.031773,1,0.009345,1,142.170104880005,1,4.85036420756388,754,1,6.31500005722046,34.8680000305176,0.0317730009555817,0,137.095794677734,-86.0904,21.9473,11.9249318305899,63,63,63,63,61,63,0,9004,1.9064526870154,22,-86,0.001869,51,2024-07-21 20:29:40.002188,754,1.037,0.0011,"aoml_navis",1030.85042401615
"7901009",41,0,1,0.028035,1,0.005607,1,142.465768113396,1,4.85031460716268,756,1,6.30499982833862,34.8680000305176,0.0280349999666214,0,137.380905151367,-86.0904,21.9473,11.9249318305899,63,63,63,63,61,63,0,9004,1.9064526870154,22,-86,0.001869,51,2024-07-21 20:29:40.002188,756,1.037,0.0011,"aoml_navis",1030.86096572298
"7901009",41,0,1,0.029904,1,0.007476,1,143.013310787468,1,4.85025296500434,758,1,6.28299999237061,34.8689994812012,0.0299040004611015,0,137.908905029297,-86.0904,21.9473,11.9249318305899,63,63,63,63,61,63,0,9004,1.9064526870154,22,-86,0.001869,51,2024-07-21 20:29:40.002188,758,1.037,0.0011,"aoml_navis",1030.87406699735
"7901009",41,0,1,0.029904,1,0.007476,1,143.402807736354,1,4.85018668855665,760,1,6.24900007247925,34.8689994812012,0.0299040004611015,0,138.28450012207,-86.0904,21.9473,11.9249318305899,63,63,63,63,61,63,0,9004,1.9064526870154,22,-86,0.001869,51,2024-07-21 20:29:40.002188,760,1.037,0.0011,"aoml_navis",1030.88815360382
"7901009",41,0,1,0.031773,1,0.009345,1,143.620065226022,1,4.85012856273197,762,1,6.23199987411499,34.8699989318848,0.0317730009555817,0,138.494003295898,-86.0904,21.9473,11.9249318305899,63,63,63,63,61,63,0,9004,1.9064526870154,22,-86,0.001869,51,2024-07-21 20:29:40.002188,762,1.037,0.0011,"aoml_navis",1030.90050816789
"7901009",41,0,1,0.028035,1,0.005607,1,143.78453531689,1,4.85007899058689,764,1,6.22200012207031,34.8699989318848,0.0280349999666214,0,138.652603149414,-86.0904,21.9473,11.9249318305899,63,63,63,63,61,63,0,9004,1.9064526870154,22,-86,0.001869,51,2024-07-21 20:29:40.002188,764,1.037,0.0011,"aoml_navis",1030.9110448931
"7901009",41,0,4,0.024297,1,0.001869,1,143.965287851813,1,4.85003150252786,766,1,6.21500015258789,34.8699989318848,0.0242970008403063,0,138.826904296875,-86.0904,21.9473,11.9249318305899,63,63,63,63,61,63,0,9004,1.9064526870154,22,-86,0.001869,51,2024-07-21 20:29:40.002188,766,1.037,0.0011,"aoml_navis",1030.92113884085
"7901009",41,0,1,0.031773,1,0.009345,1,144.204840738637,1,4.84998124325938,768,1,6.2039999961853,34.8699989318848,0.0317730009555817,0,139.057907104492,-86.0904,21.9473,11.9249318305899,63,63,63,63,61,63,0,9004,1.9064526870154,22,-86,0.001869,51,2024-07-21 20:29:40.002188,768,1.037,0.0011,"aoml_navis",1030.93182204552
"7901009",41,0,1,0.029904,1,0.007476,1,144.511058287077,1,4.84993306738145,770,1,6.19600009918213,34.8699989318848,0.0299040004611015,0,139.35319519043,-86.0904,21.9473,11.9249318305899,63,63,63,63,61,63,0,9004,1.9064526870154,22,-86,0.001869,51,2024-07-21 20:29:40.002188,770,1.037,0.0011,"aoml_navis",1030.94206260862
"7901009",41,0,1,0.028035,1,0.005607,1,144.922660750388,1,4.84987796820188,772,1,6.17799997329712,34.8699989318848,0.0280349999666214,0,139.750106811523,-86.0904,21.9473,11.9249318305899,63,63,63,63,61,63,0,9004,1.9064526870154,22,-86,0.001869,51,2024-07-21 20:29:40.002188,772,1.037,0.0011,"aoml_navis",1030.95377508102
"7901009",41,0,1,0.029904,1,0.007476,1,145.316414237126,1,4.8498173494807,774,1,6.15199995040894,34.8699989318848,0.0299040004611015,0,140.129806518555,-86.0904,21.9473,11.9249318305899,63,63,63,63,61,63,0,9004,1.9064526870154,22,-86,0.001869,51,2024-07-21 20:29:40.002188,774,1.037,0.0011,"aoml_navis",1030.96666115382
"7901009",41,0,1,0.026166,1,0.003738,1,145.508259088164,1,4.84976435143321,776,1,6.13700008392334,34.8699989318848,0.0261659994721413,0,140.314804077148,-86.0904,21.9473,11.9249318305899,63,63,63,63,61,63,0,9004,1.9064526870154,22,-86,0.001869,51,2024-07-21 20:29:40.002188,776,1.037,0.0011,"aoml_navis",1030.9779275198
"7901009",41,0,1,0.029904,1,0.007476,1,145.683299317641,1,4.84971550261924,778,1,6.12799978256226,34.8699989318848,0.0299040004611015,0,140.483596801758,-86.0904,21.9473,11.9249318305899,63,63,63,63,61,63,0,9004,1.9064526870154,22,-86,0.001869,51,2024-07-21 20:29:40.002188,778,1.037,0.0011,"aoml_navis",1030.98831205657
"7901009",41,0,1,0.028035,1,0.005607,1,145.794364890837,1,4.8496673473647,780,1,6.11999988555908,34.8699989318848,0.0280349999666214,0,140.590698242188,-86.0904,21.9473,11.9249318305899,63,63,63,63,61,63,0,9004,1.9064526870154,22,-86,0.001869,51,2024-07-21 20:29:40.002188,780,1.037,0.0011,"aoml_navis",1030.99854935761
"7901009",41,0,1,0.031773,1,0.009345,1,145.943802598953,1,4.84962057474509,782,1,6.11399984359741,34.8699989318848,0.0317730009555817,0,140.734802246094,-86.0904,21.9473,11.9249318305899,63,63,63,63,61,63,0,9004,1.9064526870154,22,-86,0.001869,51,2024-07-21 20:29:40.002188,782,1.037,0.0011,"aoml_navis",1031.00849291964
"7901009",41,0,1,0.026166,1,0.003738,1,146.164066565172,1,4.8495703550535,784,1,6.10300016403198,34.8699989318848,0.0261659994721413,0,140.947204589844,-86.0904,21.9473,11.9249318305899,63,63,63,63,61,63,0,9004,1.9064526870154,22,-86,0.001869,51,2024-07-21 20:29:40.002188,784,1.037,0.0011,"aoml_navis",1031.01916952081
"7901009",41,0,1,0.029904,1,0.007476,1,146.308108439058,1,4.84952082871658,786,1,6.09299993515015,34.8699989318848,0.0299040004611015,0,141.08610534668,-86.0904,21.9473,11.9249318305899,63,63,63,63,61,63,0,9004,1.9064526870154,22,-86,0.001869,51,2024-07-21 20:29:40.002188,786,1.037,0.0011,"aoml_navis",1031.0296989328
"7901009",41,0,1,0.028035,1,0.005607,1,146.514669201632,1,4.84946968611589,788,1,6.08599996566772,34.8709983825684,0.0280349999666214,0,141.285293579102,-86.0904,21.9473,11.9249318305899,63,63,63,63,61,63,0,9004,1.9064526870154,22,-86,0.001869,51,2024-07-21 20:29:40.002188,788,1.037,0.0011,"aoml_navis",1031.04057219186
"7901009",41,0,1,0.029904,1,0.007476,1,146.776628250537,1,4.84942867825719,790,1,6.08300018310547,34.8699989318848,0.0299040004611015,0,141.537902832031,-86.0904,21.9473,11.9249318305899,63,63,63,63,61,63,0,9004,1.9064526870154,22,-86,0.001869,51,2024-07-21 20:29:40.002188,790,1.037,0.0011,"aoml_navis",1031.04929090264
"7901009",41,0,1,0.033642,1,0.011214,1,147.267554224097,1,4.849379159838,792,1,6.07299995422363,34.8699989318848,0.0336420014500618,0,142.011306762695,-86.0904,21.9473,11.9249318305899,63,63,63,63,61,63,0,9004,1.9064526870154,22,-86,0.001869,51,2024-07-21 20:29:40.002188,792,1.037,0.0011,"aoml_navis",1031.05981924644
"7901009",41,0,1,0.028035,1,0.005607,1,147.661307710835,1,4.84931288108951,794,1,6.04400014877319,34.8709983825684,0.0280349999666214,0,142.391006469727,-86.0904,21.9473,11.9249318305899,63,63,63,63,61,63,0,9004,1.9064526870154,22,-86,0.001869,51,2024-07-21 20:29:40.002188,794,1.037,0.0011,"aoml_navis",1031.0739114191
"7901009",41,0,1,0.031773,1,0.009345,1,147.992320779035,1,4.8492626884295,796,1,6.03299999237061,34.8709983825684,0.0317730009555817,0,142.710205078125,-86.0904,21.9473,11.9249318305899,63,63,63,63,61,63,0,9004,1.9064526870154,22,-86,0.001869,51,2024-07-21 20:29:40.002188,796,1.037,0.0011,"aoml_navis",1031.08458362756
"7901009",41,0,1,0.028035,1,0.005607,1,148.471837965264,1,4.84921250008515,798,1,6.02199983596802,34.8709983825684,0.0280349999666214,0,143.172607421875,-86.0904,21.9473,11.9249318305899,63,63,63,63,61,63,0,9004,1.9064526870154,22,-86,0.001869,51,2024-07-21 20:29:40.002188,798,1.037,0.0011,"aoml_navis",1031.0952551393
"7901009",41,0,1,0.029904,1,0.007476,1,148.976546260273,1,4.84915312224227,800,1,6.00299978256226,34.8720016479492,0.0299040004611015,0,143.659301757812,-86.0904,21.9473,11.9249318305899,63,63,63,63,61,63,0,9004,1.9064526870154,22,-86,0.001869,51,2024-07-21 20:29:40.002188,800,1.037,0.0011,"aoml_navis",1031.10788089281
"7901009",41,0,1,0.029904,1,0.007476,1,149.663874270379,1,4.84909745972204,802,1,5.98400020599365,34.8720016479492,0.0299040004611015,0,144.32209777832,-86.0904,21.9473,11.9249318305899,63,63,63,63,61,63,0,9004,1.9064526870154,22,-86,0.001869,51,2024-07-21 20:29:40.002188,802,1.037,0.0011,"aoml_navis",1031.11971692287
"7901009",41,0,1,0.029904,1,0.007476,1,150.292512693508,1,4.8490159624435,804,1,5.93800020217896,34.8740005493164,0.0299040004611015,0,144.928298950195,-86.0904,21.9473,11.9249318305899,63,63,63,63,61,63,0,9004,1.9064526870154,22,-86,0.001869,51,2024-07-21 20:29:40.002188,804,1.037,0.0011,"aoml_navis",1031.13704692373
"7901009",41,0,1,0.028035,1,0.005607,1,150.462378618606,1,4.84896171176326,806,1,5.9210000038147,34.8740005493164,0.0280349999666214,0,145.092102050781,-86.0904,21.9473,11.9249318305899,63,63,63,63,61,63,0,9004,1.9064526870154,22,-86,0.001869,51,2024-07-21 20:29:40.002188,806,1.037,0.0011,"aoml_navis",1031.14858339061
"7901009",41,0,1,0.026166,1,0.003738,1,150.563696878354,1,4.84891934910292,808,1,5.91599988937378,34.8730010986328,0.0261659994721413,0,145.189804077148,-86.0904,21.9473,11.9249318305899,63,63,63,63,61,63,0,9004,1.9064526870154,22,-86,0.001869,51,2024-07-21 20:29:40.002188,808,1.037,0.0011,"aoml_navis",1031.15759203647
"7901009",41,0,1,0.028035,1,0.005607,1,150.778565010344,1,4.8488668818344,810,1,5.90700006484985,34.8740005493164,0.0280349999666214,0,145.397003173828,-86.0904,21.9473,11.9249318305899,63,63,63,63,61,63,0,9004,1.9064526870154,22,-86,0.001869,51,2024-07-21 20:29:40.002188,810,1.037,0.0011,"aoml_navis",1031.1687496994
"7901009",41,0,1,0.028035,1,0.005607,1,150.912432334641,1,4.84881947026424,812,1,5.90000009536743,34.8740005493164,0.0280349999666214,0,145.526092529297,-86.0904,21.9473,11.9249318305899,63,63,63,63,61,63,0,9004,1.9064526870154,22,-86,0.001869,51,2024-07-21 20:29:40.002188,812,1.037,0.0011,"aoml_navis",1031.17883242775
"7901009",41,0,1,0.028035,1,0.005607,1,151.150750983723,1,4.84876496254615,814,1,5.88800001144409,34.875,0.0280349999666214,0,145.755905151367,-86.0904,21.9473,11.9249318305899,63,63,63,63,61,63,0,9004,1.9064526870154,22,-86,0.001869,51,2024-07-21 20:29:40.002188,814,1.037,0.0011,"aoml_navis",1031.19042449408
"7901009",41,0,1,0.026166,1,0.003738,1,151.212969224756,1,4.84871551100164,816,1,5.87799978256226,34.875,0.0261659994721413,0,145.815902709961,-86.0904,21.9473,11.9249318305899,63,63,63,63,61,63,0,9004,1.9064526870154,22,-86,0.001869,51,2024-07-21 20:29:40.002188,816,1.037,0.0011,"aoml_navis",1031.20094149782
"7901009",41,0,1,0.031773,1,0.009345,1,151.225723014754,1,4.84867219737934,818,1,5.8769998550415,34.875,0.0317730009555817,0,145.828201293945,-86.0904,21.9473,11.9249318305899,63,63,63,63,61,63,0,9004,1.9064526870154,22,-86,0.001869,51,2024-07-21 20:29:40.002188,818,1.037,0.0011,"aoml_navis",1031.21015330804
"7901009",41,0,1,0.029904,1,0.007476,1,151.224472953451,1,4.84863024983792,820,1,5.87799978256226,34.875,0.0299040004611015,0,145.826995849609,-86.0904,21.9473,11.9249318305899,63,63,63,63,61,63,0,9004,1.9064526870154,22,-86,0.001869,51,2024-07-21 20:29:40.002188,820,1.037,0.0011,"aoml_navis",1031.21907474119
"7901009",41,0,1,0.028035,1,0.005607,1,151.301739400797,1,4.84858762308096,822,1,5.87799978256226,34.875,0.0280349999666214,0,145.901504516602,-86.0904,21.9473,11.9249318305899,63,63,63,63,61,63,0,9004,1.9064526870154,22,-86,0.001869,51,2024-07-21 20:29:40.002188,822,1.037,0.0011,"aoml_navis",1031.22814078852
"7901009",41,0,1,0.028035,1,0.005607,1,151.459262948477,1,4.84854226975696,824,1,5.87400007247925,34.875,0.0280349999666214,0,146.053405761719,-86.0904,21.9473,11.9249318305899,63,63,63,63,61,63,0,9004,1.9064526870154,22,-86,0.001869,51,2024-07-21 20:29:40.002188,824,1.037,0.0011,"aoml_navis",1031.23778690923
"7901009",41,0,1,0.033642,1,0.011214,1,151.580487247702,1,4.84849186622407,826,1,5.86800003051758,34.8759994506836,0.0336420014500618,0,146.170303344727,-86.0904,21.9473,11.9249318305899,63,63,63,63,61,63,0,9004,1.9064526870154,22,-86,0.001869,51,2024-07-21 20:29:40.002188,826,1.037,0.0011,"aoml_navis",1031.24850736192
"7901009",41,0,1,0.029904,1,0.007476,1,151.722139763908,1,4.84845156812758,828,1,5.86600017547607,34.875,0.0299040004611015,0,146.306900024414,-86.0904,21.9473,11.9249318305899,63,63,63,63,61,63,0,9004,1.9064526870154,22,-86,0.001869,51,2024-07-21 20:29:40.002188,828,1.037,0.0011,"aoml_navis",1031.25707862458
"7901009",41,0,1,0.029904,1,0.007476,1,152.066223093322,1,4.84839912202894,830,1,5.85699987411499,34.8759994506836,0.0299040004611015,0,146.638702392578,-86.0904,21.9473,11.9249318305899,63,63,63,63,61,63,0,9004,1.9064526870154,22,-86,0.001869,51,2024-07-21 20:29:40.002188,830,1.037,0.0011,"aoml_navis",1031.26823393772
"7901009",41,0,1,0.031773,1,0.009345,1,152.34144228617,1,4.84834559584585,832,1,5.84100008010864,34.8759994506836,0.0317730009555817,0,146.904098510742,-86.0904,21.9473,11.9249318305899,63,63,63,63,61,63,0,9004,1.9064526870154,22,-86,0.001869,51,2024-07-21 20:29:40.002188,832,1.037,0.0011,"aoml_navis",1031.27961923426
"7901009",41,0,1,0.028035,1,0.005607,1,152.538366500222,1,4.8482961639488,834,1,5.83099985122681,34.8759994506836,0.0280349999666214,0,147.093994140625,-86.0904,21.9473,11.9249318305899,63,63,63,63,61,63,0,9004,1.9064526870154,22,-86,0.001869,51,2024-07-21 20:29:40.002188,834,1.037,0.0011,"aoml_navis",1031.29013387822
"7901009",41,0,1,0.029904,1,0.007476,1,152.770767137568,1,4.84824673601085,836,1,5.82100009918213,34.8759994506836,0.0299040004611015,0,147.318099975586,-86.0904,21.9473,11.9249318305899,63,63,63,63,61,63,0,9004,1.9064526870154,22,-86,0.001869,51,2024-07-21 20:29:40.002188,836,1.037,0.0011,"aoml_navis",1031.30064789442
"7901009",41,0,1,0.026166,1,0.003738,1,152.940838768957,1,4.84819430461797,838,1,5.81199979782104,34.8769989013672,0.0261659994721413,0,147.48210144043,-86.0904,21.9473,11.9249318305899,63,63,63,63,61,63,0,9004,1.9064526870154,22,-86,0.001869,51,2024-07-21 20:29:40.002188,838,1.037,0.0011,"aoml_navis",1031.31180102197
"7901009",41,0,1,0.028035,1,0.005607,1,153.235964001281,1,4.84814692437508,840,1,5.80499982833862,34.8769989013672,0.0280349999666214,0,147.766693115234,-86.0904,21.9473,11.9249318305899,63,63,63,63,61,63,0,9004,1.9064526870154,22,-86,0.001869,51,2024-07-21 20:29:40.002188,840,1.037,0.0011,"aoml_navis",1031.32187988393
"7901009",41,0,1,0.026166,1,0.003738,1,153.645794225784,1,4.84808973953022,842,1,5.78900003433228,34.8779983520508,0.0261659994721413,0,148.161895751953,-86.0904,21.9473,11.9249318305899,63,63,63,63,61,63,0,9004,1.9064526870154,22,-86,0.001869,51,2024-07-21 20:29:40.002188,842,1.037,0.0011,"aoml_navis",1031.33404467148
"7901009",41,0,1,0.028035,1,0.005607,1,154.164094959513,1,4.84803285567204,844,1,5.76800012588501,34.8779983520508,0.0280349999666214,0,148.661697387695,-86.0904,21.9473,11.9249318305899,63,63,63,63,61,63,0,9004,1.9064526870154,22,-86,0.001869,51,2024-07-21 20:29:40.002188,844,1.037,0.0011,"aoml_navis",1031.34614571561
"7901009",41,0,1,0.028035,1,0.005607,1,154.63418130351,1,4.84796046622848,846,1,5.7350001335144,34.8800010681152,0.0280349999666214,0,149.115005493164,-86.0904,21.9473,11.9249318305899,63,63,63,63,61,63,0,9004,1.9064526870154,22,-86,0.001869,51,2024-07-21 20:29:40.002188,846,1.037,0.0011,"aoml_navis",1031.36154571198
"7901009",41,0,1,0.029904,1,0.007476,1,155.004278566865,1,4.8479103937601,848,1,5.72399997711182,34.8800010681152,0.0299040004611015,0,149.471893310547,-86.0904,21.9473,11.9249318305899,63,63,63,63,61,63,0,9004,1.9064526870154,22,-86,0.001869,51,2024-07-21 20:29:40.002188,848,1.037,0.0011,"aoml_navis",1031.37219830541
"7901009",41,0,1,0.033642,1,0.011214,1,155.449996627243,1,4.84784919699558,850,1,5.7020001411438,34.8810005187988,0.0336420014500618,0,149.901702880859,-86.0904,21.9473,11.9249318305899,63,63,63,63,61,63,0,9004,1.9064526870154,22,-86,0.001869,51,2024-07-21 20:29:40.002188,850,1.037,0.0011,"aoml_navis",1031.38521781963
"7901009",41,0,1,0.029904,1,0.007476,1,155.762037246054,1,4.84779846124055,852,1,5.69000005722046,34.8810005187988,0.0299040004611015,0,150.202606201172,-86.0904,21.9473,11.9249318305899,63,63,63,63,61,63,0,9004,1.9064526870154,22,-86,0.001869,51,2024-07-21 20:29:40.002188,852,1.037,0.0011,"aoml_navis",1031.39601201996
"7901009",41,0,1,0.029904,1,0.007476,1,156.022936116386,1,4.84773427888381,854,1,5.66900014877319,34.882999420166,0.0299040004611015,0,150.454193115234,-86.0904,21.9473,11.9249318305899,63,63,63,63,61,63,0,9004,1.9064526870154,22,-86,0.001869,51,2024-07-21 20:29:40.002188,854,1.037,0.0011,"aoml_navis",1031.40966735315
"7901009",41,0,1,0.029904,1,0.007476,1,156.096262497094,1,4.84768459255624,856,1,5.66400003433228,34.8839988708496,0.0299040004611015,0,150.52490234375,-86.0904,21.9473,11.9249318305899,63,63,63,63,61,63,0,9004,1.9064526870154,22,-86,0.001869,51,2024-07-21 20:29:40.002188,856,1.037,0.0011,"aoml_navis",1031.4202387832
"7901009",41,0,1,0.028035,1,0.005607,1,156.120425074423,1,4.84763927048887,858,1,5.65999984741211,34.8839988708496,0.0280349999666214,0,150.548202514648,-86.0904,21.9473,11.9249318305899,63,63,63,63,61,63,0,9004,1.9064526870154,22,-86,0.001869,51,2024-07-21 20:29:40.002188,858,1.037,0.0011,"aoml_navis",1031.42988184758
"7901009",41,0,1,0.029904,1,0.007476,1,156.136802459843,1,4.84759395051526,860,1,5.6560001373291,34.8839988708496,0.0299040004611015,0,150.563995361328,-86.0904,21.9473,11.9249318305899,63,63,63,63,61,63,0,9004,1.9064526870154,22,-86,0.001869,51,2024-07-21 20:29:40.002188,860,1.037,0.0011,"aoml_navis",1031.43952464677
"7901009",41,0,1,0.028035,1,0.005607,1,156.234085711589,1,4.84754561967556,862,1,5.65299987792969,34.8849983215332,0.0280349999666214,0,150.657806396484,-86.0904,21.9473,11.9249318305899,63,63,63,63,61,63,0,9004,1.9064526870154,22,-86,0.001869,51,2024-07-21 20:29:40.002188,862,1.037,0.0011,"aoml_navis",1031.44980827115
"7901009",41,0,1,0.028035,1,0.005607,1,156.317143582185,1,4.84749962810932,864,1,5.64799976348877,34.8849983215332,0.0280349999666214,0,150.737899780273,-86.0904,21.9473,11.9249318305899,63,63,63,63,61,63,0,9004,1.9064526870154,22,-86,0.001869,51,2024-07-21 20:29:40.002188,864,1.037,0.0011,"aoml_navis",1031.45959434558
"7901009",41,0,1,0.029904,1,0.007476,1,156.533056069186,1,4.84744858768599,866,1,5.64099979400635,34.8860015869141,0.0299040004611015,0,150.946105957031,-86.0904,21.9473,11.9249318305899,63,63,63,63,61,63,0,9004,1.9064526870154,22,-86,0.001869,51,2024-07-21 20:29:40.002188,866,1.037,0.0011,"aoml_navis",1031.47045493201
"7901009",41,0,1,0.033642,1,0.011214,1,156.661844030469,1,4.84738645882074,868,1,5.6230001449585,34.8880004882812,0.0336420014500618,0,151.070297241211,-86.0904,21.9473,11.9249318305899,63,63,63,63,61,63,0,9004,1.9064526870154,22,-86,0.001869,51,2024-07-21 20:29:40.002188,868,1.037,0.0011,"aoml_navis",1031.48367527032
"7901009",41,0,1,0.029904,1,0.007476,1,156.690579616867,1,4.84734618298583,870,1,5.62099981307983,34.8870010375977,0.0299040004611015,0,151.098007202148,-86.0904,21.9473,11.9249318305899,63,63,63,63,61,63,0,9004,1.9064526870154,22,-86,0.001869,51,2024-07-21 20:29:40.002188,870,1.037,0.0011,"aoml_navis",1031.49224570549
"7901009",41,0,1,0.028035,1,0.005607,1,156.704266996951,1,4.84729786121613,872,1,5.61800003051758,34.8880004882812,0.0280349999666214,0,151.111206054688,-86.0904,21.9473,11.9249318305899,63,63,63,63,61,63,0,9004,1.9064526870154,22,-86,0.001869,51,2024-07-21 20:29:40.002188,872,1.037,0.0011,"aoml_navis",1031.50252845109
"7901009",41,0,1,0.033642,1,0.011214,1,156.724695213933,1,4.84725727460132,874,1,5.62099981307983,34.8880004882812,0.0336420014500618,0,151.130905151367,-86.0904,21.9473,11.9249318305899,63,63,63,63,61,63,0,9004,1.9064526870154,22,-86,0.001869,51,2024-07-21 20:29:40.002188,874,1.037,0.0011,"aoml_navis",1031.51116533447
"7901009",41,0,1,0.028035,1,0.005607,1,156.721372266167,1,4.84721767963017,876,1,5.61999988555908,34.8870010375977,0.0280349999666214,0,151.127700805664,-86.0904,21.9473,11.9249318305899,63,63,63,63,61,63,0,9004,1.9064526870154,22,-86,0.001869,51,2024-07-21 20:29:40.002188,876,1.037,0.0011,"aoml_navis",1031.5195913342
"7901009",41,0,1,0.029904,1,0.007476,1,156.749364145207,1,4.84717071364132,878,1,5.61899995803833,34.8880004882812,0.0299040004611015,0,151.154693603516,-86.0904,21.9473,11.9249318305899,63,63,63,63,61,63,0,9004,1.9064526870154,22,-86,0.001869,51,2024-07-21 20:29:40.002188,878,1.037,0.0011,"aoml_navis",1031.52958610031
"7901009",41,0,1,0.029904,1,0.007476,1,156.774365371258,1,4.8471274364669,880,1,5.61800003051758,34.8880004882812,0.0299040004611015,0,151.178802490234,-86.0904,21.9473,11.9249318305899,63,63,63,63,61,63,0,9004,1.9064526870154,22,-86,0.001869,51,2024-07-21 20:29:40.002188,880,1.037,0.0011,"aoml_navis",1031.53879602648
"7901009",41,0,1,0.029904,1,0.007476,1,156.823719057367,1,4.84708281100987,882,1,5.61499977111816,34.8880004882812,0.0299040004611015,0,151.22639465332,-86.0904,21.9473,11.9249318305899,63,63,63,63,61,63,0,9004,1.9064526870154,22,-86,0.001869,51,2024-07-21 20:29:40.002188,882,1.037,0.0011,"aoml_navis",1031.54829305635
"7901009",41,0,1,0.028035,1,0.005607,1,156.772703897375,1,4.8470395379466,884,1,5.61399984359741,34.8880004882812,0.0280349999666214,0,151.177200317383,-86.0904,21.9473,11.9249318305899,63,63,63,63,61,63,0,9004,1.9064526870154,22,-86,0.001869,51,2024-07-21 20:29:40.002188,884,1.037,0.0011,"aoml_navis",1031.55750244163
"7901009",41,0,1,0.029904,1,0.007476,1,156.785362746008,1,4.84699694243902,886,1,5.61399984359741,34.8880004882812,0.0299040004611015,0,151.189407348633,-86.0904,21.9473,11.9249318305899,63,63,63,63,61,63,0,9004,1.9064526870154,22,-86,0.001869,51,2024-07-21 20:29:40.002188,886,1.037,0.0011,"aoml_navis",1031.56656778991
"7901009",41,0,1,0.028035,1,0.005607,1,156.837105789797,1,4.84695434948017,888,1,5.61399984359741,34.8880004882812,0.0280349999666214,0,151.239303588867,-86.0904,21.9473,11.9249318305899,63,63,63,63,61,63,0,9004,1.9064526870154,22,-86,0.001869,51,2024-07-21 20:29:40.002188,888,1.037,0.0011,"aoml_navis",1031.57563275508
"7901009",41,0,1,0.035511,1,0.013083,1,156.862296898577,1,4.84691175906985,890,1,5.61399984359741,34.8880004882812,0.0355109982192516,0,151.263595581055,-86.0904,21.9473,11.9249318305899,63,63,63,63,61,63,0,9004,1.9064526870154,22,-86,0.001869,51,2024-07-21 20:29:40.002188,890,1.037,0.0011,"aoml_navis",1031.58469733716
"7901009",41,0,1,0.031773,1,0.009345,1,156.875477924717,1,4.84686849526143,892,1,5.61299991607666,34.8880004882812,0.0317730009555817,0,151.276306152344,-86.0904,21.9473,11.9249318305899,63,63,63,63,61,63,0,9004,1.9064526870154,22,-86,0.001869,51,2024-07-21 20:29:40.002188,892,1.037,0.0011,"aoml_navis",1031.59390540269
"7901009",41,0,1,0.029904,1,0.007476,1,156.974406826786,1,4.84682087210648,894,1,5.61100006103516,34.8889999389648,0.0299040004611015,0,151.371704101562,-86.0904,21.9473,11.9249318305899,63,63,63,63,61,63,0,9004,1.9064526870154,22,-86,0.001869,51,2024-07-21 20:29:40.002188,894,1.037,0.0011,"aoml_navis",1031.6040414811
"7901009",41,0,1,0.031773,1,0.009345,1,157.055708282133,1,4.84678129806001,896,1,5.6100001335144,34.8880004882812,0.0317730009555817,0,151.450103759766,-86.0904,21.9473,11.9249318305899,63,63,63,63,61,63,0,9004,1.9064526870154,22,-86,0.001869,51,2024-07-21 20:29:40.002188,896,1.037,0.0011,"aoml_navis",1031.61246454453
"7901009",41,0,1,0.028035,1,0.005607,1,157.16978033188,1,4.84673939343969,898,1,5.61100006103516,34.8880004882812,0.0280349999666214,0,151.560104370117,-86.0904,21.9473,11.9249318305899,63,63,63,63,61,63,0,9004,1.9064526870154,22,-86,0.001869,51,2024-07-21 20:29:40.002188,898,1.037,0.0011,"aoml_navis",1031.62138380449
"7901009",41,0,1,0.029904,1,0.007476,1,157.689521009641,1,4.84669816850049,900,1,5.61299991607666,34.8880004882812,0.0299040004611015,0,152.061294555664,-86.0904,21.9473,11.9249318305899,63,63,63,63,61,63,0,9004,1.9064526870154,22,-86,0.001869,51,2024-07-21 20:29:40.002188,900,1.037,0.0011,"aoml_navis",1031.63015854708
"7901009",41,0,1,0.029904,1,0.007476,1,158.440428087007,1,4.84665454074003,902,1,5.60599994659424,34.8870010375977,0.0299040004611015,0,152.785400390625,-86.0904,21.9473,11.9249318305899,63,63,63,63,61,63,0,9004,1.9064526870154,22,-86,0.001869,51,2024-07-21 20:29:40.002188,902,1.037,0.0011,"aoml_navis",1031.63944489358
"7901009",41,0,1,0.029904,1,0.007476,1,159.156998037455,1,4.8465711798134,904,1,5.56199979782104,34.8899993896484,0.0299040004611015,0,153.47639465332,-86.0904,21.9473,11.9249318305899,63,63,63,63,61,63,0,9004,1.9064526870154,22,-86,0.001869,51,2024-07-21 20:29:40.002188,904,1.037,0.0011,"aoml_navis",1031.65718907125
"7901009",41,0,1,0.028035,1,0.005607,1,159.631847273251,1,4.84651210214017,906,1,5.54300022125244,34.890998840332,0.0280349999666214,0,153.934295654297,-86.0904,21.9473,11.9249318305899,63,63,63,63,61,63,0,9004,1.9064526870154,22,-86,0.001869,51,2024-07-21 20:29:40.002188,906,1.037,0.0011,"aoml_navis",1031.66976469368
"7901009",41,0,1,0.029904,1,0.007476,1,159.989823689039,1,4.84646210911325,908,1,5.53200006484985,34.890998840332,0.0299040004611015,0,154.279495239258,-86.0904,21.9473,11.9249318305899,63,63,63,63,61,63,0,9004,1.9064526870154,22,-86,0.001869,51,2024-07-21 20:29:40.002188,908,1.037,0.0011,"aoml_navis",1031.68040674414
"7901009",41,0,1,0.031773,1,0.009345,1,160.419670717943,1,4.84641346668116,910,1,5.52299976348877,34.890998840332,0.0317730009555817,0,154.694000244141,-86.0904,21.9473,11.9249318305899,63,63,63,63,61,63,0,9004,1.9064526870154,22,-86,0.001869,51,2024-07-21 20:29:40.002188,910,1.037,0.0011,"aoml_navis",1031.69076150327
"7901009",41,0,1,0.031773,1,0.009345,1,161.051315617623,1,4.84636752019804,912,1,5.51800012588501,34.890998840332,0.0317730009555817,0,155.303100585938,-86.0904,21.9473,11.9249318305899,63,63,63,63,61,63,0,9004,1.9064526870154,22,-86,0.001869,51,2024-07-21 20:29:40.002188,912,1.037,0.0011,"aoml_navis",1031.70054255309
"7901009",41,0,1,0.028035,1,0.005607,1,161.624571577982,1,4.84629603315801,914,1,5.48600006103516,34.8930015563965,0.0280349999666214,0,155.855895996094,-86.0904,21.9473,11.9249318305899,63,63,63,63,61,63,0,9004,1.9064526870154,22,-86,0.001869,51,2024-07-21 20:29:40.002188,914,1.037,0.0011,"aoml_navis",1031.71576102458
"7901009",41,0,1,0.026166,1,0.003738,1,162.076508297751,1,4.84624740505888,916,1,5.47700023651123,34.8930015563965,0.0261659994721413,0,156.291702270508,-86.0904,21.9473,11.9249318305899,63,63,63,63,61,63,0,9004,1.9064526870154,22,-86,0.001869,51,2024-07-21 20:29:40.002188,916,1.037,0.0011,"aoml_navis",1031.72611344205
"7901009",41,0,1,0.029904,1,0.007476,1,162.579871590093,1,4.84619542362143,918,1,5.46299982070923,34.8930015563965,0.0299040004611015,0,156.777099609375,-86.0904,21.9473,11.9249318305899,63,63,63,63,61,63,0,9004,1.9064526870154,22,-86,0.001869,51,2024-07-21 20:29:40.002188,918,1.037,0.0011,"aoml_navis",1031.73717998017
"7901009",41,0,1,0.031773,1,0.009345,1,163.140278819088,1,4.8461454614269,920,1,5.4520001411438,34.8930015563965,0.0317730009555817,0,157.317504882812,-86.0904,21.9473,11.9249318305899,63,63,63,63,61,63,0,9004,1.9064526870154,22,-86,0.001869,51,2024-07-21 20:29:40.002188,920,1.037,0.0011,"aoml_navis",1031.74781685727
"7901009",41,0,1,0.029904,1,0.007476,1,163.714056956953,1,4.84608511671934,922,1,5.43100023269653,34.8940010070801,0.0299040004611015,0,157.870803833008,-86.0904,21.9473,11.9249318305899,63,63,63,63,61,63,0,9004,1.9064526870154,22,-86,0.001869,51,2024-07-21 20:29:40.002188,922,1.037,0.0011,"aoml_navis",1031.76066444843
"7901009",41,0,1,0.029904,1,0.007476,1,164.247073602219,1,4.84603014193008,924,1,5.41800022125244,34.8950004577637,0.0299040004611015,0,158.384796142578,-86.0904,21.9473,11.9249318305899,63,63,63,63,61,63,0,9004,1.9064526870154,22,-86,0.001869,51,2024-07-21 20:29:40.002188,924,1.037,0.0011,"aoml_navis",1031.77236904445
"7901009",41,0,1,0.029904,1,0.007476,1,164.923942238641,1,4.84598086549204,926,1,5.40799999237061,34.8950004577637,0.0299040004611015,0,159.037506103516,-86.0904,21.9473,11.9249318305899,63,63,63,63,61,63,0,9004,1.9064526870154,22,-86,0.001869,51,2024-07-21 20:29:40.002188,926,1.037,0.0011,"aoml_navis",1031.78286063916
"7901009",41,0,1,0.029904,1,0.007476,1,165.642585075552,1,4.84591721250215,928,1,5.38199996948242,34.8959999084473,0.0299040004611015,0,159.730499267578,-86.0904,21.9473,11.9249318305899,63,63,63,63,61,63,0,9004,1.9064526870154,22,-86,0.001869,51,2024-07-21 20:29:40.002188,928,1.037,0.0011,"aoml_navis",1031.79641350461
"7901009",41,0,1,0.028035,1,0.005607,1,166.17623466325,1,4.84585758791421,930,1,5.36199998855591,34.8969993591309,0.0280349999666214,0,160.245101928711,-86.0904,21.9473,11.9249318305899,63,63,63,63,61,63,0,9004,1.9064526870154,22,-86,0.001869,51,2024-07-21 20:29:40.002188,930,1.037,0.0011,"aoml_navis",1031.80910897386
"7901009",41,0,1,0.031773,1,0.009345,1,166.527675948431,1,4.84579664519646,932,1,5.34000015258789,34.8979988098145,0.0317730009555817,0,160.583999633789,-86.0904,21.9473,11.9249318305899,63,63,63,63,61,63,0,9004,1.9064526870154,22,-86,0.001869,51,2024-07-21 20:29:40.002188,932,1.037,0.0011,"aoml_navis",1031.82208542664
"7901009",41,0,1,0.029904,1,0.007476,1,166.731246058015,1,4.84574171124545,934,1,5.3270001411438,34.898998260498,0.0299040004611015,0,160.780303955078,-86.0904,21.9473,11.9249318305899,63,63,63,63,61,63,0,9004,1.9064526870154,22,-86,0.001869,51,2024-07-21 20:29:40.002188,934,1.037,0.0011,"aoml_navis",1031.83378272031
"7901009",41,0,1,0.026166,1,0.003738,1,166.836393619476,1,4.84569645973853,936,1,5.32299995422363,34.898998260498,0.0261659994721413,0,160.881698608398,-86.0904,21.9473,11.9249318305899,63,63,63,63,61,63,0,9004,1.9064526870154,22,-86,0.001869,51,2024-07-21 20:29:40.002188,936,1.037,0.0011,"aoml_navis",1031.84341849382
"7901009",41,0,1,0.028035,1,0.005607,1,166.97141606371,1,4.84565320804354,938,1,5.32200002670288,34.898998260498,0.0280349999666214,0,161.011901855469,-86.0904,21.9473,11.9249318305899,63,63,63,63,61,63,0,9004,1.9064526870154,22,-86,0.001869,51,2024-07-21 20:29:40.002188,938,1.037,0.0011,"aoml_navis",1031.85262859923
"7901009",41,0,1,0.022428,1,0,1,167.293203995969,1,4.84561364397323,940,1,5.32100009918213,34.8979988098145,0.0224280003458261,0,161.322204589844,-86.0904,21.9473,11.9249318305899,63,63,63,63,61,63,0,9004,1.9064526870154,22,-86,0.001869,51,2024-07-21 20:29:40.002188,940,1.037,0.0011,"aoml_navis",1031.86105359819
"7901009",41,0,1,0.031773,1,0.009345,1,167.622033412779,1,4.84556271411327,942,1,5.31400012969971,34.898998260498,0.0317730009555817,0,161.639297485352,-86.0904,21.9473,11.9249318305899,63,63,63,63,61,63,0,9004,1.9064526870154,22,-86,0.001869,51,2024-07-21 20:29:40.002188,942,1.037,0.0011,"aoml_navis",1031.87189909583
"7901009",41,0,1,0.026166,1,0.003738,1,168.165018901343,1,4.84551280864121,944,1,5.30299997329712,34.898998260498,0.0261659994721413,0,162.162902832031,-86.0904,21.9473,11.9249318305899,63,63,63,63,61,63,0,9004,1.9064526870154,22,-86,0.001869,51,2024-07-21 20:29:40.002188,944,1.037,0.0011,"aoml_navis",1031.88252667154
"7901009",41,0,1,0.031773,1,0.009345,1,168.968396906294,1,4.84546091179402,946,1,5.28900003433228,34.898998260498,0.0317730009555817,0,162.937606811523,-86.0904,21.9473,11.9249318305899,63,63,63,63,61,63,0,9004,1.9064526870154,22,-86,0.001869,51,2024-07-21 20:29:40.002188,946,1.037,0.0011,"aoml_navis",1031.89357855097
"7901009",41,0,1,0.028035,1,0.005607,1,169.771252733739,1,4.84539004778376,948,1,5.2519998550415,34.9000015258789,0.0280349999666214,0,163.711807250977,-86.0904,21.9473,11.9249318305899,63,63,63,63,61,63,0,9004,1.9064526870154,22,-86,0.001869,51,2024-07-21 20:29:40.002188,948,1.037,0.0011,"aoml_navis",1031.90867003307
"7901009",41,0,1,0.028035,1,0.005607,1,170.319206820392,1,4.84530857371395,950,1,5.21000003814697,34.9029998779297,0.0280349999666214,0,164.240203857422,-86.0904,21.9473,11.9249318305899,63,63,63,63,61,63,0,9004,1.9064526870154,22,-86,0.001869,51,2024-07-21 20:29:40.002188,950,1.037,0.0011,"aoml_navis",1031.92602162126
"7901009",41,0,1,0.026166,1,0.003738,1,170.528568353226,1,4.84525804525137,952,1,5.19799995422363,34.9029998779297,0.0261659994721413,0,164.442092895508,-86.0904,21.9473,11.9249318305899,63,63,63,63,61,63,0,9004,1.9064526870154,22,-86,0.001869,51,2024-07-21 20:29:40.002188,952,1.037,0.0011,"aoml_navis",1031.93678299555
"7901009",41,0,1,0.026166,1,0.003738,1,170.715033193594,1,4.84520515789353,954,1,5.18800020217896,34.9039993286133,0.0261659994721413,0,164.62190246582,-86.0904,21.9473,11.9249318305899,63,63,63,63,61,63,0,9004,1.9064526870154,22,-86,0.001869,51,2024-07-21 20:29:40.002188,954,1.037,0.0011,"aoml_navis",1031.94804699947
"7901009",41,0,1,0.028035,1,0.005607,1,170.825054411778,1,4.84516124634779,956,1,5.18599987030029,34.9039993286133,0.0280349999666214,0,164.727996826172,-86.0904,21.9473,11.9249318305899,63,63,63,63,61,63,0,9004,1.9064526870154,22,-86,0.001869,51,2024-07-21 20:29:40.002188,956,1.037,0.0011,"aoml_navis",1031.95739951254
"7901009",41,0,1,0.033642,1,0.011214,1,170.822158700153,1,4.84511388617312,958.099975585938,1,5.18200016021729,34.9039993286133,0.0336420014500618,0,164.725204467773,-86.0904,21.9473,11.9249318305899,63,63,63,63,61,63,0,9004,1.9064526870154,22,-86,0.001869,51,2024-07-21 20:29:40.002188,958.099975585938,1.037,0.0011,"aoml_navis",1031.96748672284
"7901009",41,0,1,0.029904,1,0.007476,1,170.791255285927,1,4.84507409095253,960,1,5.18300008773804,34.9039993286133,0.0299040004611015,0,164.695404052734,-86.0904,21.9473,11.9249318305899,63,63,63,63,61,63,0,9004,1.9064526870154,22,-86,0.001869,51,2024-07-21 20:29:40.002188,960,1.037,0.0011,"aoml_navis",1031.97596283136
"7901009",41,0,1,0.029904,1,0.007476,1,170.897747850055,1,4.84503150846026,962,1,5.18300008773804,34.9039993286133,0.0299040004611015,0,164.798095703125,-86.0904,21.9473,11.9249318305899,63,63,63,63,61,63,0,9004,1.9064526870154,22,-86,0.001869,51,2024-07-21 20:29:40.002188,962,1.037,0.0011,"aoml_navis",1031.9850327638
"7901009",41,0,1,0.026166,1,0.003738,1,170.952085957813,1,4.84498760532334,964,1,5.18100023269653,34.9039993286133,0.0261659994721413,0,164.850494384766,-86.0904,21.9473,11.9249318305899,63,63,63,63,61,63,0,9004,1.9064526870154,22,-86,0.001869,51,2024-07-21 20:29:40.002188,964,1.037,0.0011,"aoml_navis",1031.99438415618
"7901009",41,0,1,0.024297,1,0.001869,1,170.954269609202,1,4.84494502753005,966,1,5.18100023269653,34.9039993286133,0.0242970008403063,0,164.852600097656,-86.0904,21.9473,11.9249318305899,63,63,63,63,61,63,0,9004,1.9064526870154,22,-86,0.001869,51,2024-07-21 20:29:40.002188,966,1.037,0.0011,"aoml_navis",1032.00345341152
"7901009",41,0,1,0.024297,1,0.001869,1,170.976976418938,1,4.84490245228701,968,1,5.18100023269653,34.9039993286133,0.0242970008403063,0,164.874496459961,-86.0904,21.9473,11.9249318305899,63,63,63,63,61,63,0,9004,1.9064526870154,22,-86,0.001869,51,2024-07-21 20:29:40.002188,968,1.037,0.0011,"aoml_navis",1032.01252228304
"7901009",41,0,1,0.024297,1,0.001869,1,171.025095867306,1,4.84485921715312,970,1,5.17999982833862,34.9039993286133,0.0242970008403063,0,164.9208984375,-86.0904,21.9473,11.9249318305899,63,63,63,63,61,63,0,9004,1.9064526870154,22,-86,0.001869,51,2024-07-21 20:29:40.002188,970,1.037,0.0011,"aoml_navis",1032.02173187976
"7901009",41,0,1,0.024297,1,0.001869,1,171.004145472817,1,4.84481296206154,972,1,5.17999982833862,34.9049987792969,0.0242970008403063,0,164.900695800781,-86.0904,21.9473,11.9249318305899,63,63,63,63,61,63,0,9004,1.9064526870154,22,-86,0.001869,51,2024-07-21 20:29:40.002188,972,1.037,0.0011,"aoml_navis",1032.03158494532
"7901009",41,0,1,0.031773,1,0.009345,1,171.082139803959,1,4.84477540443463,974,1,5.18200016021729,34.9039993286133,0.0317730009555817,0,164.97590637207,-86.0904,21.9473,11.9249318305899,63,63,63,63,61,63,0,9004,1.9064526870154,22,-86,0.001869,51,2024-07-21 20:29:40.002188,974,1.037,0.0011,"aoml_navis",1032.03958545184
"7901009",41,0,1,0.024297,1,0.001869,1,171.163441259307,1,4.84473283959134,976,1,5.18200016021729,34.9039993286133,0.0242970008403063,0,165.054306030273,-86.0904,21.9473,11.9249318305899,63,63,63,63,61,63,0,9004,1.9064526870154,22,-86,0.001869,51,2024-07-21 20:29:40.002188,976,1.037,0.0011,"aoml_navis",1032.048652743
"7901009",41,0,1,0.029904,1,0.007476,1,174.886313700992,1,4.84419176230149,999.099975585938,1,5.13500022888184,34.9090003967285,0.0299040004611015,0,168.644302368164,-86.0904,21.9473,11.9249318305899,63,63,63,63,61,63,0,9004,1.9064526870154,22,-86,0.001869,51,2024-07-21 20:29:40.002188,999.099975585938,1.037,0.0011,"aoml_navis",1032.1639285445
"7901009",41,0,1,0.029904,1,0.007476,1,180.707991598956,1,4.84299875794168,1049.40002441406,1,4.97060012817383,34.9129981994629,0.0299040004611015,0,174.258193969727,-86.0904,21.9473,11.9249318305899,63,63,63,63,61,63,0,9004,1.9064526870154,22,-86,0.001869,51,2024-07-21 20:29:40.002188,1049.40002441406,1.037,0.0011,"aoml_navis",1032.41818755391
"7901009",41,0,1,0.035511,1,0.013083,1,185.333898831458,1,4.84183156092618,1099.80004882812,1,4.8467001914978,34.9169998168945,0.0355109982192516,0,178.718994140625,-86.0904,21.9473,11.9249318305899,63,63,63,63,61,63,0,9004,1.9064526870154,22,-86,0.001869,51,2024-07-21 20:29:40.002188,1099.80004882812,1.037,0.0011,"aoml_navis",1032.66706763413
"7901009",41,0,1,0.028035,1,0.005607,1,189.089446926179,1,4.84064465915015,1149.69995117188,1,4.68610000610352,34.9230003356934,0.0280349999666214,0,182.34049987793,-86.0904,21.9473,11.9249318305899,63,63,63,63,61,63,0,9004,1.9064526870154,22,-86,0.001869,51,2024-07-21 20:29:40.002188,1149.69995117188,1.037,0.0011,"aoml_navis",1032.92027241633
"7901009",41,0,1,0.031773,1,0.009345,1,191.24208413627,1,4.83953192593732,1199.09997558594,1,4.59819984436035,34.9249992370605,0.0317730009555817,0,184.416305541992,-86.0904,21.9473,11.9249318305899,63,63,63,63,61,63,0,9004,1.9064526870154,22,-86,0.001869,51,2024-07-21 20:29:40.002188,1199.09997558594,1.037,0.0011,"aoml_navis",1033.15776742843
"7901009",41,0,1,0.031773,1,0.009345,1,192.512415420181,1,4.83844663206237,1249.30004882812,1,4.57049989700317,34.9259986877441,0.0317730009555817,0,185.641296386719,-86.0904,21.9473,11.9249318305899,63,63,63,63,61,63,0,9004,1.9064526870154,22,-86,0.001869,51,2024-07-21 20:29:40.002188,1249.30004882812,1.037,0.0011,"aoml_navis",1033.38951118466
"7901009",42,0.0254892242178195,1,0.071022,1,0.048594,1,190.826916788835,1,4.88926328703121,2,1,30.0240001678467,36.2299995422363,0.0710219964385033,0.0579390004277229,184.015899658203,-86.0661,22.0463,16.4362467759444,63,63,63,63,61,63,0.048594,9004,1.9064526870154,22,-86,0.001869,51,2024-08-01 01:40:51.000165,2,1.037,0.0011,"aoml_navis",1022.64895679939
"7901009",42,0.0205874503297773,1,0.061677,1,0.039249,1,190.787816758089,1,4.88922579374614,4,1,30.0259990692139,36.2299995422363,0.0616770014166832,0.0485940016806126,183.97819519043,-86.0661,22.0463,16.4362467759444,63,63,63,63,61,63,0.039249,9004,1.9064526870154,22,-86,0.001869,51,2024-08-01 01:40:51.000165,4,1.037,0.0011,"aoml_navis",1022.65679903668
"7901009",42,0.0225481598849942,1,0.065415,1,0.042987,1,190.748827492302,1,4.88918502388158,6,1,30.0259990692139,36.2299995422363,0.0654150024056435,0.0523319989442825,183.94059753418,-86.0661,22.0463,16.4362467759444,63,63,63,63,61,63,0.042987,9004,1.9064526870154,22,-86,0.001869,51,2024-08-01 01:40:51.000165,6,1.037,0.0011,"aoml_navis",1022.66532675224
"7901009",42,0.0205874503297773,1,0.061677,1,0.039249,1,190.681419102591,1,4.88913873014138,8,1,30.0270004272461,36.2319984436035,0.0616770014166832,0.0485940016806126,183.875595092773,-86.0661,22.0463,16.4362467759444,63,63,63,63,61,63,0.039249,9004,1.9064526870154,22,-86,0.001869,51,2024-08-01 01:40:51.000165,8,1.037,0.0011,"aoml_navis",1022.67501005344
"7901009",42,0.024508869440211,1,0.069153,1,0.046725,1,190.640467714663,1,4.88909756672644,10.1000003814697,1,30.0279998779297,36.2319984436035,0.0691530033946037,0.0560699999332428,183.83610534668,-86.0661,22.0463,16.4362467759444,63,63,63,63,61,63,0.046725,9004,1.9064526870154,22,-86,0.001869,51,2024-08-01 01:40:51.000165,10.1000003814697,1.037,0.0011,"aoml_navis",1022.68362039415
"7901009",42,0.0235285146626026,1,0.067284,1,0.044856,1,190.603440571018,1,4.88903556020987,12,1,30.0160007476807,36.2330017089844,0.0672840029001236,0.0542009994387627,183.800399780273,-86.0661,22.0463,16.4362467759444,63,63,63,63,61,63,0.044856,9004,1.9064526870154,22,-86,0.001869,51,2024-08-01 01:40:51.000165,12,1.037,0.0011,"aoml_navis",1022.69659085592
"7901009",42,0.0313713528834701,1,0.082236,1,0.059808,1,190.601779096624,1,4.88893485262941,14,1,29.9860000610352,36.2360000610352,0.0822359994053841,0.0691530033946037,183.798797607422,-86.0661,22.0463,16.4362467759444,63,63,63,63,61,63,0.059808,9004,1.9064526870154,22,-86,0.001869,51,2024-08-01 01:40:51.000165,14,1.037,0.0011,"aoml_navis",1022.71765746906
"7901009",42,0.0274499337730364,4,0.07476,1,0.052332,1,190.506173112906,1,4.88890915337151,16,1,29.9930000305176,36.2350006103516,0.0747599974274635,0.0616770014166832,183.706604003906,-86.0661,22.0463,16.4362467759444,63,63,63,63,61,63,0.052332,9004,1.9064526870154,22,-86,0.001869,51,2024-08-01 01:40:51.000165,16,1.037,0.0011,"aoml_navis",1022.72303353231
"7901009",42,0.0323517076610786,1,0.084105,1,0.061677,1,190.464794488705,1,4.88878226203359,18,1,29.94700050354,36.2379989624023,0.0841049998998642,0.0710219964385033,183.666702270508,-86.0661,22.0463,16.4362467759444,63,63,63,63,61,63,0.061677,9004,1.9064526870154,22,-86,0.001869,51,2024-08-01 01:40:51.000165,18,1.037,0.0011,"aoml_navis",1022.74957893505
"7901009",42,0.0323517076610786,1,0.084105,1,0.061677,1,190.480871231416,1,4.88868910902081,20,1,29.9150009155273,36.2379989624023,0.0841049998998642,0.0710219964385033,183.682205200195,-86.0661,22.0463,16.4362467759444,63,63,63,63,61,63,0.061677,9004,1.9064526870154,22,-86,0.001869,51,2024-08-01 01:40:51.000165,20,1.037,0.0011,"aoml_navis",1022.76906722782
"7901009",42,0.0352927719939039,1,0.089712,1,0.067284,1,190.438764723195,1,4.88862075275163,22.1000003814697,1,29.8950004577637,36.2360000610352,0.0897120013833046,0.0766289979219437,183.6416015625,-86.0661,22.0463,16.4362467759444,63,63,63,63,61,63,0.067284,9004,1.9064526870154,22,-86,0.001869,51,2024-08-01 01:40:51.000165,22.1000003814697,1.037,0.0011,"aoml_navis",1022.78336833261
"7901009",42,0.0372534815491208,1,0.09345,1,0.071022,1,191.500035448446,1,4.888434622524,23.8999996185303,1,29.7859992980957,36.2280006408691,0.0934500023722649,0.0803669989109039,184.664993286133,-86.0661,22.0463,16.4362467759444,63,63,63,63,61,63,0.071022,9004,1.9064526870154,22,-86,0.001869,51,2024-08-01 01:40:51.000165,23.8999996185303,1.037,0.0011,"aoml_navis",1022.82231145364
"7901009",42,0.0382338363267292,1,0.095319,1,0.072891,1,193.306311292102,1,4.8878652861668,26,1,29.4799995422363,36.2360000610352,0.095319002866745,0.0822359994053841,186.406799316406,-86.0661,22.0463,16.4362467759444,63,63,63,63,61,63,0.072891,9004,1.9064526870154,22,-86,0.001869,51,2024-08-01 01:40:51.000165,26,1.037,0.0011,"aoml_navis",1022.94144933792
"7901009",42,0.0362731267715123,1,0.091581,1,0.069153,1,194.133646422636,1,4.88755676535421,28,1,29.3390007019043,36.2470016479492,0.0915810018777847,0.0784979984164238,187.204605102539,-86.0661,22.0463,16.4362467759444,63,63,63,63,61,63,0.069153,9004,1.9064526870154,22,-86,0.001869,51,2024-08-01 01:40:51.000165,28,1.037,0.0011,"aoml_navis",1023.00602121756
"7901009",42,0.0401945458819461,1,0.099057,1,0.076629,1,194.668530412641,1,4.88717719211117,30,1,29.1979999542236,36.2779998779297,0.0990569964051247,0.0859740003943443,187.720397949219,-86.0661,22.0463,16.4362467759444,63,63,63,63,61,63,0.076629,9004,1.9064526870154,22,-86,0.001869,51,2024-08-01 01:40:51.000165,30,1.037,0.0011,"aoml_navis",1023.08547520457
"7901009",42,0.0441159649923799,1,0.106533,1,0.084105,1,194.874268413353,1,4.88700142484843,32,1,29.1319999694824,36.2859992980957,0.106532998383045,0.0934500023722649,187.918792724609,-86.0661,22.0463,16.4362467759444,63,63,63,63,61,63,0.084105,9004,1.9064526870154,22,-86,0.001869,51,2024-08-01 01:40:51.000165,32,1.037,0.0011,"aoml_navis",1023.12227178347
"7901009",42,0.0480373841028136,1,0.114009,1,0.091581,1,195.160279362658,1,4.88675710983223,34,1,29.0209999084473,36.2929992675781,0.114009000360966,0.100925996899605,188.194595336914,-86.0661,22.0463,16.4362467759444,63,63,63,63,61,63,0.091581,9004,1.9064526870154,22,-86,0.001869,51,2024-08-01 01:40:51.000165,34,1.037,0.0011,"aoml_navis",1023.17342311529
"7901009",42,0.0490177388804221,1,0.115878,1,0.09345,1,195.473364432807,1,4.88656052448578,36,1,28.8880004882812,36.2770004272461,0.115878000855446,0.102794997394085,188.496505737305,-86.0661,22.0463,16.4362467759444,63,63,63,63,61,63,0.09345,9004,1.9064526870154,22,-86,0.001869,51,2024-08-01 01:40:51.000165,36,1.037,0.0011,"aoml_navis",1023.21458517618
"7901009",42,0.050978448435639,1,0.119616,1,0.097188,1,195.46671853523,1,4.8864161358614,38,1,28.8120002746582,36.2719993591309,0.119616001844406,0.106532998383045,188.490097045898,-86.0661,22.0463,16.4362467759444,63,63,63,63,61,63,0.097188,9004,1.9064526870154,22,-86,0.001869,51,2024-08-01 01:40:51.000165,38,1.037,0.0011,"aoml_navis",1023.24482012594
"7901009",42,0.0548998675460727,1,0.127092,1,0.104664,1,195.487668936163,1,4.88615471139057,40,1,28.7119998931885,36.2890014648438,0.127092003822327,0.114009000360966,188.510299682617,-86.0661,22.0463,16.4362467759444,63,63,63,63,61,63,0.104664,9004,1.9064526870154,22,-86,0.001869,51,2024-08-01 01:40:51.000165,40,1.037,0.0011,"aoml_navis",1023.29956690565
"7901009",42,0.0666641248773741,1,0.14952,1,0.127092,1,196.073172512715,1,4.88583072937227,42,1,28.5249996185303,36.2849998474121,0.149519994854927,0.136436998844147,189.074905395508,-86.0661,22.0463,16.4362467759444,63,63,63,63,61,63,0.127092,9004,1.9064526870154,22,-86,0.001869,51,2024-08-01 01:40:51.000165,42,1.037,0.0011,"aoml_navis",1023.36742244085
"7901009",42,0.0676444796549825,1,0.151389,1,0.128961,1,195.50820792439,1,4.88571543757381,44,1,28.4689998626709,36.2809982299805,0.151389002799988,0.138306006789207,188.53010559082,-86.0661,22.0463,16.4362467759444,63,63,63,63,61,63,0.128961,9004,1.9064526870154,22,-86,0.001869,51,2024-08-01 01:40:51.000165,44,1.037,0.0011,"aoml_navis",1023.39157158996
"7901009",42,0.0647034153221572,4,0.145782,1,0.123354,1,194.477729857913,1,4.88563637724972,46,1,28.5149993896484,36.3120002746582,0.145781993865967,0.132698997855186,187.536407470703,-86.0661,22.0463,16.4362467759444,63,63,63,63,61,63,0.123354,9004,1.9064526870154,22,-86,0.001869,51,2024-08-01 01:40:51.000165,46,1.037,0.0011,"aoml_navis",1023.40813231268
"7901009",42,0.0735266083206331,1,0.162603,1,0.140175,1,194.320823380828,1,4.88557124353422,48,1,28.5200004577637,36.3209991455078,0.162603005766869,0.149519994854927,187.385101318359,-86.0661,22.0463,16.4362467759444,63,63,63,63,61,63,0.140175,9004,1.9064526870154,22,-86,0.001869,51,2024-08-01 01:40:51.000165,48,1.037,0.0011,"aoml_navis",1023.421776239
"7901009",42,0.0735266083206331,1,0.162603,1,0.140175,1,194.672375539097,1,4.88540457967275,50.0999984741211,1,28.451000213623,36.3250007629395,0.162603005766869,0.149519994854927,187.724105834961,-86.0661,22.0463,16.4362467759444,63,63,63,63,61,63,0.140175,9004,1.9064526870154,22,-86,0.001869,51,2024-08-01 01:40:51.000165,50.0999984741211,1.037,0.0011,"aoml_navis",1023.45668991347
"7901009",42,0.07548731787585,1,0.166341,1,0.143913,1,195.728044722105,1,4.8852236457335,52,1,28.3339996337891,36.3129997253418,0.166341006755829,0.153257995843887,188.742095947266,-86.0661,22.0463,16.4362467759444,63,63,63,63,61,63,0.143913,9004,1.9064526870154,22,-86,0.001869,51,2024-08-01 01:40:51.000165,52,1.037,0.0011,"aoml_navis",1023.49459566027
"7901009",42,0.084310510874326,1,0.183162,1,0.160734,1,195.723582476589,1,4.88500579059982,54,1,28.2560005187988,36.3279991149902,0.183162003755569,0.170078992843628,188.73779296875,-86.0661,22.0463,16.4362467759444,63,63,63,63,61,63,0.160734,9004,1.9064526870154,22,-86,0.001869,51,2024-08-01 01:40:51.000165,54,1.037,0.0011,"aoml_navis",1023.54024014085
"7901009",42,0.0999961873160611,1,0.213066,1,0.190638,1,195.497827665317,1,4.88473342112986,56,1,28.181999206543,36.3600006103516,0.21306599676609,0.19998300075531,188.520095825195,-86.0661,22.0463,16.4362467759444,63,63,63,63,61,63,0.190638,9004,1.9064526870154,22,-86,0.001869,51,2024-08-01 01:40:51.000165,56,1.037,0.0011,"aoml_navis",1023.59731206037
"7901009",42,0.10685867075932,1,0.226149,1,0.203721,1,194.949556938763,1,4.88452113370057,58,1,28.1049995422363,36.3740005493164,0.226148992776871,0.21306599676609,187.991394042969,-86.0661,22.0463,16.4362467759444,63,63,63,63,61,63,0.203721,9004,1.9064526870154,22,-86,0.001869,51,2024-08-01 01:40:51.000165,58,1.037,0.0011,"aoml_navis",1023.64179888642
"7901009",42,0.115681863757796,1,0.24297,1,0.220542,1,194.065620913864,1,4.88427112136228,60.0999984741211,1,28.011999130249,36.390998840332,0.242970004677773,0.229886993765831,187.139007568359,-86.0661,22.0463,16.4362467759444,63,63,63,63,61,63,0.220542,9004,1.9064526870154,22,-86,0.001869,51,2024-08-01 01:40:51.000165,60.0999984741211,1.037,0.0011,"aoml_navis",1023.6941962807
"7901009",42,0.134308604532357,1,0.278481,1,0.256053,1,192.040742510614,1,4.8839108821227,61.9000015258789,1,27.9109992980957,36.4370002746582,0.278481006622314,0.265397995710373,185.186401367188,-86.0661,22.0463,16.4362467759444,63,63,63,63,61,63,0.256053,9004,1.9064526870154,22,-86,0.001869,51,2024-08-01 01:40:51.000165,61.9000015258789,1.037,0.0011,"aoml_navis",1023.76970437815
"7901009",42,0.136269314087573,1,0.282219,1,0.259791,1,191.288490199137,1,4.88359438624815,64,1,27.8209991455078,36.4739990234375,0.282218992710114,0.269136011600494,184.460998535156,-86.0661,22.0463,16.4362467759444,63,63,63,63,61,63,0.259791,9004,1.9064526870154,22,-86,0.001869,51,2024-08-01 01:40:51.000165,64,1.037,0.0011,"aoml_navis",1023.836052822
"7901009",42,0.136269314087573,1,0.282219,1,0.259791,1,191.07817918795,1,4.88342660688827,66,1,27.7649993896484,36.4850006103516,0.282218992710114,0.269136011600494,184.258193969727,-86.0661,22.0463,16.4362467759444,63,63,63,63,61,63,0.259791,9004,1.9064526870154,22,-86,0.001869,51,2024-08-01 01:40:51.000165,66,1.037,0.0011,"aoml_navis",1023.87122864656
"7901009",42,0.140190733198007,1,0.289695,1,0.267267,1,190.887995752282,1,4.88335913532339,68,1,27.7409992218018,36.4819984436035,0.289694994688034,0.276612013578415,184.074798583984,-86.0661,22.0463,16.4362467759444,63,63,63,63,61,63,0.267267,9004,1.9064526870154,22,-86,0.001869,51,2024-08-01 01:40:51.000165,68,1.037,0.0011,"aoml_navis",1023.88537509619
"7901009",42,0.149994280974092,1,0.308385,1,0.285957,1,190.478276166648,1,4.883240959919,70.1999969482422,1,27.6940002441406,36.4819984436035,0.308385014533997,0.295302003622055,183.679702758789,-86.0661,22.0463,16.4362467759444,63,63,63,63,61,63,0.285957,9004,1.9064526870154,22,-86,0.001869,51,2024-08-01 01:40:51.000165,70.1999969482422,1.037,0.0011,"aoml_navis",1023.91015332631
"7901009",42,0.183326343412779,1,0.371931,1,0.349503,1,189.240287860105,1,4.88303034282633,71.5,1,27.5849990844727,36.4860000610352,0.371930986642838,0.358848005533218,182.485900878906,-86.0661,22.0463,16.4362467759444,63,63,63,63,61,63,0.349503,9004,1.9064526870154,22,-86,0.001869,51,2024-08-01 01:40:51.000165,71.5,1.037,0.0011,"aoml_navis",1023.95431708621
"7901009",42,0.244108339624502,1,0.487809,1,0.465381,1,184.201225904977,1,4.88211281368146,74,1,27.1690006256104,36.5480003356934,0.487809002399445,0.474725991487503,177.626693725586,-86.0661,22.0463,16.4362467759444,63,63,63,63,61,63,0.465381,9004,1.9064526870154,22,-86,0.001869,51,2024-08-01 01:40:51.000165,74,1.037,0.0011,"aoml_navis",1024.14675588573
"7901009",42,0.341163462607738,1,0.67284,1,0.650412,1,182.029409871009,1,4.8808575648811,76,1,26.6219997406006,36.6529998779297,0.672839999198914,0.659757018089294,175.53239440918,-86.0661,22.0463,16.4362467759444,63,63,63,63,61,63,0.650412,9004,1.9064526870154,22,-86,0.001869,51,2024-08-01 01:40:51.000165,76,1.037,0.0011,"aoml_navis",1024.41014381902
"7901009",42,0.409788297040329,1,0.80367,1,0.781242,1,181.04144972546,1,4.88039516552922,78.0999984741211,1,26.4449996948242,36.6949996948242,0.803669989109039,0.79058700799942,174.579696655273,-86.0661,22.0463,16.4362467759444,63,63,63,63,61,63,0.781242,9004,1.9064526870154,22,-86,0.001869,51,2024-08-01 01:40:51.000165,78.0999984741211,1.037,0.0011,"aoml_navis",1024.50720288299
"7901009",42,0.444100714256624,1,0.869085,1,0.846657,1,180.64334463702,1,4.88024137641483,80,1,26.4069995880127,36.7109985351562,0.869085013866425,0.856001973152161,174.19580078125,-86.0661,22.0463,16.4362467759444,63,63,63,63,61,63,0.846657,9004,1.9064526870154,22,-86,0.001869,51,2024-08-01 01:40:51.000165,80,1.037,0.0011,"aoml_navis",1024.53948777287
"7901009",42,0.448022133367058,1,0.876561,1,0.854133,1,179.933198833764,1,4.88014212913655,82,1,26.3850002288818,36.7179985046387,0.876560986042023,0.863478004932404,173.511001586914,-86.0661,22.0463,16.4362467759444,63,63,63,63,61,63,0.854133,9004,1.9064526870154,22,-86,0.001869,51,2024-08-01 01:40:51.000165,82,1.037,0.0011,"aoml_navis",1024.56032379628
"7901009",42,0.414690070928371,1,0.813015,1,0.790587,1,176.139388201816,1,4.87993047023375,84,1,26.3099994659424,36.734001159668,0.813014984130859,0.79993200302124,169.852600097656,-86.0661,22.0463,16.4362467759444,63,63,63,63,61,63,0.790587,9004,1.9064526870154,22,-86,0.001869,51,2024-08-01 01:40:51.000165,84,1.037,0.0011,"aoml_navis",1024.60476240361
"7901009",42,0.342143817385346,1,0.674709,1,0.652281,1,172.948502892212,1,4.87936509053676,86,1,26.0690002441406,36.7789993286133,0.674709022045135,0.661625981330872,166.775604248047,-86.0661,22.0463,16.4362467759444,63,63,63,63,61,63,0.652281,9004,1.9064526870154,22,-86,0.001869,51,2024-08-01 01:40:51.000165,86,1.037,0.0011,"aoml_navis",1024.72348496676
"7901009",42,0.307831400169051,1,0.609294,1,0.586866,1,169.869711721743,1,4.8791417761651,88.1999969482422,1,25.9619998931885,36.7840003967285,0.60929399728775,0.596211016178131,163.806701660156,-86.0661,22.0463,16.4362467759444,63,63,63,63,61,63,0.586866,9004,1.9064526870154,22,-86,0.001869,51,2024-08-01 01:40:51.000165,88.1999969482422,1.037,0.0011,"aoml_navis",1024.77038573163
"7901009",42,0.237245856181243,1,0.474726,1,0.452298,1,165.544640696326,1,4.87870161712837,89.9000015258789,1,25.7000007629395,36.7879981994629,0.474725991487503,0.461643010377884,159.636001586914,-86.0661,22.0463,16.4362467759444,63,63,63,63,61,63,0.452298,9004,1.9064526870154,22,-86,0.001869,51,2024-08-01 01:40:51.000165,89.9000015258789,1.037,0.0011,"aoml_navis",1024.86284105709
"7901009",42,0.220579824961899,1,0.442953,1,0.420525,1,163.314546470032,1,4.87835088267689,92,1,25.511999130249,36.7960014343262,0.442952990531921,0.429870009422302,157.485504150391,-86.0661,22.0463,16.4362467759444,63,63,63,63,61,63,0.420525,9004,1.9064526870154,22,-86,0.001869,51,2024-08-01 01:40:51.000165,92,1.037,0.0011,"aoml_navis",1024.9365247086
"7901009",42,0.185287052967996,1,0.375669,1,0.353241,1,158.51430959141,1,4.87796856484451,93.9000015258789,1,25.3159999847412,36.8110008239746,0.375669002532959,0.362585991621017,152.856597900391,-86.0661,22.0463,16.4362467759444,63,63,63,63,61,63,0.353241,9004,1.9064526870154,22,-86,0.001869,51,2024-08-01 01:40:51.000165,93.9000015258789,1.037,0.0011,"aoml_navis",1025.01685558922
"7901009",42,0.125485411533881,1,0.26166,1,0.239232,1,155.750249141919,1,4.87644214719851,96,1,24.5809993743896,36.9249992370605,0.261660009622574,0.248576998710632,150.191192626953,-86.0661,22.0463,16.4362467759444,63,63,63,63,61,63,0.239232,9004,1.9064526870154,22,-86,0.001869,51,2024-08-01 01:40:51.000165,96,1.037,0.0011,"aoml_navis",1025.33770504639
"7901009",42,0.122544347201055,1,0.256053,1,0.233625,1,155.539637482984,1,4.87606226162122,98,1,24.4309997558594,36.9589996337891,0.256053000688553,0.242970004677773,149.988098144531,-86.0661,22.0463,16.4362467759444,63,63,63,63,61,63,0.233625,9004,1.9064526870154,22,-86,0.001869,51,2024-08-01 01:40:51.000165,98,1.037,0.0011,"aoml_navis",1025.41758733359
"7901009",42,0.118622928090621,1,0.248577,1,0.226149,1,154.909653863362,1,4.87598754581872,100,1,24.4349994659424,36.9700012207031,0.248576998710632,0.235494002699852,149.380599975586,-86.0661,22.0463,16.4362467759444,63,63,63,63,61,63,0.226149,9004,1.9064526870154,22,-86,0.001869,51,2024-08-01 01:40:51.000165,100,1.037,0.0011,"aoml_navis",1025.43330002711
"7901009",42,0.112740799424971,1,0.237363,1,0.214935,1,153.732744520267,1,4.87584211004878,101.900001525879,1,24.3810005187988,36.9780006408691,0.237362995743752,0.224279999732971,148.245697021484,-86.0661,22.0463,16.4362467759444,63,63,63,63,61,63,0.214935,9004,1.9064526870154,22,-86,0.001869,51,2024-08-01 01:40:51.000165,101.900001525879,1.037,0.0011,"aoml_navis",1025.46388647314
"7901009",42,0.10685867075932,4,0.226149,1,0.203721,1,152.735147823231,1,4.87546300996741,104,1,24.1770000457764,36.9900016784668,0.226148992776871,0.21306599676609,147.283706665039,-86.0661,22.0463,16.4362467759444,63,63,63,63,61,63,0.203721,9004,1.9064526870154,22,-86,0.001869,51,2024-08-01 01:40:51.000165,104,1.037,0.0011,"aoml_navis",1025.54362319599
"7901009",42,0.110780089869754,1,0.233625,1,0.211197,1,152.275425770111,1,4.87484963500097,106,1,23.7929992675781,36.9970016479492,0.233624994754791,0.220541998744011,146.840393066406,-86.0661,22.0463,16.4362467759444,63,63,63,63,61,63,0.211197,9004,1.9064526870154,22,-86,0.001869,51,2024-08-01 01:40:51.000165,106,1.037,0.0011,"aoml_navis",1025.67266159359
"7901009",42,0.111760444647362,1,0.235494,1,0.213066,1,152.818411425734,1,4.87436051803774,108,1,23.431999206543,36.9799995422363,0.235494002699852,0.222411006689072,147.363998413086,-86.0661,22.0463,16.4362467759444,63,63,63,63,61,63,0.213066,9004,1.9064526870154,22,-86,0.001869,51,2024-08-01 01:40:51.000165,108,1.037,0.0011,"aoml_navis",1025.77558256049
"7901009",42,0.109799735092145,1,0.231756,1,0.209328,1,153.162083448304,1,4.87424458482781,110,1,23.32200050354,36.9580001831055,0.231756001710892,0.218673005700111,147.695404052734,-86.0661,22.0463,16.4362467759444,63,63,63,63,61,63,0.209328,9004,1.9064526870154,22,-86,0.001869,51,2024-08-01 01:40:51.000165,110,1.037,0.0011,"aoml_navis",1025.79998048593
"7901009",42,0.109799735092145,1,0.231756,1,0.209328,1,153.179394429136,1,4.87420225220808,112,1,23.30299949646,36.951000213623,0.231756001710892,0.218673005700111,147.712097167969,-86.0661,22.0463,16.4362467759444,63,63,63,63,61,63,0.209328,9004,1.9064526870154,22,-86,0.001869,51,2024-08-01 01:40:51.000165,112,1.037,0.0011,"aoml_navis",1025.8088895952
"7901009",42,0.107839025536929,1,0.228018,1,0.20559,1,153.148079592695,1,4.87408348160479,114,1,23.1879997253418,36.9280014038086,0.228018000721931,0.214935004711151,147.681900024414,-86.0661,22.0463,16.4362467759444,63,63,63,63,61,63,0.20559,9004,1.9064526870154,22,-86,0.001869,51,2024-08-01 01:40:51.000165,114,1.037,0.0011,"aoml_navis",1025.8338862825
"7901009",42,0.10685867075932,1,0.226149,1,0.203721,1,152.719276786874,1,4.87388609391333,116,1,23.0419998168945,36.9150009155273,0.226148992776871,0.21306599676609,147.268402099609,-86.0661,22.0463,16.4362467759444,63,63,63,63,61,63,0.203721,9004,1.9064526870154,22,-86,0.001869,51,2024-08-01 01:40:51.000165,116,1.037,0.0011,"aoml_navis",1025.87543156664
"7901009",42,0.10097654209367,1,0.214935,1,0.192507,1,151.530025062565,1,4.87383126033856,118,1,23.1019992828369,36.9420013427734,0.214935004711151,0.20185199379921,146.121597290039,-86.0661,22.0463,16.4362467759444,63,63,63,63,61,63,0.192507,9004,1.9064526870154,22,-86,0.001869,51,2024-08-01 01:40:51.000165,118,1.037,0.0011,"aoml_navis",1025.88697329104
"7901009",42,0.0999961873160611,1,0.213066,1,0.190638,1,150.657276298587,1,4.87375419660423,120,1,23.0890007019043,36.9469985961914,0.21306599676609,0.19998300075531,145.279998779297,-86.0661,22.0463,16.4362467759444,63,63,63,63,61,63,0.190638,9004,1.9064526870154,22,-86,0.001869,51,2024-08-01 01:40:51.000165,120,1.037,0.0011,"aoml_navis",1025.90319460176
"7901009",42,0.0892122847623682,1,0.192507,1,0.170079,1,150.326057422191,1,4.87350521329672,122,1,22.9080009460449,36.935001373291,0.19250699877739,0.179424002766609,144.960601806641,-86.0661,22.0463,16.4362467759444,63,63,63,63,61,63,0.170079,9004,1.9064526870154,22,-86,0.001869,51,2024-08-01 01:40:51.000165,122,1.037,0.0011,"aoml_navis",1025.9556071384
"7901009",42,0.0911729943175851,1,0.196245,1,0.173817,1,150.321072999008,1,4.87323291182037,124,1,22.6620006561279,36.9049987792969,0.19624499976635,0.183162003755569,144.955795288086,-86.0661,22.0463,16.4362467759444,63,63,63,63,61,63,0.173817,9004,1.9064526870154,22,-86,0.001869,51,2024-08-01 01:40:51.000165,124,1.037,0.0011,"aoml_navis",1026.01293442637
"7901009",42,0.0872515752071513,1,0.188769,1,0.166341,1,149.883456467115,1,4.87305758906421,126,1,22.5300006866455,36.8919982910156,0.188768997788429,0.175686001777649,144.533798217773,-86.0661,22.0463,16.4362467759444,63,63,63,63,61,63,0.166341,9004,1.9064526870154,22,-86,0.001869,51,2024-08-01 01:40:51.000165,126,1.037,0.0011,"aoml_navis",1026.04984829661
"7901009",42,0.07548731787585,1,0.166341,1,0.143913,1,148.715566556446,1,4.87292022720338,128,1,22.5359992980957,36.9210014343262,0.166341006755829,0.153257995843887,143.407592773438,-86.0661,22.0463,16.4362467759444,63,63,63,63,61,63,0.143913,9004,1.9064526870154,22,-86,0.001869,51,2024-08-01 01:40:51.000165,128,1.037,0.0011,"aoml_navis",1026.07877142892
"7901009",42,0.0715658987654162,1,0.158865,1,0.136437,1,148.812944779518,1,4.87276388073773,130,1,22.42799949646,36.9119987487793,0.158865004777908,0.145781993865967,143.501495361328,-86.0661,22.0463,16.4362467759444,63,63,63,63,61,63,0.136437,9004,1.9064526870154,22,-86,0.001869,51,2024-08-01 01:40:51.000165,130,1.037,0.0011,"aoml_navis",1026.11169397418
"7901009",42,0.0705855439878078,1,0.156996,1,0.134568,1,148.72189598271,1,4.87267536478712,132,1,22.3430004119873,36.8930015563965,0.156995996832848,0.143913000822067,143.413696289062,-86.0661,22.0463,16.4362467759444,63,63,63,63,61,63,0.134568,9004,1.9064526870154,22,-86,0.001869,51,2024-08-01 01:40:51.000165,132,1.037,0.0011,"aoml_navis",1026.13033409387
"7901009",42,0.0715658987654162,1,0.158865,1,0.136437,1,147.947981209845,1,4.87257556283631,134,1,22.2759990692139,36.8839988708496,0.158865004777908,0.145781993865967,142.667404174805,-86.0661,22.0463,16.4362467759444,63,63,63,63,61,63,0.136437,9004,1.9064526870154,22,-86,0.001869,51,2024-08-01 01:40:51.000165,134,1.037,0.0011,"aoml_navis",1026.15135168669
"7901009",42,0.0637230605445487,1,0.143913,1,0.121485,1,146.651603946017,1,4.87239279435345,136,1,22.1770000457764,36.8860015869141,0.143913000822067,0.130830004811287,141.417297363281,-86.0661,22.0463,16.4362467759444,63,63,63,63,61,63,0.121485,9004,1.9064526870154,22,-86,0.001869,51,2024-08-01 01:40:51.000165,136,1.037,0.0011,"aoml_navis",1026.18984368305
"7901009",42,0.0548998675460727,1,0.127092,1,0.104664,1,146.178004625812,1,4.87205448751096,138,1,21.992000579834,36.898998260498,0.127092003822327,0.114009000360966,140.960601806641,-86.0661,22.0463,16.4362467759444,63,63,63,63,61,63,0.104664,9004,1.9064526870154,22,-86,0.001869,51,2024-08-01 01:40:51.000165,138,1.037,0.0011,"aoml_navis",1026.26110048995
"7901009",42,0.0529391579908559,1,0.123354,1,0.100926,1,145.94478109155,1,4.87194464897151,140,1,21.9409999847412,36.898998260498,0.123354002833366,0.110270999372005,140.735702514648,-86.0661,22.0463,16.4362467759444,63,63,63,63,61,63,0.100926,9004,1.9064526870154,22,-86,0.001869,51,2024-08-01 01:40:51.000165,140,1.037,0.0011,"aoml_navis",1026.28423766176
"7901009",42,0.0529391579908559,1,0.123354,1,0.100926,1,145.565126280669,1,4.87187039539617,142,1,21.9109992980957,36.8969993591309,0.123354002833366,0.110270999372005,140.369598388672,-86.0661,22.0463,16.4362467759444,63,63,63,63,61,63,0.100926,9004,1.9064526870154,22,-86,0.001869,51,2024-08-01 01:40:51.000165,142,1.037,0.0011,"aoml_navis",1026.29987955445
"7901009",42,0.0470570293252052,1,0.11214,1,0.089712,1,144.869079274416,1,4.87181055042346,144,1,21.8889999389648,36.8940010070801,0.112139999866486,0.0990569964051247,139.698394775391,-86.0661,22.0463,16.4362467759444,63,63,63,63,61,63,0.089712,9004,1.9064526870154,22,-86,0.001869,51,2024-08-01 01:40:51.000165,144,1.037,0.0011,"aoml_navis",1026.31248654884
"7901009",42,0.0382338363267292,1,0.095319,1,0.072891,1,144.747554290147,1,4.8714845406174,146,1,21.6469993591309,36.882999420166,0.095319002866745,0.0822359994053841,139.581207275391,-86.0661,22.0463,16.4362467759444,63,63,63,63,61,63,0.072891,9004,1.9064526870154,22,-86,0.001869,51,2024-08-01 01:40:51.000165,146,1.037,0.0011,"aoml_navis",1026.38116949999
"7901009",42,0.0372534815491208,1,0.09345,1,0.071022,1,144.714467214352,1,4.87135045935928,148,1,21.55299949646,36.8740005493164,0.0934500023722649,0.0803669989109039,139.549301147461,-86.0661,22.0463,16.4362467759444,63,63,63,63,61,63,0.071022,9004,1.9064526870154,22,-86,0.001869,51,2024-08-01 01:40:51.000165,148,1.037,0.0011,"aoml_navis",1026.40942008053
"7901009",42,0.0352927719939039,1,0.089712,1,0.067284,1,144.609525326895,1,4.87126826127591,150,1,21.5139999389648,36.8709983825684,0.0897120013833046,0.0766289979219437,139.448104858398,-86.0661,22.0463,16.4362467759444,63,63,63,63,61,63,0.067284,9004,1.9064526870154,22,-86,0.001869,51,2024-08-01 01:40:51.000165,150,1.037,0.0011,"aoml_navis",1026.42673977688
"7901009",42,0.0372534815491208,1,0.09345,1,0.071022,1,144.445988775799,1,4.87121310539812,152,1,21.4979991912842,36.8689994812012,0.0934500023722649,0.0803669989109039,139.290405273438,-86.0661,22.0463,16.4362467759444,63,63,63,63,61,63,0.071022,9004,1.9064526870154,22,-86,0.001869,51,2024-08-01 01:40:51.000165,152,1.037,0.0011,"aoml_navis",1026.43836182391
"7901009",42,0.0343124172162955,1,0.087843,1,0.065415,1,144.207052934333,1,4.87116899451966,154,1,21.4930000305176,36.8680000305176,0.0878430008888245,0.0747599974274635,139.059997558594,-86.0661,22.0463,16.4362467759444,63,63,63,63,61,63,0.065415,9004,1.9064526870154,22,-86,0.001869,51,2024-08-01 01:40:51.000165,154,1.037,0.0011,"aoml_navis",1026.4476567381
"7901009",42,0.0352927719939039,1,0.089712,1,0.067284,1,143.710319561133,1,4.87113305819644,156,1,21.4860000610352,36.8639984130859,0.0897120013833046,0.0766289979219437,138.580993652344,-86.0661,22.0463,16.4362467759444,63,63,63,63,61,63,0.067284,9004,1.9064526870154,22,-86,0.001869,51,2024-08-01 01:40:51.000165,156,1.037,0.0011,"aoml_navis",1026.45522925856
"7901009",42,0.033332062438687,1,0.085974,1,0.063546,1,143.411982054179,1,4.87096328150313,158,1,21.3320007324219,36.8429985046387,0.0859740003943443,0.0728909969329834,138.293304443359,-86.0661,22.0463,16.4362467759444,63,63,63,63,61,63,0.063546,9004,1.9064526870154,22,-86,0.001869,51,2024-08-01 01:40:51.000165,158,1.037,0.0011,"aoml_navis",1026.49100620135
"7901009",42,0.024508869440211,1,0.069153,1,0.046725,1,143.32881339307,1,4.87069751671097,160,1,21.0769996643066,36.8120002746582,0.0691530033946037,0.0560699999332428,138.213104248047,-86.0661,22.0463,16.4362467759444,63,63,63,63,61,63,0.046725,9004,1.9064526870154,22,-86,0.001869,51,2024-08-01 01:40:51.000165,160,1.037,0.0011,"aoml_navis",1026.54701566776
"7901009",42,0.0215678051073857,1,0.063546,1,0.041118,1,143.598336186957,1,4.87028714216677,162,1,20.6840000152588,36.7719993591309,0.0635460019111633,0.0504629984498024,138.473007202148,-86.0661,22.0463,16.4362467759444,63,63,63,63,61,63,0.041118,9004,1.9064526870154,22,-86,0.001869,51,2024-08-01 01:40:51.000165,162,1.037,0.0011,"aoml_navis",1026.63351339394
"7901009",42,0.0205874503297773,1,0.061677,1,0.039249,1,143.510183102666,1,4.87009481074065,164,1,20.5060005187988,36.75,0.0616770014166832,0.0485940016806126,138.388000488281,-86.0661,22.0463,16.4362467759444,63,63,63,63,61,63,0.039249,9004,1.9064526870154,22,-86,0.001869,51,2024-08-01 01:40:51.000165,164,1.037,0.0011,"aoml_navis",1026.67405755076
"7901009",42,0.0156856764417351,4,0.052332,1,0.029904,1,143.519519006405,1,4.86987451577503,166,1,20.2940006256104,36.7239990234375,0.0523319989442825,0.0392489992082119,138.397003173828,-86.0661,22.0463,16.4362467759444,63,63,63,63,61,63,0.029904,9004,1.9064526870154,22,-86,0.001869,51,2024-08-01 01:40:51.000165,166,1.037,0.0011,"aoml_navis",1026.72050045714
"7901009",42,0.0196070955521688,1,0.059808,1,0.03738,1,143.604032670595,1,4.86967684231111,168,1,20.1040000915527,36.7000007629395,0.0598080009222031,0.0467250011861324,138.478500366211,-86.0661,22.0463,16.4362467759444,63,63,63,63,61,63,0.03738,9004,1.9064526870154,22,-86,0.001869,51,2024-08-01 01:40:51.000165,168,1.037,0.0011,"aoml_navis",1026.76217784239
"7901009",42,0.00980354777608442,4,0.041118,1,0.01869,1,143.789041800292,1,4.86946920416596,170,1,19.9050006866455,36.6759986877441,0.041117999702692,0.0280349999666214,138.65690612793,-86.0661,22.0463,16.4362467759444,63,63,63,63,61,63,0.01869,9004,1.9064526870154,22,-86,0.001869,51,2024-08-01 01:40:51.000165,170,1.037,0.0011,"aoml_navis",1026.8059598205
"7901009",42,0.0137249668865182,1,0.048594,1,0.026166,1,144.001409875015,1,4.86932018799133,172,1,19.7770004272461,36.6609992980957,0.0485940016806126,0.0355109982192516,138.861694335938,-86.0661,22.0463,16.4362467759444,63,63,63,63,61,63,0.026166,9004,1.9064526870154,22,-86,0.001869,51,2024-08-01 01:40:51.000165,172,1.037,0.0011,"aoml_navis",1026.83738324108
"7901009",42,0.00980354777608442,1,0.041118,1,0.01869,1,144.06902397108,1,4.86923199529726,174,1,19.7140007019043,36.6520004272461,0.041117999702692,0.0280349999666214,138.926895141602,-86.0661,22.0463,16.4362467759444,63,63,63,63,61,63,0.01869,9004,1.9064526870154,22,-86,0.001869,51,2024-08-01 01:40:51.000165,174,1.037,0.0011,"aoml_navis",1026.85598156527
"7901009",42,0.00980354777608442,1,0.041118,1,0.01869,1,144.052852286976,1,4.86914285485261,176,1,19.6529998779297,36.6440010070801,0.041117999702692,0.0280349999666214,138.91130065918,-86.0661,22.0463,16.4362467759444,63,63,63,63,61,63,0.01869,9004,1.9064526870154,22,-86,0.001869,51,2024-08-01 01:40:51.000165,176,1.037,0.0011,"aoml_navis",1026.87478043841
"7901009",42,0.00980354777608442,1,0.041118,1,0.01869,1,143.967088561098,1,4.86906139622457,178,1,19.5979995727539,36.6360015869141,0.041117999702692,0.0280349999666214,138.828598022461,-86.0661,22.0463,16.4362467759444,63,63,63,63,61,63,0.01869,9004,1.9064526870154,22,-86,0.001869,51,2024-08-01 01:40:51.000165,178,1.037,0.0011,"aoml_navis",1026.89195989128
"7901009",42,0.00980354777608442,1,0.041118,1,0.01869,1,143.66708957975,1,4.86899135937979,180,1,19.5520000457764,36.6279983520508,0.041117999702692,0.0280349999666214,138.539306640625,-86.0661,22.0463,16.4362467759444,63,63,63,63,61,63,0.01869,9004,1.9064526870154,22,-86,0.001869,51,2024-08-01 01:40:51.000165,180,1.037,0.0011,"aoml_navis",1026.90673097372
"7901009",42,0.00686248344325909,1,0.035511,1,0.013083,1,143.307451579429,1,4.86886772610359,182,1,19.4400005340576,36.6119995117188,0.0355109982192516,0.0224280003458261,138.192504882812,-86.0661,22.0463,16.4362467759444,63,63,63,63,61,63,0.013083,9004,1.9064526870154,22,-86,0.001869,51,2024-08-01 01:40:51.000165,182,1.037,0.0011,"aoml_navis",1026.93280681941
"7901009",42,0.00196070955521688,4,0.026166,1,0.003738,1,143.245011789335,1,4.86868530168779,184,1,19.2600002288818,36.5890007019043,0.0261659994721413,0.0130829997360706,138.132293701172,-86.0661,22.0463,16.4362467759444,63,63,63,63,61,63,0.003738,9004,1.9064526870154,22,-86,0.001869,51,2024-08-01 01:40:51.000165,184,1.037,0.0011,"aoml_navis",1026.97128489013
"7901009",42,0.00490177388804221,1,0.031773,1,0.009345,1,142.956943776494,1,4.86855583157036,186,1,19.1509990692139,36.576000213623,0.0317730009555817,0.0186899993568659,137.854507446289,-86.0661,22.0463,16.4362467759444,63,63,63,63,61,63,0.009345,9004,1.9064526870154,22,-86,0.001869,51,2024-08-01 01:40:51.000165,186,1.037,0.0011,"aoml_navis",1026.99859526665
"7901009",42,0.00196070955521688,1,0.026166,1,0.003738,1,142.932781191732,1,4.86838042541439,188,1,18.9750003814697,36.5530014038086,0.0261659994721413,0.0130829997360706,137.831207275391,-86.0661,22.0463,16.4362467759444,63,63,63,63,61,63,0.003738,9004,1.9064526870154,22,-86,0.001869,51,2024-08-01 01:40:51.000165,188,1.037,0.0011,"aoml_navis",1027.03559769046
"7901009",42,0.000980354777608442,1,0.024297,1,0.001869,1,142.754512901006,1,4.86827909053986,190,1,18.8819999694824,36.5379981994629,0.0242970008403063,0.0112140001729131,137.659301757812,-86.0661,22.0463,16.4362467759444,63,63,63,63,61,63,0.001869,9004,1.9064526870154,22,-86,0.001869,51,2024-08-01 01:40:51.000165,190,1.037,0.0011,"aoml_navis",1027.05697578352
"7901009",42,0.00196070955521688,1,0.026166,1,0.003738,1,142.542967651697,1,4.86813988484609,192,1,18.7399997711182,36.5169982910156,0.0261659994721413,0.0130829997360706,137.455307006836,-86.0661,22.0463,16.4362467759444,63,63,63,63,61,63,0.003738,9004,1.9064526870154,22,-86,0.001869,51,2024-08-01 01:40:51.000165,192,1.037,0.0011,"aoml_navis",1027.08634473803
"7901009",42,0.000980354777608442,1,0.024297,1,0.001869,1,142.490275178049,1,4.86799292756114,194,1,18.5849990844727,36.4939994812012,0.0242970008403063,0.0112140001729131,137.404495239258,-86.0661,22.0463,16.4362467759444,63,63,63,63,61,63,0.001869,9004,1.9064526870154,22,-86,0.001869,51,2024-08-01 01:40:51.000165,194,1.037,0.0011,"aoml_navis",1027.11735090893
"7901009",42,0.000980354777608442,1,0.024297,1,0.001869,1,142.541306177303,1,4.86782638421379,196,1,18.4069995880127,36.4690017700195,0.0242970008403063,0.0112140001729131,137.453704833984,-86.0661,22.0463,16.4362467759444,63,63,63,63,61,63,0.001869,9004,1.9064526870154,22,-86,0.001869,51,2024-08-01 01:40:51.000165,196,1.037,0.0011,"aoml_navis",1027.15249175995
"7901009",42,-0.000980354777608442,1,0.020559,1,-0.001869,1,142.388545474421,1,4.86772597180677,198,1,18.3129997253418,36.4539985656738,0.020558999851346,0.00747600011527538,137.306396484375,-86.0661,22.0463,16.4362467759444,63,63,63,63,61,63,-0.001869,9004,1.9064526870154,22,-86,0.001869,51,2024-08-01 01:40:51.000165,198,1.037,0.0011,"aoml_navis",1027.17368006321
"7901009",42,-0.00196070955521688,1,0.01869,1,-0.003738,1,142.406805869193,1,4.86754946225753,200,1,18.1219997406006,36.4280014038086,0.0186899993568659,0.00560700008645654,137.324005126953,-86.0661,22.0463,16.4362467759444,63,63,63,63,61,63,-0.003738,9004,1.9064526870154,22,-86,0.001869,51,2024-08-01 01:40:51.000165,200,1.037,0.0011,"aoml_navis",1027.21092795656
"7901009",42,-0.000980354777608442,1,0.020559,1,-0.001869,1,142.906529896302,1,4.86734184097459,202,1,17.8729991912842,36.3919982910156,0.020558999851346,0.00747600011527538,137.805892944336,-86.0661,22.0463,16.4362467759444,63,63,63,63,61,63,-0.001869,9004,1.9064526870154,22,-86,0.001869,51,2024-08-01 01:40:51.000165,202,1.037,0.0011,"aoml_navis",1027.25474465522
"7901009",42,-0.00588212866565065,4,0.011214,1,-0.011214,1,142.988052906582,1,4.8672690444503,204,1,17.8190002441406,36.382999420166,0.0112140001729131,-0.00186900002881885,137.884506225586,-86.0661,22.0463,16.4362467759444,63,63,63,63,61,63,-0.011214,9004,1.9064526870154,22,-86,0.001869,51,2024-08-01 01:40:51.000165,204,1.037,0.0011,"aoml_navis",1027.27010862509
"7901009",42,0,1,0.020559,1,-0.001869,1,143.178552813563,1,4.86720315018326,206,1,17.7830009460449,36.3779983520508,0.020558999851346,0,138.068206787109,-86.0661,22.0463,16.4362467759444,63,63,63,63,61,63,0,9004,1.9064526870154,22,-86,0.001869,51,2024-08-01 01:40:51.000165,206,1.037,0.0011,"aoml_navis",1027.28401624488
"7901009",42,0,1,0.016821,1,-0.005607,1,143.568872707699,1,4.86713534614123,208,1,17.7299995422363,36.3680000305176,0.0168210007250309,0,138.444595336914,-86.0661,22.0463,16.4362467759444,63,63,63,63,61,63,0,9004,1.9064526870154,22,-86,0.001869,51,2024-08-01 01:40:51.000165,208,1.037,0.0011,"aoml_navis",1027.29832733419
"7901009",42,0,1,0.016821,1,-0.005607,1,143.936913021385,1,4.86702298827432,210,1,17.6359996795654,36.3569984436035,0.0168210007250309,0,138.799499511719,-86.0661,22.0463,16.4362467759444,63,63,63,63,61,63,0,9004,1.9064526870154,22,-86,0.001869,51,2024-08-01 01:40:51.000165,210,1.037,0.0011,"aoml_navis",1027.32204307357
"7901009",42,0,1,0.01869,1,-0.003738,1,143.983576716516,1,4.86692186591663,212,1,17.5419998168945,36.3429985046387,0.0186899993568659,0,138.844497680664,-86.0661,22.0463,16.4362467759444,63,63,63,63,61,63,0,9004,1.9064526870154,22,-86,0.001869,51,2024-08-01 01:40:51.000165,212,1.037,0.0011,"aoml_navis",1027.34338823381
"7901009",42,0,1,0.016821,1,-0.005607,1,143.651535014706,1,4.86686582808479,214,1,17.5109996795654,36.3370018005371,0.0168210007250309,0,138.524307250977,-86.0661,22.0463,16.4362467759444,63,63,63,63,61,63,0,9004,1.9064526870154,22,-86,0.001869,51,2024-08-01 01:40:51.000165,214,1.037,0.0011,"aoml_navis",1027.35521722151
"7901009",42,0,1,0.016821,1,-0.005607,1,143.234536588868,1,4.8667961515586,216,1,17.4589996337891,36.3279991149902,0.0168210007250309,0,138.122192382812,-86.0661,22.0463,16.4362467759444,63,63,63,63,61,63,0,9004,1.9064526870154,22,-86,0.001869,51,2024-08-01 01:40:51.000165,216,1.037,0.0011,"aoml_navis",1027.36992557182
"7901009",42,0,1,0.016821,1,-0.005607,1,142.781270550537,1,4.86672773686196,218,1,17.4080009460449,36.3190002441406,0.0168210007250309,0,137.685104370117,-86.0661,22.0463,16.4362467759444,63,63,63,63,61,63,0,9004,1.9064526870154,22,-86,0.001869,51,2024-08-01 01:40:51.000165,218,1.037,0.0011,"aoml_navis",1027.3843679663
"7901009",42,0,1,0.016821,1,-0.005607,1,142.205308584078,1,4.86663109590734,220,1,17.3139991760254,36.3040008544922,0.0168210007250309,0,137.129699707031,-86.0661,22.0463,16.4362467759444,63,63,63,63,61,63,0,9004,1.9064526870154,22,-86,0.001869,51,2024-08-01 01:40:51.000165,220,1.037,0.0011,"aoml_navis",1027.40476963722
"7901009",42,0,1,0.01869,1,-0.003738,1,141.646040479391,1,4.86652715571578,222,1,17.2040004730225,36.2859992980957,0.0186899993568659,0,136.590393066406,-86.0661,22.0463,16.4362467759444,63,63,63,63,61,63,0,9004,1.9064526870154,22,-86,0.001869,51,2024-08-01 01:40:51.000165,222,1.037,0.0011,"aoml_navis",1027.42671313926
"7901009",42,0,1,0.016821,1,-0.005607,1,141.292004021313,1,4.86643030674302,224,1,17.1060009002686,36.2700004577637,0.0168210007250309,0,136.248992919922,-86.0661,22.0463,16.4362467759444,63,63,63,63,61,63,0,9004,1.9064526870154,22,-86,0.001869,51,2024-08-01 01:40:51.000165,224,1.037,0.0011,"aoml_navis",1027.44716041076
"7901009",42,0,1,0.022428,1,0,1,141.082120246399,1,4.86635505507683,226,1,17.0389995574951,36.257999420166,0.0224280003458261,0,136.046600341797,-86.0661,22.0463,16.4362467759444,63,63,63,63,61,63,0,9004,1.9064526870154,22,-86,0.001869,51,2024-08-01 01:40:51.000165,226,1.037,0.0011,"aoml_navis",1027.46304850563
"7901009",42,0,1,0.016821,1,-0.005607,1,140.928536718103,1,4.86629519960916,228,1,17.0009994506836,36.2509994506836,0.0168210007250309,0,135.898498535156,-86.0661,22.0463,16.4362467759444,63,63,63,63,61,63,0,9004,1.9064526870154,22,-86,0.001869,51,2024-08-01 01:40:51.000165,228,1.037,0.0011,"aoml_navis",1027.47568630887
"7901009",42,0,1,0.020559,1,-0.001869,1,140.714079932713,1,4.86625158301828,230,1,16.996000289917,36.25,0.020558999851346,0,135.691696166992,-86.0661,22.0463,16.4362467759444,63,63,63,63,61,63,0,9004,1.9064526870154,22,-86,0.001869,51,2024-08-01 01:40:51.000165,230,1.037,0.0011,"aoml_navis",1027.48489565325
"7901009",42,0,1,0.016821,1,-0.005607,1,140.389079717622,1,4.86620911929869,232,1,16.992000579834,36.2490005493164,0.0168210007250309,0,135.378295898438,-86.0661,22.0463,16.4362467759444,63,63,63,63,61,63,0,9004,1.9064526870154,22,-86,0.001869,51,2024-08-01 01:40:51.000165,232,1.037,0.0011,"aoml_navis",1027.49386173535
"7901009",42,0,1,0.016821,1,-0.005607,1,140.005801310205,1,4.86616568016003,234,1,16.9839992523193,36.2470016479492,0.0168210007250309,0,135.008697509766,-86.0661,22.0463,16.4362467759444,63,63,63,63,61,63,0,9004,1.9064526870154,22,-86,0.001869,51,2024-08-01 01:40:51.000165,234,1.037,0.0011,"aoml_navis",1027.50303393607
"7901009",42,0,1,0.013083,1,-0.009345,1,139.473718091321,1,4.86609689820072,236,1,16.9349994659424,36.2389984130859,0.0130829997360706,0,134.49560546875,-86.0661,22.0463,16.4362467759444,63,63,63,63,61,63,0,9004,1.9064526870154,22,-86,0.001869,51,2024-08-01 01:40:51.000165,236,1.037,0.0011,"aoml_navis",1027.51755762381
"7901009",42,0,1,0.01869,1,-0.003738,1,138.732874570685,1,4.86603545604278,238,1,16.8859996795654,36.2290000915527,0.0186899993568659,0,133.781204223633,-86.0661,22.0463,16.4362467759444,63,63,63,63,61,63,0,9004,1.9064526870154,22,-86,0.001869,51,2024-08-01 01:40:51.000165,238,1.037,0.0011,"aoml_navis",1027.53053181946
"7901009",42,0,1,0.01869,1,-0.003738,1,137.71515029813,1,4.8659250769233,240,1,16.7560005187988,36.2070007324219,0.0186899993568659,0,132.7998046875,-86.0661,22.0463,16.4362467759444,63,63,63,63,61,63,0,9004,1.9064526870154,22,-86,0.001869,51,2024-08-01 01:40:51.000165,240,1.037,0.0011,"aoml_navis",1027.55384042236
"7901009",42,0,1,0.016821,1,-0.005607,1,137.849128428573,1,4.86572724459964,242,1,16.4680004119873,36.1599998474121,0.0168210007250309,0,132.929000854492,-86.0661,22.0463,16.4362467759444,63,63,63,63,61,63,0,9004,1.9064526870154,22,-86,0.001869,51,2024-08-01 01:40:51.000165,242,1.037,0.0011,"aoml_navis",1027.5956190412
"7901009",42,0,1,0.016821,1,-0.005607,1,137.760152518867,1,4.86566147379376,244,1,16.423999786377,36.1529998779297,0.0168210007250309,0,132.843200683594,-86.0661,22.0463,16.4362467759444,63,63,63,63,61,63,0,9004,1.9064526870154,22,-86,0.001869,51,2024-08-01 01:40:51.000165,244,1.037,0.0011,"aoml_navis",1027.60950940171
"7901009",42,0,1,0.016821,1,-0.005607,1,137.54517355581,1,4.8655898946656,246,1,16.3780002593994,36.1469993591309,0.0168210007250309,0,132.635894775391,-86.0661,22.0463,16.4362467759444,63,63,63,63,61,63,0,9004,1.9064526870154,22,-86,0.001869,51,2024-08-01 01:40:51.000165,246,1.037,0.0011,"aoml_navis",1027.62462686832
"7901009",42,0,1,0.01869,1,-0.003738,1,137.453191168629,1,4.86552479895435,248,1,16.3279991149902,36.1380004882812,0.0186899993568659,0,132.54719543457,-86.0661,22.0463,16.4362467759444,63,63,63,63,61,63,0,9004,1.9064526870154,22,-86,0.001869,51,2024-08-01 01:40:51.000165,248,1.037,0.0011,"aoml_navis",1027.63837542757
"7901009",42,0,1,0.020559,1,-0.001869,1,137.275761526883,1,4.86547954748348,250,1,16.3150005340576,36.1349983215332,0.020558999851346,0,132.376098632812,-86.0661,22.0463,16.4362467759444,63,63,63,63,61,63,0,9004,1.9064526870154,22,-86,0.001869,51,2024-08-01 01:40:51.000165,250,1.037,0.0011,"aoml_navis",1027.64793299483
"7901009",42,0,1,0.020559,1,-0.001869,1,136.985921274688,1,4.86543316378734,252,1,16.3010005950928,36.1319999694824,0.020558999851346,0,132.096603393555,-86.0661,22.0463,16.4362467759444,63,63,63,63,61,63,0,9004,1.9064526870154,22,-86,0.001869,51,2024-08-01 01:40:51.000165,252,1.037,0.0011,"aoml_navis",1027.65772988399
"7901009",42,0,1,0.016821,1,-0.005607,1,136.585632534187,1,4.86537611094253,254,1,16.2709999084473,36.1269989013672,0.0168210007250309,0,131.710601806641,-86.0661,22.0463,16.4362467759444,63,63,63,63,61,63,0,9004,1.9064526870154,22,-86,0.001869,51,2024-08-01 01:40:51.000165,254,1.037,0.0011,"aoml_navis",1027.66978050365
"7901009",42,0,1,0.01869,1,-0.003738,1,135.93791069746,1,4.86531851458201,256,1,16.2339992523193,36.1199989318848,0.0186899993568659,0,131.085998535156,-86.0661,22.0463,16.4362467759444,63,63,63,63,61,63,0,9004,1.9064526870154,22,-86,0.001869,51,2024-08-01 01:40:51.000165,256,1.037,0.0011,"aoml_navis",1027.68194621058
"7901009",42,0,1,0.020559,1,-0.001869,1,135.202146541401,1,4.865242238597,258,1,16.1639995574951,36.1080017089844,0.020558999851346,0,130.376495361328,-86.0661,22.0463,16.4362467759444,63,63,63,63,61,63,0,9004,1.9064526870154,22,-86,0.001869,51,2024-08-01 01:40:51.000165,258,1.037,0.0011,"aoml_navis",1027.69805793716
"7901009",42,0,1,0.020559,1,-0.001869,1,134.559092656543,1,4.86514010704109,260,1,16.0510005950928,36.0900001525879,0.020558999851346,0,129.756393432617,-86.0661,22.0463,16.4362467759444,63,63,63,63,61,63,0,9004,1.9064526870154,22,-86,0.001869,51,2024-08-01 01:40:51.000165,260,1.037,0.0011,"aoml_navis",1027.71963191024
"7901009",42,0,1,0.01869,1,-0.003738,1,134.282417610978,1,4.86499852419295,262,1,15.8690004348755,36.0620002746582,0.0186899993568659,0,129.489593505859,-86.0661,22.0463,16.4362467759444,63,63,63,63,61,63,0,9004,1.9064526870154,22,-86,0.001869,51,2024-08-01 01:40:51.000165,262,1.037,0.0011,"aoml_navis",1027.74954095787
"7901009",42,0,1,0.016821,1,-0.005607,1,134.165655519973,1,4.86490591974872,264,1,15.7700004577637,36.0460014343262,0.0168210007250309,0,129.376998901367,-86.0661,22.0463,16.4362467759444,63,63,63,63,61,63,0,9004,1.9064526870154,22,-86,0.001869,51,2024-08-01 01:40:51.000165,264,1.037,0.0011,"aoml_navis",1027.7691043732
"7901009",42,0,1,0.01869,1,-0.003738,1,133.880783867396,1,4.86483876453854,266,1,15.7170000076294,36.0369987487793,0.0186899993568659,0,129.102294921875,-86.0661,22.0463,16.4362467759444,63,63,63,63,61,63,0,9004,1.9064526870154,22,-86,0.001869,51,2024-08-01 01:40:51.000165,266,1.037,0.0011,"aoml_navis",1027.78329190408
"7901009",42,0,1,0.020559,1,-0.001869,1,133.493676157089,1,4.8647767884029,268,1,15.6619997024536,36.0260009765625,0.020558999851346,0,128.72900390625,-86.0661,22.0463,16.4362467759444,63,63,63,63,61,63,0,9004,1.9064526870154,22,-86,0.001869,51,2024-08-01 01:40:51.000165,268,1.037,0.0011,"aoml_navis",1027.79638562646
"7901009",42,0,1,0.016821,1,-0.005607,1,133.095460303689,1,4.86469195079463,270,1,15.5559997558594,36.0060005187988,0.0168210007250309,0,128.345001220703,-86.0661,22.0463,16.4362467759444,63,63,63,63,61,63,0,9004,1.9064526870154,22,-86,0.001869,51,2024-08-01 01:40:51.000165,270,1.037,0.0011,"aoml_navis",1027.81430984202
"7901009",42,0,1,0.020559,1,-0.001869,1,132.431875342388,1,4.86461584375304,272,1,15.4809999465942,35.9930000305176,0.020558999851346,0,127.705101013184,-86.0661,22.0463,16.4362467759444,63,63,63,63,61,63,0,9004,1.9064526870154,22,-86,0.001869,51,2024-08-01 01:40:51.000165,272,1.037,0.0011,"aoml_navis",1027.83039002367
"7901009",42,0,1,0.016821,1,-0.005607,1,131.885677502936,1,4.86449714127204,274,1,15.3430004119873,35.9729995727539,0.0168210007250309,0,127.178398132324,-86.0661,22.0463,16.4362467759444,63,63,63,63,61,63,0,9004,1.9064526870154,22,-86,0.001869,51,2024-08-01 01:40:51.000165,274,1.037,0.0011,"aoml_navis",1027.85547093415
"7901009",42,0,1,0.020559,1,-0.001869,1,131.299873278636,1,4.86439217686277,276,1,15.2170000076294,35.9529991149902,0.020558999851346,0,126.613502502441,-86.0661,22.0463,16.4362467759444,63,63,63,63,61,63,0,9004,1.9064526870154,22,-86,0.001869,51,2024-08-01 01:40:51.000165,276,1.037,0.0011,"aoml_navis",1027.87765011675
"7901009",42,0,1,0.020559,1,-0.001869,1,131.168893713885,1,4.86425769214113,278,1,15.0389995574951,35.9259986877441,0.020558999851346,0,126.487197875977,-86.0661,22.0463,16.4362467759444,63,63,63,63,61,63,0,9004,1.9064526870154,22,-86,0.001869,51,2024-08-01 01:40:51.000165,278,1.037,0.0011,"aoml_navis",1027.90606839728
"7901009",42,0,1,0.01869,1,-0.003738,1,130.928517927944,1,4.86418748500754,280,1,14.9680004119873,35.9129981994629,0.0186899993568659,0,126.255401611328,-86.0661,22.0463,16.4362467759444,63,63,63,63,61,63,0,9004,1.9064526870154,22,-86,0.001869,51,2024-08-01 01:40:51.000165,280,1.037,0.0011,"aoml_navis",1027.9209046549
"7901009",42,0,1,0.01869,1,-0.003738,1,130.67848976695,1,4.86412374826052,282,1,14.9200000762939,35.9049987792969,0.0186899993568659,0,126.014297485352,-86.0661,22.0463,16.4362467759444,63,63,63,63,61,63,0,9004,1.9064526870154,22,-86,0.001869,51,2024-08-01 01:40:51.000165,282,1.037,0.0011,"aoml_navis",1027.93437395339
"7901009",42,0,1,0.020559,1,-0.001869,1,130.206757627494,1,4.86407134803329,284,1,14.8859996795654,35.8979988098145,0.020558999851346,0,125.55940246582,-86.0661,22.0463,16.4362467759444,63,63,63,63,61,63,0,9004,1.9064526870154,22,-86,0.001869,51,2024-08-01 01:40:51.000165,284,1.037,0.0011,"aoml_navis",1027.94544780304
"7901009",42,0,1,0.020559,1,-0.001869,1,129.768927477464,1,4.86398131020519,286,1,14.7889995574951,35.882999420166,0.020558999851346,0,125.137199401855,-86.0661,22.0463,16.4362467759444,63,63,63,63,61,63,0,9004,1.9064526870154,22,-86,0.001869,51,2024-08-01 01:40:51.000165,286,1.037,0.0011,"aoml_navis",1027.96447624283
"7901009",42,0,1,0.020559,1,-0.001869,1,129.210806581287,1,4.86390222616741,288,1,14.7019996643066,35.8680000305176,0.020558999851346,0,124.598999023438,-86.0661,22.0463,16.4362467759444,63,63,63,63,61,63,0,9004,1.9064526870154,22,-86,0.001869,51,2024-08-01 01:40:51.000165,288,1.037,0.0011,"aoml_navis",1027.98119030856
"7901009",42,0,1,0.016821,1,-0.005607,1,129.139149564196,1,4.86378009878767,290,1,14.5389995574951,35.8429985046387,0.0168210007250309,0,124.529899597168,-86.0661,22.0463,16.4362467759444,63,63,63,63,61,63,0,9004,1.9064526870154,22,-86,0.001869,51,2024-08-01 01:40:51.000165,290,1.037,0.0011,"aoml_navis",1028.00700246425
"7901009",42,0,1,0.022428,1,0,1,129.037934126451,1,4.86370509462864,292,1,14.4619998931885,35.8300018310547,0.0224280003458261,0,124.43229675293,-86.0661,22.0463,16.4362467759444,63,63,63,63,61,63,0,9004,1.9064526870154,22,-86,0.001869,51,2024-08-01 01:40:51.000165,292,1.037,0.0011,"aoml_navis",1028.02285556373
"7901009",42,0,1,0.020559,1,-0.001869,1,128.946054592446,1,4.86363611192412,294,1,14.414999961853,35.8240013122559,0.020558999851346,0,124.343696594238,-86.0661,22.0463,16.4362467759444,63,63,63,63,61,63,0,9004,1.9064526870154,22,-86,0.001869,51,2024-08-01 01:40:51.000165,294,1.037,0.0011,"aoml_navis",1028.03743638254
"7901009",42,0,1,0.020559,1,-0.001869,1,128.867348176854,1,4.86358023672406,296,1,14.3769998550415,35.8170013427734,0.020558999851346,0,124.267799377441,-86.0661,22.0463,16.4362467759444,63,63,63,63,61,63,0,9004,1.9064526870154,22,-86,0.001869,51,2024-08-01 01:40:51.000165,296,1.037,0.0011,"aoml_navis",1028.04924698186
"7901009",42,0,1,0.020559,1,-0.001869,1,128.791023207892,1,4.86353013566898,298,1,14.3620004653931,35.814998626709,0.020558999851346,0,124.194198608398,-86.0661,22.0463,16.4362467759444,63,63,63,63,61,63,0,9004,1.9064526870154,22,-86,0.001869,51,2024-08-01 01:40:51.000165,298,1.037,0.0011,"aoml_navis",1028.05983730422
"7901009",42,0,1,0.022428,1,0,1,128.701113707812,1,4.86347950976842,300,1,14.3430004119873,35.8120002746582,0.0224280003458261,0,124.107498168945,-86.0661,22.0463,16.4362467759444,63,63,63,63,61,63,0,9004,1.9064526870154,22,-86,0.001869,51,2024-08-01 01:40:51.000165,300,1.037,0.0011,"aoml_navis",1028.07053878964
"7901009",42,0,1,0.016821,1,-0.005607,1,128.671349580806,1,4.86343099069387,302,1,14.326000213623,35.8089981079102,0.0168210007250309,0,124.078796386719,-86.0661,22.0463,16.4362467759444,63,63,63,63,61,63,0,9004,1.9064526870154,22,-86,0.001869,51,2024-08-01 01:40:51.000165,302,1.037,0.0011,"aoml_navis",1028.08079513567
"7901009",42,0,1,0.020559,1,-0.001869,1,128.591298162132,1,4.86337986357406,304,1,14.3100004196167,35.806999206543,0.020558999851346,0,124.001602172852,-86.0661,22.0463,16.4362467759444,63,63,63,63,61,63,0,9004,1.9064526870154,22,-86,0.001869,51,2024-08-01 01:40:51.000165,304,1.037,0.0011,"aoml_navis",1028.09160301238
"7901009",42,0,1,0.022428,1,0,1,128.578227896897,1,4.86333809691041,306,1,14.3030004501343,35.8050003051758,0.0224280003458261,0,123.988998413086,-86.0661,22.0463,16.4362467759444,63,63,63,63,61,63,0,9004,1.9064526870154,22,-86,0.001869,51,2024-08-01 01:40:51.000165,306,1.037,0.0011,"aoml_navis",1028.10043232989
"7901009",42,0,1,0.022428,1,0,1,128.504086579997,1,4.86329164892986,308,1,14.2950000762939,35.8040008544922,0.0224280003458261,0,123.917503356934,-86.0661,22.0463,16.4362467759444,63,63,63,63,61,63,0,9004,1.9064526870154,22,-86,0.001869,51,2024-08-01 01:40:51.000165,308,1.037,0.0011,"aoml_navis",1028.11025143849
"7901009",42,0,1,0.022428,1,0,1,128.422571481499,1,4.86324987183707,310,1,14.2950000762939,35.8040008544922,0.0224280003458261,0,123.838897705078,-86.0661,22.0463,16.4362467759444,63,63,63,63,61,63,0,9004,1.9064526870154,22,-86,0.001869,51,2024-08-01 01:40:51.000165,310,1.037,0.0011,"aoml_navis",1028.11908328109
"7901009",42,0,1,0.022428,1,0,1,128.280713215357,1,4.86320500853758,312,1,14.2849998474121,35.8019981384277,0.0224280003458261,0,123.702102661133,-86.0661,22.0463,16.4362467759444,63,63,63,63,61,63,0,9004,1.9064526870154,22,-86,0.001869,51,2024-08-01 01:40:51.000165,312,1.037,0.0011,"aoml_navis",1028.12856772895
"7901009",42,0,1,0.024297,1,0.001869,1,128.198058820132,1,4.86315081322206,314,1,14.2589998245239,35.7980003356934,0.0242970008403063,0,123.622398376465,-86.0661,22.0463,16.4362467759444,63,63,63,63,61,63,0,9004,1.9064526870154,22,-86,0.001869,51,2024-08-01 01:40:51.000165,314,1.037,0.0011,"aoml_navis",1028.14002527042
"7901009",42,0,4,0.016821,1,-0.005607,1,128.098196297252,1,4.86310287923853,316,1,14.2390003204346,35.7939987182617,0.0168210007250309,0,123.526100158691,-86.0661,22.0463,16.4362467759444,63,63,63,63,61,63,0,9004,1.9064526870154,22,-86,0.001869,51,2024-08-01 01:40:51.000165,316,1.037,0.0011,"aoml_navis",1028.15015930383
"7901009",42,0,1,0.020559,1,-0.001869,1,127.93662978008,1,4.86305748833001,318,1,14.2320003509521,35.7929992675781,0.020558999851346,0,123.370300292969,-86.0661,22.0463,16.4362467759444,63,63,63,63,61,63,0,9004,1.9064526870154,22,-86,0.001869,51,2024-08-01 01:40:51.000165,318,1.037,0.0011,"aoml_navis",1028.15975587346
"7901009",42,0,1,0.026166,1,0.003738,1,127.724768059458,1,4.86301109582159,320,1,14.2170000076294,35.7900009155273,0.0261659994721413,0,123.166000366211,-86.0661,22.0463,16.4362467759444,63,63,63,63,61,63,0,9004,1.9064526870154,22,-86,0.001869,51,2024-08-01 01:40:51.000165,320,1.037,0.0011,"aoml_navis",1028.16956438699
"7901009",42,0,1,0.01869,1,-0.003738,1,127.563201542287,1,4.8629477084417,322,1,14.1750001907349,35.7840003967285,0.0186899993568659,0,123.010200500488,-86.0661,22.0463,16.4362467759444,63,63,63,63,61,63,0,9004,1.9064526870154,22,-86,0.001869,51,2024-08-01 01:40:51.000165,322,1.037,0.0011,"aoml_navis",1028.1829663355
"7901009",42,0,1,0.020559,1,-0.001869,1,127.491441672018,1,4.86289575490328,324,1,14.1440000534058,35.7779998779297,0.020558999851346,0,122.94100189209,-86.0661,22.0463,16.4362467759444,63,63,63,63,61,63,0,9004,1.9064526870154,22,-86,0.001869,51,2024-08-01 01:40:51.000165,324,1.037,0.0011,"aoml_navis",1028.1939510956
"7901009",42,0,1,0.01869,1,-0.003738,1,127.370731601381,1,4.86284989778598,326,1,14.1330003738403,35.7760009765625,0.0186899993568659,0,122.824600219727,-86.0661,22.0463,16.4362467759444,63,63,63,63,61,63,0,9004,1.9064526870154,22,-86,0.001869,51,2024-08-01 01:40:51.000165,326,1.037,0.0011,"aoml_navis",1028.20364705817
"7901009",42,0,1,0.022428,1,0,1,127.219015253833,1,4.86279634670087,328,1,14.1110000610352,35.7729988098145,0.0224280003458261,0,122.678298950195,-86.0661,22.0463,16.4362467759444,63,63,63,63,61,63,0,9004,1.9064526870154,22,-86,0.001869,51,2024-08-01 01:40:51.000165,328,1.037,0.0011,"aoml_navis",1028.21497005364
"7901009",42,0,1,0.022428,1,0,1,127.068129643482,1,4.8627516012334,330,1,14.0939998626709,35.7690010070801,0.0224280003458261,0,122.53279876709,-86.0661,22.0463,16.4362467759444,63,63,63,63,61,63,0,9004,1.9064526870154,22,-86,0.001869,51,2024-08-01 01:40:51.000165,330,1.037,0.0011,"aoml_navis",1028.22443135524
"7901009",42,0,1,0.01869,1,-0.003738,1,126.905320976406,1,4.86270577781193,332,1,14.0830001831055,35.7669982910156,0.0186899993568659,0,122.375801086426,-86.0661,22.0463,16.4362467759444,63,63,63,63,61,63,0,9004,1.9064526870154,22,-86,0.001869,51,2024-08-01 01:40:51.000165,332,1.037,0.0011,"aoml_navis",1028.2341207676
"7901009",42,0,1,0.01869,1,-0.003738,1,126.537597134033,1,4.86265740502095,334,1,14.0659999847412,35.7639999389648,0.0186899993568659,0,122.021202087402,-86.0661,22.0463,16.4362467759444,63,63,63,63,61,63,0,9004,1.9064526870154,22,-86,0.001869,51,2024-08-01 01:40:51.000165,334,1.037,0.0011,"aoml_navis",1028.24434944507
"7901009",42,0,1,0.020559,1,-0.001869,1,125.96609741309,1,4.86259743185048,336,1,14.0200004577637,35.7560005187988,0.020558999851346,0,121.470100402832,-86.0661,22.0463,16.4362467759444,63,63,63,63,61,63,0,9004,1.9064526870154,22,-86,0.001869,51,2024-08-01 01:40:51.000165,336,1.037,0.0011,"aoml_navis",1028.25703136548
"7901009",42,0,1,0.020559,1,-0.001869,1,125.772282469103,1,4.86249772210526,338,1,13.8959999084473,35.7369995117188,0.020558999851346,0,121.283203125,-86.0661,22.0463,16.4362467759444,63,63,63,63,61,63,0,9004,1.9064526870154,22,-86,0.001869,51,2024-08-01 01:40:51.000165,338,1.037,0.0011,"aoml_navis",1028.2781166703
"7901009",42,0,1,0.024297,1,0.001869,1,125.384850375701,1,4.86243573663571,340,1,13.8369998931885,35.726001739502,0.0242970008403063,0,120.909599304199,-86.0661,22.0463,16.4362467759444,63,63,63,63,61,63,0,9004,1.9064526870154,22,-86,0.001869,51,2024-08-01 01:40:51.000165,340,1.037,0.0011,"aoml_navis",1028.2912249776
"7901009",42,0,1,0.022428,1,0,1,124.947542403338,1,4.86237723082519,342,1,13.7919998168945,35.7179985046387,0.0224280003458261,0,120.487899780273,-86.0661,22.0463,16.4362467759444,63,63,63,63,61,63,0,9004,1.9064526870154,22,-86,0.001869,51,2024-08-01 01:40:51.000165,342,1.037,0.0011,"aoml_navis",1028.30359773453
"7901009",42,0,1,0.022428,1,0,1,124.501214998549,1,4.86229880567018,344,1,13.6949996948242,35.701000213623,0.0224280003458261,0,120.057502746582,-86.0661,22.0463,16.4362467759444,63,63,63,63,61,63,0,9004,1.9064526870154,22,-86,0.001869,51,2024-08-01 01:40:51.000165,344,1.037,0.0011,"aoml_navis",1028.32018348384
"7901009",42,0,1,0.022428,1,0,1,124.256479820268,1,4.86221535803406,346,1,13.58899974823,35.6829986572266,0.0224280003458261,0,119.821502685547,-86.0661,22.0463,16.4362467759444,63,63,63,63,61,63,0,9004,1.9064526870154,22,-86,0.001869,51,2024-08-01 01:40:51.000165,346,1.037,0.0011,"aoml_navis",1028.33783200044
"7901009",42,0,1,0.01869,1,-0.003738,1,124.303349221753,1,4.86211403355643,348,1,13.4720001220703,35.6669998168945,0.0186899993568659,0,119.86669921875,-86.0661,22.0463,16.4362467759444,63,63,63,63,61,63,0,9004,1.9064526870154,22,-86,0.001869,51,2024-08-01 01:40:51.000165,348,1.037,0.0011,"aoml_navis",1028.35926214234
"7901009",42,0,1,0.026166,1,0.003738,1,124.133696862529,1,4.86206431792569,350,1,13.4460000991821,35.6619987487793,0.0261659994721413,0,119.703102111816,-86.0661,22.0463,16.4362467759444,63,63,63,63,61,63,0,9004,1.9064526870154,22,-86,0.001869,51,2024-08-01 01:40:51.000165,350,1.037,0.0011,"aoml_navis",1028.36977733218
"7901009",42,0,1,0.016821,1,-0.005607,1,123.788165570994,1,4.86200659267806,352,1,13.4119997024536,35.6570014953613,0.0168210007250309,0,119.369903564453,-86.0661,22.0463,16.4362467759444,63,63,63,63,61,63,0,9004,1.9064526870154,22,-86,0.001869,51,2024-08-01 01:40:51.000165,352,1.037,0.0011,"aoml_navis",1028.3819868796
"7901009",42,0,1,0.022428,1,0,1,123.522891404487,1,4.86193082790632,354,1,13.3380002975464,35.6459999084473,0.0224280003458261,0,119.114097595215,-86.0661,22.0463,16.4362467759444,63,63,63,63,61,63,0,9004,1.9064526870154,22,-86,0.001869,51,2024-08-01 01:40:51.000165,354,1.037,0.0011,"aoml_navis",1028.39801243185
"7901009",42,0,1,0.01869,1,-0.003738,1,123.191363968561,1,4.86184865304981,356,1,13.25,35.632999420166,0.0186899993568659,0,118.794403076172,-86.0661,22.0463,16.4362467759444,63,63,63,63,61,63,0,9004,1.9064526870154,22,-86,0.001869,51,2024-08-01 01:40:51.000165,356,1.037,0.0011,"aoml_navis",1028.41539439191
"7901009",42,0,1,0.028035,1,0.005607,1,122.938123623738,1,4.86176712864717,358,1,13.1660003662109,35.6209983825684,0.0280349999666214,0,118.550201416016,-86.0661,22.0463,16.4362467759444,63,63,63,63,61,63,0,9004,1.9064526870154,22,-86,0.001869,51,2024-08-01 01:40:51.000165,358,1.037,0.0011,"aoml_navis",1028.43263934595
"7901009",42,0,1,0.026166,1,0.003738,1,122.60264820818,1,4.86169706865458,360,1,13.0970001220703,35.6100006103516,0.0261659994721413,0,118.226699829102,-86.0661,22.0463,16.4362467759444,63,63,63,63,61,63,0,9004,1.9064526870154,22,-86,0.001869,51,2024-08-01 01:40:51.000165,360,1.037,0.0011,"aoml_navis",1028.44745968175
"7901009",42,0,1,0.024297,1,0.001869,1,122.217605473192,1,4.861647529366,362,1,13.0559997558594,35.601001739502,0.0242970008403063,0,117.855400085449,-86.0661,22.0463,16.4362467759444,63,63,63,63,61,63,0,9004,1.9064526870154,22,-86,0.001869,51,2024-08-01 01:40:51.000165,362,1.037,0.0011,"aoml_navis",1028.45793937103
"7901009",42,0,1,0.026166,1,0.003738,1,122.009169554536,1,4.86154790896171,364,1,12.9379997253418,35.5849990844727,0.0261659994721413,0,117.654403686523,-86.0661,22.0463,16.4362467759444,63,63,63,63,61,63,0,9004,1.9064526870154,22,-86,0.001869,51,2024-08-01 01:40:51.000165,364,1.037,0.0011,"aoml_navis",1028.4790140159
"7901009",42,0,1,0.029904,1,0.007476,1,121.841067904747,1,4.8614618429785,366,1,12.8369998931885,35.5699996948242,0.0299040004611015,0,117.492301940918,-86.0661,22.0463,16.4362467759444,63,63,63,63,61,63,0,9004,1.9064526870154,22,-86,0.001869,51,2024-08-01 01:40:51.000165,366,1.037,0.0011,"aoml_navis",1028.49722192546
"7901009",42,0,1,0.024297,1,0.001869,1,121.568332927031,1,4.86139349996153,368,1,12.7650003433228,35.5579986572266,0.0242970008403063,0,117.229301452637,-86.0661,22.0463,16.4362467759444,63,63,63,63,61,63,0,9004,1.9064526870154,22,-86,0.001869,51,2024-08-01 01:40:51.000165,368,1.037,0.0011,"aoml_navis",1028.51168086672
"7901009",42,0,1,0.026166,1,0.003738,1,121.504556045638,1,4.86131013526074,370,1,12.6660003662109,35.5429992675781,0.0261659994721413,0,117.16780090332,-86.0661,22.0463,16.4362467759444,63,63,63,63,61,63,0,9004,1.9064526870154,22,-86,0.001869,51,2024-08-01 01:40:51.000165,370,1.037,0.0011,"aoml_navis",1028.52931841013
"7901009",42,0,1,0.022428,1,0,1,121.294039328097,1,4.86124370458164,372,1,12.6029996871948,35.5330009460449,0.0224280003458261,0,116.964797973633,-86.0661,22.0463,16.4362467759444,63,63,63,63,61,63,0,9004,1.9064526870154,22,-86,0.001869,51,2024-08-01 01:40:51.000165,372,1.037,0.0011,"aoml_navis",1028.5433736407
"7901009",42,0,1,0.026166,1,0.003738,1,121.069732373084,1,4.86118384790044,374,1,12.5579996109009,35.5260009765625,0.0261659994721413,0,116.748497009277,-86.0661,22.0463,16.4362467759444,63,63,63,63,61,63,0,9004,1.9064526870154,22,-86,0.001869,51,2024-08-01 01:40:51.000165,374,1.037,0.0011,"aoml_navis",1028.55603829086
"7901009",42,0,1,0.020559,1,-0.001869,1,121.015085689077,1,4.86109272517702,376,1,12.4499998092651,35.5110015869141,0.020558999851346,0,116.69580078125,-86.0661,22.0463,16.4362467759444,63,63,63,63,61,63,0,9004,1.9064526870154,22,-86,0.001869,51,2024-08-01 01:40:51.000165,376,1.037,0.0011,"aoml_navis",1028.57531889971
"7901009",42,0,1,0.022428,1,0,1,120.923206155072,1,4.86103603357575,378,1,12.4079999923706,35.5040016174316,0.0224280003458261,0,116.607200622559,-86.0661,22.0463,16.4362467759444,63,63,63,63,61,63,0,9004,1.9064526870154,22,-86,0.001869,51,2024-08-01 01:40:51.000165,378,1.037,0.0011,"aoml_navis",1028.58731461039
"7901009",42,0,1,0.041118,1,0.01869,1,120.767858299205,1,4.86098777219481,380,1,12.3900003433228,35.5009994506836,0.041117999702692,0,116.457397460938,-86.0661,22.0463,16.4362467759444,63,63,63,63,61,63,0,9004,1.9064526870154,22,-86,0.001869,51,2024-08-01 01:40:51.000165,380,1.037,0.0011,"aoml_navis",1028.59752674145
"7901009",42,0,1,0.024297,1,0.001869,1,120.674428055765,1,4.86092162096102,382,1,12.3380002975464,35.4939994812012,0.0242970008403063,0,116.367301940918,-86.0661,22.0463,16.4362467759444,63,63,63,63,61,63,0,9004,1.9064526870154,22,-86,0.001869,51,2024-08-01 01:40:51.000165,382,1.037,0.0011,"aoml_navis",1028.61152470331
"7901009",42,0,1,0.022428,1,0,1,120.524681742142,1,4.86087418278597,384,1,12.3170003890991,35.4900016784668,0.0224280003458261,0,116.222900390625,-86.0661,22.0463,16.4362467759444,63,63,63,63,61,63,0,9004,1.9064526870154,22,-86,0.001869,51,2024-08-01 01:40:51.000165,384,1.037,0.0011,"aoml_navis",1028.62156311445
"7901009",42,0,1,0.026166,1,0.003738,1,120.203724448077,1,4.86083075335486,386,1,12.3039999008179,35.4869995117188,0.0261659994721413,0,115.913398742676,-86.0661,22.0463,16.4362467759444,63,63,63,63,61,63,0,9004,1.9064526870154,22,-86,0.001869,51,2024-08-01 01:40:51.000165,386,1.037,0.0011,"aoml_navis",1028.63075340549
"7901009",42,0,1,0.024297,1,0.001869,1,120.044444436143,1,4.86075876551082,388,1,12.2379999160767,35.4780006408691,0.0242970008403063,0,115.759803771973,-86.0661,22.0463,16.4362467759444,63,63,63,63,61,63,0,9004,1.9064526870154,22,-86,0.001869,51,2024-08-01 01:40:51.000165,388,1.037,0.0011,"aoml_navis",1028.64598742837
"7901009",42,0,1,0.035511,1,0.013083,1,119.862544637098,1,4.86069483605177,390,1,12.1879997253418,35.4710006713867,0.0355109982192516,0,115.584396362305,-86.0661,22.0463,16.4362467759444,63,63,63,63,61,63,0,9004,1.9064526870154,22,-86,0.001869,51,2024-08-01 01:40:51.000165,390,1.037,0.0011,"aoml_navis",1028.65951651912
"7901009",42,0,1,0.024297,1,0.001869,1,119.504678876132,1,4.86063845701881,392,1,12.1420001983643,35.4630012512207,0.0242970008403063,0,115.239303588867,-86.0661,22.0463,16.4362467759444,63,63,63,63,61,63,0,9004,1.9064526870154,22,-86,0.001869,51,2024-08-01 01:40:51.000165,392,1.037,0.0011,"aoml_navis",1028.67144804402
"7901009",42,0,1,0.024297,1,0.001869,1,119.296860076536,1,4.86056551196769,394,1,12.0590000152588,35.4500007629395,0.0242970008403063,0,115.038902282715,-86.0661,22.0463,16.4362467759444,63,63,63,63,61,63,0,9004,1.9064526870154,22,-86,0.001869,51,2024-08-01 01:40:51.000165,394,1.037,0.0011,"aoml_navis",1028.68688585495
"7901009",42,0,1,0.026166,1,0.003738,1,118.962318251352,1,4.86048931446336,396,1,11.9799995422363,35.4389991760254,0.0261659994721413,0,114.716300964355,-86.0661,22.0463,16.4362467759444,63,63,63,63,61,63,0,9004,1.9064526870154,22,-86,0.001869,51,2024-08-01 01:40:51.000165,396,1.037,0.0011,"aoml_navis",1028.70301249742
"7901009",42,0,1,0.024297,1,0.001869,1,118.899680666687,1,4.86039408447342,398,1,11.8529996871948,35.4210014343262,0.0242970008403063,0,114.655899047852,-86.0661,22.0463,16.4362467759444,63,63,63,63,61,63,0,9004,1.9064526870154,22,-86,0.001869,51,2024-08-01 01:40:51.000165,398,1.037,0.0011,"aoml_navis",1028.72316793664
"7901009",42,0,1,0.024297,1,0.001869,1,118.740709214283,1,4.86031003895105,400,1,11.7530002593994,35.4070014953613,0.0242970008403063,0,114.502601623535,-86.0661,22.0463,16.4362467759444,63,63,63,63,61,63,0,9004,1.9064526870154,22,-86,0.001869,51,2024-08-01 01:40:51.000165,400,1.037,0.0011,"aoml_navis",1028.74095683803
"7901009",42,0,1,0.029904,1,0.007476,1,118.692589751111,1,4.86022458613658,402,1,11.6510000228882,35.3930015563965,0.0299040004611015,0,114.456199645996,-86.0661,22.0463,16.4362467759444,63,63,63,63,61,63,0,9004,1.9064526870154,22,-86,0.001869,51,2024-08-01 01:40:51.000165,402,1.037,0.0011,"aoml_navis",1028.75904423473
"7901009",42,0,1,0.024297,1,0.001869,1,118.60631175935,1,4.8601414873163,404,1,11.5590000152588,35.3810005187988,0.0242970008403063,0,114.373001098633,-86.0661,22.0463,16.4362467759444,63,63,63,63,61,63,0,9004,1.9064526870154,22,-86,0.001869,51,2024-08-01 01:40:51.000165,404,1.037,0.0011,"aoml_navis",1028.77663398251
"7901009",42,0,1,0.026166,1,0.003738,1,118.455940414883,1,4.86008360563597,406,1,11.5139999389648,35.3740005493164,0.0261659994721413,0,114.227996826172,-86.0661,22.0463,16.4362467759444,63,63,63,63,61,63,0,9004,1.9064526870154,22,-86,0.001869,51,2024-08-01 01:40:51.000165,406,1.037,0.0011,"aoml_navis",1028.78888630677
"7901009",42,0,1,0.026166,1,0.003738,1,118.139239659981,1,4.86003684552946,408,1,11.4890003204346,35.3689994812012,0.0261659994721413,0,113.92259979248,-86.0661,22.0463,16.4362467759444,63,63,63,63,61,63,0,9004,1.9064526870154,22,-86,0.001869,51,2024-08-01 01:40:51.000165,408,1.037,0.0011,"aoml_navis",1028.79878464281
"7901009",42,0,1,0.028035,1,0.005607,1,118.217328956513,1,4.85993800406054,410,1,11.3549995422363,35.351001739502,0.0280349999666214,0,113.997901916504,-86.0661,22.0463,16.4362467759444,63,63,63,63,61,63,0,9004,1.9064526870154,22,-86,0.001869,51,2024-08-01 01:40:51.000165,410,1.037,0.0011,"aoml_navis",1028.81970836304
"7901009",42,0,1,0.028035,1,0.005607,1,118.209235202678,1,4.85987235908765,412,1,11.2969999313354,35.3429985046387,0.0280349999666214,0,113.990097045898,-86.0661,22.0463,16.4362467759444,63,63,63,63,61,63,0,9004,1.9064526870154,22,-86,0.001869,51,2024-08-01 01:40:51.000165,412,1.037,0.0011,"aoml_navis",1028.83360519754
"7901009",42,0,1,0.026166,1,0.003738,1,118.07286771382,1,4.85983300117416,414,1,11.2919998168945,35.3409996032715,0.0261659994721413,0,113.858596801758,-86.0661,22.0463,16.4362467759444,63,63,63,63,61,63,0,9004,1.9064526870154,22,-86,0.001869,51,2024-08-01 01:40:51.000165,414,1.037,0.0011,"aoml_navis",1028.84193732418
"7901009",42,0,1,0.026166,1,0.003738,1,117.903737532263,1,4.85978364282783,416,1,11.2760000228882,35.3390007019043,0.0261659994721413,0,113.695503234863,-86.0661,22.0463,16.4362467759444,63,63,63,63,61,63,0,9004,1.9064526870154,22,-86,0.001869,51,2024-08-01 01:40:51.000165,416,1.037,0.0011,"aoml_navis",1028.85238674753
"7901009",42,0,1,0.028035,1,0.005607,1,117.722779235375,1,4.85972992229006,418,1,11.2349996566772,35.3320007324219,0.0280349999666214,0,113.521003723145,-86.0661,22.0463,16.4362467759444,63,63,63,63,61,63,0,9004,1.9064526870154,22,-86,0.001869,51,2024-08-01 01:40:51.000165,418,1.037,0.0011,"aoml_navis",1028.86375991114
"7901009",42,0,1,0.024297,1,0.001869,1,117.439363350838,1,4.85967981658911,420,1,11.206000328064,35.3269996643066,0.0242970008403063,0,113.247703552246,-86.0661,22.0463,16.4362467759444,63,63,63,63,61,63,0,9004,1.9064526870154,22,-86,0.001869,51,2024-08-01 01:40:51.000165,420,1.037,0.0011,"aoml_navis",1028.87436800505
"7901009",42,0,1,0.024297,1,0.001869,1,117.457821540181,1,4.85959769577494,422,1,11.1049995422363,35.3129997253418,0.0242970008403063,0,113.265502929688,-86.0661,22.0463,16.4362467759444,63,63,63,63,61,63,0,9004,1.9064526870154,22,-86,0.001869,51,2024-08-01 01:40:51.000165,422,1.037,0.0011,"aoml_navis",1028.89175462963
"7901009",42,0,1,0.024297,1,0.001869,1,117.380665834022,1,4.85953894097474,424,1,11.0539999008179,35.3050003051758,0.0242970008403063,0,113.191101074219,-86.0661,22.0463,16.4362467759444,63,63,63,63,61,63,0,9004,1.9064526870154,22,-86,0.001869,51,2024-08-01 01:40:51.000165,424,1.037,0.0011,"aoml_navis",1028.9041945607
"7901009",42,0,1,0.031773,1,0.009345,1,117.248444119367,1,4.85947752951649,426,1,11.003999710083,35.2980003356934,0.0317730009555817,0,113.063598632812,-86.0661,22.0463,16.4362467759444,63,63,63,63,61,63,0,9004,1.9064526870154,22,-86,0.001869,51,2024-08-01 01:40:51.000165,426,1.037,0.0011,"aoml_navis",1028.91719729744
"7901009",42,0,1,0.028035,1,0.005607,1,117.312846031603,1,4.85939344768261,428,1,10.9079999923706,35.2859992980957,0.0280349999666214,0,113.125701904297,-86.0661,22.0463,16.4362467759444,63,63,63,63,61,63,0,9004,1.9064526870154,22,-86,0.001869,51,2024-08-01 01:40:51.000165,428,1.037,0.0011,"aoml_navis",1028.93500059857
"7901009",42,0,1,0.028035,1,0.005607,1,117.165275458258,1,4.85934262922463,430,1,10.8859996795654,35.2830009460449,0.0280349999666214,0,112.9833984375,-86.0661,22.0463,16.4362467759444,63,63,63,63,61,63,0,9004,1.9064526870154,22,-86,0.001869,51,2024-08-01 01:40:51.000165,430,1.037,0.0011,"aoml_navis",1028.94576108493
"7901009",42,0,1,0.026166,1,0.003738,1,116.89482698578,1,4.85930143643497,432,1,10.8830003738403,35.2820014953613,0.0261659994721413,0,112.722602844238,-86.0661,22.0463,16.4362467759444,63,63,63,63,61,63,0,9004,1.9064526870154,22,-86,0.001869,51,2024-08-01 01:40:51.000165,432,1.037,0.0011,"aoml_navis",1028.9544835622
"7901009",42,0,1,0.028035,1,0.005607,1,116.695513352727,1,4.8592517458553,434,1,10.8540000915527,35.2770004272461,0.0280349999666214,0,112.530403137207,-86.0661,22.0463,16.4362467759444,63,63,63,63,61,63,0,9004,1.9064526870154,22,-86,0.001869,51,2024-08-01 01:40:51.000165,434,1.037,0.0011,"aoml_navis",1028.9650056235
"7901009",42,0,1,0.028035,1,0.005607,1,116.520568010789,1,4.85918564974095,436,1,10.789999961853,35.2680015563965,0.0280349999666214,0,112.361701965332,-86.0661,22.0463,16.4362467759444,63,63,63,63,61,63,0,9004,1.9064526870154,22,-86,0.001869,51,2024-08-01 01:40:51.000165,436,1.037,0.0011,"aoml_navis",1028.97900191703
"7901009",42,0,1,0.024297,1,0.001869,1,116.315130657825,1,4.85910952057313,438,1,10.7019996643066,35.2560005187988,0.0242970008403063,0,112.163597106934,-86.0661,22.0463,16.4362467759444,63,63,63,63,61,63,0,9004,1.9064526870154,22,-86,0.001869,51,2024-08-01 01:40:51.000165,438,1.037,0.0011,"aoml_navis",1028.99512324848
"7901009",42,0,1,0.033642,1,0.011214,1,116.213503807374,1,4.85905310433275,440,1,10.6359996795654,35.2439994812012,0.0336420014500618,0,112.06559753418,-86.0661,22.0463,16.4362467759444,63,63,63,63,61,63,0,9004,1.9064526870154,22,-86,0.001869,51,2024-08-01 01:40:51.000165,440,1.037,0.0011,"aoml_navis",1029.00707043962
"7901009",42,0,1,0.028035,1,0.005607,1,115.902610301069,1,4.8590038589832,442,1,10.6029996871948,35.2379989624023,0.0280349999666214,0,111.765800476074,-86.0661,22.0463,16.4362467759444,63,63,63,63,61,63,0,9004,1.9064526870154,22,-86,0.001869,51,2024-08-01 01:40:51.000165,442,1.037,0.0011,"aoml_navis",1029.01749928766
"7901009",42,0,1,0.026166,1,0.003738,1,115.901779563872,1,4.85892092243263,444,1,10.4980001449585,35.2239990234375,0.0261659994721413,0,111.764999389648,-86.0661,22.0463,16.4362467759444,63,63,63,63,61,63,0,9004,1.9064526870154,22,-86,0.001869,51,2024-08-01 01:40:51.000165,444,1.037,0.0011,"aoml_navis",1029.03506350886
"7901009",42,0,1,0.026166,1,0.003738,1,115.689292812406,1,4.85887117217321,446,1,10.460000038147,35.2169990539551,0.0261659994721413,0,111.560096740723,-86.0661,22.0463,16.4362467759444,63,63,63,63,61,63,0,9004,1.9064526870154,22,-86,0.001869,51,2024-08-01 01:40:51.000165,446,1.037,0.0011,"aoml_navis",1029.04559985764
"7901009",42,0,1,0.024297,1,0.001869,1,115.480445481043,1,4.85880811184398,448,1,10.3940000534058,35.2070007324219,0.0242970008403063,0,111.358703613281,-86.0661,22.0463,16.4362467759444,63,63,63,63,61,63,0,9004,1.9064526870154,22,-86,0.001869,51,2024-08-01 01:40:51.000165,448,1.037,0.0011,"aoml_navis",1029.05895538699
"7901009",42,0,1,0.028035,1,0.005607,1,115.257894941817,1,4.85874699197457,450,1,10.3299999237061,35.1969985961914,0.0280349999666214,0,111.144096374512,-86.0661,22.0463,16.4362467759444,63,63,63,63,61,63,0,9004,1.9064526870154,22,-86,0.001869,51,2024-08-01 01:40:51.000165,450,1.037,0.0011,"aoml_navis",1029.07190027773
"7901009",42,0,1,0.029904,1,0.007476,1,115.482724074498,1,4.85863362709236,452,1,10.1540002822876,35.1749992370605,0.0299040004611015,0,111.360900878906,-86.0661,22.0463,16.4362467759444,63,63,63,63,61,63,0,9004,1.9064526870154,22,-86,0.001869,51,2024-08-01 01:40:51.000165,452,1.037,0.0011,"aoml_navis",1029.09591127007
"7901009",42,0,1,0.026166,1,0.003738,1,115.690954286801,1,4.85855232693054,454,1,10.0570001602173,35.1629981994629,0.0261659994721413,0,111.561698913574,-86.0661,22.0463,16.4362467759444,63,63,63,63,61,63,0,9004,1.9064526870154,22,-86,0.001869,51,2024-08-01 01:40:51.000165,454,1.037,0.0011,"aoml_navis",1029.11313155679
"7901009",42,0,1,0.024297,1,0.001869,1,115.659639450359,1,4.85850797178406,456,1,10.0459995269775,35.1609992980957,0.0242970008403063,0,111.53150177002,-86.0661,22.0463,16.4362467759444,63,63,63,63,61,63,0,9004,1.9064526870154,22,-86,0.001869,51,2024-08-01 01:40:51.000165,456,1.037,0.0011,"aoml_navis",1029.1225267176
"7901009",42,0,1,0.026166,1,0.003738,1,115.603117673822,1,4.85846592687923,458,1,10.0419998168945,35.1599998474121,0.0261659994721413,0,111.476997375488,-86.0661,22.0463,16.4362467759444,63,63,63,63,61,63,0,9004,1.9064526870154,22,-86,0.001869,51,2024-08-01 01:40:51.000165,458,1.037,0.0011,"aoml_navis",1029.13143268902
"7901009",42,0,1,0.022428,1,0,1,115.662226603345,1,4.85841501126544,460,1,10.0190000534058,35.1570014953613,0.0224280003458261,0,111.533996582031,-86.0661,22.0463,16.4362467759444,63,63,63,63,61,63,0,9004,1.9064526870154,22,-86,0.001869,51,2024-08-01 01:40:51.000165,460,1.037,0.0011,"aoml_navis",1029.14221786452
"7901009",42,0,1,0.026166,1,0.003738,1,115.697900832125,1,4.85836125152634,462,1,9.98400020599365,35.1520004272461,0.0261659994721413,0,111.568397521973,-86.0661,22.0463,16.4362467759444,63,63,63,63,61,63,0,9004,1.9064526870154,22,-86,0.001869,51,2024-08-01 01:40:51.000165,462,1.037,0.0011,"aoml_navis",1029.15360574086
"7901009",42,0,1,0.031773,1,0.009345,1,115.847955705279,1,4.85830329321721,464,1,9.94400024414062,35.1469993591309,0.0317730009555817,0,111.713096618652,-86.0661,22.0463,16.4362467759444,63,63,63,63,61,63,0,9004,1.9064526870154,22,-86,0.001869,51,2024-08-01 01:40:51.000165,464,1.037,0.0011,"aoml_navis",1029.16588327876
"7901009",42,0,1,0.028035,1,0.005607,1,116.094977388798,1,4.85822140527627,466,1,9.86699962615967,35.1399993896484,0.0280349999666214,0,111.951301574707,-86.0661,22.0463,16.4362467759444,63,63,63,63,61,63,0,9004,1.9064526870154,22,-86,0.001869,51,2024-08-01 01:40:51.000165,466,1.037,0.0011,"aoml_navis",1029.18323042456
"7901009",42,0,1,0.026166,1,0.003738,1,116.165178637848,1,4.85816782293083,468,1,9.84500026702881,35.1380004882812,0.0261659994721413,0,112.018997192383,-86.0661,22.0463,16.4362467759444,63,63,63,63,61,63,0,9004,1.9064526870154,22,-86,0.001869,51,2024-08-01 01:40:51.000165,468,1.037,0.0011,"aoml_navis",1029.19458162802
"7901009",42,0,1,0.028035,1,0.005607,1,116.08346574478,1,4.85811873987661,470,1,9.83699989318848,35.1380004882812,0.0280349999666214,0,111.940200805664,-86.0661,22.0463,16.4362467759444,63,63,63,63,61,63,0,9004,1.9064526870154,22,-86,0.001869,51,2024-08-01 01:40:51.000165,470,1.037,0.0011,"aoml_navis",1029.20497989454
"7901009",42,0,1,0.026166,1,0.003738,1,116.15802638617,1,4.85804760588337,472,1,9.76799964904785,35.1300010681152,0.0261659994721413,0,112.012100219727,-86.0661,22.0463,16.4362467759444,63,63,63,63,61,63,0,9004,1.9064526870154,22,-86,0.001869,51,2024-08-01 01:40:51.000165,472,1.037,0.0011,"aoml_navis",1029.22005003506
"7901009",42,0,1,0.026166,1,0.003738,1,116.21723816887,1,4.85799252956955,474,1,9.73099994659424,35.125,0.0261659994721413,0,112.069198608398,-86.0661,22.0463,16.4362467759444,63,63,63,63,61,63,0,9004,1.9064526870154,22,-86,0.001869,51,2024-08-01 01:40:51.000165,474,1.037,0.0011,"aoml_navis",1029.23171856813
"7901009",42,0,1,0.028035,1,0.005607,1,116.231447730832,1,4.85793686075963,476,1,9.70199966430664,35.1220016479492,0.0280349999666214,0,112.082901000977,-86.0661,22.0463,16.4362467759444,63,63,63,63,61,63,0,9004,1.9064526870154,22,-86,0.001869,51,2024-08-01 01:40:51.000165,476,1.037,0.0011,"aoml_navis",1029.24351289699
"7901009",42,0,1,0.029904,1,0.007476,1,116.205212258968,1,4.85789013925069,478,1,9.6879997253418,35.1199989318848,0.0299040004611015,0,112.057601928711,-86.0661,22.0463,16.4362467759444,63,63,63,63,61,63,0,9004,1.9064526870154,22,-86,0.001869,51,2024-08-01 01:40:51.000165,478,1.037,0.0011,"aoml_navis",1029.25341180549
"7901009",42,0,1,0.031773,1,0.009345,1,116.22730195663,1,4.85784205667849,480,1,9.66800022125244,35.117000579834,0.0317730009555817,0,112.078903198242,-86.0661,22.0463,16.4362467759444,63,63,63,63,61,63,0,9004,1.9064526870154,22,-86,0.001869,51,2024-08-01 01:40:51.000165,480,1.037,0.0011,"aoml_navis",1029.26359928192
"7901009",42,0,1,0.024297,1,0.001869,1,116.162591484863,1,4.85779668942857,482,1,9.65999984741211,35.1160011291504,0.0242970008403063,0,112.016502380371,-86.0661,22.0463,16.4362467759444,63,63,63,63,61,63,0,9004,1.9064526870154,22,-86,0.001869,51,2024-08-01 01:40:51.000165,482,1.037,0.0011,"aoml_navis",1029.27321163541
"7901009",42,0,1,0.028035,1,0.005607,1,116.203550784574,1,4.85774496842568,484,1,9.64000034332275,35.1139984130859,0.0280349999666214,0,112.055999755859,-86.0661,22.0463,16.4362467759444,63,63,63,63,61,63,0,9004,1.9064526870154,22,-86,0.001869,51,2024-08-01 01:40:51.000165,484,1.037,0.0011,"aoml_navis",1029.28417043277
"7901009",42,0,1,0.024297,1,0.001869,1,116.204690081301,1,4.85769975768811,486,1,9.61900043487549,35.1100006103516,0.0242970008403063,0,112.057098388672,-86.0661,22.0463,16.4362467759444,63,63,63,63,61,63,0,9004,1.9064526870154,22,-86,0.001869,51,2024-08-01 01:40:51.000165,486,1.037,0.0011,"aoml_navis",1029.29375000723
"7901009",42,0,1,0.029904,1,0.007476,1,116.283610115031,1,4.85763121589224,488,1,9.56999969482422,35.1059989929199,0.0299040004611015,0,112.133201599121,-86.0661,22.0463,16.4362467759444,63,63,63,63,61,63,0,9004,1.9064526870154,22,-86,0.001869,51,2024-08-01 01:40:51.000165,488,1.037,0.0011,"aoml_navis",1029.30827347329
"7901009",42,0,1,0.024297,1,0.001869,1,116.230616993635,1,4.8575895475822,490,1,9.5620002746582,35.1040000915527,0.0242970008403063,0,112.082099914551,-86.0661,22.0463,16.4362467759444,63,63,63,63,61,63,0,9004,1.9064526870154,22,-86,0.001869,51,2024-08-01 01:40:51.000165,490,1.037,0.0011,"aoml_navis",1029.31710285993
"7901009",42,0,1,0.026166,1,0.003738,1,116.195362089345,1,4.85753989398255,492,1,9.53999996185303,35.101001739502,0.0261659994721413,0,112.04810333252,-86.0661,22.0463,16.4362467759444,63,63,63,63,61,63,0,9004,1.9064526870154,22,-86,0.001869,51,2024-08-01 01:40:51.000165,492,1.037,0.0011,"aoml_navis",1029.32762450267
"7901009",42,0,1,0.024297,1,0.001869,1,116.233417764757,1,4.8574869468741,494,1,9.51399993896484,35.0979995727539,0.0242970008403063,0,112.084800720215,-86.0661,22.0463,16.4362467759444,63,63,63,63,61,63,0,9004,1.9064526870154,22,-86,0.001869,51,2024-08-01 01:40:51.000165,494,1.037,0.0011,"aoml_navis",1029.33884427988
"7901009",42,0,1,0.029904,1,0.007476,1,116.221803267563,1,4.85743864505086,496,1,9.4980001449585,35.0960006713867,0.0299040004611015,0,112.073600769043,-86.0661,22.0463,16.4362467759444,63,63,63,63,61,63,0,9004,1.9064526870154,22,-86,0.001869,51,2024-08-01 01:40:51.000165,496,1.037,0.0011,"aoml_navis",1029.34907990951
"7901009",42,0,1,0.028035,1,0.005607,1,116.187790513176,1,4.85739284289712,498,1,9.48499965667725,35.0940017700195,0.0280349999666214,0,112.040802001953,-86.0661,22.0463,16.4362467759444,63,63,63,63,61,63,0,9004,1.9064526870154,22,-86,0.001869,51,2024-08-01 01:40:51.000165,498,1.037,0.0011,"aoml_navis",1029.35878602271
"7901009",42,0,1,0.05607,1,0.033642,1,116.128990143184,1,4.85735038146833,500,1,9.47599983215332,35.0919990539551,0.0560699999332428,0,111.984100341797,-86.0661,22.0463,16.4362467759444,63,63,63,63,61,63,0,9004,1.9064526870154,22,-86,0.001869,51,2024-08-01 01:40:51.000165,500,1.037,0.0011,"aoml_navis",1029.36778435336
"7901009",42,0,1,0.029904,1,0.007476,1,116.035765606098,1,4.85730707900726,502,1,9.46599960327148,35.0900001525879,0.0299040004611015,0,111.894203186035,-86.0661,22.0463,16.4362467759444,63,63,63,63,61,63,0,9004,1.9064526870154,22,-86,0.001869,51,2024-08-01 01:40:51.000165,502,1.037,0.0011,"aoml_navis",1029.3769610757
"7901009",42,0,1,0.028035,1,0.005607,1,116.053598764597,1,4.85724121135158,504,1,9.41100025177002,35.0839996337891,0.0280349999666214,0,111.911399841309,-86.0661,22.0463,16.4362467759444,63,63,63,63,61,63,0,9004,1.9064526870154,22,-86,0.001869,51,2024-08-01 01:40:51.000165,504,1.037,0.0011,"aoml_navis",1029.39092016159
"7901009",42,0,1,0.026166,1,0.003738,1,116.086369369079,1,4.85718455003296,506,1,9.36699962615967,35.0779991149902,0.0261659994721413,0,111.943000793457,-86.0661,22.0463,16.4362467759444,63,63,63,63,61,63,0,9004,1.9064526870154,22,-86,0.001869,51,2024-08-01 01:40:51.000165,506,1.037,0.0011,"aoml_navis",1029.40292848582
"7901009",42,0,1,0.033642,1,0.011214,1,116.025701818338,1,4.8571304938506,508,1,9.33500003814697,35.0740013122559,0.0336420014500618,0,111.884498596191,-86.0661,22.0463,16.4362467759444,63,63,63,63,61,63,0,9004,1.9064526870154,22,-86,0.001869,51,2024-08-01 01:40:51.000165,508,1.037,0.0011,"aoml_navis",1029.41438496048
"7901009",42,0,1,0.033642,1,0.011214,1,116.008382925723,1,4.85707687706072,510,1,9.29899978637695,35.0690002441406,0.0336420014500618,0,111.867797851562,-86.0661,22.0463,16.4362467759444,63,63,63,63,61,63,0,9004,1.9064526870154,22,-86,0.001869,51,2024-08-01 01:40:51.000165,510,1.037,0.0011,"aoml_navis",1029.42574856377
"7901009",42,0,1,0.028035,1,0.005607,1,116.108253360386,1,4.85701179813925,512,1,9.23999977111816,35.0620002746582,0.0280349999666214,0,111.96410369873,-86.0661,22.0463,16.4362467759444,63,63,63,63,61,63,0,9004,1.9064526870154,22,-86,0.001869,51,2024-08-01 01:40:51.000165,512,1.037,0.0011,"aoml_navis",1029.4395418013
"7901009",42,0,1,0.029904,1,0.007476,1,116.124630750845,1,4.85696241700415,514,1,9.20899963378906,35.056999206543,0.0299040004611015,0,111.97989654541,-86.0661,22.0463,16.4362467759444,63,63,63,63,61,63,0,9004,1.9064526870154,22,-86,0.001869,51,2024-08-01 01:40:51.000165,514,1.037,0.0011,"aoml_navis",1029.45000819753
"7901009",42,0,1,0.024297,1,0.001869,1,116.16797940897,1,4.85690572781888,516,1,9.15999984741211,35.0499992370605,0.0242970008403063,0,112.021697998047,-86.0661,22.0463,16.4362467759444,63,63,63,63,61,63,0,9004,1.9064526870154,22,-86,0.001869,51,2024-08-01 01:40:51.000165,516,1.037,0.0011,"aoml_navis",1029.46202380695
"7901009",42,0,1,0.031773,1,0.009345,1,116.225846188589,1,4.85683733088675,518,1,9.10099983215332,35.0439987182617,0.0317730009555817,0,112.077499389648,-86.0661,22.0463,16.4362467759444,63,63,63,63,61,63,0,9004,1.9064526870154,22,-86,0.001869,51,2024-08-01 01:40:51.000165,518,1.037,0.0011,"aoml_navis",1029.47652131621
"7901009",42,0,1,0.026166,1,0.003738,1,116.31710069175,1,4.85677557463409,520,1,9.05000019073486,35.0379981994629,0.0261659994721413,0,112.165496826172,-86.0661,22.0463,16.4362467759444,63,63,63,63,61,63,0,9004,1.9064526870154,22,-86,0.001869,51,2024-08-01 01:40:51.000165,520,1.037,0.0011,"aoml_navis",1029.48961160856
"7901009",42,0,1,0.029904,1,0.007476,1,116.284749411758,1,4.8567296046124,522,1,9.0319995880127,35.0349998474121,0.0299040004611015,0,112.134300231934,-86.0661,22.0463,16.4362467759444,63,63,63,63,61,63,0,9004,1.9064526870154,22,-86,0.001869,51,2024-08-01 01:40:51.000165,522,1.037,0.0011,"aoml_navis",1029.49935595581
"7901009",42,0,1,0.031773,1,0.009345,1,116.388140589781,1,4.85666836193871,524,1,8.98600006103516,35.0299987792969,0.0317730009555817,0,112.234001159668,-86.0661,22.0463,16.4362467759444,63,63,63,63,61,63,0,9004,1.9064526870154,22,-86,0.001869,51,2024-08-01 01:40:51.000165,524,1.037,0.0011,"aoml_navis",1029.51233796085
"7901009",42,0,1,0.031773,1,0.009345,1,116.473904315658,1,4.85660916345032,526,1,8.94699954986572,35.0260009765625,0.0317730009555817,0,112.316703796387,-86.0661,22.0463,16.4362467759444,63,63,63,63,61,63,0,9004,1.9064526870154,22,-86,0.001869,51,2024-08-01 01:40:51.000165,526,1.037,0.0011,"aoml_navis",1029.52488695792
"7901009",42,0,1,0.031773,1,0.009345,1,116.471720663597,1,4.85656605178617,528,1,8.9370002746582,35.023998260498,0.0317730009555817,0,112.314598083496,-86.0661,22.0463,16.4362467759444,63,63,63,63,61,63,0,9004,1.9064526870154,22,-86,0.001869,51,2024-08-01 01:40:51.000165,528,1.037,0.0011,"aoml_navis",1029.53402603493
"7901009",42,0,1,0.029904,1,0.007476,1,116.489142409389,1,4.85652086439779,530,1,8.92899990081787,35.0229988098145,0.0299040004611015,0,112.331398010254,-86.0661,22.0463,16.4362467759444,63,63,63,63,61,63,0,9004,1.9064526870154,22,-86,0.001869,51,2024-08-01 01:40:51.000165,530,1.037,0.0011,"aoml_navis",1029.54360531096
"7901009",42,0,1,0.029904,1,0.007476,1,116.528448146488,1,4.85647452241985,532,1,8.91499996185303,35.0209999084473,0.0299040004611015,0,112.369300842285,-86.0661,22.0463,16.4362467759444,63,63,63,63,61,63,0,9004,1.9064526870154,22,-86,0.001869,51,2024-08-01 01:40:51.000165,532,1.037,0.0011,"aoml_navis",1029.55342953362
"7901009",42,0,1,0.026166,1,0.003738,1,116.665852078897,1,4.85642348456287,534,1,8.88599967956543,35.0169982910156,0.0261659994721413,0,112.501800537109,-86.0661,22.0463,16.4362467759444,63,63,63,63,61,63,0,9004,1.9064526870154,22,-86,0.001869,51,2024-08-01 01:40:51.000165,534,1.037,0.0011,"aoml_navis",1029.56424947155
"7901009",42,0,1,0.026166,1,0.003738,1,117.013456257533,1,4.85633317336361,536,1,8.78499984741211,35.007999420166,0.0261659994721413,0,112.83699798584,-86.0661,22.0463,16.4362467759444,63,63,63,63,61,63,0,9004,1.9064526870154,22,-86,0.001869,51,2024-08-01 01:40:51.000165,536,1.037,0.0011,"aoml_navis",1029.58339584779
"7901009",42,0,1,0.028035,1,0.005607,1,117.167664816673,1,4.85627799181227,538,1,8.74600028991699,35.0029983520508,0.0280349999666214,0,112.985702514648,-86.0661,22.0463,16.4362467759444,63,63,63,63,61,63,0,9004,1.9064526870154,22,-86,0.001869,51,2024-08-01 01:40:51.000165,538,1.037,0.0011,"aoml_navis",1029.5950949328
"7901009",42,0,1,0.028035,1,0.005607,1,117.240461130492,1,4.85623045738459,540,1,8.73499965667725,35.0019989013672,0.0280349999666214,0,113.05590057373,-86.0661,22.0463,16.4362467759444,63,63,63,63,61,63,0,9004,1.9064526870154,22,-86,0.001869,51,2024-08-01 01:40:51.000165,540,1.037,0.0011,"aoml_navis",1029.60517295813
"7901009",42,0,1,0.029904,1,0.007476,1,117.3728885515,1,4.85618470529914,542,1,8.71700000762939,34.9990005493164,0.0299040004611015,0,113.183601379395,-86.0661,22.0463,16.4362467759444,63,63,63,63,61,63,0,9004,1.9064526870154,22,-86,0.001869,51,2024-08-01 01:40:51.000165,542,1.037,0.0011,"aoml_navis",1029.614873286
"7901009",42,0,1,0.029904,1,0.007476,1,117.719147727056,1,4.85610760422567,544,1,8.64099979400635,34.992000579834,0.0299040004611015,0,113.517501831055,-86.0661,22.0463,16.4362467759444,63,63,63,63,61,63,0,9004,1.9064526870154,22,-86,0.001869,51,2024-08-01 01:40:51.000165,544,1.037,0.0011,"aoml_navis",1029.63122061981
"7901009",42,0,1,0.033642,1,0.011214,1,117.967822973186,1,4.85602655029511,546,1,8.55500030517578,34.984001159668,0.0336420014500618,0,113.757301330566,-86.0661,22.0463,16.4362467759444,63,63,63,63,61,63,0,9004,1.9064526870154,22,-86,0.001869,51,2024-08-01 01:40:51.000165,546,1.037,0.0011,"aoml_navis",1029.64840661675
"7901009",42,0,1,0.028035,1,0.005607,1,118.188704126234,1,4.85594608137544,548,1,8.47399997711182,34.9770011901855,0.0280349999666214,0,113.97029876709,-86.0661,22.0463,16.4362467759444,63,63,63,63,61,63,0,9004,1.9064526870154,22,-86,0.001869,51,2024-08-01 01:40:51.000165,548,1.037,0.0011,"aoml_navis",1029.66546914041
"7901009",42,0,1,0.029904,1,0.007476,1,118.165997309512,1,4.85590021816205,550,1,8.46500015258789,34.976001739502,0.0299040004611015,0,113.948402404785,-86.0661,22.0463,16.4362467759444,63,63,63,63,61,63,0,9004,1.9064526870154,22,-86,0.001869,51,2024-08-01 01:40:51.000165,550,1.037,0.0011,"aoml_navis",1029.67519416873
"7901009",42,0,1,0.026166,1,0.003738,1,118.185903355112,1,4.85585986715851,552,1,8.46300029754639,34.9749984741211,0.0261659994721413,0,113.967597961426,-86.0661,22.0463,16.4362467759444,63,63,63,63,61,63,0,9004,1.9064526870154,22,-86,0.001869,51,2024-08-01 01:40:51.000165,552,1.037,0.0011,"aoml_navis",1029.68375051684
"7901009",42,0,1,0.026166,1,0.003738,1,118.180721137358,1,4.85581793287986,554,1,8.45899963378906,34.9739990234375,0.0261659994721413,0,113.962600708008,-86.0661,22.0463,16.4362467759444,63,63,63,63,61,63,0,9004,1.9064526870154,22,-86,0.001869,51,2024-08-01 01:40:51.000165,554,1.037,0.0011,"aoml_navis",1029.6926427459
"7901009",42,0,1,0.029904,1,0.007476,1,118.261089027345,1,4.85577207596695,556,1,8.44999980926514,34.9729995727539,0.0299040004611015,0,114.040100097656,-86.0661,22.0463,16.4362467759444,63,63,63,63,61,63,0,9004,1.9064526870154,22,-86,0.001869,51,2024-08-01 01:40:51.000165,556,1.037,0.0011,"aoml_navis",1029.70236695147
"7901009",42,0,1,0.024297,1,0.001869,1,118.470980714043,1,4.85571398155001,558,1,8.41600036621094,34.9700012207031,0.0242970008403063,0,114.242500305176,-86.0661,22.0463,16.4362467759444,63,63,63,63,61,63,0,9004,1.9064526870154,22,-86,0.001869,51,2024-08-01 01:40:51.000165,558,1.037,0.0011,"aoml_navis",1029.71468644945
"7901009",42,0,1,0.029904,1,0.007476,1,118.647168205884,1,4.85565024847709,560,1,8.36999988555908,34.9659996032715,0.0299040004611015,0,114.412399291992,-86.0661,22.0463,16.4362467759444,63,63,63,63,61,63,0,9004,1.9064526870154,22,-86,0.001869,51,2024-08-01 01:40:51.000165,560,1.037,0.0011,"aoml_navis",1029.72820201953
"7901009",42,0,1,0.026166,1,0.003738,1,118.739356299419,1,4.85559560715723,562,1,8.34500026702881,34.9640007019043,0.0261659994721413,0,114.50129699707,-86.0661,22.0463,16.4362467759444,63,63,63,63,61,63,0,9004,1.9064526870154,22,-86,0.001869,51,2024-08-01 01:40:51.000165,562,1.037,0.0011,"aoml_navis",1029.73978982721
"7901009",42,0,1,0.029904,1,0.007476,1,118.767775423345,1,4.85555112356262,564,1,8.33300018310547,34.9620018005371,0.0299040004611015,0,114.528701782227,-86.0661,22.0463,16.4362467759444,63,63,63,63,61,63,0,9004,1.9064526870154,22,-86,0.001869,51,2024-08-01 01:40:51.000165,564,1.037,0.0011,"aoml_navis",1029.74922367441
"7901009",42,0,1,0.028035,1,0.005607,1,118.812057671844,1,4.85549752438066,566,1,8.31400012969971,34.9609985351562,0.0280349999666214,0,114.571403503418,-86.0661,22.0463,16.4362467759444,63,63,63,63,61,63,0,9004,1.9064526870154,22,-86,0.001869,51,2024-08-01 01:40:51.000165,566,1.037,0.0011,"aoml_navis",1029.76059093713
"7901009",42,0,1,0.031773,1,0.009345,1,118.838704556416,1,4.85545149696968,568,1,8.30000019073486,34.9589996337891,0.0317730009555817,0,114.597099304199,-86.0661,22.0463,16.4362467759444,63,63,63,63,61,63,0,9004,1.9064526870154,22,-86,0.001869,51,2024-08-01 01:40:51.000165,568,1.037,0.0011,"aoml_navis",1029.77035258627
"7901009",42,0,1,0.028035,1,0.005607,1,118.858096336132,1,4.85540568748445,570,1,8.29100036621094,34.9580001831055,0.0280349999666214,0,114.615798950195,-86.0661,22.0463,16.4362467759444,63,63,63,63,61,63,0,9004,1.9064526870154,22,-86,0.001869,51,2024-08-01 01:40:51.000165,570,1.037,0.0011,"aoml_navis",1029.78006820074
"7901009",42,0,1,0.029904,1,0.007476,1,118.870438717347,1,4.85535775720185,572,1,8.28400039672852,34.9580001831055,0.0299040004611015,0,114.627700805664,-86.0661,22.0463,16.4362467759444,63,63,63,63,61,63,0,9004,1.9064526870154,22,-86,0.001869,51,2024-08-01 01:40:51.000165,572,1.037,0.0011,"aoml_navis",1029.79023380586
"7901009",42,0,1,0.031773,1,0.009345,1,118.878627412576,1,4.85531739907657,574,1,8.2819995880127,34.9570007324219,0.0317730009555817,0,114.635597229004,-86.0661,22.0463,16.4362467759444,63,63,63,63,61,63,0,9004,1.9064526870154,22,-86,0.001869,51,2024-08-01 01:40:51.000165,574,1.037,0.0011,"aoml_navis",1029.79879357649
"7901009",42,0,1,0.033642,1,0.011214,1,118.940750731357,1,4.85527704348199,576,1,8.27999973297119,34.9560012817383,0.0336420014500618,0,114.695503234863,-86.0661,22.0463,16.4362467759444,63,63,63,63,61,63,0,9004,1.9064526870154,22,-86,0.001869,51,2024-08-01 01:40:51.000165,576,1.037,0.0011,"aoml_navis",1029.80735295266
"7901009",42,0,1,0.031773,1,0.009345,1,119.101486511332,1,4.85522384265788,578,1,8.2519998550415,34.9529991149902,0.0317730009555817,0,114.85050201416,-86.0661,22.0463,16.4362467759444,63,63,63,63,61,63,0,9004,1.9064526870154,22,-86,0.001869,51,2024-08-01 01:40:51.000165,578,1.037,0.0011,"aoml_navis",1029.81863700498
"7901009",42,0,1,0.029904,1,0.007476,1,119.309511017281,1,4.85517764380045,580,1,8.23299980163574,34.9500007629395,0.0299040004611015,0,115.05110168457,-86.0661,22.0463,16.4362467759444,63,63,63,63,61,63,0,9004,1.9064526870154,22,-86,0.001869,51,2024-08-01 01:40:51.000165,580,1.037,0.0011,"aoml_navis",1029.82843612004
"7901009",42,0,1,0.029904,1,0.007476,1,119.745988252447,1,4.85510457080807,582,1,8.16499996185303,34.9440002441406,0.0299040004611015,0,115.47200012207,-86.0661,22.0463,16.4362467759444,63,63,63,63,61,63,0,9004,1.9064526870154,22,-86,0.001869,51,2024-08-01 01:40:51.000165,582,1.037,0.0011,"aoml_navis",1029.84393581616
"7901009",42,0,1,0.029904,1,0.007476,1,120.11402065435,1,4.85501000511602,584,1,8.06400012969971,34.9370002746582,0.0299040004611015,0,115.82689666748,-86.0661,22.0463,16.4362467759444,63,63,63,63,61,63,0,9004,1.9064526870154,22,-86,0.001869,51,2024-08-01 01:40:51.000165,584,1.037,0.0011,"aoml_navis",1029.86399507544
"7901009",42,0,1,0.026166,1,0.003738,1,120.272169281339,1,4.85495000251323,586,1,8.02200031280518,34.9329986572266,0.0261659994721413,0,115.979400634766,-86.0661,22.0463,16.4362467759444,63,63,63,63,61,63,0,9004,1.9064526870154,22,-86,0.001869,51,2024-08-01 01:40:51.000165,586,1.037,0.0011,"aoml_navis",1029.87672322304
"7901009",42,0,1,0.024297,1,0.001869,1,120.371723244689,1,4.85490350679646,588,1,8.01200008392334,34.931999206543,0.0242970008403063,0,116.075401306152,-86.0661,22.0463,16.4362467759444,63,63,63,63,61,63,0,9004,1.9064526870154,22,-86,0.001869,51,2024-08-01 01:40:51.000165,588,1.037,0.0011,"aoml_navis",1029.8865864173
"7901009",42,0,1,0.028035,1,0.005607,1,120.479054490561,1,4.85485409937752,590,1,8.00300025939941,34.931999206543,0.0280349999666214,0,116.178901672363,-86.0661,22.0463,16.4362467759444,63,63,63,63,61,63,0,9004,1.9064526870154,22,-86,0.001869,51,2024-08-01 01:40:51.000165,590,1.037,0.0011,"aoml_navis",1029.89706748161
"7901009",42,0,1,0.028035,1,0.005607,1,120.510891504669,1,4.85480914195452,592,1,7.99499988555908,34.9309997558594,0.0280349999666214,0,116.209602355957,-86.0661,22.0463,16.4362467759444,63,63,63,63,61,63,0,9004,1.9064526870154,22,-86,0.001869,51,2024-08-01 01:40:51.000165,592,1.037,0.0011,"aoml_navis",1029.90660472948
"7901009",42,0,1,0.028035,1,0.005607,1,120.599242383532,1,4.85476021725577,594,1,7.97700023651123,34.9290008544922,0.0280349999666214,0,116.294799804688,-86.0661,22.0463,16.4362467759444,63,63,63,63,61,63,0,9004,1.9064526870154,22,-86,0.001869,51,2024-08-01 01:40:51.000165,594,1.037,0.0011,"aoml_navis",1029.91698379417
"7901009",42,0,1,0.028035,1,0.005607,1,120.754795945752,1,4.85470201480115,596,1,7.94199991226196,34.9259986877441,0.0280349999666214,0,116.444801330566,-86.0661,22.0463,16.4362467759444,63,63,63,63,61,63,0,9004,1.9064526870154,22,-86,0.001869,51,2024-08-01 01:40:51.000165,596,1.037,0.0011,"aoml_navis",1029.92933134842
"7901009",42,0,1,0.031773,1,0.009345,1,120.856319943027,1,4.85464613501278,598,1,7.90999984741211,34.9230003356934,0.0317730009555817,0,116.542701721191,-86.0661,22.0463,16.4362467759444,63,63,63,63,61,63,0,9004,1.9064526870154,22,-86,0.001869,51,2024-08-01 01:40:51.000165,598,1.037,0.0011,"aoml_navis",1029.94118643147
"7901009",42,0,1,0.031773,1,0.009345,1,120.942186522081,1,4.85460196338612,600,1,7.90299987792969,34.9220008850098,0.0317730009555817,0,116.625503540039,-86.0661,22.0463,16.4362467759444,63,63,63,63,61,63,0,9004,1.9064526870154,22,-86,0.001869,51,2024-08-01 01:40:51.000165,600,1.037,0.0011,"aoml_navis",1029.95055778218
"7901009",42,0,1,0.031773,1,0.009345,1,120.956491025438,1,4.85455550942538,602,1,7.89300012588501,34.9210014343262,0.0317730009555817,0,116.639297485352,-86.0661,22.0463,16.4362467759444,63,63,63,63,61,63,0,9004,1.9064526870154,22,-86,0.001869,51,2024-08-01 01:40:51.000165,602,1.037,0.0011,"aoml_navis",1029.96041353163
"7901009",42,0,1,0.029904,1,0.007476,1,121.06030152795,1,4.85448982525951,604,1,7.84800004959106,34.9179992675781,0.0299040004611015,0,116.739402770996,-86.0661,22.0463,16.4362467759444,63,63,63,63,61,63,0,9004,1.9064526870154,22,-86,0.001869,51,2024-08-01 01:40:51.000165,604,1.037,0.0011,"aoml_navis",1029.97434951524
"7901009",42,0,1,0.029904,1,0.007476,1,121.041115454588,1,4.85444305451615,606,1,7.82299995422363,34.9140014648438,0.0299040004611015,0,116.720901489258,-86.0661,22.0463,16.4362467759444,63,63,63,63,61,63,0,9004,1.9064526870154,22,-86,0.001869,51,2024-08-01 01:40:51.000165,606,1.037,0.0011,"aoml_navis",1029.9842729329
"7901009",42,0,1,0.029904,1,0.007476,1,121.022965824776,1,4.85440108172967,608,1,7.81400012969971,34.9119987487793,0.0299040004611015,0,116.703399658203,-86.0661,22.0463,16.4362467759444,63,63,63,63,61,63,0,9004,1.9064526870154,22,-86,0.001869,51,2024-08-01 01:40:51.000165,608,1.037,0.0011,"aoml_navis",1029.99317852378
"7901009",42,0,1,0.029904,1,0.007476,1,121.141500155135,1,4.85435661445162,610,1,7.79199981689453,34.9080009460449,0.0299040004611015,0,116.81770324707,-86.0661,22.0463,16.4362467759444,63,63,63,63,61,63,0,9004,1.9064526870154,22,-86,0.001869,51,2024-08-01 01:40:51.000165,610,1.037,0.0011,"aoml_navis",1030.00261355229
"7901009",42,0,1,0.026166,1,0.003738,1,121.484958559568,1,4.85429395219514,612,1,7.74100017547607,34.9029998779297,0.0261659994721413,0,117.148902893066,-86.0661,22.0463,16.4362467759444,63,63,63,63,61,63,0,9004,1.9064526870154,22,-86,0.001869,51,2024-08-01 01:40:51.000165,612,1.037,0.0011,"aoml_navis",1030.01590946897
"7901009",42,0,1,0.031773,1,0.009345,1,121.739955320179,1,4.85422493840283,614,1,7.70100021362305,34.9020004272461,0.0317730009555817,0,117.394798278809,-86.0661,22.0463,16.4362467759444,63,63,63,63,61,63,0,9004,1.9064526870154,22,-86,0.001869,51,2024-08-01 01:40:51.000165,614,1.037,0.0011,"aoml_navis",1030.03055347599
"7901009",42,0,1,0.029904,1,0.007476,1,121.829453407552,1,4.8541785513454,616,1,7.69099998474121,34.9010009765625,0.0299040004611015,0,117.481101989746,-86.0661,22.0463,16.4362467759444,63,63,63,63,61,63,0,9004,1.9064526870154,22,-86,0.001869,51,2024-08-01 01:40:51.000165,616,1.037,0.0011,"aoml_navis",1030.04039655982
"7901009",42,0,1,0.029904,1,0.007476,1,121.957521436222,1,4.85413743651936,618,1,7.68800020217896,34.9000015258789,0.0299040004611015,0,117.604598999023,-86.0661,22.0463,16.4362467759444,63,63,63,63,61,63,0,9004,1.9064526870154,22,-86,0.001869,51,2024-08-01 01:40:51.000165,618,1.037,0.0011,"aoml_navis",1030.04912106181
"7901009",42,0,1,0.031773,1,0.009345,1,122.143978422176,1,4.85408881174293,620,1,7.67500019073486,34.898998260498,0.0317730009555817,0,117.784400939941,-86.0661,22.0463,16.4362467759444,63,63,63,63,61,63,0,9004,1.9064526870154,22,-86,0.001869,51,2024-08-01 01:40:51.000165,620,1.037,0.0011,"aoml_navis",1030.05943935432
"7901009",42,0,1,0.026166,1,0.003738,1,122.418889140171,1,4.85401751086185,622,1,7.62200021743774,34.8959999084473,0.0261659994721413,0,118.049499511719,-86.0661,22.0463,16.4362467759444,63,63,63,63,61,63,0,9004,1.9064526870154,22,-86,0.001869,51,2024-08-01 01:40:51.000165,622,1.037,0.0011,"aoml_navis",1030.07456994366
"7901009",42,0,1,0.029904,1,0.007476,1,122.540841360712,1,4.85396877757809,624,1,7.59899997711182,34.8930015563965,0.0299040004611015,0,118.167098999023,-86.0661,22.0463,16.4362467759444,63,63,63,63,61,63,0,9004,1.9064526870154,22,-86,0.001869,51,2024-08-01 01:40:51.000165,624,1.037,0.0011,"aoml_navis",1030.08491177291
"7901009",42,0,1,0.029904,1,0.007476,1,122.702407877884,1,4.85391036036739,626,1,7.56300020217896,34.8899993896484,0.0299040004611015,0,118.322898864746,-86.0661,22.0463,16.4362467759444,63,63,63,63,61,63,0,9004,1.9064526870154,22,-86,0.001869,51,2024-08-01 01:40:51.000165,626,1.037,0.0011,"aoml_navis",1030.09730892961
"7901009",42,0,1,0.029904,1,0.007476,1,122.886475505424,1,4.85385272852744,628,1,7.52799987792969,34.8870010375977,0.0299040004611015,0,118.500396728516,-86.0661,22.0463,16.4362467759444,63,63,63,63,61,63,0,9004,1.9064526870154,22,-86,0.001869,51,2024-08-01 01:40:51.000165,628,1.037,0.0011,"aoml_navis",1030.10953970927
"7901009",42,0,1,0.054201,1,0.031773,1,123.049497790636,1,4.85380190131081,630,1,7.50699996948242,34.8849983215332,0.0542009994387627,0,118.657600402832,-86.0661,22.0463,16.4362467759444,63,63,63,63,61,63,0,9004,1.9064526870154,22,-86,0.001869,51,2024-08-01 01:40:51.000165,630,1.037,0.0011,"aoml_navis",1030.12032663502
"7901009",42,0,1,0.029904,1,0.007476,1,123.207749270802,1,4.85374806697055,632,1,7.47700023651123,34.8819999694824,0.0299040004611015,0,118.810203552246,-86.0661,22.0463,16.4362467759444,63,63,63,63,61,63,0,9004,1.9064526870154,22,-86,0.001869,51,2024-08-01 01:40:51.000165,632,1.037,0.0011,"aoml_navis",1030.13175200103
"7901009",42,0,1,0.028035,1,0.005607,1,123.390258277125,1,4.85368388250121,634,1,7.43300008773804,34.8790016174316,0.0280349999666214,0,118.986198425293,-86.0661,22.0463,16.4362467759444,63,63,63,63,61,63,0,9004,1.9064526870154,22,-86,0.001869,51,2024-08-01 01:40:51.000165,634,1.037,0.0011,"aoml_navis",1030.14537432615
"7901009",42,0,1,0.026166,1,0.003738,1,123.477572712437,1,4.85363982331488,636,1,7.42600011825562,34.8779983520508,0.0261659994721413,0,119.07039642334,-86.0661,22.0463,16.4362467759444,63,63,63,63,61,63,0,9004,1.9064526870154,22,-86,0.001869,51,2024-08-01 01:40:51.000165,636,1.037,0.0011,"aoml_navis",1030.15472552826
"7901009",42,0,1,0.031773,1,0.009345,1,123.505161099165,1,4.8535957523029,638,1,7.41900014877319,34.8769989013672,0.0317730009555817,0,119.09700012207,-86.0661,22.0463,16.4362467759444,63,63,63,63,61,63,0,9004,1.9064526870154,22,-86,0.001869,51,2024-08-01 01:40:51.000165,638,1.037,0.0011,"aoml_navis",1030.16407941012
"7901009",42,0,1,0.028035,1,0.005607,1,123.686325102406,1,4.85354723814579,640,1,7.4060001373291,34.8759994506836,0.0280349999666214,0,119.271697998047,-86.0661,22.0463,16.4362467759444,63,63,63,63,61,63,0,9004,1.9064526870154,22,-86,0.001869,51,2024-08-01 01:40:51.000165,640,1.037,0.0011,"aoml_navis",1030.17437652676
"7901009",42,0,1,0.028035,1,0.005607,1,123.777896076881,1,4.8534935492766,642,1,7.38600015640259,34.875,0.0280349999666214,0,119.360000610352,-86.0661,22.0463,16.4362467759444,63,63,63,63,61,63,0,9004,1.9064526870154,22,-86,0.001869,51,2024-08-01 01:40:51.000165,642,1.037,0.0011,"aoml_navis",1030.18577221458
"7901009",42,0,1,0.031773,1,0.009345,1,123.879000749666,1,4.85344506383889,644,1,7.37799978256226,34.875,0.0317730009555817,0,119.457496643066,-86.0661,22.0463,16.4362467759444,63,63,63,63,61,63,0,9004,1.9064526870154,22,-86,0.001869,51,2024-08-01 01:40:51.000165,644,1.037,0.0011,"aoml_navis",1030.19606366888
"7901009",42,0,1,0.028035,1,0.005607,1,123.968498837039,1,4.85339804756805,646,1,7.36700010299683,34.8740005493164,0.0280349999666214,0,119.543800354004,-86.0661,22.0463,16.4362467759444,63,63,63,63,61,63,0,9004,1.9064526870154,22,-86,0.001869,51,2024-08-01 01:40:51.000165,646,1.037,0.0011,"aoml_navis",1030.20604347616
"7901009",42,0,1,0.031773,1,0.009345,1,124.043890215626,1,4.8533525252997,648,1,7.36299991607666,34.8740005493164,0.0317730009555817,0,119.616500854492,-86.0661,22.0463,16.4362467759444,63,63,63,63,61,63,0,9004,1.9064526870154,22,-86,0.001869,51,2024-08-01 01:40:51.000165,648,1.037,0.0011,"aoml_navis",1030.21570634646
"7901009",42,0,1,0.031773,1,0.009345,1,124.195915122704,1,4.8533069931937,650,1,7.35400009155273,34.8730010986328,0.0317730009555817,0,119.76309967041,-86.0661,22.0463,16.4362467759444,63,63,63,63,61,63,0,9004,1.9064526870154,22,-86,0.001869,51,2024-08-01 01:40:51.000165,650,1.037,0.0011,"aoml_navis",1030.22537148629
"7901009",42,0,1,0.029904,1,0.007476,1,124.401241710709,1,4.85325777062731,652,1,7.34000015258789,34.8720016479492,0.0299040004611015,0,119.961097717285,-86.0661,22.0463,16.4362467759444,63,63,63,63,61,63,0,9004,1.9064526870154,22,-86,0.001869,51,2024-08-01 01:40:51.000165,652,1.037,0.0011,"aoml_navis",1030.23582020737
"7901009",42,0,1,0.029904,1,0.007476,1,124.609479834794,1,4.8532048793489,654,1,7.32100009918213,34.8709983825684,0.0299040004611015,0,120.161903381348,-86.0661,22.0463,16.4362467759444,63,63,63,63,61,63,0,9004,1.9064526870154,22,-86,0.001869,51,2024-08-01 01:40:51.000165,654,1.037,0.0011,"aoml_navis",1030.24704794058
"7901009",42,0,1,0.031773,1,0.009345,1,124.958848341002,1,4.8531519873602,656,1,7.30200004577637,34.8699989318848,0.0317730009555817,0,120.498802185059,-86.0661,22.0463,16.4362467759444,63,63,63,63,61,63,0,9004,1.9064526870154,22,-86,0.001869,51,2024-08-01 01:40:51.000165,656,1.037,0.0011,"aoml_navis",1030.2582760693
"7901009",42,0,1,0.031773,1,0.009345,1,125.361209968605,1,4.85309101230634,658,1,7.27199983596802,34.8689994812012,0.0317730009555817,0,120.88680267334,-86.0661,22.0463,16.4362467759444,63,63,63,63,61,63,0,9004,1.9064526870154,22,-86,0.001869,51,2024-08-01 01:40:51.000165,658,1.037,0.0011,"aoml_navis",1030.27122040801
"7901009",42,0,1,0.028035,1,0.005607,1,125.702698339113,1,4.85302493362771,660,1,7.2350001335144,34.8680000305176,0.0280349999666214,0,121.216102600098,-86.0661,22.0463,16.4362467759444,63,63,63,63,61,63,0,9004,1.9064526870154,22,-86,0.001869,51,2024-08-01 01:40:51.000165,660,1.037,0.0011,"aoml_navis",1030.28524855784
"7901009",42,0,1,0.031773,1,0.009345,1,125.882517339274,1,4.85296915230966,662,1,7.21700000762939,34.8680000305176,0.0317730009555817,0,121.389503479004,-86.0661,22.0463,16.4362467759444,63,63,63,63,61,63,0,9004,1.9064526870154,22,-86,0.001869,51,2024-08-01 01:40:51.000165,662,1.037,0.0011,"aoml_navis",1030.29709093048
"7901009",42,0,1,0.029904,1,0.007476,1,126.059844127843,1,4.85292217893515,664,1,7.21099996566772,34.8680000305176,0.0299040004611015,0,121.560501098633,-86.0661,22.0463,16.4362467759444,63,63,63,63,61,63,0,9004,1.9064526870154,22,-86,0.001869,51,2024-08-01 01:40:51.000165,664,1.037,0.0011,"aoml_navis",1030.30706358805
"7901009",42,0,1,0.029904,1,0.007476,1,126.188640040532,1,4.85287518978503,666,1,7.21000003814697,34.8689994812012,0.0299040004611015,0,121.684700012207,-86.0661,22.0463,16.4362467759444,63,63,63,63,61,63,0,9004,1.9064526870154,22,-86,0.001869,51,2024-08-01 01:40:51.000165,666,1.037,0.0011,"aoml_navis",1030.31703978801
"7901009",42,0,1,0.028035,1,0.005607,1,126.449032637034,1,4.85283043807996,668,1,7.2020001411438,34.8680000305176,0.0280349999666214,0,121.93579864502,-86.0661,22.0463,16.4362467759444,63,63,63,63,61,63,0,9004,1.9064526870154,22,-86,0.001869,51,2024-08-01 01:40:51.000165,668,1.037,0.0011,"aoml_navis",1030.3265411388
"7901009",42,0,1,0.031773,1,0.009345,1,126.858862987628,1,4.85277545516168,670,1,7.17500019073486,34.8660011291504,0.0317730009555817,0,122.331001281738,-86.0661,22.0463,16.4362467759444,63,63,63,63,61,63,0,9004,1.9064526870154,22,-86,0.001869,51,2024-08-01 01:40:51.000165,670,1.037,0.0011,"aoml_navis",1030.33821494496
"7901009",42,0,1,0.026166,1,0.003738,1,127.316599183258,1,4.85270147777436,672,1,7.1269998550415,34.8650016784668,0.0261659994721413,0,122.772399902344,-86.0661,22.0463,16.4362467759444,63,63,63,63,61,63,0,9004,1.9064526870154,22,-86,0.001869,51,2024-08-01 01:40:51.000165,672,1.037,0.0011,"aoml_navis",1030.35392201648
"7901009",42,0,1,0.029904,1,0.007476,1,127.582284762473,1,4.85263489322,674,1,7.08900022506714,34.8639984130859,0.0299040004611015,0,123.028602600098,-86.0661,22.0463,16.4362467759444,63,63,63,63,61,63,0,9004,1.9064526870154,22,-86,0.001869,51,2024-08-01 01:40:51.000165,674,1.037,0.0011,"aoml_navis",1030.36805983197
"7901009",42,0,1,0.028035,1,0.005607,1,127.774232525711,1,4.85258507636288,676,1,7.07399988174438,34.8629989624023,0.0280349999666214,0,123.21369934082,-86.0661,22.0463,16.4362467759444,63,63,63,63,61,63,0,9004,1.9064526870154,22,-86,0.001869,51,2024-08-01 01:40:51.000165,676,1.037,0.0011,"aoml_navis",1030.37863763691
"7901009",42,0,1,0.031773,1,0.009345,1,127.884989573549,1,4.85253744915473,678,1,7.06199979782104,34.8619995117188,0.0317730009555817,0,123.320503234863,-86.0661,22.0463,16.4362467759444,63,63,63,63,61,63,0,9004,1.9064526870154,22,-86,0.001869,51,2024-08-01 01:40:51.000165,678,1.037,0.0011,"aoml_navis",1030.38875070834
"7901009",42,0,1,0.028035,1,0.005607,1,128.092183342301,1,4.85248759581766,680,1,7.05200004577637,34.8619995117188,0.0280349999666214,0,123.520301818848,-86.0661,22.0463,16.4362467759444,63,63,63,63,61,63,0,9004,1.9064526870154,22,-86,0.001869,51,2024-08-01 01:40:51.000165,680,1.037,0.0011,"aoml_navis",1030.39933668444
"7901009",42,0,1,0.031773,1,0.009345,1,128.335257046187,1,4.85244288451773,682,1,7.04400014877319,34.8610000610352,0.0317730009555817,0,123.754699707031,-86.0661,22.0463,16.4362467759444,63,63,63,63,61,63,0,9004,1.9064526870154,22,-86,0.001869,51,2024-08-01 01:40:51.000165,682,1.037,0.0011,"aoml_navis",1030.40883097317
"7901009",42,0,1,0.033642,1,0.011214,1,128.667828837446,1,4.85239449039007,684,1,7.03599977493286,34.8610000610352,0.0336420014500618,0,124.075401306152,-86.0661,22.0463,16.4362467759444,63,63,63,63,61,63,0,9004,1.9064526870154,22,-86,0.001869,51,2024-08-01 01:40:51.000165,684,1.037,0.0011,"aoml_navis",1030.41910749471
"7901009",42,0,1,0.029904,1,0.007476,1,129.22999265465,1,4.85234325014275,686,1,7.01900005340576,34.8600006103516,0.0299040004611015,0,124.617500305176,-86.0661,22.0463,16.4362467759444,63,63,63,63,61,63,0,9004,1.9064526870154,22,-86,0.001869,51,2024-08-01 01:40:51.000165,686,1.037,0.0011,"aoml_navis",1030.42998861486
"7901009",42,0,1,0.031773,1,0.009345,1,129.852096138573,1,4.85225878748663,688,1,6.95100021362305,34.8580017089844,0.0317730009555817,0,125.217399597168,-86.0661,22.0463,16.4362467759444,63,63,63,63,61,63,0,9004,1.9064526870154,22,-86,0.001869,51,2024-08-01 01:40:51.000165,688,1.037,0.0011,"aoml_navis",1030.44792517958
"7901009",42,0,1,0.029904,1,0.007476,1,130.315956054114,1,4.85219462843176,690,1,6.91599988937378,34.8569984436035,0.0299040004611015,0,125.664703369141,-86.0661,22.0463,16.4362467759444,63,63,63,63,61,63,0,9004,1.9064526870154,22,-86,0.001869,51,2024-08-01 01:40:51.000165,690,1.037,0.0011,"aoml_navis",1030.46155047082
"7901009",42,0,1,0.031773,1,0.009345,1,130.70784248125,1,4.85212383928681,692,1,6.88199996948242,34.8580017089844,0.0317730009555817,0,126.042602539062,-86.0661,22.0463,16.4362467759444,63,63,63,63,61,63,0,9004,1.9064526870154,22,-86,0.001869,51,2024-08-01 01:40:51.000165,692,1.037,0.0011,"aoml_navis",1030.47658419512
"7901009",42,0,1,0.029904,1,0.007476,1,130.924680713272,1,4.85206829266487,694,1,6.86399984359741,34.8580017089844,0.0299040004611015,0,126.25170135498,-86.0661,22.0463,16.4362467759444,63,63,63,63,61,63,0,9004,1.9064526870154,22,-86,0.001869,51,2024-08-01 01:40:51.000165,694,1.037,0.0011,"aoml_navis",1030.48838112167
"7901009",42,0,1,0.029904,1,0.007476,1,131.12554505576,1,4.85202795533289,696,1,6.86199998855591,34.8569984436035,0.0299040004611015,0,126.44539642334,-86.0661,22.0463,16.4362467759444,63,63,63,63,61,63,0,9004,1.9064526870154,22,-86,0.001869,51,2024-08-01 01:40:51.000165,696,1.037,0.0011,"aoml_navis",1030.49694808631
"7901009",42,0,1,0.028035,1,0.005607,1,131.523863762336,1,4.85196943919439,698,1,6.84499979019165,34.8580017089844,0.0280349999666214,0,126.829498291016,-86.0661,22.0463,16.4362467759444,63,63,63,63,61,63,0,9004,1.9064526870154,22,-86,0.001869,51,2024-08-01 01:40:51.000165,698,1.037,0.0011,"aoml_navis",1030.5093761741
"7901009",42,0,1,0.031773,1,0.009345,1,131.791210815945,1,4.85189947116109,700,1,6.81199979782104,34.859001159668,0.0317730009555817,0,127.087303161621,-86.0661,22.0463,16.4362467759444,63,63,63,63,61,63,0,9004,1.9064526870154,22,-86,0.001869,51,2024-08-01 01:40:51.000165,700,1.037,0.0011,"aoml_navis",1030.52423689303
"7901009",42,0,1,0.029904,1,0.007476,1,131.880075960692,1,4.85185615260495,702,1,6.81099987030029,34.859001159668,0.0299040004611015,0,127.172996520996,-86.0661,22.0463,16.4362467759444,63,63,63,63,61,63,0,9004,1.9064526870154,22,-86,0.001869,51,2024-08-01 01:40:51.000165,702,1.037,0.0011,"aoml_navis",1030.53343766499
"7901009",42,0,1,0.031773,1,0.009345,1,132.090901237763,1,4.85181437119465,704,1,6.80700016021729,34.8580017089844,0.0317730009555817,0,127.37629699707,-86.0661,22.0463,16.4362467759444,63,63,63,63,61,63,0,9004,1.9064526870154,22,-86,0.001869,51,2024-08-01 01:40:51.000165,704,1.037,0.0011,"aoml_navis",1030.54231210599
"7901009",42,0,1,0.028035,1,0.005607,1,132.294985675863,1,4.85175661862974,706,1,6.79099988937378,34.859001159668,0.0280349999666214,0,127.573097229004,-86.0661,22.0463,16.4362467759444,63,63,63,63,61,63,0,9004,1.9064526870154,22,-86,0.001869,51,2024-08-01 01:40:51.000165,706,1.037,0.0011,"aoml_navis",1030.55457909843
"7901009",42,0,1,0.029904,1,0.007476,1,132.552893972556,1,4.85171197559922,708,1,6.78299999237061,34.8580017089844,0.0299040004611015,0,127.821800231934,-86.0661,22.0463,16.4362467759444,63,63,63,63,61,63,0,9004,1.9064526870154,22,-86,0.001869,51,2024-08-01 01:40:51.000165,708,1.037,0.0011,"aoml_navis",1030.56406174698
"7901009",42,0,1,0.029904,1,0.007476,1,132.783831001581,1,4.8516563837747,710,1,6.76999998092651,34.859001159668,0.0299040004611015,0,128.044494628906,-86.0661,22.0463,16.4362467759444,63,63,63,63,61,63,0,9004,1.9064526870154,22,-86,0.001869,51,2024-08-01 01:40:51.000165,710,1.037,0.0011,"aoml_navis",1030.57587027832
"7901009",42,0,1,0.029904,1,0.007476,1,132.969773721652,1,4.85159722197113,712,1,6.7519998550415,34.8600006103516,0.0299040004611015,0,128.22380065918,-86.0661,22.0463,16.4362467759444,63,63,63,63,61,63,0,9004,1.9064526870154,22,-86,0.001869,51,2024-08-01 01:40:51.000165,712,1.037,0.0011,"aoml_navis",1030.58843742362
"7901009",42,0,1,0.028035,1,0.005607,1,133.08156721304,1,4.85155033381845,714,1,6.74599981307983,34.8600006103516,0.0280349999666214,0,128.331604003906,-86.0661,22.0463,16.4362467759444,63,63,63,63,61,63,0,9004,1.9064526870154,22,-86,0.001869,51,2024-08-01 01:40:51.000165,714,1.037,0.0011,"aoml_navis",1030.59839761875
"7901009",42,0,1,0.029904,1,0.007476,1,133.150842783499,1,4.85150702261685,716,1,6.74499988555908,34.8600006103516,0.0299040004611015,0,128.398406982422,-86.0661,22.0463,16.4362467759444,63,63,63,63,61,63,0,9004,1.9064526870154,22,-86,0.001869,51,2024-08-01 01:40:51.000165,716,1.037,0.0011,"aoml_navis",1030.60759815268
"7901009",42,0,1,0.029904,1,0.007476,1,133.399415176452,1,4.85146299847586,718,1,6.74300003051758,34.8600006103516,0.0299040004611015,0,128.638107299805,-86.0661,22.0463,16.4362467759444,63,63,63,63,61,63,0,9004,1.9064526870154,22,-86,0.001869,51,2024-08-01 01:40:51.000165,718,1.037,0.0011,"aoml_navis",1030.61695030361
"7901009",42,0,1,0.029904,1,0.007476,1,133.624742751451,1,4.85141039659918,720,1,6.72900009155273,34.8600006103516,0.0299040004611015,0,128.855392456055,-86.0661,22.0463,16.4362467759444,63,63,63,63,61,63,0,9004,1.9064526870154,22,-86,0.001869,51,2024-08-01 01:40:51.000165,720,1.037,0.0011,"aoml_navis",1030.6281248655
"7901009",42,0,1,0.029904,1,0.007476,1,133.849152559641,1,4.85135411590124,722,1,6.71500015258789,34.8610000610352,0.0299040004611015,0,129.071792602539,-86.0661,22.0463,16.4362467759444,63,63,63,63,61,63,0,9004,1.9064526870154,22,-86,0.001869,51,2024-08-01 01:40:51.000165,722,1.037,0.0011,"aoml_navis",1030.64008121187
"7901009",42,0,1,0.028035,1,0.005607,1,134.093689943351,1,4.85130295525043,724,1,6.70300006866455,34.8610000610352,0.0280349999666214,0,129.307601928711,-86.0661,22.0463,16.4362467759444,63,63,63,63,61,63,0,9004,1.9064526870154,22,-86,0.001869,51,2024-08-01 01:40:51.000165,724,1.037,0.0011,"aoml_navis",1030.65095008932
"7901009",42,0,1,0.029904,1,0.007476,1,134.320061873683,1,4.85125179972287,726,1,6.69099998474121,34.8610000610352,0.0299040004611015,0,129.525894165039,-86.0661,22.0463,16.4362467759444,63,63,63,63,61,63,0,9004,1.9064526870154,22,-86,0.001869,51,2024-08-01 01:40:51.000165,726,1.037,0.0011,"aoml_navis",1030.66181810757
"7901009",42,0,1,0.031773,1,0.009345,1,134.608351416443,1,4.85120278861897,728,1,6.68200016021729,34.8610000610352,0.0317730009555817,0,129.803894042969,-86.0661,22.0463,16.4362467759444,63,63,63,63,61,63,0,9004,1.9064526870154,22,-86,0.001869,51,2024-08-01 01:40:51.000165,728,1.037,0.0011,"aoml_navis",1030.6722307569
"7901009",42,0,1,0.028035,1,0.005607,1,134.856512396689,1,4.8511537803121,730,1,6.6729998588562,34.8610000610352,0.0280349999666214,0,130.043197631836,-86.0661,22.0463,16.4362467759444,63,63,63,63,61,63,0,9004,1.9064526870154,22,-86,0.001869,51,2024-08-01 01:40:51.000165,730,1.037,0.0011,"aoml_navis",1030.68264302236
"7901009",42,0,1,0.029904,1,0.007476,1,135.151748484773,1,4.85109836420758,732,1,6.65500020980835,34.8610000610352,0.0299040004611015,0,130.327896118164,-86.0661,22.0463,16.4362467759444,63,63,63,63,61,63,0,9004,1.9064526870154,22,-86,0.001869,51,2024-08-01 01:40:51.000165,732,1.037,0.0011,"aoml_navis",1030.6944169368
"7901009",42,0,1,0.029904,1,0.007476,1,135.536799131544,1,4.85103713943107,734,1,6.63399982452393,34.8619995117188,0.0299040004611015,0,130.699203491211,-86.0661,22.0463,16.4362467759444,63,63,63,63,61,63,0,9004,1.9064526870154,22,-86,0.001869,51,2024-08-01 01:40:51.000165,734,1.037,0.0011,"aoml_navis",1030.70742529636
"7901009",42,0,1,0.028035,1,0.005607,1,135.948275132967,1,4.850972515172,736,1,6.60300016403198,34.8619995117188,0.0280349999666214,0,131.095993041992,-86.0661,22.0463,16.4362467759444,63,63,63,63,61,63,0,9004,1.9064526870154,22,-86,0.001869,51,2024-08-01 01:40:51.000165,736,1.037,0.0011,"aoml_navis",1030.72115629637
"7901009",42,0,1,0.028035,1,0.005607,1,136.211057087883,1,4.85091558709996,738,1,6.58799982070923,34.8629989624023,0.0280349999666214,0,131.349395751953,-86.0661,22.0463,16.4362467759444,63,63,63,63,61,63,0,9004,1.9064526870154,22,-86,0.001869,51,2024-08-01 01:40:51.000165,738,1.037,0.0011,"aoml_navis",1030.73325235683
"7901009",42,0,1,0.035511,1,0.013083,1,136.633751997359,1,4.85087313051449,740,1,6.58300018310547,34.8619995117188,0.0355109982192516,0,131.75700378418,-86.0661,22.0463,16.4362467759444,63,63,63,63,61,63,0,9004,1.9064526870154,22,-86,0.001869,51,2024-08-01 01:40:51.000165,740,1.037,0.0011,"aoml_navis",1030.74227370479
"7901009",42,0,1,0.029904,1,0.007476,1,137.198716585684,1,4.85080133898039,742,1,6.54699993133545,34.8629989624023,0.0299040004611015,0,132.301803588867,-86.0661,22.0463,16.4362467759444,63,63,63,63,61,63,0,9004,1.9064526870154,22,-86,0.001869,51,2024-08-01 01:40:51.000165,742,1.037,0.0011,"aoml_navis",1030.75752862123
"7901009",42,0,1,0.028035,1,0.005607,1,137.533052704515,1,4.85073525145198,744,1,6.51900005340576,34.8639984130859,0.0280349999666214,0,132.624206542969,-86.0661,22.0463,16.4362467759444,63,63,63,63,61,63,0,9004,1.9064526870154,22,-86,0.001869,51,2024-08-01 01:40:51.000165,744,1.037,0.0011,"aoml_navis",1030.77157189796
"7901009",42,0,1,0.031773,1,0.009345,1,137.934781389491,1,4.85067570253782,746,1,6.49499988555908,34.8639984130859,0.0317730009555817,0,133.011596679688,-86.0661,22.0463,16.4362467759444,63,63,63,63,61,63,0,9004,1.9064526870154,22,-86,0.001869,51,2024-08-01 01:40:51.000165,746,1.037,0.0011,"aoml_navis",1030.78422607887
"7901009",42,0,1,0.029904,1,0.007476,1,138.301888112803,1,4.85059892924601,748,1,6.45699977874756,34.8660011291504,0.0299040004611015,0,133.365600585938,-86.0661,22.0463,16.4362467759444,63,63,63,63,61,63,0,9004,1.9064526870154,22,-86,0.001869,51,2024-08-01 01:40:51.000165,748,1.037,0.0011,"aoml_navis",1030.80054090912
"7901009",42,0,1,0.029904,1,0.007476,1,138.534589469399,1,4.85052925366881,750,1,6.42899990081787,34.8680000305176,0.0299040004611015,0,133.589996337891,-86.0661,22.0463,16.4362467759444,63,63,63,63,61,63,0,9004,1.9064526870154,22,-86,0.001869,51,2024-08-01 01:40:51.000165,750,1.037,0.0011,"aoml_navis",1030.81534787531
"7901009",42,0,1,0.031773,1,0.009345,1,138.712335582458,1,4.85046662594959,752,1,6.41099977493286,34.8699989318848,0.0317730009555817,0,133.76139831543,-86.0661,22.0463,16.4362467759444,63,63,63,63,61,63,0,9004,1.9064526870154,22,-86,0.001869,51,2024-08-01 01:40:51.000165,752,1.037,0.0011,"aoml_navis",1030.82865744306
"7901009",42,0,1,0.026166,1,0.003738,1,138.874843601787,1,4.85041769764153,754,1,6.40199995040894,34.8699989318848,0.0261659994721413,0,133.918106079102,-86.0661,22.0463,16.4362467759444,63,63,63,63,61,63,0,9004,1.9064526870154,22,-86,0.001869,51,2024-08-01 01:40:51.000165,754,1.037,0.0011,"aoml_navis",1030.83905586754
"7901009",42,0,1,0.031773,1,0.009345,1,139.106089190342,1,4.85036648878511,756,1,6.39499998092651,34.8709983825684,0.0317730009555817,0,134.141098022461,-86.0661,22.0463,16.4362467759444,63,63,63,63,61,63,0,9004,1.9064526870154,22,-86,0.001869,51,2024-08-01 01:40:51.000165,756,1.037,0.0011,"aoml_navis",1030.84993918725
"7901009",42,0,1,0.029904,1,0.007476,1,139.433684470201,1,4.85032107345701,758,1,6.39099979400635,34.8709983825684,0.0299040004611015,0,134.457000732422,-86.0661,22.0463,16.4362467759444,63,63,63,63,61,63,0,9004,1.9064526870154,22,-86,0.001869,51,2024-08-01 01:40:51.000165,758,1.037,0.0011,"aoml_navis",1030.85959141181
"7901009",42,0,1,0.028035,1,0.005607,1,139.759301804353,1,4.85027654064099,760,1,6.38299989700317,34.8699989318848,0.0280349999666214,0,134.77099609375,-86.0661,22.0463,16.4362467759444,63,63,63,63,61,63,0,9004,1.9064526870154,22,-86,0.001869,51,2024-08-01 01:40:51.000165,760,1.037,0.0011,"aoml_navis",1030.86905624957
"7901009",42,0,1,0.029904,1,0.007476,1,140.234784128871,1,4.85022271597364,762,1,6.36700010299683,34.8699989318848,0.0299040004611015,0,135.229507446289,-86.0661,22.0463,16.4362467759444,63,63,63,63,61,63,0,9004,1.9064526870154,22,-86,0.001869,51,2024-08-01 01:40:51.000165,762,1.037,0.0011,"aoml_navis",1030.88049617455
"7901009",42,0,1,0.028035,1,0.005607,1,140.666894059915,1,4.85017100109535,764,1,6.35400009155273,34.8699989318848,0.0280349999666214,0,135.646194458008,-86.0661,22.0463,16.4362467759444,63,63,63,63,61,63,0,9004,1.9064526870154,22,-86,0.001869,51,2024-08-01 01:40:51.000165,764,1.037,0.0011,"aoml_navis",1030.89148792297
"7901009",42,0,1,0.033642,1,0.011214,1,141.215686964135,1,4.85012279231348,766,1,6.34600019454956,34.8699989318848,0.0336420014500618,0,136.175399780273,-86.0661,22.0463,16.4362467759444,63,63,63,63,61,63,0,9004,1.9064526870154,22,-86,0.001869,51,2024-08-01 01:40:51.000165,766,1.037,0.0011,"aoml_navis",1030.90173467856
"7901009",42,0,1,0.029904,1,0.007476,1,141.847648529465,1,4.85005271775369,768,1,6.31199979782104,34.8709983825684,0.0299040004611015,0,136.784805297852,-86.0661,22.0463,16.4362467759444,63,63,63,63,61,63,0,9004,1.9064526870154,22,-86,0.001869,51,2024-08-01 01:40:51.000165,768,1.037,0.0011,"aoml_navis",1030.91662935898
"7901009",42,0,1,0.028035,1,0.005607,1,142.38720047134,1,4.84999823587764,770,1,6.29500007629395,34.8709983825684,0.0280349999666214,0,137.305099487305,-86.0661,22.0463,16.4362467759444,63,63,63,63,61,63,0,9004,1.9064526870154,22,-86,0.001869,51,2024-08-01 01:40:51.000165,770,1.037,0.0011,"aoml_navis",1030.92821003784
"7901009",42,0,1,0.029904,1,0.007476,1,142.957861543303,1,4.8499432678103,772,1,6.27199983596802,34.8699989318848,0.0299040004611015,0,137.855392456055,-86.0661,22.0463,16.4362467759444,63,63,63,63,61,63,0,9004,1.9064526870154,22,-86,0.001869,51,2024-08-01 01:40:51.000165,772,1.037,0.0011,"aoml_navis",1030.93989432529
"7901009",42,0,1,0.028035,1,0.005607,1,143.427742325577,1,4.84988324140453,774,1,6.24700021743774,34.8699989318848,0.0280349999666214,0,138.308502197266,-86.0661,22.0463,16.4362467759444,63,63,63,63,61,63,0,9004,1.9064526870154,22,-86,0.001869,51,2024-08-01 01:40:51.000165,774,1.037,0.0011,"aoml_navis",1030.95265414101
"7901009",42,0,1,0.029904,1,0.007476,1,143.739055156372,1,4.84983019022212,776,1,6.23199987411499,34.8699989318848,0.0299040004611015,0,138.608703613281,-86.0661,22.0463,16.4362467759444,63,63,63,63,61,63,0,9004,1.9064526870154,22,-86,0.001869,51,2024-08-01 01:40:51.000165,776,1.037,0.0011,"aoml_navis",1030.96393149613
"7901009",42,0,1,0.026166,1,0.003738,1,144.17906104668,1,4.8497792319972,778,1,6.21999979019165,34.8699989318848,0.0261659994721413,0,139.033004760742,-86.0661,22.0463,16.4362467759444,63,63,63,63,61,63,0,9004,1.9064526870154,22,-86,0.001869,51,2024-08-01 01:40:51.000165,778,1.037,0.0011,"aoml_navis",1030.97476417312
"7901009",42,0,1,0.028035,1,0.005607,1,144.643941582205,1,4.84972111966152,780,1,6.20300006866455,34.8709983825684,0.0280349999666214,0,139.481292724609,-86.0661,22.0463,16.4362467759444,63,63,63,63,61,63,0,9004,1.9064526870154,22,-86,0.001869,51,2024-08-01 01:40:51.000165,780,1.037,0.0011,"aoml_navis",1030.98711794565
"7901009",42,0,1,0.024297,1,0.001869,1,145.11994608439,1,4.8496406037031,782,1,6.15899991989136,34.8730010986328,0.0242970008403063,0,139.940307617188,-86.0661,22.0463,16.4362467759444,63,63,63,63,61,63,0,9004,1.9064526870154,22,-86,0.001869,51,2024-08-01 01:40:51.000165,782,1.037,0.0011,"aoml_navis",1031.00423486682
"7901009",42,0,1,0.031773,1,0.009345,1,145.31821536211,1,4.84957538381151,784,1,6.13700008392334,34.875,0.0317730009555817,0,140.131500244141,-86.0661,22.0463,16.4362467759444,63,63,63,63,61,63,0,9004,1.9064526870154,22,-86,0.001869,51,2024-08-01 01:40:51.000165,784,1.037,0.0011,"aoml_navis",1031.01810040743
"7901009",42,0,1,0.031773,1,0.009345,1,145.38198433172,1,4.84952792119939,786,1,6.13000011444092,34.875,0.0317730009555817,0,140.192993164062,-86.0661,22.0463,16.4362467759444,63,63,63,63,61,63,0,9004,1.9064526870154,22,-86,0.001869,51,2024-08-01 01:40:51.000165,786,1.037,0.0011,"aoml_navis",1031.02819104161
"7901009",42,0,1,0.028035,1,0.005607,1,145.583687323188,1,4.84947539102637,788,1,6.12099981307983,34.8759994506836,0.0280349999666214,0,140.387496948242,-86.0661,22.0463,16.4362467759444,63,63,63,63,61,63,0,9004,1.9064526870154,22,-86,0.001869,51,2024-08-01 01:40:51.000165,788,1.037,0.0011,"aoml_navis",1031.03935927836
"7901009",42,0,1,0.029904,1,0.007476,1,145.692569278495,1,4.84942793333857,790,1,6.11399984359741,34.8759994506836,0.0299040004611015,0,140.492492675781,-86.0661,22.0463,16.4362467759444,63,63,63,63,61,63,0,9004,1.9064526870154,22,-86,0.001869,51,2024-08-01 01:40:51.000165,790,1.037,0.0011,"aoml_navis",1031.04944928169
"7901009",42,0,1,0.028035,1,0.005607,1,145.799900524366,1,4.84938047792576,792,1,6.10699987411499,34.8759994506836,0.0280349999666214,0,140.595993041992,-86.0661,22.0463,16.4362467759444,63,63,63,63,61,63,0,9004,1.9064526870154,22,-86,0.001869,51,2024-08-01 01:40:51.000165,792,1.037,0.0011,"aoml_navis",1031.05953899882
"7901009",42,0,1,0.029904,1,0.007476,1,146.031889820508,1,4.84933302478729,794,1,6.09999990463257,34.8759994506836,0.0299040004611015,0,140.819702148438,-86.0661,22.0463,16.4362467759444,63,63,63,63,61,63,0,9004,1.9064526870154,22,-86,0.001869,51,2024-08-01 01:40:51.000165,794,1.037,0.0011,"aoml_navis",1031.06962842984
"7901009",42,0,1,0.029904,1,0.007476,1,146.380119029988,1,4.849280506066,796,1,6.09100008010864,34.8769989013672,0.0299040004611015,0,141.155502319336,-86.0661,22.0463,16.4362467759444,63,63,63,63,61,63,0,9004,1.9064526870154,22,-86,0.001869,51,2024-08-01 01:40:51.000165,796,1.037,0.0011,"aoml_navis",1031.08079512939
"7901009",42,0,1,0.028035,1,0.005607,1,146.848227572908,1,4.84921971243398,798,1,6.07000017166138,34.8779983520508,0.0280349999666214,0,141.606903076172,-86.0661,22.0463,16.4362467759444,63,63,63,63,61,63,0,9004,1.9064526870154,22,-86,0.001869,51,2024-08-01 01:40:51.000165,798,1.037,0.0011,"aoml_navis",1031.09372156914
"7901009",42,0,1,0.029904,1,0.007476,1,147.392241760299,1,4.84915849113401,800,1,6.04300022125244,34.8779983520508,0.0299040004611015,0,142.131500244141,-86.0661,22.0463,16.4362467759444,63,63,63,63,61,63,0,9004,1.9064526870154,22,-86,0.001869,51,2024-08-01 01:40:51.000165,800,1.037,0.0011,"aoml_navis",1031.1067392707
"7901009",42,0,1,0.029904,1,0.007476,1,147.928897989659,1,4.84907111418141,802,1,5.99399995803833,34.8810005187988,0.0299040004611015,0,142.649002075195,-86.0661,22.0463,16.4362467759444,63,63,63,63,61,63,0,9004,1.9064526870154,22,-86,0.001869,51,2024-08-01 01:40:51.000165,802,1.037,0.0011,"aoml_navis",1031.12531911054
"7901009",42,0,1,0.028035,1,0.005607,1,148.057796755525,1,4.84902094110941,804,1,5.98299980163574,34.8810005187988,0.0280349999666214,0,142.773300170898,-86.0661,22.0463,16.4362467759444,63,63,63,63,61,63,0,9004,1.9064526870154,22,-86,0.001869,51,2024-08-01 01:40:51.000165,804,1.037,0.0011,"aoml_navis",1031.13598821787
"7901009",42,0,1,0.026166,1,0.003738,1,148.131313041582,1,4.84897188438476,806,1,5.97900009155273,34.8819999694824,0.0261659994721413,0,142.844192504883,-86.0661,22.0463,16.4362467759444,63,63,63,63,61,63,0,9004,1.9064526870154,22,-86,0.001869,51,2024-08-01 01:40:51.000165,806,1.037,0.0011,"aoml_navis",1031.14642015178
"7901009",42,0,1,0.031773,1,0.009345,1,148.156836452991,1,4.84893226203573,808,1,5.97800016403198,34.8810005187988,0.0317730009555817,0,142.868804931641,-86.0661,22.0463,16.4362467759444,63,63,63,63,61,63,0,9004,1.9064526870154,22,-86,0.001869,51,2024-08-01 01:40:51.000165,808,1.037,0.0011,"aoml_navis",1031.1548460157
"7901009",42,0,1,0.031773,1,0.009345,1,148.20846874774,1,4.84888252288835,810,1,5.97300004959106,34.8819999694824,0.0317730009555817,0,142.918594360352,-86.0661,22.0463,16.4362467759444,63,63,63,63,61,63,0,9004,1.9064526870154,22,-86,0.001869,51,2024-08-01 01:40:51.000165,810,1.037,0.0011,"aoml_navis",1031.16542345547
"7901009",42,0,1,0.029904,1,0.007476,1,148.228596323259,1,4.8488378447158,812,1,5.96999979019165,34.8819999694824,0.0299040004611015,0,142.938003540039,-86.0661,22.0463,16.4362467759444,63,63,63,63,61,63,0,9004,1.9064526870154,22,-86,0.001869,51,2024-08-01 01:40:51.000165,812,1.037,0.0011,"aoml_navis",1031.17492482223
"7901009",42,0,1,0.029904,1,0.007476,1,148.240827939515,1,4.84879522671905,814,1,5.96999979019165,34.8819999694824,0.0299040004611015,0,142.949798583984,-86.0661,22.0463,16.4362467759444,63,63,63,63,61,63,0,9004,1.9064526870154,22,-86,0.001869,51,2024-08-01 01:40:51.000165,814,1.037,0.0011,"aoml_navis",1031.18398823026
"7901009",42,0,1,0.031773,1,0.009345,1,148.283456625403,1,4.84875123881416,816,1,5.96799993515015,34.8819999694824,0.0317730009555817,0,142.990905761719,-86.0661,22.0463,16.4362467759444,63,63,63,63,61,63,0,9004,1.9064526870154,22,-86,0.001869,51,2024-08-01 01:40:51.000165,816,1.037,0.0011,"aoml_navis",1031.19334313856
"7901009",42,0,1,0.028035,1,0.005607,1,148.263234108489,1,4.8487086255227,818,1,5.96799993515015,34.8819999694824,0.0280349999666214,0,142.971405029297,-86.0661,22.0463,16.4362467759444,63,63,63,63,61,63,0,9004,1.9064526870154,22,-86,0.001869,51,2024-08-01 01:40:51.000165,818,1.037,0.0011,"aoml_navis",1031.20240586966
"7901009",42,0,1,0.029904,1,0.007476,1,148.307824916519,1,4.84866601477913,820,1,5.96799993515015,34.8819999694824,0.0299040004611015,0,143.014404296875,-86.0661,22.0463,16.4362467759444,63,63,63,63,61,63,0,9004,1.9064526870154,22,-86,0.001869,51,2024-08-01 01:40:51.000165,820,1.037,0.0011,"aoml_navis",1031.21146821818
"7901009",42,0,1,0.028035,1,0.005607,1,148.280228618008,1,4.84862340658323,822,1,5.96799993515015,34.8819999694824,0.0280349999666214,0,142.98779296875,-86.0661,22.0463,16.4362467759444,63,63,63,63,61,63,0,9004,1.9064526870154,22,-86,0.001869,51,2024-08-01 01:40:51.000165,822,1.037,0.0011,"aoml_navis",1031.22053018414
"7901009",42,0,1,0.029904,1,0.007476,1,148.372321770149,1,4.84858080093478,824,1,5.96799993515015,34.8819999694824,0.0299040004611015,0,143.076599121094,-86.0661,22.0463,16.4362467759444,63,63,63,63,61,63,0,9004,1.9064526870154,22,-86,0.001869,51,2024-08-01 01:40:51.000165,824,1.037,0.0011,"aoml_navis",1031.22959176756
"7901009",42,0,1,0.028035,1,0.005607,1,148.418779758927,1,4.84853476235357,826,1,5.96299982070923,34.8819999694824,0.0280349999666214,0,143.121398925781,-86.0661,22.0463,16.4362467759444,63,63,63,63,61,63,0,9004,1.9064526870154,22,-86,0.001869,51,2024-08-01 01:40:51.000165,826,1.037,0.0011,"aoml_navis",1031.23938366339
"7901009",42,0,1,0.029904,1,0.007476,1,148.488672448447,1,4.84849078672044,828,1,5.96099996566772,34.8819999694824,0.0299040004611015,0,143.18879699707,-86.0661,22.0463,16.4362467759444,63,63,63,63,61,63,0,9004,1.9064526870154,22,-86,0.001869,51,2024-08-01 01:40:51.000165,828,1.037,0.0011,"aoml_navis",1031.24873696667
"7901009",42,0,1,0.028035,1,0.005607,1,148.577236945446,1,4.84844750017373,830,1,5.96000003814697,34.8819999694824,0.0280349999666214,0,143.274200439453,-86.0661,22.0463,16.4362467759444,63,63,63,63,61,63,0,9004,1.9064526870154,22,-86,0.001869,51,2024-08-01 01:40:51.000165,830,1.037,0.0011,"aoml_navis",1031.2579438719
"7901009",42,0,1,0.033642,1,0.011214,1,148.718066679821,1,4.84839640653767,832,1,5.95300006866455,34.882999420166,0.0336420014500618,0,143.410003662109,-86.0661,22.0463,16.4362467759444,63,63,63,63,61,63,0,9004,1.9064526870154,22,-86,0.001869,51,2024-08-01 01:40:51.000165,832,1.037,0.0011,"aoml_navis",1031.26881153074
"7901009",42,0,1,0.029904,1,0.007476,1,148.847899036061,1,4.84834831451877,834,1,5.94500017166138,34.882999420166,0.0299040004611015,0,143.535202026367,-86.0661,22.0463,16.4362467759444,63,63,63,63,61,63,0,9004,1.9064526870154,22,-86,0.001869,51,2024-08-01 01:40:51.000165,834,1.037,0.0011,"aoml_navis",1031.27904095238
"7901009",42,0,1,0.031773,1,0.009345,1,148.959787468843,1,4.84830365870719,836,1,5.94199991226196,34.882999420166,0.0317730009555817,0,143.643096923828,-86.0661,22.0463,16.4362467759444,63,63,63,63,61,63,0,9004,1.9064526870154,22,-86,0.001869,51,2024-08-01 01:40:51.000165,836,1.037,0.0011,"aoml_navis",1031.28853965662
"7901009",42,0,1,0.033642,1,0.011214,1,149.200891138805,1,4.84825763104267,838,1,5.93699979782104,34.882999420166,0.0336420014500618,0,143.875595092773,-86.0661,22.0463,16.4362467759444,63,63,63,63,61,63,0,9004,1.9064526870154,22,-86,0.001869,51,2024-08-01 01:40:51.000165,838,1.037,0.0011,"aoml_navis",1031.2983303498
"7901009",42,0,1,0.029904,1,0.007476,1,149.42769030541,1,4.84821460465145,840,1,5.93100023269653,34.8819999694824,0.0299040004611015,0,144.094299316406,-86.0661,22.0463,16.4362467759444,63,63,63,63,61,63,0,9004,1.9064526870154,22,-86,0.001869,51,2024-08-01 01:40:51.000165,840,1.037,0.0011,"aoml_navis",1031.30748280056
"7901009",42,0,1,0.031773,1,0.009345,1,149.723337806201,1,4.8481552863473,842,1,5.91200017929077,34.882999420166,0.0317730009555817,0,144.37939453125,-86.0661,22.0463,16.4362467759444,63,63,63,63,61,63,0,9004,1.9064526870154,22,-86,0.001869,51,2024-08-01 01:40:51.000165,842,1.037,0.0011,"aoml_navis",1031.32010108676
"7901009",42,0,1,0.029904,1,0.007476,1,150.078735090925,1,4.84809966702487,844,1,5.89300012588501,34.882999420166,0.0299040004611015,0,144.722106933594,-86.0661,22.0463,16.4362467759444,63,63,63,63,61,63,0,9004,1.9064526870154,22,-86,0.001869,51,2024-08-01 01:40:51.000165,844,1.037,0.0011,"aoml_navis",1031.33193280004
"7901009",42,0,1,0.029904,1,0.007476,1,150.374382591717,1,4.84804953815246,846,1,5.88199996948242,34.882999420166,0.0299040004611015,0,145.007202148438,-86.0661,22.0463,16.4362467759444,63,63,63,63,61,63,0,9004,1.9064526870154,22,-86,0.001869,51,2024-08-01 01:40:51.000165,846,1.037,0.0011,"aoml_navis",1031.34259678078
"7901009",42,0,1,0.031773,1,0.009345,1,150.705395761759,1,4.84799093724849,848,1,5.86399984359741,34.8839988708496,0.0317730009555817,0,145.326400756836,-86.0661,22.0463,16.4362467759444,63,63,63,63,61,63,0,9004,1.9064526870154,22,-86,0.001869,51,2024-08-01 01:40:51.000165,848,1.037,0.0011,"aoml_navis",1031.35506330748
"7901009",42,0,1,0.031773,1,0.009345,1,151.047612016288,1,4.84793945201746,850,1,5.85099983215332,34.8839988708496,0.0317730009555817,0,145.656402587891,-86.0661,22.0463,16.4362467759444,63,63,63,63,61,63,0,9004,1.9064526870154,22,-86,0.001869,51,2024-08-01 01:40:51.000165,850,1.037,0.0011,"aoml_navis",1031.36601632251
"7901009",42,0,4,0.026166,1,0.003738,1,151.438659794444,1,4.8478866063621,852,1,5.83599996566772,34.8839988708496,0.0261659994721413,0,146.033493041992,-86.0661,22.0463,16.4362467759444,63,63,63,63,61,63,0,9004,1.9064526870154,22,-86,0.001869,51,2024-08-01 01:40:51.000165,852,1.037,0.0011,"aoml_navis",1031.37725899741
"7901009",42,0,1,0.028035,1,0.005607,1,151.716268430383,1,4.84780962641255,854,1,5.79099988937378,34.8849983215332,0.0280349999666214,0,146.301193237305,-86.0661,22.0463,16.4362467759444,63,63,63,63,61,63,0,9004,1.9064526870154,22,-86,0.001869,51,2024-08-01 01:40:51.000165,854,1.037,0.0011,"aoml_navis",1031.39363657316
"7901009",42,0,1,0.033642,1,0.011214,1,151.776208097103,1,4.84776498364612,856,1,5.78800010681152,34.8849983215332,0.0336420014500618,0,146.358993530273,-86.0661,22.0463,16.4362467759444,63,63,63,63,61,63,0,9004,1.9064526870154,22,-86,0.001869,51,2024-08-01 01:40:51.000165,856,1.037,0.0011,"aoml_navis",1031.40313461305
"7901009",42,0,1,0.026166,1,0.003738,1,151.838742828591,1,4.84771898015248,858,1,5.78299999237061,34.8849983215332,0.0261659994721413,0,146.419296264648,-86.0661,22.0463,16.4362467759444,63,63,63,63,61,63,0,9004,1.9064526870154,22,-86,0.001869,51,2024-08-01 01:40:51.000165,858,1.037,0.0011,"aoml_navis",1031.41292233956
"7901009",42,0,1,0.028035,1,0.005607,1,151.976977498197,1,4.84767638447602,860,1,5.78299999237061,34.8849983215332,0.0280349999666214,0,146.552597045898,-86.0661,22.0463,16.4362467759444,63,63,63,63,61,63,0,9004,1.9064526870154,22,-86,0.001869,51,2024-08-01 01:40:51.000165,860,1.037,0.0011,"aoml_navis",1031.42198518279
"7901009",42,0,1,0.029904,1,0.007476,1,152.120813710047,1,4.8476317472111,862,1,5.78000020980835,34.8849983215332,0.0299040004611015,0,146.691299438477,-86.0661,22.0463,16.4362467759444,63,63,63,63,61,63,0,9004,1.9064526870154,22,-86,0.001869,51,2024-08-01 01:40:51.000165,862,1.037,0.0011,"aoml_navis",1031.43148257426
"7901009",42,0,1,0.029904,1,0.007476,1,152.362328792716,1,4.84758643011429,864,1,5.77600002288818,34.8849983215332,0.0299040004611015,0,146.924194335938,-86.0661,22.0463,16.4362467759444,63,63,63,63,61,63,0,9004,1.9064526870154,22,-86,0.001869,51,2024-08-01 01:40:51.000165,864,1.037,0.0011,"aoml_navis",1031.44112479127
"7901009",42,0,1,0.029904,1,0.007476,1,152.561848132123,1,4.84753809634435,866,1,5.77299976348877,34.8860015869141,0.0299040004611015,0,147.116592407227,-86.0661,22.0463,16.4362467759444,63,63,63,63,61,63,0,9004,1.9064526870154,22,-86,0.001869,51,2024-08-01 01:40:51.000165,866,1.037,0.0011,"aoml_navis",1031.45140907106
"7901009",42,0,1,0.031773,1,0.009345,1,152.757949581347,1,4.84748937674593,868,1,5.76399993896484,34.8860015869141,0.0317730009555817,0,147.305694580078,-86.0661,22.0463,16.4362467759444,63,63,63,63,61,63,0,9004,1.9064526870154,22,-86,0.001869,51,2024-08-01 01:40:51.000165,868,1.037,0.0011,"aoml_navis",1031.46177565353
"7901009",42,0,1,0.031773,1,0.009345,1,153.000825490663,1,4.84744338400485,870,1,5.75899982452393,34.8860015869141,0.0317730009555817,0,147.539901733398,-86.0661,22.0463,16.4362467759444,63,63,63,63,61,63,0,9004,1.9064526870154,22,-86,0.001869,51,2024-08-01 01:40:51.000165,870,1.037,0.0011,"aoml_navis",1031.47156220505
"7901009",42,0,1,0.028035,1,0.005607,1,153.321046988925,1,4.84739603120422,872,1,5.7519998550415,34.8860015869141,0.0280349999666214,0,147.848693847656,-86.0661,22.0463,16.4362467759444,63,63,63,63,61,63,0,9004,1.9064526870154,22,-86,0.001869,51,2024-08-01 01:40:51.000165,872,1.037,0.0011,"aoml_navis",1031.48163835045
"7901009",42,0,1,0.026166,1,0.003738,1,153.671349085506,1,4.84733643476969,874,1,5.72700023651123,34.8860015869141,0.0261659994721413,0,148.186492919922,-86.0661,22.0463,16.4362467759444,63,63,63,63,61,63,0,9004,1.9064526870154,22,-86,0.001869,51,2024-08-01 01:40:51.000165,874,1.037,0.0011,"aoml_navis",1031.49432008376
"7901009",42,0,1,0.028035,1,0.005607,1,153.908939923891,1,4.84728268493645,876,1,5.71600008010864,34.8870010375977,0.0280349999666214,0,148.415603637695,-86.0661,22.0463,16.4362467759444,63,63,63,63,61,63,0,9004,1.9064526870154,22,-86,0.001869,51,2024-08-01 01:40:51.000165,876,1.037,0.0011,"aoml_navis",1031.50575796583
"7901009",42,0,1,0.029904,1,0.007476,1,154.219524870666,1,4.84723873997166,878,1,5.71400022506714,34.8870010375977,0.0299040004611015,0,148.715103149414,-86.0661,22.0463,16.4362467759444,63,63,63,63,61,63,0,9004,1.9064526870154,22,-86,0.001869,51,2024-08-01 01:40:51.000165,878,1.037,0.0011,"aoml_navis",1031.5151095754
"7901009",42,0,1,0.029904,1,0.007476,1,154.57408350641,1,4.84719275779839,880,1,5.70900011062622,34.8870010375977,0.0299040004611015,0,149.057006835938,-86.0661,22.0463,16.4362467759444,63,63,63,63,61,63,0,9004,1.9064526870154,22,-86,0.001869,51,2024-08-01 01:40:51.000165,880,1.037,0.0011,"aoml_navis",1031.52489489009
"7901009",42,0,1,0.029904,1,0.007476,1,155.06665528184,1,4.8471427011154,882,1,5.69799995422363,34.8870010375977,0.0299040004611015,0,149.531997680664,-86.0661,22.0463,16.4362467759444,63,63,63,63,61,63,0,9004,1.9064526870154,22,-86,0.001869,51,2024-08-01 01:40:51.000165,882,1.037,0.0011,"aoml_navis",1031.53554749882
"7901009",42,0,1,0.029904,1,0.007476,1,155.406181530207,1,4.84708014196399,884,1,5.67399978637695,34.8880004882812,0.0299040004611015,0,149.859405517578,-86.0661,22.0463,16.4362467759444,63,63,63,63,61,63,0,9004,1.9064526870154,22,-86,0.001869,51,2024-08-01 01:40:51.000165,884,1.037,0.0011,"aoml_navis",1031.54886107867
"7901009",42,0,1,0.028035,1,0.005607,1,155.886205218069,1,4.84702942095663,886,1,5.66200017929077,34.8880004882812,0.0280349999666214,0,150.322296142578,-86.0661,22.0463,16.4362467759444,63,63,63,63,61,63,0,9004,1.9064526870154,22,-86,0.001869,51,2024-08-01 01:40:51.000165,886,1.037,0.0011,"aoml_navis",1031.55965556594
"7901009",42,0,1,0.028035,1,0.005607,1,156.327872582772,1,4.84696757022894,888,1,5.63899993896484,34.8889999389648,0.0280349999666214,0,150.748199462891,-86.0661,22.0463,16.4362467759444,63,63,63,63,61,63,0,9004,1.9064526870154,22,-86,0.001869,51,2024-08-01 01:40:51.000165,888,1.037,0.0011,"aoml_navis",1031.57281899533
"7901009",42,0,1,0.031773,1,0.009345,1,156.533610583483,1,4.84691415806273,890,1,5.6230001449585,34.8889999389648,0.0317730009555817,0,150.946594238281,-86.0661,22.0463,16.4362467759444,63,63,63,63,61,63,0,9004,1.9064526870154,22,-86,0.001869,51,2024-08-01 01:40:51.000165,890,1.037,0.0011,"aoml_navis",1031.58418675161
"7901009",42,0,1,0.029904,1,0.007476,1,156.816931526626,1,4.84685706896026,892,1,5.60699987411499,34.8899993896484,0.0299040004611015,0,151.219802856445,-86.0661,22.0463,16.4362467759444,63,63,63,63,61,63,0,9004,1.9064526870154,22,-86,0.001869,51,2024-08-01 01:40:51.000165,892,1.037,0.0011,"aoml_navis",1031.59633735034
"7901009",42,0,1,0.028035,1,0.005607,1,157.048493586494,1,4.84680705101177,894,1,5.59600019454956,34.8899993896484,0.0280349999666214,0,151.443099975586,-86.0661,22.0463,16.4362467759444,63,63,63,63,61,63,0,9004,1.9064526870154,22,-86,0.001869,51,2024-08-01 01:40:51.000165,894,1.037,0.0011,"aoml_navis",1031.60698319036
"7901009",42,0,1,0.033642,1,0.011214,1,157.158625603488,1,4.84675298798926,896,1,5.5789999961853,34.8899993896484,0.0336420014500618,0,151.549301147461,-86.0661,22.0463,16.4362467759444,63,63,63,63,61,63,0,9004,1.9064526870154,22,-86,0.001869,51,2024-08-01 01:40:51.000165,896,1.037,0.0011,"aoml_navis",1031.61849023264
"7901009",42,0,1,0.029904,1,0.007476,1,157.286590778981,1,4.84670489845448,898.099975585938,1,5.57399988174438,34.8899993896484,0.0299040004611015,0,151.672698974609,-86.0661,22.0463,16.4362467759444,63,63,63,63,61,63,0,9004,1.9064526870154,22,-86,0.001869,51,2024-08-01 01:40:51.000165,898.099975585938,1.037,0.0011,"aoml_navis",1031.62872606385
"7901009",42,0,1,0.029904,1,0.007476,1,157.293015146639,1,4.84666444193495,900,1,5.57399988174438,34.8899993896484,0.0299040004611015,0,151.678894042969,-86.0661,22.0463,16.4362467759444,63,63,63,63,61,63,0,9004,1.9064526870154,22,-86,0.001869,51,2024-08-01 01:40:51.000165,900,1.037,0.0011,"aoml_navis",1031.63733736925
"7901009",42,0,1,0.029904,1,0.007476,1,157.350881926257,1,4.84662050930627,902,1,5.57200002670288,34.8899993896484,0.0299040004611015,0,151.73469543457,-86.0661,22.0463,16.4362467759444,63,63,63,63,61,63,0,9004,1.9064526870154,22,-86,0.001869,51,2024-08-01 01:40:51.000165,902,1.037,0.0011,"aoml_navis",1031.64668873893
"7901009",42,0,1,0.029904,1,0.007476,1,157.392893493085,1,4.846575903364,904,1,5.56899976730347,34.8899993896484,0.0299040004611015,0,151.775207519531,-86.0661,22.0463,16.4362467759444,63,63,63,63,61,63,0,9004,1.9064526870154,22,-86,0.001869,51,2024-08-01 01:40:51.000165,904,1.037,0.0011,"aoml_navis",1031.6561836016
"7901009",42,0,1,0.028035,1,0.005607,1,157.560575818384,1,4.84653400015824,906,1,5.57000017166138,34.8899993896484,0.0280349999666214,0,151.936904907227,-86.0661,22.0463,16.4362467759444,63,63,63,63,61,63,0,9004,1.9064526870154,22,-86,0.001869,51,2024-08-01 01:40:51.000165,906,1.037,0.0011,"aoml_navis",1031.66510331646
"7901009",42,0,1,0.031773,1,0.009345,1,157.770776064611,1,4.84648534729627,908,1,5.56099987030029,34.8899993896484,0.0317730009555817,0,152.139602661133,-86.0661,22.0463,16.4362467759444,63,63,63,63,61,63,0,9004,1.9064526870154,22,-86,0.001869,51,2024-08-01 01:40:51.000165,908,1.037,0.0011,"aoml_navis",1031.67545998862
"7901009",42,0,1,0.031773,1,0.009345,1,157.957130197389,1,4.84644007207027,910,1,5.55700016021729,34.8899993896484,0.0317730009555817,0,152.319305419922,-86.0661,22.0463,16.4362467759444,63,63,63,63,61,63,0,9004,1.9064526870154,22,-86,0.001869,51,2024-08-01 01:40:51.000165,910,1.037,0.0011,"aoml_navis",1031.68509785454
"7901009",42,0,1,0.028035,1,0.005607,1,158.188581492298,1,4.84639142402805,912,1,5.5479998588562,34.8899993896484,0.0280349999666214,0,152.542495727539,-86.0661,22.0463,16.4362467759444,63,63,63,63,61,63,0,9004,1.9064526870154,22,-86,0.001869,51,2024-08-01 01:40:51.000165,912,1.037,0.0011,"aoml_navis",1031.69545390213
"7901009",42,0,1,0.029904,1,0.007476,1,158.506018043004,1,4.846331678216,914,1,5.52799987792969,34.890998840332,0.0299040004611015,0,152.848602294922,-86.0661,22.0463,16.4362467759444,63,63,63,63,61,63,0,9004,1.9064526870154,22,-86,0.001869,51,2024-08-01 01:40:51.000165,914,1.037,0.0011,"aoml_navis",1031.70817269374
"7901009",42,0,1,0.031773,1,0.009345,1,158.654617148117,1,4.84628101846501,916,1,5.51599979400635,34.890998840332,0.0317730009555817,0,152.991897583008,-86.0661,22.0463,16.4362467759444,63,63,63,63,61,63,0,9004,1.9064526870154,22,-86,0.001869,51,2024-08-01 01:40:51.000165,916,1.037,0.0011,"aoml_navis",1031.71895747467
"7901009",42,0,1,0.031773,1,0.009345,1,158.7586254452,1,4.84623642393713,918,1,5.51300001144409,34.890998840332,0.0317730009555817,0,153.092193603516,-86.0661,22.0463,16.4362467759444,63,63,63,63,61,63,0,9004,1.9064526870154,22,-86,0.001869,51,2024-08-01 01:40:51.000165,918,1.037,0.0011,"aoml_navis",1031.72845123762
"7901009",42,0,4,0.026166,1,0.003738,1,158.92331711659,1,4.84619250480184,920,1,5.51100015640259,34.890998840332,0.0261659994721413,0,153.251007080078,-86.0661,22.0463,16.4362467759444,63,63,63,63,61,63,0,9004,1.9064526870154,22,-86,0.001869,51,2024-08-01 01:40:51.000165,920,1.037,0.0011,"aoml_navis",1031.7378013865
"7901009",42,0,1,0.033642,1,0.011214,1,159.1961470357,1,4.84614791361657,922,1,5.50799989700317,34.890998840332,0.0336420014500618,0,153.514099121094,-86.0661,22.0463,16.4362467759444,63,63,63,63,61,63,0,9004,1.9064526870154,22,-86,0.001869,51,2024-08-01 01:40:51.000165,922,1.037,0.0011,"aoml_navis",1031.74729478461
"7901009",42,0,1,0.029904,1,0.007476,1,159.498741081816,1,4.84610197692785,924,1,5.50299978256226,34.890998840332,0.0299040004611015,0,153.805892944336,-86.0661,22.0463,16.4362467759444,63,63,63,63,61,63,0,9004,1.9064526870154,22,-86,0.001869,51,2024-08-01 01:40:51.000165,924,1.037,0.0011,"aoml_navis",1031.75707482114
"7901009",42,0,1,0.029904,1,0.007476,1,159.895928403448,1,4.8460533482439,926,1,5.49399995803833,34.890998840332,0.0299040004611015,0,154.188903808594,-86.0661,22.0463,16.4362467759444,63,63,63,63,61,63,0,9004,1.9064526870154,22,-86,0.001869,51,2024-08-01 01:40:51.000165,926,1.037,0.0011,"aoml_navis",1031.76742819224
"7901009",42,0,1,0.033642,1,0.011214,1,160.257212054598,1,4.84599632719254,928,1,5.47800016403198,34.8919982910156,0.0336420014500618,0,154.537292480469,-86.0661,22.0463,16.4362467759444,63,63,63,63,61,63,0,9004,1.9064526870154,22,-86,0.001869,51,2024-08-01 01:40:51.000165,928,1.037,0.0011,"aoml_navis",1031.77956861901
"7901009",42,0,1,0.029904,1,0.007476,1,160.717867698092,1,4.84594434416621,930,1,5.46400022506714,34.8919982910156,0.0299040004611015,0,154.981506347656,-86.0661,22.0463,16.4362467759444,63,63,63,63,61,63,0,9004,1.9064526870154,22,-86,0.001869,51,2024-08-01 01:40:51.000165,930,1.037,0.0011,"aoml_navis",1031.79063664222
"7901009",42,0,1,0.029904,1,0.007476,1,161.212923773331,1,4.8458937115596,932,1,5.4520001411438,34.8919982910156,0.0299040004611015,0,155.458892822266,-86.0661,22.0463,16.4362467759444,63,63,63,63,61,63,0,9004,1.9064526870154,22,-86,0.001869,51,2024-08-01 01:40:51.000165,932,1.037,0.0011,"aoml_navis",1031.80141736761
"7901009",42,0,1,0.028035,1,0.005607,1,161.759533025491,1,4.84583871385059,934,1,5.43900012969971,34.8930015563965,0.0280349999666214,0,155.985992431641,-86.0661,22.0463,16.4362467759444,63,63,63,63,61,63,0,9004,1.9064526870154,22,-86,0.001869,51,2024-08-01 01:40:51.000165,934,1.037,0.0011,"aoml_navis",1031.81312776853
"7901009",42,0,1,0.028035,1,0.005607,1,162.290081358505,1,4.84577769876972,936,1,5.41699981689453,34.8940010070801,0.0280349999666214,0,156.497604370117,-86.0661,22.0463,16.4362467759444,63,63,63,63,61,63,0,9004,1.9064526870154,22,-86,0.001869,51,2024-08-01 01:40:51.000165,936,1.037,0.0011,"aoml_navis",1031.82611973088
"7901009",42,0,1,0.029904,1,0.007476,1,162.742935984129,1,4.84572775607264,938,1,5.4060001373291,34.8940010070801,0.0299040004611015,0,156.934295654297,-86.0661,22.0463,16.4362467759444,63,63,63,63,61,63,0,9004,1.9064526870154,22,-86,0.001869,51,2024-08-01 01:40:51.000165,938,1.037,0.0011,"aoml_navis",1031.83675429022
"7901009",42,0,1,0.024297,1,0.001869,1,163.178178981173,1,4.84567145344212,940,1,5.39099979400635,34.8950004577637,0.0242970008403063,0,157.35400390625,-86.0661,22.0463,16.4362467759444,63,63,63,63,61,63,0,9004,1.9064526870154,22,-86,0.001869,51,2024-08-01 01:40:51.000165,940,1.037,0.0011,"aoml_navis",1031.84874336626
"7901009",42,0,1,0.028035,1,0.005607,1,163.474237894672,1,4.84561515895789,942,1,5.37599992752075,34.8959999084473,0.0280349999666214,0,157.639495849609,-86.0661,22.0463,16.4362467759444,63,63,63,63,61,63,0,9004,1.9064526870154,22,-86,0.001869,51,2024-08-01 01:40:51.000165,942,1.037,0.0011,"aoml_navis",1031.86073098618
"7901009",42,0,1,0.033642,1,0.011214,1,163.748017227722,1,4.84556991442805,944,1,5.37200021743774,34.8959999084473,0.0336420014500618,0,157.903503417969,-86.0661,22.0463,16.4362467759444,63,63,63,63,61,63,0,9004,1.9064526870154,22,-86,0.001869,51,2024-08-01 01:40:51.000165,944,1.037,0.0011,"aoml_navis",1031.87036577723
"7901009",42,0,1,0.029904,1,0.007476,1,164.024787214681,1,4.84552534042962,946,1,5.36899995803833,34.8959999084473,0.0299040004611015,0,158.170394897461,-86.0661,22.0463,16.4362467759444,63,63,63,63,61,63,0,9004,1.9064526870154,22,-86,0.001869,51,2024-08-01 01:40:51.000165,946,1.037,0.0011,"aoml_navis",1031.87985795503
"7901009",42,0,1,0.031773,1,0.009345,1,164.434206152568,1,4.84547708412195,948,1,5.36600017547607,34.8969993591309,0.0317730009555817,0,158.565200805664,-86.0661,22.0463,16.4362467759444,63,63,63,63,61,63,0,9004,1.9064526870154,22,-86,0.001869,51,2024-08-01 01:40:51.000165,948,1.037,0.0011,"aoml_navis",1031.89013448942
"7901009",42,0,1,0.082236,1,0.059808,1,164.800790698214,1,4.84542347688607,950,1,5.35500001907349,34.8979988098145,0.0822359994053841,0,158.918701171875,-86.0661,22.0463,16.4362467759444,63,63,63,63,61,63,0,9004,1.9064526870154,22,-86,0.001869,51,2024-08-01 01:40:51.000165,950,1.037,0.0011,"aoml_navis",1031.90155078319
"7901009",42,0,1,0.029904,1,0.007476,1,165.100172560501,1,4.84537556430807,952,1,5.34700012207031,34.8979988098145,0.0299040004611015,0,159.207397460938,-86.0661,22.0463,16.4362467759444,63,63,63,63,61,63,0,9004,1.9064526870154,22,-86,0.001869,51,2024-08-01 01:40:51.000165,952,1.037,0.0011,"aoml_navis",1031.91175454611
"7901009",42,0,1,0.031773,1,0.009345,1,165.51694945642,1,4.84532297586688,954,1,5.33199977874756,34.8979988098145,0.0317730009555817,0,159.609298706055,-86.0661,22.0463,16.4362467759444,63,63,63,63,61,63,0,9004,1.9064526870154,22,-86,0.001869,51,2024-08-01 01:40:51.000165,954,1.037,0.0011,"aoml_navis",1031.92295434247
"7901009",42,0,1,0.029904,1,0.007476,1,166.00434692588,1,4.84526203935654,956,1,5.30999994277954,34.898998260498,0.0299040004611015,0,160.079299926758,-86.0661,22.0463,16.4362467759444,63,63,63,63,61,63,0,9004,1.9064526870154,22,-86,0.001869,51,2024-08-01 01:40:51.000165,956,1.037,0.0011,"aoml_navis",1031.9359323369
"7901009",42,0,1,0.028035,1,0.005607,1,166.488215740198,1,4.84521613995062,958,1,5.30499982833862,34.898998260498,0.0280349999666214,0,160.5458984375,-86.0661,22.0463,16.4362467759444,63,63,63,63,61,63,0,9004,1.9064526870154,22,-86,0.001869,51,2024-08-01 01:40:51.000165,958,1.037,0.0011,"aoml_navis",1031.94570800942
"7901009",42,0,1,0.029904,1,0.007476,1,166.963065122089,1,4.8451565426017,960,1,5.28499984741211,34.9000015258789,0.0299040004611015,0,161.003799438477,-86.0661,22.0463,16.4362467759444,63,63,63,63,61,63,0,9004,1.9064526870154,22,-86,0.001869,51,2024-08-01 01:40:51.000165,960,1.037,0.0011,"aoml_navis",1031.95840135129
"7901009",42,0,1,0.029904,1,0.007476,1,167.412201209783,1,4.84511434642119,962,1,5.28000020980835,34.898998260498,0.0299040004611015,0,161.436904907227,-86.0661,22.0463,16.4362467759444,63,63,63,63,61,63,0,9004,1.9064526870154,22,-86,0.001869,51,2024-08-01 01:40:51.000165,962,1.037,0.0011,"aoml_navis",1031.96738869398
"7901009",42,0,1,0.028035,1,0.005607,1,168.238381220024,1,4.84506312467968,964,1,5.26700019836426,34.898998260498,0.0280349999666214,0,162.233596801758,-86.0661,22.0463,16.4362467759444,63,63,63,63,61,63,0,9004,1.9064526870154,22,-86,0.001869,51,2024-08-01 01:40:51.000165,964,1.037,0.0011,"aoml_navis",1031.97829859659
"7901009",42,0,1,0.028035,1,0.005607,1,169.067267059992,1,4.84498126614746,966,1,5.2189998626709,34.9010009765625,0.0280349999666214,0,163.032897949219,-86.0661,22.0463,16.4362467759444,63,63,63,63,61,63,0,9004,1.9064526870154,22,-86,0.001869,51,2024-08-01 01:40:51.000165,966,1.037,0.0011,"aoml_navis",1031.99573441815
"7901009",42,0,1,0.029904,1,0.007476,1,169.633481710004,1,4.84491776938767,968,1,5.19299983978271,34.9020004272461,0.0299040004611015,0,163.578903198242,-86.0661,22.0463,16.4362467759444,63,63,63,63,61,63,0,9004,1.9064526870154,22,-86,0.001869,51,2024-08-01 01:40:51.000165,968,1.037,0.0011,"aoml_navis",1032.00925959821
"7901009",42,0,1,0.029904,1,0.007476,1,170.101273781611,1,4.8448609159959,970,1,5.17700004577637,34.9029998779297,0.0299040004611015,0,164.029998779297,-86.0661,22.0463,16.4362467759444,63,63,63,63,61,63,0,9004,1.9064526870154,22,-86,0.001869,51,2024-08-01 01:40:51.000165,970,1.037,0.0011,"aoml_navis",1032.02137000298
"7901009",42,0,1,0.029904,1,0.007476,1,170.517227852116,1,4.84480974072847,972,1,5.16400003433228,34.9029998779297,0.0299040004611015,0,164.431106567383,-86.0661,22.0463,16.4362467759444,63,63,63,63,61,63,0,9004,1.9064526870154,22,-86,0.001869,51,2024-08-01 01:40:51.000165,972,1.037,0.0011,"aoml_navis",1032.03227114718
"7901009",42,0,1,0.029904,1,0.007476,1,170.860678344767,1,4.84475092071739,974,1,5.14499998092651,34.9039993286133,0.0299040004611015,0,164.762298583984,-86.0661,22.0463,16.4362467759444,63,63,63,63,61,63,0,9004,1.9064526870154,22,-86,0.001869,51,2024-08-01 01:40:51.000165,974,1.037,0.0011,"aoml_navis",1032.04480102759
"7901009",42,0,1,0.031773,1,0.009345,1,171.107589263326,1,4.84470938965477,976,1,5.14099979400635,34.9029998779297,0.0317730009555817,0,165.000396728516,-86.0661,22.0463,16.4362467759444,63,63,63,63,61,63,0,9004,1.9064526870154,22,-86,0.001869,51,2024-08-01 01:40:51.000165,976,1.037,0.0011,"aoml_navis",1032.0536481872
"7901009",42,0,1,0.03738,1,0.014952,1,171.451989169916,1,4.84465190489276,978,1,5.12400007247925,34.9039993286133,0.0373799987137318,0,165.332504272461,-86.0661,22.0463,16.4362467759444,63,63,63,63,61,63,0,9004,1.9064526870154,22,-86,0.001869,51,2024-08-01 01:40:51.000165,978,1.037,0.0011,"aoml_navis",1032.06589413583
"7901009",42,0,1,0.033642,1,0.011214,1,173.945071057479,1,4.84414146804237,999.400024414062,1,5.05179977416992,34.9059982299805,0.0336420014500618,0,167.736602783203,-86.0661,22.0463,16.4362467759444,63,63,63,63,61,63,0,9004,1.9064526870154,22,-86,0.001869,51,2024-08-01 01:40:51.000165,999.400024414062,1.037,0.0011,"aoml_navis",1032.17464497803
"7901009",42,0,1,0.028035,1,0.005607,1,177.912687734637,1,4.84299200586008,1049.09997558594,1,4.93389987945557,34.9099998474121,0.0280349999666214,0,171.562606811523,-86.0661,22.0463,16.4362467759444,63,63,63,63,61,63,0,9004,1.9064526870154,22,-86,0.001869,51,2024-08-01 01:40:51.000165,1049.09997558594,1.037,0.0011,"aoml_navis",1032.41962694754
"7901009",42,0,1,0.031773,1,0.009345,1,180.916601792402,1,4.84186632428539,1098.5,1,4.8407998085022,34.9140014648438,0.0317730009555817,0,174.45930480957,-86.0661,22.0463,16.4362467759444,63,63,63,63,61,63,0,9004,1.9064526870154,22,-86,0.001869,51,2024-08-01 01:40:51.000165,1098.5,1.037,0.0011,"aoml_navis",1032.65965334926
"7901009",42,0,1,0.026166,1,0.003738,1,185.725636573531,1,4.84076784408088,1149,1,4.80590009689331,34.9150009155273,0.0261659994721413,0,179.096694946289,-86.0661,22.0463,16.4362467759444,63,63,63,63,61,63,0,9004,1.9064526870154,22,-86,0.001869,51,2024-08-01 01:40:51.000165,1149,1.037,0.0011,"aoml_navis",1032.8939872863
"7901009",42,0,1,0.028035,1,0.005607,1,195.490675413639,4,4.83939449423362,1201.19995117188,1,4.48420000076294,34.9300003051758,0.0280349999666214,0,188.513198852539,-86.0661,22.0463,16.4362467759444,63,63,63,63,61,63,0,9004,1.9064526870154,22,-86,0.001869,51,2024-08-01 01:40:51.000165,1201.19995117188,1.037,0.0011,"aoml_navis",1033.18710759326
"7901009",43,0.0352927719939039,1,0.089712,1,0.067284,1,189.879460125947,1,4.88971970238095,2.20000004768372,1,30.2430000305176,36.2019996643066,0.0897120013833046,0.0766395479440689,183.102203369141,-86.0545,22.1535,16.3963854163767,63,63,63,63,61,63,0.067284,9004,1.9064526870154,22,-86,0.001869,51,2024-08-11 06:59:21.000729,2.20000004768372,1.037,0.0011,"aoml_navis",1022.55350088173
"7901009",43,0.033332062438687,1,0.085974,1,0.063546,1,189.849379518367,1,4.8896879575101,4,1,30.246000289917,36.2019996643066,0.0859740003943443,0.0766395479440689,183.073196411133,-86.0545,22.1535,16.3963854163767,63,63,63,63,61,63,0.063546,9004,1.9064526870154,22,-86,0.001869,51,2024-08-11 06:59:21.000729,4,1.037,0.0011,"aoml_navis",1022.56013951166
"7901009",43,0.0313713528834701,1,0.082236,1,0.059808,1,189.770055959296,1,4.88965048829809,6,1,30.2479991912842,36.2019996643066,0.0822359994053841,0.0766395479440689,182.996704101562,-86.0545,22.1535,16.3963854163767,63,63,63,63,61,63,0.059808,9004,1.9064526870154,22,-86,0.001869,51,2024-08-11 06:59:21.000729,6,1.037,0.0011,"aoml_navis",1022.56797535243
"7901009",43,0.0323517076610786,1,0.084105,1,0.061677,1,189.730022325853,1,4.88960972688913,8,1,30.2479991912842,36.2019996643066,0.0841049998998642,0.0766395479440689,182.958099365234,-86.0545,22.1535,16.3963854163767,63,63,63,63,61,63,0.061677,9004,1.9064526870154,22,-86,0.001869,51,2024-08-11 06:59:21.000729,8,1.037,0.0011,"aoml_navis",1022.57649981834
"7901009",43,0.033332062438687,1,0.085974,1,0.063546,1,189.640112798097,1,4.88957226587169,10,1,30.25,36.2019996643066,0.0859740003943443,0.0766395479440689,182.871398925781,-86.0545,22.1535,16.3963854163767,63,63,63,63,61,63,0.063546,9004,1.9064526870154,22,-86,0.001869,51,2024-08-11 06:59:21.000729,10,1.037,0.0011,"aoml_navis",1022.58433419608
"7901009",43,0.0362731267715123,1,0.091581,1,0.069153,1,189.61098160475,1,4.88953315676024,12,1,30.2509994506836,36.2019996643066,0.0915810018777847,0.0766395479440689,182.843307495117,-86.0545,22.1535,16.3963854163767,63,63,63,63,61,63,0.069153,9004,1.9064526870154,22,-86,0.001869,51,2024-08-11 06:59:21.000729,12,1.037,0.0011,"aoml_navis",1022.59251337462
"7901009",43,0.0352927719939039,1,0.089712,1,0.067284,1,189.552481864497,1,4.88948387305147,14,1,30.2479991912842,36.2029991149902,0.0897120013833046,0.0766289979219437,182.786895751953,-86.0545,22.1535,16.3963854163767,63,63,63,63,61,63,0.067284,9004,1.9064526870154,22,-86,0.001869,51,2024-08-11 06:59:21.000729,14,1.037,0.0011,"aoml_navis",1022.6028206285
"7901009",43,0.0343124172162955,1,0.087843,1,0.065415,1,189.613465905323,1,4.88941850034617,15.8999996185303,1,30.2339992523193,36.2039985656738,0.0878430008888245,0.0747599974274635,182.845703125,-86.0545,22.1535,16.3963854163767,63,63,63,63,61,63,0.065415,9004,1.9064526870154,22,-86,0.001869,51,2024-08-11 06:59:21.000729,15.8999996185303,1.037,0.0011,"aoml_navis",1022.61649307499
"7901009",43,0.0382338363267292,1,0.095319,1,0.072891,1,190.595714046025,1,4.8892435171421,18,1,30.1450004577637,36.2000007629395,0.095319002866745,0.0822359994053841,183.792892456055,-86.0545,22.1535,16.3963854163767,63,63,63,63,61,63,0.072891,9004,1.9064526870154,22,-86,0.001869,51,2024-08-11 06:59:21.000729,18,1.037,0.0011,"aoml_navis",1022.65309192917
"7901009",43,0.0441159649923799,1,0.106533,1,0.084105,1,191.612204393355,1,4.88870281940401,20,1,29.8619995117188,36.2099990844727,0.106532998383045,0.0934500023722649,184.773101806641,-86.0545,22.1535,16.3963854163767,63,63,63,63,61,63,0.084105,9004,1.9064526870154,22,-86,0.001869,51,2024-08-11 06:59:21.000729,20,1.037,0.0011,"aoml_navis",1022.76619886859
"7901009",43,0.0519588032132474,1,0.121485,1,0.099057,1,191.598722711263,1,4.88856800262065,22,1,29.82200050354,36.2179985046387,0.121485002338886,0.108401998877525,184.760101318359,-86.0545,22.1535,16.3963854163767,63,63,63,63,61,63,0.099057,9004,1.9064526870154,22,-86,0.001869,51,2024-08-11 06:59:21.000729,22,1.037,0.0011,"aoml_navis",1022.79440468448
"7901009",43,0.0499980936580305,1,0.117747,1,0.095319,1,191.646731424254,1,4.88839569556746,24,1,29.7590007781982,36.226001739502,0.117747001349926,0.104663997888565,184.806396484375,-86.0545,22.1535,16.3963854163767,63,63,63,63,61,63,0.095319,9004,1.9064526870154,22,-86,0.001869,51,2024-08-11 06:59:21.000729,24,1.037,0.0011,"aoml_navis",1022.83045632614
"7901009",43,0.0519588032132474,1,0.121485,1,0.099057,1,192.011037488585,1,4.8881551753939,26,1,29.6429996490479,36.2290000915527,0.121485002338886,0.108401998877525,185.157699584961,-86.0545,22.1535,16.3963854163767,63,63,63,63,61,63,0.099057,9004,1.9064526870154,22,-86,0.001869,51,2024-08-11 06:59:21.000729,26,1.037,0.0011,"aoml_navis",1022.88078438449
"7901009",43,0.0480373841028136,1,0.114009,1,0.091581,1,192.177897039833,1,4.88799591749561,28,1,29.5370006561279,36.2140007019043,0.114009000360966,0.100925996899605,185.318603515625,-86.0545,22.1535,16.3963854163767,63,63,63,63,61,63,0.091581,9004,1.9064526870154,22,-86,0.001869,51,2024-08-11 06:59:21.000729,28,1.037,0.0011,"aoml_navis",1022.91411130347
"7901009",43,0.0499980936580305,1,0.117747,1,0.095319,1,191.970181029474,1,4.88783000968845,30,1,29.451000213623,36.2099990844727,0.117747001349926,0.104663997888565,185.118301391602,-86.0545,22.1535,16.3963854163767,63,63,63,63,61,63,0.095319,9004,1.9064526870154,22,-86,0.001869,51,2024-08-11 06:59:21.000729,30,1.037,0.0011,"aoml_navis",1022.94883211757
"7901009",43,0.0499980936580305,1,0.117747,1,0.095319,1,191.700974624033,1,4.88773300474616,32,1,29.4340000152588,36.2179985046387,0.117747001349926,0.104663997888565,184.858703613281,-86.0545,22.1535,16.3963854163767,63,63,63,63,61,63,0.095319,9004,1.9064526870154,22,-86,0.001869,51,2024-08-11 06:59:21.000729,32,1.037,0.0011,"aoml_navis",1022.96913418651
"7901009",43,0.0568605771012896,1,0.13083,1,0.108402,1,191.505189585855,1,4.88754058904166,34,1,29.3780002593994,36.2350006103516,0.130830004811287,0.117747001349926,184.669906616211,-86.0545,22.1535,16.3963854163767,63,63,63,63,61,63,0.108402,9004,1.9064526870154,22,-86,0.001869,51,2024-08-11 06:59:21.000729,34,1.037,0.0011,"aoml_navis",1023.00940706467
"7901009",43,0.0656837700997656,1,0.147651,1,0.125223,1,191.43259104426,1,4.88733445691304,36,1,29.3090000152588,36.25,0.147651001811028,0.134568005800247,184.599899291992,-86.0545,22.1535,16.3963854163767,63,63,63,63,61,63,0.125223,9004,1.9064526870154,22,-86,0.001869,51,2024-08-11 06:59:21.000729,36,1.037,0.0011,"aoml_navis",1023.05255432797
"7901009",43,0.0705855439878078,1,0.156996,1,0.134568,1,191.246031147701,1,4.88720279431869,37.9000015258789,1,29.2670001983643,36.2569999694824,0.156995996832848,0.143913000822067,184.419998168945,-86.0545,22.1535,16.3963854163767,63,63,63,63,61,63,0.134568,9004,1.9064526870154,22,-86,0.001869,51,2024-08-11 06:59:21.000729,37.9000015258789,1.037,0.0011,"aoml_navis",1023.08011564661
"7901009",43,0.0725462535430247,1,0.160734,1,0.138306,1,191.651193671143,1,4.88707860552164,40,1,29.2210006713867,36.2589988708496,0.160733997821808,0.147651001811028,184.810699462891,-86.0545,22.1535,16.3963854163767,63,63,63,63,61,63,0.138306,9004,1.9064526870154,22,-86,0.001869,51,2024-08-11 06:59:21.000729,40,1.037,0.0011,"aoml_navis",1023.10611381425
"7901009",43,0.0745069630982416,1,0.164472,1,0.142044,1,192.039868034092,1,4.88694597621265,42,1,29.1639995574951,36.2589988708496,0.164471998810768,0.151389002799988,185.185501098633,-86.0545,22.1535,16.3963854163767,63,63,63,63,61,63,0.142044,9004,1.9064526870154,22,-86,0.001869,51,2024-08-11 06:59:21.000729,42,1.037,0.0011,"aoml_navis",1023.13388041072
"7901009",43,0.0803890917638922,1,0.175686,1,0.153258,1,192.10509279182,1,4.88687945068871,44,1,29.1480007171631,36.2589988708496,0.175686001777649,0.162603005766869,185.248397827148,-86.0545,22.1535,16.3963854163767,63,63,63,63,61,63,0.153258,9004,1.9064526870154,22,-86,0.001869,51,2024-08-11 06:59:21.000729,44,1.037,0.0011,"aoml_navis",1023.14780842309
"7901009",43,0.0901926395399766,1,0.194376,1,0.171948,1,192.353143083462,1,4.88665519481931,46,1,29.0540008544922,36.2680015563965,0.19437600672245,0.181292995810509,185.487594604492,-86.0545,22.1535,16.3963854163767,63,63,63,63,61,63,0.171948,9004,1.9064526870154,22,-86,0.001869,51,2024-08-11 06:59:21.000729,46,1.037,0.0011,"aoml_navis",1023.19476219662
"7901009",43,0.109799735092145,1,0.231756,1,0.209328,1,191.916365066099,1,4.88632155225077,48.2000007629395,1,28.9120006561279,36.2849998474121,0.231756001710892,0.218673005700111,185.06640625,-86.0545,22.1535,16.3963854163767,63,63,63,63,61,63,0.209328,9004,1.9064526870154,22,-86,0.001869,51,2024-08-11 06:59:21.000729,48.2000007629395,1.037,0.0011,"aoml_navis",1023.26462688418
"7901009",43,0.165679957415827,1,0.338289,1,0.315861,1,189.891897452384,1,4.88579297521926,50,1,28.6849994659424,36.3209991455078,0.338288992643356,0.325206011533737,183.114196777344,-86.0545,22.1535,16.3963854163767,63,63,63,63,61,63,0.315861,9004,1.9064526870154,22,-86,0.001869,51,2024-08-11 06:59:21.000729,50,1.037,0.0011,"aoml_navis",1023.37533034248
"7901009",43,0.209795922408207,1,0.422394,1,0.399966,1,187.869518549979,1,4.88508120398644,52,1,28.371000289917,36.3689994812012,0.422394007444382,0.40931099653244,181.164001464844,-86.0545,22.1535,16.3963854163767,63,63,63,63,61,63,0.399966,9004,1.9064526870154,22,-86,0.001869,51,2024-08-11 06:59:21.000729,52,1.037,0.0011,"aoml_navis",1023.52443924981
"7901009",43,0.227442308405158,1,0.456036,1,0.433608,1,187.107724393913,1,4.88491203532928,54.0999984741211,1,28.306999206543,36.3759994506836,0.456036001443863,0.442952990531921,180.429397583008,-86.0545,22.1535,16.3963854163767,63,63,63,63,61,63,0.433608,9004,1.9064526870154,22,-86,0.001869,51,2024-08-11 06:59:21.000729,54.0999984741211,1.037,0.0011,"aoml_navis",1023.55988477139
"7901009",43,0.248029758734936,1,0.495285,1,0.472857,1,185.048429101459,1,4.88384116596476,55.5,1,27.7600002288818,36.4269981384277,0.495285004377365,0.482201993465424,178.443603515625,-86.0545,22.1535,16.3963854163767,63,63,63,63,61,63,0.472857,9004,1.9064526870154,22,-86,0.001869,51,2024-08-11 06:59:21.000729,55.5,1.037,0.0011,"aoml_navis",1023.78431854925
"7901009",43,0.290185014172099,1,0.575652,1,0.553224,1,180.365063637165,1,4.8824798278369,58,1,27.1019992828369,36.507999420166,0.575652003288269,0.56256902217865,173.927398681641,-86.0545,22.1535,16.3963854163767,63,63,63,63,61,63,0.553224,9004,1.9064526870154,22,-86,0.001869,51,2024-08-11 06:59:21.000729,58,1.037,0.0011,"aoml_navis",1024.06977116282
"7901009",43,0.378416944156859,1,0.743862,1,0.721434,1,179.398987185546,1,4.8816569379687,60,1,26.7719993591309,36.5849990844727,0.743861973285675,0.730778992176056,172.995803833008,-86.0545,22.1535,16.3963854163767,63,63,63,63,61,63,0.721434,9004,1.9064526870154,22,-86,0.001869,51,2024-08-11 06:59:21.000729,60,1.037,0.0011,"aoml_navis",1024.24239628779
"7901009",43,0.398024039709027,1,0.781242,1,0.758814,1,178.697749833901,1,4.88152214264476,62.0999984741211,1,26.7399997711182,36.5970001220703,0.7812420129776,0.768158972263336,172.319595336914,-86.0545,22.1535,16.3963854163767,63,63,63,63,61,63,0.758814,9004,1.9064526870154,22,-86,0.001869,51,2024-08-11 06:59:21.000729,62.0999984741211,1.037,0.0011,"aoml_navis",1024.27067908188
"7901009",43,0.407827587485112,1,0.799932,1,0.777504,1,178.108211066634,1,4.88131876915503,64.3000030517578,1,26.6690006256104,36.6110000610352,0.79993200302124,0.786849021911621,171.751098632812,-86.0545,22.1535,16.3963854163767,63,63,63,63,61,63,0.777504,9004,1.9064526870154,22,-86,0.001869,51,2024-08-11 06:59:21.000729,64.3000030517578,1.037,0.0011,"aoml_navis",1024.3133539229
"7901009",43,0.415670425705979,1,0.814884,1,0.792456,1,176.568451065419,1,4.88113219632228,65.8000030517578,1,26.6089992523193,36.6290016174316,0.814884006977081,0.801801025867462,170.266296386719,-86.0545,22.1535,16.3963854163767,63,63,63,63,61,63,0.792456,9004,1.9064526870154,22,-86,0.001869,51,2024-08-11 06:59:21.000729,65.8000030517578,1.037,0.0011,"aoml_navis",1024.35250652856
"7901009",43,0.409788297040329,1,0.80367,1,0.781242,1,172.485938221322,1,4.88060546706355,68,1,26.3859996795654,36.6689987182617,0.803669989109039,0.79058700799942,166.329498291016,-86.0545,22.1535,16.3963854163767,63,63,63,63,61,63,0.781242,9004,1.9064526870154,22,-86,0.001869,51,2024-08-11 06:59:21.000729,68,1.037,0.0011,"aoml_navis",1024.4630576559
"7901009",43,0.280381466396014,1,0.556962,1,0.534534,1,172.643778337367,1,4.87971776348183,70,1,25.8509998321533,36.6809997558594,0.556962013244629,0.543878972530365,166.481704711914,-86.0545,22.1535,16.3963854163767,63,63,63,63,61,63,0.534534,9004,1.9064526870154,22,-86,0.001869,51,2024-08-11 06:59:21.000729,70,1.037,0.0011,"aoml_navis",1024.64942489468
"7901009",43,0.27057791861993,1,0.538272,1,0.515844,1,172.328525341682,1,4.87958847034093,72,1,25.8110008239746,36.6889991760254,0.538272023200989,0.525188982486725,166.177703857422,-86.0545,22.1535,16.3963854163767,63,63,63,63,61,63,0.515844,9004,1.9064526870154,22,-86,0.001869,51,2024-08-11 06:59:21.000729,72,1.037,0.0011,"aoml_navis",1024.6765747544
"7901009",43,0.266656499509496,1,0.530796,1,0.508368,1,170.433383769915,1,4.87941666227368,74,1,25.7399997711182,36.6959991455078,0.530795991420746,0.517713010311127,164.350204467773,-86.0545,22.1535,16.3963854163767,63,63,63,63,61,63,0.508368,9004,1.9064526870154,22,-86,0.001869,51,2024-08-11 06:59:21.000729,74,1.037,0.0011,"aoml_navis",1024.71265441597
"7901009",43,0.249010113512544,1,0.497154,1,0.474726,1,169.258135539449,1,4.87877523648807,76.0999984741211,1,25.3920001983643,36.7190017700195,0.497153997421265,0.484070986509323,163.216903686523,-86.0545,22.1535,16.3963854163767,63,63,63,63,61,63,0.474726,9004,1.9064526870154,22,-86,0.001869,51,2024-08-11 06:59:21.000729,76.0999984741211,1.037,0.0011,"aoml_navis",1024.84737616222
"7901009",43,0.248029758734936,1,0.495285,1,0.472857,1,168.789615439601,1,4.87858002063374,78,1,25.30299949646,36.726001739502,0.495285004377365,0.482201993465424,162.765106201172,-86.0545,22.1535,16.3963854163767,63,63,63,63,61,63,0.472857,9004,1.9064526870154,22,-86,0.001869,51,2024-08-11 06:59:21.000729,78,1.037,0.0011,"aoml_navis",1024.88838531965
"7901009",43,0.244108339624502,1,0.487809,1,0.465381,1,168.36899328775,1,4.8784181730728,80,1,25.2329998016357,36.7309989929199,0.487809002399445,0.474725991487503,162.359497070312,-86.0545,22.1535,16.3963854163767,63,63,63,63,61,63,0.465381,9004,1.9064526870154,22,-86,0.001869,51,2024-08-11 06:59:21.000729,80,1.037,0.0011,"aoml_navis",1024.92238726034
"7901009",43,0.242147630069285,1,0.484071,1,0.461643,1,167.671300415905,1,4.87826903450928,82,1,25.173999786377,36.7369995117188,0.484070986509323,0.470988005399704,161.686706542969,-86.0545,22.1535,16.3963854163767,63,63,63,63,61,63,0.461643,9004,1.9064526870154,22,-86,0.001869,51,2024-08-11 06:59:21.000729,82,1.037,0.0011,"aoml_navis",1024.95372121332
"7901009",43,0.232344082293201,4,0.465381,1,0.442953,1,167.211578221272,1,4.87805941573812,84,1,25.0809993743896,36.7459983825684,0.465380996465683,0.452297985553741,161.243392944336,-86.0545,22.1535,16.3963854163767,63,63,63,63,61,63,0.442953,9004,1.9064526870154,22,-86,0.001869,51,2024-08-11 06:59:21.000729,84,1.037,0.0011,"aoml_navis",1024.9977652729
"7901009",43,0.230383372737984,1,0.461643,1,0.439215,1,166.656882956314,1,4.87794399343683,86,1,25.0349998474121,36.7480010986328,0.461643010377884,0.448559999465942,160.70849609375,-86.0545,22.1535,16.3963854163767,63,63,63,63,61,63,0.439215,9004,1.9064526870154,22,-86,0.001869,51,2024-08-11 06:59:21.000729,86,1.037,0.0011,"aoml_navis",1025.02201885208
"7901009",43,0.24508869440211,1,0.489678,1,0.46725,1,166.029699914754,1,4.87768944333618,88.1999969482422,1,24.9629993438721,36.7770004272461,0.489677995443344,0.476595014333725,160.103698730469,-86.0545,22.1535,16.3963854163767,63,63,63,63,61,63,0.46725,9004,1.9064526870154,22,-86,0.001869,51,2024-08-11 06:59:21.000729,88.1999969482422,1.037,0.0011,"aoml_navis",1025.07551128146
"7901009",43,0.232344082293201,1,0.465381,1,0.442953,1,164.192425140418,1,4.87742603919713,89.9000015258789,1,24.8999996185303,36.814998626709,0.465380996465683,0.452297985553741,158.332000732422,-86.0545,22.1535,16.3963854163767,63,63,63,63,61,63,0.442953,9004,1.9064526870154,22,-86,0.001869,51,2024-08-11 06:59:21.000729,89.9000015258789,1.037,0.0011,"aoml_navis",1025.13087022085
"7901009",43,0.20783521285299,1,0.418656,1,0.396228,1,161.108553656093,1,4.87694315070176,91.9000015258789,1,24.7049999237061,36.859001159668,0.41865599155426,0.405573010444641,155.358200073242,-86.0545,22.1535,16.3963854163767,63,63,63,63,61,63,0.396228,9004,1.9064526870154,22,-86,0.001869,51,2024-08-11 06:59:21.000729,91.9000015258789,1.037,0.0011,"aoml_navis",1025.23237312712
"7901009",43,0.143131797530832,1,0.295302,1,0.272874,1,155.247455660759,1,4.87608159187742,93.9000015258789,1,24.2609996795654,36.9090003967285,0.295302003622055,0.282218992710114,149.706298828125,-86.0545,22.1535,16.3963854163767,63,63,63,63,61,63,0.272874,9004,1.9064526870154,22,-86,0.001869,51,2024-08-11 06:59:21.000729,93.9000015258789,1.037,0.0011,"aoml_navis",1025.4135222694
"7901009",43,0.141171087975616,1,0.291564,1,0.269136,1,154.166990617773,1,4.87507492529463,96,1,23.6140003204346,36.9210014343262,0.291563987731934,0.278481006622314,148.664398193359,-86.0545,22.1535,16.3963854163767,63,63,63,63,61,63,0.269136,9004,1.9064526870154,22,-86,0.001869,51,2024-08-11 06:59:21.000729,96,1.037,0.0011,"aoml_navis",1025.6252625077
"7901009",43,0.143131797530832,1,0.295302,1,0.272874,1,153.803523202679,1,4.87488590031898,98,1,23.4729995727539,36.9070014953613,0.295302003622055,0.282218992710114,148.313903808594,-86.0545,22.1535,16.3963854163767,63,63,63,63,61,63,0.272874,9004,1.9064526870154,22,-86,0.001869,51,2024-08-11 06:59:21.000729,98,1.037,0.0011,"aoml_navis",1025.66503139547
"7901009",43,0.133328249754748,1,0.276612,1,0.254184,1,153.226532526843,1,4.87477992807589,100,1,23.4190006256104,36.9039993286133,0.276612013578415,0.263529002666473,147.757507324219,-86.0545,22.1535,16.3963854163767,63,63,63,63,61,63,0.254184,9004,1.9064526870154,22,-86,0.001869,51,2024-08-11 06:59:21.000729,100,1.037,0.0011,"aoml_navis",1025.68732820182
"7901009",43,0.123524701978664,1,0.257922,1,0.235494,1,152.579221903568,1,4.87458144218653,102,1,23.3040008544922,36.9029998779297,0.257921993732452,0.244838997721672,147.13330078125,-86.0545,22.1535,16.3963854163767,63,63,63,63,61,63,0.235494,9004,1.9064526870154,22,-86,0.001869,51,2024-08-11 06:59:21.000729,102,1.037,0.0011,"aoml_navis",1025.72909270282
"7901009",43,0.117642573313013,1,0.246708,1,0.22428,1,152.072741058017,1,4.87432514666106,104,1,23.1420001983643,36.9000015258789,0.246708005666733,0.233624994754791,146.644897460938,-86.0545,22.1535,16.3963854163767,63,63,63,63,61,63,0.22428,9004,1.9064526870154,22,-86,0.001869,51,2024-08-11 06:59:21.000729,104,1.037,0.0011,"aoml_navis",1025.78302627699
"7901009",43,0.117642573313013,1,0.246708,1,0.22428,1,151.355237075866,1,4.87417508645627,106,1,23.0610008239746,36.898998260498,0.246708005666733,0.233624994754791,145.953002929688,-86.0545,22.1535,16.3963854163767,63,63,63,63,61,63,0.22428,9004,1.9064526870154,22,-86,0.001869,51,2024-08-11 06:59:21.000729,106,1.037,0.0011,"aoml_navis",1025.8146068436
"7901009",43,0.108819380314537,4,0.229887,1,0.207459,1,150.684491744635,1,4.87398034205613,108,1,22.9449996948242,36.8969993591309,0.229886993765831,0.216803997755051,145.306198120117,-86.0545,22.1535,16.3963854163767,63,63,63,63,61,63,0.207459,9004,1.9064526870154,22,-86,0.001869,51,2024-08-11 06:59:21.000729,108,1.037,0.0011,"aoml_navis",1025.8555942166
"7901009",43,0.105878315981712,4,0.22428,1,0.201852,1,150.025883092,1,4.87378195732884,110,1,22.826000213623,36.8950004577637,0.224279999732971,0.211197003722191,144.671096801758,-86.0545,22.1535,16.3963854163767,63,63,63,63,61,63,0.201852,9004,1.9064526870154,22,-86,0.001869,51,2024-08-11 06:59:21.000729,110,1.037,0.0011,"aoml_navis",1025.89735112819
"7901009",43,0.112740799424971,1,0.237363,1,0.214935,1,149.376293874568,1,4.87366314917321,112,1,22.7670001983643,36.8940010070801,0.237362995743752,0.224279999732971,144.044692993164,-86.0545,22.1535,16.3963854163767,63,63,63,63,61,63,0.214935,9004,1.9064526870154,22,-86,0.001869,51,2024-08-11 06:59:21.000729,112,1.037,0.0011,"aoml_navis",1025.92236003184
"7901009",43,0.111760444647362,1,0.235494,1,0.213066,1,148.329327330395,1,4.87354428269905,114,1,22.7000007629395,36.8899993896484,0.235494002699852,0.222411006689072,143.035095214844,-86.0545,22.1535,16.3963854163767,63,63,63,63,61,63,0.213066,9004,1.9064526870154,22,-86,0.001869,51,2024-08-11 06:59:21.000729,114,1.037,0.0011,"aoml_navis",1025.94738243169
"7901009",43,0.0960747682056273,1,0.20559,1,0.183162,1,147.247628048907,1,4.87324258418913,116,1,22.4890003204346,36.8819999694824,0.20558999478817,0.19250699877739,141.992004394531,-86.0545,22.1535,16.3963854163767,63,63,63,63,61,63,0.183162,9004,1.9064526870154,22,-86,0.001869,51,2024-08-11 06:59:21.000729,116,1.037,0.0011,"aoml_navis",1026.01089800498
"7901009",43,0.0833301560967176,4,0.181293,1,0.158865,1,146.90996887735,1,4.87283532169047,118,1,22.2150001525879,36.8800010681152,0.181292995810509,0.168209999799728,141.666397094727,-86.0545,22.1535,16.3963854163767,63,63,63,63,61,63,0.158865,9004,1.9064526870154,22,-86,0.001869,51,2024-08-11 06:59:21.000729,118,1.037,0.0011,"aoml_navis",1026.0966500845
"7901009",43,0.0862712204295429,1,0.1869,1,0.164472,1,146.639211761997,1,4.87271962483154,120,1,22.1439990997314,36.8740005493164,0.18690000474453,0.173816993832588,141.405303955078,-86.0545,22.1535,16.3963854163767,63,63,63,63,61,63,0.164472,9004,1.9064526870154,22,-86,0.001869,51,2024-08-11 06:59:21.000729,120,1.037,0.0011,"aoml_navis",1026.12101351365
"7901009",43,0.0774480274310669,1,0.170079,1,0.147651,1,146.249287336976,1,4.87260053944574,122,1,22.048999786377,36.8600006103516,0.170078992843628,0.156995996832848,141.029296875,-86.0545,22.1535,16.3963854163767,63,63,63,63,61,63,0.147651,9004,1.9064526870154,22,-86,0.001869,51,2024-08-11 06:59:21.000729,122,1.037,0.0011,"aoml_navis",1026.14609170666
"7901009",43,0.0725462535430247,1,0.160734,1,0.138306,1,145.803885473674,1,4.87245389658123,124,1,21.9440002441406,36.8499984741211,0.160733997821808,0.147651001811028,140.599792480469,-86.0545,22.1535,16.3963854163767,63,63,63,63,61,63,0.138306,9004,1.9064526870154,22,-86,0.001869,51,2024-08-11 06:59:21.000729,124,1.037,0.0011,"aoml_navis",1026.17697491366
"7901009",43,0.0686248344325909,1,0.153258,1,0.13083,1,144.80638341098,1,4.87235710874228,126,1,21.8570003509521,36.8330001831055,0.153257995843887,0.140174999833107,139.637893676758,-86.0545,22.1535,16.3963854163767,63,63,63,63,61,63,0.13083,9004,1.9064526870154,22,-86,0.001869,51,2024-08-11 06:59:21.000729,126,1.037,0.0011,"aoml_navis",1026.19735959597
"7901009",43,0.0568605771012896,1,0.13083,1,0.108402,1,144.4927918902,1,4.87188386071522,128,1,21.42799949646,36.7939987182617,0.130830004811287,0.117747001349926,139.335494995117,-86.0545,22.1535,16.3963854163767,63,63,63,63,61,63,0.108402,9004,1.9064526870154,22,-86,0.001869,51,2024-08-11 06:59:21.000729,128,1.037,0.0011,"aoml_navis",1026.29704298123
"7901009",43,0.0470570293252052,1,0.11214,1,0.089712,1,143.592873786971,1,4.87164080038388,130,1,21.2290000915527,36.7770004272461,0.112139999866486,0.0990569964051247,138.467697143555,-86.0545,22.1535,16.3963854163767,63,63,63,63,61,63,0.089712,9004,1.9064526870154,22,-86,0.001869,51,2024-08-11 06:59:21.000729,130,1.037,0.0011,"aoml_navis",1026.34824792624
"7901009",43,0.033332062438687,1,0.085974,1,0.063546,1,143.137423956382,1,4.87124071447747,132,1,20.9309997558594,36.7680015563965,0.0859740003943443,0.0728909969329834,138.028503417969,-86.0545,22.1535,16.3963854163767,63,63,63,63,61,63,0.063546,9004,1.9064526870154,22,-86,0.001869,51,2024-08-11 06:59:21.000729,132,1.037,0.0011,"aoml_navis",1026.4325442058
"7901009",43,0.0147053216641266,1,0.050463,1,0.028035,1,143.640787558538,1,4.87069736909979,134,1,20.5,36.7519989013672,0.0504629984498024,0.0373799987137318,138.513900756836,-86.0545,22.1535,16.3963854163767,63,63,63,63,61,63,0.028035,9004,1.9064526870154,22,-86,0.001869,51,2024-08-11 06:59:21.000729,134,1.037,0.0011,"aoml_navis",1026.54704677825
"7901009",43,0.00882319299847598,1,0.039249,1,0.016821,1,144.178994663003,1,4.87038417675501,136,1,20.2350006103516,36.7330017089844,0.0392489992082119,0.0261659994721413,139.032897949219,-86.0545,22.1535,16.3963854163767,63,63,63,63,61,63,0.016821,9004,1.9064526870154,22,-86,0.001869,51,2024-08-11 06:59:21.000729,136,1.037,0.0011,"aoml_navis",1026.61305936883
"7901009",43,0.00686248344325909,1,0.035511,1,0.013083,1,145.062836018574,1,4.87007987268671,138,1,19.9519996643066,36.7060012817383,0.0355109982192516,0.0224280003458261,139.885192871094,-86.0545,22.1535,16.3963854163767,63,63,63,63,61,63,0.013083,9004,1.9064526870154,22,-86,0.001869,51,2024-08-11 06:59:21.000729,138,1.037,0.0011,"aoml_navis",1026.67720668031
"7901009",43,0.00686248344325909,1,0.035511,1,0.013083,1,145.912055401823,1,4.86990122136441,140,1,19.7919998168945,36.6879997253418,0.0355109982192516,0.0224280003458261,140.7041015625,-86.0545,22.1535,16.3963854163767,63,63,63,63,61,63,0.013083,9004,1.9064526870154,22,-86,0.001869,51,2024-08-11 06:59:21.000729,140,1.037,0.0011,"aoml_navis",1026.71487012197
"7901009",43,0.00686248344325909,1,0.035511,1,0.013083,1,146.946790325975,1,4.86977370491251,142,1,19.6919994354248,36.6769981384277,0.0355109982192516,0.0224280003458261,141.701904296875,-86.0545,22.1535,16.3963854163767,63,63,63,63,61,63,0.013083,9004,1.9064526870154,22,-86,0.001869,51,2024-08-11 06:59:21.000729,142,1.037,0.0011,"aoml_navis",1026.7417549518
"7901009",43,0.00392141911043377,1,0.029904,1,0.007476,1,148.151486221199,1,4.86967130229607,144,1,19.628999710083,36.6720008850098,0.0299040004611015,0.0168210007250309,142.86360168457,-86.0545,22.1535,16.3963854163767,63,63,63,63,61,63,0.007476,9004,1.9064526870154,22,-86,0.001869,51,2024-08-11 06:59:21.000729,144,1.037,0.0011,"aoml_navis",1026.76334594544
"7901009",43,-0.000980354777608442,1,0.020559,1,-0.001869,1,148.967207105634,1,4.8695788098897,146,1,19.568000793457,36.6650009155273,0.020558999851346,0.00747600011527538,143.650207519531,-86.0545,22.1535,16.3963854163767,63,63,63,63,61,63,-0.001869,9004,1.9064526870154,22,-86,0.001869,51,2024-08-11 06:59:21.000729,146,1.037,0.0011,"aoml_navis",1026.78284820967
"7901009",43,-0.00196070955521688,1,0.01869,1,-0.003738,1,149.467358522973,1,4.86937443859209,148,1,19.3680000305176,36.640998840332,0.0186899993568659,0.00560700008645654,144.132507324219,-86.0545,22.1535,16.3963854163767,63,63,63,63,61,63,-0.003738,9004,1.9064526870154,22,-86,0.001869,51,2024-08-11 06:59:21.000729,148,1.037,0.0011,"aoml_navis",1026.82594305598
"7901009",43,-0.00294106433282533,1,0.016821,1,-0.005607,1,149.429287012276,1,4.86920243708694,150,1,19.1870002746582,36.6150016784668,0.0168210007250309,0.00373800005763769,144.095794677734,-86.0545,22.1535,16.3963854163767,63,63,63,63,61,63,-0.005607,9004,1.9064526870154,22,-86,0.001869,51,2024-08-11 06:59:21.000729,150,1.037,0.0011,"aoml_navis",1026.86221503481
"7901009",43,0,1,0.020559,1,-0.001869,1,149.703066429601,1,4.86910407089774,152,1,19.0939998626709,36.5989990234375,0.020558999851346,0,144.359802246094,-86.0545,22.1535,16.3963854163767,63,63,63,63,61,63,0,9004,1.9064526870154,22,-86,0.001869,51,2024-08-11 06:59:21.000729,152,1.037,0.0011,"aoml_navis",1026.88295982101
"7901009",43,0,1,0.016821,1,-0.005607,1,149.735204101349,1,4.86905023945418,154,1,19.0779991149902,36.5970001220703,0.0168210007250309,0,144.39079284668,-86.0545,22.1535,16.3963854163767,63,63,63,63,61,63,0,9004,1.9064526870154,22,-86,0.001869,51,2024-08-11 06:59:21.000729,154,1.037,0.0011,"aoml_navis",1026.89431287538
"7901009",43,0,1,0.014952,1,-0.007476,1,149.786440822727,1,4.86900505743346,156,1,19.0690002441406,36.5950012207031,0.0149520002305508,0,144.440200805664,-86.0545,22.1535,16.3963854163767,63,63,63,63,61,63,0,9004,1.9064526870154,22,-86,0.001869,51,2024-08-11 06:59:21.000729,156,1.037,0.0011,"aoml_navis",1026.90384195978
"7901009",43,0,1,0.020559,1,-0.001869,1,149.863596552636,1,4.86895125469868,158,1,19.05299949646,36.5929985046387,0.020558999851346,0,144.514602661133,-86.0545,22.1535,16.3963854163767,63,63,63,63,61,63,0,9004,1.9064526870154,22,-86,0.001869,51,2024-08-11 06:59:21.000729,158,1.037,0.0011,"aoml_navis",1026.9151894209
"7901009",43,0,1,0.016821,1,-0.005607,1,149.38977555666,1,4.86888489120059,160,1,19.0179996490479,36.5880012512207,0.0168210007250309,0,144.057693481445,-86.0545,22.1535,16.3963854163767,63,63,63,63,61,63,0,9004,1.9064526870154,22,-86,0.001869,51,2024-08-11 06:59:21.000729,160,1.037,0.0011,"aoml_navis",1026.92918640085
"7901009",43,0,1,0.01869,1,-0.003738,1,148.426911289859,1,4.86879811711089,162,1,18.9309997558594,36.5709991455078,0.0186899993568659,0,143.129196166992,-86.0545,22.1535,16.3963854163767,63,63,63,63,61,63,0,9004,1.9064526870154,22,-86,0.001869,51,2024-08-11 06:59:21.000729,162,1.037,0.0011,"aoml_navis",1026.94748883262
"7901009",43,0,1,0.020559,1,-0.001869,1,147.516106570104,1,4.86862518559365,164,1,18.7140007019043,36.5340003967285,0.020558999851346,0,142.250900268555,-86.0545,22.1535,16.3963854163767,63,63,63,63,61,63,0,9004,1.9064526870154,22,-86,0.001869,51,2024-08-11 06:59:21.000729,164,1.037,0.0011,"aoml_navis",1026.98396557515
"7901009",43,0,1,0.024297,1,0.001869,1,147.62956157081,1,4.868453017936,166,1,18.5049991607666,36.5,0.0242970008403063,0,142.360305786133,-86.0545,22.1535,16.3963854163767,63,63,63,63,61,63,0,9004,1.9064526870154,22,-86,0.001869,51,2024-08-11 06:59:21.000729,166,1.037,0.0011,"aoml_navis",1027.02028376968
"7901009",43,0,1,0.01869,1,-0.003738,1,147.678709580879,1,4.86835717201651,168,1,18.423999786377,36.4879989624023,0.0186899993568659,0,142.407699584961,-86.0545,22.1535,16.3963854163767,63,63,63,63,61,63,0,9004,1.9064526870154,22,-86,0.001869,51,2024-08-11 06:59:21.000729,168,1.037,0.0011,"aoml_navis",1027.04050326056
"7901009",43,0,1,0.020559,1,-0.001869,1,147.677158870967,1,4.86826281092085,170,1,18.3379993438721,36.4739990234375,0.020558999851346,0,142.406204223633,-86.0545,22.1535,16.3963854163767,63,63,63,63,61,63,0,9004,1.9064526870154,22,-86,0.001869,51,2024-08-11 06:59:21.000729,170,1.037,0.0011,"aoml_navis",1027.0604102933
"7901009",43,0,1,0.014952,1,-0.007476,1,146.9528982242,1,4.86816034187831,172,1,18.2450008392334,36.4599990844727,0.0149520002305508,0,141.707794189453,-86.0545,22.1535,16.3963854163767,63,63,63,63,61,63,0,9004,1.9064526870154,22,-86,0.001869,51,2024-08-11 06:59:21.000729,172,1.037,0.0011,"aoml_navis",1027.08202870549
"7901009",43,0,1,0.016821,1,-0.005607,1,145.81032566688,1,4.86802288088148,174,1,18.0830001831055,36.4329986572266,0.0168210007250309,0,140.606002807617,-86.0545,22.1535,16.3963854163767,63,63,63,63,61,63,0,9004,1.9064526870154,22,-86,0.001869,51,2024-08-11 06:59:21.000729,174,1.037,0.0011,"aoml_navis",1027.11103097663
"7901009",43,0,1,0.01869,1,-0.003738,1,145.238620063601,1,4.86791264235999,176,1,17.943000793457,36.4059982299805,0.0186899993568659,0,140.054702758789,-86.0545,22.1535,16.3963854163767,63,63,63,63,61,63,0,9004,1.9064526870154,22,-86,0.001869,51,2024-08-11 06:59:21.000729,176,1.037,0.0011,"aoml_navis",1027.13429088489
"7901009",43,0,1,0.024297,1,0.001869,1,145.050604398553,1,4.86784805215746,178,1,17.8959999084473,36.3969993591309,0.0242970008403063,0,139.873397827148,-86.0545,22.1535,16.3963854163767,63,63,63,63,61,63,0,9004,1.9064526870154,22,-86,0.001869,51,2024-08-11 06:59:21.000729,178,1.037,0.0011,"aoml_navis",1027.14791966113
"7901009",43,0,1,0.01869,1,-0.003738,1,144.954586972572,1,4.86780200766089,180,1,17.8859996795654,36.3950004577637,0.0186899993568659,0,139.780807495117,-86.0545,22.1535,16.3963854163767,63,63,63,63,61,63,0,9004,1.9064526870154,22,-86,0.001869,51,2024-08-11 06:59:21.000729,180,1.037,0.0011,"aoml_navis",1027.1576354443
"7901009",43,0,1,0.022428,1,0,1,144.828172467601,1,4.86775827188602,182,1,17.8810005187988,36.3940010070801,0.0224280003458261,0,139.658905029297,-86.0545,22.1535,16.3963854163767,63,63,63,63,61,63,0,9004,1.9064526870154,22,-86,0.001869,51,2024-08-11 06:59:21.000729,182,1.037,0.0011,"aoml_navis",1027.16686423764
"7901009",43,0,1,0.022428,1,0,1,144.67313312354,1,4.86771224795702,184,1,17.871000289917,36.3919982910156,0.0224280003458261,0,139.509399414062,-86.0545,22.1535,16.3963854163767,63,63,63,63,61,63,0,9004,1.9064526870154,22,-86,0.001869,51,2024-08-11 06:59:21.000729,184,1.037,0.0011,"aoml_navis",1027.17657603908
"7901009",43,0,1,0.016821,1,-0.005607,1,144.454214025246,1,4.86764747079344,186,1,17.8360004425049,36.3870010375977,0.0168210007250309,0,139.298294067383,-86.0545,22.1535,16.3963854163767,63,63,63,63,61,63,0,9004,1.9064526870154,22,-86,0.001869,51,2024-08-11 06:59:21.000729,186,1.037,0.0011,"aoml_navis",1027.19024539075
"7901009",43,0,1,0.020559,1,-0.001869,1,144.076442102393,1,4.86759458649783,188,1,17.8110008239746,36.3819999694824,0.020558999851346,0,138.934005737305,-86.0545,22.1535,16.3963854163767,63,63,63,63,61,63,0,9004,1.9064526870154,22,-86,0.001869,51,2024-08-11 06:59:21.000729,188,1.037,0.0011,"aoml_navis",1027.20140536549
"7901009",43,0,1,0.016821,1,-0.005607,1,143.677387477176,1,4.8675475594008,190,1,17.7940006256104,36.3779983520508,0.0168210007250309,0,138.549194335938,-86.0545,22.1535,16.3963854163767,63,63,63,63,61,63,0,9004,1.9064526870154,22,-86,0.001869,51,2024-08-11 06:59:21.000729,190,1.037,0.0011,"aoml_navis",1027.21132952125
"7901009",43,0,1,0.020559,1,-0.001869,1,143.474339420124,1,4.8674832271035,192,1,17.7469997406006,36.3689994812012,0.020558999851346,0,138.353393554688,-86.0545,22.1535,16.3963854163767,63,63,63,63,61,63,0,9004,1.9064526870154,22,-86,0.001869,51,2024-08-11 06:59:21.000729,192,1.037,0.0011,"aoml_navis",1027.22490591413
"7901009",43,0,1,0.01869,1,-0.003738,1,143.285928165813,1,4.86742343243401,194,1,17.7129993438721,36.3629989624023,0.0186899993568659,0,138.17170715332,-86.0545,22.1535,16.3963854163767,63,63,63,63,61,63,0,9004,1.9064526870154,22,-86,0.001869,51,2024-08-11 06:59:21.000729,194,1.037,0.0011,"aoml_navis",1027.23752502866
"7901009",43,0,1,0.016821,1,-0.005607,1,143.118435671745,1,4.86734874474308,196,1,17.6539993286133,36.3530006408691,0.0168210007250309,0,138.010192871094,-86.0545,22.1535,16.3963854163767,63,63,63,63,61,63,0,9004,1.9064526870154,22,-86,0.001869,51,2024-08-11 06:59:21.000729,196,1.037,0.0011,"aoml_navis",1027.25328761375
"7901009",43,0,1,0.01869,1,-0.003738,1,143.098434678594,1,4.86723695583241,198,1,17.5540008544922,36.3400001525879,0.0186899993568659,0,137.990905761719,-86.0545,22.1535,16.3963854163767,63,63,63,63,61,63,0,9004,1.9064526870154,22,-86,0.001869,51,2024-08-11 06:59:21.000729,198,1.037,0.0011,"aoml_navis",1027.27688118995
"7901009",43,0,1,0.020559,1,-0.001869,1,142.96330138626,1,4.86718444400888,200,1,17.5259990692139,36.3339996337891,0.020558999851346,0,137.860595703125,-86.0545,22.1535,16.3963854163767,63,63,63,63,61,63,0,9004,1.9064526870154,22,-86,0.001869,51,2024-08-11 06:59:21.000729,200,1.037,0.0011,"aoml_navis",1027.2879644318
"7901009",43,0,1,0.01869,1,-0.003738,1,142.56446829103,1,4.86713406549956,202,1,17.5060005187988,36.3300018310547,0.0186899993568659,0,137.475997924805,-86.0545,22.1535,16.3963854163767,63,63,63,63,61,63,0,9004,1.9064526870154,22,-86,0.001869,51,2024-08-11 06:59:21.000729,202,1.037,0.0011,"aoml_navis",1027.29859763721
"7901009",43,0,1,0.016821,1,-0.005607,1,142.311955752499,1,4.86704271080945,204,1,17.4230003356934,36.3170013427734,0.0168210007250309,0,137.232498168945,-86.0545,22.1535,16.3963854163767,63,63,63,63,61,63,0,9004,1.9064526870154,22,-86,0.001869,51,2024-08-11 06:59:21.000729,204,1.037,0.0011,"aoml_navis",1027.31788009488
"7901009",43,0,1,0.022428,1,0,1,142.111391996021,1,4.86695293302524,206,1,17.3379993438721,36.3030014038086,0.0224280003458261,0,137.039093017578,-86.0545,22.1535,16.3963854163767,63,63,63,63,61,63,0,9004,1.9064526870154,22,-86,0.001869,51,2024-08-11 06:59:21.000729,206,1.037,0.0011,"aoml_navis",1027.33683041641
"7901009",43,0,1,0.01869,1,-0.003738,1,141.757355428964,1,4.86687652828979,208,1,17.2830009460449,36.2949981689453,0.0186899993568659,0,136.697692871094,-86.0545,22.1535,16.3963854163767,63,63,63,63,61,63,0,9004,1.9064526870154,22,-86,0.001869,51,2024-08-11 06:59:21.000729,208,1.037,0.0011,"aoml_navis",1027.3529585015
"7901009",43,0,1,0.022428,1,0,1,141.397938847927,1,4.86680168325637,210,1,17.2229995727539,36.2849998474121,0.0224280003458261,0,136.351104736328,-86.0545,22.1535,16.3963854163767,63,63,63,63,61,63,0,9004,1.9064526870154,22,-86,0.001869,51,2024-08-11 06:59:21.000729,210,1.037,0.0011,"aoml_navis",1027.36875784396
"7901009",43,0,1,0.020559,1,-0.001869,1,141.063191213347,1,4.86672715425083,212,1,17.1599998474121,36.273998260498,0.020558999851346,0,136.028305053711,-86.0545,22.1535,16.3963854163767,63,63,63,63,61,63,0,9004,1.9064526870154,22,-86,0.001869,51,2024-08-11 06:59:21.000729,212,1.037,0.0011,"aoml_navis",1027.3844909577
"7901009",43,0,4,0.013083,1,-0.009345,1,141.050532356922,1,4.86662345167281,214,1,17.0590000152588,36.2589988708496,0.0130829997360706,0,136.016098022461,-86.0545,22.1535,16.3963854163767,63,63,63,63,61,63,0,9004,1.9064526870154,22,-86,0.001869,51,2024-08-11 06:59:21.000729,214,1.037,0.0011,"aoml_navis",1027.40638343025
"7901009",43,0,1,0.024297,1,0.001869,1,140.991526262413,1,4.86656225646936,216,1,17.0230007171631,36.2529983520508,0.0242970008403063,0,135.959197998047,-86.0545,22.1535,16.3963854163767,63,63,63,63,61,63,0,9004,1.9064526870154,22,-86,0.001869,51,2024-08-11 06:59:21.000729,216,1.037,0.0011,"aoml_navis",1027.41930268194
"7901009",43,0,1,0.020559,1,-0.001869,1,140.813890859633,1,4.86651764941071,218,1,17.0139999389648,36.2509994506836,0.020558999851346,0,135.787902832031,-86.0545,22.1535,16.3963854163767,63,63,63,63,61,63,0,9004,1.9064526870154,22,-86,0.001869,51,2024-08-11 06:59:21.000729,218,1.037,0.0011,"aoml_navis",1027.42872012505
"7901009",43,0,4,0.014952,1,-0.007476,1,140.732890002086,1,4.86646056276718,220,1,16.9909992218018,36.2480010986328,0.0149520002305508,0,135.70979309082,-86.0545,22.1535,16.3963854163767,63,63,63,63,61,63,0,9004,1.9064526870154,22,-86,0.001869,51,2024-08-11 06:59:21.000729,220,1.037,0.0011,"aoml_navis",1027.44077251021
"7901009",43,0,1,0.01869,1,-0.003738,1,140.654294327259,1,4.86641404183147,222,1,16.9740009307861,36.2439994812012,0.0186899993568659,0,135.634002685547,-86.0545,22.1535,16.3963854163767,63,63,63,63,61,63,0,9004,1.9064526870154,22,-86,0.001869,51,2024-08-11 06:59:21.000729,222,1.037,0.0011,"aoml_navis",1027.45059442543
"7901009",43,0,1,0.020559,1,-0.001869,1,140.565001918754,1,4.86636577666923,223.899993896484,1,16.9599990844727,36.242000579834,0.020558999851346,0,135.547897338867,-86.0545,22.1535,16.3963854163767,63,63,63,63,61,63,0,9004,1.9064526870154,22,-86,0.001869,51,2024-08-11 06:59:21.000729,223.899993896484,1.037,0.0011,"aoml_navis",1027.4607847958
"7901009",43,0,1,0.024297,1,0.001869,1,140.370878355482,1,4.86632008478497,226,1,16.9549999237061,36.2410011291504,0.0242970008403063,0,135.360702514648,-86.0545,22.1535,16.3963854163767,63,63,63,63,61,63,0,9004,1.9064526870154,22,-86,0.001869,51,2024-08-11 06:59:21.000729,226,1.037,0.0011,"aoml_navis",1027.47043204844
"7901009",43,0,1,0.022428,1,0,1,140.187942056575,1,4.86627091905048,228,1,16.9419994354248,36.2389984130859,0.0224280003458261,0,135.184295654297,-86.0545,22.1535,16.3963854163767,63,63,63,63,61,63,0,9004,1.9064526870154,22,-86,0.001869,51,2024-08-11 06:59:21.000729,228,1.037,0.0011,"aoml_navis",1027.48081296214
"7901009",43,0,1,0.020559,1,-0.001869,1,140.058631838197,1,4.86621350545762,230,1,16.9060001373291,36.2319984436035,0.020558999851346,0,135.059600830078,-86.0545,22.1535,16.3963854163767,63,63,63,63,61,63,0,9004,1.9064526870154,22,-86,0.001869,51,2024-08-11 06:59:21.000729,230,1.037,0.0011,"aoml_navis",1027.49293560431
"7901009",43,0,1,0.014952,1,-0.007476,1,139.872277648055,1,4.86615899296833,232,1,16.8819999694824,36.2280006408691,0.0149520002305508,0,134.879898071289,-86.0545,22.1535,16.3963854163767,63,63,63,63,61,63,0,9004,1.9064526870154,22,-86,0.001869,51,2024-08-11 06:59:21.000729,232,1.037,0.0011,"aoml_navis",1027.50444595523
"7901009",43,0,1,0.01869,1,-0.003738,1,139.626189479159,1,4.86610680805378,234,1,16.8600006103516,36.2239990234375,0.0186899993568659,0,134.642593383789,-86.0545,22.1535,16.3963854163767,63,63,63,63,61,63,0,9004,1.9064526870154,22,-86,0.001869,51,2024-08-11 06:59:21.000729,234,1.037,0.0011,"aoml_navis",1027.5154650787
"7901009",43,0,1,0.01869,1,-0.003738,1,139.430404440981,1,4.86603826104653,236,1,16.8110008239746,36.2159996032715,0.0186899993568659,0,134.453796386719,-86.0545,22.1535,16.3963854163767,63,63,63,63,61,63,0,9004,1.9064526870154,22,-86,0.001869,51,2024-08-11 06:59:21.000729,236,1.037,0.0011,"aoml_navis",1027.52993950456
"7901009",43,0,1,0.016821,1,-0.005607,1,139.221454192122,1,4.86597282460841,238,1,16.7709999084473,36.2099990844727,0.0168210007250309,0,134.252304077148,-86.0545,22.1535,16.3963854163767,63,63,63,63,61,63,0,9004,1.9064526870154,22,-86,0.001869,51,2024-08-11 06:59:21.000729,238,1.037,0.0011,"aoml_navis",1027.5437574813
"7901009",43,0,1,0.020559,1,-0.001869,1,139.036033592641,1,4.86590693880821,240,1,16.7210006713867,36.201000213623,0.020558999851346,0,134.073501586914,-86.0545,22.1535,16.3963854163767,63,63,63,63,61,63,0,9004,1.9064526870154,22,-86,0.001869,51,2024-08-11 06:59:21.000729,240,1.037,0.0011,"aoml_navis",1027.55767072369
"7901009",43,0,1,0.026166,1,0.003738,1,139.005541572228,1,4.86581246388491,242,1,16.632999420166,36.1879997253418,0.0261659994721413,0,134.044097900391,-86.0545,22.1535,16.3963854163767,63,63,63,63,61,63,0,9004,1.9064526870154,22,-86,0.001869,51,2024-08-11 06:59:21.000729,242,1.037,0.0011,"aoml_navis",1027.57762184857
"7901009",43,0,1,0.022428,1,0,1,139.101163408946,1,4.86573573723457,244,1,16.5699996948242,36.1780014038086,0.0224280003458261,0,134.136306762695,-86.0545,22.1535,16.3963854163767,63,63,63,63,61,63,0,9004,1.9064526870154,22,-86,0.001869,51,2024-08-11 06:59:21.000729,244,1.037,0.0011,"aoml_navis",1027.59382548008
"7901009",43,0,1,0.024297,1,0.001869,1,139.003785155899,1,4.86568764950479,246,1,16.5610008239746,36.1769981384277,0.0242970008403063,0,134.042404174805,-86.0545,22.1535,16.3963854163767,63,63,63,63,61,63,0,9004,1.9064526870154,22,-86,0.001869,51,2024-08-11 06:59:21.000729,246,1.037,0.0011,"aoml_navis",1027.60398121916
"7901009",43,0,1,0.01869,1,-0.003738,1,138.85029652175,1,4.86563864726889,248,1,16.5480003356934,36.1749992370605,0.0186899993568659,0,133.894393920898,-86.0545,22.1535,16.3963854163767,63,63,63,63,61,63,0,9004,1.9064526870154,22,-86,0.001869,51,2024-08-11 06:59:21.000729,248,1.037,0.0011,"aoml_navis",1027.61433030102
"7901009",43,0,1,0.020559,1,-0.001869,1,138.881105013574,1,4.86558535323992,250,1,16.5279998779297,36.1720008850098,0.020558999851346,0,133.924102783203,-86.0545,22.1535,16.3963854163767,63,63,63,63,61,63,0,9004,1.9064526870154,22,-86,0.001869,51,2024-08-11 06:59:21.000729,250,1.037,0.0011,"aoml_navis",1027.62558602956
"7901009",43,0,1,0.016821,1,-0.005607,1,138.78352105411,1,4.86554066169473,252,1,16.5219993591309,36.1710014343262,0.0168210007250309,0,133.830001831055,-86.0545,22.1535,16.3963854163767,63,63,63,63,61,63,0,9004,1.9064526870154,22,-86,0.001869,51,2024-08-11 06:59:21.000729,252,1.037,0.0011,"aoml_navis",1027.63502509882
"7901009",43,0,1,0.020559,1,-0.001869,1,138.578194402902,1,4.86549306087218,254,1,16.5069999694824,36.1679992675781,0.020558999851346,0,133.63200378418,-86.0545,22.1535,16.3963854163767,63,63,63,63,61,63,0,9004,1.9064526870154,22,-86,0.001869,51,2024-08-11 06:59:21.000729,254,1.037,0.0011,"aoml_navis",1027.64507881216
"7901009",43,0,1,0.01869,1,-0.003738,1,138.181434195412,1,4.86543890350084,256,1,16.4829998016357,36.1640014648438,0.0186899993568659,0,133.249404907227,-86.0545,22.1535,16.3963854163767,63,63,63,63,61,63,0,9004,1.9064526870154,22,-86,0.001869,51,2024-08-11 06:59:21.000729,256,1.037,0.0011,"aoml_navis",1027.65651756563
"7901009",43,0,1,0.016821,1,-0.005607,1,137.526971318256,1,4.8653830050053,258,1,16.451000213623,36.1580009460449,0.0168210007250309,0,132.618301391602,-86.0545,22.1535,16.3963854163767,63,63,63,63,61,63,0,9004,1.9064526870154,22,-86,0.001869,51,2024-08-11 06:59:21.000729,258,1.037,0.0011,"aoml_navis",1027.66832433463
"7901009",43,0,1,0.020559,1,-0.001869,1,137.047248130473,1,4.86531861307986,260,1,16.4050006866455,36.1500015258789,0.020558999851346,0,132.155700683594,-86.0545,22.1535,16.3963854163767,63,63,63,63,61,63,0,9004,1.9064526870154,22,-86,0.001869,51,2024-08-11 06:59:21.000729,260,1.037,0.0011,"aoml_navis",1027.68192540527
"7901009",43,0,1,0.01869,1,-0.003738,1,136.647070031748,1,4.86526401045234,261.899993896484,1,16.3689994812012,36.1430015563965,0.0186899993568659,0,131.769805908203,-86.0545,22.1535,16.3963854163767,63,63,63,63,61,63,0,9004,1.9064526870154,22,-86,0.001869,51,2024-08-11 06:59:21.000729,261.899993896484,1.037,0.0011,"aoml_navis",1027.69345903084
"7901009",43,0,1,0.016821,1,-0.005607,1,136.436442484412,1,4.86520332572654,264,1,16.3279991149902,36.1349983215332,0.0168210007250309,0,131.566696166992,-86.0545,22.1535,16.3963854163767,63,63,63,63,61,63,0,9004,1.9064526870154,22,-86,0.001869,51,2024-08-11 06:59:21.000729,264,1.037,0.0011,"aoml_navis",1027.70627767203
"7901009",43,0,1,0.01869,1,-0.003738,1,136.112486524934,1,4.86512931457605,266,1,16.2700004577637,36.1259994506836,0.0186899993568659,0,131.254302978516,-86.0545,22.1535,16.3963854163767,63,63,63,63,61,63,0,9004,1.9064526870154,22,-86,0.001869,51,2024-08-11 06:59:21.000729,266,1.037,0.0011,"aoml_navis",1027.72191173211
"7901009",43,0,1,0.024297,1,0.001869,1,136.228220119797,1,4.86502632149219,268,1,16.1599998474121,36.109001159668,0.0242970008403063,0,131.365905761719,-86.0545,22.1535,16.3963854163767,63,63,63,63,61,63,0,9004,1.9064526870154,22,-86,0.001869,51,2024-08-11 06:59:21.000729,268,1.037,0.0011,"aoml_navis",1027.74366870566
"7901009",43,0,1,0.022428,1,0,1,136.128863920434,1,4.86495241604462,270,1,16.1049995422363,36.101001739502,0.0224280003458261,0,131.270095825195,-86.0545,22.1535,16.3963854163767,63,63,63,63,61,63,0,9004,1.9064526870154,22,-86,0.001869,51,2024-08-11 06:59:21.000729,270,1.037,0.0011,"aoml_navis",1027.75928157283
"7901009",43,0,1,0.020559,1,-0.001869,1,135.863186171221,1,4.86487203227419,272,1,16.0310001373291,36.0890007019043,0.020558999851346,0,131.013900756836,-86.0545,22.1535,16.3963854163767,63,63,63,63,61,63,0,9004,1.9064526870154,22,-86,0.001869,51,2024-08-11 06:59:21.000729,272,1.037,0.0011,"aoml_navis",1027.77626355418
"7901009",43,0,1,0.020559,1,-0.001869,1,135.764462914679,1,4.86478995785747,274,1,15.9519996643066,36.076000213623,0.020558999851346,0,130.918701171875,-86.0545,22.1535,16.3963854163767,63,63,63,63,61,63,0,9004,1.9064526870154,22,-86,0.001869,51,2024-08-11 06:59:21.000729,274,1.037,0.0011,"aoml_navis",1027.79360328274
"7901009",43,0,1,0.020559,1,-0.001869,1,135.62975685875,1,4.86473821074164,276,1,15.9329996109009,36.0730018615723,0.020558999851346,0,130.788803100586,-86.0545,22.1535,16.3963854163767,63,63,63,63,61,63,0,9004,1.9064526870154,22,-86,0.001869,51,2024-08-11 06:59:21.000729,276,1.037,0.0011,"aoml_navis",1027.80453611249
"7901009",43,0,1,0.01869,1,-0.003738,1,135.536207909772,1,4.86468126311561,278,1,15.9060001373291,36.0690002441406,0.0186899993568659,0,130.698593139648,-86.0545,22.1535,16.3963854163767,63,63,63,63,61,63,0,9004,1.9064526870154,22,-86,0.001869,51,2024-08-11 06:59:21.000729,278,1.037,0.0011,"aoml_navis",1027.81656794462
"7901009",43,0,1,0.022428,1,0,1,135.409287050544,1,4.86463809189764,280,1,15.8979997634888,36.0670013427734,0.0224280003458261,0,130.576202392578,-86.0545,22.1535,16.3963854163767,63,63,63,63,61,63,0,9004,1.9064526870154,22,-86,0.001869,51,2024-08-11 06:59:21.000729,280,1.037,0.0011,"aoml_navis",1027.82568930006
"7901009",43,0,1,0.01869,1,-0.003738,1,135.305690134279,1,4.86459604510928,282,1,15.8909997940063,36.064998626709,0.0186899993568659,0,130.476303100586,-86.0545,22.1535,16.3963854163767,63,63,63,63,61,63,0,9004,1.9064526870154,22,-86,0.001869,51,2024-08-11 06:59:21.000729,282,1.037,0.0011,"aoml_navis",1027.83457323797
"7901009",43,0,1,0.020559,1,-0.001869,1,135.235480951833,1,4.86452934949293,284,1,15.8420000076294,36.056999206543,0.020558999851346,0,130.408599853516,-86.0545,22.1535,16.3963854163767,63,63,63,63,61,63,0,9004,1.9064526870154,22,-86,0.001869,51,2024-08-11 06:59:21.000729,284,1.037,0.0011,"aoml_navis",1027.84866546672
"7901009",43,0,1,0.020559,1,-0.001869,1,135.043018863467,1,4.86445380130831,286,1,15.7749996185303,36.0460014343262,0.020558999851346,0,130.223007202148,-86.0545,22.1535,16.3963854163767,63,63,63,63,61,63,0,9004,1.9064526870154,22,-86,0.001869,51,2024-08-11 06:59:21.000729,286,1.037,0.0011,"aoml_navis",1027.86462863626
"7901009",43,0,1,0.01869,1,-0.003738,1,134.633077621724,1,4.86437033001093,288,1,15.6940002441406,36.0330009460449,0.0186899993568659,0,129.827697753906,-86.0545,22.1535,16.3963854163767,63,63,63,63,61,63,0,9004,1.9064526870154,22,-86,0.001869,51,2024-08-11 06:59:21.000729,288,1.037,0.0011,"aoml_navis",1027.88226651912
"7901009",43,0,1,0.01869,1,-0.003738,1,134.007350348653,1,4.86428673114692,290,1,15.6059999465942,36.0180015563965,0.0186899993568659,0,129.224304199219,-86.0545,22.1535,16.3963854163767,63,63,63,63,61,63,0,9004,1.9064526870154,22,-86,0.001869,51,2024-08-11 06:59:21.000729,290,1.037,0.0011,"aoml_navis",1027.89993196414
"7901009",43,0,1,0.020559,1,-0.001869,1,133.222010719637,1,4.86420964642644,292,1,15.5270004272461,36.0040016174316,0.020558999851346,0,128.466995239258,-86.0545,22.1535,16.3963854163767,63,63,63,63,61,63,0,9004,1.9064526870154,22,-86,0.001869,51,2024-08-11 06:59:21.000729,292,1.037,0.0011,"aoml_navis",1027.91622143041
"7901009",43,0,1,0.016821,1,-0.005607,1,132.638176349546,1,4.86406721747445,294,1,15.3339996337891,35.9739990234375,0.0168210007250309,0,127.903999328613,-86.0545,22.1535,16.3963854163767,63,63,63,63,61,63,0,9004,1.9064526870154,22,-86,0.001869,51,2024-08-11 06:59:21.000729,294,1.037,0.0011,"aoml_navis",1027.94632073282
"7901009",43,0,1,0.01869,1,-0.003738,1,132.231146644781,1,4.86396227690493,296,1,15.1979999542236,35.951000213623,0.0186899993568659,0,127.511497497559,-86.0545,22.1535,16.3963854163767,63,63,63,63,61,63,0,9004,1.9064526870154,22,-86,0.001869,51,2024-08-11 06:59:21.000729,296,1.037,0.0011,"aoml_navis",1027.96849879799
"7901009",43,0,1,0.01869,1,-0.003738,1,131.576375208001,1,4.8638900213036,298,1,15.128999710083,35.9389991760254,0.0186899993568659,0,126.880096435547,-86.0545,22.1535,16.3963854163767,63,63,63,63,61,63,0,9004,1.9064526870154,22,-86,0.001869,51,2024-08-11 06:59:21.000729,298,1.037,0.0011,"aoml_navis",1027.98376980159
"7901009",43,0,1,0.020559,1,-0.001869,1,130.831179977421,1,4.86381130615881,300,1,15.0469999313354,35.9249992370605,0.020558999851346,0,126.161499023438,-86.0545,22.1535,16.3963854163767,63,63,63,63,61,63,0,9004,1.9064526870154,22,-86,0.001869,51,2024-08-11 06:59:21.000729,300,1.037,0.0011,"aoml_navis",1028.00040652662
"7901009",43,0,1,0.016821,1,-0.005607,1,130.039835303389,1,4.86372947212914,302,1,14.9549999237061,35.9090003967285,0.0168210007250309,0,125.398399353027,-86.0545,22.1535,16.3963854163767,63,63,63,63,61,63,0,9004,1.9064526870154,22,-86,0.001869,51,2024-08-11 06:59:21.000729,302,1.037,0.0011,"aoml_navis",1028.01770300995
"7901009",43,0,1,0.020559,1,-0.001869,1,129.32491847502,1,4.86363447511238,304,1,14.8400001525879,35.8899993896484,0.020558999851346,0,124.708999633789,-86.0545,22.1535,16.3963854163767,63,63,63,63,61,63,0,9004,1.9064526870154,22,-86,0.001869,51,2024-08-11 06:59:21.000729,304,1.037,0.0011,"aoml_navis",1028.03778235914
"7901009",43,0,1,0.020559,1,-0.001869,1,128.352512595189,1,4.86354591146491,306,1,14.7340002059937,35.8720016479492,0.020558999851346,0,123.771301269531,-86.0545,22.1535,16.3963854163767,63,63,63,63,61,63,0,9004,1.9064526870154,22,-86,0.001869,51,2024-08-11 06:59:21.000729,306,1.037,0.0011,"aoml_navis",1028.05650260511
"7901009",43,0,1,0.01869,1,-0.003738,1,127.396903435476,1,4.8634316940977,308,1,14.5719995498657,35.8450012207031,0.0186899993568659,0,122.849800109863,-86.0545,22.1535,16.3963854163767,63,63,63,63,61,63,0,9004,1.9064526870154,22,-86,0.001869,51,2024-08-11 06:59:21.000729,308,1.037,0.0011,"aoml_navis",1028.08064644314
"7901009",43,0,1,0.022428,1,0,1,126.756650124657,1,4.86328418391102,310,1,14.3420000076294,35.8079986572266,0.0224280003458261,0,122.232398986816,-86.0545,22.1535,16.3963854163767,63,63,63,63,61,63,0,9004,1.9064526870154,22,-86,0.001869,51,2024-08-11 06:59:21.000729,310,1.037,0.0011,"aoml_navis",1028.11182956186
"7901009",43,0,1,0.020559,1,-0.001869,1,125.951206649282,1,4.86316089322816,312,1,14.164999961853,35.7799987792969,0.020558999851346,0,121.455703735352,-86.0545,22.1535,16.3963854163767,63,63,63,63,61,63,0,9004,1.9064526870154,22,-86,0.001869,51,2024-08-11 06:59:21.000729,312,1.037,0.0011,"aoml_navis",1028.13789421657
"7901009",43,0,1,0.024297,1,0.001869,1,125.655756852115,1,4.86298741535649,314,1,13.9020004272461,35.742000579834,0.0242970008403063,0,121.170799255371,-86.0545,22.1535,16.3963854163767,63,63,63,63,61,63,0,9004,1.9064526870154,22,-86,0.001869,51,2024-08-11 06:59:21.000729,314,1.037,0.0011,"aoml_navis",1028.17457108995
"7901009",43,0,1,0.01869,1,-0.003738,1,125.318414151968,1,4.86289726751625,316,1,13.7829999923706,35.7220001220703,0.0186899993568659,0,120.845497131348,-86.0545,22.1535,16.3963854163767,63,63,63,63,61,63,0,9004,1.9064526870154,22,-86,0.001869,51,2024-08-11 06:59:21.000729,316,1.037,0.0011,"aoml_navis",1028.19363127401
"7901009",43,0,1,0.01869,1,-0.003738,1,124.675265127743,1,4.86283402738505,318,1,13.7259998321533,35.7120018005371,0.0186899993568659,0,120.225303649902,-86.0545,22.1535,16.3963854163767,63,63,63,63,61,63,0,9004,1.9064526870154,22,-86,0.001869,51,2024-08-11 06:59:21.000729,318,1.037,0.0011,"aoml_navis",1028.20700271539
"7901009",43,0,1,0.022428,1,0,1,123.826053656279,1,4.8627776207954,320,1,13.6719999313354,35.701000213623,0.0224280003458261,0,119.406402587891,-86.0545,22.1535,16.3963854163767,63,63,63,63,61,63,0,9004,1.9064526870154,22,-86,0.001869,51,2024-08-11 06:59:21.000729,320,1.037,0.0011,"aoml_navis",1028.21892957181
"7901009",43,0,1,0.022428,1,0,1,122.686266047372,1,4.86270098933961,322,1,13.5579996109009,35.6790008544922,0.0224280003458261,0,118.30729675293,-86.0545,22.1535,16.3963854163767,63,63,63,63,61,63,0,9004,1.9064526870154,22,-86,0.001869,51,2024-08-11 06:59:21.000729,322,1.037,0.0011,"aoml_navis",1028.23513330583
"7901009",43,0,1,0.01869,1,-0.003738,1,121.837679606944,1,4.86257011491577,324,1,13.3269996643066,35.6399993896484,0.0186899993568659,0,117.488998413086,-86.0545,22.1535,16.3963854163767,63,63,63,63,61,63,0,9004,1.9064526870154,22,-86,0.001869,51,2024-08-11 06:59:21.000729,324,1.037,0.0011,"aoml_navis",1028.26280790536
"7901009",43,0,1,0.024297,1,0.001869,1,121.459899772306,1,4.86235909766794,326,1,12.960000038147,35.5870018005371,0.0242970008403063,0,117.124702453613,-86.0545,22.1535,16.3963854163767,63,63,63,63,61,63,0,9004,1.9064526870154,22,-86,0.001869,51,2024-08-11 06:59:21.000729,326,1.037,0.0011,"aoml_navis",1028.30743257899
"7901009",43,0,1,0.024297,1,0.001869,1,121.53798118109,1,4.86220609639081,328,1,12.6770000457764,35.5419998168945,0.0242970008403063,0,117.199996948242,-86.0545,22.1535,16.3963854163767,63,63,63,63,61,63,0,9004,1.9064526870154,22,-86,0.001869,51,2024-08-11 06:59:21.000729,328,1.037,0.0011,"aoml_navis",1028.33979080226
"7901009",43,0,1,0.026166,1,0.003738,1,121.379840417205,1,4.86212782470073,330,1,12.5749998092651,35.5250015258789,0.0261659994721413,0,117.047500610352,-86.0545,22.1535,16.3963854163767,63,63,63,63,61,63,0,9004,1.9064526870154,22,-86,0.001869,51,2024-08-11 06:59:21.000729,330,1.037,0.0011,"aoml_navis",1028.35634526078
"7901009",43,0,1,0.026166,1,0.003738,1,121.338881104886,1,4.86204191813829,332,1,12.4759998321533,35.5110015869141,0.0261659994721413,0,117.008003234863,-86.0545,22.1535,16.3963854163767,63,63,63,63,61,63,0,9004,1.9064526870154,22,-86,0.001869,51,2024-08-11 06:59:21.000729,332,1.037,0.0011,"aoml_navis",1028.37451510795
"7901009",43,0,1,0.024297,1,0.001869,1,121.312637713161,1,4.86199136150421,334,1,12.4479999542236,35.5060005187988,0.0242970008403063,0,116.982696533203,-86.0545,22.1535,16.3963854163767,63,63,63,63,61,63,0,9004,1.9064526870154,22,-86,0.001869,51,2024-08-11 06:59:21.000729,334,1.037,0.0011,"aoml_navis",1028.38520849471
"7901009",43,0,1,0.026166,1,0.003738,1,121.143507479542,1,4.86194419652447,336,1,12.4350004196167,35.5040016174316,0.0261659994721413,0,116.819602966309,-86.0545,22.1535,16.3963854163767,63,63,63,63,61,63,0,9004,1.9064526870154,22,-86,0.001869,51,2024-08-11 06:59:21.000729,336,1.037,0.0011,"aoml_navis",1028.39518470291
"7901009",43,0,1,0.024297,1,0.001869,1,120.998112601719,1,4.86189671578252,338,1,12.4139995574951,35.5,0.0242970008403063,0,116.679397583008,-86.0545,22.1535,16.3963854163767,63,63,63,63,61,63,0,9004,1.9064526870154,22,-86,0.001869,51,2024-08-11 06:59:21.000729,338,1.037,0.0011,"aoml_navis",1028.40522789577
"7901009",43,0,1,0.022428,1,0,1,120.88902490648,1,4.86185004535365,340,1,12.3900003433228,35.4949989318848,0.0224280003458261,0,116.574203491211,-86.0545,22.1535,16.3963854163767,63,63,63,63,61,63,0,9004,1.9064526870154,22,-86,0.001869,51,2024-08-11 06:59:21.000729,340,1.037,0.0011,"aoml_navis",1028.41509988124
"7901009",43,0,1,0.024297,1,0.001869,1,120.776092083601,1,4.86179465424647,342,1,12.3529996871948,35.4889984130859,0.0242970008403063,0,116.465301513672,-86.0545,22.1535,16.3963854163767,63,63,63,63,61,63,0,9004,1.9064526870154,22,-86,0.001869,51,2024-08-11 06:59:21.000729,342,1.037,0.0011,"aoml_navis",1028.42681675846
"7901009",43,0,1,0.024297,1,0.001869,1,120.699869944354,1,4.86172023727444,344,1,12.2690000534058,35.476001739502,0.0242970008403063,0,116.391799926758,-86.0545,22.1535,16.3963854163767,63,63,63,63,61,63,0,9004,1.9064526870154,22,-86,0.001869,51,2024-08-11 06:59:21.000729,344,1.037,0.0011,"aoml_navis",1028.4425585959
"7901009",43,0,1,0.024297,1,0.001869,1,120.726833308539,1,4.86165327887498,346,1,12.2080001831055,35.4669990539551,0.0242970008403063,0,116.41780090332,-86.0545,22.1535,16.3963854163767,63,63,63,63,61,63,0,9004,1.9064526870154,22,-86,0.001869,51,2024-08-11 06:59:21.000729,346,1.037,0.0011,"aoml_navis",1028.45672309175
"7901009",43,0,1,0.024297,1,0.001869,1,120.679750274424,1,4.8616032566249,348,1,12.1879997253418,35.4640007019043,0.0242970008403063,0,116.372398376465,-86.0545,22.1535,16.3963854163767,63,63,63,63,61,63,0,9004,1.9064526870154,22,-86,0.001869,51,2024-08-11 06:59:21.000729,348,1.037,0.0011,"aoml_navis",1028.46730513982
"7901009",43,0,4,0.01869,1,-0.003738,1,120.620229913872,1,4.86155207409779,350,1,12.1590003967285,35.4589996337891,0.0186899993568659,0,116.315002441406,-86.0545,22.1535,16.3963854163767,63,63,63,63,61,63,0,9004,1.9064526870154,22,-86,0.001869,51,2024-08-11 06:59:21.000729,350,1.037,0.0011,"aoml_navis",1028.47813286622
"7901009",43,0,1,0.028035,1,0.005607,1,120.607468204239,1,4.86150315198465,352,1,12.1440000534058,35.4570007324219,0.0280349999666214,0,116.302696228027,-86.0545,22.1535,16.3963854163767,63,63,63,63,61,63,0,9004,1.9064526870154,22,-86,0.001869,51,2024-08-11 06:59:21.000729,352,1.037,0.0011,"aoml_navis",1028.48848261238
"7901009",43,0,1,0.022428,1,0,1,120.558937313421,1,4.86146002186515,354,1,12.1389999389648,35.4560012817383,0.0224280003458261,0,116.255897521973,-86.0545,22.1535,16.3963854163767,63,63,63,63,61,63,0,9004,1.9064526870154,22,-86,0.001869,51,2024-08-11 06:59:21.000729,354,1.037,0.0011,"aoml_navis",1028.49760720272
"7901009",43,0,1,0.022428,1,0,1,120.479400136148,1,4.86141112461611,356,1,12.1239995956421,35.4539985656738,0.0224280003458261,0,116.17919921875,-86.0545,22.1535,16.3963854163767,63,63,63,63,61,63,0,9004,1.9064526870154,22,-86,0.001869,51,2024-08-11 06:59:21.000729,356,1.037,0.0011,"aoml_navis",1028.50795208044
"7901009",43,0,1,0.026166,1,0.003738,1,120.496719034094,1,4.86136033592203,358,1,12.1070003509521,35.4519996643066,0.0261659994721413,0,116.195899963379,-86.0545,22.1535,16.3963854163767,63,63,63,63,61,63,0,9004,1.9064526870154,22,-86,0.001869,51,2024-08-11 06:59:21.000729,358,1.037,0.0011,"aoml_navis",1028.51869733941
"7901009",43,0,1,0.024297,1,0.001869,1,120.433464310897,1,4.86131909975881,360,1,12.1040000915527,35.451000213623,0.0242970008403063,0,116.134902954102,-86.0545,22.1535,16.3963854163767,63,63,63,63,61,63,0,9004,1.9064526870154,22,-86,0.001869,51,2024-08-11 06:59:21.000729,360,1.037,0.0011,"aoml_navis",1028.52742175433
"7901009",43,0,1,0.026166,1,0.003738,1,120.353507809005,1,4.86127116075464,362.100006103516,1,12.1000003814697,35.451000213623,0.0261659994721413,0,116.057800292969,-86.0545,22.1535,16.3963854163767,63,63,63,63,61,63,0,9004,1.9064526870154,22,-86,0.001869,51,2024-08-11 06:59:21.000729,362.100006103516,1.037,0.0011,"aoml_navis",1028.53756448834
"7901009",43,0,1,0.024297,1,0.001869,1,120.332771019824,1,4.8612281449932,364,1,12.08899974823,35.4490013122559,0.0242970008403063,0,116.037803649902,-86.0545,22.1535,16.3963854163767,63,63,63,63,61,63,0,9004,1.9064526870154,22,-86,0.001869,51,2024-08-11 06:59:21.000729,364,1.037,0.0011,"aoml_navis",1028.54666575353
"7901009",43,0,1,0.024297,1,0.001869,1,120.269096972008,1,4.86117937286222,366,1,12.0780000686646,35.4480018615723,0.0242970008403063,0,115.976402282715,-86.0545,22.1535,16.3963854163767,63,63,63,63,61,63,0,9004,1.9064526870154,22,-86,0.001869,51,2024-08-11 06:59:21.000729,366,1.037,0.0011,"aoml_navis",1028.55698514495
"7901009",43,0,1,0.026166,1,0.003738,1,120.181260331991,1,4.86114004280862,368,1,12.0769996643066,35.4469985961914,0.0261659994721413,0,115.891700744629,-86.0545,22.1535,16.3963854163767,63,63,63,63,61,63,0,9004,1.9064526870154,22,-86,0.001869,51,2024-08-11 06:59:21.000729,368,1.037,0.0011,"aoml_navis",1028.56530689685
"7901009",43,0,1,0.022428,1,0,1,120.047899279557,1,4.86109881642607,370,1,12.0740003585815,35.4459991455078,0.0224280003458261,0,115.76309967041,-86.0545,22.1535,16.3963854163767,63,63,63,63,61,63,0,9004,1.9064526870154,22,-86,0.001869,51,2024-08-11 06:59:21.000729,370,1.037,0.0011,"aoml_navis",1028.574030033
"7901009",43,0,1,0.01869,1,-0.003738,1,119.862170120452,1,4.86104783847491,372,1,12.048999786377,35.4420013427734,0.0186899993568659,0,115.583999633789,-86.0545,22.1535,16.3963854163767,63,63,63,63,61,63,0,9004,1.9064526870154,22,-86,0.001869,51,2024-08-11 06:59:21.000729,372,1.037,0.0011,"aoml_navis",1028.584816719
"7901009",43,0,1,0.024297,1,0.001869,1,119.766761901936,1,4.86099115362353,374,1,12.0139999389648,35.4370002746582,0.0242970008403063,0,115.491996765137,-86.0545,22.1535,16.3963854163767,63,63,63,63,61,63,0,9004,1.9064526870154,22,-86,0.001869,51,2024-08-11 06:59:21.000729,374,1.037,0.0011,"aoml_navis",1028.59681122292
"7901009",43,0,1,0.022428,1,0,1,119.627079333075,1,4.86093179713649,376,1,11.9799995422363,35.4329986572266,0.0224280003458261,0,115.357299804688,-86.0545,22.1535,16.3963854163767,63,63,63,63,61,63,0,9004,1.9064526870154,22,-86,0.001869,51,2024-08-11 06:59:21.000729,376,1.037,0.0011,"aoml_navis",1028.60937134428
"7901009",43,0,1,0.022428,1,0,1,119.556664444213,1,4.86086676102287,378,1,11.9359998703003,35.4280014038086,0.0224280003458261,0,115.289398193359,-86.0545,22.1535,16.3963854163767,63,63,63,63,61,63,0,9004,1.9064526870154,22,-86,0.001869,51,2024-08-11 06:59:21.000729,378,1.037,0.0011,"aoml_navis",1028.62313365443
"7901009",43,0,1,0.022428,1,0,1,119.403191633634,1,4.86081422953719,380,1,11.9169998168945,35.4259986877441,0.0224280003458261,0,115.141403198242,-86.0545,22.1535,16.3963854163767,63,63,63,63,61,63,0,9004,1.9064526870154,22,-86,0.001869,51,2024-08-11 06:59:21.000729,380,1.037,0.0011,"aoml_navis",1028.63425012563
"7901009",43,0,1,0.022428,1,0,1,119.208332274332,1,4.86076909907099,382,1,11.9020004272461,35.4230003356934,0.0224280003458261,0,114.953498840332,-86.0545,22.1535,16.3963854163767,63,63,63,63,61,63,0,9004,1.9064526870154,22,-86,0.001869,51,2024-08-11 06:59:21.000729,382,1.037,0.0011,"aoml_navis",1028.64380061905
"7901009",43,0,1,0.026166,1,0.003738,1,119.098928107682,1,4.86070717284502,383.899993896484,1,11.8549995422363,35.4169998168945,0.0261659994721413,0,114.847999572754,-86.0545,22.1535,16.3963854163767,63,63,63,63,61,63,0,9004,1.9064526870154,22,-86,0.001869,51,2024-08-11 06:59:21.000729,383.899993896484,1.037,0.0011,"aoml_navis",1028.65690571387
"7901009",43,0,1,0.026166,1,0.003738,1,118.760137550832,1,4.86065424751123,386,1,11.826000213623,35.4119987487793,0.0261659994721413,0,114.521301269531,-86.0545,22.1535,16.3963854163767,63,63,63,63,61,63,0,9004,1.9064526870154,22,-86,0.001869,51,2024-08-11 06:59:21.000729,386,1.037,0.0011,"aoml_navis",1028.66810626576
"7901009",43,0,1,0.022428,1,0,1,118.63786882134,1,4.86058361738631,388,1,11.7559995651245,35.4020004272461,0.0224280003458261,0,114.403396606445,-86.0545,22.1535,16.3963854163767,63,63,63,63,61,63,0,9004,1.9064526870154,22,-86,0.001869,51,2024-08-11 06:59:21.000729,388,1.037,0.0011,"aoml_navis",1028.68305405034
"7901009",43,0,1,0.028035,1,0.005607,1,118.566733960018,1,4.8605103929567,390,1,11.6789999008179,35.390998840332,0.0280349999666214,0,114.334800720215,-86.0545,22.1535,16.3963854163767,63,63,63,63,61,63,0,9004,1.9064526870154,22,-86,0.001869,51,2024-08-11 06:59:21.000729,390,1.037,0.0011,"aoml_navis",1028.69855133844
"7901009",43,0,1,0.026166,1,0.003738,1,118.581560645606,1,4.86043095829457,392,1,11.5950002670288,35.3800010681152,0.0261659994721413,0,114.349098205566,-86.0545,22.1535,16.3963854163767,63,63,63,63,61,63,0,9004,1.9064526870154,22,-86,0.001869,51,2024-08-11 06:59:21.000729,392,1.037,0.0011,"aoml_navis",1028.71536349411
"7901009",43,0,1,0.026166,1,0.003738,1,118.490306114354,1,4.86038051447502,394,1,11.5780000686646,35.3779983520508,0.0261659994721413,0,114.261100769043,-86.0545,22.1535,16.3963854163767,63,63,63,63,61,63,0,9004,1.9064526870154,22,-86,0.001869,51,2024-08-11 06:59:21.000729,394,1.037,0.0011,"aoml_navis",1028.72604009278
"7901009",43,0,1,0.024297,1,0.001869,1,118.320859409325,1,4.86034109661948,396,1,11.5690002441406,35.375,0.0242970008403063,0,114.097702026367,-86.0545,22.1535,16.3963854163767,63,63,63,63,61,63,0,9004,1.9064526870154,22,-86,0.001869,51,2024-08-11 06:59:21.000729,396,1.037,0.0011,"aoml_navis",1028.73438316452
"7901009",43,0,1,0.024297,1,0.001869,1,118.116149877368,1,4.86029062777463,398,1,11.543999671936,35.3709983825684,0.0242970008403063,0,113.900299072266,-86.0545,22.1535,16.3963854163767,63,63,63,63,61,63,0,9004,1.9064526870154,22,-86,0.001869,51,2024-08-11 06:59:21.000729,398,1.037,0.0011,"aoml_navis",1028.74506545493
"7901009",43,0,1,0.024297,1,0.001869,1,118.034223340944,1,4.86022543140565,400,1,11.4829998016357,35.3619995117188,0.0242970008403063,0,113.821296691895,-86.0545,22.1535,16.3963854163767,63,63,63,63,61,63,0,9004,1.9064526870154,22,-86,0.001869,51,2024-08-11 06:59:21.000729,400,1.037,0.0011,"aoml_navis",1028.75886531747
"7901009",43,0,1,0.029904,1,0.007476,1,118.08835577573,1,4.86014851949165,402,1,11.4010000228882,35.351001739502,0.0299040004611015,0,113.873497009277,-86.0545,22.1535,16.3963854163767,63,63,63,63,61,63,0,9004,1.9064526870154,22,-86,0.001869,51,2024-08-11 06:59:21.000729,402,1.037,0.0011,"aoml_navis",1028.77514544
"7901009",43,0,1,0.026166,1,0.003738,1,118.099661716874,1,4.8600800527716,404,1,11.3400001525879,35.3429985046387,0.0261659994721413,0,113.884399414062,-86.0545,22.1535,16.3963854163767,63,63,63,63,61,63,0,9004,1.9064526870154,22,-86,0.001869,51,2024-08-11 06:59:21.000729,404,1.037,0.0011,"aoml_navis",1028.78963838232
"7901009",43,0,1,0.026166,1,0.003738,1,118.116355583784,1,4.86002886696491,406,1,11.3179998397827,35.3400001525879,0.0261659994721413,0,113.900497436523,-86.0545,22.1535,16.3963854163767,63,63,63,63,61,63,0,9004,1.9064526870154,22,-86,0.001869,51,2024-08-11 06:59:21.000729,406,1.037,0.0011,"aoml_navis",1028.80047359112
"7901009",43,0,1,0.022428,1,0,1,117.98030452436,1,4.85998948156481,408,1,11.3170003890991,35.3390007019043,0.0224280003458261,0,113.769302368164,-86.0545,22.1535,16.3963854163767,63,63,63,63,61,63,0,9004,1.9064526870154,22,-86,0.001869,51,2024-08-11 06:59:21.000729,408,1.037,0.0011,"aoml_navis",1028.80881099975
"7901009",43,0,1,0.028035,1,0.005607,1,117.875457546023,1,4.85994465756209,410,1,11.3059997558594,35.3370018005371,0.0280349999666214,0,113.668197631836,-86.0545,22.1535,16.3963854163767,63,63,63,63,61,63,0,9004,1.9064526870154,22,-86,0.001869,51,2024-08-11 06:59:21.000729,410,1.037,0.0011,"aoml_navis",1028.81829985862
"7901009",43,0,1,0.020559,1,-0.001869,1,117.858866532321,1,4.85986998912998,412,1,11.246000289917,35.3310012817383,0.020558999851346,0,113.652198791504,-86.0545,22.1535,16.3963854163767,63,63,63,63,61,63,0,9004,1.9064526870154,22,-86,0.001869,51,2024-08-11 06:59:21.000729,412,1.037,0.0011,"aoml_navis",1028.83410691715
"7901009",43,0,1,0.024297,1,0.001869,1,117.810232788295,1,4.85981003846913,414,1,11.1940002441406,35.3230018615723,0.0242970008403063,0,113.60530090332,-86.0545,22.1535,16.3963854163767,63,63,63,63,61,63,0,9004,1.9064526870154,22,-86,0.001869,51,2024-08-11 06:59:21.000729,414,1.037,0.0011,"aoml_navis",1028.84679862405
"7901009",43,0,1,0.024297,1,0.001869,1,117.785239458641,1,4.85975848125361,415.899993896484,1,11.16100025177,35.318000793457,0.0242970008403063,0,113.581199645996,-86.0545,22.1535,16.3963854163767,63,63,63,63,61,63,0,9004,1.9064526870154,22,-86,0.001869,51,2024-08-11 06:59:21.000729,415.899993896484,1.037,0.0011,"aoml_navis",1028.85771366774
"7901009",43,0,1,0.020559,1,-0.001869,1,117.723535445356,1,4.85970184949279,418,1,11.1269998550415,35.3129997253418,0.020558999851346,0,113.521697998047,-86.0545,22.1535,16.3963854163767,63,63,63,63,61,63,0,9004,1.9064526870154,22,-86,0.001869,51,2024-08-11 06:59:21.000729,418,1.037,0.0011,"aoml_navis",1028.8697032971
"7901009",43,0,1,0.022428,1,0,1,117.633214504766,1,4.85964814022701,420,1,11.1020002365112,35.310001373291,0.0224280003458261,0,113.434600830078,-86.0545,22.1535,16.3963854163767,63,63,63,63,61,63,0,9004,1.9064526870154,22,-86,0.001869,51,2024-08-11 06:59:21.000729,420,1.037,0.0011,"aoml_navis",1028.88107445706
"7901009",43,0,1,0.026166,1,0.003738,1,117.623467185319,1,4.85959903217833,422,1,11.0780000686646,35.3059997558594,0.0261659994721413,0,113.425201416016,-86.0545,22.1535,16.3963854163767,63,63,63,63,61,63,0,9004,1.9064526870154,22,-86,0.001869,51,2024-08-11 06:59:21.000729,422,1.037,0.0011,"aoml_navis",1028.89147168151
"7901009",43,0,1,0.026166,1,0.003738,1,117.640991789682,1,4.85953840063429,424,1,11.0329999923706,35.2999992370605,0.0261659994721413,0,113.442100524902,-86.0545,22.1535,16.3963854163767,63,63,63,63,61,63,0,9004,1.9064526870154,22,-86,0.001869,51,2024-08-11 06:59:21.000729,424,1.037,0.0011,"aoml_navis",1028.90430896634
"7901009",43,0,1,0.026166,1,0.003738,1,117.668160860284,1,4.85947598190806,426,1,10.9899997711182,35.2949981689453,0.0261659994721413,0,113.468299865723,-86.0545,22.1535,16.3963854163767,63,63,63,63,61,63,0,9004,1.9064526870154,22,-86,0.001869,51,2024-08-11 06:59:21.000729,426,1.037,0.0011,"aoml_navis",1028.91752497906
"7901009",43,0,1,0.026166,1,0.003738,1,117.686927614933,1,4.85943038538625,428,1,10.9779996871948,35.2929992675781,0.0261659994721413,0,113.486396789551,-86.0545,22.1535,16.3963854163767,63,63,63,63,61,63,0,9004,1.9064526870154,22,-86,0.001869,51,2024-08-11 06:59:21.000729,428,1.037,0.0011,"aoml_navis",1028.9271794152
"7901009",43,0,1,0.024297,1,0.001869,1,117.715552454024,1,4.85938650466825,430,1,10.9720001220703,35.2919998168945,0.0242970008403063,0,113.513999938965,-86.0545,22.1535,16.3963854163767,63,63,63,63,61,63,0,9004,1.9064526870154,22,-86,0.001869,51,2024-08-11 06:59:21.000729,430,1.037,0.0011,"aoml_navis",1028.93647072458
"7901009",43,0,1,0.022428,1,0,1,117.698542115703,1,4.85934173001132,432,1,10.9650001525879,35.2910003662109,0.0224280003458261,0,113.497596740723,-86.0545,22.1535,16.3963854163767,63,63,63,63,61,63,0,9004,1.9064526870154,22,-86,0.001869,51,2024-08-11 06:59:21.000729,432,1.037,0.0011,"aoml_navis",1028.94595148968
"7901009",43,0,1,0.028035,1,0.005607,1,117.665882266127,1,4.85929777199853,434,1,10.9630002975464,35.2910003662109,0.0280349999666214,0,113.466102600098,-86.0545,22.1535,16.3963854163767,63,63,63,63,61,63,0,9004,1.9064526870154,22,-86,0.001869,51,2024-08-11 06:59:21.000729,434,1.037,0.0011,"aoml_navis",1028.95525950524
"7901009",43,0,1,0.024297,1,0.001869,1,117.62751010759,1,4.85925658371146,436,1,10.960000038147,35.2900009155273,0.0242970008403063,0,113.429100036621,-86.0545,22.1535,16.3963854163767,63,63,63,63,61,63,0,9004,1.9064526870154,22,-86,0.001869,51,2024-08-11 06:59:21.000729,436,1.037,0.0011,"aoml_navis",1028.96398119011
"7901009",43,0,1,0.026166,1,0.003738,1,117.634045242219,1,4.85921173346303,438,1,10.9569997787476,35.2900009155273,0.0261659994721413,0,113.435401916504,-86.0545,22.1535,16.3963854163767,63,63,63,63,61,63,0,9004,1.9064526870154,22,-86,0.001869,51,2024-08-11 06:59:21.000729,438,1.037,0.0011,"aoml_navis",1028.97347846924
"7901009",43,0,1,0.024297,1,0.001869,1,117.625334366642,1,4.8591696535387,440,1,10.9530000686646,35.2890014648438,0.0242970008403063,0,113.427001953125,-86.0545,22.1535,16.3963854163767,63,63,63,63,61,63,0,9004,1.9064526870154,22,-86,0.001869,51,2024-08-11 06:59:21.000729,440,1.037,0.0011,"aoml_navis",1028.98238927689
"7901009",43,0,1,0.024297,1,0.001869,1,117.57908206998,1,4.8591257032177,442,1,10.951000213623,35.2890014648438,0.0242970008403063,0,113.382400512695,-86.0545,22.1535,16.3963854163767,63,63,63,63,61,63,0,9004,1.9064526870154,22,-86,0.001869,51,2024-08-11 06:59:21.000729,442,1.037,0.0011,"aoml_navis",1028.99169632286
"7901009",43,0,1,0.026166,1,0.003738,1,117.549840111639,1,4.85908543233615,444,1,10.9490003585815,35.2879981994629,0.0261659994721413,0,113.354202270508,-86.0545,22.1535,16.3963854163767,63,63,63,63,61,63,0,9004,1.9064526870154,22,-86,0.001869,51,2024-08-11 06:59:21.000729,444,1.037,0.0011,"aoml_navis",1029.000224348
"7901009",43,0,1,0.026166,1,0.003738,1,117.484401735709,1,4.85903977424535,446,1,10.9409999847412,35.2869987487793,0.0261659994721413,0,113.29109954834,-86.0545,22.1535,16.3963854163767,63,63,63,63,61,63,0,9004,1.9064526870154,22,-86,0.001869,51,2024-08-11 06:59:21.000729,446,1.037,0.0011,"aoml_navis",1029.00989337477
"7901009",43,0,1,0.028035,1,0.005607,1,117.481909523351,1,4.85899411895864,448,1,10.9329996109009,35.2859992980957,0.0280349999666214,0,113.288696289062,-86.0545,22.1535,16.3963854163767,63,63,63,63,61,63,0,9004,1.9064526870154,22,-86,0.001869,51,2024-08-11 06:59:21.000729,448,1.037,0.0011,"aoml_navis",1029.01956198942
"7901009",43,0,1,0.024297,1,0.001869,1,117.462628502659,1,4.8589503404417,450,1,10.9230003356934,35.2840003967285,0.0242970008403063,0,113.27010345459,-86.0545,22.1535,16.3963854163767,63,63,63,63,61,63,0,9004,1.9064526870154,22,-86,0.001869,51,2024-08-11 06:59:21.000729,450,1.037,0.0011,"aoml_navis",1029.02883332318
"7901009",43,0,1,0.022428,1,0,1,117.420316275059,1,4.85890111229081,452,1,10.91100025177,35.2830009460449,0.0224280003458261,0,113.229301452637,-86.0545,22.1535,16.3963854163767,63,63,63,63,61,63,0,9004,1.9064526870154,22,-86,0.001869,51,2024-08-11 06:59:21.000729,452,1.037,0.0011,"aoml_navis",1029.03925896995
"7901009",43,0,1,0.028035,1,0.005607,1,117.457541224733,1,4.85885377830866,454,1,10.8970003128052,35.2809982299805,0.0280349999666214,0,113.265197753906,-86.0545,22.1535,16.3963854163767,63,63,63,63,61,63,0,9004,1.9064526870154,22,-86,0.001869,51,2024-08-11 06:59:21.000729,454,1.037,0.0011,"aoml_navis",1029.04928366469
"7901009",43,0,1,0.022428,1,0,1,117.412016812316,1,4.85881162714243,456,1,10.8970003128052,35.2809982299805,0.0224280003458261,0,113.221298217773,-86.0545,22.1535,16.3963854163767,63,63,63,63,61,63,0,9004,1.9064526870154,22,-86,0.001869,51,2024-08-11 06:59:21.000729,456,1.037,0.0011,"aoml_navis",1029.0582108738
"7901009",43,0,1,0.024297,1,0.001869,1,117.374166831606,1,4.85876858362336,458,1,10.8959999084473,35.2809982299805,0.0242970008403063,0,113.184799194336,-86.0545,22.1535,16.3963854163767,63,63,63,63,61,63,0,9004,1.9064526870154,22,-86,0.001869,51,2024-08-11 06:59:21.000729,458,1.037,0.0011,"aoml_navis",1029.06732723445
"7901009",43,0,1,0.026166,1,0.003738,1,117.324805203335,1,4.85872920605994,460,1,10.8950004577637,35.2799987792969,0.0261659994721413,0,113.137199401855,-86.0545,22.1535,16.3963854163767,63,63,63,63,61,63,0,9004,1.9064526870154,22,-86,0.001869,51,2024-08-11 06:59:21.000729,460,1.037,0.0011,"aoml_navis",1029.07566730903
"7901009",43,0,1,0.024297,1,0.001869,1,117.258955414571,1,4.85868437774724,462,1,10.8920001983643,35.2799987792969,0.0242970008403063,0,113.073699951172,-86.0545,22.1535,16.3963854163767,63,63,63,63,61,63,0,9004,1.9064526870154,22,-86,0.001869,51,2024-08-11 06:59:21.000729,462,1.037,0.0011,"aoml_navis",1029.08516200393
"7901009",43,0,1,0.028035,1,0.005607,1,117.22463409009,1,4.85863874163818,464,1,10.8839998245239,35.2789993286133,0.0280349999666214,0,113.040603637695,-86.0545,22.1535,16.3963854163767,63,63,63,63,61,63,0,9004,1.9064526870154,22,-86,0.001869,51,2024-08-11 06:59:21.000729,464,1.037,0.0011,"aoml_navis",1029.09482797113
"7901009",43,0,1,0.026166,1,0.003738,1,117.174125252955,1,4.85859677185909,466,1,10.8760004043579,35.2770004272461,0.0261659994721413,0,112.991897583008,-86.0545,22.1535,16.3963854163767,63,63,63,63,61,63,0,9004,1.9064526870154,22,-86,0.001869,51,2024-08-11 06:59:21.000729,466,1.037,0.0011,"aoml_navis",1029.1037175507
"7901009",43,0,1,0.028035,1,0.005607,1,117.034236977677,1,4.85855561150202,468,1,10.8730001449585,35.2760009765625,0.0280349999666214,0,112.857002258301,-86.0545,22.1535,16.3963854163767,63,63,63,63,61,63,0,9004,1.9064526870154,22,-86,0.001869,51,2024-08-11 06:59:21.000729,468,1.037,0.0011,"aoml_navis",1029.11243583651
"7901009",43,0,1,0.024297,1,0.001869,1,116.951376850593,1,4.85851187154634,470,1,10.8629999160767,35.273998260498,0.0242970008403063,0,112.777099609375,-86.0545,22.1535,16.3963854163767,63,63,63,63,61,63,0,9004,1.9064526870154,22,-86,0.001869,51,2024-08-11 06:59:21.000729,470,1.037,0.0011,"aoml_navis",1029.12170067594
"7901009",43,0,1,0.024297,1,0.001869,1,116.945775306625,1,4.85844518996392,472,1,10.8149995803833,35.2690010070801,0.0242970008403063,0,112.771697998047,-86.0545,22.1535,16.3963854163767,63,63,63,63,61,63,0,9004,1.9064526870154,22,-86,0.001869,51,2024-08-11 06:59:21.000729,472,1.037,0.0011,"aoml_navis",1029.13582524889
"7901009",43,0,1,0.024297,1,0.001869,1,116.976061620621,1,4.85839097692944,474,1,10.7849998474121,35.2649993896484,0.0242970008403063,0,112.800903320312,-86.0545,22.1535,16.3963854163767,63,63,63,63,61,63,0,9004,1.9064526870154,22,-86,0.001869,51,2024-08-11 06:59:21.000729,474,1.037,0.0011,"aoml_navis",1029.14730900477
"7901009",43,0,1,0.028035,1,0.005607,1,117.009655060858,1,4.85834112701661,476,1,10.7639999389648,35.2620010375977,0.0280349999666214,0,112.833297729492,-86.0545,22.1535,16.3963854163767,63,63,63,63,61,63,0,9004,1.9064526870154,22,-86,0.001869,51,2024-08-11 06:59:21.000729,476,1.037,0.0011,"aoml_navis",1029.15786876217
"7901009",43,0,1,0.031773,1,0.009345,1,117.068661155367,1,4.85828175493433,478,1,10.7239999771118,35.2569999694824,0.0317730009555817,0,112.890197753906,-86.0545,22.1535,16.3963854163767,63,63,63,63,61,63,0,9004,1.9064526870154,22,-86,0.001869,51,2024-08-11 06:59:21.000729,478,1.037,0.0011,"aoml_navis",1029.17044589308
"7901009",43,0,1,0.024297,1,0.001869,1,117.071256220934,1,4.85823072466808,480,1,10.71399974823,35.2569999694824,0.0242970008403063,0,112.892700195312,-86.0545,22.1535,16.3963854163767,63,63,63,63,61,63,0,9004,1.9064526870154,22,-86,0.001869,51,2024-08-11 06:59:21.000729,480,1.037,0.0011,"aoml_navis",1029.18125617461
"7901009",43,0,1,0.024297,1,0.001869,1,116.991196865833,1,4.85818957460987,482,1,10.7110004425049,35.2560005187988,0.0242970008403063,0,112.815498352051,-86.0545,22.1535,16.3963854163767,63,63,63,63,61,63,0,9004,1.9064526870154,22,-86,0.001869,51,2024-08-11 06:59:21.000729,482,1.037,0.0011,"aoml_navis",1029.18997359248
"7901009",43,0,1,0.028035,1,0.005607,1,116.933124361985,1,4.85814576251144,484,1,10.7049999237061,35.2550010681152,0.0280349999666214,0,112.759498596191,-86.0545,22.1535,16.3963854163767,63,63,63,63,61,63,0,9004,1.9064526870154,22,-86,0.001869,51,2024-08-11 06:59:21.000729,484,1.037,0.0011,"aoml_navis",1029.19925511153
"7901009",43,0,1,0.033642,1,0.011214,1,116.790538167932,1,4.85809485548397,486,1,10.6909999847412,35.2540016174316,0.0336420014500618,0,112.622001647949,-86.0545,22.1535,16.3963854163767,63,63,63,63,61,63,0,9004,1.9064526870154,22,-86,0.001869,51,2024-08-11 06:59:21.000729,486,1.037,0.0011,"aoml_navis",1029.21003988958
"7901009",43,0,4,0.022428,1,0,1,116.589871558245,1,4.85805650010715,488,1,10.6870002746582,35.2519989013672,0.0224280003458261,0,112.428497314453,-86.0545,22.1535,16.3963854163767,63,63,63,63,61,63,0,9004,1.9064526870154,22,-86,0.001869,51,2024-08-11 06:59:21.000729,488,1.037,0.0011,"aoml_navis",1029.21816571909
"7901009",43,0,1,0.026166,1,0.003738,1,116.368990337205,1,4.85799987758479,490,1,10.6499996185303,35.2470016479492,0.0261659994721413,0,112.21549987793,-86.0545,22.1535,16.3963854163767,63,63,63,63,61,63,0,9004,1.9064526870154,22,-86,0.001869,51,2024-08-11 06:59:21.000729,490,1.037,0.0011,"aoml_navis",1029.23016179362
"7901009",43,0,1,0.031773,1,0.009345,1,116.272237115194,1,4.85792661682882,492,1,10.5649995803833,35.2350006103516,0.0317730009555817,0,112.122200012207,-86.0545,22.1535,16.3963854163767,63,63,63,63,61,63,0,9004,1.9064526870154,22,-86,0.001869,51,2024-08-11 06:59:21.000729,492,1.037,0.0011,"aoml_navis",1029.24568326722
"7901009",43,0,1,0.029904,1,0.007476,1,116.40653175829,1,4.85783995883579,494,1,10.456000328064,35.2210006713867,0.0299040004611015,0,112.25170135498,-86.0545,22.1535,16.3963854163767,63,63,63,63,61,63,0,9004,1.9064526870154,22,-86,0.001869,51,2024-08-11 06:59:21.000729,494,1.037,0.0011,"aoml_navis",1029.26404376613
"7901009",43,0,1,0.028035,1,0.005607,1,116.330103912626,1,4.85778896262413,496,1,10.4250001907349,35.2159996032715,0.0280349999666214,0,112.178001403809,-86.0545,22.1535,16.3963854163767,63,63,63,63,61,63,0,9004,1.9064526870154,22,-86,0.001869,51,2024-08-11 06:59:21.000729,496,1.037,0.0011,"aoml_navis",1029.27484879851
"7901009",43,0,1,0.026166,1,0.003738,1,116.295260410317,1,4.85772350249519,498,1,10.3690004348755,35.2089996337891,0.0261659994721413,0,112.144401550293,-86.0545,22.1535,16.3963854163767,63,63,63,63,61,63,0,9004,1.9064526870154,22,-86,0.001869,51,2024-08-11 06:59:21.000729,498,1.037,0.0011,"aoml_navis",1029.28871876543
"7901009",43,0,1,0.028035,1,0.005607,1,116.045651496978,1,4.85767784535334,500,1,10.3439998626709,35.2039985656738,0.0280349999666214,0,111.903701782227,-86.0545,22.1535,16.3963854163767,63,63,63,63,61,63,0,9004,1.9064526870154,22,-86,0.001869,51,2024-08-11 06:59:21.000729,500,1.037,0.0011,"aoml_navis",1029.29839301361
"7901009",43,0,4,0.022428,1,0,1,115.906483194159,1,4.85762145800572,502,1,10.293999671936,35.1959991455078,0.0224280003458261,0,111.769500732422,-86.0545,22.1535,16.3963854163767,63,63,63,63,61,63,0,9004,1.9064526870154,22,-86,0.001869,51,2024-08-11 06:59:21.000729,502,1.037,0.0011,"aoml_navis",1029.31034112583
"7901009",43,0,1,0.029904,1,0.007476,1,115.904204600003,1,4.85755451033712,504,1,10.2189998626709,35.185001373291,0.0299040004611015,0,111.767303466797,-86.0545,22.1535,16.3963854163767,63,63,63,63,61,63,0,9004,1.9064526870154,22,-86,0.001869,51,2024-08-11 06:59:21.000729,504,1.037,0.0011,"aoml_navis",1029.32452726156
"7901009",43,0,1,0.028035,1,0.005607,1,115.801327656197,1,4.85749928590468,506,1,10.1870002746582,35.1809997558594,0.0280349999666214,0,111.668098449707,-86.0545,22.1535,16.3963854163767,63,63,63,63,61,63,0,9004,1.9064526870154,22,-86,0.001869,51,2024-08-11 06:59:21.000729,506,1.037,0.0011,"aoml_navis",1029.33622955104
"7901009",43,0,1,0.028035,1,0.005607,1,115.723451953829,1,4.85745488878457,508,1,10.1590003967285,35.1749992370605,0.0280349999666214,0,111.593002319336,-86.0545,22.1535,16.3963854163767,63,63,63,63,61,63,0,9004,1.9064526870154,22,-86,0.001869,51,2024-08-11 06:59:21.000729,508,1.037,0.0011,"aoml_navis",1029.34563768046
"7901009",43,0,1,0.026166,1,0.003738,1,115.742638033098,1,4.85738276699063,510,1,10.0860004425049,35.1660003662109,0.0261659994721413,0,111.611503601074,-86.0545,22.1535,16.3963854163767,63,63,63,63,61,63,0,9004,1.9064526870154,22,-86,0.001869,51,2024-08-11 06:59:21.000729,510,1.037,0.0011,"aoml_navis",1029.36092127196
"7901009",43,0,1,0.028035,1,0.005607,1,115.729876323465,1,4.85732474793946,512,1,10.0419998168945,35.1599998474121,0.0280349999666214,0,111.599197387695,-86.0545,22.1535,16.3963854163767,63,63,63,63,61,63,0,9004,1.9064526870154,22,-86,0.001869,51,2024-08-11 06:59:21.000729,512,1.037,0.0011,"aoml_navis",1029.37321662939
"7901009",43,0,1,0.029904,1,0.007476,1,115.676266066506,1,4.85727194956804,514,1,10.003999710083,35.1539993286133,0.0299040004611015,0,111.547500610352,-86.0545,22.1535,16.3963854163767,63,63,63,63,61,63,0,9004,1.9064526870154,22,-86,0.001869,51,2024-08-11 06:59:21.000729,514,1.037,0.0011,"aoml_navis",1029.38440587924
"7901009",43,0,1,0.028035,1,0.005607,1,115.86209807882,1,4.85716385145169,516,1,9.85799980163574,35.1380004882812,0.0280349999666214,0,111.726699829102,-86.0545,22.1535,16.3963854163767,63,63,63,63,61,63,0,9004,1.9064526870154,22,-86,0.001869,51,2024-08-11 06:59:21.000729,516,1.037,0.0011,"aoml_navis",1029.40731523925
"7901009",43,0,1,0.028035,1,0.005607,1,115.866663178919,1,4.85710174016332,518,1,9.80000019073486,35.1300010681152,0.0280349999666214,0,111.731101989746,-86.0545,22.1535,16.3963854163767,63,63,63,63,61,63,0,9004,1.9064526870154,22,-86,0.001869,51,2024-08-11 06:59:21.000729,518,1.037,0.0011,"aoml_navis",1029.42047901839
"7901009",43,0,4,0.020559,1,-0.001869,1,115.838244046245,1,4.85703863987422,520,1,9.74499988555908,35.1230010986328,0.020558999851346,0,111.70369720459,-86.0545,22.1535,16.3963854163767,63,63,63,63,61,63,0,9004,1.9064526870154,22,-86,0.001869,51,2024-08-11 06:59:21.000729,520,1.037,0.0011,"aoml_navis",1029.43385274972
"7901009",43,0,1,0.028035,1,0.005607,1,115.827776754339,1,4.85697482907723,522,1,9.68900012969971,35.1160011291504,0.0280349999666214,0,111.693603515625,-86.0545,22.1535,16.3963854163767,63,63,63,63,61,63,0,9004,1.9064526870154,22,-86,0.001869,51,2024-08-11 06:59:21.000729,522,1.037,0.0011,"aoml_navis",1029.44737742237
"7901009",43,0,1,0.029904,1,0.007476,1,115.876924764408,1,4.85690120273908,524,1,9.60799980163574,35.1059989929199,0.0299040004611015,0,111.740997314453,-86.0545,22.1535,16.3963854163767,63,63,63,63,61,63,0,9004,1.9064526870154,22,-86,0.001869,51,2024-08-11 06:59:21.000729,524,1.037,0.0011,"aoml_navis",1029.46298293657
"7901009",43,0,1,0.028035,1,0.005607,1,115.908967494733,1,4.85684023743595,526,1,9.55500030517578,35.0989990234375,0.0280349999666214,0,111.771896362305,-86.0545,22.1535,16.3963854163767,63,63,63,63,61,63,0,9004,1.9064526870154,22,-86,0.001869,51,2024-08-11 06:59:21.000729,526,1.037,0.0011,"aoml_navis",1029.47590523168
"7901009",43,0,1,0.026166,1,0.003738,1,115.900367384149,1,4.85679157508225,528,1,9.54300022125244,35.0979995727539,0.0261659994721413,0,111.763603210449,-86.0545,22.1535,16.3963854163767,63,63,63,63,61,63,0,9004,1.9064526870154,22,-86,0.001869,51,2024-08-11 06:59:21.000729,528,1.037,0.0011,"aoml_navis",1029.48622000839
"7901009",43,0,1,0.029904,1,0.007476,1,115.869361097694,1,4.85674057289413,530,1,9.51500034332275,35.0940017700195,0.0299040004611015,0,111.733703613281,-86.0545,22.1535,16.3963854163767,63,63,63,63,61,63,0,9004,1.9064526870154,22,-86,0.001869,51,2024-08-11 06:59:21.000729,530,1.037,0.0011,"aoml_navis",1029.49703097287
"7901009",43,0,1,0.026166,1,0.003738,1,115.903160244348,1,4.85669044864953,532,1,9.48799991607666,35.0900001525879,0.0261659994721413,0,111.766296386719,-86.0545,22.1535,16.3963854163767,63,63,63,63,61,63,0,9004,1.9064526870154,22,-86,0.001869,51,2024-08-11 06:59:21.000729,532,1.037,0.0011,"aoml_navis",1029.50765606038
"7901009",43,0,1,0.028035,1,0.005607,1,115.911768266717,1,4.8566365367132,534,1,9.45199966430664,35.0849990844727,0.0280349999666214,0,111.774597167969,-86.0545,22.1535,16.3963854163767,63,63,63,63,61,63,0,9004,1.9064526870154,22,-86,0.001869,51,2024-08-11 06:59:21.000729,534,1.037,0.0011,"aoml_navis",1029.5190842887
"7901009",43,0,1,0.024297,1,0.001869,1,116.038388478104,1,4.85656726824843,536,1,9.39299964904785,35.0789985656738,0.0242970008403063,0,111.896697998047,-86.0545,22.1535,16.3963854163767,63,63,63,63,61,63,0,9004,1.9064526870154,22,-86,0.001869,51,2024-08-11 06:59:21.000729,536,1.037,0.0011,"aoml_navis",1029.53376815952
"7901009",43,0,1,0.026166,1,0.003738,1,116.026362564501,1,4.85651219390497,538,1,9.35099983215332,35.0730018615723,0.0261659994721413,0,111.885101318359,-86.0545,22.1535,16.3963854163767,63,63,63,63,61,63,0,9004,1.9064526870154,22,-86,0.001869,51,2024-08-11 06:59:21.000729,538,1.037,0.0011,"aoml_navis",1029.54544338942
"7901009",43,0,1,0.028035,1,0.005607,1,116.153599895139,1,4.85644648222749,540,1,9.29599952697754,35.0670013427734,0.0280349999666214,0,112.007797241211,-86.0545,22.1535,16.3963854163767,63,63,63,63,61,63,0,9004,1.9064526870154,22,-86,0.001869,51,2024-08-11 06:59:21.000729,540,1.037,0.0011,"aoml_navis",1029.55937397804
"7901009",43,0,1,0.026166,1,0.003738,1,116.364844561726,1,4.85637549960137,542,1,9.2209997177124,35.0579986572266,0.0261659994721413,0,112.211502075195,-86.0545,22.1535,16.3963854163767,63,63,63,63,61,63,0,9004,1.9064526870154,22,-86,0.001869,51,2024-08-11 06:59:21.000729,542,1.037,0.0011,"aoml_navis",1029.57442240832
"7901009",43,0,1,0.029904,1,0.007476,1,116.627721538955,1,4.85630313549675,544,1,9.15299987792969,35.0509986877441,0.0299040004611015,0,112.464996337891,-86.0545,22.1535,16.3963854163767,63,63,63,63,61,63,0,9004,1.9064526870154,22,-86,0.001869,51,2024-08-11 06:59:21.000729,544,1.037,0.0011,"aoml_navis",1029.58976416709
"7901009",43,0,1,0.028035,1,0.005607,1,116.750615299483,1,4.8562464554695,546,1,9.11299991607666,35.0460014343262,0.0280349999666214,0,112.583503723145,-86.0545,22.1535,16.3963854163767,63,63,63,63,61,63,0,9004,1.9064526870154,22,-86,0.001869,51,2024-08-11 06:59:21.000729,546,1.037,0.0011,"aoml_navis",1029.60178109754
"7901009",43,0,1,0.029904,1,0.007476,1,117.041594937974,1,4.85617155309586,548,1,9.04599952697754,35.0400009155273,0.0299040004611015,0,112.864097595215,-86.0545,22.1535,16.3963854163767,63,63,63,63,61,63,0,9004,1.9064526870154,22,-86,0.001869,51,2024-08-11 06:59:21.000729,548,1.037,0.0011,"aoml_navis",1029.61766184155
"7901009",43,0,1,0.028035,1,0.005607,1,117.322320902762,1,4.85609603980606,550,1,8.97799968719482,35.0340003967285,0.0280349999666214,0,113.134803771973,-86.0545,22.1535,16.3963854163767,63,63,63,63,61,63,0,9004,1.9064526870154,22,-86,0.001869,51,2024-08-11 06:59:21.000729,550,1.037,0.0011,"aoml_navis",1029.63367260745
"7901009",43,0,1,0.033642,1,0.011214,1,117.333516078912,1,4.85605123185324,552,1,8.97500038146973,35.0340003967285,0.0336420014500618,0,113.145599365234,-86.0545,22.1535,16.3963854163767,63,63,63,63,61,63,0,9004,1.9064526870154,22,-86,0.001869,51,2024-08-11 06:59:21.000729,552,1.037,0.0011,"aoml_navis",1029.64317328502
"7901009",43,0,1,0.028035,1,0.005607,1,117.44551531113,1,4.85600008723423,554,1,8.94600009918213,35.0299987792969,0.0280349999666214,0,113.253601074219,-86.0545,22.1535,16.3963854163767,63,63,63,63,61,63,0,9004,1.9064526870154,22,-86,0.001869,51,2024-08-11 06:59:21.000729,554,1.037,0.0011,"aoml_navis",1029.6540177469
"7901009",43,0,1,0.026166,1,0.003738,1,117.520178828679,1,4.85593245896361,556,1,8.89200019836426,35.0250015258789,0.0261659994721413,0,113.32559967041,-86.0545,22.1535,16.3963854163767,63,63,63,63,61,63,0,9004,1.9064526870154,22,-86,0.001869,51,2024-08-11 06:59:21.000729,556,1.037,0.0011,"aoml_navis",1029.66835767463
"7901009",43,0,1,0.029904,1,0.007476,1,117.367734550185,1,4.85587577724303,558,1,8.85599994659424,35.0209999084473,0.0299040004611015,0,113.178596496582,-86.0545,22.1535,16.3963854163767,63,63,63,63,61,63,0,9004,1.9064526870154,22,-86,0.001869,51,2024-08-11 06:59:21.000729,558,1.037,0.0011,"aoml_navis",1029.68037679885
"7901009",43,0,1,0.028035,1,0.005607,1,117.526713963309,1,4.85579260859752,560,1,8.74100017547607,35.0069999694824,0.0280349999666214,0,113.331901550293,-86.0545,22.1535,16.3963854163767,63,63,63,63,61,63,0,9004,1.9064526870154,22,-86,0.001869,51,2024-08-11 06:59:21.000729,560,1.037,0.0011,"aoml_navis",1029.69801287377
"7901009",43,0,1,0.031773,1,0.009345,1,117.605839727748,1,4.85573749231677,562,1,8.67899990081787,34.9970016479492,0.0317730009555817,0,113.408203125,-86.0545,22.1535,16.3963854163767,63,63,63,63,61,63,0,9004,1.9064526870154,22,-86,0.001869,51,2024-08-11 06:59:21.000729,562,1.037,0.0011,"aoml_navis",1029.70970072239
"7901009",43,0,1,0.031773,1,0.009345,1,117.753710994359,1,4.85567174538227,564,1,8.60799980163574,34.9879989624023,0.0317730009555817,0,113.550796508789,-86.0545,22.1535,16.3963854163767,63,63,63,63,61,63,0,9004,1.9064526870154,22,-86,0.001869,51,2024-08-11 06:59:21.000729,564,1.037,0.0011,"aoml_navis",1029.72364323329
"7901009",43,0,1,0.029904,1,0.007476,1,118.223481156278,1,4.85556239685949,566,1,8.44400024414062,34.9710006713867,0.0299040004611015,0,114.003799438477,-86.0545,22.1535,16.3963854163767,63,63,63,63,61,63,0,9004,1.9064526870154,22,-86,0.001869,51,2024-08-11 06:59:21.000729,566,1.037,0.0011,"aoml_navis",1029.74683287644
"7901009",43,0,1,0.026166,1,0.003738,1,118.549312208864,1,4.85547465587591,568,1,8.32499980926514,34.9580001831055,0.0261659994721413,0,114.318000793457,-86.0545,22.1535,16.3963854163767,63,63,63,63,61,63,0,9004,1.9064526870154,22,-86,0.001869,51,2024-08-11 06:59:21.000729,568,1.037,0.0011,"aoml_navis",1029.7654409439
"7901009",43,0,1,0.028035,1,0.005607,1,118.583736386554,1,4.85542593968786,570,1,8.31700038909912,34.9580001831055,0.0280349999666214,0,114.351196289062,-86.0545,22.1535,16.3963854163767,63,63,63,63,61,63,0,9004,1.9064526870154,22,-86,0.001869,51,2024-08-11 06:59:21.000729,570,1.037,0.0011,"aoml_navis",1029.77577294103
"7901009",43,0,1,0.029904,1,0.007476,1,118.69884495038,1,4.85537813739944,572,1,8.29599952697754,34.9550018310547,0.0299040004611015,0,114.462196350098,-86.0545,22.1535,16.3963854163767,63,63,63,63,61,63,0,9004,1.9064526870154,22,-86,0.001869,51,2024-08-11 06:59:21.000729,572,1.037,0.0011,"aoml_navis",1029.78591131483
"7901009",43,0,1,0.028035,1,0.005607,1,118.882817693157,1,4.85532414609579,574,1,8.26700019836426,34.9519996643066,0.0280349999666214,0,114.639602661133,-86.0545,22.1535,16.3963854163767,63,63,63,63,61,63,0,9004,1.9064526870154,22,-86,0.001869,51,2024-08-11 06:59:21.000729,574,1.037,0.0011,"aoml_navis",1029.7973625552
"7901009",43,0,1,0.028035,1,0.005607,1,119.092392973053,1,4.85527622184884,576,1,8.26000022888184,34.9519996643066,0.0280349999666214,0,114.841697692871,-86.0545,22.1535,16.3963854163767,63,63,63,63,61,63,0,9004,1.9064526870154,22,-86,0.001869,51,2024-08-11 06:59:21.000729,576,1.037,0.0011,"aoml_navis",1029.8075272216
"7901009",43,0,1,0.029904,1,0.007476,1,119.326138756934,1,4.85521742512199,578,1,8.23900032043457,34.9519996643066,0.0299040004611015,0,115.067100524902,-86.0545,22.1535,16.3963854163767,63,63,63,63,61,63,0,9004,1.9064526870154,22,-86,0.001869,51,2024-08-11 06:59:21.000729,578,1.037,0.0011,"aoml_navis",1029.81999820005
"7901009",43,0,1,0.031773,1,0.009345,1,119.428596376121,1,4.85515592613935,580,1,8.20499992370605,34.9500007629395,0.0317730009555817,0,115.165901184082,-86.0545,22.1535,16.3963854163767,63,63,63,63,61,63,0,9004,1.9064526870154,22,-86,0.001869,51,2024-08-11 06:59:21.000729,580,1.037,0.0011,"aoml_navis",1029.83304265901
"7901009",43,0,1,0.029904,1,0.007476,1,119.551276518447,1,4.85510745387547,582,1,8.18299961090088,34.9469985961914,0.0299040004611015,0,115.284202575684,-86.0545,22.1535,16.3963854163767,63,63,63,63,61,63,0,9004,1.9064526870154,22,-86,0.001869,51,2024-08-11 06:59:21.000729,582,1.037,0.0011,"aoml_navis",1029.84332427264
"7901009",43,0,1,0.028035,1,0.005607,1,119.755978138619,1,4.85505453304934,584,1,8.15999984741211,34.9449996948242,0.0280349999666214,0,115.481597900391,-86.0545,22.1535,16.3963854163767,63,63,63,63,61,63,0,9004,1.9064526870154,22,-86,0.001869,51,2024-08-11 06:59:21.000729,584,1.037,0.0011,"aoml_navis",1029.85454972009
"7901009",43,0,1,0.029904,1,0.007476,1,119.943890950458,1,4.85500359001062,586,1,8.13000011444092,34.9410018920898,0.0299040004611015,0,115.662803649902,-86.0545,22.1535,16.3963854163767,63,63,63,63,61,63,0,9004,1.9064526870154,22,-86,0.001869,51,2024-08-11 06:59:21.000729,586,1.037,0.0011,"aoml_navis",1029.86535587486
"7901009",43,0,1,0.026166,1,0.003738,1,120.216618100342,1,4.8549328477871,588,1,8.07900047302246,34.9379997253418,0.0261659994721413,0,115.925796508789,-86.0545,22.1535,16.3963854163767,63,63,63,63,61,63,0,9004,1.9064526870154,22,-86,0.001869,51,2024-08-11 06:59:21.000729,588,1.037,0.0011,"aoml_navis",1029.88036225445
"7901009",43,0,1,0.029904,1,0.007476,1,120.351332068057,1,4.85487541105817,590,1,8.05000019073486,34.9360008239746,0.0299040004611015,0,116.055702209473,-86.0545,22.1535,16.3963854163767,63,63,63,63,61,63,0,9004,1.9064526870154,22,-86,0.001869,51,2024-08-11 06:59:21.000729,590,1.037,0.0011,"aoml_navis",1029.8925464928
"7901009",43,0,1,0.028035,1,0.005607,1,120.491117490126,1,4.85482262494292,592,1,8.02700042724609,34.9339981079102,0.0280349999666214,0,116.190498352051,-86.0545,22.1535,16.3963854163767,63,63,63,63,61,63,0,9004,1.9064526870154,22,-86,0.001869,51,2024-08-11 06:59:21.000729,592,1.037,0.0011,"aoml_navis",1029.90374443573
"7901009",43,0,4,0.024297,1,0.001869,1,120.538714790283,1,4.85477551623835,594,1,8.02099990844727,34.9339981079102,0.0242970008403063,0,116.236396789551,-86.0545,22.1535,16.3963854163767,63,63,63,63,61,63,0,9004,1.9064526870154,22,-86,0.001869,51,2024-08-11 06:59:21.000729,594,1.037,0.0011,"aoml_navis",1029.91373818952
"7901009",43,0,1,0.029904,1,0.007476,1,120.695827022084,1,4.85472887083789,596,1,8.00599956512451,34.931999206543,0.0299040004611015,0,116.387901306152,-86.0545,22.1535,16.3963854163767,63,63,63,63,61,63,0,9004,1.9064526870154,22,-86,0.001869,51,2024-08-11 06:59:21.000729,596,1.037,0.0011,"aoml_navis",1029.92363384797
"7901009",43,0,1,0.031773,1,0.009345,1,120.802533269958,1,4.85467840479371,598,1,7.98600006103516,34.9300003051758,0.0317730009555817,0,116.490798950195,-86.0545,22.1535,16.3963854163767,63,63,63,63,61,63,0,9004,1.9064526870154,22,-86,0.001869,51,2024-08-11 06:59:21.000729,598,1.037,0.0011,"aoml_navis",1029.93434025677
"7901009",43,0,1,0.028035,1,0.005607,1,121.043739867345,1,4.8546311585713,600,1,7.97499990463257,34.9290008544922,0.0280349999666214,0,116.72339630127,-86.0545,22.1535,16.3963854163767,63,63,63,63,61,63,0,9004,1.9064526870154,22,-86,0.001869,51,2024-08-11 06:59:21.000729,600,1.037,0.0011,"aoml_navis",1029.94436377974
"7901009",43,0,1,0.029904,1,0.007476,1,121.334941035824,1,4.85457447476488,602,1,7.94199991226196,34.9259986877441,0.0299040004611015,0,117.004203796387,-86.0545,22.1535,16.3963854163767,63,63,63,63,61,63,0,9004,1.9064526870154,22,-86,0.001869,51,2024-08-11 06:59:21.000729,602,1.037,0.0011,"aoml_navis",1029.95638979092
"7901009",43,0,1,0.028035,1,0.005607,1,121.806570467281,1,4.85450613813262,604,1,7.88399982452393,34.9210014343262,0.0280349999666214,0,117.458999633789,-86.0545,22.1535,16.3963854163767,63,63,63,63,61,63,0,9004,1.9064526870154,22,-86,0.001869,51,2024-08-11 06:59:21.000729,604,1.037,0.0011,"aoml_navis",1029.97088843384
"7901009",43,0,1,0.028035,1,0.005607,1,122.252280890208,1,4.85441966999447,606,1,7.79699993133545,34.9150009155273,0.0280349999666214,0,117.888801574707,-86.0545,22.1535,16.3963854163767,63,63,63,63,61,63,0,9004,1.9064526870154,22,-86,0.001869,51,2024-08-11 06:59:21.000729,606,1.037,0.0011,"aoml_navis",1029.98923453309
"7901009",43,0,1,0.029904,1,0.007476,1,122.546789184928,1,4.85436012015832,608,1,7.75500011444092,34.9109992980957,0.0299040004611015,0,118.172798156738,-86.0545,22.1535,16.3963854163767,63,63,63,63,61,63,0,9004,1.9064526870154,22,-86,0.001869,51,2024-08-11 06:59:21.000729,608,1.037,0.0011,"aoml_navis",1030.0018697082
"7901009",43,0,1,0.026166,1,0.003738,1,122.902178667265,1,4.85429460651513,610,1,7.70499992370605,34.9070014953613,0.0261659994721413,0,118.515502929688,-86.0545,22.1535,16.3963854163767,63,63,63,63,61,63,0,9004,1.9064526870154,22,-86,0.001869,51,2024-08-11 06:59:21.000729,610,1.037,0.0011,"aoml_navis",1030.01577063108
"7901009",43,0,1,0.031773,1,0.009345,1,123.179265210831,1,4.85421271418854,612,1,7.63299989700317,34.9029998779297,0.0317730009555817,0,118.782699584961,-86.0545,22.1535,16.3963854163767,63,63,63,63,61,63,0,9004,1.9064526870154,22,-86,0.001869,51,2024-08-11 06:59:21.000729,612,1.037,0.0011,"aoml_navis",1030.03314737019
"7901009",43,0,1,0.028035,1,0.005607,1,123.25703805999,1,4.85416709764935,614,1,7.62400007247925,34.9020004272461,0.0280349999666214,0,118.857696533203,-86.0545,22.1535,16.3963854163767,63,63,63,63,61,63,0,9004,1.9064526870154,22,-86,0.001869,51,2024-08-11 06:59:21.000729,614,1.037,0.0011,"aoml_navis",1030.04282700142
"7901009",43,0,1,0.029904,1,0.007476,1,123.325482914321,1,4.85412304494012,616,1,7.62200021743774,34.9020004272461,0.0299040004611015,0,118.923698425293,-86.0545,22.1535,16.3963854163767,63,63,63,63,61,63,0,9004,1.9064526870154,22,-86,0.001869,51,2024-08-11 06:59:21.000729,616,1.037,0.0011,"aoml_navis",1030.05217496741
"7901009",43,0,1,0.033642,1,0.011214,1,123.414047438582,1,4.85407599662266,618,1,7.61600017547607,34.9020004272461,0.0336420014500618,0,119.009101867676,-86.0545,22.1535,16.3963854163767,63,63,63,63,61,63,0,9004,1.9064526870154,22,-86,0.001869,51,2024-08-11 06:59:21.000729,618,1.037,0.0011,"aoml_navis",1030.06215878756
"7901009",43,0,1,0.029904,1,0.007476,1,123.60371666675,1,4.85403563068247,620,1,7.61399984359741,34.9010009765625,0.0299040004611015,0,119.192001342773,-86.0545,22.1535,16.3963854163767,63,63,63,63,61,63,0,9004,1.9064526870154,22,-86,0.001869,51,2024-08-11 06:59:21.000729,620,1.037,0.0011,"aoml_navis",1030.07072473776
"7901009",43,0,1,0.028035,1,0.005607,1,124.023603022571,1,4.85398997485048,622,1,7.59999990463257,34.898998260498,0.0280349999666214,0,119.596900939941,-86.0545,22.1535,16.3963854163767,63,63,63,63,61,63,0,9004,1.9064526870154,22,-86,0.001869,51,2024-08-11 06:59:21.000729,622,1.037,0.0011,"aoml_navis",1030.08041341371
"7901009",43,0,1,0.028035,1,0.005607,1,124.611068902099,1,4.85393677673003,624,1,7.57100009918213,34.8959999084473,0.0280349999666214,0,120.163398742676,-86.0545,22.1535,16.3963854163767,63,63,63,63,61,63,0,9004,1.9064526870154,22,-86,0.001869,51,2024-08-11 06:59:21.000729,624,1.037,0.0011,"aoml_navis",1030.09170287718
"7901009",43,0,1,0.031773,1,0.009345,1,125.320494951493,1,4.85385225405301,626,1,7.48999977111816,34.890998840332,0.0317730009555817,0,120.847503662109,-86.0545,22.1535,16.3963854163767,63,63,63,63,61,63,0,9004,1.9064526870154,22,-86,0.001869,51,2024-08-11 06:59:21.000729,626,1.037,0.0011,"aoml_navis",1030.10964040468
"7901009",43,0,1,0.028035,1,0.005607,1,125.969554079312,1,4.85375175248952,628,1,7.3769998550415,34.8839988708496,0.0280349999666214,0,121.47339630127,-86.0545,22.1535,16.3963854163767,63,63,63,63,61,63,0,9004,1.9064526870154,22,-86,0.001869,51,2024-08-11 06:59:21.000729,628,1.037,0.0011,"aoml_navis",1030.13096980814
"7901009",43,0,1,0.029904,1,0.007476,1,126.480077847134,1,4.85367748572368,630,1,7.31400012969971,34.8800010681152,0.0299040004611015,0,121.965698242188,-86.0545,22.1535,16.3963854163767,63,63,63,63,61,63,0,9004,1.9064526870154,22,-86,0.001869,51,2024-08-11 06:59:21.000729,630,1.037,0.0011,"aoml_navis",1030.14673197935
"7901009",43,0,1,0.033642,1,0.011214,1,126.947561503112,1,4.8536261229635,632,1,7.28700017929077,34.8769989013672,0.0336420014500618,0,122.416496276855,-86.0545,22.1535,16.3963854163767,63,63,63,63,61,63,0,9004,1.9064526870154,22,-86,0.001869,51,2024-08-11 06:59:21.000729,632,1.037,0.0011,"aoml_navis",1030.15763335045
"7901009",43,0,1,0.029904,1,0.007476,1,127.528088746962,1,4.85351789592317,634,1,7.16699981689453,34.8709983825684,0.0299040004611015,0,122.976303100586,-86.0545,22.1535,16.3963854163767,63,63,63,63,61,63,0,9004,1.9064526870154,22,-86,0.001869,51,2024-08-11 06:59:21.000729,634,1.037,0.0011,"aoml_navis",1030.18060450542
"7901009",43,0,1,0.031773,1,0.009345,1,127.729783888733,1,4.85346590959946,636,1,7.14400005340576,34.8689994812012,0.0317730009555817,0,123.170799255371,-86.0545,22.1535,16.3963854163767,63,63,63,63,61,63,0,9004,1.9064526870154,22,-86,0.001869,51,2024-08-11 06:59:21.000729,636,1.037,0.0011,"aoml_navis",1030.19163895037
"7901009",43,0,1,0.029904,1,0.007476,1,127.934279802488,1,4.85341684965626,638,1,7.125,34.867000579834,0.0299040004611015,0,123.36799621582,-86.0545,22.1535,16.3963854163767,63,63,63,63,61,63,0,9004,1.9064526870154,22,-86,0.001869,51,2024-08-11 06:59:21.000729,638,1.037,0.0011,"aoml_navis",1030.20205246828
"7901009",43,0,1,0.028035,1,0.005607,1,128.160770479282,1,4.85335903617855,640,1,7.09899997711182,34.8660011291504,0.0280349999666214,0,123.586402893066,-86.0545,22.1535,16.3963854163767,63,63,63,63,61,63,0,9004,1.9064526870154,22,-86,0.001869,51,2024-08-11 06:59:21.000729,640,1.037,0.0011,"aoml_navis",1030.21432429135
"7901009",43,0,1,0.028035,1,0.005607,1,128.418156677536,1,4.85329980059234,642,1,7.07100009918213,34.8650016784668,0.0280349999666214,0,123.834602355957,-86.0545,22.1535,16.3963854163767,63,63,63,63,61,63,0,9004,1.9064526870154,22,-86,0.001869,51,2024-08-11 06:59:21.000729,642,1.037,0.0011,"aoml_navis",1030.22689828264
"7901009",43,0,1,0.028035,1,0.005607,1,128.62410835978,1,4.85325001470184,644,1,7.05600023269653,34.8639984130859,0.0280349999666214,0,124.033203125,-86.0545,22.1535,16.3963854163767,63,63,63,63,61,63,0,9004,1.9064526870154,22,-86,0.001869,51,2024-08-11 06:59:21.000729,644,1.037,0.0011,"aoml_navis",1030.2374666159
"7901009",43,0,1,0.028035,1,0.005607,1,128.80817604398,1,4.85319740362185,646,1,7.03200006484985,34.8619995117188,0.0280349999666214,0,124.21070098877,-86.0545,22.1535,16.3963854163767,63,63,63,63,61,63,0,9004,1.9064526870154,22,-86,0.001869,51,2024-08-11 06:59:21.000729,646,1.037,0.0011,"aoml_navis",1030.24863490378
"7901009",43,0,1,0.028035,1,0.005607,1,128.983532852603,1,4.85314040568255,648,1,7.00699996948242,34.8610000610352,0.0280349999666214,0,124.37979888916,-86.0545,22.1535,16.3963854163767,63,63,63,63,61,63,0,9004,1.9064526870154,22,-86,0.001869,51,2024-08-11 06:59:21.000729,648,1.037,0.0011,"aoml_navis",1030.26073470809
"7901009",43,0,1,0.026166,1,0.003738,1,129.075103855265,1,4.85309424692651,650,1,6.99700021743774,34.8600006103516,0.0261659994721413,0,124.468101501465,-86.0545,22.1535,16.3963854163767,63,63,63,63,61,63,0,9004,1.9064526870154,22,-86,0.001869,51,2024-08-11 06:59:21.000729,650,1.037,0.0011,"aoml_navis",1030.27053372527
"7901009",43,0,1,0.031773,1,0.009345,1,129.146555187997,1,4.85304440383179,652,1,6.98699998855591,34.8600006103516,0.0317730009555817,0,124.537002563477,-86.0545,22.1535,16.3963854163767,63,63,63,63,61,63,0,9004,1.9064526870154,22,-86,0.001869,51,2024-08-11 06:59:21.000729,652,1.037,0.0011,"aoml_navis",1030.28111509802
"7901009",43,0,1,0.026166,1,0.003738,1,129.223916624322,1,4.85299897314594,654,1,6.97800016403198,34.859001159668,0.0261659994721413,0,124.611602783203,-86.0545,22.1535,16.3963854163767,63,63,63,63,61,63,0,9004,1.9064526870154,22,-86,0.001869,51,2024-08-11 06:59:21.000729,654,1.037,0.0011,"aoml_navis",1030.2907599337
"7901009",43,0,1,0.028035,1,0.005607,1,129.311436792928,1,4.85295274019192,656,1,6.97300004959106,34.859001159668,0.0280349999666214,0,124.695999145508,-86.0545,22.1535,16.3963854163767,63,63,63,63,61,63,0,9004,1.9064526870154,22,-86,0.001869,51,2024-08-11 06:59:21.000729,656,1.037,0.0011,"aoml_navis",1030.30057527456
"7901009",43,0,1,0.029904,1,0.007476,1,129.368781412532,1,4.85290659394132,658,1,6.96299982070923,34.8580017089844,0.0299040004611015,0,124.75129699707,-86.0545,22.1535,16.3963854163767,63,63,63,63,61,63,0,9004,1.9064526870154,22,-86,0.001869,51,2024-08-11 06:59:21.000729,658,1.037,0.0011,"aoml_navis",1030.31037239462
"7901009",43,0,1,0.031773,1,0.009345,1,129.486690748342,1,4.85285254784052,660,1,6.94199991226196,34.8569984436035,0.0317730009555817,0,124.86499786377,-86.0545,22.1535,16.3963854163767,63,63,63,63,61,63,0,9004,1.9064526870154,22,-86,0.001869,51,2024-08-11 06:59:21.000729,660,1.037,0.0011,"aoml_navis",1030.32184693618
"7901009",43,0,1,0.026166,1,0.003738,1,129.518630625459,1,4.8528092898031,662,1,6.93599987030029,34.8559989929199,0.0261659994721413,0,124.895797729492,-86.0545,22.1535,16.3963854163767,63,63,63,63,61,63,0,9004,1.9064526870154,22,-86,0.001869,51,2024-08-11 06:59:21.000729,662,1.037,0.0011,"aoml_navis",1030.33103124538
"7901009",43,0,1,0.031773,1,0.009345,1,129.592779876966,1,4.85276450454469,664,1,6.93300008773804,34.8559989929199,0.0317730009555817,0,124.967300415039,-86.0545,22.1535,16.3963854163767,63,63,63,63,61,63,0,9004,1.9064526870154,22,-86,0.001869,51,2024-08-11 06:59:21.000729,664,1.037,0.0011,"aoml_navis",1030.34053997828
"7901009",43,0,1,0.028035,1,0.005607,1,129.664959093943,1,4.85272556698357,666,1,6.93300008773804,34.8549995422363,0.0280349999666214,0,125.036903381348,-86.0545,22.1535,16.3963854163767,63,63,63,63,61,63,0,9004,1.9064526870154,22,-86,0.001869,51,2024-08-11 06:59:21.000729,666,1.037,0.0011,"aoml_navis",1030.34880728027
"7901009",43,0,1,0.028035,1,0.005607,1,129.807750994413,1,4.85267718764962,668,1,6.92500019073486,34.8549995422363,0.0280349999666214,0,125.174598693848,-86.0545,22.1535,16.3963854163767,63,63,63,63,61,63,0,9004,1.9064526870154,22,-86,0.001869,51,2024-08-11 06:59:21.000729,668,1.037,0.0011,"aoml_navis",1030.35907946346
"7901009",43,0,1,0.028035,1,0.005607,1,129.964546754803,1,4.85261965690608,670,1,6.89400005340576,34.8530006408691,0.0280349999666214,0,125.325798034668,-86.0545,22.1535,16.3963854163767,63,63,63,63,61,63,0,9004,1.9064526870154,22,-86,0.001869,51,2024-08-11 06:59:21.000729,670,1.037,0.0011,"aoml_navis",1030.37129499407
"7901009",43,0,1,0.031773,1,0.009345,1,130.062550038886,1,4.8525713863903,672,1,6.88100004196167,34.8520011901855,0.0317730009555817,0,125.420303344727,-86.0545,22.1535,16.3963854163767,63,63,63,63,61,63,0,9004,1.9064526870154,22,-86,0.001869,51,2024-08-11 06:59:21.000729,672,1.037,0.0011,"aoml_navis",1030.38154451951
"7901009",43,0,1,0.031773,1,0.009345,1,130.237701141092,1,4.8525237381632,674,1,6.87400007247925,34.8520011901855,0.0317730009555817,0,125.589202880859,-86.0545,22.1535,16.3963854163767,63,63,63,63,61,63,0,9004,1.9064526870154,22,-86,0.001869,51,2024-08-11 06:59:21.000729,674,1.037,0.0011,"aoml_navis",1030.39166211119
"7901009",43,0,1,0.028035,1,0.005607,1,130.36836427475,1,4.85247834491839,676,1,6.86499977111816,34.851001739502,0.0280349999666214,0,125.715202331543,-86.0545,22.1535,16.3963854163767,63,63,63,63,61,63,0,9004,1.9064526870154,22,-86,0.001869,51,2024-08-11 06:59:21.000729,676,1.037,0.0011,"aoml_navis",1030.40130106631
"7901009",43,0,1,0.029904,1,0.007476,1,130.50099744294,1,4.85243081886395,678,1,6.85300016403198,34.8499984741211,0.0299040004611015,0,125.843101501465,-86.0545,22.1535,16.3963854163767,63,63,63,63,61,63,0,9004,1.9064526870154,22,-86,0.001869,51,2024-08-11 06:59:21.000729,678,1.037,0.0011,"aoml_navis",1030.41139310268
"7901009",43,0,1,0.028035,1,0.005607,1,130.743446190613,1,4.85237673110981,680,1,6.83699989318848,34.8499984741211,0.0280349999666214,0,126.07689666748,-86.0545,22.1535,16.3963854163767,63,63,63,63,61,63,0,9004,1.9064526870154,22,-86,0.001869,51,2024-08-11 06:59:21.000729,680,1.037,0.0011,"aoml_navis",1030.42287873976
"7901009",43,0,1,0.035511,1,0.013083,1,130.961115226835,1,4.85232694702787,682,1,6.8270001411438,34.8499984741211,0.0355109982192516,0,126.286796569824,-86.0545,22.1535,16.3963854163767,63,63,63,63,61,63,0,9004,1.9064526870154,22,-86,0.001869,51,2024-08-11 06:59:21.000729,682,1.037,0.0011,"aoml_navis",1030.4334507102
"7901009",43,0,1,0.033642,1,0.011214,1,131.20212402959,1,4.85227704334748,684,1,6.82200002670288,34.851001739502,0.0336420014500618,0,126.519203186035,-86.0545,22.1535,16.3963854163767,63,63,63,63,61,63,0,9004,1.9064526870154,22,-86,0.001869,51,2024-08-11 06:59:21.000729,684,1.037,0.0011,"aoml_navis",1030.44404829585
"7901009",43,0,1,0.029904,1,0.007476,1,131.410868572033,1,4.85221824206766,686,1,6.82000017166138,34.8549995422363,0.0299040004611015,0,126.720497131348,-86.0545,22.1535,16.3963854163767,63,63,63,63,61,63,0,9004,1.9064526870154,22,-86,0.001869,51,2024-08-11 06:59:21.000729,686,1.037,0.0011,"aoml_navis",1030.45653566262
"7901009",43,0,1,0.031773,1,0.009345,1,131.522250685,1,4.85216526481446,688,1,6.82100009918213,34.8580017089844,0.0317730009555817,0,126.827903747559,-86.0545,22.1535,16.3963854163767,63,63,63,63,61,63,0,9004,1.9064526870154,22,-86,0.001869,51,2024-08-11 06:59:21.000729,688,1.037,0.0011,"aoml_navis",1030.46778646588
"7901009",43,0,1,0.028035,1,0.005607,1,131.587269736311,1,4.85211599229582,690,1,6.82200002670288,34.8600006103516,0.0280349999666214,0,126.890602111816,-86.0545,22.1535,16.3963854163767,63,63,63,63,61,63,0,9004,1.9064526870154,22,-86,0.001869,51,2024-08-11 06:59:21.000729,690,1.037,0.0011,"aoml_navis",1030.4782507135
"7901009",43,0,1,0.028035,1,0.005607,1,131.675517789162,1,4.85206754348724,692,1,6.81899976730347,34.8610000610352,0.0280349999666214,0,126.975700378418,-86.0545,22.1535,16.3963854163767,63,63,63,63,61,63,0,9004,1.9064526870154,22,-86,0.001869,51,2024-08-11 06:59:21.000729,692,1.037,0.0011,"aoml_navis",1030.48854023298
"7901009",43,0,1,0.029904,1,0.007476,1,131.805872363195,1,4.85202718677669,694,1,6.81699991226196,34.8600006103516,0.0299040004611015,0,127.101402282715,-86.0545,22.1535,16.3963854163767,63,63,63,63,61,63,0,9004,1.9064526870154,22,-86,0.001869,51,2024-08-11 06:59:21.000729,694,1.037,0.0011,"aoml_navis",1030.49711131598
"7901009",43,0,1,0.026166,1,0.003738,1,132.052680504549,1,4.85198314534637,696,1,6.81500005722046,34.8600006103516,0.0261659994721413,0,127.339401245117,-86.0545,22.1535,16.3963854163767,63,63,63,63,61,63,0,9004,1.9064526870154,22,-86,0.001869,51,2024-08-11 06:59:21.000729,696,1.037,0.0011,"aoml_navis",1030.50646513387
"7901009",43,0,1,0.028035,1,0.005607,1,132.43782621127,1,4.85192621228076,698,1,6.79500007629395,34.8600006103516,0.0280349999666214,0,127.710800170898,-86.0545,22.1535,16.3963854163767,63,63,63,63,61,63,0,9004,1.9064526870154,22,-86,0.001869,51,2024-08-11 06:59:21.000729,698,1.037,0.0011,"aoml_navis",1030.5185572164
"7901009",43,0,1,0.029904,1,0.007476,1,132.751829144884,1,4.85186797653412,700,1,6.76800012588501,34.859001159668,0.0299040004611015,0,128.013595581055,-86.0545,22.1535,16.3963854163767,63,63,63,63,61,63,0,9004,1.9064526870154,22,-86,0.001869,51,2024-08-11 06:59:21.000729,700,1.037,0.0011,"aoml_navis",1030.53092627052
"7901009",43,0,1,0.031773,1,0.009345,1,133.06678149273,1,4.85181619329236,702,1,6.75,34.8580017089844,0.0317730009555817,0,128.317306518555,-86.0545,22.1535,16.3963854163767,63,63,63,63,61,63,0,9004,1.9064526870154,22,-86,0.001869,51,2024-08-11 06:59:21.000729,702,1.037,0.0011,"aoml_navis",1030.54192508622
"7901009",43,0,1,0.031773,1,0.009345,1,133.364707678684,1,4.85176099282739,704,1,6.72200012207031,34.8559989929199,0.0317730009555817,0,128.604598999023,-86.0545,22.1535,16.3963854163767,63,63,63,63,61,63,0,9004,1.9064526870154,22,-86,0.001869,51,2024-08-11 06:59:21.000729,704,1.037,0.0011,"aoml_navis",1030.5536499823
"7901009",43,0,4,0.024297,1,0.001869,1,133.59410198067,1,4.85170354578841,706,1,6.69600009918213,34.8549995422363,0.0242970008403063,0,128.825805664062,-86.0545,22.1535,16.3963854163767,63,63,63,63,61,63,0,9004,1.9064526870154,22,-86,0.001869,51,2024-08-11 06:59:21.000729,706,1.037,0.0011,"aoml_navis",1030.56585234692
"7901009",43,0,1,0.028035,1,0.005607,1,133.771832324872,1,4.85165181112056,708,1,6.67799997329712,34.8540000915527,0.0280349999666214,0,128.997192382812,-86.0545,22.1535,16.3963854163767,63,63,63,63,61,63,0,9004,1.9064526870154,22,-86,0.001869,51,2024-08-11 06:59:21.000729,708,1.037,0.0011,"aoml_navis",1030.5768415902
"7901009",43,0,1,0.031773,1,0.009345,1,133.979453393807,1,4.85160790397338,710,1,6.6710000038147,34.8530006408691,0.0317730009555817,0,129.197402954102,-86.0545,22.1535,16.3963854163767,63,63,63,63,61,63,0,9004,1.9064526870154,22,-86,0.001869,51,2024-08-11 06:59:21.000729,710,1.037,0.0011,"aoml_navis",1030.58616833093
"7901009",43,0,1,0.026166,1,0.003738,1,134.159478155736,1,4.85155604921386,712,1,6.65799999237061,34.8530006408691,0.0261659994721413,0,129.371002197266,-86.0545,22.1535,16.3963854163767,63,63,63,63,61,63,0,9004,1.9064526870154,22,-86,0.001869,51,2024-08-11 06:59:21.000729,712,1.037,0.0011,"aoml_navis",1030.5971835181
"7901009",43,0,1,0.028035,1,0.005607,1,134.403794084733,1,4.85150788746852,714,1,6.64499998092651,34.8520011901855,0.0280349999666214,0,129.606597900391,-86.0545,22.1535,16.3963854163767,63,63,63,63,61,63,0,9004,1.9064526870154,22,-86,0.001869,51,2024-08-11 06:59:21.000729,714,1.037,0.0011,"aoml_navis",1030.60741443192
"7901009",43,0,1,0.033642,1,0.011214,1,134.658695982414,1,4.85145108013916,716,1,6.625,34.8520011901855,0.0336420014500618,0,129.852401733398,-86.0545,22.1535,16.3963854163767,63,63,63,63,61,63,0,9004,1.9064526870154,22,-86,0.001869,51,2024-08-11 06:59:21.000729,716,1.037,0.0011,"aoml_navis",1030.61948217286
"7901009",43,0,1,0.029904,1,0.007476,1,134.840793632083,1,4.85140066371987,718,1,6.61399984359741,34.8520011901855,0.0299040004611015,0,130.02799987793,-86.0545,22.1535,16.3963854163767,63,63,63,63,61,63,0,9004,1.9064526870154,22,-86,0.001869,51,2024-08-11 06:59:21.000729,718,1.037,0.0011,"aoml_navis",1030.63019251149
"7901009",43,0,1,0.028035,1,0.005607,1,135.048303936024,1,4.85135535570731,720,1,6.60500001907349,34.851001739502,0.0280349999666214,0,130.228103637695,-86.0545,22.1535,16.3963854163767,63,63,63,63,61,63,0,9004,1.9064526870154,22,-86,0.001869,51,2024-08-11 06:59:21.000729,720,1.037,0.0011,"aoml_navis",1030.63981782283
"7901009",43,0,1,0.029904,1,0.007476,1,135.320105407032,1,4.85130778009381,722,1,6.59800004959106,34.851001739502,0.0299040004611015,0,130.490203857422,-86.0545,22.1535,16.3963854163767,63,63,63,63,61,63,0,9004,1.9064526870154,22,-86,0.001869,51,2024-08-11 06:59:21.000729,722,1.037,0.0011,"aoml_navis",1030.64992506068
"7901009",43,0,1,0.029904,1,0.007476,1,135.758861370711,1,4.85126603215292,724,1,6.5939998626709,34.8499984741211,0.0299040004611015,0,130.913299560547,-86.0545,22.1535,16.3963854163767,63,63,63,63,61,63,0,9004,1.9064526870154,22,-86,0.001869,51,2024-08-11 06:59:21.000729,724,1.037,0.0011,"aoml_navis",1030.65879439744
"7901009",43,0,1,0.033642,1,0.011214,1,136.498882293727,1,4.85120022095755,726,1,6.55600023269653,34.8489990234375,0.0336420014500618,0,131.626907348633,-86.0545,22.1535,16.3963854163767,63,63,63,63,61,63,0,9004,1.9064526870154,22,-86,0.001869,51,2024-08-11 06:59:21.000729,726,1.037,0.0011,"aoml_navis",1030.67277627496
"7901009",43,0,1,0.029904,1,0.007476,1,137.134562592662,1,4.85111810322278,728,1,6.5,34.8489990234375,0.0299040004611015,0,132.239898681641,-86.0545,22.1535,16.3963854163767,63,63,63,63,61,63,0,9004,1.9064526870154,22,-86,0.001869,51,2024-08-11 06:59:21.000729,728,1.037,0.0011,"aoml_navis",1030.69022308039
"7901009",43,0,1,0.033642,1,0.011214,1,137.445147635042,1,4.8510508623409,730,1,6.46500015258789,34.8489990234375,0.0336420014500618,0,132.539398193359,-86.0545,22.1535,16.3963854163767,63,63,63,63,61,63,0,9004,1.9064526870154,22,-86,0.001869,51,2024-08-11 06:59:21.000729,730,1.037,0.0011,"aoml_navis",1030.70450957655
"7901009",43,0,1,0.029904,1,0.007476,1,137.589506068994,1,4.85100401682791,732,1,6.45900011062622,34.8489990234375,0.0299040004611015,0,132.678604125977,-86.0545,22.1535,16.3963854163767,63,63,63,63,61,63,0,9004,1.9064526870154,22,-86,0.001869,51,2024-08-11 06:59:21.000729,732,1.037,0.0011,"aoml_navis",1030.71446295555
"7901009",43,0,1,0.028035,1,0.005607,1,137.795449839453,1,4.85095436490281,734,1,6.44899988174438,34.8489990234375,0.0280349999666214,0,132.877197265625,-86.0545,22.1535,16.3963854163767,63,63,63,63,61,63,0,9004,1.9064526870154,22,-86,0.001869,51,2024-08-11 06:59:21.000729,734,1.037,0.0011,"aoml_navis",1030.72501282955
"7901009",43,0,1,0.028035,1,0.005607,1,137.976518957038,1,4.85090612034605,736,1,6.44099998474121,34.8489990234375,0.0280349999666214,0,133.051803588867,-86.0545,22.1535,16.3963854163767,63,63,63,63,61,63,0,9004,1.9064526870154,22,-86,0.001869,51,2024-08-11 06:59:21.000729,736,1.037,0.0011,"aoml_navis",1030.73526387753
"7901009",43,0,1,0.031773,1,0.009345,1,138.290426949228,1,4.85086437246016,738,1,6.43699979782104,34.8479995727539,0.0317730009555817,0,133.354507446289,-86.0545,22.1535,16.3963854163767,63,63,63,63,61,63,0,9004,1.9064526870154,22,-86,0.001869,51,2024-08-11 06:59:21.000729,738,1.037,0.0011,"aoml_navis",1030.74413467145
"7901009",43,0,1,0.029904,1,0.007476,1,138.711761161753,1,4.85080631559478,740,1,6.41499996185303,34.8479995727539,0.0299040004611015,0,133.760803222656,-86.0545,22.1535,16.3963854163767,63,63,63,63,61,63,0,9004,1.9064526870154,22,-86,0.001869,51,2024-08-11 06:59:21.000729,740,1.037,0.0011,"aoml_navis",1030.7564711305
"7901009",43,0,1,0.033642,1,0.011214,1,139.115990094534,1,4.85074776593938,742,1,6.38700008392334,34.8470001220703,0.0336420014500618,0,134.150604248047,-86.0545,22.1535,16.3963854163767,63,63,63,63,61,63,0,9004,1.9064526870154,22,-86,0.001869,51,2024-08-11 06:59:21.000729,742,1.037,0.0011,"aoml_navis",1030.76891260119
"7901009",43,0,1,0.028035,1,0.005607,1,139.502164333339,1,4.85069114850095,744,1,6.36700010299683,34.8470001220703,0.0280349999666214,0,134.522994995117,-86.0545,22.1535,16.3963854163767,63,63,63,63,61,63,0,9004,1.9064526870154,22,-86,0.001869,51,2024-08-11 06:59:21.000729,744,1.037,0.0011,"aoml_navis",1030.78094377235
"7901009",43,0,1,0.031773,1,0.009345,1,139.778333109813,1,4.8506329521098,746,1,6.34999990463257,34.8479995727539,0.0317730009555817,0,134.789306640625,-86.0545,22.1535,16.3963854163767,63,63,63,63,61,63,0,9004,1.9064526870154,22,-86,0.001869,51,2024-08-11 06:59:21.000729,746,1.037,0.0011,"aoml_navis",1030.79331076272
"7901009",43,0,1,0.028035,1,0.005607,1,140.025244104377,1,4.85058054699353,748,1,6.33599996566772,34.8479995727539,0.0280349999666214,0,135.027404785156,-86.0545,22.1535,16.3963854163767,63,63,63,63,61,63,0,9004,1.9064526870154,22,-86,0.001869,51,2024-08-11 06:59:21.000729,748,1.037,0.0011,"aoml_navis",1030.8044473355
"7901009",43,0,1,0.026166,1,0.003738,1,140.311666554555,1,4.85052814880817,750,1,6.32200002670288,34.8479995727539,0.0261659994721413,0,135.303604125977,-86.0545,22.1535,16.3963854163767,63,63,63,63,61,63,0,9004,1.9064526870154,22,-86,0.001869,51,2024-08-11 06:59:21.000729,750,1.037,0.0011,"aoml_navis",1030.81558267599
"7901009",43,0,1,0.031773,1,0.009345,1,140.592376695772,1,4.85048202945105,752,1,6.31699991226196,34.8479995727539,0.0317730009555817,0,135.574295043945,-86.0545,22.1535,16.3963854163767,63,63,63,63,61,63,0,9004,1.9064526870154,22,-86,0.001869,51,2024-08-11 06:59:21.000729,752,1.037,0.0011,"aoml_navis",1030.82538387754
"7901009",43,0,1,0.026166,1,0.003738,1,140.929624454496,1,4.8504217738711,754,1,6.29699993133545,34.8489990234375,0.0261659994721413,0,135.899505615234,-86.0545,22.1535,16.3963854163767,63,63,63,63,61,63,0,9004,1.9064526870154,22,-86,0.001869,51,2024-08-11 06:59:21.000729,754,1.037,0.0011,"aoml_navis",1030.83818956419
"7901009",43,0,1,0.033642,1,0.011214,1,141.088793750466,1,4.85036452548994,756,1,6.27600002288818,34.8489990234375,0.0336420014500618,0,136.052993774414,-86.0545,22.1535,16.3963854163767,63,63,63,63,61,63,0,9004,1.9064526870154,22,-86,0.001869,51,2024-08-11 06:59:21.000729,756,1.037,0.0011,"aoml_navis",1030.85035644717
"7901009",43,0,1,0.028035,1,0.005607,1,141.200065098439,1,4.85031472565233,758,1,6.27099990844727,34.8499984741211,0.0280349999666214,0,136.160293579102,-86.0545,22.1535,16.3963854163767,63,63,63,63,61,63,0,9004,1.9064526870154,22,-86,0.001869,51,2024-08-11 06:59:21.000729,758,1.037,0.0011,"aoml_navis",1030.8609405398
"7901009",43,0,1,0.029904,1,0.007476,1,141.323678831425,1,4.85027070215266,760,1,6.26900005340576,34.8499984741211,0.0299040004611015,0,136.279495239258,-86.0545,22.1535,16.3963854163767,63,63,63,63,61,63,0,9004,1.9064526870154,22,-86,0.001869,51,2024-08-11 06:59:21.000729,760,1.037,0.0011,"aoml_navis",1030.87029715288
"7901009",43,0,1,0.026166,1,0.003738,1,141.42219638155,1,4.85022598476504,762,1,6.26599979400635,34.8499984741211,0.0261659994721413,0,136.374496459961,-86.0545,22.1535,16.3963854163767,63,63,63,63,61,63,0,9004,1.9064526870154,22,-86,0.001869,51,2024-08-11 06:59:21.000729,762,1.037,0.0011,"aoml_navis",1030.87980141655
"7901009",43,0,1,0.031773,1,0.009345,1,141.666939546951,1,4.85018196511859,764,1,6.26399993896484,34.8499984741211,0.0317730009555817,0,136.610504150391,-86.0545,22.1535,16.3963854163767,63,63,63,63,61,63,0,9004,1.9064526870154,22,-86,0.001869,51,2024-08-11 06:59:21.000729,764,1.037,0.0011,"aoml_navis",1030.88915755303
"7901009",43,0,1,0.026166,1,0.003738,1,142.057164619812,1,4.85013377386094,766,1,6.25600004196167,34.8499984741211,0.0261659994721413,0,136.986801147461,-86.0545,22.1535,16.3963854163767,63,63,63,63,61,63,0,9004,1.9064526870154,22,-86,0.001869,51,2024-08-11 06:59:21.000729,766,1.037,0.0011,"aoml_navis",1030.89940053752
"7901009",43,0,1,0.031773,1,0.009345,1,142.472074462701,1,4.85007284971043,768,1,6.2350001335144,34.851001739502,0.0317730009555817,0,137.386901855469,-86.0545,22.1535,16.3963854163767,63,63,63,63,61,63,0,9004,1.9064526870154,22,-86,0.001869,51,2024-08-11 06:59:21.000729,768,1.037,0.0011,"aoml_navis",1030.91235017192
"7901009",43,0,1,0.028035,1,0.005607,1,142.806410684447,1,4.85001980665409,770,1,6.21999979019165,34.851001739502,0.0280349999666214,0,137.70930480957,-86.0545,22.1535,16.3963854163767,63,63,63,63,61,63,0,9004,1.9064526870154,22,-86,0.001869,51,2024-08-11 06:59:21.000729,770,1.037,0.0011,"aoml_navis",1030.92362491801
"7901009",43,0,1,0.028035,1,0.005607,1,143.11262842136,1,4.84996538513805,772,1,6.20300006866455,34.851001739502,0.0280349999666214,0,138.004592895508,-86.0545,22.1535,16.3963854163767,63,63,63,63,61,63,0,9004,1.9064526870154,22,-86,0.001869,51,2024-08-11 06:59:21.000729,772,1.037,0.0011,"aoml_navis",1030.93519292358
"7901009",43,0,1,0.026166,1,0.003738,1,143.412849025041,1,4.84990936461456,774,1,6.18900012969971,34.8520011901855,0.0261659994721413,0,138.294097900391,-86.0545,22.1535,16.3963854163767,63,63,63,63,61,63,0,9004,1.9064526870154,22,-86,0.001869,51,2024-08-11 06:59:21.000729,774,1.037,0.0011,"aoml_navis",1030.94710109028
"7901009",43,0,1,0.029904,1,0.007476,1,143.638920377215,1,4.84984827837844,776,1,6.1729998588562,34.8540000915527,0.0299040004611015,0,138.512100219727,-86.0545,22.1535,16.3963854163767,63,63,63,63,61,63,0,9004,1.9064526870154,22,-86,0.001869,51,2024-08-11 06:59:21.000729,776,1.037,0.0011,"aoml_navis",1030.96008637857
"7901009",43,0,1,0.031773,1,0.009345,1,143.806397047714,1,4.84979850114233,778,1,6.16800022125244,34.8549995422363,0.0317730009555817,0,138.673599243164,-86.0545,22.1535,16.3963854163767,63,63,63,63,61,63,0,9004,1.9064526870154,22,-86,0.001869,51,2024-08-11 06:59:21.000729,778,1.037,0.0011,"aoml_navis",1030.97066791997
"7901009",43,0,1,0.026166,1,0.003738,1,144.108168361307,1,4.84975379752662,780,1,6.16499996185303,34.8549995422363,0.0261659994721413,0,138.964599609375,-86.0545,22.1535,16.3963854163767,63,63,63,63,61,63,0,9004,1.9064526870154,22,-86,0.001869,51,2024-08-11 06:59:21.000729,780,1.037,0.0011,"aoml_navis",1030.98017110683
"7901009",43,0,1,0.028035,1,0.005607,1,144.46386640327,1,4.84970263951621,782,1,6.15799999237061,34.8559989929199,0.0280349999666214,0,139.307601928711,-86.0545,22.1535,16.3963854163767,63,63,63,63,61,63,0,9004,1.9064526870154,22,-86,0.001869,51,2024-08-11 06:59:21.000729,782,1.037,0.0011,"aoml_navis",1030.9910465972
"7901009",43,0,1,0.028035,1,0.005607,1,144.990142535555,1,4.84965148391027,784,1,6.15100002288818,34.8569984436035,0.0280349999666214,0,139.815093994141,-86.0545,22.1535,16.3963854163767,63,63,63,63,61,63,0,9004,1.9064526870154,22,-86,0.001869,51,2024-08-11 06:59:21.000729,784,1.037,0.0011,"aoml_navis",1031.00192180583
"7901009",43,0,1,0.031773,1,0.009345,1,145.812398554619,1,4.84958579854769,786,1,6.1230001449585,34.8580017089844,0.0317730009555817,0,140.608001708984,-86.0545,22.1535,16.3963854163767,63,63,63,63,61,63,0,9004,1.9064526870154,22,-86,0.001869,51,2024-08-11 06:59:21.000729,786,1.037,0.0011,"aoml_navis",1031.01588624277
"7901009",43,0,1,0.029904,1,0.007476,1,146.263702609729,1,4.8495125749488,788,1,6.08400011062622,34.859001159668,0.0299040004611015,0,141.043197631836,-86.0545,22.1535,16.3963854163767,63,63,63,63,61,63,0,9004,1.9064526870154,22,-86,0.001869,51,2024-08-11 06:59:21.000729,788,1.037,0.0011,"aoml_navis",1031.03145372353
"7901009",43,0,1,0.028035,1,0.005607,1,146.664307944859,1,4.84944579505498,790,1,6.06500005722046,34.8619995117188,0.0280349999666214,0,141.429504394531,-86.0545,22.1535,16.3963854163767,63,63,63,63,61,63,0,9004,1.9064526870154,22,-86,0.001869,51,2024-08-11 06:59:21.000729,790,1.037,0.0011,"aoml_navis",1031.04565166983
"7901009",43,0,1,0.028035,1,0.005607,1,147.160202821725,1,4.84939053033006,792,1,6.05200004577637,34.8629989624023,0.0280349999666214,0,141.907699584961,-86.0545,22.1535,16.3963854163767,63,63,63,63,61,63,0,9004,1.9064526870154,22,-86,0.001869,51,2024-08-11 06:59:21.000729,792,1.037,0.0011,"aoml_navis",1031.05740169367
"7901009",43,0,1,0.029904,1,0.007476,1,147.622504258353,1,4.84931947327588,794,1,6.01599979400635,34.8639984130859,0.0299040004611015,0,142.353500366211,-86.0545,22.1535,16.3963854163767,63,63,63,63,61,63,0,9004,1.9064526870154,22,-86,0.001869,51,2024-08-11 06:59:21.000729,794,1.037,0.0011,"aoml_navis",1031.07250977266
"7901009",43,0,1,0.028035,1,0.005607,1,147.847119842039,1,4.84925641458753,796,1,5.99700021743774,34.8660011291504,0.0280349999666214,0,142.570098876953,-86.0545,22.1535,16.3963854163767,63,63,63,63,61,63,0,9004,1.9064526870154,22,-86,0.001869,51,2024-08-11 06:59:21.000729,796,1.037,0.0011,"aoml_navis",1031.08591761801
"7901009",43,0,1,0.028035,1,0.005607,1,147.995924699311,1,4.84920597764389,798,1,5.99100017547607,34.867000579834,0.0280349999666214,0,142.713592529297,-86.0545,22.1535,16.3963854163767,63,63,63,63,61,63,0,9004,1.9064526870154,22,-86,0.001869,51,2024-08-11 06:59:21.000729,798,1.037,0.0011,"aoml_navis",1031.09664201754
"7901009",43,0,1,0.026166,1,0.003738,1,148.275622132014,1,4.84917552044934,800,1,5.9980001449585,34.8650016784668,0.0261659994721413,0,142.983306884766,-86.0545,22.1535,16.3963854163767,63,63,63,63,61,63,0,9004,1.9064526870154,22,-86,0.001869,51,2024-08-11 06:59:21.000729,800,1.037,0.0011,"aoml_navis",1031.10311823415
"7901009",43,0,1,0.035511,1,0.013083,1,148.730454843352,1,4.84910837534973,802,1,5.97300004959106,34.867000579834,0.0355109982192516,0,143.421905517578,-86.0545,22.1535,16.3963854163767,63,63,63,63,61,63,0,9004,1.9064526870154,22,-86,0.001869,51,2024-08-11 06:59:21.000729,802,1.037,0.0011,"aoml_navis",1031.11739581184
"7901009",43,0,1,0.028035,1,0.005607,1,148.942728042023,1,4.8490469940812,804,1,5.95100021362305,34.8680000305176,0.0280349999666214,0,143.626602172852,-86.0545,22.1535,16.3963854163767,63,63,63,63,61,63,0,9004,1.9064526870154,22,-86,0.001869,51,2024-08-11 06:59:21.000729,804,1.037,0.0011,"aoml_navis",1031.13044812786
"7901009",43,0,1,0.029904,1,0.007476,1,148.964817746484,1,4.84899656768574,806,1,5.94500017166138,34.8689994812012,0.0299040004611015,0,143.647903442383,-86.0545,22.1535,16.3963854163767,63,63,63,63,61,63,0,9004,1.9064526870154,22,-86,0.001869,51,2024-08-11 06:59:21.000729,806,1.037,0.0011,"aoml_navis",1031.14117121067
"7901009",43,0,1,0.028035,1,0.005607,1,149.048714317439,1,4.84895256697985,808,1,5.94299983978271,34.8689994812012,0.0280349999666214,0,143.728805541992,-86.0545,22.1535,16.3963854163767,63,63,63,63,61,63,0,9004,1.9064526870154,22,-86,0.001869,51,2024-08-11 06:59:21.000729,808,1.037,0.0011,"aoml_navis",1031.1505280643
"7901009",43,0,1,0.024297,1,0.001869,1,149.126281460181,1,4.84890788448729,810,1,5.94000005722046,34.8689994812012,0.0242970008403063,0,143.803604125977,-86.0545,22.1535,16.3963854163767,63,63,63,63,61,63,0,9004,1.9064526870154,22,-86,0.001869,51,2024-08-11 06:59:21.000729,810,1.037,0.0011,"aoml_navis",1031.16003007524
"7901009",43,0,1,0.028035,1,0.005607,1,149.242521409301,1,4.84886088448153,812,1,5.93900012969971,34.8699989318848,0.0280349999666214,0,143.91569519043,-86.0545,22.1535,16.3963854163767,63,63,63,63,61,63,0,9004,1.9064526870154,22,-86,0.001869,51,2024-08-11 06:59:21.000729,812,1.037,0.0011,"aoml_navis",1031.17002510882
"7901009",43,0,1,0.026166,1,0.003738,1,149.422656936224,1,4.84881415296384,814,1,5.93300008773804,34.8699989318848,0.0261659994721413,0,144.089401245117,-86.0545,22.1535,16.3963854163767,63,63,63,63,61,63,0,9004,1.9064526870154,22,-86,0.001869,51,2024-08-11 06:59:21.000729,814,1.037,0.0011,"aoml_navis",1031.17996323776
"7901009",43,0,1,0.028035,1,0.005607,1,149.585576418409,1,4.84876099998756,816,1,5.9229998588562,34.8709983825684,0.0280349999666214,0,144.246505737305,-86.0545,22.1535,16.3963854163767,63,63,63,63,61,63,0,9004,1.9064526870154,22,-86,0.001869,51,2024-08-11 06:59:21.000729,816,1.037,0.0011,"aoml_navis",1031.19126721503
"7901009",43,0,1,0.029904,1,0.007476,1,149.79723249783,1,4.84870920410124,818,1,5.91499996185303,34.8720016479492,0.0299040004611015,0,144.450607299805,-86.0545,22.1535,16.3963854163767,63,63,63,63,61,63,0,9004,1.9064526870154,22,-86,0.001869,51,2024-08-11 06:59:21.000729,818,1.037,0.0011,"aoml_navis",1031.20228282009
"7901009",43,0,1,0.029904,1,0.007476,1,150.041437661832,1,4.84865400821264,820,1,5.90199995040894,34.8730010986328,0.0299040004611015,0,144.686096191406,-86.0545,22.1535,16.3963854163767,63,63,63,63,61,63,0,9004,1.9064526870154,22,-86,0.001869,51,2024-08-11 06:59:21.000729,820,1.037,0.0011,"aoml_navis",1031.21402177409
"7901009",43,0,1,0.029904,1,0.007476,1,150.196160534482,1,4.84859444807167,822,1,5.88800001144409,34.875,0.0299040004611015,0,144.835296630859,-86.0545,22.1535,16.3963854163767,63,63,63,63,61,63,0,9004,1.9064526870154,22,-86,0.001869,51,2024-08-11 06:59:21.000729,822,1.037,0.0011,"aoml_navis",1031.22668920857
"7901009",43,0,1,0.031773,1,0.009345,1,150.33917396494,1,4.84854199416794,824,1,5.87900018692017,34.8759994506836,0.0317730009555817,0,144.973205566406,-86.0545,22.1535,16.3963854163767,63,63,63,63,61,63,0,9004,1.9064526870154,22,-86,0.001869,51,2024-08-11 06:59:21.000729,824,1.037,0.0011,"aoml_navis",1031.23784552433
"7901009",43,0,1,0.026166,1,0.003738,1,150.49565325392,1,4.8484966423699,826,1,5.875,34.8759994506836,0.0261659994721413,0,145.124099731445,-86.0545,22.1535,16.3963854163767,63,63,63,63,61,63,0,9004,1.9064526870154,22,-86,0.001869,51,2024-08-11 06:59:21.000729,826,1.037,0.0011,"aoml_navis",1031.24749150204
"7901009",43,0,1,0.035511,1,0.013083,1,150.692276941336,1,4.84845197513494,828,1,5.87200021743774,34.8759994506836,0.0355109982192516,0,145.313705444336,-86.0545,22.1535,16.3963854163767,63,63,63,63,61,63,0,9004,1.9064526870154,22,-86,0.001869,51,2024-08-11 06:59:21.000729,828,1.037,0.0011,"aoml_navis",1031.25699205484
"7901009",43,0,1,0.029904,1,0.007476,1,150.9875131203,1,4.84840730939709,830,1,5.86899995803833,34.8759994506836,0.0299040004611015,0,145.598403930664,-86.0545,22.1535,16.3963854163767,63,63,63,63,61,63,0,9004,1.9064526870154,22,-86,0.001869,51,2024-08-11 06:59:21.000729,830,1.037,0.0011,"aoml_navis",1031.26649246426
"7901009",43,0,1,0.029904,1,0.007476,1,151.557351542257,1,4.84835718617489,832,1,5.85799980163574,34.8759994506836,0.0299040004611015,0,146.147903442383,-86.0545,22.1535,16.3963854163767,63,63,63,63,61,63,0,9004,1.9064526870154,22,-86,0.001869,51,2024-08-11 06:59:21.000729,832,1.037,0.0011,"aoml_navis",1031.27715388988
"7901009",43,0,1,0.028035,1,0.005607,1,152.136415105833,1,4.84829179568669,834,1,5.82999992370605,34.8769989013672,0.0280349999666214,0,146.706298828125,-86.0545,22.1535,16.3963854163767,63,63,63,63,61,63,0,9004,1.9064526870154,22,-86,0.001869,51,2024-08-11 06:59:21.000729,834,1.037,0.0011,"aoml_navis",1031.29106306025
"7901009",43,0,1,0.026166,1,0.003738,1,152.703247049388,1,4.84821360976025,836,1,5.79400014877319,34.8800010681152,0.0261659994721413,0,147.252899169922,-86.0545,22.1535,16.3963854163767,63,63,63,63,61,63,0,9004,1.9064526870154,22,-86,0.001869,51,2024-08-11 06:59:21.000729,836,1.037,0.0011,"aoml_navis",1031.30769443289
"7901009",43,0,1,0.028035,1,0.005607,1,153.201736991821,1,4.84815944076201,838,1,5.77699995040894,34.8800010681152,0.0280349999666214,0,147.733596801758,-86.0545,22.1535,16.3963854163767,63,63,63,63,61,63,0,9004,1.9064526870154,22,-86,0.001869,51,2024-08-11 06:59:21.000729,838,1.037,0.0011,"aoml_navis",1031.31921734284
"7901009",43,0,1,0.029904,1,0.007476,1,153.772097591605,1,4.84809752689735,840,1,5.75400018692017,34.8810005187988,0.0299040004611015,0,148.283599853516,-86.0545,22.1535,16.3963854163767,63,63,63,63,61,63,0,9004,1.9064526870154,22,-86,0.001869,51,2024-08-11 06:59:21.000729,840,1.037,0.0011,"aoml_navis",1031.33238806767
"7901009",43,0,1,0.028035,1,0.005607,1,154.291537941421,1,4.84802720775484,842,1,5.72399997711182,34.882999420166,0.0280349999666214,0,148.78450012207,-86.0545,22.1535,16.3963854163767,63,63,63,63,61,63,0,9004,1.9064526870154,22,-86,0.001869,51,2024-08-11 06:59:21.000729,842,1.037,0.0011,"aoml_navis",1031.34734722653
"7901009",43,0,1,0.026166,1,0.003738,1,154.763175284663,1,4.84796970360881,844,1,5.7020001411438,34.882999420166,0.0261659994721413,0,149.239303588867,-86.0545,22.1535,16.3963854163767,63,63,63,63,61,63,0,9004,1.9064526870154,22,-86,0.001869,51,2024-08-11 06:59:21.000729,844,1.037,0.0011,"aoml_navis",1031.35958054317
"7901009",43,0,1,0.031773,1,0.009345,1,155.15298894469,1,4.84790214292529,846,1,5.67600011825562,34.8849983215332,0.0317730009555817,0,149.615203857422,-86.0545,22.1535,16.3963854163767,63,63,63,63,61,63,0,9004,1.9064526870154,22,-86,0.001869,51,2024-08-11 06:59:21.000729,846,1.037,0.0011,"aoml_navis",1031.37395363821
"7901009",43,0,1,0.033642,1,0.011214,1,155.339121604844,1,4.84784704121517,848,1,5.66300010681152,34.8860015869141,0.0336420014500618,0,149.794692993164,-86.0545,22.1535,16.3963854163767,63,63,63,63,61,63,0,9004,1.9064526870154,22,-86,0.001869,51,2024-08-11 06:59:21.000729,848,1.037,0.0011,"aoml_navis",1031.38567646447
"7901009",43,0,1,0.031773,1,0.009345,1,155.463573987069,1,4.84780036428778,850,1,5.65700006484985,34.8860015869141,0.0317730009555817,0,149.914703369141,-86.0545,22.1535,16.3963854163767,63,63,63,63,61,63,0,9004,1.9064526870154,22,-86,0.001869,51,2024-08-11 06:59:21.000729,850,1.037,0.0011,"aoml_navis",1031.39560713626
"7901009",43,0,4,0.020559,1,-0.001869,1,155.646288755989,1,4.84775368934721,852,1,5.65100002288818,34.8860015869141,0.020558999851346,0,150.090896606445,-86.0545,22.1535,16.3963854163767,63,63,63,63,61,63,0,9004,1.9064526870154,22,-86,0.001869,51,2024-08-11 06:59:21.000729,852,1.037,0.0011,"aoml_navis",1031.40553757658
"7901009",43,0,1,0.028035,1,0.005607,1,155.741182708462,1,4.84770836398639,854,1,5.64699983596802,34.8860015869141,0.0280349999666214,0,150.182403564453,-86.0545,22.1535,16.3963854163767,63,63,63,63,61,63,0,9004,1.9064526870154,22,-86,0.001869,51,2024-08-11 06:59:21.000729,854,1.037,0.0011,"aoml_navis",1031.41518106679
"7901009",43,0,1,0.029904,1,0.007476,1,155.830158645557,1,4.84765800508478,856,1,5.64099979400635,34.8870010375977,0.0299040004611015,0,150.268203735352,-86.0545,22.1535,16.3963854163767,63,63,63,63,61,63,0,9004,1.9064526870154,22,-86,0.001869,51,2024-08-11 06:59:21.000729,856,1.037,0.0011,"aoml_navis",1031.425895712
"7901009",43,0,1,0.026166,1,0.003738,1,155.807546763269,1,4.84761403128805,858,1,5.63899993896484,34.8870010375977,0.0261659994721413,0,150.246398925781,-86.0545,22.1535,16.3963854163767,63,63,63,63,61,63,0,9004,1.9064526870154,22,-86,0.001869,51,2024-08-11 06:59:21.000729,858,1.037,0.0011,"aoml_navis",1031.43525200818
"7901009",43,0,1,0.029904,1,0.007476,1,155.912077270196,1,4.84757073342514,860,1,5.63800001144409,34.8870010375977,0.0299040004611015,0,150.347198486328,-86.0545,22.1535,16.3963854163767,63,63,63,63,61,63,0,9004,1.9064526870154,22,-86,0.001869,51,2024-08-11 06:59:21.000729,860,1.037,0.0011,"aoml_navis",1031.44446465192
"7901009",43,0,1,0.033642,1,0.011214,1,156.029772987804,1,4.84752608957461,862,1,5.63500022888184,34.8870010375977,0.0336420014500618,0,150.460693359375,-86.0545,22.1535,16.3963854163767,63,63,63,63,61,63,0,9004,1.9064526870154,22,-86,0.001869,51,2024-08-11 06:59:21.000729,862,1.037,0.0011,"aoml_navis",1031.45396385866
"7901009",43,0,1,0.028035,1,0.005607,1,156.151424598045,1,4.8474827955048,864,1,5.63399982452393,34.8870010375977,0.0280349999666214,0,150.578002929688,-86.0545,22.1535,16.3963854163767,63,63,63,63,61,63,0,9004,1.9064526870154,22,-86,0.001869,51,2024-08-11 06:59:21.000729,864,1.037,0.0011,"aoml_navis",1031.46317602955
"7901009",43,0,1,0.028035,1,0.005607,1,156.364425680961,1,4.84743815537848,866,1,5.63100004196167,34.8870010375977,0.0280349999666214,0,150.783401489258,-86.0545,22.1535,16.3963854163767,63,63,63,63,61,63,0,9004,1.9064526870154,22,-86,0.001869,51,2024-08-11 06:59:21.000729,866,1.037,0.0011,"aoml_navis",1031.47267478849
"7901009",43,0,1,0.028035,1,0.005607,1,156.702701971769,1,4.84739351674519,868,1,5.62799978256226,34.8870010375977,0.0280349999666214,0,151.109603881836,-86.0545,22.1535,16.3963854163767,63,63,63,63,61,63,0,9004,1.9064526870154,22,-86,0.001869,51,2024-08-11 06:59:21.000729,868,1.037,0.0011,"aoml_navis",1031.48217340466
"7901009",43,0,1,0.031773,1,0.009345,1,157.241636960479,1,4.84733171546037,870,1,5.60500001907349,34.8880004882812,0.0317730009555817,0,151.629302978516,-86.0545,22.1535,16.3963854163767,63,63,63,63,61,63,0,9004,1.9064526870154,22,-86,0.001869,51,2024-08-11 06:59:21.000729,870,1.037,0.0011,"aoml_navis",1031.49532433539
"7901009",43,0,1,0.028035,1,0.005607,1,157.671167782538,1,4.84727060641971,872,1,5.58300018310547,34.8889999389648,0.0280349999666214,0,152.043502807617,-86.0545,22.1535,16.3963854163767,63,63,63,63,61,63,0,9004,1.9064526870154,22,-86,0.001869,51,2024-08-11 06:59:21.000729,872,1.037,0.0011,"aoml_navis",1031.50832829057
"7901009",43,0,1,0.028035,1,0.005607,1,157.934677702588,1,4.84721992088811,874,1,5.57100009918213,34.8889999389648,0.0280349999666214,0,152.297607421875,-86.0545,22.1535,16.3963854163767,63,63,63,63,61,63,0,9004,1.9064526870154,22,-86,0.001869,51,2024-08-11 06:59:21.000729,874,1.037,0.0011,"aoml_navis",1031.51911438008
"7901009",43,0,1,0.029904,1,0.007476,1,158.227840993813,1,4.84717259949878,876,1,5.56400012969971,34.8889999389648,0.0299040004611015,0,152.580307006836,-86.0545,22.1535,16.3963854163767,63,63,63,63,61,63,0,9004,1.9064526870154,22,-86,0.001869,51,2024-08-11 06:59:21.000729,876,1.037,0.0011,"aoml_navis",1031.52918476991
"7901009",43,0,1,0.029904,1,0.007476,1,158.657371815872,1,4.84712729576285,878,1,5.55999994277954,34.8889999389648,0.0299040004611015,0,152.994506835938,-86.0545,22.1535,16.3963854163767,63,63,63,63,61,63,0,9004,1.9064526870154,22,-86,0.001869,51,2024-08-11 06:59:21.000729,878,1.037,0.0011,"aoml_navis",1031.53882597034
"7901009",43,0,1,0.028035,1,0.005607,1,159.389180305783,1,4.84707326330471,880,1,5.54300022125244,34.8889999389648,0.0280349999666214,0,153.7001953125,-86.0545,22.1535,16.3963854163767,63,63,63,63,61,63,0,9004,1.9064526870154,22,-86,0.001869,51,2024-08-11 06:59:21.000729,880,1.037,0.0011,"aoml_navis",1031.55032498746
"7901009",43,0,1,0.029904,1,0.007476,1,159.998118770521,1,4.84700114289771,882,1,5.51000022888184,34.890998840332,0.0299040004611015,0,154.287399291992,-86.0545,22.1535,16.3963854163767,63,63,63,63,61,63,0,9004,1.9064526870154,22,-86,0.001869,51,2024-08-11 06:59:21.000729,882,1.037,0.0011,"aoml_navis",1031.56567382421
"7901009",43,0,1,0.028035,1,0.005607,1,160.209980556358,1,4.84694211566525,884,1,5.49100017547607,34.8919982910156,0.0280349999666214,0,154.49169921875,-86.0545,22.1535,16.3963854163767,63,63,63,63,61,63,0,9004,1.9064526870154,22,-86,0.001869,51,2024-08-11 06:59:21.000729,884,1.037,0.0011,"aoml_navis",1031.57823648029
"7901009",43,0,1,0.029904,1,0.007476,1,160.262862929072,1,4.84689748846787,886,1,5.48799991607666,34.8919982910156,0.0299040004611015,0,154.542694091797,-86.0545,22.1535,16.3963854163767,63,63,63,63,61,63,0,9004,1.9064526870154,22,-86,0.001869,51,2024-08-11 06:59:21.000729,886,1.037,0.0011,"aoml_navis",1031.58773460681
"7901009",43,0,1,0.028035,1,0.005607,1,160.359418356451,1,4.84685420176367,888,1,5.48699998855591,34.8919982910156,0.0280349999666214,0,154.635803222656,-86.0545,22.1535,16.3963854163767,63,63,63,63,61,63,0,9004,1.9064526870154,22,-86,0.001869,51,2024-08-11 06:59:21.000729,888,1.037,0.0011,"aoml_navis",1031.59694759966
"7901009",43,0,1,0.028035,1,0.005607,1,160.446827760064,1,4.84680957860141,890,1,5.48400020599365,34.8919982910156,0.0280349999666214,0,154.720092773438,-86.0545,22.1535,16.3963854163767,63,63,63,63,61,63,0,9004,1.9064526870154,22,-86,0.001869,51,2024-08-11 06:59:21.000729,890,1.037,0.0011,"aoml_navis",1031.6064452119
"7901009",43,0,1,0.029904,1,0.007476,1,160.585489708625,1,4.84676629568742,892,1,5.48299980163574,34.8919982910156,0.0299040004611015,0,154.853805541992,-86.0545,22.1535,16.3963854163767,63,63,63,63,61,63,0,9004,1.9064526870154,22,-86,0.001869,51,2024-08-11 06:59:21.000729,892,1.037,0.0011,"aoml_navis",1031.61565773223
"7901009",43,0,1,0.029904,1,0.007476,1,160.786148406527,1,4.84672234574299,894,1,5.48099994659424,34.8919982910156,0.0299040004611015,0,155.047302246094,-86.0545,22.1535,16.3963854163767,63,63,63,63,61,63,0,9004,1.9064526870154,22,-86,0.001869,51,2024-08-11 06:59:21.000729,894,1.037,0.0011,"aoml_navis",1031.62501239454
"7901009",43,0,1,0.028035,1,0.005607,1,161.056082696213,1,4.84667638878317,896,1,5.47599983215332,34.8919982910156,0.0280349999666214,0,155.307601928711,-86.0545,22.1535,16.3963854163767,63,63,63,63,61,63,0,9004,1.9064526870154,22,-86,0.001869,51,2024-08-11 06:59:21.000729,896,1.037,0.0011,"aoml_navis",1031.63479442772
"7901009",43,0,1,0.028035,1,0.005607,1,161.288894889433,1,4.84662441055668,898,1,5.46199989318848,34.8919982910156,0.0280349999666214,0,155.532104492188,-86.0545,22.1535,16.3963854163767,63,63,63,63,61,63,0,9004,1.9064526870154,22,-86,0.001869,51,2024-08-11 06:59:21.000729,898,1.037,0.0011,"aoml_navis",1031.64585832342
"7901009",43,0,1,0.024297,1,0.001869,1,161.356603947734,1,4.84657275038663,900,1,5.4539999961853,34.8930015563965,0.0242970008403063,0,155.597396850586,-86.0545,22.1535,16.3963854163767,63,63,63,63,61,63,0,9004,1.9064526870154,22,-86,0.001869,51,2024-08-11 06:59:21.000729,900,1.037,0.0011,"aoml_navis",1031.65685475393
"7901009",43,0,1,0.029904,1,0.007476,1,161.410324969686,1,4.84652746833853,902,1,5.44999980926514,34.8930015563965,0.0299040004611015,0,155.649200439453,-86.0545,22.1535,16.3963854163767,63,63,63,63,61,63,0,9004,1.9064526870154,22,-86,0.001869,51,2024-08-11 06:59:21.000729,902,1.037,0.0011,"aoml_navis",1031.66649372444
"7901009",43,0,1,0.026166,1,0.003738,1,161.423600945362,1,4.8464828571688,904,1,5.44700002670288,34.8930015563965,0.0261659994721413,0,155.662002563477,-86.0545,22.1535,16.3963854163767,63,63,63,63,61,63,0,9004,1.9064526870154,22,-86,0.001869,51,2024-08-11 06:59:21.000729,904,1.037,0.0011,"aoml_navis",1031.67599006445
"7901009",43,0,1,0.028035,1,0.005607,1,161.414470745165,1,4.84643958564996,906,1,5.44600009918213,34.8930015563965,0.0280349999666214,0,155.653198242188,-86.0545,22.1535,16.3963854163767,63,63,63,63,61,63,0,9004,1.9064526870154,22,-86,0.001869,51,2024-08-11 06:59:21.000729,906,1.037,0.0011,"aoml_navis",1031.68520140119
"7901009",43,0,1,0.026166,1,0.003738,1,161.442573406428,1,4.84639698547936,908,1,5.44600009918213,34.8930015563965,0.0261659994721413,0,155.680297851562,-86.0545,22.1535,16.3963854163767,63,63,63,63,61,63,0,9004,1.9064526870154,22,-86,0.001869,51,2024-08-11 06:59:21.000729,908,1.037,0.0011,"aoml_navis",1031.69426998673
"7901009",43,0,1,0.029904,1,0.007476,1,161.520457020581,1,4.84635371851379,910,1,5.44500017166138,34.8930015563965,0.0299040004611015,0,155.755401611328,-86.0545,22.1535,16.3963854163767,63,63,63,63,61,63,0,9004,1.9064526870154,22,-86,0.001869,51,2024-08-11 06:59:21.000729,910,1.037,0.0011,"aoml_navis",1031.70348068059
"7901009",43,0,1,0.063546,1,0.041118,1,161.616063033728,1,4.84630342063893,912,1,5.43900012969971,34.8940010070801,0.0635460019111633,0,155.847595214844,-86.0545,22.1535,16.3963854163767,63,63,63,63,61,63,0,9004,1.9064526870154,22,-86,0.001869,51,2024-08-11 06:59:21.000729,912,1.037,0.0011,"aoml_navis",1031.71418832476
"7901009",43,0,1,0.031773,1,0.009345,1,161.719359302154,1,4.84625881848208,914,1,5.43599987030029,34.8940010070801,0.0317730009555817,0,155.947204589844,-86.0545,22.1535,16.3963854163767,63,63,63,63,61,63,0,9004,1.9064526870154,22,-86,0.001869,51,2024-08-11 06:59:21.000729,914,1.037,0.0011,"aoml_navis",1031.72368362408
"7901009",43,0,1,0.028035,1,0.005607,1,161.88112366369,1,4.84621421845114,916,1,5.43300008773804,34.8940010070801,0.0280349999666214,0,156.10319519043,-86.0545,22.1535,16.3963854163767,63,63,63,63,61,63,0,9004,1.9064526870154,22,-86,0.001869,51,2024-08-11 06:59:21.000729,916,1.037,0.0011,"aoml_navis",1031.73317864558
"7901009",43,0,1,0.028035,1,0.005607,1,162.109900846425,1,4.84616761201428,918,1,5.42700004577637,34.8940010070801,0.0280349999666214,0,156.323806762695,-86.0545,22.1535,16.3963854163767,63,63,63,63,61,63,0,9004,1.9064526870154,22,-86,0.001869,51,2024-08-11 06:59:21.000729,918,1.037,0.0011,"aoml_navis",1031.74310100302
"7901009",43,0,1,0.031773,1,0.009345,1,162.481564871054,1,4.84612100754558,920,1,5.4210000038147,34.8940010070801,0.0317730009555817,0,156.682205200195,-86.0545,22.1535,16.3963854163767,63,63,63,63,61,63,0,9004,1.9064526870154,22,-86,0.001869,51,2024-08-11 06:59:21.000729,920,1.037,0.0011,"aoml_navis",1031.75302313228
"7901009",43,0,1,0.028035,1,0.005607,1,162.974658975935,1,4.84607306711001,922,1,5.41300010681152,34.8940010070801,0.0280349999666214,0,157.157699584961,-86.0545,22.1535,16.3963854163767,63,63,63,63,61,63,0,9004,1.9064526870154,22,-86,0.001869,51,2024-08-11 06:59:21.000729,922,1.037,0.0011,"aoml_navis",1031.7632298891
"7901009",43,0,1,0.028035,1,0.005607,1,163.293535569273,1,4.84601475825628,924,1,5.39499998092651,34.8950004577637,0.0280349999666214,0,157.465194702148,-86.0545,22.1535,16.3963854163767,63,63,63,63,61,63,0,9004,1.9064526870154,22,-86,0.001869,51,2024-08-11 06:59:21.000729,924,1.037,0.0011,"aoml_navis",1031.77564440582
"7901009",43,0,1,0.028035,1,0.005607,1,163.529053593054,1,4.8459591317873,926,1,5.38100004196167,34.8959999084473,0.0280349999666214,0,157.692306518555,-86.0545,22.1535,16.3963854163767,63,63,63,63,61,63,0,9004,1.9064526870154,22,-86,0.001869,51,2024-08-11 06:59:21.000729,926,1.037,0.0011,"aoml_navis",1031.78748809544
"7901009",43,0,1,0.029904,1,0.007476,1,163.824179007024,1,4.8459065306702,928,1,5.36600017547607,34.8959999084473,0.0299040004611015,0,157.976898193359,-86.0545,22.1535,16.3963854163767,63,63,63,63,61,63,0,9004,1.9064526870154,22,-86,0.001869,51,2024-08-11 06:59:21.000729,928,1.037,0.0011,"aoml_navis",1031.79868789349
"7901009",43,0,1,0.029904,1,0.007476,1,164.140777006205,1,4.84586394298708,930,1,5.36600017547607,34.8959999084473,0.0299040004611015,0,158.282196044922,-86.0545,22.1535,16.3963854163767,63,63,63,63,61,63,0,9004,1.9064526870154,22,-86,0.001869,51,2024-08-11 06:59:21.000729,930,1.037,0.0011,"aoml_navis",1031.80775581535
"7901009",43,0,1,0.029904,1,0.007476,1,164.584105981768,1,4.84581268303678,932,1,5.35300016403198,34.8959999084473,0.0299040004611015,0,158.709701538086,-86.0545,22.1535,16.3963854163767,63,63,63,63,61,63,0,9004,1.9064526870154,22,-86,0.001869,51,2024-08-11 06:59:21.000729,932,1.037,0.0011,"aoml_navis",1031.81867047873
"7901009",43,0,1,0.028035,1,0.005607,1,165.026279836682,1,4.84575574379932,934,1,5.33699989318848,34.8969993591309,0.0280349999666214,0,159.136093139648,-86.0545,22.1535,16.3963854163767,63,63,63,63,61,63,0,9004,1.9064526870154,22,-86,0.001869,51,2024-08-11 06:59:21.000729,934,1.037,0.0011,"aoml_navis",1031.8307946904
"7901009",43,0,1,0.029904,1,0.007476,1,165.601308389772,1,4.84570782721379,936,1,5.3289999961853,34.8969993591309,0.0299040004611015,0,159.69059753418,-86.0545,22.1535,16.3963854163767,63,63,63,63,61,63,0,9004,1.9064526870154,22,-86,0.001869,51,2024-08-11 06:59:21.000729,936,1.037,0.0011,"aoml_navis",1031.84099790741
"7901009",43,0,1,0.029904,1,0.007476,1,166.247368950976,1,4.84565392134627,938,1,5.31199979782104,34.8969993591309,0.0299040004611015,0,160.313598632812,-86.0545,22.1535,16.3963854163767,63,63,63,63,61,63,0,9004,1.9064526870154,22,-86,0.001869,51,2024-08-11 06:59:21.000729,938,1.037,0.0011,"aoml_navis",1031.85247670573
"7901009",43,0,1,0.029904,1,0.007476,1,166.862526078933,1,4.84559501085375,940,1,5.29300022125244,34.8979988098145,0.0299040004611015,0,160.906799316406,-86.0545,22.1535,16.3963854163767,63,63,63,63,61,63,0,9004,1.9064526870154,22,-86,0.001869,51,2024-08-11 06:59:21.000729,940,1.037,0.0011,"aoml_navis",1031.86502148867
"7901009",43,0,1,0.028035,1,0.005607,1,167.611566437151,1,4.84553013869431,942,1,5.2649998664856,34.898998260498,0.0280349999666214,0,161.629104614258,-86.0545,22.1535,16.3963854163767,63,63,63,63,61,63,0,9004,1.9064526870154,22,-86,0.001869,51,2024-08-11 06:59:21.000729,942,1.037,0.0011,"aoml_navis",1031.87883614058
"7901009",43,0,1,0.029904,1,0.007476,1,168.02408692089,1,4.84547124651858,944,1,5.24599981307983,34.9000015258789,0.0299040004611015,0,162.026901245117,-86.0545,22.1535,16.3963854163767,63,63,63,63,61,63,0,9004,1.9064526870154,22,-86,0.001869,51,2024-08-11 06:59:21.000729,944,1.037,0.0011,"aoml_navis",1031.89137766372
"7901009",43,0,1,0.029904,1,0.007476,1,168.563132674593,1,4.84541805399391,946,1,5.23000001907349,34.9000015258789,0.0299040004611015,0,162.54670715332,-86.0545,22.1535,16.3963854163767,63,63,63,63,61,63,0,9004,1.9064526870154,22,-86,0.001869,51,2024-08-11 06:59:21.000729,946,1.037,0.0011,"aoml_navis",1031.90270566616
"7901009",43,0,1,0.028035,1,0.005607,1,169.105485554538,1,4.8453638311842,948,1,5.21799993515015,34.9010009765625,0.0280349999666214,0,163.069702148438,-86.0545,22.1535,16.3963854163767,63,63,63,63,61,63,0,9004,1.9064526870154,22,-86,0.001869,51,2024-08-11 06:59:21.000729,948,1.037,0.0011,"aoml_navis",1031.91425333647
"7901009",43,0,1,0.028035,1,0.005607,1,169.645037662498,1,4.84530234094698,950,1,5.19500017166138,34.9020004272461,0.0280349999666214,0,163.589996337891,-86.0545,22.1535,16.3963854163767,63,63,63,63,61,63,0,9004,1.9064526870154,22,-86,0.001869,51,2024-08-11 06:59:21.000729,950,1.037,0.0011,"aoml_navis",1031.92734904192
"7901009",43,0,1,0.029904,1,0.007476,1,170.05227307368,1,4.84524851675369,952,1,5.17799997329712,34.9020004272461,0.0299040004611015,0,163.982696533203,-86.0545,22.1535,16.3963854163767,63,63,63,63,61,63,0,9004,1.9064526870154,22,-86,0.001869,51,2024-08-11 06:59:21.000729,952,1.037,0.0011,"aoml_navis",1031.93881236663
"7901009",43,0,1,0.028035,1,0.005607,1,170.407243231398,1,4.8451949750538,954,1,5.16699981689453,34.9029998779297,0.0280349999666214,0,164.324996948242,-86.0545,22.1535,16.3963854163767,63,63,63,63,61,63,0,9004,1.9064526870154,22,-86,0.001869,51,2024-08-11 06:59:21.000729,954,1.037,0.0011,"aoml_navis",1031.95021577939
"7901009",43,0,1,0.029904,1,0.007476,1,170.801408373321,1,4.84514248621,956,1,5.15199995040894,34.9029998779297,0.0299040004611015,0,164.705093383789,-86.0545,22.1535,16.3963854163767,63,63,63,63,61,63,0,9004,1.9064526870154,22,-86,0.001869,51,2024-08-11 06:59:21.000729,956,1.037,0.0011,"aoml_navis",1031.96139519751
"7901009",43,0,1,0.028035,1,0.005607,1,171.086390878581,1,4.84509066396986,958,1,5.13800001144409,34.9029998779297,0.0280349999666214,0,164.979904174805,-86.0545,22.1535,16.3963854163767,63,63,63,63,61,63,0,9004,1.9064526870154,22,-86,0.001869,51,2024-08-11 06:59:21.000729,958,1.037,0.0011,"aoml_navis",1031.97243287563
"7901009",43,0,1,0.028035,1,0.005607,1,171.410251896636,1,4.84503713742921,960,1,5.1269998550415,34.9039993286133,0.0280349999666214,0,165.292205810547,-86.0545,22.1535,16.3963854163767,63,63,63,63,61,63,0,9004,1.9064526870154,22,-86,0.001869,51,2024-08-11 06:59:21.000729,960,1.037,0.0011,"aoml_navis",1031.98383380256
"7901009",43,0,1,0.026166,1,0.003738,1,171.604897637736,1,4.84498532726421,962,1,5.11299991607666,34.9039993286133,0.0261659994721413,0,165.479904174805,-86.0545,22.1535,16.3963854163767,63,63,63,63,61,63,0,9004,1.9064526870154,22,-86,0.001869,51,2024-08-11 06:59:21.000729,962,1.037,0.0011,"aoml_navis",1031.99486938866
"7901009",43,0,1,0.029904,1,0.007476,1,171.90282382369,1,4.84494010115853,964,1,5.10900020599365,34.9039993286133,0.0299040004611015,0,165.767196655273,-86.0545,22.1535,16.3963854163767,63,63,63,63,61,63,0,9004,1.9064526870154,22,-86,0.001869,51,2024-08-11 06:59:21.000729,964,1.037,0.0011,"aoml_navis",1032.00450276039
"7901009",43,0,1,0.029904,1,0.007476,1,172.22326695051,1,4.84489487648517,966,1,5.10500001907349,34.9039993286133,0.0299040004611015,0,166.076202392578,-86.0545,22.1535,16.3963854163767,63,63,63,63,61,63,0,9004,1.9064526870154,22,-86,0.001869,51,2024-08-11 06:59:21.000729,966,1.037,0.0011,"aoml_navis",1032.01413600688
"7901009",43,0,1,0.029904,1,0.007476,1,172.695837884414,1,4.8448413631562,968,1,5.0939998626709,34.9049987792969,0.0299040004611015,0,166.53190612793,-86.0545,22.1535,16.3963854163767,63,63,63,63,61,63,0,9004,1.9064526870154,22,-86,0.001869,51,2024-08-11 06:59:21.000729,968,1.037,0.0011,"aoml_navis",1032.02553504099
"7901009",43,0,1,0.029904,1,0.007476,1,172.899297354299,1,4.84478341313364,969.900024414062,1,5.07299995422363,34.9059982299805,0.0299040004611015,0,166.728103637695,-86.0545,22.1535,16.3963854163767,63,63,63,63,61,63,0,9004,1.9064526870154,22,-86,0.001869,51,2024-08-11 06:59:21.000729,969.900024414062,1.037,0.0011,"aoml_navis",1032.03787943246
"7901009",43,0,1,0.029904,1,0.007476,1,173.013464415679,1,4.84473803546534,972,1,5.07200002670288,34.9059982299805,0.0299040004611015,0,166.838195800781,-86.0545,22.1535,16.3963854163767,63,63,63,63,61,63,0,9004,1.9064526870154,22,-86,0.001869,51,2024-08-11 06:59:21.000729,972,1.037,0.0011,"aoml_navis",1032.04754589373
"7901009",43,0,1,0.029904,1,0.007476,1,173.257163225425,1,4.84469281795649,974,1,5.06799983978271,34.9059982299805,0.0299040004611015,0,167.073196411133,-86.0545,22.1535,16.3963854163767,63,63,63,63,61,63,0,9004,1.9064526870154,22,-86,0.001869,51,2024-08-11 06:59:21.000729,974,1.037,0.0011,"aoml_navis",1032.05717841756
"7901009",43,0,1,0.031773,1,0.009345,1,173.506574344132,1,4.84464563179091,976,1,5.06099987030029,34.9059982299805,0.0317730009555817,0,167.313705444336,-86.0545,22.1535,16.3963854163767,63,63,63,63,61,63,0,9004,1.9064526870154,22,-86,0.001869,51,2024-08-11 06:59:21.000729,976,1.037,0.0011,"aoml_navis",1032.06723050901
"7901009",43,99999,9,99999,9,99999,9,173.744877316326,1,4.84460041808266,978,1,5.05700016021729,34.9059982299805,99999,99999,167.543502807617,-86.0545,22.1535,16.3963854163767,63,63,63,63,61,63,0,9004,1.9064526870154,22,-86,0.001869,51,2024-08-11 06:59:21.000729,978,1.037,0.0011,"aoml_navis",1032.07686259063
"7901009",43,0,1,0.026166,1,0.003738,1,176.63524235663,1,4.84409002216583,999.5,1,4.9935998916626,34.9090003967285,0.0261659994721413,0,170.330703735352,-86.0545,22.1535,16.3963854163767,63,63,63,63,61,63,0,9004,1.9064526870154,22,-86,0.001869,51,2024-08-11 06:59:21.000729,999.5,1.037,0.0011,"aoml_navis",1032.18560702232
"7901009",43,0,1,0.029904,1,0.007476,1,182.244128461272,1,4.84293237334334,1049.69995117188,1,4.87370014190674,34.9119987487793,0.0299040004611015,0,175.739395141602,-86.0545,22.1535,16.3963854163767,63,63,63,63,61,63,0,9004,1.9064526870154,22,-86,0.001869,51,2024-08-11 06:59:21.000729,1049.69995117188,1.037,0.0011,"aoml_navis",1032.43233944814
"7901009",43,0,1,0.028035,1,0.005607,1,190.042585314549,1,4.84169692401154,1099.69995117188,1,4.66009998321533,34.9210014343262,0.0280349999666214,0,183.259506225586,-86.0545,22.1535,16.3963854163767,63,63,63,63,61,63,0,9004,1.9064526870154,22,-86,0.001869,51,2024-08-11 06:59:21.000729,1099.69995117188,1.037,0.0011,"aoml_navis",1032.69578382806
"7901009",43,0,1,0.031773,1,0.009345,1,193.670265447307,4,4.8405208683263,1149.59997558594,1,4.51539993286133,34.9269981384277,0.0317730009555817,0,186.757705688477,-86.0545,22.1535,16.3963854163767,63,63,63,63,61,63,0,9004,1.9064526870154,22,-86,0.001869,51,2024-08-11 06:59:21.000729,1149.59997558594,1.037,0.0011,"aoml_navis",1032.94668817921
"7901009",44,0.0147053216641266,5,0.041118,1,0.01869,1,188.641624705945,1,4.89016271665359,2.20000004768372,1,30.701000213623,36.2900009155273,0.041117999702692,0.0392489992082119,181.908493041992,-85.9061,22.2539,15.8994415655503,63,63,63,63,61,63,0.028035,9004,1.9064526870154,22,-86,0.001869,51,2024-08-21 13:23:21.001428,2.20000004768372,1.037,0.0011,"aoml_navis",1022.46086474226
"7901009",44,0.0147053216641266,5,0.046725,1,0.024297,1,188.644647008851,1,4.89011606520122,4,1,30.6949996948242,36.2900009155273,0.0467250011861324,0.0392489992082119,181.911407470703,-85.9061,22.2539,15.8994415655503,63,63,63,63,61,63,0.028035,9004,1.9064526870154,22,-86,0.001869,51,2024-08-21 13:23:21.001428,4,1.037,0.0011,"aoml_navis",1022.47061896562
"7901009",44,0.0147053216641266,5,0.052332,1,0.029904,1,188.643808359353,1,4.89006867237171,6,1,30.6909999847412,36.2900009155273,0.0523319989442825,0.0392489992082119,181.910598754883,-85.9061,22.2539,15.8994415655503,63,63,63,63,61,63,0.028035,9004,1.9064526870154,22,-86,0.001869,51,2024-08-21 13:23:21.001428,6,1.037,0.0011,"aoml_navis",1022.48052839204
"7901009",44,0.0147053216641266,5,0.050463,1,0.028035,1,188.829323957617,1,4.89001207598727,8,1,30.6749992370605,36.2869987487793,0.0504629984498024,0.0392489992082119,182.089492797852,-85.9061,22.2539,15.8994415655503,63,63,63,63,61,63,0.028035,9004,1.9064526870154,22,-86,0.001869,51,2024-08-21 13:23:21.001428,8,1.037,0.0011,"aoml_navis",1022.49236245302
"7901009",44,0.0147053216641266,5,0.052332,1,0.029904,1,189.275137371594,1,4.88986748791163,10,1,30.5779991149902,36.2709999084473,0.0523319989442825,0.0392489992082119,182.519393920898,-85.9061,22.2539,15.8994415655503,63,63,63,63,61,63,0.028035,9004,1.9064526870154,22,-86,0.001869,51,2024-08-21 13:23:21.001428,10,1.037,0.0011,"aoml_navis",1022.52259644267
"7901009",44,0.0147053216641266,5,0.052332,1,0.029904,1,189.356755373627,1,4.88975978940321,12,1,30.5289993286133,36.2669982910156,0.0523319989442825,0.0392489992082119,182.598098754883,-85.9061,22.2539,15.8994415655503,63,63,63,63,61,63,0.028035,9004,1.9064526870154,22,-86,0.001869,51,2024-08-21 13:23:21.001428,12,1.037,0.0011,"aoml_navis",1022.54511782679
"7901009",44,0.0147053216641266,5,0.050463,1,0.028035,1,189.349492352508,1,4.88971076252967,14,1,30.5240001678467,36.2669982910156,0.0504629984498024,0.0373799987137318,182.591094970703,-85.9061,22.2539,15.8994415655503,63,63,63,63,61,63,0.028035,9004,1.9064526870154,22,-86,0.001869,51,2024-08-21 13:23:21.001428,14,1.037,0.0011,"aoml_navis",1022.55537041485
"7901009",44,0.0166660312193435,1,0.054201,1,0.031773,1,189.333842836414,1,4.88962001211233,16,1,30.496000289917,36.2680015563965,0.0542009994387627,0.041117999702692,182.57600402832,-85.9061,22.2539,15.8994415655503,63,63,63,63,61,63,0.031773,9004,1.9064526870154,22,-86,0.001869,51,2024-08-21 13:23:21.001428,16,1.037,0.0011,"aoml_navis",1022.57434884802
"7901009",44,0.0166660312193435,1,0.054201,1,0.031773,1,189.40041261822,1,4.88952162936183,18,1,30.4850006103516,36.2789993286133,0.0542009994387627,0.041117999702692,182.640197753906,-85.9061,22.2539,15.8994415655503,63,63,63,63,61,63,0.031773,9004,1.9064526870154,22,-86,0.001869,51,2024-08-21 13:23:21.001428,18,1.037,0.0011,"aoml_navis",1022.59492420991
"7901009",44,0.0196070955521688,1,0.059808,1,0.03738,1,190.040460420519,1,4.88935479203626,20,1,30.3980007171631,36.273998260498,0.0598080009222031,0.0467250011861324,183.257400512695,-85.9061,22.2539,15.8994415655503,63,63,63,63,61,63,0.03738,9004,1.9064526870154,22,-86,0.001869,51,2024-08-21 13:23:21.001428,20,1.037,0.0011,"aoml_navis",1022.62981777145
"7901009",44,0.0186267407745604,1,0.057939,1,0.035511,1,190.760876162392,1,4.88915689944379,22,1,30.2789993286133,36.2630004882812,0.0579390004277229,0.0448560006916523,183.952102661133,-85.9061,22.2539,15.8994415655503,63,63,63,63,61,63,0.035511,9004,1.9064526870154,22,-86,0.001869,51,2024-08-21 13:23:21.001428,22,1.037,0.0011,"aoml_navis",1022.67120954306
"7901009",44,0.0205874503297773,1,0.061677,1,0.039249,1,191.279066610356,1,4.8890219845815,24,1,30.2110004425049,36.257999420166,0.0616770014166832,0.0485940016806126,184.451797485352,-85.9061,22.2539,15.8994415655503,63,63,63,63,61,63,0.039249,9004,1.9064526870154,22,-86,0.001869,51,2024-08-21 13:23:21.001428,24,1.037,0.0011,"aoml_navis",1022.69943063633
"7901009",44,0.0235285146626026,1,0.067284,1,0.044856,1,192.002283125079,1,4.8888159205283,26,1,30.0799999237061,36.2439994812012,0.0672840029001236,0.0542009994387627,185.149200439453,-85.9061,22.2539,15.8994415655503,63,63,63,63,61,63,0.044856,9004,1.9064526870154,22,-86,0.001869,51,2024-08-21 13:23:21.001428,26,1.037,0.0011,"aoml_navis",1022.74253751401
"7901009",44,0.0215678051073857,1,0.063546,1,0.041118,1,192.711701482034,1,4.88855220583195,28,1,29.9200000762939,36.2330017089844,0.0635460019111633,0.0504629984498024,185.833297729492,-85.9061,22.2539,15.8994415655503,63,63,63,63,61,63,0.041118,9004,1.9064526870154,22,-86,0.001869,51,2024-08-21 13:23:21.001428,28,1.037,0.0011,"aoml_navis",1022.79770972582
"7901009",44,0.0235285146626026,1,0.067284,1,0.044856,1,192.942963036846,1,4.88844040860362,30,1,29.8700008392334,36.2299995422363,0.0672840029001236,0.0542009994387627,186.056304931641,-85.9061,22.2539,15.8994415655503,63,63,63,63,61,63,0.044856,9004,1.9064526870154,22,-86,0.001869,51,2024-08-21 13:23:21.001428,30,1.037,0.0011,"aoml_navis",1022.82110081572
"7901009",44,0.0235285146626026,1,0.067284,1,0.044856,1,193.162182850761,1,4.88829899810095,32,1,29.8150005340576,36.2330017089844,0.0672840029001236,0.0542009994387627,186.267700195312,-85.9061,22.2539,15.8994415655503,63,63,63,63,61,63,0.044856,9004,1.9064526870154,22,-86,0.001869,51,2024-08-21 13:23:21.001428,32,1.037,0.0011,"aoml_navis",1022.8506893589
"7901009",44,0.0235285146626026,1,0.067284,1,0.044856,1,193.425582087257,1,4.88819946372818,34,1,29.7789993286133,36.2330017089844,0.0672840029001236,0.0542009994387627,186.521697998047,-85.9061,22.2539,15.8994415655503,63,63,63,63,61,63,0.044856,9004,1.9064526870154,22,-86,0.001869,51,2024-08-21 13:23:21.001428,34,1.037,0.0011,"aoml_navis",1022.87151682361
"7901009",44,0.024508869440211,1,0.069153,1,0.046725,1,193.648124852011,1,4.88813489286982,36,1,29.7600002288818,36.2309989929199,0.0691530033946037,0.0560699999332428,186.736297607422,-85.9061,22.2539,15.8994415655503,63,63,63,63,61,63,0.046725,9004,1.9064526870154,22,-86,0.001869,51,2024-08-21 13:23:21.001428,36,1.037,0.0011,"aoml_navis",1022.88502866264
"7901009",44,0.0254892242178195,1,0.071022,1,0.048594,1,193.617221409209,1,4.8880618543773,38,1,29.7490005493164,36.2350006103516,0.0710219964385033,0.0579390004277229,186.706497192383,-85.9061,22.2539,15.8994415655503,63,63,63,63,61,63,0.048594,9004,1.9064526870154,22,-86,0.001869,51,2024-08-21 13:23:21.001428,38,1.037,0.0011,"aoml_navis",1022.90031283513
"7901009",44,0.0303909981058617,1,0.080367,1,0.057939,1,193.63910541402,1,4.88799110979808,40,1,29.7350006103516,36.2369995117188,0.0803669989109039,0.0672840029001236,186.727600097656,-85.9061,22.2539,15.8994415655503,63,63,63,63,61,63,0.057939,9004,1.9064526870154,22,-86,0.001869,51,2024-08-21 13:23:21.001428,40,1.037,0.0011,"aoml_navis",1022.91511741447
"7901009",44,0.0313713528834701,1,0.082236,1,0.059808,1,193.677999762411,1,4.88791711141032,42,1,29.7189998626709,36.2389984130859,0.0822359994053841,0.0691530033946037,186.765106201172,-85.9061,22.2539,15.8994415655503,63,63,63,63,61,63,0.059808,9004,1.9064526870154,22,-86,0.001869,51,2024-08-21 13:23:21.001428,42,1.037,0.0011,"aoml_navis",1022.93060337051
"7901009",44,0.033332062438687,1,0.085974,1,0.063546,1,193.63257027737,1,4.88785518044516,44,1,29.7059993743896,36.2389984130859,0.0859740003943443,0.0728909969329834,186.721298217773,-85.9061,22.2539,15.8994415655503,63,63,63,63,61,63,0.063546,9004,1.9064526870154,22,-86,0.001869,51,2024-08-21 13:23:21.001428,44,1.037,0.0011,"aoml_navis",1022.94356428634
"7901009",44,0.0352927719939039,1,0.089712,1,0.067284,1,193.64937491447,1,4.88779129948685,46,1,29.6830005645752,36.2350006103516,0.0897120013833046,0.0766289979219437,186.737503051758,-85.9061,22.2539,15.8994415655503,63,63,63,63,61,63,0.067284,9004,1.9064526870154,22,-86,0.001869,51,2024-08-21 13:23:21.001428,46,1.037,0.0011,"aoml_navis",1022.95693364095
"7901009",44,0.0382338363267292,1,0.095319,1,0.072891,1,193.810838678089,1,4.88770531006358,48,1,29.6420001983643,36.2290000915527,0.095319002866745,0.0822359994053841,186.893203735352,-85.9061,22.2539,15.8994415655503,63,63,63,63,61,63,0.072891,9004,1.9064526870154,22,-86,0.001869,51,2024-08-21 13:23:21.001428,48,1.037,0.0011,"aoml_navis",1022.97493052726
"7901009",44,0.0431356102147714,1,0.104664,1,0.082236,1,194.020722582505,1,4.88761254504608,50,1,29.5990009307861,36.2239990234375,0.104663997888565,0.0915810018777847,187.095596313477,-85.9061,22.2539,15.8994415655503,63,63,63,63,61,63,0.082236,9004,1.9064526870154,22,-86,0.001869,51,2024-08-21 13:23:21.001428,50,1.037,0.0011,"aoml_navis",1022.99434620034
"7901009",44,0.0480373841028136,1,0.114009,1,0.091581,1,194.116645096721,1,4.88752199805645,52.0999984741211,1,29.5629997253418,36.2210006713867,0.114009000360966,0.100925996899605,187.188095092773,-85.9061,22.2539,15.8994415655503,63,63,63,63,61,63,0.091581,9004,1.9064526870154,22,-86,0.001869,51,2024-08-21 13:23:21.001428,52.0999984741211,1.037,0.0011,"aoml_navis",1023.01329835206
"7901009",44,0.050978448435639,1,0.119616,1,0.097188,1,193.818608053622,1,4.88740156674559,54,1,29.5480003356934,36.2369995117188,0.119616001844406,0.106532998383045,186.900695800781,-85.9061,22.2539,15.8994415655503,63,63,63,63,61,63,0.097188,9004,1.9064526870154,22,-86,0.001869,51,2024-08-21 13:23:21.001428,54,1.037,0.0011,"aoml_navis",1023.03850660043
"7901009",44,0.0578409318788981,1,0.132699,1,0.110271,1,194.13998487047,1,4.8872562563324,56,1,29.488000869751,36.2389984130859,0.132698997855186,0.119616001844406,187.210601806641,-85.9061,22.2539,15.8994415655503,63,63,63,63,61,63,0.110271,9004,1.9064526870154,22,-86,0.001869,51,2024-08-21 13:23:21.001428,56,1.037,0.0011,"aoml_navis",1023.06892410676
"7901009",44,0.0656837700997656,1,0.147651,1,0.125223,1,194.809575288084,1,4.88708547640662,58,1,29.4099998474121,36.2400016784668,0.147651001811028,0.134568005800247,187.856292724609,-85.9061,22.2539,15.8994415655503,63,63,63,63,61,63,0.125223,9004,1.9064526870154,22,-86,0.001869,51,2024-08-21 13:23:21.001428,58,1.037,0.0011,"aoml_navis",1023.10467540183
"7901009",44,0.0686248344325909,1,0.153258,1,0.13083,1,195.145161675662,1,4.88696668751329,60,1,29.3640003204346,36.2410011291504,0.153257995843887,0.140174999833107,188.179901123047,-85.9061,22.2539,15.8994415655503,63,63,63,63,61,63,0.13083,9004,1.9064526870154,22,-86,0.001869,51,2024-08-21 13:23:21.001428,60,1.037,0.0011,"aoml_navis",1023.12954429903
"7901009",44,0.0794087369862838,1,0.173817,1,0.151389,1,195.013256350933,1,4.88690006731862,62,1,29.3479995727539,36.2410011291504,0.173816993832588,0.160733997821808,188.052703857422,-85.9061,22.2539,15.8994415655503,63,63,63,63,61,63,0.151389,9004,1.9064526870154,22,-86,0.001869,51,2024-08-21 13:23:21.001428,62,1.037,0.0011,"aoml_navis",1023.14349201404
"7901009",44,0.0637230605445487,4,0.143913,1,0.121485,1,194.950816522313,1,4.8867688020848,64,1,29.2919998168945,36.2410011291504,0.143913000822067,0.130830004811287,187.992492675781,-85.9061,22.2539,15.8994415655503,63,63,63,63,61,63,0.121485,9004,1.9064526870154,22,-86,0.001869,51,2024-08-21 13:23:21.001428,64,1.037,0.0011,"aoml_navis",1023.17097503506
"7901009",44,0.0715658987654162,4,0.158865,1,0.136437,1,195.274171286089,1,4.88661470091944,66,1,29.2240009307861,36.242000579834,0.158865004777908,0.145781993865967,188.304306030273,-85.9061,22.2539,15.8994415655503,63,63,63,63,61,63,0.136437,9004,1.9064526870154,22,-86,0.001869,51,2024-08-21 13:23:21.001428,66,1.037,0.0011,"aoml_navis",1023.20324110252
"7901009",44,0.0784283822086753,1,0.171948,1,0.14952,1,195.611498266963,1,4.88648045289799,68,1,29.1660003662109,36.242000579834,0.171948000788689,0.158865004777908,188.629592895508,-85.9061,22.2539,15.8994415655503,63,63,63,63,61,63,0.14952,9004,1.9064526870154,22,-86,0.001869,51,2024-08-21 13:23:21.001428,68,1.037,0.0011,"aoml_navis",1023.23135193034
"7901009",44,0.0882319299847598,1,0.190638,1,0.16821,1,196.487364813796,1,4.88627369236673,70,1,29.0739994049072,36.2470016479492,0.19063800573349,0.177554994821548,189.474197387695,-85.9061,22.2539,15.8994415655503,63,63,63,63,61,63,0.16821,9004,1.9064526870154,22,-86,0.001869,51,2024-08-21 13:23:21.001428,70,1.037,0.0011,"aoml_navis",1023.27464951686
"7901009",44,0.084310510874326,4,0.183162,1,0.160734,1,197.065922201999,1,4.88608536959812,72,1,29,36.2550010681152,0.183162003755569,0.170078992843628,190.032104492188,-85.9061,22.2539,15.8994415655503,63,63,63,63,61,63,0.160734,9004,1.9064526870154,22,-86,0.001869,51,2024-08-21 13:23:21.001428,72,1.037,0.0011,"aoml_navis",1023.31408925245
"7901009",44,0.0901926395399766,1,0.194376,1,0.171948,1,196.642404205794,1,4.88593837050953,74,1,28.9360008239746,36.2560005187988,0.19437600672245,0.181292995810509,189.62370300293,-85.9061,22.2539,15.8994415655503,63,63,63,63,61,63,0.171948,9004,1.9064526870154,22,-86,0.001869,51,2024-08-21 13:23:21.001428,74,1.037,0.0011,"aoml_navis",1023.34487683654
"7901009",44,0.0950944134280189,1,0.203721,1,0.181293,1,196.423279333331,1,4.88570477100405,76.0999984741211,1,28.8369998931885,36.2649993896484,0.20372100174427,0.19063800573349,189.412399291992,-85.9061,22.2539,15.8994415655503,63,63,63,63,61,63,0.181293,9004,1.9064526870154,22,-86,0.001869,51,2024-08-21 13:23:21.001428,76.0999984741211,1.037,0.0011,"aoml_navis",1023.3938058792
"7901009",44,0.104897961204103,1,0.222411,1,0.199983,1,196.102741165981,1,4.88546360200796,78,1,28.7259998321533,36.2719993591309,0.222411006689072,0.20932799577713,189.103302001953,-85.9061,22.2539,15.8994415655503,63,63,63,63,61,63,0.199983,9004,1.9064526870154,22,-86,0.001869,51,2024-08-21 13:23:21.001428,78,1.037,0.0011,"aoml_navis",1023.44432531336
"7901009",44,0.116662218535405,1,0.244839,1,0.222411,1,197.668009246857,1,4.88496466882053,79.9000015258789,1,28.4479999542236,36.2770004272461,0.244838997721672,0.231756001710892,190.612701416016,-85.9061,22.2539,15.8994415655503,63,63,63,63,61,63,0.222411,9004,1.9064526870154,22,-86,0.001869,51,2024-08-21 13:23:21.001428,79.9000015258789,1.037,0.0011,"aoml_navis",1023.54885633334
"7901009",44,0.137249668865182,1,0.284088,1,0.26166,1,198.272169180096,1,4.88443412660722,82,1,28.1690006256104,36.2900009155273,0.284087985754013,0.271005004644394,191.195297241211,-85.9061,22.2539,15.8994415655503,63,63,63,63,61,63,0.26166,9004,1.9064526870154,22,-86,0.001869,51,2024-08-21 13:23:21.001428,82,1.037,0.0011,"aoml_navis",1023.66003315783
"7901009",44,0.151954990529308,1,0.312123,1,0.289695,1,197.854664142551,1,4.8841515315737,84,1,28.0289993286133,36.2960014343262,0.312123000621796,0.299039989709854,190.792694091797,-85.9061,22.2539,15.8994415655503,63,63,63,63,61,63,0.289695,9004,1.9064526870154,22,-86,0.001869,51,2024-08-21 13:23:21.001428,84,1.037,0.0011,"aoml_navis",1023.71926171361
"7901009",44,0.147053216641266,4,0.302778,1,0.28035,1,194.908820753139,1,4.88408205131737,86,1,28.0130004882812,36.2970008850098,0.302778005599976,0.289694994688034,187.951995849609,-85.9061,22.2539,15.8994415655503,63,63,63,63,61,63,0.28035,9004,1.9064526870154,22,-86,0.001869,51,2024-08-21 13:23:21.001428,86,1.037,0.0011,"aoml_navis",1023.73382499816
"7901009",44,0.166660312193435,1,0.340158,1,0.31773,1,192.231455967935,1,4.88354265528079,88,1,27.806999206543,36.3460006713867,0.340157985687256,0.327075004577637,185.370193481445,-85.9061,22.2539,15.8994415655503,63,63,63,63,61,63,0.31773,9004,1.9064526870154,22,-86,0.001869,51,2024-08-21 13:23:21.001428,88,1.037,0.0011,"aoml_navis",1023.84689823345
"7901009",44,0.173522795636694,1,0.353241,1,0.330813,1,192.513432081979,1,4.8833608660193,90.0999984741211,1,27.7409992218018,36.3559989929199,0.353240996599197,0.340157985687256,185.642105102539,-85.9061,22.2539,15.8994415655503,63,63,63,63,61,63,0.330813,9004,1.9064526870154,22,-86,0.001869,51,2024-08-21 13:23:21.001428,90.0999984741211,1.037,0.0011,"aoml_navis",1023.88501222433
"7901009",44,0.17646385996952,1,0.358848,1,0.33642,1,191.51415747042,1,4.8832247808311,92,1,27.69700050354,36.3639984130859,0.358848005533218,0.345764994621277,184.678497314453,-85.9061,22.2539,15.8994415655503,63,63,63,63,61,63,0.33642,9004,1.9064526870154,22,-86,0.001869,51,2024-08-21 13:23:21.001428,92,1.037,0.0011,"aoml_navis",1023.91354574282
"7901009",44,0.193129891188863,1,0.390621,1,0.368193,1,189.101441984172,1,4.88301777124788,94,1,27.6410007476807,36.3860015869141,0.3906210064888,0.377537995576859,182.351898193359,-85.9061,22.2539,15.8994415655503,63,63,63,63,61,63,0.368193,9004,1.9064526870154,22,-86,0.001869,51,2024-08-21 13:23:21.001428,94,1.037,0.0011,"aoml_navis",1023.95695330886
"7901009",44,0.215678051073857,1,0.433608,1,0.41118,1,187.373048664256,1,4.88282727390185,96,1,27.5839996337891,36.4029998779297,0.433607995510101,0.420525014400482,180.685195922852,-85.9061,22.2539,15.8994415655503,63,63,63,63,61,63,0.41118,9004,1.9064526870154,22,-86,0.001869,51,2024-08-21 13:23:21.001428,96,1.037,0.0011,"aoml_navis",1023.99690169759
"7901009",44,0.332340269609262,1,0.656019,1,0.633591,1,185.253907972837,1,4.882308039628,98.0999984741211,1,27.3950004577637,36.4539985656738,0.656018972396851,0.642935991287231,178.641693115234,-85.9061,22.2539,15.8994415655503,63,63,63,63,61,63,0.633591,9004,1.9064526870154,22,-86,0.001869,51,2024-08-21 13:23:21.001428,98.0999984741211,1.037,0.0011,"aoml_navis",1024.10580393878
"7901009",44,0.426454328259672,1,0.835443,1,0.813015,1,183.357942989188,1,4.88195493782334,99.8000030517578,1,27.2749996185303,36.4910011291504,0.835443019866943,0.822359979152679,176.813400268555,-85.9061,22.2539,15.8994415655503,63,63,63,63,61,63,0.813015,9004,1.9064526870154,22,-86,0.001869,51,2024-08-21 13:23:21.001428,99.8000030517578,1.037,0.0011,"aoml_navis",1024.17987541468
"7901009",44,0.385279427600118,1,0.756945,1,0.734517,1,180.10721094852,1,4.88133427848156,102,1,27.0060005187988,36.5359992980957,0.756945013999939,0.743861973285675,173.678695678711,-85.9061,22.2539,15.8994415655503,63,63,63,63,61,63,0.734517,9004,1.9064526870154,22,-86,0.001869,51,2024-08-21 13:23:21.001428,102,1.037,0.0011,"aoml_navis",1024.3100994008
"7901009",44,0.352927719939039,1,0.695268,1,0.67284,1,178.962565149546,1,4.88083735461736,104,1,26.8090000152588,36.5789985656738,0.695267975330353,0.682184994220734,172.574905395508,-85.9061,22.2539,15.8994415655503,63,63,63,63,61,63,0.67284,9004,1.9064526870154,22,-86,0.001869,51,2024-08-21 13:23:21.001428,104,1.037,0.0011,"aoml_navis",1024.41438563199
"7901009",44,0.325477786166003,1,0.642936,1,0.620508,1,177.458471011257,1,4.88049409173038,106.099998474121,1,26.67799949646,36.6069984436035,0.642935991287231,0.629853010177612,171.124496459961,-85.9061,22.2539,15.8994415655503,63,63,63,63,61,63,0.620508,9004,1.9064526870154,22,-86,0.001869,51,2024-08-21 13:23:21.001428,106.099998474121,1.037,0.0011,"aoml_navis",1024.48643641883
"7901009",44,0.317634947945135,1,0.627984,1,0.605556,1,175.692132757476,1,4.88011002544539,107.900001525879,1,26.5370006561279,36.6440010070801,0.62798398733139,0.614901006221771,169.421203613281,-85.9061,22.2539,15.8994415655503,63,63,63,63,61,63,0.605556,9004,1.9064526870154,22,-86,0.001869,51,2024-08-21 13:23:21.001428,107.900001525879,1.037,0.0011,"aoml_navis",1024.56706384272
"7901009",44,0.264695789954279,1,0.527058,1,0.50463,1,175.989758387614,1,4.87962409874183,110,1,26.3560009002686,36.6910018920898,0.527058005332947,0.513975024223328,169.708206176758,-85.9061,22.2539,15.8994415655503,63,63,63,63,61,63,0.50463,9004,1.9064526870154,22,-86,0.001869,51,2024-08-21 13:23:21.001428,110,1.037,0.0011,"aoml_navis",1024.66909311502
"7901009",44,0.233324437070809,1,0.46725,1,0.444822,1,173.742225205209,1,4.87931072463926,112,1,26.253999710083,36.7239990234375,0.467249989509583,0.454167008399963,167.540893554688,-85.9061,22.2539,15.8994415655503,63,63,63,63,61,63,0.444822,9004,1.9064526870154,22,-86,0.001869,51,2024-08-21 13:23:21.001428,112,1.037,0.0011,"aoml_navis",1024.7349025655
"7901009",44,0.220579824961899,1,0.442953,1,0.420525,1,172.726683958115,1,4.87897579680609,114,1,26.1469993591309,36.7610015869141,0.442952990531921,0.429870009422302,166.561599731445,-85.9061,22.2539,15.8994415655503,63,63,63,63,61,63,0.420525,9004,1.9064526870154,22,-86,0.001869,51,2024-08-21 13:23:21.001428,114,1.037,0.0011,"aoml_navis",1024.80524770652
"7901009",44,0.197051310299297,1,0.398097,1,0.375669,1,171.312815846889,1,4.8787484546964,115.900001525879,1,26.0550003051758,36.7750015258789,0.398097008466721,0.385013997554779,165.198196411133,-85.9061,22.2539,15.8994415655503,63,63,63,63,61,63,0.375669,9004,1.9064526870154,22,-86,0.001869,51,2024-08-21 13:23:21.001428,115.900001525879,1.037,0.0011,"aoml_navis",1024.85300204131
"7901009",44,0.170581731303869,1,0.347634,1,0.325206,1,168.452008351802,1,4.87837149995538,118,1,25.9160003662109,36.810001373291,0.347633987665176,0.334551006555557,162.439498901367,-85.9061,22.2539,15.8994415655503,63,63,63,63,61,63,0.325206,9004,1.9064526870154,22,-86,0.001869,51,2024-08-21 13:23:21.001428,118,1.037,0.0011,"aoml_navis",1024.93219305781
"7901009",44,0.108819380314537,1,0.229887,1,0.207459,1,164.252732082382,1,4.87802755652946,120,1,25.7660007476807,36.8320007324219,0.229886993765831,0.216803997755051,158.390106201172,-85.9061,22.2539,15.8994415655503,63,63,63,63,61,63,0.207459,9004,1.9064526870154,22,-86,0.001869,51,2024-08-21 13:23:21.001428,120,1.037,0.0011,"aoml_navis",1025.00445970365
"7901009",44,0.0696051892101994,1,0.155127,1,0.132699,1,162.521743696097,1,4.87772739421621,122,1,25.6280002593994,36.8470001220703,0.155127003788948,0.142043992877007,156.720901489258,-85.9061,22.2539,15.8994415655503,63,63,63,63,61,63,0.132699,9004,1.9064526870154,22,-86,0.001869,51,2024-08-21 13:23:21.001428,122,1.037,0.0011,"aoml_navis",1025.06753573986
"7901009",44,0.0499980936580305,4,0.117747,1,0.095319,1,161.312996593084,1,4.87749381817515,124,1,25.548999786377,36.8680000305176,0.117747001349926,0.104663997888565,155.555297851562,-85.9061,22.2539,15.8994415655503,63,63,63,63,61,63,0.095319,9004,1.9064526870154,22,-86,0.001869,51,2024-08-21 13:23:21.001428,124,1.037,0.0011,"aoml_navis",1025.11662472402
"7901009",44,0.0450963197699883,4,0.108402,1,0.085974,1,159.616139658987,1,4.87710469543119,126,1,25.3889999389648,36.898998260498,0.108401998877525,0.095319002866745,153.919006347656,-85.9061,22.2539,15.8994415655503,63,63,63,63,61,63,0.085974,9004,1.9064526870154,22,-86,0.001869,51,2024-08-21 13:23:21.001428,126,1.037,0.0011,"aoml_navis",1025.19841427311
"7901009",44,0.0548998675460727,1,0.127092,1,0.104664,1,158.206512265975,1,4.87671560297479,128,1,25.181999206543,36.9109992980957,0.127092003822327,0.114009000360966,152.559692382812,-85.9061,22.2539,15.8994415655503,63,63,63,63,61,63,0.104664,9004,1.9064526870154,22,-86,0.001869,51,2024-08-21 13:23:21.001428,128,1.037,0.0011,"aoml_navis",1025.28021050684
"7901009",44,0.0431356102147714,1,0.104664,1,0.082236,1,157.413418842182,1,4.87639095974714,130.100006103516,1,25.0389995574951,36.9309997558594,0.104663997888565,0.0915810018777847,151.794906616211,-85.9061,22.2539,15.8994415655503,63,63,63,63,61,63,0.082236,9004,1.9064526870154,22,-86,0.001869,51,2024-08-21 13:23:21.001428,130.100006103516,1.037,0.0011,"aoml_navis",1025.34846801112
"7901009",44,0.033332062438687,1,0.085974,1,0.063546,1,156.873122859352,1,4.87603807775143,132.100006103516,1,24.8920001983643,36.9580001831055,0.0859740003943443,0.0728909969329834,151.273895263672,-85.9061,22.2539,15.8994415655503,63,63,63,63,61,63,0.063546,9004,1.9064526870154,22,-86,0.001869,51,2024-08-21 13:23:21.001428,132.100006103516,1.037,0.0011,"aoml_navis",1025.42267313584
"7901009",44,0.0343124172162955,1,0.087843,1,0.065415,1,156.528105620822,1,4.87591196492505,134.100006103516,1,24.8360004425049,36.9589996337891,0.0878430008888245,0.0747599974274635,150.941192626953,-85.9061,22.2539,15.8994415655503,63,63,63,63,61,63,0.065415,9004,1.9064526870154,22,-86,0.001869,51,2024-08-21 13:23:21.001428,134.100006103516,1.037,0.0011,"aoml_navis",1025.44919513879
"7901009",44,0.0313713528834701,1,0.082236,1,0.059808,1,155.779175796035,1,4.87579450844094,136,1,24.7819995880127,36.9589996337891,0.0822359994053841,0.0691530033946037,150.218994140625,-85.9061,22.2539,15.8994415655503,63,63,63,63,61,63,0.059808,9004,1.9064526870154,22,-86,0.001869,51,2024-08-21 13:23:21.001428,136,1.037,0.0011,"aoml_navis",1025.47389791429
"7901009",44,0.0303909981058617,1,0.080367,1,0.057939,1,155.496693327578,1,4.87547110222918,138,1,24.6420001983643,36.9809989929199,0.0803669989109039,0.0672840029001236,149.946594238281,-85.9061,22.2539,15.8994415655503,63,63,63,63,61,63,0.057939,9004,1.9064526870154,22,-86,0.001869,51,2024-08-21 13:23:21.001428,138,1.037,0.0011,"aoml_navis",1025.54192100818
"7901009",44,0.0264695789954279,1,0.072891,1,0.050463,1,155.148891139773,1,4.87531456220831,140,1,24.5869998931885,36.9910011291504,0.0728909969329834,0.0598080009222031,149.611206054688,-85.9061,22.2539,15.8994415655503,63,63,63,63,61,63,0.050463,9004,1.9064526870154,22,-86,0.001869,51,2024-08-21 13:23:21.001428,140,1.037,0.0011,"aoml_navis",1025.57484982779
"7901009",44,0.0215678051073857,1,0.063546,1,0.041118,1,154.237975373378,1,4.87517163302098,141.899993896484,1,24.5249996185303,36.9949989318848,0.0635460019111633,0.0504629984498024,148.732803344727,-85.9061,22.2539,15.8994415655503,63,63,63,63,61,63,0.041118,9004,1.9064526870154,22,-86,0.001869,51,2024-08-21 13:23:21.001428,141.899993896484,1.037,0.0011,"aoml_navis",1025.60491740096
"7901009",44,0.017646385996952,4,0.05607,1,0.033642,1,153.961505863581,1,4.87472289170254,144,1,24.2859992980957,37.0120010375977,0.0560699999332428,0.0429870001971722,148.466201782227,-85.9061,22.2539,15.8994415655503,63,63,63,63,61,63,0.033642,9004,1.9064526870154,22,-86,0.001869,51,2024-08-21 13:23:21.001428,144,1.037,0.0011,"aoml_navis",1025.69932918868
"7901009",44,0.0235285146626026,1,0.067284,1,0.044856,1,153.969180297661,1,4.87451055240727,146,1,24.1539993286133,37.0069999694824,0.0672840029001236,0.0542009994387627,148.473602294922,-85.9061,22.2539,15.8994415655503,63,63,63,63,61,63,0.044856,9004,1.9064526870154,22,-86,0.001869,51,2024-08-21 13:23:21.001428,146,1.037,0.0011,"aoml_navis",1025.7440098331
"7901009",44,0.0264695789954279,1,0.072891,1,0.050463,1,153.27894011412,1,4.87425733139293,148,1,24.0030002593994,37.0060005187988,0.0728909969329834,0.0598080009222031,147.807998657227,-85.9061,22.2539,15.8994415655503,63,63,63,63,61,63,0.050463,9004,1.9064526870154,22,-86,0.001869,51,2024-08-21 13:23:21.001428,148,1.037,0.0011,"aoml_navis",1025.79729793854
"7901009",44,0.0411749006595546,1,0.100926,1,0.078498,1,152.845152617465,1,4.87395523982814,150,1,23.8549995422363,37.0200004577637,0.100925996899605,0.0878430008888245,147.389694213867,-85.9061,22.2539,15.8994415655503,63,63,63,63,61,63,0.078498,9004,1.9064526870154,22,-86,0.001869,51,2024-08-21 13:23:21.001428,150,1.037,0.0011,"aoml_navis",1025.86087765884
"7901009",44,0.042155255437163,1,0.102795,1,0.080367,1,153.12027712335,1,4.87373407972904,152,1,23.7280006408691,37.0200004577637,0.102794997394085,0.0897120013833046,147.654998779297,-85.9061,22.2539,15.8994415655503,63,63,63,63,61,63,0.080367,9004,1.9064526870154,22,-86,0.001869,51,2024-08-21 13:23:21.001428,152,1.037,0.0011,"aoml_navis",1025.90742913039
"7901009",44,0.0362731267715123,1,0.091581,1,0.069153,1,152.33775384794,1,4.87358406361906,154,1,23.6560001373291,37.0219993591309,0.0915810018777847,0.0784979984164238,146.900405883789,-85.9061,22.2539,15.8994415655503,63,63,63,63,61,63,0.069153,9004,1.9064526870154,22,-86,0.001869,51,2024-08-21 13:23:21.001428,154,1.037,0.0011,"aoml_navis",1025.93900807511
"7901009",44,0.0107839025536929,1,0.042987,1,0.020559,1,151.62064523333,1,4.87332201466551,156,1,23.4839992523193,37.015998840332,0.0429870001971722,0.0299040004611015,146.208892822266,-85.9061,22.2539,15.8994415655503,63,63,63,63,61,63,0.020559,9004,1.9064526870154,22,-86,0.001869,51,2024-08-21 13:23:21.001428,156,1.037,0.0011,"aoml_navis",1025.99417501107
"7901009",44,0.00294106433282533,1,0.028035,1,0.005607,1,150.836871895461,1,4.87305798015495,158,1,23.3560009002686,37.0279998779297,0.0280349999666214,0.0149520002305508,145.453094482422,-85.9061,22.2539,15.8994415655503,63,63,63,63,61,63,0.005607,9004,1.9064526870154,22,-86,0.001869,51,2024-08-21 13:23:21.001428,158,1.037,0.0011,"aoml_navis",1026.04976595025
"7901009",44,0.00490177388804221,1,0.031773,1,0.009345,1,150.150160369239,1,4.87294336044509,160,1,23.3059997558594,37.0289993286133,0.0317730009555817,0.0186899993568659,144.790893554688,-85.9061,22.2539,15.8994415655503,63,63,63,63,61,63,0.009345,9004,1.9064526870154,22,-86,0.001869,51,2024-08-21 13:23:21.001428,160,1.037,0.0011,"aoml_navis",1026.0739003425
"7901009",44,0.000980354777608442,1,0.024297,1,0.001869,1,149.337778007005,1,4.87277307376907,162,1,23.2110004425049,37.0279998779297,0.0242970008403063,0.0112140001729131,144.007507324219,-85.9061,22.2539,15.8994415655503,63,63,63,63,61,63,0.001869,9004,1.9064526870154,22,-86,0.001869,51,2024-08-21 13:23:21.001428,162,1.037,0.0011,"aoml_navis",1026.10975809972
"7901009",44,0.000980354777608442,1,0.024297,1,0.001869,1,148.722921336781,1,4.87250991811624,164,1,23.0310001373291,37.0200004577637,0.0242970008403063,0.0112140001729131,143.414596557617,-85.9061,22.2539,15.8994415655503,63,63,63,63,61,63,0.001869,9004,1.9064526870154,22,-86,0.001869,51,2024-08-21 13:23:21.001428,164,1.037,0.0011,"aoml_navis",1026.16517647501
"7901009",44,0.00196070955521688,1,0.026166,1,0.003738,1,148.562596870591,1,4.87218324740366,166,1,22.798999786377,37.0099983215332,0.0261659994721413,0.0130829997360706,143.259994506836,-85.9061,22.2539,15.8994415655503,63,63,63,63,61,63,0.003738,9004,1.9064526870154,22,-86,0.001869,51,2024-08-21 13:23:21.001428,166,1.037,0.0011,"aoml_navis",1026.23397891786
"7901009",44,0.00196070955521688,1,0.026166,1,0.003738,1,148.180156876185,1,4.87200274207664,168,1,22.6770000457764,37.0019989013672,0.0261659994721413,0.0130829997360706,142.891204833984,-85.9061,22.2539,15.8994415655503,63,63,63,63,61,63,0.003738,9004,1.9064526870154,22,-86,0.001869,51,2024-08-21 13:23:21.001428,168,1.037,0.0011,"aoml_navis",1026.2720003866
"7901009",44,-0.000980354777608442,1,0.020559,1,-0.001869,1,148.121657117845,1,4.87175075560058,170,1,22.492000579834,36.9900016784668,0.020558999851346,0.00747600011527538,142.83479309082,-85.9061,22.2539,15.8994415655503,63,63,63,63,61,63,-0.001869,9004,1.9064526870154,22,-86,0.001869,51,2024-08-21 13:23:21.001428,170,1.037,0.0011,"aoml_navis",1026.32508328797
"7901009",44,0,1,0.022428,1,0,1,147.837212526035,1,4.87159812587866,172,1,22.3920001983643,36.9830017089844,0.0224280003458261,0.00934499967843294,142.560501098633,-85.9061,22.2539,15.8994415655503,63,63,63,63,61,63,0,9004,1.9064526870154,22,-86,0.001869,51,2024-08-21 13:23:21.001428,172,1.037,0.0011,"aoml_navis",1026.35723859061
"7901009",44,0.00196070955521688,1,0.026166,1,0.003738,1,147.727080441089,1,4.87132775200573,174,1,22.1919994354248,36.9710006713867,0.0261659994721413,0.0130829997360706,142.454299926758,-85.9061,22.2539,15.8994415655503,63,63,63,63,61,63,0.003738,9004,1.9064526870154,22,-86,0.001869,51,2024-08-21 13:23:21.001428,174,1.037,0.0011,"aoml_navis",1026.41420461625
"7901009",44,0.000980354777608442,1,0.024297,1,0.001869,1,147.529744631984,1,4.87116175701892,176,1,22.068000793457,36.9589996337891,0.0242970008403063,0.0112140001729131,142.264007568359,-85.9061,22.2539,15.8994415655503,63,63,63,63,61,63,0.001869,9004,1.9064526870154,22,-86,0.001869,51,2024-08-21 13:23:21.001428,176,1.037,0.0011,"aoml_navis",1026.44918181898
"7901009",44,0.00784283822086753,1,0.03738,1,0.014952,1,147.033533130284,1,4.87103865164137,178,1,21.9860000610352,36.951000213623,0.0373799987137318,0.0242970008403063,141.785507202148,-85.9061,22.2539,15.8994415655503,63,63,63,63,61,63,0.014952,9004,1.9064526870154,22,-86,0.001869,51,2024-08-21 13:23:21.001428,178,1.037,0.0011,"aoml_navis",1026.4751231886
"7901009",44,0.00490177388804221,1,0.031773,1,0.009345,1,146.895298375385,1,4.87091400855306,180,1,21.8999996185303,36.9420013427734,0.0317730009555817,0.0186899993568659,141.652206420898,-85.9061,22.2539,15.8994415655503,63,63,63,63,61,63,0.009345,9004,1.9064526870154,22,-86,0.001869,51,2024-08-21 13:23:21.001428,180,1.037,0.0011,"aoml_navis",1026.50138992811
"7901009",44,0.00588212866565065,1,0.033642,1,0.011214,1,146.804755876813,1,4.87084253429841,182,1,21.8640003204346,36.9370002746582,0.0336420014500618,0.020558999851346,141.564895629883,-85.9061,22.2539,15.8994415655503,63,63,63,63,61,63,0.011214,9004,1.9064526870154,22,-86,0.001869,51,2024-08-21 13:23:21.001428,182,1.037,0.0011,"aoml_navis",1026.51645270651
"7901009",44,0.00294106433282533,1,0.028035,1,0.005607,1,146.798331505191,1,4.87075049192698,184,1,21.8099994659424,36.9309997558594,0.0280349999666214,0.0149520002305508,141.558700561523,-85.9061,22.2539,15.8994415655503,63,63,63,63,61,63,0.005607,9004,1.9064526870154,22,-86,0.001869,51,2024-08-21 13:23:21.001428,184,1.037,0.0011,"aoml_navis",1026.53585074564
"7901009",44,0.00294106433282533,1,0.028035,1,0.005607,1,146.95731096747,1,4.87048116605101,186,1,21.5939998626709,36.9140014648438,0.0280349999666214,0.0149520002305508,141.712005615234,-85.9061,22.2539,15.8994415655503,63,63,63,63,61,63,0.005607,9004,1.9064526870154,22,-86,0.001869,51,2024-08-21 13:23:21.001428,186,1.037,0.0011,"aoml_navis",1026.59261570536
"7901009",44,0.00196070955521688,1,0.026166,1,0.003738,1,146.918527384107,1,4.87026587421678,188,1,21.4200000762939,36.8979988098145,0.0261659994721413,0.0130829997360706,141.674606323242,-85.9061,22.2539,15.8994415655503,63,63,63,63,61,63,0.003738,9004,1.9064526870154,22,-86,0.001869,51,2024-08-21 13:23:21.001428,188,1.037,0.0011,"aoml_navis",1026.63799659687
"7901009",44,0.00196070955521688,1,0.026166,1,0.003738,1,146.885123816388,1,4.87011242942618,190,1,21.2999992370605,36.8849983215332,0.0261659994721413,0.0130829997360706,141.642395019531,-85.9061,22.2539,15.8994415655503,63,63,63,63,61,63,0.003738,9004,1.9064526870154,22,-86,0.001869,51,2024-08-21 13:23:21.001428,190,1.037,0.0011,"aoml_navis",1026.6703433352
"7901009",44,-0.00294106433282533,1,0.016821,1,-0.005607,1,146.949320061881,1,4.86989507097109,192,1,21.1119995117188,36.8650016784668,0.0168210007250309,0.00373800005763769,141.704299926758,-85.9061,22.2539,15.8994415655503,63,63,63,63,61,63,-0.005607,9004,1.9064526870154,22,-86,0.001869,51,2024-08-21 13:23:21.001428,192,1.037,0.0011,"aoml_navis",1026.71616680295
"7901009",44,0,1,0.022428,1,0,1,147.056129195988,1,4.86974896950607,194,1,20.9909992218018,36.8499984741211,0.0224280003458261,0.00934499967843294,141.80729675293,-85.9061,22.2539,15.8994415655503,63,63,63,63,61,63,0,9004,1.9064526870154,22,-86,0.001869,51,2024-08-21 13:23:21.001428,194,1.037,0.0011,"aoml_navis",1026.74697018461
"7901009",44,0,1,0.022428,1,0,1,147.271203233142,1,4.86959682834533,196,1,20.8759994506836,36.8390007019043,0.0224280003458261,0.00934499967843294,142.014694213867,-85.9061,22.2539,15.8994415655503,63,63,63,63,61,63,0,9004,1.9064526870154,22,-86,0.001869,51,2024-08-21 13:23:21.001428,196,1.037,0.0011,"aoml_navis",1026.77904891337
"7901009",44,-0.000980354777608442,1,0.020559,1,-0.001869,1,147.405703624241,1,4.86952546182941,198,1,20.8279991149902,36.8300018310547,0.020558999851346,0.00747600011527538,142.144393920898,-85.9061,22.2539,15.8994415655503,63,63,63,63,61,63,-0.001869,9004,1.9064526870154,22,-86,0.001869,51,2024-08-21 13:23:21.001428,198,1.037,0.0011,"aoml_navis",1026.7940971237
"7901009",44,-0.00392141911043377,1,0.014952,1,-0.007476,1,147.198826199156,1,4.8693715728238,200,1,20.7000007629395,36.814998626709,0.0149520002305508,0.00186900002881885,141.944900512695,-85.9061,22.2539,15.8994415655503,63,63,63,63,61,63,-0.007476,9004,1.9064526870154,22,-86,0.001869,51,2024-08-21 13:23:21.001428,200,1.037,0.0011,"aoml_navis",1026.82654737323
"7901009",44,-0.00196070955521688,1,0.01869,1,-0.003738,1,146.760687219259,1,4.86929720987834,202,1,20.6550006866455,36.8079986572266,0.0186899993568659,0.00560700008645654,141.522399902344,-85.9061,22.2539,15.8994415655503,63,63,63,63,61,63,-0.003738,9004,1.9064526870154,22,-86,0.001869,51,2024-08-21 13:23:21.001428,202,1.037,0.0011,"aoml_navis",1026.84222886549
"7901009",44,-0.00196070955521688,1,0.01869,1,-0.003738,1,146.249031907946,1,4.86923331177034,204,1,20.6180000305176,36.8009986877441,0.0186899993568659,0.00560700008645654,141.029006958008,-85.9061,22.2539,15.8994415655503,63,63,63,63,61,63,-0.003738,9004,1.9064526870154,22,-86,0.001869,51,2024-08-21 13:23:21.001428,204,1.037,0.0011,"aoml_navis",1026.85570393876
"7901009",44,0.000980354777608442,1,0.024297,1,0.001869,1,145.80570279531,1,4.86915175583964,206,1,20.5590000152588,36.7910003662109,0.0242970008403063,0.0112140001729131,140.601501464844,-85.9061,22.2539,15.8994415655503,63,63,63,63,61,63,0.001869,9004,1.9064526870154,22,-86,0.001869,51,2024-08-21 13:23:21.001428,206,1.037,0.0011,"aoml_navis",1026.87290327385
"7901009",44,-0.00196070955521688,1,0.01869,1,-0.003738,1,145.858695949403,1,4.86899607586219,208,1,20.4230003356934,36.773998260498,0.0186899993568659,0.00560700008645654,140.652603149414,-85.9061,22.2539,15.8994415655503,63,63,63,63,61,63,-0.003738,9004,1.9064526870154,22,-86,0.001869,51,2024-08-21 13:23:21.001428,208,1.037,0.0011,"aoml_navis",1026.90573623324
"7901009",44,-0.000980354777608442,1,0.020559,1,-0.001869,1,146.031457745875,1,4.86886009953213,210,1,20.3129997253418,36.7610015869141,0.020558999851346,0.00747600011527538,140.819198608398,-85.9061,22.2539,15.8994415655503,63,63,63,63,61,63,-0.001869,9004,1.9064526870154,22,-86,0.001869,51,2024-08-21 13:23:21.001428,210,1.037,0.0011,"aoml_navis",1026.93441540464
"7901009",44,-0.00196070955521688,1,0.01869,1,-0.003738,1,146.10642984623,1,4.86876664458962,212,1,20.2469997406006,36.7519989013672,0.0186899993568659,0.00560700008645654,140.891494750977,-85.9061,22.2539,15.8994415655503,63,63,63,63,61,63,-0.003738,9004,1.9064526870154,22,-86,0.001869,51,2024-08-21 13:23:21.001428,212,1.037,0.0011,"aoml_navis",1026.95412719281
"7901009",44,-0.000980354777608442,1,0.020559,1,-0.001869,1,146.214283336316,1,4.86869561650768,214,1,20.2040004730225,36.7449989318848,0.020558999851346,0.00747600011527538,140.995498657227,-85.9061,22.2539,15.8994415655503,63,63,63,63,61,63,-0.001869,9004,1.9064526870154,22,-86,0.001869,51,2024-08-21 13:23:21.001428,214,1.037,0.0011,"aoml_navis",1026.96910914848
"7901009",44,-0.00196070955521688,1,0.01869,1,-0.003738,1,146.465545890463,1,4.86858682950316,216,1,20.1229991912842,36.7350006103516,0.0186899993568659,0.00560700008645654,141.23779296875,-85.9061,22.2539,15.8994415655503,63,63,63,63,61,63,-0.003738,9004,1.9064526870154,22,-86,0.001869,51,2024-08-21 13:23:21.001428,216,1.037,0.0011,"aoml_navis",1026.99205644243
"7901009",44,-0.00294106433282533,1,0.016821,1,-0.005607,1,146.595077678878,1,4.86849938938882,218,1,20.0669994354248,36.7280006408691,0.0168210007250309,0.00373800005763769,141.362701416016,-85.9061,22.2539,15.8994415655503,63,63,63,63,61,63,-0.005607,9004,1.9064526870154,22,-86,0.001869,51,2024-08-21 13:23:21.001428,218,1.037,0.0011,"aoml_navis",1027.01050161325
"7901009",44,-0.00294106433282533,1,0.016821,1,-0.005607,1,146.708311184608,1,4.86841057796027,220,1,20.0069999694824,36.7200012207031,0.0168210007250309,0.00373800005763769,141.471893310547,-85.9061,22.2539,15.8994415655503,63,63,63,63,61,63,-0.005607,9004,1.9064526870154,22,-86,0.001869,51,2024-08-21 13:23:21.001428,220,1.037,0.0011,"aoml_navis",1027.029236736
"7901009",44,-0.00294106433282533,1,0.016821,1,-0.005607,1,146.696696680247,1,4.86832170962699,222,1,19.9440002441406,36.7109985351562,0.0168210007250309,0.00373800005763769,141.460693359375,-85.9061,22.2539,15.8994415655503,63,63,63,63,61,63,-0.005607,9004,1.9064526870154,22,-86,0.001869,51,2024-08-21 13:23:21.001428,222,1.037,0.0011,"aoml_navis",1027.04798454725
"7901009",44,-0.00294106433282533,1,0.016821,1,-0.005607,1,146.570915079207,1,4.86826956796823,224,1,19.923999786377,36.7070007324219,0.0168210007250309,0.00373800005763769,141.339401245117,-85.9061,22.2539,15.8994415655503,63,63,63,63,61,63,-0.005607,9004,1.9064526870154,22,-86,0.001869,51,2024-08-21 13:23:21.001428,224,1.037,0.0011,"aoml_navis",1027.05898475683
"7901009",44,-0.00392141911043377,1,0.014952,1,-0.007476,1,146.708738421144,1,4.86814779692837,226.100006103516,1,19.8279991149902,36.6949996948242,0.0149520002305508,0.00186900002881885,141.472305297852,-85.9061,22.2539,15.8994415655503,63,63,63,63,61,63,-0.007476,9004,1.9064526870154,22,-86,0.001869,51,2024-08-21 13:23:21.001428,226.100006103516,1.037,0.0011,"aoml_navis",1027.08467543956
"7901009",44,-0.00196070955521688,1,0.01869,1,-0.003738,1,146.679179982254,1,4.86809925666394,228,1,19.8120002746582,36.6920013427734,0.0186899993568659,0.00560700008645654,141.443801879883,-85.9061,22.2539,15.8994415655503,63,63,63,63,61,63,-0.003738,9004,1.9064526870154,22,-86,0.001869,51,2024-08-21 13:23:21.001428,228,1.037,0.0011,"aoml_navis",1027.09491659512
"7901009",44,-0.00294106433282533,1,0.016821,1,-0.005607,1,146.797081442733,1,4.86800705683982,230,1,19.746000289917,36.6829986572266,0.0168210007250309,0.00373800005763769,141.557495117188,-85.9061,22.2539,15.8994415655503,63,63,63,63,61,63,-0.005607,9004,1.9064526870154,22,-86,0.001869,51,2024-08-21 13:23:21.001428,230,1.037,0.0011,"aoml_navis",1027.11436972441
"7901009",44,-0.000980354777608442,1,0.020559,1,-0.001869,1,146.766605236467,1,4.86792619984802,232,1,19.6860008239746,36.6730003356934,0.020558999851346,0.00747600011527538,141.528106689453,-85.9061,22.2539,15.8994415655503,63,63,63,63,61,63,-0.001869,9004,1.9064526870154,22,-86,0.001869,51,2024-08-21 13:23:21.001428,232,1.037,0.0011,"aoml_navis",1027.13143024972
"7901009",44,-0.00392141911043377,1,0.014952,1,-0.007476,1,146.924018164779,1,4.86783222251525,234,1,19.6040000915527,36.6590003967285,0.0149520002305508,0.00186900002881885,141.679901123047,-85.9061,22.2539,15.8994415655503,63,63,63,63,61,63,-0.007476,9004,1.9064526870154,22,-86,0.001869,51,2024-08-21 13:23:21.001428,234,1.037,0.0011,"aoml_navis",1027.15125983049
"7901009",44,-0.00392141911043377,1,0.014952,1,-0.007476,1,147.377506012836,1,4.86764449526079,236,1,19.423999786377,36.6370010375977,0.0149520002305508,0.00186900002881885,142.117202758789,-85.9061,22.2539,15.8994415655503,63,63,63,63,61,63,-0.007476,9004,1.9064526870154,22,-86,0.001869,51,2024-08-21 13:23:21.001428,236,1.037,0.0011,"aoml_navis",1027.19087329982
"7901009",44,-0.00490177388804221,1,0.013083,1,-0.009345,1,147.56716738786,1,4.86751951423097,238,1,19.3020000457764,36.6180000305176,0.0130829997360706,0,142.300094604492,-85.9061,22.2539,15.8994415655503,63,63,63,63,61,63,-0.009345,9004,1.9064526870154,22,-86,0.001869,51,2024-08-21 13:23:21.001428,238,1.037,0.0011,"aoml_navis",1027.2172480011
"7901009",44,-0.00294106433282533,1,0.016821,1,-0.005607,1,147.72002312645,1,4.86741966784461,240,1,19.2229995727539,36.6069984436035,0.0168210007250309,0.00373800005763769,142.447494506836,-85.9061,22.2539,15.8994415655503,63,63,63,63,61,63,-0.005607,9004,1.9064526870154,22,-86,0.001869,51,2024-08-21 13:23:21.001428,240,1.037,0.0011,"aoml_navis",1027.23831952097
"7901009",44,-0.00294106433282533,1,0.016821,1,-0.005607,1,147.738584180421,1,4.86735052297866,242,1,19.1860008239746,36.6020011901855,0.0168210007250309,0.00373800005763769,142.465393066406,-85.9061,22.2539,15.8994415655503,63,63,63,63,61,63,-0.005607,9004,1.9064526870154,22,-86,0.001869,51,2024-08-21 13:23:21.001428,242,1.037,0.0011,"aoml_navis",1027.25291231751
"7901009",44,-0.00196070955521688,1,0.01869,1,-0.003738,1,147.76804767786,1,4.86730029468391,244,1,19.1700000762939,36.5989990234375,0.0186899993568659,0.00560700008645654,142.493804931641,-85.9061,22.2539,15.8994415655503,63,63,63,63,61,63,-0.003738,9004,1.9064526870154,22,-86,0.001869,51,2024-08-21 13:23:21.001428,244,1.037,0.0011,"aoml_navis",1027.26351309391
"7901009",44,-0.00196070955521688,1,0.01869,1,-0.003738,1,147.840219005365,1,4.86724622732344,246,1,19.1480007171631,36.5950012207031,0.0186899993568659,0.00560700008645654,142.563400268555,-85.9061,22.2539,15.8994415655503,63,63,63,63,61,63,-0.003738,9004,1.9064526870154,22,-86,0.001869,51,2024-08-21 13:23:21.001428,246,1.037,0.0011,"aoml_navis",1027.27492435688
"7901009",44,-0.00392141911043377,1,0.014952,1,-0.007476,1,147.785675140881,1,4.86716706433263,248,1,19.0970001220703,36.5880012512207,0.0149520002305508,0.00186900002881885,142.510803222656,-85.9061,22.2539,15.8994415655503,63,63,63,63,61,63,-0.007476,9004,1.9064526870154,22,-86,0.001869,51,2024-08-21 13:23:21.001428,248,1.037,0.0011,"aoml_navis",1027.29163267084
"7901009",44,-0.00294106433282533,1,0.016821,1,-0.005607,1,147.434534178662,1,4.86707896571092,250,1,19.0270004272461,36.5769996643066,0.0168210007250309,0.00373800005763769,142.17219543457,-85.9061,22.2539,15.8994415655503,63,63,63,63,61,63,-0.005607,9004,1.9064526870154,22,-86,0.001869,51,2024-08-21 13:23:21.001428,250,1.037,0.0011,"aoml_navis",1027.31022759761
"7901009",44,-0.00490177388804221,1,0.013083,1,-0.009345,1,147.033533130284,1,4.8670056937858,252,1,18.9629993438721,36.5639991760254,0.0130829997360706,0,141.785507202148,-85.9061,22.2539,15.8994415655503,63,63,63,63,61,63,-0.009345,9004,1.9064526870154,22,-86,0.001869,51,2024-08-21 13:23:21.001428,252,1.037,0.0011,"aoml_navis",1027.32569357459
"7901009",44,-0.00392141911043377,1,0.014952,1,-0.007476,1,147.22495092218,1,4.86685545859529,254,1,18.8010005950928,36.5390014648438,0.0149520002305508,0.00186900002881885,141.970092773438,-85.9061,22.2539,15.8994415655503,63,63,63,63,61,63,-0.007476,9004,1.9064526870154,22,-86,0.001869,51,2024-08-21 13:23:21.001428,254,1.037,0.0011,"aoml_navis",1027.35740613984
"7901009",44,-0.00392141911043377,1,0.014952,1,-0.007476,1,147.960509825734,1,4.86672491052172,256,1,18.6720008850098,36.5200004577637,0.0149520002305508,0.00186900002881885,142.679397583008,-85.9061,22.2539,15.8994415655503,63,63,63,63,61,63,-0.007476,9004,1.9064526870154,22,-86,0.001869,51,2024-08-21 13:23:21.001428,256,1.037,0.0011,"aoml_navis",1027.38496461761
"7901009",44,-0.00392141911043377,1,0.014952,1,-0.007476,1,149.187928747746,1,4.86660243152194,258,1,18.5580005645752,36.5040016174316,0.0149520002305508,0.00186900002881885,143.863006591797,-85.9061,22.2539,15.8994415655503,63,63,63,63,61,63,-0.007476,9004,1.9064526870154,22,-86,0.001869,51,2024-08-21 13:23:21.001428,258,1.037,0.0011,"aoml_navis",1027.41082107181
"7901009",44,-0.00392141911043377,1,0.014952,1,-0.007476,1,150.017954396577,1,4.8665307311633,260,1,18.5330009460449,36.5040016174316,0.0149520002305508,0.00186900002881885,144.66340637207,-85.9061,22.2539,15.8994415655503,63,63,63,63,61,63,-0.007476,9004,1.9064526870154,22,-86,0.001869,51,2024-08-21 13:23:21.001428,260,1.037,0.0011,"aoml_navis",1027.42595828729
"7901009",44,-0.00294106433282533,1,0.016821,1,-0.005607,1,150.85813878083,1,4.86644065527072,262,1,18.4750003814697,36.4980010986328,0.0168210007250309,0.00373800005763769,145.473602294922,-85.9061,22.2539,15.8994415655503,63,63,63,63,61,63,-0.005607,9004,1.9064526870154,22,-86,0.001869,51,2024-08-21 13:23:21.001428,262,1.037,0.0011,"aoml_navis",1027.44497553559
"7901009",44,-0.00490177388804221,1,0.013083,1,-0.009345,1,151.830133548359,1,4.86636650010421,264,1,18.4330005645752,36.4930000305176,0.0130829997360706,0,146.410903930664,-85.9061,22.2539,15.8994415655503,63,63,63,63,61,63,-0.009345,9004,1.9064526870154,22,-86,0.001869,51,2024-08-21 13:23:21.001428,264,1.037,0.0011,"aoml_navis",1027.46063205328
"7901009",44,-0.00392141911043377,1,0.014952,1,-0.007476,1,152.785212913761,1,4.86630580481423,266,1,18.4139995574951,36.492000579834,0.0149520002305508,0.00186900002881885,147.331893920898,-85.9061,22.2539,15.8994415655503,63,63,63,63,61,63,-0.007476,9004,1.9064526870154,22,-86,0.001869,51,2024-08-21 13:23:21.001428,266,1.037,0.0011,"aoml_navis",1027.47344711742
"7901009",44,0,1,0.013083,1,-0.009345,1,153.199189293986,1,4.86623177547092,268,1,18.3780002593994,36.4889984130859,0.0130829997360706,0,147.731094360352,-85.9061,22.2539,15.8994415655503,63,63,63,63,61,63,0,9004,1.9064526870154,22,-86,0.001869,51,2024-08-21 13:23:21.001428,268,1.037,0.0011,"aoml_navis",1027.4890779357
"7901009",44,0,1,0.016821,1,-0.005607,1,153.149629855761,1,4.86617714421211,270,1,18.3579998016357,36.4860000610352,0.0168210007250309,0,147.683303833008,-85.9061,22.2539,15.8994415655503,63,63,63,63,61,63,0,9004,1.9064526870154,22,-86,0.001869,51,2024-08-21 13:23:21.001428,270,1.037,0.0011,"aoml_navis",1027.50061327855
"7901009",44,0,1,0.013083,1,-0.009345,1,152.79693818315,1,4.86612252069325,272,1,18.3320007324219,36.4809989929199,0.0130829997360706,0,147.343200683594,-85.9061,22.2539,15.8994415655503,63,63,63,63,61,63,0,9004,1.9064526870154,22,-86,0.001869,51,2024-08-21 13:23:21.001428,272,1.037,0.0011,"aoml_navis",1027.51214724607
"7901009",44,0,1,0.016821,1,-0.005607,1,152.78573509175,1,4.86606063835612,274,1,18.2849998474121,36.4710006713867,0.0168210007250309,0,147.332397460938,-85.9061,22.2539,15.8994415655503,63,63,63,63,61,63,0,9004,1.9064526870154,22,-86,0.001869,51,2024-08-21 13:23:21.001428,274,1.037,0.0011,"aoml_navis",1027.52521425404
"7901009",44,0,1,0.011214,1,-0.011214,1,153.826799766002,1,4.86594707240176,276,1,18.1800003051758,36.4560012817383,0.0112140001729131,0,148.336303710938,-85.9061,22.2539,15.8994415655503,63,63,63,63,61,63,0,9004,1.9064526870154,22,-86,0.001869,51,2024-08-21 13:23:21.001428,276,1.037,0.0011,"aoml_navis",1027.54919558385
"7901009",44,0,1,0.013083,1,-0.009345,1,154.569305219167,1,4.86584108383864,278,1,18.0900001525879,36.4440002441406,0.0130829997360706,0,149.052307128906,-85.9061,22.2539,15.8994415655503,63,63,63,63,61,63,0,9004,1.9064526870154,22,-86,0.001869,51,2024-08-21 13:23:21.001428,278,1.037,0.0011,"aoml_navis",1027.57157783203
"7901009",44,0,1,0.01869,1,-0.003738,1,154.244083273491,1,4.86577592916287,280,1,18.0550003051758,36.4389991760254,0.0186899993568659,0,148.738693237305,-85.9061,22.2539,15.8994415655503,63,63,63,63,61,63,0,9004,1.9064526870154,22,-86,0.001869,51,2024-08-21 13:23:21.001428,280,1.037,0.0011,"aoml_navis",1027.58533742433
"7901009",44,0,1,0.014952,1,-0.007476,1,152.948971095817,1,4.86570848071805,282,1,18.011999130249,36.431999206543,0.0149520002305508,0,147.489807128906,-85.9061,22.2539,15.8994415655503,63,63,63,63,61,63,0,9004,1.9064526870154,22,-86,0.001869,51,2024-08-21 13:23:21.001428,282,1.037,0.0011,"aoml_navis",1027.59958181098
"7901009",44,0,1,0.014952,1,-0.007476,1,151.535197926044,1,4.8656269599506,284,1,17.9419994354248,36.4199981689453,0.0149520002305508,0,146.126495361328,-85.9061,22.2539,15.8994415655503,63,63,63,63,61,63,0,9004,1.9064526870154,22,-86,0.001869,51,2024-08-21 13:23:21.001428,284,1.037,0.0011,"aoml_navis",1027.61679864803
"7901009",44,0,1,0.016821,1,-0.005607,1,149.4982923561,1,4.86557051904841,286,1,17.9020004272461,36.4109992980957,0.0168210007250309,0,144.162292480469,-85.9061,22.2539,15.8994415655503,63,63,63,63,61,63,0,9004,1.9064526870154,22,-86,0.001869,51,2024-08-21 13:23:21.001428,286,1.037,0.0011,"aoml_navis",1027.62871906292
"7901009",44,0,1,0.014952,1,-0.007476,1,147.519886544495,1,4.86549669655762,288,1,17.8229999542236,36.3940010070801,0.0149520002305508,0,142.254501342773,-85.9061,22.2539,15.8994415655503,63,63,63,63,61,63,0,9004,1.9064526870154,22,-86,0.001869,51,2024-08-21 13:23:21.001428,288,1.037,0.0011,"aoml_navis",1027.64431091641
"7901009",44,0,1,0.016821,1,-0.005607,1,146.361015351217,1,4.86541240348648,290,1,17.738000869751,36.3779983520508,0.0168210007250309,0,141.136993408203,-85.9061,22.2539,15.8994415655503,63,63,63,63,61,63,0,9004,1.9064526870154,22,-86,0.001869,51,2024-08-21 13:23:21.001428,290,1.037,0.0011,"aoml_navis",1027.66211481211
"7901009",44,0,1,0.016821,1,-0.005607,1,145.820007307493,1,4.86532594577479,292,1,17.6539993286133,36.3629989624023,0.0168210007250309,0,140.615295410156,-85.9061,22.2539,15.8994415655503,63,63,63,63,61,63,0,9004,1.9064526870154,22,-86,0.001869,51,2024-08-21 13:23:21.001428,292,1.037,0.0011,"aoml_navis",1027.68037655158
"7901009",44,0,1,0.013083,1,-0.009345,1,145.29662672679,1,4.86523623640292,294,1,17.5669994354248,36.3479995727539,0.0130829997360706,0,140.110595703125,-85.9061,22.2539,15.8994415655503,63,63,63,63,61,63,0,9004,1.9064526870154,22,-86,0.001869,51,2024-08-21 13:23:21.001428,294,1.037,0.0011,"aoml_navis",1027.69932579815
"7901009",44,0,1,0.014952,1,-0.007476,1,145.165132815023,1,4.8651513446978,296,1,17.4899997711182,36.3349990844727,0.0149520002305508,0,139.983795166016,-85.9061,22.2539,15.8994415655503,63,63,63,63,61,63,0,9004,1.9064526870154,22,-86,0.001869,51,2024-08-21 13:23:21.001428,296,1.037,0.0011,"aoml_navis",1027.71725805594
"7901009",44,0,1,0.016821,1,-0.005607,1,145.117124087188,1,4.86509413767052,298,1,17.4580001831055,36.3289985656738,0.0168210007250309,0,139.9375,-85.9061,22.2539,15.8994415655503,63,63,63,63,61,63,0,9004,1.9064526870154,22,-86,0.001869,51,2024-08-21 13:23:21.001428,298,1.037,0.0011,"aoml_navis",1027.72934264209
"7901009",44,0,1,0.016821,1,-0.005607,1,144.866478652482,1,4.8650320555736,300,1,17.42799949646,36.3250007629395,0.0168210007250309,0,139.69580078125,-85.9061,22.2539,15.8994415655503,63,63,63,63,61,63,0,9004,1.9064526870154,22,-86,0.001869,51,2024-08-21 13:23:21.001428,300,1.037,0.0011,"aoml_navis",1027.74245737431
"7901009",44,0,1,0.01869,1,-0.003738,1,144.260862950305,1,4.86496330749119,302,1,17.382999420166,36.318000793457,0.0186899993568659,0,139.111801147461,-85.9061,22.2539,15.8994415655503,63,63,63,63,61,63,0,9004,1.9064526870154,22,-86,0.001869,51,2024-08-21 13:23:21.001428,302,1.037,0.0011,"aoml_navis",1027.75698067463
"7901009",44,0,1,0.01869,1,-0.003738,1,143.786946866376,1,4.86491347435078,304,1,17.3509998321533,36.310001373291,0.0186899993568659,0,138.654800415039,-85.9061,22.2539,15.8994415655503,63,63,63,63,61,63,0,9004,1.9064526870154,22,-86,0.001869,51,2024-08-21 13:23:21.001428,304,1.037,0.0011,"aoml_navis",1027.76750837634
"7901009",44,0,1,0.01869,1,-0.003738,1,143.426897231194,1,4.86484288798584,306,1,17.2950000762939,36.2999992370605,0.0186899993568659,0,138.307601928711,-85.9061,22.2539,15.8994415655503,63,63,63,63,61,63,0,9004,1.9064526870154,22,-86,0.001869,51,2024-08-21 13:23:21.001428,306,1.037,0.0011,"aoml_navis",1027.7824207536
"7901009",44,0,1,0.014952,1,-0.007476,1,143.024218883821,1,4.8647363048034,308.100006103516,1,17.1879997253418,36.2830009460449,0.0149520002305508,0,137.919296264648,-85.9061,22.2539,15.8994415655503,63,63,63,63,61,63,0,9004,1.9064526870154,22,-86,0.001869,51,2024-08-21 13:23:21.001428,308.100006103516,1.037,0.0011,"aoml_navis",1027.80493879248
"7901009",44,0,1,0.01869,1,-0.003738,1,142.216188004828,1,4.86466712755695,310,1,17.1280002593994,36.2719993591309,0.0186899993568659,0,137.140106201172,-85.9061,22.2539,15.8994415655503,63,63,63,63,61,63,0,9004,1.9064526870154,22,-86,0.001869,51,2024-08-21 13:23:21.001428,310,1.037,0.0011,"aoml_navis",1027.81955453364
"7901009",44,0,1,0.01869,1,-0.003738,1,140.807082789804,1,4.86460412517198,312,1,17.0750007629395,36.2610015869141,0.0186899993568659,0,135.781295776367,-85.9061,22.2539,15.8994415655503,63,63,63,63,61,63,0,9004,1.9064526870154,22,-86,0.001869,51,2024-08-21 13:23:21.001428,312,1.037,0.0011,"aoml_navis",1027.8328660142
"7901009",44,0,1,0.020559,1,-0.001869,1,139.61472891093,1,4.86441407676628,314,1,16.8110008239746,36.2179985046387,0.020558999851346,0,134.631500244141,-85.9061,22.2539,15.8994415655503,63,63,63,63,61,63,0,9004,1.9064526870154,22,-86,0.001869,51,2024-08-21 13:23:21.001428,314,1.037,0.0011,"aoml_navis",1027.87302254578
"7901009",44,0,1,0.016821,1,-0.005607,1,139.58257540567,1,4.86422928607867,316.100006103516,1,16.5699996948242,36.1809997558594,0.0168210007250309,0,134.600494384766,-85.9061,22.2539,15.8994415655503,63,63,63,63,61,63,0,9004,1.9064526870154,22,-86,0.001869,51,2024-08-21 13:23:21.001428,316.100006103516,1.037,0.0011,"aoml_navis",1027.91207114967
"7901009",44,0,1,0.016821,1,-0.005607,1,139.48521294609,1,4.86413776045823,318,1,16.4729995727539,36.1650009155273,0.0168210007250309,0,134.506607055664,-85.9061,22.2539,15.8994415655503,63,63,63,63,61,63,0,9004,1.9064526870154,22,-86,0.001869,51,2024-08-21 13:23:21.001428,318,1.037,0.0011,"aoml_navis",1027.93141276677
"7901009",44,0,1,0.016821,1,-0.005607,1,139.390318964276,1,4.86407841213958,320,1,16.4379997253418,36.1590003967285,0.0168210007250309,0,134.415100097656,-85.9061,22.2539,15.8994415655503,63,63,63,63,61,63,0,9004,1.9064526870154,22,-86,0.001869,51,2024-08-21 13:23:21.001428,320,1.037,0.0011,"aoml_navis",1027.94395491676
"7901009",44,0,1,0.01869,1,-0.003738,1,139.283399065141,1,4.86403152360507,322,1,16.4300003051758,36.1580009460449,0.0186899993568659,0,134.311996459961,-85.9061,22.2539,15.8994415655503,63,63,63,63,61,63,0,9004,1.9064526870154,22,-86,0.001869,51,2024-08-21 13:23:21.001428,322,1.037,0.0011,"aoml_navis",1027.95386414234
"7901009",44,0,1,0.016821,1,-0.005607,1,139.054843341726,1,4.86399143213701,324,1,16.42799949646,36.1570014953613,0.0168210007250309,0,134.091598510742,-85.9061,22.2539,15.8994415655503,63,63,63,63,61,63,0,9004,1.9064526870154,22,-86,0.001869,51,2024-08-21 13:23:21.001428,324,1.037,0.0011,"aoml_navis",1027.96233705602
"7901009",44,0,1,0.020559,1,-0.001869,1,138.824214729931,1,4.86394276001234,326,1,16.4120006561279,36.1539993286133,0.020558999851346,0,133.869201660156,-85.9061,22.2539,15.8994415655503,63,63,63,63,61,63,0,9004,1.9064526870154,22,-86,0.001869,51,2024-08-21 13:23:21.001428,326,1.037,0.0011,"aoml_navis",1027.9726235897
"7901009",44,0,1,0.014952,1,-0.007476,1,138.542555087395,1,4.86388259074688,328,1,16.3729991912842,36.1469993591309,0.0149520002305508,0,133.597595214844,-85.9061,22.2539,15.8994415655503,63,63,63,63,61,63,0,9004,1.9064526870154,22,-86,0.001869,51,2024-08-21 13:23:21.001428,328,1.037,0.0011,"aoml_navis",1027.98534025309
"7901009",44,0,1,0.020559,1,-0.001869,1,138.107944764818,1,4.86382788707076,330,1,16.3419990539551,36.140998840332,0.020558999851346,0,133.178497314453,-85.9061,22.2539,15.8994415655503,63,63,63,63,61,63,0,9004,1.9064526870154,22,-86,0.001869,51,2024-08-21 13:23:21.001428,330,1.037,0.0011,"aoml_navis",1027.9969020473
"7901009",44,0,1,0.01869,1,-0.003738,1,137.876493327101,1,4.86374852281953,332,1,16.2730007171631,36.1300010681152,0.0186899993568659,0,132.955307006836,-85.9061,22.2539,15.8994415655503,63,63,63,63,61,63,0,9004,1.9064526870154,22,-86,0.001869,51,2024-08-21 13:23:21.001428,332,1.037,0.0011,"aoml_navis",1028.01367639408
"7901009",44,0,1,0.014952,1,-0.007476,1,137.590482201324,1,4.86369593573191,334,1,16.2469997406006,36.125,0.0149520002305508,0,132.679504394531,-85.9061,22.2539,15.8994415655503,63,63,63,63,61,63,0,9004,1.9064526870154,22,-86,0.001869,51,2024-08-21 13:23:21.001428,334,1.037,0.0011,"aoml_navis",1028.02479144856
"7901009",44,0,1,0.01869,1,-0.003738,1,137.18645885004,1,4.86364449974444,336,1,16.2220001220703,36.1199989318848,0.0186899993568659,0,132.289901733398,-85.9061,22.2539,15.8994415655503,63,63,63,63,61,63,0,9004,1.9064526870154,22,-86,0.001869,51,2024-08-21 13:23:21.001428,336,1.037,0.0011,"aoml_navis",1028.03566343361
"7901009",44,0,1,0.020559,1,-0.001869,1,136.630924764078,1,4.86358461703874,338,1,16.1830005645752,36.1129989624023,0.020558999851346,0,131.754196166992,-85.9061,22.2539,15.8994415655503,63,63,63,63,61,63,0,9004,1.9064526870154,22,-86,0.001869,51,2024-08-21 13:23:21.001428,338,1.037,0.0011,"aoml_navis",1028.04832108469
"7901009",44,0,1,0.022428,1,0,1,136.147672770649,1,4.86349530482312,340,1,16.0949993133545,36.0989990234375,0.0224280003458261,0,131.288192749023,-85.9061,22.2539,15.8994415655503,63,63,63,63,61,63,0,9004,1.9064526870154,22,-86,0.001869,51,2024-08-21 13:23:21.001428,340,1.037,0.0011,"aoml_navis",1028.06719995011
"7901009",44,0,1,0.020559,1,-0.001869,1,135.520283828689,1,4.86344203378098,342,1,16.0520000457764,36.0890007019043,0.020558999851346,0,130.683197021484,-85.9061,22.2539,15.8994415655503,63,63,63,63,61,63,0,9004,1.9064526870154,22,-86,0.001869,51,2024-08-21 13:23:21.001428,342,1.037,0.0011,"aoml_navis",1028.07846074252
"7901009",44,0,1,0.014952,1,-0.007476,1,134.642344393476,1,4.86334931454474,344,1,15.9540004730225,36.0730018615723,0.0149520002305508,0,129.83659362793,-85.9061,22.2539,15.8994415655503,63,63,63,63,61,63,0,9004,1.9064526870154,22,-86,0.001869,51,2024-08-21 13:23:21.001428,344,1.037,0.0011,"aoml_navis",1028.09806094877
"7901009",44,0,1,0.016821,1,-0.005607,1,133.761825715469,1,4.86325138455364,346,1,15.8280000686646,36.0499992370605,0.0168210007250309,0,128.987503051758,-85.9061,22.2539,15.8994415655503,63,63,63,63,61,63,0,9004,1.9064526870154,22,-86,0.001869,51,2024-08-21 13:23:21.001428,346,1.037,0.0011,"aoml_navis",1028.11876348418
"7901009",44,0,1,0.014952,1,-0.007476,1,133.094703775621,1,4.86311201393717,348,1,15.6440000534058,36.0209999084473,0.0149520002305508,0,128.344192504883,-85.9061,22.2539,15.8994415655503,63,63,63,63,61,63,0,9004,1.9064526870154,22,-86,0.001869,51,2024-08-21 13:23:21.001428,348,1.037,0.0011,"aoml_navis",1028.14822806271
"7901009",44,0,1,0.01869,1,-0.003738,1,132.801334687273,1,4.86297335256856,350,1,15.456000328064,35.9910011291504,0.0186899993568659,0,128.061294555664,-85.9061,22.2539,15.8994415655503,63,63,63,63,61,63,0,9004,1.9064526870154,22,-86,0.001869,51,2024-08-21 13:23:21.001428,350,1.037,0.0011,"aoml_navis",1028.17754437397
"7901009",44,0,1,0.01869,1,-0.003738,1,132.372848088384,1,4.86289868403021,352,1,15.378999710083,35.9770011901855,0.0186899993568659,0,127.648101806641,-85.9061,22.2539,15.8994415655503,63,63,63,63,61,63,0,9004,1.9064526870154,22,-86,0.001869,51,2024-08-21 13:23:21.001428,352,1.037,0.0011,"aoml_navis",1028.19333177144
"7901009",44,0,1,0.01869,1,-0.003738,1,131.63905351349,1,4.8628376076168,354,1,15.331000328064,35.9679985046387,0.0186899993568659,0,126.940498352051,-85.9061,22.2539,15.8994415655503,63,63,63,63,61,63,0,9004,1.9064526870154,22,-86,0.001869,51,2024-08-21 13:23:21.001428,354,1.037,0.0011,"aoml_navis",1028.20624570484
"7901009",44,0,1,0.01869,1,-0.003738,1,130.952658458777,1,4.86273000716,356,1,15.1929998397827,35.9449996948242,0.0186899993568659,0,126.278602600098,-85.9061,22.2539,15.8994415655503,63,63,63,63,61,63,0,9004,1.9064526870154,22,-86,0.001869,51,2024-08-21 13:23:21.001428,356,1.037,0.0011,"aoml_navis",1028.22899742282
"7901009",44,0,1,0.020559,1,-0.001869,1,130.537748487602,1,4.86261238752957,358,1,15.0279998779297,35.9169998168945,0.020558999851346,0,125.87850189209,-85.9061,22.2539,15.8994415655503,63,63,63,63,61,63,0,9004,1.9064526870154,22,-86,0.001869,51,2024-08-21 13:23:21.001428,358,1.037,0.0011,"aoml_navis",1028.25386880985
"7901009",44,0,1,0.020559,1,-0.001869,1,130.33480322101,1,4.8624890558939,360,1,14.8769998550415,35.8950004577637,0.020558999851346,0,125.682800292969,-85.9061,22.2539,15.8994415655503,63,63,63,63,61,63,0,9004,1.9064526870154,22,-86,0.001869,51,2024-08-21 13:23:21.001428,360,1.037,0.0011,"aoml_navis",1028.27994932748
"7901009",44,0,1,0.022428,1,0,1,129.740699169953,1,4.86242665059484,362,1,14.8199996948242,35.8839988708496,0.0224280003458261,0,125.109901428223,-85.9061,22.2539,15.8994415655503,63,63,63,63,61,63,0,9004,1.9064526870154,22,-86,0.001869,51,2024-08-21 13:23:21.001428,362,1.037,0.0011,"aoml_navis",1028.29314646594
"7901009",44,0,1,0.016821,1,-0.005607,1,129.122432519224,1,4.86237242563584,364,1,14.7740001678467,35.8740005493164,0.0168210007250309,0,124.513702392578,-85.9061,22.2539,15.8994415655503,63,63,63,63,61,63,0,9004,1.9064526870154,22,-86,0.001869,51,2024-08-21 13:23:21.001428,364,1.037,0.0011,"aoml_navis",1028.30461394494
"7901009",44,0,1,0.024297,1,0.001869,1,128.968326718177,1,4.86227531321144,366,1,14.6599998474121,35.8559989929199,0.0242970008403063,0,124.365097045898,-85.9061,22.2539,15.8994415655503,63,63,63,63,61,63,0,9004,1.9064526870154,22,-86,0.001869,51,2024-08-21 13:23:21.001428,366,1.037,0.0011,"aoml_navis",1028.32515189223
"7901009",44,0,1,0.020559,1,-0.001869,1,128.558084701751,1,4.86220331271955,368,1,14.5900001525879,35.8440017700195,0.020558999851346,0,123.969497680664,-85.9061,22.2539,15.8994415655503,63,63,63,63,61,63,0,9004,1.9064526870154,22,-86,0.001869,51,2024-08-21 13:23:21.001428,368,1.037,0.0011,"aoml_navis",1028.34037953945
"7901009",44,0,1,0.01869,1,-0.003738,1,128.54263298035,1,4.8620986085588,370,1,14.4610004425049,35.8240013122559,0.0186899993568659,0,123.954597473145,-85.9061,22.2539,15.8994415655503,63,63,63,63,61,63,0,9004,1.9064526870154,22,-86,0.001869,51,2024-08-21 13:23:21.001428,370,1.037,0.0011,"aoml_navis",1028.36252460994
"7901009",44,0,1,0.020559,1,-0.001869,1,128.317811620736,1,4.86203254168182,372,1,14.4099998474121,35.8160018920898,0.020558999851346,0,123.737800598145,-85.9061,22.2539,15.8994415655503,63,63,63,63,61,63,0,9004,1.9064526870154,22,-86,0.001869,51,2024-08-21 13:23:21.001428,372,1.037,0.0011,"aoml_navis",1028.37649833385
"7901009",44,0,1,0.01869,1,-0.003738,1,128.148570569795,1,4.86196810099509,374,1,14.3500003814697,35.8050003051758,0.0186899993568659,0,123.574600219727,-85.9061,22.2539,15.8994415655503,63,63,63,63,61,63,0,9004,1.9064526870154,22,-86,0.001869,51,2024-08-21 13:23:21.001428,374,1.037,0.0011,"aoml_navis",1028.39012847013
"7901009",44,0,1,0.01869,1,-0.003738,1,127.73376345186,1,4.86189758042814,376,1,14.2980003356934,35.7980003356934,0.0186899993568659,0,123.174598693848,-85.9061,22.2539,15.8994415655503,63,63,63,63,61,63,0,9004,1.9064526870154,22,-86,0.001869,51,2024-08-21 13:23:21.001428,376,1.037,0.0011,"aoml_navis",1028.40504500296
"7901009",44,0,1,0.01869,1,-0.003738,1,127.368943008687,1,4.86181312952286,378,1,14.201000213623,35.7820014953613,0.0186899993568659,0,122.822799682617,-85.9061,22.2539,15.8994415655503,63,63,63,63,61,63,0,9004,1.9064526870154,22,-86,0.001869,51,2024-08-21 13:23:21.001428,378,1.037,0.0011,"aoml_navis",1028.4229086548
"7901009",44,0,1,0.022428,1,0,1,126.941382088961,1,4.86173783349994,380,1,14.1230001449585,35.7690010070801,0.0224280003458261,0,122.410499572754,-85.9061,22.2539,15.8994415655503,63,63,63,63,61,63,0,9004,1.9064526870154,22,-86,0.001869,51,2024-08-21 13:23:21.001428,380,1.037,0.0011,"aoml_navis",1028.43883632461
"7901009",44,0,1,0.01869,1,-0.003738,1,126.625614729601,1,4.86164999145801,382,1,14.0220003128052,35.7529983520508,0.0186899993568659,0,122.106002807617,-85.9061,22.2539,15.8994415655503,63,63,63,63,61,63,0,9004,1.9064526870154,22,-86,0.001869,51,2024-08-21 13:23:21.001428,382,1.037,0.0011,"aoml_navis",1028.45741852767
"7901009",44,0,1,0.01869,1,-0.003738,1,126.279038868891,1,4.86157365639134,384.100006103516,1,13.9479999542236,35.7410011291504,0.0186899993568659,0,121.771797180176,-85.9061,22.2539,15.8994415655503,63,63,63,63,61,63,0,9004,1.9064526870154,22,-86,0.001869,51,2024-08-21 13:23:21.001428,384.100006103516,1.037,0.0011,"aoml_navis",1028.47356707775
"7901009",44,0,1,0.024297,1,0.001869,1,126.158123017294,1,4.86149831642648,386,1,13.8599996566772,35.726001739502,0.0242970008403063,0,121.655197143555,-85.9061,22.2539,15.8994415655503,63,63,63,63,61,63,0,9004,1.9064526870154,22,-86,0.001869,51,2024-08-21 13:23:21.001428,386,1.037,0.0011,"aoml_navis",1028.48950561302
"7901009",44,0,1,0.020559,1,-0.001869,1,125.894620927557,1,4.86144463999998,388,1,13.8269996643066,35.7200012207031,0.020558999851346,0,121.401100158691,-85.9061,22.2539,15.8994415655503,63,63,63,63,61,63,0,9004,1.9064526870154,22,-86,0.001869,51,2024-08-21 13:23:21.001428,388,1.037,0.0011,"aoml_navis",1028.50086142296
"7901009",44,0,1,0.022428,1,0,1,125.536849887235,1,4.86139305007425,390,1,13.7959995269775,35.7140007019043,0.0224280003458261,0,121.056098937988,-85.9061,22.2539,15.8994415655503,63,63,63,63,61,63,0,9004,1.9064526870154,22,-86,0.001869,51,2024-08-21 13:23:21.001428,390,1.037,0.0011,"aoml_navis",1028.51177604815
"7901009",44,0,1,0.026166,1,0.003738,1,125.549706542267,1,4.86129600164689,392,1,13.6809997558594,35.6969985961914,0.0261659994721413,0,121.068496704102,-85.9061,22.2539,15.8994415655503,63,63,63,63,61,63,0,9004,1.9064526870154,22,-86,0.001869,51,2024-08-21 13:23:21.001428,392,1.037,0.0011,"aoml_navis",1028.53230873128
"7901009",44,0,1,0.024297,1,0.001869,1,125.562879668807,1,4.86123746818245,394,1,13.6429996490479,35.6910018920898,0.0242970008403063,0,121.081199645996,-85.9061,22.2539,15.8994415655503,63,63,63,63,61,63,0,9004,1.9064526870154,22,-86,0.001869,51,2024-08-21 13:23:21.001428,394,1.037,0.0011,"aoml_navis",1028.54469314157
"7901009",44,0,1,0.024297,1,0.001869,1,125.476704477051,1,4.86119075320894,396.100006103516,1,13.6330003738403,35.6889991760254,0.0242970008403063,0,120.998100280762,-85.9061,22.2539,15.8994415655503,63,63,63,63,61,63,0,9004,1.9064526870154,22,-86,0.001869,51,2024-08-21 13:23:21.001428,396.100006103516,1.037,0.0011,"aoml_navis",1028.55457722975
"7901009",44,0,1,0.01869,1,-0.003738,1,125.423402763238,1,4.86114921935607,398,1,13.6239995956421,35.6870002746582,0.0186899993568659,0,120.946701049805,-85.9061,22.2539,15.8994415655503,63,63,63,63,61,63,0,9004,1.9064526870154,22,-86,0.001869,51,2024-08-21 13:23:21.001428,398,1.037,0.0011,"aoml_navis",1028.56336524109
"7901009",44,0,1,0.020559,1,-0.001869,1,125.407017450887,1,4.86110255743306,400,1,13.6120004653931,35.685001373291,0.020558999851346,0,120.93090057373,-85.9061,22.2539,15.8994415655503,63,63,63,63,61,63,0,9004,1.9064526870154,22,-86,0.001869,51,2024-08-21 13:23:21.001428,400,1.037,0.0011,"aoml_navis",1028.57323846306
"7901009",44,0,1,0.022428,1,0,1,125.30435409354,1,4.86106139996822,402,1,13.6090002059937,35.6839981079102,0.0224280003458261,0,120.831901550293,-85.9061,22.2539,15.8994415655503,63,63,63,63,61,63,0,9004,1.9064526870154,22,-86,0.001869,51,2024-08-21 13:23:21.001428,402,1.037,0.0011,"aoml_navis",1028.58194715102
"7901009",44,0,1,0.020559,1,-0.001869,1,125.13811952193,1,4.86101068764895,404,1,13.5930004119873,35.681999206543,0.020558999851346,0,120.671600341797,-85.9061,22.2539,15.8994415655503,63,63,63,63,61,63,0,9004,1.9064526870154,22,-86,0.001869,51,2024-08-21 13:23:21.001428,404,1.037,0.0011,"aoml_navis",1028.59267779522
"7901009",44,0,1,0.020559,1,-0.001869,1,124.945546609028,1,4.86095329937182,406,1,13.5559997558594,35.6759986877441,0.020558999851346,0,120.485900878906,-85.9061,22.2539,15.8994415655503,63,63,63,63,61,63,0,9004,1.9064526870154,22,-86,0.001869,51,2024-08-21 13:23:21.001428,406,1.037,0.0011,"aoml_navis",1028.60482133127
"7901009",44,0,1,0.024297,1,0.001869,1,124.884879020855,1,4.8608888895294,408,1,13.5120000839233,35.6699981689453,0.0242970008403063,0,120.427398681641,-85.9061,22.2539,15.8994415655503,63,63,63,63,61,63,0,9004,1.9064526870154,22,-86,0.001869,51,2024-08-21 13:23:21.001428,408,1.037,0.0011,"aoml_navis",1028.61845099365
"7901009",44,0,1,0.020559,1,-0.001869,1,124.786780765018,1,4.86084187736768,410,1,13.496000289917,35.6669998168945,0.020558999851346,0,120.332801818848,-85.9061,22.2539,15.8994415655503,63,63,63,63,61,63,0,9004,1.9064526870154,22,-86,0.001869,51,2024-08-21 13:23:21.001428,410,1.037,0.0011,"aoml_navis",1028.62839938905
"7901009",44,0,1,0.01869,1,-0.003738,1,124.664931322471,1,4.86079689356847,412,1,13.4820003509521,35.6640014648438,0.0186899993568659,0,120.215301513672,-85.9061,22.2539,15.8994415655503,63,63,63,63,61,63,0,9004,1.9064526870154,22,-86,0.001869,51,2024-08-21 13:23:21.001428,412,1.037,0.0011,"aoml_navis",1028.63791873627
"7901009",44,0,1,0.028035,1,0.005607,1,124.510722668183,1,4.86073702769836,414,1,13.4460000991821,35.6590003967285,0.0280349999666214,0,120.066596984863,-85.9061,22.2539,15.8994415655503,63,63,63,63,61,63,0,9004,1.9064526870154,22,-86,0.001869,51,2024-08-21 13:23:21.001428,414,1.037,0.0011,"aoml_navis",1028.65058765946
"7901009",44,0,1,0.024297,1,0.001869,1,124.399451285806,1,4.86069245541938,416,1,13.4359998703003,35.6570014953613,0.0242970008403063,0,119.959297180176,-85.9061,22.2539,15.8994415655503,63,63,63,63,61,63,0,9004,1.9064526870154,22,-86,0.001869,51,2024-08-21 13:23:21.001428,416,1.037,0.0011,"aoml_navis",1028.66002032803
"7901009",44,0,1,0.022428,1,0,1,124.171101268872,1,4.86064929518923,418,1,13.4309997558594,35.6559982299805,0.0224280003458261,0,119.739097595215,-85.9061,22.2539,15.8994415655503,63,63,63,63,61,63,0,9004,1.9064526870154,22,-86,0.001869,51,2024-08-21 13:23:21.001428,418,1.037,0.0011,"aoml_navis",1028.66915433473
"7901009",44,0,1,0.022428,1,0,1,123.67261117231,1,4.8606103893428,420,1,13.4230003356934,35.6529998779297,0.0224280003458261,0,119.258399963379,-85.9061,22.2539,15.8994415655503,63,63,63,63,61,63,0,9004,1.9064526870154,22,-86,0.001869,51,2024-08-21 13:23:21.001428,420,1.037,0.0011,"aoml_navis",1028.67738812451
"7901009",44,0,1,0.020559,1,-0.001869,1,123.220579093192,1,4.86055035694901,422,1,13.3649997711182,35.6419982910156,0.020558999851346,0,118.82250213623,-85.9061,22.2539,15.8994415655503,63,63,63,63,61,63,0,9004,1.9064526870154,22,-86,0.001869,51,2024-08-21 13:23:21.001428,422,1.037,0.0011,"aoml_navis",1028.69009326313
"7901009",44,0,1,0.024297,1,0.001869,1,123.158875060829,1,4.86044720206559,424,1,13.2309999465942,35.6220016479492,0.0242970008403063,0,118.763000488281,-85.9061,22.2539,15.8994415655503,63,63,63,63,61,63,0,9004,1.9064526870154,22,-86,0.001869,51,2024-08-21 13:23:21.001428,424,1.037,0.0011,"aoml_navis",1028.71192549424
"7901009",44,0,1,0.020559,1,-0.001869,1,123.060879658232,1,4.86037668099879,426,1,13.1619997024536,35.6110000610352,0.020558999851346,0,118.668502807617,-85.9061,22.2539,15.8994415655503,63,63,63,63,61,63,0,9004,1.9064526870154,22,-86,0.001869,51,2024-08-21 13:23:21.001428,426,1.037,0.0011,"aoml_navis",1028.72685146957
"7901009",44,0,1,0.022428,1,0,1,122.917668388863,1,4.86030667475725,428,1,13.0970001220703,35.601001739502,0.0224280003458261,0,118.530403137207,-85.9061,22.2539,15.8994415655503,63,63,63,63,61,63,0,9004,1.9064526870154,22,-86,0.001869,51,2024-08-21 13:23:21.001428,428,1.037,0.0011,"aoml_navis",1028.74166890914
"7901009",44,0,1,0.024297,1,0.001869,1,122.845077736608,1,4.86024443120348,430,1,13.0469999313354,35.5929985046387,0.0242970008403063,0,118.460403442383,-85.9061,22.2539,15.8994415655503,63,63,63,63,61,63,0,9004,1.9064526870154,22,-86,0.001869,51,2024-08-21 13:23:21.001428,430,1.037,0.0011,"aoml_navis",1028.75484366574
"7901009",44,0,1,0.024297,1,0.001869,1,122.790320253856,1,4.86018814577912,432,1,13.0139999389648,35.5880012512207,0.0242970008403063,0,118.407600402832,-85.9061,22.2539,15.8994415655503,63,63,63,63,61,63,0,9004,1.9064526870154,22,-86,0.001869,51,2024-08-21 13:23:21.001428,432,1.037,0.0011,"aoml_navis",1028.76675758783
"7901009",44,0,1,0.020559,1,-0.001869,1,122.627195014817,1,4.86014174817356,434,1,13.0019998550415,35.5859985351562,0.020558999851346,0,118.250297546387,-85.9061,22.2539,15.8994415655503,63,63,63,63,61,63,0,9004,1.9064526870154,22,-86,0.001869,51,2024-08-21 13:23:21.001428,434,1.037,0.0011,"aoml_navis",1028.77657876522
"7901009",44,0,1,0.022428,1,0,1,122.548282844181,1,4.86009076803248,436,1,12.9779996871948,35.5820007324219,0.0224280003458261,0,118.174201965332,-85.9061,22.2539,15.8994415655503,63,63,63,63,61,63,0,9004,1.9064526870154,22,-86,0.001869,51,2024-08-21 13:23:21.001428,436,1.037,0.0011,"aoml_navis",1028.78737016349
"7901009",44,0,1,0.020559,1,-0.001869,1,122.408489467103,1,4.86003815279193,438,1,12.956000328064,35.5789985656738,0.020558999851346,0,118.039398193359,-85.9061,22.2539,15.8994415655503,63,63,63,63,61,63,0,9004,1.9064526870154,22,-86,0.001869,51,2024-08-21 13:23:21.001428,438,1.037,0.0011,"aoml_navis",1028.79850791452
"7901009",44,0,1,0.020559,1,-0.001869,1,122.303444661655,1,4.85998880354092,440,1,12.9409999847412,35.5769996643066,0.020558999851346,0,117.938102722168,-85.9061,22.2539,15.8994415655503,63,63,63,63,61,63,0,9004,1.9064526870154,22,-86,0.001869,51,2024-08-21 13:23:21.001428,440,1.037,0.0011,"aoml_navis",1028.80895453032
"7901009",44,0,1,0.026166,1,0.003738,1,122.04055969136,1,4.85994607002503,442,1,12.9289999008179,35.5740013122559,0.0261659994721413,0,117.684600830078,-85.9061,22.2539,15.8994415655503,63,63,63,63,61,63,0,9004,1.9064526870154,22,-86,0.001869,51,2024-08-21 13:23:21.001428,442,1.037,0.0011,"aoml_navis",1028.81800084959
"7901009",44,0,1,0.020559,1,-0.001869,1,121.833049323258,1,4.85989092937011,444,1,12.8970003128052,35.5690002441406,0.020558999851346,0,117.484497070312,-85.9061,22.2539,15.8994415655503,63,63,63,63,61,63,0,9004,1.9064526870154,22,-86,0.001869,51,2024-08-21 13:23:21.001428,444,1.037,0.0011,"aoml_navis",1028.82967388901
"7901009",44,0,1,0.022428,1,0,1,121.522780656357,1,4.8598417345119,446,1,12.871000289917,35.5639991760254,0.0224280003458261,0,117.185302734375,-85.9061,22.2539,15.8994415655503,63,63,63,63,61,63,0,9004,1.9064526870154,22,-86,0.001869,51,2024-08-21 13:23:21.001428,446,1.037,0.0011,"aoml_navis",1028.84008845242
"7901009",44,0,1,0.020559,1,-0.001869,1,121.334044960495,1,4.85978384568307,448,1,12.8249998092651,35.5559997558594,0.020558999851346,0,117.003303527832,-85.9061,22.2539,15.8994415655503,63,63,63,63,61,63,0,9004,1.9064526870154,22,-86,0.001869,51,2024-08-21 13:23:21.001428,448,1.037,0.0011,"aoml_navis",1028.85234380156
"7901009",44,0,1,0.024297,1,0.001869,1,121.042123729298,1,4.85972212132315,450,1,12.7749996185303,35.5480003356934,0.0242970008403063,0,116.721801757812,-85.9061,22.2539,15.8994415655503,63,63,63,63,61,63,0,9004,1.9064526870154,22,-86,0.001869,51,2024-08-21 13:23:21.001428,450,1.037,0.0011,"aoml_navis",1028.86541147309
"7901009",44,0,1,0.022428,1,0,1,120.925456507702,1,4.85962596317625,452,1,12.6560001373291,35.5309982299805,0.0224280003458261,0,116.609298706055,-85.9061,22.2539,15.8994415655503,63,63,63,63,61,63,0,9004,1.9064526870154,22,-86,0.001869,51,2024-08-21 13:23:21.001428,452,1.037,0.0011,"aoml_navis",1028.88576978711
"7901009",44,0,1,0.024297,1,0.001869,1,120.846227865557,1,4.85955632771073,454,1,12.5900001525879,35.5209999084473,0.0242970008403063,0,116.532897949219,-85.9061,22.2539,15.8994415655503,63,63,63,63,61,63,0,9004,1.9064526870154,22,-86,0.001869,51,2024-08-21 13:23:21.001428,454,1.037,0.0011,"aoml_navis",1028.90051330168
"7901009",44,0,1,0.022428,1,0,1,120.521543921446,1,4.85951713604728,456,1,12.58899974823,35.5200004577637,0.0224280003458261,0,116.219802856445,-85.9061,22.2539,15.8994415655503,63,63,63,63,61,63,0,9004,1.9064526870154,22,-86,0.001869,51,2024-08-21 13:23:21.001428,456,1.037,0.0011,"aoml_navis",1028.90881131186
"7901009",44,0,1,0.020559,1,-0.001869,1,120.036946924106,1,4.85948331370616,458,1,12.5860004425049,35.5169982910156,0.020558999851346,0,115.752502441406,-85.9061,22.2539,15.8994415655503,63,63,63,63,61,63,0,9004,1.9064526870154,22,-86,0.001869,51,2024-08-21 13:23:21.001428,458,1.037,0.0011,"aoml_navis",1028.91597258859
"7901009",44,0,1,0.024297,1,0.001869,1,119.903894390159,1,4.85938444253164,460,1,12.4670000076294,35.5009994506836,0.0242970008403063,0,115.624198913574,-85.9061,22.2539,15.8994415655503,63,63,63,63,61,63,0,9004,1.9064526870154,22,-86,0.001869,51,2024-08-21 13:23:21.001428,460,1.037,0.0011,"aoml_navis",1028.9369073658
"7901009",44,0,1,0.026166,1,0.003738,1,119.790961532363,1,4.85930853283615,462,1,12.375,35.4860000610352,0.0261659994721413,0,115.515296936035,-85.9061,22.2539,15.8994415655503,63,63,63,63,61,63,0,9004,1.9064526870154,22,-86,0.001869,51,2024-08-21 13:23:21.001428,462,1.037,0.0011,"aoml_navis",1028.95298090523
"7901009",44,0,1,0.024297,1,0.001869,1,119.804546071864,1,4.85924159856062,464,1,12.3109998703003,35.476001739502,0.0242970008403063,0,115.528396606445,-85.9061,22.2539,15.8994415655503,63,63,63,63,61,63,0,9004,1.9064526870154,22,-86,0.001869,51,2024-08-21 13:23:21.001428,464,1.037,0.0011,"aoml_navis",1028.96715435616
"7901009",44,0,1,0.024297,1,0.001869,1,119.628880649301,1,4.85919548924653,466,1,12.298999786377,35.4739990234375,0.0242970008403063,0,115.359001159668,-85.9061,22.2539,15.8994415655503,63,63,63,63,61,63,0,9004,1.9064526870154,22,-86,0.001869,51,2024-08-21 13:23:21.001428,466,1.037,0.0011,"aoml_navis",1028.9769183119
"7901009",44,0,1,0.026166,1,0.003738,1,119.388710421526,1,4.8591411411458,468,1,12.2670001983643,35.4690017700195,0.0261659994721413,0,115.127403259277,-85.9061,22.2539,15.8994415655503,63,63,63,63,61,63,0,9004,1.9064526870154,22,-86,0.001869,51,2024-08-21 13:23:21.001428,468,1.037,0.0011,"aoml_navis",1028.98842712377
"7901009",44,0,1,0.020559,1,-0.001869,1,119.075110891999,1,4.85908728501095,470,1,12.2239999771118,35.4609985351562,0.020558999851346,0,114.824996948242,-85.9061,22.2539,15.8994415655503,63,63,63,63,61,63,0,9004,1.9064526870154,22,-86,0.001869,51,2024-08-21 13:23:21.001428,470,1.037,0.0011,"aoml_navis",1028.99983201037
"7901009",44,0,1,0.020559,1,-0.001869,1,118.95295288973,1,4.85899502570904,472,1,12.1099996566772,35.4449996948242,0.020558999851346,0,114.70719909668,-85.9061,22.2539,15.8994415655503,63,63,63,63,61,63,0,9004,1.9064526870154,22,-86,0.001869,51,2024-08-21 13:23:21.001428,472,1.037,0.0011,"aoml_navis",1029.01936996126
"7901009",44,0,1,0.020559,1,-0.001869,1,118.731865893916,1,4.85893479196381,474,1,12.0600004196167,35.4370002746582,0.020558999851346,0,114.494003295898,-85.9061,22.2539,15.8994415655503,63,63,63,63,61,63,0,9004,1.9064526870154,22,-86,0.001869,51,2024-08-21 13:23:21.001428,474,1.037,0.0011,"aoml_navis",1029.03212619142
"7901009",44,0,1,0.026166,1,0.003738,1,118.512843874694,1,4.85887831360152,476,1,12.0100002288818,35.4280014038086,0.0261659994721413,0,114.28279876709,-85.9061,22.2539,15.8994415655503,63,63,63,63,61,63,0,9004,1.9064526870154,22,-86,0.001869,51,2024-08-21 13:23:21.001428,476,1.037,0.0011,"aoml_navis",1029.04408739841
"7901009",44,0,1,0.022428,1,0,1,118.438488893779,1,4.85879997639962,478,1,11.9289999008179,35.4169998168945,0.0224280003458261,0,114.211097717285,-85.9061,22.2539,15.8994415655503,63,63,63,63,61,63,0,9004,1.9064526870154,22,-86,0.001869,51,2024-08-21 13:23:21.001428,478,1.037,0.0011,"aoml_navis",1029.0606784157
"7901009",44,0,1,0.024297,1,0.001869,1,118.43765815607,1,4.85872494955637,480,1,11.8590002059937,35.4080009460449,0.0242970008403063,0,114.210296630859,-85.9061,22.2539,15.8994415655503,63,63,63,63,61,63,0,9004,1.9064526870154,22,-86,0.001869,51,2024-08-21 13:23:21.001428,480,1.037,0.0011,"aoml_navis",1029.07656883449
"7901009",44,0,1,0.024297,1,0.001869,1,118.199663669915,1,4.85867682376734,482,1,11.8330001831055,35.4029998779297,0.0242970008403063,0,113.980796813965,-85.9061,22.2539,15.8994415655503,63,63,63,63,61,63,0,9004,1.9064526870154,22,-86,0.001869,51,2024-08-21 13:23:21.001428,482,1.037,0.0011,"aoml_navis",1029.08676196395
"7901009",44,0,1,0.020559,1,-0.001869,1,118.007715788242,1,4.85862748478826,484,1,11.793999671936,35.3950004577637,0.020558999851346,0,113.795700073242,-85.9061,22.2539,15.8994415655503,63,63,63,63,61,63,0,9004,1.9064526870154,22,-86,0.001869,51,2024-08-21 13:23:21.001428,484,1.037,0.0011,"aoml_navis",1029.09721225889
"7901009",44,0,1,0.024297,1,0.001869,1,117.759143241917,1,4.85856323160702,486,1,11.7390003204346,35.3870010375977,0.0242970008403063,0,113.555999755859,-85.9061,22.2539,15.8994415655503,63,63,63,63,61,63,0,9004,1.9064526870154,22,-86,0.001869,51,2024-08-21 13:23:21.001428,486,1.037,0.0011,"aoml_navis",1029.11082179046
"7901009",44,0,1,0.024297,1,0.001869,1,117.520420871293,1,4.85850067413446,488,1,11.6700000762939,35.375,0.0242970008403063,0,113.325798034668,-85.9061,22.2539,15.8994415655503,63,63,63,63,61,63,0,9004,1.9064526870154,22,-86,0.001869,51,2024-08-21 13:23:21.001428,488,1.037,0.0011,"aoml_navis",1029.1240724981
"7901009",44,0,1,0.028035,1,0.005607,1,117.477182951448,1,4.8584185789764,490,1,11.5640001296997,35.359001159668,0.0280349999666214,0,113.284103393555,-85.9061,22.2539,15.8994415655503,63,63,63,63,61,63,0,9004,1.9064526870154,22,-86,0.001869,51,2024-08-21 13:23:21.001428,490,1.037,0.0011,"aoml_navis",1029.14146212849
"7901009",44,0,1,0.024297,1,0.001869,1,117.393492061034,1,4.85835113376805,492,1,11.5010004043579,35.3499984741211,0.0242970008403063,0,113.203399658203,-85.9061,22.2539,15.8994415655503,63,63,63,63,61,63,0,9004,1.9064526870154,22,-86,0.001869,51,2024-08-21 13:23:21.001428,492,1.037,0.0011,"aoml_navis",1029.15574900452
"7901009",44,0,1,0.028035,1,0.005607,1,117.496463978102,1,4.85827001304044,494,1,11.4230003356934,35.3409996032715,0.0280349999666214,0,113.302696228027,-85.9061,22.2539,15.8994415655503,63,63,63,63,61,63,0,9004,1.9064526870154,22,-86,0.001869,51,2024-08-21 13:23:21.001428,494,1.037,0.0011,"aoml_navis",1029.17293328266
"7901009",44,0,1,0.026166,1,0.003738,1,117.399505019695,1,4.85822514529722,496,1,11.4079999923706,35.3380012512207,0.0261659994721413,0,113.209197998047,-85.9061,22.2539,15.8994415655503,63,63,63,63,61,63,0,9004,1.9064526870154,22,-86,0.001869,51,2024-08-21 13:23:21.001428,496,1.037,0.0011,"aoml_navis",1029.18243812558
"7901009",44,0,1,0.024297,1,0.001869,1,117.15840120097,1,4.85818402424119,498,1,11.4049997329712,35.3370018005371,0.0242970008403063,0,112.976699829102,-85.9061,22.2539,15.8994415655503,63,63,63,63,61,63,0,9004,1.9064526870154,22,-86,0.001869,51,2024-08-21 13:23:21.001428,498,1.037,0.0011,"aoml_navis",1029.19114941945
"7901009",44,0,1,0.024297,1,0.001869,1,117.013425602941,1,4.8581262501997,500,1,11.3680000305176,35.3320007324219,0.0242970008403063,0,112.836898803711,-85.9061,22.2539,15.8994415655503,63,63,63,63,61,63,0,9004,1.9064526870154,22,-86,0.001869,51,2024-08-21 13:23:21.001428,500,1.037,0.0011,"aoml_navis",1029.20338881569
"7901009",44,0,1,0.028035,1,0.005607,1,116.904021402464,1,4.85806299603331,502,1,11.3170003890991,35.3250007629395,0.0280349999666214,0,112.731399536133,-85.9061,22.2539,15.8994415655503,63,63,63,63,61,63,0,9004,1.9064526870154,22,-86,0.001869,51,2024-08-21 13:23:21.001428,502,1.037,0.0011,"aoml_navis",1029.21678950697
"7901009",44,0,1,0.026166,1,0.003738,1,116.798557272268,1,4.85800808835297,504,1,11.2749996185303,35.318000793457,0.0261659994721413,0,112.629699707031,-85.9061,22.2539,15.8994415655503,63,63,63,63,61,63,0,9004,1.9064526870154,22,-86,0.001869,51,2024-08-21 13:23:21.001428,504,1.037,0.0011,"aoml_navis",1029.22842223904
"7901009",44,0,1,0.024297,1,0.001869,1,116.752621432814,1,4.85794685576442,506,1,11.2299995422363,35.3120002746582,0.0242970008403063,0,112.585403442383,-85.9061,22.2539,15.8994415655503,63,63,63,63,61,63,0,9004,1.9064526870154,22,-86,0.001869,51,2024-08-21 13:23:21.001428,506,1.037,0.0011,"aoml_navis",1029.24139527525
"7901009",44,0,1,0.026166,1,0.003738,1,116.745049851974,1,4.85789300236893,508,1,11.1929998397827,35.3059997558594,0.0261659994721413,0,112.578102111816,-85.9061,22.2539,15.8994415655503,63,63,63,63,61,63,0,9004,1.9064526870154,22,-86,0.001869,51,2024-08-21 13:23:21.001428,508,1.037,0.0011,"aoml_navis",1029.25280518977
"7901009",44,0,1,0.024297,1,0.001869,1,116.608057247746,1,4.85784643739562,510,1,11.1759996414185,35.3030014038086,0.0242970008403063,0,112.445999145508,-85.9061,22.2539,15.8994415655503,63,63,63,63,61,63,0,9004,1.9064526870154,22,-86,0.001869,51,2024-08-21 13:23:21.001428,510,1.037,0.0011,"aoml_navis",1029.26267111082
"7901009",44,0,1,0.026166,1,0.003738,1,116.538061661861,1,4.85777899966894,512,1,11.1280002593994,35.2980003356934,0.0261659994721413,0,112.37850189209,-85.9061,22.2539,15.8994415655503,63,63,63,63,61,63,0,9004,1.9064526870154,22,-86,0.001869,51,2024-08-21 13:23:21.001428,512,1.037,0.0011,"aoml_navis",1029.27695976716
"7901009",44,0,1,0.026166,1,0.003738,1,116.431038909485,1,4.85772799492504,514,1,11.0979995727539,35.2929992675781,0.0261659994721413,0,112.275299072266,-85.9061,22.2539,15.8994415655503,63,63,63,63,61,63,0,9004,1.9064526870154,22,-86,0.001869,51,2024-08-21 13:23:21.001428,514,1.037,0.0011,"aoml_navis",1029.28776687859
"7901009",44,0,1,0.026166,1,0.003738,1,116.356889635052,1,4.85767516832986,516,1,11.0699996948242,35.2890014648438,0.0261659994721413,0,112.203796386719,-85.9061,22.2539,15.8994415655503,63,63,63,63,61,63,0,9004,1.9064526870154,22,-86,0.001869,51,2024-08-21 13:23:21.001428,516,1.037,0.0011,"aoml_navis",1029.2989602512
"7901009",44,0,1,0.024297,1,0.001869,1,116.236701667924,1,4.85762782232898,518,1,11.0480003356934,35.2849998474121,0.0242970008403063,0,112.087898254395,-85.9061,22.2539,15.8994415655503,63,63,63,63,61,63,0,9004,1.9064526870154,22,-86,0.001869,51,2024-08-21 13:23:21.001428,518,1.037,0.0011,"aoml_navis",1029.30899255323
"7901009",44,0,1,0.028035,1,0.005607,1,116.314063128168,1,4.85754902072661,520,1,10.9750003814697,35.2770004272461,0.0280349999666214,0,112.162498474121,-85.9061,22.2539,15.8994415655503,63,63,63,63,61,63,0,9004,1.9064526870154,22,-86,0.001869,51,2024-08-21 13:23:21.001428,520,1.037,0.0011,"aoml_navis",1029.3256905212
"7901009",44,0,1,0.026166,1,0.003738,1,116.410199260653,1,4.85747134878027,522,1,10.9029998779297,35.2690010070801,0.0261659994721413,0,112.25520324707,-85.9061,22.2539,15.8994415655503,63,63,63,63,61,63,0,9004,1.9064526870154,22,-86,0.001869,51,2024-08-21 13:23:21.001428,522,1.037,0.0011,"aoml_navis",1029.34214964655
"7901009",44,0,1,0.022428,1,0,1,116.468374635697,1,4.85741509534984,524,1,10.875,35.265998840332,0.0224280003458261,0,112.311302185059,-85.9061,22.2539,15.8994415655503,63,63,63,63,61,63,0,9004,1.9064526870154,22,-86,0.001869,51,2024-08-21 13:23:21.001428,524,1.037,0.0011,"aoml_navis",1029.35407039572
"7901009",44,0,1,0.029904,1,0.007476,1,116.545736095942,1,4.85735968655141,526,1,10.8520002365112,35.2639999389648,0.0299040004611015,0,112.385902404785,-85.9061,22.2539,15.8994415655503,63,63,63,63,61,63,0,9004,1.9064526870154,22,-86,0.001869,51,2024-08-21 13:23:21.001428,526,1.037,0.0011,"aoml_navis",1029.36581242759
"7901009",44,0,1,0.029904,1,0.007476,1,116.544802504992,1,4.85730415371834,528,1,10.8369998931885,35.2639999389648,0.0299040004611015,0,112.38500213623,-85.9061,22.2539,15.8994415655503,63,63,63,63,61,63,0,9004,1.9064526870154,22,-86,0.001869,51,2024-08-21 13:23:21.001428,528,1.037,0.0011,"aoml_navis",1029.37758101321
"7901009",44,0,1,0.022428,1,0,1,116.472520412458,1,4.85725939099801,530,1,10.8339996337891,35.2639999389648,0.0224280003458261,0,112.315299987793,-85.9061,22.2539,15.8994415655503,63,63,63,63,61,63,0,9004,1.9064526870154,22,-86,0.001869,51,2024-08-21 13:23:21.001428,530,1.037,0.0011,"aoml_navis",1029.3870673793
"7901009",44,0,1,0.028035,1,0.005607,1,116.402730533053,1,4.85721739258629,532,1,10.8299999237061,35.2630004882812,0.0280349999666214,0,112.248001098633,-85.9061,22.2539,15.8994415655503,63,63,63,63,61,63,0,9004,1.9064526870154,22,-86,0.001869,51,2024-08-21 13:23:21.001428,532,1.037,0.0011,"aoml_navis",1029.39596807663
"7901009",44,0,1,0.024297,1,0.001869,1,116.249874794464,1,4.85717270481184,534,1,10.8229999542236,35.2620010375977,0.0242970008403063,0,112.100601196289,-85.9061,22.2539,15.8994415655503,63,63,63,63,61,63,0,9004,1.9064526870154,22,-86,0.001869,51,2024-08-21 13:23:21.001428,534,1.037,0.0011,"aoml_navis",1029.40543889795
"7901009",44,0,1,0.028035,1,0.005607,1,116.071922865253,1,4.85712646063108,536,1,10.8020000457764,35.257999420166,0.0280349999666214,0,111.929000854492,-85.9061,22.2539,15.8994415655503,63,63,63,63,61,63,0,9004,1.9064526870154,22,-86,0.001869,51,2024-08-21 13:23:21.001428,536,1.037,0.0011,"aoml_navis",1029.41523975687
"7901009",44,0,1,0.024297,1,0.001869,1,116.003580842999,1,4.85707136344472,538,1,10.7670001983643,35.2529983520508,0.0242970008403063,0,111.863098144531,-85.9061,22.2539,15.8994415655503,63,63,63,63,61,63,0,9004,1.9064526870154,22,-86,0.001869,51,2024-08-21 13:23:21.001428,538,1.037,0.0011,"aoml_navis",1029.42691714002
"7901009",44,0,1,0.028035,1,0.005607,1,115.935246732534,1,4.85700656942129,540,1,10.7170000076294,35.2470016479492,0.0280349999666214,0,111.797203063965,-85.9061,22.2539,15.8994415655503,63,63,63,63,61,63,0,9004,1.9064526870154,22,-86,0.001869,51,2024-08-21 13:23:21.001428,540,1.037,0.0011,"aoml_navis",1029.44065002485
"7901009",44,0,1,0.022428,1,0,1,115.777200861206,1,4.85696041089071,542,1,10.6960000991821,35.2430000305176,0.0224280003458261,0,111.644798278809,-85.9061,22.2539,15.8994415655503,63,63,63,63,61,63,0,9004,1.9064526870154,22,-86,0.001869,51,2024-08-21 13:23:21.001428,542,1.037,0.0011,"aoml_navis",1029.45043340039
"7901009",44,0,1,0.028035,1,0.005607,1,115.724002000632,1,4.85689676822279,544,1,10.6429996490479,35.2360000610352,0.0280349999666214,0,111.59349822998,-85.9061,22.2539,15.8994415655503,63,63,63,63,61,63,0,9004,1.9064526870154,22,-86,0.001869,51,2024-08-21 13:23:21.001428,544,1.037,0.0011,"aoml_navis",1029.46392287221
"7901009",44,0,1,0.026166,1,0.003738,1,115.698905810011,1,4.85683945490187,546,1,10.5970001220703,35.2290000915527,0.0261659994721413,0,111.569297790527,-85.9061,22.2539,15.8994415655503,63,63,63,63,61,63,0,9004,1.9064526870154,22,-86,0.001869,51,2024-08-21 13:23:21.001428,546,1.037,0.0011,"aoml_navis",1029.47607110086
"7901009",44,0,1,0.031773,1,0.009345,1,115.480825293526,1,4.85679415250039,548,1,10.581000328064,35.226001739502,0.0317730009555817,0,111.359001159668,-85.9061,22.2539,15.8994415655503,63,63,63,63,61,63,0,9004,1.9064526870154,22,-86,0.001869,51,2024-08-21 13:23:21.001428,548,1.037,0.0011,"aoml_navis",1029.48567367754
"7901009",44,0,1,0.028035,1,0.005607,1,115.255276049442,1,4.85674467905549,550,1,10.5520000457764,35.2210006713867,0.0280349999666214,0,111.141502380371,-85.9061,22.2539,15.8994415655503,63,63,63,63,61,63,0,9004,1.9064526870154,22,-86,0.001869,51,2024-08-21 13:23:21.001428,550,1.037,0.0011,"aoml_navis",1029.49616057898
"7901009",44,0,1,0.024297,1,0.001869,1,115.214103106191,1,4.85666276023352,552,1,10.4530000686646,35.2080001831055,0.0242970008403063,0,111.10179901123,-85.9061,22.2539,15.8994415655503,63,63,63,63,61,63,0,9004,1.9064526870154,22,-86,0.001869,51,2024-08-21 13:23:21.001428,552,1.037,0.0011,"aoml_navis",1029.51352540681
"7901009",44,0,1,0.026166,1,0.003738,1,115.128339327396,1,4.85659747427075,554,1,10.3850002288818,35.1980018615723,0.0261659994721413,0,111.019096374512,-85.9061,22.2539,15.8994415655503,63,63,63,63,61,63,0,9004,1.9064526870154,22,-86,0.001869,51,2024-08-21 13:23:21.001428,554,1.037,0.0011,"aoml_navis",1029.52736488642
"7901009",44,0,1,0.028035,1,0.005607,1,115.116835588063,1,4.8565274870118,556,1,10.3030004501343,35.1860008239746,0.0280349999666214,0,111.008003234863,-85.9061,22.2539,15.8994415655503,63,63,63,63,61,63,0,9004,1.9064526870154,22,-86,0.001869,51,2024-08-21 13:23:21.001428,556,1.037,0.0011,"aoml_navis",1029.54220137164
"7901009",44,0,1,0.029904,1,0.007476,1,115.149186888016,1,4.85647258228325,558,1,10.2589998245239,35.1790008544922,0.0299040004611015,0,111.039199829102,-85.9061,22.2539,15.8994415655503,63,63,63,63,61,63,0,9004,1.9064526870154,22,-86,0.001869,51,2024-08-21 13:23:21.001428,558,1.037,0.0011,"aoml_navis",1029.55384083508
"7901009",44,0,1,0.028035,1,0.005607,1,115.076287676041,1,4.85642157362389,560,1,10.2320003509521,35.1749992370605,0.0280349999666214,0,110.968902587891,-85.9061,22.2539,15.8994415655503,63,63,63,63,61,63,0,9004,1.9064526870154,22,-86,0.001869,51,2024-08-21 13:23:21.001428,560,1.037,0.0011,"aoml_navis",1029.56465459175
"7901009",44,0,1,0.026166,1,0.003738,1,115.011054986358,1,4.85637840992325,562,1,10.21399974823,35.1710014343262,0.0261659994721413,0,110.90599822998,-85.9061,22.2539,15.8994415655503,63,63,63,63,61,63,0,9004,1.9064526870154,22,-86,0.001869,51,2024-08-21 13:23:21.001428,562,1.037,0.0011,"aoml_navis",1029.57380540678
"7901009",44,0,1,0.022428,1,0,1,114.908391629012,1,4.85633664715427,564,1,10.206000328064,35.1689987182617,0.0224280003458261,0,110.806999206543,-85.9061,22.2539,15.8994415655503,63,63,63,63,61,63,0,9004,1.9064526870154,22,-86,0.001869,51,2024-08-21 13:23:21.001428,564,1.037,0.0011,"aoml_navis",1029.58265937554
"7901009",44,0,1,0.028035,1,0.005607,1,114.906730153592,1,4.85626889478256,566,1,10.1470003128052,35.1619987487793,0.0280349999666214,0,110.805397033691,-85.9061,22.2539,15.8994415655503,63,63,63,63,61,63,0,9004,1.9064526870154,22,-86,0.001869,51,2024-08-21 13:23:21.001428,566,1.037,0.0011,"aoml_navis",1029.5970236269
"7901009",44,0,1,0.029904,1,0.007476,1,114.944999470754,1,4.85620779609954,568,1,10.1040000915527,35.1570014953613,0.0299040004611015,0,110.842300415039,-85.9061,22.2539,15.8994415655503,63,63,63,63,61,63,0,9004,1.9064526870154,22,-86,0.001869,51,2024-08-21 13:23:21.001428,568,1.037,0.0011,"aoml_navis",1029.60997756644
"7901009",44,0,1,0.028035,1,0.005607,1,114.965119146905,1,4.85614830865861,570,1,10.0670003890991,35.1529998779297,0.0280349999666214,0,110.861701965332,-85.9061,22.2539,15.8994415655503,63,63,63,63,61,63,0,9004,1.9064526870154,22,-86,0.001869,51,2024-08-21 13:23:21.001428,570,1.037,0.0011,"aoml_navis",1029.62259020897
"7901009",44,0,1,0.026166,1,0.003738,1,114.950284544945,1,4.85609641507597,572,1,10.0430002212524,35.1500015258789,0.0261659994721413,0,110.847396850586,-85.9061,22.2539,15.8994415655503,63,63,63,63,61,63,0,9004,1.9064526870154,22,-86,0.001869,51,2024-08-21 13:23:21.001428,572,1.037,0.0011,"aoml_navis",1029.63359303931
"7901009",44,0,1,0.031773,1,0.009345,1,114.944690911033,1,4.85605641936674,574,1,10.0369997024536,35.1479988098145,0.0317730009555817,0,110.842002868652,-85.9061,22.2539,15.8994415655503,63,63,63,63,61,63,0,9004,1.9064526870154,22,-86,0.001869,51,2024-08-21 13:23:21.001428,574,1.037,0.0011,"aoml_navis",1029.64207336208
"7901009",44,0,1,0.029904,1,0.007476,1,114.876760301741,1,4.856011023583,576,1,10.0290002822876,35.1469993591309,0.0299040004611015,0,110.776496887207,-85.9061,22.2539,15.8994415655503,63,63,63,63,61,63,0,9004,1.9064526870154,22,-86,0.001869,51,2024-08-21 13:23:21.001428,576,1.037,0.0011,"aoml_navis",1029.65169883629
"7901009",44,0,1,0.031773,1,0.009345,1,114.833728088377,1,4.85596800529273,578,1,10.0279998779297,35.1469993591309,0.0317730009555817,0,110.735000610352,-85.9061,22.2539,15.8994415655503,63,63,63,63,61,63,0,9004,1.9064526870154,22,-86,0.001869,51,2024-08-21 13:23:21.001428,578,1.037,0.0011,"aoml_navis",1029.66082036584
"7901009",44,0,1,0.028035,1,0.005607,1,114.726808189241,1,4.85592520108173,580,1,10.0229997634888,35.1459999084473,0.0280349999666214,0,110.631896972656,-85.9061,22.2539,15.8994415655503,63,63,63,63,61,63,0,9004,1.9064526870154,22,-86,0.001869,51,2024-08-21 13:23:21.001428,580,1.037,0.0011,"aoml_navis",1029.66989666278
"7901009",44,0,1,0.028035,1,0.005607,1,114.666354219337,1,4.85588046749442,582,1,10.0030002593994,35.1419982910156,0.0280349999666214,0,110.573600769043,-85.9061,22.2539,15.8994415655503,63,63,63,63,61,63,0,9004,1.9064526870154,22,-86,0.001869,51,2024-08-21 13:23:21.001428,582,1.037,0.0011,"aoml_navis",1029.67938223981
"7901009",44,0,1,0.026166,1,0.003738,1,114.692692560629,1,4.85581466716244,584,1,9.94999980926514,35.1360015869141,0.0261659994721413,0,110.598999023438,-85.9061,22.2539,15.8994415655503,63,63,63,63,61,63,0,9004,1.9064526870154,22,-86,0.001869,51,2024-08-21 13:23:21.001428,584,1.037,0.0011,"aoml_navis",1029.69333525281
"7901009",44,0,1,0.026166,1,0.003738,1,114.799715313004,1,4.85575437974031,586,1,9.89900016784668,35.1290016174316,0.0261659994721413,0,110.702201843262,-85.9061,22.2539,15.8994415655503,63,63,63,63,61,63,0,9004,1.9064526870154,22,-86,0.001869,51,2024-08-21 13:23:21.001428,586,1.037,0.0011,"aoml_navis",1029.70611958083
"7901009",44,0,1,0.024297,1,0.001869,1,114.727741780191,1,4.85571012473522,588,1,9.88799953460693,35.1269989013672,0.0242970008403063,0,110.632797241211,-85.9061,22.2539,15.8994415655503,63,63,63,63,61,63,0,9004,1.9064526870154,22,-86,0.001869,51,2024-08-21 13:23:21.001428,588,1.037,0.0011,"aoml_navis",1029.71550433576
"7901009",44,0,1,0.028035,1,0.005607,1,114.71384868097,1,4.8556615781914,590,1,9.87199974060059,35.125,0.0280349999666214,0,110.619400024414,-85.9061,22.2539,15.8994415655503,63,63,63,63,61,63,0,9004,1.9064526870154,22,-86,0.001869,51,2024-08-21 13:23:21.001428,590,1.037,0.0011,"aoml_navis",1029.7257993549
"7901009",44,0,1,0.028035,1,0.005607,1,114.691861822919,1,4.85561194482242,592,1,9.85900020599365,35.1240005493164,0.0280349999666214,0,110.598197937012,-85.9061,22.2539,15.8994415655503,63,63,63,63,61,63,0,9004,1.9064526870154,22,-86,0.001869,51,2024-08-21 13:23:21.001428,592,1.037,0.0011,"aoml_navis",1029.73632506435
"7901009",44,0,1,0.024297,1,0.001869,1,114.678696608167,1,4.85556341487042,594,1,9.8430004119873,35.1220016479492,0.0242970008403063,0,110.585502624512,-85.9061,22.2539,15.8994415655503,63,63,63,63,61,63,0,9004,1.9064526870154,22,-86,0.001869,51,2024-08-21 13:23:21.001428,594,1.037,0.0011,"aoml_navis",1029.7466169811
"7901009",44,0,1,0.028035,1,0.005607,1,114.632341443964,1,4.85550575550067,596,1,9.8120002746582,35.1189994812012,0.0280349999666214,0,110.540802001953,-85.9061,22.2539,15.8994415655503,63,63,63,63,61,63,0,9004,1.9064526870154,22,-86,0.001869,51,2024-08-21 13:23:21.001428,596,1.037,0.0011,"aoml_navis",1029.75884527284
"7901009",44,0,1,0.028035,1,0.005607,1,114.526457989019,1,4.85545290424663,598,1,9.77799987792969,35.1139984130859,0.0280349999666214,0,110.438697814941,-85.9061,22.2539,15.8994415655503,63,63,63,63,61,63,0,9004,1.9064526870154,22,-86,0.001869,51,2024-08-21 13:23:21.001428,598,1.037,0.0011,"aoml_navis",1029.77005412347
"7901009",44,0,1,0.028035,1,0.005607,1,114.669669258388,1,4.85537762342351,600,1,9.69600009918213,35.1040000915527,0.0280349999666214,0,110.576797485352,-85.9061,22.2539,15.8994415655503,63,63,63,63,61,63,0,9004,1.9064526870154,22,-86,0.001869,51,2024-08-21 13:23:21.001428,600,1.037,0.0011,"aoml_navis",1029.78602032493
"7901009",44,0,1,0.028035,1,0.005607,1,114.70544636242,1,4.8553147715157,602,1,9.64999961853027,35.0989990234375,0.0280349999666214,0,110.611297607422,-85.9061,22.2539,15.8994415655503,63,63,63,63,61,63,0,9004,1.9064526870154,22,-86,0.001869,51,2024-08-21 13:23:21.001428,602,1.037,0.0011,"aoml_navis",1029.79935087486
"7901009",44,0,1,0.028035,1,0.005607,1,114.621344059045,1,4.85527201190702,604,1,9.64500045776367,35.0979995727539,0.0280349999666214,0,110.530197143555,-85.9061,22.2539,15.8994415655503,63,63,63,63,61,63,0,9004,1.9064526870154,22,-86,0.001869,51,2024-08-21 13:23:21.001428,604,1.037,0.0011,"aoml_navis",1029.80842015402
"7901009",44,0,1,0.026166,1,0.003738,1,114.518680701698,1,4.85522981118711,606,1,9.63199996948242,35.0950012207031,0.0261659994721413,0,110.431198120117,-85.9061,22.2539,15.8994415655503,63,63,63,63,61,63,0,9004,1.9064526870154,22,-86,0.001869,51,2024-08-21 13:23:21.001428,606,1.037,0.0011,"aoml_navis",1029.81737104994
"7901009",44,0,1,0.028035,1,0.005607,1,114.522620771979,1,4.85517018500202,608,1,9.58100032806396,35.0880012512207,0.0280349999666214,0,110.434997558594,-85.9061,22.2539,15.8994415655503,63,63,63,63,61,63,0,9004,1.9064526870154,22,-86,0.001869,51,2024-08-21 13:23:21.001428,608,1.037,0.0011,"aoml_navis",1029.83001820315
"7901009",44,0,1,0.026166,1,0.003738,1,114.551142766679,1,4.85510760358561,610,1,9.52200031280518,35.0800018310547,0.0261659994721413,0,110.462501525879,-85.9061,22.2539,15.8994415655503,63,63,63,63,61,63,0,9004,1.9064526870154,22,-86,0.001869,51,2024-08-21 13:23:21.001428,610,1.037,0.0011,"aoml_navis",1029.84329251681
"7901009",44,0,1,0.028035,1,0.005607,1,114.520753590079,1,4.85504760084229,612,1,9.47900009155273,35.0750007629395,0.0280349999666214,0,110.433197021484,-85.9061,22.2539,15.8994415655503,63,63,63,63,61,63,0,9004,1.9064526870154,22,-86,0.001869,51,2024-08-21 13:23:21.001428,612,1.037,0.0011,"aoml_navis",1029.85602018249
"7901009",44,0,1,0.031773,1,0.009345,1,114.634311479104,1,4.85497742971618,614,1,9.41499996185303,35.068000793457,0.0317730009555817,0,110.542701721191,-85.9061,22.2539,15.8994415655503,63,63,63,63,61,63,0,9004,1.9064526870154,22,-86,0.001869,51,2024-08-21 13:23:21.001428,614,1.037,0.0011,"aoml_navis",1029.87090514493
"7901009",44,0,1,0.029904,1,0.007476,1,114.625806307314,1,4.85492782725333,616,1,9.39299964904785,35.064998626709,0.0299040004611015,0,110.53450012207,-85.9061,22.2539,15.8994415655503,63,63,63,63,61,63,0,9004,1.9064526870154,22,-86,0.001869,51,2024-08-21 13:23:21.001428,616,1.037,0.0011,"aoml_navis",1029.88142726495
"7901009",44,0,1,0.028035,1,0.005607,1,114.633686447875,1,4.85488760168921,618,1,9.39099979400635,35.0639991760254,0.0280349999666214,0,110.542098999023,-85.9061,22.2539,15.8994415655503,63,63,63,63,61,63,0,9004,1.9064526870154,22,-86,0.001869,51,2024-08-21 13:23:21.001428,618,1.037,0.0011,"aoml_navis",1029.88996043087
"7901009",44,0,1,0.022428,1,0,1,114.585883426521,1,4.8548462193726,620,1,9.39200019836426,35.0639991760254,0.0224280003458261,0,110.496002197266,-85.9061,22.2539,15.8994415655503,63,63,63,63,61,63,0,9004,1.9064526870154,22,-86,0.001869,51,2024-08-21 13:23:21.001428,620,1.037,0.0011,"aoml_navis",1029.89873912961
"7901009",44,0,1,0.031773,1,0.009345,1,114.549069878299,1,4.85480599770232,622,1,9.39000034332275,35.0629997253418,0.0317730009555817,0,110.460502624512,-85.9061,22.2539,15.8994415655503,63,63,63,63,61,63,0,9004,1.9064526870154,22,-86,0.001869,51,2024-08-21 13:23:21.001428,622,1.037,0.0011,"aoml_navis",1029.90727175636
"7901009",44,0,1,0.024297,1,0.001869,1,114.532162387959,1,4.85474538265761,624,1,9.3459997177124,35.0579986572266,0.0242970008403063,0,110.444198608398,-85.9061,22.2539,15.8994415655503,63,63,63,63,61,63,0,9004,1.9064526870154,22,-86,0.001869,51,2024-08-21 13:23:21.001428,624,1.037,0.0011,"aoml_navis",1029.92013090146
"7901009",44,0,1,0.024297,1,0.001869,1,114.587750608421,1,4.85468205312927,626,1,9.2810001373291,35.048999786377,0.0242970008403063,0,110.497802734375,-85.9061,22.2539,15.8994415655503,63,63,63,63,61,63,0,9004,1.9064526870154,22,-86,0.001869,51,2024-08-21 13:23:21.001428,626,1.037,0.0011,"aoml_navis",1029.9335662522
"7901009",44,0,1,0.028035,1,0.005607,1,114.618654051223,1,4.85462365175903,628,1,9.23499965667725,35.0429992675781,0.0280349999666214,0,110.527603149414,-85.9061,22.2539,15.8994415655503,63,63,63,63,61,63,0,9004,1.9064526870154,22,-86,0.001869,51,2024-08-21 13:23:21.001428,628,1.037,0.0011,"aoml_navis",1029.94595640556
"7901009",44,0,1,0.028035,1,0.005607,1,114.751492966902,1,4.85455072928516,630,1,9.15799999237061,35.0340003967285,0.0280349999666214,0,110.655700683594,-85.9061,22.2539,15.8994415655503,63,63,63,63,61,63,0,9004,1.9064526870154,22,-86,0.001869,51,2024-08-21 13:23:21.001428,630,1.037,0.0011,"aoml_navis",1029.96142770482
"7901009",44,0,1,0.026166,1,0.003738,1,114.769223283164,1,4.8544859862987,632,1,9.10400009155273,35.0279998779297,0.0261659994721413,0,110.672798156738,-85.9061,22.2539,15.8994415655503,63,63,63,63,61,63,0,9004,1.9064526870154,22,-86,0.001869,51,2024-08-21 13:23:21.001428,632,1.037,0.0011,"aoml_navis",1029.97516402602
"7901009",44,0,1,0.028035,1,0.005607,1,114.736871983211,1,4.85444114113446,634,1,9.08300018310547,35.023998260498,0.0280349999666214,0,110.6416015625,-85.9061,22.2539,15.8994415655503,63,63,63,63,61,63,0,9004,1.9064526870154,22,-86,0.001869,51,2024-08-21 13:23:21.001428,634,1.037,0.0011,"aoml_navis",1029.98467890199
"7901009",44,0,1,0.024297,1,0.001869,1,114.706071393649,1,4.85439553413237,636,1,9.06999969482422,35.0219993591309,0.0242970008403063,0,110.61190032959,-85.9061,22.2539,15.8994415655503,63,63,63,63,61,63,0,9004,1.9064526870154,22,-86,0.001869,51,2024-08-21 13:23:21.001428,636,1.037,0.0011,"aoml_navis",1029.99435559873
"7901009",44,0,1,0.026166,1,0.003738,1,114.758233810032,1,4.85433262590371,638,1,9.01799964904785,35.015998840332,0.0261659994721413,0,110.662200927734,-85.9061,22.2539,15.8994415655503,63,63,63,63,61,63,0,9004,1.9064526870154,22,-86,0.001869,51,2024-08-21 13:23:21.001428,638,1.037,0.0011,"aoml_navis",1030.00770349337
"7901009",44,0,1,0.028035,1,0.005607,1,114.693214738618,1,4.8542849866363,640,1,8.9980001449585,35.0130004882812,0.0280349999666214,0,110.599502563477,-85.9061,22.2539,15.8994415655503,63,63,63,63,61,63,0,9004,1.9064526870154,22,-86,0.001869,51,2024-08-21 13:23:21.001428,640,1.037,0.0011,"aoml_navis",1030.01781184352
"7901009",44,0,1,0.029904,1,0.007476,1,114.679733052357,1,4.85423940891921,642,1,8.97599983215332,35.0089988708496,0.0299040004611015,0,110.586502075195,-85.9061,22.2539,15.8994415655503,63,63,63,63,61,63,0,9004,1.9064526870154,22,-86,0.001869,51,2024-08-21 13:23:21.001428,642,1.037,0.0011,"aoml_navis",1030.02748294882
"7901009",44,0,1,0.024297,1,0.001869,1,114.713540121249,1,4.85418934615174,644,1,8.9350004196167,35.0019989013672,0.0242970008403063,0,110.619102478027,-85.9061,22.2539,15.8994415655503,63,63,63,63,61,63,0,9004,1.9064526870154,22,-86,0.001869,51,2024-08-21 13:23:21.001428,644,1.037,0.0011,"aoml_navis",1030.03810594324
"7901009",44,0,1,0.028035,1,0.005607,1,115.048699272291,1,4.85409878476278,646,1,8.82600021362305,34.9910011291504,0.0280349999666214,0,110.94229888916,-85.9061,22.2539,15.8994415655503,63,63,63,63,61,63,0,9004,1.9064526870154,22,-86,0.001869,51,2024-08-21 13:23:21.001428,646,1.037,0.0011,"aoml_navis",1030.05732303908
"7901009",44,0,1,0.029904,1,0.007476,1,115.163396458747,1,4.85404607191875,648,1,8.79500007629395,34.9869995117188,0.0299040004611015,0,111.05290222168,-85.9061,22.2539,15.8994415655503,63,63,63,63,61,63,0,9004,1.9064526870154,22,-86,0.001869,51,2024-08-21 13:23:21.001428,648,1.037,0.0011,"aoml_navis",1030.06850901676
"7901009",44,0,1,0.029904,1,0.007476,1,115.357211522319,1,4.85398449684916,650,1,8.75300025939941,34.9830017089844,0.0299040004611015,0,111.239799499512,-85.9061,22.2539,15.8994415655503,63,63,63,63,61,63,0,9004,1.9064526870154,22,-86,0.001869,51,2024-08-21 13:23:21.001428,650,1.037,0.0011,"aoml_navis",1030.08157591884
"7901009",44,0,1,0.028035,1,0.005607,1,115.562957561761,1,4.8539301801739,652,1,8.72900009155273,34.9809989929199,0.0280349999666214,0,111.438201904297,-85.9061,22.2539,15.8994415655503,63,63,63,63,61,63,0,9004,1.9064526870154,22,-86,0.001869,51,2024-08-21 13:23:21.001428,652,1.037,0.0011,"aoml_navis",1030.0931027856
"7901009",44,0,1,0.033642,1,0.011214,1,115.759676251424,1,4.85387014132508,654,1,8.70699977874756,34.9809989929199,0.0336420014500618,0,111.627899169922,-85.9061,22.2539,15.8994415655503,63,63,63,63,61,63,0,9004,1.9064526870154,22,-86,0.001869,51,2024-08-21 13:23:21.001428,654,1.037,0.0011,"aoml_navis",1030.10584428924
"7901009",44,0,1,0.029904,1,0.007476,1,115.839632778038,1,4.85381942753522,656,1,8.69200038909912,34.9799995422363,0.0299040004611015,0,111.705001831055,-85.9061,22.2539,15.8994415655503,63,63,63,63,61,63,0,9004,1.9064526870154,22,-86,0.001869,51,2024-08-21 13:23:21.001428,656,1.037,0.0011,"aoml_navis",1030.11660706526
"7901009",44,0,1,0.029904,1,0.007476,1,115.815264471886,1,4.85377319679804,658,1,8.67800045013428,34.9780006408691,0.0299040004611015,0,111.681503295898,-85.9061,22.2539,15.8994415655503,63,63,63,63,61,63,0,9004,1.9064526870154,22,-86,0.001869,51,2024-08-21 13:23:21.001428,658,1.037,0.0011,"aoml_navis",1030.12641861767
"7901009",44,0,1,0.029904,1,0.007476,1,115.943743992536,1,4.85371228853251,660,1,8.63199996948242,34.9729995727539,0.0299040004611015,0,111.805397033691,-85.9061,22.2539,15.8994415655503,63,63,63,63,61,63,0,9004,1.9064526870154,22,-86,0.001869,51,2024-08-21 13:23:21.001428,660,1.037,0.0011,"aoml_navis",1030.13934546823
"7901009",44,0,1,0.031773,1,0.009345,1,116.00555087814,1,4.85365132207403,662,1,8.59500026702881,34.9700012207031,0.0317730009555817,0,111.86499786377,-85.9061,22.2539,15.8994415655503,63,63,63,63,61,63,0,9004,1.9064526870154,22,-86,0.001869,51,2024-08-21 13:23:21.001428,662,1.037,0.0011,"aoml_navis",1030.15228499427
"7901009",44,0,1,0.031773,1,0.009345,1,116.009182388699,1,4.85360562330789,664,1,8.57699966430664,34.9669990539551,0.0317730009555817,0,111.868499755859,-85.9061,22.2539,15.8994415655503,63,63,63,63,61,63,0,9004,1.9064526870154,22,-86,0.001869,51,2024-08-21 13:23:21.001428,664,1.037,0.0011,"aoml_navis",1030.1619843172
"7901009",44,0,1,0.026166,1,0.003738,1,116.061241951842,1,4.85354441670801,666,1,8.53499984741211,34.9630012512207,0.0261659994721413,0,111.918701171875,-85.9061,22.2539,15.8994415655503,63,63,63,63,61,63,0,9004,1.9064526870154,22,-86,0.001869,51,2024-08-21 13:23:21.001428,666,1.037,0.0011,"aoml_navis",1030.17497538249
"7901009",44,0,1,0.026166,1,0.003738,1,116.063726253184,1,4.85349858441735,668,1,8.52600002288818,34.9620018005371,0.0261659994721413,0,111.921096801758,-85.9061,22.2539,15.8994415655503,63,63,63,63,61,63,0,9004,1.9064526870154,22,-86,0.001869,51,2024-08-21 13:23:21.001428,668,1.037,0.0011,"aoml_navis",1030.18470347411
"7901009",44,0,1,0.029904,1,0.007476,1,116.059066210221,1,4.85345835623837,670,1,8.52400016784668,34.9609985351562,0.0299040004611015,0,111.916603088379,-85.9061,22.2539,15.8994415655503,63,63,63,63,61,63,0,9004,1.9064526870154,22,-86,0.001869,51,2024-08-21 13:23:21.001428,670,1.037,0.0011,"aoml_navis",1030.19324222145
"7901009",44,0,1,0.031773,1,0.009345,1,116.074304313354,1,4.85340965461571,672,1,8.51599979400635,34.9609985351562,0.0317730009555817,0,111.931297302246,-85.9061,22.2539,15.8994415655503,63,63,63,63,61,63,0,9004,1.9064526870154,22,-86,0.001869,51,2024-08-21 13:23:21.001428,672,1.037,0.0011,"aoml_navis",1030.20357971326
"7901009",44,0,1,0.029904,1,0.007476,1,116.02442840362,1,4.85336829919897,674,1,8.50800037384033,34.9589996337891,0.0299040004611015,0,111.883201599121,-85.9061,22.2539,15.8994415655503,63,63,63,63,61,63,0,9004,1.9064526870154,22,-86,0.001869,51,2024-08-21 13:23:21.001428,674,1.037,0.0011,"aoml_navis",1030.2123580494
"7901009",44,0,1,0.029904,1,0.007476,1,116.031683512951,1,4.85331689423281,676,1,8.49199962615967,34.9580001831055,0.0299040004611015,0,111.890197753906,-85.9061,22.2539,15.8994415655503,63,63,63,63,61,63,0,9004,1.9064526870154,22,-86,0.001869,51,2024-08-21 13:23:21.001428,676,1.037,0.0011,"aoml_navis",1030.22326976866
"7901009",44,0,1,0.028035,1,0.005607,1,115.990827041208,1,4.85327474842642,678,1,8.48299980163574,34.9560012817383,0.0280349999666214,0,111.850799560547,-85.9061,22.2539,15.8994415655503,63,63,63,63,61,63,0,9004,1.9064526870154,22,-86,0.001869,51,2024-08-21 13:23:21.001428,678,1.037,0.0011,"aoml_navis",1030.23221622084
"7901009",44,0,1,0.029904,1,0.007476,1,115.993833520539,1,4.85322734111184,680,1,8.47200012207031,34.9550018310547,0.0299040004611015,0,111.853698730469,-85.9061,22.2539,15.8994415655503,63,63,63,63,61,63,0,9004,1.9064526870154,22,-86,0.001869,51,2024-08-21 13:23:21.001428,680,1.037,0.0011,"aoml_navis",1030.24227973927
"7901009",44,0,1,0.031773,1,0.009345,1,115.979418243328,1,4.85318521600851,682,1,8.46300029754639,34.9529991149902,0.0317730009555817,0,111.839797973633,-85.9061,22.2539,15.8994415655503,63,63,63,63,61,63,0,9004,1.9064526870154,22,-86,0.001869,51,2024-08-21 13:23:21.001428,682,1.037,0.0011,"aoml_navis",1030.2512221267
"7901009",44,0,1,0.029904,1,0.007476,1,116.087785999615,1,4.85313977153987,684,1,8.43599987030029,34.9480018615723,0.0299040004611015,0,111.944297790527,-85.9061,22.2539,15.8994415655503,63,63,63,63,61,63,0,9004,1.9064526870154,22,-86,0.001869,51,2024-08-21 13:23:21.001428,684,1.037,0.0011,"aoml_navis",1030.26086932863
"7901009",44,0,1,0.028035,1,0.005607,1,116.434361860324,1,4.85306761429267,686,1,8.36600017547607,34.9410018920898,0.0280349999666214,0,112.278503417969,-85.9061,22.2539,15.8994415655503,63,63,63,63,61,63,0,9004,1.9064526870154,22,-86,0.001869,51,2024-08-21 13:23:21.001428,686,1.037,0.0011,"aoml_navis",1030.2761876374
"7901009",44,0,1,0.026166,1,0.003738,1,116.847918915801,1,4.85299752640241,688,1,8.30300045013428,34.935001373291,0.0261659994721413,0,112.677299499512,-85.9061,22.2539,15.8994415655503,63,63,63,63,61,63,0,9004,1.9064526870154,22,-86,0.001869,51,2024-08-21 13:23:21.001428,688,1.037,0.0011,"aoml_navis",1030.29106707717
"7901009",44,0,1,0.029904,1,0.007476,1,117.102710127268,1,4.85293180556888,690,1,8.26399993896484,34.9329986572266,0.0299040004611015,0,112.922996520996,-85.9061,22.2539,15.8994415655503,63,63,63,63,61,63,0,9004,1.9064526870154,22,-86,0.001869,51,2024-08-21 13:23:21.001428,690,1.037,0.0011,"aoml_navis",1030.30501979491
"7901009",44,0,1,0.031773,1,0.009345,1,117.401372201595,1,4.85288395640714,692,1,8.24300003051758,34.9300003051758,0.0317730009555817,0,113.210998535156,-85.9061,22.2539,15.8994415655503,63,63,63,63,61,63,0,9004,1.9064526870154,22,-86,0.001869,51,2024-08-21 13:23:21.001428,692,1.037,0.0011,"aoml_navis",1030.31517854422
"7901009",44,0,1,0.031773,1,0.009345,1,117.894885783686,1,4.85282489166864,694,1,8.20300006866455,34.9259986877441,0.0317730009555817,0,113.686897277832,-85.9061,22.2539,15.8994415655503,63,63,63,63,61,63,0,9004,1.9064526870154,22,-86,0.001869,51,2024-08-21 13:23:21.001428,694,1.037,0.0011,"aoml_navis",1030.327718724
"7901009",44,0,1,0.033642,1,0.011214,1,118.503824436702,1,4.85271876113227,696,1,8.09799957275391,34.9210014343262,0.0336420014500618,0,114.274101257324,-85.9061,22.2539,15.8994415655503,63,63,63,63,61,63,0,9004,1.9064526870154,22,-86,0.001869,51,2024-08-21 13:23:21.001428,696,1.037,0.0011,"aoml_navis",1030.35025232605
"7901009",44,0,1,0.029904,1,0.007476,1,118.956790106771,1,4.85264460702622,698,1,8.04300022125244,34.9179992675781,0.0299040004611015,0,114.710899353027,-85.9061,22.2539,15.8994415655503,63,63,63,63,61,63,0,9004,1.9064526870154,22,-86,0.001869,51,2024-08-21 13:23:21.001428,698,1.037,0.0011,"aoml_navis",1030.36599728742
"7901009",44,0,1,0.031773,1,0.009345,1,119.44895868495,1,4.85255915713109,700,1,7.95900011062622,34.9119987487793,0.0317730009555817,0,115.185501098633,-85.9061,22.2539,15.8994415655503,63,63,63,63,61,63,0,9004,1.9064526870154,22,-86,0.001869,51,2024-08-21 13:23:21.001428,700,1.037,0.0011,"aoml_navis",1030.38414125302
"7901009",44,0,1,0.026166,1,0.003738,1,119.784640013981,1,4.85249997999886,702,1,7.9229998588562,34.9090003967285,0.0261659994721413,0,115.509201049805,-85.9061,22.2539,15.8994415655503,63,63,63,63,61,63,0,9004,1.9064526870154,22,-86,0.001869,51,2024-08-21 13:23:21.001428,702,1.037,0.0011,"aoml_navis",1030.39670697766
"7901009",44,0,1,0.028035,1,0.005607,1,120.197374243536,1,4.85243684568264,704,1,7.8769998550415,34.9049987792969,0.0280349999666214,0,115.907203674316,-85.9061,22.2539,15.8994415655503,63,63,63,63,61,63,0,9004,1.9064526870154,22,-86,0.001869,51,2024-08-21 13:23:21.001428,704,1.037,0.0011,"aoml_navis",1030.41011331217
"7901009",44,0,1,0.031773,1,0.009345,1,120.695761486857,1,4.85236211965801,706,1,7.81099987030029,34.9000015258789,0.0317730009555817,0,116.387802124023,-85.9061,22.2539,15.8994415655503,63,63,63,63,61,63,0,9004,1.9064526870154,22,-86,0.001869,51,2024-08-21 13:23:21.001428,706,1.037,0.0011,"aoml_navis",1030.42598155316
"7901009",44,0,1,0.029904,1,0.007476,1,121.199125244648,1,4.85226825720034,708,1,7.71000003814697,34.8930015563965,0.0299040004611015,0,116.873199462891,-85.9061,22.2539,15.8994415655503,63,63,63,63,61,63,0,9004,1.9064526870154,22,-86,0.001869,51,2024-08-21 13:23:21.001428,708,1.037,0.0011,"aoml_navis",1030.44591415168
"7901009",44,0,1,0.029904,1,0.007476,1,121.53905520368,1,4.85220099411272,710,1,7.65799999237061,34.8889999389648,0.0299040004611015,0,117.200996398926,-85.9061,22.2539,15.8994415655503,63,63,63,63,61,63,0,9004,1.9064526870154,22,-86,0.001869,51,2024-08-21 13:23:21.001428,710,1.037,0.0011,"aoml_navis",1030.46019859165
"7901009",44,0,1,0.031773,1,0.009345,1,121.831910025828,1,4.85213697377173,712,1,7.61499977111816,34.8860015869141,0.0317730009555817,0,117.4833984375,-85.9061,22.2539,15.8994415655503,63,63,63,63,61,63,0,9004,1.9064526870154,22,-86,0.001869,51,2024-08-21 13:23:21.001428,712,1.037,0.0011,"aoml_navis",1030.47379474808
"7901009",44,0,1,0.026166,1,0.003738,1,122.084841967182,1,4.85207854500608,714,1,7.58900022506714,34.8849983215332,0.0261659994721413,0,117.72730255127,-85.9061,22.2539,15.8994415655503,63,63,63,63,61,63,0,9004,1.9064526870154,22,-86,0.001869,51,2024-08-21 13:23:21.001428,714,1.037,0.0011,"aoml_navis",1030.48620372112
"7901009",44,0,1,0.028035,1,0.005607,1,122.350733416808,1,4.85202068628836,716,1,7.55399990081787,34.8819999694824,0.0280349999666214,0,117.983703613281,-85.9061,22.2539,15.8994415655503,63,63,63,63,61,63,0,9004,1.9064526870154,22,-86,0.001869,51,2024-08-21 13:23:21.001428,716,1.037,0.0011,"aoml_navis",1030.49849192313
"7901009",44,0,1,0.029904,1,0.007476,1,122.585713511844,1,4.85196899956092,718,1,7.53200006484985,34.8800010681152,0.0299040004611015,0,118.210296630859,-85.9061,22.2539,15.8994415655503,63,63,63,63,61,63,0,9004,1.9064526870154,22,-86,0.001869,51,2024-08-21 13:23:21.001428,718,1.037,0.0011,"aoml_navis",1030.50946954782
"7901009",44,0,1,0.031773,1,0.009345,1,122.919844130484,1,4.85191132096047,720,1,7.5019998550415,34.8779983520508,0.0317730009555817,0,118.532501220703,-85.9061,22.2539,15.8994415655503,63,63,63,63,61,63,0,9004,1.9064526870154,22,-86,0.001869,51,2024-08-21 13:23:21.001428,720,1.037,0.0011,"aoml_navis",1030.52172004871
"7901009",44,0,1,0.028035,1,0.005607,1,123.283105951477,1,4.85184682678592,722,1,7.45800018310547,34.875,0.0280349999666214,0,118.882797241211,-85.9061,22.2539,15.8994415655503,63,63,63,63,61,63,0,9004,1.9064526870154,22,-86,0.001869,51,2024-08-21 13:23:21.001428,722,1.037,0.0011,"aoml_navis",1030.5354184712
"7901009",44,0,1,0.031773,1,0.009345,1,123.650418607779,1,4.85177948476029,724,1,7.41499996185303,34.8730010986328,0.0317730009555817,0,119.236999511719,-85.9061,22.2539,15.8994415655503,63,63,63,63,61,63,0,9004,1.9064526870154,22,-86,0.001869,51,2024-08-21 13:23:21.001428,724,1.037,0.0011,"aoml_navis",1030.54972215973
"7901009",44,0,1,0.029904,1,0.007476,1,124.098099203656,1,4.8517121799172,726,1,7.36700010299683,34.8699989318848,0.0299040004611015,0,119.668701171875,-85.9061,22.2539,15.8994415655503,63,63,63,63,61,63,0,9004,1.9064526870154,22,-86,0.001869,51,2024-08-21 13:23:21.001428,726,1.037,0.0011,"aoml_navis",1030.5640183473
"7901009",44,0,1,0.031773,1,0.009345,1,124.583526938705,1,4.85165240770027,728,1,7.3289999961853,34.867000579834,0.0317730009555817,0,120.13680267334,-85.9061,22.2539,15.8994415655503,63,63,63,63,61,63,0,9004,1.9064526870154,22,-86,0.001869,51,2024-08-21 13:23:21.001428,728,1.037,0.0011,"aoml_navis",1030.57671486611
"7901009",44,0,1,0.028035,1,0.005607,1,125.150976176962,1,4.85157861482956,730,1,7.27699995040894,34.8650016784668,0.0280349999666214,0,120.68399810791,-85.9061,22.2539,15.8994415655503,63,63,63,63,61,63,0,9004,1.9064526870154,22,-86,0.001869,51,2024-08-21 13:23:21.001428,730,1.037,0.0011,"aoml_navis",1030.59239001441
"7901009",44,0,1,0.026166,1,0.003738,1,125.609029126529,1,4.85151161742365,732,1,7.23400020599365,34.8629989624023,0.0261659994721413,0,121.125701904297,-85.9061,22.2539,15.8994415655503,63,63,63,63,61,63,0,9004,1.9064526870154,22,-86,0.001869,51,2024-08-21 13:23:21.001428,732,1.037,0.0011,"aoml_navis",1030.60662207694
"7901009",44,0,1,0.026166,1,0.003738,1,125.986603371493,1,4.85144248105217,734,1,7.19299983978271,34.8619995117188,0.0261659994721413,0,121.489799499512,-85.9061,22.2539,15.8994415655503,63,63,63,63,61,63,0,9004,1.9064526870154,22,-86,0.001869,51,2024-08-21 13:23:21.001428,734,1.037,0.0011,"aoml_navis",1030.62130892576
"7901009",44,0,1,0.028035,1,0.005607,1,126.302995762082,1,4.85138373835338,736,1,7.16599988937378,34.8610000610352,0.0280349999666214,0,121.794898986816,-85.9061,22.2539,15.8994415655503,63,63,63,63,61,63,0,9004,1.9064526870154,22,-86,0.001869,51,2024-08-21 13:23:21.001428,736,1.037,0.0011,"aoml_navis",1030.63378814414
"7901009",44,0,1,0.028035,1,0.005607,1,126.524193522925,1,4.85133460367824,738,1,7.15199995040894,34.8600006103516,0.0280349999666214,0,122.008201599121,-85.9061,22.2539,15.8994415655503,63,63,63,63,61,63,0,9004,1.9064526870154,22,-86,0.001869,51,2024-08-21 13:23:21.001428,738,1.037,0.0011,"aoml_navis",1030.64422647926
"7901009",44,0,1,0.026166,1,0.003738,1,126.806256666634,1,4.85128694933109,740,1,7.1399998664856,34.859001159668,0.0261659994721413,0,122.280197143555,-85.9061,22.2539,15.8994415655503,63,63,63,63,61,63,0,9004,1.9064526870154,22,-86,0.001869,51,2024-08-21 13:23:21.001428,740,1.037,0.0011,"aoml_navis",1030.65435053051
"7901009",44,0,1,0.028035,1,0.005607,1,127.325285764095,1,4.85123784113214,742,1,7.12099981307983,34.8569984436035,0.0280349999666214,0,122.780700683594,-85.9061,22.2539,15.8994415655503,63,63,63,63,61,63,0,9004,1.9064526870154,22,-86,0.001869,51,2024-08-21 13:23:21.001428,742,1.037,0.0011,"aoml_navis",1030.66478365718
"7901009",44,0,1,0.028035,1,0.005607,1,128.113829909953,1,4.85114470463284,744,1,7.04199981689453,34.8549995422363,0.0280349999666214,0,123.54109954834,-85.9061,22.2539,15.8994415655503,63,63,63,63,61,63,0,9004,1.9064526870154,22,-86,0.001869,51,2024-08-21 13:23:21.001428,744,1.037,0.0011,"aoml_navis",1030.68457125697
"7901009",44,0,1,0.024297,1,0.001869,1,128.552174596331,1,4.85108103375571,746,1,7.00299978256226,34.8530006408691,0.0242970008403063,0,123.963798522949,-85.9061,22.2539,15.8994415655503,63,63,63,63,61,63,0,9004,1.9064526870154,22,-86,0.001869,51,2024-08-21 13:23:21.001428,746,1.037,0.0011,"aoml_navis",1030.69809908514
"7901009",44,0,1,0.029904,1,0.007476,1,128.907350570283,1,4.85101659078633,748,1,6.97800016403198,34.8540000915527,0.0299040004611015,0,124.306297302246,-85.9061,22.2539,15.8994415655503,63,63,63,63,61,63,0,9004,1.9064526870154,22,-86,0.001869,51,2024-08-21 13:23:21.001428,748,1.037,0.0011,"aoml_navis",1030.71179131744
"7901009",44,0,1,0.026166,1,0.003738,1,129.130312659785,1,4.85096536375859,750,1,6.96099996566772,34.8530006408691,0.0261659994721413,0,124.521301269531,-85.9061,22.2539,15.8994415655503,63,63,63,63,61,63,0,9004,1.9064526870154,22,-86,0.001869,51,2024-08-21 13:23:21.001428,750,1.037,0.0011,"aoml_navis",1030.72267581106
"7901009",44,0,1,0.028035,1,0.005607,1,129.448050054286,1,4.85091200464908,752,1,6.93599987030029,34.851001739502,0.0280349999666214,0,124.827697753906,-85.9061,22.2539,15.8994415655503,63,63,63,63,61,63,0,9004,1.9064526870154,22,-86,0.001869,51,2024-08-21 13:23:21.001428,752,1.037,0.0011,"aoml_navis",1030.73401356447
"7901009",44,0,1,0.031773,1,0.009345,1,129.8494783392,1,4.85085276028528,754,1,6.91300010681152,34.851001739502,0.0317730009555817,0,125.214797973633,-85.9061,22.2539,15.8994415655503,63,63,63,63,61,63,0,9004,1.9064526870154,22,-86,0.001869,51,2024-08-21 13:23:21.001428,754,1.037,0.0011,"aoml_navis",1030.74660211001
"7901009",44,0,1,0.028035,1,0.005607,1,130.099918067426,1,4.85079577973894,756,1,6.88800001144409,34.8499984741211,0.0280349999666214,0,125.456298828125,-85.9061,22.2539,15.8994415655503,63,63,63,63,61,63,0,9004,1.9064526870154,22,-86,0.001869,51,2024-08-21 13:23:21.001428,756,1.037,0.0011,"aoml_navis",1030.75870991813
"7901009",44,0,1,0.026166,1,0.003738,1,130.309501323908,1,4.85073790642137,757.900024414062,1,6.86899995803833,34.851001739502,0.0261659994721413,0,125.658401489258,-85.9061,22.2539,15.8994415655503,63,63,63,63,61,63,0,9004,1.9064526870154,22,-86,0.001869,51,2024-08-21 13:23:21.001428,757.900024414062,1.037,0.0011,"aoml_navis",1030.77100772256
"7901009",44,0,1,0.031773,1,0.009345,1,130.395676515663,1,4.85069181234743,760,1,6.86700010299683,34.851001739502,0.0317730009555817,0,125.741500854492,-85.9061,22.2539,15.8994415655503,63,63,63,63,61,63,0,9004,1.9064526870154,22,-86,0.001869,51,2024-08-21 13:23:21.001428,760,1.037,0.0011,"aoml_navis",1030.78080270375
"7901009",44,0,1,0.029904,1,0.007476,1,130.523538916871,1,4.85064712017401,762,1,6.86399984359741,34.851001739502,0.0299040004611015,0,125.864799499512,-85.9061,22.2539,15.8994415655503,63,63,63,63,61,63,0,9004,1.9064526870154,22,-86,0.001869,51,2024-08-21 13:23:21.001428,762,1.037,0.0011,"aoml_navis",1030.79029995912
"7901009",44,0,1,0.029904,1,0.007476,1,130.663118675681,1,4.85060540067121,764,1,6.8600001335144,34.8499984741211,0.0299040004611015,0,125.999397277832,-85.9061,22.2539,15.8994415655503,63,63,63,63,61,63,0,9004,1.9064526870154,22,-86,0.001869,51,2024-08-21 13:23:21.001428,764,1.037,0.0011,"aoml_navis",1030.79916566871
"7901009",44,0,1,0.029904,1,0.007476,1,130.925797939496,1,4.85055926177045,766,1,6.85500001907349,34.8499984741211,0.0299040004611015,0,126.252700805664,-85.9061,22.2539,15.8994415655503,63,63,63,63,61,63,0,9004,1.9064526870154,22,-86,0.001869,51,2024-08-21 13:23:21.001428,766,1.037,0.0011,"aoml_navis",1030.80897071135
"7901009",44,0,1,0.026166,1,0.003738,1,131.383842977275,1,4.85051390650022,768,1,6.84600019454956,34.8489990234375,0.0261659994721413,0,126.694396972656,-85.9061,22.2539,15.8994415655503,63,63,63,63,61,63,0,9004,1.9064526870154,22,-86,0.001869,51,2024-08-21 13:23:21.001428,768,1.037,0.0011,"aoml_navis",1030.81860940538
"7901009",44,0,1,0.029904,1,0.007476,1,132.048464792206,1,4.85042942514618,770,1,6.78800010681152,34.8489990234375,0.0299040004611015,0,127.335296630859,-85.9061,22.2539,15.8994415655503,63,63,63,63,61,63,0,9004,1.9064526870154,22,-86,0.001869,51,2024-08-21 13:23:21.001428,770,1.037,0.0011,"aoml_navis",1030.83656347589
"7901009",44,0,1,0.028035,1,0.005607,1,132.331991616641,1,4.85036893869577,772,1,6.75799989700317,34.8479995727539,0.0280349999666214,0,127.608703613281,-85.9061,22.2539,15.8994415655503,63,63,63,63,61,63,0,9004,1.9064526870154,22,-86,0.001869,51,2024-08-21 13:23:21.001428,772,1.037,0.0011,"aoml_navis",1030.84941850722
"7901009",44,0,1,0.031773,1,0.009345,1,132.597155181798,1,4.85030984476401,774,1,6.7350001335144,34.8479995727539,0.0317730009555817,0,127.864402770996,-85.9061,22.2539,15.8994415655503,63,63,63,63,61,63,0,9004,1.9064526870154,22,-86,0.001869,51,2024-08-21 13:23:21.001428,774,1.037,0.0011,"aoml_navis",1030.86197789974
"7901009",44,0,1,0.031773,1,0.009345,1,132.801334687273,1,4.85026452365839,776,1,6.72599983215332,34.8470001220703,0.0317730009555817,0,128.061294555664,-85.9061,22.2539,15.8994415655503,63,63,63,63,61,63,0,9004,1.9064526870154,22,-86,0.001869,51,2024-08-21 13:23:21.001428,776,1.037,0.0011,"aoml_navis",1030.87161032378
"7901009",44,0,1,0.029904,1,0.007476,1,133.119388553282,1,4.85021120799883,778,1,6.71099996566772,34.8470001220703,0.0299040004611015,0,128.36799621582,-85.9061,22.2539,15.8994415655503,63,63,63,63,61,63,0,9004,1.9064526870154,22,-86,0.001869,51,2024-08-21 13:23:21.001428,778,1.037,0.0011,"aoml_navis",1030.88294211892
"7901009",44,0,1,0.028035,1,0.005607,1,133.341314198594,1,4.85014353818511,780,1,6.67600011825562,34.8470001220703,0.0280349999666214,0,128.582000732422,-85.9061,22.2539,15.8994415655503,63,63,63,63,61,63,0,9004,1.9064526870154,22,-86,0.001869,51,2024-08-21 13:23:21.001428,780,1.037,0.0011,"aoml_navis",1030.89732512761
"7901009",44,0,1,0.026166,1,0.003738,1,133.311233581714,1,4.85010253976679,782,1,6.6729998588562,34.8460006713867,0.0261659994721413,0,128.552993774414,-85.9061,22.2539,15.8994415655503,63,63,63,63,61,63,0,9004,1.9064526870154,22,-86,0.001869,51,2024-08-21 13:23:21.001428,782,1.037,0.0011,"aoml_navis",1030.90603940931
"7901009",44,0,1,0.029904,1,0.007476,1,133.374701942737,1,4.8500592965029,784,1,6.67199993133545,34.8460006713867,0.0299040004611015,0,128.614196777344,-85.9061,22.2539,15.8994415655503,63,63,63,63,61,63,0,9004,1.9064526870154,22,-86,0.001869,51,2024-08-21 13:23:21.001428,784,1.037,0.0011,"aoml_navis",1030.91523099629
"7901009",44,0,1,0.028035,1,0.005607,1,133.430606634708,1,4.85001461979865,786,1,6.66900014877319,34.8460006713867,0.0280349999666214,0,128.668106079102,-85.9061,22.2539,15.8994415655503,63,63,63,63,61,63,0,9004,1.9064526870154,22,-86,0.001869,51,2024-08-21 13:23:21.001428,786,1.037,0.0011,"aoml_navis",1030.92472744084
"7901009",44,0,1,0.029904,1,0.007476,1,133.523206198085,1,4.84996994459451,788,1,6.66599988937378,34.8460006713867,0.0299040004611015,0,128.757400512695,-85.9061,22.2539,15.8994415655503,63,63,63,63,61,63,0,9004,1.9064526870154,22,-86,0.001869,51,2024-08-21 13:23:21.001428,788,1.037,0.0011,"aoml_navis",1030.93422374147
"7901009",44,0,1,0.029904,1,0.007476,1,133.625869555432,1,4.84992598945647,790,1,6.66400003433228,34.8460006713867,0.0299040004611015,0,128.856399536133,-85.9061,22.2539,15.8994415655503,63,63,63,63,61,63,0,9004,1.9064526870154,22,-86,0.001869,51,2024-08-21 13:23:21.001428,790,1.037,0.0011,"aoml_navis",1030.94356715335
"7901009",44,0,1,0.026166,1,0.003738,1,133.812635216154,1,4.84987916435649,792,1,6.65799999237061,34.8460006713867,0.0261659994721413,0,129.036499023438,-85.9061,22.2539,15.8994415655503,63,63,63,63,61,63,0,9004,1.9064526870154,22,-86,0.001869,51,2024-08-21 13:23:21.001428,792,1.037,0.0011,"aoml_navis",1030.95352081075
"7901009",44,0,1,0.028035,1,0.005607,1,134.031348675655,1,4.84983171745742,794,1,6.64599990844727,34.8450012207031,0.0280349999666214,0,129.247406005859,-85.9061,22.2539,15.8994415655503,63,63,63,63,61,63,0,9004,1.9064526870154,22,-86,0.001869,51,2024-08-21 13:23:21.001428,794,1.037,0.0011,"aoml_navis",1030.96360684063
"7901009",44,0,1,0.026166,1,0.003738,1,134.269335250022,1,4.84977332773063,796,1,6.62900018692017,34.8460006713867,0.0261659994721413,0,129.476898193359,-85.9061,22.2539,15.8994415655503,63,63,63,63,61,63,0,9004,1.9064526870154,22,-86,0.001869,51,2024-08-21 13:23:21.001428,796,1.037,0.0011,"aoml_navis",1030.97601931422
"7901009",44,0,1,0.031773,1,0.009345,1,134.502970341148,1,4.84972875878367,798,1,6.62099981307983,34.8450012207031,0.0317730009555817,0,129.702194213867,-85.9061,22.2539,15.8994415655503,63,63,63,63,61,63,0,9004,1.9064526870154,22,-86,0.001869,51,2024-08-21 13:23:21.001428,798,1.037,0.0011,"aoml_navis",1030.98549397101
"7901009",44,0,1,0.029904,1,0.007476,1,134.73049753216,1,4.84966762408257,800,1,6.59499979019165,34.8450012207031,0.0299040004611015,0,129.921600341797,-85.9061,22.2539,15.8994415655503,63,63,63,63,61,63,0,9004,1.9064526870154,22,-86,0.001869,51,2024-08-21 13:23:21.001428,800,1.037,0.0011,"aoml_navis",1030.99849052972
"7901009",44,0,1,0.035511,1,0.013083,1,134.872988828847,1,4.84961938266151,802,1,6.58699989318848,34.8450012207031,0.0355109982192516,0,130.059005737305,-85.9061,22.2539,15.8994415655503,63,63,63,63,61,63,0,9004,1.9064526870154,22,-86,0.001869,51,2024-08-21 13:23:21.001428,802,1.037,0.0011,"aoml_navis",1031.00874635155
"7901009",44,0,1,0.031773,1,0.009345,1,134.924621155453,1,4.84957103826232,804,1,6.58400011062622,34.8460006713867,0.0317730009555817,0,130.108795166016,-85.9061,22.2539,15.8994415655503,63,63,63,63,61,63,0,9004,1.9064526870154,22,-86,0.001869,51,2024-08-21 13:23:21.001428,804,1.037,0.0011,"aoml_navis",1031.01902427056
"7901009",44,0,1,0.029904,1,0.007476,1,134.971395644405,1,4.84952637720213,806,1,6.58099985122681,34.8460006713867,0.0299040004611015,0,130.153900146484,-85.9061,22.2539,15.8994415655503,63,63,63,63,61,63,0,9004,1.9064526870154,22,-86,0.001869,51,2024-08-21 13:23:21.001428,806,1.037,0.0011,"aoml_navis",1031.02851930144
"7901009",44,0,1,0.029904,1,0.007476,1,135.023866620508,1,4.84948171832203,808,1,6.57800006866455,34.8460006713867,0.0299040004611015,0,130.204498291016,-85.9061,22.2539,15.8994415655503,63,63,63,63,61,63,0,9004,1.9064526870154,22,-86,0.001869,51,2024-08-21 13:23:21.001428,808,1.037,0.0011,"aoml_navis",1031.03801404371
"7901009",44,0,1,0.029904,1,0.007476,1,135.114915473494,1,4.84943849220489,810,1,6.5770001411438,34.8460006713867,0.0299040004611015,0,130.292297363281,-85.9061,22.2539,15.8994415655503,63,63,63,63,61,63,0,9004,1.9064526870154,22,-86,0.001869,51,2024-08-21 13:23:21.001428,810,1.037,0.0011,"aoml_navis",1031.04720433863
"7901009",44,0,1,0.029904,1,0.007476,1,135.199128541897,1,4.84939171189013,812.099975585938,1,6.57399988174438,34.8460006713867,0.0299040004611015,0,130.373504638672,-85.9061,22.2539,15.8994415655503,63,63,63,63,61,63,0,9004,1.9064526870154,22,-86,0.001869,51,2024-08-21 13:23:21.001428,812.099975585938,1.037,0.0011,"aoml_navis",1031.0571504753
"7901009",44,0,1,0.029904,1,0.007476,1,135.327615974335,1,4.84934417516331,814,1,6.56400012969971,34.8460006713867,0.0299040004611015,0,130.497406005859,-85.9061,22.2539,15.8994415655503,63,63,63,63,61,63,0,9004,1.9064526870154,22,-86,0.001869,51,2024-08-21 13:23:21.001428,814,1.037,0.0011,"aoml_navis",1031.06725763214
"7901009",44,0,1,0.028035,1,0.005607,1,135.402904546199,1,4.849300238402,816,1,6.56199979782104,34.8460006713867,0.0280349999666214,0,130.570007324219,-85.9061,22.2539,15.8994415655503,63,63,63,63,61,63,0,9004,1.9064526870154,22,-86,0.001869,51,2024-08-21 13:23:21.001428,816,1.037,0.0011,"aoml_navis",1031.07659954824
"7901009",44,0,1,0.026166,1,0.003738,1,135.418237590784,1,4.8492577349182,818,1,6.56199979782104,34.8460006713867,0.0261659994721413,0,130.58479309082,-85.9061,22.2539,15.8994415655503,63,63,63,63,61,63,0,9004,1.9064526870154,22,-86,0.001869,51,2024-08-21 13:23:21.001428,818,1.037,0.0011,"aoml_navis",1031.0856368793
"7901009",44,0,1,0.026166,1,0.003738,1,135.634039512408,1,4.84921523396903,820,1,6.56199979782104,34.8460006713867,0.0261659994721413,0,130.792892456055,-85.9061,22.2539,15.8994415655503,63,63,63,63,61,63,0,9004,1.9064526870154,22,-86,0.001869,51,2024-08-21 13:23:21.001428,820,1.037,0.0011,"aoml_navis",1031.09467382984
"7901009",44,0,1,0.029904,1,0.007476,1,135.820504525196,1,4.84916997486715,822,1,6.55299997329712,34.8450012207031,0.0299040004611015,0,130.972702026367,-85.9061,22.2539,15.8994415655503,63,63,63,63,61,63,0,9004,1.9064526870154,22,-86,0.001869,51,2024-08-21 13:23:21.001428,822,1.037,0.0011,"aoml_navis",1031.10429741886
"7901009",44,0,1,0.031773,1,0.009345,1,136.144254878358,1,4.84910520460243,824,1,6.52699995040894,34.8460006713867,0.0317730009555817,0,131.284896850586,-85.9061,22.2539,15.8994415655503,63,63,63,63,61,63,0,9004,1.9064526870154,22,-86,0.001869,51,2024-08-21 13:23:21.001428,824,1.037,0.0011,"aoml_navis",1031.11807004194
"7901009",44,0,1,0.028035,1,0.005607,1,136.349692358079,1,4.84905413267704,826,1,6.5149998664856,34.8460006713867,0.0280349999666214,0,131.483001708984,-85.9061,22.2539,15.8994415655503,63,63,63,63,61,63,0,9004,1.9064526870154,22,-86,0.001869,51,2024-08-21 13:23:21.001428,826,1.037,0.0011,"aoml_navis",1031.12893013624
"7901009",44,0,1,0.029904,1,0.007476,1,136.491867183257,1,4.84900888804075,828,1,6.50600004196167,34.8450012207031,0.0299040004611015,0,131.620101928711,-85.9061,22.2539,15.8994415655503,63,63,63,63,61,63,0,9004,1.9064526870154,22,-86,0.001869,51,2024-08-21 13:23:21.001428,828,1.037,0.0011,"aoml_navis",1031.13855128862
"7901009",44,0,1,0.031773,1,0.009345,1,136.65829954956,1,4.84895996552587,830,1,6.49700021743774,34.8450012207031,0.0317730009555817,0,131.78059387207,-85.9061,22.2539,15.8994415655503,63,63,63,63,61,63,0,9004,1.9064526870154,22,-86,0.001869,51,2024-08-21 13:23:21.001428,830,1.037,0.0011,"aoml_navis",1031.1489547342
"7901009",44,0,1,0.029904,1,0.007476,1,136.916413711866,1,4.84891389931886,832,1,6.49200010299683,34.8450012207031,0.0299040004611015,0,132.029495239258,-85.9061,22.2539,15.8994415655503,63,63,63,63,61,63,0,9004,1.9064526870154,22,-86,0.001869,51,2024-08-21 13:23:21.001428,832,1.037,0.0011,"aoml_navis",1031.15875097357
"7901009",44,0,1,0.029904,1,0.007476,1,137.226587437314,1,4.84886783497412,834,1,6.48699998855591,34.8450012207031,0.0299040004611015,0,132.328598022461,-85.9061,22.2539,15.8994415655503,63,63,63,63,61,63,0,9004,1.9064526870154,22,-86,0.001869,51,2024-08-21 13:23:21.001428,834,1.037,0.0011,"aoml_navis",1031.16854700303
"7901009",44,0,1,0.026166,1,0.003738,1,137.730156901586,1,4.84881036552364,836,1,6.46600008010864,34.8450012207031,0.0261659994721413,0,132.814193725586,-85.9061,22.2539,15.8994415655503,63,63,63,63,61,63,0,9004,1.9064526870154,22,-86,0.001869,51,2024-08-21 13:23:21.001428,836,1.037,0.0011,"aoml_navis",1031.18076869975
"7901009",44,0,1,0.031773,1,0.009345,1,138.155241431758,1,4.84873713934648,838,1,6.42799997329712,34.8460006713867,0.0317730009555817,0,133.224105834961,-85.9061,22.2539,15.8994415655503,63,63,63,63,61,63,0,9004,1.9064526870154,22,-86,0.001869,51,2024-08-21 13:23:21.001428,838,1.037,0.0011,"aoml_navis",1031.19634170845
"7901009",44,0,1,0.029904,1,0.007476,1,138.397073134953,1,4.84868681936468,840,1,6.41699981689453,34.8460006713867,0.0299040004611015,0,133.457305908203,-85.9061,22.2539,15.8994415655503,63,63,63,63,61,63,0,9004,1.9064526870154,22,-86,0.001869,51,2024-08-21 13:23:21.001428,840,1.037,0.0011,"aoml_navis",1031.20704353001
"7901009",44,0,1,0.029904,1,0.007476,1,138.776300943549,1,4.84864657835417,842,1,6.41499996185303,34.8450012207031,0.0299040004611015,0,133.822998046875,-85.9061,22.2539,15.8994415655503,63,63,63,63,61,63,0,9004,1.9064526870154,22,-86,0.001869,51,2024-08-21 13:23:21.001428,842,1.037,0.0011,"aoml_navis",1031.21560196231
"7901009",44,0,1,0.026166,1,0.003738,1,139.45586021368,1,4.84858335366095,844,1,6.39099979400635,34.8460006713867,0.0261659994721413,0,134.478302001953,-85.9061,22.2539,15.8994415655503,63,63,63,63,61,63,0,9004,1.9064526870154,22,-86,0.001869,51,2024-08-21 13:23:21.001428,844,1.037,0.0011,"aoml_navis",1031.22904883644
"7901009",44,0,1,0.029904,1,0.007476,1,139.995728959973,1,4.84851448350262,846,1,6.35900020599365,34.8470001220703,0.0299040004611015,0,134.998901367188,-85.9061,22.2539,15.8994415655503,63,63,63,63,61,63,0,9004,1.9064526870154,22,-86,0.001869,51,2024-08-21 13:23:21.001428,846,1.037,0.0011,"aoml_navis",1031.24369680916
"7901009",44,0,1,0.031773,1,0.009345,1,140.437697245122,1,4.8484571130365,848,1,6.33799982070923,34.8470001220703,0.0317730009555817,0,135.425094604492,-85.9061,22.2539,15.8994415655503,63,63,63,63,61,63,0,9004,1.9064526870154,22,-86,0.001869,51,2024-08-21 13:23:21.001428,848,1.037,0.0011,"aoml_navis",1031.2558992336
"7901009",44,0,1,0.029904,1,0.007476,1,140.859553765908,1,4.84839819789641,850,1,6.32000017166138,34.8479995727539,0.0299040004611015,0,135.831893920898,-85.9061,22.2539,15.8994415655503,63,63,63,63,61,63,0,9004,1.9064526870154,22,-86,0.001869,51,2024-08-21 13:23:21.001428,850,1.037,0.0011,"aoml_navis",1031.26843050337
"7901009",44,0,1,0.026166,1,0.003738,1,141.355970974089,1,4.84834368135492,852,1,6.30299997329712,34.8479995727539,0.0261659994721413,0,136.310592651367,-85.9061,22.2539,15.8994415655503,63,63,63,63,61,63,0,9004,1.9064526870154,22,-86,0.001869,51,2024-08-21 13:23:21.001428,852,1.037,0.0011,"aoml_navis",1031.28002646106
"7901009",44,0,1,0.026166,1,0.003738,1,142.05160699685,1,4.84828917512576,854,1,6.28599977493286,34.8479995727539,0.0261659994721413,0,136.981399536133,-85.9061,22.2539,15.8994415655503,63,63,63,63,61,63,0,9004,1.9064526870154,22,-86,0.001869,51,2024-08-21 13:23:21.001428,854,1.037,0.0011,"aoml_navis",1031.29162048596
"7901009",44,0,1,0.029904,1,0.007476,1,143.020595285049,1,4.84822622601498,856,1,6.25699996948242,34.8479995727539,0.0299040004611015,0,137.915802001953,-85.9061,22.2539,15.8994415655503,63,63,63,63,61,63,0,9004,1.9064526870154,22,-86,0.001869,51,2024-08-21 13:23:21.001428,856,1.037,0.0011,"aoml_navis",1031.30501072137
"7901009",44,0,1,0.028035,1,0.005607,1,143.84802586751,1,4.84813979192572,858,1,6.20499992370605,34.8499984741211,0.0280349999666214,0,138.71369934082,-85.9061,22.2539,15.8994415655503,63,63,63,63,61,63,0,9004,1.9064526870154,22,-86,0.001869,51,2024-08-21 13:23:21.001428,858,1.037,0.0011,"aoml_navis",1031.3233971362
"7901009",44,0,1,0.029904,1,0.007476,1,144.428023201077,1,4.84806483786869,860,1,6.16400003433228,34.851001739502,0.0299040004611015,0,139.272994995117,-85.9061,22.2539,15.8994415655503,63,63,63,63,61,63,0,9004,1.9064526870154,22,-86,0.001869,51,2024-08-21 13:23:21.001428,860,1.037,0.0011,"aoml_navis",1031.33934202871
"7901009",44,0,1,0.028035,1,0.005607,1,144.867823656393,1,4.84800393995786,862,1,6.14300012588501,34.8520011901855,0.0280349999666214,0,139.69709777832,-85.9061,22.2539,15.8994415655503,63,63,63,63,61,63,0,9004,1.9064526870154,22,-86,0.001869,51,2024-08-21 13:23:21.001428,862,1.037,0.0011,"aoml_navis",1031.35229713602
"7901009",44,0,1,0.029904,1,0.007476,1,145.206416523302,1,4.84794166150381,864,1,6.11999988555908,34.8530006408691,0.0299040004611015,0,140.02360534668,-85.9061,22.2539,15.8994415655503,63,63,63,63,61,63,0,9004,1.9064526870154,22,-86,0.001869,51,2024-08-21 13:23:21.001428,864,1.037,0.0011,"aoml_navis",1031.36554626959
"7901009",44,0,1,0.035511,1,0.013083,1,145.408736758665,1,4.84789145607592,866,1,6.10900020599365,34.8530006408691,0.0355109982192516,0,140.218704223633,-85.9061,22.2539,15.8994415655503,63,63,63,63,61,63,0,9004,1.9064526870154,22,-86,0.001869,51,2024-08-21 13:23:21.001428,866,1.037,0.0011,"aoml_navis",1031.37622723245
"7901009",44,0,1,0.028035,1,0.005607,1,145.534217711772,1,4.84784264956039,868,1,6.09999990463257,34.8530006408691,0.0280349999666214,0,140.339706420898,-85.9061,22.2539,15.8994415655503,63,63,63,63,61,63,0,9004,1.9064526870154,22,-86,0.001869,51,2024-08-21 13:23:21.001428,868,1.037,0.0011,"aoml_navis",1031.38661079551
"7901009",44,0,1,0.026166,1,0.003738,1,145.708435277183,1,4.84779733377833,870,1,6.09600019454956,34.8530006408691,0.0261659994721413,0,140.507705688477,-85.9061,22.2539,15.8994415655503,63,63,63,63,61,63,0,9004,1.9064526870154,22,-86,0.001869,51,2024-08-21 13:23:21.001428,870,1.037,0.0011,"aoml_navis",1031.39625189386
"7901009",44,0,1,0.028035,1,0.005607,1,145.884725730974,1,4.84774694231684,872,1,6.09000015258789,34.8540000915527,0.0280349999666214,0,140.677703857422,-85.9061,22.2539,15.8994415655503,63,63,63,63,61,63,0,9004,1.9064526870154,22,-86,0.001869,51,2024-08-21 13:23:21.001428,872,1.037,0.0011,"aoml_navis",1031.40697307323
"7901009",44,0,1,0.026166,1,0.003738,1,146.162223773173,1,4.84770600941269,874,1,6.08699989318848,34.8530006408691,0.0261659994721413,0,140.945297241211,-85.9061,22.2539,15.8994415655503,63,63,63,63,61,63,0,9004,1.9064526870154,22,-86,0.001869,51,2024-08-21 13:23:21.001428,874,1.037,0.0011,"aoml_navis",1031.41568203427
"7901009",44,0,1,0.028035,1,0.005607,1,146.523523470814,1,4.8476465595489,876,1,6.06799983978271,34.8540000915527,0.0280349999666214,0,141.293701171875,-85.9061,22.2539,15.8994415655503,63,63,63,63,61,63,0,9004,1.9064526870154,22,-86,0.001869,51,2024-08-21 13:23:21.001428,876,1.037,0.0011,"aoml_navis",1031.4283309601
"7901009",44,0,1,0.026166,1,0.003738,1,146.754262847637,1,4.84759985739891,878,1,6.06199979782104,34.8540000915527,0.0261659994721413,0,141.516204833984,-85.9061,22.2539,15.8994415655503,63,63,63,63,61,63,0,9004,1.9064526870154,22,-86,0.001869,51,2024-08-21 13:23:21.001428,878,1.037,0.0011,"aoml_navis",1031.43826782
"7901009",44,0,1,0.026166,1,0.003738,1,147.194269009434,1,4.84755246075864,880,1,6.05499982833862,34.8540000915527,0.0261659994721413,0,141.940505981445,-85.9061,22.2539,15.8994415655503,63,63,63,63,61,63,0,9004,1.9064526870154,22,-86,0.001869,51,2024-08-21 13:23:21.001428,880,1.037,0.0011,"aoml_navis",1031.448352643
"7901009",44,0,1,0.028035,1,0.005607,1,147.738805710477,1,4.84750158543815,882,1,6.04300022125244,34.8540000915527,0.0280349999666214,0,142.465606689453,-85.9061,22.2539,15.8994415655503,63,63,63,63,61,63,0,9004,1.9064526870154,22,-86,0.001869,51,2024-08-21 13:23:21.001428,882,1.037,0.0011,"aoml_navis",1031.45917786184
"7901009",44,0,1,0.028035,1,0.005607,1,148.377492685289,1,4.84742250109927,884,1,6.00099992752075,34.8559989929199,0.0280349999666214,0,143.081497192383,-85.9061,22.2539,15.8994415655503,63,63,63,63,61,63,0,9004,1.9064526870154,22,-86,0.001869,51,2024-08-21 13:23:21.001428,884,1.037,0.0011,"aoml_navis",1031.4760058291
"7901009",44,0,1,0.033642,1,0.011214,1,148.631461070834,1,4.847365190527,886,1,5.9850001335144,34.8569984436035,0.0336420014500618,0,143.326400756836,-85.9061,22.2539,15.8994415655503,63,63,63,63,61,63,0,9004,1.9064526870154,22,-86,0.001869,51,2024-08-21 13:23:21.001428,886,1.037,0.0011,"aoml_navis",1031.48820100687
"7901009",44,0,1,0.026166,1,0.003738,1,149.013394710827,1,4.84731781062027,888,1,5.97800016403198,34.8569984436035,0.0261659994721413,0,143.694702148438,-85.9061,22.2539,15.8994415655503,63,63,63,63,61,63,0,9004,1.9064526870154,22,-86,0.001869,51,2024-08-21 13:23:21.001428,888,1.037,0.0011,"aoml_navis",1031.49828324547
"7901009",44,0,1,0.028035,1,0.005607,1,149.398635478083,1,4.8472683529839,890,1,5.96799993515015,34.8569984436035,0.0280349999666214,0,144.066192626953,-85.9061,22.2539,15.8994415655503,63,63,63,63,61,63,0,9004,1.9064526870154,22,-86,0.001869,51,2024-08-21 13:23:21.001428,890,1.037,0.0011,"aoml_navis",1031.50880782618
"7901009",44,0,1,0.028035,1,0.005607,1,149.783274949474,1,4.84720113255247,892,1,5.94299983978271,34.859001159668,0.0280349999666214,0,144.437103271484,-85.9061,22.2539,15.8994415655503,63,63,63,63,61,63,0,9004,1.9064526870154,22,-86,0.001869,51,2024-08-21 13:23:21.001428,892,1.037,0.0011,"aoml_navis",1031.52311267246
"7901009",44,0,1,0.031773,1,0.009345,1,150.06814677782,1,4.84715030356554,894,1,5.93100023269653,34.859001159668,0.0317730009555817,0,144.711807250977,-85.9061,22.2539,15.8994415655503,63,63,63,63,61,63,0,9004,1.9064526870154,22,-86,0.001869,51,2024-08-21 13:23:21.001428,894,1.037,0.0011,"aoml_navis",1031.53392960025
"7901009",44,0,1,0.026166,1,0.003738,1,150.346261939461,1,4.84709648829632,896,1,5.92000007629395,34.8600006103516,0.0261659994721413,0,144.979995727539,-85.9061,22.2539,15.8994415655503,63,63,63,63,61,63,0,9004,1.9064526870154,22,-86,0.001869,51,2024-08-21 13:23:21.001428,896,1.037,0.0011,"aoml_navis",1031.54538228667
"7901009",44,0,1,0.031773,1,0.009345,1,150.571194064103,1,4.84704497769984,898,1,5.90700006484985,34.8600006103516,0.0317730009555817,0,145.196899414062,-85.9061,22.2539,15.8994415655503,63,63,63,63,61,63,0,9004,1.9064526870154,22,-86,0.001869,51,2024-08-21 13:23:21.001428,898,1.037,0.0011,"aoml_navis",1031.5563447428
"7901009",44,0,1,0.031773,1,0.009345,1,150.763244799016,1,4.8469925529719,900,1,5.89799976348877,34.8610000610352,0.0317730009555817,0,145.382095336914,-85.9061,22.2539,15.8994415655503,63,63,63,63,61,63,0,9004,1.9064526870154,22,-86,0.001869,51,2024-08-21 13:23:21.001428,900,1.037,0.0011,"aoml_navis",1031.56750198312
"7901009",44,0,1,0.026166,1,0.003738,1,150.880956376591,1,4.84694864844497,902,1,5.89599990844727,34.8610000610352,0.0261659994721413,0,145.49560546875,-85.9061,22.2539,15.8994415655503,63,63,63,63,61,63,0,9004,1.9064526870154,22,-86,0.001869,51,2024-08-21 13:23:21.001428,902,1.037,0.0011,"aoml_navis",1031.57684610588
"7901009",44,0,1,0.028035,1,0.005607,1,151.137504004929,1,4.84690060124786,904,1,5.88800001144409,34.8610000610352,0.0280349999666214,0,145.74299621582,-85.9061,22.2539,15.8994415655503,63,63,63,63,61,63,0,9004,1.9064526870154,22,-86,0.001869,51,2024-08-21 13:23:21.001428,904,1.037,0.0011,"aoml_navis",1031.58707209979
"7901009",44,0,1,0.033642,1,0.011214,1,151.407754849584,1,4.8468560094259,906,1,5.88500022888184,34.8610000610352,0.0336420014500618,0,146.003601074219,-85.9061,22.2539,15.8994415655503,63,63,63,63,61,63,0,9004,1.9064526870154,22,-86,0.001869,51,2024-08-21 13:23:21.001428,906,1.037,0.0011,"aoml_navis",1031.59656285978
"7901009",44,0,1,0.031773,1,0.009345,1,151.793945031366,1,4.84681072845694,908,1,5.88100004196167,34.8610000610352,0.0317730009555817,0,146.376007080078,-85.9061,22.2539,15.8994415655503,63,63,63,63,61,63,0,9004,1.9064526870154,22,-86,0.001869,51,2024-08-21 13:23:21.001428,908,1.037,0.0011,"aoml_navis",1031.60620047398
"7901009",44,0,1,0.029904,1,0.007476,1,152.350919062692,1,4.84675440528486,910,1,5.86100006103516,34.8610000610352,0.0299040004611015,0,146.913101196289,-85.9061,22.2539,15.8994415655503,63,63,63,63,61,63,0,9004,1.9064526870154,22,-86,0.001869,51,2024-08-21 13:23:21.001428,910,1.037,0.0011,"aoml_navis",1031.61818856512
"7901009",44,0,1,0.026166,1,0.003738,1,152.79807748058,1,4.8466872877914,912,1,5.83599996566772,34.8629989624023,0.0261659994721413,0,147.344299316406,-85.9061,22.2539,15.8994415655503,63,63,63,63,61,63,0,9004,1.9064526870154,22,-86,0.001869,51,2024-08-21 13:23:21.001428,912,1.037,0.0011,"aoml_navis",1031.63247453468
"7901009",44,0,1,0.029904,1,0.007476,1,153.14102183073,1,4.84663925775344,914,1,5.82800006866455,34.8629989624023,0.0299040004611015,0,147.675003051758,-85.9061,22.2539,15.8994415655503,63,63,63,63,61,63,0,9004,1.9064526870154,22,-86,0.001869,51,2024-08-21 13:23:21.001428,914,1.037,0.0011,"aoml_navis",1031.64269797906
"7901009",44,0,1,0.031773,1,0.009345,1,153.506150833624,1,4.84657997843849,916,1,5.80900001525879,34.8639984130859,0.0317730009555817,0,148.027099609375,-85.9061,22.2539,15.8994415655503,63,63,63,63,61,63,0,9004,1.9064526870154,22,-86,0.001869,51,2024-08-21 13:23:21.001428,916,1.037,0.0011,"aoml_navis",1031.65531617018
"7901009",44,0,1,0.029904,1,0.007476,1,153.771528017049,1,4.84652413446719,918,1,5.79500007629395,34.8650016784668,0.0299040004611015,0,148.283004760742,-85.9061,22.2539,15.8994415655503,63,63,63,63,61,63,0,9004,1.9064526870154,22,-86,0.001869,51,2024-08-21 13:23:21.001428,918,1.037,0.0011,"aoml_navis",1031.66720339662
"7901009",44,0,1,0.028035,1,0.005607,1,153.970525301572,1,4.8464754283197,920,1,5.78599977493286,34.8650016784668,0.0280349999666214,0,148.474899291992,-85.9061,22.2539,15.8994415655503,63,63,63,63,61,63,0,9004,1.9064526870154,22,-86,0.001869,51,2024-08-21 13:23:21.001428,920,1.037,0.0011,"aoml_navis",1031.67757145393
"7901009",44,0,1,0.029904,1,0.007476,1,154.171706239505,1,4.84642510461996,922,1,5.78000020980835,34.8660011291504,0.0299040004611015,0,148.668899536133,-85.9061,22.2539,15.8994415655503,63,63,63,63,61,63,0,9004,1.9064526870154,22,-86,0.001869,51,2024-08-21 13:23:21.001428,922,1.037,0.0011,"aoml_navis",1031.6882840578
"7901009",44,0,1,0.026166,1,0.003738,1,154.412398645269,1,4.84637434383401,924,1,5.76800012588501,34.8660011291504,0.0261659994721413,0,148.901000976562,-85.9061,22.2539,15.8994415655503,63,63,63,63,61,63,0,9004,1.9064526870154,22,-86,0.001869,51,2024-08-21 13:23:21.001428,924,1.037,0.0011,"aoml_navis",1031.69908993131
"7901009",44,0,1,0.028035,1,0.005607,1,154.635969942425,1,4.84632196492306,926,1,5.75899982452393,34.867000579834,0.0280349999666214,0,149.116592407227,-85.9061,22.2539,15.8994415655503,63,63,63,63,61,63,0,9004,1.9064526870154,22,-86,0.001869,51,2024-08-21 13:23:21.001428,926,1.037,0.0011,"aoml_navis",1031.71024050594
"7901009",44,0,1,0.028035,1,0.005607,1,154.876883878246,1,4.84627601651661,928,1,5.75400018692017,34.867000579834,0.0280349999666214,0,149.348907470703,-85.9061,22.2539,15.8994415655503,63,63,63,63,61,63,0,9004,1.9064526870154,22,-86,0.001869,51,2024-08-21 13:23:21.001428,928,1.037,0.0011,"aoml_navis",1031.72002233457
"7901009",44,0,1,0.033642,1,0.011214,1,155.19699480906,1,4.84623075588272,930,1,5.75,34.867000579834,0.0336420014500618,0,149.657592773438,-85.9061,22.2539,15.8994415655503,63,63,63,63,61,63,0,9004,1.9064526870154,22,-86,0.001869,51,2024-08-21 13:23:21.001428,930,1.037,0.0011,"aoml_navis",1031.72965792655
"7901009",44,0,1,0.029904,1,0.007476,1,155.749316709211,1,4.84617932203553,932,1,5.73699998855591,34.867000579834,0.0299040004611015,0,150.190200805664,-85.9061,22.2539,15.8994415655503,63,63,63,63,61,63,0,9004,1.9064526870154,22,-86,0.001869,51,2024-08-21 13:23:21.001428,932,1.037,0.0011,"aoml_navis",1031.74060795998
"7901009",44,0,1,0.029904,1,0.007476,1,156.118591488866,1,4.84611367849459,934,1,5.71400022506714,34.8689994812012,0.0299040004611015,0,150.546295166016,-85.9061,22.2539,15.8994415655503,63,63,63,63,61,63,0,9004,1.9064526870154,22,-86,0.001869,51,2024-08-21 13:23:21.001428,934,1.037,0.0011,"aoml_navis",1031.75458351056
"7901009",44,0,1,0.031773,1,0.009345,1,156.447437033313,1,4.84606636858065,936,1,5.70699977874756,34.8689994812012,0.0317730009555817,0,150.863403320312,-85.9061,22.2539,15.8994415655503,63,63,63,63,61,63,0,9004,1.9064526870154,22,-86,0.001869,51,2024-08-21 13:23:21.001428,936,1.037,0.0011,"aoml_navis",1031.76465605535
"7901009",44,0,1,0.028035,1,0.005607,1,156.863786949852,1,4.84600853540267,938,1,5.69000005722046,34.8699989318848,0.0280349999666214,0,151.264892578125,-85.9061,22.2539,15.8994415655503,63,63,63,63,61,63,0,9004,1.9064526870154,22,-86,0.001869,51,2024-08-21 13:23:21.001428,938,1.037,0.0011,"aoml_navis",1031.77696932895
"7901009",44,0,1,0.031773,1,0.009345,1,157.240229809173,1,4.84595781229607,940,1,5.67799997329712,34.8699989318848,0.0317730009555817,0,151.627899169922,-85.9061,22.2539,15.8994415655503,63,63,63,63,61,63,0,9004,1.9064526870154,22,-86,0.001869,51,2024-08-21 13:23:21.001428,940,1.037,0.0011,"aoml_navis",1031.78776903775
"7901009",44,0,1,0.026166,1,0.003738,1,157.654411895879,1,4.84589931294066,942,1,5.65999984741211,34.8709983825684,0.0261659994721413,0,152.027297973633,-85.9061,22.2539,15.8994415655503,63,63,63,63,61,63,0,9004,1.9064526870154,22,-86,0.001869,51,2024-08-21 13:23:21.001428,942,1.037,0.0011,"aoml_navis",1031.80022470707
"7901009",44,0,1,0.031773,1,0.009345,1,157.901734379746,1,4.84584285862517,944,1,5.64499998092651,34.8720016479492,0.0317730009555817,0,152.26579284668,-85.9061,22.2539,15.8994415655503,63,63,63,63,61,63,0,9004,1.9064526870154,22,-86,0.001869,51,2024-08-21 13:23:21.001428,944,1.037,0.0011,"aoml_navis",1031.81224523211
"7901009",44,0,1,0.026166,1,0.003738,1,158.153218463949,1,4.84579829563549,946,1,5.64200019836426,34.8720016479492,0.0261659994721413,0,152.50830078125,-85.9061,22.2539,15.8994415655503,63,63,63,63,61,63,0,9004,1.9064526870154,22,-86,0.001869,51,2024-08-21 13:23:21.001428,946,1.037,0.0011,"aoml_navis",1031.82173399652
"7901009",44,0,1,0.029904,1,0.007476,1,158.465259371297,1,4.84575100418204,948,1,5.63500022888184,34.8720016479492,0.0299040004611015,0,152.809204101562,-85.9061,22.2539,15.8994415655503,63,63,63,63,61,63,0,9004,1.9064526870154,22,-86,0.001869,51,2024-08-21 13:23:21.001428,948,1.037,0.0011,"aoml_navis",1031.83180392159
"7901009",44,0,1,0.028035,1,0.005607,1,158.889505251972,1,4.84569457625969,950,1,5.61999988555908,34.8730010986328,0.0280349999666214,0,153.218307495117,-85.9061,22.2539,15.8994415655503,63,63,63,63,61,63,0,9004,1.9064526870154,22,-86,0.001869,51,2024-08-21 13:23:21.001428,950,1.037,0.0011,"aoml_navis",1031.84381956228
"7901009",44,0,1,0.029904,1,0.007476,1,159.336552904832,1,4.84564388236814,952,1,5.60799980163574,34.8730010986328,0.0299040004611015,0,153.649398803711,-85.9061,22.2539,15.8994415655503,63,63,63,63,61,63,0,9004,1.9064526870154,22,-86,0.001869,51,2024-08-21 13:23:21.001428,952,1.037,0.0011,"aoml_navis",1031.85461444939
"7901009",44,0,1,0.031773,1,0.009345,1,159.681459378335,1,4.84558951205301,954,1,5.59600019454956,34.8740005493164,0.0317730009555817,0,153.981994628906,-85.9061,22.2539,15.8994415655503,63,63,63,63,61,63,0,9004,1.9064526870154,22,-86,0.001869,51,2024-08-21 13:23:21.001428,954,1.037,0.0011,"aoml_navis",1031.86619245458
"7901009",44,0,1,0.026166,1,0.003738,1,160.142099482483,1,4.84553174341995,956,1,5.5789999961853,34.875,0.0261659994721413,0,154.426193237305,-85.9061,22.2539,15.8994415655503,63,63,63,63,61,63,0,9004,1.9064526870154,22,-86,0.001869,51,2024-08-21 13:23:21.001428,956,1.037,0.0011,"aoml_navis",1031.87849440669
"7901009",44,0,1,0.028035,1,0.005607,1,160.434329273402,1,4.8454719458749,958,1,5.55900001525879,34.8759994506836,0.0280349999666214,0,154.707992553711,-85.9061,22.2539,15.8994415655503,63,63,63,63,61,63,0,9004,1.9064526870154,22,-86,0.001869,51,2024-08-21 13:23:21.001428,958,1.037,0.0011,"aoml_navis",1031.89122872884
"7901009",44,0,1,0.028035,1,0.005607,1,160.564272474778,1,4.84542167196468,960,1,5.55299997329712,34.8769989013672,0.0280349999666214,0,154.833297729492,-85.9061,22.2539,15.8994415655503,63,63,63,63,61,63,0,9004,1.9064526870154,22,-86,0.001869,51,2024-08-21 13:23:21.001428,960,1.037,0.0011,"aoml_navis",1031.9019351669
"7901009",44,0,1,0.026166,1,0.003738,1,160.709659485768,1,4.84537372311479,962,1,5.54500007629395,34.8769989013672,0.0261659994721413,0,154.973495483398,-85.9061,22.2539,15.8994415655503,63,63,63,63,61,63,0,9004,1.9064526870154,22,-86,0.001869,51,2024-08-21 13:23:21.001428,962,1.037,0.0011,"aoml_navis",1031.9121466622
"7901009",44,0,1,0.026166,1,0.003738,1,160.857230150166,1,4.84532781444161,964,1,5.53999996185303,34.8769989013672,0.0261659994721413,0,155.115798950195,-85.9061,22.2539,15.8994415655503,63,63,63,63,61,63,0,9004,1.9064526870154,22,-86,0.001869,51,2024-08-21 13:23:21.001428,964,1.037,0.0011,"aoml_navis",1031.92192385774
"7901009",44,0,1,0.028035,1,0.005607,1,160.976286731651,1,4.84528462519941,966,1,5.53900003433228,34.8769989013672,0.0280349999666214,0,155.230606079102,-85.9061,22.2539,15.8994415655503,63,63,63,63,61,63,0,9004,1.9064526870154,22,-86,0.001869,51,2024-08-21 13:23:21.001428,966,1.037,0.0011,"aoml_navis",1031.9311220637
"7901009",44,0,1,0.028035,1,0.005607,1,161.216868372387,1,4.84523639736875,968,1,5.53599977493286,34.8779983520508,0.0280349999666214,0,155.462600708008,-85.9061,22.2539,15.8994415655503,63,63,63,63,61,63,0,9004,1.9064526870154,22,-86,0.001869,51,2024-08-21 13:23:21.001428,968,1.037,0.0011,"aoml_navis",1031.94139355415
"7901009",44,0,1,0.029904,1,0.007476,1,161.521329787108,1,4.84519049422704,970,1,5.5310001373291,34.8779983520508,0.0299040004611015,0,155.756195068359,-85.9061,22.2539,15.8994415655503,63,63,63,63,61,63,0,9004,1.9064526870154,22,-86,0.001869,51,2024-08-21 13:23:21.001428,970,1.037,0.0011,"aoml_navis",1031.9511701258
"7901009",44,0,1,0.029904,1,0.007476,1,162.025326487916,1,4.84514051688032,972,1,5.51999998092651,34.8779983520508,0.0299040004611015,0,156.242202758789,-85.9061,22.2539,15.8994415655503,63,63,63,63,61,63,0,9004,1.9064526870154,22,-86,0.001869,51,2024-08-21 13:23:21.001428,972,1.037,0.0011,"aoml_navis",1031.96181464297
"7901009",44,0,1,0.028035,1,0.005607,1,162.535019675877,1,4.84506156046132,974,1,5.48799991607666,34.8819999694824,0.0280349999666214,0,156.733703613281,-85.9061,22.2539,15.8994415655503,63,63,63,63,61,63,0,9004,1.9064526870154,22,-86,0.001869,51,2024-08-21 13:23:21.001428,974,1.037,0.0011,"aoml_navis",1031.9786317687
"7901009",44,0,1,0.029904,1,0.007476,1,162.91788690682,1,4.84500520843822,976,1,5.47300004959106,34.882999420166,0.0299040004611015,0,157.102905273438,-85.9061,22.2539,15.8994415655503,63,63,63,63,61,63,0,9004,1.9064526870154,22,-86,0.001869,51,2024-08-21 13:23:21.001428,976,1.037,0.0011,"aoml_navis",1031.99063466265
"7901009",44,99999,9,99999,9,99999,9,163.197362895947,1,4.8449508943504,978,1,5.46099996566772,34.8839988708496,99999,99999,157.372406005859,-85.9061,22.2539,15.8994415655503,63,63,63,63,61,63,0,9004,1.9064526870154,22,-86,0.001869,51,2024-08-21 13:23:21.001428,978,1.037,0.0011,"aoml_navis",1032.00220374378
"7901009",44,0,1,0.033642,1,0.011214,1,166.275428081596,1,4.84441999163723,999.799987792969,1,5.38819980621338,34.8889999389648,0.0336420014500618,0,160.340606689453,-85.9061,22.2539,15.8994415655503,63,63,63,63,61,63,0,9004,1.9064526870154,22,-86,0.001869,51,2024-08-21 13:23:21.001428,999.799987792969,1.037,0.0011,"aoml_navis",1032.11530144606
"7901009",44,0,1,0.03738,1,0.014952,1,172.029607989991,1,4.84319819846432,1049.40002441406,1,5.20389986038208,34.9010009765625,0.0373799987137318,0,165.889404296875,-85.9061,22.2539,15.8994415655503,63,63,63,63,61,63,0,9004,1.9064526870154,22,-86,0.001869,51,2024-08-21 13:23:21.001428,1049.40002441406,1.037,0.0011,"aoml_navis",1032.37567308011
"7901009",44,0,1,0.029904,1,0.007476,1,182.583299854339,1,4.84192494498856,1098.80004882812,1,4.9225001335144,34.9109992980957,0.0299040004611015,0,176.06640625,-85.9061,22.2539,15.8994415655503,63,63,63,63,61,63,0,9004,1.9064526870154,22,-86,0.001869,51,2024-08-21 13:23:21.001428,1098.80004882812,1.037,0.0011,"aoml_navis",1032.64715104166
"7901009",44,0,1,0.029904,1,0.007476,1,190.191243270728,1,4.84069123548067,1149.80004882812,1,4.74340009689331,34.9199981689453,0.0299040004611015,0,183.402801513672,-85.9061,22.2539,15.8994415655503,63,63,63,63,61,63,0,9004,1.9064526870154,22,-86,0.001869,51,2024-08-21 13:23:21.001428,1149.80004882812,1.037,0.0011,"aoml_navis",1032.91033382829
"7901009",44,0,4,0.020559,1,-0.001869,1,192.855427017604,1,4.83957610787066,1199.30004882812,1,4.66620016098022,34.923999786377,0.020558999851346,0,185.971893310547,-85.9061,22.2539,15.8994415655503,63,63,63,63,61,63,0,9004,1.9064526870154,22,-86,0.001869,51,2024-08-21 13:23:21.001428,1199.30004882812,1.037,0.0011,"aoml_navis",1033.1483354231
"7901009",44,0,1,0.029904,1,0.007476,1,194.334013552311,1,4.83848353135283,1249.30004882812,1,4.61520004272461,34.923999786377,0.0299040004611015,0,187.397705078125,-85.9061,22.2539,15.8994415655503,63,63,63,63,61,63,0,9004,1.9064526870154,22,-86,0.001869,51,2024-08-21 13:23:21.001428,1249.30004882812,1.037,0.0011,"aoml_navis",1033.38163033946
"7901009",44,0,1,0.028035,1,0.005607,1,197.562434351633,1,4.83727895665371,1300.19995117188,1,4.44969987869263,34.9290008544922,0.0280349999666214,0,190.510894775391,-85.9061,22.2539,15.8994415655503,63,63,63,63,61,63,0,9004,1.9064526870154,22,-86,0.001869,51,2024-08-21 13:23:21.001428,1300.19995117188,1.037,0.0011,"aoml_navis",1033.63896207029
"7901009",44,0,1,0.031773,1,0.009345,1,198.101068859043,1,4.83621135079436,1349.69995117188,1,4.42829990386963,34.9309997558594,0.0317730009555817,0,191.030303955078,-85.9061,22.2539,15.8994415655503,63,63,63,63,61,63,0,9004,1.9064526870154,22,-86,0.001869,51,2024-08-21 13:23:21.001428,1349.69995117188,1.037,0.0011,"aoml_navis",1033.86714047944
"7901009",44,0,1,0.029904,1,0.007476,1,198.629323100976,1,4.83515200760524,1399.59997558594,1,4.41340017318726,34.9300003051758,0.0299040004611015,0,191.539703369141,-85.9061,22.2539,15.8994415655503,63,63,63,63,61,63,0,9004,1.9064526870154,22,-86,0.001869,51,2024-08-21 13:23:21.001428,1399.59997558594,1.037,0.0011,"aoml_navis",1034.09365251299
"7901009",44,0,1,0.028035,1,0.005607,1,198.943326131676,1,4.83410430653554,1448.90002441406,1,4.40579986572266,34.9309997558594,0.0280349999666214,0,191.842498779297,-85.9061,22.2539,15.8994415655503,63,63,63,63,61,63,0,9004,1.9064526870154,22,-86,0.001869,51,2024-08-21 13:23:21.001428,1448.90002441406,1.037,0.0011,"aoml_navis",1034.3177728375
"7901009",44,0,1,0.031773,1,0.009345,1,197.596771510301,1,4.83304761055864,1499.09997558594,1,4.40530014038086,34.9309997558594,0.0317730009555817,0,190.544006347656,-85.9061,22.2539,15.8994415655503,63,63,63,63,61,63,0,9004,1.9064526870154,22,-86,0.001869,51,2024-08-21 13:23:21.001428,1499.09997558594,1.037,0.0011,"aoml_navis",1034.54391574306
"7901009",45,0.0180008739820243,5,0.026166,1,0.003738,1,189.39238500931,1,4.89006592991997,2.29999995231628,1,30.4820003509521,36.2150001525879,0.0261659994721413,0.037285041064024,182.632400512695,-86.1796,22.9944,21.8603543248898,63,63,63,63,61,63,0.031773,8763,1.76508096394256,23,-86,0.001869,51,2024-08-31 18:26:31.001969,2.29999995231628,1.037,0.0011,"aoml_navis",1022.48110182061
"7901009",45,0.0180008739820243,5,0.033642,1,0.011214,1,189.510397271106,1,4.88994603057592,4,1,30.4370002746582,36.2179985046387,0.0336420014500618,0.037285041064024,182.746200561523,-86.1796,22.9944,21.8603543248898,63,63,63,63,61,63,0.031773,8763,1.76508096394256,23,-86,0.001869,51,2024-08-31 18:26:31.001969,4,1.037,0.0011,"aoml_navis",1022.5061726113
"7901009",45,0.0180008739820243,5,0.029904,1,0.007476,1,189.524195433118,1,4.88986031659698,6,1,30.4120006561279,36.2190017700195,0.0299040004611015,0.037285041064024,182.759506225586,-86.1796,22.9944,21.8603543248898,63,63,63,63,61,63,0.031773,8763,1.76508096394256,23,-86,0.001869,51,2024-08-31 18:26:31.001969,6,1.037,0.0011,"aoml_navis",1022.524096042
"7901009",45,0.0180008739820243,5,0.033642,1,0.011214,1,189.523467548425,1,4.88980081882745,8,1,30.4050006866455,36.2210006713867,0.0336420014500618,0.037285041064024,182.758804321289,-86.1796,22.9944,21.8603543248898,63,63,63,63,61,63,0.031773,8763,1.76508096394256,23,-86,0.001869,51,2024-08-31 18:26:31.001969,8,1.037,0.0011,"aoml_navis",1022.53653783775
"7901009",45,0.0180008739820243,5,0.035511,1,0.013083,1,189.549180866395,1,4.88974380522879,10,1,30.3929996490479,36.2200012207031,0.0355109982192516,0.037285041064024,182.783599853516,-86.1796,22.9944,21.8603543248898,63,63,63,63,61,63,0.031773,8763,1.76508096394256,23,-86,0.001869,51,2024-08-31 18:26:31.001969,10,1.037,0.0011,"aoml_navis",1022.54846044353
"7901009",45,0.0180008739820243,5,0.039249,1,0.016821,1,189.616272846821,1,4.88968652229118,12,1,30.382999420166,36.2200012207031,0.0392489992082119,0.037285041064024,182.848297119141,-86.1796,22.9944,21.8603543248898,63,63,63,63,61,63,0.031773,8763,1.76508096394256,23,-86,0.001869,51,2024-08-31 18:26:31.001969,12,1.037,0.0011,"aoml_navis",1022.56043965312
"7901009",45,0.0180008739820243,5,0.050463,1,0.028035,1,189.682858472677,1,4.88962843856284,14,1,30.3659992218018,36.2169990539551,0.0504629984498024,0.037285041064024,182.912506103516,-86.1796,22.9944,21.8603543248898,63,63,63,63,61,63,0.031773,8763,1.76508096394256,23,-86,0.001869,51,2024-08-31 18:26:31.001969,14,1.037,0.0011,"aoml_navis",1022.57258661347
"7901009",45,0.0180008739820243,5,0.044856,1,0.022428,1,189.865256882669,1,4.88953515521195,16,1,30.3190002441406,36.2099990844727,0.0448560006916523,0.037285041064024,183.088394165039,-86.1796,22.9944,21.8603543248898,63,63,63,63,61,63,0.031773,8763,1.76508096394256,23,-86,0.001869,51,2024-08-31 18:26:31.001969,16,1.037,0.0011,"aoml_navis",1022.59209542042
"7901009",45,0.0180008739820243,5,0.046725,1,0.024297,1,189.910274968592,1,4.88947737746042,18,1,30.2999992370605,36.2060012817383,0.0467250011861324,0.0336420014500618,183.131805419922,-86.1796,22.9944,21.8603543248898,63,63,63,63,61,63,0.031773,8763,1.76508096394256,23,-86,0.001869,51,2024-08-31 18:26:31.001969,18,1.037,0.0011,"aoml_navis",1022.60417913969
"7901009",45,0.0180008739820243,5,0.054201,1,0.031773,1,189.944596314239,1,4.889422064258,20,1,30.2889995574951,36.2050018310547,0.0542009994387627,0.041117999702692,183.164901733398,-86.1796,22.9944,21.8603543248898,63,63,63,63,61,63,0.031773,8763,1.76508096394256,23,-86,0.001869,51,2024-08-31 18:26:31.001969,20,1.037,0.0011,"aoml_navis",1022.6157476873
"7901009",45,0.0211774988023816,1,0.059808,1,0.03738,1,190.093606969821,1,4.88937085687966,22,1,30.2870006561279,36.2070007324219,0.0598080009222031,0.0467250011861324,183.30859375,-86.1796,22.9944,21.8603543248898,63,63,63,63,61,63,0.03738,8763,1.76508096394256,23,-86,0.001869,51,2024-08-31 18:26:31.001969,22,1.037,0.0011,"aoml_navis",1022.62645775063
"7901009",45,0.0232952486826197,1,0.063546,1,0.041118,1,190.284217817983,1,4.8893039364862,24,1,30.2819995880127,36.2120018005371,0.0635460019111633,0.0504629984498024,183.492401123047,-86.1796,22.9944,21.8603543248898,63,63,63,63,61,63,0.041118,8763,1.76508096394256,23,-86,0.001869,51,2024-08-31 18:26:31.001969,24,1.037,0.0011,"aoml_navis",1022.64045454154
"7901009",45,0.0211774988023816,1,0.059808,1,0.03738,1,190.398907127919,1,4.88921609358246,26,1,30.2730007171631,36.2210006713867,0.0598080009222031,0.0467250011861324,183.602996826172,-86.1796,22.9944,21.8603543248898,63,63,63,63,61,63,0.03738,8763,1.76508096394256,23,-86,0.001869,51,2024-08-31 18:26:31.001969,26,1.037,0.0011,"aoml_navis",1022.65882797918
"7901009",45,0.0222363737425006,1,0.061677,1,0.039249,1,190.396834238901,1,4.88914065033266,28,1,30.2649993896484,36.2270011901855,0.0616770014166832,0.0485940016806126,183.600997924805,-86.1796,22.9944,21.8603543248898,63,63,63,63,61,63,0.039249,8763,1.76508096394256,23,-86,0.001869,51,2024-08-31 18:26:31.001969,28,1.037,0.0011,"aoml_navis",1022.67460840174
"7901009",45,0.0211774988023816,1,0.059808,1,0.03738,1,190.355977754594,1,4.88909303838885,30,1,30.2630004882812,36.2280006408691,0.0598080009222031,0.0467250011861324,183.561599731445,-86.1796,22.9944,21.8603543248898,63,63,63,63,61,63,0.03738,8763,1.76508096394256,23,-86,0.001869,51,2024-08-31 18:26:31.001969,30,1.037,0.0011,"aoml_navis",1022.68456761619
"7901009",45,0.0222363737425006,1,0.061677,1,0.039249,1,190.331403734405,1,4.88904707423636,32,1,30.261999130249,36.2290000915527,0.0616770014166832,0.0485940016806126,183.537902832031,-86.1796,22.9944,21.8603543248898,63,63,63,63,61,63,0.039249,8763,1.76508096394256,23,-86,0.001869,51,2024-08-31 18:26:31.001969,32,1.037,0.0011,"aoml_navis",1022.69418233838
"7901009",45,0.026471873502977,1,0.069153,1,0.046725,1,190.302161758031,1,4.88900469813865,34,1,30.2609996795654,36.2290000915527,0.0691530033946037,0.0560699999332428,183.509704589844,-86.1796,22.9944,21.8603543248898,63,63,63,63,61,63,0.046725,8763,1.76508096394256,23,-86,0.001869,51,2024-08-31 18:26:31.001969,34,1.037,0.0011,"aoml_navis",1022.70304667607
"7901009",45,0.027530748443096,1,0.071022,1,0.048594,1,190.15978118259,1,4.88895515971084,36,1,30.2600002288818,36.2309989929199,0.0710219964385033,0.0579390004277229,183.372406005859,-86.1796,22.9944,21.8603543248898,63,63,63,63,61,63,0.048594,8763,1.76508096394256,23,-86,0.001869,51,2024-08-31 18:26:31.001969,36,1.037,0.0011,"aoml_navis",1022.71340944263
"7901009",45,0.0317662482035724,1,0.078498,1,0.05607,1,190.163199075932,1,4.8888706247928,38,1,30.2530002593994,36.2400016784668,0.0784979984164238,0.0654150024056435,183.375701904297,-86.1796,22.9944,21.8603543248898,63,63,63,63,61,63,0.05607,8763,1.76508096394256,23,-86,0.001869,51,2024-08-31 18:26:31.001969,38,1.037,0.0011,"aoml_navis",1022.73109348479
"7901009",45,0.0360017479640487,1,0.085974,1,0.063546,1,191.144735761264,1,4.8887091272215,39.9000015258789,1,30.1849994659424,36.2430000305176,0.0859740003943443,0.0728909969329834,184.322204589844,-86.1796,22.9944,21.8603543248898,63,63,63,63,61,63,0.063546,8763,1.76508096394256,23,-86,0.001869,51,2024-08-31 18:26:31.001969,39.9000015258789,1.037,0.0011,"aoml_navis",1022.76487921092
"7901009",45,0.041296122664644,1,0.095319,1,0.072891,1,192.854552729401,1,4.88849612948531,41.9000015258789,1,30.0650005340576,36.2360000610352,0.095319002866745,0.0822359994053841,185.970993041992,-86.1796,22.9944,21.8603543248898,63,63,63,63,61,63,0.072891,8763,1.76508096394256,23,-86,0.001869,51,2024-08-31 18:26:31.001969,41.9000015258789,1.037,0.0011,"aoml_navis",1022.80944232361
"7901009",45,0.0561203718263111,1,0.121485,1,0.099057,1,194.11670478758,1,4.88810548464573,44,1,29.8330001831055,36.2270011901855,0.121485002338886,0.108401998877525,187.188095092773,-86.1796,22.9944,21.8603543248898,63,63,63,63,61,63,0.099057,8763,1.76508096394256,23,-86,0.001869,51,2024-08-31 18:26:31.001969,44,1.037,0.0011,"aoml_navis",1022.89118262806
"7901009",45,0.0603558715867875,1,0.128961,1,0.106533,1,194.478621715952,1,4.8878662891869,46,1,29.7399997711182,36.2400016784668,0.128960996866226,0.115878000855446,187.537094116211,-86.1796,22.9944,21.8603543248898,63,63,63,63,61,63,0.106533,8763,1.76508096394256,23,-86,0.001869,51,2024-08-31 18:26:31.001969,46,1.037,0.0011,"aoml_navis",1022.94123942407
"7901009",45,0.0730623708682164,1,0.151389,1,0.128961,1,194.94923081733,1,4.88779098174293,48,1,29.6989994049072,36.2309989929199,0.151389002799988,0.138306006789207,187.990905761719,-86.1796,22.9944,21.8603543248898,63,63,63,63,61,63,0.128961,8763,1.76508096394256,23,-86,0.001869,51,2024-08-31 18:26:31.001969,48,1.037,0.0011,"aoml_navis",1022.957000141
"7901009",45,0.0794156205089309,1,0.162603,1,0.140175,1,194.949531465355,1,4.88762942965921,50,1,29.6159992218018,36.2270011901855,0.162603005766869,0.149519994854927,187.991195678711,-86.1796,22.9944,21.8603543248898,63,63,63,63,61,63,0.140175,8763,1.76508096394256,23,-86,0.001869,51,2024-08-31 18:26:31.001969,50,1.037,0.0011,"aoml_navis",1022.99081220415
"7901009",45,0.0847099952095263,1,0.171948,1,0.14952,1,195.238865630941,1,4.88726509480083,52,1,29.4409999847412,36.2379989624023,0.171948000788689,0.158865004777908,188.270202636719,-86.1796,22.9944,21.8603543248898,63,63,63,63,61,63,0.14952,8763,1.76508096394256,23,-86,0.001869,51,2024-08-31 18:26:31.001969,52,1.037,0.0011,"aoml_navis",1023.06707391811
"7901009",45,0.0921221197903598,1,0.185031,1,0.162603,1,195.298599646532,1,4.88709213185084,54,1,29.3659992218018,36.2410011291504,0.185030996799469,0.171948000788689,188.32780456543,-86.1796,22.9944,21.8603543248898,63,63,63,63,61,63,0.162603,8763,1.76508096394256,23,-86,0.001869,51,2024-08-31 18:26:31.001969,54,1.037,0.0011,"aoml_navis",1023.10328209556
"7901009",45,0.095298744610717,1,0.190638,1,0.16821,1,195.233359025,1,4.88702839512943,56,1,29.3540000915527,36.242000579834,0.19063800573349,0.177554994821548,188.264892578125,-86.1796,22.9944,21.8603543248898,63,63,63,63,61,63,0.16821,8763,1.76508096394256,23,-86,0.001869,51,2024-08-31 18:26:31.001969,56,1.037,0.0011,"aoml_navis",1023.11662542889
"7901009",45,0.10376974413167,1,0.20559,1,0.183162,1,194.980957095809,1,4.88693717471434,58,1,29.3250007629395,36.2430000305176,0.20558999478817,0.19250699877739,188.021499633789,-86.1796,22.9944,21.8603543248898,63,63,63,63,61,63,0.183162,8763,1.76508096394256,23,-86,0.001869,51,2024-08-31 18:26:31.001969,58,1.037,0.0011,"aoml_navis",1023.13572310089
"7901009",45,0.104828619071789,1,0.207459,1,0.185031,1,194.775424611434,1,4.88678712742417,60,1,29.2639999389648,36.2459983825684,0.207459002733231,0.19437600672245,187.823303222656,-86.1796,22.9944,21.8603543248898,63,63,63,63,61,63,0.185031,8763,1.76508096394256,23,-86,0.001869,51,2024-08-31 18:26:31.001969,60,1.037,0.0011,"aoml_navis",1023.16713816742
"7901009",45,0.110122993772384,1,0.216804,1,0.194376,1,194.557438969372,1,4.88661157257712,62,1,29.1959991455078,36.2529983520508,0.216803997755051,0.20372100174427,187.613098144531,-86.1796,22.9944,21.8603543248898,63,63,63,63,61,63,0.194376,8763,1.76508096394256,23,-86,0.001869,51,2024-08-31 18:26:31.001969,62,1.037,0.0011,"aoml_navis",1023.20389614333
"7901009",45,0.118593993293337,1,0.231756,1,0.209328,1,194.332617540624,1,4.88644137363071,64,1,29.128999710083,36.2589988708496,0.231756001710892,0.218673005700111,187.396301269531,-86.1796,22.9944,21.8603543248898,63,63,63,63,61,63,0.209328,8763,1.76508096394256,23,-86,0.001869,51,2024-08-31 18:26:31.001969,64,1.037,0.0011,"aoml_navis",1023.23953521311
"7901009",45,0.122829493053813,1,0.239232,1,0.216804,1,193.996936108372,1,4.8863026155911,66,1,29.0769996643066,36.2630004882812,0.239232003688812,0.226148992776871,187.072601318359,-86.1796,22.9944,21.8603543248898,63,63,63,63,61,63,0.216804,8763,1.76508096394256,23,-86,0.001869,51,2024-08-31 18:26:31.001969,66,1.037,0.0011,"aoml_navis",1023.26859250307
"7901009",45,0.132359367514885,1,0.256053,1,0.233625,1,193.570000088592,1,4.88612466195906,68,1,29.0049991607666,36.2690010070801,0.256053000688553,0.242970004677773,186.660903930664,-86.1796,22.9944,21.8603543248898,63,63,63,63,61,63,0.233625,8763,1.76508096394256,23,-86,0.001869,51,2024-08-31 18:26:31.001969,68,1.037,0.0011,"aoml_navis",1023.30586014874
"7901009",45,0.134477117395123,1,0.259791,1,0.237363,1,193.264494223951,1,4.88594849313527,70,1,28.9340000152588,36.2750015258789,0.259790986776352,0.246708005666733,186.366302490234,-86.1796,22.9944,21.8603543248898,63,63,63,63,61,63,0.237363,8763,1.76508096394256,23,-86,0.001869,51,2024-08-31 18:26:31.001969,70,1.037,0.0011,"aoml_navis",1023.34275668787
"7901009",45,0.141889241975956,1,0.272874,1,0.250446,1,192.966979267355,1,4.88582008945314,72,1,28.8859996795654,36.2779998779297,0.272873997688293,0.259790986776352,186.079406738281,-86.1796,22.9944,21.8603543248898,63,63,63,63,61,63,0.250446,8763,1.76508096394256,23,-86,0.001869,51,2024-08-31 18:26:31.001969,72,1.037,0.0011,"aoml_navis",1023.36965104248
"7901009",45,0.146124741736433,1,0.28035,1,0.257922,1,192.909112434238,1,4.88552959595283,74,1,28.75,36.2869987487793,0.280349999666214,0.267266988754272,186.02360534668,-86.1796,22.9944,21.8603543248898,63,63,63,63,61,63,0.257922,8763,1.76508096394256,23,-86,0.001869,51,2024-08-31 18:26:31.001969,74,1.037,0.0011,"aoml_navis",1023.43050058319
"7901009",45,0.164125615718457,1,0.312123,1,0.289695,1,193.626616858866,1,4.88518596762863,76.0999984741211,1,28.5860004425049,36.2980003356934,0.312123000621796,0.299039989709854,186.71549987793,-86.1796,22.9944,21.8603543248898,63,63,63,63,61,63,0.289695,8763,1.76508096394256,23,-86,0.001869,51,2024-08-31 18:26:31.001969,76.0999984741211,1.037,0.0011,"aoml_navis",1023.5024895945
"7901009",45,0.175773240059767,1,0.332682,1,0.310254,1,193.5660600171,1,4.88509669918034,78.0999984741211,1,28.5599994659424,36.2999992370605,0.332682013511658,0.319599002599716,186.657104492188,-86.1796,22.9944,21.8603543248898,63,63,63,63,61,63,0.310254,8763,1.76508096394256,23,-86,0.001869,51,2024-08-31 18:26:31.001969,78.0999984741211,1.037,0.0011,"aoml_navis",1023.52119270002
"7901009",45,0.192715239101672,1,0.362586,1,0.340158,1,191.525213749315,1,4.88485262973202,79.9000015258789,1,28.4519996643066,36.310001373291,0.362585991621017,0.349503010511398,184.689102172852,-86.1796,22.9944,21.8603543248898,63,63,63,63,61,63,0.340158,8763,1.76508096394256,23,-86,0.001869,51,2024-08-31 18:26:31.001969,79.9000015258789,1.037,0.0011,"aoml_navis",1023.57233247266
"7901009",45,0.210716113083697,1,0.394359,1,0.371931,1,189.310149862548,1,4.88418742127548,82,1,28.1240005493164,36.3390007019043,0.394358992576599,0.38127601146698,182.553100585938,-86.1796,22.9944,21.8603543248898,63,63,63,63,61,63,0.371931,8763,1.76508096394256,23,-86,0.001869,51,2024-08-31 18:26:31.001969,82,1.037,0.0011,"aoml_navis",1023.7117392793
"7901009",45,0.290131733592627,1,0.534534,1,0.512106,1,186.059005409192,1,4.88368014859758,83.9000015258789,1,27.8689994812012,36.3580017089844,0.534533977508545,0.521450996398926,179.417999267578,-86.1796,22.9944,21.8603543248898,63,63,63,63,61,63,0.512106,8763,1.76508096394256,23,-86,0.001869,51,2024-08-31 18:26:31.001969,83.9000015258789,1.037,0.0011,"aoml_navis",1023.8180732282
"7901009",45,0.461669473891918,1,0.837312,1,0.814884,1,183.051876387474,1,4.8830276328733,86,1,27.5909996032715,36.4070014953613,0.837311983108521,0.824229001998901,176.518203735352,-86.1796,22.9944,21.8603543248898,63,63,63,63,61,63,0.814884,8763,1.76508096394256,23,-86,0.001869,51,2024-08-31 18:26:31.001969,86,1.037,0.0011,"aoml_navis",1023.95488535417
"7901009",45,0.469081598472752,1,0.850395,1,0.827967,1,181.704482702278,1,4.88272040061393,88,1,27.4680004119873,36.4280014038086,0.850395023822784,0.837311983108521,175.218902587891,-86.1796,22.9944,21.8603543248898,63,63,63,63,61,63,0.827967,8763,1.76508096394256,23,-86,0.001869,51,2024-08-31 18:26:31.001969,88,1.037,0.0011,"aoml_navis",1024.01931500549
"7901009",45,0.442609724969775,1,0.80367,1,0.781242,1,181.126447314318,1,4.88239364878367,90,1,27.3390007019043,36.4519996643066,0.803669989109039,0.79058700799942,174.661499023438,-86.1796,22.9944,21.8603543248898,63,63,63,63,61,63,0.781242,8763,1.76508096394256,23,-86,0.001869,51,2024-08-31 18:26:31.001969,90,1.037,0.0011,"aoml_navis",1024.08784700218
"7901009",45,0.437315350269179,4,0.794325,1,0.771897,1,180.466176779595,1,4.88222576615437,92,1,27.2800006866455,36.4620018005371,0.794324994087219,0.7812420129776,174.024795532227,-86.1796,22.9944,21.8603543248898,63,63,63,63,61,63,0.771897,8763,1.76508096394256,23,-86,0.001869,51,2024-08-31 18:26:31.001969,92,1.037,0.0011,"aoml_navis",1024.12306179327
"7901009",45,0.442609724969775,1,0.80367,1,0.781242,1,179.983763287322,1,4.88200301111135,94,1,27.1830005645752,36.4710006713867,0.803669989109039,0.79058700799942,173.559600830078,-86.1796,22.9944,21.8603543248898,63,63,63,63,61,63,0.781242,8763,1.76508096394256,23,-86,0.001869,51,2024-08-31 18:26:31.001969,94,1.037,0.0011,"aoml_navis",1024.16979027258
"7901009",45,0.437315350269179,1,0.794325,1,0.771897,1,179.216367114042,1,4.88182726371125,96,1,27.1350002288818,36.4879989624023,0.794324994087219,0.7812420129776,172.819595336914,-86.1796,22.9944,21.8603543248898,63,63,63,63,61,63,0.771897,8763,1.76508096394256,23,-86,0.001869,51,2024-08-31 18:26:31.001969,96,1.037,0.0011,"aoml_navis",1024.2066607246
"7901009",45,0.441550850029656,1,0.801801,1,0.779373,1,178.393920704937,1,4.88174391263155,98,1,27.1259994506836,36.4959983825684,0.801801025867462,0.788717985153198,172.026504516602,-86.1796,22.9944,21.8603543248898,63,63,63,63,61,63,0.779373,8763,1.76508096394256,23,-86,0.001869,51,2024-08-31 18:26:31.001969,98,1.037,0.0011,"aoml_navis",1024.22414806776
"7901009",45,0.41402010158656,1,0.753207,1,0.730779,1,177.205917943993,1,4.88161234938409,100,1,27.0949993133545,36.507999420166,0.75320702791214,0.740123987197876,170.880905151367,-86.1796,22.9944,21.8603543248898,63,63,63,63,61,63,0.730779,8763,1.76508096394256,23,-86,0.001869,51,2024-08-31 18:26:31.001969,100,1.037,0.0011,"aoml_navis",1024.25175170471
"7901009",45,0.372723978921916,4,0.680316,1,0.657888,1,176.777526154827,1,4.88130615213567,102,1,26.9829998016357,36.5340003967285,0.680315971374512,0.667232990264893,170.467803955078,-86.1796,22.9944,21.8603543248898,63,63,63,63,61,63,0.657888,8763,1.76508096394256,23,-86,0.001869,51,2024-08-31 18:26:31.001969,102,1.037,0.0011,"aoml_navis",1024.31600153012
"7901009",45,0.388607103023702,1,0.708351,1,0.685923,1,176.843573778953,1,4.88110100626336,104,1,26.931999206543,36.5579986572266,0.708351016044617,0.695267975330353,170.531494140625,-86.1796,22.9944,21.8603543248898,63,63,63,63,61,63,0.685923,8763,1.76508096394256,23,-86,0.001869,51,2024-08-31 18:26:31.001969,104,1.037,0.0011,"aoml_navis",1024.35905210404
"7901009",45,0.401313602305131,1,0.730779,1,0.708351,1,176.610460794135,1,4.88099674334106,106,1,26.9139995574951,36.568000793457,0.730778992176056,0.717696011066437,170.306701660156,-86.1796,22.9944,21.8603543248898,63,63,63,63,61,63,0.708351,8763,1.76508096394256,23,-86,0.001869,51,2024-08-31 18:26:31.001969,106,1.037,0.0011,"aoml_navis",1024.38093342744
"7901009",45,0.380136103502749,1,0.693399,1,0.670971,1,176.215251052834,1,4.88083163266605,108,1,26.875,36.5859985351562,0.693399012088776,0.680315971374512,169.925598144531,-86.1796,22.9944,21.8603543248898,63,63,63,63,61,63,0.670971,8763,1.76508096394256,23,-86,0.001869,51,2024-08-31 18:26:31.001969,108,1.037,0.0011,"aoml_navis",1024.41558658496
"7901009",45,0.363194104460844,1,0.663495,1,0.641067,1,175.783963548475,1,4.88069575134917,110,1,26.8409996032715,36.5979995727539,0.663495004177094,0.650412023067474,169.509704589844,-86.1796,22.9944,21.8603543248898,63,63,63,63,61,63,0.641067,8763,1.76508096394256,23,-86,0.001869,51,2024-08-31 18:26:31.001969,110,1.037,0.0011,"aoml_navis",1024.44410689149
"7901009",45,0.328251231436914,1,0.601818,1,0.57939,1,175.476479736298,1,4.88044822472644,112,1,26.7950000762939,36.6360015869141,0.601818025112152,0.588734984397888,169.213195800781,-86.1796,22.9944,21.8603543248898,63,63,63,63,61,63,0.57939,8763,1.76508096394256,23,-86,0.001869,51,2024-08-31 18:26:31.001969,112,1.037,0.0011,"aoml_navis",1024.49606465813
"7901009",45,0.315544732155485,1,0.57939,1,0.556962,1,175.203443858409,1,4.88039205040062,114,1,26.798999786377,36.6419982910156,0.579389989376068,0.566307008266449,168.949905395508,-86.1796,22.9944,21.8603543248898,63,63,63,63,61,63,0.556962,8763,1.76508096394256,23,-86,0.001869,51,2024-08-31 18:26:31.001969,114,1.037,0.0011,"aoml_navis",1024.50785682055
"7901009",45,0.26471873502977,1,0.489678,1,0.46725,1,174.736474180498,1,4.88026246698061,116,1,26.8090000152588,36.6710014343262,0.489677995443344,0.476595014333725,168.499603271484,-86.1796,22.9944,21.8603543248898,63,63,63,63,61,63,0.46725,8763,1.76508096394256,23,-86,0.001869,51,2024-08-31 18:26:31.001969,116,1.037,0.0011,"aoml_navis",1024.53506011808
"7901009",45,0.249894485868102,1,0.463512,1,0.441084,1,174.387200292777,1,4.88006471210476,118,1,26.8190002441406,36.7190017700195,0.463512003421783,0.450428992509842,168.162796020508,-86.1796,22.9944,21.8603543248898,63,63,63,63,61,63,0.441084,8763,1.76508096394256,23,-86,0.001869,51,2024-08-31 18:26:31.001969,118,1.037,0.0011,"aoml_navis",1024.57657735516
"7901009",45,0.242482361287269,1,0.450429,1,0.428001,1,173.502946979063,1,4.87998179418197,120,1,26.8360004425049,36.7379989624023,0.450428992509842,0.437346011400223,167.310104370117,-86.1796,22.9944,21.8603543248898,63,63,63,63,61,63,0.428001,8763,1.76508096394256,23,-86,0.001869,51,2024-08-31 18:26:31.001969,120,1.037,0.0011,"aoml_navis",1024.59398638764
"7901009",45,0.208598363203458,1,0.390621,1,0.368193,1,172.603439733949,1,4.8798324263371,122,1,26.7250003814697,36.7210006713867,0.3906210064888,0.377537995576859,166.44270324707,-86.1796,22.9944,21.8603543248898,63,63,63,63,61,63,0.368193,8763,1.76508096394256,23,-86,0.001869,51,2024-08-31 18:26:31.001969,122,1.037,0.0011,"aoml_navis",1024.6253484063
"7901009",45,0.1609489908981,4,0.306516,1,0.284088,1,172.718540456972,1,4.87951849321934,124,1,26.6070003509521,36.7470016479492,0.306515991687775,0.293433010578156,166.553695678711,-86.1796,22.9944,21.8603543248898,63,63,63,63,61,63,0.284088,8763,1.76508096394256,23,-86,0.001869,51,2024-08-31 18:26:31.001969,124,1.037,0.0011,"aoml_navis",1024.69126963
"7901009",45,0.183185364640601,1,0.345765,1,0.323337,1,172.326859374077,1,4.87944255326001,126.099998474121,1,26.5970001220703,36.7519989013672,0.345764994621277,0.332682013511658,166.175994873047,-86.1796,22.9944,21.8603543248898,63,63,63,63,61,63,0.323337,8763,1.76508096394256,23,-86,0.001869,51,2024-08-31 18:26:31.001969,126.099998474121,1.037,0.0011,"aoml_navis",1024.70721715116
"7901009",45,0.174714365119648,1,0.330813,1,0.308385,1,171.236757104381,1,4.87938928872958,128,1,26.5779991149902,36.7480010986328,0.330812990665436,0.317730009555817,165.124801635742,-86.1796,22.9944,21.8603543248898,63,63,63,63,61,63,0.308385,8763,1.76508096394256,23,-86,0.001869,51,2024-08-31 18:26:31.001969,128,1.037,0.0011,"aoml_navis",1024.71840308971
"7901009",45,0.1609489908981,1,0.306516,1,0.284088,1,169.775180463819,1,4.87900037859086,130,1,26.3199996948242,36.7360000610352,0.306515991687775,0.293433010578156,163.715393066406,-86.1796,22.9944,21.8603543248898,63,63,63,63,61,63,0.284088,8763,1.76508096394256,23,-86,0.001869,51,2024-08-31 18:26:31.001969,130,1.037,0.0011,"aoml_navis",1024.80008444764
"7901009",45,0.139771492095718,1,0.269136,1,0.246708,1,169.140322599041,1,4.87862738667991,132,1,26.1450004577637,36.7550010681152,0.269136011600494,0.256053000688553,163.10319519043,-86.1796,22.9944,21.8603543248898,63,63,63,63,61,63,0.246708,8763,1.76508096394256,23,-86,0.001869,51,2024-08-31 18:26:31.001969,132,1.037,0.0011,"aoml_navis",1024.87843479325
"7901009",45,0.120711743173575,1,0.235494,1,0.213066,1,168.307290214722,1,4.87848844555944,134,1,26.1060009002686,36.765998840332,0.235494002699852,0.222411006689072,162.299896240234,-86.1796,22.9944,21.8603543248898,63,63,63,63,61,63,0.213066,8763,1.76508096394256,23,-86,0.001869,51,2024-08-31 18:26:31.001969,134,1.037,0.0011,"aoml_navis",1024.90762370282
"7901009",45,0.105887494011908,1,0.209328,1,0.1869,1,167.589880731576,1,4.87823162548373,136,1,26.0100002288818,36.7859992980957,0.20932799577713,0.19624499976635,161.608093261719,-86.1796,22.9944,21.8603543248898,63,63,63,63,61,63,0.1869,8763,1.76508096394256,23,-86,0.001869,51,2024-08-31 18:26:31.001969,136,1.037,0.0011,"aoml_navis",1024.96158113529
"7901009",45,0.0910632448502407,1,0.183162,1,0.160734,1,166.981574834522,1,4.87800657816664,138,1,25.9349994659424,36.8059997558594,0.183162003755569,0.170078992843628,161.021499633789,-86.1796,22.9944,21.8603543248898,63,63,63,63,61,63,0.160734,8763,1.76508096394256,23,-86,0.001869,51,2024-08-31 18:26:31.001969,138,1.037,0.0011,"aoml_navis",1025.00886783946
"7901009",45,0.0868277450897644,1,0.175686,1,0.153258,1,166.042761815971,1,4.87769619535317,140,1,25.82200050354,36.8339996337891,0.175686001777649,0.162603005766869,160.116195678711,-86.1796,22.9944,21.8603543248898,63,63,63,63,61,63,0.153258,8763,1.76508096394256,23,-86,0.001869,51,2024-08-31 18:26:31.001969,140,1.037,0.0011,"aoml_navis",1025.0740923068
"7901009",45,0.0878866200298835,1,0.177555,1,0.155127,1,165.835884327272,1,4.8772473504541,142,1,25.6350002288818,36.8699989318848,0.177554994821548,0.164471998810768,159.916702270508,-86.1796,22.9944,21.8603543248898,63,63,63,63,61,63,0.155127,8763,1.76508096394256,23,-86,0.001869,51,2024-08-31 18:26:31.001969,142,1.037,0.0011,"aoml_navis",1025.16842815743
"7901009",45,0.0794156205089309,1,0.162603,1,0.140175,1,166.339453946391,1,4.87695158407757,144,1,25.5020008087158,36.8860015869141,0.162603005766869,0.149519994854927,160.402297973633,-86.1796,22.9944,21.8603543248898,63,63,63,63,61,63,0.140175,8763,1.76508096394256,23,-86,0.001869,51,2024-08-31 18:26:31.001969,144,1.037,0.0011,"aoml_navis",1025.23060026353
"7901009",45,0.0709446209879782,1,0.147651,1,0.125223,1,166.049613426236,1,4.87665898646704,146,1,25.3780002593994,36.9049987792969,0.147651001811028,0.134568005800247,160.122802734375,-86.1796,22.9944,21.8603543248898,63,63,63,63,61,63,0.125223,8763,1.76508096394256,23,-86,0.001869,51,2024-08-31 18:26:31.001969,146,1.037,0.0011,"aoml_navis",1025.29211369407
"7901009",45,0.0529437470059539,1,0.115878,1,0.09345,1,162.644568830989,1,4.87627006649463,148,1,25.1979999542236,36.9280014038086,0.115878000855446,0.102794997394085,156.839294433594,-86.1796,22.9944,21.8603543248898,63,63,63,63,61,63,0.09345,8763,1.76508096394256,23,-86,0.001869,51,2024-08-31 18:26:31.001969,148,1.037,0.0011,"aoml_navis",1025.3738886112
"7901009",45,0.0349428730239296,4,0.084105,1,0.061677,1,160.148383216805,1,4.87539401058801,150,1,24.7549991607666,36.9799995422363,0.0841049998998642,0.0710219964385033,154.432205200195,-86.1796,22.9944,21.8603543248898,63,63,63,63,61,63,0.061677,8763,1.76508096394256,23,-86,0.001869,51,2024-08-31 18:26:31.001969,150,1.037,0.0011,"aoml_navis",1025.55813727904
"7901009",45,0.0423549976047631,4,0.097188,1,0.07476,1,160.80822651486,1,4.87503096866869,152,1,24.6000003814697,37.0069999694824,0.0971880033612251,0.0841049998998642,155.068496704102,-86.1796,22.9944,21.8603543248898,63,63,63,63,61,63,0.07476,8763,1.76508096394256,23,-86,0.001869,51,2024-08-31 18:26:31.001969,152,1.037,0.0011,"aoml_navis",1025.63451024916
"7901009",45,0.0624736214670256,1,0.132699,1,0.110271,1,160.954040807224,1,4.87492081560581,154,1,24.57200050354,37.0149993896484,0.132698997855186,0.119616001844406,155.209106445312,-86.1796,22.9944,21.8603543248898,63,63,63,63,61,63,0.110271,8763,1.76508096394256,23,-86,0.001869,51,2024-08-31 18:26:31.001969,154,1.037,0.0011,"aoml_navis",1025.65768535025
"7901009",45,0.0645913713472638,1,0.136437,1,0.114009,1,159.559049792519,1,4.8746725204413,156,1,24.4409999847412,37.0200004577637,0.136436998844147,0.123354002833366,153.863906860352,-86.1796,22.9944,21.8603543248898,63,63,63,63,61,63,0.114009,8763,1.76508096394256,23,-86,0.001869,51,2024-08-31 18:26:31.001969,156,1.037,0.0011,"aoml_navis",1025.70992800709
"7901009",45,0.0550614968861921,1,0.119616,1,0.097188,1,158.964320527353,1,4.87415819962548,158,1,24.181999206543,37.0480003356934,0.119616001844406,0.106532998383045,153.290405273438,-86.1796,22.9944,21.8603543248898,63,63,63,63,61,63,0.097188,8763,1.76508096394256,23,-86,0.001869,51,2024-08-31 18:26:31.001969,158,1.037,0.0011,"aoml_navis",1025.81816084348
"7901009",45,0.0571792467664302,1,0.123354,1,0.100926,1,158.773709679191,1,4.87393940305662,160,1,24.1030006408691,37.0660018920898,0.123354002833366,0.110270999372005,153.106597900391,-86.1796,22.9944,21.8603543248898,63,63,63,63,61,63,0.100926,8763,1.76508096394256,23,-86,0.001869,51,2024-08-31 18:26:31.001969,160,1.037,0.0011,"aoml_navis",1025.86421096338
"7901009",45,0.0561203718263111,1,0.121485,1,0.099057,1,158.408991977108,1,4.87387490464409,162,1,24.0939998626709,37.0690002441406,0.121485002338886,0.108401998877525,152.754898071289,-86.1796,22.9944,21.8603543248898,63,63,63,63,61,63,0.099057,8763,1.76508096394256,23,-86,0.001869,51,2024-08-31 18:26:31.001969,162,1.037,0.0011,"aoml_navis",1025.87778673509
"7901009",45,0.0487082472454776,1,0.108402,1,0.085974,1,157.767187560583,1,4.87379896199743,164,1,24.0769996643066,37.0719985961914,0.108401998877525,0.095319002866745,152.136001586914,-86.1796,22.9944,21.8603543248898,63,63,63,63,61,63,0.085974,8763,1.76508096394256,23,-86,0.001869,51,2024-08-31 18:26:31.001969,164,1.037,0.0011,"aoml_navis",1025.89377177569
"7901009",45,0.0455316224251204,1,0.102795,1,0.080367,1,157.013795255859,1,4.87359077667192,166,1,23.9750003814697,37.0779991149902,0.102794997394085,0.0897120013833046,151.40950012207,-86.1796,22.9944,21.8603543248898,63,63,63,63,61,63,0.080367,8763,1.76508096394256,23,-86,0.001869,51,2024-08-31 18:26:31.001969,166,1.037,0.0011,"aoml_navis",1025.93759491116
"7901009",45,0.0434138725448822,1,0.099057,1,0.076629,1,156.01380827591,1,4.87341885688999,168,1,23.8780002593994,37.076000213623,0.0990569964051247,0.0859740003943443,150.445205688477,-86.1796,22.9944,21.8603543248898,63,63,63,63,61,63,0.076629,8763,1.76508096394256,23,-86,0.001869,51,2024-08-31 18:26:31.001969,168,1.037,0.0011,"aoml_navis",1025.97378695062
"7901009",45,0.0444727474850013,1,0.100926,1,0.078498,1,155.833055518268,1,4.87307155422377,170,1,23.6240005493164,37.0610008239746,0.100925996899605,0.0878430008888245,150.270904541016,-86.1796,22.9944,21.8603543248898,63,63,63,63,61,63,0.078498,8763,1.76508096394256,23,-86,0.001869,51,2024-08-31 18:26:31.001969,170,1.037,0.0011,"aoml_navis",1026.04690786168
"7901009",45,0.0444727474850013,1,0.100926,1,0.078498,1,155.640371781088,1,4.87291035225286,172,1,23.548999786377,37.064998626709,0.100925996899605,0.0878430008888245,150.085098266602,-86.1796,22.9944,21.8603543248898,63,63,63,63,61,63,0.078498,8763,1.76508096394256,23,-86,0.001869,51,2024-08-31 18:26:31.001969,172,1.037,0.0011,"aoml_navis",1026.08085077707
"7901009",45,0.041296122664644,1,0.095319,1,0.072891,1,154.874637083738,1,4.8728422621783,174,1,23.5450000762939,37.0709991455078,0.095319002866745,0.0822359994053841,149.346694946289,-86.1796,22.9944,21.8603543248898,63,63,63,63,61,63,0.072891,8763,1.76508096394256,23,-86,0.001869,51,2024-08-31 18:26:31.001969,174,1.037,0.0011,"aoml_navis",1026.09518859428
"7901009",45,0.041296122664644,1,0.095319,1,0.072891,1,154.017141444292,1,4.8727020691739,176,1,23.4720001220703,37.0699996948242,0.095319002866745,0.0822359994053841,148.519805908203,-86.1796,22.9944,21.8603543248898,63,63,63,63,61,63,0.072891,8763,1.76508096394256,23,-86,0.001869,51,2024-08-31 18:26:31.001969,176,1.037,0.0011,"aoml_navis",1026.1247104828
"7901009",45,0.0381194978442868,1,0.089712,1,0.067284,1,153.35033577091,1,4.87254036361657,178,1,23.3810005187988,37.068000793457,0.0897120013833046,0.0766289979219437,147.876800537109,-86.1796,22.9944,21.8603543248898,63,63,63,63,61,63,0.067284,8763,1.76508096394256,23,-86,0.001869,51,2024-08-31 18:26:31.001969,178,1.037,0.0011,"aoml_navis",1026.15876460156
"7901009",45,0.0360017479640487,1,0.085974,1,0.063546,1,152.232542235709,1,4.87243324211087,180,1,23.3209991455078,37.0629997253418,0.0859740003943443,0.0728909969329834,146.798904418945,-86.1796,22.9944,21.8603543248898,63,63,63,63,61,63,0.063546,8763,1.76508096394256,23,-86,0.001869,51,2024-08-31 18:26:31.001969,180,1.037,0.0011,"aoml_navis",1026.18132492542
"7901009",45,0.0338839980838105,1,0.082236,1,0.059808,1,151.467329716509,1,4.87221095396359,182,1,23.1580009460449,37.0499992370605,0.0822359994053841,0.0691530033946037,146.061004638672,-86.1796,22.9944,21.8603543248898,63,63,63,63,61,63,0.059808,8763,1.76508096394256,23,-86,0.001869,51,2024-08-31 18:26:31.001969,182,1.037,0.0011,"aoml_navis",1026.22814308409
"7901009",45,0.0370606229041677,1,0.087843,1,0.065415,1,150.717972424759,1,4.8720766625787,184,1,23.0729999542236,37.0429992675781,0.0878430008888245,0.0747599974274635,145.338394165039,-86.1796,22.9944,21.8603543248898,63,63,63,63,61,63,0.065415,8763,1.76508096394256,23,-86,0.001869,51,2024-08-31 18:26:31.001969,184,1.037,0.0011,"aoml_navis",1026.2564295024
"7901009",45,0.0285896233832151,1,0.072891,1,0.050463,1,149.844716499345,1,4.87188596082776,186,1,22.9549999237061,37.0390014648438,0.0728909969329834,0.0598080009222031,144.496307373047,-86.1796,22.9944,21.8603543248898,63,63,63,63,61,63,0.050463,8763,1.76508096394256,23,-86,0.001869,51,2024-08-31 18:26:31.001969,186,1.037,0.0011,"aoml_navis",1026.29660057775
"7901009",45,0.026471873502977,1,0.069153,1,0.046725,1,148.981698430379,1,4.87175146993382,188,1,22.8589992523193,37.0279998779297,0.0691530033946037,0.0560699999332428,143.664093017578,-86.1796,22.9944,21.8603543248898,63,63,63,63,61,63,0.046725,8763,1.76508096394256,23,-86,0.001869,51,2024-08-31 18:26:31.001969,188,1.037,0.0011,"aoml_navis",1026.32493280038
"7901009",45,0.027530748443096,1,0.071022,1,0.048594,1,148.716542695475,1,4.87151677904038,190,1,22.6509990692139,37.0019989013672,0.0710219964385033,0.0579390004277229,143.408401489258,-86.1796,22.9944,21.8603543248898,63,63,63,63,61,63,0.048594,8763,1.76508096394256,23,-86,0.001869,51,2024-08-31 18:26:31.001969,190,1.037,0.0011,"aoml_navis",1026.37437717805
"7901009",45,0.0317662482035724,1,0.078498,1,0.05607,1,148.983470671371,1,4.87127646053471,192,1,22.4139995574951,36.9669990539551,0.0784979984164238,0.0654150024056435,143.665802001953,-86.1796,22.9944,21.8603543248898,63,63,63,63,61,63,0.05607,8763,1.76508096394256,23,-86,0.001869,51,2024-08-31 18:26:31.001969,192,1.037,0.0011,"aoml_navis",1026.42501211092
"7901009",45,0.0296484983233342,1,0.07476,1,0.052332,1,149.007522513411,1,4.87107163185905,194,1,22.2649993896484,36.9560012817383,0.0747599974274635,0.0616770014166832,143.688995361328,-86.1796,22.9944,21.8603543248898,63,63,63,63,61,63,0.052332,8763,1.76508096394256,23,-86,0.001869,51,2024-08-31 18:26:31.001969,194,1.037,0.0011,"aoml_navis",1026.46817330661
"7901009",45,0.0285896233832151,1,0.072891,1,0.050463,1,148.811848119556,1,4.87096435717687,196,1,22.2110004425049,36.9539985656738,0.0728909969329834,0.0598080009222031,143.500305175781,-86.1796,22.9944,21.8603543248898,63,63,63,63,61,63,0.050463,8763,1.76508096394256,23,-86,0.001869,51,2024-08-31 18:26:31.001969,196,1.037,0.0011,"aoml_navis",1026.49077951741
"7901009",45,0.0285896233832151,1,0.072891,1,0.050463,1,148.488081843261,1,4.87088028160258,198,1,22.173999786377,36.9519996643066,0.0728909969329834,0.0598080009222031,143.188095092773,-86.1796,22.9944,21.8603543248898,63,63,63,63,61,63,0.050463,8763,1.76508096394256,23,-86,0.001869,51,2024-08-31 18:26:31.001969,198,1.037,0.0011,"aoml_navis",1026.50849762929
"7901009",45,0.0254129985628579,1,0.067284,1,0.044856,1,148.199792033974,1,4.87074644156046,200,1,22.0949993133545,36.9480018615723,0.0672840029001236,0.0542009994387627,142.910095214844,-86.1796,22.9944,21.8603543248898,63,63,63,63,61,63,0.044856,8763,1.76508096394256,23,-86,0.001869,51,2024-08-31 18:26:31.001969,200,1.037,0.0011,"aoml_navis",1026.53670438204
"7901009",45,0.0211774988023816,1,0.059808,1,0.03738,1,148.333263933712,1,4.87047279125717,202,1,21.882999420166,36.9329986572266,0.0598080009222031,0.0467250011861324,143.038803100586,-86.1796,22.9944,21.8603543248898,63,63,63,63,61,63,0.03738,8763,1.76508096394256,23,-86,0.001869,51,2024-08-31 18:26:31.001969,202,1.037,0.0011,"aoml_navis",1026.59438093471
"7901009",45,0.013765374221548,1,0.046725,1,0.024297,1,148.661065222981,1,4.87015250894677,204,1,21.6429996490479,36.9210014343262,0.0467250011861324,0.0336420014500618,143.354904174805,-86.1796,22.9944,21.8603543248898,63,63,63,63,61,63,0.024297,8763,1.76508096394256,23,-86,0.001869,51,2024-08-31 18:26:31.001969,204,1.037,0.0011,"aoml_navis",1026.66189422501
"7901009",45,0.00847099952095263,1,0.03738,1,0.014952,1,148.16235344301,1,4.8697955110386,206,1,21.371000289917,36.9080009460449,0.0373799987137318,0.0242970008403063,142.873992919922,-86.1796,22.9944,21.8603543248898,63,63,63,63,61,63,0.014952,8763,1.76508096394256,23,-86,0.001869,51,2024-08-31 18:26:31.001969,206,1.037,0.0011,"aoml_navis",1026.73715737473
"7901009",45,0.00741212458083355,1,0.035511,1,0.013083,1,147.2400444187,1,4.86965965565699,208,1,21.2560005187988,36.8919982910156,0.0355109982192516,0.0224280003458261,141.984603881836,-86.1796,22.9944,21.8603543248898,63,63,63,63,61,63,0.013083,8763,1.76508096394256,23,-86,0.001869,51,2024-08-31 18:26:31.001969,208,1.037,0.0011,"aoml_navis",1026.76580162879
"7901009",45,0.00847099952095263,1,0.03738,1,0.014952,1,146.387090146797,1,4.86956773627939,210,1,21.193000793457,36.882999420166,0.0373799987137318,0.0242970008403063,141.162094116211,-86.1796,22.9944,21.8603543248898,63,63,63,63,61,63,0.014952,8763,1.76508096394256,23,-86,0.001869,51,2024-08-31 18:26:31.001969,210,1.037,0.0011,"aoml_navis",1026.78518315884
"7901009",45,0.0116476243413099,1,0.042987,1,0.020559,1,146.135511043781,1,4.8694663772012,212,1,21.1200008392334,36.8730010986328,0.0429870001971722,0.0299040004611015,140.919494628906,-86.1796,22.9944,21.8603543248898,63,63,63,63,61,63,0.020559,8763,1.76508096394256,23,-86,0.001869,51,2024-08-31 18:26:31.001969,212,1.037,0.0011,"aoml_navis",1026.80655593187
"7901009",45,0.0095298744610717,1,0.039249,1,0.016821,1,145.935580106829,1,4.86941015509453,214,1,21.1030006408691,36.8709983825684,0.0392489992082119,0.0261659994721413,140.726699829102,-86.1796,22.9944,21.8603543248898,63,63,63,63,61,63,0.016821,8763,1.76508096394256,23,-86,0.001869,51,2024-08-31 18:26:31.001969,214,1.037,0.0011,"aoml_navis",1026.81841141865
"7901009",45,0.00635324964071447,4,0.033642,1,0.011214,1,145.622083334141,1,4.86935059620745,216,1,21.0779991149902,36.867000579834,0.0336420014500618,0.020558999851346,140.424392700195,-86.1796,22.9944,21.8603543248898,63,63,63,63,61,63,0.011214,8763,1.76508096394256,23,-86,0.001869,51,2024-08-31 18:26:31.001969,216,1.037,0.0011,"aoml_navis",1026.83097082685
"7901009",45,0.0116476243413099,1,0.042987,1,0.020559,1,145.601354443963,1,4.86926271341916,218,1,21.0149993896484,36.8569984436035,0.0429870001971722,0.0299040004611015,140.404403686523,-86.1796,22.9944,21.8603543248898,63,63,63,63,61,63,0.020559,8763,1.76508096394256,23,-86,0.001869,51,2024-08-31 18:26:31.001969,218,1.037,0.0011,"aoml_navis",1026.84950356458
"7901009",45,0.0105887494011908,1,0.041118,1,0.01869,1,146.283081753557,1,4.86908717650285,220,1,20.8519992828369,36.8349990844727,0.041117999702692,0.0280349999666214,141.061798095703,-86.1796,22.9944,21.8603543248898,63,63,63,63,61,63,0.01869,8763,1.76508096394256,23,-86,0.001869,51,2024-08-31 18:26:31.001969,220,1.037,0.0011,"aoml_navis",1026.88652282278
"7901009",45,0.00847099952095263,1,0.03738,1,0.014952,1,146.819216300912,1,4.86894476858316,222,1,20.7329998016357,36.8199996948242,0.0373799987137318,0.0242970008403063,141.578796386719,-86.1796,22.9944,21.8603543248898,63,63,63,63,61,63,0.014952,8763,1.76508096394256,23,-86,0.001869,51,2024-08-31 18:26:31.001969,222,1.037,0.0011,"aoml_navis",1026.91655741558
"7901009",45,0.0095298744610717,1,0.039249,1,0.016821,1,147.188285487575,1,4.86886901951633,224,1,20.6870002746582,36.8129997253418,0.0392489992082119,0.0261659994721413,141.934692382812,-86.1796,22.9944,21.8603543248898,63,63,63,63,61,63,0.016821,8763,1.76508096394256,23,-86,0.001869,51,2024-08-31 18:26:31.001969,224,1.037,0.0011,"aoml_navis",1026.9325340152
"7901009",45,0.00741212458083355,1,0.035511,1,0.013083,1,147.928196101892,1,4.86878264740336,226,1,20.6299991607666,36.8050003051758,0.0355109982192516,0.0224280003458261,142.648193359375,-86.1796,22.9944,21.8603543248898,63,63,63,63,61,63,0.013083,8763,1.76508096394256,23,-86,0.001869,51,2024-08-31 18:26:31.001969,226,1.037,0.0011,"aoml_navis",1026.95075177912
"7901009",45,0.00423549976047631,1,0.029904,1,0.007476,1,149.050040473647,1,4.86865145002004,228,1,20.5300006866455,36.7939987182617,0.0299040004611015,0.0168210007250309,143.729995727539,-86.1796,22.9944,21.8603543248898,63,63,63,63,61,63,0.007476,8763,1.76508096394256,23,-86,0.001869,51,2024-08-31 18:26:31.001969,228,1.037,0.0011,"aoml_navis",1026.9784254076
"7901009",45,0.00211774988023816,1,0.026166,1,0.003738,1,149.829051154859,1,4.86852422948857,230,1,20.4300003051758,36.7820014953613,0.0261659994721413,0.0130829997360706,144.481201171875,-86.1796,22.9944,21.8603543248898,63,63,63,63,61,63,0.003738,8763,1.76508096394256,23,-86,0.001869,51,2024-08-31 18:26:31.001969,230,1.037,0.0011,"aoml_navis",1027.00526161811
"7901009",45,0.00105887494011908,1,0.024297,1,0.001869,1,150.045470262473,1,4.86839483010181,232,1,20.3279991149902,36.7700004577637,0.0242970008403063,0.0112140001729131,144.689895629883,-86.1796,22.9944,21.8603543248898,63,63,63,63,61,63,0.001869,8763,1.76508096394256,23,-86,0.001869,51,2024-08-31 18:26:31.001969,232,1.037,0.0011,"aoml_navis",1027.03255888049
"7901009",45,-0.00105887494011908,1,0.020559,1,-0.001869,1,149.843355671441,1,4.8682992527386,234,1,20.2520008087158,36.757999420166,0.020558999851346,0.00747600011527538,144.494995117188,-86.1796,22.9944,21.8603543248898,63,63,63,63,61,63,-0.001869,8763,1.76508096394256,23,-86,0.001869,51,2024-08-31 18:26:31.001969,234,1.037,0.0011,"aoml_navis",1027.05272219807
"7901009",45,-0.00105887494011908,1,0.020559,1,-0.001869,1,149.739758691288,1,4.86810425441708,236,1,20.0699996948242,36.7360000610352,0.020558999851346,0.00747600011527538,144.395095825195,-86.1796,22.9944,21.8603543248898,63,63,63,63,61,63,-0.001869,8763,1.76508096394256,23,-86,0.001869,51,2024-08-31 18:26:31.001969,236,1.037,0.0011,"aoml_navis",1027.09386214629
"7901009",45,-0.00211774988023816,1,0.01869,1,-0.003738,1,149.758636222573,1,4.867938961248,238,1,19.9160003662109,36.7159996032715,0.0186899993568659,0.00560700008645654,144.413299560547,-86.1796,22.9944,21.8603543248898,63,63,63,63,61,63,-0.003738,8763,1.76508096394256,23,-86,0.001869,51,2024-08-31 18:26:31.001969,238,1.037,0.0011,"aoml_navis",1027.128737604
"7901009",45,-0.00105887494011908,1,0.020559,1,-0.001869,1,149.298929568014,1,4.86787119056314,240,1,19.8780002593994,36.7099990844727,0.020558999851346,0.00747600011527538,143.970001220703,-86.1796,22.9944,21.8603543248898,63,63,63,63,61,63,-0.001869,8763,1.76508096394256,23,-86,0.001869,51,2024-08-31 18:26:31.001969,240,1.037,0.0011,"aoml_navis",1027.14303732872
"7901009",45,-0.00105887494011908,1,0.020559,1,-0.001869,1,148.194506958157,1,4.86778004130713,242,1,19.8129997253418,36.701000213623,0.020558999851346,0.00747600011527538,142.904998779297,-86.1796,22.9944,21.8603543248898,63,63,63,63,61,63,-0.001869,8763,1.76508096394256,23,-86,0.001869,51,2024-08-31 18:26:31.001969,242,1.037,0.0011,"aoml_navis",1027.16227059786
"7901009",45,0.00529437470059539,1,0.031773,1,0.009345,1,147.558715502142,1,4.86769122695943,244,1,19.7439994812012,36.689998626709,0.0317730009555817,0.0186899993568659,142.291900634766,-86.1796,22.9944,21.8603543248898,63,63,63,63,61,63,0.009345,8763,1.76508096394256,23,-86,0.001869,51,2024-08-31 18:26:31.001969,244,1.037,0.0011,"aoml_navis",1027.18101187433
"7901009",45,0.00317662482035723,1,0.028035,1,0.005607,1,147.326741815104,1,4.86764700599206,246,1,19.7329998016357,36.6870002746582,0.0280349999666214,0.0149520002305508,142.068206787109,-86.1796,22.9944,21.8603543248898,63,63,63,63,61,63,0.005607,8763,1.76508096394256,23,-86,0.001869,51,2024-08-31 18:26:31.001969,246,1.037,0.0011,"aoml_navis",1027.19034347499
"7901009",45,0.00105887494011908,1,0.024297,1,0.001869,1,147.267624919144,1,4.86760315900334,248,1,19.7280006408691,36.6860008239746,0.0242970008403063,0.0112140001729131,142.011199951172,-86.1796,22.9944,21.8603543248898,63,63,63,63,61,63,0.001869,8763,1.76508096394256,23,-86,0.001869,51,2024-08-31 18:26:31.001969,248,1.037,0.0011,"aoml_navis",1027.1995963253
"7901009",45,0.00317662482035723,1,0.028035,1,0.005607,1,147.527194930206,1,4.86756528383133,250,1,19.7220001220703,36.6829986572266,0.0280349999666214,0.0149520002305508,142.261505126953,-86.1796,22.9944,21.8603543248898,63,63,63,63,61,63,0.005607,8763,1.76508096394256,23,-86,0.001869,51,2024-08-31 18:26:31.001969,250,1.037,0.0011,"aoml_navis",1027.2075891018
"7901009",45,-0.00105887494011908,1,0.020559,1,-0.001869,1,148.259114636478,1,4.86747973879762,252,1,19.6639995574951,36.6749992370605,0.020558999851346,0.00747600011527538,142.967300415039,-86.1796,22.9944,21.8603543248898,63,63,63,63,61,63,-0.001869,8763,1.76508096394256,23,-86,0.001869,51,2024-08-31 18:26:31.001969,252,1.037,0.0011,"aoml_navis",1027.22564208046
"7901009",45,0,1,0.022428,1,0,1,148.951522862767,1,4.86734705511912,254,1,19.556999206543,36.6629981994629,0.0224280003458261,0.00934499967843294,143.634994506836,-86.1796,22.9944,21.8603543248898,63,63,63,63,61,63,0,8763,1.76508096394256,23,-86,0.001869,51,2024-08-31 18:26:31.001969,254,1.037,0.0011,"aoml_navis",1027.25364420878
"7901009",45,-0.00105887494011908,1,0.020559,1,-0.001869,1,149.130930616085,1,4.86722189469551,256,1,19.44700050354,36.6479988098145,0.020558999851346,0.00747600011527538,143.807998657227,-86.1796,22.9944,21.8603543248898,63,63,63,63,61,63,-0.001869,8763,1.76508096394256,23,-86,0.001869,51,2024-08-31 18:26:31.001969,256,1.037,0.0011,"aoml_navis",1027.28005999669
"7901009",45,-0.00105887494011908,1,0.020559,1,-0.001869,1,149.173970754471,1,4.86709818562875,258,1,19.3320007324219,36.6310005187988,0.020558999851346,0.00747600011527538,143.849502563477,-86.1796,22.9944,21.8603543248898,63,63,63,63,61,63,-0.001869,8763,1.76508096394256,23,-86,0.001869,51,2024-08-31 18:26:31.001969,258,1.037,0.0011,"aoml_navis",1027.3061708029
"7901009",45,-0.00317662482035723,1,0.016821,1,-0.005607,1,149.13995005685,1,4.86700802159669,260,1,19.257999420166,36.6189994812012,0.0168210007250309,0.00373800005763769,143.816696166992,-86.1796,22.9944,21.8603543248898,63,63,63,63,61,63,-0.005607,8763,1.76508096394256,23,-86,0.001869,51,2024-08-31 18:26:31.001969,260,1.037,0.0011,"aoml_navis",1027.3252022214
"7901009",45,-0.00211774988023816,1,0.01869,1,-0.003738,1,149.045483282524,1,4.86692078456145,262,1,19.1919994354248,36.609001159668,0.0186899993568659,0.00560700008645654,143.725601196289,-86.1796,22.9944,21.8603543248898,63,63,63,63,61,63,-0.003738,8763,1.76508096394256,23,-86,0.001869,51,2024-08-31 18:26:31.001969,262,1.037,0.0011,"aoml_navis",1027.34361649376
"7901009",45,0.00105887494011908,1,0.024297,1,0.001869,1,148.867942711681,1,4.86684502101202,264,1,19.1380004882812,36.5999984741211,0.0242970008403063,0.0112140001729131,143.554397583008,-86.1796,22.9944,21.8603543248898,63,63,63,63,61,63,0.001869,8763,1.76508096394256,23,-86,0.001869,51,2024-08-31 18:26:31.001969,264,1.037,0.0011,"aoml_navis",1027.35960944166
"7901009",45,-0.00105887494011908,1,0.020559,1,-0.001869,1,148.608166994075,1,4.86675178528568,266,1,19.0639991760254,36.5890007019043,0.020558999851346,0.00747600011527538,143.303894042969,-86.1796,22.9944,21.8603543248898,63,63,63,63,61,63,-0.001869,8763,1.76508096394256,23,-86,0.001869,51,2024-08-31 18:26:31.001969,266,1.037,0.0011,"aoml_navis",1027.37929127949
"7901009",45,-0.00423549976047631,4,0.014952,1,-0.007476,1,148.249778724107,1,4.86667238157743,268,1,19.0009994506836,36.5779991149902,0.0149520002305508,0.00186900002881885,142.958297729492,-86.1796,22.9944,21.8603543248898,63,63,63,63,61,63,-0.007476,8763,1.76508096394256,23,-86,0.001869,51,2024-08-31 18:26:31.001969,268,1.037,0.0011,"aoml_navis",1027.39605380614
"7901009",45,-0.00105887494011908,1,0.020559,1,-0.001869,1,148.002044751101,1,4.86655561630538,270,1,18.8899993896484,36.5610008239746,0.020558999851346,0.00747600011527538,142.71940612793,-86.1796,22.9944,21.8603543248898,63,63,63,63,61,63,-0.001869,8763,1.76508096394256,23,-86,0.001869,51,2024-08-31 18:26:31.001969,270,1.037,0.0011,"aoml_navis",1027.42070454255
"7901009",45,0,1,0.022428,1,0,1,148.327978857896,1,4.86645805130505,272,1,18.8059997558594,36.5480003356934,0.0224280003458261,0.00934499967843294,143.033706665039,-86.1796,22.9944,21.8603543248898,63,63,63,63,61,63,0,8763,1.76508096394256,23,-86,0.001869,51,2024-08-31 18:26:31.001969,272,1.037,0.0011,"aoml_navis",1027.44130274772
"7901009",45,-0.00105887494011908,1,0.020559,1,-0.001869,1,149.001715259444,1,4.86641664302331,274,1,18.7970008850098,36.5449981689453,0.020558999851346,0.00747600011527538,143.683395385742,-86.1796,22.9944,21.8603543248898,63,63,63,63,61,63,-0.001869,8763,1.76508096394256,23,-86,0.001869,51,2024-08-31 18:26:31.001969,274,1.037,0.0011,"aoml_navis",1027.45004523363
"7901009",45,-0.00105887494011908,1,0.020559,1,-0.001869,1,150.366736413082,1,4.86632335184451,276,1,18.7310009002686,36.5369987487793,0.020558999851346,0.00747600011527538,144.999694824219,-86.1796,22.9944,21.8603543248898,63,63,63,63,61,63,-0.001869,8763,1.76508096394256,23,-86,0.001869,51,2024-08-31 18:26:31.001969,276,1.037,0.0011,"aoml_navis",1027.4697422449
"7901009",45,-0.00211774988023816,1,0.01869,1,-0.003738,1,151.481017113459,1,4.86625370222847,278,1,18.6959991455078,36.5330009460449,0.0186899993568659,0.00560700008645654,146.074203491211,-86.1796,22.9944,21.8603543248898,63,63,63,63,61,63,-0.003738,8763,1.76508096394256,23,-86,0.001869,51,2024-08-31 18:26:31.001969,278,1.037,0.0011,"aoml_navis",1027.48444819272
"7901009",45,-0.00211774988023816,1,0.01869,1,-0.003738,1,151.544896907086,1,4.86617411553508,280,1,18.6410007476807,36.5250015258789,0.0186899993568659,0.00560700008645654,146.135803222656,-86.1796,22.9944,21.8603543248898,63,63,63,63,61,63,-0.003738,8763,1.76508096394256,23,-86,0.001869,51,2024-08-31 18:26:31.001969,280,1.037,0.0011,"aoml_navis",1027.50125278865
"7901009",45,-0.00423549976047631,1,0.014952,1,-0.007476,1,151.35241887645,1,4.86607119094852,282,1,18.5459995269775,36.5099983215332,0.0149520002305508,0.00186900002881885,145.9501953125,-86.1796,22.9944,21.8603543248898,63,63,63,63,61,63,-0.007476,8763,1.76508096394256,23,-86,0.001869,51,2024-08-31 18:26:31.001969,282,1.037,0.0011,"aoml_navis",1027.52298595643
"7901009",45,-0.00529437470059539,1,0.013083,1,-0.009345,1,151.386233867528,1,4.86592720415458,284,1,18.4020004272461,36.4900016784668,0.0130829997360706,0,145.982803344727,-86.1796,22.9944,21.8603543248898,63,63,63,63,61,63,-0.009345,8763,1.76508096394256,23,-86,0.001869,51,2024-08-31 18:26:31.001969,284,1.037,0.0011,"aoml_navis",1027.55339120794
"7901009",45,0,1,0.016821,1,-0.005607,1,150.805302764375,1,4.86583247937834,286,1,18.3250007629395,36.4790000915527,0.0168210007250309,0,145.422607421875,-86.1796,22.9944,21.8603543248898,63,63,63,63,61,63,0,8763,1.76508096394256,23,-86,0.001869,51,2024-08-31 18:26:31.001969,286,1.037,0.0011,"aoml_navis",1027.57339493093
"7901009",45,0,1,0.016821,1,-0.005607,1,149.513386551672,1,4.86574883921146,288,1,18.2479991912842,36.4650001525879,0.0168210007250309,0,144.176803588867,-86.1796,22.9944,21.8603543248898,63,63,63,63,61,63,0,8763,1.76508096394256,23,-86,0.001869,51,2024-08-31 18:26:31.001969,288,1.037,0.0011,"aoml_navis",1027.59105848347
"7901009",45,0,1,0.014952,1,-0.007476,1,147.933497001289,1,4.86564145178926,290,1,18.1299991607666,36.4440002441406,0.0149520002305508,0,142.653305053711,-86.1796,22.9944,21.8603543248898,63,63,63,63,61,63,0,8763,1.76508096394256,23,-86,0.001869,51,2024-08-31 18:26:31.001969,290,1.037,0.0011,"aoml_navis",1027.61373799159
"7901009",45,0,1,0.014952,1,-0.007476,1,146.697169026142,1,4.86554418728259,292,1,18.0230007171631,36.423999786377,0.0149520002305508,0,141.46110534668,-86.1796,22.9944,21.8603543248898,63,63,63,63,61,63,0,8763,1.76508096394256,23,-86,0.001869,51,2024-08-31 18:26:31.001969,292,1.037,0.0011,"aoml_navis",1027.63428047141
"7901009",45,0,1,0.014952,1,-0.007476,1,145.861952987743,1,4.86544611309335,294,1,17.9209995269775,36.4059982299805,0.0149520002305508,0,140.655700683594,-86.1796,22.9944,21.8603543248898,63,63,63,63,61,63,0,8763,1.76508096394256,23,-86,0.001869,51,2024-08-31 18:26:31.001969,294,1.037,0.0011,"aoml_navis",1027.6549947896
"7901009",45,0,1,0.016821,1,-0.005607,1,145.763641083407,1,4.8653778610814,296,1,17.8649997711182,36.3950004577637,0.0168210007250309,0,140.560897827148,-86.1796,22.9944,21.8603543248898,63,63,63,63,61,63,0,8763,1.76508096394256,23,-86,0.001869,51,2024-08-31 18:26:31.001969,296,1.037,0.0011,"aoml_navis",1027.66941083764
"7901009",45,0,1,0.020559,1,-0.001869,1,145.451394373563,1,4.86530714667945,298,1,17.8190002441406,36.3880004882812,0.020558999851346,0,140.259796142578,-86.1796,22.9944,21.8603543248898,63,63,63,63,61,63,0,8763,1.76508096394256,23,-86,0.001869,51,2024-08-31 18:26:31.001969,298,1.037,0.0011,"aoml_navis",1027.68434741319
"7901009",45,0,1,0.016821,1,-0.005607,1,144.770806361749,1,4.86524369549895,300,1,17.7759990692139,36.3800010681152,0.0168210007250309,0,139.603500366211,-86.1796,22.9944,21.8603543248898,63,63,63,63,61,63,0,8763,1.76508096394256,23,-86,0.001869,51,2024-08-31 18:26:31.001969,300,1.037,0.0011,"aoml_navis",1027.69775019198
"7901009",45,0,1,0.01869,1,-0.003738,1,144.074758711993,1,4.86515226302167,302,1,17.6909999847412,36.3660011291504,0.0186899993568659,0,138.93229675293,-86.1796,22.9944,21.8603543248898,63,63,63,63,61,63,0,8763,1.76508096394256,23,-86,0.001869,51,2024-08-31 18:26:31.001969,302,1.037,0.0011,"aoml_navis",1027.71706406874
"7901009",45,0,1,0.01869,1,-0.003738,1,143.645639038133,1,4.86504752445239,304,1,17.5729999542236,36.3450012207031,0.0186899993568659,0,138.518493652344,-86.1796,22.9944,21.8603543248898,63,63,63,63,61,63,0,8763,1.76508096394256,23,-86,0.001869,51,2024-08-31 18:26:31.001969,304,1.037,0.0011,"aoml_navis",1027.73918956995
"7901009",45,0,1,0.016821,1,-0.005607,1,143.363378012936,1,4.86497534454514,306,1,17.5130004882812,36.3339996337891,0.0168210007250309,0,138.246307373047,-86.1796,22.9944,21.8603543248898,63,63,63,63,61,63,0,8763,1.76508096394256,23,-86,0.001869,51,2024-08-31 18:26:31.001969,306,1.037,0.0011,"aoml_navis",1027.75443777043
"7901009",45,0,1,0.01869,1,-0.003738,1,142.809299525534,1,4.86491584026137,308,1,17.4759998321533,36.3269996643066,0.0186899993568659,0,137.712005615234,-86.1796,22.9944,21.8603543248898,63,63,63,63,61,63,0,8763,1.76508096394256,23,-86,0.001869,51,2024-08-31 18:26:31.001969,308,1.037,0.0011,"aoml_navis",1027.76700855145
"7901009",45,0,1,0.014952,1,-0.007476,1,142.674482621471,1,4.86478859987221,310,1,17.3409996032715,36.306999206543,0.0149520002305508,0,137.582000732422,-86.1796,22.9944,21.8603543248898,63,63,63,63,61,63,0,8763,1.76508096394256,23,-86,0.001869,51,2024-08-31 18:26:31.001969,310,1.037,0.0011,"aoml_navis",1027.79389018699
"7901009",45,0,1,0.01869,1,-0.003738,1,142.407554645574,1,4.86469981975545,312,1,17.2569999694824,36.2929992675781,0.0186899993568659,0,137.324600219727,-86.1796,22.9944,21.8603543248898,63,63,63,63,61,63,0,8763,1.76508096394256,23,-86,0.001869,51,2024-08-31 18:26:31.001969,312,1.037,0.0011,"aoml_navis",1027.81264728712
"7901009",45,0,1,0.016821,1,-0.005607,1,142.215598793087,1,4.86461804269961,314,1,17.1849994659424,36.2809982299805,0.0168210007250309,0,137.139495849609,-86.1796,22.9944,21.8603543248898,63,63,63,63,61,63,0,8763,1.76508096394256,23,-86,0.001869,51,2024-08-31 18:26:31.001969,314,1.037,0.0011,"aoml_navis",1027.82992541492
"7901009",45,0,1,0.016821,1,-0.005607,1,142.112207519479,1,4.86453836560061,316,1,17.1240005493164,36.2719993591309,0.0168210007250309,0,137.039794921875,-86.1796,22.9944,21.8603543248898,63,63,63,63,61,63,0,8763,1.76508096394256,23,-86,0.001869,51,2024-08-31 18:26:31.001969,316,1.037,0.0011,"aoml_navis",1027.8467604156
"7901009",45,0,1,0.016821,1,-0.005607,1,141.88510749517,1,4.86448710413115,318,1,17.1030006408691,36.2680015563965,0.0168210007250309,0,136.82080078125,-86.1796,22.9944,21.8603543248898,63,63,63,63,61,63,0,8763,1.76508096394256,23,-86,0.001869,51,2024-08-31 18:26:31.001969,318,1.037,0.0011,"aoml_navis",1027.85759176004
"7901009",45,0,1,0.022428,1,0,1,141.638402054883,1,4.86443587241556,320,1,17.0820007324219,36.2639999389648,0.0224280003458261,0,136.582901000977,-86.1796,22.9944,21.8603543248898,63,63,63,63,61,63,0,8763,1.76508096394256,23,-86,0.001869,51,2024-08-31 18:26:31.001969,320,1.037,0.0011,"aoml_navis",1027.86841704568
"7901009",45,0,1,0.01869,1,-0.003738,1,141.511465293803,1,4.86437552795003,322,1,17.0499992370605,36.2589988708496,0.0186899993568659,0,136.460494995117,-86.1796,22.9944,21.8603543248898,63,63,63,63,61,63,0,8763,1.76508096394256,23,-86,0.001869,51,2024-08-31 18:26:31.001969,322,1.037,0.0011,"aoml_navis",1027.88116815215
"7901009",45,0,1,0.01869,1,-0.003738,1,141.210121030778,1,4.86432895756552,324,1,17.0330009460449,36.2550010681152,0.0186899993568659,0,136.169906616211,-86.1796,22.9944,21.8603543248898,63,63,63,63,61,63,0,8763,1.76508096394256,23,-86,0.001869,51,2024-08-31 18:26:31.001969,324,1.037,0.0011,"aoml_navis",1027.89100893834
"7901009",45,0,1,0.020559,1,-0.001869,1,141.007484261596,1,4.86426651080138,326,1,16.996000289917,36.2490005493164,0.020558999851346,0,135.974502563477,-86.1796,22.9944,21.8603543248898,63,63,63,63,61,63,0,8763,1.76508096394256,23,-86,0.001869,51,2024-08-31 18:26:31.001969,326,1.037,0.0011,"aoml_navis",1027.90420485745
"7901009",45,0,1,0.016821,1,-0.005607,1,140.860119258364,1,4.8642130476281,328,1,16.9729995727539,36.2449989318848,0.0168210007250309,0,135.832397460938,-86.1796,22.9944,21.8603543248898,63,63,63,63,61,63,0,8763,1.76508096394256,23,-86,0.001869,51,2024-08-31 18:26:31.001969,328,1.037,0.0011,"aoml_navis",1027.91550268098
"7901009",45,0,1,0.014952,1,-0.007476,1,140.598998536433,1,4.86416174332174,330,1,16.9549999237061,36.242000579834,0.0149520002305508,0,135.580596923828,-86.1796,22.9944,21.8603543248898,63,63,63,63,61,63,0,8763,1.76508096394256,23,-86,0.001869,51,2024-08-31 18:26:31.001969,330,1.037,0.0011,"aoml_navis",1027.92634452684
"7901009",45,0,1,0.016821,1,-0.005607,1,140.25999415232,1,4.86411639670098,332,1,16.9389991760254,36.2379989624023,0.0168210007250309,0,135.253692626953,-86.1796,22.9944,21.8603543248898,63,63,63,63,61,63,0,8763,1.76508096394256,23,-86,0.001869,51,2024-08-31 18:26:31.001969,332,1.037,0.0011,"aoml_navis",1027.93592755946
"7901009",45,0,1,0.016821,1,-0.005607,1,139.730916921774,1,4.86407005541803,334,1,16.9190006256104,36.2330017089844,0.0168210007250309,0,134.743499755859,-86.1796,22.9944,21.8603543248898,63,63,63,63,61,63,0,8763,1.76508096394256,23,-86,0.001869,51,2024-08-31 18:26:31.001969,334,1.037,0.0011,"aoml_navis",1027.94572097714
"7901009",45,0,1,0.01869,1,-0.003738,1,139.519055005284,1,4.8639459598673,336,1,16.7810001373291,36.2120018005371,0.0186899993568659,0,134.539199829102,-86.1796,22.9944,21.8603543248898,63,63,63,63,61,63,0,8763,1.76508096394256,23,-86,0.001869,51,2024-08-31 18:26:31.001969,336,1.037,0.0011,"aoml_navis",1027.97194731506
"7901009",45,0,1,0.016821,1,-0.005607,1,139.480271409995,1,4.86383653544631,338,1,16.6709995269775,36.1959991455078,0.0168210007250309,0,134.501800537109,-86.1796,22.9944,21.8603543248898,63,63,63,63,61,63,0,8763,1.76508096394256,23,-86,0.001869,51,2024-08-31 18:26:31.001969,338,1.037,0.0011,"aoml_navis",1027.99507416858
"7901009",45,0,1,0.013083,1,-0.009345,1,139.373145771438,1,4.86379248184086,340,1,16.6560001373291,36.1920013427734,0.0130829997360706,0,134.398498535156,-86.1796,22.9944,21.8603543248898,63,63,63,63,61,63,0,8763,1.76508096394256,23,-86,0.001869,51,2024-08-31 18:26:31.001969,340,1.037,0.0011,"aoml_navis",1028.00438519276
"7901009",45,0,1,0.014952,1,-0.007476,1,139.3064652041,1,4.86374368046532,342,1,16.6399993896484,36.1889991760254,0.0149520002305508,0,134.334197998047,-86.1796,22.9944,21.8603543248898,63,63,63,63,61,63,0,8763,1.76508096394256,23,-86,0.001869,51,2024-08-31 18:26:31.001969,342,1.037,0.0011,"aoml_navis",1028.01469988683
"7901009",45,0,1,0.01869,1,-0.003738,1,139.136709834759,1,4.86369581998184,344,1,16.6280002593994,36.1870002746582,0.0186899993568659,0,134.170501708984,-86.1796,22.9944,21.8603543248898,63,63,63,63,61,63,0,8763,1.76508096394256,23,-86,0.001869,51,2024-08-31 18:26:31.001969,344,1.037,0.0011,"aoml_navis",1028.0248159143
"7901009",45,0,1,0.014952,1,-0.007476,1,138.727701931446,1,4.86364682143805,346,1,16.6149997711182,36.185001373291,0.0149520002305508,0,133.776092529297,-86.1796,22.9944,21.8603543248898,63,63,63,63,61,63,0,8763,1.76508096394256,23,-86,0.001869,51,2024-08-31 18:26:31.001969,346,1.037,0.0011,"aoml_navis",1028.03517269406
"7901009",45,0,1,0.014952,1,-0.007476,1,138.178512930353,1,4.86360093147419,348,1,16.5919990539551,36.1790008544922,0.0149520002305508,0,133.246505737305,-86.1796,22.9944,21.8603543248898,63,63,63,63,61,63,0,8763,1.76508096394256,23,-86,0.001869,51,2024-08-31 18:26:31.001969,348,1.037,0.0011,"aoml_navis",1028.04487260522
"7901009",45,0,1,0.01869,1,-0.003738,1,138.015181934609,1,4.86344528360117,350,1,16.3990001678467,36.1500015258789,0.0186899993568659,0,133.089004516602,-86.1796,22.9944,21.8603543248898,63,63,63,63,61,63,0,8763,1.76508096394256,23,-86,0.001869,51,2024-08-31 18:26:31.001969,350,1.037,0.0011,"aoml_navis",1028.07777376653
"7901009",45,0,1,0.011214,1,-0.011214,1,137.798747003415,1,4.86337318766919,352,1,16.3269996643066,36.1360015869141,0.0112140001729131,0,132.880294799805,-86.1796,22.9944,21.8603543248898,63,63,63,63,61,63,0,8763,1.76508096394256,23,-86,0.001869,51,2024-08-31 18:26:31.001969,352,1.037,0.0011,"aoml_navis",1028.09301426368
"7901009",45,0,1,0.014952,1,-0.007476,1,137.3950399995,1,4.86331940568832,354,1,16.2999992370605,36.1310005187988,0.0149520002305508,0,132.490997314453,-86.1796,22.9944,21.8603543248898,63,63,63,63,61,63,0,8763,1.76508096394256,23,-86,0.001869,51,2024-08-31 18:26:31.001969,354,1.037,0.0011,"aoml_navis",1028.10438363391
"7901009",45,0,1,0.01869,1,-0.003738,1,136.954511524252,1,4.86325285653203,356,1,16.2520008087158,36.1230010986328,0.0186899993568659,0,132.066192626953,-86.1796,22.9944,21.8603543248898,63,63,63,63,61,63,0,8763,1.76508096394256,23,-86,0.001869,51,2024-08-31 18:26:31.001969,356,1.037,0.0011,"aoml_navis",1028.11845229974
"7901009",45,0,1,0.016821,1,-0.005607,1,136.474898805689,1,4.86318466275929,358,1,16.1959991455078,36.1129989624023,0.0168210007250309,0,131.603698730469,-86.1796,22.9944,21.8603543248898,63,63,63,63,61,63,0,8763,1.76508096394256,23,-86,0.001869,51,2024-08-31 18:26:31.001969,358,1.037,0.0011,"aoml_navis",1028.13286904123
"7901009",45,0,1,0.014952,1,-0.007476,1,135.810276786387,1,4.86311796599795,360,1,16.1380004882812,36.1020011901855,0.0149520002305508,0,130.962799072266,-86.1796,22.9944,21.8603543248898,63,63,63,63,61,63,0,8763,1.76508096394256,23,-86,0.001869,51,2024-08-31 18:26:31.001969,360,1.037,0.0011,"aoml_navis",1028.14696969292
"7901009",45,0,1,0.01869,1,-0.003738,1,135.363846115691,1,4.86299070725552,362,1,15.9899997711182,36.0800018310547,0.0186899993568659,0,130.532302856445,-86.1796,22.9944,21.8603543248898,63,63,63,63,61,63,0,8763,1.76508096394256,23,-86,0.001869,51,2024-08-31 18:26:31.001969,362,1.037,0.0011,"aoml_navis",1028.17387508886
"7901009",45,0,1,0.016821,1,-0.005607,1,135.07036617207,1,4.86287275216159,364,1,15.8430004119873,36.0559997558594,0.0168210007250309,0,130.249298095703,-86.1796,22.9944,21.8603543248898,63,63,63,63,61,63,0,8763,1.76508096394256,23,-86,0.001869,51,2024-08-31 18:26:31.001969,364,1.037,0.0011,"aoml_navis",1028.19881473918
"7901009",45,0,1,0.01869,1,-0.003738,1,134.942812291359,1,4.86276625816803,366,1,15.7220001220703,36.0369987487793,0.0186899993568659,0,130.12629699707,-86.1796,22.9944,21.8603543248898,63,63,63,63,61,63,0,8763,1.76508096394256,23,-86,0.001869,51,2024-08-31 18:26:31.001969,366,1.037,0.0011,"aoml_navis",1028.221332169
"7901009",45,0,1,0.016821,1,-0.005607,1,134.629331342252,1,4.86269517124363,368,1,15.6590003967285,36.0260009765625,0.0168210007250309,0,129.824005126953,-86.1796,22.9944,21.8603543248898,63,63,63,63,61,63,0,8763,1.76508096394256,23,-86,0.001869,51,2024-08-31 18:26:31.001969,368,1.037,0.0011,"aoml_navis",1028.23636356405
"7901009",45,0,4,0.011214,1,-0.011214,1,134.210275465456,1,4.86264571088727,370,1,15.6319999694824,36.0200004577637,0.0112140001729131,0,129.419906616211,-86.1796,22.9944,21.8603543248898,63,63,63,63,61,63,0,8763,1.76508096394256,23,-86,0.001869,51,2024-08-31 18:26:31.001969,370,1.037,0.0011,"aoml_navis",1028.24682226081
"7901009",45,0,1,0.016821,1,-0.005607,1,133.615546200291,1,4.86259177033624,372,1,15.5909996032715,36.0110015869141,0.0168210007250309,0,128.846405029297,-86.1796,22.9944,21.8603543248898,63,63,63,63,61,63,0,8763,1.76508096394256,23,-86,0.001869,51,2024-08-31 18:26:31.001969,372,1.037,0.0011,"aoml_navis",1028.25822856486
"7901009",45,0,1,0.014952,1,-0.007476,1,133.371214297047,1,4.86247593665781,374,1,15.4569997787476,35.9910011291504,0.0149520002305508,0,128.610794067383,-86.1796,22.9944,21.8603543248898,63,63,63,63,61,63,0,8763,1.76508096394256,23,-86,0.001869,51,2024-08-31 18:26:31.001969,374,1.037,0.0011,"aoml_navis",1028.28272368515
"7901009",45,0,1,0.01869,1,-0.003738,1,133.151788709179,1,4.86239352603773,376,1,15.3730001449585,35.9770011901855,0.0186899993568659,0,128.399200439453,-86.1796,22.9944,21.8603543248898,63,63,63,63,61,63,0,8763,1.76508096394256,23,-86,0.001869,51,2024-08-31 18:26:31.001969,376,1.037,0.0011,"aoml_navis",1028.30015160752
"7901009",45,0,1,0.01869,1,-0.003738,1,132.603723182286,1,4.86235053882543,378,1,15.3549995422363,35.9720001220703,0.0186899993568659,0,127.870697021484,-86.1796,22.9944,21.8603543248898,63,63,63,63,61,63,0,8763,1.76508096394256,23,-86,0.001869,51,2024-08-31 18:26:31.001969,378,1.037,0.0011,"aoml_navis",1028.30924263388
"7901009",45,0,1,0.022428,1,0,1,131.87377351176,1,4.86227605295878,380,1,15.2880001068115,35.9609985351562,0.0224280003458261,0,127.166801452637,-86.1796,22.9944,21.8603543248898,63,63,63,63,61,63,0,8763,1.76508096394256,23,-86,0.001869,51,2024-08-31 18:26:31.001969,380,1.037,0.0011,"aoml_navis",1028.3249954427
"7901009",45,0,1,0.01869,1,-0.003738,1,131.315549246322,1,4.86218167715697,382,1,15.1789999008179,35.943000793457,0.0186899993568659,0,126.62850189209,-86.1796,22.9944,21.8603543248898,63,63,63,63,61,63,0,8763,1.76508096394256,23,-86,0.001869,51,2024-08-31 18:26:31.001969,382,1.037,0.0011,"aoml_navis",1028.34495541179
"7901009",45,0,1,0.020559,1,-0.001869,1,130.629146068752,1,4.86211062452957,384,1,15.1079998016357,35.9300003051758,0.020558999851346,0,125.966598510742,-86.1796,22.9944,21.8603543248898,63,63,63,63,61,63,0,8763,1.76508096394256,23,-86,0.001869,51,2024-08-31 18:26:31.001969,384,1.037,0.0011,"aoml_navis",1028.35998316755
"7901009",45,0,1,0.020559,1,-0.001869,1,130.262046917835,1,4.86200741335513,386,1,14.9899997711182,35.9119987487793,0.020558999851346,0,125.612602233887,-86.1796,22.9944,21.8603543248898,63,63,63,63,61,63,0,8763,1.76508096394256,23,-86,0.001869,51,2024-08-31 18:26:31.001969,386,1.037,0.0011,"aoml_navis",1028.38181329503
"7901009",45,0,1,0.01869,1,-0.003738,1,129.652174486334,1,4.86195733628973,388,1,14.9549999237061,35.9039993286133,0.0186899993568659,0,125.02449798584,-86.1796,22.9944,21.8603543248898,63,63,63,63,61,63,0,8763,1.76508096394256,23,-86,0.001869,51,2024-08-31 18:26:31.001969,388,1.037,0.0011,"aoml_navis",1028.39240539606
"7901009",45,0,1,0.01869,1,-0.003738,1,128.924709117913,1,4.86187324376029,390,1,14.8610000610352,35.8880004882812,0.0186899993568659,0,124.322998046875,-86.1796,22.9944,21.8603543248898,63,63,63,63,61,63,0,8763,1.76508096394256,23,-86,0.001869,51,2024-08-31 18:26:31.001969,390,1.037,0.0011,"aoml_navis",1028.41019280315
"7901009",45,0,1,0.026166,1,0.003738,1,128.265688646034,1,4.86176543289399,392,1,14.7170000076294,35.8639984130859,0.0261659994721413,0,123.6875,-86.1796,22.9944,21.8603543248898,63,63,63,63,61,63,0,8763,1.76508096394256,23,-86,0.001869,51,2024-08-31 18:26:31.001969,392,1.037,0.0011,"aoml_navis",1028.43299805678
"7901009",45,0,1,0.020559,1,-0.001869,1,127.747387273665,1,4.86165592117405,394,1,14.5740003585815,35.8409996032715,0.020558999851346,0,123.187698364258,-86.1796,22.9944,21.8603543248898,63,63,63,63,61,63,0,8763,1.76508096394256,23,-86,0.001869,51,2024-08-31 18:26:31.001969,394,1.037,0.0011,"aoml_navis",1028.45616412783
"7901009",45,0,1,0.016821,1,-0.005607,1,127.185847968156,1,4.86155149328202,396,1,14.4350004196167,35.818000793457,0.0168210007250309,0,122.646202087402,-86.1796,22.9944,21.8603543248898,63,63,63,63,61,63,0,8763,1.76508096394256,23,-86,0.001869,51,2024-08-31 18:26:31.001969,396,1.037,0.0011,"aoml_navis",1028.47825573982
"7901009",45,0,1,0.022428,1,0,1,127.09738624255,1,4.86142645968089,398,1,14.2650003433228,35.7919998168945,0.0224280003458261,0,122.560897827148,-86.1796,22.9944,21.8603543248898,63,63,63,63,61,63,0,8763,1.76508096394256,23,-86,0.001869,51,2024-08-31 18:26:31.001969,398,1.037,0.0011,"aoml_navis",1028.50470771663
"7901009",45,0,1,0.020559,1,-0.001869,1,127.023759123464,1,4.861359181089,400,1,14.2019996643066,35.7809982299805,0.020558999851346,0,122.489898681641,-86.1796,22.9944,21.8603543248898,63,63,63,63,61,63,0,8763,1.76508096394256,23,-86,0.001869,51,2024-08-31 18:26:31.001969,400,1.037,0.0011,"aoml_navis",1028.51894166766
"7901009",45,0,1,0.026166,1,0.003738,1,126.726141313597,1,4.86131436837921,402,1,14.1850004196167,35.7770004272461,0.0261659994721413,0,122.202903747559,-86.1796,22.9944,21.8603543248898,63,63,63,63,61,63,0,8763,1.76508096394256,23,-86,0.001869,51,2024-08-31 18:26:31.001969,402,1.037,0.0011,"aoml_navis",1028.52842279094
"7901009",45,0,1,0.020559,1,-0.001869,1,126.279180552962,1,4.86126645999488,404,1,14.164999961853,35.7729988098145,0.020558999851346,0,121.771896362305,-86.1796,22.9944,21.8603543248898,63,63,63,63,61,63,0,8763,1.76508096394256,23,-86,0.001869,51,2024-08-31 18:26:31.001969,404,1.037,0.0011,"aoml_navis",1028.5385590662
"7901009",45,0,1,0.022428,1,0,1,125.829015517317,1,4.86119577947569,406,1,14.1020002365112,35.7630004882812,0.0224280003458261,0,121.337799072266,-86.1796,22.9944,21.8603543248898,63,63,63,63,61,63,0,8763,1.76508096394256,23,-86,0.001869,51,2024-08-31 18:26:31.001969,406,1.037,0.0011,"aoml_navis",1028.55351374868
"7901009",45,0,1,0.024297,1,0.001869,1,125.311442029642,1,4.86112949751691,408,1,14.0290002822876,35.7490005493164,0.0242970008403063,0,120.83869934082,-86.1796,22.9944,21.8603543248898,63,63,63,63,61,63,0,8763,1.76508096394256,23,-86,0.001869,51,2024-08-31 18:26:31.001969,408,1.037,0.0011,"aoml_navis",1028.56753817277
"7901009",45,0,1,0.022428,1,0,1,124.626700328002,1,4.86105780634754,410,1,13.9469995498657,35.734001159668,0.0224280003458261,0,120.178398132324,-86.1796,22.9944,21.8603543248898,63,63,63,63,61,63,0,8763,1.76508096394256,23,-86,0.001869,51,2024-08-31 18:26:31.001969,410,1.037,0.0011,"aoml_navis",1028.58270754794
"7901009",45,0,1,0.020559,1,-0.001869,1,124.164398606276,1,4.86095698411852,412,1,13.8149995803833,35.7130012512207,0.020558999851346,0,119.732597351074,-86.1796,22.9944,21.8603543248898,63,63,63,63,61,63,0,8763,1.76508096394256,23,-86,0.001869,51,2024-08-31 18:26:31.001969,412,1.037,0.0011,"aoml_navis",1028.60404161892
"7901009",45,0,1,0.022428,1,0,1,123.613540217462,1,4.86084792443297,414,1,13.6669998168945,35.689998626709,0.0224280003458261,0,119.201400756836,-86.1796,22.9944,21.8603543248898,63,63,63,63,61,63,0,8763,1.76508096394256,23,-86,0.001869,51,2024-08-31 18:26:31.001969,414,1.037,0.0011,"aoml_navis",1028.62711973925
"7901009",45,0,1,0.020559,1,-0.001869,1,123.017363094701,1,4.86074567638612,416,1,13.5319995880127,35.6689987182617,0.020558999851346,0,118.626502990723,-86.1796,22.9944,21.8603543248898,63,63,63,63,61,63,0,8763,1.76508096394256,23,-86,0.001869,51,2024-08-31 18:26:31.001969,416,1.037,0.0011,"aoml_navis",1028.6487573893
"7901009",45,0,1,0.022428,1,0,1,122.527164400925,1,4.86062150370585,418,1,13.3489999771118,35.640998840332,0.0224280003458261,0,118.153800964355,-86.1796,22.9944,21.8603543248898,63,63,63,63,61,63,0,8763,1.76508096394256,23,-86,0.001869,51,2024-08-31 18:26:31.001969,418,1.037,0.0011,"aoml_navis",1028.67503593684
"7901009",45,0,4,0.016821,1,-0.005607,1,122.104888425541,1,4.86049416073957,420,1,13.1540002822876,35.6110000610352,0.0168210007250309,0,117.746597290039,-86.1796,22.9944,21.8603543248898,63,63,63,63,61,63,0,8763,1.76508096394256,23,-86,0.001869,51,2024-08-31 18:26:31.001969,420,1.037,0.0011,"aoml_navis",1028.70198680358
"7901009",45,0,1,0.022428,1,0,1,121.557036516982,1,4.86041967739646,422,1,13.0550003051758,35.5929985046387,0.0224280003458261,0,117.218299865723,-86.1796,22.9944,21.8603543248898,63,63,63,63,61,63,0,8763,1.76508096394256,23,-86,0.001869,51,2024-08-31 18:26:31.001969,422,1.037,0.0011,"aoml_navis",1028.71775111369
"7901009",45,0,1,0.024297,1,0.001869,1,121.151668037136,1,4.86030965507429,424,1,12.9010000228882,35.5699996948242,0.0242970008403063,0,116.82740020752,-86.1796,22.9944,21.8603543248898,63,63,63,63,61,63,0,8763,1.76508096394256,23,-86,0.001869,51,2024-08-31 18:26:31.001969,424,1.037,0.0011,"aoml_navis",1028.74103809001
"7901009",45,0,1,0.026166,1,0.003738,1,120.769006395005,1,4.86022424807155,426,1,12.78600025177,35.5509986877441,0.0261659994721413,0,116.458396911621,-86.1796,22.9944,21.8603543248898,63,63,63,63,61,63,0,8763,1.76508096394256,23,-86,0.001869,51,2024-08-31 18:26:31.001969,426,1.037,0.0011,"aoml_navis",1028.75911579263
"7901009",45,0,1,0.020559,1,-0.001869,1,120.242002053477,1,4.86014135909965,428,1,12.6730003356934,35.5320014953613,0.020558999851346,0,115.950202941895,-86.1796,22.9944,21.8603543248898,63,63,63,63,61,63,0,8763,1.76508096394256,23,-86,0.001869,51,2024-08-31 18:26:31.001969,428,1.037,0.0011,"aoml_navis",1028.77666112293
"7901009",45,0,1,0.022428,1,0,1,120.106045851633,1,4.86002729489687,430,1,12.4969997406006,35.5050010681152,0.0224280003458261,0,115.81909942627,-86.1796,22.9944,21.8603543248898,63,63,63,63,61,63,0,8763,1.76508096394256,23,-86,0.001869,51,2024-08-31 18:26:31.001969,430,1.037,0.0011,"aoml_navis",1028.80080637615
"7901009",45,0,1,0.022428,1,0,1,119.873130661568,1,4.85994972423061,432,1,12.4069995880127,35.4910011291504,0.0224280003458261,0,115.594497680664,-86.1796,22.9944,21.8603543248898,63,63,63,63,61,63,0,8763,1.76508096394256,23,-86,0.001869,51,2024-08-31 18:26:31.001969,432,1.037,0.0011,"aoml_navis",1028.81722727935
"7901009",45,0,1,0.026166,1,0.003738,1,119.79110913314,1,4.85986388275174,434,1,12.3079996109009,35.4770011901855,0.0261659994721413,0,115.515403747559,-86.1796,22.9944,21.8603543248898,63,63,63,63,61,63,0,8763,1.76508096394256,23,-86,0.001869,51,2024-08-31 18:26:31.001969,434,1.037,0.0011,"aoml_navis",1028.83539963858
"7901009",45,0,1,0.024297,1,0.001869,1,119.679624098213,1,4.85980428102793,436,1,12.2589998245239,35.4690017700195,0.0242970008403063,0,115.407897949219,-86.1796,22.9944,21.8603543248898,63,63,63,63,61,63,0,8763,1.76508096394256,23,-86,0.001869,51,2024-08-31 18:26:31.001969,436,1.037,0.0011,"aoml_navis",1028.84801750543
"7901009",45,0,1,0.024297,1,0.001869,1,119.49607847865,1,4.85974701422643,438,1,12.2200002670288,35.4630012512207,0.0242970008403063,0,115.230903625488,-86.1796,22.9944,21.8603543248898,63,63,63,63,61,63,0,8763,1.76508096394256,23,-86,0.001869,51,2024-08-31 18:26:31.001969,438,1.037,0.0011,"aoml_navis",1028.86014135365
"7901009",45,0,1,0.020559,1,-0.001869,1,119.301013292636,1,4.85968744825268,440,1,12.1669998168945,35.4539985656738,0.020558999851346,0,115.04280090332,-86.1796,22.9944,21.8603543248898,63,63,63,63,61,63,0,8763,1.76508096394256,23,-86,0.001869,51,2024-08-31 18:26:31.001969,440,1.037,0.0011,"aoml_navis",1028.87275225854
"7901009",45,0,1,0.022428,1,0,1,118.968544047182,1,4.85962798722862,442,1,12.1140003204346,35.4449996948242,0.0224280003458261,0,114.722198486328,-86.1796,22.9944,21.8603543248898,63,63,63,63,61,63,0,8763,1.76508096394256,23,-86,0.001869,51,2024-08-31 18:26:31.001969,442,1.037,0.0011,"aoml_navis",1028.88534125252
"7901009",45,0,1,0.028035,1,0.005607,1,118.723294376281,1,4.85954541200405,444,1,12.0209999084473,35.431999206543,0.0280349999666214,0,114.485702514648,-86.1796,22.9944,21.8603543248898,63,63,63,63,61,63,0,8763,1.76508096394256,23,-86,0.001869,51,2024-08-31 18:26:31.001969,444,1.037,0.0011,"aoml_navis",1028.90282445946
"7901009",45,0,1,0.024297,1,0.001869,1,118.612228666232,1,4.85946100431306,446,1,11.9139995574951,35.4160003662109,0.0242970008403063,0,114.378601074219,-86.1796,22.9944,21.8603543248898,63,63,63,63,61,63,0,8763,1.76508096394256,23,-86,0.001869,51,2024-08-31 18:26:31.001969,446,1.037,0.0011,"aoml_navis",1028.92069625874
"7901009",45,0,1,0.024297,1,0.001869,1,118.422765027641,1,4.85941473440769,448,1,11.8900003433228,35.4109992980957,0.0242970008403063,0,114.195899963379,-86.1796,22.9944,21.8603543248898,63,63,63,63,61,63,0,8763,1.76508096394256,23,-86,0.001869,51,2024-08-31 18:26:31.001969,448,1.037,0.0011,"aoml_navis",1028.93049333634
"7901009",45,0,1,0.024297,1,0.001869,1,118.163202928369,1,4.85934868166972,450,1,11.8409996032715,35.4049987792969,0.0242970008403063,0,113.945602416992,-86.1796,22.9944,21.8603543248898,63,63,63,63,61,63,0,8763,1.76508096394256,23,-86,0.001869,51,2024-08-31 18:26:31.001969,450,1.037,0.0011,"aoml_navis",1028.94447950624
"7901009",45,0,1,0.024297,1,0.001869,1,117.994578945018,1,4.85928332266109,452,1,11.7770004272461,35.3950004577637,0.0242970008403063,0,113.782997131348,-86.1796,22.9944,21.8603543248898,63,63,63,63,61,63,0,8763,1.76508096394256,23,-86,0.001869,51,2024-08-31 18:26:31.001969,452,1.037,0.0011,"aoml_navis",1028.95831915844
"7901009",45,0,1,0.022428,1,0,1,117.710339972286,1,4.85922947811649,454,1,11.7329998016357,35.3870010375977,0.0224280003458261,0,113.508903503418,-86.1796,22.9944,21.8603543248898,63,63,63,63,61,63,0,8763,1.76508096394256,23,-86,0.001869,51,2024-08-31 18:26:31.001969,454,1.037,0.0011,"aoml_navis",1028.96972092334
"7901009",45,0,1,0.024297,1,0.001869,1,117.570752258765,1,4.85915215494864,456,1,11.6440000534058,35.3740005493164,0.0242970008403063,0,113.374298095703,-86.1796,22.9944,21.8603543248898,63,63,63,63,61,63,0,8763,1.76508096394256,23,-86,0.001869,51,2024-08-31 18:26:31.001969,456,1.037,0.0011,"aoml_navis",1028.98609480831
"7901009",45,0,1,0.024297,1,0.001869,1,117.454710032715,1,4.85907619429087,458,1,11.5640001296997,35.3629989624023,0.0242970008403063,0,113.262397766113,-86.1796,22.9944,21.8603543248898,63,63,63,63,61,63,0,8763,1.76508096394256,23,-86,0.001869,51,2024-08-31 18:26:31.001969,458,1.037,0.0011,"aoml_navis",1029.00218067679
"7901009",45,0,1,0.024297,1,0.001869,1,117.373511330462,1,4.85901443631812,460,1,11.5109996795654,35.3549995422363,0.0242970008403063,0,113.184097290039,-86.1796,22.9944,21.8603543248898,63,63,63,63,61,63,0,8763,1.76508096394256,23,-86,0.001869,51,2024-08-31 18:26:31.001969,460,1.037,0.0011,"aoml_navis",1029.01525927318
"7901009",45,0,1,0.024297,1,0.001869,1,117.330059778988,1,4.85896572380384,462,1,11.4759998321533,35.3479995727539,0.0242970008403063,0,113.142196655273,-86.1796,22.9944,21.8603543248898,63,63,63,63,61,63,0,8763,1.76508096394256,23,-86,0.001869,51,2024-08-31 18:26:31.001969,462,1.037,0.0011,"aoml_navis",1029.02557544402
"7901009",45,0,1,0.024297,1,0.001869,1,117.168287405903,1,4.85890975445141,464,1,11.4449996948242,35.3440017700195,0.0242970008403063,0,112.986198425293,-86.1796,22.9944,21.8603543248898,63,63,63,63,61,63,0,8763,1.76508096394256,23,-86,0.001869,51,2024-08-31 18:26:31.001969,464,1.037,0.0011,"aoml_navis",1029.03742869876
"7901009",45,0,1,0.026166,1,0.003738,1,117.037212778578,1,4.85885659470048,466,1,11.4169998168945,35.3400001525879,0.0261659994721413,0,112.859802246094,-86.1796,22.9944,21.8603543248898,63,63,63,63,61,63,0,8763,1.76508096394256,23,-86,0.001869,51,2024-08-31 18:26:31.001969,466,1.037,0.0011,"aoml_navis",1029.04868718568
"7901009",45,0,1,0.022428,1,0,1,116.900948016919,1,4.85879976694931,468,1,11.3769998550415,35.3339996337891,0.0224280003458261,0,112.728401184082,-86.1796,22.9944,21.8603543248898,63,63,63,63,61,63,0,8763,1.76508096394256,23,-86,0.001869,51,2024-08-31 18:26:31.001969,468,1.037,0.0011,"aoml_navis",1029.06072277585
"7901009",45,0,1,0.024297,1,0.001869,1,116.726208219786,1,4.85875125950146,470,1,11.3579998016357,35.3310012817383,0.0242970008403063,0,112.559898376465,-86.1796,22.9944,21.8603543248898,63,63,63,63,61,63,0,8763,1.76508096394256,23,-86,0.001869,51,2024-08-31 18:26:31.001969,470,1.037,0.0011,"aoml_navis",1029.07099642574
"7901009",45,0,1,0.026166,1,0.003738,1,116.431802596718,1,4.85870643759495,472,1,11.33899974823,35.3269996643066,0.0261659994721413,0,112.276000976562,-86.1796,22.9944,21.8603543248898,63,63,63,63,61,63,0,8763,1.76508096394256,23,-86,0.001869,51,2024-08-31 18:26:31.001969,472,1.037,0.0011,"aoml_navis",1029.08048967762
"7901009",45,0,1,0.026166,1,0.003738,1,116.160934549329,1,4.85864608047567,474,1,11.2869997024536,35.3190002441406,0.0261659994721413,0,112.014801025391,-86.1796,22.9944,21.8603543248898,63,63,63,63,61,63,0,8763,1.76508096394256,23,-86,0.001869,51,2024-08-31 18:26:31.001969,474,1.037,0.0011,"aoml_navis",1029.09327355461
"7901009",45,0,1,0.028035,1,0.005607,1,115.96887584357,1,4.85856137693513,476,1,11.1840000152588,35.3050003051758,0.0280349999666214,0,111.829597473145,-86.1796,22.9944,21.8603543248898,63,63,63,63,61,63,0,8763,1.76508096394256,23,-86,0.001869,51,2024-08-31 18:26:31.001969,476,1.037,0.0011,"aoml_navis",1029.11121463574
"7901009",45,0,1,0.028035,1,0.005607,1,115.885398545755,1,4.85848542891155,478,1,11.0780000686646,35.2879981994629,0.0280349999666214,0,111.749099731445,-86.1796,22.9944,21.8603543248898,63,63,63,63,61,63,0,8763,1.76508096394256,23,-86,0.001869,51,2024-08-31 18:26:31.001969,478,1.037,0.0011,"aoml_navis",1029.12730174024
"7901009",45,0,1,0.024297,1,0.001869,1,115.7800372364,1,4.85842205207313,480,1,11.0220003128052,35.2799987792969,0.0242970008403063,0,111.647499084473,-86.1796,22.9944,21.8603543248898,63,63,63,63,61,63,0,8763,1.76508096394256,23,-86,0.001869,51,2024-08-31 18:26:31.001969,480,1.037,0.0011,"aoml_navis",1029.14072643534
"7901009",45,0,1,0.026166,1,0.003738,1,115.688679795601,1,4.85835790939083,482,1,10.9650001525879,35.2719993591309,0.0261659994721413,0,111.55940246582,-86.1796,22.9944,21.8603543248898,63,63,63,63,61,63,0,8763,1.76508096394256,23,-86,0.001869,51,2024-08-31 18:26:31.001969,482,1.037,0.0011,"aoml_navis",1029.15431371069
"7901009",45,0,1,0.026166,1,0.003738,1,115.660988530096,1,4.85828329967159,484,1,10.8879995346069,35.2620010375977,0.0261659994721413,0,111.532699584961,-86.1796,22.9944,21.8603543248898,63,63,63,63,61,63,0,8763,1.76508096394256,23,-86,0.001869,51,2024-08-31 18:26:31.001969,484,1.037,0.0011,"aoml_navis",1029.17011865858
"7901009",45,0,1,0.026166,1,0.003738,1,115.643669621469,1,4.85821502059332,486,1,10.826000213623,35.2540016174316,0.0261659994721413,0,111.515998840332,-86.1796,22.9944,21.8603543248898,63,63,63,63,61,63,0,8763,1.76508096394256,23,-86,0.001869,51,2024-08-31 18:26:31.001969,486,1.037,0.0011,"aoml_navis",1029.18458298072
"7901009",45,0,1,0.024297,1,0.001869,1,115.578128351912,1,4.85816028272799,488,1,10.7790002822876,35.2459983825684,0.0242970008403063,0,111.452796936035,-86.1796,22.9944,21.8603543248898,63,63,63,63,61,63,0,8763,1.76508096394256,23,-86,0.001869,51,2024-08-31 18:26:31.001969,488,1.037,0.0011,"aoml_navis",1029.19617900963
"7901009",45,0,1,0.026166,1,0.003738,1,115.529288871349,1,4.85810262657436,490,1,10.7410001754761,35.2410011291504,0.0261659994721413,0,111.405700683594,-86.1796,22.9944,21.8603543248898,63,63,63,63,61,63,0,8763,1.76508096394256,23,-86,0.001869,51,2024-08-31 18:26:31.001969,490,1.037,0.0011,"aoml_navis",1029.20839355049
"7901009",45,0,1,0.029904,1,0.007476,1,115.566830315585,1,4.85803917012325,492,1,10.6840000152588,35.2330017089844,0.0299040004611015,0,111.441902160645,-86.1796,22.9944,21.8603543248898,63,63,63,63,61,63,0,8763,1.76508096394256,23,-86,0.001869,51,2024-08-31 18:26:31.001969,492,1.037,0.0011,"aoml_navis",1029.22183722803
"7901009",45,0,1,0.024297,1,0.001869,1,115.533023236298,1,4.8579842129136,494,1,10.6529998779297,35.2290000915527,0.0242970008403063,0,111.409301757812,-86.1796,22.9944,21.8603543248898,63,63,63,63,61,63,0,8763,1.76508096394256,23,-86,0.001869,51,2024-08-31 18:26:31.001969,494,1.037,0.0011,"aoml_navis",1029.2334805677
"7901009",45,0,1,0.024297,1,0.001869,1,115.455764605536,1,4.85792929372536,496,1,10.6219997406006,35.2249984741211,0.0242970008403063,0,111.334800720215,-86.1796,22.9944,21.8603543248898,63,63,63,63,61,63,0,8763,1.76508096394256,23,-86,0.001869,51,2024-08-31 18:26:31.001969,496,1.037,0.0011,"aoml_navis",1029.24511611524
"7901009",45,0,1,0.024297,1,0.001869,1,115.479824359366,1,4.85786334074816,498,1,10.5659999847412,35.2179985046387,0.0242970008403063,0,111.358001708984,-86.1796,22.9944,21.8603543248898,63,63,63,63,61,63,0,8763,1.76508096394256,23,-86,0.001869,51,2024-08-31 18:26:31.001969,498,1.037,0.0011,"aoml_navis",1029.259089703
"7901009",45,0,1,0.028035,1,0.005607,1,115.443319359639,1,4.85781101841242,500,1,10.5419998168945,35.2150001525879,0.0280349999666214,0,111.322799682617,-86.1796,22.9944,21.8603543248898,63,63,63,63,61,63,0,8763,1.76508096394256,23,-86,0.001869,51,2024-08-31 18:26:31.001969,500,1.037,0.0011,"aoml_navis",1029.27017560968
"7901009",45,0,1,0.022428,1,0,1,115.354343367673,1,4.8577717820251,502,1,10.5369997024536,35.2130012512207,0.0224280003458261,0,111.236999511719,-86.1796,22.9944,21.8603543248898,63,63,63,63,61,63,0,8763,1.76508096394256,23,-86,0.001869,51,2024-08-31 18:26:31.001969,502,1.037,0.0011,"aoml_navis",1029.27848905977
"7901009",45,0,1,0.024297,1,0.001869,1,115.288596391572,1,4.85772888395183,504,1,10.5319995880127,35.2120018005371,0.0242970008403063,0,111.173599243164,-86.1796,22.9944,21.8603543248898,63,63,63,63,61,63,0,8763,1.76508096394256,23,-86,0.001869,51,2024-08-31 18:26:31.001969,504,1.037,0.0011,"aoml_navis",1029.2875785057
"7901009",45,0,1,0.026166,1,0.003738,1,115.16146183574,1,4.85768702387226,506,1,10.5240001678467,35.2099990844727,0.0261659994721413,0,111.051002502441,-86.1796,22.9944,21.8603543248898,63,63,63,63,61,63,0,8763,1.76508096394256,23,-86,0.001869,51,2024-08-31 18:26:31.001969,506,1.037,0.0011,"aoml_navis",1029.2964481714
"7901009",45,0,1,0.022428,1,0,1,115.114275919318,1,4.857640750572,508,1,10.5109996795654,35.2080001831055,0.0224280003458261,0,111.005500793457,-86.1796,22.9944,21.8603543248898,63,63,63,63,61,63,0,8763,1.76508096394256,23,-86,0.001869,51,2024-08-31 18:26:31.001969,508,1.037,0.0011,"aoml_navis",1029.30625312529
"7901009",45,0,1,0.028035,1,0.005607,1,115.06076848257,1,4.85758541914969,510,1,10.4709997177124,35.2019996643066,0.0280349999666214,0,110.953903198242,-86.1796,22.9944,21.8603543248898,63,63,63,63,61,63,0,8763,1.76508096394256,23,-86,0.001869,51,2024-08-31 18:26:31.001969,510,1.037,0.0011,"aoml_navis",1029.31797767032
"7901009",45,0,1,0.029904,1,0.007476,1,115.024263482843,1,4.85753070364377,512,1,10.4399995803833,35.1980018615723,0.0299040004611015,0,110.918701171875,-86.1796,22.9944,21.8603543248898,63,63,63,63,61,63,0,8763,1.76508096394256,23,-86,0.001869,51,2024-08-31 18:26:31.001969,512,1.037,0.0011,"aoml_navis",1029.32957196737
"7901009",45,0,1,0.028035,1,0.005607,1,114.944306931642,1,4.85748464199477,514,1,10.4230003356934,35.1949996948242,0.0280349999666214,0,110.841598510742,-86.1796,22.9944,21.8603543248898,63,63,63,63,61,63,0,8763,1.76508096394256,23,-86,0.001869,51,2024-08-31 18:26:31.001969,514,1.037,0.0011,"aoml_navis",1029.33933270177
"7901009",45,0,1,0.028035,1,0.005607,1,115.049873947541,1,4.85741109517907,516,1,10.3620004653931,35.1889991760254,0.0280349999666214,0,110.943397521973,-86.1796,22.9944,21.8603543248898,63,63,63,63,61,63,0,8763,1.76508096394256,23,-86,0.001869,51,2024-08-31 18:26:31.001969,516,1.037,0.0011,"aoml_navis",1029.35491808845
"7901009",45,0,1,0.026166,1,0.003738,1,115.02083767771,1,4.85736157617995,518,1,10.3409996032715,35.1860008239746,0.0261659994721413,0,110.915397644043,-86.1796,22.9944,21.8603543248898,63,63,63,63,61,63,0,8763,1.76508096394256,23,-86,0.001869,51,2024-08-31 18:26:31.001969,518,1.037,0.0011,"aoml_navis",1029.36541197994
"7901009",45,0,1,0.026166,1,0.003738,1,114.95021703888,1,4.85732115117261,520,1,10.3430004119873,35.1860008239746,0.0261659994721413,0,110.847297668457,-86.1796,22.9944,21.8603543248898,63,63,63,63,61,63,0,8763,1.76508096394256,23,-86,0.001869,51,2024-08-31 18:26:31.001969,520,1.037,0.0011,"aoml_navis",1029.37397886342
"7901009",45,0,1,0.024297,1,0.001869,1,114.860623927284,1,4.8572835189309,522,1,10.3439998626709,35.185001373291,0.0242970008403063,0,110.760902404785,-86.1796,22.9944,21.8603543248898,63,63,63,63,61,63,0,8763,1.76508096394256,23,-86,0.001869,51,2024-08-31 18:26:31.001969,522,1.037,0.0011,"aoml_navis",1029.38195403107
"7901009",45,0,1,0.028035,1,0.005607,1,114.836461320182,1,4.85722722416245,524,1,10.3109998703003,35.1809997558594,0.0280349999666214,0,110.737602233887,-86.1796,22.9944,21.8603543248898,63,63,63,63,61,63,0,8763,1.76508096394256,23,-86,0.001869,51,2024-08-31 18:26:31.001969,524,1.037,0.0011,"aoml_navis",1029.393884463
"7901009",45,0,4,0.022428,1,0,1,114.780975935898,1,4.85717028529473,526,1,10.2729997634888,35.1759986877441,0.0224280003458261,0,110.684097290039,-86.1796,22.9944,21.8603543248898,63,63,63,63,61,63,0,8763,1.76508096394256,23,-86,0.001869,51,2024-08-31 18:26:31.001969,526,1.037,0.0011,"aoml_navis",1029.40595167884
"7901009",45,0,1,0.029904,1,0.007476,1,114.794979804454,1,4.85710644467921,528,1,10.2270002365112,35.1710014343262,0.0299040004611015,0,110.697601318359,-86.1796,22.9944,21.8603543248898,63,63,63,63,61,63,0,8763,1.76508096394256,23,-86,0.001869,51,2024-08-31 18:26:31.001969,528,1.037,0.0011,"aoml_navis",1029.41948193812
"7901009",45,0,1,0.028035,1,0.005607,1,114.719896915983,1,4.8570594552489,530,1,10.2130002975464,35.1689987182617,0.0280349999666214,0,110.625198364258,-86.1796,22.9944,21.8603543248898,63,63,63,63,61,63,0,8763,1.76508096394256,23,-86,0.001869,51,2024-08-31 18:26:31.001969,530,1.037,0.0011,"aoml_navis",1029.42944101634
"7901009",45,0,1,0.029904,1,0.007476,1,114.678209693711,1,4.85701352181048,532,1,10.1960000991821,35.1660003662109,0.0299040004611015,0,110.584999084473,-86.1796,22.9944,21.8603543248898,63,63,63,63,61,63,0,8763,1.76508096394256,23,-86,0.001869,51,2024-08-31 18:26:31.001969,532,1.037,0.0011,"aoml_navis",1029.43917647078
"7901009",45,0,1,0.028035,1,0.005607,1,114.663794412068,1,4.85695436584228,534,1,10.1510000228882,35.1599998474121,0.0280349999666214,0,110.571098327637,-86.1796,22.9944,21.8603543248898,63,63,63,63,61,63,0,8763,1.76508096394256,23,-86,0.001869,51,2024-08-31 18:26:31.001969,534,1.037,0.0011,"aoml_navis",1029.451714672
"7901009",45,0,1,0.029904,1,0.007476,1,114.566732570574,1,4.85689832571866,536,1,10.1180000305176,35.1559982299805,0.0299040004611015,0,110.477500915527,-86.1796,22.9944,21.8603543248898,63,63,63,63,61,63,0,8763,1.76508096394256,23,-86,0.001869,51,2024-08-31 18:26:31.001969,536,1.037,0.0011,"aoml_navis",1029.46359274675
"7901009",45,0,1,0.026166,1,0.003738,1,114.513225133827,1,4.85684339363402,538,1,10.0819997787476,35.1510009765625,0.0261659994721413,0,110.425903320312,-86.1796,22.9944,21.8603543248898,63,63,63,63,61,63,0,8763,1.76508096394256,23,-86,0.001869,51,2024-08-31 18:26:31.001969,538,1.037,0.0011,"aoml_navis",1029.47523623134
"7901009",45,0,1,0.028035,1,0.005607,1,114.411281717814,1,4.85680337222267,540,1,10.076000213623,35.148998260498,0.0280349999666214,0,110.327598571777,-86.1796,22.9944,21.8603543248898,63,63,63,63,61,63,0,8763,1.76508096394256,23,-86,0.001869,51,2024-08-31 18:26:31.001969,540,1.037,0.0011,"aoml_navis",1029.48371939377
"7901009",45,0,1,0.031773,1,0.009345,1,114.280104237218,1,4.85675774598512,542,1,10.0550003051758,35.1450004577637,0.0317730009555817,0,110.201103210449,-86.1796,22.9944,21.8603543248898,63,63,63,63,61,63,0,8763,1.76508096394256,23,-86,0.001869,51,2024-08-31 18:26:31.001969,542,1.037,0.0011,"aoml_navis",1029.49339075709
"7901009",45,0,4,0.022428,1,0,1,114.320960721524,1,4.85668776895766,544,1,9.97999954223633,35.1349983215332,0.0224280003458261,0,110.240501403809,-86.1796,22.9944,21.8603543248898,63,63,63,63,61,63,0,8763,1.76508096394256,23,-86,0.001869,51,2024-08-31 18:26:31.001969,544,1.037,0.0011,"aoml_navis",1029.50822409428
"7901009",45,0,1,0.031773,1,0.009345,1,114.271907622628,1,4.8566264352661,546,1,9.93200016021729,35.1290016174316,0.0317730009555817,0,110.193199157715,-86.1796,22.9944,21.8603543248898,63,63,63,63,61,63,0,8763,1.76508096394256,23,-86,0.001869,51,2024-08-31 18:26:31.001969,546,1.037,0.0011,"aoml_navis",1029.52122561719
"7901009",45,0,1,0.028035,1,0.005607,1,114.224207439847,1,4.85657375011775,548,1,9.89400005340576,35.1230010986328,0.0280349999666214,0,110.147201538086,-86.1796,22.9944,21.8603543248898,63,63,63,63,61,63,0,8763,1.76508096394256,23,-86,0.001869,51,2024-08-31 18:26:31.001969,548,1.037,0.0011,"aoml_navis",1029.53239408313
"7901009",45,0,1,0.031773,1,0.009345,1,114.336206741133,1,4.85649298290162,550,1,9.8100004196167,35.1139984130859,0.0317730009555817,0,110.25520324707,-86.1796,22.9944,21.8603543248898,63,63,63,63,61,63,0,8763,1.76508096394256,23,-86,0.001869,51,2024-08-31 18:26:31.001969,550,1.037,0.0011,"aoml_navis",1029.54951599923
"7901009",45,0,1,0.026166,1,0.003738,1,114.326245797341,1,4.85643341924162,552,1,9.76799964904785,35.109001159668,0.0261659994721413,0,110.245597839355,-86.1796,22.9944,21.8603543248898,63,63,63,63,61,63,0,8763,1.76508096394256,23,-86,0.001869,51,2024-08-31 18:26:31.001969,552,1.037,0.0011,"aoml_navis",1029.56214331891
"7901009",45,0,1,0.024297,1,0.001869,1,114.236549832472,1,4.85638920515918,554,1,9.75699996948242,35.1069984436035,0.0242970008403063,0,110.159103393555,-86.1796,22.9944,21.8603543248898,63,63,63,63,61,63,0,8763,1.76508096394256,23,-86,0.001869,51,2024-08-31 18:26:31.001969,554,1.037,0.0011,"aoml_navis",1029.57151677387
"7901009",45,0,1,0.026166,1,0.003738,1,114.246400011202,1,4.85633170712213,556,1,9.71300029754639,35.101001739502,0.0261659994721413,0,110.168601989746,-86.1796,22.9944,21.8603543248898,63,63,63,63,61,63,0,8763,1.76508096394256,23,-86,0.001869,51,2024-08-31 18:26:31.001969,556,1.037,0.0011,"aoml_navis",1029.58370670339
"7901009",45,0,1,0.029904,1,0.007476,1,114.227728186461,1,4.85628103639744,558,1,9.6899995803833,35.0979995727539,0.0299040004611015,0,110.150596618652,-86.1796,22.9944,21.8603543248898,63,63,63,63,61,63,0,8763,1.76508096394256,23,-86,0.001869,51,2024-08-31 18:26:31.001969,558,1.037,0.0011,"aoml_navis",1029.59444944092
"7901009",45,0,1,0.026166,1,0.003738,1,114.191436805068,1,4.85623459389487,560,1,9.67199993133545,35.0950012207031,0.0261659994721413,0,110.115600585938,-86.1796,22.9944,21.8603543248898,63,63,63,63,61,63,0,8763,1.76508096394256,23,-86,0.001869,51,2024-08-31 18:26:31.001969,560,1.037,0.0011,"aoml_navis",1029.60429594688
"7901009",45,0,1,0.028035,1,0.005607,1,114.302502515117,1,4.85616102927815,562,1,9.60000038146973,35.0870018005371,0.0280349999666214,0,110.222702026367,-86.1796,22.9944,21.8603543248898,63,63,63,63,61,63,0,8763,1.76508096394256,23,-86,0.001869,51,2024-08-31 18:26:31.001969,562,1.037,0.0011,"aoml_navis",1029.61989313259
"7901009",45,0,1,0.024297,1,0.001869,1,114.429534217678,1,4.85608854588295,564,1,9.5290002822876,35.0789985656738,0.0242970008403063,0,110.345199584961,-86.1796,22.9944,21.8603543248898,63,63,63,63,61,63,0,8763,1.76508096394256,23,-86,0.001869,51,2024-08-31 18:26:31.001969,564,1.037,0.0011,"aoml_navis",1029.63526153967
"7901009",45,0,1,0.028035,1,0.005607,1,114.484497423812,1,4.85602613059871,566,1,9.48299980163574,35.0740013122559,0.0280349999666214,0,110.39820098877,-86.1796,22.9944,21.8603543248898,63,63,63,63,61,63,0,8763,1.76508096394256,23,-86,0.001869,51,2024-08-31 18:26:31.001969,566,1.037,0.0011,"aoml_navis",1029.64849560716
"7901009",45,0,1,0.033642,1,0.011214,1,114.527529650408,1,4.85596765597512,568,1,9.44600009918213,35.0699996948242,0.0336420014500618,0,110.439697265625,-86.1796,22.9944,21.8603543248898,63,63,63,63,61,63,0,8763,1.76508096394256,23,-86,0.001869,51,2024-08-31 18:26:31.001969,568,1.037,0.0011,"aoml_navis",1029.66089443525
"7901009",45,0,4,0.020559,1,-0.001869,1,114.584051479201,1,4.85590888455539,570,1,9.41300010681152,35.0670013427734,0.020558999851346,0,110.494201660156,-86.1796,22.9944,21.8603543248898,63,63,63,63,61,63,0,8763,1.76508096394256,23,-86,0.001869,51,2024-08-31 18:26:31.001969,570,1.037,0.0011,"aoml_navis",1029.67335649623
"7901009",45,0,1,0.031773,1,0.009345,1,114.545782150272,1,4.8558550159527,572,1,9.3769998550415,35.0620002746582,0.0317730009555817,0,110.457298278809,-86.1796,22.9944,21.8603543248898,63,63,63,63,61,63,0,8763,1.76508096394256,23,-86,0.001869,51,2024-08-31 18:26:31.001969,572,1.037,0.0011,"aoml_navis",1029.68477921473
"7901009",45,0,1,0.026166,1,0.003738,1,114.605516165863,1,4.85579432612979,574,1,9.3149995803833,35.0530014038086,0.0261659994721413,0,110.51490020752,-86.1796,22.9944,21.8603543248898,63,63,63,63,61,63,0,8763,1.76508096394256,23,-86,0.001869,51,2024-08-31 18:26:31.001969,574,1.037,0.0011,"aoml_navis",1029.69764866156
"7901009",45,0,1,0.026166,1,0.003738,1,114.576685602576,1,4.85574805005075,576,1,9.28800010681152,35.0480003356934,0.0261659994721413,0,110.487098693848,-86.1796,22.9944,21.8603543248898,63,63,63,63,61,63,0,8763,1.76508096394256,23,-86,0.001869,51,2024-08-31 18:26:31.001969,576,1.037,0.0011,"aoml_navis",1029.70746184983
"7901009",45,0,1,0.028035,1,0.005607,1,114.840084920068,1,4.85565752542024,578,1,9.1850004196167,35.0379981994629,0.0280349999666214,0,110.741096496582,-86.1796,22.9944,21.8603543248898,63,63,63,63,61,63,0,8763,1.76508096394256,23,-86,0.001869,51,2024-08-31 18:26:31.001969,578,1.037,0.0011,"aoml_navis",1029.72665881482
"7901009",45,0,1,0.026166,1,0.003738,1,114.916726431198,1,4.85559703673078,580,1,9.14500045776367,35.0340003967285,0.0261659994721413,0,110.815002441406,-86.1796,22.9944,21.8603543248898,63,63,63,63,61,63,0,8763,1.76508096394256,23,-86,0.001869,51,2024-08-31 18:26:31.001969,580,1.037,0.0011,"aoml_navis",1029.73948665362
"7901009",45,0,1,0.028035,1,0.005607,1,114.932178157351,1,4.85555180519505,582,1,9.12800025939941,35.0309982299805,0.0280349999666214,0,110.829902648926,-86.1796,22.9944,21.8603543248898,63,63,63,63,61,63,0,8763,1.76508096394256,23,-86,0.001869,51,2024-08-31 18:26:31.001969,582,1.037,0.0011,"aoml_navis",1029.74907911608
"7901009",45,0,1,0.029904,1,0.007476,1,114.966499502998,1,4.85549959340729,584,1,9.09799957275391,35.0270004272461,0.0299040004611015,0,110.862998962402,-86.1796,22.9944,21.8603543248898,63,63,63,63,61,63,0,8763,1.76508096394256,23,-86,0.001869,51,2024-08-31 18:26:31.001969,584,1.037,0.0011,"aoml_navis",1029.7601521353
"7901009",45,0,1,0.029904,1,0.007476,1,115.124331804591,1,4.85542905047911,586,1,9.04100036621094,35.0219993591309,0.0299040004611015,0,111.015197753906,-86.1796,22.9944,21.8603543248898,63,63,63,63,61,63,0,8763,1.76508096394256,23,-86,0.001869,51,2024-08-31 18:26:31.001969,586,1.037,0.0011,"aoml_navis",1029.77511318112
"7901009",45,0,1,0.029904,1,0.007476,1,115.152331629913,1,4.85536961382434,588,1,9.0019998550415,35.0180015563965,0.0299040004611015,0,111.042198181152,-86.1796,22.9944,21.8603543248898,63,63,63,63,61,63,0,8763,1.76508096394256,23,-86,0.001869,51,2024-08-31 18:26:31.001969,588,1.037,0.0011,"aoml_navis",1029.78771909843
"7901009",45,0,1,0.031773,1,0.009345,1,115.126301840337,1,4.85532568635263,590,1,8.99100017547607,35.015998840332,0.0317730009555817,0,111.017097473145,-86.1796,22.9944,21.8603543248898,63,63,63,63,61,63,0,8763,1.76508096394256,23,-86,0.001869,51,2024-08-31 18:26:31.001969,590,1.037,0.0011,"aoml_navis",1029.79703587218
"7901009",45,0,1,0.028035,1,0.005607,1,115.105256478553,1,4.85528419007502,592,1,8.98299980163574,35.0139999389648,0.0280349999666214,0,110.996803283691,-86.1796,22.9944,21.8603543248898,63,63,63,63,61,63,0,8763,1.76508096394256,23,-86,0.001869,51,2024-08-31 18:26:31.001969,592,1.037,0.0011,"aoml_navis",1029.80583715796
"7901009",45,0,1,0.026166,1,0.003738,1,115.11334232808,1,4.85523579555938,594,1,8.96199989318848,35.0110015869141,0.0261659994721413,0,111.004600524902,-86.1796,22.9944,21.8603543248898,63,63,63,63,61,63,0,8763,1.76508096394256,23,-86,0.001869,51,2024-08-31 18:26:31.001969,594,1.037,0.0011,"aoml_navis",1029.81610173764
"7901009",45,0,1,0.031773,1,0.009345,1,115.228142403078,1,4.85519230519047,596,1,8.94699954986572,35.007999420166,0.0317730009555817,0,111.115303039551,-86.1796,22.9944,21.8603543248898,63,63,63,63,61,63,0,8763,1.76508096394256,23,-86,0.001869,51,2024-08-31 18:26:31.001969,596,1.037,0.0011,"aoml_navis",1029.82532631194
"7901009",45,0,4,0.022428,1,0,1,115.534993272044,1,4.85509754202366,598,1,8.8459997177124,35,0.0224280003458261,0,111.411201477051,-86.1796,22.9944,21.8603543248898,63,63,63,63,61,63,0,8763,1.76508096394256,23,-86,0.001869,51,2024-08-31 18:26:31.001969,598,1.037,0.0011,"aoml_navis",1029.84542673389
"7901009",45,0,1,0.029904,1,0.007476,1,115.61909560128,1,4.85504119417963,600,1,8.8149995803833,34.9970016479492,0.0299040004611015,0,111.492301940918,-86.1796,22.9944,21.8603543248898,63,63,63,63,61,63,0,8763,1.76508096394256,23,-86,0.001869,51,2024-08-31 18:26:31.001969,600,1.037,0.0011,"aoml_navis",1029.85737916996
"7901009",45,0,1,0.028035,1,0.005607,1,115.647301133145,1,4.85499562077131,602,1,8.81099987030029,34.9970016479492,0.0280349999666214,0,111.519500732422,-86.1796,22.9944,21.8603543248898,63,63,63,63,61,63,0,8763,1.76508096394256,23,-86,0.001869,51,2024-08-31 18:26:31.001969,602,1.037,0.0011,"aoml_navis",1029.86704634878
"7901009",45,0,1,0.026166,1,0.003738,1,115.751309526386,1,4.85495373623757,604,1,8.80700016021729,34.9959983825684,0.0261659994721413,0,111.61979675293,-86.1796,22.9944,21.8603543248898,63,63,63,63,61,63,0,8763,1.76508096394256,23,-86,0.001869,51,2024-08-31 18:26:31.001969,604,1.037,0.0011,"aoml_navis",1029.87593119164
"7901009",45,0,1,0.026166,1,0.003738,1,115.892139390958,1,4.85489964185844,606,1,8.79699993133545,34.9970016479492,0.0261659994721413,0,111.755599975586,-86.1796,22.9944,21.8603543248898,63,63,63,63,61,63,0,8763,1.76508096394256,23,-86,0.001869,51,2024-08-31 18:26:31.001969,606,1.037,0.0011,"aoml_navis",1029.88740629992
"7901009",45,0,1,0.026166,1,0.003738,1,115.991590593075,1,4.85484140187824,608,1,8.75899982452393,34.9930000305176,0.0261659994721413,0,111.851501464844,-86.1796,22.9944,21.8603543248898,63,63,63,63,61,63,0,8763,1.76508096394256,23,-86,0.001869,51,2024-08-31 18:26:31.001969,608,1.037,0.0011,"aoml_navis",1029.8997611056
"7901009",45,0,1,0.024297,1,0.001869,1,116.100994827194,1,4.8547911219907,610,1,8.73999977111816,34.9910011291504,0.0242970008403063,0,111.957000732422,-86.1796,22.9944,21.8603543248898,63,63,63,63,61,63,0,8763,1.76508096394256,23,-86,0.001869,51,2024-08-31 18:26:31.001969,610,1.037,0.0011,"aoml_navis",1029.91042752623
"7901009",45,0,1,0.029904,1,0.007476,1,116.20915691026,1,4.85474119743576,612,1,8.72599983215332,34.9900016784668,0.0299040004611015,0,112.061302185059,-86.1796,22.9944,21.8603543248898,63,63,63,63,61,63,0,8763,1.76508096394256,23,-86,0.001869,51,2024-08-31 18:26:31.001969,612,1.037,0.0011,"aoml_navis",1029.92101878489
"7901009",45,0,1,0.026166,1,0.003738,1,116.328617029653,1,4.85468711944873,613.900024414062,1,8.69499969482422,34.9869995117188,0.0261659994721413,0,112.176498413086,-86.1796,22.9944,21.8603543248898,63,63,63,63,61,63,0,8763,1.76508096394256,23,-86,0.001869,51,2024-08-31 18:26:31.001969,613.900024414062,1.037,0.0011,"aoml_navis",1029.93249142033
"7901009",45,0,1,0.029904,1,0.007476,1,116.443314251378,1,4.85461603006855,616,1,8.64799976348877,34.984001159668,0.0299040004611015,0,112.287101745605,-86.1796,22.9944,21.8603543248898,63,63,63,63,61,63,0,8763,1.76508096394256,23,-86,0.001869,51,2024-08-31 18:26:31.001969,616,1.037,0.0011,"aoml_navis",1029.94757340868
"7901009",45,0,1,0.028035,1,0.005607,1,116.490808727616,1,4.85456153086641,618,1,8.61900043487549,34.9809989929199,0.0280349999666214,0,112.332901000977,-86.1796,22.9944,21.8603543248898,63,63,63,63,61,63,0,8763,1.76508096394256,23,-86,0.001869,51,2024-08-31 18:26:31.001969,618,1.037,0.0011,"aoml_navis",1029.95913600206
"7901009",45,0,1,0.028035,1,0.005607,1,116.463948200075,1,4.85451933069802,620,1,8.60999965667725,34.9790000915527,0.0280349999666214,0,112.306999206543,-86.1796,22.9944,21.8603543248898,63,63,63,63,61,63,0,8763,1.76508096394256,23,-86,0.001869,51,2024-08-31 18:26:31.001969,620,1.037,0.0011,"aoml_navis",1029.96808940115
"7901009",45,0,1,0.029904,1,0.007476,1,116.416350870565,1,4.85447505648413,622,1,8.60299968719482,34.9780006408691,0.0299040004611015,0,112.261100769043,-86.1796,22.9944,21.8603543248898,63,63,63,63,61,63,0,8763,1.76508096394256,23,-86,0.001869,51,2024-08-31 18:26:31.001969,622,1.037,0.0011,"aoml_navis",1029.97748300745
"7901009",45,0,1,0.028035,1,0.005607,1,116.45658232345,1,4.85442967223486,624,1,8.59000015258789,34.976001739502,0.0280349999666214,0,112.299896240234,-86.1796,22.9944,21.8603543248898,63,63,63,63,61,63,0,8763,1.76508096394256,23,-86,0.001869,51,2024-08-31 18:26:31.001969,624,1.037,0.0011,"aoml_navis",1029.98711230646
"7901009",45,0,1,0.031773,1,0.009345,1,116.561010041568,1,4.85437970413652,626,1,8.5620002746582,34.9720001220703,0.0317730009555817,0,112.400596618652,-86.1796,22.9944,21.8603543248898,63,63,63,63,61,63,0,8763,1.76508096394256,23,-86,0.001869,51,2024-08-31 18:26:31.001969,626,1.037,0.0011,"aoml_navis",1029.99771438139
"7901009",45,0,1,0.029904,1,0.007476,1,116.814456327058,1,4.85430822799777,628,1,8.49300003051758,34.9650001525879,0.0299040004611015,0,112.644996643066,-86.1796,22.9944,21.8603543248898,63,63,63,63,61,63,0,8763,1.76508096394256,23,-86,0.001869,51,2024-08-31 18:26:31.001969,628,1.037,0.0011,"aoml_navis",1030.0128803445
"7901009",45,0,1,0.029904,1,0.007476,1,117.080142151902,1,4.85425831313089,630,1,8.45100021362305,34.9580001831055,0.0299040004611015,0,112.90119934082,-86.1796,22.9944,21.8603543248898,63,63,63,63,61,63,0,8763,1.76508096394256,23,-86,0.001869,51,2024-08-31 18:26:31.001969,630,1.037,0.0011,"aoml_navis",1030.02347165475
"7901009",45,0,1,0.029904,1,0.007476,1,117.590769087831,1,4.85416907813561,632,1,8.34500026702881,34.9480018615723,0.0299040004611015,0,113.393600463867,-86.1796,22.9944,21.8603543248898,63,63,63,63,61,63,0,8763,1.76508096394256,23,-86,0.001869,51,2024-08-31 18:26:31.001969,632,1.037,0.0011,"aoml_navis",1030.04240674707
"7901009",45,0,1,0.039249,1,0.016821,1,118.19939145649,1,4.85407168302531,634,1,8.20899963378906,34.9339981079102,0.0392489992082119,0,113.980499267578,-86.1796,22.9944,21.8603543248898,63,63,63,63,61,63,0,8763,1.76508096394256,23,-86,0.001869,51,2024-08-31 18:26:31.001969,634,1.037,0.0011,"aoml_navis",1030.06307415793
"7901009",45,0,1,0.029904,1,0.007476,1,118.892535479263,1,4.85395291502686,636,1,8.04899978637695,34.9210014343262,0.0299040004611015,0,114.648902893066,-86.1796,22.9944,21.8603543248898,63,63,63,63,61,63,0,8763,1.76508096394256,23,-86,0.001869,51,2024-08-31 18:26:31.001969,636,1.037,0.0011,"aoml_navis",1030.08827805499
"7901009",45,0,1,0.033642,1,0.011214,1,119.180097403857,1,4.85388185437551,638,1,7.98799991607666,34.9160003662109,0.0336420014500618,0,114.926200866699,-86.1796,22.9944,21.8603543248898,63,63,63,63,61,63,0,8763,1.76508096394256,23,-86,0.001869,51,2024-08-31 18:26:31.001969,638,1.037,0.0011,"aoml_navis",1030.10335850939
"7901009",45,0,1,0.026166,1,0.003738,1,119.289707344519,1,4.85383045834225,640,1,7.96199989318848,34.9129981994629,0.0261659994721413,0,115.031898498535,-86.1796,22.9944,21.8603543248898,63,63,63,63,61,63,0,8763,1.76508096394256,23,-86,0.001869,51,2024-08-31 18:26:31.001969,640,1.037,0.0011,"aoml_navis",1030.11426602397
"7901009",45,0,1,0.028035,1,0.005607,1,119.401295232718,1,4.85377693056394,642,1,7.93800020217896,34.9109992980957,0.0280349999666214,0,115.139503479004,-86.1796,22.9944,21.8603543248898,63,63,63,63,61,63,0,8763,1.76508096394256,23,-86,0.001869,51,2024-08-31 18:26:31.001969,642,1.037,0.0011,"aoml_navis",1030.12562619335
"7901009",45,0,1,0.026166,1,0.003738,1,119.433337982803,1,4.85373124420504,644,1,7.92899990081787,34.9099998474121,0.0261659994721413,0,115.170402526855,-86.1796,22.9944,21.8603543248898,63,63,63,63,61,63,0,8763,1.76508096394256,23,-86,0.001869,51,2024-08-31 18:26:31.001969,644,1.037,0.0011,"aoml_navis",1030.13532238102
"7901009",45,0,1,0.028035,1,0.005607,1,119.486014681586,1,4.85368632798256,646,1,7.9210000038147,34.9090003967285,0.0280349999666214,0,115.221199035645,-86.1796,22.9944,21.8603543248898,63,63,63,63,61,63,0,8763,1.76508096394256,23,-86,0.001869,51,2024-08-31 18:26:31.001969,646,1.037,0.0011,"aoml_navis",1030.1448552977
"7901009",45,0,1,0.028035,1,0.005607,1,119.524695423602,1,4.8536421808785,648,1,7.91400003433228,34.9080009460449,0.0280349999666214,0,115.258499145508,-86.1796,22.9944,21.8603543248898,63,63,63,63,61,63,0,8763,1.76508096394256,23,-86,0.001869,51,2024-08-31 18:26:31.001969,648,1.037,0.0011,"aoml_navis",1030.15422515036
"7901009",45,0,1,0.026166,1,0.003738,1,119.649448530602,1,4.85359037438769,650,1,7.89699983596802,34.9070014953613,0.0261659994721413,0,115.378799438477,-86.1796,22.9944,21.8603543248898,63,63,63,63,61,63,0,8763,1.76508096394256,23,-86,0.001869,51,2024-08-31 18:26:31.001969,650,1.037,0.0011,"aoml_navis",1030.16522086102
"7901009",45,0,1,0.029904,1,0.007476,1,119.770672979196,1,4.85353538616595,652,1,7.87099981307983,34.9049987792969,0.0299040004611015,0,115.495697021484,-86.1796,22.9944,21.8603543248898,63,63,63,63,61,63,0,8763,1.76508096394256,23,-86,0.001869,51,2024-08-31 18:26:31.001969,652,1.037,0.0011,"aoml_navis",1030.17689213754
"7901009",45,0,1,0.031773,1,0.009345,1,119.852599566143,1,4.85348575777812,654,1,7.85200023651123,34.9029998779297,0.0317730009555817,0,115.574699401855,-86.1796,22.9944,21.8603543248898,63,63,63,63,61,63,0,8763,1.76508096394256,23,-86,0.001869,51,2024-08-31 18:26:31.001969,654,1.037,0.0011,"aoml_navis",1030.18742601378
"7901009",45,0,1,0.028035,1,0.005607,1,119.927160276465,1,4.85343704405741,656,1,7.83900022506714,34.9020004272461,0.0280349999666214,0,115.646598815918,-86.1796,22.9944,21.8603543248898,63,63,63,63,61,63,0,8763,1.76508096394256,23,-86,0.001869,51,2024-08-31 18:26:31.001969,656,1.037,0.0011,"aoml_navis",1030.19776595682
"7901009",45,0,1,0.035511,1,0.013083,1,120.027750776363,1,4.85338986259344,658,1,7.82800006866455,34.9010009765625,0.0355109982192516,0,115.743598937988,-86.1796,22.9944,21.8603543248898,63,63,63,63,61,63,0,8763,1.76508096394256,23,-86,0.001869,51,2024-08-31 18:26:31.001969,658,1.037,0.0011,"aoml_navis",1030.20778086189
"7901009",45,0,1,0.029904,1,0.007476,1,120.211407160988,1,4.8533302399159,660,1,7.79099988937378,34.8979988098145,0.0299040004611015,0,115.920700073242,-86.1796,22.9944,21.8603543248898,63,63,63,63,61,63,0,8763,1.76508096394256,23,-86,0.001869,51,2024-08-31 18:26:31.001969,660,1.037,0.0011,"aoml_navis",1030.22043686165
"7901009",45,0,1,0.029904,1,0.007476,1,120.313659136816,1,4.85328447250765,662,1,7.77699995040894,34.8959999084473,0.0299040004611015,0,116.019302368164,-86.1796,22.9944,21.8603543248898,63,63,63,63,61,63,0,8763,1.76508096394256,23,-86,0.001869,51,2024-08-31 18:26:31.001969,662,1.037,0.0011,"aoml_navis",1030.23015203898
"7901009",45,0,1,0.026166,1,0.003738,1,120.475740069717,1,4.85322971022931,664,1,7.75600004196167,34.8950004577637,0.0261659994721413,0,116.175598144531,-86.1796,22.9944,21.8603543248898,63,63,63,63,61,63,0,8763,1.76508096394256,23,-86,0.001869,51,2024-08-31 18:26:31.001969,664,1.037,0.0011,"aoml_navis",1030.24177682366
"7901009",45,0,1,0.028035,1,0.005607,1,120.569281164596,1,4.85317560660003,666,1,7.73099994659424,34.8930015563965,0.0280349999666214,0,116.265800476074,-86.1796,22.9944,21.8603543248898,63,63,63,63,61,63,0,8763,1.76508096394256,23,-86,0.001869,51,2024-08-31 18:26:31.001969,666,1.037,0.0011,"aoml_navis",1030.25326204976
"7901009",45,0,1,0.028035,1,0.005607,1,120.68936631541,1,4.85312305785618,668,1,7.70800018310547,34.890998840332,0.0280349999666214,0,116.38159942627,-86.1796,22.9944,21.8603543248898,63,63,63,63,61,63,0,8763,1.76508096394256,23,-86,0.001869,51,2024-08-31 18:26:31.001969,668,1.037,0.0011,"aoml_navis",1030.26441744683
"7901009",45,0,1,0.031773,1,0.009345,1,120.745160259509,1,4.85307592607209,670,1,7.69700002670288,34.8899993896484,0.0317730009555817,0,116.435401916504,-86.1796,22.9944,21.8603543248898,63,63,63,63,61,63,0,8763,1.76508096394256,23,-86,0.001869,51,2024-08-31 18:26:31.001969,670,1.037,0.0011,"aoml_navis",1030.27442310115
"7901009",45,0,1,0.028035,1,0.005607,1,120.834136251475,1,4.85302652659455,672,1,7.68300008773804,34.8889999389648,0.0280349999666214,0,116.521202087402,-86.1796,22.9944,21.8603543248898,63,63,63,63,61,63,0,8763,1.76508096394256,23,-86,0.001869,51,2024-08-31 18:26:31.001969,672,1.037,0.0011,"aoml_navis",1030.28491037501
"7901009",45,0,1,0.029904,1,0.007476,1,120.845022874714,1,4.85298394736858,674,1,7.67799997329712,34.8880004882812,0.0299040004611015,0,116.531700134277,-86.1796,22.9944,21.8603543248898,63,63,63,63,61,63,0,8763,1.76508096394256,23,-86,0.001869,51,2024-08-31 18:26:31.001969,674,1.037,0.0011,"aoml_navis",1030.29394991326
"7901009",45,0,1,0.029904,1,0.007476,1,120.905271156664,1,4.85293693346819,676,1,7.67199993133545,34.8880004882812,0.0299040004611015,0,116.589797973633,-86.1796,22.9944,21.8603543248898,63,63,63,63,61,63,0,8763,1.76508096394256,23,-86,0.001869,51,2024-08-31 18:26:31.001969,676,1.037,0.0011,"aoml_navis",1030.30393111388
"7901009",45,0,1,0.033642,1,0.011214,1,120.989998517322,1,4.85289057338147,678,1,7.66200017929077,34.8870010375977,0.0336420014500618,0,116.671501159668,-86.1796,22.9944,21.8603543248898,63,63,63,63,61,63,0,8763,1.76508096394256,23,-86,0.001869,51,2024-08-31 18:26:31.001969,678,1.037,0.0011,"aoml_navis",1030.31377369715
"7901009",45,0,1,0.029904,1,0.007476,1,121.104901445592,1,4.85284043450867,680,1,7.64699983596802,34.8860015869141,0.0299040004611015,0,116.782302856445,-86.1796,22.9944,21.8603543248898,63,63,63,63,61,63,0,8763,1.76508096394256,23,-86,0.001869,51,2024-08-31 18:26:31.001969,680,1.037,0.0011,"aoml_navis",1030.32441875584
"7901009",45,0,1,0.031773,1,0.009345,1,121.167016910016,1,4.85279712144954,682,1,7.64099979400635,34.8849983215332,0.0317730009555817,0,116.84220123291,-86.1796,22.9944,21.8603543248898,63,63,63,63,61,63,0,8763,1.76508096394256,23,-86,0.001869,51,2024-08-31 18:26:31.001969,682,1.037,0.0011,"aoml_navis",1030.33361479296
"7901009",45,0,1,0.029904,1,0.007476,1,121.276215437591,1,4.85274699399993,684,1,7.62599992752075,34.8839988708496,0.0299040004611015,0,116.94750213623,-86.1796,22.9944,21.8603543248898,63,63,63,63,61,63,0,8763,1.76508096394256,23,-86,0.001869,51,2024-08-31 18:26:31.001969,684,1.037,0.0011,"aoml_navis",1030.34425783626
"7901009",45,0,1,0.031773,1,0.009345,1,121.359795588678,1,4.85269385463586,686,1,7.60699987411499,34.882999420166,0.0317730009555817,0,117.028099060059,-86.1796,22.9944,21.8603543248898,63,63,63,63,61,63,0,8763,1.76508096394256,23,-86,0.001869,51,2024-08-31 18:26:31.001969,686,1.037,0.0011,"aoml_navis",1030.35554060832
"7901009",45,0,1,0.029904,1,0.007476,1,121.378673119963,1,4.85264836660275,688,1,7.60300016403198,34.882999420166,0.0299040004611015,0,117.04630279541,-86.1796,22.9944,21.8603543248898,63,63,63,63,61,63,0,8763,1.76508096394256,23,-86,0.001869,51,2024-08-31 18:26:31.001969,688,1.037,0.0011,"aoml_navis",1030.36519901408
"7901009",45,0,1,0.035511,1,0.013083,1,121.393396961422,1,4.8526088240627,690,1,7.60200023651123,34.8819999694824,0.0355109982192516,0,117.060501098633,-86.1796,22.9944,21.8603543248898,63,63,63,63,61,63,0,8763,1.76508096394256,23,-86,0.001869,51,2024-08-31 18:26:31.001969,690,1.037,0.0011,"aoml_navis",1030.37359516935
"7901009",45,0,4,0.024297,1,0.001869,1,121.445140068967,1,4.85256484912858,692,1,7.59999990463257,34.8819999694824,0.0242970008403063,0,117.110397338867,-86.1796,22.9944,21.8603543248898,63,63,63,63,61,63,0,8763,1.76508096394256,23,-86,0.001869,51,2024-08-31 18:26:31.001969,692,1.037,0.0011,"aoml_navis",1030.38293262539
"7901009",45,0,1,0.029904,1,0.007476,1,121.506219088883,1,4.8525177613853,694,1,7.58900022506714,34.8810005187988,0.0299040004611015,0,117.169296264648,-86.1796,22.9944,21.8603543248898,63,63,63,63,61,63,0,8763,1.76508096394256,23,-86,0.001869,51,2024-08-31 18:26:31.001969,694,1.037,0.0011,"aoml_navis",1030.39293123012
"7901009",45,0,1,0.031773,1,0.009345,1,121.632222258725,1,4.85246327587678,696.099975585938,1,7.57100009918213,34.8800010681152,0.0317730009555817,0,117.290802001953,-86.1796,22.9944,21.8603543248898,63,63,63,63,61,63,0,8763,1.76508096394256,23,-86,0.001869,51,2024-08-31 18:26:31.001969,696.099975585938,1.037,0.0011,"aoml_navis",1030.40450091744
"7901009",45,0,1,0.033642,1,0.011214,1,121.687802584491,1,4.85241991930959,698,1,7.56699991226196,34.8800010681152,0.0336420014500618,0,117.344398498535,-86.1796,22.9944,21.8603543248898,63,63,63,63,61,63,0,8763,1.76508096394256,23,-86,0.001869,51,2024-08-31 18:26:31.001969,698,1.037,0.0011,"aoml_navis",1030.4137076231
"7901009",45,0,1,0.029904,1,0.007476,1,121.846259917506,1,4.85237675252099,700.099975585938,1,7.56400012969971,34.8790016174316,0.0299040004611015,0,117.497200012207,-86.1796,22.9944,21.8603543248898,63,63,63,63,61,63,0,8763,1.76508096394256,23,-86,0.001869,51,2024-08-31 18:26:31.001969,700.099975585938,1.037,0.0011,"aoml_navis",1030.422874193
"7901009",45,0,1,0.033642,1,0.011214,1,122.208176845878,1,4.85231357821526,702,1,7.51900005340576,34.8759994506836,0.0336420014500618,0,117.846199035645,-86.1796,22.9944,21.8603543248898,63,63,63,63,61,63,0,8763,1.76508096394256,23,-86,0.001869,51,2024-08-31 18:26:31.001969,702,1.037,0.0011,"aoml_navis",1030.4362897006
"7901009",45,0,1,0.031773,1,0.009345,1,122.344235900993,1,4.85225525279938,704,1,7.49300003051758,34.875,0.0317730009555817,0,117.977401733398,-86.1796,22.9944,21.8603543248898,63,63,63,63,61,63,0,8763,1.76508096394256,23,-86,0.001869,51,2024-08-31 18:26:31.001969,704,1.037,0.0011,"aoml_navis",1030.44867582252
"7901009",45,0,1,0.028035,1,0.005607,1,122.47375981745,1,4.85220820563236,706,1,7.48199987411499,34.8740005493164,0.0280349999666214,0,118.10230255127,-86.1796,22.9944,21.8603543248898,63,63,63,63,61,63,0,8763,1.76508096394256,23,-86,0.001869,51,2024-08-31 18:26:31.001969,706,1.037,0.0011,"aoml_navis",1030.45866708607
"7901009",45,0,1,0.029904,1,0.007476,1,122.595712150737,1,4.85216341366879,708,1,7.47399997711182,34.8730010986328,0.0299040004611015,0,118.219902038574,-86.1796,22.9944,21.8603543248898,63,63,63,63,61,63,0,8763,1.76508096394256,23,-86,0.001869,51,2024-08-31 18:26:31.001969,708,1.037,0.0011,"aoml_navis",1030.46817959897
"7901009",45,0,1,0.029904,1,0.007476,1,122.707917158567,1,4.85210969577476,710,1,7.45900011062622,34.8730010986328,0.0299040004611015,0,118.328102111816,-86.1796,22.9944,21.8603543248898,63,63,63,63,61,63,0,8763,1.76508096394256,23,-86,0.001869,51,2024-08-31 18:26:31.001969,710,1.037,0.0011,"aoml_navis",1030.47958795202
"7901009",45,0,1,0.028035,1,0.005607,1,122.795128821331,1,4.85206341138,712,1,7.44899988174438,34.8720016479492,0.0280349999666214,0,118.412200927734,-86.1796,22.9944,21.8603543248898,63,63,63,63,61,63,0,8763,1.76508096394256,23,-86,0.001869,51,2024-08-31 18:26:31.001969,712,1.037,0.0011,"aoml_navis",1030.48941781615
"7901009",45,0,1,0.028035,1,0.005607,1,122.855899281431,1,4.85201420096085,714,1,7.44000005722046,34.8720016479492,0.0280349999666214,0,118.470802307129,-86.1796,22.9944,21.8603543248898,63,63,63,63,61,63,0,8763,1.76508096394256,23,-86,0.001869,51,2024-08-31 18:26:31.001969,714,1.037,0.0011,"aoml_navis",1030.49986931404
"7901009",45,0,1,0.031773,1,0.009345,1,122.925586329024,1,4.85197168267418,716,1,7.43499994277954,34.8709983825684,0.0317730009555817,0,118.53800201416,-86.1796,22.9944,21.8603543248898,63,63,63,63,61,63,0,8763,1.76508096394256,23,-86,0.001869,51,2024-08-31 18:26:31.001969,716,1.037,0.0011,"aoml_navis",1030.50889968184
"7901009",45,0,1,0.029904,1,0.007476,1,123.024926766079,1,4.85192622249115,718,1,7.43100023269653,34.8709983825684,0.0299040004611015,0,118.633796691895,-86.1796,22.9944,21.8603543248898,63,63,63,63,61,63,0,8763,1.76508096394256,23,-86,0.001869,51,2024-08-31 18:26:31.001969,718,1.037,0.0011,"aoml_navis",1030.51855504778
"7901009",45,0,1,0.029904,1,0.007476,1,123.109654126737,1,4.85187851655844,720,1,7.42399978637695,34.8709983825684,0.0299040004611015,0,118.71549987793,-86.1796,22.9944,21.8603543248898,63,63,63,63,61,63,0,8763,1.76508096394256,23,-86,0.001869,51,2024-08-31 18:26:31.001969,720,1.037,0.0011,"aoml_navis",1030.52868758689
"7901009",45,0,1,0.026166,1,0.003738,1,123.162955856941,1,4.85183306008433,722,1,7.42000007629395,34.8709983825684,0.0261659994721413,0,118.766899108887,-86.1796,22.9944,21.8603543248898,63,63,63,63,61,63,0,8763,1.76508096394256,23,-86,0.001869,51,2024-08-31 18:26:31.001969,722,1.037,0.0011,"aoml_navis",1030.53834253586
"7901009",45,0,1,0.028035,1,0.005607,1,123.252034702178,1,4.85178679121818,724,1,7.40999984741211,34.8699989318848,0.0280349999666214,0,118.852798461914,-86.1796,22.9944,21.8603543248898,63,63,63,63,61,63,0,8763,1.76508096394256,23,-86,0.001869,51,2024-08-31 18:26:31.001969,724,1.037,0.0011,"aoml_navis",1030.54817022258
"7901009",45,0,1,0.029904,1,0.007476,1,123.312077277585,1,4.85173984103644,726,1,7.40399980545044,34.8699989318848,0.0299040004611015,0,118.910697937012,-86.1796,22.9944,21.8603543248898,63,63,63,63,61,63,0,8763,1.76508096394256,23,-86,0.001869,51,2024-08-31 18:26:31.001969,726,1.037,0.0011,"aoml_navis",1030.55814281499
"7901009",45,0,1,0.028035,1,0.005607,1,123.302646423733,1,4.85169663560952,728,1,7.40299987792969,34.8699989318848,0.0280349999666214,0,118.90160369873,-86.1796,22.9944,21.8603543248898,63,63,63,63,61,63,0,8763,1.76508096394256,23,-86,0.001869,51,2024-08-31 18:26:31.001969,728,1.037,0.0011,"aoml_navis",1030.56732016219
"7901009",45,0,1,0.029904,1,0.007476,1,123.294449809143,1,4.85165343238963,730,1,7.40199995040894,34.8699989318848,0.0299040004611015,0,118.893699645996,-86.1796,22.9944,21.8603543248898,63,63,63,63,61,63,0,8763,1.76508096394256,23,-86,0.001869,51,2024-08-31 18:26:31.001969,730,1.037,0.0011,"aoml_navis",1030.57649720403
"7901009",45,0,1,0.033642,1,0.011214,1,123.313327340428,1,4.85161098025698,732,1,7.40199995040894,34.8699989318848,0.0336420014500618,0,118.911903381348,-86.1796,22.9944,21.8603543248898,63,63,63,63,61,63,0,8763,1.76508096394256,23,-86,0.001869,51,2024-08-31 18:26:31.001969,732,1.037,0.0011,"aoml_navis",1030.58551486236
"7901009",45,0,1,0.029904,1,0.007476,1,123.311871571041,1,4.85156778158552,734,1,7.40100002288818,34.8699989318848,0.0299040004611015,0,118.910499572754,-86.1796,22.9944,21.8603543248898,63,63,63,63,61,63,0,8763,1.76508096394256,23,-86,0.001869,51,2024-08-31 18:26:31.001969,734,1.037,0.0011,"aoml_navis",1030.59469126204
"7901009",45,0,1,0.028035,1,0.005607,1,123.370149817246,1,4.85152383597034,736,1,7.39900016784668,34.8699989318848,0.0280349999666214,0,118.966697692871,-86.1796,22.9944,21.8603543248898,63,63,63,63,61,63,0,8763,1.76508096394256,23,-86,0.001869,51,2024-08-31 18:26:31.001969,736,1.037,0.0011,"aoml_navis",1030.60402649758
"7901009",45,0,1,0.031773,1,0.009345,1,123.396179606821,1,4.85147914279533,738,1,7.39599990844727,34.8699989318848,0.0317730009555817,0,118.991798400879,-86.1796,22.9944,21.8603543248898,63,63,63,63,61,63,0,8763,1.76508096394256,23,-86,0.001869,51,2024-08-31 18:26:31.001969,738,1.037,0.0011,"aoml_navis",1030.61352070847
"7901009",45,0,1,0.031773,1,0.009345,1,123.47654757111,1,4.85143738057684,740,1,7.39200019836426,34.8689994812012,0.0317730009555817,0,119.069297790527,-86.1796,22.9944,21.8603543248898,63,63,63,63,61,63,0,8763,1.76508096394256,23,-86,0.001869,51,2024-08-31 18:26:31.001969,740,1.037,0.0011,"aoml_navis",1030.62239245176
"7901009",45,0,1,0.026166,1,0.003738,1,123.544058876413,1,4.851386632983,742,1,7.37599992752075,34.8680000305176,0.0261659994721413,0,119.134399414062,-86.1796,22.9944,21.8603543248898,63,63,63,63,61,63,0,8763,1.76508096394256,23,-86,0.001869,51,2024-08-31 18:26:31.001969,742,1.037,0.0011,"aoml_navis",1030.63317320591
"7901009",45,0,1,0.029904,1,0.007476,1,123.577968808973,1,4.85133895074856,744,1,7.36899995803833,34.8680000305176,0.0299040004611015,0,119.167098999023,-86.1796,22.9944,21.8603543248898,63,63,63,63,61,63,0,8763,1.76508096394256,23,-86,0.001869,51,2024-08-31 18:26:31.001969,744,1.037,0.0011,"aoml_navis",1030.64330296453
"7901009",45,0,1,0.029904,1,0.007476,1,123.638842122345,1,4.85129576142727,746,1,7.36800003051758,34.8680000305176,0.0299040004611015,0,119.225799560547,-86.1796,22.9944,21.8603543248898,63,63,63,63,61,63,0,8763,1.76508096394256,23,-86,0.001869,51,2024-08-31 18:26:31.001969,746,1.037,0.0011,"aoml_navis",1030.65247840692
"7901009",45,0,1,0.029904,1,0.007476,1,123.729376736969,1,4.85125625195402,748,1,7.36700010299683,34.867000579834,0.0299040004611015,0,119.313102722168,-86.1796,22.9944,21.8603543248898,63,63,63,63,61,63,0,8763,1.76508096394256,23,-86,0.001869,51,2024-08-31 18:26:31.001969,748,1.037,0.0011,"aoml_navis",1030.66087221966
"7901009",45,0,1,0.028035,1,0.005607,1,123.831209387919,1,4.8512010296523,750,1,7.34499979019165,34.8660011291504,0.0280349999666214,0,119.41130065918,-86.1796,22.9944,21.8603543248898,63,63,63,63,61,63,0,8763,1.76508096394256,23,-86,0.001869,51,2024-08-31 18:26:31.001969,750,1.037,0.0011,"aoml_navis",1030.6726044619
"7901009",45,0,1,0.031773,1,0.009345,1,123.970061304956,1,4.85115026459111,752,1,7.32399988174438,34.8639984130859,0.0317730009555817,0,119.545196533203,-86.1796,22.9944,21.8603543248898,63,63,63,63,61,63,0,8763,1.76508096394256,23,-86,0.001869,51,2024-08-31 18:26:31.001969,752,1.037,0.0011,"aoml_navis",1030.6833899777
"7901009",45,0,1,0.028035,1,0.005607,1,124.074489023074,1,4.85110259645206,754,1,7.31699991226196,34.8639984130859,0.0280349999666214,0,119.645896911621,-86.1796,22.9944,21.8603543248898,63,63,63,63,61,63,0,8763,1.76508096394256,23,-86,0.001869,51,2024-08-31 18:26:31.001969,754,1.037,0.0011,"aoml_navis",1030.6935177287
"7901009",45,0,1,0.033642,1,0.011214,1,124.201528637425,1,4.8510541840978,756,1,7.30900001525879,34.8639984130859,0.0336420014500618,0,119.768402099609,-86.1796,22.9944,21.8603543248898,63,63,63,63,61,63,0,8763,1.76508096394256,23,-86,0.001869,51,2024-08-31 18:26:31.001969,756,1.037,0.0011,"aoml_navis",1030.70380380216
"7901009",45,0,1,0.029904,1,0.007476,1,124.366307490765,1,4.85100652078168,758,1,7.30200004577637,34.8639984130859,0.0299040004611015,0,119.927299499512,-86.1796,22.9944,21.8603543248898,63,63,63,63,61,63,0,8763,1.76508096394256,23,-86,0.001869,51,2024-08-31 18:26:31.001969,758,1.037,0.0011,"aoml_navis",1030.7139309296
"7901009",45,0,1,0.031773,1,0.009345,1,124.541150141169,1,4.8509618450306,760,1,7.29899978637695,34.8639984130859,0.0317730009555817,0,120.095901489258,-86.1796,22.9944,21.8603543248898,63,63,63,63,61,63,0,8763,1.76508096394256,23,-86,0.001869,51,2024-08-31 18:26:31.001969,760,1.037,0.0011,"aoml_navis",1030.72342346334
"7901009",45,0,1,0.028035,1,0.005607,1,124.878073724474,1,4.8509133863062,762,1,7.28599977493286,34.8629989624023,0.0280349999666214,0,120.420799255371,-86.1796,22.9944,21.8603543248898,63,63,63,63,61,63,0,8763,1.76508096394256,23,-86,0.001869,51,2024-08-31 18:26:31.001969,762,1.037,0.0011,"aoml_navis",1030.73371998656
"7901009",45,0,1,0.033642,1,0.011214,1,125.246628644778,1,4.85086344266061,764,1,7.27099990844727,34.8619995117188,0.0336420014500618,0,120.77619934082,-86.1796,22.9944,21.8603543248898,63,63,63,63,61,63,0,8763,1.76508096394256,23,-86,0.001869,51,2024-08-31 18:26:31.001969,764,1.037,0.0011,"aoml_navis",1030.74433224152
"7901009",45,0,1,0.026166,1,0.003738,1,125.731020084587,1,4.85079114375774,766,1,7.22100019454956,34.8600006103516,0.0261659994721413,0,121.243301391602,-86.1796,22.9944,21.8603543248898,63,63,63,63,61,63,0,8763,1.76508096394256,23,-86,0.001869,51,2024-08-31 18:26:31.001969,766,1.037,0.0011,"aoml_navis",1030.75969503125
"7901009",45,0,1,0.031773,1,0.009345,1,126.180251528994,1,4.85071749641339,768,1,7.17399978637695,34.859001159668,0.0317730009555817,0,121.676498413086,-86.1796,22.9944,21.8603543248898,63,63,63,63,61,63,0,8763,1.76508096394256,23,-86,0.001869,51,2024-08-31 18:26:31.001969,768,1.037,0.0011,"aoml_navis",1030.77534482208
"7901009",45,0,1,0.028035,1,0.005607,1,126.474245738975,1,4.85066391205701,770,1,7.15399980545044,34.8580017089844,0.0280349999666214,0,121.959999084473,-86.1796,22.9944,21.8603543248898,63,63,63,63,61,63,0,8763,1.76508096394256,23,-86,0.001869,51,2024-08-31 18:26:31.001969,770,1.037,0.0011,"aoml_navis",1030.78673160014
"7901009",45,0,1,0.026166,1,0.003738,1,126.789087515987,1,4.85060813853644,772,1,7.13100004196167,34.8569984436035,0.0261659994721413,0,122.263603210449,-86.1796,22.9944,21.8603543248898,63,63,63,63,61,63,0,8763,1.76508096394256,23,-86,0.001869,51,2024-08-31 18:26:31.001969,772,1.037,0.0011,"aoml_navis",1030.79858384698
"7901009",45,0,1,0.031773,1,0.009345,1,127.044812397039,1,4.85054795385695,774,1,7.10699987411499,34.8569984436035,0.0317730009555817,0,122.510200500488,-86.1796,22.9944,21.8603543248898,63,63,63,63,61,63,0,8763,1.76508096394256,23,-86,0.001869,51,2024-08-31 18:26:31.001969,774,1.037,0.0011,"aoml_navis",1030.8113738004
"7901009",45,0,1,0.028035,1,0.005607,1,127.279491916306,1,4.85049958317193,776,1,7.0939998626709,34.8559989929199,0.0280349999666214,0,122.736503601074,-86.1796,22.9944,21.8603543248898,63,63,63,63,61,63,0,8763,1.76508096394256,23,-86,0.001869,51,2024-08-31 18:26:31.001969,776,1.037,0.0011,"aoml_navis",1030.82165337087
"7901009",45,0,1,0.026166,1,0.003738,1,127.520595809171,1,4.85043721660461,778,1,7.06199979782104,34.8549995422363,0.0261659994721413,0,122.96900177002,-86.1796,22.9944,21.8603543248898,63,63,63,63,61,63,0,8763,1.76508096394256,23,-86,0.001869,51,2024-08-31 18:26:31.001969,778,1.037,0.0011,"aoml_navis",1030.83490760037
"7901009",45,0,1,0.029904,1,0.007476,1,127.743652908716,1,4.85039549286436,780,1,7.05800008773804,34.8540000915527,0.0299040004611015,0,123.184097290039,-86.1796,22.9944,21.8603543248898,63,63,63,63,61,63,0,8763,1.76508096394256,23,-86,0.001869,51,2024-08-31 18:26:31.001969,780,1.037,0.0011,"aoml_navis",1030.84377497788
"7901009",45,0,1,0.028035,1,0.005607,1,128.105261277273,1,4.85033537282989,782,1,7.03399991989136,34.8540000915527,0.0280349999666214,0,123.53279876709,-86.1796,22.9944,21.8603543248898,63,63,63,63,61,63,0,8763,1.76508096394256,23,-86,0.001869,51,2024-08-31 18:26:31.001969,782,1.037,0.0011,"aoml_navis",1030.85655231358
"7901009",45,0,1,0.033642,1,0.011214,1,128.335375693627,1,4.85027748464462,784,1,7.00799989700317,34.8530006408691,0.0336420014500618,0,123.754699707031,-86.1796,22.9944,21.8603543248898,63,63,63,63,61,63,0,8763,1.76508096394256,23,-86,0.001869,51,2024-08-31 18:26:31.001969,784,1.037,0.0011,"aoml_navis",1030.86885561277
"7901009",45,0,1,0.028035,1,0.005607,1,128.557404260453,1,4.85022988491956,786,1,7.00099992752075,34.8530006408691,0.0280349999666214,0,123.968803405762,-86.1796,22.9944,21.8603543248898,63,63,63,63,61,63,0,8763,1.76508096394256,23,-86,0.001869,51,2024-08-31 18:26:31.001969,786,1.037,0.0011,"aoml_navis",1030.87897246811
"7901009",45,0,1,0.033642,1,0.011214,1,128.803793229134,1,4.85017348228529,788,1,6.98199987411499,34.8530006408691,0.0336420014500618,0,124.206398010254,-86.1796,22.9944,21.8603543248898,63,63,63,63,61,63,0,8763,1.76508096394256,23,-86,0.001869,51,2024-08-31 18:26:31.001969,788,1.037,0.0011,"aoml_navis",1030.89096055264
"7901009",45,0,1,0.029904,1,0.007476,1,128.992323276489,1,4.8501236894982,790,1,6.97200012207031,34.8530006408691,0.0299040004611015,0,124.388198852539,-86.1796,22.9944,21.8603543248898,63,63,63,63,61,63,0,8763,1.76508096394256,23,-86,0.001869,51,2024-08-31 18:26:31.001969,790,1.037,0.0011,"aoml_navis",1030.90154398048
"7901009",45,0,1,0.028035,1,0.005607,1,129.225752732913,1,4.85006510914617,792,1,6.94999980926514,34.8530006408691,0.0280349999666214,0,124.613296508789,-86.1796,22.9944,21.8603543248898,63,63,63,63,61,63,0,8763,1.76508096394256,23,-86,0.001869,51,2024-08-31 18:26:31.001969,792,1.037,0.0011,"aoml_navis",1030.91399547835
"7901009",45,0,1,0.026166,1,0.003738,1,129.353725938501,1,4.8500167913078,794,1,6.94199991226196,34.8530006408691,0.0261659994721413,0,124.736701965332,-86.1796,22.9944,21.8603543248898,63,63,63,63,61,63,0,8763,1.76508096394256,23,-86,0.001869,51,2024-08-31 18:26:31.001969,794,1.037,0.0011,"aoml_navis",1030.92426586254
"7901009",45,0,1,0.026166,1,0.003738,1,129.502119474452,1,4.84996993986564,796,1,6.93599987030029,34.8530006408691,0.0261659994721413,0,124.87979888916,-86.1796,22.9944,21.8603543248898,63,63,63,63,61,63,0,8763,1.76508096394256,23,-86,0.001869,51,2024-08-31 18:26:31.001969,796,1.037,0.0011,"aoml_navis",1030.93422474666
"7901009",45,0,1,0.031773,1,0.009345,1,129.642949339025,1,4.84991870017461,798,1,6.92399978637695,34.8530006408691,0.0317730009555817,0,125.015602111816,-86.1796,22.9944,21.8603543248898,63,63,63,63,61,63,0,8763,1.76508096394256,23,-86,0.001869,51,2024-08-31 18:26:31.001969,798,1.037,0.0011,"aoml_navis",1030.94511663051
"7901009",45,0,1,0.028035,1,0.005607,1,129.733689660193,1,4.8498725852442,800,1,6.91900014877319,34.8530006408691,0.0280349999666214,0,125.103103637695,-86.1796,22.9944,21.8603543248898,63,63,63,63,61,63,0,8763,1.76508096394256,23,-86,0.001869,51,2024-08-31 18:26:31.001969,800,1.037,0.0011,"aoml_navis",1030.95491935449
"7901009",45,0,1,0.031773,1,0.009345,1,129.898365660261,1,4.84982793473514,802,1,6.91599988937378,34.8530006408691,0.0317730009555817,0,125.261901855469,-86.1796,22.9944,21.8603543248898,63,63,63,63,61,63,0,8763,1.76508096394256,23,-86,0.001869,51,2024-08-31 18:26:31.001969,802,1.037,0.0011,"aoml_navis",1030.96441096174
"7901009",45,0,1,0.026166,1,0.003738,1,130.108977513909,1,4.84978548124225,804,1,6.91599988937378,34.8530006408691,0.0261659994721413,0,125.464996337891,-86.1796,22.9944,21.8603543248898,63,63,63,63,61,63,0,8763,1.76508096394256,23,-86,0.001869,51,2024-08-31 18:26:31.001969,804,1.037,0.0011,"aoml_navis",1030.97343569911
"7901009",45,0,1,0.031773,1,0.009345,1,130.434808767432,1,4.84974010319851,806,1,6.91200017929077,34.8530006408691,0.0317730009555817,0,125.779197692871,-86.1796,22.9944,21.8603543248898,63,63,63,63,61,63,0,8763,1.76508096394256,23,-86,0.001869,51,2024-08-31 18:26:31.001969,806,1.037,0.0011,"aoml_navis",1030.98308231041
"7901009",45,0,1,0.029904,1,0.007476,1,130.909144321967,1,4.84966258757009,808.099975585938,1,6.8769998550415,34.8549995422363,0.0299040004611015,0,126.236602783203,-86.1796,22.9944,21.8603543248898,63,63,63,63,61,63,0,8763,1.76508096394256,23,-86,0.001869,51,2024-08-31 18:26:31.001969,808.099975585938,1.037,0.0011,"aoml_navis",1030.99956125097
"7901009",45,0,1,0.033642,1,0.011214,1,131.183018849611,1,4.84961054703634,810,1,6.86600017547607,34.8559989929199,0.0336420014500618,0,126.500701904297,-86.1796,22.9944,21.8603543248898,63,63,63,63,61,63,0,8763,1.76508096394256,23,-86,0.001869,51,2024-08-31 18:26:31.001969,810,1.037,0.0011,"aoml_navis",1031.01062477183
"7901009",45,0,1,0.026166,1,0.003738,1,131.487693976287,1,4.84955638834702,812,1,6.85500001907349,34.8569984436035,0.0261659994721413,0,126.794502258301,-86.1796,22.9944,21.8603543248898,63,63,63,63,61,63,0,8763,1.76508096394256,23,-86,0.001869,51,2024-08-31 18:26:31.001969,812,1.037,0.0011,"aoml_navis",1031.02213885263
"7901009",45,0,1,0.028035,1,0.005607,1,131.862159003828,1,4.84950145887656,814,1,6.84800004959106,34.859001159668,0.0280349999666214,0,127.155601501465,-86.1796,22.9944,21.8603543248898,63,63,63,63,61,63,0,8763,1.76508096394256,23,-86,0.001869,51,2024-08-31 18:26:31.001969,814,1.037,0.0011,"aoml_navis",1031.0338170634
"7901009",45,0,1,0.029904,1,0.007476,1,132.133541317576,1,4.84944654601312,816,1,6.84100008010864,34.8610000610352,0.0299040004611015,0,127.417297363281,-86.1796,22.9944,21.8603543248898,63,63,63,63,61,63,0,8763,1.76508096394256,23,-86,0.001869,51,2024-08-31 18:26:31.001969,816,1.037,0.0011,"aoml_navis",1031.04549200788
"7901009",45,0,1,0.031773,1,0.009345,1,132.564322467366,1,4.84938875370767,818,1,6.82499980926514,34.8619995117188,0.0317730009555817,0,127.832702636719,-86.1796,22.9944,21.8603543248898,63,63,63,63,61,63,0,8763,1.76508096394256,23,-86,0.001869,51,2024-08-31 18:26:31.001969,818,1.037,0.0011,"aoml_navis",1031.05777943193
"7901009",45,0,1,0.028035,1,0.005607,1,132.991875606777,1,4.84932591567727,820,1,6.79699993133545,34.8619995117188,0.0280349999666214,0,128.244995117188,-86.1796,22.9944,21.8603543248898,63,63,63,63,61,63,0,8763,1.76508096394256,23,-86,0.001869,51,2024-08-31 18:26:31.001969,820,1.037,0.0011,"aoml_navis",1031.07113997754
"7901009",45,0,1,0.031773,1,0.009345,1,133.437388509816,1,4.84926969212057,822,1,6.77299976348877,34.8610000610352,0.0317730009555817,0,128.674606323242,-86.1796,22.9944,21.8603543248898,63,63,63,63,61,63,0,8763,1.76508096394256,23,-86,0.001869,51,2024-08-31 18:26:31.001969,822,1.037,0.0011,"aoml_navis",1031.0830944553
"7901009",45,0,1,0.033642,1,0.011214,1,134.131758860062,1,4.84919609306306,824,1,6.72499990463257,34.8600006103516,0.0336420014500618,0,129.344192504883,-86.1796,22.9944,21.8603543248898,63,63,63,63,61,63,0,8763,1.76508096394256,23,-86,0.001869,51,2024-08-31 18:26:31.001969,824,1.037,0.0011,"aoml_navis",1031.09874380058
"7901009",45,0,1,0.031773,1,0.009345,1,134.656294723065,1,4.84911169379161,826,1,6.66699981689453,34.8600006103516,0.0317730009555817,0,129.850006103516,-86.1796,22.9944,21.8603543248898,63,63,63,63,61,63,0,8763,1.76508096394256,23,-86,0.001869,51,2024-08-31 18:26:31.001969,826,1.037,0.0011,"aoml_navis",1031.1166901768
"7901009",45,0,1,0.029904,1,0.007476,1,134.97403221527,1,4.84905119430309,828,1,6.64200019836426,34.8600006103516,0.0299040004611015,0,130.156402587891,-86.1796,22.9944,21.8603543248898,63,63,63,63,61,63,0,8763,1.76508096394256,23,-86,0.001869,51,2024-08-31 18:26:31.001969,828,1.037,0.0011,"aoml_navis",1031.12955496825
"7901009",45,0,1,0.028035,1,0.005607,1,135.165260183063,1,4.84899575647224,830,1,6.62400007247925,34.8600006103516,0.0280349999666214,0,130.340805053711,-86.1796,22.9944,21.8603543248898,63,63,63,63,61,63,0,8763,1.76508096394256,23,-86,0.001869,51,2024-08-31 18:26:31.001969,830,1.037,0.0011,"aoml_navis",1031.14134371559
"7901009",45,0,1,0.031773,1,0.009345,1,135.354826674927,1,4.848944646535,832,1,6.61199998855591,34.8600006103516,0.0317730009555817,0,130.52360534668,-86.1796,22.9944,21.8603543248898,63,63,63,63,61,63,0,8763,1.76508096394256,23,-86,0.001869,51,2024-08-31 18:26:31.001969,832,1.037,0.0011,"aoml_navis",1031.15221238356
"7901009",45,0,1,0.031773,1,0.009345,1,135.543032338885,1,4.84889641865472,834,1,6.60400009155273,34.8600006103516,0.0317730009555817,0,130.705093383789,-86.1796,22.9944,21.8603543248898,63,63,63,63,61,63,0,8763,1.76508096394256,23,-86,0.001869,51,2024-08-31 18:26:31.001969,834,1.037,0.0011,"aoml_navis",1031.16246838434
"7901009",45,0,1,0.031773,1,0.009345,1,135.801463052166,1,4.84885043454966,836,1,6.5939998626709,34.859001159668,0.0317730009555817,0,130.954299926758,-86.1796,22.9944,21.8603543248898,63,63,63,63,61,63,0,8763,1.76508096394256,23,-86,0.001869,51,2024-08-31 18:26:31.001969,836,1.037,0.0011,"aoml_navis",1031.17224742041
"7901009",45,0,1,0.033642,1,0.011214,1,136.15197117915,1,4.84880005631222,838,1,6.58300018310547,34.859001159668,0.0336420014500618,0,131.292297363281,-86.1796,22.9944,21.8603543248898,63,63,63,63,61,63,0,8763,1.76508096394256,23,-86,0.001869,51,2024-08-31 18:26:31.001969,838,1.037,0.0011,"aoml_navis",1031.18296113096
"7901009",45,0,1,0.026166,1,0.003738,1,136.454881976624,1,4.8487439373266,840,1,6.56400012969971,34.859001159668,0.0261659994721413,0,131.584396362305,-86.1796,22.9944,21.8603543248898,63,63,63,63,61,63,0,8763,1.76508096394256,23,-86,0.001869,51,2024-08-31 18:26:31.001969,840,1.037,0.0011,"aoml_navis",1031.19489596244
"7901009",45,0,1,0.029904,1,0.007476,1,136.812558185478,1,4.84868935960715,842,1,6.54199981689453,34.8580017089844,0.0299040004611015,0,131.929306030273,-86.1796,22.9944,21.8603543248898,63,63,63,63,61,63,0,8763,1.76508096394256,23,-86,0.001869,51,2024-08-31 18:26:31.001969,842,1.037,0.0011,"aoml_navis",1031.20650327764
"7901009",45,0,1,0.028035,1,0.005607,1,137.080419752612,1,4.84863839563514,844,1,6.52500009536743,34.8569984436035,0.0280349999666214,0,132.187606811523,-86.1796,22.9944,21.8603543248898,63,63,63,63,61,63,0,8763,1.76508096394256,23,-86,0.001869,51,2024-08-31 18:26:31.001969,844,1.037,0.0011,"aoml_navis",1031.21734227513
"7901009",45,0,1,0.028035,1,0.005607,1,137.340812589849,1,4.84858742766036,846,1,6.50799989700317,34.8559989929199,0.0280349999666214,0,132.438705444336,-86.1796,22.9944,21.8603543248898,63,63,63,63,61,63,0,8763,1.76508096394256,23,-86,0.001869,51,2024-08-31 18:26:31.001969,846,1.037,0.0011,"aoml_navis",1031.2281823518
"7901009",45,0,1,0.028035,1,0.005607,1,137.65616072143,1,4.84853361056279,848,1,6.48699998855591,34.8549995422363,0.0280349999666214,0,132.742797851562,-86.1796,22.9944,21.8603543248898,63,63,63,63,61,63,0,8763,1.76508096394256,23,-86,0.001869,51,2024-08-31 18:26:31.001969,848,1.037,0.0011,"aoml_navis",1031.2396286389
"7901009",45,0,1,0.028035,1,0.005607,1,137.961666586071,1,4.84848920298144,850,1,6.47399997711182,34.8530006408691,0.0280349999666214,0,133.037399291992,-86.1796,22.9944,21.8603543248898,63,63,63,63,61,63,0,8763,1.76508096394256,23,-86,0.001869,51,2024-08-31 18:26:31.001969,850,1.037,0.0011,"aoml_navis",1031.24907381982
"7901009",45,0,1,0.031773,1,0.009345,1,138.409442261092,1,4.84844622909209,852,1,6.46299982070923,34.851001739502,0.0317730009555817,0,133.469192504883,-86.1796,22.9944,21.8603543248898,63,63,63,63,61,63,0,8763,1.76508096394256,23,-86,0.001869,51,2024-08-31 18:26:31.001969,852,1.037,0.0011,"aoml_navis",1031.25821422924
"7901009",45,0,1,0.026166,1,0.003738,1,139.000658691433,1,4.84838829882658,854,1,6.43100023269653,34.8489990234375,0.0261659994721413,0,134.039306640625,-86.1796,22.9944,21.8603543248898,63,63,63,63,61,63,0,8763,1.76508096394256,23,-86,0.001869,51,2024-08-31 18:26:31.001969,854,1.037,0.0011,"aoml_navis",1031.27053606868
"7901009",45,0,1,0.024297,1,0.001869,1,139.567063747881,1,4.8483137941348,856,1,6.38600015640259,34.8489990234375,0.0242970008403063,0,134.585494995117,-86.1796,22.9944,21.8603543248898,63,63,63,63,61,63,0,8763,1.76508096394256,23,-86,0.001869,51,2024-08-31 18:26:31.001969,856,1.037,0.0011,"aoml_navis",1031.28638374205
"7901009",45,0,1,0.028035,1,0.005607,1,139.86261658052,1,4.84825994243102,858,1,6.36999988555908,34.8489990234375,0.0280349999666214,0,134.870498657227,-86.1796,22.9944,21.8603543248898,63,63,63,63,61,63,0,8763,1.76508096394256,23,-86,0.001869,51,2024-08-31 18:26:31.001969,858,1.037,0.0011,"aoml_navis",1031.29783868249
"7901009",45,0,1,0.024297,1,0.001869,1,140.141570477437,1,4.84820893771745,860,1,6.35799980163574,34.8489990234375,0.0242970008403063,0,135.139495849609,-86.1796,22.9944,21.8603543248898,63,63,63,63,61,63,0,8763,1.76508096394256,23,-86,0.001869,51,2024-08-31 18:26:31.001969,860,1.037,0.0011,"aoml_navis",1031.30868826664
"7901009",45,0,1,0.031773,1,0.009345,1,140.441269088112,1,4.84815439318805,862,1,6.34100008010864,34.8489990234375,0.0317730009555817,0,135.428497314453,-86.1796,22.9944,21.8603543248898,63,63,63,63,61,63,0,8763,1.76508096394256,23,-86,0.001869,51,2024-08-31 18:26:31.001969,862,1.037,0.0011,"aoml_navis",1031.32029108341
"7901009",45,0,1,0.028035,1,0.005607,1,140.722612345652,1,4.84809759510139,864,1,6.32600021362305,34.8499984741211,0.0280349999666214,0,135.699798583984,-86.1796,22.9944,21.8603543248898,63,63,63,63,61,63,0,8763,1.76508096394256,23,-86,0.001869,51,2024-08-31 18:26:31.001969,864,1.037,0.0011,"aoml_navis",1031.33237355867
"7901009",45,0,1,0.031773,1,0.009345,1,140.98851178883,1,4.84804362231487,866,1,6.31500005722046,34.851001739502,0.0317730009555817,0,135.956207275391,-86.1796,22.9944,21.8603543248898,63,63,63,63,61,63,0,8763,1.76508096394256,23,-86,0.001869,51,2024-08-31 18:26:31.001969,866,1.037,0.0011,"aoml_navis",1031.34385527921
"7901009",45,0,1,0.031773,1,0.009345,1,141.22007406278,1,4.84799405586595,868,1,6.30499982833862,34.851001739502,0.0317730009555817,0,136.179504394531,-86.1796,22.9944,21.8603543248898,63,63,63,63,61,63,0,8763,1.76508096394256,23,-86,0.001869,51,2024-08-31 18:26:31.001969,868,1.037,0.0011,"aoml_navis",1031.35439985743
"7901009",45,0,1,0.028035,1,0.005607,1,141.55232177811,1,4.84794378605476,870,1,6.29400014877319,34.851001739502,0.0280349999666214,0,136.499893188477,-86.1796,22.9944,21.8603543248898,63,63,63,63,61,63,0,8763,1.76508096394256,23,-86,0.001869,51,2024-08-31 18:26:31.001969,870,1.037,0.0011,"aoml_navis",1031.3650942865
"7901009",45,0,1,0.029904,1,0.007476,1,141.778598976244,1,4.84788913299558,872,1,6.28200006484985,34.8520011901855,0.0299040004611015,0,136.71809387207,-86.1796,22.9944,21.8603543248898,63,63,63,63,61,63,0,8763,1.76508096394256,23,-86,0.001869,51,2024-08-31 18:26:31.001969,872,1.037,0.0011,"aoml_navis",1031.37672146195
"7901009",45,0,1,0.035511,1,0.013083,1,142.146323158582,1,4.8478402850464,874,1,6.27299976348877,34.8520011901855,0.0355109982192516,0,137.072692871094,-86.1796,22.9944,21.8603543248898,63,63,63,63,61,63,0,8763,1.76508096394256,23,-86,0.001869,51,2024-08-31 18:26:31.001969,874,1.037,0.0011,"aoml_navis",1031.38711385005
"7901009",45,0,1,0.031773,1,0.009345,1,142.640889160517,1,4.84779582713081,876,1,6.2649998664856,34.851001739502,0.0317730009555817,0,137.549606323242,-86.1796,22.9944,21.8603543248898,63,63,63,63,61,63,0,8763,1.76508096394256,23,-86,0.001869,51,2024-08-31 18:26:31.001969,876,1.037,0.0011,"aoml_navis",1031.39657244172
"7901009",45,0,1,0.029904,1,0.007476,1,143.135122867266,1,4.84774119225855,877.900024414062,1,6.25,34.8520011901855,0.0299040004611015,0,138.02619934082,-86.1796,22.9944,21.8603543248898,63,63,63,63,61,63,0,8763,1.76508096394256,23,-86,0.001869,51,2024-08-31 18:26:31.001969,877.900024414062,1.037,0.0011,"aoml_navis",1031.40819645747
"7901009",45,0,1,0.031773,1,0.009345,1,143.692935719617,1,4.84765539771763,879.900024414062,1,6.19899988174438,34.8540000915527,0.0317730009555817,0,138.564102172852,-86.1796,22.9944,21.8603543248898,63,63,63,63,61,63,0,8763,1.76508096394256,23,-86,0.001869,51,2024-08-31 18:26:31.001969,879.900024414062,1.037,0.0011,"aoml_navis",1031.42645047626
"7901009",45,0,1,0.033642,1,0.011214,1,143.926776589129,1,4.8476002307286,882,1,6.18400001525879,34.8540000915527,0.0336420014500618,0,138.789596557617,-86.1796,22.9944,21.8603543248898,63,63,63,63,61,63,0,8763,1.76508096394256,23,-86,0.001869,51,2024-08-31 18:26:31.001969,882,1.037,0.0011,"aoml_navis",1031.43818838553
"7901009",45,0,1,0.031773,1,0.009345,1,144.308093226936,1,4.84755563004255,884,1,6.18100023269653,34.8540000915527,0.0317730009555817,0,139.157302856445,-86.1796,22.9944,21.8603543248898,63,63,63,63,61,63,0,8763,1.76508096394256,23,-86,0.001869,51,2024-08-31 18:26:31.001969,884,1.037,0.0011,"aoml_navis",1031.44767829227
"7901009",45,0,1,0.029904,1,0.007476,1,144.863405953601,1,4.84749821295367,886,1,6.16499996185303,34.8549995422363,0.0299040004611015,0,139.692794799805,-86.1796,22.9944,21.8603543248898,63,63,63,63,61,63,0,8763,1.76508096394256,23,-86,0.001869,51,2024-08-31 18:26:31.001969,886,1.037,0.0011,"aoml_navis",1031.45989546501
"7901009",45,0,1,0.028035,1,0.005607,1,145.5333288723,1,4.84744237986727,888,1,6.14599990844727,34.8549995422363,0.0280349999666214,0,140.338806152344,-86.1796,22.9944,21.8603543248898,63,63,63,63,61,63,0,8763,1.76508096394256,23,-86,0.001869,51,2024-08-31 18:26:31.001969,888,1.037,0.0011,"aoml_navis",1031.47177587223
"7901009",45,0,1,0.033642,1,0.011214,1,146.31222878845,1,4.84739444775344,890,1,6.13299989700317,34.8540000915527,0.0336420014500618,0,141.089904785156,-86.1796,22.9944,21.8603543248898,63,63,63,63,61,63,0,8763,1.76508096394256,23,-86,0.001869,51,2024-08-31 18:26:31.001969,890,1.037,0.0011,"aoml_navis",1031.48197529444
"7901009",45,0,1,0.026166,1,0.003738,1,147.204156538604,1,4.84730678369455,892,1,6.0789999961853,34.8559989929199,0.0261659994721413,0,141.949996948242,-86.1796,22.9944,21.8603543248898,63,63,63,63,61,63,0,8763,1.76508096394256,23,-86,0.001869,51,2024-08-31 18:26:31.001969,892,1.037,0.0011,"aoml_navis",1031.5006297557
"7901009",45,0,1,0.029904,1,0.007476,1,147.722457910973,1,4.84723895614801,894,1,6.0479998588562,34.8569984436035,0.0299040004611015,0,142.449798583984,-86.1796,22.9944,21.8603543248898,63,63,63,63,61,63,0,8763,1.76508096394256,23,-86,0.001869,51,2024-08-31 18:26:31.001969,894,1.037,0.0011,"aoml_navis",1031.51506357206
"7901009",45,0,1,0.031773,1,0.009345,1,148.218463858715,1,4.84717463420931,896,1,6.02199983596802,34.8580017089844,0.0317730009555817,0,142.928100585938,-86.1796,22.9944,21.8603543248898,63,63,63,63,61,63,0,8763,1.76508096394256,23,-86,0.001869,51,2024-08-31 18:26:31.001969,896,1.037,0.0011,"aoml_navis",1031.52875176234
"7901009",45,0,1,0.029904,1,0.007476,1,148.583909445491,1,4.84712516600082,898,1,6.01200008392334,34.8580017089844,0.0299040004611015,0,143.280502319336,-86.1796,22.9944,21.8603543248898,63,63,63,63,61,63,0,8763,1.76508096394256,23,-86,0.001869,51,2024-08-31 18:26:31.001969,898,1.037,0.0011,"aoml_navis",1031.53927921472
"7901009",45,0,1,0.029904,1,0.007476,1,149.057714910088,1,4.84707709314134,900,1,6.00400018692017,34.8580017089844,0.0299040004611015,0,143.737396240234,-86.1796,22.9944,21.8603543248898,63,63,63,63,61,63,0,8763,1.76508096394256,23,-86,0.001869,51,2024-08-31 18:26:31.001969,900,1.037,0.0011,"aoml_navis",1031.54950992528
"7901009",45,0,1,0.031773,1,0.009345,1,149.590225857556,1,4.84700844965916,902,1,5.97700023651123,34.8600006103516,0.0317730009555817,0,144.250900268555,-86.1796,22.9944,21.8603543248898,63,63,63,63,61,63,0,8763,1.76508096394256,23,-86,0.001869,51,2024-08-31 18:26:31.001969,902,1.037,0.0011,"aoml_navis",1031.56411876105
"7901009",45,0,1,0.028035,1,0.005607,1,150.098779904467,1,4.84694906648163,904,1,5.95800018310547,34.8610000610352,0.0280349999666214,0,144.741302490234,-86.1796,22.9944,21.8603543248898,63,63,63,63,61,63,0,8763,1.76508096394256,23,-86,0.001869,51,2024-08-31 18:26:31.001969,904,1.037,0.0011,"aoml_navis",1031.57675713507
"7901009",45,0,1,0.026166,1,0.003738,1,150.550606416041,1,4.84689407104495,906,1,5.94000005722046,34.8610000610352,0.0261659994721413,0,145.177001953125,-86.1796,22.9944,21.8603543248898,63,63,63,63,61,63,0,8763,1.76508096394256,23,-86,0.001869,51,2024-08-31 18:26:31.001969,906,1.037,0.0011,"aoml_navis",1031.58846195334
"7901009",45,0,1,0.028035,1,0.005607,1,151.154972241603,1,4.84684047263849,908,1,5.92399978637695,34.8610000610352,0.0280349999666214,0,145.759796142578,-86.1796,22.9944,21.8603543248898,63,63,63,63,61,63,0,8763,1.76508096394256,23,-86,0.001869,51,2024-08-31 18:26:31.001969,908,1.037,0.0011,"aoml_navis",1031.5998696937
"7901009",45,0,1,0.031773,1,0.009345,1,151.757059471602,1,4.84677144159938,910,1,5.89099979400635,34.8619995117188,0.0317730009555817,0,146.340393066406,-86.1796,22.9944,21.8603543248898,63,63,63,63,61,63,0,8763,1.76508096394256,23,-86,0.001869,51,2024-08-31 18:26:31.001969,910,1.037,0.0011,"aoml_navis",1031.61456244573
"7901009",45,0,1,0.028035,1,0.005607,1,152.276816613358,1,4.846714190061,912,1,5.875,34.8629989624023,0.0280349999666214,0,146.841598510742,-86.1796,22.9944,21.8603543248898,63,63,63,63,61,63,0,8763,1.76508096394256,23,-86,0.001869,51,2024-08-31 18:26:31.001969,912,1.037,0.0011,"aoml_navis",1031.62674833464
"7901009",45,0,1,0.033642,1,0.011214,1,152.811922627994,1,4.84666062922508,914,1,5.85900020599365,34.8629989624023,0.0336420014500618,0,147.357604980469,-86.1796,22.9944,21.8603543248898,63,63,63,63,61,63,0,8763,1.76508096394256,23,-86,0.001869,51,2024-08-31 18:26:31.001969,914,1.037,0.0011,"aoml_navis",1031.6381489247
"7901009",45,0,1,0.029904,1,0.007476,1,153.554317544417,1,4.84660431940667,916,1,5.83900022506714,34.8629989624023,0.0299040004611015,0,148.073501586914,-86.1796,22.9944,21.8603543248898,63,63,63,63,61,63,0,8763,1.76508096394256,23,-86,0.001869,51,2024-08-31 18:26:31.001969,916,1.037,0.0011,"aoml_navis",1031.65013491592
"7901009",45,0,1,0.028035,1,0.005607,1,154.302519714806,1,4.84654733539692,918,1,5.81799983978271,34.8629989624023,0.0280349999666214,0,148.794998168945,-86.1796,22.9944,21.8603543248898,63,63,63,63,61,63,0,8763,1.76508096394256,23,-86,0.001869,51,2024-08-31 18:26:31.001969,918,1.037,0.0011,"aoml_navis",1031.66226469766
"7901009",45,0,1,0.028035,1,0.005607,1,155.112022435235,1,4.84646787298505,920,1,5.77500009536743,34.8650016784668,0.0280349999666214,0,149.575607299805,-86.1796,22.9944,21.8603543248898,63,63,63,63,61,63,0,8763,1.76508096394256,23,-86,0.001869,51,2024-08-31 18:26:31.001969,920,1.037,0.0011,"aoml_navis",1031.67917977353
"7901009",45,0,1,0.031773,1,0.009345,1,155.516140852238,1,4.84638824253325,922,1,5.73699998855591,34.8680000305176,0.0317730009555817,0,149.965301513672,-86.1796,22.9944,21.8603543248898,63,63,63,63,61,63,0,8763,1.76508096394256,23,-86,0.001869,51,2024-08-31 18:26:31.001969,922,1.037,0.0011,"aoml_navis",1031.69613117633
"7901009",45,0,1,0.029904,1,0.007476,1,155.767102835623,1,4.84633818355553,924,1,5.72599983215332,34.8680000305176,0.0299040004611015,0,150.207305908203,-86.1796,22.9944,21.8603543248898,63,63,63,63,61,63,0,8763,1.76508096394256,23,-86,0.001869,51,2024-08-31 18:26:31.001969,924,1.037,0.0011,"aoml_navis",1031.70678781061
"7901009",45,0,1,0.026166,1,0.003738,1,156.00342800724,1,4.84629086624754,926,1,5.7189998626709,34.8680000305176,0.0261659994721413,0,150.435195922852,-86.1796,22.9944,21.8603543248898,63,63,63,63,61,63,0,8763,1.76508096394256,23,-86,0.001869,51,2024-08-31 18:26:31.001969,926,1.037,0.0011,"aoml_navis",1031.71686099631
"7901009",45,0,1,0.026166,1,0.003738,1,156.311117525962,1,4.84623850052435,928,1,5.71000003814697,34.8689994812012,0.0261659994721413,0,150.731903076172,-86.1796,22.9944,21.8603543248898,63,63,63,63,61,63,0,8763,1.76508096394256,23,-86,0.001869,51,2024-08-31 18:26:31.001969,928,1.037,0.0011,"aoml_navis",1031.72800914751
"7901009",45,0,1,0.026166,1,0.003738,1,156.66681578728,1,4.84618913601843,930,1,5.69999980926514,34.8689994812012,0.0261659994721413,0,151.074905395508,-86.1796,22.9944,21.8603543248898,63,63,63,63,61,63,0,8763,1.76508096394256,23,-86,0.001869,51,2024-08-31 18:26:31.001969,930,1.037,0.0011,"aoml_navis",1031.73851858946
"7901009",45,0,1,0.026166,1,0.003738,1,157.110239977721,1,4.84613472621743,932,1,5.68800020217896,34.8699989318848,0.0261659994721413,0,151.502502441406,-86.1796,22.9944,21.8603543248898,63,63,63,63,61,63,0,8763,1.76508096394256,23,-86,0.001869,51,2024-08-31 18:26:31.001969,932,1.037,0.0011,"aoml_navis",1031.75010239607
"7901009",45,0,1,0.028035,1,0.005607,1,157.590374874433,1,4.84607116165091,934,1,5.66800022125244,34.8720016479492,0.0280349999666214,0,151.96549987793,-86.1796,22.9944,21.8603543248898,63,63,63,63,61,63,0,8763,1.76508096394256,23,-86,0.001869,51,2024-08-31 18:26:31.001969,934,1.037,0.0011,"aoml_navis",1031.76363557498
"7901009",45,0,1,0.029904,1,0.007476,1,158.049147937754,1,4.84601403574757,936,1,5.65199995040894,34.8730010986328,0.0299040004611015,0,152.407897949219,-86.1796,22.9944,21.8603543248898,63,63,63,63,61,63,0,8763,1.76508096394256,23,-86,0.001869,51,2024-08-31 18:26:31.001969,936,1.037,0.0011,"aoml_navis",1031.77579823676
"7901009",45,0,1,0.028035,1,0.005607,1,158.458867902179,1,4.84595623768107,938,1,5.63500022888184,34.8740005493164,0.0280349999666214,0,152.802993774414,-86.1796,22.9944,21.8603543248898,63,63,63,63,61,63,0,8763,1.76508096394256,23,-86,0.001869,51,2024-08-31 18:26:31.001969,938,1.037,0.0011,"aoml_navis",1031.78810430047
"7901009",45,0,1,0.028035,1,0.005607,1,158.850248337049,1,4.84590253538531,940,1,5.62400007247925,34.875,0.0280349999666214,0,153.180404663086,-86.1796,22.9944,21.8603543248898,63,63,63,63,61,63,0,8763,1.76508096394256,23,-86,0.001869,51,2024-08-31 18:26:31.001969,940,1.037,0.0011,"aoml_navis",1031.79953857707
"7901009",45,0,1,0.029904,1,0.007476,1,159.262041190493,1,4.84585320048547,942,1,5.61399984359741,34.875,0.0299040004611015,0,153.577499389648,-86.1796,22.9944,21.8603543248898,63,63,63,63,61,63,0,8763,1.76508096394256,23,-86,0.001869,51,2024-08-31 18:26:31.001969,942,1.037,0.0011,"aoml_navis",1031.8100431724
"7901009",45,0,1,0.029904,1,0.007476,1,159.713661995523,1,4.84580182797453,944,1,5.60099983215332,34.875,0.0299040004611015,0,154.013000488281,-86.1796,22.9944,21.8603543248898,63,63,63,63,61,63,0,8763,1.76508096394256,23,-86,0.001869,51,2024-08-31 18:26:31.001969,944,1.037,0.0011,"aoml_navis",1031.82098185182
"7901009",45,0,1,0.031773,1,0.009345,1,160.166311333273,1,4.84573697927529,946,1,5.5789999961853,34.8769989013672,0.0317730009555817,0,154.449493408203,-86.1796,22.9944,21.8603543248898,63,63,63,63,61,63,0,8763,1.76508096394256,23,-86,0.001869,51,2024-08-31 18:26:31.001969,946,1.037,0.0011,"aoml_navis",1031.834790329
"7901009",45,0,1,0.029904,1,0.007476,1,160.545966495149,1,4.84568261912738,948,1,5.56699991226196,34.8779983520508,0.0299040004611015,0,154.81559753418,-86.1796,22.9944,21.8603543248898,63,63,63,63,61,63,0,8763,1.76508096394256,23,-86,0.001869,51,2024-08-31 18:26:31.001969,948,1.037,0.0011,"aoml_navis",1031.8463657243
"7901009",45,0,1,0.028035,1,0.005607,1,160.981510542606,1,4.84562185324849,950,1,5.55100011825562,34.8800010681152,0.0280349999666214,0,155.235595703125,-86.1796,22.9944,21.8603543248898,63,63,63,63,61,63,0,8763,1.76508096394256,23,-86,0.001869,51,2024-08-31 18:26:31.001969,950,1.037,0.0011,"aoml_navis",1031.85930545695
"7901009",45,0,1,0.029904,1,0.007476,1,161.49131465236,1,4.8455577211711,952,1,5.53000020980835,34.8819999694824,0.0299040004611015,0,155.727203369141,-86.1796,22.9944,21.8603543248898,63,63,63,63,61,63,0,8763,1.76508096394256,23,-86,0.001869,51,2024-08-31 18:26:31.001969,952,1.037,0.0011,"aoml_navis",1031.87296235356
"7901009",45,0,1,0.029904,1,0.007476,1,161.644898322646,1,4.84549225121376,954,1,5.50699996948242,34.8839988708496,0.0299040004611015,0,155.875305175781,-86.1796,22.9944,21.8603543248898,63,63,63,63,61,63,0,8763,1.76508096394256,23,-86,0.001869,51,2024-08-31 18:26:31.001969,954,1.037,0.0011,"aoml_navis",1031.886904524
"7901009",45,0,1,0.028035,1,0.005607,1,161.932048834152,1,4.84544197969054,956,1,5.50099992752075,34.8849983215332,0.0280349999666214,0,156.152206420898,-86.1796,22.9944,21.8603543248898,63,63,63,63,61,63,0,8763,1.76508096394256,23,-86,0.001869,51,2024-08-31 18:26:31.001969,956,1.037,0.0011,"aoml_navis",1031.89761036398
"7901009",45,0,1,0.031773,1,0.009345,1,162.234959631625,1,4.84539539275096,958,1,5.49499988555908,34.8849983215332,0.0317730009555817,0,156.444305419922,-86.1796,22.9944,21.8603543248898,63,63,63,63,61,63,0,8763,1.76508096394256,23,-86,0.001869,51,2024-08-31 18:26:31.001969,958,1.037,0.0011,"aoml_navis",1031.90753173216
"7901009",45,0,1,0.028035,1,0.005607,1,162.554247834699,1,4.84534542633626,960,1,5.48400020599365,34.8849983215332,0.0280349999666214,0,156.752197265625,-86.1796,22.9944,21.8603543248898,63,63,63,63,61,63,0,8763,1.76508096394256,23,-86,0.001869,51,2024-08-31 18:26:31.001969,960,1.037,0.0011,"aoml_navis",1031.91817302088
"7901009",45,0,1,0.026166,1,0.003738,1,162.883916306441,1,4.84529379503317,962,1,5.47599983215332,34.8860015869141,0.0261659994721413,0,157.070098876953,-86.1796,22.9944,21.8603543248898,63,63,63,63,61,63,0,8763,1.76508096394256,23,-86,0.001869,51,2024-08-31 18:26:31.001969,962,1.037,0.0011,"aoml_navis",1031.9291691095
"7901009",45,0,1,0.028035,1,0.005607,1,163.421095210095,1,4.84524015366779,964,1,5.46500015258789,34.8870010375977,0.0280349999666214,0,157.588104248047,-86.1796,22.9944,21.8603543248898,63,63,63,63,61,63,0,8763,1.76508096394256,23,-86,0.001869,51,2024-08-31 18:26:31.001969,964,1.037,0.0011,"aoml_navis",1031.94059353592
"7901009",45,0,1,0.028035,1,0.005607,1,164.321330339902,1,4.84516498012523,966,1,5.43300008773804,34.8899993896484,0.0280349999666214,0,158.456207275391,-86.1796,22.9944,21.8603543248898,63,63,63,63,61,63,0,8763,1.76508096394256,23,-86,0.001869,51,2024-08-31 18:26:31.001969,966,1.037,0.0011,"aoml_navis",1031.9566042663
"7901009",45,0,1,0.026166,1,0.003738,1,164.895615539334,1,4.84508915960111,968,1,5.40000009536743,34.8930015563965,0.0261659994721413,0,159.009994506836,-86.1796,22.9944,21.8603543248898,63,63,63,63,61,63,0,8763,1.76508096394256,23,-86,0.001869,51,2024-08-31 18:26:31.001969,968,1.037,0.0011,"aoml_navis",1031.97275329638
"7901009",45,0,1,0.028035,1,0.005607,1,165.420657756906,1,4.84503420062246,970,1,5.38700008392334,34.8940010070801,0.0280349999666214,0,159.516296386719,-86.1796,22.9944,21.8603543248898,63,63,63,63,61,63,0,8763,1.76508096394256,23,-86,0.001869,51,2024-08-31 18:26:31.001969,970,1.037,0.0011,"aoml_navis",1031.98445933728
"7901009",45,0,1,0.029904,1,0.007476,1,165.844080941861,1,4.84497924747949,972,1,5.37400007247925,34.8950004577637,0.0299040004611015,0,159.924606323242,-86.1796,22.9944,21.8603543248898,63,63,63,63,61,63,0,8763,1.76508096394256,23,-86,0.001869,51,2024-08-31 18:26:31.001969,972,1.037,0.0011,"aoml_navis",1031.99616440074
"7901009",45,0,1,0.031773,1,0.009345,1,166.149270334897,1,4.84493470075398,974,1,5.37099981307983,34.8950004577637,0.0317730009555817,0,160.218902587891,-86.1796,22.9944,21.8603543248898,63,63,63,63,61,63,0,8763,1.76508096394256,23,-86,0.001869,51,2024-08-31 18:26:31.001969,974,1.037,0.0011,"aoml_navis",1032.0056530838
"7901009",45,0,1,0.031773,1,0.009345,1,166.68695559312,1,4.84488177008144,976,1,5.36100006103516,34.8959999084473,0.0317730009555817,0,160.737396240234,-86.1796,22.9944,21.8603543248898,63,63,63,63,61,63,0,8763,1.76508096394256,23,-86,0.001869,51,2024-08-31 18:26:31.001969,976,1.037,0.0011,"aoml_navis",1032.01692781782
"7901009",45,0,1,0.029904,1,0.007476,1,167.162533298708,1,4.84482817132801,978,1,5.34999990463257,34.8969993591309,0.0299040004611015,0,161.195999145508,-86.1796,22.9944,21.8603543248898,63,63,63,63,61,63,0,8763,1.76508096394256,23,-86,0.001869,51,2024-08-31 18:26:31.001969,978,1.037,0.0011,"aoml_navis",1032.02834511042
"7901009",45,0,4,0.024297,1,0.001869,1,176.300492679852,1,4.84424259783392,999.599975585938,1,5.20529985427856,34.9049987792969,0.0242970008403063,0,170.007797241211,-86.1796,22.9944,21.8603543248898,63,63,63,63,61,63,0,8763,1.76508096394256,23,-86,0.001869,51,2024-08-31 18:26:31.001969,999.599975585938,1.037,0.0011,"aoml_navis",1032.15309700545
"7901009",45,0,1,0.029904,1,0.007476,1,184.543407065523,1,4.84293030431611,1049.59997558594,1,4.88980007171631,34.9160003662109,0.0299040004611015,0,177.956497192383,-86.1796,22.9944,21.8603543248898,63,63,63,63,61,63,0,8763,1.76508096394256,23,-86,0.001869,51,2024-08-31 18:26:31.001969,1049.59997558594,1.037,0.0011,"aoml_navis",1032.4327805304
"7901009",45,0,1,0.031773,1,0.009345,1,183.696798049316,1,4.84175013067874,1099.59997558594,1,4.72160005569458,34.9179992675781,0.0317730009555817,0,177.140106201172,-86.1796,22.9944,21.8603543248898,63,63,63,63,61,63,0,8763,1.76508096394256,23,-86,0.001869,51,2024-08-31 18:26:31.001969,1099.59997558594,1.037,0.0011,"aoml_navis",1032.68443539012
"7901009",46,0.0201186238622625,1,0.057939,1,0.035511,1,188.657089775544,1,4.89032898425843,2.20000004768372,1,30.6350002288818,36.2130012512207,0.0579390004277229,0.0448560006916523,181.923294067383,-86.4255,23.3843,26.4103020332576,63,63,63,63,61,63,0.035511,8763,1.76508096394256,23,-86,0.001869,51,2024-09-11 00:14:39.000021,2.20000004768372,1.037,0.0011,"aoml_navis",1022.42610182149
"7901009",46,0.0211774988023816,1,0.059808,1,0.03738,1,188.86325526672,1,4.89010725772433,4,1,30.5300006866455,36.2159996032715,0.0598080009222031,0.0467250011861324,182.122100830078,-86.4255,23.3843,26.4103020332576,63,63,63,63,61,63,0.03738,8763,1.76508096394256,23,-86,0.001869,51,2024-09-11 00:14:39.000021,4,1.037,0.0011,"aoml_navis",1022.47246051753
"7901009",46,0.0222363737425006,1,0.061677,1,0.039249,1,189.05571753314,1,4.88993893658243,6,1,30.4659996032715,36.2220001220703,0.0616770014166832,0.0485940016806126,182.307693481445,-86.4255,23.3843,26.4103020332576,63,63,63,63,61,63,0.039249,8763,1.76508096394256,23,-86,0.001869,51,2024-09-11 00:14:39.000021,6,1.037,0.0011,"aoml_navis",1022.50765599427
"7901009",46,0.0222363737425006,1,0.061677,1,0.039249,1,189.081240976018,1,4.88987003826807,8,1,30.4489994049072,36.2220001220703,0.0616770014166832,0.0485940016806126,182.332305908203,-86.4255,23.3843,26.4103020332576,63,63,63,63,61,63,0.039249,8763,1.76508096394256,23,-86,0.001869,51,2024-09-11 00:14:39.000021,8,1.037,0.0011,"aoml_navis",1022.52206313666
"7901009",46,0.0254129985628579,1,0.067284,1,0.044856,1,189.125103954109,1,4.88980226127166,10,1,30.4370002746582,36.2239990234375,0.0672840029001236,0.0542009994387627,182.374603271484,-86.4255,23.3843,26.4103020332576,63,63,63,63,61,63,0.044856,8763,1.76508096394256,23,-86,0.001869,51,2024-09-11 00:14:39.000021,10,1.037,0.0011,"aoml_navis",1022.53623619939
"7901009",46,0.027530748443096,1,0.071022,1,0.048594,1,189.185977286257,1,4.8897339296394,12,1,30.4290008544922,36.2280006408691,0.0710219964385033,0.0579390004277229,182.433303833008,-86.4255,23.3843,26.4103020332576,63,63,63,63,61,63,0.048594,8763,1.76508096394256,23,-86,0.001869,51,2024-09-11 00:14:39.000021,12,1.037,0.0011,"aoml_navis",1022.55052564153
"7901009",46,0.0285896233832151,1,0.072891,1,0.050463,1,189.347852562543,1,4.88967967284699,14,1,30.4230003356934,36.2290000915527,0.0728909969329834,0.0598080009222031,182.589401245117,-86.4255,23.3843,26.4103020332576,63,63,63,63,61,63,0.050463,8763,1.76508096394256,23,-86,0.001869,51,2024-09-11 00:14:39.000021,14,1.037,0.0011,"aoml_navis",1022.56187205179
"7901009",46,0.0338839980838105,1,0.082236,1,0.059808,1,189.323579182893,1,4.88961549220592,16,1,30.4109992980957,36.2299995422363,0.0822359994053841,0.0691530033946037,182.565994262695,-86.4255,23.3843,26.4103020332576,63,63,63,63,61,63,0.059808,8763,1.76508096394256,23,-86,0.001869,51,2024-09-11 00:14:39.000021,16,1.037,0.0011,"aoml_navis",1022.57529410442
"7901009",46,0.0317662482035724,1,0.078498,1,0.05607,1,189.390987655716,1,4.88955975611415,18.1000003814697,1,30.4009990692139,36.2290000915527,0.0784979984164238,0.0654150024056435,182.630996704102,-86.4255,23.3843,26.4103020332576,63,63,63,63,61,63,0.05607,8763,1.76508096394256,23,-86,0.001869,51,2024-09-11 00:14:39.000021,18.1000003814697,1.037,0.0011,"aoml_navis",1022.58695044022
"7901009",46,0.0360017479640487,1,0.085974,1,0.063546,1,189.523003826787,1,4.88949294461647,20,1,30.3840007781982,36.2290000915527,0.0859740003943443,0.0728909969329834,182.75830078125,-86.4255,23.3843,26.4103020332576,63,63,63,63,61,63,0.063546,8763,1.76508096394256,23,-86,0.001869,51,2024-09-11 00:14:39.000021,20,1.037,0.0011,"aoml_navis",1022.60092337493
"7901009",46,0.041296122664644,1,0.095319,1,0.072891,1,189.422207589255,1,4.88943897929249,22,1,30.3759994506836,36.2290000915527,0.095319002866745,0.0822359994053841,182.661102294922,-86.4255,23.3843,26.4103020332576,63,63,63,63,61,63,0.072891,8763,1.76508096394256,23,-86,0.001869,51,2024-09-11 00:14:39.000021,22,1.037,0.0011,"aoml_navis",1022.61220994387
"7901009",46,0.041296122664644,1,0.095319,1,0.072891,1,189.372632296919,1,4.88939659231504,24,1,30.375,36.2290000915527,0.095319002866745,0.0822359994053841,182.613296508789,-86.4255,23.3843,26.4103020332576,63,63,63,63,61,63,0.072891,8763,1.76508096394256,23,-86,0.001869,51,2024-09-11 00:14:39.000021,24,1.037,0.0011,"aoml_navis",1022.6210751361
"7901009",46,0.0423549976047631,1,0.097188,1,0.07476,1,189.465026210725,1,4.88934759570187,26,1,30.3700008392334,36.2290000915527,0.0971880033612251,0.0841049998998642,182.702392578125,-86.4255,23.3843,26.4103020332576,63,63,63,63,61,63,0.07476,8763,1.76508096394256,23,-86,0.001869,51,2024-09-11 00:14:39.000021,26,1.037,0.0011,"aoml_navis",1022.6313229183
"7901009",46,0.0444727474850013,1,0.100926,1,0.078498,1,190.886569631616,1,4.88924199283862,27.8999996185303,1,30.3229999542236,36.226001739502,0.100925996899605,0.0878430008888245,184.073196411133,-86.4255,23.3843,26.4103020332576,63,63,63,63,61,63,0.078498,8763,1.76508096394256,23,-86,0.001869,51,2024-09-11 00:14:39.000021,27.8999996185303,1.037,0.0011,"aoml_navis",1022.65341075848
"7901009",46,0.0455316224251204,1,0.102795,1,0.080367,1,193.503901383783,1,4.88881735113392,30,1,30.0890007019043,36.2249984741211,0.102794997394085,0.0897120013833046,186.597106933594,-86.4255,23.3843,26.4103020332576,63,63,63,63,61,63,0.080367,8763,1.76508096394256,23,-86,0.001869,51,2024-09-11 00:14:39.000021,30,1.037,0.0011,"aoml_navis",1022.74223823074
"7901009",46,0.0444727474850013,1,0.100926,1,0.078498,1,194.508350923186,1,4.88856053679044,32,1,29.9419994354248,36.2179985046387,0.100925996899605,0.0878430008888245,187.565704345703,-86.4255,23.3843,26.4103020332576,63,63,63,63,61,63,0.078498,8763,1.76508096394256,23,-86,0.001869,51,2024-09-11 00:14:39.000021,32,1.037,0.0011,"aoml_navis",1022.7959667004
"7901009",46,0.0476493723053585,1,0.106533,1,0.084105,1,194.559571868381,1,4.88851815763856,34,1,29.9409999847412,36.2179985046387,0.106532998383045,0.0934500023722649,187.615097045898,-86.4255,23.3843,26.4103020332576,63,63,63,63,61,63,0.084105,8763,1.76508096394256,23,-86,0.001869,51,2024-09-11 00:14:39.000021,34,1.037,0.0011,"aoml_navis",1022.80483344165
"7901009",46,0.0497671221855967,1,0.110271,1,0.087843,1,194.908845863832,1,4.88847015186087,36,1,29.9300003051758,36.2150001525879,0.110270999372005,0.0971880033612251,187.951904296875,-86.4255,23.3843,26.4103020332576,63,63,63,63,61,63,0.087843,8763,1.76508096394256,23,-86,0.001869,51,2024-09-11 00:14:39.000021,36,1.037,0.0011,"aoml_navis",1022.81487759451
"7901009",46,0.0487082472454776,1,0.108402,1,0.085974,1,195.654563962125,1,4.88837461651757,38,1,29.878999710083,36.2070007324219,0.108401998877525,0.095319002866745,188.671005249023,-86.4255,23.3843,26.4103020332576,63,63,63,63,61,63,0.085974,8763,1.76508096394256,23,-86,0.001869,51,2024-09-11 00:14:39.000021,38,1.037,0.0011,"aoml_navis",1022.83486685027
"7901009",46,0.0582381217065493,1,0.125223,1,0.102795,1,195.86993877987,1,4.88819142793486,39.9000015258789,1,29.7840003967285,36.2039985656738,0.125222995877266,0.112139999866486,188.878692626953,-86.4255,23.3843,26.4103020332576,63,63,63,63,61,63,0.102795,8763,1.76508096394256,23,-86,0.001869,51,2024-09-11 00:14:39.000021,39.9000015258789,1.037,0.0011,"aoml_navis",1022.87319834207
"7901009",46,0.0624736214670256,1,0.132699,1,0.110271,1,195.800362475879,1,4.88792916435547,42,1,29.6889991760254,36.2220001220703,0.132698997855186,0.119616001844406,188.811599731445,-86.4255,23.3843,26.4103020332576,63,63,63,63,61,63,0.110271,8763,1.76508096394256,23,-86,0.001869,51,2024-09-11 00:14:39.000021,42,1.037,0.0011,"aoml_navis",1022.92808096766
"7901009",46,0.0656502462873828,1,0.138306,1,0.115878,1,195.719788780194,1,4.88782358648207,44,1,29.6580009460449,36.226001739502,0.138306006789207,0.125222995877266,188.733901977539,-86.4255,23.3843,26.4103020332576,63,63,63,63,61,63,0.115878,8763,1.76508096394256,23,-86,0.001869,51,2024-09-11 00:14:39.000021,44,1.037,0.0011,"aoml_navis",1022.9501763992
"7901009",46,0.0709446209879782,1,0.147651,1,0.125223,1,195.579686757102,1,4.88774930110406,46,1,29.6439990997314,36.2290000915527,0.147651001811028,0.134568005800247,188.59880065918,-86.4255,23.3843,26.4103020332576,63,63,63,63,61,63,0.125223,8763,1.76508096394256,23,-86,0.001869,51,2024-09-11 00:14:39.000021,46,1.037,0.0011,"aoml_navis",1022.96572348148
"7901009",46,0.0709446209879782,1,0.147651,1,0.125223,1,195.61120733876,1,4.88766071283522,48,1,29.6189994812012,36.2309989929199,0.147651001811028,0.134568005800247,188.629196166992,-86.4255,23.3843,26.4103020332576,63,63,63,63,61,63,0.125223,8763,1.76508096394256,23,-86,0.001869,51,2024-09-11 00:14:39.000021,48,1.037,0.0011,"aoml_navis",1022.98426461349
"7901009",46,0.0741212458083355,1,0.153258,1,0.13083,1,195.640655030761,1,4.88755912660045,50,1,29.5860004425049,36.2330017089844,0.153257995843887,0.140174999833107,188.657592773438,-86.4255,23.3843,26.4103020332576,63,63,63,63,61,63,0.13083,8763,1.76508096394256,23,-86,0.001869,51,2024-09-11 00:14:39.000021,50,1.037,0.0011,"aoml_navis",1023.00552698945
"7901009",46,0.0762389956885736,1,0.156996,1,0.134568,1,195.531361527993,1,4.88748067322618,52,1,29.5650005340576,36.234001159668,0.156995996832848,0.143913000822067,188.552200317383,-86.4255,23.3843,26.4103020332576,63,63,63,63,61,63,0.134568,8763,1.76508096394256,23,-86,0.001869,51,2024-09-11 00:14:39.000021,52,1.037,0.0011,"aoml_navis",1023.02194817674
"7901009",46,0.0751801207484546,1,0.155127,1,0.132699,1,195.581759646759,1,4.88739898600288,54,1,29.5419998168945,36.2350006103516,0.155127003788948,0.142043992877007,188.600799560547,-86.4255,23.3843,26.4103020332576,63,63,63,63,61,63,0.132699,8763,1.76508096394256,23,-86,0.001869,51,2024-09-11 00:14:39.000021,54,1.037,0.0011,"aoml_navis",1023.0390468058
"7901009",46,0.0804744954490499,1,0.164472,1,0.142044,1,195.396449640836,1,4.88730757935308,56,1,29.5130004882812,36.2360000610352,0.164471998810768,0.151389002799988,188.422103881836,-86.4255,23.3843,26.4103020332576,63,63,63,63,61,63,0.142044,8763,1.76508096394256,23,-86,0.001869,51,2024-09-11 00:14:39.000021,56,1.037,0.0011,"aoml_navis",1023.05818056613
"7901009",46,0.0889454949700026,1,0.179424,1,0.156996,1,195.263816349944,1,4.88710833158919,58.0999984741211,1,29.431999206543,36.2430000305176,0.179424002766609,0.166341006755829,188.294204711914,-86.4255,23.3843,26.4103020332576,63,63,63,63,61,63,0.156996,8763,1.76508096394256,23,-86,0.001869,51,2024-09-11 00:14:39.000021,58.0999984741211,1.037,0.0011,"aoml_navis",1023.09989072293
"7901009",46,0.0995342443711934,1,0.198114,1,0.175686,1,195.085959252636,1,4.88693476709217,60,1,29.3619995117188,36.2490005493164,0.198113992810249,0.185030996799469,188.122695922852,-86.4255,23.3843,26.4103020332576,63,63,63,63,61,63,0.175686,8763,1.76508096394256,23,-86,0.001869,51,2024-09-11 00:14:39.000021,60,1.037,0.0011,"aoml_navis",1023.13622716415
"7901009",46,0.112240743652622,1,0.220542,1,0.198114,1,195.102447428383,1,4.88672074057226,62,1,29.2569999694824,36.25,0.220541998744011,0.207459002733231,188.138595581055,-86.4255,23.3843,26.4103020332576,63,63,63,63,61,63,0.198114,8763,1.76508096394256,23,-86,0.001869,51,2024-09-11 00:14:39.000021,62,1.037,0.0011,"aoml_navis",1023.18103805017
"7901009",46,0.119652868233456,1,0.233625,1,0.211197,1,194.89286404281,1,4.88662836242004,64,1,29.2250003814697,36.25,0.233624994754791,0.220541998744011,187.936492919922,-86.4255,23.3843,26.4103020332576,63,63,63,63,61,63,0.211197,8763,1.76508096394256,23,-86,0.001869,51,2024-09-11 00:14:39.000021,64,1.037,0.0011,"aoml_navis",1023.20038054292
"7901009",46,0.123888367993932,1,0.241101,1,0.218673,1,194.586440315999,1,4.88652759932879,66,1,29.1900005340576,36.2509994506836,0.241100996732712,0.228018000721931,187.641006469727,-86.4255,23.3843,26.4103020332576,63,63,63,63,61,63,0.218673,8763,1.76508096394256,23,-86,0.001869,51,2024-09-11 00:14:39.000021,66,1.037,0.0011,"aoml_navis",1023.22147954036
"7901009",46,0.120711743173575,1,0.235494,1,0.213066,1,194.159599106046,1,4.88643940687546,68,1,29.1650009155273,36.2529983520508,0.235494002699852,0.222411006689072,187.229400634766,-86.4255,23.3843,26.4103020332576,63,63,63,63,61,63,0.213066,8763,1.76508096394256,23,-86,0.001869,51,2024-09-11 00:14:39.000021,68,1.037,0.0011,"aoml_navis",1023.23994705936
"7901009",46,0.121770618113694,1,0.237363,1,0.214935,1,193.518411611384,1,4.88626720769818,70,1,29.1189994812012,36.2690010070801,0.237362995743752,0.224279999732971,186.611099243164,-86.4255,23.3843,26.4103020332576,63,63,63,63,61,63,0.214935,8763,1.76508096394256,23,-86,0.001869,51,2024-09-11 00:14:39.000021,70,1.037,0.0011,"aoml_navis",1023.27600752628
"7901009",46,0.122829493053813,1,0.239232,1,0.216804,1,193.10828010737,1,4.88615449083273,72,1,29.1009998321533,36.2809982299805,0.239232003688812,0.226148992776871,186.215606689453,-86.4255,23.3843,26.4103020332576,63,63,63,63,61,63,0.216804,8763,1.76508096394256,23,-86,0.001869,51,2024-09-11 00:14:39.000021,72,1.037,0.0011,"aoml_navis",1023.29961309673
"7901009",46,0.136594867275361,1,0.263529,1,0.241101,1,192.557714284975,1,4.88603993132916,74,1,29.0930004119873,36.2980003356934,0.263529002666473,0.250445991754532,185.684692382812,-86.4255,23.3843,26.4103020332576,63,63,63,63,61,63,0.241101,8763,1.76508096394256,23,-86,0.001869,51,2024-09-11 00:14:39.000021,74,1.037,0.0011,"aoml_navis",1023.32360567504
"7901009",46,0.134477117395123,1,0.259791,1,0.237363,1,191.89714289848,1,4.88589544115243,76,1,29.05299949646,36.3089981079102,0.259790986776352,0.246708005666733,185.047698974609,-86.4255,23.3843,26.4103020332576,63,63,63,63,61,63,0.237363,8763,1.76508096394256,23,-86,0.001869,51,2024-09-11 00:14:39.000021,76,1.037,0.0011,"aoml_navis",1023.35386833834
"7901009",46,0.156713491137624,1,0.29904,1,0.276612,1,191.601289326562,1,4.88560712358907,78,1,28.9389991760254,36.3269996643066,0.299039989709854,0.285957008600235,184.762405395508,-86.4255,23.3843,26.4103020332576,63,63,63,63,61,63,0.276612,8763,1.76508096394256,23,-86,0.001869,51,2024-09-11 00:14:39.000021,78,1.037,0.0011,"aoml_navis",1023.41426019678
"7901009",46,0.165184490658576,1,0.313992,1,0.291564,1,191.268819978561,1,4.8853377669426,80.0999984741211,1,28.7929992675781,36.3250007629395,0.313991993665695,0.300909012556076,184.441802978516,-86.4255,23.3843,26.4103020332576,63,63,63,63,61,63,0.291564,8763,1.76508096394256,23,-86,0.001869,51,2024-09-11 00:14:39.000021,80.0999984741211,1.037,0.0011,"aoml_navis",1023.47068688542
"7901009",46,0.176832114999886,1,0.334551,1,0.312123,1,190.169381457384,1,4.88505966840261,82.0999984741211,1,28.6240005493164,36.3160018920898,0.334551006555557,0.321467995643616,183.381607055664,-86.4255,23.3843,26.4103020332576,63,63,63,63,61,63,0.312123,8763,1.76508096394256,23,-86,0.001869,51,2024-09-11 00:14:39.000021,82.0999984741211,1.037,0.0011,"aoml_navis",1023.52895141503
"7901009",46,0.213892737904054,1,0.399966,1,0.377538,1,187.573411545196,1,4.88468761998563,83.9000015258789,1,28.4309997558594,36.3240013122559,0.39996600151062,0.386882990598679,180.878295898438,-86.4255,23.3843,26.4103020332576,63,63,63,63,61,63,0.377538,8763,1.76508096394256,23,-86,0.001869,51,2024-09-11 00:14:39.000021,83.9000015258789,1.037,0.0011,"aoml_navis",1023.60690979349
"7901009",46,0.248835610927983,1,0.461643,1,0.439215,1,186.780507515927,1,4.88435443568939,86,1,28.2770004272461,36.3370018005371,0.461643010377884,0.448559999465942,180.113693237305,-86.4255,23.3843,26.4103020332576,63,63,63,63,61,63,0.439215,8763,1.76508096394256,23,-86,0.001869,51,2024-09-11 00:14:39.000021,86,1.037,0.0011,"aoml_navis",1023.67673473194
"7901009",46,0.266836484910008,1,0.493416,1,0.470988,1,187.523535604741,1,4.88425639890243,88,1,28.2430000305176,36.3380012512207,0.493416011333466,0.480333000421524,180.830200195312,-86.4255,23.3843,26.4103020332576,63,63,63,63,61,63,0.470988,8763,1.76508096394256,23,-86,0.001869,51,2024-09-11 00:14:39.000021,88,1.037,0.0011,"aoml_navis",1023.6972819698
"7901009",46,0.284837358892032,1,0.525189,1,0.502761,1,187.061233740423,1,4.88410348020643,90,1,28.1809997558594,36.3419990539551,0.525188982486725,0.512106001377106,180.384399414062,-86.4255,23.3843,26.4103020332576,63,63,63,63,61,63,0.502761,8763,1.76508096394256,23,-86,0.001869,51,2024-09-11 00:14:39.000021,90,1.037,0.0011,"aoml_navis",1023.7293333901
"7901009",46,0.292249483472866,1,0.538272,1,0.515844,1,186.742356852083,1,4.88392348049619,92,1,28.1040000915527,36.3470001220703,0.538272023200989,0.525188982486725,180.076904296875,-86.4255,23.3843,26.4103020332576,63,63,63,63,61,63,0.515844,8763,1.76508096394256,23,-86,0.001869,51,2024-09-11 00:14:39.000021,92,1.037,0.0011,"aoml_navis",1023.76706350281
"7901009",46,0.31025035745489,1,0.570045,1,0.547617,1,186.258693147786,1,4.88381218591541,94,1,28.0659999847412,36.3499984741211,0.570044994354248,0.556962013244629,179.610504150391,-86.4255,23.3843,26.4103020332576,63,63,63,63,61,63,0.547617,8763,1.76508096394256,23,-86,0.001869,51,2024-09-11 00:14:39.000021,94,1.037,0.0011,"aoml_navis",1023.79039358222
"7901009",46,0.389665977963821,1,0.71022,1,0.687792,1,185.129379697808,1,4.88357306580644,96,1,27.9580001831055,36.3580017089844,0.710219979286194,0.697136998176575,178.521499633789,-86.4255,23.3843,26.4103020332576,63,63,63,63,61,63,0.687792,8763,1.76508096394256,23,-86,0.001869,51,2024-09-11 00:14:39.000021,96,1.037,0.0011,"aoml_navis",1023.8405226306
"7901009",46,0.463787223772156,1,0.84105,1,0.818622,1,183.831972302573,1,4.88326267950336,98.0999984741211,1,27.8330001831055,36.3779983520508,0.841050028800964,0.8279669880867,177.270401000977,-86.4255,23.3843,26.4103020332576,63,63,63,63,61,63,0.818622,8763,1.76508096394256,23,-86,0.001869,51,2024-09-11 00:14:39.000021,98.0999984741211,1.037,0.0011,"aoml_navis",1023.90559921886
"7901009",46,0.542143969340968,1,0.979356,1,0.956928,1,182.84337799551,1,4.88297644688122,100,1,27.7549991607666,36.4129981994629,0.979355990886688,0.966273009777069,176.317092895508,-86.4255,23.3843,26.4103020332576,63,63,63,63,61,63,0.956928,8763,1.76508096394256,23,-86,0.001869,51,2024-09-11 00:14:39.000021,100,1.037,0.0011,"aoml_navis",1023.9656190014
"7901009",46,0.533672969820015,1,0.964404,1,0.941976,1,181.947826369245,1,4.88265741390086,101.900001525879,1,27.7569999694824,36.492000579834,0.964403986930847,0.951321005821228,175.453506469727,-86.4255,23.3843,26.4103020332576,63,63,63,63,61,63,0.941976,8763,1.76508096394256,23,-86,0.001869,51,2024-09-11 00:14:39.000021,101.900001525879,1.037,0.0011,"aoml_navis",1024.03252494534
"7901009",46,0.495553471975729,1,0.89712,1,0.874692,1,180.848277082972,1,4.8824771413708,104,1,27.7080001831055,36.5089988708496,0.897119998931885,0.884037017822266,174.393203735352,-86.4255,23.3843,26.4103020332576,63,63,63,63,61,63,0.874692,8763,1.76508096394256,23,-86,0.001869,51,2024-09-11 00:14:39.000021,104,1.037,0.0011,"aoml_navis",1024.07033463268
"7901009",46,0.462728348832037,1,0.839181,1,0.816753,1,179.642646481721,1,4.8819677272657,106.099998474121,1,27.4820003509521,36.5410003662109,0.839181005954742,0.826098024845123,173.230606079102,-86.4255,23.3843,26.4103020332576,63,63,63,63,61,63,0.816753,8763,1.76508096394256,23,-86,0.001869,51,2024-09-11 00:14:39.000021,106.099998474121,1.037,0.0011,"aoml_navis",1024.17719233888
"7901009",46,0.428844350748227,1,0.779373,1,0.756945,1,177.980410506813,1,4.88173518446499,108,1,27.4009990692139,36.560001373291,0.779372990131378,0.766290009021759,171.627700805664,-86.4255,23.3843,26.4103020332576,63,63,63,63,61,63,0.756945,8763,1.76508096394256,23,-86,0.001869,51,2024-09-11 00:14:39.000021,108,1.037,0.0011,"aoml_navis",1024.22597930165
"7901009",46,0.383312728323106,1,0.699006,1,0.676578,1,175.680215048617,1,4.88127241616231,110,1,27.2070007324219,36.5940017700195,0.699006021022797,0.685922980308533,169.409606933594,-86.4255,23.3843,26.4103020332576,63,63,63,63,61,63,0.676578,8763,1.76508096394256,23,-86,0.001869,51,2024-09-11 00:14:39.000021,110,1.037,0.0011,"aoml_navis",1024.32308089271
"7901009",46,0.318721356975843,1,0.584997,1,0.562569,1,173.726271281106,1,4.88088281309053,112,1,26.992000579834,36.5989990234375,0.584996998310089,0.57191401720047,167.525405883789,-86.4255,23.3843,26.4103020332576,63,63,63,63,61,63,0.562569,8763,1.76508096394256,23,-86,0.001869,51,2024-09-11 00:14:39.000021,112,1.037,0.0011,"aoml_navis",1024.40484467072
"7901009",46,0.291190608532746,1,0.536403,1,0.513975,1,172.009491408117,1,4.88069631368503,114,1,26.9039993286133,36.6020011901855,0.536403000354767,0.523320019245148,165.869903564453,-86.4255,23.3843,26.4103020332576,63,63,63,63,61,63,0.513975,8763,1.76508096394256,23,-86,0.001869,51,2024-09-11 00:14:39.000021,114,1.037,0.0011,"aoml_navis",1024.44398885881
"7901009",46,0.258365485389055,1,0.478464,1,0.456036,1,171.421502806796,1,4.88045639664378,116,1,26.8020000457764,36.6139984130859,0.478464007377625,0.465380996465683,165.30290222168,-86.4255,23.3843,26.4103020332576,63,63,63,63,61,63,0.456036,8763,1.76508096394256,23,-86,0.001869,51,2024-09-11 00:14:39.000021,116,1.037,0.0011,"aoml_navis",1024.49434922489
"7901009",46,0.21812823766453,1,0.407442,1,0.385014,1,171.025976471894,1,4.88036575037724,118,1,26.7670001983643,36.6129989624023,0.407442003488541,0.394358992576599,164.921493530273,-86.4255,23.3843,26.4103020332576,63,63,63,63,61,63,0.385014,8763,1.76508096394256,23,-86,0.001869,51,2024-09-11 00:14:39.000021,118,1.037,0.0011,"aoml_navis",1024.51337783721
"7901009",46,0.164125615718457,1,0.312123,1,0.289695,1,170.12305105494,1,4.87998052171325,120.099998474121,1,26.5799999237061,36.6290016174316,0.312123000621796,0.299039989709854,164.050796508789,-86.4255,23.3843,26.4103020332576,63,63,63,63,61,63,0.289695,8763,1.76508096394256,23,-86,0.001869,51,2024-09-11 00:14:39.000021,120.099998474121,1.037,0.0011,"aoml_navis",1024.59425355342
"7901009",46,0.109064118832265,1,0.214935,1,0.192507,1,167.795575735912,1,4.8794402443605,122.099998474121,1,26.4069995880127,36.6949996948242,0.214935004711151,0.20185199379921,161.806396484375,-86.4255,23.3843,26.4103020332576,63,63,63,63,61,63,0.192507,8763,1.76508096394256,23,-86,0.001869,51,2024-09-11 00:14:39.000021,122.099998474121,1.037,0.0011,"aoml_navis",1024.70770203177
"7901009",46,0.0783567455688118,1,0.160734,1,0.138306,1,165.887995072947,1,4.87895667133514,124,1,26.2409992218018,36.7490005493164,0.160733997821808,0.147651001811028,159.966903686523,-86.4255,23.3843,26.4103020332576,63,63,63,63,61,63,0.138306,8763,1.76508096394256,23,-86,0.001869,51,2024-09-11 00:14:39.000021,124,1.037,0.0011,"aoml_navis",1024.80926493486
"7901009",46,0.0571792467664302,1,0.123354,1,0.100926,1,163.786591315239,1,4.87858711306079,126,1,26.0990009307861,36.7809982299805,0.123354002833366,0.110270999372005,157.940505981445,-86.4255,23.3843,26.4103020332576,63,63,63,63,61,63,0.100926,8763,1.76508096394256,23,-86,0.001869,51,2024-09-11 00:14:39.000021,126,1.037,0.0011,"aoml_navis",1024.88689535013
"7901009",46,0.041296122664644,1,0.095319,1,0.072891,1,162.210847056868,1,4.87791758058499,128,1,25.7919998168945,36.8279991149902,0.095319002866745,0.0822359994053841,156.421005249023,-86.4255,23.3843,26.4103020332576,63,63,63,63,61,63,0.072891,8763,1.76508096394256,23,-86,0.001869,51,2024-09-11 00:14:39.000021,128,1.037,0.0011,"aoml_navis",1025.02756912108
"7901009",46,0.0232952486826197,4,0.063546,1,0.041118,1,160.332081142498,1,4.87741545370568,130,1,25.5979995727539,36.8759994506836,0.0635460019111633,0.0504629984498024,154.609298706055,-86.4255,23.3843,26.4103020332576,63,63,63,63,61,63,0.041118,8763,1.76508096394256,23,-86,0.001869,51,2024-09-11 00:14:39.000021,130,1.037,0.0011,"aoml_navis",1025.13309507009
"7901009",46,0.0158831241017862,4,0.050463,1,0.028035,1,159.567485507097,1,4.87710151277849,132,1,25.4720001220703,36.9000015258789,0.0504629984498024,0.0373799987137318,153.871994018555,-86.4255,23.3843,26.4103020332576,63,63,63,63,61,63,0.028035,8763,1.76508096394256,23,-86,0.001869,51,2024-09-11 00:14:39.000021,132,1.037,0.0011,"aoml_navis",1025.19908328738
"7901009",46,0.0307073732634533,1,0.076629,1,0.054201,1,160.229623428524,1,4.87640993384412,134,1,25.1159992218018,36.935001373291,0.0766289979219437,0.0635460019111633,154.510498046875,-86.4255,23.3843,26.4103020332576,63,63,63,63,61,63,0.054201,8763,1.76508096394256,23,-86,0.001869,51,2024-09-11 00:14:39.000021,134,1.037,0.0011,"aoml_navis",1025.34447838319
"7901009",46,0.0381194978442868,1,0.089712,1,0.067284,1,160.883564732833,1,4.87601701910812,136,1,24.9050006866455,36.9469985961914,0.0897120013833046,0.0766289979219437,155.141098022461,-86.4255,23.3843,26.4103020332576,63,63,63,63,61,63,0.067284,8763,1.76508096394256,23,-86,0.001869,51,2024-09-11 00:14:39.000021,136,1.037,0.0011,"aoml_navis",1025.42710175252
"7901009",46,0.0465904973652394,1,0.104664,1,0.082236,1,161.21054329678,1,4.87561720052211,138,1,24.7029991149902,36.9650001525879,0.104663997888565,0.0915810018777847,155.456405639648,-86.4255,23.3843,26.4103020332576,63,63,63,63,61,63,0.082236,8763,1.76508096394256,23,-86,0.001869,51,2024-09-11 00:14:39.000021,138,1.037,0.0011,"aoml_navis",1025.51119055544
"7901009",46,0.0529437470059539,1,0.115878,1,0.09345,1,159.897059139012,1,4.8753461275537,140,1,24.5790004730225,36.9790000915527,0.115878000855446,0.102794997394085,154.189804077148,-86.4255,23.3843,26.4103020332576,63,63,63,63,61,63,0.09345,8763,1.76508096394256,23,-86,0.001869,51,2024-09-11 00:14:39.000021,140,1.037,0.0011,"aoml_navis",1025.5682097609
"7901009",46,0.0455316224251204,1,0.102795,1,0.080367,1,157.832777512112,1,4.8749940778026,142,1,24.4009990692139,36.9939994812012,0.102794997394085,0.0897120013833046,152.199203491211,-86.4255,23.3843,26.4103020332576,63,63,63,63,61,63,0.080367,8763,1.76508096394256,23,-86,0.001869,51,2024-09-11 00:14:39.000021,142,1.037,0.0011,"aoml_navis",1025.64227160123
"7901009",46,0.0349428730239296,1,0.084105,1,0.061677,1,155.720059891007,1,4.87481280676044,144,1,24.3159999847412,36.9990005493164,0.0841049998998642,0.0710219964385033,150.161895751953,-86.4255,23.3843,26.4103020332576,63,63,63,63,61,63,0.061677,8763,1.76508096394256,23,-86,0.001869,51,2024-09-11 00:14:39.000021,144,1.037,0.0011,"aoml_navis",1025.68041034641
"7901009",46,0.0222363737425006,4,0.061677,1,0.039249,1,155.925608262362,1,4.87452772920297,146,1,24.1709995269775,37.0089988708496,0.0616770014166832,0.0485940016806126,150.360107421875,-86.4255,23.3843,26.4103020332576,63,63,63,63,61,63,0.039249,8763,1.76508096394256,23,-86,0.001869,51,2024-09-11 00:14:39.000021,146,1.037,0.0011,"aoml_navis",1025.74039533006
"7901009",46,0.0360017479640487,1,0.085974,1,0.063546,1,158.626298661203,1,4.87402924839848,148,1,23.8959999084473,37.0270004272461,0.0859740003943443,0.0728909969329834,152.964401245117,-86.4255,23.3843,26.4103020332576,63,63,63,63,61,63,0.063546,8763,1.76508096394256,23,-86,0.001869,51,2024-09-11 00:14:39.000021,148,1.037,0.0011,"aoml_navis",1025.8453007115
"7901009",46,0.041296122664644,1,0.095319,1,0.072891,1,159.73372809289,1,4.87368520573702,150,1,23.7180004119873,37.0410003662109,0.095319002866745,0.0822359994053841,154.032302856445,-86.4255,23.3843,26.4103020332576,63,63,63,63,61,63,0.072891,8763,1.76508096394256,23,-86,0.001869,51,2024-09-11 00:14:39.000021,150,1.037,0.0011,"aoml_navis",1025.91771707255
"7901009",46,0.040237247724525,1,0.09345,1,0.071022,1,159.995371073671,1,4.87349485998505,152,1,23.6200008392334,37.0439987182617,0.0934500023722649,0.0803669989109039,154.284606933594,-86.4255,23.3843,26.4103020332576,63,63,63,63,61,63,0.071022,8763,1.76508096394256,23,-86,0.001869,51,2024-09-11 00:14:39.000021,152,1.037,0.0011,"aoml_navis",1025.95778669095
"7901009",46,0.0370606229041677,1,0.087843,1,0.065415,1,159.593831776405,1,4.87328480166463,154,1,23.4950008392334,37.0419998168945,0.0878430008888245,0.0747599974274635,153.897399902344,-86.4255,23.3843,26.4103020332576,63,63,63,63,61,63,0.065415,8763,1.76508096394256,23,-86,0.001869,51,2024-09-11 00:14:39.000021,154,1.037,0.0011,"aoml_navis",1026.00200962851
"7901009",46,0.0370606229041677,1,0.087843,1,0.065415,1,158.482873685224,1,4.87318556892592,156,1,23.451000213623,37.0410003662109,0.0878430008888245,0.0747599974274635,152.826095581055,-86.4255,23.3843,26.4103020332576,63,63,63,63,61,63,0.065415,8763,1.76508096394256,23,-86,0.001869,51,2024-09-11 00:14:39.000021,156,1.037,0.0011,"aoml_navis",1026.02290212027
"7901009",46,0.0254129985628579,1,0.067284,1,0.044856,1,155.656085136166,1,4.87307353006083,158,1,23.4260005950928,37.0509986877441,0.0672840029001236,0.0542009994387627,150.100204467773,-86.4255,23.3843,26.4103020332576,63,63,63,63,61,63,0.044856,8763,1.76508096394256,23,-86,0.001869,51,2024-09-11 00:14:39.000021,158,1.037,0.0011,"aoml_navis",1026.04649184056
"7901009",46,0.0158831241017862,1,0.050463,1,0.028035,1,153.869301722387,1,4.87280435239875,160,1,23.2169990539551,37.0330009460449,0.0504629984498024,0.0373799987137318,148.377197265625,-86.4255,23.3843,26.4103020332576,63,63,63,63,61,63,0.028035,8763,1.76508096394256,23,-86,0.001869,51,2024-09-11 00:14:39.000021,160,1.037,0.0011,"aoml_navis",1026.10317148043
"7901009",46,0.0127064992814289,1,0.044856,1,0.022428,1,153.254144025329,1,4.87260997971925,162,1,23.0890007019043,37.0260009765625,0.0448560006916523,0.0317730009555817,147.783996582031,-86.4255,23.3843,26.4103020332576,63,63,63,63,61,63,0.022428,8763,1.76508096394256,23,-86,0.001869,51,2024-09-11 00:14:39.000021,162,1.037,0.0011,"aoml_navis",1026.1441036346
"7901009",46,0.00741212458083355,1,0.035511,1,0.013083,1,153.844838459715,1,4.87226841113613,164,1,22.8439998626709,37.0149993896484,0.0355109982192516,0.0224280003458261,148.353607177734,-86.4255,23.3843,26.4103020332576,63,63,63,63,61,63,0.013083,8763,1.76508096394256,23,-86,0.001869,51,2024-09-11 00:14:39.000021,164,1.037,0.0011,"aoml_navis",1026.21604108918
"7901009",46,0.00635324964071447,1,0.033642,1,0.011214,1,154.623944322716,1,4.87195985273551,166,1,22.6580009460449,37.0180015563965,0.0336420014500618,0.020558999851346,149.104904174805,-86.4255,23.3843,26.4103020332576,63,63,63,63,61,63,0.011214,8763,1.76508096394256,23,-86,0.001869,51,2024-09-11 00:14:39.000021,166,1.037,0.0011,"aoml_navis",1026.28103497048
"7901009",46,0.00741212458083355,1,0.035511,1,0.013083,1,154.814444464574,1,4.87186438257565,168,1,22.621000289917,37.0190010070801,0.0355109982192516,0.0224280003458261,149.288604736328,-86.4255,23.3843,26.4103020332576,63,63,63,63,61,63,0.013083,8763,1.76508096394256,23,-86,0.001869,51,2024-09-11 00:14:39.000021,168,1.037,0.0011,"aoml_navis",1026.3011462065
"7901009",46,0.00635324964071447,1,0.033642,1,0.011214,1,154.999137350675,1,4.87178408323471,170,1,22.5949993133545,37.0200004577637,0.0336420014500618,0.020558999851346,149.466705322266,-86.4255,23.3843,26.4103020332576,63,63,63,63,61,63,0.011214,8763,1.76508096394256,23,-86,0.001869,51,2024-09-11 00:14:39.000021,170,1.037,0.0011,"aoml_navis",1026.3180622488
"7901009",46,0.00741212458083355,1,0.035511,1,0.013083,1,154.676937509449,1,4.87167188214586,172,1,22.5510005950928,37.0229988098145,0.0355109982192516,0.0224280003458261,149.156005859375,-86.4255,23.3843,26.4103020332576,63,63,63,63,61,63,0.013083,8763,1.76508096394256,23,-86,0.001869,51,2024-09-11 00:14:39.000021,172,1.037,0.0011,"aoml_navis",1026.34169972006
"7901009",46,0.0105887494011908,1,0.041118,1,0.01869,1,153.330477000188,1,4.87153818954396,174,1,22.4650001525879,37.015998840332,0.041117999702692,0.0280349999666214,147.857604980469,-86.4255,23.3843,26.4103020332576,63,63,63,63,61,63,0.01869,8763,1.76508096394256,23,-86,0.001869,51,2024-09-11 00:14:39.000021,174,1.037,0.0011,"aoml_navis",1026.36986624302
"7901009",46,0.013765374221548,1,0.046725,1,0.024297,1,152.60714927491,1,4.87136841040622,176,1,22.326000213623,36.9990005493164,0.0467250011861324,0.0336420014500618,147.160095214844,-86.4255,23.3843,26.4103020332576,63,63,63,63,61,63,0.024297,8763,1.76508096394256,23,-86,0.001869,51,2024-09-11 00:14:39.000021,176,1.037,0.0011,"aoml_navis",1026.40563775037
"7901009",46,0.0127064992814289,1,0.044856,1,0.022428,1,152.143708112459,1,4.87123985374569,178,1,22.2299995422363,36.9869995117188,0.0448560006916523,0.0317730009555817,146.713195800781,-86.4255,23.3843,26.4103020332576,63,63,63,63,61,63,0.022428,8763,1.76508096394256,23,-86,0.001869,51,2024-09-11 00:14:39.000021,178,1.037,0.0011,"aoml_navis",1026.432725573
"7901009",46,0.0095298744610717,4,0.039249,1,0.016821,1,150.499321141623,1,4.87120289705792,180,1,22.2250003814697,36.984001159668,0.0392489992082119,0.0261659994721413,145.127502441406,-86.4255,23.3843,26.4103020332576,63,63,63,63,61,63,0.016821,8763,1.76508096394256,23,-86,0.001869,51,2024-09-11 00:14:39.000021,180,1.037,0.0011,"aoml_navis",1026.44051288027
"7901009",46,0.0095298744610717,4,0.039249,1,0.016821,1,147.738058058752,1,4.87101412192765,182,1,22.0869998931885,36.9729995727539,0.0392489992082119,0.0261659994721413,142.464797973633,-86.4255,23.3843,26.4103020332576,63,63,63,63,61,63,0.016821,8763,1.76508096394256,23,-86,0.001869,51,2024-09-11 00:14:39.000021,182,1.037,0.0011,"aoml_navis",1026.48029236698
"7901009",46,0.0127064992814289,1,0.044856,1,0.022428,1,146.210021909668,1,4.87069645961077,184,1,21.8020000457764,36.943000793457,0.0448560006916523,0.0317730009555817,140.991302490234,-86.4255,23.3843,26.4103020332576,63,63,63,63,61,63,0.022428,8763,1.76508096394256,23,-86,0.001869,51,2024-09-11 00:14:39.000021,184,1.037,0.0011,"aoml_navis",1026.54723846198
"7901009",46,0.013765374221548,1,0.046725,1,0.024297,1,145.678032976263,1,4.87053497005044,186,1,21.6450004577637,36.9179992675781,0.0467250011861324,0.0336420014500618,140.478302001953,-86.4255,23.3843,26.4103020332576,63,63,63,63,61,63,0.024297,8763,1.76508096394256,23,-86,0.001869,51,2024-09-11 00:14:39.000021,186,1.037,0.0011,"aoml_navis",1026.58127510544
"7901009",46,0.0127064992814289,1,0.044856,1,0.022428,1,144.93987855168,1,4.87045337340564,188,1,21.5849990844727,36.9070014953613,0.0448560006916523,0.0317730009555817,139.766494750977,-86.4255,23.3843,26.4103020332576,63,63,63,63,61,63,0.022428,8763,1.76508096394256,23,-86,0.001869,51,2024-09-11 00:14:39.000021,188,1.037,0.0011,"aoml_navis",1026.59847383033
"7901009",46,0.0148242491616671,1,0.048594,1,0.026166,1,144.636667012658,1,4.87030809558652,190,1,21.4689998626709,36.8930015563965,0.0485940016806126,0.0355109982192516,139.474105834961,-86.4255,23.3843,26.4103020332576,63,63,63,63,61,63,0.026166,8763,1.76508096394256,23,-86,0.001869,51,2024-09-11 00:14:39.000021,190,1.037,0.0011,"aoml_navis",1026.62909653108
"7901009",46,0.013765374221548,1,0.046725,1,0.024297,1,144.52072760412,1,4.87013324125326,192,1,21.3139991760254,36.8730010986328,0.0467250011861324,0.0336420014500618,139.3623046875,-86.4255,23.3843,26.4103020332576,63,63,63,63,61,63,0.024297,8763,1.76508096394256,23,-86,0.001869,51,2024-09-11 00:14:39.000021,192,1.037,0.0011,"aoml_navis",1026.66595600438
"7901009",46,0.0105887494011908,4,0.041118,1,0.01869,1,144.624008144523,1,4.86991218150955,194,1,21.1259994506836,36.8540000915527,0.041117999702692,0.0280349999666214,139.461898803711,-86.4255,23.3843,26.4103020332576,63,63,63,63,61,63,0.01869,8763,1.76508096394256,23,-86,0.001869,51,2024-09-11 00:14:39.000021,194,1.037,0.0011,"aoml_navis",1026.71255941419
"7901009",46,0.0148242491616671,1,0.048594,1,0.026166,1,144.618200888765,1,4.86980813417267,196,1,21.0590000152588,36.8470001220703,0.0485940016806126,0.0355109982192516,139.456298828125,-86.4255,23.3843,26.4103020332576,63,63,63,63,61,63,0.026166,8763,1.76508096394256,23,-86,0.001869,51,2024-09-11 00:14:39.000021,196,1.037,0.0011,"aoml_navis",1026.73449594733
"7901009",46,0.013765374221548,1,0.046725,1,0.024297,1,144.578277983382,1,4.86973218324014,198,1,21.0160007476807,36.8409996032715,0.0467250011861324,0.0336420014500618,139.41780090332,-86.4255,23.3843,26.4103020332576,63,63,63,63,61,63,0.024297,8763,1.76508096394256,23,-86,0.001869,51,2024-09-11 00:14:39.000021,198,1.037,0.0011,"aoml_navis",1026.75050944448
"7901009",46,0.0095298744610717,1,0.039249,1,0.016821,1,144.574227145579,1,4.86960284015659,200,1,20.923999786377,36.8320007324219,0.0392489992082119,0.0261659994721413,139.41389465332,-86.4255,23.3843,26.4103020332576,63,63,63,63,61,63,0.016821,8763,1.76508096394256,23,-86,0.001869,51,2024-09-11 00:14:39.000021,200,1.037,0.0011,"aoml_navis",1026.77778129422
"7901009",46,0.00847099952095263,1,0.03738,1,0.014952,1,144.536693601556,1,4.86946667152378,202,1,20.8209991455078,36.8209991455078,0.0373799987137318,0.0242970008403063,139.377700805664,-86.4255,23.3843,26.4103020332576,63,63,63,63,61,63,0.014952,8763,1.76508096394256,23,-86,0.001869,51,2024-09-11 00:14:39.000021,202,1.037,0.0011,"aoml_navis",1026.80649386915
"7901009",46,0.0095298744610717,1,0.039249,1,0.016821,1,144.605336314022,1,4.86933671357745,204,1,20.7280006408691,36.8120002746582,0.0392489992082119,0.0261659994721413,139.443893432617,-86.4255,23.3843,26.4103020332576,63,63,63,63,61,63,0.016821,8763,1.76508096394256,23,-86,0.001869,51,2024-09-11 00:14:39.000021,204,1.037,0.0011,"aoml_navis",1026.8338983538
"7901009",46,0.00847099952095263,1,0.03738,1,0.014952,1,144.520094660713,1,4.86924739371127,206,1,20.6660003662109,36.8030014038086,0.0373799987137318,0.0242970008403063,139.361694335938,-86.4255,23.3843,26.4103020332576,63,63,63,63,61,63,0.014952,8763,1.76508096394256,23,-86,0.001869,51,2024-09-11 00:14:39.000021,206,1.037,0.0011,"aoml_navis",1026.85273425573
"7901009",46,0.00741212458083355,1,0.035511,1,0.013083,1,144.447401110444,1,4.86915619571282,208,1,20.6079998016357,36.7960014343262,0.0355109982192516,0.0224280003458261,139.291595458984,-86.4255,23.3843,26.4103020332576,63,63,63,63,61,63,0.013083,8763,1.76508096394256,23,-86,0.001869,51,2024-09-11 00:14:39.000021,208,1.037,0.0011,"aoml_navis",1026.8719669339
"7901009",46,0.00423549976047631,1,0.029904,1,0.007476,1,144.579622988122,1,4.86900621562757,210,1,20.4850006103516,36.7820014953613,0.0299040004611015,0.0168210007250309,139.419097900391,-86.4255,23.3843,26.4103020332576,63,63,63,63,61,63,0.007476,8763,1.76508096394256,23,-86,0.001869,51,2024-09-11 00:14:39.000021,210,1.037,0.0011,"aoml_navis",1026.9035976894
"7901009",46,0.00423549976047631,1,0.029904,1,0.007476,1,144.703347600564,1,4.86886173586571,212,1,20.363000869751,36.7669982910156,0.0299040004611015,0.0168210007250309,139.53840637207,-86.4255,23.3843,26.4103020332576,63,63,63,63,61,63,0.007476,8763,1.76508096394256,23,-86,0.001869,51,2024-09-11 00:14:39.000021,212,1.037,0.0011,"aoml_navis",1026.93407027114
"7901009",46,0.00423549976047631,1,0.029904,1,0.007476,1,144.520822545631,1,4.86877610275336,214,1,20.3059997558594,36.7589988708496,0.0299040004611015,0.0168210007250309,139.362396240234,-86.4255,23.3843,26.4103020332576,63,63,63,63,61,63,0.007476,8763,1.76508096394256,23,-86,0.001869,51,2024-09-11 00:14:39.000021,214,1.037,0.0011,"aoml_navis",1026.952132215
"7901009",46,0.00317662482035723,1,0.028035,1,0.005607,1,144.552659598992,1,4.86865648396291,216,1,20.2140007019043,36.7480010986328,0.0280349999666214,0.0149520002305508,139.393096923828,-86.4255,23.3843,26.4103020332576,63,63,63,63,61,63,0.005607,8763,1.76508096394256,23,-86,0.001869,51,2024-09-11 00:14:39.000021,216,1.037,0.0011,"aoml_navis",1026.9773635642
"7901009",46,0.00423549976047631,1,0.029904,1,0.007476,1,144.576616506939,1,4.86854895390179,218,1,20.1340007781982,36.7379989624023,0.0299040004611015,0.0168210007250309,139.416198730469,-86.4255,23.3843,26.4103020332576,63,63,63,63,61,63,0.007476,8763,1.76508096394256,23,-86,0.001869,51,2024-09-11 00:14:39.000021,218,1.037,0.0011,"aoml_navis",1027.00004608003
"7901009",46,0.00423549976047631,1,0.029904,1,0.007476,1,144.594766159129,1,4.86848365563492,220,1,20.1009998321533,36.7330017089844,0.0299040004611015,0.0168210007250309,139.433700561523,-86.4255,23.3843,26.4103020332576,63,63,63,63,61,63,0.007476,8763,1.76508096394256,23,-86,0.001869,51,2024-09-11 00:14:39.000021,220,1.037,0.0011,"aoml_navis",1027.01382066115
"7901009",46,0.00211774988023816,1,0.026166,1,0.003738,1,144.5453965734,1,4.86843825687365,222,1,20.0919990539551,36.7309989929199,0.0261659994721413,0.0130829997360706,139.386093139648,-86.4255,23.3843,26.4103020332576,63,63,63,63,61,63,0.003738,8763,1.76508096394256,23,-86,0.001869,51,2024-09-11 00:14:39.000021,222,1.037,0.0011,"aoml_navis",1027.02339768623
"7901009",46,0.00317662482035723,1,0.028035,1,0.005607,1,144.689138021081,1,4.86834128757007,224,1,20.0200004577637,36.7210006713867,0.0280349999666214,0.0149520002305508,139.524703979492,-86.4255,23.3843,26.4103020332576,63,63,63,63,61,63,0.005607,8763,1.76508096394256,23,-86,0.001869,51,2024-09-11 00:14:39.000021,224,1.037,0.0011,"aoml_navis",1027.04385429306
"7901009",46,0.00105887494011908,1,0.024297,1,0.001869,1,145.26612923071,1,4.86817766587951,226,1,19.867000579834,36.701000213623,0.0242970008403063,0.0112140001729131,140.081100463867,-86.4255,23.3843,26.4103020332576,63,63,63,63,61,63,0.001869,8763,1.76508096394256,23,-86,0.001869,51,2024-09-11 00:14:39.000021,226,1.037,0.0011,"aoml_navis",1027.07837370941
"7901009",46,0.00211774988023816,1,0.026166,1,0.003738,1,145.652208885266,1,4.86804639931719,228,1,19.7560005187988,36.6870002746582,0.0261659994721413,0.0130829997360706,140.453399658203,-86.4255,23.3843,26.4103020332576,63,63,63,63,61,63,0.003738,8763,1.76508096394256,23,-86,0.001869,51,2024-09-11 00:14:39.000021,228,1.037,0.0011,"aoml_navis",1027.1060688126
"7901009",46,0,1,0.022428,1,0,1,145.7234466657,1,4.86798013498419,230,1,19.7189998626709,36.6809997558594,0.0224280003458261,0.00934499967843294,140.522094726562,-86.4255,23.3843,26.4103020332576,63,63,63,63,61,63,0,8763,1.76508096394256,23,-86,0.001869,51,2024-09-11 00:14:39.000021,230,1.037,0.0011,"aoml_navis",1027.12005007314
"7901009",46,0.00105887494011908,1,0.024297,1,0.001869,1,145.800507525476,1,4.86790617237447,232,1,19.6730003356934,36.673999786377,0.0242970008403063,0.0112140001729131,140.596405029297,-86.4255,23.3843,26.4103020332576,63,63,63,63,61,63,0.001869,8763,1.76508096394256,23,-86,0.001869,51,2024-09-11 00:14:39.000021,232,1.037,0.0011,"aoml_navis",1027.13565605992
"7901009",46,0.00211774988023816,1,0.026166,1,0.003738,1,145.830683102395,1,4.86785204642413,234,1,19.6569995880127,36.6720008850098,0.0261659994721413,0.0130829997360706,140.625503540039,-86.4255,23.3843,26.4103020332576,63,63,63,63,61,63,0.003738,8763,1.76508096394256,23,-86,0.001869,51,2024-09-11 00:14:39.000021,234,1.037,0.0011,"aoml_navis",1027.14707684531
"7901009",46,0.00105887494011908,1,0.024297,1,0.001869,1,145.859086437774,1,4.86779382057774,236,1,19.6319999694824,36.6679992675781,0.0242970008403063,0.0112140001729131,140.652893066406,-86.4255,23.3843,26.4103020332576,63,63,63,63,61,63,0.001869,8763,1.76508096394256,23,-86,0.001869,51,2024-09-11 00:14:39.000021,236,1.037,0.0011,"aoml_navis",1027.15936300822
"7901009",46,0.00317662482035723,1,0.028035,1,0.005607,1,146.053843124043,1,4.8677293026574,238,1,19.6019992828369,36.6640014648438,0.0280349999666214,0.0149520002305508,140.840698242188,-86.4255,23.3843,26.4103020332576,63,63,63,63,61,63,0.005607,8763,1.76508096394256,23,-86,0.001869,51,2024-09-11 00:14:39.000021,238,1.037,0.0011,"aoml_navis",1027.17297719707
"7901009",46,0,1,0.022428,1,0,1,146.213344862554,1,4.86764784518711,240,1,19.5470008850098,36.6559982299805,0.0224280003458261,0.00934499967843294,140.994506835938,-86.4255,23.3843,26.4103020332576,63,63,63,63,61,63,0,8763,1.76508096394256,23,-86,0.001869,51,2024-09-11 00:14:39.000021,240,1.037,0.0011,"aoml_navis",1027.19016638473
"7901009",46,0.00105887494011908,1,0.024297,1,0.001869,1,146.146237037849,1,4.86756899613916,242,1,19.4939994812012,36.6479988098145,0.0242970008403063,0.0112140001729131,140.929794311523,-86.4255,23.3843,26.4103020332576,63,63,63,63,61,63,0.001869,8763,1.76508096394256,23,-86,0.001869,51,2024-09-11 00:14:39.000021,242,1.037,0.0011,"aoml_navis",1027.20680569004
"7901009",46,0,1,0.022428,1,0,1,146.155161539885,1,4.86749246924242,244,1,19.4370002746582,36.6380004882812,0.0224280003458261,0.00934499967843294,140.938400268555,-86.4255,23.3843,26.4103020332576,63,63,63,63,61,63,0,8763,1.76508096394256,23,-86,0.001869,51,2024-09-11 00:14:39.000021,244,1.037,0.0011,"aoml_navis",1027.22295547346
"7901009",46,0,1,0.022428,1,0,1,147.018480523159,1,4.8673117440257,246,1,19.2530002593994,36.6129989624023,0.0224280003458261,0.00934499967843294,141.770904541016,-86.4255,23.3843,26.4103020332576,63,63,63,63,61,63,0,8763,1.76508096394256,23,-86,0.001869,51,2024-09-11 00:14:39.000021,246,1.037,0.0011,"aoml_navis",1027.26109666946
"7901009",46,0.00105887494011908,1,0.024297,1,0.001869,1,147.298684569345,1,4.86715001897676,248,1,19.0919990539551,36.5909996032715,0.0242970008403063,0.0112140001729131,142.041107177734,-86.4255,23.3843,26.4103020332576,63,63,63,63,61,63,0.001869,8763,1.76508096394256,23,-86,0.001869,51,2024-09-11 00:14:39.000021,248,1.037,0.0011,"aoml_navis",1027.29523037204
"7901009",46,-0.00211774988023816,1,0.01869,1,-0.003738,1,147.156509656595,1,4.86709097219249,250,1,19.0629997253418,36.5859985351562,0.0186899993568659,0.00560700008645654,141.904006958008,-86.4255,23.3843,26.4103020332576,63,63,63,63,61,63,-0.003738,8763,1.76508096394256,23,-86,0.001869,51,2024-09-11 00:14:39.000021,250,1.037,0.0011,"aoml_navis",1027.30769335664
"7901009",46,-0.00211774988023816,1,0.01869,1,-0.003738,1,146.703955120741,1,4.867013210036,252,1,19.0130004882812,36.5789985656738,0.0186899993568659,0.00560700008645654,141.46760559082,-86.4255,23.3843,26.4103020332576,63,63,63,63,61,63,-0.003738,8763,1.76508096394256,23,-86,0.001869,51,2024-09-11 00:14:39.000021,252,1.037,0.0011,"aoml_navis",1027.32410704984
"7901009",46,-0.00105887494011908,1,0.020559,1,-0.001869,1,146.233978817615,1,4.86696782618533,254,1,18.9950008392334,36.5740013122559,0.020558999851346,0.00747600011527538,141.014404296875,-86.4255,23.3843,26.4103020332576,63,63,63,63,61,63,-0.001869,8763,1.76508096394256,23,-86,0.001869,51,2024-09-11 00:14:39.000021,254,1.037,0.0011,"aoml_navis",1027.33368671536
"7901009",46,-0.00211774988023816,1,0.01869,1,-0.003738,1,145.920070535018,1,4.86689743379995,256,1,18.9449996948242,36.564998626709,0.0186899993568659,0.00560700008645654,140.711700439453,-86.4255,23.3843,26.4103020332576,63,63,63,63,61,63,-0.003738,8763,1.76508096394256,23,-86,0.001869,51,2024-09-11 00:14:39.000021,256,1.037,0.0011,"aoml_navis",1027.34854555916
"7901009",46,-0.00317662482035723,1,0.016821,1,-0.005607,1,145.914263279261,1,4.86678735761661,258,1,18.8479995727539,36.5509986877441,0.0168210007250309,0.00373800005763769,140.706100463867,-86.4255,23.3843,26.4103020332576,63,63,63,63,61,63,-0.005607,8763,1.76508096394256,23,-86,0.001869,51,2024-09-11 00:14:39.000021,258,1.037,0.0011,"aoml_navis",1027.37178195692
"7901009",46,-0.00211774988023816,1,0.01869,1,-0.003738,1,145.844164796959,1,4.8666898548769,260,1,18.757999420166,36.5359992980957,0.0186899993568659,0.00560700008645654,140.63850402832,-86.4255,23.3843,26.4103020332576,63,63,63,63,61,63,-0.003738,8763,1.76508096394256,23,-86,0.001869,51,2024-09-11 00:14:39.000021,260,1.037,0.0011,"aoml_navis",1027.39236505682
"7901009",46,-0.00317662482035723,1,0.016821,1,-0.005607,1,145.883359817425,1,4.86659400107105,262,1,18.6749992370605,36.5229988098145,0.0168210007250309,0.00373800005763769,140.676300048828,-86.4255,23.3843,26.4103020332576,63,63,63,63,61,63,-0.005607,8763,1.76508096394256,23,-86,0.001869,51,2024-09-11 00:14:39.000021,262,1.037,0.0011,"aoml_navis",1027.41260086615
"7901009",46,-0.00317662482035723,1,0.016821,1,-0.005607,1,145.878169681489,1,4.86651440309778,264,1,18.6140003204346,36.5130004882812,0.0168210007250309,0.00373800005763769,140.671295166016,-86.4255,23.3843,26.4103020332576,63,63,63,63,61,63,-0.005607,8763,1.76508096394256,23,-86,0.001869,51,2024-09-11 00:14:39.000021,264,1.037,0.0011,"aoml_navis",1027.42940549344
"7901009",46,-0.00211774988023816,1,0.01869,1,-0.003738,1,145.784842176158,1,4.86646330687511,266,1,18.6000003814697,36.5110015869141,0.0186899993568659,0.00560700008645654,140.581298828125,-86.4255,23.3843,26.4103020332576,63,63,63,63,61,63,-0.003738,8763,1.76508096394256,23,-86,0.001869,51,2024-09-11 00:14:39.000021,266,1.037,0.0011,"aoml_navis",1027.44019315552
"7901009",46,0,1,0.022428,1,0,1,145.64701874933,1,4.86642203534638,268,1,18.5970001220703,36.5099983215332,0.0224280003458261,0.00934499967843294,140.448394775391,-86.4255,23.3843,26.4103020332576,63,63,63,63,61,63,0,8763,1.76508096394256,23,-86,0.001869,51,2024-09-11 00:14:39.000021,268,1.037,0.0011,"aoml_navis",1027.44890674985
"7901009",46,-0.00105887494011908,1,0.020559,1,-0.001869,1,145.470111067132,1,4.86636346660225,270,1,18.5650005340576,36.5040016174316,0.020558999851346,0.00747600011527538,140.277801513672,-86.4255,23.3843,26.4103020332576,63,63,63,63,61,63,-0.001869,8763,1.76508096394256,23,-86,0.001869,51,2024-09-11 00:14:39.000021,270,1.037,0.0011,"aoml_navis",1027.46127253233
"7901009",46,-0.00105887494011908,1,0.020559,1,-0.001869,1,145.438163248675,1,4.86627555018463,272,1,18.4909992218018,36.492000579834,0.020558999851346,0.00747600011527538,140.246994018555,-86.4255,23.3843,26.4103020332576,63,63,63,63,61,63,-0.001869,8763,1.76508096394256,23,-86,0.001869,51,2024-09-11 00:14:39.000021,272,1.037,0.0011,"aoml_navis",1027.47983512983
"7901009",46,-0.00211774988023816,1,0.01869,1,-0.003738,1,145.587711952114,1,4.86618297765989,274,1,18.4099998474121,36.4790000915527,0.0186899993568659,0.00560700008645654,140.391204833984,-86.4255,23.3843,26.4103020332576,63,63,63,63,61,63,-0.003738,8763,1.76508096394256,23,-86,0.001869,51,2024-09-11 00:14:39.000021,274,1.037,0.0011,"aoml_navis",1027.49938153876
"7901009",46,-0.00105887494011908,1,0.020559,1,-0.001869,1,145.856396428296,1,4.86609310632491,276,1,18.3369998931885,36.4679985046387,0.020558999851346,0.00747600011527538,140.650299072266,-86.4255,23.3843,26.4103020332576,63,63,63,63,61,63,-0.001869,8763,1.76508096394256,23,-86,0.001869,51,2024-09-11 00:14:39.000021,276,1.037,0.0011,"aoml_navis",1027.51835831111
"7901009",46,-0.00317662482035723,1,0.016821,1,-0.005607,1,146.439305658777,1,4.86600704885014,278,1,18.2639999389648,36.4560012817383,0.0168210007250309,0.00373800005763769,141.21240234375,-86.4255,23.3843,26.4103020332576,63,63,63,63,61,63,-0.005607,8763,1.76508096394256,23,-86,0.001869,51,2024-09-11 00:14:39.000021,278,1.037,0.0011,"aoml_navis",1027.53653042519
"7901009",46,-0.00211774988023816,1,0.01869,1,-0.003738,1,146.30013722721,1,4.86594045398178,280,1,18.2310009002686,36.4519996643066,0.0186899993568659,0.00560700008645654,141.078201293945,-86.4255,23.3843,26.4103020332576,63,63,63,63,61,63,-0.003738,8763,1.76508096394256,23,-86,0.001869,51,2024-09-11 00:14:39.000021,280,1.037,0.0011,"aoml_navis",1027.55059320722
"7901009",46,-0.00211774988023816,1,0.01869,1,-0.003738,1,145.498735932704,1,4.86582709287268,282,1,18.1259994506836,36.4370002746582,0.0186899993568659,0.00560700008645654,140.305404663086,-86.4255,23.3843,26.4103020332576,63,63,63,63,61,63,-0.003738,8763,1.76508096394256,23,-86,0.001869,51,2024-09-11 00:14:39.000021,282,1.037,0.0011,"aoml_navis",1027.57453246209
"7901009",46,-0.00211774988023816,1,0.01869,1,-0.003738,1,144.920906073062,1,4.86570601717975,284,1,17.9930000305176,36.4150009155273,0.0186899993568659,0.00560700008645654,139.748199462891,-86.4255,23.3843,26.4103020332576,63,63,63,63,61,63,-0.003738,8763,1.76508096394256,23,-86,0.001869,51,2024-09-11 00:14:39.000021,284,1.037,0.0011,"aoml_navis",1027.60010209127
"7901009",46,-0.00423549976047631,1,0.014952,1,-0.007476,1,144.44377750944,1,4.86560330231077,286,1,17.8899993896484,36.3979988098145,0.0149520002305508,0.00186900002881885,139.288101196289,-86.4255,23.3843,26.4103020332576,63,63,63,63,61,63,-0.007476,8763,1.76508096394256,23,-86,0.001869,51,2024-09-11 00:14:39.000021,286,1.037,0.0011,"aoml_navis",1027.62179514828
"7901009",46,0,1,0.014952,1,-0.007476,1,143.932011117881,1,4.86552562427727,288,1,17.826000213623,36.3870010375977,0.0149520002305508,0,138.79460144043,-86.4255,23.3843,26.4103020332576,63,63,63,63,61,63,0,8763,1.76508096394256,23,-86,0.001869,51,2024-09-11 00:14:39.000021,288,1.037,0.0011,"aoml_navis",1027.63820111269
"7901009",46,0,1,0.01869,1,-0.003738,1,143.522291027081,1,4.86545049391273,290,1,17.7639999389648,36.3759994506836,0.0186899993568659,0,138.399505615234,-86.4255,23.3843,26.4103020332576,63,63,63,63,61,63,0,8763,1.76508096394256,23,-86,0.001869,51,2024-09-11 00:14:39.000021,290,1.037,0.0011,"aoml_navis",1027.65406949585
"7901009",46,0,1,0.013083,1,-0.009345,1,143.004290142966,1,4.86539314312188,292,1,17.7229995727539,36.367000579834,0.0130829997360706,0,137.899993896484,-86.4255,23.3843,26.4103020332576,63,63,63,63,61,63,0,8763,1.76508096394256,23,-86,0.001869,51,2024-09-11 00:14:39.000021,292,1.037,0.0011,"aoml_navis",1027.66618296168
"7901009",46,0,1,0.016821,1,-0.005607,1,142.694844111387,1,4.86527272673591,294,1,17.6009998321533,36.3489990234375,0.0168210007250309,0,137.601593017578,-86.4255,23.3843,26.4103020332576,63,63,63,63,61,63,0,8763,1.76508096394256,23,-86,0.001869,51,2024-09-11 00:14:39.000021,294,1.037,0.0011,"aoml_navis",1027.69161788685
"7901009",46,0,1,0.016821,1,-0.005607,1,142.427916053159,1,4.86518772890274,296,1,17.5240001678467,36.3359985351562,0.0168210007250309,0,137.344192504883,-86.4255,23.3843,26.4103020332576,63,63,63,63,61,63,0,8763,1.76508096394256,23,-86,0.001869,51,2024-09-11 00:14:39.000021,296,1.037,0.0011,"aoml_navis",1027.70957229387
"7901009",46,0,1,0.014952,1,-0.007476,1,141.884328431824,1,4.8651191036,298,1,17.4699993133545,36.326000213623,0.0149520002305508,0,136.820007324219,-86.4255,23.3843,26.4103020332576,63,63,63,63,61,63,0,8763,1.76508096394256,23,-86,0.001869,51,2024-09-11 00:14:39.000021,298,1.037,0.0011,"aoml_navis",1027.72406872839
"7901009",46,0,1,0.020559,1,-0.001869,1,141.3292054169,1,4.86504355655418,300,1,17.4099998474121,36.3160018920898,0.020558999851346,0,136.284698486328,-86.4255,23.3843,26.4103020332576,63,63,63,63,61,63,0,8763,1.76508096394256,23,-86,0.001869,51,2024-09-11 00:14:39.000021,300,1.037,0.0011,"aoml_navis",1027.74002778742
"7901009",46,0,1,0.016821,1,-0.005607,1,141.083749963747,1,4.86495797436794,302,1,17.3320007324219,36.3030014038086,0.0168210007250309,0,136.048004150391,-86.4255,23.3843,26.4103020332576,63,63,63,63,61,63,0,8763,1.76508096394256,23,-86,0.001869,51,2024-09-11 00:14:39.000021,302,1.037,0.0011,"aoml_navis",1027.75810733485
"7901009",46,0,1,0.020559,1,-0.001869,1,140.573534283535,1,4.86489990799538,304,1,17.2959995269775,36.2960014343262,0.020558999851346,0,135.555999755859,-86.4255,23.3843,26.4103020332576,63,63,63,63,61,63,0,8763,1.76508096394256,23,-86,0.001869,51,2024-09-11 00:14:39.000021,304,1.037,0.0011,"aoml_navis",1027.77037442899
"7901009",46,0,1,0.01869,1,-0.003738,1,140.016354202539,1,4.86482944851707,306,1,17.2399997711182,36.2859992980957,0.0186899993568659,0,135.018707275391,-86.4255,23.3843,26.4103020332576,63,63,63,63,61,63,0,8763,1.76508096394256,23,-86,0.001869,51,2024-09-11 00:14:39.000021,306,1.037,0.0011,"aoml_navis",1027.78526008227
"7901009",46,0,1,0.014952,1,-0.007476,1,139.820980396448,1,4.86474513755066,308,1,17.1720008850098,36.2760009765625,0.0149520002305508,0,134.830307006836,-86.4255,23.3843,26.4103020332576,63,63,63,63,61,63,0,8763,1.76508096394256,23,-86,0.001869,51,2024-09-11 00:14:39.000021,308,1.037,0.0011,"aoml_navis",1027.80307264307
"7901009",46,0,1,0.01869,1,-0.003738,1,139.867739090625,1,4.86468264560574,310,1,17.1319999694824,36.2690010070801,0.0186899993568659,0,134.875396728516,-86.4255,23.3843,26.4103020332576,63,63,63,63,61,63,0,8763,1.76508096394256,23,-86,0.001869,51,2024-09-11 00:14:39.000021,310,1.037,0.0011,"aoml_navis",1027.81627585028
"7901009",46,0,1,0.016821,1,-0.005607,1,139.908184174319,1,4.86463676404658,312,1,17.125,36.2680015563965,0.0168210007250309,0,134.914398193359,-86.4255,23.3843,26.4103020332576,63,63,63,63,61,63,0,8763,1.76508096394256,23,-86,0.001869,51,2024-09-11 00:14:39.000021,312,1.037,0.0011,"aoml_navis",1027.82596985532
"7901009",46,0,1,0.020559,1,-0.001869,1,139.924577408554,1,4.86459539151633,314,1,17.125,36.2680015563965,0.020558999851346,0,134.930206298828,-86.4255,23.3843,26.4103020332576,63,63,63,63,61,63,0,8763,1.76508096394256,23,-86,0.001869,51,2024-09-11 00:14:39.000021,314,1.037,0.0011,"aoml_navis",1027.83471133484
"7901009",46,0,1,0.01869,1,-0.003738,1,139.972475400863,1,4.86455169709562,316,1,17.1229991912842,36.2680015563965,0.0186899993568659,0,134.97639465332,-86.4255,23.3843,26.4103020332576,63,63,63,63,61,63,0,8763,1.76508096394256,23,-86,0.001869,51,2024-09-11 00:14:39.000021,316,1.037,0.0011,"aoml_navis",1027.84394356118
"7901009",46,0,1,0.01869,1,-0.003738,1,139.867849855721,1,4.86451280546328,318,1,17.1219997406006,36.2669982910156,0.0186899993568659,0,134.875503540039,-86.4255,23.3843,26.4103020332576,63,63,63,63,61,63,0,8763,1.76508096394256,23,-86,0.001869,51,2024-09-11 00:14:39.000021,318,1.037,0.0011,"aoml_navis",1027.85216114234
"7901009",46,0,1,0.016821,1,-0.005607,1,139.707414525685,1,4.86447041658989,320,1,17.1180000305176,36.265998840332,0.0168210007250309,0,134.720794677734,-86.4255,23.3843,26.4103020332576,63,63,63,63,61,63,0,8763,1.76508096394256,23,-86,0.001869,51,2024-09-11 00:14:39.000021,320,1.037,0.0011,"aoml_navis",1027.86111782033
"7901009",46,0,1,0.01869,1,-0.003738,1,139.42907766255,1,4.86441349768604,322,1,17.0890007019043,36.2610015869141,0.0186899993568659,0,134.452392578125,-86.4255,23.3843,26.4103020332576,63,63,63,63,61,63,0,8763,1.76508096394256,23,-86,0.001869,51,2024-09-11 00:14:39.000021,322,1.037,0.0011,"aoml_navis",1027.87314490811
"7901009",46,0,1,0.016821,1,-0.005607,1,139.142876477585,1,4.86434300645231,324,1,17.0419998168945,36.2540016174316,0.0168210007250309,0,134.176406860352,-86.4255,23.3843,26.4103020332576,63,63,63,63,61,63,0,8763,1.76508096394256,23,-86,0.001869,51,2024-09-11 00:14:39.000021,324,1.037,0.0011,"aoml_navis",1027.88804024875
"7901009",46,0,1,0.016821,1,-0.005607,1,138.630888555834,1,4.86428070114416,326,1,17.0020008087158,36.2470016479492,0.0168210007250309,0,133.682693481445,-86.4255,23.3843,26.4103020332576,63,63,63,63,61,63,0,8763,1.76508096394256,23,-86,0.001869,51,2024-09-11 00:14:39.000021,326,1.037,0.0011,"aoml_navis",1027.9012061997
"7901009",46,0,1,0.022428,1,0,1,138.17129252458,1,4.86422407551347,328,1,16.9699993133545,36.2410011291504,0.0224280003458261,0,133.239501953125,-86.4255,23.3843,26.4103020332576,63,63,63,63,61,63,0,8763,1.76508096394256,23,-86,0.001869,51,2024-09-11 00:14:39.000021,328,1.037,0.0011,"aoml_navis",1027.91317225085
"7901009",46,0,1,0.01869,1,-0.003738,1,137.853760640979,1,4.86415857823378,330,1,16.923999786377,36.2330017089844,0.0186899993568659,0,132.933303833008,-86.4255,23.3843,26.4103020332576,63,63,63,63,61,63,0,8763,1.76508096394256,23,-86,0.001869,51,2024-09-11 00:14:39.000021,330,1.037,0.0011,"aoml_navis",1027.92701339428
"7901009",46,0,1,0.020559,1,-0.001869,1,137.526164957211,1,4.86411242450219,332,1,16.9009990692139,36.2270011901855,0.020558999851346,0,132.617401123047,-86.4255,23.3843,26.4103020332576,63,63,63,63,61,63,0,8763,1.76508096394256,23,-86,0.001869,51,2024-09-11 00:14:39.000021,332,1.037,0.0011,"aoml_navis",1027.93676700672
"7901009",46,0,1,0.014952,1,-0.007476,1,137.282576687108,1,4.86404589784998,334,1,16.8540000915527,36.2190017700195,0.0149520002305508,0,132.382507324219,-86.4255,23.3843,26.4103020332576,63,63,63,63,61,63,0,8763,1.76508096394256,23,-86,0.001869,51,2024-09-11 00:14:39.000021,334,1.037,0.0011,"aoml_navis",1027.9508263296
"7901009",46,0,1,0.020559,1,-0.001869,1,137.368229753632,1,4.86396833381311,336,1,16.7910003662109,36.2089996337891,0.020558999851346,0,132.465103149414,-86.4255,23.3843,26.4103020332576,63,63,63,63,61,63,0,8763,1.76508096394256,23,-86,0.001869,51,2024-09-11 00:14:39.000021,336,1.037,0.0011,"aoml_navis",1027.96721870931
"7901009",46,0,1,0.016821,1,-0.005607,1,137.645522260146,1,4.86390755955717,338,1,16.7520008087158,36.2019996643066,0.0168210007250309,0,132.732498168945,-86.4255,23.3843,26.4103020332576,63,63,63,63,61,63,0,8763,1.76508096394256,23,-86,0.001869,51,2024-09-11 00:14:39.000021,338,1.037,0.0011,"aoml_navis",1027.98006310285
"7901009",46,0,1,0.020559,1,-0.001869,1,138.12192293885,1,4.86385543523882,340,1,16.7299995422363,36.1980018615723,0.020558999851346,0,133.19189453125,-86.4255,23.3843,26.4103020332576,63,63,63,63,61,63,0,8763,1.76508096394256,23,-86,0.001869,51,2024-09-11 00:14:39.000021,340,1.037,0.0011,"aoml_navis",1027.99107962272
"7901009",46,0,1,0.014952,1,-0.007476,1,138.172020409498,1,4.86376520692756,342,1,16.6620006561279,36.189998626709,0.0149520002305508,0,133.240203857422,-86.4255,23.3843,26.4103020332576,63,63,63,63,61,63,0,8763,1.76508096394256,23,-86,0.001869,51,2024-09-11 00:14:39.000021,342,1.037,0.0011,"aoml_navis",1028.01015001267
"7901009",46,0,1,0.016821,1,-0.005607,1,137.272924300155,1,4.86371584920207,344,1,16.6359996795654,36.1839981079102,0.0168210007250309,0,132.373199462891,-86.4255,23.3843,26.4103020332576,63,63,63,63,61,63,0,8763,1.76508096394256,23,-86,0.001869,51,2024-09-11 00:14:39.000021,344,1.037,0.0011,"aoml_navis",1028.02058241546
"7901009",46,0,1,0.014952,1,-0.007476,1,136.086376942618,1,4.86362773999836,346,1,16.5410003662109,36.1669998168945,0.0149520002305508,0,131.22900390625,-86.4255,23.3843,26.4103020332576,63,63,63,63,61,63,0,8763,1.76508096394256,23,-86,0.001869,51,2024-09-11 00:14:39.000021,346,1.037,0.0011,"aoml_navis",1028.0392059779
"7901009",46,0,1,0.014952,1,-0.007476,1,135.230210219841,1,4.86347123554295,348,1,16.3339996337891,36.1339988708496,0.0149520002305508,0,130.403396606445,-86.4255,23.3843,26.4103020332576,63,63,63,63,61,63,0,8763,1.76508096394256,23,-86,0.001869,51,2024-09-11 00:14:39.000021,348,1.037,0.0011,"aoml_navis",1028.07228784644
"7901009",46,0,1,0.01869,1,-0.003738,1,134.537896721495,1,4.86337120824714,350,1,16.2080001831055,36.1110000610352,0.0186899993568659,0,129.735794067383,-86.4255,23.3843,26.4103020332576,63,63,63,63,61,63,0,8763,1.76508096394256,23,-86,0.001869,51,2024-09-11 00:14:39.000021,350,1.037,0.0011,"aoml_navis",1028.09343270388
"7901009",46,0,1,0.01869,1,-0.003738,1,133.831183760646,1,4.86325170044358,352,1,16.0639991760254,36.0880012512207,0.0186899993568659,0,129.054306030273,-86.4255,23.3843,26.4103020332576,63,63,63,63,61,63,0,8763,1.76508096394256,23,-86,0.001869,51,2024-09-11 00:14:39.000021,352,1.037,0.0011,"aoml_navis",1028.11869670327
"7901009",46,0,1,0.01869,1,-0.003738,1,133.425387918968,1,4.86310765966866,354,1,15.871000289917,36.056999206543,0.0186899993568659,0,128.662994384766,-86.4255,23.3843,26.4103020332576,63,63,63,63,61,63,0,8763,1.76508096394256,23,-86,0.001869,51,2024-09-11 00:14:39.000021,354,1.037,0.0011,"aoml_navis",1028.14914863321
"7901009",46,0,1,0.01869,1,-0.003738,1,132.80371090482,1,4.86302940019124,356,1,15.7919998168945,36.0429992675781,0.0186899993568659,0,128.063507080078,-86.4255,23.3843,26.4103020332576,63,63,63,63,61,63,0,8763,1.76508096394256,23,-86,0.001869,51,2024-09-11 00:14:39.000021,356,1.037,0.0011,"aoml_navis",1028.16569437219
"7901009",46,0,1,0.01869,1,-0.003738,1,131.912906354106,1,4.86296386248222,358,1,15.7209997177124,36.0279998779297,0.0186899993568659,0,127.204498291016,-86.4255,23.3843,26.4103020332576,63,63,63,63,61,63,0,8763,1.76508096394256,23,-86,0.001869,51,2024-09-11 00:14:39.000021,358,1.037,0.0011,"aoml_navis",1028.17955086506
"7901009",46,0,1,0.020559,1,-0.001869,1,131.595477323809,1,4.86278199954321,360,1,15.4709997177124,35.9910011291504,0.020558999851346,0,126.898399353027,-86.4255,23.3843,26.4103020332576,63,63,63,63,61,63,0,8763,1.76508096394256,23,-86,0.001869,51,2024-09-11 00:14:39.000021,360,1.037,0.0011,"aoml_navis",1028.21800370028
"7901009",46,0,1,0.01869,1,-0.003738,1,131.465541954188,1,4.86265108973031,362,1,15.298999786377,35.9640007019043,0.0186899993568659,0,126.773101806641,-86.4255,23.3843,26.4103020332576,63,63,63,63,61,63,0,8763,1.76508096394256,23,-86,0.001869,51,2024-09-11 00:14:39.000021,362,1.037,0.0011,"aoml_navis",1028.24568486103
"7901009",46,0,1,0.020559,1,-0.001869,1,131.217277814668,1,4.86257372410444,364,1,15.2089996337891,35.9469985961914,0.020558999851346,0,126.533699035645,-86.4255,23.3843,26.4103020332576,63,63,63,63,61,63,0,8763,1.76508096394256,23,-86,0.001869,51,2024-09-11 00:14:39.000021,364,1.037,0.0011,"aoml_navis",1028.26204468928
"7901009",46,0,1,0.01869,1,-0.003738,1,131.014126716467,1,4.86249049469718,366,1,15.1199998855591,35.931999206543,0.0186899993568659,0,126.337799072266,-86.4255,23.3843,26.4103020332576,63,63,63,63,61,63,0,8763,1.76508096394256,23,-86,0.001869,51,2024-09-11 00:14:39.000021,366,1.037,0.0011,"aoml_navis",1028.27964506106
"7901009",46,0,1,0.020559,1,-0.001869,1,130.732886225453,1,4.86241629981026,368,1,15.0559997558594,35.9220008850098,0.020558999851346,0,126.066596984863,-86.4255,23.3843,26.4103020332576,63,63,63,63,61,63,0,8763,1.76508096394256,23,-86,0.001869,51,2024-09-11 00:14:39.000021,368,1.037,0.0011,"aoml_navis",1028.29533542718
"7901009",46,0,1,0.020559,1,-0.001869,1,130.412972892284,1,4.8623394305886,370,1,14.9689998626709,35.9059982299805,0.020558999851346,0,125.758102416992,-86.4255,23.3843,26.4103020332576,63,63,63,63,61,63,0,8763,1.76508096394256,23,-86,0.001869,51,2024-09-11 00:14:39.000021,370,1.037,0.0011,"aoml_navis",1028.31159185338
"7901009",46,0,1,0.016821,1,-0.005607,1,130.129659511613,1,4.86222660171971,372,1,14.831000328064,35.8849983215332,0.0168210007250309,0,125.484901428223,-86.4255,23.3843,26.4103020332576,63,63,63,63,61,63,0,8763,1.76508096394256,23,-86,0.001869,51,2024-09-11 00:14:39.000021,372,1.037,0.0011,"aoml_navis",1028.33545401433
"7901009",46,0,1,0.020559,1,-0.001869,1,129.643503592651,1,4.86214797114982,374,1,14.7449998855591,35.8699989318848,0.020558999851346,0,125.016098022461,-86.4255,23.3843,26.4103020332576,63,63,63,63,61,63,0,8763,1.76508096394256,23,-86,0.001869,51,2024-09-11 00:14:39.000021,374,1.037,0.0011,"aoml_navis",1028.35208423687
"7901009",46,0,1,0.016821,1,-0.005607,1,129.253586718692,1,4.86206541420609,376,1,14.6549997329712,35.8549995422363,0.0168210007250309,0,124.640098571777,-86.4255,23.3843,26.4103020332576,63,63,63,63,61,63,0,8763,1.76508096394256,23,-86,0.001869,51,2024-09-11 00:14:39.000021,376,1.037,0.0011,"aoml_navis",1028.3695454592
"7901009",46,0,1,0.016821,1,-0.005607,1,128.964157522352,1,4.86198003292106,378,1,14.5620002746582,35.8400001525879,0.0168210007250309,0,124.361000061035,-86.4255,23.3843,26.4103020332576,63,63,63,63,61,63,0,8763,1.76508096394256,23,-86,0.001869,51,2024-09-11 00:14:39.000021,378,1.037,0.0011,"aoml_navis",1028.38760466814
"7901009",46,0,1,0.020559,1,-0.001869,1,128.597572524726,1,4.86190877480022,380,1,14.4890003204346,35.8269996643066,0.020558999851346,0,124.007499694824,-86.4255,23.3843,26.4103020332576,63,63,63,63,61,63,0,8763,1.76508096394256,23,-86,0.001869,51,2024-09-11 00:14:39.000021,380,1.037,0.0011,"aoml_navis",1028.40267713691
"7901009",46,0,1,0.022428,1,0,1,128.490660471526,1,4.86183619839254,382,1,14.4180002212524,35.814998626709,0.0224280003458261,0,123.904403686523,-86.4255,23.3843,26.4103020332576,63,63,63,63,61,63,0,8763,1.76508096394256,23,-86,0.001869,51,2024-09-11 00:14:39.000021,382,1.037,0.0011,"aoml_navis",1028.41802890298
"7901009",46,0,1,0.01869,1,-0.003738,1,128.429787139378,1,4.86178335858995,384,1,14.3900003433228,35.810001373291,0.0186899993568659,0,123.845703125,-86.4255,23.3843,26.4103020332576,63,63,63,63,61,63,0,8763,1.76508096394256,23,-86,0.001869,51,2024-09-11 00:14:39.000021,384,1.037,0.0011,"aoml_navis",1028.42920616071
"7901009",46,0,1,0.01869,1,-0.003738,1,128.140350031247,1,4.86174324268874,386,1,14.3879995346069,35.8089981079102,0.0186899993568659,0,123.566596984863,-86.4255,23.3843,26.4103020332576,63,63,63,63,61,63,0,8763,1.76508096394256,23,-86,0.001869,51,2024-09-11 00:14:39.000021,386,1.037,0.0011,"aoml_navis",1028.43769208075
"7901009",46,0,1,0.026166,1,0.003738,1,127.80850571486,1,4.86170515287097,388,1,14.3809995651245,35.8059997558594,0.0261659994721413,0,123.246597290039,-86.4255,23.3843,26.4103020332576,63,63,63,63,61,63,0,8763,1.76508096394256,23,-86,0.001869,51,2024-09-11 00:14:39.000021,388,1.037,0.0011,"aoml_navis",1028.4457495427
"7901009",46,0,1,0.020559,1,-0.001869,1,127.486305873634,1,4.86161875785538,390,1,14.2930002212524,35.7929992675781,0.020558999851346,0,122.935897827148,-86.4255,23.3843,26.4103020332576,63,63,63,63,61,63,0,8763,1.76508096394256,23,-86,0.001869,51,2024-09-11 00:14:39.000021,390,1.037,0.0011,"aoml_navis",1028.46402588048
"7901009",46,0,1,0.01869,1,-0.003738,1,127.307942421601,1,4.8615082642815,392,1,14.1639995574951,35.7750015258789,0.0186899993568659,0,122.763900756836,-86.4255,23.3843,26.4103020332576,63,63,63,63,61,63,0,8763,1.76508096394256,23,-86,0.001869,51,2024-09-11 00:14:39.000021,392,1.037,0.0011,"aoml_navis",1028.48740106769
"7901009",46,0,1,0.020559,1,-0.001869,1,126.877889023859,1,4.86145005387223,394,1,14.1199998855591,35.7669982910156,0.020558999851346,0,122.349197387695,-86.4255,23.3843,26.4103020332576,63,63,63,63,61,63,0,8763,1.76508096394256,23,-86,0.001869,51,2024-09-11 00:14:39.000021,394,1.037,0.0011,"aoml_navis",1028.49971605024
"7901009",46,0,1,0.020559,1,-0.001869,1,126.452717202141,1,4.86136874450165,396,1,14.03600025177,35.7540016174316,0.020558999851346,0,121.93920135498,-86.4255,23.3843,26.4103020332576,63,63,63,63,61,63,0,8763,1.76508096394256,23,-86,0.001869,51,2024-09-11 00:14:39.000021,396,1.037,0.0011,"aoml_navis",1028.5169183381
"7901009",46,0,1,0.024297,1,0.001869,1,126.260247023929,1,4.86127098413666,398,1,13.9180002212524,35.7360000610352,0.0242970008403063,0,121.753601074219,-86.4255,23.3843,26.4103020332576,63,63,63,63,61,63,0,8763,1.76508096394256,23,-86,0.001869,51,2024-09-11 00:14:39.000021,398,1.037,0.0011,"aoml_navis",1028.53760185681
"7901009",46,0,1,0.020559,1,-0.001869,1,126.154782828773,1,4.86118859008119,400,1,13.8179998397827,35.7190017700195,0.020558999851346,0,121.651901245117,-86.4255,23.3843,26.4103020332576,63,63,63,63,61,63,0,8763,1.76508096394256,23,-86,0.001869,51,2024-09-11 00:14:39.000021,400,1.037,0.0011,"aoml_navis",1028.55503491513
"7901009",46,0,1,0.020559,1,-0.001869,1,126.071819771728,1,4.86113143768761,402,1,13.7779998779297,35.7120018005371,0.020558999851346,0,121.571899414062,-86.4255,23.3843,26.4103020332576,63,63,63,63,61,63,0,8763,1.76508096394256,23,-86,0.001869,51,2024-09-11 00:14:39.000021,402,1.037,0.0011,"aoml_navis",1028.56712765176
"7901009",46,0,1,0.022428,1,0,1,125.942295815322,1,4.86108326279428,404,1,13.7609996795654,35.7089996337891,0.0224280003458261,0,121.446998596191,-86.4255,23.3843,26.4103020332576,63,63,63,63,61,63,0,8763,1.76508096394256,23,-86,0.001869,51,2024-09-11 00:14:39.000021,404,1.037,0.0011,"aoml_navis",1028.57732108169
"7901009",46,0,1,0.022428,1,0,1,125.807383928165,1,4.86103552675508,406,1,13.7480001449585,35.7070007324219,0.0224280003458261,0,121.316902160645,-86.4255,23.3843,26.4103020332576,63,63,63,63,61,63,0,8763,1.76508096394256,23,-86,0.001869,51,2024-09-11 00:14:39.000021,406,1.037,0.0011,"aoml_navis",1028.58742185282
"7901009",46,0,1,0.01869,1,-0.003738,1,125.50924384819,1,4.86100093449162,408,1,13.7550001144409,35.7070007324219,0.0186899993568659,0,121.029403686523,-86.4255,23.3843,26.4103020332576,63,63,63,63,61,63,0,8763,1.76508096394256,23,-86,0.001869,51,2024-09-11 00:14:39.000021,408,1.037,0.0011,"aoml_navis",1028.5947415731
"7901009",46,0,1,0.024297,1,0.001869,1,125.10625669288,1,4.86095481522876,410,1,13.7399997711182,35.7039985656738,0.0242970008403063,0,120.640800476074,-86.4255,23.3843,26.4103020332576,63,63,63,63,61,63,0,8763,1.76508096394256,23,-86,0.001869,51,2024-09-11 00:14:39.000021,410,1.037,0.0011,"aoml_navis",1028.60450056759
"7901009",46,0,1,0.01869,1,-0.003738,1,124.80375721519,1,4.86087949517616,412,1,13.6569995880127,35.689998626709,0.0186899993568659,0,120.349098205566,-86.4255,23.3843,26.4103020332576,63,63,63,63,61,63,0,8763,1.76508096394256,23,-86,0.001869,51,2024-09-11 00:14:39.000021,412,1.037,0.0011,"aoml_navis",1028.6204389477
"7901009",46,0,1,0.022428,1,0,1,124.762797864979,1,4.86080852510012,414,1,13.5780000686646,35.6759986877441,0.0224280003458261,0,120.309600830078,-86.4255,23.3843,26.4103020332576,63,63,63,63,61,63,0,8763,1.76508096394256,23,-86,0.001869,51,2024-09-11 00:14:39.000021,414,1.037,0.0011,"aoml_navis",1028.63545728681
"7901009",46,0,1,0.022428,1,0,1,124.740605286778,1,4.86074122471325,416,1,13.5240001678467,35.6679992675781,0.0224280003458261,0,120.288200378418,-86.4255,23.3843,26.4103020332576,63,63,63,63,61,63,0,8763,1.76508096394256,23,-86,0.001869,51,2024-09-11 00:14:39.000021,416,1.037,0.0011,"aoml_navis",1028.64969946944
"7901009",46,0,1,0.01869,1,-0.003738,1,124.562653247959,1,4.86070107935796,418,1,13.5220003128052,35.6669998168945,0.0186899993568659,0,120.116600036621,-86.4255,23.3843,26.4103020332576,63,63,63,63,61,63,0,8763,1.76508096394256,23,-86,0.001869,51,2024-09-11 00:14:39.000021,418,1.037,0.0011,"aoml_navis",1028.65819526192
"7901009",46,0,1,0.024297,1,0.001869,1,124.39672713387,1,4.86065203753654,420,1,13.503999710083,35.6640014648438,0.0242970008403063,0,119.956596374512,-86.4255,23.3843,26.4103020332576,63,63,63,63,61,63,0,8763,1.76508096394256,23,-86,0.001869,51,2024-09-11 00:14:39.000021,420,1.037,0.0011,"aoml_navis",1028.66857396649
"7901009",46,0,1,0.024297,1,0.001869,1,124.184453738818,1,4.86060464519226,422,1,13.4840002059937,35.6599998474121,0.0242970008403063,0,119.751899719238,-86.4255,23.3843,26.4103020332576,63,63,63,63,61,63,0,8763,1.76508096394256,23,-86,0.001869,51,2024-09-11 00:14:39.000021,422,1.037,0.0011,"aoml_navis",1028.67860379174
"7901009",46,0,1,0.022428,1,0,1,124.071417958158,1,4.86051939928795,424,1,13.4119997024536,35.6520004272461,0.0224280003458261,0,119.64289855957,-86.4255,23.3843,26.4103020332576,63,63,63,63,61,63,0,8763,1.76508096394256,23,-86,0.001869,51,2024-09-11 00:14:39.000021,424,1.037,0.0011,"aoml_navis",1028.69664520472
"7901009",46,0,1,0.022428,1,0,1,123.984411975103,1,4.86046213031196,426,1,13.3640003204346,35.6430015563965,0.0224280003458261,0,119.55899810791,-86.4255,23.3843,26.4103020332576,63,63,63,63,61,63,0,8763,1.76508096394256,23,-86,0.001869,51,2024-09-11 00:14:39.000021,426,1.037,0.0011,"aoml_navis",1028.7087659459
"7901009",46,0,1,0.024297,1,0.001869,1,123.801072005534,1,4.86041521638594,428,1,13.3479995727539,35.6399993896484,0.0242970008403063,0,119.382202148438,-86.4255,23.3843,26.4103020332576,63,63,63,63,61,63,0,8763,1.76508096394256,23,-86,0.001869,51,2024-09-11 00:14:39.000021,428,1.037,0.0011,"aoml_navis",1028.71869529654
"7901009",46,0,1,0.020559,1,-0.001869,1,123.627677159244,1,4.86036218127368,430,1,13.3149995803833,35.6339988708496,0.020558999851346,0,119.214996337891,-86.4255,23.3843,26.4103020332576,63,63,63,63,61,63,0,8763,1.76508096394256,23,-86,0.001869,51,2024-09-11 00:14:39.000021,430,1.037,0.0011,"aoml_navis",1028.72992042945
"7901009",46,0,1,0.020559,1,-0.001869,1,123.41053009996,1,4.86030990379908,432,1,13.289999961853,35.6300010681152,0.020558999851346,0,119.005599975586,-86.4255,23.3843,26.4103020332576,63,63,63,63,61,63,0,8763,1.76508096394256,23,-86,0.001869,51,2024-09-11 00:14:39.000021,432,1.037,0.0011,"aoml_navis",1028.74098544452
"7901009",46,0,1,0.022428,1,0,1,123.145057811568,1,4.86025393924996,434,1,13.253999710083,35.6240005493164,0.0224280003458261,0,118.749603271484,-86.4255,23.3843,26.4103020332576,63,63,63,63,61,63,0,8763,1.76508096394256,23,-86,0.001869,51,2024-09-11 00:14:39.000021,434,1.037,0.0011,"aoml_navis",1028.75283112709
"7901009",46,0,1,0.022428,1,0,1,122.933401536338,1,4.86017435416592,436,1,13.1870002746582,35.6160011291504,0.0224280003458261,0,118.545501708984,-86.4255,23.3843,26.4103020332576,63,63,63,63,61,63,0,8763,1.76508096394256,23,-86,0.001869,51,2024-09-11 00:14:39.000021,436,1.037,0.0011,"aoml_navis",1028.76967689734
"7901009",46,0,1,0.022428,1,0,1,122.743732132701,1,4.86012283867239,438,1,13.1479997634888,35.6080017089844,0.0224280003458261,0,118.362602233887,-86.4255,23.3843,26.4103020332576,63,63,63,63,61,63,0,8763,1.76508096394256,23,-86,0.001869,51,2024-09-11 00:14:39.000021,438,1.037,0.0011,"aoml_navis",1028.78058147308
"7901009",46,0,1,0.022428,1,0,1,122.452222134912,1,4.86007039962013,440,1,13.1190004348755,35.6030006408691,0.0224280003458261,0,118.081497192383,-86.4255,23.3843,26.4103020332576,63,63,63,63,61,63,0,8763,1.76508096394256,23,-86,0.001869,51,2024-09-11 00:14:39.000021,440,1.037,0.0011,"aoml_navis",1028.79168178116
"7901009",46,0,1,0.020559,1,-0.001869,1,122.223152004202,1,4.86000376327257,442,1,13.0609998703003,35.5940017700195,0.020558999851346,0,117.86060333252,-86.4255,23.3843,26.4103020332576,63,63,63,63,61,63,0,8763,1.76508096394256,23,-86,0.001869,51,2024-09-11 00:14:39.000021,442,1.037,0.0011,"aoml_navis",1028.80578772086
"7901009",46,0,4,0.016821,1,-0.005607,1,122.027153166498,1,4.85994322397091,444,1,13.0089998245239,35.5849990844727,0.0168210007250309,0,117.671600341797,-86.4255,23.3843,26.4103020332576,63,63,63,63,61,63,0,8763,1.76508096394256,23,-86,0.001869,51,2024-09-11 00:14:39.000021,444,1.037,0.0011,"aoml_navis",1028.81860334053
"7901009",46,0,1,0.024297,1,0.001869,1,121.729946678048,1,4.85989290828571,446,1,12.9820003509521,35.5800018310547,0.0242970008403063,0,117.38500213623,-86.4255,23.3843,26.4103020332576,63,63,63,63,61,63,0,8763,1.76508096394256,23,-86,0.001869,51,2024-09-11 00:14:39.000021,446,1.037,0.0011,"aoml_navis",1028.82925495651
"7901009",46,0,1,0.028035,1,0.005607,1,121.411584056226,1,4.85983510387139,448,1,12.9399995803833,35.5730018615723,0.0280349999666214,0,117.078002929688,-86.4255,23.3843,26.4103020332576,63,63,63,63,61,63,0,8763,1.76508096394256,23,-86,0.001869,51,2024-09-11 00:14:39.000021,448,1.037,0.0011,"aoml_navis",1028.84149217675
"7901009",46,0,1,0.024297,1,0.001869,1,121.092074224479,1,4.85977186463181,450,1,12.8850002288818,35.5639991760254,0.0242970008403063,0,116.769897460938,-86.4255,23.3843,26.4103020332576,63,63,63,63,61,63,0,8763,1.76508096394256,23,-86,0.001869,51,2024-09-11 00:14:39.000021,450,1.037,0.0011,"aoml_navis",1028.85488028538
"7901009",46,0,4,0.014952,1,-0.007476,1,120.637343945664,1,4.85971182770067,452,1,12.8219995498657,35.5519981384277,0.0149520002305508,0,116.331398010254,-86.4255,23.3843,26.4103020332576,63,63,63,63,61,63,0,8763,1.76508096394256,23,-86,0.001869,51,2024-09-11 00:14:39.000021,452,1.037,0.0011,"aoml_navis",1028.86759076941
"7901009",46,0,1,0.028035,1,0.005607,1,120.347709042718,1,4.85961832251345,454,1,12.706000328064,35.5349998474121,0.0280349999666214,0,116.052101135254,-86.4255,23.3843,26.4103020332576,63,63,63,63,61,63,0,8763,1.76508096394256,23,-86,0.001869,51,2024-09-11 00:14:39.000021,454,1.037,0.0011,"aoml_navis",1028.88738747983
"7901009",46,0,1,0.026166,1,0.003738,1,120.241722669251,1,4.8595280963668,456,1,12.58899974823,35.5169982910156,0.0261659994721413,0,115.949897766113,-86.4255,23.3843,26.4103020332576,63,63,63,63,61,63,0,8763,1.76508096394256,23,-86,0.001869,51,2024-09-11 00:14:39.000021,456,1.037,0.0011,"aoml_navis",1028.90649068131
"7901009",46,0,1,0.022428,1,0,1,120.016070432938,1,4.85944515396647,458,1,12.4940004348755,35.5029983520508,0.0224280003458261,0,115.732299804688,-86.4255,23.3843,26.4103020332576,63,63,63,63,61,63,0,8763,1.76508096394256,23,-86,0.001869,51,2024-09-11 00:14:39.000021,458,1.037,0.0011,"aoml_navis",1028.9240523517
"7901009",46,0,1,0.022428,1,0,1,119.766049875464,1,4.85937848825919,460.100006103516,1,12.4289999008179,35.492000579834,0.0224280003458261,0,115.491203308105,-86.4255,23.3843,26.4103020332576,63,63,63,63,61,63,0,8763,1.76508096394256,23,-86,0.001869,51,2024-09-11 00:14:39.000021,460.100006103516,1.037,0.0011,"aoml_navis",1028.93816813828
"7901009",46,0,1,0.024297,1,0.001869,1,119.715438138299,1,4.85929060989236,462,1,12.326000213623,35.4780006408691,0.0242970008403063,0,115.442398071289,-86.4255,23.3843,26.4103020332576,63,63,63,63,61,63,0,8763,1.76508096394256,23,-86,0.001869,51,2024-09-11 00:14:39.000021,462,1.037,0.0011,"aoml_navis",1028.95677608192
"7901009",46,0,1,0.026166,1,0.003738,1,119.688269042562,1,4.85921790056483,464,1,12.2519998550415,35.4669990539551,0.0261659994721413,0,115.416198730469,-86.4255,23.3843,26.4103020332576,63,63,63,63,61,63,0,8763,1.76508096394256,23,-86,0.001869,51,2024-09-11 00:14:39.000021,464,1.037,0.0011,"aoml_navis",1028.97217254217
"7901009",46,0,1,0.026166,1,0.003738,1,119.613399749332,1,4.85916154547297,466,1,12.21399974823,35.4609985351562,0.0261659994721413,0,115.34400177002,-86.4255,23.3843,26.4103020332576,63,63,63,63,61,63,0,8763,1.76508096394256,23,-86,0.001869,51,2024-09-11 00:14:39.000021,466,1.037,0.0011,"aoml_navis",1028.98410625147
"7901009",46,0,1,0.022428,1,0,1,119.511353448572,1,4.8591066930486,468,1,12.1890001296997,35.4580001831055,0.0224280003458261,0,115.245597839355,-86.4255,23.3843,26.4103020332576,63,63,63,63,61,63,0,8763,1.76508096394256,23,-86,0.001869,51,2024-09-11 00:14:39.000021,468,1.037,0.0011,"aoml_navis",1028.99572202293
"7901009",46,0,1,0.024297,1,0.001869,1,119.315979642482,1,4.8590561815364,470,1,12.1800003051758,35.4580001831055,0.0242970008403063,0,115.057197570801,-86.4255,23.3843,26.4103020332576,63,63,63,63,61,63,0,8763,1.76508096394256,23,-86,0.001869,51,2024-09-11 00:14:39.000021,470,1.037,0.0011,"aoml_navis",1029.0064187772
"7901009",46,0,1,0.028035,1,0.005607,1,119.147569225521,1,4.85900662755352,472,1,12.1719999313354,35.4580001831055,0.0280349999666214,0,114.894798278809,-86.4255,23.3843,26.4103020332576,63,63,63,63,61,63,0,8763,1.76508096394256,23,-86,0.001869,51,2024-09-11 00:14:39.000021,472,1.037,0.0011,"aoml_navis",1029.0169129729
"7901009",46,0,1,0.026166,1,0.003738,1,118.944418127319,1,4.85896072771435,474,1,12.1639995574951,35.4570007324219,0.0261659994721413,0,114.69889831543,-86.4255,23.3843,26.4103020332576,63,63,63,63,61,63,0,8763,1.76508096394256,23,-86,0.001869,51,2024-09-11 00:14:39.000021,474,1.037,0.0011,"aoml_navis",1029.02663351058
"7901009",46,0,1,0.022428,1,0,1,118.748530054711,1,4.85891024912832,475.899993896484,1,12.1490001678467,35.4560012817383,0.0224280003458261,0,114.51000213623,-86.4255,23.3843,26.4103020332576,63,63,63,63,61,63,0,8763,1.76508096394256,23,-86,0.001869,51,2024-09-11 00:14:39.000021,475.899993896484,1.037,0.0011,"aoml_navis",1029.03732393431
"7901009",46,0,1,0.028035,1,0.005607,1,118.459820831497,1,4.85886084680347,478,1,12.1510000228882,35.4580001831055,0.0280349999666214,0,114.231597900391,-86.4255,23.3843,26.4103020332576,63,63,63,63,61,63,0,8763,1.76508096394256,23,-86,0.001869,51,2024-09-11 00:14:39.000021,478,1.037,0.0011,"aoml_navis",1029.04778664106
"7901009",46,0,1,0.022428,1,0,1,118.216849681216,1,4.85880255818108,480,1,12.1300001144409,35.4570007324219,0.0224280003458261,0,113.997299194336,-86.4255,23.3843,26.4103020332576,63,63,63,63,61,63,0,8763,1.76508096394256,23,-86,0.001869,51,2024-09-11 00:14:39.000021,480,1.037,0.0011,"aoml_navis",1029.0601316123
"7901009",46,0,1,0.028035,1,0.005607,1,118.218819717569,1,4.85872879096617,482,1,12.0620002746582,35.4480018615723,0.0280349999666214,0,113.999198913574,-86.4255,23.3843,26.4103020332576,63,63,63,63,61,63,0,8763,1.76508096394256,23,-86,0.001869,51,2024-09-11 00:14:39.000021,482,1.037,0.0011,"aoml_navis",1029.07575522562
"7901009",46,0,1,0.020559,1,-0.001869,1,118.130982996292,1,4.85867229483162,484,1,12.0120000839233,35.4389991760254,0.020558999851346,0,113.914497375488,-86.4255,23.3843,26.4103020332576,63,63,63,63,61,63,0,8763,1.76508096394256,23,-86,0.001869,51,2024-09-11 00:14:39.000021,484,1.037,0.0011,"aoml_navis",1029.08772121115
"7901009",46,0,1,0.022428,1,0,1,118.090332205991,1,4.85860630086843,486,1,11.9479999542236,35.4290008544922,0.0224280003458261,0,113.875297546387,-86.4255,23.3843,26.4103020332576,63,63,63,63,61,63,0,8763,1.76508096394256,23,-86,0.001869,51,2024-09-11 00:14:39.000021,486,1.037,0.0011,"aoml_navis",1029.10169920668
"7901009",46,0,1,0.026166,1,0.003738,1,117.977407190428,1,4.85854793509184,488,1,11.918999671936,35.4259986877441,0.0261659994721413,0,113.766403198242,-86.4255,23.3843,26.4103020332576,63,63,63,63,61,63,0,8763,1.76508096394256,23,-86,0.001869,51,2024-09-11 00:14:39.000021,488,1.037,0.0011,"aoml_navis",1029.11406181392
"7901009",46,0,1,0.028035,1,0.005607,1,117.800800156349,1,4.85849713409039,490,1,11.8979997634888,35.4230003356934,0.0280349999666214,0,113.596099853516,-86.4255,23.3843,26.4103020332576,63,63,63,63,61,63,0,8763,1.76508096394256,23,-86,0.001869,51,2024-09-11 00:14:39.000021,490,1.037,0.0011,"aoml_navis",1029.1248223482
"7901009",46,0,1,0.022428,1,0,1,117.786179163652,1,4.85844047589623,492,1,11.8629999160767,35.4179992675781,0.0224280003458261,0,113.582000732422,-86.4255,23.3843,26.4103020332576,63,63,63,63,61,63,0,8763,1.76508096394256,23,-86,0.001869,51,2024-09-11 00:14:39.000021,492,1.037,0.0011,"aoml_navis",1029.13682380304
"7901009",46,0,1,0.022428,1,0,1,117.707884064232,1,4.85838772571945,494,1,11.8360004425049,35.4140014648438,0.0224280003458261,0,113.506500244141,-86.4255,23.3843,26.4103020332576,63,63,63,63,61,63,0,8763,1.76508096394256,23,-86,0.001869,51,2024-09-11 00:14:39.000021,494,1.037,0.0011,"aoml_navis",1029.14799770526
"7901009",46,0,1,0.022428,1,0,1,117.52422762296,1,4.85834054877707,496,1,11.8109998703003,35.4090003967285,0.0224280003458261,0,113.329399108887,-86.4255,23.3843,26.4103020332576,63,63,63,63,61,63,0,8763,1.76508096394256,23,-86,0.001869,51,2024-09-11 00:14:39.000021,496,1.037,0.0011,"aoml_navis",1029.1579912525
"7901009",46,0,1,0.026166,1,0.003738,1,117.314129970869,1,4.85827097451313,498,1,11.7659997940063,35.4049987792969,0.0261659994721413,0,113.126800537109,-86.4255,23.3843,26.4103020332576,63,63,63,63,61,63,0,8763,1.76508096394256,23,-86,0.001869,51,2024-09-11 00:14:39.000021,498,1.037,0.0011,"aoml_navis",1029.17272960491
"7901009",46,0,1,0.024297,1,0.001869,1,117.058405010941,1,4.85822246026045,500,1,11.7589998245239,35.4049987792969,0.0242970008403063,0,112.88020324707,-86.4255,23.3843,26.4103020332576,63,63,63,63,61,63,0,8763,1.76508096394256,23,-86,0.001869,51,2024-09-11 00:14:39.000021,500,1.037,0.0011,"aoml_navis",1029.18300693294
"7901009",46,0,1,0.024297,1,0.001869,1,116.851100221633,1,4.85816551160026,502,1,11.7430000305176,35.4049987792969,0.0242970008403063,0,112.680297851562,-86.4255,23.3843,26.4103020332576,63,63,63,63,61,63,0,8763,1.76508096394256,23,-86,0.001869,51,2024-09-11 00:14:39.000021,502,1.037,0.0011,"aoml_navis",1029.1950712797
"7901009",46,0,1,0.024297,1,0.001869,1,116.697413650672,1,4.85811297539494,504,1,11.7200002670288,35.4020004272461,0.0242970008403063,0,112.532096862793,-86.4255,23.3843,26.4103020332576,63,63,63,63,61,63,0,8763,1.76508096394256,23,-86,0.001869,51,2024-09-11 00:14:39.000021,504,1.037,0.0011,"aoml_navis",1029.20620111629
"7901009",46,0,1,0.024297,1,0.001869,1,116.611135552534,1,4.85805460119573,506,1,11.6789999008179,35.3959999084473,0.0242970008403063,0,112.44889831543,-86.4255,23.3843,26.4103020332576,63,63,63,63,61,63,0,8763,1.76508096394256,23,-86,0.001869,51,2024-09-11 00:14:39.000021,506,1.037,0.0011,"aoml_navis",1029.21856801884
"7901009",46,0,1,0.024297,1,0.001869,1,116.523409596353,1,4.85799987133077,508,1,11.6339998245239,35.3880004882812,0.0242970008403063,0,112.364303588867,-86.4255,23.3843,26.4103020332576,63,63,63,63,61,63,0,8763,1.76508096394256,23,-86,0.001869,51,2024-09-11 00:14:39.000021,508,1.037,0.0011,"aoml_navis",1029.23016311862
"7901009",46,0,1,0.022428,1,0,1,116.385071903007,1,4.85794815955127,510,1,11.6000003814697,35.3819999694824,0.0224280003458261,0,112.230903625488,-86.4255,23.3843,26.4103020332576,63,63,63,63,61,63,0,8763,1.76508096394256,23,-86,0.001869,51,2024-09-11 00:14:39.000021,510,1.037,0.0011,"aoml_navis",1029.24111904518
"7901009",46,0,1,0.020559,1,-0.001869,1,116.257304364554,1,4.85789463358209,512,1,11.5640001296997,35.3759994506836,0.020558999851346,0,112.107696533203,-86.4255,23.3843,26.4103020332576,63,63,63,63,61,63,0,8763,1.76508096394256,23,-86,0.001869,51,2024-09-11 00:14:39.000021,512,1.037,0.0011,"aoml_navis",1029.25245958106
"7901009",46,0,1,0.024297,1,0.001869,1,116.220490793657,1,4.85782985795516,514,1,11.503999710083,35.367000579834,0.0242970008403063,0,112.072196960449,-86.4255,23.3843,26.4103020332576,63,63,63,63,61,63,0,8763,1.76508096394256,23,-86,0.001869,51,2024-09-11 00:14:39.000021,514,1.037,0.0011,"aoml_navis",1029.2661839138
"7901009",46,0,1,0.026166,1,0.003738,1,116.105279270036,1,4.85778012838789,516,1,11.4680004119873,35.3600006103516,0.0261659994721413,0,111.961097717285,-86.4255,23.3843,26.4103020332576,63,63,63,63,61,63,0,8763,1.76508096394256,23,-86,0.001869,51,2024-09-11 00:14:39.000021,516,1.037,0.0011,"aoml_navis",1029.27672061175
"7901009",46,0,1,0.028035,1,0.005607,1,116.170820559809,1,4.85770542486617,518,1,11.3929996490479,35.3499984741211,0.0280349999666214,0,112.024299621582,-86.4255,23.3843,26.4103020332576,63,63,63,63,61,63,0,8763,1.76508096394256,23,-86,0.001869,51,2024-09-11 00:14:39.000021,518,1.037,0.0011,"aoml_navis",1029.29254919523
"7901009",46,0,1,0.022428,1,0,1,116.208979135446,1,4.85764382160285,520,1,11.3319997787476,35.3400001525879,0.0224280003458261,0,112.061096191406,-86.4255,23.3843,26.4103020332576,63,63,63,63,61,63,0,8763,1.76508096394256,23,-86,0.001869,51,2024-09-11 00:14:39.000021,520,1.037,0.0011,"aoml_navis",1029.30560239186
"7901009",46,0,1,0.022428,1,0,1,116.17859785192,1,4.85759623956048,522,1,11.3100004196167,35.3359985351562,0.0224280003458261,0,112.031799316406,-86.4255,23.3843,26.4103020332576,63,63,63,63,61,63,0,8763,1.76508096394256,23,-86,0.001869,51,2024-09-11 00:14:39.000021,522,1.037,0.0011,"aoml_navis",1029.31568484012
"7901009",46,0,1,0.020559,1,-0.001869,1,116.161484644559,1,4.85754130552688,524,1,11.2760000228882,35.3310012817383,0.020558999851346,0,112.015296936035,-86.4255,23.3843,26.4103020332576,63,63,63,63,61,63,0,8763,1.76508096394256,23,-86,0.001869,51,2024-09-11 00:14:39.000021,524,1.037,0.0011,"aoml_navis",1029.32732539217
"7901009",46,0,1,0.024297,1,0.001869,1,116.193741022927,1,4.85748827217316,526,1,11.2480001449585,35.3269996643066,0.0242970008403063,0,112.046401977539,-86.4255,23.3843,26.4103020332576,63,63,63,63,61,63,0,8763,1.76508096394256,23,-86,0.001869,51,2024-09-11 00:14:39.000021,526,1.037,0.0011,"aoml_navis",1029.33856343889
"7901009",46,0,1,0.026166,1,0.003738,1,116.151428756183,1,4.85744717692138,528,1,11.2449998855591,35.326000213623,0.0261659994721413,0,112.005599975586,-86.4255,23.3843,26.4103020332576,63,63,63,63,61,63,0,8763,1.76508096394256,23,-86,0.001869,51,2024-09-11 00:14:39.000021,528,1.037,0.0011,"aoml_navis",1029.34727190774
"7901009",46,0,1,0.024297,1,0.001869,1,116.11845240469,1,4.85740699997885,530,1,11.2430000305176,35.3250007629395,0.0242970008403063,0,111.97380065918,-86.4255,23.3843,26.4103020332576,63,63,63,63,61,63,0,8763,1.76508096394256,23,-86,0.001869,51,2024-09-11 00:14:39.000021,530,1.037,0.0011,"aoml_navis",1029.35578592071
"7901009",46,0,1,0.026166,1,0.003738,1,116.108705076225,1,4.85736315123674,532,1,11.2250003814697,35.3209991455078,0.0261659994721413,0,111.964401245117,-86.4255,23.3843,26.4103020332576,63,63,63,63,61,63,0,8763,1.76508096394256,23,-86,0.001869,51,2024-09-11 00:14:39.000021,532,1.037,0.0011,"aoml_navis",1029.36507819617
"7901009",46,0,1,0.024297,1,0.001869,1,116.103206380379,1,4.85731016633246,534,1,11.1850004196167,35.3139991760254,0.0242970008403063,0,111.959098815918,-86.4255,23.3843,26.4103020332576,63,63,63,63,61,63,0,8763,1.76508096394256,23,-86,0.001869,51,2024-09-11 00:14:39.000021,534,1.037,0.0011,"aoml_navis",1029.37630679971
"7901009",46,0,1,0.026166,1,0.003738,1,115.96320721059,1,4.85726271356713,536,1,11.1549997329712,35.3079986572266,0.0261659994721413,0,111.824096679688,-86.4255,23.3843,26.4103020332576,63,63,63,63,61,63,0,8763,1.76508096394256,23,-86,0.001869,51,2024-09-11 00:14:39.000021,536,1.037,0.0011,"aoml_navis",1029.38636323586
"7901009",46,0,1,0.024297,1,0.001869,1,116.019934763423,1,4.85719439923828,538,1,11.0900001525879,35.298999786377,0.0242970008403063,0,111.878799438477,-86.4255,23.3843,26.4103020332576,63,63,63,63,61,63,0,8763,1.76508096394256,23,-86,0.001869,51,2024-09-11 00:14:39.000021,538,1.037,0.0011,"aoml_navis",1029.4008411078
"7901009",46,0,1,0.026166,1,0.003738,1,116.0781101743,1,4.85712090284531,540,1,11.0109996795654,35.2879981994629,0.0261659994721413,0,111.934898376465,-86.4255,23.3843,26.4103020332576,63,63,63,63,61,63,0,8763,1.76508096394256,23,-86,0.001869,51,2024-09-11 00:14:39.000021,540,1.037,0.0011,"aoml_navis",1029.4164176706
"7901009",46,0,1,0.026166,1,0.003738,1,116.122083917486,1,4.85706104139481,542,1,10.9630002975464,35.2809982299805,0.0261659994721413,0,111.97730255127,-86.4255,23.3843,26.4103020332576,63,63,63,63,61,63,0,8763,1.76508096394256,23,-86,0.001869,51,2024-09-11 00:14:39.000021,542,1.037,0.0011,"aoml_navis",1029.42910484076
"7901009",46,0,1,0.024297,1,0.001869,1,116.032791426373,1,4.8570119958632,544,1,10.9350004196167,35.2760009765625,0.0242970008403063,0,111.89119720459,-86.4255,23.3843,26.4103020332576,63,63,63,63,61,63,0,8763,1.76508096394256,23,-86,0.001869,51,2024-09-11 00:14:39.000021,544,1.037,0.0011,"aoml_navis",1029.43949989388
"7901009",46,0,1,0.029904,1,0.007476,1,115.929613739274,1,4.85695042795252,546,1,10.8889999389648,35.2700004577637,0.0299040004611015,0,111.791702270508,-86.4255,23.3843,26.4103020332576,63,63,63,63,61,63,0,8763,1.76508096394256,23,-86,0.001869,51,2024-09-11 00:14:39.000021,546,1.037,0.0011,"aoml_navis",1029.45254932482
"7901009",46,0,1,0.026166,1,0.003738,1,115.801956965918,1,4.85690592042804,548,1,10.8699998855591,35.265998840332,0.0261659994721413,0,111.668601989746,-86.4255,23.3843,26.4103020332576,63,63,63,63,61,63,0,8763,1.76508096394256,23,-86,0.001869,51,2024-09-11 00:14:39.000021,548,1.037,0.0011,"aoml_navis",1029.46198298182
"7901009",46,0,1,0.024297,1,0.001869,1,115.632818664039,1,4.85684723395215,550,1,10.8229999542236,35.2589988708496,0.0242970008403063,0,111.505500793457,-86.4255,23.3843,26.4103020332576,63,63,63,63,61,63,0,8763,1.76508096394256,23,-86,0.001869,51,2024-09-11 00:14:39.000021,550,1.037,0.0011,"aoml_navis",1029.47442222336
"7901009",46,0,1,0.024297,1,0.001869,1,115.574540399859,1,4.85677535912736,552,1,10.7530002593994,35.25,0.0242970008403063,0,111.44930267334,-86.4255,23.3843,26.4103020332576,63,63,63,63,61,63,0,8763,1.76508096394256,23,-86,0.001869,51,2024-09-11 00:14:39.000021,552,1.037,0.0011,"aoml_navis",1029.48965728948
"7901009",46,0,1,0.028035,1,0.005607,1,115.38725244579,1,4.85672835042477,554,1,10.7270002365112,35.2449989318848,0.0280349999666214,0,111.268699645996,-86.4255,23.3843,26.4103020332576,63,63,63,63,61,63,0,8763,1.76508096394256,23,-86,0.001869,51,2024-09-11 00:14:39.000021,554,1.037,0.0011,"aoml_navis",1029.49962181078
"7901009",46,0,1,0.026166,1,0.003738,1,115.281479690723,1,4.8566539936281,556,1,10.6579999923706,35.2369995117188,0.0261659994721413,0,111.166702270508,-86.4255,23.3843,26.4103020332576,63,63,63,63,61,63,0,8763,1.76508096394256,23,-86,0.001869,51,2024-09-11 00:14:39.000021,556,1.037,0.0011,"aoml_navis",1029.51538375185
"7901009",46,0,1,0.026166,1,0.003738,1,115.162011622692,1,4.85660362568912,558,1,10.6239995956421,35.2309989929199,0.0261659994721413,0,111.051498413086,-86.4255,23.3843,26.4103020332576,63,63,63,63,61,63,0,8763,1.76508096394256,23,-86,0.001869,51,2024-09-11 00:14:39.000021,558,1.037,0.0011,"aoml_navis",1029.52606087768
"7901009",46,0,4,0.01869,1,-0.003738,1,115.040264958396,1,4.85655474978085,560,1,10.6040000915527,35.2280006408691,0.0186899993568659,0,110.934097290039,-86.4255,23.3843,26.4103020332576,63,63,63,63,61,63,0,8763,1.76508096394256,23,-86,0.001869,51,2024-09-11 00:14:39.000021,560,1.037,0.0011,"aoml_navis",1029.53642193072
"7901009",46,0,1,0.026166,1,0.003738,1,114.965498518469,1,4.85649381130629,562,1,10.5579996109009,35.2220001220703,0.0261659994721413,0,110.861999511719,-86.4255,23.3843,26.4103020332576,63,63,63,63,61,63,0,8763,1.76508096394256,23,-86,0.001869,51,2024-09-11 00:14:39.000021,562,1.037,0.0011,"aoml_navis",1029.54934038207
"7901009",46,0,1,0.026166,1,0.003738,1,114.804968246922,1,4.85644777277254,564,1,10.5369997024536,35.2179985046387,0.0261659994721413,0,110.70719909668,-86.4255,23.3843,26.4103020332576,63,63,63,63,61,63,0,8763,1.76508096394256,23,-86,0.001869,51,2024-09-11 00:14:39.000021,564,1.037,0.0011,"aoml_navis",1029.5591003845
"7901009",46,0,1,0.024297,1,0.001869,1,114.791075139143,1,4.85637184298557,566,1,10.4490003585815,35.2060012817383,0.0242970008403063,0,110.693801879883,-86.4255,23.3843,26.4103020332576,63,63,63,63,61,63,0,8763,1.76508096394256,23,-86,0.001869,51,2024-09-11 00:14:39.000021,566,1.037,0.0011,"aoml_navis",1029.57519762863
"7901009",46,0,1,0.026166,1,0.003738,1,114.921319068675,1,4.85630055158493,568,1,10.3450002670288,35.1889991760254,0.0261659994721413,0,110.819396972656,-86.4255,23.3843,26.4103020332576,63,63,63,63,61,63,0,8763,1.76508096394256,23,-86,0.001869,51,2024-09-11 00:14:39.000021,568,1.037,0.0011,"aoml_navis",1029.59031198515
"7901009",46,0,1,0.026166,1,0.003738,1,114.91313036335,1,4.85623940752213,570,1,10.293999671936,35.181999206543,0.0261659994721413,0,110.811500549316,-86.4255,23.3843,26.4103020332576,63,63,63,63,61,63,0,8763,1.76508096394256,23,-86,0.001869,51,2024-09-11 00:14:39.000021,570,1.037,0.0011,"aoml_navis",1029.60327537707
"7901009",46,0,1,0.026166,1,0.003738,1,114.833379494094,1,4.85618854546934,572,1,10.2840003967285,35.181999206543,0.0261659994721413,0,110.734596252441,-86.4255,23.3843,26.4103020332576,63,63,63,63,61,63,0,8763,1.76508096394256,23,-86,0.001869,51,2024-09-11 00:14:39.000021,572,1.037,0.0011,"aoml_navis",1029.61405908855
"7901009",46,0,1,0.026166,1,0.003738,1,114.771058303903,1,4.85614468111583,574,1,10.2819995880127,35.181999206543,0.0261659994721413,0,110.674499511719,-86.4255,23.3843,26.4103020332576,63,63,63,63,61,63,0,8763,1.76508096394256,23,-86,0.001869,51,2024-09-11 00:14:39.000021,574,1.037,0.0011,"aoml_navis",1029.62335933762
"7901009",46,0,1,0.029904,1,0.007476,1,114.67098995129,1,4.85610305968174,576,1,10.2700004577637,35.1790008544922,0.0299040004611015,0,110.578002929688,-86.4255,23.3843,26.4103020332576,63,63,63,63,61,63,0,8763,1.76508096394256,23,-86,0.001869,51,2024-09-11 00:14:39.000021,576,1.037,0.0011,"aoml_navis",1029.63218419168
"7901009",46,0,1,0.026166,1,0.003738,1,114.619658241,1,4.85605235618323,578,1,10.2349996566772,35.1730003356934,0.0261659994721413,0,110.528503417969,-86.4255,23.3843,26.4103020332576,63,63,63,63,61,63,0,8763,1.76508096394256,23,-86,0.001869,51,2024-09-11 00:14:39.000021,578,1.037,0.0011,"aoml_navis",1029.64293489
"7901009",46,0,1,0.028035,1,0.005607,1,114.68540523738,1,4.85598261014148,580,1,10.1569995880127,35.1619987487793,0.0280349999666214,0,110.591903686523,-86.4255,23.3843,26.4103020332576,63,63,63,63,61,63,0,8763,1.76508096394256,23,-86,0.001869,51,2024-09-11 00:14:39.000021,580,1.037,0.0011,"aoml_navis",1029.65772355892
"7901009",46,0,1,0.026166,1,0.003738,1,114.725225289459,1,4.85592232466407,582,1,10.1149997711182,35.1570014953613,0.0261659994721413,0,110.630302429199,-86.4255,23.3843,26.4103020332576,63,63,63,63,61,63,0,8763,1.76508096394256,23,-86,0.001869,51,2024-09-11 00:14:39.000021,582,1.037,0.0011,"aoml_navis",1029.6705065903
"7901009",46,0,1,0.026166,1,0.003738,1,114.733516848088,1,4.85587452448343,584,1,10.1000003814697,35.1549987792969,0.0261659994721413,0,110.638298034668,-86.4255,23.3843,26.4103020332576,63,63,63,63,61,63,0,8763,1.76508096394256,23,-86,0.001869,51,2024-09-11 00:14:39.000021,584,1.037,0.0011,"aoml_navis",1029.6806424445
"7901009",46,0,1,0.029904,1,0.007476,1,114.676797207047,1,4.85583191523983,586,1,10.0909996032715,35.1529998779297,0.0299040004611015,0,110.583602905273,-86.4255,23.3843,26.4103020332576,63,63,63,63,61,63,0,8763,1.76508096394256,23,-86,0.001869,51,2024-09-11 00:14:39.000021,586,1.037,0.0011,"aoml_navis",1029.68967774764
"7901009",46,0,1,0.028035,1,0.005607,1,114.578690978995,1,4.85578824689599,588,1,10.085000038147,35.1520004272461,0.0280349999666214,0,110.488998413086,-86.4255,23.3843,26.4103020332576,63,63,63,63,61,63,0,8763,1.76508096394256,23,-86,0.001869,51,2024-09-11 00:14:39.000021,588,1.037,0.0011,"aoml_navis",1029.69893779783
"7901009",46,0,1,0.028035,1,0.005607,1,114.49946228805,1,4.85574650960292,590,1,10.0769996643066,35.1500015258789,0.0280349999666214,0,110.41259765625,-86.4255,23.3843,26.4103020332576,63,63,63,63,61,63,0,8763,1.76508096394256,23,-86,0.001869,51,2024-09-11 00:14:39.000021,590,1.037,0.0011,"aoml_navis",1029.70778851651
"7901009",46,0,1,0.024297,1,0.001869,1,114.456010723174,1,4.85569175307448,592,1,10.0369997024536,35.1440010070801,0.0242970008403063,0,110.370697021484,-86.4255,23.3843,26.4103020332576,63,63,63,63,61,63,0,8763,1.76508096394256,23,-86,0.001869,51,2024-09-11 00:14:39.000021,592,1.037,0.0011,"aoml_navis",1029.71940029639
"7901009",46,0,1,0.028035,1,0.005607,1,114.427393769395,1,4.85562025233934,594,1,9.9689998626709,35.1360015869141,0.0280349999666214,0,110.343101501465,-86.4255,23.3843,26.4103020332576,63,63,63,63,61,63,0,8763,1.76508096394256,23,-86,0.001869,51,2024-09-11 00:14:39.000021,594,1.037,0.0011,"aoml_navis",1029.73456328079
"7901009",46,0,1,0.028035,1,0.005607,1,114.465449491728,1,4.85554553524737,596,1,9.89700031280518,35.1279983520508,0.0280349999666214,0,110.37979888916,-86.4255,23.3843,26.4103020332576,63,63,63,63,61,63,0,8763,1.76508096394256,23,-86,0.001869,51,2024-09-11 00:14:39.000021,596,1.037,0.0011,"aoml_navis",1029.75040882719
"7901009",46,0,1,0.029904,1,0.007476,1,114.491376436029,1,4.85548303161578,598,1,9.86900043487549,35.1269989013672,0.0299040004611015,0,110.404800415039,-86.4255,23.3843,26.4103020332576,63,63,63,63,61,63,0,8763,1.76508096394256,23,-86,0.001869,51,2024-09-11 00:14:39.000021,598,1.037,0.0011,"aoml_navis",1029.76366459181
"7901009",46,0,1,0.026166,1,0.003738,1,114.398254637305,1,4.85543573298298,600,1,9.86299991607666,35.1269989013672,0.0261659994721413,0,110.315002441406,-86.4255,23.3843,26.4103020332576,63,63,63,63,61,63,0,8763,1.76508096394256,23,-86,0.001869,51,2024-09-11 00:14:39.000021,600,1.037,0.0011,"aoml_navis",1029.77369590848
"7901009",46,0,1,0.031773,1,0.009345,1,114.335411268803,1,4.8553912436177,602,1,9.85599994659424,35.1259994506836,0.0317730009555817,0,110.254402160645,-86.4255,23.3843,26.4103020332576,63,63,63,63,61,63,0,8763,1.76508096394256,23,-86,0.001869,51,2024-09-11 00:14:39.000021,602,1.037,0.0011,"aoml_navis",1029.78313160085
"7901009",46,0,1,0.029904,1,0.007476,1,114.35189944455,1,4.85533891495392,604,1,9.82699966430664,35.1220016479492,0.0299040004611015,0,110.270301818848,-86.4255,23.3843,26.4103020332576,63,63,63,63,61,63,0,8763,1.76508096394256,23,-86,0.001869,51,2024-09-11 00:14:39.000021,604,1.037,0.0011,"aoml_navis",1029.79423014129
"7901009",46,0,4,0.024297,1,0.001869,1,114.285946741563,1,4.85529920958259,606,1,9.81700038909912,35.1189994812012,0.0242970008403063,0,110.206703186035,-86.4255,23.3843,26.4103020332576,63,63,63,63,61,63,0,8763,1.76508096394256,23,-86,0.001869,51,2024-09-11 00:14:39.000021,606,1.037,0.0011,"aoml_navis",1029.80265153007
"7901009",46,0,1,0.029904,1,0.007476,1,114.203395097732,1,4.85525546538924,608,1,9.79800033569336,35.1150016784668,0.0299040004611015,0,110.127098083496,-86.4255,23.3843,26.4103020332576,63,63,63,63,61,63,0,8763,1.76508096394256,23,-86,0.001869,51,2024-09-11 00:14:39.000021,608,1.037,0.0011,"aoml_navis",1029.81192970021
"7901009",46,0,1,0.026166,1,0.003738,1,114.318820239753,1,4.85518883003892,610,1,9.72200012207031,35.1040000915527,0.0261659994721413,0,110.238403320312,-86.4255,23.3843,26.4103020332576,63,63,63,63,61,63,0,8763,1.76508096394256,23,-86,0.001869,51,2024-09-11 00:14:39.000021,610,1.037,0.0011,"aoml_navis",1029.82606342006
"7901009",46,0,1,0.029904,1,0.007476,1,114.46472160681,1,4.8551156748585,612,1,9.63799953460693,35.0929985046387,0.0299040004611015,0,110.379096984863,-86.4255,23.3843,26.4103020332576,63,63,63,63,61,63,0,8763,1.76508096394256,23,-86,0.001869,51,2024-09-11 00:14:39.000021,612,1.037,0.0011,"aoml_navis",1029.84158047804
"7901009",46,0,1,0.029904,1,0.007476,1,114.479864777818,1,4.85506275735072,614,1,9.60799980163574,35.0890007019043,0.0299040004611015,0,110.393699645996,-86.4255,23.3843,26.4103020332576,63,63,63,63,61,63,0,8763,1.76508096394256,23,-86,0.001869,51,2024-09-11 00:14:39.000021,614,1.037,0.0011,"aoml_navis",1029.85280518359
"7901009",46,0,1,0.028035,1,0.005607,1,114.455907869871,1,4.85499891423935,616,1,9.5649995803833,35.0849990844727,0.0280349999666214,0,110.370597839355,-86.4255,23.3843,26.4103020332576,63,63,63,63,61,63,0,8763,1.76508096394256,23,-86,0.001869,51,2024-09-11 00:14:39.000021,616,1.037,0.0011,"aoml_navis",1029.8663477216
"7901009",46,0,1,0.028035,1,0.005607,1,114.510973946261,1,4.8549430107279,618,1,9.52700042724609,35.0800018310547,0.0280349999666214,0,110.423698425293,-86.4255,23.3843,26.4103020332576,63,63,63,63,61,63,0,8763,1.76508096394256,23,-86,0.001869,51,2024-09-11 00:14:39.000021,618,1.037,0.0011,"aoml_navis",1029.87820638709
"7901009",46,0,1,0.026166,1,0.003738,1,114.481834814171,1,4.85489889701726,620,1,9.51599979400635,35.0779991149902,0.0261659994721413,0,110.395599365234,-86.4255,23.3843,26.4103020332576,63,63,63,63,61,63,0,8763,1.76508096394256,23,-86,0.001869,51,2024-09-11 00:14:39.000021,620,1.037,0.0011,"aoml_navis",1029.8875643058
"7901009",46,0,1,0.028035,1,0.005607,1,114.490965022814,1,4.85485591519347,622,1,9.5019998550415,35.0750007629395,0.0280349999666214,0,110.404403686523,-86.4255,23.3843,26.4103020332576,63,63,63,63,61,63,0,8763,1.76508096394256,23,-86,0.001869,51,2024-09-11 00:14:39.000021,622,1.037,0.0011,"aoml_navis",1029.89668227893
"7901009",46,0,1,0.026166,1,0.003738,1,114.602750740246,1,4.85478081662119,624,1,9.44099998474121,35.0699996948242,0.0261659994721413,0,110.512199401855,-86.4255,23.3843,26.4103020332576,63,63,63,63,61,63,0,8763,1.76508096394256,23,-86,0.001869,51,2024-09-11 00:14:39.000021,624,1.037,0.0011,"aoml_navis",1029.91261374388
"7901009",46,0,1,0.029904,1,0.007476,1,114.55421980453,1,4.85473483485083,626,1,9.41899967193604,35.0660018920898,0.0299040004611015,0,110.465400695801,-86.4255,23.3843,26.4103020332576,63,63,63,63,61,63,0,8763,1.76508096394256,23,-86,0.001869,51,2024-09-11 00:14:39.000021,626,1.037,0.0011,"aoml_navis",1029.92236859289
"7901009",46,0,1,0.024297,1,0.001869,1,114.567907205702,1,4.85468219256895,628,1,9.38899993896484,35.0620002746582,0.0242970008403063,0,110.47859954834,-86.4255,23.3843,26.4103020332576,63,63,63,63,61,63,0,8763,1.76508096394256,23,-86,0.001869,51,2024-09-11 00:14:39.000021,628,1.037,0.0011,"aoml_navis",1029.93353666971
"7901009",46,0,1,0.029904,1,0.007476,1,114.689653869998,1,4.85461355135252,630,1,9.33100032806396,35.0559997558594,0.0299040004611015,0,110.596000671387,-86.4255,23.3843,26.4103020332576,63,63,63,63,61,63,0,8763,1.76508096394256,23,-86,0.001869,51,2024-09-11 00:14:39.000021,630,1.037,0.0011,"aoml_navis",1029.94809928938
"7901009",46,0,1,0.028035,1,0.005607,1,114.704797041005,1,4.85456051981538,632,1,9.29599952697754,35.0509986877441,0.0280349999666214,0,110.61060333252,-86.4255,23.3843,26.4103020332576,63,63,63,63,61,63,0,8763,1.76508096394256,23,-86,0.001869,51,2024-09-11 00:14:39.000021,632,1.037,0.0011,"aoml_navis",1029.95935050989
"7901009",46,0,1,0.024297,1,0.001869,1,114.777593444578,1,4.85449936126586,634,1,9.26000022888184,35.0480003356934,0.0242970008403063,0,110.680801391602,-86.4255,23.3843,26.4103020332576,63,63,63,63,61,63,0,8763,1.76508096394256,23,-86,0.001869,51,2024-09-11 00:14:39.000021,634,1.037,0.0011,"aoml_navis",1029.97232627016
"7901009",46,0,1,0.029904,1,0.007476,1,114.785165030082,1,4.85444974921859,636,1,9.22900009155273,35.0429992675781,0.0299040004611015,0,110.688102722168,-86.4255,23.3843,26.4103020332576,63,63,63,63,61,63,0,8763,1.76508096394256,23,-86,0.001869,51,2024-09-11 00:14:39.000021,636,1.037,0.0011,"aoml_navis",1029.98285249628
"7901009",46,0,1,0.028035,1,0.005607,1,114.840848226294,1,4.85439235451348,638,1,9.19299983978271,35.0390014648438,0.0280349999666214,0,110.741798400879,-86.4255,23.3843,26.4103020332576,63,63,63,63,61,63,0,8763,1.76508096394256,23,-86,0.001869,51,2024-09-11 00:14:39.000021,638,1.037,0.0011,"aoml_navis",1029.99503024331
"7901009",46,0,1,0.029904,1,0.007476,1,114.924642021561,1,4.85432593975723,640,1,9.14599990844727,35.0349998474121,0.0299040004611015,0,110.822601318359,-86.4255,23.3843,26.4103020332576,63,63,63,63,61,63,0,8763,1.76508096394256,23,-86,0.001869,51,2024-09-11 00:14:39.000021,640,1.037,0.0011,"aoml_navis",1030.0091221831
"7901009",46,0,1,0.031773,1,0.009345,1,114.950466112558,1,4.85427782851609,642,1,9.13000011444092,35.0330009460449,0.0317730009555817,0,110.847503662109,-86.4255,23.3843,26.4103020332576,63,63,63,63,61,63,0,8763,1.76508096394256,23,-86,0.001869,51,2024-09-11 00:14:39.000021,642,1.037,0.0011,"aoml_navis",1030.01933070824
"7901009",46,0,1,0.026166,1,0.003738,1,114.912608185039,1,4.85422974046998,644,1,9.11400032043457,35.0309982299805,0.0261659994721413,0,110.810997009277,-86.4255,23.3843,26.4103020332576,63,63,63,63,61,63,0,8763,1.76508096394256,23,-86,0.001869,51,2024-09-11 00:14:39.000021,644,1.037,0.0011,"aoml_navis",1030.02953451394
"7901009",46,0,1,0.028035,1,0.005607,1,114.898303664046,1,4.85418082326883,646,1,9.09700012207031,35.0289993286133,0.0280349999666214,0,110.797203063965,-86.4255,23.3843,26.4103020332576,63,63,63,63,61,63,0,8763,1.76508096394256,23,-86,0.001869,51,2024-09-11 00:14:39.000021,646,1.037,0.0011,"aoml_navis",1030.03991446552
"7901009",46,0,1,0.026166,1,0.003738,1,114.95160541069,1,4.85412615425842,648,1,9.07299995422363,35.0270004272461,0.0261659994721413,0,110.848602294922,-86.4255,23.3843,26.4103020332576,63,63,63,63,61,63,0,8763,1.76508096394256,23,-86,0.001869,51,2024-09-11 00:14:39.000021,648,1.037,0.0011,"aoml_navis",1030.05151516584
"7901009",46,0,1,0.028035,1,0.005607,1,114.910954620389,1,4.85408217869092,650.099975585938,1,9.06900024414062,35.0260009765625,0.0280349999666214,0,110.80940246582,-86.4255,23.3843,26.4103020332576,63,63,63,63,61,63,0,8763,1.76508096394256,23,-86,0.001869,51,2024-09-11 00:14:39.000021,650.099975585938,1.037,0.0011,"aoml_navis",1030.06084691966
"7901009",46,0,1,0.031773,1,0.009345,1,114.911888211914,1,4.85403831338543,652,1,9.0600004196167,35.0250015258789,0.0317730009555817,0,110.810302734375,-86.4255,23.3843,26.4103020332576,63,63,63,63,61,63,0,8763,1.76508096394256,23,-86,0.001869,51,2024-09-11 00:14:39.000021,652,1.037,0.0011,"aoml_navis",1030.07015544399
"7901009",46,0,1,0.026166,1,0.003738,1,114.913755394964,1,4.85399228797041,654,1,9.04199981689453,35.0219993591309,0.0261659994721413,0,110.812103271484,-86.4255,23.3843,26.4103020332576,63,63,63,63,61,63,0,8763,1.76508096394256,23,-86,0.001869,51,2024-09-11 00:14:39.000021,654,1.037,0.0011,"aoml_navis",1030.07992253952
"7901009",46,0,1,0.028035,1,0.005607,1,115.003348534195,1,4.85394910718778,656,1,9.02299976348877,35.0180015563965,0.0280349999666214,0,110.898498535156,-86.4255,23.3843,26.4103020332576,63,63,63,63,61,63,0,8763,1.76508096394256,23,-86,0.001869,51,2024-09-11 00:14:39.000021,656,1.037,0.0011,"aoml_navis",1030.08908614142
"7901009",46,0,1,0.029904,1,0.007476,1,115.213968364596,1,4.8538804925174,658,1,8.95499992370605,35.0099983215332,0.0299040004611015,0,111.101600646973,-86.4255,23.3843,26.4103020332576,63,63,63,63,61,63,0,8763,1.76508096394256,23,-86,0.001869,51,2024-09-11 00:14:39.000021,658,1.037,0.0011,"aoml_navis",1030.10364752652
"7901009",46,0,1,0.028035,1,0.005607,1,115.487320798403,1,4.85377992258667,660,1,8.8430004119873,35.0009994506836,0.0280349999666214,0,111.365196228027,-86.4255,23.3843,26.4103020332576,63,63,63,63,61,63,0,8763,1.76508096394256,23,-86,0.001869,51,2024-09-11 00:14:39.000021,660,1.037,0.0011,"aoml_navis",1030.12499119148
"7901009",46,0,1,0.028035,1,0.005607,1,115.612184708977,1,4.85373120678063,662,1,8.81700038909912,34.9970016479492,0.0280349999666214,0,111.48560333252,-86.4255,23.3843,26.4103020332576,63,63,63,63,61,63,0,8763,1.76508096394256,23,-86,0.001869,51,2024-09-11 00:14:39.000021,662,1.037,0.0011,"aoml_navis",1030.13533032382
"7901009",46,0,1,0.028035,1,0.005607,1,115.712253061591,1,4.85367161437506,664,1,8.77299976348877,34.992000579834,0.0280349999666214,0,111.582099914551,-86.4255,23.3843,26.4103020332576,63,63,63,63,61,63,0,8763,1.76508096394256,23,-86,0.001869,51,2024-09-11 00:14:39.000021,664,1.037,0.0011,"aoml_navis",1030.14797811858
"7901009",46,0,1,0.026166,1,0.003738,1,115.745648738091,1,4.85362048645451,666,1,8.75300025939941,34.9900016784668,0.0261659994721413,0,111.614303588867,-86.4255,23.3843,26.4103020332576,63,63,63,63,61,63,0,8763,1.76508096394256,23,-86,0.001869,51,2024-09-11 00:14:39.000021,666,1.037,0.0011,"aoml_navis",1030.15882967241
"7901009",46,0,1,0.029904,1,0.007476,1,115.808903519807,1,4.8535714397273,668,1,8.73099994659424,34.9869995117188,0.0299040004611015,0,111.675300598145,-86.4255,23.3843,26.4103020332576,63,63,63,63,61,63,0,8763,1.76508096394256,23,-86,0.001869,51,2024-09-11 00:14:39.000021,668,1.037,0.0011,"aoml_navis",1030.16923972194
"7901009",46,0,1,0.028035,1,0.005607,1,115.935523848335,1,4.85351557643899,670,1,8.69600009918213,34.9830017089844,0.0280349999666214,0,111.797401428223,-86.4255,23.3843,26.4103020332576,63,63,63,63,61,63,0,8763,1.76508096394256,23,-86,0.001869,51,2024-09-11 00:14:39.000021,670,1.037,0.0011,"aoml_navis",1030.18109682641
"7901009",46,0,1,0.028035,1,0.005607,1,116.077073729471,1,4.85344654960317,672,1,8.64000034332275,34.9780006408691,0.0280349999666214,0,111.933898925781,-86.4255,23.3843,26.4103020332576,63,63,63,63,61,63,0,8763,1.76508096394256,23,-86,0.001869,51,2024-09-11 00:14:39.000021,672,1.037,0.0011,"aoml_navis",1030.19574829949
"7901009",46,0,1,0.029904,1,0.007476,1,116.100927784114,1,4.85339679675958,674,1,8.61699962615967,34.9749984741211,0.0299040004611015,0,111.956901550293,-86.4255,23.3843,26.4103020332576,63,63,63,63,61,63,0,8763,1.76508096394256,23,-86,0.001869,51,2024-09-11 00:14:39.000021,674,1.037,0.0011,"aoml_navis",1030.20630897896
"7901009",46,0,1,0.029904,1,0.007476,1,116.147282976869,1,4.8533501441487,676,1,8.60700035095215,34.9739990234375,0.0299040004611015,0,112.001602172852,-86.4255,23.3843,26.4103020332576,63,63,63,63,61,63,0,8763,1.76508096394256,23,-86,0.001869,51,2024-09-11 00:14:39.000021,676,1.037,0.0011,"aoml_navis",1030.21621179096
"7901009",46,0,1,0.035511,1,0.013083,1,116.146657945255,1,4.85330509963772,678,1,8.59899997711182,34.9729995727539,0.0355109982192516,0,112.000999450684,-86.4255,23.3843,26.4103020332576,63,63,63,63,61,63,0,8763,1.76508096394256,23,-86,0.001869,51,2024-09-11 00:14:39.000021,678,1.037,0.0011,"aoml_navis",1030.225773437
"7901009",46,0,1,0.028035,1,0.005607,1,116.185030139291,1,4.85326166346365,680,1,8.5930004119873,34.9720001220703,0.0280349999666214,0,112.03800201416,-86.4255,23.3843,26.4103020332576,63,63,63,63,61,63,0,8763,1.76508096394256,23,-86,0.001869,51,2024-09-11 00:14:39.000021,680,1.037,0.0011,"aoml_navis",1030.23499384775
"7901009",46,0,1,0.028035,1,0.005607,1,116.239882597282,1,4.85321467875301,682,1,8.57800006866455,34.9700012207031,0.0280349999666214,0,112.090896606445,-86.4255,23.3843,26.4103020332576,63,63,63,63,61,63,0,8763,1.76508096394256,23,-86,0.001869,51,2024-09-11 00:14:39.000021,682,1.037,0.0011,"aoml_navis",1030.24496770967
"7901009",46,0,1,0.031773,1,0.009345,1,116.274939750226,1,4.85316563480545,684,1,8.5649995803833,34.9690017700195,0.0317730009555817,0,112.124702453613,-86.4255,23.3843,26.4103020332576,63,63,63,63,61,63,0,8763,1.76508096394256,23,-86,0.001869,51,2024-09-11 00:14:39.000021,684,1.037,0.0011,"aoml_navis",1030.25537891011
"7901009",46,0,1,0.028035,1,0.005607,1,116.355719152517,1,4.85311674425868,686,1,8.54300022125244,34.9659996032715,0.0280349999666214,0,112.202598571777,-86.4255,23.3843,26.4103020332576,63,63,63,63,61,63,0,8763,1.76508096394256,23,-86,0.001869,51,2024-09-11 00:14:39.000021,686,1.037,0.0011,"aoml_navis",1030.26575775559
"7901009",46,0,1,0.028035,1,0.005607,1,116.531906861589,1,4.8530622601957,688,1,8.51399993896484,34.9630012512207,0.0280349999666214,0,112.372497558594,-86.4255,23.3843,26.4103020332576,63,63,63,63,61,63,0,8763,1.76508096394256,23,-86,0.001869,51,2024-09-11 00:14:39.000021,688,1.037,0.0011,"aoml_navis",1030.27732428027
"7901009",46,0,1,0.031773,1,0.009345,1,116.672008884682,1,4.85298996093138,690,1,8.45800018310547,34.9589996337891,0.0317730009555817,0,112.507598876953,-86.4255,23.3843,26.4103020332576,63,63,63,63,61,63,0,8763,1.76508096394256,23,-86,0.001869,51,2024-09-11 00:14:39.000021,690,1.037,0.0011,"aoml_navis",1030.29267322869
"7901009",46,0,1,0.028035,1,0.005607,1,116.691922866618,1,4.85294273957217,692,1,8.4379997253418,34.9560012817383,0.0280349999666214,0,112.526802062988,-86.4255,23.3843,26.4103020332576,63,63,63,63,61,63,0,8763,1.76508096394256,23,-86,0.001869,51,2024-09-11 00:14:39.000021,692,1.037,0.0011,"aoml_navis",1030.30269844906
"7901009",46,0,1,0.028035,1,0.005607,1,116.803091464228,1,4.85289187701084,694,1,8.41800022125244,34.9539985656738,0.0280349999666214,0,112.634002685547,-86.4255,23.3843,26.4103020332576,63,63,63,63,61,63,0,8763,1.76508096394256,23,-86,0.001869,51,2024-09-11 00:14:39.000021,694,1.037,0.0011,"aoml_navis",1030.3134969246
"7901009",46,0,1,0.028035,1,0.005607,1,116.890817420409,1,4.85284498763392,696,1,8.40299987792969,34.9519996643066,0.0280349999666214,0,112.718597412109,-86.4255,23.3843,26.4103020332576,63,63,63,63,61,63,0,8763,1.76508096394256,23,-86,0.001869,51,2024-09-11 00:14:39.000021,696,1.037,0.0011,"aoml_navis",1030.32345206597
"7901009",46,0,1,0.029904,1,0.007476,1,116.963408117375,1,4.85278778644016,698,1,8.375,34.9500007629395,0.0299040004611015,0,112.788597106934,-86.4255,23.3843,26.4103020332576,63,63,63,63,61,63,0,8763,1.76508096394256,23,-86,0.001869,51,2024-09-11 00:14:39.000021,698,1.037,0.0011,"aoml_navis",1030.33559678237
"7901009",46,0,1,0.028035,1,0.005607,1,117.065968684652,1,4.85273695591411,700,1,8.35499954223633,34.9480018615723,0.0280349999666214,0,112.887496948242,-86.4255,23.3843,26.4103020332576,63,63,63,63,61,63,0,8763,1.76508096394256,23,-86,0.001869,51,2024-09-11 00:14:39.000021,700,1.037,0.0011,"aoml_navis",1030.3463891457
"7901009",46,0,1,0.031773,1,0.009345,1,117.120314787918,1,4.85268802870049,702,1,8.34200000762939,34.9469985961914,0.0317730009555817,0,112.939903259277,-86.4255,23.3843,26.4103020332576,63,63,63,63,61,63,0,8763,1.76508096394256,23,-86,0.001869,51,2024-09-11 00:14:39.000021,702,1.037,0.0011,"aoml_navis",1030.35677761032
"7901009",46,0,1,0.028035,1,0.005607,1,117.111706757585,1,4.85264255086616,704,1,8.33800029754639,34.9469985961914,0.0280349999666214,0,112.931602478027,-86.4255,23.3843,26.4103020332576,63,63,63,63,61,63,0,8763,1.76508096394256,23,-86,0.001869,51,2024-09-11 00:14:39.000021,704,1.037,0.0011,"aoml_navis",1030.36643387375
"7901009",46,0,1,0.028035,1,0.005607,1,117.127467048414,1,4.85260074507571,706,1,8.33399963378906,34.9459991455078,0.0280349999666214,0,112.946800231934,-86.4255,23.3843,26.4103020332576,63,63,63,63,61,63,0,8763,1.76508096394256,23,-86,0.001869,51,2024-09-11 00:14:39.000021,706,1.037,0.0011,"aoml_navis",1030.37531061542
"7901009",46,0,1,0.026166,1,0.003738,1,117.193214044794,1,4.85256131886084,708,1,8.33300018310547,34.9449996948242,0.0261659994721413,0,113.010200500488,-86.4255,23.3843,26.4103020332576,63,63,63,63,61,63,0,8763,1.76508096394256,23,-86,0.001869,51,2024-09-11 00:14:39.000021,708,1.037,0.0011,"aoml_navis",1030.38368223521
"7901009",46,0,1,0.028035,1,0.005607,1,117.347517735577,1,4.85251526658428,710,1,8.31900024414062,34.943000793457,0.0280349999666214,0,113.158996582031,-86.4255,23.3843,26.4103020332576,63,63,63,63,61,63,0,8763,1.76508096394256,23,-86,0.001869,51,2024-09-11 00:14:39.000021,710,1.037,0.0011,"aoml_navis",1030.39346098122
"7901009",46,0,1,0.029904,1,0.007476,1,117.643695690991,1,4.85245336977294,712,1,8.27099990844727,34.9379997253418,0.0299040004611015,0,113.444602966309,-86.4255,23.3843,26.4103020332576,63,63,63,63,61,63,0,8763,1.76508096394256,23,-86,0.001869,51,2024-09-11 00:14:39.000021,712,1.037,0.0011,"aoml_navis",1030.40660445006
"7901009",46,0,1,0.029904,1,0.007476,1,118.020850843511,1,4.85236220911588,714,1,8.18099975585938,34.931999206543,0.0299040004611015,0,113.808296203613,-86.4255,23.3843,26.4103020332576,63,63,63,63,61,63,0,8763,1.76508096394256,23,-86,0.001869,51,2024-09-11 00:14:39.000021,714,1.037,0.0011,"aoml_navis",1030.42596255629
"7901009",46,0,1,0.028035,1,0.005607,1,118.187188370815,1,4.85230710345574,716,1,8.14599990844727,34.9280014038086,0.0280349999666214,0,113.968696594238,-86.4255,23.3843,26.4103020332576,63,63,63,63,61,63,0,8763,1.76508096394256,23,-86,0.001869,51,2024-09-11 00:14:39.000021,716,1.037,0.0011,"aoml_navis",1030.43766468101
"7901009",46,0,1,0.026166,1,0.003738,1,118.378416397591,1,4.85224784764068,718,1,8.11499977111816,34.9259986877441,0.0261659994721413,0,114.153099060059,-86.4255,23.3843,26.4103020332576,63,63,63,63,61,63,0,8763,1.76508096394256,23,-86,0.001869,51,2024-09-11 00:14:39.000021,718,1.037,0.0011,"aoml_navis",1030.45024842067
"7901009",46,0,1,0.028035,1,0.005607,1,118.517584829159,1,4.85220034177011,720,1,8.09899997711182,34.923999786377,0.0280349999666214,0,114.287300109863,-86.4255,23.3843,26.4103020332576,63,63,63,63,61,63,0,8763,1.76508096394256,23,-86,0.001869,51,2024-09-11 00:14:39.000021,720,1.037,0.0011,"aoml_navis",1030.46033712944
"7901009",46,0,1,0.028035,1,0.005607,1,118.7220809321,1,4.85214167864153,722,1,8.06400012969971,34.9210014343262,0.0280349999666214,0,114.484497070312,-86.4255,23.3843,26.4103020332576,63,63,63,63,61,63,0,8763,1.76508096394256,23,-86,0.001869,51,2024-09-11 00:14:39.000021,722,1.037,0.0011,"aoml_navis",1030.47279555115
"7901009",46,0,1,0.028035,1,0.005607,1,118.956032638834,1,4.85206928298412,724.099975585938,1,8.01399993896484,34.9179992675781,0.0280349999666214,0,114.710098266602,-86.4255,23.3843,26.4103020332576,63,63,63,63,61,63,0,8763,1.76508096394256,23,-86,0.001869,51,2024-09-11 00:14:39.000021,724.099975585938,1.037,0.0011,"aoml_navis",1030.48817079646
"7901009",46,0,1,0.028035,1,0.005607,1,119.145290629256,1,4.85201285955696,726,1,7.97900009155273,34.9150009155273,0.0280349999666214,0,114.892601013184,-86.4255,23.3843,26.4103020332576,63,63,63,63,61,63,0,8763,1.76508096394256,23,-86,0.001869,51,2024-09-11 00:14:39.000021,726,1.037,0.0011,"aoml_navis",1030.50015420951
"7901009",46,0,1,0.026166,1,0.003738,1,119.275953883795,1,4.85196756490517,727.900024414062,1,7.96299982070923,34.9129981994629,0.0261659994721413,0,115.018600463867,-86.4255,23.3843,26.4103020332576,63,63,63,63,61,63,0,8763,1.76508096394256,23,-86,0.001869,51,2024-09-11 00:14:39.000021,727.900024414062,1.037,0.0011,"aoml_navis",1030.50977425438
"7901009",46,0,1,0.031773,1,0.009345,1,119.489160870372,1,4.85190738102838,730,1,7.93800020217896,34.9119987487793,0.0317730009555817,0,115.224197387695,-86.4255,23.3843,26.4103020332576,63,63,63,63,61,63,0,8763,1.76508096394256,23,-86,0.001869,51,2024-09-11 00:14:39.000021,730,1.037,0.0011,"aoml_navis",1030.52255687128
"7901009",46,0,1,0.031773,1,0.009345,1,119.669605123855,1,4.85185785504824,732,1,7.92399978637695,34.9109992980957,0.0317730009555817,0,115.39820098877,-86.4255,23.3843,26.4103020332576,63,63,63,63,61,63,0,8763,1.76508096394256,23,-86,0.001869,51,2024-09-11 00:14:39.000021,732,1.037,0.0011,"aoml_navis",1030.53307606644
"7901009",46,0,1,0.029904,1,0.007476,1,119.961004356548,1,4.85180736585656,734,1,7.90399980545044,34.9090003967285,0.0299040004611015,0,115.67919921875,-86.4255,23.3843,26.4103020332576,63,63,63,63,61,63,0,8763,1.76508096394256,23,-86,0.001869,51,2024-09-11 00:14:39.000021,734,1.037,0.0011,"aoml_navis",1030.54380006641
"7901009",46,0,1,0.028035,1,0.005607,1,120.238819041372,1,4.85172696357073,736,1,7.84999990463257,34.9080009460449,0.0280349999666214,0,115.94709777832,-86.4255,23.3843,26.4103020332576,63,63,63,63,61,63,0,8763,1.76508096394256,23,-86,0.001869,51,2024-09-11 00:14:39.000021,736,1.037,0.0011,"aoml_navis",1030.56087812496
"7901009",46,0,1,0.028035,1,0.005607,1,120.347606189414,1,4.85167346357655,738,1,7.82600021362305,34.9059982299805,0.0280349999666214,0,116.052001953125,-86.4255,23.3843,26.4103020332576,63,63,63,63,61,63,0,8763,1.76508096394256,23,-86,0.001869,51,2024-09-11 00:14:39.000021,738,1.037,0.0011,"aoml_navis",1030.57224224528
"7901009",46,0,1,0.028035,1,0.005607,1,120.429944214845,1,4.85163015439914,740,1,7.82000017166138,34.9049987792969,0.0280349999666214,0,116.131401062012,-86.4255,23.3843,26.4103020332576,63,63,63,63,61,63,0,8763,1.76508096394256,23,-86,0.001869,51,2024-09-11 00:14:39.000021,740,1.037,0.0011,"aoml_navis",1030.58144188224
"7901009",46,0,1,0.033642,1,0.011214,1,120.497352687668,1,4.85158317354656,742,1,7.81400012969971,34.9049987792969,0.0336420014500618,0,116.196403503418,-86.4255,23.3843,26.4103020332576,63,63,63,63,61,63,0,8763,1.76508096394256,23,-86,0.001869,51,2024-09-11 00:14:39.000021,742,1.037,0.0011,"aoml_navis",1030.59142163381
"7901009",46,0,1,0.028035,1,0.005607,1,120.603434002645,1,4.85153353560438,744,1,7.79500007629395,34.9029998779297,0.0280349999666214,0,116.298698425293,-86.4255,23.3843,26.4103020332576,63,63,63,63,61,63,0,8763,1.76508096394256,23,-86,0.001869,51,2024-09-11 00:14:39.000021,744,1.037,0.0011,"aoml_navis",1030.6019660188
"7901009",46,0,1,0.026166,1,0.003738,1,120.736486618545,1,4.85148451037755,746,1,7.77199983596802,34.9000015258789,0.0261659994721413,0,116.427001953125,-86.4255,23.3843,26.4103020332576,63,63,63,63,61,63,0,8763,1.76508096394256,23,-86,0.001869,51,2024-09-11 00:14:39.000021,746,1.037,0.0011,"aoml_navis",1030.61238045896
"7901009",46,0,1,0.029904,1,0.007476,1,120.893282523992,1,4.85142800897732,748,1,7.74399995803833,34.8979988098145,0.0299040004611015,0,116.578201293945,-86.4255,23.3843,26.4103020332576,63,63,63,63,61,63,0,8763,1.76508096394256,23,-86,0.001869,51,2024-09-11 00:14:39.000021,748,1.037,0.0011,"aoml_navis",1030.62438332544
"7901009",46,0,1,0.029904,1,0.007476,1,121.11665616404,1,4.85136968330283,750,1,7.7039999961853,34.8940010070801,0.0299040004611015,0,116.793601989746,-86.4255,23.3843,26.4103020332576,63,63,63,63,61,63,0,8763,1.76508096394256,23,-86,0.001869,51,2024-09-11 00:14:39.000021,750,1.037,0.0011,"aoml_navis",1030.63677402461
"7901009",46,0,1,0.031773,1,0.009345,1,121.291807428283,1,4.85131784459599,752,1,7.68200016021729,34.8919982910156,0.0317730009555817,0,116.962501525879,-86.4255,23.3843,26.4103020332576,63,63,63,63,61,63,0,8763,1.76508096394256,23,-86,0.001869,51,2024-09-11 00:14:39.000021,752,1.037,0.0011,"aoml_navis",1030.64778688323
"7901009",46,0,1,0.028035,1,0.005607,1,121.466333660913,1,4.85124984529257,754,1,7.63399982452393,34.8889999389648,0.0280349999666214,0,117.130798339844,-86.4255,23.3843,26.4103020332576,63,63,63,63,61,63,0,8763,1.76508096394256,23,-86,0.001869,51,2024-09-11 00:14:39.000021,754,1.037,0.0011,"aoml_navis",1030.66223333184
"7901009",46,0,1,0.029904,1,0.007476,1,121.44808115542,1,4.8512119056124,756,1,7.63500022888184,34.8880004882812,0.0299040004611015,0,117.11319732666,-86.4255,23.3843,26.4103020332576,63,63,63,63,61,63,0,8763,1.76508096394256,23,-86,0.001869,51,2024-09-11 00:14:39.000021,756,1.037,0.0011,"aoml_navis",1030.67029379102
"7901009",46,0,1,0.031773,1,0.009345,1,121.562572705915,1,4.85116495512099,758,1,7.62900018692017,34.8880004882812,0.0317730009555817,0,117.223602294922,-86.4255,23.3843,26.4103020332576,63,63,63,63,61,63,0,8763,1.76508096394256,23,-86,0.001869,51,2024-09-11 00:14:39.000021,758,1.037,0.0011,"aoml_navis",1030.68026881294
"7901009",46,0,1,0.029904,1,0.007476,1,121.706298330011,1,4.8511223060765,760,1,7.61899995803833,34.8860015869141,0.0299040004611015,0,117.362197875977,-86.4255,23.3843,26.4103020332576,63,63,63,63,61,63,0,8763,1.76508096394256,23,-86,0.001869,51,2024-09-11 00:14:39.000021,760,1.037,0.0011,"aoml_navis",1030.68933012409
"7901009",46,0,1,0.029904,1,0.007476,1,121.957877510625,1,4.85106368605019,762,1,7.58799982070923,34.8839988708496,0.0299040004611015,0,117.604797363281,-86.4255,23.3843,26.4103020332576,63,63,63,63,61,63,0,8763,1.76508096394256,23,-86,0.001869,51,2024-09-11 00:14:39.000021,762,1.037,0.0011,"aoml_navis",1030.70178492566
"7901009",46,0,1,0.028035,1,0.005607,1,122.262869202978,1,4.85101256336947,764,1,7.56199979782104,34.8810005187988,0.0280349999666214,0,117.898902893066,-86.4255,23.3843,26.4103020332576,63,63,63,63,61,63,0,8763,1.76508096394256,23,-86,0.001869,51,2024-09-11 00:14:39.000021,764,1.037,0.0011,"aoml_navis",1030.71264703694
"7901009",46,0,1,0.029904,1,0.007476,1,122.658071154385,1,4.85092113343601,766,1,7.47300004959106,34.8759994506836,0.0299040004611015,0,118.279998779297,-86.4255,23.3843,26.4103020332576,63,63,63,63,61,63,0,8763,1.76508096394256,23,-86,0.001869,51,2024-09-11 00:14:39.000021,766,1.037,0.0011,"aoml_navis",1030.73207386045
"7901009",46,0,1,0.033642,1,0.011214,1,122.746532907276,1,4.85087476049302,768,1,7.45800018310547,34.8740005493164,0.0336420014500618,0,118.365303039551,-86.4255,23.3843,26.4103020332576,63,63,63,63,61,63,0,8763,1.76508096394256,23,-86,0.001869,51,2024-09-11 00:14:39.000021,768,1.037,0.0011,"aoml_navis",1030.74192735741
"7901009",46,0,1,0.033642,1,0.011214,1,122.937958728867,1,4.85082698354348,770,1,7.44600009918213,34.8730010986328,0.0336420014500618,0,118.549896240234,-86.4255,23.3843,26.4103020332576,63,63,63,63,61,63,0,8763,1.76508096394256,23,-86,0.001869,51,2024-09-11 00:14:39.000021,770,1.037,0.0011,"aoml_navis",1030.75207937999
"7901009",46,0,4,0.026166,1,0.003738,1,123.130223200471,1,4.85077385429251,772,1,7.42199993133545,34.8709983825684,0.0261659994721413,0,118.735298156738,-86.4255,23.3843,26.4103020332576,63,63,63,63,61,63,0,8763,1.76508096394256,23,-86,0.001869,51,2024-09-11 00:14:39.000021,772,1.037,0.0011,"aoml_navis",1030.76336893657
"7901009",46,0,1,0.029904,1,0.007476,1,123.403994959285,1,4.85072232729653,774,1,7.40500020980835,34.8699989318848,0.0299040004611015,0,118.999298095703,-86.4255,23.3843,26.4103020332576,63,63,63,63,61,63,0,8763,1.76508096394256,23,-86,0.001869,51,2024-09-11 00:14:39.000021,774,1.037,0.0011,"aoml_navis",1030.77431826255
"7901009",46,0,1,0.033642,1,0.011214,1,123.753577514647,1,4.85065636583817,776,1,7.35900020599365,34.867000579834,0.0336420014500618,0,119.336402893066,-86.4255,23.3843,26.4103020332576,63,63,63,63,61,63,0,8763,1.76508096394256,23,-86,0.001869,51,2024-09-11 00:14:39.000021,776,1.037,0.0011,"aoml_navis",1030.78833520627
"7901009",46,0,1,0.028035,1,0.005607,1,124.062707074522,1,4.85060105425049,778,1,7.33199977874756,34.8650016784668,0.0280349999666214,0,119.634498596191,-86.4255,23.3843,26.4103020332576,63,63,63,63,61,63,0,8763,1.76508096394256,23,-86,0.001869,51,2024-09-11 00:14:39.000021,778,1.037,0.0011,"aoml_navis",1030.80008932472
"7901009",46,0,1,0.029904,1,0.007476,1,124.365309405515,1,4.85054435562311,780,1,7.30800008773804,34.8639984130859,0.0299040004611015,0,119.926300048828,-86.4255,23.3843,26.4103020332576,63,63,63,63,61,63,0,8763,1.76508096394256,23,-86,0.001869,51,2024-09-11 00:14:39.000021,780,1.037,0.0011,"aoml_navis",1030.81213847754
"7901009",46,0,1,0.031773,1,0.009345,1,124.651004235755,1,4.8504914039271,782,1,7.28900003433228,34.8629989624023,0.0317730009555817,0,120.201797485352,-86.4255,23.3843,26.4103020332576,63,63,63,63,61,63,0,8763,1.76508096394256,23,-86,0.001869,51,2024-09-11 00:14:39.000021,782,1.037,0.0011,"aoml_navis",1030.82339161592
"7901009",46,0,1,0.033642,1,0.011214,1,125.011781977624,1,4.85042869931871,784,1,7.2519998550415,34.8610000610352,0.0336420014500618,0,120.549697875977,-86.4255,23.3843,26.4103020332576,63,63,63,63,61,63,0,8763,1.76508096394256,23,-86,0.001869,51,2024-09-11 00:14:39.000021,784,1.037,0.0011,"aoml_navis",1030.83671773225
"7901009",46,0,1,0.028035,1,0.005607,1,125.237442125729,1,4.85036758908043,786,1,7.22200012207031,34.8600006103516,0.0280349999666214,0,120.767303466797,-86.4255,23.3843,26.4103020332576,63,63,63,63,61,63,0,8763,1.76508096394256,23,-86,0.001869,51,2024-09-11 00:14:39.000021,786,1.037,0.0011,"aoml_navis",1030.84970534119
"7901009",46,0,1,0.026166,1,0.003738,1,125.358247286708,1,4.85031172172509,788,1,7.19899988174438,34.859001159668,0.0261659994721413,0,120.883796691895,-86.4255,23.3843,26.4103020332576,63,63,63,63,61,63,0,8763,1.76508096394256,23,-86,0.001869,51,2024-09-11 00:14:39.000021,788,1.037,0.0011,"aoml_navis",1030.86157897944
"7901009",46,0,1,0.028035,1,0.005607,1,125.459154289335,1,4.85026409501937,790,1,7.19199991226196,34.859001159668,0.0280349999666214,0,120.981101989746,-86.4255,23.3843,26.4103020332576,63,63,63,63,61,63,0,8763,1.76508096394256,23,-86,0.001869,51,2024-09-11 00:14:39.000021,790,1.037,0.0011,"aoml_navis",1030.8717014264
"7901009",46,0,1,0.031773,1,0.009345,1,125.646853656618,1,4.85022163480006,792,1,7.18699979782104,34.8580017089844,0.0317730009555817,0,121.162101745605,-86.4255,23.3843,26.4103020332576,63,63,63,63,61,63,0,8763,1.76508096394256,23,-86,0.001869,51,2024-09-11 00:14:39.000021,792,1.037,0.0011,"aoml_navis",1030.88072597039
"7901009",46,0,1,0.028035,1,0.005607,1,125.939495040747,1,4.85017175464573,794,1,7.17199993133545,34.8569984436035,0.0280349999666214,0,121.444297790527,-86.4255,23.3843,26.4103020332576,63,63,63,63,61,63,0,8763,1.76508096394256,23,-86,0.001869,51,2024-09-11 00:14:39.000021,794,1.037,0.0011,"aoml_navis",1030.89132775778
"7901009",46,0,1,0.026166,1,0.003738,1,126.353677382564,1,4.85011667011459,796,1,7.15000009536743,34.8559989929199,0.0261659994721413,0,121.843696594238,-86.4255,23.3843,26.4103020332576,63,63,63,63,61,63,0,8763,1.76508096394256,23,-86,0.001869,51,2024-09-11 00:14:39.000021,796,1.037,0.0011,"aoml_navis",1030.90303596385
"7901009",46,0,1,0.028035,1,0.005607,1,126.767448311167,1,4.85005715524691,798,1,7.12200021743774,34.8549995422363,0.0280349999666214,0,122.242698669434,-86.4255,23.3843,26.4103020332576,63,63,63,63,61,63,0,8763,1.76508096394256,23,-86,0.001869,51,2024-09-11 00:14:39.000021,798,1.037,0.0011,"aoml_navis",1030.91568613596
"7901009",46,0,1,0.031773,1,0.009345,1,127.320593377944,1,4.85000433350228,800,1,7.10300016403198,34.8540000915527,0.0317730009555817,0,122.776100158691,-86.4255,23.3843,26.4103020332576,63,63,63,63,61,63,0,8763,1.76508096394256,23,-86,0.001869,51,2024-09-11 00:14:39.000021,800,1.037,0.0011,"aoml_navis",1030.92691391255
"7901009",46,0,1,0.028035,1,0.005607,1,127.818878074939,1,4.84992420039372,802,1,7.05200004577637,34.8540000915527,0.0280349999666214,0,123.25659942627,-86.4255,23.3843,26.4103020332576,63,63,63,63,61,63,0,8763,1.76508096394256,23,-86,0.001869,51,2024-09-11 00:14:39.000021,802,1.037,0.0011,"aoml_navis",1030.94394745264
"7901009",46,0,1,0.029904,1,0.007476,1,128.042876746601,1,4.84986554938369,804,1,7.03499984741211,34.8549995422363,0.0299040004611015,0,123.472602844238,-86.4255,23.3843,26.4103020332576,63,63,63,63,61,63,0,8763,1.76508096394256,23,-86,0.001869,51,2024-09-11 00:14:39.000021,804,1.037,0.0011,"aoml_navis",1030.95641499492
"7901009",46,0,1,0.028035,1,0.005607,1,128.231509705409,1,4.84981869518655,806,1,7.02899980545044,34.8549995422363,0.0280349999666214,0,123.654502868652,-86.4255,23.3843,26.4103020332576,63,63,63,63,61,63,0,8763,1.76508096394256,23,-86,0.001869,51,2024-09-11 00:14:39.000021,806,1.037,0.0011,"aoml_navis",1030.96637508584
"7901009",46,0,1,0.029904,1,0.007476,1,128.478318075094,1,4.84976889420954,808,1,7.01900005340576,34.8549995422363,0.0299040004611015,0,123.892501831055,-86.4255,23.3843,26.4103020332576,63,63,63,63,61,63,0,8763,1.76508096394256,23,-86,0.001869,51,2024-09-11 00:14:39.000021,808,1.037,0.0011,"aoml_navis",1030.97696180324
"7901009",46,0,1,0.026166,1,0.003738,1,128.689452172013,1,4.84971247256883,810,1,7.00500011444092,34.8559989929199,0.0261659994721413,0,124.096099853516,-86.4255,23.3843,26.4103020332576,63,63,63,63,61,63,0,8763,1.76508096394256,23,-86,0.001869,51,2024-09-11 00:14:39.000021,810,1.037,0.0011,"aoml_navis",1030.98895620745
"7901009",46,0,1,0.031773,1,0.009345,1,128.919566659344,1,4.84966930295585,812,1,6.99900007247925,34.8549995422363,0.0317730009555817,0,124.318000793457,-86.4255,23.3843,26.4103020332576,63,63,63,63,61,63,0,8763,1.76508096394256,23,-86,0.001869,51,2024-09-11 00:14:39.000021,812,1.037,0.0011,"aoml_navis",1030.99813361553
"7901009",46,0,1,0.033642,1,0.011214,1,129.256696053177,1,4.84962024890551,814,1,6.98999977111816,34.8549995422363,0.0336420014500618,0,124.643096923828,-86.4255,23.3843,26.4103020332576,63,63,63,63,61,63,0,8763,1.76508096394256,23,-86,0.001869,51,2024-09-11 00:14:39.000021,814,1.037,0.0011,"aoml_navis",1031.00856219174
"7901009",46,0,1,0.031773,1,0.009345,1,129.595700541853,1,4.84955795663982,816,1,6.96799993515015,34.8559989929199,0.0317730009555817,0,124.970001220703,-86.4255,23.3843,26.4103020332576,63,63,63,63,61,63,0,8763,1.76508096394256,23,-86,0.001869,51,2024-09-11 00:14:39.000021,816,1.037,0.0011,"aoml_navis",1031.02180543161
"7901009",46,0,1,0.026166,1,0.003738,1,129.827468593834,1,4.84950082844739,818,1,6.94799995422363,34.8559989929199,0.0261659994721413,0,125.193496704102,-86.4255,23.3843,26.4103020332576,63,63,63,63,61,63,0,8763,1.76508096394256,23,-86,0.001869,51,2024-09-11 00:14:39.000021,818,1.037,0.0011,"aoml_navis",1031.03395109653
"7901009",46,0,1,0.028035,1,0.005607,1,130.02243098671,1,4.84944811884762,820,1,6.93400001525879,34.8559989929199,0.0280349999666214,0,125.381500244141,-86.4255,23.3843,26.4103020332576,63,63,63,63,61,63,0,8763,1.76508096394256,23,-86,0.001869,51,2024-09-11 00:14:39.000021,820,1.037,0.0011,"aoml_navis",1031.04515760613
"7901009",46,0,1,0.028035,1,0.005607,1,130.225170671697,1,4.84939762626538,822,1,6.91800022125244,34.8549995422363,0.0280349999666214,0,125.577003479004,-86.4255,23.3843,26.4103020332576,63,63,63,63,61,63,0,8763,1.76508096394256,23,-86,0.001869,51,2024-09-11 00:14:39.000021,822,1.037,0.0011,"aoml_navis",1031.05589298739
"7901009",46,0,1,0.029904,1,0.007476,1,130.407165636527,1,4.8493441981065,824,1,6.90299987792969,34.8549995422363,0.0299040004611015,0,125.752502441406,-86.4255,23.3843,26.4103020332576,63,63,63,63,61,63,0,8763,1.76508096394256,23,-86,0.001869,51,2024-09-11 00:14:39.000021,824,1.037,0.0011,"aoml_navis",1031.06725275395
"7901009",46,0,1,0.028035,1,0.005607,1,130.553794888502,1,4.84929810489366,826,1,6.89799976348877,34.8549995422363,0.0280349999666214,0,125.893898010254,-86.4255,23.3843,26.4103020332576,63,63,63,63,61,63,0,8763,1.76508096394256,23,-86,0.001869,51,2024-09-11 00:14:39.000021,826,1.037,0.0011,"aoml_navis",1031.07705318307
"7901009",46,0,1,0.028035,1,0.005607,1,130.864277364909,1,4.84925495820124,828,1,6.89200019836426,34.8540000915527,0.0280349999666214,0,126.193298339844,-86.4255,23.3843,26.4103020332576,63,63,63,63,61,63,0,8763,1.76508096394256,23,-86,0.001869,51,2024-09-11 00:14:39.000021,828,1.037,0.0011,"aoml_navis",1031.08622728607
"7901009",46,0,1,0.028035,1,0.005607,1,131.306150980774,1,4.84919933121562,830,1,6.87900018692017,34.8549995422363,0.0280349999666214,0,126.619400024414,-86.4255,23.3843,26.4103020332576,63,63,63,63,61,63,0,8763,1.76508096394256,23,-86,0.001869,51,2024-09-11 00:14:39.000021,830,1.037,0.0011,"aoml_navis",1031.09805526319
"7901009",46,0,1,0.026166,1,0.003738,1,131.721061207509,1,4.84914738724185,832,1,6.86600017547607,34.8549995422363,0.0261659994721413,0,127.019500732422,-86.4255,23.3843,26.4103020332576,63,63,63,63,61,63,0,8763,1.76508096394256,23,-86,0.001869,51,2024-09-11 00:14:39.000021,832,1.037,0.0011,"aoml_navis",1031.10910036578
"7901009",46,0,1,0.028035,1,0.005607,1,132.318797137295,1,4.84907420536282,834,1,6.83400011062622,34.8569984436035,0.0280349999666214,0,127.595901489258,-86.4255,23.3843,26.4103020332576,63,63,63,63,61,63,0,8763,1.76508096394256,23,-86,0.001869,51,2024-09-11 00:14:39.000021,834,1.037,0.0011,"aoml_navis",1031.12466179013
"7901009",46,0,1,0.024297,1,0.001869,1,132.670238963914,1,4.84900181025093,836,1,6.7979998588562,34.8580017089844,0.0242970008403063,0,127.934799194336,-86.4255,23.3843,26.4103020332576,63,63,63,63,61,63,0,8763,1.76508096394256,23,-86,0.001869,51,2024-09-11 00:14:39.000021,836,1.037,0.0011,"aoml_navis",1031.14005637817
"7901009",46,0,1,0.031773,1,0.009345,1,132.983419361593,1,4.84895136034062,838,1,6.78700017929077,34.8580017089844,0.0317730009555817,0,128.236801147461,-86.4255,23.3843,26.4103020332576,63,63,63,63,61,63,0,8763,1.76508096394256,23,-86,0.001869,51,2024-09-11 00:14:39.000021,838,1.037,0.0011,"aoml_navis",1031.15078466136
"7901009",46,0,1,0.028035,1,0.005607,1,133.232308532727,1,4.84889800144636,840,1,6.77199983596802,34.8580017089844,0.0280349999666214,0,128.476806640625,-86.4255,23.3843,26.4103020332576,63,63,63,63,61,63,0,8763,1.76508096394256,23,-86,0.001869,51,2024-09-11 00:14:39.000021,840,1.037,0.0011,"aoml_navis",1031.16213178924
"7901009",46,0,1,0.028035,1,0.005607,1,133.49031208892,1,4.84884097332399,842,1,6.75699996948242,34.859001159668,0.0280349999666214,0,128.725601196289,-86.4255,23.3843,26.4103020332576,63,63,63,63,61,63,0,8763,1.76508096394256,23,-86,0.001869,51,2024-09-11 00:14:39.000021,842,1.037,0.0011,"aoml_navis",1031.17425947925
"7901009",46,0,1,0.028035,1,0.005607,1,133.877436100097,1,4.84878912706519,844,1,6.73899984359741,34.8580017089844,0.0280349999666214,0,129.098907470703,-86.4255,23.3843,26.4103020332576,63,63,63,63,61,63,0,8763,1.76508096394256,23,-86,0.001869,51,2024-09-11 00:14:39.000021,844,1.037,0.0011,"aoml_navis",1031.18528543359
"7901009",46,0,1,0.031773,1,0.009345,1,134.358077499627,1,4.84872635585679,846,1,6.71099996566772,34.8580017089844,0.0317730009555817,0,129.562393188477,-86.4255,23.3843,26.4103020332576,63,63,63,63,61,63,0,8763,1.76508096394256,23,-86,0.001869,51,2024-09-11 00:14:39.000021,846,1.037,0.0011,"aoml_navis",1031.19863507259
"7901009",46,0,1,0.031773,1,0.009345,1,134.722083252871,1,4.84866941253537,848,1,6.69099998474121,34.8580017089844,0.0317730009555817,0,129.91340637207,-86.4255,23.3843,26.4103020332576,63,63,63,63,61,63,0,8763,1.76508096394256,23,-86,0.001869,51,2024-09-11 00:14:39.000021,848,1.037,0.0011,"aoml_navis",1031.21074558587
"7901009",46,0,1,0.031773,1,0.009345,1,135.111058623513,1,4.84860379811161,850,1,6.65899991989136,34.8580017089844,0.0317730009555817,0,130.288497924805,-86.4255,23.3843,26.4103020332576,63,63,63,63,61,63,0,8763,1.76508096394256,23,-86,0.001869,51,2024-09-11 00:14:39.000021,850,1.037,0.0011,"aoml_navis",1031.22470059264
"7901009",46,0,1,0.028035,1,0.005607,1,135.373524430723,1,4.8485470392028,852,1,6.62900018692017,34.8559989929199,0.0280349999666214,0,130.541595458984,-86.4255,23.3843,26.4103020332576,63,63,63,63,61,63,0,8763,1.76508096394256,23,-86,0.001869,51,2024-09-11 00:14:39.000021,852,1.037,0.0011,"aoml_navis",1031.23677249548
"7901009",46,0,1,0.029904,1,0.007476,1,135.584563586131,1,4.84849383542508,854,1,6.60900020599365,34.8549995422363,0.0299040004611015,0,130.745101928711,-86.4255,23.3843,26.4103020332576,63,63,63,63,61,63,0,8763,1.76508096394256,23,-86,0.001869,51,2024-09-11 00:14:39.000021,854,1.037,0.0011,"aoml_navis",1031.24808852348
"7901009",46,0,1,0.033642,1,0.011214,1,135.832297635548,1,4.84844706145291,856,1,6.60300016403198,34.8549995422363,0.0336420014500618,0,130.983993530273,-86.4255,23.3843,26.4103020332576,63,63,63,63,61,63,0,8763,1.76508096394256,23,-86,0.001869,51,2024-09-11 00:14:39.000021,856,1.037,0.0011,"aoml_navis",1031.2580371872
"7901009",46,0,1,0.029904,1,0.007476,1,136.201999879453,1,4.8484018040242,858,1,6.5939998626709,34.8540000915527,0.0299040004611015,0,131.34049987793,-86.4255,23.3843,26.4103020332576,63,63,63,63,61,63,0,8763,1.76508096394256,23,-86,0.001869,51,2024-09-11 00:14:39.000021,858,1.037,0.0011,"aoml_navis",1031.26766347005
"7901009",46,0,1,0.033642,1,0.011214,1,136.68275204408,1,4.84833422952857,860,1,6.55399990081787,34.8530006408691,0.0336420014500618,0,131.804092407227,-86.4255,23.3843,26.4103020332576,63,63,63,63,61,63,0,8763,1.76508096394256,23,-86,0.001869,51,2024-09-11 00:14:39.000021,860,1.037,0.0011,"aoml_navis",1031.28203694121
"7901009",46,0,1,0.029904,1,0.007476,1,136.968874111118,1,4.84828108063133,862,1,6.53399991989136,34.8520011901855,0.0299040004611015,0,132.080001831055,-86.4255,23.3843,26.4103020332576,63,63,63,63,61,63,0,8763,1.76508096394256,23,-86,0.001869,51,2024-09-11 00:14:39.000021,862,1.037,0.0011,"aoml_navis",1031.29334228883
"7901009",46,0,1,0.033642,1,0.011214,1,137.294697553348,1,4.84824097237174,864,1,6.52699995040894,34.8499984741211,0.0336420014500618,0,132.394195556641,-86.4255,23.3843,26.4103020332576,63,63,63,63,61,63,0,8763,1.76508096394256,23,-86,0.001869,51,2024-09-11 00:14:39.000021,864,1.037,0.0011,"aoml_navis",1031.30187391532
"7901009",46,0,1,0.029904,1,0.007476,1,137.904775879566,1,4.84818291499684,866,1,6.49499988555908,34.8479995727539,0.0299040004611015,0,132.982498168945,-86.4255,23.3843,26.4103020332576,63,63,63,63,61,63,0,8763,1.76508096394256,23,-86,0.001869,51,2024-09-11 00:14:39.000021,866,1.037,0.0011,"aoml_navis",1031.31422383705
"7901009",46,0,1,0.029904,1,0.007476,1,138.286092634986,1,4.84810109875642,868,1,6.44000005722046,34.8479995727539,0.0299040004611015,0,133.350204467773,-86.4255,23.3843,26.4103020332576,63,63,63,63,61,63,0,8763,1.76508096394256,23,-86,0.001869,51,2024-09-11 00:14:39.000021,868,1.037,0.0011,"aoml_navis",1031.33162822915
"7901009",46,0,1,0.028035,1,0.005607,1,138.417270156043,1,4.84805006716723,870,1,6.42799997329712,34.8479995727539,0.0280349999666214,0,133.476699829102,-86.4255,23.3843,26.4103020332576,63,63,63,63,61,63,0,8763,1.76508096394256,23,-86,0.001869,51,2024-09-11 00:14:39.000021,870,1.037,0.0011,"aoml_navis",1031.34248424162
"7901009",46,0,1,0.029904,1,0.007476,1,138.517132802049,1,4.84800332283572,872,1,6.42199993133545,34.8479995727539,0.0299040004611015,0,133.572998046875,-86.4255,23.3843,26.4103020332576,63,63,63,63,61,63,0,8763,1.76508096394256,23,-86,0.001869,51,2024-09-11 00:14:39.000021,872,1.037,0.0011,"aoml_navis",1031.35242842106
"7901009",46,0,1,0.031773,1,0.009345,1,138.603308046883,1,4.84795800833464,874,1,6.41800022125244,34.8479995727539,0.0317730009555817,0,133.656097412109,-86.4255,23.3843,26.4103020332576,63,63,63,63,61,63,0,8763,1.76508096394256,23,-86,0.001869,51,2024-09-11 00:14:39.000021,874,1.037,0.0011,"aoml_navis",1031.36206860785
"7901009",46,0,1,0.031773,1,0.009345,1,138.758031062673,1,4.84791269528645,876,1,6.41400003433228,34.8479995727539,0.0317730009555817,0,133.805297851562,-86.4255,23.3843,26.4103020332576,63,63,63,63,61,63,0,8763,1.76508096394256,23,-86,0.001869,51,2024-09-11 00:14:39.000021,876,1.037,0.0011,"aoml_navis",1031.37170866576
"7901009",46,0,1,0.029904,1,0.007476,1,138.952993455549,1,4.84786963520698,878,1,6.40799999237061,34.8470001220703,0.0299040004611015,0,133.993301391602,-86.4255,23.3843,26.4103020332576,63,63,63,63,61,63,0,8763,1.76508096394256,23,-86,0.001869,51,2024-09-11 00:14:39.000021,878,1.037,0.0011,"aoml_navis",1031.38086958614
"7901009",46,0,1,0.031773,1,0.009345,1,139.216709325987,1,4.84782004425499,880,1,6.39799976348877,34.8470001220703,0.0317730009555817,0,134.247604370117,-86.4255,23.3843,26.4103020332576,63,63,63,63,61,63,0,8763,1.76508096394256,23,-86,0.001869,51,2024-09-11 00:14:39.000021,880,1.037,0.0011,"aoml_navis",1031.39142013437
"7901009",46,0,1,0.028035,1,0.005607,1,139.559748828882,1,4.84776261589808,882,1,6.3769998550415,34.8470001220703,0.0280349999666214,0,134.578399658203,-86.4255,23.3843,26.4103020332576,63,63,63,63,61,63,0,8763,1.76508096394256,23,-86,0.001869,51,2024-09-11 00:14:39.000021,882,1.037,0.0011,"aoml_navis",1031.40363837179
"7901009",46,0,1,0.033642,1,0.011214,1,139.918659387701,1,4.84771659792979,884,1,6.37200021743774,34.8470001220703,0.0336420014500618,0,134.924499511719,-86.4255,23.3843,26.4103020332576,63,63,63,63,61,63,0,8763,1.76508096394256,23,-86,0.001869,51,2024-09-11 00:14:39.000021,884,1.037,0.0011,"aoml_navis",1031.41342918751
"7901009",46,0,1,0.031773,1,0.009345,1,140.369868918815,1,4.8476663075624,886,1,6.36100006103516,34.8470001220703,0.0317730009555817,0,135.359603881836,-86.4255,23.3843,26.4103020332576,63,63,63,63,61,63,0,8763,1.76508096394256,23,-86,0.001869,51,2024-09-11 00:14:39.000021,886,1.037,0.0011,"aoml_navis",1031.4241292145
"7901009",46,0,1,0.029904,1,0.007476,1,140.806552398744,1,4.84760593863249,888,1,6.34100008010864,34.8479995727539,0.0299040004611015,0,135.780700683594,-86.4255,23.3843,26.4103020332576,63,63,63,63,61,63,0,8763,1.76508096394256,23,-86,0.001869,51,2024-09-11 00:14:39.000021,888,1.037,0.0011,"aoml_navis",1031.43697389943
"7901009",46,0,1,0.026166,1,0.003738,1,141.393496643444,1,4.84754926286794,890,1,6.32100009918213,34.8479995727539,0.0261659994721413,0,136.346694946289,-86.4255,23.3843,26.4103020332576,63,63,63,63,61,63,0,8763,1.76508096394256,23,-86,0.001869,51,2024-09-11 00:14:39.000021,890,1.037,0.0011,"aoml_navis",1031.44903308148
"7901009",46,0,1,0.026166,1,0.003738,1,142.003258497959,1,4.84748537445472,892,1,6.2960000038147,34.8489990234375,0.0261659994721413,0,136.934692382812,-86.4255,23.3843,26.4103020332576,63,63,63,63,61,63,0,8763,1.76508096394256,23,-86,0.001869,51,2024-09-11 00:14:39.000021,892,1.037,0.0011,"aoml_navis",1031.46262727248
"7901009",46,0,1,0.026166,1,0.003738,1,142.58233842083,1,4.84741285811057,894,1,6.26399993896484,34.851001739502,0.0261659994721413,0,137.493103027344,-86.4255,23.3843,26.4103020332576,63,63,63,63,61,63,0,8763,1.76508096394256,23,-86,0.001869,51,2024-09-11 00:14:39.000021,894,1.037,0.0011,"aoml_navis",1031.47805775077
"7901009",46,0,1,0.029904,1,0.007476,1,143.141290743365,1,4.84736473042984,895.900024414062,1,6.25299978256226,34.851001739502,0.0299040004611015,0,138.032104492188,-86.4255,23.3843,26.4103020332576,63,63,63,63,61,63,0,8763,1.76508096394256,23,-86,0.001869,51,2024-09-11 00:14:39.000021,895.900024414062,1.037,0.0011,"aoml_navis",1031.4882989126
"7901009",46,0,1,0.031773,1,0.009345,1,143.713503230272,1,4.8472829466189,898,1,6.21600008010864,34.8540000915527,0.0317730009555817,0,138.583892822266,-86.4255,23.3843,26.4103020332576,63,63,63,63,61,63,0,8763,1.76508096394256,23,-86,0.001869,51,2024-09-11 00:14:39.000021,898,1.037,0.0011,"aoml_navis",1031.50570227959
"7901009",46,0,1,0.033642,1,0.011214,1,144.175504446472,1,4.84723130255312,900,1,6.20300006866455,34.8540000915527,0.0336420014500618,0,139.029403686523,-86.4255,23.3843,26.4103020332576,63,63,63,63,61,63,0,8763,1.76508096394256,23,-86,0.001869,51,2024-09-11 00:14:39.000021,900,1.037,0.0011,"aoml_navis",1031.51669229533
"7901009",46,0,1,0.031773,1,0.009345,1,144.752084242886,1,4.84717175396971,902,1,6.18400001525879,34.8549995422363,0.0317730009555817,0,139.585403442383,-86.4255,23.3843,26.4103020332576,63,63,63,63,61,63,0,8763,1.76508096394256,23,-86,0.001869,51,2024-09-11 00:14:39.000021,902,1.037,0.0011,"aoml_navis",1031.52936470739
"7901009",46,0,1,0.028035,1,0.005607,1,145.211474567533,1,4.84710079438081,904,1,6.15399980545044,34.8569984436035,0.0280349999666214,0,140.028396606445,-86.4255,23.3843,26.4103020332576,63,63,63,63,61,63,0,8763,1.76508096394256,23,-86,0.001869,51,2024-09-11 00:14:39.000021,904,1.037,0.0011,"aoml_navis",1031.54446587875
"7901009",46,0,1,0.033642,1,0.011214,1,145.680722985741,1,4.84704777185202,906,1,6.13899993896484,34.8569984436035,0.0336420014500618,0,140.480895996094,-86.4255,23.3843,26.4103020332576,63,63,63,63,61,63,0,8763,1.76508096394256,23,-86,0.001869,51,2024-09-11 00:14:39.000021,906,1.037,0.0011,"aoml_navis",1031.55575008693
"7901009",46,0,1,0.028035,1,0.005607,1,145.992558378681,1,4.84699054199324,908,1,6.11800003051758,34.8569984436035,0.0280349999666214,0,140.781600952148,-86.4255,23.3843,26.4103020332576,63,63,63,63,61,63,0,8763,1.76508096394256,23,-86,0.001869,51,2024-09-11 00:14:39.000021,908,1.037,0.0011,"aoml_navis",1031.56792997245
"7901009",46,0,1,0.029904,1,0.007476,1,146.300232168721,1,4.84694315466915,910,1,6.11100006103516,34.8569984436035,0.0299040004611015,0,141.07829284668,-86.4255,23.3843,26.4103020332576,63,63,63,63,61,63,0,8763,1.76508096394256,23,-86,0.001869,51,2024-09-11 00:14:39.000021,910,1.037,0.0011,"aoml_navis",1031.57801534838
"7901009",46,0,1,0.026166,1,0.003738,1,146.752169584753,1,4.84688384134786,912,1,6.08699989318848,34.8569984436035,0.0261659994721413,0,141.514099121094,-86.4255,23.3843,26.4103020332576,63,63,63,63,61,63,0,8763,1.76508096394256,23,-86,0.001869,51,2024-09-11 00:14:39.000021,912,1.037,0.0011,"aoml_navis",1031.59063919501
"7901009",46,0,1,0.026166,1,0.003738,1,147.053418999214,1,4.84682505847477,914,1,6.06899976730347,34.8580017089844,0.0261659994721413,0,141.804595947266,-86.4255,23.3843,26.4103020332576,63,63,63,63,61,63,0,8763,1.76508096394256,23,-86,0.001869,51,2024-09-11 00:14:39.000021,914,1.037,0.0011,"aoml_navis",1031.60315044947
"7901009",46,0,1,0.022428,1,0,1,147.530246914718,1,4.84677997530014,916,1,6.05999994277954,34.8569984436035,0.0224280003458261,0,142.264404296875,-86.4255,23.3843,26.4103020332576,63,63,63,63,61,63,0,8763,1.76508096394256,23,-86,0.001869,51,2024-09-11 00:14:39.000021,916,1.037,0.0011,"aoml_navis",1031.61274608724
"7901009",46,0,1,0.026166,1,0.003738,1,148.064720150996,1,4.84672630253633,918,1,6.04400014877319,34.8569984436035,0.0261659994721413,0,142.779800415039,-86.4255,23.3843,26.4103020332576,63,63,63,63,61,63,0,8763,1.76508096394256,23,-86,0.001869,51,2024-09-11 00:14:39.000021,918,1.037,0.0011,"aoml_navis",1031.62417019163
"7901009",46,0,1,0.028035,1,0.005607,1,148.685685103811,1,4.84665846399567,920,1,6.01300001144409,34.8580017089844,0.0280349999666214,0,143.378601074219,-86.4255,23.3843,26.4103020332576,63,63,63,63,61,63,0,8763,1.76508096394256,23,-86,0.001869,51,2024-09-11 00:14:39.000021,920,1.037,0.0011,"aoml_navis",1031.6386098058
"7901009",46,0,1,0.033642,1,0.011214,1,149.141657534061,1,4.84658978595334,922,1,5.98600006103516,34.8600006103516,0.0336420014500618,0,143.818298339844,-86.4255,23.3843,26.4103020332576,63,63,63,63,61,63,0,8763,1.76508096394256,23,-86,0.001869,51,2024-09-11 00:14:39.000021,922,1.037,0.0011,"aoml_navis",1031.6532285219
"7901009",46,0,1,0.028035,1,0.005607,1,149.42217805195,1,4.84653824567519,924,1,5.97300004959106,34.8600006103516,0.0280349999666214,0,144.088806152344,-86.4255,23.3843,26.4103020332576,63,63,63,63,61,63,0,8763,1.76508096394256,23,-86,0.001869,51,2024-09-11 00:14:39.000021,924,1.037,0.0011,"aoml_navis",1031.66419958859
"7901009",46,0,1,0.028035,1,0.005607,1,149.669184216449,1,4.84648949710154,926,1,5.96400022506714,34.8600006103516,0.0280349999666214,0,144.326995849609,-86.4255,23.3843,26.4103020332576,63,63,63,63,61,63,0,8763,1.76508096394256,23,-86,0.001869,51,2024-09-11 00:14:39.000021,926,1.037,0.0011,"aoml_navis",1031.6745766168
"7901009",46,0,1,0.029904,1,0.007476,1,149.926681417916,1,4.84643776766752,928,1,5.95599985122681,34.8610000610352,0.0299040004611015,0,144.575302124023,-86.4255,23.3843,26.4103020332576,63,63,63,63,61,63,0,8763,1.76508096394256,23,-86,0.001869,51,2024-09-11 00:14:39.000021,928,1.037,0.0011,"aoml_navis",1031.68558840412
"7901009",46,0,1,0.033642,1,0.011214,1,150.203562511216,1,4.84638972104808,930,1,5.94799995422363,34.8610000610352,0.0336420014500618,0,144.842300415039,-86.4255,23.3843,26.4103020332576,63,63,63,63,61,63,0,8763,1.76508096394256,23,-86,0.001869,51,2024-09-11 00:14:39.000021,930,1.037,0.0011,"aoml_navis",1031.6958164311
"7901009",46,0,1,0.031773,1,0.009345,1,150.548880610374,1,4.8463402853682,932,1,5.93800020217896,34.8610000610352,0.0317730009555817,0,145.17529296875,-86.4255,23.3843,26.4103020332576,63,63,63,63,61,63,0,8763,1.76508096394256,23,-86,0.001869,51,2024-09-11 00:14:39.000021,932,1.037,0.0011,"aoml_navis",1031.70634036898
"7901009",46,0,1,0.029904,1,0.007476,1,150.985152677088,1,4.84628807111231,934,1,5.92399978637695,34.8610000610352,0.0299040004611015,0,145.595993041992,-86.4255,23.3843,26.4103020332576,63,63,63,63,61,63,0,8763,1.76508096394256,23,-86,0.001869,51,2024-09-11 00:14:39.000021,934,1.037,0.0011,"aoml_navis",1031.71745604722
"7901009",46,0,1,0.028035,1,0.005607,1,151.595753181617,1,4.84624142449192,936,1,5.91800022125244,34.8610000610352,0.0280349999666214,0,146.184799194336,-86.4255,23.3843,26.4103020332576,63,63,63,63,61,63,0,8763,1.76508096394256,23,-86,0.001869,51,2024-09-11 00:14:39.000021,936,1.037,0.0011,"aoml_navis",1031.72738665701
"7901009",46,0,1,0.029904,1,0.007476,1,152.57127720733,1,4.84618366369042,938,1,5.89599990844727,34.8610000610352,0.0299040004611015,0,147.125503540039,-86.4255,23.3843,26.4103020332576,63,63,63,63,61,63,0,8763,1.76508096394256,23,-86,0.001869,51,2024-09-11 00:14:39.000021,938,1.037,0.0011,"aoml_navis",1031.7396836323
"7901009",46,0,1,0.026166,1,0.003738,1,153.436146901951,1,4.84610470231647,940,1,5.85400009155273,34.8629989624023,0.0261659994721413,0,147.959503173828,-86.4255,23.3843,26.4103020332576,63,63,63,63,61,63,0,8763,1.76508096394256,23,-86,0.001869,51,2024-09-11 00:14:39.000021,940,1.037,0.0011,"aoml_navis",1031.75649457387
"7901009",46,0,1,0.031773,1,0.009345,1,153.980272525182,1,4.84601107568253,942,1,5.7960000038147,34.8660011291504,0.0317730009555817,0,148.48420715332,-86.4255,23.3843,26.4103020332576,63,63,63,63,61,63,0,8763,1.76508096394256,23,-86,0.001869,51,2024-09-11 00:14:39.000021,942,1.037,0.0011,"aoml_navis",1031.77642847128
"7901009",46,0,1,0.026166,1,0.003738,1,154.297487937079,1,4.845962378976,944,1,5.78700017929077,34.8660011291504,0.0261659994721413,0,148.790100097656,-86.4255,23.3843,26.4103020332576,63,63,63,63,61,63,0,8763,1.76508096394256,23,-86,0.001869,51,2024-09-11 00:14:39.000021,944,1.037,0.0011,"aoml_navis",1031.78679671396
"7901009",46,0,1,0.028035,1,0.005607,1,154.577786924776,1,4.84591299575669,946,1,5.77699995040894,34.8660011291504,0.0280349999666214,0,149.060394287109,-86.4255,23.3843,26.4103020332576,63,63,63,63,61,63,0,8763,1.76508096394256,23,-86,0.001869,51,2024-09-11 00:14:39.000021,946,1.037,0.0011,"aoml_navis",1031.79731133808
"7901009",46,0,1,0.033642,1,0.011214,1,154.903831897198,1,4.84586499436206,948,1,5.76900005340576,34.8660011291504,0.0336420014500618,0,149.374801635742,-86.4255,23.3843,26.4103020332576,63,63,63,63,61,63,0,8763,1.76508096394256,23,-86,0.001869,51,2024-09-11 00:14:39.000021,948,1.037,0.0011,"aoml_navis",1031.8075319509
"7901009",46,0,1,0.026166,1,0.003738,1,155.38977419776,1,4.84580711729458,950,1,5.7519998550415,34.867000579834,0.0261659994721413,0,149.843399047852,-86.4255,23.3843,26.4103020332576,63,63,63,63,61,63,0,8763,1.76508096394256,23,-86,0.001869,51,2024-09-11 00:14:39.000021,950,1.037,0.0011,"aoml_navis",1031.81985559333
"7901009",46,0,1,0.028035,1,0.005607,1,155.821378306849,1,4.84574649991101,952,1,5.73099994659424,34.8680000305176,0.0280349999666214,0,150.25959777832,-86.4255,23.3843,26.4103020332576,63,63,63,63,61,63,0,8763,1.76508096394256,23,-86,0.001869,51,2024-09-11 00:14:39.000021,952,1.037,0.0011,"aoml_navis",1031.83276304112
"7901009",46,0,1,0.031773,1,0.009345,1,156.171997307039,1,4.84569370046639,954,1,5.71600008010864,34.8680000305176,0.0317730009555817,0,150.597702026367,-86.4255,23.3843,26.4103020332576,63,63,63,63,61,63,0,8763,1.76508096394256,23,-86,0.001869,51,2024-09-11 00:14:39.000021,954,1.037,0.0011,"aoml_navis",1031.84400605403
"7901009",46,0,1,0.033642,1,0.011214,1,156.392055905994,1,4.84563791477578,956,1,5.7020001411438,34.8689994812012,0.0336420014500618,0,150.809906005859,-86.4255,23.3843,26.4103020332576,63,63,63,63,61,63,0,8763,1.76508096394256,23,-86,0.001869,51,2024-09-11 00:14:39.000021,956,1.037,0.0011,"aoml_navis",1031.85588521865
"7901009",46,0,1,0.031773,1,0.009345,1,156.559627672942,1,4.84559130618421,958,1,5.69600009918213,34.8689994812012,0.0317730009555817,0,150.971496582031,-86.4255,23.3843,26.4103020332576,63,63,63,63,61,63,0,8763,1.76508096394256,23,-86,0.001869,51,2024-09-11 00:14:39.000021,958,1.037,0.0011,"aoml_navis",1031.86581039526
"7901009",46,0,4,0.024297,1,0.001869,1,156.804466006273,1,4.84554675862308,960,1,5.69299983978271,34.8689994812012,0.0242970008403063,0,151.207595825195,-86.4255,23.3843,26.4103020332576,63,63,63,63,61,63,0,8763,1.76508096394256,23,-86,0.001869,51,2024-09-11 00:14:39.000021,960,1.037,0.0011,"aoml_navis",1031.87529685934
"7901009",46,0,1,0.028035,1,0.005607,1,157.112250561409,1,4.84549098396482,962,1,5.67899990081787,34.8699989318848,0.0280349999666214,0,151.50439453125,-86.4255,23.3843,26.4103020332576,63,63,63,63,61,63,0,8763,1.76508096394256,23,-86,0.001869,51,2024-09-11 00:14:39.000021,962,1.037,0.0011,"aoml_navis",1031.88717439502
"7901009",46,0,1,0.031773,1,0.009345,1,157.33988865766,1,4.8454379585925,964,1,5.66900014877319,34.8709983825684,0.0317730009555817,0,151.723907470703,-86.4255,23.3843,26.4103020332576,63,63,63,63,61,63,0,8763,1.76508096394256,23,-86,0.001869,51,2024-09-11 00:14:39.000021,964,1.037,0.0011,"aoml_navis",1031.89846670793
"7901009",46,0,1,0.026166,1,0.003738,1,157.560042198127,1,4.84538998763992,966,1,5.66099977493286,34.8709983825684,0.0261659994721413,0,151.93620300293,-86.4255,23.3843,26.4103020332576,63,63,63,63,61,63,0,8763,1.76508096394256,23,-86,0.001869,51,2024-09-11 00:14:39.000021,966,1.037,0.0011,"aoml_navis",1031.90868284173
"7901009",46,0,1,0.028035,1,0.005607,1,157.728864028302,1,4.84534064920782,968,1,5.65100002288818,34.8709983825684,0.0280349999666214,0,152.098999023438,-86.4255,23.3843,26.4103020332576,63,63,63,63,61,63,0,8763,1.76508096394256,23,-86,0.001869,51,2024-09-11 00:14:39.000021,968,1.037,0.0011,"aoml_navis",1031.91919041182
"7901009",46,0,1,0.029904,1,0.007476,1,157.905993240692,1,4.84529679501333,970,1,5.64900016784668,34.8709983825684,0.0299040004611015,0,152.269805908203,-86.4255,23.3843,26.4103020332576,63,63,63,63,61,63,0,8763,1.76508096394256,23,-86,0.001869,51,2024-09-11 00:14:39.000021,970,1.037,0.0011,"aoml_navis",1031.92853018744
"7901009",46,0,1,0.029904,1,0.007476,1,158.191577305835,1,4.8452471925432,972,1,5.64400005340576,34.8720016479492,0.0299040004611015,0,152.545196533203,-86.4255,23.3843,26.4103020332576,63,63,63,63,61,63,0,8763,1.76508096394256,23,-86,0.001869,51,2024-09-11 00:14:39.000021,972,1.037,0.0011,"aoml_navis",1031.93909439645
"7901009",46,0,1,0.029904,1,0.007476,1,158.55007645144,1,4.84519923086867,974,1,5.63600015640259,34.8720016479492,0.0299040004611015,0,152.890899658203,-86.4255,23.3843,26.4103020332576,63,63,63,63,61,63,0,8763,1.76508096394256,23,-86,0.001869,51,2024-09-11 00:14:39.000021,974,1.037,0.0011,"aoml_navis",1031.94930935865
"7901009",46,0,1,0.029904,1,0.007476,1,159.155376054937,1,4.84515058667327,976,1,5.6269998550415,34.8720016479492,0.0299040004611015,0,153.474594116211,-86.4255,23.3843,26.4103020332576,63,63,63,63,61,63,0,8763,1.76508096394256,23,-86,0.001869,51,2024-09-11 00:14:39.000021,976,1.037,0.0011,"aoml_navis",1031.95966989192
"7901009",46,0,1,0.029904,1,0.007476,1,159.563134021176,1,4.84508432319555,978,1,5.60300016403198,34.8740005493164,0.0299040004611015,0,153.867797851562,-86.4255,23.3843,26.4103020332576,63,63,63,63,61,63,0,8763,1.76508096394256,23,-86,0.001869,51,2024-09-11 00:14:39.000021,978,1.037,0.0011,"aoml_navis",1031.97378342061
"7901009",46,0,1,0.035511,1,0.013083,1,164.682981591518,1,4.84450480765587,999.599975585938,1,5.47450017929077,34.882999420166,0.0355109982192516,0,158.804901123047,-86.4255,23.3843,26.4103020332576,63,63,63,63,61,63,0,8763,1.76508096394256,23,-86,0.001869,51,2024-09-11 00:14:39.000021,999.599975585938,1.037,0.0011,"aoml_navis",1032.09723150618
"7901009",46,0,1,0.028035,1,0.005607,1,171.456552047947,1,4.84322304297968,1049.69995117188,1,5.23390007019043,34.8979988098145,0.0280349999666214,0,165.336700439453,-86.4255,23.3843,26.4103020332576,63,63,63,63,61,63,0,8763,1.76508096394256,23,-86,0.001869,51,2024-09-11 00:14:39.000021,1049.69995117188,1.037,0.0011,"aoml_navis",1032.37037725272
"7901009",46,0,1,0.028035,1,0.005607,1,180.50594964141,1,4.84189025666581,1099.80004882812,1,4.89659976959229,34.9099998474121,0.0280349999666214,0,174.063095092773,-86.4255,23.3843,26.4103020332576,63,63,63,63,61,63,0,8763,1.76508096394256,23,-86,0.001869,51,2024-09-11 00:14:39.000021,1099.80004882812,1.037,0.0011,"aoml_navis",1032.65454914359
"7901009",46,0,1,0.029904,1,0.007476,1,185.331905764395,1,4.84067003908359,1149.90002441406,1,4.6975998878479,34.9169998168945,0.0299040004611015,0,178.716796875,-86.4255,23.3843,26.4103020332576,63,63,63,63,61,63,0,8763,1.76508096394256,23,-86,0.001869,51,2024-09-11 00:14:39.000021,1149.90002441406,1.037,0.0011,"aoml_navis",1032.91485675123
"7901009",46,0,1,0.033642,1,0.011214,1,190.285937985744,1,4.83956059675944,1198.90002441406,1,4.60739994049072,34.9199981689453,0.0336420014500618,0,183.494003295898,-86.4255,23.3843,26.4103020332576,63,63,63,63,61,63,0,8763,1.76508096394256,23,-86,0.001869,51,2024-09-11 00:14:39.000021,1198.90002441406,1.037,0.0011,"aoml_navis",1033.15164673173
"7901009",46,0,1,0.028035,1,0.005607,1,194.953848140054,1,4.83836796668114,1249.09997558594,1,4.44430017471313,34.9259986877441,0.0280349999666214,0,187.995300292969,-86.4255,23.3843,26.4103020332576,63,63,63,63,61,63,0,8763,1.76508096394256,23,-86,0.001869,51,2024-09-11 00:14:39.000021,1249.09997558594,1.037,0.0011,"aoml_navis",1033.40631271369
"7901009",46,0,1,0.029904,1,0.007476,1,196.057226733939,1,4.83727648953547,1299,1,4.40180015563965,34.9280014038086,0.0299040004611015,0,189.059295654297,-86.4255,23.3843,26.4103020332576,63,63,63,63,61,63,0,8763,1.76508096394256,23,-86,0.001869,51,2024-09-11 00:14:39.000021,1299,1.037,0.0011,"aoml_navis",1033.63948924907
"7901009",46,0,1,0.035511,1,0.013083,1,196.417909534297,1,4.83620771805841,1349.19995117188,1,4.39580011367798,34.9290008544922,0.0355109982192516,0,189.407104492188,-86.4255,23.3843,26.4103020332576,63,63,63,63,61,63,0,8763,1.76508096394256,23,-86,0.001869,51,2024-09-11 00:14:39.000021,1349.19995117188,1.037,0.0011,"aoml_navis",1033.86791707271
"7901009",46,0,1,0.031773,1,0.009345,1,187.436632474989,4,4.8351914213069,1396.30004882812,1,4.37360000610352,34.9309997558594,0.0317730009555817,0,180.746398925781,-86.4255,23.3843,26.4103020332576,63,63,63,63,61,63,0,8763,1.76508096394256,23,-86,0.001869,51,2024-09-11 00:14:39.000021,1396.30004882812,1.037,0.0011,"aoml_navis",1034.08522317583
"7901009",47,0.0465904973652394,1,0.104664,1,0.082236,1,188.152644258191,1,4.89025250704707,2.09999990463257,1,30.6459999084473,36.2400016784668,0.104663997888565,0.0915810018777847,181.436798095703,-86.3737,23.0664,26.5797703479254,63,63,63,63,61,63,0.082236,8763,1.76508096394256,23,-86,0.001869,51,2024-09-21 05:15:43.000558,2.09999990463257,1.037,0.0011,"aoml_navis",1022.44209124064
"7901009",47,0.0444727474850013,1,0.100926,1,0.078498,1,188.208754708454,1,4.89021047224445,4,1,30.6439990997314,36.2400016784668,0.100925996899605,0.0878430008888245,181.490905761719,-86.3737,23.0664,26.5797703479254,63,63,63,63,61,63,0.078498,8763,1.76508096394256,23,-86,0.001869,51,2024-09-21 05:15:43.000558,4,1.037,0.0011,"aoml_navis",1022.4508798504
"7901009",47,0.0455316224251204,1,0.102795,1,0.080367,1,188.203770277593,1,4.8901697282794,6,1,30.6439990997314,36.2400016784668,0.102794997394085,0.0897120013833046,181.486099243164,-86.3737,23.0664,26.5797703479254,63,63,63,63,61,63,0.080367,8763,1.76508096394256,23,-86,0.001869,51,2024-09-21 05:15:43.000558,6,1.037,0.0011,"aoml_navis",1022.45939871687
"7901009",47,0.0476493723053585,1,0.106533,1,0.084105,1,188.173594691397,1,4.89013590909757,8,1,30.6459999084473,36.2389984130859,0.106532998383045,0.0934500023722649,181.457000732422,-86.3737,23.0664,26.5797703479254,63,63,63,63,61,63,0.084105,8763,1.76508096394256,23,-86,0.001869,51,2024-09-21 05:15:43.000558,8,1.037,0.0011,"aoml_navis",1022.46646983738
"7901009",47,0.0455316224251204,1,0.102795,1,0.080367,1,188.170999622631,1,4.89009350824567,10,1,30.6450004577637,36.2389984130859,0.102794997394085,0.0897120013833046,181.454498291016,-86.3737,23.0664,26.5797703479254,63,63,63,63,61,63,0.080367,8763,1.76508096394256,23,-86,0.001869,51,2024-09-21 05:15:43.000558,10,1.037,0.0011,"aoml_navis",1022.47533540391
"7901009",47,0.0444727474850013,1,0.100926,1,0.078498,1,188.194750831273,1,4.89005277120539,12,1,30.6450004577637,36.2389984130859,0.100925996899605,0.0878430008888245,181.477401733398,-86.3737,23.0664,26.5797703479254,63,63,63,63,61,63,0.078498,8763,1.76508096394256,23,-86,0.001869,51,2024-09-21 05:15:43.000558,12,1.037,0.0011,"aoml_navis",1022.48385322997
"7901009",47,0.0434138725448822,1,0.099057,1,0.076629,1,188.185731384953,1,4.89001561885561,14,1,30.6450004577637,36.2379989624023,0.0990569964051247,0.0859740003943443,181.468704223633,-86.3737,23.0664,26.5797703479254,63,63,63,63,61,63,0.076629,8763,1.76508096394256,23,-86,0.001869,51,2024-09-21 05:15:43.000558,14,1.037,0.0011,"aoml_navis",1022.49162164642
"7901009",47,0.0592969966466684,1,0.127092,1,0.104664,1,188.225448595941,1,4.88997015466204,16,1,30.6399993896484,36.2369995117188,0.127092003822327,0.114009000360966,181.50700378418,-86.3737,23.0664,26.5797703479254,63,63,63,63,61,63,0.104664,8763,1.76508096394256,23,-86,0.001869,51,2024-09-21 05:15:43.000558,16,1.037,0.0011,"aoml_navis",1022.50112819872
"7901009",47,0.0487082472454776,1,0.108402,1,0.085974,1,188.246905384028,1,4.88992610132552,18,1,30.6380004882812,36.2369995117188,0.108401998877525,0.095319002866745,181.527694702148,-86.3737,23.0664,26.5797703479254,63,63,63,63,61,63,0.085974,8763,1.76508096394256,23,-86,0.001869,51,2024-09-21 05:15:43.000558,18,1.037,0.0011,"aoml_navis",1022.51033990977
"7901009",47,0.0497671221855967,1,0.110271,1,0.087843,1,188.413242962473,1,4.88987425404658,20,1,30.6270008087158,36.2350006103516,0.110270999372005,0.0971880033612251,181.688095092773,-86.3737,23.0664,26.5797703479254,63,63,63,63,61,63,0.087843,8763,1.76508096394256,23,-86,0.001869,51,2024-09-21 05:15:43.000558,20,1.037,0.0011,"aoml_navis",1022.52118157482
"7901009",47,0.0497671221855967,1,0.110271,1,0.087843,1,188.63496310604,1,4.88980799121318,22,1,30.6030006408691,36.2309989929199,0.110270999372005,0.0971880033612251,181.901901245117,-86.3737,23.0664,26.5797703479254,63,63,63,63,61,63,0.087843,8763,1.76508096394256,23,-86,0.001869,51,2024-09-21 05:15:43.000558,22,1.037,0.0011,"aoml_navis",1022.53503797794
"7901009",47,0.054002621946073,1,0.117747,1,0.095319,1,188.840290010331,1,4.88972539400825,24,1,30.5669994354248,36.226001739502,0.117747001349926,0.104663997888565,182.099899291992,-86.3737,23.0664,26.5797703479254,63,63,63,63,61,63,0.095319,8763,1.76508096394256,23,-86,0.001869,51,2024-09-21 05:15:43.000558,24,1.037,0.0011,"aoml_navis",1022.55231063218
"7901009",47,0.0518848720658348,1,0.114009,1,0.091581,1,189.054842067613,1,4.88965586549119,26,1,30.5410003662109,36.2220001220703,0.114009000360966,0.100925996899605,182.306793212891,-86.3737,23.0664,26.5797703479254,63,63,63,63,61,63,0.091581,8763,1.76508096394256,23,-86,0.001869,51,2024-09-21 05:15:43.000558,26,1.037,0.0011,"aoml_navis",1022.56685082637
"7901009",47,0.0561203718263111,1,0.121485,1,0.099057,1,189.575533121297,1,4.88950291747489,28,1,30.4559993743896,36.2140007019043,0.121485002338886,0.108401998877525,182.808898925781,-86.3737,23.0664,26.5797703479254,63,63,63,63,61,63,0.099057,8763,1.76508096394256,23,-86,0.001869,51,2024-09-21 05:15:43.000558,28,1.037,0.0011,"aoml_navis",1022.59883763034
"7901009",47,0.0508259971257158,1,0.11214,1,0.089712,1,189.945852598881,1,4.8893496720848,30,1,30.375,36.2080001831055,0.112139999866486,0.0990569964051247,183.166000366211,-86.3737,23.0664,26.5797703479254,63,63,63,63,61,63,0.089712,8763,1.76508096394256,23,-86,0.001869,51,2024-09-21 05:15:43.000558,30,1.037,0.0011,"aoml_navis",1022.63088863268
"7901009",47,0.0518848720658348,1,0.114009,1,0.091581,1,190.019479763312,1,4.88926459797294,32,1,30.3460006713867,36.2070007324219,0.114009000360966,0.100925996899605,183.236999511719,-86.3737,23.0664,26.5797703479254,63,63,63,63,61,63,0.091581,8763,1.76508096394256,23,-86,0.001869,51,2024-09-21 05:15:43.000558,32,1.037,0.0011,"aoml_navis",1022.64868260003
"7901009",47,0.0518848720658348,1,0.114009,1,0.091581,1,190.080147407506,1,4.88916082771353,34,1,30.3099994659424,36.2080001831055,0.114009000360966,0.100925996899605,183.295501708984,-86.3737,23.0664,26.5797703479254,63,63,63,63,61,63,0.091581,8763,1.76508096394256,23,-86,0.001869,51,2024-09-21 05:15:43.000558,34,1.037,0.0011,"aoml_navis",1022.67038786251
"7901009",47,0.0518848720658348,1,0.114009,1,0.091581,1,190.09590770318,1,4.88906535370983,36,1,30.2789993286133,36.2089996337891,0.114009000360966,0.100925996899605,183.310699462891,-86.3737,23.0664,26.5797703479254,63,63,63,63,61,63,0.091581,8763,1.76508096394256,23,-86,0.001869,51,2024-09-21 05:15:43.000558,36,1.037,0.0011,"aoml_navis",1022.69035864002
"7901009",47,0.0571792467664302,1,0.123354,1,0.100926,1,190.03637935747,1,4.88899988412452,38,1,30.2639999389648,36.2089996337891,0.123354002833366,0.110270999372005,183.253295898438,-86.3737,23.0664,26.5797703479254,63,63,63,63,61,63,0.100926,8763,1.76508096394256,23,-86,0.001869,51,2024-09-21 05:15:43.000558,38,1.037,0.0011,"aoml_navis",1022.70405369325
"7901009",47,0.0614147465269065,1,0.13083,1,0.108402,1,189.945963364011,1,4.88890979877671,40.0999984741211,1,30.2439994812012,36.2130012512207,0.130830004811287,0.117747001349926,183.166107177734,-86.3737,23.0664,26.5797703479254,63,63,63,63,61,63,0.108402,8763,1.76508096394256,23,-86,0.001869,51,2024-09-21 05:15:43.000558,40.0999984741211,1.037,0.0011,"aoml_navis",1022.72289851842
"7901009",47,0.0635324964071447,1,0.134568,1,0.11214,1,189.817048575998,1,4.88882410214351,42,1,30.2220001220703,36.2159996032715,0.134568005800247,0.121485002338886,183.041793823242,-86.3737,23.0664,26.5797703479254,63,63,63,63,61,63,0.11214,8763,1.76508096394256,23,-86,0.001869,51,2024-09-21 05:15:43.000558,42,1.037,0.0011,"aoml_navis",1022.74082591921
"7901009",47,0.0709446209879782,1,0.147651,1,0.125223,1,189.980079024126,1,4.8887068285326,44,1,30.1690006256104,36.2130012512207,0.147651001811028,0.134568005800247,183.199005126953,-86.3737,23.0664,26.5797703479254,63,63,63,63,61,63,0.125223,8763,1.76508096394256,23,-86,0.001869,51,2024-09-21 05:15:43.000558,44,1.037,0.0011,"aoml_navis",1022.76536011893
"7901009",47,0.0730623708682164,1,0.151389,1,0.128961,1,190.094040519556,1,4.8885655911569,46,1,30.0970001220703,36.2080001831055,0.151389002799988,0.138306006789207,183.308898925781,-86.3737,23.0664,26.5797703479254,63,63,63,63,61,63,0.128961,8763,1.76508096394256,23,-86,0.001869,51,2024-09-21 05:15:43.000558,46,1.037,0.0011,"aoml_navis",1022.79490921523
"7901009",47,0.0741212458083355,1,0.153258,1,0.13083,1,190.621773070806,1,4.88844078537515,48,1,30.0480003356934,36.2089996337891,0.153257995843887,0.140174999833107,183.817794799805,-86.3737,23.0664,26.5797703479254,63,63,63,63,61,63,0.13083,8763,1.76508096394256,23,-86,0.001869,51,2024-09-21 05:15:43.000558,48,1.037,0.0011,"aoml_navis",1022.82102198284
"7901009",47,0.0741212458083355,1,0.153258,1,0.13083,1,192.522629294502,1,4.88827660568946,49.9000015258789,1,29.9890003204346,36.2169990539551,0.153257995843887,0.140174999833107,185.650802612305,-86.3737,23.0664,26.5797703479254,63,63,63,63,61,63,0.13083,8763,1.76508096394256,23,-86,0.001869,51,2024-09-21 05:15:43.000558,49.9000015258789,1.037,0.0011,"aoml_navis",1022.85537487394
"7901009",47,0.0751801207484546,1,0.155127,1,0.132699,1,195.606504579968,1,4.88796566496714,52,1,29.8229999542236,36.2159996032715,0.155127003788948,0.142043992877007,188.624603271484,-86.3737,23.0664,26.5797703479254,63,63,63,63,61,63,0.132699,8763,1.76508096394256,23,-86,0.001869,51,2024-09-21 05:15:43.000558,52,1.037,0.0011,"aoml_navis",1022.92044230912
"7901009",47,0.0825922453292881,1,0.16821,1,0.145782,1,196.556505454886,1,4.88772810512692,54,1,29.6870002746582,36.2089996337891,0.168209999799728,0.155127003788948,189.54069519043,-86.3737,23.0664,26.5797703479254,63,63,63,63,61,63,0.145782,8763,1.76508096394256,23,-86,0.001869,51,2024-09-21 05:15:43.000558,54,1.037,0.0011,"aoml_navis",1022.97015964438
"7901009",47,0.0847099952095263,1,0.171948,1,0.14952,1,196.427305842252,1,4.88752977588457,56,1,29.5990009307861,36.2130012512207,0.171948000788689,0.158865004777908,189.416107177734,-86.3737,23.0664,26.5797703479254,63,63,63,63,61,63,0.14952,8763,1.76508096394256,23,-86,0.001869,51,2024-09-21 05:15:43.000558,56,1.037,0.0011,"aoml_navis",1023.01167036779
"7901009",47,0.0868277450897644,1,0.175686,1,0.153258,1,194.729909339222,1,4.8874005064513,58,1,29.5709991455078,36.2249984741211,0.175686001777649,0.162603005766869,187.779296875,-86.3737,23.0664,26.5797703479254,63,63,63,63,61,63,0.153258,8763,1.76508096394256,23,-86,0.001869,51,2024-09-21 05:15:43.000558,58,1.037,0.0011,"aoml_navis",1023.03872854293
"7901009",47,0.0900043699101216,1,0.181293,1,0.158865,1,193.19968906491,1,4.8873013719778,60,1,29.5879993438721,36.2490005493164,0.181292995810509,0.168209999799728,186.303695678711,-86.3737,23.0664,26.5797703479254,63,63,63,63,61,63,0.158865,8763,1.76508096394256,23,-86,0.001869,51,2024-09-21 05:15:43.000558,60,1.037,0.0011,"aoml_navis",1023.05947995521
"7901009",47,0.0931809947304789,1,0.1869,1,0.164472,1,192.664804250965,1,4.88717758672191,62.0999984741211,1,29.5580005645752,36.257999420166,0.18690000474453,0.173816993832588,185.787902832031,-86.3737,23.0664,26.5797703479254,63,63,63,63,61,63,0.164472,8763,1.76508096394256,23,-86,0.001869,51,2024-09-21 05:15:43.000558,62.0999984741211,1.037,0.0011,"aoml_navis",1023.08539259646
"7901009",47,0.102710869191551,1,0.203721,1,0.181293,1,192.600924417994,1,4.88703043107989,64,1,29.4890003204346,36.2569999694824,0.20372100174427,0.19063800573349,185.726303100586,-86.3737,23.0664,26.5797703479254,63,63,63,63,61,63,0.181293,8763,1.76508096394256,23,-86,0.001869,51,2024-09-21 05:15:43.000558,64,1.037,0.0011,"aoml_navis",1023.11619919566
"7901009",47,0.112240743652622,1,0.220542,1,0.198114,1,192.595212101992,1,4.88690153411694,66,1,29.42799949646,36.2540016174316,0.220541998744011,0.207459002733231,185.720794677734,-86.3737,23.0664,26.5797703479254,63,63,63,63,61,63,0.198114,8763,1.76508096394256,23,-86,0.001869,51,2024-09-21 05:15:43.000558,66,1.037,0.0011,"aoml_navis",1023.1431849186
"7901009",47,0.122829493053813,1,0.239232,1,0.216804,1,192.581524696612,1,4.88678665838992,68,1,29.3799991607666,36.2529983520508,0.239232003688812,0.226148992776871,185.707595825195,-86.3737,23.0664,26.5797703479254,63,63,63,63,61,63,0.216804,8763,1.76508096394256,23,-86,0.001869,51,2024-09-21 05:15:43.000558,68,1.037,0.0011,"aoml_navis",1023.1672363711
"7901009",47,0.130241617634647,1,0.252315,1,0.229887,1,192.602680836488,1,4.88660288701017,70,1,29.2959995269775,36.2550010681152,0.252315014600754,0.239232003688812,185.727996826172,-86.3737,23.0664,26.5797703479254,63,63,63,63,61,63,0.229887,8763,1.76508096394256,23,-86,0.001869,51,2024-09-21 05:15:43.000558,70,1.037,0.0011,"aoml_navis",1023.20571481085
"7901009",47,0.133418242455004,1,0.257922,1,0.235494,1,192.448369186469,1,4.88644824228798,72,1,29.2210006713867,36.2529983520508,0.257921993732452,0.244838997721672,185.579193115234,-86.3737,23.0664,26.5797703479254,63,63,63,63,61,63,0.235494,8763,1.76508096394256,23,-86,0.001869,51,2024-09-21 05:15:43.000558,72,1.037,0.0011,"aoml_navis",1023.238096892
"7901009",47,0.141889241975956,1,0.272874,1,0.250446,1,191.859968991026,1,4.88621663695795,74,1,29.1070003509521,36.2550010681152,0.272873997688293,0.259790986776352,185.011795043945,-86.3737,23.0664,26.5797703479254,63,63,63,63,61,63,0.250446,8763,1.76508096394256,23,-86,0.001869,51,2024-09-21 05:15:43.000558,74,1.037,0.0011,"aoml_navis",1023.28659809748
"7901009",47,0.138712617155599,4,0.267267,1,0.244839,1,191.715515437599,1,4.88587177992413,76,1,28.9400005340576,36.2649993896484,0.267266988754272,0.254184007644653,184.872497558594,-86.3737,23.0664,26.5797703479254,63,63,63,63,61,63,0.244839,8763,1.76508096394256,23,-86,0.001869,51,2024-09-21 05:15:43.000558,76,1.037,0.0011,"aoml_navis",1023.35882422147
"7901009",47,0.145065866796314,1,0.278481,1,0.256053,1,191.70255591736,1,4.88569454846462,78,1,28.8659992218018,36.2700004577637,0.278481006622314,0.265397995710373,184.860000610352,-86.3737,23.0664,26.5797703479254,63,63,63,63,61,63,0.256053,8763,1.76508096394256,23,-86,0.001869,51,2024-09-21 05:15:43.000558,78,1.037,0.0011,"aoml_navis",1023.39594716811
"7901009",47,0.147183616676552,1,0.282219,1,0.259791,1,191.467053426873,1,4.885578669994,80,1,28.8279991149902,36.273998260498,0.282218992710114,0.269136011600494,184.632904052734,-86.3737,23.0664,26.5797703479254,63,63,63,63,61,63,0.259791,8763,1.76508096394256,23,-86,0.001869,51,2024-09-21 05:15:43.000558,80,1.037,0.0011,"aoml_navis",1023.42022055826
"7901009",47,0.146124741736433,1,0.28035,1,0.257922,1,191.040117144145,1,4.88547479197308,82,1,28.7929992675781,36.2760009765625,0.280349999666214,0.267266988754272,184.221206665039,-86.3737,23.0664,26.5797703479254,63,63,63,63,61,63,0.257922,8763,1.76508096394256,23,-86,0.001869,51,2024-09-21 05:15:43.000558,82,1.037,0.0011,"aoml_navis",1023.44198115915
"7901009",47,0.152477991377147,1,0.291564,1,0.269136,1,190.495579940279,1,4.88532787634747,84,1,28.7399997711182,36.2820014953613,0.291563987731934,0.278481006622314,183.696105957031,-86.3737,23.0664,26.5797703479254,63,63,63,63,61,63,0.269136,8763,1.76508096394256,23,-86,0.001869,51,2024-09-21 05:15:43.000558,84,1.037,0.0011,"aoml_navis",1023.47275895395
"7901009",47,0.158831241017862,1,0.302778,1,0.28035,1,189.786572341591,1,4.88516149540578,86.0999984741211,1,28.6760005950928,36.2879981994629,0.302778005599976,0.289694994688034,183.012405395508,-86.3737,23.0664,26.5797703479254,63,63,63,63,61,63,0.28035,8763,1.76508096394256,23,-86,0.001869,51,2024-09-21 05:15:43.000558,86.0999984741211,1.037,0.0011,"aoml_navis",1023.50761683155
"7901009",47,0.178949864880124,1,0.338289,1,0.315861,1,189.015029915085,1,4.88494909752258,88.0999984741211,1,28.5930004119873,36.298999786377,0.338288992643356,0.325206011533737,182.268402099609,-86.3737,23.0664,26.5797703479254,63,63,63,63,61,63,0.315861,8763,1.76508096394256,23,-86,0.001869,51,2024-09-21 05:15:43.000558,88.0999984741211,1.037,0.0011,"aoml_navis",1023.55211900484
"7901009",47,0.187420864401077,1,0.353241,1,0.330813,1,187.451105393999,1,4.88473780639061,90,1,28.5069999694824,36.3089981079102,0.353240996599197,0.340157985687256,180.760299682617,-86.3737,23.0664,26.5797703479254,63,63,63,63,61,63,0.330813,8763,1.76508096394256,23,-86,0.001869,51,2024-09-21 05:15:43.000558,90,1.037,0.0011,"aoml_navis",1023.59639312853
"7901009",47,0.250953360808222,1,0.465381,1,0.442953,1,185.531387450981,1,4.88429299045244,91.9000015258789,1,28.2959995269775,36.3289985656738,0.465380996465683,0.452297985553741,178.909103393555,-86.3737,23.0664,26.5797703479254,63,63,63,63,61,63,0.442953,8763,1.76508096394256,23,-86,0.001869,51,2024-09-21 05:15:43.000558,91.9000015258789,1.037,0.0011,"aoml_navis",1023.68961275946
"7901009",47,0.365311854341082,1,0.667233,1,0.644805,1,183.680423006664,1,4.88392490243319,94,1,28.1079998016357,36.3370018005371,0.667232990264893,0.654150009155273,177.124206542969,-86.3737,23.0664,26.5797703479254,63,63,63,63,61,63,0.644805,8763,1.76508096394256,23,-86,0.001869,51,2024-09-21 05:15:43.000558,94,1.037,0.0011,"aoml_navis",1023.76676543675
"7901009",47,0.403431352185369,1,0.734517,1,0.712089,1,182.02638314033,1,4.88361119554223,96,1,27.9640007019043,36.3499984741211,0.734516978263855,0.721433997154236,175.529205322266,-86.3737,23.0664,26.5797703479254,63,63,63,63,61,63,0.712089,8763,1.76508096394256,23,-86,0.001869,51,2024-09-21 05:15:43.000558,96,1.037,0.0011,"aoml_navis",1023.83252879836
"7901009",47,0.45955172401168,1,0.833574,1,0.811146,1,181.590933766163,1,4.88341813341902,98,1,27.8759994506836,36.3540000915527,0.833573997020721,0.820491015911102,175.109298706055,-86.3737,23.0664,26.5797703479254,63,63,63,63,61,63,0.811146,8763,1.76508096394256,23,-86,0.001869,51,2024-09-21 05:15:43.000558,98,1.037,0.0011,"aoml_navis",1023.87300521804
"7901009",47,0.484964722574538,1,0.87843,1,0.856002,1,181.06630263856,1,4.88329065407955,100,1,27.8159999847412,36.3520011901855,0.878430008888245,0.865347027778625,174.603393554688,-86.3737,23.0664,26.5797703479254,63,63,63,63,61,63,0.856002,8763,1.76508096394256,23,-86,0.001869,51,2024-09-21 05:15:43.000558,100,1.037,0.0011,"aoml_navis",1023.89973364025
"7901009",47,0.483905847634419,1,0.876561,1,0.854133,1,180.256498771351,1,4.88319380628542,102,1,27.7870006561279,36.3549995422363,0.876560986042023,0.863478004932404,173.822494506836,-86.3737,23.0664,26.5797703479254,63,63,63,63,61,63,0.854133,8763,1.76508096394256,23,-86,0.001869,51,2024-09-21 05:15:43.000558,102,1.037,0.0011,"aoml_navis",1023.92004052025
"7901009",47,0.420373351227274,4,0.764421,1,0.741993,1,180.023179936288,1,4.8829446605683,104,1,27.7110004425049,36.3800010681152,0.764420986175537,0.751338005065918,173.597503662109,-86.3737,23.0664,26.5797703479254,63,63,63,63,61,63,0.741993,8763,1.76508096394256,23,-86,0.001869,51,2024-09-21 05:15:43.000558,104,1.037,0.0011,"aoml_navis",1023.97228467014
"7901009",47,0.428844350748227,1,0.779373,1,0.756945,1,180.16970638001,1,4.88269963786363,106,1,27.6259994506836,36.4000015258789,0.779372990131378,0.766290009021759,173.738800048828,-86.3737,23.0664,26.5797703479254,63,63,63,63,61,63,0.756945,8763,1.76508096394256,23,-86,0.001869,51,2024-09-21 05:15:43.000558,106,1.037,0.0011,"aoml_navis",1024.0236694526
"7901009",47,0.392842602784178,4,0.715827,1,0.693399,1,179.64600884422,1,4.88252663625202,108.199996948242,1,27.5690002441406,36.4109992980957,0.715826988220215,0.702744007110596,173.233795166016,-86.3737,23.0664,26.5797703479254,63,63,63,63,61,63,0.693399,8763,1.76508096394256,23,-86,0.001869,51,2024-09-21 05:15:43.000558,108.199996948242,1.037,0.0011,"aoml_navis",1024.05995348305
"7901009",47,0.394960352664416,1,0.719565,1,0.697137,1,178.647682725336,1,4.88228814149511,109.900001525879,1,27.4839992523193,36.4309997558594,0.719564974308014,0.706481993198395,172.271102905273,-86.3737,23.0664,26.5797703479254,63,63,63,63,61,63,0.697137,8763,1.76508096394256,23,-86,0.001869,51,2024-09-21 05:15:43.000558,109.900001525879,1.037,0.0011,"aoml_navis",1024.10997775909
"7901009",47,0.387548228083583,1,0.706482,1,0.684054,1,177.351619936358,1,4.88207470516392,112,1,27.4109992980957,36.4469985961914,0.706481993198395,0.693399012088776,171.021301269531,-86.3737,23.0664,26.5797703479254,63,63,63,63,61,63,0.684054,8763,1.76508096394256,23,-86,0.001869,51,2024-09-21 05:15:43.000558,112,1.037,0.0011,"aoml_navis",1024.15475017442
"7901009",47,0.370606229041677,1,0.676578,1,0.65415,1,176.023830849361,1,4.88189380343982,113.900001525879,1,27.3470001220703,36.4589996337891,0.676577985286713,0.663495004177094,169.740905761719,-86.3737,23.0664,26.5797703479254,63,63,63,63,61,63,0.65415,8763,1.76508096394256,23,-86,0.001869,51,2024-09-21 05:15:43.000558,113.900001525879,1.037,0.0011,"aoml_navis",1024.19270088935
"7901009",47,0.312368107335128,1,0.573783,1,0.551355,1,173.786042923054,1,4.88162059113679,115.900001525879,1,27.2569999694824,36.4850006103516,0.573782980442047,0.560699999332428,167.582992553711,-86.3737,23.0664,26.5797703479254,63,63,63,63,61,63,0.551355,8763,1.76508096394256,23,-86,0.001869,51,2024-09-21 05:15:43.000558,115.900001525879,1.037,0.0011,"aoml_navis",1024.25002243684
"7901009",47,0.22977586200584,1,0.428001,1,0.405573,1,172.560616639992,1,4.88103324873839,118,1,27.0340003967285,36.5410003662109,0.42800098657608,0.414918005466461,166.401306152344,-86.3737,23.0664,26.5797703479254,63,63,63,63,61,63,0.405573,8763,1.76508096394256,23,-86,0.001869,51,2024-09-21 05:15:43.000558,118,1.037,0.0011,"aoml_navis",1024.37327205103
"7901009",47,0.180008739820243,1,0.340158,1,0.31773,1,171.029352008737,1,4.88077435428405,120,1,26.9409999847412,36.5620002746582,0.340157985687256,0.327075004577637,164.924697875977,-86.3737,23.0664,26.5797703479254,63,63,63,63,61,63,0.31773,8763,1.76508096394256,23,-86,0.001869,51,2024-09-21 05:15:43.000558,120,1.037,0.0011,"aoml_navis",1024.42760862552
"7901009",47,0.116476243413099,1,0.228018,1,0.20559,1,168.960196081431,1,4.88027965734208,122,1,26.7639999389648,36.6129989624023,0.228018000721931,0.214935004711151,162.929397583008,-86.3737,23.0664,26.5797703479254,63,63,63,63,61,63,0.20559,8763,1.76508096394256,23,-86,0.001869,51,2024-09-21 05:15:43.000558,122,1.037,0.0011,"aoml_navis",1024.53145128227
"7901009",47,0.0783567455688118,1,0.160734,1,0.138306,1,167.257008144449,1,4.87980027665211,124,1,26.5939998626709,36.6629981994629,0.160733997821808,0.147651001811028,161.287002563477,-86.3737,23.0664,26.5797703479254,63,63,63,63,61,63,0.138306,8763,1.76508096394256,23,-86,0.001869,51,2024-09-21 05:15:43.000558,124,1.037,0.0011,"aoml_navis",1024.63209896581
"7901009",47,0.0455316224251204,1,0.102795,1,0.080367,1,164.830808731598,1,4.87913235194261,126,1,26.3320007324219,36.7270011901855,0.102794997394085,0.0897120013833046,158.947402954102,-86.3737,23.0664,26.5797703479254,63,63,63,63,61,63,0.080367,8763,1.76508096394256,23,-86,0.001869,51,2024-09-21 05:15:43.000558,126,1.037,0.0011,"aoml_navis",1024.77236511309
"7901009",47,0.0360017479640487,1,0.085974,1,0.063546,1,163.281394442573,1,4.87849764493205,128,1,26.0690002441406,36.7820014953613,0.0859740003943443,0.0728909969329834,157.45329284668,-86.3737,23.0664,26.5797703479254,63,63,63,63,61,63,0.063546,8763,1.76508096394256,23,-86,0.001869,51,2024-09-21 05:15:43.000558,128,1.037,0.0011,"aoml_navis",1024.9056910367
"7901009",47,0.0243541236227388,1,0.065415,1,0.042987,1,161.014174638802,1,4.87803404239169,130,1,25.8780002593994,36.8199996948242,0.0654150024056435,0.0523319989442825,155.266998291016,-86.3737,23.0664,26.5797703479254,63,63,63,63,61,63,0.042987,8763,1.76508096394256,23,-86,0.001869,51,2024-09-21 05:15:43.000558,130,1.037,0.0011,"aoml_navis",1025.0030968518
"7901009",47,0.0222363737425006,1,0.061677,1,0.039249,1,159.173479704417,1,4.8774175406169,132,1,25.5930004119873,36.8619995117188,0.0616770014166832,0.0485940016806126,153.492004394531,-86.3737,23.0664,26.5797703479254,63,63,63,63,61,63,0.039249,8763,1.76508096394256,23,-86,0.001869,51,2024-09-21 05:15:43.000558,132,1.037,0.0011,"aoml_navis",1025.13265644417
"7901009",47,0.0232952486826197,1,0.063546,1,0.041118,1,157.842573370183,1,4.87694513239477,134,1,25.3719997406006,36.890998840332,0.0635460019111633,0.0504629984498024,152.208602905273,-86.3737,23.0664,26.5797703479254,63,63,63,63,61,63,0.041118,8763,1.76508096394256,23,-86,0.001869,51,2024-09-21 05:15:43.000558,134,1.037,0.0011,"aoml_navis",1025.23195653522
"7901009",47,0.0211774988023816,1,0.059808,1,0.03738,1,156.800890614604,1,4.8764716763814,136,1,25.1539993286133,36.9220008850098,0.0598080009222031,0.0467250011861324,151.2041015625,-86.3737,23.0664,26.5797703479254,63,63,63,63,61,63,0.03738,8763,1.76508096394256,23,-86,0.001869,51,2024-09-21 05:15:43.000558,136,1.037,0.0011,"aoml_navis",1025.33149617517
"7901009",47,0.0180008739820243,1,0.054201,1,0.031773,1,155.759524330826,1,4.87622044896357,138,1,25.0400009155273,36.9339981079102,0.0542009994387627,0.041117999702692,150.199905395508,-86.3737,23.0664,26.5797703479254,63,63,63,63,61,63,0.031773,8763,1.76508096394256,23,-86,0.001869,51,2024-09-21 05:15:43.000558,138,1.037,0.0011,"aoml_navis",1025.38432220855
"7901009",47,0.0116476243413099,1,0.042987,1,0.020559,1,154.684548741814,1,4.87594225249174,140,1,24.9220008850098,36.9519996643066,0.0429870001971722,0.0299040004611015,149.163299560547,-86.3737,23.0664,26.5797703479254,63,63,63,63,61,63,0.020559,8763,1.76508096394256,23,-86,0.001869,51,2024-09-21 05:15:43.000558,140,1.037,0.0011,"aoml_navis",1025.44282542412
"7901009",47,0.0095298744610717,1,0.039249,1,0.016821,1,153.898496083247,1,4.8755432988775,142,1,24.738000869751,36.9770011901855,0.0392489992082119,0.0261659994721413,148.405303955078,-86.3737,23.0664,26.5797703479254,63,63,63,63,61,63,0.016821,8763,1.76508096394256,23,-86,0.001869,51,2024-09-21 05:15:43.000558,142,1.037,0.0011,"aoml_navis",1025.52673486689
"7901009",47,0.0127064992814289,1,0.044856,1,0.022428,1,152.78919912745,1,4.87530453710432,144,1,24.6240005493164,36.9860000610352,0.0448560006916523,0.0317730009555817,147.335601806641,-86.3737,23.0664,26.5797703479254,63,63,63,63,61,63,0.022428,8763,1.76508096394256,23,-86,0.001869,51,2024-09-21 05:15:43.000558,144,1.037,0.0011,"aoml_navis",1025.57695872056
"7901009",47,0.0095298744610717,1,0.039249,1,0.016821,1,151.619962412601,1,4.87492397215719,146,1,24.4139995574951,36.9959983825684,0.0392489992082119,0.0261659994721413,146.208099365234,-86.3737,23.0664,26.5797703479254,63,63,63,63,61,63,0.016821,8763,1.76508096394256,23,-86,0.001869,51,2024-09-21 05:15:43.000558,146,1.037,0.0011,"aoml_navis",1025.65702122888
"7901009",47,0.00741212458083355,1,0.035511,1,0.013083,1,150.581697552469,1,4.87448412637062,148,1,24.1490001678467,37.0009994506836,0.0355109982192516,0.0224280003458261,145.206893920898,-86.3737,23.0664,26.5797703479254,63,63,63,63,61,63,0.013083,8763,1.76508096394256,23,-86,0.001869,51,2024-09-21 05:15:43.000558,148,1.037,0.0011,"aoml_navis",1025.74957069823
"7901009",47,0.00741212458083355,1,0.035511,1,0.013083,1,149.895507570612,1,4.87406544664693,150,1,23.8920001983643,37.0040016174316,0.0355109982192516,0.0224280003458261,144.545196533203,-86.3737,23.0664,26.5797703479254,63,63,63,63,61,63,0.013083,8763,1.76508096394256,23,-86,0.001869,51,2024-09-21 05:15:43.000558,150,1.037,0.0011,"aoml_navis",1025.83768206061
"7901009",47,0.00741212458083355,1,0.035511,1,0.013083,1,149.891156083352,1,4.87356700608159,152,1,23.5869998931885,37.0110015869141,0.0355109982192516,0.0224280003458261,144.541000366211,-86.3737,23.0664,26.5797703479254,63,63,63,63,61,63,0.013083,8763,1.76508096394256,23,-86,0.001869,51,2024-09-21 05:15:43.000558,152,1.037,0.0011,"aoml_navis",1025.94259887278
"7901009",47,0.00423549976047631,1,0.029904,1,0.007476,1,149.932629712833,1,4.8733305247086,154,1,23.4610004425049,37.015998840332,0.0299040004611015,0.0168210007250309,144.580993652344,-86.3737,23.0664,26.5797703479254,63,63,63,63,61,63,0.007476,8763,1.76508096394256,23,-86,0.001869,51,2024-09-21 05:15:43.000558,154,1.037,0.0011,"aoml_navis",1025.99238337091
"7901009",47,0.00423549976047631,1,0.029904,1,0.007476,1,149.846153793293,1,4.8731974527692,156,1,23.3980007171631,37.0169982910156,0.0299040004611015,0.0168210007250309,144.497604370117,-86.3737,23.0664,26.5797703479254,63,63,63,63,61,63,0.007476,8763,1.76508096394256,23,-86,0.001869,51,2024-09-21 05:15:43.000558,156,1.037,0.0011,"aoml_navis",1026.02040004735
"7901009",47,-0.00105887494011908,1,0.020559,1,-0.001869,1,150.141912514633,1,4.87295902306303,158,1,23.2700004577637,37.0219993591309,0.020558999851346,0.00747600011527538,144.782806396484,-86.3737,23.0664,26.5797703479254,63,63,63,63,61,63,-0.001869,8763,1.76508096394256,23,-86,0.001869,51,2024-09-21 05:15:43.000558,158,1.037,0.0011,"aoml_navis",1026.07060234566
"7901009",47,0,1,0.022428,1,0,1,150.262931331219,1,4.87274970055637,160,1,23.1650009155273,37.0279998779297,0.0224280003458261,0.00934499967843294,144.899505615234,-86.3737,23.0664,26.5797703479254,63,63,63,63,61,63,0,8763,1.76508096394256,23,-86,0.001869,51,2024-09-21 05:15:43.000558,160,1.037,0.0011,"aoml_navis",1026.11468006023
"7901009",47,0.00105887494011908,1,0.024297,1,0.001869,1,150.220508286336,1,4.87268888209201,162,1,23.1429996490479,37.0250015258789,0.0242970008403063,0.0112140001729131,144.858596801758,-86.3737,23.0664,26.5797703479254,63,63,63,63,61,63,0.001869,8763,1.76508096394256,23,-86,0.001869,51,2024-09-21 05:15:43.000558,162,1.037,0.0011,"aoml_navis",1026.12748751021
"7901009",47,0.00529437470059539,1,0.031773,1,0.009345,1,150.615401799243,1,4.87249216294603,164,1,23.0259990692139,37.0229988098145,0.0317730009555817,0.0186899993568659,145.239395141602,-86.3737,23.0664,26.5797703479254,63,63,63,63,61,63,0.009345,8763,1.76508096394256,23,-86,0.001869,51,2024-09-21 05:15:43.000558,164,1.037,0.0011,"aoml_navis",1026.16891578064
"7901009",47,0.0095298744610717,1,0.039249,1,0.016821,1,150.740882868219,1,4.87242280438371,166,1,22.9899997711182,37.0169982910156,0.0392489992082119,0.0261659994721413,145.360397338867,-86.3737,23.0664,26.5797703479254,63,63,63,63,61,63,0.016821,8763,1.76508096394256,23,-86,0.001869,51,2024-09-21 05:15:43.000558,166,1.037,0.0011,"aoml_navis",1026.18352321591
"7901009",47,0.0190597489221434,1,0.05607,1,0.033642,1,151.241557080509,1,4.87215622145283,168,1,22.7830009460449,37,0.0560699999332428,0.0429870001971722,145.843200683594,-86.3737,23.0664,26.5797703479254,63,63,63,63,61,63,0.033642,8763,1.76508096394256,23,-86,0.001869,51,2024-09-21 05:15:43.000558,168,1.037,0.0011,"aoml_navis",1026.23967145886
"7901009",47,0.0180008739820243,1,0.054201,1,0.031773,1,150.739221391265,1,4.87198650161028,170,1,22.6399993896484,36.9809989929199,0.0542009994387627,0.041117999702692,145.358795166016,-86.3737,23.0664,26.5797703479254,63,63,63,63,61,63,0.031773,8763,1.76508096394256,23,-86,0.001869,51,2024-09-21 05:15:43.000558,170,1.037,0.0011,"aoml_navis",1026.27542140099
"7901009",47,0.013765374221548,4,0.046725,1,0.024297,1,150.036226756791,1,4.87179609699791,172,1,22.5049991607666,36.9710006713867,0.0467250011861324,0.0336420014500618,144.680892944336,-86.3737,23.0664,26.5797703479254,63,63,63,63,61,63,0.024297,8763,1.76508096394256,23,-86,0.001869,51,2024-09-21 05:15:43.000558,172,1.037,0.0011,"aoml_navis",1026.31553136657
"7901009",47,0.013765374221548,4,0.046725,1,0.024297,1,150.203925163979,1,4.87161136405764,174,1,22.371000289917,36.9599990844727,0.0467250011861324,0.0336420014500618,144.84260559082,-86.3737,23.0664,26.5797703479254,63,63,63,63,61,63,0.024297,8763,1.76508096394256,23,-86,0.001869,51,2024-09-21 05:15:43.000558,174,1.037,0.0011,"aoml_navis",1026.35444955433
"7901009",47,0.0190597489221434,1,0.05607,1,0.033642,1,150.685816774898,1,4.87143824105377,176,1,22.2000007629395,36.931999206543,0.0560699999332428,0.0429870001971722,145.30729675293,-86.3737,23.0664,26.5797703479254,63,63,63,63,61,63,0.033642,8763,1.76508096394256,23,-86,0.001869,51,2024-09-21 05:15:43.000558,176,1.037,0.0011,"aoml_navis",1026.39092452467
"7901009",47,0.0169419990419053,1,0.052332,1,0.029904,1,150.546759065673,1,4.87136365439022,178,1,22.1620006561279,36.9269981384277,0.0523319989442825,0.0392489992082119,145.173202514648,-86.3737,23.0664,26.5797703479254,63,63,63,63,61,63,0.029904,8763,1.76508096394256,23,-86,0.001869,51,2024-09-21 05:15:43.000558,178,1.037,0.0011,"aoml_navis",1026.40663985204
"7901009",47,0.0190597489221434,1,0.05607,1,0.033642,1,150.258358313699,1,4.87127775538317,180,1,22.1049995422363,36.9179992675781,0.0560699999332428,0.0429870001971722,144.895095825195,-86.3737,23.0664,26.5797703479254,63,63,63,63,61,63,0.033642,8763,1.76508096394256,23,-86,0.001869,51,2024-09-21 05:15:43.000558,180,1.037,0.0011,"aoml_navis",1026.42473927392
"7901009",47,0.013765374221548,1,0.046725,1,0.024297,1,150.438082649314,1,4.87106712464949,182,1,21.9529991149902,36.9080009460449,0.0467250011861324,0.0336420014500618,145.068405151367,-86.3737,23.0664,26.5797703479254,63,63,63,63,61,63,0.024297,8763,1.76508096394256,23,-86,0.001869,51,2024-09-21 05:15:43.000558,182,1.037,0.0011,"aoml_navis",1026.46912309996
"7901009",47,0.0105887494011908,1,0.041118,1,0.01869,1,150.787657400362,1,4.87089394863436,184,1,21.863000869751,36.9109992980957,0.041117999702692,0.0280349999666214,145.405502319336,-86.3737,23.0664,26.5797703479254,63,63,63,63,61,63,0.01869,8763,1.76508096394256,23,-86,0.001869,51,2024-09-21 05:15:43.000558,184,1.037,0.0011,"aoml_navis",1026.50561739326
"7901009",47,0.0127064992814289,1,0.044856,1,0.022428,1,150.21335602364,1,4.87074636775286,186,1,21.8239994049072,36.9259986877441,0.0448560006916523,0.0317730009555817,144.851699829102,-86.3737,23.0664,26.5797703479254,63,63,63,63,61,63,0.022428,8763,1.76508096394256,23,-86,0.001869,51,2024-09-21 05:15:43.000558,186,1.037,0.0011,"aoml_navis",1026.5367199374
"7901009",47,0.0116476243413099,1,0.042987,1,0.020559,1,149.398267077359,1,4.87058988831682,188,1,21.6870002746582,36.9070014953613,0.0429870001971722,0.0299040004611015,144.065704345703,-86.3737,23.0664,26.5797703479254,63,63,63,63,61,63,0.020559,8763,1.76508096394256,23,-86,0.001869,51,2024-09-21 05:15:43.000558,188,1.037,0.0011,"aoml_navis",1026.569699903
"7901009",47,0.00635324964071447,1,0.033642,1,0.011214,1,149.131022465262,1,4.87040399027918,190,1,21.5219993591309,36.8860015869141,0.0336420014500618,0.020558999851346,143.807998657227,-86.3737,23.0664,26.5797703479254,63,63,63,63,61,63,0.011214,8763,1.76508096394256,23,-86,0.001869,51,2024-09-21 05:15:43.000558,190,1.037,0.0011,"aoml_navis",1026.60888295498
"7901009",47,0.00635324964071447,1,0.033642,1,0.011214,1,148.876642431863,1,4.87028048414567,192,1,21.4330005645752,36.8759994506836,0.0336420014500618,0.020558999851346,143.562698364258,-86.3737,23.0664,26.5797703479254,63,63,63,63,61,63,0.011214,8763,1.76508096394256,23,-86,0.001869,51,2024-09-21 05:15:43.000558,192,1.037,0.0011,"aoml_navis",1026.63491687524
"7901009",47,0.00635324964071447,1,0.033642,1,0.011214,1,148.491701957087,1,4.87015460712145,194,1,21.3419990539551,36.8660011291504,0.0336420014500618,0.020558999851346,143.191497802734,-86.3737,23.0664,26.5797703479254,63,63,63,63,61,63,0.011214,8763,1.76508096394256,23,-86,0.001869,51,2024-09-21 05:15:43.000558,194,1.037,0.0011,"aoml_navis",1026.66145191544
"7901009",47,0.00529437470059539,1,0.031773,1,0.009345,1,148.281612152196,1,4.86997579172836,196,1,21.2080001831055,36.8549995422363,0.0317730009555817,0.0186899993568659,142.988906860352,-86.3737,23.0664,26.5797703479254,63,63,63,63,61,63,0.009345,8763,1.76508096394256,23,-86,0.001869,51,2024-09-21 05:15:43.000558,196,1.037,0.0011,"aoml_navis",1026.69914879094
"7901009",47,0,1,0.022428,1,0,1,147.799388245886,1,4.86987381602483,198,1,21.1399993896484,36.8470001220703,0.0224280003458261,0.00934499967843294,142.523895263672,-86.3737,23.0664,26.5797703479254,63,63,63,63,61,63,0,8763,1.76508096394256,23,-86,0.001869,51,2024-09-21 05:15:43.000558,198,1.037,0.0011,"aoml_navis",1026.72064798619
"7901009",47,-0.00105887494011908,1,0.020559,1,-0.001869,1,147.508091776936,1,4.86969343973883,200,1,21.0259990692139,36.8440017700195,0.020558999851346,0.00747600011527538,142.24299621582,-86.3737,23.0664,26.5797703479254,63,63,63,63,61,63,-0.001869,8763,1.76508096394256,23,-86,0.001869,51,2024-09-21 05:15:43.000558,200,1.037,0.0011,"aoml_navis",1026.75867831798
"7901009",47,-0.00635324964071447,4,0.011214,1,-0.011214,1,147.798043240733,1,4.86948906564986,202,1,20.8740005493164,36.8339996337891,0.0112140001729131,-0.00186900002881885,142.522598266602,-86.3737,23.0664,26.5797703479254,63,63,63,63,61,63,-0.011214,8763,1.76508096394256,23,-86,0.001869,51,2024-09-21 05:15:43.000558,202,1.037,0.0011,"aoml_navis",1026.80177172402
"7901009",47,-0.00211774988023816,1,0.01869,1,-0.003738,1,147.96936525004,1,4.86937849537199,204,1,20.7959995269775,36.8250007629395,0.0186899993568659,0.00560700008645654,142.687805175781,-86.3737,23.0664,26.5797703479254,63,63,63,63,61,63,-0.003738,8763,1.76508096394256,23,-86,0.001869,51,2024-09-21 05:15:43.000558,204,1.037,0.0011,"aoml_navis",1026.82508758606
"7901009",47,-0.00105887494011908,1,0.020559,1,-0.001869,1,148.09266266359,1,4.86930135533029,206,1,20.7490005493164,36.818000793457,0.020558999851346,0.00747600011527538,142.806701660156,-86.3737,23.0664,26.5797703479254,63,63,63,63,61,63,-0.001869,8763,1.76508096394256,23,-86,0.001869,51,2024-09-21 05:15:43.000558,206,1.037,0.0011,"aoml_navis",1026.84135466922
"7901009",47,-0.00317662482035723,1,0.016821,1,-0.005607,1,148.276216307994,1,4.86918697132408,208,1,20.6650009155273,36.8079986572266,0.0168210007250309,0.00373800005763769,142.983703613281,-86.3737,23.0664,26.5797703479254,63,63,63,63,61,63,-0.005607,8763,1.76508096394256,23,-86,0.001869,51,2024-09-21 05:15:43.000558,208,1.037,0.0011,"aoml_navis",1026.86547660755
"7901009",47,-0.00317662482035723,1,0.016821,1,-0.005607,1,148.590836748655,1,4.86907385566409,210,1,20.5790004730225,36.7970008850098,0.0168210007250309,0.00373800005763769,143.287094116211,-86.3737,23.0664,26.5797703479254,63,63,63,63,61,63,-0.005607,8763,1.76508096394256,23,-86,0.001869,51,2024-09-21 05:15:43.000558,210,1.037,0.0011,"aoml_navis",1026.88933218452
"7901009",47,-0.00317662482035723,1,0.016821,1,-0.005607,1,148.942911626929,1,4.86896961516013,212,1,20.507999420166,36.7890014648438,0.0168210007250309,0.00373800005763769,143.626602172852,-86.3737,23.0664,26.5797703479254,63,63,63,63,61,63,-0.005607,8763,1.76508096394256,23,-86,0.001869,51,2024-09-21 05:15:43.000558,212,1.037,0.0011,"aoml_navis",1026.91131701292
"7901009",47,-0.00423549976047631,1,0.014952,1,-0.007476,1,149.210868300577,1,4.8688585895026,214,1,20.4260005950928,36.7789993286133,0.0149520002305508,0.00186900002881885,143.884994506836,-86.3737,23.0664,26.5797703479254,63,63,63,63,61,63,-0.007476,8763,1.76508096394256,23,-86,0.001869,51,2024-09-21 05:15:43.000558,214,1.037,0.0011,"aoml_navis",1026.93473389844
"7901009",47,0,1,0.014952,1,-0.007476,1,149.508810677342,1,4.86871332087134,216,1,20.3059997558594,36.7649993896484,0.0149520002305508,0,144.172302246094,-86.3737,23.0664,26.5797703479254,63,63,63,63,61,63,0,8763,1.76508096394256,23,-86,0.001869,51,2024-09-21 05:15:43.000558,216,1.037,0.0011,"aoml_navis",1026.96537472557
"7901009",47,0,1,0.01869,1,-0.003738,1,149.545727112893,1,4.86860524388637,218,1,20.2229995727539,36.7540016174316,0.0186899993568659,0,144.207901000977,-86.3737,23.0664,26.5797703479254,63,63,63,63,61,63,0,8763,1.76508096394256,23,-86,0.001869,51,2024-09-21 05:15:43.000558,218,1.037,0.0011,"aoml_navis",1026.98817208042
"7901009",47,0,1,0.014952,1,-0.007476,1,149.658865781642,1,4.86851351568105,220,1,20.1609992980957,36.7459983825684,0.0149520002305508,0,144.317001342773,-86.3737,23.0664,26.5797703479254,63,63,63,63,61,63,0,8763,1.76508096394256,23,-86,0.001869,51,2024-09-21 05:15:43.000558,220,1.037,0.0011,"aoml_navis",1027.00752167894
"7901009",47,0,1,0.014952,1,-0.007476,1,149.861914088968,1,4.86840567916203,222,1,20.0750007629395,36.734001159668,0.0149520002305508,0,144.512802124023,-86.3737,23.0664,26.5797703479254,63,63,63,63,61,63,0,8763,1.76508096394256,23,-86,0.001869,51,2024-09-21 05:15:43.000558,222,1.037,0.0011,"aoml_navis",1027.03027017679
"7901009",47,0,1,0.013083,1,-0.009345,1,150.029390965896,1,4.86828412086647,224,1,19.9780006408691,36.7220001220703,0.0130829997360706,0,144.674301147461,-86.3737,23.0664,26.5797703479254,63,63,63,63,61,63,0,8763,1.76508096394256,23,-86,0.001869,51,2024-09-21 05:15:43.000558,224,1.037,0.0011,"aoml_navis",1027.0559145406
"7901009",47,0,1,0.01869,1,-0.003738,1,150.071703245649,1,4.86819148405303,226,1,19.9120006561279,36.7130012512207,0.0186899993568659,0,144.715103149414,-86.3737,23.0664,26.5797703479254,63,63,63,63,61,63,0,8763,1.76508096394256,23,-86,0.001869,51,2024-09-21 05:15:43.000558,226,1.037,0.0011,"aoml_navis",1027.07545838711
"7901009",47,0,1,0.014952,1,-0.007476,1,150.066307401447,1,4.86810791266284,228,1,19.8530006408691,36.7039985656738,0.0149520002305508,0,144.709899902344,-86.3737,23.0664,26.5797703479254,63,63,63,63,61,63,0,8763,1.76508096394256,23,-86,0.001869,51,2024-09-21 05:15:43.000558,228,1.037,0.0011,"aoml_navis",1027.09309031422
"7901009",47,0,1,0.01869,1,-0.003738,1,150.294246215898,1,4.86803751446659,230,1,19.8099994659424,36.6969985961914,0.0186899993568659,0,144.929702758789,-86.3737,23.0664,26.5797703479254,63,63,63,63,61,63,0,8763,1.76508096394256,23,-86,0.001869,51,2024-09-21 05:15:43.000558,230,1.037,0.0011,"aoml_navis",1027.1079434251
"7901009",47,0,1,0.013083,1,-0.009345,1,150.966843733916,1,4.86792361665116,232,1,19.7240009307861,36.6870002746582,0.0130829997360706,0,145.57829284668,-86.3737,23.0664,26.5797703479254,63,63,63,63,61,63,0,8763,1.76508096394256,23,-86,0.001869,51,2024-09-21 05:15:43.000558,232,1.037,0.0011,"aoml_navis",1027.13197530402
"7901009",47,0,1,0.016821,1,-0.005607,1,151.461615747123,1,4.86774949584384,234,1,19.5669994354248,36.6689987182617,0.0168210007250309,0,146.055404663086,-86.3737,23.0664,26.5797703479254,63,63,63,63,61,63,0,8763,1.76508096394256,23,-86,0.001869,51,2024-09-21 05:15:43.000558,234,1.037,0.0011,"aoml_navis",1027.16871611185
"7901009",47,0,1,0.014952,1,-0.007476,1,151.433307344551,1,4.8676720280667,236,1,19.5179996490479,36.6619987487793,0.0149520002305508,0,146.028106689453,-86.3737,23.0664,26.5797703479254,63,63,63,63,61,63,0,8763,1.76508096394256,23,-86,0.001869,51,2024-09-21 05:15:43.000558,236,1.037,0.0011,"aoml_navis",1027.18506324385
"7901009",47,0,1,0.014952,1,-0.007476,1,150.970578101164,1,4.86762819309607,238,1,19.5130004882812,36.6609992980957,0.0149520002305508,0,145.581893920898,-86.3737,23.0664,26.5797703479254,63,63,63,63,61,63,0,8763,1.76508096394256,23,-86,0.001869,51,2024-09-21 05:15:43.000558,238,1.037,0.0011,"aoml_navis",1027.1943134629
"7901009",47,0,1,0.020559,1,-0.001869,1,149.982094255282,1,4.86758922899868,240,1,19.5090007781982,36.6590003967285,0.020558999851346,0,144.628692626953,-86.3737,23.0664,26.5797703479254,63,63,63,63,61,63,0,8763,1.76508096394256,23,-86,0.001869,51,2024-09-21 05:15:43.000558,240,1.037,0.0011,"aoml_navis",1027.20253595198
"7901009",47,0,1,0.022428,1,0,1,148.353577839674,1,4.86750892003334,242,1,19.4489994049072,36.648998260498,0.0224280003458261,0,143.058303833008,-86.3737,23.0664,26.5797703479254,63,63,63,63,61,63,0,8763,1.76508096394256,23,-86,0.001869,51,2024-09-21 05:15:43.000558,242,1.037,0.0011,"aoml_navis",1027.21948375305
"7901009",47,0,1,0.016821,1,-0.005607,1,147.170242306104,1,4.86738962192171,244,1,19.3229999542236,36.6269989013672,0.0168210007250309,0,141.917205810547,-86.3737,23.0664,26.5797703479254,63,63,63,63,61,63,0,8763,1.76508096394256,23,-86,0.001869,51,2024-09-21 05:15:43.000558,244,1.037,0.0011,"aoml_navis",1027.24466056324
"7901009",47,0,1,0.01869,1,-0.003738,1,147.180290285776,1,4.86731322478514,246,1,19.2600002288818,36.6150016784668,0.0186899993568659,0,141.926895141602,-86.3737,23.0664,26.5797703479254,63,63,63,63,61,63,0,8763,1.76508096394256,23,-86,0.001869,51,2024-09-21 05:15:43.000558,246,1.037,0.0011,"aoml_navis",1027.26078415073
"7901009",47,0,1,0.020559,1,-0.001869,1,147.35077364481,1,4.86723373216805,248,1,19.2059993743896,36.6069984436035,0.020558999851346,0,142.091293334961,-86.3737,23.0664,26.5797703479254,63,63,63,63,61,63,0,8763,1.76508096394256,23,-86,0.001869,51,2024-09-21 05:15:43.000558,248,1.037,0.0011,"aoml_navis",1027.27756157558
"7901009",47,0,1,0.014952,1,-0.007476,1,147.729084035362,1,4.86713516676962,250,1,19.1219997406006,36.5940017700195,0.0149520002305508,0,142.456100463867,-86.3737,23.0664,26.5797703479254,63,63,63,63,61,63,0,8763,1.76508096394256,23,-86,0.001869,51,2024-09-21 05:15:43.000558,250,1.037,0.0011,"aoml_navis",1027.29836519387
"7901009",47,0,1,0.016821,1,-0.005607,1,148.67951214721,1,4.86702975937193,252,1,19.0410003662109,36.5839996337891,0.0168210007250309,0,143.372604370117,-86.3737,23.0664,26.5797703479254,63,63,63,63,61,63,0,8763,1.76508096394256,23,-86,0.001869,51,2024-09-21 05:15:43.000558,252,1.037,0.0011,"aoml_navis",1027.32061384503
"7901009",47,0,1,0.01869,1,-0.003738,1,149.319449775396,1,4.86697969649594,254,1,19.0279998779297,36.5820007324219,0.0186899993568659,0,143.989700317383,-86.3737,23.0664,26.5797703479254,63,63,63,63,61,63,0,8763,1.76508096394256,23,-86,0.001869,51,2024-09-21 05:15:43.000558,254,1.037,0.0011,"aoml_navis",1027.33118110187
"7901009",47,0,1,0.016821,1,-0.005607,1,149.79906278935,1,4.8669221403282,256,1,19.0060005187988,36.5789985656738,0.0168210007250309,0,144.452194213867,-86.3737,23.0664,26.5797703479254,63,63,63,63,61,63,0,8763,1.76508096394256,23,-86,0.001869,51,2024-09-21 05:15:43.000558,256,1.037,0.0011,"aoml_navis",1027.34333030913
"7901009",47,0,1,0.014952,1,-0.007476,1,149.747731063277,1,4.86685575713546,258,1,18.9710006713867,36.5740013122559,0.0149520002305508,0,144.402694702148,-86.3737,23.0664,26.5797703479254,63,63,63,63,61,63,0,8763,1.76508096394256,23,-86,0.001869,51,2024-09-21 05:15:43.000558,258,1.037,0.0011,"aoml_navis",1027.35734312021
"7901009",47,0,1,0.014952,1,-0.007476,1,149.163793120224,1,4.86672819431494,260,1,18.8540000915527,36.5579986572266,0.0149520002305508,0,143.839599609375,-86.3737,23.0664,26.5797703479254,63,63,63,63,61,63,0,8763,1.76508096394256,23,-86,0.001869,51,2024-09-21 05:15:43.000558,260,1.037,0.0011,"aoml_navis",1027.38427139628
"7901009",47,0,1,0.016821,1,-0.005607,1,148.424293463539,1,4.8666566222741,262,1,18.7940006256104,36.5460014343262,0.0168210007250309,0,143.126495361328,-86.3737,23.0664,26.5797703479254,63,63,63,63,61,63,0,8763,1.76508096394256,23,-86,0.001869,51,2024-09-21 05:15:43.000558,262,1.037,0.0011,"aoml_navis",1027.39938074028
"7901009",47,0,1,0.014952,1,-0.007476,1,147.705965770321,1,4.86656921289881,264,1,18.7180004119873,36.5330009460449,0.0149520002305508,0,142.433807373047,-86.3737,23.0664,26.5797703479254,63,63,63,63,61,63,0,8763,1.76508096394256,23,-86,0.001869,51,2024-09-21 05:15:43.000558,264,1.037,0.0011,"aoml_navis",1027.41783405598
"7901009",47,0,1,0.016821,1,-0.005607,1,147.36404963685,1,4.86648931441864,266,1,18.6450004577637,36.5190010070801,0.0168210007250309,0,142.104095458984,-86.3737,23.0664,26.5797703479254,63,63,63,63,61,63,0,8763,1.76508096394256,23,-86,0.001869,51,2024-09-21 05:15:43.000558,266,1.037,0.0011,"aoml_navis",1027.4347022988
"7901009",47,0,1,0.014952,1,-0.007476,1,148.010221759509,1,4.86633628733695,268,1,18.4850006103516,36.4959983825684,0.0149520002305508,0,142.727203369141,-86.3737,23.0664,26.5797703479254,63,63,63,63,61,63,0,8763,1.76508096394256,23,-86,0.001869,51,2024-09-21 05:15:43.000558,268,1.037,0.0011,"aoml_navis",1027.46701106762
"7901009",47,0,1,0.01869,1,-0.003738,1,149.073994246777,1,4.86622918123648,270,1,18.3889999389648,36.4819984436035,0.0186899993568659,0,143.753005981445,-86.3737,23.0664,26.5797703479254,63,63,63,63,61,63,0,8763,1.76508096394256,23,-86,0.001869,51,2024-09-21 05:15:43.000558,270,1.037,0.0011,"aoml_navis",1027.48962570019
"7901009",47,0,1,0.01869,1,-0.003738,1,149.783824672146,1,4.86617820890784,272,1,18.3780002593994,36.4809989929199,0.0186899993568659,0,144.4375,-86.3737,23.0664,26.5797703479254,63,63,63,63,61,63,0,8763,1.76508096394256,23,-86,0.001869,51,2024-09-21 05:15:43.000558,272,1.037,0.0011,"aoml_navis",1027.5003884665
"7901009",47,0,1,0.01869,1,-0.003738,1,150.479667043925,1,4.86612116963673,274,1,18.3589992523193,36.4790000915527,0.0186899993568659,0,145.108505249023,-86.3737,23.0664,26.5797703479254,63,63,63,63,61,63,0,8763,1.76508096394256,23,-86,0.001869,51,2024-09-21 05:15:43.000558,274,1.037,0.0011,"aoml_navis",1027.51243253017
"7901009",47,0,4,0.013083,1,-0.009345,1,150.753430975117,1,4.86605566354551,276,1,18.3299999237061,36.476001739502,0.0130829997360706,0,145.372497558594,-86.3737,23.0664,26.5797703479254,63,63,63,63,61,63,0,8763,1.76508096394256,23,-86,0.001869,51,2024-09-21 05:15:43.000558,276,1.037,0.0011,"aoml_navis",1027.52626474414
"7901009",47,0,1,0.014952,1,-0.007476,1,150.602758750806,1,4.8659962281076,278,1,18.2999992370605,36.4710006713867,0.0149520002305508,0,145.227203369141,-86.3737,23.0664,26.5797703479254,63,63,63,63,61,63,0,8763,1.76508096394256,23,-86,0.001869,51,2024-09-21 05:15:43.000558,278,1.037,0.0011,"aoml_navis",1027.53881540605
"7901009",47,0,1,0.020559,1,-0.001869,1,150.513466232239,1,4.86593682804135,280,1,18.2700004577637,36.4659996032715,0.020558999851346,0,145.141098022461,-86.3737,23.0664,26.5797703479254,63,63,63,63,61,63,0,8763,1.76508096394256,23,-86,0.001869,51,2024-09-21 05:15:43.000558,280,1.037,0.0011,"aoml_navis",1027.55135890505
"7901009",47,0,1,0.01869,1,-0.003738,1,149.923404559843,1,4.86588710159484,282,1,18.253999710083,36.4630012512207,0.0186899993568659,0,144.57209777832,-86.3737,23.0664,26.5797703479254,63,63,63,63,61,63,0,8763,1.76508096394256,23,-86,0.001869,51,2024-09-21 05:15:43.000558,282,1.037,0.0011,"aoml_navis",1027.56185986338
"7901009",47,0,4,0.011214,1,-0.011214,1,149.069943407728,1,4.86582293201157,284,1,18.2140007019043,36.4560012817383,0.0112140001729131,0,143.749099731445,-86.3737,23.0664,26.5797703479254,63,63,63,63,61,63,0,8763,1.76508096394256,23,-86,0.001869,51,2024-09-21 05:15:43.000558,284,1.037,0.0011,"aoml_navis",1027.57541116133
"7901009",47,0,1,0.016821,1,-0.005607,1,148.194598230594,1,4.86573003336392,286,1,18.128999710083,36.4420013427734,0.0168210007250309,0,142.904998779297,-86.3737,23.0664,26.5797703479254,63,63,63,63,61,63,0,8763,1.76508096394256,23,-86,0.001869,51,2024-09-21 05:15:43.000558,286,1.037,0.0011,"aoml_navis",1027.59503008087
"7901009",47,0,1,0.01869,1,-0.003738,1,147.144513148707,1,4.86564347703716,288,1,18.0429992675781,36.4259986877441,0.0186899993568659,0,141.892395019531,-86.3737,23.0664,26.5797703479254,63,63,63,63,61,63,0,8763,1.76508096394256,23,-86,0.001869,51,2024-09-21 05:15:43.000558,288,1.037,0.0011,"aoml_navis",1027.61331026347
"7901009",47,0,1,0.014952,1,-0.007476,1,145.942300072226,1,4.86556078927634,290,1,17.9599990844727,36.4099998474121,0.0149520002305508,0,140.733093261719,-86.3737,23.0664,26.5797703479254,63,63,63,63,61,63,0,8763,1.76508096394256,23,-86,0.001869,51,2024-09-21 05:15:43.000558,290,1.037,0.0011,"aoml_navis",1027.63077403533
"7901009",47,0,1,0.01869,1,-0.003738,1,145.027664921036,1,4.86547948388676,292,1,17.8840007781982,36.3959999084473,0.0186899993568659,0,139.851104736328,-86.3737,23.0664,26.5797703479254,63,63,63,63,61,63,0,8763,1.76508096394256,23,-86,0.001869,51,2024-09-21 05:15:43.000558,292,1.037,0.0011,"aoml_navis",1027.64794642722
"7901009",47,0,1,0.016821,1,-0.005607,1,144.448173406783,1,4.86539013814841,294,1,17.7980003356934,36.3810005187988,0.0168210007250309,0,139.292297363281,-86.3737,23.0664,26.5797703479254,63,63,63,63,61,63,0,8763,1.76508096394256,23,-86,0.001869,51,2024-09-21 05:15:43.000558,294,1.037,0.0011,"aoml_navis",1027.66681767124
"7901009",47,0,1,0.016821,1,-0.005607,1,144.088534852473,1,4.86532230385558,296,1,17.7360000610352,36.3680000305176,0.0168210007250309,0,138.945495605469,-86.3737,23.0664,26.5797703479254,63,63,63,63,61,63,0,8763,1.76508096394256,23,-86,0.001869,51,2024-09-21 05:15:43.000558,296,1.037,0.0011,"aoml_navis",1027.68114581796
"7901009",47,0,1,0.022428,1,0,1,144.748805793853,1,4.86524729623159,298,1,17.6770000457764,36.3580017089844,0.0224280003458261,0,139.58219909668,-86.3737,23.0664,26.5797703479254,63,63,63,63,61,63,0,8763,1.76508096394256,23,-86,0.001869,51,2024-09-21 05:15:43.000558,298,1.037,0.0011,"aoml_navis",1027.69698960067
"7901009",47,0,1,0.016821,1,-0.005607,1,145.226978861114,1,4.86516228765079,300,1,17.636999130249,36.3569984436035,0.0168210007250309,0,140.043304443359,-86.3737,23.0664,26.5797703479254,63,63,63,63,61,63,0,8763,1.76508096394256,23,-86,0.001869,51,2024-09-21 05:15:43.000558,300,1.037,0.0011,"aoml_navis",1027.7149464657
"7901009",47,0,1,0.016821,1,-0.005607,1,145.022886196846,1,4.86511402519331,302,1,17.625,36.3549995422363,0.0168210007250309,0,139.846496582031,-86.3737,23.0664,26.5797703479254,63,63,63,63,61,63,0,8763,1.76508096394256,23,-86,0.001869,51,2024-09-21 05:15:43.000558,302,1.037,0.0011,"aoml_navis",1027.72514150916
"7901009",47,0,1,0.01869,1,-0.003738,1,144.360969602101,1,4.86505875656051,304,1,17.6040000915527,36.3520011901855,0.0186899993568659,0,139.208206176758,-86.3737,23.0664,26.5797703479254,63,63,63,63,61,63,0,8763,1.76508096394256,23,-86,0.001869,51,2024-09-21 05:15:43.000558,304,1.037,0.0011,"aoml_navis",1027.73681679744
"7901009",47,0,1,0.014952,1,-0.007476,1,143.271895194368,1,4.86498750946212,306,1,17.5510005950928,36.3429985046387,0.0149520002305508,0,138.158004760742,-86.3737,23.0664,26.5797703479254,63,63,63,63,61,63,0,8763,1.76508096394256,23,-86,0.001869,51,2024-09-21 05:15:43.000558,306,1.037,0.0011,"aoml_navis",1027.75186786714
"7901009",47,0,1,0.01869,1,-0.003738,1,142.055472534035,1,4.86492839906609,308,1,17.4990005493164,36.3310012817383,0.0186899993568659,0,136.985000610352,-86.3737,23.0664,26.5797703479254,63,63,63,63,61,63,0,8763,1.76508096394256,23,-86,0.001869,51,2024-09-21 05:15:43.000558,308,1.037,0.0011,"aoml_navis",1027.7643553726
"7901009",47,0,1,0.020559,1,-0.001869,1,140.870364758382,1,4.86487617033446,310,1,17.4619998931885,36.3219985961914,0.020558999851346,0,135.842193603516,-86.3737,23.0664,26.5797703479254,63,63,63,63,61,63,0,8763,1.76508096394256,23,-86,0.001869,51,2024-09-21 05:15:43.000558,310,1.037,0.0011,"aoml_navis",1027.77538932841
"7901009",47,0,1,0.016821,1,-0.005607,1,140.276995955668,1,4.86480690310355,312,1,17.3950004577637,36.3079986572266,0.0168210007250309,0,135.270004272461,-86.3737,23.0664,26.5797703479254,63,63,63,63,61,63,0,8763,1.76508096394256,23,-86,0.001869,51,2024-09-21 05:15:43.000558,312,1.037,0.0011,"aoml_navis",1027.79002324022
"7901009",47,0,1,0.01869,1,-0.003738,1,139.948672286036,1,4.86472049603673,314,1,17.306999206543,36.2919998168945,0.0186899993568659,0,134.953399658203,-86.3737,23.0664,26.5797703479254,63,63,63,63,61,63,0,8763,1.76508096394256,23,-86,0.001869,51,2024-09-21 05:15:43.000558,314,1.037,0.0011,"aoml_navis",1027.80827882578
"7901009",47,0,1,0.022428,1,0,1,140.065861793834,1,4.86457480278068,316,1,17.1459999084473,36.2690010070801,0.0224280003458261,0,135.06640625,-86.3737,23.0664,26.5797703479254,63,63,63,63,61,63,0,8763,1.76508096394256,23,-86,0.001869,51,2024-09-21 05:15:43.000558,316,1.037,0.0011,"aoml_navis",1027.8390615233
"7901009",47,0,1,0.013083,1,-0.009345,1,140.156072080622,1,4.86446411853922,318,1,17.0300006866455,36.2509994506836,0.0130829997360706,0,135.153396606445,-86.3737,23.0664,26.5797703479254,63,63,63,63,61,63,0,8763,1.76508096394256,23,-86,0.001869,51,2024-09-21 05:15:43.000558,318,1.037,0.0011,"aoml_navis",1027.86244859824
"7901009",47,0,1,0.014952,1,-0.007476,1,139.835217145487,1,4.86440083920277,320,1,16.9860000610352,36.2430000305176,0.0149520002305508,0,134.843994140625,-86.3737,23.0664,26.5797703479254,63,63,63,63,61,63,0,8763,1.76508096394256,23,-86,0.001869,51,2024-09-21 05:15:43.000558,320,1.037,0.0011,"aoml_navis",1027.87581971132
"7901009",47,0,1,0.014952,1,-0.007476,1,139.712853323748,1,4.86431638276148,322,1,16.9109992980957,36.2309989929199,0.0149520002305508,0,134.725997924805,-86.3737,23.0664,26.5797703479254,63,63,63,63,61,63,0,8763,1.76508096394256,23,-86,0.001869,51,2024-09-21 05:15:43.000558,322,1.037,0.0011,"aoml_navis",1027.89366615201
"7901009",47,0,1,0.016821,1,-0.005607,1,139.566738293367,1,4.86421853284686,324,1,16.8209991455078,36.2179985046387,0.0168210007250309,0,134.585098266602,-86.3737,23.0664,26.5797703479254,63,63,63,63,61,63,0,8763,1.76508096394256,23,-86,0.001869,51,2024-09-21 05:15:43.000558,324,1.037,0.0011,"aoml_navis",1027.91434353458
"7901009",47,0,1,0.01869,1,-0.003738,1,139.275964002888,1,4.86414643515634,326,1,16.7689990997314,36.2099990844727,0.0186899993568659,0,134.304702758789,-86.3737,23.0664,26.5797703479254,63,63,63,63,61,63,0,8763,1.76508096394256,23,-86,0.001869,51,2024-09-21 05:15:43.000558,326,1.037,0.0011,"aoml_navis",1027.92957955825
"7901009",47,0,1,0.01869,1,-0.003738,1,138.995759870553,1,4.86409430239551,328,1,16.7469997406006,36.2060012817383,0.0186899993568659,0,134.03450012207,-86.3737,23.0664,26.5797703479254,63,63,63,63,61,63,0,8763,1.76508096394256,23,-86,0.001869,51,2024-09-21 05:15:43.000558,328,1.037,0.0011,"aoml_navis",1027.94059678028
"7901009",47,0,1,0.014952,1,-0.007476,1,138.446238235825,1,4.86405461851787,330,1,16.7390003204346,36.2029991149902,0.0149520002305508,0,133.504592895508,-86.3737,23.0664,26.5797703479254,63,63,63,63,61,63,0,8763,1.76508096394256,23,-86,0.001869,51,2024-09-21 05:15:43.000558,330,1.037,0.0011,"aoml_navis",1027.94898333678
"7901009",47,0,1,0.014952,1,-0.007476,1,137.951893459549,1,4.86397868777745,332,1,16.673999786377,36.1920013427734,0.0149520002305508,0,133.027893066406,-86.3737,23.0664,26.5797703479254,63,63,63,63,61,63,0,8763,1.76508096394256,23,-86,0.001869,51,2024-09-21 05:15:43.000558,332,1.037,0.0011,"aoml_navis",1027.96503047276
"7901009",47,0,1,0.020559,1,-0.001869,1,137.551097747558,1,4.86388302949076,334,1,16.5820007324219,36.1780014038086,0.020558999851346,0,132.641403198242,-86.3737,23.0664,26.5797703479254,63,63,63,63,61,63,0,8763,1.76508096394256,23,-86,0.001869,51,2024-09-21 05:15:43.000558,334,1.037,0.0011,"aoml_navis",1027.98524752424
"7901009",47,0,1,0.020559,1,-0.001869,1,137.083716368701,1,4.86382458393656,336,1,16.5319995880127,36.1669998168945,0.020558999851346,0,132.190704345703,-86.3737,23.0664,26.5797703479254,63,63,63,63,61,63,0,8763,1.76508096394256,23,-86,0.001869,51,2024-09-21 05:15:43.000558,336,1.037,0.0011,"aoml_navis",1027.99760018344
"7901009",47,0,1,0.01869,1,-0.003738,1,136.777071017418,1,4.86374148563609,338,1,16.4570007324219,36.1549987792969,0.0186899993568659,0,131.895004272461,-86.3737,23.0664,26.5797703479254,63,63,63,63,61,63,0,8763,1.76508096394256,23,-86,0.001869,51,2024-09-21 05:15:43.000558,338,1.037,0.0011,"aoml_navis",1028.01516379238
"7901009",47,0,1,0.01869,1,-0.003738,1,136.358521237408,1,4.86365365529396,340,1,16.3680000305176,36.1399993896484,0.0186899993568659,0,131.491394042969,-86.3737,23.0664,26.5797703479254,63,63,63,63,61,63,0,8763,1.76508096394256,23,-86,0.001869,51,2024-09-21 05:15:43.000558,340,1.037,0.0011,"aoml_navis",1028.03372821534
"7901009",47,0,1,0.016821,1,-0.005607,1,135.653042299298,1,4.86354687412756,342,1,16.2490005493164,36.1209983825684,0.0168210007250309,0,130.811096191406,-86.3737,23.0664,26.5797703479254,63,63,63,63,61,63,0,8763,1.76508096394256,23,-86,0.001869,51,2024-09-21 05:15:43.000558,342,1.037,0.0011,"aoml_navis",1028.05629911749
"7901009",47,0,1,0.01869,1,-0.003738,1,134.912830581062,1,4.86345894500398,344,1,16.1560001373291,36.1049995422363,0.0186899993568659,0,130.097305297852,-86.3737,23.0664,26.5797703479254,63,63,63,63,61,63,0,8763,1.76508096394256,23,-86,0.001869,51,2024-09-21 05:15:43.000558,344,1.037,0.0011,"aoml_navis",1028.07488590734
"7901009",47,0,1,0.022428,1,0,1,134.426460894163,1,4.86335237203784,346,1,16.0330009460449,36.0849990844727,0.0224280003458261,0,129.628295898438,-86.3737,23.0664,26.5797703479254,63,63,63,63,61,63,0,8763,1.76508096394256,23,-86,0.001869,51,2024-09-21 05:15:43.000558,346,1.037,0.0011,"aoml_navis",1028.09741460393
"7901009",47,0,4,0.014952,1,-0.007476,1,134.277861560146,1,4.86325584045109,348,1,15.9250001907349,36.0670013427734,0.0149520002305508,0,129.485000610352,-86.3737,23.0664,26.5797703479254,63,63,63,63,61,63,0,8763,1.76508096394256,23,-86,0.001869,51,2024-09-21 05:15:43.000558,348,1.037,0.0011,"aoml_navis",1028.1178214832
"7901009",47,0,1,0.022428,1,0,1,133.982007897266,1,4.86319227556632,350,1,15.878999710083,36.0589981079102,0.0224280003458261,0,129.19970703125,-86.3737,23.0664,26.5797703479254,63,63,63,63,61,63,0,8763,1.76508096394256,23,-86,0.001869,51,2024-09-21 05:15:43.000558,350,1.037,0.0011,"aoml_navis",1028.13125960926
"7901009",47,0,1,0.020559,1,-0.001869,1,133.823439701528,1,4.86312465005998,352,1,15.826000213623,36.0499992370605,0.020558999851346,0,129.046798706055,-86.3737,23.0664,26.5797703479254,63,63,63,63,61,63,0,8763,1.76508096394256,23,-86,0.001869,51,2024-09-21 05:15:43.000558,352,1.037,0.0011,"aoml_navis",1028.14555656893
"7901009",47,0,1,0.022428,1,0,1,133.517110822045,1,4.86307328871346,354,1,15.8039999008179,36.0460014343262,0.0224280003458261,0,128.751403808594,-86.3737,23.0664,26.5797703479254,63,63,63,63,61,63,0,8763,1.76508096394256,23,-86,0.001869,51,2024-09-21 05:15:43.000558,354,1.037,0.0011,"aoml_navis",1028.1564153278
"7901009",47,0,1,0.016821,1,-0.005607,1,133.267398747706,1,4.86301815346215,356,1,15.7720003128052,36.0400009155273,0.0168210007250309,0,128.510604858398,-86.3737,23.0664,26.5797703479254,63,63,63,63,61,63,0,8763,1.76508096394256,23,-86,0.001869,51,2024-09-21 05:15:43.000558,356,1.037,0.0011,"aoml_navis",1028.1680722167
"7901009",47,0,1,0.020559,1,-0.001869,1,132.995596941679,1,4.86294997543675,358,1,15.7150001525879,36.0299987792969,0.020558999851346,0,128.248504638672,-86.3737,23.0664,26.5797703479254,63,63,63,63,61,63,0,8763,1.76508096394256,23,-86,0.001869,51,2024-09-21 05:15:43.000558,358,1.037,0.0011,"aoml_navis",1028.18248702033
"7901009",47,0,1,0.020559,1,-0.001869,1,132.764857351792,1,4.86286308671537,360,1,15.6309995651245,36.0169982910156,0.020558999851346,0,128.026000976562,-86.3737,23.0664,26.5797703479254,63,63,63,63,61,63,0,8763,1.76508096394256,23,-86,0.001869,51,2024-09-21 05:15:43.000558,360,1.037,0.0011,"aoml_navis",1028.20085839128
"7901009",47,0,1,0.016821,1,-0.005607,1,132.489843356988,1,4.86280740052977,362,1,15.5950002670288,36.0099983215332,0.0168210007250309,0,127.760803222656,-86.3737,23.0664,26.5797703479254,63,63,63,63,61,63,0,8763,1.76508096394256,23,-86,0.001869,51,2024-09-21 05:15:43.000558,362,1.037,0.0011,"aoml_navis",1028.21263277984
"7901009",47,0,1,0.016821,1,-0.005607,1,132.320182824635,1,4.8627285790408,364,1,15.5179996490479,35.9970016479492,0.0168210007250309,0,127.597198486328,-86.3737,23.0664,26.5797703479254,63,63,63,63,61,63,0,8763,1.76508096394256,23,-86,0.001869,51,2024-09-21 05:15:43.000558,364,1.037,0.0011,"aoml_navis",1028.22929940011
"7901009",47,0,1,0.016821,1,-0.005607,1,132.301313193519,1,4.86264236719913,366,1,15.4340000152588,35.984001159668,0.0168210007250309,0,127.579002380371,-86.3737,23.0664,26.5797703479254,63,63,63,63,61,63,0,8763,1.76508096394256,23,-86,0.001869,51,2024-09-21 05:15:43.000558,366,1.037,0.0011,"aoml_navis",1028.24752931193
"7901009",47,0,1,0.01869,1,-0.003738,1,132.276422686394,1,4.86257060716397,368,1,15.3730001449585,35.9739990234375,0.0186899993568659,0,127.555000305176,-86.3737,23.0664,26.5797703479254,63,63,63,63,61,63,0,8763,1.76508096394256,23,-86,0.001869,51,2024-09-21 05:15:43.000558,368,1.037,0.0011,"aoml_navis",1028.26270381217
"7901009",47,0,1,0.01869,1,-0.003738,1,131.930162977458,1,4.86251165299299,370,1,15.3369998931885,35.9679985046387,0.0186899993568659,0,127.221099853516,-86.3737,23.0664,26.5797703479254,63,63,63,63,61,63,0,8763,1.76508096394256,23,-86,0.001869,51,2024-09-21 05:15:43.000558,370,1.037,0.0011,"aoml_navis",1028.27517069751
"7901009",47,0,1,0.01869,1,-0.003738,1,131.725666811644,1,4.8624008588852,372,1,15.2130002975464,35.9500007629395,0.0186899993568659,0,127.023902893066,-86.3737,23.0664,26.5797703479254,63,63,63,63,61,63,0,8763,1.76508096394256,23,-86,0.001869,51,2024-09-21 05:15:43.000558,372,1.037,0.0011,"aoml_navis",1028.29860085751
"7901009",47,0,1,0.016821,1,-0.005607,1,131.32330456424,1,4.86234213235565,374,1,15.1770000457764,35.9440002441406,0.0168210007250309,0,126.635902404785,-86.3737,23.0664,26.5797703479254,63,63,63,63,61,63,0,8763,1.76508096394256,23,-86,0.001869,51,2024-09-21 05:15:43.000558,374,1.037,0.0011,"aoml_navis",1028.31102047063
"7901009",47,0,1,0.016821,1,-0.005607,1,130.873859224687,1,4.86229858671134,376,1,15.1549997329712,35.9379997253418,0.0168210007250309,0,126.202499389648,-86.3737,23.0664,26.5797703479254,63,63,63,63,61,63,0,8763,1.76508096394256,23,-86,0.001869,51,2024-09-21 05:15:43.000558,376,1.037,0.0011,"aoml_navis",1028.32022979111
"7901009",47,0,1,0.016821,1,-0.005607,1,130.140277590675,1,4.86224612863317,378,1,15.1180000305176,35.9300003051758,0.0168210007250309,0,125.495101928711,-86.3737,23.0664,26.5797703479254,63,63,63,63,61,63,0,8763,1.76508096394256,23,-86,0.001869,51,2024-09-21 05:15:43.000558,378,1.037,0.0011,"aoml_navis",1028.33132419102
"7901009",47,0,1,0.020559,1,-0.001869,1,129.931936292483,1,4.86214035157173,380,1,15.0010004043579,35.9129981994629,0.020558999851346,0,125.29419708252,-86.3737,23.0664,26.5797703479254,63,63,63,63,61,63,0,8763,1.76508096394256,23,-86,0.001869,51,2024-09-21 05:15:43.000558,380,1.037,0.0011,"aoml_navis",1028.35369579237
"7901009",47,0,1,0.020559,1,-0.001869,1,129.537667811381,1,4.86208448557819,382,1,14.96399974823,35.9059982299805,0.020558999851346,0,124.914001464844,-86.3737,23.0664,26.5797703479254,63,63,63,63,61,63,0,8763,1.76508096394256,23,-86,0.001869,51,2024-09-21 05:15:43.000558,382,1.037,0.0011,"aoml_navis",1028.36551171229
"7901009",47,0,1,0.020559,1,-0.001869,1,128.862047987667,1,4.86202522918844,384,1,14.9169998168945,35.8969993591309,0.020558999851346,0,124.262496948242,-86.3737,23.0664,26.5797703479254,63,63,63,63,61,63,0,8763,1.76508096394256,23,-86,0.001869,51,2024-09-21 05:15:43.000558,384,1.037,0.0011,"aoml_navis",1028.37804501368
"7901009",47,0,1,0.01869,1,-0.003738,1,128.430760217679,1,4.8619408811896,386,1,14.826000213623,35.8819999694824,0.0186899993568659,0,123.846603393555,-86.3737,23.0664,26.5797703479254,63,63,63,63,61,63,0,8763,1.76508096394256,23,-86,0.001869,51,2024-09-21 05:15:43.000558,386,1.037,0.0011,"aoml_navis",1028.3958859608
"7901009",47,0,1,0.022428,1,0,1,127.874394880262,1,4.86188188773618,388,1,14.7790002822876,35.8730010986328,0.0224280003458261,0,123.310096740723,-86.3737,23.0664,26.5797703479254,63,63,63,63,61,63,0,8763,1.76508096394256,23,-86,0.001869,51,2024-09-21 05:15:43.000558,388,1.037,0.0011,"aoml_navis",1028.40836438504
"7901009",47,0,1,0.016821,1,-0.005607,1,127.276555913363,1,4.8617801892558,390,1,14.6540002822876,35.8530006408691,0.0168210007250309,0,122.733596801758,-86.3737,23.0664,26.5797703479254,63,63,63,63,61,63,0,8763,1.76508096394256,23,-86,0.001869,51,2024-09-21 05:15:43.000558,390,1.037,0.0011,"aoml_navis",1028.42987658094
"7901009",47,0,1,0.01869,1,-0.003738,1,126.886433212851,1,4.86165262000461,392,1,14.4899997711182,35.8289985656738,0.0186899993568659,0,122.357398986816,-86.3737,23.0664,26.5797703479254,63,63,63,63,61,63,0,8763,1.76508096394256,23,-86,0.001869,51,2024-09-21 05:15:43.000558,392,1.037,0.0011,"aoml_navis",1028.45686247226
"7901009",47,0,1,0.01869,1,-0.003738,1,126.409304502533,1,4.86154986717915,394,1,14.3660001754761,35.810001373291,0.0186899993568659,0,121.897300720215,-86.3737,23.0664,26.5797703479254,63,63,63,63,61,63,0,8763,1.76508096394256,23,-86,0.001869,51,2024-09-21 05:15:43.000558,394,1.037,0.0011,"aoml_navis",1028.47859974769
"7901009",47,0,1,0.020559,1,-0.001869,1,125.914754019586,1,4.86144517140715,396,1,14.2290000915527,35.7879981994629,0.020558999851346,0,121.420402526855,-86.3737,23.0664,26.5797703479254,63,63,63,63,61,63,0,8763,1.76508096394256,23,-86,0.001869,51,2024-09-21 05:15:43.000558,396,1.037,0.0011,"aoml_navis",1028.50074899698
"7901009",47,0,1,0.024297,1,0.001869,1,125.354970786721,1,4.86135113026992,398,1,14.0979995727539,35.7649993896484,0.0242970008403063,0,120.880599975586,-86.3737,23.0664,26.5797703479254,63,63,63,63,61,63,0,8763,1.76508096394256,23,-86,0.001869,51,2024-09-21 05:15:43.000558,398,1.037,0.0011,"aoml_navis",1028.52064498422
"7901009",47,0,1,0.020559,1,-0.001869,1,124.856891643197,1,4.86123187134138,400,1,13.9169998168945,35.7350006103516,0.020558999851346,0,120.400299072266,-86.3737,23.0664,26.5797703479254,63,63,63,63,61,63,0,8763,1.76508096394256,23,-86,0.001869,51,2024-09-21 05:15:43.000558,400,1.037,0.0011,"aoml_navis",1028.54587732725
"7901009",47,0,1,0.022428,1,0,1,124.755264636198,1,4.86112150164218,402,1,13.753999710083,35.7080001831055,0.0224280003458261,0,120.302299499512,-86.3737,23.0664,26.5797703479254,63,63,63,63,61,63,0,8763,1.76508096394256,23,-86,0.001869,51,2024-09-21 05:15:43.000558,402,1.037,0.0011,"aoml_navis",1028.56923002457
"7901009",47,0,1,0.024297,1,0.001869,1,124.578348987815,1,4.8610270169134,404,1,13.6450004577637,35.6920013427734,0.0242970008403063,0,120.131698608398,-86.3737,23.0664,26.5797703479254,63,63,63,63,61,63,0,8763,1.76508096394256,23,-86,0.001869,51,2024-09-21 05:15:43.000558,404,1.037,0.0011,"aoml_navis",1028.58922252501
"7901009",47,0,1,0.022428,1,0,1,124.450692175209,1,4.86096384801262,406,1,13.5880002975464,35.681999206543,0.0224280003458261,0,120.008598327637,-86.3737,23.0664,26.5797703479254,63,63,63,63,61,63,0,8763,1.76508096394256,23,-86,0.001869,51,2024-09-21 05:15:43.000558,406,1.037,0.0011,"aoml_navis",1028.6025891849
"7901009",47,0,1,0.022428,1,0,1,124.304782851499,1,4.86088986721138,408,1,13.5310001373291,35.6749992370605,0.0224280003458261,0,119.867897033691,-86.3737,23.0664,26.5797703479254,63,63,63,63,61,63,0,8763,1.76508096394256,23,-86,0.001869,51,2024-09-21 05:15:43.000558,408,1.037,0.0011,"aoml_navis",1028.61824410525
"7901009",47,0,1,0.01869,1,-0.003738,1,124.125280046144,1,4.86084003783519,410,1,13.5050001144409,35.6699981689453,0.0186899993568659,0,119.694801330566,-86.3737,23.0664,26.5797703479254,63,63,63,63,61,63,0,8763,1.76508096394256,23,-86,0.001869,51,2024-09-21 05:15:43.000558,410,1.037,0.0011,"aoml_navis",1028.62878866238
"7901009",47,0,1,0.01869,1,-0.003738,1,123.943799292035,1,4.8607930296368,412,1,13.4890003204346,35.6669998168945,0.0186899993568659,0,119.519798278809,-86.3737,23.0664,26.5797703479254,63,63,63,63,61,63,0,8763,1.76508096394256,23,-86,0.001869,51,2024-09-21 05:15:43.000558,412,1.037,0.0011,"aoml_navis",1028.63873641903
"7901009",47,0,1,0.020559,1,-0.001869,1,123.580537135607,1,4.86074161445024,414,1,13.4650001525879,35.6629981994629,0.020558999851346,0,119.169502258301,-86.3737,23.0664,26.5797703479254,63,63,63,63,61,63,0,8763,1.76508096394256,23,-86,0.001869,51,2024-09-21 05:15:43.000558,414,1.037,0.0011,"aoml_navis",1028.64961699173
"7901009",47,0,1,0.020559,1,-0.001869,1,123.254705681406,1,4.86069006760543,416,1,13.4300003051758,35.6559982299805,0.020558999851346,0,118.85530090332,-86.3737,23.0664,26.5797703479254,63,63,63,63,61,63,0,8763,1.76508096394256,23,-86,0.001869,51,2024-09-21 05:15:43.000558,416,1.037,0.0011,"aoml_navis",1028.66052565726
"7901009",47,0,1,0.022428,1,0,1,122.827872252013,1,4.86062373267063,418,1,13.3730001449585,35.6469993591309,0.0224280003458261,0,118.443702697754,-86.3737,23.0664,26.5797703479254,63,63,63,63,61,63,0,8763,1.76508096394256,23,-86,0.001869,51,2024-09-21 05:15:43.000558,418,1.037,0.0011,"aoml_navis",1028.67456421129
"7901009",47,0,1,0.022428,1,0,1,122.508362322031,1,4.8605393415419,420,1,13.2760000228882,35.6319999694824,0.0224280003458261,0,118.135597229004,-86.3737,23.0664,26.5797703479254,63,63,63,63,61,63,0,8763,1.76508096394256,23,-86,0.001869,51,2024-09-21 05:15:43.000558,420,1.037,0.0011,"aoml_navis",1028.69242457646
"7901009",47,0,1,0.024297,1,0.001869,1,122.300234642304,1,4.86044239854269,422,1,13.1549997329712,35.6139984130859,0.0242970008403063,0,117.934898376465,-86.3737,23.0664,26.5797703479254,63,63,63,63,61,63,0,8763,1.76508096394256,23,-86,0.001869,51,2024-09-21 05:15:43.000558,422,1.037,0.0011,"aoml_navis",1028.71294215917
"7901009",47,0,1,0.026166,1,0.003738,1,122.060997784568,1,4.86036947007797,424,1,13.076000213623,35.601001739502,0.0261659994721413,0,117.704200744629,-86.3737,23.0664,26.5797703479254,63,63,63,63,61,63,0,8763,1.76508096394256,23,-86,0.001869,51,2024-09-21 05:15:43.000558,424,1.037,0.0011,"aoml_navis",1028.72837770495
"7901009",47,0,1,0.020559,1,-0.001869,1,121.763996911411,1,4.8602974398758,426,1,13.0050001144409,35.5900001525879,0.020558999851346,0,117.41780090332,-86.3737,23.0664,26.5797703479254,63,63,63,63,61,63,0,8763,1.76508096394256,23,-86,0.001869,51,2024-09-21 05:15:43.000558,426,1.037,0.0011,"aoml_navis",1028.74362358526
"7901009",47,0,1,0.022428,1,0,1,121.407887017678,1,4.86024366833284,428,1,12.956000328064,35.5800018310547,0.0224280003458261,0,117.074401855469,-86.3737,23.0664,26.5797703479254,63,63,63,63,61,63,0,8763,1.76508096394256,23,-86,0.001869,51,2024-09-21 05:15:43.000558,428,1.037,0.0011,"aoml_navis",1028.75500514053
"7901009",47,0,1,0.026166,1,0.003738,1,121.179433936551,1,4.86014769900016,430,1,12.8380002975464,35.5629997253418,0.0261659994721413,0,116.854103088379,-86.3737,23.0664,26.5797703479254,63,63,63,63,61,63,0,8763,1.76508096394256,23,-86,0.001869,51,2024-09-21 05:15:43.000558,430,1.037,0.0011,"aoml_navis",1028.7753191181
"7901009",47,0,1,0.024297,1,0.001869,1,121.103108850019,1,4.86005501202128,432,1,12.7189998626709,35.5449981689453,0.0242970008403063,0,116.780502319336,-86.3737,23.0664,26.5797703479254,63,63,63,63,61,63,0,8763,1.76508096394256,23,-86,0.001869,51,2024-09-21 05:15:43.000558,432,1.037,0.0011,"aoml_navis",1028.79493907632
"7901009",47,0,1,0.024297,1,0.001869,1,120.921003064104,1,4.85998989703263,434,1,12.6540002822876,35.5340003967285,0.0242970008403063,0,116.60489654541,-86.3737,23.0664,26.5797703479254,63,63,63,63,61,63,0,8763,1.76508096394256,23,-86,0.001869,51,2024-09-21 05:15:43.000558,434,1.037,0.0011,"aoml_navis",1028.80872304958
"7901009",47,0,4,0.01869,1,-0.003738,1,120.703650231386,1,4.85991938259533,436,1,12.5869998931885,35.523998260498,0.0186899993568659,0,116.395301818848,-86.3737,23.0664,26.5797703479254,63,63,63,63,61,63,0,8763,1.76508096394256,23,-86,0.001869,51,2024-09-21 05:15:43.000558,436,1.037,0.0011,"aoml_navis",1028.82365043057
"7901009",47,0,1,0.028035,1,0.005607,1,120.485980926868,1,4.85985582308788,438,1,12.5270004272461,35.5139999389648,0.0280349999666214,0,116.185401916504,-86.3737,23.0664,26.5797703479254,63,63,63,63,61,63,0,8763,1.76508096394256,23,-86,0.001869,51,2024-09-21 05:15:43.000558,438,1.037,0.0011,"aoml_navis",1028.83710587593
"7901009",47,0,1,0.022428,1,0,1,120.2594978827,1,4.85979048327448,440,1,12.4650001525879,35.5040016174316,0.0224280003458261,0,115.967002868652,-86.3737,23.0664,26.5797703479254,63,63,63,63,61,63,0,8763,1.76508096394256,23,-86,0.001869,51,2024-09-21 05:15:43.000558,440,1.037,0.0011,"aoml_navis",1028.85093857607
"7901009",47,0,1,0.024297,1,0.001869,1,120.065366168359,1,4.85971625759515,442,1,12.3859996795654,35.492000579834,0.0242970008403063,0,115.779800415039,-86.3737,23.0664,26.5797703479254,63,63,63,63,61,63,0,8763,1.76508096394256,23,-86,0.001869,51,2024-09-21 05:15:43.000558,442,1.037,0.0011,"aoml_navis",1028.8666529009
"7901009",47,0,1,0.022428,1,0,1,119.996406962987,1,4.8596491994599,444,1,12.3179998397827,35.4809989929199,0.0224280003458261,0,115.713302612305,-86.3737,23.0664,26.5797703479254,63,63,63,63,61,63,0,8763,1.76508096394256,23,-86,0.001869,51,2024-09-21 05:15:43.000558,444,1.037,0.0011,"aoml_navis",1028.88085019711
"7901009",47,0,1,0.022428,1,0,1,119.829444352735,1,4.85958780952642,446,1,12.2709999084473,35.4739990234375,0.0224280003458261,0,115.552299499512,-86.3737,23.0664,26.5797703479254,63,63,63,63,61,63,0,8763,1.76508096394256,23,-86,0.001869,51,2024-09-21 05:15:43.000558,446,1.037,0.0011,"aoml_navis",1028.8938477865
"7901009",47,0,1,0.022428,1,0,1,119.776142589703,1,4.85951567299827,448,1,12.2049999237061,35.4650001525879,0.0224280003458261,0,115.500900268555,-86.3737,23.0664,26.5797703479254,63,63,63,63,61,63,0,8763,1.76508096394256,23,-86,0.001869,51,2024-09-21 05:15:43.000558,448,1.037,0.0011,"aoml_navis",1028.90912108429
"7901009",47,0,1,0.024297,1,0.001869,1,119.582430200498,1,4.85946434840394,450,1,12.1759996414185,35.4599990844727,0.0242970008403063,0,115.314102172852,-86.3737,23.0664,26.5797703479254,63,63,63,63,61,63,0,8763,1.76508096394256,23,-86,0.001869,51,2024-09-21 05:15:43.000558,450,1.037,0.0011,"aoml_navis",1028.91998819627
"7901009",47,0,1,0.024297,1,0.001869,1,119.379279039836,1,4.85940828366532,452,1,12.1420001983643,35.4550018310547,0.0242970008403063,0,115.118202209473,-86.3737,23.0664,26.5797703479254,63,63,63,63,61,63,0,8763,1.76508096394256,23,-86,0.001869,51,2024-09-21 05:15:43.000558,452,1.037,0.0011,"aoml_navis",1028.93185921571
"7901009",47,0,1,0.024297,1,0.001869,1,119.204333428412,1,4.85935498062024,454,1,12.1070003509521,35.4490013122559,0.0242970008403063,0,114.949501037598,-86.3737,23.0664,26.5797703479254,63,63,63,63,61,63,0,8763,1.76508096394256,23,-86,0.001869,51,2024-09-21 05:15:43.000558,454,1.037,0.0011,"aoml_navis",1028.9431457345
"7901009",47,0,1,0.022428,1,0,1,118.883169933271,1,4.85930253281663,456,1,12.0690002441406,35.4420013427734,0.0224280003458261,0,114.639801025391,-86.3737,23.0664,26.5797703479254,63,63,63,63,61,63,0,8763,1.76508096394256,23,-86,0.001869,51,2024-09-21 05:15:43.000558,456,1.037,0.0011,"aoml_navis",1028.95425140402
"7901009",47,0,1,0.024297,1,0.001869,1,118.861285908253,1,4.85921061058439,458,1,11.9659996032715,35.4290008544922,0.0242970008403063,0,114.618698120117,-86.3737,23.0664,26.5797703479254,63,63,63,63,61,63,0,8763,1.76508096394256,23,-86,0.001869,51,2024-09-21 05:15:43.000558,458,1.037,0.0011,"aoml_navis",1028.97371624703
"7901009",47,0,1,0.031773,1,0.009345,1,118.705629253081,1,4.85915440102912,460,1,11.9160003662109,35.4199981689453,0.0317730009555817,0,114.468597412109,-86.3737,23.0664,26.5797703479254,63,63,63,63,61,63,0,8763,1.76508096394256,23,-86,0.001869,51,2024-09-21 05:15:43.000558,460,1.037,0.0011,"aoml_navis",1028.98561917297
"7901009",47,0,1,0.024297,1,0.001869,1,118.534212302234,1,4.85910234781758,462,1,11.8819999694824,35.4140014648438,0.0242970008403063,0,114.303298950195,-86.3737,23.0664,26.5797703479254,63,63,63,63,61,63,0,8763,1.76508096394256,23,-86,0.001869,51,2024-09-21 05:15:43.000558,462,1.037,0.0011,"aoml_navis",1028.99664219785
"7901009",47,0,1,0.024297,1,0.001869,1,118.32058592497,1,4.8590531725939,464,1,11.8509998321533,35.4080009460449,0.0242970008403063,0,114.097297668457,-86.3737,23.0664,26.5797703479254,63,63,63,63,61,63,0,8763,1.76508096394256,23,-86,0.001869,51,2024-09-21 05:15:43.000558,464,1.037,0.0011,"aoml_navis",1029.00705598388
"7901009",47,0,1,0.022428,1,0,1,118.046505521978,1,4.85900215956321,466,1,11.8179998397827,35.4020004272461,0.0224280003458261,0,113.833000183105,-86.3737,23.0664,26.5797703479254,63,63,63,63,61,63,0,8763,1.76508096394256,23,-86,0.001869,51,2024-09-21 05:15:43.000558,466,1.037,0.0011,"aoml_navis",1029.01785918314
"7901009",47,0,1,0.024297,1,0.001869,1,118.030017341162,1,4.85892185700602,468,1,11.7379999160767,35.3919982910156,0.0242970008403063,0,113.817100524902,-86.3737,23.0664,26.5797703479254,63,63,63,63,61,63,0,8763,1.76508096394256,23,-86,0.001869,51,2024-09-21 05:15:43.000558,468,1.037,0.0011,"aoml_navis",1029.03486558249
"7901009",47,0,1,0.024297,1,0.001869,1,117.923413815097,1,4.85886517619061,470,1,11.6870002746582,35.382999420166,0.0242970008403063,0,113.714302062988,-86.3737,23.0664,26.5797703479254,63,63,63,63,61,63,0,8763,1.76508096394256,23,-86,0.001869,51,2024-09-21 05:15:43.000558,470,1.037,0.0011,"aoml_navis",1029.04686973019
"7901009",47,0,1,0.020559,1,-0.001869,1,117.830806254419,1,4.8588078035028,472,1,11.6429996490479,35.3759994506836,0.020558999851346,0,113.625,-86.3737,23.0664,26.5797703479254,63,63,63,63,61,63,0,8763,1.76508096394256,23,-86,0.001869,51,2024-09-21 05:15:43.000558,472,1.037,0.0011,"aoml_navis",1029.05902069133
"7901009",47,0,1,0.024297,1,0.001869,1,117.682618333743,1,4.85875805975745,474,1,11.6149997711182,35.3709983825684,0.0242970008403063,0,113.48210144043,-86.3737,23.0664,26.5797703479254,63,63,63,63,61,63,0,8763,1.76508096394256,23,-86,0.001869,51,2024-09-21 05:15:43.000558,474,1.037,0.0011,"aoml_navis",1029.06955615106
"7901009",47,0,1,0.033642,1,0.011214,1,117.544280597864,1,4.85869807372464,476,1,11.5719995498657,35.3650016784668,0.0336420014500618,0,113.348701477051,-86.3737,23.0664,26.5797703479254,63,63,63,63,61,63,0,8763,1.76508096394256,23,-86,0.001869,51,2024-09-21 05:15:43.000558,476,1.037,0.0011,"aoml_navis",1029.08226115953
"7901009",47,0,1,0.028035,1,0.005607,1,117.386756759068,1,4.85864563079535,478,1,11.5410003662109,35.3600006103516,0.0280349999666214,0,113.196800231934,-86.3737,23.0664,26.5797703479254,63,63,63,63,61,63,0,8763,1.76508096394256,23,-86,0.001869,51,2024-09-21 05:15:43.000558,478,1.037,0.0011,"aoml_navis",1029.09336879988
"7901009",47,0,4,0.022428,1,0,1,117.174997565428,1,4.85859599850845,480,1,11.5129995346069,35.3549995422363,0.0224280003458261,0,112.992599487305,-86.3737,23.0664,26.5797703479254,63,63,63,63,61,63,0,8763,1.76508096394256,23,-86,0.001869,51,2024-09-21 05:15:43.000558,480,1.037,0.0011,"aoml_navis",1029.10388135481
"7901009",47,0,1,0.024297,1,0.001869,1,117.016334428149,1,4.85853975817744,482,1,11.4580001831055,35.3450012207031,0.0242970008403063,0,112.839599609375,-86.3737,23.0664,26.5797703479254,63,63,63,63,61,63,0,8763,1.76508096394256,23,-86,0.001869,51,2024-09-21 05:15:43.000558,482,1.037,0.0011,"aoml_navis",1029.11579381119
"7901009",47,0,1,0.029904,1,0.007476,1,117.093070928023,1,4.85843674141968,484,1,11.3319997787476,35.3300018310547,0.0299040004611015,0,112.913597106934,-86.3737,23.0664,26.5797703479254,63,63,63,63,61,63,0,8763,1.76508096394256,23,-86,0.001869,51,2024-09-21 05:15:43.000558,484,1.037,0.0011,"aoml_navis",1029.13761485736
"7901009",47,0,1,0.020559,1,-0.001869,1,117.101678961002,1,4.85837636129207,486,1,11.2840003967285,35.3230018615723,0.020558999851346,0,112.921897888184,-86.3737,23.0664,26.5797703479254,63,63,63,63,61,63,0,8763,1.76508096394256,23,-86,0.001869,51,2024-09-21 05:15:43.000558,486,1.037,0.0011,"aoml_navis",1029.15040502755
"7901009",47,0,1,0.026166,1,0.003738,1,116.99403898979,1,4.8583343272019,488,1,11.2799997329712,35.3219985961914,0.0261659994721413,0,112.818099975586,-86.3737,23.0664,26.5797703479254,63,63,63,63,61,63,0,8763,1.76508096394256,23,-86,0.001869,51,2024-09-21 05:15:43.000558,488,1.037,0.0011,"aoml_navis",1029.15930919058
"7901009",47,0,1,0.024297,1,0.001869,1,116.904232204548,1,4.85828131810026,490,1,11.2519998550415,35.318000793457,0.0242970008403063,0,112.731498718262,-86.3737,23.0664,26.5797703479254,63,63,63,63,61,63,0,8763,1.76508096394256,23,-86,0.001869,51,2024-09-21 05:15:43.000558,490,1.037,0.0011,"aoml_navis",1029.17053843131
"7901009",47,0,1,0.026166,1,0.003738,1,116.894279166416,1,4.85821469830936,492,1,11.201000213623,35.3120002746582,0.0261659994721413,0,112.721900939941,-86.3737,23.0664,26.5797703479254,63,63,63,63,61,63,0,8763,1.76508096394256,23,-86,0.001869,51,2024-09-21 05:15:43.000558,492,1.037,0.0011,"aoml_navis",1029.1846512547
"7901009",47,0,1,0.024297,1,0.001869,1,116.804994559645,1,4.85815788563677,494.100006103516,1,11.1669998168945,35.306999206543,0.0242970008403063,0,112.635803222656,-86.3737,23.0664,26.5797703479254,63,63,63,63,61,63,0,8763,1.76508096394256,23,-86,0.001869,51,2024-09-21 05:15:43.000558,494.100006103516,1.037,0.0011,"aoml_navis",1029.19668683115
"7901009",47,0,1,0.024297,1,0.001869,1,116.63657617911,1,4.85811073926751,496,1,11.1429996490479,35.3030014038086,0.0242970008403063,0,112.47339630127,-86.3737,23.0664,26.5797703479254,63,63,63,63,61,63,0,8763,1.76508096394256,23,-86,0.001869,51,2024-09-21 05:15:43.000558,496,1.037,0.0011,"aoml_navis",1029.206674847
"7901009",47,0,1,0.024297,1,0.001869,1,116.516490954336,1,4.85805792318759,498,1,11.1110000610352,35.2980003356934,0.0242970008403063,0,112.357597351074,-86.3737,23.0664,26.5797703479254,63,63,63,63,61,63,0,8763,1.76508096394256,23,-86,0.001869,51,2024-09-21 05:15:43.000558,498,1.037,0.0011,"aoml_navis",1029.2178642282
"7901009",47,0,1,0.026166,1,0.003738,1,116.374007437868,1,4.85800783339813,500,1,11.0860004425049,35.2939987182617,0.0261659994721413,0,112.220199584961,-86.3737,23.0664,26.5797703479254,63,63,63,63,61,63,0,8763,1.76508096394256,23,-86,0.001869,51,2024-09-21 05:15:43.000558,500,1.037,0.0011,"aoml_navis",1029.22847625434
"7901009",47,0,1,0.028035,1,0.005607,1,116.232663219882,1,4.85795865856289,502,1,11.0620002746582,35.2900009155273,0.0280349999666214,0,112.08390045166,-86.3737,23.0664,26.5797703479254,63,63,63,63,61,63,0,8763,1.76508096394256,23,-86,0.001869,51,2024-09-21 05:15:43.000558,502,1.037,0.0011,"aoml_navis",1029.2388946511
"7901009",47,0,1,0.026166,1,0.003738,1,116.108740774525,1,4.85790056320629,504,1,11.0200004577637,35.2840003967285,0.0261659994721413,0,111.964401245117,-86.3737,23.0664,26.5797703479254,63,63,63,63,61,63,0,8763,1.76508096394256,23,-86,0.001869,51,2024-09-21 05:15:43.000558,504,1.037,0.0011,"aoml_navis",1029.25120326051
"7901009",47,0,1,0.028035,1,0.005607,1,116.03832579887,1,4.85783718273574,506,1,10.9680004119873,35.2770004272461,0.0280349999666214,0,111.896499633789,-86.3737,23.0664,26.5797703479254,63,63,63,63,61,63,0,8763,1.76508096394256,23,-86,0.001869,51,2024-09-21 05:15:43.000558,506,1.037,0.0011,"aoml_navis",1029.26463195792
"7901009",47,0,1,0.028035,1,0.005607,1,115.813812791662,1,4.85779257942581,508,1,10.9530000686646,35.273998260498,0.0280349999666214,0,111.680000305176,-86.3737,23.0664,26.5797703479254,63,63,63,63,61,63,0,8763,1.76508096394256,23,-86,0.001869,51,2024-09-21 05:15:43.000558,508,1.037,0.0011,"aoml_navis",1029.27408246628
"7901009",47,0,1,0.026166,1,0.003738,1,115.431150913851,1,4.85775072985314,510,1,10.9370002746582,35.2700004577637,0.0261659994721413,0,111.310997009277,-86.3737,23.0664,26.5797703479254,63,63,63,63,61,63,0,8763,1.76508096394256,23,-86,0.001869,51,2024-09-21 05:15:43.000558,510,1.037,0.0011,"aoml_navis",1029.28294967312
"7901009",47,0,1,0.026166,1,0.003738,1,115.179571655889,1,4.85769319866555,512,1,10.875,35.2589988708496,0.0261659994721413,0,111.068397521973,-86.3737,23.0664,26.5797703479254,63,63,63,63,61,63,0,8763,1.76508096394256,23,-86,0.001869,51,2024-09-21 05:15:43.000558,512,1.037,0.0011,"aoml_navis",1029.29513979465
"7901009",47,0,1,0.024297,1,0.001869,1,115.104393779633,1,4.85761820847062,514,1,10.7810001373291,35.2449989318848,0.0242970008403063,0,110.995903015137,-86.3737,23.0664,26.5797703479254,63,63,63,63,61,63,0,8763,1.76508096394256,23,-86,0.001869,51,2024-09-21 05:15:43.000558,514,1.037,0.0011,"aoml_navis",1029.31102968963
"7901009",47,0,1,0.028035,1,0.005607,1,115.19378123974,1,4.85753983466566,516,1,10.6909999847412,35.2330017089844,0.0280349999666214,0,111.082099914551,-86.3737,23.0664,26.5797703479254,63,63,63,63,61,63,0,8763,1.76508096394256,23,-86,0.001869,51,2024-09-21 05:15:43.000558,516,1.037,0.0011,"aoml_navis",1029.3276370721
"7901009",47,0,1,0.024297,1,0.001869,1,115.137987261277,1,4.8574849437536,518,1,10.6560001373291,35.2280006408691,0.0242970008403063,0,111.028297424316,-86.3737,23.0664,26.5797703479254,63,63,63,63,61,63,0,8763,1.76508096394256,23,-86,0.001869,51,2024-09-21 05:15:43.000558,518,1.037,0.0011,"aoml_navis",1029.3392687567
"7901009",47,0,1,0.026166,1,0.003738,1,114.878630708812,1,4.85745615006937,520,1,10.6709995269775,35.2280006408691,0.0261659994721413,0,110.778198242188,-86.3737,23.0664,26.5797703479254,63,63,63,63,61,63,0,8763,1.76508096394256,23,-86,0.001869,51,2024-09-21 05:15:43.000558,520,1.037,0.0011,"aoml_navis",1029.34537040105
"7901009",47,0,1,0.028035,1,0.005607,1,114.771093590936,1,4.85739873564836,522,1,10.628999710083,35.2220001220703,0.0280349999666214,0,110.674499511719,-86.3737,23.0664,26.5797703479254,63,63,63,63,61,63,0,8763,1.76508096394256,23,-86,0.001869,51,2024-09-21 05:15:43.000558,522,1.037,0.0011,"aoml_navis",1029.35753725653
"7901009",47,0,1,0.029904,1,0.007476,1,114.589201423486,1,4.85735125140041,524,1,10.5939998626709,35.2150001525879,0.0299040004611015,0,110.499099731445,-86.3737,23.0664,26.5797703479254,63,63,63,63,61,63,0,8763,1.76508096394256,23,-86,0.001869,51,2024-09-21 05:15:43.000558,524,1.037,0.0011,"aoml_navis",1029.36759999773
"7901009",47,0,1,0.026166,1,0.003738,1,114.455634500003,1,4.85729158014427,526,1,10.5410003662109,35.2070007324219,0.0261659994721413,0,110.370300292969,-86.3737,23.0664,26.5797703479254,63,63,63,63,61,63,0,8763,1.76508096394256,23,-86,0.001869,51,2024-09-21 05:15:43.000558,526,1.037,0.0011,"aoml_navis",1029.3802456577
"7901009",47,0,1,0.028035,1,0.005607,1,114.520242218115,1,4.85720272389159,528,1,10.4379997253418,35.1949996948242,0.0280349999666214,0,110.432601928711,-86.3737,23.0664,26.5797703479254,63,63,63,63,61,63,0,8763,1.76508096394256,23,-86,0.001869,51,2024-09-21 05:15:43.000558,528,1.037,0.0011,"aoml_navis",1029.39907684026
"7901009",47,0,1,0.026166,1,0.003738,1,114.705140867671,1,4.85710682994941,530,1,10.3179998397827,35.1809997558594,0.0261659994721413,0,110.610900878906,-86.3737,23.0664,26.5797703479254,63,63,63,63,61,63,0,8763,1.76508096394256,23,-86,0.001869,51,2024-09-21 05:15:43.000558,530,1.037,0.0011,"aoml_navis",1029.41940028362
"7901009",47,0,1,0.026166,1,0.003738,1,114.643128218325,1,4.85704221138264,532,1,10.2670001983643,35.1749992370605,0.0261659994721413,0,110.55110168457,-86.3737,23.0664,26.5797703479254,63,63,63,63,61,63,0,8763,1.76508096394256,23,-86,0.001869,51,2024-09-21 05:15:43.000558,532,1.037,0.0011,"aoml_navis",1029.43309578046
"7901009",47,0,1,0.024297,1,0.001869,1,114.604961719161,1,4.85699054222734,534,1,10.2349996566772,35.1699981689453,0.0242970008403063,0,110.514297485352,-86.3737,23.0664,26.5797703479254,63,63,63,63,61,63,0,8763,1.76508096394256,23,-86,0.001869,51,2024-09-21 05:15:43.000558,534,1.037,0.0011,"aoml_navis",1029.44404699357
"7901009",47,0,1,0.028035,1,0.005607,1,114.593869382547,1,4.85692415624652,536,1,10.1859998703003,35.1650009155273,0.0280349999666214,0,110.503601074219,-86.3737,23.0664,26.5797703479254,63,63,63,63,61,63,0,8763,1.76508096394256,23,-86,0.001869,51,2024-09-21 05:15:43.000558,536,1.037,0.0011,"aoml_navis",1029.45811776152
"7901009",47,0,1,0.029904,1,0.007476,1,114.444328544923,1,4.85687259338099,538,1,10.1540002822876,35.1599998474121,0.0299040004611015,0,110.359397888184,-86.3737,23.0664,26.5797703479254,63,63,63,63,61,63,0,8763,1.76508096394256,23,-86,0.001869,51,2024-09-21 05:15:43.000558,538,1.037,0.0011,"aoml_navis",1029.46904697769
"7901009",47,0,1,0.024297,1,0.001869,1,114.339900762489,1,4.85680982612306,540,1,10.0920000076294,35.1510009765625,0.0242970008403063,0,110.258697509766,-86.3737,23.0664,26.5797703479254,63,63,63,63,61,63,0,8763,1.76508096394256,23,-86,0.001869,51,2024-09-21 05:15:43.000558,540,1.037,0.0011,"aoml_navis",1029.48235137945
"7901009",47,0,1,0.026166,1,0.003738,1,114.403994213924,1,4.85672582666613,542,1,9.98799991607666,35.1380004882812,0.0261659994721413,0,110.320503234863,-86.3737,23.0664,26.5797703479254,63,63,63,63,61,63,0,8763,1.76508096394256,23,-86,0.001869,51,2024-09-21 05:15:43.000558,542,1.037,0.0011,"aoml_navis",1029.50015678201
"7901009",47,0,1,0.029904,1,0.007476,1,114.421621693223,1,4.85665411170205,544,1,9.91499996185303,35.1290016174316,0.0299040004611015,0,110.337501525879,-86.3737,23.0664,26.5797703479254,63,63,63,63,61,63,0,8763,1.76508096394256,23,-86,0.001869,51,2024-09-21 05:15:43.000558,544,1.037,0.0011,"aoml_navis",1029.51535872249
"7901009",47,0,1,0.024297,1,0.001869,1,114.357741860253,1,4.85660265885392,546,1,9.88700008392334,35.125,0.0242970008403063,0,110.275901794434,-86.3737,23.0664,26.5797703479254,63,63,63,63,61,63,0,8763,1.76508096394256,23,-86,0.001869,51,2024-09-21 05:15:43.000558,546,1.037,0.0011,"aoml_navis",1029.52626583207
"7901009",47,0,1,0.028035,1,0.005607,1,114.316885350783,1,4.85654179495225,548,1,9.83500003814697,35.1180000305176,0.0280349999666214,0,110.236503601074,-86.3737,23.0664,26.5797703479254,63,63,63,63,61,63,0,8763,1.76508096394256,23,-86,0.001869,51,2024-09-21 05:15:43.000558,548,1.037,0.0011,"aoml_navis",1029.53916821983
"7901009",47,0,1,0.029904,1,0.007476,1,114.25393119783,1,4.85648104737002,550,1,9.78299999237061,35.1110000610352,0.0299040004611015,0,110.175796508789,-86.3737,23.0664,26.5797703479254,63,63,63,63,61,63,0,8763,1.76508096394256,23,-86,0.001869,51,2024-09-21 05:15:43.000558,550,1.037,0.0011,"aoml_navis",1029.5520462718
"7901009",47,0,1,0.026166,1,0.003738,1,114.205091687187,1,4.85642464826237,552,1,9.72299957275391,35.101001739502,0.0261659994721413,0,110.128700256348,-86.3737,23.0664,26.5797703479254,63,63,63,63,61,63,0,8763,1.76508096394256,23,-86,0.001869,51,2024-09-21 05:15:43.000558,552,1.037,0.0011,"aoml_navis",1029.56400276673
"7901009",47,0,1,0.028035,1,0.005607,1,114.357425388452,1,4.85634765245502,554,1,9.63399982452393,35.0900001525879,0.0280349999666214,0,110.275596618652,-86.3737,23.0664,26.5797703479254,63,63,63,63,61,63,0,8763,1.76508096394256,23,-86,0.001869,51,2024-09-21 05:15:43.000558,554,1.037,0.0011,"aoml_navis",1029.58032616803
"7901009",47,0,1,0.031773,1,0.009345,1,114.426598212289,1,4.85628127065635,556,1,9.56599998474121,35.0810012817383,0.0317730009555817,0,110.342300415039,-86.3737,23.0664,26.5797703479254,63,63,63,63,61,63,0,8763,1.76508096394256,23,-86,0.001869,51,2024-09-21 05:15:43.000558,556,1.037,0.0011,"aoml_navis",1029.594399775
"7901009",47,0,1,0.029904,1,0.007476,1,114.567736723604,1,4.85620306885456,558,1,9.48799991607666,35.0730018615723,0.0299040004611015,0,110.478401184082,-86.3737,23.0664,26.5797703479254,63,63,63,63,61,63,0,8763,1.76508096394256,23,-86,0.001869,51,2024-09-21 05:15:43.000558,558,1.037,0.0011,"aoml_navis",1029.61097983478
"7901009",47,0,1,0.028035,1,0.005607,1,114.587231386527,1,4.85614710494238,560,1,9.45400047302246,35.0690002441406,0.0280349999666214,0,110.497200012207,-86.3737,23.0664,26.5797703479254,63,63,63,63,61,63,0,8763,1.76508096394256,23,-86,0.001869,51,2024-09-21 05:15:43.000558,560,1.037,0.0011,"aoml_navis",1029.62284542641
"7901009",47,0,1,0.028035,1,0.005607,1,114.563068764544,1,4.85610082820607,562,1,9.43599987030029,35.0660018920898,0.0280349999666214,0,110.473899841309,-86.3737,23.0664,26.5797703479254,63,63,63,63,61,63,0,8763,1.76508096394256,23,-86,0.001869,51,2024-09-21 05:15:43.000558,562,1.037,0.0011,"aoml_navis",1029.63265732831
"7901009",47,0,1,0.026166,1,0.003738,1,114.581218422314,1,4.85604444633386,564,1,9.39700031280518,35.0610008239746,0.0261659994721413,0,110.491401672363,-86.3737,23.0664,26.5797703479254,63,63,63,63,61,63,0,8763,1.76508096394256,23,-86,0.001869,51,2024-09-21 05:15:43.000558,564,1.037,0.0011,"aoml_navis",1029.64461204115
"7901009",47,0,1,0.028035,1,0.005607,1,114.651736251304,1,4.8559831495574,566,1,9.35200023651123,35.0559997558594,0.0280349999666214,0,110.55940246582,-86.3737,23.0664,26.5797703479254,63,63,63,63,61,63,0,8763,1.76508096394256,23,-86,0.001869,51,2024-09-21 05:15:43.000558,566,1.037,0.0011,"aoml_navis",1029.65760918172
"7901009",47,0,1,0.029904,1,0.007476,1,114.709808826731,1,4.85591356604192,568,1,9.28800010681152,35.048999786377,0.0299040004611015,0,110.61540222168,-86.3737,23.0664,26.5797703479254,63,63,63,63,61,63,0,8763,1.76508096394256,23,-86,0.001869,51,2024-09-21 05:15:43.000558,568,1.037,0.0011,"aoml_navis",1029.67236380929
"7901009",47,0,1,0.026166,1,0.003738,1,114.732935003567,1,4.85586027367553,570,1,9.2480001449585,35.0429992675781,0.0261659994721413,0,110.637702941895,-86.3737,23.0664,26.5797703479254,63,63,63,63,61,63,0,8763,1.76508096394256,23,-86,0.001869,51,2024-09-21 05:15:43.000558,570,1.037,0.0011,"aoml_navis",1029.68366431503
"7901009",47,0,1,0.029904,1,0.007476,1,114.784986702987,1,4.85579849059575,572,1,9.21100044250488,35.0400009155273,0.0299040004611015,0,110.687896728516,-86.3737,23.0664,26.5797703479254,63,63,63,63,61,63,0,8763,1.76508096394256,23,-86,0.001869,51,2024-09-21 05:15:43.000558,572,1.037,0.0011,"aoml_navis",1029.69676556462
"7901009",47,0,1,0.028035,1,0.005607,1,114.786853886611,1,4.85575612843431,574,1,9.20199966430664,35.0379981994629,0.0280349999666214,0,110.689697265625,-86.3737,23.0664,26.5797703479254,63,63,63,63,61,63,0,8763,1.76508096394256,23,-86,0.001869,51,2024-09-21 05:15:43.000558,574,1.037,0.0011,"aoml_navis",1029.70574875477
"7901009",47,0,1,0.029904,1,0.007476,1,114.739675852922,1,4.8557141989986,576,1,9.19799995422363,35.0369987487793,0.0299040004611015,0,110.644203186035,-86.3737,23.0664,26.5797703479254,63,63,63,63,61,63,0,8763,1.76508096394256,23,-86,0.001869,51,2024-09-21 05:15:43.000558,576,1.037,0.0011,"aoml_navis",1029.71464033677
"7901009",47,0,1,0.028035,1,0.005607,1,114.697363573169,1,4.85567062576812,578,1,9.19200038909912,35.0359992980957,0.0280349999666214,0,110.603401184082,-86.3737,23.0664,26.5797703479254,63,63,63,63,61,63,0,8763,1.76508096394256,23,-86,0.001869,51,2024-09-21 05:15:43.000558,578,1.037,0.0011,"aoml_navis",1029.72388066562
"7901009",47,0,1,0.028035,1,0.005607,1,114.681286805694,1,4.85562699404772,580,1,9.17700004577637,35.0330009460449,0.0280349999666214,0,110.587898254395,-86.3737,23.0664,26.5797703479254,63,63,63,63,61,63,0,8763,1.76508096394256,23,-86,0.001869,51,2024-09-21 05:15:43.000558,580,1.037,0.0011,"aoml_navis",1029.73313356427
"7901009",47,0,1,0.029904,1,0.007476,1,114.810399388582,1,4.85556114437171,582,1,9.11699962615967,35.0260009765625,0.0299040004611015,0,110.71240234375,-86.3737,23.0664,26.5797703479254,63,63,63,63,61,63,0,8763,1.76508096394256,23,-86,0.001869,51,2024-09-21 05:15:43.000558,582,1.037,0.0011,"aoml_navis",1029.74709849874
"7901009",47,0,1,0.028035,1,0.005607,1,114.995400891474,1,4.85548851189725,584,1,9.04399967193604,35.0180015563965,0.0280349999666214,0,110.890800476074,-86.3737,23.0664,26.5797703479254,63,63,63,63,61,63,0,8763,1.76508096394256,23,-86,0.001869,51,2024-09-21 05:15:43.000558,584,1.037,0.0011,"aoml_navis",1029.76250232055
"7901009",47,0,1,0.026166,1,0.003738,1,115.059692137785,1,4.85543804345087,586,1,9.02499961853027,35.015998840332,0.0261659994721413,0,110.952796936035,-86.3737,23.0664,26.5797703479254,63,63,63,63,61,63,0,8763,1.76508096394256,23,-86,0.001869,51,2024-09-21 05:15:43.000558,586,1.037,0.0011,"aoml_navis",1029.77320588904
"7901009",47,0,1,0.033642,1,0.011214,1,115.089764870646,1,4.85538513122807,588,1,9.00300025939941,35.0139999389648,0.0336420014500618,0,110.981796264648,-86.3737,23.0664,26.5797703479254,63,63,63,63,61,63,0,8763,1.76508096394256,23,-86,0.001869,51,2024-09-21 05:15:43.000558,588,1.037,0.0011,"aoml_navis",1029.78442798323
"7901009",47,0,1,0.028035,1,0.005607,1,115.132702182206,1,4.85533467764097,590,1,8.98400020599365,35.0120010375977,0.0280349999666214,0,111.02320098877,-86.3737,23.0664,26.5797703479254,63,63,63,63,61,63,0,8763,1.76508096394256,23,-86,0.001869,51,2024-09-21 05:15:43.000558,590,1.037,0.0011,"aoml_navis",1029.79512885594
"7901009",47,0,1,0.028035,1,0.005607,1,115.128864961622,1,4.85528750344754,592,1,8.9689998626709,35.0099983215332,0.0280349999666214,0,111.019500732422,-86.3737,23.0664,26.5797703479254,63,63,63,63,61,63,0,8763,1.76508096394256,23,-86,0.001869,51,2024-09-21 05:15:43.000558,592,1.037,0.0011,"aoml_navis",1029.80513439208
"7901009",47,0,1,0.031773,1,0.009345,1,115.235887812822,1,4.85523830853473,594,1,8.94699954986572,35.0069999694824,0.0317730009555817,0,111.122703552246,-86.3737,23.0664,26.5797703479254,63,63,63,63,61,63,0,8763,1.76508096394256,23,-86,0.001869,51,2024-09-21 05:15:43.000558,594,1.037,0.0011,"aoml_navis",1029.81556872519
"7901009",47,0,1,0.029904,1,0.007476,1,115.321849465686,1,4.85517858860739,596,1,8.91199970245361,35.0040016174316,0.0299040004611015,0,111.205596923828,-86.3737,23.0664,26.5797703479254,63,63,63,63,61,63,0,8763,1.76508096394256,23,-86,0.001869,51,2024-09-21 05:15:43.000558,596,1.037,0.0011,"aoml_navis",1029.82823571772
"7901009",47,0,1,0.031773,1,0.009345,1,115.418191393613,1,4.85512422366435,598,1,8.87899971008301,35,0.0317730009555817,0,111.298500061035,-86.3737,23.0664,26.5797703479254,63,63,63,63,61,63,0,8763,1.76508096394256,23,-86,0.001869,51,2024-09-21 05:15:43.000558,598,1.037,0.0011,"aoml_navis",1029.83976715354
"7901009",47,0,1,0.029904,1,0.007476,1,115.451689933716,1,4.85506900837222,600,1,8.85400009155273,34.9980010986328,0.0299040004611015,0,111.33080291748,-86.3737,23.0664,26.5797703479254,63,63,63,63,61,63,0,8763,1.76508096394256,23,-86,0.001869,51,2024-09-21 05:15:43.000558,600,1.037,0.0011,"aoml_navis",1029.85147922261
"7901009",47,0,1,0.029904,1,0.007476,1,115.487356305655,1,4.85502145044687,602,1,8.8430004119873,34.9970016479492,0.0299040004611015,0,111.365196228027,-86.3737,23.0664,26.5797703479254,63,63,63,63,61,63,0,8763,1.76508096394256,23,-86,0.001869,51,2024-09-21 05:15:43.000558,602,1.037,0.0011,"aoml_navis",1029.86156725215
"7901009",47,0,1,0.029904,1,0.007476,1,115.466722344249,1,4.85498037253022,604,1,8.84000015258789,34.9959983825684,0.0299040004611015,0,111.34529876709,-86.3737,23.0664,26.5797703479254,63,63,63,63,61,63,0,8763,1.76508096394256,23,-86,0.001869,51,2024-09-21 05:15:43.000558,604,1.037,0.0011,"aoml_navis",1029.87028089553
"7901009",47,0,1,0.028035,1,0.005607,1,115.449506278292,1,4.85493847480011,606,1,8.83600044250488,34.9949989318848,0.0280349999666214,0,111.32869720459,-86.3737,23.0664,26.5797703479254,63,63,63,63,61,63,0,8763,1.76508096394256,23,-86,0.001869,51,2024-09-21 05:15:43.000558,606,1.037,0.0011,"aoml_navis",1029.87916859356
"7901009",47,0,1,0.029904,1,0.007476,1,115.510173922485,1,4.85488894485675,608,1,8.81799983978271,34.9930000305176,0.0299040004611015,0,111.387199401855,-86.3737,23.0664,26.5797703479254,63,63,63,63,61,63,0,8763,1.76508096394256,23,-86,0.001869,51,2024-09-21 05:15:43.000558,608,1.037,0.0011,"aoml_navis",1029.88967549855
"7901009",47,0,1,0.028035,1,0.005607,1,115.591578381419,1,4.85483620133281,610,1,8.79599952697754,34.9910011291504,0.0280349999666214,0,111.465698242188,-86.3737,23.0664,26.5797703479254,63,63,63,63,61,63,0,8763,1.76508096394256,23,-86,0.001869,51,2024-09-21 05:15:43.000558,610,1.037,0.0011,"aoml_navis",1029.90086434375
"7901009",47,0,1,0.028035,1,0.005607,1,115.600708592869,1,4.85478751868463,612,1,8.7790002822876,34.9889984130859,0.0280349999666214,0,111.474502563477,-86.3737,23.0664,26.5797703479254,63,63,63,63,61,63,0,8763,1.76508096394256,23,-86,0.001869,51,2024-09-21 05:15:43.000558,612,1.037,0.0011,"aoml_navis",1029.91119194331
"7901009",47,0,1,0.028035,1,0.005607,1,115.691860383264,1,4.85473722193718,614,1,8.76000022888184,34.9869995117188,0.0280349999666214,0,111.562400817871,-86.3737,23.0664,26.5797703479254,63,63,63,63,61,63,0,8763,1.76508096394256,23,-86,0.001869,51,2024-09-21 05:15:43.000558,614,1.037,0.0011,"aoml_navis",1029.92186217751
"7901009",47,0,1,0.026166,1,0.003738,1,115.673710725494,1,4.85469085609215,616,1,8.75500011444092,34.9869995117188,0.0261659994721413,0,111.544898986816,-86.3737,23.0664,26.5797703479254,63,63,63,63,61,63,0,8763,1.76508096394256,23,-86,0.001869,51,2024-09-21 05:15:43.000558,616,1.037,0.0011,"aoml_navis",1029.93169868386
"7901009",47,0,1,0.029904,1,0.007476,1,115.687192424204,1,4.85464735975758,618,1,8.74899959564209,34.9860000610352,0.0299040004611015,0,111.557899475098,-86.3737,23.0664,26.5797703479254,63,63,63,63,61,63,0,8763,1.76508096394256,23,-86,0.001869,51,2024-09-21 05:15:43.000558,618,1.037,0.0011,"aoml_navis",1029.94092659486
"7901009",47,0,1,0.029904,1,0.007476,1,115.685222387245,1,4.85460663242184,620,1,8.75100040435791,34.9860000610352,0.0299040004611015,0,111.555999755859,-86.3737,23.0664,26.5797703479254,63,63,63,63,61,63,0,8763,1.76508096394256,23,-86,0.001869,51,2024-09-21 05:15:43.000558,620,1.037,0.0011,"aoml_navis",1029.94956720224
"7901009",47,0,1,0.031773,1,0.009345,1,115.683252350285,1,4.85455866234667,622,1,8.74400043487549,34.9860000610352,0.0317730009555817,0,111.554100036621,-86.3737,23.0664,26.5797703479254,63,63,63,63,61,63,0,8763,1.76508096394256,23,-86,0.001869,51,2024-09-21 05:15:43.000558,622,1.037,0.0011,"aoml_navis",1029.95974459664
"7901009",47,0,1,0.033642,1,0.011214,1,115.689265314498,1,4.85451436705069,624,1,8.73700046539307,34.9850006103516,0.0336420014500618,0,111.559898376465,-86.3737,23.0664,26.5797703479254,63,63,63,63,61,63,0,8763,1.76508096394256,23,-86,0.001869,51,2024-09-21 05:15:43.000558,624,1.037,0.0011,"aoml_navis",1029.96914252366
"7901009",47,0,1,0.029904,1,0.007476,1,115.689059607828,1,4.85446640097808,626,1,8.72999954223633,34.9850006103516,0.0299040004611015,0,111.559700012207,-86.3737,23.0664,26.5797703479254,63,63,63,63,61,63,0,8763,1.76508096394256,23,-86,0.001869,51,2024-09-21 05:15:43.000558,626,1.037,0.0011,"aoml_navis",1029.97931945571
"7901009",47,0,1,0.026166,1,0.003738,1,115.634515692978,1,4.85442809381319,628,1,8.73499965667725,34.9850006103516,0.0261659994721413,0,111.507102966309,-86.3737,23.0664,26.5797703479254,63,63,63,63,61,63,0,8763,1.76508096394256,23,-86,0.001869,51,2024-09-21 05:15:43.000558,628,1.037,0.0011,"aoml_navis",1029.9874472077
"7901009",47,0,1,0.028035,1,0.005607,1,115.605685111935,1,4.85439140272278,630,1,8.74199962615967,34.9850006103516,0.0280349999666214,0,111.479301452637,-86.3737,23.0664,26.5797703479254,63,63,63,63,61,63,0,8763,1.76508096394256,23,-86,0.001869,51,2024-09-21 05:15:43.000558,630,1.037,0.0011,"aoml_navis",1029.99523219235
"7901009",47,0,1,0.031773,1,0.009345,1,115.581625343287,1,4.85434666249987,632,1,8.73900032043457,34.9850006103516,0.0317730009555817,0,111.456100463867,-86.3737,23.0664,26.5797703479254,63,63,63,63,61,63,0,8763,1.76508096394256,23,-86,0.001869,51,2024-09-21 05:15:43.000558,632,1.037,0.0011,"aoml_navis",1030.00472517245
"7901009",47,0,1,0.029904,1,0.007476,1,115.601847891351,1,4.85429995796087,634,1,8.72900009155273,34.984001159668,0.0299040004611015,0,111.475601196289,-86.3737,23.0664,26.5797703479254,63,63,63,63,61,63,0,8763,1.76508096394256,23,-86,0.001869,51,2024-09-21 05:15:43.000558,634,1.037,0.0011,"aoml_navis",1030.01463512781
"7901009",47,0,1,0.029904,1,0.007476,1,115.617608187026,1,4.85425694293393,636,1,8.7189998626709,34.9819984436035,0.0299040004611015,0,111.490798950195,-86.3737,23.0664,26.5797703479254,63,63,63,63,61,63,0,8763,1.76508096394256,23,-86,0.001869,51,2024-09-21 05:15:43.000558,636,1.037,0.0011,"aoml_navis",1030.02376239647
"7901009",47,0,1,0.028035,1,0.005607,1,115.635654991461,1,4.85420863700311,638,1,8.70699977874756,34.9809989929199,0.0280349999666214,0,111.508201599121,-86.3737,23.0664,26.5797703479254,63,63,63,63,61,63,0,8763,1.76508096394256,23,-86,0.001869,51,2024-09-21 05:15:43.000558,638,1.037,0.0011,"aoml_navis",1030.0340125238
"7901009",47,0,1,0.028035,1,0.005607,1,115.670292830047,1,4.85416526850663,640,1,8.69200038909912,34.9780006408691,0.0280349999666214,0,111.541603088379,-86.3737,23.0664,26.5797703479254,63,63,63,63,61,63,0,8763,1.76508096394256,23,-86,0.001869,51,2024-09-21 05:15:43.000558,640,1.037,0.0011,"aoml_navis",1030.04321514134
"7901009",47,0,1,0.028035,1,0.005607,1,115.815157796815,1,4.85409957688852,642,1,8.64000034332275,34.9729995727539,0.0280349999666214,0,111.681297302246,-86.3737,23.0664,26.5797703479254,63,63,63,63,61,63,0,8763,1.76508096394256,23,-86,0.001869,51,2024-09-21 05:15:43.000558,642,1.037,0.0011,"aoml_navis",1030.05715494716
"7901009",47,0,1,0.029904,1,0.007476,1,115.997983556077,1,4.85403048431596,644,1,8.57900047302246,34.9669990539551,0.0299040004611015,0,111.857597351074,-86.3737,23.0664,26.5797703479254,63,63,63,63,61,63,0,8763,1.76508096394256,23,-86,0.001869,51,2024-09-21 05:15:43.000558,644,1.037,0.0011,"aoml_navis",1030.07181684493
"7901009",47,0,1,0.026166,1,0.003738,1,116.120869556287,1,4.85396821951068,646,1,8.5310001373291,34.9620018005371,0.0261659994721413,0,111.976097106934,-86.3737,23.0664,26.5797703479254,63,63,63,63,61,63,0,8763,1.76508096394256,23,-86,0.001869,51,2024-09-21 05:15:43.000558,646,1.037,0.0011,"aoml_navis",1030.08503020319
"7901009",47,0,1,0.029904,1,0.007476,1,116.149905844001,1,4.85391731031576,648,1,8.51099967956543,34.9599990844727,0.0299040004611015,0,112.004096984863,-86.3737,23.0664,26.5797703479254,63,63,63,63,61,63,0,8763,1.76508096394256,23,-86,0.001869,51,2024-09-21 05:15:43.000558,648,1.037,0.0011,"aoml_navis",1030.09583401303
"7901009",47,0,1,0.029904,1,0.007476,1,116.233177486559,1,4.85387484597757,650,1,8.49699974060059,34.9570007324219,0.0299040004611015,0,112.084396362305,-86.3737,23.0664,26.5797703479254,63,63,63,63,61,63,0,8763,1.76508096394256,23,-86,0.001869,51,2024-09-21 05:15:43.000558,650,1.037,0.0011,"aoml_navis",1030.10484585187
"7901009",47,0,1,0.029904,1,0.007476,1,116.343412526536,1,4.85382712640455,652,1,8.48099994659424,34.9550018310547,0.0299040004611015,0,112.190696716309,-86.3737,23.0664,26.5797703479254,63,63,63,63,61,63,0,8763,1.76508096394256,23,-86,0.001869,51,2024-09-21 05:15:43.000558,652,1.037,0.0011,"aoml_navis",1030.11497315186
"7901009",47,0,1,0.028035,1,0.005607,1,116.603813435943,1,4.85375901550004,654,1,8.43000030517578,34.951000213623,0.0280349999666214,0,112.441802978516,-86.3737,23.0664,26.5797703479254,63,63,63,63,61,63,0,8763,1.76508096394256,23,-86,0.001869,51,2024-09-21 05:15:43.000558,654,1.037,0.0011,"aoml_navis",1030.12942835294
"7901009",47,0,1,0.026166,1,0.003738,1,116.789645677311,1,4.85369101563317,656,1,8.37899971008301,34.9469985961914,0.0261659994721413,0,112.621002197266,-86.3737,23.0664,26.5797703479254,63,63,63,63,61,63,0,8763,1.76508096394256,23,-86,0.001869,51,2024-09-21 05:15:43.000558,656,1.037,0.0011,"aoml_navis",1030.14386039317
"7901009",47,0,1,0.029904,1,0.007476,1,116.906407948178,1,4.85363784168659,658,1,8.35599994659424,34.9449996948242,0.0299040004611015,0,112.733596801758,-86.3737,23.0664,26.5797703479254,63,63,63,63,61,63,0,8763,1.76508096394256,23,-86,0.001869,51,2024-09-21 05:15:43.000558,658,1.037,0.0011,"aoml_navis",1030.15514611666
"7901009",47,0,1,0.028035,1,0.005607,1,116.970809959619,1,4.85358311176863,660,1,8.33100032806396,34.943000793457,0.0280349999666214,0,112.795700073242,-86.3737,23.0664,26.5797703479254,63,63,63,63,61,63,0,8763,1.76508096394256,23,-86,0.001869,51,2024-09-21 05:15:43.000558,660,1.037,0.0011,"aoml_navis",1030.16676234025
"7901009",47,0,1,0.029904,1,0.007476,1,117.055743079131,1,4.85353181604514,662,1,8.3149995803833,34.9420013427734,0.0299040004611015,0,112.877601623535,-86.3737,23.0664,26.5797703479254,63,63,63,63,61,63,0,8763,1.76508096394256,23,-86,0.001869,51,2024-09-21 05:15:43.000558,662,1.037,0.0011,"aoml_navis",1030.17764990654
"7901009",47,0,1,0.031773,1,0.009345,1,117.143469062284,1,4.8534865791905,664,1,8.30200004577637,34.939998626709,0.0317730009555817,0,112.962196350098,-86.3737,23.0664,26.5797703479254,63,63,63,63,61,63,0,8763,1.76508096394256,23,-86,0.001869,51,2024-09-21 05:15:43.000558,664,1.037,0.0011,"aoml_navis",1030.1872516631
"7901009",47,0,1,0.028035,1,0.005607,1,117.218449143663,1,4.85343268506366,666,1,8.27799987792969,34.9379997253418,0.0280349999666214,0,113.03450012207,-86.3737,23.0664,26.5797703479254,63,63,63,63,61,63,0,8763,1.76508096394256,23,-86,0.001869,51,2024-09-21 05:15:43.000558,666,1.037,0.0011,"aoml_navis",1030.19869120414
"7901009",47,0,1,0.028035,1,0.005607,1,117.234834471144,1,4.85338637316978,668.099975585938,1,8.27099990844727,34.9370002746582,0.0280349999666214,0,113.050300598145,-86.3737,23.0664,26.5797703479254,63,63,63,63,61,63,0,8763,1.76508096394256,23,-86,0.001869,51,2024-09-21 05:15:43.000558,668.099975585938,1.037,0.0011,"aoml_navis",1030.20852154708
"7901009",47,0,1,0.028035,1,0.005607,1,117.305558006805,1,4.85333354229019,670.099975585938,1,8.25300025939941,34.9360008239746,0.0280349999666214,0,113.118499755859,-86.3737,23.0664,26.5797703479254,63,63,63,63,61,63,0,8763,1.76508096394256,23,-86,0.001869,51,2024-09-21 05:15:43.000558,670.099975585938,1.037,0.0011,"aoml_navis",1030.21973586439
"7901009",47,0,1,0.033642,1,0.011214,1,117.357198292883,1,4.85329359072974,672,1,8.24400043487549,34.9339981079102,0.0336420014500618,0,113.168296813965,-86.3737,23.0664,26.5797703479254,63,63,63,63,61,63,0,8763,1.76508096394256,23,-86,0.001869,51,2024-09-21 05:15:43.000558,672,1.037,0.0011,"aoml_navis",1030.22821647355
"7901009",47,0,1,0.029904,1,0.007476,1,117.436640626653,1,4.85324288242733,674,1,8.22399997711182,34.931999206543,0.0299040004611015,0,113.244903564453,-86.3737,23.0664,26.5797703479254,63,63,63,63,61,63,0,8763,1.76508096394256,23,-86,0.001869,51,2024-09-21 05:15:43.000558,674,1.037,0.0011,"aoml_navis",1030.23898064201
"7901009",47,0,1,0.029904,1,0.007476,1,117.636057420066,1,4.85317840800143,676,1,8.17700004577637,34.9280014038086,0.0299040004611015,0,113.437202453613,-86.3737,23.0664,26.5797703479254,63,63,63,63,61,63,0,8763,1.76508096394256,23,-86,0.001869,51,2024-09-21 05:15:43.000558,676,1.037,0.0011,"aoml_navis",1030.25266735641
"7901009",47,0,1,0.033642,1,0.011214,1,117.727517770467,1,4.85313167157473,678,1,8.16199970245361,34.9259986877441,0.0336420014500618,0,113.525398254395,-86.3737,23.0664,26.5797703479254,63,63,63,63,61,63,0,8763,1.76508096394256,23,-86,0.001869,51,2024-09-21 05:15:43.000558,678,1.037,0.0011,"aoml_navis",1030.26258885278
"7901009",47,0,1,0.028035,1,0.005607,1,117.898420454637,1,4.85307689749231,680,1,8.13199996948242,34.9230003356934,0.0280349999666214,0,113.690200805664,-86.3737,23.0664,26.5797703479254,63,63,63,63,61,63,0,8763,1.76508096394256,23,-86,0.001869,51,2024-09-21 05:15:43.000558,680,1.037,0.0011,"aoml_navis",1030.2742168754
"7901009",47,0,1,0.026166,1,0.003738,1,118.112877570379,1,4.85302393744318,682,1,8.10900020599365,34.9210014343262,0.0261659994721413,0,113.897003173828,-86.3737,23.0664,26.5797703479254,63,63,63,63,61,63,0,8763,1.76508096394256,23,-86,0.001869,51,2024-09-21 05:15:43.000558,682,1.037,0.0011,"aoml_navis",1030.2854600454
"7901009",47,0,1,0.029904,1,0.007476,1,118.30254703233,1,4.85295623463752,684,1,8.06700038909912,34.9189987182617,0.0299040004611015,0,114.079902648926,-86.3737,23.0664,26.5797703479254,63,63,63,63,61,63,0,8763,1.76508096394256,23,-86,0.001869,51,2024-09-21 05:15:43.000558,684,1.037,0.0011,"aoml_navis",1030.29983339082
"7901009",47,0,1,0.028035,1,0.005607,1,118.430820964947,1,4.85290566147979,686,1,8.04699993133545,34.9169998168945,0.0280349999666214,0,114.203598022461,-86.3737,23.0664,26.5797703479254,63,63,63,63,61,63,0,8763,1.76508096394256,23,-86,0.001869,51,2024-09-21 05:15:43.000558,686,1.037,0.0011,"aoml_navis",1030.3105703636
"7901009",47,0,1,0.029904,1,0.007476,1,118.580361802571,1,4.85285298020544,688,1,8.0290002822876,34.9160003662109,0.0299040004611015,0,114.347801208496,-86.3737,23.0664,26.5797703479254,63,63,63,63,61,63,0,8763,1.76508096394256,23,-86,0.001869,51,2024-09-21 05:15:43.000558,688,1.037,0.0011,"aoml_navis",1030.32175513966
"7901009",47,0,1,0.03738,1,0.014952,1,118.776874967213,1,4.85280070076788,690,1,8.0019998550415,34.9129981994629,0.0373799987137318,0,114.537300109863,-86.3737,23.0664,26.5797703479254,63,63,63,63,61,63,0,8763,1.76508096394256,23,-86,0.001869,51,2024-09-21 05:15:43.000558,690,1.037,0.0011,"aoml_navis",1030.33285484171
"7901009",47,0,1,0.029904,1,0.007476,1,119.031880032418,1,4.85272911460586,692,1,7.94999980926514,34.9099998474121,0.0299040004611015,0,114.783203125,-86.3737,23.0664,26.5797703479254,63,63,63,63,61,63,0,8763,1.76508096394256,23,-86,0.001869,51,2024-09-21 05:15:43.000558,692,1.037,0.0011,"aoml_navis",1030.34805403642
"7901009",47,0,1,0.028035,1,0.005607,1,119.155177445969,1,4.85267785976384,694,1,7.92899990081787,34.9080009460449,0.0280349999666214,0,114.902099609375,-86.3737,23.0664,26.5797703479254,63,63,63,63,61,63,0,8763,1.76508096394256,23,-86,0.001869,51,2024-09-21 05:15:43.000558,694,1.037,0.0011,"aoml_navis",1030.35893675483
"7901009",47,0,1,0.029904,1,0.007476,1,119.371604598669,1,4.85261875844414,696,1,7.89300012588501,34.9049987792969,0.0299040004611015,0,115.110801696777,-86.3737,23.0664,26.5797703479254,63,63,63,63,61,63,0,8763,1.76508096394256,23,-86,0.001869,51,2024-09-21 05:15:43.000558,696,1.037,0.0011,"aoml_navis",1030.37148576723
"7901009",47,0,1,0.026166,1,0.003738,1,119.482251051987,1,4.85257062562999,698,1,7.87599992752075,34.9029998779297,0.0261659994721413,0,115.217498779297,-86.3737,23.0664,26.5797703479254,63,63,63,63,61,63,0,8763,1.76508096394256,23,-86,0.001869,51,2024-09-21 05:15:43.000558,698,1.037,0.0011,"aoml_navis",1030.38170605727
"7901009",47,0,1,0.026166,1,0.003738,1,119.698781058023,1,4.8525163568632,700,1,7.85099983215332,34.9010009765625,0.0261659994721413,0,115.426300048828,-86.3737,23.0664,26.5797703479254,63,63,63,63,61,63,0,8763,1.76508096394256,23,-86,0.001869,51,2024-09-21 05:15:43.000558,700,1.037,0.0011,"aoml_navis",1030.39322946912
"7901009",47,0,1,0.029904,1,0.007476,1,119.951396761133,1,4.85246196795154,702,1,7.82100009918213,34.8979988098145,0.0299040004611015,0,115.669898986816,-86.3737,23.0664,26.5797703479254,63,63,63,63,61,63,0,8763,1.76508096394256,23,-86,0.001869,51,2024-09-21 05:15:43.000558,702,1.037,0.0011,"aoml_navis",1030.4047786511
"7901009",47,0,4,0.024297,1,0.001869,1,120.296722878257,1,4.85239735978717,704,1,7.76800012588501,34.8930015563965,0.0242970008403063,0,116.002899169922,-86.3737,23.0664,26.5797703479254,63,63,63,63,61,63,0,8763,1.76508096394256,23,-86,0.001869,51,2024-09-21 05:15:43.000558,704,1.037,0.0011,"aoml_navis",1030.41849817083
"7901009",47,0,1,0.029904,1,0.007476,1,120.65086273503,1,4.85232907946909,706,1,7.71000003814697,34.8880004882812,0.0299040004611015,0,116.344398498535,-86.3737,23.0664,26.5797703479254,63,63,63,63,61,63,0,8763,1.76508096394256,23,-86,0.001869,51,2024-09-21 05:15:43.000558,706,1.037,0.0011,"aoml_navis",1030.43299786812
"7901009",47,0,1,0.031773,1,0.009345,1,121.084753485578,1,4.85226083075326,708,1,7.64699983596802,34.8819999694824,0.0317730009555817,0,116.762802124023,-86.3737,23.0664,26.5797703479254,63,63,63,63,61,63,0,8763,1.76508096394256,23,-86,0.001869,51,2024-09-21 05:15:43.000558,708,1.037,0.0011,"aoml_navis",1030.4474912623
"7901009",47,0,1,0.028035,1,0.005607,1,121.460769455575,1,4.85218389247833,710,1,7.58199977874756,34.8779983520508,0.0280349999666214,0,117.125396728516,-86.3737,23.0664,26.5797703479254,63,63,63,63,61,63,0,8763,1.76508096394256,23,-86,0.001869,51,2024-09-21 05:15:43.000558,710,1.037,0.0011,"aoml_navis",1030.46383047246
"7901009",47,0,1,0.028035,1,0.005607,1,121.564057939527,1,4.85213757005387,712,1,7.57200002670288,34.8769989013672,0.0280349999666214,0,117.224998474121,-86.3737,23.0664,26.5797703479254,63,63,63,63,61,63,0,8763,1.76508096394256,23,-86,0.001869,51,2024-09-21 05:15:43.000558,712,1.037,0.0011,"aoml_navis",1030.47366811252
"7901009",47,0,1,0.028035,1,0.005607,1,121.752690956331,1,4.85208983889495,714,1,7.56500005722046,34.8769989013672,0.0280349999666214,0,117.406898498535,-86.3737,23.0664,26.5797703479254,63,63,63,63,61,63,0,8763,1.76508096394256,23,-86,0.001869,51,2024-09-21 05:15:43.000558,714,1.037,0.0011,"aoml_navis",1030.48380512648
"7901009",47,0,1,0.029904,1,0.007476,1,122.069811524218,1,4.85204503288008,716,1,7.55700016021729,34.8759994506836,0.0299040004611015,0,117.712699890137,-86.3737,23.0664,26.5797703479254,63,63,63,63,61,63,0,8763,1.76508096394256,23,-86,0.001869,51,2024-09-21 05:15:43.000558,716,1.037,0.0011,"aoml_navis",1030.49332108777
"7901009",47,0,1,0.028035,1,0.005607,1,122.615907351703,1,4.85197534466223,718,1,7.51599979400635,34.875,0.0280349999666214,0,118.239303588867,-86.3737,23.0664,26.5797703479254,63,63,63,63,61,63,0,8763,1.76508096394256,23,-86,0.001869,51,2024-09-21 05:15:43.000558,718,1.037,0.0011,"aoml_navis",1030.50812191381
"7901009",47,0,1,0.029904,1,0.007476,1,122.833988069562,1,4.8519118213256,720,1,7.48799991607666,34.875,0.0299040004611015,0,118.449600219727,-86.3737,23.0664,26.5797703479254,63,63,63,63,61,63,0,8763,1.76508096394256,23,-86,0.001869,51,2024-09-21 05:15:43.000558,720,1.037,0.0011,"aoml_navis",1030.52161377367
"7901009",47,0,1,0.026166,1,0.003738,1,123.064719747654,1,4.85186561212408,722,1,7.48299980163574,34.875,0.0261659994721413,0,118.672096252441,-86.3737,23.0664,26.5797703479254,63,63,63,63,61,63,0,8763,1.76508096394256,23,-86,0.001869,51,2024-09-21 05:15:43.000558,722,1.037,0.0011,"aoml_navis",1030.53142846862
"7901009",47,0,1,0.029904,1,0.007476,1,123.417103185933,1,4.85182157922224,724,1,7.47599983215332,34.8740005493164,0.0299040004611015,0,119.011901855469,-86.3737,23.0664,26.5797703479254,63,63,63,63,61,63,0,8763,1.76508096394256,23,-86,0.001869,51,2024-09-21 05:15:43.000558,724,1.037,0.0011,"aoml_navis",1030.54078109804
"7901009",47,0,1,0.029904,1,0.007476,1,123.935610584192,1,4.85174520169539,726,1,7.4210000038147,34.8720016479492,0.0299040004611015,0,119.511901855469,-86.3737,23.0664,26.5797703479254,63,63,63,63,61,63,0,8763,1.76508096394256,23,-86,0.001869,51,2024-09-21 05:15:43.000558,726,1.037,0.0011,"aoml_navis",1030.55700415859
"7901009",47,0,1,0.031773,1,0.009345,1,124.220996942264,1,4.85168690739218,728,1,7.3899998664856,34.8699989318848,0.0317730009555817,0,119.787101745605,-86.3737,23.0664,26.5797703479254,63,63,63,63,61,63,0,8763,1.76508096394256,23,-86,0.001869,51,2024-09-21 05:15:43.000558,728,1.037,0.0011,"aoml_navis",1030.56938657394
"7901009",47,0,1,0.031773,1,0.009345,1,124.567668064541,1,4.85160928956557,730,1,7.33799982070923,34.8689994812012,0.0317730009555817,0,120.121398925781,-86.3737,23.0664,26.5797703479254,63,63,63,63,61,63,0,8763,1.76508096394256,23,-86,0.001869,51,2024-09-21 05:15:43.000558,730,1.037,0.0011,"aoml_navis",1030.58587400135
"7901009",47,0,1,0.028035,1,0.005607,1,124.6966698823,1,4.85155261908515,732,1,7.31400012969971,34.8680000305176,0.0280349999666214,0,120.245796203613,-86.3737,23.0664,26.5797703479254,63,63,63,63,61,63,0,8763,1.76508096394256,23,-86,0.001869,51,2024-09-21 05:15:43.000558,732,1.037,0.0011,"aoml_navis",1030.59791216752
"7901009",47,0,1,0.029904,1,0.007476,1,124.755161782863,1,4.85150713042739,734,1,7.30499982833862,34.867000579834,0.0299040004611015,0,120.302200317383,-86.3737,23.0664,26.5797703479254,63,63,63,63,61,63,0,8763,1.76508096394256,23,-86,0.001869,51,2024-09-21 05:15:43.000558,734,1.037,0.0011,"aoml_navis",1030.60757525044
"7901009",47,0,1,0.026166,1,0.003738,1,124.797474062616,1,4.85146168743329,736,1,7.30100011825562,34.867000579834,0.0261659994721413,0,120.343002319336,-86.3737,23.0664,26.5797703479254,63,63,63,63,61,63,0,8763,1.76508096394256,23,-86,0.001869,51,2024-09-21 05:15:43.000558,736,1.037,0.0011,"aoml_navis",1030.61722881404
"7901009",47,0,1,0.026166,1,0.003738,1,124.82651035033,1,4.85141550163132,738,1,7.2960000038147,34.867000579834,0.0261659994721413,0,120.371002197266,-86.3737,23.0664,26.5797703479254,63,63,63,63,61,63,0,8763,1.76508096394256,23,-86,0.001869,51,2024-09-21 05:15:43.000558,738,1.037,0.0011,"aoml_navis",1030.6270403594
"7901009",47,0,1,0.028035,1,0.005607,1,124.79487899385,1,4.85137155090919,740,1,7.29400014877319,34.867000579834,0.0280349999666214,0,120.34049987793,-86.3737,23.0664,26.5797703479254,63,63,63,63,61,63,0,8763,1.76508096394256,23,-86,0.001869,51,2024-09-21 05:15:43.000558,740,1.037,0.0011,"aoml_navis",1030.63637726592
"7901009",47,0,1,0.031773,1,0.009345,1,124.869028336753,1,4.8513312805779,742,1,7.29199981689453,34.8660011291504,0.0317730009555817,0,120.412002563477,-86.3737,23.0664,26.5797703479254,63,63,63,63,61,63,0,8763,1.76508096394256,23,-86,0.001869,51,2024-09-21 05:15:43.000558,742,1.037,0.0011,"aoml_navis",1030.64493245746
"7901009",47,0,1,0.031773,1,0.009345,1,124.927306618851,1,4.85128580169379,744,1,7.28299999237061,34.8650016784668,0.0317730009555817,0,120.468200683594,-86.3737,23.0664,26.5797703479254,63,63,63,63,61,63,0,8763,1.76508096394256,23,-86,0.001869,51,2024-09-21 05:15:43.000558,744,1.037,0.0011,"aoml_navis",1030.65459434575
"7901009",47,0,1,0.028035,1,0.005607,1,125.015760487146,1,4.8512359029643,746,1,7.27299976348877,34.8650016784668,0.0280349999666214,0,120.553497314453,-86.3737,23.0664,26.5797703479254,63,63,63,63,61,63,0,8763,1.76508096394256,23,-86,0.001869,51,2024-09-21 05:15:43.000558,746,1.037,0.0011,"aoml_navis",1030.66519542882
"7901009",47,0,1,0.031773,1,0.009345,1,125.137610042208,1,4.85119044457176,748,1,7.26399993896484,34.8639984130859,0.0317730009555817,0,120.670997619629,-86.3737,23.0664,26.5797703479254,63,63,63,63,61,63,0,8763,1.76508096394256,23,-86,0.001869,51,2024-09-21 05:15:43.000558,748,1.037,0.0011,"aoml_navis",1030.67485334342
"7901009",47,0,1,0.028035,1,0.005607,1,125.276881369899,1,4.85114497521071,750,1,7.25500011444092,34.8629989624023,0.0280349999666214,0,120.805297851562,-86.3737,23.0664,26.5797703479254,63,63,63,63,61,63,0,8763,1.76508096394256,23,-86,0.001869,51,2024-09-21 05:15:43.000558,750,1.037,0.0011,"aoml_navis",1030.68451376942
"7901009",47,0,1,0.028035,1,0.005607,1,125.49777077499,1,4.85109282260747,752,1,7.23699998855591,34.8619995117188,0.0280349999666214,0,121.01830291748,-86.3737,23.0664,26.5797703479254,63,63,63,63,61,63,0,8763,1.76508096394256,23,-86,0.001869,51,2024-09-21 05:15:43.000558,752,1.037,0.0011,"aoml_navis",1030.69559434084
"7901009",47,0,1,0.031773,1,0.009345,1,125.827850863115,1,4.85104510243004,754,1,7.21999979019165,34.8600006103516,0.0317730009555817,0,121.336601257324,-86.3737,23.0664,26.5797703479254,63,63,63,63,61,63,0,8763,1.76508096394256,23,-86,0.001869,51,2024-09-21 05:15:43.000558,754,1.037,0.0011,"aoml_navis",1030.70573338833
"7901009",47,0,1,0.029904,1,0.007476,1,126.21714282515,1,4.85099516908361,756,1,7.19999980926514,34.8580017089844,0.0299040004611015,0,121.71199798584,-86.3737,23.0664,26.5797703479254,63,63,63,63,61,63,0,8763,1.76508096394256,23,-86,0.001869,51,2024-09-21 05:15:43.000558,756,1.037,0.0011,"aoml_navis",1030.71634287868
"7901009",47,0,1,0.033642,1,0.011214,1,126.807204497547,1,4.85093342483106,758,1,7.16400003433228,34.8559989929199,0.0336420014500618,0,122.28099822998,-86.3737,23.0664,26.5797703479254,63,63,63,63,61,63,0,8763,1.76508096394256,23,-86,0.001869,51,2024-09-21 05:15:43.000558,758,1.037,0.0011,"aoml_navis",1030.72946217029
"7901009",47,0,1,0.028035,1,0.005607,1,127.613899029314,1,4.85086433432457,760,1,7.11299991607666,34.8530006408691,0.0280349999666214,0,123.058898925781,-86.3737,23.0664,26.5797703479254,63,63,63,63,61,63,0,8763,1.76508096394256,23,-86,0.001869,51,2024-09-21 05:15:43.000558,760,1.037,0.0011,"aoml_navis",1030.74414277475
"7901009",47,0,1,0.031773,1,0.009345,1,128.491736421878,1,4.8507536013113,762,1,6.99499988555908,34.8479995727539,0.0317730009555817,0,123.905403137207,-86.3737,23.0664,26.5797703479254,63,63,63,63,61,63,0,8763,1.76508096394256,23,-86,0.001869,51,2024-09-21 05:15:43.000558,762,1.037,0.0011,"aoml_navis",1030.76767260418
"7901009",47,0,1,0.029904,1,0.007476,1,128.946569693837,1,4.8506841656613,764,1,6.94299983978271,34.8450012207031,0.0299040004611015,0,124.34400177002,-86.3737,23.0664,26.5797703479254,63,63,63,63,61,63,0,8763,1.76508096394256,23,-86,0.001869,51,2024-09-21 05:15:43.000558,764,1.037,0.0011,"aoml_navis",1030.78242764098
"7901009",47,0,1,0.029904,1,0.007476,1,129.342705358563,1,4.8506198077683,766,1,6.91300010681152,34.8450012207031,0.0299040004611015,0,124.725997924805,-86.3737,23.0664,26.5797703479254,63,63,63,63,61,63,0,8763,1.76508096394256,23,-86,0.001869,51,2024-09-21 05:15:43.000558,766,1.037,0.0011,"aoml_navis",1030.79610403447
"7901009",47,0,1,0.029904,1,0.007476,1,129.68067350632,1,4.85055839220661,768,1,6.88700008392334,34.8450012207031,0.0299040004611015,0,125.051902770996,-86.3737,23.0664,26.5797703479254,63,63,63,63,61,63,0,8763,1.76508096394256,23,-86,0.001869,51,2024-09-21 05:15:43.000558,768,1.037,0.0011,"aoml_navis",1030.80915550537
"7901009",47,0,1,0.029904,1,0.007476,1,130.029623225562,1,4.85051375555207,770,1,6.87900018692017,34.8440017700195,0.0299040004611015,0,125.388397216797,-86.3737,23.0664,26.5797703479254,63,63,63,63,61,63,0,8763,1.76508096394256,23,-86,0.001869,51,2024-09-21 05:15:43.000558,770,1.037,0.0011,"aoml_navis",1030.81864148449
"7901009",47,0,1,0.026166,1,0.003738,1,130.452833052837,1,4.85045092124851,772,1,6.85099983215332,34.8440017700195,0.0261659994721413,0,125.796501159668,-86.3737,23.0664,26.5797703479254,63,63,63,63,61,63,0,8763,1.76508096394256,23,-86,0.001869,51,2024-09-21 05:15:43.000558,772,1.037,0.0011,"aoml_navis",1030.83199504119
"7901009",47,0,1,0.028035,1,0.005607,1,130.80676720294,1,4.85039173987252,774,1,6.82800006866455,34.8440017700195,0.0280349999666214,0,126.137802124023,-86.3737,23.0664,26.5797703479254,63,63,63,63,61,63,0,8763,1.76508096394256,23,-86,0.001869,51,2024-09-21 05:15:43.000558,774,1.037,0.0011,"aoml_navis",1030.84457259351
"7901009",47,0,1,0.028035,1,0.005607,1,131.196264871646,1,4.85034054036565,776,1,6.81599998474121,34.8440017700195,0.0280349999666214,0,126.513397216797,-86.3737,23.0664,26.5797703479254,63,63,63,63,61,63,0,8763,1.76508096394256,23,-86,0.001869,51,2024-09-21 05:15:43.000558,776,1.037,0.0011,"aoml_navis",1030.85545404263
"7901009",47,0,1,0.031773,1,0.009345,1,131.627251993423,1,4.85027343649798,778,1,6.78200006484985,34.8440017700195,0.0317730009555817,0,126.929000854492,-86.3737,23.0664,26.5797703479254,63,63,63,63,61,63,0,8763,1.76508096394256,23,-86,0.001869,51,2024-09-21 05:15:43.000558,778,1.037,0.0011,"aoml_navis",1030.86971599897
"7901009",47,0,1,0.029904,1,0.007476,1,131.880698435009,1,4.85021279839176,780,1,6.76200008392334,34.8450012207031,0.0299040004611015,0,127.173400878906,-86.3737,23.0664,26.5797703479254,63,63,63,63,61,63,0,8763,1.76508096394256,23,-86,0.001869,51,2024-09-21 05:15:43.000558,780,1.037,0.0011,"aoml_navis",1030.88260409067
"7901009",47,0,1,0.028035,1,0.005607,1,132.0402951641,1,4.85016090490949,782,1,6.74900007247925,34.8450012207031,0.0280349999666214,0,127.327301025391,-86.3737,23.0664,26.5797703479254,63,63,63,63,61,63,0,8763,1.76508096394256,23,-86,0.001869,51,2024-09-21 05:15:43.000558,782,1.037,0.0011,"aoml_navis",1030.89363384601
"7901009",47,0,1,0.031773,1,0.009345,1,132.179257931785,1,4.85011110486545,784,1,6.74399995803833,34.8460006713867,0.0317730009555817,0,127.461303710938,-86.3737,23.0664,26.5797703479254,63,63,63,63,61,63,0,8763,1.76508096394256,23,-86,0.001869,51,2024-09-21 05:15:43.000558,784,1.037,0.0011,"aoml_navis",1030.90421887123
"7901009",47,0,1,0.026166,1,0.003738,1,132.332003046391,1,4.85006643113672,786,1,6.74100017547607,34.8460006713867,0.0261659994721413,0,127.608596801758,-86.3737,23.0664,26.5797703479254,63,63,63,63,61,63,0,8763,1.76508096394256,23,-86,0.001869,51,2024-09-21 05:15:43.000558,786,1.037,0.0011,"aoml_navis",1030.91371448043
"7901009",47,0,1,0.031773,1,0.009345,1,132.604121324219,1,4.85002248029768,788,1,6.73899984359741,34.8460006713867,0.0317730009555817,0,127.871002197266,-86.3737,23.0664,26.5797703479254,63,63,63,63,61,63,0,8763,1.76508096394256,23,-86,0.001869,51,2024-09-21 05:15:43.000558,788,1.037,0.0011,"aoml_navis",1030.92305660676
"7901009",47,0,1,0.029904,1,0.007476,1,133.024633229393,1,4.84996027515795,790,1,6.72700023651123,34.8489990234375,0.0299040004611015,0,128.276504516602,-86.3737,23.0664,26.5797703479254,63,63,63,63,61,63,0,8763,1.76508096394256,23,-86,0.001869,51,2024-09-21 05:15:43.000558,790,1.037,0.0011,"aoml_navis",1030.93627913007
"7901009",47,0,1,0.028035,1,0.005607,1,133.306799486893,1,4.84989687370537,792,1,6.69799995422363,34.8489990234375,0.0280349999666214,0,128.548599243164,-86.3737,23.0664,26.5797703479254,63,63,63,63,61,63,0,8763,1.76508096394256,23,-86,0.001869,51,2024-09-21 05:15:43.000558,792,1.037,0.0011,"aoml_navis",1030.9497562945
"7901009",47,0,1,0.029904,1,0.007476,1,133.521984487776,1,4.84984797165752,794,1,6.68400001525879,34.8479995727539,0.0299040004611015,0,128.756103515625,-86.3737,23.0664,26.5797703479254,63,63,63,63,61,63,0,8763,1.76508096394256,23,-86,0.001869,51,2024-09-21 05:15:43.000558,794,1.037,0.0011,"aoml_navis",1030.96015158
"7901009",47,0,1,0.031773,1,0.009345,1,133.641136120737,1,4.8497938703486,796,1,6.6729998588562,34.8489990234375,0.0317730009555817,0,128.871002197266,-86.3737,23.0664,26.5797703479254,63,63,63,63,61,63,0,8763,1.76508096394256,23,-86,0.001869,51,2024-09-21 05:15:43.000558,796,1.037,0.0011,"aoml_navis",1030.97165233553
"7901009",47,0,1,0.031773,1,0.009345,1,133.812964484925,1,4.84974992480481,798,1,6.6710000038147,34.8489990234375,0.0317730009555817,0,129.036697387695,-86.3737,23.0664,26.5797703479254,63,63,63,63,61,63,0,8763,1.76508096394256,23,-86,0.001869,51,2024-09-21 05:15:43.000558,798,1.037,0.0011,"aoml_navis",1030.98099438627
"7901009",47,0,1,0.029904,1,0.007476,1,134.152791904512,1,4.84970301925858,800,1,6.67000007629395,34.8499984741211,0.0299040004611015,0,129.364395141602,-86.3737,23.0664,26.5797703479254,63,63,63,63,61,63,0,8763,1.76508096394256,23,-86,0.001869,51,2024-09-21 05:15:43.000558,800,1.037,0.0011,"aoml_navis",1030.99096586834
"7901009",47,0,1,0.029904,1,0.007476,1,134.58917487049,1,4.84965538279928,802,1,6.66800022125244,34.851001739502,0.0299040004611015,0,129.785202026367,-86.3737,23.0664,26.5797703479254,63,63,63,63,61,63,0,8763,1.76508096394256,23,-86,0.001869,51,2024-09-21 05:15:43.000558,802,1.037,0.0011,"aoml_navis",1031.00109293002
"7901009",47,0,1,0.028035,1,0.005607,1,135.077712389224,1,4.84957713375324,804,1,6.64900016784668,34.8569984436035,0.0280349999666214,0,130.256301879883,-86.3737,23.0664,26.5797703479254,63,63,63,63,61,63,0,8763,1.76508096394256,23,-86,0.001869,51,2024-09-21 05:15:43.000558,804,1.037,0.0011,"aoml_navis",1031.01772837054
"7901009",47,0,1,0.028035,1,0.005607,1,135.351381378875,1,4.84951064440846,806,1,6.63100004196167,34.8600006103516,0.0280349999666214,0,130.520202636719,-86.3737,23.0664,26.5797703479254,63,63,63,63,61,63,0,8763,1.76508096394256,23,-86,0.001869,51,2024-09-21 05:15:43.000558,806,1.037,0.0011,"aoml_navis",1031.03186416655
"7901009",47,0,1,0.033642,1,0.011214,1,135.56283201251,1,4.84945881106087,808,1,6.61800003051758,34.8600006103516,0.0336420014500618,0,130.724105834961,-86.3737,23.0664,26.5797703479254,63,63,63,63,61,63,0,8763,1.76508096394256,23,-86,0.001869,51,2024-09-21 05:15:43.000558,808,1.037,0.0011,"aoml_navis",1031.04288433088
"7901009",47,0,1,0.031773,1,0.009345,1,135.832560928242,1,4.84940545391961,810,1,6.60799980163574,34.8610000610352,0.0317730009555817,0,130.98420715332,-86.3737,23.0664,26.5797703479254,63,63,63,63,61,63,0,8763,1.76508096394256,23,-86,0.001869,51,2024-09-21 05:15:43.000558,810,1.037,0.0011,"aoml_navis",1031.05422871141
"7901009",47,0,1,0.028035,1,0.005607,1,136.062050454517,1,4.84935731213182,812,1,6.59499979019165,34.8600006103516,0.0280349999666214,0,131.205505371094,-86.3737,23.0664,26.5797703479254,63,63,63,63,61,63,0,8763,1.76508096394256,23,-86,0.001869,51,2024-09-21 05:15:43.000558,812,1.037,0.0011,"aoml_navis",1031.06446445827
"7901009",47,0,1,0.031773,1,0.009345,1,136.316430487916,1,4.84930038171001,814,1,6.57999992370605,34.8610000610352,0.0317730009555817,0,131.450805664062,-86.3737,23.0664,26.5797703479254,63,63,63,63,61,63,0,8763,1.76508096394256,23,-86,0.001869,51,2024-09-21 05:15:43.000558,814,1.037,0.0011,"aoml_navis",1031.07656907755
"7901009",47,0,1,0.029904,1,0.007476,1,136.570383284384,1,4.84925000321663,816,1,6.56899976730347,34.8610000610352,0.0299040004611015,0,131.695693969727,-86.3737,23.0664,26.5797703479254,63,63,63,63,61,63,0,8763,1.76508096394256,23,-86,0.001869,51,2024-09-21 05:15:43.000558,816,1.037,0.0011,"aoml_navis",1031.08728085443
"7901009",47,0,1,0.029904,1,0.007476,1,136.801122874271,1,4.84919891392687,818,1,6.55700016021729,34.8610000610352,0.0299040004611015,0,131.918197631836,-86.3737,23.0664,26.5797703479254,63,63,63,63,61,63,0,8763,1.76508096394256,23,-86,0.001869,51,2024-09-21 05:15:43.000558,818,1.037,0.0011,"aoml_navis",1031.09814399241
"7901009",47,0,1,0.029904,1,0.007476,1,137.140016702045,1,4.84914936520036,820,1,6.54199981689453,34.8600006103516,0.0299040004611015,0,132.244995117188,-86.3737,23.0664,26.5797703479254,63,63,63,63,61,63,0,8763,1.76508096394256,23,-86,0.001869,51,2024-09-21 05:15:43.000558,820,1.037,0.0011,"aoml_navis",1031.1086797784
"7901009",47,0,1,0.031773,1,0.009345,1,137.54725261518,1,4.8490940009632,822,1,6.52400016784668,34.8600006103516,0.0317730009555817,0,132.6376953125,-86.3737,23.0664,26.5797703479254,63,63,63,63,61,63,0,8763,1.76508096394256,23,-86,0.001869,51,2024-09-21 05:15:43.000558,822,1.037,0.0011,"aoml_navis",1031.12045239932
"7901009",47,0,1,0.028035,1,0.005607,1,137.959061545835,1,4.84903947538518,824,1,6.5019998550415,34.859001159668,0.0280349999666214,0,133.034805297852,-86.3737,23.0664,26.5797703479254,63,63,63,63,61,63,0,8763,1.76508096394256,23,-86,0.001869,51,2024-09-21 05:15:43.000558,824,1.037,0.0011,"aoml_navis",1031.13204695098
"7901009",47,0,1,0.028035,1,0.005607,1,138.505038696394,1,4.84898425603599,826,1,6.47900009155273,34.8580017089844,0.0280349999666214,0,133.561294555664,-86.3737,23.0664,26.5797703479254,63,63,63,63,61,63,0,8763,1.76508096394256,23,-86,0.001869,51,2024-09-21 05:15:43.000558,826,1.037,0.0011,"aoml_navis",1031.14378929485
"7901009",47,0,1,0.031773,1,0.009345,1,138.993370508457,1,4.84891684148428,828,1,6.44399976730347,34.8580017089844,0.0317730009555817,0,134.032196044922,-86.3737,23.0664,26.5797703479254,63,63,63,63,61,63,0,8763,1.76508096394256,23,-86,0.001869,51,2024-09-21 05:15:43.000558,828,1.037,0.0011,"aoml_navis",1031.15812529989
"7901009",47,0,1,0.033642,1,0.011214,1,139.506181414304,1,4.84886168774363,830,1,6.4210000038147,34.8569984436035,0.0336420014500618,0,134.526702880859,-86.3737,23.0664,26.5797703479254,63,63,63,63,61,63,0,8763,1.76508096394256,23,-86,0.001869,51,2024-09-21 05:15:43.000558,830,1.037,0.0011,"aoml_navis",1031.16985428527
"7901009",47,0,1,0.028035,1,0.005607,1,139.960603272923,1,4.84881008499485,832,1,6.40299987792969,34.8559989929199,0.0280349999666214,0,134.964904785156,-86.3737,23.0664,26.5797703479254,63,63,63,63,61,63,0,8763,1.76508096394256,23,-86,0.001869,51,2024-09-21 05:15:43.000558,832,1.037,0.0011,"aoml_navis",1031.1808283589
"7901009",47,0,1,0.031773,1,0.009345,1,140.491548012949,1,4.84874136071191,834,1,6.36600017547607,34.8559989929199,0.0317730009555817,0,135.476898193359,-86.3737,23.0664,26.5797703479254,63,63,63,63,61,63,0,8763,1.76508096394256,23,-86,0.001869,51,2024-09-21 05:15:43.000558,834,1.037,0.0011,"aoml_navis",1031.19544393803
"7901009",47,0,1,0.028035,1,0.005607,1,140.922329428056,1,4.84868555491146,836,1,6.34200000762939,34.8549995422363,0.0280349999666214,0,135.892303466797,-86.3737,23.0664,26.5797703479254,63,63,63,63,61,63,0,8763,1.76508096394256,23,-86,0.001869,51,2024-09-21 05:15:43.000558,836,1.037,0.0011,"aoml_navis",1031.20731245095
"7901009",47,0,1,0.028035,1,0.005607,1,141.396451656267,1,4.84862765503175,838,1,6.31500005722046,34.8540000915527,0.0280349999666214,0,136.349502563477,-86.3737,23.0664,26.5797703479254,63,63,63,63,61,63,0,8763,1.76508096394256,23,-86,0.001869,51,2024-09-21 05:15:43.000558,838,1.037,0.0011,"aoml_navis",1031.21962661149
"7901009",47,0,1,0.026166,1,0.003738,1,141.783781493139,1,4.84856117314259,840,1,6.2810001373291,34.8540000915527,0.0261659994721413,0,136.723007202148,-86.3737,23.0664,26.5797703479254,63,63,63,63,61,63,0,8763,1.76508096394256,23,-86,0.001869,51,2024-09-21 05:15:43.000558,840,1.037,0.0011,"aoml_navis",1031.23376635862
"7901009",47,0,1,0.031773,1,0.009345,1,142.007764410081,1,4.84851318114789,842,1,6.26800012588501,34.8530006408691,0.0317730009555817,0,136.938995361328,-86.3737,23.0664,26.5797703479254,63,63,63,63,61,63,0,8763,1.76508096394256,23,-86,0.001869,51,2024-09-21 05:15:43.000558,842,1.037,0.0011,"aoml_navis",1031.2439738106
"7901009",47,0,1,0.031773,1,0.009345,1,142.213407786172,1,4.8484664345668,844,1,6.26200008392334,34.8530006408691,0.0317730009555817,0,137.137298583984,-86.3737,23.0664,26.5797703479254,63,63,63,63,61,63,0,8763,1.76508096394256,23,-86,0.001869,51,2024-09-21 05:15:43.000558,844,1.037,0.0011,"aoml_navis",1031.25391656893
"7901009",47,0,1,0.029904,1,0.007476,1,142.491633969754,1,4.84842039316894,846,1,6.25699996948242,34.8530006408691,0.0299040004611015,0,137.40559387207,-86.3737,23.0664,26.5797703479254,63,63,63,63,61,63,0,8763,1.76508096394256,23,-86,0.001869,51,2024-09-21 05:15:43.000558,846,1.037,0.0011,"aoml_navis",1031.26370952581
"7901009",47,0,1,0.024297,1,0.001869,1,142.871811543929,1,4.84835644685608,848,1,6.23699998855591,34.8549995422363,0.0242970008403063,0,137.772201538086,-86.3737,23.0664,26.5797703479254,63,63,63,63,61,63,0,8763,1.76508096394256,23,-86,0.001869,51,2024-09-21 05:15:43.000558,848,1.037,0.0011,"aoml_navis",1031.27731114783
"7901009",47,0,1,0.028035,1,0.005607,1,143.129609472776,1,4.84830409057939,850,1,6.22300004959106,34.8549995422363,0.0280349999666214,0,138.020797729492,-86.3737,23.0664,26.5797703479254,63,63,63,63,61,63,0,8763,1.76508096394256,23,-86,0.001869,51,2024-09-21 05:15:43.000558,850,1.037,0.0011,"aoml_navis",1031.28844779257
"7901009",47,0,1,0.028035,1,0.005607,1,143.332657780102,1,4.84825595086971,852,1,6.21500015258789,34.8549995422363,0.0280349999666214,0,138.216598510742,-86.3737,23.0664,26.5797703479254,63,63,63,63,61,63,0,8763,1.76508096394256,23,-86,0.001869,51,2024-09-21 05:15:43.000558,852,1.037,0.0011,"aoml_navis",1031.29868774834
"7901009",47,0,1,0.029904,1,0.007476,1,143.563397369989,1,4.84820202693616,854,1,6.2039999961853,34.8559989929199,0.0299040004611015,0,138.439102172852,-86.3737,23.0664,26.5797703479254,63,63,63,63,61,63,0,8763,1.76508096394256,23,-86,0.001869,51,2024-09-21 05:15:43.000558,854,1.037,0.0011,"aoml_navis",1031.31015832683
"7901009",47,0,1,0.028035,1,0.005607,1,143.685966898398,1,4.84815249058023,856,1,6.19399976730347,34.8559989929199,0.0280349999666214,0,138.55729675293,-86.3737,23.0664,26.5797703479254,63,63,63,63,61,63,0,8763,1.76508096394256,23,-86,0.001869,51,2024-09-21 05:15:43.000558,856,1.037,0.0011,"aoml_navis",1031.3206958145
"7901009",47,0,1,0.031773,1,0.009345,1,143.884141539993,1,4.84810646296035,858,1,6.18900012969971,34.8559989929199,0.0317730009555817,0,138.748397827148,-86.3737,23.0664,26.5797703479254,63,63,63,63,61,63,0,8763,1.76508096394256,23,-86,0.001869,51,2024-09-21 05:15:43.000558,858,1.037,0.0011,"aoml_navis",1031.33048710875
"7901009",47,0,1,0.026166,1,0.003738,1,144.081287648237,1,4.8480618388629,860,1,6.18599987030029,34.8559989929199,0.0261659994721413,0,138.938507080078,-86.3737,23.0664,26.5797703479254,63,63,63,63,61,63,0,8763,1.76508096394256,23,-86,0.001869,51,2024-09-21 05:15:43.000558,860,1.037,0.0011,"aoml_navis",1031.3399800141
"7901009",47,0,1,0.031773,1,0.009345,1,144.466006592752,1,4.84801581482921,862,1,6.18100023269653,34.8559989929199,0.0317730009555817,0,139.309494018555,-86.3737,23.0664,26.5797703479254,63,63,63,63,61,63,0,8763,1.76508096394256,23,-86,0.001869,51,2024-09-21 05:15:43.000558,862,1.037,0.0011,"aoml_navis",1031.34977091162
"7901009",47,0,1,0.028035,1,0.005607,1,144.926963594055,1,4.84795980322286,864,1,6.16699981689453,34.8569984436035,0.0280349999666214,0,139.753997802734,-86.3737,23.0664,26.5797703479254,63,63,63,63,61,63,0,8763,1.76508096394256,23,-86,0.001869,51,2024-09-21 05:15:43.000558,864,1.037,0.0011,"aoml_navis",1031.3616867607
"7901009",47,0,1,0.029904,1,0.007476,1,145.390927077464,1,4.84789888550383,866,1,6.14599990844727,34.8580017089844,0.0299040004611015,0,140.201400756836,-86.3737,23.0664,26.5797703479254,63,63,63,63,61,63,0,8763,1.76508096394256,23,-86,0.001869,51,2024-09-21 05:15:43.000558,866,1.037,0.0011,"aoml_navis",1031.37464664351
"7901009",47,0,1,0.031773,1,0.009345,1,145.841503803704,1,4.84782294881537,868,1,6.11399984359741,34.8610000610352,0.0317730009555817,0,140.635894775391,-86.3737,23.0664,26.5797703479254,63,63,63,63,61,63,0,8763,1.76508096394256,23,-86,0.001869,51,2024-09-21 05:15:43.000558,868,1.037,0.0011,"aoml_navis",1031.39080217891
"7901009",47,0,1,0.026166,1,0.003738,1,146.135806754761,1,4.84775751267935,870,1,6.09700012207031,34.8639984130859,0.0261659994721413,0,140.919692993164,-86.3737,23.0664,26.5797703479254,63,63,63,63,61,63,0,8763,1.76508096394256,23,-86,0.001869,51,2024-09-21 05:15:43.000558,870,1.037,0.0011,"aoml_navis",1031.40472412708
"7901009",47,0,1,0.026166,1,0.003738,1,146.506331939015,1,4.84770501501822,872,1,6.08799982070923,34.8650016784668,0.0261659994721413,0,141.276992797852,-86.3737,23.0664,26.5797703479254,63,63,63,63,61,63,0,8763,1.76508096394256,23,-86,0.001869,51,2024-09-21 05:15:43.000558,872,1.037,0.0011,"aoml_navis",1031.41589360532
"7901009",47,0,1,0.026166,1,0.003738,1,147.023605097252,1,4.84764765540483,874,1,6.07200002670288,34.8660011291504,0.0261659994721413,0,141.775802612305,-86.3737,23.0664,26.5797703479254,63,63,63,63,61,63,0,8763,1.76508096394256,23,-86,0.001869,51,2024-09-21 05:15:43.000558,874,1.037,0.0011,"aoml_navis",1031.42809779612
"7901009",47,0,1,0.029904,1,0.007476,1,147.411346347463,1,4.84757409677978,876,1,6.03800010681152,34.8680000305176,0.0299040004611015,0,142.149703979492,-86.3737,23.0664,26.5797703479254,63,63,63,63,61,63,0,8763,1.76508096394256,23,-86,0.001869,51,2024-09-21 05:15:43.000558,876,1.037,0.0011,"aoml_navis",1031.44374901283
"7901009",47,0,1,0.031773,1,0.009345,1,147.610755229082,1,4.84751607068066,878,1,6.02099990844727,34.8689994812012,0.0317730009555817,0,142.341995239258,-86.3737,23.0664,26.5797703479254,63,63,63,63,61,63,0,8763,1.76508096394256,23,-86,0.001869,51,2024-09-21 05:15:43.000558,878,1.037,0.0011,"aoml_navis",1031.45609567787
"7901009",47,0,1,0.028035,1,0.005607,1,147.754275190697,1,4.84746291533822,880,1,6.01100015640259,34.8699989318848,0.0280349999666214,0,142.480392456055,-86.3737,23.0664,26.5797703479254,63,63,63,63,61,63,0,8763,1.76508096394256,23,-86,0.001869,51,2024-09-21 05:15:43.000558,880,1.037,0.0011,"aoml_navis",1031.46740621349
"7901009",47,0,1,0.028035,1,0.005607,1,147.925486434873,1,4.84741691736717,882,1,6.00600004196167,34.8699989318848,0.0280349999666214,0,142.645492553711,-86.3737,23.0664,26.5797703479254,63,63,63,63,61,63,0,8763,1.76508096394256,23,-86,0.001869,51,2024-09-21 05:15:43.000558,882,1.037,0.0011,"aoml_navis",1031.47719398473
"7901009",47,0,1,0.026166,1,0.003738,1,148.121081831293,1,4.8473716155923,884,1,6.0019998550415,34.8699989318848,0.0261659994721413,0,142.834106445312,-86.3737,23.0664,26.5797703479254,63,63,63,63,61,63,0,8763,1.76508096394256,23,-86,0.001869,51,2024-09-21 05:15:43.000558,884,1.037,0.0011,"aoml_navis",1031.48683379602
"7901009",47,0,1,0.029904,1,0.007476,1,148.425543527152,1,4.84732284433026,886,1,5.99300003051758,34.8699989318848,0.0299040004611015,0,143.127700805664,-86.3737,23.0664,26.5797703479254,63,63,63,63,61,63,0,8763,1.76508096394256,23,-86,0.001869,51,2024-09-21 05:15:43.000558,886,1.037,0.0011,"aoml_navis",1031.49721208446
"7901009",47,0,1,0.024297,1,0.001869,1,148.610552941838,1,4.84725837395235,888,1,5.97200012207031,34.8720016479492,0.0242970008403063,0,143.306106567383,-86.3737,23.0664,26.5797703479254,63,63,63,63,61,63,0,8763,1.76508096394256,23,-86,0.001869,51,2024-09-21 05:15:43.000558,888,1.037,0.0011,"aoml_navis",1031.51093138926
"7901009",47,0,1,0.029904,1,0.007476,1,148.772728916105,1,4.84721238452418,890,1,5.96700000762939,34.8720016479492,0.0299040004611015,0,143.462493896484,-86.3737,23.0664,26.5797703479254,63,63,63,63,61,63,0,8763,1.76508096394256,23,-86,0.001869,51,2024-09-21 05:15:43.000558,890,1.037,0.0011,"aoml_navis",1031.52071816858
"7901009",47,0,1,0.028035,1,0.005607,1,148.869078755826,1,4.84716271483393,892,1,5.96199989318848,34.8730010986328,0.0280349999666214,0,143.555404663086,-86.3737,23.0664,26.5797703479254,63,63,63,63,61,63,0,8763,1.76508096394256,23,-86,0.001869,51,2024-09-21 05:15:43.000558,892,1.037,0.0011,"aoml_navis",1031.53128833458
"7901009",47,0,1,0.028035,1,0.005607,1,149.096178920005,1,4.84711811588551,894,1,5.95900011062622,34.8730010986328,0.0280349999666214,0,143.774398803711,-86.3737,23.0664,26.5797703479254,63,63,63,63,61,63,0,8763,1.76508096394256,23,-86,0.001869,51,2024-09-21 05:15:43.000558,894,1.037,0.0011,"aoml_navis",1031.54077958477
"7901009",47,0,1,0.031773,1,0.009345,1,149.289796367671,1,4.84707650706329,896,1,5.95499992370605,34.8720016479492,0.0317730009555817,0,143.96110534668,-86.3737,23.0664,26.5797703479254,63,63,63,63,61,63,0,8763,1.76508096394256,23,-86,0.001869,51,2024-09-21 05:15:43.000558,896,1.037,0.0011,"aoml_navis",1031.54963465377
"7901009",47,0,1,0.028035,1,0.005607,1,149.52612168484,1,4.84701415312059,898,1,5.93699979782104,34.8740005493164,0.0280349999666214,0,144.188995361328,-86.3737,23.0664,26.5797703479254,63,63,63,63,61,63,0,8763,1.76508096394256,23,-86,0.001869,51,2024-09-21 05:15:43.000558,898,1.037,0.0011,"aoml_navis",1031.56290492383
"7901009",47,0,1,0.028035,1,0.005607,1,149.692870676626,1,4.8469660962984,900,1,5.92899990081787,34.8740005493164,0.0280349999666214,0,144.349792480469,-86.3737,23.0664,26.5797703479254,63,63,63,63,61,63,0,8763,1.76508096394256,23,-86,0.001869,51,2024-09-21 05:15:43.000558,900,1.037,0.0011,"aoml_navis",1031.57313268984
"7901009",47,0,1,0.024297,1,0.001869,1,149.81297172499,1,4.8469201187453,902,1,5.92399978637695,34.8740005493164,0.0242970008403063,0,144.465606689453,-86.3737,23.0664,26.5797703479254,63,63,63,63,61,63,0,8763,1.76508096394256,23,-86,0.001869,51,2024-09-21 05:15:43.000558,902,1.037,0.0011,"aoml_navis",1031.5829181221
"7901009",47,0,1,0.029904,1,0.007476,1,149.951918669086,1,4.84687275864054,904,1,5.91699981689453,34.8740005493164,0.0299040004611015,0,144.599594116211,-86.3737,23.0664,26.5797703479254,63,63,63,63,61,63,0,8763,1.76508096394256,23,-86,0.001869,51,2024-09-21 05:15:43.000558,904,1.037,0.0011,"aoml_navis",1031.59299799783
"7901009",47,0,1,0.029904,1,0.007476,1,150.041939072793,1,4.84682470881785,906,1,5.90899991989136,34.8740005493164,0.0299040004611015,0,144.686401367188,-86.3737,23.0664,26.5797703479254,63,63,63,63,61,63,0,8763,1.76508096394256,23,-86,0.001869,51,2024-09-21 05:15:43.000558,906,1.037,0.0011,"aoml_navis",1031.60322487081
"7901009",47,0,1,0.031773,1,0.009345,1,150.135583078619,1,4.84677666159746,908,1,5.90100002288818,34.8740005493164,0.0317730009555817,0,144.776702880859,-86.3737,23.0664,26.5797703479254,63,63,63,63,61,63,0,8763,1.76508096394256,23,-86,0.001869,51,2024-09-21 05:15:43.000558,908,1.037,0.0011,"aoml_navis",1031.61345139267
"7901009",47,0,1,0.026166,1,0.003738,1,150.205887289144,1,4.8467320752724,910,1,5.89799976348877,34.8740005493164,0.0261659994721413,0,144.844497680664,-86.3737,23.0664,26.5797703479254,63,63,63,63,61,63,0,8763,1.76508096394256,23,-86,0.001869,51,2024-09-21 05:15:43.000558,910,1.037,0.0011,"aoml_navis",1031.62294146804
"7901009",47,0,1,0.028035,1,0.005607,1,150.341938516263,1,4.84668679928962,912,1,5.89400005340576,34.8740005493164,0.0280349999666214,0,144.975692749023,-86.3737,23.0664,26.5797703479254,63,63,63,63,61,63,0,8763,1.76508096394256,23,-86,0.001869,51,2024-09-21 05:15:43.000558,912,1.037,0.0011,"aoml_navis",1031.63257851381
"7901009",47,0,1,0.029904,1,0.007476,1,150.454254358329,1,4.84664221655147,914,1,5.89099979400635,34.8740005493164,0.0299040004611015,0,145.083999633789,-86.3737,23.0664,26.5797703479254,63,63,63,63,61,63,0,8763,1.76508096394256,23,-86,0.001869,51,2024-09-21 05:15:43.000558,914,1.037,0.0011,"aoml_navis",1031.64206817759
"7901009",47,0,1,0.031773,1,0.009345,1,150.696703404842,1,4.84659832785532,916,1,5.88899993896484,34.8740005493164,0.0317730009555817,0,145.317794799805,-86.3737,23.0664,26.5797703479254,63,63,63,63,61,63,0,8763,1.76508096394256,23,-86,0.001869,51,2024-09-21 05:15:43.000558,916,1.037,0.0011,"aoml_navis",1031.65141028152
"7901009",47,0,1,0.024297,1,0.001869,1,150.979502605943,1,4.84655028958226,918,1,5.88100004196167,34.8740005493164,0.0242970008403063,0,145.59049987793,-86.3737,23.0664,26.5797703479254,63,63,63,63,61,63,0,8763,1.76508096394256,23,-86,0.001869,51,2024-09-21 05:15:43.000558,918,1.037,0.0011,"aoml_navis",1031.66163585418
"7901009",47,0,1,0.028035,1,0.005607,1,151.202456989533,1,4.84649373296679,920,1,5.86600017547607,34.875,0.0280349999666214,0,145.80549621582,-86.3737,23.0664,26.5797703479254,63,63,63,63,61,63,0,8763,1.76508096394256,23,-86,0.001869,51,2024-09-21 05:15:43.000558,920,1.037,0.0011,"aoml_navis",1031.67367492689
"7901009",47,0,1,0.026166,1,0.003738,1,151.386627753948,1,4.84644340226361,922,1,5.8600001335144,34.8759994506836,0.0261659994721413,0,145.983093261719,-86.3737,23.0664,26.5797703479254,63,63,63,63,61,63,0,8763,1.76508096394256,23,-86,0.001869,51,2024-09-21 05:15:43.000558,922,1.037,0.0011,"aoml_navis",1031.6843889407
"7901009",47,0,1,0.031773,1,0.009345,1,151.424999959782,1,4.84639606380467,924,1,5.85300016403198,34.8759994506836,0.0317730009555817,0,146.020095825195,-86.3737,23.0664,26.5797703479254,63,63,63,63,61,63,0,8763,1.76508096394256,23,-86,0.001869,51,2024-09-21 05:15:43.000558,924,1.037,0.0011,"aoml_navis",1031.69446619159
"7901009",47,0,1,0.031773,1,0.009345,1,151.505573680239,1,4.84635080014865,926,1,5.84899997711182,34.8759994506836,0.0317730009555817,0,146.097793579102,-86.3737,23.0664,26.5797703479254,63,63,63,63,61,63,0,8763,1.76508096394256,23,-86,0.001869,51,2024-09-21 05:15:43.000558,926,1.037,0.0011,"aoml_navis",1031.70410194958
"7901009",47,0,1,0.031773,1,0.009345,1,151.650660177268,1,4.84630116645631,928,1,5.8439998626709,34.8769989013672,0.0317730009555817,0,146.237701416016,-86.3737,23.0664,26.5797703479254,63,63,63,63,61,63,0,8763,1.76508096394256,23,-86,0.001869,51,2024-09-21 05:15:43.000558,928,1.037,0.0011,"aoml_navis",1031.71466821078
"7901009",47,0,1,0.029904,1,0.007476,1,151.696184645798,1,4.84625659767438,930,1,5.84100008010864,34.8769989013672,0.0299040004611015,0,146.281600952148,-86.3737,23.0664,26.5797703479254,63,63,63,63,61,63,0,8763,1.76508096394256,23,-86,0.001869,51,2024-09-21 05:15:43.000558,930,1.037,0.0011,"aoml_navis",1031.72415641372
"7901009",47,0,1,0.028035,1,0.005607,1,151.746060601588,1,4.84621341276181,932,1,5.84000015258789,34.8769989013672,0.0280349999666214,0,146.329696655273,-86.3737,23.0664,26.5797703479254,63,63,63,63,61,63,0,8763,1.76508096394256,23,-86,0.001869,51,2024-09-21 05:15:43.000558,932,1.037,0.0011,"aoml_navis",1031.73335017257
"7901009",47,0,1,0.031773,1,0.009345,1,151.807867544264,1,4.84616677422263,934,1,5.83400011062622,34.8769989013672,0.0317730009555817,0,146.389297485352,-86.3737,23.0664,26.5797703479254,63,63,63,63,61,63,0,8763,1.76508096394256,23,-86,0.001869,51,2024-09-21 05:15:43.000558,934,1.037,0.0011,"aoml_navis",1031.74327936785
"7901009",47,0,1,0.028035,1,0.005607,1,151.841571791038,1,4.84612428412155,936,1,5.83400011062622,34.8769989013672,0.0280349999666214,0,146.421798706055,-86.3737,23.0664,26.5797703479254,63,63,63,63,61,63,0,8763,1.76508096394256,23,-86,0.001869,51,2024-09-21 05:15:43.000558,936,1.037,0.0011,"aoml_navis",1031.75232554035
"7901009",47,0,1,0.033642,1,0.011214,1,151.881494708695,1,4.84608179655869,938,1,5.83400011062622,34.8769989013672,0.0336420014500618,0,146.460296630859,-86.3737,23.0664,26.5797703479254,63,63,63,63,61,63,0,8763,1.76508096394256,23,-86,0.001869,51,2024-09-21 05:15:43.000558,938,1.037,0.0011,"aoml_navis",1031.76137133109
"7901009",47,0,1,0.026166,1,0.003738,1,152.02034671125,1,4.84603861999791,940,1,5.83300018310547,34.8769989013672,0.0261659994721413,0,146.594192504883,-86.3737,23.0664,26.5797703479254,63,63,63,63,61,63,0,8763,1.76508096394256,23,-86,0.001869,51,2024-09-21 05:15:43.000558,940,1.037,0.0011,"aoml_navis",1031.77056397503
"7901009",47,0,1,0.026166,1,0.003738,1,152.048670937413,1,4.84598899893225,942,1,5.82800006866455,34.8779983520508,0.0261659994721413,0,146.621505737305,-86.3737,23.0664,26.5797703479254,63,63,63,63,61,63,0,8763,1.76508096394256,23,-86,0.001869,51,2024-09-21 05:15:43.000558,942,1.037,0.0011,"aoml_navis",1031.78112890922
"7901009",47,0,1,0.031773,1,0.009345,1,152.171034759151,1,4.84594375135599,944,1,5.82399988174438,34.8779983520508,0.0317730009555817,0,146.739501953125,-86.3737,23.0664,26.5797703479254,63,63,63,63,61,63,0,8763,1.76508096394256,23,-86,0.001869,51,2024-09-21 05:15:43.000558,944,1.037,0.0011,"aoml_navis",1031.79076286243
"7901009",47,0,1,0.029904,1,0.007476,1,152.253159191432,1,4.84589919736516,946,1,5.82100009918213,34.8779983520508,0.0299040004611015,0,146.818695068359,-86.3737,23.0664,26.5797703479254,63,63,63,63,61,63,0,8763,1.76508096394256,23,-86,0.001869,51,2024-09-21 05:15:43.000558,946,1.037,0.0011,"aoml_navis",1031.80024931567
"7901009",47,0,1,0.028035,1,0.005607,1,152.350015386035,1,4.84585464485665,948,1,5.81799983978271,34.8779983520508,0.0280349999666214,0,146.912094116211,-86.3737,23.0664,26.5797703479254,63,63,63,63,61,63,0,8763,1.76508096394256,23,-86,0.001869,51,2024-09-21 05:15:43.000558,948,1.037,0.0011,"aoml_navis",1031.80973562774
"7901009",47,0,1,0.028035,1,0.005607,1,152.373560888006,1,4.84580940291054,950,1,5.81400012969971,34.8779983520508,0.0280349999666214,0,146.934799194336,-86.3737,23.0664,26.5797703479254,63,63,63,63,61,63,0,8763,1.76508096394256,23,-86,0.001869,51,2024-09-21 05:15:43.000558,950,1.037,0.0011,"aoml_navis",1031.81936891634
"7901009",47,0,1,0.029904,1,0.007476,1,152.431744228564,1,4.84576554560477,952,1,5.81199979782104,34.8779983520508,0.0299040004611015,0,146.990905761719,-86.3737,23.0664,26.5797703479254,63,63,63,63,61,63,0,8763,1.76508096394256,23,-86,0.001869,51,2024-09-21 05:15:43.000558,952,1.037,0.0011,"aoml_navis",1031.82870754759
"7901009",47,0,1,0.031773,1,0.009345,1,152.474357156528,1,4.84572307417526,954,1,5.81199979782104,34.8779983520508,0.0317730009555817,0,147.031997680664,-86.3737,23.0664,26.5797703479254,63,63,63,63,61,63,0,8763,1.76508096394256,23,-86,0.001869,51,2024-09-21 05:15:43.000558,954,1.037,0.0011,"aoml_navis",1031.83775124231
"7901009",47,0,1,0.026166,1,0.003738,1,152.521653867142,1,4.8456799132661,956,1,5.81099987030029,34.8779983520508,0.0261659994721413,0,147.077606201172,-86.3737,23.0664,26.5797703479254,63,63,63,63,61,63,0,8763,1.76508096394256,23,-86,0.001869,51,2024-09-21 05:15:43.000558,956,1.037,0.0011,"aoml_navis",1031.84694191447
"7901009",47,0,1,0.029904,1,0.007476,1,152.622244428993,1,4.84563675455243,958,1,5.80999994277954,34.8779983520508,0.0299040004611015,0,147.174606323242,-86.3737,23.0664,26.5797703479254,63,63,63,63,61,63,0,8763,1.76508096394256,23,-86,0.001869,51,2024-09-21 05:15:43.000558,958,1.037,0.0011,"aoml_navis",1031.85613228283
"7901009",47,0,1,0.029904,1,0.007476,1,152.794895619862,1,4.84559290577584,960,1,5.80800008773804,34.8779983520508,0.0299040004611015,0,147.341094970703,-86.3737,23.0664,26.5797703479254,63,63,63,63,61,63,0,8763,1.76508096394256,23,-86,0.001869,51,2024-09-21 05:15:43.000558,960,1.037,0.0011,"aoml_navis",1031.86546976328
"7901009",47,0,1,0.028035,1,0.005607,1,152.954603114083,1,4.84554421320128,962,1,5.79899978637695,34.8779983520508,0.0280349999666214,0,147.495101928711,-86.3737,23.0664,26.5797703479254,63,63,63,63,61,63,0,8763,1.76508096394256,23,-86,0.001869,51,2024-09-21 05:15:43.000558,962,1.037,0.0011,"aoml_navis",1031.87583891566
"7901009",47,0,1,0.033642,1,0.011214,1,153.024606676397,1,4.84549690755645,964,1,5.79199981689453,34.8779983520508,0.0336420014500618,0,147.562606811523,-86.3737,23.0664,26.5797703479254,63,63,63,63,61,63,0,8763,1.76508096394256,23,-86,0.001869,51,2024-09-21 05:15:43.000558,964,1.037,0.0011,"aoml_navis",1031.88591291898
"7901009",47,0,1,0.028035,1,0.005607,1,153.099468080851,1,4.8454523715835,966,1,5.78900003433228,34.8779983520508,0.0280349999666214,0,147.634796142578,-86.3737,23.0664,26.5797703479254,63,63,63,63,61,63,0,8763,1.76508096394256,23,-86,0.001869,51,2024-09-21 05:15:43.000558,966,1.037,0.0011,"aoml_navis",1031.89539728486
"7901009",47,0,1,0.029904,1,0.007476,1,153.189377719429,1,4.84540991341412,968,1,5.78900003433228,34.8779983520508,0.0299040004611015,0,147.721496582031,-86.3737,23.0664,26.5797703479254,63,63,63,63,61,63,0,8763,1.76508096394256,23,-86,0.001869,51,2024-09-21 05:15:43.000558,968,1.037,0.0011,"aoml_navis",1031.90443932471
"7901009",47,0,1,0.026166,1,0.003738,1,153.356553948146,1,4.8453660733443,970,1,5.78700017929077,34.8779983520508,0.0261659994721413,0,147.882705688477,-86.3737,23.0664,26.5797703479254,63,63,63,63,61,63,0,8763,1.76508096394256,23,-86,0.001869,51,2024-09-21 05:15:43.000558,970,1.037,0.0011,"aoml_navis",1031.91377582519
"7901009",47,0,1,0.026166,1,0.003738,1,153.455166561243,1,4.84532085046644,972,1,5.78299999237061,34.8779983520508,0.0261659994721413,0,147.977798461914,-86.3737,23.0664,26.5797703479254,63,63,63,63,61,63,0,8763,1.76508096394256,23,-86,0.001869,51,2024-09-21 05:15:43.000558,972,1.037,0.0011,"aoml_navis",1031.92340699557
"7901009",47,0,1,0.035511,1,0.013083,1,153.709657359772,1,4.84527562935414,974,1,5.77899980545044,34.8779983520508,0.0355109982192516,0,148.223205566406,-86.3737,23.0664,26.5797703479254,63,63,63,63,61,63,0,8763,1.76508096394256,23,-86,0.001869,51,2024-09-21 05:15:43.000558,974,1.037,0.0011,"aoml_navis",1031.93303796971
"7901009",47,0,1,0.031773,1,0.009345,1,153.964970984983,1,4.84522971820228,976,1,5.77400016784668,34.8779983520508,0.0317730009555817,0,148.46940612793,-86.3737,23.0664,26.5797703479254,63,63,63,63,61,63,0,8763,1.76508096394256,23,-86,0.001869,51,2024-09-21 05:15:43.000558,976,1.037,0.0011,"aoml_navis",1031.94281608905
"7901009",47,0,1,0.033642,1,0.011214,1,160.209972322465,1,4.8446896522982,997.200012207031,1,5.66480016708374,34.8819999694824,0.0336420014500618,0,154.491500854492,-86.3737,23.0664,26.5797703479254,63,63,63,63,61,63,0,8763,1.76508096394256,23,-86,0.001869,51,2024-09-21 05:15:43.000558,997.200012207031,1.037,0.0011,"aoml_navis",1032.05785279314
"7901009",47,0,1,0.028035,1,0.005607,1,167.638625665317,4,4.84309971842861,1052,1,5.13929986953735,34.9010009765625,0.0280349999666214,0,161.654998779297,-86.3737,23.0664,26.5797703479254,63,63,63,63,61,63,0,8763,1.76508096394256,23,-86,0.001869,51,2024-09-21 05:15:43.000558,1052,1.037,0.0011,"aoml_navis",1032.39666550213
"7901009",48,0.0349428730239296,5,0.091581,1,0.069153,1,188.860254505991,1,4.88976119124472,2,1,30.2569999694824,36.1980018615723,0.0915810018777847,0.0766289979219437,182.119094848633,-86.3079,23.4515,25.8339246766441,63,63,63,63,61,63,0.061677,8763,1.76508096394256,23,-86,0.001869,51,2024-10-01 11:46:13.001247,2,1.037,0.0011,"aoml_navis",1022.54482467419
"7901009",48,0.0349428730239296,5,0.080367,1,0.057939,1,188.894797413722,1,4.88971519338385,4,1,30.2560005187988,36.1990013122559,0.0803669989109039,0.0766289979219437,182.152404785156,-86.3079,23.4515,25.8339246766441,63,63,63,63,61,63,0.061677,8763,1.76508096394256,23,-86,0.001869,51,2024-10-01 11:46:13.001247,4,1.037,0.0011,"aoml_navis",1022.55444381819
"7901009",48,0.0349428730239296,5,0.078498,1,0.05607,1,188.934198165097,1,4.88966805012189,6,1,30.2630004882812,36.2039985656738,0.0784979984164238,0.0766289979219437,182.190399169922,-86.3079,23.4515,25.8339246766441,63,63,63,63,61,63,0.061677,8763,1.76508096394256,23,-86,0.001869,51,2024-10-01 11:46:13.001247,6,1.037,0.0011,"aoml_navis",1022.56430267804
"7901009",48,0.0349428730239296,5,0.085974,1,0.063546,1,188.924656537354,1,4.88962685371283,8,1,30.2910003662109,36.2169990539551,0.0859740003943443,0.0766289979219437,182.181198120117,-86.3079,23.4515,25.8339246766441,63,63,63,63,61,63,0.061677,8763,1.76508096394256,23,-86,0.001869,51,2024-10-01 11:46:13.001247,8,1.037,0.0011,"aoml_navis",1022.57291805475
"7901009",48,0.0349428730239296,5,0.085974,1,0.063546,1,189.072322325236,1,4.88957368439506,10,1,30.2900009155273,36.2200012207031,0.0859740003943443,0.0766289979219437,182.323593139648,-86.3079,23.4515,25.8339246766441,63,63,63,63,61,63,0.061677,8763,1.76508096394256,23,-86,0.001869,51,2024-10-01 11:46:13.001247,10,1.037,0.0011,"aoml_navis",1022.58403753222
"7901009",48,0.0349428730239296,5,0.076629,1,0.054201,1,189.059062152685,1,4.88950676272586,12,1,30.2849998474121,36.2249984741211,0.0766289979219437,0.0766289979219437,182.310806274414,-86.3079,23.4515,25.8339246766441,63,63,63,63,61,63,0.061677,8763,1.76508096394256,23,-86,0.001869,51,2024-10-01 11:46:13.001247,12,1.037,0.0011,"aoml_navis",1022.59803342874
"7901009",48,0.0349428730239296,5,0.078498,1,0.05607,1,189.085503379812,1,4.889447867353,14,1,30.2740001678467,36.2249984741211,0.0784979984164238,0.0766289979219437,182.336303710938,-86.3079,23.4515,25.8339246766441,63,63,63,63,61,63,0.061677,8763,1.76508096394256,23,-86,0.001869,51,2024-10-01 11:46:13.001247,14,1.037,0.0011,"aoml_navis",1022.61035103476
"7901009",48,0.0349428730239296,5,0.085974,1,0.063546,1,189.047859047475,1,4.88939722197519,16,1,30.2679996490479,36.2249984741211,0.0859740003943443,0.0766289979219437,182.300003051758,-86.3079,23.4515,25.8339246766441,63,63,63,63,61,63,0.061677,8763,1.76508096394256,23,-86,0.001869,51,2024-10-01 11:46:13.001247,16,1.037,0.0011,"aoml_navis",1022.62094344221
"7901009",48,0.0349428730239296,5,0.089712,1,0.067284,1,189.051799122612,1,4.88934463406734,18,1,30.2630004882812,36.226001739502,0.0897120013833046,0.0766289979219437,182.303802490234,-86.3079,23.4515,25.8339246766441,63,63,63,63,61,63,0.061677,8763,1.76508096394256,23,-86,0.001869,51,2024-10-01 11:46:13.001247,18,1.037,0.0011,"aoml_navis",1022.63194235924
"7901009",48,0.0349428730239296,5,0.09345,1,0.071022,1,189.156013318817,1,4.88929564286986,20,1,30.257999420166,36.226001739502,0.0934500023722649,0.0766289979219437,182.404296875,-86.3079,23.4515,25.8339246766441,63,63,63,63,61,63,0.061677,8763,1.76508096394256,23,-86,0.001869,51,2024-10-01 11:46:13.001247,20,1.037,0.0011,"aoml_navis",1022.6421892265
"7901009",48,0.0349428730239296,5,0.091581,1,0.069153,1,189.146582456239,1,4.88924142664025,22,1,30.2520008087158,36.2270011901855,0.0915810018777847,0.0766289979219437,182.395202636719,-86.3079,23.4515,25.8339246766441,63,63,63,63,61,63,0.061677,8763,1.76508096394256,23,-86,0.001869,51,2024-10-01 11:46:13.001247,22,1.037,0.0011,"aoml_navis",1022.65352918681
"7901009",48,0.0349428730239296,5,0.084105,1,0.061677,1,189.251935951279,1,4.88919244128725,24,1,30.2469997406006,36.2270011901855,0.0841049998998642,0.0710219964385033,182.496795654297,-86.3079,23.4515,25.8339246766441,63,63,63,63,61,63,0.061677,8763,1.76508096394256,23,-86,0.001869,51,2024-10-01 11:46:13.001247,24,1.037,0.0011,"aoml_navis",1022.6637752642
"7901009",48,0.0381194978442868,1,0.089712,1,0.067284,1,189.333965467393,1,4.88912368055873,26,1,30.2299995422363,36.2270011901855,0.0897120013833046,0.0766289979219437,182.575897216797,-86.3079,23.4515,25.8339246766441,63,63,63,63,61,63,0.067284,8763,1.76508096394256,23,-86,0.001869,51,2024-10-01 11:46:13.001247,26,1.037,0.0011,"aoml_navis",1022.678158027
"7901009",48,0.0391783727844059,1,0.091581,1,0.069153,1,189.562015117516,1,4.88903845705408,28,1,30.2029991149902,36.2270011901855,0.0915810018777847,0.0784979984164238,182.795806884766,-86.3079,23.4515,25.8339246766441,63,63,63,63,61,63,0.069153,8763,1.76508096394256,23,-86,0.001869,51,2024-10-01 11:46:13.001247,28,1.037,0.0011,"aoml_navis",1022.69598488959
"7901009",48,0.0391783727844059,1,0.091581,1,0.069153,1,189.645073167301,1,4.88894852743557,30.1000003814697,1,30.1700000762939,36.2249984741211,0.0915810018777847,0.0784979984164238,182.875900268555,-86.3079,23.4515,25.8339246766441,63,63,63,63,61,63,0.069153,8763,1.76508096394256,23,-86,0.001869,51,2024-10-01 11:46:13.001247,30.1000003814697,1.037,0.0011,"aoml_navis",1022.71479684051
"7901009",48,0.0423549976047631,1,0.097188,1,0.07476,1,189.730109166451,1,4.88885388277652,32,1,30.1359996795654,36.2249984741211,0.0971880033612251,0.0841049998998642,182.957901000977,-86.3079,23.4515,25.8339246766441,63,63,63,63,61,63,0.07476,8763,1.76508096394256,23,-86,0.001869,51,2024-10-01 11:46:13.001247,32,1.037,0.0011,"aoml_navis",1022.7345958559
"7901009",48,0.0381194978442868,1,0.089712,1,0.067284,1,189.741407213231,1,4.88877532747072,34,1,30.113000869751,36.2249984741211,0.0897120013833046,0.0766289979219437,182.968795776367,-86.3079,23.4515,25.8339246766441,63,63,63,63,61,63,0.067284,8763,1.76508096394256,23,-86,0.001869,51,2024-10-01 11:46:13.001247,34,1.037,0.0011,"aoml_navis",1022.75102967083
"7901009",48,0.0391783727844059,1,0.091581,1,0.069153,1,189.743385162597,1,4.88870469592017,36,1,30.0970001220703,36.226001739502,0.0915810018777847,0.0784979984164238,182.970703125,-86.3079,23.4515,25.8339246766441,63,63,63,63,61,63,0.069153,8763,1.76508096394256,23,-86,0.001869,51,2024-10-01 11:46:13.001247,36,1.037,0.0011,"aoml_navis",1022.76580628253
"7901009",48,0.0444727474850013,1,0.100926,1,0.078498,1,189.773560758128,1,4.88864260075671,38,1,30.0839996337891,36.226001739502,0.100925996899605,0.0878430008888245,182.999801635742,-86.3079,23.4515,25.8339246766441,63,63,63,63,61,63,0.078498,8763,1.76508096394256,23,-86,0.001869,51,2024-10-01 11:46:13.001247,38,1.037,0.0011,"aoml_navis",1022.77879737538
"7901009",48,0.0465904973652394,1,0.104664,1,0.082236,1,189.792944661916,1,4.88854930819249,40,1,30.0520000457764,36.226001739502,0.104663997888565,0.0915810018777847,183.018493652344,-86.3079,23.4515,25.8339246766441,63,63,63,63,61,63,0.082236,8763,1.76508096394256,23,-86,0.001869,51,2024-10-01 11:46:13.001247,40,1.037,0.0011,"aoml_navis",1022.79831597909
"7901009",48,0.0434138725448822,1,0.099057,1,0.076629,1,189.943521991264,1,4.88838614130959,42,1,29.9729995727539,36.2239990234375,0.0990569964051247,0.0859740003943443,183.163696289062,-86.3079,23.4515,25.8339246766441,63,63,63,63,61,63,0.076629,8763,1.76508096394256,23,-86,0.001869,51,2024-10-01 11:46:13.001247,42,1.037,0.0011,"aoml_navis",1022.83245542884
"7901009",48,0.0529437470059539,1,0.115878,1,0.09345,1,190.201842178487,1,4.8881946619659,44,1,29.8700008392334,36.2190017700195,0.115878000855446,0.102794997394085,183.412796020508,-86.3079,23.4515,25.8339246766441,63,63,63,63,61,63,0.09345,8763,1.76508096394256,23,-86,0.001869,51,2024-10-01 11:46:13.001247,44,1.037,0.0011,"aoml_navis",1022.87252160885
"7901009",48,0.0497671221855967,1,0.110271,1,0.087843,1,190.148121073702,1,4.88813463058125,46,1,29.8560009002686,36.2179985046387,0.110270999372005,0.0971880033612251,183.360992431641,-86.3079,23.4515,25.8339246766441,63,63,63,63,61,63,0.087843,8763,1.76508096394256,23,-86,0.001869,51,2024-10-01 11:46:13.001247,46,1.037,0.0011,"aoml_navis",1022.88508354882
"7901009",48,0.0497671221855967,1,0.110271,1,0.087843,1,190.048574838001,1,4.88804875313028,48,1,29.8239994049072,36.2159996032715,0.110270999372005,0.0971880033612251,183.264999389648,-86.3079,23.4515,25.8339246766441,63,63,63,63,61,63,0.087843,8763,1.76508096394256,23,-86,0.001869,51,2024-10-01 11:46:13.001247,48,1.037,0.0011,"aoml_navis",1022.90305447507
"7901009",48,0.0603558715867875,1,0.128961,1,0.106533,1,190.182252567965,1,4.88790056512817,50,1,29.7560005187988,36.2150001525879,0.128960996866226,0.115878000855446,183.393905639648,-86.3079,23.4515,25.8339246766441,63,63,63,63,61,63,0.106533,8763,1.76508096394256,23,-86,0.001869,51,2024-10-01 11:46:13.001247,50,1.037,0.0011,"aoml_navis",1022.9340661452
"7901009",48,0.0614147465269065,1,0.13083,1,0.108402,1,190.321721733672,1,4.88776947892874,52,1,29.6940002441406,36.2120018005371,0.130830004811287,0.117747001349926,183.528396606445,-86.3079,23.4515,25.8339246766441,63,63,63,63,61,63,0.108402,8763,1.76508096394256,23,-86,0.001869,51,2024-10-01 11:46:13.001247,52,1.037,0.0011,"aoml_navis",1022.96150044618
"7901009",48,0.0614147465269065,1,0.13083,1,0.108402,1,190.344333650827,1,4.88767076884764,54,1,29.6539993286133,36.2099990844727,0.130830004811287,0.117747001349926,183.550201416016,-86.3079,23.4515,25.8339246766441,63,63,63,63,61,63,0.108402,8763,1.76508096394256,23,-86,0.001869,51,2024-10-01 11:46:13.001247,54,1.037,0.0011,"aoml_navis",1022.98215990085
"7901009",48,0.0635324964071447,1,0.134568,1,0.11214,1,190.427296759042,1,4.88758771711626,56,1,29.6280002593994,36.2099990844727,0.134568005800247,0.121485002338886,183.63020324707,-86.3079,23.4515,25.8339246766441,63,63,63,63,61,63,0.11214,8763,1.76508096394256,23,-86,0.001869,51,2024-10-01 11:46:13.001247,56,1.037,0.0011,"aoml_navis",1022.99954279901
"7901009",48,0.0624736214670256,1,0.132699,1,0.110271,1,190.433404666684,1,4.88753885039592,58,1,29.6229991912842,36.2099990844727,0.132698997855186,0.119616001844406,183.636093139648,-86.3079,23.4515,25.8339246766441,63,63,63,63,61,63,0.110271,8763,1.76508096394256,23,-86,0.001869,51,2024-10-01 11:46:13.001247,58,1.037,0.0011,"aoml_navis",1023.00977098013
"7901009",48,0.0698857460478592,1,0.145782,1,0.123354,1,190.48930942757,1,4.88749227395453,60,1,29.6149997711182,36.2080001831055,0.145781993865967,0.132698997855186,183.690002441406,-86.3079,23.4515,25.8339246766441,63,63,63,63,61,63,0.123354,8763,1.76508096394256,23,-86,0.001869,51,2024-10-01 11:46:13.001247,60,1.037,0.0011,"aoml_navis",1023.01951997858
"7901009",48,0.0698857460478592,1,0.145782,1,0.123354,1,190.54872702653,1,4.88742976394328,62,1,29.5949993133545,36.2050018310547,0.145781993865967,0.132698997855186,183.747299194336,-86.3079,23.4515,25.8339246766441,63,63,63,63,61,63,0.123354,8763,1.76508096394256,23,-86,0.001869,51,2024-10-01 11:46:13.001247,62,1.037,0.0011,"aoml_navis",1023.03260435315
"7901009",48,0.0772978706286927,1,0.158865,1,0.136437,1,190.568538167382,1,4.88735394822949,64,1,29.5690002441406,36.2029991149902,0.158865004777908,0.145781993865967,183.766403198242,-86.3079,23.4515,25.8339246766441,63,63,63,63,61,63,0.136437,8763,1.76508096394256,23,-86,0.001869,51,2024-10-01 11:46:13.001247,64,1.037,0.0011,"aoml_navis",1023.04847427948
"7901009",48,0.081533370389169,1,0.166341,1,0.143913,1,190.551116389364,1,4.88728397360168,66,1,29.5510005950928,36.2029991149902,0.166341006755829,0.153257995843887,183.749603271484,-86.3079,23.4515,25.8339246766441,63,63,63,63,61,63,0.143913,8763,1.76508096394256,23,-86,0.001869,51,2024-10-01 11:46:13.001247,66,1.037,0.0011,"aoml_navis",1023.06312197268
"7901009",48,0.0857688701496453,1,0.173817,1,0.151389,1,190.638636692919,1,4.8871801760757,68,1,29.5209999084473,36.2070007324219,0.173816993832588,0.160733997821808,183.833999633789,-86.3079,23.4515,25.8339246766441,63,63,63,63,61,63,0.151389,8763,1.76508096394256,23,-86,0.001869,51,2024-10-01 11:46:13.001247,68,1.037,0.0011,"aoml_navis",1023.0848505395
"7901009",48,0.0921221197903598,1,0.185031,1,0.162603,1,190.951706518597,1,4.88694908981978,70.0999984741211,1,29.4270000457764,36.2169990539551,0.185030996799469,0.171948000788689,184.135894775391,-86.3079,23.4515,25.8339246766441,63,63,63,63,61,63,0.162603,8763,1.76508096394256,23,-86,0.001869,51,2024-10-01 11:46:13.001247,70.0999984741211,1.037,0.0011,"aoml_navis",1023.13322854452
"7901009",48,0.0984753694310743,1,0.196245,1,0.173817,1,191.33550781361,1,4.88672075021021,72,1,29.3320007324219,36.2270011901855,0.19624499976635,0.183162003755569,184.505996704102,-86.3079,23.4515,25.8339246766441,63,63,63,63,61,63,0.173817,8763,1.76508096394256,23,-86,0.001869,51,2024-10-01 11:46:13.001247,72,1.037,0.0011,"aoml_navis",1023.18103603217
"7901009",48,0.108005243892146,1,0.213066,1,0.190638,1,191.449690874621,1,4.88652172261705,74,1,29.253999710083,36.2360000610352,0.21306599676609,0.19998300075531,184.616104125977,-86.3079,23.4515,25.8339246766441,63,63,63,63,61,63,0.190638,8763,1.76508096394256,23,-86,0.001869,51,2024-10-01 11:46:13.001247,74,1.037,0.0011,"aoml_navis",1023.22271010435
"7901009",48,0.11435849353286,1,0.22428,1,0.201852,1,191.565630354669,1,4.88636261199834,76.0999984741211,1,29.193000793457,36.2410011291504,0.224279999732971,0.211197003722191,184.727905273438,-86.3079,23.4515,25.8339246766441,63,63,63,63,61,63,0.201852,8763,1.76508096394256,23,-86,0.001869,51,2024-10-01 11:46:13.001247,76.0999984741211,1.037,0.0011,"aoml_navis",1023.25602846637
"7901009",48,0.127064992814289,1,0.246708,1,0.22428,1,191.90172351097,1,4.88606353386025,77.8000030517578,1,29.0510005950928,36.2509994506836,0.246708005666733,0.233624994754791,185.052001953125,-86.3079,23.4515,25.8339246766441,63,63,63,63,61,63,0.22428,8763,1.76508096394256,23,-86,0.001869,51,2024-10-01 11:46:13.001247,77.8000030517578,1.037,0.0011,"aoml_navis",1023.31866242634
"7901009",48,0.13765374221548,1,0.265398,1,0.24297,1,192.217594112951,1,4.88556344568624,79.9000015258789,1,28.8059997558594,36.2690010070801,0.265397995710373,0.252315014600754,185.356597900391,-86.3079,23.4515,25.8339246766441,63,63,63,63,61,63,0.24297,8763,1.76508096394256,23,-86,0.001869,51,2024-10-01 11:46:13.001247,79.9000015258789,1.037,0.0011,"aoml_navis",1023.42340972254
"7901009",48,0.159890115957981,1,0.304647,1,0.282219,1,192.524556030987,1,4.88511678005981,82,1,28.5909996032715,36.2859992980957,0.304646998643875,0.291563987731934,185.652603149414,-86.3079,23.4515,25.8339246766441,63,63,63,63,61,63,0.282219,8763,1.76508096394256,23,-86,0.001869,51,2024-10-01 11:46:13.001247,82,1.037,0.0011,"aoml_navis",1023.51698538899
"7901009",48,0.157772366077743,1,0.300909,1,0.278481,1,192.572675583167,1,4.8849050985874,84,1,28.4969997406006,36.2919998168945,0.300909012556076,0.287826001644135,185.699005126953,-86.3079,23.4515,25.8339246766441,63,63,63,63,61,63,0.278481,8763,1.76508096394256,23,-86,0.001869,51,2024-10-01 11:46:13.001247,84,1.037,0.0011,"aoml_navis",1023.56133826344
"7901009",48,0.166243365598695,1,0.315861,1,0.293433,1,192.618706420817,1,4.88471083238918,86,1,28.4069995880127,36.2949981689453,0.315860986709595,0.302778005599976,185.743392944336,-86.3079,23.4515,25.8339246766441,63,63,63,63,61,63,0.293433,8763,1.76508096394256,23,-86,0.001869,51,2024-10-01 11:46:13.001247,86,1.037,0.0011,"aoml_navis",1023.60204555946
"7901009",48,0.168361115478933,1,0.319599,1,0.297171,1,192.670465399831,1,4.88457463718574,88,1,28.3490009307861,36.2960014343262,0.319599002599716,0.306515991687775,185.793304443359,-86.3079,23.4515,25.8339246766441,63,63,63,63,61,63,0.297171,8763,1.76508096394256,23,-86,0.001869,51,2024-10-01 11:46:13.001247,88,1.037,0.0011,"aoml_navis",1023.63058636376
"7901009",48,0.180008739820243,1,0.340158,1,0.31773,1,192.622868026283,1,4.88438323508374,90.0999984741211,1,28.2549991607666,36.2960014343262,0.340157985687256,0.327075004577637,185.747406005859,-86.3079,23.4515,25.8339246766441,63,63,63,63,61,63,0.31773,8763,1.76508096394256,23,-86,0.001869,51,2024-10-01 11:46:13.001247,90.0999984741211,1.037,0.0011,"aoml_navis",1023.6706989095
"7901009",48,0.185303114520839,1,0.349503,1,0.327075,1,191.474154152382,1,4.88415710190827,92,1,28.1429996490479,36.298999786377,0.349503010511398,0.336419999599457,184.639694213867,-86.3079,23.4515,25.8339246766441,63,63,63,63,61,63,0.327075,8763,1.76508096394256,23,-86,0.001869,51,2024-10-01 11:46:13.001247,92,1.037,0.0011,"aoml_navis",1023.71809417156
"7901009",48,0.214951612844173,1,0.401835,1,0.379407,1,190.046913360533,1,4.88355013876596,94,1,27.867000579834,36.3359985351562,0.40183499455452,0.388752013444901,183.263397216797,-86.3079,23.4515,25.8339246766441,63,63,63,63,61,63,0.379407,8763,1.76508096394256,23,-86,0.001869,51,2024-10-01 11:46:13.001247,94,1.037,0.0011,"aoml_navis",1023.84532930453
"7901009",48,0.248835610927983,1,0.461643,1,0.439215,1,190.383006516834,1,4.88315720788859,96,1,27.6529998779297,36.3409996032715,0.461643010377884,0.448559999465942,183.587493896484,-86.3079,23.4515,25.8339246766441,63,63,63,63,61,63,0.439215,8763,1.76508096394256,23,-86,0.001869,51,2024-10-01 11:46:13.001247,96,1.037,0.0011,"aoml_navis",1023.92771461927
"7901009",48,0.260483235269293,1,0.482202,1,0.459774,1,190.26852280752,1,4.88297433781959,98,1,27.5639991760254,36.3419990539551,0.482201993465424,0.469119012355804,183.477096557617,-86.3079,23.4515,25.8339246766441,63,63,63,63,61,63,0.459774,8763,1.76508096394256,23,-86,0.001869,51,2024-10-01 11:46:13.001247,98,1.037,0.0011,"aoml_navis",1023.96606127418
"7901009",48,0.272130859610603,1,0.502761,1,0.480333,1,190.198740753881,1,4.88276307733973,100.099998474121,1,27.4370002746582,36.3339996337891,0.502761006355286,0.489677995443344,183.409805297852,-86.3079,23.4515,25.8339246766441,63,63,63,63,61,63,0.480333,8763,1.76508096394256,23,-86,0.001869,51,2024-10-01 11:46:13.001247,100.099998474121,1.037,0.0011,"aoml_navis",1024.01036478799
"7901009",48,0.293308358412985,1,0.540141,1,0.517713,1,188.430216666595,1,4.88256094997834,102,1,27.3570003509521,36.3450012207031,0.540140986442566,0.527058005332947,181.704406738281,-86.3079,23.4515,25.8339246766441,63,63,63,63,61,63,0.517713,8763,1.76508096394256,23,-86,0.001869,51,2024-10-01 11:46:13.001247,102,1.037,0.0011,"aoml_navis",1024.05275658099
"7901009",48,0.303897107814175,1,0.558831,1,0.536403,1,184.523466020091,1,4.88228327118856,104,1,27.2919998168945,36.382999420166,0.558830976486206,0.545747995376587,177.937103271484,-86.3079,23.4515,25.8339246766441,63,63,63,63,61,63,0.536403,8763,1.76508096394256,23,-86,0.001869,51,2024-10-01 11:46:13.001247,104,1.037,0.0011,"aoml_navis",1024.11099935682
"7901009",48,0.312368107335128,1,0.573783,1,0.551355,1,181.527932911193,1,4.88199970305284,106,1,27.2509994506836,36.4329986572266,0.573782980442047,0.560699999332428,175.048492431641,-86.3079,23.4515,25.8339246766441,63,63,63,63,61,63,0.551355,8763,1.76508096394256,23,-86,0.001869,51,2024-10-01 11:46:13.001247,106,1.037,0.0011,"aoml_navis",1024.17048425328
"7901009",48,0.29860273311358,1,0.549486,1,0.527058,1,180.438873990176,1,4.88182278542121,108,1,27.193000793457,36.4459991455078,0.549485981464386,0.536403000354767,173.998306274414,-86.3079,23.4515,25.8339246766441,63,63,63,63,61,63,0.527058,8763,1.76508096394256,23,-86,0.001869,51,2024-10-01 11:46:13.001247,108,1.037,0.0011,"aoml_navis",1024.20760027007
"7901009",48,0.271071984670484,1,0.500892,1,0.478464,1,178.605837106362,1,4.88165676158974,110,1,27.1420001983643,36.4589996337891,0.500891983509064,0.487809002399445,172.230697631836,-86.3079,23.4515,25.8339246766441,63,63,63,63,61,63,0.478464,8763,1.76508096394256,23,-86,0.001869,51,2024-10-01 11:46:13.001247,110,1.037,0.0011,"aoml_navis",1024.24243329466
"7901009",48,0.212833862963935,1,0.398097,1,0.375669,1,176.352304010894,1,4.88127913868805,112,1,27.0139999389648,36.4980010986328,0.398097008466721,0.385013997554779,170.057601928711,-86.3079,23.4515,25.8339246766441,63,63,63,63,61,63,0.375669,8763,1.76508096394256,23,-86,0.001869,51,2024-10-01 11:46:13.001247,112,1.037,0.0011,"aoml_navis",1024.32167018907
"7901009",48,0.182126489700481,1,0.343896,1,0.321468,1,175.103521722659,1,4.88098228655352,114,1,26.8610000610352,36.5040016174316,0.343896001577377,0.330812990665436,168.853393554688,-86.3079,23.4515,25.8339246766441,63,63,63,63,61,63,0.321468,8763,1.76508096394256,23,-86,0.001869,51,2024-10-01 11:46:13.001247,114,1.037,0.0011,"aoml_navis",1024.38396750063
"7901009",48,0.162007865838219,1,0.308385,1,0.285957,1,173.451142822155,1,4.88072831281915,116,1,26.7919998168945,36.5340003967285,0.308385014533997,0.295302003622055,167.259994506836,-86.3079,23.4515,25.8339246766441,63,63,63,63,61,63,0.285957,8763,1.76508096394256,23,-86,0.001869,51,2024-10-01 11:46:13.001247,116,1.037,0.0011,"aoml_navis",1024.43727237748
"7901009",48,0.141889241975956,1,0.272874,1,0.250446,1,172.095361385007,1,4.88053125336171,118,1,26.6989994049072,36.5379981994629,0.272873997688293,0.259790986776352,165.952606201172,-86.3079,23.4515,25.8339246766441,63,63,63,63,61,63,0.250446,8763,1.76508096394256,23,-86,0.001869,51,2024-10-01 11:46:13.001247,118,1.037,0.0011,"aoml_navis",1024.47863571327
"7901009",48,0.129182742694528,1,0.250446,1,0.228018,1,170.132602669962,1,4.88022262585963,120,1,26.6079998016357,36.5740013122559,0.250445991754532,0.237362995743752,164.059906005859,-86.3079,23.4515,25.8339246766441,63,63,63,63,61,63,0.228018,8763,1.76508096394256,23,-86,0.001869,51,2024-10-01 11:46:13.001247,120,1.037,0.0011,"aoml_navis",1024.54342420891
"7901009",48,0.110122993772384,1,0.216804,1,0.194376,1,167.896174880613,1,4.87982856133763,122,1,26.496000289917,36.625,0.216803997755051,0.20372100174427,161.903305053711,-86.3079,23.4515,25.8339246766441,63,63,63,63,61,63,0.194376,8763,1.76508096394256,23,-86,0.001869,51,2024-10-01 11:46:13.001247,122,1.037,0.0011,"aoml_navis",1024.62615994637
"7901009",48,0.0910632448502407,4,0.183162,1,0.160734,1,166.540266854706,1,4.87937061644961,124,1,26.3320007324219,36.6720008850098,0.183162003755569,0.170078992843628,160.595794677734,-86.3079,23.4515,25.8339246766441,63,63,63,63,61,63,0.160734,8763,1.76508096394256,23,-86,0.001869,51,2024-10-01 11:46:13.001247,124,1.037,0.0011,"aoml_navis",1024.72232446204
"7901009",48,0.0974164944909552,1,0.194376,1,0.171948,1,165.182301761459,1,4.87911499676959,126,1,26.2229995727539,36.6860008239746,0.19437600672245,0.181292995810509,159.28630065918,-86.3079,23.4515,25.8339246766441,63,63,63,63,61,63,0.171948,8763,1.76508096394256,23,-86,0.001869,51,2024-10-01 11:46:13.001247,126,1.037,0.0011,"aoml_navis",1024.7760102622
"7901009",48,0.0878866200298835,1,0.177555,1,0.155127,1,163.858752987182,1,4.87882927027875,128.100006103516,1,26.1070003509521,36.7050018310547,0.177554994821548,0.164471998810768,158.009994506836,-86.3079,23.4515,25.8339246766441,63,63,63,63,61,63,0.155127,8763,1.76508096394256,23,-86,0.001869,51,2024-10-01 11:46:13.001247,128.100006103516,1.037,0.0011,"aoml_navis",1024.83602581861
"7901009",48,0.0741212458083355,1,0.153258,1,0.13083,1,163.071877258532,1,4.87850890957682,130,1,25.996000289917,36.7369995117188,0.153257995843887,0.140174999833107,157.251205444336,-86.3079,23.4515,25.8339246766441,63,63,63,63,61,63,0.13083,8763,1.76508096394256,23,-86,0.001869,51,2024-10-01 11:46:13.001247,130,1.037,0.0011,"aoml_navis",1024.90332449423
"7901009",48,0.0603558715867875,1,0.128961,1,0.106533,1,162.649592980651,1,4.87819710579263,132,1,25.886999130249,36.7669982910156,0.128960996866226,0.115878000855446,156.843994140625,-86.3079,23.4515,25.8339246766441,63,63,63,63,61,63,0.106533,8763,1.76508096394256,23,-86,0.001869,51,2024-10-01 11:46:13.001247,132,1.037,0.0011,"aoml_navis",1024.96883409297
"7901009",48,0.0518848720658348,1,0.114009,1,0.091581,1,163.063680636359,1,4.87795502425933,134,1,25.8099994659424,36.7910003662109,0.114009000360966,0.100925996899605,157.243301391602,-86.3079,23.4515,25.8339246766441,63,63,63,63,61,63,0.091581,8763,1.76508096394256,23,-86,0.001869,51,2024-10-01 11:46:13.001247,134,1.037,0.0011,"aoml_navis",1025.01970090616
"7901009",48,0.0497671221855967,1,0.110271,1,0.087843,1,163.2067892289,1,4.87765679640747,136,1,25.7000007629395,36.8170013427734,0.110270999372005,0.0971880033612251,157.381301879883,-86.3079,23.4515,25.8339246766441,63,63,63,63,61,63,0.087843,8763,1.76508096394256,23,-86,0.001869,51,2024-10-01 11:46:13.001247,136,1.037,0.0011,"aoml_navis",1025.08237227405
"7901009",48,0.0434138725448822,1,0.099057,1,0.076629,1,163.253247303613,1,4.8773816564188,138,1,25.5979995727539,36.8400001525879,0.0990569964051247,0.0859740003943443,157.42610168457,-86.3079,23.4515,25.8339246766441,63,63,63,63,61,63,0.076629,8763,1.76508096394256,23,-86,0.001869,51,2024-10-01 11:46:13.001247,138,1.037,0.0011,"aoml_navis",1025.14019861862
"7901009",48,0.0381194978442868,1,0.089712,1,0.067284,1,162.886139901251,1,4.87710899083788,140,1,25.4950008392334,36.8619995117188,0.0897120013833046,0.0766289979219437,157.07209777832,-86.3079,23.4515,25.8339246766441,63,63,63,63,61,63,0.067284,8763,1.76508096394256,23,-86,0.001869,51,2024-10-01 11:46:13.001247,140,1.037,0.0011,"aoml_navis",1025.19751135211
"7901009",48,0.0349428730239296,1,0.084105,1,0.061677,1,162.103409954472,1,4.87691465818736,142,1,25.4179992675781,36.8730010986328,0.0841049998998642,0.0710219964385033,156.317306518555,-86.3079,23.4515,25.8339246766441,63,63,63,63,61,63,0.061677,8763,1.76508096394256,23,-86,0.001869,51,2024-10-01 11:46:13.001247,142,1.037,0.0011,"aoml_navis",1025.23836286657
"7901009",48,0.0307073732634533,1,0.076629,1,0.054201,1,161.060065399206,1,4.87666715052412,144,1,25.3169994354248,36.8889999389648,0.0766289979219437,0.0635460019111633,155.31120300293,-86.3079,23.4515,25.8339246766441,63,63,63,63,61,63,0.054201,8763,1.76508096394256,23,-86,0.001869,51,2024-10-01 11:46:13.001247,144,1.037,0.0011,"aoml_navis",1025.29039724653
"7901009",48,0.0317662482035724,1,0.078498,1,0.05607,1,160.077594213633,1,4.87635836018796,146,1,25.1790008544922,36.9070014953613,0.0784979984164238,0.0654150024056435,154.363800048828,-86.3079,23.4515,25.8339246766441,63,63,63,63,61,63,0.05607,8763,1.76508096394256,23,-86,0.001869,51,2024-10-01 11:46:13.001247,146,1.037,0.0011,"aoml_navis",1025.35532269767
"7901009",48,0.026471873502977,1,0.069153,1,0.046725,1,159.205571720668,1,4.87609844631126,148.100006103516,1,25.0629997253418,36.9199981689453,0.0691530033946037,0.0560699999332428,153.522903442383,-86.3079,23.4515,25.8339246766441,63,63,63,63,61,63,0.046725,8763,1.76508096394256,23,-86,0.001869,51,2024-10-01 11:46:13.001247,148.100006103516,1.037,0.0011,"aoml_navis",1025.40997788559
"7901009",48,0.0222363737425006,1,0.061677,1,0.039249,1,158.647552645482,1,4.87575742629097,150,1,24.9130001068115,36.943000793457,0.0616770014166832,0.0485940016806126,152.984802246094,-86.3079,23.4515,25.8339246766441,63,63,63,63,61,63,0.039249,8763,1.76508096394256,23,-86,0.001869,51,2024-10-01 11:46:13.001247,150,1.037,0.0011,"aoml_navis",1025.48169706702
"7901009",48,0.0201186238622625,1,0.057939,1,0.035511,1,157.688104790532,1,4.8755043289752,152,1,24.8020000457764,36.9570007324219,0.0579390004277229,0.0448560006916523,152.059600830078,-86.3079,23.4515,25.8339246766441,63,63,63,63,61,63,0.035511,8763,1.76508096394256,23,-86,0.001869,51,2024-10-01 11:46:13.001247,152,1.037,0.0011,"aoml_navis",1025.53493190129
"7901009",48,0.0158831241017862,1,0.050463,1,0.028035,1,156.841684874162,1,4.87497023952153,154,1,24.5540008544922,36.9939994812012,0.0504629984498024,0.0373799987137318,151.243392944336,-86.3079,23.4515,25.8339246766441,63,63,63,63,61,63,0.028035,8763,1.76508096394256,23,-86,0.001869,51,2024-10-01 11:46:13.001247,154,1.037,0.0011,"aoml_navis",1025.6472869239
"7901009",48,0.0158831241017862,1,0.050463,1,0.028035,1,155.569167193534,1,4.87463629944324,156,1,24.3859996795654,37.007999420166,0.0504629984498024,0.0373799987137318,150.016296386719,-86.3079,23.4515,25.8339246766441,63,63,63,63,61,63,0.028035,8763,1.76508096394256,23,-86,0.001869,51,2024-10-01 11:46:13.001247,156,1.037,0.0011,"aoml_navis",1025.71754954746
"7901009",48,0.0148242491616671,1,0.048594,1,0.026166,1,153.771401102818,1,4.87447087852091,158,1,24.3020000457764,37.0089988708496,0.0485940016806126,0.0355109982192516,148.282699584961,-86.3079,23.4515,25.8339246766441,63,63,63,63,61,63,0.026166,8763,1.76508096394256,23,-86,0.001869,51,2024-10-01 11:46:13.001247,158,1.037,0.0011,"aoml_navis",1025.7523584831
"7901009",48,0.0169419990419053,1,0.052332,1,0.029904,1,151.147342708482,1,4.87423759623688,160,1,24.1580009460449,37.0050010681152,0.0523319989442825,0.0392489992082119,145.752304077148,-86.3079,23.4515,25.8339246766441,63,63,63,63,61,63,0.029904,8763,1.76508096394256,23,-86,0.001869,51,2024-10-01 11:46:13.001247,160,1.037,0.0011,"aoml_navis",1025.8014512588
"7901009",48,0.013765374221548,1,0.046725,1,0.024297,1,148.433263882594,1,4.87388613190605,162,1,23.9179992675781,36.9959983825684,0.0467250011861324,0.0336420014500618,143.135101318359,-86.3079,23.4515,25.8339246766441,63,63,63,63,61,63,0.024297,8763,1.76508096394256,23,-86,0.001869,51,2024-10-01 11:46:13.001247,162,1.037,0.0011,"aoml_navis",1025.87542356978
"7901009",48,0.00635324964071447,1,0.033642,1,0.011214,1,146.26734603225,1,4.87342084659544,164,1,23.5960006713867,36.9869995117188,0.0336420014500618,0.020558999851346,141.046493530273,-86.3079,23.4515,25.8339246766441,63,63,63,63,61,63,0.011214,8763,1.76508096394256,23,-86,0.001869,51,2024-10-01 11:46:13.001247,164,1.037,0.0011,"aoml_navis",1025.97336806916
"7901009",48,0.00635324964071447,1,0.033642,1,0.011214,1,145.233653869891,1,4.87310434117841,166,1,23.3850002288818,36.9809989929199,0.0336420014500618,0.020558999851346,140.049697875977,-86.3079,23.4515,25.8339246766441,63,63,63,63,61,63,0.011214,8763,1.76508096394256,23,-86,0.001869,51,2024-10-01 11:46:13.001247,166,1.037,0.0011,"aoml_navis",1026.04000446888
"7901009",48,0.00105887494011908,1,0.024297,1,0.001869,1,144.160244484259,1,4.87280427294901,168,1,23.181999206543,36.9739990234375,0.0242970008403063,0.0112140001729131,139.014602661133,-86.3079,23.4515,25.8339246766441,63,63,63,63,61,63,0.001869,8763,1.76508096394256,23,-86,0.001869,51,2024-10-01 11:46:13.001247,168,1.037,0.0011,"aoml_navis",1026.10318821076
"7901009",48,-0.00105887494011908,1,0.020559,1,-0.001869,1,144.012990109846,1,4.87223174887435,170,1,22.7630004882812,36.9599990844727,0.020558999851346,0.00747600011527538,138.872604370117,-86.3079,23.4515,25.8339246766441,63,63,63,63,61,63,-0.001869,8763,1.76508096394256,23,-86,0.001869,51,2024-10-01 11:46:13.001247,170,1.037,0.0011,"aoml_navis",1026.22376309484
"7901009",48,0.00317662482035723,1,0.028035,1,0.005607,1,144.030823301331,1,4.87183096860708,171.899993896484,1,22.4790000915527,36.9519996643066,0.0280349999666214,0.0149520002305508,138.889801025391,-86.3079,23.4515,25.8339246766441,63,63,63,63,61,63,0.005607,8763,1.76508096394256,23,-86,0.001869,51,2024-10-01 11:46:13.001247,171.899993896484,1.037,0.0011,"aoml_navis",1026.30818520158
"7901009",48,0.00105887494011908,1,0.024297,1,0.001869,1,145.140737720465,1,4.871203545787,174,1,21.9860000610352,36.9280014038086,0.0242970008403063,0.0112140001729131,139.960098266602,-86.3079,23.4515,25.8339246766441,63,63,63,63,61,63,0.001869,8763,1.76508096394256,23,-86,0.001869,51,2024-10-01 11:46:13.001247,174,1.037,0.0011,"aoml_navis",1026.44037618268
"7901009",48,0.00317662482035723,1,0.028035,1,0.005607,1,145.737651191988,1,4.87089031984988,176,1,21.7409992218018,36.9119987487793,0.0280349999666214,0.0149520002305508,140.535705566406,-86.3079,23.4515,25.8339246766441,63,63,63,63,61,63,0.005607,8763,1.76508096394256,23,-86,0.001869,51,2024-10-01 11:46:13.001247,176,1.037,0.0011,"aoml_navis",1026.50638213387
"7901009",48,0.00105887494011908,1,0.024297,1,0.001869,1,145.528479090616,1,4.87078544815727,178,1,21.6879997253418,36.9099998474121,0.0242970008403063,0.0112140001729131,140.333999633789,-86.3079,23.4515,25.8339246766441,63,63,63,63,61,63,0.001869,8763,1.76508096394256,23,-86,0.001869,51,2024-10-01 11:46:13.001247,178,1.037,0.0011,"aoml_navis",1026.52848359223
"7901009",48,0.00211774988023816,1,0.026166,1,0.003738,1,145.654055139976,1,4.8705846340654,180,1,21.5279998779297,36.8950004577637,0.0261659994721413,0.0130829997360706,140.455093383789,-86.3079,23.4515,25.8339246766441,63,63,63,63,61,63,0.003738,8763,1.76508096394256,23,-86,0.001869,51,2024-10-01 11:46:13.001247,180,1.037,0.0011,"aoml_navis",1026.57080733788
"7901009",48,0.00105887494011908,1,0.024297,1,0.001869,1,145.445104568933,1,4.87050033522884,182,1,21.4820003509521,36.8899993896484,0.0242970008403063,0.0112140001729131,140.253601074219,-86.3079,23.4515,25.8339246766441,63,63,63,63,61,63,0.001869,8763,1.76508096394256,23,-86,0.001869,51,2024-10-01 11:46:13.001247,182,1.037,0.0011,"aoml_navis",1026.5885752711
"7901009",48,-0.00105887494011908,1,0.020559,1,-0.001869,1,145.24941417044,1,4.87039634305117,184,1,21.4130001068115,36.8819999694824,0.020558999851346,0.00747600011527538,140.064895629883,-86.3079,23.4515,25.8339246766441,63,63,63,63,61,63,-0.001869,8763,1.76508096394256,23,-86,0.001869,51,2024-10-01 11:46:13.001247,184,1.037,0.0011,"aoml_navis",1026.61049487969
"7901009",48,0.00105887494011908,1,0.024297,1,0.001869,1,145.162210338784,1,4.87017858335206,186,1,21.2280006408691,36.8629989624023,0.0242970008403063,0.0112140001729131,139.980804443359,-86.3079,23.4515,25.8339246766441,63,63,63,63,61,63,0.001869,8763,1.76508096394256,23,-86,0.001869,51,2024-10-01 11:46:13.001247,186,1.037,0.0011,"aoml_navis",1026.65639758914
"7901009",48,0,1,0.022428,1,0,1,145.369293725626,1,4.86996407865233,188,1,21.0279998779297,36.8380012512207,0.0224280003458261,0.00934499967843294,140.18049621582,-86.3079,23.4515,25.8339246766441,63,63,63,63,61,63,0,8763,1.76508096394256,23,-86,0.001869,51,2024-10-01 11:46:13.001247,188,1.037,0.0011,"aoml_navis",1026.70161817367
"7901009",48,0.00317662482035723,1,0.028035,1,0.005607,1,145.38070253757,1,4.86987015077484,190,1,20.9629993438721,36.8289985656738,0.0280349999666214,0.0149520002305508,140.191497802734,-86.3079,23.4515,25.8339246766441,63,63,63,63,61,63,0.005607,8763,1.76508096394256,23,-86,0.001869,51,2024-10-01 11:46:13.001247,190,1.037,0.0011,"aoml_navis",1026.7214207353
"7901009",48,0,1,0.022428,1,0,1,145.692427357679,1,4.86971200753791,192,1,20.8349990844727,36.814998626709,0.0224280003458261,0.00934499967843294,140.492095947266,-86.3079,23.4515,25.8339246766441,63,63,63,63,61,63,0,8763,1.76508096394256,23,-86,0.001869,51,2024-10-01 11:46:13.001247,192,1.037,0.0011,"aoml_navis",1026.75476337418
"7901009",48,0,1,0.022428,1,0,1,146.142592809826,1,4.86953006495218,194,1,20.6909999847412,36.8019981384277,0.0224280003458261,0.00934499967843294,140.926193237305,-86.3079,23.4515,25.8339246766441,63,63,63,63,61,63,0,8763,1.76508096394256,23,-86,0.001869,51,2024-10-01 11:46:13.001247,194,1.037,0.0011,"aoml_navis",1026.79312650452
"7901009",48,-0.00211774988023816,1,0.01869,1,-0.003738,1,146.207311313088,1,4.86944228454234,196,1,20.6439990997314,36.7980003356934,0.0186899993568659,0.00560700008645654,140.98860168457,-86.3079,23.4515,25.8339246766441,63,63,63,63,61,63,-0.003738,8763,1.76508096394256,23,-86,0.001869,51,2024-10-01 11:46:13.001247,196,1.037,0.0011,"aoml_navis",1026.81163628782
"7901009",48,0.00105887494011908,1,0.024297,1,0.001869,1,146.340356099254,1,4.86935302071787,198,1,20.5930004119873,36.7929992675781,0.0242970008403063,0.0112140001729131,141.116897583008,-86.3079,23.4515,25.8339246766441,63,63,63,63,61,63,0.001869,8763,1.76508096394256,23,-86,0.001869,51,2024-10-01 11:46:13.001247,198,1.037,0.0011,"aoml_navis",1026.83045955515
"7901009",48,0.00105887494011908,1,0.024297,1,0.001869,1,146.356021458234,1,4.86929032153363,200,1,20.568000793457,36.7900009155273,0.0242970008403063,0.0112140001729131,141.13200378418,-86.3079,23.4515,25.8339246766441,63,63,63,63,61,63,0.001869,8763,1.76508096394256,23,-86,0.001869,51,2024-10-01 11:46:13.001247,200,1.037,0.0011,"aoml_navis",1026.84368148852
"7901009",48,-0.00105887494011908,1,0.020559,1,-0.001869,1,146.421657730002,1,4.86922117841719,202,1,20.5380001068115,36.7869987487793,0.020558999851346,0.00747600011527538,141.195297241211,-86.3079,23.4515,25.8339246766441,63,63,63,63,61,63,-0.001869,8763,1.76508096394256,23,-86,0.001869,51,2024-10-01 11:46:13.001247,202,1.037,0.0011,"aoml_navis",1026.85826270585
"7901009",48,-0.00423549976047631,1,0.014952,1,-0.007476,1,146.472688823649,1,4.86913986027311,204,1,20.4930000305176,36.7820014953613,0.0149520002305508,0.00186900002881885,141.244506835938,-86.3079,23.4515,25.8339246766441,63,63,63,63,61,63,-0.007476,8763,1.76508096394256,23,-86,0.001869,51,2024-10-01 11:46:13.001247,204,1.037,0.0011,"aoml_navis",1026.87541197873
"7901009",48,-0.00105887494011908,1,0.020559,1,-0.001869,1,146.597853459541,1,4.86904544400578,206,1,20.4349994659424,36.7760009765625,0.020558999851346,0.00747600011527538,141.365203857422,-86.3079,23.4515,25.8339246766441,63,63,63,63,61,63,-0.001869,8763,1.76508096394256,23,-86,0.001869,51,2024-10-01 11:46:13.001247,206,1.037,0.0011,"aoml_navis",1026.89532424788
"7901009",48,-0.00105887494011908,1,0.020559,1,-0.001869,1,146.577931553525,1,4.86897334274836,208,1,20.3969993591309,36.7709999084473,0.020558999851346,0.00747600011527538,141.345993041992,-86.3079,23.4515,25.8339246766441,63,63,63,63,61,63,-0.001869,8763,1.76508096394256,23,-86,0.001869,51,2024-10-01 11:46:13.001247,208,1.037,0.0011,"aoml_navis",1026.91053083024
"7901009",48,0,1,0.022428,1,0,1,146.467387919348,1,4.86891855796194,210,1,20.3780002593994,36.7680015563965,0.0224280003458261,0.00934499967843294,141.239395141602,-86.3079,23.4515,25.8339246766441,63,63,63,63,61,63,0,8763,1.76508096394256,23,-86,0.001869,51,2024-10-01 11:46:13.001247,210,1.037,0.0011,"aoml_navis",1026.92208556738
"7901009",48,-0.00211774988023816,1,0.01869,1,-0.003738,1,146.53853080215,1,4.86880354595128,212,1,20.3010005950928,36.7610015869141,0.0186899993568659,0.00560700008645654,141.307998657227,-86.3079,23.4515,25.8339246766441,63,63,63,63,61,63,-0.003738,8763,1.76508096394256,23,-86,0.001869,51,2024-10-01 11:46:13.001247,212,1.037,0.0011,"aoml_navis",1026.94634375992
"7901009",48,-0.00105887494011908,1,0.020559,1,-0.001869,1,146.662144725739,1,4.86867778763112,214,1,20.2070007324219,36.7509994506836,0.020558999851346,0.00747600011527538,141.427200317383,-86.3079,23.4515,25.8339246766441,63,63,63,63,61,63,-0.001869,8763,1.76508096394256,23,-86,0.001869,51,2024-10-01 11:46:13.001247,214,1.037,0.0011,"aoml_navis",1026.97286986264
"7901009",48,-0.00105887494011908,1,0.020559,1,-0.001869,1,146.616509477962,1,4.86862569420235,216,1,20.1900005340576,36.7480010986328,0.020558999851346,0.00747600011527538,141.383193969727,-86.3079,23.4515,25.8339246766441,63,63,63,63,61,63,-0.001869,8763,1.76508096394256,23,-86,0.001869,51,2024-10-01 11:46:13.001247,216,1.037,0.0011,"aoml_navis",1026.98385828964
"7901009",48,-0.00529437470059539,4,0.013083,1,-0.009345,1,146.560620540672,1,4.86857279855554,218,1,20.17799949646,36.7470016479492,0.0130829997360706,0,141.329299926758,-86.3079,23.4515,25.8339246766441,63,63,63,63,61,63,-0.009345,8763,1.76508096394256,23,-86,0.001869,51,2024-10-01 11:46:13.001247,218,1.037,0.0011,"aoml_navis",1026.99501617465
"7901009",48,-0.00105887494011908,1,0.020559,1,-0.001869,1,146.510016684087,1,4.86851992483905,220,1,20.1660003662109,36.7459983825684,0.020558999851346,0.00747600011527538,141.280502319336,-86.3079,23.4515,25.8339246766441,63,63,63,63,61,63,-0.001869,8763,1.76508096394256,23,-86,0.001869,51,2024-10-01 11:46:13.001247,220,1.037,0.0011,"aoml_navis",1027.00616967595
"7901009",48,-0.00105887494011908,1,0.020559,1,-0.001869,1,146.525982691371,1,4.86847449543871,222,1,20.1569995880127,36.7439994812012,0.020558999851346,0.00747600011527538,141.2958984375,-86.3079,23.4515,25.8339246766441,63,63,63,63,61,63,-0.001869,8763,1.76508096394256,23,-86,0.001869,51,2024-10-01 11:46:13.001247,222,1.037,0.0011,"aoml_navis",1027.01575302171
"7901009",48,-0.00211774988023816,1,0.01869,1,-0.003738,1,146.503592304546,1,4.8684277892724,224,1,20.1469993591309,36.742000579834,0.0186899993568659,0.00560700008645654,141.274307250977,-86.3079,23.4515,25.8339246766441,63,63,63,63,61,63,-0.003738,8763,1.76508096394256,23,-86,0.001869,51,2024-10-01 11:46:13.001247,224,1.037,0.0011,"aoml_navis",1027.02560588811
"7901009",48,-0.00105887494011908,1,0.020559,1,-0.001869,1,146.604277839082,1,4.86835457966817,226,1,20.1049995422363,36.7360000610352,0.020558999851346,0.00747600011527538,141.371398925781,-86.3079,23.4515,25.8339246766441,63,63,63,63,61,63,-0.001869,8763,1.76508096394256,23,-86,0.001869,51,2024-10-01 11:46:13.001247,226,1.037,0.0011,"aoml_navis",1027.04105014898
"7901009",48,-0.00317662482035723,1,0.016821,1,-0.005607,1,146.734949086009,1,4.86826118615917,228,1,20.0330009460449,36.7249984741211,0.0168210007250309,0.00373800005763769,141.497406005859,-86.3079,23.4515,25.8339246766441,63,63,63,63,61,63,-0.005607,8763,1.76508096394256,23,-86,0.001869,51,2024-10-01 11:46:13.001247,228,1.037,0.0011,"aoml_navis",1027.06075307039
"7901009",48,-0.00211774988023816,1,0.01869,1,-0.003738,1,147.029869248304,1,4.86811390670883,230,1,19.9099998474121,36.7109985351562,0.0186899993568659,0.00560700008645654,141.781799316406,-86.3079,23.4515,25.8339246766441,63,63,63,63,61,63,-0.003738,8763,1.76508096394256,23,-86,0.001869,51,2024-10-01 11:46:13.001247,230,1.037,0.0011,"aoml_navis",1027.09182566772
"7901009",48,0,1,0.022428,1,0,1,147.042623065817,1,4.86802924661525,232,1,19.8530006408691,36.7029991149902,0.0224280003458261,0.00934499967843294,141.794097900391,-86.3079,23.4515,25.8339246766441,63,63,63,63,61,63,0,8763,1.76508096394256,23,-86,0.001869,51,2024-10-01 11:46:13.001247,232,1.037,0.0011,"aoml_navis",1027.10968786322
"7901009",48,-0.00105887494011908,1,0.020559,1,-0.001869,1,147.078083742054,1,4.86796682652638,234,1,19.82200050354,36.6980018615723,0.020558999851346,0.00747600011527538,141.82829284668,-86.3079,23.4515,25.8339246766441,63,63,63,63,61,63,-0.001869,8763,1.76508096394256,23,-86,0.001869,51,2024-10-01 11:46:13.001247,234,1.037,0.0011,"aoml_navis",1027.12285810046
"7901009",48,0,1,0.022428,1,0,1,147.268077646371,1,4.86788127419709,236,1,19.7670001983643,36.6910018920898,0.0224280003458261,0.00934499967843294,142.011505126953,-86.3079,23.4515,25.8339246766441,63,63,63,63,61,63,0,8763,1.76508096394256,23,-86,0.001869,51,2024-10-01 11:46:13.001247,236,1.037,0.0011,"aoml_navis",1027.14090964034
"7901009",48,-0.00211774988023816,1,0.01869,1,-0.003738,1,147.368241002274,1,4.86780975865733,238,1,19.7229995727539,36.6839981079102,0.0186899993568659,0.00560700008645654,142.108093261719,-86.3079,23.4515,25.8339246766441,63,63,63,63,61,63,-0.003738,8763,1.76508096394256,23,-86,0.001869,51,2024-10-01 11:46:13.001247,238,1.037,0.0011,"aoml_navis",1027.1559999048
"7901009",48,-0.00105887494011908,1,0.020559,1,-0.001869,1,147.402261731373,1,4.86774243330426,240,1,19.6879997253418,36.6790008544922,0.020558999851346,0.00747600011527538,142.140899658203,-86.3079,23.4515,25.8339246766441,63,63,63,63,61,63,-0.001869,8763,1.76508096394256,23,-86,0.001869,51,2024-10-01 11:46:13.001247,240,1.037,0.0011,"aoml_navis",1027.17020641661
"7901009",48,-0.00105887494011908,1,0.020559,1,-0.001869,1,147.445191144416,1,4.86767155444371,242,1,19.6529998779297,36.6749992370605,0.020558999851346,0.00747600011527538,142.18229675293,-86.3079,23.4515,25.8339246766441,63,63,63,63,61,63,-0.001869,8763,1.76508096394256,23,-86,0.001869,51,2024-10-01 11:46:13.001247,242,1.037,0.0011,"aoml_navis",1027.18516318865
"7901009",48,-0.00317662482035723,1,0.016821,1,-0.005607,1,147.501396553605,1,4.86761046762039,244,1,19.6200008392334,36.6689987182617,0.0168210007250309,0.00373800005763769,142.23649597168,-86.3079,23.4515,25.8339246766441,63,63,63,63,61,63,-0.005607,8763,1.76508096394256,23,-86,0.001869,51,2024-10-01 11:46:13.001247,244,1.037,0.0011,"aoml_navis",1027.19805400623
"7901009",48,-0.00317662482035723,1,0.016821,1,-0.005607,1,147.676136512411,1,4.86754312205293,246,1,19.5820007324219,36.6629981994629,0.0168210007250309,0.00373800005763769,142.404998779297,-86.3079,23.4515,25.8339246766441,63,63,63,63,61,63,-0.005607,8763,1.76508096394256,23,-86,0.001869,51,2024-10-01 11:46:13.001247,246,1.037,0.0011,"aoml_navis",1027.21226594726
"7901009",48,-0.00317662482035723,1,0.016821,1,-0.005607,1,147.960692220027,1,4.86743512552703,248,1,19.5030002593994,36.6539993286133,0.0168210007250309,0.00373800005763769,142.679397583008,-86.3079,23.4515,25.8339246766441,63,63,63,63,61,63,-0.005607,8763,1.76508096394256,23,-86,0.001869,51,2024-10-01 11:46:13.001247,248,1.037,0.0011,"aoml_navis",1027.23505728463
"7901009",48,0.00105887494011908,1,0.024297,1,0.001869,1,147.986722033686,1,4.86737576697143,250,1,19.4769992828369,36.6500015258789,0.0242970008403063,0.0112140001729131,142.704498291016,-86.3079,23.4515,25.8339246766441,63,63,63,63,61,63,0.001869,8763,1.76508096394256,23,-86,0.001869,51,2024-10-01 11:46:13.001247,250,1.037,0.0011,"aoml_navis",1027.24758460781
"7901009",48,-0.00317662482035723,1,0.016821,1,-0.005607,1,147.941719729706,1,4.86733306288937,252,1,19.4699993133545,36.6479988098145,0.0168210007250309,0.00373800005763769,142.661102294922,-86.3079,23.4515,25.8339246766441,63,63,63,63,61,63,-0.005607,8763,1.76508096394256,23,-86,0.001869,51,2024-10-01 11:46:13.001247,252,1.037,0.0011,"aoml_navis",1027.2565972775
"7901009",48,-0.00105887494011908,1,0.020559,1,-0.001869,1,147.932795222166,1,4.86728141250115,254,1,19.4529991149902,36.6450004577637,0.020558999851346,0.00747600011527538,142.652496337891,-86.3079,23.4515,25.8339246766441,63,63,63,63,61,63,-0.001869,8763,1.76508096394256,23,-86,0.001869,51,2024-10-01 11:46:13.001247,254,1.037,0.0011,"aoml_navis",1027.26749827079
"7901009",48,-0.00423549976047631,1,0.014952,1,-0.007476,1,147.994080005328,1,4.86721695503804,256,1,19.4200000762939,36.6399993896484,0.0149520002305508,0.00186900002881885,142.71159362793,-86.3079,23.4515,25.8339246766441,63,63,63,63,61,63,-0.007476,8763,1.76508096394256,23,-86,0.001869,51,2024-10-01 11:46:13.001247,256,1.037,0.0011,"aoml_navis",1027.28110256612
"7901009",48,-0.00105887494011908,1,0.020559,1,-0.001869,1,148.034430172398,1,4.86714502505918,258,1,19.3810005187988,36.6349983215332,0.020558999851346,0.00747600011527538,142.750503540039,-86.3079,23.4515,25.8339246766441,63,63,63,63,61,63,-0.001869,8763,1.76508096394256,23,-86,0.001869,51,2024-10-01 11:46:13.001247,258,1.037,0.0011,"aoml_navis",1027.29628442481
"7901009",48,-0.00317662482035723,1,0.016821,1,-0.005607,1,148.091569173688,1,4.86708077796571,260,1,19.3509998321533,36.6310005187988,0.0168210007250309,0.00373800005763769,142.805603027344,-86.3079,23.4515,25.8339246766441,63,63,63,63,61,63,-0.005607,8763,1.76508096394256,23,-86,0.001869,51,2024-10-01 11:46:13.001247,260,1.037,0.0011,"aoml_navis",1027.30984507922
"7901009",48,-0.00211774988023816,1,0.01869,1,-0.003738,1,148.25240019255,1,4.86701256007393,262,1,19.3120002746582,36.625,0.0186899993568659,0.00560700008645654,142.960693359375,-86.3079,23.4515,25.8339246766441,63,63,63,63,61,63,-0.003738,8763,1.76508096394256,23,-86,0.001869,51,2024-10-01 11:46:13.001247,262,1.037,0.0011,"aoml_navis",1027.32424424318
"7901009",48,-0.00317662482035723,1,0.016821,1,-0.005607,1,148.335062652462,1,4.86697126388764,264,1,19.3090000152588,36.6240005493164,0.0168210007250309,0.00373800005763769,143.040405273438,-86.3079,23.4515,25.8339246766441,63,63,63,63,61,63,-0.005607,8763,1.76508096394256,23,-86,0.001869,51,2024-10-01 11:46:13.001247,264,1.037,0.0011,"aoml_navis",1027.33296107569
"7901009",48,-0.00211774988023816,1,0.01869,1,-0.003738,1,148.548886890743,1,4.86690697714874,266,1,19.2759990692139,36.6189994812012,0.0186899993568659,0.00560700008645654,143.246597290039,-86.3079,23.4515,25.8339246766441,63,63,63,63,61,63,-0.003738,8763,1.76508096394256,23,-86,0.001869,51,2024-10-01 11:46:13.001247,266,1.037,0.0011,"aoml_navis",1027.3465310671
"7901009",48,-0.00423549976047631,1,0.014952,1,-0.007476,1,148.802649882626,1,4.86684509983112,268,1,19.242000579834,36.6129989624023,0.0149520002305508,0.00186900002881885,143.491302490234,-86.3079,23.4515,25.8339246766441,63,63,63,63,61,63,-0.007476,8763,1.76508096394256,23,-86,0.001869,51,2024-10-01 11:46:13.001247,268,1.037,0.0011,"aoml_navis",1027.35959280346
"7901009",48,0,1,0.016821,1,-0.005607,1,149.136780913156,1,4.86675326435613,270,1,19.1809997558594,36.6059989929199,0.0168210007250309,0,143.813507080078,-86.3079,23.4515,25.8339246766441,63,63,63,63,61,63,0,8763,1.76508096394256,23,-86,0.001869,51,2024-10-01 11:46:13.001247,270,1.037,0.0011,"aoml_navis",1027.37897904539
"7901009",48,0,1,0.014952,1,-0.007476,1,149.087822710444,1,4.86668393401816,272,1,19.1380004882812,36.5989990234375,0.0149520002305508,0,143.766296386719,-86.3079,23.4515,25.8339246766441,63,63,63,63,61,63,0,8763,1.76508096394256,23,-86,0.001869,51,2024-10-01 11:46:13.001247,272,1.037,0.0011,"aoml_navis",1027.39361499315
"7901009",48,0,1,0.014952,1,-0.007476,1,149.019797075842,1,4.86663621048714,274,1,19.1240005493164,36.5960006713867,0.0149520002305508,0,143.700698852539,-86.3079,23.4515,25.8339246766441,63,63,63,63,61,63,0,8763,1.76508096394256,23,-86,0.001869,51,2024-10-01 11:46:13.001247,274,1.037,0.0011,"aoml_navis",1027.40368988861
"7901009",48,0,1,0.016821,1,-0.005607,1,148.906246958629,1,4.86657587179336,276,1,19.0939998626709,36.5909996032715,0.0168210007250309,0,143.591201782227,-86.3079,23.4515,25.8339246766441,63,63,63,63,61,63,0,8763,1.76508096394256,23,-86,0.001869,51,2024-10-01 11:46:13.001247,276,1.037,0.0011,"aoml_navis",1027.41642824886
"7901009",48,0,1,0.014952,1,-0.007476,1,148.840911335165,1,4.86650781319897,278,1,19.048999786377,36.5830001831055,0.0149520002305508,0,143.528198242188,-86.3079,23.4515,25.8339246766441,63,63,63,63,61,63,0,8763,1.76508096394256,23,-86,0.001869,51,2024-10-01 11:46:13.001247,278,1.037,0.0011,"aoml_navis",1027.4307967695
"7901009",48,0,1,0.01869,1,-0.003738,1,148.72777263142,1,4.8663873472131,280,1,18.9440002441406,36.5690002441406,0.0186899993568659,0,143.419097900391,-86.3079,23.4515,25.8339246766441,63,63,63,63,61,63,0,8763,1.76508096394256,23,-86,0.001869,51,2024-10-01 11:46:13.001247,280,1.037,0.0011,"aoml_navis",1027.45623051634
"7901009",48,0,1,0.016821,1,-0.005607,1,148.889964479447,1,4.86628824926812,282,1,18.8560009002686,36.5550003051758,0.0168210007250309,0,143.575500488281,-86.3079,23.4515,25.8339246766441,63,63,63,63,61,63,0,8763,1.76508096394256,23,-86,0.001869,51,2024-10-01 11:46:13.001247,282,1.037,0.0011,"aoml_navis",1027.47715381472
"7901009",48,0,1,0.014952,1,-0.007476,1,148.915677821207,1,4.86620707268254,284,1,18.7999992370605,36.5470008850098,0.0149520002305508,0,143.600296020508,-86.3079,23.4515,25.8339246766441,63,63,63,63,61,63,0,8763,1.76508096394256,23,-86,0.001869,51,2024-10-01 11:46:13.001247,284,1.037,0.0011,"aoml_navis",1027.49429387593
"7901009",48,0,1,0.013083,1,-0.009345,1,148.960901655515,1,4.86613215662441,286,1,18.7490005493164,36.5390014648438,0.0130829997360706,0,143.643905639648,-86.3079,23.4515,25.8339246766441,63,63,63,63,61,63,0,8763,1.76508096394256,23,-86,0.001869,51,2024-10-01 11:46:13.001247,286,1.037,0.0011,"aoml_navis",1027.51011256309
"7901009",48,0,1,0.020559,1,-0.001869,1,148.915677821207,1,4.86606843012519,288,1,18.7099990844727,36.5320014953613,0.020558999851346,0,143.600296020508,-86.3079,23.4515,25.8339246766441,63,63,63,63,61,63,0,8763,1.76508096394256,23,-86,0.001869,51,2024-10-01 11:46:13.001247,288,1.037,0.0011,"aoml_navis",1027.52356893414
"7901009",48,0,1,0.016821,1,-0.005607,1,149.102443712159,1,4.86597635204824,290,1,18.632999420166,36.5200004577637,0.0168210007250309,0,143.780395507812,-86.3079,23.4515,25.8339246766441,63,63,63,63,61,63,0,8763,1.76508096394256,23,-86,0.001869,51,2024-10-01 11:46:13.001247,290,1.037,0.0011,"aoml_navis",1027.54301259507
"7901009",48,0,1,0.020559,1,-0.001869,1,149.230314182783,1,4.86587222654888,292,1,18.5400009155273,36.5060005187988,0.020558999851346,0,143.903701782227,-86.3079,23.4515,25.8339246766441,63,63,63,63,61,63,0,8763,1.76508096394256,23,-86,0.001869,51,2024-10-01 11:46:13.001247,292,1.037,0.0011,"aoml_navis",1027.56500113573
"7901009",48,0,1,0.016821,1,-0.005607,1,149.155025518109,1,4.86580272344993,294,1,18.496000289917,36.4990005493164,0.0168210007250309,0,143.831100463867,-86.3079,23.4515,25.8339246766441,63,63,63,63,61,63,0,8763,1.76508096394256,23,-86,0.001869,51,2024-10-01 11:46:13.001247,294,1.037,0.0011,"aoml_navis",1027.57967886847
"7901009",48,0,1,0.014952,1,-0.007476,1,148.980491266038,1,4.86573078501305,296,1,18.4409999847412,36.4889984130859,0.0149520002305508,0,143.662796020508,-86.3079,23.4515,25.8339246766441,63,63,63,63,61,63,0,8763,1.76508096394256,23,-86,0.001869,51,2024-10-01 11:46:13.001247,296,1.037,0.0011,"aoml_navis",1027.59487133988
"7901009",48,0,1,0.016821,1,-0.005607,1,148.856054515513,1,4.86563711870447,298,1,18.3680000305176,36.4790000915527,0.0168210007250309,0,143.54280090332,-86.3079,23.4515,25.8339246766441,63,63,63,63,61,63,0,8763,1.76508096394256,23,-86,0.001869,51,2024-10-01 11:46:13.001247,298,1.037,0.0011,"aoml_navis",1027.61465313124
"7901009",48,0,1,0.014952,1,-0.007476,1,148.75348597318,1,4.86557153703321,300,1,18.3269996643066,36.4720001220703,0.0149520002305508,0,143.443893432617,-86.3079,23.4515,25.8339246766441,63,63,63,63,61,63,0,8763,1.76508096394256,23,-86,0.001869,51,2024-10-01 11:46:13.001247,300,1.037,0.0011,"aoml_navis",1027.62850406034
"7901009",48,0,1,0.016821,1,-0.005607,1,148.561023588054,1,4.86550725093902,302,1,18.2929992675781,36.4669990539551,0.0168210007250309,0,143.25830078125,-86.3079,23.4515,25.8339246766441,63,63,63,63,61,63,0,8763,1.76508096394256,23,-86,0.001869,51,2024-10-01 11:46:13.001247,302,1.037,0.0011,"aoml_navis",1027.64208172437
"7901009",48,0,1,0.014952,1,-0.007476,1,148.408262602605,1,4.86544661919557,304,1,18.261999130249,36.4620018005371,0.0149520002305508,0,143.110992431641,-86.3079,23.4515,25.8339246766441,63,63,63,63,61,63,0,8763,1.76508096394256,23,-86,0.001869,51,2024-10-01 11:46:13.001247,304,1.037,0.0011,"aoml_navis",1027.65488789325
"7901009",48,0,1,0.01869,1,-0.003738,1,148.268999143631,1,4.86537878772264,306,1,18.2189998626709,36.4550018310547,0.0186899993568659,0,142.976699829102,-86.3079,23.4515,25.8339246766441,63,63,63,63,61,63,0,8763,1.76508096394256,23,-86,0.001869,51,2024-10-01 11:46:13.001247,306,1.037,0.0011,"aoml_navis",1027.66921511169
"7901009",48,0,1,0.013083,1,-0.009345,1,147.933317400799,1,4.86531946215234,308,1,18.1860008239746,36.4490013122559,0.0130829997360706,0,142.65299987793,-86.3079,23.4515,25.8339246766441,63,63,63,63,61,63,0,8763,1.76508096394256,23,-86,0.001869,51,2024-10-01 11:46:13.001247,308,1.037,0.0011,"aoml_navis",1027.68174605909
"7901009",48,0,1,0.01869,1,-0.003738,1,147.529087844732,1,4.86527341495802,310,1,18.1760005950928,36.4469985961914,0.0186899993568659,0,142.263198852539,-86.3079,23.4515,25.8339246766441,63,63,63,63,61,63,0,8763,1.76508096394256,23,-86,0.001869,51,2024-10-01 11:46:13.001247,310,1.037,0.0011,"aoml_navis",1027.69147251371
"7901009",48,0,1,0.014952,1,-0.007476,1,147.241003475447,1,4.86522374602597,312,1,18.1599998474121,36.4440002441406,0.0149520002305508,0,141.985397338867,-86.3079,23.4515,25.8339246766441,63,63,63,63,61,63,0,8763,1.76508096394256,23,-86,0.001869,51,2024-10-01 11:46:13.001247,312,1.037,0.0011,"aoml_navis",1027.70196418697
"7901009",48,0,1,0.01869,1,-0.003738,1,146.954897055528,1,4.8651572949469,314,1,18.1119995117188,36.435001373291,0.0186899993568659,0,141.709503173828,-86.3079,23.4515,25.8339246766441,63,63,63,63,61,63,0,8763,1.76508096394256,23,-86,0.001869,51,2024-10-01 11:46:13.001247,314,1.037,0.0011,"aoml_navis",1027.71600112357
"7901009",48,0,1,0.016821,1,-0.005607,1,146.784508585328,1,4.86506457309094,316,1,18.0359992980957,36.423999786377,0.0168210007250309,0,141.545196533203,-86.3079,23.4515,25.8339246766441,63,63,63,63,61,63,0,8763,1.76508096394256,23,-86,0.001869,51,2024-10-01 11:46:13.001247,316,1.037,0.0011,"aoml_navis",1027.73558806504
"7901009",48,0,1,0.014952,1,-0.007476,1,146.408698205754,1,4.86501623795785,318,1,18.0149993896484,36.4189987182617,0.0149520002305508,0,141.182800292969,-86.3079,23.4515,25.8339246766441,63,63,63,63,61,63,0,8763,1.76508096394256,23,-86,0.001869,51,2024-10-01 11:46:13.001247,318,1.037,0.0011,"aoml_navis",1027.74579887092
"7901009",48,0,1,0.014952,1,-0.007476,1,145.892880658245,1,4.86496317430554,320,1,17.9839992523193,36.4119987487793,0.0149520002305508,0,140.685394287109,-86.3079,23.4515,25.8339246766441,63,63,63,63,61,63,0,8763,1.76508096394256,23,-86,0.001869,51,2024-10-01 11:46:13.001247,320,1.037,0.0011,"aoml_navis",1027.75700881101
"7901009",48,0,1,0.016821,1,-0.005607,1,145.480881717068,1,4.86487209192981,322,1,17.9029998779297,36.398998260498,0.0168210007250309,0,140.288101196289,-86.3079,23.4515,25.8339246766441,63,63,63,63,61,63,0,8763,1.76508096394256,23,-86,0.001869,51,2024-10-01 11:46:13.001247,322,1.037,0.0011,"aoml_navis",1027.77625095105
"7901009",48,0,1,0.014952,1,-0.007476,1,145.166451062226,1,4.86475060586423,324,1,17.7779998779297,36.3800010681152,0.0149520002305508,0,139.984893798828,-86.3079,23.4515,25.8339246766441,63,63,63,63,61,63,0,8763,1.76508096394256,23,-86,0.001869,51,2024-10-01 11:46:13.001247,324,1.037,0.0011,"aoml_navis",1027.80191732187
"7901009",48,0,1,0.014952,1,-0.007476,1,144.653861528082,1,4.86467674256734,326,1,17.7140007019043,36.3680000305176,0.0149520002305508,0,139.490600585938,-86.3079,23.4515,25.8339246766441,63,63,63,63,61,63,0,8763,1.76508096394256,23,-86,0.001869,51,2024-10-01 11:46:13.001247,326,1.037,0.0011,"aoml_navis",1027.81752305319
"7901009",48,0,1,0.01869,1,-0.003738,1,144.07810420298,1,4.86460763145024,328,1,17.6599998474121,36.3580017089844,0.0186899993568659,0,138.935394287109,-86.3079,23.4515,25.8339246766441,63,63,63,63,61,63,0,8763,1.76508096394256,23,-86,0.001869,51,2024-10-01 11:46:13.001247,328,1.037,0.0011,"aoml_navis",1027.83212517993
"7901009",48,0,1,0.014952,1,-0.007476,1,143.360488349336,1,4.86450618313265,330,1,17.5540008544922,36.3400001525879,0.0149520002305508,0,138.243392944336,-86.3079,23.4515,25.8339246766441,63,63,63,63,61,63,0,8763,1.76508096394256,23,-86,0.001869,51,2024-10-01 11:46:13.001247,330,1.037,0.0011,"aoml_navis",1027.8535604163
"7901009",48,0,1,0.022428,1,0,1,142.963015468304,1,4.86438059358162,332,1,17.423999786377,36.3209991455078,0.0224280003458261,0,137.860107421875,-86.3079,23.4515,25.8339246766441,63,63,63,63,61,63,0,8763,1.76508096394256,23,-86,0.001869,51,2024-10-01 11:46:13.001247,332,1.037,0.0011,"aoml_navis",1027.88009774509
"7901009",48,0,1,0.016821,1,-0.005607,1,142.244766670863,1,4.86429505208916,334,1,17.3400001525879,36.3059997558594,0.0168210007250309,0,137.167495727539,-86.3079,23.4515,25.8339246766441,63,63,63,63,61,63,0,8763,1.76508096394256,23,-86,0.001869,51,2024-10-01 11:46:13.001247,334,1.037,0.0011,"aoml_navis",1027.8981736218
"7901009",48,0,1,0.016821,1,-0.005607,1,141.598198758452,1,4.86420850866964,336,1,17.257999420166,36.2919998168945,0.0168210007250309,0,136.544006347656,-86.3079,23.4515,25.8339246766441,63,63,63,63,61,63,0,8763,1.76508096394256,23,-86,0.001869,51,2024-10-01 11:46:13.001247,336,1.037,0.0011,"aoml_navis",1027.9164618639
"7901009",48,0,1,0.016821,1,-0.005607,1,140.780292960145,1,4.86412016091949,338,1,17.1679992675781,36.2760009765625,0.0168210007250309,0,135.755294799805,-86.3079,23.4515,25.8339246766441,63,63,63,63,61,63,0,8763,1.76508096394256,23,-86,0.001869,51,2024-10-01 11:46:13.001247,338,1.037,0.0011,"aoml_navis",1027.93513206607
"7901009",48,0,1,0.014952,1,-0.007476,1,139.81961086479,1,4.86403637215954,340,1,17.0909996032715,36.2630004882812,0.0149520002305508,0,134.828903198242,-86.3079,23.4515,25.8339246766441,63,63,63,63,61,63,0,8763,1.76508096394256,23,-86,0.001869,51,2024-10-01 11:46:13.001247,340,1.037,0.0011,"aoml_navis",1027.95283946039
"7901009",48,0,1,0.020559,1,-0.001869,1,138.853010744932,1,4.86393389964285,342,1,16.9820003509521,36.2449989318848,0.020558999851346,0,133.89680480957,-86.3079,23.4515,25.8339246766441,63,63,63,63,61,63,0,8763,1.76508096394256,23,-86,0.001869,51,2024-10-01 11:46:13.001247,342,1.037,0.0011,"aoml_navis",1027.97449619271
"7901009",48,0,1,0.01869,1,-0.003738,1,138.344250520761,1,4.86385200337091,344,1,16.9029998779297,36.2309989929199,0.0186899993568659,0,133.406204223633,-86.3079,23.4515,25.8339246766441,63,63,63,63,61,63,0,8763,1.76508096394256,23,-86,0.001869,51,2024-10-01 11:46:13.001247,344,1.037,0.0011,"aoml_navis",1027.99180495927
"7901009",48,0,1,0.014952,1,-0.007476,1,138.121280244611,1,4.86379351446321,346,1,16.863000869751,36.2229995727539,0.0149520002305508,0,133.191192626953,-86.3079,23.4515,25.8339246766441,63,63,63,63,61,63,0,8763,1.76508096394256,23,-86,0.001869,51,2024-10-01 11:46:13.001247,346,1.037,0.0011,"aoml_navis",1028.00416693919
"7901009",48,0,1,0.01869,1,-0.003738,1,137.912535380302,1,4.8637455670842,348,1,16.8509998321533,36.2210006713867,0.0186899993568659,0,132.989898681641,-86.3079,23.4515,25.8339246766441,63,63,63,63,61,63,0,8763,1.76508096394256,23,-86,0.001869,51,2024-10-01 11:46:13.001247,348,1.037,0.0011,"aoml_navis",1028.01430112585
"7901009",48,0,1,0.01869,1,-0.003738,1,137.611175014871,1,4.86370587106552,350,1,16.8430004119873,36.2179985046387,0.0186899993568659,0,132.699295043945,-86.3079,23.4515,25.8339246766441,63,63,63,63,61,63,0,8763,1.76508096394256,23,-86,0.001869,51,2024-10-01 11:46:13.001247,350,1.037,0.0011,"aoml_navis",1028.02269145124
"7901009",48,0,1,0.016821,1,-0.005607,1,137.354516305116,1,4.86364039320245,352,1,16.7999992370605,36.2109985351562,0.0168210007250309,0,132.451797485352,-86.3079,23.4515,25.8339246766441,63,63,63,63,61,63,0,8763,1.76508096394256,23,-86,0.001869,51,2024-10-01 11:46:13.001247,352,1.037,0.0011,"aoml_navis",1028.03653144014
"7901009",48,0,1,0.01869,1,-0.003738,1,137.20673975207,1,4.86357764361183,354,1,16.7530002593994,36.2019996643066,0.0186899993568659,0,132.309295654297,-86.3079,23.4515,25.8339246766441,63,63,63,63,61,63,0,8763,1.76508096394256,23,-86,0.001869,51,2024-10-01 11:46:13.001247,354,1.037,0.0011,"aoml_navis",1028.04979510656
"7901009",48,0,1,0.016821,1,-0.005607,1,137.008470107605,1,4.86351039332715,356,1,16.7019996643066,36.193000793457,0.0168210007250309,0,132.118103027344,-86.3079,23.4515,25.8339246766441,63,63,63,63,61,63,0,8763,1.76508096394256,23,-86,0.001869,51,2024-10-01 11:46:13.001247,356,1.037,0.0011,"aoml_navis",1028.06401048512
"7901009",48,0,1,0.020559,1,-0.001869,1,137.204872567869,1,4.86340141888863,358,1,16.5890007019043,36.1759986877441,0.020558999851346,0,132.307495117188,-86.3079,23.4515,25.8339246766441,63,63,63,63,61,63,0,8763,1.76508096394256,23,-86,0.001869,51,2024-10-01 11:46:13.001247,358,1.037,0.0011,"aoml_navis",1028.0870463583
"7901009",48,0,1,0.01869,1,-0.003738,1,137.521692585545,1,4.86331897033543,360,1,16.5179996490479,36.1650009155273,0.0186899993568659,0,132.613006591797,-86.3079,23.4515,25.8339246766441,63,63,63,63,61,63,0,8763,1.76508096394256,23,-86,0.001869,51,2024-10-01 11:46:13.001247,360,1.037,0.0011,"aoml_navis",1028.10447566739
"7901009",48,0,1,0.013083,1,-0.009345,1,137.607234939734,1,4.86326157307437,362,1,16.488000869751,36.1599998474121,0.0130829997360706,0,132.695495605469,-86.3079,23.4515,25.8339246766441,63,63,63,63,61,63,0,8763,1.76508096394256,23,-86,0.001869,51,2024-10-01 11:46:13.001247,362,1.037,0.0011,"aoml_navis",1028.11660957796
"7901009",48,0,1,0.016821,1,-0.005607,1,137.435406522395,1,4.86320761638988,364,1,16.4610004425049,36.1549987792969,0.0168210007250309,0,132.529800415039,-86.3079,23.4515,25.8339246766441,63,63,63,63,61,63,0,8763,1.76508096394256,23,-86,0.001869,51,2024-10-01 11:46:13.001247,364,1.037,0.0011,"aoml_navis",1028.12801640405
"7901009",48,0,1,0.016821,1,-0.005607,1,137.042269306374,1,4.86311488684282,366,1,16.371000289917,36.140998840332,0.0168210007250309,0,132.150695800781,-86.3079,23.4515,25.8339246766441,63,63,63,63,61,63,0,8763,1.76508096394256,23,-86,0.001869,51,2024-10-01 11:46:13.001247,366,1.037,0.0011,"aoml_navis",1028.14762067981
"7901009",48,0,1,0.016821,1,-0.005607,1,136.886818309787,1,4.8630146628106,368,1,16.257999420166,36.1220016479492,0.0168210007250309,0,132.000793457031,-86.3079,23.4515,25.8339246766441,63,63,63,63,61,63,0,8763,1.76508096394256,23,-86,0.001869,51,2024-10-01 11:46:13.001247,368,1.037,0.0011,"aoml_navis",1028.16881023144
"7901009",48,0,1,0.01869,1,-0.003738,1,136.682424934084,1,4.8629161132428,370.100006103516,1,16.1639995574951,36.1080017089844,0.0186899993568659,0,131.803695678711,-86.3079,23.4515,25.8339246766441,63,63,63,63,61,63,0,8763,1.76508096394256,23,-86,0.001869,51,2024-10-01 11:46:13.001247,370.100006103516,1.037,0.0011,"aoml_navis",1028.18964661634
"7901009",48,0,1,0.020559,1,-0.001869,1,136.64851497015,1,4.86284653251776,372,1,16.1079998016357,36.0989990234375,0.020558999851346,0,131.77099609375,-86.3079,23.4515,25.8339246766441,63,63,63,63,61,63,0,8763,1.76508096394256,23,-86,0.001869,51,2024-10-01 11:46:13.001247,372,1.037,0.0011,"aoml_navis",1028.20435861282
"7901009",48,0,1,0.01869,1,-0.003738,1,136.459881894997,1,4.86279493100602,374,1,16.0860004425049,36.0950012207031,0.0186899993568659,0,131.589096069336,-86.3079,23.4515,25.8339246766441,63,63,63,63,61,63,0,8763,1.76508096394256,23,-86,0.001869,51,2024-10-01 11:46:13.001247,374,1.037,0.0011,"aoml_navis",1028.21526939562
"7901009",48,0,1,0.020559,1,-0.001869,1,136.246152598285,1,4.86274111960023,376,1,16.0620002746582,36.0909996032715,0.020558999851346,0,131.382995605469,-86.3079,23.4515,25.8339246766441,63,63,63,63,61,63,0,8763,1.76508096394256,23,-86,0.001869,51,2024-10-01 11:46:13.001247,376,1.037,0.0011,"aoml_navis",1028.22664769188
"7901009",48,0,1,0.01869,1,-0.003738,1,136.028071812968,1,4.86269488278807,378,1,16.0480003356934,36.0880012512207,0.0186899993568659,0,131.172698974609,-86.3079,23.4515,25.8339246766441,63,63,63,63,61,63,0,8763,1.76508096394256,23,-86,0.001869,51,2024-10-01 11:46:13.001247,378,1.037,0.0011,"aoml_navis",1028.23642455913
"7901009",48,0,1,0.016821,1,-0.005607,1,135.70254881808,1,4.86263913723607,380,1,16.0189990997314,36.0830001831055,0.0168210007250309,0,130.858795166016,-86.3079,23.4515,25.8339246766441,63,63,63,63,61,63,0,8763,1.76508096394256,23,-86,0.001869,51,2024-10-01 11:46:13.001247,380,1.037,0.0011,"aoml_navis",1028.24821231583
"7901009",48,0,1,0.024297,1,0.001869,1,135.228948621842,1,4.86257504048337,382,1,15.9759998321533,36.076000213623,0.0242970008403063,0,130.402099609375,-86.3079,23.4515,25.8339246766441,63,63,63,63,61,63,0,8763,1.76508096394256,23,-86,0.001869,51,2024-10-01 11:46:13.001247,382,1.037,0.0011,"aoml_navis",1028.26176632186
"7901009",48,0,1,0.01869,1,-0.003738,1,134.781061767365,1,4.86250851937191,384,1,15.9209995269775,36.0660018920898,0.0186899993568659,0,129.970199584961,-86.3079,23.4515,25.8339246766441,63,63,63,63,61,63,0,8763,1.76508096394256,23,-86,0.001869,51,2024-10-01 11:46:13.001247,384,1.037,0.0011,"aoml_navis",1028.27583336468
"7901009",48,0,1,0.013083,1,-0.009345,1,134.30133783989,1,4.86244909924379,386,1,15.8690004348755,36.0550003051758,0.0130829997360706,0,129.507598876953,-86.3079,23.4515,25.8339246766441,63,63,63,63,61,63,0,8763,1.76508096394256,23,-86,0.001869,51,2024-10-01 11:46:13.001247,386,1.037,0.0011,"aoml_navis",1028.28839910686
"7901009",48,0,1,0.016821,1,-0.005607,1,133.467260327566,1,4.86240636543023,388,1,15.8450002670288,36.0480003356934,0.0168210007250309,0,128.70329284668,-86.3079,23.4515,25.8339246766441,63,63,63,63,61,63,0,8763,1.76508096394256,23,-86,0.001869,51,2024-10-01 11:46:13.001247,388,1.037,0.0011,"aoml_navis",1028.29743633687
"7901009",48,0,1,0.016821,1,-0.005607,1,132.869017674069,1,4.86227961591204,390,1,15.6960000991821,36.0260009765625,0.0168210007250309,0,128.126403808594,-86.3079,23.4515,25.8339246766441,63,63,63,63,61,63,0,8763,1.76508096394256,23,-86,0.001869,51,2024-10-01 11:46:13.001247,390,1.037,0.0011,"aoml_navis",1028.32424191263
"7901009",48,0,1,0.022428,1,0,1,132.628530678332,1,4.86214188326464,392,1,15.5129995346069,35.9970016479492,0.0224280003458261,0,127.894500732422,-86.3079,23.4515,25.8339246766441,63,63,63,63,61,63,0,8763,1.76508096394256,23,-86,0.001869,51,2024-10-01 11:46:13.001247,392,1.037,0.0011,"aoml_navis",1028.35337183595
"7901009",48,0,1,0.024297,1,0.001869,1,132.518809871091,1,4.86205224414523,394,1,15.4160003662109,35.9809989929199,0.0242970008403063,0,127.788696289062,-86.3079,23.4515,25.8339246766441,63,63,63,63,61,63,0,8763,1.76508096394256,23,-86,0.001869,51,2024-10-01 11:46:13.001247,394,1.037,0.0011,"aoml_navis",1028.37233105031
"7901009",48,0,1,0.024297,1,0.001869,1,132.29150392993,1,4.86199390153008,396,1,15.3739995956421,35.9729995727539,0.0242970008403063,0,127.56950378418,-86.3079,23.4515,25.8339246766441,63,63,63,63,61,63,0,8763,1.76508096394256,23,-86,0.001869,51,2024-10-01 11:46:13.001247,396,1.037,0.0011,"aoml_navis",1028.38467124084
"7901009",48,0,1,0.016821,1,-0.005607,1,132.029655081038,1,4.86191095185344,398,1,15.2959995269775,35.9609985351562,0.0168210007250309,0,127.317001342773,-86.3079,23.4515,25.8339246766441,63,63,63,63,61,63,0,8763,1.76508096394256,23,-86,0.001869,51,2024-10-01 11:46:13.001247,398,1.037,0.0011,"aoml_navis",1028.40221664157
"7901009",48,0,1,0.01869,1,-0.003738,1,131.717716642397,1,4.86184523580471,400,1,15.2370004653931,35.9500007629395,0.0186899993568659,0,127.01619720459,-86.3079,23.4515,25.8339246766441,63,63,63,63,61,63,0,8763,1.76508096394256,23,-86,0.001869,51,2024-10-01 11:46:13.001247,400,1.037,0.0011,"aoml_navis",1028.41611723423
"7901009",48,0,1,0.014952,1,-0.007476,1,131.270866233388,1,4.86178068641185,402,1,15.1890001296997,35.9420013427734,0.0149520002305508,0,126.585296630859,-86.3079,23.4515,25.8339246766441,63,63,63,63,61,63,0,8763,1.76508096394256,23,-86,0.001869,51,2024-10-01 11:46:13.001247,402,1.037,0.0011,"aoml_navis",1028.42977141574
"7901009",48,0,1,0.016821,1,-0.005607,1,130.841026188928,1,4.86170520019672,404,1,15.1140003204346,35.9290008544922,0.0168210007250309,0,126.170799255371,-86.3079,23.4515,25.8339246766441,63,63,63,63,61,63,0,8763,1.76508096394256,23,-86,0.001869,51,2024-10-01 11:46:13.001247,404,1.037,0.0011,"aoml_navis",1028.44573953141
"7901009",48,0,1,0.020559,1,-0.001869,1,130.295658077888,1,4.86162427974416,406,1,15.0270004272461,35.9140014648438,0.020558999851346,0,125.644897460938,-86.3079,23.4515,25.8339246766441,63,63,63,63,61,63,0,8763,1.76508096394256,23,-86,0.001869,51,2024-10-01 11:46:13.001247,406,1.037,0.0011,"aoml_navis",1028.46285773921
"7901009",48,0,1,0.020559,1,-0.001869,1,130.114905153009,1,4.86151614414188,408,1,14.8940000534058,35.8930015563965,0.020558999851346,0,125.470596313477,-86.3079,23.4515,25.8339246766441,63,63,63,63,61,63,0,8763,1.76508096394256,23,-86,0.001869,51,2024-10-01 11:46:13.001247,408,1.037,0.0011,"aoml_navis",1028.48573402867
"7901009",48,0,1,0.020559,1,-0.001869,1,129.970451554898,1,4.86141812152189,410,1,14.7799997329712,35.875,0.020558999851346,0,125.331298828125,-86.3079,23.4515,25.8339246766441,63,63,63,63,61,63,0,8763,1.76508096394256,23,-86,0.001869,51,2024-10-01 11:46:13.001247,410,1.037,0.0011,"aoml_navis",1028.50647177715
"7901009",48,0,1,0.020559,1,-0.001869,1,129.868927369831,1,4.86133115184909,412,1,14.6929998397827,35.8619995117188,0.020558999851346,0,125.2333984375,-86.3079,23.4515,25.8339246766441,63,63,63,63,61,63,0,8763,1.76508096394256,23,-86,0.001869,51,2024-10-01 11:46:13.001247,412,1.037,0.0011,"aoml_navis",1028.52487185494
"7901009",48,0,1,0.01869,1,-0.003738,1,129.811994075275,1,4.86126782308305,414,1,14.6520004272461,35.8559989929199,0.0186899993568659,0,125.178497314453,-86.3079,23.4515,25.8339246766441,63,63,63,63,61,63,0,8763,1.76508096394256,23,-86,0.001869,51,2024-10-01 11:46:13.001247,414,1.037,0.0011,"aoml_navis",1028.53827066639
"7901009",48,0,1,0.020559,1,-0.001869,1,129.700105435529,1,4.86122227233979,416,1,14.6379995346069,35.8530006408691,0.020558999851346,0,125.070602416992,-86.3079,23.4515,25.8339246766441,63,63,63,63,61,63,0,8763,1.76508096394256,23,-86,0.001869,51,2024-10-01 11:46:13.001247,416,1.037,0.0011,"aoml_navis",1028.54790830073
"7901009",48,0,1,0.022428,1,0,1,129.504834362303,1,4.86118112937771,418,1,14.6350002288818,35.8520011901855,0.0224280003458261,0,124.882301330566,-86.3079,23.4515,25.8339246766441,63,63,63,63,61,63,0,8763,1.76508096394256,23,-86,0.001869,51,2024-10-01 11:46:13.001247,418,1.037,0.0011,"aoml_navis",1028.55661349119
"7901009",48,0,1,0.01869,1,-0.003738,1,129.315061988314,1,4.8611319671794,420,1,14.621000289917,35.8499984741211,0.0186899993568659,0,124.69930267334,-86.3079,23.4515,25.8339246766441,63,63,63,63,61,63,0,8763,1.76508096394256,23,-86,0.001869,51,2024-10-01 11:46:13.001247,420,1.037,0.0011,"aoml_navis",1028.56701561657
"7901009",48,0,1,0.022428,1,0,1,129.13451477017,1,4.86107238006594,422,1,14.5799999237061,35.8429985046387,0.0224280003458261,0,124.525199890137,-86.3079,23.4515,25.8339246766441,63,63,63,63,61,63,0,8763,1.76508096394256,23,-86,0.001869,51,2024-10-01 11:46:13.001247,422,1.037,0.0011,"aoml_navis",1028.57962380971
"7901009",48,0,1,0.020559,1,-0.001869,1,128.895483545166,1,4.86101555456559,424,1,14.5450000762939,35.8370018005371,0.020558999851346,0,124.294700622559,-86.3079,23.4515,25.8339246766441,63,63,63,63,61,63,0,8763,1.76508096394256,23,-86,0.001869,51,2024-10-01 11:46:13.001247,424,1.037,0.0011,"aoml_navis",1028.59164795387
"7901009",48,0,1,0.020559,1,-0.001869,1,128.622645209595,1,4.86096360446052,426,1,14.5179996490479,35.8320007324219,0.020558999851346,0,124.031600952148,-86.3079,23.4515,25.8339246766441,63,63,63,63,61,63,0,8763,1.76508096394256,23,-86,0.001869,51,2024-10-01 11:46:13.001247,426,1.037,0.0011,"aoml_navis",1028.60264072167
"7901009",48,0,1,0.01869,1,-0.003738,1,128.294432203569,1,4.86090570866429,428,1,14.4750003814697,35.8240013122559,0.0186899993568659,0,123.715103149414,-86.3079,23.4515,25.8339246766441,63,63,63,63,61,63,0,8763,1.76508096394256,23,-86,0.001869,51,2024-10-01 11:46:13.001247,428,1.037,0.0011,"aoml_navis",1028.61489188893
"7901009",48,0,1,0.024297,1,0.001869,1,127.87329513632,1,4.8608336406741,430,1,14.414999961853,35.814998626709,0.0242970008403063,0,123.30899810791,-86.3079,23.4515,25.8339246766441,63,63,63,63,61,63,0,8763,1.76508096394256,23,-86,0.001869,51,2024-10-01 11:46:13.001247,430,1.037,0.0011,"aoml_navis",1028.6301424022
"7901009",48,0,1,0.016821,1,-0.005607,1,127.480893717463,1,4.86076472069985,432,1,14.3439998626709,35.8019981384277,0.0168210007250309,0,122.930603027344,-86.3079,23.4515,25.8339246766441,63,63,63,63,61,63,0,8763,1.76508096394256,23,-86,0.001869,51,2024-10-01 11:46:13.001247,432,1.037,0.0011,"aoml_navis",1028.64472717785
"7901009",48,0,1,0.022428,1,0,1,127.223087797076,1,4.86067985520374,434,1,14.2679996490479,35.7919998168945,0.0224280003458261,0,122.681999206543,-86.3079,23.4515,25.8339246766441,63,63,63,63,61,63,0,8763,1.76508096394256,23,-86,0.001869,51,2024-10-01 11:46:13.001247,434,1.037,0.0011,"aoml_navis",1028.662686897
"7901009",48,0,1,0.024297,1,0.001869,1,127.09553379835,1,4.86058375322297,436,1,14.173999786377,35.7799987792969,0.0242970008403063,0,122.55899810791,-86.3079,23.4515,25.8339246766441,63,63,63,63,61,63,0,8763,1.76508096394256,23,-86,0.001869,51,2024-10-01 11:46:13.001247,436,1.037,0.0011,"aoml_navis",1028.68302530217
"7901009",48,0,1,0.016821,1,-0.005607,1,126.855157567777,1,4.86053685899344,438,1,14.1409997940063,35.7719993591309,0.0168210007250309,0,122.327201843262,-86.3079,23.4515,25.8339246766441,63,63,63,63,61,63,0,8763,1.76508096394256,23,-86,0.001869,51,2024-10-01 11:46:13.001247,438,1.037,0.0011,"aoml_navis",1028.69294998731
"7901009",48,0,1,0.022428,1,0,1,126.669736682394,1,4.86047805639086,440,1,14.1000003814697,35.7649993896484,0.0224280003458261,0,122.148399353027,-86.3079,23.4515,25.8339246766441,63,63,63,63,61,63,0,8763,1.76508096394256,23,-86,0.001869,51,2024-10-01 11:46:13.001247,440,1.037,0.0011,"aoml_navis",1028.7053952287
"7901009",48,0,1,0.020559,1,-0.001869,1,126.589060083646,1,4.86041775577419,442,1,14.0609998703003,35.7589988708496,0.020558999851346,0,122.070602416992,-86.3079,23.4515,25.8339246766441,63,63,63,63,61,63,0,8763,1.76508096394256,23,-86,0.001869,51,2024-10-01 11:46:13.001247,442,1.037,0.0011,"aoml_navis",1028.71815782913
"7901009",48,0,1,0.01869,1,-0.003738,1,126.333429907561,1,4.86037715693637,444,1,14.0550003051758,35.7569999694824,0.0186899993568659,0,121.824096679688,-86.3079,23.4515,25.8339246766441,63,63,63,63,61,63,0,8763,1.76508096394256,23,-86,0.001869,51,2024-10-01 11:46:13.001247,444,1.037,0.0011,"aoml_navis",1028.72675073464
"7901009",48,0,1,0.020559,1,-0.001869,1,126.019632196516,1,4.86033499563255,446,1,14.0509996414185,35.7560005187988,0.020558999851346,0,121.521499633789,-86.3079,23.4515,25.8339246766441,63,63,63,63,61,63,0,8763,1.76508096394256,23,-86,0.001869,51,2024-10-01 11:46:13.001247,446,1.037,0.0011,"aoml_navis",1028.73567449424
"7901009",48,0,1,0.020559,1,-0.001869,1,125.589689298689,1,4.86029650504702,448,1,14.039999961853,35.7519989013672,0.020558999851346,0,121.106903076172,-86.3079,23.4515,25.8339246766441,63,63,63,63,61,63,0,8763,1.76508096394256,23,-86,0.001869,51,2024-10-01 11:46:13.001247,448,1.037,0.0011,"aoml_navis",1028.74382145367
"7901009",48,0,1,0.022428,1,0,1,125.300979897404,1,4.86021674072073,450,1,13.9610004425049,35.7400016784668,0.0224280003458261,0,120.828498840332,-86.3079,23.4515,25.8339246766441,63,63,63,63,61,63,0,8763,1.76508096394256,23,-86,0.001869,51,2024-10-01 11:46:13.001247,450,1.037,0.0011,"aoml_navis",1028.76070486901
"7901009",48,0,1,0.01869,1,-0.003738,1,125.049922740254,1,4.86013161939844,452,1,13.8730001449585,35.7270011901855,0.0186899993568659,0,120.586402893066,-86.3079,23.4515,25.8339246766441,63,63,63,63,61,63,0,8763,1.76508096394256,23,-86,0.001869,51,2024-10-01 11:46:13.001247,452,1.037,0.0011,"aoml_navis",1028.77872279082
"7901009",48,0,1,0.01869,1,-0.003738,1,124.66871651481,1,4.86007894316884,454,1,13.8339996337891,35.7190017700195,0.0186899993568659,0,120.218803405762,-86.3079,23.4515,25.8339246766441,63,63,63,63,61,63,0,8763,1.76508096394256,23,-86,0.001869,51,2024-10-01 11:46:13.001247,454,1.037,0.0011,"aoml_navis",1028.78987326488
"7901009",48,0,1,0.022428,1,0,1,124.24820447956,1,4.86001012196862,456,1,13.7650003433228,35.7070007324219,0.0224280003458261,0,119.813301086426,-86.3079,23.4515,25.8339246766441,63,63,63,63,61,63,0,8763,1.76508096394256,23,-86,0.001869,51,2024-10-01 11:46:13.001247,456,1.037,0.0011,"aoml_navis",1028.80444166126
"7901009",48,0,1,0.01869,1,-0.003738,1,123.973601813155,1,4.8599243875094,458,1,13.664999961853,35.6910018920898,0.0186899993568659,0,119.548500061035,-86.3079,23.4515,25.8339246766441,63,63,63,63,61,63,0,8763,1.76508096394256,23,-86,0.001869,51,2024-10-01 11:46:13.001247,458,1.037,0.0011,"aoml_navis",1028.82259091327
"7901009",48,0,1,0.01869,1,-0.003738,1,123.847084259897,1,4.85983807900982,460,1,13.5640001296997,35.6749992370605,0.0186899993568659,0,119.426498413086,-86.3079,23.4515,25.8339246766441,63,63,63,63,61,63,0,8763,1.76508096394256,23,-86,0.001869,51,2024-10-01 11:46:13.001247,460,1.037,0.0011,"aoml_navis",1028.84086233152
"7901009",48,0,1,0.020559,1,-0.001869,1,123.646005927331,1,4.85976721689068,462,1,13.5030002593994,35.6660003662109,0.020558999851346,0,119.232597351074,-86.3079,23.4515,25.8339246766441,63,63,63,63,61,63,0,8763,1.76508096394256,23,-86,0.001869,51,2024-10-01 11:46:13.001247,462,1.037,0.0011,"aoml_navis",1028.85586425249
"7901009",48,0,1,0.022428,1,0,1,123.419839285005,1,4.85971189680506,464,1,13.4680004119873,35.6599998474121,0.0224280003458261,0,119.014503479004,-86.3079,23.4515,25.8339246766441,63,63,63,63,61,63,0,8763,1.76508096394256,23,-86,0.001869,51,2024-10-01 11:46:13.001247,464,1.037,0.0011,"aoml_navis",1028.86757613907
"7901009",48,0,1,0.024297,1,0.001869,1,123.17094996036,1,4.85965521049293,466,1,13.4280004501343,35.6529998779297,0.0242970008403063,0,118.77449798584,-86.3079,23.4515,25.8339246766441,63,63,63,63,61,63,0,8763,1.76508096394256,23,-86,0.001869,51,2024-10-01 11:46:13.001247,466,1.037,0.0011,"aoml_navis",1028.87957754781
"7901009",48,0,1,0.026166,1,0.003738,1,122.860989471086,1,4.85960767302055,468,1,13.3970003128052,35.6459999084473,0.0261659994721413,0,118.475601196289,-86.3079,23.4515,25.8339246766441,63,63,63,63,61,63,0,8763,1.76508096394256,23,-86,0.001869,51,2024-10-01 11:46:13.001247,468,1.037,0.0011,"aoml_navis",1028.88964221513
"7901009",48,0,1,0.022428,1,0,1,122.646018022172,1,4.85953784425983,470,1,13.3330001831055,35.6360015869141,0.0224280003458261,0,118.26830291748,-86.3079,23.4515,25.8339246766441,63,63,63,63,61,63,0,8763,1.76508096394256,23,-86,0.001869,51,2024-10-01 11:46:13.001247,470,1.037,0.0011,"aoml_navis",1028.90442676686
"7901009",48,0,1,0.024297,1,0.001869,1,122.302867542533,1,4.85947887285168,472,1,13.2760000228882,35.625,0.0242970008403063,0,117.937400817871,-86.3079,23.4515,25.8339246766441,63,63,63,63,61,63,0,8763,1.76508096394256,23,-86,0.001869,51,2024-10-01 11:46:13.001247,472,1.037,0.0011,"aoml_navis",1028.91691286763
"7901009",48,0,1,0.020559,1,-0.001869,1,122.07151076107,1,4.85938691473198,474,1,13.1750001907349,35.6110000610352,0.020558999851346,0,117.714302062988,-86.3079,23.4515,25.8339246766441,63,63,63,63,61,63,0,8763,1.76508096394256,23,-86,0.001869,51,2024-10-01 11:46:13.001247,474,1.037,0.0011,"aoml_navis",1028.93638389685
"7901009",48,0,1,0.024297,1,0.001869,1,122.006491609505,1,4.85928807791475,476,1,13.0410003662109,35.5900001525879,0.0242970008403063,0,117.65160369873,-86.3079,23.4515,25.8339246766441,63,63,63,63,61,63,0,8763,1.76508096394256,23,-86,0.001869,51,2024-10-01 11:46:13.001247,476,1.037,0.0011,"aoml_navis",1028.9573122295
"7901009",48,0,1,0.020559,1,-0.001869,1,121.568557796238,1,4.85923871087362,478,1,13.003999710083,35.5820007324219,0.020558999851346,0,117.229301452637,-86.3079,23.4515,25.8339246766441,63,63,63,63,61,63,0,8763,1.76508096394256,23,-86,0.001869,51,2024-10-01 11:46:13.001247,478,1.037,0.0011,"aoml_navis",1028.96776583776
"7901009",48,0,1,0.022428,1,0,1,121.457594836795,1,4.8591388181191,480,1,12.878999710083,35.5639991760254,0.0224280003458261,0,117.122299194336,-86.3079,23.4515,25.8339246766441,63,63,63,63,61,63,0,8763,1.76508096394256,23,-86,0.001869,51,2024-10-01 11:46:13.001247,480,1.037,0.0011,"aoml_navis",1028.98891905612
"7901009",48,0,1,0.022428,1,0,1,121.216285014122,1,4.85907543403524,482,1,12.8090000152588,35.5509986877441,0.0224280003458261,0,116.889602661133,-86.3079,23.4515,25.8339246766441,63,63,63,63,61,63,0,8763,1.76508096394256,23,-86,0.001869,51,2024-10-01 11:46:13.001247,482,1.037,0.0011,"aoml_navis",1029.00234167547
"7901009",48,0,1,0.026166,1,0.003738,1,120.853323393631,1,4.85901210363915,484,1,12.75,35.5410003662109,0.0261659994721413,0,116.539596557617,-86.3079,23.4515,25.8339246766441,63,63,63,63,61,63,0,8763,1.76508096394256,23,-86,0.001869,51,2024-10-01 11:46:13.001247,484,1.037,0.0011,"aoml_navis",1029.01575327529
"7901009",48,0,1,0.028035,1,0.005607,1,120.725777306702,1,4.85893220666989,486,1,12.6590003967285,35.5270004272461,0.0280349999666214,0,116.416603088379,-86.3079,23.4515,25.8339246766441,63,63,63,63,61,63,0,8763,1.76508096394256,23,-86,0.001869,51,2024-10-01 11:46:13.001247,486,1.037,0.0011,"aoml_navis",1029.03267370894
"7901009",48,0,4,0.01869,1,-0.003738,1,120.438420822784,1,4.85887804283244,488,1,12.6090002059937,35.5169982910156,0.0186899993568659,0,116.139503479004,-86.3079,23.4515,25.8339246766441,63,63,63,63,61,63,0,8763,1.76508096394256,23,-86,0.001869,51,2024-10-01 11:46:13.001247,488,1.037,0.0011,"aoml_navis",1029.04414474361
"7901009",48,0,1,0.022428,1,0,1,120.185385716268,1,4.85879931046238,489.899993896484,1,12.5240001678467,35.5050010681152,0.0224280003458261,0,115.895500183105,-86.3079,23.4515,25.8339246766441,63,63,63,63,61,63,0,8763,1.76508096394256,23,-86,0.001869,51,2024-10-01 11:46:13.001247,489.899993896484,1.037,0.0011,"aoml_navis",1029.06081945669
"7901009",48,0,1,0.026166,1,0.003738,1,120.073077751256,1,4.85871314361205,492,1,12.423999786377,35.4900016784668,0.0261659994721413,0,115.787200927734,-86.3079,23.4515,25.8339246766441,63,63,63,63,61,63,0,8763,1.76508096394256,23,-86,0.001869,51,2024-10-01 11:46:13.001247,492,1.037,0.0011,"aoml_navis",1029.07906933623
"7901009",48,0,1,0.022428,1,0,1,119.98824745884,1,4.85864596508666,494,1,12.3599996566772,35.4799995422363,0.0224280003458261,0,115.70539855957,-86.3079,23.4515,25.8339246766441,63,63,63,63,61,63,0,8763,1.76508096394256,23,-86,0.001869,51,2024-10-01 11:46:13.001247,494,1.037,0.0011,"aoml_navis",1029.09329799477
"7901009",48,0,1,0.026166,1,0.003738,1,119.834457939721,1,4.8585922686347,496,1,12.3249998092651,35.4739990234375,0.0261659994721413,0,115.557098388672,-86.3079,23.4515,25.8339246766441,63,63,63,63,61,63,0,8763,1.76508096394256,23,-86,0.001869,51,2024-10-01 11:46:13.001247,496,1.037,0.0011,"aoml_navis",1029.10467138356
"7901009",48,0,1,0.024297,1,0.001869,1,119.682021337968,1,4.85853092684324,498,1,12.2819995880127,35.4679985046387,0.0242970008403063,0,115.410102844238,-86.3079,23.4515,25.8339246766441,63,63,63,63,61,63,0,8763,1.76508096394256,23,-86,0.001869,51,2024-10-01 11:46:13.001247,498,1.037,0.0011,"aoml_navis",1029.11766443127
"7901009",48,0,1,0.022428,1,0,1,119.547101455802,1,4.85848308674378,500,1,12.2530002593994,35.4620018005371,0.0224280003458261,0,115.279998779297,-86.3079,23.4515,25.8339246766441,63,63,63,63,61,63,0,8763,1.76508096394256,23,-86,0.001869,51,2024-10-01 11:46:13.001247,500,1.037,0.0011,"aoml_navis",1029.12779785986
"7901009",48,0,1,0.01869,1,-0.003738,1,119.332960745623,1,4.85842726427968,502,1,12.2080001831055,35.4539985656738,0.0186899993568659,0,115.073501586914,-86.3079,23.4515,25.8339246766441,63,63,63,63,61,63,0,8763,1.76508096394256,23,-86,0.001869,51,2024-10-01 11:46:13.001247,502,1.037,0.0011,"aoml_navis",1029.13962235499
"7901009",48,0,1,0.024297,1,0.001869,1,119.160507296284,1,4.85836099263577,504,1,12.1520004272461,35.4459991455078,0.0242970008403063,0,114.907203674316,-86.3079,23.4515,25.8339246766441,63,63,63,63,61,63,0,8763,1.76508096394256,23,-86,0.001869,51,2024-10-01 11:46:13.001247,504,1.037,0.0011,"aoml_navis",1029.15366058202
"7901009",48,0,1,0.024297,1,0.001869,1,119.155008597046,1,4.85828975815689,506,1,12.0830001831055,35.4360008239746,0.0242970008403063,0,114.901901245117,-86.3079,23.4515,25.8339246766441,63,63,63,63,61,63,0,8763,1.76508096394256,23,-86,0.001869,51,2024-10-01 11:46:13.001247,506,1.037,0.0011,"aoml_navis",1029.16875050632
"7901009",48,0,1,0.020559,1,-0.001869,1,119.144430523836,1,4.85822568128799,508,1,12.0290002822876,35.4280014038086,0.020558999851346,0,114.891700744629,-86.3079,23.4515,25.8339246766441,63,63,63,63,61,63,0,8763,1.76508096394256,23,-86,0.001869,51,2024-10-01 11:46:13.001247,508,1.037,0.0011,"aoml_navis",1029.18232457954
"7901009",48,0,1,0.022428,1,0,1,119.145158409203,1,4.85817259852722,510,1,11.9980001449585,35.4230003356934,0.0224280003458261,0,114.892402648926,-86.3079,23.4515,25.8339246766441,63,63,63,63,61,63,0,8763,1.76508096394256,23,-86,0.001869,51,2024-10-01 11:46:13.001247,510,1.037,0.0011,"aoml_navis",1029.19356992705
"7901009",48,0,1,0.01869,1,-0.003738,1,119.080859231207,1,4.85812865484293,512,1,11.9919996261597,35.4220008850098,0.0186899993568659,0,114.83039855957,-86.3079,23.4515,25.8339246766441,63,63,63,63,61,63,0,8763,1.76508096394256,23,-86,0.001869,51,2024-10-01 11:46:13.001247,512,1.037,0.0011,"aoml_navis",1029.20287938765
"7901009",48,0,1,0.024297,1,0.001869,1,119.052028641246,1,4.85808742886215,514,1,11.9849996566772,35.4199981689453,0.0242970008403063,0,114.802597045898,-86.3079,23.4515,25.8339246766441,63,63,63,63,61,63,0,8763,1.76508096394256,23,-86,0.001869,51,2024-10-01 11:46:13.001247,514,1.037,0.0011,"aoml_navis",1029.21161325643
"7901009",48,0,1,0.024297,1,0.001869,1,118.932979824794,1,4.85804268763054,516,1,11.9820003509521,35.4199981689453,0.0242970008403063,0,114.687797546387,-86.3079,23.4515,25.8339246766441,63,63,63,63,61,63,0,8763,1.76508096394256,23,-86,0.001869,51,2024-10-01 11:46:13.001247,516,1.037,0.0011,"aoml_navis",1029.22109201117
"7901009",48,0,1,0.024297,1,0.001869,1,118.751815486447,1,4.8580025461143,518,1,11.9799995422363,35.4189987182617,0.0242970008403063,0,114.51309967041,-86.3079,23.4515,25.8339246766441,63,63,63,63,61,63,0,8763,1.76508096394256,23,-86,0.001869,51,2024-10-01 11:46:13.001247,518,1.037,0.0011,"aoml_navis",1029.22959643141
"7901009",48,0,1,0.024297,1,0.001869,1,118.588903664851,1,4.85795452601196,520,1,11.9619998931885,35.4160003662109,0.0242970008403063,0,114.356002807617,-86.3079,23.4515,25.8339246766441,63,63,63,63,61,63,0,8763,1.76508096394256,23,-86,0.001869,51,2024-10-01 11:46:13.001247,520,1.037,0.0011,"aoml_navis",1029.23977020111
"7901009",48,0,1,0.031773,1,0.009345,1,118.49619322216,1,4.85788798749,522,1,11.9090003967285,35.4090003967285,0.0317730009555817,0,114.2666015625,-86.3079,23.4515,25.8339246766441,63,63,63,63,61,63,0,8763,1.76508096394256,23,-86,0.001869,51,2024-10-01 11:46:13.001247,522,1.037,0.0011,"aoml_navis",1029.25386770464
"7901009",48,0,1,0.022428,1,0,1,118.379731563479,1,4.85783422496256,524,1,11.8809995651245,35.4049987792969,0.0224280003458261,0,114.154296875,-86.3079,23.4515,25.8339246766441,63,63,63,63,61,63,0,8763,1.76508096394256,23,-86,0.001869,51,2024-10-01 11:46:13.001247,524,1.037,0.0011,"aoml_navis",1029.26525864281
"7901009",48,0,1,0.028035,1,0.005607,1,118.12514574466,1,4.85779369887697,526,1,11.8669996261597,35.4010009765625,0.0280349999666214,0,113.908798217773,-86.3079,23.4515,25.8339246766441,63,63,63,63,61,63,0,8763,1.76508096394256,23,-86,0.001869,51,2024-10-01 11:46:13.001247,526,1.037,0.0011,"aoml_navis",1029.27384527587
"7901009",48,0,1,0.024297,1,0.001869,1,118.074644741443,1,4.85771184960598,528,1,11.7819995880127,35.3899993896484,0.0242970008403063,0,113.86009979248,-86.3079,23.4515,25.8339246766441,63,63,63,63,61,63,0,8763,1.76508096394256,23,-86,0.001869,51,2024-10-01 11:46:13.001247,528,1.037,0.0011,"aoml_navis",1029.29118786771
"7901009",48,0,1,0.024297,1,0.001869,1,118.056083664591,1,4.85764549940089,530,1,11.7209997177124,35.3810005187988,0.0242970008403063,0,113.84220123291,-86.3079,23.4515,25.8339246766441,63,63,63,63,61,63,0,8763,1.76508096394256,23,-86,0.001869,51,2024-10-01 11:46:13.001247,530,1.037,0.0011,"aoml_navis",1029.30524687663
"7901009",48,0,1,0.028035,1,0.005607,1,117.937865586873,1,4.8576015031869,532,1,11.7110004425049,35.3790016174316,0.0280349999666214,0,113.728202819824,-86.3079,23.4515,25.8339246766441,63,63,63,63,61,63,0,8763,1.76508096394256,23,-86,0.001869,51,2024-10-01 11:46:13.001247,532,1.037,0.0011,"aoml_navis",1029.3145694886
"7901009",48,0,1,0.024297,1,0.001869,1,117.845257997549,1,4.85755574747843,534,1,11.7030000686646,35.3779983520508,0.0242970008403063,0,113.638900756836,-86.3079,23.4515,25.8339246766441,63,63,63,63,61,63,0,8763,1.76508096394256,23,-86,0.001869,51,2024-10-01 11:46:13.001247,534,1.037,0.0011,"aoml_navis",1029.32426510916
"7901009",48,0,1,0.020559,1,-0.001869,1,117.640239589845,1,4.85751062616752,536,1,11.6840000152588,35.3740005493164,0.020558999851346,0,113.441200256348,-86.3079,23.4515,25.8339246766441,63,63,63,63,61,63,0,8763,1.76508096394256,23,-86,0.001869,51,2024-10-01 11:46:13.001247,536,1.037,0.0011,"aoml_navis",1029.33382647994
"7901009",48,0,1,0.020559,1,-0.001869,1,117.548051325787,1,4.85744672817253,538,1,11.6409997940063,35.3689994812012,0.020558999851346,0,113.35230255127,-86.3079,23.4515,25.8339246766441,63,63,63,63,61,63,0,8763,1.76508096394256,23,-86,0.001869,51,2024-10-01 11:46:13.001247,538,1.037,0.0011,"aoml_navis",1029.34736700264
"7901009",48,0,1,0.024297,1,0.001869,1,117.428891744171,1,4.85738647627269,540,1,11.5939998626709,35.3619995117188,0.0242970008403063,0,113.237396240234,-86.3079,23.4515,25.8339246766441,63,63,63,63,61,63,0,8763,1.76508096394256,23,-86,0.001869,51,2024-10-01 11:46:13.001247,540,1.037,0.0011,"aoml_navis",1029.36013521344
"7901009",48,0,1,0.024297,1,0.001869,1,117.310990138352,1,4.85732452542791,542,1,11.548999786377,35.3559989929199,0.0242970008403063,0,113.12370300293,-86.3079,23.4515,25.8339246766441,63,63,63,63,61,63,0,8763,1.76508096394256,23,-86,0.001869,51,2024-10-01 11:46:13.001247,542,1.037,0.0011,"aoml_navis",1029.37326378445
"7901009",48,0,1,0.026166,1,0.003738,1,117.194322772937,1,4.85726735592481,544,1,11.5129995346069,35.351001739502,0.0261659994721413,0,113.011199951172,-86.3079,23.4515,25.8339246766441,63,63,63,63,61,63,0,8763,1.76508096394256,23,-86,0.001869,51,2024-10-01 11:46:13.001247,544,1.037,0.0011,"aoml_navis",1029.38537939467
"7901009",48,0,1,0.028035,1,0.005607,1,116.865793295012,1,4.85722337761772,546,1,11.4989995956421,35.3479995727539,0.0280349999666214,0,112.694396972656,-86.3079,23.4515,25.8339246766441,63,63,63,63,61,63,0,8763,1.76508096394256,23,-86,0.001869,51,2024-10-01 11:46:13.001247,546,1.037,0.0011,"aoml_navis",1029.39469966323
"7901009",48,0,1,0.026166,1,0.003738,1,116.454514327404,1,4.85716345276672,548,1,11.456000328064,35.3419990539551,0.0261659994721413,0,112.297798156738,-86.3079,23.4515,25.8339246766441,63,63,63,63,61,63,0,8763,1.76508096394256,23,-86,0.001869,51,2024-10-01 11:46:13.001247,548,1.037,0.0011,"aoml_navis",1029.4073997349
"7901009",48,0,1,0.022428,1,0,1,116.301658400386,1,4.85704872071927,550,1,11.3100004196167,35.3250007629395,0.0224280003458261,0,112.150398254395,-86.3079,23.4515,25.8339246766441,63,63,63,63,61,63,0,8763,1.76508096394256,23,-86,0.001869,51,2024-10-01 11:46:13.001247,550,1.037,0.0011,"aoml_navis",1029.43171615119
"7901009",48,0,1,0.028035,1,0.005607,1,116.26878488192,1,4.85695323249879,552,1,11.1639995574951,35.3030014038086,0.0280349999666214,0,112.118698120117,-86.3079,23.4515,25.8339246766441,63,63,63,63,61,63,0,8763,1.76508096394256,23,-86,0.001869,51,2024-10-01 11:46:13.001247,552,1.037,0.0011,"aoml_navis",1029.45195488893
"7901009",48,0,1,0.026166,1,0.003738,1,116.177324503228,1,4.85687214377668,554,1,11.0690002441406,35.2900009155273,0.0261659994721413,0,112.030502319336,-86.3079,23.4515,25.8339246766441,63,63,63,63,61,63,0,8763,1.76508096394256,23,-86,0.001869,51,2024-10-01 11:46:13.001247,554,1.037,0.0011,"aoml_navis",1029.46914227642
"7901009",48,0,1,0.026166,1,0.003738,1,116.175663025761,1,4.85680316988018,556,1,10.9949998855591,35.2789993286133,0.0261659994721413,0,112.028900146484,-86.3079,23.4515,25.8339246766441,63,63,63,63,61,63,0,8763,1.76508096394256,23,-86,0.001869,51,2024-10-01 11:46:13.001247,556,1.037,0.0011,"aoml_navis",1029.48376228377
"7901009",48,0,1,0.024297,1,0.001869,1,115.963595206517,1,4.85675321349991,558,1,10.9619998931885,35.2729988098145,0.0242970008403063,0,111.824401855469,-86.3079,23.4515,25.8339246766441,63,63,63,63,61,63,0,8763,1.76508096394256,23,-86,0.001869,51,2024-10-01 11:46:13.001247,558,1.037,0.0011,"aoml_navis",1029.4943515149
"7901009",48,0,1,0.026166,1,0.003738,1,116.058584246878,1,4.85664871596578,560,1,10.8360004425049,35.2589988708496,0.0261659994721413,0,111.916000366211,-86.3079,23.4515,25.8339246766441,63,63,63,63,61,63,0,8763,1.76508096394256,23,-86,0.001869,51,2024-10-01 11:46:13.001247,560,1.037,0.0011,"aoml_navis",1029.51650251396
"7901009",48,0,1,0.022428,1,0,1,116.029959363651,1,4.85659530665404,562,1,10.8030004501343,35.2540016174316,0.0224280003458261,0,111.888397216797,-86.3079,23.4515,25.8339246766441,63,63,63,63,61,63,0,8763,1.76508096394256,23,-86,0.001869,51,2024-10-01 11:46:13.001247,562,1.037,0.0011,"aoml_navis",1029.52782438954
"7901009",48,0,1,0.028035,1,0.005607,1,115.942130499995,1,4.85655161915203,564,1,10.7930002212524,35.2519989013672,0.0280349999666214,0,111.803703308105,-86.3079,23.4515,25.8339246766441,63,63,63,63,61,63,0,8763,1.76508096394256,23,-86,0.001869,51,2024-10-01 11:46:13.001247,564,1.037,0.0011,"aoml_navis",1029.53708559017
"7901009",48,0,1,0.024297,1,0.001869,1,115.827021758681,1,4.8565105476633,566,1,10.789999961853,35.2509994506836,0.0242970008403063,0,111.69270324707,-86.3079,23.4515,25.8339246766441,63,63,63,63,61,63,0,8763,1.76508096394256,23,-86,0.001869,51,2024-10-01 11:46:13.001247,566,1.037,0.0011,"aoml_navis",1029.54579238086
"7901009",48,0,1,0.024297,1,0.001869,1,115.641181548032,1,4.85646512501609,568,1,10.7740001678467,35.2480010986328,0.0242970008403063,0,111.513496398926,-86.3079,23.4515,25.8339246766441,63,63,63,63,61,63,0,8763,1.76508096394256,23,-86,0.001869,51,2024-10-01 11:46:13.001247,568,1.037,0.0011,"aoml_navis",1029.55542174998
"7901009",48,0,1,0.028035,1,0.005607,1,115.637035766161,1,4.85639162890976,570,1,10.6979999542236,35.2379989624023,0.0280349999666214,0,111.509498596191,-86.3079,23.4515,25.8339246766441,63,63,63,63,61,63,0,8763,1.76508096394256,23,-86,0.001869,51,2024-10-01 11:46:13.001247,570,1.037,0.0011,"aoml_navis",1029.57100293052
"7901009",48,0,1,0.028035,1,0.005607,1,115.53302727669,1,4.85633920319991,572,1,10.6700000762939,35.234001159668,0.0280349999666214,0,111.409202575684,-86.3079,23.4515,25.8339246766441,63,63,63,63,61,63,0,8763,1.76508096394256,23,-86,0.001869,51,2024-10-01 11:46:13.001247,572,1.037,0.0011,"aoml_navis",1029.58211747347
"7901009",48,0,1,0.026166,1,0.003738,1,115.367828945627,1,4.85629939732157,574,1,10.6520004272461,35.2290000915527,0.0261659994721413,0,111.249900817871,-86.3079,23.4515,25.8339246766441,63,63,63,63,61,63,0,8763,1.76508096394256,23,-86,0.001869,51,2024-10-01 11:46:13.001247,574,1.037,0.0011,"aoml_navis",1029.59055670202
"7901009",48,0,1,0.028035,1,0.005607,1,115.365550347957,1,4.85621729036808,576,1,10.5699996948242,35.2200012207031,0.0280349999666214,0,111.247703552246,-86.3079,23.4515,25.8339246766441,63,63,63,63,61,63,0,8763,1.76508096394256,23,-86,0.001869,51,2024-10-01 11:46:13.001247,576,1.037,0.0011,"aoml_navis",1029.60796460181
"7901009",48,0,1,0.022428,1,0,1,115.351649319811,1,4.85615926522662,578,1,10.5190000534058,35.2120018005371,0.0224280003458261,0,111.234298706055,-86.3079,23.4515,25.8339246766441,63,63,63,63,61,63,0,8763,1.76508096394256,23,-86,0.001869,51,2024-10-01 11:46:13.001247,578,1.037,0.0011,"aoml_navis",1029.62026715297
"7901009",48,0,1,0.029904,1,0.007476,1,115.33848408883,1,4.85609997593945,580,1,10.4829998016357,35.2080001831055,0.0299040004611015,0,111.221603393555,-86.3079,23.4515,25.8339246766441,63,63,63,63,61,63,0,8763,1.76508096394256,23,-86,0.001869,51,2024-10-01 11:46:13.001247,580,1.037,0.0011,"aoml_navis",1029.63283803331
"7901009",48,0,1,0.028035,1,0.005607,1,115.243906461937,1,4.85604943265579,582,1,10.4610004425049,35.2050018310547,0.0280349999666214,0,111.130401611328,-86.3079,23.4515,25.8339246766441,63,63,63,63,61,63,0,8763,1.76508096394256,23,-86,0.001869,51,2024-10-01 11:46:13.001247,582,1.037,0.0011,"aoml_navis",1029.64355477442
"7901009",48,0,1,0.028035,1,0.005607,1,115.25219802568,1,4.85599123865796,584,1,10.4219999313354,35.2000007629395,0.0280349999666214,0,111.138397216797,-86.3079,23.4515,25.8339246766441,63,63,63,63,61,63,0,8763,1.76508096394256,23,-86,0.001869,51,2024-10-01 11:46:13.001247,584,1.037,0.0011,"aoml_navis",1029.65589398012
"7901009",48,0,1,0.026166,1,0.003738,1,115.216215170811,1,4.85594340337399,586,1,10.4029998779297,35.1969985961914,0.0261659994721413,0,111.103698730469,-86.3079,23.4515,25.8339246766441,63,63,63,63,61,63,0,8763,1.76508096394256,23,-86,0.001869,51,2024-10-01 11:46:13.001247,586,1.037,0.0011,"aoml_navis",1029.66603699004
"7901009",48,0,1,0.024297,1,0.001869,1,115.134810686696,1,4.85589895373755,588,1,10.3920001983643,35.1949996948242,0.0242970008403063,0,111.025199890137,-86.3079,23.4515,25.8339246766441,63,63,63,63,61,63,0,8763,1.76508096394256,23,-86,0.001869,51,2024-10-01 11:46:13.001247,588,1.037,0.0011,"aoml_navis",1029.67546228522
"7901009",48,0,1,0.024297,1,0.001869,1,115.037851608766,1,4.85585098626125,590,1,10.3769998550415,35.193000793457,0.0242970008403063,0,110.931701660156,-86.3079,23.4515,25.8339246766441,63,63,63,63,61,63,0,8763,1.76508096394256,23,-86,0.001869,51,2024-10-01 11:46:13.001247,590,1.037,0.0011,"aoml_navis",1029.68563371211
"7901009",48,0,1,0.028035,1,0.005607,1,115.003316612833,1,4.85579716884812,592,1,10.3470001220703,35.1889991760254,0.0280349999666214,0,110.898399353027,-86.3079,23.4515,25.8339246766441,63,63,63,63,61,63,0,8763,1.76508096394256,23,-86,0.001869,51,2024-10-01 11:46:13.001247,592,1.037,0.0011,"aoml_navis",1029.697045848
"7901009",48,0,1,0.028035,1,0.005607,1,114.959556461055,1,4.85574441294978,594,1,10.3140001296997,35.1839981079102,0.0280349999666214,0,110.856201171875,-86.3079,23.4515,25.8339246766441,63,63,63,63,61,63,0,8763,1.76508096394256,23,-86,0.001869,51,2024-10-01 11:46:13.001247,594,1.037,0.0011,"aoml_navis",1029.70823313219
"7901009",48,0,1,0.028035,1,0.005607,1,114.798195351763,1,4.85569839332574,596,1,10.2969999313354,35.1809997558594,0.0280349999666214,0,110.70059967041,-86.3079,23.4515,25.8339246766441,63,63,63,63,61,63,0,8763,1.76508096394256,23,-86,0.001869,51,2024-10-01 11:46:13.001247,596,1.037,0.0011,"aoml_navis",1029.71799213736
"7901009",48,0,1,0.026166,1,0.003738,1,114.769467615168,1,4.85563202015093,598,1,10.2399997711182,35.173999786377,0.0261659994721413,0,110.672897338867,-86.3079,23.4515,25.8339246766441,63,63,63,63,61,63,0,8763,1.76508096394256,23,-86,0.001869,51,2024-10-01 11:46:13.001247,598,1.037,0.0011,"aoml_navis",1029.73206767933
"7901009",48,0,1,0.028035,1,0.005607,1,114.643677947277,1,4.85558464620109,600,1,10.2130002975464,35.1689987182617,0.0280349999666214,0,110.551597595215,-86.3079,23.4515,25.8339246766441,63,63,63,63,61,63,0,8763,1.76508096394256,23,-86,0.001869,51,2024-10-01 11:46:13.001247,600,1.037,0.0011,"aoml_navis",1029.74211435319
"7901009",48,0,1,0.026166,1,0.003738,1,114.642332941708,1,4.85551324968349,602,1,10.1499996185303,35.1619987487793,0.0261659994721413,0,110.550300598145,-86.3079,23.4515,25.8339246766441,63,63,63,63,61,63,0,8763,1.76508096394256,23,-86,0.001869,51,2024-10-01 11:46:13.001247,602,1.037,0.0011,"aoml_navis",1029.75725590409
"7901009",48,0,1,0.028035,1,0.005607,1,114.612363052912,1,4.85545399124915,604,1,10.1049995422363,35.1559982299805,0.0280349999666214,0,110.52140045166,-86.3079,23.4515,25.8339246766441,63,63,63,63,61,63,0,8763,1.76508096394256,23,-86,0.001869,51,2024-10-01 11:46:13.001247,604,1.037,0.0011,"aoml_navis",1029.76982358629
"7901009",48,0,1,0.026166,1,0.003738,1,114.554599019622,1,4.85540048647368,606,1,10.0749998092651,35.1520004272461,0.0261659994721413,0,110.465698242188,-86.3079,23.4515,25.8339246766441,63,63,63,63,61,63,0,8763,1.76508096394256,23,-86,0.001869,51,2024-10-01 11:46:13.001247,606,1.037,0.0011,"aoml_navis",1029.78117128116
"7901009",48,0,1,0.024297,1,0.001869,1,114.477965349379,1,4.85534396382626,608,1,10.0329999923706,35.1459999084473,0.0242970008403063,0,110.391799926758,-86.3079,23.4515,25.8339246766441,63,63,63,63,61,63,0,8763,1.76508096394256,23,-86,0.001869,51,2024-10-01 11:46:13.001247,608,1.037,0.0011,"aoml_navis",1029.79315930065
"7901009",48,0,1,0.028035,1,0.005607,1,114.366068797835,1,4.85528965597221,610,1,9.98499965667725,35.1380004882812,0.0280349999666214,0,110.283897399902,-86.3079,23.4515,25.8339246766441,63,63,63,63,61,63,0,8763,1.76508096394256,23,-86,0.001869,51,2024-10-01 11:46:13.001247,610,1.037,0.0011,"aoml_navis",1029.8046778424
"7901009",48,0,1,0.028035,1,0.005607,1,114.347507720983,1,4.8552261950937,612,1,9.92199993133545,35.1290016174316,0.0280349999666214,0,110.265998840332,-86.3079,23.4515,25.8339246766441,63,63,63,63,61,63,0,8763,1.76508096394256,23,-86,0.001869,51,2024-10-01 11:46:13.001247,612,1.037,0.0011,"aoml_navis",1029.81813804115
"7901009",48,0,1,0.026166,1,0.003738,1,114.395524419796,1,4.855164162729,614,1,9.86900043487549,35.1220016479492,0.0261659994721413,0,110.312301635742,-86.3079,23.4515,25.8339246766441,63,63,63,63,61,63,0,8763,1.76508096394256,23,-86,0.001869,51,2024-10-01 11:46:13.001247,614,1.037,0.0011,"aoml_navis",1029.8312955889
"7901009",48,0,1,0.026166,1,0.003738,1,114.406513906475,1,4.85510091640858,616,1,9.82299995422363,35.117000579834,0.0261659994721413,0,110.322898864746,-86.3079,23.4515,25.8339246766441,63,63,63,63,61,63,0,8763,1.76508096394256,23,-86,0.001869,51,2024-10-01 11:46:13.001247,616,1.037,0.0011,"aoml_navis",1029.84471097227
"7901009",48,0,1,0.031773,1,0.009345,1,114.405896786272,1,4.85504483918203,618,1,9.7810001373291,35.1110000610352,0.0317730009555817,0,110.322303771973,-86.3079,23.4515,25.8339246766441,63,63,63,63,61,63,0,8763,1.76508096394256,23,-86,0.001869,51,2024-10-01 11:46:13.001247,618,1.037,0.0011,"aoml_navis",1029.85660598809
"7901009",48,0,1,0.028035,1,0.005607,1,114.499635762634,1,4.8549766490725,620,1,9.72900009155273,35.1059989929199,0.0280349999666214,0,110.412696838379,-86.3079,23.4515,25.8339246766441,63,63,63,63,61,63,0,8763,1.76508096394256,23,-86,0.001869,51,2024-10-01 11:46:13.001247,620,1.037,0.0011,"aoml_navis",1029.87107074041
"7901009",48,0,1,0.028035,1,0.005607,1,114.494975713928,1,4.85491764797488,622,1,9.69200038909912,35.1020011901855,0.0280349999666214,0,110.408203125,-86.3079,23.4515,25.8339246766441,63,63,63,63,61,63,0,8763,1.76508096394256,23,-86,0.001869,51,2024-10-01 11:46:13.001247,622,1.037,0.0011,"aoml_navis",1029.88358661153
"7901009",48,0,1,0.026166,1,0.003738,1,114.489271307956,1,4.8548672070447,624,1,9.66499996185303,35.0979995727539,0.0261659994721413,0,110.402702331543,-86.3079,23.4515,25.8339246766441,63,63,63,63,61,63,0,8763,1.76508096394256,23,-86,0.001869,51,2024-10-01 11:46:13.001247,624,1.037,0.0011,"aoml_navis",1029.89428686014
"7901009",48,0,1,0.029904,1,0.007476,1,114.475892458443,1,4.85481762915133,626,1,9.63899993896484,35.0940017700195,0.0299040004611015,0,110.389801025391,-86.3079,23.4515,25.8339246766441,63,63,63,63,61,63,0,8763,1.76508096394256,23,-86,0.001869,51,2024-10-01 11:46:13.001247,626,1.037,0.0011,"aoml_navis",1029.90480424577
"7901009",48,0,1,0.026166,1,0.003738,1,114.417400539786,1,4.85476328565844,628,1,9.60299968719482,35.0890007019043,0.0261659994721413,0,110.333396911621,-86.3079,23.4515,25.8339246766441,63,63,63,63,61,63,0,8763,1.76508096394256,23,-86,0.001869,51,2024-10-01 11:46:13.001247,628,1.037,0.0011,"aoml_navis",1029.91633284585
"7901009",48,0,1,0.029904,1,0.007476,1,114.373537534642,1,4.85470618583718,630,1,9.55500030517578,35.0820007324219,0.0299040004611015,0,110.29109954834,-86.3079,23.4515,25.8339246766441,63,63,63,63,61,63,0,8763,1.76508096394256,23,-86,0.001869,51,2024-10-01 11:46:13.001247,630,1.037,0.0011,"aoml_navis",1029.9284464602
"7901009",48,0,1,0.028035,1,0.005607,1,114.45193553572,1,4.854629579179,632,1,9.47500038146973,35.0730018615723,0.0280349999666214,0,110.36669921875,-86.3079,23.4515,25.8339246766441,63,63,63,63,61,63,0,8763,1.76508096394256,23,-86,0.001869,51,2024-10-01 11:46:13.001247,632,1.037,0.0011,"aoml_navis",1029.9446988591
"7901009",48,0,1,0.029904,1,0.007476,1,114.539044425806,1,4.85456803774723,634,1,9.41699981689453,35.064998626709,0.0299040004611015,0,110.450698852539,-86.3079,23.4515,25.8339246766441,63,63,63,63,61,63,0,8763,1.76508096394256,23,-86,0.001869,51,2024-10-01 11:46:13.001247,634,1.037,0.0011,"aoml_navis",1029.95775548349
"7901009",48,0,1,0.029904,1,0.007476,1,114.508140944909,1,4.85450939854828,636,1,9.39299964904785,35.0639991760254,0.0299040004611015,0,110.4208984375,-86.3079,23.4515,25.8339246766441,63,63,63,63,61,63,0,8763,1.76508096394256,23,-86,0.001869,51,2024-10-01 11:46:13.001247,636,1.037,0.0011,"aoml_navis",1029.97019667842
"7901009",48,0,1,0.028035,1,0.005607,1,114.410042568144,1,4.85445388903289,638,1,9.39900016784668,35.0690002441406,0.0280349999666214,0,110.326301574707,-86.3079,23.4515,25.8339246766441,63,63,63,63,61,63,0,8763,1.76508096394256,23,-86,0.001869,51,2024-10-01 11:46:13.001247,638,1.037,0.0011,"aoml_navis",1029.98197414048
"7901009",48,0,1,0.029904,1,0.007476,1,114.471224497939,1,4.85439474494951,640,1,9.36999988555908,35.0670013427734,0.0299040004611015,0,110.385299682617,-86.3079,23.4515,25.8339246766441,63,63,63,63,61,63,0,8763,1.76508096394256,23,-86,0.001869,51,2024-10-01 11:46:13.001247,640,1.037,0.0011,"aoml_navis",1029.99452304574
"7901009",48,0,1,0.026166,1,0.003738,1,114.499224349166,1,4.85435049982283,642,1,9.35000038146973,35.0629997253418,0.0261659994721413,0,110.412300109863,-86.3079,23.4515,25.8339246766441,63,63,63,63,61,63,0,8763,1.76508096394256,23,-86,0.001869,51,2024-10-01 11:46:13.001247,642,1.037,0.0011,"aoml_navis",1030.00391096244
"7901009",48,0,1,0.029904,1,0.007476,1,114.512081020046,1,4.85430444669767,644,1,9.34099960327148,35.0620002746582,0.0299040004611015,0,110.424697875977,-86.3079,23.4515,25.8339246766441,63,63,63,63,61,63,0,8763,1.76508096394256,23,-86,0.001869,51,2024-10-01 11:46:13.001247,644,1.037,0.0011,"aoml_navis",1030.01368268145
"7901009",48,0,1,0.026166,1,0.003738,1,114.479626826846,1,4.85426225187833,646,1,9.34099960327148,35.0620002746582,0.0261659994721413,0,110.393402099609,-86.3079,23.4515,25.8339246766441,63,63,63,63,61,63,0,8763,1.76508096394256,23,-86,0.001869,51,2024-10-01 11:46:13.001247,646,1.037,0.0011,"aoml_navis",1030.0226358939
"7901009",48,0,1,0.026166,1,0.003738,1,114.418025571786,1,4.8542192241218,648,1,9.34000015258789,35.0620002746582,0.0261659994721413,0,110.333999633789,-86.3079,23.4515,25.8339246766441,63,63,63,63,61,63,0,8763,1.76508096394256,23,-86,0.001869,51,2024-10-01 11:46:13.001247,648,1.037,0.0011,"aoml_navis",1030.03176600549
"7901009",48,0,1,0.028035,1,0.005607,1,114.375926897476,1,4.85417536226816,650,1,9.33800029754639,35.0620002746582,0.0280349999666214,0,110.293403625488,-86.3079,23.4515,25.8339246766441,63,63,63,63,61,63,0,8763,1.76508096394256,23,-86,0.001869,51,2024-10-01 11:46:13.001247,650,1.037,0.0011,"aoml_navis",1030.04107327175
"7901009",48,0,1,0.029904,1,0.007476,1,114.318677131022,1,4.85413317442376,652,1,9.33800029754639,35.0620002746582,0.0299040004611015,0,110.23819732666,-86.3079,23.4515,25.8339246766441,63,63,63,63,61,63,0,8763,1.76508096394256,23,-86,0.001869,51,2024-10-01 11:46:13.001247,652,1.037,0.0011,"aoml_navis",1030.05002548031
"7901009",48,0,1,0.026166,1,0.003738,1,114.237066940173,1,4.85408816015829,654,1,9.33899974822998,35.0629997253418,0.0261659994721413,0,110.15950012207,-86.3079,23.4515,25.8339246766441,63,63,63,63,61,63,0,8763,1.76508096394256,23,-86,0.001869,51,2024-10-01 11:46:13.001247,654,1.037,0.0011,"aoml_navis",1030.05957762353
"7901009",48,0,1,0.029904,1,0.007476,1,114.169872044305,1,4.85403980424117,656,1,9.33600044250488,35.0639991760254,0.0299040004611015,0,110.094703674316,-86.3079,23.4515,25.8339246766441,63,63,63,63,61,63,0,8763,1.76508096394256,23,-86,0.001869,51,2024-10-01 11:46:13.001247,656,1.037,0.0011,"aoml_navis",1030.06983907122
"7901009",48,0,1,0.026166,1,0.003738,1,114.062540599899,1,4.85399877872902,658,1,9.33300018310547,35.0629997253418,0.0261659994721413,0,109.991203308105,-86.3079,23.4515,25.8339246766441,63,63,63,63,61,63,0,8763,1.76508096394256,23,-86,0.001869,51,2024-10-01 11:46:13.001247,658,1.037,0.0011,"aoml_navis",1030.07854511847
"7901009",48,0,1,0.028035,1,0.005607,1,113.945042495751,1,4.8539465648024,660,1,9.32100009918213,35.0629997253418,0.0280349999666214,0,109.877899169922,-86.3079,23.4515,25.8339246766441,63,63,63,63,61,63,0,8763,1.76508096394256,23,-86,0.001869,51,2024-10-01 11:46:13.001247,660,1.037,0.0011,"aoml_navis",1030.08962567835
"7901009",48,0,1,0.029904,1,0.007476,1,113.948468304053,1,4.85386579821228,662,1,9.26599979400635,35.0610008239746,0.0299040004611015,0,109.881202697754,-86.3079,23.4515,25.8339246766441,63,63,63,63,61,63,0,8763,1.76508096394256,23,-86,0.001869,51,2024-10-01 11:46:13.001247,662,1.037,0.0011,"aoml_navis",1030.10676600114
"7901009",48,0,1,0.029904,1,0.007476,1,113.915381167055,1,4.85380963141616,664,1,9.23600006103516,35.0579986572266,0.0299040004611015,0,109.849296569824,-86.3079,23.4515,25.8339246766441,63,63,63,63,61,63,0,8763,1.76508096394256,23,-86,0.001869,51,2024-10-01 11:46:13.001247,664,1.037,0.0011,"aoml_navis",1030.11868608065
"7901009",48,0,1,0.029904,1,0.007476,1,114.024793414195,1,4.85374159223424,666,1,9.17399978637695,35.0509986877441,0.0299040004611015,0,109.954803466797,-86.3079,23.4515,25.8339246766441,63,63,63,63,61,63,0,8763,1.76508096394256,23,-86,0.001869,51,2024-10-01 11:46:13.001247,666,1.037,0.0011,"aoml_navis",1030.1331261639
"7901009",48,0,1,0.031773,1,0.009345,1,114.063782752101,1,4.85366757576089,668,1,9.10900020599365,35.0449981689453,0.0317730009555817,0,109.992401123047,-86.3079,23.4515,25.8339246766441,63,63,63,63,61,63,0,8763,1.76508096394256,23,-86,0.001869,51,2024-10-01 11:46:13.001247,668,1.037,0.0011,"aoml_navis",1030.14883527869
"7901009",48,0,1,0.026166,1,0.003738,1,113.952202672456,1,4.85362077030113,670,1,9.09899997711182,35.0439987182617,0.0261659994721413,0,109.884803771973,-86.3079,23.4515,25.8339246766441,63,63,63,63,61,63,0,8763,1.76508096394256,23,-86,0.001869,51,2024-10-01 11:46:13.001247,670,1.037,0.0011,"aoml_navis",1030.15876942726
"7901009",48,0,1,0.026166,1,0.003738,1,113.948776864154,1,4.85354958007693,672,1,9.05500030517578,35.0419998168945,0.0261659994721413,0,109.881500244141,-86.3079,23.4515,25.8339246766441,63,63,63,63,61,63,0,8763,1.76508096394256,23,-86,0.001869,51,2024-10-01 11:46:13.001247,672,1.037,0.0011,"aoml_navis",1030.17387944778
"7901009",48,0,1,0.028035,1,0.005607,1,113.886764195626,1,4.85349574996614,674,1,9.0319995880127,35.0400009155273,0.0280349999666214,0,109.821701049805,-86.3079,23.4515,25.8339246766441,63,63,63,63,61,63,0,8763,1.76508096394256,23,-86,0.001869,51,2024-10-01 11:46:13.001247,674,1.037,0.0011,"aoml_navis",1030.18530510403
"7901009",48,0,1,0.029904,1,0.007476,1,113.83813037661,1,4.85344979361845,676,1,9.02299976348877,35.0390014648438,0.0299040004611015,0,109.774803161621,-86.3079,23.4515,25.8339246766441,63,63,63,63,61,63,0,8763,1.76508096394256,23,-86,0.001869,51,2024-10-01 11:46:13.001247,676,1.037,0.0011,"aoml_navis",1030.19505972314
"7901009",48,0,1,0.028035,1,0.005607,1,113.889042793295,1,4.85339764937101,678,1,9.0019998550415,35.0369987487793,0.0280349999666214,0,109.82389831543,-86.3079,23.4515,25.8339246766441,63,63,63,63,61,63,0,8763,1.76508096394256,23,-86,0.001869,51,2024-10-01 11:46:13.001247,678,1.037,0.0011,"aoml_navis",1030.20612799942
"7901009",48,0,1,0.026166,1,0.003738,1,114.178891493415,1,4.8533195646448,680,1,8.92700004577637,35.0299987792969,0.0261659994721413,0,110.103401184082,-86.3079,23.4515,25.8339246766441,63,63,63,63,61,63,0,8763,1.76508096394256,23,-86,0.001869,51,2024-10-01 11:46:13.001247,680,1.037,0.0011,"aoml_navis",1030.22270291529
"7901009",48,0,1,0.026166,1,0.003738,1,114.422487825556,1,4.85326295141929,682,1,8.88700008392334,35.0250015258789,0.0261659994721413,0,110.338302612305,-86.3079,23.4515,25.8339246766441,63,63,63,63,61,63,0,8763,1.76508096394256,23,-86,0.001869,51,2024-10-01 11:46:13.001247,682,1.037,0.0011,"aoml_navis",1030.23472044468
"7901009",48,0,1,0.026166,1,0.003738,1,114.747694348545,1,4.8532129428823,684,1,8.85499954223633,35.0200004577637,0.0261659994721413,0,110.651901245117,-86.3079,23.4515,25.8339246766441,63,63,63,63,61,63,0,8763,1.76508096394256,23,-86,0.001869,51,2024-10-01 11:46:13.001247,684,1.037,0.0011,"aoml_navis",1030.24533620207
"7901009",48,0,1,0.031773,1,0.009345,1,115.175152941969,1,4.85315730353164,686,1,8.79800033569336,35.0110015869141,0.0317730009555817,0,111.064102172852,-86.3079,23.4515,25.8339246766441,63,63,63,63,61,63,0,8763,1.76508096394256,23,-86,0.001869,51,2024-10-01 11:46:13.001247,686,1.037,0.0011,"aoml_navis",1030.25714751951
"7901009",48,0,1,0.029904,1,0.007476,1,115.608624501465,1,4.8530901497746,688,1,8.71300029754639,34.9990005493164,0.0299040004611015,0,111.48210144043,-86.3079,23.4515,25.8339246766441,63,63,63,63,61,63,0,8763,1.76508096394256,23,-86,0.001869,51,2024-10-01 11:46:13.001247,688,1.037,0.0011,"aoml_navis",1030.27140351642
"7901009",48,0,1,0.028035,1,0.005607,1,116.074344547428,1,4.85302807250784,690,1,8.64299964904785,34.9889984130859,0.0280349999666214,0,111.931198120117,-86.3079,23.4515,25.8339246766441,63,63,63,63,61,63,0,8763,1.76508096394256,23,-86,0.001869,51,2024-10-01 11:46:13.001247,690,1.037,0.0011,"aoml_navis",1030.28458218174
"7901009",48,0,1,0.029904,1,0.007476,1,116.44217192336,1,4.852955311158,692,1,8.56400012969971,34.9799995422363,0.0299040004611015,0,112.28589630127,-86.3079,23.4515,25.8339246766441,63,63,63,63,61,63,0,8763,1.76508096394256,23,-86,0.001869,51,2024-10-01 11:46:13.001247,692,1.037,0.0011,"aoml_navis",1030.30002944884
"7901009",48,0,1,0.022428,1,0,1,116.694795616408,1,4.85290413911043,694,1,8.52999973297119,34.9749984741211,0.0224280003458261,0,112.529502868652,-86.3079,23.4515,25.8339246766441,63,63,63,63,61,63,0,8763,1.76508096394256,23,-86,0.001869,51,2024-10-01 11:46:13.001247,694,1.037,0.0011,"aoml_navis",1030.31089357486
"7901009",48,0,1,0.026166,1,0.003738,1,116.844122881757,1,4.85285718768551,696,1,8.51500034332275,34.9729995727539,0.0261659994721413,0,112.673500061035,-86.3079,23.4515,25.8339246766441,63,63,63,63,61,63,0,8763,1.76508096394256,23,-86,0.001869,51,2024-10-01 11:46:13.001247,696,1.037,0.0011,"aoml_navis",1030.32086183947
"7901009",48,0,1,0.028035,1,0.005607,1,117.055462815634,1,4.85279872780076,698,1,8.48099994659424,34.9700012207031,0.0280349999666214,0,112.877296447754,-86.3079,23.4515,25.8339246766441,63,63,63,63,61,63,0,8763,1.76508096394256,23,-86,0.001869,51,2024-10-01 11:46:13.001247,698,1.037,0.0011,"aoml_navis",1030.33327373665
"7901009",48,0,1,0.031773,1,0.009345,1,117.137808803647,1,4.85274782639669,700,1,8.46100044250488,34.9679985046387,0.0317730009555817,0,112.956703186035,-86.3079,23.4515,25.8339246766441,63,63,63,63,61,63,0,8763,1.76508096394256,23,-86,0.001869,51,2024-10-01 11:46:13.001247,700,1.037,0.0011,"aoml_navis",1030.34408110026
"7901009",48,0,1,0.028035,1,0.005607,1,117.181252483525,1,4.85269883645084,702,1,8.44799995422363,34.9669990539551,0.0280349999666214,0,112.998596191406,-86.3079,23.4515,25.8339246766441,63,63,63,63,61,63,0,8763,1.76508096394256,23,-86,0.001869,51,2024-10-01 11:46:13.001247,702,1.037,0.0011,"aoml_navis",1030.35448283803
"7901009",48,0,1,0.031773,1,0.009345,1,117.2250205471,1,4.85265463626944,704,1,8.44099998474121,34.9659996032715,0.0317730009555817,0,113.040802001953,-86.3079,23.4515,25.8339246766441,63,63,63,63,61,63,0,8763,1.76508096394256,23,-86,0.001869,51,2024-10-01 11:46:13.001247,704,1.037,0.0011,"aoml_navis",1030.36386777441
"7901009",48,0,1,0.031773,1,0.009345,1,117.363461179138,1,4.85260423284113,706,1,8.41699981689453,34.9630012512207,0.0317730009555817,0,113.174301147461,-86.3079,23.4515,25.8339246766441,63,63,63,63,61,63,0,8763,1.76508096394256,23,-86,0.001869,51,2024-10-01 11:46:13.001247,706,1.037,0.0011,"aoml_navis",1030.37457004248
"7901009",48,0,1,0.028035,1,0.005607,1,117.522749397495,1,4.85254670919172,708,1,8.38399982452393,34.9599990844727,0.0280349999666214,0,113.327903747559,-86.3079,23.4515,25.8339246766441,63,63,63,63,61,63,0,8763,1.76508096394256,23,-86,0.001869,51,2024-10-01 11:46:13.001247,708,1.037,0.0011,"aoml_navis",1030.38678443403
"7901009",48,0,1,0.029904,1,0.007476,1,117.662329328367,1,4.85248683486659,710,1,8.34799957275391,34.9570007324219,0.0299040004611015,0,113.462501525879,-86.3079,23.4515,25.8339246766441,63,63,63,63,61,63,0,8763,1.76508096394256,23,-86,0.001869,51,2024-10-01 11:46:13.001247,710,1.037,0.0011,"aoml_navis",1030.39949826829
"7901009",48,0,1,0.028035,1,0.005607,1,117.755656891261,1,4.85243839677431,712,1,8.33100032806396,34.9550018310547,0.0280349999666214,0,113.55249786377,-86.3079,23.4515,25.8339246766441,63,63,63,63,61,63,0,8763,1.76508096394256,23,-86,0.001869,51,2024-10-01 11:46:13.001247,712,1.037,0.0011,"aoml_navis",1030.40978393951
"7901009",48,0,1,0.031773,1,0.009345,1,117.961608891065,1,4.85238256874458,714,1,8.30000019073486,34.9519996643066,0.0317730009555817,0,113.751098632812,-86.3079,23.4515,25.8339246766441,63,63,63,63,61,63,0,8763,1.76508096394256,23,-86,0.001869,51,2024-10-01 11:46:13.001247,714,1.037,0.0011,"aoml_navis",1030.42163909463
"7901009",48,0,1,0.028035,1,0.005607,1,118.092588698093,1,4.85232230388291,716,1,8.26799964904785,34.9500007629395,0.0280349999666214,0,113.877403259277,-86.3079,23.4515,25.8339246766441,63,63,63,63,61,63,0,8763,1.76508096394256,23,-86,0.001869,51,2024-10-01 11:46:13.001247,716,1.037,0.0011,"aoml_navis",1030.43443672299
"7901009",48,0,1,0.028035,1,0.005607,1,118.168700189703,1,4.85227286529408,718,1,8.24499988555908,34.9469985961914,0.0280349999666214,0,113.950798034668,-86.3079,23.4515,25.8339246766441,63,63,63,63,61,63,0,8763,1.76508096394256,23,-86,0.001869,51,2024-10-01 11:46:13.001247,718,1.037,0.0011,"aoml_navis",1030.44493556052
"7901009",48,0,1,0.029904,1,0.007476,1,118.300399970301,1,4.85222054954666,720,1,8.22299957275391,34.9449996948242,0.0299040004611015,0,114.077796936035,-86.3079,23.4515,25.8339246766441,63,63,63,63,61,63,0,8763,1.76508096394256,23,-86,0.001869,51,2024-10-01 11:46:13.001247,720,1.037,0.0011,"aoml_navis",1030.45604562784
"7901009",48,0,1,0.024297,1,0.001869,1,118.39249329279,1,4.85216982729851,722,1,8.20300006866455,34.943000793457,0.0242970008403063,0,114.166603088379,-86.3079,23.4515,25.8339246766441,63,63,63,63,61,63,0,8763,1.76508096394256,23,-86,0.001869,51,2024-10-01 11:46:13.001247,722,1.037,0.0011,"aoml_navis",1030.46681751941
"7901009",48,0,1,0.033642,1,0.011214,1,118.549803561781,1,4.85211676008425,724,1,8.18000030517578,34.9410018920898,0.0336420014500618,0,114.318298339844,-86.3079,23.4515,25.8339246766441,63,63,63,63,61,63,0,8763,1.76508096394256,23,-86,0.001869,51,2024-10-01 11:46:13.001247,724,1.037,0.0011,"aoml_navis",1030.47808765286
"7901009",48,0,1,0.026166,1,0.003738,1,118.745074635007,1,4.85206975437597,726,1,8.15999984741211,34.9379997253418,0.0261659994721413,0,114.50659942627,-86.3079,23.4515,25.8339246766441,63,63,63,63,61,63,0,8763,1.76508096394256,23,-86,0.001869,51,2024-10-01 11:46:13.001247,726,1.037,0.0011,"aoml_navis",1030.48807068172
"7901009",48,0,1,0.031773,1,0.009345,1,119.043737077503,1,4.85199640409465,728,1,8.09700012207031,34.9329986572266,0.0317730009555817,0,114.79460144043,-86.3079,23.4515,25.8339246766441,63,63,63,63,61,63,0,8763,1.76508096394256,23,-86,0.001869,51,2024-10-01 11:46:13.001247,728,1.037,0.0011,"aoml_navis",1030.50364913306
"7901009",48,0,1,0.026166,1,0.003738,1,119.303607977028,1,4.85192768039088,730,1,8.03499984741211,34.9269981384277,0.0261659994721413,0,115.045196533203,-86.3079,23.4515,25.8339246766441,63,63,63,63,61,63,0,8763,1.76508096394256,23,-86,0.001869,51,2024-10-01 11:46:13.001247,730,1.037,0.0011,"aoml_navis",1030.51824539916
"7901009",48,0,1,0.03738,1,0.014952,1,119.453046007542,1,4.85187220760086,732,1,8.00399971008301,34.923999786377,0.0373799987137318,0,115.189300537109,-86.3079,23.4515,25.8339246766441,63,63,63,63,61,63,0,8763,1.76508096394256,23,-86,0.001869,51,2024-10-01 11:46:13.001247,732,1.037,0.0011,"aoml_navis",1030.53002759782
"7901009",48,0,1,0.029904,1,0.007476,1,119.544094972766,1,4.85182031477862,734,1,7.98699998855591,34.9230003356934,0.0299040004611015,0,115.277099609375,-86.3079,23.4515,25.8339246766441,63,63,63,63,61,63,0,8763,1.76508096394256,23,-86,0.001869,51,2024-10-01 11:46:13.001247,734,1.037,0.0011,"aoml_navis",1030.54104966955
"7901009",48,0,1,0.026166,1,0.003738,1,119.660240159548,1,4.85177698504214,736,1,7.98099994659424,34.9220008850098,0.0261659994721413,0,115.389099121094,-86.3079,23.4515,25.8339246766441,63,63,63,63,61,63,0,8763,1.76508096394256,23,-86,0.001869,51,2024-10-01 11:46:13.001247,736,1.037,0.0011,"aoml_navis",1030.5502531165
"7901009",48,0,1,0.029904,1,0.007476,1,119.894706277414,1,4.85172469552435,738,1,7.9539999961853,34.9189987182617,0.0299040004611015,0,115.615196228027,-86.3079,23.4515,25.8339246766441,63,63,63,63,61,63,0,8763,1.76508096394256,23,-86,0.001869,51,2024-10-01 11:46:13.001247,738,1.037,0.0011,"aoml_navis",1030.56135988351
"7901009",48,0,1,0.028035,1,0.005607,1,120.173874050957,1,4.85165634555437,740,1,7.91099977493286,34.9169998168945,0.0280349999666214,0,115.884399414062,-86.3079,23.4515,25.8339246766441,63,63,63,63,61,63,0,8763,1.76508096394256,23,-86,0.001869,51,2024-10-01 11:46:13.001247,740,1.037,0.0011,"aoml_navis",1030.57587839698
"7901009",48,0,1,0.028035,1,0.005607,1,120.300803017683,1,4.85160373649369,742,1,7.89300012588501,34.9160003662109,0.0280349999666214,0,116.006797790527,-86.3079,23.4515,25.8339246766441,63,63,63,63,61,63,0,8763,1.76508096394256,23,-86,0.001869,51,2024-10-01 11:46:13.001247,742,1.037,0.0011,"aoml_navis",1030.58705359427
"7901009",48,0,1,0.029904,1,0.007476,1,120.401496464016,1,4.85154881907691,744,1,7.87200021743774,34.9150009155273,0.0299040004611015,0,116.103897094727,-86.3079,23.4515,25.8339246766441,63,63,63,63,61,63,0,8763,1.76508096394256,23,-86,0.001869,51,2024-10-01 11:46:13.001247,744,1.037,0.0011,"aoml_navis",1030.59871939026
"7901009",48,0,1,0.028035,1,0.005607,1,120.506960724221,1,4.8515006946281,746,1,7.85500001907349,34.9129981994629,0.0280349999666214,0,116.205596923828,-86.3079,23.4515,25.8339246766441,63,63,63,63,61,63,0,8763,1.76508096394256,23,-86,0.001869,51,2024-10-01 11:46:13.001247,746,1.037,0.0011,"aoml_navis",1030.60894241164
"7901009",48,0,1,0.028035,1,0.005607,1,120.608382055921,1,4.85146183300537,748,1,7.84999990463257,34.9109992980957,0.0280349999666214,0,116.303398132324,-86.3079,23.4515,25.8339246766441,63,63,63,63,61,63,0,8763,1.76508096394256,23,-86,0.001869,51,2024-10-01 11:46:13.001247,748,1.037,0.0011,"aoml_navis",1030.61719788953
"7901009",48,0,1,0.026166,1,0.003738,1,120.77949049969,1,4.85139116657761,750,1,7.79899978637695,34.9080009460449,0.0261659994721413,0,116.468399047852,-86.3079,23.4515,25.8339246766441,63,63,63,63,61,63,0,8763,1.76508096394256,23,-86,0.001869,51,2024-10-01 11:46:13.001247,750,1.037,0.0011,"aoml_navis",1030.63221008567
"7901009",48,0,1,0.026166,1,0.003738,1,120.881014684757,1,4.85132074023311,752,1,7.72900009155273,34.9010009765625,0.0261659994721413,0,116.566299438477,-86.3079,23.4515,25.8339246766441,63,63,63,63,61,63,0,8763,1.76508096394256,23,-86,0.001869,51,2024-10-01 11:46:13.001247,752,1.037,0.0011,"aoml_navis",1030.64717171426
"7901009",48,0,1,0.029904,1,0.007476,1,121.069133493076,1,4.8512363149845,754,1,7.65000009536743,34.8959999084473,0.0299040004611015,0,116.747703552246,-86.3079,23.4515,25.8339246766441,63,63,63,63,61,63,0,8763,1.76508096394256,23,-86,0.001869,51,2024-10-01 11:46:13.001247,754,1.037,0.0011,"aoml_navis",1030.66510789343
"7901009",48,0,1,0.026166,1,0.003738,1,121.165886864272,1,4.85117147258346,756,1,7.63500022888184,34.898998260498,0.0261659994721413,0,116.841003417969,-86.3079,23.4515,25.8339246766441,63,63,63,63,61,63,0,8763,1.76508096394256,23,-86,0.001869,51,2024-10-01 11:46:13.001247,756,1.037,0.0011,"aoml_navis",1030.67888411235
"7901009",48,0,1,0.028035,1,0.005607,1,121.219805763994,1,4.85111994801496,758,1,7.6230001449585,34.898998260498,0.0280349999666214,0,116.892997741699,-86.3079,23.4515,25.8339246766441,63,63,63,63,61,63,0,8763,1.76508096394256,23,-86,0.001869,51,2024-10-01 11:46:13.001247,758,1.037,0.0011,"aoml_navis",1030.68983112775
"7901009",48,0,1,0.029904,1,0.007476,1,121.278091975916,1,4.85107376324503,760,1,7.61800003051758,34.898998260498,0.0299040004611015,0,116.949203491211,-86.3079,23.4515,25.8339246766441,63,63,63,63,61,63,0,8763,1.76508096394256,23,-86,0.001869,51,2024-10-01 11:46:13.001247,760,1.037,0.0011,"aoml_navis",1030.69964383624
"7901009",48,0,1,0.031773,1,0.009345,1,121.401911606239,1,4.85103201680981,762,1,7.61399984359741,34.8979988098145,0.0317730009555817,0,117.068603515625,-86.3079,23.4515,25.8339246766441,63,63,63,63,61,63,0,8763,1.76508096394256,23,-86,0.001869,51,2024-10-01 11:46:13.001247,762,1.037,0.0011,"aoml_navis",1030.70851370883
"7901009",48,0,1,0.029904,1,0.007476,1,121.476258767015,1,4.85098722373599,764,1,7.60599994659424,34.8969993591309,0.0299040004611015,0,117.140296936035,-86.3079,23.4515,25.8339246766441,63,63,63,63,61,63,0,8763,1.76508096394256,23,-86,0.001869,51,2024-10-01 11:46:13.001247,764,1.037,0.0011,"aoml_navis",1030.71803107105
"7901009",48,0,1,0.028035,1,0.005607,1,121.586596694458,1,4.85093938623421,766,1,7.5939998626709,34.8959999084473,0.0280349999666214,0,117.246696472168,-86.3079,23.4515,25.8339246766441,63,63,63,63,61,63,0,8763,1.76508096394256,23,-86,0.001869,51,2024-10-01 11:46:13.001247,766,1.037,0.0011,"aoml_navis",1030.72819548906
"7901009",48,0,1,0.028035,1,0.005607,1,121.694553170863,1,4.85088940245389,768,1,7.58400011062622,34.8959999084473,0.0280349999666214,0,117.350799560547,-86.3079,23.4515,25.8339246766441,63,63,63,63,61,63,0,8763,1.76508096394256,23,-86,0.001869,51,2024-10-01 11:46:13.001247,768,1.037,0.0011,"aoml_navis",1030.73881615827
"7901009",48,0,1,0.028035,1,0.005607,1,121.776479833611,1,4.85084081349156,770,1,7.57100009918213,34.8950004577637,0.0280349999666214,0,117.429801940918,-86.3079,23.4515,25.8339246766441,63,63,63,63,61,63,0,8763,1.76508096394256,23,-86,0.001869,51,2024-10-01 11:46:13.001247,770,1.037,0.0011,"aoml_navis",1030.74914066312
"7901009",48,0,1,0.033642,1,0.011214,1,121.873644618275,1,4.85079299086206,772,1,7.55900001525879,34.8940010070801,0.0336420014500618,0,117.523498535156,-86.3079,23.4515,25.8339246766441,63,63,63,63,61,63,0,8763,1.76508096394256,23,-86,0.001869,51,2024-10-01 11:46:13.001247,772,1.037,0.0011,"aoml_navis",1030.75930253446
"7901009",48,0,1,0.031773,1,0.009345,1,121.975271656709,1,4.85074365342227,774,1,7.54500007629395,34.8930015563965,0.0317730009555817,0,117.62149810791,-86.3079,23.4515,25.8339246766441,63,63,63,63,61,63,0,8763,1.76508096394256,23,-86,0.001869,51,2024-10-01 11:46:13.001247,774,1.037,0.0011,"aoml_navis",1030.76978649911
"7901009",48,0,1,0.031773,1,0.009345,1,122.072230734639,1,4.85069737488727,776,1,7.53499984741211,34.8919982910156,0.0317730009555817,0,117.714996337891,-86.3079,23.4515,25.8339246766441,63,63,63,63,61,63,0,8763,1.76508096394256,23,-86,0.001869,51,2024-10-01 11:46:13.001247,776,1.037,0.0011,"aoml_navis",1030.77962065531
"7901009",48,0,1,0.028035,1,0.005607,1,122.182465808715,1,4.85065032708441,778,1,7.52400016784668,34.890998840332,0.0280349999666214,0,117.821296691895,-86.3079,23.4515,25.8339246766441,63,63,63,63,61,63,0,8763,1.76508096394256,23,-86,0.001869,51,2024-10-01 11:46:13.001247,778,1.037,0.0011,"aoml_navis",1030.78961847274
"7901009",48,0,1,0.028035,1,0.005607,1,122.321950798017,1,4.8505979719635,780,1,7.50600004196167,34.8899993896484,0.0280349999666214,0,117.95580291748,-86.3079,23.4515,25.8339246766441,63,63,63,63,61,63,0,8763,1.76508096394256,23,-86,0.001869,51,2024-10-01 11:46:13.001247,780,1.037,0.0011,"aoml_navis",1030.80074434122
"7901009",48,0,1,0.031773,1,0.009345,1,122.468896612329,1,4.85054790264153,782,1,7.49100017547607,34.8889999389648,0.0317730009555817,0,118.097503662109,-86.3079,23.4515,25.8339246766441,63,63,63,63,61,63,0,8763,1.76508096394256,23,-86,0.001869,51,2024-10-01 11:46:13.001247,782,1.037,0.0011,"aoml_navis",1030.81138468442
"7901009",48,0,1,0.029904,1,0.007476,1,122.603602875964,1,4.85050162902136,784,1,7.48099994659424,34.8880004882812,0.0299040004611015,0,118.227401733398,-86.3079,23.4515,25.8339246766441,63,63,63,63,61,63,0,8763,1.76508096394256,23,-86,0.001869,51,2024-10-01 11:46:13.001247,784,1.037,0.0011,"aoml_navis",1030.82121858988
"7901009",48,0,1,0.033642,1,0.011214,1,122.818162911409,1,4.85045460171116,786,1,7.46999979019165,34.8870010375977,0.0336420014500618,0,118.434303283691,-86.3079,23.4515,25.8339246766441,63,63,63,63,61,63,0,8763,1.76508096394256,23,-86,0.001869,51,2024-10-01 11:46:13.001247,786,1.037,0.0011,"aoml_navis",1030.83121285912
"7901009",48,0,1,0.029904,1,0.007476,1,123.187857471542,1,4.85040434826193,788,1,7.44500017166138,34.8839988708496,0.0299040004611015,0,118.790802001953,-86.3079,23.4515,25.8339246766441,63,63,63,63,61,63,0,8763,1.76508096394256,23,-86,0.001869,51,2024-10-01 11:46:13.001247,788,1.037,0.0011,"aoml_navis",1030.84189296335
"7901009",48,0,1,0.029904,1,0.007476,1,123.532661516852,1,4.85034947424895,790,1,7.40899991989136,34.8800010681152,0.0299040004611015,0,119.12329864502,-86.3079,23.4515,25.8339246766441,63,63,63,63,61,63,0,8763,1.76508096394256,23,-86,0.001869,51,2024-10-01 11:46:13.001247,790,1.037,0.0011,"aoml_navis",1030.85355530474
"7901009",48,0,1,0.026166,1,0.003738,1,123.821473771504,1,4.85029165632901,792,1,7.36899995803833,34.8759994506836,0.0261659994721413,0,119.401802062988,-86.3079,23.4515,25.8339246766441,63,63,63,63,61,63,0,8763,1.76508096394256,23,-86,0.001869,51,2024-10-01 11:46:13.001247,792,1.037,0.0011,"aoml_navis",1030.86584359842
"7901009",48,0,1,0.033642,1,0.011214,1,123.97857833376,1,4.85024015639538,794,1,7.35200023651123,34.875,0.0336420014500618,0,119.553298950195,-86.3079,23.4515,25.8339246766441,63,63,63,63,61,63,0,8763,1.76508096394256,23,-86,0.001869,51,2024-10-01 11:46:13.001247,794,1.037,0.0011,"aoml_navis",1030.87678934973
"7901009",48,0,1,0.029904,1,0.007476,1,124.231613440277,1,4.85019760367888,796,1,7.34200000762939,34.8730010986328,0.0299040004611015,0,119.797302246094,-86.3079,23.4515,25.8339246766441,63,63,63,63,61,63,0,8763,1.76508096394256,23,-86,0.001869,51,2024-10-01 11:46:13.001247,796,1.037,0.0011,"aoml_navis",1030.88583364263
"7901009",48,0,1,0.029904,1,0.007476,1,124.558892854202,1,4.85015131132307,798,1,7.3270001411438,34.8709983825684,0.0299040004611015,0,120.112899780273,-86.3079,23.4515,25.8339246766441,63,63,63,63,61,63,0,8763,1.76508096394256,23,-86,0.001869,51,2024-10-01 11:46:13.001247,798,1.037,0.0011,"aoml_navis",1030.89567295088
"7901009",48,0,1,0.029904,1,0.007476,1,125.030736631402,1,4.85007944267929,800,1,7.27299976348877,34.8680000305176,0.0299040004611015,0,120.567901611328,-86.3079,23.4515,25.8339246766441,63,63,63,63,61,63,0,8763,1.76508096394256,23,-86,0.001869,51,2024-10-01 11:46:13.001247,800,1.037,0.0011,"aoml_navis",1030.91094879837
"7901009",48,0,1,0.029904,1,0.007476,1,125.447617151615,1,4.85001074575885,802,1,7.22800016403198,34.8660011291504,0.0299040004611015,0,120.969902038574,-86.3079,23.4515,25.8339246766441,63,63,63,63,61,63,0,8763,1.76508096394256,23,-86,0.001869,51,2024-10-01 11:46:13.001247,802,1.037,0.0011,"aoml_navis",1030.92555091188
"7901009",48,0,1,0.028035,1,0.005607,1,125.776660896375,1,4.84995407212039,804,1,7.19899988174438,34.8639984130859,0.0280349999666214,0,121.287200927734,-86.3079,23.4515,25.8339246766441,63,63,63,63,61,63,0,8763,1.76508096394256,23,-86,0.001869,51,2024-10-01 11:46:13.001247,804,1.037,0.0011,"aoml_navis",1030.93759768616
"7901009",48,0,1,0.031773,1,0.009345,1,126.065576004394,1,4.84988997634085,806,1,7.15999984741211,34.8619995117188,0.0317730009555817,0,121.565803527832,-86.3079,23.4515,25.8339246766441,63,63,63,63,61,63,0,8763,1.76508096394256,23,-86,0.001869,51,2024-10-01 11:46:13.001247,806,1.037,0.0011,"aoml_navis",1030.95122247957
"7901009",48,0,1,0.024297,1,0.001869,1,126.24518171864,1,4.84984451362061,808,1,7.14599990844727,34.8600006103516,0.0242970008403063,0,121.738998413086,-86.3079,23.4515,25.8339246766441,63,63,63,63,61,63,0,8763,1.76508096394256,23,-86,0.001869,51,2024-10-01 11:46:13.001247,808,1.037,0.0011,"aoml_navis",1030.96088667537
"7901009",48,0,1,0.028035,1,0.005607,1,126.46824693636,1,4.84979315359778,810,1,7.12900018692017,34.859001159668,0.0280349999666214,0,121.9541015625,-86.3079,23.4515,25.8339246766441,63,63,63,63,61,63,0,8763,1.76508096394256,23,-86,0.001869,51,2024-10-01 11:46:13.001247,810,1.037,0.0011,"aoml_navis",1030.9718047028
"7901009",48,0,1,0.026166,1,0.003738,1,126.7764430948,1,4.84974477251397,812,1,7.11600017547607,34.8580017089844,0.0261659994721413,0,122.25129699707,-86.3079,23.4515,25.8339246766441,63,63,63,63,61,63,0,8763,1.76508096394256,23,-86,0.001869,51,2024-10-01 11:46:13.001247,812,1.037,0.0011,"aoml_navis",1030.9820896839
"7901009",48,0,1,0.028035,1,0.005607,1,127.095850270248,1,4.84969047798203,814,1,7.09499979019165,34.8569984436035,0.0280349999666214,0,122.559303283691,-86.3079,23.4515,25.8339246766441,63,63,63,63,61,63,0,8763,1.76508096394256,23,-86,0.001869,51,2024-10-01 11:46:13.001247,814,1.037,0.0011,"aoml_navis",1030.99363200608
"7901009",48,0,1,0.029904,1,0.007476,1,127.394196240845,1,4.84963544561844,816,1,7.07299995422363,34.8559989929199,0.0299040004611015,0,122.84700012207,-86.3079,23.4515,25.8339246766441,63,63,63,63,61,63,0,8763,1.76508096394256,23,-86,0.001869,51,2024-10-01 11:46:13.001247,816,1.037,0.0011,"aoml_navis",1031.00533144556
"7901009",48,0,1,0.028035,1,0.005607,1,127.541553468625,1,4.84957825788477,818,1,7.05800008773804,34.8569984436035,0.0280349999666214,0,122.989097595215,-86.3079,23.4515,25.8339246766441,63,63,63,63,61,63,0,8763,1.76508096394256,23,-86,0.001869,51,2024-10-01 11:46:13.001247,818,1.037,0.0011,"aoml_navis",1031.01748938079
"7901009",48,0,1,0.028035,1,0.005607,1,127.566443983449,1,4.84952840970409,820,1,7.03800010681152,34.8549995422363,0.0280349999666214,0,123.01309967041,-86.3079,23.4515,25.8339246766441,63,63,63,63,61,63,0,8763,1.76508096394256,23,-86,0.001869,51,2024-10-01 11:46:13.001247,820,1.037,0.0011,"aoml_navis",1031.02808718365
"7901009",48,0,1,0.031773,1,0.009345,1,127.576191317926,1,4.84948378381269,822,1,7.03499984741211,34.8549995422363,0.0317730009555817,0,123.022499084473,-86.3079,23.4515,25.8339246766441,63,63,63,63,61,63,0,8763,1.76508096394256,23,-86,0.001869,51,2024-10-01 11:46:13.001247,822,1.037,0.0011,"aoml_navis",1031.03757490431
"7901009",48,0,1,0.028035,1,0.005607,1,127.571420504054,1,4.84943546421652,824,1,7.02699995040894,34.8549995422363,0.0280349999666214,0,123.01789855957,-86.3079,23.4515,25.8339246766441,63,63,63,63,61,63,0,8763,1.76508096394256,23,-86,0.001869,51,2024-10-01 11:46:13.001247,824,1.037,0.0011,"aoml_navis",1031.04784812469
"7901009",48,0,1,0.026166,1,0.003738,1,127.566032569981,1,4.84939305947647,826,1,7.02699995040894,34.8549995422363,0.0261659994721413,0,123.012702941895,-86.3079,23.4515,25.8339246766441,63,63,63,63,61,63,0,8763,1.76508096394256,23,-86,0.001869,51,2024-10-01 11:46:13.001247,826,1.037,0.0011,"aoml_navis",1031.05686395728
"7901009",48,0,1,0.029904,1,0.007476,1,127.607506212291,1,4.84934920017425,828,1,7.03000020980835,34.8559989929199,0.0299040004611015,0,123.052696228027,-86.3079,23.4515,25.8339246766441,63,63,63,63,61,63,0,8763,1.76508096394256,23,-86,0.001869,51,2024-10-01 11:46:13.001247,828,1.037,0.0011,"aoml_navis",1031.06618921573
"7901009",48,0,1,0.026166,1,0.003738,1,127.804850176453,1,4.84929794807059,830,1,7.02299976348877,34.8569984436035,0.0261659994721413,0,123.24299621582,-86.3079,23.4515,25.8339246766441,63,63,63,63,61,63,0,8763,1.76508096394256,23,-86,0.001869,51,2024-10-01 11:46:13.001247,830,1.037,0.0011,"aoml_navis",1031.07708652741
"7901009",48,0,1,0.028035,1,0.005607,1,128.00230490578,1,4.84924889602773,832,1,7.01399993896484,34.8569984436035,0.0280349999666214,0,123.433403015137,-86.3079,23.4515,25.8339246766441,63,63,63,63,61,63,0,8763,1.76508096394256,23,-86,0.001869,51,2024-10-01 11:46:13.001247,832,1.037,0.0011,"aoml_navis",1031.08751627407
"7901009",48,0,1,0.029904,1,0.007476,1,128.331554357274,1,4.84920278386165,834,1,7.00400018692017,34.8559989929199,0.0299040004611015,0,123.750900268555,-86.3079,23.4515,25.8339246766441,63,63,63,63,61,63,0,8763,1.76508096394256,23,-86,0.001869,51,2024-10-01 11:46:13.001247,834,1.037,0.0011,"aoml_navis",1031.09732111848
"7901009",48,0,1,0.029904,1,0.007476,1,128.821437032694,1,4.84913820751287,836,1,6.95900011062622,34.8530006408691,0.0299040004611015,0,124.223297119141,-86.3079,23.4515,25.8339246766441,63,63,63,63,61,63,0,8763,1.76508096394256,23,-86,0.001869,51,2024-10-01 11:46:13.001247,836,1.037,0.0011,"aoml_navis",1031.1110523213
"7901009",48,0,1,0.028035,1,0.005607,1,129.10692633241,1,4.84907224559378,838,1,6.92700004577637,34.8530006408691,0.0280349999666214,0,124.498596191406,-86.3079,23.4515,25.8339246766441,63,63,63,63,61,63,0,8763,1.76508096394256,23,-86,0.001869,51,2024-10-01 11:46:13.001247,838,1.037,0.0011,"aoml_navis",1031.12507852267
"7901009",48,0,1,0.026166,1,0.003738,1,129.342539660909,1,4.84901587132014,840,1,6.90799999237061,34.8530006408691,0.0261659994721413,0,124.725799560547,-86.3079,23.4515,25.8339246766441,63,63,63,63,61,63,0,8763,1.76508096394256,23,-86,0.001869,51,2024-10-01 11:46:13.001247,840,1.037,0.0011,"aoml_navis",1031.13706630099
"7901009",48,0,1,0.028035,1,0.005607,1,129.501827879266,1,4.84896758680723,842,1,6.90000009536743,34.8530006408691,0.0280349999666214,0,124.879402160645,-86.3079,23.4515,25.8339246766441,63,63,63,63,61,63,0,8763,1.76508096394256,23,-86,0.001869,51,2024-10-01 11:46:13.001247,842,1.037,0.0011,"aoml_navis",1031.14733404358
"7901009",48,0,1,0.026166,1,0.003738,1,129.745732771508,1,4.84891343183357,844,1,6.88399982452393,34.8530006408691,0.0261659994721413,0,125.114601135254,-86.3079,23.4515,25.8339246766441,63,63,63,63,61,63,0,8763,1.76508096394256,23,-86,0.001869,51,2024-10-01 11:46:13.001247,844,1.037,0.0011,"aoml_navis",1031.15885038791
"7901009",48,0,1,0.029904,1,0.007476,1,130.002913659896,1,4.84886222917831,846,1,6.86700010299683,34.8520011901855,0.0299040004611015,0,125.362602233887,-86.3079,23.4515,25.8339246766441,63,63,63,63,61,63,0,8763,1.76508096394256,23,-86,0.001869,51,2024-10-01 11:46:13.001247,846,1.037,0.0011,"aoml_navis",1031.16973914256
"7901009",48,0,1,0.033642,1,0.011214,1,130.278655625136,1,4.84881322272237,848,1,6.85799980163574,34.8520011901855,0.0336420014500618,0,125.62850189209,-86.3079,23.4515,25.8339246766441,63,63,63,63,61,63,0,8763,1.76508096394256,23,-86,0.001869,51,2024-10-01 11:46:13.001247,848,1.037,0.0011,"aoml_navis",1031.18016106893
"7901009",48,0,1,0.028035,1,0.005607,1,130.608324401896,1,4.84876130323445,850,1,6.84000015258789,34.851001739502,0.0280349999666214,0,125.946403503418,-86.3079,23.4515,25.8339246766441,63,63,63,63,61,63,0,8763,1.76508096394256,23,-86,0.001869,51,2024-10-01 11:46:13.001247,850,1.037,0.0011,"aoml_navis",1031.19120272319
"7901009",48,0,1,0.024297,1,0.001869,1,130.958207821177,1,4.8487005988253,852,1,6.81500005722046,34.851001739502,0.0242970008403063,0,126.283798217773,-86.3079,23.4515,25.8339246766441,63,63,63,63,61,63,0,8763,1.76508096394256,23,-86,0.001869,51,2024-10-01 11:46:13.001247,852,1.037,0.0011,"aoml_navis",1031.20411295582
"7901009",48,0,1,0.028035,1,0.005607,1,131.240690637857,1,4.84865091340711,854,1,6.80000019073486,34.8499984741211,0.0280349999666214,0,126.556198120117,-86.3079,23.4515,25.8339246766441,63,63,63,63,61,63,0,8763,1.76508096394256,23,-86,0.001869,51,2024-10-01 11:46:13.001247,854,1.037,0.0011,"aoml_navis",1031.21467997921
"7901009",48,0,1,0.031773,1,0.009345,1,131.530120012711,1,4.84860341242454,856,1,6.78800010681152,34.8489990234375,0.0317730009555817,0,126.835296630859,-86.3079,23.4515,25.8339246766441,63,63,63,63,61,63,0,8763,1.76508096394256,23,-86,0.001869,51,2024-10-01 11:46:13.001247,856,1.037,0.0011,"aoml_navis",1031.22478262246
"7901009",48,0,1,0.031773,1,0.009345,1,132.00228026181,1,4.8485478904749,858,1,6.7649998664856,34.8479995727539,0.0317730009555817,0,127.290603637695,-86.3079,23.4515,25.8339246766441,63,63,63,63,61,63,0,8763,1.76508096394256,23,-86,0.001869,51,2024-10-01 11:46:13.001247,858,1.037,0.0011,"aoml_navis",1031.23659143857
"7901009",48,0,1,0.029904,1,0.007476,1,132.497036604468,1,4.8485011653065,860,1,6.74900007247925,34.8460006713867,0.0299040004611015,0,127.767700195312,-86.3079,23.4515,25.8339246766441,63,63,63,63,61,63,0,8763,1.76508096394256,23,-86,0.001869,51,2024-10-01 11:46:13.001247,860,1.037,0.0011,"aoml_navis",1031.2465295002
"7901009",48,0,1,0.028035,1,0.005607,1,133.010053375675,1,4.84843181576292,862,1,6.71199989318848,34.8460006713867,0.0280349999666214,0,128.262405395508,-86.3079,23.4515,25.8339246766441,63,63,63,63,61,63,0,8763,1.76508096394256,23,-86,0.001869,51,2024-10-01 11:46:13.001247,862,1.037,0.0011,"aoml_navis",1031.26127993474
"7901009",48,0,1,0.033642,1,0.011214,1,133.420185132651,1,4.84837123138578,864,1,6.68699979782104,34.8460006713867,0.0336420014500618,0,128.657897949219,-86.3079,23.4515,25.8339246766441,63,63,63,63,61,63,0,8763,1.76508096394256,23,-86,0.001869,51,2024-10-01 11:46:13.001247,864,1.037,0.0011,"aoml_navis",1031.2741663907
"7901009",48,0,1,0.033642,1,0.011214,1,133.787609006912,1,4.84831061981347,866,1,6.66699981689453,34.8470001220703,0.0336420014500618,0,129.01220703125,-86.3079,23.4515,25.8339246766441,63,63,63,63,61,63,0,8763,1.76508096394256,23,-86,0.001869,51,2024-10-01 11:46:13.001247,866,1.037,0.0011,"aoml_navis",1031.28705895341
"7901009",48,0,1,0.028035,1,0.005607,1,134.011797699872,1,4.84825799550756,868,1,6.65799999237061,34.8479995727539,0.0280349999666214,0,129.228393554688,-86.3079,23.4515,25.8339246766441,63,63,63,63,61,63,0,8763,1.76508096394256,23,-86,0.001869,51,2024-10-01 11:46:13.001247,868,1.037,0.0011,"aoml_navis",1031.29825282257
"7901009",48,0,1,0.033642,1,0.011214,1,134.192455683181,1,4.84819812848862,870,1,6.63899993896484,34.8489990234375,0.0336420014500618,0,129.402603149414,-86.3079,23.4515,25.8339246766441,63,63,63,63,61,63,0,8763,1.76508096394256,23,-86,0.001869,51,2024-10-01 11:46:13.001247,870,1.037,0.0011,"aoml_navis",1031.31098760576
"7901009",48,0,1,0.029904,1,0.007476,1,134.368841295859,1,4.84814696114293,872,1,6.63199996948242,34.8499984741211,0.0299040004611015,0,129.572692871094,-86.3079,23.4515,25.8339246766441,63,63,63,63,61,63,0,8763,1.76508096394256,23,-86,0.001869,51,2024-10-01 11:46:13.001247,872,1.037,0.0011,"aoml_navis",1031.32187206249
"7901009",48,0,1,0.029904,1,0.007476,1,134.552505762205,1,4.84810092098276,874,1,6.6269998550415,34.8499984741211,0.0299040004611015,0,129.749801635742,-86.3079,23.4515,25.8339246766441,63,63,63,63,61,63,0,8763,1.76508096394256,23,-86,0.001869,51,2024-10-01 11:46:13.001247,874,1.037,0.0011,"aoml_navis",1031.33166604676
"7901009",48,0,1,0.028035,1,0.005607,1,134.79558782751,1,4.84804909175342,876,1,6.61399984359741,34.8499984741211,0.0280349999666214,0,129.98420715332,-86.3079,23.4515,25.8339246766441,63,63,63,63,61,63,0,8763,1.76508096394256,23,-86,0.001869,51,2024-10-01 11:46:13.001247,876,1.037,0.0011,"aoml_navis",1031.34269174482
"7901009",48,0,1,0.031773,1,0.009345,1,134.926971136209,1,4.84799068532543,878,1,6.59700012207031,34.851001739502,0.0317730009555817,0,130.110900878906,-86.3079,23.4515,25.8339246766441,63,63,63,63,61,63,0,8763,1.76508096394256,23,-86,0.001869,51,2024-10-01 11:46:13.001247,878,1.037,0.0011,"aoml_navis",1031.35511690125
"7901009",48,0,1,0.031773,1,0.009345,1,135.042293496055,1,4.84794537491484,880,1,6.59299993515015,34.851001739502,0.0317730009555817,0,130.222106933594,-86.3079,23.4515,25.8339246766441,63,63,63,63,61,63,0,8763,1.76508096394256,23,-86,0.001869,51,2024-10-01 11:46:13.001247,880,1.037,0.0011,"aoml_navis",1031.36475626808
"7901009",48,0,1,0.028035,1,0.005607,1,135.213805441495,1,4.84790664950228,882,1,6.59299993515015,34.8499984741211,0.0280349999666214,0,130.387496948242,-86.3079,23.4515,25.8339246766441,63,63,63,63,61,63,0,8763,1.76508096394256,23,-86,0.001869,51,2024-10-01 11:46:13.001247,882,1.037,0.0011,"aoml_navis",1031.37299488086
"7901009",48,0,1,0.029904,1,0.007476,1,135.419243174464,1,4.8478606692148,884.099975585938,1,6.59100008010864,34.8499984741211,0.0299040004611015,0,130.585601806641,-86.3079,23.4515,25.8339246766441,63,63,63,63,61,63,0,8763,1.76508096394256,23,-86,0.001869,51,2024-10-01 11:46:13.001247,884.099975585938,1.037,0.0011,"aoml_navis",1031.38277709822
"7901009",48,0,1,0.029904,1,0.007476,1,135.818187649824,1,4.8478146529746,886,1,6.57800006866455,34.8489990234375,0.0299040004611015,0,130.970306396484,-86.3079,23.4515,25.8339246766441,63,63,63,63,61,63,0,8763,1.76508096394256,23,-86,0.001869,51,2024-10-01 11:46:13.001247,886,1.037,0.0011,"aoml_navis",1031.39256715024
"7901009",48,0,1,0.028035,1,0.005607,1,136.253526393522,1,4.84775122601226,888,1,6.55399990081787,34.8499984741211,0.0280349999666214,0,131.390106201172,-86.3079,23.4515,25.8339246766441,63,63,63,63,61,63,0,8763,1.76508096394256,23,-86,0.001869,51,2024-10-01 11:46:13.001247,888,1.037,0.0011,"aoml_navis",1031.4060616747
"7901009",48,0,1,0.029904,1,0.007476,1,136.766115927666,1,4.84769661583954,890,1,6.53200006484985,34.8489990234375,0.0299040004611015,0,131.884399414062,-86.3079,23.4515,25.8339246766441,63,63,63,63,61,63,0,8763,1.76508096394256,23,-86,0.001869,51,2024-10-01 11:46:13.001247,890,1.037,0.0011,"aoml_navis",1031.41768064916
"7901009",48,0,1,0.029904,1,0.007476,1,137.098474715563,1,4.84763330736977,892,1,6.50299978256226,34.8489990234375,0.0299040004611015,0,132.204895019531,-86.3079,23.4515,25.8339246766441,63,63,63,63,61,63,0,8763,1.76508096394256,23,-86,0.001869,51,2024-10-01 11:46:13.001247,892,1.037,0.0011,"aoml_navis",1031.43115061912
"7901009",48,0,1,0.028035,1,0.005607,1,137.45676837555,1,4.84758297321386,894,1,6.49200010299683,34.8489990234375,0.0280349999666214,0,132.550399780273,-86.3079,23.4515,25.8339246766441,63,63,63,63,61,63,0,8763,1.76508096394256,23,-86,0.001869,51,2024-10-01 11:46:13.001247,894,1.037,0.0011,"aoml_navis",1031.44186033088
"7901009",48,0,1,0.033642,1,0.011214,1,137.940543143327,1,4.8475298505503,896,1,6.47200012207031,34.8479995727539,0.0336420014500618,0,133.016906738281,-86.3079,23.4515,25.8339246766441,63,63,63,63,61,63,0,8763,1.76508096394256,23,-86,0.001869,51,2024-10-01 11:46:13.001247,896,1.037,0.0011,"aoml_navis",1031.45316360092
"7901009",48,0,1,0.028035,1,0.005607,1,138.469826570121,1,4.84748176828365,898,1,6.45900011062622,34.8470001220703,0.0280349999666214,0,133.527297973633,-86.3079,23.4515,25.8339246766441,63,63,63,63,61,63,0,8763,1.76508096394256,23,-86,0.001869,51,2024-10-01 11:46:13.001247,898,1.037,0.0011,"aoml_navis",1031.46339460506
"7901009",48,0,1,0.033642,1,0.011214,1,139.059682718305,1,4.84739562266886,900,1,6.39799976348877,34.8470001220703,0.0336420014500618,0,134.096099853516,-86.3079,23.4515,25.8339246766441,63,63,63,63,61,63,0,8763,1.76508096394256,23,-86,0.001869,51,2024-10-01 11:46:13.001247,900,1.037,0.0011,"aoml_navis",1031.48172528306
"7901009",48,0,1,0.026166,1,0.003738,1,139.382088464992,1,4.8473440007092,902,1,6.38000011444092,34.8460006713867,0.0261659994721413,0,134.406997680664,-86.3079,23.4515,25.8339246766441,63,63,63,63,61,63,0,8763,1.76508096394256,23,-86,0.001869,51,2024-10-01 11:46:13.001247,902,1.037,0.0011,"aoml_navis",1031.4927100838
"7901009",48,0,1,0.031773,1,0.009345,1,139.744417141686,1,4.84729156894618,904,1,6.36600017547607,34.8460006713867,0.0317730009555817,0,134.756393432617,-86.3079,23.4515,25.8339246766441,63,63,63,63,61,63,0,8763,1.76508096394256,23,-86,0.001869,51,2024-10-01 11:46:13.001247,904,1.037,0.0011,"aoml_navis",1031.50386744468
"7901009",48,0,1,0.033642,1,0.011214,1,140.064243642399,1,4.84723700317187,906,1,6.34899997711182,34.8460006713867,0.0336420014500618,0,135.064804077148,-86.3079,23.4515,25.8339246766441,63,63,63,63,61,63,0,8763,1.76508096394256,23,-86,0.001869,51,2024-10-01 11:46:13.001247,906,1.037,0.0011,"aoml_navis",1031.51547917466
"7901009",48,0,1,0.028035,1,0.005607,1,140.365176770767,1,4.84718957858552,908,1,6.34200000762939,34.8460006713867,0.0280349999666214,0,135.354995727539,-86.3079,23.4515,25.8339246766441,63,63,63,63,61,63,0,8763,1.76508096394256,23,-86,0.001869,51,2024-10-01 11:46:13.001247,908,1.037,0.0011,"aoml_navis",1031.52557145476
"7901009",48,0,1,0.029904,1,0.007476,1,140.753028906082,1,4.84713063689425,910,1,6.32399988174438,34.8470001220703,0.0299040004611015,0,135.72900390625,-86.3079,23.4515,25.8339246766441,63,63,63,63,61,63,0,8763,1.76508096394256,23,-86,0.001869,51,2024-10-01 11:46:13.001247,910,1.037,0.0011,"aoml_navis",1031.53811492972
"7901009",48,0,1,0.028035,1,0.005607,1,141.136102315728,1,4.84706814780573,912,1,6.30100011825562,34.8479995727539,0.0280349999666214,0,136.098403930664,-86.3079,23.4515,25.8339246766441,63,63,63,63,61,63,0,8763,1.76508096394256,23,-86,0.001869,51,2024-10-01 11:46:13.001247,912,1.037,0.0011,"aoml_navis",1031.55141366508
"7901009",48,0,1,0.026166,1,0.003738,1,141.32970399969,1,4.84701136566939,914,1,6.28599977493286,34.8489990234375,0.0261659994721413,0,136.285095214844,-86.3079,23.4515,25.8339246766441,63,63,63,63,61,63,0,8763,1.76508096394256,23,-86,0.001869,51,2024-10-01 11:46:13.001247,914,1.037,0.0011,"aoml_navis",1031.56349816182
"7901009",48,0,1,0.029904,1,0.007476,1,141.496247336322,1,4.84696537805219,916,1,6.2810001373291,34.8489990234375,0.0299040004611015,0,136.445693969727,-86.3079,23.4515,25.8339246766441,63,63,63,63,61,63,0,8763,1.76508096394256,23,-86,0.001869,51,2024-10-01 11:46:13.001247,916,1.037,0.0011,"aoml_navis",1031.57328555322
"7901009",48,0,1,0.029904,1,0.007476,1,141.802592134155,1,4.8469150036368,918,1,6.27500009536743,34.8499984741211,0.0299040004611015,0,136.741104125977,-86.3079,23.4515,25.8339246766441,63,63,63,63,61,63,0,8763,1.76508096394256,23,-86,0.001869,51,2024-10-01 11:46:13.001247,918,1.037,0.0011,"aoml_navis",1031.58400678542
"7901009",48,0,1,0.026166,1,0.003738,1,142.19053921104,1,4.84685466921047,920,1,6.25500011444092,34.851001739502,0.0261659994721413,0,137.115203857422,-86.3079,23.4515,25.8339246766441,63,63,63,63,61,63,0,8763,1.76508096394256,23,-86,0.001869,51,2024-10-01 11:46:13.001247,920,1.037,0.0011,"aoml_navis",1031.59684810902
"7901009",48,0,1,0.029904,1,0.007476,1,142.456739548537,1,4.84679933062081,922,1,6.24200010299683,34.8520011901855,0.0299040004611015,0,137.37190246582,-86.3079,23.4515,25.8339246766441,63,63,63,63,61,63,0,8763,1.76508096394256,23,-86,0.001869,51,2024-10-01 11:46:13.001247,922,1.037,0.0011,"aoml_navis",1031.60862642101
"7901009",48,0,1,0.028035,1,0.005607,1,142.67595963269,1,4.84673464721141,924,1,6.22100019454956,34.8540000915527,0.0280349999666214,0,137.583297729492,-86.3079,23.4515,25.8339246766441,63,63,63,63,61,63,0,8763,1.76508096394256,23,-86,0.001869,51,2024-10-01 11:46:13.001247,924,1.037,0.0011,"aoml_navis",1031.62239403322
"7901009",48,0,1,0.024297,1,0.001869,1,142.815333856828,1,4.84668937995775,926,1,6.21700000762939,34.8540000915527,0.0242970008403063,0,137.717697143555,-86.3079,23.4515,25.8339246766441,63,63,63,63,61,63,0,8763,1.76508096394256,23,-86,0.001869,51,2024-10-01 11:46:13.001247,926,1.037,0.0011,"aoml_navis",1031.63202921075
"7901009",48,0,1,0.035511,1,0.013083,1,142.920592410298,1,4.84663831066693,928,1,6.21000003814697,34.8549995422363,0.0355109982192516,0,137.819198608398,-86.3079,23.4515,25.8339246766441,63,63,63,63,61,63,0,8763,1.76508096394256,23,-86,0.001869,51,2024-10-01 11:46:13.001247,928,1.037,0.0011,"aoml_navis",1031.64289957341
"7901009",48,0,1,0.029904,1,0.007476,1,142.984677969762,1,4.84659021748443,930.099975585938,1,6.20499992370605,34.8549995422363,0.0299040004611015,0,137.880996704102,-86.3079,23.4515,25.8339246766441,63,63,63,63,61,63,0,8763,1.76508096394256,23,-86,0.001869,51,2024-10-01 11:46:13.001247,930.099975585938,1.037,0.0011,"aoml_navis",1031.65313666547
"7901009",48,0,1,0.029904,1,0.007476,1,143.027195969338,1,4.84654920325708,932,1,6.2039999961853,34.8549995422363,0.0299040004611015,0,137.921997070312,-86.3079,23.4515,25.8339246766441,63,63,63,63,61,63,0,8763,1.76508096394256,23,-86,0.001869,51,2024-10-01 11:46:13.001247,932,1.037,0.0011,"aoml_navis",1031.661867095
"7901009",48,0,1,0.026166,1,0.003738,1,143.114937803221,1,4.84650536138858,934,1,6.2020001411438,34.8549995422363,0.0261659994721413,0,138.006607055664,-86.3079,23.4515,25.8339246766441,63,63,63,63,61,63,0,8763,1.76508096394256,23,-86,0.001869,51,2024-10-01 11:46:13.001247,934,1.037,0.0011,"aoml_navis",1031.67119958936
"7901009",48,0,1,0.028035,1,0.005607,1,143.191365766731,1,4.84646010313142,936,1,6.19799995422363,34.8549995422363,0.0280349999666214,0,138.080307006836,-86.3079,23.4515,25.8339246766441,63,63,63,63,61,63,0,8763,1.76508096394256,23,-86,0.001869,51,2024-10-01 11:46:13.001247,936,1.037,0.0011,"aoml_navis",1031.68083376347
"7901009",48,0,1,0.031773,1,0.009345,1,143.253473376828,1,4.84641555596865,938,1,6.19500017166138,34.8549995422363,0.0317730009555817,0,138.140197753906,-86.3079,23.4515,25.8339246766441,63,63,63,63,61,63,0,8763,1.76508096394256,23,-86,0.001869,51,2024-10-01 11:46:13.001247,938,1.037,0.0011,"aoml_navis",1031.69031674186
"7901009",48,0,1,0.031773,1,0.009345,1,143.314030274623,1,4.84637171935692,940,1,6.19299983978271,34.8549995422363,0.0317730009555817,0,138.198593139648,-86.3079,23.4515,25.8339246766441,63,63,63,63,61,63,0,8763,1.76508096394256,23,-86,0.001869,51,2024-10-01 11:46:13.001247,940,1.037,0.0011,"aoml_navis",1031.69964863188
"7901009",48,0,1,0.029904,1,0.007476,1,143.414415160856,1,4.84632646676597,942,1,6.18900012969971,34.8549995422363,0.0299040004611015,0,138.295394897461,-86.3079,23.4515,25.8339246766441,63,63,63,63,61,63,0,8763,1.76508096394256,23,-86,0.001869,51,2024-10-01 11:46:13.001247,942,1.037,0.0011,"aoml_navis",1031.70928213109
"7901009",48,0,1,0.028035,1,0.005607,1,143.500384752107,1,4.84628263388313,944,1,6.18699979782104,34.8549995422363,0.0280349999666214,0,138.378295898438,-86.3079,23.4515,25.8339246766441,63,63,63,63,61,63,0,8763,1.76508096394256,23,-86,0.001869,51,2024-10-01 11:46:13.001247,944,1.037,0.0011,"aoml_navis",1031.71861357036
"7901009",48,0,1,0.028035,1,0.005607,1,143.66009229573,1,4.84623596658668,946,1,6.18100023269653,34.8549995422363,0.0280349999666214,0,138.532302856445,-86.3079,23.4515,25.8339246766441,63,63,63,63,61,63,0,8763,1.76508096394256,23,-86,0.001869,51,2024-10-01 11:46:13.001247,946,1.037,0.0011,"aoml_navis",1031.72854860421
"7901009",48,0,1,0.029904,1,0.007476,1,143.784117632787,1,4.84619000994819,948,1,6.17600011825562,34.8549995422363,0.0299040004611015,0,138.651901245117,-86.3079,23.4515,25.8339246766441,63,63,63,63,61,63,0,8763,1.76508096394256,23,-86,0.001869,51,2024-10-01 11:46:13.001247,948,1.037,0.0011,"aoml_navis",1031.73833253258
"7901009",48,0,1,0.033642,1,0.011214,1,143.916133885283,1,4.84614547318833,950,1,6.1729998588562,34.8549995422363,0.0336420014500618,0,138.779205322266,-86.3079,23.4515,25.8339246766441,63,63,63,63,61,63,0,8763,1.76508096394256,23,-86,0.001869,51,2024-10-01 11:46:13.001247,950,1.037,0.0011,"aoml_navis",1031.74781435326
"7901009",48,0,1,0.033642,1,0.011214,1,144.088373716089,1,4.84609300827537,952,1,6.16400003433228,34.8559989929199,0.0336420014500618,0,138.945297241211,-86.3079,23.4515,25.8339246766441,63,63,63,63,61,63,0,8763,1.76508096394256,23,-86,0.001869,51,2024-10-01 11:46:13.001247,952,1.037,0.0011,"aoml_navis",1031.75898429143
"7901009",48,0,1,0.029904,1,0.007476,1,144.29670716693,1,4.84604563988784,954,1,6.15700006484985,34.8559989929199,0.0299040004611015,0,139.146194458008,-86.3079,23.4515,25.8339246766441,63,63,63,63,61,63,0,8763,1.76508096394256,23,-86,0.001869,51,2024-10-01 11:46:13.001247,954,1.037,0.0011,"aoml_navis",1031.76906937173
"7901009",48,0,1,0.028035,1,0.005607,1,144.530769783126,1,4.84599827374936,956,1,6.15000009536743,34.8559989929199,0.0280349999666214,0,139.37190246582,-86.3079,23.4515,25.8339246766441,63,63,63,63,61,63,0,8763,1.76508096394256,23,-86,0.001869,51,2024-10-01 11:46:13.001247,956,1.037,0.0011,"aoml_navis",1031.77915417033
"7901009",48,0,1,0.035511,1,0.013083,1,144.886674080278,1,4.84594298412904,958,1,6.13700008392334,34.8569984436035,0.0355109982192516,0,139.715103149414,-86.3079,23.4515,25.8339246766441,63,63,63,63,61,63,0,8763,1.76508096394256,23,-86,0.001869,51,2024-10-01 11:46:13.001247,958,1.037,0.0011,"aoml_navis",1031.79092621921
"7901009",48,0,1,0.029904,1,0.007476,1,145.302613096593,1,4.84589279177926,960,1,6.12599992752075,34.8569984436035,0.0299040004611015,0,140.116195678711,-86.3079,23.4515,25.8339246766441,63,63,63,63,61,63,0,8763,1.76508096394256,23,-86,0.001869,51,2024-10-01 11:46:13.001247,960,1.037,0.0011,"aoml_navis",1031.80161320989
"7901009",48,0,1,0.029904,1,0.007476,1,145.899320861382,1,4.845846279686,962,1,6.11499977111816,34.8559989929199,0.0299040004611015,0,140.691604614258,-86.3079,23.4515,25.8339246766441,63,63,63,63,61,63,0,8763,1.76508096394256,23,-86,0.001869,51,2024-10-01 11:46:13.001247,962,1.037,0.0011,"aoml_navis",1031.81151679537
"7901009",48,0,1,0.029904,1,0.007476,1,146.607600794017,1,4.84578761467287,964,1,6.09200000762939,34.8559989929199,0.0299040004611015,0,141.374603271484,-86.3079,23.4515,25.8339246766441,63,63,63,63,61,63,0,8763,1.76508096394256,23,-86,0.001869,51,2024-10-01 11:46:13.001247,964,1.037,0.0011,"aoml_navis",1031.82400831192
"7901009",48,0,1,0.028035,1,0.005607,1,147.457122134993,1,4.84571823988395,966,1,6.05900001525879,34.8569984436035,0.0280349999666214,0,142.193801879883,-86.3079,23.4515,25.8339246766441,63,63,63,63,61,63,0,8763,1.76508096394256,23,-86,0.001869,51,2024-10-01 11:46:13.001247,966,1.037,0.0011,"aoml_navis",1031.83878064684
"7901009",48,0,1,0.028035,1,0.005607,1,148.105778761934,1,4.84564310671539,968,1,6.02299976348877,34.859001159668,0.0280349999666214,0,142.819305419922,-86.3079,23.4515,25.8339246766441,63,63,63,63,61,63,0,8763,1.76508096394256,23,-86,0.001869,51,2024-10-01 11:46:13.001247,968,1.037,0.0011,"aoml_navis",1031.85477962062
"7901009",48,0,1,0.029904,1,0.007476,1,148.471319628399,1,4.84557506159128,970,1,5.99700021743774,34.8610000610352,0.0299040004611015,0,143.171798706055,-86.3079,23.4515,25.8339246766441,63,63,63,63,61,63,0,8763,1.76508096394256,23,-86,0.001869,51,2024-10-01 11:46:13.001247,970,1.037,0.0011,"aoml_navis",1031.86926968334
"7901009",48,0,1,0.028035,1,0.005607,1,148.577306067236,1,4.84552492065228,972,1,5.98600006103516,34.8610000610352,0.0280349999666214,0,143.274002075195,-86.3079,23.4515,25.8339246766441,63,63,63,63,61,63,0,8763,1.76508096394256,23,-86,0.001869,51,2024-10-01 11:46:13.001247,972,1.037,0.0011,"aoml_navis",1031.87994734881
"7901009",48,0,1,0.029904,1,0.007476,1,148.636312252728,1,4.84548180395728,974,1,5.9850001335144,34.8610000610352,0.0299040004611015,0,143.330902099609,-86.3079,23.4515,25.8339246766441,63,63,63,63,61,63,0,8763,1.76508096394256,23,-86,0.001869,51,2024-10-01 11:46:13.001247,974,1.037,0.0011,"aoml_navis",1031.88912935686
"7901009",48,0,1,0.028035,1,0.005607,1,148.70080922566,1,4.84543728457075,976,1,5.98199987411499,34.8610000610352,0.0280349999666214,0,143.393096923828,-86.3079,23.4515,25.8339246766441,63,63,63,63,61,63,0,8763,1.76508096394256,23,-86,0.001869,51,2024-10-01 11:46:13.001247,976,1.037,0.0011,"aoml_navis",1031.89861024957
"7901009",48,0,1,0.026166,1,0.003738,1,148.819960895479,1,4.84539049569114,978,1,5.98099994659424,34.8619995117188,0.0261659994721413,0,143.507995605469,-86.3079,23.4515,25.8339246766441,63,63,63,63,61,63,0,8763,1.76508096394256,23,-86,0.001869,51,2024-10-01 11:46:13.001247,978,1.037,0.0011,"aoml_navis",1031.90857464354
"7901009",48,99999,9,99999,9,99999,9,148.883223628007,1,4.84535670760627,979.799987792969,1,5.98199987411499,34.8610000610352,99999,99999,143.569000244141,-86.3079,23.4515,25.8339246766441,63,63,63,63,61,63,0,8763,1.76508096394256,23,-86,0.001869,51,2024-10-01 11:46:13.001247,979.799987792969,1.037,0.0011,"aoml_navis",1031.91577044286
"7901009",48,0,1,0.028035,1,0.005607,1,152.467252055925,1,4.84486900784506,999.700012207031,1,5.9092001914978,34.8650016784668,0.0280349999666214,0,147.025100708008,-86.3079,23.4515,25.8339246766441,63,63,63,63,61,63,0,8763,1.76508096394256,23,-86,0.001869,51,2024-10-01 11:46:13.001247,999.700012207031,1.037,0.0011,"aoml_navis",1032.01964633177
"7901009",48,0,1,0.031773,1,0.009345,1,162.648453681816,1,4.8435919326443,1049.09997558594,1,5.65829992294312,34.8800010681152,0.0317730009555817,0,156.842895507812,-86.3079,23.4515,25.8339246766441,63,63,63,63,61,63,0,8763,1.76508096394256,23,-86,0.001869,51,2024-10-01 11:46:13.001247,1049.09997558594,1.037,0.0011,"aoml_navis",1032.2917515618
"7901009",48,0,1,0.028035,1,0.005607,1,176.015071555758,1,4.84209015302038,1099,1,5.12680006027222,34.9020004272461,0.0280349999666214,0,169.732406616211,-86.3079,23.4515,25.8339246766441,63,63,63,63,61,63,0,8763,1.76508096394256,23,-86,0.001869,51,2024-10-01 11:46:13.001247,1099,1.037,0.0011,"aoml_navis",1032.61191799189
"7901009",48,0,1,0.028035,1,0.005607,1,186.055553951942,1,4.84071188877143,1149.69995117188,1,4.74919986724854,34.9160003662109,0.0280349999666214,0,179.414505004883,-86.3079,23.4515,25.8339246766441,63,63,63,63,61,63,0,8763,1.76508096394256,23,-86,0.001869,51,2024-10-01 11:46:13.001247,1149.69995117188,1.037,0.0011,"aoml_navis",1032.90592683238
"7901009",48,0,1,0.033642,1,0.011214,1,190.632623726846,1,4.8395181475132,1199.80004882812,1,4.57740020751953,34.9210014343262,0.0336420014500618,0,183.828201293945,-86.3079,23.4515,25.8339246766441,63,63,63,63,61,63,0,8763,1.76508096394256,23,-86,0.001869,51,2024-10-01 11:46:13.001247,1199.80004882812,1.037,0.0011,"aoml_navis",1033.16070889604
"7901009",48,0,1,0.024297,1,0.001869,1,194.672007746048,1,4.83838762781833,1249.30004882812,1,4.47520017623901,34.9249992370605,0.0242970008403063,0,187.723403930664,-86.3079,23.4515,25.8339246766441,63,63,63,63,61,63,0,8763,1.76508096394256,23,-86,0.001869,51,2024-10-01 11:46:13.001247,1249.30004882812,1.037,0.0011,"aoml_navis",1033.40211339258
"7901009",48,0,1,0.028035,1,0.005607,1,197.710153796091,1,4.83725532325221,1300.09997558594,1,4.40500020980835,34.9280014038086,0.0280349999666214,0,190.653106689453,-86.3079,23.4515,25.8339246766441,63,63,63,63,61,63,0,8763,1.76508096394256,23,-86,0.001869,51,2024-10-01 11:46:13.001247,1300.09997558594,1.037,0.0011,"aoml_navis",1033.64401212512
"7901009",48,0,1,0.026166,1,0.003738,1,200.532481834892,1,4.83615322208064,1349.19995117188,1,4.32989978790283,34.931999206543,0.0261659994721413,0,193.374694824219,-86.3079,23.4515,25.8339246766441,63,63,63,63,61,63,0,8763,1.76508096394256,23,-86,0.001869,51,2024-10-01 11:46:13.001247,1349.19995117188,1.037,0.0011,"aoml_navis",1033.87956716741
"7901009",48,0,1,0.029904,1,0.007476,1,201.435629339083,1,4.83508301547968,1399.30004882812,1,4.31669998168945,34.9329986572266,0.0299040004611015,0,194.24560546875,-86.3079,23.4515,25.8339246766441,63,63,63,63,61,63,0,8763,1.76508096394256,23,-86,0.001869,51,2024-10-01 11:46:13.001247,1399.30004882812,1.037,0.0011,"aoml_navis",1034.10840806504
"7901009",48,0,1,0.026166,1,0.003738,1,202.109999307785,1,4.83402569023957,1448.69995117188,1,4.29850006103516,34.9339981079102,0.0261659994721413,0,194.895904541016,-86.3079,23.4515,25.8339246766441,63,63,63,63,61,63,0,8763,1.76508096394256,23,-86,0.001869,51,2024-10-01 11:46:13.001247,1448.69995117188,1.037,0.0011,"aoml_navis",1034.33459406216
"7901009",48,0,1,0.033642,1,0.011214,1,202.263883768474,1,4.83294542653971,1500.09997558594,1,4.30130004882812,34.9339981079102,0.0336420014500618,0,195.044296264648,-86.3079,23.4515,25.8339246766441,63,63,63,63,61,63,0,8763,1.76508096394256,23,-86,0.001869,51,2024-10-01 11:46:13.001247,1500.09997558594,1.037,0.0011,"aoml_navis",1034.56578933065
"7901009",48,0,1,0.028035,1,0.005607,1,202.301939514279,1,4.83190940516493,1549.5,1,4.30490016937256,34.9339981079102,0.0280349999666214,0,195.080993652344,-86.3079,23.4515,25.8339246766441,63,63,63,63,61,63,0,8763,1.76508096394256,23,-86,0.001869,51,2024-10-01 11:46:13.001247,1549.5,1.037,0.0011,"aoml_navis",1034.78761308219
"7901009",48,0,1,0.028035,1,0.005607,1,202.148577232223,1,4.83087467794199,1598.90002441406,1,4.30810022354126,34.9339981079102,0.0280349999666214,0,194.93310546875,-86.3079,23.4515,25.8339246766441,63,63,63,63,61,63,0,8763,1.76508096394256,23,-86,0.001869,51,2024-10-01 11:46:13.001247,1598.90002441406,1.037,0.0011,"aoml_navis",1035.00925470707
"7901009",48,0,1,0.028035,1,0.005607,1,192.152052782753,4,4.82983882869956,1648.30004882812,1,4.30740022659302,34.9339981079102,0.0280349999666214,0,185.293395996094,-86.3079,23.4515,25.8339246766441,63,63,63,63,61,63,0,8763,1.76508096394256,23,-86,0.001869,51,2024-10-01 11:46:13.001247,1648.30004882812,1.037,0.0011,"aoml_navis",1035.23123179376
"7901009",49,0.0762389956885736,5,0.044856,1,0.022428,1,189.528875588401,1,4.88888462640715,2.40000009536743,1,29.757999420166,36.2120018005371,0.0448560006916523,0.128960996866226,182.763793945312,-86.0475,23.0983,63.5868445398825,63,63,63,63,61,63,0.134568,8763,1.76508096394256,23,-86,0.001869,51,2024-10-11 17:12:51.001842,2.40000009536743,1.037,0.0011,"aoml_navis",1022.72816441457
"7901009",49,0.0762389956885736,5,0.042987,1,0.020559,1,189.600952085504,1,4.88885036825607,4,1,29.7569999694824,36.2120018005371,0.0429870001971722,0.128960996866226,182.833297729492,-86.0475,23.0983,63.5868445398825,63,63,63,63,61,63,0.134568,8763,1.76508096394256,23,-86,0.001869,51,2024-10-11 17:12:51.001842,4,1.037,0.0011,"aoml_navis",1022.73533108431
"7901009",49,0.0762389956885736,5,0.048594,1,0.026166,1,189.566013577139,1,4.88880632206459,6,1,29.7549991607666,36.2120018005371,0.0485940016806126,0.128960996866226,182.799606323242,-86.0475,23.0983,63.5868445398825,63,63,63,63,61,63,0.134568,8763,1.76508096394256,23,-86,0.001869,51,2024-10-11 17:12:51.001842,6,1.037,0.0011,"aoml_navis",1022.74454552097
"7901009",49,0.0762389956885736,5,0.048594,1,0.026166,1,189.554493996482,1,4.88876554112837,8,1,29.7549991607666,36.2120018005371,0.0485940016806126,0.128960996866226,182.788497924805,-86.0475,23.0983,63.5868445398825,63,63,63,63,61,63,0.134568,8763,1.76508096394256,23,-86,0.001869,51,2024-10-11 17:12:51.001842,8,1.037,0.0011,"aoml_navis",1022.75307701624
"7901009",49,0.0762389956885736,5,0.048594,1,0.026166,1,189.519239016121,1,4.88872476252664,10,1,29.7549991607666,36.2120018005371,0.0485940016806126,0.128960996866226,182.754501342773,-86.0475,23.0983,63.5868445398825,63,63,63,63,61,63,0.134568,8763,1.76508096394256,23,-86,0.001869,51,2024-10-11 17:12:51.001842,10,1.037,0.0011,"aoml_navis",1022.76160816545
"7901009",49,0.0762389956885736,5,0.050463,1,0.028035,1,189.597850659942,1,4.88868269512841,12,1,29.7520008087158,36.2109985351562,0.0504629984498024,0.128960996866226,182.830307006836,-86.0475,23.0983,63.5868445398825,63,63,63,63,61,63,0.134568,8763,1.76508096394256,23,-86,0.001869,51,2024-10-11 17:12:51.001842,12,1.037,0.0011,"aoml_navis",1022.77040908843
"7901009",49,0.0762389956885736,5,0.054201,1,0.031773,1,189.548069614962,1,4.88863179638468,14,1,29.7479991912842,36.2120018005371,0.0542009994387627,0.128960996866226,182.782302856445,-86.0475,23.0983,63.5868445398825,63,63,63,63,61,63,0.134568,8763,1.76508096394256,23,-86,0.001869,51,2024-10-11 17:12:51.001842,14,1.037,0.0011,"aoml_navis",1022.78105782024
"7901009",49,0.0762389956885736,5,0.061677,1,0.039249,1,189.537483626694,1,4.88858973364626,16,1,29.7450008392334,36.2109985351562,0.0616770014166832,0.128960996866226,182.772094726562,-86.0475,23.0983,63.5868445398825,63,63,63,63,61,63,0.134568,8763,1.76508096394256,23,-86,0.001869,51,2024-10-11 17:12:51.001842,16,1.037,0.0011,"aoml_navis",1022.78985810303
"7901009",49,0.0762389956885736,5,0.059808,1,0.03738,1,189.483667563764,1,4.88855059367249,18,1,29.746000289917,36.2109985351562,0.0598080009222031,0.128960996866226,182.720199584961,-86.0475,23.0983,63.5868445398825,63,63,63,63,61,63,0.134568,8763,1.76508096394256,23,-86,0.001869,51,2024-10-11 17:12:51.001842,18,1.037,0.0011,"aoml_navis",1022.79804702682
"7901009",49,0.0762389956885736,5,0.065415,1,0.042987,1,189.475676645864,1,4.88850819637225,20,1,29.7450008392334,36.2109985351562,0.0654150024056435,0.128960996866226,182.712493896484,-86.0475,23.0983,63.5868445398825,63,63,63,63,61,63,0.134568,8763,1.76508096394256,23,-86,0.001869,51,2024-10-11 17:12:51.001842,20,1.037,0.0011,"aoml_navis",1022.80691760126
"7901009",49,0.0762389956885736,5,0.067284,1,0.044856,1,189.538005805488,1,4.88846253858998,22,1,29.742000579834,36.2109985351562,0.0672840029001236,0.128960996866226,182.772598266602,-86.0475,23.0983,63.5868445398825,63,63,63,63,61,63,0.134568,8763,1.76508096394256,23,-86,0.001869,51,2024-10-11 17:12:51.001842,22,1.037,0.0011,"aoml_navis",1022.81647052208
"7901009",49,0.0762389956885736,5,0.082236,1,0.059808,1,189.527229934022,1,4.88841688320226,24,1,29.7390003204346,36.2109985351562,0.0822359994053841,0.128960996866226,182.76220703125,-86.0475,23.0983,63.5868445398825,63,63,63,63,61,63,0.134568,8763,1.76508096394256,23,-86,0.001869,51,2024-10-11 17:12:51.001842,24,1.037,0.0011,"aoml_navis",1022.82602312032
"7901009",49,0.0762389956885736,5,0.087843,1,0.065415,1,189.495804264813,1,4.88837285989133,26,1,29.7369995117188,36.2109985351562,0.0878430008888245,0.128960996866226,182.731903076172,-86.0475,23.0983,63.5868445398825,63,63,63,63,61,63,0.134568,8763,1.76508096394256,23,-86,0.001869,51,2024-10-11 17:12:51.001842,26,1.037,0.0011,"aoml_navis",1022.83523440378
"7901009",49,0.0762389956885736,5,0.082236,1,0.059808,1,189.439393131516,1,4.88833210140862,28,1,29.7369995117188,36.2109985351562,0.0822359994053841,0.128960996866226,182.677505493164,-86.0475,23.0983,63.5868445398825,63,63,63,63,61,63,0.134568,8763,1.76508096394256,23,-86,0.001869,51,2024-10-11 17:12:51.001842,28,1.037,0.0011,"aoml_navis",1022.84376271391
"7901009",49,0.0762389956885736,5,0.085974,1,0.063546,1,189.499633575965,1,4.88829134525834,30,1,29.7369995117188,36.2109985351562,0.0859740003943443,0.128960996866226,182.735595703125,-86.0475,23.0983,63.5868445398825,63,63,63,63,61,63,0.134568,8763,1.76508096394256,23,-86,0.001869,51,2024-10-11 17:12:51.001842,30,1.037,0.0011,"aoml_navis",1022.85229067822
"7901009",49,0.0762389956885736,5,0.095319,1,0.072891,1,189.517055359348,1,4.88825222439769,32,1,29.738000869751,36.2109985351562,0.095319002866745,0.128960996866226,182.752395629883,-86.0475,23.0983,63.5868445398825,63,63,63,63,61,63,0.134568,8763,1.76508096394256,23,-86,0.001869,51,2024-10-11 17:12:51.001842,32,1.037,0.0011,"aoml_navis",1022.86047660237
"7901009",49,0.0762389956885736,5,0.091581,1,0.069153,1,189.565792046742,1,4.88820983995419,34,1,29.7369995117188,36.2109985351562,0.0915810018777847,0.128960996866226,182.799392700195,-86.0475,23.0983,63.5868445398825,63,63,63,63,61,63,0.134568,8763,1.76508096394256,23,-86,0.001869,51,2024-10-11 17:12:51.001842,34,1.037,0.0011,"aoml_navis",1022.86934556943
"7901009",49,0.0762389956885736,5,0.095319,1,0.072891,1,189.52659699003,1,4.88816909079989,36,1,29.7369995117188,36.2109985351562,0.095319002866745,0.128960996866226,182.761596679688,-86.0475,23.0983,63.5868445398825,63,63,63,63,61,63,0.134568,8763,1.76508096394256,23,-86,0.001869,51,2024-10-11 17:12:51.001842,36,1.037,0.0011,"aoml_navis",1022.87787249639
"7901009",49,0.0762389956885736,5,0.099057,1,0.076629,1,189.453381193742,1,4.88812834397715,38,1,29.7369995117188,36.2109985351562,0.0990569964051247,0.128960996866226,182.690994262695,-86.0475,23.0983,63.5868445398825,63,63,63,63,61,63,0.134568,8763,1.76508096394256,23,-86,0.001869,51,2024-10-11 17:12:51.001842,38,1.037,0.0011,"aoml_navis",1022.88639907761
"7901009",49,0.0762389956885736,5,0.108402,1,0.085974,1,189.398837245221,1,4.88808759948577,40,1,29.7369995117188,36.2109985351562,0.108401998877525,0.128960996866226,182.638397216797,-86.0475,23.0983,63.5868445398825,63,63,63,63,61,63,0.134568,8763,1.76508096394256,23,-86,0.001869,51,2024-10-11 17:12:51.001842,40,1.037,0.0011,"aoml_navis",1022.89492531312
"7901009",49,0.0762389956885736,5,0.11214,1,0.089712,1,189.41573684981,1,4.88804489324265,42,1,29.738000869751,36.2120018005371,0.112139999866486,0.128960996866226,182.654693603516,-86.0475,23.0983,63.5868445398825,63,63,63,63,61,63,0.134568,8763,1.76508096394256,23,-86,0.001869,51,2024-10-11 17:12:51.001842,42,1.037,0.0011,"aoml_navis",1022.90386221946
"7901009",49,0.0762389956885736,5,0.114009,1,0.091581,1,189.390545678924,1,4.88800252034548,44,1,29.7369995117188,36.2120018005371,0.114009000360966,0.128960996866226,182.630401611328,-86.0475,23.0983,63.5868445398825,63,63,63,63,61,63,0.134568,8763,1.76508096394256,23,-86,0.001869,51,2024-10-11 17:12:51.001842,44,1.037,0.0011,"aoml_navis",1022.91272952261
"7901009",49,0.0762389956885736,5,0.115878,1,0.09345,1,189.363471499661,1,4.88796015283933,46,1,29.7360000610352,36.2120018005371,0.115878000855446,0.128960996866226,182.604293823242,-86.0475,23.0983,63.5868445398825,63,63,63,63,61,63,0.134568,8763,1.76508096394256,23,-86,0.001869,51,2024-10-11 17:12:51.001842,46,1.037,0.0011,"aoml_navis",1022.92159585131
"7901009",49,0.0762389956885736,5,0.121485,1,0.099057,1,189.339625334758,1,4.88791941773615,48,1,29.7360000610352,36.2120018005371,0.121485002338886,0.128960996866226,182.581298828125,-86.0475,23.0983,63.5868445398825,63,63,63,63,61,63,0.134568,8763,1.76508096394256,23,-86,0.001869,51,2024-10-11 17:12:51.001842,48,1.037,0.0011,"aoml_navis",1022.93012070886
"7901009",49,0.0762389956885736,5,0.128961,1,0.106533,1,189.318991360615,1,4.88787705479725,50,1,29.7350006103516,36.2120018005371,0.128960996866226,0.128960996866226,182.561401367188,-86.0475,23.0983,63.5868445398825,63,63,63,63,61,63,0.134568,8763,1.76508096394256,23,-86,0.001869,51,2024-10-11 17:12:51.001842,50,1.037,0.0011,"aoml_navis",1022.9389863832
"7901009",49,0.0762389956885736,5,0.13083,1,0.108402,1,189.300841691641,1,4.88783469102689,52,1,29.7339992523193,36.2120018005371,0.130830004811287,0.128960996866226,182.543899536133,-86.0475,23.0983,63.5868445398825,63,63,63,63,61,63,0.134568,8763,1.76508096394256,23,-86,0.001869,51,2024-10-11 17:12:51.001842,52,1.037,0.0011,"aoml_navis",1022.94785238523
"7901009",49,0.0762389956885736,5,0.142044,1,0.119616,1,189.234366748869,1,4.88779396282787,54,1,29.7339992523193,36.2120018005371,0.142043992877007,0.128960996866226,182.479797363281,-86.0475,23.0983,63.5868445398825,63,63,63,63,61,63,0.134568,8763,1.76508096394256,23,-86,0.001869,51,2024-10-11 17:12:51.001842,54,1.037,0.0011,"aoml_navis",1022.95637623547
"7901009",49,0.0762389956885736,5,0.142044,1,0.119616,1,189.210314877169,1,4.88775160673446,56,1,29.7329998016357,36.2120018005371,0.142043992877007,0.128960996866226,182.456604003906,-86.0475,23.0983,63.5868445398825,63,63,63,63,61,63,0.134568,8763,1.76508096394256,23,-86,0.001869,51,2024-10-11 17:12:51.001842,56,1.037,0.0011,"aoml_navis",1022.96524093223
"7901009",49,0.0762389956885736,5,0.156996,1,0.134568,1,189.142384163215,1,4.88770598945187,58,1,29.7299995422363,36.2120018005371,0.156995996832848,0.143913000822067,182.391098022461,-86.0475,23.0983,63.5868445398825,63,63,63,63,61,63,0.134568,8763,1.76508096394256,23,-86,0.001869,51,2024-10-11 17:12:51.001842,58,1.037,0.0011,"aoml_navis",1022.97478833434
"7901009",49,0.0762389956885736,5,0.156996,1,0.134568,1,189.12994681377,1,4.88765353182411,60,1,29.7250003814697,36.2130012512207,0.156995996832848,0.143913000822067,182.379104614258,-86.0475,23.0983,63.5868445398825,63,63,63,63,61,63,0.134568,8763,1.76508096394256,23,-86,0.001869,51,2024-10-11 17:12:51.001842,60,1.037,0.0011,"aoml_navis",1022.98576759674
"7901009",49,0.0762389956885736,5,0.156996,1,0.134568,1,189.110452138812,1,4.88760270706735,62,1,29.7210006713867,36.2140007019043,0.156995996832848,0.143913000822067,182.360305786133,-86.0475,23.0983,63.5868445398825,63,63,63,63,61,63,0.134568,8763,1.76508096394256,23,-86,0.001869,51,2024-10-11 17:12:51.001842,62,1.037,0.0011,"aoml_navis",1022.99640532773
"7901009",49,0.0857688701496453,1,0.173817,1,0.151389,1,189.049673691969,1,4.88754535983508,64,1,29.7129993438721,36.2150001525879,0.173816993832588,0.160733997821808,182.301696777344,-86.0475,23.0983,63.5868445398825,63,63,63,63,61,63,0.151389,8763,1.76508096394256,23,-86,0.001869,51,2024-10-11 17:12:51.001842,64,1.037,0.0011,"aoml_navis",1023.00840849254
"7901009",49,0.0963576195508361,1,0.192507,1,0.170079,1,189.060671093832,1,4.88743292959741,66,1,29.6800003051758,36.2200012207031,0.19250699877739,0.179424002766609,182.312301635742,-86.0475,23.0983,63.5868445398825,63,63,63,63,61,63,0.170079,8763,1.76508096394256,23,-86,0.001869,51,2024-10-11 17:12:51.001842,66,1.037,0.0011,"aoml_navis",1023.03194172158
"7901009",49,0.111181868712503,1,0.218673,1,0.196245,1,189.204191144045,1,4.88724996499372,68.3000030517578,1,29.6140003204346,36.2280006408691,0.218673005700111,0.20558999478817,182.450698852539,-86.0475,23.0983,63.5868445398825,63,63,63,63,61,63,0.196245,8763,1.76508096394256,23,-86,0.001869,51,2024-10-11 17:12:51.001842,68.3000030517578,1.037,0.0011,"aoml_navis",1023.07024109957
"7901009",49,0.129182742694528,1,0.250446,1,0.228018,1,189.538939397876,1,4.88693298967756,69.8000030517578,1,29.4729995727539,36.2439994812012,0.250445991754532,0.237362995743752,182.773498535156,-86.0475,23.0983,63.5868445398825,63,63,63,63,61,63,0.228018,8763,1.76508096394256,23,-86,0.001869,51,2024-10-11 17:12:51.001842,69.8000030517578,1.037,0.0011,"aoml_navis",1023.13659928656
"7901009",49,0.146124741736433,1,0.28035,1,0.257922,1,189.618690340883,1,4.88664955614284,71.9000015258789,1,29.3509998321533,36.2560005187988,0.280349999666214,0.267266988754272,182.850402832031,-86.0475,23.0983,63.5868445398825,63,63,63,63,61,63,0.257922,8763,1.76508096394256,23,-86,0.001869,51,2024-10-11 17:12:51.001842,71.9000015258789,1.037,0.0011,"aoml_navis",1023.19594285509
"7901009",49,0.205421738383101,1,0.385014,1,0.362586,1,188.919841055586,1,4.88595762533553,74.3000030517578,1,29.0300006866455,36.2910003662109,0.385013997554779,0.371930986642838,182.176498413086,-86.0475,23.0983,63.5868445398825,63,63,63,63,61,63,0.362586,8763,1.76508096394256,23,-86,0.001869,51,2024-10-11 17:12:51.001842,74.3000030517578,1.037,0.0011,"aoml_navis",1023.3408439879
"7901009",49,0.299661608053699,1,0.551355,1,0.528927,1,186.482437036342,1,4.88515164819729,75.9000015258789,1,28.6520004272461,36.3380012512207,0.551355004310608,0.538272023200989,179.826095581055,-86.0475,23.0983,63.5868445398825,63,63,63,63,61,63,0.528927,8763,1.76508096394256,23,-86,0.001869,51,2024-10-11 17:12:51.001842,75.9000015258789,1.037,0.0011,"aoml_navis",1023.50967995949
"7901009",49,0.366370729281201,1,0.669102,1,0.646674,1,184.558160711507,1,4.88456776929417,78,1,28.3610000610352,36.3600006103516,0.669102013111115,0.656018972396851,177.970504760742,-86.0475,23.0983,63.5868445398825,63,63,63,63,61,63,0.646674,8763,1.76508096394256,23,-86,0.001869,51,2024-10-11 17:12:51.001842,78,1.037,0.0011,"aoml_navis",1023.63202562803
"7901009",49,0.383312728323106,1,0.699006,1,0.676578,1,183.711946241246,1,4.88411581317486,80,1,28.1620006561279,36.3870010375977,0.699006021022797,0.685922980308533,177.154495239258,-86.0475,23.0983,63.5868445398825,63,63,63,63,61,63,0.676578,8763,1.76508096394256,23,-86,0.001869,51,2024-10-11 17:12:51.001842,80,1.037,0.0011,"aoml_navis",1023.7267483528
"7901009",49,0.376959478682392,1,0.687792,1,0.665364,1,183.122406383388,1,4.88379395867024,82,1,27.9969997406006,36.3930015563965,0.687792003154755,0.674709022045135,176.585998535156,-86.0475,23.0983,63.5868445398825,63,63,63,63,61,63,0.665364,8763,1.76508096394256,23,-86,0.001869,51,2024-10-11 17:12:51.001842,82,1.037,0.0011,"aoml_navis",1023.79421456212
"7901009",49,0.31025035745489,1,0.570045,1,0.547617,1,184.539283156942,1,4.88295319203175,84.0999984741211,1,27.5020008087158,36.4000015258789,0.570044994354248,0.556962013244629,177.952301025391,-86.0475,23.0983,63.5868445398825,63,63,63,63,61,63,0.547617,8763,1.76508096394256,23,-86,0.001869,51,2024-10-11 17:12:51.001842,84.0999984741211,1.037,0.0011,"aoml_navis",1023.97049559255
"7901009",49,0.274248609490841,1,0.506499,1,0.484071,1,184.919872379402,1,4.88275864037477,86,1,27.4270000457764,36.4109992980957,0.506498992443085,0.493416011333466,178.319305419922,-86.0475,23.0983,63.5868445398825,63,63,63,63,61,63,0.484071,8763,1.76508096394256,23,-86,0.001869,51,2024-10-11 17:12:51.001842,86,1.037,0.0011,"aoml_navis",1024.01129530667
"7901009",49,0.226599237185483,1,0.422394,1,0.399966,1,185.577548658011,1,4.88255583068305,88,1,27.3199996948242,36.4099998474121,0.422394007444382,0.40931099653244,178.953506469727,-86.0475,23.0983,63.5868445398825,63,63,63,63,61,63,0.399966,8763,1.76508096394256,23,-86,0.001869,51,2024-10-11 17:12:51.001842,88,1.037,0.0011,"aoml_navis",1024.05383028677
"7901009",49,0.214951612844173,4,0.401835,1,0.379407,1,184.884095220248,1,4.88240587976404,90,1,27.2469997406006,36.4090003967285,0.40183499455452,0.388752013444901,178.284805297852,-86.0475,23.0983,63.5868445398825,63,63,63,63,61,63,0.379407,8763,1.76508096394256,23,-86,0.001869,51,2024-10-11 17:12:51.001842,90,1.037,0.0011,"aoml_navis",1024.085281546
"7901009",49,0.222363737425006,1,0.414918,1,0.39249,1,183.367656356733,1,4.88229785708402,92,1,27.2360000610352,36.4230003356934,0.414918005466461,0.40183499455452,176.822494506836,-86.0475,23.0983,63.5868445398825,63,63,63,63,61,63,0.39249,8763,1.76508096394256,23,-86,0.001869,51,2024-10-11 17:12:51.001842,92,1.037,0.0011,"aoml_navis",1024.10793981879
"7901009",49,0.213892737904054,1,0.399966,1,0.377538,1,182.426262933657,1,4.88221446925263,94,1,27.2269992828369,36.4309997558594,0.39996600151062,0.386882990598679,175.914703369141,-86.0475,23.0983,63.5868445398825,63,63,63,63,61,63,0.377538,8763,1.76508096394256,23,-86,0.001869,51,2024-10-11 17:12:51.001842,94,1.037,0.0011,"aoml_navis",1024.12543150023
"7901009",49,0.220245987544768,1,0.41118,1,0.388752,1,181.54116987868,1,4.88205865046604,96.1999969482422,1,27.1690006256104,36.4370002746582,0.41117998957634,0.398097008466721,175.06120300293,-86.0475,23.0983,63.5868445398825,63,63,63,63,61,63,0.388752,8763,1.76508096394256,23,-86,0.001869,51,2024-10-11 17:12:51.001842,96.1999969482422,1.037,0.0011,"aoml_navis",1024.15811811739
"7901009",49,0.204362863442982,1,0.383145,1,0.360717,1,179.562128074927,1,4.88167438420083,97.9000015258789,1,26.9930000305176,36.4589996337891,0.38314500451088,0.370061993598938,173.152801513672,-86.0475,23.0983,63.5868445398825,63,63,63,63,61,63,0.360717,8763,1.76508096394256,23,-86,0.001869,51,2024-10-11 17:12:51.001842,97.9000015258789,1.037,0.0011,"aoml_navis",1024.23873582845
"7901009",49,0.190597489221434,1,0.358848,1,0.33642,1,177.773175175607,1,4.88131069370927,100,1,26.875,36.4980010986328,0.358848005533218,0.345764994621277,171.427703857422,-86.0475,23.0983,63.5868445398825,63,63,63,63,61,63,0.33642,8763,1.76508096394256,23,-86,0.001869,51,2024-10-11 17:12:51.001842,100,1.037,0.0011,"aoml_navis",1024.31504850607
"7901009",49,0.181067614760362,1,0.342027,1,0.319599,1,176.252495587346,1,4.88094232896963,102.300003051758,1,26.7609996795654,36.5390014648438,0.342027008533478,0.328943997621536,169.961303710938,-86.0475,23.0983,63.5868445398825,63,63,63,63,61,63,0.319599,8763,1.76508096394256,23,-86,0.001869,51,2024-10-11 17:12:51.001842,102.300003051758,1.037,0.0011,"aoml_navis",1024.39235356741
"7901009",49,0.174714365119648,1,0.330813,1,0.308385,1,174.302173617235,1,4.88051381286734,104.099998474121,1,26.617000579834,36.5870018005371,0.330812990665436,0.317730009555817,168.080596923828,-86.0475,23.0983,63.5868445398825,63,63,63,63,61,63,0.308385,8763,1.76508096394256,23,-86,0.001869,51,2024-10-11 17:12:51.001842,104.099998474121,1.037,0.0011,"aoml_navis",1024.48229668312
"7901009",49,0.165184490658576,1,0.313992,1,0.291564,1,170.563626633395,1,4.88004185322257,105.800003051758,1,26.4519996643066,36.6389999389648,0.313991993665695,0.300909012556076,164.475494384766,-86.0475,23.0983,63.5868445398825,63,63,63,63,61,63,0.291564,8763,1.76508096394256,23,-86,0.001869,51,2024-10-11 17:12:51.001842,105.800003051758,1.037,0.0011,"aoml_navis",1024.5813766327
"7901009",49,0.140830367035837,1,0.271005,1,0.248577,1,164.914601503748,1,4.87912982763984,108,1,26.0939998626709,36.7299995422363,0.271005004644394,0.257921993732452,159.028106689453,-86.0475,23.0983,63.5868445398825,63,63,63,63,61,63,0.248577,8763,1.76508096394256,23,-86,0.001869,51,2024-10-11 17:12:51.001842,108,1.037,0.0011,"aoml_navis",1024.77289529691
"7901009",49,0.110122993772384,1,0.216804,1,0.194376,1,163.394333329082,1,4.87853060521148,110,1,25.8460006713867,36.7820014953613,0.216803997755051,0.20372100174427,157.562103271484,-86.0475,23.0983,63.5868445398825,63,63,63,63,61,63,0.194376,8763,1.76508096394256,23,-86,0.001869,51,2024-10-11 17:12:51.001842,110,1.037,0.0011,"aoml_navis",1024.89876657918
"7901009",49,0.0974164944909552,1,0.194376,1,0.171948,1,162.797008260121,1,4.87817567691352,112,1,25.6979999542236,36.8079986572266,0.19437600672245,0.181292995810509,156.986099243164,-86.0475,23.0983,63.5868445398825,63,63,63,63,61,63,0.171948,8763,1.76508096394256,23,-86,0.001869,51,2024-10-11 17:12:51.001842,112,1.037,0.0011,"aoml_navis",1024.97333658216
"7901009",49,0.0825922453292881,1,0.16821,1,0.145782,1,162.268341790705,1,4.87791407175372,114,1,25.5930004119873,36.826000213623,0.168209999799728,0.155127003788948,156.476303100586,-86.0475,23.0983,63.5868445398825,63,63,63,63,61,63,0.145782,8763,1.76508096394256,23,-86,0.001869,51,2024-10-11 17:12:51.001842,114,1.037,0.0011,"aoml_navis",1025.02830645444
"7901009",49,0.0772978706286927,1,0.158865,1,0.136437,1,161.576755537718,1,4.87780185590912,116,1,25.556999206543,36.8310012817383,0.158865004777908,0.145781993865967,155.80940246582,-86.0475,23.0983,63.5868445398825,63,63,63,63,61,63,0.136437,8763,1.76508096394256,23,-86,0.001869,51,2024-10-11 17:12:51.001842,116,1.037,0.0011,"aoml_navis",1025.05188765363
"7901009",49,0.0688268711077401,1,0.143913,1,0.121485,1,160.312529031463,1,4.87756213750509,118,1,25.4640007019043,36.8479995727539,0.143913000822067,0.130830004811287,154.590301513672,-86.0475,23.0983,63.5868445398825,63,63,63,63,61,63,0.121485,8763,1.76508096394256,23,-86,0.001869,51,2024-10-11 17:12:51.001842,118,1.037,0.0011,"aoml_navis",1025.10226605899
"7901009",49,0.0582381217065493,1,0.125223,1,0.102795,1,158.459379787742,1,4.87732040456878,120,1,25.367000579834,36.8639984130859,0.125222995877266,0.112139999866486,152.803298950195,-86.0475,23.0983,63.5868445398825,63,63,63,63,61,63,0.102795,8763,1.76508096394256,23,-86,0.001869,51,2024-10-11 17:12:51.001842,120,1.037,0.0011,"aoml_navis",1025.15307284637
"7901009",49,0.0529437470059539,4,0.115878,1,0.09345,1,156.176287513775,1,4.87687938809057,122,1,25.1709995269775,36.8950004577637,0.115878000855446,0.102794997394085,150.601699829102,-86.0475,23.0983,63.5868445398825,63,63,63,63,61,63,0.09345,8763,1.76508096394256,23,-86,0.001869,51,2024-10-11 17:12:51.001842,122,1.037,0.0011,"aoml_navis",1025.24577749659
"7901009",49,0.0603558715867875,1,0.128961,1,0.106533,1,154.257501978072,1,4.87644388992449,124,1,24.9680004119873,36.9220008850098,0.128960996866226,0.115878000855446,148.751403808594,-86.0475,23.0983,63.5868445398825,63,63,63,63,61,63,0.106533,8763,1.76508096394256,23,-86,0.001869,51,2024-10-11 17:12:51.001842,124,1.037,0.0011,"aoml_navis",1025.33733861489
"7901009",49,0.0698857460478592,1,0.145782,1,0.123354,1,152.920882502718,1,4.87601826393193,126,1,24.7509994506836,36.9410018920898,0.145781993865967,0.132698997855186,147.462493896484,-86.0475,23.0983,63.5868445398825,63,63,63,63,61,63,0.123354,8763,1.76508096394256,23,-86,0.001869,51,2024-10-11 17:12:51.001842,126,1.037,0.0011,"aoml_navis",1025.42683996596
"7901009",49,0.0762389956885736,1,0.156996,1,0.134568,1,152.067832237342,1,4.87576940714638,128,1,24.6350002288818,36.9519996643066,0.156995996832848,0.143913000822067,146.639892578125,-86.0475,23.0983,63.5868445398825,63,63,63,63,61,63,0.134568,8763,1.76508096394256,23,-86,0.001869,51,2024-10-11 17:12:51.001842,128,1.037,0.0011,"aoml_navis",1025.47917722925
"7901009",49,0.0762389956885736,1,0.156996,1,0.134568,1,151.042953501706,1,4.87550949041736,130,1,24.5160007476807,36.9650001525879,0.156995996832848,0.143913000822067,145.651596069336,-86.0475,23.0983,63.5868445398825,63,63,63,63,61,63,0.134568,8763,1.76508096394256,23,-86,0.001869,51,2024-10-11 17:12:51.001842,130,1.037,0.0011,"aoml_navis",1025.53384622209
"7901009",49,0.0582381217065493,1,0.125223,1,0.102795,1,150.661747158854,1,4.87514566687072,132,1,24.3269996643066,36.9790000915527,0.125222995877266,0.112139999866486,145.283996582031,-86.0475,23.0983,63.5868445398825,63,63,63,63,61,63,0.102795,8763,1.76508096394256,23,-86,0.001869,51,2024-10-11 17:12:51.001842,132,1.037,0.0011,"aoml_navis",1025.61038000931
"7901009",49,0.0561203718263111,1,0.121485,1,0.099057,1,150.241029287293,1,4.87497541728235,134,1,24.2469997406006,36.9830017089844,0.121485002338886,0.108401998877525,144.878295898438,-86.0475,23.0983,63.5868445398825,63,63,63,63,61,63,0.099057,8763,1.76508096394256,23,-86,0.001869,51,2024-10-11 17:12:51.001842,134,1.037,0.0011,"aoml_navis",1025.64619757352
"7901009",49,0.0561203718263111,1,0.121485,1,0.099057,1,149.809535544267,1,4.87484129375176,136,1,24.181999206543,36.9830017089844,0.121485002338886,0.108401998877525,144.462203979492,-86.0475,23.0983,63.5868445398825,63,63,63,63,61,63,0.099057,8763,1.76508096394256,23,-86,0.001869,51,2024-10-11 17:12:51.001842,136,1.037,0.0011,"aoml_navis",1025.67441660278
"7901009",49,0.0508259971257158,1,0.11214,1,0.089712,1,149.466701430937,1,4.8746965367464,138,1,24.117000579834,36.9860000610352,0.112139999866486,0.0990569964051247,144.131607055664,-86.0475,23.0983,63.5868445398825,63,63,63,63,61,63,0.089712,8763,1.76508096394256,23,-86,0.001869,51,2024-10-11 17:12:51.001842,138,1.037,0.0011,"aoml_navis",1025.70487461302
"7901009",49,0.0529437470059539,1,0.115878,1,0.09345,1,148.873205673128,1,4.87456981532668,140,1,24.0620002746582,36.9879989624023,0.115878000855446,0.102794997394085,143.559295654297,-86.0475,23.0983,63.5868445398825,63,63,63,63,61,63,0.09345,8763,1.76508096394256,23,-86,0.001869,51,2024-10-11 17:12:51.001842,140,1.037,0.0011,"aoml_navis",1025.73153927941
"7901009",49,0.0508259971257158,1,0.11214,1,0.089712,1,148.226526796382,1,4.87438469966756,142,1,23.9659996032715,36.9900016784668,0.112139999866486,0.0990569964051247,142.935699462891,-86.0475,23.0983,63.5868445398825,63,63,63,63,61,63,0.089712,8763,1.76508096394256,23,-86,0.001869,51,2024-10-11 17:12:51.001842,142,1.037,0.0011,"aoml_navis",1025.77049372837
"7901009",49,0.0423549976047631,4,0.097188,1,0.07476,1,147.584721588375,1,4.87409687171219,144,1,23.7999992370605,36.9930000305176,0.0971880033612251,0.0841049998998642,142.316802978516,-86.0475,23.0983,63.5868445398825,63,63,63,63,61,63,0.07476,8763,1.76508096394256,23,-86,0.001869,51,2024-10-11 17:12:51.001842,144,1.037,0.0011,"aoml_navis",1025.83106811408
"7901009",49,0.0476493723053585,1,0.106533,1,0.084105,1,147.453322415612,1,4.87373879726106,146,1,23.5809993743896,36.9949989318848,0.106532998383045,0.0934500023722649,142.190093994141,-86.0475,23.0983,63.5868445398825,63,63,63,63,61,63,0.084105,8763,1.76508096394256,23,-86,0.001869,51,2024-10-11 17:12:51.001842,146,1.037,0.0011,"aoml_navis",1025.90643610402
"7901009",49,0.0423549976047631,1,0.097188,1,0.07476,1,147.406975091789,1,4.87341053223338,148.100006103516,1,23.3859996795654,36.9980010986328,0.0971880033612251,0.0841049998998642,142.145401000977,-86.0475,23.0983,63.5868445398825,63,63,63,63,61,63,0.07476,8763,1.76508096394256,23,-86,0.001869,51,2024-10-11 17:12:51.001842,148.100006103516,1.037,0.0011,"aoml_navis",1025.97553949731
"7901009",49,0.0349428730239296,1,0.084105,1,0.061677,1,147.462041219103,1,4.87319364954385,150,1,23.2590007781982,36.9980010986328,0.0841049998998642,0.0710219964385033,142.198501586914,-86.0475,23.0983,63.5868445398825,63,63,63,63,61,63,0.061677,8763,1.76508096394256,23,-86,0.001869,51,2024-10-11 17:12:51.001842,150,1.037,0.0011,"aoml_navis",1026.02120079263
"7901009",49,0.0349428730239296,1,0.084105,1,0.061677,1,147.381673155704,1,4.87307325840776,152,1,23.19700050354,36.9959983825684,0.0841049998998642,0.0710219964385033,142.121002197266,-86.0475,23.0983,63.5868445398825,63,63,63,63,61,63,0.061677,8763,1.76508096394256,23,-86,0.001869,51,2024-10-11 17:12:51.001842,152,1.037,0.0011,"aoml_navis",1026.04654903828
"7901009",49,0.0349428730239296,1,0.084105,1,0.061677,1,147.208483855861,1,4.87300602353681,154,1,23.1730003356934,36.9939994812012,0.0841049998998642,0.0710219964385033,141.953994750977,-86.0475,23.0983,63.5868445398825,63,63,63,63,61,63,0.061677,8763,1.76508096394256,23,-86,0.001869,51,2024-10-11 17:12:51.001842,154,1.037,0.0011,"aoml_navis",1026.06070582507
"7901009",49,0.0328251231436914,1,0.080367,1,0.057939,1,146.942188494777,1,4.87286966615398,156,1,23.1019992828369,36.9930000305176,0.0803669989109039,0.0672840029001236,141.697204589844,-86.0475,23.0983,63.5868445398825,63,63,63,63,61,63,0.057939,8763,1.76508096394256,23,-86,0.001869,51,2024-10-11 17:12:51.001842,156,1.037,0.0011,"aoml_navis",1026.08941805463
"7901009",49,0.0254129985628579,1,0.067284,1,0.044856,1,147.043807652712,1,4.87264454666936,158,1,22.9669990539551,36.992000579834,0.0672840029001236,0.0542009994387627,141.795196533203,-86.0475,23.0983,63.5868445398825,63,63,63,63,61,63,0.044856,8763,1.76508096394256,23,-86,0.001869,51,2024-10-11 17:12:51.001842,158,1.037,0.0011,"aoml_navis",1026.13682408205
"7901009",49,0.0254129985628579,1,0.067284,1,0.044856,1,146.912724951944,1,4.87256224458425,160,1,22.931999206543,36.9900016784668,0.0672840029001236,0.0542009994387627,141.668792724609,-86.0475,23.0983,63.5868445398825,63,63,63,63,61,63,0.044856,8763,1.76508096394256,23,-86,0.001869,51,2024-10-11 17:12:51.001842,160,1.037,0.0011,"aoml_navis",1026.15415648253
"7901009",49,0.0254129985628579,1,0.067284,1,0.044856,1,146.736639933337,1,4.87251522427333,162,1,22.9249992370605,36.9889984130859,0.0672840029001236,0.0542009994387627,141.498992919922,-86.0475,23.0983,63.5868445398825,63,63,63,63,61,63,0.044856,8763,1.76508096394256,23,-86,0.001869,51,2024-10-11 17:12:51.001842,162,1.037,0.0011,"aoml_navis",1026.16405898366
"7901009",49,0.0180008739820243,1,0.054201,1,0.031773,1,146.544794609326,1,4.87236013015634,164,1,22.8400001525879,36.9879989624023,0.0542009994387627,0.041117999702692,141.313995361328,-86.0475,23.0983,63.5868445398825,63,63,63,63,61,63,0.031773,8763,1.76508096394256,23,-86,0.001869,51,2024-10-11 17:12:51.001842,164,1.037,0.0011,"aoml_navis",1026.19672323761
"7901009",49,0.0148242491616671,1,0.048594,1,0.026166,1,146.773777922075,1,4.87212780885536,166,1,22.6909999847412,36.984001159668,0.0485940016806126,0.0355109982192516,141.534805297852,-86.0475,23.0983,63.5868445398825,63,63,63,63,61,63,0.026166,8763,1.76508096394256,23,-86,0.001869,51,2024-10-11 17:12:51.001842,166,1.037,0.0011,"aoml_navis",1026.24565614068
"7901009",49,0.0116476243413099,1,0.042987,1,0.020559,1,146.872501361245,1,4.87201111794403,168,1,22.6359996795654,36.984001159668,0.0429870001971722,0.0299040004611015,141.630004882812,-86.0475,23.0983,63.5868445398825,63,63,63,63,61,63,0.020559,8763,1.76508096394256,23,-86,0.001869,51,2024-10-11 17:12:51.001842,168,1.037,0.0011,"aoml_navis",1026.2702360396
"7901009",49,0.00635324964071447,1,0.033642,1,0.011214,1,147.037272505993,1,4.87188801049973,170,1,22.5709991455078,36.9819984436035,0.0336420014500618,0.020558999851346,141.78889465332,-86.0475,23.0983,63.5868445398825,63,63,63,63,61,63,0.011214,8763,1.76508096394256,23,-86,0.001869,51,2024-10-11 17:12:51.001842,170,1.037,0.0011,"aoml_navis",1026.2961688003
"7901009",49,0.00105887494011908,1,0.024297,1,0.001869,1,147.960326376897,1,4.87162385147517,172,1,22.3950004577637,36.9770011901855,0.0242970008403063,0.0112140001729131,142.679000854492,-86.0475,23.0983,63.5868445398825,63,63,63,63,61,63,0.001869,8763,1.76508096394256,23,-86,0.001869,51,2024-10-11 17:12:51.001842,172,1.037,0.0011,"aoml_navis",1026.35181870332
"7901009",49,0,1,0.022428,1,0,1,148.23554624827,1,4.87149509058457,174,1,22.3360004425049,36.9790000915527,0.0224280003458261,0.00934499967843294,142.944396972656,-86.0475,23.0983,63.5868445398825,63,63,63,63,61,63,0,8763,1.76508096394256,23,-86,0.001869,51,2024-10-11 17:12:51.001842,174,1.037,0.0011,"aoml_navis",1026.3789467147
"7901009",49,0.00105887494011908,1,0.024297,1,0.001869,1,148.247999421315,1,4.87141943514601,176,1,22.2999992370605,36.9749984741211,0.0242970008403063,0.0112140001729131,142.956405639648,-86.0475,23.0983,63.5868445398825,63,63,63,63,61,63,0.001869,8763,1.76508096394256,23,-86,0.001869,51,2024-10-11 17:12:51.001842,176,1.037,0.0011,"aoml_navis",1026.39488686322
"7901009",49,-0.00105887494011908,1,0.020559,1,-0.001869,1,149.19583304951,1,4.87124214885607,178,1,22.1840000152588,36.9690017700195,0.020558999851346,0.00747600011527538,143.870407104492,-86.0475,23.0983,63.5868445398825,63,63,63,63,61,63,-0.001869,8763,1.76508096394256,23,-86,0.001869,51,2024-10-11 17:12:51.001842,178,1.037,0.0011,"aoml_navis",1026.43224196403
"7901009",49,0.00423549976047631,1,0.029904,1,0.007476,1,149.094308833175,1,4.8711170236289,180,1,22.1299991607666,36.9720001220703,0.0299040004611015,0.0168210007250309,143.772506713867,-86.0475,23.0983,63.5868445398825,63,63,63,63,61,63,0.007476,8763,1.76508096394256,23,-86,0.001869,51,2024-10-11 17:12:51.001842,180,1.037,0.0011,"aoml_navis",1026.45860810691
"7901009",49,0.00211774988023816,1,0.026166,1,0.003738,1,147.250796161734,1,4.87092965628853,182,1,21.9899997711182,36.9599990844727,0.0261659994721413,0.0130829997360706,141.99479675293,-86.0475,23.0983,63.5868445398825,63,63,63,63,61,63,0.003738,8763,1.76508096394256,23,-86,0.001869,51,2024-10-11 17:12:51.001842,182,1.037,0.0011,"aoml_navis",1026.49809231895
"7901009",49,-0.00105887494011908,1,0.020559,1,-0.001869,1,146.09079970738,1,4.87070124312649,184,1,21.7679996490479,36.9290008544922,0.020558999851346,0.00747600011527538,140.876205444336,-86.0475,23.0983,63.5868445398825,63,63,63,63,61,63,-0.001869,8763,1.76508096394256,23,-86,0.001869,51,2024-10-11 17:12:51.001842,184,1.037,0.0011,"aoml_navis",1026.54623028994
"7901009",49,-0.00211774988023816,1,0.01869,1,-0.003738,1,145.839932356105,1,4.87053478725085,186,1,21.6259994506836,36.9109992980957,0.0186899993568659,0.00560700008645654,140.634292602539,-86.0475,23.0983,63.5868445398825,63,63,63,63,61,63,-0.003738,8763,1.76508096394256,23,-86,0.001869,51,2024-10-11 17:12:51.001842,186,1.037,0.0011,"aoml_navis",1026.58131363481
"7901009",49,-0.00529437470059539,4,0.013083,1,-0.009345,1,145.936377196904,1,4.87035122870061,188,1,21.4759998321533,36.8950004577637,0.0130829997360706,0,140.727294921875,-86.0475,23.0983,63.5868445398825,63,63,63,63,61,63,-0.009345,8763,1.76508096394256,23,-86,0.001869,51,2024-10-11 17:12:51.001842,188,1.037,0.0011,"aoml_navis",1026.62000443323
"7901009",49,-0.00211774988023816,1,0.01869,1,-0.003738,1,145.914920395571,1,4.87020246137648,190,1,21.3570003509521,36.8810005187988,0.0186899993568659,0.00560700008645654,140.706604003906,-86.0475,23.0983,63.5868445398825,63,63,63,63,61,63,-0.003738,8763,1.76508096394256,23,-86,0.001869,51,2024-10-11 17:12:51.001842,190,1.037,0.0011,"aoml_navis",1026.65136401472
"7901009",49,-0.00211774988023816,1,0.01869,1,-0.003738,1,146.146799427083,1,4.87001482902419,192,1,21.2000007629395,36.8639984130859,0.0186899993568659,0.00560700008645654,140.930206298828,-86.0475,23.0983,63.5868445398825,63,63,63,63,61,63,-0.003738,8763,1.76508096394256,23,-86,0.001869,51,2024-10-11 17:12:51.001842,192,1.037,0.0011,"aoml_navis",1026.69091892721
"7901009",49,-0.00317662482035723,1,0.016821,1,-0.005607,1,146.446704114148,1,4.86981269442146,194,1,21.0340003967285,36.8479995727539,0.0168210007250309,0.00373800005763769,141.21940612793,-86.0475,23.0983,63.5868445398825,63,63,63,63,61,63,-0.005607,8763,1.76508096394256,23,-86,0.001869,51,2024-10-11 17:12:51.001842,194,1.037,0.0011,"aoml_navis",1026.73353448022
"7901009",49,-0.00317662482035723,1,0.016821,1,-0.005607,1,146.672348647338,1,4.86965023583557,196,1,20.9029998779297,36.8339996337891,0.0168210007250309,0.00373800005763769,141.436996459961,-86.0475,23.0983,63.5868445398825,63,63,63,63,61,63,-0.005607,8763,1.76508096394256,23,-86,0.001869,51,2024-10-11 17:12:51.001842,196,1.037,0.0011,"aoml_navis",1026.76778779823
"7901009",49,-0.00317662482035723,1,0.016821,1,-0.005607,1,146.693299093477,1,4.86956145768882,198,1,20.8500003814697,36.8279991149902,0.0168210007250309,0.00373800005763769,141.45719909668,-86.0475,23.0983,63.5868445398825,63,63,63,63,61,63,-0.005607,8763,1.76508096394256,23,-86,0.001869,51,2024-10-11 17:12:51.001842,198,1.037,0.0011,"aoml_navis",1026.78650704885
"7901009",49,-0.00317662482035723,1,0.016821,1,-0.005607,1,146.829049756186,1,4.86947316146047,200,1,20.7889995574951,36.8190002441406,0.0168210007250309,0.00373800005763769,141.588104248047,-86.0475,23.0983,63.5868445398825,63,63,63,63,61,63,-0.005607,8763,1.76508096394256,23,-86,0.001869,51,2024-10-11 17:12:51.001842,200,1.037,0.0011,"aoml_navis",1026.80512536194
"7901009",49,0,1,0.022428,1,0,1,147.049409207042,1,4.86935676853239,202,1,20.6979999542236,36.806999206543,0.0224280003458261,0.00934499967843294,141.800598144531,-86.0475,23.0983,63.5868445398825,63,63,63,63,61,63,0,8763,1.76508096394256,23,-86,0.001869,51,2024-10-11 17:12:51.001842,202,1.037,0.0011,"aoml_navis",1026.82966923103
"7901009",49,-0.00211774988023816,1,0.01869,1,-0.003738,1,147.556919523521,1,4.86917101153181,204,1,20.5310001373291,36.7869987487793,0.0186899993568659,0.00560700008645654,142.289993286133,-86.0475,23.0983,63.5868445398825,63,63,63,63,61,63,-0.003738,8763,1.76508096394256,23,-86,0.001869,51,2024-10-11 17:12:51.001842,204,1.037,0.0011,"aoml_navis",1026.86884238782
"7901009",49,-0.00423549976047631,1,0.014952,1,-0.007476,1,148.324728056759,1,4.86892817744087,206,1,20.3020000457764,36.7610015869141,0.0149520002305508,0.00186900002881885,143.030395507812,-86.0475,23.0983,63.5868445398825,63,63,63,63,61,63,-0.007476,8763,1.76508096394256,23,-86,0.001869,51,2024-10-11 17:12:51.001842,206,1.037,0.0011,"aoml_navis",1026.92005669059
"7901009",49,-0.00211774988023816,1,0.01869,1,-0.003738,1,148.932322641992,1,4.86872750483576,208,1,20.1100006103516,36.7369995117188,0.0186899993568659,0.00560700008645654,143.616302490234,-86.0475,23.0983,63.5868445398825,63,63,63,63,61,63,-0.003738,8763,1.76508096394256,23,-86,0.001869,51,2024-10-11 17:12:51.001842,208,1.037,0.0011,"aoml_navis",1026.96238288831
"7901009",49,-0.00211774988023816,1,0.01869,1,-0.003738,1,149.057803788429,1,4.8686420066234,210,1,20.0470008850098,36.7270011901855,0.0186899993568659,0.00560700008645654,143.7373046875,-86.0475,23.0983,63.5868445398825,63,63,63,63,61,63,-0.003738,8763,1.76508096394256,23,-86,0.001869,51,2024-10-11 17:12:51.001842,210,1.037,0.0011,"aoml_navis",1026.98041737263
"7901009",49,-0.00317662482035723,1,0.016821,1,-0.005607,1,149.468663557312,1,4.86846962178829,212,1,19.8899993896484,36.7080001831055,0.0168210007250309,0.00373800005763769,144.133499145508,-86.0475,23.0983,63.5868445398825,63,63,63,63,61,63,-0.005607,8763,1.76508096394256,23,-86,0.001869,51,2024-10-11 17:12:51.001842,212,1.037,0.0011,"aoml_navis",1027.01678113037
"7901009",49,-0.00211774988023816,1,0.01869,1,-0.003738,1,149.570599187243,1,4.86837434412865,214,1,19.8159999847412,36.6969985961914,0.0186899993568659,0.00560700008645654,144.231796264648,-86.0475,23.0983,63.5868445398825,63,63,63,63,61,63,-0.003738,8763,1.76508096394256,23,-86,0.001869,51,2024-10-11 17:12:51.001842,214,1.037,0.0011,"aoml_navis",1027.03688060268
"7901009",49,-0.00317662482035723,1,0.016821,1,-0.005607,1,149.684987990218,1,4.86829878230492,216,1,19.7660007476807,36.6889991760254,0.0168210007250309,0.00373800005763769,144.342102050781,-86.0475,23.0983,63.5868445398825,63,63,63,63,61,63,-0.005607,8763,1.76508096394256,23,-86,0.001869,51,2024-10-11 17:12:51.001842,216,1.037,0.0011,"aoml_navis",1027.05282144428
"7901009",49,-0.00529437470059539,1,0.013083,1,-0.009345,1,150.182861734418,1,4.86815347476047,218,1,19.6319999694824,36.6710014343262,0.0130829997360706,0,144.822204589844,-86.0475,23.0983,63.5868445398825,63,63,63,63,61,63,-0.009345,8763,1.76508096394256,23,-86,0.001869,51,2024-10-11 17:12:51.001842,218,1.037,0.0011,"aoml_navis",1027.08347752862
"7901009",49,-0.00211774988023816,1,0.01869,1,-0.003738,1,150.469696128046,1,4.86803585136131,220,1,19.5310001373291,36.6570014953613,0.0186899993568659,0.00560700008645654,145.09880065918,-86.0475,23.0983,63.5868445398825,63,63,63,63,61,63,-0.003738,8763,1.76508096394256,23,-86,0.001869,51,2024-10-11 17:12:51.001842,220,1.037,0.0011,"aoml_navis",1027.10829432404
"7901009",49,-0.00529437470059539,1,0.013083,1,-0.009345,1,150.596110866871,1,4.86791862882293,222,1,19.4300003051758,36.6430015563965,0.0130829997360706,0,145.220703125,-86.0475,23.0983,63.5868445398825,63,63,63,63,61,63,-0.009345,8763,1.76508096394256,23,-86,0.001869,51,2024-10-11 17:12:51.001842,222,1.037,0.0011,"aoml_navis",1027.13302773695
"7901009",49,-0.00317662482035723,1,0.016821,1,-0.005607,1,150.526012319744,1,4.86782717264869,224,1,19.3579998016357,36.6319999694824,0.0168210007250309,0.00373800005763769,145.153106689453,-86.0475,23.0983,63.5868445398825,63,63,63,63,61,63,-0.005607,8763,1.76508096394256,23,-86,0.001869,51,2024-10-11 17:12:51.001842,224,1.037,0.0011,"aoml_navis",1027.15232539355
"7901009",49,-0.00317662482035723,1,0.016821,1,-0.005607,1,150.505789759196,1,4.86772059828242,226,1,19.2649993896484,36.6180000305176,0.0168210007250309,0.00373800005763769,145.133605957031,-86.0475,23.0983,63.5868445398825,63,63,63,63,61,63,-0.005607,8763,1.76508096394256,23,-86,0.001869,51,2024-10-11 17:12:51.001842,226,1.037,0.0011,"aoml_navis",1027.17481397027
"7901009",49,-0.00423549976047631,1,0.014952,1,-0.007476,1,150.948581552482,1,4.8675638099583,228,1,19.1049995422363,36.5950012207031,0.0149520002305508,0.00186900002881885,145.560592651367,-86.0475,23.0983,63.5868445398825,63,63,63,63,61,63,-0.007476,8763,1.76508096394256,23,-86,0.001869,51,2024-10-11 17:12:51.001842,228,1.037,0.0011,"aoml_navis",1027.20790013492
"7901009",49,-0.00423549976047631,1,0.014952,1,-0.007476,1,150.871014266248,1,4.86745578943912,230,1,19.0130004882812,36.5820007324219,0.0149520002305508,0.00186900002881885,145.485794067383,-86.0475,23.0983,63.5868445398825,63,63,63,63,61,63,-0.007476,8763,1.76508096394256,23,-86,0.001869,51,2024-10-11 17:12:51.001842,230,1.037,0.0011,"aoml_navis",1027.23069634211
"7901009",49,-0.00317662482035723,1,0.016821,1,-0.005607,1,150.62514717251,1,4.86737545543998,232,1,18.9519996643066,36.5719985961914,0.0168210007250309,0.00373800005763769,145.24870300293,-86.0475,23.0983,63.5868445398825,63,63,63,63,61,63,-0.005607,8763,1.76508096394256,23,-86,0.001869,51,2024-10-11 17:12:51.001842,232,1.037,0.0011,"aoml_navis",1027.24765035576
"7901009",49,-0.00211774988023816,1,0.01869,1,-0.003738,1,150.817198203318,1,4.86728902537749,234,1,18.882999420166,36.5610008239746,0.0186899993568659,0.00560700008645654,145.433898925781,-86.0475,23.0983,63.5868445398825,63,63,63,63,61,63,-0.003738,8763,1.76508096394256,23,-86,0.001869,51,2024-10-11 17:12:51.001842,234,1.037,0.0011,"aoml_navis",1027.26589153234
"7901009",49,-0.00317662482035723,1,0.016821,1,-0.005607,1,151.303868838857,1,4.86721526216799,236,1,18.8330001831055,36.5530014038086,0.0168210007250309,0.00373800005763769,145.903198242188,-86.0475,23.0983,63.5868445398825,63,63,63,63,61,63,-0.005607,8763,1.76508096394256,23,-86,0.001869,51,2024-10-11 17:12:51.001842,236,1.037,0.0011,"aoml_navis",1027.28145986559
"7901009",49,0,1,0.022428,1,0,1,152.113467499174,1,4.86712677192864,238,1,18.7649993896484,36.5429992675781,0.0224280003458261,0.00934499967843294,146.683898925781,-86.0475,23.0983,63.5868445398825,63,63,63,63,61,63,0,8763,1.76508096394256,23,-86,0.001869,51,2024-10-11 17:12:51.001842,238,1.037,0.0011,"aoml_navis",1027.30013708246
"7901009",49,-0.00317662482035723,1,0.016821,1,-0.005607,1,153.034226948107,1,4.86702744344092,240,1,18.6879997253418,36.5330009460449,0.0168210007250309,0.00373800005763769,147.571792602539,-86.0475,23.0983,63.5868445398825,63,63,63,63,61,63,-0.005607,8763,1.76508096394256,23,-86,0.001869,51,2024-10-11 17:12:51.001842,240,1.037,0.0011,"aoml_navis",1027.32110268626
"7901009",49,-0.00211774988023816,1,0.01869,1,-0.003738,1,153.044923701574,1,4.86692840145018,242,1,18.6140003204346,36.523998260498,0.0186899993568659,0.00560700008645654,147.582107543945,-86.0475,23.0983,63.5868445398825,63,63,63,63,61,63,-0.003738,8763,1.76508096394256,23,-86,0.001869,51,2024-10-11 17:12:51.001842,242,1.037,0.0011,"aoml_navis",1027.34200867023
"7901009",49,-0.00423549976047631,1,0.014952,1,-0.007476,1,153.050208783908,1,4.86686983161004,244,1,18.5820007324219,36.5180015563965,0.0149520002305508,0.00186900002881885,147.587203979492,-86.0475,23.0983,63.5868445398825,63,63,63,63,61,63,-0.007476,8763,1.76508096394256,23,-86,0.001869,51,2024-10-11 17:12:51.001842,244,1.037,0.0011,"aoml_navis",1027.35437211106
"7901009",49,-0.00211774988023816,1,0.01869,1,-0.003738,1,153.035999191285,1,4.86681753761501,246,1,18.5669994354248,36.515998840332,0.0186899993568659,0.00560700008645654,147.573501586914,-86.0475,23.0983,63.5868445398825,63,63,63,63,61,63,-0.003738,8763,1.76508096394256,23,-86,0.001869,51,2024-10-11 17:12:51.001842,246,1.037,0.0011,"aoml_navis",1027.36541104236
"7901009",49,-0.00529437470059539,1,0.013083,1,-0.009345,1,153.107442744395,1,4.86675538583881,248,1,18.5319995880127,36.5099983215332,0.0130829997360706,0,147.642395019531,-86.0475,23.0983,63.5868445398825,63,63,63,63,61,63,-0.009345,8763,1.76508096394256,23,-86,0.001869,51,2024-10-11 17:12:51.001842,248,1.037,0.0011,"aoml_navis",1027.37853119738
"7901009",49,0,1,0.016821,1,-0.005607,1,153.453504872085,1,4.86668469718256,250,1,18.4810009002686,36.5009994506836,0.0168210007250309,0,147.976104736328,-86.0475,23.0983,63.5868445398825,63,63,63,63,61,63,0,8763,1.76508096394256,23,-86,0.001869,51,2024-10-11 17:12:51.001842,250,1.037,0.0011,"aoml_navis",1027.39345388343
"7901009",49,0,1,0.013083,1,-0.009345,1,153.612468755705,1,4.86660931224836,252,1,18.4349994659424,36.4949989318848,0.0130829997360706,0,148.12939453125,-86.0475,23.0983,63.5868445398825,63,63,63,63,61,63,0,8763,1.76508096394256,23,-86,0.001869,51,2024-10-11 17:12:51.001842,252,1.037,0.0011,"aoml_navis",1027.40936845206
"7901009",49,0,1,0.013083,1,-0.009345,1,153.623671864366,1,4.86654614159462,254,1,18.4050006866455,36.4910011291504,0.0130829997360706,0,148.140197753906,-86.0475,23.0983,63.5868445398825,63,63,63,63,61,63,0,8763,1.76508096394256,23,-86,0.001869,51,2024-10-11 17:12:51.001842,254,1.037,0.0011,"aoml_navis",1027.4227048347
"7901009",49,0,1,0.01869,1,-0.003738,1,153.391998539651,1,4.86650363375396,256,1,18.4009990692139,36.4900016784668,0.0186899993568659,0,147.916793823242,-86.0475,23.0983,63.5868445398825,63,63,63,63,61,63,0,8763,1.76508096394256,23,-86,0.001869,51,2024-10-11 17:12:51.001842,256,1.037,0.0011,"aoml_navis",1027.43167914642
"7901009",49,0,1,0.016821,1,-0.005607,1,153.162208223313,1,4.86643565933807,258,1,18.3640003204346,36.4850006103516,0.0168210007250309,0,147.695205688477,-86.0475,23.0983,63.5868445398825,63,63,63,63,61,63,0,8763,1.76508096394256,23,-86,0.001869,51,2024-10-11 17:12:51.001842,258,1.037,0.0011,"aoml_navis",1027.44603032111
"7901009",49,0,1,0.014952,1,-0.007476,1,152.865310020211,1,4.86637133811049,260,1,18.3209991455078,36.4770011901855,0.0149520002305508,0,147.408905029297,-86.0475,23.0983,63.5868445398825,63,63,63,63,61,63,0,8763,1.76508096394256,23,-86,0.001869,51,2024-10-11 17:12:51.001842,260,1.037,0.0011,"aoml_navis",1027.45961058151
"7901009",49,0,1,0.01869,1,-0.003738,1,152.287796098203,1,4.86631796687024,262,1,18.298999786377,36.4729995727539,0.0186899993568659,0,146.852005004883,-86.0475,23.0983,63.5868445398825,63,63,63,63,61,63,0,8763,1.76508096394256,23,-86,0.001869,51,2024-10-11 17:12:51.001842,262,1.037,0.0011,"aoml_navis",1027.47087922324
"7901009",49,0,1,0.016821,1,-0.005607,1,151.581066660205,1,4.86625978448562,264,1,18.2700004577637,36.4679985046387,0.0168210007250309,0,146.170501708984,-86.0475,23.0983,63.5868445398825,63,63,63,63,61,63,0,8763,1.76508096394256,23,-86,0.001869,51,2024-10-11 17:12:51.001842,264,1.037,0.0011,"aoml_navis",1027.483163957
"7901009",49,0,1,0.016821,1,-0.005607,1,151.608330722665,1,4.86620523623276,266,1,18.2409992218018,36.4620018005371,0.0168210007250309,0,146.196792602539,-86.0475,23.0983,63.5868445398825,63,63,63,63,61,63,0,8763,1.76508096394256,23,-86,0.001869,51,2024-10-11 17:12:51.001842,266,1.037,0.0011,"aoml_navis",1027.49468164043
"7901009",49,0,1,0.013083,1,-0.009345,1,151.180460583994,1,4.86613026424775,268,1,18.1949996948242,36.4560012817383,0.0130829997360706,0,145.784194946289,-86.0475,23.0983,63.5868445398825,63,63,63,63,61,63,0,8763,1.76508096394256,23,-86,0.001869,51,2024-10-11 17:12:51.001842,268,1.037,0.0011,"aoml_navis",1027.5105121488
"7901009",49,0,1,0.013083,1,-0.009345,1,150.367760498115,1,4.86603387838294,270,1,18.1100006103516,36.443000793457,0.0130829997360706,0,145.000503540039,-86.0475,23.0983,63.5868445398825,63,63,63,63,61,63,0,8763,1.76508096394256,23,-86,0.001869,51,2024-10-11 17:12:51.001842,270,1.037,0.0011,"aoml_navis",1027.53086496422
"7901009",49,0,1,0.013083,1,-0.009345,1,149.585014486663,1,4.86598076318338,272,1,18.076000213623,36.435001373291,0.0130829997360706,0,144.245697021484,-86.0475,23.0983,63.5868445398825,63,63,63,63,61,63,0,8763,1.76508096394256,23,-86,0.001869,51,2024-10-11 17:12:51.001842,272,1.037,0.0011,"aoml_navis",1027.54208110123
"7901009",49,0,1,0.014952,1,-0.007476,1,148.771586515194,1,4.8659264418489,274,1,18.0470008850098,36.4290008544922,0.0149520002305508,0,143.461303710938,-86.0475,23.0983,63.5868445398825,63,63,63,63,61,63,0,8763,1.76508096394256,23,-86,0.001869,51,2024-10-11 17:12:51.001842,274,1.037,0.0011,"aoml_navis",1027.55355218649
"7901009",49,0,1,0.014952,1,-0.007476,1,148.162536158779,1,4.86585789876555,276,1,17.9969997406006,36.4199981689453,0.0149520002305508,0,142.873992919922,-86.0475,23.0983,63.5868445398825,63,63,63,63,61,63,0,8763,1.76508096394256,23,-86,0.001869,51,2024-10-11 17:12:51.001842,276,1.037,0.0011,"aoml_navis",1027.56802685678
"7901009",49,0,1,0.016821,1,-0.005607,1,148.134749917525,1,4.86576340614696,278,1,17.9099998474121,36.4059982299805,0.0168210007250309,0,142.847198486328,-86.0475,23.0983,63.5868445398825,63,63,63,63,61,63,0,8763,1.76508096394256,23,-86,0.001869,51,2024-10-11 17:12:51.001842,278,1.037,0.0011,"aoml_navis",1027.58798212084
"7901009",49,0,1,0.020559,1,-0.001869,1,148.327006655131,1,4.86569859197849,280,1,17.8689994812012,36.398998260498,0.020558999851346,0,143.032592773438,-86.0475,23.0983,63.5868445398825,63,63,63,63,61,63,0,8763,1.76508096394256,23,-86,0.001869,51,2024-10-11 17:12:51.001842,280,1.037,0.0011,"aoml_navis",1027.60167023969
"7901009",49,0,1,0.013083,1,-0.009345,1,148.325661649147,1,4.86565023164839,282,1,17.8570003509521,36.3969993591309,0.0130829997360706,0,143.031295776367,-86.0475,23.0983,63.5868445398825,63,63,63,63,61,63,0,8763,1.76508096394256,23,-86,0.001869,51,2024-10-11 17:12:51.001842,282,1.037,0.0011,"aoml_navis",1027.61188370626
"7901009",49,0,1,0.016821,1,-0.005607,1,148.068180033154,1,4.86559133609499,284,1,17.8269996643066,36.3919982910156,0.0168210007250309,0,142.783004760742,-86.0475,23.0983,63.5868445398825,63,63,63,63,61,63,0,8763,1.76508096394256,23,-86,0.001869,51,2024-10-11 17:12:51.001842,284,1.037,0.0011,"aoml_navis",1027.62432243495
"7901009",49,0,4,0.011214,1,-0.011214,1,147.369219982659,1,4.86551507352835,286,1,17.7609996795654,36.3800010681152,0.0112140001729131,0,142.108993530273,-86.0475,23.0983,63.5868445398825,63,63,63,63,61,63,0,8763,1.76508096394256,23,-86,0.001869,51,2024-10-11 17:12:51.001842,286,1.037,0.0011,"aoml_navis",1027.64042952068
"7901009",49,0,1,0.01869,1,-0.003738,1,147.065375219243,1,4.86537718786668,288,1,17.6089992523193,36.3569984436035,0.0186899993568659,0,141.815994262695,-86.0475,23.0983,63.5868445398825,63,63,63,63,61,63,0,8763,1.76508096394256,23,-86,0.001869,51,2024-10-11 17:12:51.001842,288,1.037,0.0011,"aoml_navis",1027.66955303466
"7901009",49,0,1,0.016821,1,-0.005607,1,147.118684926979,1,4.86529099413785,290,1,17.5310001373291,36.3440017700195,0.0168210007250309,0,141.867401123047,-86.0475,23.0983,63.5868445398825,63,63,63,63,61,63,0,8763,1.76508096394256,23,-86,0.001869,51,2024-10-11 17:12:51.001842,290,1.037,0.0011,"aoml_navis",1027.6877592778
"7901009",49,0,1,0.020559,1,-0.001869,1,147.387480416832,1,4.86524079696981,292,1,17.5049991607666,36.3380012512207,0.020558999851346,0,142.126602172852,-86.0475,23.0983,63.5868445398825,63,63,63,63,61,63,0,8763,1.76508096394256,23,-86,0.001869,51,2024-10-11 17:12:51.001842,292,1.037,0.0011,"aoml_navis",1027.698362456
"7901009",49,0,1,0.014952,1,-0.007476,1,147.824164300593,1,4.86516830099243,294,1,17.4599990844727,36.3320007324219,0.0149520002305508,0,142.547698974609,-86.0475,23.0983,63.5868445398825,63,63,63,63,61,63,0,8763,1.76508096394256,23,-86,0.001869,51,2024-10-11 17:12:51.001842,294,1.037,0.0011,"aoml_navis",1027.71367621138
"7901009",49,0,1,0.014952,1,-0.007476,1,148.027624146859,1,4.86510281743098,296,1,17.423999786377,36.3269996643066,0.0149520002305508,0,142.743896484375,-86.0475,23.0983,63.5868445398825,63,63,63,63,61,63,0,8763,1.76508096394256,23,-86,0.001869,51,2024-10-11 17:12:51.001842,296,1.037,0.0011,"aoml_navis",1027.72750908484
"7901009",49,0,1,0.01869,1,-0.003738,1,148.223726019217,1,4.86501228076219,298,1,17.3479995727539,36.3160018920898,0.0186899993568659,0,142.932998657227,-86.0475,23.0983,63.5868445398825,63,63,63,63,61,63,0,8763,1.76508096394256,23,-86,0.001869,51,2024-10-11 17:12:51.001842,298,1.037,0.0011,"aoml_navis",1027.74663483823
"7901009",49,0,1,0.014952,1,-0.007476,1,148.650567623901,1,4.86491836420058,300,1,17.2719993591309,36.3059997558594,0.0149520002305508,0,143.344604492188,-86.0475,23.0983,63.5868445398825,63,63,63,63,61,63,0,8763,1.76508096394256,23,-86,0.001869,51,2024-10-11 17:12:51.001842,300,1.037,0.0011,"aoml_navis",1027.76647534179
"7901009",49,0,1,0.016821,1,-0.005607,1,148.675236615994,1,4.86483824488817,302,1,17.2169990539551,36.298999786377,0.0168210007250309,0,143.368392944336,-86.0475,23.0983,63.5868445398825,63,63,63,63,61,63,0,8763,1.76508096394256,23,-86,0.001869,51,2024-10-11 17:12:51.001842,302,1.037,0.0011,"aoml_navis",1027.78340168943
"7901009",49,0,1,0.011214,1,-0.011214,1,148.547587636384,1,4.86476987456277,304,1,17.1720008850098,36.2919998168945,0.0112140001729131,0,143.245300292969,-86.0475,23.0983,63.5868445398825,63,63,63,63,61,63,0,8763,1.76508096394256,23,-86,0.001869,51,2024-10-11 17:12:51.001842,304,1.037,0.0011,"aoml_navis",1027.79784633685
"7901009",49,0,1,0.014952,1,-0.007476,1,148.201636273892,1,4.86471626628813,306,1,17.1490001678467,36.2879981994629,0.0149520002305508,0,142.911697387695,-86.0475,23.0983,63.5868445398825,63,63,63,63,61,63,0,8763,1.76508096394256,23,-86,0.001869,51,2024-10-11 17:12:51.001842,306,1.037,0.0011,"aoml_navis",1027.80917247926
"7901009",49,0,1,0.016821,1,-0.005607,1,147.900275815645,1,4.86465932142828,308,1,17.1200008392334,36.2830009460449,0.0168210007250309,0,142.62109375,-86.0475,23.0983,63.5868445398825,63,63,63,63,61,63,0,8763,1.76508096394256,23,-86,0.001869,51,2024-10-11 17:12:51.001842,308,1.037,0.0011,"aoml_navis",1027.8212038355
"7901009",49,0,1,0.014952,1,-0.007476,1,147.528611103474,1,4.86461141561397,310,1,17.1049995422363,36.2799987792969,0.0149520002305508,0,142.2626953125,-86.0475,23.0983,63.5868445398825,63,63,63,63,61,63,0,8763,1.76508096394256,23,-86,0.001869,51,2024-10-11 17:12:51.001842,310,1.037,0.0011,"aoml_navis",1027.83132563301
"7901009",49,0,1,0.014952,1,-0.007476,1,147.050548506228,1,4.86455714212678,312,1,17.07200050354,36.2729988098145,0.0149520002305508,0,141.801696777344,-86.0475,23.0983,63.5868445398825,63,63,63,63,61,63,0,8763,1.76508096394256,23,-86,0.001869,51,2024-10-11 17:12:51.001842,312,1.037,0.0011,"aoml_navis",1027.84279306749
"7901009",49,0,1,0.014952,1,-0.007476,1,146.502482303453,1,4.86446549078654,314,1,16.9909992218018,36.2610015869141,0.0149520002305508,0,141.273193359375,-86.0475,23.0983,63.5868445398825,63,63,63,63,61,63,0,8763,1.76508096394256,23,-86,0.001869,51,2024-10-11 17:12:51.001842,314,1.037,0.0011,"aoml_navis",1027.86215864213
"7901009",49,0,1,0.016821,1,-0.005607,1,145.908068776856,1,4.86437117910137,316,1,16.8980007171631,36.2459983825684,0.0168210007250309,0,140.699996948242,-86.0475,23.0983,63.5868445398825,63,63,63,63,61,63,0,8763,1.76508096394256,23,-86,0.001869,51,2024-10-11 17:12:51.001842,316,1.037,0.0011,"aoml_navis",1027.88208709922
"7901009",49,0,1,0.014952,1,-0.007476,1,145.339479365137,1,4.86428506440585,318,1,16.8150005340576,36.2319984436035,0.0149520002305508,0,140.151702880859,-86.0475,23.0983,63.5868445398825,63,63,63,63,61,63,0,8763,1.76508096394256,23,-86,0.001869,51,2024-10-11 17:12:51.001842,318,1.037,0.0011,"aoml_navis",1027.90028417274
"7901009",49,0,1,0.014952,1,-0.007476,1,144.874059824134,1,4.86423210957411,320,1,16.7859992980957,36.226001739502,0.0149520002305508,0,139.702896118164,-86.0475,23.0983,63.5868445398825,63,63,63,63,61,63,0,8763,1.76508096394256,23,-86,0.001869,51,2024-10-11 17:12:51.001842,320,1.037,0.0011,"aoml_navis",1027.91147448714
"7901009",49,0,1,0.016821,1,-0.005607,1,144.032529139414,1,4.86418819133056,322,1,16.7679996490479,36.2210006713867,0.0168210007250309,0,138.891403198242,-86.0475,23.0983,63.5868445398825,63,63,63,63,61,63,0,8763,1.76508096394256,23,-86,0.001869,51,2024-10-11 17:12:51.001842,322,1.037,0.0011,"aoml_navis",1027.92075539172
"7901009",49,0,1,0.016821,1,-0.005607,1,143.37205208364,1,4.86409335564362,324,1,16.6770000457764,36.2070007324219,0.0168210007250309,0,138.254501342773,-86.0475,23.0983,63.5868445398825,63,63,63,63,61,63,0,8763,1.76508096394256,23,-86,0.001869,51,2024-10-11 17:12:51.001842,324,1.037,0.0011,"aoml_navis",1027.94079685964
"7901009",49,0,1,0.01869,1,-0.003738,1,142.659721091311,1,4.86404647809555,326,1,16.6499996185303,36.2000007629395,0.0186899993568659,0,137.567596435547,-86.0475,23.0983,63.5868445398825,63,63,63,63,61,63,0,8763,1.76508096394256,23,-86,0.001869,51,2024-10-11 17:12:51.001842,326,1.037,0.0011,"aoml_navis",1027.9507037025
"7901009",49,0,1,0.014952,1,-0.007476,1,142.071431297838,1,4.86398748715171,328,1,16.6060009002686,36.1910018920898,0.0149520002305508,0,137.000305175781,-86.0475,23.0983,63.5868445398825,63,63,63,63,61,63,0,8763,1.76508096394256,23,-86,0.001869,51,2024-10-11 17:12:51.001842,328,1.037,0.0011,"aoml_navis",1027.96317079507
"7901009",49,0,1,0.016821,1,-0.005607,1,141.511133452416,1,4.86388826074437,330,1,16.5170001983643,36.1790008544922,0.0168210007250309,0,136.460006713867,-86.0475,23.0983,63.5868445398825,63,63,63,63,61,63,0,8763,1.76508096394256,23,-86,0.001869,51,2024-10-11 17:12:51.001842,330,1.037,0.0011,"aoml_navis",1027.98414189614
"7901009",49,0,1,0.014952,1,-0.007476,1,141.419862928752,1,4.86380182313713,332,1,16.4389991760254,36.1669998168945,0.0149520002305508,0,136.371994018555,-86.0475,23.0983,63.5868445398825,63,63,63,63,61,63,0,8763,1.76508096394256,23,-86,0.001869,51,2024-10-11 17:12:51.001842,332,1.037,0.0011,"aoml_navis",1028.00241083322
"7901009",49,0,1,0.01869,1,-0.003738,1,141.586722788674,1,4.86374093435882,334,1,16.3929996490479,36.1580009460449,0.0186899993568659,0,136.532897949219,-86.0475,23.0983,63.5868445398825,63,63,63,63,61,63,0,8763,1.76508096394256,23,-86,0.001869,51,2024-10-11 17:12:51.001842,334,1.037,0.0011,"aoml_navis",1028.01528031204
"7901009",49,0,1,0.01869,1,-0.003738,1,141.879585973827,1,4.86367287298323,336,1,16.3470001220703,36.1510009765625,0.0186899993568659,0,136.815307617188,-86.0475,23.0983,63.5868445398825,63,63,63,63,61,63,0,8763,1.76508096394256,23,-86,0.001869,51,2024-10-11 17:12:51.001842,336,1.037,0.0011,"aoml_navis",1028.02966617554
"7901009",49,0,1,0.016821,1,-0.005607,1,141.752126877414,1,4.86361747120934,338,1,16.3250007629395,36.1479988098145,0.0168210007250309,0,136.692398071289,-86.0475,23.0983,63.5868445398825,63,63,63,63,61,63,0,8763,1.76508096394256,23,-86,0.001869,51,2024-10-11 17:12:51.001842,338,1.037,0.0011,"aoml_navis",1028.04137652642
"7901009",49,0,1,0.01869,1,-0.003738,1,141.656821335801,1,4.86357335716902,340,1,16.3129997253418,36.1450004577637,0.0186899993568659,0,136.600494384766,-86.0475,23.0983,63.5868445398825,63,63,63,63,61,63,0,8763,1.76508096394256,23,-86,0.001869,51,2024-10-11 17:12:51.001842,340,1.037,0.0011,"aoml_navis",1028.05070116397
"7901009",49,0,1,0.016821,1,-0.005607,1,141.595742240562,1,4.86353716428918,342,1,16.3080005645752,36.1419982910156,0.0168210007250309,0,136.541595458984,-86.0475,23.0983,63.5868445398825,63,63,63,63,61,63,0,8763,1.76508096394256,23,-86,0.001869,51,2024-10-11 17:12:51.001842,342,1.037,0.0011,"aoml_navis",1028.05835158674
"7901009",49,0,1,0.016821,1,-0.005607,1,141.569206063693,1,4.8634546008181,344,1,16.2490005493164,36.1349983215332,0.0168210007250309,0,136.516006469727,-86.0475,23.0983,63.5868445398825,63,63,63,63,61,63,0,8763,1.76508096394256,23,-86,0.001869,51,2024-10-11 17:12:51.001842,344,1.037,0.0011,"aoml_navis",1028.07580421516
"7901009",49,0,1,0.016821,1,-0.005607,1,141.259554039149,1,4.86338305894406,346,1,16.1900005340576,36.125,0.0168210007250309,0,136.217407226562,-86.0475,23.0983,63.5868445398825,63,63,63,63,61,63,0,8763,1.76508096394256,23,-86,0.001869,51,2024-10-11 17:12:51.001842,346,1.037,0.0011,"aoml_navis",1028.09092752928
"7901009",49,0,1,0.014952,1,-0.007476,1,140.603317708122,1,4.86331785924022,348,1,16.1429996490479,36.117000579834,0.0149520002305508,0,135.584594726562,-86.0475,23.0983,63.5868445398825,63,63,63,63,61,63,0,8763,1.76508096394256,23,-86,0.001869,51,2024-10-11 17:12:51.001842,348,1.037,0.0011,"aoml_navis",1028.10471055271
"7901009",49,0,1,0.016821,1,-0.005607,1,140.102342538361,1,4.86325386760037,350,1,16.0970001220703,36.109001159668,0.0168210007250309,0,135.101501464844,-86.0475,23.0983,63.5868445398825,63,63,63,63,61,63,0,8763,1.76508096394256,23,-86,0.001869,51,2024-10-11 17:12:51.001842,350,1.037,0.0011,"aoml_navis",1028.11823855437
"7901009",49,0,1,0.01869,1,-0.003738,1,139.360358120002,1,4.8631980903644,352,1,16.068000793457,36.1040000915527,0.0186899993568659,0,134.386001586914,-86.0475,23.0983,63.5868445398825,63,63,63,63,61,63,0,8763,1.76508096394256,23,-86,0.001869,51,2024-10-11 17:12:51.001842,352,1.037,0.0011,"aoml_navis",1028.13003029974
"7901009",49,0,4,0.011214,1,-0.011214,1,138.569637014249,1,4.8631409345023,354,1,16.0279998779297,36.0960006713867,0.0112140001729131,0,133.623504638672,-86.0475,23.0983,63.5868445398825,63,63,63,63,61,63,0,8763,1.76508096394256,23,-86,0.001869,51,2024-10-11 17:12:51.001842,354,1.037,0.0011,"aoml_navis",1028.1421137781
"7901009",49,0,1,0.016821,1,-0.005607,1,137.575756710627,1,4.86307549601896,356,1,15.9739999771118,36.0859985351562,0.0168210007250309,0,132.665100097656,-86.0475,23.0983,63.5868445398825,63,63,63,63,61,63,0,8763,1.76508096394256,23,-86,0.001869,51,2024-10-11 17:12:51.001842,356,1.037,0.0011,"aoml_navis",1028.155948657
"7901009",49,0,1,0.014952,1,-0.007476,1,136.516968000613,1,4.86301741861299,358,1,15.9200000762939,36.0740013122559,0.0149520002305508,0,131.644104003906,-86.0475,23.0983,63.5868445398825,63,63,63,63,61,63,0,8763,1.76508096394256,23,-86,0.001869,51,2024-10-11 17:12:51.001842,358,1.037,0.0011,"aoml_navis",1028.16822758288
"7901009",49,0,1,0.01869,1,-0.003738,1,135.980627085293,1,4.86291371430188,360,1,15.7919998168945,36.0519981384277,0.0186899993568659,0,131.126907348633,-86.0475,23.0983,63.5868445398825,63,63,63,63,61,63,0,8763,1.76508096394256,23,-86,0.001869,51,2024-10-11 17:12:51.001842,360,1.037,0.0011,"aoml_navis",1028.19015383616
"7901009",49,0,1,0.016821,1,-0.005607,1,135.409015366012,1,4.86283535884006,362,1,15.7159996032715,36.0390014648438,0.0168210007250309,0,130.575698852539,-86.0475,23.0983,63.5868445398825,63,63,63,63,61,63,0,8763,1.76508096394256,23,-86,0.001869,51,2024-10-11 17:12:51.001842,362,1.037,0.0011,"aoml_navis",1028.20672119005
"7901009",49,0,1,0.016821,1,-0.005607,1,134.994421227575,1,4.86275164577505,364,1,15.625,36.0229988098145,0.0168210007250309,0,130.175903320312,-86.0475,23.0983,63.5868445398825,63,63,63,63,61,63,0,8763,1.76508096394256,23,-86,0.001869,51,2024-10-11 17:12:51.001842,364,1.037,0.0011,"aoml_navis",1028.22442193695
"7901009",49,0,1,0.024297,1,0.001869,1,134.616838489078,1,4.86266024314059,366,1,15.5299997329712,36.007999420166,0.0242970008403063,0,129.811798095703,-86.0475,23.0983,63.5868445398825,63,63,63,63,61,63,0,8763,1.76508096394256,23,-86,0.001869,51,2024-10-11 17:12:51.001842,366,1.037,0.0011,"aoml_navis",1028.24374930433
"7901009",49,0,1,0.020559,1,-0.001869,1,133.912403473051,1,4.86258747618856,368,1,15.4650001525879,35.9970016479492,0.020558999851346,0,129.132507324219,-86.0475,23.0983,63.5868445398825,63,63,63,63,61,63,0,8763,1.76508096394256,23,-86,0.001869,51,2024-10-11 17:12:51.001842,368,1.037,0.0011,"aoml_navis",1028.259136619
"7901009",49,0,1,0.020559,1,-0.001869,1,133.035491219172,1,4.862512337916,370,1,15.3909997940063,35.984001159668,0.020558999851346,0,128.286895751953,-86.0475,23.0983,63.5868445398825,63,63,63,63,61,63,0,8763,1.76508096394256,23,-86,0.001869,51,2024-10-11 17:12:51.001842,370,1.037,0.0011,"aoml_navis",1028.27502585689
"7901009",49,0,1,0.016821,1,-0.005607,1,132.021293413403,1,4.86244581409434,372,1,15.3079996109009,35.9659996032715,0.0168210007250309,0,127.308898925781,-86.0475,23.0983,63.5868445398825,63,63,63,63,61,63,0,8763,1.76508096394256,23,-86,0.001869,51,2024-10-11 17:12:51.001842,372,1.037,0.0011,"aoml_navis",1028.28909383565
"7901009",49,0,1,0.01869,1,-0.003738,1,131.348584714981,1,4.86232139378862,374,1,15.1409997940063,35.9389991760254,0.0186899993568659,0,126.660202026367,-86.0475,23.0983,63.5868445398825,63,63,63,63,61,63,0,8763,1.76508096394256,23,-86,0.001869,51,2024-10-11 17:12:51.001842,374,1.037,0.0011,"aoml_navis",1028.31540637919
"7901009",49,0,1,0.01869,1,-0.003738,1,131.151446396836,1,4.86218738534952,376,1,14.9469995498657,35.9070014953613,0.0186899993568659,0,126.470100402832,-86.0475,23.0983,63.5868445398825,63,63,63,63,61,63,0,8763,1.76508096394256,23,-86,0.001869,51,2024-10-11 17:12:51.001842,376,1.037,0.0011,"aoml_navis",1028.34374813808
"7901009",49,0,1,0.014952,1,-0.007476,1,130.918633772935,1,4.86207765454251,378,1,14.8050003051758,35.8839988708496,0.0149520002305508,0,126.245597839355,-86.0475,23.0983,63.5868445398825,63,63,63,63,61,63,0,8763,1.76508096394256,23,-86,0.001869,51,2024-10-11 17:12:51.001842,378,1.037,0.0011,"aoml_navis",1028.36695652704
"7901009",49,0,1,0.016821,1,-0.005607,1,130.689666283787,1,4.86195421210166,380,1,14.6630001068115,35.8650016784668,0.0168210007250309,0,126.024803161621,-86.0475,23.0983,63.5868445398825,63,63,63,63,61,63,0,8763,1.76508096394256,23,-86,0.001869,51,2024-10-11 17:12:51.001842,380,1.037,0.0011,"aoml_navis",1028.39306621908
"7901009",49,0,1,0.022428,1,0,1,130.593949328579,1,4.86186561658355,382,1,14.5670003890991,35.8499984741211,0.0224280003458261,0,125.932502746582,-86.0475,23.0983,63.5868445398825,63,63,63,63,61,63,0,8763,1.76508096394256,23,-86,0.001869,51,2024-10-11 17:12:51.001842,382,1.037,0.0011,"aoml_navis",1028.41180614809
"7901009",49,0,1,0.016821,1,-0.005607,1,130.330858246455,1,4.86179861418031,384,1,14.5050001144409,35.8390007019043,0.0168210007250309,0,125.678802490234,-86.0475,23.0983,63.5868445398825,63,63,63,63,61,63,0,8763,1.76508096394256,23,-86,0.001869,51,2024-10-11 17:12:51.001842,384,1.037,0.0011,"aoml_navis",1028.42597910506
"7901009",49,0,1,0.01869,1,-0.003738,1,130.076478056023,1,4.86172232982708,386,1,14.4340000152588,35.8279991149902,0.0186899993568659,0,125.433502197266,-86.0475,23.0983,63.5868445398825,63,63,63,63,61,63,0,8763,1.76508096394256,23,-86,0.001869,51,2024-10-11 17:12:51.001842,386,1.037,0.0011,"aoml_navis",1028.44211593998
"7901009",49,0,1,0.020559,1,-0.001869,1,129.830286578489,1,4.8616456907598,388,1,14.3590002059937,35.8160018920898,0.020558999851346,0,125.196098327637,-86.0475,23.0983,63.5868445398825,63,63,63,63,61,63,0,8763,1.76508096394256,23,-86,0.001869,51,2024-10-11 17:12:51.001842,388,1.037,0.0011,"aoml_navis",1028.45832831939
"7901009",49,0,1,0.020559,1,-0.001869,1,129.551229484165,1,4.86158395332242,390,1,14.3050003051758,35.8059997558594,0.020558999851346,0,124.927001953125,-86.0475,23.0983,63.5868445398825,63,63,63,63,61,63,0,8763,1.76508096394256,23,-86,0.001869,51,2024-10-11 17:12:51.001842,390,1.037,0.0011,"aoml_navis",1028.47138875036
"7901009",49,0,1,0.026166,1,0.003738,1,129.293114924179,1,4.86153020178555,392,1,14.2760000228882,35.8009986877441,0.0261659994721413,0,124.678100585938,-86.0475,23.0983,63.5868445398825,63,63,63,63,61,63,0,8763,1.76508096394256,23,-86,0.001869,51,2024-10-11 17:12:51.001842,392,1.037,0.0011,"aoml_navis",1028.48276005024
"7901009",49,0,1,0.022428,1,0,1,128.764131982767,1,4.86148688911615,394,1,14.25,35.7939987182617,0.0224280003458261,0,124.167999267578,-86.0475,23.0983,63.5868445398825,63,63,63,63,61,63,0,8763,1.76508096394256,23,-86,0.001869,51,2024-10-11 17:12:51.001842,394,1.037,0.0011,"aoml_navis",1028.49192315914
"7901009",49,0,1,0.01869,1,-0.003738,1,128.553306250793,1,4.8613885213673,396,1,14.1359996795654,35.7770004272461,0.0186899993568659,0,123.964698791504,-86.0475,23.0983,63.5868445398825,63,63,63,63,61,63,0,8763,1.76508096394256,23,-86,0.001869,51,2024-10-11 17:12:51.001842,396,1.037,0.0011,"aoml_navis",1028.51273417532
"7901009",49,0,1,0.022428,1,0,1,128.56637654423,1,4.86130148817023,398,1,14.0430002212524,35.7630004882812,0.0224280003458261,0,123.97730255127,-86.0475,23.0983,63.5868445398825,63,63,63,63,61,63,0,8763,1.76508096394256,23,-86,0.001869,51,2024-10-11 17:12:51.001842,398,1.037,0.0011,"aoml_navis",1028.53114791734
"7901009",49,0,1,0.022428,1,0,1,128.420878544042,1,4.86125113318509,400,1,14.0170001983643,35.757999420166,0.0224280003458261,0,123.83699798584,-86.0475,23.0983,63.5868445398825,63,63,63,63,61,63,0,8763,1.76508096394256,23,-86,0.001869,51,2024-10-11 17:12:51.001842,400,1.037,0.0011,"aoml_navis",1028.54180189699
"7901009",49,0,1,0.016821,1,-0.005607,1,128.376706965192,1,4.8611822387192,402,1,13.9729995727539,35.7529983520508,0.0168210007250309,0,123.794403076172,-86.0475,23.0983,63.5868445398825,63,63,63,63,61,63,0,8763,1.76508096394256,23,-86,0.001869,51,2024-10-11 17:12:51.001842,402,1.037,0.0011,"aoml_navis",1028.5563787704
"7901009",49,0,1,0.016821,1,-0.005607,1,128.30546120708,1,4.86111443727223,404,1,13.9300003051758,35.7480010986328,0.0168210007250309,0,123.725700378418,-86.0475,23.0983,63.5868445398825,63,63,63,63,61,63,0,8763,1.76508096394256,23,-86,0.001869,51,2024-10-11 17:12:51.001842,404,1.037,0.0011,"aoml_navis",1028.57072478337
"7901009",49,0,1,0.01869,1,-0.003738,1,128.039157934196,1,4.86107131056213,406,1,13.9180002212524,35.7449989318848,0.0186899993568659,0,123.468902587891,-86.0475,23.0983,63.5868445398825,63,63,63,63,61,63,0,8763,1.76508096394256,23,-86,0.001869,51,2024-10-11 17:12:51.001842,406,1.037,0.0011,"aoml_navis",1028.57985011164
"7901009",49,0,1,0.022428,1,0,1,127.649027081055,1,4.86102359040779,408,1,13.8979997634888,35.7410011291504,0.0224280003458261,0,123.092697143555,-86.0475,23.0983,63.5868445398825,63,63,63,63,61,63,0,8763,1.76508096394256,23,-86,0.001869,51,2024-10-11 17:12:51.001842,408,1.037,0.0011,"aoml_navis",1028.58994757122
"7901009",49,0,1,0.024297,1,0.001869,1,127.217628279628,1,4.86096582343307,410,1,13.8540000915527,35.7330017089844,0.0242970008403063,0,122.676696777344,-86.0475,23.0983,63.5868445398825,63,63,63,63,61,63,0,8763,1.76508096394256,23,-86,0.001869,51,2024-10-11 17:12:51.001842,410,1.037,0.0011,"aoml_navis",1028.60217117691
"7901009",49,0,1,0.016821,1,-0.005607,1,127.064566598734,1,4.86088351326575,412,1,13.7609996795654,35.7179985046387,0.0168210007250309,0,122.529098510742,-86.0475,23.0983,63.5868445398825,63,63,63,63,61,63,0,8763,1.76508096394256,23,-86,0.001869,51,2024-10-11 17:12:51.001842,412,1.037,0.0011,"aoml_navis",1028.61958867243
"7901009",49,0,1,0.01869,1,-0.003738,1,126.896575351426,1,4.8608278795448,414,1,13.7259998321533,35.7120018005371,0.0186899993568659,0,122.36710357666,-86.0475,23.0983,63.5868445398825,63,63,63,63,61,63,0,8763,1.76508096394256,23,-86,0.001869,51,2024-10-11 17:12:51.001842,414,1.037,0.0011,"aoml_navis",1028.63136155075
"7901009",49,0,1,0.020559,1,-0.001869,1,126.756781758967,1,4.86077026905273,416,1,13.6890001296997,35.7060012817383,0.020558999851346,0,122.232299804688,-86.0475,23.0983,63.5868445398825,63,63,63,63,61,63,0,8763,1.76508096394256,23,-86,0.001869,51,2024-10-11 17:12:51.001842,416,1.037,0.0011,"aoml_navis",1028.64355302568
"7901009",49,0,1,0.026166,1,0.003738,1,126.612945236758,1,4.86070746256641,418,1,13.6540002822876,35.7019996643066,0.0261659994721413,0,122.093597412109,-86.0475,23.0983,63.5868445398825,63,63,63,63,61,63,0,8763,1.76508096394256,23,-86,0.001869,51,2024-10-11 17:12:51.001842,418,1.037,0.0011,"aoml_navis",1028.65684440101
"7901009",49,0,1,0.01869,1,-0.003738,1,126.446924027626,1,4.86066791695613,420,1,13.6490001678467,35.7000007629395,0.0186899993568659,0,121.933502197266,-86.0475,23.0983,63.5868445398825,63,63,63,63,61,63,0,8763,1.76508096394256,23,-86,0.001869,51,2024-10-11 17:12:51.001842,420,1.037,0.0011,"aoml_navis",1028.6652133872
"7901009",49,0,1,0.01869,1,-0.003738,1,126.159773162002,1,4.86062939128079,422,1,13.6450004577637,35.6980018615723,0.0186899993568659,0,121.656600952148,-86.0475,23.0983,63.5868445398825,63,63,63,63,61,63,0,8763,1.76508096394256,23,-86,0.001869,51,2024-10-11 17:12:51.001842,422,1.037,0.0011,"aoml_navis",1028.67336665684
"7901009",49,0,1,0.01869,1,-0.003738,1,125.858729175751,1,4.86057494058101,424,1,13.6110000610352,35.6920013427734,0.0186899993568659,0,121.366302490234,-86.0475,23.0983,63.5868445398825,63,63,63,63,61,63,0,8763,1.76508096394256,23,-86,0.001869,51,2024-10-11 17:12:51.001842,424,1.037,0.0011,"aoml_navis",1028.6848903933
"7901009",49,0,1,0.020559,1,-0.001869,1,125.458020246142,1,4.86050630815723,426,1,13.5450000762939,35.6809997558594,0.020558999851346,0,120.97989654541,-86.0475,23.0983,63.5868445398825,63,63,63,63,61,63,0,8763,1.76508096394256,23,-86,0.001869,51,2024-10-11 17:12:51.001842,426,1.037,0.0011,"aoml_navis",1028.69941586305
"7901009",49,0,1,0.024297,1,0.001869,1,125.076916756688,1,4.86041787165003,428,1,13.4519996643066,35.6679992675781,0.0242970008403063,0,120.612396240234,-86.0475,23.0983,63.5868445398825,63,63,63,63,61,63,0,8763,1.76508096394256,23,-86,0.001869,51,2024-10-11 17:12:51.001842,428,1.037,0.0011,"aoml_navis",1028.71813330375
"7901009",49,0,1,0.022428,1,0,1,125.180933189993,1,4.86030427960767,430,1,13.289999961853,35.6430015563965,0.0224280003458261,0,120.712699890137,-86.0475,23.0983,63.5868445398825,63,63,63,63,61,63,0,8763,1.76508096394256,23,-86,0.001869,51,2024-10-11 17:12:51.001842,430,1.037,0.0011,"aoml_navis",1028.74217587126
"7901009",49,0,1,0.026166,1,0.003738,1,125.049858401025,1,4.86025532361861,432,1,13.2609996795654,35.6370010375977,0.0261659994721413,0,120.586303710938,-86.0475,23.0983,63.5868445398825,63,63,63,63,61,63,0,8763,1.76508096394256,23,-86,0.001869,51,2024-10-11 17:12:51.001842,432,1.037,0.0011,"aoml_navis",1028.75253810274
"7901009",49,0,1,0.022428,1,0,1,124.792052401236,1,4.86020982938482,434,1,13.25,35.6349983215332,0.0224280003458261,0,120.337699890137,-86.0475,23.0983,63.5868445398825,63,63,63,63,61,63,0,8763,1.76508096394256,23,-86,0.001869,51,2024-10-11 17:12:51.001842,434,1.037,0.0011,"aoml_navis",1028.76216779161
"7901009",49,0,1,0.016821,1,-0.005607,1,124.404208058266,1,4.86016561260264,436,1,13.2329998016357,35.6310005187988,0.0168210007250309,0,119.96369934082,-86.0475,23.0983,63.5868445398825,63,63,63,63,61,63,0,8763,1.76508096394256,23,-86,0.001869,51,2024-10-11 17:12:51.001842,436,1.037,0.0011,"aoml_navis",1028.77152725717
"7901009",49,0,1,0.01869,1,-0.003738,1,124.04653932012,1,4.86010603252263,438,1,13.1859998703003,35.6230010986328,0.0186899993568659,0,119.618797302246,-86.0475,23.0983,63.5868445398825,63,63,63,63,61,63,0,8763,1.76508096394256,23,-86,0.001869,51,2024-10-11 17:12:51.001842,438,1.037,0.0011,"aoml_navis",1028.78413897582
"7901009",49,0,1,0.020559,1,-0.001869,1,123.754728404355,1,4.86002198494106,440,1,13.0959997177124,35.6100006103516,0.020558999851346,0,119.33740234375,-86.0475,23.0983,63.5868445398825,63,63,63,63,61,63,0,8763,1.76508096394256,23,-86,0.001869,51,2024-10-11 17:12:51.001842,440,1.037,0.0011,"aoml_navis",1028.80193042185
"7901009",49,0,1,0.020559,1,-0.001869,1,123.469128251512,1,4.85995874303275,442,1,13.0340003967285,35.5989990234375,0.020558999851346,0,119.061996459961,-86.0475,23.0983,63.5868445398825,63,63,63,63,61,63,0,8763,1.76508096394256,23,-86,0.001869,51,2024-10-11 17:12:51.001842,442,1.037,0.0011,"aoml_navis",1028.81531806582
"7901009",49,0,1,0.024297,1,0.001869,1,123.334216239592,1,4.85987192378861,444,1,12.9479999542236,35.5880012512207,0.0242970008403063,0,118.931900024414,-86.0475,23.0983,63.5868445398825,63,63,63,63,61,63,0,8763,1.76508096394256,23,-86,0.001869,51,2024-10-11 17:12:51.001842,444,1.037,0.0011,"aoml_navis",1028.83369735023
"7901009",49,0,1,0.024297,1,0.001869,1,123.018131921728,1,4.85983087402454,446,1,12.9340000152588,35.5839996337891,0.0242970008403063,0,118.627098083496,-86.0475,23.0983,63.5868445398825,63,63,63,63,61,63,0,8763,1.76508096394256,23,-86,0.001869,51,2024-10-11 17:12:51.001842,446,1.037,0.0011,"aoml_navis",1028.84238764864
"7901009",49,0,1,0.022428,1,0,1,122.656839579228,1,4.85976201994604,448,1,12.8769998550415,35.576000213623,0.0224280003458261,0,118.278701782227,-86.0475,23.0983,63.5868445398825,63,63,63,63,61,63,0,8763,1.76508096394256,23,-86,0.001869,51,2024-10-11 17:12:51.001842,448,1.037,0.0011,"aoml_navis",1028.85696449299
"7901009",49,0,1,0.020559,1,-0.001869,1,122.439478700535,1,4.85968629768279,450,1,12.7980003356934,35.5639991760254,0.020558999851346,0,118.06909942627,-86.0475,23.0983,63.5868445398825,63,63,63,63,61,63,0,8763,1.76508096394256,23,-86,0.001869,51,2024-10-11 17:12:51.001842,450,1.037,0.0011,"aoml_navis",1028.87299585245
"7901009",49,0,1,0.024297,1,0.001869,1,122.417080395014,1,4.85960008442359,452,1,12.7080001831055,35.5519981384277,0.0242970008403063,0,118.047500610352,-86.0475,23.0983,63.5868445398825,63,63,63,63,61,63,0,8763,1.76508096394256,23,-86,0.001869,51,2024-10-11 17:12:51.001842,452,1.037,0.0011,"aoml_navis",1028.89124889647
"7901009",49,0,1,0.024297,1,0.001869,1,122.106494778082,1,4.85954397379931,454,1,12.6709995269775,35.5460014343262,0.0242970008403063,0,117.748001098633,-86.0475,23.0983,63.5868445398825,63,63,63,63,61,63,0,8763,1.76508096394256,23,-86,0.001869,51,2024-10-11 17:12:51.001842,454,1.037,0.0011,"aoml_navis",1028.90312896806
"7901009",49,0,1,0.020559,1,-0.001869,1,121.924602498347,1,4.85948793241247,456,1,12.6339998245239,35.5400009155273,0.020558999851346,0,117.572601318359,-86.0475,23.0983,63.5868445398825,63,63,63,63,61,63,0,8763,1.76508096394256,23,-86,0.001869,51,2024-10-11 17:12:51.001842,456,1.037,0.0011,"aoml_navis",1028.91499465413
"7901009",49,0,1,0.020559,1,-0.001869,1,121.678308167414,1,4.85944217090659,458,1,12.6149997711182,35.5359992980957,0.020558999851346,0,117.335098266602,-86.0475,23.0983,63.5868445398825,63,63,63,63,61,63,0,8763,1.76508096394256,23,-86,0.001869,51,2024-10-11 17:12:51.001842,458,1.037,0.0011,"aoml_navis",1028.92468397606
"7901009",49,0,1,0.022428,1,0,1,121.345632805158,1,4.85939543606754,460,1,12.5950002670288,35.5320014953613,0.0224280003458261,0,117.014297485352,-86.0475,23.0983,63.5868445398825,63,63,63,63,61,63,0,8763,1.76508096394256,23,-86,0.001869,51,2024-10-11 17:12:51.001842,460,1.037,0.0011,"aoml_navis",1028.93457957524
"7901009",49,0,1,0.020559,1,-0.001869,1,120.934456564278,1,4.85934970169236,462,1,12.576000213623,35.5279998779297,0.020558999851346,0,116.617797851562,-86.0475,23.0983,63.5868445398825,63,63,63,63,61,63,0,8763,1.76508096394256,23,-86,0.001869,51,2024-10-11 17:12:51.001842,462,1.037,0.0011,"aoml_navis",1028.94426352124
"7901009",49,0,1,0.022428,1,0,1,120.455254667846,1,4.85929212383276,464,1,12.5260000228882,35.5190010070801,0.0224280003458261,0,116.155700683594,-86.0475,23.0983,63.5868445398825,63,63,63,63,61,63,0,8763,1.76508096394256,23,-86,0.001869,51,2024-10-11 17:12:51.001842,464,1.037,0.0011,"aoml_navis",1028.95645550452
"7901009",49,0,1,0.024297,1,0.001869,1,120.093131586356,1,4.85920939024338,466,1,12.4309997558594,35.5050010681152,0.0242970008403063,0,115.806503295898,-86.0475,23.0983,63.5868445398825,63,63,63,63,61,63,0,8763,1.76508096394256,23,-86,0.001869,51,2024-10-11 17:12:51.001842,466,1.037,0.0011,"aoml_navis",1028.97397466331
"7901009",49,0,1,0.026166,1,0.003738,1,120.062742362935,1,4.85911109868606,468,1,12.3079996109009,35.4879989624023,0.0261659994721413,0,115.777198791504,-86.0475,23.0983,63.5868445398825,63,63,63,63,61,63,0,8763,1.76508096394256,23,-86,0.001869,51,2024-10-11 17:12:51.001842,468,1.037,0.0011,"aoml_navis",1028.99478905762
"7901009",49,0,1,0.024297,1,0.001869,1,119.840927140897,1,4.8590586525254,470,1,12.2779998779297,35.4830017089844,0.0242970008403063,0,115.563301086426,-86.0475,23.0983,63.5868445398825,63,63,63,63,61,63,0,8763,1.76508096394256,23,-86,0.001869,51,2024-10-11 17:12:51.001842,470,1.037,0.0011,"aoml_navis",1029.00589549405
"7901009",49,0,1,0.020559,1,-0.001869,1,119.477245434827,1,4.85900931304156,472,1,12.2550001144409,35.4790000915527,0.020558999851346,0,115.212600708008,-86.0475,23.0983,63.5868445398825,63,63,63,63,61,63,0,8763,1.76508096394256,23,-86,0.001869,51,2024-10-11 17:12:51.001842,472,1.037,0.0011,"aoml_navis",1029.01634425355
"7901009",49,0,1,0.020559,1,-0.001869,1,119.013281665005,1,4.8589513760658,474,1,12.2229995727539,35.4749984741211,0.020558999851346,0,114.765197753906,-86.0475,23.0983,63.5868445398825,63,63,63,63,61,63,0,8763,1.76508096394256,23,-86,0.001869,51,2024-10-11 17:12:51.001842,474,1.037,0.0011,"aoml_navis",1029.02861399869
"7901009",49,0,1,0.020559,1,-0.001869,1,118.604906201291,1,4.85889088519139,476,1,12.1730003356934,35.4669990539551,0.020558999851346,0,114.371398925781,-86.0475,23.0983,63.5868445398825,63,63,63,63,61,63,0,8763,1.76508096394256,23,-86,0.001869,51,2024-10-11 17:12:51.001842,476,1.037,0.0011,"aoml_navis",1029.04142491421
"7901009",49,0,1,0.020559,1,-0.001869,1,118.515621539403,1,4.85881129149539,478,1,12.0989999771118,35.4580001831055,0.020558999851346,0,114.285301208496,-86.0475,23.0983,63.5868445398825,63,63,63,63,61,63,0,8763,1.76508096394256,23,-86,0.001869,51,2024-10-11 17:12:51.001842,478,1.037,0.0011,"aoml_navis",1029.05828196122
"7901009",49,0,1,0.022428,1,0,1,118.439921437945,1,4.85874360913594,480,1,12.0450000762939,35.451000213623,0.0224280003458261,0,114.212303161621,-86.0475,23.0983,63.5868445398825,63,63,63,63,61,63,0,8763,1.76508096394256,23,-86,0.001869,51,2024-10-11 17:12:51.001842,480,1.037,0.0011,"aoml_navis",1029.072616756
"7901009",49,0,1,0.020559,1,-0.001869,1,118.319416813646,1,4.85869840080661,482,1,12.0299997329712,35.4480018615723,0.020558999851346,0,114.096099853516,-86.0475,23.0983,63.5868445398825,63,63,63,63,61,63,0,8763,1.76508096394256,23,-86,0.001869,51,2024-10-11 17:12:51.001842,482,1.037,0.0011,"aoml_navis",1029.0821918829
"7901009",49,0,1,0.026166,1,0.003738,1,118.067631693582,1,4.85865255196786,484,1,12.0220003128052,35.4469985961914,0.0261659994721413,0,113.853302001953,-86.0475,23.0983,63.5868445398825,63,63,63,63,61,63,0,8763,1.76508096394256,23,-86,0.001869,51,2024-10-11 17:12:51.001842,484,1.037,0.0011,"aoml_navis",1029.09190285173
"7901009",49,0,1,0.024297,1,0.001869,1,117.815221541325,1,4.8586024759406,486,1,11.9980001449585,35.443000793457,0.0242970008403063,0,113.609901428223,-86.0475,23.0983,63.5868445398825,63,63,63,63,61,63,0,8763,1.76508096394256,23,-86,0.001869,51,2024-10-11 17:12:51.001842,486,1.037,0.0011,"aoml_navis",1029.10250936552
"7901009",49,0,1,0.020559,1,-0.001869,1,117.618708255373,1,4.85854662117556,488,1,11.96399974823,35.4379997253418,0.020558999851346,0,113.420402526855,-86.0475,23.0983,63.5868445398825,63,63,63,63,61,63,0,8763,1.76508096394256,23,-86,0.001869,51,2024-10-11 17:12:51.001842,488,1.037,0.0011,"aoml_navis",1029.11434012137
"7901009",49,0,1,0.022428,1,0,1,117.56913291719,1,4.85847815915156,490,1,11.9049997329712,35.4300003051758,0.0224280003458261,0,113.372596740723,-86.0475,23.0983,63.5868445398825,63,63,63,63,61,63,0,8763,1.76508096394256,23,-86,0.001869,51,2024-10-11 17:12:51.001842,490,1.037,0.0011,"aoml_navis",1029.12884162747
"7901009",49,0,1,0.022428,1,0,1,117.510340332122,1,4.85841783708728,492,1,11.8699998855591,35.4259986877441,0.0224280003458261,0,113.315902709961,-86.0475,23.0983,63.5868445398825,63,63,63,63,61,63,0,8763,1.76508096394256,23,-86,0.001869,51,2024-10-11 17:12:51.001842,492,1.037,0.0011,"aoml_navis",1029.14161928024
"7901009",49,0,1,0.024297,1,0.001869,1,117.477253184935,1,4.8583679018254,494,1,11.8459997177124,35.4220008850098,0.0242970008403063,0,113.283996582031,-86.0475,23.0983,63.5868445398825,63,63,63,63,61,63,0,8763,1.76508096394256,23,-86,0.001869,51,2024-10-11 17:12:51.001842,494,1.037,0.0011,"aoml_navis",1029.15219700043
"7901009",49,0,1,0.022428,1,0,1,117.373553223626,1,4.85831737897483,496,1,11.8330001831055,35.4210014343262,0.0224280003458261,0,113.18399810791,-86.0475,23.0983,63.5868445398825,63,63,63,63,61,63,0,8763,1.76508096394256,23,-86,0.001869,51,2024-10-11 17:12:51.001842,496,1.037,0.0011,"aoml_navis",1029.16289941006
"7901009",49,0,1,0.020559,1,-0.001869,1,117.301587491722,1,4.85827135964306,498,1,11.8170003890991,35.4179992675781,0.020558999851346,0,113.114601135254,-86.0475,23.0983,63.5868445398825,63,63,63,63,61,63,0,8763,1.76508096394256,23,-86,0.001869,51,2024-10-11 17:12:51.001842,498,1.037,0.0011,"aoml_navis",1029.17264801927
"7901009",49,0,1,0.01869,1,-0.003738,1,117.214162102811,1,4.85823119117701,500,1,11.8149995803833,35.4169998168945,0.0186899993568659,0,113.030296325684,-86.0475,23.0983,63.5868445398825,63,63,63,63,61,63,0,8763,1.76508096394256,23,-86,0.001869,51,2024-10-11 17:12:51.001842,500,1.037,0.0011,"aoml_navis",1029.18115734806
"7901009",49,0,1,0.024297,1,0.001869,1,117.103618434588,1,4.85818151556537,502,1,11.798999786377,35.4150009155273,0.0242970008403063,0,112.923698425293,-86.0475,23.0983,63.5868445398825,63,63,63,63,61,63,0,8763,1.76508096394256,23,-86,0.001869,51,2024-10-11 17:12:51.001842,502,1.037,0.0011,"aoml_navis",1029.19168087488
"7901009",49,0,1,0.024297,1,0.001869,1,117.10662491855,1,4.8581181199419,504,1,11.7449998855591,35.4070014953613,0.0242970008403063,0,112.926597595215,-86.0475,23.0983,63.5868445398825,63,63,63,63,61,63,0,8763,1.76508096394256,23,-86,0.001869,51,2024-10-11 17:12:51.001842,504,1.037,0.0011,"aoml_navis",1029.20511122932
"7901009",49,0,4,0.01869,1,-0.003738,1,117.094179657305,1,4.85806746754627,506,1,11.7239999771118,35.4039993286133,0.0186899993568659,0,112.914596557617,-86.0475,23.0983,63.5868445398825,63,63,63,63,61,63,0,8763,1.76508096394256,23,-86,0.001869,51,2024-10-11 17:12:51.001842,506,1.037,0.0011,"aoml_navis",1029.21584218455
"7901009",49,0,1,0.024297,1,0.001869,1,116.982805250092,1,4.85802155180396,508.100006103516,1,11.7220001220703,35.4039993286133,0.0242970008403063,0,112.807197570801,-86.0475,23.0983,63.5868445398825,63,63,63,63,61,63,0,8763,1.76508096394256,23,-86,0.001869,51,2024-10-11 17:12:51.001842,508.100006103516,1.037,0.0011,"aoml_navis",1029.2255698502
"7901009",49,0,1,0.022428,1,0,1,116.826531378439,1,4.85798629535598,510,1,11.7229995727539,35.4029998779297,0.0224280003458261,0,112.65650177002,-86.0475,23.0983,63.5868445398825,63,63,63,63,61,63,0,8763,1.76508096394256,23,-86,0.001869,51,2024-10-11 17:12:51.001842,510,1.037,0.0011,"aoml_navis",1029.23303937267
"7901009",49,0,1,0.024297,1,0.001869,1,116.704990308352,1,4.85793292792013,512,1,11.7030000686646,35.4010009765625,0.0242970008403063,0,112.53929901123,-86.0475,23.0983,63.5868445398825,63,63,63,63,61,63,0,8763,1.76508096394256,23,-86,0.001869,51,2024-10-11 17:12:51.001842,512,1.037,0.0011,"aoml_navis",1029.24434614224
"7901009",49,0,1,0.026166,1,0.003738,1,116.495201022165,1,4.85789353358834,514,1,11.6940002441406,35.3979988098145,0.0261659994721413,0,112.33699798584,-86.0475,23.0983,63.5868445398825,63,63,63,63,61,63,0,8763,1.76508096394256,23,-86,0.001869,51,2024-10-11 17:12:51.001842,514,1.037,0.0011,"aoml_navis",1029.25269263913
"7901009",49,0,1,0.024297,1,0.001869,1,116.279501621451,1,4.85784265844379,516,1,11.66100025177,35.3919982910156,0.0242970008403063,0,112.128997802734,-86.0475,23.0983,63.5868445398825,63,63,63,63,61,63,0,8763,1.76508096394256,23,-86,0.001869,51,2024-10-11 17:12:51.001842,516,1.037,0.0011,"aoml_navis",1029.26347178189
"7901009",49,0,1,0.026166,1,0.003738,1,116.032590170126,1,4.85777853939867,518,1,11.6020002365112,35.382999420166,0.0261659994721413,0,111.890899658203,-86.0475,23.0983,63.5868445398825,63,63,63,63,61,63,0,8763,1.76508096394256,23,-86,0.001869,51,2024-10-11 17:12:51.001842,518,1.037,0.0011,"aoml_navis",1029.27705729025
"7901009",49,0,1,0.029904,1,0.007476,1,115.915614208583,1,4.85770777357446,520,1,11.5159997940063,35.3689994812012,0.0299040004611015,0,111.778099060059,-86.0475,23.0983,63.5868445398825,63,63,63,63,61,63,0,8763,1.76508096394256,23,-86,0.001869,51,2024-10-11 17:12:51.001842,520,1.037,0.0011,"aoml_navis",1029.29205153089
"7901009",49,0,1,0.026166,1,0.003738,1,115.90223535495,1,4.85762339648438,522,1,11.4069995880127,35.3530006408691,0.0261659994721413,0,111.765197753906,-86.0475,23.0983,63.5868445398825,63,63,63,63,61,63,0,8763,1.76508096394256,23,-86,0.001869,51,2024-10-11 17:12:51.001842,522,1.037,0.0011,"aoml_navis",1029.3099303702
"7901009",49,0,1,0.028035,1,0.005607,1,115.839391928332,1,4.85754976527677,524,1,11.3290004730225,35.3419990539551,0.0280349999666214,0,111.704597473145,-86.0475,23.0983,63.5868445398825,63,63,63,63,61,63,0,8763,1.76508096394256,23,-86,0.001869,51,2024-10-11 17:12:51.001842,524,1.037,0.0011,"aoml_navis",1029.32553274935
"7901009",49,0,1,0.028035,1,0.005607,1,115.716608705662,1,4.8574883541282,526,1,11.2799997329712,35.3349990844727,0.0280349999666214,0,111.586196899414,-86.0475,23.0983,63.5868445398825,63,63,63,63,61,63,0,8763,1.76508096394256,23,-86,0.001869,51,2024-10-11 17:12:51.001842,526,1.037,0.0011,"aoml_navis",1029.338546072
"7901009",49,0,1,0.024297,1,0.001869,1,115.542707343827,1,4.85743804246354,528,1,11.2469997406006,35.3289985656738,0.0242970008403063,0,111.418502807617,-86.0475,23.0983,63.5868445398825,63,63,63,63,61,63,0,8763,1.76508096394256,23,-86,0.001869,51,2024-10-11 17:12:51.001842,528,1.037,0.0011,"aoml_navis",1029.34920760495
"7901009",49,0,1,0.024297,1,0.001869,1,115.542288018433,1,4.85735945578835,530,1,11.1630001068115,35.318000793457,0.0242970008403063,0,111.418098449707,-86.0475,23.0983,63.5868445398825,63,63,63,63,61,63,0,8763,1.76508096394256,23,-86,0.001869,51,2024-10-11 17:12:51.001842,530,1.037,0.0011,"aoml_navis",1029.36586133062
"7901009",49,0,1,0.026166,1,0.003738,1,115.482664694375,1,4.85728471855152,532,1,11.1029996871948,35.3120002746582,0.0261659994721413,0,111.36060333252,-86.0475,23.0983,63.5868445398825,63,63,63,63,61,63,0,8763,1.76508096394256,23,-86,0.001869,51,2024-10-11 17:12:51.001842,532,1.037,0.0011,"aoml_navis",1029.381699801
"7901009",49,0,1,0.022428,1,0,1,115.228070885346,1,4.85723192213479,534,1,11.0670003890991,35.3059997558594,0.0224280003458261,0,111.115097045898,-86.0475,23.0983,63.5868445398825,63,63,63,63,61,63,0,8763,1.76508096394256,23,-86,0.001869,51,2024-10-11 17:12:51.001842,534,1.037,0.0011,"aoml_navis",1029.39288882102
"7901009",49,0,1,0.022428,1,0,1,115.114726439957,1,4.85717567741037,536,1,11.0109996795654,35.2960014343262,0.0224280003458261,0,111.005798339844,-86.0475,23.0983,63.5868445398825,63,63,63,63,61,63,0,8763,1.76508096394256,23,-86,0.001869,51,2024-10-11 17:12:51.001842,536,1.037,0.0011,"aoml_navis",1029.40480890034
"7901009",49,0,1,0.026166,1,0.003738,1,115.033321930771,1,4.85711325941716,538,1,10.9479999542236,35.2859992980957,0.0261659994721413,0,110.927299499512,-86.0475,23.0983,63.5868445398825,63,63,63,63,61,63,0,8763,1.76508096394256,23,-86,0.001869,51,2024-10-11 17:12:51.001842,538,1.037,0.0011,"aoml_navis",1029.4180376185
"7901009",49,0,1,0.024297,1,0.001869,1,114.72190557485,1,4.85706147951258,540,1,10.9209995269775,35.2820014953613,0.0242970008403063,0,110.626998901367,-86.0475,23.0983,63.5868445398825,63,63,63,63,61,63,0,8763,1.76508096394256,23,-86,0.001869,51,2024-10-11 17:12:51.001842,540,1.037,0.0011,"aoml_navis",1029.42901198396
"7901009",49,0,1,0.029904,1,0.007476,1,114.45850593253,1,4.85697401098027,542,1,10.8380002975464,35.273998260498,0.0299040004611015,0,110.373001098633,-86.0475,23.0983,63.5868445398825,63,63,63,63,61,63,0,8763,1.76508096394256,23,-86,0.001869,51,2024-10-11 17:12:51.001842,542,1.037,0.0011,"aoml_navis",1029.44755081999
"7901009",49,0,1,0.028035,1,0.005607,1,114.359363167965,1,4.85691248365503,544,1,10.8000001907349,35.2700004577637,0.0280349999666214,0,110.277397155762,-86.0475,23.0983,63.5868445398825,63,63,63,63,61,63,0,8763,1.76508096394256,23,-86,0.001869,51,2024-10-11 17:12:51.001842,544,1.037,0.0011,"aoml_navis",1029.46059185264
"7901009",49,0,1,0.026166,1,0.003738,1,114.366420493477,1,4.85685729506007,546,1,10.7690000534058,35.265998840332,0.0261659994721413,0,110.284202575684,-86.0475,23.0983,63.5868445398825,63,63,63,63,61,63,0,8763,1.76508096394256,23,-86,0.001869,51,2024-10-11 17:12:51.001842,546,1.037,0.0011,"aoml_navis",1029.47228963995
"7901009",49,0,1,0.029904,1,0.007476,1,114.392553168551,1,4.85679882106702,548,1,10.7220001220703,35.2589988708496,0.0299040004611015,0,110.30940246582,-86.0475,23.0983,63.5868445398825,63,63,63,63,61,63,0,8763,1.76508096394256,23,-86,0.001869,51,2024-10-11 17:12:51.001842,548,1.037,0.0011,"aoml_navis",1029.48468409106
"7901009",49,0,1,0.024297,1,0.001869,1,114.37097769022,1,4.85675272696792,550,1,10.6969995498657,35.2540016174316,0.0242970008403063,0,110.288597106934,-86.0475,23.0983,63.5868445398825,63,63,63,63,61,63,0,8763,1.76508096394256,23,-86,0.001869,51,2024-10-11 17:12:51.001842,550,1.037,0.0011,"aoml_navis",1029.49445464594
"7901009",49,0,1,0.026166,1,0.003738,1,114.310626480572,1,4.85670162776507,552,1,10.6540002822876,35.2459983825684,0.0261659994721413,0,110.230400085449,-86.0475,23.0983,63.5868445398825,63,63,63,63,61,63,0,8763,1.76508096394256,23,-86,0.001869,51,2024-10-11 17:12:51.001842,552,1.037,0.0011,"aoml_navis",1029.50528634819
"7901009",49,0,1,0.026166,1,0.003738,1,114.130498532215,1,4.85664437238887,554,1,10.6040000915527,35.2379989624023,0.0261659994721413,0,110.056701660156,-86.0475,23.0983,63.5868445398825,63,63,63,63,61,63,0,8763,1.76508096394256,23,-86,0.001869,51,2024-10-11 17:12:51.001842,554,1.037,0.0011,"aoml_navis",1029.51742326989
"7901009",49,0,1,0.028035,1,0.005607,1,113.968306634235,1,4.85657954632132,556,1,10.5659999847412,35.2350006103516,0.0280349999666214,0,109.900299072266,-86.0475,23.0983,63.5868445398825,63,63,63,63,61,63,0,8763,1.76508096394256,23,-86,0.001869,51,2024-10-11 17:12:51.001842,556,1.037,0.0011,"aoml_navis",1029.53116536253
"7901009",49,0,1,0.026166,1,0.003738,1,113.684375871171,1,4.85652223256055,558,1,10.5240001678467,35.2290000915527,0.0261659994721413,0,109.626502990723,-86.0475,23.0983,63.5868445398825,63,63,63,63,61,63,0,8763,1.76508096394256,23,-86,0.001869,51,2024-10-11 17:12:51.001842,558,1.037,0.0011,"aoml_navis",1029.54331527147
"7901009",49,0,1,0.024297,1,0.001869,1,113.308351757254,1,4.85645426849519,560,1,10.4739999771118,35.2239990234375,0.0242970008403063,0,109.263900756836,-86.0475,23.0983,63.5868445398825,63,63,63,63,61,63,0,8763,1.76508096394256,23,-86,0.001869,51,2024-10-11 17:12:51.001842,560,1.037,0.0011,"aoml_navis",1029.55772330361
"7901009",49,0,1,0.024297,1,0.001869,1,113.073363388381,1,4.85637819364833,562,1,10.4230003356934,35.2210006713867,0.0242970008403063,0,109.037300109863,-86.0475,23.0983,63.5868445398825,63,63,63,63,61,63,0,8763,1.76508096394256,23,-86,0.001869,51,2024-10-11 17:12:51.001842,562,1.037,0.0011,"aoml_navis",1029.57385125802
"7901009",49,0,1,0.028035,1,0.005607,1,113.149166343237,1,4.85629788101631,564,1,10.3420000076294,35.2120018005371,0.0280349999666214,0,109.110397338867,-86.0475,23.0983,63.5868445398825,63,63,63,63,61,63,0,8763,1.76508096394256,23,-86,0.001869,51,2024-10-11 17:12:51.001842,564,1.037,0.0011,"aoml_navis",1029.59087817603
"7901009",49,0,1,0.026166,1,0.003738,1,113.133714598029,1,4.85624533673741,566,1,10.3050003051758,35.2060012817383,0.0261659994721413,0,109.095497131348,-86.0475,23.0983,63.5868445398825,63,63,63,63,61,63,0,8763,1.76508096394256,23,-86,0.001869,51,2024-10-11 17:12:51.001842,566,1.037,0.0011,"aoml_navis",1029.60201828666
"7901009",49,0,1,0.028035,1,0.005607,1,112.985732292672,1,4.85620250632203,568,1,10.3000001907349,35.2050018310547,0.0280349999666214,0,108.952796936035,-86.0475,23.0983,63.5868445398825,63,63,63,63,61,63,0,8763,1.76508096394256,23,-86,0.001869,51,2024-10-11 17:12:51.001842,568,1.037,0.0011,"aoml_navis",1029.6110991028
"7901009",49,0,1,0.026166,1,0.003738,1,112.838786433102,1,4.85615143607402,570,1,10.2729997634888,35.201000213623,0.0261659994721413,0,108.811096191406,-86.0475,23.0983,63.5868445398825,63,63,63,63,61,63,0,8763,1.76508096394256,23,-86,0.001869,51,2024-10-11 17:12:51.001842,570,1.037,0.0011,"aoml_navis",1029.6219271206
"7901009",49,0,1,0.026166,1,0.003738,1,112.777810191262,1,4.85609131553653,572,1,10.2229995727539,35.1940002441406,0.0261659994721413,0,108.752296447754,-86.0475,23.0983,63.5868445398825,63,63,63,63,61,63,0,8763,1.76508096394256,23,-86,0.001869,51,2024-10-11 17:12:51.001842,572,1.037,0.0011,"aoml_navis",1029.63467429104
"7901009",49,0,1,0.028035,1,0.005607,1,112.764225630831,1,4.85604119903868,574,1,10.1969995498657,35.189998626709,0.0280349999666214,0,108.739196777344,-86.0475,23.0983,63.5868445398825,63,63,63,63,61,63,0,8763,1.76508096394256,23,-86,0.001869,51,2024-10-11 17:12:51.001842,574,1.037,0.0011,"aoml_navis",1029.64530057731
"7901009",49,0,1,0.029904,1,0.007476,1,112.787146115145,1,4.8559926519271,576,1,10.1770000457764,35.1870002746582,0.0299040004611015,0,108.761299133301,-86.0475,23.0983,63.5868445398825,63,63,63,63,61,63,0,8763,1.76508096394256,23,-86,0.001869,51,2024-10-11 17:12:51.001842,576,1.037,0.0011,"aoml_navis",1029.65559431309
"7901009",49,0,1,0.029904,1,0.007476,1,112.969971987268,1,4.85593948237121,578,1,10.1389999389648,35.1809997558594,0.0299040004611015,0,108.937599182129,-86.0475,23.0983,63.5868445398825,63,63,63,63,61,63,0,8763,1.76508096394256,23,-86,0.001869,51,2024-10-11 17:12:51.001842,578,1.037,0.0011,"aoml_navis",1029.66686840966
"7901009",49,0,1,0.028035,1,0.005607,1,113.23078447102,1,4.8558820394945,580,1,10.0959997177124,35.1749992370605,0.0280349999666214,0,109.189102172852,-86.0475,23.0983,63.5868445398825,63,63,63,63,61,63,0,8763,1.76508096394256,23,-86,0.001869,51,2024-10-11 17:12:51.001842,580,1.037,0.0011,"aoml_navis",1029.67904890056
"7901009",49,0,1,0.026166,1,0.003738,1,113.559931170521,1,4.85583352488928,582,1,10.0590000152588,35.1679992675781,0.0261659994721413,0,109.506500244141,-86.0475,23.0983,63.5868445398825,63,63,63,63,61,63,0,8763,1.76508096394256,23,-86,0.001869,51,2024-10-11 17:12:51.001842,582,1.037,0.0011,"aoml_navis",1029.6893364181
"7901009",49,0,1,0.024297,1,0.001869,1,113.968931666427,1,4.85578765616769,584,1,10.0249996185303,35.1609992980957,0.0242970008403063,0,109.900901794434,-86.0475,23.0983,63.5868445398825,63,63,63,63,61,63,0,8763,1.76508096394256,23,-86,0.001869,51,2024-10-11 17:12:51.001842,584,1.037,0.0011,"aoml_navis",1029.69906306532
"7901009",49,0,1,0.031773,1,0.009345,1,114.296416887949,1,4.85573348991088,586.099975585938,1,9.9709997177124,35.1510009765625,0.0317730009555817,0,110.216697692871,-86.0475,23.0983,63.5868445398825,63,63,63,63,61,63,0,8763,1.76508096394256,23,-86,0.001869,51,2024-10-11 17:12:51.001842,586.099975585938,1.037,0.0011,"aoml_navis",1029.71054947494
"7901009",49,0,1,0.026166,1,0.003738,1,114.545511996047,1,4.85568899437517,588,1,9.93599987030029,35.1440010070801,0.0261659994721413,0,110.456901550293,-86.0475,23.0983,63.5868445398825,63,63,63,63,61,63,0,8763,1.76508096394256,23,-86,0.001869,51,2024-10-11 17:12:51.001842,588,1.037,0.0011,"aoml_navis",1029.71998531866
"7901009",49,0,1,0.028035,1,0.005607,1,114.677623230801,1,4.85564346637061,590,1,9.91499996185303,35.1399993896484,0.0280349999666214,0,110.584297180176,-86.0475,23.0983,63.5868445398825,63,63,63,63,61,63,0,8763,1.76508096394256,23,-86,0.001869,51,2024-10-11 17:12:51.001842,590,1.037,0.0011,"aoml_navis",1029.72964028953
"7901009",49,0,1,0.029904,1,0.007476,1,114.735387281882,1,4.85559904544214,592,1,9.89099979400635,35.1349983215332,0.0299040004611015,0,110.639999389648,-86.0475,23.0983,63.5868445398825,63,63,63,63,61,63,0,8763,1.76508096394256,23,-86,0.001869,51,2024-10-11 17:12:51.001842,592,1.037,0.0011,"aoml_navis",1029.73906066099
"7901009",49,0,1,0.024297,1,0.001869,1,114.736526581068,1,4.85555392412493,594,1,9.87899971008301,35.132999420166,0.0242970008403063,0,110.641098022461,-86.0475,23.0983,63.5868445398825,63,63,63,63,61,63,0,8763,1.76508096394256,23,-86,0.001869,51,2024-10-11 17:12:51.001842,594,1.037,0.0011,"aoml_navis",1029.74862974076
"7901009",49,0,1,0.024297,1,0.001869,1,114.654085626094,1,4.85551223583056,596,1,9.87100028991699,35.1310005187988,0.0242970008403063,0,110.561599731445,-86.0475,23.0983,63.5868445398825,63,63,63,63,61,63,0,8763,1.76508096394256,23,-86,0.001869,51,2024-10-11 17:12:51.001842,596,1.037,0.0011,"aoml_navis",1029.75747092206
"7901009",49,0,1,0.028035,1,0.005607,1,114.607730390472,1,4.85547031277538,598,1,9.86699962615967,35.1300010681152,0.0280349999666214,0,110.516899108887,-86.0475,23.0983,63.5868445398825,63,63,63,63,61,63,0,8763,1.76508096394256,23,-86,0.001869,51,2024-10-11 17:12:51.001842,598,1.037,0.0011,"aoml_navis",1029.76636204414
"7901009",49,0,1,0.026166,1,0.003738,1,114.518651435381,1,4.85543206961926,600,1,9.86299991607666,35.1279983520508,0.0261659994721413,0,110.430999755859,-86.0475,23.0983,63.5868445398825,63,63,63,63,61,63,0,8763,1.76508096394256,23,-86,0.001869,51,2024-10-11 17:12:51.001842,600,1.037,0.0011,"aoml_navis",1029.77447286006
"7901009",49,0,1,0.029904,1,0.007476,1,114.506831206328,1,4.85538218636163,602,1,9.82400035858154,35.1209983825684,0.0299040004611015,0,110.41960144043,-86.0475,23.0983,63.5868445398825,63,63,63,63,61,63,0,8763,1.76508096394256,23,-86,0.001869,51,2024-10-11 17:12:51.001842,602,1.037,0.0011,"aoml_navis",1029.78505256385
"7901009",49,0,1,0.028035,1,0.005607,1,114.67368315445,1,4.85529197564108,604,1,9.72900009155273,35.1119995117188,0.0280349999666214,0,110.580497741699,-86.0475,23.0983,63.5868445398825,63,63,63,63,61,63,0,8763,1.76508096394256,23,-86,0.001869,51,2024-10-11 17:12:51.001842,604,1.037,0.0011,"aoml_navis",1029.80418584195
"7901009",49,0,1,0.029904,1,0.007476,1,114.809536670558,1,4.85522027302307,606,1,9.67700004577637,35.1080017089844,0.0299040004611015,0,110.711502075195,-86.0475,23.0983,63.5868445398825,63,63,63,63,61,63,0,8763,1.76508096394256,23,-86,0.001869,51,2024-10-11 17:12:51.001842,606,1.037,0.0011,"aoml_navis",1029.81939414394
"7901009",49,0,1,0.028035,1,0.005607,1,114.77085588084,1,4.85516874591796,608,1,9.65299987792969,35.1049995422363,0.0280349999666214,0,110.674201965332,-86.0475,23.0983,63.5868445398825,63,63,63,63,61,63,0,8763,1.76508096394256,23,-86,0.001869,51,2024-10-11 17:12:51.001842,608,1.037,0.0011,"aoml_navis",1029.83032344732
"7901009",49,0,1,0.031773,1,0.009345,1,114.793151332962,1,4.85510483584619,610,1,9.59700012207031,35.0979995727539,0.0317730009555817,0,110.695701599121,-86.0475,23.0983,63.5868445398825,63,63,63,63,61,63,0,8763,1.76508096394256,23,-86,0.001869,51,2024-10-11 17:12:51.001842,610,1.037,0.0011,"aoml_navis",1029.84387959741
"7901009",49,0,1,0.024297,1,0.001869,1,114.937296415367,1,4.85502145596866,612,1,9.50899982452393,35.0890007019043,0.0242970008403063,0,110.834701538086,-86.0475,23.0983,63.5868445398825,63,63,63,63,61,63,0,8763,1.76508096394256,23,-86,0.001869,51,2024-10-11 17:12:51.001842,612,1.037,0.0011,"aoml_navis",1029.86156608085
"7901009",49,0,1,0.024297,1,0.001869,1,115.027514669644,1,4.8549602003981,614,1,9.44699954986572,35.0800018310547,0.0242970008403063,0,110.921699523926,-86.0475,23.0983,63.5868445398825,63,63,63,63,61,63,0,8763,1.76508096394256,23,-86,0.001869,51,2024-10-11 17:12:51.001842,614,1.037,0.0011,"aoml_navis",1029.87455995829
"7901009",49,0,1,0.026166,1,0.003738,1,114.973587841515,1,4.85491643153224,616,1,9.43200016021729,35.0769996643066,0.0261659994721413,0,110.869697570801,-86.0475,23.0983,63.5868445398825,63,63,63,63,61,63,0,8763,1.76508096394256,23,-86,0.001869,51,2024-10-11 17:12:51.001842,616,1.037,0.0011,"aoml_navis",1029.88384465806
"7901009",49,0,1,0.028035,1,0.005607,1,114.962906911648,1,4.85486577938527,618,1,9.39999961853027,35.0719985961914,0.0280349999666214,0,110.859397888184,-86.0475,23.0983,63.5868445398825,63,63,63,63,61,63,0,8763,1.76508096394256,23,-86,0.001869,51,2024-10-11 17:12:51.001842,618,1.037,0.0011,"aoml_navis",1029.89458971883
"7901009",49,0,1,0.028035,1,0.005607,1,114.957305357318,1,4.8548126508211,620,1,9.36499977111816,35.0670013427734,0.0280349999666214,0,110.853996276855,-86.0475,23.0983,63.5868445398825,63,63,63,63,61,63,0,8763,1.76508096394256,23,-86,0.001869,51,2024-10-11 17:12:51.001842,620,1.037,0.0011,"aoml_navis",1029.90586035371
"7901009",49,0,1,0.028035,1,0.005607,1,115.220190732644,1,4.85471710803517,622,1,9.2480001449585,35.0550003051758,0.0280349999666214,0,111.107498168945,-86.0475,23.0983,63.5868445398825,63,63,63,63,61,63,0,8763,1.76508096394256,23,-86,0.001869,51,2024-10-11 17:12:51.001842,622,1.037,0.0011,"aoml_navis",1029.92612931542
"7901009",49,0,1,0.024297,1,0.001869,1,115.297971637475,1,4.85466256443966,624,1,9.21100044250488,35.0499992370605,0.0242970008403063,0,111.182502746582,-86.0475,23.0983,63.5868445398825,63,63,63,63,61,63,0,8763,1.76508096394256,23,-86,0.001869,51,2024-10-11 17:12:51.001842,624,1.037,0.0011,"aoml_navis",1029.93770084556
"7901009",49,0,1,0.028035,1,0.005607,1,115.3039846054,1,4.85460852557541,626,1,9.17899990081787,35.0460014343262,0.0280349999666214,0,111.188301086426,-86.0475,23.0983,63.5868445398825,63,63,63,63,61,63,0,8763,1.76508096394256,23,-86,0.001869,51,2024-10-11 17:12:51.001842,626,1.037,0.0011,"aoml_navis",1029.94916555241
"7901009",49,0,1,0.028035,1,0.005607,1,115.381551891634,1,4.85455078776575,628,1,9.13799953460693,35.0410003662109,0.0280349999666214,0,111.26309967041,-86.0475,23.0983,63.5868445398825,63,63,63,63,61,63,0,8763,1.76508096394256,23,-86,0.001869,51,2024-10-11 17:12:51.001842,628,1.037,0.0011,"aoml_navis",1029.96141529733
"7901009",49,0,1,0.031773,1,0.009345,1,115.366828032018,1,4.85450103642424,630,1,9.11999988555908,35.0390014648438,0.0317730009555817,0,111.248901367188,-86.0475,23.0983,63.5868445398825,63,63,63,63,61,63,0,8763,1.76508096394256,23,-86,0.001869,51,2024-10-11 17:12:51.001842,630,1.037,0.0011,"aoml_navis",1029.97197085428
"7901009",49,0,1,0.028035,1,0.005607,1,115.328661509293,1,4.85445752348122,632,1,9.11400032043457,35.0379981994629,0.0280349999666214,0,111.212097167969,-86.0475,23.0983,63.5868445398825,63,63,63,63,61,63,0,8763,1.76508096394256,23,-86,0.001869,51,2024-10-11 17:12:51.001842,632,1.037,0.0011,"aoml_navis",1029.9812030108
"7901009",49,0,1,0.031773,1,0.009345,1,115.240832618587,1,4.85441564487502,634,1,9.10999965667725,35.0369987487793,0.0317730009555817,0,111.127403259277,-86.0475,23.0983,63.5868445398825,63,63,63,63,61,63,0,8763,1.76508096394256,23,-86,0.001869,51,2024-10-11 17:12:51.001842,634,1.037,0.0011,"aoml_navis",1029.99008856579
"7901009",49,0,1,0.024297,1,0.001869,1,115.261158032534,1,4.85436673407915,636,1,9.0930004119873,35.0349998474121,0.0242970008403063,0,111.147003173828,-86.0475,23.0983,63.5868445398825,63,63,63,63,61,63,0,8763,1.76508096394256,23,-86,0.001869,51,2024-10-11 17:12:51.001842,636,1.037,0.0011,"aoml_navis",1030.0004663633
"7901009",49,0,1,0.028035,1,0.005607,1,115.234400325267,1,4.85431163625067,638,1,9.06400012969971,35.0320014953613,0.0280349999666214,0,111.121200561523,-86.0475,23.0983,63.5868445398825,63,63,63,63,61,63,0,8763,1.76508096394256,23,-86,0.001869,51,2024-10-11 17:12:51.001842,638,1.037,0.0011,"aoml_navis",1030.01215716382
"7901009",49,0,1,0.026166,1,0.003738,1,115.188567268438,1,4.85426479372561,640,1,9.04500007629395,35.0289993286133,0.0261659994721413,0,111.077003479004,-86.0475,23.0983,63.5868445398825,63,63,63,63,61,63,0,8763,1.76508096394256,23,-86,0.001869,51,2024-10-11 17:12:51.001842,640,1.037,0.0011,"aoml_navis",1030.02209654133
"7901009",49,0,1,0.029904,1,0.007476,1,115.282931305863,1,4.85419374233147,642,1,8.98299980163574,35.0229988098145,0.0299040004611015,0,111.167999267578,-86.0475,23.0983,63.5868445398825,63,63,63,63,61,63,0,8763,1.76508096394256,23,-86,0.001869,51,2024-10-11 17:12:51.001842,642,1.037,0.0011,"aoml_navis",1030.03717309365
"7901009",49,0,1,0.028035,1,0.005607,1,115.212832758736,1,4.85414080988586,644,1,8.94299983978271,35.0169982910156,0.0280349999666214,0,111.100402832031,-86.0475,23.0983,63.5868445398825,63,63,63,63,61,63,0,8763,1.76508096394256,23,-86,0.001869,51,2024-10-11 17:12:51.001842,644,1.037,0.0011,"aoml_navis",1030.04840523313
"7901009",49,0,1,0.026166,1,0.003738,1,115.183171420905,1,4.85406396640139,646,1,8.85999965667725,35.007999420166,0.0261659994721413,0,111.071800231934,-86.0475,23.0983,63.5868445398825,63,63,63,63,61,63,0,8763,1.76508096394256,23,-86,0.001869,51,2024-10-11 17:12:51.001842,646,1.037,0.0011,"aoml_navis",1030.06471167433
"7901009",49,0,1,0.029904,1,0.007476,1,115.038504159707,1,4.85397238069328,648,1,8.77200031280518,35.0019989013672,0.0299040004611015,0,110.93229675293,-86.0475,23.0983,63.5868445398825,63,63,63,63,61,63,0,8763,1.76508096394256,23,-86,0.001869,51,2024-10-11 17:12:51.001842,648,1.037,0.0011,"aoml_navis",1030.08414713844
"7901009",49,0,1,0.028035,1,0.005607,1,114.61913920593,1,4.85391383356822,650,1,8.82900047302246,35.0190010070801,0.0280349999666214,0,110.527900695801,-86.0475,23.0983,63.5868445398825,63,63,63,63,61,63,0,8763,1.76508096394256,23,-86,0.001869,51,2024-10-11 17:12:51.001842,650,1.037,0.0011,"aoml_navis",1030.09657184713
"7901009",49,0,1,0.028035,1,0.005607,1,114.626188619642,1,4.85385973291792,652,1,8.82800006866455,35.0219993591309,0.0280349999666214,0,110.534698486328,-86.0475,23.0983,63.5868445398825,63,63,63,63,61,63,0,8763,1.76508096394256,23,-86,0.001869,51,2024-10-11 17:12:51.001842,652,1.037,0.0011,"aoml_navis",1030.10805320372
"7901009",49,0,1,0.028035,1,0.005607,1,114.739018798037,1,4.85380289049157,654,1,8.80099964141846,35.0200004577637,0.0280349999666214,0,110.643501281738,-86.0475,23.0983,63.5868445398825,63,63,63,63,61,63,0,8763,1.76508096394256,23,-86,0.001869,51,2024-10-11 17:12:51.001842,654,1.037,0.0011,"aoml_navis",1030.12011670165
"7901009",49,0,1,0.026166,1,0.003738,1,114.856406173175,1,4.8537461475538,656,1,8.76500034332275,35.015998840332,0.0261659994721413,0,110.756698608398,-86.0475,23.0983,63.5868445398825,63,63,63,63,61,63,0,8763,1.76508096394256,23,-86,0.001869,51,2024-10-11 17:12:51.001842,656,1.037,0.0011,"aoml_navis",1030.13215936724
"7901009",49,0,1,0.029904,1,0.007476,1,114.933664899212,1,4.85369987936187,658,1,8.75100040435791,35.0139999389648,0.0299040004611015,0,110.831199645996,-86.0475,23.0983,63.5868445398825,63,63,63,63,61,63,0,8763,1.76508096394256,23,-86,0.001869,51,2024-10-11 17:12:51.001842,658,1.037,0.0011,"aoml_navis",1030.14197916526
"7901009",49,0,1,0.029904,1,0.007476,1,115.048465115783,1,4.85365001720309,660,1,8.72799968719482,35.0110015869141,0.0299040004611015,0,110.941902160645,-86.0475,23.0983,63.5868445398825,63,63,63,63,61,63,0,8763,1.76508096394256,23,-86,0.001869,51,2024-10-11 17:12:51.001842,660,1.037,0.0011,"aoml_navis",1030.15256194373
"7901009",49,0,1,0.029904,1,0.007476,1,115.211479840953,1,4.8535974082269,662,1,8.69699954986572,35.0069999694824,0.0299040004611015,0,111.099098205566,-86.0475,23.0983,63.5868445398825,63,63,63,63,61,63,0,8763,1.76508096394256,23,-86,0.001869,51,2024-10-11 17:12:51.001842,662,1.037,0.0011,"aoml_navis",1030.16372794434
"7901009",49,0,1,0.031773,1,0.009345,1,115.313731942879,1,4.85353840052839,664,1,8.65799999237061,35.0029983520508,0.0317730009555817,0,111.197700500488,-86.0475,23.0983,63.5868445398825,63,63,63,63,61,63,0,8763,1.76508096394256,23,-86,0.001869,51,2024-10-11 17:12:51.001842,664,1.037,0.0011,"aoml_navis",1030.17625233081
"7901009",49,0,1,0.028035,1,0.005607,1,115.470630846725,1,4.85348586561123,666,1,8.6269998550415,34.9990005493164,0.0280349999666214,0,111.348999023438,-86.0475,23.0983,63.5868445398825,63,63,63,63,61,63,0,8763,1.76508096394256,23,-86,0.001869,51,2024-10-11 17:12:51.001842,666,1.037,0.0011,"aoml_navis",1030.18740312543
"7901009",49,0,1,0.029904,1,0.007476,1,115.679589393923,1,4.85341895771977,668,1,8.57800006866455,34.9949989318848,0.0299040004611015,0,111.550498962402,-86.0475,23.0983,63.5868445398825,63,63,63,63,61,63,0,8763,1.76508096394256,23,-86,0.001869,51,2024-10-11 17:12:51.001842,668,1.037,0.0011,"aoml_navis",1030.20160500405
"7901009",49,0,1,0.031773,1,0.009345,1,115.891245864887,1,4.85336252644156,670,1,8.54199981689453,34.9910011291504,0.0317730009555817,0,111.754600524902,-86.0475,23.0983,63.5868445398825,63,63,63,63,61,63,0,8763,1.76508096394256,23,-86,0.001869,51,2024-10-11 17:12:51.001842,670,1.037,0.0011,"aoml_navis",1030.21358341965
"7901009",49,0,1,0.028035,1,0.005607,1,116.078636845553,1,4.85330551135753,672,1,8.51900005340576,34.9900016784668,0.0280349999666214,0,111.935302734375,-86.0475,23.0983,63.5868445398825,63,63,63,63,61,63,0,8763,1.76508096394256,23,-86,0.001869,51,2024-10-11 17:12:51.001842,672,1.037,0.0011,"aoml_navis",1030.22568603999
"7901009",49,0,1,0.028035,1,0.005607,1,116.262182691467,1,4.85324149084593,674,1,8.50100040435791,34.992000579834,0.0280349999666214,0,112.112297058105,-86.0475,23.0983,63.5868445398825,63,63,63,63,61,63,0,8763,1.76508096394256,23,-86,0.001869,51,2024-10-11 17:12:51.001842,674,1.037,0.0011,"aoml_navis",1030.23927604486
"7901009",49,0,4,0.020559,1,-0.001869,1,116.401042691538,1,4.85317557340473,676,1,8.47599983215332,34.9930000305176,0.020558999851346,0,112.246200561523,-86.0475,23.0983,63.5868445398825,63,63,63,63,61,63,0,8763,1.76508096394256,23,-86,0.001869,51,2024-10-11 17:12:51.001842,676,1.037,0.0011,"aoml_navis",1030.2532690966
"7901009",49,0,1,0.024297,1,0.001869,1,116.468965493692,1,4.85312418713305,678,1,8.46000003814697,34.992000579834,0.0242970008403063,0,112.311698913574,-86.0475,23.0983,63.5868445398825,63,63,63,63,61,63,0,8763,1.76508096394256,23,-86,0.001869,51,2024-10-11 17:12:51.001842,678,1.037,0.0011,"aoml_navis",1030.26417771388
"7901009",49,0,1,0.029904,1,0.007476,1,116.514695697122,1,4.85307886800522,680,1,8.44699954986572,34.9900016784668,0.0299040004611015,0,112.355796813965,-86.0475,23.0983,63.5868445398825,63,63,63,63,61,63,0,8763,1.76508096394256,23,-86,0.001869,51,2024-10-11 17:12:51.001842,680,1.037,0.0011,"aoml_navis",1030.27379854949
"7901009",49,0,1,0.029904,1,0.007476,1,116.77986758262,1,4.85300300180225,682,1,8.3769998550415,34.984001159668,0.0299040004611015,0,112.611503601074,-86.0475,23.0983,63.5868445398825,63,63,63,63,61,63,0,8763,1.76508096394256,23,-86,0.001869,51,2024-10-11 17:12:51.001842,682,1.037,0.0011,"aoml_navis",1030.28990465144
"7901009",49,0,1,0.029904,1,0.007476,1,116.817717633348,1,4.85295880303126,684,1,8.36999988555908,34.9830017089844,0.0299040004611015,0,112.648002624512,-86.0475,23.0983,63.5868445398825,63,63,63,63,61,63,0,8763,1.76508096394256,23,-86,0.001869,51,2024-10-11 17:12:51.001842,684,1.037,0.0011,"aoml_navis",1030.29928811201
"7901009",49,0,1,0.033642,1,0.011214,1,116.909700219003,1,4.85291462054069,686,1,8.36299991607666,34.9819984436035,0.0336420014500618,0,112.736701965332,-86.0475,23.0983,63.5868445398825,63,63,63,63,61,63,0,8763,1.76508096394256,23,-86,0.001869,51,2024-10-11 17:12:51.001842,686,1.037,0.0011,"aoml_navis",1030.30866828704
"7901009",49,0,1,0.029904,1,0.007476,1,117.124466027328,1,4.85285691159479,688,1,8.32499980926514,34.9780006408691,0.0299040004611015,0,112.943801879883,-86.0475,23.0983,63.5868445398825,63,63,63,63,61,63,0,8763,1.76508096394256,23,-86,0.001869,51,2024-10-11 17:12:51.001842,688,1.037,0.0011,"aoml_navis",1030.32092045691
"7901009",49,0,1,0.028035,1,0.005607,1,117.380713402537,1,4.85279060222814,690,1,8.27600002288818,34.9739990234375,0.0280349999666214,0,113.190902709961,-86.0475,23.0983,63.5868445398825,63,63,63,63,61,63,0,8763,1.76508096394256,23,-86,0.001869,51,2024-10-11 17:12:51.001842,690,1.037,0.0011,"aoml_navis",1030.33499893943
"7901009",49,0,1,0.029904,1,0.007476,1,117.576293096101,1,4.8527167786137,692,1,8.22200012207031,34.9710006713867,0.0299040004611015,0,113.379501342773,-86.0475,23.0983,63.5868445398825,63,63,63,63,61,63,0,8763,1.76508096394256,23,-86,0.001869,51,2024-10-11 17:12:51.001842,692,1.037,0.0011,"aoml_navis",1030.35067326315
"7901009",49,0,1,0.026166,1,0.003738,1,117.634468560777,1,4.85266348075217,694,1,8.19400024414062,34.9679985046387,0.0261659994721413,0,113.435600280762,-86.0475,23.0983,63.5868445398825,63,63,63,63,61,63,0,8763,1.76508096394256,23,-86,0.001869,51,2024-10-11 17:12:51.001842,694,1.037,0.0011,"aoml_navis",1030.36198982934
"7901009",49,0,1,0.029904,1,0.007476,1,117.682588127777,1,4.85261568566335,696,1,8.17300033569336,34.9650001525879,0.0299040004611015,0,113.482002258301,-86.0475,23.0983,63.5868445398825,63,63,63,63,61,63,0,8763,1.76508096394256,23,-86,0.001869,51,2024-10-11 17:12:51.001842,696,1.037,0.0011,"aoml_navis",1030.37213822065
"7901009",49,0,1,0.028035,1,0.005607,1,117.693269057644,1,4.85256031959612,698,1,8.14700031280518,34.9630012512207,0.0280349999666214,0,113.492301940918,-86.0475,23.0983,63.5868445398825,63,63,63,63,61,63,0,8763,1.76508096394256,23,-86,0.001869,51,2024-10-11 17:12:51.001842,698,1.037,0.0011,"aoml_navis",1030.38389441724
"7901009",49,0,1,0.026166,1,0.003738,1,117.745534407793,1,4.85251726801598,700,1,8.13199996948242,34.9599990844727,0.0261659994721413,0,113.542701721191,-86.0475,23.0983,63.5868445398825,63,63,63,63,61,63,0,8763,1.76508096394256,23,-86,0.001869,51,2024-10-11 17:12:51.001842,700,1.037,0.0011,"aoml_navis",1030.39303599311
"7901009",49,0,1,0.029904,1,0.007476,1,117.837825553644,1,4.8524588185996,702,1,8.10200023651123,34.9580001831055,0.0299040004611015,0,113.631698608398,-86.0475,23.0983,63.5868445398825,63,63,63,63,61,63,0,8763,1.76508096394256,23,-86,0.001869,51,2024-10-11 17:12:51.001842,702,1.037,0.0011,"aoml_navis",1030.40544740635
"7901009",49,0,1,0.031773,1,0.009345,1,117.90399193622,1,4.85240898353002,704,1,8.08300018310547,34.9560012817383,0.0317730009555817,0,113.695503234863,-86.0475,23.0983,63.5868445398825,63,63,63,63,61,63,0,8763,1.76508096394256,23,-86,0.001869,51,2024-10-11 17:12:51.001842,704,1.037,0.0011,"aoml_navis",1030.4160298464
"7901009",49,0,1,0.028035,1,0.005607,1,118.052591361969,1,4.85234705224379,706,1,8.03899955749512,34.9519996643066,0.0280349999666214,0,113.838798522949,-86.0475,23.0983,63.5868445398825,63,63,63,63,61,63,0,8763,1.76508096394256,23,-86,0.001869,51,2024-10-11 17:12:51.001842,706,1.037,0.0011,"aoml_navis",1030.42918121199
"7901009",49,0,1,0.029904,1,0.007476,1,118.146029718806,1,4.85229938174615,708,1,8.01799964904785,34.9490013122559,0.0299040004611015,0,113.928901672363,-86.0475,23.0983,63.5868445398825,63,63,63,63,61,63,0,8763,1.76508096394256,23,-86,0.001869,51,2024-10-11 17:12:51.001842,708,1.037,0.0011,"aoml_navis",1030.43930446862
"7901009",49,0,1,0.028035,1,0.005607,1,118.251288304695,1,4.85224341039069,710,1,7.99100017547607,34.9469985961914,0.0280349999666214,0,114.030403137207,-86.0475,23.0983,63.5868445398825,63,63,63,63,61,63,0,8763,1.76508096394256,23,-86,0.001869,51,2024-10-11 17:12:51.001842,710,1.037,0.0011,"aoml_navis",1030.45119074054
"7901009",49,0,1,0.029904,1,0.007476,1,118.387133909003,1,4.85218977830225,712,1,7.96700000762939,34.9449996948242,0.0299040004611015,0,114.161399841309,-86.0475,23.0983,63.5868445398825,63,63,63,63,61,63,0,8763,1.76508096394256,23,-86,0.001869,51,2024-10-11 17:12:51.001842,712,1.037,0.0011,"aoml_navis",1030.46258049483
"7901009",49,0,1,0.028035,1,0.005607,1,118.473617793726,1,4.85213616824996,714,1,7.94299983978271,34.943000793457,0.0280349999666214,0,114.24479675293,-86.0475,23.0983,63.5868445398825,63,63,63,63,61,63,0,8763,1.76508096394256,23,-86,0.001869,51,2024-10-11 17:12:51.001842,714,1.037,0.0011,"aoml_navis",1030.47396582099
"7901009",49,0,1,0.028035,1,0.005607,1,118.507527768103,1,4.85209128403955,716,1,7.93499994277954,34.9420013427734,0.0280349999666214,0,114.277496337891,-86.0475,23.0983,63.5868445398825,63,63,63,63,61,63,0,8763,1.76508096394256,23,-86,0.001869,51,2024-10-11 17:12:51.001842,716,1.037,0.0011,"aoml_navis",1030.48349820767
"7901009",49,0,1,0.029904,1,0.007476,1,118.566533971769,1,4.85204794999873,718,1,7.92899990081787,34.9410018920898,0.0299040004611015,0,114.334396362305,-86.0475,23.0983,63.5868445398825,63,63,63,63,61,63,0,8763,1.76508096394256,23,-86,0.001869,51,2024-10-11 17:12:51.001842,718,1.037,0.0011,"aoml_navis",1030.49270154086
"7901009",49,0,1,0.029904,1,0.007476,1,118.633531093334,1,4.85199630226693,720,1,7.91699981689453,34.9410018920898,0.0299040004611015,0,114.399002075195,-86.0475,23.0983,63.5868445398825,63,63,63,63,61,63,0,8763,1.76508096394256,23,-86,0.001869,51,2024-10-11 17:12:51.001842,720,1.037,0.0011,"aoml_navis",1030.50367076
"7901009",49,0,1,0.029904,1,0.007476,1,118.765230914494,1,4.85195511432041,722,1,7.90899991989136,34.9389991760254,0.0299040004611015,0,114.526000976562,-86.0475,23.0983,63.5868445398825,63,63,63,63,61,63,0,8763,1.76508096394256,23,-86,0.001869,51,2024-10-11 17:12:51.001842,722,1.037,0.0011,"aoml_navis",1030.51241864185
"7901009",49,0,1,0.031773,1,0.009345,1,118.934266519389,1,4.85190792193882,724,1,7.89799976348877,34.9379997253418,0.0317730009555817,0,114.689002990723,-86.0475,23.0983,63.5868445398825,63,63,63,63,61,63,0,8763,1.76508096394256,23,-86,0.001869,51,2024-10-11 17:12:51.001842,724,1.037,0.0011,"aoml_navis",1030.52244198443
"7901009",49,0,1,0.028035,1,0.005607,1,119.203884836431,1,4.85183782607706,726,1,7.84299993515015,34.9339981079102,0.0280349999666214,0,114.948997497559,-86.0475,23.0983,63.5868445398825,63,63,63,63,61,63,0,8763,1.76508096394256,23,-86,0.001869,51,2024-10-11 17:12:51.001842,726,1.037,0.0011,"aoml_navis",1030.53733023116
"7901009",49,0,1,0.029904,1,0.007476,1,119.338701906752,1,4.85179125293288,728,1,7.82800006866455,34.931999206543,0.0299040004611015,0,115.079002380371,-86.0475,23.0983,63.5868445398825,63,63,63,63,61,63,0,8763,1.76508096394256,23,-86,0.001869,51,2024-10-11 17:12:51.001842,728,1.037,0.0011,"aoml_navis",1030.5472225289
"7901009",49,0,1,0.028035,1,0.005607,1,119.435866721342,1,4.85174024394811,730,1,7.81199979782104,34.9309997558594,0.0280349999666214,0,115.172698974609,-86.0475,23.0983,63.5868445398825,63,63,63,63,61,63,0,8763,1.76508096394256,23,-86,0.001869,51,2024-10-11 17:12:51.001842,730,1.037,0.0011,"aoml_navis",1030.55805723252
"7901009",49,0,1,0.028035,1,0.005607,1,119.595463548954,1,4.85168139513258,732,1,7.7810001373291,34.9290008544922,0.0280349999666214,0,115.326599121094,-86.0475,23.0983,63.5868445398825,63,63,63,63,61,63,0,8763,1.76508096394256,23,-86,0.001869,51,2024-10-11 17:12:51.001842,732,1.037,0.0011,"aoml_navis",1030.57055745998
"7901009",49,0,1,0.029904,1,0.007476,1,119.659968453551,1,4.851631948406,734,1,7.76700019836426,34.9280014038086,0.0299040004611015,0,115.388801574707,-86.0475,23.0983,63.5868445398825,63,63,63,63,61,63,0,8763,1.76508096394256,23,-86,0.001869,51,2024-10-11 17:12:51.001842,734,1.037,0.0011,"aoml_navis",1030.58106080012
"7901009",49,0,1,0.031773,1,0.009345,1,119.725399038736,1,4.85158635737072,736,1,7.75799989700317,34.9269981384277,0.0317730009555817,0,115.45189666748,-86.0475,23.0983,63.5868445398825,63,63,63,63,61,63,0,8763,1.76508096394256,23,-86,0.001869,51,2024-10-11 17:12:51.001842,736,1.037,0.0011,"aoml_navis",1030.59074531443
"7901009",49,0,1,0.029904,1,0.007476,1,119.895787561414,1,4.85154136302536,738,1,7.74499988555908,34.9249992370605,0.0299040004611015,0,115.616203308105,-86.0475,23.0983,63.5868445398825,63,63,63,63,61,63,0,8763,1.76508096394256,23,-86,0.001869,51,2024-10-11 17:12:51.001842,738,1.037,0.0011,"aoml_navis",1030.60030325745
"7901009",49,0,1,0.028035,1,0.005607,1,120.018048605291,1,4.85148504078554,740,1,7.72200012207031,34.923999786377,0.0280349999666214,0,115.734100341797,-86.0475,23.0983,63.5868445398825,63,63,63,63,61,63,0,8763,1.76508096394256,23,-86,0.001869,51,2024-10-11 17:12:51.001842,740,1.037,0.0011,"aoml_navis",1030.61226778315
"7901009",49,0,1,0.029904,1,0.007476,1,120.087007853233,1,4.85144174647947,742,1,7.71600008010864,34.9230003356934,0.0299040004611015,0,115.800598144531,-86.0475,23.0983,63.5868445398825,63,63,63,63,61,63,0,8763,1.76508096394256,23,-86,0.001869,51,2024-10-11 17:12:51.001842,742,1.037,0.0011,"aoml_navis",1030.62146497551
"7901009",49,0,1,0.029904,1,0.007476,1,120.21165826068,1,4.85138774215116,744,1,7.69600009918213,34.9220008850098,0.0299040004611015,0,115.920799255371,-86.0475,23.0983,63.5868445398825,63,63,63,63,61,63,0,8763,1.76508096394256,23,-86,0.001869,51,2024-10-11 17:12:51.001842,744,1.037,0.0011,"aoml_navis",1030.63293757323
"7901009",49,0,1,0.028035,1,0.005607,1,120.344394527627,1,4.85133757329173,746,1,7.68100023269653,34.9210014343262,0.0280349999666214,0,116.048797607422,-86.0475,23.0983,63.5868445398825,63,63,63,63,61,63,0,8763,1.76508096394256,23,-86,0.001869,51,2024-10-11 17:12:51.001842,746,1.037,0.0011,"aoml_navis",1030.64359559861
"7901009",49,0,1,0.029904,1,0.007476,1,120.449550260117,1,4.85128818974526,748,1,7.66699981689453,34.9199981689453,0.0299040004611015,0,116.150199890137,-86.0475,23.0983,63.5868445398825,63,63,63,63,61,63,0,8763,1.76508096394256,23,-86,0.001869,51,2024-10-11 17:12:51.001842,748,1.037,0.0011,"aoml_navis",1030.65408700499
"7901009",49,0,1,0.028035,1,0.005607,1,120.618269393016,1,4.851234220838,750,1,7.64699983596802,34.9189987182617,0.0280349999666214,0,116.312896728516,-86.0475,23.0983,63.5868445398825,63,63,63,63,61,63,0,8763,1.76508096394256,23,-86,0.001869,51,2024-10-11 17:12:51.001842,750,1.037,0.0011,"aoml_navis",1030.66555280365
"7901009",49,0,1,0.028035,1,0.005607,1,120.730165979023,1,4.85119004037535,752,1,7.63500022888184,34.9169998168945,0.0280349999666214,0,116.420799255371,-86.0475,23.0983,63.5868445398825,63,63,63,63,61,63,0,8763,1.76508096394256,23,-86,0.001869,51,2024-10-11 17:12:51.001842,752,1.037,0.0011,"aoml_navis",1030.67493921824
"7901009",49,0,1,0.029904,1,0.007476,1,120.904280959454,1,4.85113837988973,754,1,7.61800003051758,34.9160003662109,0.0299040004611015,0,116.58869934082,-86.0475,23.0983,63.5868445398825,63,63,63,63,61,63,0,8763,1.76508096394256,23,-86,0.001869,51,2024-10-11 17:12:51.001842,754,1.037,0.0011,"aoml_navis",1030.68591502716
"7901009",49,0,1,0.029904,1,0.007476,1,121.091877646918,1,4.85107823119254,756,1,7.58500003814697,34.9140014648438,0.0299040004611015,0,116.769599914551,-86.0475,23.0983,63.5868445398825,63,63,63,63,61,63,0,8763,1.76508096394256,23,-86,0.001869,51,2024-10-11 17:12:51.001842,756,1.037,0.0011,"aoml_navis",1030.69869453968
"7901009",49,0,1,0.031773,1,0.009345,1,121.31576576053,1,4.8510187797164,758,1,7.5479998588562,34.9109992980957,0.0317730009555817,0,116.985496520996,-86.0475,23.0983,63.5868445398825,63,63,63,63,61,63,0,8763,1.76508096394256,23,-86,0.001869,51,2024-10-11 17:12:51.001842,758,1.037,0.0011,"aoml_navis",1030.71132622832
"7901009",49,0,1,0.031773,1,0.009345,1,121.480449875479,1,4.85096705911525,760,1,7.52600002288818,34.9090003967285,0.0317730009555817,0,117.144302368164,-86.0475,23.0983,63.5868445398825,63,63,63,63,61,63,0,8763,1.76508096394256,23,-86,0.001869,51,2024-10-11 17:12:51.001842,760,1.037,0.0011,"aoml_navis",1030.72231558545
"7901009",49,0,1,0.028035,1,0.005607,1,121.644089632841,1,4.85091698184795,762,1,7.51100015640259,34.9080009460449,0.0280349999666214,0,117.302101135254,-86.0475,23.0983,63.5868445398825,63,63,63,63,61,63,0,8763,1.76508096394256,23,-86,0.001869,51,2024-10-11 17:12:51.001842,762,1.037,0.0011,"aoml_navis",1030.73295599779
"7901009",49,0,1,0.026166,1,0.003738,1,121.880731567893,1,4.8508668183229,764,1,7.49100017547607,34.9059982299805,0.0261659994721413,0,117.530296325684,-86.0475,23.0983,63.5868445398825,63,63,63,63,61,63,0,8763,1.76508096394256,23,-86,0.001869,51,2024-10-11 17:12:51.001842,764,1.037,0.0011,"aoml_navis",1030.74361495842
"7901009",49,0,1,0.029904,1,0.007476,1,122.13636182271,1,4.85080683496107,766,1,7.45800018310547,34.9039993286133,0.0299040004611015,0,117.776802062988,-86.0475,23.0983,63.5868445398825,63,63,63,63,61,63,0,8763,1.76508096394256,23,-86,0.001869,51,2024-10-11 17:12:51.001842,766,1.037,0.0011,"aoml_navis",1030.75636076944
"7901009",49,0,1,0.028035,1,0.005607,1,122.427658471482,1,4.85075669760323,768,1,7.43800020217896,34.9020004272461,0.0280349999666214,0,118.05770111084,-86.0475,23.0983,63.5868445398825,63,63,63,63,61,63,0,8763,1.76508096394256,23,-86,0.001869,51,2024-10-11 17:12:51.001842,768,1.037,0.0011,"aoml_navis",1030.76701465372
"7901009",49,0,1,0.031773,1,0.009345,1,122.830851706261,1,4.85068925706798,770,1,7.39499998092651,34.9000015258789,0.0317730009555817,0,118.446502685547,-86.0475,23.0983,63.5868445398825,63,63,63,63,61,63,0,8763,1.76508096394256,23,-86,0.001869,51,2024-10-11 17:12:51.001842,770,1.037,0.0011,"aoml_navis",1030.78134570555
"7901009",49,0,1,0.031773,1,0.009345,1,123.144649513953,1,4.8506257394888,772,1,7.36199998855591,34.898998260498,0.0317730009555817,0,118.749099731445,-86.0475,23.0983,63.5868445398825,63,63,63,63,61,63,0,8763,1.76508096394256,23,-86,0.001869,51,2024-10-11 17:12:51.001842,772,1.037,0.0011,"aoml_navis",1030.79484349723
"7901009",49,0,1,0.029904,1,0.007476,1,123.371132697932,1,4.85056367955244,774,1,7.32600021362305,34.8969993591309,0.0299040004611015,0,118.967498779297,-86.0475,23.0983,63.5868445398825,63,63,63,63,61,63,0,8763,1.76508096394256,23,-86,0.001869,51,2024-10-11 17:12:51.001842,774,1.037,0.0011,"aoml_navis",1030.80803187421
"7901009",49,0,1,0.029904,1,0.007476,1,123.489042251863,1,4.85051296174897,776,1,7.30999994277954,34.8959999084473,0.0299040004611015,0,119.081199645996,-86.0475,23.0983,63.5868445398825,63,63,63,63,61,63,0,8763,1.76508096394256,23,-86,0.001869,51,2024-10-11 17:12:51.001842,776,1.037,0.0011,"aoml_navis",1030.8188101815
"7901009",49,0,1,0.028035,1,0.005607,1,123.636399525028,1,4.85046157005502,778,1,7.2979998588562,34.8959999084473,0.0280349999666214,0,119.223297119141,-86.0475,23.0983,63.5868445398825,63,63,63,63,61,63,0,8763,1.76508096394256,23,-86,0.001869,51,2024-10-11 17:12:51.001842,778,1.037,0.0011,"aoml_navis",1030.8297319307
"7901009",49,0,1,0.029904,1,0.007476,1,123.729109996274,1,4.85041012073434,780,1,7.2810001373291,34.8950004577637,0.0299040004611015,0,119.312698364258,-86.0475,23.0983,63.5868445398825,63,63,63,63,61,63,0,8763,1.76508096394256,23,-86,0.001869,51,2024-10-11 17:12:51.001842,780,1.037,0.0011,"aoml_navis",1030.84066615856
"7901009",49,0,1,0.029904,1,0.007476,1,123.748501817832,1,4.85036621673653,782,1,7.27899980545044,34.8950004577637,0.0299040004611015,0,119.331398010254,-86.0475,23.0983,63.5868445398825,63,63,63,63,61,63,0,8763,1.76508096394256,23,-86,0.001869,51,2024-10-11 17:12:51.001842,782,1.037,0.0011,"aoml_navis",1030.84999700582
"7901009",49,0,1,0.029904,1,0.007476,1,123.820056136141,1,4.85032231507541,784,1,7.27699995040894,34.8950004577637,0.0299040004611015,0,119.400398254395,-86.0475,23.0983,63.5868445398825,63,63,63,63,61,63,0,8763,1.76508096394256,23,-86,0.001869,51,2024-10-11 17:12:51.001842,784,1.037,0.0011,"aoml_navis",1030.85932752538
"7901009",49,0,1,0.031773,1,0.009345,1,123.91411161337,1,4.85028059523939,786,1,7.27299976348877,34.8940010070801,0.0317730009555817,0,119.491096496582,-86.0475,23.0983,63.5868445398825,63,63,63,63,61,63,0,8763,1.76508096394256,23,-86,0.001869,51,2024-10-11 17:12:51.001842,786,1.037,0.0011,"aoml_navis",1030.86819449323
"7901009",49,0,1,0.029904,1,0.007476,1,124.105339816988,1,4.85023370599582,788,1,7.26700019836426,34.8940010070801,0.0299040004611015,0,119.675498962402,-86.0475,23.0983,63.5868445398825,63,63,63,63,61,63,0,8763,1.76508096394256,23,-86,0.001869,51,2024-10-11 17:12:51.001842,788,1.037,0.0011,"aoml_navis",1030.87816032845
"7901009",49,0,1,0.033642,1,0.011214,1,124.385852682495,1,4.85018302000064,790,1,7.25099992752075,34.8930015563965,0.0336420014500618,0,119.945999145508,-86.0475,23.0983,63.5868445398825,63,63,63,63,61,63,0,8763,1.76508096394256,23,-86,0.001869,51,2024-10-11 17:12:51.001842,790,1.037,0.0011,"aoml_navis",1030.8889333416
"7901009",49,0,1,0.028035,1,0.005607,1,124.774322057657,1,4.85013080879749,792,1,7.22800016403198,34.890998840332,0.0280349999666214,0,120.320602416992,-86.0475,23.0983,63.5868445398825,63,63,63,63,61,63,0,8763,1.76508096394256,23,-86,0.001869,51,2024-10-11 17:12:51.001842,792,1.037,0.0011,"aoml_navis",1030.90003076426
"7901009",49,0,1,0.031773,1,0.009345,1,125.306722896626,1,4.85006519644215,794,1,7.18699979782104,34.8889999389648,0.0317730009555817,0,120.833999633789,-86.0475,23.0983,63.5868445398825,63,63,63,63,61,63,0,8763,1.76508096394256,23,-86,0.001869,51,2024-10-11 17:12:51.001842,794,1.037,0.0011,"aoml_navis",1030.913976923
"7901009",49,0,1,0.026166,1,0.003738,1,125.797436461915,1,4.84999223178967,796,1,7.13600015640259,34.8870010375977,0.0261659994721413,0,121.307197570801,-86.0475,23.0983,63.5868445398825,63,63,63,63,61,63,0,8763,1.76508096394256,23,-86,0.001869,51,2024-10-11 17:12:51.001842,796,1.037,0.0011,"aoml_navis",1030.92948628393
"7901009",49,0,1,0.029904,1,0.007476,1,126.056484614288,1,4.84992976580078,798,1,7.10400009155273,34.8860015869141,0.0299040004611015,0,121.556999206543,-86.0475,23.0983,63.5868445398825,63,63,63,63,61,63,0,8763,1.76508096394256,23,-86,0.001869,51,2024-10-11 17:12:51.001842,798,1.037,0.0011,"aoml_navis",1030.94276442051
"7901009",49,0,1,0.026166,1,0.003738,1,126.248021378103,1,4.84988733358837,800,1,7.09899997711182,34.8849983215332,0.0261659994721413,0,121.74169921875,-86.0475,23.0983,63.5868445398825,63,63,63,63,61,63,0,8763,1.76508096394256,23,-86,0.001869,51,2024-10-11 17:12:51.001842,800,1.037,0.0011,"aoml_navis",1030.95178425528
"7901009",49,0,1,0.031773,1,0.009345,1,126.621347568254,1,4.84983748621946,802,1,7.08400011062622,34.8839988708496,0.0317730009555817,0,122.101699829102,-86.0475,23.0983,63.5868445398825,63,63,63,63,61,63,0,8763,1.76508096394256,23,-86,0.001869,51,2024-10-11 17:12:51.001842,802,1.037,0.0011,"aoml_navis",1030.96238053486
"7901009",49,0,1,0.028035,1,0.005607,1,126.996018764388,1,4.84977138929656,804,1,7.04699993133545,34.882999420166,0.0280349999666214,0,122.462997436523,-86.0475,23.0983,63.5868445398825,63,63,63,63,61,63,0,8763,1.76508096394256,23,-86,0.001869,51,2024-10-11 17:12:51.001842,804,1.037,0.0011,"aoml_navis",1030.97643139118
"7901009",49,0,1,0.029904,1,0.007476,1,127.375049362267,1,4.84972009453001,806,1,7.03000020980835,34.8819999694824,0.0299040004611015,0,122.828498840332,-86.0475,23.0983,63.5868445398825,63,63,63,63,61,63,0,8763,1.76508096394256,23,-86,0.001869,51,2024-10-11 17:12:51.001842,806,1.037,0.0011,"aoml_navis",1030.98733587522
"7901009",49,0,1,0.033642,1,0.011214,1,127.85580988328,1,4.84966733574772,808,1,7.01100015640259,34.8810005187988,0.0336420014500618,0,123.292098999023,-86.0475,23.0983,63.5868445398825,63,63,63,63,61,63,0,8763,1.76508096394256,23,-86,0.001869,51,2024-10-11 17:12:51.001842,808,1.037,0.0011,"aoml_navis",1030.99855182729
"7901009",49,0,1,0.031773,1,0.009345,1,128.521366314591,1,4.84959987590917,810,1,6.96700000762939,34.8790016174316,0.0317730009555817,0,123.933898925781,-86.0475,23.0983,63.5868445398825,63,63,63,63,61,63,0,8763,1.76508096394256,23,-86,0.001869,51,2024-10-11 17:12:51.001842,810,1.037,0.0011,"aoml_navis",1031.01289342198
"7901009",49,0,1,0.029904,1,0.007476,1,129.005552644961,1,4.8495141519405,812,1,6.90799999237061,34.8790016174316,0.0299040004611015,0,124.400802612305,-86.0475,23.0983,63.5868445398825,63,63,63,63,61,63,0,8763,1.76508096394256,23,-86,0.001869,51,2024-10-11 17:12:51.001842,812,1.037,0.0011,"aoml_navis",1031.03111844705
"7901009",49,0,1,0.031773,1,0.009345,1,129.286065510467,1,4.84944318141778,814,1,6.86899995803833,34.8790016174316,0.0317730009555817,0,124.67130279541,-86.0475,23.0983,63.5868445398825,63,63,63,63,61,63,0,8763,1.76508096394256,23,-86,0.001869,51,2024-10-11 17:12:51.001842,814,1.037,0.0011,"aoml_navis",1031.04620735822
"7901009",49,0,1,0.029904,1,0.007476,1,129.427615522504,1,4.84939931534923,816,1,6.86199998855591,34.8779983520508,0.0299040004611015,0,124.807800292969,-86.0475,23.0983,63.5868445398825,63,63,63,63,61,63,0,8763,1.76508096394256,23,-86,0.001869,51,2024-10-11 17:12:51.001842,816,1.037,0.0011,"aoml_navis",1031.05553386253
"7901009",49,0,1,0.033642,1,0.011214,1,129.604428426702,1,4.84935102918482,818,1,6.85400009155273,34.8779983520508,0.0336420014500618,0,124.978302001953,-86.0475,23.0983,63.5868445398825,63,63,63,63,61,63,0,8763,1.76508096394256,23,-86,0.001869,51,2024-10-11 17:12:51.001842,818,1.037,0.0011,"aoml_navis",1031.06580033257
"7901009",49,0,1,0.031773,1,0.009345,1,129.850406285639,1,4.84929909596173,820,1,6.84100008010864,34.8779983520508,0.0317730009555817,0,125.21549987793,-86.0475,23.0983,63.5868445398825,63,63,63,63,61,63,0,8763,1.76508096394256,23,-86,0.001869,51,2024-10-11 17:12:51.001842,820,1.037,0.0011,"aoml_navis",1031.07684245828
"7901009",49,0,1,0.029904,1,0.007476,1,130.157463239815,1,4.84924209799816,822,1,6.81599998474121,34.8769989013672,0.0299040004611015,0,125.511596679688,-86.0475,23.0983,63.5868445398825,63,63,63,63,61,63,0,8763,1.76508096394256,23,-86,0.001869,51,2024-10-11 17:12:51.001842,822,1.037,0.0011,"aoml_navis",1031.08896172952
"7901009",49,0,1,0.029904,1,0.007476,1,130.353462258774,1,4.84919236735167,824,1,6.80600023269653,34.8769989013672,0.0299040004611015,0,125.70059967041,-86.0475,23.0983,63.5868445398825,63,63,63,63,61,63,0,8763,1.76508096394256,23,-86,0.001869,51,2024-10-11 17:12:51.001842,824,1.037,0.0011,"aoml_navis",1031.09953601009
"7901009",49,0,1,0.029904,1,0.007476,1,130.644141787154,1,4.84913754417557,826,1,6.78900003433228,34.8769989013672,0.0299040004611015,0,125.980903625488,-86.0475,23.0983,63.5868445398825,63,63,63,63,61,63,0,8763,1.76508096394256,23,-86,0.001869,51,2024-10-11 17:12:51.001842,826,1.037,0.0011,"aoml_navis",1031.11119337203
"7901009",49,0,1,0.028035,1,0.005607,1,130.929108996005,1,4.8490864094812,828,1,6.77199983596802,34.8759994506836,0.0280349999666214,0,126.255699157715,-86.0475,23.0983,63.5868445398825,63,63,63,63,61,63,0,8763,1.76508096394256,23,-86,0.001869,51,2024-10-11 17:12:51.001842,828,1.037,0.0011,"aoml_navis",1031.12206666883
"7901009",49,0,1,0.031773,1,0.009345,1,131.205578931761,1,4.84903160729083,830,1,6.75500011444092,34.8759994506836,0.0317730009555817,0,126.522300720215,-86.0475,23.0983,63.5868445398825,63,63,63,63,61,63,0,8763,1.76508096394256,23,-86,0.001869,51,2024-10-11 17:12:51.001842,830,1.037,0.0011,"aoml_navis",1031.13372007767
"7901009",49,0,1,0.028035,1,0.005607,1,131.420241886688,1,4.84896593269854,832,1,6.72300004959106,34.8759994506836,0.0280349999666214,0,126.729301452637,-86.0475,23.0983,63.5868445398825,63,63,63,63,61,63,0,8763,1.76508096394256,23,-86,0.001869,51,2024-10-11 17:12:51.001842,832,1.037,0.0011,"aoml_navis",1031.14768579482
"7901009",49,0,1,0.031773,1,0.009345,1,131.55173600105,1,4.84891840789619,834,1,6.71600008010864,34.8759994506836,0.0317730009555817,0,126.856101989746,-86.0475,23.0983,63.5868445398825,63,63,63,63,61,63,0,8763,1.76508096394256,23,-86,0.001869,51,2024-10-11 17:12:51.001842,834,1.037,0.0011,"aoml_navis",1031.15779219089
"7901009",49,0,1,0.031773,1,0.009345,1,131.800617490551,1,4.84887161017835,836,1,6.71000003814697,34.8759994506836,0.0317730009555817,0,127.096099853516,-86.0475,23.0983,63.5868445398825,63,63,63,63,61,63,0,8763,1.76508096394256,23,-86,0.001869,51,2024-10-11 17:12:51.001842,836,1.037,0.0011,"aoml_navis",1031.16774416225
"7901009",49,0,4,0.024297,1,0.001869,1,132.097309986856,1,4.84882704339056,838,1,6.7020001411438,34.875,0.0242970008403063,0,127.382202148438,-86.0475,23.0983,63.5868445398825,63,63,63,63,61,63,0,8763,1.76508096394256,23,-86,0.001869,51,2024-10-11 17:12:51.001842,838,1.037,0.0011,"aoml_navis",1031.17722188411
"7901009",49,0,1,0.031773,1,0.009345,1,132.556186469341,1,4.84877017061179,840,1,6.67700004577637,34.8740005493164,0.0317730009555817,0,127.824699401855,-86.0475,23.0983,63.5868445398825,63,63,63,63,61,63,0,8763,1.76508096394256,23,-86,0.001869,51,2024-10-11 17:12:51.001842,840,1.037,0.0011,"aoml_navis",1031.18931689211
"7901009",49,0,1,0.033642,1,0.011214,1,132.998052582038,1,4.84869881048525,842,1,6.63700008392334,34.8740005493164,0.0336420014500618,0,128.250793457031,-86.0475,23.0983,63.5868445398825,63,63,63,63,61,63,0,8763,1.76508096394256,23,-86,0.001869,51,2024-10-11 17:12:51.001842,842,1.037,0.0011,"aoml_navis",1031.20449329366
"7901009",49,0,1,0.029904,1,0.007476,1,133.301596697058,1,4.8486433693323,844,1,6.61899995803833,34.8740005493164,0.0299040004611015,0,128.543502807617,-86.0475,23.0983,63.5868445398825,63,63,63,63,61,63,0,8763,1.76508096394256,23,-86,0.001869,51,2024-10-11 17:12:51.001842,844,1.037,0.0011,"aoml_navis",1031.21628446114
"7901009",49,0,1,0.029904,1,0.007476,1,133.711222225156,1,4.84859522136732,846,1,6.60599994659424,34.8730010986328,0.0299040004611015,0,128.938507080078,-86.0475,23.0983,63.5868445398825,63,63,63,63,61,63,0,8763,1.76508096394256,23,-86,0.001869,51,2024-10-11 17:12:51.001842,846,1.037,0.0011,"aoml_navis",1031.22652473967
"7901009",49,0,1,0.028035,1,0.005607,1,134.199965752269,1,4.848551401529,848,1,6.59899997711182,34.8720016479492,0.0280349999666214,0,129.409805297852,-86.0475,23.0983,63.5868445398825,63,63,63,63,61,63,0,8763,1.76508096394256,23,-86,0.001869,51,2024-10-11 17:12:51.001842,848,1.037,0.0011,"aoml_navis",1031.23584467378
"7901009",49,0,1,0.035511,1,0.013083,1,134.997728359934,1,4.84846579547238,850,1,6.53900003433228,34.8720016479492,0.0355109982192516,0,130.179092407227,-86.0475,23.0983,63.5868445398825,63,63,63,63,61,63,0,8763,1.76508096394256,23,-86,0.001869,51,2024-10-11 17:12:51.001842,850,1.037,0.0011,"aoml_navis",1031.25405250237
"7901009",49,0,1,0.029904,1,0.007476,1,135.621399722567,1,4.84839537182415,852,1,6.5,34.8720016479492,0.0299040004611015,0,130.780502319336,-86.0475,23.0983,63.5868445398825,63,63,63,63,61,63,0,8763,1.76508096394256,23,-86,0.001869,51,2024-10-11 17:12:51.001842,852,1.037,0.0011,"aoml_navis",1031.26903161753
"7901009",49,0,1,0.029904,1,0.007476,1,135.956875861989,1,4.84833287105463,854,1,6.47200012207031,34.8720016479492,0.0299040004611015,0,131.10400390625,-86.0475,23.0983,63.5868445398825,63,63,63,63,61,63,0,8763,1.76508096394256,23,-86,0.001869,51,2024-10-11 17:12:51.001842,854,1.037,0.0011,"aoml_navis",1031.28232590028
"7901009",49,0,1,0.028035,1,0.005607,1,136.336420726862,1,4.84828409007643,856,1,6.45800018310547,34.8709983825684,0.0280349999666214,0,131.470001220703,-86.0475,23.0983,63.5868445398825,63,63,63,63,61,63,0,8763,1.76508096394256,23,-86,0.001869,51,2024-10-11 17:12:51.001842,856,1.037,0.0011,"aoml_navis",1031.29270214056
"7901009",49,0,1,0.028035,1,0.005607,1,136.684967159721,1,4.84821878153006,858,1,6.42600011825562,34.8709983825684,0.0280349999666214,0,131.806106567383,-86.0475,23.0983,63.5868445398825,63,63,63,63,61,63,0,8763,1.76508096394256,23,-86,0.001869,51,2024-10-11 17:12:51.001842,858,1.037,0.0011,"aoml_navis",1031.30659429978
"7901009",49,0,1,0.026166,1,0.003738,1,136.936957986583,1,4.84817060527112,860,1,6.41800022125244,34.8709983825684,0.0261659994721413,0,132.049102783203,-86.0475,23.0983,63.5868445398825,63,63,63,63,61,63,0,8763,1.76508096394256,23,-86,0.001869,51,2024-10-11 17:12:51.001842,860,1.037,0.0011,"aoml_navis",1031.31684239078
"7901009",49,0,1,0.028035,1,0.005607,1,137.40288388278,1,4.84811660046437,862,1,6.40700006484985,34.8720016479492,0.0280349999666214,0,132.498397827148,-86.0475,23.0983,63.5868445398825,63,63,63,63,61,63,0,8763,1.76508096394256,23,-86,0.001869,51,2024-10-11 17:12:51.001842,862,1.037,0.0011,"aoml_navis",1031.32833057709
"7901009",49,0,1,0.031773,1,0.009345,1,137.890076697113,1,4.84805277374652,864,1,6.3769998550415,34.8720016479492,0.0317730009555817,0,132.968200683594,-86.0475,23.0983,63.5868445398825,63,63,63,63,61,63,0,8763,1.76508096394256,23,-86,0.001869,51,2024-10-11 17:12:51.001842,864,1.037,0.0011,"aoml_navis",1031.34190846195
"7901009",49,0,1,0.029904,1,0.007476,1,138.428696210805,1,4.84798756307981,866,1,6.34499979019165,34.8720016479492,0.0299040004611015,0,133.487594604492,-86.0475,23.0983,63.5868445398825,63,63,63,63,61,63,0,8763,1.76508096394256,23,-86,0.001869,51,2024-10-11 17:12:51.001842,866,1.037,0.0011,"aoml_navis",1031.35578112408
"7901009",49,0,1,0.028035,1,0.005607,1,138.811975445231,1,4.84791163242894,868,1,6.30299997329712,34.8730010986328,0.0280349999666214,0,133.857192993164,-86.0475,23.0983,63.5868445398825,63,63,63,63,61,63,0,8763,1.76508096394256,23,-86,0.001869,51,2024-10-11 17:12:51.001842,868,1.037,0.0011,"aoml_navis",1031.37193478398
"7901009",49,0,1,0.029904,1,0.007476,1,139.014090285514,1,4.84785782688402,870,1,6.28700017929077,34.8730010986328,0.0299040004611015,0,134.052093505859,-86.0475,23.0983,63.5868445398825,63,63,63,63,61,63,0,8763,1.76508096394256,23,-86,0.001869,51,2024-10-11 17:12:51.001842,870,1.037,0.0011,"aoml_navis",1031.38338180469
"7901009",49,0,1,0.028035,1,0.005607,1,139.226886055664,1,4.84780756395526,872,1,6.27600002288818,34.8730010986328,0.0280349999666214,0,134.257293701172,-86.0475,23.0983,63.5868445398825,63,63,63,63,61,63,0,8763,1.76508096394256,23,-86,0.001869,51,2024-10-11 17:12:51.001842,872,1.037,0.0011,"aoml_navis",1031.39407537055
"7901009",49,0,1,0.031773,1,0.009345,1,139.361086005593,1,4.84776083870295,874,1,6.26999998092651,34.8730010986328,0.0317730009555817,0,134.386703491211,-86.0475,23.0983,63.5868445398825,63,63,63,63,61,63,0,8763,1.76508096394256,23,-86,0.001869,51,2024-10-11 17:12:51.001842,874,1.037,0.0011,"aoml_navis",1031.40401648564
"7901009",49,0,1,0.029904,1,0.007476,1,139.512074794912,1,4.84771623905064,875.900024414062,1,6.26399993896484,34.8730010986328,0.0299040004611015,0,134.532302856445,-86.0475,23.0983,63.5868445398825,63,63,63,63,61,63,0,8763,1.76508096394256,23,-86,0.001869,51,2024-10-11 17:12:51.001842,875.900024414062,1.037,0.0011,"aoml_navis",1031.41350554363
"7901009",49,0,1,0.031773,1,0.009345,1,139.790823329041,1,4.84766598127471,878,1,6.25600004196167,34.8730010986328,0.0317730009555817,0,134.80110168457,-86.0475,23.0983,63.5868445398825,63,63,63,63,61,63,0,8763,1.76508096394256,23,-86,0.001869,51,2024-10-11 17:12:51.001842,878,1.037,0.0011,"aoml_navis",1031.4241986378
"7901009",49,0,1,0.031773,1,0.009345,1,140.154291416514,1,4.84761784971296,880,1,6.2480001449585,34.8730010986328,0.0317730009555817,0,135.151596069336,-86.0475,23.0983,63.5868445398825,63,63,63,63,61,63,0,8763,1.76508096394256,23,-86,0.001869,51,2024-10-11 17:12:51.001842,880,1.037,0.0011,"aoml_navis",1031.43443955593
"7901009",49,0,1,0.028035,1,0.005607,1,140.58662381033,1,4.84756407352926,882,1,6.23199987411499,34.8730010986328,0.0280349999666214,0,135.568496704102,-86.0475,23.0983,63.5868445398825,63,63,63,63,61,63,0,8763,1.76508096394256,23,-86,0.001869,51,2024-10-11 17:12:51.001842,882,1.037,0.0011,"aoml_navis",1031.44588171679
"7901009",49,0,1,0.028035,1,0.005607,1,141.033371503566,1,4.8475074866793,884,1,6.21199989318848,34.8730010986328,0.0280349999666214,0,135.999298095703,-86.0475,23.0983,63.5868445398825,63,63,63,63,61,63,0,8763,1.76508096394256,23,-86,0.001869,51,2024-10-11 17:12:51.001842,884,1.037,0.0011,"aoml_navis",1031.45792218779
"7901009",49,0,1,0.031773,1,0.009345,1,141.548049910756,1,4.84745373130081,886,1,6.19600009918213,34.8730010986328,0.0317730009555817,0,136.49560546875,-86.0475,23.0983,63.5868445398825,63,63,63,63,61,63,0,8763,1.76508096394256,23,-86,0.001869,51,2024-10-11 17:12:51.001842,886,1.037,0.0011,"aoml_navis",1031.46936044261
"7901009",49,0,1,0.029904,1,0.007476,1,142.029846877556,1,4.8473822405772,888,1,6.15999984741211,34.8740005493164,0.0299040004611015,0,136.960205078125,-86.0475,23.0983,63.5868445398825,63,63,63,63,61,63,0,8763,1.76508096394256,23,-86,0.001869,51,2024-10-11 17:12:51.001842,888,1.037,0.0011,"aoml_navis",1031.48457287838
"7901009",49,0,1,0.031773,1,0.009345,1,142.398805754161,1,4.8473299194202,890,1,6.14599990844727,34.8740005493164,0.0317730009555817,0,137.315994262695,-86.0475,23.0983,63.5868445398825,63,63,63,63,61,63,0,8763,1.76508096394256,23,-86,0.001869,51,2024-10-11 17:12:51.001842,890,1.037,0.0011,"aoml_navis",1031.49570652663
"7901009",49,0,1,0.029904,1,0.007476,1,142.844319206612,1,4.8472833909443,892,1,6.13500022888184,34.8730010986328,0.0299040004611015,0,137.74560546875,-86.0475,23.0983,63.5868445398825,63,63,63,63,61,63,0,8763,1.76508096394256,23,-86,0.001869,51,2024-10-11 17:12:51.001842,892,1.037,0.0011,"aoml_navis",1031.50560772679
"7901009",49,0,1,0.031773,1,0.009345,1,143.500745420837,1,4.84719850429217,894,1,6.08500003814697,34.875,0.0317730009555817,0,138.378601074219,-86.0475,23.0983,63.5868445398825,63,63,63,63,61,63,0,8763,1.76508096394256,23,-86,0.001869,51,2024-10-11 17:12:51.001842,894,1.037,0.0011,"aoml_navis",1031.52367198755
"7901009",49,0,1,0.031773,1,0.009345,1,143.862552030331,1,4.847133455511,896,1,6.05800008773804,34.8759994506836,0.0317730009555817,0,138.727493286133,-86.0475,23.0983,63.5868445398825,63,63,63,63,61,63,0,8763,1.76508096394256,23,-86,0.001869,51,2024-10-11 17:12:51.001842,896,1.037,0.0011,"aoml_navis",1031.53751508847
"7901009",49,0,1,0.031773,1,0.009345,1,144.090807457488,1,4.84708188260089,898,1,6.04500007629395,34.8759994506836,0.0317730009555817,0,138.947601318359,-86.0475,23.0983,63.5868445398825,63,63,63,63,61,63,0,8763,1.76508096394256,23,-86,0.001869,51,2024-10-11 17:12:51.001842,898,1.037,0.0011,"aoml_navis",1031.54849063888
"7901009",49,0,1,0.035511,1,0.013083,1,144.238995469643,1,4.84703659529475,900,1,6.04099988937378,34.8759994506836,0.0355109982192516,0,139.09049987793,-86.0475,23.0983,63.5868445398825,63,63,63,63,61,63,0,8763,1.76508096394256,23,-86,0.001869,51,2024-10-11 17:12:51.001842,900,1.037,0.0011,"aoml_navis",1031.55812870357
"7901009",49,0,1,0.029904,1,0.007476,1,144.42949578767,1,4.84699131010105,902,1,6.03700017929077,34.8759994506836,0.0299040004611015,0,139.274200439453,-86.0475,23.0983,63.5868445398825,63,63,63,63,61,63,0,8763,1.76508096394256,23,-86,0.001869,51,2024-10-11 17:12:51.001842,902,1.037,0.0011,"aoml_navis",1031.56776649879
"7901009",49,0,1,0.028035,1,0.005607,1,144.75315169804,1,4.84694323471997,904,1,6.02899980545044,34.8759994506836,0.0280349999666214,0,139.586303710938,-86.0475,23.0983,63.5868445398825,63,63,63,63,61,63,0,8763,1.76508096394256,23,-86,0.001869,51,2024-10-11 17:12:51.001842,904,1.037,0.0011,"aoml_navis",1031.57799831111
"7901009",49,0,1,0.031773,1,0.009345,1,145.128962193359,1,4.84689376733214,906,1,6.01900005340576,34.8759994506836,0.0317730009555817,0,139.948699951172,-86.0475,23.0983,63.5868445398825,63,63,63,63,61,63,0,8763,1.76508096394256,23,-86,0.001869,51,2024-10-11 17:12:51.001842,906,1.037,0.0011,"aoml_navis",1031.58852659404
"7901009",49,0,4,0.026166,1,0.003738,1,145.687804267599,1,4.84684151513652,908,1,6.00500011444092,34.8759994506836,0.0261659994721413,0,140.487594604492,-86.0475,23.0983,63.5868445398825,63,63,63,63,61,63,0,8763,1.76508096394256,23,-86,0.001869,51,2024-10-11 17:12:51.001842,908,1.037,0.0011,"aoml_navis",1031.59964780882
"7901009",49,0,1,0.031773,1,0.009345,1,146.249462942604,1,4.84678578793726,910,1,5.98600006103516,34.8759994506836,0.0317730009555817,0,141.029205322266,-86.0475,23.0983,63.5868445398825,63,63,63,63,61,63,0,8763,1.76508096394256,23,-86,0.001869,51,2024-10-11 17:12:51.001842,910,1.037,0.0011,"aoml_navis",1031.61150889814
"7901009",49,0,1,0.031773,1,0.009345,1,146.772733564488,1,4.84673216031057,912,1,5.96999979019165,34.8759994506836,0.0317730009555817,0,141.533798217773,-86.0475,23.0983,63.5868445398825,63,63,63,63,61,63,0,8763,1.76508096394256,23,-86,0.001869,51,2024-10-11 17:12:51.001842,912,1.037,0.0011,"aoml_navis",1031.62292336773
"7901009",49,0,1,0.029904,1,0.007476,1,147.283361130128,1,4.8466850033457,914,1,5.95800018310547,34.875,0.0299040004611015,0,142.02619934082,-86.0475,23.0983,63.5868445398825,63,63,63,63,61,63,0,8763,1.76508096394256,23,-86,0.001869,51,2024-10-11 17:12:51.001842,914,1.037,0.0011,"aoml_navis",1031.63296078628
"7901009",49,0,4,0.024297,1,0.001869,1,147.692353714235,1,4.84663625489456,916,1,5.94899988174438,34.875,0.0242970008403063,0,142.420593261719,-86.0475,23.0983,63.5868445398825,63,63,63,63,61,63,0,8763,1.76508096394256,23,-86,0.001869,51,2024-10-11 17:12:51.001842,916,1.037,0.0011,"aoml_navis",1031.64333715999
"7901009",49,0,1,0.031773,1,0.009345,1,148.121062503696,1,4.8465925798281,918,1,5.94199991226196,34.8740005493164,0.0317730009555817,0,142.833999633789,-86.0475,23.0983,63.5868445398825,63,63,63,63,61,63,0,8763,1.76508096394256,23,-86,0.001869,51,2024-10-11 17:12:51.001842,918,1.037,0.0011,"aoml_navis",1031.65263381337
"7901009",49,0,1,0.029904,1,0.007476,1,148.565626540159,1,4.84654383727607,920,1,5.93300008773804,34.8740005493164,0.0299040004611015,0,143.2626953125,-86.0475,23.0983,63.5868445398825,63,63,63,63,61,63,0,8763,1.76508096394256,23,-86,0.001869,51,2024-10-11 17:12:51.001842,920,1.037,0.0011,"aoml_navis",1031.66300932711
"7901009",49,0,1,0.029904,1,0.007476,1,149.144279761352,1,4.84650086120645,922,1,5.92700004577637,34.8730010986328,0.0299040004611015,0,143.820693969727,-86.0475,23.0983,63.5868445398825,63,63,63,63,61,63,0,8763,1.76508096394256,23,-86,0.001869,51,2024-10-11 17:12:51.001842,922,1.037,0.0011,"aoml_navis",1031.67215753993
"7901009",49,0,1,0.029904,1,0.007476,1,149.73299679202,1,4.84645164023693,924,1,5.91200017929077,34.8720016479492,0.0299040004611015,0,144.388397216797,-86.0475,23.0983,63.5868445398825,63,63,63,63,61,63,0,8763,1.76508096394256,23,-86,0.001869,51,2024-10-11 17:12:51.001842,924,1.037,0.0011,"aoml_navis",1031.68263528893
"7901009",49,0,1,0.028035,1,0.005607,1,150.332916931349,1,4.84640360078767,926,1,5.90399980545044,34.8720016479492,0.0280349999666214,0,144.966903686523,-86.0475,23.0983,63.5868445398825,63,63,63,63,61,63,0,8763,1.76508096394256,23,-86,0.001869,51,2024-10-11 17:12:51.001842,926,1.037,0.0011,"aoml_navis",1031.69286173099
"7901009",49,0,1,0.024297,1,0.001869,1,150.813258126967,1,4.84634609192988,928,1,5.8769998550415,34.8709983825684,0.0242970008403063,0,145.430099487305,-86.0475,23.0983,63.5868445398825,63,63,63,63,61,63,0,8763,1.76508096394256,23,-86,0.001869,51,2024-10-11 17:12:51.001842,928,1.037,0.0011,"aoml_navis",1031.70510424874
"7901009",49,0,1,0.033642,1,0.011214,1,151.235843183304,1,4.84629966581245,930,1,5.86600017547607,34.8699989318848,0.0336420014500618,0,145.837600708008,-86.0475,23.0983,63.5868445398825,63,63,63,63,61,63,0,8763,1.76508096394256,23,-86,0.001869,51,2024-10-11 17:12:51.001842,930,1.037,0.0011,"aoml_navis",1031.7149876785
"7901009",49,0,1,0.028035,1,0.005607,1,151.575987284668,1,4.84624817962255,932,1,5.85300016403198,34.8699989318848,0.0280349999666214,0,146.165603637695,-86.0475,23.0983,63.5868445398825,63,63,63,63,61,63,0,8763,1.76508096394256,23,-86,0.001869,51,2024-10-11 17:12:51.001842,932,1.037,0.0011,"aoml_navis",1031.72594854385
"7901009",49,0,1,0.031773,1,0.009345,1,151.731533270731,1,4.8462031450352,934,1,5.8439998626709,34.8689994812012,0.0317730009555817,0,146.31559753418,-86.0475,23.0983,63.5868445398825,63,63,63,63,61,63,0,8763,1.76508096394256,23,-86,0.001869,51,2024-10-11 17:12:51.001842,934,1.037,0.0011,"aoml_navis",1031.7355361222
"7901009",49,0,1,0.029904,1,0.007476,1,151.987891411138,1,4.84615719852517,936,1,5.83900022506714,34.8689994812012,0.0299040004611015,0,146.562805175781,-86.0475,23.0983,63.5868445398825,63,63,63,63,61,63,0,8763,1.76508096394256,23,-86,0.001869,51,2024-10-11 17:12:51.001842,936,1.037,0.0011,"aoml_navis",1031.74531802675
"7901009",49,0,1,0.026166,1,0.003738,1,152.250974581461,1,4.84611125351244,938,1,5.83400011062622,34.8689994812012,0.0261659994721413,0,146.816497802734,-86.0475,23.0983,63.5868445398825,63,63,63,63,61,63,0,8763,1.76508096394256,23,-86,0.001869,51,2024-10-11 17:12:51.001842,938,1.037,0.0011,"aoml_navis",1031.75509979801
"7901009",49,0,1,0.029904,1,0.007476,1,152.569756823091,1,4.84607452231024,940,1,5.83699989318848,34.8680000305176,0.0299040004611015,0,147.123901367188,-86.0475,23.0983,63.5868445398825,63,63,63,63,61,63,0,8763,1.76508096394256,23,-86,0.001869,51,2024-10-11 17:12:51.001842,940,1.037,0.0011,"aoml_navis",1031.76292006677
"7901009",49,0,1,0.026166,1,0.003738,1,153.211039852305,1,4.8460278889048,942,1,5.83099985122681,34.8680000305176,0.0261659994721413,0,147.742294311523,-86.0475,23.0983,63.5868445398825,63,63,63,63,61,63,0,8763,1.76508096394256,23,-86,0.001869,51,2024-10-11 17:12:51.001842,942,1.037,0.0011,"aoml_navis",1031.77284873819
"7901009",49,0,1,0.033642,1,0.011214,1,153.667028527826,1,4.84595984624941,944,1,5.79400014877319,34.8680000305176,0.0336420014500618,0,148.182006835938,-86.0475,23.0983,63.5868445398825,63,63,63,63,61,63,0,8763,1.76508096394256,23,-86,0.001869,51,2024-10-11 17:12:51.001842,944,1.037,0.0011,"aoml_navis",1031.78733597428
"7901009",49,0,1,0.026166,1,0.003738,1,153.94131480681,1,4.8459104609795,946,1,5.78399991989136,34.8680000305176,0.0261659994721413,0,148.446502685547,-86.0475,23.0983,63.5868445398825,63,63,63,63,61,63,0,8763,1.76508096394256,23,-86,0.001869,51,2024-10-11 17:12:51.001842,946,1.037,0.0011,"aoml_navis",1031.797851046
"7901009",49,0,1,0.029904,1,0.007476,1,154.338487161864,1,4.84583278102806,948,1,5.7649998664856,34.8740005493164,0.0299040004611015,0,148.829498291016,-86.0475,23.0983,63.5868445398825,63,63,63,63,61,63,0,8763,1.76508096394256,23,-86,0.001869,51,2024-10-11 17:12:51.001842,948,1.037,0.0011,"aoml_navis",1031.81439103213
"7901009",49,0,1,0.031773,1,0.009345,1,154.777876881191,1,4.84577122610572,950,1,5.7480001449585,34.8759994506836,0.0317730009555817,0,149.253204345703,-86.0475,23.0983,63.5868445398825,63,63,63,63,61,63,0,8763,1.76508096394256,23,-86,0.001869,51,2024-10-11 17:12:51.001842,950,1.037,0.0011,"aoml_navis",1031.82749797667
"7901009",49,0,1,0.029904,1,0.007476,1,155.187913822885,1,4.84571772953311,952,1,5.73199987411499,34.8759994506836,0.0299040004611015,0,149.64860534668,-86.0475,23.0983,63.5868445398825,63,63,63,63,61,63,0,8763,1.76508096394256,23,-86,0.001869,51,2024-10-11 17:12:51.001842,952,1.037,0.0011,"aoml_navis",1031.83888932007
"7901009",49,0,1,0.028035,1,0.005607,1,155.690439705426,1,4.8456605617898,954,1,5.71600008010864,34.8769989013672,0.0280349999666214,0,150.133193969727,-86.0475,23.0983,63.5868445398825,63,63,63,63,61,63,0,8763,1.76508096394256,23,-86,0.001869,51,2024-10-11 17:12:51.001842,954,1.037,0.0011,"aoml_navis",1031.85106266568
"7901009",49,0,1,0.026166,1,0.003738,1,156.192364291175,1,4.84559859822794,956,1,5.69299983978271,34.8779983520508,0.0261659994721413,0,150.617202758789,-86.0475,23.0983,63.5868445398825,63,63,63,63,61,63,0,8763,1.76508096394256,23,-86,0.001869,51,2024-10-11 17:12:51.001842,956,1.037,0.0011,"aoml_navis",1031.86425756119
"7901009",49,0,1,0.026166,1,0.003738,1,156.684636481044,1,4.84553253002359,958,1,5.66400003433228,34.8790016174316,0.0261659994721413,0,151.091903686523,-86.0475,23.0983,63.5868445398825,63,63,63,63,61,63,0,8763,1.76508096394256,23,-86,0.001869,51,2024-10-11 17:12:51.001842,958,1.037,0.0011,"aoml_navis",1031.87832689582
"7901009",49,0,1,0.028035,1,0.005607,1,157.041775128597,1,4.84546351133398,960,1,5.63600015640259,34.8810005187988,0.0280349999666214,0,151.436294555664,-86.0475,23.0983,63.5868445398825,63,63,63,63,61,63,0,8763,1.76508096394256,23,-86,0.001869,51,2024-10-11 17:12:51.001842,960,1.037,0.0011,"aoml_navis",1031.89302495098
"7901009",49,0,1,0.029904,1,0.007476,1,157.469961739264,1,4.84538769913455,962,1,5.59800004959106,34.882999420166,0.0299040004611015,0,151.849197387695,-86.0475,23.0983,63.5868445398825,63,63,63,63,61,63,0,8763,1.76508096394256,23,-86,0.001869,51,2024-10-11 17:12:51.001842,962,1.037,0.0011,"aoml_navis",1031.90917021832
"7901009",49,0,1,0.029904,1,0.007476,1,157.781591713783,1,4.84532515728377,964,1,5.57399988174438,34.8839988708496,0.0299040004611015,0,152.149703979492,-86.0475,23.0983,63.5868445398825,63,63,63,63,61,63,0,8763,1.76508096394256,23,-86,0.001869,51,2024-10-11 17:12:51.001842,964,1.037,0.0011,"aoml_navis",1031.92248975979
"7901009",49,0,1,0.031773,1,0.009345,1,157.996048961912,1,4.84527284442668,966,1,5.56500005722046,34.8849983215332,0.0317730009555817,0,152.356506347656,-86.0475,23.0983,63.5868445398825,63,63,63,63,61,63,0,8763,1.76508096394256,23,-86,0.001869,51,2024-10-11 17:12:51.001842,966,1.037,0.0011,"aoml_navis",1031.93363109599
"7901009",49,0,4,0.026166,1,0.003738,1,158.167466018577,1,4.845223535009,968,1,5.55499982833862,34.8849983215332,0.0261659994721413,0,152.52180480957,-86.0475,23.0983,63.5868445398825,63,63,63,63,61,63,0,8763,1.76508096394256,23,-86,0.001869,51,2024-10-11 17:12:51.001842,968,1.037,0.0011,"aoml_navis",1031.94413299462
"7901009",49,0,1,0.031773,1,0.009345,1,158.43626150843,1,4.84517695069828,970,1,5.54899978637695,34.8849983215332,0.0317730009555817,0,152.781005859375,-86.0475,23.0983,63.5868445398825,63,63,63,63,61,63,0,8763,1.76508096394256,23,-86,0.001869,51,2024-10-11 17:12:51.001842,970,1.037,0.0011,"aoml_navis",1031.95405469751
"7901009",49,0,1,0.033642,1,0.011214,1,158.825031531988,1,4.8451100745028,972,1,5.52400016784668,34.8870010375977,0.0336420014500618,0,153.155899047852,-86.0475,23.0983,63.5868445398825,63,63,63,63,61,63,0,8763,1.76508096394256,23,-86,0.001869,51,2024-10-11 17:12:51.001842,972,1.037,0.0011,"aoml_navis",1031.9682985764
"7901009",49,0,1,0.029904,1,0.007476,1,159.15729548065,1,4.84505806331712,974,1,5.51000022888184,34.8870010375977,0.0299040004611015,0,153.476303100586,-86.0475,23.0983,63.5868445398825,63,63,63,63,61,63,0,8763,1.76508096394256,23,-86,0.001869,51,2024-10-11 17:12:51.001842,974,1.037,0.0011,"aoml_navis",1031.97937664689
"7901009",49,0,1,0.031773,1,0.009345,1,159.638475327057,1,4.84501148779056,976,1,5.50400018692017,34.8870010375977,0.0317730009555817,0,153.940307617188,-86.0475,23.0983,63.5868445398825,63,63,63,63,61,63,0,8763,1.76508096394256,23,-86,0.001869,51,2024-10-11 17:12:51.001842,976,1.037,0.0011,"aoml_navis",1031.98929715647
"7901009",49,0,1,0.035511,1,0.013083,1,160.22364787137,1,4.84495241389015,978,1,5.4850001335144,34.8880004882812,0.0355109982192516,0,154.504592895508,-86.0475,23.0983,63.5868445398825,63,63,63,63,61,63,0,8763,1.76508096394256,23,-86,0.001869,51,2024-10-11 17:12:51.001842,978,1.037,0.0011,"aoml_navis",1032.00188007324
"7901009",49,0,1,0.033642,1,0.011214,1,166.726577740782,1,4.84440725435214,999.400024414062,1,5.37309980392456,34.8919982910156,0.0336420014500618,0,160.775405883789,-86.0475,23.0983,63.5868445398825,63,63,63,63,61,63,0,8763,1.76508096394256,23,-86,0.001869,51,2024-10-11 17:12:51.001842,999.400024414062,1.037,0.0011,"aoml_navis",1032.11801516235
"7901009",49,0,4,0.024297,1,0.001869,1,177.110308756263,1,4.84305616929292,1049.19995117188,1,5.00089979171753,34.9039993286133,0.0242970008403063,0,170.788497924805,-86.0475,23.0983,63.5868445398825,63,63,63,63,61,63,0,8763,1.76508096394256,23,-86,0.001869,51,2024-10-11 17:12:51.001842,1049.19995117188,1.037,0.0011,"aoml_navis",1032.4059488928
"7901009",49,0,1,0.035511,1,0.013083,1,185.315699728472,1,4.84174709267353,1100.09997558594,1,4.71630001068115,34.9150009155273,0.0355109982192516,0,178.70100402832,-86.0475,23.0983,63.5868445398825,63,63,63,63,61,63,0,8763,1.76508096394256,23,-86,0.001869,51,2024-10-11 17:12:51.001842,1100.09997558594,1.037,0.0011,"aoml_navis",1032.68508335884
"7901009",49,0,1,0.031773,1,0.009345,1,189.283530673457,1,4.8405875951359,1149.69995117188,1,4.58179998397827,34.9199981689453,0.0317730009555817,0,182.527206420898,-86.0475,23.0983,63.5868445398825,63,63,63,63,61,63,0,8763,1.76508096394256,23,-86,0.001869,51,2024-10-11 17:12:51.001842,1149.69995117188,1.037,0.0011,"aoml_navis",1032.93244915644
"7901009",49,0,1,0.033642,1,0.011214,1,191.155652413341,1,4.83948700538021,1198.69995117188,1,4.50530004501343,34.9230003356934,0.0336420014500618,0,184.332504272461,-86.0475,23.0983,63.5868445398825,63,63,63,63,61,63,0,8763,1.76508096394256,23,-86,0.001869,51,2024-10-11 17:12:51.001842,1198.69995117188,1.037,0.0011,"aoml_navis",1033.16735729249
"7901009",49,0,1,0.039249,1,0.016821,1,185.834824567207,4,4.83839990011998,1250,1,4.50530004501343,34.9230003356934,0.0392489992082119,0,179.201599121094,-86.0475,23.0983,63.5868445398825,63,63,63,63,61,63,0,8763,1.76508096394256,23,-86,0.001869,51,2024-10-11 17:12:51.001842,1250,1.037,0.0011,"aoml_navis",1033.39949223213
"7901009",50,0.0529122088729256,5,0.108402,1,0.085974,1,190.679199015395,1,4.88797888722857,2,1,29.2320003509521,36.2290000915527,0.108401998877525,0.095319002866745,183.873001098633,-86.0409,23.5042,59.8103010953925,63,63,63,63,61,63,0.087843,8520,1.66016505209534,24,-86,0.001869,51,2024-10-21 21:39:06.00231,2,1.037,0.0011,"aoml_navis",1022.91767525104
"7901009",50,0.0529122088729256,5,0.106533,1,0.084105,1,190.693614319237,1,4.8879348547471,4,1,29.2299995422363,36.2290000915527,0.106532998383045,0.0934500023722649,183.886901855469,-86.0409,23.5042,59.8103010953925,63,63,63,63,61,63,0.087843,8520,1.66016505209534,24,-86,0.001869,51,2024-10-21 21:39:06.00231,4,1.037,0.0011,"aoml_navis",1022.92689010453
"7901009",50,0.0529122088729256,5,0.100926,1,0.078498,1,190.645605502709,1,4.88789039866695,6.09999990463257,1,29.2290000915527,36.2290000915527,0.100925996899605,0.0878430008888245,183.840606689453,-86.0409,23.5042,59.8103010953925,63,63,63,63,61,63,0.087843,8520,1.66016505209534,24,-86,0.001869,51,2024-10-21 21:39:06.00231,6.09999990463257,1.037,0.0011,"aoml_navis",1022.93619377465
"7901009",50,0.0529122088729256,5,0.114009,1,0.091581,1,190.739755950415,1,4.88785486213567,8,1,29.2310009002686,36.2290000915527,0.114009000360966,0.100925996899605,183.931396484375,-86.0409,23.5042,59.8103010953925,63,63,63,63,61,63,0.087843,8520,1.66016505209534,24,-86,0.001869,51,2024-10-21 21:39:06.00231,8,1.037,0.0011,"aoml_navis",1022.94363090301
"7901009",50,0.0529122088729256,5,0.102795,1,0.080367,1,190.678360364348,1,4.88781889648923,10,1,29.2339992523193,36.2290000915527,0.102794997394085,0.0897120013833046,183.872192382812,-86.0409,23.5042,59.8103010953925,63,63,63,63,61,63,0.087843,8520,1.66016505209534,24,-86,0.001869,51,2024-10-21 21:39:06.00231,10,1.037,0.0011,"aoml_navis",1022.95115794723
"7901009",50,0.0529122088729256,5,0.100926,1,0.078498,1,190.668929495973,1,4.88778013883594,11.8999996185303,1,29.2339992523193,36.2290000915527,0.100925996899605,0.0878430008888245,183.863098144531,-86.0409,23.5042,59.8103010953925,63,63,63,63,61,63,0.087843,8520,1.66016505209534,24,-86,0.001869,51,2024-10-21 21:39:06.00231,11.8999996185303,1.037,0.0011,"aoml_navis",1022.95926943858
"7901009",50,0.0529122088729256,5,0.099057,1,0.076629,1,190.694753618772,1,4.88774095824644,13.8999996185303,1,29.2350006103516,36.2290000915527,0.0990569964051247,0.0859740003943443,183.888000488281,-86.0409,23.5042,59.8103010953925,63,63,63,63,61,63,0.087843,8520,1.66016505209534,24,-86,0.001869,51,2024-10-21 21:39:06.00231,13.8999996185303,1.037,0.0011,"aoml_navis",1022.96746957593
"7901009",50,0.0529122088729256,5,0.102795,1,0.080367,1,190.641032480963,1,4.88769812577681,16,1,29.2350006103516,36.2290000915527,0.102794997394085,0.0897120013833046,183.836196899414,-86.0409,23.5042,59.8103010953925,63,63,63,63,61,63,0.087843,8520,1.66016505209534,24,-86,0.001869,51,2024-10-21 21:39:06.00231,16,1.037,0.0011,"aoml_navis",1022.97643416866
"7901009",50,0.0529122088729256,5,0.11214,1,0.089712,1,190.631902261077,1,4.88765894707418,18,1,29.2360000610352,36.2290000915527,0.112139999866486,0.0990569964051247,183.827392578125,-86.0409,23.5042,59.8103010953925,63,63,63,63,61,63,0.087843,8520,1.66016505209534,24,-86,0.001869,51,2024-10-21 21:39:06.00231,18,1.037,0.0011,"aoml_navis",1022.98463418628
"7901009",50,0.0529122088729256,5,0.108402,1,0.085974,1,190.665305890506,1,4.8876197708334,20,1,29.2369995117188,36.2290000915527,0.108401998877525,0.095319002866745,183.859603881836,-86.0409,23.5042,59.8103010953925,63,63,63,63,61,63,0.087843,8520,1.66016505209534,24,-86,0.001869,51,2024-10-21 21:39:06.00231,20,1.037,0.0011,"aoml_navis",1022.9928338201
"7901009",50,0.0529122088729256,5,0.115878,1,0.09345,1,190.683455565047,1,4.88757898516765,22,1,29.2369995117188,36.2290000915527,0.115878000855446,0.102794997394085,183.877105712891,-86.0409,23.5042,59.8103010953925,63,63,63,63,61,63,0.087843,8520,1.66016505209534,24,-86,0.001869,51,2024-10-21 21:39:06.00231,22,1.037,0.0011,"aoml_navis",1023.00137044813
"7901009",50,0.0529122088729256,5,0.117747,1,0.095319,1,190.567199541636,1,4.88753820183673,24,1,29.2369995117188,36.2290000915527,0.117747001349926,0.104663997888565,183.764999389648,-86.0409,23.5042,59.8103010953925,63,63,63,63,61,63,0.087843,8520,1.66016505209534,24,-86,0.001869,51,2024-10-21 21:39:06.00231,24,1.037,0.0011,"aoml_navis",1023.00990672994
"7901009",50,0.0529122088729256,5,0.115878,1,0.09345,1,190.57394039722,1,4.8874974208404,26,1,29.2369995117188,36.2290000915527,0.115878000855446,0.102794997394085,183.771499633789,-86.0409,23.5042,59.8103010953925,63,63,63,63,61,63,0.087843,8520,1.66016505209534,24,-86,0.001869,51,2024-10-21 21:39:06.00231,26,1.037,0.0011,"aoml_navis",1023.01844266554
"7901009",50,0.0529122088729256,5,0.114009,1,0.091581,1,190.553512123609,1,4.88745825727777,28,1,29.238000869751,36.2290000915527,0.114009000360966,0.100925996899605,183.751800537109,-86.0409,23.5042,59.8103010953925,63,63,63,63,61,63,0.087843,8520,1.66016505209534,24,-86,0.001869,51,2024-10-21 21:39:06.00231,28,1.037,0.0011,"aoml_navis",1023.0266401876
"7901009",50,0.0529122088729256,5,0.121485,1,0.099057,1,190.580475545943,1,4.88741748099552,30,1,29.238000869751,36.2290000915527,0.121485002338886,0.108401998877525,183.777801513672,-86.0409,23.5042,59.8103010953925,63,63,63,63,61,63,0.087843,8520,1.66016505209534,24,-86,0.001869,51,2024-10-21 21:39:06.00231,30,1.037,0.0011,"aoml_navis",1023.0351754157
"7901009",50,0.0529122088729256,5,0.121485,1,0.099057,1,190.607644675138,1,4.88737831919669,32,1,29.2390003204346,36.2290000915527,0.121485002338886,0.108401998877525,183.804000854492,-86.0409,23.5042,59.8103010953925,63,63,63,63,61,63,0.087843,8520,1.66016505209534,24,-86,0.001869,51,2024-10-21 21:39:06.00231,32,1.037,0.0011,"aoml_navis",1023.04337283671
"7901009",50,0.0529122088729256,5,0.11214,1,0.089712,1,190.508509791966,1,4.88733396215521,34,1,29.2390003204346,36.2299995422363,0.112139999866486,0.0990569964051247,183.708404541016,-86.0409,23.5042,59.8103010953925,63,63,63,63,61,63,0.087843,8520,1.66016505209534,24,-86,0.001869,51,2024-10-21 21:39:06.00231,34,1.037,0.0011,"aoml_navis",1023.05265789431
"7901009",50,0.0529122088729256,5,0.114009,1,0.091581,1,190.526548701274,1,4.88729319302749,36,1,29.2390003204346,36.2299995422363,0.114009000360966,0.100925996899605,183.725799560547,-86.0409,23.5042,59.8103010953925,63,63,63,63,61,63,0.087843,8520,1.66016505209534,24,-86,0.001869,51,2024-10-21 21:39:06.00231,36,1.037,0.0011,"aoml_navis",1023.06119205889
"7901009",50,0.0529122088729256,5,0.115878,1,0.09345,1,190.553195651515,1,4.88725242623308,38,1,29.2390003204346,36.2299995422363,0.115878000855446,0.102794997394085,183.751495361328,-86.0409,23.5042,59.8103010953925,63,63,63,63,61,63,0.087843,8520,1.66016505209534,24,-86,0.001869,51,2024-10-21 21:39:06.00231,38,1.037,0.0011,"aoml_navis",1023.06972587741
"7901009",50,0.0529122088729256,5,0.114009,1,0.091581,1,190.49149941696,1,4.88721685928718,40,1,29.2399997711182,36.2290000915527,0.114009000360966,0.100925996899605,183.692001342773,-86.0409,23.5042,59.8103010953925,63,63,63,63,61,63,0.087843,8520,1.66016505209534,24,-86,0.001869,51,2024-10-21 21:39:06.00231,40,1.037,0.0011,"aoml_navis",1023.07717131449
"7901009",50,0.0529122088729256,5,0.108402,1,0.085974,1,190.469203957999,1,4.88717412450933,42,1,29.2409992218018,36.2299995422363,0.108401998877525,0.095319002866745,183.670501708984,-86.0409,23.5042,59.8103010953925,63,63,63,63,61,63,0.087843,8520,1.66016505209534,24,-86,0.001869,51,2024-10-21 21:39:06.00231,42,1.037,0.0011,"aoml_navis",1023.08611737913
"7901009",50,0.0529122088729256,5,0.11214,1,0.089712,1,190.558797207564,1,4.8871333648043,44,1,29.2409992218018,36.2299995422363,0.112139999866486,0.0990569964051247,183.756896972656,-86.0409,23.5042,59.8103010953925,63,63,63,63,61,63,0.087843,8520,1.66016505209534,24,-86,0.001869,51,2024-10-21 21:39:06.00231,44,1.037,0.0011,"aoml_navis",1023.09465012936
"7901009",50,0.0529122088729256,5,0.106533,1,0.084105,1,190.452921468807,1,4.8870942230864,46,1,29.242000579834,36.2299995422363,0.106532998383045,0.0934500023722649,183.654800415039,-86.0409,23.5042,59.8103010953925,63,63,63,63,61,63,0.087843,8520,1.66016505209534,24,-86,0.001869,51,2024-10-21 21:39:06.00231,46,1.037,0.0011,"aoml_navis",1023.10284429963
"7901009",50,0.0529122088729256,5,0.110271,1,0.087843,1,190.454994361017,1,4.88705346809149,48,1,29.242000579834,36.2299995422363,0.110270999372005,0.0971880033612251,183.656799316406,-86.0409,23.5042,59.8103010953925,63,63,63,63,61,63,0.087843,8520,1.66016505209534,24,-86,0.001869,51,2024-10-21 21:39:06.00231,48,1.037,0.0011,"aoml_navis",1023.11137634281
"7901009",50,0.0529122088729256,5,0.11214,1,0.089712,1,190.398788917278,1,4.88701271542858,50,1,29.242000579834,36.2299995422363,0.112139999866486,0.0990569964051247,183.602600097656,-86.0409,23.5042,59.8103010953925,63,63,63,63,61,63,0.087843,8520,1.66016505209534,24,-86,0.001869,51,2024-10-21 21:39:06.00231,50,1.037,0.0011,"aoml_navis",1023.11990804008
"7901009",50,0.0529122088729256,5,0.119616,1,0.097188,1,190.368296831105,1,4.88697357784645,52,1,29.2430000305176,36.2299995422363,0.119616001844406,0.106532998383045,183.573196411133,-86.0409,23.5042,59.8103010953925,63,63,63,63,61,63,0.087843,8520,1.66016505209534,24,-86,0.001869,51,2024-10-21 21:39:06.00231,52,1.037,0.0011,"aoml_navis",1023.12810174909
"7901009",50,0.0529122088729256,5,0.125223,1,0.102795,1,190.305872710735,1,4.88693121709792,54,1,29.242000579834,36.2299995422363,0.125222995877266,0.112139999866486,183.513000488281,-86.0409,23.5042,59.8103010953925,63,63,63,63,61,63,0.087843,8520,1.66016505209534,24,-86,0.001869,51,2024-10-21 21:39:06.00231,54,1.037,0.0011,"aoml_navis",1023.13697039698
"7901009",50,0.0529122088729256,5,0.115878,1,0.09345,1,190.255996708858,1,4.88689208426943,56,1,29.2430000305176,36.2299995422363,0.115878000855446,0.102794997394085,183.464904785156,-86.0409,23.5042,59.8103010953925,63,63,63,63,61,63,0.087843,8520,1.66016505209534,24,-86,0.001869,51,2024-10-21 21:39:06.00231,56,1.037,0.0011,"aoml_navis",1023.14516338404
"7901009",50,0.0529122088729256,5,0.110271,1,0.087843,1,190.233179070943,1,4.88685295389836,58,1,29.2439994812012,36.2299995422363,0.110270999372005,0.0971880033612251,183.442901611328,-86.0409,23.5042,59.8103010953925,63,63,63,63,61,63,0.087843,8520,1.66016505209534,24,-86,0.001869,51,2024-10-21 21:39:06.00231,58,1.037,0.0011,"aoml_navis",1023.1533559878
"7901009",50,0.054038000551073,1,0.11214,1,0.089712,1,190.095561181246,1,4.88680652603356,60.2000007629395,1,29.2430000305176,36.2299995422363,0.112139999866486,0.0990569964051247,183.310195922852,-86.0409,23.5042,59.8103010953925,63,63,63,63,61,63,0.089712,8520,1.66016505209534,24,-86,0.001869,51,2024-10-21 21:39:06.00231,60.2000007629395,1.037,0.0011,"aoml_navis",1023.16307661525
"7901009",50,0.112579167814735,1,0.209328,1,0.1869,1,189.557558622926,1,4.88641956593602,61.7000007629395,1,29.1219997406006,36.2750015258789,0.20932799577713,0.19624499976635,182.791397094727,-86.0409,23.5042,59.8103010953925,63,63,63,63,61,63,0.1869,8520,1.66016505209534,24,-86,0.001869,51,2024-10-21 21:39:06.00231,61.7000007629395,1.037,0.0011,"aoml_navis",1023.24410184827
"7901009",50,0.165491376687661,1,0.297171,1,0.274743,1,188.410109931262,1,4.8856328753547,64.1999969482422,1,28.8579998016357,36.3619995117188,0.297170996665955,0.284087985754013,181.684906005859,-86.0409,23.5042,59.8103010953925,63,63,63,63,61,63,0.274743,8520,1.66016505209534,24,-86,0.001869,51,2024-10-21 21:39:06.00231,64.1999969482422,1.037,0.0011,"aoml_navis",1023.4088658651
"7901009",50,0.238667835767239,1,0.418656,1,0.396228,1,186.872419501561,1,4.88469253901826,65.8000030517578,1,28.4209995269775,36.4210014343262,0.41865599155426,0.405573010444641,180.202102661133,-86.0409,23.5042,59.8103010953925,63,63,63,63,61,63,0.396228,8520,1.66016505209534,24,-86,0.001869,51,2024-10-21 21:39:06.00231,65.8000030517578,1.037,0.0011,"aoml_navis",1023.60587899048
"7901009",50,0.254428919261302,1,0.444822,1,0.422394,1,185.814564059463,1,4.88438092317634,68,1,28.2660007476807,36.4269981384277,0.444822013378143,0.431739002466202,179.182006835938,-86.0409,23.5042,59.8103010953925,63,63,63,63,61,63,0.422394,8520,1.66016505209534,24,-86,0.001869,51,2024-10-21 21:39:06.00231,68,1.037,0.0011,"aoml_navis",1023.67118344006
"7901009",50,0.276944752824249,1,0.482202,1,0.459774,1,185.117470979927,1,4.88407629567515,70,1,28.1259994506836,36.4389991760254,0.482201993465424,0.469119012355804,178.509796142578,-86.0409,23.5042,59.8103010953925,63,63,63,63,61,63,0.459774,8520,1.66016505209534,24,-86,0.001869,51,2024-10-21 21:39:06.00231,70,1.037,0.0011,"aoml_navis",1023.73503141781
"7901009",50,0.309592711490522,1,0.536403,1,0.513975,1,184.519734314029,1,4.88386388178163,72,1,28.0259990692139,36.443000793457,0.536403000354767,0.523320019245148,177.933395385742,-86.0409,23.5042,59.8103010953925,63,63,63,63,61,63,0.513975,8520,1.66016505209534,24,-86,0.001869,51,2024-10-21 21:39:06.00231,72,1.037,0.0011,"aoml_navis",1023.77955672589
"7901009",50,0.352372795260122,1,0.607425,1,0.584997,1,183.914750437198,1,4.88370941944376,74,1,27.9489994049072,36.4410018920898,0.607424974441528,0.594341993331909,177.350006103516,-86.0409,23.5042,59.8103010953925,63,63,63,63,61,63,0.584997,8520,1.66016505209534,24,-86,0.001869,51,2024-10-21 21:39:06.00231,74,1.037,0.0011,"aoml_navis",1023.81193690461
"7901009",50,0.409788170845637,1,0.702744,1,0.680316,1,182.416365841464,1,4.88354395121077,76,1,27.8740005493164,36.443000793457,0.702744007110596,0.689661026000977,175.90510559082,-86.0409,23.5042,59.8103010953925,63,63,63,63,61,63,0.680316,8520,1.66016505209534,24,-86,0.001869,51,2024-10-21 21:39:06.00231,76,1.037,0.0011,"aoml_navis",1023.84662653857
"7901009",50,0.571902172498856,1,0.97188,1,0.949452,1,180.935086562363,1,4.88309538691234,78,1,27.6749992370605,36.4700012207031,0.97188001871109,0.958796977996826,174.476699829102,-86.0409,23.5042,59.8103010953925,63,63,63,63,61,63,0.949452,8520,1.66016505209534,24,-86,0.001869,51,2024-10-21 21:39:06.00231,78,1.037,0.0011,"aoml_navis",1023.94067775145
"7901009",50,0.576405339211445,1,0.979356,1,0.956928,1,179.717317771606,1,4.88270836505937,80,1,27.4869995117188,36.4850006103516,0.979355990886688,0.966273009777069,173.302398681641,-86.0409,23.5042,59.8103010953925,63,63,63,63,61,63,0.956928,8520,1.66016505209534,24,-86,0.001869,51,2024-10-21 21:39:06.00231,80,1.037,0.0011,"aoml_navis",1024.02183914566
"7901009",50,0.586537464314771,1,0.996177,1,0.973749,1,176.98178046941,1,4.88250499589763,81.9000015258789,1,27.4850006103516,36.5299987792969,0.996177017688751,0.983093976974487,170.664505004883,-86.0409,23.5042,59.8103010953925,63,63,63,63,61,63,0.973749,8520,1.66016505209534,24,-86,0.001869,51,2024-10-21 21:39:06.00231,81.9000015258789,1.037,0.0011,"aoml_navis",1024.06449234585
"7901009",50,0.583160089280329,1,0.99057,1,0.968142,1,175.445846459826,1,4.88228388255296,84,1,27.4580001831055,36.568000793457,0.99057000875473,0.977487027645111,169.183395385742,-86.0409,23.5042,59.8103010953925,63,63,63,63,61,63,0.968142,8520,1.66016505209534,24,-86,0.001869,51,2024-10-21 21:39:06.00231,84,1.037,0.0011,"aoml_navis",1024.11087111663
"7901009",50,0.532499463763698,1,0.906465,1,0.884037,1,174.872794617192,1,4.88203320591242,86,1,27.3479995727539,36.5789985656738,0.906464993953705,0.893382012844086,168.630798339844,-86.0409,23.5042,59.8103010953925,63,63,63,63,61,63,0.884037,8520,1.66016505209534,24,-86,0.001869,51,2024-10-21 21:39:06.00231,86,1.037,0.0011,"aoml_navis",1024.1634559029
"7901009",50,0.493096755028541,1,0.84105,1,0.818622,1,173.461629730324,1,4.88188125021085,88,1,27.2970008850098,36.5880012512207,0.841050028800964,0.8279669880867,167.270004272461,-86.0409,23.5042,59.8103010953925,63,63,63,63,61,63,0.818622,8520,1.66016505209534,24,-86,0.001869,51,2024-10-21 21:39:06.00231,88,1.037,0.0011,"aoml_navis",1024.19533448997
"7901009",50,0.437932962799321,1,0.749469,1,0.727041,1,171.8830827534,1,4.88135007086016,90,1,27.0370006561279,36.6129989624023,0.749468982219696,0.736386001110077,165.747802734375,-86.0409,23.5042,59.8103010953925,63,63,63,63,61,63,0.727041,8520,1.66016505209534,24,-86,0.001869,51,2024-10-21 21:39:06.00231,90,1.037,0.0011,"aoml_navis",1024.30678550349
"7901009",50,0.4041592124549,1,0.693399,1,0.670971,1,170.942195396922,1,4.88109133138528,92,1,26.9160003662109,36.6220016479492,0.693399012088776,0.680315971374512,164.84049987793,-86.0409,23.5042,59.8103010953925,63,63,63,63,61,63,0.670971,8520,1.66016505209534,24,-86,0.001869,51,2024-10-21 21:39:06.00231,92,1.037,0.0011,"aoml_navis",1024.36108250017
"7901009",50,0.359127545329006,1,0.618639,1,0.596211,1,169.393618327217,1,4.88087385153268,94,1,26.8239994049072,36.6319999694824,0.61863899230957,0.605556011199951,163.347198486328,-86.0409,23.5042,59.8103010953925,63,63,63,63,61,63,0.596211,8520,1.66016505209534,24,-86,0.001869,51,2024-10-21 21:39:06.00231,94,1.037,0.0011,"aoml_navis",1024.40672553541
"7901009",50,0.300586378065344,1,0.521451,1,0.499023,1,167.347800304787,1,4.88023149737613,96,1,26.4950008392334,36.6599998474121,0.521450996398926,0.508368015289307,161.374404907227,-86.0409,23.5042,59.8103010953925,63,63,63,63,61,63,0.499023,8520,1.66016505209534,24,-86,0.001869,51,2024-10-21 21:39:06.00231,96,1.037,0.0011,"aoml_navis",1024.54156174523
"7901009",50,0.262309461008334,1,0.457905,1,0.435477,1,166.110948246815,1,4.87967371346479,97.9000015258789,1,26.2229995727539,36.689998626709,0.457904994487762,0.444822013378143,160.181701660156,-86.0409,23.5042,59.8103010953925,63,63,63,63,61,63,0.435477,8520,1.66016505209534,24,-86,0.001869,51,2024-10-21 21:39:06.00231,97.9000015258789,1.037,0.0011,"aoml_navis",1024.65867465753
"7901009",50,0.247674169192418,1,0.433608,1,0.41118,1,163.821430889071,1,4.87935731336495,100,1,26.0769996643066,36.7050018310547,0.433607995510101,0.420525014400482,157.973907470703,-86.0409,23.5042,59.8103010953925,63,63,63,63,61,63,0.41118,8520,1.66016505209534,24,-86,0.001869,51,2024-10-21 21:39:06.00231,100,1.037,0.0011,"aoml_navis",1024.72511826601
"7901009",50,0.183504043538019,1,0.327075,1,0.304647,1,159.177361158445,1,4.87848582091182,102,1,25.6919994354248,36.7760009765625,0.327075004577637,0.313991993665695,153.49560546875,-86.0409,23.5042,59.8103010953925,63,63,63,63,61,63,0.304647,8520,1.66016505209534,24,-86,0.001869,51,2024-10-21 21:39:06.00231,102,1.037,0.0011,"aoml_navis",1024.9081751078
"7901009",50,0.162114001653219,1,0.291564,1,0.269136,1,157.112966224149,1,4.87801026712996,104,1,25.496000289917,36.8160018920898,0.291563987731934,0.278481006622314,151.504898071289,-86.0409,23.5042,59.8103010953925,63,63,63,63,61,63,0.269136,8520,1.66016505209534,24,-86,0.001869,51,2024-10-21 21:39:06.00231,104,1.037,0.0011,"aoml_navis",1025.00809268321
"7901009",50,0.150856084871745,1,0.272874,1,0.250446,1,154.916159366088,1,4.87778846550041,105.900001525879,1,25.3990001678467,36.8269996643066,0.272873997688293,0.259790986776352,149.386505126953,-86.0409,23.5042,59.8103010953925,63,63,63,63,61,63,0.250446,8520,1.66016505209534,24,-86,0.001869,51,2024-10-21 21:39:06.00231,105.900001525879,1.037,0.0011,"aoml_navis",1025.05470160585
"7901009",50,0.123837084596209,4,0.228018,1,0.20559,1,152.125745802943,1,4.87743432613374,108,1,25.2220001220703,36.8409996032715,0.228018000721931,0.214935004711151,146.695693969727,-86.0409,23.5042,59.8103010953925,63,63,63,63,61,63,0.20559,8520,1.66016505209534,24,-86,0.001869,51,2024-10-21 21:39:06.00231,108,1.037,0.0011,"aoml_navis",1025.12912848658
"7901009",50,0.133969209699535,1,0.244839,1,0.222411,1,151.308171797553,1,4.87649085799433,110,1,24.7350006103516,36.8940010070801,0.244838997721672,0.231756001710892,145.907302856445,-86.0409,23.5042,59.8103010953925,63,63,63,63,61,63,0.222411,8520,1.66016505209534,24,-86,0.001869,51,2024-10-21 21:39:06.00231,110,1.037,0.0011,"aoml_navis",1025.32746304716
"7901009",50,0.13171762634324,1,0.241101,1,0.218673,1,150.859034602984,1,4.87600219934743,112,1,24.4729995727539,36.9129981994629,0.241100996732712,0.228018000721931,145.474197387695,-86.0409,23.5042,59.8103010953925,63,63,63,63,61,63,0.218673,8520,1.66016505209534,24,-86,0.001869,51,2024-10-21 21:39:06.00231,112,1.037,0.0011,"aoml_navis",1025.43021835986
"7901009",50,0.135095001377682,1,0.246708,1,0.22428,1,149.766952704014,1,4.87557348307138,114,1,24.2360000610352,36.9259986877441,0.246708005666733,0.233624994754791,144.421096801758,-86.0409,23.5042,59.8103010953925,63,63,63,63,61,63,0.22428,8520,1.66016505209534,24,-86,0.001869,51,2024-10-21 21:39:06.00231,114,1.037,0.0011,"aoml_navis",1025.52038593217
"7901009",50,0.111453376136588,1,0.207459,1,0.185031,1,149.500546496017,1,4.87481635982661,116,1,23.7970008850098,36.951000213623,0.207459002733231,0.19437600672245,144.164199829102,-86.0409,23.5042,59.8103010953925,63,63,63,63,61,63,0.185031,8520,1.66016505209534,24,-86,0.001869,51,2024-10-21 21:39:06.00231,116,1.037,0.0011,"aoml_navis",1025.67966276741
"7901009",50,0.104698626067704,1,0.196245,1,0.173817,1,149.058672335986,1,4.87459548663737,118,1,23.6749992370605,36.9529991149902,0.19624499976635,0.183162003755569,143.738098144531,-86.0409,23.5042,59.8103010953925,63,63,63,63,61,63,0.173817,8520,1.66016505209534,24,-86,0.001869,51,2024-10-21 21:39:06.00231,118,1.037,0.0011,"aoml_navis",1025.72613742133
"7901009",50,0.0664217090106939,1,0.132699,1,0.110271,1,150.454282619476,1,4.87431644169312,120,1,23.5419998168945,36.9669990539551,0.132698997855186,0.119616001844406,145.083892822266,-86.0409,23.5042,59.8103010953925,63,63,63,63,61,63,0.110271,8520,1.66016505209534,24,-86,0.001869,51,2024-10-21 21:39:06.00231,120,1.037,0.0011,"aoml_navis",1025.78485820736
"7901009",50,0.0439058754477468,1,0.095319,1,0.072891,1,150.790075333891,1,4.87402112923397,122,1,23.4379997253418,36.9970016479492,0.095319002866745,0.0822359994053841,145.407699584961,-86.0409,23.5042,59.8103010953925,63,63,63,63,61,63,0.072891,8520,1.66016505209534,24,-86,0.001869,51,2024-10-21 21:39:06.00231,122,1.037,0.0011,"aoml_navis",1025.84700956884
"7901009",50,0.0416542920914521,4,0.091581,1,0.069153,1,149.726301863651,1,4.87388052874127,124,1,23.367000579834,36.9970016479492,0.0915810018777847,0.0784979984164238,144.381896972656,-86.0409,23.5042,59.8103010953925,63,63,63,63,61,63,0.069153,8520,1.66016505209534,24,-86,0.001869,51,2024-10-21 21:39:06.00231,124,1.037,0.0011,"aoml_navis",1025.8766029481
"7901009",50,0.0472832504821889,1,0.100926,1,0.078498,1,147.920749454325,1,4.87360946826199,126,1,23.1690006256104,36.984001159668,0.100925996899605,0.0878430008888245,142.64079284668,-86.0409,23.5042,59.8103010953925,63,63,63,63,61,63,0.078498,8520,1.66016505209534,24,-86,0.001869,51,2024-10-21 21:39:06.00231,126,1.037,0.0011,"aoml_navis",1025.93366016729
"7901009",50,0.0551637922292203,1,0.114009,1,0.091581,1,146.540899481072,1,4.87328832728334,128,1,22.8999996185303,36.9580001831055,0.114009000360966,0.100925996899605,141.310195922852,-86.0409,23.5042,59.8103010953925,63,63,63,63,61,63,0.091581,8520,1.66016505209534,24,-86,0.001869,51,2024-10-21 21:39:06.00231,128,1.037,0.0011,"aoml_navis",1026.0012673593
"7901009",50,0.0484090421603362,1,0.102795,1,0.080367,1,146.547545395028,1,4.87308092396955,130,1,22.7770004272461,36.9570007324219,0.102794997394085,0.0897120013833046,141.316604614258,-86.0409,23.5042,59.8103010953925,63,63,63,63,61,63,0.080367,8520,1.66016505209534,24,-86,0.001869,51,2024-10-21 21:39:06.00231,130,1.037,0.0011,"aoml_navis",1026.04493502379
"7901009",50,0.0472832504821889,1,0.100926,1,0.078498,1,146.037946207067,1,4.87282595338304,132,1,22.5979995727539,36.9480018615723,0.100925996899605,0.0878430008888245,140.8251953125,-86.0409,23.5042,59.8103010953925,63,63,63,63,61,63,0.078498,8520,1.66016505209534,24,-86,0.001869,51,2024-10-21 21:39:06.00231,132,1.037,0.0011,"aoml_navis",1026.09862281838
"7901009",50,0.0472832504821889,1,0.100926,1,0.078498,1,145.731094865568,1,4.87270319975972,134,1,22.5200004577637,36.9410018920898,0.100925996899605,0.0878430008888245,140.529296875,-86.0409,23.5042,59.8103010953925,63,63,63,63,61,63,0.078498,8520,1.66016505209534,24,-86,0.001869,51,2024-10-21 21:39:06.00231,134,1.037,0.0011,"aoml_navis",1026.12447239687
"7901009",50,0.0484090421603362,1,0.102795,1,0.080367,1,145.494136385838,1,4.87258987603605,136,1,22.4540004730225,36.9360008239746,0.102794997394085,0.0897120013833046,140.300796508789,-86.0409,23.5042,59.8103010953925,63,63,63,63,61,63,0.080367,8520,1.66016505209534,24,-86,0.001869,51,2024-10-21 21:39:06.00231,136,1.037,0.0011,"aoml_navis",1026.14833737405
"7901009",50,0.0450316671258942,1,0.097188,1,0.07476,1,144.744888705354,1,4.87244024903149,138,1,22.3560009002686,36.9290008544922,0.0971880033612251,0.0841049998998642,139.57829284668,-86.0409,23.5042,59.8103010953925,63,63,63,63,61,63,0.07476,8520,1.66016505209534,24,-86,0.001869,51,2024-10-21 21:39:06.00231,138,1.037,0.0011,"aoml_navis",1026.17984920264
"7901009",50,0.0416542920914521,1,0.091581,1,0.069153,1,143.652395392663,1,4.87228405952862,140,1,22.2369995117188,36.9160003662109,0.0915810018777847,0.0784979984164238,138.524795532227,-86.0409,23.5042,59.8103010953925,63,63,63,63,61,63,0.069153,8520,1.66016505209534,24,-86,0.001869,51,2024-10-21 21:39:06.00231,140,1.037,0.0011,"aoml_navis",1026.21274517474
"7901009",50,0.0394027087351574,1,0.087843,1,0.065415,1,143.765328459096,1,4.87186607800417,142,1,21.8810005187988,36.8870010375977,0.0878430008888245,0.0747599974274635,138.633697509766,-86.0409,23.5042,59.8103010953925,63,63,63,63,61,63,0.065415,8520,1.66016505209534,24,-86,0.001869,51,2024-10-21 21:39:06.00231,142,1.037,0.0011,"aoml_navis",1026.30078904967
"7901009",50,0.0326479586662733,1,0.076629,1,0.054201,1,144.61703397973,1,4.8715592849857,144,1,21.628999710083,36.867000579834,0.0766289979219437,0.0635460019111633,139.455001831055,-86.0409,23.5042,59.8103010953925,63,63,63,63,61,63,0.054201,8520,1.66016505209534,24,-86,0.001869,51,2024-10-21 21:39:06.00231,144,1.037,0.0011,"aoml_navis",1026.3654217265
"7901009",50,0.0202642502066524,1,0.05607,1,0.033642,1,146.108566954648,1,4.87125770343969,146,1,21.4090003967285,36.8580017089844,0.0560699999332428,0.0429870001971722,140.893295288086,-86.0409,23.5042,59.8103010953925,63,63,63,63,61,63,0.033642,8520,1.66016505209534,24,-86,0.001869,51,2024-10-21 21:39:06.00231,146,1.037,0.0011,"aoml_navis",1026.42896442728
"7901009",50,0.00788054174703148,1,0.035511,1,0.013083,1,147.146627067322,1,4.8710992458197,148,1,21.3449993133545,36.867000579834,0.0355109982192516,0.0224280003458261,141.894302368164,-86.0409,23.5042,59.8103010953925,63,63,63,63,61,63,0.013083,8520,1.66016505209534,24,-86,0.001869,51,2024-10-21 21:39:06.00231,148,1.037,0.0011,"aoml_navis",1026.46235432196
"7901009",50,0.00675475006888412,1,0.033642,1,0.011214,1,147.211440551995,1,4.87092170615597,150,1,21.2609996795654,36.8740005493164,0.0336420014500618,0.020558999851346,141.956802368164,-86.0409,23.5042,59.8103010953925,63,63,63,63,61,63,0.011214,8520,1.66016505209534,24,-86,0.001869,51,2024-10-21 21:39:06.00231,150,1.037,0.0011,"aoml_navis",1026.49976772998
"7901009",50,0.00450316671258942,1,0.029904,1,0.007476,1,146.920871699688,1,4.87081511313356,152,1,21.1949996948242,36.8680000305176,0.0299040004611015,0.0168210007250309,141.676605224609,-86.0409,23.5042,59.8103010953925,63,63,63,63,61,63,0.007476,8520,1.66016505209534,24,-86,0.001869,51,2024-10-21 21:39:06.00231,152,1.037,0.0011,"aoml_navis",1026.52223167291
"7901009",50,0.00112579167814735,1,0.024297,1,0.001869,1,146.878970794558,1,4.87059787956275,154,1,21.0090007781982,36.8489990234375,0.0242970008403063,0.0112140001729131,141.636199951172,-86.0409,23.5042,59.8103010953925,63,63,63,63,61,63,0.001869,8520,1.66016505209534,24,-86,0.001869,51,2024-10-21 21:39:06.00231,154,1.037,0.0011,"aoml_navis",1026.5680155983
"7901009",50,-0.00337737503444206,1,0.016821,1,-0.005607,1,147.039390498565,1,4.8703993529778,156,1,20.8279991149902,36.8269996643066,0.0168210007250309,0.00373800005763769,141.790893554688,-86.0409,23.5042,59.8103010953925,63,63,63,63,61,63,-0.005607,8520,1.66016505209534,24,-86,0.001869,51,2024-10-21 21:39:06.00231,156,1.037,0.0011,"aoml_navis",1026.60986043023
"7901009",50,0,1,0.022428,1,0,1,147.154712929301,1,4.87029396751366,158,1,20.7509994506836,36.8170013427734,0.0224280003458261,0.00934499967843294,141.902099609375,-86.0409,23.5042,59.8103010953925,63,63,63,63,61,63,0,8520,1.66016505209534,24,-86,0.001869,51,2024-10-21 21:39:06.00231,158,1.037,0.0011,"aoml_navis",1026.63207464509
"7901009",50,-0.00225158335629471,1,0.01869,1,-0.003738,1,147.314420571099,1,4.87018882267604,160,1,20.673999786377,36.806999206543,0.0186899993568659,0.00560700008645654,142.056106567383,-86.0409,23.5042,59.8103010953925,63,63,63,63,61,63,-0.003738,8520,1.66016505209534,24,-86,0.001869,51,2024-10-21 21:39:06.00231,160,1.037,0.0011,"aoml_navis",1026.65423909635
"7901009",50,-0.00337737503444206,1,0.016821,1,-0.005607,1,147.467688005801,1,4.8701000058118,162,1,20.6149997711182,36.798999786377,0.0168210007250309,0.00373800005763769,142.203903198242,-86.0409,23.5042,59.8103010953925,63,63,63,63,61,63,-0.005607,8520,1.66016505209534,24,-86,0.001869,51,2024-10-21 21:39:06.00231,162,1.037,0.0011,"aoml_navis",1026.67296236898
"7901009",50,0.00112579167814735,1,0.024297,1,0.001869,1,147.668030664357,1,4.8699988725809,164,1,20.5380001068115,36.7879981994629,0.0242970008403063,0.0112140001729131,142.397094726562,-86.0409,23.5042,59.8103010953925,63,63,63,63,61,63,0.001869,8520,1.66016505209534,24,-86,0.001869,51,2024-10-21 21:39:06.00231,164,1.037,0.0011,"aoml_navis",1026.69428285724
"7901009",50,0,1,0.022428,1,0,1,148.105442567876,1,4.86979442181392,166,1,20.3470001220703,36.7649993896484,0.0224280003458261,0.00934499967843294,142.818893432617,-86.0409,23.5042,59.8103010953925,63,63,63,63,61,63,0,8520,1.66016505209534,24,-86,0.001869,51,2024-10-21 21:39:06.00231,166,1.037,0.0011,"aoml_navis",1026.73738702456
"7901009",50,0.00112579167814735,1,0.024297,1,0.001869,1,148.117278624159,1,4.8697417592437,168,1,20.3239994049072,36.7599983215332,0.0242970008403063,0.0112140001729131,142.830307006836,-86.0409,23.5042,59.8103010953925,63,63,63,63,61,63,0.001869,8520,1.66016505209534,24,-86,0.001869,51,2024-10-21 21:39:06.00231,168,1.037,0.0011,"aoml_navis",1026.74849041205
"7901009",50,0.00112579167814735,1,0.024297,1,0.001869,1,148.150761371612,1,4.8696898289278,170,1,20.3099994659424,36.757999420166,0.0242970008403063,0.0112140001729131,142.862594604492,-86.0409,23.5042,59.8103010953925,63,63,63,63,61,63,0.001869,8520,1.66016505209534,24,-86,0.001869,51,2024-10-21 21:39:06.00231,170,1.037,0.0011,"aoml_navis",1026.75943964605
"7901009",50,0,1,0.022428,1,0,1,148.16808821871,1,4.86963228697071,172,1,20.2859992980957,36.7540016174316,0.0224280003458261,0.00934499967843294,142.879302978516,-86.0409,23.5042,59.8103010953925,63,63,63,63,61,63,0,8520,1.66016505209534,24,-86,0.001869,51,2024-10-21 21:39:06.00231,172,1.037,0.0011,"aoml_navis",1026.77157233783
"7901009",50,-0.00112579167814735,1,0.020559,1,-0.001869,1,148.359822836333,1,4.8695519221774,174,1,20.2469997406006,36.7509994506836,0.020558999851346,0.00747600011527538,143.064193725586,-86.0409,23.5042,59.8103010953925,63,63,63,63,61,63,-0.001869,8520,1.66016505209534,24,-86,0.001869,51,2024-10-21 21:39:06.00231,174,1.037,0.0011,"aoml_navis",1026.78851769266
"7901009",50,-0.00337737503444206,1,0.016821,1,-0.005607,1,148.594914130714,1,4.86944425854664,176,1,20.1809997558594,36.7459983825684,0.0168210007250309,0.00373800005763769,143.290893554688,-86.0409,23.5042,59.8103010953925,63,63,63,63,61,63,-0.005607,8520,1.66016505209534,24,-86,0.001869,51,2024-10-21 21:39:06.00231,176,1.037,0.0011,"aoml_navis",1026.8112200328
"7901009",50,-0.00450316671258942,1,0.014952,1,-0.007476,1,148.759701149606,1,4.86935932185437,178,1,20.1270008087158,36.7389984130859,0.0149520002305508,0.00186900002881885,143.449798583984,-86.0409,23.5042,59.8103010953925,63,63,63,63,61,63,-0.007476,8520,1.66016505209534,24,-86,0.001869,51,2024-10-21 21:39:06.00231,178,1.037,0.0011,"aoml_navis",1026.82913079741
"7901009",50,-0.00675475006888412,1,0.011214,1,-0.011214,1,149.015015010738,1,4.86923732375883,180,1,20.0240001678467,36.7249984741211,0.0112140001729131,-0.00186900002881885,143.695999145508,-86.0409,23.5042,59.8103010953925,63,63,63,63,61,63,-0.011214,8520,1.66016505209534,24,-86,0.001869,51,2024-10-21 21:39:06.00231,180,1.037,0.0011,"aoml_navis",1026.85485786514
"7901009",50,-0.00225158335629471,1,0.01869,1,-0.003738,1,149.120384394146,1,4.86910488478135,182,1,19.9209995269775,36.7140007019043,0.0186899993568659,0.00560700008645654,143.797607421875,-86.0409,23.5042,59.8103010953925,63,63,63,63,61,63,-0.003738,8520,1.66016505209534,24,-86,0.001869,51,2024-10-21 21:39:06.00231,182,1.037,0.0011,"aoml_navis",1026.88278817484
"7901009",50,-0.00337737503444206,1,0.016821,1,-0.005607,1,149.089164422159,1,4.86903969905916,184,1,19.8850002288818,36.7080001831055,0.0168210007250309,0.00373800005763769,143.767501831055,-86.0409,23.5042,59.8103010953925,63,63,63,63,61,63,-0.005607,8520,1.66016505209534,24,-86,0.001869,51,2024-10-21 21:39:06.00231,184,1.037,0.0011,"aoml_navis",1026.89653587465
"7901009",50,-0.00337737503444206,1,0.016821,1,-0.005607,1,148.984522924565,1,4.86898216402403,186,1,19.8549995422363,36.7019996643066,0.0168210007250309,0.00373800005763769,143.666595458984,-86.0409,23.5042,59.8103010953925,63,63,63,63,61,63,-0.005607,8520,1.66016505209534,24,-86,0.001869,51,2024-10-21 21:39:06.00231,186,1.037,0.0011,"aoml_navis",1026.90867034676
"7901009",50,-0.00337737503444206,1,0.016821,1,-0.005607,1,149.109181282049,1,4.86887045134485,188,1,19.7649993896484,36.689998626709,0.0168210007250309,0.00373800005763769,143.786804199219,-86.0409,23.5042,59.8103010953925,63,63,63,63,61,63,-0.005607,8520,1.66016505209534,24,-86,0.001869,51,2024-10-21 21:39:06.00231,188,1.037,0.0011,"aoml_navis",1026.93223201676
"7901009",50,-0.00225158335629471,1,0.01869,1,-0.003738,1,149.251356369887,1,4.86875794772304,190,1,19.6770000457764,36.6790008544922,0.0186899993568659,0.00560700008645654,143.923904418945,-86.0409,23.5042,59.8103010953925,63,63,63,63,61,63,-0.003738,8520,1.66016505209534,24,-86,0.001869,51,2024-10-21 21:39:06.00231,190,1.037,0.0011,"aoml_navis",1026.95596159968
"7901009",50,0,1,0.013083,1,-0.009345,1,149.361061420971,1,4.86867892158778,192,1,19.6240005493164,36.6710014343262,0.0130829997360706,0,144.029693603516,-86.0409,23.5042,59.8103010953925,63,63,63,63,61,63,0,8520,1.66016505209534,24,-86,0.001869,51,2024-10-21 21:39:06.00231,192,1.037,0.0011,"aoml_navis",1026.97263067193
"7901009",50,0,1,0.013083,1,-0.009345,1,149.382945466211,1,4.86860473322917,194,1,19.5690002441406,36.6609992980957,0.0130829997360706,0,144.050796508789,-86.0409,23.5042,59.8103010953925,63,63,63,63,61,63,0,8520,1.66016505209534,24,-86,0.001869,51,2024-10-21 21:39:06.00231,194,1.037,0.0011,"aoml_navis",1026.98827979894
"7901009",50,0,1,0.014952,1,-0.007476,1,149.638370092575,1,4.86846104583885,196,1,19.4440002441406,36.6459999084473,0.0149520002305508,0,144.297103881836,-86.0409,23.5042,59.8103010953925,63,63,63,63,61,63,0,8520,1.66016505209534,24,-86,0.001869,51,2024-10-21 21:39:06.00231,196,1.037,0.0011,"aoml_navis",1027.01859025319
"7901009",50,0,1,0.01869,1,-0.003738,1,149.759278255755,1,4.86836463276814,198,1,19.3680000305176,36.6349983215332,0.0186899993568659,0,144.413696289062,-86.0409,23.5042,59.8103010953925,63,63,63,63,61,63,0,8520,1.66016505209534,24,-86,0.001869,51,2024-10-21 21:39:06.00231,198,1.037,0.0011,"aoml_navis",1027.03892932461
"7901009",50,0,1,0.014952,1,-0.007476,1,149.788947514486,1,4.8682951931454,200,1,19.3279991149902,36.6290016174316,0.0149520002305508,0,144.442306518555,-86.0409,23.5042,59.8103010953925,63,63,63,63,61,63,0,8520,1.66016505209534,24,-86,0.001869,51,2024-10-21 21:39:06.00231,200,1.037,0.0011,"aoml_navis",1027.05357864084
"7901009",50,0,1,0.014952,1,-0.007476,1,149.730241941211,1,4.86824363362602,202,1,19.3110008239746,36.6259994506836,0.0149520002305508,0,144.385696411133,-86.0409,23.5042,59.8103010953925,63,63,63,63,61,63,0,8520,1.66016505209534,24,-86,0.001869,51,2024-10-21 21:39:06.00231,202,1.037,0.0011,"aoml_navis",1027.06445615497
"7901009",50,0,1,0.014952,1,-0.007476,1,149.609428719658,1,4.86819331338737,204,1,19.2950000762939,36.6230010986328,0.0149520002305508,0,144.269195556641,-86.0409,23.5042,59.8103010953925,63,63,63,63,61,63,0,8520,1.66016505209534,24,-86,0.001869,51,2024-10-21 21:39:06.00231,204,1.037,0.0011,"aoml_navis",1027.07507244015
"7901009",50,0,1,0.016821,1,-0.005607,1,149.486131192175,1,4.86813667368795,206,1,19.2709999084473,36.6189994812012,0.0168210007250309,0,144.150299072266,-86.0409,23.5042,59.8103010953925,63,63,63,63,61,63,0,8520,1.66016505209534,24,-86,0.001869,51,2024-10-21 21:39:06.00231,206,1.037,0.0011,"aoml_navis",1027.08702223271
"7901009",50,0,1,0.01869,1,-0.003738,1,149.238175307209,1,4.86807609571166,208,1,19.238000869751,36.6129989624023,0.0186899993568659,0,143.911193847656,-86.0409,23.5042,59.8103010953925,63,63,63,63,61,63,0,8520,1.66016505209534,24,-86,0.001869,51,2024-10-21 21:39:06.00231,208,1.037,0.0011,"aoml_navis",1027.0998032271
"7901009",50,0,1,0.014952,1,-0.007476,1,149.539741564751,1,4.8679525849427,210,1,19.1280002593994,36.5979995727539,0.0149520002305508,0,144.201995849609,-86.0409,23.5042,59.8103010953925,63,63,63,63,61,63,0,8520,1.66016505209534,24,-86,0.001869,51,2024-10-21 21:39:06.00231,210,1.037,0.0011,"aoml_navis",1027.12586303033
"7901009",50,0,1,0.014952,1,-0.007476,1,149.768614182503,1,4.86787704710926,212,1,19.0739994049072,36.5890007019043,0.0149520002305508,0,144.422698974609,-86.0409,23.5042,59.8103010953925,63,63,63,63,61,63,0,8520,1.66016505209534,24,-86,0.001869,51,2024-10-21 21:39:06.00231,212,1.037,0.0011,"aoml_navis",1027.14180157225
"7901009",50,0,1,0.014952,1,-0.007476,1,150.117255663898,1,4.86778920341505,214,1,19.0069999694824,36.5789985656738,0.0149520002305508,0,144.758895874023,-86.0409,23.5042,59.8103010953925,63,63,63,63,61,63,0,8520,1.66016505209534,24,-86,0.001869,51,2024-10-21 21:39:06.00231,214,1.037,0.0011,"aoml_navis",1027.16033728252
"7901009",50,0,1,0.014952,1,-0.007476,1,150.28370416128,1,4.86771545624951,216,1,18.9659996032715,36.5740013122559,0.0149520002305508,0,144.919403076172,-86.0409,23.5042,59.8103010953925,63,63,63,63,61,63,0,8520,1.66016505209534,24,-86,0.001869,51,2024-10-21 21:39:06.00231,216,1.037,0.0011,"aoml_navis",1027.17589903096
"7901009",50,0,1,0.016821,1,-0.005607,1,150.269700271159,1,4.86767150760978,218,1,18.9549999237061,36.5709991455078,0.0168210007250309,0,144.905899047852,-86.0409,23.5042,59.8103010953925,63,63,63,63,61,63,0,8520,1.66016505209534,24,-86,0.001869,51,2024-10-21 21:39:06.00231,218,1.037,0.0011,"aoml_navis",1027.18517307163
"7901009",50,0,1,0.014952,1,-0.007476,1,150.245331919988,1,4.86760139526822,220,1,18.9109992980957,36.5639991760254,0.0149520002305508,0,144.882400512695,-86.0409,23.5042,59.8103010953925,63,63,63,63,61,63,0,8520,1.66016505209534,24,-86,0.001869,51,2024-10-21 21:39:06.00231,220,1.037,0.0011,"aoml_navis",1027.19996852258
"7901009",50,0,1,0.014952,1,-0.007476,1,150.158840096936,1,4.86751777329989,222,1,18.8530006408691,36.5559997558594,0.0149520002305508,0,144.79899597168,-86.0409,23.5042,59.8103010953925,63,63,63,63,61,63,0,8520,1.66016505209534,24,-86,0.001869,51,2024-10-21 21:39:06.00231,222,1.037,0.0011,"aoml_navis",1027.21761539872
"7901009",50,0,1,0.014952,1,-0.007476,1,149.878018585097,1,4.86744789403138,224,1,18.8120002746582,36.5499992370605,0.0149520002305508,0,144.528198242188,-86.0409,23.5042,59.8103010953925,63,63,63,63,61,63,0,8520,1.66016505209534,24,-86,0.001869,51,2024-10-21 21:39:06.00231,224,1.037,0.0011,"aoml_navis",1027.23236259625
"7901009",50,0,1,0.014952,1,-0.007476,1,149.279253384897,1,4.86738910873027,226,1,18.7800006866455,36.5439987182617,0.0149520002305508,0,143.950805664062,-86.0409,23.5042,59.8103010953925,63,63,63,63,61,63,0,8520,1.66016505209534,24,-86,0.001869,51,2024-10-21 21:39:06.00231,226,1.037,0.0011,"aoml_navis",1027.24476887042
"7901009",50,0,1,0.022428,1,0,1,148.649774568058,1,4.8672969757367,228,1,18.7000007629395,36.5309982299805,0.0224280003458261,0,143.343795776367,-86.0409,23.5042,59.8103010953925,63,63,63,63,61,63,0,8520,1.66016505209534,24,-86,0.001869,51,2024-10-21 21:39:06.00231,228,1.037,0.0011,"aoml_navis",1027.26421357168
"7901009",50,0,1,0.01869,1,-0.003738,1,148.553234756049,1,4.86716824583867,230,1,18.5629997253418,36.5089988708496,0.0186899993568659,0,143.250701904297,-86.0409,23.5042,59.8103010953925,63,63,63,63,61,63,0,8520,1.66016505209534,24,-86,0.001869,51,2024-10-21 21:39:06.00231,230,1.037,0.0011,"aoml_navis",1027.29138329559
"7901009",50,0,1,0.016821,1,-0.005607,1,148.620121132932,1,4.86709626377192,232,1,18.5049991607666,36.4980010986328,0.0168210007250309,0,143.315200805664,-86.0409,23.5042,59.8103010953925,63,63,63,63,61,63,0,8520,1.66016505209534,24,-86,0.001869,51,2024-10-21 21:39:06.00231,232,1.037,0.0011,"aoml_navis",1027.30657645244
"7901009",50,0,1,0.020559,1,-0.001869,1,148.811032923112,1,4.86701840092342,234,1,18.4479999542236,36.4889984130859,0.020558999851346,0,143.499298095703,-86.0409,23.5042,59.8103010953925,63,63,63,63,61,63,0,8520,1.66016505209534,24,-86,0.001869,51,2024-10-21 21:39:06.00231,234,1.037,0.0011,"aoml_navis",1027.32301136387
"7901009",50,0,1,0.014952,1,-0.007476,1,148.963888944093,1,4.86690433933052,236,1,18.3490009307861,36.476001739502,0.0149520002305508,0,143.646697998047,-86.0409,23.5042,59.8103010953925,63,63,63,63,61,63,0,8520,1.66016505209534,24,-86,0.001869,51,2024-10-21 21:39:06.00231,236,1.037,0.0011,"aoml_navis",1027.34708787964
"7901009",50,0,1,0.016821,1,-0.005607,1,148.744668725183,1,4.86680633693973,238,1,18.2660007476807,36.4640007019043,0.0168210007250309,0,143.435302734375,-86.0409,23.5042,59.8103010953925,63,63,63,63,61,63,0,8520,1.66016505209534,24,-86,0.001869,51,2024-10-21 21:39:06.00231,238,1.037,0.0011,"aoml_navis",1027.36777546485
"7901009",50,0,1,0.011214,1,-0.011214,1,148.349046961562,1,4.86672778843004,240,1,18.2080001831055,36.4550018310547,0.0112140001729131,0,143.053802490234,-86.0409,23.5042,59.8103010953925,63,63,63,63,61,63,0,8520,1.66016505209534,24,-86,0.001869,51,2024-10-21 21:39:06.00231,240,1.037,0.0011,"aoml_navis",1027.38435708009
"7901009",50,0,1,0.01869,1,-0.003738,1,147.975514950041,1,4.86665298663214,242,1,18.1529998779297,36.4459991455078,0.0186899993568659,0,142.693603515625,-86.0409,23.5042,59.8103010953925,63,63,63,63,61,63,0,8520,1.66016505209534,24,-86,0.001869,51,2024-10-21 21:39:06.00231,242,1.037,0.0011,"aoml_navis",1027.40014826086
"7901009",50,0,1,0.014952,1,-0.007476,1,147.385136260309,1,4.8665866542219,244,1,18.1079998016357,36.4379997253418,0.0149520002305508,0,142.124298095703,-86.0409,23.5042,59.8103010953925,63,63,63,63,61,63,0,8520,1.66016505209534,24,-86,0.001869,51,2024-10-21 21:39:06.00231,244,1.037,0.0011,"aoml_navis",1027.41415190098
"7901009",50,0,1,0.013083,1,-0.009345,1,146.84961800792,1,4.86651103315733,246,1,18.0370006561279,36.423999786377,0.0130829997360706,0,141.607894897461,-86.0409,23.5042,59.8103010953925,63,63,63,63,61,63,0,8520,1.66016505209534,24,-86,0.001869,51,2024-10-21 21:39:06.00231,246,1.037,0.0011,"aoml_navis",1027.4301169633
"7901009",50,0,1,0.016821,1,-0.005607,1,146.354133475312,1,4.86642721653288,248,1,17.9619998931885,36.4109992980957,0.0168210007250309,0,141.130096435547,-86.0409,23.5042,59.8103010953925,63,63,63,63,61,63,0,8520,1.66016505209534,24,-86,0.001869,51,2024-10-21 21:39:06.00231,248,1.037,0.0011,"aoml_navis",1027.4478128458
"7901009",50,0,1,0.014952,1,-0.007476,1,145.761697716974,1,4.86635190395801,250,1,17.8969993591309,36.398998260498,0.0149520002305508,0,140.558807373047,-86.0409,23.5042,59.8103010953925,63,63,63,63,61,63,0,8520,1.66016505209534,24,-86,0.001869,51,2024-10-21 21:39:06.00231,250,1.037,0.0011,"aoml_navis",1027.46371382088
"7901009",50,0,1,0.016821,1,-0.005607,1,145.775068662909,1,4.86624871174728,252,1,17.7870006561279,36.3800010681152,0.0168210007250309,0,140.571701049805,-86.0409,23.5042,59.8103010953925,63,63,63,63,61,63,0,8520,1.66016505209534,24,-86,0.001869,51,2024-10-21 21:39:06.00231,252,1.037,0.0011,"aoml_navis",1027.48550190824
"7901009",50,0,1,0.014952,1,-0.007476,1,146.180643473859,1,4.86615359286798,254,1,17.7110004425049,36.3699989318848,0.0149520002305508,0,140.962799072266,-86.0409,23.5042,59.8103010953925,63,63,63,63,61,63,0,8520,1.66016505209534,24,-86,0.001869,51,2024-10-21 21:39:06.00231,254,1.037,0.0011,"aoml_navis",1027.5055862043
"7901009",50,0,1,0.014952,1,-0.007476,1,146.589224769693,1,4.86609487254761,256,1,17.6809997558594,36.3650016784668,0.0149520002305508,0,141.356796264648,-86.0409,23.5042,59.8103010953925,63,63,63,63,61,63,0,8520,1.66016505209534,24,-86,0.001869,51,2024-10-21 21:39:06.00231,256,1.037,0.0011,"aoml_navis",1027.51798535779
"7901009",50,0,1,0.016821,1,-0.005607,1,146.583828920505,1,4.86601040626706,258,1,17.6229991912842,36.3580017089844,0.0168210007250309,0,141.351593017578,-86.0409,23.5042,59.8103010953925,63,63,63,63,61,63,0,8520,1.66016505209534,24,-86,0.001869,51,2024-10-21 21:39:06.00231,258,1.037,0.0011,"aoml_navis",1027.53582145249
"7901009",50,0,1,0.01869,1,-0.003738,1,146.186134264674,1,4.8659161596352,260,1,17.5349998474121,36.3440017700195,0.0186899993568659,0,140.96809387207,-86.0409,23.5042,59.8103010953925,63,63,63,63,61,63,0,8520,1.66016505209534,24,-86,0.001869,51,2024-10-21 21:39:06.00231,260,1.037,0.0011,"aoml_navis",1027.55572351967
"7901009",50,0,1,0.020559,1,-0.001869,1,145.634555053559,1,4.86582456850051,262,1,17.4489994049072,36.3300018310547,0.020558999851346,0,140.43620300293,-86.0409,23.5042,59.8103010953925,63,63,63,63,61,63,0,8520,1.66016505209534,24,-86,0.001869,51,2024-10-21 21:39:06.00231,262,1.037,0.0011,"aoml_navis",1027.57506556403
"7901009",50,0,1,0.016821,1,-0.005607,1,145.332371675435,1,4.86572208603536,264,1,17.3409996032715,36.3120002746582,0.0168210007250309,0,140.144805908203,-86.0409,23.5042,59.8103010953925,63,63,63,63,61,63,0,8520,1.66016505209534,24,-86,0.001869,51,2024-10-21 21:39:06.00231,264,1.037,0.0011,"aoml_navis",1027.59670848239
"7901009",50,0,4,0.011214,1,-0.011214,1,144.966719819033,1,4.86564022575342,266,1,17.2689990997314,36.2999992370605,0.0112140001729131,0,139.792205810547,-86.0409,23.5042,59.8103010953925,63,63,63,63,61,63,0,8520,1.66016505209534,24,-86,0.001869,51,2024-10-21 21:39:06.00231,266,1.037,0.0011,"aoml_navis",1027.61399692797
"7901009",50,0,1,0.01869,1,-0.003738,1,144.595466406583,1,4.86556395714251,268,1,17.2110004425049,36.2910003662109,0.0186899993568659,0,139.434204101562,-86.0409,23.5042,59.8103010953925,63,63,63,63,61,63,0,8520,1.66016505209534,24,-86,0.001869,51,2024-10-21 21:39:06.00231,268,1.037,0.0011,"aoml_navis",1027.63010496659
"7901009",50,0,1,0.01869,1,-0.003738,1,144.354773556154,1,4.86548131094908,270,1,17.1380004882812,36.2789993286133,0.0186899993568659,0,139.202102661133,-86.0409,23.5042,59.8103010953925,63,63,63,63,61,63,0,8520,1.66016505209534,24,-86,0.001869,51,2024-10-21 21:39:06.00231,270,1.037,0.0011,"aoml_navis",1027.64756052977
"7901009",50,0,1,0.01869,1,-0.003738,1,144.217266431689,1,4.86541444769427,272,1,17.0909996032715,36.2709999084473,0.0186899993568659,0,139.06950378418,-86.0409,23.5042,59.8103010953925,63,63,63,63,61,63,0,8520,1.66016505209534,24,-86,0.001869,51,2024-10-21 21:39:06.00231,272,1.037,0.0011,"aoml_navis",1027.66168303905
"7901009",50,0,1,0.016821,1,-0.005607,1,143.95883532044,1,4.86536786347418,274,1,17.0739994049072,36.2669982910156,0.0168210007250309,0,138.820297241211,-86.0409,23.5042,59.8103010953925,63,63,63,63,61,63,0,8520,1.66016505209534,24,-86,0.001869,51,2024-10-21 21:39:06.00231,274,1.037,0.0011,"aoml_navis",1027.67152254541
"7901009",50,0,1,0.016821,1,-0.005607,1,143.482845468769,1,4.86530342656739,276,1,17.0289993286133,36.2589988708496,0.0168210007250309,0,138.361297607422,-86.0409,23.5042,59.8103010953925,63,63,63,63,61,63,0,8520,1.66016505209534,24,-86,0.001869,51,2024-10-21 21:39:06.00231,276,1.037,0.0011,"aoml_navis",1027.68513320199
"7901009",50,0,1,0.014952,1,-0.007476,1,142.896517621828,1,4.86522493057147,278,1,16.9559993743896,36.2459983825684,0.0149520002305508,0,137.7958984375,-86.0409,23.5042,59.8103010953925,63,63,63,63,61,63,0,8520,1.66016505209534,24,-86,0.001869,51,2024-10-21 21:39:06.00231,278,1.037,0.0011,"aoml_navis",1027.70171397044
"7901009",50,0,1,0.020559,1,-0.001869,1,142.315886272564,1,4.86512324998069,280,1,16.8500003814697,36.2290000915527,0.020558999851346,0,137.235992431641,-86.0409,23.5042,59.8103010953925,63,63,63,63,61,63,0,8520,1.66016505209534,24,-86,0.001869,51,2024-10-21 21:39:06.00231,280,1.037,0.0011,"aoml_navis",1027.72319283378
"7901009",50,0,1,0.01869,1,-0.003738,1,141.978859316986,1,4.86503612299022,282,1,16.7689990997314,36.2159996032715,0.0186899993568659,0,136.910995483398,-86.0409,23.5042,59.8103010953925,63,63,63,63,61,63,0,8520,1.66016505209534,24,-86,0.001869,51,2024-10-21 21:39:06.00231,282,1.037,0.0011,"aoml_navis",1027.74159812956
"7901009",50,0,1,0.014952,1,-0.007476,1,141.55950214638,1,4.86496443067051,284,1,16.7140007019043,36.2070007324219,0.0149520002305508,0,136.506607055664,-86.0409,23.5042,59.8103010953925,63,63,63,63,61,63,0,8520,1.66016505209534,24,-86,0.001869,51,2024-10-21 21:39:06.00231,284,1.037,0.0011,"aoml_navis",1027.75674339532
"7901009",50,0,1,0.016821,1,-0.005607,1,141.127375326817,1,4.86488644419029,286,1,16.6469993591309,36.1959991455078,0.0168210007250309,0,136.089904785156,-86.0409,23.5042,59.8103010953925,63,63,63,63,61,63,0,8520,1.66016505209534,24,-86,0.001869,51,2024-10-21 21:39:06.00231,286,1.037,0.0011,"aoml_navis",1027.77321883249
"7901009",50,0,1,0.016821,1,-0.005607,1,140.985611652699,1,4.86482113659371,288,1,16.5909996032715,36.185001373291,0.0168210007250309,0,135.953201293945,-86.0409,23.5042,59.8103010953925,63,63,63,63,61,63,0,8520,1.66016505209534,24,-86,0.001869,51,2024-10-21 21:39:06.00231,288,1.037,0.0011,"aoml_navis",1027.78701613292
"7901009",50,0,1,0.016821,1,-0.005607,1,140.882837340456,1,4.86474711578269,290,1,16.5400009155273,36.1780014038086,0.0168210007250309,0,135.854095458984,-86.0409,23.5042,59.8103010953925,63,63,63,63,61,63,0,8520,1.66016505209534,24,-86,0.001869,51,2024-10-21 21:39:06.00231,290,1.037,0.0011,"aoml_navis",1027.80265469062
"7901009",50,0,1,0.014952,1,-0.007476,1,140.786186763214,1,4.86468023852413,292,1,16.492000579834,36.1699981689453,0.0149520002305508,0,135.760894775391,-86.0409,23.5042,59.8103010953925,63,63,63,63,61,63,0,8520,1.66016505209534,24,-86,0.001869,51,2024-10-21 21:39:06.00231,292,1.037,0.0011,"aoml_navis",1027.81678442177
"7901009",50,0,1,0.016821,1,-0.005607,1,140.546332563831,1,4.86462767304214,294,1,16.4629993438721,36.1640014648438,0.0168210007250309,0,135.529602050781,-86.0409,23.5042,59.8103010953925,63,63,63,63,61,63,0,8520,1.66016505209534,24,-86,0.001869,51,2024-10-21 21:39:06.00231,294,1.037,0.0011,"aoml_navis",1027.827890654
"7901009",50,0,1,0.014952,1,-0.007476,1,140.294436601305,1,4.86457694759168,296,1,16.4419994354248,36.1599998474121,0.0149520002305508,0,135.286697387695,-86.0409,23.5042,59.8103010953925,63,63,63,63,61,63,0,8520,1.66016505209534,24,-86,0.001869,51,2024-10-21 21:39:06.00231,296,1.037,0.0011,"aoml_navis",1027.83860834504
"7901009",50,0,1,0.014952,1,-0.007476,1,139.844887993015,1,4.86452873738452,298,1,16.4200000762939,36.1549987792969,0.0149520002305508,0,134.85319519043,-86.0409,23.5042,59.8103010953925,63,63,63,63,61,63,0,8520,1.66016505209534,24,-86,0.001869,51,2024-10-21 21:39:06.00231,298,1.037,0.0011,"aoml_navis",1027.84879480192
"7901009",50,0,1,0.014952,1,-0.007476,1,139.418267787872,1,4.86445190880792,300,1,16.363000869751,36.1469993591309,0.0149520002305508,0,134.441802978516,-86.0409,23.5042,59.8103010953925,63,63,63,63,61,63,0,8520,1.66016505209534,24,-86,0.001869,51,2024-10-21 21:39:06.00231,300,1.037,0.0011,"aoml_navis",1027.8650285239
"7901009",50,0,1,0.016821,1,-0.005607,1,139.03052617937,1,4.86439010126804,302,1,16.3159999847412,36.1380004882812,0.0168210007250309,0,134.067901611328,-86.0409,23.5042,59.8103010953925,63,63,63,63,61,63,0,8520,1.66016505209534,24,-86,0.001869,51,2024-10-21 21:39:06.00231,302,1.037,0.0011,"aoml_navis",1027.87808870358
"7901009",50,0,1,0.016821,1,-0.005607,1,138.678767447857,1,4.86433549270766,304,1,16.2849998474121,36.1319999694824,0.0168210007250309,0,133.728698730469,-86.0409,23.5042,59.8103010953925,63,63,63,63,61,63,0,8520,1.66016505209534,24,-86,0.001869,51,2024-10-21 21:39:06.00231,304,1.037,0.0011,"aoml_navis",1027.88962798633
"7901009",50,0,1,0.01869,1,-0.003738,1,138.324730117273,1,4.86427815702841,306,1,16.257999420166,36.1279983520508,0.0186899993568659,0,133.387298583984,-86.0409,23.5042,59.8103010953925,63,63,63,63,61,63,0,8520,1.66016505209534,24,-86,0.001869,51,2024-10-21 21:39:06.00231,306,1.037,0.0011,"aoml_navis",1027.9017438128
"7901009",50,0,1,0.01869,1,-0.003738,1,137.79055687128,1,4.86423380351741,308,1,16.2490005493164,36.1259994506836,0.0186899993568659,0,132.872192382812,-86.0409,23.5042,59.8103010953925,63,63,63,63,61,63,0,8520,1.66016505209534,24,-86,0.001869,51,2024-10-21 21:39:06.00231,308,1.037,0.0011,"aoml_navis",1027.91111652249
"7901009",50,0,1,0.016821,1,-0.005607,1,137.098052637095,1,4.86418091666473,310,1,16.2129993438721,36.1180000305176,0.0168210007250309,0,132.204406738281,-86.0409,23.5042,59.8103010953925,63,63,63,63,61,63,0,8520,1.66016505209534,24,-86,0.001869,51,2024-10-21 21:39:06.00231,310,1.037,0.0011,"aoml_navis",1027.92229270707
"7901009",50,0,1,0.016821,1,-0.005607,1,136.5577556561,1,4.86409807379782,312,1,16.1340007781982,36.1049995422363,0.0168210007250309,0,131.683395385742,-86.0409,23.5042,59.8103010953925,63,63,63,63,61,63,0,8520,1.66016505209534,24,-86,0.001869,51,2024-10-21 21:39:06.00231,312,1.037,0.0011,"aoml_navis",1027.93979976149
"7901009",50,0,1,0.014952,1,-0.007476,1,136.185568650975,1,4.86404311464306,314,1,16.0960006713867,36.0970001220703,0.0149520002305508,0,131.324493408203,-86.0409,23.5042,59.8103010953925,63,63,63,63,61,63,0,8520,1.66016505209534,24,-86,0.001869,51,2024-10-21 21:39:06.00231,314,1.037,0.0011,"aoml_navis",1027.95141452337
"7901009",50,0,1,0.016821,1,-0.005607,1,135.778031713048,1,4.86397146866472,316,1,16.0429992675781,36.0890007019043,0.0168210007250309,0,130.931503295898,-86.0409,23.5042,59.8103010953925,63,63,63,63,61,63,0,8520,1.66016505209534,24,-86,0.001869,51,2024-10-21 21:39:06.00231,316,1.037,0.0011,"aoml_navis",1027.96655617978
"7901009",50,0,1,0.020559,1,-0.001869,1,135.683659734877,1,4.8638706495992,318,1,15.9309997558594,36.0709991455078,0.020558999851346,0,130.84049987793,-86.0409,23.5042,59.8103010953925,63,63,63,63,61,63,0,8520,1.66016505209534,24,-86,0.001869,51,2024-10-21 21:39:06.00231,318,1.037,0.0011,"aoml_navis",1027.98786403006
"7901009",50,0,1,0.016821,1,-0.005607,1,135.290949514513,1,4.86378666685247,320,1,15.8599996566772,36.0610008239746,0.0168210007250309,0,130.461807250977,-86.0409,23.5042,59.8103010953925,63,63,63,63,61,63,0,8520,1.66016505209534,24,-86,0.001869,51,2024-10-21 21:39:06.00231,320,1.037,0.0011,"aoml_navis",1028.00561424206
"7901009",50,0,1,0.020559,1,-0.001869,1,134.891688321821,1,4.86370906227712,322,1,15.7880001068115,36.048999786377,0.020558999851346,0,130.076797485352,-86.0409,23.5042,59.8103010953925,63,63,63,63,61,63,0,8520,1.66016505209534,24,-86,0.001869,51,2024-10-21 21:39:06.00231,322,1.037,0.0011,"aoml_navis",1028.02201693764
"7901009",50,0,1,0.014952,1,-0.007476,1,134.154165932387,1,4.8636543023572,324,1,15.7530002593994,36.0419998168945,0.0149520002305508,0,129.365600585938,-86.0409,23.5042,59.8103010953925,63,63,63,63,61,63,0,8520,1.66016505209534,24,-86,0.001869,51,2024-10-21 21:39:06.00231,324,1.037,0.0011,"aoml_navis",1028.03359144517
"7901009",50,0,1,0.016821,1,-0.005607,1,133.430853139936,1,4.86356623322659,326,1,15.6579999923706,36.0260009765625,0.0168210007250309,0,128.668106079102,-86.0409,23.5042,59.8103010953925,63,63,63,63,61,63,0,8520,1.66016505209534,24,-86,0.001869,51,2024-10-21 21:39:06.00231,326,1.037,0.0011,"aoml_navis",1028.05220700837
"7901009",50,0,1,0.024297,1,0.001869,1,132.626745022108,1,4.86347665739626,328,1,15.5480003356934,36.0060005187988,0.0242970008403063,0,127.892700195312,-86.0409,23.5042,59.8103010953925,63,63,63,63,61,63,0,8520,1.66016505209534,24,-86,0.001869,51,2024-10-21 21:39:06.00231,328,1.037,0.0011,"aoml_navis",1028.07114174098
"7901009",50,0,1,0.020559,1,-0.001869,1,131.097354073049,1,4.86342108837207,330,1,15.4919996261597,35.9930000305176,0.020558999851346,0,126.417900085449,-86.0409,23.5042,59.8103010953925,63,63,63,63,61,63,0,8520,1.66016505209534,24,-86,0.001869,51,2024-10-21 21:39:06.00231,330,1.037,0.0011,"aoml_navis",1028.08288839198
"7901009",50,0,1,0.01869,1,-0.003738,1,130.025186180539,1,4.86329009751022,332,1,15.3030004501343,35.9609985351562,0.0186899993568659,0,125.384002685547,-86.0409,23.5042,59.8103010953925,63,63,63,63,61,63,0,8520,1.66016505209534,24,-86,0.001869,51,2024-10-21 21:39:06.00231,332,1.037,0.0011,"aoml_navis",1028.11057941203
"7901009",50,0,1,0.016821,1,-0.005607,1,129.919927562364,1,4.86316480426083,334,1,15.1280002593994,35.931999206543,0.0168210007250309,0,125.282501220703,-86.0409,23.5042,59.8103010953925,63,63,63,63,61,63,0,8520,1.66016505209534,24,-86,0.001869,51,2024-10-21 21:39:06.00231,334,1.037,0.0011,"aoml_navis",1028.13706737211
"7901009",50,0,1,0.01869,1,-0.003738,1,129.772673097431,1,4.8630818703489,336,1,15.048999786377,35.9199981689453,0.0186899993568659,0,125.140502929688,-86.0409,23.5042,59.8103010953925,63,63,63,63,61,63,0,8520,1.66016505209534,24,-86,0.001869,51,2024-10-21 21:39:06.00231,336,1.037,0.0011,"aoml_navis",1028.154600992
"7901009",50,0,1,0.020559,1,-0.001869,1,129.514764165135,1,4.86302622074319,338,1,15.0190000534058,35.9150009155273,0.020558999851346,0,124.891799926758,-86.0409,23.5042,59.8103010953925,63,63,63,63,61,63,0,8520,1.66016505209534,24,-86,0.001869,51,2024-10-21 21:39:06.00231,338,1.037,0.0011,"aoml_navis",1028.16636658724
"7901009",50,0,1,0.022428,1,0,1,129.234354067018,1,4.86296117846388,340,1,14.9700002670288,35.9070014953613,0.0224280003458261,0,124.621398925781,-86.0409,23.5042,59.8103010953925,63,63,63,63,61,63,0,8520,1.66016505209534,24,-86,0.001869,51,2024-10-21 21:39:06.00231,340,1.037,0.0011,"aoml_navis",1028.18011834909
"7901009",50,0,1,0.016821,1,-0.005607,1,129.024667569913,1,4.86289263401718,342,1,14.9040002822876,35.8950004577637,0.0168210007250309,0,124.41919708252,-86.0409,23.5042,59.8103010953925,63,63,63,63,61,63,0,8520,1.66016505209534,24,-86,0.001869,51,2024-10-21 21:39:06.00231,342,1.037,0.0011,"aoml_navis",1028.19461096544
"7901009",50,0,1,0.020559,1,-0.001869,1,128.767494435234,1,4.86283590896994,344,1,14.8660001754761,35.8880004882812,0.020558999851346,0,124.171203613281,-86.0409,23.5042,59.8103010953925,63,63,63,63,61,63,0,8520,1.66016505209534,24,-86,0.001869,51,2024-10-21 21:39:06.00231,344,1.037,0.0011,"aoml_navis",1028.20660486961
"7901009",50,0,1,0.022428,1,0,1,128.561953722549,1,4.86277054742476,346,1,14.8129997253418,35.8790016174316,0.0224280003458261,0,123.972999572754,-86.0409,23.5042,59.8103010953925,63,63,63,63,61,63,0,8520,1.66016505209534,24,-86,0.001869,51,2024-10-21 21:39:06.00231,346,1.037,0.0011,"aoml_navis",1028.22042521581
"7901009",50,0,1,0.022428,1,0,1,128.421337259769,1,4.86269833402605,348,1,14.75,35.8689994812012,0.0224280003458261,0,123.83740234375,-86.0409,23.5042,59.8103010953925,63,63,63,63,61,63,0,8520,1.66016505209534,24,-86,0.001869,51,2024-10-21 21:39:06.00231,348,1.037,0.0011,"aoml_navis",1028.23569478148
"7901009",50,0,1,0.020559,1,-0.001869,1,128.047488776156,1,4.86266015663298,350,1,14.7430000305176,35.8660011291504,0.020558999851346,0,123.476898193359,-86.0409,23.5042,59.8103010953925,63,63,63,63,61,63,0,8520,1.66016505209534,24,-86,0.001869,51,2024-10-21 21:39:06.00231,350,1.037,0.0011,"aoml_navis",1028.24376759698
"7901009",50,0,1,0.022428,1,0,1,127.651352745383,1,4.86259811022368,352,1,14.6859998703003,35.8549995422363,0.0224280003458261,0,123.094902038574,-86.0409,23.5042,59.8103010953925,63,63,63,63,61,63,0,8520,1.66016505209534,24,-86,0.001869,51,2024-10-21 21:39:06.00231,352,1.037,0.0011,"aoml_navis",1028.25688791501
"7901009",50,0,1,0.01869,1,-0.003738,1,127.637554562123,1,4.86249673480247,354,1,14.5640001296997,35.8359985351562,0.0186899993568659,0,123.081596374512,-86.0409,23.5042,59.8103010953925,63,63,63,63,61,63,0,8520,1.66016505209534,24,-86,0.001869,51,2024-10-21 21:39:06.00231,354,1.037,0.0011,"aoml_navis",1028.27832545642
"7901009",50,0,1,0.022428,1,0,1,127.59462512269,1,4.86242297177721,356,1,14.4919996261597,35.8240013122559,0.0224280003458261,0,123.040199279785,-86.0409,23.5042,59.8103010953925,63,63,63,63,61,63,0,8520,1.66016505209534,24,-86,0.001869,51,2024-10-21 21:39:06.00231,356,1.037,0.0011,"aoml_navis",1028.29392445316
"7901009",50,0,1,0.024297,1,0.001869,1,127.483559241606,1,4.86235743107275,358,1,14.4449996948242,35.8170013427734,0.0242970008403063,0,122.933097839355,-86.0409,23.5042,59.8103010953925,63,63,63,63,61,63,0,8520,1.66016505209534,24,-86,0.001869,51,2024-10-21 21:39:06.00231,358,1.037,0.0011,"aoml_navis",1028.30778503605
"7901009",50,0,1,0.024297,1,0.001869,1,127.437203991765,1,4.8622934936398,360,1,14.3889999389648,35.806999206543,0.0242970008403063,0,122.888397216797,-86.0409,23.5042,59.8103010953925,63,63,63,63,61,63,0,8520,1.66016505209534,24,-86,0.001869,51,2024-10-21 21:39:06.00231,360,1.037,0.0011,"aoml_navis",1028.32130691829
"7901009",50,0,1,0.020559,1,-0.001869,1,127.357152375808,1,4.86221400531876,362,1,14.3109998703003,35.7949981689453,0.020558999851346,0,122.81120300293,-86.0409,23.5042,59.8103010953925,63,63,63,63,61,63,0,8520,1.66016505209534,24,-86,0.001869,51,2024-10-21 21:39:06.00231,362,1.037,0.0011,"aoml_navis",1028.33811809404
"7901009",50,0,1,0.020559,1,-0.001869,1,127.29140529846,1,4.86213007419736,364,1,14.2390003204346,35.7859992980957,0.020558999851346,0,122.747802734375,-86.0409,23.5042,59.8103010953925,63,63,63,63,61,63,0,8520,1.66016505209534,24,-86,0.001869,51,2024-10-21 21:39:06.00231,364,1.037,0.0011,"aoml_navis",1028.35586948492
"7901009",50,0,1,0.020559,1,-0.001869,1,127.135851352885,1,4.8620748490951,366,1,14.2119998931885,35.7820014953613,0.020558999851346,0,122.597801208496,-86.0409,23.5042,59.8103010953925,63,63,63,63,61,63,0,8520,1.66016505209534,24,-86,0.001869,51,2024-10-21 21:39:06.00231,366,1.037,0.0011,"aoml_navis",1028.36754990116
"7901009",50,0,1,0.020559,1,-0.001869,1,126.750491196884,1,4.86202124971317,368,1,14.1759996414185,35.7750015258789,0.020558999851346,0,122.226196289062,-86.0409,23.5042,59.8103010953925,63,63,63,63,61,63,0,8520,1.66016505209534,24,-86,0.001869,51,2024-10-21 21:39:06.00231,368,1.037,0.0011,"aoml_navis",1028.37888672226
"7901009",50,0,1,0.01869,1,-0.003738,1,126.339734155409,1,4.86193781507264,370,1,14.0900001525879,35.7620010375977,0.0186899993568659,0,121.830101013184,-86.0409,23.5042,59.8103010953925,63,63,63,63,61,63,0,8520,1.66016505209534,24,-86,0.001869,51,2024-10-21 21:39:06.00231,370,1.037,0.0011,"aoml_navis",1028.3965345051
"7901009",50,0,1,0.01869,1,-0.003738,1,126.04096867589,1,4.86184147640676,372,1,13.9770002365112,35.7449989318848,0.0186899993568659,0,121.541999816895,-86.0409,23.5042,59.8103010953925,63,63,63,63,61,63,0,8520,1.66016505209534,24,-86,0.001869,51,2024-10-21 21:39:06.00231,372,1.037,0.0011,"aoml_navis",1028.41691245255
"7901009",50,0,1,0.020559,1,-0.001869,1,125.787830560398,1,4.86175637265446,374,1,13.8780002593994,35.7290000915527,0.020558999851346,0,121.297897338867,-86.0409,23.5042,59.8103010953925,63,63,63,63,61,63,0,8520,1.66016505209534,24,-86,0.001869,51,2024-10-21 21:39:06.00231,374,1.037,0.0011,"aoml_navis",1028.43491461709
"7901009",50,0,1,0.024297,1,0.001869,1,125.440328378538,1,4.86169637046798,376,1,13.8210000991821,35.7179985046387,0.0242970008403063,0,120.962799072266,-86.0409,23.5042,59.8103010953925,63,63,63,63,61,63,0,8520,1.66016505209534,24,-86,0.001869,51,2024-10-21 21:39:06.00231,376,1.037,0.0011,"aoml_navis",1028.44760737675
"7901009",50,0,1,0.020559,1,-0.001869,1,125.174333584263,1,4.86162570644078,378,1,13.7569999694824,35.7080001831055,0.020558999851346,0,120.706298828125,-86.0409,23.5042,59.8103010953925,63,63,63,63,61,63,0,8520,1.66016505209534,24,-86,0.001869,51,2024-10-21 21:39:06.00231,378,1.037,0.0011,"aoml_navis",1028.46255592567
"7901009",50,0,1,0.024297,1,0.001869,1,124.865203643694,1,4.86156988098529,380,1,13.7110004425049,35.6990013122559,0.0242970008403063,0,120.408203125,-86.0409,23.5042,59.8103010953925,63,63,63,63,61,63,0,8520,1.66016505209534,24,-86,0.001869,51,2024-10-21 21:39:06.00231,380,1.037,0.0011,"aoml_navis",1028.47436577146
"7901009",50,0,1,0.020559,1,-0.001869,1,124.558447243824,1,4.86148712296602,382,1,13.6239995956421,35.6860008239746,0.020558999851346,0,120.112396240234,-86.0409,23.5042,59.8103010953925,63,63,63,63,61,63,0,8520,1.66016505209534,24,-86,0.001869,51,2024-10-21 21:39:06.00231,382,1.037,0.0011,"aoml_navis",1028.49187368607
"7901009",50,0,1,0.01869,1,-0.003738,1,124.440023386575,1,4.86140429369528,384,1,13.5329999923706,35.6720008850098,0.0186899993568659,0,119.998199462891,-86.0409,23.5042,59.8103010953925,63,63,63,63,61,63,0,8520,1.66016505209534,24,-86,0.001869,51,2024-10-21 21:39:06.00231,384,1.037,0.0011,"aoml_navis",1028.50939727117
"7901009",50,0,1,0.024297,1,0.001869,1,124.3126750163,1,4.86135005782343,386,1,13.4989995956421,35.6660003662109,0.0242970008403063,0,119.875396728516,-86.0409,23.5042,59.8103010953925,63,63,63,63,61,63,0,8520,1.66016505209534,24,-86,0.001869,51,2024-10-21 21:39:06.00231,386,1.037,0.0011,"aoml_navis",1028.52087188279
"7901009",50,0,1,0.022428,1,0,1,124.160444027702,1,4.86129927424643,388,1,13.4720001220703,35.6609992980957,0.0224280003458261,0,119.72859954834,-86.0409,23.5042,59.8103010953925,63,63,63,63,61,63,0,8520,1.66016505209534,24,-86,0.001869,51,2024-10-21 21:39:06.00231,388,1.037,0.0011,"aoml_navis",1028.53161632907
"7901009",50,0,1,0.022428,1,0,1,123.973780875372,1,4.86125492510933,390,1,13.4549999237061,35.6570014953613,0.0224280003458261,0,119.548599243164,-86.0409,23.5042,59.8103010953925,63,63,63,63,61,63,0,8520,1.66016505209534,24,-86,0.001869,51,2024-10-21 21:39:06.00231,390,1.037,0.0011,"aoml_navis",1028.54099960363
"7901009",50,0,1,0.01869,1,-0.003738,1,123.794380757579,1,4.86120418610844,392,1,13.4280004501343,35.6520004272461,0.0186899993568659,0,119.375602722168,-86.0409,23.5042,59.8103010953925,63,63,63,63,61,63,0,8520,1.66016505209534,24,-86,0.001869,51,2024-10-21 21:39:06.00231,392,1.037,0.0011,"aoml_navis",1028.55173503886
"7901009",50,0,1,0.022428,1,0,1,123.622955736534,1,4.86114607030571,394,1,13.3900003433228,35.6459999084473,0.0224280003458261,0,119.210296630859,-86.0409,23.5042,59.8103010953925,63,63,63,63,61,63,0,8520,1.66016505209534,24,-86,0.001869,51,2024-10-21 21:39:06.00231,394,1.037,0.0011,"aoml_navis",1028.56403154443
"7901009",50,0,1,0.020559,1,-0.001869,1,123.496232398642,1,4.86108700853768,396,1,13.3509998321533,35.6399993896484,0.020558999851346,0,119.088096618652,-86.0409,23.5042,59.8103010953925,63,63,63,63,61,63,0,8520,1.66016505209534,24,-86,0.001869,51,2024-10-21 21:39:06.00231,396,1.037,0.0011,"aoml_navis",1028.5765285045
"7901009",50,0,1,0.022428,1,0,1,123.398545375296,1,4.86102329147688,398,1,13.3000001907349,35.6319999694824,0.0224280003458261,0,118.993896484375,-86.0409,23.5042,59.8103010953925,63,63,63,63,61,63,0,8520,1.66016505209534,24,-86,0.001869,51,2024-10-21 21:39:06.00231,398,1.037,0.0011,"aoml_navis",1028.59001082484
"7901009",50,0,1,0.022428,1,0,1,123.346493627778,1,4.86095937603448,400,1,13.2559995651245,35.6259994506836,0.0224280003458261,0,118.943702697754,-86.0409,23.5042,59.8103010953925,63,63,63,63,61,63,0,8520,1.66016505209534,24,-86,0.001869,51,2024-10-21 21:39:06.00231,400,1.037,0.0011,"aoml_navis",1028.60353547718
"7901009",50,0,1,0.020559,1,-0.001869,1,123.291633190434,1,4.86090186331539,402,1,13.2220001220703,35.6209983825684,0.020558999851346,0,118.890800476074,-86.0409,23.5042,59.8103010953925,63,63,63,63,61,63,0,8520,1.66016505209534,24,-86,0.001869,51,2024-10-21 21:39:06.00231,402,1.037,0.0011,"aoml_navis",1028.61570560278
"7901009",50,0,1,0.020559,1,-0.001869,1,123.121663941017,1,4.86086134294849,404,1,13.2159996032715,35.6189994812012,0.020558999851346,0,118.726898193359,-86.0409,23.5042,59.8103010953925,63,63,63,63,61,63,0,8520,1.66016505209534,24,-86,0.001869,51,2024-10-21 21:39:06.00231,404,1.037,0.0011,"aoml_navis",1028.62428019128
"7901009",50,0,1,0.024297,1,0.001869,1,122.86748937942,1,4.86082082559281,406,1,13.210000038147,35.617000579834,0.0242970008403063,0,118.481796264648,-86.0409,23.5042,59.8103010953925,63,63,63,63,61,63,0,8520,1.66016505209534,24,-86,0.001869,51,2024-10-21 21:39:06.00231,406,1.037,0.0011,"aoml_navis",1028.63285428551
"7901009",50,0,1,0.026166,1,0.003738,1,122.581588490487,1,4.86076867146015,408,1,13.173999786377,35.6100006103516,0.0261659994721413,0,118.206100463867,-86.0409,23.5042,59.8103010953925,63,63,63,63,61,63,0,8520,1.66016505209534,24,-86,0.001869,51,2024-10-21 21:39:06.00231,408,1.037,0.0011,"aoml_navis",1028.64389111075
"7901009",50,0,1,0.024297,1,0.001869,1,122.300869832079,1,4.86070368110998,410,1,13.1140003204346,35.5999984741211,0.0242970008403063,0,117.935401916504,-86.0409,23.5042,59.8103010953925,63,63,63,63,61,63,0,8520,1.66016505209534,24,-86,0.001869,51,2024-10-21 21:39:06.00231,410,1.037,0.0011,"aoml_navis",1028.65764465984
"7901009",50,0,1,0.016821,1,-0.005607,1,122.393161006238,1,4.86059485739598,412,1,12.9799995422363,35.5820007324219,0.0168210007250309,0,118.024398803711,-86.0409,23.5042,59.8103010953925,63,63,63,63,61,63,0,8520,1.66016505209534,24,-86,0.001869,51,2024-10-21 21:39:06.00231,412,1.037,0.0011,"aoml_navis",1028.68067524531
"7901009",50,0,1,0.022428,1,0,1,122.405914831591,1,4.86054147249528,414,1,12.9350004196167,35.5730018615723,0.0224280003458261,0,118.036697387695,-86.0409,23.5042,59.8103010953925,63,63,63,63,61,63,0,8520,1.66016505209534,24,-86,0.001869,51,2024-10-21 21:39:06.00231,414,1.037,0.0011,"aoml_navis",1028.69197357823
"7901009",50,0,1,0.020559,1,-0.001869,1,122.56831248618,1,4.86048509054067,416,1,12.8979997634888,35.5670013427734,0.020558999851346,0,118.193298339844,-86.0409,23.5042,59.8103010953925,63,63,63,63,61,63,0,8520,1.66016505209534,24,-86,0.001869,51,2024-10-21 21:39:06.00231,416,1.037,0.0011,"aoml_navis",1028.70390647445
"7901009",50,0,1,0.022428,1,0,1,123.332284030797,1,4.86039378671006,418,1,12.8030004501343,35.5550003051758,0.0224280003458261,0,118.930000305176,-86.0409,23.5042,59.8103010953925,63,63,63,63,61,63,0,8520,1.66016505209534,24,-86,0.001869,51,2024-10-21 21:39:06.00231,418,1.037,0.0011,"aoml_navis",1028.72323095953
"7901009",50,0,1,0.024297,1,0.001869,1,123.971082950778,1,4.8603267918682,420,1,12.7959995269775,35.560001373291,0.0242970008403063,0,119.545997619629,-86.0409,23.5042,59.8103010953925,63,63,63,63,61,63,0,8520,1.66016505209534,24,-86,0.001869,51,2024-10-21 21:39:06.00231,420,1.037,0.0011,"aoml_navis",1028.73741090115
"7901009",50,0,1,0.024297,1,0.001869,1,123.917164017911,1,4.86026185872395,422,1,12.8059997558594,35.5690002441406,0.0242970008403063,0,119.494003295898,-86.0409,23.5042,59.8103010953925,63,63,63,63,61,63,0,8520,1.66016505209534,24,-86,0.001869,51,2024-10-21 21:39:06.00231,422,1.037,0.0011,"aoml_navis",1028.75115484266
"7901009",50,0,1,0.022428,1,0,1,123.507024097018,1,4.86022167752187,424,1,12.8039999008179,35.568000793457,0.0224280003458261,0,119.098503112793,-86.0409,23.5042,59.8103010953925,63,63,63,63,61,63,0,8520,1.66016505209534,24,-86,0.001869,51,2024-10-21 21:39:06.00231,424,1.037,0.0011,"aoml_navis",1028.75965989876
"7901009",50,0,1,0.024297,1,0.001869,1,123.170194936498,1,4.86016770349563,426,1,12.7729997634888,35.5629997253418,0.0242970008403063,0,118.773696899414,-86.0409,23.5042,59.8103010953925,63,63,63,63,61,63,0,8520,1.66016505209534,24,-86,0.001869,51,2024-10-21 21:39:06.00231,426,1.037,0.0011,"aoml_navis",1028.77108466932
"7901009",50,0,1,0.026166,1,0.003738,1,122.594548022701,1,4.86012503588336,428,1,12.7609996795654,35.560001373291,0.0261659994721413,0,118.218597412109,-86.0409,23.5042,59.8103010953925,63,63,63,63,61,63,0,8520,1.66016505209534,24,-86,0.001869,51,2024-10-21 21:39:06.00231,428,1.037,0.0011,"aoml_navis",1028.7801163723
"7901009",50,0,1,0.020559,1,-0.001869,1,121.644744064999,1,4.86004397331603,430,1,12.6759996414185,35.5480003356934,0.020558999851346,0,117.302696228027,-86.0409,23.5042,59.8103010953925,63,63,63,63,61,63,0,8520,1.66016505209534,24,-86,0.001869,51,2024-10-21 21:39:06.00231,430,1.037,0.0011,"aoml_navis",1028.79727579676
"7901009",50,0,1,0.024297,1,0.001869,1,121.329806861521,1,4.85993027377797,432,1,12.5080003738403,35.5229988098145,0.0242970008403063,0,116.999000549316,-86.0409,23.5042,59.8103010953925,63,63,63,63,61,63,0,8520,1.66016505209534,24,-86,0.001869,51,2024-10-21 21:39:06.00231,432,1.037,0.0011,"aoml_navis",1028.82134482006
"7901009",50,0,1,0.020559,1,-0.001869,1,120.980437494311,1,4.85988686982901,434,1,12.4799995422363,35.515998840332,0.020558999851346,0,116.662101745605,-86.0409,23.5042,59.8103010953925,63,63,63,63,61,63,0,8520,1.66016505209534,24,-86,0.001869,51,2024-10-21 21:39:06.00231,434,1.037,0.0011,"aoml_navis",1028.83053328686
"7901009",50,0,1,0.01869,1,-0.003738,1,120.530991739451,1,4.85982958402706,436,1,12.4300003051758,35.5069999694824,0.0186899993568659,0,116.228698730469,-86.0409,23.5042,59.8103010953925,63,63,63,63,61,63,0,8520,1.66016505209534,24,-86,0.001869,51,2024-10-21 21:39:06.00231,436,1.037,0.0011,"aoml_navis",1028.84266074548
"7901009",50,0,1,0.026166,1,0.003738,1,120.013520308173,1,4.8597768333325,438,1,12.3769998550415,35.4959983825684,0.0261659994721413,0,115.729698181152,-86.0409,23.5042,59.8103010953925,63,63,63,63,61,63,0,8520,1.66016505209534,24,-86,0.001869,51,2024-10-21 21:39:06.00231,438,1.037,0.0011,"aoml_navis",1028.85382837042
"7901009",50,0,1,0.022428,1,0,1,119.126251236074,1,4.85974951833505,440,1,12.3769998550415,35.492000579834,0.0224280003458261,0,114.874099731445,-86.0409,23.5042,59.8103010953925,63,63,63,63,61,63,0,8520,1.66016505209534,24,-86,0.001869,51,2024-10-21 21:39:06.00231,440,1.037,0.0011,"aoml_navis",1028.85961120749
"7901009",50,0,1,0.024297,1,0.001869,1,118.456857376489,1,4.85964768962971,442,1,12.1999998092651,35.4620018005371,0.0242970008403063,0,114.22859954834,-86.0409,23.5042,59.8103010953925,63,63,63,63,61,63,0,8520,1.66016505209534,24,-86,0.001869,51,2024-10-21 21:39:06.00231,442,1.037,0.0011,"aoml_navis",1028.88116985719
"7901009",50,0,1,0.024297,1,0.001869,1,118.327641820864,1,4.85955392432162,444,1,12.0299997329712,35.431999206543,0.0242970008403063,0,114.103996276855,-86.0409,23.5042,59.8103010953925,63,63,63,63,61,63,0,8520,1.66016505209534,24,-86,0.001869,51,2024-10-21 21:39:06.00231,444,1.037,0.0011,"aoml_navis",1028.90102216491
"7901009",50,0,1,0.024297,1,0.001869,1,118.08383963212,1,4.85949525327492,446,1,11.9619998931885,35.4189987182617,0.0242970008403063,0,113.868896484375,-86.0409,23.5042,59.8103010953925,63,63,63,63,61,63,0,8520,1.66016505209534,24,-86,0.001869,51,2024-10-21 21:39:06.00231,446,1.037,0.0011,"aoml_navis",1028.91344458674
"7901009",50,0,1,0.022428,1,0,1,117.845955471517,1,4.85943708802119,448,1,11.9060001373291,35.4090003967285,0.0224280003458261,0,113.639503479004,-86.0409,23.5042,59.8103010953925,63,63,63,63,61,63,0,8520,1.66016505209534,24,-86,0.001869,51,2024-10-21 21:39:06.00231,448,1.037,0.0011,"aoml_navis",1028.92576021311
"7901009",50,0,1,0.029904,1,0.007476,1,117.885561953972,1,4.85935058583812,450,1,11.8039999008179,35.3950004577637,0.0299040004611015,0,113.677696228027,-86.0409,23.5042,59.8103010953925,63,63,63,63,61,63,0,8520,1.66016505209534,24,-86,0.001869,51,2024-10-21 21:39:06.00231,450,1.037,0.0011,"aoml_navis",1028.9440763076
"7901009",50,0,1,0.026166,1,0.003738,1,117.899154430372,1,4.8592751465536,452,1,11.7329998016357,35.3860015869141,0.0261659994721413,0,113.690803527832,-86.0409,23.5042,59.8103010953925,63,63,63,63,61,63,0,8520,1.66016505209534,24,-86,0.001869,51,2024-10-21 21:39:06.00231,452,1.037,0.0011,"aoml_navis",1028.96005046065
"7901009",50,0,1,0.024297,1,0.001869,1,117.835274538374,1,4.85920848991706,454,1,11.6829996109009,35.3800010681152,0.0242970008403063,0,113.629203796387,-86.0409,23.5042,59.8103010953925,63,63,63,63,61,63,0,8520,1.66016505209534,24,-86,0.001869,51,2024-10-21 21:39:06.00231,454,1.037,0.0011,"aoml_navis",1028.97416531418
"7901009",50,0,1,0.022428,1,0,1,117.661468064827,1,4.85915971308256,456,1,11.6599998474121,35.3759994506836,0.0224280003458261,0,113.461601257324,-86.0409,23.5042,59.8103010953925,63,63,63,63,61,63,0,8520,1.66016505209534,24,-86,0.001869,51,2024-10-21 21:39:06.00231,456,1.037,0.0011,"aoml_navis",1028.98449428164
"7901009",50,0,1,0.022428,1,0,1,117.447841490162,1,4.85910532573094,458,1,11.6269998550415,35.3709983825684,0.0224280003458261,0,113.255599975586,-86.0409,23.5042,59.8103010953925,63,63,63,63,61,63,0,8520,1.66016505209534,24,-86,0.001869,51,2024-10-21 21:39:06.00231,458,1.037,0.0011,"aoml_navis",1028.99601157501
"7901009",50,0,1,0.026166,1,0.003738,1,117.384270158455,1,4.85902005114804,460,1,11.5249996185303,35.3569984436035,0.0261659994721413,0,113.194297790527,-86.0409,23.5042,59.8103010953925,63,63,63,63,61,63,0,8520,1.66016505209534,24,-86,0.001869,51,2024-10-21 21:39:06.00231,460,1.037,0.0011,"aoml_navis",1029.01407019686
"7901009",50,0,1,0.028035,1,0.005607,1,117.722855739092,1,4.85889663060691,462,1,11.3649997711182,35.3390007019043,0.0280349999666214,0,113.520797729492,-86.0409,23.5042,59.8103010953925,63,63,63,63,61,63,0,8520,1.66016505209534,24,-86,0.001869,51,2024-10-21 21:39:06.00231,462,1.037,0.0011,"aoml_navis",1029.04020812138
"7901009",50,0,1,0.028035,1,0.005607,1,117.69600308199,1,4.85884631654859,464,1,11.3439998626709,35.3359985351562,0.0280349999666214,0,113.494903564453,-86.0409,23.5042,59.8103010953925,63,63,63,63,61,63,0,8520,1.66016505209534,24,-86,0.001869,51,2024-10-21 21:39:06.00231,464,1.037,0.0011,"aoml_navis",1029.05086398198
"7901009",50,0,1,0.028035,1,0.005607,1,117.639789726448,1,4.85879875221184,466,1,11.3299999237061,35.3339996337891,0.0280349999666214,0,113.440696716309,-86.0409,23.5042,59.8103010953925,63,63,63,63,61,63,0,8520,1.66016505209534,24,-86,0.001869,51,2024-10-21 21:39:06.00231,466,1.037,0.0011,"aoml_navis",1029.06093769039
"7901009",50,0,1,0.024297,1,0.001869,1,117.53951554374,1,4.85874662128998,468,1,11.3109998703003,35.3320007324219,0.0242970008403063,0,113.34400177002,-86.0409,23.5042,59.8103010953925,63,63,63,63,61,63,0,8520,1.66016505209534,24,-86,0.001869,51,2024-10-21 21:39:06.00231,468,1.037,0.0011,"aoml_navis",1029.07197878792
"7901009",50,0,1,0.026166,1,0.003738,1,117.591575203059,1,4.85867903142624,470,1,11.2550001144409,35.3250007629395,0.0261659994721413,0,113.394203186035,-86.0409,23.5042,59.8103010953925,63,63,63,63,61,63,0,8520,1.66016505209534,24,-86,0.001869,51,2024-10-21 21:39:06.00231,470,1.037,0.0011,"aoml_navis",1029.08629437337
"7901009",50,0,1,0.029904,1,0.007476,1,117.657836547558,1,4.85862154805748,472,1,11.2180004119873,35.3199996948242,0.0299040004611015,0,113.458099365234,-86.0409,23.5042,59.8103010953925,63,63,63,63,61,63,0,8520,1.66016505209534,24,-86,0.001869,51,2024-10-21 21:39:06.00231,472,1.037,0.0011,"aoml_navis",1029.09846970877
"7901009",50,0,1,0.029904,1,0.007476,1,117.61387066202,1,4.85858040093513,474,1,11.2150001525879,35.3190002441406,0.0299040004611015,0,113.415702819824,-86.0409,23.5042,59.8103010953925,63,63,63,63,61,63,0,8520,1.66016505209534,24,-86,0.001869,51,2024-10-21 21:39:06.00231,474,1.037,0.0011,"aoml_navis",1029.10718510239
"7901009",50,0,1,0.031773,1,0.009345,1,117.589288692187,1,4.85853741760125,476,1,11.21399974823,35.3190002441406,0.0317730009555817,0,113.391998291016,-86.0409,23.5042,59.8103010953925,63,63,63,63,61,63,0,8520,1.66016505209534,24,-86,0.001869,51,2024-10-21 21:39:06.00231,476,1.037,0.0011,"aoml_navis",1029.1162895826
"7901009",50,0,1,0.024297,1,0.001869,1,117.606299067192,1,4.85849443734792,478,1,11.2130002975464,35.3190002441406,0.0242970008403063,0,113.408401489258,-86.0409,23.5042,59.8103010953925,63,63,63,63,61,63,0,8520,1.66016505209534,24,-86,0.001869,51,2024-10-21 21:39:06.00231,478,1.037,0.0011,"aoml_navis",1029.12539357137
"7901009",50,0,1,0.029904,1,0.007476,1,117.554761586826,1,4.85845420694627,480,1,11.2110004425049,35.318000793457,0.0299040004611015,0,113.358703613281,-86.0409,23.5042,59.8103010953925,63,63,63,63,61,63,0,8520,1.66016505209534,24,-86,0.001869,51,2024-10-21 21:39:06.00231,480,1.037,0.0011,"aoml_navis",1029.13391523818
"7901009",50,0,1,0.028035,1,0.005607,1,117.540654843275,1,4.85840940831788,482,1,11.2080001831055,35.318000793457,0.0280349999666214,0,113.345100402832,-86.0409,23.5042,59.8103010953925,63,63,63,63,61,63,0,8520,1.66016505209534,24,-86,0.001869,51,2024-10-21 21:39:06.00231,482,1.037,0.0011,"aoml_navis",1029.14340472001
"7901009",50,0,1,0.028035,1,0.005607,1,117.49170452227,1,4.85836552293076,484,1,11.206000328064,35.318000793457,0.0280349999666214,0,113.297897338867,-86.0409,23.5042,59.8103010953925,63,63,63,63,61,63,0,8520,1.66016505209534,24,-86,0.001869,51,2024-10-21 21:39:06.00231,484,1.037,0.0011,"aoml_navis",1029.15270092395
"7901009",50,0,1,0.029904,1,0.007476,1,117.463087533249,1,4.85832438682746,486,1,11.2030000686646,35.3170013427734,0.0299040004611015,0,113.270301818848,-86.0409,23.5042,59.8103010953925,63,63,63,63,61,63,0,8520,1.66016505209534,24,-86,0.001869,51,2024-10-21 21:39:06.00231,486,1.037,0.0011,"aoml_navis",1029.16141490195
"7901009",50,0,1,0.028035,1,0.005607,1,117.408638509626,1,4.85827959399484,488,1,11.1999998092651,35.3170013427734,0.0280349999666214,0,113.217796325684,-86.0409,23.5042,59.8103010953925,63,63,63,63,61,63,0,8520,1.66016505209534,24,-86,0.001869,51,2024-10-21 21:39:06.00231,488,1.037,0.0011,"aoml_navis",1029.17090366317
"7901009",50,0,1,0.026166,1,0.003738,1,117.375456410661,1,4.8582366397913,490,1,11.1949996948242,35.3160018920898,0.0261659994721413,0,113.18579864502,-86.0409,23.5042,59.8103010953925,63,63,63,63,61,63,0,8520,1.66016505209534,24,-86,0.001869,51,2024-10-21 21:39:06.00231,490,1.037,0.0011,"aoml_navis",1029.18000309981
"7901009",50,0,1,0.028035,1,0.005607,1,117.302137738486,1,4.85819644951861,492,1,11.1890001296997,35.3139991760254,0.0280349999666214,0,113.115097045898,-86.0409,23.5042,59.8103010953925,63,63,63,63,61,63,0,8520,1.66016505209534,24,-86,0.001869,51,2024-10-21 21:39:06.00231,492,1.037,0.0011,"aoml_navis",1029.18851716987
"7901009",50,0,1,0.028035,1,0.005607,1,117.263773408996,1,4.85814441271512,494,1,11.1700000762939,35.3120002746582,0.0280349999666214,0,113.078102111816,-86.0409,23.5042,59.8103010953925,63,63,63,63,61,63,0,8520,1.66016505209534,24,-86,0.001869,51,2024-10-21 21:39:06.00231,494,1.037,0.0011,"aoml_navis",1029.19954106626
"7901009",50,0,1,0.028035,1,0.005607,1,117.217829572876,1,4.8581014844954,496,1,11.16100025177,35.310001373291,0.0280349999666214,0,113.033798217773,-86.0409,23.5042,59.8103010953925,63,63,63,63,61,63,0,8520,1.66016505209534,24,-86,0.001869,51,2024-10-21 21:39:06.00231,496,1.037,0.0011,"aoml_navis",1029.20863550452
"7901009",50,0,1,0.031773,1,0.009345,1,117.221255383284,1,4.85804677715184,498,1,11.1350002288818,35.306999206543,0.0317730009555817,0,113.037101745605,-86.0409,23.5042,59.8103010953925,63,63,63,63,61,63,0,8520,1.66016505209534,24,-86,0.001869,51,2024-10-21 21:39:06.00231,498,1.037,0.0011,"aoml_navis",1029.22022560915
"7901009",50,0,1,0.028035,1,0.005607,1,117.224886900553,1,4.85799840969021,500,1,11.1199998855591,35.3050003051758,0.0280349999666214,0,113.040603637695,-86.0409,23.5042,59.8103010953925,63,63,63,63,61,63,0,8520,1.66016505209534,24,-86,0.001869,51,2024-10-21 21:39:06.00231,500,1.037,0.0011,"aoml_navis",1029.23047278619
"7901009",50,0,1,0.024297,1,0.001869,1,117.210574450141,1,4.85795547049825,502,1,11.1149997711182,35.3040008544922,0.0242970008403063,0,113.026802062988,-86.0409,23.5042,59.8103010953925,63,63,63,63,61,63,0,8520,1.66016505209534,24,-86,0.001869,51,2024-10-21 21:39:06.00231,502,1.037,0.0011,"aoml_navis",1029.23957009577
"7901009",50,0,1,0.026166,1,0.003738,1,117.147311678725,1,4.85791344158587,504,1,11.1110000610352,35.3030014038086,0.0261659994721413,0,112.965797424316,-86.0409,23.5042,59.8103010953925,63,63,63,63,61,63,0,8520,1.66016505209534,24,-86,0.001869,51,2024-10-21 21:39:06.00231,504,1.037,0.0011,"aoml_navis",1029.24847470476
"7901009",50,0,1,0.026166,1,0.003738,1,117.090489114403,1,4.85786961178162,506,1,11.1049995422363,35.3019981384277,0.0261659994721413,0,112.911003112793,-86.0409,23.5042,59.8103010953925,63,63,63,63,61,63,0,8520,1.66016505209534,24,-86,0.001869,51,2024-10-21 21:39:06.00231,506,1.037,0.0011,"aoml_navis",1029.25776103041
"7901009",50,0,1,0.031773,1,0.009345,1,117.013538924959,1,4.85782302104695,508,1,11.1000003814697,35.3019981384277,0.0317730009555817,0,112.836799621582,-86.0409,23.5042,59.8103010953925,63,63,63,63,61,63,0,8520,1.66016505209534,24,-86,0.001869,51,2024-10-21 21:39:06.00231,508,1.037,0.0011,"aoml_navis",1029.26763250474
"7901009",50,0,1,0.024297,1,0.001869,1,116.900503005095,1,4.85778008953952,510,1,11.0950002670288,35.3009986877441,0.0242970008403063,0,112.727798461914,-86.0409,23.5042,59.8103010953925,63,63,63,63,61,63,0,8520,1.66016505209534,24,-86,0.001869,51,2024-10-21 21:39:06.00231,510,1.037,0.0011,"aoml_navis",1029.27672884302
"7901009",50,0,1,0.026166,1,0.003738,1,116.771603921564,1,4.85773446538168,512,1,11.0830001831055,35.298999786377,0.0261659994721413,0,112.603500366211,-86.0409,23.5042,59.8103010953925,63,63,63,63,61,63,0,8520,1.66016505209534,24,-86,0.001869,51,2024-10-21 21:39:06.00231,512,1.037,0.0011,"aoml_navis",1029.28639587696
"7901009",50,0,1,0.028035,1,0.005607,1,116.755218578942,1,4.85768710925396,514,1,11.0609998703003,35.2949981689453,0.0280349999666214,0,112.587699890137,-86.0409,23.5042,59.8103010953925,63,63,63,63,61,63,0,8520,1.66016505209534,24,-86,0.001869,51,2024-10-21 21:39:06.00231,514,1.037,0.0011,"aoml_navis",1029.29643007985
"7901009",50,0,1,0.022428,1,0,1,116.692066572758,1,4.85763338325591,516,1,11.03600025177,35.2919998168945,0.0224280003458261,0,112.526802062988,-86.0409,23.5042,59.8103010953925,63,63,63,63,61,63,0,8520,1.66016505209534,24,-86,0.001869,51,2024-10-21 21:39:06.00231,516,1.037,0.0011,"aoml_navis",1029.30781421974
"7901009",50,0,1,0.028035,1,0.005607,1,116.607441935055,1,4.85759046242386,518,1,11.0310001373291,35.2910003662109,0.0280349999666214,0,112.445198059082,-86.0409,23.5042,59.8103010953925,63,63,63,63,61,63,0,8520,1.66016505209534,24,-86,0.001869,51,2024-10-21 21:39:06.00231,518,1.037,0.0011,"aoml_navis",1029.31690900617
"7901009",50,0,1,0.029904,1,0.007476,1,116.486011592922,1,4.85754935404135,520,1,11.0279998779297,35.2900009155273,0.0299040004611015,0,112.328102111816,-86.0409,23.5042,59.8103010953925,63,63,63,63,61,63,0,8520,1.66016505209534,24,-86,0.001869,51,2024-10-21 21:39:06.00231,520,1.037,0.0011,"aoml_navis",1029.32561989105
"7901009",50,0,1,0.028035,1,0.005607,1,116.352444546016,1,4.85750381148729,522,1,11.0120000839233,35.2869987487793,0.0280349999666214,0,112.19930267334,-86.0409,23.5042,59.8103010953925,63,63,63,63,61,63,0,8520,1.66016505209534,24,-86,0.001869,51,2024-10-21 21:39:06.00231,522,1.037,0.0011,"aoml_navis",1029.33527055104
"7901009",50,0,1,0.028035,1,0.005607,1,116.338749216186,1,4.85743653088303,524,1,10.9759998321533,35.2849998474121,0.0280349999666214,0,112.186096191406,-86.0409,23.5042,59.8103010953925,63,63,63,63,61,63,0,8520,1.66016505209534,24,-86,0.001869,51,2024-10-21 21:39:06.00231,524,1.037,0.0011,"aoml_navis",1029.34952792704
"7901009",50,0,1,0.029904,1,0.007476,1,116.082818234473,1,4.85738440895589,526,1,10.9770002365112,35.2879981994629,0.0299040004611015,0,111.939300537109,-86.0409,23.5042,59.8103010953925,63,63,63,63,61,63,0,8520,1.66016505209534,24,-86,0.001869,51,2024-10-21 21:39:06.00231,526,1.037,0.0011,"aoml_navis",1029.36057331208
"7901009",50,0,1,0.031773,1,0.009345,1,115.579342781513,1,4.85734244808578,528,1,10.9689998626709,35.2859992980957,0.0317730009555817,0,111.453796386719,-86.0409,23.5042,59.8103010953925,63,63,63,63,61,63,0,8520,1.66016505209534,24,-86,0.001869,51,2024-10-21 21:39:06.00231,528,1.037,0.0011,"aoml_navis",1029.36946559542
"7901009",50,0,1,0.026166,1,0.003738,1,115.129382759502,1,4.85727495983322,530,1,10.8879995346069,35.2729988098145,0.0261659994721413,0,111.019897460938,-86.0409,23.5042,59.8103010953925,63,63,63,63,61,63,0,8520,1.66016505209534,24,-86,0.001869,51,2024-10-21 21:39:06.00231,530,1.037,0.0011,"aoml_navis",1029.38376792482
"7901009",50,0,1,0.031773,1,0.009345,1,115.168791446899,1,4.85716203401155,532,1,10.6820001602173,35.242000579834,0.0317730009555817,0,111.057899475098,-86.0409,23.5042,59.8103010953925,63,63,63,63,61,63,0,8520,1.66016505209534,24,-86,0.001869,51,2024-10-21 21:39:06.00231,532,1.037,0.0011,"aoml_navis",1029.40770042017
"7901009",50,0,1,0.026166,1,0.003738,1,114.969168762355,1,4.85709949030009,534,1,10.5930004119873,35.226001739502,0.0261659994721413,0,110.86540222168,-86.0409,23.5042,59.8103010953925,63,63,63,63,61,63,0,8520,1.66016505209534,24,-86,0.001869,51,2024-10-21 21:39:06.00231,534,1.037,0.0011,"aoml_navis",1029.42095585756
"7901009",50,0,1,0.026166,1,0.003738,1,114.672998354,1,4.85704812882595,536,1,10.5369997024536,35.2150001525879,0.0261659994721413,0,110.579803466797,-86.0409,23.5042,59.8103010953925,63,63,63,63,61,63,0,8520,1.66016505209534,24,-86,0.001869,51,2024-10-21 21:39:06.00231,536,1.037,0.0011,"aoml_navis",1029.43184160059
"7901009",50,0,1,0.029904,1,0.007476,1,114.527088895463,1,4.85696801794536,538,1,10.418999671936,35.1969985961914,0.0299040004611015,0,110.439102172852,-86.0409,23.5042,59.8103010953925,63,63,63,63,61,63,0,8520,1.66016505209534,24,-86,0.001869,51,2024-10-21 21:39:06.00231,538,1.037,0.0011,"aoml_navis",1029.44882106
"7901009",50,0,1,0.029904,1,0.007476,1,114.76767098066,1,4.85684887082389,540,1,10.2259998321533,35.1720008850098,0.0299040004611015,0,110.671096801758,-86.0409,23.5042,59.8103010953925,63,63,63,63,61,63,0,8520,1.66016505209534,24,-86,0.001869,51,2024-10-21 21:39:06.00231,540,1.037,0.0011,"aoml_navis",1029.47407526638
"7901009",50,0,1,0.029904,1,0.007476,1,114.75958511868,1,4.85677724189007,542,1,10.1540002822876,35.1629981994629,0.0299040004611015,0,110.663299560547,-86.0409,23.5042,59.8103010953925,63,63,63,63,61,63,0,8520,1.66016505209534,24,-86,0.001869,51,2024-10-21 21:39:06.00231,542,1.037,0.0011,"aoml_navis",1029.48925820081
"7901009",50,0,1,0.026166,1,0.003738,1,114.728167351635,1,4.85672051208718,544,1,10.1160001754761,35.1580009460449,0.0261659994721413,0,110.633003234863,-86.0409,23.5042,59.8103010953925,63,63,63,63,61,63,0,8520,1.66016505209534,24,-86,0.001869,51,2024-10-21 21:39:06.00231,544,1.037,0.0011,"aoml_navis",1029.50128333641
"7901009",50,0,1,0.028035,1,0.005607,1,114.666463205277,1,4.85666515487726,546,1,10.0880002975464,35.1549987792969,0.0280349999666214,0,110.573501586914,-86.0409,23.5042,59.8103010953925,63,63,63,63,61,63,0,8520,1.66016505209534,24,-86,0.001869,51,2024-10-21 21:39:06.00231,546,1.037,0.0011,"aoml_navis",1029.5130177914
"7901009",50,0,1,0.028035,1,0.005607,1,114.517547261855,1,4.8566218860273,548,1,10.0740003585815,35.1520004272461,0.0280349999666214,0,110.429901123047,-86.0409,23.5042,59.8103010953925,63,63,63,63,61,63,0,8520,1.66016505209534,24,-86,0.001869,51,2024-10-21 21:39:06.00231,548,1.037,0.0011,"aoml_navis",1029.52218997843
"7901009",50,0,1,0.026166,1,0.003738,1,114.342704342204,1,4.85657476424862,550,1,10.0469999313354,35.1469993591309,0.0261659994721413,0,110.261299133301,-86.0409,23.5042,59.8103010953925,63,63,63,63,61,63,0,8520,1.66016505209534,24,-86,0.001869,51,2024-10-21 21:39:06.00231,550,1.037,0.0011,"aoml_navis",1029.53217910022
"7901009",50,0,1,0.026166,1,0.003738,1,114.277060118286,1,4.85649812825781,552,1,9.96000003814697,35.1360015869141,0.0261659994721413,0,110.197998046875,-86.0409,23.5042,59.8103010953925,63,63,63,63,61,63,0,8520,1.66016505209534,24,-86,0.001869,51,2024-10-21 21:39:06.00231,552,1.037,0.0011,"aoml_navis",1029.54842521347
"7901009",50,0,1,0.026166,1,0.003738,1,114.414567242751,1,4.85639363373799,554,1,9.82699966430664,35.1220016479492,0.0261659994721413,0,110.330596923828,-86.0409,23.5042,59.8103010953925,63,63,63,63,61,63,0,8520,1.66016505209534,24,-86,0.001869,51,2024-10-21 21:39:06.00231,554,1.037,0.0011,"aoml_navis",1029.57057790051
"7901009",50,0,1,0.031773,1,0.009345,1,114.370498503783,1,4.85633346131305,556,1,9.77999973297119,35.1160011291504,0.0317730009555817,0,110.288101196289,-86.0409,23.5042,59.8103010953925,63,63,63,63,61,63,0,8520,1.66016505209534,24,-86,0.001869,51,2024-10-21 21:39:06.00231,556,1.037,0.0011,"aoml_navis",1029.5833348001
"7901009",50,0,1,0.028035,1,0.005607,1,114.261924840432,1,4.85627621790167,558,1,9.74499988555908,35.1119995117188,0.0280349999666214,0,110.183403015137,-86.0409,23.5042,59.8103010953925,63,63,63,63,61,63,0,8520,1.66016505209534,24,-86,0.001869,51,2024-10-21 21:39:06.00231,558,1.037,0.0011,"aoml_navis",1029.59547102542
"7901009",50,0,1,0.031773,1,0.009345,1,114.258910443745,1,4.85622129118267,560,1,9.69099998474121,35.1030006408691,0.0317730009555817,0,110.18049621582,-86.0409,23.5042,59.8103010953925,63,63,63,63,61,63,0,8520,1.66016505209534,24,-86,0.001869,51,2024-10-21 21:39:06.00231,560,1.037,0.0011,"aoml_navis",1029.60711635575
"7901009",50,0,1,0.029904,1,0.007476,1,114.623423000612,1,4.85609082267015,562,1,9.48999977111816,35.0810012817383,0.0299040004611015,0,110.531997680664,-86.0409,23.5042,59.8103010953925,63,63,63,63,61,63,0,8520,1.66016505209534,24,-86,0.001869,51,2024-10-21 21:39:06.00231,562,1.037,0.0011,"aoml_navis",1029.63477879327
"7901009",50,0,1,0.026166,1,0.003738,1,114.64696852434,1,4.85603236325269,564,1,9.43099975585938,35.0719985961914,0.0261659994721413,0,110.554702758789,-86.0409,23.5042,59.8103010953925,63,63,63,63,61,63,0,8520,1.66016505209534,24,-86,0.001869,51,2024-10-21 21:39:06.00231,564,1.037,0.0011,"aoml_navis",1029.64717406679
"7901009",50,0,1,0.028035,1,0.005607,1,114.86391014418,1,4.85592559543862,566,1,9.31799983978271,35.0639991760254,0.0280349999666214,0,110.763900756836,-86.0409,23.5042,59.8103010953925,63,63,63,63,61,63,0,8520,1.66016505209534,24,-86,0.001869,51,2024-10-21 21:39:06.00231,566,1.037,0.0011,"aoml_navis",1029.66981304176
"7901009",50,0,1,0.028035,1,0.005607,1,114.961700020957,1,4.85586362440624,568,1,9.27200031280518,35.0589981079102,0.0280349999666214,0,110.858200073242,-86.0409,23.5042,59.8103010953925,63,63,63,63,61,63,0,8520,1.66016505209534,24,-86,0.001869,51,2024-10-21 21:39:06.00231,568,1.037,0.0011,"aoml_navis",1029.68295379411
"7901009",50,0,1,0.028035,1,0.005607,1,114.966573691192,1,4.85581582288505,570,1,9.2519998550415,35.0559997558594,0.0280349999666214,0,110.862899780273,-86.0409,23.5042,59.8103010953925,63,63,63,63,61,63,0,8520,1.66016505209534,24,-86,0.001869,51,2024-10-21 21:39:06.00231,570,1.037,0.0011,"aoml_navis",1029.69309017764
"7901009",50,0,1,0.024297,1,0.001869,1,114.943447492986,1,4.85577013747391,572,1,9.23900032043457,35.0540008544922,0.0242970008403063,0,110.840599060059,-86.0409,23.5042,59.8103010953925,63,63,63,63,61,63,0,8520,1.66016505209534,24,-86,0.001869,51,2024-10-21 21:39:06.00231,572,1.037,0.0011,"aoml_navis",1029.70277802341
"7901009",50,0,1,0.031773,1,0.009345,1,114.915447624547,1,4.85571623169756,574,1,9.21599960327148,35.0519981384277,0.0317730009555817,0,110.813598632812,-86.0409,23.5042,59.8103010953925,63,63,63,63,61,63,0,8520,1.66016505209534,24,-86,0.001869,51,2024-10-21 21:39:06.00231,574,1.037,0.0011,"aoml_navis",1029.71420927784
"7901009",50,0,1,0.031773,1,0.009345,1,115.018008318127,1,4.85565854446123,576,1,9.17500019073486,35.0470008850098,0.0317730009555817,0,110.912498474121,-86.0409,23.5042,59.8103010953925,63,63,63,63,61,63,0,8520,1.66016505209534,24,-86,0.001869,51,2024-10-21 21:39:06.00231,576,1.037,0.0011,"aoml_navis",1029.72644270949
"7901009",50,0,1,0.028035,1,0.005607,1,115.056277705989,1,4.85560383205394,578,1,9.14200019836426,35.0429992675781,0.0280349999666214,0,110.949401855469,-86.0409,23.5042,59.8103010953925,63,63,63,63,61,63,0,8520,1.66016505209534,24,-86,0.001869,51,2024-10-21 21:39:06.00231,578,1.037,0.0011,"aoml_navis",1029.73804555323
"7901009",50,0,1,0.029904,1,0.007476,1,115.151678218463,1,4.85554710343033,580,1,9.10200023651123,35.0379981994629,0.0299040004611015,0,111.041397094727,-86.0409,23.5042,59.8103010953925,63,63,63,63,61,63,0,8520,1.66016505209534,24,-86,0.001869,51,2024-10-21 21:39:06.00231,580,1.037,0.0011,"aoml_navis",1029.75007625147
"7901009",50,0,1,0.031773,1,0.009345,1,115.304850711538,1,4.8554798248304,582,1,9.03999996185303,35.0309982299805,0.0317730009555817,0,111.189102172852,-86.0409,23.5042,59.8103010953925,63,63,63,63,61,63,0,8520,1.66016505209534,24,-86,0.001869,51,2024-10-21 21:39:06.00231,582,1.037,0.0011,"aoml_navis",1029.76434469577
"7901009",50,0,1,0.029904,1,0.007476,1,115.361467568998,1,4.8554281284105,584,1,9.01500034332275,35.0279998779297,0.0299040004611015,0,111.243698120117,-86.0409,23.5042,59.8103010953925,63,63,63,63,61,63,0,8520,1.66016505209534,24,-86,0.001869,51,2024-10-21 21:39:06.00231,584,1.037,0.0011,"aoml_navis",1029.77530874025
"7901009",50,0,1,0.029904,1,0.007476,1,115.381587282319,1,4.85537848079311,586,1,8.99699974060059,35.0260009765625,0.0299040004611015,0,111.26309967041,-86.0409,23.5042,59.8103010953925,63,63,63,63,61,63,0,8520,1.66016505209534,24,-86,0.001869,51,2024-10-21 21:39:06.00231,586,1.037,0.0011,"aoml_navis",1029.78583848386
"7901009",50,0,1,0.029904,1,0.007476,1,115.531436818416,1,4.85531344773864,588,1,8.95100021362305,35.0219993591309,0.0299040004611015,0,111.407600402832,-86.0409,23.5042,59.8103010953925,63,63,63,63,61,63,0,8520,1.66016505209534,24,-86,0.001869,51,2024-10-21 21:39:06.00231,588,1.037,0.0011,"aoml_navis",1029.79963164453
"7901009",50,0,1,0.031773,1,0.009345,1,115.545124236444,1,4.85526222103201,590,1,8.93099975585938,35.0200004577637,0.0317730009555817,0,111.420799255371,-86.0409,23.5042,59.8103010953925,63,63,63,63,61,63,0,8520,1.66016505209534,24,-86,0.001869,51,2024-10-21 21:39:06.00231,590,1.037,0.0011,"aoml_navis",1029.81049681334
"7901009",50,0,1,0.031773,1,0.009345,1,115.522314510331,1,4.85522231855584,592,1,8.93400001525879,35.0200004577637,0.0317730009555817,0,111.398803710938,-86.0409,23.5042,59.8103010953925,63,63,63,63,61,63,0,8520,1.66016505209534,24,-86,0.001869,51,2024-10-21 21:39:06.00231,592,1.037,0.0011,"aoml_navis",1029.81896027518
"7901009",50,0,1,0.031773,1,0.009345,1,115.518785846493,1,4.85518002534947,594,1,8.92500019073486,35.0180015563965,0.0317730009555817,0,111.395401000977,-86.0409,23.5042,59.8103010953925,63,63,63,63,61,63,0,8520,1.66016505209534,24,-86,0.001869,51,2024-10-21 21:39:06.00231,594,1.037,0.0011,"aoml_navis",1029.82793097154
"7901009",50,0,1,0.024297,1,0.001869,1,115.598845374252,1,4.85512845047994,596,1,8.89999961853027,35.0149993896484,0.0242970008403063,0,111.472602844238,-86.0409,23.5042,59.8103010953925,63,63,63,63,61,63,0,8520,1.66016505209534,24,-86,0.001869,51,2024-10-21 21:39:06.00231,596,1.037,0.0011,"aoml_navis",1029.8388705876
"7901009",50,0,1,0.028035,1,0.005607,1,115.661063787762,1,4.85506798811471,598,1,8.86400032043457,35.0120010375977,0.0280349999666214,0,111.532600402832,-86.0409,23.5042,59.8103010953925,63,63,63,63,61,63,0,8520,1.66016505209534,24,-86,0.001869,51,2024-10-21 21:39:06.00231,598,1.037,0.0011,"aoml_navis",1029.85169563847
"7901009",50,0,1,0.028035,1,0.005607,1,115.681594914803,1,4.8550183696404,600,1,8.85499954223633,35.0120010375977,0.0280349999666214,0,111.552398681641,-86.0409,23.5042,59.8103010953925,63,63,63,63,61,63,0,8520,1.66016505209534,24,-86,0.001869,51,2024-10-21 21:39:06.00231,600,1.037,0.0011,"aoml_navis",1029.86222076238
"7901009",50,0,1,0.028035,1,0.005607,1,115.686365731607,1,4.85497530686442,602,1,8.84500026702881,35.0099983215332,0.0280349999666214,0,111.556999206543,-86.0409,23.5042,59.8103010953925,63,63,63,63,61,63,0,8520,1.66016505209534,24,-86,0.001869,51,2024-10-21 21:39:06.00231,602,1.037,0.0011,"aoml_navis",1029.87135545891
"7901009",50,0,1,0.033642,1,0.011214,1,115.749834209884,1,4.85492702290289,604,1,8.82400035858154,35.0069999694824,0.0336420014500618,0,111.618202209473,-86.0409,23.5042,59.8103010953925,63,63,63,63,61,63,0,8520,1.66016505209534,24,-86,0.001869,51,2024-10-21 21:39:06.00231,604,1.037,0.0011,"aoml_navis",1029.88159789277
"7901009",50,0,1,0.029904,1,0.007476,1,115.843264683578,1,4.85487105105178,606,1,8.79800033569336,35.0050010681152,0.0299040004611015,0,111.708297729492,-86.0409,23.5042,59.8103010953925,63,63,63,63,61,63,0,8520,1.66016505209534,24,-86,0.001869,51,2024-10-21 21:39:06.00231,606,1.037,0.0011,"aoml_navis",1029.89347140678
"7901009",50,0,1,0.028035,1,0.005607,1,115.990629913744,1,4.85481914564705,608,1,8.77700042724609,35.0029983520508,0.0280349999666214,0,111.850402832031,-86.0409,23.5042,59.8103010953925,63,63,63,63,61,63,0,8520,1.66016505209534,24,-86,0.001869,51,2024-10-21 21:39:06.00231,608,1.037,0.0011,"aoml_navis",1029.90448253528
"7901009",50,0,1,0.029904,1,0.007476,1,116.294269063497,1,4.85476734965739,610,1,8.74699974060059,34.9990005493164,0.0299040004611015,0,112.143203735352,-86.0409,23.5042,59.8103010953925,63,63,63,63,61,63,0,8520,1.66016505209534,24,-86,0.001869,51,2024-10-21 21:39:06.00231,610,1.037,0.0011,"aoml_navis",1029.91547068736
"7901009",50,0,1,0.031773,1,0.009345,1,116.564718202483,1,4.85471159131126,612,1,8.71199989318848,34.9949989318848,0.0317730009555817,0,112.403999328613,-86.0409,23.5042,59.8103010953925,63,63,63,63,61,63,0,8520,1.66016505209534,24,-86,0.001869,51,2024-10-21 21:39:06.00231,612,1.037,0.0011,"aoml_navis",1029.92729968733
"7901009",50,0,1,0.031773,1,0.009345,1,116.602465411391,1,4.85466535411108,614,1,8.69799995422363,34.9930000305176,0.0317730009555817,0,112.440399169922,-86.0409,23.5042,59.8103010953925,63,63,63,63,61,63,0,8520,1.66016505209534,24,-86,0.001869,51,2024-10-21 21:39:06.00231,614,1.037,0.0011,"aoml_navis",1029.93710900502
"7901009",50,0,1,0.031773,1,0.009345,1,116.643219105184,1,4.8546186568069,616,1,8.6879997253418,34.992000579834,0.0317730009555817,0,112.479698181152,-86.0409,23.5042,59.8103010953925,63,63,63,63,61,63,0,8520,1.66016505209534,24,-86,0.001869,51,2024-10-21 21:39:06.00231,616,1.037,0.0011,"aoml_navis",1029.94701612438
"7901009",50,0,1,0.028035,1,0.005607,1,116.729608074806,1,4.85456922739205,618,1,8.67000007629395,34.9900016784668,0.0280349999666214,0,112.563003540039,-86.0409,23.5042,59.8103010953925,63,63,63,63,61,63,0,8520,1.66016505209534,24,-86,0.001869,51,2024-10-21 21:39:06.00231,618,1.037,0.0011,"aoml_navis",1029.95750308541
"7901009",50,0,1,0.026166,1,0.003738,1,116.778036216857,1,4.85452255404381,620,1,8.65999984741211,34.9889984130859,0.0261659994721413,0,112.609703063965,-86.0409,23.5042,59.8103010953925,63,63,63,63,61,63,0,8520,1.66016505209534,24,-86,0.001869,51,2024-10-21 21:39:06.00231,620,1.037,0.0011,"aoml_navis",1029.96740551447
"7901009",50,0,1,0.033642,1,0.011214,1,116.790267863256,1,4.85447619977849,622,1,8.65499973297119,34.9889984130859,0.0336420014500618,0,112.62149810791,-86.0409,23.5042,59.8103010953925,63,63,63,63,61,63,0,8520,1.66016505209534,24,-86,0.001869,51,2024-10-21 21:39:06.00231,622,1.037,0.0011,"aoml_navis",1029.97724043392
"7901009",50,0,1,0.028035,1,0.005607,1,116.808520391227,1,4.85443319230512,624,1,8.64500045776367,34.9869995117188,0.0280349999666214,0,112.639099121094,-86.0409,23.5042,59.8103010953925,63,63,63,63,61,63,0,8520,1.66016505209534,24,-86,0.001869,51,2024-10-21 21:39:06.00231,624,1.037,0.0011,"aoml_navis",1029.98636543719
"7901009",50,0,1,0.026166,1,0.003738,1,116.841599636762,1,4.85438331444042,626,1,8.63099956512451,34.9860000610352,0.0261659994721413,0,112.670997619629,-86.0409,23.5042,59.8103010953925,63,63,63,63,61,63,0,8520,1.66016505209534,24,-86,0.001869,51,2024-10-21 21:39:06.00231,626,1.037,0.0011,"aoml_navis",1029.99694835107
"7901009",50,0,1,0.035511,1,0.013083,1,116.888374212126,1,4.85433104719367,628,1,8.61400032043457,34.9850006103516,0.0355109982192516,0,112.716102600098,-86.0409,23.5042,59.8103010953925,63,63,63,63,61,63,0,8520,1.66016505209534,24,-86,0.001869,51,2024-10-21 21:39:06.00231,628,1.037,0.0011,"aoml_navis",1030.00803846918
"7901009",50,0,1,0.026166,1,0.003738,1,116.905170968469,1,4.8542859780292,630,1,8.60599994659424,34.984001159668,0.0261659994721413,0,112.732299804688,-86.0409,23.5042,59.8103010953925,63,63,63,63,61,63,0,8520,1.66016505209534,24,-86,0.001869,51,2024-10-21 21:39:06.00231,630,1.037,0.0011,"aoml_navis",1030.01760148255
"7901009",50,0,1,0.028035,1,0.005607,1,116.84917123159,1,4.8542422033046,632,1,8.59500026702881,34.9819984436035,0.0280349999666214,0,112.678298950195,-86.0409,23.5042,59.8103010953925,63,63,63,63,61,63,0,8520,1.66016505209534,24,-86,0.001869,51,2024-10-21 21:39:06.00231,632,1.037,0.0011,"aoml_navis",1030.02689000482
"7901009",50,0,1,0.028035,1,0.005607,1,116.828640104548,1,4.854190124226,634,1,8.56900024414062,34.9790000915527,0.0280349999666214,0,112.658500671387,-86.0409,23.5042,59.8103010953925,63,63,63,63,61,63,0,8520,1.66016505209534,24,-86,0.001869,51,2024-10-21 21:39:06.00231,634,1.037,0.0011,"aoml_navis",1030.03794083925
"7901009",50,0,1,0.029904,1,0.007476,1,116.92332064301,1,4.854131294892,636,1,8.51599979400635,34.9720001220703,0.0299040004611015,0,112.749801635742,-86.0409,23.5042,59.8103010953925,63,63,63,63,61,63,0,8520,1.66016505209534,24,-86,0.001869,51,2024-10-21 21:39:06.00231,636,1.037,0.0011,"aoml_navis",1030.05042431825
"7901009",50,0,1,0.029904,1,0.007476,1,117.136844364244,1,4.85403538886115,638,1,8.41600036621094,34.9650001525879,0.0299040004611015,0,112.955703735352,-86.0409,23.5042,59.8103010953925,63,63,63,63,61,63,0,8520,1.66016505209534,24,-86,0.001869,51,2024-10-21 21:39:06.00231,638,1.037,0.0011,"aoml_navis",1030.07077605446
"7901009",50,0,1,0.029904,1,0.007476,1,117.209743710897,1,4.85397929881234,640,1,8.38000011444092,34.9609985351562,0.0299040004611015,0,113.026000976562,-86.0409,23.5042,59.8103010953925,63,63,63,63,61,63,0,8520,1.66016505209534,24,-86,0.001869,51,2024-10-21 21:39:06.00231,640,1.037,0.0011,"aoml_navis",1030.08267901418
"7901009",50,0,1,0.029904,1,0.007476,1,117.24863021934,1,4.8539303426326,642,1,8.36699962615967,34.9599990844727,0.0299040004611015,0,113.063499450684,-86.0409,23.5042,59.8103010953925,63,63,63,63,61,63,0,8520,1.66016505209534,24,-86,0.001869,51,2024-10-21 21:39:06.00231,642,1.037,0.0011,"aoml_navis",1030.09306830888
"7901009",50,0,1,0.031773,1,0.009345,1,117.246248766839,1,4.85388533334575,644,1,8.35900020599365,34.9589996337891,0.0317730009555817,0,113.06120300293,-86.0409,23.5042,59.8103010953925,63,63,63,63,61,63,0,8520,1.66016505209534,24,-86,0.001869,51,2024-10-21 21:39:06.00231,644,1.037,0.0011,"aoml_navis",1030.10262019386
"7901009",50,0,1,0.028035,1,0.005607,1,117.304321395928,1,4.85384426619738,646,1,8.35599994659424,34.9580001831055,0.0280349999666214,0,113.117202758789,-86.0409,23.5042,59.8103010953925,63,63,63,63,61,63,0,8520,1.66016505209534,24,-86,0.001869,51,2024-10-21 21:39:06.00231,646,1.037,0.0011,"aoml_navis",1030.11133563152
"7901009",50,0,1,0.031773,1,0.009345,1,117.417246550559,1,4.85380162460624,648,1,8.35099983215332,34.9570007324219,0.0317730009555817,0,113.226097106934,-86.0409,23.5042,59.8103010953925,63,63,63,63,61,63,0,8520,1.66016505209534,24,-86,0.001869,51,2024-10-21 21:39:06.00231,648,1.037,0.0011,"aoml_navis",1030.12038535992
"7901009",50,0,1,0.028035,1,0.005607,1,117.554761586826,1,4.85375714444535,650,1,8.33899974822998,34.9550018310547,0.0280349999666214,0,113.358703613281,-86.0409,23.5042,59.8103010953925,63,63,63,63,61,63,0,8520,1.66016505209534,24,-86,0.001869,51,2024-10-21 21:39:06.00231,650,1.037,0.0011,"aoml_navis",1030.12982545326
"7901009",50,0,1,0.029904,1,0.007476,1,117.834546652559,1,4.85368886607571,652,1,8.27799987792969,34.9490013122559,0.0299040004611015,0,113.62850189209,-86.0409,23.5042,59.8103010953925,63,63,63,63,61,63,0,8520,1.66016505209534,24,-86,0.001869,51,2024-10-21 21:39:06.00231,652,1.037,0.0011,"aoml_navis",1030.14431661389
"7901009",50,0,1,0.028035,1,0.005607,1,117.969252999,1,4.85363188598126,654,1,8.25,34.9469985961914,0.0280349999666214,0,113.758399963379,-86.0409,23.5042,59.8103010953925,63,63,63,63,61,63,0,8520,1.66016505209534,24,-86,0.001869,51,2024-10-21 21:39:06.00231,654,1.037,0.0011,"aoml_navis",1030.15641018049
"7901009",50,0,1,0.029904,1,0.007476,1,118.074820177466,1,4.85358407630936,656,1,8.22900009155273,34.9440002441406,0.0299040004611015,0,113.860198974609,-86.0409,23.5042,59.8103010953925,63,63,63,63,61,63,0,8520,1.66016505209534,24,-86,0.001869,51,2024-10-21 21:39:06.00231,656,1.037,0.0011,"aoml_navis",1030.16655761776
"7901009",50,0,1,0.031773,1,0.009345,1,118.159025489645,1,4.85353026225869,658,1,8.20499992370605,34.9420013427734,0.0317730009555817,0,113.941398620605,-86.0409,23.5042,59.8103010953925,63,63,63,63,61,63,0,8520,1.66016505209534,24,-86,0.001869,51,2024-10-21 21:39:06.00231,658,1.037,0.0011,"aoml_navis",1030.17797970279
"7901009",50,0,1,0.029904,1,0.007476,1,118.293320422364,1,4.85347982419578,660,1,8.1899995803833,34.9410018920898,0.0299040004611015,0,114.070899963379,-86.0409,23.5042,59.8103010953925,63,63,63,63,61,63,0,8520,1.66016505209534,24,-86,0.001869,51,2024-10-21 21:39:06.00231,660,1.037,0.0011,"aoml_navis",1030.18868546105
"7901009",50,0,1,0.029904,1,0.007476,1,118.403349857343,1,4.85343464559129,662,1,8.17700004577637,34.9389991760254,0.0299040004611015,0,114.177001953125,-86.0409,23.5042,59.8103010953925,63,63,63,63,61,63,0,8520,1.66016505209534,24,-86,0.001869,51,2024-10-21 21:39:06.00231,662,1.037,0.0011,"aoml_navis",1030.19827505905
"7901009",50,0,1,0.028035,1,0.005607,1,118.609088365086,1,4.85337675748492,664,1,8.14299964904785,34.9360008239746,0.0280349999666214,0,114.375396728516,-86.0409,23.5042,59.8103010953925,63,63,63,63,61,63,0,8520,1.66016505209534,24,-86,0.001869,51,2024-10-21 21:39:06.00231,664,1.037,0.0011,"aoml_navis",1030.21056263332
"7901009",50,0,1,0.031773,1,0.009345,1,118.784034138168,1,4.85331893135471,666,1,8.10900020599365,34.9329986572266,0.0317730009555817,0,114.544097900391,-86.0409,23.5042,59.8103010953925,63,63,63,63,61,63,0,8520,1.66016505209534,24,-86,0.001869,51,2024-10-21 21:39:06.00231,666,1.037,0.0011,"aoml_navis",1030.22283734491
"7901009",50,0,1,0.028035,1,0.005607,1,118.868658775871,1,4.85327045722421,668,1,8.08699989318848,34.9300003051758,0.0280349999666214,0,114.625701904297,-86.0409,23.5042,59.8103010953925,63,63,63,63,61,63,0,8520,1.66016505209534,24,-86,0.001869,51,2024-10-21 21:39:06.00231,668,1.037,0.0011,"aoml_navis",1030.23312713953
"7901009",50,0,1,0.026166,1,0.003738,1,118.960119210785,1,4.85322608844723,670,1,8.07499980926514,34.9280014038086,0.0261659994721413,0,114.713897705078,-86.0409,23.5042,59.8103010953925,63,63,63,63,61,63,0,8520,1.66016505209534,24,-86,0.001869,51,2024-10-21 21:39:06.00231,670,1.037,0.0011,"aoml_navis",1030.24254565477
"7901009",50,0,1,0.029904,1,0.007476,1,119.098045660773,1,4.85316060542131,672,1,8.0310001373291,34.9249992370605,0.0299040004611015,0,114.846900939941,-86.0409,23.5042,59.8103010953925,63,63,63,63,61,63,0,8520,1.66016505209534,24,-86,0.001869,51,2024-10-21 21:39:06.00231,672,1.037,0.0011,"aoml_navis",1030.25644657518
"7901009",50,0,1,0.029904,1,0.007476,1,119.174885084985,1,4.85310948839384,674,1,8.01500034332275,34.923999786377,0.0299040004611015,0,114.920997619629,-86.0409,23.5042,59.8103010953925,63,63,63,63,61,63,0,8520,1.66016505209534,24,-86,0.001869,51,2024-10-21 21:39:06.00231,674,1.037,0.0011,"aoml_navis",1030.26729810186
"7901009",50,0,1,0.031773,1,0.009345,1,119.231818414539,1,4.85306611560292,676,1,8.00899982452393,34.9230003356934,0.0317730009555817,0,114.975898742676,-86.0409,23.5042,59.8103010953925,63,63,63,63,61,63,0,8520,1.66016505209534,24,-86,0.001869,51,2024-10-21 21:39:06.00231,676,1.037,0.0011,"aoml_navis",1030.27650580005
"7901009",50,0,1,0.026166,1,0.003738,1,119.335834879748,1,4.85301346473163,678,1,7.99100017547607,34.9220008850098,0.0261659994721413,0,115.076202392578,-86.0409,23.5042,59.8103010953925,63,63,63,63,61,63,0,8520,1.66016505209534,24,-86,0.001869,51,2024-10-21 21:39:06.00231,678,1.037,0.0011,"aoml_navis",1030.287683382
"7901009",50,0,1,0.028035,1,0.005607,1,119.486301536427,1,4.85295387571661,680,1,7.96400022506714,34.9210014343262,0.0280349999666214,0,115.221298217773,-86.0409,23.5042,59.8103010953925,63,63,63,63,61,63,0,8520,1.66016505209534,24,-86,0.001869,51,2024-10-21 21:39:06.00231,680,1.037,0.0011,"aoml_navis",1030.30033419835
"7901009",50,0,1,0.029904,1,0.007476,1,119.620699322576,1,4.85289029924618,682,1,7.92700004577637,34.9189987182617,0.0299040004611015,0,115.350898742676,-86.0409,23.5042,59.8103010953925,63,63,63,63,61,63,0,8520,1.66016505209534,24,-86,0.001869,51,2024-10-21 21:39:06.00231,682,1.037,0.0011,"aoml_navis",1030.31383189863
"7901009",50,0,1,0.029904,1,0.007476,1,119.708013973071,1,4.85283710569483,684,1,7.91300010681152,34.9189987182617,0.0299040004611015,0,115.435096740723,-86.0409,23.5042,59.8103010953925,63,63,63,63,61,63,0,8520,1.66016505209534,24,-86,0.001869,51,2024-10-21 21:39:06.00231,684,1.037,0.0011,"aoml_navis",1030.32512550905
"7901009",50,0,1,0.026166,1,0.003738,1,119.75769217989,1,4.85279144253524,686,1,7.90399980545044,34.9179992675781,0.0261659994721413,0,115.483001708984,-86.0409,23.5042,59.8103010953925,63,63,63,63,61,63,0,8520,1.66016505209534,24,-86,0.001869,51,2024-10-21 21:39:06.00231,686,1.037,0.0011,"aoml_navis",1030.3348205271
"7901009",50,0,1,0.028035,1,0.005607,1,119.796270128042,1,4.85274210654744,688,1,7.89499998092651,34.9179992675781,0.0280349999666214,0,115.520202636719,-86.0409,23.5042,59.8103010953925,63,63,63,63,61,63,0,8520,1.66016505209534,24,-86,0.001869,51,2024-10-21 21:39:06.00231,688,1.037,0.0011,"aoml_navis",1030.3452955503
"7901009",50,0,1,0.029904,1,0.007476,1,119.793366496588,1,4.85269892782098,690,1,7.89400005340576,34.9179992675781,0.0299040004611015,0,115.517402648926,-86.0409,23.5042,59.8103010953925,63,63,63,63,61,63,0,8520,1.66016505209534,24,-86,0.001869,51,2024-10-21 21:39:06.00231,690,1.037,0.0011,"aoml_navis",1030.35446343776
"7901009",50,0,1,0.028035,1,0.005607,1,119.799790880078,1,4.8526557513022,692,1,7.89300012588501,34.9179992675781,0.0280349999666214,0,115.523597717285,-86.0409,23.5042,59.8103010953925,63,63,63,63,61,63,0,8520,1.66016505209534,24,-86,0.001869,51,2024-10-21 21:39:06.00231,692,1.037,0.0011,"aoml_navis",1030.36363101962
"7901009",50,0,1,0.029904,1,0.007476,1,119.789007093505,1,4.85261180697981,694,1,7.89099979400635,34.9179992675781,0.0299040004611015,0,115.513198852539,-86.0409,23.5042,59.8103010953925,63,63,63,63,61,63,0,8520,1.66016505209534,24,-86,0.001869,51,2024-10-21 21:39:06.00231,694,1.037,0.0011,"aoml_navis",1030.37296179517
"7901009",50,0,1,0.033642,1,0.011214,1,119.813272591246,1,4.85256786501719,696,1,7.88899993896484,34.9179992675781,0.0336420014500618,0,115.536598205566,-86.0409,23.5042,59.8103010953925,63,63,63,63,61,63,0,8520,1.66016505209534,24,-86,0.001869,51,2024-10-21 21:39:06.00231,696,1.037,0.0011,"aoml_navis",1030.38229223865
"7901009",50,0,1,0.035511,1,0.013083,1,119.793152877925,1,4.85252469485753,698,1,7.88800001144409,34.9179992675781,0.0355109982192516,0,115.517196655273,-86.0409,23.5042,59.8103010953925,63,63,63,63,61,63,0,8520,1.66016505209534,24,-86,0.001869,51,2024-10-21 21:39:06.00231,698,1.037,0.0011,"aoml_navis",1030.39145896542
"7901009",50,0,1,0.031773,1,0.009345,1,119.803833811068,1,4.85248212270277,700,1,7.88299989700317,34.9169998168945,0.0317730009555817,0,115.527496337891,-86.0409,23.5042,59.8103010953925,63,63,63,63,61,63,0,8520,1.66016505209534,24,-86,0.001869,51,2024-10-21 21:39:06.00231,700,1.037,0.0011,"aoml_navis",1030.40049887192
"7901009",50,0,1,0.026166,1,0.003738,1,119.796475834903,1,4.85243433744343,702,1,7.87599992752075,34.9169998168945,0.0261659994721413,0,115.520401000977,-86.0409,23.5042,59.8103010953925,63,63,63,63,61,63,0,8520,1.66016505209534,24,-86,0.001869,51,2024-10-21 21:39:06.00231,702,1.037,0.0011,"aoml_navis",1030.41064593453
"7901009",50,0,1,0.028035,1,0.005607,1,119.799379466357,1,4.85238963309257,704,1,7.8730001449585,34.9169998168945,0.0280349999666214,0,115.52320098877,-86.0409,23.5042,59.8103010953925,63,63,63,63,61,63,0,8520,1.66016505209534,24,-86,0.001869,51,2024-10-21 21:39:06.00231,704,1.037,0.0011,"aoml_navis",1030.42013895602
"7901009",50,0,1,0.031773,1,0.009345,1,119.794197235832,1,4.85234493024828,706,1,7.86999988555908,34.9169998168945,0.0317730009555817,0,115.518203735352,-86.0409,23.5042,59.8103010953925,63,63,63,63,61,63,0,8520,1.66016505209534,24,-86,0.001869,51,2024-10-21 21:39:06.00231,706,1.037,0.0011,"aoml_navis",1030.42963183249
"7901009",50,0,1,0.031773,1,0.009345,1,119.800724472753,1,4.8523017691614,708,1,7.86899995803833,34.9169998168945,0.0317730009555817,0,115.52449798584,-86.0409,23.5042,59.8103010953925,63,63,63,63,61,63,0,8520,1.66016505209534,24,-86,0.001869,51,2024-10-21 21:39:06.00231,708,1.037,0.0011,"aoml_navis",1030.4387974749
"7901009",50,0,1,0.026166,1,0.003738,1,119.854445610562,1,4.85225091257596,710,1,7.85799980163574,34.9169998168945,0.0261659994721413,0,115.576301574707,-86.0409,23.5042,59.8103010953925,63,63,63,63,61,63,0,8520,1.66016505209534,24,-86,0.001869,51,2024-10-21 21:39:06.00231,710,1.037,0.0011,"aoml_navis",1030.44959753444
"7901009",50,0,1,0.029904,1,0.007476,1,119.981896834267,1,4.85220279716286,712,1,7.84100008010864,34.9150009155273,0.0299040004611015,0,115.699203491211,-86.0409,23.5042,59.8103010953925,63,63,63,63,61,63,0,8520,1.66016505209534,24,-86,0.001869,51,2024-10-21 21:39:06.00231,712,1.037,0.0011,"aoml_navis",1030.45981567868
"7901009",50,0,1,0.029904,1,0.007476,1,120.08528035529,1,4.85211938207751,713.900024414062,1,7.78000020980835,34.9140014648438,0.0299040004611015,0,115.798896789551,-86.0409,23.5042,59.8103010953925,63,63,63,63,61,63,0,8520,1.66016505209534,24,-86,0.001869,51,2024-10-21 21:39:06.00231,713.900024414062,1.037,0.0011,"aoml_navis",1030.47753080205
"7901009",50,0,1,0.029904,1,0.007476,1,120.081237424301,1,4.85206046593989,716,1,7.76599979400635,34.9150009155273,0.0299040004611015,0,115.794998168945,-86.0409,23.5042,59.8103010953925,63,63,63,63,61,63,0,8520,1.66016505209534,24,-86,0.001869,51,2024-10-21 21:39:06.00231,716,1.037,0.0011,"aoml_navis",1030.49004337407
"7901009",50,0,1,0.03738,1,0.014952,1,120.055207594641,1,4.85201791594624,718,1,7.76100015640259,34.9140014648438,0.0373799987137318,0,115.769897460938,-86.0409,23.5042,59.8103010953925,63,63,63,63,61,63,0,8520,1.66016505209534,24,-86,0.001869,51,2024-10-21 21:39:06.00231,718,1.037,0.0011,"aoml_navis",1030.49908030377
"7901009",50,0,1,0.026166,1,0.003738,1,120.065168553772,1,4.8519701610735,720,1,7.75400018692017,34.9140014648438,0.0261659994721413,0,115.779502868652,-86.0409,23.5042,59.8103010953925,63,63,63,63,61,63,0,8520,1.66016505209534,24,-86,0.001869,51,2024-10-21 21:39:06.00231,720,1.037,0.0011,"aoml_navis",1030.50922285428
"7901009",50,0,1,0.028035,1,0.005607,1,119.935747291287,1,4.8519247042255,722,1,7.75,34.9140014648438,0.0280349999666214,0,115.65470123291,-86.0409,23.5042,59.8103010953925,63,63,63,63,61,63,0,8520,1.66016505209534,24,-86,0.001869,51,2024-10-21 21:39:06.00231,722,1.037,0.0011,"aoml_navis",1030.51887751793
"7901009",50,0,1,0.028035,1,0.005607,1,119.807465328337,1,4.85187633951044,724,1,7.74700021743774,34.9150009155273,0.0280349999666214,0,115.53099822998,-86.0409,23.5042,59.8103010953925,63,63,63,63,61,63,0,8520,1.66016505209534,24,-86,0.001869,51,2024-10-21 21:39:06.00231,724,1.037,0.0011,"aoml_navis",1030.52914998747
"7901009",50,0,1,0.031773,1,0.009345,1,119.759345746576,1,4.85182123967379,726,1,7.73999977111816,34.9169998168945,0.0317730009555817,0,115.484596252441,-86.0409,23.5042,59.8103010953925,63,63,63,63,61,63,0,8520,1.66016505209534,24,-86,0.001869,51,2024-10-21 21:39:06.00231,726,1.037,0.0011,"aoml_navis",1030.5408532191
"7901009",50,0,1,0.028035,1,0.005607,1,119.7118511972,1,4.85176920382986,728,1,7.73699998855591,34.9189987182617,0.0280349999666214,0,115.43879699707,-86.0409,23.5042,59.8103010953925,63,63,63,63,61,63,0,8520,1.66016505209534,24,-86,0.001869,51,2024-10-21 21:39:06.00231,728,1.037,0.0011,"aoml_navis",1030.55190590128
"7901009",50,0,1,0.029904,1,0.007476,1,119.697230186497,1,4.85172758202357,730,1,7.73799991607666,34.9189987182617,0.0299040004611015,0,115.424697875977,-86.0409,23.5042,59.8103010953925,63,63,63,63,61,63,0,8520,1.66016505209534,24,-86,0.001869,51,2024-10-21 21:39:06.00231,730,1.037,0.0011,"aoml_navis",1030.5607467587
"7901009",50,0,1,0.029904,1,0.007476,1,119.649941343982,1,4.85168305396958,732,1,7.73999977111816,34.9199981689453,0.0299040004611015,0,115.379096984863,-86.0409,23.5042,59.8103010953925,63,63,63,63,61,63,0,8520,1.66016505209534,24,-86,0.001869,51,2024-10-21 21:39:06.00231,732,1.037,0.0011,"aoml_navis",1030.57020509802
"7901009",50,0,1,0.029904,1,0.007476,1,119.614164173853,1,4.85164220477511,734,1,7.74200010299683,34.9199981689453,0.0299040004611015,0,115.344596862793,-86.0409,23.5042,59.8103010953925,63,63,63,63,61,63,0,8520,1.66016505209534,24,-86,0.001869,51,2024-10-21 21:39:06.00231,734,1.037,0.0011,"aoml_navis",1030.57888215229
"7901009",50,0,1,0.031773,1,0.009345,1,119.576108404655,1,4.851596761197,736,1,7.73799991607666,34.9199981689453,0.0317730009555817,0,115.307899475098,-86.0409,23.5042,59.8103010953925,63,63,63,63,61,63,0,8520,1.66016505209534,24,-86,0.001869,51,2024-10-21 21:39:06.00231,736,1.037,0.0011,"aoml_navis",1030.58853530242
"7901009",50,0,1,0.028035,1,0.005607,1,119.624845106996,1,4.85154073815327,738,1,7.72499990463257,34.9210014343262,0.0280349999666214,0,115.35489654541,-86.0409,23.5042,59.8103010953925,63,63,63,63,61,63,0,8520,1.66016505209534,24,-86,0.001869,51,2024-10-21 21:39:06.00231,738,1.037,0.0011,"aoml_navis",1030.60043599742
"7901009",50,0,1,0.031773,1,0.009345,1,119.676596206025,1,4.85150051867941,740,1,7.72300004959106,34.9199981689453,0.0317730009555817,0,115.404800415039,-86.0409,23.5042,59.8103010953925,63,63,63,63,61,63,0,8520,1.66016505209534,24,-86,0.001869,51,2024-10-21 21:39:06.00231,740,1.037,0.0011,"aoml_navis",1030.60897978859
"7901009",50,0,1,0.031773,1,0.009345,1,119.732073763951,1,4.85145201846446,742,1,7.71500015258789,34.9199981689453,0.0317730009555817,0,115.458297729492,-86.0409,23.5042,59.8103010953925,63,63,63,63,61,63,0,8520,1.66016505209534,24,-86,0.001869,51,2024-10-21 21:39:06.00231,742,1.037,0.0011,"aoml_navis",1030.61928283948
"7901009",50,0,1,0.031773,1,0.009345,1,119.949537562745,1,4.85139342758445,744,1,7.68900012969971,34.9189987182617,0.0317730009555817,0,115.667999267578,-86.0409,23.5042,59.8103010953925,63,63,63,63,61,63,0,8520,1.66016505209534,24,-86,0.001869,51,2024-10-21 21:39:06.00231,744,1.037,0.0011,"aoml_navis",1030.63172975636
"7901009",50,0,1,0.029904,1,0.007476,1,120.163678404561,1,4.85134235485958,746,1,7.66800022125244,34.9169998168945,0.0299040004611015,0,115.874496459961,-86.0409,23.5042,59.8103010953925,63,63,63,63,61,63,0,8520,1.66016505209534,24,-86,0.001869,51,2024-10-21 21:39:06.00231,746,1.037,0.0011,"aoml_navis",1030.64257977826
"7901009",50,0,1,0.026166,1,0.003738,1,120.40240121621,1,4.85128304788103,748,1,7.64099979400635,34.9160003662109,0.0261659994721413,0,116.104698181152,-86.0409,23.5042,59.8103010953925,63,63,63,63,61,63,0,8520,1.66016505209534,24,-86,0.001869,51,2024-10-21 21:39:06.00231,748,1.037,0.0011,"aoml_navis",1030.65517939299
"7901009",50,0,1,0.029904,1,0.007476,1,120.663941665775,1,4.85121603031896,750,1,7.59899997711182,34.9140014648438,0.0299040004611015,0,116.356903076172,-86.0409,23.5042,59.8103010953925,63,63,63,63,61,63,0,8520,1.66016505209534,24,-86,0.001869,51,2024-10-21 21:39:06.00231,750,1.037,0.0011,"aoml_navis",1030.66941747207
"7901009",50,0,1,0.029904,1,0.007476,1,120.907324528996,1,4.85116580381404,752,1,7.5789999961853,34.9119987487793,0.0299040004611015,0,116.591598510742,-86.0409,23.5042,59.8103010953925,63,63,63,63,61,63,0,8520,1.66016505209534,24,-86,0.001869,51,2024-10-21 21:39:06.00231,752,1.037,0.0011,"aoml_navis",1030.68008849933
"7901009",50,0,1,0.028035,1,0.005607,1,121.165850581873,1,4.85111266185598,754,1,7.55999994277954,34.9109992980957,0.0280349999666214,0,116.840896606445,-86.0409,23.5042,59.8103010953925,63,63,63,63,61,63,0,8520,1.66016505209534,24,-86,0.001869,51,2024-10-21 21:39:06.00231,754,1.037,0.0011,"aoml_navis",1030.69137917878
"7901009",50,0,1,0.029904,1,0.007476,1,121.521343684085,1,4.85106169202316,756,1,7.53900003433228,34.9090003967285,0.0299040004611015,0,117.183700561523,-86.0409,23.5042,59.8103010953925,63,63,63,63,61,63,0,8520,1.66016505209534,24,-86,0.001869,51,2024-10-21 21:39:06.00231,756,1.037,0.0011,"aoml_navis",1030.70220859523
"7901009",50,0,1,0.026166,1,0.003738,1,121.999714988257,1,4.85096530487191,758,1,7.45300006866455,34.9059982299805,0.0261659994721413,0,117.644996643066,-86.0409,23.5042,59.8103010953925,63,63,63,63,61,63,0,8520,1.66016505209534,24,-86,0.001869,51,2024-10-21 21:39:06.00231,758,1.037,0.0011,"aoml_navis",1030.72268832317
"7901009",50,0,1,0.033642,1,0.011214,1,122.193949735415,1,4.85091065767794,760,1,7.42700004577637,34.9039993286133,0.0336420014500618,0,117.832298278809,-86.0409,23.5042,59.8103010953925,63,63,63,63,61,63,0,8520,1.66016505209534,24,-86,0.001869,51,2024-10-21 21:39:06.00231,760,1.037,0.0011,"aoml_navis",1030.73429977237
"7901009",50,0,1,0.031773,1,0.009345,1,122.332604071218,1,4.85086289294924,762,1,7.41499996185303,34.9029998779297,0.0317730009555817,0,117.966003417969,-86.0409,23.5042,59.8103010953925,63,63,63,63,61,63,0,8520,1.66016505209534,24,-86,0.001869,51,2024-10-21 21:39:06.00231,762,1.037,0.0011,"aoml_navis",1030.74444904793
"7901009",50,0,1,0.029904,1,0.007476,1,122.531807430238,1,4.85081212491601,764,1,7.39900016784668,34.9020004272461,0.0299040004611015,0,118.158096313477,-86.0409,23.5042,59.8103010953925,63,63,63,63,61,63,0,8520,1.66016505209534,24,-86,0.001869,51,2024-10-21 21:39:06.00231,764,1.037,0.0011,"aoml_navis",1030.75523669896
"7901009",50,0,1,0.031773,1,0.009345,1,122.734650218329,1,4.85075610670397,766,1,7.37599992752075,34.9010009765625,0.0317730009555817,0,118.353698730469,-86.0409,23.5042,59.8103010953925,63,63,63,63,61,63,0,8520,1.66016505209534,24,-86,0.001869,51,2024-10-21 21:39:06.00231,766,1.037,0.0011,"aoml_navis",1030.76714021754
"7901009",50,0,1,0.029904,1,0.007476,1,122.911874590481,1,4.85070836337693,768,1,7.36399984359741,34.9000015258789,0.0299040004611015,0,118.524597167969,-86.0409,23.5042,59.8103010953925,63,63,63,63,61,63,0,8520,1.66016505209534,24,-86,0.001869,51,2024-10-21 21:39:06.00231,768,1.037,0.0011,"aoml_navis",1030.77728559198
"7901009",50,0,1,0.033642,1,0.011214,1,123.197989098077,1,4.8506531388339,770,1,7.34200000762939,34.898998260498,0.0336420014500618,0,118.800498962402,-86.0409,23.5042,59.8103010953925,63,63,63,63,61,63,0,8520,1.66016505209534,24,-86,0.001869,51,2024-10-21 21:39:06.00231,770,1.037,0.0011,"aoml_navis",1030.789020961
"7901009",50,0,1,0.028035,1,0.005607,1,123.48161138794,1,4.85059934811004,772,1,7.31699991226196,34.8969993591309,0.0280349999666214,0,119.073997497559,-86.0409,23.5042,59.8103010953925,63,63,63,63,61,63,0,8520,1.66016505209534,24,-86,0.001869,51,2024-10-21 21:39:06.00231,772,1.037,0.0011,"aoml_navis",1030.80045189636
"7901009",50,0,1,0.026166,1,0.003738,1,123.745738996865,1,4.85053443043927,774,1,7.28200006484985,34.8959999084473,0.0261659994721413,0,119.32869720459,-86.0409,23.5042,59.8103010953925,63,63,63,63,61,63,0,8520,1.66016505209534,24,-86,0.001869,51,2024-10-21 21:39:06.00231,774,1.037,0.0011,"aoml_navis",1030.81424772964
"7901009",50,0,1,0.029904,1,0.007476,1,123.859811362834,1,4.85048075332103,776,1,7.26200008392334,34.8950004577637,0.0299040004611015,0,119.438697814941,-86.0409,23.5042,59.8103010953925,63,63,63,63,61,63,0,8520,1.66016505209534,24,-86,0.001869,51,2024-10-21 21:39:06.00231,776,1.037,0.0011,"aoml_navis",1030.82565508101
"7901009",50,0,1,0.029904,1,0.007476,1,124.027913426902,1,4.85043305749797,778,1,7.25,34.8940010070801,0.0299040004611015,0,119.600799560547,-86.0409,23.5042,59.8103010953925,63,63,63,63,61,63,0,8520,1.66016505209534,24,-86,0.001869,51,2024-10-21 21:39:06.00231,778,1.037,0.0011,"aoml_navis",1030.83579151161
"7901009",50,0,1,0.029904,1,0.007476,1,124.144264391941,1,4.85038392733848,780,1,7.24100017547607,34.8940010070801,0.0299040004611015,0,119.712997436523,-86.0409,23.5042,59.8103010953925,63,63,63,63,61,63,0,8520,1.66016505209534,24,-86,0.001869,51,2024-10-21 21:39:06.00231,780,1.037,0.0011,"aoml_navis",1030.84623297926
"7901009",50,0,1,0.031773,1,0.009345,1,124.373137009692,1,4.85033996795377,782,1,7.23400020599365,34.8930015563965,0.0317730009555817,0,119.933700561523,-86.0409,23.5042,59.8103010953925,63,63,63,63,61,63,0,8520,1.66016505209534,24,-86,0.001869,51,2024-10-21 21:39:06.00231,782,1.037,0.0011,"aoml_navis",1030.85557569882
"7901009",50,0,1,0.035511,1,0.013083,1,124.682266950261,1,4.85029378851726,784,1,7.22399997711182,34.8919982910156,0.0355109982192516,0,120.231796264648,-86.0409,23.5042,59.8103010953925,63,63,63,63,61,63,0,8520,1.66016505209534,24,-86,0.001869,51,2024-10-21 21:39:06.00231,784,1.037,0.0011,"aoml_navis",1030.86539042999
"7901009",50,0,1,0.029904,1,0.007476,1,125.07312580888,1,4.85022229756551,786,1,7.17999982833862,34.890998840332,0.0299040004611015,0,120.608703613281,-86.0409,23.5042,59.8103010953925,63,63,63,63,61,63,0,8520,1.66016505209534,24,-86,0.001869,51,2024-10-21 21:39:06.00231,786,1.037,0.0011,"aoml_navis",1030.88058510425
"7901009",50,0,1,0.026166,1,0.003738,1,125.315472225996,1,4.85016198102016,788,1,7.14599990844727,34.8889999389648,0.0261659994721413,0,120.842399597168,-86.0409,23.5042,59.8103010953925,63,63,63,63,61,63,0,8520,1.66016505209534,24,-86,0.001869,51,2024-10-21 21:39:06.00231,788,1.037,0.0011,"aoml_navis",1030.89340512053
"7901009",50,0,1,0.031773,1,0.009345,1,125.614546265806,1,4.85011210978549,790,1,7.13100004196167,34.8880004882812,0.0317730009555817,0,121.130798339844,-86.0409,23.5042,59.8103010953925,63,63,63,63,61,63,0,8520,1.66016505209534,24,-86,0.001869,51,2024-10-21 21:39:06.00231,790,1.037,0.0011,"aoml_navis",1030.90400527281
"7901009",50,0,1,0.029904,1,0.007476,1,125.902005779797,1,4.85005484157297,792,1,7.10599994659424,34.8870010375977,0.0299040004611015,0,121.407997131348,-86.0409,23.5042,59.8103010953925,63,63,63,63,61,63,0,8520,1.66016505209534,24,-86,0.001869,51,2024-10-21 21:39:06.00231,792,1.037,0.0011,"aoml_navis",1030.91617792478
"7901009",50,0,1,0.028035,1,0.005607,1,126.237687728979,1,4.85000869091867,794,1,7.09600019454956,34.8860015869141,0.0280349999666214,0,121.73169708252,-86.0409,23.5042,59.8103010953925,63,63,63,63,61,63,0,8520,1.66016505209534,24,-86,0.001869,51,2024-10-21 21:39:06.00231,794,1.037,0.0011,"aoml_navis",1030.92598769198
"7901009",50,0,1,0.026166,1,0.003738,1,126.643270451732,1,4.84993448755408,796,1,7.0479998588562,34.8849983215332,0.0261659994721413,0,122.122802734375,-86.0409,23.5042,59.8103010953925,63,63,63,63,61,63,0,8520,1.66016505209534,24,-86,0.001869,51,2024-10-21 21:39:06.00231,796,1.037,0.0011,"aoml_navis",1030.94176072502
"7901009",50,0,1,0.029904,1,0.007476,1,126.894224909781,1,4.84986919898229,798,1,7.01200008392334,34.8839988708496,0.0299040004611015,0,122.364799499512,-86.0409,23.5042,59.8103010953925,63,63,63,63,61,63,0,8520,1.66016505209534,24,-86,0.001869,51,2024-10-21 21:39:06.00231,798,1.037,0.0011,"aoml_navis",1030.95563918491
"7901009",50,0,1,0.033642,1,0.011214,1,127.042935146342,1,4.84981792956106,800,1,7,34.8839988708496,0.0336420014500618,0,122.508201599121,-86.0409,23.5042,59.8103010953925,63,63,63,63,61,63,0,8520,1.66016505209534,24,-86,0.001869,51,2024-10-21 21:39:06.00231,800,1.037,0.0011,"aoml_navis",1030.96653784125
"7901009",50,0,1,0.029904,1,0.007476,1,127.239962759722,1,4.84977254946421,802,1,6.99100017547607,34.882999420166,0.0299040004611015,0,122.698196411133,-86.0409,23.5042,59.8103010953925,63,63,63,63,61,63,0,8520,1.66016505209534,24,-86,0.001869,51,2024-10-21 21:39:06.00231,802,1.037,0.0011,"aoml_navis",1030.97618475992
"7901009",50,0,1,0.028035,1,0.005607,1,127.539044711334,1,4.84971247115168,804,1,6.96700000762939,34.882999420166,0.0280349999666214,0,122.986602783203,-86.0409,23.5042,59.8103010953925,63,63,63,63,61,63,0,8520,1.66016505209534,24,-86,0.001869,51,2024-10-21 21:39:06.00231,804,1.037,0.0011,"aoml_navis",1030.98895650872
"7901009",50,0,1,0.029904,1,0.007476,1,127.796945731827,1,4.84966710113466,806,1,6.95800018310547,34.8819999694824,0.0299040004611015,0,123.235298156738,-86.0409,23.5042,59.8103010953925,63,63,63,63,61,63,0,8520,1.66016505209534,24,-86,0.001869,51,2024-10-21 21:39:06.00231,806,1.037,0.0011,"aoml_navis",1030.99860170406
"7901009",50,0,1,0.031773,1,0.009345,1,128.245252187152,1,4.84961806435668,808,1,6.94399976730347,34.8810005187988,0.0317730009555817,0,123.667602539062,-86.0409,23.5042,59.8103010953925,63,63,63,63,61,63,0,8520,1.66016505209534,24,-86,0.001869,51,2024-10-21 21:39:06.00231,808,1.037,0.0011,"aoml_navis",1031.0090266177
"7901009",50,0,4,0.022428,1,0,1,128.784394045007,1,4.84956317051173,810,1,6.92199993133545,34.8800010681152,0.0224280003458261,0,124.1875,-86.0409,23.5042,59.8103010953925,63,63,63,63,61,63,0,8520,1.66016505209534,24,-86,0.001869,51,2024-10-21 21:39:06.00231,810,1.037,0.0011,"aoml_navis",1031.02069695741
"7901009",50,0,1,0.029904,1,0.007476,1,129.598660917024,1,4.84949147265108,812,1,6.8769998550415,34.8790016174316,0.0299040004611015,0,124.972702026367,-86.0409,23.5042,59.8103010953925,63,63,63,63,61,63,0,8520,1.66016505209534,24,-86,0.001869,51,2024-10-21 21:39:06.00231,812,1.037,0.0011,"aoml_navis",1031.03594020068
"7901009",50,0,1,0.028035,1,0.005607,1,130.272825593413,1,4.84939948716751,814,1,6.80399990081787,34.8779983520508,0.0280349999666214,0,125.622802734375,-86.0409,23.5042,59.8103010953925,63,63,63,63,61,63,0,8520,1.66016505209534,24,-86,0.001869,51,2024-10-21 21:39:06.00231,814,1.037,0.0011,"aoml_navis",1031.05549733137
"7901009",50,0,1,0.031773,1,0.009345,1,130.835505063194,1,4.84934471441189,816,1,6.78200006484985,34.8769989013672,0.0317730009555817,0,126.165397644043,-86.0409,23.5042,59.8103010953925,63,63,63,63,61,63,0,8520,1.66016505209534,24,-86,0.001869,51,2024-10-21 21:39:06.00231,816,1.037,0.0011,"aoml_navis",1031.06714297715
"7901009",50,0,1,0.035511,1,0.013083,1,131.341361968654,1,4.84927980558092,818,1,6.74599981307983,34.8759994506836,0.0355109982192516,0,126.653198242188,-86.0409,23.5042,59.8103010953925,63,63,63,63,61,63,0,8520,1.66016505209534,24,-86,0.001869,51,2024-10-21 21:39:06.00231,818,1.037,0.0011,"aoml_navis",1031.08094407042
"7901009",50,0,1,0.029904,1,0.007476,1,131.704110193602,1,4.84920982431243,820,1,6.70800018310547,34.8759994506836,0.0299040004611015,0,127.002998352051,-86.0409,23.5042,59.8103010953925,63,63,63,63,61,63,0,8520,1.66016505209534,24,-86,0.001869,51,2024-10-21 21:39:06.00231,820,1.037,0.0011,"aoml_navis",1031.09582409314
"7901009",50,0,1,0.029904,1,0.007476,1,131.970730020261,1,4.84915578840701,822,1,6.69199991226196,34.8759994506836,0.0299040004611015,0,127.260101318359,-86.0409,23.5042,59.8103010953925,63,63,63,63,61,63,0,8520,1.66016505209534,24,-86,0.001869,51,2024-10-21 21:39:06.00231,822,1.037,0.0011,"aoml_navis",1031.10731396867
"7901009",50,0,1,0.028035,1,0.005607,1,132.298737521184,1,4.84910544130814,824,1,6.67600011825562,34.875,0.0280349999666214,0,127.576400756836,-86.0409,23.5042,59.8103010953925,63,63,63,63,61,63,0,8520,1.66016505209534,24,-86,0.001869,51,2024-10-21 21:39:06.00231,824,1.037,0.0011,"aoml_navis",1031.11801970863
"7901009",50,0,1,0.029904,1,0.007476,1,132.583293403722,1,4.849047095674,826,1,6.65399980545044,34.875,0.0299040004611015,0,127.850799560547,-86.0409,23.5042,59.8103010953925,63,63,63,63,61,63,0,8520,1.66016505209534,24,-86,0.001869,51,2024-10-21 21:39:06.00231,826,1.037,0.0011,"aoml_navis",1031.13042652456
"7901009",50,0,1,0.031773,1,0.009345,1,132.876663034053,1,4.84899813606668,828,1,6.64499998092651,34.875,0.0317730009555817,0,128.133697509766,-86.0409,23.5042,59.8103010953925,63,63,63,63,61,63,0,8520,1.66016505209534,24,-86,0.001869,51,2024-10-21 21:39:06.00231,828,1.037,0.0011,"aoml_navis",1031.14083769391
"7901009",50,0,1,0.029904,1,0.007476,1,133.249577924991,1,4.84894781567205,830,1,6.62900018692017,34.8740005493164,0.0299040004611015,0,128.493301391602,-86.0409,23.5042,59.8103010953925,63,63,63,63,61,63,0,8520,1.66016505209534,24,-86,0.001869,51,2024-10-21 21:39:06.00231,830,1.037,0.0011,"aoml_navis",1031.15153845124
"7901009",50,0,1,0.033642,1,0.011214,1,133.675375302692,1,4.84890038336194,832,1,6.61700010299683,34.8730010986328,0.0336420014500618,0,128.903900146484,-86.0409,23.5042,59.8103010953925,63,63,63,63,61,63,0,8520,1.66016505209534,24,-86,0.001869,51,2024-10-21 21:39:06.00231,832,1.037,0.0011,"aoml_navis",1031.16162525354
"7901009",50,0,1,0.031773,1,0.009345,1,134.185385904375,1,4.84884216953054,834,1,6.59000015258789,34.8720016479492,0.0317730009555817,0,129.395706176758,-86.0409,23.5042,59.8103010953925,63,63,63,63,61,63,0,8520,1.66016505209534,24,-86,0.001869,51,2024-10-21 21:39:06.00231,834,1.037,0.0011,"aoml_navis",1031.17400508916
"7901009",50,0,1,0.029904,1,0.007476,1,134.601008704281,1,4.84878543337299,836,1,6.56500005722046,34.8709983825684,0.0299040004611015,0,129.796493530273,-86.0409,23.5042,59.8103010953925,63,63,63,63,61,63,0,8520,1.66016505209534,24,-86,0.001869,51,2024-10-21 21:39:06.00231,836,1.037,0.0011,"aoml_navis",1031.18607096661
"7901009",50,0,1,0.029904,1,0.007476,1,135.223841607164,1,4.84873147909522,838,1,6.54899978637695,34.8709983825684,0.0299040004611015,0,130.397094726562,-86.0409,23.5042,59.8103010953925,63,63,63,63,61,63,0,8520,1.66016505209534,24,-86,0.001869,51,2024-10-21 21:39:06.00231,838,1.037,0.0011,"aoml_navis",1031.19754549349
"7901009",50,0,1,0.029904,1,0.007476,1,135.880283846338,1,4.8486677124674,840,1,6.50899982452393,34.8689994812012,0.0299040004611015,0,131.03010559082,-86.0409,23.5042,59.8103010953925,63,63,63,63,61,63,0,8520,1.66016505209534,24,-86,0.001869,51,2024-10-21 21:39:06.00231,840,1.037,0.0011,"aoml_navis",1031.21110715496
"7901009",50,0,1,0.033642,1,0.011214,1,136.224146599127,1,4.84861900720329,842,1,6.48999977111816,34.867000579834,0.0336420014500618,0,131.361694335938,-86.0409,23.5042,59.8103010953925,63,63,63,63,61,63,0,8520,1.66016505209534,24,-86,0.001869,51,2024-10-21 21:39:06.00231,842,1.037,0.0011,"aoml_navis",1031.221465859
"7901009",50,0,1,0.026166,1,0.003738,1,136.635022317637,1,4.84857163303682,844,1,6.47800016403198,34.8660011291504,0.0261659994721413,0,131.757904052734,-86.0409,23.5042,59.8103010953925,63,63,63,63,61,63,0,8520,1.66016505209534,24,-86,0.001869,51,2024-10-21 21:39:06.00231,844,1.037,0.0011,"aoml_navis",1031.23154166299
"7901009",50,0,1,0.031773,1,0.009345,1,137.106138499074,1,4.84851356366612,846,1,6.45100021362305,34.8650016784668,0.0317730009555817,0,132.212203979492,-86.0409,23.5042,59.8103010953925,63,63,63,63,61,63,0,8520,1.66016505209534,24,-86,0.001869,51,2024-10-21 21:39:06.00231,846,1.037,0.0011,"aoml_navis",1031.24389245172
"7901009",50,0,1,0.031773,1,0.009345,1,137.366626678929,1,4.84844175734347,848,1,6.41499996185303,34.8660011291504,0.0317730009555817,0,132.463394165039,-86.0409,23.5042,59.8103010953925,63,63,63,63,61,63,0,8520,1.66016505209534,24,-86,0.001869,51,2024-10-21 21:39:06.00231,848,1.037,0.0011,"aoml_navis",1031.25916536524
"7901009",50,0,1,0.033642,1,0.011214,1,137.333555345197,1,4.84839501079706,850.099975585938,1,6.41200017929077,34.8660011291504,0.0336420014500618,0,132.431503295898,-86.0409,23.5042,59.8103010953925,63,63,63,63,61,63,0,8520,1.66016505209534,24,-86,0.001869,51,2024-10-21 21:39:06.00231,850.099975585938,1.037,0.0011,"aoml_navis",1031.26910840914
"7901009",50,0,1,0.028035,1,0.005607,1,137.355945745786,1,4.84834799947273,852,1,6.41300010681152,34.8680000305176,0.0280349999666214,0,132.453094482422,-86.0409,23.5042,59.8103010953925,63,63,63,63,61,63,0,8520,1.66016505209534,24,-86,0.001869,51,2024-10-21 21:39:06.00231,852,1.037,0.0011,"aoml_navis",1031.27910796497
"7901009",50,0,1,0.028035,1,0.005607,1,137.519387758282,1,4.84830480428798,854,1,6.41200017929077,34.8680000305176,0.0280349999666214,0,132.610702514648,-86.0409,23.5042,59.8103010953925,63,63,63,63,61,63,0,8520,1.66016505209534,24,-86,0.001869,51,2024-10-21 21:39:06.00231,854,1.037,0.0011,"aoml_navis",1031.2882959788
"7901009",50,0,1,0.031773,1,0.009345,1,137.786110438372,1,4.84825532830647,856,1,6.39699983596802,34.867000579834,0.0317730009555817,0,132.867904663086,-86.0409,23.5042,59.8103010953925,63,63,63,63,61,63,0,8520,1.66016505209534,24,-86,0.001869,51,2024-10-21 21:39:06.00231,856,1.037,0.0011,"aoml_navis",1031.29882017714
"7901009",50,0,1,0.031773,1,0.009345,1,137.927969054117,1,4.84820289118396,858,1,6.38299989700317,34.867000579834,0.0317730009555817,0,133.004699707031,-86.0409,23.5042,59.8103010953925,63,63,63,63,61,63,0,8520,1.66016505209534,24,-86,0.001869,51,2024-10-21 21:39:06.00231,858,1.037,0.0011,"aoml_navis",1031.30997448396
"7901009",50,0,1,0.028035,1,0.005607,1,138.036234157176,1,4.84815969865092,860,1,6.38199996948242,34.867000579834,0.0280349999666214,0,133.109100341797,-86.0409,23.5042,59.8103010953925,63,63,63,63,61,63,0,8520,1.66016505209534,24,-86,0.001869,51,2024-10-21 21:39:06.00231,860,1.037,0.0011,"aoml_navis",1031.31916248372
"7901009",50,0,1,0.029904,1,0.007476,1,138.249235699457,1,4.84811366435173,862,1,6.3769998550415,34.867000579834,0.0299040004611015,0,133.314498901367,-86.0409,23.5042,59.8103010953925,63,63,63,63,61,63,0,8520,1.66016505209534,24,-86,0.001869,51,2024-10-21 21:39:06.00231,862,1.037,0.0011,"aoml_navis",1031.32895516974
"7901009",50,0,1,0.028035,1,0.005607,1,138.459230756853,1,4.84806917973016,864,1,6.36899995803833,34.8660011291504,0.0280349999666214,0,133.516998291016,-86.0409,23.5042,59.8103010953925,63,63,63,63,61,63,0,8520,1.66016505209534,24,-86,0.001869,51,2024-10-21 21:39:06.00231,864,1.037,0.0011,"aoml_navis",1031.33841837593
"7901009",50,0,1,0.033642,1,0.011214,1,138.762869906606,1,4.84801604596149,866,1,6.35400009155273,34.8660011291504,0.0336420014500618,0,133.809799194336,-86.0409,23.5042,59.8103010953925,63,63,63,63,61,63,0,8520,1.66016505209534,24,-86,0.001869,51,2024-10-21 21:39:06.00231,866,1.037,0.0011,"aoml_navis",1031.34972174135
"7901009",50,0,1,0.031773,1,0.009345,1,139.065258991591,1,4.84796292009106,868,1,6.33900022506714,34.8660011291504,0.0317730009555817,0,134.10139465332,-86.0409,23.5042,59.8103010953925,63,63,63,63,61,63,0,8520,1.66016505209534,24,-86,0.001869,51,2024-10-21 21:39:06.00231,868,1.037,0.0011,"aoml_navis",1031.36102367427
"7901009",50,0,1,0.041118,1,0.01869,1,139.192923833959,1,4.84790612186425,870,1,6.32399988174438,34.867000579834,0.041117999702692,0,134.224502563477,-86.0409,23.5042,59.8103010953925,63,63,63,63,61,63,0,8520,1.66016505209534,24,-86,0.001869,51,2024-10-21 21:39:06.00231,870,1.037,0.0011,"aoml_navis",1031.37310713378
"7901009",50,0,1,0.026166,1,0.003738,1,139.311031219115,1,4.84786222592594,872,1,6.32200002670288,34.867000579834,0.0261659994721413,0,134.338394165039,-86.0409,23.5042,59.8103010953925,63,63,63,63,61,63,0,8520,1.66016505209534,24,-86,0.001869,51,2024-10-21 21:39:06.00231,872,1.037,0.0011,"aoml_navis",1031.3824459079
"7901009",50,0,1,0.028035,1,0.005607,1,139.556597739779,1,4.84781549543601,874,1,6.31599998474121,34.867000579834,0.0280349999666214,0,134.5751953125,-86.0409,23.5042,59.8103010953925,63,63,63,63,61,63,0,8520,1.66016505209534,24,-86,0.001869,51,2024-10-21 21:39:06.00231,874,1.037,0.0011,"aoml_navis",1031.39238791313
"7901009",50,0,1,0.031773,1,0.009345,1,139.79189474102,1,4.84776664065544,876,1,6.30700016021729,34.867000579834,0.0317730009555817,0,134.802093505859,-86.0409,23.5042,59.8103010953925,63,63,63,63,61,63,0,8520,1.66016505209534,24,-86,0.001869,51,2024-10-21 21:39:06.00231,876,1.037,0.0011,"aoml_navis",1031.40278207038
"7901009",50,0,1,0.026166,1,0.003738,1,140.58210973396,1,4.84770533285031,878,1,6.2960000038147,34.8699989318848,0.0261659994721413,0,135.564102172852,-86.0409,23.5042,59.8103010953925,63,63,63,63,61,63,0,8520,1.66016505209534,24,-86,0.001869,51,2024-10-21 21:39:06.00231,878,1.037,0.0011,"aoml_navis",1031.41582598218
"7901009",50,0,1,0.026166,1,0.003738,1,141.590405646274,1,4.8476390888651,880,1,6.2519998550415,34.8680000305176,0.0261659994721413,0,136.536407470703,-86.0409,23.5042,59.8103010953925,63,63,63,63,61,63,0,8520,1.66016505209534,24,-86,0.001869,51,2024-10-21 21:39:06.00231,880,1.037,0.0011,"aoml_navis",1031.42992049158
"7901009",50,0,1,0.031773,1,0.009345,1,142.57400091172,1,4.84757121350372,881.900024414062,1,6.21299982070923,34.8680000305176,0.0317730009555817,0,137.484893798828,-86.0409,23.5042,59.8103010953925,63,63,63,63,61,63,0,8520,1.66016505209534,24,-86,0.001869,51,2024-10-21 21:39:06.00231,881.900024414062,1.037,0.0011,"aoml_navis",1031.44436250295
"7901009",50,0,1,0.031773,1,0.009345,1,143.263625249858,1,4.84751073292235,884,1,6.17999982833862,34.8660011291504,0.0317730009555817,0,138.14990234375,-86.0409,23.5042,59.8103010953925,63,63,63,63,61,63,0,8520,1.66016505209534,24,-86,0.001869,51,2024-10-21 21:39:06.00231,884,1.037,0.0011,"aoml_navis",1031.45723144912
"7901009",50,0,1,0.033642,1,0.011214,1,143.821850374929,1,4.84746208262337,886,1,6.16599988937378,34.8650016784668,0.0336420014500618,0,138.688201904297,-86.0409,23.5042,59.8103010953925,63,63,63,63,61,63,0,8520,1.66016505209534,24,-86,0.001869,51,2024-10-21 21:39:06.00231,886,1.037,0.0011,"aoml_navis",1031.46758340275
"7901009",50,0,1,0.029904,1,0.007476,1,144.329060198587,1,4.84741275110565,888,1,6.15100002288818,34.8639984130859,0.0299040004611015,0,139.177307128906,-86.0409,23.5042,59.8103010953925,63,63,63,63,61,63,0,8520,1.66016505209534,24,-86,0.001869,51,2024-10-21 21:39:06.00231,888,1.037,0.0011,"aoml_navis",1031.47808052028
"7901009",50,0,1,0.029904,1,0.007476,1,144.986309441598,1,4.84736622003893,890,1,6.1399998664856,34.8629989624023,0.0299040004611015,0,139.811096191406,-86.0409,23.5042,59.8103010953925,63,63,63,63,61,63,0,8520,1.66016505209534,24,-86,0.001869,51,2024-10-21 21:39:06.00231,890,1.037,0.0011,"aoml_navis",1031.48798193338
"7901009",50,0,1,0.033642,1,0.011214,1,145.755463216739,1,4.8473126815645,892,1,6.11899995803833,34.8619995117188,0.0336420014500618,0,140.552795410156,-86.0409,23.5042,59.8103010953925,63,63,63,63,61,63,0,8520,1.66016505209534,24,-86,0.001869,51,2024-10-21 21:39:06.00231,892,1.037,0.0011,"aoml_navis",1031.49937469811
"7901009",50,0,4,0.022428,1,0,1,146.364925173688,1,4.84725724127847,894,1,6.09000015258789,34.8600006103516,0.0224280003458261,0,141.140502929688,-86.0409,23.5042,59.8103010953925,63,63,63,63,61,63,0,8520,1.66016505209534,24,-86,0.001869,51,2024-10-21 21:39:06.00231,894,1.037,0.0011,"aoml_navis",1031.51117242568
"7901009",50,0,1,0.028035,1,0.005607,1,146.915998029454,1,4.84720285730236,896,1,6.07299995422363,34.8600006103516,0.0280349999666214,0,141.671905517578,-86.0409,23.5042,59.8103010953925,63,63,63,63,61,63,0,8520,1.66016505209534,24,-86,0.001869,51,2024-10-21 21:39:06.00231,896,1.037,0.0011,"aoml_navis",1031.52274563204
"7901009",50,0,1,0.031773,1,0.009345,1,147.404330292757,1,4.84713871130593,898,1,6.04199981689453,34.8600006103516,0.0317730009555817,0,142.142807006836,-86.0409,23.5042,59.8103010953925,63,63,63,63,61,63,0,8520,1.66016505209534,24,-86,0.001869,51,2024-10-21 21:39:06.00231,898,1.037,0.0011,"aoml_navis",1031.53639658331
"7901009",50,0,1,0.029904,1,0.007476,1,147.672081507149,1,4.84707367379597,900.099975585938,1,6.01800012588501,34.8610000610352,0.0299040004611015,0,142.401000976562,-86.0409,23.5042,59.8103010953925,63,63,63,63,61,63,0,8520,1.66016505209534,24,-86,0.001869,51,2024-10-21 21:39:06.00231,900.099975585938,1.037,0.0011,"aoml_navis",1031.55023762704
"7901009",50,0,1,0.028035,1,0.005607,1,147.832200562668,1,4.84702772537298,902,1,6.01000022888184,34.8610000610352,0.0280349999666214,0,142.555404663086,-86.0409,23.5042,59.8103010953925,63,63,63,63,61,63,0,8520,1.66016505209534,24,-86,0.001869,51,2024-10-21 21:39:06.00231,902,1.037,0.0011,"aoml_navis",1031.56001642538
"7901009",50,0,1,0.031773,1,0.009345,1,147.944912098636,1,4.84697736668388,904,1,6.00400018692017,34.8619995117188,0.0317730009555817,0,142.664093017578,-86.0409,23.5042,59.8103010953925,63,63,63,63,61,63,0,8520,1.66016505209534,24,-86,0.001869,51,2024-10-21 21:39:06.00231,904,1.037,0.0011,"aoml_navis",1031.57073403477
"7901009",50,0,1,0.026166,1,0.003738,1,148.008380576913,1,4.84693486964953,906,1,6.00400018692017,34.8619995117188,0.0261659994721413,0,142.725296020508,-86.0409,23.5042,59.8103010953925,63,63,63,63,61,63,0,8520,1.66016505209534,24,-86,0.001869,51,2024-10-21 21:39:06.00231,906,1.037,0.0011,"aoml_navis",1031.57977865742
"7901009",50,0,1,0.029904,1,0.007476,1,148.26255513851,1,4.84689605581282,908,1,6.00400018692017,34.8610000610352,0.0299040004611015,0,142.970397949219,-86.0409,23.5042,59.8103010953925,63,63,63,63,61,63,0,8520,1.66016505209534,24,-86,0.001869,51,2024-10-21 21:39:06.00231,908,1.037,0.0011,"aoml_navis",1031.58803952554
"7901009",50,0,1,0.029904,1,0.007476,1,148.509783137662,1,4.84684082668097,910,1,5.99100017547607,34.8619995117188,0.0299040004611015,0,143.208801269531,-86.0409,23.5042,59.8103010953925,63,63,63,63,61,63,0,8520,1.66016505209534,24,-86,0.001869,51,2024-10-21 21:39:06.00231,910,1.037,0.0011,"aoml_navis",1031.59979433942
"7901009",50,0,1,0.028035,1,0.005607,1,148.874184929296,1,4.8467934602896,912,1,5.98400020599365,34.8619995117188,0.0280349999666214,0,143.560195922852,-86.0409,23.5042,59.8103010953925,63,63,63,63,61,63,0,8520,1.66016505209534,24,-86,0.001869,51,2024-10-21 21:39:06.00231,912,1.037,0.0011,"aoml_navis",1031.60987588302
"7901009",50,0,1,0.028035,1,0.005607,1,149.25860358082,1,4.84672829973975,914,1,5.96199989318848,34.8639984130859,0.0280349999666214,0,143.930892944336,-86.0409,23.5042,59.8103010953925,63,63,63,63,61,63,0,8520,1.66016505209534,24,-86,0.001869,51,2024-10-21 21:39:06.00231,914,1.037,0.0011,"aoml_navis",1031.62374508769
"7901009",50,0,1,0.028035,1,0.005607,1,149.470576588798,1,4.84667885519128,916,1,5.9520001411438,34.8639984130859,0.0280349999666214,0,144.135299682617,-86.0409,23.5042,59.8103010953925,63,63,63,63,61,63,0,8520,1.66016505209534,24,-86,0.001869,51,2024-10-21 21:39:06.00231,916,1.037,0.0011,"aoml_navis",1031.63426944298
"7901009",50,0,1,0.026166,1,0.003738,1,149.657754008279,1,4.84662433004125,918,1,5.94000005722046,34.8650016784668,0.0261659994721413,0,144.315795898438,-86.0409,23.5042,59.8103010953925,63,63,63,63,61,63,0,8520,1.66016505209534,24,-86,0.001869,51,2024-10-21 21:39:06.00231,918,1.037,0.0011,"aoml_navis",1031.64587546183
"7901009",50,0,1,0.029904,1,0.007476,1,149.944382783027,1,4.84657905977896,920,1,5.93599987030029,34.8650016784668,0.0299040004611015,0,144.592193603516,-86.0409,23.5042,59.8103010953925,63,63,63,63,61,63,0,8520,1.66016505209534,24,-86,0.001869,51,2024-10-21 21:39:06.00231,920,1.037,0.0011,"aoml_navis",1031.65551171841
"7901009",50,0,1,0.029904,1,0.007476,1,150.529064975083,1,4.84651879278938,922,1,5.9210000038147,34.867000579834,0.0299040004611015,0,145.156005859375,-86.0409,23.5042,59.8103010953925,63,63,63,63,61,63,0,8520,1.66016505209534,24,-86,0.001869,51,2024-10-21 21:39:06.00231,922,1.037,0.0011,"aoml_navis",1031.66834046718
"7901009",50,0,1,0.029904,1,0.007476,1,151.064472462239,1,4.8464645075691,924,1,5.90399980545044,34.867000579834,0.0299040004611015,0,145.672302246094,-86.0409,23.5042,59.8103010953925,63,63,63,63,61,63,0,8520,1.66016505209534,24,-86,0.001869,51,2024-10-21 21:39:06.00231,924,1.037,0.0011,"aoml_navis",1031.67989617816
"7901009",50,0,1,0.029904,1,0.007476,1,151.532993572512,1,4.8464116184956,926,1,5.88899993896484,34.867000579834,0.0299040004611015,0,146.124099731445,-86.0409,23.5042,59.8103010953925,63,63,63,63,61,63,0,8520,1.66016505209534,24,-86,0.001869,51,2024-10-21 21:39:06.00231,926,1.037,0.0011,"aoml_navis",1031.69115493993
"7901009",50,0,1,0.031773,1,0.009345,1,152.159244374001,1,4.84633339182232,928,1,5.84800004959106,34.8689994812012,0.0317730009555817,0,146.727996826172,-86.0409,23.5042,59.8103010953925,63,63,63,63,61,63,0,8520,1.66016505209534,24,-86,0.001869,51,2024-10-21 21:39:06.00231,928,1.037,0.0011,"aoml_navis",1031.7078078939
"7901009",50,0,1,0.031773,1,0.009345,1,152.460494159451,1,4.84627616106275,930,1,5.83199977874756,34.8699989318848,0.0317730009555817,0,147.018493652344,-86.0409,23.5042,59.8103010953925,63,63,63,63,61,63,0,8520,1.66016505209534,24,-86,0.001869,51,2024-10-21 21:39:06.00231,930,1.037,0.0011,"aoml_navis",1031.71999156225
"7901009",50,0,1,0.028035,1,0.005607,1,152.807790634451,1,4.84622100928109,932,1,5.81899976730347,34.8709983825684,0.0280349999666214,0,147.353393554688,-86.0409,23.5042,59.8103010953925,63,63,63,63,61,63,0,8520,1.66016505209534,24,-86,0.001869,51,2024-10-21 21:39:06.00231,932,1.037,0.0011,"aoml_navis",1031.7317329161
"7901009",50,0,1,0.024297,1,0.001869,1,153.211609025284,1,4.84615803204337,934,1,5.80000019073486,34.8730010986328,0.0242970008403063,0,147.742797851562,-86.0409,23.5042,59.8103010953925,63,63,63,63,61,63,0,8520,1.66016505209534,24,-86,0.001869,51,2024-10-21 21:39:06.00231,934,1.037,0.0011,"aoml_navis",1031.74514057103
"7901009",50,0,1,0.028035,1,0.005607,1,153.574665810522,1,4.84609807390808,936,1,5.78000020980835,34.8740005493164,0.0280349999666214,0,148.092895507812,-86.0409,23.5042,59.8103010953925,63,63,63,63,61,63,0,8520,1.66016505209534,24,-86,0.001869,51,2024-10-21 21:39:06.00231,936,1.037,0.0011,"aoml_navis",1031.7579057924
"7901009",50,0,1,0.028035,1,0.005607,1,154.097018823836,1,4.84605144405313,938,1,5.77400016784668,34.8740005493164,0.0280349999666214,0,148.596603393555,-86.0409,23.5042,59.8103010953925,63,63,63,63,61,63,0,8520,1.66016505209534,24,-86,0.001869,51,2024-10-21 21:39:06.00231,938,1.037,0.0011,"aoml_navis",1031.76783361138
"7901009",50,0,1,0.026166,1,0.003738,1,154.64818662123,1,4.8459860043173,940,1,5.74599981307983,34.875,0.0261659994721413,0,149.12809753418,-86.0409,23.5042,59.8103010953925,63,63,63,63,61,63,0,8520,1.66016505209534,24,-86,0.001869,51,2024-10-21 21:39:06.00231,940,1.037,0.0011,"aoml_navis",1031.78176650644
"7901009",50,0,1,0.028035,1,0.005607,1,155.101263893359,1,4.84591485619212,942,1,5.71500015258789,34.8769989013672,0.0280349999666214,0,149.565002441406,-86.0409,23.5042,59.8103010953925,63,63,63,63,61,63,0,8520,1.66016505209534,24,-86,0.001869,51,2024-10-21 21:39:06.00231,942,1.037,0.0011,"aoml_navis",1031.7969152122
"7901009",50,0,1,0.028035,1,0.005607,1,155.410077361834,1,4.84586618000191,944,1,5.70599985122681,34.8769989013672,0.0280349999666214,0,149.86279296875,-86.0409,23.5042,59.8103010953925,63,63,63,63,61,63,0,8520,1.66016505209534,24,-86,0.001869,51,2024-10-21 21:39:06.00231,944,1.037,0.0011,"aoml_navis",1031.80727949818
"7901009",50,0,1,0.035511,1,0.013083,1,155.812028567318,1,4.84580902945319,946,1,5.69000005722046,34.8779983520508,0.0355109982192516,0,150.250396728516,-86.0409,23.5042,59.8103010953925,63,63,63,63,61,63,0,8520,1.66016505209534,24,-86,0.001869,51,2024-10-21 21:39:06.00231,946,1.037,0.0011,"aoml_navis",1031.8194484367
"7901009",50,0,1,0.033642,1,0.011214,1,156.295692867247,1,4.84575118909559,948,1,5.6729998588562,34.8790016174316,0.0336420014500618,0,150.716796875,-86.0409,23.5042,59.8103010953925,63,63,63,63,61,63,0,8520,1.66016505209534,24,-86,0.001869,51,2024-10-21 21:39:06.00231,948,1.037,0.0011,"aoml_navis",1031.83176454695
"7901009",50,0,1,0.026166,1,0.003738,1,156.708942126456,1,4.84569268960358,950,1,5.65500020980835,34.8800010681152,0.0261659994721413,0,151.115295410156,-86.0409,23.5042,59.8103010953925,63,63,63,63,61,63,0,8520,1.66016505209534,24,-86,0.001869,51,2024-10-21 21:39:06.00231,950,1.037,0.0011,"aoml_navis",1031.84422130761
"7901009",50,0,1,0.029904,1,0.007476,1,157.065368821342,1,4.84562232700762,952,1,5.625,34.8819999694824,0.0299040004611015,0,151.458999633789,-86.0409,23.5042,59.8103010953925,63,63,63,63,61,63,0,8520,1.66016505209534,24,-86,0.001869,51,2024-10-21 21:39:06.00231,952,1.037,0.0011,"aoml_navis",1031.8592045715
"7901009",50,0,1,0.028035,1,0.005607,1,157.325667117941,1,4.84557231337157,954,1,5.61399984359741,34.8819999694824,0.0280349999666214,0,151.710006713867,-86.0409,23.5042,59.8103010953925,63,63,63,63,61,63,0,8520,1.66016505209534,24,-86,0.001869,51,2024-10-21 21:39:06.00231,954,1.037,0.0011,"aoml_navis",1031.86985491936
"7901009",50,0,1,0.029904,1,0.007476,1,157.505787209746,1,4.84551657762151,956,1,5.59999990463257,34.882999420166,0.0299040004611015,0,151.883697509766,-86.0409,23.5042,59.8103010953925,63,63,63,63,61,63,0,8520,1.66016505209534,24,-86,0.001869,51,2024-10-21 21:39:06.00231,956,1.037,0.0011,"aoml_navis",1031.88172404403
"7901009",50,0,1,0.031773,1,0.009345,1,157.770436997625,1,4.84546657386353,958,1,5.58900022506714,34.882999420166,0.0317730009555817,0,152.138900756836,-86.0409,23.5042,59.8103010953925,63,63,63,63,61,63,0,8520,1.66016505209534,24,-86,0.001869,51,2024-10-21 21:39:06.00231,958,1.037,0.0011,"aoml_navis",1031.89237275313
"7901009",50,0,1,0.031773,1,0.009345,1,158.023361494454,1,4.84542066027781,960,1,5.58400011062622,34.882999420166,0.0317730009555817,0,152.382797241211,-86.0409,23.5042,59.8103010953925,63,63,63,63,61,63,0,8520,1.66016505209534,24,-86,0.001869,51,2024-10-21 21:39:06.00231,960,1.037,0.0011,"aoml_navis",1031.90215062015
"7901009",50,0,1,0.028035,1,0.005607,1,158.38559545225,1,4.84536834284538,962,1,5.57499980926514,34.8839988708496,0.0280349999666214,0,152.73210144043,-86.0409,23.5042,59.8103010953925,63,63,63,63,61,63,0,8520,1.66016505209534,24,-86,0.001869,51,2024-10-21 21:39:06.00231,962,1.037,0.0011,"aoml_navis",1031.91329249157
"7901009",50,0,1,0.026166,1,0.003738,1,158.63913706966,1,4.84531058487451,964,1,5.55800008773804,34.8849983215332,0.0261659994721413,0,152.976593017578,-86.0409,23.5042,59.8103010953925,63,63,63,63,61,63,0,8520,1.66016505209534,24,-86,0.001869,51,2024-10-21 21:39:06.00231,964,1.037,0.0011,"aoml_navis",1031.925593296
"7901009",50,0,1,0.033642,1,0.011214,1,158.801028368901,1,4.84526195698217,966,1,5.54899978637695,34.8849983215332,0.0336420014500618,0,153.132705688477,-86.0409,23.5042,59.8103010953925,63,63,63,63,61,63,0,8520,1.66016505209534,24,-86,0.001869,51,2024-10-21 21:39:06.00231,966,1.037,0.0011,"aoml_navis",1031.93594988086
"7901009",50,0,1,0.026166,1,0.003738,1,159.043366874214,1,4.84521741218572,968,1,5.5460000038147,34.8849983215332,0.0261659994721413,0,153.366394042969,-86.0409,23.5042,59.8103010953925,63,63,63,63,61,63,0,8520,1.66016505209534,24,-86,0.001869,51,2024-10-21 21:39:06.00231,968,1.037,0.0011,"aoml_navis",1031.94543704582
"7901009",50,0,1,0.028035,1,0.005607,1,159.399698627473,1,4.84517150876756,970,1,5.54099988937378,34.8849983215332,0.0280349999666214,0,153.710006713867,-86.0409,23.5042,59.8103010953925,63,63,63,63,61,63,0,8520,1.66016505209534,24,-86,0.001869,51,2024-10-21 21:39:06.00231,970,1.037,0.0011,"aoml_navis",1031.95521375296
"7901009",50,0,1,0.026166,1,0.003738,1,159.912082769854,1,4.84512220803897,972,1,5.5310001373291,34.8849983215332,0.0261659994721413,0,154.2041015625,-86.0409,23.5042,59.8103010953925,63,63,63,63,61,63,0,8520,1.66016505209534,24,-86,0.001869,51,2024-10-21 21:39:06.00231,972,1.037,0.0011,"aoml_navis",1031.9657142402
"7901009",50,0,1,0.033642,1,0.011214,1,160.40674447502,1,4.84506378137373,974,1,5.51300001144409,34.8860015869141,0.0336420014500618,0,154.681106567383,-86.0409,23.5042,59.8103010953925,63,63,63,63,61,63,0,8520,1.66016505209534,24,-86,0.001869,51,2024-10-21 21:39:06.00231,974,1.037,0.0011,"aoml_navis",1031.9781587235
"7901009",50,0,1,0.031773,1,0.009345,1,160.745939264436,1,4.84500470195662,976,1,5.49399995803833,34.8870010375977,0.0317730009555817,0,155.008193969727,-86.0409,23.5042,59.8103010953925,63,63,63,63,61,63,0,8520,1.66016505209534,24,-86,0.001869,51,2024-10-21 21:39:06.00231,976,1.037,0.0011,"aoml_navis",1031.99074254371
"7901009",50,0,1,0.033642,1,0.011214,1,164.616392963407,1,4.84441791561226,999.200012207031,1,5.38259983062744,34.8919982910156,0.0336420014500618,0,158.740493774414,-86.0409,23.5042,59.8103010953925,63,63,63,63,61,63,0,8520,1.66016505209534,24,-86,0.001869,51,2024-10-21 21:39:06.00231,999.200012207031,1.037,0.0011,"aoml_navis",1032.11574374835
"7901009",50,0,1,0.024297,1,0.001869,1,171.432189138714,1,4.84316576910542,1049.80004882812,1,5.16270017623901,34.9000015258789,0.0242970008403063,0,165.313003540039,-86.0409,23.5042,59.8103010953925,63,63,63,63,61,63,0,8520,1.66016505209534,24,-86,0.001869,51,2024-10-21 21:39:06.00231,1049.80004882812,1.037,0.0011,"aoml_navis",1032.3825857655
"7901009",50,0,1,0.028035,1,0.005607,1,179.959260686803,1,4.84191267219406,1099.59997558594,1,4.91849994659424,34.9090003967285,0.0280349999666214,0,173.535705566406,-86.0409,23.5042,59.8103010953925,63,63,63,63,61,63,0,8520,1.66016505209534,24,-86,0.001869,51,2024-10-21 21:39:06.00231,1099.59997558594,1.037,0.0011,"aoml_navis",1032.64976849207
"7901009",50,0,1,0.033642,1,0.011214,1,187.102526360476,1,4.84066920808803,1149.80004882812,1,4.69309997558594,34.9169998168945,0.0336420014500618,0,180.42399597168,-86.0409,23.5042,59.8103010953925,63,63,63,63,61,63,0,8520,1.66016505209534,24,-86,0.001869,51,2024-10-21 21:39:06.00231,1149.80004882812,1.037,0.0011,"aoml_navis",1032.91503407127
"7901009",50,0,1,0.028035,1,0.005607,1,190.820029096837,1,4.83950994750822,1199.30004882812,1,4.55429983139038,34.9220008850098,0.0280349999666214,0,184.008804321289,-86.0409,23.5042,59.8103010953925,63,63,63,63,61,63,0,8520,1.66016505209534,24,-86,0.001869,51,2024-10-21 21:39:06.00231,1199.30004882812,1.037,0.0011,"aoml_navis",1033.16245947059
"7901009",50,0,1,0.024297,1,0.001869,1,193.113597297373,1,4.83840367851802,1249.40002441406,1,4.49730014801025,34.923999786377,0.0242970008403063,0,186.220504760742,-86.0409,23.5042,59.8103010953925,63,63,63,63,61,63,0,8520,1.66016505209534,24,-86,0.001869,51,2024-10-21 21:39:06.00231,1249.40002441406,1.037,0.0011,"aoml_navis",1033.39868523155
"7901009",50,0,1,0.024297,1,0.001869,1,194.937805736589,1,4.83731487245216,1299.69995117188,1,4.47139978408813,34.9259986877441,0.0242970008403063,0,187.979598999023,-86.0409,23.5042,59.8103010953925,63,63,63,63,61,63,0,8520,1.66016505209534,24,-86,0.001869,51,2024-10-21 21:39:06.00231,1299.69995117188,1.037,0.0011,"aoml_navis",1033.63128757119
"7901009",50,0,1,0.022428,1,0,1,197.385163550781,1,4.83622184484041,1349.19995117188,1,4.41160011291504,34.9280014038086,0.0224280003458261,0,190.339599609375,-86.0409,23.5042,59.8103010953925,63,63,63,63,61,63,0,8520,1.66016505209534,24,-86,0.001869,51,2024-10-21 21:39:06.00231,1349.19995117188,1.037,0.0011,"aoml_navis",1033.86489710647
"7901009",50,0,1,0.028035,1,0.005607,1,198.606144533283,1,4.83513433284278,1399.30004882812,1,4.37739992141724,34.9300003051758,0.0280349999666214,0,191.516998291016,-86.0409,23.5042,59.8103010953925,63,63,63,63,61,63,0,8520,1.66016505209534,24,-86,0.001869,51,2024-10-21 21:39:06.00231,1399.30004882812,1.037,0.0011,"aoml_navis",1034.09743262713
"7901009",50,0,1,0.028035,1,0.005607,1,199.440428265191,1,4.83407575376415,1449,1,4.36639976501465,34.9309997558594,0.0280349999666214,0,192.321502685547,-86.0409,23.5042,59.8103010953925,63,63,63,63,61,63,0,8520,1.66016505209534,24,-86,0.001869,51,2024-10-21 21:39:06.00231,1449,1.037,0.0011,"aoml_navis",1034.32388210024
"7901009",50,0,1,0.031773,1,0.009345,1,200.172032626482,1,4.8330183517724,1498.90002441406,1,4.35580015182495,34.9309997558594,0.0317730009555817,0,193.026992797852,-86.0409,23.5042,59.8103010953925,63,63,63,63,61,63,0,8520,1.66016505209534,24,-86,0.001869,51,2024-10-21 21:39:06.00231,1498.90002441406,1.037,0.0011,"aoml_navis",1034.55017880625
"7901009",50,0,1,0.028035,1,0.005607,1,200.691996275494,1,4.83194181505217,1549.5,1,4.34189987182617,34.931999206543,0.0280349999666214,0,193.528396606445,-86.0409,23.5042,59.8103010953925,63,63,63,63,61,63,0,8520,1.66016505209534,24,-86,0.001869,51,2024-10-21 21:39:06.00231,1549.5,1.037,0.0011,"aoml_navis",1034.7806723219
"7901009",50,0,1,0.031773,1,0.009345,1,201.013785099787,1,4.83088965005983,1599.59997558594,1,4.3407998085022,34.931999206543,0.0317730009555817,0,193.83869934082,-86.0409,23.5042,59.8103010953925,63,63,63,63,61,63,0,8520,1.66016505209534,24,-86,0.001869,51,2024-10-21 21:39:06.00231,1599.59997558594,1.037,0.0011,"aoml_navis",1035.00604695826
"7901009",50,0,1,0.026166,1,0.003738,1,201.344071199782,1,4.8298325706216,1649.69995117188,1,4.33559989929199,34.9329986572266,0.0261659994721413,0,194.157196044922,-86.0409,23.5042,59.8103010953925,63,63,63,63,61,63,0,8520,1.66016505209534,24,-86,0.001869,51,2024-10-21 21:39:06.00231,1649.69995117188,1.037,0.0011,"aoml_navis",1035.23257315657
"7901009",50,0,4,0.020559,1,-0.001869,1,201.97956298639,1,4.82878986280364,1699.30004882812,1,4.32859992980957,34.9329986572266,0.020558999851346,0,194.770004272461,-86.0409,23.5042,59.8103010953925,63,63,63,63,61,63,0,8520,1.66016505209534,24,-86,0.001869,51,2024-10-21 21:39:06.00231,1699.30004882812,1.037,0.0011,"aoml_navis",1035.45611676234
"7901009",50,0,1,0.033642,1,0.011214,1,202.761992765838,1,4.82773468148549,1749.40002441406,1,4.32180023193359,34.9339981079102,0.0336420014500618,0,195.524505615234,-86.0409,23.5042,59.8103010953925,63,63,63,63,61,63,0,8520,1.66016505209534,24,-86,0.001869,51,2024-10-21 21:39:06.00231,1749.40002441406,1.037,0.0011,"aoml_navis",1035.68243283442
"7901009",50,0,1,0.028035,1,0.005607,1,203.022797417786,1,4.82668307319184,1799.69995117188,1,4.31869983673096,34.9339981079102,0.0280349999666214,0,195.776000976562,-86.0409,23.5042,59.8103010953925,63,63,63,63,61,63,0,8520,1.66016505209534,24,-86,0.001869,51,2024-10-21 21:39:06.00231,1799.69995117188,1.037,0.0011,"aoml_navis",1035.90808101132
"7901009",50,0,1,0.029904,1,0.007476,1,203.310043313115,1,4.8256617825007,1848.5,1,4.31729984283447,34.935001373291,0.0299040004611015,0,196.052993774414,-86.0409,23.5042,59.8103010953925,63,63,63,63,61,63,0,8520,1.66016505209534,24,-86,0.001869,51,2024-10-21 21:39:06.00231,1848.5,1.037,0.0011,"aoml_navis",1036.12731794248
"7901009",50,0,1,0.026166,1,0.003738,1,203.496714377247,1,4.82460983053966,1899.09997558594,1,4.31820011138916,34.935001373291,0.0261659994721413,0,196.233001708984,-86.0409,23.5042,59.8103010953925,63,63,63,63,61,63,0,8520,1.66016505209534,24,-86,0.001869,51,2024-10-21 21:39:06.00231,1899.09997558594,1.037,0.0011,"aoml_navis",1036.35323386155
"7901009",50,0,1,0.033642,1,0.011214,1,203.397263021981,1,4.82358516503412,1948.5,1,4.32019996643066,34.935001373291,0.0336420014500618,0,196.137100219727,-86.0409,23.5042,59.8103010953925,63,63,63,63,61,63,0,8520,1.66016505209534,24,-86,0.001869,51,2024-10-21 21:39:06.00231,1948.5,1.037,0.0011,"aoml_navis",1036.57338451173
"7901009",50,0,1,0.029904,1,0.007476,1,202.637239466727,1,4.8225715195821,1997.40002441406,1,4.32100009918213,34.935001373291,0.0299040004611015,0,195.404205322266,-86.0409,23.5042,59.8103010953925,63,63,63,63,61,63,0,8520,1.66016505209534,24,-86,0.001869,51,2024-10-21 21:39:06.00231,1997.40002441406,1.037,0.0011,"aoml_navis",1036.79125953808
"7901009",51,0.0596669589418098,1,0.121485,1,0.099057,1,190.762015127398,1,4.88835857359652,2,1,29.2560005187988,36.1339988708496,0.121485002338886,0.108401998877525,183.95280456543,-85.9291,23.6456,51.9619379239998,63,63,63,63,61,63,0.099057,8520,1.66016505209534,24,-86,0.001869,51,2024-11-01 02:42:23.000276,2,1.037,0.0011,"aoml_navis",1022.83822365374
"7901009",51,0.0574153755855151,1,0.117747,1,0.095319,1,190.705493194184,1,4.88831936936352,4,1,29.2569999694824,36.1339988708496,0.117747001349926,0.104663997888565,183.898300170898,-85.9291,23.6456,51.9619379239998,63,63,63,63,61,63,0.095319,8520,1.66016505209534,24,-86,0.001869,51,2024-11-01 02:42:23.000276,4,1.037,0.0011,"aoml_navis",1022.84642679781
"7901009",51,0.0529122088729256,1,0.110271,1,0.087843,1,190.805261052222,1,4.88828016759468,6,1,29.257999420166,36.1339988708496,0.110270999372005,0.0971880033612251,183.994506835938,-85.9291,23.6456,51.9619379239998,63,63,63,63,61,63,0.087843,8520,1.66016505209534,24,-86,0.001869,51,2024-11-01 02:42:23.000276,6,1.037,0.0011,"aoml_navis",1022.85462955784
"7901009",51,0.0551637922292203,1,0.114009,1,0.091581,1,190.729972318115,1,4.88824097136619,8,1,29.2590007781982,36.1339988708496,0.114009000360966,0.100925996899605,183.921905517578,-85.9291,23.6456,51.9619379239998,63,63,63,63,61,63,0.091581,8520,1.66016505209534,24,-86,0.001869,51,2024-11-01 02:42:23.000276,8,1.037,0.0011,"aoml_navis",1022.86283129012
"7901009",51,0.0529122088729256,1,0.110271,1,0.087843,1,190.845911905085,1,4.88820536152734,10,1,29.2600002288818,36.132999420166,0.110270999372005,0.0971880033612251,184.033706665039,-85.9291,23.6456,51.9619379239998,63,63,63,63,61,63,0.087843,8520,1.66016505209534,24,-86,0.001869,51,2024-11-01 02:42:23.000276,10,1.037,0.0011,"aoml_navis",1022.87028269159
"7901009",51,0.0529122088729256,1,0.110271,1,0.087843,1,190.861466513245,1,4.88816139609297,11.8999996185303,1,29.2590007781982,36.1339988708496,0.110270999372005,0.0971880033612251,184.048706054688,-85.9291,23.6456,51.9619379239998,63,63,63,63,61,63,0.087843,8520,1.66016505209534,24,-86,0.001869,51,2024-11-01 02:42:23.000276,11.8999996185303,1.037,0.0011,"aoml_navis",1022.87948266119
"7901009",51,0.0506606255166309,1,0.106533,1,0.084105,1,190.791146392528,1,4.88812016373352,14,1,29.2600002288818,36.1339988708496,0.106532998383045,0.0934500023722649,183.980895996094,-85.9291,23.6456,51.9619379239998,63,63,63,63,61,63,0.084105,8520,1.66016505209534,24,-86,0.001869,51,2024-11-01 02:42:23.000276,14,1.037,0.0011,"aoml_navis",1022.88811087267
"7901009",51,0.0529122088729256,1,0.110271,1,0.087843,1,190.761081534436,1,4.88807774960091,16,1,29.2590007781982,36.1339988708496,0.110270999372005,0.0971880033612251,183.951904296875,-85.9291,23.6456,51.9619379239998,63,63,63,63,61,63,0.087843,8520,1.66016505209534,24,-86,0.001869,51,2024-11-01 02:42:23.000276,16,1.037,0.0011,"aoml_navis",1022.89698653182
"7901009",51,0.054038000551073,1,0.11214,1,0.089712,1,190.72384858123,1,4.88803695000073,18,1,29.2590007781982,36.1339988708496,0.112139999866486,0.0990569964051247,183.916000366211,-85.9291,23.6456,51.9619379239998,63,63,63,63,61,63,0.089712,8520,1.66016505209534,24,-86,0.001869,51,2024-11-01 02:42:23.000276,18,1.037,0.0011,"aoml_navis",1022.90552447629
"7901009",51,0.054038000551073,1,0.11214,1,0.089712,1,190.792712929871,1,4.88799776506898,20,1,29.2600002288818,36.1339988708496,0.112139999866486,0.0990569964051247,183.982406616211,-85.9291,23.6456,51.9619379239998,63,63,63,63,61,63,0.089712,8520,1.66016505209534,24,-86,0.001869,51,2024-11-01 02:42:23.000276,20,1.037,0.0011,"aoml_navis",1022.91372466072
"7901009",51,0.0484090421603362,4,0.102795,1,0.080367,1,190.769578812749,1,4.88795338383492,22,1,29.2600002288818,36.1349983215332,0.102794997394085,0.0897120013833046,183.960098266602,-85.9291,23.6456,51.9619379239998,63,63,63,63,61,63,0.080367,8520,1.66016505209534,24,-86,0.001869,51,2024-11-01 02:42:23.000276,22,1.037,0.0011,"aoml_navis",1022.92301242799
"7901009",51,0.0551637922292203,1,0.114009,1,0.091581,1,190.727377246153,1,4.88791420385751,24,1,29.2609996795654,36.1349983215332,0.114009000360966,0.100925996899605,183.919403076172,-85.9291,23.6456,51.9619379239998,63,63,63,63,61,63,0.091581,8520,1.66016505209534,24,-86,0.001869,51,2024-11-01 02:42:23.000276,24,1.037,0.0011,"aoml_navis",1022.93121185598
"7901009",51,0.0562895839073677,1,0.115878,1,0.09345,1,190.790323564833,1,4.88787341379887,26,1,29.2609996795654,36.1349983215332,0.115878000855446,0.102794997394085,183.980102539062,-85.9291,23.6456,51.9619379239998,63,63,63,63,61,63,0.09345,8520,1.66016505209534,24,-86,0.001869,51,2024-11-01 02:42:23.000276,26,1.037,0.0011,"aoml_navis",1022.93974837495
"7901009",51,0.0596669589418098,1,0.121485,1,0.099057,1,190.710983986688,1,4.88783782468485,28,1,29.261999130249,36.1339988708496,0.121485002338886,0.108401998877525,183.903594970703,-85.9291,23.6456,51.9619379239998,63,63,63,63,61,63,0.099057,8520,1.66016505209534,24,-86,0.001869,51,2024-11-01 02:42:23.000276,28,1.037,0.0011,"aoml_navis",1022.94719655973
"7901009",51,0.054038000551073,1,0.11214,1,0.089712,1,190.770828877901,1,4.88779865497775,30,1,29.2630004882812,36.1339988708496,0.112139999866486,0.0990569964051247,183.961303710938,-85.9291,23.6456,51.9619379239998,63,63,63,63,61,63,0.089712,8520,1.66016505209534,24,-86,0.001869,51,2024-11-01 02:42:23.000276,30,1.037,0.0011,"aoml_navis",1022.95539422598
"7901009",51,0.054038000551073,1,0.11214,1,0.089712,1,190.719908502459,1,4.8877578719068,32,1,29.2630004882812,36.1339988708496,0.112139999866486,0.0990569964051247,183.912200927734,-85.9291,23.6456,51.9619379239998,63,63,63,63,61,63,0.089712,8520,1.66016505209534,24,-86,0.001869,51,2024-11-01 02:42:23.000276,32,1.037,0.0011,"aoml_navis",1022.96392968611
"7901009",51,0.0562895839073677,1,0.115878,1,0.09345,1,190.74272614739,1,4.8877187039632,34,1,29.2639999389648,36.1339988708496,0.115878000855446,0.102794997394085,183.934204101562,-85.9291,23.6456,51.9619379239998,63,63,63,63,61,63,0.09345,8520,1.66016505209534,24,-86,0.001869,51,2024-11-01 02:42:23.000276,34,1.037,0.0011,"aoml_navis",1022.97212725146
"7901009",51,0.054038000551073,1,0.11214,1,0.089712,1,190.702486708375,1,4.8876779256064,36,1,29.2639999389648,36.1339988708496,0.112139999866486,0.0990569964051247,183.895401000977,-85.9291,23.6456,51.9619379239998,63,63,63,63,61,63,0.089712,8520,1.66016505209534,24,-86,0.001869,51,2024-11-01 02:42:23.000276,36,1.037,0.0011,"aoml_navis",1022.98066200417
"7901009",51,0.0574153755855151,1,0.117747,1,0.095319,1,190.739197482467,1,4.88763876250287,38,1,29.2649993896484,36.1339988708496,0.117747001349926,0.104663997888565,183.930801391602,-85.9291,23.6456,51.9619379239998,63,63,63,63,61,63,0.095319,8520,1.66016505209534,24,-86,0.001869,51,2024-11-01 02:42:23.000276,38,1.037,0.0011,"aoml_navis",1022.98885882466
"7901009",51,0.0529122088729256,1,0.110271,1,0.087843,1,190.75994223455,1,4.88759798885934,40,1,29.2649993896484,36.1339988708496,0.110270999372005,0.0971880033612251,183.950805664062,-85.9291,23.6456,51.9619379239998,63,63,63,63,61,63,0.087843,8520,1.66016505209534,24,-86,0.001869,51,2024-11-01 02:42:23.000276,40,1.037,0.0011,"aoml_navis",1022.99739287005
"7901009",51,0.0551637922292203,1,0.114009,1,0.091581,1,190.674906156978,1,4.88755883367333,42,1,29.2660007476807,36.1339988708496,0.114009000360966,0.100925996899605,183.868804931641,-85.9291,23.6456,51.9619379239998,63,63,63,63,61,63,0.091581,8520,1.66016505209534,24,-86,0.001869,51,2024-11-01 02:42:23.000276,42,1.037,0.0011,"aoml_navis",1023.00558830146
"7901009",51,0.0765538341140201,1,0.14952,1,0.127092,1,190.594110806757,1,4.88751806474228,44,1,29.2660007476807,36.1339988708496,0.149519994854927,0.136436998844147,183.790893554688,-85.9291,23.6456,51.9619379239998,63,63,63,63,61,63,0.127092,8520,1.66016505209534,24,-86,0.001869,51,2024-11-01 02:42:23.000276,44,1.037,0.0011,"aoml_navis",1023.0141216396
"7901009",51,0.0574153755855151,1,0.117747,1,0.095319,1,190.636533903886,1,4.8874789113163,46,1,29.2670001983643,36.1339988708496,0.117747001349926,0.104663997888565,183.831802368164,-85.9291,23.6456,51.9619379239998,63,63,63,63,61,63,0.095319,8520,1.66016505209534,24,-86,0.001869,51,2024-11-01 02:42:23.000276,46,1.037,0.0011,"aoml_navis",1023.02231697065
"7901009",51,0.0551637922292203,1,0.114009,1,0.091581,1,190.669921719978,1,4.88743814709677,48,1,29.2670001983643,36.1339988708496,0.114009000360966,0.100925996899605,183.863998413086,-85.9291,23.6456,51.9619379239998,63,63,63,63,61,63,0.091581,8520,1.66016505209534,24,-86,0.001869,51,2024-11-01 02:42:23.000276,48,1.037,0.0011,"aoml_navis",1023.03084960167
"7901009",51,0.0585411672636624,1,0.119616,1,0.097188,1,190.583857107787,1,4.887395347208,50.0999984741211,1,29.2670001983643,36.1339988708496,0.119616001844406,0.106532998383045,183.781005859375,-85.9291,23.6456,51.9619379239998,63,63,63,63,61,63,0.097188,8520,1.66016505209534,24,-86,0.001869,51,2024-11-01 02:42:23.000276,50.0999984741211,1.037,0.0011,"aoml_navis",1023.03980848538
"7901009",51,0.0596669589418098,1,0.121485,1,0.099057,1,190.38402074313,1,4.88734047110916,52.2999992370605,1,29.2630004882812,36.1349983215332,0.121485002338886,0.108401998877525,183.588302612305,-85.9291,23.6456,51.9619379239998,63,63,63,63,61,63,0.099057,8520,1.66016505209534,24,-86,0.001869,51,2024-11-01 02:42:23.000276,52.2999992370605,1.037,0.0011,"aoml_navis",1023.05129539405
"7901009",51,0.088937542573641,1,0.170079,1,0.147651,1,189.166979463945,1,4.88697439844487,53.7999992370605,1,29.2240009307861,36.2109985351562,0.170078992843628,0.156995996832848,182.414703369141,-85.9291,23.6456,51.9619379239998,63,63,63,63,61,63,0.147651,8520,1.66016505209534,24,-86,0.001869,51,2024-11-01 02:42:23.000276,53.7999992370605,1.037,0.0011,"aoml_navis",1023.12792995009
"7901009",51,0.130591834665093,1,0.239232,1,0.216804,1,188.627410202846,1,4.88648789175802,56,1,29.1480007171631,36.2999992370605,0.239232003688812,0.226148992776871,181.894393920898,-85.9291,23.6456,51.9619379239998,63,63,63,63,61,63,0.216804,8520,1.66016505209534,24,-86,0.001869,51,2024-11-01 02:42:23.000276,56,1.037,0.0011,"aoml_navis",1023.22979423185
"7901009",51,0.15761083494063,1,0.284088,1,0.26166,1,188.756831505128,1,4.88589314004495,58.4000015258789,1,28.9400005340576,36.359001159668,0.284087985754013,0.271005004644394,182.019195556641,-85.9291,23.6456,51.9619379239998,63,63,63,63,61,63,0.26166,8520,1.66016505209534,24,-86,0.001869,51,2024-11-01 02:42:23.000276,58.4000015258789,1.037,0.0011,"aoml_navis",1023.35435030697
"7901009",51,0.16999454340025,1,0.304647,1,0.282219,1,187.63395652621,1,4.88568382691161,59.7999992370605,1,28.8540000915527,36.3709983825684,0.304646998643875,0.291563987731934,180.936401367188,-85.9291,23.6456,51.9619379239998,63,63,63,63,61,63,0.282219,8520,1.66016505209534,24,-86,0.001869,51,2024-11-01 02:42:23.000276,59.7999992370605,1.037,0.0011,"aoml_navis",1023.39819299372
"7901009",51,0.198139335353934,1,0.351372,1,0.328944,1,185.640181726407,1,4.88535955211741,62,1,28.742000579834,36.398998260498,0.351372003555298,0.338288992643356,179.013793945312,-85.9291,23.6456,51.9619379239998,63,63,63,63,61,63,0.328944,8520,1.66016505209534,24,-86,0.001869,51,2024-11-01 02:42:23.000276,62,1.037,0.0011,"aoml_navis",1023.46612294542
"7901009",51,0.23416466905465,1,0.41118,1,0.388752,1,184.371713716274,1,4.88502187253687,64,1,28.6119995117188,36.423999786377,0.41117998957634,0.398097008466721,177.790603637695,-85.9291,23.6456,51.9619379239998,63,63,63,63,61,63,0.388752,8520,1.66016505209534,24,-86,0.001869,51,2024-11-01 02:42:23.000276,64,1.037,0.0011,"aoml_navis",1023.53687055313
"7901009",51,0.248799960870565,1,0.435477,1,0.413049,1,183.227461040892,1,4.88477793637158,66,1,28.5,36.4309997558594,0.435476988554001,0.422394007444382,176.687194824219,-85.9291,23.6456,51.9619379239998,63,63,63,63,61,63,0.413049,8520,1.66016505209534,24,-86,0.001869,51,2024-11-01 02:42:23.000276,66,1.037,0.0011,"aoml_navis",1023.58798396351
"7901009",51,0.332108545053469,1,0.573783,1,0.551355,1,182.370786644967,1,4.88438830044173,68,1,28.306999206543,36.443000793457,0.573782980442047,0.560699999332428,175.861099243164,-85.9291,23.6456,51.9619379239998,63,63,63,63,61,63,0.551355,8520,1.66016505209534,24,-86,0.001869,51,2024-11-01 02:42:23.000276,68,1.037,0.0011,"aoml_navis",1023.66963731115
"7901009",51,0.436807171121173,1,0.7476,1,0.725172,1,181.699533305423,1,4.88418026750018,70,1,28.2169990539551,36.4500007629395,0.747600018978119,0.734516978263855,175.213806152344,-85.9291,23.6456,51.9619379239998,63,63,63,63,61,63,0.725172,8520,1.66016505209534,24,-86,0.001869,51,2024-11-01 02:42:23.000276,70,1.037,0.0011,"aoml_navis",1023.71323869237
"7901009",51,0.511109421878899,1,0.870954,1,0.848526,1,181.307645791995,1,4.88401619370173,72,1,28.1569995880127,36.4580001831055,0.870953977108002,0.857870995998383,174.835906982422,-85.9291,23.6456,51.9619379239998,63,63,63,63,61,63,0.848526,8520,1.66016505209534,24,-86,0.001869,51,2024-11-01 02:42:23.000276,72,1.037,0.0011,"aoml_navis",1023.74762934813
"7901009",51,0.493096755028541,1,0.84105,1,0.818622,1,180.929129228613,1,4.88395609716794,74,1,28.1469993591309,36.4589996337891,0.841050028800964,0.8279669880867,174.470901489258,-85.9291,23.6456,51.9619379239998,63,63,63,63,61,63,0.818622,8520,1.66016505209534,24,-86,0.001869,51,2024-11-01 02:42:23.000276,74,1.037,0.0011,"aoml_navis",1023.76022644826
"7901009",51,0.476209879856331,4,0.813015,1,0.790587,1,180.531640157414,1,4.88390230983063,76,1,28.1410007476807,36.4599990844727,0.813014984130859,0.79993200302124,174.087600708008,-85.9291,23.6456,51.9619379239998,63,63,63,63,61,63,0.790587,8520,1.66016505209534,24,-86,0.001869,51,2024-11-01 02:42:23.000276,76,1.037,0.0011,"aoml_navis",1023.77150131273
"7901009",51,0.487467796637804,4,0.831705,1,0.809277,1,179.760935432024,1,4.88382129852558,78,1,28.1200008392334,36.4620018005371,0.8317049741745,0.81862199306488,173.34440612793,-85.9291,23.6456,51.9619379239998,63,63,63,63,61,63,0.809277,8520,1.66016505209534,24,-86,0.001869,51,2024-11-01 02:42:23.000276,78,1.037,0.0011,"aoml_navis",1023.78848331521
"7901009",51,0.533625255441846,1,0.908334,1,0.885906,1,178.218165150823,1,4.88363855565413,80,1,28.0480003356934,36.4700012207031,0.908334016799927,0.895250976085663,171.856704711914,-85.9291,23.6456,51.9619379239998,63,63,63,63,61,63,0.885906,8520,1.66016505209534,24,-86,0.001869,51,2024-11-01 02:42:23.000276,80,1.037,0.0011,"aoml_navis",1023.82679287581
"7901009",51,0.632694923118813,1,1.072806,1,1.050378,1,177.091239327867,1,4.88331032325565,82,1,27.9060001373291,36.4879989624023,1.07280600070953,1.05972301959991,170.770004272461,-85.9291,23.6456,51.9619379239998,63,63,63,63,61,63,1.050378,8520,1.66016505209534,24,-86,0.001869,51,2024-11-01 02:42:23.000276,82,1.037,0.0011,"aoml_navis",1023.89560953942
"7901009",51,0.55726688068294,1,0.947583,1,0.925155,1,176.358685325035,1,4.88313483317969,84,1,27.8360004425049,36.4949989318848,0.947583019733429,0.934499979019165,170.063598632812,-85.9291,23.6456,51.9619379239998,63,63,63,63,61,63,0.925155,8520,1.66016505209534,24,-86,0.001869,51,2024-11-01 02:42:23.000276,84,1.037,0.0011,"aoml_navis",1023.93240629487
"7901009",51,0.50210308845372,4,0.856002,1,0.833574,1,175.796519949538,1,4.88293622842157,86.0999984741211,1,27.7569999694824,36.5040016174316,0.856001973152161,0.842918992042542,169.521499633789,-85.9291,23.6456,51.9619379239998,63,63,63,63,61,63,0.833574,8520,1.66016505209534,24,-86,0.001869,51,2024-11-01 02:42:23.000276,86.0999984741211,1.037,0.0011,"aoml_navis",1023.97405292681
"7901009",51,0.512235213557046,1,0.872823,1,0.850395,1,175.309643308148,1,4.88276891095463,88,1,27.693000793457,36.5120010375977,0.872822999954224,0.859740018844604,169.052001953125,-85.9291,23.6456,51.9619379239998,63,63,63,63,61,63,0.850395,8520,1.66016505209534,24,-86,0.001869,51,2024-11-01 02:42:23.000276,88,1.037,0.0011,"aoml_navis",1024.00914136697
"7901009",51,0.488593588315952,1,0.833574,1,0.811146,1,174.600223422437,1,4.88260592516632,90,1,27.632999420166,36.5200004577637,0.833573997020721,0.820491015911102,168.367904663086,-85.9291,23.6456,51.9619379239998,63,63,63,63,61,63,0.811146,8520,1.66016505209534,24,-86,0.001869,51,2024-11-01 02:42:23.000276,90,1.037,0.0011,"aoml_navis",1024.04332371544
"7901009",51,0.472832504821889,1,0.807408,1,0.78498,1,174.177527341269,1,4.88245694032306,92,1,27.5750007629395,36.5250015258789,0.807407975196838,0.794324994087219,167.960296630859,-85.9291,23.6456,51.9619379239998,63,63,63,63,61,63,0.78498,8520,1.66016505209534,24,-86,0.001869,51,2024-11-01 02:42:23.000276,92,1.037,0.0011,"aoml_navis",1024.07457169897
"7901009",51,0.439058754477468,1,0.751338,1,0.72891,1,173.541117589893,1,4.8823043828787,94,1,27.5100002288818,36.5279998779297,0.751338005065918,0.738255023956299,167.346603393555,-85.9291,23.6456,51.9619379239998,63,63,63,63,61,63,0.72891,8520,1.66016505209534,24,-86,0.001869,51,2024-11-01 02:42:23.000276,94,1.037,0.0011,"aoml_navis",1024.10657097375
"7901009",51,0.343366461834943,1,0.592473,1,0.570045,1,172.237378754136,1,4.88198671144439,96,1,27.3360004425049,36.5299987792969,0.592472970485687,0.579389989376068,166.089401245117,-85.9291,23.6456,51.9619379239998,63,63,63,63,61,63,0.570045,8520,1.66016505209534,24,-86,0.001869,51,2024-11-01 02:42:23.000276,96,1.037,0.0011,"aoml_navis",1024.17320970558
"7901009",51,0.338863295122354,1,0.584997,1,0.562569,1,171.628438788891,1,4.88127837615554,98.1999969482422,1,27.007999420166,36.5740013122559,0.584996998310089,0.57191401720047,165.502197265625,-85.9291,23.6456,51.9619379239998,63,63,63,63,61,63,0.562569,8520,1.66016505209534,24,-86,0.001869,51,2024-11-01 02:42:23.000276,98.1999969482422,1.037,0.0011,"aoml_navis",1024.32183020423
"7901009",51,0.326479586662733,1,0.564438,1,0.54201,1,170.653751913149,1,4.88112704982854,99.9000015258789,1,26.9459991455078,36.5800018310547,0.564437985420227,0.551355004310608,164.562301635742,-85.9291,23.6456,51.9619379239998,63,63,63,63,61,63,0.54201,8520,1.66016505209534,24,-86,0.001869,51,2024-11-01 02:42:23.000276,99.9000015258789,1.037,0.0011,"aoml_navis",1024.35358657088
"7901009",51,0.308466919812375,1,0.534534,1,0.512106,1,168.104869067695,1,4.8806227207187,101.900001525879,1,26.757999420166,36.6290016174316,0.534533977508545,0.521450996398926,162.104400634766,-85.9291,23.6456,51.9619379239998,63,63,63,63,61,63,0.512106,8520,1.66016505209534,24,-86,0.001869,51,2024-11-01 02:42:23.000276,101.900001525879,1.037,0.0011,"aoml_navis",1024.45943604174
"7901009",51,0.26793841939907,1,0.46725,1,0.444822,1,166.63645392764,1,4.88008650615424,104,1,26.5330009460449,36.6710014343262,0.467249989509583,0.454167008399963,160.688400268555,-85.9291,23.6456,51.9619379239998,63,63,63,63,61,63,0.444822,8520,1.66016505209534,24,-86,0.001869,51,2024-11-01 02:42:23.000276,104,1.037,0.0011,"aoml_navis",1024.57200168369
"7901009",51,0.239793627445386,1,0.420525,1,0.398097,1,166.32876384048,1,4.87975317766425,106.099998474121,1,26.3840007781982,36.6889991760254,0.420525014400482,0.407442003488541,160.391693115234,-85.9291,23.6456,51.9619379239998,63,63,63,63,61,63,0.398097,8520,1.66016505209534,24,-86,0.001869,51,2024-11-01 02:42:23.000276,106.099998474121,1.037,0.0011,"aoml_navis",1024.64198863298
"7901009",51,0.202642502066524,1,0.358848,1,0.33642,1,165.818974612501,1,4.87940075231725,107.900001525879,1,26.2129993438721,36.7050018310547,0.358848005533218,0.345764994621277,159.900100708008,-85.9291,23.6456,51.9619379239998,63,63,63,63,61,63,0.33642,8520,1.66016505209534,24,-86,0.001869,51,2024-11-01 02:42:23.000276,107.900001525879,1.037,0.0011,"aoml_navis",1024.71599563235
"7901009",51,0.166617168365808,1,0.29904,1,0.276612,1,163.911169483232,1,4.87907448276957,109.900001525879,1,26.0709991455078,36.7249984741211,0.299039989709854,0.285957008600235,158.060394287109,-85.9291,23.6456,51.9619379239998,63,63,63,63,61,63,0.276612,8520,1.66016505209534,24,-86,0.001869,51,2024-11-01 02:42:23.000276,109.900001525879,1.037,0.0011,"aoml_navis",1024.78451961688
"7901009",51,0.121585501239914,1,0.22428,1,0.201852,1,162.93814408649,1,4.87856974155901,112,1,25.8490009307861,36.7610015869141,0.224279999732971,0.211197003722191,157.122100830078,-85.9291,23.6456,51.9619379239998,63,63,63,63,61,63,0.201852,8520,1.66016505209534,24,-86,0.001869,51,2024-11-01 02:42:23.000276,112,1.037,0.0011,"aoml_navis",1024.89054474441
"7901009",51,0.103572834389557,1,0.194376,1,0.171948,1,162.228929907702,1,4.87825878904737,114,1,25.7040004730225,36.7760009765625,0.19437600672245,0.181292995810509,156.438201904297,-85.9291,23.6456,51.9619379239998,63,63,63,63,61,63,0.171948,8520,1.66016505209534,24,-86,0.001869,51,2024-11-01 02:42:23.000276,114,1.037,0.0011,"aoml_navis",1024.95587385113
"7901009",51,0.0866859592173463,1,0.166341,1,0.143913,1,161.359185210312,1,4.87785904070367,116,1,25.5179996490479,36.798999786377,0.166341006755829,0.153257995843887,155.599502563477,-85.9291,23.6456,51.9619379239998,63,63,63,63,61,63,0.143913,8520,1.66016505209534,24,-86,0.001869,51,2024-11-01 02:42:23.000276,116,1.037,0.0011,"aoml_navis",1025.03987062298
"7901009",51,0.0765538341140201,1,0.14952,1,0.127092,1,161.332316721343,1,4.8774611691874,118,1,25.3299999237061,36.8209991455078,0.149519994854927,0.136436998844147,155.573593139648,-85.9291,23.6456,51.9619379239998,63,63,63,63,61,63,0.127092,8520,1.66016505209534,24,-86,0.001869,51,2024-11-01 02:42:23.000276,118,1.037,0.0011,"aoml_navis",1025.12348669974
"7901009",51,0.0765538341140201,1,0.14952,1,0.127092,1,161.231520328686,1,4.87732487914893,120,1,25.2749996185303,36.8250007629395,0.149519994854927,0.136436998844147,155.47639465332,-85.9291,23.6456,51.9619379239998,63,63,63,63,61,63,0.127092,8520,1.66016505209534,24,-86,0.001869,51,2024-11-01 02:42:23.000276,120,1.037,0.0011,"aoml_navis",1025.15213234524
"7901009",51,0.0720506674014307,1,0.142044,1,0.119616,1,160.685115268273,1,4.87720260218078,122,1,25.2269992828369,36.8279991149902,0.142043992877007,0.128960996866226,154.949493408203,-85.9291,23.6456,51.9619379239998,63,63,63,63,61,63,0.119616,8520,1.66016505209534,24,-86,0.001869,51,2024-11-01 02:42:23.000276,122,1.037,0.0011,"aoml_navis",1025.17783406503
"7901009",51,0.0720506674014307,1,0.142044,1,0.119616,1,159.798787428104,1,4.87702061915023,124,1,25.1529998779297,36.8370018005371,0.142043992877007,0.128960996866226,154.094802856445,-85.9291,23.6456,51.9619379239998,63,63,63,63,61,63,0.119616,8520,1.66016505209534,24,-86,0.001869,51,2024-11-01 02:42:23.000276,124,1.037,0.0011,"aoml_navis",1025.21608794658
"7901009",51,0.0743022507577254,1,0.145782,1,0.123354,1,158.991577635545,1,4.87684763897672,126,1,25.0849990844727,36.8460006713867,0.145781993865967,0.132698997855186,153.31640625,-85.9291,23.6456,51.9619379239998,63,63,63,63,61,63,0.123354,8520,1.66016505209534,24,-86,0.001869,51,2024-11-01 02:42:23.000276,126,1.037,0.0011,"aoml_navis",1025.25245202229
"7901009",51,0.0641701256543992,1,0.128961,1,0.106533,1,157.425151058109,1,4.8766789502333,128,1,25.0100002288818,36.851001739502,0.128960996866226,0.115878000855446,151.805892944336,-85.9291,23.6456,51.9619379239998,63,63,63,63,61,63,0.106533,8520,1.66016505209534,24,-86,0.001869,51,2024-11-01 02:42:23.000276,128,1.037,0.0011,"aoml_navis",1025.28791643354
"7901009",51,0.0495348338384836,1,0.104664,1,0.082236,1,153.918480951883,1,4.87608066801811,130,1,24.7189998626709,36.8880004882812,0.104663997888565,0.0915810018777847,148.424392700195,-85.9291,23.6456,51.9619379239998,63,63,63,63,61,63,0.082236,8520,1.66016505209534,24,-86,0.001869,51,2024-11-01 02:42:23.000276,130,1.037,0.0011,"aoml_navis",1025.41371655204
"7901009",51,0.0461574588040415,1,0.099057,1,0.076629,1,151.478907601008,1,4.87536103842925,132.100006103516,1,24.4130001068115,36.9529991149902,0.0990569964051247,0.0859740003943443,146.071899414062,-85.9291,23.6456,51.9619379239998,63,63,63,63,61,63,0.076629,8520,1.66016505209534,24,-86,0.001869,51,2024-11-01 02:42:23.000276,132.100006103516,1.037,0.0011,"aoml_navis",1025.56507314808
"7901009",51,0.0360253337007153,1,0.082236,1,0.059808,1,151.556791407077,1,4.8748889164309,134,1,24.1389999389648,36.9640007019043,0.0822359994053841,0.0691530033946037,146.147003173828,-85.9291,23.6456,51.9619379239998,63,63,63,63,61,63,0.059808,8520,1.66016505209534,24,-86,0.001869,51,2024-11-01 02:42:23.000276,134,1.037,0.0011,"aoml_navis",1025.6643968127
"7901009",51,0.0281447919536839,1,0.069153,1,0.046725,1,151.654375607001,1,4.87451175251474,136,1,23.9109992980957,36.9669990539551,0.0691530033946037,0.0560699999332428,146.241104125977,-85.9291,23.6456,51.9619379239998,63,63,63,63,61,63,0.046725,8520,1.66016505209534,24,-86,0.001869,51,2024-11-01 02:42:23.000276,136,1.037,0.0011,"aoml_navis",1025.74375729436
"7901009",51,0.0270190002755365,1,0.067284,1,0.044856,1,151.435044555413,1,4.87428308842956,138,1,23.7889995574951,36.9710006713867,0.0672840029001236,0.0542009994387627,146.029602050781,-85.9291,23.6456,51.9619379239998,63,63,63,63,61,63,0.044856,8520,1.66016505209534,24,-86,0.001869,51,2024-11-01 02:42:23.000276,138,1.037,0.0011,"aoml_navis",1025.79187734682
"7901009",51,0.0281447919536839,1,0.069153,1,0.046725,1,151.079867816076,1,4.87414568848218,140,1,23.7259998321533,36.9729995727539,0.0691530033946037,0.0560699999332428,145.687103271484,-85.9291,23.6456,51.9619379239998,63,63,63,63,61,63,0.046725,8520,1.66016505209534,24,-86,0.001869,51,2024-11-01 02:42:23.000276,140,1.037,0.0011,"aoml_navis",1025.82079395272
"7901009",51,0.0258932085973891,1,0.065415,1,0.042987,1,150.583338772878,1,4.87405447466393,142,1,23.693000793457,36.9739990234375,0.0654150024056435,0.0523319989442825,145.208297729492,-85.9291,23.6456,51.9619379239998,63,63,63,63,61,63,0.042987,8520,1.66016505209534,24,-86,0.001869,51,2024-11-01 02:42:23.000276,142,1.037,0.0011,"aoml_navis",1025.8399913236
"7901009",51,0.0315221669881259,1,0.07476,1,0.052332,1,149.616421289411,1,4.87394208827897,144,1,23.6450004577637,36.9749984741211,0.0747599974274635,0.0616770014166832,144.275894165039,-85.9291,23.6456,51.9619379239998,63,63,63,63,61,63,0.052332,8520,1.66016505209534,24,-86,0.001869,51,2024-11-01 02:42:23.000276,144,1.037,0.0011,"aoml_navis",1025.8636457795
"7901009",51,0.0270190002755365,1,0.067284,1,0.044856,1,148.106010289683,1,4.87376925016074,146,1,23.548999786377,36.9739990234375,0.0672840029001236,0.0542009994387627,142.819396972656,-85.9291,23.6456,51.9619379239998,63,63,63,63,61,63,0.044856,8520,1.66016505209534,24,-86,0.001869,51,2024-11-01 02:42:23.000276,146,1.037,0.0011,"aoml_navis",1025.90002590605
"7901009",51,0.0292705836318312,1,0.071022,1,0.048594,1,147.494491076087,1,4.87320336193296,148,1,23.1800003051758,36.976001739502,0.0710219964385033,0.0579390004277229,142.229705810547,-85.9291,23.6456,51.9619379239998,63,63,63,63,61,63,0.048594,8520,1.66016505209534,24,-86,0.001869,51,2024-11-01 02:42:23.000276,148,1.037,0.0011,"aoml_navis",1026.01915591242
"7901009",51,0.0315221669881259,1,0.07476,1,0.052332,1,147.354388837376,1,4.87286667030795,150,1,22.9389991760254,36.9650001525879,0.0747599974274635,0.0616770014166832,142.094604492188,-85.9291,23.6456,51.9619379239998,63,63,63,63,61,63,0.052332,8520,1.66016505209534,24,-86,0.001869,51,2024-11-01 02:42:23.000276,150,1.037,0.0011,"aoml_navis",1026.09004889601
"7901009",51,0.0303963753099786,1,0.072891,1,0.050463,1,147.021191091666,1,4.87268896493842,152,1,22.8090000152588,36.9529991149902,0.0728909969329834,0.0598080009222031,141.773300170898,-85.9291,23.6456,51.9619379239998,63,63,63,63,61,63,0.050463,8520,1.66016505209534,24,-86,0.001869,51,2024-11-01 02:42:23.000276,152,1.037,0.0011,"aoml_navis",1026.12747006379
"7901009",51,0.0292705836318312,1,0.071022,1,0.048594,1,146.674938868101,1,4.87249694803212,154,1,22.6760005950928,36.9440002441406,0.0710219964385033,0.0579390004277229,141.439407348633,-85.9291,23.6456,51.9619379239998,63,63,63,63,61,63,0.048594,8520,1.66016505209534,24,-86,0.001869,51,2024-11-01 02:42:23.000276,154,1.037,0.0011,"aoml_navis",1026.16790802083
"7901009",51,0.0258932085973891,1,0.065415,1,0.042987,1,146.291960046833,1,4.87228827637465,156,1,22.5330009460449,36.9360008239746,0.0654150024056435,0.0523319989442825,141.070098876953,-85.9291,23.6456,51.9619379239998,63,63,63,63,61,63,0.042987,8520,1.66016505209534,24,-86,0.001869,51,2024-11-01 02:42:23.000276,156,1.037,0.0011,"aoml_navis",1026.21185701277
"7901009",51,0.0236416252410944,1,0.061677,1,0.039249,1,146.248191942895,1,4.87207081045579,158,1,22.382999420166,36.9280014038086,0.0616770014166832,0.0485940016806126,141.027893066406,-85.9291,23.6456,51.9619379239998,63,63,63,63,61,63,0.039249,8520,1.66016505209534,24,-86,0.001869,51,2024-11-01 02:42:23.000276,158,1.037,0.0011,"aoml_navis",1026.2576621977
"7901009",51,0.0258932085973891,1,0.065415,1,0.042987,1,146.165861702551,1,4.87196236597968,160,1,22.3229999542236,36.923999786377,0.0654150024056435,0.0523319989442825,140.948501586914,-85.9291,23.6456,51.9619379239998,63,63,63,63,61,63,0.042987,8520,1.66016505209534,24,-86,0.001869,51,2024-11-01 02:42:23.000276,160,1.037,0.0011,"aoml_navis",1026.28050555447
"7901009",51,0.0225158335629471,1,0.059808,1,0.03738,1,146.540327421895,1,4.87181186541379,162,1,22.2320003509521,36.9199981689453,0.0598080009222031,0.0467250011861324,141.309600830078,-85.9291,23.6456,51.9619379239998,63,63,63,63,61,63,0.03738,8520,1.66016505209534,24,-86,0.001869,51,2024-11-01 02:42:23.000276,162,1.037,0.0011,"aoml_navis",1026.3122095285
"7901009",51,0.00900633342517883,1,0.03738,1,0.014952,1,147.710182697484,1,4.87147526019753,164,1,22.0620002746582,36.9379997253418,0.0373799987137318,0.0242970008403063,142.437698364258,-85.9291,23.6456,51.9619379239998,63,63,63,63,61,63,0.014952,8520,1.66016505209534,24,-86,0.001869,51,2024-11-01 02:42:23.000276,164,1.037,0.0011,"aoml_navis",1026.38312481079
"7901009",51,0.00450316671258942,1,0.029904,1,0.007476,1,148.174241693943,1,4.87134994052693,166,1,22.0049991607666,36.939998626709,0.0299040004611015,0.0168210007250309,142.885192871094,-85.9291,23.6456,51.9619379239998,63,63,63,63,61,63,0.007476,8520,1.66016505209534,24,-86,0.001869,51,2024-11-01 02:42:23.000276,166,1.037,0.0011,"aoml_navis",1026.40952940021
"7901009",51,0.00675475006888412,1,0.033642,1,0.011214,1,147.94911920127,1,4.87121393127572,168,1,21.9400005340576,36.9420013427734,0.0336420014500618,0.020558999851346,142.668106079102,-85.9291,23.6456,51.9619379239998,63,63,63,63,61,63,0.011214,8520,1.66016505209534,24,-86,0.001869,51,2024-11-01 02:42:23.000276,168,1.037,0.0011,"aoml_navis",1026.43818779902
"7901009",51,0.00788054174703148,1,0.035511,1,0.013083,1,146.291026453872,1,4.87104307695143,170,1,21.7900009155273,36.9220008850098,0.0355109982192516,0.0224280003458261,141.069198608398,-85.9291,23.6456,51.9619379239998,63,63,63,63,61,63,0.013083,8520,1.66016505209534,24,-86,0.001869,51,2024-11-01 02:42:23.000276,170,1.037,0.0011,"aoml_navis",1026.47419064281
"7901009",51,0.00788054174703148,1,0.035511,1,0.013083,1,144.889497711267,1,4.87084607347336,172,1,21.6089992523193,36.8979988098145,0.0355109982192516,0.0224280003458261,139.717697143555,-85.9291,23.6456,51.9619379239998,63,63,63,63,61,63,0.013083,8520,1.66016505209534,24,-86,0.001869,51,2024-11-01 02:42:23.000276,172,1.037,0.0011,"aoml_navis",1026.51570683582
"7901009",51,0.0101321251033262,1,0.039249,1,0.016821,1,143.758220395692,1,4.87067560649337,174,1,21.44700050354,36.8740005493164,0.0392489992082119,0.0261659994721413,138.626800537109,-85.9291,23.6456,51.9619379239998,63,63,63,63,61,63,0.016821,8520,1.66016505209534,24,-86,0.001869,51,2024-11-01 02:42:23.000276,174,1.037,0.0011,"aoml_navis",1026.55163348062
"7901009",51,0.0135095001377682,1,0.044856,1,0.022428,1,143.501150035394,1,4.87051229793704,176,1,21.2759990692139,36.8450012207031,0.0448560006916523,0.0317730009555817,138.37890625,-85.9291,23.6456,51.9619379239998,63,63,63,63,61,63,0.022428,8520,1.66016505209534,24,-86,0.001869,51,2024-11-01 02:42:23.000276,176,1.037,0.0011,"aoml_navis",1026.5860538157
"7901009",51,0.0112579167814735,1,0.041118,1,0.01869,1,144.020797372105,1,4.87038731441859,178,1,21.1770000457764,36.8320007324219,0.041117999702692,0.0280349999666214,138.880004882812,-85.9291,23.6456,51.9619379239998,63,63,63,63,61,63,0.01869,8520,1.66016505209534,24,-86,0.001869,51,2024-11-01 02:42:23.000276,178,1.037,0.0011,"aoml_navis",1026.61239799096
"7901009",51,0.00900633342517883,1,0.03738,1,0.014952,1,144.455709279824,1,4.87027961517005,180,1,21.121000289917,36.8300018310547,0.0373799987137318,0.0242970008403063,139.299392700195,-85.9291,23.6456,51.9619379239998,63,63,63,63,61,63,0.014952,8520,1.66016505209534,24,-86,0.001869,51,2024-11-01 02:42:23.000276,180,1.037,0.0011,"aoml_navis",1026.63510005173
"7901009",51,0.00788054174703148,1,0.035511,1,0.013083,1,145.124066898825,1,4.87015983664943,182,1,21.0419998168945,36.8230018615723,0.0355109982192516,0.0224280003458261,139.943893432617,-85.9291,23.6456,51.9619379239998,63,63,63,63,61,63,0.013083,8520,1.66016505209534,24,-86,0.001869,51,2024-11-01 02:42:23.000276,182,1.037,0.0011,"aoml_navis",1026.66034949684
"7901009",51,0.0101321251033262,1,0.039249,1,0.016821,1,145.897066047596,1,4.87006785483876,184,1,20.9950008392334,36.8199996948242,0.0392489992082119,0.0261659994721413,140.689300537109,-85.9291,23.6456,51.9619379239998,63,63,63,63,61,63,0.016821,8520,1.66016505209534,24,-86,0.001869,51,2024-11-01 02:42:23.000276,184,1.037,0.0011,"aoml_navis",1026.67974020776
"7901009",51,0.00450316671258942,1,0.029904,1,0.007476,1,146.727821371124,1,4.86991935086079,185.899993896484,1,20.9060001373291,36.818000793457,0.0299040004611015,0.0168210007250309,141.49040222168,-85.9291,23.6456,51.9619379239998,63,63,63,63,61,63,0.007476,8520,1.66016505209534,24,-86,0.001869,51,2024-11-01 02:42:23.000276,185.899993896484,1.037,0.0011,"aoml_navis",1026.71104791832
"7901009",51,0.00337737503444206,1,0.028035,1,0.005607,1,147.077918731804,1,4.86977688049187,188,1,20.8190002441406,36.8139991760254,0.0280349999666214,0.0149520002305508,141.828002929688,-85.9291,23.6456,51.9619379239998,63,63,63,63,61,63,0.005607,8520,1.66016505209534,24,-86,0.001869,51,2024-11-01 02:42:23.000276,188,1.037,0.0011,"aoml_navis",1026.74108541395
"7901009",51,0.00112579167814735,1,0.024297,1,0.001869,1,147.191579719002,1,4.86962555138978,190,1,20.7040004730225,36.8030014038086,0.0242970008403063,0.0112140001729131,141.937606811523,-85.9291,23.6456,51.9619379239998,63,63,63,63,61,63,0.001869,8520,1.66016505209534,24,-86,0.001869,51,2024-11-01 02:42:23.000276,190,1.037,0.0011,"aoml_navis",1026.77299255032
"7901009",51,-0.00112579167814735,1,0.020559,1,-0.001869,1,147.369215559499,1,4.86947029149049,192,1,20.5799999237061,36.7900009155273,0.020558999851346,0.00747600011527538,142.108901977539,-85.9291,23.6456,51.9619379239998,63,63,63,63,61,63,-0.001869,8520,1.66016505209534,24,-86,0.001869,51,2024-11-01 02:42:23.000276,192,1.037,0.0011,"aoml_navis",1026.80573054067
"7901009",51,-0.00112579167814735,1,0.020559,1,-0.001869,1,147.518020783446,1,4.86936868454737,194,1,20.5109996795654,36.7820014953613,0.020558999851346,0.00747600011527538,142.252395629883,-85.9291,23.6456,51.9619379239998,63,63,63,63,61,63,-0.001869,8520,1.66016505209534,24,-86,0.001869,51,2024-11-01 02:42:23.000276,194,1.037,0.0011,"aoml_navis",1026.82715643758
"7901009",51,-0.00225158335629471,1,0.01869,1,-0.003738,1,147.706559090904,1,4.86924066636368,196,1,20.4130001068115,36.7709999084473,0.0186899993568659,0.00560700008645654,142.434204101562,-85.9291,23.6456,51.9619379239998,63,63,63,63,61,63,-0.003738,8520,1.66016505209534,24,-86,0.001869,51,2024-11-01 02:42:23.000276,196,1.037,0.0011,"aoml_navis",1026.85415295645
"7901009",51,-0.00225158335629471,1,0.01869,1,-0.003738,1,147.670054023736,1,4.86916010849572,198,1,20.3600006103516,36.7630004882812,0.0186899993568659,0.00560700008645654,142.399002075195,-85.9291,23.6456,51.9619379239998,63,63,63,63,61,63,-0.003738,8520,1.66016505209534,24,-86,0.001869,51,2024-11-01 02:42:23.000276,198,1.037,0.0011,"aoml_navis",1026.87114175523
"7901009",51,-0.00112579167814735,1,0.020559,1,-0.001869,1,147.924022956568,1,4.86903241639374,200,1,20.2590007781982,36.7509994506836,0.020558999851346,0.00747600011527538,142.643905639648,-85.9291,23.6456,51.9619379239998,63,63,63,63,61,63,-0.001869,8520,1.66016505209534,24,-86,0.001869,51,2024-11-01 02:42:23.000276,200,1.037,0.0011,"aoml_navis",1026.89807181511
"7901009",51,-0.00225158335629471,1,0.01869,1,-0.003738,1,148.000751639141,1,4.86895345032611,202,1,20.2070007324219,36.7430000305176,0.0186899993568659,0.00560700008645654,142.717895507812,-85.9291,23.6456,51.9619379239998,63,63,63,63,61,63,-0.003738,8520,1.66016505209534,24,-86,0.001869,51,2024-11-01 02:42:23.000276,202,1.037,0.0011,"aoml_navis",1026.91472633921
"7901009",51,-0.00112579167814735,1,0.020559,1,-0.001869,1,148.134524434043,1,4.86884041949041,204,1,20.117000579834,36.7309989929199,0.020558999851346,0.00747600011527538,142.846893310547,-85.9291,23.6456,51.9619379239998,63,63,63,63,61,63,-0.001869,8520,1.66016505209534,24,-86,0.001869,51,2024-11-01 02:42:23.000276,204,1.037,0.0011,"aoml_navis",1026.93856631336
"7901009",51,-0.00337737503444206,1,0.016821,1,-0.005607,1,148.425837085347,1,4.86867567858848,206,1,19.9720001220703,36.7140007019043,0.0168210007250309,0.00373800005763769,143.127807617188,-85.9291,23.6456,51.9619379239998,63,63,63,63,61,63,-0.005607,8520,1.66016505209534,24,-86,0.001869,51,2024-11-01 02:42:23.000276,206,1.037,0.0011,"aoml_navis",1026.97331473301
"7901009",51,0,1,0.022428,1,0,1,148.468339300524,1,4.86859601261383,208,1,19.9190006256104,36.7060012817383,0.0224280003458261,0.00934499967843294,143.168792724609,-85.9291,23.6456,51.9619379239998,63,63,63,63,61,63,0,8520,1.66016505209534,24,-86,0.001869,51,2024-11-01 02:42:23.000276,208,1.037,0.0011,"aoml_navis",1026.99011933743
"7901009",51,-0.00337737503444206,1,0.016821,1,-0.005607,1,148.618916768738,1,4.86853168377865,210,1,19.8780002593994,36.6980018615723,0.0168210007250309,0.00373800005763769,143.313995361328,-85.9291,23.6456,51.9619379239998,63,63,63,63,61,63,-0.005607,8520,1.66016505209534,24,-86,0.001869,51,2024-11-01 02:42:23.000276,210,1.037,0.0011,"aoml_navis",1027.00368915322
"7901009",51,-0.00337737503444206,1,0.016821,1,-0.005607,1,149.147172149029,1,4.8683536138002,212.100006103516,1,19.7229995727539,36.6809997558594,0.0168210007250309,0.00373800005763769,143.823394775391,-85.9291,23.6456,51.9619379239998,63,63,63,63,61,63,-0.005607,8520,1.66016505209534,24,-86,0.001869,51,2024-11-01 02:42:23.000276,212.100006103516,1.037,0.0011,"aoml_navis",1027.0412539111
"7901009",51,-0.00112579167814735,1,0.020559,1,-0.001869,1,149.305424067861,1,4.86826751339807,214,1,19.6599998474121,36.6720008850098,0.020558999851346,0.00747600011527538,143.975997924805,-85.9291,23.6456,51.9619379239998,63,63,63,63,61,63,-0.001869,8520,1.66016505209534,24,-86,0.001869,51,2024-11-01 02:42:23.000276,214,1.037,0.0011,"aoml_navis",1027.05941820974
"7901009",51,-0.00337737503444206,1,0.016821,1,-0.005607,1,149.226100313326,1,4.86816174458398,216,1,19.5799999237061,36.6619987487793,0.0168210007250309,0.00373800005763769,143.899505615234,-85.9291,23.6456,51.9619379239998,63,63,63,63,61,63,-0.005607,8520,1.66016505209534,24,-86,0.001869,51,2024-11-01 02:42:23.000276,216,1.037,0.0011,"aoml_navis",1027.08173276344
"7901009",51,-0.00225158335629471,1,0.01869,1,-0.003738,1,149.420841475716,1,4.8680675047471,218,1,19.5090007781982,36.6520004272461,0.0186899993568659,0.00560700008645654,144.087295532227,-85.9291,23.6456,51.9619379239998,63,63,63,63,61,63,-0.003738,8520,1.66016505209534,24,-86,0.001869,51,2024-11-01 02:42:23.000276,218,1.037,0.0011,"aoml_navis",1027.10161581043
"7901009",51,-0.00562895839073677,1,0.013083,1,-0.009345,1,149.420540827135,1,4.86801722824496,220,1,19.496000289917,36.6500015258789,0.0130829997360706,0,144.087005615234,-85.9291,23.6456,51.9619379239998,63,63,63,63,61,63,-0.009345,8520,1.66016505209534,24,-86,0.001869,51,2024-11-01 02:42:23.000276,220,1.037,0.0011,"aoml_navis",1027.11222363579
"7901009",51,0,1,0.01869,1,-0.003738,1,149.504326839555,1,4.86797434944983,222,1,19.4860000610352,36.6469993591309,0.0186899993568659,0,144.16780090332,-85.9291,23.6456,51.9619379239998,63,63,63,63,61,63,0,8520,1.66016505209534,24,-86,0.001869,51,2024-11-01 02:42:23.000276,222,1.037,0.0011,"aoml_navis",1027.1212707941
"7901009",51,0,1,0.014952,1,-0.007476,1,149.692137260975,1,4.86787896524906,224,1,19.4109992980957,36.6360015869141,0.0149520002305508,0,144.348907470703,-85.9291,23.6456,51.9619379239998,63,63,63,63,61,63,0,8520,1.66016505209534,24,-86,0.001869,51,2024-11-01 02:42:23.000276,224,1.037,0.0011,"aoml_navis",1027.14139683713
"7901009",51,0,1,0.014952,1,-0.007476,1,149.766175929929,1,4.86773965746651,226,1,19.2889995574951,36.6209983825684,0.0149520002305508,0,144.420303344727,-85.9291,23.6456,51.9619379239998,63,63,63,63,61,63,0,8520,1.66016505209534,24,-86,0.001869,51,2024-11-01 02:42:23.000276,226,1.037,0.0011,"aoml_navis",1027.17079216236
"7901009",51,0,1,0.014952,1,-0.007476,1,149.633131021066,1,4.86768674183873,228,1,19.2679996490479,36.617000579834,0.0149520002305508,0,144.292007446289,-85.9291,23.6456,51.9619379239998,63,63,63,63,61,63,0,8520,1.66016505209534,24,-86,0.001869,51,2024-11-01 02:42:23.000276,228,1.037,0.0011,"aoml_navis",1027.18195832612
"7901009",51,0,1,0.01869,1,-0.003738,1,149.765859457739,1,4.86763237255672,230,1,19.2399997711182,36.6110000610352,0.0186899993568659,0,144.419998168945,-85.9291,23.6456,51.9619379239998,63,63,63,63,61,63,0,8520,1.66016505209534,24,-86,0.001869,51,2024-11-01 02:42:23.000276,230,1.037,0.0011,"aoml_navis",1027.19343149034
"7901009",51,0,1,0.014952,1,-0.007476,1,150.245900299816,1,4.86754797018981,232,1,19.181999206543,36.6030006408691,0.0149520002305508,0,144.882904052734,-85.9291,23.6456,51.9619379239998,63,63,63,63,61,63,0,8520,1.66016505209534,24,-86,0.001869,51,2024-11-01 02:42:23.000276,232,1.037,0.0011,"aoml_navis",1027.21124283137
"7901009",51,0,1,0.01869,1,-0.003738,1,150.383818880412,1,4.86747838441806,234,1,19.1299991607666,36.5929985046387,0.0186899993568659,0,145.015899658203,-85.9291,23.6456,51.9619379239998,63,63,63,63,61,63,0,8520,1.66016505209534,24,-86,0.001869,51,2024-11-01 02:42:23.000276,234,1.037,0.0011,"aoml_navis",1027.22592790677
"7901009",51,0,1,0.013083,1,-0.009345,1,151.127987412634,1,4.86725277804003,236,1,18.8899993896484,36.5620002746582,0.0130829997360706,0,145.733505249023,-85.9291,23.6456,51.9619379239998,63,63,63,63,61,63,0,8520,1.66016505209534,24,-86,0.001869,51,2024-11-01 02:42:23.000276,236,1.037,0.0011,"aoml_navis",1027.27354177266
"7901009",51,0,1,0.014952,1,-0.007476,1,151.476011880466,1,4.86714773996291,238,1,18.7880001068115,36.5449981689453,0.0149520002305508,0,146.069107055664,-85.9291,23.6456,51.9619379239998,63,63,63,63,61,63,0,8520,1.66016505209534,24,-86,0.001869,51,2024-11-01 02:42:23.000276,238,1.037,0.0011,"aoml_navis",1027.2957113971
"7901009",51,0,1,0.014952,1,-0.007476,1,152.033714998078,1,4.86704211977136,240,1,18.7000007629395,36.5330009460449,0.0149520002305508,0,146.606903076172,-85.9291,23.6456,51.9619379239998,63,63,63,63,61,63,0,8520,1.66016505209534,24,-86,0.001869,51,2024-11-01 02:42:23.000276,240,1.037,0.0011,"aoml_navis",1027.31800484909
"7901009",51,0,1,0.014952,1,-0.007476,1,151.905021581833,1,4.86694426226062,242,1,18.6270008087158,36.523998260498,0.0149520002305508,0,146.482803344727,-85.9291,23.6456,51.9619379239998,63,63,63,63,61,63,0,8520,1.66016505209534,24,-86,0.001869,51,2024-11-01 02:42:23.000276,242,1.037,0.0011,"aoml_navis",1027.33866068102
"7901009",51,0,1,0.014952,1,-0.007476,1,151.570890243161,1,4.86682198154549,244,1,18.503999710083,36.5050010681152,0.0149520002305508,0,146.160598754883,-85.9291,23.6456,51.9619379239998,63,63,63,63,61,63,0,8520,1.66016505209534,24,-86,0.001869,51,2024-11-01 02:42:23.000276,244,1.037,0.0011,"aoml_navis",1027.36447294754
"7901009",51,0,1,0.016821,1,-0.005607,1,151.340672548222,1,4.86674771114877,246,1,18.44700050354,36.4949989318848,0.0168210007250309,0,145.938598632812,-85.9291,23.6456,51.9619379239998,63,63,63,63,61,63,0,8520,1.66016505209534,24,-86,0.001869,51,2024-11-01 02:42:23.000276,246,1.037,0.0011,"aoml_navis",1027.3801513372
"7901009",51,0,1,0.016821,1,-0.005607,1,151.046163527794,1,4.86670272996711,248,1,18.4349994659424,36.492000579834,0.0168210007250309,0,145.654602050781,-85.9291,23.6456,51.9619379239998,63,63,63,63,61,63,0,8520,1.66016505209534,24,-86,0.001869,51,2024-11-01 02:42:23.000276,248,1.037,0.0011,"aoml_navis",1027.38964704215
"7901009",51,0,1,0.014952,1,-0.007476,1,150.743046463786,1,4.8666529046993,250,1,18.4160003662109,36.4879989624023,0.0149520002305508,0,145.3623046875,-85.9291,23.6456,51.9619379239998,63,63,63,63,61,63,0,8520,1.66016505209534,24,-86,0.001869,51,2024-11-01 02:42:23.000276,250,1.037,0.0011,"aoml_navis",1027.40016555772
"7901009",51,0,1,0.011214,1,-0.011214,1,150.487004638106,1,4.86658004791882,252,1,18.3689994812012,36.4809989929199,0.0112140001729131,0,145.11540222168,-85.9291,23.6456,51.9619379239998,63,63,63,63,61,63,0,8520,1.66016505209534,24,-86,0.001869,51,2024-11-01 02:42:23.000276,252,1.037,0.0011,"aoml_navis",1027.41554659894
"7901009",51,0,1,0.014952,1,-0.007476,1,150.29443131022,1,4.86651695157023,254,1,18.3330001831055,36.4749984741211,0.0149520002305508,0,144.929702758789,-85.9291,23.6456,51.9619379239998,63,63,63,63,61,63,0,8520,1.66016505209534,24,-86,0.001869,51,2024-11-01 02:42:23.000276,254,1.037,0.0011,"aoml_navis",1027.42886745451
"7901009",51,0,1,0.01869,1,-0.003738,1,150.183982515755,1,4.86644907091882,256,1,18.2870006561279,36.4669990539551,0.0186899993568659,0,144.823196411133,-85.9291,23.6456,51.9619379239998,63,63,63,63,61,63,0,8520,1.66016505209534,24,-86,0.001869,51,2024-11-01 02:42:23.000276,256,1.037,0.0011,"aoml_navis",1027.44319875436
"7901009",51,0,1,0.013083,1,-0.009345,1,150.373755064755,1,4.86634278650244,258,1,18.1940002441406,36.4539985656738,0.0130829997360706,0,145.006195068359,-85.9291,23.6456,51.9619379239998,63,63,63,63,61,63,0,8520,1.66016505209534,24,-86,0.001869,51,2024-11-01 02:42:23.000276,258,1.037,0.0011,"aoml_navis",1027.46563885065
"7901009",51,0,1,0.01869,1,-0.003738,1,150.523098291426,1,4.86628231797722,260,1,18.1599998474121,36.4480018615723,0.0186899993568659,0,145.150207519531,-85.9291,23.6456,51.9619379239998,63,63,63,63,61,63,0,8520,1.66016505209534,24,-86,0.001869,51,2024-11-01 02:42:23.000276,260,1.037,0.0011,"aoml_navis",1027.47840616004
"7901009",51,0,1,0.013083,1,-0.009345,1,150.774155680106,1,4.86619436104793,262,1,18.0970001220703,36.439998626709,0.0130829997360706,0,145.392303466797,-85.9291,23.6456,51.9619379239998,63,63,63,63,61,63,0,8520,1.66016505209534,24,-86,0.001869,51,2024-11-01 02:42:23.000276,262,1.037,0.0011,"aoml_navis",1027.49697793067
"7901009",51,0,1,0.01869,1,-0.003738,1,150.53159556974,1,4.8661387593349,264,1,18.0729999542236,36.4360008239746,0.0186899993568659,0,145.158401489258,-85.9291,23.6456,51.9619379239998,63,63,63,63,61,63,0,8520,1.66016505209534,24,-86,0.001869,51,2024-11-01 02:42:23.000276,264,1.037,0.0011,"aoml_navis",1027.50871836696
"7901009",51,0,1,0.016821,1,-0.005607,1,150.295159196258,1,4.86609155064748,266,1,18.0590000152588,36.4329986572266,0.0168210007250309,0,144.930404663086,-85.9291,23.6456,51.9619379239998,63,63,63,63,61,63,0,8520,1.66016505209534,24,-86,0.001869,51,2024-11-01 02:42:23.000276,266,1.037,0.0011,"aoml_navis",1027.51868680619
"7901009",51,0,1,0.014952,1,-0.007476,1,149.885216944365,1,4.86604790173782,268,1,18.0510005950928,36.4309997558594,0.0149520002305508,0,144.535095214844,-85.9291,23.6456,51.9619379239998,63,63,63,63,61,63,0,8520,1.66016505209534,24,-86,0.001869,51,2024-11-01 02:42:23.000276,268,1.037,0.0011,"aoml_navis",1027.52790374594
"7901009",51,0,1,0.016821,1,-0.005607,1,149.326485292135,1,4.86599839568831,270,1,18.0259990692139,36.4249992370605,0.0168210007250309,0,143.996307373047,-85.9291,23.6456,51.9619379239998,63,63,63,63,61,63,0,8520,1.66016505209534,24,-86,0.001869,51,2024-11-01 02:42:23.000276,270,1.037,0.0011,"aoml_navis",1027.5383576843
"7901009",51,0,1,0.016821,1,-0.005607,1,149.523299347372,1,4.86587766823297,272,1,17.9109992980957,36.4090003967285,0.0168210007250309,0,144.186096191406,-85.9291,23.6456,51.9619379239998,63,63,63,63,61,63,0,8520,1.66016505209534,24,-86,0.001869,51,2024-11-01 02:42:23.000276,272,1.037,0.0011,"aoml_navis",1027.56385197323
"7901009",51,0,1,0.016821,1,-0.005607,1,149.913113967953,1,4.86580452932384,274,1,17.863000869751,36.4020004272461,0.0168210007250309,0,144.561996459961,-85.9291,23.6456,51.9619379239998,63,63,63,63,61,63,0,8520,1.66016505209534,24,-86,0.001869,51,2024-11-01 02:42:23.000276,274,1.037,0.0011,"aoml_navis",1027.57929749693
"7901009",51,0,1,0.016821,1,-0.005607,1,150.371682171908,1,4.86574682078483,276,1,17.8339996337891,36.3969993591309,0.0168210007250309,0,145.004196166992,-85.9291,23.6456,51.9619379239998,63,63,63,63,61,63,0,8520,1.66016505209534,24,-86,0.001869,51,2024-11-01 02:42:23.000276,276,1.037,0.0011,"aoml_navis",1027.59148475249
"7901009",51,0,1,0.014952,1,-0.007476,1,151.142814134756,1,4.86566794452636,278,1,17.7779998779297,36.3889999389648,0.0149520002305508,0,145.747802734375,-85.9291,23.6456,51.9619379239998,63,63,63,63,61,63,0,8520,1.66016505209534,24,-86,0.001869,51,2024-11-01 02:42:23.000276,278,1.037,0.0011,"aoml_navis",1027.608142809
"7901009",51,0,1,0.016821,1,-0.005607,1,151.466881657772,1,4.86558556798348,280,1,17.7220001220703,36.3819999694824,0.0168210007250309,0,146.060302734375,-85.9291,23.6456,51.9619379239998,63,63,63,63,61,63,0,8520,1.66016505209534,24,-86,0.001869,51,2024-11-01 02:42:23.000276,280,1.037,0.0011,"aoml_navis",1027.6255406751
"7901009",51,0,1,0.01869,1,-0.003738,1,151.231268111985,1,4.86551410502153,282,1,17.6690006256104,36.3730010986328,0.0186899993568659,0,145.833099365234,-85.9291,23.6456,51.9619379239998,63,63,63,63,61,63,0,8520,1.66016505209534,24,-86,0.001869,51,2024-11-01 02:42:23.000276,282,1.037,0.0011,"aoml_navis",1027.64063407805
"7901009",51,0,1,0.016821,1,-0.005607,1,150.455484007938,1,4.86539510622798,284,1,17.5510005950928,36.3559989929199,0.0168210007250309,0,145.085006713867,-85.9291,23.6456,51.9619379239998,63,63,63,63,61,63,0,8520,1.66016505209534,24,-86,0.001869,51,2024-11-01 02:42:23.000276,284,1.037,0.0011,"aoml_navis",1027.66576831545
"7901009",51,0,1,0.01869,1,-0.003738,1,149.466160293388,1,4.86526579986858,286,1,17.3990001678467,36.3310012817383,0.0186899993568659,0,144.130996704102,-85.9291,23.6456,51.9619379239998,63,63,63,63,61,63,0,8520,1.66016505209534,24,-86,0.001869,51,2024-11-01 02:42:23.000276,286,1.037,0.0011,"aoml_navis",1027.69308105121
"7901009",51,0,1,0.014952,1,-0.007476,1,148.330942899042,1,4.86518312756605,288,1,17.3110008239746,36.3139991760254,0.0149520002305508,0,143.03630065918,-85.9291,23.6456,51.9619379239998,63,63,63,63,61,63,0,8520,1.66016505209534,24,-86,0.001869,51,2024-11-01 02:42:23.000276,288,1.037,0.0011,"aoml_navis",1027.71054426915
"7901009",51,0,1,0.014952,1,-0.007476,1,147.640606286415,1,4.86507077654272,290,1,17.1909999847412,36.2949981689453,0.0149520002305508,0,142.37060546875,-85.9291,23.6456,51.9619379239998,63,63,63,63,61,63,0,8520,1.66016505209534,24,-86,0.001869,51,2024-11-01 02:42:23.000276,290,1.037,0.0011,"aoml_navis",1027.73427759938
"7901009",51,0,1,0.016821,1,-0.005607,1,147.24995301453,1,4.86501306598037,292,1,17.1520004272461,36.2869987487793,0.0168210007250309,0,141.993896484375,-85.9291,23.6456,51.9619379239998,63,63,63,63,61,63,0,8520,1.66016505209534,24,-86,0.001869,51,2024-11-01 02:42:23.000276,292,1.037,0.0011,"aoml_navis",1027.74646895885
"7901009",51,0,1,0.014952,1,-0.007476,1,146.768788696177,1,4.86495744488347,294,1,17.121000289917,36.2809982299805,0.0149520002305508,0,141.529907226562,-85.9291,23.6456,51.9619379239998,63,63,63,63,61,63,0,8520,1.66016505209534,24,-86,0.001869,51,2024-11-01 02:42:23.000276,294,1.037,0.0011,"aoml_navis",1027.75821919235
"7901009",51,0,1,0.013083,1,-0.009345,1,146.333955906506,1,4.86487828239721,296,1,17.0540008544922,36.2700004577637,0.0130829997360706,0,141.110595703125,-85.9291,23.6456,51.9619379239998,63,63,63,63,61,63,0,8520,1.66016505209534,24,-86,0.001869,51,2024-11-01 02:42:23.000276,296,1.037,0.0011,"aoml_navis",1027.77494312483
"7901009",51,0,1,0.014952,1,-0.007476,1,146.018607192337,1,4.86479385988527,298,1,16.9759998321533,36.2569999694824,0.0149520002305508,0,140.806503295898,-85.9291,23.6456,51.9619379239998,63,63,63,63,61,63,0,8520,1.66016505209534,24,-86,0.001869,51,2024-11-01 02:42:23.000276,298,1.037,0.0011,"aoml_navis",1027.79277889442
"7901009",51,0,1,0.014952,1,-0.007476,1,145.554026016763,1,4.86473729464927,300,1,16.9440002441406,36.2509994506836,0.0149520002305508,0,140.358505249023,-85.9291,23.6456,51.9619379239998,63,63,63,63,61,63,0,8520,1.66016505209534,24,-86,0.001869,51,2024-11-01 02:42:23.000276,300,1.037,0.0011,"aoml_navis",1027.80472966125
"7901009",51,0,1,0.013083,1,-0.009345,1,145.000769333427,1,4.8646751773578,302,1,16.9039993286133,36.2439994812012,0.0130829997360706,0,139.824996948242,-85.9291,23.6456,51.9619379239998,63,63,63,63,61,63,0,8520,1.66016505209534,24,-86,0.001869,51,2024-11-01 02:42:23.000276,302,1.037,0.0011,"aoml_navis",1027.81785375354
"7901009",51,0,1,0.016821,1,-0.005607,1,144.262313124243,1,4.86461214985762,304,1,16.8600006103516,36.2360000610352,0.0168210007250309,0,139.112899780273,-85.9291,23.6456,51.9619379239998,63,63,63,63,61,63,0,8520,1.66016505209534,24,-86,0.001869,51,2024-11-01 02:42:23.000276,304,1.037,0.0011,"aoml_navis",1027.83117049657
"7901009",51,0,1,0.020559,1,-0.001869,1,143.151052674714,1,4.86454631379598,306,1,16.8040008544922,36.2249984741211,0.020558999851346,0,138.041305541992,-85.9291,23.6456,51.9619379239998,63,63,63,63,61,63,0,8520,1.66016505209534,24,-86,0.001869,51,2024-11-01 02:42:23.000276,306,1.037,0.0011,"aoml_navis",1027.845081014
"7901009",51,0,1,0.016821,1,-0.005607,1,141.822217594255,1,4.86445811412065,308,1,16.7029991149902,36.2060012817383,0.0168210007250309,0,136.759902954102,-85.9291,23.6456,51.9619379239998,63,63,63,63,61,63,0,8520,1.66016505209534,24,-86,0.001869,51,2024-11-01 02:42:23.000276,308,1.037,0.0011,"aoml_navis",1027.86371733491
"7901009",51,0,1,0.020559,1,-0.001869,1,140.881440713719,1,4.86435413222641,310,1,16.5750007629395,36.1829986572266,0.020558999851346,0,135.85270690918,-85.9291,23.6456,51.9619379239998,63,63,63,63,61,63,0,8520,1.66016505209534,24,-86,0.001869,51,2024-11-01 02:42:23.000276,310,1.037,0.0011,"aoml_navis",1027.8856892583
"7901009",51,0,1,0.01869,1,-0.003738,1,140.816199971658,1,4.86422297883313,312,1,16.4160003662109,36.1580009460449,0.0186899993568659,0,135.789794921875,-85.9291,23.6456,51.9619379239998,63,63,63,63,61,63,0,8520,1.66016505209534,24,-86,0.001869,51,2024-11-01 02:42:23.000276,312,1.037,0.0011,"aoml_navis",1027.91340400259
"7901009",51,0,1,0.01869,1,-0.003738,1,140.987838664146,1,4.86415250461139,314,1,16.3549995422363,36.1469993591309,0.0186899993568659,0,135.955307006836,-85.9291,23.6456,51.9619379239998,63,63,63,63,61,63,0,8520,1.66016505209534,24,-86,0.001869,51,2024-11-01 02:42:23.000276,314,1.037,0.0011,"aoml_navis",1027.928296915
"7901009",51,0,1,0.01869,1,-0.003738,1,141.26658736949,1,4.86404016772647,316,1,16.2469997406006,36.132999420166,0.0186899993568659,0,136.224105834961,-85.9291,23.6456,51.9619379239998,63,63,63,63,61,63,0,8520,1.66016505209534,24,-86,0.001869,51,2024-11-01 02:42:23.000276,316,1.037,0.0011,"aoml_navis",1027.95203731574
"7901009",51,0,1,0.013083,1,-0.009345,1,141.278708254384,1,4.86398562963691,318,1,16.2159996032715,36.1269989013672,0.0130829997360706,0,136.235794067383,-85.9291,23.6456,51.9619379239998,63,63,63,63,61,63,0,8520,1.66016505209534,24,-86,0.001869,51,2024-11-01 02:42:23.000276,318,1.037,0.0011,"aoml_navis",1027.96356336547
"7901009",51,0,1,0.016821,1,-0.005607,1,141.167341690567,1,4.86392497803364,320,1,16.1860008239746,36.1230010986328,0.0168210007250309,0,136.128402709961,-85.9291,23.6456,51.9619379239998,63,63,63,63,61,63,0,8520,1.66016505209534,24,-86,0.001869,51,2024-11-01 02:42:23.000276,320,1.037,0.0011,"aoml_navis",1027.97638174538
"7901009",51,0,1,0.016821,1,-0.005607,1,140.948532818093,1,4.86387670526378,322,1,16.1669998168945,36.1189994812012,0.0168210007250309,0,135.917404174805,-85.9291,23.6456,51.9619379239998,63,63,63,63,61,63,0,8520,1.66016505209534,24,-86,0.001869,51,2024-11-01 02:42:23.000276,322,1.037,0.0011,"aoml_navis",1027.98658415599
"7901009",51,0,1,0.01869,1,-0.003738,1,140.650178660551,1,4.86380515611984,324,1,16.1110000610352,36.1100006103516,0.0186899993568659,0,135.629699707031,-85.9291,23.6456,51.9619379239998,63,63,63,63,61,63,0,8520,1.66016505209534,24,-86,0.001869,51,2024-11-01 02:42:23.000276,324,1.037,0.0011,"aoml_navis",1028.00170638184
"7901009",51,0,1,0.01869,1,-0.003738,1,140.55912961136,1,4.8637030779409,326,1,16.007999420166,36.0950012207031,0.0186899993568659,0,135.541900634766,-85.9291,23.6456,51.9619379239998,63,63,63,63,61,63,0,8520,1.66016505209534,24,-86,0.001869,51,2024-11-01 02:42:23.000276,326,1.037,0.0011,"aoml_navis",1028.02328182353
"7901009",51,0,1,0.01869,1,-0.003738,1,140.453776019161,1,4.86363827258853,328,1,15.9610004425049,36.0870018005371,0.0186899993568659,0,135.440307617188,-85.9291,23.6456,51.9619379239998,63,63,63,63,61,63,0,8520,1.66016505209534,24,-86,0.001869,51,2024-11-01 02:42:23.000276,328,1.037,0.0011,"aoml_navis",1028.03697967836
"7901009",51,0,1,0.014952,1,-0.007476,1,140.325177544573,1,4.86357822007697,330,1,15.9280004501343,36.0820007324219,0.0149520002305508,0,135.316299438477,-85.9291,23.6456,51.9619379239998,63,63,63,63,61,63,0,8520,1.66016505209534,24,-86,0.001869,51,2024-11-01 02:42:23.000276,330,1.037,0.0011,"aoml_navis",1028.04967325495
"7901009",51,0,1,0.01869,1,-0.003738,1,140.177812269093,1,4.86350690103907,332,1,15.875,36.0740013122559,0.0186899993568659,0,135.174194335938,-85.9291,23.6456,51.9619379239998,63,63,63,63,61,63,0,8520,1.66016505209534,24,-86,0.001869,51,2024-11-01 02:42:23.000276,332,1.037,0.0011,"aoml_navis",1028.06474869641
"7901009",51,0,1,0.01869,1,-0.003738,1,140.125546886841,1,4.86343189853274,334,1,15.8120002746582,36.0639991760254,0.0186899993568659,0,135.123794555664,-85.9291,23.6456,51.9619379239998,63,63,63,63,61,63,0,8520,1.66016505209534,24,-86,0.001869,51,2024-11-01 02:42:23.000276,334,1.037,0.0011,"aoml_navis",1028.08060322762
"7901009",51,0,1,0.020559,1,-0.001869,1,140.098899928405,1,4.86337834258437,336,1,15.7880001068115,36.060001373291,0.020558999851346,0,135.098098754883,-85.9291,23.6456,51.9619379239998,63,63,63,63,61,63,0,8520,1.66016505209534,24,-86,0.001869,51,2024-11-01 02:42:23.000276,336,1.037,0.0011,"aoml_navis",1028.09192454129
"7901009",51,0,1,0.016821,1,-0.005607,1,139.960981347809,1,4.86332671661474,338,1,15.7690000534058,36.056999206543,0.0168210007250309,0,134.965103149414,-85.9291,23.6456,51.9619379239998,63,63,63,63,61,63,0,8520,1.66016505209534,24,-86,0.001869,51,2024-11-01 02:42:23.000276,338,1.037,0.0011,"aoml_navis",1028.1028381084
"7901009",51,0,1,0.016821,1,-0.005607,1,139.820974050756,1,4.86327398466401,340,1,15.7489995956421,36.0540008544922,0.0168210007250309,0,134.830093383789,-85.9291,23.6456,51.9619379239998,63,63,63,63,61,63,0,8520,1.66016505209534,24,-86,0.001869,51,2024-11-01 02:42:23.000276,340,1.037,0.0011,"aoml_navis",1028.11398571562
"7901009",51,0,1,0.01869,1,-0.003738,1,139.691869220664,1,4.8632119909453,342,1,15.71399974823,36.048999786377,0.0186899993568659,0,134.705596923828,-85.9291,23.6456,51.9619379239998,63,63,63,63,61,63,0,8520,1.66016505209534,24,-86,0.001869,51,2024-11-01 02:42:23.000276,342,1.037,0.0011,"aoml_navis",1028.12709158256
"7901009",51,0,1,0.022428,1,0,1,139.542130403755,1,4.86315775812798,344,1,15.6859998703003,36.0439987182617,0.0224280003458261,0,134.56120300293,-85.9291,23.6456,51.9619379239998,63,63,63,63,61,63,0,8520,1.66016505209534,24,-86,0.001869,51,2024-11-01 02:42:23.000276,344,1.037,0.0011,"aoml_navis",1028.13855701952
"7901009",51,0,1,0.014952,1,-0.007476,1,139.326422958748,1,4.8631002372597,346,1,15.6549997329712,36.0390014648438,0.0149520002305508,0,134.35319519043,-85.9291,23.6456,51.9619379239998,63,63,63,63,61,63,0,8520,1.66016505209534,24,-86,0.001869,51,2024-11-01 02:42:23.000276,346,1.037,0.0011,"aoml_navis",1028.15071786746
"7901009",51,0,1,0.016821,1,-0.005607,1,138.962432468908,1,4.86305420505247,348,1,15.6409997940063,36.0359992980957,0.0168210007250309,0,134.002197265625,-85.9291,23.6456,51.9619379239998,63,63,63,63,61,63,0,8520,1.66016505209534,24,-86,0.001869,51,2024-11-01 02:42:23.000276,348,1.037,0.0011,"aoml_navis",1028.16045003267
"7901009",51,0,1,0.024297,1,0.001869,1,138.552711747548,1,4.86299818326545,350,1,15.6079998016357,36.0299987792969,0.0242970008403063,0,133.60710144043,-85.9291,23.6456,51.9619379239998,63,63,63,63,61,63,0,8520,1.66016505209534,24,-86,0.001869,51,2024-11-01 02:42:23.000276,350,1.037,0.0011,"aoml_navis",1028.17229445119
"7901009",51,0,1,0.016821,1,-0.005607,1,138.155222676349,1,4.8629355390395,352,1,15.5590000152588,36.0209999084473,0.0168210007250309,0,133.22380065918,-85.9291,23.6456,51.9619379239998,63,63,63,63,61,63,0,8520,1.66016505209534,24,-86,0.001869,51,2024-11-01 02:42:23.000276,352,1.037,0.0011,"aoml_navis",1028.1855393435
"7901009",51,0,1,0.020559,1,-0.001869,1,137.637964704676,1,4.86286165672503,354,1,15.4930000305176,36.0099983215332,0.020558999851346,0,132.725006103516,-85.9291,23.6456,51.9619379239998,63,63,63,63,61,63,0,8520,1.66016505209534,24,-86,0.001869,51,2024-11-01 02:42:23.000276,354,1.037,0.0011,"aoml_navis",1028.20116074767
"7901009",51,0,1,0.016821,1,-0.005607,1,137.276347756264,1,4.86276720454289,356,1,15.3879995346069,35.9930000305176,0.0168210007250309,0,132.37629699707,-85.9291,23.6456,51.9619379239998,63,63,63,63,61,63,0,8520,1.66016505209534,24,-86,0.001869,51,2024-11-01 02:42:23.000276,356,1.037,0.0011,"aoml_navis",1028.22113206014
"7901009",51,0,1,0.01869,1,-0.003738,1,137.11716224447,1,4.86266453152992,358,1,15.2749996185303,35.976001739502,0.0186899993568659,0,132.222793579102,-85.9291,23.6456,51.9619379239998,63,63,63,63,61,63,0,8520,1.66016505209534,24,-86,0.001869,51,2024-11-01 02:42:23.000276,358,1.037,0.0011,"aoml_navis",1028.24284249501
"7901009",51,0,1,0.020559,1,-0.001869,1,137.068741999332,1,4.86259033871955,360,1,15.2080001831055,35.9650001525879,0.020558999851346,0,132.17610168457,-85.9291,23.6456,51.9619379239998,63,63,63,63,61,63,0,8520,1.66016505209534,24,-86,0.001869,51,2024-11-01 02:42:23.000276,360,1.037,0.0011,"aoml_navis",1028.2585312989
"7901009",51,0,1,0.016821,1,-0.005607,1,136.917230938157,1,4.8625351783295,362,1,15.1820001602173,35.9609985351562,0.0168210007250309,0,132.029998779297,-85.9291,23.6456,51.9619379239998,63,63,63,63,61,63,0,8520,1.66016505209534,24,-86,0.001869,51,2024-11-01 02:42:23.000276,362,1.037,0.0011,"aoml_navis",1028.27019581948
"7901009",51,0,1,0.014952,1,-0.007476,1,136.77867941318,1,4.86248612080463,364,1,15.164999961853,35.9580001831055,0.0149520002305508,0,131.896392822266,-85.9291,23.6456,51.9619379239998,63,63,63,63,61,63,0,8520,1.66016505209534,24,-86,0.001869,51,2024-11-01 02:42:23.000276,364,1.037,0.0011,"aoml_navis",1028.28057001685
"7901009",51,0,1,0.01869,1,-0.003738,1,136.681316743789,1,4.86243127893409,366,1,15.1459999084473,35.9560012817383,0.0186899993568659,0,131.802505493164,-85.9291,23.6456,51.9619379239998,63,63,63,63,61,63,0,8520,1.66016505209534,24,-86,0.001869,51,2024-11-01 02:42:23.000276,366,1.037,0.0011,"aoml_navis",1028.29216767791
"7901009",51,0,1,0.016821,1,-0.005607,1,136.588289743408,1,4.86238834077665,368,1,15.1379995346069,35.9539985656738,0.0168210007250309,0,131.712799072266,-85.9291,23.6456,51.9619379239998,63,63,63,63,61,63,0,8520,1.66016505209534,24,-86,0.001869,51,2024-11-01 02:42:23.000276,368,1.037,0.0011,"aoml_navis",1028.30124818895
"7901009",51,0,1,0.016821,1,-0.005607,1,136.411793202797,1,4.86234647183145,370,1,15.1309995651245,35.9519996643066,0.0168210007250309,0,131.542602539062,-85.9291,23.6456,51.9619379239998,63,63,63,63,61,63,0,8520,1.66016505209534,24,-86,0.001869,51,2024-11-01 02:42:23.000276,370,1.037,0.0011,"aoml_navis",1028.31010273867
"7901009",51,0,1,0.01869,1,-0.003738,1,136.17421752943,1,4.86230097112125,372,1,15.1239995956421,35.951000213623,0.0186899993568659,0,131.313507080078,-85.9291,23.6456,51.9619379239998,63,63,63,63,61,63,0,8520,1.66016505209534,24,-86,0.001869,51,2024-11-01 02:42:23.000276,372,1.037,0.0011,"aoml_navis",1028.31972551609
"7901009",51,0,1,0.020559,1,-0.001869,1,135.817996431865,1,4.86225694854786,374,1,15.1149997711182,35.9490013122559,0.020558999851346,0,130.970001220703,-85.9291,23.6456,51.9619379239998,63,63,63,63,61,63,0,8520,1.66016505209534,24,-86,0.001869,51,2024-11-01 02:42:23.000276,374,1.037,0.0011,"aoml_navis",1028.32903585922
"7901009",51,0,1,0.013083,1,-0.009345,1,135.395411115964,1,4.86221089987676,376,1,15.0939998626709,35.9440002441406,0.0130829997360706,0,130.5625,-85.9291,23.6456,51.9619379239998,63,63,63,63,61,63,0,8520,1.66016505209534,24,-86,0.001869,51,2024-11-01 02:42:23.000276,376,1.037,0.0011,"aoml_navis",1028.33877488258
"7901009",51,0,1,0.01869,1,-0.003738,1,134.963489870444,1,4.86214493935717,378,1,15.0410003662109,35.935001373291,0.0186899993568659,0,130.14599609375,-85.9291,23.6456,51.9619379239998,63,63,63,63,61,63,0,8520,1.66016505209534,24,-86,0.001869,51,2024-11-01 02:42:23.000276,378,1.037,0.0011,"aoml_navis",1028.35272546628
"7901009",51,0,1,0.020559,1,-0.001869,1,134.813023167497,1,4.8620607821948,380,1,14.9540004730225,35.9210014343262,0.020558999851346,0,130.000900268555,-85.9291,23.6456,51.9619379239998,63,63,63,63,61,63,0,8520,1.66016505209534,24,-86,0.001869,51,2024-11-01 02:42:23.000276,380,1.037,0.0011,"aoml_navis",1028.37052517121
"7901009",51,0,1,0.01869,1,-0.003738,1,134.629880710887,1,4.86199427479603,382,1,14.9069995880127,35.9140014648438,0.0186899993568659,0,129.824295043945,-85.9291,23.6456,51.9619379239998,63,63,63,63,61,63,0,8520,1.66016505209534,24,-86,0.001869,51,2024-11-01 02:42:23.000276,382,1.037,0.0011,"aoml_navis",1028.3845922895
"7901009",51,0,1,0.020559,1,-0.001869,1,134.343663261848,1,4.86194239759883,384,1,14.8769998550415,35.9080009460449,0.020558999851346,0,129.548294067383,-85.9291,23.6456,51.9619379239998,63,63,63,63,61,63,0,8520,1.66016505209534,24,-86,0.001869,51,2024-11-01 02:42:23.000276,384,1.037,0.0011,"aoml_navis",1028.39556521059
"7901009",51,0,1,0.020559,1,-0.001869,1,133.817591539671,1,4.8619010249551,386,1,14.8669996261597,35.9049987792969,0.020558999851346,0,129.041000366211,-85.9291,23.6456,51.9619379239998,63,63,63,63,61,63,0,8520,1.66016505209534,24,-86,0.001869,51,2024-11-01 02:42:23.000276,386,1.037,0.0011,"aoml_navis",1028.40431640547
"7901009",51,0,1,0.016821,1,-0.005607,1,133.254176099022,1,4.86183767814799,388,1,14.8159999847412,35.8959999084473,0.0168210007250309,0,128.497695922852,-85.9291,23.6456,51.9619379239998,63,63,63,63,61,63,0,8520,1.66016505209534,24,-86,0.001869,51,2024-11-01 02:42:23.000276,388,1.037,0.0011,"aoml_navis",1028.41771589228
"7901009",51,0,1,0.016821,1,-0.005607,1,132.670862469398,1,4.86173971112342,390,1,14.7049999237061,35.8790016174316,0.0168210007250309,0,127.935203552246,-85.9291,23.6456,51.9619379239998,63,63,63,63,61,63,0,8520,1.66016505209534,24,-86,0.001869,51,2024-11-01 02:42:23.000276,390,1.037,0.0011,"aoml_navis",1028.43843913738
"7901009",51,0,1,0.014952,1,-0.007476,1,132.100500464169,1,4.86164519580141,392,1,14.5830001831055,35.8580017089844,0.0149520002305508,0,127.385200500488,-85.9291,23.6456,51.9619379239998,63,63,63,63,61,63,0,8520,1.66016505209534,24,-86,0.001869,51,2024-11-01 02:42:23.000276,392,1.037,0.0011,"aoml_navis",1028.45843302553
"7901009",51,0,1,0.020559,1,-0.001869,1,131.512613811393,1,4.86153295627559,394,1,14.4469995498657,35.8380012512207,0.020558999851346,0,126.818298339844,-85.9291,23.6456,51.9619379239998,63,63,63,63,61,63,0,8520,1.66016505209534,24,-86,0.001869,51,2024-11-01 02:42:23.000276,394,1.037,0.0011,"aoml_navis",1028.48217732344
"7901009",51,0,1,0.020559,1,-0.001869,1,131.099672985496,1,4.86143306187297,396,1,14.3290004730225,35.8199996948242,0.020558999851346,0,126.420097351074,-85.9291,23.6456,51.9619379239998,63,63,63,63,61,63,0,8520,1.66016505209534,24,-86,0.001869,51,2024-11-01 02:42:23.000276,396,1.037,0.0011,"aoml_navis",1028.50331092981
"7901009",51,0,1,0.020559,1,-0.001869,1,130.536890489228,1,4.86136606935486,398,1,14.2489995956421,35.8040008544922,0.020558999851346,0,125.877403259277,-85.9291,23.6456,51.9619379239998,63,63,63,63,61,63,0,8520,1.66016505209534,24,-86,0.001869,51,2024-11-01 02:42:23.000276,398,1.037,0.0011,"aoml_navis",1028.51748431764
"7901009",51,0,1,0.01869,1,-0.003738,1,129.748131025372,1,4.86127598988682,400,1,14.1429996490479,35.7869987487793,0.0186899993568659,0,125.116798400879,-85.9291,23.6456,51.9619379239998,63,63,63,63,61,63,0,8520,1.66016505209534,24,-86,0.001869,51,2024-11-01 02:42:23.000276,400,1.037,0.0011,"aoml_navis",1028.53654275169
"7901009",51,0,1,0.016821,1,-0.005607,1,129.306153876001,1,4.86114697955671,402,1,13.960000038147,35.7589988708496,0.0168210007250309,0,124.69059753418,-85.9291,23.6456,51.9619379239998,63,63,63,63,61,63,0,8520,1.66016505209534,24,-86,0.001869,51,2024-11-01 02:42:23.000276,402,1.037,0.0011,"aoml_navis",1028.56383915714
"7901009",51,0,1,0.01869,1,-0.003738,1,129.005631883955,1,4.86102397680341,404,1,13.7849998474121,35.7319984436035,0.0186899993568659,0,124.400802612305,-85.9291,23.6456,51.9619379239998,63,63,63,63,61,63,0,8520,1.66016505209534,24,-86,0.001869,51,2024-11-01 02:42:23.000276,404,1.037,0.0011,"aoml_navis",1028.58986581012
"7901009",51,0,1,0.024297,1,0.001869,1,128.605650594256,1,4.86094749426067,406,1,13.701000213623,35.7179985046387,0.0242970008403063,0,124.015098571777,-85.9291,23.6456,51.9619379239998,63,63,63,63,61,63,0,8520,1.66016505209534,24,-86,0.001869,51,2024-11-01 02:42:23.000276,406,1.037,0.0011,"aoml_navis",1028.60604972663
"7901009",51,0,1,0.016821,1,-0.005607,1,128.003459398472,1,4.86089272274887,408,1,13.6560001373291,35.7089996337891,0.0168210007250309,0,123.43440246582,-85.9291,23.6456,51.9619379239998,63,63,63,63,61,63,0,8520,1.66016505209534,24,-86,0.001869,51,2024-11-01 02:42:23.000276,408,1.037,0.0011,"aoml_navis",1028.61763984219
"7901009",51,0,1,0.016821,1,-0.005607,1,127.62660431409,1,4.8608108100957,410,1,13.5590000152588,35.693000793457,0.0168210007250309,0,123.070999145508,-85.9291,23.6456,51.9619379239998,63,63,63,63,61,63,0,8520,1.66016505209534,24,-86,0.001869,51,2024-11-01 02:42:23.000276,410,1.037,0.0011,"aoml_navis",1028.63497374043
"7901009",51,0,1,0.020559,1,-0.001869,1,127.260849491788,1,4.86072008118205,412,1,13.4420003890991,35.673999786377,0.020558999851346,0,122.718299865723,-85.9291,23.6456,51.9619379239998,63,63,63,63,61,63,0,8520,1.66016505209534,24,-86,0.001869,51,2024-11-01 02:42:23.000276,412,1.037,0.0011,"aoml_navis",1028.65417396841
"7901009",51,0,1,0.022428,1,0,1,127.047325704895,1,4.86061454613498,414,1,13.3059997558594,35.6539993286133,0.0224280003458261,0,122.512397766113,-85.9291,23.6456,51.9619379239998,63,63,63,63,61,63,0,8520,1.66016505209534,24,-86,0.001869,51,2024-11-01 02:42:23.000276,414,1.037,0.0011,"aoml_navis",1028.67650840074
"7901009",51,0,1,0.024297,1,0.001869,1,126.59124971944,1,4.86054681535274,416,1,13.2399997711182,35.6430015563965,0.0242970008403063,0,122.072601318359,-85.9291,23.6456,51.9619379239998,63,63,63,63,61,63,0,8520,1.66016505209534,24,-86,0.001869,51,2024-11-01 02:42:23.000276,416,1.037,0.0011,"aoml_navis",1028.69084280945
"7901009",51,0,1,0.020559,1,-0.001869,1,126.350248234611,1,4.86046566664568,418,1,13.1420001983643,35.6269989013672,0.020558999851346,0,121.840202331543,-85.9291,23.6456,51.9619379239998,63,63,63,63,61,63,0,8520,1.66016505209534,24,-86,0.001869,51,2024-11-01 02:42:23.000276,418,1.037,0.0011,"aoml_navis",1028.70801748727
"7901009",51,0,1,0.01869,1,-0.003738,1,125.974121036267,1,4.86041227160992,420,1,13.1009998321533,35.6189994812012,0.0186899993568659,0,121.477500915527,-85.9291,23.6456,51.9619379239998,63,63,63,63,61,63,0,8520,1.66016505209534,24,-86,0.001869,51,2024-11-01 02:42:23.000276,420,1.037,0.0011,"aoml_navis",1028.71931856592
"7901009",51,0,1,0.020559,1,-0.001869,1,125.772733957878,1,4.86032439853764,422,1,13.0030002593994,35.6049995422363,0.020558999851346,0,121.283302307129,-85.9291,23.6456,51.9619379239998,63,63,63,63,61,63,0,8520,1.66016505209534,24,-86,0.001869,51,2024-11-01 02:42:23.000276,422,1.037,0.0011,"aoml_navis",1028.73791747407
"7901009",51,0,1,0.020559,1,-0.001869,1,125.616143518046,1,4.86025682540865,424,1,12.9399995803833,35.5950012207031,0.020558999851346,0,121.132301330566,-85.9291,23.6456,51.9619379239998,63,63,63,63,61,63,0,8520,1.66016505209534,24,-86,0.001869,51,2024-11-01 02:42:23.000276,424,1.037,0.0011,"aoml_navis",1028.75222022441
"7901009",51,0,1,0.022428,1,0,1,125.404281210152,1,4.86020730946639,426,1,12.9099998474121,35.5890007019043,0.0224280003458261,0,120.928001403809,-85.9291,23.6456,51.9619379239998,63,63,63,63,61,63,0,8520,1.66016505209534,24,-86,0.001869,51,2024-11-01 02:42:23.000276,426,1.037,0.0011,"aoml_navis",1028.76270118382
"7901009",51,0,1,0.01869,1,-0.003738,1,125.213472214728,1,4.86015151566234,428,1,12.8809995651245,35.5849990844727,0.0186899993568659,0,120.744003295898,-85.9291,23.6456,51.9619379239998,63,63,63,63,61,63,0,8520,1.66016505209534,24,-86,0.001869,51,2024-11-01 02:42:23.000276,428,1.037,0.0011,"aoml_navis",1028.77451122398
"7901009",51,0,1,0.020559,1,-0.001869,1,125.074200715518,1,4.86009463071966,430,1,12.8360004425049,35.5769996643066,0.020558999851346,0,120.609703063965,-85.9291,23.6456,51.9619379239998,63,63,63,63,61,63,0,8520,1.66016505209534,24,-86,0.001869,51,2024-11-01 02:42:23.000276,430,1.037,0.0011,"aoml_navis",1028.78655250785
"7901009",51,0,1,0.020559,1,-0.001869,1,125.035725608965,1,4.86003319854076,432,1,12.789999961853,35.5699996948242,0.020558999851346,0,120.572601318359,-85.9291,23.6456,51.9619379239998,63,63,63,63,61,63,0,8520,1.66016505209534,24,-86,0.001869,51,2024-11-01 02:42:23.000276,432,1.037,0.0011,"aoml_navis",1028.79955665761
"7901009",51,0,1,0.020559,1,-0.001869,1,125.01436373611,1,4.8599856275769,434,1,12.7729997634888,35.5670013427734,0.020558999851346,0,120.552001953125,-85.9291,23.6456,51.9619379239998,63,63,63,63,61,63,0,8520,1.66016505209534,24,-86,0.001869,51,2024-11-01 02:42:23.000276,434,1.037,0.0011,"aoml_navis",1028.80962684923
"7901009",51,0,1,0.022428,1,0,1,124.893550477407,1,4.8599373691662,436,1,12.7589998245239,35.564998626709,0.0224280003458261,0,120.435501098633,-85.9291,23.6456,51.9619379239998,63,63,63,63,61,63,0,8520,1.66016505209534,24,-86,0.001869,51,2024-11-01 02:42:23.000276,436,1.037,0.0011,"aoml_navis",1028.81984276638
"7901009",51,0,1,0.026166,1,0.003738,1,124.809550846258,1,4.85989132718522,438,1,12.7510004043579,35.5639991760254,0.0261659994721413,0,120.354499816895,-85.9291,23.6456,51.9619379239998,63,63,63,63,61,63,0,8520,1.66016505209534,24,-86,0.001869,51,2024-11-01 02:42:23.000276,438,1.037,0.0011,"aoml_navis",1028.82958967231
"7901009",51,0,1,0.020559,1,-0.001869,1,124.667478568163,1,4.85984671455437,440,1,12.7370004653931,35.5610008239746,0.020558999851346,0,120.217498779297,-85.9291,23.6456,51.9619379239998,63,63,63,63,61,63,0,8520,1.66016505209534,24,-86,0.001869,51,2024-11-01 02:42:23.000276,440,1.037,0.0011,"aoml_navis",1028.83903416663
"7901009",51,0,1,0.01869,1,-0.003738,1,124.623924082953,1,4.85979821184149,442,1,12.7189998626709,35.5579986572266,0.0186899993568659,0,120.175498962402,-85.9291,23.6456,51.9619379239998,63,63,63,63,61,63,0,8520,1.66016505209534,24,-86,0.001869,51,2024-11-01 02:42:23.000276,442,1.037,0.0011,"aoml_navis",1028.84930238809
"7901009",51,0,1,0.020559,1,-0.001869,1,124.549054674498,1,4.85974703566359,444,1,12.7019996643066,35.5559997558594,0.020558999851346,0,120.103302001953,-85.9291,23.6456,51.9619379239998,63,63,63,63,61,63,0,8520,1.66016505209534,24,-86,0.001869,51,2024-11-01 02:42:23.000276,444,1.037,0.0011,"aoml_navis",1028.86013681518
"7901009",51,0,1,0.020559,1,-0.001869,1,124.460284225078,1,4.85970244768284,446,1,12.6879997253418,35.5530014038086,0.020558999851346,0,120.017700195312,-85.9291,23.6456,51.9619379239998,63,63,63,63,61,63,0,8520,1.66016505209534,24,-86,0.001869,51,2024-11-01 02:42:23.000276,446,1.037,0.0011,"aoml_navis",1028.86957665156
"7901009",51,0,1,0.022428,1,0,1,124.388729862819,1,4.85964935308509,448,1,12.668999671936,35.5509986877441,0.0224280003458261,0,119.948699951172,-85.9291,23.6456,51.9619379239998,63,63,63,63,61,63,0,8520,1.66016505209534,24,-86,0.001869,51,2024-11-01 02:42:23.000276,448,1.037,0.0011,"aoml_navis",1028.88081767171
"7901009",51,0,1,0.024297,1,0.001869,1,124.33750092699,1,4.8596013863785,450,1,12.6590003967285,35.5499992370605,0.0242970008403063,0,119.899299621582,-85.9291,23.6456,51.9619379239998,63,63,63,63,61,63,0,8520,1.66016505209534,24,-86,0.001869,51,2024-11-01 02:42:23.000276,450,1.037,0.0011,"aoml_navis",1028.89097324218
"7901009",51,0,1,0.026166,1,0.003738,1,124.218974179864,1,4.8595551212557,452,1,12.6470003128052,35.5480003356934,0.0261659994721413,0,119.785003662109,-85.9291,23.6456,51.9619379239998,63,63,63,63,61,63,0,8520,1.66016505209534,24,-86,0.001869,51,2024-11-01 02:42:23.000276,452,1.037,0.0011,"aoml_navis",1028.90076874115
"7901009",51,0,1,0.026166,1,0.003738,1,124.111223310822,1,4.85950496284175,454,1,12.6309995651245,35.5460014343262,0.0261659994721413,0,119.681098937988,-85.9291,23.6456,51.9619379239998,63,63,63,63,61,63,0,8520,1.66016505209534,24,-86,0.001869,51,2024-11-01 02:42:23.000276,454,1.037,0.0011,"aoml_navis",1028.91138875925
"7901009",51,0,1,0.022428,1,0,1,124.035103837215,1,4.85946456903158,456,1,12.625,35.5439987182617,0.0224280003458261,0,119.607696533203,-85.9291,23.6456,51.9619379239998,63,63,63,63,61,63,0,8520,1.66016505209534,24,-86,0.001869,51,2024-11-01 02:42:23.000276,456,1.037,0.0011,"aoml_navis",1028.91994148162
"7901009",51,0,1,0.022428,1,0,1,123.84035476302,1,4.85941904574435,458,1,12.6099996566772,35.5410003662109,0.0224280003458261,0,119.419898986816,-85.9291,23.6456,51.9619379239998,63,63,63,63,61,63,0,8520,1.66016505209534,24,-86,0.001869,51,2024-11-01 02:42:23.000276,458,1.037,0.0011,"aoml_navis",1028.92958045649
"7901009",51,0,1,0.01869,1,-0.003738,1,123.781554230036,1,4.85936236030144,460,1,12.576000213623,35.5359992980957,0.0186899993568659,0,119.36319732666,-85.9291,23.6456,51.9619379239998,63,63,63,63,61,63,0,8520,1.66016505209534,24,-86,0.001869,51,2024-11-01 02:42:23.000276,460,1.037,0.0011,"aoml_navis",1028.94158312776
"7901009",51,0,1,0.024297,1,0.001869,1,123.678684944532,1,4.85930885405467,462,1,12.548999786377,35.5320014953613,0.0242970008403063,0,119.263999938965,-85.9291,23.6456,51.9619379239998,63,63,63,63,61,63,0,8520,1.66016505209534,24,-86,0.001869,51,2024-11-01 02:42:23.000276,462,1.037,0.0011,"aoml_navis",1028.95291288759
"7901009",51,0,1,0.024297,1,0.001869,1,123.577785698413,1,4.85926218243646,464,1,12.5290002822876,35.5279998779297,0.0242970008403063,0,119.166702270508,-85.9291,23.6456,51.9619379239998,63,63,63,63,61,63,0,8520,1.66016505209534,24,-86,0.001869,51,2024-11-01 02:42:23.000276,464,1.037,0.0011,"aoml_navis",1028.96279564256
"7901009",51,0,1,0.022428,1,0,1,123.534231213203,1,4.85920486103544,466,1,12.4980001449585,35.523998260498,0.0224280003458261,0,119.124702453613,-85.9291,23.6456,51.9619379239998,63,63,63,63,61,63,0,8520,1.66016505209534,24,-86,0.001869,51,2024-11-01 02:42:23.000276,466,1.037,0.0011,"aoml_navis",1028.9749337579
"7901009",51,0,1,0.022428,1,0,1,123.381272291756,1,4.85915963320549,468,1,12.4870004653931,35.5219993591309,0.0224280003458261,0,118.977203369141,-85.9291,23.6456,51.9619379239998,63,63,63,63,61,63,0,8520,1.66016505209534,24,-86,0.001869,51,2024-11-01 02:42:23.000276,468,1.037,0.0011,"aoml_navis",1028.98451119656
"7901009",51,0,1,0.022428,1,0,1,123.214618036268,1,4.85911321581572,470,1,12.4709997177124,35.5190010070801,0.0224280003458261,0,118.816497802734,-85.9291,23.6456,51.9619379239998,63,63,63,63,61,63,0,8520,1.66016505209534,24,-86,0.001869,51,2024-11-01 02:42:23.000276,470,1.037,0.0011,"aoml_navis",1028.99434072162
"7901009",51,0,1,0.022428,1,0,1,123.04133368839,1,4.85906734774209,472,1,12.4479999542236,35.5139999389648,0.0224280003458261,0,118.649398803711,-85.9291,23.6456,51.9619379239998,63,63,63,63,61,63,0,8520,1.66016505209534,24,-86,0.001869,51,2024-11-01 02:42:23.000276,472,1.037,0.0011,"aoml_navis",1029.00405410586
"7901009",51,0,1,0.020559,1,-0.001869,1,122.876451677168,1,4.85899575504836,474,1,12.3870000839233,35.5060005187988,0.020558999851346,0,118.49040222168,-85.9291,23.6456,51.9619379239998,63,63,63,63,61,63,0,8520,1.66016505209534,24,-86,0.001869,51,2024-11-01 02:42:23.000276,474,1.037,0.0011,"aoml_navis",1029.01921550459
"7901009",51,0,1,0.022428,1,0,1,122.91544105103,1,4.8589160478851,476,1,12.3059997558594,35.4949989318848,0.0224280003458261,0,118.52799987793,-85.9291,23.6456,51.9619379239998,63,63,63,63,61,63,0,8520,1.66016505209534,24,-86,0.001869,51,2024-11-01 02:42:23.000276,476,1.037,0.0011,"aoml_navis",1029.0360958544
"7901009",51,0,1,0.024297,1,0.001869,1,122.864006408278,1,4.85885591460298,478,1,12.2679996490479,35.4900016784668,0.0242970008403063,0,118.478401184082,-85.9291,23.6456,51.9619379239998,63,63,63,63,61,63,0,8520,1.66016505209534,24,-86,0.001869,51,2024-11-01 02:42:23.000276,478,1.037,0.0011,"aoml_navis",1029.04883122235
"7901009",51,0,1,0.020559,1,-0.001869,1,122.743296003038,1,4.858812517546,480,1,12.2550001144409,35.4869995117188,0.020558999851346,0,118.361999511719,-85.9291,23.6456,51.9619379239998,63,63,63,63,61,63,0,8520,1.66016505209534,24,-86,0.001869,51,2024-11-01 02:42:23.000276,480,1.037,0.0011,"aoml_navis",1029.05802229334
"7901009",51,0,1,0.022428,1,0,1,122.663133597198,1,4.85875420831524,482,1,12.2150001525879,35.4809989929199,0.0224280003458261,0,118.284698486328,-85.9291,23.6456,51.9619379239998,63,63,63,63,61,63,0,8520,1.66016505209534,24,-86,0.001869,51,2024-11-01 02:42:23.000276,482,1.037,0.0011,"aoml_navis",1029.07037187496
"7901009",51,0,1,0.024297,1,0.001869,1,122.640838131381,1,4.85869118493692,484,1,12.1700000762939,35.4749984741211,0.0242970008403063,0,118.263198852539,-85.9291,23.6456,51.9619379239998,63,63,63,63,61,63,0,8520,1.66016505209534,24,-86,0.001869,51,2024-11-01 02:42:23.000276,484,1.037,0.0011,"aoml_navis",1029.08372022103
"7901009",51,0,1,0.024297,1,0.001869,1,122.581420477625,1,4.85863445100203,486,1,12.1429996490479,35.4720001220703,0.0242970008403063,0,118.205902099609,-85.9291,23.6456,51.9619379239998,63,63,63,63,61,63,0,8520,1.66016505209534,24,-86,0.001869,51,2024-11-01 02:42:23.000276,486,1.037,0.0011,"aoml_navis",1029.0957367597
"7901009",51,0,1,0.022428,1,0,1,122.430945862873,1,4.85859317157304,488,1,12.1359996795654,35.4700012207031,0.0224280003458261,0,118.06079864502,-85.9291,23.6456,51.9619379239998,63,63,63,63,61,63,0,8520,1.66016505209534,24,-86,0.001869,51,2024-11-01 02:42:23.000276,488,1.037,0.0011,"aoml_navis",1029.10448013106
"7901009",51,0,1,0.026166,1,0.003738,1,122.214004176323,1,4.85855015226102,490,1,12.1309995651245,35.4690017700195,0.0261659994721413,0,117.851600646973,-85.9291,23.6456,51.9619379239998,63,63,63,63,61,63,0,8520,1.66016505209534,24,-86,0.001869,51,2024-11-01 02:42:23.000276,490,1.037,0.0011,"aoml_navis",1029.11359218411
"7901009",51,0,1,0.020559,1,-0.001869,1,121.850630807254,1,4.85850602986464,492,1,12.121000289917,35.4669990539551,0.020558999851346,0,117.501197814941,-85.9291,23.6456,51.9619379239998,63,63,63,63,61,63,0,8520,1.66016505209534,24,-86,0.001869,51,2024-11-01 02:42:23.000276,492,1.037,0.0011,"aoml_navis",1029.12293805248
"7901009",51,0,1,0.022428,1,0,1,121.329535610272,1,4.85845378456861,494,1,12.0909996032715,35.4620018005371,0.0224280003458261,0,116.99870300293,-85.9291,23.6456,51.9619379239998,63,63,63,63,61,63,0,8520,1.66016505209534,24,-86,0.001869,51,2024-11-01 02:42:23.000276,494,1.037,0.0011,"aoml_navis",1029.13400470762
"7901009",51,0,1,0.026166,1,0.003738,1,120.921262749184,1,4.85838928505852,496,1,12.0249996185303,35.451000213623,0.0261659994721413,0,116.605003356934,-85.9291,23.6456,51.9619379239998,63,63,63,63,61,63,0,8520,1.66016505209534,24,-86,0.001869,51,2024-11-01 02:42:23.000276,496,1.037,0.0011,"aoml_navis",1029.14766739195
"7901009",51,0,1,0.028035,1,0.005607,1,120.590343603245,1,4.8583209151309,498,1,11.9469995498657,35.4379997253418,0.0280349999666214,0,116.28589630127,-85.9291,23.6456,51.9619379239998,63,63,63,63,61,63,0,8520,1.66016505209534,24,-86,0.001869,51,2024-11-01 02:42:23.000276,498,1.037,0.0011,"aoml_navis",1029.16215032808
"7901009",51,0,1,0.022428,1,0,1,120.24025415437,1,4.85826838557517,500,1,11.9010000228882,35.4290008544922,0.0224280003458261,0,115.948303222656,-85.9291,23.6456,51.9619379239998,63,63,63,63,61,63,0,8520,1.66016505209534,24,-86,0.001869,51,2024-11-01 02:42:23.000276,500,1.037,0.0011,"aoml_navis",1029.17327804401
"7901009",51,0,1,0.024297,1,0.001869,1,120.028906113786,1,4.85820807505526,502,1,11.835000038147,35.4169998168945,0.0242970008403063,0,115.744499206543,-85.9291,23.6456,51.9619379239998,63,63,63,63,61,63,0,8520,1.66016505209534,24,-86,0.001869,51,2024-11-01 02:42:23.000276,502,1.037,0.0011,"aoml_navis",1029.18605435465
"7901009",51,0,1,0.026166,1,0.003738,1,120.17253701742,1,4.8581062410959,504,1,11.7049999237061,35.4000015258789,0.0261659994721413,0,115.883003234863,-85.9291,23.6456,51.9619379239998,63,63,63,63,61,63,0,8520,1.66016505209534,24,-86,0.001869,51,2024-11-01 02:42:23.000276,504,1.037,0.0011,"aoml_navis",1029.20762780027
"7901009",51,0,1,0.020559,1,-0.001869,1,120.328810985061,1,4.85802620864505,506,1,11.628999710083,35.390998840332,0.020558999851346,0,116.033699035645,-85.9291,23.6456,51.9619379239998,63,63,63,63,61,63,0,8520,1.66016505209534,24,-86,0.001869,51,2024-11-01 02:42:23.000276,506,1.037,0.0011,"aoml_navis",1029.22458324788
"7901009",51,0,1,0.022428,1,0,1,120.270635484653,1,4.85797004907077,508,1,11.6020002365112,35.3880004882812,0.0224280003458261,0,115.977600097656,-85.9291,23.6456,51.9619379239998,63,63,63,63,61,63,0,8520,1.66016505209534,24,-86,0.001869,51,2024-11-01 02:42:23.000276,508,1.037,0.0011,"aoml_navis",1029.23648138926
"7901009",51,0,1,0.022428,1,0,1,120.152725858298,1,4.85792701316634,510,1,11.5930004119873,35.3860015869141,0.0224280003458261,0,115.863899230957,-85.9291,23.6456,51.9619379239998,63,63,63,63,61,63,0,8520,1.66016505209534,24,-86,0.001869,51,2024-11-01 02:42:23.000276,510,1.037,0.0011,"aoml_navis",1029.24559929546
"7901009",51,0,1,0.024297,1,0.001869,1,120.006610647969,1,4.85788206425203,512,1,11.5780000686646,35.382999420166,0.0242970008403063,0,115.722999572754,-85.9291,23.6456,51.9619379239998,63,63,63,63,61,63,0,8520,1.66016505209534,24,-86,0.001869,51,2024-11-01 02:42:23.000276,512,1.037,0.0011,"aoml_navis",1029.25512267862
"7901009",51,0,1,0.024297,1,0.001869,1,119.853754579984,1,4.85780797414273,514,1,11.5080003738403,35.3740005493164,0.0242970008403063,0,115.57559967041,-85.9291,23.6456,51.9619379239998,63,63,63,63,61,63,0,8520,1.66016505209534,24,-86,0.001869,51,2024-11-01 02:42:23.000276,514,1.037,0.0011,"aoml_navis",1029.27082062818
"7901009",51,0,1,0.022428,1,0,1,119.923861081973,1,4.8577192101731,516,1,11.4099998474121,35.3619995117188,0.0224280003458261,0,115.643203735352,-85.9291,23.6456,51.9619379239998,63,63,63,63,61,63,0,8520,1.66016505209534,24,-86,0.001869,51,2024-11-01 02:42:23.000276,516,1.037,0.0011,"aoml_navis",1029.28962825372
"7901009",51,0,1,0.026166,1,0.003738,1,119.632556342473,1,4.85767988325417,518,1,11.4010000228882,35.359001159668,0.0261659994721413,0,115.362297058105,-85.9291,23.6456,51.9619379239998,63,63,63,63,61,63,0,8520,1.66016505209534,24,-86,0.001869,51,2024-11-01 02:42:23.000276,518,1.037,0.0011,"aoml_navis",1029.29796120087
"7901009",51,0,1,0.029904,1,0.007476,1,119.38491685345,1,4.85762855343802,520,1,11.375,35.3549995422363,0.0299040004611015,0,115.123497009277,-85.9291,23.6456,51.9619379239998,63,63,63,63,61,63,0,8520,1.66016505209534,24,-86,0.001869,51,2024-11-01 02:42:23.000276,520,1.037,0.0011,"aoml_navis",1029.30883763461
"7901009",51,0,1,0.026166,1,0.003738,1,119.128677232651,1,4.85757998354211,522,1,11.3479995727539,35.3499984741211,0.0261659994721413,0,114.876403808594,-85.9291,23.6456,51.9619379239998,63,63,63,63,61,63,0,8520,1.66016505209534,24,-86,0.001869,51,2024-11-01 02:42:23.000276,522,1.037,0.0011,"aoml_navis",1029.31912947196
"7901009",51,0,1,0.024297,1,0.001869,1,118.788113596708,1,4.85753142877314,524,1,11.3210000991821,35.3450012207031,0.0242970008403063,0,114.547996520996,-85.9291,23.6456,51.9619379239998,63,63,63,63,61,63,0,8520,1.66016505209534,24,-86,0.001869,51,2024-11-01 02:42:23.000276,524,1.037,0.0011,"aoml_navis",1029.32941830967
"7901009",51,0,1,0.031773,1,0.009345,1,118.519325853559,1,4.85746817733425,526,1,11.2580003738403,35.3349990844727,0.0317730009555817,0,114.288803100586,-85.9291,23.6456,51.9619379239998,63,63,63,63,61,63,0,8520,1.66016505209534,24,-86,0.001869,51,2024-11-01 02:42:23.000276,526,1.037,0.0011,"aoml_navis",1029.34282170511
"7901009",51,0,1,0.026166,1,0.003738,1,118.325605313982,1,4.85740599810218,528,1,11.1879997253418,35.3230018615723,0.0261659994721413,0,114.101997375488,-85.9291,23.6456,51.9619379239998,63,63,63,63,61,63,0,8520,1.66016505209534,24,-86,0.001869,51,2024-11-01 02:42:23.000276,528,1.037,0.0011,"aoml_navis",1029.35599823312
"7901009",51,0,1,0.026166,1,0.003738,1,118.284851607658,1,4.85732854287597,530,1,11.1090002059937,35.3129997253418,0.0261659994721413,0,114.062698364258,-85.9291,23.6456,51.9619379239998,63,63,63,63,61,63,0,8520,1.66016505209534,24,-86,0.001869,51,2024-11-01 02:42:23.000276,530,1.037,0.0011,"aoml_navis",1029.37241240008
"7901009",51,0,1,0.022428,1,0,1,118.252294531066,1,4.85726849815372,532,1,11.0609998703003,35.3059997558594,0.0224280003458261,0,114.031303405762,-85.9291,23.6456,51.9619379239998,63,63,63,63,61,63,0,8520,1.66016505209534,24,-86,0.001869,51,2024-11-01 02:42:23.000276,532,1.037,0.0011,"aoml_navis",1029.38513732575
"7901009",51,0,1,0.026166,1,0.003738,1,118.19038465881,1,4.8572202399972,534,1,11.0380001068115,35.3019981384277,0.0261659994721413,0,113.971603393555,-85.9291,23.6456,51.9619379239998,63,63,63,63,61,63,0,8520,1.66016505209534,24,-86,0.001869,51,2024-11-01 02:42:23.000276,534,1.037,0.0011,"aoml_navis",1029.39536462174
"7901009",51,0,1,0.024297,1,0.001869,1,118.272509192231,1,4.85716118897167,536,1,10.9949998855591,35.2960014343262,0.0242970008403063,0,114.050796508789,-85.9291,23.6456,51.9619379239998,63,63,63,63,61,63,0,8520,1.66016505209534,24,-86,0.001869,51,2024-11-01 02:42:23.000276,536,1.037,0.0011,"aoml_navis",1029.40787951461
"7901009",51,0,1,0.024297,1,0.001869,1,118.236012036867,1,4.85711553582645,538,1,10.9910001754761,35.2960014343262,0.0242970008403063,0,114.015602111816,-85.9291,23.6456,51.9619379239998,63,63,63,63,61,63,0,8520,1.66016505209534,24,-86,0.001869,51,2024-11-01 02:42:23.000276,538,1.037,0.0011,"aoml_navis",1029.41755515586
"7901009",51,0,1,0.028035,1,0.005607,1,118.16622200707,1,4.85707259958069,540,1,10.9899997711182,35.2960014343262,0.0280349999666214,0,113.948303222656,-85.9291,23.6456,51.9619379239998,63,63,63,63,61,63,0,8520,1.66016505209534,24,-86,0.001869,51,2024-11-01 02:42:23.000276,540,1.037,0.0011,"aoml_navis",1029.42665514855
"7901009",51,0,1,0.024297,1,0.001869,1,118.097776984081,1,4.85703424216292,542,1,10.9899997711182,35.2949981689453,0.0242970008403063,0,113.882301330566,-85.9291,23.6456,51.9619379239998,63,63,63,63,61,63,0,8520,1.66016505209534,24,-86,0.001869,51,2024-11-01 02:42:23.000276,542,1.037,0.0011,"aoml_navis",1029.43478483146
"7901009",51,0,1,0.024297,1,0.001869,1,117.954771113024,1,4.85699496798023,544,1,10.9890003204346,35.2939987182617,0.0242970008403063,0,113.744400024414,-85.9291,23.6456,51.9619379239998,63,63,63,63,61,63,0,8520,1.66016505209534,24,-86,0.001869,51,2024-11-01 02:42:23.000276,544,1.037,0.0011,"aoml_navis",1029.44310895163
"7901009",51,0,1,0.024297,1,0.001869,1,117.893486273344,1,4.85692430022029,546,1,10.9289999008179,35.2869987487793,0.0242970008403063,0,113.685302734375,-85.9291,23.6456,51.9619379239998,63,63,63,63,61,63,0,8520,1.66016505209534,24,-86,0.001869,51,2024-11-01 02:42:23.000276,546,1.037,0.0011,"aoml_navis",1029.4580872453
"7901009",51,0,1,0.026166,1,0.003738,1,117.630600736546,1,4.85686999771132,548,1,10.8870000839233,35.2799987792969,0.0261659994721413,0,113.431800842285,-85.9291,23.6456,51.9619379239998,63,63,63,63,61,63,0,8520,1.66016505209534,24,-86,0.001869,51,2024-11-01 02:42:23.000276,548,1.037,0.0011,"aoml_navis",1029.46959715951
"7901009",51,0,1,0.022428,1,0,1,117.54286673355,1,4.85680061660459,550,1,10.8199996948242,35.2709999084473,0.0224280003458261,0,113.347198486328,-85.9291,23.6456,51.9619379239998,63,63,63,63,61,63,0,8520,1.66016505209534,24,-86,0.001869,51,2024-11-01 02:42:23.000276,550,1.037,0.0011,"aoml_navis",1029.48430349515
"7901009",51,0,1,0.022428,1,0,1,117.432631557813,1,4.85674456880793,552,1,10.7840003967285,35.265998840332,0.0224280003458261,0,113.240898132324,-85.9291,23.6456,51.9619379239998,63,63,63,63,61,63,0,8520,1.66016505209534,24,-86,0.001869,51,2024-11-01 02:42:23.000276,552,1.037,0.0011,"aoml_navis",1029.49618394842
"7901009",51,0,1,0.028035,1,0.005607,1,117.257274317088,1,4.85668954550074,554,1,10.7449998855591,35.2599983215332,0.0280349999666214,0,113.071800231934,-85.9291,23.6456,51.9619379239998,63,63,63,63,61,63,0,8520,1.66016505209534,24,-86,0.001869,51,2024-11-01 02:42:23.000276,554,1.037,0.0011,"aoml_navis",1029.50784750737
"7901009",51,0,1,0.022428,1,0,1,117.14309906258,1,4.85663537954898,556,1,10.7110004425049,35.2550010681152,0.0224280003458261,0,112.961700439453,-85.9291,23.6456,51.9619379239998,63,63,63,63,61,63,0,8520,1.66016505209534,24,-86,0.001869,51,2024-11-01 02:42:23.000276,556,1.037,0.0011,"aoml_navis",1029.51932958663
"7901009",51,0,1,0.024297,1,0.001869,1,116.860204571541,1,4.85657699780891,558,1,10.6639995574951,35.2480010986328,0.0242970008403063,0,112.688903808594,-85.9291,23.6456,51.9619379239998,63,63,63,63,61,63,0,8520,1.66016505209534,24,-86,0.001869,51,2024-11-01 02:42:23.000276,558,1.037,0.0011,"aoml_navis",1029.53170561401
"7901009",51,0,1,0.026166,1,0.003738,1,116.714295068136,1,4.85650748227143,560,1,10.5920000076294,35.2379989624023,0.0261659994721413,0,112.548202514648,-85.9291,23.6456,51.9619379239998,63,63,63,63,61,63,0,8520,1.66016505209534,24,-86,0.001869,51,2024-11-01 02:42:23.000276,560,1.037,0.0011,"aoml_navis",1029.5464422226
"7901009",51,0,1,0.028035,1,0.005607,1,116.413242985171,1,4.85645022455169,562,1,10.5459995269775,35.2309989929199,0.0280349999666214,0,112.25789642334,-85.9291,23.6456,51.9619379239998,63,63,63,63,61,63,0,8520,1.66016505209534,24,-86,0.001869,51,2024-11-01 02:42:23.000276,562,1.037,0.0011,"aoml_navis",1029.55858061153
"7901009",51,0,1,0.022428,1,0,1,116.055684792601,1,4.85639583177346,564,1,10.4989995956421,35.2229995727539,0.0224280003458261,0,111.913101196289,-85.9291,23.6456,51.9619379239998,63,63,63,63,61,63,0,8520,1.66016505209534,24,-86,0.001869,51,2024-11-01 02:42:23.000276,564,1.037,0.0011,"aoml_navis",1029.57011191036
"7901009",51,0,1,0.024297,1,0.001869,1,115.875968147452,1,4.85631008178229,566,1,10.3830003738403,35.2070007324219,0.0242970008403063,0,111.739799499512,-85.9291,23.6456,51.9619379239998,63,63,63,63,61,63,0,8520,1.66016505209534,24,-86,0.001869,51,2024-11-01 02:42:23.000276,566,1.037,0.0011,"aoml_navis",1029.58829148014
"7901009",51,0,1,0.026166,1,0.003738,1,115.798092253188,1,4.85624630967382,568,1,10.3039999008179,35.1940002441406,0.0261659994721413,0,111.664703369141,-85.9291,23.6456,51.9619379239998,63,63,63,63,61,63,0,8520,1.66016505209534,24,-86,0.001869,51,2024-11-01 02:42:23.000276,568,1.037,0.0011,"aoml_navis",1029.60181200855
"7901009",51,0,1,0.024297,1,0.001869,1,115.769467343563,1,4.85618787549209,570,1,10.2559995651245,35.1870002746582,0.0242970008403063,0,111.637100219727,-85.9291,23.6456,51.9619379239998,63,63,63,63,61,63,0,8520,1.66016505209534,24,-86,0.001869,51,2024-11-01 02:42:23.000276,570,1.037,0.0011,"aoml_navis",1029.61420113783
"7901009",51,0,1,0.024297,1,0.001869,1,115.685364858952,1,4.85614679734778,572,1,10.2530002593994,35.1860008239746,0.0242970008403063,0,111.555999755859,-85.9291,23.6456,51.9619379239998,63,63,63,63,61,63,0,8520,1.66016505209534,24,-86,0.001869,51,2024-11-01 02:42:23.000276,572,1.037,0.0011,"aoml_navis",1029.62291064405
"7901009",51,0,1,0.031773,1,0.009345,1,115.608731118036,1,4.85609246494201,574,1,10.2180004119873,35.1809997558594,0.0317730009555817,0,111.48210144043,-85.9291,23.6456,51.9619379239998,63,63,63,63,61,63,0,8520,1.66016505209534,24,-86,0.001869,51,2024-11-01 02:42:23.000276,574,1.037,0.0011,"aoml_navis",1029.63443058321
"7901009",51,0,1,0.028035,1,0.005607,1,115.680388333757,1,4.8560204791019,576,1,10.1499996185303,35.1730003356934,0.0280349999666214,0,111.551200866699,-85.9291,23.6456,51.9619379239998,63,63,63,63,61,63,0,8520,1.66016505209534,24,-86,0.001869,51,2024-11-01 02:42:23.000276,576,1.037,0.0011,"aoml_navis",1029.64969392483
"7901009",51,0,1,0.026166,1,0.003738,1,115.657887161017,1,4.85596629583434,578,1,10.1149997711182,35.1679992675781,0.0261659994721413,0,111.529502868652,-85.9291,23.6456,51.9619379239998,63,63,63,63,61,63,0,8520,1.66016505209534,24,-86,0.001869,51,2024-11-01 02:42:23.000276,578,1.037,0.0011,"aoml_navis",1029.66118284001
"7901009",51,0,1,0.029904,1,0.007476,1,115.661930093249,1,4.85590610433125,580,1,10.0729999542236,35.1629981994629,0.0299040004611015,0,111.533401489258,-85.9291,23.6456,51.9619379239998,63,63,63,63,61,63,0,8520,1.66016505209534,24,-86,0.001869,51,2024-11-01 02:42:23.000276,580,1.037,0.0011,"aoml_navis",1029.67394603043
"7901009",51,0,1,0.029904,1,0.007476,1,115.608833971498,1,4.85585678830265,582,1,10.0520000457764,35.1599998474121,0.0299040004611015,0,111.482200622559,-85.9291,23.6456,51.9619379239998,63,63,63,63,61,63,0,8520,1.66016505209534,24,-86,0.001869,51,2024-11-01 02:42:23.000276,582,1.037,0.0011,"aoml_navis",1029.6844033878
"7901009",51,0,1,0.024297,1,0.001869,1,115.464269474902,1,4.85581592059902,584,1,10.0450000762939,35.1580009460449,0.0242970008403063,0,111.342796325684,-85.9291,23.6456,51.9619379239998,63,63,63,63,61,63,0,8520,1.66016505209534,24,-86,0.001869,51,2024-11-01 02:42:23.000276,584,1.037,0.0011,"aoml_navis",1029.69306945705
"7901009",51,0,1,0.028035,1,0.005607,1,115.370736119016,1,4.85575950739194,586,1,10.0030002593994,35.1520004272461,0.0280349999666214,0,111.252601623535,-85.9291,23.6456,51.9619379239998,63,63,63,63,61,63,0,8520,1.66016505209534,24,-86,0.001869,51,2024-11-01 02:42:23.000276,586,1.037,0.0011,"aoml_navis",1029.70503221761
"7901009",51,0,1,0.028035,1,0.005607,1,115.267653214784,1,4.85570552959819,588,1,9.9680004119873,35.1469993591309,0.0280349999666214,0,111.153198242188,-85.9291,23.6456,51.9619379239998,63,63,63,63,61,63,0,8520,1.66016505209534,24,-86,0.001869,51,2024-11-01 02:42:23.000276,588,1.037,0.0011,"aoml_navis",1029.71647879433
"7901009",51,0,1,0.024297,1,0.001869,1,115.307164767761,1,4.85563230962205,590,1,9.90200042724609,35.1399993896484,0.0242970008403063,0,111.191299438477,-85.9291,23.6456,51.9619379239998,63,63,63,63,61,63,0,8520,1.66016505209534,24,-86,0.001869,51,2024-11-01 02:42:23.000276,590,1.037,0.0011,"aoml_navis",1029.7320062913
"7901009",51,0,1,0.028035,1,0.005607,1,115.300423910104,1,4.85557908257881,592,1,9.87199974060059,35.1360015869141,0.0280349999666214,0,111.184799194336,-85.9291,23.6456,51.9619379239998,63,63,63,63,61,63,0,8520,1.66016505209534,24,-86,0.001869,51,2024-11-01 02:42:23.000276,592,1.037,0.0011,"aoml_navis",1029.74329425286
"7901009",51,0,1,0.028035,1,0.005607,1,115.227627394497,1,4.85553227075263,594,1,9.85799980163574,35.1339988708496,0.0280349999666214,0,111.114601135254,-85.9291,23.6456,51.9619379239998,63,63,63,63,61,63,0,8520,1.66016505209534,24,-86,0.001869,51,2024-11-01 02:42:23.000276,594,1.037,0.0011,"aoml_navis",1029.75322193152
"7901009",51,0,1,0.026166,1,0.003738,1,115.165298196589,1,4.85548422508662,596,1,9.83399963378906,35.1300010681152,0.0261659994721413,0,111.054496765137,-85.9291,23.6456,51.9619379239998,63,63,63,63,61,63,0,8520,1.66016505209534,24,-86,0.001869,51,2024-11-01 02:42:23.000276,596,1.037,0.0011,"aoml_navis",1029.76341147742
"7901009",51,0,1,0.031773,1,0.009345,1,115.111687807527,1,4.85543511460215,598,1,9.8129997253418,35.1269989013672,0.0317730009555817,0,111.002799987793,-85.9291,23.6456,51.9619379239998,63,63,63,63,61,63,0,8520,1.66016505209534,24,-86,0.001869,51,2024-11-01 02:42:23.000276,598,1.037,0.0011,"aoml_navis",1029.77382705889
"7901009",51,0,1,0.028035,1,0.005607,1,115.04023629873,1,4.85539429637993,600,1,9.80599975585938,35.125,0.0280349999666214,0,110.933898925781,-85.9291,23.6456,51.9619379239998,63,63,63,63,61,63,0,8520,1.66016505209534,24,-86,0.001869,51,2024-11-01 02:42:23.000276,600,1.037,0.0011,"aoml_navis",1029.78248413891
"7901009",51,0,1,0.029904,1,0.007476,1,114.949598663386,1,4.85534494258434,602,1,9.78899955749512,35.1230010986328,0.0299040004611015,0,110.846496582031,-85.9291,23.6456,51.9619379239998,63,63,63,63,61,63,0,8520,1.66016505209534,24,-86,0.001869,51,2024-11-01 02:42:23.000276,602,1.037,0.0011,"aoml_navis",1029.7929517112
"7901009",51,0,1,0.029904,1,0.007476,1,114.84413430592,1,4.85530063696632,604,1,9.76500034332275,35.1180000305176,0.0299040004611015,0,110.74479675293,-85.9291,23.6456,51.9619379239998,63,63,63,63,61,63,0,8520,1.66016505209534,24,-86,0.001869,51,2024-11-01 02:42:23.000276,604,1.037,0.0011,"aoml_navis",1029.80234878392
"7901009",51,0,1,0.029904,1,0.007476,1,114.826198244527,1,4.85524012015987,606,1,9.70899963378906,35.1100006103516,0.0299040004611015,0,110.727500915527,-85.9291,23.6456,51.9619379239998,63,63,63,63,61,63,0,8520,1.66016505209534,24,-86,0.001869,51,2024-11-01 02:42:23.000276,606,1.037,0.0011,"aoml_navis",1029.81518447235
"7901009",51,0,1,0.031773,1,0.009345,1,115.005084150176,1,4.85514108822592,608,1,9.60299968719482,35.101001739502,0.0317730009555817,0,110.900001525879,-85.9291,23.6456,51.9619379239998,63,63,63,63,61,63,0,8520,1.66016505209534,24,-86,0.001869,51,2024-11-01 02:42:23.000276,608,1.037,0.0011,"aoml_navis",1029.83618995653
"7901009",51,0,1,0.024297,1,0.001869,1,115.070103361703,1,4.85508206873502,610,1,9.55700016021729,35.0950012207031,0.0242970008403063,0,110.962699890137,-85.9291,23.6456,51.9619379239998,63,63,63,63,61,63,0,8520,1.66016505209534,24,-86,0.001869,51,2024-11-01 02:42:23.000276,610,1.037,0.0011,"aoml_navis",1029.8487088814
"7901009",51,0,1,0.029904,1,0.007476,1,115.085863676787,1,4.85503571014677,612,1,9.53899955749512,35.0919990539551,0.0299040004611015,0,110.977897644043,-85.9291,23.6456,51.9619379239998,63,63,63,63,61,63,0,8520,1.66016505209534,24,-86,0.001869,51,2024-11-01 02:42:23.000276,612,1.037,0.0011,"aoml_navis",1029.85854245114
"7901009",51,0,1,0.024297,1,0.001869,1,115.069691947855,1,4.85498875483238,614,1,9.5290002822876,35.0909996032715,0.0242970008403063,0,110.962303161621,-85.9291,23.6456,51.9619379239998,63,63,63,63,61,63,0,8520,1.66016505209534,24,-86,0.001869,51,2024-11-01 02:42:23.000276,614,1.037,0.0011,"aoml_navis",1029.86850278969
"7901009",51,0,1,0.024297,1,0.001869,1,115.0044591176,1,4.8549465577213,616,1,9.5290002822876,35.0909996032715,0.0242970008403063,0,110.899398803711,-85.9291,23.6456,51.9619379239998,63,63,63,63,61,63,0,8520,1.66016505209534,24,-86,0.001869,51,2024-11-01 02:42:23.000276,616,1.037,0.0011,"aoml_navis",1029.87745396456
"7901009",51,0,1,0.028035,1,0.005607,1,114.986309437478,1,4.85490327142387,618,1,9.51900005340576,35.0890007019043,0.0280349999666214,0,110.881896972656,-85.9291,23.6456,51.9619379239998,63,63,63,63,61,63,0,8520,1.66016505209534,24,-86,0.001869,51,2024-11-01 02:42:23.000276,618,1.037,0.0011,"aoml_navis",1029.88663634766
"7901009",51,0,1,0.022428,1,0,1,114.946283617191,1,4.85485777781994,620,1,9.5019998550415,35.0859985351562,0.0224280003458261,0,110.843299865723,-85.9291,23.6456,51.9619379239998,63,63,63,63,61,63,0,8520,1.66016505209534,24,-86,0.001869,51,2024-11-01 02:42:23.000276,620,1.037,0.0011,"aoml_navis",1029.89628714628
"7901009",51,0,1,0.028035,1,0.005607,1,114.961110339314,1,4.85480166247854,622,1,9.4680004119873,35.0820007324219,0.0280349999666214,0,110.857597351074,-85.9291,23.6456,51.9619379239998,63,63,63,63,61,63,0,8520,1.66016505209534,24,-86,0.001869,51,2024-11-01 02:42:23.000276,622,1.037,0.0011,"aoml_navis",1029.90819143935
"7901009",51,0,1,0.031773,1,0.009345,1,114.93124327634,1,4.85475315429519,624,1,9.44299983978271,35.0779991149902,0.0317730009555817,0,110.828796386719,-85.9291,23.6456,51.9619379239998,63,63,63,63,61,63,0,8520,1.66016505209534,24,-86,0.001869,51,2024-11-01 02:42:23.000276,624,1.037,0.0011,"aoml_navis",1029.91848217376
"7901009",51,0,1,0.029904,1,0.007476,1,114.962668964852,1,4.85470580958136,626,1,9.41499996185303,35.0730018615723,0.0299040004611015,0,110.859100341797,-85.9291,23.6456,51.9619379239998,63,63,63,63,61,63,0,8520,1.66016505209534,24,-86,0.001869,51,2024-11-01 02:42:23.000276,626,1.037,0.0011,"aoml_navis",1029.92852628307
"7901009",51,0,1,0.028035,1,0.005607,1,115.209169153989,1,4.85461360044201,628,1,9.29800033569336,35.060001373291,0.0280349999666214,0,111.096801757812,-85.9291,23.6456,51.9619379239998,63,63,63,63,61,63,0,8520,1.66016505209534,24,-86,0.001869,51,2024-11-01 02:42:23.000276,628,1.037,0.0011,"aoml_navis",1029.94808887462
"7901009",51,0,1,0.028035,1,0.005607,1,115.227730247959,1,4.85455861740665,630,1,9.26500034332275,35.0559997558594,0.0280349999666214,0,111.114700317383,-85.9291,23.6456,51.9619379239998,63,63,63,63,61,63,0,8520,1.66016505209534,24,-86,0.001869,51,2024-11-01 02:42:23.000276,630,1.037,0.0011,"aoml_navis",1029.95975413127
"7901009",51,0,1,0.029904,1,0.007476,1,115.314111332341,1,4.85450367827165,632,1,9.23200035095215,35.0519981384277,0.0299040004611015,0,111.197998046875,-85.9291,23.6456,51.9619379239998,63,63,63,63,61,63,0,8520,1.66016505209534,24,-86,0.001869,51,2024-11-01 02:42:23.000276,632,1.037,0.0011,"aoml_navis",1029.97141033791
"7901009",51,0,1,0.029904,1,0.007476,1,115.327078780344,1,4.85445421185106,634,1,9.21000003814697,35.048999786377,0.0299040004611015,0,111.210502624512,-85.9291,23.6456,51.9619379239998,63,63,63,63,61,63,0,8520,1.66016505209534,24,-86,0.001869,51,2024-11-01 02:42:23.000276,634,1.037,0.0011,"aoml_navis",1029.98190564732
"7901009",51,0,1,0.028035,1,0.005607,1,115.362642342746,1,4.85439979939837,636,1,9.18200016021729,35.0460014343262,0.0280349999666214,0,111.24479675293,-85.9291,23.6456,51.9619379239998,63,63,63,63,61,63,0,8520,1.66016505209534,24,-86,0.001869,51,2024-11-01 02:42:23.000276,636,1.037,0.0011,"aoml_navis",1029.9934506053
"7901009",51,0,1,0.028035,1,0.005607,1,115.400808888913,1,4.85434506879647,638,1,9.15799999237061,35.0439987182617,0.0280349999666214,0,111.281600952148,-85.9291,23.6456,51.9619379239998,63,63,63,63,61,63,0,8520,1.66016505209534,24,-86,0.001869,51,2024-11-01 02:42:23.000276,638,1.037,0.0011,"aoml_navis",1030.00506332766
"7901009",51,0,1,0.031773,1,0.009345,1,115.378513423096,1,4.85430025362896,640,1,9.14599990844727,35.0419998168945,0.0317730009555817,0,111.260101318359,-85.9291,23.6456,51.9619379239998,63,63,63,63,61,63,0,8520,1.66016505209534,24,-86,0.001869,51,2024-11-01 02:42:23.000276,640,1.037,0.0011,"aoml_navis",1030.01457239117
"7901009",51,0,1,0.029904,1,0.007476,1,115.368141047055,1,4.85425507834352,642,1,9.13799953460693,35.0410003662109,0.0299040004611015,0,111.250099182129,-85.9291,23.6456,51.9619379239998,63,63,63,63,61,63,0,8520,1.66016505209534,24,-86,0.001869,51,2024-11-01 02:42:23.000276,642,1.037,0.0011,"aoml_navis",1030.02415804367
"7901009",51,0,1,0.029904,1,0.007476,1,115.351241432085,1,4.85421357386497,644,1,9.13000011444092,35.0390014648438,0.0299040004611015,0,111.23380279541,-85.9291,23.6456,51.9619379239998,63,63,63,63,61,63,0,8520,1.66016505209534,24,-86,0.001869,51,2024-11-01 02:42:23.000276,644,1.037,0.0011,"aoml_navis",1030.03296495233
"7901009",51,0,1,0.026166,1,0.003738,1,115.422067908306,1,4.85415843297445,646,1,9.10099983215332,35.0359992980957,0.0261659994721413,0,111.302101135254,-85.9291,23.6456,51.9619379239998,63,63,63,63,61,63,0,8520,1.66016505209534,24,-86,0.001869,51,2024-11-01 02:42:23.000276,646,1.037,0.0011,"aoml_navis",1030.04466562831
"7901009",51,0,1,0.028035,1,0.005607,1,115.513425517883,1,4.85409585419883,648,1,9.05399990081787,35.0309982299805,0.0280349999666214,0,111.390197753906,-85.9291,23.6456,51.9619379239998,63,63,63,63,61,63,0,8520,1.66016505209534,24,-86,0.001869,51,2024-11-01 02:42:23.000276,648,1.037,0.0011,"aoml_navis",1030.05794491573
"7901009",51,0,1,0.028035,1,0.005607,1,115.635900255585,1,4.85403374353121,650,1,9.00300025939941,35.0250015258789,0.0280349999666214,0,111.50830078125,-85.9291,23.6456,51.9619379239998,63,63,63,63,61,63,0,8520,1.66016505209534,24,-86,0.001869,51,2024-11-01 02:42:23.000276,650,1.037,0.0011,"aoml_navis",1030.07112520866
"7901009",51,0,1,0.028035,1,0.005607,1,115.691900009685,1,4.85397384089514,652,1,8.9680004119873,35.0219993591309,0.0280349999666214,0,111.562301635742,-85.9291,23.6456,51.9619379239998,63,63,63,63,61,63,0,8520,1.66016505209534,24,-86,0.001869,51,2024-11-01 02:42:23.000276,652,1.037,0.0011,"aoml_navis",1030.08383726228
"7901009",51,0,1,0.029904,1,0.007476,1,115.698949427727,1,4.85392583343457,654,1,8.95199966430664,35.0200004577637,0.0299040004611015,0,111.56909942627,-85.9291,23.6456,51.9619379239998,63,63,63,63,61,63,0,8520,1.66016505209534,24,-86,0.001869,51,2024-11-01 02:42:23.000276,654,1.037,0.0011,"aoml_navis",1030.09402524432
"7901009",51,0,1,0.028035,1,0.005607,1,115.706315317959,1,4.85388192242343,656,1,8.94099998474121,35.0180015563965,0.0280349999666214,0,111.576202392578,-85.9291,23.6456,51.9619379239998,63,63,63,63,61,63,0,8520,1.66016505209534,24,-86,0.001869,51,2024-11-01 02:42:23.000276,656,1.037,0.0011,"aoml_navis",1030.10334406809
"7901009",51,0,1,0.031773,1,0.009345,1,115.691583537494,1,4.85383436144921,658,1,8.93000030517578,35.0169982910156,0.0317730009555817,0,111.561996459961,-85.9291,23.6456,51.9619379239998,63,63,63,63,61,63,0,8520,1.66016505209534,24,-86,0.001869,51,2024-11-01 02:42:23.000276,658,1.037,0.0011,"aoml_navis",1030.11343767964
"7901009",51,0,1,0.026166,1,0.003738,1,115.697707274379,1,4.85379167747099,660,1,8.91600036621094,35.0139999389648,0.0261659994721413,0,111.567901611328,-85.9291,23.6456,51.9619379239998,63,63,63,63,61,63,0,8520,1.66016505209534,24,-86,0.001869,51,2024-11-01 02:42:23.000276,660,1.037,0.0011,"aoml_navis",1030.1224964408
"7901009",51,0,1,0.029904,1,0.007476,1,115.835111587666,1,4.85372863467477,662,1,8.86800003051758,35.0089988708496,0.0299040004611015,0,111.700401306152,-85.9291,23.6456,51.9619379239998,63,63,63,63,61,63,0,8520,1.66016505209534,24,-86,0.001869,51,2024-11-01 02:42:23.000276,662,1.037,0.0011,"aoml_navis",1030.13587621695
"7901009",51,0,1,0.029904,1,0.007476,1,116.032558587284,1,4.85365841600238,664,1,8.80200004577637,35.0019989013672,0.0299040004611015,0,111.890800476074,-85.9291,23.6456,51.9619379239998,63,63,63,63,61,63,0,8520,1.66016505209534,24,-86,0.001869,51,2024-11-01 02:42:23.000276,664,1.037,0.0011,"aoml_navis",1030.15077936163
"7901009",51,0,1,0.029904,1,0.007476,1,116.157826192067,1,4.85359640433772,666,1,8.75500011444092,34.9970016479492,0.0299040004611015,0,112.011596679688,-85.9291,23.6456,51.9619379239998,63,63,63,63,61,63,0,8520,1.66016505209534,24,-86,0.001869,51,2024-11-01 02:42:23.000276,666,1.037,0.0011,"aoml_navis",1030.16394101731
"7901009",51,0,1,0.031773,1,0.009345,1,116.229277700865,1,4.85354169785108,668,1,8.72599983215332,34.9939994812012,0.0317730009555817,0,112.080497741699,-85.9291,23.6456,51.9619379239998,63,63,63,63,61,63,0,8520,1.66016505209534,24,-86,0.001869,51,2024-11-01 02:42:23.000276,668,1.037,0.0011,"aoml_navis",1030.1755524659
"7901009",51,0,1,0.028035,1,0.005607,1,116.324686154479,1,4.85348620422602,670,1,8.69600009918213,34.9910011291504,0.0280349999666214,0,112.172500610352,-85.9291,23.6456,51.9619379239998,63,63,63,63,61,63,0,8520,1.66016505209534,24,-86,0.001869,51,2024-11-01 02:42:23.000276,670,1.037,0.0011,"aoml_navis",1030.187331252
"7901009",51,0,1,0.028035,1,0.005607,1,116.464060507151,1,4.85342637772561,672,1,8.6560001373291,34.9869995117188,0.0280349999666214,0,112.306900024414,-85.9291,23.6456,51.9619379239998,63,63,63,63,61,63,0,8520,1.66016505209534,24,-86,0.001869,51,2024-11-01 02:42:23.000276,672,1.037,0.0011,"aoml_navis",1030.20003001324
"7901009",51,0,1,0.026166,1,0.003738,1,116.631640443797,1,4.8533582447467,674,1,8.60099983215332,34.9819984436035,0.0261659994721413,0,112.46849822998,-85.9291,23.6456,51.9619379239998,63,63,63,63,61,63,0,8520,1.66016505209534,24,-86,0.001869,51,2024-11-01 02:42:23.000276,674,1.037,0.0011,"aoml_navis",1030.21449228728
"7901009",51,0,1,0.029904,1,0.007476,1,116.669490517774,1,4.85330323990581,676,1,8.57600021362305,34.9799995422363,0.0299040004611015,0,112.504997253418,-85.9291,23.6456,51.9619379239998,63,63,63,63,61,63,0,8520,1.66016505209534,24,-86,0.001869,51,2024-11-01 02:42:23.000276,676,1.037,0.0011,"aoml_navis",1030.22616820807
"7901009",51,0,1,0.028035,1,0.005607,1,116.725695978797,1,4.85325499794857,678,1,8.56400012969971,34.9790000915527,0.0280349999666214,0,112.559196472168,-85.9291,23.6456,51.9619379239998,63,63,63,63,61,63,0,8520,1.66016505209534,24,-86,0.001869,51,2024-11-01 02:42:23.000276,678,1.037,0.0011,"aoml_navis",1030.2364087841
"7901009",51,0,1,0.028035,1,0.005607,1,116.764796117927,1,4.85321250101969,680,1,8.55000019073486,34.976001739502,0.0280349999666214,0,112.596900939941,-85.9291,23.6456,51.9619379239998,63,63,63,63,61,63,0,8520,1.66016505209534,24,-86,0.001869,51,2024-11-01 02:42:23.000276,680,1.037,0.0011,"aoml_navis",1030.24543000115
"7901009",51,0,1,0.028035,1,0.005607,1,117.013163492988,1,4.85313534894838,682,1,8.48799991607666,34.9720001220703,0.0280349999666214,0,112.836402893066,-85.9291,23.6456,51.9619379239998,63,63,63,63,61,63,0,8520,1.66016505209534,24,-86,0.001869,51,2024-11-01 02:42:23.000276,682,1.037,0.0011,"aoml_navis",1030.26180819034
"7901009",51,0,1,0.029904,1,0.007476,1,117.045514862656,1,4.85308045357218,684,1,8.46300029754639,34.9700012207031,0.0299040004611015,0,112.867599487305,-85.9291,23.6456,51.9619379239998,63,63,63,63,61,63,0,8520,1.66016505209534,24,-86,0.001869,51,2024-11-01 02:42:23.000276,684,1.037,0.0011,"aoml_navis",1030.27346194512
"7901009",51,0,1,0.028035,1,0.005607,1,117.108049767488,1,4.85303435118311,686,1,8.44900035858154,34.9679985046387,0.0280349999666214,0,112.92790222168,-85.9291,23.6456,51.9619379239998,63,63,63,63,61,63,0,8520,1.66016505209534,24,-86,0.001869,51,2024-11-01 02:42:23.000276,686,1.037,0.0011,"aoml_navis",1030.28324923788
"7901009",51,0,1,0.029904,1,0.007476,1,117.26681595363,1,4.85298157269422,688,1,8.42199993133545,34.9650001525879,0.0299040004611015,0,113.081001281738,-85.9291,23.6456,51.9619379239998,63,63,63,63,61,63,0,8520,1.66016505209534,24,-86,0.001869,51,2024-11-01 02:42:23.000276,688,1.037,0.0011,"aoml_navis",1030.29445405954
"7901009",51,0,1,0.026166,1,0.003738,1,117.462087206939,1,4.85291367925453,690,1,8.36200046539307,34.9589996337891,0.0261659994721413,0,113.269302368164,-85.9291,23.6456,51.9619379239998,63,63,63,63,61,63,0,8520,1.66016505209534,24,-86,0.001869,51,2024-11-01 02:42:23.000276,690,1.037,0.0011,"aoml_navis",1030.3088681289
"7901009",51,0,1,0.029904,1,0.007476,1,117.644185305321,1,4.85284727345754,692,1,8.3129997253418,34.9550018310547,0.0299040004611015,0,113.444900512695,-85.9291,23.6456,51.9619379239998,63,63,63,63,61,63,0,8520,1.66016505209534,24,-86,0.001869,51,2024-11-01 02:42:23.000276,692,1.037,0.0011,"aoml_navis",1030.32296675548
"7901009",51,0,1,0.033642,1,0.011214,1,117.746018144401,1,4.85279544731674,694,1,8.28699970245361,34.9519996643066,0.0336420014500618,0,113.543098449707,-85.9291,23.6456,51.9619379239998,63,63,63,63,61,63,0,8520,1.66016505209534,24,-86,0.001869,51,2024-11-01 02:42:23.000276,694,1.037,0.0011,"aoml_navis",1030.33397024073
"7901009",51,0,1,0.028035,1,0.005607,1,117.804921530848,1,4.85274784318192,696,1,8.27099990844727,34.9500007629395,0.0280349999666214,0,113.599899291992,-85.9291,23.6456,51.9619379239998,63,63,63,63,61,63,0,8520,1.66016505209534,24,-86,0.001869,51,2024-11-01 02:42:23.000276,696,1.037,0.0011,"aoml_navis",1030.34407753639
"7901009",51,0,1,0.026166,1,0.003738,1,117.905615070043,1,4.85269657607629,698,1,8.25500011444092,34.9490013122559,0.0261659994721413,0,113.696998596191,-85.9291,23.6456,51.9619379239998,63,63,63,63,61,63,0,8520,1.66016505209534,24,-86,0.001869,51,2024-11-01 02:42:23.000276,698,1.037,0.0011,"aoml_navis",1030.3549627747
"7901009",51,0,1,0.028035,1,0.005607,1,118.043019383329,1,4.85265503778602,700,1,8.24199962615967,34.9459991455078,0.0280349999666214,0,113.829498291016,-85.9291,23.6456,51.9619379239998,63,63,63,63,61,63,0,8520,1.66016505209534,24,-86,0.001869,51,2024-11-01 02:42:23.000276,700,1.037,0.0011,"aoml_navis",1030.36378252043
"7901009",51,0,1,0.029904,1,0.007476,1,118.221391021669,1,4.85258572844615,702,1,8.18900012969971,34.9420013427734,0.0299040004611015,0,114.001502990723,-85.9291,23.6456,51.9619379239998,63,63,63,63,61,63,0,8520,1.66016505209534,24,-86,0.001869,51,2024-11-01 02:42:23.000276,702,1.037,0.0011,"aoml_navis",1030.37849917616
"7901009",51,0,1,0.024297,1,0.001869,1,118.385442293391,1,4.85252986392098,704,1,8.15299987792969,34.9379997253418,0.0242970008403063,0,114.159698486328,-85.9291,23.6456,51.9619379239998,63,63,63,63,61,63,0,8520,1.66016505209534,24,-86,0.001869,51,2024-11-01 02:42:23.000276,704,1.037,0.0011,"aoml_navis",1030.39036136088
"7901009",51,0,1,0.028035,1,0.005607,1,118.504285512708,1,4.85247896893926,706,1,8.12800025939941,34.935001373291,0.0280349999666214,0,114.274299621582,-85.9291,23.6456,51.9619379239998,63,63,63,63,61,63,0,8520,1.66016505209534,24,-86,0.001869,51,2024-11-01 02:42:23.000276,706,1.037,0.0011,"aoml_navis",1030.40116855838
"7901009",51,0,1,0.028035,1,0.005607,1,118.564431052502,1,4.85243303583949,708,1,8.11400032043457,34.9329986572266,0.0280349999666214,0,114.332298278809,-85.9291,23.6456,51.9619379239998,63,63,63,63,61,63,0,8520,1.66016505209534,24,-86,0.001869,51,2024-11-01 02:42:23.000276,708,1.037,0.0011,"aoml_navis",1030.41092232919
"7901009",51,0,1,0.026166,1,0.003738,1,118.724653010719,1,4.85238061569487,710,1,8.08699989318848,34.9300003051758,0.0261659994721413,0,114.486801147461,-85.9291,23.6456,51.9619379239998,63,63,63,63,61,63,0,8520,1.66016505209534,24,-86,0.001869,51,2024-11-01 02:42:23.000276,710,1.037,0.0011,"aoml_navis",1030.42205383223
"7901009",51,0,1,0.031773,1,0.009345,1,118.856764326621,1,4.85232200417705,712,1,8.05200004577637,34.9269981384277,0.0317730009555817,0,114.614196777344,-85.9291,23.6456,51.9619379239998,63,63,63,63,61,63,0,8520,1.66016505209534,24,-86,0.001869,51,2024-11-01 02:42:23.000276,712,1.037,0.0011,"aoml_navis",1030.43450036824
"7901009",51,0,1,0.029904,1,0.007476,1,118.921474977762,1,4.85227687358533,714,1,8.03899955749512,34.9249992370605,0.0299040004611015,0,114.676597595215,-85.9291,23.6456,51.9619379239998,63,63,63,63,61,63,0,8520,1.66016505209534,24,-86,0.001869,51,2024-11-01 02:42:23.000276,714,1.037,0.0011,"aoml_navis",1030.44408434705
"7901009",51,0,1,0.031773,1,0.009345,1,119.030990179265,1,4.85222574188808,716,1,8.02299976348877,34.923999786377,0.0317730009555817,0,114.782203674316,-85.9291,23.6456,51.9619379239998,63,63,63,63,61,63,0,8520,1.66016505209534,24,-86,0.001869,51,2024-11-01 02:42:23.000276,716,1.037,0.0011,"aoml_navis",1030.45494294221
"7901009",51,0,1,0.028035,1,0.005607,1,119.137071657503,1,4.85217807924518,718,1,8.0019998550415,34.9210014343262,0.0280349999666214,0,114.884498596191,-85.9291,23.6456,51.9619379239998,63,63,63,63,61,63,0,8520,1.66016505209534,24,-86,0.001869,51,2024-11-01 02:42:23.000276,718,1.037,0.0011,"aoml_navis",1030.4650650369
"7901009",51,0,1,0.028035,1,0.005607,1,119.238595936197,1,4.85212501409043,720,1,7.97399997711182,34.9179992675781,0.0280349999666214,0,114.982398986816,-85.9291,23.6456,51.9619379239998,63,63,63,63,61,63,0,8520,1.66016505209534,24,-86,0.001869,51,2024-11-01 02:42:23.000276,720,1.037,0.0011,"aoml_navis",1030.47633469462
"7901009",51,0,1,0.024297,1,0.001869,1,119.363349273671,1,4.85207816586166,722,1,7.9539999961853,34.9150009155273,0.0242970008403063,0,115.102699279785,-85.9291,23.6456,51.9619379239998,63,63,63,63,61,63,0,8520,1.66016505209534,24,-86,0.001869,51,2024-11-01 02:42:23.000276,722,1.037,0.0011,"aoml_navis",1030.48628424395
"7901009",51,0,1,0.031773,1,0.009345,1,119.410013098152,1,4.85203154564789,724,1,7.93900012969971,34.9129981994629,0.0317730009555817,0,115.14769744873,-85.9291,23.6456,51.9619379239998,63,63,63,63,61,63,0,8520,1.66016505209534,24,-86,0.001869,51,2024-11-01 02:42:23.000276,724,1.037,0.0011,"aoml_navis",1030.49618555857
"7901009",51,0,1,0.031773,1,0.009345,1,119.572205095755,1,4.8519802672043,725.900024414062,1,7.92000007629395,34.9119987487793,0.0317730009555817,0,115.304100036621,-85.9291,23.6456,51.9619379239998,63,63,63,63,61,63,0,8520,1.66016505209534,24,-86,0.001869,51,2024-11-01 02:42:23.000276,725.900024414062,1.037,0.0011,"aoml_navis",1030.50707641913
"7901009",51,0,1,0.026166,1,0.003738,1,119.685652464225,1,4.85192670377731,728,1,7.89400005340576,34.9090003967285,0.0261659994721413,0,115.413497924805,-85.9291,23.6456,51.9619379239998,63,63,63,63,61,63,0,8520,1.66016505209534,24,-86,0.001869,51,2024-11-01 02:42:23.000276,728,1.037,0.0011,"aoml_navis",1030.51845282564
"7901009",51,0,1,0.031773,1,0.009345,1,119.780752357453,1,4.85188028976254,730,1,7.88399982452393,34.9080009460449,0.0317730009555817,0,115.50520324707,-85.9291,23.6456,51.9619379239998,63,63,63,63,61,63,0,8520,1.66016505209534,24,-86,0.001869,51,2024-11-01 02:42:23.000276,730,1.037,0.0011,"aoml_navis",1030.52831096225
"7901009",51,0,1,0.029904,1,0.007476,1,119.983690149576,1,4.8518313918917,732,1,7.86600017547607,34.9059982299805,0.0299040004611015,0,115.700897216797,-85.9291,23.6456,51.9619379239998,63,63,63,63,61,63,0,8520,1.66016505209534,24,-86,0.001869,51,2024-11-01 02:42:23.000276,732,1.037,0.0011,"aoml_navis",1030.53869686319
"7901009",51,0,1,0.028035,1,0.005607,1,120.207689165973,1,4.85176707983232,734,1,7.82800006866455,34.9039993286133,0.0280349999666214,0,115.916900634766,-85.9291,23.6456,51.9619379239998,63,63,63,63,61,63,0,8520,1.66016505209534,24,-86,0.001869,51,2024-11-01 02:42:23.000276,734,1.037,0.0011,"aoml_navis",1030.55235705437
"7901009",51,0,1,0.029904,1,0.007476,1,120.361375973458,1,4.85172453761601,736,1,7.82299995422363,34.9029998779297,0.0299040004611015,0,116.065101623535,-85.9291,23.6456,51.9619379239998,63,63,63,63,61,63,0,8520,1.66016505209534,24,-86,0.001869,51,2024-11-01 02:42:23.000276,736,1.037,0.0011,"aoml_navis",1030.56139342504
"7901009",51,0,1,0.029904,1,0.007476,1,120.54347407184,1,4.85168276708791,738,1,7.81899976730347,34.9020004272461,0.0299040004611015,0,116.240699768066,-85.9291,23.6456,51.9619379239998,63,63,63,63,61,63,0,8520,1.66016505209534,24,-86,0.001869,51,2024-11-01 02:42:23.000276,738,1.037,0.0011,"aoml_navis",1030.57026603599
"7901009",51,0,1,0.031773,1,0.009345,1,121.010856026299,1,4.85163220154077,740,1,7.79400014877319,34.898998260498,0.0317730009555817,0,116.691398620605,-85.9291,23.6456,51.9619379239998,63,63,63,63,61,63,0,8520,1.66016505209534,24,-86,0.001869,51,2024-11-01 02:42:23.000276,740,1.037,0.0011,"aoml_navis",1030.58100702937
"7901009",51,0,1,0.028035,1,0.005607,1,121.572087808834,1,4.8515606153205,742,1,7.73199987411499,34.8940010070801,0.0280349999666214,0,117.232597351074,-85.9291,23.6456,51.9619379239998,63,63,63,63,61,63,0,8520,1.66016505209534,24,-86,0.001869,51,2024-11-01 02:42:23.000276,742,1.037,0.0011,"aoml_navis",1030.59621355874
"7901009",51,0,1,0.028035,1,0.005607,1,122.222817926827,1,4.85145161795126,744,1,7.61100006103516,34.8870010375977,0.0280349999666214,0,117.86009979248,-85.9291,23.6456,51.9619379239998,63,63,63,63,61,63,0,8520,1.66016505209534,24,-86,0.001869,51,2024-11-01 02:42:23.000276,744,1.037,0.0011,"aoml_navis",1030.6193679226
"7901009",51,0,1,0.028035,1,0.005607,1,122.62217418395,1,4.85139064058407,746,1,7.57200002670288,34.8839988708496,0.0280349999666214,0,118.24520111084,-85.9291,23.6456,51.9619379239998,63,63,63,63,61,63,0,8520,1.66016505209534,24,-86,0.001869,51,2024-11-01 02:42:23.000276,746,1.037,0.0011,"aoml_navis",1030.63232182804
"7901009",51,0,1,0.029904,1,0.007476,1,122.991244052447,1,4.85133804154707,748,1,7.54400014877319,34.8810005187988,0.0299040004611015,0,118.601097106934,-85.9291,23.6456,51.9619379239998,63,63,63,63,61,63,0,8520,1.66016505209534,24,-86,0.001869,51,2024-11-01 02:42:23.000276,748,1.037,0.0011,"aoml_navis",1030.64349612
"7901009",51,0,1,0.031773,1,0.009345,1,123.57291202668,1,4.85126649902823,750,1,7.48600006103516,34.8769989013672,0.0317730009555817,0,119.162002563477,-85.9291,23.6456,51.9619379239998,63,63,63,63,61,63,0,8520,1.66016505209534,24,-86,0.001869,51,2024-11-01 02:42:23.000276,750,1.037,0.0011,"aoml_navis",1030.65869520909
"7901009",51,0,1,0.028035,1,0.005607,1,124.137150295024,1,4.85117863496643,752,1,7.41099977493286,34.8740005493164,0.0280349999666214,0,119.706100463867,-85.9291,23.6456,51.9619379239998,63,63,63,63,61,63,0,8520,1.66016505209534,24,-86,0.001869,51,2024-11-01 02:42:23.000276,752,1.037,0.0011,"aoml_navis",1030.6773623962
"7901009",51,0,1,0.031773,1,0.009345,1,124.503213677712,1,4.85112629643025,754,1,7.38800001144409,34.8720016479492,0.0317730009555817,0,120.059097290039,-85.9291,23.6456,51.9619379239998,63,63,63,63,61,63,0,8520,1.66016505209534,24,-86,0.001869,51,2024-11-01 02:42:23.000276,754,1.037,0.0011,"aoml_navis",1030.68848231787
"7901009",51,0,1,0.026166,1,0.003738,1,124.963751921053,1,4.85105234394684,756,1,7.34100008010864,34.8709983825684,0.0261659994721413,0,120.503196716309,-85.9291,23.6456,51.9619379239998,63,63,63,63,61,63,0,8520,1.66016505209534,24,-86,0.001869,51,2024-11-01 02:42:23.000276,756,1.037,0.0011,"aoml_navis",1030.70419477931
"7901009",51,0,1,0.026166,1,0.003738,1,125.331271075816,1,4.85098289456076,758,1,7.29500007629395,34.8689994812012,0.0261659994721413,0,120.857597351074,-85.9291,23.6456,51.9619379239998,63,63,63,63,61,63,0,8520,1.66016505209534,24,-86,0.001869,51,2024-11-01 02:42:23.000276,758,1.037,0.0011,"aoml_navis",1030.71895091742
"7901009",51,0,1,0.029904,1,0.007476,1,125.631278800554,1,4.85093667474432,760,1,7.28499984741211,34.8680000305176,0.0299040004611015,0,121.146896362305,-85.9291,23.6456,51.9619379239998,63,63,63,63,61,63,0,8520,1.66016505209534,24,-86,0.001869,51,2024-11-01 02:42:23.000276,760,1.037,0.0011,"aoml_navis",1030.72877162709
"7901009",51,0,1,0.029904,1,0.007476,1,126.117641174634,1,4.85088300615508,762,1,7.2649998664856,34.867000579834,0.0299040004611015,0,121.615898132324,-85.9291,23.6456,51.9619379239998,63,63,63,63,61,63,0,8520,1.66016505209534,24,-86,0.001869,51,2024-11-01 02:42:23.000276,762,1.037,0.0011,"aoml_navis",1030.74017527442
"7901009",51,0,1,0.028035,1,0.005607,1,126.609288634295,1,4.85078997735792,764,1,7.19199991226196,34.8660011291504,0.0280349999666214,0,122.089996337891,-85.9291,23.6456,51.9619379239998,63,63,63,63,61,63,0,8520,1.66016505209534,24,-86,0.001869,51,2024-11-01 02:42:23.000276,764,1.037,0.0011,"aoml_navis",1030.75994288323
"7901009",51,0,1,0.031773,1,0.009345,1,126.865955492551,1,4.85072527386342,766,1,7.15700006484985,34.8650016784668,0.0317730009555817,0,122.337501525879,-85.9291,23.6456,51.9619379239998,63,63,63,63,61,63,0,8520,1.66016505209534,24,-86,0.001869,51,2024-11-01 02:42:23.000276,766,1.037,0.0011,"aoml_navis",1030.77369212
"7901009",51,0,1,0.029904,1,0.007476,1,127.090777336643,1,4.8506644247992,768.099975585938,1,7.13500022888184,34.8650016784668,0.0299040004611015,0,122.554298400879,-85.9291,23.6456,51.9619379239998,63,63,63,63,61,63,0,8520,1.66016505209534,24,-86,0.001869,51,2024-11-01 02:42:23.000276,768.099975585938,1.037,0.0011,"aoml_navis",1030.78662264025
"7901009",51,0,1,0.029904,1,0.007476,1,127.214288520769,1,4.85061743856981,770,1,7.12099981307983,34.8639984130859,0.0299040004611015,0,122.673400878906,-85.9291,23.6456,51.9619379239998,63,63,63,63,61,63,0,8520,1.66016505209534,24,-86,0.001869,51,2024-11-01 02:42:23.000276,770,1.037,0.0011,"aoml_navis",1030.79660750864
"7901009",51,0,1,0.031773,1,0.009345,1,127.337799704895,1,4.85057055182077,772,1,7.11499977111816,34.8639984130859,0.0317730009555817,0,122.792503356934,-85.9291,23.6456,51.9619379239998,63,63,63,63,61,63,0,8520,1.66016505209534,24,-86,0.001869,51,2024-11-01 02:42:23.000276,772,1.037,0.0011,"aoml_navis",1030.80657142965
"7901009",51,0,1,0.029904,1,0.007476,1,127.552977058983,1,4.85051848769024,774,1,7.09700012207031,34.8629989624023,0.0299040004611015,0,123,-85.9291,23.6456,51.9619379239998,63,63,63,63,61,63,0,8520,1.66016505209534,24,-86,0.001869,51,2024-11-01 02:42:23.000276,774,1.037,0.0011,"aoml_navis",1030.8176358237
"7901009",51,0,1,0.029904,1,0.007476,1,127.73227437848,1,4.85046275634744,776,1,7.0789999961853,34.8629989624023,0.0299040004611015,0,123.172897338867,-85.9291,23.6456,51.9619379239998,63,63,63,63,61,63,0,8520,1.66016505209534,24,-86,0.001869,51,2024-11-01 02:42:23.000276,776,1.037,0.0011,"aoml_navis",1030.82947981754
"7901009",51,0,1,0.031773,1,0.009345,1,127.929515671175,1,4.85041145659614,778,1,7.06699991226196,34.8629989624023,0.0317730009555817,0,123.363098144531,-85.9291,23.6456,51.9619379239998,63,63,63,63,61,63,0,8520,1.66016505209534,24,-86,0.001869,51,2024-11-01 02:42:23.000276,778,1.037,0.0011,"aoml_navis",1030.84038225261
"7901009",51,0,1,0.028035,1,0.005607,1,128.112658127785,1,4.8503608986641,780,1,7.05600023269653,34.8629989624023,0.0280349999666214,0,123.539703369141,-85.9291,23.6456,51.9619379239998,63,63,63,63,61,63,0,8520,1.66016505209534,24,-86,0.001869,51,2024-11-01 02:42:23.000276,780,1.037,0.0011,"aoml_navis",1030.85112725882
"7901009",51,0,1,0.028035,1,0.005607,1,128.372948592622,1,4.85031328729421,782,1,7.04400014877319,34.8619995117188,0.0280349999666214,0,123.790702819824,-85.9291,23.6456,51.9619379239998,63,63,63,63,61,63,0,8520,1.66016505209534,24,-86,0.001869,51,2024-11-01 02:42:23.000276,782,1.037,0.0011,"aoml_navis",1030.86124624113
"7901009",51,0,1,0.029904,1,0.007476,1,128.692553857752,1,4.85025979556888,784,1,7.02899980545044,34.8619995117188,0.0299040004611015,0,124.098899841309,-85.9291,23.6456,51.9619379239998,63,63,63,63,61,63,0,8520,1.66016505209534,24,-86,0.001869,51,2024-11-01 02:42:23.000276,784,1.037,0.0011,"aoml_navis",1030.87261522938
"7901009",51,0,1,0.031773,1,0.009345,1,129.107978990345,1,4.85019602785444,786,1,7,34.8619995117188,0.0317730009555817,0,124.499496459961,-85.9291,23.6456,51.9619379239998,63,63,63,63,61,63,0,8520,1.66016505209534,24,-86,0.001869,51,2024-11-01 02:42:23.000276,786,1.037,0.0011,"aoml_navis",1030.88616857654
"7901009",51,0,1,0.028035,1,0.005607,1,129.584491167498,1,4.85012861410996,788,1,6.97100019454956,34.8629989624023,0.0280349999666214,0,124.958999633789,-85.9291,23.6456,51.9619379239998,63,63,63,63,61,63,0,8520,1.66016505209534,24,-86,0.001869,51,2024-11-01 02:42:23.000276,788,1.037,0.0011,"aoml_navis",1030.90049724744
"7901009",51,0,1,0.024297,1,0.001869,1,129.926289044983,1,4.8500795728888,790,1,6.95699977874756,34.8619995117188,0.0242970008403063,0,125.288597106934,-85.9291,23.6456,51.9619379239998,63,63,63,63,61,63,0,8520,1.66016505209534,24,-86,0.001869,51,2024-11-01 02:42:23.000276,790,1.037,0.0011,"aoml_navis",1030.91092112163
"7901009",51,0,1,0.029904,1,0.007476,1,130.283546588972,1,4.85002759200625,792,1,6.94399976730347,34.8619995117188,0.0299040004611015,0,125.633102416992,-85.9291,23.6456,51.9619379239998,63,63,63,63,61,63,0,8520,1.66016505209534,24,-86,0.001869,51,2024-11-01 02:42:23.000276,792,1.037,0.0011,"aoml_navis",1030.92197006073
"7901009",51,0,1,0.031773,1,0.009345,1,130.666098172782,1,4.84996026390233,794,1,6.90999984741211,34.8619995117188,0.0317730009555817,0,126.001998901367,-85.9291,23.6456,51.9619379239998,63,63,63,63,61,63,0,8520,1.66016505209534,24,-86,0.001869,51,2024-11-01 02:42:23.000276,794,1.037,0.0011,"aoml_navis",1030.93628152263
"7901009",51,0,1,0.029904,1,0.007476,1,130.922139998461,1,4.84990316515505,796,1,6.89499998092651,34.8629989624023,0.0299040004611015,0,126.248901367188,-85.9291,23.6456,51.9619379239998,63,63,63,63,61,63,0,8520,1.66016505209534,24,-86,0.001869,51,2024-11-01 02:42:23.000276,796,1.037,0.0011,"aoml_navis",1030.94841891346
"7901009",51,0,1,0.033642,1,0.011214,1,131.103723829534,1,4.84985121245307,798,1,6.88199996948242,34.8629989624023,0.0336420014500618,0,126.424003601074,-85.9291,23.6456,51.9619379239998,63,63,63,63,61,63,0,8520,1.66016505209534,24,-86,0.001869,51,2024-11-01 02:42:23.000276,798,1.037,0.0011,"aoml_navis",1030.95946266586
"7901009",51,0,1,0.028035,1,0.005607,1,131.253881972095,1,4.84979999481742,800,1,6.86999988555908,34.8629989624023,0.0280349999666214,0,126.568801879883,-85.9291,23.6456,51.9619379239998,63,63,63,63,61,63,0,8520,1.66016505209534,24,-86,0.001869,51,2024-11-01 02:42:23.000276,800,1.037,0.0011,"aoml_navis",1030.97035039447
"7901009",51,0,1,0.028035,1,0.005607,1,131.29629715742,1,4.8497472900284,802,1,6.86100006103516,34.8639984130859,0.0280349999666214,0,126.609703063965,-85.9291,23.6456,51.9619379239998,63,63,63,63,61,63,0,8520,1.66016505209534,24,-86,0.001869,51,2024-11-01 02:42:23.000276,802,1.037,0.0011,"aoml_navis",1030.98155449884
"7901009",51,0,1,0.033642,1,0.011214,1,131.400614303195,1,4.849698947266,804,1,6.85799980163574,34.8650016784668,0.0336420014500618,0,126.710296630859,-85.9291,23.6456,51.9619379239998,63,63,63,63,61,63,0,8520,1.66016505209534,24,-86,0.001869,51,2024-11-01 02:42:23.000276,804,1.037,0.0011,"aoml_navis",1030.99183152776
"7901009",51,0,1,0.031773,1,0.009345,1,131.544450913752,1,4.8496477049624,806,1,6.85099983215332,34.8660011291504,0.0317730009555817,0,126.848999023438,-85.9291,23.6456,51.9619379239998,63,63,63,63,61,63,0,8520,1.66016505209534,24,-86,0.001869,51,2024-11-01 02:42:23.000276,806,1.037,0.0011,"aoml_navis",1031.0027251843
"7901009",51,0,1,0.028035,1,0.005607,1,131.752167435951,1,4.84959795816657,808,1,6.84100008010864,34.8660011291504,0.0280349999666214,0,127.049301147461,-85.9291,23.6456,51.9619379239998,63,63,63,63,61,63,0,8520,1.66016505209534,24,-86,0.001869,51,2024-11-01 02:42:23.000276,808,1.037,0.0011,"aoml_navis",1031.01330112946
"7901009",51,0,1,0.029904,1,0.007476,1,131.999909778436,1,4.84955407867719,810,1,6.83400011062622,34.8650016784668,0.0299040004611015,0,127.288200378418,-85.9291,23.6456,51.9619379239998,63,63,63,63,61,63,0,8520,1.66016505209534,24,-86,0.001869,51,2024-11-01 02:42:23.000276,810,1.037,0.0011,"aoml_navis",1031.02262989175
"7901009",51,0,1,0.031773,1,0.009345,1,132.337459016765,1,4.8495006980132,812,1,6.81899976730347,34.8650016784668,0.0317730009555817,0,127.613700866699,-85.9291,23.6456,51.9619379239998,63,63,63,63,61,63,0,8520,1.66016505209534,24,-86,0.001869,51,2024-11-01 02:42:23.000276,812,1.037,0.0011,"aoml_navis",1031.03397882765
"7901009",51,0,1,0.031773,1,0.009345,1,132.664121611742,1,4.84944956411754,814,1,6.80200004577637,34.8639984130859,0.0317730009555817,0,127.928703308105,-85.9291,23.6456,51.9619379239998,63,63,63,63,61,63,0,8520,1.66016505209534,24,-86,0.001869,51,2024-11-01 02:42:23.000276,814,1.037,0.0011,"aoml_navis",1031.04485032619
"7901009",51,0,1,0.028035,1,0.005607,1,132.925757083388,1,4.84940205960183,816,1,6.78999996185303,34.8629989624023,0.0280349999666214,0,128.180999755859,-85.9291,23.6456,51.9619379239998,63,63,63,63,61,63,0,8520,1.66016505209534,24,-86,0.001869,51,2024-11-01 02:42:23.000276,816,1.037,0.0011,"aoml_navis",1031.05495039331
"7901009",51,0,1,0.029904,1,0.007476,1,133.086699015838,1,4.84935015500967,818,1,6.77699995040894,34.8629989624023,0.0299040004611015,0,128.336196899414,-85.9291,23.6456,51.9619379239998,63,63,63,63,61,63,0,8520,1.66016505209534,24,-86,0.001869,51,2024-11-01 02:42:23.000276,818,1.037,0.0011,"aoml_navis",1031.06598619914
"7901009",51,0,1,0.029904,1,0.007476,1,133.158569850289,1,4.84929970810343,820,1,6.76599979400635,34.8629989624023,0.0299040004611015,0,128.405502319336,-85.9291,23.6456,51.9619379239998,63,63,63,63,61,63,0,8520,1.66016505209534,24,-86,0.001869,51,2024-11-01 02:42:23.000276,820,1.037,0.0011,"aoml_navis",1031.07671230234
"7901009",51,0,1,0.028035,1,0.005607,1,133.248068185746,1,4.84924854031704,822,1,6.75400018692017,34.8629989624023,0.0280349999666214,0,128.491806030273,-85.9291,23.6456,51.9619379239998,63,63,63,63,61,63,0,8520,1.66016505209534,24,-86,0.001869,51,2024-11-01 02:42:23.000276,822,1.037,0.0011,"aoml_navis",1031.08759190823
"7901009",51,0,1,0.029904,1,0.007476,1,133.301884281732,1,4.84919955286095,824,1,6.74499988555908,34.8629989624023,0.0299040004611015,0,128.543701171875,-85.9291,23.6456,51.9619379239998,63,63,63,63,61,63,0,8520,1.66016505209534,24,-86,0.001869,51,2024-11-01 02:42:23.000276,824,1.037,0.0011,"aoml_navis",1031.09800813416
"7901009",51,0,1,0.031773,1,0.009345,1,133.307280132579,1,4.8491534693385,826,1,6.73999977111816,34.8629989624023,0.0317730009555817,0,128.548904418945,-85.9291,23.6456,51.9619379239998,63,63,63,63,61,63,0,8520,1.66016505209534,24,-86,0.001869,51,2024-11-01 02:42:23.000276,826,1.037,0.0011,"aoml_navis",1031.10780708743
"7901009",51,0,1,0.031773,1,0.009345,1,133.389104017418,1,4.84910956373407,828,1,6.73799991607666,34.8629989624023,0.0317730009555817,0,128.627807617188,-85.9291,23.6456,51.9619379239998,63,63,63,63,61,63,0,8520,1.66016505209534,24,-86,0.001869,51,2024-11-01 02:42:23.000276,828,1.037,0.0011,"aoml_navis",1031.11714311312
"7901009",51,0,1,0.026166,1,0.003738,1,133.445926599213,1,4.84906420940494,830,1,6.73400020599365,34.8629989624023,0.0261659994721413,0,128.682601928711,-85.9291,23.6456,51.9619379239998,63,63,63,63,61,63,0,8520,1.66016505209534,24,-86,0.001869,51,2024-11-01 02:42:23.000276,830,1.037,0.0011,"aoml_navis",1031.12678737112
"7901009",51,0,1,0.033642,1,0.011214,1,133.555125328526,1,4.84902108445914,832,1,6.72800016403198,34.8619995117188,0.0336420014500618,0,128.787902832031,-85.9291,23.6456,51.9619379239998,63,63,63,63,61,63,0,8520,1.66016505209534,24,-86,0.001869,51,2024-11-01 02:42:23.000276,832,1.037,0.0011,"aoml_navis",1031.1359577348
"7901009",51,0,1,0.029904,1,0.007476,1,133.664418999496,1,4.84896123858487,834,1,6.7039999961853,34.8619995117188,0.0299040004611015,0,128.893295288086,-85.9291,23.6456,51.9619379239998,63,63,63,63,61,63,0,8520,1.66016505209534,24,-86,0.001869,51,2024-11-01 02:42:23.000276,834,1.037,0.0011,"aoml_navis",1031.14868401365
"7901009",51,0,1,0.029904,1,0.007476,1,133.702063366549,1,4.84891226908736,836,1,6.69500017166138,34.8619995117188,0.0299040004611015,0,128.929595947266,-85.9291,23.6456,51.9619379239998,63,63,63,63,61,63,0,8520,1.66016505209534,24,-86,0.001869,51,2024-11-01 02:42:23.000276,836,1.037,0.0011,"aoml_navis",1031.15909765492
"7901009",51,0,1,0.031773,1,0.009345,1,133.736289833946,1,4.84886396734052,838,1,6.69199991226196,34.8629989624023,0.0317730009555817,0,128.962600708008,-85.9291,23.6456,51.9619379239998,63,63,63,63,61,63,0,8520,1.66016505209534,24,-86,0.001869,51,2024-11-01 02:42:23.000276,838,1.037,0.0011,"aoml_navis",1031.16936950128
"7901009",51,0,1,0.028035,1,0.005607,1,133.805660538092,1,4.84882007030708,840,1,6.69000005722046,34.8629989624023,0.0280349999666214,0,129.029495239258,-85.9291,23.6456,51.9619379239998,63,63,63,63,61,63,0,8520,1.66016505209534,24,-86,0.001869,51,2024-11-01 02:42:23.000276,840,1.037,0.0011,"aoml_navis",1031.17870481908
"7901009",51,0,1,0.035511,1,0.013083,1,133.844649911954,1,4.84877985339132,842,1,6.68800020217896,34.8619995117188,0.0355109982192516,0,129.067092895508,-85.9291,23.6456,51.9619379239998,63,63,63,63,61,63,0,8520,1.66016505209534,24,-86,0.001869,51,2024-11-01 02:42:23.000276,842,1.037,0.0011,"aoml_navis",1031.18725765677
"7901009",51,0,1,0.028035,1,0.005607,1,133.856691678801,1,4.84873378729961,844,1,6.68300008773804,34.8619995117188,0.0280349999666214,0,129.078704833984,-85.9291,23.6456,51.9619379239998,63,63,63,63,61,63,0,8520,1.66016505209534,24,-86,0.001869,51,2024-11-01 02:42:23.000276,844,1.037,0.0011,"aoml_navis",1031.19705459941
"7901009",51,0,1,0.029904,1,0.007476,1,133.860426050648,1,4.84868844715098,846,1,6.67899990081787,34.8619995117188,0.0299040004611015,0,129.082305908203,-85.9291,23.6456,51.9619379239998,63,63,63,63,61,63,0,8520,1.66016505209534,24,-86,0.001869,51,2024-11-01 02:42:23.000276,846,1.037,0.0011,"aoml_navis",1031.20669733646
"7901009",51,0,1,0.029904,1,0.007476,1,133.881677158236,1,4.84864093674987,848,1,6.67199993133545,34.8619995117188,0.0299040004611015,0,129.102798461914,-85.9291,23.6456,51.9619379239998,63,63,63,63,61,63,0,8520,1.66016505209534,24,-86,0.001869,51,2024-11-01 02:42:23.000276,848,1.037,0.0011,"aoml_navis",1031.21680182645
"7901009",51,0,1,0.029904,1,0.007476,1,133.835219040679,1,4.84859342863806,850,1,6.66499996185303,34.8619995117188,0.0299040004611015,0,129.057998657227,-85.9291,23.6456,51.9619379239998,63,63,63,63,61,63,0,8520,1.66016505209534,24,-86,0.001869,51,2024-11-01 02:42:23.000276,850,1.037,0.0011,"aoml_navis",1031.22690602756
"7901009",51,0,1,0.033642,1,0.011214,1,133.865094015457,1,4.84854085822046,852,1,6.65100002288818,34.8619995117188,0.0336420014500618,0,129.086807250977,-85.9291,23.6456,51.9619379239998,63,63,63,63,61,63,0,8520,1.66016505209534,24,-86,0.001869,51,2024-11-01 02:42:23.000276,852,1.037,0.0011,"aoml_navis",1031.2380871294
"7901009",51,0,1,0.024297,1,0.001869,1,133.951047862382,1,4.84849197252777,854,1,6.63700008392334,34.8610000610352,0.0242970008403063,0,129.169692993164,-85.9291,23.6456,51.9619379239998,63,63,63,63,61,63,0,8520,1.66016505209534,24,-86,0.001869,51,2024-11-01 02:42:23.000276,854,1.037,0.0011,"aoml_navis",1031.24848475169
"7901009",51,0,1,0.029904,1,0.007476,1,133.964640342962,1,4.84843718264256,856,1,6.625,34.8619995117188,0.0299040004611015,0,129.182800292969,-85.9291,23.6456,51.9619379239998,63,63,63,63,61,63,0,8520,1.66016505209534,24,-86,0.001869,51,2024-11-01 02:42:23.000276,856,1.037,0.0011,"aoml_navis",1031.26013840089
"7901009",51,0,1,0.028035,1,0.005607,1,133.973343328199,1,4.8483823310377,858,1,6.61800003051758,34.8639984130859,0.0280349999666214,0,129.191192626953,-85.9291,23.6456,51.9619379239998,63,63,63,63,61,63,0,8520,1.66016505209534,24,-86,0.001869,51,2024-11-01 02:42:23.000276,858,1.037,0.0011,"aoml_navis",1031.27180544152
"7901009",51,0,1,0.026166,1,0.003738,1,133.912992081481,1,4.84834133870194,860,1,6.61999988555908,34.8639984130859,0.0261659994721413,0,129.132995605469,-85.9291,23.6456,51.9619379239998,63,63,63,63,61,63,0,8520,1.66016505209534,24,-86,0.001869,51,2024-11-01 02:42:23.000276,860,1.037,0.0011,"aoml_navis",1031.28052476162
"7901009",51,0,1,0.024297,1,0.001869,1,133.845077149411,1,4.84829593551007,862,1,6.62099981307983,34.8650016784668,0.0242970008403063,0,129.067504882812,-85.9291,23.6456,51.9619379239998,63,63,63,63,61,63,0,8520,1.66016505209534,24,-86,0.001869,51,2024-11-01 02:42:23.000276,862,1.037,0.0011,"aoml_navis",1031.29018246985
"7901009",51,0,1,0.031773,1,0.009345,1,133.827449648404,1,4.84825567345273,864,1,6.62400007247925,34.8650016784668,0.0317730009555817,0,129.050506591797,-85.9291,23.6456,51.9619379239998,63,63,63,63,61,63,0,8520,1.66016505209534,24,-86,0.001869,51,2024-11-01 02:42:23.000276,864,1.037,0.0011,"aoml_navis",1031.2987467592
"7901009",51,0,1,0.029904,1,0.007476,1,133.989736587664,1,4.84820004322146,866,1,6.62099981307983,34.8680000305176,0.0299040004611015,0,129.207000732422,-85.9291,23.6456,51.9619379239998,63,63,63,63,61,63,0,8520,1.66016505209534,24,-86,0.001869,51,2024-11-01 02:42:23.000276,866,1.037,0.0011,"aoml_navis",1031.31058030305
"7901009",51,0,1,0.029904,1,0.007476,1,134.24193327623,1,4.84816129418042,868,1,6.62099981307983,34.867000579834,0.0299040004611015,0,129.4501953125,-85.9291,23.6456,51.9619379239998,63,63,63,63,61,63,0,8520,1.66016505209534,24,-86,0.001869,51,2024-11-01 02:42:23.000276,868,1.037,0.0011,"aoml_navis",1031.31882307667
"7901009",51,0,1,0.029904,1,0.007476,1,134.646796149466,1,4.84808707871229,870,1,6.5770001411438,34.867000579834,0.0299040004611015,0,129.840606689453,-85.9291,23.6456,51.9619379239998,63,63,63,63,61,63,0,8520,1.66016505209534,24,-86,0.001869,51,2024-11-01 02:42:23.000276,870,1.037,0.0011,"aoml_navis",1031.33461070754
"7901009",51,0,1,0.029904,1,0.007476,1,134.815096060345,1,4.84802438644171,872,1,6.55399990081787,34.8680000305176,0.0299040004611015,0,130.002899169922,-85.9291,23.6456,51.9619379239998,63,63,63,63,61,63,0,8520,1.66016505209534,24,-86,0.001869,51,2024-11-01 02:42:23.000276,872,1.037,0.0011,"aoml_navis",1031.34794742025
"7901009",51,0,1,0.028035,1,0.005607,1,134.955514771245,1,4.84797979341494,874,1,6.55100011825562,34.8680000305176,0.0280349999666214,0,130.138305664062,-85.9291,23.6456,51.9619379239998,63,63,63,63,61,63,0,8520,1.66016505209534,24,-86,0.001869,51,2024-11-01 02:42:23.000276,874,1.037,0.0011,"aoml_navis",1031.35743403707
"7901009",51,0,1,0.029904,1,0.007476,1,135.225244019161,1,4.84793015875851,876,1,6.54099988937378,34.8680000305176,0.0299040004611015,0,130.398406982422,-85.9291,23.6456,51.9619379239998,63,63,63,63,61,63,0,8520,1.66016505209534,24,-86,0.001869,51,2024-11-01 02:42:23.000276,876,1.037,0.0011,"aoml_navis",1031.36799340369
"7901009",51,0,1,0.029904,1,0.007476,1,135.443942126368,1,4.84787620909033,878,1,6.52500009536743,34.8680000305176,0.0299040004611015,0,130.609298706055,-85.9291,23.6456,51.9619379239998,63,63,63,63,61,63,0,8520,1.66016505209534,24,-86,0.001869,51,2024-11-01 02:42:23.000276,878,1.037,0.0011,"aoml_navis",1031.37947099895
"7901009",51,0,1,0.029904,1,0.007476,1,135.749765027605,1,4.84782298750603,880,1,6.51000022888184,34.8680000305176,0.0299040004611015,0,130.904205322266,-85.9291,23.6456,51.9619379239998,63,63,63,63,61,63,0,8520,1.66016505209534,24,-86,0.001869,51,2024-11-01 02:42:23.000276,880,1.037,0.0011,"aoml_navis",1031.39079394734
"7901009",51,0,1,0.026166,1,0.003738,1,136.018655624216,1,4.84777480475416,882,1,6.5019998550415,34.8680000305176,0.0261659994721413,0,131.163497924805,-85.9291,23.6456,51.9619379239998,63,63,63,63,61,63,0,8520,1.66016505209534,24,-86,0.001869,51,2024-11-01 02:42:23.000276,882,1.037,0.0011,"aoml_navis",1031.40104509322
"7901009",51,0,1,0.029904,1,0.007476,1,136.359527820545,1,4.84772886504012,884,1,6.49200010299683,34.867000579834,0.0299040004611015,0,131.492202758789,-85.9291,23.6456,51.9619379239998,63,63,63,63,61,63,0,8520,1.66016505209534,24,-86,0.001869,51,2024-11-01 02:42:23.000276,884,1.037,0.0011,"aoml_navis",1031.41081921021
"7901009",51,0,1,0.031773,1,0.009345,1,136.849094475554,1,4.84767063492725,886,1,6.46999979019165,34.867000579834,0.0317730009555817,0,131.964294433594,-85.9291,23.6456,51.9619379239998,63,63,63,63,61,63,0,8520,1.66016505209534,24,-86,0.001869,51,2024-11-01 02:42:23.000276,886,1.037,0.0011,"aoml_navis",1031.42320849424
"7901009",51,0,1,0.033642,1,0.011214,1,137.250112211676,1,4.84760525735341,888,1,6.43800020217896,34.867000579834,0.0336420014500618,0,132.350997924805,-85.9291,23.6456,51.9619379239998,63,63,63,63,61,63,0,8520,1.66016505209534,24,-86,0.001869,51,2024-11-01 02:42:23.000276,888,1.037,0.0011,"aoml_navis",1031.43711885687
"7901009",51,0,1,0.028035,1,0.005607,1,137.563403856607,1,4.84756148718284,890,1,6.43100023269653,34.8660011291504,0.0280349999666214,0,132.653106689453,-85.9291,23.6456,51.9619379239998,63,63,63,63,61,63,0,8520,1.66016505209534,24,-86,0.001869,51,2024-11-01 02:42:23.000276,890,1.037,0.0011,"aoml_navis",1031.44643202984
"7901009",51,0,1,0.035511,1,0.013083,1,137.924277095372,1,4.84751690599254,892,1,6.42799997329712,34.8660011291504,0.0355109982192516,0,133.001098632812,-85.9291,23.6456,51.9619379239998,63,63,63,63,61,63,0,8520,1.66016505209534,24,-86,0.001869,51,2024-11-01 02:42:23.000276,892,1.037,0.0011,"aoml_navis",1031.45591793996
"7901009",51,0,1,0.029904,1,0.007476,1,138.636814232159,1,4.84747027553965,894,1,6.41699981689453,34.8650016784668,0.0299040004611015,0,133.688201904297,-85.9291,23.6456,51.9619379239998,63,63,63,63,61,63,0,8520,1.66016505209534,24,-86,0.001869,51,2024-11-01 02:42:23.000276,894,1.037,0.0011,"aoml_navis",1031.46584007539
"7901009",51,0,1,0.029904,1,0.007476,1,139.506558929549,1,4.84740793426812,896,1,6.38399982452393,34.8639984130859,0.0299040004611015,0,134.526901245117,-85.9291,23.6456,51.9619379239998,63,63,63,63,61,63,0,8520,1.66016505209534,24,-86,0.001869,51,2024-11-01 02:42:23.000276,896,1.037,0.0011,"aoml_navis",1031.4791054933
"7901009",51,0,1,0.031773,1,0.009345,1,140.211833029565,1,4.84733078009707,898,1,6.32499980926514,34.8619995117188,0.0317730009555817,0,135.207000732422,-85.9291,23.6456,51.9619379239998,63,63,63,63,61,63,0,8520,1.66016505209534,24,-86,0.001869,51,2024-11-01 02:42:23.000276,898,1.037,0.0011,"aoml_navis",1031.49552337748
"7901009",51,0,1,0.033642,1,0.011214,1,140.41404293565,1,4.84727624268558,900,1,6.30800008773804,34.8619995117188,0.0336420014500618,0,135.401992797852,-85.9291,23.6456,51.9619379239998,63,63,63,63,61,63,0,8520,1.66016505209534,24,-86,0.001869,51,2024-11-01 02:42:23.000276,900,1.037,0.0011,"aoml_navis",1031.50712888395
"7901009",51,0,1,0.029904,1,0.007476,1,140.689895920452,1,4.8472289459925,902,1,6.2960000038147,34.8610000610352,0.0299040004611015,0,135.667999267578,-85.9291,23.6456,51.9619379239998,63,63,63,63,61,63,0,8520,1.66016505209534,24,-86,0.001869,51,2024-11-01 02:42:23.000276,902,1.037,0.0011,"aoml_navis",1031.51719378426
"7901009",51,0,1,0.024297,1,0.001869,1,140.887659392261,1,4.84717655593915,904,1,6.28200006484985,34.8610000610352,0.0242970008403063,0,135.858703613281,-85.9291,23.6456,51.9619379239998,63,63,63,63,61,63,0,8520,1.66016505209534,24,-86,0.001869,51,2024-11-01 02:42:23.000276,904,1.037,0.0011,"aoml_navis",1031.52834279857
"7901009",51,0,1,0.029904,1,0.007476,1,141.095265149193,1,4.84712843144966,906,1,6.27400016784668,34.8610000610352,0.0299040004611015,0,136.058898925781,-85.9291,23.6456,51.9619379239998,63,63,63,63,61,63,0,8520,1.66016505209534,24,-86,0.001869,51,2024-11-01 02:42:23.000276,906,1.037,0.0011,"aoml_navis",1031.53858427981
"7901009",51,0,1,0.033642,1,0.011214,1,141.3156247354,1,4.84708030923979,908,1,6.26599979400635,34.8610000610352,0.0336420014500618,0,136.271392822266,-85.9291,23.6456,51.9619379239998,63,63,63,63,61,63,0,8520,1.66016505209534,24,-86,0.001869,51,2024-11-01 02:42:23.000276,908,1.037,0.0011,"aoml_navis",1031.54882547927
"7901009",51,0,1,0.028035,1,0.005607,1,141.622064757408,1,4.84702864288256,910,1,6.25299978256226,34.8610000610352,0.0280349999666214,0,136.56689453125,-85.9291,23.6456,51.9619379239998,63,63,63,63,61,63,0,8520,1.66016505209534,24,-86,0.001869,51,2024-11-01 02:42:23.000276,910,1.037,0.0011,"aoml_navis",1031.55982115808
"7901009",51,0,1,0.029904,1,0.007476,1,141.897506328361,1,4.8469776915427,912,1,6.24100017547607,34.8610000610352,0.0299040004611015,0,136.832504272461,-85.9291,23.6456,51.9619379239998,63,63,63,63,61,63,0,8520,1.66016505209534,24,-86,0.001869,51,2024-11-01 02:42:23.000276,912,1.037,0.0011,"aoml_navis",1031.57066489584
"7901009",51,0,1,0.029904,1,0.007476,1,142.162662553126,1,4.84692165011126,914,1,6.22700023651123,34.8619995117188,0.0299040004611015,0,137.088195800781,-85.9291,23.6456,51.9619379239998,63,63,63,63,61,63,0,8520,1.66016505209534,24,-86,0.001869,51,2024-11-01 02:42:23.000276,914,1.037,0.0011,"aoml_navis",1031.58259219751
"7901009",51,0,1,0.033642,1,0.011214,1,142.384272204485,1,4.84686632336287,916,1,6.21400022506714,34.8629989624023,0.0336420014500618,0,137.301895141602,-85.9291,23.6456,51.9619379239998,63,63,63,63,61,63,0,8520,1.66016505209534,24,-86,0.001869,51,2024-11-01 02:42:23.000276,916,1.037,0.0011,"aoml_navis",1031.5943676637
"7901009",51,0,1,0.031773,1,0.009345,1,142.613556306462,1,4.84681397272943,918,1,6.19999980926514,34.8629989624023,0.0317730009555817,0,137.522994995117,-85.9291,23.6456,51.9619379239998,63,63,63,63,61,63,0,8520,1.66016505209534,24,-86,0.001869,51,2024-11-01 02:42:23.000276,918,1.037,0.0011,"aoml_navis",1031.60550995612
"7901009",51,0,1,0.029904,1,0.007476,1,142.889298525997,1,4.84676290118566,920,1,6.19299983978271,34.8639984130859,0.0299040004611015,0,137.78889465332,-85.9291,23.6456,51.9619379239998,63,63,63,63,61,63,0,8520,1.66016505209534,24,-86,0.001869,51,2024-11-01 02:42:23.000276,920,1.037,0.0011,"aoml_navis",1031.61638023945
"7901009",51,0,1,0.029904,1,0.007476,1,143.282847518425,1,4.84671692456678,922,1,6.18800020217896,34.8639984130859,0.0299040004611015,0,138.168395996094,-85.9291,23.6456,51.9619379239998,63,63,63,63,61,63,0,8520,1.66016505209534,24,-86,0.001869,51,2024-11-01 02:42:23.000276,922,1.037,0.0011,"aoml_navis",1031.62616629337
"7901009",51,0,1,0.028035,1,0.005607,1,143.807067878288,1,4.8466573615022,924,1,6.16900014877319,34.8650016784668,0.0280349999666214,0,138.673904418945,-85.9291,23.6456,51.9619379239998,63,63,63,63,61,63,0,8520,1.66016505209534,24,-86,0.001869,51,2024-11-01 02:42:23.000276,924,1.037,0.0011,"aoml_navis",1031.63884447781
"7901009",51,0,1,0.029904,1,0.007476,1,144.469190995137,1,4.84658935941798,926,1,6.13800001144409,34.8660011291504,0.0299040004611015,0,139.312393188477,-85.9291,23.6456,51.9619379239998,63,63,63,63,61,63,0,8520,1.66016505209534,24,-86,0.001869,51,2024-11-01 02:42:23.000276,926,1.037,0.0011,"aoml_navis",1031.65331931493
"7901009",51,0,1,0.031773,1,0.009345,1,145.018301892778,1,4.84652773203223,928,1,6.11600017547607,34.867000579834,0.0317730009555817,0,139.841903686523,-85.9291,23.6456,51.9619379239998,63,63,63,63,61,63,0,8520,1.66016505209534,24,-86,0.001869,51,2024-11-01 02:42:23.000276,928,1.037,0.0011,"aoml_navis",1031.66643759272
"7901009",51,0,1,0.031773,1,0.009345,1,145.731867564184,1,4.84647754107021,930,1,6.10500001907349,34.867000579834,0.0317730009555817,0,140.529998779297,-85.9291,23.6456,51.9619379239998,63,63,63,63,61,63,0,8520,1.66016505209534,24,-86,0.001869,51,2024-11-01 02:42:23.000276,930,1.037,0.0011,"aoml_navis",1031.67712170928
"7901009",51,0,1,0.031773,1,0.009345,1,146.732695042857,1,4.84641610303996,932,1,6.07800006866455,34.867000579834,0.0317730009555817,0,141.495101928711,-85.9291,23.6456,51.9619379239998,63,63,63,63,61,63,0,8520,1.66016505209534,24,-86,0.001869,51,2024-11-01 02:42:23.000276,932,1.037,0.0011,"aoml_navis",1031.69020028299
"7901009",51,0,1,0.028035,1,0.005607,1,147.529429605912,1,4.84633418822895,934,1,6.02699995040894,34.8680000305176,0.0280349999666214,0,142.263397216797,-85.9291,23.6456,51.9619379239998,63,63,63,63,61,63,0,8520,1.66016505209534,24,-86,0.001869,51,2024-11-01 02:42:23.000276,934,1.037,0.0011,"aoml_navis",1031.70763835154
"7901009",51,0,1,0.028035,1,0.005607,1,148.050010535584,1,4.84626356157125,936,1,5.99200010299683,34.8689994812012,0.0280349999666214,0,142.765396118164,-85.9291,23.6456,51.9619379239998,63,63,63,63,61,63,0,8520,1.66016505209534,24,-86,0.001869,51,2024-11-01 02:42:23.000276,936,1.037,0.0011,"aoml_navis",1031.72267386525
"7901009",51,0,1,0.026166,1,0.003738,1,148.433812184546,1,4.84620782838176,938,1,5.97300004959106,34.8689994812012,0.0261659994721413,0,143.135498046875,-85.9291,23.6456,51.9619379239998,63,63,63,63,61,63,0,8520,1.66016505209534,24,-86,0.001869,51,2024-11-01 02:42:23.000276,938,1.037,0.0011,"aoml_navis",1031.73453905909
"7901009",51,0,1,0.031773,1,0.009345,1,148.846127977868,1,4.84615768959897,940,1,5.96199989318848,34.8689994812012,0.0317730009555817,0,143.533096313477,-85.9291,23.6456,51.9619379239998,63,63,63,63,61,63,0,8520,1.66016505209534,24,-86,0.001869,51,2024-11-01 02:42:23.000276,940,1.037,0.0011,"aoml_navis",1031.74521347731
"7901009",51,0,1,0.028035,1,0.005607,1,149.113467860746,1,4.84610476555782,942,1,5.94700002670288,34.8689994812012,0.0280349999666214,0,143.790893554688,-85.9291,23.6456,51.9619379239998,63,63,63,63,61,63,0,8520,1.66016505209534,24,-86,0.001869,51,2024-11-01 02:42:23.000276,942,1.037,0.0011,"aoml_navis",1031.75648110952
"7901009",51,0,1,0.031773,1,0.009345,1,149.346074920723,1,4.84606110403769,944,1,5.94000005722046,34.8680000305176,0.0317730009555817,0,144.015197753906,-85.9291,23.6456,51.9619379239998,63,63,63,63,61,63,0,8520,1.66016505209534,24,-86,0.001869,51,2024-11-01 02:42:23.000276,944,1.037,0.0011,"aoml_navis",1031.76577691809
"7901009",51,0,1,0.029904,1,0.007476,1,149.598793788403,1,4.84601585690675,946,1,5.93599987030029,34.8680000305176,0.0299040004611015,0,144.258895874023,-85.9291,23.6456,51.9619379239998,63,63,63,63,61,63,0,8520,1.66016505209534,24,-86,0.001869,51,2024-11-01 02:42:23.000276,946,1.037,0.0011,"aoml_navis",1031.77541048979
"7901009",51,0,1,0.028035,1,0.005607,1,149.941327463731,1,4.84596782350736,948,1,5.92799997329712,34.8680000305176,0.0280349999666214,0,144.589202880859,-85.9291,23.6456,51.9619379239998,63,63,63,63,61,63,0,8520,1.66016505209534,24,-86,0.001869,51,2024-11-01 02:42:23.000276,948,1.037,0.0011,"aoml_navis",1031.78563748307
"7901009",51,0,1,0.029904,1,0.007476,1,150.277531695251,1,4.84590497181901,950,1,5.90399980545044,34.8689994812012,0.0299040004611015,0,144.91340637207,-85.9291,23.6456,51.9619379239998,63,63,63,63,61,63,0,8520,1.66016505209534,24,-86,0.001869,51,2024-11-01 02:42:23.000276,950,1.037,0.0011,"aoml_navis",1031.79901980685
"7901009",51,0,1,0.033642,1,0.011214,1,150.609273668885,1,4.84585833843563,952,1,5.89799976348877,34.8689994812012,0.0336420014500618,0,145.233306884766,-85.9291,23.6456,51.9619379239998,63,63,63,63,61,63,0,8520,1.66016505209534,24,-86,0.001869,51,2024-11-01 02:42:23.000276,952,1.037,0.0011,"aoml_navis",1031.80894916836
"7901009",51,0,1,0.033642,1,0.011214,1,151.057366643336,1,4.84579690227489,954,1,5.87599992752075,34.8699989318848,0.0336420014500618,0,145.665405273438,-85.9291,23.6456,51.9619379239998,63,63,63,63,61,63,0,8520,1.66016505209534,24,-86,0.001869,51,2024-11-01 02:42:23.000276,954,1.037,0.0011,"aoml_navis",1031.82203068658
"7901009",51,0,1,0.031773,1,0.009345,1,151.443019654612,1,4.8457334016206,956,1,5.85099983215332,34.8709983825684,0.0317730009555817,0,146.037292480469,-85.9291,23.6456,51.9619379239998,63,63,63,63,61,63,0,8520,1.66016505209534,24,-86,0.001869,51,2024-11-01 02:42:23.000276,956,1.037,0.0011,"aoml_navis",1031.83555214321
"7901009",51,0,1,0.029904,1,0.007476,1,151.696371466673,1,4.84567246992664,958,1,5.83500003814697,34.8730010986328,0.0299040004611015,0,146.281600952148,-85.9291,23.6456,51.9619379239998,63,63,63,63,61,63,0,8520,1.66016505209534,24,-86,0.001869,51,2024-11-01 02:42:23.000276,958,1.037,0.0011,"aoml_navis",1031.84852691368
"7901009",51,0,1,0.031773,1,0.009345,1,151.91673105288,1,4.8456265426175,960,1,5.82999992370605,34.8730010986328,0.0317730009555817,0,146.494094848633,-85.9291,23.6456,51.9619379239998,63,63,63,63,61,63,0,8520,1.66016505209534,24,-86,0.001869,51,2024-11-01 02:42:23.000276,960,1.037,0.0011,"aoml_navis",1031.85830687214
"7901009",51,0,1,0.031773,1,0.009345,1,152.315264482307,1,4.84557645836862,962,1,5.81899976730347,34.8730010986328,0.0317730009555817,0,146.878402709961,-85.9291,23.6456,51.9619379239998,63,63,63,63,61,63,0,8520,1.66016505209534,24,-86,0.001869,51,2024-11-01 02:42:23.000276,962,1.037,0.0011,"aoml_navis",1031.86897223852
"7901009",51,0,1,0.028035,1,0.005607,1,152.816145018124,1,4.84551369973091,964,1,5.79500007629395,34.8740005493164,0.0280349999666214,0,147.361404418945,-85.9291,23.6456,51.9619379239998,63,63,63,63,61,63,0,8520,1.66016505209534,24,-86,0.001869,51,2024-11-01 02:42:23.000276,964,1.037,0.0011,"aoml_navis",1031.8823369084
"7901009",51,0,1,0.029904,1,0.007476,1,153.340349554378,1,4.84544935657445,966,1,5.77400016784668,34.8759994506836,0.0299040004611015,0,147.866897583008,-85.9291,23.6456,51.9619379239998,63,63,63,63,61,63,0,8520,1.66016505209534,24,-86,0.001869,51,2024-11-01 02:42:23.000276,966,1.037,0.0011,"aoml_navis",1031.89603936647
"7901009",51,0,1,0.026166,1,0.003738,1,153.817067438454,1,4.84538663757543,968,1,5.75,34.8769989013672,0.0261659994721413,0,148.326599121094,-85.9291,23.6456,51.9619379239998,63,63,63,63,61,63,0,8520,1.66016505209534,24,-86,0.001869,51,2024-11-01 02:42:23.000276,968,1.037,0.0011,"aoml_navis",1031.90939629576
"7901009",51,0,1,0.026166,1,0.003738,1,154.275841349333,1,4.84533589323066,970,1,5.73799991607666,34.8769989013672,0.0261659994721413,0,148.768997192383,-85.9291,23.6456,51.9619379239998,63,63,63,63,61,63,0,8520,1.66016505209534,24,-86,0.001869,51,2024-11-01 02:42:23.000276,970,1.037,0.0011,"aoml_navis",1031.92020330013
"7901009",51,0,1,0.024297,1,0.001869,1,154.86715381357,1,4.84528722240486,972,1,5.72900009155273,34.8769989013672,0.0242970008403063,0,149.339202880859,-85.9291,23.6456,51.9619379239998,63,63,63,63,61,63,0,8520,1.66016505209534,24,-86,0.001869,51,2024-11-01 02:42:23.000276,972,1.037,0.0011,"aoml_navis",1031.93056892061
"7901009",51,0,1,0.031773,1,0.009345,1,155.800667657335,1,4.84523579778308,974,1,5.71600008010864,34.8769989013672,0.0317730009555817,0,150.239395141602,-85.9291,23.6456,51.9619379239998,63,63,63,63,61,63,0,8520,1.66016505209534,24,-86,0.001869,51,2024-11-01 02:42:23.000276,974,1.037,0.0011,"aoml_navis",1031.94152125429
"7901009",51,0,1,0.029904,1,0.007476,1,156.89482278497,1,4.84514744060849,976,1,5.65999984741211,34.8790016174316,0.0299040004611015,0,151.294494628906,-85.9291,23.6456,51.9619379239998,63,63,63,63,61,63,0,8520,1.66016505209534,24,-86,0.001869,51,2024-11-01 02:42:23.000276,976,1.037,0.0011,"aoml_navis",1031.96033996688
"7901009",51,0,1,0.024297,1,0.001869,1,157.340020038879,1,4.84506307874833,978,1,5.61499977111816,34.8819999694824,0.0242970008403063,0,151.72380065918,-85.9291,23.6456,51.9619379239998,63,63,63,63,61,63,0,8520,1.66016505209534,24,-86,0.001869,51,2024-11-01 02:42:23.000276,978,1.037,0.0011,"aoml_navis",1031.97830837977
"7901009",51,0,1,0.029904,1,0.007476,1,160.433329993555,1,4.84455437936845,999.400024414062,1,5.55179977416992,34.8849983215332,0.0299040004611015,0,154.706695556641,-85.9291,23.6456,51.9619379239998,63,63,63,63,61,63,0,8520,1.66016505209534,24,-86,0.001869,51,2024-11-01 02:42:23.000276,999.400024414062,1.037,0.0011,"aoml_navis",1032.08667061176
"7901009",51,0,1,0.033642,1,0.011214,1,167.772193501099,1,4.84328924048029,1049.30004882812,1,5.30310010910034,34.8950004577637,0.0336420014500618,0,161.783599853516,-85.9291,23.6456,51.9619379239998,63,63,63,63,61,63,0,8520,1.66016505209534,24,-86,0.001869,51,2024-11-01 02:42:23.000276,1049.30004882812,1.037,0.0011,"aoml_navis",1032.35626693734
"7901009",51,0,1,0.026166,1,0.003738,1,174.809696365292,1,4.84202393608955,1099.30004882812,1,5.05399990081787,34.9049987792969,0.0261659994721413,0,168.569900512695,-85.9291,23.6456,51.9619379239998,63,63,63,63,61,63,0,8520,1.66016505209534,24,-86,0.001869,51,2024-11-01 02:42:23.000276,1099.30004882812,1.037,0.0011,"aoml_navis",1032.62603944045
"7901009",51,0,1,0.028035,1,0.005607,1,179.344663736322,1,4.84085209654232,1149.80004882812,1,4.92500019073486,34.9090003967285,0.0280349999666214,0,172.942993164062,-85.9291,23.6456,51.9619379239998,63,63,63,63,61,63,0,8520,1.66016505209534,24,-86,0.001869,51,2024-11-01 02:42:23.000276,1149.80004882812,1.037,0.0011,"aoml_navis",1032.87601031466
"7901009",51,0,1,0.029904,1,0.007476,1,184.811087881879,1,4.83967780264255,1200.09997558594,1,4.7842001914978,34.9129981994629,0.0299040004611015,0,178.214294433594,-85.9291,23.6456,51.9619379239998,63,63,63,63,61,63,0,8520,1.66016505209534,24,-86,0.001869,51,2024-11-01 02:42:23.000276,1200.09997558594,1.037,0.0011,"aoml_navis",1033.12662617125
"7901009",51,0,1,0.029904,1,0.007476,1,191.209380215811,1,4.83846155905967,1249.40002441406,1,4.56850004196167,34.9210014343262,0.0299040004611015,0,184.384201049805,-85.9291,23.6456,51.9619379239998,63,63,63,63,61,63,0,8520,1.66016505209534,24,-86,0.001869,51,2024-11-01 02:42:23.000276,1249.40002441406,1.037,0.0011,"aoml_navis",1033.38632310468
"7901009",51,0,1,0.029904,1,0.007476,1,194.438029502731,1,4.83731265998425,1300,1,4.47209978103638,34.9249992370605,0.0299040004611015,0,187.497604370117,-85.9291,23.6456,51.9619379239998,63,63,63,63,61,63,0,8520,1.66016505209534,24,-86,0.001869,51,2024-11-01 02:42:23.000276,1300,1.037,0.0011,"aoml_navis",1033.63176032874
"7901009",51,0,1,0.028035,1,0.005607,1,196.141219537268,1,4.83622162359877,1349.69995117188,1,4.42719984054565,34.9280014038086,0.0280349999666214,0,189.139999389648,-85.9291,23.6456,51.9619379239998,63,63,63,63,61,63,0,8520,1.66016505209534,24,-86,0.001869,51,2024-11-01 02:42:23.000276,1349.69995117188,1.037,0.0011,"aoml_navis",1033.86494440248
"7901009",51,0,1,0.029904,1,0.007476,1,197.458440088338,1,4.83514404513672,1399.80004882812,1,4.40229988098145,34.9290008544922,0.0299040004611015,0,190.410202026367,-85.9291,23.6456,51.9619379239998,63,63,63,63,61,63,0,8520,1.66016505209534,24,-86,0.001869,51,2024-11-01 02:42:23.000276,1399.80004882812,1.037,0.0011,"aoml_navis",1034.09535544843
"7901009",51,0,1,0.022428,1,0,1,198.719344413119,1,4.83407514594503,1449.80004882812,1,4.37970018386841,34.9290008544922,0.0224280003458261,0,191.626098632812,-85.9291,23.6456,51.9619379239998,63,63,63,63,61,63,0,8520,1.66016505209534,24,-86,0.001869,51,2024-11-01 02:42:23.000276,1449.80004882812,1.037,0.0011,"aoml_navis",1034.32401215239
"7901009",51,0,1,0.033642,1,0.011214,1,199.918868956563,1,4.83300898294076,1499.40002441406,1,4.35750007629395,34.9309997558594,0.0336420014500618,0,192.782806396484,-85.9291,23.6456,51.9619379239998,63,63,63,63,61,63,0,8520,1.66016505209534,24,-86,0.001869,51,2024-11-01 02:42:23.000276,1499.40002441406,1.037,0.0011,"aoml_navis",1034.55218429113
"7901009",51,0,4,0.026166,1,0.003738,1,201.145451872289,1,4.83195922931849,1548.69995117188,1,4.34280014038086,34.931999206543,0.0261659994721413,0,193.965606689453,-85.9291,23.6456,51.9619379239998,63,63,63,63,61,63,0,8520,1.66016505209534,24,-86,0.001869,51,2024-11-01 02:42:23.000276,1548.69995117188,1.037,0.0011,"aoml_navis",1034.77694299693
"7901009",51,0,1,0.033642,1,0.011214,1,201.483507466123,1,4.83088118643008,1599.5,1,4.3306999206543,34.9329986572266,0.0336420014500618,0,194.291595458984,-85.9291,23.6456,51.9619379239998,63,63,63,63,61,63,0,8520,1.66016505209534,24,-86,0.001869,51,2024-11-01 02:42:23.000276,1599.5,1.037,0.0011,"aoml_navis",1035.00786027298
"7901009",51,0,1,0.033642,1,0.011214,1,201.997869717253,1,4.82982857522029,1649.69995117188,1,4.32980012893677,34.9329986572266,0.0336420014500618,0,194.78759765625,-85.9291,23.6456,51.9619379239998,63,63,63,63,61,63,0,8520,1.66016505209534,24,-86,0.001869,51,2024-11-01 02:42:23.000276,1649.69995117188,1.037,0.0011,"aoml_navis",1035.23342953677
"7901009",51,0,1,0.029904,1,0.007476,1,202.550192807627,1,4.82877474486642,1699.59997558594,1,4.32110023498535,34.9339981079102,0.0299040004611015,0,195.320205688477,-85.9291,23.6456,51.9619379239998,63,63,63,63,61,63,0,8520,1.66016505209534,24,-86,0.001869,51,2024-11-01 02:42:23.000276,1699.59997558594,1.037,0.0011,"aoml_navis",1035.45935857033
"7901009",51,0,1,0.022428,1,0,1,203.069428730491,1,4.82771845380628,1750,1,4.31650018692017,34.9339981079102,0.0224280003458261,0,195.820907592773,-85.9291,23.6456,51.9619379239998,63,63,63,63,61,63,0,8520,1.66016505209534,24,-86,0.001869,51,2024-11-01 02:42:23.000276,1750,1.037,0.0011,"aoml_navis",1035.68591413153
"7901009",51,0,1,0.028035,1,0.005607,1,203.19696702324,1,4.82668272027728,1799.40002441406,1,4.3144998550415,34.935001373291,0.0280349999666214,0,195.943893432617,-85.9291,23.6456,51.9619379239998,63,63,63,63,61,63,0,8520,1.66016505209534,24,-86,0.001869,51,2024-11-01 02:42:23.000276,1799.40002441406,1.037,0.0011,"aoml_navis",1035.90815675425
"7901009",51,0,1,0.026166,1,0.003738,1,203.278790908079,1,4.82563623624005,1849.69995117188,1,4.31650018692017,34.935001373291,0.0261659994721413,0,196.022796630859,-85.9291,23.6456,51.9619379239998,63,63,63,63,61,63,0,8520,1.66016505209534,24,-86,0.001869,51,2024-11-01 02:42:23.000276,1849.69995117188,1.037,0.0011,"aoml_navis",1036.13280305931
"7901009",51,0,1,0.028035,1,0.005607,1,203.512331561018,1,4.82460057818833,1899.59997558594,1,4.31979990005493,34.935001373291,0.0280349999666214,0,196.248001098633,-85.9291,23.6456,51.9619379239998,63,63,63,63,61,63,0,8520,1.66016505209534,24,-86,0.001869,51,2024-11-01 02:42:23.000276,1899.59997558594,1.037,0.0011,"aoml_navis",1036.35522132229
"7901009",51,0,1,0.028035,1,0.005607,1,203.747217220767,1,4.82356991207487,1949.09997558594,1,4.31629991531372,34.935001373291,0.0280349999666214,0,196.474502563477,-85.9291,23.6456,51.9619379239998,63,63,63,63,61,63,0,8520,1.66016505209534,24,-86,0.001869,51,2024-11-01 02:42:23.000276,1949.09997558594,1.037,0.0011,"aoml_navis",1036.57666233539
"7901009",51,0,1,0.028035,1,0.005607,1,202.202263281452,1,4.82254698740125,1998.5,1,4.31860017776489,34.935001373291,0.0280349999666214,0,194.98469543457,-85.9291,23.6456,51.9619379239998,63,63,63,63,61,63,0,8520,1.66016505209534,24,-86,0.001869,51,2024-11-01 02:42:23.000276,1998.5,1.037,0.0011,"aoml_navis",1036.79653367035
"7901009",52,0.0652959173325465,1,0.13083,1,0.108402,1,190.040406177698,1,4.88834242960739,2.20000004768372,1,29.1749992370605,36.101001739502,0.130830004811287,0.128903716802597,183.256896972656,-85.9484,23.9282,71.5298094278535,63,63,63,63,61,63,0.108402,8520,1.66016505209534,24,-86,0.001869,51,2024-11-11 07:38:38.000806,2.20000004768372,1.037,0.0011,"aoml_navis",1022.84160162683
"7901009",52,0.0652959173325465,1,0.13083,1,0.108402,1,190.050469996448,1,4.88830568868595,4,1,29.1749992370605,36.101001739502,0.130830004811287,0.128903716802597,183.2666015625,-85.9484,23.9282,71.5298094278535,63,63,63,63,61,63,0.108402,8520,1.66016505209534,24,-86,0.001869,51,2024-11-11 07:38:38.000806,4,1.037,0.0011,"aoml_navis",1022.84928939133
"7901009",52,0.0641701256543992,1,0.128961,1,0.106533,1,190.068097502873,1,4.88826128007709,6,1,29.1749992370605,36.1020011901855,0.128960996866226,0.128903716802597,183.283599853516,-85.9484,23.9282,71.5298094278535,63,63,63,63,61,63,0.106533,8520,1.66016505209534,24,-86,0.001869,51,2024-11-11 07:38:38.000806,6,1.037,0.0011,"aoml_navis",1022.85858171664
"7901009",52,0.0641701256543992,1,0.128961,1,0.106533,1,190.073588297065,1,4.88821359396449,8.10000038146973,1,29.1720008850098,36.1020011901855,0.128960996866226,0.128903716802597,183.28889465332,-85.9484,23.9282,71.5298094278535,63,63,63,63,61,63,0.106533,8520,1.66016505209534,24,-86,0.001869,51,2024-11-11 07:38:38.000806,8.10000038146973,1.037,0.0011,"aoml_navis",1022.8685600346
"7901009",52,0.0720506674014307,1,0.142044,1,0.119616,1,190.114349927723,1,4.8881748184671,10,1,29.1720008850098,36.1020011901855,0.142043992877007,0.128903716802597,183.328201293945,-85.9484,23.9282,71.5298094278535,63,63,63,63,61,63,0.119616,8520,1.66016505209534,24,-86,0.001869,51,2024-11-11 07:38:38.000806,10,1.037,0.0011,"aoml_navis",1022.87667395005
"7901009",52,0.0664217090106939,1,0.132699,1,0.110271,1,190.109270547505,1,4.88814044346808,12,1,29.1760005950928,36.1020011901855,0.132698997855186,0.128903716802597,183.323303222656,-85.9484,23.9282,71.5298094278535,63,63,63,63,61,63,0.110271,8520,1.66016505209534,24,-86,0.001869,51,2024-11-11 07:38:38.000806,12,1.037,0.0011,"aoml_navis",1022.88386715267
"7901009",52,0.0675475006888412,1,0.134568,1,0.11214,1,190.082307108592,1,4.88810124107516,14,1,29.1770000457764,36.1020011901855,0.134568005800247,0.128903716802597,183.297302246094,-85.9484,23.9282,71.5298094278535,63,63,63,63,61,63,0.11214,8520,1.66016505209534,24,-86,0.001869,51,2024-11-11 07:38:38.000806,14,1.037,0.0011,"aoml_navis",1022.89207064382
"7901009",52,0.0675475006888412,1,0.134568,1,0.11214,1,190.076183369824,1,4.88806247234592,15.8999996185303,1,29.1770000457764,36.1020011901855,0.134568005800247,0.128903716802597,183.291397094727,-85.9484,23.9282,71.5298094278535,63,63,63,63,61,63,0.11214,8520,1.66016505209534,24,-86,0.001869,51,2024-11-11 07:38:38.000806,15.8999996185303,1.037,0.0011,"aoml_navis",1022.90018351593
"7901009",52,0.0709248757232833,1,0.140175,1,0.117747,1,190.108336954256,1,4.88802321206334,18,1,29.1770000457764,36.101001739502,0.140174999833107,0.128903716802597,183.322402954102,-85.9484,23.9282,71.5298094278535,63,63,63,63,61,63,0.117747,8520,1.66016505209534,24,-86,0.001869,51,2024-11-11 07:38:38.000806,18,1.037,0.0011,"aoml_navis",1022.90839938327
"7901009",52,0.0709248757232833,1,0.140175,1,0.117747,1,190.107704009681,1,4.88798600800378,20,1,29.1770000457764,36.0999984741211,0.140174999833107,0.128903716802597,183.321792602539,-85.9484,23.9282,71.5298094278535,63,63,63,63,61,63,0.117747,8520,1.66016505209534,24,-86,0.001869,51,2024-11-11 07:38:38.000806,20,1.037,0.0011,"aoml_navis",1022.91618507353
"7901009",52,0.0675475006888412,4,0.134568,1,0.11214,1,190.046735623452,1,4.88794359635324,22,1,29.1760005950928,36.0999984741211,0.134568005800247,0.128903716802597,183.263000488281,-85.9484,23.9282,71.5298094278535,63,63,63,63,61,63,0.11214,8520,1.66016505209534,24,-86,0.001869,51,2024-11-11 07:38:38.000806,22,1.037,0.0011,"aoml_navis",1022.92506070045
"7901009",52,0.0686732923669886,1,0.136437,1,0.114009,1,190.06985392407,1,4.88790279629864,24,1,29.1760005950928,36.0999984741211,0.136436998844147,0.128903716802597,183.285293579102,-85.9484,23.9282,71.5298094278535,63,63,63,63,61,63,0.114009,8520,1.66016505209534,24,-86,0.001869,51,2024-11-11 07:38:38.000806,24,1.037,0.0011,"aoml_navis",1022.93359920869
"7901009",52,0.0720506674014307,1,0.142044,1,0.119616,1,190.145253446618,1,4.88786161722514,26,1,29.17799949646,36.101001739502,0.142043992877007,0.128903716802597,183.358001708984,-85.9484,23.9282,71.5298094278535,63,63,63,63,61,63,0.119616,8520,1.66016505209534,24,-86,0.001869,51,2024-11-11 07:38:38.000806,26,1.037,0.0011,"aoml_navis",1022.94221718137
"7901009",52,0.0697990840451359,1,0.138306,1,0.115878,1,190.064679602166,1,4.88782082204241,28,1,29.17799949646,36.101001739502,0.138306006789207,0.128903716802597,183.280303955078,-85.9484,23.9282,71.5298094278535,63,63,63,63,61,63,0.115878,8520,1.66016505209534,24,-86,0.001869,51,2024-11-11 07:38:38.000806,28,1.037,0.0011,"aoml_navis",1022.95075495642
"7901009",52,0.0675475006888412,1,0.134568,1,0.11214,1,190.026718751255,1,4.88778164183033,30,1,29.1790008544922,36.101001739502,0.134568005800247,0.128903716802597,183.243698120117,-85.9484,23.9282,71.5298094278535,63,63,63,63,61,63,0.11214,8520,1.66016505209534,24,-86,0.001869,51,2024-11-11 07:38:38.000806,30,1.037,0.0011,"aoml_navis",1022.95895487828
"7901009",52,0.0652959173325465,1,0.13083,1,0.108402,1,190.031070245211,1,4.88774246100936,32,1,29.1800003051758,36.101001739502,0.130830004811287,0.128903716802597,183.247894287109,-85.9484,23.9282,71.5298094278535,63,63,63,63,61,63,0.108402,8520,1.66016505209534,24,-86,0.001869,51,2024-11-11 07:38:38.000806,32,1.037,0.0011,"aoml_navis",1022.96715505904
"7901009",52,0.0664217090106939,1,0.132699,1,0.110271,1,190.036054683742,1,4.88770328265082,34,1,29.1809997558594,36.101001739502,0.132698997855186,0.128903716802597,183.252700805664,-85.9484,23.9282,71.5298094278535,63,63,63,63,61,63,0.110271,8520,1.66016505209534,24,-86,0.001869,51,2024-11-11 07:38:38.000806,34,1.037,0.0011,"aoml_navis",1022.97535485589
"7901009",52,0.0697990840451359,1,0.138306,1,0.115878,1,190.062084529407,1,4.88766410675446,36,1,29.181999206543,36.101001739502,0.138306006789207,0.128903716802597,183.277801513672,-85.9484,23.9282,71.5298094278535,63,63,63,63,61,63,0.115878,8520,1.66016505209534,24,-86,0.001869,51,2024-11-11 07:38:38.000806,36,1.037,0.0011,"aoml_navis",1022.98355426886
"7901009",52,0.0720506674014307,1,0.142044,1,0.119616,1,189.967617551524,1,4.88762457045526,38,1,29.1849994659424,36.1020011901855,0.142043992877007,0.128903716802597,183.186706542969,-85.9484,23.9282,71.5298094278535,63,63,63,63,61,63,0.119616,8520,1.66016505209534,24,-86,0.001869,51,2024-11-11 07:38:38.000806,38,1.037,0.0011,"aoml_navis",1022.99182924647
"7901009",52,0.0720506674014307,1,0.142044,1,0.119616,1,190.018221470329,1,4.88758540282931,40,1,29.1860008239746,36.1020011901855,0.142043992877007,0.128903716802597,183.235504150391,-85.9484,23.9282,71.5298094278535,63,63,63,63,61,63,0.119616,8520,1.66016505209534,24,-86,0.001869,51,2024-11-11 07:38:38.000806,40,1.037,0.0011,"aoml_navis",1023.00002719249
"7901009",52,0.0697990840451359,1,0.138306,1,0.115878,1,190.036671804703,1,4.88754462446538,42,1,29.1860008239746,36.1020011901855,0.138306006789207,0.125222995877266,183.253295898438,-85.9484,23.9282,71.5298094278535,63,63,63,63,61,63,0.115878,8520,1.66016505209534,24,-86,0.001869,51,2024-11-11 07:38:38.000806,42,1.037,0.0011,"aoml_navis",1023.00856241224
"7901009",52,0.0675475006888412,1,0.134568,1,0.11214,1,190.037716163253,1,4.88750545860814,44,1,29.1870002746582,36.1020011901855,0.134568005800247,0.121485002338886,183.254302978516,-85.9484,23.9282,71.5298094278535,63,63,63,63,61,63,0.11214,8520,1.66016505209534,24,-86,0.001869,51,2024-11-11 07:38:38.000806,44,1.037,0.0011,"aoml_navis",1023.01676025624
"7901009",52,0.073176459079578,1,0.143913,1,0.121485,1,190.02785805149,1,4.88746109957574,46,1,29.1870002746582,36.1030006408691,0.143913000822067,0.130830004811287,183.24479675293,-85.9484,23.9282,71.5298094278535,63,63,63,63,61,63,0.121485,8520,1.66016505209534,24,-86,0.001869,51,2024-11-11 07:38:38.000806,46,1.037,0.0011,"aoml_navis",1023.02604524751
"7901009",52,0.0664217090106939,1,0.132699,1,0.110271,1,190.004328336899,1,4.8874219386698,48,1,29.1879997253418,36.1030006408691,0.132698997855186,0.119616001844406,183.222106933594,-85.9484,23.9282,71.5298094278535,63,63,63,63,61,63,0.110271,8520,1.66016505209534,24,-86,0.001869,51,2024-11-11 07:38:38.000806,48,1.037,0.0011,"aoml_navis",1023.0342423353
"7901009",52,0.0664217090106939,1,0.132699,1,0.110271,1,189.985656471924,1,4.88738278022432,50,1,29.1889991760254,36.1030006408691,0.132698997855186,0.119616001844406,183.2041015625,-85.9484,23.9282,71.5298094278535,63,63,63,63,61,63,0.110271,8520,1.66016505209534,24,-86,0.001869,51,2024-11-11 07:38:38.000806,50,1.037,0.0011,"aoml_navis",1023.04243903943
"7901009",52,0.0675475006888412,1,0.134568,1,0.11214,1,189.936191853354,1,4.88734040334348,52,1,29.1879997253418,36.1030006408691,0.134568005800247,0.121485002338886,183.156402587891,-85.9484,23.9282,71.5298094278535,63,63,63,63,61,63,0.11214,8520,1.66016505209534,24,-86,0.001869,51,2024-11-11 07:38:38.000806,52,1.037,0.0011,"aoml_navis",1023.05130957922
"7901009",52,0.0686732923669886,1,0.136437,1,0.114009,1,189.856235129863,1,4.88730483459971,54,1,29.1889991760254,36.1020011901855,0.136436998844147,0.123354002833366,183.079299926758,-85.9484,23.9282,71.5298094278535,63,63,63,63,61,63,0.114009,8520,1.66016505209534,24,-86,0.001869,51,2024-11-11 07:38:38.000806,54,1.037,0.0011,"aoml_navis",1023.0587551246
"7901009",52,0.0709248757232833,1,0.140175,1,0.117747,1,189.849383504834,1,4.88726210150094,56,1,29.1900005340576,36.1030006408691,0.140174999833107,0.127092003822327,183.072692871094,-85.9484,23.9282,71.5298094278535,63,63,63,63,61,63,0.117747,8520,1.66016505209534,24,-86,0.001869,51,2024-11-11 07:38:38.000806,56,1.037,0.0011,"aoml_navis",1023.06770051568
"7901009",52,0.0709248757232833,1,0.140175,1,0.117747,1,189.861931631042,1,4.88722134209401,58,1,29.1900005340576,36.1030006408691,0.140174999833107,0.127092003822327,183.08479309082,-85.9484,23.9282,71.5298094278535,63,63,63,63,61,63,0.117747,8520,1.66016505209534,24,-86,0.001869,51,2024-11-11 07:38:38.000806,58,1.037,0.0011,"aoml_navis",1023.07623289631
"7901009",52,0.0697990840451359,1,0.138306,1,0.115878,1,189.81433419897,1,4.88718058501938,60,1,29.1900005340576,36.1030006408691,0.138306006789207,0.125222995877266,183.03889465332,-85.9484,23.9282,71.5298094278535,63,63,63,63,61,63,0.115878,8520,1.66016505209534,24,-86,0.001869,51,2024-11-11 07:38:38.000806,60,1.037,0.0011,"aoml_navis",1023.08476493102
"7901009",52,0.0720506674014307,1,0.142044,1,0.119616,1,189.7558501202,1,4.88713624577032,62,1,29.1900005340576,36.1040000915527,0.142043992877007,0.128960996866226,182.982498168945,-85.9484,23.9282,71.5298094278535,63,63,63,63,61,63,0.119616,8520,1.66016505209534,24,-86,0.001869,51,2024-11-11 07:38:38.000806,62,1.037,0.0011,"aoml_navis",1023.09404701523
"7901009",52,0.0697990840451359,1,0.138306,1,0.115878,1,189.743301993992,1,4.88709907786614,64,1,29.1900005340576,36.1030006408691,0.138306006789207,0.125222995877266,182.970397949219,-85.9484,23.9282,71.5298094278535,63,63,63,63,61,63,0.115878,8520,1.66016505209534,24,-86,0.001869,51,2024-11-11 07:38:38.000806,64,1.037,0.0011,"aoml_navis",1023.10182796277
"7901009",52,0.0709248757232833,1,0.140175,1,0.117747,1,189.715310020144,1,4.88706029822465,66,1,29.1889991760254,36.1020011901855,0.140174999833107,0.127092003822327,182.943405151367,-85.9484,23.9282,71.5298094278535,63,63,63,63,61,63,0.117747,8520,1.66016505209534,24,-86,0.001869,51,2024-11-11 07:38:38.000806,66,1.037,0.0011,"aoml_navis",1023.10994644702
"7901009",52,0.0743022507577254,1,0.145782,1,0.123354,1,189.61907079745,1,4.88701955032346,68,1,29.1889991760254,36.1020011901855,0.145781993865967,0.132698997855186,182.850601196289,-85.9484,23.9282,71.5298094278535,63,63,63,63,61,63,0.123354,8520,1.66016505209534,24,-86,0.001869,51,2024-11-11 07:38:38.000806,68,1.037,0.0011,"aoml_navis",1023.11847712356
"7901009",52,0.0675475006888412,4,0.134568,1,0.11214,1,189.44660922426,1,4.88698077800306,70,1,29.1879997253418,36.101001739502,0.134568005800247,0.121485002338886,182.684295654297,-85.9484,23.9282,71.5298094278535,63,63,63,63,61,63,0.11214,8520,1.66016505209534,24,-86,0.001869,51,2024-11-11 07:38:38.000806,70,1.037,0.0011,"aoml_navis",1023.12659433932
"7901009",52,0.092314917608083,1,0.175686,1,0.153258,1,188.995509625352,1,4.88680184475927,72,1,29.1690006256104,36.1310005187988,0.175686001777649,0.162603005766869,182.249298095703,-85.9484,23.9282,71.5298094278535,63,63,63,63,61,63,0.153258,8520,1.66016505209534,24,-86,0.001869,51,2024-11-11 07:38:38.000806,72,1.037,0.0011,"aoml_navis",1023.16405674646
"7901009",52,0.144101334802861,1,0.26166,1,0.239232,1,188.327151800929,1,4.88646998829895,74.0999984741211,1,29.1319999694824,36.1949996948242,0.261660009622574,0.248576998710632,181.604797363281,-85.9484,23.9282,71.5298094278535,63,63,63,63,61,63,0.239232,8520,1.66016505209534,24,-86,0.001869,51,2024-11-11 07:38:38.000806,74.0999984741211,1.037,0.0011,"aoml_navis",1023.2335432271
"7901009",52,0.189133001928755,1,0.33642,1,0.313992,1,187.069459282323,1,4.88608973900132,75.9000015258789,1,29.0699996948242,36.2630004882812,0.336419999599457,0.323336988687515,180.391998291016,-85.9484,23.9282,71.5298094278535,63,63,63,63,61,63,0.313992,8520,1.66016505209534,24,-86,0.001869,51,2024-11-11 07:38:38.000806,75.9000015258789,1.037,0.0011,"aoml_navis",1023.31317415017
"7901009",52,0.236416252410944,1,0.414918,1,0.39249,1,185.658704941765,1,4.88537361013081,78,1,28.8379993438721,36.3470001220703,0.414918005466461,0.40183499455452,179.031600952148,-85.9484,23.9282,71.5298094278535,63,63,63,63,61,63,0.39249,8520,1.66016505209534,24,-86,0.001869,51,2024-11-11 07:38:38.000806,78,1.037,0.0011,"aoml_navis",1023.46317784816
"7901009",52,0.287076877927575,1,0.499023,1,0.476595,1,185.810421756496,1,4.88497046727557,80.0999984741211,1,28.6550006866455,36.3660011291504,0.499022990465164,0.485940009355545,179.17790222168,-85.9484,23.9282,71.5298094278535,63,63,63,63,61,63,0.476595,8520,1.66016505209534,24,-86,0.001869,51,2024-11-11 07:38:38.000806,80.0999984741211,1.037,0.0011,"aoml_navis",1023.54764138187
"7901009",52,0.386146545604542,1,0.663495,1,0.641067,1,183.530650337489,1,4.88480245414657,82,1,28.5580005645752,36.359001159668,0.663495004177094,0.650412023067474,176.979507446289,-85.9484,23.9282,71.5298094278535,63,63,63,63,61,63,0.641067,8520,1.66016505209534,24,-86,0.001869,51,2024-11-11 07:38:38.000806,82,1.037,0.0011,"aoml_navis",1023.58284637604
"7901009",52,0.415417129236374,1,0.712089,1,0.689661,1,182.040762101388,1,4.88453056022536,83.9000015258789,1,28.4360008239746,36.3699989318848,0.712089002132416,0.699006021022797,175.54280090332,-85.9484,23.9282,71.5298094278535,63,63,63,63,61,63,0.689661,8520,1.66016505209534,24,-86,0.001869,51,2024-11-11 07:38:38.000806,83.9000015258789,1.037,0.0011,"aoml_navis",1023.63982338751
"7901009",52,0.434555587764879,1,0.743862,1,0.721434,1,180.092004871715,1,4.88412527606193,85.9000015258789,1,28.2509994506836,36.3899993896484,0.743861973285675,0.730778992176056,173.663604736328,-85.9484,23.9282,71.5298094278535,63,63,63,63,61,63,0.721434,8520,1.66016505209534,24,-86,0.001869,51,2024-11-11 07:38:38.000806,85.9000015258789,1.037,0.0011,"aoml_navis",1023.72476490437
"7901009",52,0.417668712592668,1,0.715827,1,0.693399,1,179.100307310934,1,4.88374613288517,88,1,28.1310005187988,36.4309997558594,0.715826988220215,0.702744007110596,172.707305908203,-85.9484,23.9282,71.5298094278535,63,63,63,63,61,63,0.693399,8520,1.66016505209534,24,-86,0.001869,51,2024-11-11 07:38:38.000806,88,1.037,0.0011,"aoml_navis",1023.80424042356
"7901009",52,0.401907629098605,1,0.689661,1,0.667233,1,177.743464024588,1,4.88344239660161,90,1,28.0139999389648,36.4529991149902,0.689661026000977,0.676577985286713,171.398895263672,-85.9484,23.9282,71.5298094278535,63,63,63,63,61,63,0.667233,8520,1.66016505209534,24,-86,0.001869,51,2024-11-11 07:38:38.000806,90,1.037,0.0011,"aoml_navis",1023.86791814715
"7901009",52,0.385020753926395,1,0.661626,1,0.639198,1,176.844888434467,1,4.88302122976643,92,1,27.8239994049072,36.476001739502,0.661625981330872,0.648543000221252,170.53239440918,-85.9484,23.9282,71.5298094278535,63,63,63,63,61,63,0.639198,8520,1.66016505209534,24,-86,0.001869,51,2024-11-11 07:38:38.000806,92,1.037,0.0011,"aoml_navis",1023.95622806644
"7901009",52,0.383894962248248,1,0.659757,1,0.637329,1,176.597043162343,1,4.88277694503621,94,1,27.7189998626709,36.4869995117188,0.659757018089294,0.646673977375031,170.293395996094,-85.9484,23.9282,71.5298094278535,63,63,63,63,61,63,0.637329,8520,1.66016505209534,24,-86,0.001869,51,2024-11-11 07:38:38.000806,94,1.037,0.0011,"aoml_navis",1024.00745647064
"7901009",52,0.378266003857511,1,0.650412,1,0.627984,1,176.011031427183,1,4.88266974057143,96,1,27.6809997558594,36.4889984130859,0.650412023067474,0.63732898235321,169.728302001953,-85.9484,23.9282,71.5298094278535,63,63,63,63,61,63,0.627984,8520,1.66016505209534,24,-86,0.001869,51,2024-11-11 07:38:38.000806,96,1.037,0.0011,"aoml_navis",1024.02993969747
"7901009",52,0.373762837144922,1,0.642936,1,0.620508,1,175.122614597497,1,4.8824121987967,98.1999969482422,1,27.5790004730225,36.5040016174316,0.642935991287231,0.629853010177612,168.871597290039,-85.9484,23.9282,71.5298094278535,63,63,63,63,61,63,0.620508,8520,1.66016505209534,24,-86,0.001869,51,2024-11-11 07:38:38.000806,98.1999969482422,1.037,0.0011,"aoml_navis",1024.08395612978
"7901009",52,0.34899542022568,1,0.601818,1,0.57939,1,174.234308533112,1,4.88220393391289,100,1,27.4939994812012,36.5149993896484,0.601818025112152,0.588734984397888,168.014999389648,-85.9484,23.9282,71.5298094278535,63,63,63,63,61,63,0.57939,8520,1.66016505209534,24,-86,0.001869,51,2024-11-11 07:38:38.000806,100,1.037,0.0011,"aoml_navis",1024.12764146718
"7901009",52,0.336611711766059,1,0.581259,1,0.558831,1,173.098774317565,1,4.88196719919171,102,1,27.4069995880127,36.5320014953613,0.58125901222229,0.568175971508026,166.919998168945,-85.9484,23.9282,71.5298094278535,63,63,63,63,61,63,0.558831,8520,1.66016505209534,24,-86,0.001869,51,2024-11-11 07:38:38.000806,102,1.037,0.0011,"aoml_navis",1024.17730312236
"7901009",52,0.307341128134228,1,0.532665,1,0.510237,1,171.529562302548,1,4.88173481854734,103.900001525879,1,27.3190002441406,36.5480003356934,0.532665014266968,0.519581973552704,165.406799316406,-85.9484,23.9282,71.5298094278535,63,63,63,63,61,63,0.510237,8520,1.66016505209534,24,-86,0.001869,51,2024-11-11 07:38:38.000806,103.900001525879,1.037,0.0011,"aoml_navis",1024.22605607403
"7901009",52,0.270190002755365,4,0.470988,1,0.44856,1,169.866911844584,1,4.88132904771559,106,1,27.1280002593994,36.5670013427734,0.470988005399704,0.457904994487762,163.803497314453,-85.9484,23.9282,71.5298094278535,63,63,63,63,61,63,0.44856,8520,1.66016505209534,24,-86,0.001869,51,2024-11-11 07:38:38.000806,106,1.037,0.0011,"aoml_navis",1024.31119703761
"7901009",52,0.292705836318312,1,0.508368,1,0.48594,1,169.050476636739,1,4.88102386077662,108,1,26.9769992828369,36.576000213623,0.508368015289307,0.495285004377365,163.016204833984,-85.9484,23.9282,71.5298094278535,63,63,63,63,61,63,0.48594,8520,1.66016505209534,24,-86,0.001869,51,2024-11-11 07:38:38.000806,108,1.037,0.0011,"aoml_navis",1024.37524228871
"7901009",52,0.276944752824249,1,0.482202,1,0.459774,1,167.693016229432,1,4.88081493176285,110,1,26.878999710083,36.5810012817383,0.482201993465424,0.469119012355804,161.70719909668,-85.9484,23.9282,71.5298094278535,63,63,63,63,61,63,0.459774,8520,1.66016505209534,24,-86,0.001869,51,2024-11-11 07:38:38.000806,110,1.037,0.0011,"aoml_navis",1024.41909187368
"7901009",52,0.222906752273176,1,0.39249,1,0.370062,1,165.634221585321,1,4.88041673646751,112,1,26.7250003814697,36.6150016784668,0.3924899995327,0.379406988620758,159.721893310547,-85.9484,23.9282,71.5298094278535,63,63,63,63,61,63,0.370062,8520,1.66016505209534,24,-86,0.001869,51,2024-11-11 07:38:38.000806,112,1.037,0.0011,"aoml_navis",1024.50267466689
"7901009",52,0.164365585009514,1,0.295302,1,0.272874,1,163.797052484297,1,4.87999546606981,114,1,26.5599994659424,36.6510009765625,0.295302003622055,0.282218992710114,157.950302124023,-85.9484,23.9282,71.5298094278535,63,63,63,63,61,63,0.272874,8520,1.66016505209534,24,-86,0.001869,51,2024-11-11 07:38:38.000806,114,1.037,0.0011,"aoml_navis",1024.5911158657
"7901009",52,0.111453376136588,1,0.207459,1,0.185031,1,162.551385912625,1,4.87934835982854,116,1,26.2830009460449,36.7029991149902,0.207459002733231,0.19437600672245,156.749099731445,-85.9484,23.9282,71.5298094278535,63,63,63,63,61,63,0.185031,8520,1.66016505209534,24,-86,0.001869,51,2024-11-11 07:38:38.000806,116,1.037,0.0011,"aoml_navis",1024.72699862235
"7901009",52,0.0945665009643777,1,0.179424,1,0.156996,1,161.483466001348,1,4.87893731873283,118,1,26.1040000915527,36.7309989929199,0.179424002766609,0.166341006755829,155.719299316406,-85.9484,23.9282,71.5298094278535,63,63,63,63,61,63,0.156996,8520,1.66016505209534,24,-86,0.001869,51,2024-11-11 07:38:38.000806,118,1.037,0.0011,"aoml_navis",1024.81332990328
"7901009",52,0.0754280424358727,1,0.147651,1,0.125223,1,160.599416489232,1,4.87845914675656,120,1,25.9009990692139,36.7680015563965,0.147651001811028,0.134568005800247,154.866806030273,-85.9484,23.9282,71.5298094278535,63,63,63,63,61,63,0.125223,8520,1.66016505209534,24,-86,0.001869,51,2024-11-11 07:38:38.000806,120,1.037,0.0011,"aoml_navis",1024.91377904112
"7901009",52,0.0630443339762518,1,0.127092,1,0.104664,1,159.825689216614,1,4.87824037865495,122,1,25.8299999237061,36.7879981994629,0.127092003822327,0.114009000360966,154.120697021484,-85.9484,23.9282,71.5298094278535,63,63,63,63,61,63,0.104664,8520,1.66016505209534,24,-86,0.001869,51,2024-11-11 07:38:38.000806,122,1.037,0.0011,"aoml_navis",1024.95974201637
"7901009",52,0.0596669589418098,1,0.121485,1,0.099057,1,159.120826313803,1,4.87787507726176,124,1,25.6749992370605,36.8139991760254,0.121485002338886,0.108401998877525,153.440994262695,-85.9484,23.9282,71.5298094278535,63,63,63,63,61,63,0.099057,8520,1.66016505209534,24,-86,0.001869,51,2024-11-11 07:38:38.000806,124,1.037,0.0011,"aoml_navis",1025.03650069013
"7901009",52,0.0551637922292203,1,0.114009,1,0.091581,1,158.022936476879,1,4.87776189534439,126,1,25.6359996795654,36.818000793457,0.114009000360966,0.100925996899605,152.382293701172,-85.9484,23.9282,71.5298094278535,63,63,63,63,61,63,0.091581,8520,1.66016505209534,24,-86,0.001869,51,2024-11-11 07:38:38.000806,126,1.037,0.0011,"aoml_navis",1025.06028528622
"7901009",52,0.0472832504821889,1,0.100926,1,0.078498,1,156.334161231564,1,4.87732195977772,128,1,25.4249992370605,36.8419990539551,0.100925996899605,0.0878430008888245,150.753799438477,-85.9484,23.9282,71.5298094278535,63,63,63,63,61,63,0.078498,8520,1.66016505209534,24,-86,0.001869,51,2024-11-11 07:38:38.000806,128,1.037,0.0011,"aoml_navis",1025.15274596059
"7901009",52,0.0416542920914521,1,0.091581,1,0.069153,1,155.680107954545,1,4.87674050468311,130,1,25.1459999084473,36.8779983520508,0.0915810018777847,0.0784979984164238,150.123092651367,-85.9484,23.9282,71.5298094278535,63,63,63,63,61,63,0.069153,8520,1.66016505209534,24,-86,0.001869,51,2024-11-11 07:38:38.000806,130,1.037,0.0011,"aoml_navis",1025.27497520086
"7901009",52,0.0371511253788627,1,0.084105,1,0.061677,1,154.990087602027,1,4.87652448622358,132,1,25.0559997558594,36.8899993896484,0.0841049998998642,0.0710219964385033,149.457702636719,-85.9484,23.9282,71.5298094278535,63,63,63,63,61,63,0.061677,8520,1.66016505209534,24,-86,0.001869,51,2024-11-11 07:38:38.000806,132,1.037,0.0011,"aoml_navis",1025.32039244861
"7901009",52,0.0326479586662733,1,0.076629,1,0.054201,1,154.373378054959,1,4.87628377437889,134,1,24.9440002441406,36.9000015258789,0.0766289979219437,0.0635460019111633,148.863006591797,-85.9484,23.9282,71.5298094278535,63,63,63,63,61,63,0.054201,8520,1.66016505209534,24,-86,0.001869,51,2024-11-11 07:38:38.000806,134,1.037,0.0011,"aoml_navis",1025.3710061484
"7901009",52,0.0225158335629471,1,0.059808,1,0.03738,1,153.43144576142,1,4.8759026309378,136,1,24.7549991607666,36.9179992675781,0.0598080009222031,0.0467250011861324,147.954696655273,-85.9484,23.9282,71.5298094278535,63,63,63,63,61,63,0.03738,8520,1.66016505209534,24,-86,0.001869,51,2024-11-11 07:38:38.000806,136,1.037,0.0011,"aoml_navis",1025.45115816604
"7901009",52,0.0213900418847997,1,0.057939,1,0.035511,1,152.941562483653,1,4.8753054407536,138,1,24.4529991149902,36.951000213623,0.0579390004277229,0.0448560006916523,147.482299804688,-85.9484,23.9282,71.5298094278535,63,63,63,63,61,63,0.035511,8520,1.66016505209534,24,-86,0.001869,51,2024-11-11 07:38:38.000806,138,1.037,0.0011,"aoml_navis",1025.57676862747
"7901009",52,0.015761083494063,1,0.048594,1,0.026166,1,151.102004016857,1,4.87488818559966,140,1,24.2240009307861,36.9640007019043,0.0485940016806126,0.0355109982192516,145.708404541016,-85.9484,23.9282,71.5298094278535,63,63,63,63,61,63,0.026166,8520,1.66016505209534,24,-86,0.001869,51,2024-11-11 07:38:38.000806,140,1.037,0.0011,"aoml_navis",1025.66455057778
"7901009",52,0.015761083494063,1,0.048594,1,0.026166,1,150.087694511118,1,4.87427494850547,142,1,23.8939990997314,36.992000579834,0.0485940016806126,0.0355109982192516,144.73030090332,-85.9484,23.9282,71.5298094278535,63,63,63,63,61,63,0.026166,8520,1.66016505209534,24,-86,0.001869,51,2024-11-11 07:38:38.000806,142,1.037,0.0011,"aoml_navis",1025.79359039504
"7901009",52,0.015761083494063,1,0.048594,1,0.026166,1,149.158943288363,1,4.87409185595529,144,1,23.798999786377,36.9939994812012,0.0485940016806126,0.0355109982192516,143.834701538086,-85.9484,23.9282,71.5298094278535,63,63,63,63,61,63,0.026166,8520,1.66016505209534,24,-86,0.001869,51,2024-11-11 07:38:38.000806,144,1.037,0.0011,"aoml_navis",1025.83212376083
"7901009",52,0.0146352918159156,1,0.046725,1,0.024297,1,147.87957241805,1,4.87379617107386,146,1,23.6420001983643,37.0029983520508,0.0467250011861324,0.0336420014500618,142.600997924805,-85.9484,23.9282,71.5298094278535,63,63,63,63,61,63,0.024297,8520,1.66016505209534,24,-86,0.001869,51,2024-11-11 07:38:38.000806,146,1.037,0.0011,"aoml_navis",1025.89435924201
"7901009",52,0.0146352918159156,1,0.046725,1,0.024297,1,147.372583813131,1,4.87347496292609,148,1,23.4559993743896,37.007999420166,0.0467250011861324,0.0336420014500618,142.112106323242,-85.9484,23.9282,71.5298094278535,63,63,63,63,61,63,0.024297,8520,1.66016505209534,24,-86,0.001869,51,2024-11-11 07:38:38.000806,148,1.037,0.0011,"aoml_navis",1025.96197539465
"7901009",52,0.015761083494063,1,0.048594,1,0.026166,1,147.155942708577,1,4.87329894863689,150,1,23.3470001220703,37.0029983520508,0.0485940016806126,0.0355109982192516,141.903198242188,-85.9484,23.9282,71.5298094278535,63,63,63,63,61,63,0.026166,8520,1.66016505209534,24,-86,0.001869,51,2024-11-11 07:38:38.000806,150,1.037,0.0011,"aoml_navis",1025.99903118986
"7901009",52,0.0123837084596209,1,0.042987,1,0.020559,1,146.62301919968,1,4.87321056356836,152,1,23.3080005645752,37.0009994506836,0.0429870001971722,0.0299040004611015,141.389297485352,-85.9484,23.9282,71.5298094278535,63,63,63,63,61,63,0.020559,8520,1.66016505209534,24,-86,0.001869,51,2024-11-11 07:38:38.000806,152,1.037,0.0011,"aoml_navis",1026.01763966029
"7901009",52,0.0123837084596209,1,0.042987,1,0.020559,1,146.288270637351,1,4.87296707520181,154,1,23.1580009460449,36.9990005493164,0.0429870001971722,0.0299040004611015,141.066497802734,-85.9484,23.9282,71.5298094278535,63,63,63,63,61,63,0.020559,8520,1.66016505209534,24,-86,0.001869,51,2024-11-11 07:38:38.000806,154,1.037,0.0011,"aoml_navis",1026.06890685649
"7901009",52,0.0101321251033262,1,0.039249,1,0.016821,1,146.235071645786,1,4.87272108474161,156,1,23.0030002593994,36.9959983825684,0.0392489992082119,0.0261659994721413,141.015197753906,-85.9484,23.9282,71.5298094278535,63,63,63,63,61,63,0.016821,8520,1.66016505209534,24,-86,0.001869,51,2024-11-11 07:38:38.000806,156,1.037,0.0011,"aoml_navis",1026.12070607878
"7901009",52,0.00675475006888412,1,0.033642,1,0.011214,1,146.098292323036,1,4.8725915458648,158,1,22.9340000152588,36.9939994812012,0.0336420014500618,0.020558999851346,140.88330078125,-85.9484,23.9282,71.5298094278535,63,63,63,63,61,63,0.011214,8520,1.66016505209534,24,-86,0.001869,51,2024-11-11 07:38:38.000806,158,1.037,0.0011,"aoml_navis",1026.14798571477
"7901009",52,0.00900633342517883,1,0.03738,1,0.014952,1,145.910687550879,1,4.87246938097613,160,1,22.8649997711182,36.9900016784668,0.0373799987137318,0.0242970008403063,140.702392578125,-85.9484,23.9282,71.5298094278535,63,63,63,63,61,63,0.014952,8520,1.66016505209534,24,-86,0.001869,51,2024-11-11 07:38:38.000806,160,1.037,0.0011,"aoml_navis",1026.17371378911
"7901009",52,0.00900633342517883,1,0.03738,1,0.014952,1,145.696135163423,1,4.87233965728168,162,1,22.7929992675781,36.9869995117188,0.0373799987137318,0.0242970008403063,140.495498657227,-85.9484,23.9282,71.5298094278535,63,63,63,63,61,63,0.014952,8520,1.66016505209534,24,-86,0.001869,51,2024-11-11 07:38:38.000806,162,1.037,0.0011,"aoml_navis",1026.20103516953
"7901009",52,0.00788054174703148,1,0.035511,1,0.013083,1,145.612349125251,1,4.87218952181819,164,1,22.693000793457,36.9790000915527,0.0355109982192516,0.0224280003458261,140.414703369141,-85.9484,23.9282,71.5298094278535,63,63,63,63,61,63,0.013083,8520,1.66016505209534,24,-86,0.001869,51,2024-11-11 07:38:38.000806,164,1.037,0.0011,"aoml_navis",1026.23265733188
"7901009",52,0.00675475006888412,1,0.033642,1,0.011214,1,145.661291564546,1,4.87196747578305,166,1,22.5429992675781,36.9720001220703,0.0336420014500618,0.020558999851346,140.461898803711,-85.9484,23.9282,71.5298094278535,63,63,63,63,61,63,0.011214,8520,1.66016505209534,24,-86,0.001869,51,2024-11-11 07:38:38.000806,166,1.037,0.0011,"aoml_navis",1026.27942917381
"7901009",52,0.00450316671258942,1,0.029904,1,0.007476,1,145.683270564927,1,4.87180062677878,168,1,22.4379997253418,36.9669990539551,0.0299040004611015,0.0168210007250309,140.483093261719,-85.9484,23.9282,71.5298094278535,63,63,63,63,61,63,0.007476,8520,1.66016505209534,24,-86,0.001869,51,2024-11-11 07:38:38.000806,168,1.037,0.0011,"aoml_navis",1026.31457710247
"7901009",52,0.00450316671258942,1,0.029904,1,0.007476,1,145.647604138102,1,4.87166830440054,170,1,22.3579998016357,36.9620018005371,0.0299040004611015,0.0168210007250309,140.448699951172,-85.9484,23.9282,71.5298094278535,63,63,63,63,61,63,0.007476,8520,1.66016505209534,24,-86,0.001869,51,2024-11-11 07:38:38.000806,170,1.037,0.0011,"aoml_navis",1026.34245346374
"7901009",52,0.00112579167814735,1,0.024297,1,0.001869,1,145.687004937922,1,4.87153487121291,172,1,22.2770004272461,36.9570007324219,0.0242970008403063,0.0112140001729131,140.486694335938,-85.9484,23.9282,71.5298094278535,63,63,63,63,61,63,0.001869,8520,1.66016505209534,24,-86,0.001869,51,2024-11-11 07:38:38.000806,172,1.037,0.0011,"aoml_navis",1026.37056537278
"7901009",52,0.00112579167814735,1,0.024297,1,0.001869,1,145.557694361162,1,4.87145113080798,174,1,22.2350006103516,36.9529991149902,0.0242970008403063,0.0112140001729131,140.361999511719,-85.9484,23.9282,71.5298094278535,63,63,63,63,61,63,0.001869,8520,1.66016505209534,24,-86,0.001869,51,2024-11-11 07:38:38.000806,174,1.037,0.0011,"aoml_navis",1026.38820871651
"7901009",52,0,1,0.022428,1,0,1,145.474525443951,1,4.87133978344307,176,1,22.1700000762939,36.9480018615723,0.0224280003458261,0.00934499967843294,140.281799316406,-85.9484,23.9282,71.5298094278535,63,63,63,63,61,63,0,8520,1.66016505209534,24,-86,0.001869,51,2024-11-11 07:38:38.000806,176,1.037,0.0011,"aoml_navis",1026.41166953581
"7901009",52,-0.00112579167814735,1,0.020559,1,-0.001869,1,145.626653672655,1,4.87117166810374,178,1,22.0550003051758,36.939998626709,0.020558999851346,0.00747600011527538,140.428497314453,-85.9484,23.9282,71.5298094278535,63,63,63,63,61,63,-0.001869,8520,1.66016505209534,24,-86,0.001869,51,2024-11-11 07:38:38.000806,178,1.037,0.0011,"aoml_navis",1026.44709336356
"7901009",52,-0.00225158335629471,1,0.01869,1,-0.003738,1,146.005692531651,1,4.87096537118212,180,1,21.9060001373291,36.9300003051758,0.0186899993568659,0.00560700008645654,140.794006347656,-85.9484,23.9282,71.5298094278535,63,63,63,63,61,63,-0.003738,8520,1.66016505209534,24,-86,0.001869,51,2024-11-11 07:38:38.000806,180,1.037,0.0011,"aoml_navis",1026.49056582937
"7901009",52,0,1,0.022428,1,0,1,146.198060211738,1,4.8708091444606,182,1,21.798999786377,36.9220008850098,0.0224280003458261,0.00934499967843294,140.979507446289,-85.9484,23.9282,71.5298094278535,63,63,63,63,61,63,0,8520,1.66016505209534,24,-86,0.001869,51,2024-11-11 07:38:38.000806,182,1.037,0.0011,"aoml_navis",1026.52348956976
"7901009",52,0.00112579167814735,1,0.024297,1,0.001869,1,146.222523519578,1,4.87070197567617,184,1,21.7390003204346,36.9179992675781,0.0242970008403063,0.0112140001729131,141.00309753418,-85.9484,23.9282,71.5298094278535,63,63,63,63,61,63,0.001869,8520,1.66016505209534,24,-86,0.001869,51,2024-11-11 07:38:38.000806,184,1.037,0.0011,"aoml_navis",1026.5460758982
"7901009",52,0,1,0.022428,1,0,1,146.169735941987,1,4.87060926421496,186,1,21.6870002746582,36.9129981994629,0.0224280003458261,0.00934499967843294,140.952194213867,-85.9484,23.9282,71.5298094278535,63,63,63,63,61,63,0,8520,1.66016505209534,24,-86,0.001869,51,2024-11-11 07:38:38.000806,186,1.037,0.0011,"aoml_navis",1026.56561607922
"7901009",52,-0.00112579167814735,1,0.020559,1,-0.001869,1,146.01200615379,1,4.87052374106154,188,1,21.6429996490479,36.9090003967285,0.020558999851346,0.00747600011527538,140.800094604492,-85.9484,23.9282,71.5298094278535,63,63,63,63,61,63,-0.001869,8520,1.66016505209534,24,-86,0.001869,51,2024-11-11 07:38:38.000806,188,1.037,0.0011,"aoml_navis",1026.58364188781
"7901009",52,-0.00337737503444206,1,0.016821,1,-0.005607,1,145.812897613975,1,4.87046237676637,190,1,21.617000579834,36.9049987792969,0.0168210007250309,0.00373800005763769,140.608093261719,-85.9484,23.9282,71.5298094278535,63,63,63,63,61,63,-0.005607,8520,1.66016505209534,24,-86,0.001869,51,2024-11-11 07:38:38.000806,190,1.037,0.0011,"aoml_navis",1026.59657609749
"7901009",52,-0.00225158335629471,1,0.01869,1,-0.003738,1,145.746438433555,1,4.87035213377015,192,1,21.548999786377,36.898998260498,0.0186899993568659,0.00560700008645654,140.544006347656,-85.9484,23.9282,71.5298094278535,63,63,63,63,61,63,-0.003738,8520,1.66016505209534,24,-86,0.001869,51,2024-11-11 07:38:38.000806,192,1.037,0.0011,"aoml_navis",1026.6198136539
"7901009",52,-0.00225158335629471,1,0.01869,1,-0.003738,1,145.817565580219,1,4.87024433628582,194,1,21.4799995422363,36.8919982910156,0.0186899993568659,0.00560700008645654,140.612594604492,-85.9484,23.9282,71.5298094278535,63,63,63,63,61,63,-0.003738,8520,1.66016505209534,24,-86,0.001869,51,2024-11-11 07:38:38.000806,194,1.037,0.0011,"aoml_navis",1026.64253675066
"7901009",52,-0.00225158335629471,1,0.01869,1,-0.003738,1,145.836965331456,1,4.87016408457961,196,1,21.4370002746582,36.8870010375977,0.0186899993568659,0.00560700008645654,140.631301879883,-85.9484,23.9282,71.5298094278535,63,63,63,63,61,63,-0.003738,8520,1.66016505209534,24,-86,0.001869,51,2024-11-11 07:38:38.000806,196,1.037,0.0011,"aoml_navis",1026.6594540072
"7901009",52,-0.00225158335629471,1,0.01869,1,-0.003738,1,145.843706191184,1,4.87002927570743,198,1,21.3419990539551,36.8779983520508,0.0186899993568659,0.00560700008645654,140.637802124023,-85.9484,23.9282,71.5298094278535,63,63,63,63,61,63,-0.003738,8520,1.66016505209534,24,-86,0.001869,51,2024-11-11 07:38:38.000806,198,1.037,0.0011,"aoml_navis",1026.68787330312
"7901009",52,-0.00112579167814735,1,0.020559,1,-0.001869,1,145.967003794478,1,4.86983217484244,200,1,21.1860008239746,36.8639984130859,0.020558999851346,0.00747600011527538,140.756698608398,-85.9484,23.9282,71.5298094278535,63,63,63,63,61,63,-0.001869,8520,1.66016505209534,24,-86,0.001869,51,2024-11-11 07:38:38.000806,200,1.037,0.0011,"aoml_navis",1026.72942731579
"7901009",52,-0.00337737503444206,1,0.016821,1,-0.005607,1,146.016468413047,1,4.86966724517607,202,1,21.0510005950928,36.8489990234375,0.0168210007250309,0.00373800005763769,140.804397583008,-85.9484,23.9282,71.5298094278535,63,63,63,63,61,63,-0.005607,8520,1.66016505209534,24,-86,0.001869,51,2024-11-11 07:38:38.000806,202,1.037,0.0011,"aoml_navis",1026.7642013842
"7901009",52,-0.00225158335629471,1,0.01869,1,-0.003738,1,146.175036852806,1,4.86952268570661,204,1,20.9309997558594,36.8339996337891,0.0186899993568659,0.00560700008645654,140.957305908203,-85.9484,23.9282,71.5298094278535,63,63,63,63,61,63,-0.003738,8520,1.66016505209534,24,-86,0.001869,51,2024-11-11 07:38:38.000806,204,1.037,0.0011,"aoml_navis",1026.79468250068
"7901009",52,-0.00225158335629471,1,0.01869,1,-0.003738,1,146.507190342377,1,4.86934764694683,206,1,20.7900009155273,36.8199996948242,0.0186899993568659,0.00560700008645654,141.277603149414,-85.9484,23.9282,71.5298094278535,63,63,63,63,61,63,-0.003738,8520,1.66016505209534,24,-86,0.001869,51,2024-11-11 07:38:38.000806,206,1.037,0.0011,"aoml_navis",1026.8315927566
"7901009",52,-0.00562895839073677,4,0.013083,1,-0.009345,1,146.59689441233,1,4.86926238518759,208,1,20.7339992523193,36.8120002746582,0.0130829997360706,0,141.364105224609,-85.9484,23.9282,71.5298094278535,63,63,63,63,61,63,-0.009345,8520,1.66016505209534,24,-86,0.001869,51,2024-11-11 07:38:38.000806,208,1.037,0.0011,"aoml_navis",1026.84957278337
"7901009",52,-0.00225158335629471,1,0.01869,1,-0.003738,1,146.947925473862,1,4.86907774919832,210,1,20.5820007324219,36.7970008850098,0.0186899993568659,0.00560700008645654,141.702606201172,-85.9484,23.9282,71.5298094278535,63,63,63,63,61,63,-0.003738,8520,1.66016505209534,24,-86,0.001869,51,2024-11-11 07:38:38.000806,210,1.037,0.0011,"aoml_navis",1026.88851103748
"7901009",52,-0.00337737503444206,1,0.016821,1,-0.005607,1,147.052345505193,1,4.86898748434112,212,1,20.5189990997314,36.7879981994629,0.0168210007250309,0.00373800005763769,141.803298950195,-85.9484,23.9282,71.5298094278535,63,63,63,63,61,63,-0.005607,8520,1.66016505209534,24,-86,0.001869,51,2024-11-11 07:38:38.000806,212,1.037,0.0011,"aoml_navis",1026.90754824904
"7901009",52,-0.00337737503444206,1,0.016821,1,-0.005607,1,147.033262226244,1,4.86891524590666,214,1,20.4810009002686,36.7830009460449,0.0168210007250309,0.00373800005763769,141.784896850586,-85.9484,23.9282,71.5298094278535,63,63,63,63,61,63,-0.005607,8520,1.66016505209534,24,-86,0.001869,51,2024-11-11 07:38:38.000806,214,1.037,0.0011,"aoml_navis",1026.922784126
"7901009",52,-0.00225158335629471,1,0.01869,1,-0.003738,1,147.262546398693,1,4.86880687947466,216,1,20.4009990692139,36.7729988098145,0.0186899993568659,0.00560700008645654,142.005996704102,-85.9484,23.9282,71.5298094278535,63,63,63,63,61,63,-0.003738,8520,1.66016505209534,24,-86,0.001869,51,2024-11-11 07:38:38.000806,216,1.037,0.0011,"aoml_navis",1026.94564064112
"7901009",52,-0.00225158335629471,1,0.01869,1,-0.003738,1,147.486134069963,1,4.86865455179111,218,1,20.2670001983643,36.7560005187988,0.0186899993568659,0.00560700008645654,142.221603393555,-85.9484,23.9282,71.5298094278535,63,63,63,63,61,63,-0.003738,8520,1.66016505209534,24,-86,0.001869,51,2024-11-11 07:38:38.000806,218,1.037,0.0011,"aoml_navis",1026.97777112993
"7901009",52,-0.00112579167814735,1,0.020559,1,-0.001869,1,147.448901105314,1,4.86860090847079,220,1,20.246000289917,36.7519989013672,0.020558999851346,0.00747600011527538,142.185699462891,-85.9484,23.9282,71.5298094278535,63,63,63,63,61,63,-0.001869,8520,1.66016505209534,24,-86,0.001869,51,2024-11-11 07:38:38.000806,220,1.037,0.0011,"aoml_navis",1026.98908659787
"7901009",52,-0.00112579167814735,1,0.020559,1,-0.001869,1,147.871597316399,1,4.86846310252604,222,1,20.1340007781982,36.7389984130859,0.020558999851346,0.00747600011527538,142.593307495117,-85.9484,23.9282,71.5298094278535,63,63,63,63,61,63,-0.001869,8520,1.66016505209534,24,-86,0.001869,51,2024-11-11 07:38:38.000806,222,1.037,0.0011,"aoml_navis",1027.01815638814
"7901009",52,-0.00225158335629471,1,0.01869,1,-0.003738,1,148.107400817975,1,4.8683425804945,224,1,20.0380001068115,36.7270011901855,0.0186899993568659,0.00560700008645654,142.820693969727,-85.9484,23.9282,71.5298094278535,63,63,63,63,61,63,-0.003738,8520,1.66016505209534,24,-86,0.001869,51,2024-11-11 07:38:38.000806,224,1.037,0.0011,"aoml_navis",1027.04358153286
"7901009",52,-0.00562895839073677,1,0.013083,1,-0.009345,1,148.243056664104,1,4.86827825791623,226,1,20,36.7200012207031,0.0130829997360706,0,142.951507568359,-85.9484,23.9282,71.5298094278535,63,63,63,63,61,63,-0.009345,8520,1.66016505209534,24,-86,0.001869,51,2024-11-11 07:38:38.000806,226,1.037,0.0011,"aoml_navis",1027.05715144149
"7901009",52,-0.00337737503444206,1,0.016821,1,-0.005607,1,148.313883162094,1,4.8681808841134,228,1,19.9360008239746,36.7130012512207,0.0168210007250309,0.00373800005763769,143.019805908203,-85.9484,23.9282,71.5298094278535,63,63,63,63,61,63,-0.005607,8520,1.66016505209534,24,-86,0.001869,51,2024-11-11 07:38:38.000806,228,1.037,0.0011,"aoml_navis",1027.07769473332
"7901009",52,-0.00562895839073677,1,0.013083,1,-0.009345,1,148.423493338944,1,4.86810340501563,230,1,19.878999710083,36.7029991149902,0.0130829997360706,0,143.125503540039,-85.9484,23.9282,71.5298094278535,63,63,63,63,61,63,-0.009345,8520,1.66016505209534,24,-86,0.001869,51,2024-11-11 07:38:38.000806,230,1.037,0.0011,"aoml_navis",1027.09404135674
"7901009",52,-0.00337737503444206,1,0.016821,1,-0.005607,1,148.724743309619,1,4.86799378614119,232,1,19.7880001068115,36.689998626709,0.0168210007250309,0.00373800005763769,143.416000366211,-85.9484,23.9282,71.5298094278535,63,63,63,63,61,63,-0.005607,8520,1.66016505209534,24,-86,0.001869,51,2024-11-11 07:38:38.000806,232,1.037,0.0011,"aoml_navis",1027.11716975371
"7901009",52,-0.00337737503444206,1,0.016821,1,-0.005607,1,149.038652171803,1,4.86785726748099,234,1,19.6639995574951,36.6730003356934,0.0168210007250309,0.00373800005763769,143.718704223633,-85.9484,23.9282,71.5298094278535,63,63,63,63,61,63,-0.005607,8520,1.66016505209534,24,-86,0.001869,51,2024-11-11 07:38:38.000806,234,1.037,0.0011,"aoml_navis",1027.145975171
"7901009",52,-0.00450316671258942,1,0.014952,1,-0.007476,1,149.515259437101,1,4.8677067644344,236,1,19.5139999389648,36.6510009765625,0.0149520002305508,0.00186900002881885,144.178298950195,-85.9484,23.9282,71.5298094278535,63,63,63,63,61,63,-0.007476,8520,1.66016505209534,24,-86,0.001869,51,2024-11-11 07:38:38.000806,236,1.037,0.0011,"aoml_navis",1027.17773316425
"7901009",52,-0.00112579167814735,1,0.020559,1,-0.001869,1,150.216277201616,1,4.86752067186378,238,1,19.3290004730225,36.6269989013672,0.020558999851346,0.00747600011527538,144.854293823242,-85.9484,23.9282,71.5298094278535,63,63,63,63,61,63,-0.001869,8520,1.66016505209534,24,-86,0.001869,51,2024-11-11 07:38:38.000806,238,1.037,0.0011,"aoml_navis",1027.21700370006
"7901009",52,-0.00337737503444206,1,0.016821,1,-0.005607,1,150.504789162711,1,4.8674040697627,240,1,19.2250003814697,36.6119995117188,0.0168210007250309,0.00373800005763769,145.132507324219,-85.9484,23.9282,71.5298094278535,63,63,63,63,61,63,-0.005607,8520,1.66016505209534,24,-86,0.001869,51,2024-11-11 07:38:38.000806,240,1.037,0.0011,"aoml_navis",1027.24161140864
"7901009",52,-0.00450316671258942,1,0.014952,1,-0.007476,1,150.828018133768,1,4.86727652392043,242,1,19.1060009002686,36.5950012207031,0.0149520002305508,0.00186900002881885,145.444198608398,-85.9484,23.9282,71.5298094278535,63,63,63,63,61,63,-0.007476,8520,1.66016505209534,24,-86,0.001869,51,2024-11-11 07:38:38.000806,242,1.037,0.0011,"aoml_navis",1027.26853003467
"7901009",52,-0.00675475006888412,1,0.011214,1,-0.011214,1,151.0885222974,1,4.86717100395837,244,1,19.0189990997314,36.5830001831055,0.0112140001729131,-0.00186900002881885,145.695404052734,-85.9484,23.9282,71.5298094278535,63,63,63,63,61,63,-0.011214,8520,1.66016505209534,24,-86,0.001869,51,2024-11-11 07:38:38.000806,244,1.037,0.0011,"aoml_navis",1027.29080115196
"7901009",52,0,1,0.013083,1,-0.009345,1,151.158937381416,1,4.86708461076683,246,1,18.9589996337891,36.5750007629395,0.0130829997360706,0,145.763305664062,-85.9484,23.9282,71.5298094278535,63,63,63,63,61,63,0,8520,1.66016505209534,24,-86,0.001869,51,2024-11-11 07:38:38.000806,246,1.037,0.0011,"aoml_navis",1027.30903607863
"7901009",52,0,1,0.014952,1,-0.007476,1,151.014895019663,1,4.86703179151896,248,1,18.931999206543,36.5690002441406,0.0149520002305508,0,145.624404907227,-85.9484,23.9282,71.5298094278535,63,63,63,63,61,63,0,8520,1.66016505209534,24,-86,0.001869,51,2024-11-11 07:38:38.000806,248,1.037,0.0011,"aoml_navis",1027.32018490464
"7901009",52,0,1,0.013083,1,-0.009345,1,150.91180417194,1,4.86693684668066,250,1,18.8589992523193,36.5589981079102,0.0130829997360706,0,145.524993896484,-85.9484,23.9282,71.5298094278535,63,63,63,63,61,63,0,8520,1.66016505209534,24,-86,0.001869,51,2024-11-11 07:38:38.000806,250,1.037,0.0011,"aoml_navis",1027.34022600069
"7901009",52,0,1,0.01869,1,-0.003738,1,150.979845713799,1,4.86684056316649,252,1,18.7700004577637,36.5439987182617,0.0186899993568659,0,145.590606689453,-85.9484,23.9282,71.5298094278535,63,63,63,63,61,63,0,8520,1.66016505209534,24,-86,0.001869,51,2024-11-11 07:38:38.000806,252,1.037,0.0011,"aoml_navis",1027.36055046498
"7901009",52,0,1,0.013083,1,-0.009345,1,150.964702514832,1,4.86674361867494,254,1,18.6949996948242,36.5340003967285,0.0130829997360706,0,145.57600402832,-85.9484,23.9282,71.5298094278535,63,63,63,63,61,63,0,8520,1.66016505209534,24,-86,0.001869,51,2024-11-11 07:38:38.000806,254,1.037,0.0011,"aoml_navis",1027.38101526732
"7901009",52,0,1,0.013083,1,-0.009345,1,150.792351706943,1,4.86667747413448,256,1,18.6480007171631,36.5250015258789,0.0130829997360706,0,145.409805297852,-85.9484,23.9282,71.5298094278535,63,63,63,63,61,63,0,8520,1.66016505209534,24,-86,0.001869,51,2024-11-11 07:38:38.000806,256,1.037,0.0011,"aoml_navis",1027.39497872503
"7901009",52,0,1,0.014952,1,-0.007476,1,150.682519999491,1,4.86658481470948,258.100006103516,1,18.5690002441406,36.5120010375977,0.0149520002305508,0,145.303894042969,-85.9484,23.9282,71.5298094278535,63,63,63,63,61,63,0,8520,1.66016505209534,24,-86,0.001869,51,2024-11-11 07:38:38.000806,258.100006103516,1.037,0.0011,"aoml_navis",1027.41454025157
"7901009",52,0,1,0.011214,1,-0.011214,1,150.801371167142,1,4.86651850831733,260,1,18.5170001983643,36.5019989013672,0.0112140001729131,0,145.418502807617,-85.9484,23.9282,71.5298094278535,63,63,63,63,61,63,0,8520,1.66016505209534,24,-86,0.001869,51,2024-11-11 07:38:38.000806,260,1.037,0.0011,"aoml_navis",1027.42853879103
"7901009",52,0,1,0.016821,1,-0.005607,1,151.217627167173,1,4.86639433781969,262,1,18.4069995880127,36.4879989624023,0.0168210007250309,0,145.819900512695,-85.9484,23.9282,71.5298094278535,63,63,63,63,61,63,0,8520,1.66016505209534,24,-86,0.001869,51,2024-11-11 07:38:38.000806,262,1.037,0.0011,"aoml_navis",1027.4547545689
"7901009",52,0,1,0.014952,1,-0.007476,1,151.249669986304,1,4.86628514187069,264,1,18.3059997558594,36.4729995727539,0.0149520002305508,0,145.850799560547,-85.9484,23.9282,71.5298094278535,63,63,63,63,61,63,0,8520,1.66016505209534,24,-86,0.001869,51,2024-11-11 07:38:38.000806,264,1.037,0.0011,"aoml_navis",1027.47780991681
"7901009",52,0,1,0.016821,1,-0.005607,1,150.890030878546,1,4.8662088505872,266,1,18.25,36.4640007019043,0.0168210007250309,0,145.503997802734,-85.9484,23.9282,71.5298094278535,63,63,63,63,61,63,0,8520,1.66016505209534,24,-86,0.001869,51,2024-11-11 07:38:38.000806,266,1.037,0.0011,"aoml_navis",1027.49391847345
"7901009",52,0,1,0.016821,1,-0.005607,1,150.677962798548,1,4.86612671467965,268,1,18.1770000457764,36.451000213623,0.0168210007250309,0,145.299499511719,-85.9484,23.9282,71.5298094278535,63,63,63,63,61,63,0,8520,1.66016505209534,24,-86,0.001869,51,2024-11-11 07:38:38.000806,268,1.037,0.0011,"aoml_navis",1027.51126166043
"7901009",52,0,1,0.020559,1,-0.001869,1,150.082298658613,1,4.8660363900016,270,1,18.0970001220703,36.4379997253418,0.020558999851346,0,144.72509765625,-85.9484,23.9282,71.5298094278535,63,63,63,63,61,63,0,8520,1.66016505209534,24,-86,0.001869,51,2024-11-11 07:38:38.000806,270,1.037,0.0011,"aoml_navis",1027.53033460121
"7901009",52,0,1,0.014952,1,-0.007476,1,149.229769786354,1,4.86591906497883,272,1,17.9729995727539,36.4179992675781,0.0149520002305508,0,143.90299987793,-85.9484,23.9282,71.5298094278535,63,63,63,63,61,63,0,8520,1.66016505209534,24,-86,0.001869,51,2024-11-11 07:38:38.000806,272,1.037,0.0011,"aoml_navis",1027.55510998656
"7901009",52,0,1,0.016821,1,-0.005607,1,148.832391358285,1,4.86579641821787,274,1,17.8439998626709,36.3979988098145,0.0168210007250309,0,143.519805908203,-85.9484,23.9282,71.5298094278535,63,63,63,63,61,63,0,8520,1.66016505209534,24,-86,0.001869,51,2024-11-11 07:38:38.000806,274,1.037,0.0011,"aoml_navis",1027.58101043432
"7901009",52,0,1,0.014952,1,-0.007476,1,148.290543330875,1,4.86574835179551,276,1,17.8169994354248,36.390998840332,0.0149520002305508,0,142.997299194336,-85.9484,23.9282,71.5298094278535,63,63,63,63,61,63,0,8520,1.66016505209534,24,-86,0.001869,51,2024-11-11 07:38:38.000806,276,1.037,0.0011,"aoml_navis",1027.5911614202
"7901009",52,0,1,0.016821,1,-0.005607,1,147.620729733928,1,4.86565325300525,278,1,17.7320003509521,36.3779983520508,0.0168210007250309,0,142.35139465332,-85.9484,23.9282,71.5298094278535,63,63,63,63,61,63,0,8520,1.66016505209534,24,-86,0.001869,51,2024-11-11 07:38:38.000806,278,1.037,0.0011,"aoml_navis",1027.61124560444
"7901009",52,0,1,0.016821,1,-0.005607,1,147.203239491976,1,4.86555521087403,280,1,17.6319999694824,36.3610000610352,0.0168210007250309,0,141.948806762695,-85.9484,23.9282,71.5298094278535,63,63,63,63,61,63,0,8520,1.66016505209534,24,-86,0.001869,51,2024-11-11 07:38:38.000806,280,1.037,0.0011,"aoml_navis",1027.63195222315
"7901009",52,0,1,0.014952,1,-0.007476,1,146.86309507714,1,4.86547025369962,282,1,17.5520000457764,36.3470001220703,0.0149520002305508,0,141.620803833008,-85.9484,23.9282,71.5298094278535,63,63,63,63,61,63,0,8520,1.66016505209534,24,-86,0.001869,51,2024-11-11 07:38:38.000806,282,1.037,0.0011,"aoml_navis",1027.64989595776
"7901009",52,0,1,0.013083,1,-0.009345,1,146.489974249925,1,4.86538632015793,284,1,17.4850006103516,36.3370018005371,0.0130829997360706,0,141.261001586914,-85.9484,23.9282,71.5298094278535,63,63,63,63,61,63,0,8520,1.66016505209534,24,-86,0.001869,51,2024-11-11 07:38:38.000806,284,1.037,0.0011,"aoml_navis",1027.66762410712
"7901009",52,0,1,0.01869,1,-0.003738,1,146.22336217114,1,4.8653154762677,286,1,17.4290008544922,36.3269996643066,0.0186899993568659,0,141.00390625,-85.9484,23.9282,71.5298094278535,63,63,63,63,61,63,0,8520,1.66016505209534,24,-86,0.001869,51,2024-11-11 07:38:38.000806,286,1.037,0.0011,"aoml_navis",1027.68258798207
"7901009",52,0,1,0.016821,1,-0.005607,1,145.930704423077,1,4.86525176444578,288,1,17.378999710083,36.3170013427734,0.0168210007250309,0,140.721694946289,-85.9484,23.9282,71.5298094278535,63,63,63,63,61,63,0,8520,1.66016505209534,24,-86,0.001869,51,2024-11-11 07:38:38.000806,288,1.037,0.0011,"aoml_navis",1027.69604577073
"7901009",52,0,1,0.016821,1,-0.005607,1,145.726421561357,1,4.86515907831798,290,1,17.3010005950928,36.3059997558594,0.0168210007250309,0,140.524703979492,-85.9484,23.9282,71.5298094278535,63,63,63,63,61,63,0,8520,1.66016505209534,24,-86,0.001869,51,2024-11-11 07:38:38.000806,290,1.037,0.0011,"aoml_navis",1027.71562440434
"7901009",52,0,1,0.01869,1,-0.003738,1,145.638584677902,1,4.86506483086533,292,1,17.2089996337891,36.2910003662109,0.0186899993568659,0,140.440002441406,-85.9484,23.9282,71.5298094278535,63,63,63,63,61,63,0,8520,1.66016505209534,24,-86,0.001869,51,2024-11-11 07:38:38.000806,292,1.037,0.0011,"aoml_navis",1027.73553361069
"7901009",52,0,1,0.01869,1,-0.003738,1,145.414174178684,1,4.86500565271295,294,1,17.1749992370605,36.2849998474121,0.0186899993568659,0,140.223602294922,-85.9484,23.9282,71.5298094278535,63,63,63,63,61,63,0,8520,1.66016505209534,24,-86,0.001869,51,2024-11-11 07:38:38.000806,294,1.037,0.0011,"aoml_navis",1027.74803503296
"7901009",52,0,1,0.014952,1,-0.007476,1,145.089378669803,1,4.86495640469995,296,1,17.1620006561279,36.2830009460449,0.0149520002305508,0,139.910400390625,-85.9484,23.9282,71.5298094278535,63,63,63,63,61,63,0,8520,1.66016505209534,24,-86,0.001869,51,2024-11-11 07:38:38.000806,296,1.037,0.0011,"aoml_navis",1027.75843893885
"7901009",52,0,1,0.016821,1,-0.005607,1,144.660985957538,1,4.86489278487213,298,1,17.121000289917,36.2760009765625,0.0168210007250309,0,139.497299194336,-85.9484,23.9282,71.5298094278535,63,63,63,63,61,63,0,8520,1.66016505209534,24,-86,0.001869,51,2024-11-11 07:38:38.000806,298,1.037,0.0011,"aoml_navis",1027.77187927923
"7901009",52,0,1,0.016821,1,-0.005607,1,144.607992672961,1,4.86481926370781,300,1,17.0620002746582,36.265998840332,0.0168210007250309,0,139.446197509766,-85.9484,23.9282,71.5298094278535,63,63,63,63,61,63,0,8520,1.66016505209534,24,-86,0.001869,51,2024-11-11 07:38:38.000806,300,1.037,0.0011,"aoml_navis",1027.78741181623
"7901009",52,0,1,0.020559,1,-0.001869,1,144.342409129111,1,4.86477021560847,302,1,17.0459995269775,36.2630004882812,0.020558999851346,0,139.190093994141,-85.9484,23.9282,71.5298094278535,63,63,63,63,61,63,0,8520,1.66016505209534,24,-86,0.001869,51,2024-11-11 07:38:38.000806,302,1.037,0.0011,"aoml_navis",1027.79777428287
"7901009",52,0,1,0.016821,1,-0.005607,1,143.941913449009,1,4.86472697777964,304,1,17.0349998474121,36.2599983215332,0.0168210007250309,0,138.803894042969,-85.9484,23.9282,71.5298094278535,63,63,63,63,61,63,0,8520,1.66016505209534,24,-86,0.001869,51,2024-11-11 07:38:38.000806,304,1.037,0.0011,"aoml_navis",1027.80690937811
"7901009",52,0,1,0.01869,1,-0.003738,1,143.45130228498,1,4.86465562484113,306,1,16.9839992523193,36.2519989013672,0.0186899993568659,0,138.330795288086,-85.9484,23.9282,71.5298094278535,63,63,63,63,61,63,0,8520,1.66016505209534,24,-86,0.001869,51,2024-11-11 07:38:38.000806,306,1.037,0.0011,"aoml_navis",1027.82198486317
"7901009",52,0,1,0.016821,1,-0.005607,1,143.124750354902,1,4.86458009587563,308,1,16.9230003356934,36.242000579834,0.0168210007250309,0,138.015899658203,-85.9484,23.9282,71.5298094278535,63,63,63,63,61,63,0,8520,1.66016505209534,24,-86,0.001869,51,2024-11-11 07:38:38.000806,308,1.037,0.0011,"aoml_navis",1027.83794314317
"7901009",52,0,1,0.014952,1,-0.007476,1,142.532931353262,1,4.86452819452389,310,1,16.8950004577637,36.2360000610352,0.0149520002305508,0,137.445205688477,-85.9484,23.9282,71.5298094278535,63,63,63,63,61,63,0,8520,1.66016505209534,24,-86,0.001869,51,2024-11-11 07:38:38.000806,310,1.037,0.0011,"aoml_navis",1027.84890950547
"7901009",52,0,1,0.01869,1,-0.003738,1,141.985181117686,1,4.86444768182823,312,1,16.8199996948242,36.2229995727539,0.0186899993568659,0,136.917007446289,-85.9484,23.9282,71.5298094278535,63,63,63,63,61,63,0,8520,1.66016505209534,24,-86,0.001869,51,2024-11-11 07:38:38.000806,312,1.037,0.0011,"aoml_navis",1027.865921691
"7901009",52,0,1,0.01869,1,-0.003738,1,141.505140128067,1,4.86436739827206,314,1,16.7450008392334,36.2099990844727,0.0186899993568659,0,136.4541015625,-85.9484,23.9282,71.5298094278535,63,63,63,63,61,63,0,8520,1.66016505209534,24,-86,0.001869,51,2024-11-11 07:38:38.000806,314,1.037,0.0011,"aoml_navis",1027.88288602052
"7901009",52,0,1,0.01869,1,-0.003738,1,141.00674374576,1,4.86430105211903,316,1,16.681999206543,36.1969985961914,0.0186899993568659,0,135.973495483398,-85.9484,23.9282,71.5298094278535,63,63,63,63,61,63,0,8520,1.66016505209534,24,-86,0.001869,51,2024-11-11 07:38:38.000806,316,1.037,0.0011,"aoml_navis",1027.89690572746
"7901009",52,0,1,0.014952,1,-0.007476,1,140.671267297168,1,4.8641825913688,318,1,16.5540008544922,36.1780014038086,0.0149520002305508,0,135.649993896484,-85.9484,23.9282,71.5298094278535,63,63,63,63,61,63,0,8520,1.66016505209534,24,-86,0.001869,51,2024-11-11 07:38:38.000806,318,1.037,0.0011,"aoml_navis",1027.92193880061
"7901009",52,0,1,0.01869,1,-0.003738,1,140.527446466017,1,4.86410380442864,320,1,16.4860000610352,36.1669998168945,0.0186899993568659,0,135.511306762695,-85.9484,23.9282,71.5298094278535,63,63,63,63,61,63,0,8520,1.66016505209534,24,-86,0.001869,51,2024-11-11 07:38:38.000806,320,1.037,0.0011,"aoml_navis",1027.93858869698
"7901009",52,0,1,0.01869,1,-0.003738,1,140.239868098171,1,4.86405327941022,322,1,16.4619998931885,36.1619987487793,0.0186899993568659,0,135.233993530273,-85.9484,23.9282,71.5298094278535,63,63,63,63,61,63,0,8520,1.66016505209534,24,-86,0.001869,51,2024-11-11 07:38:38.000806,322,1.037,0.0011,"aoml_navis",1027.94926633827
"7901009",52,0,1,0.01869,1,-0.003738,1,139.915389061577,1,4.86399369857679,324,1,16.4300003051758,36.1570014953613,0.0186899993568659,0,134.921096801758,-85.9484,23.9282,71.5298094278535,63,63,63,63,61,63,0,8520,1.66016505209534,24,-86,0.001869,51,2024-11-11 07:38:38.000806,324,1.037,0.0011,"aoml_navis",1027.96185806388
"7901009",52,0,4,0.013083,1,-0.009345,1,139.546524786632,1,4.86394185997211,326,1,16.4080009460449,36.1529998779297,0.0130829997360706,0,134.565399169922,-85.9484,23.9282,71.5298094278535,63,63,63,63,61,63,0,8520,1.66016505209534,24,-86,0.001869,51,2024-11-11 07:38:38.000806,326,1.037,0.0011,"aoml_navis",1027.97281380922
"7901009",52,0,1,0.01869,1,-0.003738,1,139.044504796631,1,4.86387289328106,328,1,16.3579998016357,36.1450004577637,0.0186899993568659,0,134.081298828125,-85.9484,23.9282,71.5298094278535,63,63,63,63,61,63,0,8520,1.66016505209534,24,-86,0.001869,51,2024-11-11 07:38:38.000806,328,1.037,0.0011,"aoml_navis",1027.98738982406
"7901009",52,0,1,0.014952,1,-0.007476,1,138.536361067863,1,4.86379889274677,330,1,16.2970008850098,36.1349983215332,0.0149520002305508,0,133.591293334961,-85.9484,23.9282,71.5298094278535,63,63,63,63,61,63,0,8520,1.66016505209534,24,-86,0.001869,51,2024-11-11 07:38:38.000806,330,1.037,0.0011,"aoml_navis",1028.00303019443
"7901009",52,0,1,0.013083,1,-0.009345,1,137.887292229375,1,4.86372840023835,332,1,16.2390003204346,36.125,0.0130829997360706,0,132.965393066406,-85.9484,23.9282,71.5298094278535,63,63,63,63,61,63,0,8520,1.66016505209534,24,-86,0.001869,51,2024-11-11 07:38:38.000806,332,1.037,0.0011,"aoml_navis",1028.01792956921
"7901009",52,0,1,0.014952,1,-0.007476,1,137.076347815722,1,4.86366365740759,334,1,16.1860008239746,36.1150016784668,0.0149520002305508,0,132.183395385742,-85.9484,23.9282,71.5298094278535,63,63,63,63,61,63,0,8520,1.66016505209534,24,-86,0.001869,51,2024-11-11 07:38:38.000806,334,1.037,0.0011,"aoml_navis",1028.03161406623
"7901009",52,0,1,0.016821,1,-0.005607,1,136.077387215937,1,4.86361275706257,336,1,16.1420001983643,36.1040000915527,0.0168210007250309,0,131.220092773438,-85.9484,23.9282,71.5298094278535,63,63,63,63,61,63,0,8520,1.66016505209534,24,-86,0.001869,51,2024-11-11 07:38:38.000806,336,1.037,0.0011,"aoml_navis",1028.04237297457
"7901009",52,0,1,0.014952,1,-0.007476,1,135.954722557219,1,4.86351189494042,338,1,16.0240001678467,36.0839996337891,0.0149520002305508,0,131.101806640625,-85.9484,23.9282,71.5298094278535,63,63,63,63,61,63,0,8520,1.66016505209534,24,-86,0.001869,51,2024-11-11 07:38:38.000806,338,1.037,0.0011,"aoml_navis",1028.06369306952
"7901009",52,0,1,0.01869,1,-0.003738,1,136.091802528643,1,4.86341597849304,340,1,15.9230003356934,36.068000793457,0.0186899993568659,0,131.233993530273,-85.9484,23.9282,71.5298094278535,63,63,63,63,61,63,0,8520,1.66016505209534,24,-86,0.001869,51,2024-11-11 07:38:38.000806,340,1.037,0.0011,"aoml_navis",1028.08396857496
"7901009",52,0,1,0.020559,1,-0.001869,1,135.966226324878,1,4.86332449501088,342,1,15.8420000076294,36.056999206543,0.020558999851346,0,131.112899780273,-85.9484,23.9282,71.5298094278535,63,63,63,63,61,63,0,8520,1.66016505209534,24,-86,0.001869,51,2024-11-11 07:38:38.000806,342,1.037,0.0011,"aoml_navis",1028.10330775364
"7901009",52,0,1,0.016821,1,-0.005607,1,135.719631118291,1,4.86324907218413,344,1,15.7720003128052,36.0449981689453,0.0168210007250309,0,130.875106811523,-85.9484,23.9282,71.5298094278535,63,63,63,63,61,63,0,8520,1.66016505209534,24,-86,0.001869,51,2024-11-11 07:38:38.000806,344,1.037,0.0011,"aoml_navis",1028.11925233236
"7901009",52,0,1,0.020559,1,-0.001869,1,135.320480445411,1,4.86318077489984,346,1,15.7049999237061,36.0320014953613,0.020558999851346,0,130.490203857422,-85.9484,23.9282,71.5298094278535,63,63,63,63,61,63,0,8520,1.66016505209534,24,-86,0.001869,51,2024-11-11 07:38:38.000806,346,1.037,0.0011,"aoml_navis",1028.13369097985
"7901009",52,0,1,0.01869,1,-0.003738,1,134.910538067521,1,4.8630904459148,348,1,15.6309995651245,36.0229988098145,0.0186899993568659,0,130.09489440918,-85.9484,23.9282,71.5298094278535,63,63,63,63,61,63,0,8520,1.66016505209534,24,-86,0.001869,51,2024-11-11 07:38:38.000806,348,1.037,0.0011,"aoml_navis",1028.15278794582
"7901009",52,0,1,0.022428,1,0,1,134.132680831548,1,4.863038407953,350,1,15.5950002670288,36.0149993896484,0.0224280003458261,0,129.344802856445,-85.9484,23.9282,71.5298094278535,63,63,63,63,61,63,0,8520,1.66016505209534,24,-86,0.001869,51,2024-11-11 07:38:38.000806,350,1.037,0.0011,"aoml_navis",1028.16378991024
"7901009",52,0,1,0.020559,1,-0.001869,1,133.348478326207,1,4.86295486895073,352,1,15.5069999694824,36,0.020558999851346,0,128.588592529297,-85.9484,23.9282,71.5298094278535,63,63,63,63,61,63,0,8520,1.66016505209534,24,-86,0.001869,51,2024-11-11 07:38:38.000806,352,1.037,0.0011,"aoml_navis",1028.18145237668
"7901009",52,0,1,0.020559,1,-0.001869,1,132.903613231367,1,4.86286656455979,354,1,15.4010000228882,35.9809989929199,0.020558999851346,0,128.159606933594,-85.9484,23.9282,71.5298094278535,63,63,63,63,61,63,0,8520,1.66016505209534,24,-86,0.001869,51,2024-11-11 07:38:38.000806,354,1.037,0.0011,"aoml_navis",1028.20012303846
"7901009",52,0,1,0.01869,1,-0.003738,1,132.875288961616,1,4.86277793061692,356,1,15.3109998703003,35.9669990539551,0.0186899993568659,0,128.132293701172,-85.9484,23.9282,71.5298094278535,63,63,63,63,61,63,0,8520,1.66016505209534,24,-86,0.001869,51,2024-11-11 07:38:38.000806,356,1.037,0.0011,"aoml_navis",1028.21886406103
"7901009",52,0,1,0.016821,1,-0.005607,1,132.764444542844,1,4.86273276327438,358,1,15.3009996414185,35.9650001525879,0.0168210007250309,0,128.025405883789,-85.9484,23.9282,71.5298094278535,63,63,63,63,61,63,0,8520,1.66016505209534,24,-86,0.001869,51,2024-11-11 07:38:38.000806,358,1.037,0.0011,"aoml_navis",1028.22841464008
"7901009",52,0,1,0.016821,1,-0.005607,1,132.656068607917,1,4.86268619533952,360,1,15.2829999923706,35.9609985351562,0.0168210007250309,0,127.9208984375,-85.9484,23.9282,71.5298094278535,63,63,63,63,61,63,0,8520,1.66016505209534,24,-86,0.001869,51,2024-11-11 07:38:38.000806,360,1.037,0.0011,"aoml_navis",1028.23826155841
"7901009",52,0,1,0.020559,1,-0.001869,1,132.528205891873,1,4.86263528486171,362,1,15.2609996795654,35.9570007324219,0.020558999851346,0,127.79759979248,-85.9484,23.9282,71.5298094278535,63,63,63,63,61,63,0,8520,1.66016505209534,24,-86,0.001869,51,2024-11-11 07:38:38.000806,362,1.037,0.0011,"aoml_navis",1028.24902693524
"7901009",52,0,1,0.020559,1,-0.001869,1,132.416831382019,1,4.86257968862074,364,1,15.2379999160767,35.9539985656738,0.020558999851346,0,127.690200805664,-85.9484,23.9282,71.5298094278535,63,63,63,63,61,63,0,8520,1.66016505209534,24,-86,0.001869,51,2024-11-11 07:38:38.000806,364,1.037,0.0011,"aoml_navis",1028.26078340697
"7901009",52,0,1,0.01869,1,-0.003738,1,132.244891988104,1,4.86253493108365,366,1,15.2250003814697,35.951000213623,0.0186899993568659,0,127.524398803711,-85.9484,23.9282,71.5298094278535,63,63,63,63,61,63,0,8520,1.66016505209534,24,-86,0.001869,51,2024-11-11 07:38:38.000806,366,1.037,0.0011,"aoml_navis",1028.27024810405
"7901009",52,0,1,0.01869,1,-0.003738,1,131.889817993096,1,4.86248437887645,368,1,15.210000038147,35.9490013122559,0.0186899993568659,0,127.181999206543,-85.9484,23.9282,71.5298094278535,63,63,63,63,61,63,0,8520,1.66016505209534,24,-86,0.001869,51,2024-11-11 07:38:38.000806,368,1.037,0.0011,"aoml_navis",1028.28093838634
"7901009",52,0,1,0.020559,1,-0.001869,1,131.352542990243,1,4.86244328128363,370,1,15.1969995498657,35.9449996948242,0.020558999851346,0,126.663902282715,-85.9484,23.9282,71.5298094278535,63,63,63,63,61,63,0,8520,1.66016505209534,24,-86,0.001869,51,2024-11-11 07:38:38.000806,370,1.037,0.0011,"aoml_navis",1028.28962946382
"7901009",52,0,1,0.016821,1,-0.005607,1,130.633573335207,1,4.86237563842909,372,1,15.1459999084473,35.9370002746582,0.0168210007250309,0,125.970596313477,-85.9484,23.9282,71.5298094278535,63,63,63,63,61,63,0,8520,1.66016505209534,24,-86,0.001869,51,2024-11-11 07:38:38.000806,372,1.037,0.0011,"aoml_navis",1028.30393449721
"7901009",52,0,1,0.020559,1,-0.001869,1,129.781875202703,1,4.86230378072683,374,1,15.0640001296997,35.9210014343262,0.020558999851346,0,125.149299621582,-85.9484,23.9282,71.5298094278535,63,63,63,63,61,63,0,8520,1.66016505209534,24,-86,0.001869,51,2024-11-11 07:38:38.000806,374,1.037,0.0011,"aoml_navis",1028.31913131775
"7901009",52,0,1,0.020559,1,-0.001869,1,129.262021999289,1,4.8622300706457,376,1,14.9799995422363,35.9049987792969,0.020558999851346,0,124.648002624512,-85.9484,23.9282,71.5298094278535,63,63,63,63,61,63,0,8520,1.66016505209534,24,-86,0.001869,51,2024-11-11 07:38:38.000806,376,1.037,0.0011,"aoml_navis",1028.33472035518
"7901009",52,0,1,0.020559,1,-0.001869,1,128.804901515108,1,4.86214359727883,378,1,14.8940000534058,35.8919982910156,0.020558999851346,0,124.20719909668,-85.9484,23.9282,71.5298094278535,63,63,63,63,61,63,0,8520,1.66016505209534,24,-86,0.001869,51,2024-11-11 07:38:38.000806,378,1.037,0.0011,"aoml_navis",1028.35300931842
"7901009",52,0,1,0.022428,1,0,1,128.729929230148,1,4.86201890416135,379.899993896484,1,14.7220001220703,35.8650016784668,0.0224280003458261,0,124.134902954102,-85.9484,23.9282,71.5298094278535,63,63,63,63,61,63,0,8520,1.66016505209534,24,-86,0.001869,51,2024-11-11 07:38:38.000806,379.899993896484,1.037,0.0011,"aoml_navis",1028.37938283633
"7901009",52,0,1,0.020559,1,-0.001869,1,128.388123335803,1,4.86195413080474,382,1,14.66100025177,35.8530006408691,0.020558999851346,0,123.805297851562,-85.9484,23.9282,71.5298094278535,63,63,63,63,61,63,0,8520,1.66016505209534,24,-86,0.001869,51,2024-11-11 07:38:38.000806,382,1.037,0.0011,"aoml_navis",1028.39308341488
"7901009",52,0,1,0.01869,1,-0.003738,1,128.37319375563,1,4.8618471088986,384,1,14.5509996414185,35.8390007019043,0.0186899993568659,0,123.790901184082,-85.9484,23.9282,71.5298094278535,63,63,63,63,61,63,0,8520,1.66016505209534,24,-86,0.001869,51,2024-11-11 07:38:38.000806,384,1.037,0.0011,"aoml_navis",1028.41572102268
"7901009",52,0,1,0.01869,1,-0.003738,1,128.1706594033,1,4.86179729492021,386,1,14.5260000228882,35.8339996337891,0.0186899993568659,0,123.595596313477,-85.9484,23.9282,71.5298094278535,63,63,63,63,61,63,0,8520,1.66016505209534,24,-86,0.001869,51,2024-11-11 07:38:38.000806,386,1.037,0.0011,"aoml_navis",1028.42625817086
"7901009",52,0,1,0.01869,1,-0.003738,1,127.971455921798,1,4.86174750425223,388,1,14.5010004043579,35.8289985656738,0.0186899993568659,0,123.403503417969,-85.9484,23.9282,71.5298094278535,63,63,63,63,61,63,0,8520,1.66016505209534,24,-86,0.001869,51,2024-11-11 07:38:38.000806,388,1.037,0.0011,"aoml_navis",1028.43679060396
"7901009",52,0,1,0.022428,1,0,1,127.923542017438,1,4.86168073927301,390,1,14.4460000991821,35.8199996948242,0.0224280003458261,0,123.357299804688,-85.9484,23.9282,71.5298094278535,63,63,63,63,61,63,0,8520,1.66016505209534,24,-86,0.001869,51,2024-11-11 07:38:38.000806,390,1.037,0.0011,"aoml_navis",1028.45091402437
"7901009",52,0,1,0.020559,1,-0.001869,1,127.726197810627,1,4.86164005345514,392,1,14.4399995803833,35.818000793457,0.020558999851346,0,123.166999816895,-85.9484,23.9282,71.5298094278535,63,63,63,63,61,63,0,8520,1.66016505209534,24,-86,0.001869,51,2024-11-11 07:38:38.000806,392,1.037,0.0011,"aoml_navis",1028.45952086612
"7901009",52,0,1,0.022428,1,0,1,127.466215826269,1,4.86159041730656,394,1,14.4219999313354,35.814998626709,0.0224280003458261,0,122.916297912598,-85.9484,23.9282,71.5298094278535,63,63,63,63,61,63,0,8520,1.66016505209534,24,-86,0.001869,51,2024-11-11 07:38:38.000806,394,1.037,0.0011,"aoml_navis",1028.47002129195
"7901009",52,0,1,0.022428,1,0,1,127.312323264561,1,4.86152807317823,396,1,14.3780002593994,35.8079986572266,0.0224280003458261,0,122.76789855957,-85.9484,23.9282,71.5298094278535,63,63,63,63,61,63,0,8520,1.66016505209534,24,-86,0.001869,51,2024-11-11 07:38:38.000806,396,1.037,0.0011,"aoml_navis",1028.48321036872
"7901009",52,0,1,0.01869,1,-0.003738,1,126.912864031201,1,4.86149208728746,398,1,14.3730001449585,35.8050003051758,0.0186899993568659,0,122.382698059082,-85.9484,23.9282,71.5298094278535,63,63,63,63,61,63,0,8520,1.66016505209534,24,-86,0.001869,51,2024-11-11 07:38:38.000806,398,1.037,0.0011,"aoml_navis",1028.49082343973
"7901009",52,0,1,0.01869,1,-0.003738,1,126.654749233341,1,4.86140145928975,400,1,14.2740001678467,35.7900009155273,0.0186899993568659,0,122.133796691895,-85.9484,23.9282,71.5298094278535,63,63,63,63,61,63,0,8520,1.66016505209534,24,-86,0.001869,51,2024-11-11 07:38:38.000806,400,1.037,0.0011,"aoml_navis",1028.50999693625
"7901009",52,0,1,0.01869,1,-0.003738,1,126.663357279567,1,4.8612987718309,402,1,14.1630001068115,35.7750015258789,0.0186899993568659,0,122.142097473145,-85.9484,23.9282,71.5298094278535,63,63,63,63,61,63,0,8520,1.66016505209534,24,-86,0.001869,51,2024-11-11 07:38:38.000806,402,1.037,0.0011,"aoml_navis",1028.53172262787
"7901009",52,0,1,0.022428,1,0,1,126.441644706602,1,4.86125089086451,404,1,14.1359996795654,35.7690010070801,0.0224280003458261,0,121.928298950195,-85.9484,23.9282,71.5298094278535,63,63,63,63,61,63,0,8520,1.66016505209534,24,-86,0.001869,51,2024-11-11 07:38:38.000806,404,1.037,0.0011,"aoml_navis",1028.5418531671
"7901009",52,0,1,0.020559,1,-0.001869,1,126.206553267673,1,4.86120404132456,406,1,14.1239995956421,35.7669982910156,0.020558999851346,0,121.701599121094,-85.9484,23.9282,71.5298094278535,63,63,63,63,61,63,0,8520,1.66016505209534,24,-86,0.001869,51,2024-11-11 07:38:38.000806,406,1.037,0.0011,"aoml_navis",1028.55176567277
"7901009",52,0,1,0.020559,1,-0.001869,1,125.947504876565,1,4.86115307591858,408,1,14.0939998626709,35.7610015869141,0.020558999851346,0,121.451797485352,-85.9484,23.9282,71.5298094278535,63,63,63,63,61,63,0,8520,1.66016505209534,24,-86,0.001869,51,2024-11-11 07:38:38.000806,408,1.037,0.0011,"aoml_navis",1028.56254923739
"7901009",52,0,1,0.020559,1,-0.001869,1,125.995624487912,1,4.86107337914493,410,1,14.0080003738403,35.7470016479492,0.020558999851346,0,121.498199462891,-85.9484,23.9282,71.5298094278535,63,63,63,63,61,63,0,8520,1.66016505209534,24,-86,0.001869,51,2024-11-11 07:38:38.000806,410,1.037,0.0011,"aoml_navis",1028.57941240943
"7901009",52,0,1,0.01869,1,-0.003738,1,126.690945751249,1,4.86096846439489,412,1,13.8830003738403,35.7290000915527,0.0186899993568659,0,122.168701171875,-85.9484,23.9282,71.5298094278535,63,63,63,63,61,63,0,8520,1.66016505209534,24,-86,0.001869,51,2024-11-11 07:38:38.000806,412,1.037,0.0011,"aoml_navis",1028.60161233785
"7901009",52,0,1,0.01869,1,-0.003738,1,127.289924938398,1,4.86087677978239,414,1,13.8129997253418,35.7229995727539,0.0186899993568659,0,122.746299743652,-85.9484,23.9282,71.5298094278535,63,63,63,63,61,63,0,8520,1.66016505209534,24,-86,0.001869,51,2024-11-11 07:38:38.000806,414,1.037,0.0011,"aoml_navis",1028.62101355794
"7901009",52,0,1,0.020559,1,-0.001869,1,127.515680444839,1,4.86082435705529,416,1,13.798999786377,35.7220001220703,0.020558999851346,0,122.963996887207,-85.9484,23.9282,71.5298094278535,63,63,63,63,61,63,0,8520,1.66016505209534,24,-86,0.001869,51,2024-11-11 07:38:38.000806,416,1.037,0.0011,"aoml_navis",1028.63210696817
"7901009",52,0,1,0.024297,1,0.001869,1,127.776801729432,1,4.86077694577886,418,1,13.7969999313354,35.7229995727539,0.0242970008403063,0,123.215797424316,-85.9484,23.9282,71.5298094278535,63,63,63,63,61,63,0,8520,1.66016505209534,24,-86,0.001869,51,2024-11-11 07:38:38.000806,418,1.037,0.0011,"aoml_navis",1028.64214008875
"7901009",52,0,1,0.020559,1,-0.001869,1,127.862257158922,1,4.86073294298603,420,1,13.8090000152588,35.7270011901855,0.020558999851346,0,123.298202514648,-85.9484,23.9282,71.5298094278535,63,63,63,63,61,63,0,8520,1.66016505209534,24,-86,0.001869,51,2024-11-11 07:38:38.000806,420,1.037,0.0011,"aoml_navis",1028.651452085
"7901009",52,0,1,0.022428,1,0,1,127.722771998112,1,4.86069066276472,422,1,13.8120002746582,35.7280006408691,0.0224280003458261,0,123.163696289062,-85.9484,23.9282,71.5298094278535,63,63,63,63,61,63,0,8520,1.66016505209534,24,-86,0.001869,51,2024-11-11 07:38:38.000806,422,1.037,0.0011,"aoml_navis",1028.66039970461
"7901009",52,0,1,0.020559,1,-0.001869,1,127.400990887771,1,4.86065043726307,424,1,13.8170003890991,35.7290000915527,0.020558999851346,0,122.853401184082,-85.9484,23.9282,71.5298094278535,63,63,63,63,61,63,0,8520,1.66016505209534,24,-86,0.001869,51,2024-11-11 07:38:38.000806,424,1.037,0.0011,"aoml_navis",1028.66891263536
"7901009",52,0,1,0.020559,1,-0.001869,1,126.273961864956,1,4.86059903938085,426,1,13.8039999008179,35.7280006408691,0.020558999851346,0,121.7666015625,-85.9484,23.9282,71.5298094278535,63,63,63,63,61,63,0,8520,1.66016505209534,24,-86,0.001869,51,2024-11-11 07:38:38.000806,426,1.037,0.0011,"aoml_navis",1028.67979018424
"7901009",52,0,1,0.022428,1,0,1,124.021043119562,1,4.86053438207816,428,1,13.746000289917,35.7179985046387,0.0224280003458261,0,119.594100952148,-85.9484,23.9282,71.5298094278535,63,63,63,63,61,63,0,8520,1.66016505209534,24,-86,0.001869,51,2024-11-11 07:38:38.000806,428,1.037,0.0011,"aoml_navis",1028.69347420647
"7901009",52,0,1,0.022428,1,0,1,123.011401580067,1,4.86040843235797,430,1,13.5380001068115,35.6829986572266,0.0224280003458261,0,118.620498657227,-85.9484,23.9282,71.5298094278535,63,63,63,63,61,63,0,8520,1.66016505209534,24,-86,0.001869,51,2024-11-11 07:38:38.000806,430,1.037,0.0011,"aoml_navis",1028.72013115456
"7901009",52,0,1,0.022428,1,0,1,122.700712823411,1,4.86032943938545,432,1,13.41100025177,35.6580009460449,0.0224280003458261,0,118.320899963379,-85.9484,23.9282,71.5298094278535,63,63,63,63,61,63,0,8520,1.66016505209534,24,-86,0.001869,51,2024-11-11 07:38:38.000806,432,1.037,0.0011,"aoml_navis",1028.73685052761
"7901009",52,0,1,0.024297,1,0.001869,1,122.439282978338,1,4.86026034661276,434,1,13.3439998626709,35.6469993591309,0.0242970008403063,0,118.068801879883,-85.9484,23.9282,71.5298094278535,63,63,63,63,61,63,0,8520,1.66016505209534,24,-86,0.001869,51,2024-11-11 07:38:38.000806,434,1.037,0.0011,"aoml_navis",1028.75147490497
"7901009",52,0,1,0.024297,1,0.001869,1,122.298974989579,1,4.86018942420736,436,1,13.2749996185303,35.6360015869141,0.0242970008403063,0,117.933502197266,-85.9484,23.9282,71.5298094278535,63,63,63,63,61,63,0,8520,1.66016505209534,24,-86,0.001869,51,2024-11-11 07:38:38.000806,436,1.037,0.0011,"aoml_navis",1028.76648698017
"7901009",52,0,1,0.020559,1,-0.001869,1,122.152234701574,1,4.86013147426161,438,1,13.2370004653931,35.6300010681152,0.020558999851346,0,117.791999816895,-85.9484,23.9282,71.5298094278535,63,63,63,63,61,63,0,8520,1.66016505209534,24,-86,0.001869,51,2024-11-11 07:38:38.000806,438,1.037,0.0011,"aoml_navis",1028.77875351297
"7901009",52,0,1,0.022428,1,0,1,121.965365727486,1,4.86007422831555,440,1,13.1960000991821,35.6230010986328,0.0224280003458261,0,117.611801147461,-85.9484,23.9282,71.5298094278535,63,63,63,63,61,63,0,8520,1.66016505209534,24,-86,0.001869,51,2024-11-11 07:38:38.000806,440,1.037,0.0011,"aoml_navis",1028.79087131411
"7901009",52,0,1,0.022428,1,0,1,121.754017621943,1,4.86001938868295,442,1,13.16100025177,35.617000579834,0.0224280003458261,0,117.407997131348,-85.9484,23.9282,71.5298094278535,63,63,63,63,61,63,0,8520,1.66016505209534,24,-86,0.001869,51,2024-11-11 07:38:38.000806,442,1.037,0.0011,"aoml_navis",1028.80248001541
"7901009",52,0,1,0.024297,1,0.001869,1,121.529298562244,1,4.85997190986666,444,1,13.1370000839233,35.6119995117188,0.0242970008403063,0,117.191299438477,-85.9484,23.9282,71.5298094278535,63,63,63,63,61,63,0,8520,1.66016505209534,24,-86,0.001869,51,2024-11-11 07:38:38.000806,444,1.037,0.0011,"aoml_navis",1028.81253075744
"7901009",52,0,1,0.01869,1,-0.003738,1,121.158361393814,1,4.85992146613488,446,1,13.1099996566772,35.6069984436035,0.0186899993568659,0,116.833602905273,-85.9484,23.9282,71.5298094278535,63,63,63,63,61,63,0,8520,1.66016505209534,24,-86,0.001869,51,2024-11-11 07:38:38.000806,446,1.037,0.0011,"aoml_navis",1028.82320935456
"7901009",52,0,1,0.01869,1,-0.003738,1,120.999381540081,1,4.85982938130712,448,1,13.0190000534058,35.5960006713867,0.0186899993568659,0,116.680297851562,-85.9484,23.9282,71.5298094278535,63,63,63,63,61,63,0,8520,1.66016505209534,24,-86,0.001869,51,2024-11-11 07:38:38.000806,448,1.037,0.0011,"aoml_navis",1028.84270366199
"7901009",52,0,1,0.022428,1,0,1,120.765848727169,1,4.85976327814942,450,1,12.9650001525879,35.5880012512207,0.0224280003458261,0,116.455101013184,-85.9484,23.9282,71.5298094278535,63,63,63,63,61,63,0,8520,1.66016505209534,24,-86,0.001869,51,2024-11-11 07:38:38.000806,450,1.037,0.0011,"aoml_navis",1028.85669811966
"7901009",52,0,1,0.020559,1,-0.001869,1,120.390132827195,1,4.85971313187806,451.899993896484,1,12.9359998703003,35.5830001831055,0.020558999851346,0,116.092796325684,-85.9484,23.9282,71.5298094278535,63,63,63,63,61,63,0,8520,1.66016505209534,24,-86,0.001869,51,2024-11-11 07:38:38.000806,451.899993896484,1.037,0.0011,"aoml_navis",1028.86731465726
"7901009",52,0,1,0.022428,1,0,1,120.057354304856,1,4.85965073760282,454,1,12.8839998245239,35.5740013122559,0.0224280003458261,0,115.771896362305,-85.9484,23.9282,71.5298094278535,63,63,63,63,61,63,0,8520,1.66016505209534,24,-86,0.001869,51,2024-11-11 07:38:38.000806,454,1.037,0.0011,"aoml_navis",1028.88052454288
"7901009",52,0,1,0.024297,1,0.001869,1,119.930947361336,1,4.85956878753357,456,1,12.7950000762939,35.5610008239746,0.0242970008403063,0,115.650001525879,-85.9484,23.9282,71.5298094278535,63,63,63,63,61,63,0,8520,1.66016505209534,24,-86,0.001869,51,2024-11-11 07:38:38.000806,456,1.037,0.0011,"aoml_navis",1028.89787522438
"7901009",52,0,1,0.024297,1,0.001869,1,119.949508461011,1,4.85949251807328,458,1,12.7040004730225,35.5460014343262,0.0242970008403063,0,115.667900085449,-85.9484,23.9282,71.5298094278535,63,63,63,63,61,63,0,8520,1.66016505209534,24,-86,0.001869,51,2024-11-11 07:38:38.000806,458,1.037,0.0011,"aoml_navis",1028.91402371835
"7901009",52,0,1,0.024297,1,0.001869,1,119.894442282948,1,4.85942688213998,460,1,12.6459999084473,35.5369987487793,0.0242970008403063,0,115.614799499512,-85.9484,23.9282,71.5298094278535,63,63,63,63,61,63,0,8520,1.66016505209534,24,-86,0.001869,51,2024-11-11 07:38:38.000806,460,1.037,0.0011,"aoml_navis",1028.92792118689
"7901009",52,0,1,0.028035,1,0.005607,1,119.749363474453,1,4.85937694920571,462,1,12.6190004348755,35.5320014953613,0.0280349999666214,0,115.474899291992,-85.9484,23.9282,71.5298094278535,63,63,63,63,61,63,0,8520,1.66016505209534,24,-86,0.001869,51,2024-11-11 07:38:38.000806,462,1.037,0.0011,"aoml_navis",1028.93849402181
"7901009",52,0,1,0.024297,1,0.001869,1,119.538126134211,1,4.85932146260884,464,1,12.5900001525879,35.5279998779297,0.0242970008403063,0,115.271202087402,-85.9484,23.9282,71.5298094278535,63,63,63,63,61,63,0,8520,1.66016505209534,24,-86,0.001869,51,2024-11-11 07:38:38.000806,464,1.037,0.0011,"aoml_navis",1028.95024304806
"7901009",52,0,1,0.024297,1,0.001869,1,119.492387976829,1,4.85925608188862,466,1,12.5319995880127,35.5190010070801,0.0242970008403063,0,115.227096557617,-85.9484,23.9282,71.5298094278535,63,63,63,63,61,63,0,8520,1.66016505209534,24,-86,0.001869,51,2024-11-11 07:38:38.000806,466,1.037,0.0011,"aoml_navis",1028.9640874528
"7901009",52,0,1,0.022428,1,0,1,119.284054269827,1,4.85920554319521,468,1,12.5080003738403,35.5149993896484,0.0224280003458261,0,115.02619934082,-85.9484,23.9282,71.5298094278535,63,63,63,63,61,63,0,8520,1.66016505209534,24,-86,0.001869,51,2024-11-11 07:38:38.000806,468,1.037,0.0011,"aoml_navis",1028.97478930521
"7901009",52,0,1,0.024297,1,0.001869,1,119.041391231415,1,4.85915597949597,470,1,12.4849996566772,35.5110015869141,0.0242970008403063,0,114.792198181152,-85.9484,23.9282,71.5298094278535,63,63,63,63,61,63,0,8520,1.66016505209534,24,-86,0.001869,51,2024-11-11 07:38:38.000806,470,1.037,0.0011,"aoml_navis",1028.98528491334
"7901009",52,0,1,0.026166,1,0.003738,1,118.771661900596,1,4.85910020195385,472,1,12.4479999542236,35.5050010681152,0.0261659994721413,0,114.532096862793,-85.9484,23.9282,71.5298094278535,63,63,63,63,61,63,0,8520,1.66016505209534,24,-86,0.001869,51,2024-11-11 07:38:38.000806,472,1.037,0.0011,"aoml_navis",1028.99709662079
"7901009",52,0,1,0.026166,1,0.003738,1,118.432039665035,1,4.85903999477771,474,1,12.3950004577637,35.4959983825684,0.0261659994721413,0,114.204597473145,-85.9484,23.9282,71.5298094278535,63,63,63,63,61,63,0,8520,1.66016505209534,24,-86,0.001869,51,2024-11-11 07:38:38.000806,474,1.037,0.0011,"aoml_navis",1029.00984667214
"7901009",52,0,1,0.020559,1,-0.001869,1,118.208562759066,1,4.8589577583921,476,1,12.3000001907349,35.4819984436035,0.020558999851346,0,113.989097595215,-85.9484,23.9282,71.5298094278535,63,63,63,63,61,63,0,8520,1.66016505209534,24,-86,0.001869,51,2024-11-11 07:38:38.000806,476,1.037,0.0011,"aoml_navis",1029.02726235154
"7901009",52,0,1,0.022428,1,0,1,117.988511665611,1,4.85888165674509,478,1,12.2110004425049,35.4679985046387,0.0224280003458261,0,113.776901245117,-85.9484,23.9282,71.5298094278535,63,63,63,63,61,63,0,8520,1.66016505209534,24,-86,0.001869,51,2024-11-11 07:38:38.000806,478,1.037,0.0011,"aoml_navis",1029.04337936673
"7901009",52,0,1,0.024297,1,0.001869,1,117.672324202956,1,4.85880781892648,480,1,12.1470003128052,35.4599990844727,0.0242970008403063,0,113.47200012207,-85.9484,23.9282,71.5298094278535,63,63,63,63,61,63,0,8520,1.66016505209534,24,-86,0.001869,51,2024-11-11 07:38:38.000806,480,1.037,0.0011,"aoml_navis",1029.05901742471
"7901009",52,0,1,0.028035,1,0.005607,1,117.340376420372,1,4.85875937051875,482,1,12.121000289917,35.4550018310547,0.0280349999666214,0,113.151901245117,-85.9484,23.9282,71.5298094278535,63,63,63,63,61,63,0,8520,1.66016505209534,24,-86,0.001869,51,2024-11-11 07:38:38.000806,482,1.037,0.0011,"aoml_navis",1029.06927853605
"7901009",52,0,1,0.024297,1,0.001869,1,117.025850437228,1,4.85869748334051,484,1,12.0769996643066,35.4490013122559,0.0242970008403063,0,112.848602294922,-85.9484,23.9282,71.5298094278535,63,63,63,63,61,63,0,8520,1.66016505209534,24,-86,0.001869,51,2024-11-11 07:38:38.000806,484,1.037,0.0011,"aoml_navis",1029.08238620412
"7901009",52,0,1,0.026166,1,0.003738,1,117.083195215761,1,4.8586064015577,486,1,11.9790000915527,35.4370002746582,0.0261659994721413,0,112.903900146484,-85.9484,23.9282,71.5298094278535,63,63,63,63,61,63,0,8520,1.66016505209534,24,-86,0.001869,51,2024-11-11 07:38:38.000806,486,1.037,0.0011,"aoml_navis",1029.10167787968
"7901009",52,0,1,0.029904,1,0.007476,1,116.919658161085,1,4.8585513911301,488,1,11.9420003890991,35.4309997558594,0.0299040004611015,0,112.746200561523,-85.9484,23.9282,71.5298094278535,63,63,63,63,61,63,0,8520,1.66016505209534,24,-86,0.001869,51,2024-11-11 07:38:38.000806,488,1.037,0.0011,"aoml_navis",1029.11332977318
"7901009",52,0,1,0.024297,1,0.001869,1,116.733928487233,1,4.8584983221968,490,1,11.9069995880127,35.4249992370605,0.0242970008403063,0,112.567100524902,-85.9484,23.9282,71.5298094278535,63,63,63,63,61,63,0,8520,1.66016505209534,24,-86,0.001869,51,2024-11-11 07:38:38.000806,490,1.037,0.0011,"aoml_navis",1029.12457068406
"7901009",52,0,1,0.022428,1,0,1,116.589783271986,1,4.85843870730029,492,1,11.8649997711182,35.4189987182617,0.0224280003458261,0,112.428100585938,-85.9484,23.9282,71.5298094278535,63,63,63,63,61,63,0,8520,1.66016505209534,24,-86,0.001869,51,2024-11-11 07:38:38.000806,492,1.037,0.0011,"aoml_navis",1029.13719843517
"7901009",52,0,1,0.022428,1,0,1,116.447085917456,1,4.85837602271586,494,1,11.8079996109009,35.4099998474121,0.0224280003458261,0,112.290496826172,-85.9484,23.9282,71.5298094278535,63,63,63,63,61,63,0,8520,1.66016505209534,24,-86,0.001869,51,2024-11-11 07:38:38.000806,494,1.037,0.0011,"aoml_navis",1029.15047674819
"7901009",52,0,1,0.020559,1,-0.001869,1,116.255240416643,1,4.85832294747493,496,1,11.7650003433228,35.4020004272461,0.020558999851346,0,112.105499267578,-85.9484,23.9282,71.5298094278535,63,63,63,63,61,63,0,8520,1.66016505209534,24,-86,0.001869,51,2024-11-11 07:38:38.000806,496,1.037,0.0011,"aoml_navis",1029.16171980677
"7901009",52,0,1,0.024297,1,0.001869,1,116.212105243828,1,4.85824047614448,498,1,11.6669998168945,35.3880004882812,0.0242970008403063,0,112.063903808594,-85.9484,23.9282,71.5298094278535,63,63,63,63,61,63,0,8520,1.66016505209534,24,-86,0.001869,51,2024-11-11 07:38:38.000806,498,1.037,0.0011,"aoml_navis",1029.17919039858
"7901009",52,0,1,0.026166,1,0.003738,1,116.120114661597,1,4.85817356438061,500,1,11.6009998321533,35.3779983520508,0.0261659994721413,0,111.975196838379,-85.9484,23.9282,71.5298094278535,63,63,63,63,61,63,0,8520,1.66016505209534,24,-86,0.001869,51,2024-11-11 07:38:38.000806,500,1.037,0.0011,"aoml_navis",1029.1933653131
"7901009",52,0,1,0.022428,1,0,1,115.937082913997,1,4.85811911376224,502,1,11.5640001296997,35.3720016479492,0.0224280003458261,0,111.798698425293,-85.9484,23.9282,71.5298094278535,63,63,63,63,61,63,0,8520,1.66016505209534,24,-86,0.001869,51,2024-11-11 07:38:38.000806,502,1.037,0.0011,"aoml_navis",1029.20490068591
"7901009",52,0,1,0.028035,1,0.005607,1,115.836808669635,1,4.85806658697554,504,1,11.5290002822876,35.3660011291504,0.0280349999666214,0,111.702003479004,-85.9484,23.9282,71.5298094278535,63,63,63,63,61,63,0,8520,1.66016505209534,24,-86,0.001869,51,2024-11-11 07:38:38.000806,504,1.037,0.0011,"aoml_navis",1029.2160287397
"7901009",52,0,1,0.024297,1,0.001869,1,115.754779052659,1,4.85799837365989,506,1,11.4770002365112,35.3600006103516,0.0242970008403063,0,111.622901916504,-85.9484,23.9282,71.5298094278535,63,63,63,63,61,63,0,8520,1.66016505209534,24,-86,0.001869,51,2024-11-11 07:38:38.000806,506,1.037,0.0011,"aoml_navis",1029.23048041968
"7901009",52,0,1,0.022428,1,0,1,115.693280575349,1,4.85793677281114,508,1,11.4359998703003,35.3549995422363,0.0224280003458261,0,111.563598632812,-85.9484,23.9282,71.5298094278535,63,63,63,63,61,63,0,8520,1.66016505209534,24,-86,0.001869,51,2024-11-11 07:38:38.000806,508,1.037,0.0011,"aoml_navis",1029.2435315305
"7901009",52,0,1,0.024297,1,0.001869,1,115.483079681849,1,4.85788817021744,510,1,11.4130001068115,35.351001739502,0.0242970008403063,0,111.360900878906,-85.9484,23.9282,71.5298094278535,63,63,63,63,61,63,0,8520,1.66016505209534,24,-86,0.001869,51,2024-11-11 07:38:38.000806,510,1.037,0.0011,"aoml_navis",1029.25382898969
"7901009",52,0,1,0.026166,1,0.003738,1,115.334163646866,1,4.85782477972111,512,1,11.3620004653931,35.3440017700195,0.0261659994721413,0,111.217300415039,-85.9484,23.9282,71.5298094278535,63,63,63,63,61,63,0,8520,1.66016505209534,24,-86,0.001869,51,2024-11-11 07:38:38.000806,512,1.037,0.0011,"aoml_navis",1029.26725987985
"7901009",52,0,1,0.024297,1,0.001869,1,115.197384324115,1,4.85775598751233,514,1,11.3009996414185,35.3359985351562,0.0242970008403063,0,111.085403442383,-85.9484,23.9282,71.5298094278535,63,63,63,63,61,63,0,8520,1.66016505209534,24,-86,0.001869,51,2024-11-11 07:38:38.000806,514,1.037,0.0011,"aoml_navis",1029.2818356569
"7901009",52,0,1,0.026166,1,0.003738,1,115.105290888391,1,4.85770290970216,516,1,11.2609996795654,35.3289985656738,0.0261659994721413,0,110.996597290039,-85.9484,23.9282,71.5298094278535,63,63,63,63,61,63,0,8520,1.66016505209534,24,-86,0.001869,51,2024-11-11 07:38:38.000806,516,1.037,0.0011,"aoml_navis",1029.29308213016
"7901009",52,0,1,0.026166,1,0.003738,1,115.046078923359,1,4.85764441320305,518,1,11.2150001525879,35.3219985961914,0.0261659994721413,0,110.939498901367,-85.9484,23.9282,71.5298094278535,63,63,63,63,61,63,0,8520,1.66016505209534,24,-86,0.001869,51,2024-11-11 07:38:38.000806,518,1.037,0.0011,"aoml_navis",1029.30547703534
"7901009",52,0,1,0.024297,1,0.001869,1,115.190746317881,1,4.85757507465712,520,1,11.1529998779297,35.3139991760254,0.0242970008403063,0,111.079002380371,-85.9484,23.9282,71.5298094278535,63,63,63,63,61,63,0,8520,1.66016505209534,24,-86,0.001869,51,2024-11-11 07:38:38.000806,520,1.037,0.0011,"aoml_navis",1029.32016966365
"7901009",52,0,1,0.026166,1,0.003738,1,115.322026934632,1,4.85751321488813,522,1,11.0909996032715,35.3040008544922,0.0261659994721413,0,111.205596923828,-85.9484,23.9282,71.5298094278535,63,63,63,63,61,63,0,8520,1.66016505209534,24,-86,0.001869,51,2024-11-11 07:38:38.000806,522,1.037,0.0011,"aoml_navis",1029.33327791578
"7901009",52,0,1,0.022428,1,0,1,115.309273101437,1,4.85747214983121,524,1,11.0839996337891,35.3019981384277,0.0224280003458261,0,111.193298339844,-85.9484,23.9282,71.5298094278535,63,63,63,63,61,63,0,8520,1.66016505209534,24,-86,0.001869,51,2024-11-11 07:38:38.000806,524,1.037,0.0011,"aoml_navis",1029.34197989663
"7901009",52,0,1,0.026166,1,0.003738,1,115.28355972806,1,4.85743198164618,526,1,11.0780000686646,35.2999992370605,0.0261659994721413,0,111.168502807617,-85.9484,23.9282,71.5298094278535,63,63,63,63,61,63,0,8520,1.66016505209534,24,-86,0.001869,51,2024-11-11 07:38:38.000806,526,1.037,0.0011,"aoml_navis",1029.35049196623
"7901009",52,0,1,0.024297,1,0.001869,1,115.333435760604,1,4.85736491366315,528,1,11.0059995651245,35.2890014648438,0.0242970008403063,0,111.216598510742,-85.9484,23.9282,71.5298094278535,63,63,63,63,61,63,0,8520,1.66016505209534,24,-86,0.001869,51,2024-11-11 07:38:38.000806,528,1.037,0.0011,"aoml_navis",1029.36470470556
"7901009",52,0,1,0.024297,1,0.001869,1,115.098763647456,1,4.85731423313139,530,1,10.960000038147,35.2799987792969,0.0242970008403063,0,110.990303039551,-85.9484,23.9282,71.5298094278535,63,63,63,63,61,63,0,8520,1.66016505209534,24,-86,0.001869,51,2024-11-11 07:38:38.000806,530,1.037,0.0011,"aoml_navis",1029.37544495173
"7901009",52,0,1,0.026166,1,0.003738,1,114.857651323254,1,4.85725253191541,532,1,10.9219999313354,35.2760009765625,0.0261659994721413,0,110.757797241211,-85.9484,23.9282,71.5298094278535,63,63,63,63,61,63,0,8520,1.66016505209534,24,-86,0.001869,51,2024-11-11 07:38:38.000806,532,1.037,0.0011,"aoml_navis",1029.3885210099
"7901009",52,0,1,0.029904,1,0.007476,1,114.72491493398,1,4.85718748795875,534,1,10.8680000305176,35.2690010070801,0.0299040004611015,0,110.62979888916,-85.9484,23.9282,71.5298094278535,63,63,63,63,61,63,0,8520,1.66016505209534,24,-86,0.001869,51,2024-11-11 07:38:38.000806,534,1.037,0.0011,"aoml_navis",1029.4023058396
"7901009",52,0,1,0.026166,1,0.003738,1,114.52508641971,1,4.85712256733542,536,1,10.8140001296997,35.2620010375977,0.0261659994721413,0,110.437103271484,-85.9484,23.9282,71.5298094278535,63,63,63,63,61,63,0,8520,1.66016505209534,24,-86,0.001869,51,2024-11-11 07:38:38.000806,536,1.037,0.0011,"aoml_navis",1029.4160648993
"7901009",52,0,1,0.026166,1,0.003738,1,114.217190530993,1,4.8570625751192,538,1,10.793999671936,35.2620010375977,0.0261659994721413,0,110.140197753906,-85.9484,23.9282,71.5298094278535,63,63,63,63,61,63,0,8520,1.66016505209534,24,-86,0.001869,51,2024-11-11 07:38:38.000806,538,1.037,0.0011,"aoml_navis",1029.42877977587
"7901009",52,0,4,0.020559,1,-0.001869,1,114.027837249446,1,4.85701125224531,540,1,10.8000001907349,35.265998840332,0.020558999851346,0,109.95760345459,-85.9484,23.9282,71.5298094278535,63,63,63,63,61,63,0,8520,1.66016505209534,24,-86,0.001869,51,2024-11-11 07:38:38.000806,540,1.037,0.0011,"aoml_navis",1029.43965750308
"7901009",52,0,1,0.022428,1,0,1,113.93056158001,1,4.85696061033126,542,1,10.7700004577637,35.2610015869141,0.0224280003458261,0,109.863800048828,-85.9484,23.9282,71.5298094278535,63,63,63,63,61,63,0,8520,1.66016505209534,24,-86,0.001869,51,2024-11-11 07:38:38.000806,542,1.037,0.0011,"aoml_navis",1029.45039112825
"7901009",52,0,1,0.028035,1,0.005607,1,113.823127150138,1,4.85689840139609,544,1,10.7270002365112,35.2560005187988,0.0280349999666214,0,109.760200500488,-85.9484,23.9282,71.5298094278535,63,63,63,63,61,63,0,8520,1.66016505209534,24,-86,0.001869,51,2024-11-11 07:38:38.000806,544,1.037,0.0011,"aoml_navis",1029.46357670623
"7901009",52,0,1,0.026166,1,0.003738,1,113.827170083614,1,4.85682755001694,546,1,10.6660003662109,35.2490005493164,0.0261659994721413,0,109.764099121094,-85.9484,23.9282,71.5298094278535,63,63,63,63,61,63,0,8520,1.66016505209534,24,-86,0.001869,51,2024-11-11 07:38:38.000806,546,1.037,0.0011,"aoml_navis",1029.47859451641
"7901009",52,0,1,0.026166,1,0.003738,1,113.66311876147,1,4.85678320944577,548,1,10.6470003128052,35.2449989318848,0.0261659994721413,0,109.605903625488,-85.9484,23.9282,71.5298094278535,63,63,63,63,61,63,0,8520,1.66016505209534,24,-86,0.001869,51,2024-11-11 07:38:38.000806,548,1.037,0.0011,"aoml_navis",1029.48799326181
"7901009",52,0,1,0.024297,1,0.001869,1,113.423359356297,1,4.85673175687649,550,1,10.6199998855591,35.2410011291504,0.0242970008403063,0,109.374702453613,-85.9484,23.9282,71.5298094278535,63,63,63,63,61,63,0,8520,1.66016505209534,24,-86,0.001869,51,2024-11-11 07:38:38.000806,550,1.037,0.0011,"aoml_navis",1029.49889973245
"7901009",52,0,1,0.026166,1,0.003738,1,113.210144064257,1,4.85666460564559,552,1,10.5670003890991,35.2350006103516,0.0261659994721413,0,109.169097900391,-85.9484,23.9282,71.5298094278535,63,63,63,63,61,63,0,8520,1.66016505209534,24,-86,0.001869,51,2024-11-11 07:38:38.000806,552,1.037,0.0011,"aoml_navis",1029.51313421721
"7901009",52,0,1,0.029904,1,0.007476,1,113.178101245126,1,4.85658687185969,554,1,10.4770002365112,35.2229995727539,0.0299040004611015,0,109.138198852539,-85.9484,23.9282,71.5298094278535,63,63,63,63,61,63,0,8520,1.66016505209534,24,-86,0.001869,51,2024-11-11 07:38:38.000806,554,1.037,0.0011,"aoml_navis",1029.52961244681
"7901009",52,0,1,0.026166,1,0.003738,1,113.167839631197,1,4.8565125594005,556,1,10.4029998779297,35.2140007019043,0.0261659994721413,0,109.128303527832,-85.9484,23.9282,71.5298094278535,63,63,63,63,61,63,0,8520,1.66016505209534,24,-86,0.001869,51,2024-11-11 07:38:38.000806,556,1.037,0.0011,"aoml_navis",1029.54536590701
"7901009",52,0,1,0.029904,1,0.007476,1,113.089544387216,1,4.85645219318616,558,1,10.3529996871948,35.2070007324219,0.0299040004611015,0,109.052803039551,-85.9484,23.9282,71.5298094278535,63,63,63,63,61,63,0,8520,1.66016505209534,24,-86,0.001869,51,2024-11-11 07:38:38.000806,558,1.037,0.0011,"aoml_navis",1029.55816326479
"7901009",52,0,1,0.024297,1,0.001869,1,112.922992934,1,4.85639280790176,560,1,10.3039999008179,35.2000007629395,0.0242970008403063,0,108.892196655273,-85.9484,23.9282,71.5298094278535,63,63,63,63,61,63,0,8520,1.66016505209534,24,-86,0.001869,51,2024-11-11 07:38:38.000806,560,1.037,0.0011,"aoml_navis",1029.5707529804
"7901009",52,0,1,0.024297,1,0.001869,1,112.757074425358,1,4.8563260235606,562,1,10.2379999160767,35.1910018920898,0.0242970008403063,0,108.732200622559,-85.9484,23.9282,71.5298094278535,63,63,63,63,61,63,0,8520,1.66016505209534,24,-86,0.001869,51,2024-11-11 07:38:38.000806,562,1.037,0.0011,"aoml_navis",1029.58491166828
"7901009",52,0,1,0.028035,1,0.005607,1,112.876123388189,1,4.85623812802947,564,1,10.1389999389648,35.1800003051758,0.0280349999666214,0,108.84700012207,-85.9484,23.9282,71.5298094278535,63,63,63,63,61,63,0,8520,1.66016505209534,24,-86,0.001869,51,2024-11-11 07:38:38.000806,564,1.037,0.0011,"aoml_navis",1029.6035466508
"7901009",52,0,1,0.028035,1,0.005607,1,112.931600980225,1,4.85618052080066,566,1,10.1000003814697,35.1749992370605,0.0280349999666214,0,108.900497436523,-85.9484,23.9282,71.5298094278535,63,63,63,63,61,63,0,8520,1.66016505209534,24,-86,0.001869,51,2024-11-11 07:38:38.000806,566,1.037,0.0011,"aoml_navis",1029.61576048981
"7901009",52,0,1,0.024297,1,0.001869,1,113.050238529082,1,4.85613571807189,568,1,10.0799999237061,35.1710014343262,0.0242970008403063,0,109.01490020752,-85.9484,23.9282,71.5298094278535,63,63,63,63,61,63,0,8520,1.66016505209534,24,-86,0.001869,51,2024-11-11 07:38:38.000806,568,1.037,0.0011,"aoml_navis",1029.6252597292
"7901009",52,0,1,0.024297,1,0.001869,1,113.313329853666,1,4.85608811913377,570,1,10.043999671936,35.1640014648438,0.0242970008403063,0,109.268600463867,-85.9484,23.9282,71.5298094278535,63,63,63,63,61,63,0,8520,1.66016505209534,24,-86,0.001869,51,2024-11-11 07:38:38.000806,570,1.037,0.0011,"aoml_navis",1029.6353520232
"7901009",52,0,1,0.031773,1,0.009345,1,113.741200386656,1,4.85600223528535,572,1,9.92500019073486,35.1479988098145,0.0317730009555817,0,109.681198120117,-85.9484,23.9282,71.5298094278535,63,63,63,63,61,63,0,8520,1.66016505209534,24,-86,0.001869,51,2024-11-11 07:38:38.000806,572,1.037,0.0011,"aoml_navis",1029.65356227975
"7901009",52,0,1,0.026166,1,0.003738,1,113.862638715259,1,4.85594118521814,574,1,9.8730001449585,35.140998840332,0.0261659994721413,0,109.798301696777,-85.9484,23.9282,71.5298094278535,63,63,63,63,61,63,0,8520,1.66016505209534,24,-86,0.001869,51,2024-11-11 07:38:38.000806,574,1.037,0.0011,"aoml_navis",1029.66650733341
"7901009",52,0,1,0.024297,1,0.001869,1,113.87072458221,1,4.85589350431641,576,1,9.85799980163574,35.1389999389648,0.0242970008403063,0,109.806098937988,-85.9484,23.9282,71.5298094278535,63,63,63,63,61,63,0,8520,1.66016505209534,24,-86,0.001869,51,2024-11-11 07:38:38.000806,576,1.037,0.0011,"aoml_navis",1029.67661781616
"7901009",52,0,1,0.028035,1,0.005607,1,113.961259391918,1,4.85584197871689,578,1,9.81700038909912,35.1319999694824,0.0280349999666214,0,109.893402099609,-85.9484,23.9282,71.5298094278535,63,63,63,63,61,63,0,8520,1.66016505209534,24,-86,0.001869,51,2024-11-11 07:38:38.000806,578,1.037,0.0011,"aoml_navis",1029.68754376995
"7901009",52,0,1,0.029904,1,0.007476,1,113.999418038009,1,4.85579170619117,580,1,9.78600025177002,35.1269989013672,0.0299040004611015,0,109.930198669434,-85.9484,23.9282,71.5298094278535,63,63,63,63,61,63,0,8520,1.66016505209534,24,-86,0.001869,51,2024-11-11 07:38:38.000806,580,1.037,0.0011,"aoml_navis",1029.69820423412
"7901009",52,0,1,0.028035,1,0.005607,1,114.083314841482,1,4.85572984049926,582,1,9.73700046539307,35.1209983825684,0.0280349999666214,0,110.011100769043,-85.9484,23.9282,71.5298094278535,63,63,63,63,61,63,0,8520,1.66016505209534,24,-86,0.001869,51,2024-11-11 07:38:38.000806,582,1.037,0.0011,"aoml_navis",1029.71132337254
"7901009",52,0,1,0.029904,1,0.007476,1,114.050955550063,1,4.85569014462432,584,1,9.72700023651123,35.1180000305176,0.0299040004611015,0,109.97989654541,-85.9484,23.9282,71.5298094278535,63,63,63,63,61,63,0,8520,1.66016505209534,24,-86,0.001869,51,2024-11-11 07:38:38.000806,584,1.037,0.0011,"aoml_navis",1029.71974139154
"7901009",52,0,1,0.026166,1,0.003738,1,114.010201831213,1,4.85564821457355,586,1,9.72299957275391,35.117000579834,0.0261659994721413,0,109.94059753418,-85.9484,23.9282,71.5298094278535,63,63,63,63,61,63,0,8520,1.66016505209534,24,-86,0.001869,51,2024-11-11 07:38:38.000806,586,1.037,0.0011,"aoml_navis",1029.72863334564
"7901009",52,0,1,0.028035,1,0.005607,1,113.971212445367,1,4.85560910393145,588,1,9.7180004119873,35.1150016784668,0.0280349999666214,0,109.90299987793,-85.9484,23.9282,71.5298094278535,63,63,63,63,61,63,0,8520,1.66016505209534,24,-86,0.001869,51,2024-11-11 07:38:38.000806,588,1.037,0.0011,"aoml_navis",1029.73692753637
"7901009",52,0,1,0.028035,1,0.005607,1,114.085284881473,1,4.85554229403961,590,1,9.64999961853027,35.1059989929199,0.0280349999666214,0,110.013000488281,-85.9484,23.9282,71.5298094278535,63,63,63,63,61,63,0,8520,1.66016505209534,24,-86,0.001869,51,2024-11-11 07:38:38.000806,590,1.037,0.0011,"aoml_navis",1029.75109621385
"7901009",52,0,1,0.028035,1,0.005607,1,114.213456157998,1,4.8554790116403,592,1,9.59899997711182,35.0999984741211,0.0280349999666214,0,110.136596679688,-85.9484,23.9282,71.5298094278535,63,63,63,63,61,63,0,8520,1.66016505209534,24,-86,0.001869,51,2024-11-11 07:38:38.000806,592,1.037,0.0011,"aoml_navis",1029.76451715953
"7901009",52,0,1,0.026166,1,0.003738,1,114.169387391933,1,4.85543851982474,594,1,9.58800029754639,35.0970001220703,0.0261659994721413,0,110.094100952148,-85.9484,23.9282,71.5298094278535,63,63,63,63,61,63,0,8520,1.66016505209534,24,-86,0.001869,51,2024-11-11 07:38:38.000806,594,1.037,0.0011,"aoml_navis",1029.77310485655
"7901009",52,0,1,0.031773,1,0.009345,1,114.217815563761,1,4.85536757045218,596,1,9.51900005340576,35.0890007019043,0.0317730009555817,0,110.140800476074,-85.9484,23.9282,71.5298094278535,63,63,63,63,61,63,0,8520,1.66016505209534,24,-86,0.001869,51,2024-11-11 07:38:38.000806,596,1.037,0.0011,"aoml_navis",1029.78815248262
"7901009",52,0,1,0.028035,1,0.005607,1,114.1392117593,1,4.85531400361212,598,1,9.48799991607666,35.0849990844727,0.0280349999666214,0,110.065002441406,-85.9484,23.9282,71.5298094278535,63,63,63,63,61,63,0,8520,1.66016505209534,24,-86,0.001869,51,2024-11-11 07:38:38.000806,598,1.037,0.0011,"aoml_navis",1029.79951374519
"7901009",52,0,1,0.026166,1,0.003738,1,114.172085318186,1,4.85525073463378,600,1,9.44099998474121,35.0800018310547,0.0261659994721413,0,110.096702575684,-85.9484,23.9282,71.5298094278535,63,63,63,63,61,63,0,8520,1.66016505209534,24,-86,0.001869,51,2024-11-11 07:38:38.000806,600,1.037,0.0011,"aoml_navis",1029.81293310636
"7901009",52,0,1,0.026166,1,0.003738,1,114.141696066758,1,4.85519777630761,602,1,9.41499996185303,35.0769996643066,0.0261659994721413,0,110.067398071289,-85.9484,23.9282,71.5298094278535,63,63,63,63,61,63,0,8520,1.66016505209534,24,-86,0.001869,51,2024-11-11 07:38:38.000806,602,1.037,0.0011,"aoml_navis",1029.82416584531
"7901009",52,0,1,0.028035,1,0.005607,1,114.117327700604,1,4.85515234309512,604,1,9.39799976348877,35.0740013122559,0.0280349999666214,0,110.043899536133,-85.9484,23.9282,71.5298094278535,63,63,63,63,61,63,0,8520,1.66016505209534,24,-86,0.001869,51,2024-11-11 07:38:38.000806,604,1.037,0.0011,"aoml_navis",1029.83380266345
"7901009",52,0,1,0.028035,1,0.005607,1,114.132470899571,1,4.85509142469736,606,1,9.35799980163574,35.0699996948242,0.0280349999666214,0,110.058502197266,-85.9484,23.9282,71.5298094278535,63,63,63,63,61,63,0,8520,1.66016505209534,24,-86,0.001869,51,2024-11-11 07:38:38.000806,606,1.037,0.0011,"aoml_navis",1029.84672432027
"7901009",52,0,1,0.029904,1,0.007476,1,114.203400251055,1,4.8550360405911,608,1,9.32900047302246,35.0670013427734,0.0299040004611015,0,110.126899719238,-85.9484,23.9282,71.5298094278535,63,63,63,63,61,63,0,8520,1.66016505209534,24,-86,0.001869,51,2024-11-11 07:38:38.000806,608,1.037,0.0011,"aoml_navis",1029.85847235673
"7901009",52,0,1,0.029904,1,0.007476,1,114.157353533193,1,4.85499164212962,610,1,9.32199954986572,35.0660018920898,0.0299040004611015,0,110.082496643066,-85.9484,23.9282,71.5298094278535,63,63,63,63,61,63,0,8520,1.66016505209534,24,-86,0.001869,51,2024-11-11 07:38:38.000806,610,1.037,0.0011,"aoml_navis",1029.86789031974
"7901009",52,0,1,0.028035,1,0.005607,1,114.193027871826,1,4.85494178295105,612,1,9.30399990081787,35.0639991760254,0.0280349999666214,0,110.116897583008,-85.9484,23.9282,71.5298094278535,63,63,63,63,61,63,0,8520,1.66016505209534,24,-86,0.001869,51,2024-11-11 07:38:38.000806,612,1.037,0.0011,"aoml_navis",1029.87846683525
"7901009",52,0,1,0.029904,1,0.007476,1,114.186389865591,1,4.85489558935239,614,1,9.28600025177002,35.0610008239746,0.0299040004611015,0,110.110496520996,-85.9484,23.9282,71.5298094278535,63,63,63,63,61,63,0,8520,1.66016505209534,24,-86,0.001869,51,2024-11-11 07:38:38.000806,614,1.037,0.0011,"aoml_navis",1029.88826597339
"7901009",52,0,1,0.029904,1,0.007476,1,114.178929031408,1,4.85484871127917,616,1,9.27600002288818,35.060001373291,0.0299040004611015,0,110.103302001953,-85.9484,23.9282,71.5298094278535,63,63,63,63,61,63,0,8520,1.66016505209534,24,-86,0.001869,51,2024-11-11 07:38:38.000806,616,1.037,0.0011,"aoml_navis",1029.8982105011
"7901009",52,0,1,0.026166,1,0.003738,1,114.2025695113,1,4.85479674474641,618,1,9.25100040435791,35.056999206543,0.0261659994721413,0,110.126098632812,-85.9484,23.9282,71.5298094278535,63,63,63,63,61,63,0,8520,1.66016505209534,24,-86,0.001869,51,2024-11-11 07:38:38.000806,618,1.037,0.0011,"aoml_navis",1029.9092346988
"7901009",52,0,1,0.026166,1,0.003738,1,114.215742670276,1,4.85475437495054,620,1,9.24199962615967,35.0550003051758,0.0261659994721413,0,110.138801574707,-85.9484,23.9282,71.5298094278535,63,63,63,63,61,63,0,8520,1.66016505209534,24,-86,0.001869,51,2024-11-11 07:38:38.000806,620,1.037,0.0011,"aoml_navis",1029.91822321617
"7901009",52,0,1,0.028035,1,0.005607,1,114.253489902393,1,4.85470786663905,622,1,9.22799968719482,35.0530014038086,0.0280349999666214,0,110.175201416016,-85.9484,23.9282,71.5298094278535,63,63,63,63,61,63,0,8520,1.66016505209534,24,-86,0.001869,51,2024-11-11 07:38:38.000806,622,1.037,0.0011,"aoml_navis",1029.92808987733
"7901009",52,0,1,0.024297,1,0.001869,1,114.337386705866,1,4.85465216841128,624,1,9.19400024414062,35.048999786377,0.0242970008403063,0,110.256103515625,-85.9484,23.9282,71.5298094278535,63,63,63,63,61,63,0,8520,1.66016505209534,24,-86,0.001869,51,2024-11-11 07:38:38.000806,624,1.037,0.0011,"aoml_navis",1029.93990641276
"7901009",52,0,1,0.028035,1,0.005607,1,114.453840595938,1,4.85460183523151,626,1,9.16199970245361,35.0439987182617,0.0280349999666214,0,110.36840057373,-85.9484,23.9282,71.5298094278535,63,63,63,63,61,63,0,8520,1.66016505209534,24,-86,0.001869,51,2024-11-11 07:38:38.000806,626,1.037,0.0011,"aoml_navis",1029.95058497142
"7901009",52,0,1,0.028035,1,0.005607,1,114.438800250464,1,4.8545545426906,628,1,9.14700031280518,35.0419998168945,0.0280349999666214,0,110.353897094727,-85.9484,23.9282,71.5298094278535,63,63,63,63,61,63,0,8520,1.66016505209534,24,-86,0.001869,51,2024-11-11 07:38:38.000806,628,1.037,0.0011,"aoml_navis",1029.96061863769
"7901009",52,0,1,0.026166,1,0.003738,1,114.48494982182,1,4.85451250671489,630,1,9.125,35.0369987487793,0.0261659994721413,0,110.398399353027,-85.9484,23.9282,71.5298094278535,63,63,63,63,61,63,0,8520,1.66016505209534,24,-86,0.001869,51,2024-11-11 07:38:38.000806,630,1.037,0.0011,"aoml_navis",1029.96953722621
"7901009",52,0,1,0.029904,1,0.007476,1,114.798336504729,1,4.85441164390364,632,1,9,35.0250015258789,0.0299040004611015,0,110.70059967041,-85.9484,23.9282,71.5298094278535,63,63,63,63,61,63,0,8520,1.66016505209534,24,-86,0.001869,51,2024-11-11 07:38:38.000806,632,1.037,0.0011,"aoml_navis",1029.99093747626
"7901009",52,0,1,0.028035,1,0.005607,1,114.805488778432,1,4.85436523948915,634,1,8.9680004119873,35.0190010070801,0.0280349999666214,0,110.707496643066,-85.9484,23.9282,71.5298094278535,63,63,63,63,61,63,0,8520,1.66016505209534,24,-86,0.001869,51,2024-11-11 07:38:38.000806,634,1.037,0.0011,"aoml_navis",1030.00078348579
"7901009",52,0,1,0.029904,1,0.007476,1,114.987175518808,1,4.85427819044222,636,1,8.8769998550415,35.0110015869141,0.0299040004611015,0,110.882698059082,-85.9484,23.9282,71.5298094278535,63,63,63,63,61,63,0,8520,1.66016505209534,24,-86,0.001869,51,2024-11-11 07:38:38.000806,636,1.037,0.0011,"aoml_navis",1030.01925391188
"7901009",52,0,1,0.031773,1,0.009345,1,115.138892333539,1,4.8541926969394,638,1,8.79199981689453,35.0040016174316,0.0317730009555817,0,111.028999328613,-85.9484,23.9282,71.5298094278535,63,63,63,63,61,63,0,8520,1.66016505209534,24,-86,0.001869,51,2024-11-11 07:38:38.000806,638,1.037,0.0011,"aoml_navis",1030.037394921
"7901009",52,0,1,0.029904,1,0.007476,1,115.208998857075,1,4.85412866232978,640,1,8.75599956512451,35.0019989013672,0.0299040004611015,0,111.096603393555,-85.9484,23.9282,71.5298094278535,63,63,63,63,61,63,0,8520,1.66016505209534,24,-86,0.001869,51,2024-11-11 07:38:38.000806,640,1.037,0.0011,"aoml_navis",1030.0509829503
"7901009",52,0,1,0.029904,1,0.007476,1,115.212313904288,1,4.85408240016973,642,1,8.74199962615967,35,0.0299040004611015,0,111.099800109863,-85.9484,23.9282,71.5298094278535,63,63,63,63,61,63,0,8520,1.66016505209534,24,-86,0.001869,51,2024-11-11 07:38:38.000806,642,1.037,0.0011,"aoml_navis",1030.06079992074
"7901009",52,0,1,0.028035,1,0.005607,1,115.213761765005,1,4.85403408607136,644,1,8.72999954223633,34.9990005493164,0.0280349999666214,0,111.101196289062,-85.9484,23.9282,71.5298094278535,63,63,63,63,61,63,0,8520,1.66016505209534,24,-86,0.001869,51,2024-11-11 07:38:38.000806,644,1.037,0.0011,"aoml_navis",1030.07105251846
"7901009",52,0,1,0.024297,1,0.001869,1,115.194061365094,1,4.85398174945187,646,1,8.71300029754639,34.9980010986328,0.0242970008403063,0,111.08219909668,-85.9484,23.9282,71.5298094278535,63,63,63,63,61,63,0,8520,1.66016505209534,24,-86,0.001869,51,2024-11-11 07:38:38.000806,646,1.037,0.0011,"aoml_navis",1030.08215895427
"7901009",52,0,1,0.028035,1,0.005607,1,115.16346640668,1,4.85393541383903,648,1,8.70800018310547,34.9980010986328,0.0280349999666214,0,111.052696228027,-85.9484,23.9282,71.5298094278535,63,63,63,63,61,63,0,8520,1.66016505209534,24,-86,0.001869,51,2024-11-11 07:38:38.000806,648,1.037,0.0011,"aoml_navis",1030.09199210697
"7901009",52,0,1,0.031773,1,0.009345,1,115.114729674372,1,4.85389310799619,650,1,8.70800018310547,34.9980010986328,0.0317730009555817,0,111.005699157715,-85.9484,23.9282,71.5298094278535,63,63,63,63,61,63,0,8520,1.66016505209534,24,-86,0.001869,51,2024-11-11 07:38:38.000806,650,1.037,0.0011,"aoml_navis",1030.10097024245
"7901009",52,0,1,0.031773,1,0.009345,1,115.021299143231,1,4.85384999852211,652,1,8.70699977874756,34.9980010986328,0.0317730009555817,0,110.915603637695,-85.9484,23.9282,71.5298094278535,63,63,63,63,61,63,0,8520,1.66016505209534,24,-86,0.001869,51,2024-11-11 07:38:38.000806,652,1.037,0.0011,"aoml_navis",1030.11011908534
"7901009",52,0,1,0.028035,1,0.005607,1,114.905043048339,1,4.85380447428985,654,1,8.70300006866455,34.9980010986328,0.0280349999666214,0,110.803497314453,-85.9484,23.9282,71.5298094278535,63,63,63,63,61,63,0,8520,1.66016505209534,24,-86,0.001869,51,2024-11-11 07:38:38.000806,654,1.037,0.0011,"aoml_navis",1030.11978057306
"7901009",52,0,1,0.029904,1,0.007476,1,114.752186933373,1,4.85376101049967,656,1,8.69699954986572,34.9970016479492,0.0299040004611015,0,110.656097412109,-85.9484,23.9282,71.5298094278535,63,63,63,63,61,63,0,8520,1.66016505209534,24,-86,0.001869,51,2024-11-11 07:38:38.000806,656,1.037,0.0011,"aoml_navis",1030.12900494771
"7901009",52,0,1,0.029904,1,0.007476,1,114.612503977384,1,4.85370030658136,658,1,8.66499996185303,34.9949989318848,0.0299040004611015,0,110.52140045166,-85.9484,23.9282,71.5298094278535,63,63,63,63,61,63,0,8520,1.66016505209534,24,-86,0.001869,51,2024-11-11 07:38:38.000806,658,1.037,0.0011,"aoml_navis",1030.14188849284
"7901009",52,0,1,0.029904,1,0.007476,1,114.507870327258,1,4.85363481232665,660,1,8.6269998550415,34.9930000305176,0.0299040004611015,0,110.420501708984,-85.9484,23.9282,71.5298094278535,63,63,63,63,61,63,0,8520,1.66016505209534,24,-86,0.001869,51,2024-11-11 07:38:38.000806,660,1.037,0.0011,"aoml_navis",1030.15578908031
"7901009",52,0,1,0.028035,1,0.005607,1,114.532238693412,1,4.85354282405682,662,1,8.5649995803833,34.9930000305176,0.0280349999666214,0,110.444000244141,-85.9484,23.9282,71.5298094278535,63,63,63,63,61,63,0,8520,1.66016505209534,24,-86,0.001869,51,2024-11-11 07:38:38.000806,662,1.037,0.0011,"aoml_navis",1030.17531342616
"7901009",52,0,1,0.026166,1,0.003738,1,114.573095265756,1,4.85349138754953,664,1,8.54899978637695,34.992000579834,0.0261659994721413,0,110.4833984375,-85.9484,23.9282,71.5298094278535,63,63,63,63,61,63,0,8520,1.66016505209534,24,-86,0.001869,51,2024-11-11 07:38:38.000806,664,1.037,0.0011,"aoml_navis",1030.1862310555
"7901009",52,0,1,0.028035,1,0.005607,1,114.588752732191,1,4.8534372437124,666,1,8.52499961853027,34.9900016784668,0.0280349999666214,0,110.498497009277,-85.9484,23.9282,71.5298094278535,63,63,63,63,61,63,0,8520,1.66016505209534,24,-86,0.001869,51,2024-11-11 07:38:38.000806,666,1.037,0.0011,"aoml_navis",1030.19772357775
"7901009",52,0,1,0.028035,1,0.005607,1,114.674722429148,1,4.85338712295916,668,1,8.50599956512451,34.9879989624023,0.0280349999666214,0,110.581398010254,-85.9484,23.9282,71.5298094278535,63,63,63,63,61,63,0,8520,1.66016505209534,24,-86,0.001869,51,2024-11-11 07:38:38.000806,668,1.037,0.0011,"aoml_navis",1030.20836239238
"7901009",52,0,1,0.031773,1,0.009345,1,114.757060606604,1,4.85334081856855,670,1,8.50100040435791,34.9879989624023,0.0317730009555817,0,110.660797119141,-85.9484,23.9282,71.5298094278535,63,63,63,63,61,63,0,8520,1.66016505209534,24,-86,0.001869,51,2024-11-11 07:38:38.000806,670,1.037,0.0011,"aoml_navis",1030.21819132717
"7901009",52,0,1,0.028035,1,0.005607,1,114.959389251947,1,4.85328450595208,672,1,8.46500015258789,34.984001159668,0.0280349999666214,0,110.855903625488,-85.9484,23.9282,71.5298094278535,63,63,63,63,61,63,0,8520,1.66016505209534,24,-86,0.001869,51,2024-11-11 07:38:38.000806,672,1.037,0.0011,"aoml_navis",1030.23014493957
"7901009",52,0,1,0.031773,1,0.009345,1,115.268005115119,1,4.85321755702325,674,1,8.39700031280518,34.976001739502,0.0317730009555817,0,111.153503417969,-85.9484,23.9282,71.5298094278535,63,63,63,63,61,63,0,8520,1.66016505209534,24,-86,0.001869,51,2024-11-11 07:38:38.000806,674,1.037,0.0011,"aoml_navis",1030.24435670813
"7901009",52,0,4,0.024297,1,0.001869,1,115.447927522492,1,4.85316249170261,676,1,8.36699962615967,34.9729995727539,0.0242970008403063,0,111.327003479004,-85.9484,23.9282,71.5298094278535,63,63,63,63,61,63,0,8520,1.66016505209534,24,-86,0.001869,51,2024-11-11 07:38:38.000806,676,1.037,0.0011,"aoml_navis",1030.25604614485
"7901009",52,0,1,0.031773,1,0.009345,1,115.616543957386,1,4.85311140053886,678,1,8.34200000762939,34.9700012207031,0.0317730009555817,0,111.489601135254,-85.9484,23.9282,71.5298094278535,63,63,63,63,61,63,0,8520,1.66016505209534,24,-86,0.001869,51,2024-11-11 07:38:38.000806,678,1.037,0.0011,"aoml_navis",1030.26689217248
"7901009",52,0,1,0.033642,1,0.011214,1,115.94268447349,1,4.85304666598194,680,1,8.29500007629395,34.9659996032715,0.0336420014500618,0,111.804100036621,-85.9484,23.9282,71.5298094278535,63,63,63,63,61,63,0,8520,1.66016505209534,24,-86,0.001869,51,2024-11-11 07:38:38.000806,680,1.037,0.0011,"aoml_navis",1030.28063485318
"7901009",52,0,1,0.029904,1,0.007476,1,116.390983292651,1,4.85295928460434,682,1,8.20499992370605,34.9589996337891,0.0299040004611015,0,112.236396789551,-85.9484,23.9282,71.5298094278535,63,63,63,63,61,63,0,8520,1.66016505209534,24,-86,0.001869,51,2024-11-11 07:38:38.000806,682,1.037,0.0011,"aoml_navis",1030.29918587245
"7901009",52,0,1,0.028035,1,0.005607,1,116.624215456889,1,4.8529065516839,684,1,8.17300033569336,34.9550018310547,0.0280349999666214,0,112.461303710938,-85.9484,23.9282,71.5298094278535,63,63,63,63,61,63,0,8520,1.66016505209534,24,-86,0.001869,51,2024-11-11 07:38:38.000806,684,1.037,0.0011,"aoml_navis",1030.31038136621
"7901009",52,0,1,0.028035,1,0.005607,1,116.859718309792,1,4.85285778097072,686,1,8.14599990844727,34.951000213623,0.0280349999666214,0,112.688400268555,-85.9484,23.9282,71.5298094278535,63,63,63,63,61,63,0,8520,1.66016505209534,24,-86,0.001869,51,2024-11-11 07:38:38.000806,686,1.037,0.0011,"aoml_navis",1030.32073587779
"7901009",52,0,1,0.024297,1,0.001869,1,117.076042942059,1,4.85280279809295,688,1,8.11100006103516,34.9469985961914,0.0242970008403063,0,112.897003173828,-85.9484,23.9282,71.5298094278535,63,63,63,63,61,63,0,8520,1.66016505209534,24,-86,0.001869,51,2024-11-11 07:38:38.000806,688,1.037,0.0011,"aoml_navis",1030.3324095438
"7901009",52,0,1,0.029904,1,0.007476,1,117.262389736872,1,4.85274573430416,690,1,8.07800006866455,34.9440002441406,0.0299040004611015,0,113.076698303223,-85.9484,23.9282,71.5298094278535,63,63,63,63,61,63,0,8520,1.66016505209534,24,-86,0.001869,51,2024-11-11 07:38:38.000806,690,1.037,0.0011,"aoml_navis",1030.34452529728
"7901009",52,0,1,0.026166,1,0.003738,1,117.362569039548,1,4.85269903627982,692,1,8.0629997253418,34.9420013427734,0.0261659994721413,0,113.173301696777,-85.9484,23.9282,71.5298094278535,63,63,63,63,61,63,0,8520,1.66016505209534,24,-86,0.001869,51,2024-11-11 07:38:38.000806,692,1.037,0.0011,"aoml_navis",1030.35444040913
"7901009",52,0,1,0.029904,1,0.007476,1,117.447288670969,1,4.85265547101432,694,1,8.05200004577637,34.939998626709,0.0299040004611015,0,113.254997253418,-85.9484,23.9282,71.5298094278535,63,63,63,63,61,63,0,8520,1.66016505209534,24,-86,0.001869,51,2024-11-11 07:38:38.000806,694,1.037,0.0011,"aoml_navis",1030.36369053311
"7901009",52,0,1,0.028035,1,0.005607,1,117.534816993944,1,4.85261210805604,696,1,8.04599952697754,34.9389991760254,0.0280349999666214,0,113.339401245117,-85.9484,23.9282,71.5298094278535,63,63,63,63,61,63,0,8520,1.66016505209534,24,-86,0.001869,51,2024-11-11 07:38:38.000806,696,1.037,0.0011,"aoml_navis",1030.37289786655
"7901009",52,0,1,0.026166,1,0.003738,1,117.779552925841,1,4.85256677106385,698,1,8.02799987792969,34.9360008239746,0.0261659994721413,0,113.575401306152,-85.9484,23.9282,71.5298094278535,63,63,63,63,61,63,0,8520,1.66016505209534,24,-86,0.001869,51,2024-11-11 07:38:38.000806,698,1.037,0.0011,"aoml_navis",1030.38252452605
"7901009",52,0,1,0.029904,1,0.007476,1,118.158686726522,1,4.85250362253704,700,1,7.98699998855591,34.9329986572266,0.0299040004611015,0,113.94100189209,-85.9484,23.9282,71.5298094278535,63,63,63,63,61,63,0,8520,1.66016505209534,24,-86,0.001869,51,2024-11-11 07:38:38.000806,700,1.037,0.0011,"aoml_navis",1030.39593350903
"7901009",52,0,1,0.026166,1,0.003738,1,118.636441203863,1,4.85241913977309,702,1,7.90399980545044,34.9269981384277,0.0261659994721413,0,114.401702880859,-85.9484,23.9282,71.5298094278535,63,63,63,63,61,63,0,8520,1.66016505209534,24,-86,0.001869,51,2024-11-11 07:38:38.000806,702,1.037,0.0011,"aoml_navis",1030.41387315808
"7901009",52,0,1,0.031773,1,0.009345,1,118.881382842746,1,4.85234252318403,704,1,7.84999990463257,34.9249992370605,0.0317730009555817,0,114.637901306152,-85.9484,23.9282,71.5298094278535,63,63,63,63,61,63,0,8520,1.66016505209534,24,-86,0.001869,51,2024-11-11 07:38:38.000806,704,1.037,0.0011,"aoml_navis",1030.4301429898
"7901009",52,0,1,0.026166,1,0.003738,1,119.043258417912,1,4.85228443518254,706,1,7.82000017166138,34.9230003356934,0.0261659994721413,0,114.793998718262,-85.9484,23.9282,71.5298094278535,63,63,63,63,61,63,0,8520,1.66016505209534,24,-86,0.001869,51,2024-11-11 07:38:38.000806,706,1.037,0.0011,"aoml_navis",1030.44247854607
"7901009",52,0,1,0.029904,1,0.007476,1,119.231274604043,1,4.8522196425021,708,1,7.78599977493286,34.9220008850098,0.0299040004611015,0,114.975303649902,-85.9484,23.9282,71.5298094278535,63,63,63,63,61,63,0,8520,1.66016505209534,24,-86,0.001869,51,2024-11-11 07:38:38.000806,708,1.037,0.0011,"aoml_navis",1030.45623825505
"7901009",52,0,1,0.028035,1,0.005607,1,119.390452252956,1,4.85214907351345,710,1,7.75400018692017,34.9230003356934,0.0280349999666214,0,115.128799438477,-85.9484,23.9282,71.5298094278535,63,63,63,63,61,63,0,8520,1.66016505209534,24,-86,0.001869,51,2024-11-11 07:38:38.000806,710,1.037,0.0011,"aoml_navis",1030.47122506883
"7901009",52,0,1,0.028035,1,0.005607,1,119.469056057417,1,4.85209887766877,712,1,7.73899984359741,34.9220008850098,0.0280349999666214,0,115.204597473145,-85.9484,23.9282,71.5298094278535,63,63,63,63,61,63,0,8520,1.66016505209534,24,-86,0.001869,51,2024-11-11 07:38:38.000806,712,1.037,0.0011,"aoml_navis",1030.48188548093
"7901009",52,0,1,0.033642,1,0.011214,1,119.603042512228,1,4.85204806828642,714,1,7.72800016403198,34.9220008850098,0.0336420014500618,0,115.333801269531,-85.9484,23.9282,71.5298094278535,63,63,63,63,61,63,0,8520,1.66016505209534,24,-86,0.001869,51,2024-11-11 07:38:38.000806,714,1.037,0.0011,"aoml_navis",1030.49267641856
"7901009",52,0,1,0.028035,1,0.005607,1,119.712961249559,1,4.85200310295932,716,1,7.71500015258789,34.9199981689453,0.0280349999666214,0,115.439796447754,-85.9484,23.9282,71.5298094278535,63,63,63,63,61,63,0,8520,1.66016505209534,24,-86,0.001869,51,2024-11-11 07:38:38.000806,716,1.037,0.0011,"aoml_navis",1030.50222637954
"7901009",52,0,1,0.031773,1,0.009345,1,119.860635130813,1,4.85195064033912,718,1,7.69700002670288,34.9189987182617,0.0317730009555817,0,115.58219909668,-85.9484,23.9282,71.5298094278535,63,63,63,63,61,63,0,8520,1.66016505209534,24,-86,0.001869,51,2024-11-11 07:38:38.000806,718,1.037,0.0011,"aoml_navis",1030.51336887684
"7901009",52,0,1,0.026166,1,0.003738,1,120.087743556284,1,4.85190567527639,720,1,7.68400001525879,34.9169998168945,0.0261659994721413,0,115.801200866699,-85.9484,23.9282,71.5298094278535,63,63,63,63,61,63,0,8520,1.66016505209534,24,-86,0.001869,51,2024-11-11 07:38:38.000806,720,1.037,0.0011,"aoml_navis",1030.52291916519
"7901009",52,0,1,0.029904,1,0.007476,1,120.327186489169,1,4.85184866573634,722,1,7.65999984741211,34.9160003662109,0.0299040004611015,0,116.032096862793,-85.9484,23.9282,71.5298094278535,63,63,63,63,61,63,0,8520,1.66016505209534,24,-86,0.001869,51,2024-11-11 07:38:38.000806,722,1.037,0.0011,"aoml_navis",1030.53502787709
"7901009",52,0,1,0.026166,1,0.003738,1,120.630825825616,1,4.85178753159197,724,1,7.61600017547607,34.9119987487793,0.0261659994721413,0,116.324897766113,-85.9484,23.9282,71.5298094278535,63,63,63,63,61,63,0,8520,1.66016505209534,24,-86,0.001869,51,2024-11-11 07:38:38.000806,724,1.037,0.0011,"aoml_navis",1030.54801296284
"7901009",52,0,1,0.029904,1,0.007476,1,120.821642791493,1,4.85172971541534,726,1,7.58599996566772,34.9099998474121,0.0299040004611015,0,116.508903503418,-85.9484,23.9282,71.5298094278535,63,63,63,63,61,63,0,8520,1.66016505209534,24,-86,0.001869,51,2024-11-11 07:38:38.000806,726,1.037,0.0011,"aoml_navis",1030.56029360283
"7901009",52,0,1,0.029904,1,0.007476,1,120.969728086722,1,4.85167355486118,728,1,7.56300020217896,34.9090003967285,0.0299040004611015,0,116.651702880859,-85.9484,23.9282,71.5298094278535,63,63,63,63,61,63,0,8520,1.66016505209534,24,-86,0.001869,51,2024-11-11 07:38:38.000806,728,1.037,0.0011,"aoml_navis",1030.57222285498
"7901009",52,0,1,0.028035,1,0.005607,1,121.067723730613,1,4.85162346220932,730,1,7.5479998588562,34.9080009460449,0.0280349999666214,0,116.746200561523,-85.9484,23.9282,71.5298094278535,63,63,63,63,61,63,0,8520,1.66016505209534,24,-86,0.001869,51,2024-11-11 07:38:38.000806,730,1.037,0.0011,"aoml_navis",1030.58286343663
"7901009",52,0,1,0.031773,1,0.009345,1,121.104743076468,1,4.85157574800493,732,1,7.54099988937378,34.9080009460449,0.0317730009555817,0,116.781898498535,-85.9484,23.9282,71.5298094278535,63,63,63,63,61,63,0,8520,1.66016505209534,24,-86,0.001869,51,2024-11-11 07:38:38.000806,732,1.037,0.0011,"aoml_navis",1030.59299899751
"7901009",52,0,1,0.026166,1,0.003738,1,121.202430159878,1,4.85153408501114,734,1,7.54199981689453,34.9080009460449,0.0261659994721413,0,116.876098632812,-85.9484,23.9282,71.5298094278535,63,63,63,63,61,63,0,8520,1.66016505209534,24,-86,0.001869,51,2024-11-11 07:38:38.000806,734,1.037,0.0011,"aoml_navis",1030.60184930939
"7901009",52,0,1,0.028035,1,0.005607,1,121.451731204525,1,4.85148269759312,736,1,7.53499984741211,34.9090003967285,0.0280349999666214,0,117.116500854492,-85.9484,23.9282,71.5298094278535,63,63,63,63,61,63,0,8520,1.66016505209534,24,-86,0.001869,51,2024-11-11 07:38:38.000806,736,1.037,0.0011,"aoml_navis",1030.61276555321
"7901009",52,0,1,0.029904,1,0.007476,1,121.731516442286,1,4.8514265762252,738,1,7.51200008392334,34.9080009460449,0.0299040004611015,0,117.386299133301,-85.9484,23.9282,71.5298094278535,63,63,63,63,61,63,0,8520,1.66016505209534,24,-86,0.001869,51,2024-11-11 07:38:38.000806,738,1.037,0.0011,"aoml_navis",1030.62468769555
"7901009",52,0,1,0.028035,1,0.005607,1,122.074358783374,1,4.85136594965422,740,1,7.48299980163574,34.9070014953613,0.0280349999666214,0,117.716903686523,-85.9484,23.9282,71.5298094278535,63,63,63,63,61,63,0,8520,1.66016505209534,24,-86,0.001869,51,2024-11-11 07:38:38.000806,740,1.037,0.0011,"aoml_navis",1030.63756721061
"7901009",52,0,1,0.029904,1,0.007476,1,122.42092758565,1,4.85130469102922,742,1,7.45800018310547,34.9070014953613,0.0299040004611015,0,118.05110168457,-85.9484,23.9282,71.5298094278535,63,63,63,63,61,63,0,8520,1.66016505209534,24,-86,0.001869,51,2024-11-11 07:38:38.000806,742,1.037,0.0011,"aoml_navis",1030.65058132624
"7901009",52,0,1,0.031773,1,0.009345,1,122.528979136483,1,4.85124571160452,744,1,7.43599987030029,34.9070014953613,0.0317730009555817,0,118.155296325684,-85.9484,23.9282,71.5298094278535,63,63,63,63,61,63,0,8520,1.66016505209534,24,-86,0.001869,51,2024-11-11 07:38:38.000806,744,1.037,0.0011,"aoml_navis",1030.66311154672
"7901009",52,0,1,0.033642,1,0.011214,1,122.606237933721,1,4.85120328819542,746,1,7.43599987030029,34.9070014953613,0.0336420014500618,0,118.229797363281,-85.9484,23.9282,71.5298094278535,63,63,63,63,61,63,0,8520,1.66016505209534,24,-86,0.001869,51,2024-11-11 07:38:38.000806,746,1.037,0.0011,"aoml_navis",1030.67212461837
"7901009",52,0,1,0.029904,1,0.007476,1,122.748832434758,1,4.85115936264379,748,1,7.43400001525879,34.9070014953613,0.0299040004611015,0,118.367301940918,-85.9484,23.9282,71.5298094278535,63,63,63,63,61,63,0,8520,1.66016505209534,24,-86,0.001869,51,2024-11-11 07:38:38.000806,748,1.037,0.0011,"aoml_navis",1030.68145699404
"7901009",52,0,1,0.033642,1,0.011214,1,122.873166484794,1,4.85109883238787,750,1,7.40500020980835,34.9059982299805,0.0336420014500618,0,118.487197875977,-85.9484,23.9282,71.5298094278535,63,63,63,63,61,63,0,8520,1.66016505209534,24,-86,0.001869,51,2024-11-11 07:38:38.000806,750,1.037,0.0011,"aoml_navis",1030.69431746433
"7901009",52,0,1,0.031773,1,0.009345,1,122.950013868058,1,4.85105257709355,752,1,7.39499998092651,34.9049987792969,0.0317730009555817,0,118.561302185059,-85.9484,23.9282,71.5298094278535,63,63,63,63,61,63,0,8520,1.66016505209534,24,-86,0.001869,51,2024-11-11 07:38:38.000806,752,1.037,0.0011,"aoml_navis",1030.70414524258
"7901009",52,0,1,0.031773,1,0.009345,1,123.070930017386,1,4.85100632580846,754,1,7.38500022888184,34.9039993286133,0.0317730009555817,0,118.67790222168,-85.9484,23.9282,71.5298094278535,63,63,63,63,61,63,0,8520,1.66016505209534,24,-86,0.001869,51,2024-11-11 07:38:38.000806,754,1.037,0.0011,"aoml_navis",1030.71397235639
"7901009",52,0,1,0.029904,1,0.007476,1,123.21528093962,1,4.85096015248619,756,1,7.38000011444092,34.9039993286133,0.0299040004611015,0,118.817100524902,-85.9484,23.9282,71.5298094278535,63,63,63,63,61,63,0,8520,1.66016505209534,24,-86,0.001869,51,2024-11-11 07:38:38.000806,756,1.037,0.0011,"aoml_navis",1030.72378309218
"7901009",52,0,1,0.026166,1,0.003738,1,123.404847839961,1,4.85092270479032,757.900024414062,1,7.37400007247925,34.9020004272461,0.0261659994721413,0,118.999900817871,-85.9484,23.9282,71.5298094278535,63,63,63,63,61,63,0,8520,1.66016505209534,24,-86,0.001869,51,2024-11-11 07:38:38.000806,757.900024414062,1.037,0.0011,"aoml_navis",1030.73173997649
"7901009",52,0,1,0.029904,1,0.007476,1,123.729326876554,1,4.85085628907675,760,1,7.33500003814697,34.9000015258789,0.0299040004611015,0,119.312797546387,-85.9484,23.9282,71.5298094278535,63,63,63,63,61,63,0,8520,1.66016505209534,24,-86,0.001869,51,2024-11-11 07:38:38.000806,760,1.037,0.0011,"aoml_navis",1030.74585228573
"7901009",52,0,1,0.029904,1,0.007476,1,124.014405113327,1,4.8507852976823,762,1,7.28200006484985,34.8969993591309,0.0299040004611015,0,119.587699890137,-85.9484,23.9282,71.5298094278535,63,63,63,63,61,63,0,8520,1.66016505209534,24,-86,0.001869,51,2024-11-11 07:38:38.000806,762,1.037,0.0011,"aoml_navis",1030.76093728349
"7901009",52,0,1,0.029904,1,0.007476,1,124.170892747795,1,4.85073386431891,764,1,7.2649998664856,34.8959999084473,0.0299040004611015,0,119.73860168457,-85.9484,23.9282,71.5298094278535,63,63,63,63,61,63,0,8520,1.66016505209534,24,-86,0.001869,51,2024-11-11 07:38:38.000806,764,1.037,0.0011,"aoml_navis",1030.77186666106
"7901009",52,0,4,0.024297,1,0.001869,1,124.325821756245,1,4.85068467625677,766,1,7.25099992752075,34.8950004577637,0.0242970008403063,0,119.888000488281,-85.9484,23.9282,71.5298094278535,63,63,63,63,61,63,0,8520,1.66016505209534,24,-86,0.001869,51,2024-11-11 07:38:38.000806,766,1.037,0.0011,"aoml_navis",1030.78231913818
"7901009",52,0,1,0.031773,1,0.009345,1,124.527106043039,1,4.85063032887808,768,1,7.2350001335144,34.8950004577637,0.0317730009555817,0,120.082099914551,-85.9484,23.9282,71.5298094278535,63,63,63,63,61,63,0,8520,1.66016505209534,24,-86,0.001869,51,2024-11-11 07:38:38.000806,768,1.037,0.0011,"aoml_navis",1030.79386821804
"7901009",52,0,1,0.031773,1,0.009345,1,124.682035051489,1,4.85058561980407,770,1,7.22700023651123,34.8940010070801,0.0317730009555817,0,120.231498718262,-85.9484,23.9282,71.5298094278535,63,63,63,63,61,63,0,8520,1.66016505209534,24,-86,0.001869,51,2024-11-11 07:38:38.000806,770,1.037,0.0011,"aoml_navis",1030.80336930574
"7901009",52,0,1,0.024297,1,0.001869,1,124.911422077432,1,4.85053500405776,772,1,7.21600008010864,34.8940010070801,0.0242970008403063,0,120.452697753906,-85.9484,23.9282,71.5298094278535,63,63,63,63,61,63,0,8520,1.66016505209534,24,-86,0.001869,51,2024-11-11 07:38:38.000806,772,1.037,0.0011,"aoml_navis",1030.81412582678
"7901009",52,0,1,0.026166,1,0.003738,1,125.217759340132,1,4.85047543863609,774,1,7.18800020217896,34.8930015563965,0.0261659994721413,0,120.748100280762,-85.9484,23.9282,71.5298094278535,63,63,63,63,61,63,0,8520,1.66016505209534,24,-86,0.001869,51,2024-11-11 07:38:38.000806,774,1.037,0.0011,"aoml_navis",1030.82678456072
"7901009",52,0,1,0.028035,1,0.005607,1,125.497441724399,1,4.85041814228832,776,1,7.16300010681152,34.8919982910156,0.0280349999666214,0,121.017799377441,-85.9484,23.9282,71.5298094278535,63,63,63,63,61,63,0,8520,1.66016505209534,24,-86,0.001869,51,2024-11-11 07:38:38.000806,776,1.037,0.0011,"aoml_navis",1030.83896136862
"7901009",52,0,1,0.026166,1,0.003738,1,125.746117736278,1,4.85036826349899,778,1,7.14799976348877,34.890998840332,0.0261659994721413,0,121.257598876953,-85.9484,23.9282,71.5298094278535,63,63,63,63,61,63,0,8520,1.66016505209534,24,-86,0.001869,51,2024-11-11 07:38:38.000806,778,1.037,0.0011,"aoml_navis",1030.84956200688
"7901009",52,0,1,0.031773,1,0.009345,1,126.147444156135,1,4.85031027329573,780,1,7.1269998550415,34.890998840332,0.0317730009555817,0,121.644599914551,-85.9484,23.9282,71.5298094278535,63,63,63,63,61,63,0,8520,1.66016505209534,24,-86,0.001869,51,2024-11-11 07:38:38.000806,780,1.037,0.0011,"aoml_navis",1030.86188682164
"7901009",52,0,1,0.029904,1,0.007476,1,126.466115926249,1,4.85025523795622,782,1,7.10500001907349,34.8899993896484,0.0299040004611015,0,121.95189666748,-85.9484,23.9282,71.5298094278535,63,63,63,63,61,63,0,8520,1.66016505209534,24,-86,0.001869,51,2024-11-11 07:38:38.000806,782,1.037,0.0011,"aoml_navis",1030.87358390378
"7901009",52,0,1,0.029904,1,0.007476,1,126.759905062742,1,4.85020023514731,784,1,7.08799982070923,34.8899993896484,0.0299040004611015,0,122.235198974609,-85.9484,23.9282,71.5298094278535,63,63,63,63,61,63,0,8520,1.66016505209534,24,-86,0.001869,51,2024-11-11 07:38:38.000806,784,1.037,0.0011,"aoml_navis",1030.88527433716
"7901009",52,0,1,0.031773,1,0.009345,1,127.029840100547,1,4.85014968586886,786,1,7.08199977874756,34.890998840332,0.0317730009555817,0,122.495498657227,-85.9484,23.9282,71.5298094278535,63,63,63,63,61,63,0,8520,1.66016505209534,24,-86,0.001869,51,2024-11-11 07:38:38.000806,786,1.037,0.0011,"aoml_navis",1030.89601843995
"7901009",52,0,1,0.028035,1,0.005607,1,127.309736103609,1,4.85010133988154,788,1,7.07399988174438,34.890998840332,0.0280349999666214,0,122.765403747559,-85.9484,23.9282,71.5298094278535,63,63,63,63,61,63,0,8520,1.66016505209534,24,-86,0.001869,51,2024-11-11 07:38:38.000806,788,1.037,0.0011,"aoml_navis",1030.90629444912
"7901009",52,0,1,0.029904,1,0.007476,1,127.705872377948,1,4.85005078254769,790,1,7.06300020217896,34.890998840332,0.0299040004611015,0,123.147399902344,-85.9484,23.9282,71.5298094278535,63,63,63,63,61,63,0,8520,1.66016505209534,24,-86,0.001869,51,2024-11-11 07:38:38.000806,790,1.037,0.0011,"aoml_navis",1030.91704070231
"7901009",52,0,1,0.028035,1,0.005607,1,128.00411586189,1,4.84998770317015,792,1,7.03999996185303,34.8919982910156,0.0280349999666214,0,123.434997558594,-85.9484,23.9282,71.5298094278535,63,63,63,63,61,63,0,8520,1.66016505209534,24,-86,0.001869,51,2024-11-11 07:38:38.000806,792,1.037,0.0011,"aoml_navis",1030.93044890233
"7901009",52,0,1,0.033642,1,0.011214,1,128.09859075158,1,4.84993126326392,794,1,7.01599979400635,34.890998840332,0.0336420014500618,0,123.526100158691,-85.9484,23.9282,71.5298094278535,63,63,63,63,61,63,0,8520,1.66016505209534,24,-86,0.001869,51,2024-11-11 07:38:38.000806,794,1.037,0.0011,"aoml_navis",1030.94244610697
"7901009",52,0,1,0.026166,1,0.003738,1,128.139241616937,1,4.84988293412181,796,1,7.00299978256226,34.8899993896484,0.0261659994721413,0,123.565299987793,-85.9484,23.9282,71.5298094278535,63,63,63,63,61,63,0,8520,1.66016505209534,24,-86,0.001869,51,2024-11-11 07:38:38.000806,796,1.037,0.0011,"aoml_navis",1030.95271946092
"7901009",52,0,1,0.031773,1,0.009345,1,128.168586509815,1,4.84983240942054,798,1,6.98199987411499,34.8880004882812,0.0317730009555817,0,123.593597412109,-85.9484,23.9282,71.5298094278535,63,63,63,63,61,63,0,8520,1.66016505209534,24,-86,0.001869,51,2024-11-11 07:38:38.000806,798,1.037,0.0011,"aoml_navis",1030.96345974508
"7901009",52,0,1,0.026166,1,0.003738,1,128.330469996788,1,4.84976947506549,800,1,6.93400001525879,34.8839988708496,0.0261659994721413,0,123.749702453613,-85.9484,23.9282,71.5298094278535,63,63,63,63,61,63,0,8520,1.66016505209534,24,-86,0.001869,51,2024-11-11 07:38:38.000806,800,1.037,0.0011,"aoml_navis",1030.97683832333
"7901009",52,0,1,0.024297,1,0.001869,1,128.515780344859,1,4.84971900690481,802,1,6.91300010681152,34.8819999694824,0.0242970008403063,0,123.928398132324,-85.9484,23.9282,71.5298094278535,63,63,63,63,61,63,0,8520,1.66016505209534,24,-86,0.001869,51,2024-11-11 07:38:38.000806,802,1.037,0.0011,"aoml_navis",1030.98756709022
"7901009",52,0,1,0.028035,1,0.005607,1,128.69311559128,1,4.84966487676851,804,1,6.89200019836426,34.8810005187988,0.0280349999666214,0,124.099403381348,-85.9484,23.9282,71.5298094278535,63,63,63,63,61,63,0,8520,1.66016505209534,24,-86,0.001869,51,2024-11-11 07:38:38.000806,804,1.037,0.0011,"aoml_navis",1030.99907458588
"7901009",52,0,1,0.028035,1,0.005607,1,128.95599329707,1,4.84961879557753,806,1,6.88199996948242,34.8800010681152,0.0280349999666214,0,124.352897644043,-85.9484,23.9282,71.5298094278535,63,63,63,63,61,63,0,8520,1.66016505209534,24,-86,0.001869,51,2024-11-11 07:38:38.000806,806,1.037,0.0011,"aoml_navis",1031.00887116315
"7901009",52,0,1,0.028035,1,0.005607,1,129.33741361003,1,4.84957125779244,808,1,6.86999988555908,34.8790016174316,0.0280349999666214,0,124.720703125,-85.9484,23.9282,71.5298094278535,63,63,63,63,61,63,0,8520,1.66016505209534,24,-86,0.001869,51,2024-11-11 07:38:38.000806,808,1.037,0.0011,"aoml_navis",1031.01897759845
"7901009",52,0,1,0.026166,1,0.003738,1,129.927476190473,1,4.84951498652698,810,1,6.84600019454956,34.8779983520508,0.0261659994721413,0,125.289703369141,-85.9484,23.9282,71.5298094278535,63,63,63,63,61,63,0,8520,1.66016505209534,24,-86,0.001869,51,2024-11-11 07:38:38.000806,810,1.037,0.0011,"aoml_navis",1031.03094100979
"7901009",52,0,1,0.035511,1,0.013083,1,130.42026310148,1,4.84943031634378,812,1,6.78800010681152,34.8779983520508,0.0355109982192516,0,125.76490020752,-85.9484,23.9282,71.5298094278535,63,63,63,63,61,63,0,8520,1.66016505209534,24,-86,0.001869,51,2024-11-11 07:38:38.000806,812,1.037,0.0011,"aoml_navis",1031.04894262503
"7901009",52,0,1,0.029904,1,0.007476,1,130.725872477919,1,4.84936970394089,814,1,6.76300001144409,34.8779983520508,0.0299040004611015,0,126.059600830078,-85.9484,23.9282,71.5298094278535,63,63,63,63,61,63,0,8520,1.66016505209534,24,-86,0.001869,51,2024-11-11 07:38:38.000806,814,1.037,0.0011,"aoml_navis",1031.0618297336
"7901009",52,0,1,0.031773,1,0.009345,1,130.987508029979,1,4.84932366556432,816,1,6.75299978256226,34.8769989013672,0.0317730009555817,0,126.311897277832,-85.9484,23.9282,71.5298094278535,63,63,63,63,61,63,0,8520,1.66016505209534,24,-86,0.001869,51,2024-11-11 07:38:38.000806,816,1.037,0.0011,"aoml_navis",1031.07161840024
"7901009",52,0,1,0.029904,1,0.007476,1,131.4530308534,1,4.84928198080486,818,1,6.74900007247925,34.8759994506836,0.0299040004611015,0,126.760803222656,-85.9484,23.9282,71.5298094278535,63,63,63,63,61,63,0,8520,1.66016505209534,24,-86,0.001869,51,2024-11-11 07:38:38.000806,818,1.037,0.0011,"aoml_navis",1031.08048156237
"7901009",52,0,1,0.031773,1,0.009345,1,132.16192877788,1,4.84919898068875,820,1,6.69299983978271,34.8759994506836,0.0317730009555817,0,127.444396972656,-85.9484,23.9282,71.5298094278535,63,63,63,63,61,63,0,8520,1.66016505209534,24,-86,0.001869,51,2024-11-11 07:38:38.000806,820,1.037,0.0011,"aoml_navis",1031.09812979665
"7901009",52,0,1,0.031773,1,0.009345,1,132.602355348884,1,4.84913853165218,822,1,6.66300010681152,34.875,0.0317730009555817,0,127.869102478027,-85.9484,23.9282,71.5298094278535,63,63,63,63,61,63,0,8520,1.66016505209534,24,-86,0.001869,51,2024-11-11 07:38:38.000806,822,1.037,0.0011,"aoml_navis",1031.11098339697
"7901009",52,0,4,0.024297,1,0.001869,1,132.968110283603,1,4.8490715590746,824,1,6.62900018692017,34.875,0.0242970008403063,0,128.221801757812,-85.9484,23.9282,71.5298094278535,63,63,63,63,61,63,0,8520,1.66016505209534,24,-86,0.001869,51,2024-11-11 07:38:38.000806,824,1.037,0.0011,"aoml_navis",1031.12522450673
"7901009",52,0,1,0.033642,1,0.011214,1,133.25359993435,1,4.84901541237287,826,1,6.6100001335144,34.875,0.0336420014500618,0,128.497100830078,-85.9484,23.9282,71.5298094278535,63,63,63,63,61,63,0,8520,1.66016505209534,24,-86,0.001869,51,2024-11-11 07:38:38.000806,826,1.037,0.0011,"aoml_navis",1031.13716389556
"7901009",52,0,1,0.031773,1,0.009345,1,133.603175223359,1,4.84896574490589,828,1,6.59999990463257,34.875,0.0317730009555817,0,128.834197998047,-85.9484,23.9282,71.5298094278535,63,63,63,63,61,63,0,8520,1.66016505209534,24,-86,0.001869,51,2024-11-11 07:38:38.000806,828,1.037,0.0011,"aoml_navis",1031.14772572951
"7901009",52,0,1,0.026166,1,0.003738,1,134.017152622918,1,4.84891186196239,830,1,6.5789999961853,34.8740005493164,0.0261659994721413,0,129.2333984375,-85.9484,23.9282,71.5298094278535,63,63,63,63,61,63,0,8520,1.66016505209534,24,-86,0.001869,51,2024-11-11 07:38:38.000806,830,1.037,0.0011,"aoml_navis",1031.15918423324
"7901009",52,0,1,0.028035,1,0.005607,1,134.412157508828,1,4.8488420347832,832,1,6.5460000038147,34.875,0.0280349999666214,0,129.614303588867,-85.9484,23.9282,71.5298094278535,63,63,63,63,61,63,0,8520,1.66016505209534,24,-86,0.001869,51,2024-11-11 07:38:38.000806,832,1.037,0.0011,"aoml_navis",1031.17403374506
"7901009",52,0,1,0.028035,1,0.005607,1,134.621836223053,1,4.84878737703835,834,1,6.52899980545044,34.875,0.0280349999666214,0,129.816497802734,-85.9484,23.9282,71.5298094278535,63,63,63,63,61,63,0,8520,1.66016505209534,24,-86,0.001869,51,2024-11-11 07:38:38.000806,834,1.037,0.0011,"aoml_navis",1031.18565760951
"7901009",52,0,1,0.033642,1,0.011214,1,134.805912329202,1,4.84873344503838,836,1,6.51300001144409,34.875,0.0336420014500618,0,129.994003295898,-85.9484,23.9282,71.5298094278535,63,63,63,63,61,63,0,8520,1.66016505209534,24,-86,0.001869,51,2024-11-11 07:38:38.000806,836,1.037,0.0011,"aoml_navis",1031.1971273893
"7901009",52,0,1,0.029904,1,0.007476,1,134.887419766903,1,4.84868524016492,838,1,6.50500011444092,34.875,0.0299040004611015,0,130.072601318359,-85.9484,23.9282,71.5298094278535,63,63,63,63,61,63,0,8520,1.66016505209534,24,-86,0.001869,51,2024-11-11 07:38:38.000806,838,1.037,0.0011,"aoml_navis",1031.20737939053
"7901009",52,0,1,0.031773,1,0.009345,1,134.980953151537,1,4.84864132707172,840,1,6.50299978256226,34.875,0.0317730009555817,0,130.162796020508,-85.9484,23.9282,71.5298094278535,63,63,63,63,61,63,0,8520,1.66016505209534,24,-86,0.001869,51,2024-11-11 07:38:38.000806,840,1.037,0.0011,"aoml_navis",1031.21671881217
"7901009",52,0,1,0.028035,1,0.005607,1,135.110374493598,1,4.84859598619482,842,1,6.49900007247925,34.875,0.0280349999666214,0,130.28759765625,-85.9484,23.9282,71.5298094278535,63,63,63,63,61,63,0,8520,1.66016505209534,24,-86,0.001869,51,2024-11-11 07:38:38.000806,842,1.037,0.0011,"aoml_navis",1031.22636207188
"7901009",52,0,1,0.028035,1,0.005607,1,135.34537099084,1,4.84855218193797,844,1,6.49200010299683,34.8740005493164,0.0280349999666214,0,130.514205932617,-85.9484,23.9282,71.5298094278535,63,63,63,63,61,63,0,8520,1.66016505209534,24,-86,0.001869,51,2024-11-11 07:38:38.000806,844,1.037,0.0011,"aoml_navis",1031.23567868903
"7901009",52,0,1,0.031773,1,0.009345,1,135.552976811581,1,4.84850684424542,846,1,6.48799991607666,34.8740005493164,0.0317730009555817,0,130.714401245117,-85.9484,23.9282,71.5298094278535,63,63,63,63,61,63,0,8520,1.66016505209534,24,-86,0.001869,51,2024-11-11 07:38:38.000806,846,1.037,0.0011,"aoml_navis",1031.24532162606
"7901009",52,0,1,0.028035,1,0.005607,1,136.008427904445,1,4.84846161465319,848,1,6.47900009155273,34.8730010986328,0.0280349999666214,0,131.153594970703,-85.9484,23.9282,71.5298094278535,63,63,63,63,61,63,0,8520,1.66016505209534,24,-86,0.001869,51,2024-11-11 07:38:38.000806,848,1.037,0.0011,"aoml_navis",1031.25494175077
"7901009",52,0,1,0.031773,1,0.009345,1,136.551826646064,1,4.84838405555282,850,1,6.43499994277954,34.8740005493164,0.0317730009555817,0,131.677597045898,-85.9484,23.9282,71.5298094278535,63,63,63,63,61,63,0,8520,1.66016505209534,24,-86,0.001869,51,2024-11-11 07:38:38.000806,850,1.037,0.0011,"aoml_navis",1031.27143862985
"7901009",52,0,1,0.029904,1,0.007476,1,136.771157765065,1,4.84832519261295,852,1,6.41200017929077,34.8740005493164,0.0299040004611015,0,131.889099121094,-85.9484,23.9282,71.5298094278535,63,63,63,63,61,63,0,8520,1.66016505209534,24,-86,0.001869,51,2024-11-11 07:38:38.000806,852,1.037,0.0011,"aoml_navis",1031.28395917381
"7901009",52,0,1,0.029904,1,0.007476,1,137.008733511452,1,4.84827701600502,854,1,6.40399980545044,34.8740005493164,0.0299040004611015,0,132.118194580078,-85.9484,23.9282,71.5298094278535,63,63,63,63,61,63,0,8520,1.66016505209534,24,-86,0.001869,51,2024-11-11 07:38:38.000806,854,1.037,0.0011,"aoml_navis",1031.29420688919
"7901009",52,0,1,0.029904,1,0.007476,1,137.379575738195,1,4.8482339450215,856,1,6.39799976348877,34.8730010986328,0.0299040004611015,0,132.475799560547,-85.9484,23.9282,71.5298094278535,63,63,63,63,61,63,0,8520,1.66016505209534,24,-86,0.001869,51,2024-11-11 07:38:38.000806,856,1.037,0.0011,"aoml_navis",1031.30336875231
"7901009",52,0,4,0.024297,1,0.001869,1,137.823111649427,1,4.84818292944782,858,1,6.38600015640259,34.8730010986328,0.0242970008403063,0,132.903503417969,-85.9484,23.9282,71.5298094278535,63,63,63,63,61,63,0,8520,1.66016505209534,24,-86,0.001869,51,2024-11-11 07:38:38.000806,858,1.037,0.0011,"aoml_navis",1031.31422076301
"7901009",52,0,1,0.031773,1,0.009345,1,138.332078206143,1,4.84811629788455,860,1,6.35200023651123,34.8730010986328,0.0317730009555817,0,133.394302368164,-85.9484,23.9282,71.5298094278535,63,63,63,63,61,63,0,8520,1.66016505209534,24,-86,0.001869,51,2024-11-11 07:38:38.000806,860,1.037,0.0011,"aoml_navis",1031.32839494418
"7901009",52,0,1,0.031773,1,0.009345,1,138.795615165958,1,4.84804957290056,862,1,6.32299995422363,34.8740005493164,0.0317730009555817,0,133.841293334961,-85.9484,23.9282,71.5298094278535,63,63,63,63,61,63,0,8520,1.66016505209534,24,-86,0.001869,51,2024-11-11 07:38:38.000806,862,1.037,0.0011,"aoml_navis",1031.34258938869
"7901009",52,0,1,0.031773,1,0.009345,1,139.200161691343,1,4.84799151183269,864,1,6.30100011825562,34.8740005493164,0.0317730009555817,0,134.231399536133,-85.9484,23.9282,71.5298094278535,63,63,63,63,61,63,0,8520,1.66016505209534,24,-86,0.001869,51,2024-11-11 07:38:38.000806,864,1.037,0.0011,"aoml_navis",1031.35494107122
"7901009",52,0,1,0.028035,1,0.005607,1,139.570687445799,1,4.84794845894751,866,1,6.29500007629395,34.8730010986328,0.0280349999666214,0,134.58869934082,-85.9484,23.9282,71.5298094278535,63,63,63,63,61,63,0,8520,1.66016505209534,24,-86,0.001869,51,2024-11-11 07:38:38.000806,866,1.037,0.0011,"aoml_navis",1031.36410016321
"7901009",52,0,1,0.029904,1,0.007476,1,140.125700720378,1,4.84789748553505,868,1,6.28299999237061,34.8730010986328,0.0299040004611015,0,135.123901367188,-85.9484,23.9282,71.5298094278535,63,63,63,63,61,63,0,8520,1.66016505209534,24,-86,0.001869,51,2024-11-11 07:38:38.000806,868,1.037,0.0011,"aoml_navis",1031.37494448238
"7901009",52,0,1,0.031773,1,0.009345,1,140.888841994972,1,4.8478387494404,870,1,6.26000022888184,34.8730010986328,0.0317730009555817,0,135.859802246094,-85.9484,23.9282,71.5298094278535,63,63,63,63,61,63,0,8520,1.66016505209534,24,-86,0.001869,51,2024-11-11 07:38:38.000806,870,1.037,0.0011,"aoml_navis",1031.38744055321
"7901009",52,0,1,0.028035,1,0.005607,1,141.600129285224,1,4.84777173636629,872,1,6.21999979019165,34.8720016479492,0.0280349999666214,0,136.545700073242,-85.9484,23.9282,71.5298094278535,63,63,63,63,61,63,0,8520,1.66016505209534,24,-86,0.001869,51,2024-11-11 07:38:38.000806,872,1.037,0.0011,"aoml_navis",1031.40169791654
"7901009",52,0,1,0.026166,1,0.003738,1,142.307381553808,1,4.8477046217364,874,1,6.18499994277954,34.8720016479492,0.0261659994721413,0,137.22770690918,-85.9484,23.9282,71.5298094278535,63,63,63,63,61,63,0,8520,1.66016505209534,24,-86,0.001869,51,2024-11-11 07:38:38.000806,874,1.037,0.0011,"aoml_navis",1031.41597728144
"7901009",52,0,1,0.031773,1,0.009345,1,142.856682503593,1,4.84764756316156,876,1,6.15899991989136,34.8709983825684,0.0317730009555817,0,137.757400512695,-85.9484,23.9282,71.5298094278535,63,63,63,63,61,63,0,8520,1.66016505209534,24,-86,0.001869,51,2024-11-11 07:38:38.000806,876,1.037,0.0011,"aoml_navis",1031.4281174226
"7901009",52,0,1,0.029904,1,0.007476,1,143.359952559131,1,4.84760015145759,878,1,6.15199995040894,34.8709983825684,0.0299040004611015,0,138.242706298828,-85.9484,23.9282,71.5298094278535,63,63,63,63,61,63,0,8520,1.66016505209534,24,-86,0.001869,51,2024-11-11 07:38:38.000806,878,1.037,0.0011,"aoml_navis",1031.43820525226
"7901009",52,0,1,0.029904,1,0.007476,1,144.050083676949,1,4.84754363118634,880,1,6.13199996948242,34.8709983825684,0.0299040004611015,0,138.908203125,-85.9484,23.9282,71.5298094278535,63,63,63,63,61,63,0,8520,1.66016505209534,24,-86,0.001869,51,2024-11-11 07:38:38.000806,880,1.037,0.0011,"aoml_navis",1031.45023137757
"7901009",52,0,1,0.031773,1,0.009345,1,144.701114643621,1,4.84747244260957,882,1,6.09100008010864,34.8709983825684,0.0317730009555817,0,139.535995483398,-85.9484,23.9282,71.5298094278535,63,63,63,63,61,63,0,8520,1.66016505209534,24,-86,0.001869,51,2024-11-11 07:38:38.000806,882,1.037,0.0011,"aoml_navis",1031.46537895702
"7901009",52,0,1,0.026166,1,0.003738,1,145.170569635216,1,4.84741736412727,884,1,6.07299995422363,34.8709983825684,0.0261659994721413,0,139.988693237305,-85.9484,23.9282,71.5298094278535,63,63,63,63,61,63,0,8520,1.66016505209534,24,-86,0.001869,51,2024-11-11 07:38:38.000806,884,1.037,0.0011,"aoml_navis",1031.47709891909
"7901009",52,0,1,0.028035,1,0.005607,1,145.801599553304,1,4.84736508689843,886,1,6.05900001525879,34.8709983825684,0.0280349999666214,0,140.597198486328,-85.9484,23.9282,71.5298094278535,63,63,63,63,61,63,0,8520,1.66016505209534,24,-86,0.001869,51,2024-11-11 07:38:38.000806,886,1.037,0.0011,"aoml_navis",1031.48822305836
"7901009",52,0,1,0.029904,1,0.007476,1,146.685142709759,1,4.8473028499324,888,1,6.03599977493286,34.8720016479492,0.0299040004611015,0,141.449203491211,-85.9484,23.9282,71.5298094278535,63,63,63,63,61,63,0,8520,1.66016505209534,24,-86,0.001869,51,2024-11-11 07:38:38.000806,888,1.037,0.0011,"aoml_navis",1031.50146685589
"7901009",52,0,1,0.029904,1,0.007476,1,147.518176889094,1,4.84724941565888,890,1,6.0149998664856,34.8709983825684,0.0299040004611015,0,142.252502441406,-85.9484,23.9282,71.5298094278535,63,63,63,63,61,63,0,8520,1.66016505209534,24,-86,0.001869,51,2024-11-11 07:38:38.000806,890,1.037,0.0011,"aoml_navis",1031.51283774416
"7901009",52,0,1,0.035511,1,0.013083,1,148.156454022571,1,4.84717845981998,891.900024414062,1,5.97100019454956,34.8709983825684,0.0355109982192516,0,142.86799621582,-85.9484,23.9282,71.5298094278535,63,63,63,63,61,63,0,8520,1.66016505209534,24,-86,0.001869,51,2024-11-11 07:38:38.000806,891.900024414062,1.037,0.0011,"aoml_navis",1031.52793763358
"7901009",52,0,1,0.028035,1,0.005607,1,148.481455238439,1,4.84711491487349,893.900024414062,1,5.94600009918213,34.8720016479492,0.0280349999666214,0,143.181396484375,-85.9484,23.9282,71.5298094278535,63,63,63,63,61,63,0,8520,1.66016505209534,24,-86,0.001869,51,2024-11-11 07:38:38.000806,893.900024414062,1.037,0.0011,"aoml_navis",1031.54146080948
"7901009",52,0,1,0.026166,1,0.003738,1,148.743715823268,1,4.84706754651415,895.900024414062,1,5.93900012969971,34.8720016479492,0.0261659994721413,0,143.434295654297,-85.9484,23.9282,71.5298094278535,63,63,63,63,61,63,0,8520,1.66016505209534,24,-86,0.001869,51,2024-11-11 07:38:38.000806,895.900024414062,1.037,0.0011,"aoml_navis",1031.55154163177
"7901009",52,0,1,0.031773,1,0.009345,1,149.066343496978,1,4.84701320989142,898,1,5.92500019073486,34.8720016479492,0.0317730009555817,0,143.745407104492,-85.9484,23.9282,71.5298094278535,63,63,63,63,61,63,0,8520,1.66016505209534,24,-86,0.001869,51,2024-11-11 07:38:38.000806,898,1.037,0.0011,"aoml_navis",1031.56310566606
"7901009",52,0,1,0.029904,1,0.007476,1,149.371422782334,1,4.846955249047,900,1,5.90799999237061,34.8730010986328,0.0299040004611015,0,144.039596557617,-85.9484,23.9282,71.5298094278535,63,63,63,63,61,63,0,8520,1.66016505209534,24,-86,0.001869,51,2024-11-11 07:38:38.000806,900,1.037,0.0011,"aoml_navis",1031.57544130062
"7901009",52,0,1,0.029904,1,0.007476,1,149.642702827363,1,4.8469014435641,902,1,5.89699983596802,34.8740005493164,0.0299040004611015,0,144.301193237305,-85.9484,23.9282,71.5298094278535,63,63,63,63,61,63,0,8520,1.66016505209534,24,-86,0.001869,51,2024-11-11 07:38:38.000806,902,1.037,0.0011,"aoml_navis",1031.58689282597
"7901009",52,0,1,0.029904,1,0.007476,1,149.870024871628,1,4.84685270609624,904,1,5.88800001144409,34.8740005493164,0.0299040004611015,0,144.520401000977,-85.9484,23.9282,71.5298094278535,63,63,63,63,61,63,0,8520,1.66016505209534,24,-86,0.001869,51,2024-11-11 07:38:38.000806,904,1.037,0.0011,"aoml_navis",1031.5972659353
"7901009",52,0,1,0.031773,1,0.009345,1,150.148156541686,1,4.84680742454459,906,1,5.88399982452393,34.8740005493164,0.0317730009555817,0,144.788604736328,-85.9484,23.9282,71.5298094278535,63,63,63,63,61,63,0,8520,1.66016505209534,24,-86,0.001869,51,2024-11-11 07:38:38.000806,906,1.037,0.0011,"aoml_navis",1031.60690368667
"7901009",52,0,1,0.028035,1,0.005607,1,150.55569373019,1,4.84675593022251,908,1,5.87099981307983,34.8740005493164,0.0280349999666214,0,145.181594848633,-85.9484,23.9282,71.5298094278535,63,63,63,63,61,63,0,8520,1.66016505209534,24,-86,0.001869,51,2024-11-11 07:38:38.000806,908,1.037,0.0011,"aoml_navis",1031.61786398649
"7901009",52,0,1,0.033642,1,0.011214,1,150.973721975032,1,4.84669662189086,910,1,5.85200023651123,34.875,0.0336420014500618,0,145.584701538086,-85.9484,23.9282,71.5298094278535,63,63,63,63,61,63,0,8520,1.66016505209534,24,-86,0.001869,51,2024-11-11 07:38:38.000806,910,1.037,0.0011,"aoml_navis",1031.63048774638
"7901009",52,0,1,0.029904,1,0.007476,1,151.419220014447,1,4.84664376369105,912,1,5.83699989318848,34.875,0.0299040004611015,0,146.014297485352,-85.9484,23.9282,71.5298094278535,63,63,63,63,61,63,0,8520,1.66016505209534,24,-86,0.001869,51,2024-11-11 07:38:38.000806,912,1.037,0.0011,"aoml_navis",1031.6417388581
"7901009",52,0,1,0.031773,1,0.009345,1,151.966669601349,1,4.84658103762135,914,1,5.81300020217896,34.8759994506836,0.0317730009555817,0,146.542205810547,-85.9484,23.9282,71.5298094278535,63,63,63,63,61,63,0,8520,1.66016505209534,24,-86,0.001869,51,2024-11-11 07:38:38.000806,914,1.037,0.0011,"aoml_navis",1031.65509070987
"7901009",52,0,1,0.033642,1,0.011214,1,152.468167412076,1,4.84651970688821,916,1,5.79099988937378,34.8769989013672,0.0336420014500618,0,147.025802612305,-85.9484,23.9282,71.5298094278535,63,63,63,63,61,63,0,8520,1.66016505209534,24,-86,0.001869,51,2024-11-11 07:38:38.000806,916,1.037,0.0011,"aoml_navis",1031.6681458849
"7901009",52,0,1,0.031773,1,0.009345,1,153.005758887216,1,4.84646962824158,918,1,5.78000020980835,34.8769989013672,0.0317730009555817,0,147.544204711914,-85.9484,23.9282,71.5298094278535,63,63,63,63,61,63,0,8520,1.66016505209534,24,-86,0.001869,51,2024-11-11 07:38:38.000806,918,1.037,0.0011,"aoml_navis",1031.67880612802
"7901009",52,0,1,0.028035,1,0.005607,1,153.635839388441,1,4.84641818088905,920,1,5.76700019836426,34.8769989013672,0.0280349999666214,0,148.151794433594,-85.9484,23.9282,71.5298094278535,63,63,63,63,61,63,0,8520,1.66016505209534,24,-86,0.001869,51,2024-11-11 07:38:38.000806,920,1.037,0.0011,"aoml_navis",1031.68975795704
"7901009",52,0,1,0.033642,1,0.011214,1,154.53639293036,1,4.84635208934917,922,1,5.73799991607666,34.8779983520508,0.0336420014500618,0,149.020202636719,-85.9484,23.9282,71.5298094278535,63,63,63,63,61,63,0,8520,1.66016505209534,24,-86,0.001869,51,2024-11-11 07:38:38.000806,922,1.037,0.0011,"aoml_navis",1031.7038275012
"7901009",52,0,1,0.028035,1,0.005607,1,155.302635633374,1,4.84627986412279,924,1,5.69999980926514,34.8790016174316,0.0280349999666214,0,149.759094238281,-85.9484,23.9282,71.5298094278535,63,63,63,63,61,63,0,8520,1.66016505209534,24,-86,0.001869,51,2024-11-11 07:38:38.000806,924,1.037,0.0011,"aoml_navis",1031.71920322126
"7901009",52,0,1,0.031773,1,0.009345,1,155.996406182501,1,4.84621112131434,926,1,5.66699981689453,34.8800010681152,0.0317730009555817,0,150.428100585938,-85.9484,23.9282,71.5298094278535,63,63,63,63,61,63,0,8520,1.66016505209534,24,-86,0.001869,51,2024-11-11 07:38:38.000806,926,1.037,0.0011,"aoml_navis",1031.73383800992
"7901009",52,0,1,0.026166,1,0.003738,1,156.521038117459,1,4.84615127285871,928,1,5.64699983596802,34.8810005187988,0.0261659994721413,0,150.934005737305,-85.9484,23.9282,71.5298094278535,63,63,63,63,61,63,0,8520,1.66016505209534,24,-86,0.001869,51,2024-11-11 07:38:38.000806,928,1.037,0.0011,"aoml_navis",1031.74657960079
"7901009",52,0,1,0.028035,1,0.005607,1,157.035384703067,1,4.84609988557003,930,1,5.63399982452393,34.8810005187988,0.0280349999666214,0,151.429992675781,-85.9484,23.9282,71.5298094278535,63,63,63,63,61,63,0,8520,1.66016505209534,24,-86,0.001869,51,2024-11-11 07:38:38.000806,930,1.037,0.0011,"aoml_navis",1031.75752008089
"7901009",52,0,4,0.022428,1,0,1,157.670876880411,1,4.84604142079153,932,1,5.61600017547607,34.8819999694824,0.0224280003458261,0,152.04280090332,-85.9484,23.9282,71.5298094278535,63,63,63,63,61,63,0,8520,1.66016505209534,24,-86,0.001869,51,2024-11-11 07:38:38.000806,932,1.037,0.0011,"aoml_navis",1031.76996765812
"7901009",52,0,1,0.029904,1,0.007476,1,158.186695062157,1,4.84597889217077,934,1,5.59200000762939,34.882999420166,0.0299040004611015,0,152.54020690918,-85.9484,23.9282,71.5298094278535,63,63,63,63,61,63,0,8520,1.66016505209534,24,-86,0.001869,51,2024-11-11 07:38:38.000806,934,1.037,0.0011,"aoml_navis",1031.78328078937
"7901009",52,0,1,0.033642,1,0.011214,1,158.720647105988,1,4.84592345916249,936,1,5.57299995422363,34.882999420166,0.0336420014500618,0,153.055099487305,-85.9484,23.9282,71.5298094278535,63,63,63,63,61,63,0,8520,1.66016505209534,24,-86,0.001869,51,2024-11-11 07:38:38.000806,936,1.037,0.0011,"aoml_navis",1031.79508346261
"7901009",52,0,1,0.026166,1,0.003738,1,159.144482617309,1,4.84585390017258,938,1,5.54400014877319,34.8849983215332,0.0261659994721413,0,153.463806152344,-85.9484,23.9282,71.5298094278535,63,63,63,63,61,63,0,8520,1.66016505209534,24,-86,0.001869,51,2024-11-11 07:38:38.000806,938,1.037,0.0011,"aoml_navis",1031.80989419056
"7901009",52,0,1,0.029904,1,0.007476,1,159.332593745127,1,4.84579683228425,940,1,5.52799987792969,34.8860015869141,0.0299040004611015,0,153.645202636719,-85.9484,23.9282,71.5298094278535,63,63,63,63,61,63,0,8520,1.66016505209534,24,-86,0.001869,51,2024-11-11 07:38:38.000806,940,1.037,0.0011,"aoml_navis",1031.82204558978
"7901009",52,0,1,0.033642,1,0.011214,1,159.480164772888,1,4.84575438776398,941.900024414062,1,5.52500009536743,34.8860015869141,0.0336420014500618,0,153.787506103516,-85.9484,23.9282,71.5298094278535,63,63,63,63,61,63,0,8520,1.66016505209534,24,-86,0.001869,51,2024-11-11 07:38:38.000806,941.900024414062,1.037,0.0011,"aoml_navis",1031.8310834378
"7901009",52,0,1,0.029904,1,0.007476,1,159.709021707748,1,4.84570633879971,944,1,5.51999998092651,34.8860015869141,0.0299040004611015,0,154.008193969727,-85.9484,23.9282,71.5298094278535,63,63,63,63,61,63,0,8520,1.66016505209534,24,-86,0.001869,51,2024-11-11 07:38:38.000806,944,1.037,0.0011,"aoml_navis",1031.84131484916
"7901009",52,0,1,0.031773,1,0.009345,1,159.896104300631,1,4.84566254454403,945.900024414062,1,5.5149998664856,34.8860015869141,0.0317730009555817,0,154.188598632812,-85.9484,23.9282,71.5298094278535,63,63,63,63,61,63,0,8520,1.66016505209534,24,-86,0.001869,51,2024-11-11 07:38:38.000806,945.900024414062,1.037,0.0011,"aoml_navis",1031.85064045158
"7901009",52,0,1,0.028035,1,0.005607,1,160.121242686111,1,4.84561449968587,948,1,5.51000022888184,34.8860015869141,0.0280349999666214,0,154.405700683594,-85.9484,23.9282,71.5298094278535,63,63,63,63,61,63,0,8520,1.66016505209534,24,-86,0.001869,51,2024-11-11 07:38:38.000806,948,1.037,0.0011,"aoml_navis",1031.8608713764
"7901009",52,0,1,0.029904,1,0.007476,1,160.415134676096,1,4.84556723000004,950,1,5.50299978256226,34.8860015869141,0.0299040004611015,0,154.689102172852,-85.9484,23.9282,71.5298094278535,63,63,63,63,61,63,0,8520,1.66016505209534,24,-86,0.001869,51,2024-11-11 07:38:38.000806,950,1.037,0.0011,"aoml_navis",1031.87093742995
"7901009",52,0,1,0.029904,1,0.007476,1,160.81945967088,1,4.84551290067235,952,1,5.49100017547607,34.8870010375977,0.0299040004611015,0,155.078994750977,-85.9484,23.9282,71.5298094278535,63,63,63,63,61,63,0,8520,1.66016505209534,24,-86,0.001869,51,2024-11-11 07:38:38.000806,952,1.037,0.0011,"aoml_navis",1031.88250707293
"7901009",52,0,1,0.031773,1,0.009345,1,161.417513176588,1,4.84546360970777,954,1,5.48099994659424,34.8870010375977,0.0317730009555817,0,155.655700683594,-85.9484,23.9282,71.5298094278535,63,63,63,63,61,63,0,8520,1.66016505209534,24,-86,0.001869,51,2024-11-11 07:38:38.000806,954,1.037,0.0011,"aoml_navis",1031.89300400123
"7901009",52,0,1,0.029904,1,0.007476,1,162.347609406566,1,4.84540689853141,956,1,5.46000003814697,34.8870010375977,0.0299040004611015,0,156.552597045898,-85.9484,23.9282,71.5298094278535,63,63,63,63,61,63,0,8520,1.66016505209534,24,-86,0.001869,51,2024-11-11 07:38:38.000806,956,1.037,0.0011,"aoml_navis",1031.90508139068
"7901009",52,0,1,0.029904,1,0.007476,1,163.349892965371,1,4.84532264590035,958,1,5.40899991989136,34.8889999389648,0.0299040004611015,0,157.519104003906,-85.9484,23.9282,71.5298094278535,63,63,63,63,61,63,0,8520,1.66016505209534,24,-86,0.001869,51,2024-11-11 07:38:38.000806,958,1.037,0.0011,"aoml_navis",1031.92302461644
"7901009",52,0,1,0.031773,1,0.009345,1,163.734406794944,1,4.84524788898591,960,1,5.37200021743774,34.890998840332,0.0317730009555817,0,157.889892578125,-85.9484,23.9282,71.5298094278535,63,63,63,63,61,63,0,8520,1.66016505209534,24,-86,0.001869,51,2024-11-11 07:38:38.000806,960,1.037,0.0011,"aoml_navis",1031.93894606835
"7901009",52,0,1,0.028035,1,0.005607,1,164.031416036964,1,4.84519428247519,962,1,5.36100006103516,34.8919982910156,0.0280349999666214,0,158.176300048828,-85.9484,23.9282,71.5298094278535,63,63,63,63,61,63,0,8520,1.66016505209534,24,-86,0.001869,51,2024-11-11 07:38:38.000806,962,1.037,0.0011,"aoml_navis",1031.95036328775
"7901009",52,0,1,0.028035,1,0.005607,1,164.244939889484,1,4.8451443637866,964,1,5.34999990463257,34.8919982910156,0.0280349999666214,0,158.382202148438,-85.9484,23.9282,71.5298094278535,63,63,63,63,61,63,0,8520,1.66016505209534,24,-86,0.001869,51,2024-11-11 07:38:38.000806,964,1.037,0.0011,"aoml_navis",1031.96099529476
"7901009",52,0,1,0.029904,1,0.007476,1,164.467483202205,1,4.84509410057131,966,1,5.3439998626709,34.8930015563965,0.0299040004611015,0,158.596801757812,-85.9484,23.9282,71.5298094278535,63,63,63,63,61,63,0,8520,1.66016505209534,24,-86,0.001869,51,2024-11-11 07:38:38.000806,966,1.037,0.0011,"aoml_navis",1031.97170090266
"7901009",52,0,1,0.026166,1,0.003738,1,164.769666766129,1,4.84504686722261,968,1,5.33699989318848,34.8930015563965,0.0261659994721413,0,158.888198852539,-85.9484,23.9282,71.5298094278535,63,63,63,63,61,63,0,8520,1.66016505209534,24,-86,0.001869,51,2024-11-11 07:38:38.000806,968,1.037,0.0011,"aoml_navis",1031.98176137896
"7901009",52,0,1,0.028035,1,0.005607,1,165.16196581398,1,4.84499963608488,970,1,5.32999992370605,34.8930015563965,0.0280349999666214,0,159.266494750977,-85.9484,23.9282,71.5298094278535,63,63,63,63,61,63,0,8520,1.66016505209534,24,-86,0.001869,51,2024-11-11 07:38:38.000806,970,1.037,0.0011,"aoml_navis",1031.99182158048
"7901009",52,0,1,0.029904,1,0.007476,1,165.825861379146,1,4.84494705345312,972,1,5.31500005722046,34.8930015563965,0.0299040004611015,0,159.906692504883,-85.9484,23.9282,71.5298094278535,63,63,63,63,61,63,0,8520,1.66016505209534,24,-86,0.001869,51,2024-11-11 07:38:38.000806,972,1.037,0.0011,"aoml_navis",1032.00302187748
"7901009",52,0,1,0.029904,1,0.007476,1,166.485104801684,1,4.84488344493653,974,1,5.28900003433228,34.8940010070801,0.0299040004611015,0,160.542404174805,-85.9484,23.9282,71.5298094278535,63,63,63,63,61,63,0,8520,1.66016505209534,24,-86,0.001869,51,2024-11-11 07:38:38.000806,974,1.037,0.0011,"aoml_navis",1032.01657105406
"7901009",52,0,1,0.029904,1,0.007476,1,166.870868696793,1,4.84481551182392,976,1,5.26200008392334,34.8959999084473,0.0299040004611015,0,160.914398193359,-85.9484,23.9282,71.5298094278535,63,63,63,63,61,63,0,8520,1.66016505209534,24,-86,0.001869,51,2024-11-11 07:38:38.000806,976,1.037,0.0011,"aoml_navis",1032.03104180073
"7901009",52,0,1,0.028035,1,0.005607,1,167.104092949224,1,4.8447689634384,978,1,5.25600004196167,34.8959999084473,0.0280349999666214,0,161.139297485352,-85.9484,23.9282,71.5298094278535,63,63,63,63,61,63,0,8520,1.66016505209534,24,-86,0.001869,51,2024-11-11 07:38:38.000806,978,1.037,0.0011,"aoml_navis",1032.04095752203
"7901009",52,0,1,0.029904,1,0.007476,1,170.896665197963,1,4.84426854674105,999.099975585938,1,5.19509983062744,34.898998260498,0.0299040004611015,0,164.796493530273,-85.9484,23.9282,71.5298094278535,63,63,63,63,61,63,0,8520,1.66016505209534,24,-86,0.001869,51,2024-11-11 07:38:38.000806,999.099975585938,1.037,0.0011,"aoml_navis",1032.14756815324
"7901009",52,0,1,0.035511,1,0.013083,1,176.569462602469,1,4.84306044412404,1048.5,1,4.99599981307983,34.9059982299805,0.0355109982192516,0,170.266799926758,-85.9484,23.9282,71.5298094278535,63,63,63,63,61,63,0,8520,1.66016505209534,24,-86,0.001869,51,2024-11-11 07:38:38.000806,1048.5,1.037,0.0011,"aoml_navis",1032.40503761756
"7901009",52,0,1,0.031773,1,0.009345,1,180.391276890592,1,4.84190006977418,1099.19995117188,1,4.88660001754761,34.9090003967285,0.0317730009555817,0,173.952194213867,-85.9484,23.9282,71.5298094278535,63,63,63,63,61,63,0,8520,1.66016505209534,24,-86,0.001869,51,2024-11-11 07:38:38.000806,1099.19995117188,1.037,0.0011,"aoml_navis",1032.65245625633
"7901009",52,0,1,0.031773,1,0.009345,1,184.497868766815,1,4.84074512316938,1148.30004882812,1,4.74340009689331,34.9140014648438,0.0317730009555817,0,177.912200927734,-85.9484,23.9282,71.5298094278535,63,63,63,63,61,63,0,8520,1.66016505209534,24,-86,0.001869,51,2024-11-11 07:38:38.000806,1148.30004882812,1.037,0.0011,"aoml_navis",1032.89883536077
"7901009",52,0,1,0.033642,1,0.011214,1,188.685240194477,1,4.8395781065803,1198.69995117188,1,4.62200021743774,34.9189987182617,0.0336420014500618,0,181.950103759766,-85.9484,23.9282,71.5298094278535,63,63,63,63,61,63,0,8520,1.66016505209534,24,-86,0.001869,51,2024-11-11 07:38:38.000806,1198.69995117188,1.037,0.0011,"aoml_navis",1033.14790874055
"7901009",52,0,1,0.028035,1,0.005607,1,192.914496729418,1,4.83842407294726,1250.19995117188,1,4.54290008544922,34.9220008850098,0.0280349999666214,0,186.028396606445,-85.9484,23.9282,71.5298094278535,63,63,63,63,61,63,0,8520,1.66016505209534,24,-86,0.001869,51,2024-11-11 07:38:38.000806,1250.19995117188,1.037,0.0011,"aoml_navis",1033.39432935533
"7901009",52,0,1,0.026166,1,0.003738,1,197.663210877413,1,4.83727689845661,1299.40002441406,1,4.41529989242554,34.9280014038086,0.0261659994721413,0,190.607604980469,-85.9484,23.9282,71.5298094278535,63,63,63,63,61,63,0,8520,1.66016505209534,24,-86,0.001869,51,2024-11-11 07:38:38.000806,1299.40002441406,1.037,0.0011,"aoml_navis",1033.63940186995
"7901009",52,0,1,0.024297,1,0.001869,1,199.434537918978,1,4.83616672930163,1350,1,4.3649001121521,34.9300003051758,0.0242970008403063,0,192.315704345703,-85.9484,23.9282,71.5298094278535,63,63,63,63,61,63,0,8520,1.66016505209534,24,-86,0.001869,51,2024-11-11 07:38:38.000806,1350,1.037,0.0011,"aoml_navis",1033.87667958297
"7901009",52,0,1,0.029904,1,0.007476,1,200.264043432306,1,4.83510960425554,1399.40002441406,1,4.34889984130859,34.9309997558594,0.0299040004611015,0,193.115600585938,-85.9484,23.9282,71.5298094278535,63,63,63,63,61,63,0,8520,1.66016505209534,24,-86,0.001869,51,2024-11-11 07:38:38.000806,1399.40002441406,1.037,0.0011,"aoml_navis",1034.10272139422
"7901009",52,0,1,0.029904,1,0.007476,1,202.060355960987,1,4.83404124137388,1449.19995117188,1,4.32660007476807,34.931999206543,0.0299040004611015,0,194.847793579102,-85.9484,23.9282,71.5298094278535,63,63,63,63,61,63,0,8520,1.66016505209534,24,-86,0.001869,51,2024-11-11 07:38:38.000806,1449.19995117188,1.037,0.0011,"aoml_navis",1034.33126660271
"7901009",52,0,1,0.028035,1,0.005607,1,202.787514336468,1,4.83297602202965,1499.19995117188,1,4.31319999694824,34.9329986572266,0.0280349999666214,0,195.54899597168,-85.9484,23.9282,71.5298094278535,63,63,63,63,61,63,0,8520,1.66016505209534,24,-86,0.001869,51,2024-11-11 07:38:38.000806,1499.19995117188,1.037,0.0011,"aoml_navis",1034.55923994016
"7901009",52,0,1,0.026166,1,0.003738,1,203.350518536311,1,4.83189754852804,1550.19995117188,1,4.30910015106201,34.9339981079102,0.0261659994721413,0,196.091903686523,-85.9484,23.9282,71.5298094278535,63,63,63,63,61,63,0,8520,1.66016505209534,24,-86,0.001869,51,2024-11-11 07:38:38.000806,1550.19995117188,1.037,0.0011,"aoml_navis",1034.79015227117
"7901009",52,0,1,0.028035,1,0.005607,1,203.295863772223,1,4.83085667143552,1599.69995117188,1,4.30630016326904,34.9339981079102,0.0280349999666214,0,196.039199829102,-85.9484,23.9282,71.5298094278535,63,63,63,63,61,63,0,8520,1.66016505209534,24,-86,0.001869,51,2024-11-11 07:38:38.000806,1599.69995117188,1.037,0.0011,"aoml_navis",1035.01311259442
"7901009",52,0,1,0.029904,1,0.007476,1,203.452976439459,1,4.82982392545372,1648.90002441406,1,4.30399990081787,34.9339981079102,0.0299040004611015,0,196.190704345703,-85.9484,23.9282,71.5298094278535,63,63,63,63,61,63,0,8520,1.66016505209534,24,-86,0.001869,51,2024-11-11 07:38:38.000806,1648.90002441406,1.037,0.0011,"aoml_navis",1035.23442617637
"7901009",52,0,1,0.033642,1,0.011214,1,203.846098315257,1,4.82875695113168,1699.59997558594,1,4.30070018768311,34.935001373291,0.0336420014500618,0,196.569793701172,-85.9484,23.9282,71.5298094278535,63,63,63,63,61,63,0,8520,1.66016505209534,24,-86,0.001869,51,2024-11-11 07:38:38.000806,1699.59997558594,1.037,0.0011,"aoml_navis",1035.46317418776
"7901009",52,0,1,0.031773,1,0.009345,1,204.565693003062,1,4.82772137681808,1749,1,4.2960000038147,34.935001373291,0.0317730009555817,0,197.263702392578,-85.9484,23.9282,71.5298094278535,63,63,63,63,61,63,0,8520,1.66016505209534,24,-86,0.001869,51,2024-11-11 07:38:38.000806,1749,1.037,0.0011,"aoml_navis",1035.68528706093
"7901009",52,0,1,0.028035,1,0.005607,1,205.185725509152,1,4.8266732101896,1798.90002441406,1,4.29129981994629,34.9360008239746,0.0280349999666214,0,197.861602783203,-85.9484,23.9282,71.5298094278535,63,63,63,63,61,63,0,8520,1.66016505209534,24,-86,0.001869,51,2024-11-11 07:38:38.000806,1798.90002441406,1.037,0.0011,"aoml_navis",1035.91019782414
"7901009",52,0,4,0.022428,1,0,1,205.468097907865,1,4.82563403724345,1848.69995117188,1,4.2891001701355,34.9360008239746,0.0224280003458261,0,198.133895874023,-85.9484,23.9282,71.5298094278535,63,63,63,63,61,63,0,8520,1.66016505209534,24,-86,0.001869,51,2024-11-11 07:38:38.000806,1848.69995117188,1.037,0.0011,"aoml_navis",1036.13327521541
"7901009",52,0,1,0.031773,1,0.009345,1,205.550238290141,1,4.82458467127703,1899.19995117188,1,4.29090023040771,34.9360008239746,0.0317730009555817,0,198.213104248047,-85.9484,23.9282,71.5298094278535,63,63,63,63,61,63,0,8520,1.66016505209534,24,-86,0.001869,51,2024-11-11 07:38:38.000806,1899.19995117188,1.037,0.0011,"aoml_navis",1036.35863824036
"7901009",52,0,1,0.035511,1,0.013083,1,205.298547879722,1,4.82354921059408,1949.09997558594,1,4.29250001907349,34.9360008239746,0.0355109982192516,0,197.970397949219,-85.9484,23.9282,71.5298094278535,63,63,63,63,61,63,0,8520,1.66016505209534,24,-86,0.001869,51,2024-11-11 07:38:38.000806,1949.09997558594,1.037,0.0011,"aoml_navis",1036.58111106618
"7901009",52,0,1,0.028035,1,0.005607,1,205.050180428324,1,4.82258069326266,1995.80004882812,1,4.292799949646,34.9360008239746,0.0280349999666214,0,197.730895996094,-85.9484,23.9282,71.5298094278535,63,63,63,63,61,63,0,8520,1.66016505209534,24,-86,0.001869,51,2024-11-11 07:38:38.000806,1995.80004882812,1.037,0.0011,"aoml_navis",1036.78928731772
"7901009",53,0.188007210250608,5,0.155127,1,0.132699,1,188.688194516463,1,4.88737230914935,2.5,1,28.6849994659424,36.1510009765625,0.155127003788948,0.302413403987885,181.952896118164,-86.1874,24.1517,55.8342727481583,63,63,63,63,61,63,0.312123,8520,1.66016505209534,24,-86,0.001869,51,2024-11-21 15:08:33.001621,2.5,1.037,0.0011,"aoml_navis",1023.0446308827
"7901009",53,0.188007210250608,5,0.153258,1,0.13083,1,188.713290776673,1,4.88733690151983,4,1,28.681999206543,36.1510009765625,0.153257995843887,0.302413403987885,181.977096557617,-86.1874,24.1517,55.8342727481583,63,63,63,63,61,63,0.312123,8520,1.66016505209534,24,-86,0.001869,51,2024-11-21 15:08:33.001621,4,1.037,0.0011,"aoml_navis",1023.05204260528
"7901009",53,0.188007210250608,5,0.155127,1,0.132699,1,188.624425330684,1,4.88729969897769,5.90000009536743,1,28.6830005645752,36.1510009765625,0.155127003788948,0.302413403987885,181.891403198242,-86.1874,24.1517,55.8342727481583,63,63,63,63,61,63,0.312123,8520,1.66016505209534,24,-86,0.001869,51,2024-11-21 15:08:33.001621,5.90000009536743,1.037,0.0011,"aoml_navis",1023.05983016468
"7901009",53,0.188007210250608,5,0.181293,1,0.158865,1,188.605342045808,1,4.88726796761665,8,1,28.6900005340576,36.1510009765625,0.181292995810509,0.302413403987885,181.873001098633,-86.1874,24.1517,55.8342727481583,63,63,63,63,61,63,0.312123,8520,1.66016505209534,24,-86,0.001869,51,2024-11-21 15:08:33.001621,8,1.037,0.0011,"aoml_navis",1023.0664725426
"7901009",53,0.188007210250608,5,0.203721,1,0.181293,1,188.575261345518,1,4.88723350409916,10,1,28.6940002441406,36.1510009765625,0.20372100174427,0.302413403987885,181.843994140625,-86.1874,24.1517,55.8342727481583,63,63,63,63,61,63,0.312123,8520,1.66016505209534,24,-86,0.001869,51,2024-11-21 15:08:33.001621,10,1.037,0.0011,"aoml_navis",1023.07368694503
"7901009",53,0.188007210250608,5,0.231756,1,0.209328,1,188.536177005847,1,4.8871894860666,12,1,28.6919994354248,36.1510009765625,0.231756001710892,0.302413403987885,181.806304931641,-86.1874,24.1517,55.8342727481583,63,63,63,63,61,63,0.312123,8520,1.66016505209534,24,-86,0.001869,51,2024-11-21 15:08:33.001621,12,1.037,0.0011,"aoml_navis",1023.08290158485
"7901009",53,0.188007210250608,5,0.259791,1,0.237363,1,188.580245785598,1,4.88714706520483,14,1,28.6909999847412,36.1510009765625,0.259790986776352,0.302413403987885,181.84880065918,-86.1874,24.1517,55.8342727481583,63,63,63,63,61,63,0.312123,8520,1.66016505209534,24,-86,0.001869,51,2024-11-21 15:08:33.001621,14,1.037,0.0011,"aoml_navis",1023.09178203346
"7901009",53,0.188007210250608,5,0.246708,1,0.22428,1,188.552870924209,1,4.8871042420226,16,1,28.6919994354248,36.1520004272461,0.246708005666733,0.302413403987885,181.822402954102,-86.1874,24.1517,55.8342727481583,63,63,63,63,61,63,0.312123,8520,1.66016505209534,24,-86,0.001869,51,2024-11-21 15:08:33.001621,16,1.037,0.0011,"aoml_navis",1023.10074686082
"7901009",53,0.188007210250608,5,0.265398,1,0.24297,1,188.505779833172,1,4.88706501287779,18,1,28.693000793457,36.1520004272461,0.265397995710373,0.302413403987885,181.776992797852,-86.1874,24.1517,55.8342727481583,63,63,63,63,61,63,0.312123,8520,1.66016505209534,24,-86,0.001869,51,2024-11-21 15:08:33.001621,18,1.037,0.0011,"aoml_navis",1023.10895943161
"7901009",53,0.188007210250608,5,0.257922,1,0.235494,1,188.394413200538,1,4.88702215002983,20.1000003814697,1,28.693000793457,36.1520004272461,0.257921993732452,0.302413403987885,181.66960144043,-86.1874,24.1517,55.8342727481583,63,63,63,63,61,63,0.312123,8520,1.66016505209534,24,-86,0.001869,51,2024-11-21 15:08:33.001621,20.1000003814697,1.037,0.0011,"aoml_navis",1023.11793286418
"7901009",53,0.188007210250608,5,0.254184,1,0.231756,1,188.465034013474,1,4.8869829228229,22.1000003814697,1,28.6940002441406,36.1520004272461,0.254184007644653,0.302413403987885,181.737701416016,-86.1874,24.1517,55.8342727481583,63,63,63,63,61,63,0.312123,8520,1.66016505209534,24,-86,0.001869,51,2024-11-21 15:08:33.001621,22.1000003814697,1.037,0.0011,"aoml_navis",1023.12614530517
"7901009",53,0.188007210250608,5,0.250446,1,0.228018,1,188.493453233737,1,4.88694414665348,24,1,28.6940002441406,36.1520004272461,0.250445991754532,0.302413403987885,181.765106201172,-86.1874,24.1517,55.8342727481583,63,63,63,63,61,63,0.312123,8520,1.66016505209534,24,-86,0.001869,51,2024-11-21 15:08:33.001621,24,1.037,0.0011,"aoml_navis",1023.13426344845
"7901009",53,0.188007210250608,5,0.250446,1,0.228018,1,188.450618696292,1,4.88690173966084,26,1,28.693000793457,36.1520004272461,0.250445991754532,0.302413403987885,181.72380065918,-86.1874,24.1517,55.8342727481583,63,63,63,63,61,63,0.312123,8520,1.66016505209534,24,-86,0.001869,51,2024-11-21 15:08:33.001621,26,1.037,0.0011,"aoml_navis",1023.14314188503
"7901009",53,0.188007210250608,5,0.250446,1,0.228018,1,188.476237135939,1,4.88685893173465,28,1,28.6940002441406,36.1529998779297,0.250445991754532,0.302413403987885,181.748504638672,-86.1874,24.1517,55.8342727481583,63,63,63,63,61,63,0.312123,8520,1.66016505209534,24,-86,0.001869,51,2024-11-21 15:08:33.001621,28,1.037,0.0011,"aoml_navis",1023.15210441837
"7901009",53,0.188007210250608,5,0.244839,1,0.222411,1,188.474781362963,1,4.88681966896645,30.1000003814697,1,28.6940002441406,36.1520004272461,0.244838997721672,0.302413403987885,181.747100830078,-86.1874,24.1517,55.8342727481583,63,63,63,63,61,63,0.312123,8520,1.66016505209534,24,-86,0.001869,51,2024-11-21 15:08:33.001621,30.1000003814697,1.037,0.0011,"aoml_navis",1023.16032485346
"7901009",53,0.188007210250608,5,0.24297,1,0.220542,1,188.3758520951,1,4.88677935447181,31.8999996185303,1,28.6940002441406,36.1529998779297,0.242970004677773,0.302413403987885,181.651702880859,-86.1874,24.1517,55.8342727481583,63,63,63,63,61,63,0.312123,8520,1.66016505209534,24,-86,0.001869,51,2024-11-21 15:08:33.001621,31.8999996185303,1.037,0.0011,"aoml_navis",1023.16876562569
"7901009",53,0.188007210250608,5,0.235494,1,0.213066,1,188.342970614194,1,4.88674328125611,34,1,28.6959991455078,36.1520004272461,0.235494002699852,0.302413403987885,181.619995117188,-86.1874,24.1517,55.8342727481583,63,63,63,63,61,63,0.312123,8520,1.66016505209534,24,-86,0.001869,51,2024-11-21 15:08:33.001621,34,1.037,0.0011,"aoml_navis",1023.17631850609
"7901009",53,0.188007210250608,5,0.327075,1,0.304647,1,188.194165298297,1,4.88669530365567,36,1,28.6959991455078,36.1539993286133,0.327075004577637,0.302413403987885,181.476501464844,-86.1874,24.1517,55.8342727481583,63,63,63,63,61,63,0.312123,8520,1.66016505209534,24,-86,0.001869,51,2024-11-21 15:08:33.001621,36,1.037,0.0011,"aoml_navis",1023.18636405662
"7901009",53,0.188007210250608,5,0.282219,1,0.259791,1,188.142928419003,1,4.88665450323973,38,1,28.6959991455078,36.1539993286133,0.282218992710114,0.302413403987885,181.427093505859,-86.1874,24.1517,55.8342727481583,63,63,63,63,61,63,0.312123,8520,1.66016505209534,24,-86,0.001869,51,2024-11-21 15:08:33.001621,38,1.037,0.0011,"aoml_navis",1023.19490700337
"7901009",53,0.188007210250608,5,0.300909,1,0.278481,1,188.116692858204,1,4.88661370515982,40,1,28.6959991455078,36.1539993286133,0.300909012556076,0.302413403987885,181.401794433594,-86.1874,24.1517,55.8342727481583,63,63,63,63,61,63,0.312123,8520,1.66016505209534,24,-86,0.001869,51,2024-11-21 15:08:33.001621,40,1.037,0.0011,"aoml_navis",1023.20344960365
"7901009",53,0.188007210250608,5,0.29904,1,0.276612,1,188.018080062726,1,4.88656728274004,42.0999984741211,1,28.6959991455078,36.1549987792969,0.299039989709854,0.302413403987885,181.306701660156,-86.1874,24.1517,55.8342727481583,63,63,63,63,61,63,0.312123,8520,1.66016505209534,24,-86,0.001869,51,2024-11-21 15:08:33.001621,42.0999984741211,1.037,0.0011,"aoml_navis",1023.21317004283
"7901009",53,0.188007210250608,5,0.304647,1,0.282219,1,187.959279493407,1,4.88652334949326,44,1,28.6949996948242,36.1559982299805,0.304646998643875,0.302413403987885,181.25,-86.1874,24.1517,55.8342727481583,63,63,63,63,61,63,0.312123,8520,1.66016505209534,24,-86,0.001869,51,2024-11-21 15:08:33.001621,44,1.037,0.0011,"aoml_navis",1023.22236944156
"7901009",53,0.188007210250608,5,0.306516,1,0.284088,1,187.837121152411,1,4.88647895813182,46,1,28.6949996948242,36.1570014953613,0.306515991687775,0.302413403987885,181.132202148438,-86.1874,24.1517,55.8342727481583,63,63,63,63,61,63,0.312123,8520,1.66016505209534,24,-86,0.001869,51,2024-11-21 15:08:33.001621,46,1.037,0.0011,"aoml_navis",1023.23166493519
"7901009",53,0.188007210250608,5,0.321468,1,0.29904,1,187.835253965334,1,4.88643299018781,48,1,28.6940002441406,36.1580009460449,0.321467995643616,0.302413403987885,181.130401611328,-86.1874,24.1517,55.8342727481583,63,63,63,63,61,63,0.312123,8520,1.66016505209534,24,-86,0.001869,51,2024-11-21 15:08:33.001621,48,1.037,0.0011,"aoml_navis",1023.24129074117
"7901009",53,0.188007210250608,5,0.312123,1,0.289695,1,187.735913283368,1,4.88638542888467,50,1,28.6919994354248,36.1590003967285,0.312123000621796,0.299039989709854,181.034606933594,-86.1874,24.1517,55.8342727481583,63,63,63,63,61,63,0.312123,8520,1.66016505209534,24,-86,0.001869,51,2024-11-21 15:08:33.001621,50,1.037,0.0011,"aoml_navis",1023.25125039129
"7901009",53,0.188007210250608,5,0.315861,1,0.293433,1,187.67845772169,1,4.88634420196937,52.0999984741211,1,28.693000793457,36.1590003967285,0.315860986709595,0.302778005599976,180.979202270508,-86.1874,24.1517,55.8342727481583,63,63,63,63,61,63,0.312123,8520,1.66016505209534,24,-86,0.001869,51,2024-11-21 15:08:33.001621,52.0999984741211,1.037,0.0011,"aoml_navis",1023.25988373574
"7901009",53,0.188007210250608,5,0.334551,1,0.312123,1,187.444505510339,1,4.88629190956183,54,1,28.6889991760254,36.1609992980957,0.334551006555557,0.321467995643616,180.753601074219,-86.1874,24.1517,55.8342727481583,63,63,63,63,61,63,0.312123,8520,1.66016505209534,24,-86,0.001869,51,2024-11-21 15:08:33.001621,54,1.037,0.0011,"aoml_navis",1023.27083451884
"7901009",53,0.201516710388376,1,0.356979,1,0.334551,1,186.787350600809,1,4.88619843631727,56.2000007629395,1,28.6720008850098,36.1669998168945,0.356979012489319,0.343896001577377,180.119903564453,-86.1874,24.1517,55.8342727481583,63,63,63,63,61,63,0.334551,8520,1.66016505209534,24,-86,0.001869,51,2024-11-21 15:08:33.001621,56.2000007629395,1.037,0.0011,"aoml_navis",1023.29040974613
"7901009",53,0.262309461008334,1,0.457905,1,0.435477,1,184.575809920199,1,4.88577802324797,58.2000007629395,1,28.5100002288818,36.201000213623,0.457904994487762,0.444822013378143,177.9873046875,-86.1874,24.1517,55.8342727481583,63,63,63,63,61,63,0.435477,8520,1.66016505209534,24,-86,0.001869,51,2024-11-21 15:08:33.001621,58.2000007629395,1.037,0.0011,"aoml_navis",1023.3784621832
"7901009",53,0.316347461559407,1,0.547617,1,0.525189,1,180.421619321744,1,4.88503785259647,59.4000015258789,1,28.1389999389648,36.2369995117188,0.547617018222809,0.534533977508545,173.981399536133,-86.1874,24.1517,55.8342727481583,63,63,63,63,61,63,0.525189,8520,1.66016505209534,24,-86,0.001869,51,2024-11-21 15:08:33.001621,59.4000015258789,1.037,0.0011,"aoml_navis",1023.53352233339
"7901009",53,0.333234336731617,1,0.575652,1,0.553224,1,176.434810968245,1,4.88383102512172,62.0999984741211,1,27.5909996032715,36.3190002441406,0.575652003288269,0.56256902217865,170.136901855469,-86.1874,24.1517,55.8342727481583,63,63,63,63,61,63,0.553224,8520,1.66016505209534,24,-86,0.001869,51,2024-11-21 15:08:33.001621,62.0999984741211,1.037,0.0011,"aoml_navis",1023.78644434681
"7901009",53,0.350121211903827,1,0.603687,1,0.581259,1,172.964738726608,1,4.8826341344249,64.1999969482422,1,27.0580005645752,36.4109992980957,0.603686988353729,0.59060400724411,166.79069519043,-86.1874,24.1517,55.8342727481583,63,63,63,63,61,63,0.581259,8520,1.66016505209534,24,-86,0.001869,51,2024-11-21 15:08:33.001621,64.1999969482422,1.037,0.0011,"aoml_navis",1024.03740733872
"7901009",53,0.354624378616417,1,0.611163,1,0.588735,1,170.111502812524,1,4.8818718524472,65.8000030517578,1,26.6959991455078,36.4599990844727,0.611163020133972,0.598079979419708,164.039306640625,-86.1874,24.1517,55.8342727481583,63,63,63,63,61,63,0.588735,8520,1.66016505209534,24,-86,0.001869,51,2024-11-21 15:08:33.001621,65.8000030517578,1.037,0.0011,"aoml_navis",1024.19730609962
"7901009",53,0.284825294571281,1,0.495285,1,0.472857,1,167.443561480443,1,4.88087721601822,68.3000030517578,1,26.2509994506836,36.5349998474121,0.495285004377365,0.482201993465424,161.466598510742,-86.1874,24.1517,55.8342727481583,63,63,63,63,61,63,0.472857,8520,1.66016505209534,24,-86,0.001869,51,2024-11-21 15:08:33.001621,68.3000030517578,1.037,0.0011,"aoml_navis",1024.40601939152
"7901009",53,0.252177335905007,1,0.441084,1,0.418656,1,164.538360800578,1,4.87995782091886,69.9000015258789,1,25.8899993896484,36.6310005187988,0.441083997488022,0.42800098657608,158.665100097656,-86.1874,24.1517,55.8342727481583,63,63,63,63,61,63,0.418656,8520,1.66016505209534,24,-86,0.001869,51,2024-11-21 15:08:33.001621,69.9000015258789,1.037,0.0011,"aoml_navis",1024.59901980434
"7901009",53,0.225158335629471,1,0.396228,1,0.3738,1,162.26055080234,1,4.87920317193293,72.3000030517578,1,25.4829998016357,36.6590003967285,0.396227985620499,0.38314500451088,156.468597412109,-86.1874,24.1517,55.8342727481583,63,63,63,63,61,63,0.3738,8520,1.66016505209534,24,-86,0.001869,51,2024-11-21 15:08:33.001621,72.3000030517578,1.037,0.0011,"aoml_navis",1024.75749088743
"7901009",53,0.197013543675787,1,0.349503,1,0.327075,1,161.159559195063,1,4.87874110772214,73.5999984741211,1,25.2779998779297,36.6959991455078,0.349503010511398,0.336419999599457,155.40690612793,-86.1874,24.1517,55.8342727481583,63,63,63,63,61,63,0.327075,8520,1.66016505209534,24,-86,0.001869,51,2024-11-21 15:08:33.001621,73.5999984741211,1.037,0.0011,"aoml_navis",1024.85454538384
"7901009",53,0.160988209975072,1,0.289695,1,0.267267,1,158.085109083165,1,4.87746279416074,75.9000015258789,1,24.6539993286133,36.7849998474121,0.289694994688034,0.276612013578415,152.442199707031,-86.1874,24.1517,55.8342727481583,63,63,63,63,61,63,0.267267,8520,1.66016505209534,24,-86,0.001869,51,2024-11-21 15:08:33.001621,75.9000015258789,1.037,0.0011,"aoml_navis",1025.12314517006
"7901009",53,0.158736626618777,1,0.285957,1,0.263529,1,156.525026809137,1,4.87728943731924,77.9000015258789,1,24.5499992370605,36.7799987792969,0.285957008600235,0.272873997688293,150.937805175781,-86.1874,24.1517,55.8342727481583,63,63,63,63,61,63,0.263529,8520,1.66016505209534,24,-86,0.001869,51,2024-11-21 15:08:33.001621,77.9000015258789,1.037,0.0011,"aoml_navis",1025.15958182466
"7901009",53,0.15761083494063,1,0.284088,1,0.26166,1,155.566099655936,1,4.87703017737554,80,1,24.4150009155273,36.7859992980957,0.284087985754013,0.271005004644394,150.013107299805,-86.1874,24.1517,55.8342727481583,63,63,63,63,61,63,0.26166,8520,1.66016505209534,24,-86,0.001869,51,2024-11-21 15:08:33.001621,80,1.037,0.0011,"aoml_navis",1025.21407868151
"7901009",53,0.140723959768419,1,0.256053,1,0.233625,1,155.180003345016,1,4.8766301263883,82,1,24.2049999237061,36.8019981384277,0.256053000688553,0.242970004677773,149.64079284668,-86.1874,24.1517,55.8342727481583,63,63,63,63,61,63,0.233625,8520,1.66016505209534,24,-86,0.001869,51,2024-11-21 15:08:33.001621,82,1.037,0.0011,"aoml_navis",1025.298181411
"7901009",53,0.130591834665093,4,0.239232,1,0.216804,1,154.402462339851,1,4.87650613501453,84,1,24.1520004272461,36.8040008544922,0.239232003688812,0.226148992776871,148.891006469727,-86.1874,24.1517,55.8342727481583,63,63,63,63,61,63,0.216804,8520,1.66016505209534,24,-86,0.001869,51,2024-11-21 15:08:33.001621,84,1.037,0.0011,"aoml_navis",1025.32425092194
"7901009",53,0.137346584733977,1,0.250446,1,0.228018,1,153.08410167425,1,4.87634324795084,86,1,24.0540008544922,36.798999786377,0.250445991754532,0.237362995743752,147.619705200195,-86.1874,24.1517,55.8342727481583,63,63,63,63,61,63,0.228018,8520,1.66016505209534,24,-86,0.001869,51,2024-11-21 15:08:33.001621,86,1.037,0.0011,"aoml_navis",1025.35850036831
"7901009",53,0.141849751446567,1,0.257922,1,0.235494,1,152.163847446619,1,4.87609937141293,88.0999984741211,1,23.8850002288818,36.7879981994629,0.257921993732452,0.244838997721672,146.732299804688,-86.1874,24.1517,55.8342727481583,63,63,63,63,61,63,0.235494,8520,1.66016505209534,24,-86,0.001869,51,2024-11-21 15:08:33.001621,88.0999984741211,1.037,0.0011,"aoml_navis",1025.40978334311
"7901009",53,0.160988209975072,1,0.289695,1,0.267267,1,151.277614000482,1,4.87591554261933,89.9000015258789,1,23.7609996795654,36.7799987792969,0.289694994688034,0.276612013578415,145.877700805664,-86.1874,24.1517,55.8342727481583,63,63,63,63,61,63,0.267267,8520,1.66016505209534,24,-86,0.001869,51,2024-11-21 15:08:33.001621,89.9000015258789,1.037,0.0011,"aoml_navis",1025.44844271729
"7901009",53,0.159862418296924,1,0.287826,1,0.265398,1,149.946594439442,1,4.87563511835259,92,1,23.5979995727539,36.7820014953613,0.287826001644135,0.274742990732193,144.594192504883,-86.1874,24.1517,55.8342727481583,63,63,63,63,61,63,0.265398,8520,1.66016505209534,24,-86,0.001869,51,2024-11-21 15:08:33.001621,92,1.037,0.0011,"aoml_navis",1025.50742182886
"7901009",53,0.150856084871745,1,0.272874,1,0.250446,1,148.99265172632,1,4.8752131626271,94,1,23.3729991912842,36.7999992370605,0.272873997688293,0.259790986776352,143.674301147461,-86.1874,24.1517,55.8342727481583,63,63,63,63,61,63,0.250446,8520,1.66016505209534,24,-86,0.001869,51,2024-11-21 15:08:33.001621,94,1.037,0.0011,"aoml_navis",1025.59618076385
"7901009",53,0.15310766822804,1,0.276612,1,0.254184,1,148.182640654352,1,4.87482337996015,96,1,23.1620006561279,36.814998626709,0.276612013578415,0.263529002666473,142.893203735352,-86.1874,24.1517,55.8342727481583,63,63,63,63,61,63,0.254184,8520,1.66016505209534,24,-86,0.001869,51,2024-11-21 15:08:33.001621,96,1.037,0.0011,"aoml_navis",1025.67818570708
"7901009",53,0.127214459630651,4,0.233625,1,0.211197,1,147.645254719304,1,4.87442778826818,98,1,22.9300003051758,36.8240013122559,0.233624994754791,0.220541998744011,142.375,-86.1874,24.1517,55.8342727481583,63,63,63,63,61,63,0.211197,8520,1.66016505209534,24,-86,0.001869,51,2024-11-21 15:08:33.001621,98,1.037,0.0011,"aoml_navis",1025.76142619941
"7901009",53,0.11933391788362,4,0.220542,1,0.198114,1,146.875578052931,1,4.87420768748296,100,1,22.80299949646,36.8250007629395,0.220541998744011,0.207459002733231,141.632797241211,-86.1874,24.1517,55.8342727481583,63,63,63,63,61,63,0.198114,8520,1.66016505209534,24,-86,0.001869,51,2024-11-21 15:08:33.001621,100,1.037,0.0011,"aoml_navis",1025.80774570605
"7901009",53,0.154233459906188,1,0.278481,1,0.256053,1,145.509002819323,1,4.87382704019389,101.900001525879,1,22.5359992980957,36.818000793457,0.278481006622314,0.265397995710373,140.315002441406,-86.1874,24.1517,55.8342727481583,63,63,63,63,61,63,0.256053,8520,1.66016505209534,24,-86,0.001869,51,2024-11-21 15:08:33.001621,101.900001525879,1.037,0.0011,"aoml_navis",1025.88786158507
"7901009",53,0.285951086249428,1,0.497154,1,0.474726,1,144.855787990999,1,4.87325289779163,104,1,22.1380004882812,36.814998626709,0.497153997421265,0.484070986509323,139.685104370117,-86.1874,24.1517,55.8342727481583,63,63,63,63,61,63,0.474726,8520,1.66016505209534,24,-86,0.001869,51,2024-11-21 15:08:33.001621,104,1.037,0.0011,"aoml_navis",1026.00872658708
"7901009",53,0.206019877100966,1,0.364455,1,0.342027,1,144.272466089123,1,4.87304601215734,106,1,22.0179996490479,36.8160018920898,0.364455014467239,0.351372003555298,139.122604370117,-86.1874,24.1517,55.8342727481583,63,63,63,63,61,63,0.342027,8520,1.66016505209534,24,-86,0.001869,51,2024-11-21 15:08:33.001621,106,1.037,0.0011,"aoml_navis",1026.05228588565
"7901009",53,0.217277793882439,1,0.383145,1,0.360717,1,143.374823813471,1,4.87286757724773,108,1,21.9080009460449,36.8129997253418,0.38314500451088,0.370061993598938,138.25700378418,-86.1874,24.1517,55.8342727481583,63,63,63,63,61,63,0.360717,8520,1.66016505209534,24,-86,0.001869,51,2024-11-21 15:08:33.001621,108,1.037,0.0011,"aoml_navis",1026.08985791977
"7901009",53,0.190258793606903,4,0.338289,1,0.315861,1,142.787245358004,1,4.8726224282935,110,1,21.7019996643066,36.7929992675781,0.338288992643356,0.325206011533737,137.690399169922,-86.1874,24.1517,55.8342727481583,63,63,63,63,61,63,0.315861,8520,1.66016505209534,24,-86,0.001869,51,2024-11-21 15:08:33.001621,110,1.037,0.0011,"aoml_navis",1026.14148204196
"7901009",53,0.193636168641345,1,0.343896,1,0.321468,1,142.821566788265,1,4.87240779978867,112,1,21.55299949646,36.7859992980957,0.343896001577377,0.330812990665436,137.723495483398,-86.1874,24.1517,55.8342727481583,63,63,63,63,61,63,0.321468,8520,1.66016505209534,24,-86,0.001869,51,2024-11-21 15:08:33.001621,112,1.037,0.0011,"aoml_navis",1026.18668335127
"7901009",53,0.202642502066524,1,0.358848,1,0.33642,1,142.709677976195,1,4.87233645664164,114,1,21.5330009460449,36.7869987487793,0.358848005533218,0.345764994621277,137.615600585938,-86.1874,24.1517,55.8342727481583,63,63,63,63,61,63,0.33642,8520,1.66016505209534,24,-86,0.001869,51,2024-11-21 15:08:33.001621,114,1.037,0.0011,"aoml_navis",1026.20170928146
"7901009",53,0.193636168641345,1,0.343896,1,0.321468,1,142.521155375854,1,4.87229135021384,116,1,21.5300006866455,36.7869987487793,0.343896001577377,0.330812990665436,137.433807373047,-86.1874,24.1517,55.8342727481583,63,63,63,63,61,63,0.321468,8520,1.66016505209534,24,-86,0.001869,51,2024-11-21 15:08:33.001621,116,1.037,0.0011,"aoml_navis",1026.21120959455
"7901009",53,0.202642502066524,1,0.358848,1,0.33642,1,142.222389619851,1,4.87223332343812,118,1,21.5200004577637,36.7879981994629,0.358848005533218,0.345764994621277,137.145706176758,-86.1874,24.1517,55.8342727481583,63,63,63,63,61,63,0.33642,8520,1.66016505209534,24,-86,0.001869,51,2024-11-21 15:08:33.001621,118,1.037,0.0011,"aoml_navis",1026.22343144924
"7901009",53,0.19588775199764,4,0.347634,1,0.325206,1,141.852069457372,1,4.87215837960019,120,1,21.5,36.7900009155273,0.347633987665176,0.334551006555557,136.788604736328,-86.1874,24.1517,55.8342727481583,63,63,63,63,61,63,0.325206,8520,1.66016505209534,24,-86,0.001869,51,2024-11-21 15:08:33.001621,120,1.037,0.0011,"aoml_navis",1026.23921688077
"7901009",53,0.207145668779113,1,0.366324,1,0.343896,1,141.326092351839,1,4.87206581695928,122,1,21.4640007019043,36.7910003662109,0.366324007511139,0.353240996599197,136.281402587891,-86.1874,24.1517,55.8342727481583,63,63,63,63,61,63,0.343896,8520,1.66016505209534,24,-86,0.001869,51,2024-11-21 15:08:33.001621,122,1.037,0.0011,"aoml_navis",1026.25871403366
"7901009",53,0.222906752273176,1,0.39249,1,0.370062,1,140.815780629413,1,4.8718854648923,124,1,21.3290004730225,36.7799987792969,0.3924899995327,0.379406988620758,135.789306640625,-86.1874,24.1517,55.8342727481583,63,63,63,63,61,63,0.370062,8520,1.66016505209534,24,-86,0.001869,51,2024-11-21 15:08:33.001621,124,1.037,0.0011,"aoml_navis",1026.29670505001
"7901009",53,0.300586378065344,1,0.521451,1,0.499023,1,140.083226173919,1,4.87174995142071,126,1,21.2220001220703,36.7669982910156,0.521450996398926,0.508368015289307,135.082901000977,-86.1874,24.1517,55.8342727481583,63,63,63,63,61,63,0.499023,8520,1.66016505209534,24,-86,0.001869,51,2024-11-21 15:08:33.001621,126,1.037,0.0011,"aoml_navis",1026.32525270347
"7901009",53,0.201516710388376,1,0.356979,1,0.334551,1,138.929225441987,1,4.87164610998326,128,1,21.1359996795654,36.7529983520508,0.356979012489319,0.343896001577377,133.970092773438,-86.1874,24.1517,55.8342727481583,63,63,63,63,61,63,0.334551,8520,1.66016505209534,24,-86,0.001869,51,2024-11-21 15:08:33.001621,128,1.037,0.0011,"aoml_navis",1026.34712931091
"7901009",53,0.194761960319492,4,0.345765,1,0.323337,1,139.32206261473,1,4.87111709985453,130,1,20.6490001678467,36.7120018005371,0.345764994621277,0.332682013511658,134.348907470703,-86.1874,24.1517,55.8342727481583,63,63,63,63,61,63,0.323337,8520,1.66016505209534,24,-86,0.001869,51,2024-11-21 15:08:33.001621,130,1.037,0.0011,"aoml_navis",1026.45859204438
"7901009",53,0.193636168641345,1,0.343896,1,0.321468,1,139.370277182737,1,4.87091344842847,132,1,20.4729995727539,36.6940002441406,0.343896001577377,0.330812990665436,134.395401000977,-86.1874,24.1517,55.8342727481583,63,63,63,63,61,63,0.321468,8520,1.66016505209534,24,-86,0.001869,51,2024-11-21 15:08:33.001621,132,1.037,0.0011,"aoml_navis",1026.50150796935
"7901009",53,0.329856961697175,1,0.570045,1,0.547617,1,139.550191734178,1,4.87073318081868,134,1,20.3339996337891,36.6829986572266,0.570044994354248,0.556962013244629,134.568893432617,-86.1874,24.1517,55.8342727481583,63,63,63,63,61,63,0.547617,8520,1.66016505209534,24,-86,0.001869,51,2024-11-21 15:08:33.001621,134,1.037,0.0011,"aoml_navis",1026.53949916419
"7901009",53,0.175623501790987,1,0.313992,1,0.291564,1,139.609514482934,1,4.87060294257403,136,1,20.242000579834,36.6749992370605,0.313991993665695,0.300909012556076,134.626098632812,-86.1874,24.1517,55.8342727481583,63,63,63,63,61,63,0.291564,8520,1.66016505209534,24,-86,0.001869,51,2024-11-21 15:08:33.001621,136,1.037,0.0011,"aoml_navis",1026.56694847673
"7901009",53,0.162114001653219,1,0.291564,1,0.269136,1,139.640940190864,1,4.87051690172761,138,1,20.1900005340576,36.6689987182617,0.291563987731934,0.278481006622314,134.656402587891,-86.1874,24.1517,55.8342727481583,63,63,63,63,61,63,0.269136,8520,1.66016505209534,24,-86,0.001869,51,2024-11-21 15:08:33.001621,138,1.037,0.0011,"aoml_navis",1026.58508344904
"7901009",53,0.162114001653219,1,0.291564,1,0.269136,1,139.761437051834,1,4.87040374575134,140,1,20.1110000610352,36.6609992980957,0.291563987731934,0.278481006622314,134.772598266602,-86.1874,24.1517,55.8342727481583,63,63,63,63,61,63,0.269136,8520,1.66016505209534,24,-86,0.001869,51,2024-11-21 15:08:33.001621,140,1.037,0.0011,"aoml_navis",1026.60893449783
"7901009",53,0.148604501515451,1,0.269136,1,0.246708,1,140.130712855438,1,4.87021615991971,142,1,19.9589996337891,36.6479988098145,0.269136011600494,0.256053000688553,135.128692626953,-86.1874,24.1517,55.8342727481583,63,63,63,63,61,63,0.246708,8520,1.66016505209534,24,-86,0.001869,51,2024-11-21 15:08:33.001621,142,1.037,0.0011,"aoml_navis",1026.64847633425
"7901009",53,0.148604501515451,1,0.269136,1,0.246708,1,140.307842449883,1,4.87012561204928,144,1,19.9029998779297,36.6419982910156,0.269136011600494,0.256053000688553,135.299499511719,-86.1874,24.1517,55.8342727481583,63,63,63,63,61,63,0.246708,8520,1.66016505209534,24,-86,0.001869,51,2024-11-21 15:08:33.001621,144,1.037,0.0011,"aoml_navis",1026.66756430869
"7901009",53,0.142975543124714,1,0.259791,1,0.237363,1,140.572492482676,1,4.87002902137501,146,1,19.8449993133545,36.6370010375977,0.259790986776352,0.246708005666733,135.554702758789,-86.1874,24.1517,55.8342727481583,63,63,63,63,61,63,0.237363,8520,1.66016505209534,24,-86,0.001869,51,2024-11-21 15:08:33.001621,146,1.037,0.0011,"aoml_navis",1026.68792692087
"7901009",53,0.128340251308798,1,0.235494,1,0.213066,1,140.953493588182,1,4.86989279862412,148,1,19.7439994812012,36.6279983520508,0.235494002699852,0.222411006689072,135.922103881836,-86.1874,24.1517,55.8342727481583,63,63,63,63,61,63,0.213066,8520,1.66016505209534,24,-86,0.001869,51,2024-11-21 15:08:33.001621,148,1.037,0.0011,"aoml_navis",1026.7166458803
"7901009",53,0.100195459355115,1,0.188769,1,0.166341,1,141.103232497618,1,4.86975650360793,150,1,19.6340007781982,36.6160011291504,0.188768997788429,0.175686001777649,136.066497802734,-86.1874,24.1517,55.8342727481583,63,63,63,63,61,63,0.166341,8520,1.66016505209534,24,-86,0.001869,51,2024-11-21 15:08:33.001621,150,1.037,0.0011,"aoml_navis",1026.74538168296
"7901009",53,0.0720506674014307,1,0.142044,1,0.119616,1,141.062787326687,1,4.86957162461203,152,1,19.4790000915527,36.6020011901855,0.142043992877007,0.128960996866226,136.027496337891,-86.1874,24.1517,55.8342727481583,63,63,63,63,61,63,0.119616,8520,1.66016505209534,24,-86,0.001869,51,2024-11-21 15:08:33.001621,152,1.037,0.0011,"aoml_navis",1026.78436327515
"7901009",53,0.0506606255166309,1,0.106533,1,0.084105,1,140.591465002216,1,4.86940581043538,154,1,19.3239994049072,36.5830001831055,0.106532998383045,0.0934500023722649,135.572998046875,-86.1874,24.1517,55.8342727481583,63,63,63,63,61,63,0.084105,8520,1.66016505209534,24,-86,0.001869,51,2024-11-21 15:08:33.001621,154,1.037,0.0011,"aoml_navis",1026.819327583
"7901009",53,0.0472832504821889,1,0.100926,1,0.078498,1,140.47044596181,1,4.86916145717644,156,1,19.0459995269775,36.5439987182617,0.100925996899605,0.0878430008888245,135.456298828125,-86.1874,24.1517,55.8342727481583,63,63,63,63,61,63,0.078498,8520,1.66016505209534,24,-86,0.001869,51,2024-11-21 15:08:33.001621,156,1.037,0.0011,"aoml_navis",1026.87085732816
"7901009",53,0.0439058754477468,1,0.095319,1,0.072891,1,140.665614482256,1,4.86887509590087,158,1,18.7310009002686,36.5050010681152,0.095319002866745,0.0822359994053841,135.644500732422,-86.1874,24.1517,55.8342727481583,63,63,63,63,61,63,0.072891,8520,1.66016505209534,24,-86,0.001869,51,2024-11-21 15:08:33.001621,158,1.037,0.0011,"aoml_navis",1026.9312523974
"7901009",53,0.0337737503444206,1,0.078498,1,0.05607,1,140.690805684182,1,4.86871512983301,160,1,18.5620002746582,36.4809989929199,0.0784979984164238,0.0654150024056435,135.668792724609,-86.1874,24.1517,55.8342727481583,63,63,63,63,61,63,0.05607,8520,1.66016505209534,24,-86,0.001869,51,2024-11-21 15:08:33.001621,160,1.037,0.0011,"aoml_navis",1026.96499315857
"7901009",53,0.034899542022568,1,0.080367,1,0.057939,1,140.448261247551,1,4.86865063491097,162,1,18.5219993591309,36.4739990234375,0.0803669989109039,0.0672840029001236,135.434906005859,-86.1874,24.1517,55.8342727481583,63,63,63,63,61,63,0.057939,8520,1.66016505209534,24,-86,0.001869,51,2024-11-21 15:08:33.001621,162,1.037,0.0011,"aoml_navis",1026.97859734424
"7901009",53,0.0371511253788627,1,0.084105,1,0.061677,1,140.209736010223,1,4.86857651913855,164,1,18.4710006713867,36.4659996032715,0.0841049998998642,0.0710219964385033,135.204895019531,-86.1874,24.1517,55.8342727481583,63,63,63,63,61,63,0.061677,8520,1.66016505209534,24,-86,0.001869,51,2024-11-21 15:08:33.001621,164,1.037,0.0011,"aoml_navis",1026.99423134151
"7901009",53,0.0326479586662733,1,0.076629,1,0.054201,1,140.102720872896,1,4.86845429807141,166,1,18.3589992523193,36.451000213623,0.0766289979219437,0.0635460019111633,135.101699829102,-86.1874,24.1517,55.8342727481583,63,63,63,63,61,63,0.054201,8520,1.66016505209534,24,-86,0.001869,51,2024-11-21 15:08:33.001621,166,1.037,0.0011,"aoml_navis",1027.0200137199
"7901009",53,0.0461574588040415,1,0.099057,1,0.076629,1,139.72151406034,1,4.86837572827925,168,1,18.2980003356934,36.4410018920898,0.0990569964051247,0.0859740003943443,134.734100341797,-86.1874,24.1517,55.8342727481583,63,63,63,63,61,63,0.076629,8520,1.66016505209534,24,-86,0.001869,51,2024-11-21 15:08:33.001621,168,1.037,0.0011,"aoml_navis",1027.03658860103
"7901009",53,0.0270190002755365,1,0.067284,1,0.044856,1,139.190568338347,1,4.8682614884929,170,1,18.1919994354248,36.4259986877441,0.0672840029001236,0.0542009994387627,134.222106933594,-86.1874,24.1517,55.8342727481583,63,63,63,63,61,63,0.044856,8520,1.66016505209534,24,-86,0.001869,51,2024-11-21 15:08:33.001621,170,1.037,0.0011,"aoml_navis",1027.06068928682
"7901009",53,0.0236416252410944,1,0.061677,1,0.039249,1,138.75646316647,1,4.86812888731704,172,1,18.0520000457764,36.4049987792969,0.0616770014166832,0.0485940016806126,133.803497314453,-86.1874,24.1517,55.8342727481583,63,63,63,63,61,63,0.039249,8520,1.66016505209534,24,-86,0.001869,51,2024-11-21 15:08:33.001621,172,1.037,0.0011,"aoml_navis",1027.08866501594
"7901009",53,0.0315221669881259,1,0.07476,1,0.052332,1,138.243144956377,1,4.86801127061802,174,1,17.9270000457764,36.3849983215332,0.0747599974274635,0.0616770014166832,133.308502197266,-86.1874,24.1517,55.8342727481583,63,63,63,63,61,63,0.052332,8520,1.66016505209534,24,-86,0.001869,51,2024-11-21 15:08:33.001621,174,1.037,0.0011,"aoml_navis",1027.11348064838
"7901009",53,0.0258932085973891,1,0.065415,1,0.042987,1,137.700363167148,1,4.86790949776845,176,1,17.8209991455078,36.367000579834,0.0654150024056435,0.0523319989442825,132.785095214844,-86.1874,24.1517,55.8342727481583,63,63,63,63,61,63,0.042987,8520,1.66016505209534,24,-86,0.001869,51,2024-11-21 15:08:33.001621,176,1.037,0.0011,"aoml_navis",1027.13495439718
"7901009",53,0.0281447919536839,1,0.069153,1,0.046725,1,137.478959085902,1,4.86776970892597,178,1,17.6700000762939,36.3450012207031,0.0691530033946037,0.0560699999332428,132.571594238281,-86.1874,24.1517,55.8342727481583,63,63,63,63,61,63,0.046725,8520,1.66016505209534,24,-86,0.001869,51,2024-11-21 15:08:33.001621,178,1.037,0.0011,"aoml_navis",1027.16445086372
"7901009",53,0.0247674169192418,1,0.063546,1,0.041118,1,137.13063375425,1,4.86768375928764,180,1,17.5919990539551,36.3320007324219,0.0635460019111633,0.0504629984498024,132.235702514648,-86.1874,24.1517,55.8342727481583,63,63,63,63,61,63,0.041118,8520,1.66016505209534,24,-86,0.001869,51,2024-11-21 15:08:33.001621,180,1.037,0.0011,"aoml_navis",1027.18258770609
"7901009",53,0.0281447919536839,1,0.069153,1,0.046725,1,136.636493770749,1,4.86760145301413,182,1,17.5200004577637,36.3199996948242,0.0691530033946037,0.0560699999332428,131.759201049805,-86.1874,24.1517,55.8342727481583,63,63,63,63,61,63,0.046725,8520,1.66016505209534,24,-86,0.001869,51,2024-11-21 15:08:33.001621,182,1.037,0.0011,"aoml_navis",1027.19995633658
"7901009",53,0.0258932085973891,1,0.065415,1,0.042987,1,136.14433173966,1,4.86752089968055,184,1,17.4400005340576,36.3050003051758,0.0654150024056435,0.0523319989442825,131.284606933594,-86.1874,24.1517,55.8342727481583,63,63,63,63,61,63,0.042987,8520,1.66016505209534,24,-86,0.001869,51,2024-11-21 15:08:33.001621,184,1.037,0.0011,"aoml_navis",1027.21695562276
"7901009",53,0.0236416252410944,1,0.061677,1,0.039249,1,135.889429056356,1,4.86740395233996,186,1,17.3159999847412,36.2859992980957,0.0616770014166832,0.0485940016806126,131.038803100586,-86.1874,24.1517,55.8342727481583,63,63,63,63,61,63,0.039249,8520,1.66016505209534,24,-86,0.001869,51,2024-11-21 15:08:33.001621,186,1.037,0.0011,"aoml_navis",1027.24163619013
"7901009",53,0.0225158335629471,1,0.059808,1,0.03738,1,136.009308796173,1,4.86722886967987,188,1,17.1159992218018,36.2589988708496,0.0598080009222031,0.0467250011861324,131.154403686523,-86.1874,24.1517,55.8342727481583,63,63,63,63,61,63,0.03738,8520,1.66016505209534,24,-86,0.001869,51,2024-11-21 15:08:33.001621,188,1.037,0.0011,"aoml_navis",1027.27858785257
"7901009",53,0.0168868751722103,1,0.050463,1,0.028035,1,135.833745740039,1,4.86714425304873,190,1,17.0249996185303,36.242000579834,0.0504629984498024,0.0373799987137318,130.985107421875,-86.1874,24.1517,55.8342727481583,63,63,63,63,61,63,0.028035,8520,1.66016505209534,24,-86,0.001869,51,2024-11-21 15:08:33.001621,190,1.037,0.0011,"aoml_navis",1027.29644737118
"7901009",53,0.0168868751722103,1,0.050463,1,0.028035,1,135.762697689382,1,4.86702466504721,192,1,16.8999996185303,36.2239990234375,0.0504629984498024,0.0373799987137318,130.916595458984,-86.1874,24.1517,55.8342727481583,63,63,63,63,61,63,0.028035,8520,1.66016505209534,24,-86,0.001869,51,2024-11-21 15:08:33.001621,192,1.037,0.0011,"aoml_navis",1027.32168914363
"7901009",53,0.00788054174703148,1,0.035511,1,0.013083,1,135.696444195373,1,4.86690685121313,194,1,16.7759990692139,36.2060012817383,0.0355109982192516,0.0224280003458261,130.85270690918,-86.1874,24.1517,55.8342727481583,63,63,63,63,61,63,0.013083,8520,1.66016505209534,24,-86,0.001869,51,2024-11-21 15:08:33.001621,194,1.037,0.0011,"aoml_navis",1027.34655765062
"7901009",53,0.0112579167814735,1,0.041118,1,0.01869,1,135.154912472068,1,4.86685449305793,196,1,16.7409992218018,36.1980018615723,0.041117999702692,0.0280349999666214,130.330505371094,-86.1874,24.1517,55.8342727481583,63,63,63,63,61,63,0.01869,8520,1.66016505209534,24,-86,0.001869,51,2024-11-21 15:08:33.001621,196,1.037,0.0011,"aoml_navis",1027.35760995772
"7901009",53,0.0112579167814735,1,0.041118,1,0.01869,1,134.834262650573,1,4.86675674853073,198,1,16.6499996185303,36.185001373291,0.041117999702692,0.0280349999666214,130.021301269531,-86.1874,24.1517,55.8342727481583,63,63,63,63,61,63,0.01869,8520,1.66016505209534,24,-86,0.001869,51,2024-11-21 15:08:33.001621,198,1.037,0.0011,"aoml_navis",1027.37824353138
"7901009",53,0.0112579167814735,1,0.041118,1,0.01869,1,134.65009154554,1,4.86664838273528,200,1,16.5300006866455,36.1660003662109,0.041117999702692,0.0280349999666214,129.843704223633,-86.1874,24.1517,55.8342727481583,63,63,63,63,61,63,0.01869,8520,1.66016505209534,24,-86,0.001869,51,2024-11-21 15:08:33.001621,200,1.037,0.0011,"aoml_navis",1027.40112019142
"7901009",53,0.0123837084596209,1,0.042987,1,0.020559,1,134.441235594399,1,4.86656130961933,202,1,16.451000213623,36.1539993286133,0.0429870001971722,0.0299040004611015,129.642303466797,-86.1874,24.1517,55.8342727481583,63,63,63,63,61,63,0.020559,8520,1.66016505209534,24,-86,0.001869,51,2024-11-21 15:08:33.001621,202,1.037,0.0011,"aoml_navis",1027.41950257914
"7901009",53,0.00788054174703148,1,0.035511,1,0.013083,1,134.337939007608,1,4.8664927920132,204,1,16.3980007171631,36.1450004577637,0.0355109982192516,0.0224280003458261,129.542694091797,-86.1874,24.1517,55.8342727481583,63,63,63,63,61,63,0.013083,8520,1.66016505209534,24,-86,0.001869,51,2024-11-21 15:08:33.001621,204,1.037,0.0011,"aoml_navis",1027.43396809421
"7901009",53,0.0101321251033262,1,0.039249,1,0.016821,1,134.255814423441,1,4.86642160427302,206,1,16.3490009307861,36.1380004882812,0.0392489992082119,0.0261659994721413,129.463500976562,-86.1874,24.1517,55.8342727481583,63,63,63,63,61,63,0.016821,8520,1.66016505209534,24,-86,0.001869,51,2024-11-21 15:08:33.001621,206,1.037,0.0011,"aoml_navis",1027.44899776248
"7901009",53,0.0101321251033262,1,0.039249,1,0.016821,1,134.033587513992,1,4.86637829021443,208,1,16.3409996032715,36.1360015869141,0.0392489992082119,0.0261659994721413,129.249206542969,-86.1874,24.1517,55.8342727481583,63,63,63,63,61,63,0.016821,8520,1.66016505209534,24,-86,0.001869,51,2024-11-21 15:08:33.001621,208,1.037,0.0011,"aoml_navis",1027.45814275357
"7901009",53,0.0101321251033262,1,0.039249,1,0.016821,1,133.731704504986,1,4.86633863047785,210,1,16.3330001831055,36.132999420166,0.0392489992082119,0.0261659994721413,128.958099365234,-86.1874,24.1517,55.8342727481583,63,63,63,63,61,63,0.016821,8520,1.66016505209534,24,-86,0.001869,51,2024-11-21 15:08:33.001621,210,1.037,0.0011,"aoml_navis",1027.4665163425
"7901009",53,0.0123837084596209,1,0.042987,1,0.020559,1,133.570857414801,1,4.86625272060465,212,1,16.2609996795654,36.1230010986328,0.0429870001971722,0.0299040004611015,128.802993774414,-86.1874,24.1517,55.8342727481583,63,63,63,63,61,63,0.020559,8520,1.66016505209534,24,-86,0.001869,51,2024-11-21 15:08:33.001621,212,1.037,0.0011,"aoml_navis",1027.48465545758
"7901009",53,0.00562895839073677,1,0.031773,1,0.009345,1,133.435644587882,1,4.86616984396617,214,1,16.1849994659424,36.1110000610352,0.0317730009555817,0.0186899993568659,128.672607421875,-86.1874,24.1517,55.8342727481583,63,63,63,63,61,63,0.009345,8520,1.66016505209534,24,-86,0.001869,51,2024-11-21 15:08:33.001621,214,1.037,0.0011,"aoml_navis",1027.50215473876
"7901009",53,0.0112579167814735,1,0.041118,1,0.01869,1,133.028613628628,1,4.86613244132424,216,1,16.1790008544922,36.1080017089844,0.041117999702692,0.0280349999666214,128.28010559082,-86.1874,24.1517,55.8342727481583,63,63,63,63,61,63,0.01869,8520,1.66016505209534,24,-86,0.001869,51,2024-11-21 15:08:33.001621,216,1.037,0.0011,"aoml_navis",1027.51005244718
"7901009",53,0.00675475006888412,1,0.033642,1,0.011214,1,132.618568269897,1,4.86606072082578,217.899993896484,1,16.1240005493164,36.0999984741211,0.0336420014500618,0.020558999851346,127.884696960449,-86.1874,24.1517,55.8342727481583,63,63,63,63,61,63,0.011214,8520,1.66016505209534,24,-86,0.001869,51,2024-11-21 15:08:33.001621,217.899993896484,1.037,0.0011,"aoml_navis",1027.52519683961
"7901009",53,0.00562895839073677,4,0.031773,1,0.009345,1,132.289318311311,1,4.86597266102131,220,1,16.0349998474121,36.0849990844727,0.0317730009555817,0.0186899993568659,127.567199707031,-86.1874,24.1517,55.8342727481583,63,63,63,63,61,63,0.009345,8520,1.66016505209534,24,-86,0.001869,51,2024-11-21 15:08:33.001621,220,1.037,0.0011,"aoml_navis",1027.54379202586
"7901009",53,0.0123837084596209,1,0.042987,1,0.020559,1,132.033379180943,1,4.86589301293151,222,1,15.9580001831055,36.0719985961914,0.0429870001971722,0.0299040004611015,127.32039642334,-86.1874,24.1517,55.8342727481583,63,63,63,63,61,63,0.020559,8520,1.66016505209534,24,-86,0.001869,51,2024-11-21 15:08:33.001621,222,1.037,0.0011,"aoml_navis",1027.56061152847
"7901009",53,0.0112579167814735,1,0.041118,1,0.01869,1,131.651760954284,1,4.86580995686368,224,1,15.8809995651245,36.060001373291,0.041117999702692,0.0280349999666214,126.95240020752,-86.1874,24.1517,55.8342727481583,63,63,63,63,61,63,0.01869,8520,1.66016505209534,24,-86,0.001869,51,2024-11-21 15:08:33.001621,224,1.037,0.0011,"aoml_navis",1027.57815128949
"7901009",53,0.00788054174703148,1,0.035511,1,0.013083,1,131.442493589042,1,4.86572159218739,226,1,15.7889995574951,36.0449981689453,0.0355109982192516,0.0224280003458261,126.750602722168,-86.1874,24.1517,55.8342727481583,63,63,63,63,61,63,0.013083,8520,1.66016505209534,24,-86,0.001869,51,2024-11-21 15:08:33.001621,226,1.037,0.0011,"aoml_navis",1027.59681277865
"7901009",53,0.0135095001377682,1,0.044856,1,0.022428,1,131.194640328136,1,4.86563514985924,228.100006103516,1,15.7069997787476,36.0320014953613,0.0448560006916523,0.0317730009555817,126.511596679688,-86.1874,24.1517,55.8342727481583,63,63,63,63,61,63,0.022428,8520,1.66016505209534,24,-86,0.001869,51,2024-11-21 15:08:33.001621,228.100006103516,1.037,0.0011,"aoml_navis",1027.61506894833
"7901009",53,0.0101321251033262,1,0.039249,1,0.016821,1,130.804208345527,1,4.86558672293438,230,1,15.668999671936,36.0229988098145,0.0392489992082119,0.0261659994721413,126.135101318359,-86.1874,24.1517,55.8342727481583,63,63,63,63,61,63,0.016821,8520,1.66016505209534,24,-86,0.001869,51,2024-11-21 15:08:33.001621,230,1.037,0.0011,"aoml_navis",1027.62529674624
"7901009",53,0.0101321251033262,1,0.039249,1,0.016821,1,130.830341052801,1,4.86546435688163,232,1,15.5249996185303,36.0019989013672,0.0392489992082119,0.0261659994721413,126.160301208496,-86.1874,24.1517,55.8342727481583,63,63,63,63,61,63,0.016821,8520,1.66016505209534,24,-86,0.001869,51,2024-11-21 15:08:33.001621,232,1.037,0.0011,"aoml_navis",1027.65114144307
"7901009",53,0.00675475006888412,1,0.033642,1,0.011214,1,130.661613800205,1,4.86537409598598,234,1,15.4300003051758,35.9869995117188,0.0336420014500618,0.020558999851346,125.997596740723,-86.1874,24.1517,55.8342727481583,63,63,63,63,61,63,0.011214,8520,1.66016505209534,24,-86,0.001869,51,2024-11-21 15:08:33.001621,234,1.037,0.0011,"aoml_navis",1027.67020610503
"7901009",53,0.00562895839073677,1,0.031773,1,0.009345,1,130.464380297439,1,4.86531632587139,236,1,15.3950004577637,35.9809989929199,0.0317730009555817,0.0186899993568659,125.807403564453,-86.1874,24.1517,55.8342727481583,63,63,63,63,61,63,0.009345,8520,1.66016505209534,24,-86,0.001869,51,2024-11-21 15:08:33.001621,236,1.037,0.0011,"aoml_navis",1027.68240852345
"7901009",53,0.00450316671258942,1,0.029904,1,0.007476,1,130.296895198958,1,4.86525968403472,238,1,15.3610000610352,35.9749984741211,0.0299040004611015,0.0168210007250309,125.645896911621,-86.1874,24.1517,55.8342727481583,63,63,63,63,61,63,0.007476,8520,1.66016505209534,24,-86,0.001869,51,2024-11-21 15:08:33.001621,238,1.037,0.0011,"aoml_navis",1027.69437290417
"7901009",53,0.00337737503444206,1,0.028035,1,0.005607,1,130.047079809259,1,4.86520132746535,240,1,15.3219995498657,35.9679985046387,0.0280349999666214,0.0149520002305508,125.404998779297,-86.1874,24.1517,55.8342727481583,63,63,63,63,61,63,0.005607,8520,1.66016505209534,24,-86,0.001869,51,2024-11-21 15:08:33.001621,240,1.037,0.0011,"aoml_navis",1027.70669977698
"7901009",53,0.00562895839073677,1,0.031773,1,0.009345,1,129.976878322235,1,4.86512875570465,242,1,15.2629995346069,35.9589996337891,0.0317730009555817,0.0186899993568659,125.337303161621,-86.1874,24.1517,55.8342727481583,63,63,63,63,61,63,0.009345,8520,1.66016505209534,24,-86,0.001869,51,2024-11-21 15:08:33.001621,242,1.037,0.0011,"aoml_navis",1027.72202978949
"7901009",53,0.00675475006888412,1,0.033642,1,0.011214,1,129.777350394671,1,4.86505847640467,244,1,15.206000328064,35.9500007629395,0.0336420014500618,0.020558999851346,125.144897460938,-86.1874,24.1517,55.8342727481583,63,63,63,63,61,63,0.011214,8520,1.66016505209534,24,-86,0.001869,51,2024-11-21 15:08:33.001621,244,1.037,0.0011,"aoml_navis",1027.73687597997
"7901009",53,0.00675475006888412,1,0.033642,1,0.011214,1,129.548169004539,1,4.86499311570524,246.100006103516,1,15.1520004272461,35.939998626709,0.0336420014500618,0.020558999851346,124.923896789551,-86.1874,24.1517,55.8342727481583,63,63,63,63,61,63,0.011214,8520,1.66016505209534,24,-86,0.001869,51,2024-11-21 15:08:33.001621,246.100006103516,1.037,0.0011,"aoml_navis",1027.75068352285
"7901009",53,0.00450316671258942,1,0.029904,1,0.007476,1,129.462824313844,1,4.86491213248357,248,1,15.076000213623,35.9290008544922,0.0299040004611015,0.0168210007250309,124.841598510742,-86.1874,24.1517,55.8342727481583,63,63,63,63,61,63,0.007476,8520,1.66016505209534,24,-86,0.001869,51,2024-11-21 15:08:33.001621,248,1.037,0.0011,"aoml_navis",1027.76779186091
"7901009",53,0.00900633342517883,1,0.03738,1,0.014952,1,129.316400452652,1,4.86485359060199,250,1,15.0329999923706,35.9210014343262,0.0373799987137318,0.0242970008403063,124.700401306152,-86.1874,24.1517,55.8342727481583,63,63,63,63,61,63,0.014952,8520,1.66016505209534,24,-86,0.001869,51,2024-11-21 15:08:33.001621,250,1.037,0.0011,"aoml_navis",1027.78015964532
"7901009",53,0.00562895839073677,1,0.031773,1,0.009345,1,129.176298127369,1,4.86478856662829,252,1,14.9770002365112,35.9109992980957,0.0317730009555817,0.0186899993568659,124.565299987793,-86.1874,24.1517,55.8342727481583,63,63,63,63,61,63,0.009345,8520,1.66016505209534,24,-86,0.001869,51,2024-11-21 15:08:33.001621,252,1.037,0.0011,"aoml_navis",1027.7938972105
"7901009",53,0,1,0.022428,1,0,1,128.958217006176,1,4.86473003632599,254,1,14.9270000457764,35.9010009765625,0.0224280003458261,0.00934499967843294,124.355003356934,-86.1874,24.1517,55.8342727481583,63,63,63,63,61,63,0,8520,1.66016505209534,24,-86,0.001869,51,2024-11-21 15:08:33.001621,254,1.037,0.0011,"aoml_navis",1027.80626317677
"7901009",53,0.00225158335629471,1,0.026166,1,0.003738,1,128.694192006346,1,4.86467222401565,256,1,14.8809995651245,35.8919982910156,0.0261659994721413,0.0130829997360706,124.100402832031,-86.1874,24.1517,55.8342727481583,63,63,63,63,61,63,0.003738,8520,1.66016505209534,24,-86,0.001869,51,2024-11-21 15:08:33.001621,256,1.037,0.0011,"aoml_navis",1027.81847774168
"7901009",53,0.00112579167814735,1,0.024297,1,0.001869,1,128.436907868337,1,4.86459495125208,258,1,14.8199996948242,35.8839988708496,0.0242970008403063,0.0112140001729131,123.85230255127,-86.1874,24.1517,55.8342727481583,63,63,63,63,61,63,0.001869,8520,1.66016505209534,24,-86,0.001869,51,2024-11-21 15:08:33.001621,258,1.037,0.0011,"aoml_navis",1027.83480435778
"7901009",53,0.00562895839073677,1,0.031773,1,0.009345,1,128.104026389122,1,4.86453638075553,260,1,14.7799997329712,35.8769989013672,0.0317730009555817,0.0186899993568659,123.531303405762,-86.1874,24.1517,55.8342727481583,63,63,63,63,61,63,0.009345,8520,1.66016505209534,24,-86,0.001869,51,2024-11-21 15:08:33.001621,260,1.037,0.0011,"aoml_navis",1027.84717980122
"7901009",53,0.00337737503444206,1,0.028035,1,0.005607,1,127.712755754691,1,4.86445609993416,262,1,14.7089996337891,35.867000579834,0.0280349999666214,0.0149520002305508,123.153999328613,-86.1874,24.1517,55.8342727481583,63,63,63,63,61,63,0.005607,8520,1.66016505209534,24,-86,0.001869,51,2024-11-21 15:08:33.001621,262,1.037,0.0011,"aoml_navis",1027.86414293423
"7901009",53,0.00337737503444206,1,0.028035,1,0.005607,1,127.47134270684,1,4.86437164020536,264,1,14.6129999160767,35.851001739502,0.0280349999666214,0.0149520002305508,122.921203613281,-86.1874,24.1517,55.8342727481583,63,63,63,63,61,63,0.005607,8520,1.66016505209534,24,-86,0.001869,51,2024-11-21 15:08:33.001621,264,1.037,0.0011,"aoml_navis",1027.88198966412
"7901009",53,0.00450316671258942,1,0.029904,1,0.007476,1,127.264559649827,1,4.86429920057157,266,1,14.548999786377,35.8409996032715,0.0299040004611015,0.0168210007250309,122.721801757812,-86.1874,24.1517,55.8342727481583,63,63,63,63,61,63,0.007476,8520,1.66016505209534,24,-86,0.001869,51,2024-11-21 15:08:33.001621,266,1.037,0.0011,"aoml_navis",1027.89729698627
"7901009",53,0.00562895839073677,1,0.031773,1,0.009345,1,127.053527951032,1,4.86421802745305,268,1,14.4729995727539,35.8300018310547,0.0317730009555817,0.0186899993568659,122.51830291748,-86.1874,24.1517,55.8342727481583,63,63,63,63,61,63,0.009345,8520,1.66016505209534,24,-86,0.001869,51,2024-11-21 15:08:33.001621,268,1.037,0.0011,"aoml_navis",1027.91445033521
"7901009",53,0.00675475006888412,1,0.033642,1,0.011214,1,126.760980877414,1,4.86415480779527,270,1,14.4280004501343,35.8230018615723,0.0336420014500618,0.020558999851346,122.236198425293,-86.1874,24.1517,55.8342727481583,63,63,63,63,61,63,0.011214,8520,1.66016505209534,24,-86,0.001869,51,2024-11-21 15:08:33.001621,270,1.037,0.0011,"aoml_navis",1027.92781018956
"7901009",53,0.00450316671258942,1,0.029904,1,0.007476,1,126.466368821476,1,4.86409221650873,272,1,14.3730001449585,35.8129997253418,0.0299040004611015,0.0168210007250309,121.952102661133,-86.1874,24.1517,55.8342727481583,63,63,63,63,61,63,0.007476,8520,1.66016505209534,24,-86,0.001869,51,2024-11-21 15:08:33.001621,272,1.037,0.0011,"aoml_navis",1027.94103759587
"7901009",53,0.00450316671258942,1,0.029904,1,0.007476,1,126.074995333519,1,4.86403132088643,274,1,14.3159999847412,35.8019981384277,0.0299040004611015,0.0168210007250309,121.574699401855,-86.1874,24.1517,55.8342727481583,63,63,63,63,61,63,0.007476,8520,1.66016505209534,24,-86,0.001869,51,2024-11-21 15:08:33.001621,274,1.037,0.0011,"aoml_navis",1027.95390698446
"7901009",53,0.00450316671258942,1,0.029904,1,0.007476,1,125.91695693576,1,4.86393453630233,276,1,14.2030000686646,35.7849998474121,0.0299040004611015,0.0168210007250309,121.422302246094,-86.1874,24.1517,55.8342727481583,63,63,63,63,61,63,0.007476,8520,1.66016505209534,24,-86,0.001869,51,2024-11-21 15:08:33.001621,276,1.037,0.0011,"aoml_navis",1027.97436163709
"7901009",53,0,1,0.022428,1,0,1,125.922139171081,1,4.86383271605015,278,1,14.081000328064,35.7669982910156,0.0224280003458261,0.00934499967843294,121.427299499512,-86.1874,24.1517,55.8342727481583,63,63,63,63,61,63,0,8520,1.66016505209534,24,-86,0.001869,51,2024-11-21 15:08:33.001621,278,1.037,0.0011,"aoml_navis",1027.99588141683
"7901009",53,0.00112579167814735,1,0.024297,1,0.001869,1,125.8113896596,1,4.86377386910958,280,1,14.03600025177,35.7589988708496,0.0242970008403063,0.0112140001729131,121.320503234863,-86.1874,24.1517,55.8342727481583,63,63,63,63,61,63,0.001869,8520,1.66016505209534,24,-86,0.001869,51,2024-11-21 15:08:33.001621,280,1.037,0.0011,"aoml_navis",1028.0083191687
"7901009",53,0,1,0.020559,1,-0.001869,1,125.561463504566,1,4.86373122871502,282,1,14.0209999084473,35.7550010681152,0.020558999851346,0,121.079498291016,-86.1874,24.1517,55.8342727481583,63,63,63,63,61,63,0,8520,1.66016505209534,24,-86,0.001869,51,2024-11-21 15:08:33.001621,282,1.037,0.0011,"aoml_navis",1028.01733173093
"7901009",53,0,1,0.028035,1,0.005607,1,125.266329269191,1,4.86368553785731,284,1,14.0030002593994,35.7509994506836,0.0280349999666214,0,120.794898986816,-86.1874,24.1517,55.8342727481583,63,63,63,63,61,63,0,8520,1.66016505209534,24,-86,0.001869,51,2024-11-21 15:08:33.001621,284,1.037,0.0011,"aoml_navis",1028.02698922076
"7901009",53,0,1,0.020559,1,-0.001869,1,124.93811575767,1,4.863615450597,286,1,13.9289999008179,35.7379989624023,0.020558999851346,0,120.478401184082,-86.1874,24.1517,55.8342727481583,63,63,63,63,61,63,0,8520,1.66016505209534,24,-86,0.001869,51,2024-11-21 15:08:33.001621,286,1.037,0.0011,"aoml_navis",1028.04180363114
"7901009",53,0,1,0.026166,1,0.003738,1,124.876933733647,1,4.86351299919448,288,1,13.8050003051758,35.7200012207031,0.0261659994721413,0,120.419403076172,-86.1874,24.1517,55.8342727481583,63,63,63,63,61,63,0,8520,1.66016505209534,24,-86,0.001869,51,2024-11-21 15:08:33.001621,288,1.037,0.0011,"aoml_navis",1028.06345964905
"7901009",53,0,1,0.024297,1,0.001869,1,124.632300579268,1,4.8634662241777,290,1,13.7749996185303,35.7130012512207,0.0242970008403063,0,120.183502197266,-86.1874,24.1517,55.8342727481583,63,63,63,63,61,63,0,8520,1.66016505209534,24,-86,0.001869,51,2024-11-21 15:08:33.001621,290,1.037,0.0011,"aoml_navis",1028.07334718262
"7901009",53,0,1,0.020559,1,-0.001869,1,124.413380806252,1,4.86341988907477,292,1,13.7489995956421,35.7070007324219,0.020558999851346,0,119.972396850586,-86.1874,24.1517,55.8342727481583,63,63,63,63,61,63,0,8520,1.66016505209534,24,-86,0.001869,51,2024-11-21 15:08:33.001621,292,1.037,0.0011,"aoml_navis",1028.08314191255
"7901009",53,0,1,0.022428,1,0,1,124.260010376187,1,4.86335037098712,294,1,13.6820001602173,35.6959991455078,0.0224280003458261,0,119.824501037598,-86.1874,24.1517,55.8342727481583,63,63,63,63,61,63,0,8520,1.66016505209534,24,-86,0.001869,51,2024-11-21 15:08:33.001621,294,1.037,0.0011,"aoml_navis",1028.09783761994
"7901009",53,0,1,0.024297,1,0.001869,1,124.082160807064,1,4.86328846546324,296,1,13.6260004043579,35.6860008239746,0.0242970008403063,0,119.65299987793,-86.1874,24.1517,55.8342727481583,63,63,63,63,61,63,0,8520,1.66016505209534,24,-86,0.001869,51,2024-11-21 15:08:33.001621,296,1.037,0.0011,"aoml_navis",1028.11092443058
"7901009",53,0,1,0.029904,1,0.007476,1,124.204422001586,1,4.86320375735936,298,1,13.5290002822876,35.6710014343262,0.0299040004611015,0,119.770896911621,-86.1874,24.1517,55.8342727481583,63,63,63,63,61,63,0,8520,1.66016505209534,24,-86,0.001869,51,2024-11-21 15:08:33.001621,298,1.037,0.0011,"aoml_navis",1028.12883224019
"7901009",53,0,1,0.028035,1,0.005607,1,124.673260017826,1,4.863114153591,300,1,13.4340000152588,35.6580009460449,0.0280349999666214,0,120.222999572754,-86.1874,24.1517,55.8342727481583,63,63,63,63,61,63,0,8520,1.66016505209534,24,-86,0.001869,51,2024-11-21 15:08:33.001621,300,1.037,0.0011,"aoml_navis",1028.1477757021
"7901009",53,0,1,0.028035,1,0.005607,1,125.131931358666,1,4.86303657136736,302,1,13.3800001144409,35.6529998779297,0.0280349999666214,0,120.665298461914,-86.1874,24.1517,55.8342727481583,63,63,63,63,61,63,0,8520,1.66016505209534,24,-86,0.001869,51,2024-11-21 15:08:33.001621,302,1.037,0.0011,"aoml_navis",1028.16417820895
"7901009",53,0,1,0.026166,1,0.003738,1,125.242063748995,1,4.86298235337268,304,1,13.375,35.6549987792969,0.0261659994721413,0,120.771499633789,-86.1874,24.1517,55.8342727481583,63,63,63,63,61,63,0,8520,1.66016505209534,24,-86,0.001869,51,2024-11-21 15:08:33.001621,304,1.037,0.0011,"aoml_navis",1028.17564133917
"7901009",53,0,1,0.022428,1,0,1,125.028025562533,1,4.86291383981795,306,1,13.3299999237061,35.6500015258789,0.0224280003458261,0,120.565101623535,-86.1874,24.1517,55.8342727481583,63,63,63,63,61,63,0,8520,1.66016505209534,24,-86,0.001869,51,2024-11-21 15:08:33.001621,306,1.037,0.0011,"aoml_navis",1028.19012729767
"7901009",53,0,1,0.022428,1,0,1,124.908660090343,1,4.8628478034774,308,1,13.2690000534058,35.6399993896484,0.0224280003458261,0,120.449996948242,-86.1874,24.1517,55.8342727481583,63,63,63,63,61,63,0,8520,1.66016505209534,24,-86,0.001869,51,2024-11-21 15:08:33.001621,308,1.037,0.0011,"aoml_navis",1028.20408988012
"7901009",53,0,1,0.031773,1,0.009345,1,124.663204107761,1,4.86278414228732,310,1,13.2250003814697,35.6339988708496,0.0317730009555817,0,120.213302612305,-86.1874,24.1517,55.8342727481583,63,63,63,63,61,63,0,8520,1.66016505209534,24,-86,0.001869,51,2024-11-21 15:08:33.001621,310,1.037,0.0011,"aoml_navis",1028.21755062484
"7901009",53,0,1,0.020559,1,-0.001869,1,124.585114546515,1,4.86271144012193,312,1,13.1569995880127,35.6240005493164,0.020558999851346,0,120.138000488281,-86.1874,24.1517,55.8342727481583,63,63,63,63,61,63,0,8520,1.66016505209534,24,-86,0.001869,51,2024-11-21 15:08:33.001621,312,1.037,0.0011,"aoml_navis",1028.2329234561
"7901009",53,0,1,0.026166,1,0.003738,1,124.527872603698,1,4.8626545936494,314,1,13.1160001754761,35.617000579834,0.0261659994721413,0,120.082801818848,-86.1874,24.1517,55.8342727481583,63,63,63,63,61,63,0,8520,1.66016505209534,24,-86,0.001869,51,2024-11-21 15:08:33.001621,314,1.037,0.0011,"aoml_navis",1028.24494393041
"7901009",53,0,1,0.029904,1,0.007476,1,124.34742796101,1,4.86260290546341,316,1,13.0950002670288,35.6139984130859,0.0299040004611015,0,119.908798217773,-86.1874,24.1517,55.8342727481583,63,63,63,63,61,63,0,8520,1.66016505209534,24,-86,0.001869,51,2024-11-21 15:08:33.001621,316,1.037,0.0011,"aoml_navis",1028.25587390289
"7901009",53,0,1,0.022428,1,0,1,124.036636254338,1,4.8625405239144,318,1,13.0520000457764,35.6080017089844,0.0224280003458261,0,119.609100341797,-86.1874,24.1517,55.8342727481583,63,63,63,63,61,63,0,8520,1.66016505209534,24,-86,0.001869,51,2024-11-21 15:08:33.001621,318,1.037,0.0011,"aoml_navis",1028.26906540101
"7901009",53,0,1,0.024297,1,0.001869,1,123.559506661584,1,4.86247001633321,320,1,12.9820003509521,35.5970001220703,0.0242970008403063,0,119.149002075195,-86.1874,24.1517,55.8342727481583,63,63,63,63,61,63,0,8520,1.66016505209534,24,-86,0.001869,51,2024-11-21 15:08:33.001621,320,1.037,0.0011,"aoml_navis",1028.28397567591
"7901009",53,0,1,0.028035,1,0.005607,1,122.99287867807,1,4.86242076875665,322,1,12.9409999847412,35.5880012512207,0.0280349999666214,0,118.602600097656,-86.1874,24.1517,55.8342727481583,63,63,63,63,61,63,0,8520,1.66016505209534,24,-86,0.001869,51,2024-11-21 15:08:33.001621,322,1.037,0.0011,"aoml_navis",1028.29439034305
"7901009",53,0,1,0.020559,1,-0.001869,1,122.915825563888,1,4.86236255798685,324,1,12.8870000839233,35.5779991149902,0.020558999851346,0,118.528297424316,-86.1874,24.1517,55.8342727481583,63,63,63,63,61,63,0,8520,1.66016505209534,24,-86,0.001869,51,2024-11-21 15:08:33.001621,324,1.037,0.0011,"aoml_navis",1028.30670078007
"7901009",53,0,1,0.026166,1,0.003738,1,123.234188872395,1,4.86227621742137,326,1,12.8039999008179,35.568000793457,0.0261659994721413,0,118.835296630859,-86.1874,24.1517,55.8342727481583,63,63,63,63,61,63,0,8520,1.66016505209534,24,-86,0.001869,51,2024-11-21 15:08:33.001621,326,1.037,0.0011,"aoml_navis",1028.32496066044
"7901009",53,0,1,0.028035,1,0.005607,1,123.274950515712,1,4.86222551823202,328,1,12.7799997329712,35.5639991760254,0.0280349999666214,0,118.874603271484,-86.1874,24.1517,55.8342727481583,63,63,63,63,61,63,0,8520,1.66016505209534,24,-86,0.001869,51,2024-11-21 15:08:33.001621,328,1.037,0.0011,"aoml_navis",1028.33568316635
"7901009",53,0,1,0.022428,1,0,1,122.770960329197,1,4.86216414691689,330,1,12.7449998855591,35.560001373291,0.0224280003458261,0,118.388603210449,-86.1874,24.1517,55.8342727481583,63,63,63,63,61,63,0,8520,1.66016505209534,24,-86,0.001869,51,2024-11-21 15:08:33.001621,330,1.037,0.0011,"aoml_navis",1028.34866304761
"7901009",53,0,1,0.028035,1,0.005607,1,121.939065191737,1,4.86209390429284,332,1,12.6630001068115,35.5460014343262,0.0280349999666214,0,117.586402893066,-86.1874,24.1517,55.8342727481583,63,63,63,63,61,63,0,8520,1.66016505209534,24,-86,0.001869,51,2024-11-21 15:08:33.001621,332,1.037,0.0011,"aoml_navis",1028.36351959089
"7901009",53,0,1,0.026166,1,0.003738,1,121.563768500988,1,4.86201779861896,334,1,12.5670003890991,35.5299987792969,0.0261659994721413,0,117.224502563477,-86.1874,24.1517,55.8342727481583,63,63,63,63,61,63,0,8520,1.66016505209534,24,-86,0.001869,51,2024-11-21 15:08:33.001621,334,1.037,0.0011,"aoml_navis",1028.37961667278
"7901009",53,0,1,0.024297,1,0.001869,1,121.005748566373,1,4.861949502459,336,1,12.4940004348755,35.5180015563965,0.0242970008403063,0,116.686401367188,-86.1874,24.1517,55.8342727481583,63,63,63,63,61,63,0,8520,1.66016505209534,24,-86,0.001869,51,2024-11-21 15:08:33.001621,336,1.037,0.0011,"aoml_navis",1028.39406239641
"7901009",53,0,1,0.022428,1,0,1,120.66695696535,1,4.86186455933382,338,1,12.3879995346069,35.5019989013672,0.0224280003458261,0,116.359703063965,-86.1874,24.1517,55.8342727481583,63,63,63,63,61,63,0,8520,1.66016505209534,24,-86,0.001869,51,2024-11-21 15:08:33.001621,338,1.037,0.0011,"aoml_navis",1028.41202978413
"7901009",53,0,1,0.031773,1,0.009345,1,120.506632054602,1,4.86179845571875,340,1,12.3090000152588,35.4879989624023,0.0317730009555817,0,116.205101013184,-86.1874,24.1517,55.8342727481583,63,63,63,63,61,63,0,8520,1.66016505209534,24,-86,0.001869,51,2024-11-21 15:08:33.001621,340,1.037,0.0011,"aoml_navis",1028.42601262475
"7901009",53,0,1,0.024297,1,0.001869,1,120.415480095624,1,4.86171960814852,342,1,12.2239999771118,35.476001739502,0.0242970008403063,0,116.117202758789,-86.1874,24.1517,55.8342727481583,63,63,63,63,61,63,0,8520,1.66016505209534,24,-86,0.001869,51,2024-11-21 15:08:33.001621,342,1.037,0.0011,"aoml_navis",1028.44269168047
"7901009",53,0,1,0.026166,1,0.003738,1,120.149065729279,1,4.86166046057437,344,1,12.1750001907349,35.4679985046387,0.0261659994721413,0,115.860298156738,-86.1874,24.1517,55.8342727481583,63,63,63,63,61,63,0,8520,1.66016505209534,24,-86,0.001869,51,2024-11-21 15:08:33.001621,344,1.037,0.0011,"aoml_navis",1028.45520384393
"7901009",53,0,1,0.026166,1,0.003738,1,119.97837634789,1,4.86159279920241,346,1,12.1129999160767,35.4589996337891,0.0261659994721413,0,115.695701599121,-86.1874,24.1517,55.8342727481583,63,63,63,63,61,63,0,8520,1.66016505209534,24,-86,0.001869,51,2024-11-21 15:08:33.001621,346,1.037,0.0011,"aoml_navis",1028.46951740185
"7901009",53,0,1,0.028035,1,0.005607,1,119.861811656316,1,4.86153364371371,348.100006103516,1,12.0659999847412,35.451000213623,0.0280349999666214,0,115.583297729492,-86.1874,24.1517,55.8342727481583,63,63,63,63,61,63,0,8520,1.66016505209534,24,-86,0.001869,51,2024-11-21 15:08:33.001621,348.100006103516,1.037,0.0011,"aoml_navis",1028.48203189241
"7901009",53,0,1,0.029904,1,0.007476,1,119.771798997928,1,4.86148001550495,350,1,12.0319995880127,35.4459991455078,0.0299040004611015,0,115.49649810791,-86.1874,24.1517,55.8342727481583,63,63,63,63,61,63,0,8520,1.66016505209534,24,-86,0.001869,51,2024-11-21 15:08:33.001621,350,1.037,0.0011,"aoml_navis",1028.49337733638
"7901009",53,0,1,0.029904,1,0.007476,1,119.801974639933,1,4.86141299065743,352,1,11.9820003509521,35.439998626709,0.0299040004611015,0,115.525596618652,-86.1874,24.1517,55.8342727481583,63,63,63,63,61,63,0,8520,1.66016505209534,24,-86,0.001869,51,2024-11-21 15:08:33.001621,352,1.037,0.0011,"aoml_navis",1028.50755729022
"7901009",53,0,1,0.026166,1,0.003738,1,119.776466965622,1,4.86136407958967,354,1,11.9630002975464,35.4370002746582,0.0261659994721413,0,115.500999450684,-86.1874,24.1517,55.8342727481583,63,63,63,63,61,63,0,8520,1.66016505209534,24,-86,0.001869,51,2024-11-21 15:08:33.001621,354,1.037,0.0011,"aoml_navis",1028.51790529172
"7901009",53,0,1,0.024297,1,0.001869,1,119.705537592109,1,4.86131807220571,356,1,11.951000213623,35.435001373291,0.0242970008403063,0,115.432601928711,-86.1874,24.1517,55.8342727481583,63,63,63,63,61,63,0,8520,1.66016505209534,24,-86,0.001869,51,2024-11-21 15:08:33.001621,356,1.037,0.0011,"aoml_navis",1028.52763915762
"7901009",53,0,1,0.029904,1,0.007476,1,119.668407469422,1,4.86127684566745,358,1,11.9479999542236,35.4339981079102,0.0299040004611015,0,115.396797180176,-86.1874,24.1517,55.8342727481583,63,63,63,63,61,63,0,8520,1.66016505209534,24,-86,0.001869,51,2024-11-21 15:08:33.001621,358,1.037,0.0011,"aoml_navis",1028.53636168781
"7901009",53,0,1,0.029904,1,0.007476,1,119.544587648399,1,4.8612327998538,360,1,11.9420003890991,35.4329986572266,0.0299040004611015,0,115.277397155762,-86.1874,24.1517,55.8342727481583,63,63,63,63,61,63,0,8520,1.66016505209534,24,-86,0.001869,51,2024-11-21 15:08:33.001621,360,1.037,0.0011,"aoml_navis",1028.5456808714
"7901009",53,0,1,0.024297,1,0.001869,1,119.510369071663,1,4.86118017477137,362,1,11.918999671936,35.4300003051758,0.0242970008403063,0,115.244400024414,-86.1874,24.1517,55.8342727481583,63,63,63,63,61,63,0,8520,1.66016505209534,24,-86,0.001869,51,2024-11-21 15:08:33.001621,362,1.037,0.0011,"aoml_navis",1028.55681547232
"7901009",53,0,1,0.022428,1,0,1,119.430103762763,1,4.86113031121854,364,1,11.8950004577637,35.4259986877441,0.0224280003458261,0,115.166999816895,-86.1874,24.1517,55.8342727481583,63,63,63,63,61,63,0,8520,1.66016505209534,24,-86,0.001869,51,2024-11-21 15:08:33.001621,364,1.037,0.0011,"aoml_navis",1028.56736600148
"7901009",53,0,1,0.028035,1,0.005607,1,119.300998852894,1,4.86107292241236,366,1,11.8590002059937,35.4210014343262,0.0280349999666214,0,115.042503356934,-86.1874,24.1517,55.8342727481583,63,63,63,63,61,63,0,8520,1.66016505209534,24,-86,0.001869,51,2024-11-21 15:08:33.001621,366,1.037,0.0011,"aoml_navis",1028.57950905182
"7901009",53,0,1,0.029904,1,0.007476,1,119.296948006354,1,4.86099764708579,368,1,11.7840003967285,35.4109992980957,0.0299040004611015,0,115.038597106934,-86.1874,24.1517,55.8342727481583,63,63,63,63,61,63,0,8520,1.66016505209534,24,-86,0.001869,51,2024-11-21 15:08:33.001621,368,1.037,0.0011,"aoml_navis",1028.59543719334
"7901009",53,0,1,0.024297,1,0.001869,1,119.242609697677,1,4.86093380438894,370,1,11.7290000915527,35.4029998779297,0.0242970008403063,0,114.986198425293,-86.1874,24.1517,55.8342727481583,63,63,63,63,61,63,0,8520,1.66016505209534,24,-86,0.001869,51,2024-11-21 15:08:33.001621,370,1.037,0.0011,"aoml_navis",1028.60894659489
"7901009",53,0,1,0.028035,1,0.005607,1,119.14782621807,1,4.86089067491726,372,1,11.7200002670288,35.4010009765625,0.0280349999666214,0,114.894798278809,-86.1874,24.1517,55.8342727481583,63,63,63,63,61,63,0,8520,1.66016505209534,24,-86,0.001869,51,2024-11-21 15:08:33.001621,372,1.037,0.0011,"aoml_navis",1028.61807318576
"7901009",53,0,1,0.029904,1,0.007476,1,119.118584169604,1,4.86083448203328,374,1,11.6850004196167,35.3959999084473,0.0299040004611015,0,114.866600036621,-86.1874,24.1517,55.8342727481583,63,63,63,63,61,63,0,8520,1.66016505209534,24,-86,0.001869,51,2024-11-21 15:08:33.001621,374,1.037,0.0011,"aoml_navis",1028.62996435717
"7901009",53,0,1,0.024297,1,0.001869,1,119.026704324138,1,4.86077837081052,376,1,11.6540002822876,35.3919982910156,0.0242970008403063,0,114.77799987793,-86.1874,24.1517,55.8342727481583,63,63,63,63,61,63,0,8520,1.66016505209534,24,-86,0.001869,51,2024-11-21 15:08:33.001621,376,1.037,0.0011,"aoml_navis",1028.64183852231
"7901009",53,0,1,0.026166,1,0.003738,1,118.932545877493,1,4.86072695459026,378,1,11.6359996795654,35.3899993896484,0.0261659994721413,0,114.687202453613,-86.1874,24.1517,55.8342727481583,63,63,63,63,61,63,0,8520,1.66016505209534,24,-86,0.001869,51,2024-11-21 15:08:33.001621,378,1.037,0.0011,"aoml_navis",1028.6527193794
"7901009",53,0,1,0.033642,1,0.011214,1,118.839415966103,1,4.86068009508206,380,1,11.6110000610352,35.3849983215332,0.0336420014500618,0,114.597396850586,-86.1874,24.1517,55.8342727481583,63,63,63,63,61,63,0,8520,1.66016505209534,24,-86,0.001869,51,2024-11-21 15:08:33.001621,380,1.037,0.0011,"aoml_navis",1028.6626361317
"7901009",53,0,1,0.028035,1,0.005607,1,118.72306489339,1,4.86062311770937,382,1,11.5749998092651,35.3800010681152,0.0280349999666214,0,114.485198974609,-86.1874,24.1517,55.8342727481583,63,63,63,63,61,63,0,8520,1.66016505209534,24,-86,0.001869,51,2024-11-21 15:08:33.001621,382,1.037,0.0011,"aoml_navis",1028.67469435818
"7901009",53,0,1,0.028035,1,0.005607,1,118.561086414425,1,4.86056803104019,384,1,11.5369997024536,35.3740005493164,0.0280349999666214,0,114.329002380371,-86.1874,24.1517,55.8342727481583,63,63,63,63,61,63,0,8520,1.66016505209534,24,-86,0.001869,51,2024-11-21 15:08:33.001621,384,1.037,0.0011,"aoml_navis",1028.68635272038
"7901009",53,0,1,0.029904,1,0.007476,1,118.507365226902,1,4.86048096532018,386,1,11.4359998703003,35.3610000610352,0.0299040004611015,0,114.277198791504,-86.1874,24.1517,55.8342727481583,63,63,63,63,61,63,0,8520,1.66016505209534,24,-86,0.001869,51,2024-11-21 15:08:33.001621,386,1.037,0.0011,"aoml_navis",1028.70477956303
"7901009",53,0,1,0.028035,1,0.005607,1,118.394329202432,1,4.86042820822915,387.899993896484,1,11.3979997634888,35.3549995422363,0.0280349999666214,0,114.168197631836,-86.1874,24.1517,55.8342727481583,63,63,63,63,61,63,0,8520,1.66016505209534,24,-86,0.001869,51,2024-11-21 15:08:33.001621,387.899993896484,1.037,0.0011,"aoml_navis",1028.7159455487
"7901009",53,0,1,0.028035,1,0.005607,1,118.298612129286,1,4.86037401010022,390,1,11.3669996261597,35.3499984741211,0.0280349999666214,0,114.075897216797,-86.1874,24.1517,55.8342727481583,63,63,63,63,61,63,0,8520,1.66016505209534,24,-86,0.001869,51,2024-11-21 15:08:33.001621,390,1.037,0.0011,"aoml_navis",1028.72741678102
"7901009",53,0,1,0.024297,1,0.001869,1,118.309190218788,1,4.86030839509243,392,1,11.3090000152588,35.3419990539551,0.0242970008403063,0,114.086097717285,-86.1874,24.1517,55.8342727481583,63,63,63,63,61,63,0,8520,1.66016505209534,24,-86,0.001869,51,2024-11-21 15:08:33.001621,392,1.037,0.0011,"aoml_navis",1028.74130477988
"7901009",53,0,1,0.026166,1,0.003738,1,118.295605641619,1,4.86025270526825,394,1,11.2819995880127,35.3390007019043,0.0261659994721413,0,114.072998046875,-86.1874,24.1517,55.8342727481583,63,63,63,63,61,63,0,8520,1.66016505209534,24,-86,0.001869,51,2024-11-21 15:08:33.001621,394,1.037,0.0011,"aoml_navis",1028.75309231972
"7901009",53,0,1,0.028035,1,0.005607,1,118.226954869286,1,4.86020879882378,396,1,11.2720003128052,35.3370018005371,0.0280349999666214,0,114.006797790527,-86.1874,24.1517,55.8342727481583,63,63,63,63,61,63,0,8520,1.66016505209534,24,-86,0.001869,51,2024-11-21 15:08:33.001621,396,1.037,0.0011,"aoml_navis",1028.76238593084
"7901009",53,0,1,0.028035,1,0.005607,1,118.123357633729,1,4.86016131800223,398,1,11.253999710083,35.3339996337891,0.0280349999666214,0,113.906898498535,-86.1874,24.1517,55.8342727481583,63,63,63,63,61,63,0,8520,1.66016505209534,24,-86,0.001869,51,2024-11-21 15:08:33.001621,398,1.037,0.0011,"aoml_navis",1028.77243631396
"7901009",53,0,1,0.029904,1,0.007476,1,118.105935828879,1,4.86009949341715,400,1,11.2080001831055,35.3279991149902,0.0299040004611015,0,113.890098571777,-86.1874,24.1517,55.8342727481583,63,63,63,63,61,63,0,8520,1.66016505209534,24,-86,0.001869,51,2024-11-21 15:08:33.001621,400,1.037,0.0011,"aoml_navis",1028.78552317136
"7901009",53,0,1,0.024297,1,0.001869,1,118.036770788919,1,4.86003865932594,402,1,11.1630001068115,35.3219985961914,0.0242970008403063,0,113.823402404785,-86.1874,24.1517,55.8342727481583,63,63,63,63,61,63,0,8520,1.66016505209534,24,-86,0.001869,51,2024-11-21 15:08:33.001621,402,1.037,0.0011,"aoml_navis",1028.79840068875
"7901009",53,0,1,0.026166,1,0.003738,1,117.987409008513,1,4.85997443335581,404,1,11.1059999465942,35.3139991760254,0.0261659994721413,0,113.775802612305,-86.1874,24.1517,55.8342727481583,63,63,63,63,61,63,0,8520,1.66016505209534,24,-86,0.001869,51,2024-11-21 15:08:33.001621,404,1.037,0.0011,"aoml_navis",1028.81199655767
"7901009",53,0,1,0.028035,1,0.005607,1,117.950903918787,1,4.85991020011602,406,1,11.0570001602173,35.3079986572266,0.0280349999666214,0,113.740600585938,-86.1874,24.1517,55.8342727481583,63,63,63,63,61,63,0,8520,1.66016505209534,24,-86,0.001869,51,2024-11-21 15:08:33.001621,406,1.037,0.0011,"aoml_navis",1028.8255943249
"7901009",53,0,1,0.028035,1,0.005607,1,117.952668252339,1,4.85985134908807,408,1,11.0179996490479,35.3030014038086,0.0280349999666214,0,113.742301940918,-86.1874,24.1517,55.8342727481583,63,63,63,63,61,63,0,8520,1.66016505209534,24,-86,0.001869,51,2024-11-21 15:08:33.001621,408,1.037,0.0011,"aoml_navis",1028.83805302774
"7901009",53,0,1,0.028035,1,0.005607,1,117.835272820752,1,4.85980485653343,410,1,11.0050001144409,35.3009986877441,0.0280349999666214,0,113.629096984863,-86.1874,24.1517,55.8342727481583,63,63,63,63,61,63,0,8520,1.66016505209534,24,-86,0.001869,51,2024-11-21 15:08:33.001621,410,1.037,0.0011,"aoml_navis",1028.84789566768
"7901009",53,0,1,0.026166,1,0.003738,1,117.67008214707,1,4.85976112541728,412,1,10.9910001754761,35.2980003356934,0.0261659994721413,0,113.469802856445,-86.1874,24.1517,55.8342727481583,63,63,63,63,61,63,0,8520,1.66016505209534,24,-86,0.001869,51,2024-11-21 15:08:33.001621,412,1.037,0.0011,"aoml_navis",1028.85715387311
"7901009",53,0,1,0.024297,1,0.001869,1,117.499804179782,1,4.85970945099117,414,1,10.96399974823,35.2939987182617,0.0242970008403063,0,113.305603027344,-86.1874,24.1517,55.8342727481583,63,63,63,63,61,63,0,8520,1.66016505209534,24,-86,0.001869,51,2024-11-21 15:08:33.001621,414,1.037,0.0011,"aoml_navis",1028.86809395163
"7901009",53,0,1,0.028035,1,0.005607,1,117.226237537514,1,4.85965163509642,416,1,10.9259996414185,35.2890014648438,0.0280349999666214,0,113.041801452637,-86.1874,24.1517,55.8342727481583,63,63,63,63,61,63,0,8520,1.66016505209534,24,-86,0.001869,51,2024-11-21 15:08:33.001621,416,1.037,0.0011,"aoml_navis",1028.88033452645
"7901009",53,0,1,0.024297,1,0.001869,1,116.946657919911,1,4.85959666735484,418,1,10.8870000839233,35.2830009460449,0.0242970008403063,0,112.772201538086,-86.1874,24.1517,55.8342727481583,63,63,63,63,61,63,0,8520,1.66016505209534,24,-86,0.001869,51,2024-11-21 15:08:33.001621,418,1.037,0.0011,"aoml_navis",1028.89197237053
"7901009",53,0,1,0.028035,1,0.005607,1,116.947488659925,1,4.85951458058409,420,1,10.8050003051758,35.273998260498,0.0280349999666214,0,112.773002624512,-86.1874,24.1517,55.8342727481583,63,63,63,63,61,63,0,8520,1.66016505209534,24,-86,0.001869,51,2024-11-21 15:08:33.001621,420,1.037,0.0011,"aoml_navis",1028.90935238207
"7901009",53,0,1,0.028035,1,0.005607,1,116.956199562349,1,4.85945967379798,422,1,10.7700004577637,35.2690010070801,0.0280349999666214,0,112.781402587891,-86.1874,24.1517,55.8342727481583,63,63,63,63,61,63,0,8520,1.66016505209534,24,-86,0.001869,51,2024-11-21 15:08:33.001621,422,1.037,0.0011,"aoml_navis",1028.92097797618
"7901009",53,0,1,0.022428,1,0,1,116.87955786227,1,4.85941418077278,424,1,10.7580003738403,35.2669982910156,0.0224280003458261,0,112.707496643066,-86.1874,24.1517,55.8342727481583,63,63,63,63,61,63,0,8520,1.66016505209534,24,-86,0.001869,51,2024-11-21 15:08:33.001621,424,1.037,0.0011,"aoml_navis",1028.93061056279
"7901009",53,0,1,0.028035,1,0.005607,1,116.814855082952,1,4.85936880557999,426,1,10.7419996261597,35.2639999389648,0.0280349999666214,0,112.64510345459,-86.1874,24.1517,55.8342727481583,63,63,63,63,61,63,0,8520,1.66016505209534,24,-86,0.001869,51,2024-11-21 15:08:33.001621,426,1.037,0.0011,"aoml_navis",1028.9402183795
"7901009",53,0,1,0.028035,1,0.005607,1,116.739772009373,1,4.8593165151527,428,1,10.71399974823,35.2599983215332,0.0280349999666214,0,112.572700500488,-86.1874,24.1517,55.8342727481583,63,63,63,63,61,63,0,8520,1.66016505209534,24,-86,0.001869,51,2024-11-21 15:08:33.001621,428,1.037,0.0011,"aoml_navis",1028.95129066168
"7901009",53,0,1,0.026166,1,0.003738,1,116.530188171744,1,4.85926587041911,430,1,10.6920003890991,35.2569999694824,0.0261659994721413,0,112.370597839355,-86.1874,24.1517,55.8342727481583,63,63,63,63,61,63,0,8520,1.66016505209534,24,-86,0.001869,51,2024-11-21 15:08:33.001621,430,1.037,0.0011,"aoml_navis",1028.96201470218
"7901009",53,0,1,0.026166,1,0.003738,1,116.257246562438,1,4.85921994510977,432,1,10.6669998168945,35.2519989013672,0.0261659994721413,0,112.107398986816,-86.1874,24.1517,55.8342727481583,63,63,63,63,61,63,0,8520,1.66016505209534,24,-86,0.001869,51,2024-11-21 15:08:33.001621,432,1.037,0.0011,"aoml_navis",1028.97173959617
"7901009",53,0,1,0.029904,1,0.007476,1,116.09308442401,1,4.85915264867771,434,1,10.6009998321533,35.2430000305176,0.0299040004611015,0,111.949096679688,-86.1874,24.1517,55.8342727481583,63,63,63,63,61,63,0,8520,1.66016505209534,24,-86,0.001869,51,2024-11-21 15:08:33.001621,434,1.037,0.0011,"aoml_navis",1028.98599025503
"7901009",53,0,1,0.026166,1,0.003738,1,115.987620001375,1,4.85907416413804,436,1,10.5220003128052,35.234001159668,0.0261659994721413,0,111.847396850586,-86.1874,24.1517,55.8342727481583,63,63,63,63,61,63,0,8520,1.66016505209534,24,-86,0.001869,51,2024-11-21 15:08:33.001621,436,1.037,0.0011,"aoml_navis",1029.00261060061
"7901009",53,0,1,0.024297,1,0.001869,1,115.895328741808,1,4.85900187695583,438,1,10.4540004730225,35.226001739502,0.0242970008403063,0,111.758399963379,-86.1874,24.1517,55.8342727481583,63,63,63,63,61,63,0,8520,1.66016505209534,24,-86,0.001869,51,2024-11-21 15:08:33.001621,438,1.037,0.0011,"aoml_navis",1029.01791903248
"7901009",53,0,1,0.026166,1,0.003738,1,115.665941644625,1,4.8589469912588,440,1,10.4099998474121,35.2190017700195,0.0261659994721413,0,111.537200927734,-86.1874,24.1517,55.8342727481583,63,63,63,63,61,63,0,8520,1.66016505209534,24,-86,0.001869,51,2024-11-21 15:08:33.001621,440,1.037,0.0011,"aoml_navis",1029.02954261385
"7901009",53,0,1,0.035511,1,0.013083,1,115.305163124585,1,4.8588911244482,442,1,10.3690004348755,35.2130012512207,0.0355109982192516,0,111.189300537109,-86.1874,24.1517,55.8342727481583,63,63,63,63,61,63,0,8520,1.66016505209534,24,-86,0.001869,51,2024-11-21 15:08:33.001621,442,1.037,0.0011,"aoml_navis",1029.04137424315
"7901009",53,0,1,0.024297,1,0.001869,1,114.76498432073,1,4.85883685743803,444,1,10.3339996337891,35.2080001831055,0.0242970008403063,0,110.668403625488,-86.1874,24.1517,55.8342727481583,63,63,63,63,61,63,0,8520,1.66016505209534,24,-86,0.001869,51,2024-11-21 15:08:33.001621,444,1.037,0.0011,"aoml_navis",1029.05286732274
"7901009",53,0,1,0.029904,1,0.007476,1,114.444128792184,1,4.85875737454908,446,1,10.2399997711182,35.1959991455078,0.0299040004611015,0,110.359001159668,-86.1874,24.1517,55.8342727481583,63,63,63,63,61,63,0,8520,1.66016505209534,24,-86,0.001869,51,2024-11-21 15:08:33.001621,446,1.037,0.0011,"aoml_navis",1029.06970127604
"7901009",53,0,1,0.028035,1,0.005607,1,114.419863271987,1,4.85867608793661,448,1,10.1520004272461,35.1860008239746,0.0280349999666214,0,110.335601806641,-86.1874,24.1517,55.8342727481583,63,63,63,63,61,63,0,8520,1.66016505209534,24,-86,0.001869,51,2024-11-21 15:08:33.001621,448,1.037,0.0011,"aoml_navis",1029.0869178158
"7901009",53,0,1,0.028035,1,0.005607,1,114.411358076613,1,4.85862300029217,450,1,10.1180000305176,35.1809997558594,0.0280349999666214,0,110.32740020752,-86.1874,24.1517,55.8342727481583,63,63,63,63,61,63,0,8520,1.66016505209534,24,-86,0.001869,51,2024-11-21 15:08:33.001621,450,1.037,0.0011,"aoml_navis",1029.09816211287
"7901009",53,0,1,0.031773,1,0.009345,1,114.341979417792,1,4.85858094967013,452,1,10.1140003204346,35.1800003051758,0.0317730009555817,0,110.260498046875,-86.1874,24.1517,55.8342727481583,63,63,63,63,61,63,0,8520,1.66016505209534,24,-86,0.001869,51,2024-11-21 15:08:33.001621,452,1.037,0.0011,"aoml_navis",1029.10706887357
"7901009",53,0,1,0.029904,1,0.007476,1,114.286810369103,1,4.85853169562356,454,1,10.0930004119873,35.1769981384277,0.0299040004611015,0,110.207298278809,-86.1874,24.1517,55.8342727481583,63,63,63,63,61,63,0,8520,1.66016505209534,24,-86,0.001869,51,2024-11-21 15:08:33.001621,454,1.037,0.0011,"aoml_navis",1029.11750159084
"7901009",53,0,1,0.028035,1,0.005607,1,114.193894076573,1,4.85847294476643,456,1,10.0480003356934,35.1710014343262,0.0280349999666214,0,110.117698669434,-86.1874,24.1517,55.8342727481583,63,63,63,63,61,63,0,8520,1.66016505209534,24,-86,0.001869,51,2024-11-21 15:08:33.001621,456,1.037,0.0011,"aoml_navis",1029.12994614615
"7901009",53,0,1,0.026166,1,0.003738,1,114.074742223244,1,4.85840806652572,458,1,10,35.1660003662109,0.0261659994721413,0,110.002799987793,-86.1874,24.1517,55.8342727481583,63,63,63,63,61,63,0,8520,1.66016505209534,24,-86,0.001869,51,2024-11-21 15:08:33.001621,458,1.037,0.0011,"aoml_navis",1029.14368894821
"7901009",53,0,1,0.031773,1,0.009345,1,113.81372371108,1,4.85834468137754,460,1,9.94499969482422,35.1590003967285,0.0317730009555817,0,109.751098632812,-86.1874,24.1517,55.8342727481583,63,63,63,63,61,63,0,8520,1.66016505209534,24,-86,0.001869,51,2024-11-21 15:08:33.001621,460,1.037,0.0011,"aoml_navis",1029.15711583113
"7901009",53,0,1,0.029904,1,0.007476,1,113.611608621761,1,4.85828933807024,462,1,9.90799999237061,35.1539993286133,0.0299040004611015,0,109.556198120117,-86.1874,24.1517,55.8342727481583,63,63,63,63,61,63,0,8520,1.66016505209534,24,-86,0.001869,51,2024-11-21 15:08:33.001621,462,1.037,0.0011,"aoml_navis",1029.16883949651
"7901009",53,0,1,0.031773,1,0.009345,1,113.436456979729,1,4.85821771980552,464,1,9.8430004119873,35.1469993591309,0.0317730009555817,0,109.387298583984,-86.1874,24.1517,55.8342727481583,63,63,63,63,61,63,0,8520,1.66016505209534,24,-86,0.001869,51,2024-11-21 15:08:33.001621,464,1.037,0.0011,"aoml_navis",1029.18401116864
"7901009",53,0,1,0.029904,1,0.007476,1,113.433553345588,1,4.85815777649511,466,1,9.79599952697754,35.140998840332,0.0299040004611015,0,109.384498596191,-86.1874,24.1517,55.8342727481583,63,63,63,63,61,63,0,8520,1.66016505209534,24,-86,0.001869,51,2024-11-21 15:08:33.001621,466,1.037,0.0011,"aoml_navis",1029.19670995272
"7901009",53,0,1,0.022428,1,0,1,113.39777614235,1,4.85811352056608,468,1,9.78499984741211,35.1389999389648,0.0224280003458261,0,109.349998474121,-86.1874,24.1517,55.8342727481583,63,63,63,63,61,63,0,8520,1.66016505209534,24,-86,0.001869,51,2024-11-21 15:08:33.001621,468,1.037,0.0011,"aoml_navis",1029.20608562012
"7901009",53,0,1,0.029904,1,0.007476,1,113.252697288798,1,4.85806715237092,470.100006103516,1,9.77400016784668,35.1370010375977,0.0299040004611015,0,109.210098266602,-86.1874,24.1517,55.8342727481583,63,63,63,63,61,63,0,8520,1.66016505209534,24,-86,0.001869,51,2024-11-21 15:08:33.001621,470.100006103516,1.037,0.0011,"aoml_navis",1029.21590895667
"7901009",53,0,1,0.022428,1,0,1,113.138110549637,1,4.85802817288097,472,1,9.75800037384033,35.132999420166,0.0224280003458261,0,109.099601745605,-86.1874,24.1517,55.8342727481583,63,63,63,63,61,63,0,8520,1.66016505209534,24,-86,0.001869,51,2024-11-21 15:08:33.001621,472,1.037,0.0011,"aoml_navis",1029.22416710376
"7901009",53,0,1,0.028035,1,0.005607,1,113.202093354276,1,4.85795676244186,474,1,9.68400001525879,35.1240005493164,0.0280349999666214,0,109.16130065918,-86.1874,24.1517,55.8342727481583,63,63,63,63,61,63,0,8520,1.66016505209534,24,-86,0.001869,51,2024-11-21 15:08:33.001621,474,1.037,0.0011,"aoml_navis",1029.23929637586
"7901009",53,0,1,0.028035,1,0.005607,1,113.432936224435,1,4.85786862509682,476,1,9.57199954986572,35.1110000610352,0.0280349999666214,0,109.383903503418,-86.1874,24.1517,55.8342727481583,63,63,63,63,61,63,0,8520,1.66016505209534,24,-86,0.001869,51,2024-11-21 15:08:33.001621,476,1.037,0.0011,"aoml_navis",1029.25797008361
"7901009",53,0,1,0.029904,1,0.007476,1,113.512473646846,1,4.85781207086174,478,1,9.52400016784668,35.1040000915527,0.0299040004611015,0,109.460601806641,-86.1874,24.1517,55.8342727481583,63,63,63,63,61,63,0,8520,1.66016505209534,24,-86,0.001869,51,2024-11-21 15:08:33.001621,478,1.037,0.0011,"aoml_navis",1029.26995261738
"7901009",53,0,1,0.028035,1,0.005607,1,113.587240248039,1,4.85776459591117,480,1,9.50899982452393,35.1020011901855,0.0280349999666214,0,109.532699584961,-86.1874,24.1517,55.8342727481583,63,63,63,63,61,63,0,8520,1.66016505209534,24,-86,0.001869,51,2024-11-21 15:08:33.001621,480,1.037,0.0011,"aoml_navis",1029.28001167627
"7901009",53,0,1,0.028035,1,0.005607,1,113.556756045458,1,4.85771170780907,482.100006103516,1,9.52099990844727,35.1069984436035,0.0280349999666214,0,109.503303527832,-86.1874,24.1517,55.8342727481583,63,63,63,63,61,63,0,8520,1.66016505209534,24,-86,0.001869,51,2024-11-21 15:08:33.001621,482.100006103516,1.037,0.0011,"aoml_navis",1029.29121791279
"7901009",53,0,1,0.028035,1,0.005607,1,113.486546646623,1,4.85766279185608,484,1,9.51500034332275,35.1080017089844,0.0280349999666214,0,109.435600280762,-86.1874,24.1517,55.8342727481583,63,63,63,63,61,63,0,8520,1.66016505209534,24,-86,0.001869,51,2024-11-21 15:08:33.001621,484,1.037,0.0011,"aoml_navis",1029.30158272463
"7901009",53,0,1,0.028035,1,0.005607,1,113.346547174866,1,4.85761948676487,486,1,9.50500011444092,35.1059989929199,0.0280349999666214,0,109.300598144531,-86.1874,24.1517,55.8342727481583,63,63,63,63,61,63,0,8520,1.66016505209534,24,-86,0.001869,51,2024-11-21 15:08:33.001621,486,1.037,0.0011,"aoml_navis",1029.31075882396
"7901009",53,0,1,0.03738,1,0.014952,1,113.325082435286,1,4.85756645589635,488,1,9.47000026702881,35.101001739502,0.0373799987137318,0,109.279899597168,-86.1874,24.1517,55.8342727481583,63,63,63,63,61,63,0,8520,1.66016505209534,24,-86,0.001869,51,2024-11-21 15:08:33.001621,488,1.037,0.0011,"aoml_navis",1029.32199598232
"7901009",53,0,1,0.028035,1,0.005607,1,113.366666906806,1,4.85752150931857,490,1,9.45800018310547,35.0989990234375,0.0280349999666214,0,109.319999694824,-86.1874,24.1517,55.8342727481583,63,63,63,63,61,63,0,8520,1.66016505209534,24,-86,0.001869,51,2024-11-21 15:08:33.001621,490,1.037,0.0011,"aoml_navis",1029.33152028418
"7901009",53,0,1,0.031773,1,0.009345,1,113.377039289257,1,4.85748069493479,492,1,9.45100021362305,35.0970001220703,0.0317730009555817,0,109.330001831055,-86.1874,24.1517,55.8342727481583,63,63,63,63,61,63,0,8520,1.66016505209534,24,-86,0.001869,51,2024-11-21 15:08:33.001621,492,1.037,0.0011,"aoml_navis",1029.34016911561
"7901009",53,0,1,0.029904,1,0.007476,1,113.490075313727,1,4.85743610575317,494,1,9.4350004196167,35.0940017700195,0.0299040004611015,0,109.439002990723,-86.1874,24.1517,55.8342727481583,63,63,63,63,61,63,0,8520,1.66016505209534,24,-86,0.001869,51,2024-11-21 15:08:33.001621,494,1.037,0.0011,"aoml_navis",1029.3496180172
"7901009",53,0,1,0.026166,1,0.003738,1,113.881757362261,1,4.85738685593509,496,1,9.39999961853027,35.0880012512207,0.0261659994721413,0,109.816703796387,-86.1874,24.1517,55.8342727481583,63,63,63,63,61,63,0,8520,1.66016505209534,24,-86,0.001869,51,2024-11-21 15:08:33.001621,496,1.037,0.0011,"aoml_navis",1029.36005475674
"7901009",53,0,1,0.028035,1,0.005607,1,114.331717800676,1,4.85732227765364,498,1,9.32400035858154,35.0769996643066,0.0280349999666214,0,110.250602722168,-86.1874,24.1517,55.8342727481583,63,63,63,63,61,63,0,8520,1.66016505209534,24,-86,0.001869,51,2024-11-21 15:08:33.001621,498,1.037,0.0011,"aoml_navis",1029.37374013719
"7901009",53,0,1,0.029904,1,0.007476,1,114.39154690525,1,4.85726659404001,500,1,9.27200031280518,35.0690002441406,0.0299040004611015,0,110.308296203613,-86.1874,24.1517,55.8342727481583,63,63,63,63,61,63,0,8520,1.66016505209534,24,-86,0.001869,51,2024-11-21 15:08:33.001621,500,1.037,0.0011,"aoml_navis",1029.38554085854
"7901009",53,0,1,0.028035,1,0.005607,1,114.400985694162,1,4.85720082025985,502,1,9.2209997177124,35.0639991760254,0.0280349999666214,0,110.317398071289,-86.1874,24.1517,55.8342727481583,63,63,63,63,61,63,0,8520,1.66016505209534,24,-86,0.001869,51,2024-11-21 15:08:33.001621,502,1.037,0.0011,"aoml_navis",1029.39948028184
"7901009",53,0,1,0.029904,1,0.007476,1,114.317302483494,1,4.8571396505347,504,1,9.17099952697754,35.0579986572266,0.0299040004611015,0,110.236701965332,-86.1874,24.1517,55.8342727481583,63,63,63,63,61,63,0,8520,1.66016505209534,24,-86,0.001869,51,2024-11-21 15:08:33.001621,504,1.037,0.0011,"aoml_navis",1029.41244430754
"7901009",53,0,1,0.031773,1,0.009345,1,114.296557718592,1,4.85707610471074,506,1,9.1269998550415,35.0540008544922,0.0317730009555817,0,110.216697692871,-86.1874,24.1517,55.8342727481583,63,63,63,63,61,63,0,8520,1.66016505209534,24,-86,0.001869,51,2024-11-21 15:08:33.001621,506,1.037,0.0011,"aoml_navis",1029.42591225833
"7901009",53,0,1,0.026166,1,0.003738,1,114.170870710491,1,4.85702154664596,508,1,9.10299968719482,35.0519981384277,0.0261659994721413,0,110.095497131348,-86.1874,24.1517,55.8342727481583,63,63,63,63,61,63,0,8520,1.66016505209534,24,-86,0.001869,51,2024-11-21 15:08:33.001621,508,1.037,0.0011,"aoml_navis",1029.4374756177
"7901009",53,0,1,0.031773,1,0.009345,1,114.121303223034,1,4.8569722529698,510,1,9.09000015258789,35.0509986877441,0.0317730009555817,0,110.047698974609,-86.1874,24.1517,55.8342727481583,63,63,63,63,61,63,0,8520,1.66016505209534,24,-86,0.001869,51,2024-11-21 15:08:33.001621,510,1.037,0.0011,"aoml_navis",1029.44792343476
"7901009",53,0,1,0.028035,1,0.005607,1,114.064061280216,1,4.8569282218658,512,1,9.08800029754639,35.0509986877441,0.0280349999666214,0,109.992500305176,-86.1874,24.1517,55.8342727481583,63,63,63,63,61,63,0,8520,1.66016505209534,24,-86,0.001869,51,2024-11-21 15:08:33.001621,512,1.037,0.0011,"aoml_navis",1029.45725602658
"7901009",53,0,1,0.031773,1,0.009345,1,114.168069929875,1,4.85687649891768,514,1,9.07199954986572,35.0499992370605,0.0317730009555817,0,110.092796325684,-86.1874,24.1517,55.8342727481583,63,63,63,63,61,63,0,8520,1.66016505209534,24,-86,0.001869,51,2024-11-21 15:08:33.001621,514,1.037,0.0011,"aoml_navis",1029.46821915571
"7901009",53,0,1,0.028035,1,0.005607,1,114.426184807897,1,4.85681393204182,516,1,9.0290002822876,35.0460014343262,0.0280349999666214,0,110.341697692871,-86.1874,24.1517,55.8342727481583,63,63,63,63,61,63,0,8520,1.66016505209534,24,-86,0.001869,51,2024-11-21 15:08:33.001621,516,1.037,0.0011,"aoml_navis",1029.4814810618
"7901009",53,0,1,0.026166,1,0.003738,1,114.599580028187,1,4.85675946258047,518,1,9.00500011444092,35.0439987182617,0.0261659994721413,0,110.508903503418,-86.1874,24.1517,55.8342727481583,63,63,63,63,61,63,0,8520,1.66016505209534,24,-86,0.001869,51,2024-11-21 15:08:33.001621,518,1.037,0.0011,"aoml_navis",1029.49302688823
"7901009",53,0,1,0.031773,1,0.009345,1,114.754611938279,1,4.85671235443194,520,1,8.98099994659424,35.0400009155273,0.0317730009555817,0,110.658401489258,-86.1874,24.1517,55.8342727481583,63,63,63,63,61,63,0,8520,1.66016505209534,24,-86,0.001869,51,2024-11-21 15:08:33.001621,520,1.037,0.0011,"aoml_navis",1029.50301255484
"7901009",53,0,1,0.033642,1,0.011214,1,115.112067498267,1,4.85664098887824,522,1,8.9040002822876,35.0309982299805,0.0336420014500618,0,111.00309753418,-86.1874,24.1517,55.8342727481583,63,63,63,63,61,63,0,8520,1.66016505209534,24,-86,0.001869,51,2024-11-21 15:08:33.001621,522,1.037,0.0011,"aoml_navis",1029.51814051112
"7901009",53,0,1,0.028035,1,0.005607,1,115.466833042973,1,4.8565655661466,524,1,8.79399967193604,35.015998840332,0.0280349999666214,0,111.345199584961,-86.1874,24.1517,55.8342727481583,63,63,63,63,61,63,0,8520,1.66016505209534,24,-86,0.001869,51,2024-11-21 15:08:33.001621,524,1.037,0.0011,"aoml_navis",1029.53412898474
"7901009",53,0,1,0.031773,1,0.009345,1,115.437488140981,1,4.8565256840714,526,1,8.78800010681152,35.0139999389648,0.0317730009555817,0,111.316902160645,-86.1874,24.1517,55.8342727481583,63,63,63,63,61,63,0,8520,1.66016505209534,24,-86,0.001869,51,2024-11-21 15:08:33.001621,526,1.037,0.0011,"aoml_navis",1029.54258357969
"7901009",53,0,1,0.026166,1,0.003738,1,115.418404856105,1,4.85648084379829,528,1,8.78499984741211,35.0139999389648,0.0261659994721413,0,111.298500061035,-86.1874,24.1517,55.8342727481583,63,63,63,63,61,63,0,8520,1.66016505209534,24,-86,0.001869,51,2024-11-21 15:08:33.001621,528,1.037,0.0011,"aoml_navis",1029.55208942809
"7901009",53,0,1,0.029904,1,0.007476,1,115.442464669251,1,4.85643968332181,530,1,8.7819995880127,35.0130004882812,0.0299040004611015,0,111.321701049805,-86.1874,24.1517,55.8342727481583,63,63,63,63,61,63,0,8520,1.66016505209534,24,-86,0.001869,51,2024-11-21 15:08:33.001621,530,1.037,0.0011,"aoml_navis",1029.56081533787
"7901009",53,0,1,0.028035,1,0.005607,1,115.4861220349,1,4.85639581280112,532,1,8.77099990844727,35.0110015869141,0.0280349999666214,0,111.363800048828,-86.1874,24.1517,55.8342727481583,63,63,63,63,61,63,0,8520,1.66016505209534,24,-86,0.001869,51,2024-11-21 15:08:33.001621,532,1.037,0.0011,"aoml_navis",1029.57011593255
"7901009",53,0,1,0.026166,1,0.003738,1,115.57292249857,1,4.85634655201621,534,1,8.74400043487549,35.0069999694824,0.0261659994721413,0,111.44750213623,-86.1874,24.1517,55.8342727481583,63,63,63,63,61,63,0,8520,1.66016505209534,24,-86,0.001869,51,2024-11-21 15:08:33.001621,534,1.037,0.0011,"aoml_navis",1029.58055946896
"7901009",53,0,1,0.031773,1,0.009345,1,115.869607448636,1,4.85626723161399,536,1,8.6560001373291,34.9980010986328,0.0317730009555817,0,111.733596801758,-86.1874,24.1517,55.8342727481583,63,63,63,63,61,63,0,8520,1.66016505209534,24,-86,0.001869,51,2024-11-21 15:08:33.001621,536,1.037,0.0011,"aoml_navis",1029.59737624205
"7901009",53,0,1,0.029904,1,0.007476,1,115.912228367221,1,4.85622262955754,538,1,8.64400005340576,34.9959983825684,0.0299040004611015,0,111.774696350098,-86.1874,24.1517,55.8342727481583,63,63,63,63,61,63,0,8520,1.66016505209534,24,-86,0.001869,51,2024-11-21 15:08:33.001621,538,1.037,0.0011,"aoml_navis",1029.60683259605
"7901009",53,0,1,0.029904,1,0.007476,1,116.04403911599,1,4.85617938083174,540,1,8.64299964904785,34.9959983825684,0.0299040004611015,0,111.901802062988,-86.1874,24.1517,55.8342727481583,63,63,63,63,61,63,0,8520,1.66016505209534,24,-86,0.001869,51,2024-11-21 15:08:33.001621,540,1.037,0.0011,"aoml_navis",1029.61600218805
"7901009",53,0,1,0.031773,1,0.009345,1,116.266163171914,1,4.85613454908524,542,1,8.64000034332275,34.9959983825684,0.0317730009555817,0,112.115997314453,-86.1874,24.1517,55.8342727481583,63,63,63,63,61,63,0,8520,1.66016505209534,24,-86,0.001869,51,2024-11-21 15:08:33.001621,542,1.037,0.0011,"aoml_navis",1029.62550758439
"7901009",53,0,1,0.028035,1,0.005607,1,116.447122082229,1,4.85607069929374,544,1,8.61299991607666,34.9959983825684,0.0280349999666214,0,112.290496826172,-86.1874,24.1517,55.8342727481583,63,63,63,63,61,63,0,8520,1.66016505209534,24,-86,0.001869,51,2024-11-21 15:08:33.001621,544,1.037,0.0011,"aoml_navis",1029.63904556151
"7901009",53,0,1,0.026166,1,0.003738,1,116.479584237223,1,4.85601502616831,546,1,8.58699989318848,34.9939994812012,0.0261659994721413,0,112.321800231934,-86.1874,24.1517,55.8342727481583,63,63,63,63,61,63,0,8520,1.66016505209534,24,-86,0.001869,51,2024-11-21 15:08:33.001621,546,1.037,0.0011,"aoml_navis",1029.65085014271
"7901009",53,0,1,0.029904,1,0.007476,1,116.581417139228,1,4.85596200026166,548,1,8.55500030517578,34.9900016784668,0.0299040004611015,0,112.419998168945,-86.1874,24.1517,55.8342727481583,63,63,63,63,61,63,0,8520,1.66016505209534,24,-86,0.001869,51,2024-11-21 15:08:33.001621,548,1.037,0.0011,"aoml_navis",1029.66209367589
"7901009",53,0,1,0.029904,1,0.007476,1,116.994666780868,1,4.85589959618958,550,1,8.49699974060059,34.9830017089844,0.0299040004611015,0,112.818496704102,-86.1874,24.1517,55.8342727481583,63,63,63,63,61,63,0,8520,1.66016505209534,24,-86,0.001869,51,2024-11-21 15:08:33.001621,550,1.037,0.0011,"aoml_navis",1029.67532605565
"7901009",53,0,1,0.029904,1,0.007476,1,117.570005666807,1,4.85583868476297,552,1,8.43599987030029,34.9749984741211,0.0299040004611015,0,113.37329864502,-86.1874,24.1517,55.8342727481583,63,63,63,63,61,63,0,8520,1.66016505209534,24,-86,0.001869,51,2024-11-21 15:08:33.001621,552,1.037,0.0011,"aoml_navis",1029.68824225759
"7901009",53,0,1,0.028035,1,0.005607,1,118.162244178158,1,4.85575651645031,554,1,8.30500030517578,34.9580001831055,0.0280349999666214,0,113.944396972656,-86.1874,24.1517,55.8342727481583,63,63,63,63,61,63,0,8520,1.66016505209534,24,-86,0.001869,51,2024-11-21 15:08:33.001621,554,1.037,0.0011,"aoml_navis",1029.70566647257
"7901009",53,0,1,0.026166,1,0.003738,1,118.554756966705,1,4.85568938337928,556,1,8.2209997177124,34.9469985961914,0.0261659994721413,0,114.322898864746,-86.1874,24.1517,55.8342727481583,63,63,63,63,61,63,0,8520,1.66016505209534,24,-86,0.001869,51,2024-11-21 15:08:33.001621,556,1.037,0.0011,"aoml_navis",1029.71990282465
"7901009",53,0,1,0.028035,1,0.005607,1,118.849582641503,1,4.85562752127663,558,1,8.15299987792969,34.9379997253418,0.0280349999666214,0,114.607200622559,-86.1874,24.1517,55.8342727481583,63,63,63,63,61,63,0,8520,1.66016505209534,24,-86,0.001869,51,2024-11-21 15:08:33.001621,558,1.037,0.0011,"aoml_navis",1029.73302175481
"7901009",53,0,1,0.031773,1,0.009345,1,119.05740214558,1,4.85556756768186,560,1,8.11600017547607,34.935001373291,0.0317730009555817,0,114.807601928711,-86.1874,24.1517,55.8342727481583,63,63,63,63,61,63,0,8520,1.66016505209534,24,-86,0.001869,51,2024-11-21 15:08:33.001621,560,1.037,0.0011,"aoml_navis",1029.74573627179
"7901009",53,0,1,0.029904,1,0.007476,1,119.235457421754,1,4.8555086055965,562,1,8.08500003814697,34.9329986572266,0.0299040004611015,0,114.979301452637,-86.1874,24.1517,55.8342727481583,63,63,63,63,61,63,0,8520,1.66016505209534,24,-86,0.001869,51,2024-11-21 15:08:33.001621,562,1.037,0.0011,"aoml_navis",1029.758240823
"7901009",53,0,1,0.026166,1,0.003738,1,119.390908657757,1,4.85545963100629,564,1,8.06700038909912,34.9309997558594,0.0261659994721413,0,115.129203796387,-86.1874,24.1517,55.8342727481583,63,63,63,63,61,63,0,8520,1.66016505209534,24,-86,0.001869,51,2024-11-21 15:08:33.001621,564,1.037,0.0011,"aoml_navis",1029.76862747879
"7901009",53,0,1,0.028035,1,0.005607,1,119.606711177771,1,4.8554028674204,566,1,8.03400039672852,34.9280014038086,0.0280349999666214,0,115.337303161621,-86.1874,24.1517,55.8342727481583,63,63,63,63,61,63,0,8520,1.66016505209534,24,-86,0.001869,51,2024-11-21 15:08:33.001621,566,1.037,0.0011,"aoml_navis",1029.78066630677
"7901009",53,0,1,0.031773,1,0.009345,1,119.81131057532,1,4.85535456656509,568,1,8.01200008392334,34.9249992370605,0.0317730009555817,0,115.534599304199,-86.1874,24.1517,55.8342727481583,63,63,63,63,61,63,0,8520,1.66016505209534,24,-86,0.001869,51,2024-11-21 15:08:33.001621,568,1.037,0.0011,"aoml_navis",1029.7909105199
"7901009",53,0,1,0.033642,1,0.011214,1,120.069116892766,1,4.85529482551325,570,1,7.97499990463257,34.9220008850098,0.0336420014500618,0,115.783203125,-86.1874,24.1517,55.8342727481583,63,63,63,63,61,63,0,8520,1.66016505209534,24,-86,0.001869,51,2024-11-21 15:08:33.001621,570,1.037,0.0011,"aoml_navis",1029.80358138632
"7901009",53,0,1,0.033642,1,0.011214,1,120.425844566266,1,4.85520627407836,572,1,7.90000009536743,34.9189987182617,0.0336420014500618,0,116.127197265625,-86.1874,24.1517,55.8342727481583,63,63,63,63,61,63,0,8520,1.66016505209534,24,-86,0.001869,51,2024-11-21 15:08:33.001621,572,1.037,0.0011,"aoml_navis",1029.82236340703
"7901009",53,0,1,0.029904,1,0.007476,1,120.559933916214,1,4.85514641567813,574.099975585938,1,7.88000011444092,34.9189987182617,0.0299040004611015,0,116.256500244141,-86.1874,24.1517,55.8342727481583,63,63,63,63,61,63,0,8520,1.66016505209534,24,-86,0.001869,51,2024-11-21 15:08:33.001621,574.099975585938,1.037,0.0011,"aoml_navis",1029.83505993848
"7901009",53,0,1,0.031773,1,0.009345,1,120.621115940237,1,4.85510295340287,576,1,7.87599992752075,34.9189987182617,0.0317730009555817,0,116.315498352051,-86.1874,24.1517,55.8342727481583,63,63,63,63,61,63,0,8520,1.66016505209534,24,-86,0.001869,51,2024-11-21 15:08:33.001621,576,1.037,0.0011,"aoml_navis",1029.84427889332
"7901009",53,0,1,0.031773,1,0.009345,1,120.667890558888,1,4.85505281705867,578,1,7.86600017547607,34.9189987182617,0.0317730009555817,0,116.36060333252,-86.1874,24.1517,55.8342727481583,63,63,63,63,61,63,0,8520,1.66016505209534,24,-86,0.001869,51,2024-11-21 15:08:33.001621,578,1.037,0.0011,"aoml_navis",1029.85491371629
"7901009",53,0,1,0.028035,1,0.005607,1,120.717252339295,1,4.85500723126481,580,1,7.86199998855591,34.9189987182617,0.0280349999666214,0,116.408203125,-86.1874,24.1517,55.8342727481583,63,63,63,63,61,63,0,8520,1.66016505209534,24,-86,0.001869,51,2024-11-21 15:08:33.001621,580,1.037,0.0011,"aoml_navis",1029.8645834761
"7901009",53,0,1,0.028035,1,0.005607,1,120.781852265087,1,4.85496240564583,582,1,7.85900020599365,34.9189987182617,0.0280349999666214,0,116.470497131348,-86.1874,24.1517,55.8342727481583,63,63,63,63,61,63,0,8520,1.66016505209534,24,-86,0.001869,51,2024-11-21 15:08:33.001621,582,1.037,0.0011,"aoml_navis",1029.874092163
"7901009",53,0,1,0.029904,1,0.007476,1,120.919984549767,1,4.85491454990222,584,1,7.85200023651123,34.9189987182617,0.0299040004611015,0,116.603698730469,-86.1874,24.1517,55.8342727481583,63,63,63,63,61,63,0,8520,1.66016505209534,24,-86,0.001869,51,2024-11-21 15:08:33.001621,584,1.037,0.0011,"aoml_navis",1029.88424381243
"7901009",53,0,1,0.029904,1,0.007476,1,121.083940981144,1,4.85485836458284,586,1,7.83400011062622,34.9189987182617,0.0299040004611015,0,116.76180267334,-86.1874,24.1517,55.8342727481583,63,63,63,63,61,63,0,8520,1.66016505209534,24,-86,0.001869,51,2024-11-21 15:08:33.001621,586,1.037,0.0011,"aoml_navis",1029.89616267201
"7901009",53,0,1,0.029904,1,0.007476,1,121.172703573607,1,4.85480077704116,588,1,7.81899976730347,34.9199981689453,0.0299040004611015,0,116.847396850586,-86.1874,24.1517,55.8342727481583,63,63,63,63,61,63,0,8520,1.66016505209534,24,-86,0.001869,51,2024-11-21 15:08:33.001621,588,1.037,0.0011,"aoml_navis",1029.90837927799
"7901009",53,0,1,0.028035,1,0.005607,1,121.288746085744,1,4.85476039801876,590,1,7.81699991226196,34.9189987182617,0.0280349999666214,0,116.959297180176,-86.1874,24.1517,55.8342727481583,63,63,63,63,61,63,0,8520,1.66016505209534,24,-86,0.001869,51,2024-11-21 15:08:33.001621,590,1.037,0.0011,"aoml_navis",1029.91694544606
"7901009",53,0,1,0.028035,1,0.005607,1,121.506732265221,1,4.85470735781195,592,1,7.80800008773804,34.9199981689453,0.0280349999666214,0,117.169502258301,-86.1874,24.1517,55.8342727481583,63,63,63,63,61,63,0,8520,1.66016505209534,24,-86,0.001869,51,2024-11-21 15:08:33.001621,592,1.037,0.0011,"aoml_navis",1029.9281978252
"7901009",53,0,1,0.028035,1,0.005607,1,121.609190200189,1,4.85463701943767,594,1,7.7810001373291,34.9220008850098,0.0280349999666214,0,117.26830291748,-86.1874,24.1517,55.8342727481583,63,63,63,63,61,63,0,8520,1.66016505209534,24,-86,0.001869,51,2024-11-21 15:08:33.001621,594,1.037,0.0011,"aoml_navis",1029.94312035695
"7901009",53,0,1,0.026166,1,0.003738,1,121.670166517162,1,4.85459296018601,596,1,7.77899980545044,34.9220008850098,0.0261659994721413,0,117.327102661133,-86.1874,24.1517,55.8342727481583,63,63,63,63,61,63,0,8520,1.66016505209534,24,-86,0.001869,51,2024-11-21 15:08:33.001621,596,1.037,0.0011,"aoml_navis",1029.95246790133
"7901009",53,0,1,0.031773,1,0.009345,1,121.751776833701,1,4.85454588151576,598,1,7.77299976348877,34.9220008850098,0.0317730009555817,0,117.405799865723,-86.1874,24.1517,55.8342727481583,63,63,63,63,61,63,0,8520,1.66016505209534,24,-86,0.001869,51,2024-11-21 15:08:33.001621,598,1.037,0.0011,"aoml_navis",1029.96245622852
"7901009",53,0,1,0.029904,1,0.007476,1,121.792839125785,1,4.85449436659953,600,1,7.76599979400635,34.9230003356934,0.0299040004611015,0,117.44539642334,-86.1874,24.1517,55.8342727481583,63,63,63,63,61,63,0,8520,1.66016505209534,24,-86,0.001869,51,2024-11-21 15:08:33.001621,600,1.037,0.0011,"aoml_navis",1029.97338598261
"7901009",53,0,1,0.028035,1,0.005607,1,121.904530142614,1,4.85445475138963,602,1,7.7649998664856,34.9220008850098,0.0280349999666214,0,117.553100585938,-86.1874,24.1517,55.8342727481583,63,63,63,63,61,63,0,8520,1.66016505209534,24,-86,0.001869,51,2024-11-21 15:08:33.001621,602,1.037,0.0011,"aoml_navis",1029.98179117206
"7901009",53,0,1,0.028035,1,0.005607,1,122.070242995734,1,4.85438228942242,604,1,7.73999977111816,34.9249992370605,0.0280349999666214,0,117.712898254395,-86.1874,24.1517,55.8342727481583,63,63,63,63,61,63,0,8520,1.66016505209534,24,-86,0.001869,51,2024-11-21 15:08:33.001621,604,1.037,0.0011,"aoml_navis",1029.99716583815
"7901009",53,0,1,0.033642,1,0.011214,1,122.066825093965,1,4.85433446698399,606,1,7.73299980163574,34.9249992370605,0.0336420014500618,0,117.709602355957,-86.1874,24.1517,55.8342727481583,63,63,63,63,61,63,0,8520,1.66016505209534,24,-86,0.001869,51,2024-11-21 15:08:33.001621,606,1.037,0.0011,"aoml_navis",1030.00731284726
"7901009",53,0,1,0.029904,1,0.007476,1,122.05811419154,1,4.85428740120632,608,1,7.72700023651123,34.9249992370605,0.0299040004611015,0,117.701202392578,-86.1874,24.1517,55.8342727481583,63,63,63,63,61,63,0,8520,1.66016505209534,24,-86,0.001869,51,2024-11-21 15:08:33.001621,608,1.037,0.0011,"aoml_navis",1030.0172995026
"7901009",53,0,1,0.031773,1,0.009345,1,122.076778150505,1,4.85424259890786,610,1,7.72399997711182,34.9249992370605,0.0317730009555817,0,117.719200134277,-86.1874,24.1517,55.8342727481583,63,63,63,63,61,63,0,8520,1.66016505209534,24,-86,0.001869,51,2024-11-21 15:08:33.001621,610,1.037,0.0011,"aoml_navis",1030.02680606135
"7901009",53,0,1,0.028035,1,0.005607,1,122.081960385825,1,4.85419185374844,612,1,7.71799993515015,34.9259986877441,0.0280349999666214,0,117.724197387695,-86.1874,24.1517,55.8342727481583,63,63,63,63,61,63,0,8520,1.66016505209534,24,-86,0.001869,51,2024-11-21 15:08:33.001621,612,1.037,0.0011,"aoml_navis",1030.03757384228
"7901009",53,0,1,0.029904,1,0.007476,1,122.091296321212,1,4.85414931753668,614,1,7.71799993515015,34.9259986877441,0.0299040004611015,0,117.733200073242,-86.1874,24.1517,55.8342727481583,63,63,63,63,61,63,0,8520,1.66016505209534,24,-86,0.001869,51,2024-11-21 15:08:33.001621,614,1.037,0.0011,"aoml_navis",1030.04659991327
"7901009",53,0,1,0.028035,1,0.005607,1,122.092538475327,1,4.85410301287091,616,1,7.71299982070923,34.9259986877441,0.0280349999666214,0,117.734397888184,-86.1874,24.1517,55.8342727481583,63,63,63,63,61,63,0,8520,1.66016505209534,24,-86,0.001869,51,2024-11-21 15:08:33.001621,616,1.037,0.0011,"aoml_navis",1030.05642582002
"7901009",53,0,1,0.029904,1,0.007476,1,122.058011338015,1,4.85405453589384,618,1,7.71000003814697,34.9269981384277,0.0299040004611015,0,117.701103210449,-86.1874,24.1517,55.8342727481583,63,63,63,63,61,63,0,8520,1.66016505209534,24,-86,0.001869,51,2024-11-21 15:08:33.001621,618,1.037,0.0011,"aoml_navis",1030.06671289475
"7901009",53,0,1,0.026166,1,0.003738,1,121.998482882208,1,4.85401049758515,620,1,7.70800018310547,34.9269981384277,0.0261659994721413,0,117.643699645996,-86.1874,24.1517,55.8342727481583,63,63,63,63,61,63,0,8520,1.66016505209534,24,-86,0.001869,51,2024-11-21 15:08:33.001621,620,1.037,0.0011,"aoml_navis",1030.07605823833
"7901009",53,0,1,0.029904,1,0.007476,1,121.885763330124,1,4.8539671268336,622,1,7.7020001411438,34.9259986877441,0.0299040004611015,0,117.535003662109,-86.1874,24.1517,55.8342727481583,63,63,63,63,61,63,0,8520,1.66016505209534,24,-86,0.001869,51,2024-11-21 15:08:33.001621,622,1.037,0.0011,"aoml_navis",1030.08526208575
"7901009",53,0,1,0.024297,1,0.001869,1,121.821875467201,1,4.85392207903338,624,1,7.68400001525879,34.9230003356934,0.0242970008403063,0,117.47339630127,-86.1874,24.1517,55.8342727481583,63,63,63,63,61,63,0,8520,1.66016505209534,24,-86,0.001869,51,2024-11-21 15:08:33.001621,624,1.037,0.0011,"aoml_navis",1030.09482199923
"7901009",53,0,1,0.031773,1,0.009345,1,121.94238023998,1,4.85384753648698,626,1,7.61199998855591,34.9169998168945,0.0317730009555817,0,117.589599609375,-86.1874,24.1517,55.8342727481583,63,63,63,63,61,63,0,8520,1.66016505209534,24,-86,0.001869,51,2024-11-21 15:08:33.001621,626,1.037,0.0011,"aoml_navis",1030.11064159193
"7901009",53,0,1,0.029904,1,0.007476,1,122.031878630741,1,4.85377920441948,628,1,7.5479998588562,34.9109992980957,0.0299040004611015,0,117.675903320312,-86.1874,24.1517,55.8342727481583,63,63,63,63,61,63,0,8520,1.66016505209534,24,-86,0.001869,51,2024-11-21 15:08:33.001621,628,1.037,0.0011,"aoml_navis",1030.12514360921
"7901009",53,0,1,0.028035,1,0.005607,1,122.115664694934,1,4.85372009688215,630,1,7.51100015640259,34.9080009460449,0.0280349999666214,0,117.756698608398,-86.1874,24.1517,55.8342727481583,63,63,63,63,61,63,0,8520,1.66016505209534,24,-86,0.001869,51,2024-11-21 15:08:33.001621,630,1.037,0.0011,"aoml_navis",1030.13768824696
"7901009",53,0,1,0.028035,1,0.005607,1,122.235750141802,1,4.85367225894543,632,1,7.49399995803833,34.9059982299805,0.0280349999666214,0,117.872497558594,-86.1874,24.1517,55.8342727481583,63,63,63,63,61,63,0,8520,1.66016505209534,24,-86,0.001869,51,2024-11-21 15:08:33.001621,632,1.037,0.0011,"aoml_navis",1030.14784131435
"7901009",53,0,1,0.028035,1,0.005607,1,122.489924938619,1,4.8536169165721,634,1,7.45699977874756,34.9020004272461,0.0280349999666214,0,118.117599487305,-86.1874,24.1517,55.8342727481583,63,63,63,63,61,63,0,8520,1.66016505209534,24,-86,0.001869,51,2024-11-21 15:08:33.001621,634,1.037,0.0011,"aoml_navis",1030.15958736424
"7901009",53,0,1,0.026166,1,0.003738,1,122.876939019459,1,4.85356389403238,636,1,7.42799997329712,34.898998260498,0.0261659994721413,0,118.490798950195,-86.1874,24.1517,55.8342727481583,63,63,63,63,61,63,0,8520,1.66016505209534,24,-86,0.001869,51,2024-11-21 15:08:33.001621,636,1.037,0.0011,"aoml_navis",1030.17084129616
"7901009",53,0,1,0.031773,1,0.009345,1,123.42894597874,1,4.85350127029185,638,1,7.38600015640259,34.8959999084473,0.0317730009555817,0,119.023101806641,-86.1874,24.1517,55.8342727481583,63,63,63,63,61,63,0,8520,1.66016505209534,24,-86,0.001869,51,2024-11-21 15:08:33.001621,638,1.037,0.0011,"aoml_navis",1030.18413338117
"7901009",53,0,1,0.031773,1,0.009345,1,123.901510457326,1,4.85343945940546,640,1,7.34499979019165,34.8930015563965,0.0317730009555817,0,119.478797912598,-86.1874,24.1517,55.8342727481583,63,63,63,63,61,63,0,8520,1.66016505209534,24,-86,0.001869,51,2024-11-21 15:08:33.001621,640,1.037,0.0011,"aoml_navis",1030.1972532717
"7901009",53,0,1,0.029904,1,0.007476,1,124.48192872506,1,4.8533571709848,642,1,7.26599979400635,34.8880004882812,0.0299040004611015,0,120.038497924805,-86.1874,24.1517,55.8342727481583,63,63,63,63,61,63,0,8520,1.66016505209534,24,-86,0.001869,51,2024-11-21 15:08:33.001621,642,1.037,0.0011,"aoml_navis",1030.21472021303
"7901009",53,0,1,0.028035,1,0.005607,1,124.720960318206,1,4.85329481917169,644,1,7.22900009155273,34.8860015869141,0.0280349999666214,0,120.268997192383,-86.1874,24.1517,55.8342727481583,63,63,63,63,61,63,0,8520,1.66016505209534,24,-86,0.001869,51,2024-11-21 15:08:33.001621,644,1.037,0.0011,"aoml_navis",1030.22795570728
"7901009",53,0,1,0.031773,1,0.009345,1,124.745020131352,1,4.85324057837546,646.099975585938,1,7.21600008010864,34.8860015869141,0.0317730009555817,0,120.292198181152,-86.1874,24.1517,55.8342727481583,63,63,63,63,61,63,0,8520,1.66016505209534,24,-86,0.001869,51,2024-11-21 15:08:33.001621,646.099975585938,1.037,0.0011,"aoml_navis",1030.23946974285
"7901009",53,0,1,0.029904,1,0.007476,1,124.769182798023,1,4.85320084889633,648,1,7.21700000762939,34.8860015869141,0.0299040004611015,0,120.315498352051,-86.1874,24.1517,55.8342727481583,63,63,63,63,61,63,0,8520,1.66016505209534,24,-86,0.001869,51,2024-11-21 15:08:33.001621,648,1.037,0.0011,"aoml_navis",1030.24790353299
"7901009",53,0,1,0.028035,1,0.005607,1,124.763692002126,1,4.85315899329829,650,1,7.21799993515015,34.8860015869141,0.0280349999666214,0,120.310203552246,-86.1874,24.1517,55.8342727481583,63,63,63,63,61,63,0,8520,1.66016505209534,24,-86,0.001869,51,2024-11-21 15:08:33.001621,650,1.037,0.0011,"aoml_navis",1030.25678880591
"7901009",53,0,1,0.029904,1,0.007476,1,124.810039383056,1,4.85311567535065,652,1,7.21700000762939,34.8860015869141,0.0299040004611015,0,120.35489654541,-86.1874,24.1517,55.8342727481583,63,63,63,63,61,63,0,8520,1.66016505209534,24,-86,0.001869,51,2024-11-21 15:08:33.001621,652,1.037,0.0011,"aoml_navis",1030.2659846736
"7901009",53,0,1,0.028035,1,0.005607,1,124.904514302086,1,4.85307309238461,654,1,7.21700000762939,34.8860015869141,0.0280349999666214,0,120.445999145508,-86.1874,24.1517,55.8342727481583,63,63,63,63,61,63,0,8520,1.66016505209534,24,-86,0.001869,51,2024-11-21 15:08:33.001621,654,1.037,0.0011,"aoml_navis",1030.27502467374
"7901009",53,0,1,0.028035,1,0.005607,1,125.115134586779,1,4.85303494405166,656,1,7.21799993515015,34.8849983215332,0.0280349999666214,0,120.649101257324,-86.1874,24.1517,55.8342727481583,63,63,63,63,61,63,0,8520,1.66016505209534,24,-86,0.001869,51,2024-11-21 15:08:33.001621,656,1.037,0.0011,"aoml_navis",1030.28312337385
"7901009",53,0,1,0.028035,1,0.005607,1,125.541138065575,1,4.85298359325185,658,1,7.20100021362305,34.8839988708496,0.0280349999666214,0,121.059898376465,-86.1874,24.1517,55.8342727481583,63,63,63,63,61,63,0,8520,1.66016505209534,24,-86,0.001869,51,2024-11-21 15:08:33.001621,658,1.037,0.0011,"aoml_navis",1030.29402509264
"7901009",53,0,1,0.033642,1,0.011214,1,126.000125878801,1,4.8528978773034,660,1,7.14200019836426,34.8839988708496,0.0336420014500618,0,121.502502441406,-86.1874,24.1517,55.8342727481583,63,63,63,63,61,63,0,8520,1.66016505209534,24,-86,0.001869,51,2024-11-21 15:08:33.001621,660,1.037,0.0011,"aoml_navis",1030.31222300897
"7901009",53,0,1,0.029904,1,0.007476,1,126.299303048906,1,4.85284001583181,662,1,7.11600017547607,34.882999420166,0.0299040004611015,0,121.791000366211,-86.1874,24.1517,55.8342727481583,63,63,63,63,61,63,0,8520,1.66016505209534,24,-86,0.001869,51,2024-11-21 15:08:33.001621,662,1.037,0.0011,"aoml_navis",1030.32450764668
"7901009",53,0,1,0.028035,1,0.005607,1,126.553683552774,1,4.85278950424905,664,1,7.09499979019165,34.8810005187988,0.0280349999666214,0,122.03630065918,-86.1874,24.1517,55.8342727481583,63,63,63,63,61,63,0,8520,1.66016505209534,24,-86,0.001869,51,2024-11-21 15:08:33.001621,664,1.037,0.0011,"aoml_navis",1030.33523206025
"7901009",53,0,1,0.029904,1,0.007476,1,126.878890576628,1,4.85274477723656,666,1,7.08699989318848,34.8800010681152,0.0299040004611015,0,122.349899291992,-86.1874,24.1517,55.8342727481583,63,63,63,63,61,63,0,8520,1.66016505209534,24,-86,0.001869,51,2024-11-21 15:08:33.001621,666,1.037,0.0011,"aoml_navis",1030.34472850379
"7901009",53,0,1,0.029904,1,0.007476,1,127.251180779709,1,4.85267245188867,668,1,7.04099988937378,34.8790016174316,0.0299040004611015,0,122.70890045166,-86.1874,24.1517,55.8342727481583,63,63,63,63,61,63,0,8520,1.66016505209534,24,-86,0.001869,51,2024-11-21 15:08:33.001621,668,1.037,0.0011,"aoml_navis",1030.36008499894
"7901009",53,0,1,0.031773,1,0.009345,1,127.496019641138,1,4.85262056645373,670,1,7.01800012588501,34.8769989013672,0.0317730009555817,0,122.944999694824,-86.1874,24.1517,55.8342727481583,63,63,63,63,61,63,0,8520,1.66016505209534,24,-86,0.001869,51,2024-11-21 15:08:33.001621,670,1.037,0.0011,"aoml_navis",1030.37110186712
"7901009",53,0,1,0.028035,1,0.005607,1,127.702280518714,1,4.8525736211146,672,1,7.01200008392334,34.8769989013672,0.0280349999666214,0,123.143898010254,-86.1874,24.1517,55.8342727481583,63,63,63,63,61,63,0,8520,1.66016505209534,24,-86,0.001869,51,2024-11-21 15:08:33.001621,672,1.037,0.0011,"aoml_navis",1030.38107000457
"7901009",53,0,1,0.026166,1,0.003738,1,128.050613762175,1,4.85253404978372,674,1,7.00600004196167,34.875,0.0261659994721413,0,123.479797363281,-86.1874,24.1517,55.8342727481583,63,63,63,63,61,63,0,8520,1.66016505209534,24,-86,0.001869,51,2024-11-21 15:08:33.001621,674,1.037,0.0011,"aoml_navis",1030.38947253196
"7901009",53,0,1,0.028035,1,0.005607,1,128.68008524974,1,4.85247487677651,676,1,6.97800016403198,34.8740005493164,0.0280349999666214,0,124.086799621582,-86.1874,24.1517,55.8342727481583,63,63,63,63,61,63,0,8520,1.66016505209534,24,-86,0.001869,51,2024-11-21 15:08:33.001621,676,1.037,0.0011,"aoml_navis",1030.4020375107
"7901009",53,0,1,0.029904,1,0.007476,1,129.270559427539,1,4.85238339436193,678,1,6.90000009536743,34.8720016479492,0.0299040004611015,0,124.656196594238,-86.1874,24.1517,55.8342727481583,63,63,63,63,61,63,0,8520,1.66016505209534,24,-86,0.001869,51,2024-11-21 15:08:33.001621,678,1.037,0.0011,"aoml_navis",1030.42146377172
"7901009",53,0,1,0.028035,1,0.005607,1,129.360888558314,1,4.85232866724996,680,1,6.87799978256226,34.8709983825684,0.0280349999666214,0,124.743301391602,-86.1874,24.1517,55.8342727481583,63,63,63,63,61,63,0,8520,1.66016505209534,24,-86,0.001869,51,2024-11-21 15:08:33.001621,680,1.037,0.0011,"aoml_navis",1030.43308540634
"7901009",53,0,1,0.028035,1,0.005607,1,129.415535427566,1,4.85228246234513,682,1,6.8730001449585,34.8709983825684,0.0280349999666214,0,124.795997619629,-86.1874,24.1517,55.8342727481583,63,63,63,63,61,63,0,8520,1.66016505209534,24,-86,0.001869,51,2024-11-21 15:08:33.001621,682,1.037,0.0011,"aoml_navis",1030.44289750261
"7901009",53,0,1,0.029904,1,0.007476,1,129.511355354238,1,4.85223841385267,684,1,6.87099981307983,34.8709983825684,0.0299040004611015,0,124.888397216797,-86.1874,24.1517,55.8342727481583,63,63,63,63,61,63,0,8520,1.66016505209534,24,-86,0.001869,51,2024-11-21 15:08:33.001621,684,1.037,0.0011,"aoml_navis",1030.45225183608
"7901009",53,0,1,0.031773,1,0.009345,1,129.699885866388,1,4.85219221255599,686,1,6.86600017547607,34.8709983825684,0.0317730009555817,0,125.070198059082,-86.1874,24.1517,55.8342727481583,63,63,63,63,61,63,0,8520,1.66016505209534,24,-86,0.001869,51,2024-11-21 15:08:33.001621,686,1.037,0.0011,"aoml_navis",1030.4620635311
"7901009",53,0,1,0.031773,1,0.009345,1,129.936536004829,1,4.85214467255027,688,1,6.85400009155273,34.8699989318848,0.0317730009555817,0,125.298400878906,-86.1874,24.1517,55.8342727481583,63,63,63,63,61,63,0,8520,1.66016505209534,24,-86,0.001869,51,2024-11-21 15:08:33.001621,688,1.037,0.0011,"aoml_navis",1030.47215972067
"7901009",53,0,1,0.029904,1,0.007476,1,130.187387841593,1,4.85208187443867,690,1,6.83099985122681,34.8709983825684,0.0299040004611015,0,125.540298461914,-86.1874,24.1517,55.8342727481583,63,63,63,63,61,63,0,8520,1.66016505209534,24,-86,0.001869,51,2024-11-21 15:08:33.001621,690,1.037,0.0011,"aoml_navis",1030.4854966155
"7901009",53,0,1,0.033642,1,0.011214,1,130.383070629666,1,4.8520249315229,692,1,6.81099987030029,34.8709983825684,0.0336420014500618,0,125.728996276855,-86.1874,24.1517,55.8342727481583,63,63,63,63,61,63,0,8520,1.66016505209534,24,-86,0.001869,51,2024-11-21 15:08:33.001621,692,1.037,0.0011,"aoml_navis",1030.49759029796
"7901009",53,0,1,0.029904,1,0.007476,1,130.476928427544,1,4.85198242679905,694,1,6.80600023269653,34.8699989318848,0.0299040004611015,0,125.81950378418,-86.1874,24.1517,55.8342727481583,63,63,63,63,61,63,0,8520,1.66016505209534,24,-86,0.001869,51,2024-11-21 15:08:33.001621,694,1.037,0.0011,"aoml_navis",1030.50661774523
"7901009",53,0,1,0.029904,1,0.007476,1,130.685262199249,1,4.85192682333207,696,1,6.79300022125244,34.8709983825684,0.0299040004611015,0,126.020401000977,-86.1874,24.1517,55.8342727481583,63,63,63,63,61,63,0,8520,1.66016505209534,24,-86,0.001869,51,2024-11-21 15:08:33.001621,696,1.037,0.0011,"aoml_navis",1030.51842743297
"7901009",53,0,1,0.031773,1,0.009345,1,130.873792711399,1,4.8518727668833,698,1,6.77699995040894,34.8709983825684,0.0317730009555817,0,126.202201843262,-86.1874,24.1517,55.8342727481583,63,63,63,63,61,63,0,8520,1.66016505209534,24,-86,0.001869,51,2024-11-21 15:08:33.001621,698,1.037,0.0011,"aoml_navis",1030.52990880712
"7901009",53,0,1,0.029904,1,0.007476,1,131.001346906576,1,4.85182455012508,700,1,6.76399993896484,34.8699989318848,0.0299040004611015,0,126.325202941895,-86.1874,24.1517,55.8342727481583,63,63,63,63,61,63,0,8520,1.66016505209534,24,-86,0.001869,51,2024-11-21 15:08:33.001621,700,1.037,0.0011,"aoml_navis",1030.54015007016
"7901009",53,0,1,0.031773,1,0.009345,1,131.089698084938,1,4.85177550983565,702,1,6.75500011444092,34.8699989318848,0.0317730009555817,0,126.410400390625,-86.1874,24.1517,55.8342727481583,63,63,63,63,61,63,0,8520,1.66016505209534,24,-86,0.001869,51,2024-11-21 15:08:33.001621,702,1.037,0.0011,"aoml_navis",1030.55056646044
"7901009",53,0,1,0.026166,1,0.003738,1,131.162288938477,1,4.8517286150573,704,1,6.74900007247925,34.8699989318848,0.0261659994721413,0,126.480400085449,-86.1874,24.1517,55.8342727481583,63,63,63,63,61,63,0,8520,1.66016505209534,24,-86,0.001869,51,2024-11-21 15:08:33.001621,704,1.037,0.0011,"aoml_navis",1030.56052733093
"7901009",53,0,1,0.031773,1,0.009345,1,131.203770556472,1,4.85168243644355,706,1,6.74399995803833,34.8699989318848,0.0317730009555817,0,126.520401000977,-86.1874,24.1517,55.8342727481583,63,63,63,63,61,63,0,8520,1.66016505209534,24,-86,0.001869,51,2024-11-21 15:08:33.001621,706,1.037,0.0011,"aoml_navis",1030.57033626982
"7901009",53,0,1,0.026166,1,0.003738,1,131.314005800325,1,4.85163697381904,708,1,6.73999977111816,34.8699989318848,0.0261659994721413,0,126.62670135498,-86.1874,24.1517,55.8342727481583,63,63,63,63,61,63,0,8520,1.66016505209534,24,-86,0.001869,51,2024-11-21 15:08:33.001621,708,1.037,0.0011,"aoml_navis",1030.57999330568
"7901009",53,0,1,0.031773,1,0.009345,1,131.386177327953,1,4.85159079925758,710,1,6.7350001335144,34.8699989318848,0.0317730009555817,0,126.696296691895,-86.1874,24.1517,55.8342727481583,63,63,63,63,61,63,0,8520,1.66016505209534,24,-86,0.001869,51,2024-11-21 15:08:33.001621,710,1.037,0.0011,"aoml_navis",1030.58980175433
"7901009",53,0,1,0.029904,1,0.007476,1,131.497662637731,1,4.85154462623999,712,1,6.73000001907349,34.8699989318848,0.0299040004611015,0,126.803802490234,-86.1874,24.1517,55.8342727481583,63,63,63,63,61,63,0,8520,1.66016505209534,24,-86,0.001869,51,2024-11-21 15:08:33.001621,712,1.037,0.0011,"aoml_navis",1030.59961006173
"7901009",53,0,1,0.031773,1,0.009345,1,131.573987865425,1,4.85149702729715,714,1,6.72300004959106,34.8699989318848,0.0317730009555817,0,126.877403259277,-86.1874,24.1517,55.8342727481583,63,63,63,63,61,63,0,8520,1.66016505209534,24,-86,0.001869,51,2024-11-21 15:08:33.001621,714,1.037,0.0011,"aoml_navis",1030.60972146686
"7901009",53,0,1,0.029904,1,0.007476,1,131.684531669855,1,4.8514515719852,716,1,6.7189998626709,34.8699989318848,0.0299040004611015,0,126.984001159668,-86.1874,24.1517,55.8342727481583,63,63,63,63,61,63,0,8520,1.66016505209534,24,-86,0.001869,51,2024-11-21 15:08:33.001621,716,1.037,0.0011,"aoml_navis",1030.61937768741
"7901009",53,0,1,0.031773,1,0.009345,1,131.85418460418,1,4.8514061188302,718,1,6.71500015258789,34.8699989318848,0.0317730009555817,0,127.147598266602,-86.1874,24.1517,55.8342727481583,63,63,63,63,61,63,0,8520,1.66016505209534,24,-86,0.001869,51,2024-11-21 15:08:33.001621,718,1.037,0.0011,"aoml_navis",1030.62903363069
"7901009",53,0,1,0.028035,1,0.005607,1,132.121216091677,1,4.85134996460644,720,1,6.69600009918213,34.8699989318848,0.0280349999666214,0,127.405097961426,-86.1874,24.1517,55.8342727481583,63,63,63,63,61,63,0,8520,1.66016505209534,24,-86,0.001869,51,2024-11-21 15:08:33.001621,720,1.037,0.0011,"aoml_navis",1030.64096312945
"7901009",53,0,1,0.028035,1,0.005607,1,132.406705831088,1,4.85129227475964,722,1,6.67999982833862,34.8709983825684,0.0280349999666214,0,127.680397033691,-86.1874,24.1517,55.8342727481583,63,63,63,63,61,63,0,8520,1.66016505209534,24,-86,0.001869,51,2024-11-21 15:08:33.001621,722,1.037,0.0011,"aoml_navis",1030.65321914618
"7901009",53,0,1,0.029904,1,0.007476,1,132.734405074982,1,4.85122746311091,724,1,6.65399980545044,34.8720016479492,0.0299040004611015,0,127.996398925781,-86.1874,24.1517,55.8342727481583,63,63,63,63,61,63,0,8520,1.66016505209534,24,-86,0.001869,51,2024-11-21 15:08:33.001621,724,1.037,0.0011,"aoml_navis",1030.66698851381
"7901009",53,0,1,0.028035,1,0.005607,1,133.015021139649,1,4.85115985063046,726,1,6.62400007247925,34.8730010986328,0.0280349999666214,0,128.266998291016,-86.1874,24.1517,55.8342727481583,63,63,63,63,61,63,0,8520,1.66016505209534,24,-86,0.001869,51,2024-11-21 15:08:33.001621,726,1.037,0.0011,"aoml_navis",1030.68135331599
"7901009",53,0,1,0.028035,1,0.005607,1,133.146926830134,1,4.85110872751613,728,1,6.61199998855591,34.8730010986328,0.0280349999666214,0,128.394195556641,-86.1874,24.1517,55.8342727481583,63,63,63,63,61,63,0,8520,1.66016505209534,24,-86,0.001869,51,2024-11-21 15:08:33.001621,728,1.037,0.0011,"aoml_navis",1030.69221508876
"7901009",53,0,1,0.029904,1,0.007476,1,133.255097091669,1,4.85105831884819,730,1,6.60099983215332,34.8730010986328,0.0299040004611015,0,128.498504638672,-86.1874,24.1517,55.8342727481583,63,63,63,63,61,63,0,8520,1.66016505209534,24,-86,0.001869,51,2024-11-21 15:08:33.001621,730,1.037,0.0011,"aoml_navis",1030.70292529222
"7901009",53,0,1,0.026166,1,0.003738,1,133.368742325482,1,4.85101358877295,732,1,6.59800004959106,34.8730010986328,0.0261659994721413,0,128.608093261719,-86.1874,24.1517,55.8342727481583,63,63,63,63,61,63,0,8520,1.66016505209534,24,-86,0.001869,51,2024-11-21 15:08:33.001621,732,1.037,0.0011,"aoml_navis",1030.7124291657
"7901009",53,0,1,0.028035,1,0.005607,1,133.49786305897,1,4.85095524603811,734,1,6.58099985122681,34.8740005493164,0.0280349999666214,0,128.732604980469,-86.1874,24.1517,55.8342727481583,63,63,63,63,61,63,0,8520,1.66016505209534,24,-86,0.001869,51,2024-11-21 15:08:33.001621,734,1.037,0.0011,"aoml_navis",1030.724825607
"7901009",53,0,1,0.026166,1,0.003738,1,133.571996715391,1,4.85091987751261,736,1,6.58599996566772,34.8730010986328,0.0261659994721413,0,128.804092407227,-86.1874,24.1517,55.8342727481583,63,63,63,63,61,63,0,8520,1.66016505209534,24,-86,0.001869,51,2024-11-21 15:08:33.001621,736,1.037,0.0011,"aoml_navis",1030.73234072129
"7901009",53,0,1,0.029904,1,0.007476,1,133.741657561525,1,4.85087302494382,738,1,6.57999992370605,34.8730010986328,0.0299040004611015,0,128.967697143555,-86.1874,24.1517,55.8342727481583,63,63,63,63,61,63,0,8520,1.66016505209534,24,-86,0.001869,51,2024-11-21 15:08:33.001621,738,1.037,0.0011,"aoml_navis",1030.74229613708
"7901009",53,0,1,0.026166,1,0.003738,1,134.0030953996,1,4.85082192118181,740,1,6.56799983978271,34.8730010986328,0.0261659994721413,0,129.219802856445,-86.1874,24.1517,55.8342727481583,63,63,63,63,61,63,0,8520,1.66016505209534,24,-86,0.001869,51,2024-11-21 15:08:33.001621,740,1.037,0.0011,"aoml_navis",1030.75315508219
"7901009",53,0,1,0.033642,1,0.011214,1,134.189244457046,1,4.85076728184459,742,1,6.55100011825562,34.8730010986328,0.0336420014500618,0,129.399307250977,-86.1874,24.1517,55.8342727481583,63,63,63,63,61,63,0,8520,1.66016505209534,24,-86,0.001869,51,2024-11-21 15:08:33.001621,742,1.037,0.0011,"aoml_navis",1030.76476554832
"7901009",53,0,1,0.029904,1,0.007476,1,134.422975137727,1,4.85070613741716,744,1,6.53000020980835,34.8740005493164,0.0299040004611015,0,129.624694824219,-86.1874,24.1517,55.8342727481583,63,63,63,63,61,63,0,8520,1.66016505209534,24,-86,0.001869,51,2024-11-21 15:08:33.001621,744,1.037,0.0011,"aoml_navis",1030.77775860946
"7901009",53,0,1,0.024297,1,0.001869,1,134.572524163731,1,4.85066298254493,746,1,6.52400016784668,34.8730010986328,0.0242970008403063,0,129.768905639648,-86.1874,24.1517,55.8342727481583,63,63,63,63,61,63,0,8520,1.66016505209534,24,-86,0.001869,51,2024-11-21 15:08:33.001621,746,1.037,0.0011,"aoml_navis",1030.78692912545
"7901009",53,0,1,0.028035,1,0.005607,1,134.878742844425,1,4.85061048926916,748,1,6.51000022888184,34.8730010986328,0.0280349999666214,0,130.064193725586,-86.1874,24.1517,55.8342727481583,63,63,63,63,61,63,0,8520,1.66016505209534,24,-86,0.001869,51,2024-11-21 15:08:33.001621,748,1.037,0.0011,"aoml_navis",1030.79808429502
"7901009",53,0,1,0.029904,1,0.007476,1,135.245850812186,1,4.85055800258392,750,1,6.49599981307983,34.8730010986328,0.0299040004611015,0,130.418197631836,-86.1874,24.1517,55.8342727481583,63,63,63,63,61,63,0,8520,1.66016505209534,24,-86,0.001869,51,2024-11-21 15:08:33.001621,750,1.037,0.0011,"aoml_navis",1030.80923830546
"7901009",53,0,1,0.028035,1,0.005607,1,135.680161691113,1,4.85049917497433,752,1,6.47300004959106,34.8730010986328,0.0280349999666214,0,130.837005615234,-86.1874,24.1517,55.8342727481583,63,63,63,63,61,63,0,8520,1.66016505209534,24,-86,0.001869,51,2024-11-21 15:08:33.001621,752,1.037,0.0011,"aoml_navis",1030.82174012048
"7901009",53,0,1,0.031773,1,0.009345,1,136.176058096357,1,4.85043473519777,754,1,6.44199991226196,34.8730010986328,0.0317730009555817,0,131.315200805664,-86.1874,24.1517,55.8342727481583,63,63,63,63,61,63,0,8520,1.66016505209534,24,-86,0.001869,51,2024-11-21 15:08:33.001621,754,1.037,0.0011,"aoml_navis",1030.83543495945
"7901009",53,0,1,0.028035,1,0.005607,1,136.469111525793,1,4.85037946985815,756,1,6.42399978637695,34.8730010986328,0.0280349999666214,0,131.597793579102,-86.1874,24.1517,55.8342727481583,63,63,63,63,61,63,0,8520,1.66016505209534,24,-86,0.001869,51,2024-11-21 15:08:33.001621,756,1.037,0.0011,"aoml_navis",1030.84718032303
"7901009",53,0,1,0.029904,1,0.007476,1,136.86796167387,1,4.85032632384003,758,1,6.40899991989136,34.8730010986328,0.0299040004611015,0,131.982406616211,-86.1874,24.1517,55.8342727481583,63,63,63,63,61,63,0,8520,1.66016505209534,24,-86,0.001869,51,2024-11-21 15:08:33.001621,758,1.037,0.0011,"aoml_navis",1030.85847552654
"7901009",53,0,1,0.031773,1,0.009345,1,137.269391071892,1,4.85027388775739,760,1,6.39499998092651,34.8730010986328,0.0317730009555817,0,132.369506835938,-86.1874,24.1517,55.8342727481583,63,63,63,63,61,63,0,8520,1.66016505209534,24,-86,0.001869,51,2024-11-21 15:08:33.001621,760,1.037,0.0011,"aoml_navis",1030.86962008899
"7901009",53,0,1,0.028035,1,0.005607,1,137.861321022667,1,4.85021444567355,762,1,6.37099981307983,34.8730010986328,0.0280349999666214,0,132.940307617188,-86.1874,24.1517,55.8342727481583,63,63,63,63,61,63,0,8520,1.66016505209534,24,-86,0.001869,51,2024-11-21 15:08:33.001621,762,1.037,0.0011,"aoml_navis",1030.88225397128
"7901009",53,0,1,0.029904,1,0.007476,1,138.445465752747,1,4.85014453093756,764,1,6.33199977874756,34.8730010986328,0.0299040004611015,0,133.503601074219,-86.1874,24.1517,55.8342727481583,63,63,63,63,61,63,0,8520,1.66016505209534,24,-86,0.001869,51,2024-11-21 15:08:33.001621,764,1.037,0.0011,"aoml_navis",1030.89711411826
"7901009",53,0,1,0.029904,1,0.007476,1,138.865139783822,1,4.85008445005399,766,1,6.30700016021729,34.8730010986328,0.0299040004611015,0,133.908294677734,-86.1874,24.1517,55.8342727481583,63,63,63,63,61,63,0,8520,1.66016505209534,24,-86,0.001869,51,2024-11-21 15:08:33.001621,766,1.037,0.0011,"aoml_navis",1030.90988445456
"7901009",53,0,1,0.029904,1,0.007476,1,139.278294483746,1,4.85002509005003,768,1,6.28299999237061,34.8730010986328,0.0299040004611015,0,134.306701660156,-86.1874,24.1517,55.8342727481583,63,63,63,63,61,63,0,8520,1.66016505209534,24,-86,0.001869,51,2024-11-21 15:08:33.001621,768,1.037,0.0011,"aoml_navis",1030.92250187688
"7901009",53,0,1,0.026166,1,0.003738,1,139.592092678085,1,4.84996624319369,770,1,6.2649998664856,34.8740005493164,0.0261659994721413,0,134.609298706055,-86.1874,24.1517,55.8342727481583,63,63,63,63,61,63,0,8520,1.66016505209534,24,-86,0.001869,51,2024-11-21 15:08:33.001621,770,1.037,0.0011,"aoml_navis",1030.93501053061
"7901009",53,0,1,0.031773,1,0.009345,1,139.879133132187,1,4.84991179124384,772,1,6.2480001449585,34.8740005493164,0.0317730009555817,0,134.886093139648,-86.1874,24.1517,55.8342727481583,63,63,63,63,61,63,0,8520,1.66016505209534,24,-86,0.001869,51,2024-11-21 15:08:33.001621,772,1.037,0.0011,"aoml_navis",1030.94658526102
"7901009",53,0,1,0.028035,1,0.005607,1,140.086549133972,1,4.84986430413747,774,1,6.24100017547607,34.8740005493164,0.0280349999666214,0,135.08610534668,-86.1874,24.1517,55.8342727481583,63,63,63,63,61,63,0,8520,1.66016505209534,24,-86,0.001869,51,2024-11-21 15:08:33.001621,774,1.037,0.0011,"aoml_navis",1030.95667970224
"7901009",53,0,1,0.033642,1,0.011214,1,140.339568806579,1,4.8498202974647,776,1,6.23899984359741,34.8740005493164,0.0336420014500618,0,135.330093383789,-86.1874,24.1517,55.8342727481583,63,63,63,63,61,63,0,8520,1.66016505209534,24,-86,0.001869,51,2024-11-21 15:08:33.001621,776,1.037,0.0011,"aoml_navis",1030.96603447633
"7901009",53,0,1,0.031773,1,0.009345,1,140.790684369204,1,4.84977789263518,778,1,6.23400020599365,34.8730010986328,0.0317730009555817,0,135.765106201172,-86.1874,24.1517,55.8342727481583,63,63,63,63,61,63,0,8520,1.66016505209534,24,-86,0.001869,51,2024-11-21 15:08:33.001621,778,1.037,0.0011,"aoml_navis",1030.97504889718
"7901009",53,0,1,0.029904,1,0.007476,1,141.335728935993,1,4.84971373148952,780,1,6.20300006866455,34.8730010986328,0.0299040004611015,0,136.29069519043,-86.1874,24.1517,55.8342727481583,63,63,63,63,61,63,0,8520,1.66016505209534,24,-86,0.001869,51,2024-11-21 15:08:33.001621,780,1.037,0.0011,"aoml_navis",1030.98868857654
"7901009",53,0,1,0.031773,1,0.009345,1,141.621123733688,1,4.84965008081753,782,1,6.17799997329712,34.8740005493164,0.0317730009555817,0,136.565902709961,-86.1874,24.1517,55.8342727481583,63,63,63,63,61,63,0,8520,1.66016505209534,24,-86,0.001869,51,2024-11-21 15:08:33.001621,782,1.037,0.0011,"aoml_navis",1031.0022200936
"7901009",53,0,1,0.026166,1,0.003738,1,141.877577131684,1,4.84959914519689,784,1,6.16599988937378,34.8740005493164,0.0261659994721413,0,136.813201904297,-86.1874,24.1517,55.8342727481583,63,63,63,63,61,63,0,8520,1.66016505209534,24,-86,0.001869,51,2024-11-21 15:08:33.001621,784,1.037,0.0011,"aoml_navis",1031.01304876962
"7901009",53,0,1,0.029904,1,0.007476,1,142.003264139784,1,4.84955098530529,786,1,6.15799999237061,34.8740005493164,0.0299040004611015,0,136.93440246582,-86.1874,24.1517,55.8342727481583,63,63,63,63,61,63,0,8520,1.66016505209534,24,-86,0.001869,51,2024-11-21 15:08:33.001621,786,1.037,0.0011,"aoml_navis",1031.02328754777
"7901009",53,0,1,0.026166,1,0.003738,1,142.270493422523,1,4.84950352055035,788,1,6.15100002288818,34.8740005493164,0.0261659994721413,0,137.192092895508,-86.1874,24.1517,55.8342727481583,63,63,63,63,61,63,0,8520,1.66016505209534,24,-86,0.001869,51,2024-11-21 15:08:33.001621,788,1.037,0.0011,"aoml_navis",1031.03337873906
"7901009",53,0,1,0.029904,1,0.007476,1,142.422938170859,1,4.84945398086572,790,1,6.14099979400635,34.8740005493164,0.0299040004611015,0,137.339096069336,-86.1874,24.1517,55.8342727481583,63,63,63,63,61,63,0,8520,1.66016505209534,24,-86,0.001869,51,2024-11-21 15:08:33.001621,790,1.037,0.0011,"aoml_navis",1031.04391127914
"7901009",53,0,1,0.029904,1,0.007476,1,142.586886690427,1,4.84940929010723,792,1,6.13800001144409,34.8740005493164,0.0299040004611015,0,137.497192382812,-86.1874,24.1517,55.8342727481583,63,63,63,63,61,63,0,8520,1.66016505209534,24,-86,0.001869,51,2024-11-21 15:08:33.001621,792,1.037,0.0011,"aoml_navis",1031.0534130827
"7901009",53,0,1,0.029904,1,0.007476,1,142.898928463023,1,4.8493646011797,794,1,6.13500022888184,34.8740005493164,0.0299040004611015,0,137.798095703125,-86.1874,24.1517,55.8342727481583,63,63,63,63,61,63,0,8520,1.66016505209534,24,-86,0.001869,51,2024-11-21 15:08:33.001621,794,1.037,0.0011,"aoml_navis",1031.06291467209
"7901009",53,0,1,0.029904,1,0.007476,1,143.253804773065,1,4.84931368429362,796,1,6.1230001449585,34.8740005493164,0.0299040004611015,0,138.14030456543,-86.1874,24.1517,55.8342727481583,63,63,63,63,61,63,0,8520,1.66016505209534,24,-86,0.001869,51,2024-11-21 15:08:33.001621,796,1.037,0.0011,"aoml_navis",1031.07374063972
"7901009",53,0,1,0.033642,1,0.011214,1,143.659902138781,1,4.8492664592759,798,1,6.11100006103516,34.8730010986328,0.0336420014500618,0,138.53190612793,-86.1874,24.1517,55.8342727481583,63,63,63,63,61,63,0,8520,1.66016505209534,24,-86,0.001869,51,2024-11-21 15:08:33.001621,798,1.037,0.0011,"aoml_navis",1031.08378184411
"7901009",53,0,1,0.029904,1,0.007476,1,144.044732560157,1,4.84921555253576,800,1,6.09899997711182,34.8730010986328,0.0299040004611015,0,138.90299987793,-86.1874,24.1517,55.8342727481583,63,63,63,63,61,63,0,8520,1.66016505209534,24,-86,0.001869,51,2024-11-21 15:08:33.001621,800,1.037,0.0011,"aoml_navis",1031.09460609261
"7901009",53,0,1,0.026166,1,0.003738,1,144.468457437773,1,4.84915981704613,802,1,6.07999992370605,34.8730010986328,0.0261659994721413,0,139.311599731445,-86.1874,24.1517,55.8342727481583,63,63,63,63,61,63,0,8520,1.66016505209534,24,-86,0.001869,51,2024-11-21 15:08:33.001621,802,1.037,0.0011,"aoml_navis",1031.10645733383
"7901009",53,0,1,0.031773,1,0.009345,1,144.807351892322,1,4.84910685376209,804,1,6.06500005722046,34.8730010986328,0.0317730009555817,0,139.638397216797,-86.1874,24.1517,55.8342727481583,63,63,63,63,61,63,0,8520,1.66016505209534,24,-86,0.001869,51,2024-11-21 15:08:33.001621,804,1.037,0.0011,"aoml_navis",1031.11771936328
"7901009",53,0,1,0.028035,1,0.005607,1,145.058630966806,1,4.84905803494569,806,1,6.05600023269653,34.8730010986328,0.0280349999666214,0,139.880706787109,-86.1874,24.1517,55.8342727481583,63,63,63,63,61,63,0,8520,1.66016505209534,24,-86,0.001869,51,2024-11-21 15:08:33.001621,806,1.037,0.0011,"aoml_navis",1031.12810033753
"7901009",53,0,1,0.029904,1,0.007476,1,145.469696948982,1,4.84901566339927,808,1,6.05100011825562,34.8720016479492,0.0299040004611015,0,140.277099609375,-86.1874,24.1517,55.8342727481583,63,63,63,63,61,63,0,8520,1.66016505209534,24,-86,0.001869,51,2024-11-21 15:08:33.001621,808,1.037,0.0011,"aoml_navis",1031.1371105151
"7901009",53,0,1,0.031773,1,0.009345,1,146.005104931618,1,4.84895282958708,810,1,6.02699995040894,34.8730010986328,0.0317730009555817,0,140.793395996094,-86.1874,24.1517,55.8342727481583,63,63,63,63,61,63,0,8520,1.66016505209534,24,-86,0.001869,51,2024-11-21 15:08:33.001621,810,1.037,0.0011,"aoml_navis",1031.15047221975
"7901009",53,0,1,0.031773,1,0.009345,1,146.390679063102,1,4.84889714271308,812,1,6.00799989700317,34.8730010986328,0.0317730009555817,0,141.16520690918,-86.1874,24.1517,55.8342727481583,63,63,63,63,61,63,0,8520,1.66016505209534,24,-86,0.001869,51,2024-11-21 15:08:33.001621,812,1.037,0.0011,"aoml_navis",1031.16231440669
"7901009",53,0,1,0.028035,1,0.005607,1,146.701676476824,1,4.84884696682774,814,1,5.99700021743774,34.8730010986328,0.0280349999666214,0,141.465103149414,-86.1874,24.1517,55.8342727481583,63,63,63,63,61,63,0,8520,1.66016505209534,24,-86,0.001869,51,2024-11-21 15:08:33.001621,814,1.037,0.0011,"aoml_navis",1031.17298487792
"7901009",53,0,1,0.024297,1,0.001869,1,147.073753061045,1,4.84879198691109,816,1,5.97900009155273,34.8730010986328,0.0242970008403063,0,141.82389831543,-86.1874,24.1517,55.8342727481583,63,63,63,63,61,63,0,8520,1.66016505209534,24,-86,0.001869,51,2024-11-21 15:08:33.001621,816,1.037,0.0011,"aoml_navis",1031.18467723447
"7901009",53,0,1,0.031773,1,0.009345,1,147.33134575963,1,4.84874319446112,818,1,5.96999979019165,34.8730010986328,0.0317730009555817,0,142.072296142578,-86.1874,24.1517,55.8342727481583,63,63,63,63,61,63,0,8520,1.66016505209534,24,-86,0.001869,51,2024-11-21 15:08:33.001621,818,1.037,0.0011,"aoml_navis",1031.19505394958
"7901009",53,0,1,0.029904,1,0.007476,1,147.619430572606,1,4.84869234726853,820,1,5.95800018310547,34.8730010986328,0.0299040004611015,0,142.35009765625,-86.1874,24.1517,55.8342727481583,63,63,63,63,61,63,0,8520,1.66016505209534,24,-86,0.001869,51,2024-11-21 15:08:33.001621,820,1.037,0.0011,"aoml_navis",1031.20586787007
"7901009",53,0,1,0.029904,1,0.007476,1,147.944748361795,1,4.84864561946733,822,1,5.9520001411438,34.8730010986328,0.0299040004611015,0,142.663803100586,-86.1874,24.1517,55.8342727481583,63,63,63,63,61,63,0,8520,1.66016505209534,24,-86,0.001869,51,2024-11-21 15:08:33.001621,822,1.037,0.0011,"aoml_navis",1031.21580589948
"7901009",53,0,1,0.033642,1,0.011214,1,148.405595450289,1,4.8485954651346,824,1,5.94099998474121,34.8730010986328,0.0336420014500618,0,143.108200073242,-86.1874,24.1517,55.8342727481583,63,63,63,63,61,63,0,8520,1.66016505209534,24,-86,0.001869,51,2024-11-21 15:08:33.001621,824,1.037,0.0011,"aoml_navis",1031.22647289388
"7901009",53,0,1,0.028035,1,0.005607,1,148.916951531589,1,4.84854325984552,826,1,5.92700004577637,34.8730010986328,0.0280349999666214,0,143.601303100586,-86.1874,24.1517,55.8342727481583,63,63,63,63,61,63,0,8520,1.66016505209534,24,-86,0.001869,51,2024-11-21 15:08:33.001621,826,1.037,0.0011,"aoml_navis",1031.23757632706
"7901009",53,0,1,0.033642,1,0.011214,1,149.509609368852,1,4.84849379986147,828,1,5.91699981689453,34.8730010986328,0.0336420014500618,0,144.172805786133,-86.1874,24.1517,55.8342727481583,63,63,63,63,61,63,0,8520,1.66016505209534,24,-86,0.001869,51,2024-11-21 15:08:33.001621,828,1.037,0.0011,"aoml_navis",1031.24809608767
"7901009",53,0,1,0.028035,1,0.005607,1,150.260297692065,1,4.84842724817319,830,1,5.88199996948242,34.8730010986328,0.0280349999666214,0,144.896697998047,-86.1874,24.1517,55.8342727481583,63,63,63,63,61,63,0,8520,1.66016505209534,24,-86,0.001869,51,2024-11-21 15:08:33.001621,830,1.037,0.0011,"aoml_navis",1031.26225146184
"7901009",53,0,1,0.029904,1,0.007476,1,150.85585125166,1,4.84835337222504,832,1,5.84700012207031,34.875,0.0299040004611015,0,145.470993041992,-86.1874,24.1517,55.8342727481583,63,63,63,63,61,63,0,8520,1.66016505209534,24,-86,0.001869,51,2024-11-21 15:08:33.001621,832,1.037,0.0011,"aoml_navis",1031.2779651425
"7901009",53,0,1,0.026166,1,0.003738,1,151.291617903563,1,4.84830393846751,834,1,5.83699989318848,34.875,0.0261659994721413,0,145.891204833984,-86.1874,24.1517,55.8342727481583,63,63,63,63,61,63,0,8520,1.66016505209534,24,-86,0.001869,51,2024-11-21 15:08:33.001621,834,1.037,0.0011,"aoml_navis",1031.28848014847
"7901009",53,0,1,0.028035,1,0.005607,1,151.791565155347,1,4.84824633963256,836,1,5.81500005722046,34.875,0.0280349999666214,0,146.373306274414,-86.1874,24.1517,55.8342727481583,63,63,63,63,61,63,0,8520,1.66016505209534,24,-86,0.001869,51,2024-11-21 15:08:33.001621,836,1.037,0.0011,"aoml_navis",1031.30073221051
"7901009",53,0,1,0.028035,1,0.005607,1,152.18168066557,1,4.8481891494954,838,1,5.79899978637695,34.8759994506836,0.0280349999666214,0,146.749496459961,-86.1874,24.1517,55.8342727481583,63,63,63,63,61,63,0,8520,1.66016505209534,24,-86,0.001869,51,2024-11-21 15:08:33.001621,838,1.037,0.0011,"aoml_navis",1031.31289762496
"7901009",53,0,1,0.026166,1,0.003738,1,152.774544209884,1,4.84813769389451,840,1,5.78599977493286,34.8759994506836,0.0261659994721413,0,147.321197509766,-86.1874,24.1517,55.8342727481583,63,63,63,63,61,63,0,8520,1.66016505209534,24,-86,0.001869,51,2024-11-21 15:08:33.001621,840,1.037,0.0011,"aoml_navis",1031.32384344131
"7901009",53,0,1,0.031773,1,0.009345,1,153.434404958314,1,4.84807742254673,842,1,5.76000022888184,34.8759994506836,0.0317730009555817,0,147.957504272461,-86.1874,24.1517,55.8342727481583,63,63,63,63,61,63,0,8520,1.66016505209534,24,-86,0.001869,51,2024-11-21 15:08:33.001621,842,1.037,0.0011,"aoml_navis",1031.33666486982
"7901009",53,0,1,0.029904,1,0.007476,1,153.883020389089,1,4.84800573961299,844,1,5.72800016403198,34.8779983520508,0.0299040004611015,0,148.390106201172,-86.1874,24.1517,55.8342727481583,63,63,63,63,61,63,0,8520,1.66016505209534,24,-86,0.001869,51,2024-11-21 15:08:33.001621,844,1.037,0.0011,"aoml_navis",1031.351914282
"7901009",53,0,1,0.029904,1,0.007476,1,154.234352208408,1,4.8479445283656,846,1,5.70599985122681,34.8790016174316,0.0299040004611015,0,148.728897094727,-86.1874,24.1517,55.8342727481583,63,63,63,63,61,63,0,8520,1.66016505209534,24,-86,0.001869,51,2024-11-21 15:08:33.001621,846,1.037,0.0011,"aoml_navis",1031.36493636524
"7901009",53,0,1,0.029904,1,0.007476,1,154.615464079249,1,4.84788875186787,848,1,5.69199991226196,34.8800010681152,0.0299040004611015,0,149.096405029297,-86.1874,24.1517,55.8342727481583,63,63,63,63,61,63,0,8520,1.66016505209534,24,-86,0.001869,51,2024-11-21 15:08:33.001621,848,1.037,0.0011,"aoml_navis",1031.37680254596
"7901009",53,0,1,0.028035,1,0.005607,1,154.813844794413,1,4.8478366699852,850,1,5.67799997329712,34.8800010681152,0.0280349999666214,0,149.287704467773,-86.1874,24.1517,55.8342727481583,63,63,63,63,61,63,0,8520,1.66016505209534,24,-86,0.001869,51,2024-11-21 15:08:33.001621,850,1.037,0.0011,"aoml_navis",1031.38788296167
"7901009",53,0,1,0.029904,1,0.007476,1,154.947000550823,1,4.84778562991499,852,1,5.6710000038147,34.8810005187988,0.0299040004611015,0,149.416107177734,-86.1874,24.1517,55.8342727481583,63,63,63,63,61,63,0,8520,1.66016505209534,24,-86,0.001869,51,2024-11-21 15:08:33.001621,852,1.037,0.0011,"aoml_navis",1031.39874196287
"7901009",53,0,1,0.029904,1,0.007476,1,154.985673476392,1,4.84774669153226,854,1,5.6710000038147,34.8800010681152,0.0299040004611015,0,149.453399658203,-86.1874,24.1517,55.8342727481583,63,63,63,63,61,63,0,8520,1.66016505209534,24,-86,0.001869,51,2024-11-21 15:08:33.001621,854,1.037,0.0011,"aoml_navis",1031.40702643017
"7901009",53,0,1,0.028035,1,0.005607,1,155.162803070837,1,4.84769632993951,856,1,5.66499996185303,34.8810005187988,0.0280349999666214,0,149.624206542969,-86.1874,24.1517,55.8342727481583,63,63,63,63,61,63,0,8520,1.66016505209534,24,-86,0.001869,51,2024-11-21 15:08:33.001621,856,1.037,0.0011,"aoml_navis",1031.41774147854
"7901009",53,0,1,0.033642,1,0.011214,1,155.273236109931,1,4.84765033272466,858,1,5.65999984741211,34.8810005187988,0.0336420014500618,0,149.730697631836,-86.1874,24.1517,55.8342727481583,63,63,63,63,61,63,0,8520,1.66016505209534,24,-86,0.001869,51,2024-11-21 15:08:33.001621,858,1.037,0.0011,"aoml_navis",1031.42752814634
"7901009",53,0,1,0.024297,1,0.001869,1,155.294392288936,1,4.84760433766024,860,1,5.65500020980835,34.8810005187988,0.0242970008403063,0,149.751098632812,-86.1874,24.1517,55.8342727481583,63,63,63,63,61,63,0,8520,1.66016505209534,24,-86,0.001869,51,2024-11-21 15:08:33.001621,860,1.037,0.0011,"aoml_navis",1031.43731454232
"7901009",53,0,1,0.029904,1,0.007476,1,155.315437702605,1,4.8475610434566,862,1,5.65399980545044,34.8810005187988,0.0299040004611015,0,149.771392822266,-86.1874,24.1517,55.8342727481583,63,63,63,63,61,63,0,8520,1.66016505209534,24,-86,0.001869,51,2024-11-21 15:08:33.001621,862,1.037,0.0011,"aoml_navis",1031.4465264443
"7901009",53,0,1,0.028035,1,0.005607,1,155.303522517272,1,4.84751842689155,864,1,5.65399980545044,34.8810005187988,0.0280349999666214,0,149.759902954102,-86.1874,24.1517,55.8342727481583,63,63,63,63,61,63,0,8520,1.66016505209534,24,-86,0.001869,51,2024-11-21 15:08:33.001621,864,1.037,0.0011,"aoml_navis",1031.45559432277
"7901009",53,0,1,0.031773,1,0.009345,1,155.312130566171,1,4.84747581287678,866,1,5.65399980545044,34.8810005187988,0.0317730009555817,0,149.768203735352,-86.1874,24.1517,55.8342727481583,63,63,63,63,61,63,0,8520,1.66016505209534,24,-86,0.001869,51,2024-11-21 15:08:33.001621,866,1.037,0.0011,"aoml_navis",1031.46466181802
"7901009",53,0,1,0.029904,1,0.007476,1,155.307256891427,1,4.84743320141205,868,1,5.65399980545044,34.8810005187988,0.0299040004611015,0,149.76350402832,-86.1874,24.1517,55.8342727481583,63,63,63,63,61,63,0,8520,1.66016505209534,24,-86,0.001869,51,2024-11-21 15:08:33.001621,868,1.037,0.0011,"aoml_navis",1031.47372893009
"7901009",53,0,1,0.031773,1,0.009345,1,155.414889149905,1,4.84738991679171,870,1,5.65299987792969,34.8810005187988,0.0317730009555817,0,149.867294311523,-86.1874,24.1517,55.8342727481583,63,63,63,63,61,63,0,8520,1.66016505209534,24,-86,0.001869,51,2024-11-21 15:08:33.001621,870,1.037,0.0011,"aoml_navis",1031.48293944327
"7901009",53,0,1,0.031773,1,0.009345,1,155.499719572973,1,4.84734731022861,872,1,5.65299987792969,34.8810005187988,0.0317730009555817,0,149.949096679688,-86.1874,24.1517,55.8342727481583,63,63,63,63,61,63,0,8520,1.66016505209534,24,-86,0.001869,51,2024-11-21 15:08:33.001621,872,1.037,0.0011,"aoml_navis",1031.49200583364
"7901009",53,0,1,0.028035,1,0.005607,1,155.678399882109,1,4.84730470621493,874,1,5.65299987792969,34.8810005187988,0.0280349999666214,0,150.121398925781,-86.1874,24.1517,55.8342727481583,63,63,63,63,61,63,0,8520,1.66016505209534,24,-86,0.001869,51,2024-11-21 15:08:33.001621,874,1.037,0.0011,"aoml_navis",1031.50107184087
"7901009",53,0,1,0.031773,1,0.009345,1,155.931846792437,1,4.84726075230347,876,1,5.65100002288818,34.8810005187988,0.0317730009555817,0,150.365798950195,-86.1874,24.1517,55.8342727481583,63,63,63,63,61,63,0,8520,1.66016505209534,24,-86,0.001869,51,2024-11-21 15:08:33.001621,876,1.037,0.0011,"aoml_navis",1031.51042526935
"7901009",53,0,1,0.031773,1,0.009345,1,156.340017052281,1,4.84721274330797,878,1,5.64300012588501,34.8810005187988,0.0317730009555817,0,150.759399414062,-86.1874,24.1517,55.8342727481583,63,63,63,63,61,63,0,8520,1.66016505209534,24,-86,0.001869,51,2024-11-21 15:08:33.001621,878,1.037,0.0011,"aoml_navis",1031.52064181688
"7901009",53,0,1,0.029904,1,0.007476,1,156.755339588049,1,4.84714889389575,880,1,5.61700010299683,34.8819999694824,0.0299040004611015,0,151.159896850586,-86.1874,24.1517,55.8342727481583,63,63,63,63,61,63,0,8520,1.66016505209534,24,-86,0.001869,51,2024-11-21 15:08:33.001621,880,1.037,0.0011,"aoml_navis",1031.53422959562
"7901009",53,0,1,0.031773,1,0.009345,1,157.012204400146,1,4.84708911429434,882,1,5.59700012207031,34.882999420166,0.0317730009555817,0,151.407592773438,-86.1874,24.1517,55.8342727481583,63,63,63,63,61,63,0,8520,1.66016505209534,24,-86,0.001869,51,2024-11-21 15:08:33.001621,882,1.037,0.0011,"aoml_navis",1031.54695160333
"7901009",53,0,1,0.028035,1,0.005607,1,157.100879962704,1,4.84703438244864,884,1,5.5789999961853,34.882999420166,0.0280349999666214,0,151.493103027344,-86.1874,24.1517,55.8342727481583,63,63,63,63,61,63,0,8520,1.66016505209534,24,-86,0.001869,51,2024-11-21 15:08:33.001621,884,1.037,0.0011,"aoml_navis",1031.55859964709
"7901009",53,0,1,0.029904,1,0.007476,1,157.303722938511,1,4.84697732149099,886,1,5.56300020217896,34.8839988708496,0.0299040004611015,0,151.688705444336,-86.1874,24.1517,55.8342727481583,63,63,63,63,61,63,0,8520,1.66016505209534,24,-86,0.001869,51,2024-11-21 15:08:33.001621,886,1.037,0.0011,"aoml_navis",1031.57074365306
"7901009",53,0,1,0.031773,1,0.009345,1,157.375372286701,1,4.84692105473356,887.900024414062,1,5.54500007629395,34.8849983215332,0.0317730009555817,0,151.757797241211,-86.1874,24.1517,55.8342727481583,63,63,63,63,61,63,0,8520,1.66016505209534,24,-86,0.001869,51,2024-11-21 15:08:33.001621,887.900024414062,1.037,0.0011,"aoml_navis",1031.58271891327
"7901009",53,0,1,0.026166,1,0.003738,1,157.53093428804,1,4.84686657074546,890,1,5.53599977493286,34.8860015869141,0.0261659994721413,0,151.907806396484,-86.1874,24.1517,55.8342727481583,63,63,63,63,61,63,0,8520,1.66016505209534,24,-86,0.001869,51,2024-11-21 15:08:33.001621,890,1.037,0.0011,"aoml_navis",1031.59431501144
"7901009",53,0,1,0.029904,1,0.007476,1,157.737701521433,1,4.84680886261097,892,1,5.51900005340576,34.8870010375977,0.0299040004611015,0,152.107192993164,-86.1874,24.1517,55.8342727481583,63,63,63,63,61,63,0,8520,1.66016505209534,24,-86,0.001869,51,2024-11-21 15:08:33.001621,892,1.037,0.0011,"aoml_navis",1031.60659760503
"7901009",53,0,1,0.029904,1,0.007476,1,157.926967831881,1,4.8467568631842,894,1,5.50500011444092,34.8870010375977,0.0299040004611015,0,152.289703369141,-86.1874,24.1517,55.8342727481583,63,63,63,63,61,63,0,8520,1.66016505209534,24,-86,0.001869,51,2024-11-21 15:08:33.001621,894,1.037,0.0011,"aoml_navis",1031.61766540835
"7901009",53,0,1,0.028035,1,0.005607,1,157.972492384607,1,4.8467115752137,896,1,5.50099992752075,34.8870010375977,0.0280349999666214,0,152.333602905273,-86.1874,24.1517,55.8342727481583,63,63,63,63,61,63,0,8520,1.66016505209534,24,-86,0.001869,51,2024-11-21 15:08:33.001621,896,1.037,0.0011,"aoml_navis",1031.62730490715
"7901009",53,0,1,0.029904,1,0.007476,1,158.136029490073,1,4.8466619319166,898,1,5.49599981307983,34.8880004882812,0.0299040004611015,0,152.491302490234,-86.1874,24.1517,55.8342727481583,63,63,63,63,61,63,0,8520,1.66016505209534,24,-86,0.001869,51,2024-11-21 15:08:33.001621,898,1.037,0.0011,"aoml_navis",1031.63787163978
"7901009",53,0,1,0.028035,1,0.005607,1,158.409904692917,1,4.8466159772753,900,1,5.49100017547607,34.8880004882812,0.0280349999666214,0,152.755401611328,-86.1874,24.1517,55.8342727481583,63,63,63,63,61,63,0,8520,1.66016505209534,24,-86,0.001869,51,2024-11-21 15:08:33.001621,900,1.037,0.0011,"aoml_navis",1031.64765342331
"7901009",53,0,1,0.029904,1,0.007476,1,158.685441375789,1,4.84656198070843,902,1,5.47399997711182,34.8880004882812,0.0299040004611015,0,153.021102905273,-86.1874,24.1517,55.8342727481583,63,63,63,63,61,63,0,8520,1.66016505209534,24,-86,0.001869,51,2024-11-21 15:08:33.001621,902,1.037,0.0011,"aoml_navis",1031.6591472269
"7901009",53,0,1,0.031773,1,0.009345,1,158.971753943403,1,4.84650966454694,904,1,5.46500015258789,34.8889999389648,0.0317730009555817,0,153.29719543457,-86.1874,24.1517,55.8342727481583,63,63,63,63,61,63,0,8520,1.66016505209534,24,-86,0.001869,51,2024-11-21 15:08:33.001621,904,1.037,0.0011,"aoml_navis",1031.67028358075
"7901009",53,0,1,0.029904,1,0.007476,1,159.157586528463,1,4.84646874158255,906,1,5.46199989318848,34.8880004882812,0.0299040004611015,0,153.47639465332,-86.1874,24.1517,55.8342727481583,63,63,63,63,61,63,0,8520,1.66016505209534,24,-86,0.001869,51,2024-11-21 15:08:33.001621,906,1.037,0.0011,"aoml_navis",1031.67899487315
"7901009",53,0,1,0.031773,1,0.009345,1,159.490689538348,1,4.84641509125841,908,1,5.45100021362305,34.8889999389648,0.0317730009555817,0,153.797607421875,-86.1874,24.1517,55.8342727481583,63,63,63,63,61,63,0,8520,1.66016505209534,24,-86,0.001869,51,2024-11-21 15:08:33.001621,908,1.037,0.0011,"aoml_navis",1031.69041566799
"7901009",53,0,1,0.029904,1,0.007476,1,159.939289145503,1,4.84636379317153,910,1,5.43800020217896,34.8889999389648,0.0299040004611015,0,154.230194091797,-86.1874,24.1517,55.8342727481583,63,63,63,63,61,63,0,8520,1.66016505209534,24,-86,0.001869,51,2024-11-21 15:08:33.001621,910,1.037,0.0011,"aoml_navis",1031.70133596759
"7901009",53,0,1,0.028035,1,0.005607,1,160.408237927079,1,4.84630279978312,912,1,5.41599988937378,34.8899993896484,0.0280349999666214,0,154.682403564453,-86.1874,24.1517,55.8342727481583,63,63,63,63,61,63,0,8520,1.66016505209534,24,-86,0.001869,51,2024-11-21 15:08:33.001621,912,1.037,0.0011,"aoml_navis",1031.7143204968
"7901009",53,0,1,0.028035,1,0.005607,1,160.817642429228,1,4.84625218512872,914,1,5.40399980545044,34.8899993896484,0.0280349999666214,0,155.077194213867,-86.1874,24.1517,55.8342727481583,63,63,63,63,61,63,0,8520,1.66016505209534,24,-86,0.001869,51,2024-11-21 15:08:33.001621,914,1.037,0.0011,"aoml_navis",1031.72509580559
"7901009",53,0,1,0.035511,1,0.013083,1,161.396612835797,1,4.84620558002766,916,1,5.39799976348877,34.8899993896484,0.0355109982192516,0,155.635498046875,-86.1874,24.1517,55.8342727481583,63,63,63,63,61,63,0,8520,1.66016505209534,24,-86,0.001869,51,2024-11-21 15:08:33.001621,916,1.037,0.0011,"aoml_navis",1031.73501772318
"7901009",53,0,1,0.031773,1,0.009345,1,162.117964168827,1,4.84614928556636,918,1,5.38299989700317,34.890998840332,0.0317730009555817,0,156.331100463867,-86.1874,24.1517,55.8342727481583,63,63,63,63,61,63,0,8520,1.66016505209534,24,-86,0.001869,51,2024-11-21 15:08:33.001621,918,1.037,0.0011,"aoml_navis",1031.74700269591
"7901009",53,0,1,0.028035,1,0.005607,1,162.386142868724,1,4.84609899919267,920,1,5.3769998550415,34.8919982910156,0.0280349999666214,0,156.589706420898,-86.1874,24.1517,55.8342727481583,63,63,63,63,61,63,0,8520,1.66016505209534,24,-86,0.001869,51,2024-11-21 15:08:33.001621,920,1.037,0.0011,"aoml_navis",1031.75770879484
"7901009",53,0,1,0.028035,1,0.005607,1,162.725654444425,1,4.84605306817923,922,1,5.37200021743774,34.8919982910156,0.0280349999666214,0,156.917098999023,-86.1874,24.1517,55.8342727481583,63,63,63,63,61,63,0,8520,1.66016505209534,24,-86,0.001869,51,2024-11-21 15:08:33.001621,922,1.037,0.0011,"aoml_navis",1031.76748782048
"7901009",53,0,1,0.026166,1,0.003738,1,162.962818850494,1,4.84600713865894,924,1,5.36700010299683,34.8919982910156,0.0261659994721413,0,157.145797729492,-86.1874,24.1517,55.8342727481583,63,63,63,63,61,63,0,8520,1.66016505209534,24,-86,0.001869,51,2024-11-21 15:08:33.001621,924,1.037,0.0011,"aoml_navis",1031.77726671358
"7901009",53,0,1,0.026166,1,0.003738,1,163.204761989591,1,4.84596254450855,926,1,5.36399984359741,34.8919982910156,0.0261659994721413,0,157.379104614258,-86.1874,24.1517,55.8342727481583,63,63,63,63,61,63,0,8520,1.66016505209534,24,-86,0.001869,51,2024-11-21 15:08:33.001621,926,1.037,0.0011,"aoml_navis",1031.7867614693
"7901009",53,0,1,0.033642,1,0.011214,1,163.474902818281,1,4.84591528505029,928,1,5.35699987411499,34.8919982910156,0.0336420014500618,0,157.639602661133,-86.1874,24.1517,55.8342727481583,63,63,63,63,61,63,0,8520,1.66016505209534,24,-86,0.001869,51,2024-11-21 15:08:33.001621,928,1.037,0.0011,"aoml_navis",1031.79682389931
"7901009",53,0,1,0.029904,1,0.007476,1,163.662396883367,1,4.84585833083413,930,1,5.34100008010864,34.8930015563965,0.0299040004611015,0,157.820404052734,-86.1874,24.1517,55.8342727481583,63,63,63,63,61,63,0,8520,1.66016505209534,24,-86,0.001869,51,2024-11-21 15:08:33.001621,930,1.037,0.0011,"aoml_navis",1031.80895078691
"7901009",53,0,1,0.029904,1,0.007476,1,163.817737354036,1,4.84581240920498,932,1,5.33599996566772,34.8930015563965,0.0299040004611015,0,157.970199584961,-86.1874,24.1517,55.8342727481583,63,63,63,63,61,63,0,8520,1.66016505209534,24,-86,0.001869,51,2024-11-21 15:08:33.001621,932,1.037,0.0011,"aoml_navis",1031.81872878573
"7901009",53,0,1,0.028035,1,0.005607,1,163.949548102805,1,4.84576582343088,934,1,5.32999992370605,34.8930015563965,0.0280349999666214,0,158.097305297852,-86.1874,24.1517,55.8342727481583,63,63,63,63,61,63,0,8520,1.66016505209534,24,-86,0.001869,51,2024-11-21 15:08:33.001621,934,1.037,0.0011,"aoml_navis",1031.82864838894
"7901009",53,0,1,0.031773,1,0.009345,1,164.101977027522,1,4.84571022853696,936,1,5.31599998474121,34.8940010070801,0.0317730009555817,0,158.244293212891,-86.1874,24.1517,55.8342727481583,63,63,63,63,61,63,0,8520,1.66016505209534,24,-86,0.001869,51,2024-11-21 15:08:33.001621,936,1.037,0.0011,"aoml_navis",1031.8404865719
"7901009",53,0,1,0.029904,1,0.007476,1,164.309187322256,1,4.84566231700854,938,1,5.30800008773804,34.8940010070801,0.0299040004611015,0,158.444107055664,-86.1874,24.1517,55.8342727481583,63,63,63,63,61,63,0,8520,1.66016505209534,24,-86,0.001869,51,2024-11-21 15:08:33.001621,938,1.037,0.0011,"aoml_navis",1031.85068890371
"7901009",53,0,1,0.031773,1,0.009345,1,164.472724427722,1,4.84561839944728,940,1,5.30600023269653,34.8940010070801,0.0317730009555817,0,158.601806640625,-86.1874,24.1517,55.8342727481583,63,63,63,63,61,63,0,8520,1.66016505209534,24,-86,0.001869,51,2024-11-21 15:08:33.001621,940,1.037,0.0011,"aoml_navis",1031.86004093313
"7901009",53,0,1,0.033642,1,0.011214,1,164.834942897118,1,4.84557049152486,942,1,5.2979998588562,34.8940010070801,0.0336420014500618,0,158.951095581055,-86.1874,24.1517,55.8342727481583,63,63,63,63,61,63,0,8520,1.66016505209534,24,-86,0.001869,51,2024-11-21 15:08:33.001621,942,1.037,0.0011,"aoml_navis",1031.87024288373
"7901009",53,0,1,0.029904,1,0.007476,1,165.192920636543,1,4.8455149119598,944,1,5.28399991989136,34.8950004577637,0.0299040004611015,0,159.296295166016,-86.1874,24.1517,55.8342727481583,63,63,63,63,61,63,0,8520,1.66016505209534,24,-86,0.001869,51,2024-11-21 15:08:33.001621,944,1.037,0.0011,"aoml_navis",1031.88207875677
"7901009",53,0,1,0.029904,1,0.007476,1,165.508586017959,1,4.84546169659459,946,1,5.26800012588501,34.8950004577637,0.0299040004611015,0,159.600692749023,-86.1874,24.1517,55.8342727481583,63,63,63,63,61,63,0,8520,1.66016505209534,24,-86,0.001869,51,2024-11-21 15:08:33.001621,946,1.037,0.0011,"aoml_navis",1031.89341141919
"7901009",53,0,1,0.029904,1,0.007476,1,165.776764717856,1,4.84540812243234,948,1,5.25699996948242,34.8959999084473,0.0299040004611015,0,159.859298706055,-86.1874,24.1517,55.8342727481583,63,63,63,63,61,63,0,8520,1.66016505209534,24,-86,0.001869,51,2024-11-21 15:08:33.001621,948,1.037,0.0011,"aoml_navis",1031.90482074192
"7901009",53,0,1,0.029904,1,0.007476,1,166.07325187268,1,4.84535691153148,950,1,5.24399995803833,34.8959999084473,0.0299040004611015,0,160.145202636719,-86.1874,24.1517,55.8342727481583,63,63,63,63,61,63,0,8520,1.66016505209534,24,-86,0.001869,51,2024-11-21 15:08:33.001621,950,1.037,0.0011,"aoml_navis",1031.9157270129
"7901009",53,0,1,0.029904,1,0.007476,1,166.204113204292,1,4.8453083583072,952,1,5.2350001335144,34.8959999084473,0.0299040004611015,0,160.271392822266,-86.1874,24.1517,55.8342727481583,63,63,63,63,61,63,0,8520,1.66016505209534,24,-86,0.001869,51,2024-11-21 15:08:33.001621,952,1.037,0.0011,"aoml_navis",1031.92606749735
"7901009",53,0,1,0.029904,1,0.007476,1,166.483384261318,1,4.84525877395581,954,1,5.23000001907349,34.8969993591309,0.0299040004611015,0,160.54069519043,-86.1874,24.1517,55.8342727481583,63,63,63,63,61,63,0,8520,1.66016505209534,24,-86,0.001869,51,2024-11-21 15:08:33.001621,954,1.037,0.0011,"aoml_navis",1031.93662779704
"7901009",53,0,1,0.029904,1,0.007476,1,166.653155872788,1,4.8452128769412,956,1,5.22499990463257,34.8969993591309,0.0299040004611015,0,160.704406738281,-86.1874,24.1517,55.8342727481583,63,63,63,63,61,63,0,8520,1.66016505209534,24,-86,0.001869,51,2024-11-21 15:08:33.001621,956,1.037,0.0011,"aoml_navis",1031.94640297343
"7901009",53,0,1,0.028035,1,0.005607,1,166.861378879157,1,4.84516366817871,958,1,5.21500015258789,34.8969993591309,0.0280349999666214,0,160.905197143555,-86.1874,24.1517,55.8342727481583,63,63,63,63,61,63,0,8520,1.66016505209534,24,-86,0.001869,51,2024-11-21 15:08:33.001621,958,1.037,0.0011,"aoml_navis",1031.95688369378
"7901009",53,0,1,0.028035,1,0.005607,1,166.978980017795,1,4.8451138004162,960,1,5.2039999961853,34.8969993591309,0.0280349999666214,0,161.018600463867,-86.1874,24.1517,55.8342727481583,63,63,63,63,61,63,0,8520,1.66016505209534,24,-86,0.001869,51,2024-11-21 15:08:33.001621,960,1.037,0.0011,"aoml_navis",1031.96750498832
"7901009",53,0,1,0.031773,1,0.009345,1,167.124573138974,1,4.84506857157298,962,1,5.19999980926514,34.8969993591309,0.0317730009555817,0,161.158996582031,-86.1874,24.1517,55.8342727481583,63,63,63,63,61,63,0,8520,1.66016505209534,24,-86,0.001869,51,2024-11-21 15:08:33.001621,962,1.037,0.0011,"aoml_navis",1031.97713843227
"7901009",53,0,1,0.031773,1,0.009345,1,167.260007496563,1,4.84501833495917,964,1,5.19399976730347,34.8979988098145,0.0317730009555817,0,161.289596557617,-86.1874,24.1517,55.8342727481583,63,63,63,63,61,63,0,8520,1.66016505209534,24,-86,0.001869,51,2024-11-21 15:08:33.001621,964,1.037,0.0011,"aoml_navis",1031.987838709
"7901009",53,0,1,0.028035,1,0.005607,1,167.379159349892,1,4.84496913778054,966,1,5.18400001525879,34.8979988098145,0.0280349999666214,0,161.404495239258,-86.1874,24.1517,55.8342727481583,63,63,63,63,61,63,0,8520,1.66016505209534,24,-86,0.001869,51,2024-11-21 15:08:33.001621,966,1.037,0.0011,"aoml_navis",1031.99831780363
"7901009",53,0,1,0.033642,1,0.011214,1,167.469907806578,1,4.84492325246799,968,1,5.17899990081787,34.8979988098145,0.0336420014500618,0,161.492004394531,-86.1874,24.1517,55.8342727481583,63,63,63,63,61,63,0,8520,1.66016505209534,24,-86,0.001869,51,2024-11-21 15:08:33.001621,968,1.037,0.0011,"aoml_navis",1032.00809165615
"7901009",53,0,1,0.031773,1,0.009345,1,167.527869724074,1,4.84487935470107,970,1,5.17700004577637,34.8979988098145,0.0317730009555817,0,161.547897338867,-86.1874,24.1517,55.8342727481583,63,63,63,63,61,63,0,8520,1.66016505209534,24,-86,0.001869,51,2024-11-21 15:08:33.001621,970,1.037,0.0011,"aoml_navis",1032.01744232257
"7901009",53,0,1,0.033642,1,0.011214,1,167.676896570641,1,4.84483545888146,972,1,5.17500019073486,34.8979988098145,0.0336420014500618,0,161.691604614258,-86.1874,24.1517,55.8342727481583,63,63,63,63,61,63,0,8520,1.66016505209534,24,-86,0.001869,51,2024-11-21 15:08:33.001621,972,1.037,0.0011,"aoml_navis",1032.02679274362
"7901009",53,0,1,0.031773,1,0.009345,1,167.871748618702,1,4.84478759276549,974,1,5.16699981689453,34.8979988098145,0.0317730009555817,0,161.879501342773,-86.1874,24.1517,55.8342727481583,63,63,63,63,61,63,0,8520,1.66016505209534,24,-86,0.001869,51,2024-11-21 15:08:33.001621,974,1.037,0.0011,"aoml_navis",1032.03698908623
"7901009",53,0,1,0.028035,1,0.005607,1,168.113992406566,1,4.84474237656934,976,1,5.16300010681152,34.8979988098145,0.0280349999666214,0,162.113098144531,-86.1874,24.1517,55.8342727481583,63,63,63,63,61,63,0,8520,1.66016505209534,24,-86,0.001869,51,2024-11-21 15:08:33.001621,976,1.037,0.0011,"aoml_navis",1032.04662113336
"7901009",53,0,1,0.031773,1,0.009345,1,168.472492325427,1,4.84469517668021,978,1,5.1560001373291,34.8979988098145,0.0317730009555817,0,162.458801269531,-86.1874,24.1517,55.8342727481583,63,63,63,63,61,63,0,8520,1.66016505209534,24,-86,0.001869,51,2024-11-21 15:08:33.001621,978,1.037,0.0011,"aoml_navis",1032.05667594266
"7901009",53,0,1,0.029904,1,0.007476,1,174.414704433927,1,4.8441177154874,1000,1,5.01830005645752,34.9029998779297,0.0299040004611015,0,168.188903808594,-86.1874,24.1517,55.8342727481583,63,63,63,63,61,63,0,8520,1.66016505209534,24,-86,0.001869,51,2024-11-21 15:08:33.001621,1000,1.037,0.0011,"aoml_navis",1032.17970612362
"7901009",53,0,1,0.033642,1,0.011214,1,179.775968183445,1,4.84292419357313,1049.09997558594,1,4.83039999008179,34.9099998474121,0.0336420014500618,0,173.358795166016,-86.1874,24.1517,55.8342727481583,63,63,63,63,61,63,0,8520,1.66016505209534,24,-86,0.001869,51,2024-11-21 15:08:33.001621,1049.09997558594,1.037,0.0011,"aoml_navis",1032.43408324155
"7901009",53,0,1,0.033642,1,0.011214,1,184.660529577931,1,4.8417682822812,1099,1,4.70730018615723,34.9140014648438,0.0336420014500618,0,178.069000244141,-86.1874,24.1517,55.8342727481583,63,63,63,63,61,63,0,8520,1.66016505209534,24,-86,0.001869,51,2024-11-21 15:08:33.001621,1099,1.037,0.0011,"aoml_navis",1032.68056389602
"7901009",53,0,1,0.033642,1,0.011214,1,189.717125361447,1,4.84058271859153,1149.40002441406,1,4.5644998550415,34.9199981689453,0.0336420014500618,0,182.945098876953,-86.1874,24.1517,55.8342727481583,63,63,63,63,61,63,0,8520,1.66016505209534,24,-86,0.001869,51,2024-11-21 15:08:33.001621,1149.40002441406,1.037,0.0011,"aoml_navis",1032.93348976275
"7901009",53,0,1,0.035511,1,0.013083,1,192.904603586005,1,4.83945743824382,1199.5,1,4.49160003662109,34.923999786377,0.0355109982192516,0,186.018798828125,-86.1874,24.1517,55.8342727481583,63,63,63,63,61,63,0,8520,1.66016505209534,24,-86,0.001869,51,2024-11-21 15:08:33.001621,1199.5,1.037,0.0011,"aoml_navis",1033.17366952905
"7901009",53,0,1,0.031773,1,0.009345,1,195.158045210521,1,4.83836434537338,1249.19995117188,1,4.44199991226196,34.9259986877441,0.0317730009555817,0,188.191802978516,-86.1874,24.1517,55.8342727481583,63,63,63,63,61,63,0,8520,1.66016505209534,24,-86,0.001869,51,2024-11-21 15:08:33.001621,1249.19995117188,1.037,0.0011,"aoml_navis",1033.4070861739
"7901009",53,0,1,0.028035,1,0.005607,1,197.189655516071,1,4.83729729851279,1298.69995117188,1,4.41820001602173,34.9269981384277,0.0280349999666214,0,190.150894165039,-86.1874,24.1517,55.8342727481583,63,63,63,63,61,63,0,8520,1.66016505209534,24,-86,0.001869,51,2024-11-21 15:08:33.001621,1298.69995117188,1.037,0.0011,"aoml_navis",1033.63504276184
"7901009",53,0,1,0.031773,1,0.009345,1,198.904160490848,1,4.83618290632332,1349.59997558594,1,4.37659978866577,34.9300003051758,0.0317730009555817,0,191.80419921875,-86.1874,24.1517,55.8342727481583,63,63,63,63,61,63,0,8520,1.66016505209534,24,-86,0.001869,51,2024-11-21 15:08:33.001621,1349.59997558594,1.037,0.0011,"aoml_navis",1033.87322126764
"7901009",53,0,1,0.03738,1,0.014952,1,199.84452653861,1,4.83509752853059,1399.90002441406,1,4.34660005569458,34.9309997558594,0.0373799987137318,0,192.710998535156,-86.1874,24.1517,55.8342727481583,63,63,63,63,61,63,0,8520,1.66016505209534,24,-86,0.001869,51,2024-11-21 15:08:33.001621,1399.90002441406,1.037,0.0011,"aoml_navis",1034.1053040805
"7901009",53,0,1,0.028035,1,0.005607,1,200.308696587157,1,4.83405558334541,1448.90002441406,1,4.33860015869141,34.931999206543,0.0280349999666214,0,193.158599853516,-86.1874,24.1517,55.8342727481583,63,63,63,63,61,63,0,8520,1.66016505209534,24,-86,0.001869,51,2024-11-21 15:08:33.001621,1448.90002441406,1.037,0.0011,"aoml_navis",1034.3281978855
"7901009",53,0,1,0.031773,1,0.009345,1,200.719050506464,1,4.83297673603541,1499.90002441406,1,4.3306999206543,34.931999206543,0.0317730009555817,0,193.554306030273,-86.1874,24.1517,55.8342727481583,63,63,63,63,61,63,0,8520,1.66016505209534,24,-86,0.001869,51,2024-11-21 15:08:33.001621,1499.90002441406,1.037,0.0011,"aoml_navis",1034.55908709828
"7901009",53,0,1,0.022428,1,0,1,201.176574634905,1,4.83194857674751,1548.90002441406,1,4.33330011367798,34.931999206543,0.0224280003458261,0,193.995498657227,-86.1874,24.1517,55.8342727481583,63,63,63,63,61,63,0,8520,1.66016505209534,24,-86,0.001869,51,2024-11-21 15:08:33.001621,1548.90002441406,1.037,0.0011,"aoml_navis",1034.77922427842
"7901009",53,0,1,0.026166,1,0.003738,1,202.092255836559,1,4.83088365362509,1598.69995117188,1,4.31510019302368,34.9339981079102,0.0261659994721413,0,194.878494262695,-86.1874,24.1517,55.8342727481583,63,63,63,63,61,63,0,8520,1.66016505209534,24,-86,0.001869,51,2024-11-21 15:08:33.001621,1598.69995117188,1.037,0.0011,"aoml_navis",1035.00733168103
"7901009",53,0,1,0.024297,1,0.001869,1,203.087276665383,1,4.82982601929085,1648.80004882812,1,4.30399990081787,34.9339981079102,0.0242970008403063,0,195.837997436523,-86.1874,24.1517,55.8342727481583,63,63,63,63,61,63,0,8520,1.66016505209534,24,-86,0.001869,51,2024-11-21 15:08:33.001621,1648.80004882812,1.037,0.0011,"aoml_navis",1035.2339773792
"7901009",53,0,1,0.024297,1,0.001869,1,204.105004387903,1,4.82875581859221,1699,1,4.28620004653931,34.9360008239746,0.0242970008403063,0,196.819396972656,-86.1874,24.1517,55.8342727481583,63,63,63,63,61,63,0,8520,1.66016505209534,24,-86,0.001869,51,2024-11-21 15:08:33.001621,1699,1.037,0.0011,"aoml_navis",1035.46341704595
"7901009",53,0,1,0.026166,1,0.003738,1,204.543666762138,1,4.8277049881572,1749.19995117188,1,4.28369998931885,34.9360008239746,0.0261659994721413,0,197.242401123047,-86.1874,24.1517,55.8342727481583,63,63,63,63,61,63,0,8520,1.66016505209534,24,-86,0.001869,51,2024-11-21 15:08:33.001621,1749.19995117188,1.037,0.0011,"aoml_navis",1035.68880291266
"7901009",53,0,1,0.026166,1,0.003738,1,204.70119089227,1,4.82664798845818,1799.80004882812,1,4.28210020065308,34.9360008239746,0.0261659994721413,0,197.394302368164,-86.1874,24.1517,55.8342727481583,63,63,63,63,61,63,0,8520,1.66016505209534,24,-86,0.001869,51,2024-11-21 15:08:33.001621,1799.80004882812,1.037,0.0011,"aoml_navis",1035.91561099056
"7901009",53,0,1,0.033642,1,0.011214,1,203.831334892109,1,4.82563036290109,1848.69995117188,1,4.28389978408813,34.9360008239746,0.0336420014500618,0,196.55549621582,-86.1874,24.1517,55.8342727481583,63,63,63,63,61,63,0,8520,1.66016505209534,24,-86,0.001869,51,2024-11-21 15:08:33.001621,1848.69995117188,1.037,0.0011,"aoml_navis",1036.13406415034
"7901009",54,0.134703031855691,1,0.218673,1,0.196245,1,193.395797424025,1,4.88511486186023,2.09999990463257,1,27.4200000762939,36.2290000915527,0.218673005700111,0.20558999478817,186.492401123047,-85.9603,25.4828,35.8634679951884,63,63,63,63,61,63,0.196245,8279,1.45687144005964,25,-86,0.001869,51,2024-12-01 23:47:36.002536,2.09999990463257,1.037,0.0011,"aoml_navis",1023.51738728535
"7901009",54,0.128288601767324,1,0.209328,1,0.1869,1,193.48529584271,1,4.88507136918185,4,1,27.4169998168945,36.2290000915527,0.20932799577713,0.19624499976635,186.578704833984,-85.9603,25.4828,35.8634679951884,63,63,63,63,61,63,0.1869,8279,1.45687144005964,25,-86,0.001869,51,2024-12-01 23:47:36.002536,4,1.037,0.0011,"aoml_navis",1023.52649984669
"7901009",54,0.128288601767324,1,0.209328,1,0.1869,1,193.405544776555,1,4.88502738248072,6,1,27.4150009155273,36.2290000915527,0.20932799577713,0.19624499976635,186.501800537109,-85.9603,25.4828,35.8634679951884,63,63,63,63,61,63,0.1869,8279,1.45687144005964,25,-86,0.001869,51,2024-12-01 23:47:36.002536,6,1.037,0.0011,"aoml_navis",1023.53571608045
"7901009",54,0.129571487784998,1,0.211197,1,0.188769,1,193.412491347595,1,4.88497875548239,8,1,27.4099998474121,36.2290000915527,0.211197003722191,0.198113992810249,186.508499145508,-85.9603,25.4828,35.8634679951884,63,63,63,63,61,63,0.188769,8279,1.45687144005964,25,-86,0.001869,51,2024-12-01 23:47:36.002536,8,1.037,0.0011,"aoml_navis",1023.54590475721
"7901009",54,0.129571487784998,1,0.211197,1,0.188769,1,193.413535706795,1,4.88493786442213,10,1,27.4099998474121,36.2290000915527,0.211197003722191,0.198113992810249,186.509506225586,-85.9603,25.4828,35.8634679951884,63,63,63,63,61,63,0.188769,8279,1.45687144005964,25,-86,0.001869,51,2024-12-01 23:47:36.002536,10,1.037,0.0011,"aoml_navis",1023.55447270187
"7901009",54,0.129571487784998,1,0.211197,1,0.188769,1,193.44537283876,1,4.88487791984759,12,1,27.3999996185303,36.2299995422363,0.211197003722191,0.198113992810249,186.54020690918,-85.9603,25.4828,35.8634679951884,63,63,63,63,61,63,0.188769,8279,1.45687144005964,25,-86,0.001869,51,2024-12-01 23:47:36.002536,12,1.037,0.0011,"aoml_navis",1023.56703320766
"7901009",54,0.132137259820344,1,0.214935,1,0.192507,1,193.410212745705,1,4.88483703303888,14,1,27.3999996185303,36.2299995422363,0.214935004711151,0.20185199379921,186.506301879883,-85.9603,25.4828,35.8634679951884,63,63,63,63,61,63,0.192507,8279,1.45687144005964,25,-86,0.001869,51,2024-12-01 23:47:36.002536,14,1.037,0.0011,"aoml_navis",1023.57560061517
"7901009",54,0.13855168990871,1,0.22428,1,0.201852,1,193.42939097828,1,4.88479769395076,16,1,27.4009990692139,36.2299995422363,0.224279999732971,0.211197003722191,186.524795532227,-85.9603,25.4828,35.8634679951884,63,63,63,63,61,63,0.201852,8279,1.45687144005964,25,-86,0.001869,51,2024-12-01 23:47:36.002536,16,1.037,0.0011,"aoml_navis",1023.58384384924
"7901009",54,0.129571487784998,1,0.211197,1,0.188769,1,193.346127067544,1,4.88477537170814,18,1,27.4130001068115,36.2299995422363,0.211197003722191,0.198113992810249,186.44450378418,-85.9603,25.4828,35.8634679951884,63,63,63,63,61,63,0.188769,8279,1.45687144005964,25,-86,0.001869,51,2024-12-01 23:47:36.002536,18,1.037,0.0011,"aoml_navis",1023.58852137996
"7901009",54,0.132137259820344,1,0.214935,1,0.192507,1,193.310555560259,1,4.88473709199189,20.2000007629395,1,27.4150009155273,36.2290000915527,0.214935004711151,0.20185199379921,186.410202026367,-85.9603,25.4828,35.8634679951884,63,63,63,63,61,63,0.192507,8279,1.45687144005964,25,-86,0.001869,51,2024-12-01 23:47:36.002536,20.2000007629395,1.037,0.0011,"aoml_navis",1023.59654283074
"7901009",54,0.133420145838017,1,0.216804,1,0.194376,1,193.264825286213,1,4.88470234458777,21.7999992370605,1,27.4160003662109,36.2299995422363,0.216803997755051,0.20372100174427,186.366104125977,-85.9603,25.4828,35.8634679951884,63,63,63,63,61,63,0.194376,8279,1.45687144005964,25,-86,0.001869,51,2024-12-01 23:47:36.002536,21.7999992370605,1.037,0.0011,"aoml_navis",1023.60382420026
"7901009",54,0.161643638226829,1,0.257922,1,0.235494,1,193.146496224167,1,4.8846620244019,24,1,27.4190006256104,36.2299995422363,0.257921993732452,0.244838997721672,186.251998901367,-85.9603,25.4828,35.8634679951884,63,63,63,63,61,63,0.235494,8279,1.45687144005964,25,-86,0.001869,51,2024-12-01 23:47:36.002536,24,1.037,0.0011,"aoml_navis",1023.61227348421
"7901009",54,0.132137259820344,1,0.214935,1,0.192507,1,193.111652603597,1,4.8846278373015,26,1,27.4209995269775,36.2290000915527,0.214935004711151,0.20185199379921,186.218399047852,-85.9603,25.4828,35.8634679951884,63,63,63,63,61,63,0.192507,8279,1.45687144005964,25,-86,0.001869,51,2024-12-01 23:47:36.002536,26,1.037,0.0011,"aoml_navis",1023.61943766063
"7901009",54,0.13855168990871,1,0.22428,1,0.201852,1,193.019353403421,1,4.88457873400874,28,1,27.4179992675781,36.2299995422363,0.224279999732971,0.211197003722191,186.12939453125,-85.9603,25.4828,35.8634679951884,63,63,63,63,61,63,0.201852,8279,1.45687144005964,25,-86,0.001869,51,2024-12-01 23:47:36.002536,28,1.037,0.0011,"aoml_navis",1023.62972781821
"7901009",54,0.135985917873364,1,0.220542,1,0.198114,1,192.92363630041,1,4.88452808698742,30,1,27.4139995574951,36.2309989929199,0.220541998744011,0.207459002733231,186.037094116211,-85.9603,25.4828,35.8634679951884,63,63,63,63,61,63,0.198114,8279,1.45687144005964,25,-86,0.001869,51,2024-12-01 23:47:36.002536,30,1.037,0.0011,"aoml_navis",1023.64034169856
"7901009",54,0.139834575926384,1,0.226149,1,0.203721,1,192.805829417964,1,4.88448877141813,32,1,27.4150009155273,36.2309989929199,0.226148992776871,0.21306599676609,185.923492431641,-85.9603,25.4828,35.8634679951884,63,63,63,63,61,63,0.203721,8279,1.45687144005964,25,-86,0.001869,51,2024-12-01 23:47:36.002536,32,1.037,0.0011,"aoml_navis",1023.64858104655
"7901009",54,0.137268803891037,1,0.222411,1,0.199983,1,192.674762338407,1,4.88443503383162,34,1,27.4090003967285,36.2319984436035,0.222411006689072,0.20932799577713,185.797103881836,-85.9603,25.4828,35.8634679951884,63,63,63,63,61,63,0.199983,8279,1.45687144005964,25,-86,0.001869,51,2024-12-01 23:47:36.002536,34,1.037,0.0011,"aoml_navis",1023.65984302543
"7901009",54,0.156512094156136,1,0.250446,1,0.228018,1,192.678908127958,1,4.88428039646009,36.0999984741211,1,27.3530006408691,36.2389984130859,0.250445991754532,0.237362995743752,185.80110168457,-85.9603,25.4828,35.8634679951884,63,63,63,63,61,63,0.228018,8279,1.45687144005964,25,-86,0.001869,51,2024-12-01 23:47:36.002536,36.0999984741211,1.037,0.0011,"aoml_navis",1023.692252317
"7901009",54,0.184735586544947,1,0.291564,1,0.269136,1,193.775959996324,1,4.88355496262568,37.5,1,27.0170001983643,36.2890014648438,0.291563987731934,0.278481006622314,186.858993530273,-85.9603,25.4828,35.8634679951884,63,63,63,63,61,63,0.269136,8279,1.45687144005964,25,-86,0.001869,51,2024-12-01 23:47:36.002536,37.5,1.037,0.0011,"aoml_navis",1023.8443179744
"7901009",54,0.200130218757026,1,0.313992,1,0.291564,1,196.025145769026,1,4.88241156817002,40,1,26.4270000457764,36.3429985046387,0.313991993665695,0.300909012556076,189.027893066406,-85.9603,25.4828,35.8634679951884,63,63,63,63,61,63,0.291564,8279,1.45687144005964,25,-86,0.001869,51,2024-12-01 23:47:36.002536,40,1.037,0.0011,"aoml_navis",1024.08408840348
"7901009",54,0.229636597163511,1,0.356979,1,0.334551,1,196.844920269883,1,4.88181062332579,42,1,26.1219997406006,36.3709983825684,0.356979012489319,0.343896001577377,189.818405151367,-85.9603,25.4828,35.8634679951884,63,63,63,63,61,63,0.334551,8279,1.45687144005964,25,-86,0.001869,51,2024-12-01 23:47:36.002536,42,1.037,0.0011,"aoml_navis",1024.21015188698
"7901009",54,0.260425861587669,1,0.401835,1,0.379407,1,196.534840529331,1,4.88165276776543,44,1,26.0919990539551,36.390998840332,0.40183499455452,0.388752013444901,189.519393920898,-85.9603,25.4828,35.8634679951884,63,63,63,63,61,63,0.379407,8279,1.45687144005964,25,-86,0.001869,51,2024-12-01 23:47:36.002536,44,1.037,0.0011,"aoml_navis",1024.24327125765
"7901009",54,0.271971835746728,1,0.418656,1,0.396228,1,196.4265752923,1,4.88153391992349,46,1,26.076000213623,36.4059982299805,0.41865599155426,0.405573010444641,189.414993286133,-85.9603,25.4828,35.8634679951884,63,63,63,63,61,63,0.396228,8279,1.45687144005964,25,-86,0.001869,51,2024-12-01 23:47:36.002536,46,1.037,0.0011,"aoml_navis",1024.26820790756
"7901009",54,0.301478214153213,1,0.461643,1,0.439215,1,196.377537880789,1,4.8814648892408,48.0999984741211,1,26.048999786377,36.4020004272461,0.461643010377884,0.448559999465942,189.367706298828,-85.9603,25.4828,35.8634679951884,63,63,63,63,61,63,0.439215,8279,1.45687144005964,25,-86,0.001869,51,2024-12-01 23:47:36.002536,48.0999984741211,1.037,0.0011,"aoml_navis",1024.28269248038
"7901009",54,0.345096338754103,1,0.525189,1,0.502761,1,196.003372462075,1,4.88140475956393,50,1,26.0419998168945,36.4049987792969,0.525188982486725,0.512106001377106,189.006896972656,-85.9603,25.4828,35.8634679951884,63,63,63,63,61,63,0.502761,8279,1.45687144005964,25,-86,0.001869,51,2024-12-01 23:47:36.002536,50,1.037,0.0011,"aoml_navis",1024.29530970644
"7901009",54,0.429766815920537,1,0.648543,1,0.626115,1,195.155099613967,1,4.88133235626971,51.9000015258789,1,26.0219993591309,36.4059982299805,0.648543000221252,0.635460019111633,188.188903808594,-85.9603,25.4828,35.8634679951884,63,63,63,63,61,63,0.626115,8279,1.45687144005964,25,-86,0.001869,51,2024-12-01 23:47:36.002536,51.9000015258789,1.037,0.0011,"aoml_navis",1024.3105027622
"7901009",54,0.49006245875118,1,0.736386,1,0.713958,1,193.685638749178,1,4.88121993492758,54,1,25.9899997711182,36.4119987487793,0.736386001110077,0.723303020000458,186.771896362305,-85.9603,25.4828,35.8634679951884,63,63,63,63,61,63,0.713958,8279,1.45687144005964,25,-86,0.001869,51,2024-12-01 23:47:36.002536,54,1.037,0.0011,"aoml_navis",1024.3340940699
"7901009",54,0.601673542288752,1,0.898989,1,0.876561,1,192.091440254527,1,4.88102817729076,56,1,25.9300003051758,36.4290008544922,0.898989021778107,0.885905981063843,185.234603881836,-85.9603,25.4828,35.8634679951884,63,63,63,63,61,63,0.876561,8279,1.45687144005964,25,-86,0.001869,51,2024-12-01 23:47:36.002536,56,1.037,0.0011,"aoml_navis",1024.37433638731
"7901009",54,0.733810802109096,1,1.091496,1,1.069068,1,189.895659213625,1,4.88081413183519,58.5,1,25.8570003509521,36.4440002441406,1.09149599075317,1.07841300964355,183.117202758789,-85.9603,25.4828,35.8634679951884,63,63,63,63,61,63,1.069068,8279,1.45687144005964,25,-86,0.001869,51,2024-12-01 23:47:36.002536,58.5,1.037,0.0011,"aoml_navis",1024.41925976804
"7901009",54,0.760751408480234,1,1.130745,1,1.108317,1,188.010464269252,1,4.88059279938954,59.5999984741211,1,25.7670001983643,36.4620018005371,1.13074505329132,1.11766195297241,181.299301147461,-85.9603,25.4828,35.8634679951884,63,63,63,63,61,63,1.108317,8279,1.45687144005964,25,-86,0.001869,51,2024-12-01 23:47:36.002536,59.5999984741211,1.037,0.0011,"aoml_navis",1024.46571666979
"7901009",54,0.850553429717361,1,1.261575,1,1.239147,1,180.165950024525,1,4.87958464138496,62,1,25.3330001831055,36.5499992370605,1.2615749835968,1.24849200248718,173.734802246094,-85.9603,25.4828,35.8634679951884,63,63,63,63,61,63,1.239147,8279,1.45687144005964,25,-86,0.001869,51,2024-12-01 23:47:36.002536,62,1.037,0.0011,"aoml_navis",1024.67737880675
"7901009",54,0.804369533081125,1,1.194291,1,1.171863,1,172.605374893111,1,4.87824987015522,64,1,24.7210006713867,36.6609992980957,1.19429099559784,1.18120801448822,166.444107055664,-85.9603,25.4828,35.8634679951884,63,63,63,63,61,63,1.171863,8279,1.45687144005964,25,-86,0.001869,51,2024-12-01 23:47:36.002536,64,1.037,0.0011,"aoml_navis",1024.95774777541
"7901009",54,0.764600066533254,1,1.136352,1,1.113924,1,167.244710768524,1,4.87737884472112,66.4000015258789,1,24.3059997558594,36.7229995727539,1.13635194301605,1.12326896190643,161.274795532227,-85.9603,25.4828,35.8634679951884,63,63,63,63,61,63,1.113924,8279,1.45687144005964,25,-86,0.001869,51,2024-12-01 23:47:36.002536,66.4000015258789,1.037,0.0011,"aoml_navis",1025.14078958857
"7901009",54,0.729962144056076,4,1.085889,1,1.063461,1,167.068008356667,1,4.87731050793262,67.5999984741211,1,24.2779998779297,36.7239990234375,1.08588898181915,1.07280600070953,161.104400634766,-85.9603,25.4828,35.8634679951884,63,63,63,63,61,63,1.063461,8279,1.45687144005964,25,-86,0.001869,51,2024-12-01 23:47:36.002536,67.5999984741211,1.037,0.0011,"aoml_navis",1025.15515300243
"7901009",54,0.755619864409541,1,1.123269,1,1.100841,1,159.928658102447,1,4.87645261008678,69.9000015258789,1,23.7999992370605,36.7599983215332,1.12326896190643,1.11018598079681,154.21989440918,-85.9603,25.4828,35.8634679951884,63,63,63,63,61,63,1.100841,8279,1.45687144005964,25,-86,0.001869,51,2024-12-01 23:47:36.002536,69.9000015258789,1.037,0.0011,"aoml_navis",1025.33550508779
"7901009",54,0.62861414865989,1,0.938238,1,0.91581,1,156.906693992872,1,4.87618414891146,72,1,23.6889991760254,36.7789993286133,0.938238024711609,0.925154983997345,151.305801391602,-85.9603,25.4828,35.8634679951884,63,63,63,63,61,63,0.91581,8279,1.45687144005964,25,-86,0.001869,51,2024-12-01 23:47:36.002536,72,1.037,0.0011,"aoml_navis",1025.39195553478
"7901009",54,0.52983192529905,1,0.794325,1,0.771897,1,155.133292953735,1,4.87589684372567,74,1,23.5909996032715,36.8089981079102,0.794324994087219,0.7812420129776,149.595703125,-85.9603,25.4828,35.8634679951884,63,63,63,63,61,63,0.771897,8279,1.45687144005964,25,-86,0.001869,51,2024-12-01 23:47:36.002536,74,1.037,0.0011,"aoml_navis",1025.45237527616
"7901009",54,0.404109095567072,1,0.611163,1,0.588735,1,153.773347392291,1,4.8756687261044,76,1,23.5400009155273,36.8409996032715,0.611163020133972,0.598079979419708,148.284301757812,-85.9603,25.4828,35.8634679951884,63,63,63,63,61,63,0.588735,8279,1.45687144005964,25,-86,0.001869,51,2024-12-01 23:47:36.002536,76,1.037,0.0011,"aoml_navis",1025.50035305515
"7901009",54,0.218090623004452,4,0.340158,1,0.31773,1,153.093058139085,1,4.87531480442666,78,1,23.5020008087158,36.9129981994629,0.340157985687256,0.327075004577637,147.628295898438,-85.9603,25.4828,35.8634679951884,63,63,63,63,61,63,0.31773,8279,1.45687144005964,25,-86,0.001869,51,2024-12-01 23:47:36.002536,78,1.037,0.0011,"aoml_navis",1025.57479887455
"7901009",54,0.247597001410936,1,0.383145,1,0.360717,1,152.805906830052,1,4.87517319926449,80,1,23.4740009307861,36.9300003051758,0.38314500451088,0.370061993598938,147.35139465332,-85.9603,25.4828,35.8634679951884,63,63,63,63,61,63,0.360717,8279,1.45687144005964,25,-86,0.001869,51,2024-12-01 23:47:36.002536,80,1.037,0.0011,"aoml_navis",1025.60458790558
"7901009",54,0.129571487784998,1,0.211197,1,0.188769,1,152.409778220898,1,4.87498291433806,82,1,23.4009990692139,36.943000793457,0.211197003722191,0.198113992810249,146.96940612793,-85.9603,25.4828,35.8634679951884,63,63,63,63,61,63,0.188769,8279,1.45687144005964,25,-86,0.001869,51,2024-12-01 23:47:36.002536,82,1.037,0.0011,"aoml_navis",1025.64462027021
"7901009",54,0.114176855572919,1,0.188769,1,0.166341,1,152.022764019304,1,4.87478227769085,84,1,23.3050003051758,36.9500007629395,0.188768997788429,0.175686001777649,146.596206665039,-85.9603,25.4828,35.8634679951884,63,63,63,63,61,63,0.166341,8279,1.45687144005964,25,-86,0.001869,51,2024-12-01 23:47:36.002536,84,1.037,0.0011,"aoml_navis",1025.68683382686
"7901009",54,0.109045311502226,1,0.181293,1,0.158865,1,151.612093499476,1,4.87459848625716,86,1,23.2259998321533,36.9589996337891,0.181292995810509,0.168209999799728,146.2001953125,-85.9603,25.4828,35.8634679951884,63,63,63,63,61,63,0.158865,8279,1.45687144005964,25,-86,0.001869,51,2024-12-01 23:47:36.002536,86,1.037,0.0011,"aoml_navis",1025.72550623326
"7901009",54,0.100065109378513,1,0.16821,1,0.145782,1,151.150106966246,1,4.87442483803325,88,1,23.1359996795654,36.9609985351562,0.168209999799728,0.155127003788948,145.754699707031,-85.9603,25.4828,35.8634679951884,63,63,63,63,61,63,0.145782,8279,1.45687144005964,25,-86,0.001869,51,2024-12-01 23:47:36.002536,88,1.037,0.0011,"aoml_navis",1025.76204703926
"7901009",54,0.101347995396186,1,0.170079,1,0.147651,1,150.851752531253,1,4.87429196472413,90,1,23.0440006256104,36.951000213623,0.170078992843628,0.156995996832848,145.466995239258,-85.9603,25.4828,35.8634679951884,63,63,63,63,61,63,0.147651,8279,1.45687144005964,25,-86,0.001869,51,2024-12-01 23:47:36.002536,90,1.037,0.0011,"aoml_navis",1025.79000933584
"7901009",54,0.0936506792901469,4,0.158865,1,0.136437,1,150.331804062442,1,4.87416718030848,92,1,22.9549999237061,36.939998626709,0.158865004777908,0.145781993865967,144.965606689453,-85.9603,25.4828,35.8634679951884,63,63,63,63,61,63,0.136437,8279,1.45687144005964,25,-86,0.001869,51,2024-12-01 23:47:36.002536,92,1.037,0.0011,"aoml_navis",1025.81627076722
"7901009",54,0.0949335653078201,1,0.160734,1,0.138306,1,149.955977163184,1,4.87389823656692,94,1,22.7430000305176,36.9220008850098,0.160733997821808,0.147651001811028,144.60319519043,-85.9603,25.4828,35.8634679951884,63,63,63,63,61,63,0.138306,8279,1.45687144005964,25,-86,0.001869,51,2024-12-01 23:47:36.002536,94,1.037,0.0011,"aoml_navis",1025.87287573774
"7901009",54,0.10263088141386,1,0.171948,1,0.14952,1,149.735712313802,1,4.87367550013279,96,1,22.5739994049072,36.9080009460449,0.171948000788689,0.158865004777908,144.39079284668,-85.9603,25.4828,35.8634679951884,63,63,63,63,61,63,0.14952,8279,1.45687144005964,25,-86,0.001869,51,2024-12-01 23:47:36.002536,96,1.037,0.0011,"aoml_navis",1025.91976012021
"7901009",54,0.0846704771664342,1,0.145782,1,0.123354,1,149.736756673002,1,4.8734711165633,98,1,22.4519996643066,36.9070014953613,0.145781993865967,0.132698997855186,144.391799926758,-85.9603,25.4828,35.8634679951884,63,63,63,63,61,63,0.123354,8279,1.45687144005964,25,-86,0.001869,51,2024-12-01 23:47:36.002536,98,1.037,0.0011,"aoml_navis",1025.96278513002
"7901009",54,0.0615785288483158,1,0.11214,1,0.089712,1,149.528834250525,1,4.873342416615,100,1,22.4009990692139,36.9119987487793,0.112139999866486,0.0990569964051247,144.191299438477,-85.9603,25.4828,35.8634679951884,63,63,63,63,61,63,0.089712,8279,1.45687144005964,25,-86,0.001869,51,2024-12-01 23:47:36.002536,100,1.037,0.0011,"aoml_navis",1025.9898797493
"7901009",54,0.0590127568129693,1,0.108402,1,0.085974,1,149.068192725355,1,4.87326679171868,102,1,22.3729991912842,36.9109992980957,0.108401998877525,0.095319002866745,143.747100830078,-85.9603,25.4828,35.8634679951884,63,63,63,63,61,63,0.085974,8279,1.45687144005964,25,-86,0.001869,51,2024-12-01 23:47:36.002536,102,1.037,0.0011,"aoml_navis",1026.00580138495
"7901009",54,0.0513154407069298,4,0.097188,1,0.07476,1,148.038533672616,1,4.87318526602811,104,1,22.3379993438721,36.9090003967285,0.0971880033612251,0.0841049998998642,142.754196166992,-85.9603,25.4828,35.8634679951884,63,63,63,63,61,63,0.07476,8279,1.45687144005964,25,-86,0.001869,51,2024-12-01 23:47:36.002536,104,1.037,0.0011,"aoml_navis",1026.02296589377
"7901009",54,0.0692758449543552,1,0.123354,1,0.100926,1,146.701516542692,1,4.87302249542682,106,1,22.2059993743896,36.8930015563965,0.123354002833366,0.110270999372005,141.464904785156,-85.9603,25.4828,35.8634679951884,63,63,63,63,61,63,0.100926,8279,1.45687144005964,25,-86,0.001869,51,2024-12-01 23:47:36.002536,106,1.037,0.0011,"aoml_navis",1026.05723751375
"7901009",54,0.127005715749651,1,0.207459,1,0.185031,1,146.254245980003,1,4.87261052004517,108,1,21.7730007171631,36.8339996337891,0.207459002733231,0.19437600672245,141.033599853516,-85.9603,25.4828,35.8634679951884,63,63,63,63,61,63,0.185031,8279,1.45687144005964,25,-86,0.001869,51,2024-12-01 23:47:36.002536,108,1.037,0.0011,"aoml_navis",1026.14398984503
"7901009",54,0.127005715749651,1,0.207459,1,0.185031,1,146.98233840203,1,4.87233336234821,110,1,21.496000289917,36.7970008850098,0.207459002733231,0.19437600672245,141.735702514648,-85.9603,25.4828,35.8634679951884,63,63,63,63,61,63,0.185031,8279,1.45687144005964,25,-86,0.001869,51,2024-12-01 23:47:36.002536,110,1.037,0.0011,"aoml_navis",1026.20236099573
"7901009",54,0.0808218191134144,1,0.140175,1,0.117747,1,148.167021501422,1,4.87193337256076,112,1,21.2660007476807,36.8120002746582,0.140174999833107,0.127092003822327,142.87809753418,-85.9603,25.4828,35.8634679951884,63,63,63,63,61,63,0.117747,8279,1.45687144005964,25,-86,0.001869,51,2024-12-01 23:47:36.002536,112,1.037,0.0011,"aoml_navis",1026.28661306424
"7901009",54,0.0461838966362368,1,0.089712,1,0.067284,1,148.787987987363,1,4.87161906262081,114,1,21.0970001220703,36.826000213623,0.0897120013833046,0.0766289979219437,143.476898193359,-85.9603,25.4828,35.8634679951884,63,63,63,63,61,63,0.067284,8279,1.45687144005964,25,-86,0.001869,51,2024-12-01 23:47:36.002536,114,1.037,0.0011,"aoml_navis",1026.35282761828
"7901009",54,0.0307892644241579,1,0.067284,1,0.044856,1,149.169194918862,1,4.87143828924729,116,1,20.9740009307861,36.8199996948242,0.0672840029001236,0.0542009994387627,143.844497680664,-85.9603,25.4828,35.8634679951884,63,63,63,63,61,63,0.044856,8279,1.45687144005964,25,-86,0.001869,51,2024-12-01 23:47:36.002536,116,1.037,0.0011,"aoml_navis",1026.3909143705
"7901009",54,0.0192432902650987,1,0.050463,1,0.028035,1,149.328064106203,1,4.87130999212239,118,1,20.8880004882812,36.8129997253418,0.0504629984498024,0.0373799987137318,143.997695922852,-85.9603,25.4828,35.8634679951884,63,63,63,63,61,63,0.028035,8279,1.45687144005964,25,-86,0.001869,51,2024-12-01 23:47:36.002536,118,1.037,0.0011,"aoml_navis",1026.41794673008
"7901009",54,0.0192432902650987,1,0.050463,1,0.028035,1,149.392577022218,1,4.87121034142672,120,1,20.8209991455078,36.8050003051758,0.0504629984498024,0.0373799987137318,144.059906005859,-85.9603,25.4828,35.8634679951884,63,63,63,63,61,63,0.028035,8279,1.45687144005964,25,-86,0.001869,51,2024-12-01 23:47:36.002536,120,1.037,0.0011,"aoml_navis",1026.43894423486
"7901009",54,0.0179604042474254,1,0.048594,1,0.026166,1,149.235559198912,1,4.87115397114308,122,1,20.8010005950928,36.8019981384277,0.0485940016806126,0.0355109982192516,143.908493041992,-85.9603,25.4828,35.8634679951884,63,63,63,63,61,63,0.026166,8279,1.45687144005964,25,-86,0.001869,51,2024-12-01 23:47:36.002536,122,1.037,0.0011,"aoml_navis",1026.45082245813
"7901009",54,0.0153946322120789,1,0.044856,1,0.022428,1,149.071610628191,1,4.87104718405754,124,1,20.7199993133545,36.7910003662109,0.0448560006916523,0.0317730009555817,143.750396728516,-85.9603,25.4828,35.8634679951884,63,63,63,63,61,63,0.022428,8279,1.45687144005964,25,-86,0.001869,51,2024-12-01 23:47:36.002536,124,1.037,0.0011,"aoml_navis",1026.47332515368
"7901009",54,0.0115459741590592,1,0.039249,1,0.016821,1,149.486632644684,1,4.87081306239003,126,1,20.4899997711182,36.7620010375977,0.0392489992082119,0.0261659994721413,144.150604248047,-85.9603,25.4828,35.8634679951884,63,63,63,63,61,63,0.016821,8279,1.45687144005964,25,-86,0.001869,51,2024-12-01 23:47:36.002536,126,1.037,0.0011,"aoml_navis",1026.52266386643
"7901009",54,0.0115459741590592,1,0.039249,1,0.016821,1,150.236498373662,1,4.87064550227108,128,1,20.3299999237061,36.7400016784668,0.0392489992082119,0.0261659994721413,144.87370300293,-85.9603,25.4828,35.8634679951884,63,63,63,63,61,63,0.016821,8279,1.45687144005964,25,-86,0.001869,51,2024-12-01 23:47:36.002536,128,1.037,0.0011,"aoml_navis",1026.55797833544
"7901009",54,0.052598326724603,1,0.099057,1,0.076629,1,151.720880916106,1,4.87039239192729,130,1,20.1049995422363,36.7190017700195,0.0990569964051247,0.0859740003943443,146.305099487305,-85.9603,25.4828,35.8634679951884,63,63,63,63,61,63,0.076629,8279,1.45687144005964,25,-86,0.001869,51,2024-12-01 23:47:36.002536,130,1.037,0.0011,"aoml_navis",1026.61132772126
"7901009",54,0.010263088141386,1,0.03738,1,0.014952,1,152.204545814541,1,4.87021724839613,132,1,19.9769992828369,36.7109985351562,0.0373799987137318,0.0242970008403063,146.771499633789,-85.9603,25.4828,35.8634679951884,63,63,63,63,61,63,0.014952,8279,1.45687144005964,25,-86,0.001869,51,2024-12-01 23:47:36.002536,132,1.037,0.0011,"aoml_navis",1026.64824688192
"7901009",54,0.00513154407069298,1,0.029904,1,0.007476,1,152.13777012026,1,4.87015981811814,134,1,19.9500007629395,36.7060012817383,0.0299040004611015,0.0168210007250309,146.707107543945,-85.9603,25.4828,35.8634679951884,63,63,63,63,61,63,0.007476,8279,1.45687144005964,25,-86,0.001869,51,2024-12-01 23:47:36.002536,134,1.037,0.0011,"aoml_navis",1026.66035340336
"7901009",54,0.00128288601767324,1,0.024297,1,0.001869,1,152.011766600459,1,4.87009970253718,136,1,19.9179992675781,36.7000007629395,0.0242970008403063,0.0112140001729131,146.585601806641,-85.9603,25.4828,35.8634679951884,63,63,63,63,61,63,0.001869,8279,1.45687144005964,25,-86,0.001869,51,2024-12-01 23:47:36.002536,136,1.037,0.0011,"aoml_navis",1026.67302630276
"7901009",54,0.00384865805301973,1,0.028035,1,0.005607,1,152.354284770698,1,4.87000060030651,138,1,19.8379993438721,36.6879997253418,0.0280349999666214,0.0149520002305508,146.915893554688,-85.9603,25.4828,35.8634679951884,63,63,63,63,61,63,0.005607,8279,1.45687144005964,25,-86,0.001869,51,2024-12-01 23:47:36.002536,138,1.037,0.0011,"aoml_navis",1026.69391861785
"7901009",54,0.00641443008836622,1,0.031773,1,0.009345,1,152.748767722932,1,4.86989954437824,140,1,19.761999130249,36.6780014038086,0.0317730009555817,0.0186899993568659,147.296295166016,-85.9603,25.4828,35.8634679951884,63,63,63,63,61,63,0.009345,8279,1.45687144005964,25,-86,0.001869,51,2024-12-01 23:47:36.002536,140,1.037,0.0011,"aoml_navis",1026.71522367888
"7901009",54,0.00513154407069298,1,0.029904,1,0.007476,1,152.807679075967,1,4.86979888464598,142,1,19.6889991760254,36.6689987182617,0.0299040004611015,0.0168210007250309,147.353103637695,-85.9603,25.4828,35.8634679951884,63,63,63,63,61,63,0.007476,8279,1.45687144005964,25,-86,0.001869,51,2024-12-01 23:47:36.002536,142,1.037,0.0011,"aoml_navis",1026.73644609114
"7901009",54,0.00128288601767324,1,0.024297,1,0.001869,1,152.554437793674,1,4.86959258102586,144,1,19.4939994812012,36.6469993591309,0.0242970008403063,0.0112140001729131,147.108901977539,-85.9603,25.4828,35.8634679951884,63,63,63,63,61,63,0.001869,8279,1.45687144005964,25,-86,0.001869,51,2024-12-01 23:47:36.002536,144,1.037,0.0011,"aoml_navis",1026.77994448288
"7901009",54,0.00256577203534649,1,0.026166,1,0.003738,1,151.127605772581,1,4.86952612820957,146,1,19.4419994354248,36.6360015869141,0.0261659994721413,0.0130829997360706,145.733001708984,-85.9603,25.4828,35.8634679951884,63,63,63,63,61,63,0.003738,8279,1.45687144005964,25,-86,0.001869,51,2024-12-01 23:47:36.002536,146,1.037,0.0011,"aoml_navis",1026.79395660998
"7901009",54,0.00128288601767324,1,0.024297,1,0.001869,1,149.05502746999,1,4.86943316537183,148,1,19.3570003509521,36.6209983825684,0.0242970008403063,0.0112140001729131,143.734405517578,-85.9603,25.4828,35.8634679951884,63,63,63,63,61,63,0.001869,8279,1.45687144005964,25,-86,0.001869,51,2024-12-01 23:47:36.002536,148,1.037,0.0011,"aoml_navis",1026.81355923656
"7901009",54,0.00641443008836622,1,0.031773,1,0.009345,1,147.742157190653,1,4.86932093815746,150,1,19.2299995422363,36.5970001220703,0.0317730009555817,0.0186899993568659,142.468399047852,-85.9603,25.4828,35.8634679951884,63,63,63,63,61,63,0.009345,8279,1.45687144005964,25,-86,0.001869,51,2024-12-01 23:47:36.002536,150,1.037,0.0011,"aoml_navis",1026.83722504682
"7901009",54,0.00769731610603947,1,0.033642,1,0.011214,1,146.499607097425,1,4.86923221117521,152,1,19.1420001983643,36.5800018310547,0.0336420014500618,0.020558999851346,141.270202636719,-85.9603,25.4828,35.8634679951884,63,63,63,63,61,63,0.011214,8279,1.45687144005964,25,-86,0.001869,51,2024-12-01 23:47:36.002536,152,1.037,0.0011,"aoml_navis",1026.8559360395
"7901009",54,0.0166775182297522,1,0.046725,1,0.024297,1,146.012302765416,1,4.86913509825964,154,1,19.0440006256104,36.5620002746582,0.0467250011861324,0.0336420014500618,140.80029296875,-85.9603,25.4828,35.8634679951884,63,63,63,63,61,63,0.024297,8279,1.45687144005964,25,-86,0.001869,51,2024-12-01 23:47:36.002536,154,1.037,0.0011,"aoml_navis",1026.87641626274
"7901009",54,0.0179604042474254,1,0.048594,1,0.026166,1,145.478239623786,1,4.86907231465585,156,1,19.0060005187988,36.5550003051758,0.0485940016806126,0.0355109982192516,140.285293579102,-85.9603,25.4828,35.8634679951884,63,63,63,63,61,63,0.026166,8279,1.45687144005964,25,-86,0.001869,51,2024-12-01 23:47:36.002536,156,1.037,0.0011,"aoml_navis",1026.88965718378
"7901009",54,0.0166775182297522,1,0.046725,1,0.024297,1,144.92126387426,1,4.86900698871339,158,1,18.9599990844727,36.5460014343262,0.0467250011861324,0.0336420014500618,139.748199462891,-85.9603,25.4828,35.8634679951884,63,63,63,63,61,63,0.024297,8279,1.45687144005964,25,-86,0.001869,51,2024-12-01 23:47:36.002536,158,1.037,0.0011,"aoml_navis",1026.90343464083
"7901009",54,0.0282234923888114,1,0.063546,1,0.041118,1,145.066556392006,1,4.8688931814864,160,1,18.8330001831055,36.5229988098145,0.0635460019111633,0.0504629984498024,139.888305664062,-85.9603,25.4828,35.8634679951884,63,63,63,63,61,63,0.041118,8279,1.45687144005964,25,-86,0.001869,51,2024-12-01 23:47:36.002536,160,1.037,0.0011,"aoml_navis",1026.92743784401
"7901009",54,0.0218090623004452,1,0.054201,1,0.031773,1,145.897518195199,1,4.86880723261042,162,1,18.757999420166,36.5099983215332,0.0542009994387627,0.041117999702692,140.689605712891,-85.9603,25.4828,35.8634679951884,63,63,63,63,61,63,0.031773,8279,1.45687144005964,25,-86,0.001869,51,2024-12-01 23:47:36.002536,162,1.037,0.0011,"aoml_navis",1026.94556615651
"7901009",54,0.0141117461944057,1,0.042987,1,0.020559,1,146.495872722105,1,4.86868650596986,164,1,18.6870002746582,36.507999420166,0.0429870001971722,0.0299040004611015,141.2666015625,-85.9603,25.4828,35.8634679951884,63,63,63,63,61,63,0.020559,8279,1.45687144005964,25,-86,0.001869,51,2024-12-01 23:47:36.002536,164,1.037,0.0011,"aoml_navis",1026.97103086615
"7901009",54,0.010263088141386,1,0.03738,1,0.014952,1,146.133638316067,1,4.8685926748668,166,1,18.6319999694824,36.5040016174316,0.0373799987137318,0.0242970008403063,140.917297363281,-85.9603,25.4828,35.8634679951884,63,63,63,63,61,63,0.014952,8279,1.45687144005964,25,-86,0.001869,51,2024-12-01 23:47:36.002536,166,1.037,0.0011,"aoml_navis",1026.99082340808
"7901009",54,0.00898020212371272,1,0.035511,1,0.013083,1,144.704211220598,1,4.86853420642228,168,1,18.6060009002686,36.5,0.0355109982192516,0.0224280003458261,139.53889465332,-85.9603,25.4828,35.8634679951884,63,63,63,63,61,63,0.013083,8279,1.45687144005964,25,-86,0.001869,51,2024-12-01 23:47:36.002536,168,1.037,0.0011,"aoml_navis",1027.00315700859
"7901009",54,0.0128288601767324,1,0.041118,1,0.01869,1,142.632155097607,1,4.86848419920773,170,1,18.5779991149902,36.4930000305176,0.041117999702692,0.0280349999666214,137.540802001953,-85.9603,25.4828,35.8634679951884,63,63,63,63,61,63,0.01869,8279,1.45687144005964,25,-86,0.001869,51,2024-12-01 23:47:36.002536,170,1.037,0.0011,"aoml_navis",1027.01370599368
"7901009",54,0.0295063784064846,1,0.065415,1,0.042987,1,141.567968896782,1,4.86836384326378,172,1,18.4440002441406,36.4700012207031,0.0654150024056435,0.0523319989442825,136.514602661133,-85.9603,25.4828,35.8634679951884,63,63,63,63,61,63,0.042987,8279,1.45687144005964,25,-86,0.001869,51,2024-12-01 23:47:36.002536,172,1.037,0.0011,"aoml_navis",1027.03909587989
"7901009",54,0.0346379224771776,1,0.072891,1,0.050463,1,140.985881055592,1,4.86829712822192,174,1,18.3899993896484,36.4589996337891,0.0728909969329834,0.0598080009222031,135.95329284668,-85.9603,25.4828,35.8634679951884,63,63,63,63,61,63,0.050463,8279,1.45687144005964,25,-86,0.001869,51,2024-12-01 23:47:36.002536,174,1.037,0.0011,"aoml_navis",1027.05317040215
"7901009",54,0.0384865805301974,1,0.078498,1,0.05607,1,140.393539505896,1,4.86823650504879,176,1,18.3530006408691,36.4519996643066,0.0784979984164238,0.0654150024056435,135.382095336914,-85.9603,25.4828,35.8634679951884,63,63,63,63,61,63,0.05607,8279,1.45687144005964,25,-86,0.001869,51,2024-12-01 23:47:36.002536,176,1.037,0.0011,"aoml_navis",1027.06596008936
"7901009",54,0.0333550364595044,1,0.071022,1,0.048594,1,139.899098719355,1,4.86817835226012,178,1,18.3150005340576,36.4440002441406,0.0710219964385033,0.0579390004277229,134.905303955078,-85.9603,25.4828,35.8634679951884,63,63,63,63,61,63,0.048594,8279,1.45687144005964,25,-86,0.001869,51,2024-12-01 23:47:36.002536,178,1.037,0.0011,"aoml_navis",1027.07822889822
"7901009",54,0.0333550364595044,1,0.071022,1,0.048594,1,139.447888074231,1,4.86808197123608,180,1,18.2240009307861,36.4290008544922,0.0710219964385033,0.0579390004277229,134.470199584961,-85.9603,25.4828,35.8634679951884,63,63,63,63,61,63,0.048594,8279,1.45687144005964,25,-86,0.001869,51,2024-12-01 23:47:36.002536,180,1.037,0.0011,"aoml_navis",1027.09856357049
"7901009",54,0.0230919483181184,1,0.05607,1,0.033642,1,139.272008490835,1,4.86793951140971,182,1,18.0790004730225,36.4090003967285,0.0560699999332428,0.0429870001971722,134.300598144531,-85.9603,25.4828,35.8634679951884,63,63,63,63,61,63,0.033642,8279,1.45687144005964,25,-86,0.001869,51,2024-12-01 23:47:36.002536,182,1.037,0.0011,"aoml_navis",1027.12862152062
"7901009",54,0.0166775182297522,1,0.046725,1,0.024297,1,139.363057624696,1,4.86776513149063,184,1,17.8850002288818,36.3819999694824,0.0467250011861324,0.0336420014500618,134.388397216797,-85.9603,25.4828,35.8634679951884,63,63,63,63,61,63,0.024297,8279,1.45687144005964,25,-86,0.001869,51,2024-12-01 23:47:36.002536,184,1.037,0.0011,"aoml_navis",1027.16541676465
"7901009",54,0.0166775182297522,1,0.046725,1,0.024297,1,139.159708229623,1,4.86768777729591,186,1,17.8209991455078,36.3709983825684,0.0467250011861324,0.0336420014500618,134.192306518555,-85.9603,25.4828,35.8634679951884,63,63,63,63,61,63,0.024297,8279,1.45687144005964,25,-86,0.001869,51,2024-12-01 23:47:36.002536,186,1.037,0.0011,"aoml_navis",1027.18173982342
"7901009",54,0.0166775182297522,1,0.046725,1,0.024297,1,138.909679143051,1,4.86760365872097,188,1,17.7450008392334,36.3580017089844,0.0467250011861324,0.0336420014500618,133.951202392578,-85.9603,25.4828,35.8634679951884,63,63,63,63,61,63,0.024297,8279,1.45687144005964,25,-86,0.001869,51,2024-12-01 23:47:36.002536,188,1.037,0.0011,"aoml_navis",1027.199490871
"7901009",54,0.0115459741590592,1,0.039249,1,0.016821,1,138.999588975967,1,4.86745581865185,190,1,17.5930004119873,36.3380012512207,0.0392489992082119,0.0261659994721413,134.037902832031,-85.9603,25.4828,35.8634679951884,63,63,63,63,61,63,0.016821,8279,1.45687144005964,25,-86,0.001869,51,2024-12-01 23:47:36.002536,190,1.037,0.0011,"aoml_navis",1027.23069017704
"7901009",54,0.0115459741590592,1,0.039249,1,0.016821,1,138.88230427312,1,4.86738027554941,192,1,17.5330009460449,36.3279991149902,0.0392489992082119,0.0261659994721413,133.9248046875,-85.9603,25.4828,35.8634679951884,63,63,63,63,61,63,0.016821,8279,1.45687144005964,25,-86,0.001869,51,2024-12-01 23:47:36.002536,192,1.037,0.0011,"aoml_navis",1027.24663308449
"7901009",54,0.0128288601767324,1,0.041118,1,0.01869,1,138.591735061252,1,4.86732414913508,194,1,17.5049991607666,36.3230018615723,0.041117999702692,0.0280349999666214,133.644607543945,-85.9603,25.4828,35.8634679951884,63,63,63,63,61,63,0.01869,8279,1.45687144005964,25,-86,0.001869,51,2024-12-01 23:47:36.002536,194,1.037,0.0011,"aoml_navis",1027.25847853969
"7901009",54,0.010263088141386,1,0.03738,1,0.014952,1,138.289851958055,1,4.867252195901,196,1,17.451000213623,36.3139991760254,0.0373799987137318,0.0242970008403063,133.353500366211,-85.9603,25.4828,35.8634679951884,63,63,63,63,61,63,0.014952,8279,1.45687144005964,25,-86,0.001869,51,2024-12-01 23:47:36.002536,196,1.037,0.0011,"aoml_navis",1027.27366463788
"7901009",54,0.00898020212371272,1,0.035511,1,0.013083,1,138.372704454561,1,4.86713686814108,198,1,17.3409996032715,36.298999786377,0.0355109982192516,0.0224280003458261,133.433395385742,-85.9603,25.4828,35.8634679951884,63,63,63,63,61,63,0.013083,8279,1.45687144005964,25,-86,0.001869,51,2024-12-01 23:47:36.002536,198,1.037,0.0011,"aoml_navis",1027.29800608826
"7901009",54,0.00641443008836622,1,0.031773,1,0.009345,1,138.147787459653,1,4.8670878036162,200,1,17.32200050354,36.2949981689453,0.0317730009555817,0.0186899993568659,133.216506958008,-85.9603,25.4828,35.8634679951884,63,63,63,63,61,63,0.009345,8279,1.45687144005964,25,-86,0.001869,51,2024-12-01 23:47:36.002536,200,1.037,0.0011,"aoml_navis",1027.30836215551
"7901009",54,0.00769731610603947,1,0.033642,1,0.011214,1,137.990263280372,1,4.86704106278112,202,1,17.3050003051758,36.2910003662109,0.0336420014500618,0.020558999851346,133.064605712891,-85.9603,25.4828,35.8634679951884,63,63,63,63,61,63,0.011214,8279,1.45687144005964,25,-86,0.001869,51,2024-12-01 23:47:36.002536,202,1.037,0.0011,"aoml_navis",1027.31822795489
"7901009",54,0.00384865805301973,1,0.028035,1,0.005607,1,137.868405550121,1,4.86695923529313,204,1,17.2390003204346,36.2809982299805,0.0280349999666214,0.0149520002305508,132.94709777832,-85.9603,25.4828,35.8634679951884,63,63,63,63,61,63,0.005607,8279,1.45687144005964,25,-86,0.001869,51,2024-12-01 23:47:36.002536,204,1.037,0.0011,"aoml_navis",1027.335500109
"7901009",54,0.010263088141386,1,0.03738,1,0.014952,1,137.718555828594,1,4.86689331155655,206,1,17.1959991455078,36.273998260498,0.0373799987137318,0.0242970008403063,132.802597045898,-85.9603,25.4828,35.8634679951884,63,63,63,63,61,63,0.014952,8279,1.45687144005964,25,-86,0.001869,51,2024-12-01 23:47:36.002536,206,1.037,0.0011,"aoml_navis",1027.34941572017
"7901009",54,0.00384865805301973,1,0.028035,1,0.005607,1,137.717622234764,1,4.86680267386198,208,1,17.1189994812012,36.2630004882812,0.0280349999666214,0.0149520002305508,132.801696777344,-85.9603,25.4828,35.8634679951884,63,63,63,63,61,63,0.005607,8279,1.45687144005964,25,-86,0.001869,51,2024-12-01 23:47:36.002536,208,1.037,0.0011,"aoml_navis",1027.36854872982
"7901009",54,0.00384865805301973,1,0.028035,1,0.005607,1,137.525982321627,1,4.86674289037649,210,1,17.0779991149902,36.2550010681152,0.0280349999666214,0.0149520002305508,132.616897583008,-85.9603,25.4828,35.8634679951884,63,63,63,63,61,63,0.005607,8279,1.45687144005964,25,-86,0.001869,51,2024-12-01 23:47:36.002536,210,1.037,0.0011,"aoml_navis",1027.38116901285
"7901009",54,0.00384865805301973,1,0.028035,1,0.005607,1,137.557502981108,1,4.86664511906554,212,1,16.9850006103516,36.2410011291504,0.0280349999666214,0.0149520002305508,132.64729309082,-85.9603,25.4828,35.8634679951884,63,63,63,63,61,63,0.005607,8279,1.45687144005964,25,-86,0.001869,51,2024-12-01 23:47:36.002536,212,1.037,0.0011,"aoml_navis",1027.4018091872
"7901009",54,0.00128288601767324,1,0.024297,1,0.001869,1,137.656226572724,1,4.86655782276552,214,1,16.9039993286133,36.2280006408691,0.0242970008403063,0.0112140001729131,132.742492675781,-85.9603,25.4828,35.8634679951884,63,63,63,63,61,63,0.001869,8279,1.45687144005964,25,-86,0.001869,51,2024-12-01 23:47:36.002536,214,1.037,0.0011,"aoml_navis",1027.42023871786
"7901009",54,0.00384865805301973,1,0.028035,1,0.005607,1,137.891017509156,1,4.86648828322921,216,1,16.8509998321533,36.2190017700195,0.0280349999666214,0.0149520002305508,132.968902587891,-85.9603,25.4828,35.8634679951884,63,63,63,63,61,63,0.005607,8279,1.45687144005964,25,-86,0.001869,51,2024-12-01 23:47:36.002536,216,1.037,0.0011,"aoml_navis",1027.43492000811
"7901009",54,0.00128288601767324,1,0.024297,1,0.001869,1,138.347402479406,1,4.86641752041504,218,1,16.7999992370605,36.2109985351562,0.0242970008403063,0.0112140001729131,133.408996582031,-85.9603,25.4828,35.8634679951884,63,63,63,63,61,63,0.001869,8279,1.45687144005964,25,-86,0.001869,51,2024-12-01 23:47:36.002536,218,1.037,0.0011,"aoml_navis",1027.44985998932
"7901009",54,0,1,0.022428,1,0,1,138.78471998245,1,4.86635782006041,220,1,16.7649993896484,36.2050018310547,0.0224280003458261,0.00934499967843294,133.830703735352,-85.9603,25.4828,35.8634679951884,63,63,63,63,61,63,0,8279,1.45687144005964,25,-86,0.001869,51,2024-12-01 23:47:36.002536,220,1.037,0.0011,"aoml_navis",1027.46246471821
"7901009",54,0.00128288601767324,1,0.024297,1,0.001869,1,139.343246447151,1,4.86626787432502,222,1,16.69700050354,36.1969985961914,0.0242970008403063,0.0112140001729131,134.369293212891,-85.9603,25.4828,35.8634679951884,63,63,63,63,61,63,0.001869,8279,1.45687144005964,25,-86,0.001869,51,2024-12-01 23:47:36.002536,222,1.037,0.0011,"aoml_navis",1027.48145583612
"7901009",54,-0.00128288601767324,1,0.020559,1,-0.001869,1,139.29835482519,1,4.86618241390544,224,1,16.6359996795654,36.189998626709,0.020558999851346,0.00747600011527538,134.32600402832,-85.9603,25.4828,35.8634679951884,63,63,63,63,61,63,-0.001869,8279,1.45687144005964,25,-86,0.001869,51,2024-12-01 23:47:36.002536,224,1.037,0.0011,"aoml_navis",1027.49950057609
"7901009",54,-0.00256577203534649,1,0.01869,1,-0.003738,1,138.778912712354,1,4.86612748681494,226,1,16.6049995422363,36.1839981079102,0.0186899993568659,0.00560700008645654,133.825103759766,-85.9603,25.4828,35.8634679951884,63,63,63,63,61,63,-0.003738,8279,1.45687144005964,25,-86,0.001869,51,2024-12-01 23:47:36.002536,226,1.037,0.0011,"aoml_navis",1027.51109861955
"7901009",54,0,1,0.022428,1,0,1,138.148721053483,1,4.86606286669241,228,1,16.5590000152588,36.1759986877441,0.0224280003458261,0,133.217407226562,-85.9603,25.4828,35.8634679951884,63,63,63,63,61,63,0,8279,1.45687144005964,25,-86,0.001869,51,2024-12-01 23:47:36.002536,228,1.037,0.0011,"aoml_navis",1027.52474371517
"7901009",54,0,1,0.022428,1,0,1,137.170488779514,1,4.86600470558472,230,1,16.5090007781982,36.1650009155273,0.0224280003458261,0,132.27409362793,-85.9603,25.4828,35.8634679951884,63,63,63,63,61,63,0,8279,1.45687144005964,25,-86,0.001869,51,2024-12-01 23:47:36.002536,230,1.037,0.0011,"aoml_navis",1027.53702524404
"7901009",54,0,4,0.014952,1,-0.007476,1,136.871105808946,1,4.86582754213729,232,1,16.2819995880127,36.1319999694824,0.0149520002305508,0,131.985397338867,-85.9603,25.4828,35.8634679951884,63,63,63,63,61,63,0,8279,1.45687144005964,25,-86,0.001869,51,2024-12-01 23:47:36.002536,232,1.037,0.0011,"aoml_navis",1027.57443758555
"7901009",54,0,1,0.022428,1,0,1,136.516545860663,1,4.86575905258768,234,1,16.2189998626709,36.1199989318848,0.0224280003458261,0,131.643493652344,-85.9603,25.4828,35.8634679951884,63,63,63,63,61,63,0,8279,1.45687144005964,25,-86,0.001869,51,2024-12-01 23:47:36.002536,234,1.037,0.0011,"aoml_navis",1027.58890153859
"7901009",54,0,1,0.022428,1,0,1,135.867175969216,1,4.86569654786137,236,1,16.1709995269775,36.1110000610352,0.0224280003458261,0,131.017303466797,-85.9603,25.4828,35.8634679951884,63,63,63,63,61,63,0,8279,1.45687144005964,25,-86,0.001869,51,2024-12-01 23:47:36.002536,236,1.037,0.0011,"aoml_navis",1027.60210194318
"7901009",54,0,1,0.020559,1,-0.001869,1,135.339442277281,1,4.86560281027307,238,1,16.07200050354,36.0950012207031,0.020558999851346,0,130.508407592773,-85.9603,25.4828,35.8634679951884,63,63,63,63,61,63,0,8279,1.45687144005964,25,-86,0.001869,51,2024-12-01 23:47:36.002536,238,1.037,0.0011,"aoml_navis",1027.6218990673
"7901009",54,0,1,0.022428,1,0,1,134.634673877379,1,4.86553535823037,240,1,16.0160007476807,36.0849990844727,0.0224280003458261,0,129.828796386719,-85.9603,25.4828,35.8634679951884,63,63,63,63,61,63,0,8279,1.45687144005964,25,-86,0.001869,51,2024-12-01 23:47:36.002536,240,1.037,0.0011,"aoml_navis",1027.63614522751
"7901009",54,0,1,0.026166,1,0.003738,1,133.835454264406,1,4.86547546155077,242,1,15.9700002670288,36.076000213623,0.0261659994721413,0,129.05810546875,-85.9603,25.4828,35.8634679951884,63,63,63,63,61,63,0,8279,1.45687144005964,25,-86,0.001869,51,2024-12-01 23:47:36.002536,242,1.037,0.0011,"aoml_navis",1027.64879599379
"7901009",54,0,1,0.022428,1,0,1,133.20173393733,1,4.86540966243576,244,1,15.9119997024536,36.064998626709,0.0224280003458261,0,128.447006225586,-85.9603,25.4828,35.8634679951884,63,63,63,63,61,63,0,8279,1.45687144005964,25,-86,0.001869,51,2024-12-01 23:47:36.002536,244,1.037,0.0011,"aoml_navis",1027.66269377137
"7901009",54,0,1,0.020559,1,-0.001869,1,132.023364464008,1,4.86531775142302,246,1,15.8170003890991,36.0499992370605,0.020558999851346,0,127.310699462891,-85.9603,25.4828,35.8634679951884,63,63,63,63,61,63,0,8279,1.45687144005964,25,-86,0.001869,51,2024-12-01 23:47:36.002536,246,1.037,0.0011,"aoml_navis",1027.68210740965
"7901009",54,0,1,0.024297,1,0.001869,1,131.410278142938,1,4.86519569720436,248,1,15.6510000228882,36.0219993591309,0.0242970008403063,0,126.719497680664,-85.9603,25.4828,35.8634679951884,63,63,63,63,61,63,0,8279,1.45687144005964,25,-86,0.001869,51,2024-12-01 23:47:36.002536,248,1.037,0.0011,"aoml_navis",1027.70788909336
"7901009",54,0,1,0.026166,1,0.003738,1,130.800720490072,1,4.86513501913436,250,1,15.5970001220703,36.0110015869141,0.0261659994721413,0,126.131698608398,-85.9603,25.4828,35.8634679951884,63,63,63,63,61,63,0,8279,1.45687144005964,25,-86,0.001869,51,2024-12-01 23:47:36.002536,250,1.037,0.0011,"aoml_navis",1027.72070668855
"7901009",54,0,1,0.026166,1,0.003738,1,130.40759045771,1,4.8650407718447,252,1,15.4919996261597,35.9939994812012,0.0261659994721413,0,125.752601623535,-85.9603,25.4828,35.8634679951884,63,63,63,63,61,63,0,8279,1.45687144005964,25,-86,0.001869,51,2024-12-01 23:47:36.002536,252,1.037,0.0011,"aoml_navis",1027.74061605739
"7901009",54,0,1,0.026166,1,0.003738,1,130.448549909048,1,4.8649136223715,254,1,15.3360004425049,35.9710006713867,0.0261659994721413,0,125.792098999023,-85.9603,25.4828,35.8634679951884,63,63,63,63,61,63,0,8279,1.45687144005964,25,-86,0.001869,51,2024-12-01 23:47:36.002536,254,1.037,0.0011,"aoml_navis",1027.76747710531
"7901009",54,0,1,0.031773,1,0.009345,1,130.340284672017,1,4.8648585197419,256,1,15.3000001907349,35.9640007019043,0.0317730009555817,0,125.687698364258,-85.9603,25.4828,35.8634679951884,63,63,63,63,61,63,0,8279,1.45687144005964,25,-86,0.001869,51,2024-12-01 23:47:36.002536,256,1.037,0.0011,"aoml_navis",1027.77911828467
"7901009",54,0,1,0.024297,1,0.001869,1,130.178203288955,1,4.86481006985591,258,1,15.2869997024536,35.9620018005371,0.0242970008403063,0,125.531402587891,-85.9603,25.4828,35.8634679951884,63,63,63,63,61,63,0,8279,1.45687144005964,25,-86,0.001869,51,2024-12-01 23:47:36.002536,258,1.037,0.0011,"aoml_navis",1027.78935419941
"7901009",54,0,1,0.022428,1,0,1,129.978888918063,1,4.86476204387878,260,1,15.2709999084473,35.9589996337891,0.0224280003458261,0,125.339202880859,-85.9603,25.4828,35.8634679951884,63,63,63,63,61,63,0,8279,1.45687144005964,25,-86,0.001869,51,2024-12-01 23:47:36.002536,260,1.037,0.0011,"aoml_navis",1027.79950075696
"7901009",54,0,1,0.022428,1,0,1,129.626504718113,1,4.86471334060125,262,1,15.2510004043579,35.9550018310547,0.0224280003458261,0,124.999397277832,-85.9603,25.4828,35.8634679951884,63,63,63,63,61,63,0,8279,1.45687144005964,25,-86,0.001869,51,2024-12-01 23:47:36.002536,262,1.037,0.0011,"aoml_navis",1027.8097906139
"7901009",54,0,1,0.028035,1,0.005607,1,129.195318869461,1,4.86464801260819,264,1,15.2019996643066,35.9469985961914,0.0280349999666214,0,124.583602905273,-85.9603,25.4828,35.8634679951884,63,63,63,63,61,63,0,8279,1.45687144005964,25,-86,0.001869,51,2024-12-01 23:47:36.002536,264,1.037,0.0011,"aoml_navis",1027.82359320572
"7901009",54,0,1,0.024297,1,0.001869,1,128.803320226232,1,4.86458145798146,266,1,15.1450004577637,35.9370002746582,0.0242970008403063,0,124.205596923828,-85.9603,25.4828,35.8634679951884,63,63,63,63,61,63,0,8279,1.45687144005964,25,-86,0.001869,51,2024-12-01 23:47:36.002536,266,1.037,0.0011,"aoml_navis",1027.83765534368
"7901009",54,0,1,0.026166,1,0.003738,1,128.463080657883,1,4.86450412302539,268,1,15.0710000991821,35.9249992370605,0.0261659994721413,0,123.877502441406,-85.9603,25.4828,35.8634679951884,63,63,63,63,61,63,0,8279,1.45687144005964,25,-86,0.001869,51,2024-12-01 23:47:36.002536,268,1.037,0.0011,"aoml_navis",1027.85399571012
"7901009",54,0,1,0.024297,1,0.001869,1,128.047750080717,1,4.86444064321338,270,1,15.0200004577637,35.9160003662109,0.0242970008403063,0,123.476997375488,-85.9603,25.4828,35.8634679951884,63,63,63,63,61,63,0,8279,1.45687144005964,25,-86,0.001869,51,2024-12-01 23:47:36.002536,270,1.037,0.0011,"aoml_navis",1027.86740896422
"7901009",54,0,1,0.028035,1,0.005607,1,127.543039762047,1,4.86438215920179,272,1,14.9770002365112,35.9080009460449,0.0280349999666214,0,122.990303039551,-85.9603,25.4828,35.8634679951884,63,63,63,63,61,63,0,8279,1.45687144005964,25,-86,0.001869,51,2024-12-01 23:47:36.002536,272,1.037,0.0011,"aoml_navis",1027.87976691791
"7901009",54,0,1,0.026166,1,0.003738,1,127.231931485919,1,4.86428029804288,274,1,14.8520002365112,35.8880004882812,0.0261659994721413,0,122.690299987793,-85.9603,25.4828,35.8634679951884,63,63,63,63,61,63,0,8279,1.45687144005964,25,-86,0.001869,51,2024-12-01 23:47:36.002536,274,1.037,0.0011,"aoml_navis",1027.90129138153
"7901009",54,0,1,0.026166,1,0.003738,1,126.921970422548,1,4.86418248199804,276,1,14.7440004348755,35.8720016479492,0.0261659994721413,0,122.391403198242,-85.9603,25.4828,35.8634679951884,63,63,63,63,61,63,0,8279,1.45687144005964,25,-86,0.001869,51,2024-12-01 23:47:36.002536,276,1.037,0.0011,"aoml_navis",1027.92196191336
"7901009",54,0,1,0.022428,1,0,1,126.770973488265,1,4.86408833280258,278,1,14.6389999389648,35.8559989929199,0.0224280003458261,0,122.245796203613,-85.9603,25.4828,35.8634679951884,63,63,63,63,61,63,0,8279,1.45687144005964,25,-86,0.001869,51,2024-12-01 23:47:36.002536,278,1.037,0.0011,"aoml_navis",1027.94185835007
"7901009",54,0,1,0.029904,1,0.007476,1,126.513175002192,1,4.86402719849942,280,1,14.5719995498657,35.8419990539551,0.0299040004611015,0,121.997200012207,-85.9603,25.4828,35.8634679951884,63,63,63,63,61,63,0,8279,1.45687144005964,25,-86,0.001869,51,2024-12-01 23:47:36.002536,280,1.037,0.0011,"aoml_navis",1027.95477820159
"7901009",54,0,1,0.028035,1,0.005607,1,126.430528212801,1,4.86391967445141,282,1,14.4429998397827,35.8230018615723,0.0280349999666214,0,121.917503356934,-85.9603,25.4828,35.8634679951884,63,63,63,63,61,63,0,8279,1.45687144005964,25,-86,0.001869,51,2024-12-01 23:47:36.002536,282,1.037,0.0011,"aoml_navis",1027.97750264326
"7901009",54,0,1,0.022428,1,0,1,126.228618767534,1,4.86386117903347,284,1,14.3850002288818,35.8110008239746,0.0224280003458261,0,121.722801208496,-85.9603,25.4828,35.8634679951884,63,63,63,63,61,63,0,8279,1.45687144005964,25,-86,0.001869,51,2024-12-01 23:47:36.002536,284,1.037,0.0011,"aoml_navis",1027.98986565517
"7901009",54,0,1,0.024297,1,0.001869,1,126.072858922355,1,4.86378564120195,286.100006103516,1,14.3229999542236,35.8019981384277,0.0242970008403063,0,121.572601318359,-85.9603,25.4828,35.8634679951884,63,63,63,63,61,63,0,8279,1.45687144005964,25,-86,0.001869,51,2024-12-01 23:47:36.002536,286.100006103516,1.037,0.0011,"aoml_navis",1028.00583102268
"7901009",54,0,1,0.022428,1,0,1,126.012396854145,1,4.86372221986486,288,1,14.2650003433228,35.7919998168945,0.0224280003458261,0,121.514297485352,-85.9603,25.4828,35.8634679951884,63,63,63,63,61,63,0,8279,1.45687144005964,25,-86,0.001869,51,2024-12-01 23:47:36.002536,288,1.037,0.0011,"aoml_navis",1028.0192358804
"7901009",54,0,1,0.026166,1,0.003738,1,125.717056819569,1,4.86366447739798,290,1,14.2320003509521,35.7869987487793,0.0261659994721413,0,121.229499816895,-85.9603,25.4828,35.8634679951884,63,63,63,63,61,63,0,8279,1.45687144005964,25,-86,0.001869,51,2024-12-01 23:47:36.002536,290,1.037,0.0011,"aoml_navis",1028.03144074506
"7901009",54,0,1,0.028035,1,0.005607,1,125.530290582697,1,4.8635975989364,292,1,14.1759996414185,35.7779998779297,0.0280349999666214,0,121.04940032959,-85.9603,25.4828,35.8634679951884,63,63,63,63,61,63,0,8279,1.45687144005964,25,-86,0.001869,51,2024-12-01 23:47:36.002536,292,1.037,0.0011,"aoml_navis",1028.04557702172
"7901009",54,0,1,0.020559,1,-0.001869,1,125.482273794949,1,4.86352270844937,294,1,14.1049995422363,35.7669982910156,0.020558999851346,0,121.00309753418,-85.9603,25.4828,35.8634679951884,63,63,63,63,61,63,0,8279,1.45687144005964,25,-86,0.001869,51,2024-12-01 23:47:36.002536,294,1.037,0.0011,"aoml_navis",1028.06140728274
"7901009",54,0,1,0.020559,1,-0.001869,1,125.245734348039,1,4.86346413378485,296,1,14.0710000991821,35.7620010375977,0.020558999851346,0,120.775001525879,-85.9603,25.4828,35.8634679951884,63,63,63,63,61,63,0,8279,1.45687144005964,25,-86,0.001869,51,2024-12-01 23:47:36.002536,296,1.037,0.0011,"aoml_navis",1028.07378906461
"7901009",54,0,1,0.029904,1,0.007476,1,124.976313409965,1,4.86341645266908,298,1,14.043999671936,35.7560005187988,0.0299040004611015,0,120.515197753906,-85.9603,25.4828,35.8634679951884,63,63,63,63,61,63,0,8279,1.45687144005964,25,-86,0.001869,51,2024-12-01 23:47:36.002536,298,1.037,0.0011,"aoml_navis",1028.08386833827
"7901009",54,0,1,0.026166,1,0.003738,1,124.683149123722,1,4.8633514822823,300,1,13.9930000305176,35.7480010986328,0.0261659994721413,0,120.232498168945,-85.9603,25.4828,35.8634679951884,63,63,63,63,61,63,0,8279,1.45687144005964,25,-86,0.001869,51,2024-12-01 23:47:36.002536,300,1.037,0.0011,"aoml_navis",1028.09760269549
"7901009",54,0,1,0.024297,1,0.001869,1,124.661581523886,1,4.86326151400123,302,1,13.8959999084473,35.734001159668,0.0242970008403063,0,120.211700439453,-85.9603,25.4828,35.8634679951884,63,63,63,63,61,63,0,8279,1.45687144005964,25,-86,0.001869,51,2024-12-01 23:47:36.002536,302,1.037,0.0011,"aoml_navis",1028.1166220663
"7901009",54,0,1,0.024297,1,0.001869,1,124.379723217161,1,4.86320033997639,304,1,13.8520002365112,35.7270011901855,0.0242970008403063,0,119.939903259277,-85.9603,25.4828,35.8634679951884,63,63,63,63,61,63,0,8279,1.45687144005964,25,-86,0.001869,51,2024-12-01 23:47:36.002536,304,1.037,0.0011,"aoml_navis",1028.12955470888
"7901009",54,0,1,0.029904,1,0.007476,1,124.120049631616,1,4.86314839952281,306,1,13.8170003890991,35.7200012207031,0.0299040004611015,0,119.689498901367,-85.9603,25.4828,35.8634679951884,63,63,63,63,61,63,0,8279,1.45687144005964,25,-86,0.001869,51,2024-12-01 23:47:36.002536,306,1.037,0.0011,"aoml_navis",1028.14053556141
"7901009",54,0,1,0.028035,1,0.005607,1,123.7545001763,1,4.86309345933566,308,1,13.7790002822876,35.7130012512207,0.0280349999666214,0,119.33699798584,-85.9603,25.4828,35.8634679951884,63,63,63,63,61,63,0,8279,1.45687144005964,25,-86,0.001869,51,2024-12-01 23:47:36.002536,308,1.037,0.0011,"aoml_navis",1028.15215084989
"7901009",54,0,1,0.024297,1,0.001869,1,123.357010735461,1,4.86302338473254,310,1,13.7080001831055,35.701000213623,0.0242970008403063,0,118.95369720459,-85.9603,25.4828,35.8634679951884,63,63,63,63,61,63,0,8279,1.45687144005964,25,-86,0.001869,51,2024-12-01 23:47:36.002536,310,1.037,0.0011,"aoml_navis",1028.16696619175
"7901009",54,0,1,0.026166,1,0.003738,1,123.432402393139,1,4.86290124487236,312,1,13.5380001068115,35.6759986877441,0.0261659994721413,0,119.026397705078,-85.9603,25.4828,35.8634679951884,63,63,63,63,61,63,0,8279,1.45687144005964,25,-86,0.001869,51,2024-12-01 23:47:36.002536,312,1.037,0.0011,"aoml_navis",1028.19279031673
"7901009",54,0,1,0.028035,1,0.005607,1,123.428881636747,1,4.86280206896948,314,1,13.4079999923706,35.6559982299805,0.0280349999666214,0,119.023002624512,-85.9603,25.4828,35.8634679951884,63,63,63,63,61,63,0,8279,1.45687144005964,25,-86,0.001869,51,2024-12-01 23:47:36.002536,314,1.037,0.0011,"aoml_navis",1028.21376010881
"7901009",54,0,1,0.026166,1,0.003738,1,123.390406494414,1,4.86273246856371,316,1,13.3509998321533,35.6479988098145,0.0261659994721413,0,118.985900878906,-85.9603,25.4828,35.8634679951884,63,63,63,63,61,63,0,8279,1.45687144005964,25,-86,0.001869,51,2024-12-01 23:47:36.002536,316,1.037,0.0011,"aoml_navis",1028.22847695687
"7901009",54,0,1,0.028035,1,0.005607,1,123.182072657707,1,4.86268556437885,318,1,13.3240003585815,35.6419982910156,0.0280349999666214,0,118.785003662109,-85.9603,25.4828,35.8634679951884,63,63,63,63,61,63,0,8279,1.45687144005964,25,-86,0.001869,51,2024-12-01 23:47:36.002536,318,1.037,0.0011,"aoml_navis",1028.23839497808
"7901009",54,0,1,0.024297,1,0.001869,1,122.892120567184,1,4.86263636992608,320,1,13.2910003662109,35.6349983215332,0.0242970008403063,0,118.505401611328,-85.9603,25.4828,35.8634679951884,63,63,63,63,61,63,0,8279,1.45687144005964,25,-86,0.001869,51,2024-12-01 23:47:36.002536,320,1.037,0.0011,"aoml_navis",1028.24879748843
"7901009",54,0,1,0.026166,1,0.003738,1,122.7152045364,1,4.86254298279299,322,1,13.1949996948242,35.6230010986328,0.0261659994721413,0,118.334800720215,-85.9603,25.4828,35.8634679951884,63,63,63,63,61,63,0,8279,1.45687144005964,25,-86,0.001869,51,2024-12-01 23:47:36.002536,322,1.037,0.0011,"aoml_navis",1028.26854542848
"7901009",54,0,1,0.022428,1,0,1,122.549072305533,1,4.86246392578891,324,1,13.1020002365112,35.6080017089844,0.0224280003458261,0,118.174598693848,-85.9603,25.4828,35.8634679951884,63,63,63,63,61,63,0,8279,1.45687144005964,25,-86,0.001869,51,2024-12-01 23:47:36.002536,324,1.037,0.0011,"aoml_navis",1028.28526366677
"7901009",54,0,1,0.026166,1,0.003738,1,122.474099973897,1,4.86238902648615,326,1,13.0240001678467,35.5960006713867,0.0261659994721413,0,118.10230255127,-85.9603,25.4828,35.8634679951884,63,63,63,63,61,63,0,8279,1.45687144005964,25,-86,0.001869,51,2024-12-01 23:47:36.002536,326,1.037,0.0011,"aoml_navis",1028.30110317465
"7901009",54,0,1,0.024297,1,0.001869,1,122.355359497621,1,4.86233713272029,328,1,12.9989995956421,35.5919990539551,0.0242970008403063,0,117.987800598145,-85.9603,25.4828,35.8634679951884,63,63,63,63,61,63,0,8279,1.45687144005964,25,-86,0.001869,51,2024-12-01 23:47:36.002536,328,1.037,0.0011,"aoml_navis",1028.31207781816
"7901009",54,0,1,0.026166,1,0.003738,1,122.199077472842,1,4.86228203661392,330,1,12.9670000076294,35.5870018005371,0.0261659994721413,0,117.837097167969,-85.9603,25.4828,35.8634679951884,63,63,63,63,61,63,0,8279,1.45687144005964,25,-86,0.001869,51,2024-12-01 23:47:36.002536,330,1.037,0.0011,"aoml_navis",1028.32372995829
"7901009",54,0,1,0.022428,1,0,1,121.896585160112,1,4.86223536430574,332,1,12.951000213623,35.5839996337891,0.0224280003458261,0,117.545402526855,-85.9603,25.4828,35.8634679951884,63,63,63,63,61,63,0,8279,1.45687144005964,25,-86,0.001869,51,2024-12-01 23:47:36.002536,332,1.037,0.0011,"aoml_navis",1028.33360077663
"7901009",54,0,1,0.024297,1,0.001869,1,121.509776665633,1,4.86216607631549,334,1,12.8819999694824,35.5730018615723,0.0242970008403063,0,117.172401428223,-85.9603,25.4828,35.8634679951884,63,63,63,63,61,63,0,8279,1.45687144005964,25,-86,0.001869,51,2024-12-01 23:47:36.002536,334,1.037,0.0011,"aoml_navis",1028.34825497959
"7901009",54,0,1,0.028035,1,0.005607,1,120.823996614816,1,4.86212040239544,336,1,12.8520002365112,35.5660018920898,0.0280349999666214,0,116.511100769043,-85.9603,25.4828,35.8634679951884,63,63,63,63,61,63,0,8279,1.45687144005964,25,-86,0.001869,51,2024-12-01 23:47:36.002536,336,1.037,0.0011,"aoml_navis",1028.35791510565
"7901009",54,0,1,0.024297,1,0.001869,1,119.90063275789,1,4.86203910449027,338,1,12.7440004348755,35.5480003356934,0.0242970008403063,0,115.620697021484,-85.9603,25.4828,35.8634679951884,63,63,63,63,61,63,0,8279,1.45687144005964,25,-86,0.001869,51,2024-12-01 23:47:36.002536,338,1.037,0.0011,"aoml_navis",1028.37511022532
"7901009",54,0,1,0.024297,1,0.001869,1,119.470791917298,1,4.86194607461091,340,1,12.5930004119873,35.5219993591309,0.0242970008403063,0,115.206199645996,-85.9603,25.4828,35.8634679951884,63,63,63,63,61,63,0,8279,1.45687144005964,25,-86,0.001869,51,2024-12-01 23:47:36.002536,340,1.037,0.0011,"aoml_navis",1028.39478745147
"7901009",54,0,1,0.024297,1,0.001869,1,119.100574492832,1,4.86182678573363,342,1,12.4020004272461,35.4930000305176,0.0242970008403063,0,114.849197387695,-85.9603,25.4828,35.8634679951884,63,63,63,63,61,63,0,8279,1.45687144005964,25,-86,0.001869,51,2024-12-01 23:47:36.002536,342,1.037,0.0011,"aoml_navis",1028.4200199546
"7901009",54,0,1,0.024297,1,0.001869,1,118.94357249315,1,4.86171808343117,344,1,12.2320003509521,35.4669990539551,0.0242970008403063,0,114.697799682617,-85.9603,25.4828,35.8634679951884,63,63,63,63,61,63,0,8279,1.45687144005964,25,-86,0.001869,51,2024-12-01 23:47:36.002536,344,1.037,0.0011,"aoml_navis",1028.44301421756
"7901009",54,0,1,0.026166,1,0.003738,1,118.785636899639,1,4.86162574884931,346,1,12.1129999160767,35.4500007629395,0.0261659994721413,0,114.545501708984,-85.9603,25.4828,35.8634679951884,63,63,63,63,61,63,0,8279,1.45687144005964,25,-86,0.001869,51,2024-12-01 23:47:36.002536,346,1.037,0.0011,"aoml_navis",1028.46254695426
"7901009",54,0,1,0.024297,1,0.001869,1,118.708789468531,1,4.86154923711531,348,1,12.0179996490479,35.435001373291,0.0242970008403063,0,114.471397399902,-85.9603,25.4828,35.8634679951884,63,63,63,63,61,63,0,8279,1.45687144005964,25,-86,0.001869,51,2024-12-01 23:47:36.002536,348,1.037,0.0011,"aoml_navis",1028.47873304001
"7901009",54,0,1,0.026166,1,0.003738,1,118.649268905962,1,4.86147717646291,350,1,11.9429998397827,35.423999786377,0.0261659994721413,0,114.414001464844,-85.9603,25.4828,35.8634679951884,63,63,63,63,61,63,0,8279,1.45687144005964,25,-86,0.001869,51,2024-12-01 23:47:36.002536,350,1.037,0.0011,"aoml_navis",1028.49397796368
"7901009",54,0,1,0.028035,1,0.005607,1,118.646365270915,1,4.86141573645853,352,1,11.8870000839233,35.4150009155273,0.0280349999666214,0,114.411201477051,-85.9603,25.4828,35.8634679951884,63,63,63,63,61,63,0,8279,1.45687144005964,25,-86,0.001869,51,2024-12-01 23:47:36.002536,352,1.037,0.0011,"aoml_navis",1028.5069763736
"7901009",54,0,1,0.026166,1,0.003738,1,118.624900524637,1,4.86136125453309,354,1,11.8579998016357,35.4109992980957,0.0261659994721413,0,114.390502929688,-85.9603,25.4828,35.8634679951884,63,63,63,63,61,63,0,8279,1.45687144005964,25,-86,0.001869,51,2024-12-01 23:47:36.002536,354,1.037,0.0011,"aoml_navis",1028.51850298877
"7901009",54,0,1,0.024297,1,0.001869,1,118.553243242279,1,4.86131895079913,356,1,11.8459997177124,35.4080009460449,0.0242970008403063,0,114.321403503418,-85.9603,25.4828,35.8634679951884,63,63,63,63,61,63,0,8279,1.45687144005964,25,-86,0.001869,51,2024-12-01 23:47:36.002536,356,1.037,0.0011,"aoml_navis",1028.52745327028
"7901009",54,0,1,0.026166,1,0.003738,1,118.759187711726,1,4.86124112742476,358,1,11.7799997329712,35.4010009765625,0.0261659994721413,0,114.519996643066,-85.9603,25.4828,35.8634679951884,63,63,63,63,61,63,0,8279,1.45687144005964,25,-86,0.001869,51,2024-12-01 23:47:36.002536,358,1.037,0.0011,"aoml_navis",1028.5439189166
"7901009",54,0,1,0.026166,1,0.003738,1,119.038150295216,1,4.86116626627519,360,1,11.7170000076294,35.3940010070801,0.0261659994721413,0,114.789001464844,-85.9603,25.4828,35.8634679951884,63,63,63,63,61,63,0,8279,1.45687144005964,25,-86,0.001869,51,2024-12-01 23:47:36.002536,360,1.037,0.0011,"aoml_navis",1028.55975832137
"7901009",54,0,1,0.022428,1,0,1,119.143306190085,1,4.86111770035237,362,1,11.71399974823,35.3950004577637,0.0224280003458261,0,114.890403747559,-85.9603,25.4828,35.8634679951884,63,63,63,63,61,63,0,8279,1.45687144005964,25,-86,0.001869,51,2024-12-01 23:47:36.002536,362,1.037,0.0011,"aoml_navis",1028.57003434366
"7901009",54,0,1,0.028035,1,0.005607,1,119.126192940472,1,4.86106750386112,363.899993896484,1,11.7030000686646,35.3950004577637,0.0280349999666214,0,114.873901367188,-85.9603,25.4828,35.8634679951884,63,63,63,63,61,63,0,8279,1.45687144005964,25,-86,0.001869,51,2024-12-01 23:47:36.002536,363.899993896484,1.037,0.0011,"aoml_navis",1028.58065559232
"7901009",54,0,1,0.024297,1,0.001869,1,119.12349501254,1,4.86099816533123,366,1,11.6560001373291,35.3899993896484,0.0242970008403063,0,114.871299743652,-85.9603,25.4828,35.8634679951884,63,63,63,63,61,63,0,8279,1.45687144005964,25,-86,0.001869,51,2024-12-01 23:47:36.002536,366,1.037,0.0011,"aoml_navis",1028.59532753173
"7901009",54,0,1,0.028035,1,0.005607,1,119.208634022748,1,4.86094301131945,368,1,11.6260004043579,35.3860015869141,0.0280349999666214,0,114.953399658203,-85.9603,25.4828,35.8634679951884,63,63,63,63,61,63,0,8279,1.45687144005964,25,-86,0.001869,51,2024-12-01 23:47:36.002536,368,1.037,0.0011,"aoml_navis",1028.60699834512
"7901009",54,0,1,0.022428,1,0,1,119.16808598564,1,4.86089652335579,369.899993896484,1,11.6149997711182,35.3849983215332,0.0224280003458261,0,114.91429901123,-85.9603,25.4828,35.8634679951884,63,63,63,63,61,63,0,8279,1.45687144005964,25,-86,0.001869,51,2024-12-01 23:47:36.002536,369.899993896484,1.037,0.0011,"aoml_navis",1028.61683559315
"7901009",54,0,1,0.022428,1,0,1,119.168711018797,1,4.86082196656309,372.299987792969,1,11.5769996643066,35.3819999694824,0.0224280003458261,0,114.914901733398,-85.9603,25.4828,35.8634679951884,63,63,63,63,61,63,0,8279,1.45687144005964,25,-86,0.001869,51,2024-12-01 23:47:36.002536,372.299987792969,1.037,0.0011,"aoml_navis",1028.63261283674
"7901009",54,0,1,0.026166,1,0.003738,1,119.074030363174,1,4.86078058779609,374,1,11.5590000152588,35.3790016174316,0.0261659994721413,0,114.823600769043,-85.9603,25.4828,35.8634679951884,63,63,63,63,61,63,0,8279,1.45687144005964,25,-86,0.001869,51,2024-12-01 23:47:36.002536,374,1.037,0.0011,"aoml_navis",1028.64136936225
"7901009",54,0,1,0.028035,1,0.005607,1,118.932685839675,1,4.86072830423675,376,1,11.5279998779297,35.3740005493164,0.0280349999666214,0,114.687301635742,-85.9603,25.4828,35.8634679951884,63,63,63,63,61,63,0,8279,1.45687144005964,25,-86,0.001869,51,2024-12-01 23:47:36.002536,376,1.037,0.0011,"aoml_navis",1028.65243376015
"7901009",54,0,1,0.026166,1,0.003738,1,118.966287305743,1,4.8606604896239,378,1,11.4680004119873,35.3660011291504,0.0261659994721413,0,114.719703674316,-85.9603,25.4828,35.8634679951884,63,63,63,63,61,63,0,8279,1.45687144005964,25,-86,0.001869,51,2024-12-01 23:47:36.002536,378,1.037,0.0011,"aoml_navis",1028.66678523907
"7901009",54,0,1,0.028035,1,0.005607,1,118.961302864108,1,4.86060465749434,380,1,11.4370002746582,35.3619995117188,0.0280349999666214,0,114.714897155762,-85.9603,25.4828,35.8634679951884,63,63,63,63,61,63,0,8279,1.45687144005964,25,-86,0.001869,51,2024-12-01 23:47:36.002536,380,1.037,0.0011,"aoml_navis",1028.67860118817
"7901009",54,0,1,0.028035,1,0.005607,1,118.97800469949,1,4.86055886048903,382,1,11.4289999008179,35.3610000610352,0.0280349999666214,0,114.731002807617,-85.9603,25.4828,35.8634679951884,63,63,63,63,61,63,0,8279,1.45687144005964,25,-86,0.001869,51,2024-12-01 23:47:36.002536,382,1.037,0.0011,"aoml_navis",1028.68829357144
"7901009",54,0,1,0.028035,1,0.005607,1,118.960891449878,1,4.86051854803021,384,1,11.4270000457764,35.3600006103516,0.0280349999666214,0,114.714500427246,-85.9603,25.4828,35.8634679951884,63,63,63,63,61,63,0,8279,1.45687144005964,25,-86,0.001869,51,2024-12-01 23:47:36.002536,384,1.037,0.0011,"aoml_navis",1028.6968253678
"7901009",54,0,1,0.026166,1,0.003738,1,118.9482404623,1,4.86047365332823,386,1,11.4280004501343,35.3610000610352,0.0261659994721413,0,114.702301025391,-85.9603,25.4828,35.8634679951884,63,63,63,63,61,63,0,8279,1.45687144005964,25,-86,0.001869,51,2024-12-01 23:47:36.002536,386,1.037,0.0011,"aoml_navis",1028.70632712436
"7901009",54,0,1,0.024297,1,0.001869,1,118.899709406765,1,4.86043151001683,388,1,11.4280004501343,35.3610000610352,0.0242970008403063,0,114.655502319336,-85.9603,25.4828,35.8634679951884,63,63,63,63,61,63,0,8279,1.45687144005964,25,-86,0.001869,51,2024-12-01 23:47:36.002536,388,1.037,0.0011,"aoml_navis",1028.71524672152
"7901009",54,0,1,0.028035,1,0.005607,1,118.801808643609,1,4.86038936918519,390,1,11.4280004501343,35.3610000610352,0.0280349999666214,0,114.561096191406,-85.9603,25.4828,35.8634679951884,63,63,63,63,61,63,0,8279,1.45687144005964,25,-86,0.001869,51,2024-12-01 23:47:36.002536,390,1.037,0.0011,"aoml_navis",1028.7241659485
"7901009",54,0,1,0.028035,1,0.005607,1,118.69582992028,1,4.86034997342774,392,1,11.4309997558594,35.3610000610352,0.0280349999666214,0,114.45890045166,-85.9603,25.4828,35.8634679951884,63,63,63,63,61,63,0,8279,1.45687144005964,25,-86,0.001869,51,2024-12-01 23:47:36.002536,392,1.037,0.0011,"aoml_navis",1028.7325043126
"7901009",54,0,1,0.024297,1,0.001869,1,118.553243242279,1,4.86029595816034,394,1,11.4139995574951,35.3600006103516,0.0242970008403063,0,114.321403503418,-85.9603,25.4828,35.8634679951884,63,63,63,63,61,63,0,8279,1.45687144005964,25,-86,0.001869,51,2024-12-01 23:47:36.002536,394,1.037,0.0011,"aoml_navis",1028.74393720924
"7901009",54,0,1,0.028035,1,0.005607,1,118.461149749218,1,4.8602383632232,396,1,11.3769998550415,35.3549995422363,0.0280349999666214,0,114.232597351074,-85.9603,25.4828,35.8634679951884,63,63,63,63,61,63,0,8279,1.45687144005964,25,-86,0.001869,51,2024-12-01 23:47:36.002536,396,1.037,0.0011,"aoml_navis",1028.75612806038
"7901009",54,0,1,0.026166,1,0.003738,1,118.299274073271,1,4.86018723846398,398,1,11.33899974823,35.3479995727539,0.0261659994721413,0,114.076499938965,-85.9603,25.4828,35.8634679951884,63,63,63,63,61,63,0,8279,1.45687144005964,25,-86,0.001869,51,2024-12-01 23:47:36.002536,398,1.037,0.0011,"aoml_navis",1028.76694964127
"7901009",54,0,1,0.028035,1,0.005607,1,118.104311199045,1,4.86014422534771,400,1,11.3299999237061,35.3460006713867,0.0280349999666214,0,113.888496398926,-85.9603,25.4828,35.8634679951884,63,63,63,63,61,63,0,8279,1.45687144005964,25,-86,0.001869,51,2024-12-01 23:47:36.002536,400,1.037,0.0011,"aoml_navis",1028.77605440655
"7901009",54,0,1,0.028035,1,0.005607,1,117.801193853157,1,4.86010221018985,402,1,11.3100004196167,35.3409996032715,0.0280349999666214,0,113.596199035645,-85.9603,25.4828,35.8634679951884,63,63,63,63,61,63,0,8279,1.45687144005964,25,-86,0.001869,51,2024-12-01 23:47:36.002536,402,1.037,0.0011,"aoml_navis",1028.78494808542
"7901009",54,0,1,0.026166,1,0.003738,1,117.762718710824,1,4.86003858502831,404,1,11.246000289917,35.3310012817383,0.0261659994721413,0,113.559097290039,-85.9603,25.4828,35.8634679951884,63,63,63,63,61,63,0,8279,1.45687144005964,25,-86,0.001869,51,2024-12-01 23:47:36.002536,404,1.037,0.0011,"aoml_navis",1028.79841641646
"7901009",54,0,1,0.028035,1,0.005607,1,117.644191853475,1,4.85998486226756,406,1,11.2130002975464,35.326000213623,0.0280349999666214,0,113.444801330566,-85.9603,25.4828,35.8634679951884,63,63,63,63,61,63,0,8279,1.45687144005964,25,-86,0.001869,51,2024-12-01 23:47:36.002536,406,1.037,0.0011,"aoml_navis",1028.80978885747
"7901009",54,0,1,0.026166,1,0.003738,1,117.536029470002,1,4.85993203980964,408,1,11.1850004196167,35.3219985961914,0.0261659994721413,0,113.34049987793,-85.9603,25.4828,35.8634679951884,63,63,63,63,61,63,0,8279,1.45687144005964,25,-86,0.001869,51,2024-12-01 23:47:36.002536,408,1.037,0.0011,"aoml_navis",1028.82097096071
"7901009",54,0,1,0.024297,1,0.001869,1,117.377057429102,1,4.85987652499756,410,1,11.1540002822876,35.318000793457,0.0242970008403063,0,113.187202453613,-85.9603,25.4828,35.8634679951884,63,63,63,63,61,63,0,8279,1.45687144005964,25,-86,0.001869,51,2024-12-01 23:47:36.002536,410,1.037,0.0011,"aoml_navis",1028.83272327634
"7901009",54,0,1,0.028035,1,0.005607,1,117.199002097373,1,4.85982658712063,412,1,11.121000289917,35.3120002746582,0.0280349999666214,0,113.015502929688,-85.9603,25.4828,35.8634679951884,63,63,63,63,61,63,0,8279,1.45687144005964,25,-86,0.001869,51,2024-12-01 23:47:36.002536,412,1.037,0.0011,"aoml_navis",1028.84329520128
"7901009",54,0,1,0.031773,1,0.009345,1,116.963696893154,1,4.85977579292497,414,1,11.0869998931885,35.3059997558594,0.0317730009555817,0,112.788597106934,-85.9603,25.4828,35.8634679951884,63,63,63,63,61,63,0,8279,1.45687144005964,25,-86,0.001869,51,2024-12-01 23:47:36.002536,414,1.037,0.0011,"aoml_navis",1028.8540486331
"7901009",54,0,1,0.029904,1,0.007476,1,116.716887914114,1,4.85972339197712,416,1,11.0430002212524,35.2980003356934,0.0299040004611015,0,112.550598144531,-85.9603,25.4828,35.8634679951884,63,63,63,63,61,63,0,8279,1.45687144005964,25,-86,0.001869,51,2024-12-01 23:47:36.002536,416,1.037,0.0011,"aoml_navis",1028.86514245944
"7901009",54,0,1,0.028035,1,0.005607,1,116.526284448364,1,4.85965950978868,418,1,10.9820003509521,35.2890014648438,0.0280349999666214,0,112.366798400879,-85.9603,25.4828,35.8634679951884,63,63,63,63,61,63,0,8279,1.45687144005964,25,-86,0.001869,51,2024-12-01 23:47:36.002536,418,1.037,0.0011,"aoml_navis",1028.87866730758
"7901009",54,0,1,0.024297,1,0.001869,1,116.474335489993,1,4.85959351319042,420,1,10.9020004272461,35.2760009765625,0.0242970008403063,0,112.316703796387,-85.9603,25.4828,35.8634679951884,63,63,63,63,61,63,0,8279,1.45687144005964,25,-86,0.001869,51,2024-12-01 23:47:36.002536,420,1.037,0.0011,"aoml_navis",1028.89264018245
"7901009",54,0,1,0.024297,1,0.001869,1,116.501813213481,1,4.85952989816644,422,1,10.8450002670288,35.2680015563965,0.0242970008403063,0,112.343200683594,-85.9603,25.4828,35.8634679951884,63,63,63,63,61,63,0,8279,1.45687144005964,25,-86,0.001869,51,2024-12-01 23:47:36.002536,422,1.037,0.0011,"aoml_navis",1028.90610918693
"7901009",54,0,1,0.029904,1,0.007476,1,116.431603792741,1,4.85948147329868,424,1,10.8380002975464,35.2680015563965,0.0299040004611015,0,112.275497436523,-85.9603,25.4828,35.8634679951884,63,63,63,63,61,63,0,8279,1.45687144005964,25,-86,0.001869,51,2024-12-01 23:47:36.002536,424,1.037,0.0011,"aoml_navis",1028.91636226487
"7901009",54,0,1,0.024297,1,0.001869,1,116.168100890131,1,4.85944283072936,426,1,10.8420000076294,35.2680015563965,0.0242970008403063,0,112.02140045166,-85.9603,25.4828,35.8634679951884,63,63,63,63,61,63,0,8279,1.45687144005964,25,-86,0.001869,51,2024-12-01 23:47:36.002536,426,1.037,0.0011,"aoml_navis",1028.92454426705
"7901009",54,0,1,0.031773,1,0.009345,1,115.888932599526,1,4.85938024965216,428,1,10.78600025177,35.2599983215332,0.0317730009555817,0,111.752197265625,-85.9603,25.4828,35.8634679951884,63,63,63,63,61,63,0,8279,1.45687144005964,25,-86,0.001869,51,2024-12-01 23:47:36.002536,428,1.037,0.0011,"aoml_navis",1028.93779517623
"7901009",54,0,1,0.026166,1,0.003738,1,115.712127334111,1,4.85932714925852,430,1,10.7239999771118,35.2480010986328,0.0261659994721413,0,111.581703186035,-85.9603,25.4828,35.8634679951884,63,63,63,63,61,63,0,8279,1.45687144005964,25,-86,0.001869,51,2024-12-01 23:47:36.002536,430,1.037,0.0011,"aoml_navis",1028.94903891436
"7901009",54,0,1,0.026166,1,0.003738,1,115.55180237334,1,4.85926924967369,432,1,10.6730003356934,35.2400016784668,0.0261659994721413,0,111.427101135254,-85.9603,25.4828,35.8634679951884,63,63,63,63,61,63,0,8279,1.45687144005964,25,-86,0.001869,51,2024-12-01 23:47:36.002536,432,1.037,0.0011,"aoml_navis",1028.96129913685
"7901009",54,0,1,0.026166,1,0.003738,1,115.485121620804,1,4.85921732547362,434,1,10.6370000839233,35.234001159668,0.0261659994721413,0,111.362800598145,-85.9603,25.4828,35.8634679951884,63,63,63,63,61,63,0,8279,1.45687144005964,25,-86,0.001869,51,2024-12-01 23:47:36.002536,434,1.037,0.0011,"aoml_navis",1028.97229432163
"7901009",54,0,1,0.029904,1,0.007476,1,115.373644188053,1,4.85916984858536,436,1,10.6059999465942,35.2280006408691,0.0299040004611015,0,111.255302429199,-85.9603,25.4828,35.8634679951884,63,63,63,63,61,63,0,8279,1.45687144005964,25,-86,0.001869,51,2024-12-01 23:47:36.002536,436,1.037,0.0011,"aoml_navis",1028.98234797362
"7901009",54,0,1,0.028035,1,0.005607,1,115.143529132583,1,4.85912225468969,438,1,10.5790004730225,35.2229995727539,0.0280349999666214,0,111.033401489258,-85.9603,25.4828,35.8634679951884,63,63,63,63,61,63,0,8279,1.45687144005964,25,-86,0.001869,51,2024-12-01 23:47:36.002536,438,1.037,0.0011,"aoml_navis",1028.99242660016
"7901009",54,0,1,0.028035,1,0.005607,1,115.225448035259,1,4.85904174660804,440,1,10.4849996566772,35.2109985351562,0.0280349999666214,0,111.112396240234,-85.9603,25.4828,35.8634679951884,63,63,63,63,61,63,0,8279,1.45687144005964,25,-86,0.001869,51,2024-12-01 23:47:36.002536,440,1.037,0.0011,"aoml_navis",1029.00947568322
"7901009",54,0,1,0.028035,1,0.005607,1,115.151306443896,1,4.85899115851418,442,1,10.4460000991821,35.2039985656738,0.0280349999666214,0,111.040901184082,-85.9603,25.4828,35.8634679951884,63,63,63,63,61,63,0,8279,1.45687144005964,25,-86,0.001869,51,2024-12-01 23:47:36.002536,442,1.037,0.0011,"aoml_navis",1029.02018894164
"7901009",54,0,1,0.024297,1,0.001869,1,115.12880525023,1,4.85893502357121,444,1,10.4090003967285,35.1990013122559,0.0242970008403063,0,111.019203186035,-85.9603,25.4828,35.8634679951884,63,63,63,63,61,63,0,8279,1.45687144005964,25,-86,0.001869,51,2024-12-01 23:47:36.002536,444,1.037,0.0011,"aoml_navis",1029.03207714128
"7901009",54,0,1,0.026166,1,0.003738,1,115.115632083053,1,4.85887307553803,446,1,10.3610000610352,35.193000793457,0.0261659994721413,0,111.006500244141,-85.9603,25.4828,35.8634679951884,63,63,63,63,61,63,0,8279,1.45687144005964,25,-86,0.001869,51,2024-12-01 23:47:36.002536,446,1.037,0.0011,"aoml_navis",1029.04519674994
"7901009",54,0,1,0.026166,1,0.003738,1,115.11894713233,1,4.85880862830405,448,1,10.3100004196167,35.1870002746582,0.0261659994721413,0,111.009696960449,-85.9603,25.4828,35.8634679951884,63,63,63,63,61,63,0,8279,1.45687144005964,25,-86,0.001869,51,2024-12-01 23:47:36.002536,448,1.037,0.0011,"aoml_navis",1029.05884600465
"7901009",54,0,1,0.026166,1,0.003738,1,115.073636184327,1,4.8587570372725,450,1,10.2779998779297,35.181999206543,0.0261659994721413,0,110.966003417969,-85.9603,25.4828,35.8634679951884,63,63,63,63,61,63,0,8279,1.45687144005964,25,-86,0.001869,51,2024-12-01 23:47:36.002536,450,1.037,0.0011,"aoml_navis",1029.06977271018
"7901009",54,0,1,0.028035,1,0.005607,1,115.040343278932,1,4.85870504134965,452,1,10.253999710083,35.1790008544922,0.0280349999666214,0,110.933898925781,-85.9603,25.4828,35.8634679951884,63,63,63,63,61,63,0,8279,1.45687144005964,25,-86,0.001869,51,2024-12-01 23:47:36.002536,452,1.037,0.0011,"aoml_navis",1029.08078540431
"7901009",54,0,1,0.026166,1,0.003738,1,115.024994363422,1,4.85864213389076,454,1,10.1960000991821,35.1710014343262,0.0261659994721413,0,110.919097900391,-85.9603,25.4828,35.8634679951884,63,63,63,63,61,63,0,8279,1.45687144005964,25,-86,0.001869,51,2024-12-01 23:47:36.002536,454,1.037,0.0011,"aoml_navis",1029.094109468
"7901009",54,0,1,0.031773,1,0.009345,1,115.042938353307,1,4.85857338023458,456,1,10.1309995651245,35.1629981994629,0.0317730009555817,0,110.936401367188,-85.9603,25.4828,35.8634679951884,63,63,63,63,61,63,0,8279,1.45687144005964,25,-86,0.001869,51,2024-12-01 23:47:36.002536,456,1.037,0.0011,"aoml_navis",1029.10867217541
"7901009",54,0,1,0.029904,1,0.007476,1,115.090535815013,1,4.85851284049293,458,1,10.0839996337891,35.1570014953613,0.0299040004611015,0,110.982299804688,-85.9603,25.4828,35.8634679951884,63,63,63,63,61,63,0,8279,1.45687144005964,25,-86,0.001869,51,2024-12-01 23:47:36.002536,458,1.037,0.0011,"aoml_navis",1029.12149543536
"7901009",54,0,1,0.029904,1,0.007476,1,115.144146253928,1,4.85845070152714,460,1,10.0349998474121,35.1510009765625,0.0299040004611015,0,111.033996582031,-85.9603,25.4828,35.8634679951884,63,63,63,63,61,63,0,8279,1.45687144005964,25,-86,0.001869,51,2024-12-01 23:47:36.002536,460,1.037,0.0011,"aoml_navis",1029.13465776824
"7901009",54,0,1,0.028035,1,0.005607,1,115.184694291036,1,4.85839265873232,462,1,9.99499988555908,35.1459999084473,0.0280349999666214,0,111.073097229004,-85.9603,25.4828,35.8634679951884,63,63,63,63,61,63,0,8279,1.45687144005964,25,-86,0.001869,51,2024-12-01 23:47:36.002536,462,1.037,0.0011,"aoml_navis",1029.14695275055
"7901009",54,0,1,0.028035,1,0.005607,1,115.189987293343,1,4.8583398159572,464,1,9.97399997711182,35.1440010070801,0.0280349999666214,0,111.078201293945,-85.9603,25.4828,35.8634679951884,63,63,63,63,61,63,0,8279,1.45687144005964,25,-86,0.001869,51,2024-12-01 23:47:36.002536,464,1.037,0.0011,"aoml_navis",1029.15814648813
"7901009",54,0,1,0.026166,1,0.003738,1,115.235092534232,1,4.85829067473734,466,1,9.95300006866455,35.140998840332,0.0261659994721413,0,111.121696472168,-85.9603,25.4828,35.8634679951884,63,63,63,63,61,63,0,8279,1.45687144005964,25,-86,0.001869,51,2024-12-01 23:47:36.002536,466,1.037,0.0011,"aoml_navis",1029.1685563401
"7901009",54,0,1,0.028035,1,0.005607,1,115.156282973718,1,4.85824608921335,468,1,9.94600009918213,35.1399993896484,0.0280349999666214,0,111.045700073242,-85.9603,25.4828,35.8634679951884,63,63,63,63,61,63,0,8279,1.45687144005964,25,-86,0.001869,51,2024-12-01 23:47:36.002536,468,1.037,0.0011,"aoml_navis",1029.17800131644
"7901009",54,0,1,0.026166,1,0.003738,1,115.131914592393,1,4.85819895658265,470,1,9.93599987030029,35.1389999389648,0.0261659994721413,0,111.022201538086,-85.9603,25.4828,35.8634679951884,63,63,63,63,61,63,0,8279,1.45687144005964,25,-86,0.001869,51,2024-12-01 23:47:36.002536,470,1.037,0.0011,"aoml_navis",1029.18798605916
"7901009",54,0,1,0.028035,1,0.005607,1,115.148402808848,1,4.85815237677703,472,1,9.91800022125244,35.1360015869141,0.0280349999666214,0,111.038101196289,-85.9603,25.4828,35.8634679951884,63,63,63,63,61,63,0,8279,1.45687144005964,25,-86,0.001869,51,2024-12-01 23:47:36.002536,472,1.037,0.0011,"aoml_navis",1029.19785387981
"7901009",54,0,1,0.024297,1,0.001869,1,115.136788268658,1,4.85810215113509,474,1,9.89999961853027,35.1339988708496,0.0242970008403063,0,111.026901245117,-85.9603,25.4828,35.8634679951884,63,63,63,63,61,63,0,8279,1.45687144005964,25,-86,0.001869,51,2024-12-01 23:47:36.002536,474,1.037,0.0011,"aoml_navis",1029.2084942742
"7901009",54,0,1,0.029904,1,0.007476,1,115.148814223078,1,4.85804712167377,476,1,9.87199974060059,35.1310005187988,0.0299040004611015,0,111.038497924805,-85.9603,25.4828,35.8634679951884,63,63,63,63,61,63,0,8279,1.45687144005964,25,-86,0.001869,51,2024-12-01 23:47:36.002536,476,1.037,0.0011,"aoml_navis",1029.22015261913
"7901009",54,0,1,0.026166,1,0.003738,1,115.114698489223,1,4.8580034233193,478,1,9.85299968719482,35.1269989013672,0.0261659994721413,0,111.005599975586,-85.9603,25.4828,35.8634679951884,63,63,63,63,61,63,0,8279,1.45687144005964,25,-86,0.001869,51,2024-12-01 23:47:36.002536,478,1.037,0.0011,"aoml_navis",1029.22941058442
"7901009",54,0,1,0.026166,1,0.003738,1,115.173601930446,1,4.85794142674754,480,1,9.80799961090088,35.1220016479492,0.0261659994721413,0,111.062400817871,-85.9603,25.4828,35.8634679951884,63,63,63,63,61,63,0,8279,1.45687144005964,25,-86,0.001869,51,2024-12-01 23:47:36.002536,480,1.037,0.0011,"aoml_navis",1029.24254550915
"7901009",54,0,1,0.024297,1,0.001869,1,115.229285264137,1,4.85786246572985,482,1,9.73400020599365,35.1150016784668,0.0242970008403063,0,111.116096496582,-85.9603,25.4828,35.8634679951884,63,63,63,63,61,63,0,8279,1.45687144005964,25,-86,0.001869,51,2024-12-01 23:47:36.002536,482,1.037,0.0011,"aoml_navis",1029.25927509741
"7901009",54,0,1,0.028035,1,0.005607,1,115.332059703557,1,4.8578030239651,484,1,9.68299961090088,35.1080017089844,0.0280349999666214,0,111.215202331543,-85.9603,25.4828,35.8634679951884,63,63,63,63,61,63,0,8279,1.45687144005964,25,-86,0.001869,51,2024-12-01 23:47:36.002536,484,1.037,0.0011,"aoml_navis",1029.27186947132
"7901009",54,0,1,0.022428,1,0,1,115.368770511788,1,4.85773969600391,486,1,9.63599967956543,35.1030006408691,0.0224280003458261,0,111.250602722168,-85.9603,25.4828,35.8634679951884,63,63,63,63,61,63,0,8279,1.45687144005964,25,-86,0.001869,51,2024-12-01 23:47:36.002536,486,1.037,0.0011,"aoml_navis",1029.28528758202
"7901009",54,0,1,0.026166,1,0.003738,1,115.401019057983,1,4.85767395928423,488,1,9.58600044250488,35.0979995727539,0.0261659994721413,0,111.281700134277,-85.9603,25.4828,35.8634679951884,63,63,63,63,61,63,0,8279,1.45687144005964,25,-86,0.001869,51,2024-12-01 23:47:36.002536,488,1.037,0.0011,"aoml_navis",1029.29921643748
"7901009",54,0,1,0.028035,1,0.005607,1,115.38256080031,1,4.8576297837598,490,1,9.57499980926514,35.0960006713867,0.0280349999666214,0,111.263900756836,-85.9603,25.4828,35.8634679951884,63,63,63,63,61,63,0,8279,1.45687144005964,25,-86,0.001869,51,2024-12-01 23:47:36.002536,490,1.037,0.0011,"aoml_navis",1029.30857693523
"7901009",54,0,1,0.031773,1,0.009345,1,115.35600875884,1,4.85758477953449,492,1,9.5629997253418,35.0940017700195,0.0317730009555817,0,111.238296508789,-85.9603,25.4828,35.8634679951884,63,63,63,63,61,63,0,8279,1.45687144005964,25,-86,0.001869,51,2024-12-01 23:47:36.002536,492,1.037,0.0011,"aoml_navis",1029.31811320422
"7901009",54,0,1,0.028035,1,0.005607,1,115.409104929968,1,4.85752348640119,494,1,9.52700042724609,35.0909996032715,0.0280349999666214,0,111.289497375488,-85.9603,25.4828,35.8634679951884,63,63,63,63,61,63,0,8279,1.45687144005964,25,-86,0.001869,51,2024-12-01 23:47:36.002536,494,1.037,0.0011,"aoml_navis",1029.3311013313
"7901009",54,0,1,0.029904,1,0.007476,1,115.385670142473,1,4.85747683883715,496,1,9.51299953460693,35.0890007019043,0.0299040004611015,0,111.266899108887,-85.9603,25.4828,35.8634679951884,63,63,63,63,61,63,0,8279,1.45687144005964,25,-86,0.001869,51,2024-12-01 23:47:36.002536,496,1.037,0.0011,"aoml_navis",1029.34098625511
"7901009",54,0,1,0.029904,1,0.007476,1,115.296796756945,1,4.85743366018252,498,1,9.51200008392334,35.0890007019043,0.0299040004611015,0,111.181198120117,-85.9603,25.4828,35.8634679951884,63,63,63,63,61,63,0,8279,1.45687144005964,25,-86,0.001869,51,2024-12-01 23:47:36.002536,498,1.037,0.0011,"aoml_navis",1029.35013626354
"7901009",54,0,1,0.029904,1,0.007476,1,115.212179926336,1,4.85739131504852,500,1,9.51200008392334,35.0890007019043,0.0299040004611015,0,111.099601745605,-85.9603,25.4828,35.8634679951884,63,63,63,63,61,63,0,8279,1.45687144005964,25,-86,0.001869,51,2024-12-01 23:47:36.002536,500,1.037,0.0011,"aoml_navis",1029.35910979823
"7901009",54,0,1,0.029904,1,0.007476,1,115.147469215018,1,4.8573468228201,502,1,9.50500011444092,35.0880012512207,0.0299040004611015,0,111.037200927734,-85.9603,25.4828,35.8634679951884,63,63,63,63,61,63,0,8279,1.45687144005964,25,-86,0.001869,51,2024-12-01 23:47:36.002536,502,1.037,0.0011,"aoml_navis",1029.36853850125
"7901009",54,0,1,0.028035,1,0.005607,1,115.026861551082,1,4.85730186311168,504,1,9.49300003051758,35.0859985351562,0.0280349999666214,0,110.9208984375,-85.9603,25.4828,35.8634679951884,63,63,63,63,61,63,0,8279,1.45687144005964,25,-86,0.001869,51,2024-12-01 23:47:36.002536,504,1.037,0.0011,"aoml_navis",1029.37806644714
"7901009",54,0,1,0.029904,1,0.007476,1,115.001251015254,1,4.85725178392264,506,1,9.46599960327148,35.0820007324219,0.0299040004611015,0,110.896202087402,-85.9603,25.4828,35.8634679951884,63,63,63,63,61,63,0,8279,1.45687144005964,25,-86,0.001869,51,2024-12-01 23:47:36.002536,506,1.037,0.0011,"aoml_navis",1029.38867953065
"7901009",54,0,1,0.031773,1,0.009345,1,114.888214955516,1,4.85720199588168,508,1,9.42599964141846,35.0750007629395,0.0317730009555817,0,110.787200927734,-85.9603,25.4828,35.8634679951884,63,63,63,63,61,63,0,8279,1.45687144005964,25,-86,0.001869,51,2024-12-01 23:47:36.002536,508,1.037,0.0011,"aoml_navis",1029.39923112924
"7901009",54,0,1,0.029904,1,0.007476,1,115.024377242077,1,4.8570969071372,510,1,9.30099964141846,35.0639991760254,0.0299040004611015,0,110.918502807617,-85.9603,25.4828,35.8634679951884,63,63,63,63,61,63,0,8279,1.45687144005964,25,-86,0.001869,51,2024-12-01 23:47:36.002536,510,1.037,0.0011,"aoml_navis",1029.42150333727
"7901009",54,0,1,0.024297,1,0.001869,1,115.218090049989,1,4.85700560925583,512,1,9.18299961090088,35.0509986877441,0.0242970008403063,0,111.10530090332,-85.9603,25.4828,35.8634679951884,63,63,63,63,61,63,0,8279,1.45687144005964,25,-86,0.001869,51,2024-12-01 23:47:36.002536,512,1.037,0.0011,"aoml_navis",1029.44085353158
"7901009",54,0,1,0.026166,1,0.003738,1,115.440324940588,1,4.85691934182751,514,1,9.08399963378906,35.0410003662109,0.0261659994721413,0,111.319602966309,-85.9603,25.4828,35.8634679951884,63,63,63,63,61,63,0,8279,1.45687144005964,25,-86,0.001869,51,2024-12-01 23:47:36.002536,514,1.037,0.0011,"aoml_navis",1029.45913821139
"7901009",54,0,1,0.035511,1,0.013083,1,115.533755529897,1,4.85685602032043,516,1,9.0310001373291,35.0349998474121,0.0355109982192516,0,111.409698486328,-85.9603,25.4828,35.8634679951884,63,63,63,63,61,63,0,8279,1.45687144005964,25,-86,0.001869,51,2024-12-01 23:47:36.002536,516,1.037,0.0011,"aoml_navis",1029.4725598372
"7901009",54,0,1,0.033642,1,0.011214,1,115.656744649281,1,4.85678716999145,518,1,8.9709997177124,35.0289993286133,0.0336420014500618,0,111.528297424316,-85.9603,25.4828,35.8634679951884,63,63,63,63,61,63,0,8279,1.45687144005964,25,-86,0.001869,51,2024-12-01 23:47:36.002536,518,1.037,0.0011,"aoml_navis",1029.48715374917
"7901009",54,0,1,0.029904,1,0.007476,1,115.819142504827,1,4.85670159899566,520,1,8.89000034332275,35.0229988098145,0.0299040004611015,0,111.684898376465,-85.9603,25.4828,35.8634679951884,63,63,63,63,61,63,0,8279,1.45687144005964,25,-86,0.001869,51,2024-12-01 23:47:36.002536,520,1.037,0.0011,"aoml_navis",1029.50529244662
"7901009",54,0,1,0.028035,1,0.005607,1,115.915587494553,1,4.85664385054342,522,1,8.84799957275391,35.0180015563965,0.0280349999666214,0,111.777900695801,-85.9603,25.4828,35.8634679951884,63,63,63,63,61,63,0,8279,1.45687144005964,25,-86,0.001869,51,2024-12-01 23:47:36.002536,522,1.037,0.0011,"aoml_navis",1029.51753389134
"7901009",54,0,1,0.028035,1,0.005607,1,115.990251265516,1,4.85657468716396,524,1,8.78699970245361,35.0120010375977,0.0280349999666214,0,111.849899291992,-85.9603,25.4828,35.8634679951884,63,63,63,63,61,63,0,8279,1.45687144005964,25,-86,0.001869,51,2024-12-01 23:47:36.002536,524,1.037,0.0011,"aoml_navis",1029.53219544119
"7901009",54,0,1,0.024297,1,0.001869,1,115.923261952308,1,4.85650510954756,526,1,8.75300025939941,35.0120010375977,0.0242970008403063,0,111.785301208496,-85.9603,25.4828,35.8634679951884,63,63,63,63,61,63,0,8279,1.45687144005964,25,-86,0.001869,51,2024-12-01 23:47:36.002536,526,1.037,0.0011,"aoml_navis",1029.54694522411
"7901009",54,0,1,0.029904,1,0.007476,1,115.950533968681,1,4.85644702641412,528,1,8.73799991607666,35.0130004882812,0.0299040004611015,0,111.811599731445,-85.9603,25.4828,35.8634679951884,63,63,63,63,61,63,0,8279,1.45687144005964,25,-86,0.001869,51,2024-12-01 23:47:36.002536,528,1.037,0.0011,"aoml_navis",1029.55925861131
"7901009",54,0,1,0.031773,1,0.009345,1,115.975835943836,1,4.85639361999392,530,1,8.71500015258789,35.0110015869141,0.0317730009555817,0,111.835998535156,-85.9603,25.4828,35.8634679951884,63,63,63,63,61,63,0,8279,1.45687144005964,25,-86,0.001869,51,2024-12-01 23:47:36.002536,530,1.037,0.0011,"aoml_navis",1029.5705808143
"7901009",54,0,1,0.031773,1,0.009345,1,116.045942511019,1,4.85634263177732,532,1,8.69499969482422,35.0089988708496,0.0317730009555817,0,111.903602600098,-85.9603,25.4828,35.8634679951884,63,63,63,63,61,63,0,8279,1.45687144005964,25,-86,0.001869,51,2024-12-01 23:47:36.002536,532,1.037,0.0011,"aoml_navis",1029.5813905886
"7901009",54,0,1,0.033642,1,0.011214,1,116.121017696213,1,4.85630038291929,534,1,8.68599987030029,35.0069999694824,0.0336420014500618,0,111.975997924805,-85.9603,25.4828,35.8634679951884,63,63,63,63,61,63,0,8279,1.45687144005964,25,-86,0.001869,51,2024-12-01 23:47:36.002536,534,1.037,0.0011,"aoml_navis",1029.59034774417
"7901009",54,0,1,0.03738,1,0.014952,1,116.223792135633,1,4.85625654868646,536,1,8.67500019073486,35.0050010681152,0.0373799987137318,0,112.075103759766,-85.9603,25.4828,35.8634679951884,63,63,63,63,61,63,0,8279,1.45687144005964,25,-86,0.001869,51,2024-12-01 23:47:36.002536,536,1.037,0.0011,"aoml_navis",1029.59964117885
"7901009",54,0,1,0.029904,1,0.007476,1,116.430258784681,1,4.85620790070428,538,1,8.64400005340576,35,0.0299040004611015,0,112.274200439453,-85.9603,25.4828,35.8634679951884,63,63,63,63,61,63,0,8279,1.45687144005964,25,-86,0.001869,51,2024-12-01 23:47:36.002536,538,1.037,0.0011,"aoml_navis",1029.60995538821
"7901009",54,0,1,0.031773,1,0.009345,1,116.954883134453,1,4.85611511687511,540,1,8.50100040435791,34.9830017089844,0.0317730009555817,0,112.780097961426,-85.9603,25.4828,35.8634679951884,63,63,63,63,61,63,0,8279,1.45687144005964,25,-86,0.001869,51,2024-12-01 23:47:36.002536,540,1.037,0.0011,"aoml_navis",1029.62962772956
"7901009",54,0,1,0.029904,1,0.007476,1,117.401006484385,1,4.85605062551346,542,1,8.39299964904785,34.9659996032715,0.0299040004611015,0,113.210296630859,-85.9603,25.4828,35.8634679951884,63,63,63,63,61,63,0,8279,1.45687144005964,25,-86,0.001869,51,2024-12-01 23:47:36.002536,542,1.037,0.0011,"aoml_navis",1029.64330184909
"7901009",54,0,1,0.028035,1,0.005607,1,117.564337933762,1,4.85599866418036,544,1,8.36200046539307,34.9620018005371,0.0280349999666214,0,113.367797851562,-85.9603,25.4828,35.8634679951884,63,63,63,63,61,63,0,8279,1.45687144005964,25,-86,0.001869,51,2024-12-01 23:47:36.002536,544,1.037,0.0011,"aoml_navis",1029.65431948774
"7901009",54,0,1,0.028035,1,0.005607,1,117.873270461557,1,4.85592536136158,546,1,8.29399967193604,34.9560012817383,0.0280349999666214,0,113.665702819824,-85.9603,25.4828,35.8634679951884,63,63,63,63,61,63,0,8279,1.45687144005964,25,-86,0.001869,51,2024-12-01 23:47:36.002536,546,1.037,0.0011,"aoml_navis",1029.66986267639
"7901009",54,0,1,0.028035,1,0.005607,1,118.087000154129,1,4.85586173612229,548,1,8.24300003051758,34.951000213623,0.0280349999666214,0,113.871803283691,-85.9603,25.4828,35.8634679951884,63,63,63,63,61,63,0,8279,1.45687144005964,25,-86,0.001869,51,2024-12-01 23:47:36.002536,548,1.037,0.0011,"aoml_navis",1029.68335420374
"7901009",54,0,1,0.029904,1,0.007476,1,118.482828114423,1,4.85579274135695,550,1,8.16100025177002,34.9410018920898,0.0299040004611015,0,114.25350189209,-85.9603,25.4828,35.8634679951884,63,63,63,63,61,63,0,8279,1.45687144005964,25,-86,0.001869,51,2024-12-01 23:47:36.002536,550,1.037,0.0011,"aoml_navis",1029.69798472139
"7901009",54,0,1,0.029904,1,0.007476,1,118.797354293386,1,4.85573220618465,552,1,8.07999992370605,34.9290008544922,0.0299040004611015,0,114.556800842285,-85.9603,25.4828,35.8634679951884,63,63,63,63,61,63,0,8279,1.45687144005964,25,-86,0.001869,51,2024-12-01 23:47:36.002536,552,1.037,0.0011,"aoml_navis",1029.71082170298
"7901009",54,0,1,0.029904,1,0.007476,1,118.999366592211,1,4.85569005568133,554,1,8.04199981689453,34.9210014343262,0.0299040004611015,0,114.751602172852,-85.9603,25.4828,35.8634679951884,63,63,63,63,61,63,0,8279,1.45687144005964,25,-86,0.001869,51,2024-12-01 23:47:36.002536,554,1.037,0.0011,"aoml_navis",1029.71976025319
"7901009",54,0,1,0.028035,1,0.005607,1,119.298543855664,1,4.85562014873012,556,1,7.98199987411499,34.9160003662109,0.0280349999666214,0,115.040100097656,-85.9603,25.4828,35.8634679951884,63,63,63,63,61,63,0,8279,1.45687144005964,25,-86,0.001869,51,2024-12-01 23:47:36.002536,556,1.037,0.0011,"aoml_navis",1029.73458525326
"7901009",54,0,1,0.028035,1,0.005607,1,119.602286234709,1,4.85554801813638,558,1,7.91400003433228,34.9099998474121,0.0280349999666214,0,115.333000183105,-85.9603,25.4828,35.8634679951884,63,63,63,63,61,63,0,8279,1.45687144005964,25,-86,0.001869,51,2024-12-01 23:47:36.002536,558,1.037,0.0011,"aoml_navis",1029.74988226335
"7901009",54,0,1,0.031773,1,0.009345,1,119.752444516908,1,4.85549765342477,560,1,7.89400005340576,34.9080009460449,0.0317730009555817,0,115.477798461914,-85.9603,25.4828,35.8634679951884,63,63,63,63,61,63,0,8279,1.45687144005964,25,-86,0.001869,51,2024-12-01 23:47:36.002536,560,1.037,0.0011,"aoml_navis",1029.76056356928
"7901009",54,0,1,0.026166,1,0.003738,1,119.856041784789,1,4.85544580442462,562,1,7.87200021743774,34.9059982299805,0.0261659994721413,0,115.577697753906,-85.9603,25.4828,35.8634679951884,63,63,63,63,61,63,0,8279,1.45687144005964,25,-86,0.001869,51,2024-12-01 23:47:36.002536,562,1.037,0.0011,"aoml_navis",1029.77155989336
"7901009",54,0,1,0.028035,1,0.005607,1,120.073402999124,1,4.85538094063505,564,1,7.82299995422363,34.9020004272461,0.0280349999666214,0,115.787300109863,-85.9603,25.4828,35.8634679951884,63,63,63,63,61,63,0,8279,1.45687144005964,25,-86,0.001869,51,2024-12-01 23:47:36.002536,564,1.037,0.0011,"aoml_navis",1029.78531677188
"7901009",54,0,1,0.028035,1,0.005607,1,120.269813734968,1,4.85531755088197,566,1,7.76599979400635,34.8959999084473,0.0280349999666214,0,115.976699829102,-85.9603,25.4828,35.8634679951884,63,63,63,63,61,63,0,8279,1.45687144005964,25,-86,0.001869,51,2024-12-01 23:47:36.002536,566,1.037,0.0011,"aoml_navis",1029.79876137901
"7901009",54,0,1,0.035511,1,0.013083,1,120.390729959577,1,4.85527706951486,568,1,7.75899982452393,34.8940010070801,0.0355109982192516,0,116.093299865723,-85.9603,25.4828,35.8634679951884,63,63,63,63,61,63,0,8279,1.45687144005964,25,-86,0.001869,51,2024-12-01 23:47:36.002536,568,1.037,0.0011,"aoml_navis",1029.80734743107
"7901009",54,0,1,0.029904,1,0.007476,1,120.546489804756,1,4.85522909250834,570,1,7.74200010299683,34.8919982910156,0.0299040004611015,0,116.243499755859,-85.9603,25.4828,35.8634679951884,63,63,63,63,61,63,0,8279,1.45687144005964,25,-86,0.001869,51,2024-12-01 23:47:36.002536,570,1.037,0.0011,"aoml_navis",1029.81752348515
"7901009",54,0,4,0.022428,1,0,1,120.739482637765,1,4.8551698015357,572,1,7.70499992370605,34.8889999389648,0.0224280003458261,0,116.42960357666,-85.9603,25.4828,35.8634679951884,63,63,63,63,61,63,0,8279,1.45687144005964,25,-86,0.001869,51,2024-12-01 23:47:36.002536,572,1.037,0.0011,"aoml_navis",1029.83009954018
"7901009",54,0,1,0.026166,1,0.003738,1,120.940656284505,1,4.8551106819867,574.099975585938,1,7.6710000038147,34.8860015869141,0.0261659994721413,0,116.623596191406,-85.9603,25.4828,35.8634679951884,63,63,63,63,61,63,0,8279,1.45687144005964,25,-86,0.001869,51,2024-12-01 23:47:36.002536,574.099975585938,1.037,0.0011,"aoml_navis",1029.84263954082
"7901009",54,0,1,0.031773,1,0.009345,1,121.147439406037,1,4.85504853106359,576.099975585938,1,7.63000011444092,34.882999420166,0.0317730009555817,0,116.822998046875,-85.9603,25.4828,35.8634679951884,63,63,63,63,61,63,0,8279,1.45687144005964,25,-86,0.001869,51,2024-12-01 23:47:36.002536,576.099975585938,1.037,0.0011,"aoml_navis",1029.85582286335
"7901009",54,0,1,0.029904,1,0.007476,1,121.216406672275,1,4.85499620908496,578,1,7.62400007247925,34.8849983215332,0.0299040004611015,0,116.889503479004,-85.9603,25.4828,35.8634679951884,63,63,63,63,61,63,0,8279,1.45687144005964,25,-86,0.001869,51,2024-12-01 23:47:36.002536,578,1.037,0.0011,"aoml_navis",1029.86692155263
"7901009",54,0,1,0.028035,1,0.005607,1,121.246162997653,1,4.85494416712359,580,1,7.64099979400635,34.890998840332,0.0280349999666214,0,116.918197631836,-85.9603,25.4828,35.8634679951884,63,63,63,63,61,63,0,8279,1.45687144005964,25,-86,0.001869,51,2024-12-01 23:47:36.002536,580,1.037,0.0011,"aoml_navis",1029.87796108114
"7901009",54,0,1,0.028035,1,0.005607,1,121.335558562781,1,4.85489788601334,582,1,7.64099979400635,34.8919982910156,0.0280349999666214,0,117.004402160645,-85.9603,25.4828,35.8634679951884,63,63,63,63,61,63,0,8279,1.45687144005964,25,-86,0.001869,51,2024-12-01 23:47:36.002536,582,1.037,0.0011,"aoml_navis",1029.88777877382
"7901009",54,0,1,0.029904,1,0.007476,1,121.368218523207,1,4.8548273277155,584,1,7.64799976348877,34.9010009765625,0.0299040004611015,0,117.03589630127,-85.9603,25.4828,35.8634679951884,63,63,63,63,61,63,0,8279,1.45687144005964,25,-86,0.001869,51,2024-12-01 23:47:36.002536,584,1.037,0.0011,"aoml_navis",1029.9027467889
"7901009",54,0,1,0.029904,1,0.007476,1,121.418624678214,1,4.85479141745835,586,1,7.65199995040894,34.9000015258789,0.0299040004611015,0,117.084503173828,-85.9603,25.4828,35.8634679951884,63,63,63,63,61,63,0,8279,1.45687144005964,25,-86,0.001869,51,2024-12-01 23:47:36.002536,586,1.037,0.0011,"aoml_navis",1029.91036484481
"7901009",54,0,1,0.028035,1,0.005607,1,121.574487376951,1,4.85474514767967,588,1,7.65199995040894,34.9010009765625,0.0280349999666214,0,117.234802246094,-85.9603,25.4828,35.8634679951884,63,63,63,63,61,63,0,8279,1.45687144005964,25,-86,0.001869,51,2024-12-01 23:47:36.002536,588,1.037,0.0011,"aoml_navis",1029.92018075135
"7901009",54,0,1,0.029904,1,0.007476,1,121.879574764057,1,4.85468904959128,590,1,7.62900018692017,34.9000015258789,0.0299040004611015,0,117.528999328613,-85.9603,25.4828,35.8634679951884,63,63,63,63,61,63,0,8279,1.45687144005964,25,-86,0.001869,51,2024-12-01 23:47:36.002536,590,1.037,0.0011,"aoml_navis",1029.93208193652
"7901009",54,0,1,0.026166,1,0.003738,1,122.358160279111,1,4.8546321492428,592,1,7.59499979019165,34.8969993591309,0.0261659994721413,0,117.990501403809,-85.9603,25.4828,35.8634679951884,63,63,63,63,61,63,0,8279,1.45687144005964,25,-86,0.001869,51,2024-12-01 23:47:36.002536,592,1.037,0.0011,"aoml_navis",1029.94415360181
"7901009",54,0,1,0.028035,1,0.005607,1,122.97228304757,1,4.85455882483688,594,1,7.51900005340576,34.8899993896484,0.0280349999666214,0,118.582702636719,-85.9603,25.4828,35.8634679951884,63,63,63,63,61,63,0,8279,1.45687144005964,25,-86,0.001869,51,2024-12-01 23:47:36.002536,594,1.037,0.0011,"aoml_navis",1029.95971012217
"7901009",54,0,1,0.029904,1,0.007476,1,123.613883539516,1,4.85447263723924,596,1,7.34999990463257,34.8680000305176,0.0299040004611015,0,119.201400756836,-85.9603,25.4828,35.8634679951884,63,63,63,63,61,63,0,8279,1.45687144005964,25,-86,0.001869,51,2024-12-01 23:47:36.002536,596,1.037,0.0011,"aoml_navis",1029.97799630065
"7901009",54,0,1,0.026166,1,0.003738,1,123.683159366427,1,4.85442564315108,598,1,7.33400011062622,34.8660011291504,0.0261659994721413,0,119.268203735352,-85.9603,25.4828,35.8634679951884,63,63,63,63,61,63,0,8279,1.45687144005964,25,-86,0.001869,51,2024-12-01 23:47:36.002536,598,1.037,0.0011,"aoml_navis",1029.98796717678
"7901009",54,0,1,0.031773,1,0.009345,1,123.699022549724,1,4.8543844982483,600,1,7.33099985122681,34.8650016784668,0.0317730009555817,0,119.283500671387,-85.9603,25.4828,35.8634679951884,63,63,63,63,61,63,0,8279,1.45687144005964,25,-86,0.001869,51,2024-12-01 23:47:36.002536,600,1.037,0.0011,"aoml_navis",1029.99669717227
"7901009",54,0,1,0.028035,1,0.005607,1,123.78333081966,1,4.8543411343436,602,1,7.32999992370605,34.8650016784668,0.0280349999666214,0,119.364799499512,-85.9603,25.4828,35.8634679951884,63,63,63,63,61,63,0,8279,1.45687144005964,25,-86,0.001869,51,2024-12-01 23:47:36.002536,602,1.037,0.0011,"aoml_navis",1030.00589814875
"7901009",54,0,1,0.029904,1,0.007476,1,123.930482613254,1,4.85430000736175,604,1,7.3270001411438,34.8639984130859,0.0299040004611015,0,119.506698608398,-85.9603,25.4828,35.8634679951884,63,63,63,63,61,63,0,8279,1.45687144005964,25,-86,0.001869,51,2024-12-01 23:47:36.002536,604,1.037,0.0011,"aoml_navis",1030.01462464563
"7901009",54,0,1,0.029904,1,0.007476,1,124.200520672674,1,4.85425006991344,606,1,7.31199979782104,34.8629989624023,0.0299040004611015,0,119.767097473145,-85.9603,25.4828,35.8634679951884,63,63,63,63,61,63,0,8279,1.45687144005964,25,-86,0.001869,51,2024-12-01 23:47:36.002536,606,1.037,0.0011,"aoml_navis",1030.02522078331
"7901009",54,0,1,0.028035,1,0.005607,1,124.516502625067,1,4.85419285006881,608,1,7.28200006484985,34.8610000610352,0.0280349999666214,0,120.071800231934,-85.9603,25.4828,35.8634679951884,63,63,63,63,61,63,0,8279,1.45687144005964,25,-86,0.001869,51,2024-12-01 23:47:36.002536,608,1.037,0.0011,"aoml_navis",1030.03736242764
"7901009",54,0,1,0.029904,1,0.007476,1,124.734172400075,1,4.85413709129532,610,1,7.25899982452393,34.8600006103516,0.0299040004611015,0,120.281700134277,-85.9603,25.4828,35.8634679951884,63,63,63,63,61,63,0,8279,1.45687144005964,25,-86,0.001869,51,2024-12-01 23:47:36.002536,610,1.037,0.0011,"aoml_navis",1030.04919431844
"7901009",54,0,1,0.031773,1,0.009345,1,124.959208072164,1,4.85409084224303,612,1,7.24900007247925,34.859001159668,0.0317730009555817,0,120.49870300293,-85.9603,25.4828,35.8634679951884,63,63,63,63,61,63,0,8279,1.45687144005964,25,-86,0.001869,51,2024-12-01 23:47:36.002536,612,1.037,0.0011,"aoml_navis",1030.05900847326
"7901009",54,0,1,0.029904,1,0.007476,1,125.308577871698,1,4.85403146604715,614,1,7.22100019454956,34.8580017089844,0.0299040004611015,0,120.835601806641,-85.9603,25.4828,35.8634679951884,63,63,63,63,61,63,0,8279,1.45687144005964,25,-86,0.001869,51,2024-12-01 23:47:36.002536,614,1.037,0.0011,"aoml_navis",1030.0716085122
"7901009",54,0,1,0.031773,1,0.009345,1,125.554041842677,1,4.8539728625395,616,1,7.19399976730347,34.8569984436035,0.0317730009555817,0,121.072303771973,-85.9603,25.4828,35.8634679951884,63,63,63,63,61,63,0,8279,1.45687144005964,25,-86,0.001869,51,2024-12-01 23:47:36.002536,616,1.037,0.0011,"aoml_navis",1030.08404488362
"7901009",54,0,1,0.033642,1,0.011214,1,125.798983634057,1,4.85391342666101,618,1,7.17600011825562,34.8580017089844,0.0336420014500618,0,121.308502197266,-85.9603,25.4828,35.8634679951884,63,63,63,63,61,63,0,8279,1.45687144005964,25,-86,0.001869,51,2024-12-01 23:47:36.002536,618,1.037,0.0011,"aoml_navis",1030.0966582009
"7901009",54,0,1,0.028035,1,0.005607,1,126.013021887302,1,4.8538546881357,620,1,7.16400003433228,34.8600006103516,0.0280349999666214,0,121.51490020752,-85.9603,25.4828,35.8634679951884,63,63,63,63,61,63,0,8279,1.45687144005964,25,-86,0.001869,51,2024-12-01 23:47:36.002536,620,1.037,0.0011,"aoml_navis",1030.10912383132
"7901009",54,0,1,0.033642,1,0.011214,1,126.175728303521,1,4.8538003692403,622,1,7.15299987792969,34.8610000610352,0.0336420014500618,0,121.671798706055,-85.9603,25.4828,35.8634679951884,63,63,63,63,61,63,0,8279,1.45687144005964,25,-86,0.001869,51,2024-12-01 23:47:36.002536,622,1.037,0.0011,"aoml_navis",1030.12065178581
"7901009",54,0,1,0.024297,1,0.001869,1,126.318837161123,1,4.8537423671912,624,1,7.14200019836426,34.8629989624023,0.0242970008403063,0,121.809799194336,-85.9603,25.4828,35.8634679951884,63,63,63,63,61,63,0,8279,1.45687144005964,25,-86,0.001869,51,2024-12-01 23:47:36.002536,624,1.037,0.0011,"aoml_navis",1030.13296169105
"7901009",54,0,1,0.029904,1,0.007476,1,126.459248090792,1,4.85368284474151,626,1,7.13399982452393,34.8660011291504,0.0299040004611015,0,121.945198059082,-85.9603,25.4828,35.8634679951884,63,63,63,63,61,63,0,8279,1.45687144005964,25,-86,0.001869,51,2024-12-01 23:47:36.002536,626,1.037,0.0011,"aoml_navis",1030.14559458021
"7901009",54,0,1,0.031773,1,0.009345,1,126.532566853695,1,4.8536328930847,628,1,7.12900018692017,34.867000579834,0.0317730009555817,0,122.015899658203,-85.9603,25.4828,35.8634679951884,63,63,63,63,61,63,0,8279,1.45687144005964,25,-86,0.001869,51,2024-12-01 23:47:36.002536,628,1.037,0.0011,"aoml_navis",1030.15619642842
"7901009",54,0,1,0.031773,1,0.009345,1,126.614699375298,1,4.85358366896618,630,1,7.125,34.8680000305176,0.0317730009555817,0,122.095100402832,-85.9603,25.4828,35.8634679951884,63,63,63,63,61,63,0,8279,1.45687144005964,25,-86,0.001869,51,2024-12-01 23:47:36.002536,630,1.037,0.0011,"aoml_navis",1030.1666440758
"7901009",54,0,1,0.029904,1,0.007476,1,126.685011649596,1,4.85353444687219,632,1,7.12099981307983,34.8689994812012,0.0299040004611015,0,122.162902832031,-85.9603,25.4828,35.8634679951884,63,63,63,63,61,63,0,8279,1.45687144005964,25,-86,0.001869,51,2024-12-01 23:47:36.002536,632,1.037,0.0011,"aoml_navis",1030.17709150539
"7901009",54,0,1,0.024297,1,0.001869,1,126.843152950223,1,4.85348818887986,634,1,7.11600017547607,34.8689994812012,0.0242970008403063,0,122.315399169922,-85.9603,25.4828,35.8634679951884,63,63,63,63,61,63,0,8279,1.45687144005964,25,-86,0.001869,51,2024-12-01 23:47:36.002536,634,1.037,0.0011,"aoml_navis",1030.18690999513
"7901009",54,0,1,0.029904,1,0.007476,1,127.014783890512,1,4.85343316580731,636,1,7.10400009155273,34.8699989318848,0.0299040004611015,0,122.480903625488,-85.9603,25.4828,35.8634679951884,63,63,63,63,61,63,0,8279,1.45687144005964,25,-86,0.001869,51,2024-12-01 23:47:36.002536,636,1.037,0.0011,"aoml_navis",1030.19858916061
"7901009",54,0,1,0.024297,1,0.001869,1,127.190141294309,1,4.85337589643524,638,1,7.0939998626709,34.8720016479492,0.0242970008403063,0,122.650001525879,-85.9603,25.4828,35.8634679951884,63,63,63,63,61,63,0,8279,1.45687144005964,25,-86,0.001869,51,2024-12-01 23:47:36.002536,638,1.037,0.0011,"aoml_navis",1030.21074540557
"7901009",54,0,1,0.026166,1,0.003738,1,127.405113141383,1,4.85331792059857,640,1,7.08300018310547,34.8740005493164,0.0261659994721413,0,122.857299804688,-85.9603,25.4828,35.8634679951884,63,63,63,63,61,63,0,8279,1.45687144005964,25,-86,0.001869,51,2024-12-01 23:47:36.002536,640,1.037,0.0011,"aoml_navis",1030.2230519
"7901009",54,0,1,0.033642,1,0.011214,1,127.617078499853,1,4.85325343087052,642,1,7.06300020217896,34.8759994506836,0.0336420014500618,0,123.061698913574,-85.9603,25.4828,35.8634679951884,63,63,63,63,61,63,0,8279,1.45687144005964,25,-86,0.001869,51,2024-12-01 23:47:36.002536,642,1.037,0.0011,"aoml_navis",1030.23674143947
"7901009",54,0,1,0.031773,1,0.009345,1,127.769523295754,1,4.85319987787546,644,1,7.05299997329712,34.8769989013672,0.0317730009555817,0,123.208702087402,-85.9603,25.4828,35.8634679951884,63,63,63,63,61,63,0,8279,1.45687144005964,25,-86,0.001869,51,2024-12-01 23:47:36.002536,644,1.037,0.0011,"aoml_navis",1030.24810966343
"7901009",54,0,1,0.028035,1,0.005607,1,127.932957598688,1,4.8531478462621,646,1,7.03999996185303,34.8769989013672,0.0280349999666214,0,123.366302490234,-85.9603,25.4828,35.8634679951884,63,63,63,63,61,63,0,8279,1.45687144005964,25,-86,0.001869,51,2024-12-01 23:47:36.002536,646,1.037,0.0011,"aoml_navis",1030.25915516895
"7901009",54,0,1,0.031773,1,0.009345,1,128.09223820026,1,4.85309943543316,648,1,7.03200006484985,34.8769989013672,0.0317730009555817,0,123.519897460938,-85.9603,25.4828,35.8634679951884,63,63,63,63,61,63,0,8279,1.45687144005964,25,-86,0.001869,51,2024-12-01 23:47:36.002536,648,1.037,0.0011,"aoml_navis",1030.26943225072
"7901009",54,0,1,0.028035,1,0.005607,1,128.305865039275,1,4.85304444876855,650,1,7.01999998092651,34.8779983520508,0.0280349999666214,0,123.725898742676,-85.9603,25.4828,35.8634679951884,63,63,63,63,61,63,0,8279,1.45687144005964,25,-86,0.001869,51,2024-12-01 23:47:36.002536,650,1.037,0.0011,"aoml_navis",1030.28110555813
"7901009",54,0,1,0.028035,1,0.005607,1,128.557650548137,1,4.85297934640477,652,1,6.99399995803833,34.8790016174316,0.0280349999666214,0,123.968696594238,-85.9603,25.4828,35.8634679951884,63,63,63,63,61,63,0,8279,1.45687144005964,25,-86,0.001869,51,2024-12-01 23:47:36.002536,652,1.037,0.0011,"aoml_navis",1030.29492670397
"7901009",54,0,1,0.035511,1,0.013083,1,128.810377562642,1,4.85291059647705,654,1,6.96799993515015,34.8810005187988,0.0355109982192516,0,124.21240234375,-85.9603,25.4828,35.8634679951884,63,63,63,63,61,63,0,8279,1.45687144005964,25,-86,0.001869,51,2024-12-01 23:47:36.002536,654,1.037,0.0011,"aoml_navis",1030.3095226254
"7901009",54,0,1,0.028035,1,0.005607,1,128.952861387086,1,4.85285203691243,656,1,6.95100021362305,34.8819999694824,0.0280349999666214,0,124.349800109863,-85.9603,25.4828,35.8634679951884,63,63,63,63,61,63,0,8279,1.45687144005964,25,-86,0.001869,51,2024-12-01 23:47:36.002536,656,1.037,0.0011,"aoml_navis",1030.32195541268
"7901009",54,0,1,0.028035,1,0.005607,1,129.090162974592,1,4.85280652881188,658,1,6.94700002670288,34.8819999694824,0.0280349999666214,0,124.482200622559,-85.9603,25.4828,35.8634679951884,63,63,63,63,61,63,0,8279,1.45687144005964,25,-86,0.001869,51,2024-12-01 23:47:36.002536,658,1.037,0.0011,"aoml_navis",1030.33161744945
"7901009",54,0,1,0.028035,1,0.005607,1,129.227361708541,1,4.85276246253316,660,1,6.94500017166138,34.8819999694824,0.0280349999666214,0,124.614501953125,-85.9603,25.4828,35.8634679951884,63,63,63,63,61,63,0,8279,1.45687144005964,25,-86,0.001869,51,2024-12-01 23:47:36.002536,660,1.037,0.0011,"aoml_navis",1030.34097353902
"7901009",54,0,1,0.028035,1,0.005607,1,129.414436506085,1,4.85270760333093,662,1,6.92799997329712,34.8819999694824,0.0280349999666214,0,124.794898986816,-85.9603,25.4828,35.8634679951884,63,63,63,63,61,63,0,8279,1.45687144005964,25,-86,0.001869,51,2024-12-01 23:47:36.002536,662,1.037,0.0011,"aoml_navis",1030.35262140418
"7901009",54,0,1,0.033642,1,0.011214,1,129.587309600877,1,4.85265203604713,664,1,6.90999984741211,34.8819999694824,0.0336420014500618,0,124.961601257324,-85.9603,25.4828,35.8634679951884,63,63,63,63,61,63,0,8279,1.45687144005964,25,-86,0.001869,51,2024-12-01 23:47:36.002536,664,1.037,0.0011,"aoml_navis",1030.36441987975
"7901009",54,0,1,0.029904,1,0.007476,1,129.719421039634,1,4.85260294358728,666,1,6.90100002288818,34.8819999694824,0.0299040004611015,0,125.088996887207,-85.9603,25.4828,35.8634679951884,63,63,63,63,61,63,0,8279,1.45687144005964,25,-86,0.001869,51,2024-12-01 23:47:36.002536,666,1.037,0.0011,"aoml_navis",1030.37484379543
"7901009",54,0,1,0.028035,1,0.005607,1,129.86471355738,1,4.85255529039175,668,1,6.89400005340576,34.8819999694824,0.0280349999666214,0,125.229103088379,-85.9603,25.4828,35.8634679951884,63,63,63,63,61,63,0,8279,1.45687144005964,25,-86,0.001869,51,2024-12-01 23:47:36.002536,668,1.037,0.0011,"aoml_navis",1030.38496231052
"7901009",54,0,1,0.028035,1,0.005607,1,130.058734925964,1,4.85250907550985,670,1,6.88899993896484,34.8819999694824,0.0280349999666214,0,125.416198730469,-85.9603,25.4828,35.8634679951884,63,63,63,63,61,63,0,8279,1.45687144005964,25,-86,0.001869,51,2024-12-01 23:47:36.002536,670,1.037,0.0011,"aoml_navis",1030.39477560888
"7901009",54,0,1,0.029904,1,0.007476,1,130.33084588016,1,4.85245711990777,672,1,6.87599992752075,34.8819999694824,0.0299040004611015,0,125.678596496582,-85.9603,25.4828,35.8634679951884,63,63,63,63,61,63,0,8279,1.45687144005964,25,-86,0.001869,51,2024-12-01 23:47:36.002536,672,1.037,0.0011,"aoml_navis",1030.40580811872
"7901009",54,0,1,0.029904,1,0.007476,1,130.604309754227,1,4.85239585113777,674,1,6.84999990463257,34.8819999694824,0.0299040004611015,0,125.94229888916,-85.9603,25.4828,35.8634679951884,63,63,63,63,61,63,0,8279,1.45687144005964,25,-86,0.001869,51,2024-12-01 23:47:36.002536,674,1.037,0.0011,"aoml_navis",1030.41881853634
"7901009",54,0,1,0.029904,1,0.007476,1,130.812960063419,1,4.85233317795016,676,1,6.82200002670288,34.8819999694824,0.0299040004611015,0,126.143501281738,-85.9603,25.4828,35.8634679951884,63,63,63,63,61,63,0,8279,1.45687144005964,25,-86,0.001869,51,2024-12-01 23:47:36.002536,676,1.037,0.0011,"aoml_navis",1030.43212752184
"7901009",54,0,1,0.033642,1,0.011214,1,130.906501418097,1,4.85228911994914,678,1,6.82000017166138,34.8819999694824,0.0336420014500618,0,126.233703613281,-85.9603,25.4828,35.8634679951884,63,63,63,63,61,63,0,8279,1.45687144005964,25,-86,0.001869,51,2024-12-01 23:47:36.002536,678,1.037,0.0011,"aoml_navis",1030.44148367903
"7901009",54,0,1,0.031773,1,0.009345,1,131.063400564221,1,4.8522457790814,680,1,6.81899976730347,34.8819999694824,0.0317730009555817,0,126.38500213623,-85.9603,25.4828,35.8634679951884,63,63,63,63,61,63,0,8279,1.45687144005964,25,-86,0.001869,51,2024-12-01 23:47:36.002536,680,1.037,0.0011,"aoml_navis",1030.45068771157
"7901009",54,0,1,0.029904,1,0.007476,1,131.302329378391,1,4.85219600155056,682,1,6.80900001525879,34.8819999694824,0.0299040004611015,0,126.61540222168,-85.9603,25.4828,35.8634679951884,63,63,63,63,61,63,0,8279,1.45687144005964,25,-86,0.001869,51,2024-12-01 23:47:36.002536,682,1.037,0.0011,"aoml_navis",1030.46125886139
"7901009",54,0,1,0.033642,1,0.011214,1,131.614260482979,1,4.85214336819166,684,1,6.79500007629395,34.8819999694824,0.0336420014500618,0,126.916198730469,-85.9603,25.4828,35.8634679951884,63,63,63,63,61,63,0,8279,1.45687144005964,25,-86,0.001869,51,2024-12-01 23:47:36.002536,684,1.037,0.0011,"aoml_navis",1030.47243673334
"7901009",54,0,1,0.031773,1,0.009345,1,132.153719480475,1,4.85210526117884,686,1,6.79099988937378,34.8800010681152,0.0317730009555817,0,127.436401367188,-85.9603,25.4828,35.8634679951884,63,63,63,63,61,63,0,8279,1.45687144005964,25,-86,0.001869,51,2024-12-01 23:47:36.002536,686,1.037,0.0011,"aoml_navis",1030.48052976188
"7901009",54,0,1,0.031773,1,0.009345,1,132.908253178602,1,4.85203563296626,688,1,6.7480001449585,34.8790016174316,0.0317730009555817,0,128.164001464844,-85.9603,25.4828,35.8634679951884,63,63,63,63,61,63,0,8279,1.45687144005964,25,-86,0.001869,51,2024-12-01 23:47:36.002536,688,1.037,0.0011,"aoml_navis",1030.49531747632
"7901009",54,0,1,0.026166,1,0.003738,1,133.654178825144,1,4.8519442285953,690,1,6.66900014877319,34.8769989013672,0.0261659994721413,0,128.88330078125,-85.9603,25.4828,35.8634679951884,63,63,63,63,61,63,0,8279,1.45687144005964,25,-86,0.001869,51,2024-12-01 23:47:36.002536,690,1.037,0.0011,"aoml_navis",1030.51473067891
"7901009",54,0,1,0.026166,1,0.003738,1,133.988721888768,1,4.85186564084989,692,1,6.61299991607666,34.8759994506836,0.0261659994721413,0,129.205902099609,-85.9603,25.4828,35.8634679951884,63,63,63,63,61,63,0,8279,1.45687144005964,25,-86,0.001869,51,2024-12-01 23:47:36.002536,692,1.037,0.0011,"aoml_navis",1030.53142236729
"7901009",54,0,1,0.031773,1,0.009345,1,134.181295395735,1,4.85181044400765,694,1,6.59000015258789,34.875,0.0317730009555817,0,129.3916015625,-85.9603,25.4828,35.8634679951884,63,63,63,63,61,63,0,8279,1.45687144005964,25,-86,0.001869,51,2024-12-01 23:47:36.002536,694,1.037,0.0011,"aoml_navis",1030.54314625489
"7901009",54,0,1,0.029904,1,0.007476,1,134.285715492076,1,4.85176144583708,696,1,6.58099985122681,34.875,0.0299040004611015,0,129.492294311523,-85.9603,25.4828,35.8634679951884,63,63,63,63,61,63,0,8279,1.45687144005964,25,-86,0.001869,51,2024-12-01 23:47:36.002536,696,1.037,0.0011,"aoml_navis",1030.55355375935
"7901009",54,0,1,0.029904,1,0.007476,1,134.439711003152,1,4.85171191126073,698,1,6.56599998474121,34.8740005493164,0.0299040004611015,0,129.64079284668,-85.9603,25.4828,35.8634679951884,63,63,63,63,61,63,0,8279,1.45687144005964,25,-86,0.001869,51,2024-12-01 23:47:36.002536,698,1.037,0.0011,"aoml_navis",1030.56407541328
"7901009",54,0,1,0.033642,1,0.011214,1,134.536788937848,1,4.85166080818465,700,1,6.55399990081787,34.8740005493164,0.0336420014500618,0,129.734405517578,-85.9603,25.4828,35.8634679951884,63,63,63,63,61,63,0,8279,1.45687144005964,25,-86,0.001869,51,2024-12-01 23:47:36.002536,700,1.037,0.0011,"aoml_navis",1030.57493045786
"7901009",54,0,1,0.028035,1,0.005607,1,134.665893887999,1,4.85161534249584,702,1,6.55000019073486,34.8740005493164,0.0280349999666214,0,129.858901977539,-85.9603,25.4828,35.8634679951884,63,63,63,63,61,63,0,8279,1.45687144005964,25,-86,0.001869,51,2024-12-01 23:47:36.002536,702,1.037,0.0011,"aoml_navis",1030.58458823074
"7901009",54,0,1,0.029904,1,0.007476,1,134.74398347361,1,4.85156847010464,704,1,6.54400014877319,34.8740005493164,0.0299040004611015,0,129.934204101562,-85.9603,25.4828,35.8634679951884,63,63,63,63,61,63,0,8279,1.45687144005964,25,-86,0.001869,51,2024-12-01 23:47:36.002536,704,1.037,0.0011,"aoml_navis",1030.59454500333
"7901009",54,0,1,0.033642,1,0.011214,1,134.875683498136,1,4.85152106532791,706,1,6.53200006484985,34.8730010986328,0.0336420014500618,0,130.06120300293,-85.9603,25.4828,35.8634679951884,63,63,63,63,61,63,0,8279,1.45687144005964,25,-86,0.001869,51,2024-12-01 23:47:36.002536,706,1.037,0.0011,"aoml_navis",1030.60461506252
"7901009",54,0,1,0.029904,1,0.007476,1,135.022938145288,1,4.85146857073396,708,1,6.51800012588501,34.8730010986328,0.0299040004611015,0,130.203201293945,-85.9603,25.4828,35.8634679951884,63,63,63,63,61,63,0,8279,1.45687144005964,25,-86,0.001869,51,2024-12-01 23:47:36.002536,708,1.037,0.0011,"aoml_navis",1030.61576656645
"7901009",54,0,1,0.029904,1,0.007476,1,135.048556592928,1,4.85142311202247,710,1,6.51399993896484,34.8730010986328,0.0299040004611015,0,130.227905273438,-85.9603,25.4828,35.8634679951884,63,63,63,63,61,63,0,8279,1.45687144005964,25,-86,0.001869,51,2024-12-01 23:47:36.002536,710,1.037,0.0011,"aoml_navis",1030.62542362247
"7901009",54,0,1,0.028035,1,0.005607,1,135.100711258414,1,4.85138204700515,712,1,6.51100015640259,34.8720016479492,0.0280349999666214,0,130.278198242188,-85.9603,25.4828,35.8634679951884,63,63,63,63,61,63,0,8279,1.45687144005964,25,-86,0.001869,51,2024-12-01 23:47:36.002536,712,1.037,0.0011,"aoml_navis",1030.63414745631
"7901009",54,0,1,0.028035,1,0.005607,1,135.168531311894,1,4.85133588870768,714,1,6.50600004196167,34.8720016479492,0.0280349999666214,0,130.343597412109,-85.9603,25.4828,35.8634679951884,63,63,63,63,61,63,0,8279,1.45687144005964,25,-86,0.001869,51,2024-12-01 23:47:36.002536,714,1.037,0.0011,"aoml_navis",1030.6439534806
"7901009",54,0,1,0.029904,1,0.007476,1,135.231794161595,1,4.85129043533638,716,1,6.5019998550415,34.8720016479492,0.0299040004611015,0,130.404602050781,-85.9603,25.4828,35.8634679951884,63,63,63,63,61,63,0,8279,1.45687144005964,25,-86,0.001869,51,2024-12-01 23:47:36.002536,716,1.037,0.0011,"aoml_navis",1030.65360993035
"7901009",54,0,1,0.029904,1,0.007476,1,135.26363129356,1,4.85124428106734,718,1,6.49700021743774,34.8720016479492,0.0299040004611015,0,130.435302734375,-85.9603,25.4828,35.8634679951884,63,63,63,63,61,63,0,8279,1.45687144005964,25,-86,0.001869,51,2024-12-01 23:47:36.002536,718,1.037,0.0011,"aoml_navis",1030.66341546914
"7901009",54,0,1,0.028035,1,0.005607,1,135.283331705735,1,4.85119953435885,720,1,6.49399995803833,34.8720016479492,0.0280349999666214,0,130.454299926758,-85.9603,25.4828,35.8634679951884,63,63,63,63,61,63,0,8279,1.45687144005964,25,-86,0.001869,51,2024-12-01 23:47:36.002536,720,1.037,0.0011,"aoml_navis",1030.67292214787
"7901009",54,0,1,0.028035,1,0.005607,1,135.342132293401,1,4.8511584918735,722,1,6.49100017547607,34.8709983825684,0.0280349999666214,0,130.511001586914,-85.9603,25.4828,35.8634679951884,63,63,63,63,61,63,0,8279,1.45687144005964,25,-86,0.001869,51,2024-12-01 23:47:36.002536,722,1.037,0.0011,"aoml_navis",1030.68164199868
"7901009",54,0,1,0.029904,1,0.007476,1,135.423956254332,1,4.85111234258081,724,1,6.48600006103516,34.8709983825684,0.0299040004611015,0,130.589904785156,-85.9603,25.4828,35.8634679951884,63,63,63,63,61,63,0,8279,1.45687144005964,25,-86,0.001869,51,2024-12-01 23:47:36.002536,724,1.037,0.0011,"aoml_navis",1030.69144701357
"7901009",54,0,1,0.029904,1,0.007476,1,135.499134293083,1,4.8510676012172,726,1,6.48299980163574,34.8709983825684,0.0299040004611015,0,130.662399291992,-85.9603,25.4828,35.8634679951884,63,63,63,63,61,63,0,8279,1.45687144005964,25,-86,0.001869,51,2024-12-01 23:47:36.002536,726,1.037,0.0011,"aoml_navis",1030.7009530738
"7901009",54,0,1,0.031773,1,0.009345,1,135.601275787534,1,4.85102215893729,728,1,6.47900009155273,34.8709983825684,0.0317730009555817,0,130.760894775391,-85.9603,25.4828,35.8634679951884,63,63,63,63,61,63,0,8279,1.45687144005964,25,-86,0.001869,51,2024-12-01 23:47:36.002536,728,1.037,0.0011,"aoml_navis",1030.71060823506
"7901009",54,0,1,0.035511,1,0.013083,1,135.685805588209,1,4.85097460916671,730,1,6.47200012207031,34.8709983825684,0.0355109982192516,0,130.842407226562,-85.9603,25.4828,35.8634679951884,63,63,63,63,61,63,0,8279,1.45687144005964,25,-86,0.001869,51,2024-12-01 23:47:36.002536,730,1.037,0.0011,"aoml_navis",1030.72071137039
"7901009",54,0,1,0.028035,1,0.005607,1,135.829215094671,1,4.85092495331749,732,1,6.46199989318848,34.8709983825684,0.0280349999666214,0,130.980697631836,-85.9603,25.4828,35.8634679951884,63,63,63,63,61,63,0,8279,1.45687144005964,25,-86,0.001869,51,2024-12-01 23:47:36.002536,732,1.037,0.0011,"aoml_navis",1030.7312622061
"7901009",54,0,1,0.029904,1,0.007476,1,135.897763034866,1,4.85088445804259,733.900024414062,1,6.46199989318848,34.8709983825684,0.0299040004611015,0,131.046798706055,-85.9603,25.4828,35.8634679951884,63,63,63,63,61,63,0,8279,1.45687144005964,25,-86,0.001869,51,2024-12-01 23:47:36.002536,733.900024414062,1.037,0.0011,"aoml_navis",1030.73986677011
"7901009",54,0,1,0.029904,1,0.007476,1,136.147792121439,1,4.85084268825987,736,1,6.46099996566772,34.8699989318848,0.0299040004611015,0,131.287902832031,-85.9603,25.4828,35.8634679951884,63,63,63,63,61,63,0,8279,1.45687144005964,25,-86,0.001869,51,2024-12-01 23:47:36.002536,736,1.037,0.0011,"aoml_navis",1030.74874229608
"7901009",54,0,1,0.033642,1,0.011214,1,136.640476485689,1,4.85079303796188,738,1,6.45100021362305,34.8699989318848,0.0336420014500618,0,131.763000488281,-85.9603,25.4828,35.8634679951884,63,63,63,63,61,63,0,8279,1.45687144005964,25,-86,0.001869,51,2024-12-01 23:47:36.002536,738,1.037,0.0011,"aoml_navis",1030.75929252608
"7901009",54,0,1,0.028035,1,0.005607,1,137.123207790293,1,4.85074058180709,740,1,6.43699979782104,34.8699989318848,0.0280349999666214,0,132.228500366211,-85.9603,25.4828,35.8634679951884,63,63,63,63,61,63,0,8279,1.45687144005964,25,-86,0.001869,51,2024-12-01 23:47:36.002536,740,1.037,0.0011,"aoml_navis",1030.77043920937
"7901009",54,0,1,0.029904,1,0.007476,1,137.908850733671,1,4.8506825212746,742,1,6.41499996185303,34.8699989318848,0.0299040004611015,0,132.986099243164,-85.9603,25.4828,35.8634679951884,63,63,63,63,61,63,0,8279,1.45687144005964,25,-86,0.001869,51,2024-12-01 23:47:36.002536,742,1.037,0.0011,"aoml_navis",1030.78277707735
"7901009",54,0,1,0.031773,1,0.009345,1,139.003734765517,1,4.85058562318762,744,1,6.34800004959106,34.8720016479492,0.0317730009555817,0,134.041900634766,-85.9603,25.4828,35.8634679951884,63,63,63,63,61,63,0,8279,1.45687144005964,25,-86,0.001869,51,2024-12-01 23:47:36.002536,744,1.037,0.0011,"aoml_navis",1030.8033685867
"7901009",54,0,1,0.031773,1,0.009345,1,139.689309109218,1,4.85050792812688,746,1,6.30299997329712,34.8730010986328,0.0317730009555817,0,134.703002929688,-85.9603,25.4828,35.8634679951884,63,63,63,63,61,63,0,8279,1.45687144005964,25,-86,0.001869,51,2024-12-01 23:47:36.002536,746,1.037,0.0011,"aoml_navis",1030.81987991531
"7901009",54,0,1,0.028035,1,0.005607,1,140.126310139778,1,4.85045698254219,747.900024414062,1,6.28800010681152,34.8730010986328,0.0280349999666214,0,135.124404907227,-85.9603,25.4828,35.8634679951884,63,63,63,63,61,63,0,8279,1.45687144005964,25,-86,0.001869,51,2024-12-01 23:47:36.002536,747.900024414062,1.037,0.0011,"aoml_navis",1030.83070687897
"7901009",54,0,1,0.026166,1,0.003738,1,140.779825820775,1,4.8504017816379,750,1,6.27299976348877,34.8730010986328,0.0261659994721413,0,135.754592895508,-85.9603,25.4828,35.8634679951884,63,63,63,63,61,63,0,8279,1.45687144005964,25,-86,0.001869,51,2024-12-01 23:47:36.002536,750,1.037,0.0011,"aoml_navis",1030.84243844055
"7901009",54,0,1,0.026166,1,0.003738,1,141.178248855443,1,4.85032469189974,752,1,6.23400020599365,34.875,0.0261659994721413,0,136.138793945312,-85.9603,25.4828,35.8634679951884,63,63,63,63,61,63,0,8279,1.45687144005964,25,-86,0.001869,51,2024-12-01 23:47:36.002536,752,1.037,0.0011,"aoml_navis",1030.8588223692
"7901009",54,0,1,0.031773,1,0.009345,1,141.486461408336,1,4.85027373024572,754,1,6.22200012207031,34.875,0.0317730009555817,0,136.436004638672,-85.9603,25.4828,35.8634679951884,63,63,63,63,61,63,0,8279,1.45687144005964,25,-86,0.001869,51,2024-12-01 23:47:36.002536,754,1.037,0.0011,"aoml_navis",1030.86965356627
"7901009",54,0,1,0.031773,1,0.009345,1,141.742914886348,1,4.85022415854788,756,1,6.21199989318848,34.875,0.0317730009555817,0,136.683303833008,-85.9603,25.4828,35.8634679951884,63,63,63,63,61,63,0,8279,1.45687144005964,25,-86,0.001869,51,2024-12-01 23:47:36.002536,756,1.037,0.0011,"aoml_navis",1030.8801895657
"7901009",54,0,1,0.031773,1,0.009345,1,142.030271902496,1,4.85017805233634,758,1,6.20699977874756,34.875,0.0317730009555817,0,136.960403442383,-85.9603,25.4828,35.8634679951884,63,63,63,63,61,63,0,8279,1.45687144005964,25,-86,0.001869,51,2024-12-01 23:47:36.002536,758,1.037,0.0011,"aoml_navis",1030.88998920184
"7901009",54,0,1,0.033642,1,0.011214,1,142.38461032004,1,4.85012549051342,760,1,6.19799995422363,34.8759994506836,0.0336420014500618,0,137.302093505859,-85.9603,25.4828,35.8634679951884,63,63,63,63,61,63,0,8279,1.45687144005964,25,-86,0.001869,51,2024-12-01 23:47:36.002536,760,1.037,0.0011,"aoml_navis",1030.90116117196
"7901009",54,0,1,0.031773,1,0.009345,1,142.806468142204,1,4.85007800418798,762,1,6.19099998474121,34.8759994506836,0.0317730009555817,0,137.708892822266,-85.9603,25.4828,35.8634679951884,63,63,63,63,61,63,0,8279,1.45687144005964,25,-86,0.001869,51,2024-12-01 23:47:36.002536,762,1.037,0.0011,"aoml_navis",1030.91125455767
"7901009",54,0,1,0.031773,1,0.009345,1,143.253010818179,1,4.85002429507409,764,1,6.17500019073486,34.8759994506836,0.0317730009555817,0,138.139495849609,-85.9603,25.4828,35.8634679951884,63,63,63,63,61,63,0,8279,1.45687144005964,25,-86,0.001869,51,2024-12-01 23:47:36.002536,764,1.037,0.0011,"aoml_navis",1030.92267085718
"7901009",54,0,1,0.028035,1,0.005607,1,143.812486700334,1,4.84996828810452,766,1,6.16099977493286,34.8769989013672,0.0280349999666214,0,138.679000854492,-85.9603,25.4828,35.8634679951884,63,63,63,63,61,63,0,8279,1.45687144005964,25,-86,0.001869,51,2024-12-01 23:47:36.002536,766,1.037,0.0011,"aoml_navis",1030.93457585351
"7901009",54,0,1,0.029904,1,0.007476,1,144.493488016631,1,4.84991183487197,768,1,6.14099979400635,34.8769989013672,0.0299040004611015,0,139.335693359375,-85.9603,25.4828,35.8634679951884,63,63,63,63,61,63,0,8279,1.45687144005964,25,-86,0.001869,51,2024-12-01 23:47:36.002536,768,1.037,0.0011,"aoml_navis",1030.94657598698
"7901009",54,0,1,0.029904,1,0.007476,1,145.121622604351,1,4.849842061792,770,1,6.10699987411499,34.8779983520508,0.0299040004611015,0,139.94140625,-85.9603,25.4828,35.8634679951884,63,63,63,63,61,63,0,8279,1.45687144005964,25,-86,0.001869,51,2024-12-01 23:47:36.002536,770,1.037,0.0011,"aoml_navis",1030.96140787573
"7901009",54,0,1,0.029904,1,0.007476,1,145.669373180947,1,4.84977808625889,772,1,6.07600021362305,34.8779983520508,0.0299040004611015,0,140.469604492188,-85.9603,25.4828,35.8634679951884,63,63,63,63,61,63,0,8279,1.45687144005964,25,-86,0.001869,51,2024-12-01 23:47:36.002536,772,1.037,0.0011,"aoml_navis",1030.97500773628
"7901009",54,0,1,0.031773,1,0.009345,1,146.113937903891,1,4.84971895184664,774,1,6.05200004577637,34.8779983520508,0.0317730009555817,0,140.898300170898,-85.9603,25.4828,35.8634679951884,63,63,63,63,61,63,0,8279,1.45687144005964,25,-86,0.001869,51,2024-12-01 23:47:36.002536,774,1.037,0.0011,"aoml_navis",1030.98757879488
"7901009",54,0,1,0.033642,1,0.011214,1,146.536729319886,1,4.84965941781711,776,1,6.02199983596802,34.8769989013672,0.0336420014500618,0,141.305999755859,-85.9603,25.4828,35.8634679951884,63,63,63,63,61,63,0,8279,1.45687144005964,25,-86,0.001869,51,2024-12-01 23:47:36.002536,776,1.037,0.0011,"aoml_navis",1031.00023511559
"7901009",54,0,1,0.028035,1,0.005607,1,146.897191480009,1,4.84960315035367,777.900024414062,1,5.99900007247925,34.8769989013672,0.0280349999666214,0,141.653594970703,-85.9603,25.4828,35.8634679951884,63,63,63,63,61,63,0,8279,1.45687144005964,25,-86,0.001869,51,2024-12-01 23:47:36.002536,777.900024414062,1.037,0.0011,"aoml_navis",1031.01219728368
"7901009",54,0,1,0.031773,1,0.009345,1,147.306928406008,1,4.84954291295737,780,1,5.97100019454956,34.8759994506836,0.0317730009555817,0,142.048706054688,-85.9603,25.4828,35.8634679951884,63,63,63,63,61,63,0,8279,1.45687144005964,25,-86,0.001869,51,2024-12-01 23:47:36.002536,780,1.037,0.0011,"aoml_navis",1031.02500374636
"7901009",54,0,1,0.028035,1,0.005607,1,147.581942995251,1,4.84948046781213,782,1,5.94199991226196,34.8759994506836,0.0280349999666214,0,142.313903808594,-85.9603,25.4828,35.8634679951884,63,63,63,63,61,63,0,8279,1.45687144005964,25,-86,0.001869,51,2024-12-01 23:47:36.002536,782,1.037,0.0011,"aoml_navis",1031.03827991203
"7901009",54,0,1,0.029904,1,0.007476,1,147.841925141468,1,4.84942525748557,784,1,5.92899990081787,34.8769989013672,0.0299040004611015,0,142.564605712891,-85.9603,25.4828,35.8634679951884,63,63,63,63,61,63,0,8279,1.45687144005964,25,-86,0.001869,51,2024-12-01 23:47:36.002536,784,1.037,0.0011,"aoml_navis",1031.05001820205
"7901009",54,0,1,0.029904,1,0.007476,1,148.191184175632,1,4.84936897953582,786,1,5.90899991989136,34.8769989013672,0.0299040004611015,0,142.901397705078,-85.9603,25.4828,35.8634679951884,63,63,63,63,61,63,0,8279,1.45687144005964,25,-86,0.001869,51,2024-12-01 23:47:36.002536,786,1.037,0.0011,"aoml_navis",1031.06198375497
"7901009",54,0,1,0.029904,1,0.007476,1,148.714044191302,1,4.8493181536645,788,1,5.89699983596802,34.8769989013672,0.0299040004611015,0,143.40559387207,-85.9603,25.4828,35.8634679951884,63,63,63,63,61,63,0,8279,1.45687144005964,25,-86,0.001869,51,2024-12-01 23:47:36.002536,788,1.037,0.0011,"aoml_navis",1031.07279035129
"7901009",54,0,1,0.029904,1,0.007476,1,149.310753061288,1,4.84926325730631,790,1,5.87900018692017,34.8769989013672,0.0299040004611015,0,143.981002807617,-85.9603,25.4828,35.8634679951884,63,63,63,63,61,63,0,8279,1.45687144005964,25,-86,0.001869,51,2024-12-01 23:47:36.002536,790,1.037,0.0011,"aoml_navis",1031.08446266896
"7901009",54,0,1,0.029904,1,0.007476,1,149.914819916543,1,4.8492029464767,792,1,5.85300016403198,34.8769989013672,0.0299040004611015,0,144.563507080078,-85.9603,25.4828,35.8634679951884,63,63,63,63,61,63,0,8279,1.45687144005964,25,-86,0.001869,51,2024-12-01 23:47:36.002536,792,1.037,0.0011,"aoml_navis",1031.09728654126
"7901009",54,0,1,0.026166,1,0.003738,1,150.499170536,1,4.84913423466952,794,1,5.82000017166138,34.8779983520508,0.0261659994721413,0,145.126998901367,-85.9603,25.4828,35.8634679951884,63,63,63,63,61,63,0,8279,1.45687144005964,25,-86,0.001869,51,2024-12-01 23:47:36.002536,794,1.037,0.0011,"aoml_navis",1031.11189709945
"7901009",54,0,1,0.035511,1,0.013083,1,150.738819325072,1,4.84907601070634,796,1,5.79699993133545,34.8779983520508,0.0355109982192516,0,145.358093261719,-85.9603,25.4828,35.8634679951884,63,63,63,63,61,63,0,8279,1.45687144005964,25,-86,0.001869,51,2024-12-01 23:47:36.002536,796,1.037,0.0011,"aoml_navis",1031.12427789551
"7901009",54,0,1,0.031773,1,0.009345,1,150.940934477454,1,4.84902355330277,798,1,5.78800010681152,34.8790016174316,0.0317730009555817,0,145.552993774414,-85.9603,25.4828,35.8634679951884,63,63,63,63,61,63,0,8279,1.45687144005964,25,-86,0.001869,51,2024-12-01 23:47:36.002536,798,1.037,0.0011,"aoml_navis",1031.13543273973
"7901009",54,0,1,0.026166,1,0.003738,1,151.094012218325,1,4.84897817922926,800,1,5.78399991989136,34.8790016174316,0.0261659994721413,0,145.700607299805,-85.9603,25.4828,35.8634679951884,63,63,63,63,61,63,0,8279,1.45687144005964,25,-86,0.001869,51,2024-12-01 23:47:36.002536,800,1.037,0.0011,"aoml_navis",1031.14508153855
"7901009",54,0,1,0.029904,1,0.007476,1,151.261378691882,1,4.84893078117686,802,1,5.77699995040894,34.8790016174316,0.0299040004611015,0,145.861999511719,-85.9603,25.4828,35.8634679951884,63,63,63,63,61,63,0,8279,1.45687144005964,25,-86,0.001869,51,2024-12-01 23:47:36.002536,802,1.037,0.0011,"aoml_navis",1031.15516092941
"7901009",54,0,1,0.026166,1,0.003738,1,151.423665782059,1,4.84888271038553,804,1,5.76900005340576,34.8790016174316,0.0261659994721413,0,146.018493652344,-85.9603,25.4828,35.8634679951884,63,63,63,63,61,63,0,8279,1.45687144005964,25,-86,0.001869,51,2024-12-01 23:47:36.002536,804,1.037,0.0011,"aoml_navis",1031.16538358224
"7901009",54,0,1,0.033642,1,0.011214,1,151.549875008975,1,4.84883599184646,806,1,5.76300001144409,34.8790016174316,0.0336420014500618,0,146.140197753906,-85.9603,25.4828,35.8634679951884,63,63,63,63,61,63,0,8279,1.45687144005964,25,-86,0.001869,51,2024-12-01 23:47:36.002536,806,1.037,0.0011,"aoml_navis",1031.17531886162
"7901009",54,0,1,0.028035,1,0.005607,1,151.685214467076,1,4.84878860056718,808,1,5.75600004196167,34.8790016174316,0.0280349999666214,0,146.270706176758,-85.9603,25.4828,35.8634679951884,63,63,63,63,61,63,0,8279,1.45687144005964,25,-86,0.001869,51,2024-12-01 23:47:36.002536,808,1.037,0.0011,"aoml_navis",1031.18539740321
"7901009",54,0,1,0.031773,1,0.009345,1,151.820126687322,1,4.84874256075932,810,1,5.75099992752075,34.8790016174316,0.0317730009555817,0,146.400802612305,-85.9603,25.4828,35.8634679951884,63,63,63,63,61,63,0,8279,1.45687144005964,25,-86,0.001869,51,2024-12-01 23:47:36.002536,810,1.037,0.0011,"aoml_navis",1031.19518872064
"7901009",54,0,1,0.029904,1,0.007476,1,151.903295656313,1,4.84869283319931,812,1,5.74599981307983,34.8800010681152,0.0299040004611015,0,146.481002807617,-85.9603,25.4828,35.8634679951884,63,63,63,63,61,63,0,8279,1.45687144005964,25,-86,0.001869,51,2024-12-01 23:47:36.002536,812,1.037,0.0011,"aoml_navis",1031.20576452372
"7901009",54,0,1,0.031773,1,0.009345,1,152.008348697624,1,4.84865251085121,814,1,5.74399995803833,34.8790016174316,0.0317730009555817,0,146.582305908203,-85.9603,25.4828,35.8634679951884,63,63,63,63,61,63,0,8279,1.45687144005964,25,-86,0.001869,51,2024-12-01 23:47:36.002536,814,1.037,0.0011,"aoml_navis",1031.21434023372
"7901009",54,0,1,0.028035,1,0.005607,1,152.292999874027,1,4.84860445267876,816,1,5.73600006103516,34.8790016174316,0.0280349999666214,0,146.856796264648,-85.9603,25.4828,35.8634679951884,63,63,63,63,61,63,0,8279,1.45687144005964,25,-86,0.001869,51,2024-12-01 23:47:36.002536,816,1.037,0.0011,"aoml_navis",1031.22456137613
"7901009",54,0,1,0.033642,1,0.011214,1,152.533803787669,1,4.84854596661692,818,1,5.71799993515015,34.8800010681152,0.0336420014500618,0,147.089004516602,-85.9603,25.4828,35.8634679951884,63,63,63,63,61,63,0,8279,1.45687144005964,25,-86,0.001869,51,2024-12-01 23:47:36.002536,818,1.037,0.0011,"aoml_navis",1031.23700062366
"7901009",54,0,1,0.029904,1,0.007476,1,152.60815899796,1,4.84849220544909,820,1,5.70699977874756,34.8810005187988,0.0299040004611015,0,147.160705566406,-85.9603,25.4828,35.8634679951884,63,63,63,63,61,63,0,8279,1.45687144005964,25,-86,0.001869,51,2024-12-01 23:47:36.002536,820,1.037,0.0011,"aoml_navis",1031.24843521057
"7901009",54,0,1,0.031773,1,0.009345,1,152.631483020085,1,4.84844617816877,822,1,5.7020001411438,34.8810005187988,0.0317730009555817,0,147.183197021484,-85.9603,25.4828,35.8634679951884,63,63,63,63,61,63,0,8279,1.45687144005964,25,-86,0.001869,51,2024-12-01 23:47:36.002536,822,1.037,0.0011,"aoml_navis",1031.25822506056
"7901009",54,0,1,0.029904,1,0.007476,1,152.701692440826,1,4.84840217265526,824,1,5.69999980926514,34.8810005187988,0.0299040004611015,0,147.250900268555,-85.9603,25.4828,35.8634679951884,63,63,63,63,61,63,0,8279,1.45687144005964,25,-86,0.001869,51,2024-12-01 23:47:36.002536,824,1.037,0.0011,"aoml_navis",1031.26758506127
"7901009",54,0,1,0.029904,1,0.007476,1,152.740064729601,1,4.84835614888074,826,1,5.69500017166138,34.8810005187988,0.0299040004611015,0,147.287902832031,-85.9603,25.4828,35.8634679951884,63,63,63,63,61,63,0,8279,1.45687144005964,25,-86,0.001869,51,2024-12-01 23:47:36.002536,826,1.037,0.0011,"aoml_navis",1031.27737452915
"7901009",54,0,1,0.029904,1,0.007476,1,152.806840423882,1,4.84831214700208,828,1,5.69299983978271,34.8810005187988,0.0299040004611015,0,147.352294921875,-85.9603,25.4828,35.8634679951884,63,63,63,63,61,63,0,8279,1.45687144005964,25,-86,0.001869,51,2024-12-01 23:47:36.002536,828,1.037,0.0011,"aoml_navis",1031.2867341043
"7901009",54,0,1,0.026166,1,0.003738,1,152.833914644952,1,4.84826680024027,830,1,5.68900012969971,34.8810005187988,0.0261659994721413,0,147.378402709961,-85.9603,25.4828,35.8634679951884,63,63,63,63,61,63,0,8279,1.45687144005964,25,-86,0.001869,51,2024-12-01 23:47:36.002536,830,1.037,0.0011,"aoml_navis",1031.29637992534
"7901009",54,0,1,0.028035,1,0.005607,1,152.849358502208,1,4.848220781428,832,1,5.68400001525879,34.8810005187988,0.0280349999666214,0,147.393295288086,-85.9603,25.4828,35.8634679951884,63,63,63,63,61,63,0,8279,1.45687144005964,25,-86,0.001869,51,2024-12-01 23:47:36.002536,832,1.037,0.0011,"aoml_navis",1031.30616888435
"7901009",54,0,1,0.028035,1,0.005607,1,152.878094203823,1,4.84816770876319,834,1,5.67399978637695,34.8819999694824,0.0280349999666214,0,147.421005249023,-85.9603,25.4828,35.8634679951884,63,63,63,63,61,63,0,8279,1.45687144005964,25,-86,0.001869,51,2024-12-01 23:47:36.002536,834,1.037,0.0011,"aoml_navis",1031.31745854467
"7901009",54,0,1,0.026166,1,0.003738,1,152.898617444458,1,4.84812438721044,836,1,5.6729998588562,34.8819999694824,0.0261659994721413,0,147.440795898438,-85.9603,25.4828,35.8634679951884,63,63,63,63,61,63,0,8279,1.45687144005964,25,-86,0.001869,51,2024-12-01 23:47:36.002536,836,1.037,0.0011,"aoml_navis",1031.32667412375
"7901009",54,0,1,0.029904,1,0.007476,1,152.932527471199,1,4.84808174136947,838,1,5.6729998588562,34.8819999694824,0.0299040004611015,0,147.473495483398,-85.9603,25.4828,35.8634679951884,63,63,63,63,61,63,0,8279,1.45687144005964,25,-86,0.001869,51,2024-12-01 23:47:36.002536,838,1.037,0.0011,"aoml_navis",1031.33574612288
"7901009",54,0,1,0.029904,1,0.007476,1,153.008338454919,1,4.84803909808115,840,1,5.6729998588562,34.8819999694824,0.0299040004611015,0,147.546600341797,-85.9603,25.4828,35.8634679951884,63,63,63,63,61,63,0,8279,1.45687144005964,25,-86,0.001869,51,2024-12-01 23:47:36.002536,840,1.037,0.0011,"aoml_navis",1031.34481773858
"7901009",54,0,1,0.026166,1,0.003738,1,153.162333965996,1,4.84799308834544,842,1,5.66800022125244,34.8819999694824,0.0261659994721413,0,147.695098876953,-85.9603,25.4828,35.8634679951884,63,63,63,63,61,63,0,8279,1.45687144005964,25,-86,0.001869,51,2024-12-01 23:47:36.002536,842,1.037,0.0011,"aoml_navis",1031.35460568621
"7901009",54,0,1,0.029904,1,0.007476,1,153.511909472644,1,4.84792522084403,844,1,5.63600015640259,34.882999420166,0.0299040004611015,0,148.032196044922,-85.9603,25.4828,35.8634679951884,63,63,63,63,61,63,0,8279,1.45687144005964,25,-86,0.001869,51,2024-12-01 23:47:36.002536,844,1.037,0.0011,"aoml_navis",1031.36904391638
"7901009",54,0,1,0.029904,1,0.007476,1,153.739120893066,1,4.8478735106919,846,1,5.62799978256226,34.8839988708496,0.0299040004611015,0,148.25129699707,-85.9603,25.4828,35.8634679951884,63,63,63,63,61,63,0,8279,1.45687144005964,25,-86,0.001869,51,2024-12-01 23:47:36.002536,846,1.037,0.0011,"aoml_navis",1031.38004508009
"7901009",54,0,1,0.029904,1,0.007476,1,154.007505383754,1,4.84783321293724,848,1,5.62599992752075,34.882999420166,0.0299040004611015,0,148.510101318359,-85.9603,25.4828,35.8634679951884,63,63,63,63,61,63,0,8279,1.45687144005964,25,-86,0.001869,51,2024-12-01 23:47:36.002536,848,1.037,0.0011,"aoml_navis",1031.38861845673
"7901009",54,0,1,0.026166,1,0.003738,1,154.431230393578,1,4.84777747601215,850,1,5.61199998855591,34.8839988708496,0.0261659994721413,0,148.918701171875,-85.9603,25.4828,35.8634679951884,63,63,63,63,61,63,0,8279,1.45687144005964,25,-86,0.001869,51,2024-12-01 23:47:36.002536,850,1.037,0.0011,"aoml_navis",1031.40047676303
"7901009",54,0,1,0.028035,1,0.005607,1,154.760488366706,1,4.84771302432626,852,1,5.58500003814697,34.8849983215332,0.0280349999666214,0,149.236206054688,-85.9603,25.4828,35.8634679951884,63,63,63,63,61,63,0,8279,1.45687144005964,25,-86,0.001869,51,2024-12-01 23:47:36.002536,852,1.037,0.0011,"aoml_navis",1031.41418951773
"7901009",54,0,1,0.028035,1,0.005607,1,154.887615363828,1,4.84766501742577,854,1,5.5770001411438,34.8849983215332,0.0280349999666214,0,149.358795166016,-85.9603,25.4828,35.8634679951884,63,63,63,63,61,63,0,8279,1.45687144005964,25,-86,0.001869,51,2024-12-01 23:47:36.002536,854,1.037,0.0011,"aoml_navis",1031.42440371326
"7901009",54,0,1,0.031773,1,0.009345,1,154.939469380453,1,4.84761969395709,856,1,5.57299995422363,34.8849983215332,0.0317730009555817,0,149.408798217773,-85.9603,25.4828,35.8634679951884,63,63,63,63,61,63,0,8279,1.45687144005964,25,-86,0.001869,51,2024-12-01 23:47:36.002536,856,1.037,0.0011,"aoml_navis",1031.43404715367
"7901009",54,0,1,0.026166,1,0.003738,1,155.079682514819,1,4.84757504290882,858,1,5.57000017166138,34.8849983215332,0.0261659994721413,0,149.544006347656,-85.9603,25.4828,35.8634679951884,63,63,63,63,61,63,0,8279,1.45687144005964,25,-86,0.001869,51,2024-12-01 23:47:36.002536,858,1.037,0.0011,"aoml_navis",1031.44354770003
"7901009",54,0,1,0.028035,1,0.005607,1,155.18701415802,1,4.84753173426364,860,1,5.56899976730347,34.8849983215332,0.0280349999666214,0,149.647506713867,-85.9603,25.4828,35.8634679951884,63,63,63,63,61,63,0,8279,1.45687144005964,25,-86,0.001869,51,2024-12-01 23:47:36.002536,860,1.037,0.0011,"aoml_navis",1031.4527627862
"7901009",54,0,1,0.028035,1,0.005607,1,155.461823040148,1,4.84748708693827,862,1,5.56599998474121,34.8849983215332,0.0280349999666214,0,149.912506103516,-85.9603,25.4828,35.8634679951884,63,63,63,63,61,63,0,8279,1.45687144005964,25,-86,0.001869,51,2024-12-01 23:47:36.002536,862,1.037,0.0011,"aoml_navis",1031.46226288517
"7901009",54,0,1,0.029904,1,0.007476,1,155.803201909441,1,4.84743975910985,864,1,5.55900001525879,34.8849983215332,0.0299040004611015,0,150.24169921875,-85.9603,25.4828,35.8634679951884,63,63,63,63,61,63,0,8279,1.45687144005964,25,-86,0.001869,51,2024-12-01 23:47:36.002536,864,1.037,0.0011,"aoml_navis",1031.47233353513
"7901009",54,0,1,0.024297,1,0.001869,1,156.331457780977,1,4.84739042269299,866,1,5.54899978637695,34.8849983215332,0.0242970008403063,0,150.751098632812,-85.9603,25.4828,35.8634679951884,63,63,63,63,61,63,0,8279,1.45687144005964,25,-86,0.001869,51,2024-12-01 23:47:36.002536,866,1.037,0.0011,"aoml_navis",1031.48283179184
"7901009",54,0,1,0.031773,1,0.009345,1,156.928372358077,1,4.84731496396961,868,1,5.51100015640259,34.8870010375977,0.0317730009555817,0,151.326705932617,-85.9603,25.4828,35.8634679951884,63,63,63,63,61,63,0,8279,1.45687144005964,25,-86,0.001869,51,2024-12-01 23:47:36.002536,868,1.037,0.0011,"aoml_navis",1031.49888900666
"7901009",54,0,1,0.029904,1,0.007476,1,157.067541133243,1,4.84725260598691,870,1,5.48699998855591,34.8880004882812,0.0299040004611015,0,151.460906982422,-85.9603,25.4828,35.8634679951884,63,63,63,63,61,63,0,8279,1.45687144005964,25,-86,0.001869,51,2024-12-01 23:47:36.002536,870,1.037,0.0011,"aoml_navis",1031.51215883084
"7901009",54,0,1,0.026166,1,0.003738,1,157.136500487669,1,4.84720796482528,872,1,5.48400020599365,34.8880004882812,0.0261659994721413,0,151.527404785156,-85.9603,25.4828,35.8634679951884,63,63,63,63,61,63,0,8279,1.45687144005964,25,-86,0.001869,51,2024-12-01 23:47:36.002536,872,1.037,0.0011,"aoml_navis",1031.52165871229
"7901009",54,0,1,0.026166,1,0.003738,1,157.21645726094,1,4.84716332515644,874,1,5.48099994659424,34.8880004882812,0.0261659994721413,0,151.604507446289,-85.9603,25.4828,35.8634679951884,63,63,63,63,61,63,0,8279,1.45687144005964,25,-86,0.001869,51,2024-12-01 23:47:36.002536,874,1.037,0.0011,"aoml_navis",1031.53115845104
"7901009",54,0,1,0.029904,1,0.007476,1,157.380817245892,1,4.84711935518366,876,1,5.47900009155273,34.8880004882812,0.0299040004611015,0,151.763000488281,-85.9603,25.4828,35.8634679951884,63,63,63,63,61,63,0,8279,1.45687144005964,25,-86,0.001869,51,2024-12-01 23:47:36.002536,876,1.037,0.0011,"aoml_navis",1031.54051584326
"7901009",54,0,1,0.033642,1,0.011214,1,157.556586063919,1,4.84707405156939,878,1,5.47499990463257,34.8880004882812,0.0336420014500618,0,151.932495117188,-85.9603,25.4828,35.8634679951884,63,63,63,63,61,63,0,8279,1.45687144005964,25,-86,0.001869,51,2024-12-01 23:47:36.002536,878,1.037,0.0011,"aoml_navis",1031.55015722962
"7901009",54,0,1,0.031773,1,0.009345,1,157.72811415065,1,4.84702674718416,880,1,5.46799993515015,34.8880004882812,0.0317730009555817,0,152.097900390625,-85.9603,25.4828,35.8634679951884,63,63,63,63,61,63,0,8279,1.45687144005964,25,-86,0.001869,51,2024-12-01 23:47:36.002536,880,1.037,0.0011,"aoml_navis",1031.56022460671
"7901009",54,0,1,0.029904,1,0.007476,1,158.026468585643,1,4.84697677598481,882,1,5.45699977874756,34.8880004882812,0.0299040004611015,0,152.385604858398,-85.9603,25.4828,35.8634679951884,63,63,63,63,61,63,0,8279,1.45687144005964,25,-86,0.001869,51,2024-12-01 23:47:36.002536,882,1.037,0.0011,"aoml_navis",1031.57085975187
"7901009",54,0,1,0.029904,1,0.007476,1,158.330930939591,1,4.846926456114,884,1,5.45100021362305,34.8889999389648,0.0299040004611015,0,152.67919921875,-85.9603,25.4828,35.8634679951884,63,63,63,63,61,63,0,8279,1.45687144005964,25,-86,0.001869,51,2024-12-01 23:47:36.002536,884,1.037,0.0011,"aoml_navis",1031.58156932481
"7901009",54,0,1,0.033642,1,0.011214,1,158.7103814488,1,4.84687449169611,886,1,5.43699979782104,34.8889999389648,0.0336420014500618,0,153.045104980469,-85.9603,25.4828,35.8634679951884,63,63,63,63,61,63,0,8279,1.45687144005964,25,-86,0.001869,51,2024-12-01 23:47:36.002536,886,1.037,0.0011,"aoml_navis",1031.59262913992
"7901009",54,0,1,0.028035,1,0.005607,1,159.096050642333,1,4.84682253444435,888,1,5.4229998588562,34.8889999389648,0.0280349999666214,0,153.417007446289,-85.9603,25.4828,35.8634679951884,63,63,63,63,61,63,0,8279,1.45687144005964,25,-86,0.001869,51,2024-12-01 23:47:36.002536,888,1.037,0.0011,"aoml_navis",1031.60368766694
"7901009",54,0,1,0.026166,1,0.003738,1,159.435562323967,1,4.84676356908623,890,1,5.40399980545044,34.8899993896484,0.0261659994721413,0,153.744400024414,-85.9603,25.4828,35.8634679951884,63,63,63,63,61,63,0,8279,1.45687144005964,25,-86,0.001869,51,2024-12-01 23:47:36.002536,890,1.037,0.0011,"aoml_navis",1031.61623807919
"7901009",54,0,1,0.029904,1,0.007476,1,159.606251758614,1,4.84670727541051,892,1,5.38899993896484,34.890998840332,0.0299040004611015,0,153.908996582031,-85.9603,25.4828,35.8634679951884,63,63,63,63,61,63,0,8279,1.45687144005964,25,-86,0.001869,51,2024-12-01 23:47:36.002536,892,1.037,0.0011,"aoml_navis",1031.62822012528
"7901009",54,0,1,0.028035,1,0.005607,1,159.717222835389,1,4.84666766869186,894,1,5.38800001144409,34.8899993896484,0.0280349999666214,0,154.016006469727,-85.9603,25.4828,35.8634679951884,63,63,63,63,61,63,0,8279,1.45687144005964,25,-86,0.001869,51,2024-12-01 23:47:36.002536,894,1.037,0.0011,"aoml_navis",1031.63665053798
"7901009",54,0,1,0.031773,1,0.009345,1,159.902121884601,1,4.84661869351178,896,1,5.38399982452393,34.890998840332,0.0317730009555817,0,154.194305419922,-85.9603,25.4828,35.8634679951884,63,63,63,63,61,63,0,8279,1.45687144005964,25,-86,0.001869,51,2024-12-01 23:47:36.002536,896,1.037,0.0011,"aoml_navis",1031.64707524724
"7901009",54,0,1,0.029904,1,0.007476,1,160.185333111199,1,4.84657141365607,898,1,5.3769998550415,34.890998840332,0.0299040004611015,0,154.467407226562,-85.9603,25.4828,35.8634679951884,63,63,63,63,61,63,0,8279,1.45687144005964,25,-86,0.001869,51,2024-12-01 23:47:36.002536,898,1.037,0.0011,"aoml_navis",1031.65713929472
"7901009",54,0,1,0.031773,1,0.009345,1,160.494463434297,1,4.84652280708106,900,1,5.36800003051758,34.890998840332,0.0317730009555817,0,154.765502929688,-85.9603,25.4828,35.8634679951884,63,63,63,63,61,63,0,8279,1.45687144005964,25,-86,0.001869,51,2024-12-01 23:47:36.002536,900,1.037,0.0011,"aoml_navis",1031.66748595399
"7901009",54,0,1,0.024297,1,0.001869,1,160.722608448549,1,4.84646653148329,902,1,5.35300016403198,34.8919982910156,0.0242970008403063,0,154.985504150391,-85.9603,25.4828,35.8634679951884,63,63,63,63,61,63,0,8279,1.45687144005964,25,-86,0.001869,51,2024-12-01 23:47:36.002536,902,1.037,0.0011,"aoml_navis",1031.67946534229
"7901009",54,0,1,0.028035,1,0.005607,1,160.843627526716,1,4.84641859587597,904,1,5.34499979019165,34.8919982910156,0.0280349999666214,0,155.102203369141,-85.9603,25.4828,35.8634679951884,63,63,63,63,61,63,0,8279,1.45687144005964,25,-86,0.001869,51,2024-12-01 23:47:36.002536,904,1.037,0.0011,"aoml_navis",1031.68966961598
"7901009",54,0,1,0.029904,1,0.007476,1,160.951687056632,1,4.84637398145268,906,1,5.34200000762939,34.8919982910156,0.0299040004611015,0,155.206405639648,-85.9603,25.4828,35.8634679951884,63,63,63,63,61,63,0,8279,1.45687144005964,25,-86,0.001869,51,2024-12-01 23:47:36.002536,906,1.037,0.0011,"aoml_navis",1031.69916707527
"7901009",54,0,1,0.024297,1,0.001869,1,161.074146084603,1,4.8463280410802,908,1,5.33699989318848,34.8919982910156,0.0242970008403063,0,155.324493408203,-85.9603,25.4828,35.8634679951884,63,63,63,63,61,63,0,8279,1.45687144005964,25,-86,0.001869,51,2024-12-01 23:47:36.002536,908,1.037,0.0011,"aoml_navis",1031.70894698361
"7901009",54,0,1,0.029904,1,0.007476,1,161.075079678433,1,4.84628343016977,910,1,5.33400011062622,34.8919982910156,0.0299040004611015,0,155.325393676758,-85.9603,25.4828,35.8634679951884,63,63,63,63,61,63,0,8279,1.45687144005964,25,-86,0.001869,51,2024-12-01 23:47:36.002536,910,1.037,0.0011,"aoml_navis",1031.71844404999
"7901009",54,0,1,0.029904,1,0.007476,1,161.129212296949,1,4.84624081259095,912,1,5.33400011062622,34.8919982910156,0.0299040004611015,0,155.377593994141,-85.9603,25.4828,35.8634679951884,63,63,63,63,61,63,0,8279,1.45687144005964,25,-86,0.001869,51,2024-12-01 23:47:36.002536,912,1.037,0.0011,"aoml_navis",1031.72751692602
"7901009",54,0,1,0.028035,1,0.005607,1,161.179104184169,1,4.84619686911265,914,1,5.33199977874756,34.8919982910156,0.0280349999666214,0,155.425704956055,-85.9603,25.4828,35.8634679951884,63,63,63,63,61,63,0,8279,1.45687144005964,25,-86,0.001869,51,2024-12-01 23:47:36.002536,914,1.037,0.0011,"aoml_navis",1031.7368722405
"7901009",54,0,1,0.028035,1,0.005607,1,161.23146455677,1,4.84615359204586,916,1,5.33099985122681,34.8919982910156,0.0280349999666214,0,155.476196289062,-85.9603,25.4828,35.8634679951884,63,63,63,63,61,63,0,8279,1.45687144005964,25,-86,0.001869,51,2024-12-01 23:47:36.002536,916,1.037,0.0011,"aoml_navis",1031.74608584562
"7901009",54,0,1,0.028035,1,0.005607,1,161.361613866121,1,4.84611031718118,918,1,5.32999992370605,34.8919982910156,0.0280349999666214,0,155.601699829102,-85.9603,25.4828,35.8634679951884,63,63,63,63,61,63,0,8279,1.45687144005964,25,-86,0.001869,51,2024-12-01 23:47:36.002536,918,1.037,0.0011,"aoml_navis",1031.75529914646
"7901009",54,0,1,0.029904,1,0.007476,1,161.462726824997,1,4.84606638007693,920,1,5.32800006866455,34.8919982910156,0.0299040004611015,0,155.699203491211,-85.9603,25.4828,35.8634679951884,63,63,63,63,61,63,0,8279,1.45687144005964,25,-86,0.001869,51,2024-12-01 23:47:36.002536,920,1.037,0.0011,"aoml_navis",1031.7646536077
"7901009",54,0,1,0.029904,1,0.007476,1,161.744798750649,1,4.84602045128799,922,1,5.32299995422363,34.8919982910156,0.0299040004611015,0,155.971206665039,-85.9603,25.4828,35.8634679951884,63,63,63,63,61,63,0,8279,1.45687144005964,25,-86,0.001869,51,2024-12-01 23:47:36.002536,922,1.037,0.0011,"aoml_navis",1031.77443229136
"7901009",54,0,1,0.029904,1,0.007476,1,162.114596849073,1,4.84597253159708,924,1,5.31500005722046,34.8919982910156,0.0299040004611015,0,156.32780456543,-85.9603,25.4828,35.8634679951884,63,63,63,63,61,63,0,8279,1.45687144005964,25,-86,0.001869,51,2024-12-01 23:47:36.002536,924,1.037,0.0011,"aoml_navis",1031.78463505491
"7901009",54,0,1,0.026166,1,0.003738,1,162.345637586561,1,4.84591958572771,926,1,5.30499982833862,34.8930015563965,0.0261659994721413,0,156.550598144531,-85.9603,25.4828,35.8634679951884,63,63,63,63,61,63,0,8279,1.45687144005964,25,-86,0.001869,51,2024-12-01 23:47:36.002536,926,1.037,0.0011,"aoml_navis",1031.79590819585
"7901009",54,0,1,0.031773,1,0.009345,1,162.559050806648,1,4.84586835362477,928,1,5.29199981689453,34.8930015563965,0.0317730009555817,0,156.756393432617,-85.9603,25.4828,35.8634679951884,63,63,63,63,61,63,0,8279,1.45687144005964,25,-86,0.001869,51,2024-12-01 23:47:36.002536,928,1.037,0.0011,"aoml_navis",1031.80681667919
"7901009",54,0,1,0.033642,1,0.011214,1,162.683598553019,1,4.84581941022596,930,1,5.28800010681152,34.8940010070801,0.0336420014500618,0,156.876495361328,-85.9603,25.4828,35.8634679951884,63,63,63,63,61,63,0,8279,1.45687144005964,25,-86,0.001869,51,2024-12-01 23:47:36.002536,930,1.037,0.0011,"aoml_navis",1031.81723806064
"7901009",54,0,1,0.029904,1,0.007476,1,162.81696005809,1,4.84577548175546,932,1,5.28599977493286,34.8940010070801,0.0299040004611015,0,157.005096435547,-85.9603,25.4828,35.8634679951884,63,63,63,63,61,63,0,8279,1.45687144005964,25,-86,0.001869,51,2024-12-01 23:47:36.002536,932,1.037,0.0011,"aoml_navis",1031.82659180666
"7901009",54,0,1,0.026166,1,0.003738,1,162.954372410966,1,4.84573590542025,934,1,5.28499984741211,34.8930015563965,0.0261659994721413,0,157.137603759766,-85.9603,25.4828,35.8634679951884,63,63,63,63,61,63,0,8279,1.45687144005964,25,-86,0.001869,51,2024-12-01 23:47:36.002536,934,1.037,0.0011,"aoml_navis",1031.8350189921
"7901009",54,0,1,0.026166,1,0.003738,1,163.246286630894,1,4.84568696760439,936,1,5.2810001373291,34.8940010070801,0.0261659994721413,0,157.419097900391,-85.9603,25.4828,35.8634679951884,63,63,63,63,61,63,0,8279,1.45687144005964,25,-86,0.001869,51,2024-12-01 23:47:36.002536,936,1.037,0.0011,"aoml_navis",1031.84543975442
"7901009",54,0,1,0.031773,1,0.009345,1,163.714191199589,1,4.84564606716934,938,1,5.27799987792969,34.8930015563965,0.0317730009555817,0,157.870300292969,-85.9603,25.4828,35.8634679951884,63,63,63,63,61,63,0,8279,1.45687144005964,25,-86,0.001869,51,2024-12-01 23:47:36.002536,938,1.037,0.0011,"aoml_navis",1031.85414920757
"7901009",54,0,1,0.031773,1,0.009345,1,164.301041951675,1,4.8455911609866,940,1,5.2649998664856,34.8940010070801,0.0317730009555817,0,158.43620300293,-85.9603,25.4828,35.8634679951884,63,63,63,63,61,63,0,8279,1.45687144005964,25,-86,0.001869,51,2024-12-01 23:47:36.002536,940,1.037,0.0011,"aoml_navis",1031.86584131501
"7901009",54,0,1,0.031773,1,0.009345,1,164.869948713875,1,4.84553928389957,942,1,5.25099992752075,34.8940010070801,0.0317730009555817,0,158.984802246094,-85.9603,25.4828,35.8634679951884,63,63,63,63,61,63,0,8279,1.45687144005964,25,-86,0.001869,51,2024-12-01 23:47:36.002536,942,1.037,0.0011,"aoml_navis",1031.87688862902
"7901009",54,0,1,0.031773,1,0.009345,1,165.587977310887,1,4.84547776890164,944,1,5.22800016403198,34.8950004577637,0.0317730009555817,0,159.677200317383,-85.9603,25.4828,35.8634679951884,63,63,63,63,61,63,0,8279,1.45687144005964,25,-86,0.001869,51,2024-12-01 23:47:36.002536,944,1.037,0.0011,"aoml_navis",1031.88998865914
"7901009",54,0,1,0.029904,1,0.007476,1,166.125046941123,1,4.84541032732002,946,1,5.19600009918213,34.8959999084473,0.0299040004611015,0,160.195098876953,-85.9603,25.4828,35.8634679951884,63,63,63,63,61,63,0,8279,1.45687144005964,25,-86,0.001869,51,2024-12-01 23:47:36.002536,946,1.037,0.0011,"aoml_navis",1031.9043511771
"7901009",54,0,1,0.029904,1,0.007476,1,166.279248159314,1,4.84535677789514,948,1,5.18499994277954,34.8969993591309,0.0299040004611015,0,160.343795776367,-85.9603,25.4828,35.8634679951884,63,63,63,63,61,63,0,8279,1.45687144005964,25,-86,0.001869,51,2024-12-01 23:47:36.002536,948,1.037,0.0011,"aoml_navis",1031.91575547344
"7901009",54,0,1,0.029904,1,0.007476,1,166.409397468665,1,4.84531219898834,950,1,5.18200016021729,34.8969993591309,0.0299040004611015,0,160.469299316406,-85.9603,25.4828,35.8634679951884,63,63,63,63,61,63,0,8279,1.45687144005964,25,-86,0.001869,51,2024-12-01 23:47:36.002536,950,1.037,0.0011,"aoml_navis",1031.92524953169
"7901009",54,0,1,0.028035,1,0.005607,1,166.651752097483,1,4.84526696142477,952,1,5.17799997329712,34.8969993591309,0.0280349999666214,0,160.703002929688,-85.9603,25.4828,35.8634679951884,63,63,63,63,61,63,0,8279,1.45687144005964,25,-86,0.001869,51,2024-12-01 23:47:36.002536,952,1.037,0.0011,"aoml_navis",1031.93488404398
"7901009",54,0,1,0.028035,1,0.005607,1,166.90385407883,1,4.84522238606535,954,1,5.17500019073486,34.8969993591309,0.0280349999666214,0,160.946105957031,-85.9603,25.4828,35.8634679951884,63,63,63,63,61,63,0,8279,1.45687144005964,25,-86,0.001869,51,2024-12-01 23:47:36.002536,954,1.037,0.0011,"aoml_navis",1031.9443776987
"7901009",54,0,1,0.031773,1,0.009345,1,167.396332735965,1,4.8451764918597,956,1,5.17000007629395,34.8969993591309,0.0317730009555817,0,161.421005249023,-85.9603,25.4828,35.8634679951884,63,63,63,63,61,63,0,8279,1.45687144005964,25,-86,0.001869,51,2024-12-01 23:47:36.002536,956,1.037,0.0011,"aoml_navis",1031.95415242364
"7901009",54,0,1,0.029904,1,0.007476,1,167.838413149904,1,4.84511701752586,958,1,5.15000009536743,34.8979988098145,0.0299040004611015,0,161.847305297852,-85.9603,25.4828,35.8634679951884,63,63,63,63,61,63,0,8279,1.45687144005964,25,-86,0.001869,51,2024-12-01 23:47:36.002536,958,1.037,0.0011,"aoml_navis",1031.96681977213
"7901009",54,0,1,0.029904,1,0.007476,1,168.218781429318,1,4.84506717276054,960,1,5.13899993896484,34.8979988098145,0.0299040004611015,0,162.214096069336,-85.9603,25.4828,35.8634679951884,63,63,63,63,61,63,0,8279,1.45687144005964,25,-86,0.001869,51,2024-12-01 23:47:36.002536,960,1.037,0.0011,"aoml_navis",1031.97743637292
"7901009",54,0,1,0.029904,1,0.007476,1,168.625812515572,1,4.8450212851026,962,1,5.13399982452393,34.8979988098145,0.0299040004611015,0,162.606597900391,-85.9603,25.4828,35.8634679951884,63,63,63,63,61,63,0,8279,1.45687144005964,25,-86,0.001869,51,2024-12-01 23:47:36.002536,962,1.037,0.0011,"aoml_navis",1031.98721032948
"7901009",54,0,1,0.031773,1,0.009345,1,169.176268931912,1,4.84496446854524,964,1,5.11800003051758,34.898998260498,0.0317730009555817,0,163.137405395508,-85.9603,25.4828,35.8634679951884,63,63,63,63,61,63,0,8279,1.45687144005964,25,-86,0.001869,51,2024-12-01 23:47:36.002536,964,1.037,0.0011,"aoml_navis",1031.99931237087
"7901009",54,0,1,0.029904,1,0.007476,1,169.706692639968,1,4.84490172879577,966,1,5.09299993515015,34.9000015258789,0.0299040004611015,0,163.648895263672,-85.9603,25.4828,35.8634679951884,63,63,63,63,61,63,0,8279,1.45687144005964,25,-86,0.001869,51,2024-12-01 23:47:36.002536,966,1.037,0.0011,"aoml_navis",1032.01267639391
"7901009",54,0,1,0.028035,1,0.005607,1,170.017183794751,1,4.84485321980032,968,1,5.08400011062622,34.9000015258789,0.0280349999666214,0,163.948303222656,-85.9603,25.4828,35.8634679951884,63,63,63,63,61,63,0,8279,1.45687144005964,25,-86,0.001869,51,2024-12-01 23:47:36.002536,968,1.037,0.0011,"aoml_navis",1032.02300940008
"7901009",54,0,1,0.029904,1,0.007476,1,170.53320800475,1,4.84480865529536,970,1,5.08099985122681,34.9000015258789,0.0299040004611015,0,164.445907592773,-85.9603,25.4828,35.8634679951884,63,63,63,63,61,63,0,8279,1.45687144005964,25,-86,0.001869,51,2024-12-01 23:47:36.002536,970,1.037,0.0011,"aoml_navis",1032.03250236416
"7901009",54,0,1,0.029904,1,0.007476,1,171.187862986692,1,4.84475818027672,972,1,5.06899976730347,34.9000015258789,0.0299040004611015,0,165.077194213867,-85.9603,25.4828,35.8634679951884,63,63,63,63,61,63,0,8279,1.45687144005964,25,-86,0.001869,51,2024-12-01 23:47:36.002536,972,1.037,0.0011,"aoml_navis",1032.04325457466
"7901009",54,0,1,0.028035,1,0.005607,1,171.807389522828,1,4.84468984377913,974,1,5.04099988937378,34.9020004272461,0.0280349999666214,0,165.674606323242,-85.9603,25.4828,35.8634679951884,63,63,63,63,61,63,0,8279,1.45687144005964,25,-86,0.001869,51,2024-12-01 23:47:36.002536,974,1.037,0.0011,"aoml_navis",1032.05781200221
"7901009",54,0,1,0.029904,1,0.007476,1,172.322575080743,1,4.84463873015063,976,1,5.02799987792969,34.9020004272461,0.0299040004611015,0,166.171401977539,-85.9603,25.4828,35.8634679951884,63,63,63,63,61,63,0,8279,1.45687144005964,25,-86,0.001869,51,2024-12-01 23:47:36.002536,976,1.037,0.0011,"aoml_navis",1032.06870078515
"7901009",54,0,1,0.031773,1,0.009345,1,172.814642323648,1,4.84458631333467,978,1,5.01300001144409,34.9020004272461,0.0317730009555817,0,166.645904541016,-85.9603,25.4828,35.8634679951884,63,63,63,63,61,63,0,8279,1.45687144005964,25,-86,0.001869,51,2024-12-01 23:47:36.002536,978,1.037,0.0011,"aoml_navis",1032.07986742595
"7901009",54,0,1,0.031773,1,0.009345,1,178.694416264961,1,4.8440349879945,999.5,1,4.89239978790283,34.9059982299805,0.0317730009555817,0,172.315795898438,-85.9603,25.4828,35.8634679951884,63,63,63,63,61,63,0,8279,1.45687144005964,25,-86,0.001869,51,2024-12-01 23:47:36.002536,999.5,1.037,0.0011,"aoml_navis",1032.19733391523
"7901009",54,0,1,0.029904,1,0.007476,1,186.372497629961,1,4.8427942369374,1049.40002441406,1,4.67399978637695,34.9160003662109,0.0299040004611015,0,179.719802856445,-85.9603,25.4828,35.8634679951884,63,63,63,63,61,63,0,8279,1.45687144005964,25,-86,0.001869,51,2024-12-01 23:47:36.002536,1049.40002441406,1.037,0.0011,"aoml_navis",1032.46178866398
"7901009",54,0,1,0.033642,1,0.011214,1,190.185089124548,1,4.84165648725692,1098.19995117188,1,4.54820013046265,34.9210014343262,0.0336420014500618,0,183.396301269531,-85.9603,25.4828,35.8634679951884,63,63,63,63,61,63,0,8279,1.45687144005964,25,-86,0.001869,51,2024-12-01 23:47:36.002536,1098.19995117188,1.037,0.0011,"aoml_navis",1032.70440874107
"7901009",54,0,1,0.029904,1,0.007476,1,192.803661581444,1,4.8405279456847,1149.5,1,4.50029993057251,34.9230003356934,0.0299040004611015,0,185.921401977539,-85.9603,25.4828,35.8634679951884,63,63,63,63,61,63,0,8279,1.45687144005964,25,-86,0.001869,51,2024-12-01 23:47:36.002536,1149.5,1.037,0.0011,"aoml_navis",1032.94517790306
"7901009",54,0,1,0.026166,1,0.003738,1,194.595212317581,1,4.83942295340919,1199.80004882812,1,4.4539999961853,34.9249992370605,0.0261659994721413,0,187.649002075195,-85.9603,25.4828,35.8634679951884,63,63,63,63,61,63,0,8279,1.45687144005964,25,-86,0.001869,51,2024-12-01 23:47:36.002536,1199.80004882812,1.037,0.0011,"aoml_navis",1033.1810317339
"7901009",54,0,1,0.029904,1,0.007476,1,196.723790426347,1,4.83834874146812,1249.40002441406,1,4.42460012435913,34.9259986877441,0.0299040004611015,0,189.701599121094,-85.9603,25.4828,35.8634679951884,63,63,63,63,61,63,0,8279,1.45687144005964,25,-86,0.001869,51,2024-12-01 23:47:36.002536,1249.40002441406,1.037,0.0011,"aoml_navis",1033.410418961
"7901009",54,0,1,0.026166,1,0.003738,1,198.842526240838,1,4.83725756492675,1298.80004882812,1,4.37209987640381,34.9290008544922,0.0261659994721413,0,191.744705200195,-85.9603,25.4828,35.8634679951884,63,63,63,63,61,63,0,8279,1.45687144005964,25,-86,0.001869,51,2024-12-01 23:47:36.002536,1298.80004882812,1.037,0.0011,"aoml_navis",1033.64353311538
"7901009",54,0,1,0.028035,1,0.005607,1,199.869479453833,1,4.83617326906794,1349.30004882812,1,4.3523998260498,34.9300003051758,0.0280349999666214,0,192.735000610352,-85.9603,25.4828,35.8634679951884,63,63,63,63,61,63,0,8279,1.45687144005964,25,-86,0.001869,51,2024-12-01 23:47:36.002536,1349.30004882812,1.037,0.0011,"aoml_navis",1033.87528151233
"7901009",54,0,1,0.033642,1,0.011214,1,201.352200515733,1,4.83509291840699,1399.69995117188,1,4.33330011367798,34.9309997558594,0.0336420014500618,0,194.164794921875,-85.9603,25.4828,35.8634679951884,63,63,63,63,61,63,0,8279,1.45687144005964,25,-86,0.001869,51,2024-12-01 23:47:36.002536,1399.69995117188,1.037,0.0011,"aoml_navis",1034.1062900705
"7901009",54,0,1,0.035511,1,0.013083,1,201.763899571137,1,4.83402736667478,1449.69995117188,1,4.32159996032715,34.931999206543,0.0355109982192516,0,194.561798095703,-85.9603,25.4828,35.8634679951884,63,63,63,63,61,63,0,8279,1.45687144005964,25,-86,0.001869,51,2024-12-01 23:47:36.002536,1449.69995117188,1.037,0.0011,"aoml_navis",1034.3342353561
"7901009",54,0,1,0.029904,1,0.007476,1,202.427589842518,1,4.83297489653717,1499.09997558594,1,4.30840015411377,34.9329986572266,0.0299040004611015,0,195.201797485352,-85.9603,25.4828,35.8634679951884,63,63,63,63,61,63,0,8279,1.45687144005964,25,-86,0.001869,51,2024-12-01 23:47:36.002536,1499.09997558594,1.037,0.0011,"aoml_navis",1034.55948086602
"7901009",54,0,1,0.028035,1,0.005607,1,203.14666279873,1,4.83189829008884,1550.09997558594,1,4.30170011520386,34.9329986572266,0.0280349999666214,0,195.895202636719,-85.9603,25.4828,35.8634679951884,63,63,63,63,61,63,0,8279,1.45687144005964,25,-86,0.001869,51,2024-12-01 23:47:36.002536,1550.09997558594,1.037,0.0011,"aoml_navis",1034.78999345991
"7901009",54,0,1,0.026166,1,0.003738,1,203.948066071848,1,4.83084947272797,1599.5,1,4.28959989547729,34.9339981079102,0.0261659994721413,0,196.667999267578,-85.9603,25.4828,35.8634679951884,63,63,63,63,61,63,0,8279,1.45687144005964,25,-86,0.001869,51,2024-12-01 23:47:36.002536,1599.5,1.037,0.0011,"aoml_navis",1035.0146549229
"7901009",54,0,1,0.026166,1,0.003738,1,204.234283787051,1,4.82980826420279,1649.09997558594,1,4.28730010986328,34.9339981079102,0.0261659994721413,0,196.944000244141,-85.9603,25.4828,35.8634679951884,63,63,63,63,61,63,0,8279,1.45687144005964,25,-86,0.001869,51,2024-12-01 23:47:36.002536,1649.09997558594,1.037,0.0011,"aoml_navis",1035.2377830521
"7901009",54,0,1,0.026166,1,0.003738,1,204.567576784359,1,4.82876210877943,1698.90002441406,1,4.28700017929077,34.935001373291,0.0261659994721413,0,197.265396118164,-85.9603,25.4828,35.8634679951884,63,63,63,63,61,63,0,8279,1.45687144005964,25,-86,0.001869,51,2024-12-01 23:47:36.002536,1698.90002441406,1.037,0.0011,"aoml_navis",1035.46206819947
"7901009",54,0,1,0.033642,1,0.011214,1,204.887704526302,1,4.82771907234765,1748.69995117188,1,4.28369998931885,34.935001373291,0.0336420014500618,0,197.574096679688,-85.9603,25.4828,35.8634679951884,63,63,63,63,61,63,0,8279,1.45687144005964,25,-86,0.001869,51,2024-12-01 23:47:36.002536,1748.69995117188,1.037,0.0011,"aoml_navis",1035.68578143644
"7901009",54,0,1,0.029904,1,0.007476,1,205.065451297359,1,4.82666060020799,1799.40002441406,1,4.28299999237061,34.935001373291,0.0299040004611015,0,197.745498657227,-85.9603,25.4828,35.8634679951884,63,63,63,63,61,63,0,8279,1.45687144005964,25,-86,0.001869,51,2024-12-01 23:47:36.002536,1799.40002441406,1.037,0.0011,"aoml_navis",1035.91290421053
"7901009",54,0,1,0.028035,1,0.005607,1,205.08909179197,1,4.82562867042502,1849,1,4.28520011901855,34.935001373291,0.0280349999666214,0,197.768295288086,-85.9603,25.4828,35.8634679951884,63,63,63,63,61,63,0,8279,1.45687144005964,25,-86,0.001869,51,2024-12-01 23:47:36.002536,1849,1.037,0.0011,"aoml_navis",1036.13442755006
"7901009",54,0,1,0.033642,1,0.011214,1,205.402795142472,1,4.82459251910259,1898.59997558594,1,4.28439998626709,34.9360008239746,0.0336420014500618,0,198.07080078125,-85.9603,25.4828,35.8634679951884,63,63,63,63,61,63,0,8279,1.45687144005964,25,-86,0.001869,51,2024-12-01 23:47:36.002536,1898.59997558594,1.037,0.0011,"aoml_navis",1036.35695246861
"7901009",54,0,1,0.035511,1,0.013083,1,205.892583783487,1,4.82353932479338,1949.30004882812,1,4.28450012207031,34.9360008239746,0.0355109982192516,0,198.543106079102,-85.9603,25.4828,35.8634679951884,63,63,63,63,61,63,0,8279,1.45687144005964,25,-86,0.001869,51,2024-12-01 23:47:36.002536,1949.30004882812,1.037,0.0011,"aoml_navis",1036.58323552989
"7901009",54,0,1,0.022428,1,0,1,205.754348602151,1,4.82252075919782,1998.5,1,4.28730010986328,34.9360008239746,0.0224280003458261,0,198.409805297852,-85.9603,25.4828,35.8634679951884,63,63,63,63,61,63,0,8279,1.45687144005964,25,-86,0.001869,51,2024-12-01 23:47:36.002536,1998.5,1.037,0.0011,"aoml_navis",1036.80217248701
"7901009",55,0.133420145838017,1,0.216804,1,0.194376,1,190.974842030967,1,4.88518790704121,2.29999995231628,1,27.6690006256104,36.314998626709,0.216803997755051,0.20372100174427,184.157806396484,-86.179,25.344,77.4818368387406,63,63,63,63,61,63,0.194376,8279,1.45687144005964,25,-86,0.001869,51,2024-12-12 06:28:35.000684,2.29999995231628,1.037,0.0011,"aoml_navis",1023.50208326548
"7901009",55,0.139834575926384,1,0.226149,1,0.203721,1,190.95025211129,1,4.88515423036584,4.09999990463257,1,27.6709995269775,36.314998626709,0.226148992776871,0.21306599676609,184.134094238281,-86.179,25.344,77.4818368387406,63,63,63,63,61,63,0.203721,8279,1.45687144005964,25,-86,0.001869,51,2024-12-12 06:28:35.000684,4.09999990463257,1.037,0.0011,"aoml_navis",1023.50913895825
"7901009",55,0.137268803891037,1,0.222411,1,0.199983,1,191.073249180559,1,4.88509935628144,6.09999990463257,1,27.6620006561279,36.314998626709,0.222411006689072,0.20932799577713,184.252700805664,-86.179,25.344,77.4818368387406,63,63,63,63,61,63,0.199983,8279,1.45687144005964,25,-86,0.001869,51,2024-12-12 06:28:35.000684,6.09999990463257,1.037,0.0011,"aoml_navis",1023.52063598682
"7901009",55,0.141117461944057,1,0.228018,1,0.20559,1,191.065574720429,1,4.88505741655341,8,1,27.6599998474121,36.314998626709,0.228018000721931,0.214935004711151,184.245300292969,-86.179,25.344,77.4818368387406,63,63,63,63,61,63,0.20559,8279,1.45687144005964,25,-86,0.001869,51,2024-12-12 06:28:35.000684,8,1.037,0.0011,"aoml_navis",1023.52942322788
"7901009",55,0.14240034796173,1,0.229887,1,0.207459,1,190.920915102873,1,4.8850388213475,9.89999961853027,1,27.6730003356934,36.314998626709,0.229886993765831,0.216803997755051,184.105804443359,-86.179,25.344,77.4818368387406,63,63,63,63,61,63,0.207459,8279,1.45687144005964,25,-86,0.001869,51,2024-12-12 06:28:35.000684,9.89999961853027,1.037,0.0011,"aoml_navis",1023.53331935667
"7901009",55,0.151380550085443,1,0.24297,1,0.220542,1,190.720239838179,1,4.88500835781194,11.8999996185303,1,27.681999206543,36.3160018920898,0.242970004677773,0.229886993765831,183.912292480469,-86.179,25.344,77.4818368387406,63,63,63,63,61,63,0.220542,8279,1.45687144005964,25,-86,0.001869,51,2024-12-12 06:28:35.000684,11.8999996185303,1.037,0.0011,"aoml_navis",1023.53970224108
"7901009",55,0.15009766406777,1,0.241101,1,0.218673,1,190.733009506891,1,4.88497479433667,14,1,27.6879997253418,36.3160018920898,0.241100996732712,0.228018000721931,183.924606323242,-86.179,25.344,77.4818368387406,63,63,63,63,61,63,0.218673,8279,1.45687144005964,25,-86,0.001869,51,2024-12-12 06:28:35.000684,14,1.037,0.0011,"aoml_navis",1023.54673473376
"7901009",55,0.144966119997077,1,0.233625,1,0.211197,1,190.750431322569,1,4.88492723129333,16,1,27.6860008239746,36.3170013427734,0.233624994754791,0.220541998744011,183.94140625,-86.179,25.344,77.4818368387406,63,63,63,63,61,63,0.211197,8279,1.45687144005964,25,-86,0.001869,51,2024-12-12 06:28:35.000684,16,1.037,0.0011,"aoml_navis",1023.55670069546
"7901009",55,0.147531892032423,1,0.237363,1,0.214935,1,190.780907632284,1,4.88488685004218,18,1,27.6840000152588,36.3160018920898,0.237362995743752,0.224279999732971,183.970794677734,-86.179,25.344,77.4818368387406,63,63,63,63,61,63,0.214935,8279,1.45687144005964,25,-86,0.001869,51,2024-12-12 06:28:35.000684,18,1.037,0.0011,"aoml_navis",1023.56516199691
"7901009",55,0.14624900601475,1,0.235494,1,0.213066,1,190.732582268905,1,4.88484863167928,20,1,27.6879997253418,36.3170013427734,0.235494002699852,0.222411006689072,183.924194335938,-86.179,25.344,77.4818368387406,63,63,63,63,61,63,0.213066,8279,1.45687144005964,25,-86,0.001869,51,2024-12-12 06:28:35.000684,20,1.037,0.0011,"aoml_navis",1023.57317022557
"7901009",55,0.144966119997077,1,0.233625,1,0.211197,1,190.7729325232,1,4.8848098138673,22,1,27.6870002746582,36.3160018920898,0.233624994754791,0.220541998744011,183.963104248047,-86.179,25.344,77.4818368387406,63,63,63,63,61,63,0.211197,8279,1.45687144005964,25,-86,0.001869,51,2024-12-12 06:28:35.000684,22,1.037,0.0011,"aoml_navis",1023.58130419033
"7901009",55,0.14624900601475,1,0.235494,1,0.213066,1,190.728958657833,1,4.88476740730777,24,1,27.6860008239746,36.3160018920898,0.235494002699852,0.222411006689072,183.920700073242,-86.179,25.344,77.4818368387406,63,63,63,63,61,63,0.213066,8279,1.45687144005964,25,-86,0.001869,51,2024-12-12 06:28:35.000684,24,1.037,0.0011,"aoml_navis",1023.59019029644
"7901009",55,0.14624900601475,1,0.235494,1,0.213066,1,190.779246151225,1,4.88472500004905,26,1,27.6849994659424,36.3160018920898,0.235494002699852,0.222411006689072,183.969192504883,-86.179,25.344,77.4818368387406,63,63,63,63,61,63,0.213066,8279,1.45687144005964,25,-86,0.001869,51,2024-12-12 06:28:35.000684,26,1.037,0.0011,"aoml_navis",1023.59907670336
"7901009",55,0.144966119997077,1,0.233625,1,0.211197,1,190.902654634851,1,4.884682598031,28,1,27.6840000152588,36.3160018920898,0.233624994754791,0.220541998744011,184.088195800781,-86.179,25.344,77.4818368387406,63,63,63,63,61,63,0.211197,8279,1.45687144005964,25,-86,0.001869,51,2024-12-12 06:28:35.000684,28,1.037,0.0011,"aoml_navis",1023.60796216636
"7901009",55,0.13855168990871,4,0.22428,1,0.201852,1,190.843648321805,1,4.88463863898274,30,1,27.681999206543,36.3160018920898,0.224279999732971,0.211197003722191,184.031295776367,-86.179,25.344,77.4818368387406,63,63,63,63,61,63,0.201852,8279,1.45687144005964,25,-86,0.001869,51,2024-12-12 06:28:35.000684,30,1.037,0.0011,"aoml_navis",1023.61717407233
"7901009",55,0.148814778050096,1,0.239232,1,0.216804,1,190.813789133627,1,4.88459935718968,32,1,27.6830005645752,36.3160018920898,0.239232003688812,0.226148992776871,184.002502441406,-86.179,25.344,77.4818368387406,63,63,63,63,61,63,0.216804,8279,1.45687144005964,25,-86,0.001869,51,2024-12-12 06:28:35.000684,32,1.037,0.0011,"aoml_navis",1023.62540596916
"7901009",55,0.14240034796173,1,0.229887,1,0.207459,1,190.874029689745,1,4.88456007490884,34,1,27.6840000152588,36.3160018920898,0.229886993765831,0.216803997755051,184.060592651367,-86.179,25.344,77.4818368387406,63,63,63,63,61,63,0.207459,8279,1.45687144005964,25,-86,0.001869,51,2024-12-12 06:28:35.000684,34,1.037,0.0011,"aoml_navis",1023.63363810063
"7901009",55,0.14240034796173,1,0.229887,1,0.207459,1,190.895185881899,1,4.88450691153948,36,1,27.6830005645752,36.3190002441406,0.229886993765831,0.216803997755051,184.080993652344,-86.179,25.344,77.4818368387406,63,63,63,63,61,63,0.207459,8279,1.45687144005964,25,-86,0.001869,51,2024-12-12 06:28:35.000684,36,1.037,0.0011,"aoml_navis",1023.64477941216
"7901009",55,0.14240034796173,1,0.229887,1,0.207459,1,190.965601031552,1,4.8844665518065,38,1,27.6809997558594,36.318000793457,0.229886993765831,0.216803997755051,184.148895263672,-86.179,25.344,77.4818368387406,63,63,63,63,61,63,0.207459,8279,1.45687144005964,25,-86,0.001869,51,2024-12-12 06:28:35.000684,38,1.037,0.0011,"aoml_navis",1023.65323766027
"7901009",55,0.135985917873364,4,0.220542,1,0.198114,1,190.903904701553,1,4.88442416365237,40,1,27.6800003051758,36.318000793457,0.220541998744011,0.207459002733231,184.089401245117,-86.179,25.344,77.4818368387406,63,63,63,63,61,63,0.198114,8279,1.45687144005964,25,-86,0.001869,51,2024-12-12 06:28:35.000684,40,1.037,0.0011,"aoml_navis",1023.66212115805
"7901009",55,0.143683233979403,1,0.231756,1,0.209328,1,190.823014309413,1,4.88438130105975,42,1,27.6809997558594,36.3190002441406,0.231756001710892,0.218673005700111,184.01139831543,-86.179,25.344,77.4818368387406,63,63,63,63,61,63,0.209328,8279,1.45687144005964,25,-86,0.001869,51,2024-12-12 06:28:35.000684,42,1.037,0.0011,"aoml_navis",1023.67110424306
"7901009",55,0.14624900601475,1,0.235494,1,0.213066,1,190.740984615975,1,4.88434251547746,43.9000015258789,1,27.6809997558594,36.3190002441406,0.235494002699852,0.222411006689072,183.93229675293,-86.179,25.344,77.4818368387406,63,63,63,63,61,63,0.213066,8279,1.45687144005964,25,-86,0.001869,51,2024-12-12 06:28:35.000684,43.9000015258789,1.037,0.0011,"aoml_navis",1023.67923300957
"7901009",55,0.155229208138463,1,0.248577,1,0.226149,1,190.560025593184,1,4.88430385007386,46,1,27.6860008239746,36.3199996948242,0.248576998710632,0.235494002699852,183.757797241211,-86.179,25.344,77.4818368387406,63,63,63,63,61,63,0.226149,8279,1.45687144005964,25,-86,0.001869,51,2024-12-12 06:28:35.000684,46,1.037,0.0011,"aoml_navis",1023.68733671727
"7901009",55,0.15009766406777,4,0.241101,1,0.218673,1,190.507665204375,1,4.88425943880003,48,1,27.6860008239746,36.3209991455078,0.241100996732712,0.228018000721931,183.707305908203,-86.179,25.344,77.4818368387406,63,63,63,63,61,63,0.218673,8279,1.45687144005964,25,-86,0.001869,51,2024-12-12 06:28:35.000684,48,1.037,0.0011,"aoml_navis",1023.69664483433
"7901009",55,0.162926524244502,1,0.259791,1,0.237363,1,190.389652578284,1,4.88421814417514,50,1,27.6879997253418,36.3219985961914,0.259790986776352,0.246708005666733,183.593505859375,-86.179,25.344,77.4818368387406,63,63,63,63,61,63,0.237363,8279,1.45687144005964,25,-86,0.001869,51,2024-12-12 06:28:35.000684,50,1.037,0.0011,"aoml_navis",1023.70529988775
"7901009",55,0.161643638226829,1,0.257922,1,0.235494,1,190.227555321421,1,4.88417839898058,52,1,27.6909999847412,36.3230018615723,0.257921993732452,0.244838997721672,183.437194824219,-86.179,25.344,77.4818368387406,63,63,63,63,61,63,0.235494,8279,1.45687144005964,25,-86,0.001869,51,2024-12-12 06:28:35.000684,52,1.037,0.0011,"aoml_navis",1023.71363033005
"7901009",55,0.164209410262175,1,0.26166,1,0.239232,1,190.132771782901,1,4.88413758479971,54,1,27.6909999847412,36.3230018615723,0.261660009622574,0.248576998710632,183.345794677734,-86.179,25.344,77.4818368387406,63,63,63,63,61,63,0.239232,8279,1.45687144005964,25,-86,0.001869,51,2024-12-12 06:28:35.000684,54,1.037,0.0011,"aoml_navis",1023.72218496892
"7901009",55,0.169340954332868,1,0.269136,1,0.246708,1,190.158295296696,1,4.88409427012218,56,1,27.6940002441406,36.3250007629395,0.269136011600494,0.256053000688553,183.370407104492,-86.179,25.344,77.4818368387406,63,63,63,63,61,63,0.246708,8279,1.45687144005964,25,-86,0.001869,51,2024-12-12 06:28:35.000684,56,1.037,0.0011,"aoml_navis",1023.73126386746
"7901009",55,0.161643638226829,1,0.257922,1,0.235494,1,190.125413795353,1,4.8840472282257,58,1,27.6900005340576,36.3250007629395,0.257921993732452,0.244838997721672,183.33869934082,-86.179,25.344,77.4818368387406,63,63,63,63,61,63,0.235494,8279,1.45687144005964,25,-86,0.001869,51,2024-12-12 06:28:35.000684,58,1.037,0.0011,"aoml_navis",1023.74112418574
"7901009",55,0.162926524244502,1,0.259791,1,0.237363,1,190.038826896724,1,4.88400594735354,60,1,27.6919994354248,36.326000213623,0.259790986776352,0.246708005666733,183.25520324707,-86.179,25.344,77.4818368387406,63,63,63,63,61,63,0.237363,8279,1.45687144005964,25,-86,0.001869,51,2024-12-12 06:28:35.000684,60,1.037,0.0011,"aoml_navis",1023.74977710855
"7901009",55,0.162926524244502,1,0.259791,1,0.237363,1,190.096994557426,1,4.88396405611683,62,1,27.6889991760254,36.3250007629395,0.259790986776352,0.246708005666733,183.311294555664,-86.179,25.344,77.4818368387406,63,63,63,63,61,63,0.237363,8279,1.45687144005964,25,-86,0.001869,51,2024-12-12 06:28:35.000684,62,1.037,0.0011,"aoml_navis",1023.75855811999
"7901009",55,0.162926524244502,1,0.259791,1,0.237363,1,190.078639147629,1,4.88392481422133,64,1,27.6900005340576,36.3250007629395,0.259790986776352,0.246708005666733,183.293594360352,-86.179,25.344,77.4818368387406,63,63,63,63,61,63,0.237363,8279,1.45687144005964,25,-86,0.001869,51,2024-12-12 06:28:35.000684,64,1.037,0.0011,"aoml_navis",1023.76678392769
"7901009",55,0.161643638226829,1,0.257922,1,0.235494,1,190.065157415605,1,4.88388245368383,66,1,27.6889991760254,36.3250007629395,0.257921993732452,0.244838997721672,183.28059387207,-86.179,25.344,77.4818368387406,63,63,63,63,61,63,0.235494,8279,1.45687144005964,25,-86,0.001869,51,2024-12-12 06:28:35.000684,66,1.037,0.0011,"aoml_navis",1023.77566360726
"7901009",55,0.159077866191482,1,0.254184,1,0.231756,1,189.908883254265,1,4.88383386542981,68,1,27.6840000152588,36.3250007629395,0.254184007644653,0.241100996732712,183.129898071289,-86.179,25.344,77.4818368387406,63,63,63,63,61,63,0.231756,8279,1.45687144005964,25,-86,0.001869,51,2024-12-12 06:28:35.000684,68,1.037,0.0011,"aoml_navis",1023.7858489398
"7901009",55,0.170623840350542,1,0.271005,1,0.248577,1,189.626304885166,1,4.88377810329523,70,1,27.6790008544922,36.3269996643066,0.271005004644394,0.257921993732452,182.857406616211,-86.179,25.344,77.4818368387406,63,63,63,63,61,63,0.248577,8279,1.45687144005964,25,-86,0.001869,51,2024-12-12 06:28:35.000684,70,1.037,0.0011,"aoml_navis",1023.79753834974
"7901009",55,0.179604042474254,1,0.284088,1,0.26166,1,189.375025654497,1,4.88372246136868,72.0999984741211,1,27.6800003051758,36.3310012817383,0.284087985754013,0.271005004644394,182.615097045898,-86.179,25.344,77.4818368387406,63,63,63,63,61,63,0.26166,8279,1.45687144005964,25,-86,0.001869,51,2024-12-12 06:28:35.000684,72.0999984741211,1.037,0.0011,"aoml_navis",1023.80920282655
"7901009",55,0.187301358580294,1,0.295302,1,0.272874,1,189.281903597035,1,4.88368838589866,74,1,27.6830005645752,36.3310012817383,0.295302003622055,0.282218992710114,182.525299072266,-86.179,25.344,77.4818368387406,63,63,63,63,61,63,0.272874,8279,1.45687144005964,25,-86,0.001869,51,2024-12-12 06:28:35.000684,74,1.037,0.0011,"aoml_navis",1023.81634635764
"7901009",55,0.191150016633313,1,0.300909,1,0.278481,1,188.730940654172,1,4.88364042198803,76,1,27.6830005645752,36.3330001831055,0.300909012556076,0.287826001644135,181.994003295898,-86.179,25.344,77.4818368387406,63,63,63,63,61,63,0.278481,8279,1.45687144005964,25,-86,0.001869,51,2024-12-12 06:28:35.000684,76,1.037,0.0011,"aoml_navis",1023.82640160977
"7901009",55,0.207827534863066,1,0.325206,1,0.302778,1,187.938445836187,1,4.88356406916721,78,1,27.673999786377,36.3390007019043,0.325206011533737,0.312123000621796,181.229797363281,-86.179,25.344,77.4818368387406,63,63,63,63,61,63,0.302778,8279,1.45687144005964,25,-86,0.001869,51,2024-12-12 06:28:35.000684,78,1.037,0.0011,"aoml_navis",1023.84240877844
"7901009",55,0.218090623004452,1,0.340158,1,0.31773,1,187.22176202539,1,4.88346185440499,80,1,27.6529998779297,36.3470001220703,0.340157985687256,0.327075004577637,180.538696289062,-86.179,25.344,77.4818368387406,63,63,63,63,61,63,0.31773,8279,1.45687144005964,25,-86,0.001869,51,2024-12-12 06:28:35.000684,80,1.037,0.0011,"aoml_navis",1023.86383861889
"7901009",55,0.236051027251877,1,0.366324,1,0.343896,1,186.554242230315,1,4.88334468143934,82.1999969482422,1,27.625,36.3549995422363,0.366324007511139,0.353240996599197,179.895004272461,-86.179,25.344,77.4818368387406,63,63,63,63,61,63,0.343896,8279,1.45687144005964,25,-86,0.001869,51,2024-12-12 06:28:35.000684,82.1999969482422,1.037,0.0011,"aoml_navis",1023.88840562577
"7901009",55,0.269406063711381,1,0.414918,1,0.39249,1,184.423479801839,1,4.88314515404418,83.5,1,27.55299949646,36.3720016479492,0.414918005466461,0.40183499455452,177.840301513672,-86.179,25.344,77.4818368387406,63,63,63,63,61,63,0.39249,8279,1.45687144005964,25,-86,0.001869,51,2024-12-12 06:28:35.000684,83.5,1.037,0.0011,"aoml_navis",1023.93024214303
"7901009",55,0.29634667008252,1,0.454167,1,0.431739,1,177.780039874772,1,4.8826457267642,86,1,27.3680000305176,36.4169998168945,0.454167008399963,0.441083997488022,171.434005737305,-86.179,25.344,77.4818368387406,63,63,63,63,61,63,0.431739,8279,1.45687144005964,25,-86,0.001869,51,2024-12-12 06:28:35.000684,86,1.037,0.0011,"aoml_navis",1024.03497607711
"7901009",55,0.300195328135539,1,0.459774,1,0.437346,1,172.435355956247,1,4.88153600132498,87.5999984741211,1,26.9249992370605,36.5270004272461,0.459773987531662,0.446691006422043,166.28010559082,-86.179,25.344,77.4818368387406,63,63,63,63,61,63,0.437346,8279,1.45687144005964,25,-86,0.001869,51,2024-12-12 06:28:35.000684,87.5999984741211,1.037,0.0011,"aoml_navis",1024.26777117753
"7901009",55,0.280952037870441,4,0.431739,1,0.409311,1,165.919359538236,1,4.88022736392263,90,1,26.382999420166,36.6479988098145,0.431739002466202,0.41865599155426,159.996704101562,-86.179,25.344,77.4818368387406,63,63,63,63,61,63,0.409311,8279,1.45687144005964,25,-86,0.001869,51,2024-12-12 06:28:35.000684,90,1.037,0.0011,"aoml_navis",1024.54242951113
"7901009",55,0.28864935397648,1,0.442953,1,0.420525,1,164.911995660223,1,4.87990265014099,91.9000015258789,1,26.2150001525879,36.6570014953613,0.442952990531921,0.429870009422302,159.025299072266,-86.179,25.344,77.4818368387406,63,63,63,63,61,63,0.420525,8279,1.45687144005964,25,-86,0.001869,51,2024-12-12 06:28:35.000684,91.9000015258789,1.037,0.0011,"aoml_navis",1024.6106036266
"7901009",55,0.261708747605342,1,0.403704,1,0.381276,1,163.461617637307,1,4.87939147705292,94,1,25.9869995117188,36.6920013427734,0.403703987598419,0.3906210064888,157.626693725586,-86.179,25.344,77.4818368387406,63,63,63,63,61,63,0.381276,8279,1.45687144005964,25,-86,0.001869,51,2024-12-12 06:28:35.000684,94,1.037,0.0011,"aoml_navis",1024.71794352109
"7901009",55,0.227070825128164,1,0.353241,1,0.330813,1,161.84034441973,1,4.8790872313223,95.9000015258789,1,25.8600006103516,36.7130012512207,0.353240996599197,0.340157985687256,156.063293457031,-86.179,25.344,77.4818368387406,63,63,63,63,61,63,0.330813,8279,1.45687144005964,25,-86,0.001869,51,2024-12-12 06:28:35.000684,95.9000015258789,1.037,0.0011,"aoml_navis",1024.78184196041
"7901009",55,0.161643638226829,1,0.257922,1,0.235494,1,159.227894896744,1,4.87853996552197,98,1,25.6590003967285,36.7700004577637,0.257921993732452,0.244838997721672,153.544097900391,-86.179,25.344,77.4818368387406,63,63,63,63,61,63,0.235494,8279,1.45687144005964,25,-86,0.001869,51,2024-12-12 06:28:35.000684,98,1.037,0.0011,"aoml_navis",1024.89680013619
"7901009",55,0.147531892032423,1,0.237363,1,0.214935,1,157.718304853604,1,4.87797396785808,100,1,25.3700008392334,36.7970008850098,0.237362995743752,0.224279999732971,152.088394165039,-86.179,25.344,77.4818368387406,63,63,63,63,61,63,0.214935,8279,1.45687144005964,25,-86,0.001869,51,2024-12-12 06:28:35.000684,100,1.037,0.0011,"aoml_navis",1025.01572024492
"7901009",55,0.0923677932724736,1,0.156996,1,0.134568,1,156.873971826572,1,4.87709265898404,102,1,24.9790000915527,36.8709983825684,0.156995996832848,0.143913000822067,151.274200439453,-86.179,25.344,77.4818368387406,63,63,63,63,61,63,0.134568,8279,1.45687144005964,25,-86,0.001869,51,2024-12-12 06:28:35.000684,102,1.037,0.0011,"aoml_navis",1025.20094441707
"7901009",55,0.0590127568129693,1,0.108402,1,0.085974,1,155.888602793056,1,4.87643735180912,104,1,24.693000793457,36.9259986877441,0.108401998877525,0.095319002866745,150.324005126953,-86.179,25.344,77.4818368387406,63,63,63,63,61,63,0.085974,8279,1.45687144005964,25,-86,0.001869,51,2024-12-12 06:28:35.000684,104,1.037,0.0011,"aoml_navis",1025.33871334265
"7901009",55,0.052598326724603,1,0.099057,1,0.076629,1,154.898249316363,1,4.8761504988739,106,1,24.5580005645752,36.939998626709,0.0990569964051247,0.0859740003943443,149.369003295898,-86.179,25.344,77.4818368387406,63,63,63,63,61,63,0.076629,8279,1.45687144005964,25,-86,0.001869,51,2024-12-12 06:28:35.000684,106,1.037,0.0011,"aoml_navis",1025.39903170641
"7901009",55,0.0423352385832171,1,0.084105,1,0.061677,1,154.119853351938,1,4.87571095648514,108,1,24.3339996337891,36.9609985351562,0.0841049998998642,0.0710219964385033,148.618392944336,-86.179,25.344,77.4818368387406,63,63,63,63,61,63,0.061677,8279,1.45687144005964,25,-86,0.001869,51,2024-12-12 06:28:35.000684,108,1.037,0.0011,"aoml_navis",1025.49147080787
"7901009",55,0.0384865805301974,1,0.078498,1,0.05607,1,153.377772616378,1,4.87551560179388,110,1,24.2390003204346,36.9659996032715,0.0784979984164238,0.0654150024056435,147.902801513672,-86.179,25.344,77.4818368387406,63,63,63,63,61,63,0.05607,8279,1.45687144005964,25,-86,0.001869,51,2024-12-12 06:28:35.000684,110,1.037,0.0011,"aoml_navis",1025.53256073272
"7901009",55,0.0295063784064846,1,0.065415,1,0.042987,1,152.84609867743,1,4.87530912131558,112,1,24.1359996795654,36.9710006713867,0.0654150024056435,0.0523319989442825,147.390106201172,-86.179,25.344,77.4818368387406,63,63,63,63,61,63,0.042987,8279,1.45687144005964,25,-86,0.001869,51,2024-12-12 06:28:35.000684,112,1.037,0.0011,"aoml_navis",1025.57599437936
"7901009",55,0.0256577203534649,1,0.059808,1,0.03738,1,152.363367223399,1,4.87510799163482,114,1,24.0389995574951,36.9770011901855,0.0598080009222031,0.0467250011861324,146.924606323242,-86.179,25.344,77.4818368387406,63,63,63,63,61,63,0.03738,8279,1.45687144005964,25,-86,0.001869,51,2024-12-12 06:28:35.000684,114,1.037,0.0011,"aoml_navis",1025.61830601076
"7901009",55,0.0269406063711381,1,0.061677,1,0.039249,1,152.090203913635,1,4.87493502482735,116,1,23.9589996337891,36.9819984436035,0.0616770014166832,0.0485940016806126,146.661193847656,-86.179,25.344,77.4818368387406,63,63,63,63,61,63,0.039249,8279,1.45687144005964,25,-86,0.001869,51,2024-12-12 06:28:35.000684,116,1.037,0.0011,"aoml_navis",1025.65469581353
"7901009",55,0.0449010106185636,1,0.087843,1,0.065415,1,151.579575401438,1,4.87477013759431,118,1,23.8819999694824,36.9860000610352,0.0878430008888245,0.0747599974274635,146.168792724609,-86.179,25.344,77.4818368387406,63,63,63,63,61,63,0.065415,8279,1.45687144005964,25,-86,0.001869,51,2024-12-12 06:28:35.000684,118,1.037,0.0011,"aoml_navis",1025.68938819082
"7901009",55,0.0307892644241579,1,0.067284,1,0.044856,1,150.745923324072,1,4.87458015672008,120,1,23.7770004272461,36.9860000610352,0.0672840029001236,0.0542009994387627,145.364898681641,-86.179,25.344,77.4818368387406,63,63,63,63,61,63,0.044856,8279,1.45687144005964,25,-86,0.001869,51,2024-12-12 06:28:35.000684,120,1.037,0.0011,"aoml_navis",1025.72936319593
"7901009",55,0.0333550364595044,1,0.071022,1,0.048594,1,150.215910866184,1,4.8743587087006,122,1,23.6520004272461,36.9869995117188,0.0710219964385033,0.0579390004277229,144.853805541992,-86.179,25.344,77.4818368387406,63,63,63,63,61,63,0.048594,8279,1.45687144005964,25,-86,0.001869,51,2024-12-12 06:28:35.000684,122,1.037,0.0011,"aoml_navis",1025.77596332316
"7901009",55,0.0320721504418311,1,0.069153,1,0.046725,1,149.485112378198,1,4.87424541602895,124.099998474121,1,23.5919990539551,36.9830017089844,0.0691530033946037,0.0560699999332428,144.14909362793,-86.179,25.344,77.4818368387406,63,63,63,63,61,63,0.046725,8279,1.45687144005964,25,-86,0.001869,51,2024-12-12 06:28:35.000684,124.099998474121,1.037,0.0011,"aoml_navis",1025.79980555708
"7901009",55,0.0218090623004452,1,0.054201,1,0.031773,1,148.776419500114,1,4.87401201406826,126,1,23.4589996337891,36.9850006103516,0.0542009994387627,0.041117999702692,143.465698242188,-86.179,25.344,77.4818368387406,63,63,63,63,61,63,0.031773,8279,1.45687144005964,25,-86,0.001869,51,2024-12-12 06:28:35.000684,126,1.037,0.0011,"aoml_navis",1025.84892806339
"7901009",55,0.0205261762827719,1,0.052332,1,0.029904,1,148.546201519824,1,4.87371161417476,128,1,23.2740001678467,36.9850006103516,0.0523319989442825,0.0392489992082119,143.243698120117,-86.179,25.344,77.4818368387406,63,63,63,63,61,63,0.029904,8279,1.45687144005964,25,-86,0.001869,51,2024-12-12 06:28:35.000684,128,1.037,0.0011,"aoml_navis",1025.9121580887
"7901009",55,0.0179604042474254,1,0.048594,1,0.026166,1,148.27450980757,1,4.87357363880183,130,1,23.2019996643066,36.984001159668,0.0485940016806126,0.0355109982192516,142.981704711914,-86.179,25.344,77.4818368387406,63,63,63,63,61,63,0.026166,8279,1.45687144005964,25,-86,0.001869,51,2024-12-12 06:28:35.000684,130,1.037,0.0011,"aoml_navis",1025.94120260985
"7901009",55,0.0141117461944057,1,0.042987,1,0.020559,1,147.985285514234,1,4.87344282295768,132,1,23.1350002288818,36.9830017089844,0.0429870001971722,0.0299040004611015,142.70280456543,-86.179,25.344,77.4818368387406,63,63,63,63,61,63,0.020559,8279,1.45687144005964,25,-86,0.001869,51,2024-12-12 06:28:35.000684,132,1.037,0.0011,"aoml_navis",1025.9687415324
"7901009",55,0.0115459741590592,1,0.039249,1,0.016821,1,147.454956583764,1,4.87329908877424,134,1,23.0559997558594,36.9809989929199,0.0392489992082119,0.0261659994721413,142.19140625,-86.179,25.344,77.4818368387406,63,63,63,63,61,63,0.016821,8279,1.45687144005964,25,-86,0.001869,51,2024-12-12 06:28:35.000684,134,1.037,0.0011,"aoml_navis",1025.99900168607
"7901009",55,0.00128288601767324,1,0.024297,1,0.001869,1,147.126837810013,1,4.87299204519468,136,1,22.8589992523193,36.9790000915527,0.0242970008403063,0.0112140001729131,141.875,-86.179,25.344,77.4818368387406,63,63,63,63,61,63,0.001869,8279,1.45687144005964,25,-86,0.001869,51,2024-12-12 06:28:35.000684,136,1.037,0.0011,"aoml_navis",1026.06364911483
"7901009",55,0.00128288601767324,1,0.024297,1,0.001869,1,146.71368285329,1,4.87279009754168,138,1,22.7320003509521,36.9749984741211,0.0242970008403063,0.0112140001729131,141.476593017578,-86.179,25.344,77.4818368387406,63,63,63,63,61,63,0.001869,8279,1.45687144005964,25,-86,0.001869,51,2024-12-12 06:28:35.000684,138,1.037,0.0011,"aoml_navis",1026.106173242
"7901009",55,-0.00256577203534649,1,0.01869,1,-0.003738,1,146.51292847045,1,4.87248528743729,140,1,22.5270004272461,36.9700012207031,0.0186899993568659,0.00560700008645654,141.283004760742,-86.179,25.344,77.4818368387406,63,63,63,63,61,63,-0.003738,8279,1.45687144005964,25,-86,0.001869,51,2024-12-12 06:28:35.000684,140,1.037,0.0011,"aoml_navis",1026.17036379596
"7901009",55,-0.00256577203534649,1,0.01869,1,-0.003738,1,146.325956468587,1,4.87214873827001,142,1,22.2789993286133,36.9580001831055,0.0186899993568659,0.00560700008645654,141.10270690918,-86.179,25.344,77.4818368387406,63,63,63,63,61,63,-0.003738,8279,1.45687144005964,25,-86,0.001869,51,2024-12-12 06:28:35.000684,142,1.037,0.0011,"aoml_navis",1026.24124767081
"7901009",55,0,1,0.022428,1,0,1,145.821752349818,1,4.8720136966426,144,1,22.17799949646,36.9459991455078,0.0224280003458261,0.00934499967843294,140.616500854492,-86.179,25.344,77.4818368387406,63,63,63,63,61,63,0,8279,1.45687144005964,25,-86,0.001869,51,2024-12-12 06:28:35.000684,144,1.037,0.0011,"aoml_navis",1026.26969284705
"7901009",55,0.00641443008836622,1,0.031773,1,0.009345,1,145.573590374089,1,4.87190115384157,146,1,22.0960006713867,36.935001373291,0.0317730009555817,0.0186899993568659,140.377197265625,-86.179,25.344,77.4818368387406,63,63,63,63,61,63,0.009345,8279,1.45687144005964,25,-86,0.001869,51,2024-12-12 06:28:35.000684,146,1.037,0.0011,"aoml_navis",1026.2934000739
"7901009",55,-0.00256577203534649,1,0.01869,1,-0.003738,1,145.622232210051,1,4.87170877075844,148,1,21.9519996643066,36.9230003356934,0.0186899993568659,0.00560700008645654,140.424102783203,-86.179,25.344,77.4818368387406,63,63,63,63,61,63,-0.003738,8279,1.45687144005964,25,-86,0.001869,51,2024-12-12 06:28:35.000684,148,1.037,0.0011,"aoml_navis",1026.3339282536
"7901009",55,-0.00384865805301973,1,0.016821,1,-0.005607,1,145.805786308021,1,4.87152298212587,150,1,21.8150005340576,36.9119987487793,0.0168210007250309,0.00373800005763769,140.601104736328,-86.179,25.344,77.4818368387406,63,63,63,63,61,63,-0.005607,8279,1.45687144005964,25,-86,0.001869,51,2024-12-12 06:28:35.000684,150,1.037,0.0011,"aoml_navis",1026.37307025863
"7901009",55,-0.00384865805301973,1,0.016821,1,-0.005607,1,145.814695011224,1,4.87141941877515,152,1,21.7549991607666,36.9070014953613,0.0168210007250309,0.00373800005763769,140.60969543457,-86.179,25.344,77.4818368387406,63,63,63,63,61,63,-0.005607,8279,1.45687144005964,25,-86,0.001869,51,2024-12-12 06:28:35.000684,152,1.037,0.0011,"aoml_navis",1026.39489031252
"7901009",55,-0.00128288601767324,1,0.020559,1,-0.001869,1,145.771243325618,1,4.87136414974189,154,1,21.7390003204346,36.9049987792969,0.020558999851346,0.00747600011527538,140.567794799805,-86.179,25.344,77.4818368387406,63,63,63,63,61,63,-0.001869,8279,1.45687144005964,25,-86,0.001869,51,2024-12-12 06:28:35.000684,154,1.037,0.0011,"aoml_navis",1026.4065354804
"7901009",55,-0.00128288601767324,1,0.020559,1,-0.001869,1,145.608750478028,1,4.87130309827427,156,1,21.7159996032715,36.9020004272461,0.020558999851346,0.00747600011527538,140.411102294922,-86.179,25.344,77.4818368387406,63,63,63,63,61,63,-0.001869,8279,1.45687144005964,25,-86,0.001869,51,2024-12-12 06:28:35.000684,156,1.037,0.0011,"aoml_navis",1026.41939931254
"7901009",55,-0.00256577203534649,1,0.01869,1,-0.003738,1,145.796450366831,1,4.87108092262783,158,1,21.5400009155273,36.8870010375977,0.0186899993568659,0.00560700008645654,140.592102050781,-86.179,25.344,77.4818368387406,63,63,63,63,61,63,-0.003738,8279,1.45687144005964,25,-86,0.001869,51,2024-12-12 06:28:35.000684,158,1.037,0.0011,"aoml_navis",1026.46621549096
"7901009",55,-0.00513154407069298,1,0.014952,1,-0.007476,1,145.842908541972,1,4.87096124970337,160,1,21.4619998931885,36.8800010681152,0.0149520002305508,0.00186900002881885,140.636901855469,-86.179,25.344,77.4818368387406,63,63,63,63,61,63,-0.007476,8279,1.45687144005964,25,-86,0.001869,51,2024-12-12 06:28:35.000684,160,1.037,0.0011,"aoml_navis",1026.49143437643
"7901009",55,-0.00384865805301973,1,0.016821,1,-0.005607,1,146.047191594109,1,4.87086400195445,162,1,21.3980007171631,36.8720016479492,0.0168210007250309,0.00373800005763769,140.833892822266,-86.179,25.344,77.4818368387406,63,63,63,63,61,63,-0.005607,8279,1.45687144005964,25,-86,0.001869,51,2024-12-12 06:28:35.000684,162,1.037,0.0011,"aoml_navis",1026.51192847793
"7901009",55,-0.00128288601767324,1,0.020559,1,-0.001869,1,146.462735918832,1,4.87066125687672,164,1,21.246000289917,36.8610000610352,0.020558999851346,0.00747600011527538,141.234603881836,-86.179,25.344,77.4818368387406,63,63,63,63,61,63,-0.001869,8279,1.45687144005964,25,-86,0.001869,51,2024-12-12 06:28:35.000684,164,1.037,0.0011,"aoml_navis",1026.55465783843
"7901009",55,-0.00384865805301973,1,0.016821,1,-0.005607,1,146.63590971609,1,4.87052690664808,166,1,21.1480007171631,36.851001739502,0.0168210007250309,0.00373800005763769,141.401596069336,-86.179,25.344,77.4818368387406,63,63,63,63,61,63,-0.005607,8279,1.45687144005964,25,-86,0.001869,51,2024-12-12 06:28:35.000684,166,1.037,0.0011,"aoml_navis",1026.58297466239
"7901009",55,-0.00128288601767324,1,0.020559,1,-0.001869,1,146.681545062516,1,4.87044362328305,168,1,21.1049995422363,36.8470001220703,0.020558999851346,0.00747600011527538,141.445602416992,-86.179,25.344,77.4818368387406,63,63,63,63,61,63,-0.001869,8279,1.45687144005964,25,-86,0.001869,51,2024-12-12 06:28:35.000684,168,1.037,0.0011,"aoml_navis",1026.60052897391
"7901009",55,-0.00384865805301973,1,0.016821,1,-0.005607,1,146.695026794539,1,4.87038177869007,170,1,21.0809993743896,36.8440017700195,0.0168210007250309,0.00373800005763769,141.458602905273,-86.179,25.344,77.4818368387406,63,63,63,63,61,63,-0.005607,8279,1.45687144005964,25,-86,0.001869,51,2024-12-12 06:28:35.000684,170,1.037,0.0011,"aoml_navis",1026.61356484969
"7901009",55,-0.00513154407069298,1,0.014952,1,-0.007476,1,146.660911050123,1,4.87031899095944,172,1,21.0590000152588,36.8419990539551,0.0149520002305508,0.00186900002881885,141.425704956055,-86.179,25.344,77.4818368387406,63,63,63,63,61,63,-0.007476,8279,1.45687144005964,25,-86,0.001869,51,2024-12-12 06:28:35.000684,172,1.037,0.0011,"aoml_navis",1026.62679986286
"7901009",55,-0.00384865805301973,1,0.016821,1,-0.005607,1,146.647318552696,1,4.87026277710856,174,1,21.0419998168945,36.8400001525879,0.0168210007250309,0.00373800005763769,141.41259765625,-86.179,25.344,77.4818368387406,63,63,63,63,61,63,-0.005607,8279,1.45687144005964,25,-86,0.001869,51,2024-12-12 06:28:35.000684,174,1.037,0.0011,"aoml_navis",1026.63864945876
"7901009",55,-0.00128288601767324,1,0.020559,1,-0.001869,1,146.615180761922,1,4.87018720790883,176,1,21.0020008087158,36.8349990844727,0.020558999851346,0.00747600011527538,141.381607055664,-86.179,25.344,77.4818368387406,63,63,63,63,61,63,-0.001869,8279,1.45687144005964,25,-86,0.001869,51,2024-12-12 06:28:35.000684,176,1.037,0.0011,"aoml_navis",1026.6545794955
"7901009",55,-0.00256577203534649,1,0.01869,1,-0.003738,1,146.630102444197,1,4.87009400437032,178,1,20.943000793457,36.8279991149902,0.0186899993568659,0.00560700008645654,141.39599609375,-86.179,25.344,77.4818368387406,63,63,63,63,61,63,-0.003738,8279,1.45687144005964,25,-86,0.001869,51,2024-12-12 06:28:35.000684,178,1.037,0.0011,"aoml_navis",1026.67422754327
"7901009",55,-0.00256577203534649,1,0.01869,1,-0.003738,1,146.897869896425,1,4.86994707548605,180,1,20.8290004730225,36.8160018920898,0.0186899993568659,0.00560700008645654,141.654205322266,-86.179,25.344,77.4818368387406,63,63,63,63,61,63,-0.003738,8279,1.45687144005964,25,-86,0.001869,51,2024-12-12 06:28:35.000684,180,1.037,0.0011,"aoml_navis",1026.70520284884
"7901009",55,-0.00384865805301973,1,0.016821,1,-0.005607,1,147.080791049229,1,4.86981848078188,182,1,20.7369995117188,36.806999206543,0.0168210007250309,0.00373800005763769,141.830596923828,-86.179,25.344,77.4818368387406,63,63,63,63,61,63,-0.005607,8279,1.45687144005964,25,-86,0.001869,51,2024-12-12 06:28:35.000684,182,1.037,0.0011,"aoml_navis",1026.73231450656
"7901009",55,-0.00256577203534649,1,0.01869,1,-0.003738,1,147.236653796212,1,4.86971517726349,184,1,20.6669998168945,36.798999786377,0.0186899993568659,0.00560700008645654,141.980895996094,-86.179,25.344,77.4818368387406,63,63,63,63,61,63,-0.003738,8279,1.45687144005964,25,-86,0.001869,51,2024-12-12 06:28:35.000684,184,1.037,0.0011,"aoml_navis",1026.75409505361
"7901009",55,-0.00128288601767324,1,0.020559,1,-0.001869,1,147.381218471993,1,4.8696440592862,186,1,20.6299991607666,36.7939987182617,0.020558999851346,0.00747600011527538,142.120300292969,-86.179,25.344,77.4818368387406,63,63,63,63,61,63,-0.001869,8279,1.45687144005964,25,-86,0.001869,51,2024-12-12 06:28:35.000684,186,1.037,0.0011,"aoml_navis",1026.7690901279
"7901009",55,-0.00128288601767324,1,0.020559,1,-0.001869,1,147.4680110778,1,4.86956547836209,188,1,20.5900001525879,36.7900009155273,0.020558999851346,0.00747600011527538,142.203994750977,-86.179,25.344,77.4818368387406,63,63,63,63,61,63,-0.001869,8279,1.45687144005964,25,-86,0.001869,51,2024-12-12 06:28:35.000684,188,1.037,0.0011,"aoml_navis",1026.785659258
"7901009",55,-0.00769731610603947,1,0.011214,1,-0.011214,1,147.67333848946,1,4.86949085460269,190,1,20.55299949646,36.7859992980957,0.0112140001729131,-0.00186900002881885,142.401992797852,-86.179,25.344,77.4818368387406,63,63,63,63,61,63,-0.011214,8279,1.45687144005964,25,-86,0.001869,51,2024-12-12 06:28:35.000684,190,1.037,0.0011,"aoml_navis",1026.80139449773
"7901009",55,-0.00641443008836622,1,0.013083,1,-0.009345,1,147.905012243631,1,4.86941314898235,192,1,20.507999420166,36.7799987792969,0.0130829997360706,0,142.625396728516,-86.179,25.344,77.4818368387406,63,63,63,63,61,63,-0.009345,8279,1.45687144005964,25,-86,0.001869,51,2024-12-12 06:28:35.000684,192,1.037,0.0011,"aoml_navis",1026.81778009429
"7901009",55,-0.00384865805301973,1,0.016821,1,-0.005607,1,148.076429618054,1,4.8693466483603,194,1,20.4799995422363,36.7770004272461,0.0168210007250309,0.00373800005763769,142.79069519043,-86.179,25.344,77.4818368387406,63,63,63,63,61,63,-0.005607,8279,1.45687144005964,25,-86,0.001869,51,2024-12-12 06:28:35.000684,194,1.037,0.0011,"aoml_navis",1026.8318033352
"7901009",55,-0.00384865805301973,1,0.016821,1,-0.005607,1,148.138758893218,1,4.86927449291861,196,1,20.4419994354248,36.7719993591309,0.0168210007250309,0.00373800005763769,142.850799560547,-86.179,25.344,77.4818368387406,63,63,63,63,61,63,-0.005607,8279,1.45687144005964,25,-86,0.001869,51,2024-12-12 06:28:35.000684,196,1.037,0.0011,"aoml_navis",1026.84701946286
"7901009",55,-0.00128288601767324,1,0.020559,1,-0.001869,1,148.522972432253,1,4.86918330486874,198,1,20.3780002593994,36.7630004882812,0.020558999851346,0.00747600011527538,143.221298217773,-86.179,25.344,77.4818368387406,63,63,63,63,61,63,-0.001869,8279,1.45687144005964,25,-86,0.001869,51,2024-12-12 06:28:35.000684,198,1.037,0.0011,"aoml_navis",1026.86624982889
"7901009",55,-0.00384865805301973,1,0.016821,1,-0.005607,1,148.821421901375,1,4.86903008890559,200,1,20.2600002288818,36.7519989013672,0.0168210007250309,0.00373800005763769,143.509094238281,-86.179,25.344,77.4818368387406,63,63,63,63,61,63,-0.005607,8279,1.45687144005964,25,-86,0.001869,51,2024-12-12 06:28:35.000684,200,1.037,0.0011,"aoml_navis",1026.89856269174
"7901009",55,-0.00128288601767324,1,0.020559,1,-0.001869,1,148.969198773869,1,4.86890767946485,202,1,20.1599998474121,36.7389984130859,0.020558999851346,0.00747600011527538,143.651596069336,-86.179,25.344,77.4818368387406,63,63,63,63,61,63,-0.001869,8279,1.45687144005964,25,-86,0.001869,51,2024-12-12 06:28:35.000684,202,1.037,0.0011,"aoml_navis",1026.9243799976
"7901009",55,-0.00384865805301973,1,0.016821,1,-0.005607,1,149.392196027915,1,4.86884398045485,203.899993896484,1,20.121000289917,36.7319984436035,0.0168210007250309,0.00373800005763769,144.059494018555,-86.179,25.344,77.4818368387406,63,63,63,63,61,63,-0.005607,8279,1.45687144005964,25,-86,0.001869,51,2024-12-12 06:28:35.000684,203.899993896484,1.037,0.0011,"aoml_navis",1026.93781523328
"7901009",55,-0.00384865805301973,1,0.016821,1,-0.005607,1,150.082343612653,1,4.8687521605614,206,1,20.0659999847412,36.726001739502,0.0168210007250309,0.00373800005763769,144.725006103516,-86.179,25.344,77.4818368387406,63,63,63,63,61,63,-0.005607,8279,1.45687144005964,25,-86,0.001869,51,2024-12-12 06:28:35.000684,206,1.037,0.0011,"aoml_navis",1026.95718227388
"7901009",55,-0.00256577203534649,1,0.01869,1,-0.003738,1,150.191226004733,1,4.86860270582102,208,1,19.94700050354,36.7140007019043,0.0186899993568659,0.00560700008645654,144.830001831055,-86.179,25.344,77.4818368387406,63,63,63,63,61,63,-0.003738,8279,1.45687144005964,25,-86,0.001869,51,2024-12-12 06:28:35.000684,208,1.037,0.0011,"aoml_navis",1026.98870746259
"7901009",55,-0.00384865805301973,1,0.016821,1,-0.005607,1,150.469041461462,1,4.86851927648514,210,1,19.8910007476807,36.7060012817383,0.0168210007250309,0.00373800005763769,145.097900390625,-86.179,25.344,77.4818368387406,63,63,63,63,61,63,-0.005607,8279,1.45687144005964,25,-86,0.001869,51,2024-12-12 06:28:35.000684,210,1.037,0.0011,"aoml_navis",1027.00630644515
"7901009",55,-0.00384865805301973,1,0.016821,1,-0.005607,1,150.601991593457,1,4.86843254221816,212,1,19.8379993438721,36.7000007629395,0.0168210007250309,0.00373800005763769,145.226104736328,-86.179,25.344,77.4818368387406,63,63,63,63,61,63,-0.005607,8279,1.45687144005964,25,-86,0.001869,51,2024-12-12 06:28:35.000684,212,1.037,0.0011,"aoml_navis",1027.02460322515
"7901009",55,-0.00769731610603947,1,0.011214,1,-0.011214,1,150.261641154385,1,4.86837143365756,214,1,19.8080005645752,36.6949996948242,0.0112140001729131,-0.00186900002881885,144.897903442383,-86.179,25.344,77.4818368387406,63,63,63,63,61,63,-0.011214,8279,1.45687144005964,25,-86,0.001869,51,2024-12-12 06:28:35.000684,214,1.037,0.0011,"aoml_navis",1027.0374945988
"7901009",55,-0.00513154407069298,1,0.014952,1,-0.007476,1,150.150780808663,1,4.86825996107227,216,1,19.7210006713867,36.6839981079102,0.0149520002305508,0.00186900002881885,144.791000366211,-86.179,25.344,77.4818368387406,63,63,63,63,61,63,-0.007476,8279,1.45687144005964,25,-86,0.001869,51,2024-12-12 06:28:35.000684,216,1.037,0.0011,"aoml_navis",1027.06101152797
"7901009",55,-0.00384865805301973,1,0.016821,1,-0.005607,1,150.027071676083,1,4.86819644030681,218,1,19.6889991760254,36.6790008544922,0.0168210007250309,0.00373800005763769,144.67170715332,-86.179,25.344,77.4818368387406,63,63,63,63,61,63,-0.005607,8279,1.45687144005964,25,-86,0.001869,51,2024-12-12 06:28:35.000684,218,1.037,0.0011,"aoml_navis",1027.07441273362
"7901009",55,-0.00513154407069298,1,0.014952,1,-0.007476,1,149.929170882623,1,4.86814719217286,220,1,19.673999786377,36.6759986877441,0.0149520002305508,0.00186900002881885,144.577301025391,-86.179,25.344,77.4818368387406,63,63,63,63,61,63,-0.007476,8279,1.45687144005964,25,-86,0.001869,51,2024-12-12 06:28:35.000684,220,1.037,0.0011,"aoml_navis",1027.08480303125
"7901009",55,-0.00513154407069298,1,0.014952,1,-0.007476,1,149.957685062325,1,4.86808449937289,222,1,19.6340007781982,36.6679992675781,0.0149520002305508,0.00186900002881885,144.604797363281,-86.179,25.344,77.4818368387406,63,63,63,63,61,63,-0.007476,8279,1.45687144005964,25,-86,0.001869,51,2024-12-12 06:28:35.000684,222,1.037,0.0011,"aoml_navis",1027.09803016856
"7901009",55,-0.00513154407069298,1,0.014952,1,-0.007476,1,150.098103947272,1,4.86802344930576,224,1,19.6009998321533,36.6619987487793,0.0149520002305508,0.00186900002881885,144.740203857422,-86.179,25.344,77.4818368387406,63,63,63,63,61,63,-0.007476,8279,1.45687144005964,25,-86,0.001869,51,2024-12-12 06:28:35.000684,224,1.037,0.0011,"aoml_navis",1027.110911044
"7901009",55,0,1,0.013083,1,-0.009345,1,150.791859319452,1,4.86788584970877,226,1,19.4839992523193,36.6479988098145,0.0130829997360706,0,145.409194946289,-86.179,25.344,77.4818368387406,63,63,63,63,61,63,0,8279,1.45687144005964,25,-86,0.001869,51,2024-12-12 06:28:35.000684,226,1.037,0.0011,"aoml_navis",1027.13994419141
"7901009",55,0,1,0.013083,1,-0.009345,1,151.355797638206,1,4.86780215088202,228,1,19.4270000457764,36.6399993896484,0.0130829997360706,0,145.953002929688,-86.179,25.344,77.4818368387406,63,63,63,63,61,63,0,8279,1.45687144005964,25,-86,0.001869,51,2024-12-12 06:28:35.000684,228,1.037,0.0011,"aoml_navis",1027.15760522313
"7901009",55,0,1,0.013083,1,-0.009345,1,151.566615849176,1,4.8677399270497,229.899993896484,1,19.3969993591309,36.6360015869141,0.0130829997360706,0,146.156295776367,-86.179,25.344,77.4818368387406,63,63,63,63,61,63,0,8279,1.45687144005964,25,-86,0.001869,51,2024-12-12 06:28:35.000684,229.899993896484,1.037,0.0011,"aoml_navis",1027.170735276
"7901009",55,0,1,0.013083,1,-0.009345,1,151.640559668126,1,4.86764024310396,232,1,19.3199996948242,36.625,0.0130829997360706,0,146.227600097656,-86.179,25.344,77.4818368387406,63,63,63,63,61,63,0,8279,1.45687144005964,25,-86,0.001869,51,2024-12-12 06:28:35.000684,232,1.037,0.0011,"aoml_navis",1027.19177060867
"7901009",55,0,1,0.016821,1,-0.005607,1,151.914640748379,1,4.86753911403649,234,1,19.2399997711182,36.6139984130859,0.0168210007250309,0,146.491897583008,-86.179,25.344,77.4818368387406,63,63,63,63,61,63,0,8279,1.45687144005964,25,-86,0.001869,51,2024-12-12 06:28:35.000684,234,1.037,0.0011,"aoml_navis",1027.21311177172
"7901009",55,0,1,0.016821,1,-0.005607,1,152.363984344935,1,4.8674673469326,236,1,19.1979999542236,36.6080017089844,0.0168210007250309,0,146.925201416016,-86.179,25.344,77.4818368387406,63,63,63,63,61,63,0,8279,1.45687144005964,25,-86,0.001869,51,2024-12-12 06:28:35.000684,236,1.037,0.0011,"aoml_navis",1027.22825724777
"7901009",55,0,1,0.013083,1,-0.009345,1,152.747580762434,1,4.86736680618432,238,1,19.1240005493164,36.5989990234375,0.0130829997360706,0,147.295104980469,-86.179,25.344,77.4818368387406,63,63,63,63,61,63,0,8279,1.45687144005964,25,-86,0.001869,51,2024-12-12 06:28:35.000684,238,1.037,0.0011,"aoml_navis",1027.24947576319
"7901009",55,0,1,0.016821,1,-0.005607,1,152.83769633036,1,4.86730162055255,240,1,19.0930004119873,36.5950012207031,0.0168210007250309,0,147.38200378418,-86.179,25.344,77.4818368387406,63,63,63,63,61,63,0,8279,1.45687144005964,25,-86,0.001869,51,2024-12-12 06:28:35.000684,240,1.037,0.0011,"aoml_navis",1027.26323326402
"7901009",55,0,1,0.014952,1,-0.007476,1,152.707546980721,1,4.86722895735299,242,1,19.05299949646,36.5900001525879,0.0149520002305508,0,147.256500244141,-86.179,25.344,77.4818368387406,63,63,63,63,61,63,0,8279,1.45687144005964,25,-86,0.001869,51,2024-12-12 06:28:35.000684,242,1.037,0.0011,"aoml_navis",1027.27856934826
"7901009",55,0,1,0.014952,1,-0.007476,1,152.20138073194,1,4.86716995628472,244,1,19.0240001678467,36.5849990844727,0.0149520002305508,0,146.768402099609,-86.179,25.344,77.4818368387406,63,63,63,63,61,63,0,8279,1.45687144005964,25,-86,0.001869,51,2024-12-12 06:28:35.000684,244,1.037,0.0011,"aoml_navis",1027.29102227954
"7901009",55,0,1,0.014952,1,-0.007476,1,151.120183800381,1,4.86712315989107,246,1,18.9990005493164,36.5779991149902,0.0149520002305508,0,145.725799560547,-86.179,25.344,77.4818368387406,63,63,63,63,61,63,0,8279,1.45687144005964,25,-86,0.001869,51,2024-12-12 06:28:35.000684,246,1.037,0.0011,"aoml_navis",1027.3008994726
"7901009",55,0,1,0.016821,1,-0.005607,1,149.817171235603,1,4.86700999728402,248,1,18.8819999694824,36.5579986572266,0.0168210007250309,0,144.469299316406,-86.179,25.344,77.4818368387406,63,63,63,63,61,63,0,8279,1.45687144005964,25,-86,0.001869,51,2024-12-12 06:28:35.000684,248,1.037,0.0011,"aoml_navis",1027.32478519465
"7901009",55,0,1,0.016821,1,-0.005607,1,148.648248104117,1,4.86690596974357,250,1,18.7719993591309,36.5379981994629,0.0168210007250309,0,143.342102050781,-86.179,25.344,77.4818368387406,63,63,63,63,61,63,0,8279,1.45687144005964,25,-86,0.001869,51,2024-12-12 06:28:35.000684,250,1.037,0.0011,"aoml_navis",1027.34674371846
"7901009",55,0,1,0.01869,1,-0.003738,1,147.766049132564,1,4.86676669736607,252,1,18.6119995117188,36.5110015869141,0.0186899993568659,0,142.491394042969,-86.179,25.344,77.4818368387406,63,63,63,63,61,63,0,8279,1.45687144005964,25,-86,0.001869,51,2024-12-12 06:28:35.000684,252,1.037,0.0011,"aoml_navis",1027.37614332449
"7901009",55,0,1,0.014952,1,-0.007476,1,147.88032738218,1,4.866611517218,254,1,18.4409999847412,36.4850006103516,0.0149520002305508,0,142.601593017578,-86.179,25.344,77.4818368387406,63,63,63,63,61,63,0,8279,1.45687144005964,25,-86,0.001869,51,2024-12-12 06:28:35.000684,254,1.037,0.0011,"aoml_navis",1027.40890295231
"7901009",55,0,1,0.016821,1,-0.005607,1,147.720429609767,1,4.86654828605608,256,1,18.3990001678467,36.4770011901855,0.0168210007250309,0,142.447402954102,-86.179,25.344,77.4818368387406,63,63,63,63,61,63,0,8279,1.45687144005964,25,-86,0.001869,51,2024-12-12 06:28:35.000684,256,1.037,0.0011,"aoml_navis",1027.4222520973
"7901009",55,0,1,0.016821,1,-0.005607,1,147.502759767381,1,4.86646454846574,258,1,18.3309993743896,36.4659996032715,0.0168210007250309,0,142.237503051758,-86.179,25.344,77.4818368387406,63,63,63,63,61,63,0,8279,1.45687144005964,25,-86,0.001869,51,2024-12-12 06:28:35.000684,258,1.037,0.0011,"aoml_navis",1027.43993102269
"7901009",55,0,1,0.020559,1,-0.001869,1,147.290786431484,1,4.86633045161353,260,1,18.19700050354,36.4469985961914,0.020558999851346,0,142.033096313477,-86.179,25.344,77.4818368387406,63,63,63,63,61,63,0,8279,1.45687144005964,25,-86,0.001869,51,2024-12-12 06:28:35.000684,260,1.037,0.0011,"aoml_navis",1027.46824321027
"7901009",55,0,1,0.01869,1,-0.003738,1,147.112833898229,1,4.86621381694023,262,1,18.0799999237061,36.4290008544922,0.0186899993568659,0,141.86149597168,-86.179,25.344,77.4818368387406,63,63,63,63,61,63,0,8279,1.45687144005964,25,-86,0.001869,51,2024-12-12 06:28:35.000684,262,1.037,0.0011,"aoml_navis",1027.49286983528
"7901009",55,0,1,0.016821,1,-0.005607,1,146.786803843524,1,4.86613925053302,264,1,18.0249996185303,36.4199981689453,0.0168210007250309,0,141.547103881836,-86.179,25.344,77.4818368387406,63,63,63,63,61,63,0,8279,1.45687144005964,25,-86,0.001869,51,2024-12-12 06:28:35.000684,264,1.037,0.0011,"aoml_navis",1027.50861464811
"7901009",55,0,1,0.014952,1,-0.007476,1,146.261760005184,1,4.86608378363613,266,1,17.9950008392334,36.4140014648438,0.0149520002305508,0,141.040802001953,-86.179,25.344,77.4818368387406,63,63,63,63,61,63,0,8279,1.45687144005964,25,-86,0.001869,51,2024-12-12 06:28:35.000684,266,1.037,0.0011,"aoml_navis",1027.52032688262
"7901009",55,0,1,0.014952,1,-0.007476,1,146.009135766039,1,4.86601305958611,268,1,17.9370002746582,36.4029998779297,0.0149520002305508,0,140.79719543457,-86.179,25.344,77.4818368387406,63,63,63,63,61,63,0,8279,1.45687144005964,25,-86,0.001869,51,2024-12-12 06:28:35.000684,268,1.037,0.0011,"aoml_navis",1027.5352611621
"7901009",55,0,1,0.01869,1,-0.003738,1,146.403618840383,1,4.86590811403457,270,1,17.8409996032715,36.3889999389648,0.0186899993568659,0,141.177597045898,-86.179,25.344,77.4818368387406,63,63,63,63,61,63,0,8279,1.45687144005964,25,-86,0.001869,51,2024-12-12 06:28:35.000684,270,1.037,0.0011,"aoml_navis",1027.55742254538
"7901009",55,0,1,0.016821,1,-0.005607,1,147.083069651825,1,4.86584110967664,272,1,17.7950000762939,36.3810005187988,0.0168210007250309,0,141.832794189453,-86.179,25.344,77.4818368387406,63,63,63,63,61,63,0,8279,1.45687144005964,25,-86,0.001869,51,2024-12-12 06:28:35.000684,272,1.037,0.0011,"aoml_navis",1027.57157237555
"7901009",55,0,1,0.01869,1,-0.003738,1,147.95188183313,1,4.86577517836343,274,1,17.7590007781982,36.3759994506836,0.0186899993568659,0,142.670593261719,-86.179,25.344,77.4818368387406,63,63,63,63,61,63,0,8279,1.45687144005964,25,-86,0.001869,51,2024-12-12 06:28:35.000684,274,1.037,0.0011,"aoml_navis",1027.58549598293
"7901009",55,0,1,0.014952,1,-0.007476,1,149.146945599947,1,4.86565672516713,276,1,17.6509990692139,36.3619995117188,0.0149520002305508,0,143.822998046875,-86.179,25.344,77.4818368387406,63,63,63,63,61,63,0,8279,1.45687144005964,25,-86,0.001869,51,2024-12-12 06:28:35.000684,276,1.037,0.0011,"aoml_navis",1027.61051229487
"7901009",55,0,1,0.014952,1,-0.007476,1,149.913932727765,1,4.86557565199199,278,1,17.6019992828369,36.3569984436035,0.0149520002305508,0,144.562606811523,-86.179,25.344,77.4818368387406,63,63,63,63,61,63,0,8279,1.45687144005964,25,-86,0.001869,51,2024-12-12 06:28:35.000684,278,1.037,0.0011,"aoml_navis",1027.62763496504
"7901009",55,0,1,0.016821,1,-0.005607,1,150.058592345321,1,4.86549447858083,280,1,17.5590000152588,36.3540000915527,0.0168210007250309,0,144.702102661133,-86.179,25.344,77.4818368387406,63,63,63,63,61,63,0,8279,1.45687144005964,25,-86,0.001869,51,2024-12-12 06:28:35.000684,280,1.037,0.0011,"aoml_navis",1027.64477937675
"7901009",55,0,1,0.014952,1,-0.007476,1,149.729650742855,1,4.8654520368289,282,1,17.5550003051758,36.3530006408691,0.0149520002305508,0,144.384902954102,-86.179,25.344,77.4818368387406,63,63,63,63,61,63,0,8279,1.45687144005964,25,-86,0.001869,51,2024-12-12 06:28:35.000684,282,1.037,0.0011,"aoml_navis",1027.65374360957
"7901009",55,0,1,0.01869,1,-0.003738,1,148.90459089611,1,4.86540752534029,284,1,17.5400009155273,36.3489990234375,0.0186899993568659,0,143.589294433594,-86.179,25.344,77.4818368387406,63,63,63,63,61,63,0,8279,1.45687144005964,25,-86,0.001869,51,2024-12-12 06:28:35.000684,284,1.037,0.0011,"aoml_navis",1027.66314516486
"7901009",55,0,1,0.014952,1,-0.007476,1,147.914553891999,1,4.86530769607442,286,1,17.4440002441406,36.3339996337891,0.0149520002305508,0,142.63459777832,-86.179,25.344,77.4818368387406,63,63,63,63,61,63,0,8279,1.45687144005964,25,-86,0.001869,51,2024-12-12 06:28:35.000684,286,1.037,0.0011,"aoml_navis",1027.68423136614
"7901009",55,0,1,0.013083,1,-0.009345,1,147.135762336846,1,4.86520507984736,288,1,17.3360004425049,36.3160018920898,0.0130829997360706,0,141.883605957031,-86.179,25.344,77.4818368387406,63,63,63,63,61,63,0,8279,1.45687144005964,25,-86,0.001869,51,2024-12-12 06:28:35.000684,288,1.037,0.0011,"aoml_navis",1027.70590713863
"7901009",55,0,1,0.014952,1,-0.007476,1,146.194557052247,1,4.8651372711025,290,1,17.2730007171631,36.3030014038086,0.0149520002305508,0,140.975997924805,-86.179,25.344,77.4818368387406,63,63,63,63,61,63,0,8279,1.45687144005964,25,-86,0.001869,51,2024-12-12 06:28:35.000684,290,1.037,0.0011,"aoml_navis",1027.72023097859
"7901009",55,0,1,0.014952,1,-0.007476,1,145.693786661001,1,4.86502640233679,292,1,17.1509990692139,36.2830009460449,0.0149520002305508,0,140.493103027344,-86.179,25.344,77.4818368387406,63,63,63,63,61,63,0,8279,1.45687144005964,25,-86,0.001869,51,2024-12-12 06:28:35.000684,292,1.037,0.0011,"aoml_navis",1027.74365162713
"7901009",55,0,1,0.016821,1,-0.005607,1,145.615902758397,1,4.86497760344103,294,1,17.128999710083,36.2779998779297,0.0168210007250309,0,140.417999267578,-86.179,25.344,77.4818368387406,63,63,63,63,61,63,0,8279,1.45687144005964,25,-86,0.001869,51,2024-12-12 06:28:35.000684,294,1.037,0.0011,"aoml_navis",1027.75396056571
"7901009",55,0,1,0.01869,1,-0.003738,1,145.664117356372,1,4.86493301626761,296,1,17.1200008392334,36.2760009765625,0.0186899993568659,0,140.464492797852,-86.179,25.344,77.4818368387406,63,63,63,63,61,63,0,8279,1.45687144005964,25,-86,0.001869,51,2024-12-12 06:28:35.000684,296,1.037,0.0011,"aoml_navis",1027.76337994393
"7901009",55,0,1,0.011214,1,-0.011214,1,145.693375246643,1,4.86488728467767,298,1,17.1100006103516,36.273998260498,0.0112140001729131,0,140.492706298828,-86.179,25.344,77.4818368387406,63,63,63,63,61,63,0,8279,1.45687144005964,25,-86,0.001869,51,2024-12-12 06:28:35.000684,298,1.037,0.0011,"aoml_navis",1027.77304126817
"7901009",55,0,1,0.016821,1,-0.005607,1,145.636853243372,1,4.86481448113038,300,1,17.0610008239746,36.2669982910156,0.0168210007250309,0,140.438201904297,-86.179,25.344,77.4818368387406,63,63,63,63,61,63,0,8279,1.45687144005964,25,-86,0.001869,51,2024-12-12 06:28:35.000684,300,1.037,0.0011,"aoml_navis",1027.78842222946
"7901009",55,0,1,0.016821,1,-0.005607,1,145.452571258462,1,4.86471714437897,302,1,16.9750003814697,36.2550010681152,0.0168210007250309,0,140.260498046875,-86.179,25.344,77.4818368387406,63,63,63,63,61,63,0,8279,1.45687144005964,25,-86,0.001869,51,2024-12-12 06:28:35.000684,302,1.037,0.0011,"aoml_navis",1027.80898695772
"7901009",55,0,1,0.016821,1,-0.005607,1,145.133282069769,1,4.86465382215623,304,1,16.9340000152588,36.2480010986328,0.0168210007250309,0,139.952606201172,-86.179,25.344,77.4818368387406,63,63,63,63,61,63,0,8279,1.45687144005964,25,-86,0.001869,51,2024-12-12 06:28:35.000684,304,1.037,0.0011,"aoml_navis",1027.82236574108
"7901009",55,0,1,0.016821,1,-0.005607,1,144.48690264322,1,4.8646032323594,306,1,16.9039993286133,36.2410011291504,0.0168210007250309,0,139.329299926758,-86.179,25.344,77.4818368387406,63,63,63,63,61,63,0,8279,1.45687144005964,25,-86,0.001869,51,2024-12-12 06:28:35.000684,306,1.037,0.0011,"aoml_navis",1027.83305465489
"7901009",55,0,1,0.014952,1,-0.007476,1,143.778621179493,1,4.86452906620438,308,1,16.8439998626709,36.2309989929199,0.0149520002305508,0,138.646301269531,-86.179,25.344,77.4818368387406,63,63,63,63,61,63,0,8279,1.45687144005964,25,-86,0.001869,51,2024-12-12 06:28:35.000684,308,1.037,0.0011,"aoml_navis",1027.84872532406
"7901009",55,0,1,0.014952,1,-0.007476,1,143.176009911132,1,4.8644317173994,310,1,16.7509994506836,36.2169990539551,0.0149520002305508,0,138.065200805664,-86.179,25.344,77.4818368387406,63,63,63,63,61,63,0,8279,1.45687144005964,25,-86,0.001869,51,2024-12-12 06:28:35.000684,310,1.037,0.0011,"aoml_navis",1027.86929501255
"7901009",55,0,1,0.011214,1,-0.011214,1,142.86915809494,1,4.86433989394259,312,1,16.6529998779297,36.2000007629395,0.0112140001729131,0,137.769302368164,-86.179,25.344,77.4818368387406,63,63,63,63,61,63,0,8279,1.45687144005964,25,-86,0.001869,51,2024-12-12 06:28:35.000684,312,1.037,0.0011,"aoml_navis",1027.88869795598
"7901009",55,0,1,0.013083,1,-0.009345,1,142.629398466281,1,4.86426519102216,314,1,16.5919990539551,36.189998626709,0.0130829997360706,0,137.538101196289,-86.179,25.344,77.4818368387406,63,63,63,63,61,63,0,8279,1.45687144005964,25,-86,0.001869,51,2024-12-12 06:28:35.000684,314,1.037,0.0011,"aoml_navis",1027.90448374985
"7901009",55,0,1,0.016821,1,-0.005607,1,142.444087945477,1,4.86421364641836,316,1,16.5639991760254,36.1839981079102,0.0168210007250309,0,137.359405517578,-86.179,25.344,77.4818368387406,63,63,63,63,61,63,0,8279,1.45687144005964,25,-86,0.001869,51,2024-12-12 06:28:35.000684,316,1.037,0.0011,"aoml_navis",1027.9153761434
"7901009",55,0,1,0.024297,1,0.001869,1,142.338196219303,1,4.86413211048726,318,1,16.5,36.1749992370605,0.0242970008403063,0,137.257293701172,-86.179,25.344,77.4818368387406,63,63,63,63,61,63,0,8279,1.45687144005964,25,-86,0.001869,51,2024-12-12 06:28:35.000684,318,1.037,0.0011,"aoml_navis",1027.93260676859
"7901009",55,0,1,0.01869,1,-0.003738,1,142.062358716216,1,4.86406864053612,320,1,16.4549999237061,36.1669998168945,0.0186899993568659,0,136.991302490234,-86.179,25.344,77.4818368387406,63,63,63,63,61,63,0,8279,1.45687144005964,25,-86,0.001869,51,2024-12-12 06:28:35.000684,320,1.037,0.0011,"aoml_navis",1027.94601999056
"7901009",55,0,1,0.01869,1,-0.003738,1,142.005520240362,1,4.86399303559105,322,1,16.3959999084473,36.1580009460449,0.0186899993568659,0,136.936492919922,-86.179,25.344,77.4818368387406,63,63,63,63,61,63,0,8279,1.45687144005964,25,-86,0.001869,51,2024-12-12 06:28:35.000684,322,1.037,0.0011,"aoml_navis",1027.96199818005
"7901009",55,0,1,0.01869,1,-0.003738,1,141.751139578382,1,4.86394146232405,324,1,16.371000289917,36.1529998779297,0.0186899993568659,0,136.691192626953,-86.179,25.344,77.4818368387406,63,63,63,63,61,63,0,8279,1.45687144005964,25,-86,0.001869,51,2024-12-12 06:28:35.000684,324,1.037,0.0011,"aoml_navis",1027.97289785041
"7901009",55,0,1,0.014952,1,-0.007476,1,141.425109523678,1,4.86388539307166,326,1,16.3419990539551,36.1479988098145,0.0149520002305508,0,136.376800537109,-86.179,25.344,77.4818368387406,63,63,63,63,61,63,0,8279,1.45687144005964,25,-86,0.001869,51,2024-12-12 06:28:35.000684,326,1.037,0.0011,"aoml_navis",1027.98474797992
"7901009",55,0,1,0.016821,1,-0.005607,1,141.065580846094,1,4.86381906443792,328,1,16.2910003662109,36.1389999389648,0.0168210007250309,0,136.03010559082,-86.179,25.344,77.4818368387406,63,63,63,63,61,63,0,8279,1.45687144005964,25,-86,0.001869,51,2024-12-12 06:28:35.000684,328,1.037,0.0011,"aoml_navis",1027.99876676289
"7901009",55,0,1,0.016821,1,-0.005607,1,140.703140620749,1,4.86373397127316,330,1,16.2199993133545,36.1290016174316,0.0168210007250309,0,135.680603027344,-86.179,25.344,77.4818368387406,63,63,63,63,61,63,0,8279,1.45687144005964,25,-86,0.001869,51,2024-12-12 06:28:35.000684,330,1.037,0.0011,"aoml_navis",1028.0167520534
"7901009",55,0,1,0.01869,1,-0.003738,1,140.359783692142,1,4.86365721136635,332,1,16.1529998779297,36.1180000305176,0.0186899993568659,0,135.349502563477,-86.179,25.344,77.4818368387406,63,63,63,63,61,63,0,8279,1.45687144005964,25,-86,0.001869,51,2024-12-12 06:28:35.000684,332,1.037,0.0011,"aoml_navis",1028.03297656649
"7901009",55,0,1,0.01869,1,-0.003738,1,140.118473347828,1,4.86358370062829,334,1,16.0919990539551,36.1080017089844,0.0186899993568659,0,135.116806030273,-86.179,25.344,77.4818368387406,63,63,63,63,61,63,0,8279,1.45687144005964,25,-86,0.001869,51,2024-12-12 06:28:35.000684,334,1.037,0.0011,"aoml_navis",1028.04851479252
"7901009",55,0,1,0.014952,1,-0.007476,1,139.824992498255,1,4.8635134254313,336,1,16.0370006561279,36.0989990234375,0.0149520002305508,0,134.833801269531,-86.179,25.344,77.4818368387406,63,63,63,63,61,63,0,8279,1.45687144005964,25,-86,0.001869,51,2024-12-12 06:28:35.000684,336,1.037,0.0011,"aoml_navis",1028.06336954988
"7901009",55,0,1,0.01869,1,-0.003738,1,139.509010448051,1,4.86345717721727,338,1,16.0009994506836,36.0919990539551,0.0186899993568659,0,134.529098510742,-86.179,25.344,77.4818368387406,63,63,63,63,61,63,0,8279,1.45687144005964,25,-86,0.001869,51,2024-12-12 06:28:35.000684,338,1.037,0.0011,"aoml_navis",1028.07525959566
"7901009",55,0,1,0.016821,1,-0.005607,1,139.174578046276,1,4.86340320860141,340,1,15.9670000076294,36.0849990844727,0.0168210007250309,0,134.206604003906,-86.179,25.344,77.4818368387406,63,63,63,63,61,63,0,8279,1.45687144005964,25,-86,0.001869,51,2024-12-12 06:28:35.000684,340,1.037,0.0011,"aoml_navis",1028.08666802641
"7901009",55,0,1,0.022428,1,0,1,139.02846265484,1,4.86333570667631,342,1,15.91100025177,36.0750007629395,0.0224280003458261,0,134.065704345703,-86.179,25.344,77.4818368387406,63,63,63,63,61,63,0,8279,1.45687144005964,25,-86,0.001869,51,2024-12-12 06:28:35.000684,342,1.037,0.0011,"aoml_navis",1028.10093762108
"7901009",55,0,1,0.016821,1,-0.005607,1,139.13973441492,1,4.86325774033877,344,1,15.8520002365112,36.0670013427734,0.0168210007250309,0,134.173004150391,-86.179,25.344,77.4818368387406,63,63,63,63,61,63,0,8279,1.45687144005964,25,-86,0.001869,51,2024-12-12 06:28:35.000684,344,1.037,0.0011,"aoml_navis",1028.11741983712
"7901009",55,0,1,0.01869,1,-0.003738,1,139.128531285492,1,4.86318673551863,346,1,15.8090000152588,36.0620002746582,0.0186899993568659,0,134.162200927734,-86.179,25.344,77.4818368387406,63,63,63,63,61,63,0,8279,1.45687144005964,25,-86,0.001869,51,2024-12-12 06:28:35.000684,346,1.037,0.0011,"aoml_navis",1028.13243083638
"7901009",55,0,1,0.014952,1,-0.007476,1,138.764746051671,1,4.86313872459973,348,1,15.789999961853,36.0579986572266,0.0149520002305508,0,133.811401367188,-86.179,25.344,77.4818368387406,63,63,63,63,61,63,0,8279,1.45687144005964,25,-86,0.001869,51,2024-12-12 06:28:35.000684,348,1.037,0.0011,"aoml_navis",1028.1425809854
"7901009",55,0,1,0.020559,1,-0.001869,1,138.314674568174,1,4.86306356327144,350,1,15.7299995422363,36.048999786377,0.020558999851346,0,133.377395629883,-86.179,25.344,77.4818368387406,63,63,63,63,61,63,0,8279,1.45687144005964,25,-86,0.001869,51,2024-12-12 06:28:35.000684,350,1.037,0.0011,"aoml_navis",1028.15847149578
"7901009",55,0,1,0.022428,1,0,1,137.873638376914,1,4.86297588014111,352,1,15.6420001983643,36.0349998474121,0.0224280003458261,0,132.952102661133,-86.179,25.344,77.4818368387406,63,63,63,63,61,63,0,8279,1.45687144005964,25,-86,0.001869,51,2024-12-12 06:28:35.000684,352,1.037,0.0011,"aoml_navis",1028.17700997006
"7901009",55,0,1,0.022428,1,0,1,136.88660786234,1,4.86291942094402,354,1,15.6020002365112,36.0270004272461,0.0224280003458261,0,132.000305175781,-86.179,25.344,77.4818368387406,63,63,63,63,61,63,0,8279,1.45687144005964,25,-86,0.001869,51,2024-12-12 06:28:35.000684,354,1.037,0.0011,"aoml_navis",1028.1889472537
"7901009",55,0,1,0.01869,1,-0.003738,1,135.762481424936,1,4.86286001021246,356,1,15.5459995269775,36.0149993896484,0.0186899993568659,0,130.916305541992,-86.179,25.344,77.4818368387406,63,63,63,63,61,63,0,8279,1.45687144005964,25,-86,0.001869,51,2024-12-12 06:28:35.000684,356,1.037,0.0011,"aoml_navis",1028.20150888562
"7901009",55,0,1,0.014952,1,-0.007476,1,134.936076569714,1,4.86276492210729,358,1,15.423999786377,35.9930000305176,0.0149520002305508,0,130.119400024414,-86.179,25.344,77.4818368387406,63,63,63,63,61,63,0,8279,1.45687144005964,25,-86,0.001869,51,2024-12-12 06:28:35.000684,358,1.037,0.0011,"aoml_navis",1028.22161467621
"7901009",55,0,1,0.016821,1,-0.005607,1,133.585672235676,1,4.86271100624412,360,1,15.3760004043579,35.9819984436035,0.0168210007250309,0,128.817199707031,-86.179,25.344,77.4818368387406,63,63,63,63,61,63,0,8279,1.45687144005964,25,-86,0.001869,51,2024-12-12 06:28:35.000684,360,1.037,0.0011,"aoml_navis",1028.2330152007
"7901009",55,0,1,0.016821,1,-0.005607,1,132.813305073951,1,4.86262464930541,362,1,15.2779998779297,35.9650001525879,0.0168210007250309,0,128.072402954102,-86.179,25.344,77.4818368387406,63,63,63,63,61,63,0,8279,1.45687144005964,25,-86,0.001869,51,2024-12-12 06:28:35.000684,362,1.037,0.0011,"aoml_navis",1028.25127592651
"7901009",55,0,1,0.01869,1,-0.003738,1,132.468698078641,1,4.8625724848897,364,1,15.2279996871948,35.9529991149902,0.0186899993568659,0,127.740097045898,-86.179,25.344,77.4818368387406,63,63,63,63,61,63,0,8279,1.45687144005964,25,-86,0.001869,51,2024-12-12 06:28:35.000684,364,1.037,0.0011,"aoml_navis",1028.26230673935
"7901009",55,0,1,0.022428,1,0,1,132.182899601014,1,4.86251677472692,366,1,15.1780004501343,35.9420013427734,0.0224280003458261,0,127.464500427246,-86.179,25.344,77.4818368387406,63,63,63,63,61,63,0,8279,1.45687144005964,25,-86,0.001869,51,2024-12-12 06:28:35.000684,366,1.037,0.0011,"aoml_navis",1028.27408760575
"7901009",55,0,1,0.020559,1,-0.001869,1,132.320929117961,1,4.86241776306304,368,1,15.081000328064,35.9290008544922,0.020558999851346,0,127.597602844238,-86.179,25.344,77.4818368387406,63,63,63,63,61,63,0,8279,1.45687144005964,25,-86,0.001869,51,2024-12-12 06:28:35.000684,368,1.037,0.0011,"aoml_navis",1028.29502598113
"7901009",55,0,1,0.016821,1,-0.005607,1,132.595318758982,1,4.86234582924983,370,1,15.0190000534058,35.9189987182617,0.0168210007250309,0,127.862197875977,-86.179,25.344,77.4818368387406,63,63,63,63,61,63,0,8279,1.45687144005964,25,-86,0.001869,51,2024-12-12 06:28:35.000684,370,1.037,0.0011,"aoml_navis",1028.31023863463
"7901009",55,0,1,0.016821,1,-0.005607,1,132.84223066801,1,4.86229257575764,372,1,14.9980001449585,35.9160003662109,0.0168210007250309,0,128.100296020508,-86.179,25.344,77.4818368387406,63,63,63,63,61,63,0,8279,1.45687144005964,25,-86,0.001869,51,2024-12-12 06:28:35.000684,372,1.037,0.0011,"aoml_navis",1028.32150104026
"7901009",55,0,1,0.020559,1,-0.001869,1,133.119318237799,1,4.8622322568116,374,1,14.9670000076294,35.9119987487793,0.020558999851346,0,128.367492675781,-86.179,25.344,77.4818368387406,63,63,63,63,61,63,0,8279,1.45687144005964,25,-86,0.001869,51,2024-12-12 06:28:35.000684,374,1.037,0.0011,"aoml_navis",1028.33425799341
"7901009",55,0,1,0.01869,1,-0.003738,1,133.666863276769,1,4.86215889228582,376,1,14.9169998168945,35.9059982299805,0.0186899993568659,0,128.895492553711,-86.179,25.344,77.4818368387406,63,63,63,63,61,63,0,8279,1.45687144005964,25,-86,0.001869,51,2024-12-12 06:28:35.000684,376,1.037,0.0011,"aoml_navis",1028.3497744043
"7901009",55,0,1,0.01869,1,-0.003738,1,133.911607348605,1,4.86210807806686,378,1,14.9049997329712,35.9049987792969,0.0186899993568659,0,129.131500244141,-86.179,25.344,77.4818368387406,63,63,63,63,61,63,0,8279,1.45687144005964,25,-86,0.001869,51,2024-12-12 06:28:35.000684,378,1.037,0.0011,"aoml_navis",1028.36052175705
"7901009",55,0,1,0.020559,1,-0.001869,1,134.047453204732,1,4.86206534656948,379.899993896484,1,14.9020004272461,35.9049987792969,0.020558999851346,0,129.262496948242,-86.179,25.344,77.4818368387406,63,63,63,63,61,63,0,8279,1.45687144005964,25,-86,0.001869,51,2024-12-12 06:28:35.000684,379.899993896484,1.037,0.0011,"aoml_navis",1028.36955976494
"7901009",55,0,1,0.016821,1,-0.005607,1,133.913585302247,1,4.86201696123406,382,1,14.9010000228882,35.9059982299805,0.0168210007250309,0,129.133407592773,-86.179,25.344,77.4818368387406,63,63,63,63,61,63,0,8279,1.45687144005964,25,-86,0.001869,51,2024-12-12 06:28:35.000684,382,1.037,0.0011,"aoml_navis",1028.37979379054
"7901009",55,0,1,0.01869,1,-0.003738,1,133.5374576377,1,4.86197728245296,384,1,14.8959999084473,35.9039993286133,0.0186899993568659,0,128.770706176758,-86.179,25.344,77.4818368387406,63,63,63,63,61,63,0,8279,1.45687144005964,25,-86,0.001869,51,2024-12-12 06:28:35.000684,384,1.037,0.0011,"aoml_navis",1028.38818643706
"7901009",55,0,1,0.01869,1,-0.003738,1,133.029424200681,1,4.86192007171544,386,1,14.8610000610352,35.8979988098145,0.0186899993568659,0,128.280807495117,-86.179,25.344,77.4818368387406,63,63,63,63,61,63,0,8279,1.45687144005964,25,-86,0.001869,51,2024-12-12 06:28:35.000684,386,1.037,0.0011,"aoml_navis",1028.4002875917
"7901009",55,0,1,0.01869,1,-0.003738,1,132.928105503328,1,4.86183655223281,388,1,14.7740001678467,35.8839988708496,0.0186899993568659,0,128.18310546875,-86.179,25.344,77.4818368387406,63,63,63,63,61,63,0,8279,1.45687144005964,25,-86,0.001869,51,2024-12-12 06:28:35.000684,388,1.037,0.0011,"aoml_navis",1028.4179540556
"7901009",55,0,1,0.01869,1,-0.003738,1,132.850538073306,1,4.86178270106679,390,1,14.7419996261597,35.8779983520508,0.0186899993568659,0,128.108306884766,-86.179,25.344,77.4818368387406,63,63,63,63,61,63,0,8279,1.45687144005964,25,-86,0.001869,51,2024-12-12 06:28:35.000684,390,1.037,0.0011,"aoml_navis",1028.42934524879
"7901009",55,0,1,0.022428,1,0,1,132.877596479128,1,4.86171977615239,392,1,14.6979999542236,35.8709983825684,0.0224280003458261,0,128.134399414062,-86.179,25.344,77.4818368387406,63,63,63,63,61,63,0,8279,1.45687144005964,25,-86,0.001869,51,2024-12-12 06:28:35.000684,392,1.037,0.0011,"aoml_navis",1028.44265614113
"7901009",55,0,1,0.020559,1,-0.001869,1,132.879985847127,1,4.8616528217702,394,1,14.6569995880127,35.8660011291504,0.020558999851346,0,128.136703491211,-86.179,25.344,77.4818368387406,63,63,63,63,61,63,0,8279,1.45687144005964,25,-86,0.001869,51,2024-12-12 06:28:35.000684,394,1.037,0.0011,"aoml_navis",1028.45681978982
"7901009",55,0,1,0.016821,1,-0.005607,1,132.871172085699,1,4.86158958412217,396,1,14.6160001754761,35.8600006103516,0.0168210007250309,0,128.128204345703,-86.179,25.344,77.4818368387406,63,63,63,63,61,63,0,8279,1.45687144005964,25,-86,0.001869,51,2024-12-12 06:28:35.000684,396,1.037,0.0011,"aoml_navis",1028.47019755223
"7901009",55,0,1,0.020559,1,-0.001869,1,132.830093944463,1,4.86152594667651,398,1,14.5780000686646,35.8549995422363,0.020558999851346,0,128.088592529297,-86.179,25.344,77.4818368387406,63,63,63,63,61,63,0,8279,1.45687144005964,25,-86,0.001869,51,2024-12-12 06:28:35.000684,398,1.037,0.0011,"aoml_navis",1028.48366024214
"7901009",55,0,1,0.01869,1,-0.003738,1,132.498359471456,1,4.86145755598019,400,1,14.5319995880127,35.8489990234375,0.0186899993568659,0,127.768699645996,-86.179,25.344,77.4818368387406,63,63,63,63,61,63,0,8279,1.45687144005964,25,-86,0.001869,51,2024-12-12 06:28:35.000684,400,1.037,0.0011,"aoml_navis",1028.49812888922
"7901009",55,0,1,0.016821,1,-0.005607,1,132.217948939548,1,4.86138752076239,402,1,14.4739999771118,35.8400001525879,0.0168210007250309,0,127.49829864502,-86.179,25.344,77.4818368387406,63,63,63,63,61,63,0,8279,1.45687144005964,25,-86,0.001869,51,2024-12-12 06:28:35.000684,402,1.037,0.0011,"aoml_navis",1028.51294587103
"7901009",55,0,1,0.01869,1,-0.003738,1,131.752125033248,1,4.8613367164721,404,1,14.4479999542236,35.8349990844727,0.0186899993568659,0,127.049102783203,-86.179,25.344,77.4818368387406,63,63,63,63,61,63,0,8279,1.45687144005964,25,-86,0.001869,51,2024-12-12 06:28:35.000684,404,1.037,0.0011,"aoml_navis",1028.52369453407
"7901009",55,0,1,0.016821,1,-0.005607,1,130.825548693785,1,4.86129433392061,406,1,14.4300003051758,35.8300018310547,0.0168210007250309,0,126.155601501465,-86.179,25.344,77.4818368387406,63,63,63,63,61,63,0,8279,1.45687144005964,25,-86,0.001869,51,2024-12-12 06:28:35.000684,406,1.037,0.0011,"aoml_navis",1028.53266158182
"7901009",55,0,1,0.020559,1,-0.001869,1,129.733362251791,1,4.86121493597045,408,1,14.3420000076294,35.814998626709,0.020558999851346,0,125.102401733398,-86.179,25.344,77.4818368387406,63,63,63,63,61,63,0,8279,1.45687144005964,25,-86,0.001869,51,2024-12-12 06:28:35.000684,408,1.037,0.0011,"aoml_navis",1028.54946054794
"7901009",55,0,1,0.01869,1,-0.003738,1,128.669689989499,1,4.86111752952765,410,1,14.2119998931885,35.7929992675781,0.0186899993568659,0,124.076698303223,-86.179,25.344,77.4818368387406,63,63,63,63,61,63,0,8279,1.45687144005964,25,-86,0.001869,51,2024-12-12 06:28:35.000684,410,1.037,0.0011,"aoml_navis",1028.57007048868
"7901009",55,0,1,0.01869,1,-0.003738,1,127.775987239565,1,4.86103638780212,412,1,14.1040000915527,35.7729988098145,0.0186899993568659,0,123.214897155762,-86.179,25.344,77.4818368387406,63,63,63,63,61,63,0,8279,1.45687144005964,25,-86,0.001869,51,2024-12-12 06:28:35.000684,412,1.037,0.0011,"aoml_navis",1028.58723965667
"7901009",55,0,1,0.020559,1,-0.001869,1,126.710147140081,1,4.86098497543525,414,1,14.0629997253418,35.7639999389648,0.020558999851346,0,122.187103271484,-86.179,25.344,77.4818368387406,63,63,63,63,61,63,0,8279,1.45687144005964,25,-86,0.001869,51,2024-12-12 06:28:35.000684,414,1.037,0.0011,"aoml_navis",1028.59811854331
"7901009",55,0,1,0.022428,1,0,1,125.41459541644,1,4.86093210158023,416,1,14.0170001983643,35.7540016174316,0.0224280003458261,0,120.937797546387,-86.179,25.344,77.4818368387406,63,63,63,63,61,63,0,8279,1.45687144005964,25,-86,0.001869,51,2024-12-12 06:28:35.000684,416,1.037,0.0011,"aoml_navis",1028.60930692172
"7901009",55,0,1,0.026166,1,0.003738,1,125.120086030973,1,4.86081717685863,418,1,13.8540000915527,35.7280006408691,0.0261659994721413,0,120.653800964355,-86.179,25.344,77.4818368387406,63,63,63,63,61,63,0,8279,1.45687144005964,25,-86,0.001869,51,2024-12-12 06:28:35.000684,418,1.037,0.0011,"aoml_navis",1028.63362642067
"7901009",55,0,1,0.026166,1,0.003738,1,124.829097402989,1,4.86076095380289,420,1,13.8149995803833,35.7210006713867,0.0261659994721413,0,120.373199462891,-86.179,25.344,77.4818368387406,63,63,63,63,61,63,0,8279,1.45687144005964,25,-86,0.001869,51,2024-12-12 06:28:35.000684,420,1.037,0.0011,"aoml_navis",1028.64552433671
"7901009",55,0,1,0.022428,1,0,1,124.373123705825,1,4.86071434629555,422,1,13.7959995269775,35.7169990539551,0.0224280003458261,0,119.933502197266,-86.179,25.344,77.4818368387406,63,63,63,63,61,63,0,8279,1.45687144005964,25,-86,0.001869,51,2024-12-12 06:28:35.000684,422,1.037,0.0011,"aoml_navis",1028.65538762026
"7901009",55,0,1,0.022428,1,0,1,123.600645778697,1,4.86067080948995,424,1,13.7799997329712,35.7130012512207,0.0224280003458261,0,119.188598632812,-86.179,25.344,77.4818368387406,63,63,63,63,61,63,0,8279,1.45687144005964,25,-86,0.001869,51,2024-12-12 06:28:35.000684,424,1.037,0.0011,"aoml_navis",1028.66460123941
"7901009",55,0,1,0.024297,1,0.001869,1,122.653332573251,1,4.86060709716318,426,1,13.7299995422363,35.7050018310547,0.0242970008403063,0,118.275100708008,-86.179,25.344,77.4818368387406,63,63,63,63,61,63,0,8279,1.45687144005964,25,-86,0.001869,51,2024-12-12 06:28:35.000684,426,1.037,0.0011,"aoml_navis",1028.67808486684
"7901009",55,0,1,0.020559,1,-0.001869,1,121.483887262005,1,4.86051867276787,428,1,13.6269998550415,35.6889991760254,0.020558999851346,0,117.147399902344,-86.179,25.344,77.4818368387406,63,63,63,63,61,63,0,8279,1.45687144005964,25,-86,0.001869,51,2024-12-12 06:28:35.000684,428,1.037,0.0011,"aoml_navis",1028.6967989679
"7901009",55,0,1,0.016821,1,-0.005607,1,120.493019517364,1,4.86042686842423,430,1,13.548999786377,35.6809997558594,0.0168210007250309,0,116.191902160645,-86.179,25.344,77.4818368387406,63,63,63,63,61,63,0,8279,1.45687144005964,25,-86,0.001869,51,2024-12-12 06:28:35.000684,430,1.037,0.0011,"aoml_navis",1028.71622912023
"7901009",55,0,1,0.022428,1,0,1,120.099984305086,1,4.86035816980299,432,1,13.5080003738403,35.6769981384277,0.0224280003458261,0,115.812896728516,-86.179,25.344,77.4818368387406,63,63,63,63,61,63,0,8279,1.45687144005964,25,-86,0.001869,51,2024-12-12 06:28:35.000684,432,1.037,0.0011,"aoml_navis",1028.73076948621
"7901009",55,0,1,0.024297,1,0.001869,1,119.66226316413,1,4.86030266321046,434,1,13.4799995422363,35.6730003356934,0.0242970008403063,0,115.390800476074,-86.179,25.344,77.4818368387406,63,63,63,63,61,63,0,8279,1.45687144005964,25,-86,0.001869,51,2024-12-12 06:28:35.000684,434,1.037,0.0011,"aoml_navis",1028.74251800139
"7901009",55,0,1,0.024297,1,0.001869,1,119.349081896284,1,4.86024720109525,436,1,13.4519996643066,35.6689987182617,0.0242970008403063,0,115.088798522949,-86.179,25.344,77.4818368387406,63,63,63,63,61,63,0,8279,1.45687144005964,25,-86,0.001869,51,2024-12-12 06:28:35.000684,436,1.037,0.0011,"aoml_navis",1028.75425737054
"7901009",55,0,1,0.020559,1,-0.001869,1,119.220388320526,1,4.86017825192882,438,1,13.4069995880127,35.6640014648438,0.020558999851346,0,114.964698791504,-86.179,25.344,77.4818368387406,63,63,63,63,61,63,0,8279,1.45687144005964,25,-86,0.001869,51,2024-12-12 06:28:35.000684,438,1.037,0.0011,"aoml_navis",1028.76885184524
"7901009",55,0,1,0.024297,1,0.001869,1,118.907001345501,1,4.86013534454081,440,1,13.3950004577637,35.6609992980957,0.0242970008403063,0,114.662498474121,-86.179,25.344,77.4818368387406,63,63,63,63,61,63,0,8279,1.45687144005964,25,-86,0.001869,51,2024-12-12 06:28:35.000684,440,1.037,0.0011,"aoml_navis",1028.77793426397
"7901009",55,0,1,0.022428,1,0,1,118.634684599896,1,4.86008902020763,442,1,13.3760004043579,35.6570014953613,0.0224280003458261,0,114.39990234375,-86.179,25.344,77.4818368387406,63,63,63,63,61,63,0,8279,1.45687144005964,25,-86,0.001869,51,2024-12-12 06:28:35.000684,442,1.037,0.0011,"aoml_navis",1028.7877401444
"7901009",55,0,1,0.020559,1,-0.001869,1,118.190214681114,1,4.86003089692569,444,1,13.3380002975464,35.6510009765625,0.020558999851346,0,113.971298217773,-86.179,25.344,77.4818368387406,63,63,63,63,61,63,0,8279,1.45687144005964,25,-86,0.001869,51,2024-12-12 06:28:35.000684,444,1.037,0.0011,"aoml_navis",1028.80004387685
"7901009",55,0,1,0.024297,1,0.001869,1,117.768776054538,1,4.85997035858187,446,1,13.2829999923706,35.640998840332,0.0242970008403063,0,113.564903259277,-86.179,25.344,77.4818368387406,63,63,63,63,61,63,0,8279,1.45687144005964,25,-86,0.001869,51,2024-12-12 06:28:35.000684,446,1.037,0.0011,"aoml_navis",1028.81285915065
"7901009",55,0,1,0.026166,1,0.003738,1,117.335509265183,1,4.85989951571963,448,1,13.2030000686646,35.6269989013672,0.0261659994721413,0,113.147102355957,-86.179,25.344,77.4818368387406,63,63,63,63,61,63,0,8279,1.45687144005964,25,-86,0.001869,51,2024-12-12 06:28:35.000684,448,1.037,0.0011,"aoml_navis",1028.82785617834
"7901009",55,0,1,0.026166,1,0.003738,1,117.221642429925,1,4.85977062339585,450,1,13.0349998474121,35.6049995422363,0.0261659994721413,0,113.037300109863,-86.179,25.344,77.4818368387406,63,63,63,63,61,63,0,8279,1.45687144005964,25,-86,0.001869,51,2024-12-12 06:28:35.000684,450,1.037,0.0011,"aoml_navis",1028.85514306561
"7901009",55,0,1,0.026166,1,0.003738,1,117.1796465182,1,4.8596874798325,452,1,12.9379997253418,35.5900001525879,0.0261659994721413,0,112.996803283691,-86.179,25.344,77.4818368387406,63,63,63,63,61,63,0,8279,1.45687144005964,25,-86,0.001869,51,2024-12-12 06:28:35.000684,452,1.037,0.0011,"aoml_navis",1028.87274557259
"7901009",55,0,1,0.024297,1,0.001869,1,117.173522773725,1,4.85961859435472,454,1,12.8809995651245,35.5820007324219,0.0242970008403063,0,112.990898132324,-86.179,25.344,77.4818368387406,63,63,63,63,61,63,0,8279,1.45687144005964,25,-86,0.001869,51,2024-12-12 06:28:35.000684,454,1.037,0.0011,"aoml_navis",1028.8873299251
"7901009",55,0,1,0.028035,1,0.005607,1,117.065257503181,1,4.85957688783133,456,1,12.8699998855591,35.5789985656738,0.0280349999666214,0,112.886497497559,-86.179,25.344,77.4818368387406,63,63,63,63,61,63,0,8279,1.45687144005964,25,-86,0.001869,51,2024-12-12 06:28:35.000684,456,1.037,0.0011,"aoml_navis",1028.89616018224
"7901009",55,0,1,0.026166,1,0.003738,1,116.899544547061,1,4.85953517184406,458,1,12.8590002059937,35.576000213623,0.0261659994721413,0,112.726699829102,-86.179,25.344,77.4818368387406,63,63,63,63,61,63,0,8279,1.45687144005964,25,-86,0.001869,51,2024-12-12 06:28:35.000684,458,1.037,0.0011,"aoml_navis",1028.90499259472
"7901009",55,0,1,0.026166,1,0.003738,1,116.754157042566,1,4.85947391284894,460,1,12.8170003890991,35.5699996948242,0.0261659994721413,0,112.586502075195,-86.179,25.344,77.4818368387406,63,63,63,63,61,63,0,8279,1.45687144005964,25,-86,0.001869,51,2024-12-12 06:28:35.000684,460,1.037,0.0011,"aoml_navis",1028.91796306993
"7901009",55,0,1,0.024297,1,0.001869,1,116.698465779824,1,4.85941080380914,462,1,12.7469997406006,35.556999206543,0.0242970008403063,0,112.53279876709,-86.179,25.344,77.4818368387406,63,63,63,63,61,63,0,8279,1.45687144005964,25,-86,0.001869,51,2024-12-12 06:28:35.000684,462,1.037,0.0011,"aoml_navis",1028.93132560035
"7901009",55,0,1,0.022428,1,0,1,116.818448447742,1,4.85931613192555,464,1,12.6219997406006,35.5379981994629,0.0224280003458261,0,112.648498535156,-86.179,25.344,77.4818368387406,63,63,63,63,61,63,0,8279,1.45687144005964,25,-86,0.001869,51,2024-12-12 06:28:35.000684,464,1.037,0.0011,"aoml_navis",1028.95137180933
"7901009",55,0,1,0.028035,1,0.005607,1,116.833797368004,1,4.85923469369698,466,1,12.5249996185303,35.5229988098145,0.0280349999666214,0,112.663299560547,-86.179,25.344,77.4818368387406,63,63,63,63,61,63,0,8279,1.45687144005964,25,-86,0.001869,51,2024-12-12 06:28:35.000684,466,1.037,0.0011,"aoml_navis",1028.96861649544
"7901009",55,0,1,0.024297,1,0.001869,1,116.801754519005,1,4.85917043896345,468,1,12.4680004119873,35.5139999389648,0.0242970008403063,0,112.632400512695,-86.179,25.344,77.4818368387406,63,63,63,63,61,63,0,8279,1.45687144005964,25,-86,0.001869,51,2024-12-12 06:28:35.000684,468,1.037,0.0011,"aoml_navis",1028.98222295462
"7901009",55,0,1,0.022428,1,0,1,116.667981558294,1,4.85911018123101,470,1,12.414999961853,35.5050010681152,0.0224280003458261,0,112.503402709961,-86.179,25.344,77.4818368387406,63,63,63,63,61,63,0,8279,1.45687144005964,25,-86,0.001869,51,2024-12-12 06:28:35.000684,470,1.037,0.0011,"aoml_navis",1028.99498334349
"7901009",55,0,1,0.024297,1,0.001869,1,116.584915417149,1,4.8590423494154,472,1,12.3540000915527,35.4959983825684,0.0242970008403063,0,112.423301696777,-86.179,25.344,77.4818368387406,63,63,63,63,61,63,0,8279,1.45687144005964,25,-86,0.001869,51,2024-12-12 06:28:35.000684,472,1.037,0.0011,"aoml_navis",1029.00934802545
"7901009",55,0,1,0.026166,1,0.003738,1,116.571433685125,1,4.85896545240653,474,1,12.2720003128052,35.484001159668,0.0261659994721413,0,112.410301208496,-86.179,25.344,77.4818368387406,63,63,63,63,61,63,0,8279,1.45687144005964,25,-86,0.001869,51,2024-12-12 06:28:35.000684,474,1.037,0.0011,"aoml_navis",1029.0256329202
"7901009",55,0,1,0.026166,1,0.003738,1,116.473018623718,1,4.85889797179339,476.100006103516,1,12.2170000076294,35.476001739502,0.0261659994721413,0,112.315399169922,-86.179,25.344,77.4818368387406,63,63,63,63,61,63,0,8279,1.45687144005964,25,-86,0.001869,51,2024-12-12 06:28:35.000684,476.100006103516,1.037,0.0011,"aoml_navis",1029.03992407861
"7901009",55,0,1,0.026166,1,0.003738,1,116.383733796322,1,4.85884643873379,478,1,12.1780004501343,35.4690017700195,0.0261659994721413,0,112.229301452637,-86.179,25.344,77.4818368387406,63,63,63,63,61,63,0,8279,1.45687144005964,25,-86,0.001869,51,2024-12-12 06:28:35.000684,478,1.037,0.0011,"aoml_navis",1029.05083810448
"7901009",55,0,1,0.024297,1,0.001869,1,116.296308245349,1,4.85878938439528,480,1,12.1429996490479,35.4640007019043,0.0242970008403063,0,112.144996643066,-86.179,25.344,77.4818368387406,63,63,63,63,61,63,0,8279,1.45687144005964,25,-86,0.001869,51,2024-12-12 06:28:35.000684,480,1.037,0.0011,"aoml_navis",1029.06292173483
"7901009",55,0,1,0.029904,1,0.007476,1,116.293721081986,1,4.85872825453931,482,1,12.0959997177124,35.4570007324219,0.0299040004611015,0,112.142501831055,-86.179,25.344,77.4818368387406,63,63,63,63,61,63,0,8279,1.45687144005964,25,-86,0.001869,51,2024-12-12 06:28:35.000684,482,1.037,0.0011,"aoml_navis",1029.07586884051
"7901009",55,0,1,0.022428,1,0,1,116.242072756488,1,4.85867797039052,484,1,12.0679998397827,35.4519996643066,0.0224280003458261,0,112.092697143555,-86.179,25.344,77.4818368387406,63,63,63,63,61,63,0,8279,1.45687144005964,25,-86,0.001869,51,2024-12-12 06:28:35.000684,484,1.037,0.0011,"aoml_navis",1029.08651910473
"7901009",55,0,1,0.026166,1,0.003738,1,116.203494748656,1,4.85861917120648,486,1,12.0310001373291,35.4469985961914,0.0261659994721413,0,112.05549621582,-86.179,25.344,77.4818368387406,63,63,63,63,61,63,0,8279,1.45687144005964,25,-86,0.001869,51,2024-12-12 06:28:35.000684,486,1.037,0.0011,"aoml_navis",1029.09897314681
"7901009",55,0,1,0.024297,1,0.001869,1,116.243631383958,1,4.85854202339527,488,1,11.9630002975464,35.4389991760254,0.0242970008403063,0,112.094200134277,-86.179,25.344,77.4818368387406,63,63,63,63,61,63,0,8279,1.45687144005964,25,-86,0.001869,51,2024-12-12 06:28:35.000684,488,1.037,0.0011,"aoml_navis",1029.11531400234
"7901009",55,0,1,0.026166,1,0.003738,1,116.163366025169,1,4.8584967288435,490,1,11.9440002441406,35.435001373291,0.0261659994721413,0,112.016799926758,-86.179,25.344,77.4818368387406,63,63,63,63,61,63,0,8279,1.45687144005964,25,-86,0.001869,51,2024-12-12 06:28:35.000684,490,1.037,0.0011,"aoml_navis",1029.12490818743
"7901009",55,0,1,0.022428,1,0,1,116.057276503631,1,4.85845455361695,492,1,11.9359998703003,35.4329986572266,0.0224280003458261,0,111.914497375488,-86.179,25.344,77.4818368387406,63,63,63,63,61,63,0,8279,1.45687144005964,25,-86,0.001869,51,2024-12-12 06:28:35.000684,492,1.037,0.0011,"aoml_navis",1029.13384180525
"7901009",55,0,1,0.028035,1,0.005607,1,115.920291346206,1,4.85841249694058,494,1,11.9320001602173,35.431999206543,0.0280349999666214,0,111.782402038574,-86.179,25.344,77.4818368387406,63,63,63,63,61,63,0,8279,1.45687144005964,25,-86,0.001869,51,2024-12-12 06:28:35.000684,494,1.037,0.0011,"aoml_navis",1029.14275046604
"7901009",55,0,1,0.026166,1,0.003738,1,115.691006960035,1,4.85836734952099,496,1,11.9169998168945,35.4290008544922,0.0261659994721413,0,111.561302185059,-86.179,25.344,77.4818368387406,63,63,63,63,61,63,0,8279,1.45687144005964,25,-86,0.001869,51,2024-12-12 06:28:35.000684,496,1.037,0.0011,"aoml_navis",1029.15231399556
"7901009",55,0,1,0.022428,1,0,1,115.747521051492,1,4.85830147439051,498,1,11.8489999771118,35.4179992675781,0.0224280003458261,0,111.615798950195,-86.179,25.344,77.4818368387406,63,63,63,63,61,63,0,8279,1.45687144005964,25,-86,0.001869,51,2024-12-12 06:28:35.000684,498,1.037,0.0011,"aoml_navis",1029.16626857276
"7901009",55,0,1,0.024297,1,0.001869,1,116.124890870926,1,4.85820410862854,500,1,11.7159996032715,35.398998260498,0.0242970008403063,0,111.979698181152,-86.179,25.344,77.4818368387406,63,63,63,63,61,63,0,8279,1.45687144005964,25,-86,0.001869,51,2024-12-12 06:28:35.000684,500,1.037,0.0011,"aoml_navis",1029.18689462216
"7901009",55,0,1,0.028035,1,0.005607,1,116.316016575437,1,4.85812754965912,502,1,11.6319999694824,35.3870010375977,0.0280349999666214,0,112.164001464844,-86.179,25.344,77.4818368387406,63,63,63,63,61,63,0,8279,1.45687144005964,25,-86,0.001869,51,2024-12-12 06:28:35.000684,502,1.037,0.0011,"aoml_navis",1029.20311352279
"7901009",55,0,1,0.026166,1,0.003738,1,116.28065076432,1,4.85805032579377,504,1,11.5430002212524,35.3740005493164,0.0261659994721413,0,112.129898071289,-86.179,25.344,77.4818368387406,63,63,63,63,61,63,0,8279,1.45687144005964,25,-86,0.001869,51,2024-12-12 06:28:35.000684,504,1.037,0.0011,"aoml_navis",1029.21947379848
"7901009",55,0,1,0.026166,1,0.003738,1,115.744206001188,1,4.85799226621342,506,1,11.5019998550415,35.3680000305176,0.0261659994721413,0,111.612602233887,-86.179,25.344,77.4818368387406,63,63,63,63,61,63,0,8279,1.45687144005964,25,-86,0.001869,51,2024-12-12 06:28:35.000684,506,1.037,0.0011,"aoml_navis",1029.23177436371
"7901009",55,0,1,0.024297,1,0.001869,1,115.260540953038,1,4.85792877096943,508,1,11.4589996337891,35.3629989624023,0.0242970008403063,0,111.146202087402,-86.179,25.344,77.4818368387406,63,63,63,63,61,63,0,8279,1.45687144005964,25,-86,0.001869,51,2024-12-12 06:28:35.000684,508,1.037,0.0011,"aoml_navis",1029.24522687108
"7901009",55,0,1,0.026166,1,0.003738,1,114.83556574535,1,4.85788577260669,510,1,11.4499998092651,35.3610000610352,0.0261659994721413,0,110.736396789551,-86.179,25.344,77.4818368387406,63,63,63,63,61,63,0,8279,1.45687144005964,25,-86,0.001869,51,2024-12-12 06:28:35.000684,510,1.037,0.0011,"aoml_navis",1029.25433697817
"7901009",55,0,1,0.022428,1,0,1,114.309074044944,1,4.85784462550419,512,1,11.4429998397827,35.359001159668,0.0224280003458261,0,110.228698730469,-86.179,25.344,77.4818368387406,63,63,63,63,61,63,0,8279,1.45687144005964,25,-86,0.001869,51,2024-12-12 06:28:35.000684,512,1.037,0.0011,"aoml_navis",1029.26305500787
"7901009",55,0,1,0.028035,1,0.005607,1,114.016012521543,1,4.85777016169507,514,1,11.3879995346069,35.3540000915527,0.0280349999666214,0,109.946098327637,-86.179,25.344,77.4818368387406,63,63,63,63,61,63,0,8279,1.45687144005964,25,-86,0.001869,51,2024-12-12 06:28:35.000684,514,1.037,0.0011,"aoml_navis",1029.27883238002
"7901009",55,0,1,0.028035,1,0.005607,1,113.889186134024,1,4.85771601124932,516,1,11.3470001220703,35.3470001220703,0.0280349999666214,0,109.823799133301,-86.179,25.344,77.4818368387406,63,63,63,63,61,63,0,8279,1.45687144005964,25,-86,0.001869,51,2024-12-12 06:28:35.000684,516,1.037,0.0011,"aoml_navis",1029.29030606589
"7901009",55,0,1,0.024297,1,0.001869,1,113.742967888999,1,4.85766106637181,518,1,11.3170003890991,35.3429985046387,0.0242970008403063,0,109.682800292969,-86.179,25.344,77.4818368387406,63,63,63,63,61,63,0,8279,1.45687144005964,25,-86,0.001869,51,2024-12-12 06:28:35.000684,518,1.037,0.0011,"aoml_navis",1029.30194834167
"7901009",55,0,1,0.026166,1,0.003738,1,113.601203995575,1,4.8576125823491,520,1,11.2980003356934,35.3400001525879,0.0261659994721413,0,109.546096801758,-86.179,25.344,77.4818368387406,63,63,63,63,61,63,0,8279,1.45687144005964,25,-86,0.001869,51,2024-12-12 06:28:35.000684,520,1.037,0.0011,"aoml_navis",1029.312221845
"7901009",55,0,1,0.022428,1,0,1,113.378976947999,1,4.8575640994906,522,1,11.2709999084473,35.3349990844727,0.0224280003458261,0,109.331802368164,-86.179,25.344,77.4818368387406,63,63,63,63,61,63,0,8279,1.45687144005964,25,-86,0.001869,51,2024-12-12 06:28:35.000684,522,1.037,0.0011,"aoml_navis",1029.32249530672
"7901009",55,0,1,0.029904,1,0.007476,1,113.27382102058,1,4.85750739057093,524,1,11.2229995727539,35.3269996643066,0.0299040004611015,0,109.230400085449,-86.179,25.344,77.4818368387406,63,63,63,63,61,63,0,8279,1.45687144005964,25,-86,0.001869,51,2024-12-12 06:28:35.000684,524,1.037,0.0011,"aoml_navis",1029.33451212152
"7901009",55,0,1,0.024297,1,0.001869,1,113.453221415902,1,4.85739713160632,526,1,11.0920000076294,35.3129997253418,0.0242970008403063,0,109.403396606445,-86.179,25.344,77.4818368387406,63,63,63,63,61,63,0,8279,1.45687144005964,25,-86,0.001869,51,2024-12-12 06:28:35.000684,526,1.037,0.0011,"aoml_navis",1029.35787717784
"7901009",55,0,1,0.022428,1,0,1,113.31975701596,1,4.8573406787985,528,1,11.0600004196167,35.3089981079102,0.0224280003458261,0,109.274696350098,-86.179,25.344,77.4818368387406,63,63,63,63,61,63,0,8279,1.45687144005964,25,-86,0.001869,51,2024-12-12 06:28:35.000684,528,1.037,0.0011,"aoml_navis",1029.36984054344
"7901009",55,0,1,0.028035,1,0.005607,1,113.164416448738,1,4.85728778610322,530,1,11.043999671936,35.3079986572266,0.0280349999666214,0,109.124900817871,-86.179,25.344,77.4818368387406,63,63,63,63,61,63,0,8279,1.45687144005964,25,-86,0.001869,51,2024-12-12 06:28:35.000684,530,1.037,0.0011,"aoml_navis",1029.38104970949
"7901009",55,0,1,0.026166,1,0.003738,1,113.212844665707,1,4.85724034347154,532,1,11.0340003967285,35.306999206543,0.0261659994721413,0,109.171600341797,-86.179,25.344,77.4818368387406,63,63,63,63,61,63,0,8279,1.45687144005964,25,-86,0.001869,51,2024-12-12 06:28:35.000684,532,1.037,0.0011,"aoml_navis",1029.39110409069
"7901009",55,0,1,0.026166,1,0.003738,1,113.287508459782,1,4.85719834276345,534,1,11.0299997329712,35.3059997558594,0.0261659994721413,0,109.243598937988,-86.179,25.344,77.4818368387406,63,63,63,63,61,63,0,8279,1.45687144005964,25,-86,0.001869,51,2024-12-12 06:28:35.000684,534,1.037,0.0011,"aoml_navis",1029.4000053445
"7901009",55,0,1,0.029904,1,0.007476,1,113.411225504176,1,4.85715453160443,536,1,11.0240001678467,35.3050003051758,0.0299040004611015,0,109.362899780273,-86.179,25.344,77.4818368387406,63,63,63,63,61,63,0,8279,1.45687144005964,25,-86,0.001869,51,2024-12-12 06:28:35.000684,536,1.037,0.0011,"aoml_navis",1029.40929045311
"7901009",55,0,1,0.029904,1,0.007476,1,113.582334317831,1,4.85710898811816,538,1,11.0080003738403,35.3019981384277,0.0299040004611015,0,109.527900695801,-86.179,25.344,77.4818368387406,63,63,63,63,61,63,0,8279,1.45687144005964,25,-86,0.001869,51,2024-12-12 06:28:35.000684,538,1.037,0.0011,"aoml_navis",1029.41894287968
"7901009",55,0,1,0.029904,1,0.007476,1,113.728963977214,1,4.85705812146126,540,1,10.9739999771118,35.2960014343262,0.0299040004611015,0,109.669296264648,-86.179,25.344,77.4818368387406,63,63,63,63,61,63,0,8279,1.45687144005964,25,-86,0.001869,51,2024-12-12 06:28:35.000684,540,1.037,0.0011,"aoml_navis",1029.42972370603
"7901009",55,0,1,0.026166,1,0.003738,1,114.046504654887,1,4.85701183136658,542,1,10.9449996948242,35.2900009155273,0.0261659994721413,0,109.97550201416,-86.179,25.344,77.4818368387406,63,63,63,63,61,63,0,8279,1.45687144005964,25,-86,0.001869,51,2024-12-12 06:28:35.000684,542,1.037,0.0011,"aoml_navis",1029.4395347588
"7901009",55,0,1,0.026166,1,0.003738,1,114.542820694532,1,4.85696111508499,544,1,10.9069995880127,35.2830009460449,0.0261659994721413,0,110.4541015625,-86.179,25.344,77.4818368387406,63,63,63,63,61,63,0,8279,1.45687144005964,25,-86,0.001869,51,2024-12-12 06:28:35.000684,544,1.037,0.0011,"aoml_navis",1029.45028414388
"7901009",55,0,1,0.029904,1,0.007476,1,114.702829232348,1,4.85690011375541,546,1,10.8290004730225,35.2690010070801,0.0299040004611015,0,110.6083984375,-86.179,25.344,77.4818368387406,63,63,63,63,61,63,0,8279,1.45687144005964,25,-86,0.001869,51,2024-12-12 06:28:35.000684,546,1.037,0.0011,"aoml_navis",1029.4632137563
"7901009",55,0,1,0.029904,1,0.007476,1,114.417964348839,1,4.8568173899022,548,1,10.710000038147,35.2509994506836,0.0299040004611015,0,110.333702087402,-86.179,25.344,77.4818368387406,63,63,63,63,61,63,0,8279,1.45687144005964,25,-86,0.001869,51,2024-12-12 06:28:35.000684,548,1.037,0.0011,"aoml_navis",1029.48074811202
"7901009",55,0,1,0.033642,1,0.011214,1,114.119823440486,1,4.85675230992895,550,1,10.6389999389648,35.2400016784668,0.0336420014500618,0,110.046203613281,-86.179,25.344,77.4818368387406,63,63,63,63,61,63,0,8279,1.45687144005964,25,-86,0.001869,51,2024-12-12 06:28:35.000684,550,1.037,0.0011,"aoml_navis",1029.49454304643
"7901009",55,0,1,0.029904,1,0.007476,1,113.800732047157,1,4.85669832022752,552,1,10.6049995422363,35.2350006103516,0.0299040004611015,0,109.738502502441,-86.179,25.344,77.4818368387406,63,63,63,63,61,63,0,8279,1.45687144005964,25,-86,0.001869,51,2024-12-12 06:28:35.000684,552,1.037,0.0011,"aoml_navis",1029.505987468
"7901009",55,0,1,0.026166,1,0.003738,1,113.486411478013,1,4.8566398308709,554,1,10.5699996948242,35.2309989929199,0.0261659994721413,0,109.435401916504,-86.179,25.344,77.4818368387406,63,63,63,63,61,63,0,8279,1.45687144005964,25,-86,0.001869,51,2024-12-12 06:28:35.000684,554,1.037,0.0011,"aoml_navis",1029.51838598733
"7901009",55,0,1,0.026166,1,0.003738,1,113.478942725061,1,4.85657783650628,556,1,10.5310001373291,35.2270011901855,0.0261659994721413,0,109.428199768066,-86.179,25.344,77.4818368387406,63,63,63,63,61,63,0,8279,1.45687144005964,25,-86,0.001869,51,2024-12-12 06:28:35.000684,556,1.037,0.0011,"aoml_navis",1029.53152782102
"7901009",55,0,1,0.022428,1,0,1,113.944046656236,1,4.85650903961452,558,1,10.451000213623,35.2150001525879,0.0224280003458261,0,109.87670135498,-86.179,25.344,77.4818368387406,63,63,63,63,61,63,0,8279,1.45687144005964,25,-86,0.001869,51,2024-12-12 06:28:35.000684,558,1.037,0.0011,"aoml_navis",1029.5461120766
"7901009",55,0,1,0.029904,1,0.007476,1,114.569056271638,1,4.85643404504152,560,1,10.326000213623,35.1940002441406,0.0299040004611015,0,110.479400634766,-86.179,25.344,77.4818368387406,63,63,63,63,61,63,0,8279,1.45687144005964,25,-86,0.001869,51,2024-12-12 06:28:35.000684,560,1.037,0.0011,"aoml_navis",1029.56201064958
"7901009",55,0,1,0.028035,1,0.005607,1,114.99568504857,1,4.85636441798012,562,1,10.2399997711182,35.1809997558594,0.0280349999666214,0,110.890800476074,-86.179,25.344,77.4818368387406,63,63,63,63,61,63,0,8279,1.45687144005964,25,-86,0.001869,51,2024-12-12 06:28:35.000684,562,1.037,0.0011,"aoml_navis",1029.57677176945
"7901009",55,0,1,0.028035,1,0.005607,1,115.1131754949,1,4.85630788135393,564,1,10.1940002441406,35.173999786377,0.0280349999666214,0,111.004096984863,-86.179,25.344,77.4818368387406,63,63,63,63,61,63,0,8279,1.45687144005964,25,-86,0.001869,51,2024-12-12 06:28:35.000684,564,1.037,0.0011,"aoml_navis",1029.58875799407
"7901009",55,0,1,0.028035,1,0.005607,1,115.170425385112,1,4.85623448443091,566,1,10.1199998855591,35.1650009155273,0.0280349999666214,0,111.059303283691,-86.179,25.344,77.4818368387406,63,63,63,63,61,63,0,8279,1.45687144005964,25,-86,0.001869,51,2024-12-12 06:28:35.000684,566,1.037,0.0011,"aoml_navis",1029.6043191551
"7901009",55,0,1,0.028035,1,0.005607,1,115.028139311927,1,4.8561823007508,568,1,10.0830001831055,35.1590003967285,0.0280349999666214,0,110.922096252441,-86.179,25.344,77.4818368387406,63,63,63,63,61,63,0,8279,1.45687144005964,25,-86,0.001869,51,2024-12-12 06:28:35.000684,568,1.037,0.0011,"aoml_navis",1029.61538310186
"7901009",55,0,1,0.029904,1,0.007476,1,115.136926762232,1,4.85609616822492,570,1,9.98099994659424,35.1469993591309,0.0299040004611015,0,111.027000427246,-86.179,25.344,77.4818368387406,63,63,63,63,61,63,0,8279,1.45687144005964,25,-86,0.001869,51,2024-12-12 06:28:35.000684,570,1.037,0.0011,"aoml_navis",1029.63364537891
"7901009",55,0,1,0.029904,1,0.007476,1,114.980858308071,1,4.85605231933256,572,1,9.96199989318848,35.1430015563965,0.0299040004611015,0,110.876502990723,-86.179,25.344,77.4818368387406,63,63,63,63,61,63,0,8279,1.45687144005964,25,-86,0.001869,51,2024-12-12 06:28:35.000684,572,1.037,0.0011,"aoml_navis",1029.64294270355
"7901009",55,0,1,0.028035,1,0.005607,1,115.003770923058,1,4.85598335136357,574,1,9.88799953460693,35.132999420166,0.0280349999666214,0,110.898597717285,-86.179,25.344,77.4818368387406,63,63,63,63,61,63,0,8279,1.45687144005964,25,-86,0.001869,51,2024-12-12 06:28:35.000684,574,1.037,0.0011,"aoml_navis",1029.65756639095
"7901009",55,0,1,0.026166,1,0.003738,1,115.08133835308,1,4.8559174262293,576,1,9.8129997253418,35.1220016479492,0.0261659994721413,0,110.97339630127,-86.179,25.344,77.4818368387406,63,63,63,63,61,63,0,8279,1.45687144005964,25,-86,0.001869,51,2024-12-12 06:28:35.000684,576,1.037,0.0011,"aoml_navis",1029.67154527637
"7901009",55,0,1,0.028035,1,0.005607,1,115.12407006356,1,4.8558650544675,578.099975585938,1,9.7819995880127,35.117000579834,0.0280349999666214,0,111.014602661133,-86.179,25.344,77.4818368387406,63,63,63,63,61,63,0,8279,1.45687144005964,25,-86,0.001869,51,2024-12-12 06:28:35.000684,578.099975585938,1.037,0.0011,"aoml_navis",1029.68265055057
"7901009",55,0,1,0.029904,1,0.007476,1,115.414639365372,1,4.85580416034248,580,1,9.72299957275391,35.109001159668,0.0299040004611015,0,111.294799804688,-86.179,25.344,77.4818368387406,63,63,63,63,61,63,0,8279,1.45687144005964,25,-86,0.001869,51,2024-12-12 06:28:35.000684,580,1.037,0.0011,"aoml_navis",1029.69556326739
"7901009",55,0,1,0.029904,1,0.007476,1,115.975666136365,1,4.85572496011573,582,1,9.64900016784668,35.1020011901855,0.0299040004611015,0,111.835800170898,-86.179,25.344,77.4818368387406,63,63,63,63,61,63,0,8279,1.45687144005964,25,-86,0.001869,51,2024-12-12 06:28:35.000684,582,1.037,0.0011,"aoml_navis",1029.71235831299
"7901009",55,0,1,0.026166,1,0.003738,1,116.159117380746,1,4.85566608569696,584,1,9.66399955749512,35.1100006103516,0.0261659994721413,0,112.012702941895,-86.179,25.344,77.4818368387406,63,63,63,63,61,63,0,8279,1.45687144005964,25,-86,0.001869,51,2024-12-12 06:28:35.000684,584,1.037,0.0011,"aoml_navis",1029.7248434624
"7901009",55,0,1,0.031773,1,0.009345,1,116.140342644777,1,4.85561315940993,586,1,9.65999984741211,35.1119995117188,0.0317730009555817,0,111.994598388672,-86.179,25.344,77.4818368387406,63,63,63,63,61,63,0,8279,1.45687144005964,25,-86,0.001869,51,2024-12-12 06:28:35.000684,586,1.037,0.0011,"aoml_navis",1029.73606748516
"7901009",55,0,1,0.028035,1,0.005607,1,116.172385493776,1,4.85555349248639,588,1,9.62199974060059,35.1080017089844,0.0280349999666214,0,112.025497436523,-86.179,25.344,77.4818368387406,63,63,63,63,61,63,0,8279,1.45687144005964,25,-86,0.001869,51,2024-12-12 06:28:35.000684,588,1.037,0.0011,"aoml_navis",1029.74872128113
"7901009",55,0,1,0.028035,1,0.005607,1,116.119811485974,1,4.85550287995552,590,1,9.59899997711182,35.1049995422363,0.0280349999666214,0,111.974800109863,-86.179,25.344,77.4818368387406,63,63,63,63,61,63,0,8279,1.45687144005964,25,-86,0.001869,51,2024-12-12 06:28:35.000684,590,1.037,0.0011,"aoml_navis",1029.7594551207
"7901009",55,0,1,0.028035,1,0.005607,1,116.007811838954,1,4.85544920053613,592,1,9.56799983978271,35.101001739502,0.0280349999666214,0,111.866798400879,-86.179,25.344,77.4818368387406,63,63,63,63,61,63,0,8279,1.45687144005964,25,-86,0.001869,51,2024-12-12 06:28:35.000684,592,1.037,0.0011,"aoml_navis",1029.77083962652
"7901009",55,0,1,0.026166,1,0.003738,1,115.902553057945,1,4.85539786288661,594,1,9.5310001373291,35.0950012207031,0.0261659994721413,0,111.765296936035,-86.179,25.344,77.4818368387406,63,63,63,63,61,63,0,8279,1.45687144005964,25,-86,0.001869,51,2024-12-12 06:28:35.000684,594,1.037,0.0011,"aoml_navis",1029.78172771766
"7901009",55,0,1,0.029904,1,0.007476,1,99999,9,99999,639.200012207031,1,8.35149955749512,34.9560012817383,0.0299040004611015,0,99999,-86.179,25.344,77.4818368387406,63,63,63,63,61,63,0,8279,1.45687144005964,25,-86,0.001869,51,2024-12-12 06:28:35.000684,639.200012207031,1.037,0.0011,"aoml_navis",1030.07994845448
"7901009",55,0,1,0.033642,1,0.011214,1,99999,9,99999,696.080017089844,1,7.56139993667603,34.8839988708496,0.0336420014500618,0,99999,-86.179,25.344,77.4818368387406,63,63,63,63,61,63,0,8279,1.45687144005964,25,-86,0.001869,51,2024-12-12 06:28:35.000684,696.080017089844,1.037,0.0011,"aoml_navis",1030.40907251804
"7901009",55,0,1,0.029904,1,0.007476,1,99999,9,99999,727.049987792969,1,7.31440019607544,34.8720016479492,0.0299040004611015,0,99999,-86.179,25.344,77.4818368387406,63,63,63,63,61,63,0,8279,1.45687144005964,25,-86,0.001869,51,2024-12-12 06:28:35.000684,727.049987792969,1.037,0.0011,"aoml_navis",1030.57864963976
"7901009",55,0,1,0.028035,1,0.005607,1,99999,9,99999,794.210021972656,1,6.76370000839233,34.8699989318848,0.0280349999666214,0,99999,-86.179,25.344,77.4818368387406,63,63,63,63,61,63,0,8279,1.45687144005964,25,-86,0.001869,51,2024-12-12 06:28:35.000684,794.210021972656,1.037,0.0011,"aoml_navis",1030.96610125262
"7901009",55,0,1,0.026166,1,0.003738,1,99999,9,99999,845.890014648438,1,6.45629978179932,34.8689994812012,0.0261659994721413,0,99999,-86.179,25.344,77.4818368387406,63,63,63,63,61,63,0,8279,1.45687144005964,25,-86,0.001869,51,2024-12-12 06:28:35.000684,845.890014648438,1.037,0.0011,"aoml_navis",1031.24572273491
"7901009",55,0,1,0.031773,1,0.009345,1,99999,9,99999,876.320007324219,1,6.20819997787476,34.8680000305176,0.0317730009555817,0,99999,-86.179,25.344,77.4818368387406,63,63,63,63,61,63,0,8279,1.45687144005964,25,-86,0.001869,51,2024-12-12 06:28:35.000684,876.320007324219,1.037,0.0011,"aoml_navis",1031.4198588938
"7901009",55,0,1,0.031773,1,0.009345,1,99999,9,99999,939.489990234375,1,5.81720018386841,34.8790016174316,0.0317730009555817,0,99999,-86.179,25.344,77.4818368387406,63,63,63,63,61,63,0,8279,1.45687144005964,25,-86,0.001869,51,2024-12-12 06:28:35.000684,939.489990234375,1.037,0.0011,"aoml_navis",1031.77215246974
"7901009",55,0,1,0.026166,1,0.003738,1,158.74869211201,1,4.84450040168865,1000.20001220703,1,5.50839996337891,34.8870010375977,0.0261659994721413,0,153.082000732422,-86.179,25.344,77.4818368387406,63,63,63,63,61,63,0,8279,1.45687144005964,25,-86,0.001869,51,2024-12-12 06:28:35.000684,1000.20001220703,1.037,0.0011,"aoml_navis",1032.09817017605
"7901009",55,0,1,0.031773,1,0.009345,1,164.368295763132,1,4.84333295714544,1049.19995117188,1,5.34819984436035,34.8919982910156,0.0317730009555817,0,158.501007080078,-86.179,25.344,77.4818368387406,63,63,63,63,61,63,0,8279,1.45687144005964,25,-86,0.001869,51,2024-12-12 06:28:35.000684,1049.19995117188,1.037,0.0011,"aoml_navis",1032.34694873154
"7901009",55,0,1,0.028035,1,0.005607,1,173.204194448674,1,4.84204801401128,1099.59997558594,1,5.0774998664856,34.9010009765625,0.0280349999666214,0,167.021499633789,-86.179,25.344,77.4818368387406,63,63,63,63,61,63,0,8279,1.45687144005964,25,-86,0.001869,51,2024-12-12 06:28:35.000684,1099.59997558594,1.037,0.0011,"aoml_navis",1032.62090452876
"7901009",55,0,1,0.031773,1,0.009345,1,181.192959324827,1,4.84079232699053,1149.80004882812,1,4.84070014953613,34.9099998474121,0.0317730009555817,0,174.72509765625,-86.179,25.344,77.4818368387406,63,63,63,63,61,63,0,8279,1.45687144005964,25,-86,0.001869,51,2024-12-12 06:28:35.000684,1149.80004882812,1.037,0.0011,"aoml_navis",1032.88876329641
"7901009",55,0,1,0.029904,1,0.007476,1,185.599871686276,1,4.83962602148006,1199.80004882812,1,4.7076997756958,34.9150009155273,0.0299040004611015,0,178.974700927734,-86.179,25.344,77.4818368387406,63,63,63,63,61,63,0,8279,1.45687144005964,25,-86,0.001869,51,2024-12-12 06:28:35.000684,1199.80004882812,1.037,0.0011,"aoml_navis",1033.13768002076
"7901009",55,0,1,0.026166,1,0.003738,1,188.693391182234,1,4.83848596101846,1249.59997558594,1,4.60069990158081,34.9189987182617,0.0261659994721413,0,181.957794189453,-86.179,25.344,77.4818368387406,63,63,63,63,61,63,0,8279,1.45687144005964,25,-86,0.001869,51,2024-12-12 06:28:35.000684,1249.59997558594,1.037,0.0011,"aoml_navis",1033.38111142262
"7901009",55,0,1,0.029904,1,0.007476,1,191.631791641778,1,4.83736938075409,1299.59997558594,1,4.52839994430542,34.9220008850098,0.0299040004611015,0,184.791305541992,-86.179,25.344,77.4818368387406,63,63,63,63,61,63,0,8279,1.45687144005964,25,-86,0.001869,51,2024-12-12 06:28:35.000684,1299.59997558594,1.037,0.0011,"aoml_navis",1033.61964043783
"7901009",55,0,1,0.029904,1,0.007476,1,193.800182660339,1,4.83627669699706,1349.59997558594,1,4.48479986190796,34.923999786377,0.0299040004611015,0,186.882293701172,-86.179,25.344,77.4818368387406,63,63,63,63,61,63,0,8279,1.45687144005964,25,-86,0.001869,51,2024-12-12 06:28:35.000684,1349.59997558594,1.037,0.0011,"aoml_navis",1033.85317120185
"7901009",55,0,1,0.029904,1,0.007476,1,196.261025992579,1,4.83517862296049,1399.30004882812,1,4.42729997634888,34.9269981384277,0.0299040004611015,0,189.255294799805,-86.179,25.344,77.4818368387406,63,63,63,63,61,63,0,8279,1.45687144005964,25,-86,0.001869,51,2024-12-12 06:28:35.000684,1399.30004882812,1.037,0.0011,"aoml_navis",1034.08796031998
"7901009",55,0,1,0.026166,1,0.003738,1,197.522153411036,1,4.83411163879637,1449,1,4.40350008010864,34.9280014038086,0.0261659994721413,0,190.471405029297,-86.179,25.344,77.4818368387406,63,63,63,63,61,63,0,8279,1.45687144005964,25,-86,0.001869,51,2024-12-12 06:28:35.000684,1449,1.037,0.0011,"aoml_navis",1034.31620400991
"7901009",55,0,1,0.035511,1,0.013083,1,198.899299678313,1,4.83304622035652,1498.69995117188,1,4.38000011444092,34.9290008544922,0.0355109982192516,0,191.799392700195,-86.179,25.344,77.4818368387406,63,63,63,63,61,63,0,8279,1.45687144005964,25,-86,0.001869,51,2024-12-12 06:28:35.000684,1498.69995117188,1.037,0.0011,"aoml_navis",1034.54421332457
"7901009",55,0,1,0.026166,1,0.003738,1,199.805756273331,1,4.83196352717051,1549.40002441406,1,4.3600001335144,34.9300003051758,0.0261659994721413,0,192.673492431641,-86.179,25.344,77.4818368387406,63,63,63,63,61,63,0,8279,1.45687144005964,25,-86,0.001869,51,2024-12-12 06:28:35.000684,1549.40002441406,1.037,0.0011,"aoml_navis",1034.77602260129
"7901009",55,0,1,0.031773,1,0.009345,1,200.515920748925,1,4.83090096039749,1599.30004882812,1,4.34280014038086,34.9309997558594,0.0317730009555817,0,193.358306884766,-86.179,25.344,77.4818368387406,63,63,63,63,61,63,0,8279,1.45687144005964,25,-86,0.001869,51,2024-12-12 06:28:35.000684,1599.30004882812,1.037,0.0011,"aoml_navis",1035.00362375233
"7901009",55,0,1,0.035511,1,0.013083,1,201.002892935565,1,4.82983677059401,1649.69995117188,1,4.33640003204346,34.931999206543,0.0355109982192516,0,193.827896118164,-86.179,25.344,77.4818368387406,63,63,63,63,61,63,0,8279,1.45687144005964,25,-86,0.001869,51,2024-12-12 06:28:35.000684,1649.69995117188,1.037,0.0011,"aoml_navis",1035.23167292982
"7901009",55,99999,9,99999,9,99999,9,201.869948694035,1,4.82878903064346,1699.30004882812,1,4.32740020751953,34.9329986572266,99999,99999,194.664001464844,-86.179,25.344,77.4818368387406,63,63,63,63,61,63,0,8279,1.45687144005964,25,-86,0.001869,51,2024-12-12 06:28:35.000684,1699.30004882812,1.037,0.0011,"aoml_navis",1035.4562952057
"7901009",55,99999,9,99999,9,99999,9,202.681938223115,1,4.82775314292727,1748.59997558594,1,4.31909990310669,34.9329986572266,99999,99999,195.447006225586,-86.179,25.344,77.4818368387406,63,63,63,63,61,63,0,8279,1.45687144005964,25,-86,0.001869,51,2024-12-12 06:28:35.000684,1748.59997558594,1.037,0.0011,"aoml_navis",1035.67847236039
"7901009",55,99999,9,99999,9,99999,9,203.327368231916,1,4.82668239113322,1799.5,1,4.31180000305176,34.9339981079102,99999,99999,196.069396972656,-86.179,25.344,77.4818368387406,63,63,63,63,61,63,0,8279,1.45687144005964,25,-86,0.001869,51,2024-12-12 06:28:35.000684,1799.5,1.037,0.0011,"aoml_navis",1035.90822739552
"7901009",55,99999,9,99999,9,99999,9,203.904993989872,1,4.82563300827503,1849.59997558594,1,4.30900001525879,34.935001373291,99999,99999,196.626403808594,-86.179,25.344,77.4818368387406,63,63,63,63,61,63,0,8279,1.45687144005964,25,-86,0.001869,51,2024-12-12 06:28:35.000684,1849.59997558594,1.037,0.0011,"aoml_navis",1036.13349614982
"7901009",55,99999,9,99999,9,99999,9,204.378484444489,1,4.82459139451316,1899.5,1,4.30399990081787,34.935001373291,99999,99999,197.082992553711,-86.179,25.344,77.4818368387406,63,63,63,63,61,63,0,8279,1.45687144005964,25,-86,0.001869,51,2024-12-12 06:28:35.000684,1899.5,1.037,0.0011,"aoml_navis",1036.35719403851
"7901009",55,99999,9,99999,9,99999,9,204.654242829431,1,4.82356817001171,1948.69995117188,1,4.30229997634888,34.935001373291,99999,99999,197.348907470703,-86.179,25.344,77.4818368387406,63,63,63,63,61,63,0,8279,1.45687144005964,25,-86,0.001869,51,2024-12-12 06:28:35.000684,1948.69995117188,1.037,0.0011,"aoml_navis",1036.57703670183
"7901009",55,99999,9,99999,9,99999,9,204.61637688491,1,4.8225354279007,1998.5,1,4.30259990692139,34.935001373291,99999,99999,197.312393188477,-86.179,25.344,77.4818368387406,63,63,63,63,61,63,0,8279,1.45687144005964,25,-86,0.001869,51,2024-12-12 06:28:35.000684,1998.5,1.037,0.0011,"aoml_navis",1036.79901884651
"7901009",56,0.143683233979403,5,0.211197,1,0.188769,1,194.551359600988,1,4.88396835466901,2.29999995231628,1,26.8589992523193,36.306999206543,0.211197003722191,0.218582570552826,187.606597900391,-86.4007,25.2028,37.7516006014272,63,63,63,63,61,63,0.209328,8279,1.45687144005964,25,-86,0.001869,51,2024-12-22 15:59:17.001695,2.29999995231628,1.037,0.0011,"aoml_navis",1023.7576570741
"7901009",56,0.143683233979403,5,0.209328,1,0.1869,1,194.581013091272,1,4.88393204704058,4,1,26.8579998016357,36.306999206543,0.20932799577713,0.218582570552826,187.635192871094,-86.4007,25.2028,37.7516006014272,63,63,63,63,61,63,0.209328,8279,1.45687144005964,25,-86,0.001869,51,2024-12-22 15:59:17.001695,4,1.037,0.0011,"aoml_navis",1023.76526778864
"7901009",56,0.143683233979403,5,0.214935,1,0.192507,1,194.450246579155,1,4.88389112893335,6,1,26.8579998016357,36.306999206543,0.214935004711151,0.218582570552826,187.509094238281,-86.4007,25.2028,37.7516006014272,63,63,63,63,61,63,0.209328,8279,1.45687144005964,25,-86,0.001869,51,2024-12-22 15:59:17.001695,6,1.037,0.0011,"aoml_navis",1023.77384507586
"7901009",56,0.143683233979403,5,0.226149,1,0.203721,1,194.498999195785,1,4.88385021317301,8,1,26.8579998016357,36.306999206543,0.226148992776871,0.218582570552826,187.556106567383,-86.4007,25.2028,37.7516006014272,63,63,63,63,61,63,0.209328,8279,1.45687144005964,25,-86,0.001869,51,2024-12-22 15:59:17.001695,8,1.037,0.0011,"aoml_navis",1023.78242201485
"7901009",56,0.143683233979403,5,0.22428,1,0.201852,1,194.479188005905,1,4.88381235393098,10,1,26.8600006103516,36.306999206543,0.224279999732971,0.218582570552826,187.537002563477,-86.4007,25.2028,37.7516006014272,63,63,63,63,61,63,0.209328,8279,1.45687144005964,25,-86,0.001869,51,2024-12-22 15:59:17.001695,10,1.037,0.0011,"aoml_navis",1023.79035836123
"7901009",56,0.143683233979403,5,0.222411,1,0.199983,1,194.478982298662,1,4.88377144297852,12,1,26.8600006103516,36.306999206543,0.222411006689072,0.218582570552826,187.536804199219,-86.4007,25.2028,37.7516006014272,63,63,63,63,61,63,0.209328,8279,1.45687144005964,25,-86,0.001869,51,2024-12-22 15:59:17.001695,12,1.037,0.0011,"aoml_navis",1023.79893456902
"7901009",56,0.143683233979403,5,0.231756,1,0.209328,1,194.500027732001,1,4.8837305343723,14,1,26.8600006103516,36.306999206543,0.231756001710892,0.218582570552826,187.557098388672,-86.4007,25.2028,37.7516006014272,63,63,63,63,61,63,0.209328,8279,1.45687144005964,25,-86,0.001869,51,2024-12-22 15:59:17.001695,14,1.037,0.0011,"aoml_navis",1023.80751042863
"7901009",56,0.143683233979403,5,0.226149,1,0.203721,1,194.44330000379,1,4.88369115396926,16,1,26.8610000610352,36.306999206543,0.226148992776871,0.218582570552826,187.502395629883,-86.4007,25.2028,37.7516006014272,63,63,63,63,61,63,0.209328,8279,1.45687144005964,25,-86,0.001869,51,2024-12-22 15:59:17.001695,16,1.037,0.0011,"aoml_navis",1023.8157660597
"7901009",56,0.143683233979403,5,0.226149,1,0.203721,1,194.389373058812,1,4.88364719540803,18,1,26.8589992523193,36.306999206543,0.226148992776871,0.218582570552826,187.450393676758,-86.4007,25.2028,37.7516006014272,63,63,63,63,61,63,0.209328,8279,1.45687144005964,25,-86,0.001869,51,2024-12-22 15:59:17.001695,18,1.037,0.0011,"aoml_navis",1023.82498160419
"7901009",56,0.143683233979403,5,0.214935,1,0.192507,1,194.424010993835,1,4.88360629378181,20,1,26.8589992523193,36.306999206543,0.214935004711151,0.218582570552826,187.483795166016,-86.4007,25.2028,37.7516006014272,63,63,63,63,61,63,0.209328,8279,1.45687144005964,25,-86,0.001869,51,2024-12-22 15:59:17.001695,20,1.037,0.0011,"aoml_navis",1023.83355643685
"7901009",56,0.143683233979403,5,0.228018,1,0.20559,1,194.357029550733,1,4.88356692340543,22,1,26.8600006103516,36.306999206543,0.228018000721931,0.218582570552826,187.419204711914,-86.4007,25.2028,37.7516006014272,63,63,63,63,61,63,0.209328,8279,1.45687144005964,25,-86,0.001869,51,2024-12-22 15:59:17.001695,22,1.037,0.0011,"aoml_navis",1023.84181038588
"7901009",56,0.143683233979403,5,0.229887,1,0.207459,1,194.277484142165,1,4.88352959740661,23.8999996185303,1,26.8610000610352,36.306999206543,0.229886993765831,0.218582570552826,187.342498779297,-86.4007,25.2028,37.7516006014272,63,63,63,63,61,63,0.209328,8279,1.45687144005964,25,-86,0.001869,51,2024-12-22 15:59:17.001695,23.8999996185303,1.037,0.0011,"aoml_navis",1023.84963585666
"7901009",56,0.143683233979403,5,0.229887,1,0.207459,1,194.274999831613,1,4.88348971344738,26,1,26.863000869751,36.306999206543,0.229886993765831,0.218582570552826,187.340103149414,-86.4007,25.2028,37.7516006014272,63,63,63,63,61,63,0.209328,8279,1.45687144005964,25,-86,0.001869,51,2024-12-22 15:59:17.001695,26,1.037,0.0011,"aoml_navis",1023.8579977412
"7901009",56,0.143683233979403,5,0.254184,1,0.231756,1,194.229364470898,1,4.8834472922436,28,1,26.8619995117188,36.306999206543,0.254184007644653,0.218582570552826,187.296096801758,-86.4007,25.2028,37.7516006014272,63,63,63,63,61,63,0.209328,8279,1.45687144005964,25,-86,0.001869,51,2024-12-22 15:59:17.001695,28,1.037,0.0011,"aoml_navis",1023.86689172248
"7901009",56,0.143683233979403,5,0.237363,1,0.214935,1,194.164455923863,1,4.88340487621918,30,1,26.8610000610352,36.306999206543,0.237362995743752,0.218582570552826,187.233505249023,-86.4007,25.2028,37.7516006014272,63,63,63,63,61,63,0.209328,8279,1.45687144005964,25,-86,0.001869,51,2024-12-22 15:59:17.001695,30,1.037,0.0011,"aoml_navis",1023.87578477234
"7901009",56,0.143683233979403,5,0.214935,1,0.192507,1,194.121510580943,1,4.88336347085217,32.0999984741211,1,26.8619995117188,36.306999206543,0.214935004711151,0.218582570552826,187.192092895508,-86.4007,25.2028,37.7516006014272,63,63,63,63,61,63,0.209328,8279,1.45687144005964,25,-86,0.001869,51,2024-12-22 15:59:17.001695,32.0999984741211,1.037,0.0011,"aoml_navis",1023.88446607426
"7901009",56,0.143683233979403,5,0.228018,1,0.20559,1,194.024654116681,1,4.8833138957208,34.2000007629395,1,26.8600006103516,36.3079986572266,0.228018000721931,0.214935004711151,187.098693847656,-86.4007,25.2028,37.7516006014272,63,63,63,63,61,63,0.209328,8279,1.45687144005964,25,-86,0.001869,51,2024-12-22 15:59:17.001695,34.2000007629395,1.037,0.0011,"aoml_navis",1023.89486049247
"7901009",56,0.143683233979403,5,0.231756,1,0.209328,1,193.841527199362,1,4.88327710140981,36,1,26.8600006103516,36.3079986572266,0.231756001710892,0.218673005700111,186.922103881836,-86.4007,25.2028,37.7516006014272,63,63,63,63,61,63,0.209328,8279,1.45687144005964,25,-86,0.001869,51,2024-12-22 15:59:17.001695,36,1.037,0.0011,"aoml_navis",1023.90257529242
"7901009",56,0.164209410262175,1,0.26166,1,0.239232,1,193.80097122519,1,4.88317156347319,38,1,26.8199996948242,36.3089981079102,0.261660009622574,0.248576998710632,186.882995605469,-86.4007,25.2028,37.7516006014272,63,63,63,63,61,63,0.239232,8279,1.45687144005964,25,-86,0.001869,51,2024-12-22 15:59:17.001695,38,1.037,0.0011,"aoml_navis",1023.92470446885
"7901009",56,0.18986713061564,1,0.29904,1,0.276612,1,194.608498743686,1,4.88276621656233,40,1,26.6159992218018,36.3240013122559,0.299039989709854,0.285957008600235,187.661697387695,-86.4007,25.2028,37.7516006014272,63,63,63,63,61,63,0.276612,8279,1.45687144005964,25,-86,0.001869,51,2024-12-22 15:59:17.001695,40,1.037,0.0011,"aoml_navis",1024.00970643239
"7901009",56,0.198847332739353,1,0.312123,1,0.289695,1,195.435520979379,1,4.88231121135619,42.0999984741211,1,26.3889999389648,36.3429985046387,0.312123000621796,0.299039989709854,188.459197998047,-86.4007,25.2028,37.7516006014272,63,63,63,63,61,63,0.289695,8279,1.45687144005964,25,-86,0.001869,51,2024-12-22 15:59:17.001695,42.0999984741211,1.037,0.0011,"aoml_navis",1024.10513864214
"7901009",56,0.187301358580294,1,0.295302,1,0.272874,1,196.403057085789,1,4.88180474158109,43.9000015258789,1,26.1319999694824,36.3660011291504,0.295302003622055,0.282218992710114,189.392196655273,-86.4007,25.2028,37.7516006014272,63,63,63,63,61,63,0.272874,8279,1.45687144005964,25,-86,0.001869,51,2024-12-22 15:59:17.001695,43.9000015258789,1.037,0.0011,"aoml_navis",1024.21138588608
"7901009",56,0.187301358580294,4,0.295302,1,0.272874,1,197.399012439024,1,4.881274529278,46,1,25.8640003204346,36.3899993896484,0.295302003622055,0.282218992710114,190.352600097656,-86.4007,25.2028,37.7516006014272,63,63,63,63,61,63,0.272874,8279,1.45687144005964,25,-86,0.001869,51,2024-12-22 15:59:17.001695,46,1.037,0.0011,"aoml_navis",1024.32263746075
"7901009",56,0.200130218757026,1,0.313992,1,0.291564,1,198.191602446939,1,4.88081190022957,48.0999984741211,1,25.6350002288818,36.4119987487793,0.313991993665695,0.300909012556076,191.116897583008,-86.4007,25.2028,37.7516006014272,63,63,63,63,61,63,0.291564,8279,1.45687144005964,25,-86,0.001869,51,2024-12-22 15:59:17.001695,48.0999984741211,1.037,0.0011,"aoml_navis",1024.41972815318
"7901009",56,0.198847332739353,1,0.312123,1,0.289695,1,198.746932885314,1,4.88049582268023,50,1,25.4720001220703,36.4220008850098,0.312123000621796,0.299039989709854,191.652404785156,-86.4007,25.2028,37.7516006014272,63,63,63,63,61,63,0.289695,8279,1.45687144005964,25,-86,0.001869,51,2024-12-22 15:59:17.001695,50,1.037,0.0011,"aoml_navis",1024.4860730675
"7901009",56,0.19756444672168,1,0.310254,1,0.287826,1,199.072440862172,1,4.88027148799812,51.9000015258789,1,25.3560009002686,36.4259986877441,0.310254007577896,0.297170996665955,191.966293334961,-86.4007,25.2028,37.7516006014272,63,63,63,63,61,63,0.287826,8279,1.45687144005964,25,-86,0.001869,51,2024-12-22 15:59:17.001695,51.9000015258789,1.037,0.0011,"aoml_navis",1024.53316629952
"7901009",56,0.196281560704006,1,0.308385,1,0.285957,1,199.470247023185,1,4.88003927182732,54,1,25.242000579834,36.431999206543,0.308385014533997,0.295302003622055,192.349899291992,-86.4007,25.2028,37.7516006014272,63,63,63,63,61,63,0.285957,8279,1.45687144005964,25,-86,0.001869,51,2024-12-22 15:59:17.001695,54,1.037,0.0011,"aoml_navis",1024.5819186057
"7901009",56,0.192432902650987,1,0.302778,1,0.28035,1,199.825535079399,1,4.87977253612212,56,1,25.1149997711182,36.443000793457,0.302778005599976,0.289694994688034,192.692504882812,-86.4007,25.2028,37.7516006014272,63,63,63,63,61,63,0.28035,8279,1.45687144005964,25,-86,0.001869,51,2024-12-22 15:59:17.001695,56,1.037,0.0011,"aoml_navis",1024.63792379417
"7901009",56,0.219373509022125,1,0.342027,1,0.319599,1,199.975479836032,1,4.87955816310732,58,1,25.0209999084473,36.4529991149902,0.342027008533478,0.328943997621536,192.837097167969,-86.4007,25.2028,37.7516006014272,63,63,63,63,61,63,0.319599,8279,1.45687144005964,25,-86,0.001869,51,2024-12-22 15:59:17.001695,58,1.037,0.0011,"aoml_navis",1024.68293908315
"7901009",56,0.251445659463956,1,0.388752,1,0.366324,1,200.206220068327,1,4.87935713052727,60,1,24.9309997558594,36.4609985351562,0.388752013444901,0.375669002532959,193.059600830078,-86.4007,25.2028,37.7516006014272,63,63,63,63,61,63,0.366324,8279,1.45687144005964,25,-86,0.001869,51,2024-12-22 15:59:17.001695,60,1.037,0.0011,"aoml_navis",1024.72515666417
"7901009",56,0.229636597163511,1,0.356979,1,0.334551,1,200.427830063752,1,4.87918055566889,62,1,24.8700008392334,36.4739990234375,0.356979012489319,0.343896001577377,193.273300170898,-86.4007,25.2028,37.7516006014272,63,63,63,63,61,63,0.334551,8279,1.45687144005964,25,-86,0.001869,51,2024-12-22 15:59:17.001695,62,1.037,0.0011,"aoml_navis",1024.76224090349
"7901009",56,0.230919483181184,1,0.358848,1,0.33642,1,200.489020056777,1,4.87905477601646,64,1,24.8290004730225,36.4809989929199,0.358848005533218,0.345764994621277,193.332305908203,-86.4007,25.2028,37.7516006014272,63,63,63,63,61,63,0.33642,8279,1.45687144005964,25,-86,0.001869,51,2024-12-22 15:59:17.001695,64,1.037,0.0011,"aoml_navis",1024.78865877425
"7901009",56,0.227070825128164,1,0.353241,1,0.330813,1,200.474810433364,1,4.87897899967067,66,1,24.8099994659424,36.4830017089844,0.353240996599197,0.340157985687256,193.318603515625,-86.4007,25.2028,37.7516006014272,63,63,63,63,61,63,0.330813,8279,1.45687144005964,25,-86,0.001869,51,2024-12-22 15:59:17.001695,66,1.037,0.0011,"aoml_navis",1024.80457496077
"7901009",56,0.238616799287224,1,0.370062,1,0.347634,1,200.442656808894,1,4.87891487039179,68,1,24.798999786377,36.4850006103516,0.370061993598938,0.356979012489319,193.28759765625,-86.4007,25.2028,37.7516006014272,63,63,63,63,61,63,0.347634,8279,1.45687144005964,25,-86,0.001869,51,2024-12-22 15:59:17.001695,68,1.037,0.0011,"aoml_navis",1024.81804516472
"7901009",56,0.24118257132257,1,0.3738,1,0.351372,1,200.000686885137,1,4.8788456969757,70,1,24.7870006561279,36.4879989624023,0.373800009489059,0.360716998577118,192.861404418945,-86.4007,25.2028,37.7516006014272,63,63,63,63,61,63,0.351372,8279,1.45687144005964,25,-86,0.001869,51,2024-12-22 15:59:17.001695,70,1.037,0.0011,"aoml_navis",1024.8325752748
"7901009",56,0.2924980120295,1,0.44856,1,0.426132,1,199.032517833363,1,4.87875398906082,72,1,24.7569999694824,36.4900016784668,0.448559999465942,0.435476988554001,191.927795410156,-86.4007,25.2028,37.7516006014272,63,63,63,63,61,63,0.426132,8279,1.45687144005964,25,-86,0.001869,51,2024-12-22 15:59:17.001695,72,1.037,0.0011,"aoml_navis",1024.85183946783
"7901009",56,0.354076540877816,1,0.538272,1,0.515844,1,197.980356931842,1,4.87865792684958,74,1,24.7189998626709,36.4900016784668,0.538272023200989,0.525188982486725,190.913192749023,-86.4007,25.2028,37.7516006014272,63,63,63,63,61,63,0.515844,8279,1.45687144005964,25,-86,0.001869,51,2024-12-22 15:59:17.001695,74,1.037,0.0011,"aoml_navis",1024.87201910235
"7901009",56,0.3835829192843,1,0.581259,1,0.558831,1,197.536108404776,1,4.87855186674154,76,1,24.6840000152588,36.4939994812012,0.58125901222229,0.568175971508026,190.484802246094,-86.4007,25.2028,37.7516006014272,63,63,63,63,61,63,0.558831,8279,1.45687144005964,25,-86,0.001869,51,2024-12-22 15:59:17.001695,76,1.037,0.0011,"aoml_navis",1024.89429990207
"7901009",56,0.368188287072221,1,0.558831,1,0.536403,1,197.481137099949,1,4.87845522341556,78,1,24.6529998779297,36.4970016479492,0.558830976486206,0.545747995376587,190.431793212891,-86.4007,25.2028,37.7516006014272,63,63,63,63,61,63,0.536403,8279,1.45687144005964,25,-86,0.001869,51,2024-12-22 15:59:17.001695,78,1.037,0.0011,"aoml_navis",1024.91460329513
"7901009",56,0.378451375213607,1,0.573783,1,0.551355,1,197.703791455224,1,4.87837952866545,80,1,24.6240005493164,36.4949989318848,0.573782980442047,0.560699999332428,190.646499633789,-86.4007,25.2028,37.7516006014272,63,63,63,63,61,63,0.551355,8279,1.45687144005964,25,-86,0.001869,51,2024-12-22 15:59:17.001695,80,1.037,0.0011,"aoml_navis",1024.93050625108
"7901009",56,0.341247680701083,4,0.519582,1,0.497154,1,197.520553772466,1,4.87825700996932,82,1,24.5900001525879,36.5040016174316,0.519581973552704,0.506498992443085,190.469802856445,-86.4007,25.2028,37.7516006014272,63,63,63,63,61,63,0.497154,8279,1.45687144005964,25,-86,0.001869,51,2024-12-22 15:59:17.001695,82,1.037,0.0011,"aoml_navis",1024.95624764785
"7901009",56,0.33611613663039,4,0.512106,1,0.489678,1,197.239526031035,1,4.87818503778666,84,1,24.576000213623,36.5069999694824,0.512106001377106,0.499022990465164,190.198806762695,-86.4007,25.2028,37.7516006014272,63,63,63,63,61,63,0.489678,8279,1.45687144005964,25,-86,0.001869,51,2024-12-22 15:59:17.001695,84,1.037,0.0011,"aoml_navis",1024.9713697348
"7901009",56,0.350227882824796,1,0.532665,1,0.510237,1,196.483631030574,1,4.87812171424743,86,1,24.5629997253418,36.507999420166,0.532665014266968,0.519581973552704,189.46989440918,-86.4007,25.2028,37.7516006014272,63,63,63,63,61,63,0.510237,8279,1.45687144005964,25,-86,0.001869,51,2024-12-22 15:59:17.001695,86,1.037,0.0011,"aoml_navis",1024.98467502289
"7901009",56,0.33226747857737,1,0.506499,1,0.484071,1,196.13623896777,1,4.87804902469222,88,1,24.5459995269775,36.5099983215332,0.506498992443085,0.493416011333466,189.134902954102,-86.4007,25.2028,37.7516006014272,63,63,63,63,61,63,0.484071,8279,1.45687144005964,25,-86,0.001869,51,2024-12-22 15:59:17.001695,88,1.037,0.0011,"aoml_navis",1024.99994868655
"7901009",56,0.320721504418311,1,0.489678,1,0.46725,1,195.626543890109,1,4.87800735813622,90,1,24.5480003356934,36.5110015869141,0.489677995443344,0.476595014333725,188.643402099609,-86.4007,25.2028,37.7516006014272,63,63,63,63,61,63,0.46725,8279,1.45687144005964,25,-86,0.001869,51,2024-12-22 15:59:17.001695,90,1.037,0.0011,"aoml_navis",1025.00870394554
"7901009",56,0.309175530259252,4,0.472857,1,0.450429,1,193.670932600242,1,4.87791882363952,92,1,24.5249996185303,36.5149993896484,0.472856998443604,0.459773987531662,186.757598876953,-86.4007,25.2028,37.7516006014272,63,63,63,63,61,63,0.450429,8279,1.45687144005964,25,-86,0.001869,51,2024-12-22 15:59:17.001695,92,1.037,0.0011,"aoml_navis",1025.02730791026
"7901009",56,0.307892644241579,4,0.470988,1,0.44856,1,189.302707644364,1,4.87771646735014,94,1,24.443000793457,36.5270004272461,0.470988005399704,0.457904994487762,182.545303344727,-86.4007,25.2028,37.7516006014272,63,63,63,63,61,63,0.44856,8279,1.45687144005964,25,-86,0.001869,51,2024-12-22 15:59:17.001695,94,1.037,0.0011,"aoml_navis",1025.0698320553
"7901009",56,0.329701706542024,1,0.502761,1,0.480333,1,184.410055807487,1,4.8774222770285,96,1,24.3320007324219,36.5530014038086,0.502761006355286,0.489677995443344,177.827301025391,-86.4007,25.2028,37.7516006014272,63,63,63,63,61,63,0.480333,8279,1.45687144005964,25,-86,0.001869,51,2024-12-22 15:59:17.001695,96,1.037,0.0011,"aoml_navis",1025.13166094902
"7901009",56,0.318155732382965,1,0.48594,1,0.463512,1,177.677843213157,1,4.87713928917748,97.9000015258789,1,24.2119998931885,36.5730018615723,0.485940009355545,0.472856998443604,171.335403442383,-86.4007,25.2028,37.7516006014272,63,63,63,63,61,63,0.463512,8279,1.45687144005964,25,-86,0.001869,51,2024-12-22 15:59:17.001695,97.9000015258789,1.037,0.0011,"aoml_navis",1025.19114249928
"7901009",56,0.323287276453658,1,0.493416,1,0.470988,1,171.809142154731,1,4.87655307771666,100,1,23.9549999237061,36.6220016479492,0.493416011333466,0.480333000421524,165.676193237305,-86.4007,25.2028,37.7516006014272,63,63,63,63,61,63,0.470988,8279,1.45687144005964,25,-86,0.001869,51,2024-12-22 15:59:17.001695,100,1.037,0.0011,"aoml_navis",1025.31438093998
"7901009",56,0.300195328135539,1,0.459774,1,0.437346,1,170.918556380899,1,4.87629880589517,102,1,23.8530006408691,36.640998840332,0.459773987531662,0.446691006422043,164.817398071289,-86.4007,25.2028,37.7516006014272,63,63,63,63,61,63,0.437346,8279,1.45687144005964,25,-86,0.001869,51,2024-12-22 15:59:17.001695,102,1.037,0.0011,"aoml_navis",1025.36784537389
"7901009",56,0.287366467958807,1,0.441084,1,0.418656,1,169.144109877723,1,4.87614145151786,104.400001525879,1,23.7970008850098,36.648998260498,0.441083997488022,0.42800098657608,163.106292724609,-86.4007,25.2028,37.7516006014272,63,63,63,63,61,63,0.418656,8279,1.45687144005964,25,-86,0.001869,51,2024-12-22 15:59:17.001695,104.400001525879,1.037,0.0011,"aoml_navis",1025.40093426609
"7901009",56,0.266840291676035,4,0.41118,1,0.388752,1,158.130164311448,1,4.87561902877539,105.699996948242,1,23.5300006866455,36.681999206543,0.41117998957634,0.398097008466721,152.485504150391,-86.4007,25.2028,37.7516006014272,63,63,63,63,61,63,0.388752,8279,1.45687144005964,25,-86,0.001869,51,2024-12-22 15:59:17.001695,105.699996948242,1.037,0.0011,"aoml_navis",1025.51080601059
"7901009",56,0.279669151852767,1,0.42987,1,0.407442,1,150.46296482603,1,4.87465229230888,108,1,23.0370006561279,36.7459983825684,0.429870009422302,0.416786998510361,145.091995239258,-86.4007,25.2028,37.7516006014272,63,63,63,63,61,63,0.407442,8279,1.45687144005964,25,-86,0.001869,51,2024-12-22 15:59:17.001695,108,1.037,0.0011,"aoml_navis",1025.71418435093
"7901009",56,0.269406063711381,1,0.414918,1,0.39249,1,147.209230066352,1,4.8742300940639,110,1,22.7980003356934,36.7599983215332,0.414918005466461,0.40183499455452,141.954406738281,-86.4007,25.2028,37.7516006014272,63,63,63,63,61,63,0.39249,8279,1.45687144005964,25,-86,0.001869,51,2024-12-22 15:59:17.001695,110,1.037,0.0011,"aoml_navis",1025.80303012147
"7901009",56,0.256577203534649,1,0.396228,1,0.3738,1,144.735410583684,1,4.87380937353206,112,1,22.5480003356934,36.7700004577637,0.396227985620499,0.38314500451088,139.568893432617,-86.4007,25.2028,37.7516006014272,63,63,63,63,61,63,0.3738,8279,1.45687144005964,25,-86,0.001869,51,2024-12-22 15:59:17.001695,112,1.037,0.0011,"aoml_navis",1025.89158023973
"7901009",56,0.243748343357917,1,0.377538,1,0.35511,1,143.021647717241,1,4.87343034751264,114,1,22.3110008239746,36.773998260498,0.377537995576859,0.364455014467239,137.916305541992,-86.4007,25.2028,37.7516006014272,63,63,63,63,61,63,0.35511,8279,1.45687144005964,25,-86,0.001869,51,2024-12-22 15:59:17.001695,114,1.037,0.0011,"aoml_navis",1025.9713678994
"7901009",56,0.230919483181184,1,0.358848,1,0.33642,1,141.521393145571,1,4.87294993501619,116,1,21.992000579834,36.7760009765625,0.358848005533218,0.345764994621277,136.469604492188,-86.4007,25.2028,37.7516006014272,63,63,63,63,61,63,0.33642,8279,1.45687144005964,25,-86,0.001869,51,2024-12-22 15:59:17.001695,116,1.037,0.0011,"aoml_navis",1026.07251596633
"7901009",56,0.200130218757026,1,0.313992,1,0.291564,1,141.573025663605,1,4.87237305970756,118,1,21.568000793457,36.7669982910156,0.313991993665695,0.300909012556076,136.519393920898,-86.4007,25.2028,37.7516006014272,63,63,63,63,61,63,0.291564,8279,1.45687144005964,25,-86,0.001869,51,2024-12-22 15:59:17.001695,118,1.037,0.0011,"aoml_navis",1026.19400007521
"7901009",56,0.19756444672168,1,0.310254,1,0.287826,1,141.351732140862,1,4.87218798922449,120,1,21.4379997253418,36.7589988708496,0.310254007577896,0.297170996665955,136.305999755859,-86.4007,25.2028,37.7516006014272,63,63,63,63,61,63,0.287826,8279,1.45687144005964,25,-86,0.001869,51,2024-12-22 15:59:17.001695,120,1.037,0.0011,"aoml_navis",1026.23298014325
"7901009",56,0.194998674686333,1,0.306516,1,0.284088,1,140.868272648522,1,4.87207670074004,122,1,21.3659992218018,36.7519989013672,0.306515991687775,0.293433010578156,135.839797973633,-86.4007,25.2028,37.7516006014272,63,63,63,63,61,63,0.284088,8279,1.45687144005964,25,-86,0.001869,51,2024-12-22 15:59:17.001695,122,1.037,0.0011,"aoml_navis",1026.25642146408
"7901009",56,0.179604042474254,1,0.284088,1,0.26166,1,141.014071613023,1,4.87176448992053,124,1,21.1140003204346,36.7350006103516,0.284087985754013,0.271005004644394,135.980392456055,-86.4007,25.2028,37.7516006014272,63,63,63,63,61,63,0.26166,8279,1.45687144005964,25,-86,0.001869,51,2024-12-22 15:59:17.001695,124,1.037,0.0011,"aoml_navis",1026.32218990569
"7901009",56,0.173189612385888,1,0.274743,1,0.252315,1,141.103047907509,1,4.87149091528651,126,1,20.8980007171631,36.7210006713867,0.274742990732193,0.261660009622574,136.066192626953,-86.4007,25.2028,37.7516006014272,63,63,63,63,61,63,0.252315,8279,1.45687144005964,25,-86,0.001869,51,2024-12-22 15:59:17.001695,126,1.037,0.0011,"aoml_navis",1026.37982641212
"7901009",56,0.170623840350542,1,0.271005,1,0.248577,1,140.927896101771,1,4.87140096728769,128,1,20.8439998626709,36.7150001525879,0.271005004644394,0.257921993732452,135.89729309082,-86.4007,25.2028,37.7516006014272,63,63,63,63,61,63,0.248577,8279,1.45687144005964,25,-86,0.001869,51,2024-12-22 15:59:17.001695,128,1.037,0.0011,"aoml_navis",1026.39877800573
"7901009",56,0.161643638226829,1,0.257922,1,0.235494,1,140.94677369724,1,4.8712010636334,130,1,20.69700050354,36.7060012817383,0.257921993732452,0.244838997721672,135.915496826172,-86.4007,25.2028,37.7516006014272,63,63,63,63,61,63,0.235494,8279,1.45687144005964,25,-86,0.001869,51,2024-12-22 15:59:17.001695,130,1.037,0.0011,"aoml_navis",1026.44089921235
"7901009",56,0.156512094156136,1,0.250446,1,0.228018,1,140.96658488712,1,4.87097564805617,132,1,20.5380001068115,36.7000007629395,0.250445991754532,0.237362995743752,135.934600830078,-86.4007,25.2028,37.7516006014272,63,63,63,63,61,63,0.228018,8279,1.45687144005964,25,-86,0.001869,51,2024-12-22 15:59:17.001695,132,1.037,0.0011,"aoml_navis",1026.48840012069
"7901009",56,0.153946322120789,1,0.246708,1,0.22428,1,140.711998438253,1,4.8708516700924,134,1,20.443000793457,36.6889991760254,0.246708005666733,0.233624994754791,135.689102172852,-86.4007,25.2028,37.7516006014272,63,63,63,63,61,63,0.22428,8279,1.45687144005964,25,-86,0.001869,51,2024-12-22 15:59:17.001695,134,1.037,0.0011,"aoml_navis",1026.51452736707
"7901009",56,0.137268803891037,1,0.222411,1,0.199983,1,140.933291960996,1,4.87060560991459,136,1,20.2129993438721,36.6640014648438,0.222411006689072,0.20932799577713,135.902496337891,-86.4007,25.2028,37.7516006014272,63,63,63,63,61,63,0.199983,8279,1.45687144005964,25,-86,0.001869,51,2024-12-22 15:59:17.001695,136,1.037,0.0011,"aoml_navis",1026.56638628716
"7901009",56,0.129571487784998,1,0.211197,1,0.188769,1,141.089882643947,1,4.87046799312797,138,1,20.0949993133545,36.648998260498,0.211197003722191,0.198113992810249,136.053497314453,-86.4007,25.2028,37.7516006014272,63,63,63,63,61,63,0.188769,8279,1.45687144005964,25,-86,0.001869,51,2024-12-22 15:59:17.001695,138,1.037,0.0011,"aoml_navis",1026.59539228156
"7901009",56,0.105196653449206,1,0.175686,1,0.153258,1,141.375578357435,1,4.87031300830862,140,1,19.9799995422363,36.6399993896484,0.175686001777649,0.162603005766869,136.328994750977,-86.4007,25.2028,37.7516006014272,63,63,63,63,61,63,0.153258,8279,1.45687144005964,25,-86,0.001869,51,2024-12-22 15:59:17.001695,140,1.037,0.0011,"aoml_navis",1026.62806096244
"7901009",56,0.0718416169897017,1,0.127092,1,0.104664,1,141.817358397583,1,4.8701017266879,142,1,19.863000869751,36.6459999084473,0.127092003822327,0.114009000360966,136.755004882812,-86.4007,25.2028,37.7516006014272,63,63,63,63,61,63,0.104664,8279,1.45687144005964,25,-86,0.001869,51,2024-12-22 15:59:17.001695,142,1.037,0.0011,"aoml_navis",1026.67259958868
"7901009",56,0.062861414865989,1,0.114009,1,0.091581,1,142.075979873144,1,4.8699159468405,144,1,19.6940002441406,36.6269989013672,0.114009000360966,0.100925996899605,137.00439453125,-86.4007,25.2028,37.7516006014272,63,63,63,63,61,63,0.091581,8279,1.45687144005964,25,-86,0.001869,51,2024-12-22 15:59:17.001695,144,1.037,0.0011,"aoml_navis",1026.7117655786
"7901009",56,0.062861414865989,1,0.114009,1,0.091581,1,141.852202039848,1,4.86986005509936,146,1,19.6679992675781,36.6220016479492,0.114009000360966,0.100925996899605,136.788604736328,-86.4007,25.2028,37.7516006014272,63,63,63,63,61,63,0.091581,8279,1.45687144005964,25,-86,0.001869,51,2024-12-22 15:59:17.001695,146,1.037,0.0011,"aoml_navis",1026.72354922486
"7901009",56,0.0641443008836622,1,0.115878,1,0.09345,1,141.639089335929,1,4.8697987365039,148,1,19.628999710083,36.6139984130859,0.115878000855446,0.102794997394085,136.583099365234,-86.4007,25.2028,37.7516006014272,63,63,63,63,61,63,0.09345,8279,1.45687144005964,25,-86,0.001869,51,2024-12-22 15:59:17.001695,148,1.037,0.0011,"aoml_navis",1026.73647732505
"7901009",56,0.0551640987599495,1,0.102795,1,0.080367,1,141.909752597032,1,4.86962287418354,150,1,19.4580001831055,36.5919990539551,0.102794997394085,0.0897120013833046,136.844100952148,-86.4007,25.2028,37.7516006014272,63,63,63,63,61,63,0.080367,8279,1.45687144005964,25,-86,0.001869,51,2024-12-22 15:59:17.001695,150,1.037,0.0011,"aoml_navis",1026.77355704641
"7901009",56,0.0359208084948509,1,0.07476,1,0.052332,1,142.365409964277,1,4.86938256813417,152,1,19.2019996643066,36.5589981079102,0.0747599974274635,0.0616770014166832,137.283493041992,-86.4007,25.2028,37.7516006014272,63,63,63,63,61,63,0.052332,8279,1.45687144005964,25,-86,0.001869,51,2024-12-22 15:59:17.001695,152,1.037,0.0011,"aoml_navis",1026.82422874732
"7901009",56,0.0295063784064846,1,0.065415,1,0.042987,1,142.985870480565,1,4.86913399447373,154,1,18.943000793457,36.5279998779297,0.0654150024056435,0.0523319989442825,137.881805419922,-86.4007,25.2028,37.7516006014272,63,63,63,63,61,63,0.042987,8279,1.45687144005964,25,-86,0.001869,51,2024-12-22 15:59:17.001695,154,1.037,0.0011,"aoml_navis",1026.87664904576
"7901009",56,0.0230919483181184,1,0.05607,1,0.033642,1,143.378170016915,1,4.86894582562742,156,1,18.7609996795654,36.5069999694824,0.0560699999332428,0.0429870001971722,138.260101318359,-86.4007,25.2028,37.7516006014272,63,63,63,63,61,63,0.033642,8279,1.45687144005964,25,-86,0.001869,51,2024-12-22 15:59:17.001695,156,1.037,0.0011,"aoml_navis",1026.91633447281
"7901009",56,0.0115459741590592,4,0.039249,1,0.016821,1,143.816627093904,1,4.86869711509099,158,1,18.5130004882812,36.4809989929199,0.0392489992082119,0.0261659994721413,138.682907104492,-86.4007,25.2028,37.7516006014272,63,63,63,63,61,63,0.016821,8279,1.45687144005964,25,-86,0.001869,51,2024-12-22 15:59:17.001695,158,1.037,0.0011,"aoml_navis",1026.96879304774
"7901009",56,0.0179604042474254,1,0.048594,1,0.026166,1,143.822434367615,1,4.86862422981675,160,1,18.4629993438721,36.4729995727539,0.0485940016806126,0.0355109982192516,138.688507080078,-86.4007,25.2028,37.7516006014272,63,63,63,63,61,63,0.026166,8279,1.45687144005964,25,-86,0.001869,51,2024-12-22 15:59:17.001695,160,1.037,0.0011,"aoml_navis",1026.98416718601
"7901009",56,0.0141117461944057,1,0.042987,1,0.020559,1,143.65878634386,1,4.86858162848205,162,1,18.4559993743896,36.4710006713867,0.0429870001971722,0.0299040004611015,138.530700683594,-86.4007,25.2028,37.7516006014272,63,63,63,63,61,63,0.020559,8279,1.45687144005964,25,-86,0.001869,51,2024-12-22 15:59:17.001695,162,1.037,0.0011,"aoml_navis",1026.99315356019
"7901009",56,0.0115459741590592,1,0.039249,1,0.016821,1,143.39684190514,1,4.86853783345892,164,1,18.4449996948242,36.4679985046387,0.0392489992082119,0.0261659994721413,138.278106689453,-86.4007,25.2028,37.7516006014272,63,63,63,63,61,63,0.016821,8279,1.45687144005964,25,-86,0.001869,51,2024-12-22 15:59:17.001695,164,1.037,0.0011,"aoml_navis",1027.00239189631
"7901009",56,0.00769731610603947,1,0.033642,1,0.011214,1,143.554255417064,1,4.86845907381232,166,1,18.375,36.4550018310547,0.0336420014500618,0.020558999851346,138.429901123047,-86.4007,25.2028,37.7516006014272,63,63,63,63,61,63,0.011214,8279,1.45687144005964,25,-86,0.001869,51,2024-12-22 15:59:17.001695,166,1.037,0.0011,"aoml_navis",1027.01900625914
"7901009",56,0.010263088141386,1,0.03738,1,0.014952,1,143.977569276229,1,4.86835284693236,168,1,18.2849998474121,36.443000793457,0.0373799987137318,0.0242970008403063,138.838104248047,-86.4007,25.2028,37.7516006014272,63,63,63,63,61,63,0.014952,8279,1.45687144005964,25,-86,0.001869,51,2024-12-22 15:59:17.001695,168,1.037,0.0011,"aoml_navis",1027.04141569167
"7901009",56,0.00513154407069298,1,0.029904,1,0.007476,1,144.459572994233,1,4.86826124516339,170,1,18.2159996032715,36.4339981079102,0.0299040004611015,0.0168210007250309,139.30290222168,-86.4007,25.2028,37.7516006014272,63,63,63,63,61,63,0.007476,8279,1.45687144005964,25,-86,0.001869,51,2024-12-22 15:59:17.001695,170,1.037,0.0011,"aoml_navis",1027.06074062223
"7901009",56,0.00641443008836622,1,0.031773,1,0.009345,1,144.952051958005,1,4.86813409836671,172,1,18.1049995422363,36.4210014343262,0.0317730009555817,0.0186899993568659,139.777801513672,-86.4007,25.2028,37.7516006014272,63,63,63,63,61,63,0.009345,8279,1.45687144005964,25,-86,0.001869,51,2024-12-22 15:59:17.001695,172,1.037,0.0011,"aoml_navis",1027.08756557826
"7901009",56,0.00513154407069298,1,0.029904,1,0.007476,1,145.181858595888,1,4.86805138527118,174,1,18.0400009155273,36.4109992980957,0.0299040004611015,0.0168210007250309,139.999404907227,-86.4007,25.2028,37.7516006014272,63,63,63,63,61,63,0.007476,8279,1.45687144005964,25,-86,0.001869,51,2024-12-22 15:59:17.001695,174,1.037,0.0011,"aoml_navis",1027.10501683036
"7901009",56,0.00384865805301973,1,0.028035,1,0.005607,1,145.121602197275,1,4.86796735056895,176,1,17.9890003204346,36.4059982299805,0.0280349999666214,0.0149520002305508,139.941299438477,-86.4007,25.2028,37.7516006014272,63,63,63,63,61,63,0.005607,8279,1.45687144005964,25,-86,0.001869,51,2024-12-22 15:59:17.001695,176,1.037,0.0011,"aoml_navis",1027.12274752944
"7901009",56,0.00256577203534649,1,0.026166,1,0.003738,1,144.478023351582,1,4.86783202378352,178,1,17.8579998016357,36.3889999389648,0.0261659994721413,0.0130829997360706,139.320693969727,-86.4007,25.2028,37.7516006014272,63,63,63,63,61,63,0.003738,8279,1.45687144005964,25,-86,0.001869,51,2024-12-22 15:59:17.001695,178,1.037,0.0011,"aoml_navis",1027.15130176447
"7901009",56,0.00641443008836622,1,0.031773,1,0.009345,1,143.911917018392,1,4.86772217681554,180,1,17.7479991912842,36.3720016479492,0.0317730009555817,0.0186899993568659,138.774795532227,-86.4007,25.2028,37.7516006014272,63,63,63,63,61,63,0.009345,8279,1.45687144005964,25,-86,0.001869,51,2024-12-22 15:59:17.001695,180,1.037,0.0011,"aoml_navis",1027.17448087208
"7901009",56,0.00256577203534649,1,0.026166,1,0.003738,1,142.852809541505,1,4.86767191733895,182,1,17.7189998626709,36.3650016784668,0.0261659994721413,0.0130829997360706,137.753494262695,-86.4007,25.2028,37.7516006014272,63,63,63,63,61,63,0.003738,8279,1.45687144005964,25,-86,0.001869,51,2024-12-22 15:59:17.001695,182,1.037,0.0011,"aoml_navis",1027.18508660982
"7901009",56,0.00513154407069298,1,0.029904,1,0.007476,1,142.182172281519,1,4.86759188354462,184,1,17.6399993896484,36.3499984741211,0.0299040004611015,0.0168210007250309,137.106796264648,-86.4007,25.2028,37.7516006014272,63,63,63,63,61,63,0.007476,8279,1.45687144005964,25,-86,0.001869,51,2024-12-22 15:59:17.001695,184,1.037,0.0011,"aoml_navis",1027.20197576609
"7901009",56,0.00769731610603947,1,0.033642,1,0.011214,1,141.70711513888,1,4.86749082848267,185.899993896484,1,17.5380001068115,36.3339996337891,0.0336420014500618,0.020558999851346,136.648696899414,-86.4007,25.2028,37.7516006014272,63,63,63,63,61,63,0.011214,8279,1.45687144005964,25,-86,0.001869,51,2024-12-22 15:59:17.001695,185.899993896484,1.037,0.0011,"aoml_navis",1027.22330173525
"7901009",56,0.00513154407069298,1,0.029904,1,0.007476,1,141.428271058953,1,4.86737593912951,188,1,17.4179992675781,36.314998626709,0.0299040004611015,0.0168210007250309,136.379806518555,-86.4007,25.2028,37.7516006014272,63,63,63,63,61,63,0.007476,8279,1.45687144005964,25,-86,0.001869,51,2024-12-22 15:59:17.001695,188,1.037,0.0011,"aoml_navis",1027.24754827428
"7901009",56,0.00256577203534649,1,0.026166,1,0.003738,1,140.692298013811,1,4.86729965390028,190,1,17.3570003509521,36.3050003051758,0.0261659994721413,0.0130829997360706,135.670104980469,-86.4007,25.2028,37.7516006014272,63,63,63,63,61,63,0.003738,8279,1.45687144005964,25,-86,0.001869,51,2024-12-22 15:59:17.001695,190,1.037,0.0011,"aoml_navis",1027.26364833391
"7901009",56,0.00256577203534649,1,0.026166,1,0.003738,1,139.697798434912,1,4.86721916983591,192,1,17.2859992980957,36.2929992675781,0.0261659994721413,0.0130829997360706,134.71110534668,-86.4007,25.2028,37.7516006014272,63,63,63,63,61,63,0.003738,8279,1.45687144005964,25,-86,0.001869,51,2024-12-22 15:59:17.001695,192,1.037,0.0011,"aoml_navis",1027.28063510823
"7901009",56,0.00256577203534649,1,0.026166,1,0.003738,1,138.129929474777,1,4.8671246167512,194,1,17.1870002746582,36.2760009765625,0.0261659994721413,0.0130829997360706,133.199203491211,-86.4007,25.2028,37.7516006014272,63,63,63,63,61,63,0.003738,8279,1.45687144005964,25,-86,0.001869,51,2024-12-22 15:59:17.001695,194,1.037,0.0011,"aoml_navis",1027.30059197406
"7901009",56,0.00256577203534649,1,0.026166,1,0.003738,1,136.165915835207,1,4.86698696294818,196,1,17.0249996185303,36.2509994506836,0.0261659994721413,0.0130829997360706,131.305297851562,-86.4007,25.2028,37.7516006014272,63,63,63,63,61,63,0.003738,8279,1.45687144005964,25,-86,0.001869,51,2024-12-22 15:59:17.001695,196,1.037,0.0011,"aoml_navis",1027.32964728783
"7901009",56,0.00256577203534649,1,0.026166,1,0.003738,1,134.621592442597,1,4.86688166015288,198,1,16.9029998779297,36.2299995422363,0.0261659994721413,0.0130829997360706,129.816101074219,-86.4007,25.2028,37.7516006014272,63,63,63,63,61,63,0.003738,8279,1.45687144005964,25,-86,0.001869,51,2024-12-22 15:59:17.001695,198,1.037,0.0011,"aoml_navis",1027.35187521345
"7901009",56,0.00256577203534649,1,0.026166,1,0.003738,1,133.752257809347,1,4.86682265461904,200,1,16.8560009002686,36.2200012207031,0.0261659994721413,0.0130829997360706,128.977798461914,-86.4007,25.2028,37.7516006014272,63,63,63,63,61,63,0.003738,8279,1.45687144005964,25,-86,0.001869,51,2024-12-22 15:59:17.001695,200,1.037,0.0011,"aoml_navis",1027.36433086473
"7901009",56,0.00256577203534649,1,0.026166,1,0.003738,1,133.613199712968,1,4.86674683490973,202,1,16.7910003662109,36.2089996337891,0.0261659994721413,0.0130829997360706,128.843704223633,-86.4007,25.2028,37.7516006014272,63,63,63,63,61,63,0.003738,8279,1.45687144005964,25,-86,0.001869,51,2024-12-22 15:59:17.001695,202,1.037,0.0011,"aoml_navis",1027.38033631304
"7901009",56,0.00256577203534649,1,0.026166,1,0.003738,1,133.695324373893,1,4.86667187554401,204,1,16.7329998016357,36.2000007629395,0.0261659994721413,0.0130829997360706,128.922897338867,-86.4007,25.2028,37.7516006014272,63,63,63,63,61,63,0.003738,8279,1.45687144005964,25,-86,0.001869,51,2024-12-22 15:59:17.001695,204,1.037,0.0011,"aoml_navis",1027.39616063413
"7901009",56,0.00128288601767324,1,0.024297,1,0.001869,1,133.02748789714,1,4.86661138351698,206,1,16.6940002441406,36.193000793457,0.0242970008403063,0.0112140001729131,128.278900146484,-86.4007,25.2028,37.7516006014272,63,63,63,63,61,63,0.001869,8279,1.45687144005964,25,-86,0.001869,51,2024-12-22 15:59:17.001695,206,1.037,0.0011,"aoml_navis",1027.40893117844
"7901009",56,0.00256577203534649,1,0.026166,1,0.003738,1,132.395634364308,1,4.8665448331802,208,1,16.6399993896484,36.1829986572266,0.0261659994721413,0.0130829997360706,127.66960144043,-86.4007,25.2028,37.7516006014272,63,63,63,63,61,63,0.003738,8279,1.45687144005964,25,-86,0.001869,51,2024-12-22 15:59:17.001695,208,1.037,0.0011,"aoml_navis",1027.42298106655
"7901009",56,0.00128288601767324,1,0.024297,1,0.001869,1,131.949091410299,1,4.86642200947221,210,1,16.503999710083,36.1629981994629,0.0242970008403063,0.0112140001729131,127.238998413086,-86.4007,25.2028,37.7516006014272,63,63,63,63,61,63,0.001869,8279,1.45687144005964,25,-86,0.001869,51,2024-12-22 15:59:17.001695,210,1.037,0.0011,"aoml_navis",1027.44891221267
"7901009",56,0.00384865805301973,1,0.028035,1,0.005607,1,131.781099798986,1,4.86632900060967,212,1,16.4099998474121,36.1479988098145,0.0280349999666214,0.0149520002305508,127.077003479004,-86.4007,25.2028,37.7516006014272,63,63,63,63,61,63,0.005607,8279,1.45687144005964,25,-86,0.001869,51,2024-12-22 15:59:17.001695,212,1.037,0.0011,"aoml_navis",1027.4685495727
"7901009",56,0.00128288601767324,1,0.024297,1,0.001869,1,132.13357916015,1,4.86626953502062,214,1,16.3649997711182,36.1389999389648,0.0242970008403063,0.0112140001729131,127.416900634766,-86.4007,25.2028,37.7516006014272,63,63,63,63,61,63,0.001869,8279,1.45687144005964,25,-86,0.001869,51,2024-12-22 15:59:17.001695,214,1.037,0.0011,"aoml_navis",1027.48110519094
"7901009",56,0.00256577203534649,1,0.026166,1,0.003738,1,132.16147622705,1,4.86618519646596,216,1,16.2880001068115,36.1269989013672,0.0261659994721413,0.0130829997360706,127.443801879883,-86.4007,25.2028,37.7516006014272,63,63,63,63,61,63,0.003738,8279,1.45687144005964,25,-86,0.001869,51,2024-12-22 15:59:17.001695,216,1.037,0.0011,"aoml_navis",1027.49891303587
"7901009",56,-0.00256577203534649,1,0.01869,1,-0.003738,1,132.682057964964,1,4.86609190640489,218,1,16.193000793457,36.1119995117188,0.0186899993568659,0.00560700008645654,127.94580078125,-86.4007,25.2028,37.7516006014272,63,63,63,63,61,63,-0.003738,8279,1.45687144005964,25,-86,0.001869,51,2024-12-22 15:59:17.001695,218,1.037,0.0011,"aoml_navis",1027.51861168484
"7901009",56,-0.00128288601767324,1,0.020559,1,-0.001869,1,133.242357024443,1,4.86599060447015,220,1,16.0970001220703,36.0989990234375,0.020558999851346,0.00747600011527538,128.486099243164,-86.4007,25.2028,37.7516006014272,63,63,63,63,61,63,-0.001869,8279,1.45687144005964,25,-86,0.001869,51,2024-12-22 15:59:17.001695,220,1.037,0.0011,"aoml_navis",1027.54000293522
"7901009",56,-0.00128288601767324,1,0.020559,1,-0.001869,1,132.880961045471,1,4.86590820926001,222,1,16.0209999084473,36.0870018005371,0.020558999851346,0.00747600011527538,128.137603759766,-86.4007,25.2028,37.7516006014272,63,63,63,63,61,63,-0.001869,8279,1.45687144005964,25,-86,0.001869,51,2024-12-22 15:59:17.001695,222,1.037,0.0011,"aoml_navis",1027.55740243616
"7901009",56,-0.00128288601767324,1,0.020559,1,-0.001869,1,132.372088796782,1,4.86584582507069,224,1,15.9759998321533,36.0789985656738,0.020558999851346,0.00747600011527538,127.646896362305,-86.4007,25.2028,37.7516006014272,63,63,63,63,61,63,-0.001869,8279,1.45687144005964,25,-86,0.001869,51,2024-12-22 15:59:17.001695,224,1.037,0.0011,"aoml_navis",1027.57057657645
"7901009",56,-0.00256577203534649,1,0.01869,1,-0.003738,1,132.348242580209,1,4.86577986981612,226,1,15.9309997558594,36.0719985961914,0.0186899993568659,0.00560700008645654,127.623901367188,-86.4007,25.2028,37.7516006014272,63,63,63,63,61,63,-0.003738,8279,1.45687144005964,25,-86,0.001869,51,2024-12-22 15:59:17.001695,226,1.037,0.0011,"aoml_navis",1027.58450521292
"7901009",56,-0.00128288601767324,1,0.020559,1,-0.001869,1,132.3508376562,1,4.86571873581757,228,1,15.8870000839233,36.0639991760254,0.020558999851346,0.00747600011527538,127.626403808594,-86.4007,25.2028,37.7516006014272,63,63,63,63,61,63,-0.001869,8279,1.45687144005964,25,-86,0.001869,51,2024-12-22 15:59:17.001695,228,1.037,0.0011,"aoml_navis",1027.59741601872
"7901009",56,-0.00256577203534649,1,0.01869,1,-0.003738,1,132.135652056215,1,4.8656500862801,230.100006103516,1,15.8380002975464,36.0559997558594,0.0186899993568659,0.00560700008645654,127.418899536133,-86.4007,25.2028,37.7516006014272,63,63,63,63,61,63,-0.003738,8279,1.45687144005964,25,-86,0.001869,51,2024-12-22 15:59:17.001695,230.100006103516,1.037,0.0011,"aoml_navis",1027.61191440764
"7901009",56,0.00128288601767324,1,0.024297,1,0.001869,1,131.865716682281,1,4.86560042505133,232,1,15.8090000152588,36.0499992370605,0.0242970008403063,0.0112140001729131,127.158599853516,-86.4007,25.2028,37.7516006014272,63,63,63,63,61,63,0.001869,8279,1.45687144005964,25,-86,0.001869,51,2024-12-22 15:59:17.001695,232,1.037,0.0011,"aoml_navis",1027.62240282961
"7901009",56,-0.00128288601767324,1,0.020559,1,-0.001869,1,131.662462102399,1,4.86552661025951,234,1,15.7399997711182,36.0379981994629,0.020558999851346,0.00747600011527538,126.962600708008,-86.4007,25.2028,37.7516006014272,63,63,63,63,61,63,-0.001869,8279,1.45687144005964,25,-86,0.001869,51,2024-12-22 15:59:17.001695,234,1.037,0.0011,"aoml_navis",1027.63799286534
"7901009",56,-0.00128288601767324,1,0.020559,1,-0.001869,1,131.053940518032,1,4.86545990081602,236,1,15.673999786377,36.0250015258789,0.020558999851346,0.00747600011527538,126.375801086426,-86.4007,25.2028,37.7516006014272,63,63,63,63,61,63,-0.001869,8279,1.45687144005964,25,-86,0.001869,51,2024-12-22 15:59:17.001695,236,1.037,0.0011,"aoml_navis",1027.65208262459
"7901009",56,-0.00128288601767324,1,0.020559,1,-0.001869,1,130.391800549552,1,4.8653476366607,238,1,15.53600025177,36.0029983520508,0.020558999851346,0.00747600011527538,125.737297058105,-86.4007,25.2028,37.7516006014272,63,63,63,63,61,63,-0.001869,8279,1.45687144005964,25,-86,0.001869,51,2024-12-22 15:59:17.001695,238,1.037,0.0011,"aoml_navis",1027.67579490614
"7901009",56,0,1,0.022428,1,0,1,129.458277344618,1,4.86524079636621,240,1,15.4090003967285,35.9830017089844,0.0224280003458261,0.00934499967843294,124.837097167969,-86.4007,25.2028,37.7516006014272,63,63,63,63,61,63,0,8279,1.45687144005964,25,-86,0.001869,51,2024-12-22 15:59:17.001695,240,1.037,0.0011,"aoml_navis",1027.6983625835
"7901009",56,0,1,0.022428,1,0,1,129.086611827121,1,4.86512239197249,242,1,15.2740001678467,35.9640007019043,0.0224280003458261,0.00934499967843294,124.478698730469,-86.4007,25.2028,37.7516006014272,63,63,63,63,61,63,0,8279,1.45687144005964,25,-86,0.001869,51,2024-12-22 15:59:17.001695,242,1.037,0.0011,"aoml_navis",1027.72337408203
"7901009",56,-0.00384865805301973,1,0.016821,1,-0.005607,1,128.654484203767,1,4.86505400316388,244,1,15.2119998931885,35.9529991149902,0.0168210007250309,0.00373800005763769,124.061996459961,-86.4007,25.2028,37.7516006014272,63,63,63,63,61,63,-0.005607,8279,1.45687144005964,25,-86,0.001869,51,2024-12-22 15:59:17.001695,244,1.037,0.0011,"aoml_navis",1027.73782094677
"7901009",56,0,1,0.024297,1,0.001869,1,128.070228162276,1,4.8650094737236,246,1,15.206000328064,35.9519996643066,0.0242970008403063,0,123.498596191406,-86.4007,25.2028,37.7516006014272,63,63,63,63,61,63,0,8279,1.45687144005964,25,-86,0.001869,51,2024-12-22 15:59:17.001695,246,1.037,0.0011,"aoml_navis",1027.74722783285
"7901009",56,0,1,0.01869,1,-0.003738,1,127.199659285568,1,4.86496536144883,248,1,15.1969995498657,35.9500007629395,0.0186899993568659,0,122.659103393555,-86.4007,25.2028,37.7516006014272,63,63,63,63,61,63,0,8279,1.45687144005964,25,-86,0.001869,51,2024-12-22 15:59:17.001695,248,1.037,0.0011,"aoml_navis",1027.75654676212
"7901009",56,0,1,0.01869,1,-0.003738,1,127.028961832826,1,4.86488579494355,250,1,15.1379995346069,35.943000793457,0.0186899993568659,0,122.494499206543,-86.4007,25.2028,37.7516006014272,63,63,63,63,61,63,0,8279,1.45687144005964,25,-86,0.001869,51,2024-12-22 15:59:17.001695,250,1.037,0.0011,"aoml_navis",1027.77335599468
"7901009",56,0,1,0.024297,1,0.001869,1,127.427179408325,1,4.86482265902803,252,1,15.0839996337891,35.9329986572266,0.0242970008403063,0,122.87850189209,-86.4007,25.2028,37.7516006014272,63,63,63,63,61,63,0,8279,1.45687144005964,25,-86,0.001869,51,2024-12-22 15:59:17.001695,252,1.037,0.0011,"aoml_navis",1027.78669448949
"7901009",56,0,1,0.022428,1,0,1,127.819067530189,1,4.86473748163098,254,1,14.9989995956421,35.9199981689453,0.0224280003458261,0,123.256401062012,-86.4007,25.2028,37.7516006014272,63,63,63,63,61,63,0,8279,1.45687144005964,25,-86,0.001869,51,2024-12-22 15:59:17.001695,254,1.037,0.0011,"aoml_navis",1027.80469015641
"7901009",56,0,1,0.01869,1,-0.003738,1,127.748343797625,1,4.8646966288812,256,1,14.9930000305176,35.9179992675781,0.0186899993568659,0,123.188201904297,-86.4007,25.2028,37.7516006014272,63,63,63,63,61,63,0,8279,1.45687144005964,25,-86,0.001869,51,2024-12-22 15:59:17.001695,256,1.037,0.0011,"aoml_navis",1027.81332145473
"7901009",56,0,1,0.020559,1,-0.001869,1,127.618613733542,1,4.86465382548856,258,1,14.9919996261597,35.9179992675781,0.020558999851346,0,123.063102722168,-86.4007,25.2028,37.7516006014272,63,63,63,63,61,63,0,8279,1.45687144005964,25,-86,0.001869,51,2024-12-22 15:59:17.001695,258,1.037,0.0011,"aoml_navis",1027.82236503701
"7901009",56,0,1,0.016821,1,-0.005607,1,127.424481478713,1,4.86461209143375,260,1,14.9919996261597,35.9179992675781,0.0168210007250309,0,122.875900268555,-86.4007,25.2028,37.7516006014272,63,63,63,63,61,63,0,8279,1.45687144005964,25,-86,0.001869,51,2024-12-22 15:59:17.001695,260,1.037,0.0011,"aoml_navis",1027.8311828408
"7901009",56,0,1,0.020559,1,-0.001869,1,127.163359868966,1,4.8645740016621,262,1,14.9919996261597,35.9169998168945,0.020558999851346,0,122.624099731445,-86.4007,25.2028,37.7516006014272,63,63,63,63,61,63,0,8279,1.45687144005964,25,-86,0.001869,51,2024-12-22 15:59:17.001695,262,1.037,0.0011,"aoml_navis",1027.83923079218
"7901009",56,0,1,0.020559,1,-0.001869,1,126.770743859935,1,4.86452462293525,264,1,14.9779996871948,35.9150009155273,0.020558999851346,0,122.245498657227,-86.4007,25.2028,37.7516006014272,63,63,63,63,61,63,0,8279,1.45687144005964,25,-86,0.001869,51,2024-12-22 15:59:17.001695,264,1.037,0.0011,"aoml_navis",1027.84966416369
"7901009",56,0,1,0.020559,1,-0.001869,1,126.25420506053,1,4.86447828622804,266,1,14.960000038147,35.9109992980957,0.020558999851346,0,121.747398376465,-86.4007,25.2028,37.7516006014272,63,63,63,63,61,63,0,8279,1.45687144005964,25,-86,0.001869,51,2024-12-22 15:59:17.001695,266,1.037,0.0011,"aoml_navis",1027.85945497087
"7901009",56,0,1,0.020559,1,-0.001869,1,125.641118357728,1,4.86442859714667,268,1,14.9320001602173,35.9049987792969,0.020558999851346,0,121.156196594238,-86.4007,25.2028,37.7516006014272,63,63,63,63,61,63,0,8279,1.45687144005964,25,-86,0.001869,51,2024-12-22 15:59:17.001695,268,1.037,0.0011,"aoml_navis",1027.86995433191
"7901009",56,0,1,0.024297,1,0.001869,1,124.865435902838,1,4.86434979613891,270,1,14.8559999465942,35.8930015563965,0.0242970008403063,0,120.408203125,-86.4007,25.2028,37.7516006014272,63,63,63,63,61,63,0,8279,1.45687144005964,25,-86,0.001869,51,2024-12-22 15:59:17.001695,270,1.037,0.0011,"aoml_navis",1027.88660551689
"7901009",56,0,1,0.024297,1,0.001869,1,124.722738370618,1,4.8642222282657,272,1,14.706000328064,35.8730010986328,0.0242970008403063,0,120.270599365234,-86.4007,25.2028,37.7516006014272,63,63,63,63,61,63,0,8279,1.45687144005964,25,-86,0.001869,51,2024-12-22 15:59:17.001695,272,1.037,0.0011,"aoml_navis",1027.91356261342
"7901009",56,0,1,0.01869,1,-0.003738,1,124.538044913523,1,4.86415427599799,274,1,14.6499996185303,35.8639984130859,0.0186899993568659,0,120.092498779297,-86.4007,25.2028,37.7516006014272,63,63,63,63,61,63,0,8279,1.45687144005964,25,-86,0.001869,51,2024-12-22 15:59:17.001695,274,1.037,0.0011,"aoml_navis",1027.92792257276
"7901009",56,0,1,0.022428,1,0,1,124.252040639171,1,4.86411194462209,276,1,14.6459999084473,35.8629989624023,0.0224280003458261,0,119.816703796387,-86.4007,25.2028,37.7516006014272,63,63,63,63,61,63,0,8279,1.45687144005964,25,-86,0.001869,51,2024-12-22 15:59:17.001695,276,1.037,0.0011,"aoml_navis",1027.93686842018
"7901009",56,0,1,0.020559,1,-0.001869,1,123.654089242375,1,4.86407738831137,278,1,14.6389999389648,35.859001159668,0.020558999851346,0,119.240097045898,-86.4007,25.2028,37.7516006014272,63,63,63,63,61,63,0,8279,1.45687144005964,25,-86,0.001869,51,2024-12-22 15:59:17.001695,278,1.037,0.0011,"aoml_navis",1027.94417128627
"7901009",56,0,1,0.022428,1,0,1,123.376693024967,1,4.86397102202734,280,1,14.5010004043579,35.8370018005371,0.0224280003458261,0,118.972602844238,-86.4007,25.2028,37.7516006014272,63,63,63,63,61,63,0,8279,1.45687144005964,25,-86,0.001869,51,2024-12-22 15:59:17.001695,280,1.037,0.0011,"aoml_navis",1027.9666505735
"7901009",56,0,1,0.024297,1,0.001869,1,123.284710240004,1,4.86387953047639,282,1,14.4010000228882,35.8219985961914,0.0242970008403063,0,118.883903503418,-86.4007,25.2028,37.7516006014272,63,63,63,63,61,63,0,8279,1.45687144005964,25,-86,0.001869,51,2024-12-22 15:59:17.001695,282,1.037,0.0011,"aoml_navis",1027.98598704402
"7901009",56,0,1,0.024297,1,0.001869,1,123.171049076338,1,4.86380603006025,284,1,14.33899974823,35.8129997253418,0.0242970008403063,0,118.774299621582,-86.4007,25.2028,37.7516006014272,63,63,63,63,61,63,0,8279,1.45687144005964,25,-86,0.001869,51,2024-12-22 15:59:17.001695,284,1.037,0.0011,"aoml_navis",1028.00152166801
"7901009",56,0,1,0.024297,1,0.001869,1,123.075956947277,1,4.86375702773069,286,1,14.3109998703003,35.806999206543,0.0242970008403063,0,118.682601928711,-86.4007,25.2028,37.7516006014272,63,63,63,63,61,63,0,8279,1.45687144005964,25,-86,0.001869,51,2024-12-22 15:59:17.001695,286,1.037,0.0011,"aoml_navis",1028.01187877859
"7901009",56,0,1,0.020559,1,-0.001869,1,123.039760384297,1,4.86369975924209,288,1,14.2749996185303,35.8009986877441,0.020558999851346,0,118.64769744873,-86.4007,25.2028,37.7516006014272,63,63,63,63,61,63,0,8279,1.45687144005964,25,-86,0.001869,51,2024-12-22 15:59:17.001695,288,1.037,0.0011,"aoml_navis",1028.02398328534
"7901009",56,0,1,0.024297,1,0.001869,1,122.887323405294,1,4.86364308235717,290,1,14.2360000610352,35.7939987182617,0.0242970008403063,0,118.500701904297,-86.4007,25.2028,37.7516006014272,63,63,63,63,61,63,0,8279,1.45687144005964,25,-86,0.001869,51,2024-12-22 15:59:17.001695,290,1.037,0.0011,"aoml_navis",1028.03596302892
"7901009",56,0,1,0.024297,1,0.001869,1,122.627863277127,1,4.86357467571435,292,1,14.1750001907349,35.7840003967285,0.0242970008403063,0,118.250503540039,-86.4007,25.2028,37.7516006014272,63,63,63,63,61,63,0,8279,1.45687144005964,25,-86,0.001869,51,2024-12-22 15:59:17.001695,292,1.037,0.0011,"aoml_navis",1028.05042245303
"7901009",56,0,1,0.026166,1,0.003738,1,122.359478619333,1,4.86350586651178,294,1,14.1169996261597,35.7750015258789,0.0261659994721413,0,117.99169921875,-86.4007,25.2028,37.7516006014272,63,63,63,63,61,63,0,8279,1.45687144005964,25,-86,0.001869,51,2024-12-22 15:59:17.001695,294,1.037,0.0011,"aoml_navis",1028.06496737838
"7901009",56,0,1,0.022428,1,0,1,122.109354435278,1,4.86343171429886,296,1,14.0430002212524,35.7630004882812,0.0224280003458261,0,117.750503540039,-86.4007,25.2028,37.7516006014272,63,63,63,63,61,63,0,8279,1.45687144005964,25,-86,0.001869,51,2024-12-22 15:59:17.001695,296,1.037,0.0011,"aoml_navis",1028.08064217281
"7901009",56,0,1,0.024297,1,0.001869,1,121.952550133267,1,4.86334228243443,298,1,13.9359998703003,35.7459983825684,0.0242970008403063,0,117.599296569824,-86.4007,25.2028,37.7516006014272,63,63,63,63,61,63,0,8279,1.45687144005964,25,-86,0.001869,51,2024-12-22 15:59:17.001695,298,1.037,0.0011,"aoml_navis",1028.09954751882
"7901009",56,0,1,0.01869,1,-0.003738,1,121.929218184802,1,4.86325825146712,300,1,13.8409996032715,35.7309989929199,0.0186899993568659,0,117.576797485352,-86.4007,25.2028,37.7516006014272,63,63,63,63,61,63,0,8279,1.45687144005964,25,-86,0.001869,51,2024-12-22 15:59:17.001695,300,1.037,0.0011,"aoml_navis",1028.117311782
"7901009",56,0,1,0.024297,1,0.001869,1,121.942494213803,1,4.86317339739296,302,1,13.7519998550415,35.7179985046387,0.0242970008403063,0,117.589599609375,-86.4007,25.2028,37.7516006014272,63,63,63,63,61,63,0,8279,1.45687144005964,25,-86,0.001869,51,2024-12-22 15:59:17.001695,302,1.037,0.0011,"aoml_navis",1028.13525067405
"7901009",56,0,1,0.022428,1,0,1,121.843461999853,1,4.86311490420591,304,1,13.71399974823,35.7120018005371,0.0224280003458261,0,117.494102478027,-86.4007,25.2028,37.7516006014272,63,63,63,63,61,63,0,8279,1.45687144005964,25,-86,0.001869,51,2024-12-22 15:59:17.001695,304,1.037,0.0011,"aoml_navis",1028.14761700895
"7901009",56,0,1,0.022428,1,0,1,121.653792009838,1,4.86307003063569,306,1,13.6929998397827,35.7070007324219,0.0224280003458261,0,117.31120300293,-86.4007,25.2028,37.7516006014272,63,63,63,63,61,63,0,8279,1.45687144005964,25,-86,0.001869,51,2024-12-22 15:59:17.001695,306,1.037,0.0011,"aoml_navis",1028.15710415472
"7901009",56,0,1,0.024297,1,0.001869,1,121.41942025352,1,4.86300922718266,308,1,13.6490001678467,35.7000007629395,0.0242970008403063,0,117.08519744873,-86.4007,25.2028,37.7516006014272,63,63,63,63,61,63,0,8279,1.45687144005964,25,-86,0.001869,51,2024-12-22 15:59:17.001695,308,1.037,0.0011,"aoml_navis",1028.16995946699
"7901009",56,0,1,0.024297,1,0.001869,1,121.143369045009,1,4.86294207055782,310,1,13.5950002670288,35.6920013427734,0.0242970008403063,0,116.819000244141,-86.4007,25.2028,37.7516006014272,63,63,63,63,61,63,0,8279,1.45687144005964,25,-86,0.001869,51,2024-12-22 15:59:17.001695,310,1.037,0.0011,"aoml_navis",1028.18415836618
"7901009",56,0,1,0.020559,1,-0.001869,1,120.926110548959,1,4.86288797835347,312,1,13.5719995498657,35.6889991760254,0.020558999851346,0,116.609497070312,-86.4007,25.2028,37.7516006014272,63,63,63,63,61,63,0,8279,1.45687144005964,25,-86,0.001869,51,2024-12-22 15:59:17.001695,312,1.037,0.0011,"aoml_navis",1028.19559534517
"7901009",56,0,1,0.022428,1,0,1,120.571036111805,1,4.86284458602771,314,1,13.5559997558594,35.685001373291,0.0224280003458261,0,116.267097473145,-86.4007,25.2028,37.7516006014272,63,63,63,63,61,63,0,8279,1.45687144005964,25,-86,0.001869,51,2024-12-22 15:59:17.001695,314,1.037,0.0011,"aoml_navis",1028.20477018048
"7901009",56,0,1,0.024297,1,0.001869,1,120.232141340508,1,4.86277563520671,316,1,13.5,35.6769981384277,0.0242970008403063,0,115.940299987793,-86.4007,25.2028,37.7516006014272,63,63,63,63,61,63,0,8279,1.45687144005964,25,-86,0.001869,51,2024-12-22 15:59:17.001695,316,1.037,0.0011,"aoml_navis",1028.21934941842
"7901009",56,0,1,0.022428,1,0,1,120.081460784889,1,4.86271180878281,318,1,13.4490003585815,35.6689987182617,0.0224280003458261,0,115.794998168945,-86.4007,25.2028,37.7516006014272,63,63,63,63,61,63,0,8279,1.45687144005964,25,-86,0.001869,51,2024-12-22 15:59:17.001695,318,1.037,0.0011,"aoml_navis",1028.23284550181
"7901009",56,0,1,0.020559,1,-0.001869,1,119.901957479776,1,4.86264439646354,320,1,13.3870000839233,35.6590003967285,0.020558999851346,0,115.62190246582,-86.4007,25.2028,37.7516006014272,63,63,63,63,61,63,0,8279,1.45687144005964,25,-86,0.001869,51,2024-12-22 15:59:17.001695,320,1.037,0.0011,"aoml_navis",1028.2471002067
"7901009",56,0,1,0.022428,1,0,1,119.644150921371,1,4.86257117887889,322,1,13.3079996109009,35.6459999084473,0.0224280003458261,0,115.37329864502,-86.4007,25.2028,37.7516006014272,63,63,63,63,61,63,0,8279,1.45687144005964,25,-86,0.001869,51,2024-12-22 15:59:17.001695,322,1.037,0.0011,"aoml_navis",1028.26258291458
"7901009",56,0,1,0.024297,1,0.001869,1,119.452819449777,1,4.86250251889753,324,1,13.2370004653931,35.6339988708496,0.0242970008403063,0,115.18879699707,-86.4007,25.2028,37.7516006014272,63,63,63,63,61,63,0,8279,1.45687144005964,25,-86,0.001869,51,2024-12-22 15:59:17.001695,324,1.037,0.0011,"aoml_navis",1028.27710228799
"7901009",56,0,1,0.022428,1,0,1,119.406258406468,1,4.86242456147876,326,1,13.1490001678467,35.6199989318848,0.0224280003458261,0,115.143898010254,-86.4007,25.2028,37.7516006014272,63,63,63,63,61,63,0,8279,1.45687144005964,25,-86,0.001869,51,2024-12-22 15:59:17.001695,326,1.037,0.0011,"aoml_navis",1028.29358826688
"7901009",56,0,1,0.024297,1,0.001869,1,119.404288364024,1,4.86235330070369,328,1,13.0860004425049,35.6110000610352,0.0242970008403063,0,115.141998291016,-86.4007,25.2028,37.7516006014272,63,63,63,63,61,63,0,8279,1.45687144005964,25,-86,0.001869,51,2024-12-22 15:59:17.001695,328,1.037,0.0011,"aoml_navis",1028.3086585412
"7901009",56,0,1,0.020559,1,-0.001869,1,119.205598902578,1,4.86230146774682,330,1,13.0500001907349,35.6040000915527,0.020558999851346,0,114.950401306152,-86.4007,25.2028,37.7516006014272,63,63,63,63,61,63,0,8279,1.45687144005964,25,-86,0.001869,51,2024-12-22 15:59:17.001695,330,1.037,0.0011,"aoml_navis",1028.3196204856
"7901009",56,0,1,0.028035,1,0.005607,1,119.032211432041,1,4.86222573595654,332,1,12.9709997177124,35.5919990539551,0.0280349999666214,0,114.783203125,-86.4007,25.2028,37.7516006014272,63,63,63,63,61,63,0,8279,1.45687144005964,25,-86,0.001869,51,2024-12-22 15:59:17.001695,332,1.037,0.0011,"aoml_navis",1028.33563711874
"7901009",56,0,1,0.024297,1,0.001869,1,118.930061962175,1,4.86214634895712,334,1,12.8879995346069,35.5800018310547,0.0242970008403063,0,114.684700012207,-86.4007,25.2028,37.7516006014272,63,63,63,63,61,63,0,8279,1.45687144005964,25,-86,0.001869,51,2024-12-22 15:59:17.001695,334,1.037,0.0011,"aoml_navis",1028.35242733334
"7901009",56,0,1,0.022428,1,0,1,118.768803307168,1,4.86209481042229,336,1,12.8520002365112,35.5730018615723,0.0224280003458261,0,114.529197692871,-86.4007,25.2028,37.7516006014272,63,63,63,63,61,63,0,8279,1.45687144005964,25,-86,0.001869,51,2024-12-22 15:59:17.001695,336,1.037,0.0011,"aoml_navis",1028.36332793883
"7901009",56,0,1,0.020559,1,-0.001869,1,118.554764920654,1,4.86204381236617,338,1,12.8240003585815,35.568000793457,0.020558999851346,0,114.322799682617,-86.4007,25.2028,37.7516006014272,63,63,63,63,61,63,0,8279,1.45687144005964,25,-86,0.001869,51,2024-12-22 15:59:17.001695,338,1.037,0.0011,"aoml_navis",1028.3741144584
"7901009",56,0,1,0.022428,1,0,1,118.391536223203,1,4.86197267194394,340,1,12.7639999389648,35.560001373291,0.0224280003458261,0,114.165397644043,-86.4007,25.2028,37.7516006014272,63,63,63,63,61,63,0,8279,1.45687144005964,25,-86,0.001869,51,2024-12-22 15:59:17.001695,340,1.037,0.0011,"aoml_navis",1028.3891616365
"7901009",56,0,1,0.022428,1,0,1,118.220640975035,1,4.86190199807462,342,1,12.6929998397827,35.548999786377,0.0224280003458261,0,114.000602722168,-86.4007,25.2028,37.7516006014272,63,63,63,63,61,63,0,8279,1.45687144005964,25,-86,0.001869,51,2024-12-22 15:59:17.001695,342,1.037,0.0011,"aoml_navis",1028.40411056827
"7901009",56,0,1,0.022428,1,0,1,118.030448805095,1,4.86183312363393,344,1,12.6350002288818,35.5410003662109,0.0224280003458261,0,113.817199707031,-86.4007,25.2028,37.7516006014272,63,63,63,63,61,63,0,8279,1.45687144005964,25,-86,0.001869,51,2024-12-22 15:59:17.001695,344,1.037,0.0011,"aoml_navis",1028.41867930317
"7901009",56,0,1,0.026166,1,0.003738,1,117.766629265736,1,4.86177678114345,346,1,12.6049995422363,35.5369987487793,0.0261659994721413,0,113.562797546387,-86.4007,25.2028,37.7516006014272,63,63,63,63,61,63,0,8279,1.45687144005964,25,-86,0.001869,51,2024-12-22 15:59:17.001695,346,1.037,0.0011,"aoml_navis",1028.43059751173
"7901009",56,0,1,0.028035,1,0.005607,1,117.358561478016,1,4.86172817585375,348,1,12.5830001831055,35.5330009460449,0.0280349999666214,0,113.169296264648,-86.4007,25.2028,37.7516006014272,63,63,63,63,61,63,0,8279,1.45687144005964,25,-86,0.001869,51,2024-12-22 15:59:17.001695,348,1.037,0.0011,"aoml_navis",1028.44087928095
"7901009",56,0,1,0.024297,1,0.001869,1,116.690930708506,1,4.86167767461432,350,1,12.5590000152588,35.5289993286133,0.0242970008403063,0,112.525497436523,-86.4007,25.2028,37.7516006014272,63,63,63,63,61,63,0,8279,1.45687144005964,25,-86,0.001869,51,2024-12-22 15:59:17.001695,350,1.037,0.0011,"aoml_navis",1028.45156232959
"7901009",56,0,1,0.022428,1,0,1,116.305783454765,1,4.86161507207999,352,1,12.5109996795654,35.5219993591309,0.0224280003458261,0,112.154098510742,-86.4007,25.2028,37.7516006014272,63,63,63,63,61,63,0,8279,1.45687144005964,25,-86,0.001869,51,2024-12-22 15:59:17.001695,352,1.037,0.0011,"aoml_navis",1028.4648055982
"7901009",56,0,1,0.024297,1,0.001869,1,115.99322712241,1,4.86155448456784,354,1,12.4650001525879,35.5149993896484,0.0242970008403063,0,111.852699279785,-86.4007,25.2028,37.7516006014272,63,63,63,63,61,63,0,8279,1.45687144005964,25,-86,0.001869,51,2024-12-22 15:59:17.001695,354,1.037,0.0011,"aoml_navis",1028.47762292321
"7901009",56,0,1,0.026166,1,0.003738,1,115.673099181143,1,4.86148581013342,356,1,12.3990001678467,35.5050010681152,0.0261659994721413,0,111.543998718262,-86.4007,25.2028,37.7516006014272,63,63,63,63,61,63,0,8279,1.45687144005964,25,-86,0.001869,51,2024-12-22 15:59:17.001695,356,1.037,0.0011,"aoml_navis",1028.49215142783
"7901009",56,0,1,0.024297,1,0.001869,1,115.555917258892,1,4.86141336384225,358,1,12.3249998092651,35.4939994812012,0.0242970008403063,0,111.430999755859,-86.4007,25.2028,37.7516006014272,63,63,63,63,61,63,0,8279,1.45687144005964,25,-86,0.001869,51,2024-12-22 15:59:17.001695,358,1.037,0.0011,"aoml_navis",1028.50747833717
"7901009",56,0,1,0.029904,1,0.007476,1,115.520551436702,1,4.86134698720292,360,1,12.2609996795654,35.484001159668,0.0299040004611015,0,111.396896362305,-86.4007,25.2028,37.7516006014272,63,63,63,63,61,63,0,8279,1.45687144005964,25,-86,0.001869,51,2024-12-22 15:59:17.001695,360,1.037,0.0011,"aoml_navis",1028.52152153756
"7901009",56,0,1,0.022428,1,0,1,115.524285814347,1,4.86128283051225,362,1,12.2030000686646,35.4749984741211,0.0224280003458261,0,111.400497436523,-86.4007,25.2028,37.7516006014272,63,63,63,63,61,63,0,8279,1.45687144005964,25,-86,0.001869,51,2024-12-22 15:59:17.001695,362,1.037,0.0011,"aoml_navis",1028.53509543141
"7901009",56,0,1,0.022428,1,0,1,115.429193685285,1,4.86121596602228,364,1,12.1420001983643,35.4659996032715,0.0224280003458261,0,111.308799743652,-86.4007,25.2028,37.7516006014272,63,63,63,63,61,63,0,8279,1.45687144005964,25,-86,0.001869,51,2024-12-22 15:59:17.001695,364,1.037,0.0011,"aoml_navis",1028.54924260674
"7901009",56,0,1,0.022428,1,0,1,115.523455073557,1,4.86113177597482,366,1,12.0430002212524,35.4519996643066,0.0224280003458261,0,111.399696350098,-86.4007,25.2028,37.7516006014272,63,63,63,63,61,63,0,8279,1.45687144005964,25,-86,0.001869,51,2024-12-22 15:59:17.001695,366,1.037,0.0011,"aoml_navis",1028.56705607355
"7901009",56,0,1,0.024297,1,0.001869,1,115.49338225697,1,4.86107970630662,368,1,12.0089998245239,35.4459991455078,0.0242970008403063,0,111.370697021484,-86.4007,25.2028,37.7516006014272,63,63,63,63,61,63,0,8279,1.45687144005964,25,-86,0.001869,51,2024-12-22 15:59:17.001695,368,1.037,0.0011,"aoml_navis",1028.57807361462
"7901009",56,0,1,0.026166,1,0.003738,1,115.323420603213,1,4.86103724538504,370,1,11.9930000305176,35.4420013427734,0.0261659994721413,0,111.206802368164,-86.4007,25.2028,37.7516006014272,63,63,63,63,61,63,0,8279,1.45687144005964,25,-86,0.001869,51,2024-12-22 15:59:17.001695,370,1.037,0.0011,"aoml_navis",1028.58705819358
"7901009",56,0,1,0.024297,1,0.001869,1,115.155626787327,1,4.8609803912805,372,1,11.9460000991821,35.4339981079102,0.0242970008403063,0,111.044998168945,-86.4007,25.2028,37.7516006014272,63,63,63,63,61,63,0,8279,1.45687144005964,25,-86,0.001869,51,2024-12-22 15:59:17.001695,372,1.037,0.0011,"aoml_navis",1028.59908856429
"7901009",56,0,1,0.026166,1,0.003738,1,114.90767835296,1,4.86090757654412,374,1,11.8739995956421,35.423999786377,0.0261659994721413,0,110.80590057373,-86.4007,25.2028,37.7516006014272,63,63,63,63,61,63,0,8279,1.45687144005964,25,-86,0.001869,51,2024-12-22 15:59:17.001695,374,1.037,0.0011,"aoml_navis",1028.61449662756
"7901009",56,0,1,0.020559,1,-0.001869,1,114.79226076591,1,4.86082754412453,376,1,11.793999671936,35.4140014648438,0.020558999851346,0,110.694602966309,-86.4007,25.2028,37.7516006014272,63,63,63,63,61,63,0,8279,1.45687144005964,25,-86,0.001869,51,2024-12-22 15:59:17.001695,376,1.037,0.0011,"aoml_navis",1028.63143253121
"7901009",56,0,1,0.028035,1,0.005607,1,114.769751646418,1,4.86076175833551,378,1,11.7329998016357,35.4049987792969,0.0280349999666214,0,110.672897338867,-86.4007,25.2028,37.7516006014272,63,63,63,63,61,63,0,8279,1.45687144005964,25,-86,0.001869,51,2024-12-22 15:59:17.001695,378,1.037,0.0011,"aoml_navis",1028.64535407968
"7901009",56,0,1,0.028035,1,0.005607,1,114.644278139904,1,4.86071575637013,380,1,11.7130002975464,35.4010009765625,0.0280349999666214,0,110.551902770996,-86.4007,25.2028,37.7516006014272,63,63,63,63,61,63,0,8279,1.45687144005964,25,-86,0.001869,51,2024-12-22 15:59:17.001695,380,1.037,0.0011,"aoml_navis",1028.65508921136
"7901009",56,0,1,0.026166,1,0.003738,1,114.567430660948,1,4.86065115960068,382,1,11.66100025177,35.3940010070801,0.0261659994721413,0,110.477798461914,-86.4007,25.2028,37.7516006014272,63,63,63,63,61,63,0,8279,1.45687144005964,25,-86,0.001869,51,2024-12-22 15:59:17.001695,382,1.037,0.0011,"aoml_navis",1028.66875976567
"7901009",56,0,1,0.028035,1,0.005607,1,114.4325183567,1,4.86059032456662,384,1,11.6049995422363,35.3849983215332,0.0280349999666214,0,110.347702026367,-86.4007,25.2028,37.7516006014272,63,63,63,63,61,63,0,8279,1.45687144005964,25,-86,0.001869,51,2024-12-22 15:59:17.001695,384,1.037,0.0011,"aoml_navis",1028.68163455965
"7901009",56,0,1,0.024297,1,0.001869,1,114.230086605791,1,4.86053058859727,386,1,11.5659999847412,35.3800010681152,0.0242970008403063,0,110.152496337891,-86.4007,25.2028,37.7516006014272,63,63,63,63,61,63,0,8279,1.45687144005964,25,-86,0.001869,51,2024-12-22 15:59:17.001695,386,1.037,0.0011,"aoml_navis",1028.69427706718
"7901009",56,0,1,0.028035,1,0.005607,1,114.162369363705,1,4.8604681492545,388,1,11.5159997940063,35.3730010986328,0.0280349999666214,0,110.087196350098,-86.4007,25.2028,37.7516006014272,63,63,63,63,61,63,0,8279,1.45687144005964,25,-86,0.001869,51,2024-12-22 15:59:17.001695,388,1.037,0.0011,"aoml_navis",1028.70749204825
"7901009",56,0,1,0.029904,1,0.007476,1,114.028390653868,1,4.86041682524213,390,1,11.4899997711182,35.3689994812012,0.0299040004611015,0,109.958000183105,-86.4007,25.2028,37.7516006014272,63,63,63,63,61,63,0,8279,1.45687144005964,25,-86,0.001869,51,2024-12-22 15:59:17.001695,390,1.037,0.0011,"aoml_navis",1028.71835477833
"7901009",56,0,1,0.026166,1,0.003738,1,113.921058943838,1,4.86036093373326,392,1,11.4589996337891,35.3650016784668,0.0261659994721413,0,109.854499816895,-86.4007,25.2028,37.7516006014272,63,63,63,63,61,63,0,8279,1.45687144005964,25,-86,0.001869,51,2024-12-22 15:59:17.001695,392,1.037,0.0011,"aoml_navis",1028.73018448025
"7901009",56,0,1,0.026166,1,0.003738,1,113.712622123792,1,4.86031332456958,394,1,11.4409999847412,35.3619995117188,0.0261659994721413,0,109.653503417969,-86.4007,25.2028,37.7516006014272,63,63,63,63,61,63,0,8279,1.45687144005964,25,-86,0.001869,51,2024-12-22 15:59:17.001695,394,1.037,0.0011,"aoml_navis",1028.74026139926
"7901009",56,0,1,0.028035,1,0.005607,1,113.520768472273,1,4.86026025498204,396,1,11.4090003967285,35.3569984436035,0.0280349999666214,0,109.46849822998,-86.4007,25.2028,37.7516006014272,63,63,63,63,61,63,0,8279,1.45687144005964,25,-86,0.001869,51,2024-12-22 15:59:17.001695,396,1.037,0.0011,"aoml_navis",1028.75149430007
"7901009",56,0,1,0.024297,1,0.001869,1,113.431689324165,1,4.86018270772471,398,1,11.3299999237061,35.3470001220703,0.0242970008403063,0,109.382598876953,-86.4007,25.2028,37.7516006014272,63,63,63,63,61,63,0,8279,1.45687144005964,25,-86,0.001869,51,2024-12-22 15:59:17.001695,398,1.037,0.0011,"aoml_navis",1028.7679086741
"7901009",56,0,1,0.028035,1,0.005607,1,113.401205093092,1,4.86012617737021,400,1,11.289999961853,35.3409996032715,0.0280349999666214,0,109.353202819824,-86.4007,25.2028,37.7516006014272,63,63,63,63,61,63,0,8279,1.45687144005964,25,-86,0.001869,51,2024-12-22 15:59:17.001695,400,1.037,0.0011,"aoml_navis",1028.77987474504
"7901009",56,0,1,0.026166,1,0.003738,1,113.273445071452,1,4.86008510175348,402,1,11.2709999084473,35.3359985351562,0.0261659994721413,0,109.230003356934,-86.4007,25.2028,37.7516006014272,63,63,63,63,61,63,0,8279,1.45687144005964,25,-86,0.001869,51,2024-12-22 15:59:17.001695,402,1.037,0.0011,"aoml_navis",1028.78856960674
"7901009",56,0,1,0.026166,1,0.003738,1,113.392074856222,1,4.86001616206514,404,1,11.201000213623,35.326000213623,0.0261659994721413,0,109.344398498535,-86.4007,25.2028,37.7516006014272,63,63,63,63,61,63,0,8279,1.45687144005964,25,-86,0.001869,51,2024-12-22 15:59:17.001695,404,1.037,0.0011,"aoml_navis",1028.80316304861
"7901009",56,0,1,0.024297,1,0.001869,1,113.749016482199,1,4.85994234947869,406,1,11.1049995422363,35.3110008239746,0.0242970008403063,0,109.688598632812,-86.4007,25.2028,37.7516006014272,63,63,63,63,61,63,0,8279,1.45687144005964,25,-86,0.001869,51,2024-12-22 15:59:17.001695,406,1.037,0.0011,"aoml_navis",1028.81878846492
"7901009",56,0,1,0.024297,1,0.001869,1,113.787491648487,1,4.85987588591979,408,1,11.0290002822876,35.298999786377,0.0242970008403063,0,109.725700378418,-86.4007,25.2028,37.7516006014272,63,63,63,63,61,63,0,8279,1.45687144005964,25,-86,0.001869,51,2024-12-22 15:59:17.001695,408,1.037,0.0011,"aoml_navis",1028.83285856871
"7901009",56,0,1,0.022428,1,0,1,113.739063416356,1,4.85981977938724,410,1,10.9930000305176,35.2939987182617,0.0224280003458261,0,109.679000854492,-86.4007,25.2028,37.7516006014272,63,63,63,63,61,63,0,8279,1.45687144005964,25,-86,0.001869,51,2024-12-22 15:59:17.001695,410,1.037,0.0011,"aoml_navis",1028.84473642569
"7901009",56,0,1,0.026166,1,0.003738,1,113.881033061408,1,4.85975220424635,412,1,10.9399995803833,35.2879981994629,0.0261659994721413,0,109.815902709961,-86.4007,25.2028,37.7516006014272,63,63,63,63,61,63,0,8279,1.45687144005964,25,-86,0.001869,51,2024-12-22 15:59:17.001695,412,1.037,0.0011,"aoml_navis",1028.8590425724
"7901009",56,0,1,0.022428,1,0,1,114.102848764077,1,4.85968883553698,414,1,10.871000289917,35.2770004272461,0.0224280003458261,0,110.029800415039,-86.4007,25.2028,37.7516006014272,63,63,63,63,61,63,0,8279,1.45687144005964,25,-86,0.001869,51,2024-12-22 15:59:17.001695,414,1.037,0.0011,"aoml_navis",1028.87245854858
"7901009",56,0,1,0.029904,1,0.007476,1,114.232887389025,1,4.85964296316445,416,1,10.8380002975464,35.2700004577637,0.0299040004611015,0,110.155197143555,-86.4007,25.2028,37.7516006014272,63,63,63,63,61,63,0,8279,1.45687144005964,25,-86,0.001869,51,2024-12-22 15:59:17.001695,416,1.037,0.0011,"aoml_navis",1028.88217054204
"7901009",56,0,1,0.028035,1,0.005607,1,114.446514361052,1,4.8595911686876,418,1,10.789999961853,35.2610015869141,0.0280349999666214,0,110.361198425293,-86.4007,25.2028,37.7516006014272,63,63,63,63,61,63,0,8279,1.45687144005964,25,-86,0.001869,51,2024-12-22 15:59:17.001695,418,1.037,0.0011,"aoml_navis",1028.89313657023
"7901009",56,0,1,0.029904,1,0.007476,1,114.822436436119,1,4.85950442253544,420,1,10.668999671936,35.2439994812012,0.0299040004611015,0,110.723701477051,-86.4007,25.2028,37.7516006014272,63,63,63,63,61,63,0,8279,1.45687144005964,25,-86,0.001869,51,2024-12-22 15:59:17.001695,420,1.037,0.0011,"aoml_navis",1028.91150315926
"7901009",56,0,1,0.022428,1,0,1,114.984312212856,1,4.85943679085232,422,1,10.5900001525879,35.2319984436035,0.0224280003458261,0,110.87979888916,-86.4007,25.2028,37.7516006014272,63,63,63,63,61,63,0,8279,1.45687144005964,25,-86,0.001869,51,2024-12-22 15:59:17.001695,422,1.037,0.0011,"aoml_navis",1028.92582313495
"7901009",56,0,1,0.026166,1,0.003738,1,115.008166341246,1,4.85939414859399,424,1,10.5769996643066,35.2290000915527,0.0261659994721413,0,110.902801513672,-86.4007,25.2028,37.7516006014272,63,63,63,63,61,63,0,8279,1.45687144005964,25,-86,0.001869,51,2024-12-22 15:59:17.001695,424,1.037,0.0011,"aoml_navis",1028.9348521866
"7901009",56,0,1,0.024297,1,0.001869,1,115.003189808325,1,4.85935431883329,426,1,10.5629997253418,35.2249984741211,0.0242970008403063,0,110.898002624512,-86.4007,25.2028,37.7516006014272,63,63,63,63,61,63,0,8279,1.45687144005964,25,-86,0.001869,51,2024-12-22 15:59:17.001695,426,1.037,0.0011,"aoml_navis",1028.94328586446
"7901009",56,0,1,0.029904,1,0.007476,1,115.071009904033,1,4.85930187807468,428,1,10.5220003128052,35.2179985046387,0.0299040004611015,0,110.963401794434,-86.4007,25.2028,37.7516006014272,63,63,63,63,61,63,0,8279,1.45687144005964,25,-86,0.001869,51,2024-12-22 15:59:17.001695,428,1.037,0.0011,"aoml_navis",1028.95439004524
"7901009",56,0,1,0.026166,1,0.003738,1,115.181759519026,1,4.85923642482596,430,1,10.4659996032715,35.2109985351562,0.0261659994721413,0,111.070198059082,-86.4007,25.2028,37.7516006014272,63,63,63,63,61,63,0,8279,1.45687144005964,25,-86,0.001869,51,2024-12-22 15:59:17.001695,430,1.037,0.0011,"aoml_navis",1028.96824991986
"7901009",56,0,1,0.028035,1,0.005607,1,115.17243148673,1,4.85918133918396,432,1,10.4259996414185,35.2050018310547,0.0280349999666214,0,111.06120300293,-86.4007,25.2028,37.7516006014272,63,63,63,63,61,63,0,8279,1.45687144005964,25,-86,0.001869,51,2024-12-22 15:59:17.001695,432,1.037,0.0011,"aoml_navis",1028.97991471948
"7901009",56,0,1,0.026166,1,0.003738,1,115.164029137029,1,4.85912903396872,434,1,10.4060001373291,35.2029991149902,0.0261659994721413,0,111.053100585938,-86.4007,25.2028,37.7516006014272,63,63,63,63,61,63,0,8279,1.45687144005964,25,-86,0.001869,51,2024-12-22 15:59:17.001695,434,1.037,0.0011,"aoml_navis",1028.99099098758
"7901009",56,0,1,0.029904,1,0.007476,1,115.097245489353,1,4.85907981602274,436,1,10.3979997634888,35.2029991149902,0.0299040004611015,0,110.988700866699,-86.4007,25.2028,37.7516006014272,63,63,63,63,61,63,0,8279,1.45687144005964,25,-86,0.001869,51,2024-12-22 15:59:17.001695,436,1.037,0.0011,"aoml_navis",1029.00141370648
"7901009",56,0,1,0.024297,1,0.001869,1,115.058256054957,1,4.85902732122157,438,1,10.3819999694824,35.2019996643066,0.0242970008403063,0,110.951103210449,-86.4007,25.2028,37.7516006014272,63,63,63,63,61,63,0,8279,1.45687144005964,25,-86,0.001869,51,2024-12-22 15:59:17.001695,438,1.037,0.0011,"aoml_navis",1029.01253058667
"7901009",56,0,1,0.026166,1,0.003738,1,114.966265358177,1,4.85898091180362,440,1,10.3730001449585,35.201000213623,0.0261659994721413,0,110.862396240234,-86.4007,25.2028,37.7516006014272,63,63,63,63,61,63,0,8279,1.45687144005964,25,-86,0.001869,51,2024-12-22 15:59:17.001695,440,1.037,0.0011,"aoml_navis",1029.02235895881
"7901009",56,0,1,0.028035,1,0.005607,1,114.878539130784,1,4.85892496084632,442,1,10.3529996871948,35.2000007629395,0.0280349999666214,0,110.777801513672,-86.4007,25.2028,37.7516006014272,63,63,63,63,61,63,0,8279,1.45687144005964,25,-86,0.001869,51,2024-12-22 15:59:17.001695,442,1.037,0.0011,"aoml_navis",1029.03420824369
"7901009",56,0,1,0.028035,1,0.005607,1,114.918984339517,1,4.85885753041476,444,1,10.3070001602173,35.1959991455078,0.0280349999666214,0,110.816802978516,-86.4007,25.2028,37.7516006014272,63,63,63,63,61,63,0,8279,1.45687144005964,25,-86,0.001869,51,2024-12-22 15:59:17.001695,444,1.037,0.0011,"aoml_navis",1029.04848901244
"7901009",56,0,1,0.024297,1,0.001869,1,114.833220242751,1,4.85880312968207,446,1,10.2760000228882,35.1920013427734,0.0242970008403063,0,110.734100341797,-86.4007,25.2028,37.7516006014272,63,63,63,63,61,63,0,8279,1.45687144005964,25,-86,0.001869,51,2024-12-22 15:59:17.001695,446,1.037,0.0011,"aoml_navis",1029.06001057243
"7901009",56,0,1,0.026166,1,0.003738,1,114.690522710531,1,4.85875028976934,448,1,10.2510004043579,35.1889991760254,0.0261659994721413,0,110.596496582031,-86.4007,25.2028,37.7516006014272,63,63,63,63,61,63,0,8279,1.45687144005964,25,-86,0.001869,51,2024-12-22 15:59:17.001695,448,1.037,0.0011,"aoml_navis",1029.07120181255
"7901009",56,0,1,0.024297,1,0.001869,1,114.373092698876,1,4.85870133085491,450,1,10.2390003204346,35.1879997253418,0.0242970008403063,0,110.290397644043,-86.4007,25.2028,37.7516006014272,63,63,63,63,61,63,0,8279,1.45687144005964,25,-86,0.001869,51,2024-12-22 15:59:17.001695,450,1.037,0.0011,"aoml_navis",1029.08157129309
"7901009",56,0,1,0.031773,1,0.009345,1,113.980690308905,1,4.85865626693621,452,1,10.2229995727539,35.185001373291,0.0317730009555817,0,109.912002563477,-86.4007,25.2028,37.7516006014272,63,63,63,63,61,63,0,8279,1.45687144005964,25,-86,0.001869,51,2024-12-22 15:59:17.001695,452,1.037,0.0011,"aoml_navis",1029.09111599963
"7901009",56,0,1,0.029904,1,0.007476,1,113.646455597847,1,4.85858571934782,454,1,10.1560001373291,35.1769981384277,0.0299040004611015,0,109.589698791504,-86.4007,25.2028,37.7516006014272,63,63,63,63,61,63,0,8279,1.45687144005964,25,-86,0.001869,51,2024-12-22 15:59:17.001695,454,1.037,0.0011,"aoml_navis",1029.1060585983
"7901009",56,0,1,0.028035,1,0.005607,1,113.546284082242,1,4.85849523783258,456,1,10.043999671936,35.1640014648438,0.0280349999666214,0,109.493103027344,-86.4007,25.2028,37.7516006014272,63,63,63,63,61,63,0,8279,1.45687144005964,25,-86,0.001869,51,2024-12-22 15:59:17.001695,456,1.037,0.0011,"aoml_navis",1029.12522401289
"7901009",56,0,1,0.033642,1,0.011214,1,113.531655132527,1,4.85842182212061,458,1,9.97299957275391,35.1559982299805,0.0336420014500618,0,109.478996276855,-86.4007,25.2028,37.7516006014272,63,63,63,63,61,63,0,8279,1.45687144005964,25,-86,0.001869,51,2024-12-22 15:59:17.001695,458,1.037,0.0011,"aoml_navis",1029.14077514529
"7901009",56,0,1,0.028035,1,0.005607,1,113.465805079263,1,4.85838005053917,460,1,9.96500015258789,35.1539993286133,0.0280349999666214,0,109.415496826172,-86.4007,25.2028,37.7516006014272,63,63,63,63,61,63,0,8279,1.45687144005964,25,-86,0.001869,51,2024-12-22 15:59:17.001695,460,1.037,0.0011,"aoml_navis",1029.14962353452
"7901009",56,0,1,0.026166,1,0.003738,1,113.377975998248,1,4.85832580830153,462,1,9.9379997253418,35.1510009765625,0.0261659994721413,0,109.33080291748,-86.4007,25.2028,37.7516006014272,63,63,63,63,61,63,0,8279,1.45687144005964,25,-86,0.001869,51,2024-12-22 15:59:17.001695,462,1.037,0.0011,"aoml_navis",1029.16111378458
"7901009",56,0,1,0.029904,1,0.007476,1,113.25031883023,1,4.85827443248268,464,1,9.90999984741211,35.1469993591309,0.0299040004611015,0,109.207702636719,-86.4007,25.2028,37.7516006014272,63,63,63,63,61,63,0,8279,1.45687144005964,25,-86,0.001869,51,2024-12-22 15:59:17.001695,464,1.037,0.0011,"aoml_navis",1029.17199707158
"7901009",56,0,1,0.029904,1,0.007476,1,113.189753870752,1,4.85822392093489,466,1,9.88300037384033,35.1430015563965,0.0299040004611015,0,109.149299621582,-86.4007,25.2028,37.7516006014272,63,63,63,63,61,63,0,8279,1.45687144005964,25,-86,0.001869,51,2024-12-22 15:59:17.001695,466,1.037,0.0011,"aoml_navis",1029.1826974986
"7901009",56,0,1,0.029904,1,0.007476,1,113.071116174165,1,4.85816782293083,468,1,9.84500026702881,35.1380004882812,0.0299040004611015,0,109.034896850586,-86.4007,25.2028,37.7516006014272,63,63,63,63,61,63,0,8279,1.45687144005964,25,-86,0.001869,51,2024-12-22 15:59:17.001695,468,1.037,0.0011,"aoml_navis",1029.19458162802
"7901009",56,0,1,0.031773,1,0.009345,1,112.923133548159,1,4.85810280849152,470,1,9.79199981689453,35.1319999694824,0.0317730009555817,0,108.892196655273,-86.4007,25.2028,37.7516006014272,63,63,63,63,61,63,0,8279,1.45687144005964,25,-86,0.001869,51,2024-12-22 15:59:17.001695,470,1.037,0.0011,"aoml_navis",1029.20835501061
"7901009",56,0,1,0.028035,1,0.005607,1,112.841317448099,1,4.85803234583949,472,1,9.72799968719482,35.125,0.0280349999666214,0,108.813301086426,-86.4007,25.2028,37.7516006014272,63,63,63,63,61,63,0,8279,1.45687144005964,25,-86,0.001869,51,2024-12-22 15:59:17.001695,472,1.037,0.0011,"aoml_navis",1029.22328301953
"7901009",56,0,1,0.028035,1,0.005607,1,112.811038924268,1,4.85798204845394,474,1,9.70100021362305,35.1209983825684,0.0280349999666214,0,108.784103393555,-86.4007,25.2028,37.7516006014272,63,63,63,63,61,63,0,8279,1.45687144005964,25,-86,0.001869,51,2024-12-22 15:59:17.001695,474,1.037,0.0011,"aoml_navis",1029.23393913966
"7901009",56,0,1,0.026166,1,0.003738,1,112.756795506609,1,4.85793279861689,476,1,9.68400001525879,35.1189994812012,0.0261659994721413,0,108.731796264648,-86.4007,25.2028,37.7516006014272,63,63,63,63,61,63,0,8279,1.45687144005964,25,-86,0.001869,51,2024-12-22 15:59:17.001695,476,1.037,0.0011,"aoml_navis",1029.24437353756
"7901009",56,0,1,0.026166,1,0.003738,1,112.791536295253,1,4.85788104682641,478,1,9.66399955749512,35.117000579834,0.0261659994721413,0,108.765296936035,-86.4007,25.2028,37.7516006014272,63,63,63,63,61,63,0,8279,1.45687144005964,25,-86,0.001869,51,2024-12-22 15:59:17.001695,478,1.037,0.0011,"aoml_navis",1029.25533824391
"7901009",56,0,1,0.026166,1,0.003738,1,112.819124801288,1,4.85783132480599,480,1,9.64200019836426,35.1139984130859,0.0261659994721413,0,108.791900634766,-86.4007,25.2028,37.7516006014272,63,63,63,63,61,63,0,8279,1.45687144005964,25,-86,0.001869,51,2024-12-22 15:59:17.001695,480,1.037,0.0011,"aoml_navis",1029.2658731208
"7901009",56,0,1,0.028035,1,0.005607,1,112.918157015238,1,4.85778193782052,482,1,9.61600017547607,35.1100006103516,0.0280349999666214,0,108.887397766113,-86.4007,25.2028,37.7516006014272,63,63,63,63,61,63,0,8279,1.45687144005964,25,-86,0.001869,51,2024-12-22 15:59:17.001695,482,1.037,0.0011,"aoml_navis",1029.27633722548
"7901009",56,0,1,0.028035,1,0.005607,1,113.046850631289,1,4.85773425997501,484,1,9.59200000762939,35.1059989929199,0.0280349999666214,0,109.011497497559,-86.4007,25.2028,37.7516006014272,63,63,63,63,61,63,0,8279,1.45687144005964,25,-86,0.001869,51,2024-12-22 15:59:17.001695,484,1.037,0.0011,"aoml_navis",1029.28643939978
"7901009",56,0,1,0.029904,1,0.007476,1,113.190790318785,1,4.85768159150283,486,1,9.5620002746582,35.1020011901855,0.0299040004611015,0,109.150299072266,-86.4007,25.2028,37.7516006014272,63,63,63,63,61,63,0,8279,1.45687144005964,25,-86,0.001869,51,2024-12-22 15:59:17.001695,486,1.037,0.0011,"aoml_navis",1029.29759923872
"7901009",56,0,1,0.028035,1,0.005607,1,113.487277750722,1,4.85761993165574,488,1,9.49899959564209,35.0929985046387,0.0280349999666214,0,109.43620300293,-86.4007,25.2028,37.7516006014272,63,63,63,63,61,63,0,8279,1.45687144005964,25,-86,0.001869,51,2024-12-22 15:59:17.001695,488,1.037,0.0011,"aoml_navis",1029.31066455331
"7901009",56,0,1,0.029904,1,0.007476,1,113.683791462481,1,4.85755807080605,490,1,9.4399995803833,35.0849990844727,0.0299040004611015,0,109.625701904297,-86.4007,25.2028,37.7516006014272,63,63,63,63,61,63,0,8279,1.45687144005964,25,-86,0.001869,51,2024-12-22 15:59:17.001695,490,1.037,0.0011,"aoml_navis",1029.32377279235
"7901009",56,0,1,0.024297,1,0.001869,1,113.795474671886,1,4.85750753178797,492.100006103516,1,9.4060001373291,35.0789985656738,0.0242970008403063,0,109.7333984375,-86.4007,25.2028,37.7516006014272,63,63,63,63,61,63,0,8279,1.45687144005964,25,-86,0.001869,51,2024-12-22 15:59:17.001695,492.100006103516,1.037,0.0011,"aoml_navis",1029.33448219679
"7901009",56,0,1,0.03738,1,0.014952,1,113.879885847937,1,4.85744847202718,494,1,9.35200023651123,35.0719985961914,0.0373799987137318,0,109.814796447754,-86.4007,25.2028,37.7516006014272,63,63,63,63,61,63,0,8279,1.45687144005964,25,-86,0.001869,51,2024-12-22 15:59:17.001695,494,1.037,0.0011,"aoml_navis",1029.34699746044
"7901009",56,0,1,0.029904,1,0.007476,1,113.961084826268,1,4.85739073493369,496,1,9.31099987030029,35.0670013427734,0.0299040004611015,0,109.893096923828,-86.4007,25.2028,37.7516006014272,63,63,63,63,61,63,0,8279,1.45687144005964,25,-86,0.001869,51,2024-12-22 15:59:17.001695,496,1.037,0.0011,"aoml_navis",1029.35923273388
"7901009",56,0,1,0.028035,1,0.005607,1,113.982557497727,1,4.85733390302911,498,1,9.27099990844727,35.0620002746582,0.0280349999666214,0,109.913803100586,-86.4007,25.2028,37.7516006014272,63,63,63,63,61,63,0,8279,1.45687144005964,25,-86,0.001869,51,2024-12-22 15:59:17.001695,498,1.037,0.0011,"aoml_navis",1029.37127646957
"7901009",56,0,1,0.028035,1,0.005607,1,114.062712116208,1,4.85726977686959,500,1,9.22200012207031,35.056999206543,0.0280349999666214,0,109.991096496582,-86.4007,25.2028,37.7516006014272,63,63,63,63,61,63,0,8279,1.45687144005964,25,-86,0.001869,51,2024-12-22 15:59:17.001695,500,1.037,0.0011,"aoml_navis",1029.38486633172
"7901009",56,0,1,0.029904,1,0.007476,1,114.053692644777,1,4.85722410095614,502,1,9.19999980926514,35.0530014038086,0.0299040004611015,0,109.982398986816,-86.4007,25.2028,37.7516006014272,63,63,63,63,61,63,0,8279,1.45687144005964,25,-86,0.001869,51,2024-12-22 15:59:17.001695,502,1.037,0.0011,"aoml_navis",1029.39454636564
"7901009",56,0,1,0.031773,1,0.009345,1,114.053486937534,1,4.85716703939151,504,1,9.16399955749512,35.048999786377,0.0317730009555817,0,109.982200622559,-86.4007,25.2028,37.7516006014272,63,63,63,63,61,63,0,8279,1.45687144005964,25,-86,0.001869,51,2024-12-22 15:59:17.001695,504,1.037,0.0011,"aoml_navis",1029.40663960085
"7901009",56,0,1,0.026166,1,0.003738,1,114.132193693496,1,4.85709620619963,506,1,9.11100006103516,35.0449981689453,0.0261659994721413,0,110.058097839355,-86.4007,25.2028,37.7516006014272,63,63,63,63,61,63,0,8279,1.45687144005964,25,-86,0.001869,51,2024-12-22 15:59:17.001695,506,1.037,0.0011,"aoml_navis",1029.42165189521
"7901009",56,0,1,0.028035,1,0.005607,1,114.169220997265,1,4.85704088716951,508,1,9.07699966430664,35.0410003662109,0.0280349999666214,0,110.093803405762,-86.4007,25.2028,37.7516006014272,63,63,63,63,61,63,0,8279,1.45687144005964,25,-86,0.001869,51,2024-12-22 15:59:17.001695,508,1.037,0.0011,"aoml_navis",1029.43337644287
"7901009",56,0,1,0.028035,1,0.005607,1,114.198360219441,1,4.85699122769651,510,1,9.05900001525879,35.0390014648438,0.0280349999666214,0,110.12190246582,-86.4007,25.2028,37.7516006014272,63,63,63,63,61,63,0,8279,1.45687144005964,25,-86,0.001869,51,2024-12-22 15:59:17.001695,510,1.037,0.0011,"aoml_navis",1029.44390170771
"7901009",56,0,1,0.028035,1,0.005607,1,114.216090601439,1,4.85693835412417,512,1,9.03699970245361,35.0369987487793,0.0280349999666214,0,110.138999938965,-86.4007,25.2028,37.7516006014272,63,63,63,63,61,63,0,8279,1.45687144005964,25,-86,0.001869,51,2024-12-22 15:59:17.001695,512,1.037,0.0011,"aoml_navis",1029.45510843356
"7901009",56,0,1,0.026166,1,0.003738,1,114.224390097519,1,4.85689239804459,514,1,9.01900005340576,35.0340003967285,0.0261659994721413,0,110.147003173828,-86.4007,25.2028,37.7516006014272,63,63,63,63,61,63,0,8279,1.45687144005964,25,-86,0.001869,51,2024-12-22 15:59:17.001695,514,1.037,0.0011,"aoml_navis",1029.46484917249
"7901009",56,0,1,0.031773,1,0.009345,1,114.240561851559,1,4.8568419686057,516,1,9,35.0320014953613,0.0317730009555817,0,110.16259765625,-86.4007,25.2028,37.7516006014272,63,63,63,63,61,63,0,8279,1.45687144005964,25,-86,0.001869,51,2024-12-22 15:59:17.001695,516,1.037,0.0011,"aoml_navis",1029.47553828592
"7901009",56,0,1,0.029904,1,0.007476,1,114.342402760559,1,4.8567763275663,518,1,8.95300006866455,35.0279998779297,0.0299040004611015,0,110.260803222656,-86.4007,25.2028,37.7516006014272,63,63,63,63,61,63,0,8279,1.45687144005964,25,-86,0.001869,51,2024-12-22 15:59:17.001695,518,1.037,0.0011,"aoml_navis",1029.48945200972
"7901009",56,0,1,0.028035,1,0.005607,1,114.393940336789,1,4.85671882445638,520,1,8.91600036621094,35.023998260498,0.0280349999666214,0,110.310501098633,-86.4007,25.2028,37.7516006014272,63,63,63,63,61,63,0,8279,1.45687144005964,25,-86,0.001869,51,2024-12-22 15:59:17.001695,520,1.037,0.0011,"aoml_navis",1029.50164107136
"7901009",56,0,1,0.029904,1,0.007476,1,114.440398526476,1,4.85667168558271,522,1,8.90100002288818,35.0219993591309,0.0299040004611015,0,110.35530090332,-86.4007,25.2028,37.7516006014272,63,63,63,63,61,63,0,8279,1.45687144005964,25,-86,0.001869,51,2024-12-22 15:59:17.001695,522,1.037,0.0011,"aoml_navis",1029.51163341816
"7901009",56,0,1,0.029904,1,0.007476,1,114.448587257118,1,4.85661812920659,524,1,8.87800025939941,35.0200004577637,0.0299040004611015,0,110.36319732666,-86.4007,25.2028,37.7516006014272,63,63,63,63,61,63,0,8279,1.45687144005964,25,-86,0.001869,51,2024-12-22 15:59:17.001695,524,1.037,0.0011,"aoml_navis",1029.52298636188
"7901009",56,0,1,0.028035,1,0.005607,1,114.492766843496,1,4.85656587819743,526,1,8.85200023651123,35.0169982910156,0.0280349999666214,0,110.405799865723,-86.4007,25.2028,37.7516006014272,63,63,63,63,61,63,0,8279,1.45687144005964,25,-86,0.001869,51,2024-12-22 15:59:17.001695,526,1.037,0.0011,"aoml_navis",1029.53406283368
"7901009",56,0,1,0.026166,1,0.003738,1,114.469743455895,1,4.85651444017266,528,1,8.82699966430664,35.0139999389648,0.0261659994721413,0,110.383598327637,-86.4007,25.2028,37.7516006014272,63,63,63,63,61,63,0,8279,1.45687144005964,25,-86,0.001869,51,2024-12-22 15:59:17.001695,528,1.037,0.0011,"aoml_navis",1029.54496719714
"7901009",56,0,1,0.029904,1,0.007476,1,114.490385386565,1,4.85646735099915,530,1,8.8120002746582,35.0120010375977,0.0299040004611015,0,110.403503417969,-86.4007,25.2028,37.7516006014272,63,63,63,63,61,63,0,8279,1.45687144005964,25,-86,0.001869,51,2024-12-22 15:59:17.001695,530,1.037,0.0011,"aoml_navis",1029.55494984875
"7901009",56,0,1,0.026166,1,0.003738,1,114.494325471454,1,4.85641628476633,532,1,8.79199981689453,35.0099983215332,0.0261659994721413,0,110.407302856445,-86.4007,25.2028,37.7516006014272,63,63,63,63,61,63,0,8279,1.45687144005964,25,-86,0.001869,51,2024-12-22 15:59:17.001695,532,1.037,0.0011,"aoml_navis",1029.56577583435
"7901009",56,0,1,0.029904,1,0.007476,1,114.645211734315,1,4.85635421691994,534,1,8.74899959564209,35.0060005187988,0.0299040004611015,0,110.552803039551,-86.4007,25.2028,37.7516006014272,63,63,63,63,61,63,0,8279,1.45687144005964,25,-86,0.001869,51,2024-12-22 15:59:17.001695,534,1.037,0.0011,"aoml_navis",1029.57893445655
"7901009",56,0,1,0.029904,1,0.007476,1,114.712098235612,1,4.85629622151096,536,1,8.71100044250488,35.0019989013672,0.0299040004611015,0,110.617301940918,-86.4007,25.2028,37.7516006014272,63,63,63,63,61,63,0,8279,1.45687144005964,25,-86,0.001869,51,2024-12-22 15:59:17.001695,536,1.037,0.0011,"aoml_navis",1029.59123001033
"7901009",56,0,1,0.031773,1,0.009345,1,114.819738506507,1,4.85623509451232,538,1,8.66899967193604,34.9980010986328,0.0317730009555817,0,110.721099853516,-86.4007,25.2028,37.7516006014272,63,63,63,63,61,63,0,8279,1.45687144005964,25,-86,0.001869,51,2024-12-22 15:59:17.001695,538,1.037,0.0011,"aoml_navis",1029.60418980748
"7901009",56,0,1,0.029904,1,0.007476,1,114.880509173228,1,4.85618702495062,540,1,8.64799976348877,34.9949989318848,0.0299040004611015,0,110.77970123291,-86.4007,25.2028,37.7516006014272,63,63,63,63,61,63,0,8279,1.45687144005964,25,-86,0.001869,51,2024-12-22 15:59:17.001695,540,1.037,0.0011,"aoml_navis",1029.61438147058
"7901009",56,0,1,0.026166,1,0.003738,1,115.046641507535,1,4.85612126163284,542,1,8.60000038146973,34.9910011291504,0.0261659994721413,0,110.939903259277,-86.4007,25.2028,37.7516006014272,63,63,63,63,61,63,0,8279,1.45687144005964,25,-86,0.001869,51,2024-12-22 15:59:17.001695,542,1.037,0.0011,"aoml_navis",1029.62832487399
"7901009",56,0,1,0.026166,1,0.003738,1,115.232577119905,1,4.85605298028147,544,1,8.54399967193604,34.9860000610352,0.0261659994721413,0,111.119201660156,-86.4007,25.2028,37.7516006014272,63,63,63,63,61,63,0,8279,1.45687144005964,25,-86,0.001869,51,2024-12-22 15:59:17.001695,544,1.037,0.0011,"aoml_navis",1029.64280256065
"7901009",56,0,1,0.031773,1,0.009345,1,115.296037804421,1,4.85599870191074,546,1,8.51500034332275,34.9830017089844,0.0317730009555817,0,111.180397033691,-86.4007,25.2028,37.7516006014272,63,63,63,63,61,63,0,8279,1.45687144005964,25,-86,0.001869,51,2024-12-22 15:59:17.001695,546,1.037,0.0011,"aoml_navis",1029.65431148748
"7901009",56,0,1,0.029904,1,0.007476,1,115.350692636567,1,4.85594733299007,548,1,8.49899959564209,34.9819984436035,0.0299040004611015,0,111.233100891113,-86.4007,25.2028,37.7516006014272,63,63,63,63,61,63,0,8279,1.45687144005964,25,-86,0.001869,51,2024-12-22 15:59:17.001695,548,1.037,0.0011,"aoml_navis",1029.66520374537
"7901009",56,0,1,0.029904,1,0.007476,1,115.519000720561,1,4.85589074940612,550,1,8.46700000762939,34.9790000915527,0.0299040004611015,0,111.395401000977,-86.4007,25.2028,37.7516006014272,63,63,63,63,61,63,0,8279,1.45687144005964,25,-86,0.001869,51,2024-12-22 15:59:17.001695,550,1.037,0.0011,"aoml_navis",1029.67720198637
"7901009",56,0,1,0.031773,1,0.009345,1,115.676833558788,1,4.85583319888082,552,1,8.42899990081787,34.9749984741211,0.0317730009555817,0,111.54759979248,-86.4007,25.2028,37.7516006014272,63,63,63,63,61,63,0,8279,1.45687144005964,25,-86,0.001869,51,2024-12-22 15:59:17.001695,552,1.037,0.0011,"aoml_navis",1029.68940554886
"7901009",56,0,1,0.028035,1,0.005607,1,115.807188656418,1,4.85577693854489,554,1,8.40200042724609,34.9729995727539,0.0280349999666214,0,111.673301696777,-86.4007,25.2028,37.7516006014272,63,63,63,63,61,63,0,8279,1.45687144005964,25,-86,0.001869,51,2024-12-22 15:59:17.001695,554,1.037,0.0011,"aoml_navis",1029.7013358069
"7901009",56,0,1,0.028035,1,0.005607,1,115.861938430368,1,4.85572673039794,556,1,8.37800025939941,34.9700012207031,0.0280349999666214,0,111.726097106934,-86.4007,25.2028,37.7516006014272,63,63,63,63,61,63,0,8279,1.45687144005964,25,-86,0.001869,51,2024-12-22 15:59:17.001695,556,1.037,0.0011,"aoml_navis",1029.71198290441
"7901009",56,0,1,0.033642,1,0.011214,1,115.924679139534,1,4.85567131798418,558,1,8.35200023651123,34.9679985046387,0.0336420014500618,0,111.786598205566,-86.4007,25.2028,37.7516006014272,63,63,63,63,61,63,0,8279,1.45687144005964,25,-86,0.001869,51,2024-12-22 15:59:17.001695,558,1.037,0.0011,"aoml_navis",1029.72373386997
"7901009",56,0,1,0.028035,1,0.005607,1,115.877184501814,1,4.85562393043726,560,1,8.34099960327148,34.9669990539551,0.0280349999666214,0,111.740798950195,-86.4007,25.2028,37.7516006014272,63,63,63,63,61,63,0,8279,1.45687144005964,25,-86,0.001869,51,2024-12-22 15:59:17.001695,560,1.037,0.0011,"aoml_navis",1029.73378326475
"7901009",56,0,1,0.029904,1,0.007476,1,115.874700191262,1,4.85556698285086,562,1,8.3129997253418,34.9650001525879,0.0299040004611015,0,111.738403320312,-86.4007,25.2028,37.7516006014272,63,63,63,63,61,63,0,8279,1.45687144005964,25,-86,0.001869,51,2024-12-22 15:59:17.001695,562,1.037,0.0011,"aoml_navis",1029.74586029999
"7901009",56,0,1,0.022428,1,0,1,115.878948837015,1,4.85550970504193,564,1,8.29399967193604,34.9650001525879,0.0224280003458261,0,111.742500305176,-86.4007,25.2028,37.7516006014272,63,63,63,63,61,63,0,8279,1.45687144005964,25,-86,0.001869,51,2024-12-22 15:59:17.001695,564,1.037,0.0011,"aoml_navis",1029.75800765222
"7901009",56,0,1,0.031773,1,0.009345,1,115.874803044883,1,4.85546545122382,566,1,8.28699970245361,34.9640007019043,0.0317730009555817,0,111.738502502441,-86.4007,25.2028,37.7516006014272,63,63,63,63,61,63,0,8279,1.45687144005964,25,-86,0.001869,51,2024-12-22 15:59:17.001695,566,1.037,0.0011,"aoml_navis",1029.76739310126
"7901009",56,0,1,0.029904,1,0.007476,1,115.930905739548,1,4.85541829739508,568,1,8.2810001373291,34.9640007019043,0.0299040004611015,0,111.792602539062,-86.4007,25.2028,37.7516006014272,63,63,63,63,61,63,0,8279,1.45687144005964,25,-86,0.001869,51,2024-12-22 15:59:17.001695,568,1.037,0.0011,"aoml_navis",1029.77739377934
"7901009",56,0,1,0.029904,1,0.007476,1,115.996027905644,1,4.85537560307125,570,1,8.27600002288818,34.9630012512207,0.0299040004611015,0,111.855400085449,-86.4007,25.2028,37.7516006014272,63,63,63,63,61,63,0,8279,1.45687144005964,25,-86,0.001869,51,2024-12-22 15:59:17.001695,570,1.037,0.0011,"aoml_navis",1029.78644882535
"7901009",56,0,1,0.029904,1,0.007476,1,116.110100483796,1,4.85532572391673,572,1,8.25699996948242,34.9609985351562,0.0299040004611015,0,111.965400695801,-86.4007,25.2028,37.7516006014272,63,63,63,63,61,63,0,8279,1.45687144005964,25,-86,0.001869,51,2024-12-22 15:59:17.001695,572,1.037,0.0011,"aoml_navis",1029.79702790497
"7901009",56,0,1,0.031773,1,0.009345,1,116.332335512768,1,4.85526711329872,574,1,8.22200012207031,34.9580001831055,0.0317730009555817,0,112.179702758789,-86.4007,25.2028,37.7516006014272,63,63,63,63,61,63,0,8279,1.45687144005964,25,-86,0.001869,51,2024-12-22 15:59:17.001695,574,1.037,0.0011,"aoml_navis",1029.80945915516
"7901009",56,0,1,0.028035,1,0.005607,1,116.416643835197,1,4.85521474456435,576,1,8.19499969482422,34.9550018310547,0.0280349999666214,0,112.261001586914,-86.4007,25.2028,37.7516006014272,63,63,63,63,61,63,0,8279,1.45687144005964,25,-86,0.001869,51,2024-12-22 15:59:17.001695,576,1.037,0.0011,"aoml_navis",1029.82056676231
"7901009",56,0,1,0.028035,1,0.005607,1,116.56099493718,1,4.85516164629886,578,1,8.16699981689453,34.9519996643066,0.0280349999666214,0,112.400199890137,-86.4007,25.2028,37.7516006014272,63,63,63,63,61,63,0,8279,1.45687144005964,25,-86,0.001869,51,2024-12-22 15:59:17.001695,578,1.037,0.0011,"aoml_navis",1029.83182935043
"7901009",56,0,1,0.028035,1,0.005607,1,116.637114528968,1,4.85510642795612,580,1,8.14099979400635,34.9500007629395,0.0280349999666214,0,112.473602294922,-86.4007,25.2028,37.7516006014272,63,63,63,63,61,63,0,8279,1.45687144005964,25,-86,0.001869,51,2024-12-22 15:59:17.001695,580,1.037,0.0011,"aoml_navis",1029.84354188604
"7901009",56,0,1,0.033642,1,0.011214,1,116.742579050175,1,4.85505680785608,582,1,8.1269998550415,34.9490013122559,0.0336420014500618,0,112.575302124023,-86.4007,25.2028,37.7516006014272,63,63,63,63,61,63,0,8279,1.45687144005964,25,-86,0.001869,51,2024-12-22 15:59:17.001695,582,1.037,0.0011,"aoml_navis",1029.85406718813
"7901009",56,0,1,0.028035,1,0.005607,1,116.844934227284,1,4.85500411204055,584,1,8.10900020599365,34.9480018615723,0.0280349999666214,0,112.674003601074,-86.4007,25.2028,37.7516006014272,63,63,63,63,61,63,0,8279,1.45687144005964,25,-86,0.001869,51,2024-12-22 15:59:17.001695,584,1.037,0.0011,"aoml_navis",1029.86524513952
"7901009",56,0,1,0.026166,1,0.003738,1,116.947495111636,1,4.85495358272063,586,1,8.08899974822998,34.9459991455078,0.0261659994721413,0,112.772903442383,-86.4007,25.2028,37.7516006014272,63,63,63,63,61,63,0,8279,1.45687144005964,25,-86,0.001869,51,2024-12-22 15:59:17.001695,586,1.037,0.0011,"aoml_navis",1029.87596375702
"7901009",56,0,1,0.029904,1,0.007476,1,117.048703075273,1,4.85490305510102,588,1,8.06900024414062,34.9440002441406,0.0299040004611015,0,112.870498657227,-86.4007,25.2028,37.7516006014272,63,63,63,63,61,63,0,8279,1.45687144005964,25,-86,0.001869,51,2024-12-22 15:59:17.001695,588,1.037,0.0011,"aoml_navis",1029.88668223695
"7901009",56,0,1,0.029904,1,0.007476,1,117.20913098949,1,4.85485347127313,590,1,8.05500030517578,34.943000793457,0.0299040004611015,0,113.025199890137,-86.4007,25.2028,37.7516006014272,63,63,63,63,61,63,0,8279,1.45687144005964,25,-86,0.001869,51,2024-12-22 15:59:17.001695,590,1.037,0.0011,"aoml_navis",1029.89720072619
"7901009",56,0,1,0.026166,1,0.003738,1,117.374329729386,1,4.85481448933414,592,1,8.05000019073486,34.9410018920898,0.0261659994721413,0,113.184501647949,-86.4007,25.2028,37.7516006014272,63,63,63,63,61,63,0,8279,1.45687144005964,25,-86,0.001869,51,2024-12-22 15:59:17.001695,592,1.037,0.0011,"aoml_navis",1029.90547032947
"7901009",56,0,1,0.028035,1,0.005607,1,117.676102255109,1,4.85474008157296,594,1,7.99399995803833,34.9379997253418,0.0280349999666214,0,113.47550201416,-86.4007,25.2028,37.7516006014272,63,63,63,63,61,63,0,8279,1.45687144005964,25,-86,0.001869,51,2024-12-22 15:59:17.001695,594,1.037,0.0011,"aoml_navis",1029.9212555124
"7901009",56,0,1,0.035511,1,0.013083,1,117.802620121473,1,4.85468350700787,596,1,7.96600008010864,34.9360008239746,0.0355109982192516,0,113.597503662109,-86.4007,25.2028,37.7516006014272,63,63,63,63,61,63,0,8279,1.45687144005964,25,-86,0.001869,51,2024-12-22 15:59:17.001695,596,1.037,0.0011,"aoml_navis",1029.93325780813
"7901009",56,0,1,0.026166,1,0.003738,1,117.847211122337,1,4.85463703204999,598,1,7.95599985122681,34.935001373291,0.0261659994721413,0,113.640502929688,-86.4007,25.2028,37.7516006014272,63,63,63,63,61,63,0,8279,1.45687144005964,25,-86,0.001869,51,2024-12-22 15:59:17.001695,598,1.037,0.0011,"aoml_navis",1029.94311768116
"7901009",56,0,1,0.031773,1,0.009345,1,117.923322802308,1,4.85458599185833,600,1,7.94000005722046,34.9339981079102,0.0317730009555817,0,113.713897705078,-86.4007,25.2028,37.7516006014272,63,63,63,63,61,63,0,8279,1.45687144005964,25,-86,0.001869,51,2024-12-22 15:59:17.001695,600,1.037,0.0011,"aoml_navis",1029.95394630676
"7901009",56,0,1,0.031773,1,0.009345,1,118.018525696808,1,4.85453265748062,602,1,7.9210000038147,34.9329986572266,0.0317730009555817,0,113.805702209473,-86.4007,25.2028,37.7516006014272,63,63,63,63,61,63,0,8279,1.45687144005964,25,-86,0.001869,51,2024-12-22 15:59:17.001695,602,1.037,0.0011,"aoml_navis",1029.96526190739
"7901009",56,0,1,0.029904,1,0.007476,1,118.046731324573,1,4.85448772411211,604,1,7.91300010681152,34.931999206543,0.0299040004611015,0,113.832901000977,-86.4007,25.2028,37.7516006014272,63,63,63,63,61,63,0,8279,1.45687144005964,25,-86,0.001869,51,2024-12-22 15:59:17.001695,604,1.037,0.0011,"aoml_navis",1029.97479531468
"7901009",56,0,1,0.026166,1,0.003738,1,118.133634722993,1,4.85443517010683,606,1,7.89499998092651,34.9309997558594,0.0261659994721413,0,113.916702270508,-86.4007,25.2028,37.7516006014272,63,63,63,63,61,63,0,8279,1.45687144005964,25,-86,0.001869,51,2024-12-22 15:59:17.001695,606,1.037,0.0011,"aoml_navis",1029.9859457985
"7901009",56,0,1,0.031773,1,0.009345,1,118.258071781474,1,4.85437970769843,608,1,7.87799978256226,34.9309997558594,0.0317730009555817,0,114.036697387695,-86.4007,25.2028,37.7516006014272,63,63,63,63,61,63,0,8279,1.45687144005964,25,-86,0.001869,51,2024-12-22 15:59:17.001695,608,1.037,0.0011,"aoml_navis",1029.99771362562
"7901009",56,0,1,0.029904,1,0.007476,1,118.384692501459,1,4.85433161938958,610,1,7.86100006103516,34.9290008544922,0.0299040004611015,0,114.158798217773,-86.4007,25.2028,37.7516006014272,63,63,63,63,61,63,0,8279,1.45687144005964,25,-86,0.001869,51,2024-12-22 15:59:17.001695,610,1.037,0.0011,"aoml_navis",1030.00791705877
"7901009",56,0,1,0.031773,1,0.009345,1,118.533505868255,1,4.85428138016955,612,1,7.84600019454956,34.9280014038086,0.0317730009555817,0,114.302299499512,-86.4007,25.2028,37.7516006014272,63,63,63,63,61,63,0,8279,1.45687144005964,25,-86,0.001869,51,2024-12-22 15:59:17.001695,612,1.037,0.0011,"aoml_navis",1030.01857709067
"7901009",56,0,1,0.028035,1,0.005607,1,118.691655179164,1,4.85422800985244,614,1,7.82200002670288,34.9259986877441,0.0280349999666214,0,114.454803466797,-86.4007,25.2028,37.7516006014272,63,63,63,63,61,63,0,8279,1.45687144005964,25,-86,0.001869,51,2024-12-22 15:59:17.001695,614,1.037,0.0011,"aoml_navis",1030.02990173756
"7901009",56,0,1,0.031773,1,0.009345,1,118.845753639746,1,4.85418006779294,616,1,7.80999994277954,34.9249992370605,0.0317730009555817,0,114.603401184082,-86.4007,25.2028,37.7516006014272,63,63,63,63,61,63,0,8279,1.45687144005964,25,-86,0.001869,51,2024-12-22 15:59:17.001695,616,1.037,0.0011,"aoml_navis",1030.04007477484
"7901009",56,0,1,0.026166,1,0.003738,1,119.007115148374,1,4.85412141264966,618,1,7.77899980545044,34.9230003356934,0.0261659994721413,0,114.759002685547,-86.4007,25.2028,37.7516006014272,63,63,63,63,61,63,0,8279,1.45687144005964,25,-86,0.001869,51,2024-12-22 15:59:17.001695,618,1.037,0.0011,"aoml_navis",1030.05252134201
"7901009",56,0,1,0.029904,1,0.007476,1,119.036768638658,1,4.85407576021979,620,1,7.76999998092651,34.9220008850098,0.0299040004611015,0,114.78759765625,-86.4007,25.2028,37.7516006014272,63,63,63,63,61,63,0,8279,1.45687144005964,25,-86,0.001869,51,2024-12-22 15:59:17.001695,620,1.037,0.0011,"aoml_navis",1030.06220895357
"7901009",56,0,1,0.029904,1,0.007476,1,119.106044508703,1,4.85403313867103,622,1,7.7649998664856,34.9210014343262,0.0299040004611015,0,114.854400634766,-86.4007,25.2028,37.7516006014272,63,63,63,63,61,63,0,8279,1.45687144005964,25,-86,0.001869,51,2024-12-22 15:59:17.001695,622,1.037,0.0011,"aoml_navis",1030.07125356563
"7901009",56,0,1,0.033642,1,0.011214,1,119.190977864679,1,4.85398910866152,624,1,7.76300001144409,34.9210014343262,0.0336420014500618,0,114.936302185059,-86.4007,25.2028,37.7516006014272,63,63,63,63,61,63,0,8279,1.45687144005964,25,-86,0.001869,51,2024-12-22 15:59:17.001695,624,1.037,0.0011,"aoml_navis",1030.08059723042
"7901009",56,0,1,0.028035,1,0.005607,1,119.364673896081,1,4.85394650456999,626,1,7.75799989700317,34.9199981689453,0.0280349999666214,0,115.103797912598,-86.4007,25.2028,37.7516006014272,63,63,63,63,61,63,0,8279,1.45687144005964,25,-86,0.001869,51,2024-12-22 15:59:17.001695,626,1.037,0.0011,"aoml_navis",1030.08963846068
"7901009",56,0,1,0.029904,1,0.007476,1,119.734582990194,1,4.85388478580971,628,1,7.71799993515015,34.9169998168945,0.0299040004611015,0,115.460502624512,-86.4007,25.2028,37.7516006014272,63,63,63,63,61,63,0,8279,1.45687144005964,25,-86,0.001869,51,2024-12-22 15:59:17.001695,628,1.037,0.0011,"aoml_navis",1030.10273639322
"7901009",56,0,1,0.029904,1,0.007476,1,119.96925539556,1,4.85382388807961,630,1,7.67899990081787,34.9140014648438,0.0299040004611015,0,115.686798095703,-86.4007,25.2028,37.7516006014272,63,63,63,63,61,63,0,8279,1.45687144005964,25,-86,0.001869,51,2024-12-22 15:59:17.001695,630,1.037,0.0011,"aoml_navis",1030.11566041351
"7901009",56,0,1,0.031773,1,0.009345,1,120.311473130016,1,4.85376389786012,632,1,7.64599990844727,34.9119987487793,0.0317730009555817,0,116.016799926758,-86.4007,25.2028,37.7516006014272,63,63,63,63,61,63,0,8279,1.45687144005964,25,-86,0.001869,51,2024-12-22 15:59:17.001695,632,1.037,0.0011,"aoml_navis",1030.12839215446
"7901009",56,0,1,0.029904,1,0.007476,1,120.589288673727,1,4.8536964340295,634,1,7.60300016403198,34.9099998474121,0.0299040004611015,0,116.284698486328,-86.4007,25.2028,37.7516006014272,63,63,63,63,61,63,0,8279,1.45687144005964,25,-86,0.001869,51,2024-12-22 15:59:17.001695,634,1.037,0.0011,"aoml_navis",1030.14271039795
"7901009",56,0,1,0.028035,1,0.005607,1,120.812354443489,1,4.853643210981,636,1,7.57399988174438,34.9070014953613,0.0280349999666214,0,116.499801635742,-86.4007,25.2028,37.7516006014272,63,63,63,63,61,63,0,8279,1.45687144005964,25,-86,0.001869,51,2024-12-22 15:59:17.001695,636,1.037,0.0011,"aoml_navis",1030.1540065178
"7901009",56,0,1,0.026166,1,0.003738,1,120.961270663906,1,4.85358928875044,638,1,7.54400014877319,34.9039993286133,0.0261659994721413,0,116.643402099609,-86.4007,25.2028,37.7516006014272,63,63,63,63,61,63,0,8279,1.45687144005964,25,-86,0.001869,51,2024-12-22 15:59:17.001695,638,1.037,0.0011,"aoml_navis",1030.16545128549
"7901009",56,0,1,0.028035,1,0.005607,1,121.009073862491,1,4.8535355923488,640,1,7.53399991989136,34.9049987792969,0.0280349999666214,0,116.689498901367,-86.4007,25.2028,37.7516006014272,63,63,63,63,61,63,0,8279,1.45687144005964,25,-86,0.001869,51,2024-12-22 15:59:17.001695,640,1.037,0.0011,"aoml_navis",1030.17684837463
"7901009",56,0,1,0.029904,1,0.007476,1,121.076379690091,1,4.85349150692443,642,1,7.52699995040894,34.9039993286133,0.0299040004611015,0,116.754402160645,-86.4007,25.2028,37.7516006014272,63,63,63,63,61,63,0,8279,1.45687144005964,25,-86,0.001869,51,2024-12-22 15:59:17.001695,642,1.037,0.0011,"aoml_navis",1030.18620571738
"7901009",56,0,1,0.029904,1,0.007476,1,121.254846547171,1,4.85344000660295,644,1,7.5149998664856,34.9039993286133,0.0299040004611015,0,116.926498413086,-86.4007,25.2028,37.7516006014272,63,63,63,63,61,63,0,8279,1.45687144005964,25,-86,0.001869,51,2024-12-22 15:59:17.001695,644,1.037,0.0011,"aoml_navis",1030.19713712288
"7901009",56,0,1,0.029904,1,0.007476,1,121.459968315874,1,4.85337653257337,646,1,7.48199987411499,34.9029998779297,0.0299040004611015,0,117.124298095703,-86.4007,25.2028,37.7516006014272,63,63,63,63,61,63,0,8279,1.45687144005964,25,-86,0.001869,51,2024-12-22 15:59:17.001695,646,1.037,0.0011,"aoml_navis",1030.21061037456
"7901009",56,0,1,0.029904,1,0.007476,1,121.582443243728,1,4.85332426607032,648,1,7.46400022506714,34.9020004272461,0.0299040004611015,0,117.242401123047,-86.4007,25.2028,37.7516006014272,63,63,63,63,61,63,0,8279,1.45687144005964,25,-86,0.001869,51,2024-12-22 15:59:17.001695,648,1.037,0.0011,"aoml_navis",1030.22170493637
"7901009",56,0,1,0.026166,1,0.003738,1,121.695265754787,1,4.85328243002855,650,1,7.46000003814697,34.9010009765625,0.0261659994721413,0,117.351196289062,-86.4007,25.2028,37.7516006014272,63,63,63,63,61,63,0,8279,1.45687144005964,25,-86,0.001869,51,2024-12-22 15:59:17.001695,650,1.037,0.0011,"aoml_navis",1030.23058560608
"7901009",56,0,1,0.029904,1,0.007476,1,122.01104219668,1,4.85323166469893,652,1,7.44399976730347,34.9000015258789,0.0299040004611015,0,117.655700683594,-86.4007,25.2028,37.7516006014272,63,63,63,63,61,63,0,8279,1.45687144005964,25,-86,0.001869,51,2024-12-22 15:59:17.001695,652,1.037,0.0011,"aoml_navis",1030.24136192975
"7901009",56,0,1,0.029904,1,0.007476,1,122.307316009556,1,4.85315345295069,654,1,7.39099979400635,34.898998260498,0.0299040004611015,0,117.941398620605,-86.4007,25.2028,37.7516006014272,63,63,63,63,61,63,0,8279,1.45687144005964,25,-86,0.001869,51,2024-12-22 15:59:17.001695,654,1.037,0.0011,"aoml_navis",1030.25796494443
"7901009",56,0,1,0.031773,1,0.009345,1,122.548215014937,1,4.85311014076741,656,1,7.38500022888184,34.8979988098145,0.0317730009555817,0,118.173698425293,-86.4007,25.2028,37.7516006014272,63,63,63,63,61,63,0,8279,1.45687144005964,25,-86,0.001869,51,2024-12-22 15:59:17.001695,656,1.037,0.0011,"aoml_navis",1030.2671596094
"7901009",56,0,1,0.035511,1,0.013083,1,122.919160557083,1,4.85304164101363,658,1,7.34000015258789,34.8959999084473,0.0355109982192516,0,118.531402587891,-86.4007,25.2028,37.7516006014272,63,63,63,63,61,63,0,8279,1.45687144005964,25,-86,0.001869,51,2024-12-22 15:59:17.001695,658,1.037,0.0011,"aoml_navis",1030.28170163314
"7901009",56,0,1,0.029904,1,0.007476,1,123.251005899393,1,4.85298503845093,660,1,7.31599998474121,34.8950004577637,0.0299040004611015,0,118.851402282715,-86.4007,25.2028,37.7516006014272,63,63,63,63,61,63,0,8279,1.45687144005964,25,-86,0.001869,51,2024-12-22 15:59:17.001695,660,1.037,0.0011,"aoml_navis",1030.2937182753
"7901009",56,0,1,0.029904,1,0.007476,1,123.616341963254,1,4.85292993026104,662,1,7.28900003433228,34.8930015563965,0.0299040004611015,0,119.20369720459,-86.4007,25.2028,37.7516006014272,63,63,63,63,61,63,0,8279,1.45687144005964,25,-86,0.001869,51,2024-12-22 15:59:17.001695,662,1.037,0.0011,"aoml_navis",1030.30541793358
"7901009",56,0,1,0.029904,1,0.007476,1,123.975981518843,1,4.85287486502341,664,1,7.26200008392334,34.890998840332,0.0299040004611015,0,119.550498962402,-86.4007,25.2028,37.7516006014272,63,63,63,63,61,63,0,8279,1.45687144005964,25,-86,0.001869,51,2024-12-22 15:59:17.001695,664,1.037,0.0011,"aoml_navis",1030.31710873836
"7901009",56,0,1,0.031773,1,0.009345,1,124.320897182912,1,4.85281907982594,666,1,7.23400020599365,34.8889999389648,0.0317730009555817,0,119.883102416992,-86.4007,25.2028,37.7516006014272,63,63,63,63,61,63,0,8279,1.45687144005964,25,-86,0.001869,51,2024-12-22 15:59:17.001695,666,1.037,0.0011,"aoml_navis",1030.3289526671
"7901009",56,0,1,0.031773,1,0.009345,1,124.647346665998,1,4.85275670731277,668,1,7.2020001411438,34.8880004882812,0.0317730009555817,0,120.197898864746,-86.4007,25.2028,37.7516006014272,63,63,63,63,61,63,0,8279,1.45687144005964,25,-86,0.001869,51,2024-12-22 15:59:17.001695,668,1.037,0.0011,"aoml_navis",1030.34219549176
"7901009",56,0,1,0.028035,1,0.005607,1,124.912614067876,1,4.85271122570812,670,1,7.19299983978271,34.8870010375977,0.0280349999666214,0,120.45369720459,-86.4007,25.2028,37.7516006014272,63,63,63,63,61,63,0,8279,1.45687144005964,25,-86,0.001869,51,2024-12-22 15:59:17.001695,670,1.037,0.0011,"aoml_navis",1030.35185228241
"7901009",56,0,1,0.029904,1,0.007476,1,125.345050252094,1,4.85266578202708,672,1,7.17899990081787,34.8849983215332,0.0299040004611015,0,120.870697021484,-86.4007,25.2028,37.7516006014272,63,63,63,63,61,63,0,8279,1.45687144005964,25,-86,0.001869,51,2024-12-22 15:59:17.001695,672,1.037,0.0011,"aoml_navis",1030.36150120179
"7901009",56,0,1,0.028035,1,0.005607,1,125.844380849426,1,4.85261014380191,674,1,7.14099979400635,34.8810005187988,0.0280349999666214,0,121.352203369141,-86.4007,25.2028,37.7516006014272,63,63,63,63,61,63,0,8279,1.45687144005964,25,-86,0.001869,51,2024-12-22 15:59:17.001695,674,1.037,0.0011,"aoml_navis",1030.37331494399
"7901009",56,0,1,0.031773,1,0.009345,1,126.224962984733,1,4.85254865608021,676,1,7.10500001907349,34.8790016174316,0.0317730009555817,0,121.719200134277,-86.4007,25.2028,37.7516006014272,63,63,63,63,61,63,0,8279,1.45687144005964,25,-86,0.001869,51,2024-12-22 15:59:17.001695,676,1.037,0.0011,"aoml_navis",1030.38637103309
"7901009",56,0,1,0.029904,1,0.007476,1,126.522376099264,1,4.85249514499363,678,1,7.09000015258789,34.8790016174316,0.0299040004611015,0,122.005996704102,-86.4007,25.2028,37.7516006014272,63,63,63,63,61,63,0,8279,1.45687144005964,25,-86,0.001869,51,2024-12-22 15:59:17.001695,678,1.037,0.0011,"aoml_navis",1030.3977336605
"7901009",56,0,1,0.031773,1,0.009345,1,127.129758381977,1,4.85242563319513,680,1,7.05299997329712,34.8790016174316,0.0317730009555817,0,122.591697692871,-86.4007,25.2028,37.7516006014272,63,63,63,63,61,63,0,8279,1.45687144005964,25,-86,0.001869,51,2024-12-22 15:59:17.001695,680,1.037,0.0011,"aoml_navis",1030.41249427819
"7901009",56,0,1,0.033642,1,0.011214,1,127.637380563572,1,4.85236507175629,682,1,7.01300001144409,34.8759994506836,0.0336420014500618,0,123.081199645996,-86.4007,25.2028,37.7516006014272,63,63,63,63,61,63,0,8279,1.45687144005964,25,-86,0.001869,51,2024-12-22 15:59:17.001695,682,1.037,0.0011,"aoml_navis",1030.42535465912
"7901009",56,0,1,0.026166,1,0.003738,1,128.062450846121,1,4.85230587875976,684,1,6.9850001335144,34.875,0.0261659994721413,0,123.491096496582,-86.4007,25.2028,37.7516006014272,63,63,63,63,61,63,0,8279,1.45687144005964,25,-86,0.001869,51,2024-12-22 15:59:17.001695,684,1.037,0.0011,"aoml_navis",1030.43792475795
"7901009",56,0,1,0.029904,1,0.007476,1,128.494997795778,1,4.85224895659574,686,1,6.95499992370605,34.8730010986328,0.0299040004611015,0,123.908203125,-86.4007,25.2028,37.7516006014272,63,63,63,63,61,63,0,8279,1.45687144005964,25,-86,0.001869,51,2024-12-22 15:59:17.001695,686,1.037,0.0011,"aoml_navis",1030.45001291688
"7901009",56,0,1,0.029904,1,0.007476,1,128.932204805674,1,4.85219054982521,688,1,6.92799997329712,34.8720016479492,0.0299040004611015,0,124.329803466797,-86.4007,25.2028,37.7516006014272,63,63,63,63,61,63,0,8279,1.45687144005964,25,-86,0.001869,51,2024-12-22 15:59:17.001695,688,1.037,0.0011,"aoml_navis",1030.46241664605
"7901009",56,0,1,0.024297,1,0.001869,1,129.435673283321,1,4.85212570377204,690,1,6.89200019836426,34.8709983825684,0.0242970008403063,0,124.815299987793,-86.4007,25.2028,37.7516006014272,63,63,63,63,61,63,0,8279,1.45687144005964,25,-86,0.001869,51,2024-12-22 15:59:17.001695,690,1.037,0.0011,"aoml_navis",1030.47618822262
"7901009",56,0,1,0.031773,1,0.009345,1,129.863441495482,1,4.85205290088642,692,1,6.84999990463257,34.8709983825684,0.0317730009555817,0,125.227798461914,-86.4007,25.2028,37.7516006014272,63,63,63,63,61,63,0,8279,1.45687144005964,25,-86,0.001869,51,2024-12-22 15:59:17.001695,692,1.037,0.0011,"aoml_navis",1030.49165005735
"7901009",56,0,1,0.029904,1,0.007476,1,130.195706164096,1,4.85198662041731,694,1,6.81699991226196,34.8709983825684,0.0299040004611015,0,125.548202514648,-86.4007,25.2028,37.7516006014272,63,63,63,63,61,63,0,8279,1.45687144005964,25,-86,0.001869,51,2024-12-22 15:59:17.001695,694,1.037,0.0011,"aoml_navis",1030.50572706855
"7901009",56,0,1,0.031773,1,0.009345,1,130.428202819775,1,4.8519354148037,696,1,6.80499982833862,34.8709983825684,0.0317730009555817,0,125.772399902344,-86.4007,25.2028,37.7516006014272,63,63,63,63,61,63,0,8279,1.45687144005964,25,-86,0.001869,51,2024-12-22 15:59:17.001695,696,1.037,0.0011,"aoml_navis",1030.51660266222
"7901009",56,0,1,0.035511,1,0.013083,1,130.720853020446,1,4.85188636235104,698,1,6.7960000038147,34.8709983825684,0.0355109982192516,0,126.05460357666,-86.4007,25.2028,37.7516006014272,63,63,63,63,61,63,0,8279,1.45687144005964,25,-86,0.001869,51,2024-12-22 15:59:17.001695,698,1.037,0.0011,"aoml_navis",1030.52702115991
"7901009",56,0,1,0.029904,1,0.007476,1,131.132133005886,1,4.85183455951704,700,1,6.77799987792969,34.8699989318848,0.0299040004611015,0,126.451202392578,-86.4007,25.2028,37.7516006014272,63,63,63,63,61,63,0,8279,1.45687144005964,25,-86,0.001869,51,2024-12-22 15:59:17.001695,700,1.037,0.0011,"aoml_navis",1030.53802405367
"7901009",56,0,1,0.031773,1,0.009345,1,131.802461705007,1,4.85175754582034,702,1,6.7350001335144,34.8709983825684,0.0317730009555817,0,127.097602844238,-86.4007,25.2028,37.7516006014272,63,63,63,63,61,63,0,8279,1.45687144005964,25,-86,0.001869,51,2024-12-22 15:59:17.001695,702,1.037,0.0011,"aoml_navis",1030.55438215526
"7901009",56,0,1,0.028035,1,0.005607,1,132.158469736573,1,4.85169736338836,704,1,6.69999980926514,34.8689994812012,0.0280349999666214,0,127.440902709961,-86.4007,25.2028,37.7516006014272,63,63,63,63,61,63,0,8279,1.45687144005964,25,-86,0.001869,51,2024-12-22 15:59:17.001695,704,1.037,0.0011,"aoml_navis",1030.56716557194
"7901009",56,0,1,0.028035,1,0.005607,1,132.352285518719,1,4.85165261137641,706,1,6.69700002670288,34.8689994812012,0.0280349999666214,0,127.627799987793,-86.4007,25.2028,37.7516006014272,63,63,63,63,61,63,0,8279,1.45687144005964,25,-86,0.001869,51,2024-12-22 15:59:17.001695,706,1.037,0.0011,"aoml_navis",1030.5766716017
"7901009",56,0,1,0.033642,1,0.011214,1,132.713270083206,1,4.85160727767873,708,1,6.68800020217896,34.8680000305176,0.0336420014500618,0,127.975898742676,-86.4007,25.2028,37.7516006014272,63,63,63,63,61,63,0,8279,1.45687144005964,25,-86,0.001869,51,2024-12-22 15:59:17.001695,708,1.037,0.0011,"aoml_navis",1030.58630136944
"7901009",56,0,1,0.028035,1,0.005607,1,133.144883438451,1,4.8515534144718,710,1,6.66699981689453,34.867000579834,0.0280349999666214,0,128.392105102539,-86.4007,25.2028,37.7516006014272,63,63,63,63,61,63,0,8279,1.45687144005964,25,-86,0.001869,51,2024-12-22 15:59:17.001695,710,1.037,0.0011,"aoml_navis",1030.59774320641
"7901009",56,0,1,0.029904,1,0.007476,1,133.490614019675,1,4.85147602454295,712,1,6.61800003051758,34.867000579834,0.0299040004611015,0,128.725494384766,-86.4007,25.2028,37.7516006014272,63,63,63,63,61,63,0,8279,1.45687144005964,25,-86,0.001869,51,2024-12-22 15:59:17.001695,712,1.037,0.0011,"aoml_navis",1030.61418312812
"7901009",56,0,1,0.028035,1,0.005607,1,133.627092863698,1,4.85142631813795,714,1,6.60799980163574,34.867000579834,0.0280349999666214,0,128.85710144043,-86.4007,25.2028,37.7516006014272,63,63,63,63,61,63,0,8279,1.45687144005964,25,-86,0.001869,51,2024-12-22 15:59:17.001695,714,1.037,0.0011,"aoml_navis",1030.62474252295
"7901009",56,0,1,0.026166,1,0.003738,1,133.805251159913,1,4.85137873941501,716,1,6.60099983215332,34.867000579834,0.0261659994721413,0,129.028900146484,-86.4007,25.2028,37.7516006014272,63,63,63,63,61,63,0,8279,1.45687144005964,25,-86,0.001869,51,2024-12-22 15:59:17.001695,716,1.037,0.0011,"aoml_navis",1030.6348501257
"7901009",56,0,1,0.033642,1,0.011214,1,133.945970737872,1,4.85133768210562,718,1,6.59800004959106,34.8660011291504,0.0336420014500618,0,129.164596557617,-86.4007,25.2028,37.7516006014272,63,63,63,63,61,63,0,8279,1.45687144005964,25,-86,0.001869,51,2024-12-22 15:59:17.001695,718,1.037,0.0011,"aoml_navis",1030.64357248161
"7901009",56,0,1,0.031773,1,0.009345,1,134.181268176785,1,4.85128727604911,720,1,6.58699989318848,34.8660011291504,0.0317730009555817,0,129.391494750977,-86.4007,25.2028,37.7516006014272,63,63,63,63,61,63,0,8279,1.45687144005964,25,-86,0.001869,51,2024-12-22 15:59:17.001695,720,1.037,0.0011,"aoml_navis",1030.65428111938
"7901009",56,0,1,0.028035,1,0.005607,1,134.409318391285,1,4.851237581991,722,1,6.5770001411438,34.8660011291504,0.0280349999666214,0,129.611404418945,-86.4007,25.2028,37.7516006014272,63,63,63,63,61,63,0,8279,1.45687144005964,25,-86,0.001869,51,2024-12-22 15:59:17.001695,722,1.037,0.0011,"aoml_navis",1030.66483871275
"7901009",56,0,1,0.028035,1,0.005607,1,134.752881134638,1,4.85119001290957,724,1,6.57000017166138,34.8660011291504,0.0280349999666214,0,129.94270324707,-86.4007,25.2028,37.7516006014272,63,63,63,63,61,63,0,8279,1.45687144005964,25,-86,0.001869,51,2024-12-22 15:59:17.001695,724,1.037,0.0011,"aoml_navis",1030.67494505357
"7901009",56,0,1,0.031773,1,0.009345,1,135.238824937531,1,4.85113325852534,726,1,6.55000019073486,34.8660011291504,0.0317730009555817,0,130.41130065918,-86.4007,25.2028,37.7516006014272,63,63,63,63,61,63,0,8279,1.45687144005964,25,-86,0.001869,51,2024-12-22 15:59:17.001695,726,1.037,0.0011,"aoml_navis",1030.68700312716
"7901009",56,0,1,0.029904,1,0.007476,1,135.606028190214,1,4.85108390742288,728,1,6.53000020980835,34.8639984130859,0.0299040004611015,0,130.765396118164,-86.4007,25.2028,37.7516006014272,63,63,63,63,61,63,0,8279,1.45687144005964,25,-86,0.001869,51,2024-12-22 15:59:17.001695,728,1.037,0.0011,"aoml_navis",1030.69748852401
"7901009",56,0,1,0.029904,1,0.007476,1,136.025924144416,1,4.85102664226223,730,1,6.50400018692017,34.8629989624023,0.0299040004611015,0,131.170303344727,-86.4007,25.2028,37.7516006014272,63,63,63,63,61,63,0,8279,1.45687144005964,25,-86,0.001869,51,2024-12-22 15:59:17.001695,730,1.037,0.0011,"aoml_navis",1030.70965565102
"7901009",56,0,1,0.029904,1,0.007476,1,136.2815391295,1,4.85096343543254,732,1,6.48000001907349,34.8639984130859,0.0299040004611015,0,131.416793823242,-86.4007,25.2028,37.7516006014272,63,63,63,63,61,63,0,8279,1.45687144005964,25,-86,0.001869,51,2024-12-22 15:59:17.001695,732,1.037,0.0011,"aoml_navis",1030.72308553778
"7901009",56,0,1,0.029904,1,0.007476,1,136.561016154791,1,4.85090866987657,734,1,6.46799993515015,34.8650016784668,0.0299040004611015,0,131.686294555664,-86.4007,25.2028,37.7516006014272,63,63,63,63,61,63,0,8279,1.45687144005964,25,-86,0.001869,51,2024-12-22 15:59:17.001695,734,1.037,0.0011,"aoml_navis",1030.73472214583
"7901009",56,0,1,0.026166,1,0.003738,1,136.860304369962,1,4.85085480082967,736,1,6.4520001411438,34.8650016784668,0.0261659994721413,0,131.974899291992,-86.4007,25.2028,37.7516006014272,63,63,63,63,61,63,0,8279,1.45687144005964,25,-86,0.001869,51,2024-12-22 15:59:17.001695,736,1.037,0.0011,"aoml_navis",1030.74616851958
"7901009",56,0,1,0.029904,1,0.007476,1,137.171824254284,1,4.85080394038393,738,1,6.43499994277954,34.8639984130859,0.0299040004611015,0,132.275299072266,-86.4007,25.2028,37.7516006014272,63,63,63,63,61,63,0,8279,1.45687144005964,25,-86,0.001869,51,2024-12-22 15:59:17.001695,738,1.037,0.0011,"aoml_navis",1030.75697584353
"7901009",56,0,1,0.028035,1,0.005607,1,137.458152913136,1,4.85072728589334,740,1,6.39699983596802,34.8660011291504,0.0280349999666214,0,132.551406860352,-86.4007,25.2028,37.7516006014272,63,63,63,63,61,63,0,8279,1.45687144005964,25,-86,0.001869,51,2024-12-22 15:59:17.001695,740,1.037,0.0011,"aoml_navis",1030.77326456607
"7901009",56,0,1,0.026166,1,0.003738,1,137.742503617726,1,4.8506676718673,742,1,6.37799978256226,34.867000579834,0.0261659994721413,0,132.825607299805,-86.4007,25.2028,37.7516006014272,63,63,63,63,61,63,0,8279,1.45687144005964,25,-86,0.001869,51,2024-12-22 15:59:17.001695,742,1.037,0.0011,"aoml_navis",1030.78593262507
"7901009",56,0,1,0.029904,1,0.007476,1,138.086889190053,1,4.85062453336682,744,1,6.37200021743774,34.8660011291504,0.0299040004611015,0,133.157699584961,-86.4007,25.2028,37.7516006014272,63,63,63,63,61,63,0,8279,1.45687144005964,25,-86,0.001869,51,2024-12-22 15:59:17.001695,744,1.037,0.0011,"aoml_navis",1030.79509980738
"7901009",56,0,1,0.029904,1,0.007476,1,138.519538993331,1,4.85057281583804,746,1,6.35900020599365,34.8660011291504,0.0299040004611015,0,133.574905395508,-86.4007,25.2028,37.7516006014272,63,63,63,63,61,63,0,8279,1.45687144005964,25,-86,0.001869,51,2024-12-22 15:59:17.001695,746,1.037,0.0011,"aoml_navis",1030.80609029805
"7901009",56,0,1,0.031773,1,0.009345,1,138.978725030978,1,4.85051342522386,748,1,6.33500003814697,34.8660011291504,0.0317730009555817,0,134.017700195312,-86.4007,25.2028,37.7516006014272,63,63,63,63,61,63,0,8279,1.45687144005964,25,-86,0.001869,51,2024-12-22 15:59:17.001695,748,1.037,0.0011,"aoml_navis",1030.81871168499
"7901009",56,0,1,0.031773,1,0.009345,1,139.220351923526,1,4.8504510654866,750,1,6.31199979782104,34.867000579834,0.0317730009555817,0,134.250701904297,-86.4007,25.2028,37.7516006014272,63,63,63,63,61,63,0,8279,1.45687144005964,25,-86,0.001869,51,2024-12-22 15:59:17.001695,750,1.037,0.0011,"aoml_navis",1030.83196438729
"7901009",56,0,1,0.031773,1,0.009345,1,139.369157378505,1,4.85040285819293,752,1,6.30399990081787,34.867000579834,0.0317730009555817,0,134.394195556641,-86.4007,25.2028,37.7516006014272,63,63,63,63,61,63,0,8279,1.45687144005964,25,-86,0.001869,51,2024-12-22 15:59:17.001695,752,1.037,0.0011,"aoml_navis",1030.84220964335
"7901009",56,0,1,0.029904,1,0.007476,1,139.523991638072,1,4.85035883319881,754,1,6.30200004577637,34.867000579834,0.0299040004611015,0,134.543502807617,-86.4007,25.2028,37.7516006014272,63,63,63,63,61,63,0,8279,1.45687144005964,25,-86,0.001869,51,2024-12-22 15:59:17.001695,754,1.037,0.0011,"aoml_navis",1030.85156623402
"7901009",56,0,1,0.031773,1,0.009345,1,139.7979620387,1,4.85031341635523,756,1,6.2979998588562,34.867000579834,0.0317730009555817,0,134.807693481445,-86.4007,25.2028,37.7516006014272,63,63,63,63,61,63,0,8279,1.45687144005964,25,-86,0.001869,51,2024-12-22 15:59:17.001695,756,1.037,0.0011,"aoml_navis",1030.86121881115
"7901009",56,0,1,0.029904,1,0.007476,1,140.145164217894,1,4.85026173279914,758,1,6.28499984741211,34.867000579834,0.0299040004611015,0,135.142501831055,-86.4007,25.2028,37.7516006014272,63,63,63,63,61,63,0,8279,1.45687144005964,25,-86,0.001869,51,2024-12-22 15:59:17.001695,758,1.037,0.0011,"aoml_navis",1030.87220349126
"7901009",56,0,1,0.028035,1,0.005607,1,140.64261180277,1,4.85020887337464,760,1,6.2649998664856,34.8660011291504,0.0280349999666214,0,135.622192382812,-86.4007,25.2028,37.7516006014272,63,63,63,63,61,63,0,8279,1.45687144005964,25,-86,0.001869,51,2024-12-22 15:59:17.001695,760,1.037,0.0011,"aoml_navis",1030.88343832936
"7901009",56,0,1,0.028035,1,0.005607,1,140.918670923097,1,4.8501467853742,762,1,6.23699998855591,34.8660011291504,0.0280349999666214,0,135.888397216797,-86.4007,25.2028,37.7516006014272,63,63,63,63,61,63,0,8279,1.45687144005964,25,-86,0.001869,51,2024-12-22 15:59:17.001695,762,1.037,0.0011,"aoml_navis",1030.89663493849
"7901009",56,0,1,0.029904,1,0.007476,1,141.15439560013,1,4.85009929353718,764,1,6.23000001907349,34.8660011291504,0.0299040004611015,0,136.115707397461,-86.4007,25.2028,37.7516006014272,63,63,63,63,61,63,0,8279,1.45687144005964,25,-86,0.001869,51,2024-12-22 15:59:17.001695,764,1.037,0.0011,"aoml_navis",1030.90672940708
"7901009",56,0,1,0.028035,1,0.005607,1,141.333582432561,1,4.85004625400629,766,1,6.21500015258789,34.8660011291504,0.0280349999666214,0,136.288497924805,-86.4007,25.2028,37.7516006014272,63,63,63,63,61,63,0,8279,1.45687144005964,25,-86,0.001869,51,2024-12-22 15:59:17.001695,766,1.037,0.0011,"aoml_navis",1030.91800328087
"7901009",56,0,1,0.029904,1,0.007476,1,141.464871124602,1,4.84999738105615,768,1,6.20599985122681,34.8660011291504,0.0299040004611015,0,136.415100097656,-86.4007,25.2028,37.7516006014272,63,63,63,63,61,63,0,8279,1.45687144005964,25,-86,0.001869,51,2024-12-22 15:59:17.001695,768,1.037,0.0011,"aoml_navis",1030.92839174094
"7901009",56,0,1,0.029904,1,0.007476,1,141.621351042115,1,4.84994851154383,770,1,6.19700002670288,34.8660011291504,0.0299040004611015,0,136.565994262695,-86.4007,25.2028,37.7516006014272,63,63,63,63,61,63,0,8279,1.45687144005964,25,-86,0.001869,51,2024-12-22 15:59:17.001695,770,1.037,0.0011,"aoml_navis",1030.93877967962
"7901009",56,0,1,0.029904,1,0.007476,1,141.722669771191,1,4.84989803585317,772,1,6.19099998474121,34.867000579834,0.0299040004611015,0,136.663696289062,-86.4007,25.2028,37.7516006014272,63,63,63,63,61,63,0,8279,1.45687144005964,25,-86,0.001869,51,2024-12-22 15:59:17.001695,772,1.037,0.0011,"aoml_navis",1030.94950925508
"7901009",56,0,1,0.029904,1,0.007476,1,141.840065312501,1,4.84984986449218,774,1,6.18300008773804,34.867000579834,0.0299040004611015,0,136.776901245117,-86.4007,25.2028,37.7516006014272,63,63,63,63,61,63,0,8279,1.45687144005964,25,-86,0.001869,51,2024-12-22 15:59:17.001695,774,1.037,0.0011,"aoml_navis",1030.95974920938
"7901009",56,0,1,0.03738,1,0.014952,1,141.986592164171,1,4.8497966229337,776,1,6.1729998588562,34.8680000305176,0.0373799987137318,0,136.918197631836,-86.4007,25.2028,37.7516006014272,63,63,63,63,61,63,0,8279,1.45687144005964,25,-86,0.001869,51,2024-12-22 15:59:17.001695,776,1.037,0.0011,"aoml_navis",1030.97106718991
"7901009",56,0,1,0.029904,1,0.007476,1,142.039901987419,1,4.84974753926984,778,1,6.16900014877319,34.8689994812012,0.0299040004611015,0,136.969604492188,-86.4007,25.2028,37.7516006014272,63,63,63,63,61,63,0,8279,1.45687144005964,25,-86,0.001869,51,2024-12-22 15:59:17.001695,778,1.037,0.0011,"aoml_navis",1030.98150151395
"7901009",56,0,1,0.031773,1,0.009345,1,142.154908159983,1,4.84970422244355,780,1,6.16800022125244,34.8689994812012,0.0317730009555817,0,137.080505371094,-86.4007,25.2028,37.7516006014272,63,63,63,63,61,63,0,8279,1.45687144005964,25,-86,0.001869,51,2024-12-22 15:59:17.001695,780,1.037,0.0011,"aoml_navis",1030.99071008515
"7901009",56,0,1,0.024297,1,0.001869,1,142.393623503859,1,4.84966598058185,782,1,6.16900014877319,34.8680000305176,0.0242970008403063,0,137.310699462891,-86.4007,25.2028,37.7516006014272,63,63,63,63,61,63,0,8279,1.45687144005964,25,-86,0.001869,51,2024-12-22 15:59:17.001695,782,1.037,0.0011,"aoml_navis",1030.99883992425
"7901009",56,0,1,0.028035,1,0.005607,1,142.909948684203,1,4.84961482415552,784,1,6.16200017929077,34.8689994812012,0.0280349999666214,0,137.80859375,-86.4007,25.2028,37.7516006014272,63,63,63,63,61,63,0,8279,1.45687144005964,25,-86,0.001869,51,2024-12-22 15:59:17.001695,784,1.037,0.0011,"aoml_navis",1031.00971547172
"7901009",56,0,1,0.033642,1,0.011214,1,143.375163526438,1,4.84955144220537,786,1,6.13199996948242,34.8689994812012,0.0336420014500618,0,138.257202148438,-86.4007,25.2028,37.7516006014272,63,63,63,63,61,63,0,8279,1.45687144005964,25,-86,0.001869,51,2024-12-22 15:59:17.001695,786,1.037,0.0011,"aoml_navis",1031.02319041
"7901009",56,0,1,0.028035,1,0.005607,1,143.650067521477,1,4.84949776234106,788,1,6.11600017547607,34.8689994812012,0.0280349999666214,0,138.52229309082,-86.4007,25.2028,37.7516006014272,63,63,63,63,61,63,0,8279,1.45687144005964,25,-86,0.001869,51,2024-12-22 15:59:17.001695,788,1.037,0.0011,"aoml_navis",1031.03460297016
"7901009",56,0,1,0.031773,1,0.009345,1,143.874272592892,1,4.84944616217847,790,1,6.10300016403198,34.8689994812012,0.0317730009555817,0,138.738494873047,-86.4007,25.2028,37.7516006014272,63,63,63,63,61,63,0,8279,1.45687144005964,25,-86,0.001869,51,2024-12-22 15:59:17.001695,790,1.037,0.0011,"aoml_navis",1031.04557361534
"7901009",56,0,1,0.029904,1,0.007476,1,144.117355259777,1,4.84939456795872,792,1,6.09000015258789,34.8689994812012,0.0299040004611015,0,138.972900390625,-86.4007,25.2028,37.7516006014272,63,63,63,63,61,63,0,8279,1.45687144005964,25,-86,0.001869,51,2024-12-22 15:59:17.001695,792,1.037,0.0011,"aoml_navis",1031.05654323044
"7901009",56,0,1,0.028035,1,0.005607,1,144.392575727498,1,4.84934280170133,793.900024414062,1,6.0789999961853,34.8699989318848,0.0280349999666214,0,139.238296508789,-86.4007,25.2028,37.7516006014272,63,63,63,63,61,63,0,8279,1.45687144005964,25,-86,0.001869,51,2024-12-22 15:59:17.001695,793.900024414062,1.037,0.0011,"aoml_navis",1031.06754965762
"7901009",56,0,1,0.031773,1,0.009345,1,144.748069490955,1,4.84929322312699,796,1,6.07200002670288,34.8699989318848,0.0317730009555817,0,139.581100463867,-86.4007,25.2028,37.7516006014272,63,63,63,63,61,63,0,8279,1.45687144005964,25,-86,0.001869,51,2024-12-22 15:59:17.001695,796,1.037,0.0011,"aoml_navis",1031.07809116476
"7901009",56,0,1,0.029904,1,0.007476,1,145.158724442849,1,4.84923957674643,798,1,6.05600023269653,34.8699989318848,0.0299040004611015,0,139.977096557617,-86.4007,25.2028,37.7516006014272,63,63,63,63,61,63,0,8279,1.45687144005964,25,-86,0.001869,51,2024-12-22 15:59:17.001695,798,1.037,0.0011,"aoml_navis",1031.08949782075
"7901009",56,0,1,0.029904,1,0.007476,1,145.738518219527,1,4.84918800400686,800,1,6.04300022125244,34.8699989318848,0.0299040004611015,0,140.536193847656,-86.4007,25.2028,37.7516006014272,63,63,63,63,61,63,0,8279,1.45687144005964,25,-86,0.001869,51,2024-12-22 15:59:17.001695,800,1.037,0.0011,"aoml_navis",1031.10046380312
"7901009",56,0,1,0.033642,1,0.011214,1,146.249352598842,1,4.84913162323028,802,1,6.02299976348877,34.8699989318848,0.0336420014500618,0,141.028793334961,-86.4007,25.2028,37.7516006014272,63,63,63,63,61,63,0,8279,1.45687144005964,25,-86,0.001869,51,2024-12-22 15:59:17.001695,802,1.037,0.0011,"aoml_navis",1031.11245239188
"7901009",56,0,1,0.031773,1,0.009345,1,146.643329440405,1,4.84907525755251,804,1,6.00299978256226,34.8699989318848,0.0317730009555817,0,141.408706665039,-86.4007,25.2028,37.7516006014272,63,63,63,63,61,63,0,8279,1.45687144005964,25,-86,0.001869,51,2024-12-22 15:59:17.001695,804,1.037,0.0011,"aoml_navis",1031.12443804877
"7901009",56,0,1,0.031773,1,0.009345,1,147.064143165385,1,4.84902645444713,806,1,5.99399995803833,34.8699989318848,0.0317730009555817,0,141.814498901367,-86.4007,25.2028,37.7516006014272,63,63,63,63,61,63,0,8279,1.45687144005964,25,-86,0.001869,51,2024-12-22 15:59:17.001695,806,1.037,0.0011,"aoml_navis",1031.13481581739
"7901009",56,0,1,0.028035,1,0.005607,1,147.509641759544,1,4.84897010943809,808,1,5.97399997711182,34.8699989318848,0.0280349999666214,0,142.244094848633,-86.4007,25.2028,37.7516006014272,63,63,63,63,61,63,0,8279,1.45687144005964,25,-86,0.001869,51,2024-12-22 15:59:17.001695,808,1.037,0.0011,"aoml_navis",1031.14679759893
"7901009",56,0,1,0.029904,1,0.007476,1,147.967593553731,1,4.84891309445724,810,1,5.95300006866455,34.8699989318848,0.0299040004611015,0,142.685699462891,-86.4007,25.2028,37.7516006014272,63,63,63,63,61,63,0,8279,1.45687144005964,25,-86,0.001869,51,2024-12-22 15:59:17.001695,810,1.037,0.0011,"aoml_navis",1031.1589221336
"7901009",56,0,1,0.029904,1,0.007476,1,148.509015017742,1,4.84886293733859,812,1,5.94199991226196,34.8699989318848,0.0299040004611015,0,143.207794189453,-86.4007,25.2028,37.7516006014272,63,63,63,63,61,63,0,8279,1.45687144005964,25,-86,0.001869,51,2024-12-22 15:59:17.001695,812,1.037,0.0011,"aoml_navis",1031.16958854365
"7901009",56,0,1,0.029904,1,0.007476,1,149.1086199843,1,4.84879679213382,814,1,5.91300010681152,34.8709983825684,0.0299040004611015,0,143.785995483398,-86.4007,25.2028,37.7516006014272,63,63,63,63,61,63,0,8279,1.45687144005964,25,-86,0.001869,51,2024-12-22 15:59:17.001695,814,1.037,0.0011,"aoml_navis",1031.18365531661
"7901009",56,0,1,0.029904,1,0.007476,1,149.529655240156,1,4.84873612273498,816,1,5.89200019836426,34.8720016479492,0.0299040004611015,0,144.192001342773,-86.4007,25.2028,37.7516006014272,63,63,63,63,61,63,0,8279,1.45687144005964,25,-86,0.001869,51,2024-12-22 15:59:17.001695,816,1.037,0.0011,"aoml_navis",1031.1965579145
"7901009",56,0,1,0.031773,1,0.009345,1,149.880275324314,1,4.84868257928167,818,1,5.87599992752075,34.8720016479492,0.0317730009555817,0,144.53010559082,-86.4007,25.2028,37.7516006014272,63,63,63,63,61,63,0,8279,1.45687144005964,25,-86,0.001869,51,2024-12-22 15:59:17.001695,818,1.037,0.0011,"aoml_navis",1031.20794530145
"7901009",56,0,1,0.029904,1,0.007476,1,150.210245565985,1,4.84862399500914,820,1,5.85799980163574,34.8730010986328,0.0299040004611015,0,144.848297119141,-86.4007,25.2028,37.7516006014272,63,63,63,63,61,63,0,8279,1.45687144005964,25,-86,0.001869,51,2024-12-22 15:59:17.001695,820,1.037,0.0011,"aoml_navis",1031.22040503588
"7901009",56,0,1,0.031773,1,0.009345,1,150.519075432512,1,4.84857523533529,822,1,5.84899997711182,34.8730010986328,0.0317730009555817,0,145.146102905273,-86.4007,25.2028,37.7516006014272,63,63,63,63,61,63,0,8279,1.45687144005964,25,-86,0.001869,51,2024-12-22 15:59:17.001695,822,1.037,0.0011,"aoml_navis",1031.23077549899
"7901009",56,0,1,0.029904,1,0.007476,1,150.886595157878,1,4.84852715921678,824,1,5.84100008010864,34.8730010986328,0.0299040004611015,0,145.500503540039,-86.4007,25.2028,37.7516006014272,63,63,63,63,61,63,0,8279,1.45687144005964,25,-86,0.001869,51,2024-12-22 15:59:17.001695,824,1.037,0.0011,"aoml_navis",1031.24100078418
"7901009",56,0,1,0.029904,1,0.007476,1,151.31612770524,1,4.84847063668367,826,1,5.82600021362305,34.8740005493164,0.0299040004611015,0,145.914703369141,-86.4007,25.2028,37.7516006014272,63,63,63,63,61,63,0,8279,1.45687144005964,25,-86,0.001869,51,2024-12-22 15:59:17.001695,826,1.037,0.0011,"aoml_navis",1031.25302279235
"7901009",56,0,1,0.028035,1,0.005607,1,151.673377892082,1,4.84841004585388,828,1,5.80499982833862,34.875,0.0280349999666214,0,146.259201049805,-86.4007,25.2028,37.7516006014272,63,63,63,63,61,63,0,8279,1.45687144005964,25,-86,0.001869,51,2024-12-22 15:59:17.001695,828,1.037,0.0011,"aoml_navis",1031.26591041444
"7901009",56,0,1,0.029904,1,0.007476,1,151.989660690265,1,4.84835858756951,830,1,5.79199981689453,34.875,0.0299040004611015,0,146.564193725586,-86.4007,25.2028,37.7516006014272,63,63,63,63,61,63,0,8279,1.45687144005964,25,-86,0.001869,51,2024-12-22 15:59:17.001695,830,1.037,0.0011,"aoml_navis",1031.2768558042
"7901009",56,0,1,0.033642,1,0.011214,1,152.288331783706,1,4.84830713520414,832,1,5.77899980545044,34.875,0.0336420014500618,0,146.852203369141,-86.4007,25.2028,37.7516006014272,63,63,63,63,61,63,0,8279,1.45687144005964,25,-86,0.001869,51,2024-12-22 15:59:17.001695,832,1.037,0.0011,"aoml_navis",1031.28780016728
"7901009",56,0,1,0.029904,1,0.007476,1,152.57671751499,1,4.84825471254705,834,1,5.76999998092651,34.8759994506836,0.0299040004611015,0,147.130294799805,-86.4007,25.2028,37.7516006014272,63,63,63,63,61,63,0,8279,1.45687144005964,25,-86,0.001869,51,2024-12-22 15:59:17.001695,834,1.037,0.0011,"aoml_navis",1031.2989511587
"7901009",56,0,1,0.029904,1,0.007476,1,152.98499892177,1,4.84820327019008,836,1,5.75699996948242,34.8759994506836,0.0299040004611015,0,147.524002075195,-86.4007,25.2028,37.7516006014272,63,63,63,63,61,63,0,8279,1.45687144005964,25,-86,0.001869,51,2024-12-22 15:59:17.001695,836,1.037,0.0011,"aoml_navis",1031.30989386177
"7901009",56,0,1,0.026166,1,0.003738,1,153.194994369773,1,4.84814273074079,838,1,5.73600006103516,34.8769989013672,0.0261659994721413,0,147.726501464844,-86.4007,25.2028,37.7516006014272,63,63,63,63,61,63,0,8279,1.45687144005964,25,-86,0.001869,51,2024-12-22 15:59:17.001695,838,1.037,0.0011,"aoml_navis",1031.3227719754
"7901009",56,0,1,0.028035,1,0.005607,1,153.412980752992,1,4.84808829211252,840,1,5.72399997711182,34.8779983520508,0.0280349999666214,0,147.936706542969,-86.4007,25.2028,37.7516006014272,63,63,63,63,61,63,0,8279,1.45687144005964,25,-86,0.001869,51,2024-12-22 15:59:17.001695,840,1.037,0.0011,"aoml_navis",1031.33435258071
"7901009",56,0,1,0.028035,1,0.005607,1,153.482557272084,1,4.84804430813157,842,1,5.72200012207031,34.8779983520508,0.0280349999666214,0,148.003799438477,-86.4007,25.2028,37.7516006014272,63,63,63,63,61,63,0,8279,1.45687144005964,25,-86,0.001869,51,2024-12-22 15:59:17.001695,842,1.037,0.0011,"aoml_navis",1031.34370938268
"7901009",56,0,1,0.029904,1,0.007476,1,153.620476066809,1,4.848001002584,844,1,5.72100019454956,34.8779983520508,0.0299040004611015,0,148.136795043945,-86.4007,25.2028,37.7516006014272,63,63,63,63,61,63,0,8279,1.45687144005964,25,-86,0.001869,51,2024-12-22 15:59:17.001695,844,1.037,0.0011,"aoml_navis",1031.352922026
"7901009",56,0,1,0.029904,1,0.007476,1,153.868748885675,1,4.84795634573314,846,1,5.71799993515015,34.8779983520508,0.0299040004611015,0,148.376205444336,-86.4007,25.2028,37.7516006014272,63,63,63,63,61,63,0,8279,1.45687144005964,25,-86,0.001869,51,2024-12-22 15:59:17.001695,846,1.037,0.0011,"aoml_navis",1031.36242231238
"7901009",56,0,1,0.029904,1,0.007476,1,154.235335016629,1,4.84789514212544,848,1,5.69600009918213,34.8790016174316,0.0299040004611015,0,148.729705810547,-86.4007,25.2028,37.7516006014272,63,63,63,63,61,63,0,8279,1.45687144005964,25,-86,0.001869,51,2024-12-22 15:59:17.001695,848,1.037,0.0011,"aoml_navis",1031.37544303565
"7901009",56,0,1,0.029904,1,0.007476,1,154.454033463382,1,4.84783801998221,850,1,5.67999982833862,34.8800010681152,0.0299040004611015,0,148.94059753418,-86.4007,25.2028,37.7516006014272,63,63,63,63,61,63,0,8279,1.45687144005964,25,-86,0.001869,51,2024-12-22 15:59:17.001695,850,1.037,0.0011,"aoml_navis",1031.38759574693
"7901009",56,0,1,0.031773,1,0.009345,1,154.594753041341,1,4.84778931761957,852,1,5.6710000038147,34.8800010681152,0.0317730009555817,0,149.076293945312,-86.4007,25.2028,37.7516006014272,63,63,63,63,61,63,0,8279,1.45687144005964,25,-86,0.001869,51,2024-12-22 15:59:17.001695,852,1.037,0.0011,"aoml_navis",1031.39795737971
"7901009",56,0,1,0.026166,1,0.003738,1,154.743874969002,1,4.84774186088847,854.099975585938,1,5.66699981689453,34.8800010681152,0.0261659994721413,0,149.220092773438,-86.4007,25.2028,37.7516006014272,63,63,63,63,61,63,0,8279,1.45687144005964,25,-86,0.001869,51,2024-12-22 15:59:17.001695,854.099975585938,1.037,0.0011,"aoml_navis",1031.40805419941
"7901009",56,0,1,0.028035,1,0.005607,1,155.001278024738,1,4.84769295575408,856,1,5.65999984741211,34.8810005187988,0.0280349999666214,0,149.468307495117,-86.4007,25.2028,37.7516006014272,63,63,63,63,61,63,0,8279,1.45687144005964,25,-86,0.001869,51,2024-12-22 15:59:17.001695,856,1.037,0.0011,"aoml_navis",1031.41845938595
"7901009",56,0,1,0.028035,1,0.005607,1,155.308019171565,1,4.84764695912844,858,1,5.65500020980835,34.8810005187988,0.0280349999666214,0,149.764099121094,-86.4007,25.2028,37.7516006014272,63,63,63,63,61,63,0,8279,1.45687144005964,25,-86,0.001869,51,2024-12-22 15:59:17.001695,858,1.037,0.0011,"aoml_navis",1031.42824594202
"7901009",56,0,1,0.026166,1,0.003738,1,155.639967367497,1,4.84759961470828,860,1,5.64799976348877,34.8810005187988,0.0261659994721413,0,150.084197998047,-86.4007,25.2028,37.7516006014272,63,63,63,63,61,63,0,8279,1.45687144005964,25,-86,0.001869,51,2024-12-22 15:59:17.001695,860,1.037,0.0011,"aoml_navis",1031.43831945801
"7901009",56,0,1,0.029904,1,0.007476,1,156.096257680105,1,4.84753914964802,862,1,5.6269998550415,34.8819999694824,0.0299040004611015,0,150.524200439453,-86.4007,25.2028,37.7516006014272,63,63,63,63,61,63,0,8279,1.45687144005964,25,-86,0.001869,51,2024-12-22 15:59:17.001695,862,1.037,0.0011,"aoml_navis",1031.45118495083
"7901009",56,0,1,0.029904,1,0.007476,1,156.397096611417,1,4.84747601025996,864,1,5.60200023651123,34.882999420166,0.0299040004611015,0,150.814300537109,-86.4007,25.2028,37.7516006014272,63,63,63,63,61,63,0,8279,1.45687144005964,25,-86,0.001869,51,2024-12-22 15:59:17.001695,864,1.037,0.0011,"aoml_navis",1031.46461981807
"7901009",56,0,1,0.026166,1,0.003738,1,156.513131320196,1,4.84742297309029,866,1,5.59200000762939,34.8839988708496,0.0261659994721413,0,150.926193237305,-86.4007,25.2028,37.7516006014272,63,63,63,63,61,63,0,8279,1.45687144005964,25,-86,0.001869,51,2024-12-22 15:59:17.001695,866,1.037,0.0011,"aoml_navis",1031.47590539483
"7901009",56,0,1,0.029904,1,0.007476,1,156.554415181536,1,4.84737833262534,868,1,5.58900022506714,34.8839988708496,0.0299040004611015,0,150.966003417969,-86.4007,25.2028,37.7516006014272,63,63,63,63,61,63,0,8279,1.45687144005964,25,-86,0.001869,51,2024-12-22 15:59:17.001695,868,1.037,0.0011,"aoml_navis",1031.48540446027
"7901009",56,0,1,0.028035,1,0.005607,1,156.537515540328,1,4.84733571123007,870,1,5.58900022506714,34.8839988708496,0.0280349999666214,0,150.94970703125,-86.4007,25.2028,37.7516006014272,63,63,63,63,61,63,0,8279,1.45687144005964,25,-86,0.001869,51,2024-12-22 15:59:17.001695,870,1.037,0.0011,"aoml_navis",1031.4944740502
"7901009",56,0,1,0.026166,1,0.003738,1,156.573182011566,1,4.84729309238592,872,1,5.58900022506714,34.8839988708496,0.0261659994721413,0,150.984100341797,-86.4007,25.2028,37.7516006014272,63,63,63,63,61,63,0,8279,1.45687144005964,25,-86,0.001869,51,2024-12-22 15:59:17.001695,872,1.037,0.0011,"aoml_navis",1031.50354325674
"7901009",56,0,1,0.024297,1,0.001869,1,156.632188343086,1,4.84724980290603,874,1,5.58799982070923,34.8839988708496,0.0242970008403063,0,151.041000366211,-86.4007,25.2028,37.7516006014272,63,63,63,63,61,63,0,8279,1.45687144005964,25,-86,0.001869,51,2024-12-22 15:59:17.001695,874,1.037,0.0011,"aoml_navis",1031.51275533652
"7901009",56,0,1,0.033642,1,0.011214,1,156.688077418691,1,4.84720651595117,876,1,5.58699989318848,34.8839988708496,0.0336420014500618,0,151.09489440918,-86.4007,25.2028,37.7516006014272,63,63,63,63,61,63,0,8279,1.45687144005964,25,-86,0.001869,51,2024-12-22 15:59:17.001695,876,1.037,0.0011,"aoml_navis",1031.5219670435
"7901009",56,0,1,0.028035,1,0.005607,1,156.730294874442,1,4.84716323120039,878,1,5.58599996566772,34.8839988708496,0.0280349999666214,0,151.135604858398,-86.4007,25.2028,37.7516006014272,63,63,63,63,61,63,0,8279,1.45687144005964,25,-86,0.001869,51,2024-12-22 15:59:17.001695,878,1.037,0.0011,"aoml_navis",1031.53117844595
"7901009",56,0,1,0.029904,1,0.007476,1,156.863339989867,1,4.84711927539381,880,1,5.58400011062622,34.8839988708496,0.0299040004611015,0,151.263900756836,-86.4007,25.2028,37.7516006014272,63,63,63,63,61,63,0,8279,1.45687144005964,25,-86,0.001869,51,2024-12-22 15:59:17.001695,880,1.037,0.0011,"aoml_navis",1031.54053282375
"7901009",56,0,1,0.029904,1,0.007476,1,156.915605453265,1,4.84707532122399,882,1,5.58199977874756,34.8839988708496,0.0299040004611015,0,151.314300537109,-86.4007,25.2028,37.7516006014272,63,63,63,63,61,63,0,8279,1.45687144005964,25,-86,0.001869,51,2024-12-22 15:59:17.001695,882,1.037,0.0011,"aoml_navis",1031.54988702288
"7901009",56,0,1,0.029904,1,0.007476,1,157.088272948451,1,4.84703204278821,884,1,5.58099985122681,34.8839988708496,0.0299040004611015,0,151.480804443359,-86.4007,25.2028,37.7516006014272,63,63,63,63,61,63,0,8279,1.45687144005964,25,-86,0.001869,51,2024-12-22 15:59:17.001695,884,1.037,0.0011,"aoml_navis",1031.55909758001
"7901009",56,0,1,0.029904,1,0.007476,1,157.316829519242,1,4.84698472536817,886,1,5.57399988174438,34.8839988708496,0.0299040004611015,0,151.701202392578,-86.4007,25.2028,37.7516006014272,63,63,63,63,61,63,0,8279,1.45687144005964,25,-86,0.001869,51,2024-12-22 15:59:17.001695,886,1.037,0.0011,"aoml_navis",1031.56916790577
"7901009",56,0,1,0.026166,1,0.003738,1,157.659347902746,1,4.84693202608198,888,1,5.55900001525879,34.8839988708496,0.0261659994721413,0,152.031494140625,-86.4007,25.2028,37.7516006014272,63,63,63,63,61,63,0,8279,1.45687144005964,25,-86,0.001869,51,2024-12-22 15:59:17.001695,888,1.037,0.0011,"aoml_navis",1031.58038385815
"7901009",56,0,1,0.029904,1,0.007476,1,157.922241759511,1,4.84688102796015,890,1,5.55200004577637,34.8849983215332,0.0299040004611015,0,152.285003662109,-86.4007,25.2028,37.7516006014272,63,63,63,63,61,63,0,8279,1.45687144005964,25,-86,0.001869,51,2024-12-22 15:59:17.001695,890,1.037,0.0011,"aoml_navis",1031.59123798512
"7901009",56,0,1,0.026166,1,0.003738,1,158.235929481703,1,4.84683807735875,892,1,5.5460000038147,34.8839988708496,0.0261659994721413,0,152.587493896484,-86.4007,25.2028,37.7516006014272,63,63,63,63,61,63,0,8279,1.45687144005964,25,-86,0.001869,51,2024-12-22 15:59:17.001695,892,1.037,0.0011,"aoml_navis",1031.60037950447
"7901009",56,0,1,0.026166,1,0.003738,1,158.665256321823,1,4.84678305003186,894,1,5.53299999237061,34.8849983215332,0.0261659994721413,0,153.001495361328,-86.4007,25.2028,37.7516006014272,63,63,63,63,61,63,0,8279,1.45687144005964,25,-86,0.001869,51,2024-12-22 15:59:17.001695,894,1.037,0.0011,"aoml_navis",1031.61209164647
"7901009",56,0,1,0.029904,1,0.007476,1,159.037032604758,1,4.84672197159664,896,1,5.51100015640259,34.8860015869141,0.0299040004611015,0,153.360000610352,-86.4007,25.2028,37.7516006014272,63,63,63,63,61,63,0,8279,1.45687144005964,25,-86,0.001869,51,2024-12-22 15:59:17.001695,896,1.037,0.0011,"aoml_navis",1031.62509203161
"7901009",56,0,1,0.031773,1,0.009345,1,159.345640940408,1,4.8466713171946,898,1,5.49900007247925,34.8860015869141,0.0317730009555817,0,153.657592773438,-86.4007,25.2028,37.7516006014272,63,63,63,63,61,63,0,8279,1.45687144005964,25,-86,0.001869,51,2024-12-22 15:59:17.001695,898,1.037,0.0011,"aoml_navis",1031.63587393711
"7901009",56,0,1,0.033642,1,0.011214,1,159.628345987053,1,4.84661698141015,900,1,5.48699998855591,34.8870010375977,0.0336420014500618,0,153.930206298828,-86.4007,25.2028,37.7516006014272,63,63,63,63,61,63,0,8279,1.45687144005964,25,-86,0.001869,51,2024-12-22 15:59:17.001695,900,1.037,0.0011,"aoml_navis",1031.64743968384
"7901009",56,0,1,0.031773,1,0.009345,1,159.913408755178,1,4.84656432736934,902,1,5.47200012207031,34.8870010375977,0.0317730009555817,0,154.205093383789,-86.4007,25.2028,37.7516006014272,63,63,63,63,61,63,0,8279,1.45687144005964,25,-86,0.001869,51,2024-12-22 15:59:17.001695,902,1.037,0.0011,"aoml_navis",1031.65864770724
"7901009",56,0,1,0.033642,1,0.011214,1,160.112723250171,1,4.84651770695552,904,1,5.46600008010864,34.8870010375977,0.0336420014500618,0,154.39729309082,-86.4007,25.2028,37.7516006014272,63,63,63,63,61,63,0,8279,1.45687144005964,25,-86,0.001869,51,2024-12-22 15:59:17.001695,904,1.037,0.0011,"aoml_navis",1031.66857160642
"7901009",56,0,1,0.028035,1,0.005607,1,160.340868406475,1,4.84646907957925,906,1,5.45699977874756,34.8870010375977,0.0280349999666214,0,154.617294311523,-86.4007,25.2028,37.7516006014272,63,63,63,63,61,63,0,8279,1.45687144005964,25,-86,0.001869,51,2024-12-22 15:59:17.001695,906,1.037,0.0011,"aoml_navis",1031.67892292301
"7901009",56,0,1,0.026166,1,0.003738,1,160.670949413584,1,4.8464154309517,908,1,5.44600009918213,34.8880004882812,0.0261659994721413,0,154.935592651367,-86.4007,25.2028,37.7516006014272,63,63,63,63,61,63,0,8279,1.45687144005964,25,-86,0.001869,51,2024-12-22 15:59:17.001695,908,1.037,0.0011,"aoml_navis",1031.6903433551
"7901009",56,0,1,0.033642,1,0.011214,1,160.887179373419,1,4.84636547257064,910,1,5.43499994277954,34.8880004882812,0.0336420014500618,0,155.144104003906,-86.4007,25.2028,37.7516006014272,63,63,63,63,61,63,0,8279,1.45687144005964,25,-86,0.001869,51,2024-12-22 15:59:17.001695,910,1.037,0.0011,"aoml_navis",1031.70097845466
"7901009",56,0,1,0.029904,1,0.007476,1,161.178777302422,1,4.84631250095623,912,1,5.42500019073486,34.8889999389648,0.0299040004611015,0,155.42529296875,-86.4007,25.2028,37.7516006014272,63,63,63,63,61,63,0,8279,1.45687144005964,25,-86,0.001869,51,2024-12-22 15:59:17.001695,912,1.037,0.0011,"aoml_navis",1031.71225524839
"7901009",56,0,1,0.026166,1,0.003738,1,161.454013593777,1,4.84626589227947,914,1,5.41900014877319,34.8889999389648,0.0261659994721413,0,155.690704345703,-86.4007,25.2028,37.7516006014272,63,63,63,63,61,63,0,8279,1.45687144005964,25,-86,0.001869,51,2024-12-22 15:59:17.001695,914,1.037,0.0011,"aoml_navis",1031.72217768023
"7901009",56,0,1,0.029904,1,0.007476,1,161.748206598772,1,4.84621527655958,916,1,5.40700006484985,34.8889999389648,0.0299040004611015,0,155.974395751953,-86.4007,25.2028,37.7516006014272,63,63,63,63,61,63,0,8279,1.45687144005964,25,-86,0.001869,51,2024-12-22 15:59:17.001695,916,1.037,0.0011,"aoml_navis",1031.73295337998
"7901009",56,0,1,0.028035,1,0.005607,1,161.940479576594,1,4.84616097969723,918,1,5.39499998092651,34.8899993896484,0.0280349999666214,0,156.159805297852,-86.4007,25.2028,37.7516006014272,63,63,63,63,61,63,0,8279,1.45687144005964,25,-86,0.001869,51,2024-12-22 15:59:17.001695,918,1.037,0.0011,"aoml_navis",1031.74451301706
"7901009",56,0,1,0.029904,1,0.007476,1,162.023015652006,1,4.84611437822306,920,1,5.38899993896484,34.8899993896484,0.0299040004611015,0,156.239395141602,-86.4007,25.2028,37.7516006014272,63,63,63,63,61,63,0,8279,1.45687144005964,25,-86,0.001869,51,2024-12-22 15:59:17.001695,920,1.037,0.0011,"aoml_navis",1031.75443453594
"7901009",56,0,1,0.024297,1,0.001869,1,162.163529522722,1,4.84607044889963,922,1,5.38700008392334,34.8899993896484,0.0242970008403063,0,156.374893188477,-86.4007,25.2028,37.7516006014272,63,63,63,63,61,63,0,8279,1.45687144005964,25,-86,0.001869,51,2024-12-22 15:59:17.001695,922,1.037,0.0011,"aoml_navis",1031.76378732491
"7901009",56,0,1,0.028035,1,0.005607,1,162.261224639591,1,4.84602518597895,924,1,5.38299989700317,34.8899993896484,0.0280349999666214,0,156.469100952148,-86.4007,25.2028,37.7516006014272,63,63,63,63,61,63,0,8279,1.45687144005964,25,-86,0.001869,51,2024-12-22 15:59:17.001695,924,1.037,0.0011,"aoml_navis",1031.77342422127
"7901009",56,0,1,0.029904,1,0.007476,1,162.438243634152,1,4.84597223449326,926,1,5.3730001449585,34.890998840332,0.0299040004611015,0,156.639801025391,-86.4007,25.2028,37.7516006014272,63,63,63,63,61,63,0,8279,1.45687144005964,25,-86,0.001869,51,2024-12-22 15:59:17.001695,926,1.037,0.0011,"aoml_navis",1031.78469831304
"7901009",56,0,1,0.029904,1,0.007476,1,162.6470997805,1,4.8459243061894,928,1,5.36499977111816,34.890998840332,0.0299040004611015,0,156.841201782227,-86.4007,25.2028,37.7516006014272,63,63,63,63,61,63,0,8279,1.45687144005964,25,-86,0.001869,51,2024-12-22 15:59:17.001695,928,1.037,0.0011,"aoml_navis",1031.79490311349
"7901009",56,0,1,0.028035,1,0.005607,1,162.87410563515,1,4.8458757139364,930,1,5.35599994659424,34.890998840332,0.0280349999666214,0,157.060104370117,-86.4007,25.2028,37.7516006014272,63,63,63,63,61,63,0,8279,1.45687144005964,25,-86,0.001869,51,2024-12-22 15:59:17.001695,930,1.037,0.0011,"aoml_navis",1031.80524948677
"7901009",56,0,1,0.029904,1,0.007476,1,163.006327921603,1,4.84582143918662,932,1,5.3439998626709,34.8919982910156,0.0299040004611015,0,157.187606811523,-86.4007,25.2028,37.7516006014272,63,63,63,63,61,63,0,8279,1.45687144005964,25,-86,0.001869,51,2024-12-22 15:59:17.001695,932,1.037,0.0011,"aoml_navis",1031.81680603552
"7901009",56,0,1,0.029904,1,0.007476,1,163.212383284718,1,4.84577685203207,934,1,5.34100008010864,34.8919982910156,0.0299040004611015,0,157.386306762695,-86.4007,25.2028,37.7516006014272,63,63,63,63,61,63,0,8279,1.45687144005964,25,-86,0.001869,51,2024-12-22 15:59:17.001695,934,1.037,0.0011,"aoml_navis",1031.82630002932
"7901009",56,0,1,0.031773,1,0.009345,1,163.539663508594,1,4.84572826782673,936,1,5.33199977874756,34.8919982910156,0.0317730009555817,0,157.701904296875,-86.4007,25.2028,37.7516006014272,63,63,63,63,61,63,0,8279,1.45687144005964,25,-86,0.001869,51,2024-12-22 15:59:17.001695,936,1.037,0.0011,"aoml_navis",1031.83664531863
"7901009",56,0,1,0.033642,1,0.011214,1,163.877213270993,1,4.84566666796857,938,1,5.30900001525879,34.8930015563965,0.0336420014500618,0,158.027404785156,-86.4007,25.2028,37.7516006014272,63,63,63,63,61,63,0,8279,1.45687144005964,25,-86,0.001869,51,2024-12-22 15:59:17.001695,938,1.037,0.0011,"aoml_navis",1031.84976239732
"7901009",56,0,1,0.033642,1,0.011214,1,164.060039539265,1,4.84561476893391,940,1,5.29500007629395,34.8930015563965,0.0336420014500618,0,158.203704833984,-86.4007,25.2028,37.7516006014272,63,63,63,63,61,63,0,8279,1.45687144005964,25,-86,0.001869,51,2024-12-22 15:59:17.001695,940,1.037,0.0011,"aoml_navis",1031.86081404075
"7901009",56,0,1,0.029904,1,0.007476,1,164.185821606643,1,4.84556517179083,942,1,5.28999996185303,34.8940010070801,0.0299040004611015,0,158.324996948242,-86.4007,25.2028,37.7516006014272,63,63,63,63,61,63,0,8279,1.45687144005964,25,-86,0.001869,51,2024-12-22 15:59:17.001695,942,1.037,0.0011,"aoml_navis",1031.87137572893
"7901009",56,0,1,0.029904,1,0.007476,1,164.349881044884,1,4.84551926217042,944,1,5.28499984741211,34.8940010070801,0.0299040004611015,0,158.483200073242,-86.4007,25.2028,37.7516006014272,63,63,63,63,61,63,0,8279,1.45687144005964,25,-86,0.001869,51,2024-12-22 15:59:17.001695,944,1.037,0.0011,"aoml_navis",1031.8811523536
"7901009",56,0,1,0.028035,1,0.005607,1,164.608818993127,1,4.8454753487677,946,1,5.28299999237061,34.8940010070801,0.0280349999666214,0,158.732894897461,-86.4007,25.2028,37.7516006014272,63,63,63,63,61,63,0,8279,1.45687144005964,25,-86,0.001869,51,2024-12-22 15:59:17.001695,946,1.037,0.0011,"aoml_navis",1031.89050404964
"7901009",56,0,1,0.035511,1,0.013083,1,165.09569639043,1,4.84543143731507,948,1,5.2810001373291,34.8940010070801,0.0355109982192516,0,159.202392578125,-86.4007,25.2028,37.7516006014272,63,63,63,63,61,63,0,8279,1.45687144005964,25,-86,0.001869,51,2024-12-22 15:59:17.001695,948,1.037,0.0011,"aoml_navis",1031.89985549988
"7901009",56,0,1,0.029904,1,0.007476,1,165.821194189805,1,4.8453842032585,950,1,5.27400016784668,34.8940010070801,0.0299040004611015,0,159.901992797852,-86.4007,25.2028,37.7516006014272,63,63,63,63,61,63,0,8279,1.45687144005964,25,-86,0.001869,51,2024-12-22 15:59:17.001695,950,1.037,0.0011,"aoml_navis",1031.90991472617
"7901009",56,0,1,0.026166,1,0.003738,1,166.674562776258,1,4.84532398607015,952,1,5.25299978256226,34.8950004577637,0.0261659994721413,0,160.724899291992,-86.4007,25.2028,37.7516006014272,63,63,63,63,61,63,0,8279,1.45687144005964,25,-86,0.001869,51,2024-12-22 15:59:17.001695,952,1.037,0.0011,"aoml_navis",1031.9227391965
"7901009",56,0,1,0.026166,1,0.003738,1,167.066039483636,1,4.84527041880132,954,1,5.24200010299683,34.8959999084473,0.0261659994721413,0,161.102401733398,-86.4007,25.2028,37.7516006014272,63,63,63,63,61,63,0,8279,1.45687144005964,25,-86,0.001869,51,2024-12-22 15:59:17.001695,954,1.037,0.0011,"aoml_navis",1031.93414769964
"7901009",56,0,1,0.029904,1,0.007476,1,167.473893652296,1,4.84522518459814,956,1,5.23799991607666,34.8959999084473,0.0299040004611015,0,161.495697021484,-86.4007,25.2028,37.7516006014272,63,63,63,63,61,63,0,8279,1.45687144005964,25,-86,0.001869,51,2024-12-22 15:59:17.001695,956,1.037,0.0011,"aoml_navis",1031.94378166238
"7901009",56,0,1,0.028035,1,0.005607,1,167.845559169793,1,4.84517729842624,958,1,5.23000001907349,34.8959999084473,0.0280349999666214,0,161.854095458984,-86.4007,25.2028,37.7516006014272,63,63,63,63,61,63,0,8279,1.45687144005964,25,-86,0.001869,51,2024-12-22 15:59:17.001695,958,1.037,0.0011,"aoml_navis",1031.95398063638
"7901009",56,0,1,0.031773,1,0.009345,1,168.176478829509,1,4.84512108863406,960,1,5.21500015258789,34.8969993591309,0.0317730009555817,0,162.173202514648,-86.4007,25.2028,37.7516006014272,63,63,63,63,61,63,0,8279,1.45687144005964,25,-86,0.001869,51,2024-12-22 15:59:17.001695,960,1.037,0.0011,"aoml_navis",1031.96595266303
"7901009",56,0,1,0.028035,1,0.005607,1,168.359827277705,1,4.84507254617624,962,1,5.20599985122681,34.8969993591309,0.0280349999666214,0,162.350006103516,-86.4007,25.2028,37.7516006014272,63,63,63,63,61,63,0,8279,1.45687144005964,25,-86,0.001869,51,2024-12-22 15:59:17.001695,962,1.037,0.0011,"aoml_navis",1031.9762918609
"7901009",56,0,1,0.028035,1,0.005607,1,168.445892023519,1,4.84502599411561,964,1,5.19999980926514,34.8969993591309,0.0280349999666214,0,162.432998657227,-86.4007,25.2028,37.7516006014272,63,63,63,63,61,63,0,8279,1.45687144005964,25,-86,0.001869,51,2024-12-22 15:59:17.001695,964,1.037,0.0011,"aoml_navis",1031.98620731295
"7901009",56,0,1,0.029904,1,0.007476,1,168.530311111387,1,4.84497840905904,966,1,5.19799995422363,34.8979988098145,0.0299040004611015,0,162.514404296875,-86.4007,25.2028,37.7516006014272,63,63,63,63,61,63,0,8279,1.45687144005964,25,-86,0.001869,51,2024-12-22 15:59:17.001695,966,1.037,0.0011,"aoml_navis",1031.99634298702
"7901009",56,0,1,0.031773,1,0.009345,1,168.571784856336,1,4.84493318554976,968,1,5.19399976730347,34.8979988098145,0.0317730009555817,0,162.554397583008,-86.4007,25.2028,37.7516006014272,63,63,63,63,61,63,0,8279,1.45687144005964,25,-86,0.001869,51,2024-12-22 15:59:17.001695,968,1.037,0.0011,"aoml_navis",1032.00597583321
"7901009",56,0,1,0.026166,1,0.003738,1,168.709086529331,1,4.84488995195303,970,1,5.19299983978271,34.8979988098145,0.0261659994721413,0,162.686798095703,-86.4007,25.2028,37.7516006014272,63,63,63,63,61,63,0,8279,1.45687144005964,25,-86,0.001869,51,2024-12-22 15:59:17.001695,970,1.037,0.0011,"aoml_navis",1032.01518498566
"7901009",56,0,1,0.028035,1,0.005607,1,168.876674637974,1,4.84484672055448,972,1,5.19199991226196,34.8979988098145,0.0280349999666214,0,162.848403930664,-86.4007,25.2028,37.7516006014272,63,63,63,63,61,63,0,8279,1.45687144005964,25,-86,0.001869,51,2024-12-22 15:59:17.001695,972,1.037,0.0011,"aoml_navis",1032.02439383423
"7901009",56,0,1,0.029904,1,0.007476,1,169.155724425145,1,4.84480717588111,974,1,5.19099998474121,34.8969993591309,0.0299040004611015,0,163.117492675781,-86.4007,25.2028,37.7516006014272,63,63,63,63,61,63,0,8279,1.45687144005964,25,-86,0.001869,51,2024-12-22 15:59:17.001695,974,1.037,0.0011,"aoml_navis",1032.03281750644
"7901009",56,0,1,0.028035,1,0.005607,1,169.732938949466,1,4.84476129631132,976,1,5.18599987030029,34.8969993591309,0.0280349999666214,0,163.674102783203,-86.4007,25.2028,37.7516006014272,63,63,63,63,61,63,0,8279,1.45687144005964,25,-86,0.001869,51,2024-12-22 15:59:17.001695,976,1.037,0.0011,"aoml_navis",1032.04259078912
"7901009",56,0,1,0.033642,1,0.011214,1,170.287525677039,1,4.84470378278897,978,1,5.16900014877319,34.8979988098145,0.0336420014500618,0,164.208892822266,-86.4007,25.2028,37.7516006014272,63,63,63,63,61,63,0,8279,1.45687144005964,25,-86,0.001869,51,2024-12-22 15:59:17.001695,978,1.037,0.0011,"aoml_navis",1032.05484260209
"7901009",56,0,1,0.026166,1,0.003738,1,175.653889647656,1,4.84412064823951,1000.09997558594,1,5.02600002288818,34.9029998779297,0.0261659994721413,0,169.383697509766,-86.4007,25.2028,37.7516006014272,63,63,63,63,61,63,0,8279,1.45687144005964,25,-86,0.001869,51,2024-12-22 15:59:17.001695,1000.09997558594,1.037,0.0011,"aoml_navis",1032.17908121614
"7901009",56,0,1,0.035511,1,0.013083,1,183.194563354893,1,4.8428727252504,1049.30004882812,1,4.76919984817505,34.9119987487793,0.0355109982192516,0,176.655197143555,-86.4007,25.2028,37.7516006014272,63,63,63,63,61,63,0,8279,1.45687144005964,25,-86,0.001869,51,2024-12-22 15:59:17.001695,1049.30004882812,1.037,0.0011,"aoml_navis",1032.44505558247
"7901009",56,0,1,0.024297,1,0.001869,1,187.655087568416,1,4.84169842641218,1099.09997558594,1,4.61999988555908,34.9169998168945,0.0242970008403063,0,180.956497192383,-86.4007,25.2028,37.7516006014272,63,63,63,63,61,63,0,8279,1.45687144005964,25,-86,0.001869,51,2024-12-22 15:59:17.001695,1099.09997558594,1.037,0.0011,"aoml_navis",1032.69546337795
"7901009",56,0,1,0.029904,1,0.007476,1,191.588494883145,1,4.84054675340409,1149.5,1,4.51800012588501,34.9210014343262,0.0299040004611015,0,184.749496459961,-86.4007,25.2028,37.7516006014272,63,63,63,63,61,63,0,8279,1.45687144005964,25,-86,0.001869,51,2024-12-22 15:59:17.001695,1149.5,1.037,0.0011,"aoml_navis",1032.94116444259
"7901009",56,0,1,0.029904,1,0.007476,1,193.744670735099,1,4.83944546362917,1199.19995117188,1,4.46339988708496,34.923999786377,0.0299040004611015,0,186.828704833984,-86.4007,25.2028,37.7516006014272,63,63,63,63,61,63,0,8279,1.45687144005964,25,-86,0.001869,51,2024-12-22 15:59:17.001695,1199.19995117188,1.037,0.0011,"aoml_navis",1033.17622599066
"7901009",56,0,1,0.033642,1,0.011214,1,195.363032911615,1,4.83836321348677,1248.80004882812,1,4.42729997634888,34.9259986877441,0.0336420014500618,0,188.389297485352,-86.4007,25.2028,37.7516006014272,63,63,63,63,61,63,0,8279,1.45687144005964,25,-86,0.001869,51,2024-12-22 15:59:17.001695,1248.80004882812,1.037,0.0011,"aoml_navis",1033.40732792914
"7901009",56,0,1,0.033642,1,0.011214,1,197.579243631305,1,4.83726441047066,1299.5,1,4.39389991760254,34.9269981384277,0.0336420014500618,0,190.526397705078,-86.4007,25.2028,37.7516006014272,63,63,63,63,61,63,0,8279,1.45687144005964,25,-86,0.001869,51,2024-12-22 15:59:17.001695,1299.5,1.037,0.0011,"aoml_navis",1033.64207033568
"7901009",56,0,1,0.029904,1,0.007476,1,199.607437930742,1,4.83616666899855,1349.59997558594,1,4.35200023651123,34.9300003051758,0.0299040004611015,0,192.482192993164,-86.4007,25.2028,37.7516006014272,63,63,63,63,61,63,0,8279,1.45687144005964,25,-86,0.001869,51,2024-12-22 15:59:17.001695,1349.59997558594,1.037,0.0011,"aoml_navis",1033.87669247457
"7901009",56,0,1,0.028035,1,0.005607,1,200.428035770995,1,4.83509529311146,1399.59997558594,1,4.33370018005371,34.9309997558594,0.0280349999666214,0,193.273498535156,-86.4007,25.2028,37.7516006014272,63,63,63,63,61,63,0,8279,1.45687144005964,25,-86,0.001869,51,2024-12-22 15:59:17.001695,1399.59997558594,1.037,0.0011,"aoml_navis",1034.10578218044
"7901009",56,0,1,0.029904,1,0.007476,1,201.37566574572,1,4.83403321750616,1449.40002441406,1,4.32089996337891,34.931999206543,0.0299040004611015,0,194.187301635742,-86.4007,25.2028,37.7516006014272,63,63,63,63,61,63,0,8279,1.45687144005964,25,-86,0.001869,51,2024-12-22 15:59:17.001695,1449.40002441406,1.037,0.0011,"aoml_navis",1034.33298345837
"7901009",56,0,1,0.031773,1,0.009345,1,202.196975649508,1,4.83298343422727,1498.90002441406,1,4.30940008163452,34.931999206543,0.0317730009555817,0,194.979293823242,-86.4007,25.2028,37.7516006014272,63,63,63,63,61,63,0,8279,1.45687144005964,25,-86,0.001869,51,2024-12-22 15:59:17.001695,1498.90002441406,1.037,0.0011,"aoml_navis",1034.55765326856
"7901009",56,0,1,0.033642,1,0.011214,1,202.798447804888,1,4.83189829008884,1550.09997558594,1,4.30170011520386,34.9329986572266,0.0336420014500618,0,195.559295654297,-86.4007,25.2028,37.7516006014272,63,63,63,63,61,63,0,8279,1.45687144005964,25,-86,0.001869,51,2024-12-22 15:59:17.001695,1550.09997558594,1.037,0.0011,"aoml_navis",1034.78999345991
"7901009",56,0,1,0.026166,1,0.003738,1,203.150618605187,1,4.83086013222713,1599.40002441406,1,4.29680013656616,34.9329986572266,0.0261659994721413,0,195.898895263672,-86.4007,25.2028,37.7516006014272,63,63,63,63,61,63,0,8279,1.45687144005964,25,-86,0.001869,51,2024-12-22 15:59:17.001695,1599.40002441406,1.037,0.0011,"aoml_navis",1035.01237111887
"7901009",56,0,1,0.028035,1,0.005607,1,203.777503516915,1,4.82981128576273,1649.09997558594,1,4.29169988632202,34.9339981079102,0.0280349999666214,0,196.503402709961,-86.4007,25.2028,37.7516006014272,63,63,63,63,61,63,0,8279,1.45687144005964,25,-86,0.001869,51,2024-12-22 15:59:17.001695,1649.09997558594,1.037,0.0011,"aoml_navis",1035.23713540091
"7901009",56,0,1,0.033642,1,0.011214,1,204.161100054516,1,4.82875683327762,1699.40002441406,1,4.28919982910156,34.9339981079102,0.0336420014500618,0,196.873306274414,-86.4007,25.2028,37.7516006014272,63,63,63,63,61,63,0,8279,1.45687144005964,25,-86,0.001869,51,2024-12-22 15:59:17.001695,1699.40002441406,1.037,0.0011,"aoml_navis",1035.46319946
"7901009",56,0,1,0.029904,1,0.007476,1,204.514204449226,1,4.82771301743865,1749.09997558594,1,4.28700017929077,34.935001373291,0.0299040004611015,0,197.213806152344,-86.4007,25.2028,37.7516006014272,63,63,63,63,61,63,0,8279,1.45687144005964,25,-86,0.001869,51,2024-12-22 15:59:17.001695,1749.09997558594,1.037,0.0011,"aoml_navis",1035.68708039169
"7901009",56,0,1,0.026166,1,0.003738,1,204.888670749956,1,4.82667500476885,1798.80004882812,1,4.28569984436035,34.935001373291,0.0261659994721413,0,197.574905395508,-86.4007,25.2028,37.7516006014272,63,63,63,63,61,63,0,8279,1.45687144005964,25,-86,0.001869,51,2024-12-22 15:59:17.001695,1798.80004882812,1.037,0.0011,"aoml_navis",1035.90981266812
"7901009",56,0,1,0.022428,1,0,1,205.302854372252,1,4.8256315292222,1848.90002441406,1,4.28630018234253,34.935001373291,0.0224280003458261,0,197.974304199219,-86.4007,25.2028,37.7516006014272,63,63,63,63,61,63,0,8279,1.45687144005964,25,-86,0.001869,51,2024-12-22 15:59:17.001695,1848.90002441406,1.037,0.0011,"aoml_navis",1036.13381372405
"7901009",56,0,1,0.028035,1,0.005607,1,205.393381382879,1,4.82457695355409,1899.40002441406,1,4.2859001159668,34.9360008239746,0.0280349999666214,0,198.061599731445,-86.4007,25.2028,37.7516006014272,63,63,63,63,61,63,0,8279,1.45687144005964,25,-86,0.001869,51,2024-12-22 15:59:17.001695,1899.40002441406,1.037,0.0011,"aoml_navis",1036.36029607045
"7901009",56,0,1,0.031773,1,0.009345,1,205.440567459734,1,4.8235437668563,1949.19995117188,1,4.28779983520508,34.9360008239746,0.0317730009555817,0,198.10710144043,-86.4007,25.2028,37.7516006014272,63,63,63,63,61,63,0,8279,1.45687144005964,25,-86,0.001869,51,2024-12-22 15:59:17.001695,1949.19995117188,1.037,0.0011,"aoml_navis",1036.58228092718
"7901009",56,0,1,0.026166,1,0.003738,1,205.424174174817,1,4.82252348061412,1998.40002441406,1,4.28819990158081,34.9360008239746,0.0261659994721413,0,198.091293334961,-86.4007,25.2028,37.7516006014272,63,63,63,63,61,63,0,8279,1.45687144005964,25,-86,0.001869,51,2024-12-22 15:59:17.001695,1998.40002441406,1.037,0.0011,"aoml_navis",1036.80158740529
"7901009",57,0.0564469847776228,5,0.097188,1,0.07476,1,195.955435544004,1,4.8846487145612,2.20000004768372,1,27.0179996490479,36.1860008239746,0.0971880033612251,0.0841049998998642,188.960494995117,-86.2467,24.7277,17.7844532912782,63,63,63,63,61,63,0.082236,8279,1.45687144005964,25,-86,0.001869,51,2025-01-01 22:54:10.002439,2.20000004768372,1.037,0.0011,"aoml_navis",1023.61506265434
"7901009",57,0.0564469847776228,5,0.100926,1,0.078498,1,195.967983689725,1,4.88461341340399,4,1,27.0189990997314,36.1860008239746,0.100925996899605,0.0878430008888245,188.972595214844,-86.2467,24.7277,17.7844532912782,63,63,63,63,61,63,0.082236,8279,1.45687144005964,25,-86,0.001869,51,2025-01-01 22:54:10.002439,4,1.037,0.0011,"aoml_navis",1023.62246033215
"7901009",57,0.0564469847776228,5,0.108402,1,0.085974,1,195.93760230286,1,4.88457708717105,6,1,27.0219993591309,36.1860008239746,0.108401998877525,0.095319002866745,188.943298339844,-86.2467,24.7277,17.7844532912782,63,63,63,63,61,63,0.082236,8279,1.45687144005964,25,-86,0.001869,51,2025-01-01 22:54:10.002439,6,1.037,0.0011,"aoml_navis",1023.63007293551
"7901009",57,0.0564469847776228,5,0.099057,1,0.076629,1,195.919041174322,1,4.88453157133266,8,1,27.0189990997314,36.1860008239746,0.0990569964051247,0.0859740003943443,188.925399780273,-86.2467,24.7277,17.7844532912782,63,63,63,63,61,63,0.082236,8279,1.45687144005964,25,-86,0.001869,51,2025-01-01 22:54:10.002439,8,1.037,0.0011,"aoml_navis",1023.63961149213
"7901009",57,0.0564469847776228,5,0.099057,1,0.076629,1,195.975041032716,1,4.8844891227596,10,1,27.0179996490479,36.1860008239746,0.0990569964051247,0.0859740003943443,188.979400634766,-86.2467,24.7277,17.7844532912782,63,63,63,63,61,63,0.082236,8279,1.45687144005964,25,-86,0.001869,51,2025-01-01 22:54:10.002439,10,1.037,0.0011,"aoml_navis",1023.64850741548
"7901009",57,0.0564469847776228,5,0.095319,1,0.072891,1,195.950989101448,1,4.88444256761885,12.1000003814697,1,27.0179996490479,36.1870002746582,0.095319002866745,0.0822359994053841,188.956207275391,-86.2467,24.7277,17.7844532912782,63,63,63,63,61,63,0.082236,8279,1.45687144005964,25,-86,0.001869,51,2025-01-01 22:54:10.002439,12.1000003814697,1.037,0.0011,"aoml_navis",1023.65826412767
"7901009",57,0.0564469847776228,5,0.102795,1,0.080367,1,195.933662216751,1,4.88438927031338,14.1000003814697,1,27.0240001678467,36.193000793457,0.102794997394085,0.0897120013833046,188.939498901367,-86.2467,24.7277,17.7844532912782,63,63,63,63,61,63,0.082236,8279,1.45687144005964,25,-86,0.001869,51,2025-01-01 22:54:10.002439,14.1000003814697,1.037,0.0011,"aoml_navis",1023.66943404558
"7901009",57,0.0564469847776228,5,0.104664,1,0.082236,1,195.890621918692,1,4.88433962458001,16,1,27.0240001678467,36.1959991455078,0.104663997888565,0.0915810018777847,188.897994995117,-86.2467,24.7277,17.7844532912782,63,63,63,63,61,63,0.082236,8279,1.45687144005964,25,-86,0.001869,51,2025-01-01 22:54:10.002439,16,1.037,0.0011,"aoml_navis",1023.6798388953
"7901009",57,0.062861414865989,1,0.114009,1,0.091581,1,195.809114354242,1,4.88425454387333,17.8999996185303,1,27.0219993591309,36.2080001831055,0.114009000360966,0.100925996899605,188.819396972656,-86.2467,24.7277,17.7844532912782,63,63,63,63,61,63,0.091581,8279,1.45687144005964,25,-86,0.001869,51,2025-01-01 22:54:10.002439,17.8999996185303,1.037,0.0011,"aoml_navis",1023.69767076777
"7901009",57,0.067992958936682,1,0.121485,1,0.099057,1,195.678458567083,1,4.88413508344811,20,1,27.0189990997314,36.2280006408691,0.121485002338886,0.108401998877525,188.693405151367,-86.2467,24.7277,17.7844532912782,63,63,63,63,61,63,0.099057,8279,1.45687144005964,25,-86,0.001869,51,2025-01-01 22:54:10.002439,20,1.037,0.0011,"aoml_navis",1023.72270925605
"7901009",57,0.0654271869013355,1,0.117747,1,0.095319,1,195.475409631533,1,4.88407819548893,21.8999996185303,1,27.0259990692139,36.2360000610352,0.117747001349926,0.104663997888565,188.497604370117,-86.2467,24.7277,17.7844532912782,63,63,63,63,61,63,0.095319,8279,1.45687144005964,25,-86,0.001869,51,2025-01-01 22:54:10.002439,21.8999996185303,1.037,0.0011,"aoml_navis",1023.7346332043
"7901009",57,0.0795389330957412,1,0.138306,1,0.115878,1,194.906391573368,1,4.88379674808753,23.8999996185303,1,27.0520000457764,36.3139991760254,0.138306006789207,0.125222995877266,187.94889831543,-86.2467,24.7277,17.7844532912782,63,63,63,63,61,63,0.115878,8279,1.45687144005964,25,-86,0.001869,51,2025-01-01 22:54:10.002439,23.8999996185303,1.037,0.0011,"aoml_navis",1023.79362981434
"7901009",57,0.0936506792901469,1,0.158865,1,0.136437,1,194.678562819157,1,4.88346014973492,26,1,27.0410003662109,36.390998840332,0.158865004777908,0.145781993865967,187.729202270508,-86.2467,24.7277,17.7844532912782,63,63,63,63,61,63,0.136437,8279,1.45687144005964,25,-86,0.001869,51,2025-01-01 22:54:10.002439,26,1.037,0.0011,"aoml_navis",1023.86419601917
"7901009",57,0.101347995396186,1,0.170079,1,0.147651,1,194.625885924951,1,4.88339980838247,28,1,27.0330009460449,36.3930015563965,0.170078992843628,0.156995996832848,187.678405761719,-86.2467,24.7277,17.7844532912782,63,63,63,63,61,63,0.147651,8279,1.45687144005964,25,-86,0.001869,51,2025-01-01 22:54:10.002439,28,1.037,0.0011,"aoml_navis",1023.87684731801
"7901009",57,0.107762425484553,1,0.179424,1,0.156996,1,194.574759747367,1,4.88332927668012,30,1,27.0160007476807,36.3940010070801,0.179424002766609,0.166341006755829,187.629104614258,-86.2467,24.7277,17.7844532912782,63,63,63,63,61,63,0.156996,8279,1.45687144005964,25,-86,0.001869,51,2025-01-01 22:54:10.002439,30,1.037,0.0011,"aoml_navis",1023.89163554402
"7901009",57,0.125722829731978,1,0.20559,1,0.183162,1,194.560344412245,1,4.88326081401444,32,1,26.9979991912842,36.3940010070801,0.20558999478817,0.19250699877739,187.615203857422,-86.2467,24.7277,17.7844532912782,63,63,63,63,61,63,0.183162,8279,1.45687144005964,25,-86,0.001869,51,2025-01-01 22:54:10.002439,32,1.037,0.0011,"aoml_navis",1023.90599036827
"7901009",57,0.135985917873364,1,0.220542,1,0.198114,1,194.528918665206,1,4.88320002810559,34,1,26.9850006103516,36.3940010070801,0.220541998744011,0.207459002733231,187.584899902344,-86.2467,24.7277,17.7844532912782,63,63,63,63,61,63,0.198114,8279,1.45687144005964,25,-86,0.001869,51,2025-01-01 22:54:10.002439,34,1.037,0.0011,"aoml_navis",1023.91873591542
"7901009",57,0.151380550085443,1,0.24297,1,0.220542,1,194.502683071757,1,4.88314690388221,36,1,26.9769992828369,36.3940010070801,0.242970004677773,0.229886993765831,187.559600830078,-86.2467,24.7277,17.7844532912782,63,63,63,63,61,63,0.220542,8279,1.45687144005964,25,-86,0.001869,51,2025-01-01 22:54:10.002439,36,1.037,0.0011,"aoml_navis",1023.92987522552
"7901009",57,0.161643638226829,1,0.257922,1,0.235494,1,194.475608825441,1,4.88308766062038,38,1,26.9650001525879,36.3940010070801,0.257921993732452,0.244838997721672,187.533493041992,-86.2467,24.7277,17.7844532912782,63,63,63,63,61,63,0.235494,8279,1.45687144005964,25,-86,0.001869,51,2025-01-01 22:54:10.002439,38,1.037,0.0011,"aoml_navis",1023.94229788715
"7901009",57,0.168058068315195,1,0.267267,1,0.244839,1,194.391506184197,1,4.88303301453197,40,1,26.9559993743896,36.3940010070801,0.267266988754272,0.254184007644653,187.452392578125,-86.2467,24.7277,17.7844532912782,63,63,63,63,61,63,0.244839,8279,1.45687144005964,25,-86,0.001869,51,2025-01-01 22:54:10.002439,40,1.037,0.0011,"aoml_navis",1023.95375683923
"7901009",57,0.178321156456581,1,0.282219,1,0.259791,1,194.333955609182,1,4.88298296899798,42,1,26.9500007629395,36.3940010070801,0.282218992710114,0.269136011600494,187.396896362305,-86.2467,24.7277,17.7844532912782,63,63,63,63,61,63,0.259791,8279,1.45687144005964,25,-86,0.001869,51,2025-01-01 22:54:10.002439,42,1.037,0.0011,"aoml_navis",1023.96425130806
"7901009",57,0.191150016633313,1,0.300909,1,0.278481,1,194.008542473304,1,4.8829303928534,44,1,26.9400005340576,36.3930015563965,0.300909012556076,0.287826001644135,187.083099365234,-86.2467,24.7277,17.7844532912782,63,63,63,63,61,63,0.278481,8279,1.45687144005964,25,-86,0.001869,51,2025-01-01 22:54:10.002439,44,1.037,0.0011,"aoml_navis",1023.9752766736
"7901009",57,0.221939281057471,1,0.345765,1,0.323337,1,193.917081839928,1,4.88288601894839,46,1,26.9330005645752,36.390998840332,0.345764994621277,0.332682013511658,186.994903564453,-86.2467,24.7277,17.7844532912782,63,63,63,63,61,63,0.323337,8279,1.45687144005964,25,-86,0.001869,51,2025-01-01 22:54:10.002439,46,1.037,0.0011,"aoml_navis",1023.98458219118
"7901009",57,0.219373509022125,1,0.342027,1,0.319599,1,193.939677996409,1,4.88284157166094,48,1,26.9330005645752,36.3919982910156,0.342027008533478,0.328943997621536,187.016693115234,-86.2467,24.7277,17.7844532912782,63,63,63,63,61,63,0.319599,8279,1.45687144005964,25,-86,0.001869,51,2025-01-01 22:54:10.002439,48,1.037,0.0011,"aoml_navis",1023.99390326711
"7901009",57,0.246314115393263,1,0.381276,1,0.358848,1,193.661356010173,1,4.88279765629174,50,1,26.9309997558594,36.3919982910156,0.38127601146698,0.368193000555038,186.748306274414,-86.2467,24.7277,17.7844532912782,63,63,63,63,61,63,0.358848,8279,1.45687144005964,25,-86,0.001869,51,2025-01-01 22:54:10.002439,50,1.037,0.0011,"aoml_navis",1024.00311296071
"7901009",57,0.257860089552322,1,0.398097,1,0.375669,1,193.53389659809,1,4.88275527582376,52,1,26.9300003051758,36.3919982910156,0.398097008466721,0.385013997554779,186.625396728516,-86.2467,24.7277,17.7844532912782,63,63,63,63,61,63,0.375669,8279,1.45687144005964,25,-86,0.001869,51,2025-01-01 22:54:10.002439,52,1.037,0.0011,"aoml_navis",1024.01200092021
"7901009",57,0.264274519640688,1,0.407442,1,0.385014,1,193.427498449505,1,4.88271442739795,54,1,26.9300003051758,36.3919982910156,0.407442003488541,0.394358992576599,186.522796630859,-86.2467,24.7277,17.7844532912782,63,63,63,63,61,63,0.385014,8279,1.45687144005964,25,-86,0.001869,51,2025-01-01 22:54:10.002439,54,1.037,0.0011,"aoml_navis",1024.02056772846
"7901009",57,0.278386265835094,1,0.428001,1,0.405573,1,193.229956140325,1,4.88267051875962,56,1,26.92799949646,36.3919982910156,0.42800098657608,0.414918005466461,186.332305908203,-86.2467,24.7277,17.7844532912782,63,63,63,63,61,63,0.405573,8279,1.45687144005964,25,-86,0.001869,51,2025-01-01 22:54:10.002439,56,1.037,0.0011,"aoml_navis",1024.02977649006
"7901009",57,0.293780898047173,1,0.450429,1,0.428001,1,193.13817903417,1,4.88262661530037,58,1,26.9260005950928,36.3919982910156,0.450428992509842,0.437346011400223,186.243804931641,-86.2467,24.7277,17.7844532912782,63,63,63,63,61,63,0.428001,8279,1.45687144005964,25,-86,0.001869,51,2025-01-01 22:54:10.002439,58,1.037,0.0011,"aoml_navis",1024.03898433106
"7901009",57,0.293780898047173,1,0.450429,1,0.428001,1,193.087575036672,1,4.88258424094674,60,1,26.9249992370605,36.3919982910156,0.450428992509842,0.437346011400223,186.195007324219,-86.2467,24.7277,17.7844532912782,63,63,63,63,61,63,0.428001,8279,1.45687144005964,25,-86,0.001869,51,2025-01-01 22:54:10.002439,60,1.037,0.0011,"aoml_navis",1024.04787163088
"7901009",57,0.315589960347618,1,0.482202,1,0.459774,1,193.095866623504,1,4.88254340159785,62,1,26.9249992370605,36.3919982910156,0.482201993465424,0.469119012355804,186.203002929688,-86.2467,24.7277,17.7844532912782,63,63,63,63,61,63,0.459774,8279,1.45687144005964,25,-86,0.001869,51,2025-01-01 22:54:10.002439,62,1.037,0.0011,"aoml_navis",1024.05643713555
"7901009",57,0.304043986188559,1,0.465381,1,0.442953,1,193.251001580185,1,4.88249895983251,64,1,26.9249992370605,36.3930015563965,0.465380996465683,0.452297985553741,186.352600097656,-86.2467,24.7277,17.7844532912782,63,63,63,63,61,63,0.442953,8279,1.45687144005964,25,-86,0.001869,51,2025-01-01 22:54:10.002439,64,1.037,0.0011,"aoml_navis",1024.06575836148
"7901009",57,0.282234923888114,4,0.433608,1,0.41118,1,193.106642521658,1,4.88245300439218,66,1,26.923999786377,36.3940010070801,0.433607995510101,0.420525014400482,186.213394165039,-86.2467,24.7277,17.7844532912782,63,63,63,63,61,63,0.41118,8279,1.45687144005964,25,-86,0.001869,51,2025-01-01 22:54:10.002439,66,1.037,0.0011,"aoml_navis",1024.07539724439
"7901009",57,0.293780898047173,1,0.450429,1,0.428001,1,192.953991876299,1,4.88241064226092,68,1,26.9230003356934,36.3940010070801,0.450428992509842,0.437346011400223,186.066192626953,-86.2467,24.7277,17.7844532912782,63,63,63,63,61,63,0.428001,8279,1.45687144005964,25,-86,0.001869,51,2025-01-01 22:54:10.002439,68,1.037,0.0011,"aoml_navis",1024.08428261262
"7901009",57,0.297629556100193,1,0.456036,1,0.433608,1,192.848226673274,1,4.88236828239177,70,1,26.9220008850098,36.3940010070801,0.456036001443863,0.442952990531921,185.964202880859,-86.2467,24.7277,17.7844532912782,63,63,63,63,61,63,0.433608,8279,1.45687144005964,25,-86,0.001869,51,2025-01-01 22:54:10.002439,70,1.037,0.0011,"aoml_navis",1024.09316766055
"7901009",57,0.286083581941134,1,0.439215,1,0.416787,1,192.751987300923,1,4.88232592186469,72,1,26.9209995269775,36.3940010070801,0.439215004444122,0.426131993532181,185.871398925781,-86.2467,24.7277,17.7844532912782,63,63,63,63,61,63,0.416787,8279,1.45687144005964,25,-86,0.001869,51,2025-01-01 22:54:10.002439,72,1.037,0.0011,"aoml_navis",1024.10205300067
"7901009",57,0.280952037870441,1,0.431739,1,0.409311,1,192.687585090224,1,4.88228150603179,74,1,26.9209995269775,36.3950004577637,0.431739002466202,0.41865599155426,185.809295654297,-86.2467,24.7277,17.7844532912782,63,63,63,63,61,63,0.409311,8279,1.45687144005964,25,-86,0.001869,51,2025-01-01 22:54:10.002439,74,1.037,0.0011,"aoml_navis",1024.11136961742
"7901009",57,0.266840291676035,1,0.41118,1,0.388752,1,192.468253630151,1,4.88223762302593,76,1,26.9190006256104,36.3950004577637,0.41117998957634,0.398097008466721,185.597793579102,-86.2467,24.7277,17.7844532912782,63,63,63,63,61,63,0.388752,8279,1.45687144005964,25,-86,0.001869,51,2025-01-01 22:54:10.002439,76,1.037,0.0011,"aoml_navis",1024.12057463542
"7901009",57,0.250162773446283,1,0.386883,1,0.364455,1,192.381049555664,1,4.88219220936279,78,1,26.9160003662109,36.3950004577637,0.386882990598679,0.373800009489059,185.513702392578,-86.2467,24.7277,17.7844532912782,63,63,63,63,61,63,0.364455,8279,1.45687144005964,25,-86,0.001869,51,2025-01-01 22:54:10.002439,78,1.037,0.0011,"aoml_navis",1024.13010090248
"7901009",57,0.218090623004452,1,0.340158,1,0.31773,1,192.205264750098,1,4.88214167790857,80,1,26.9120006561279,36.3959999084473,0.340157985687256,0.327075004577637,185.344192504883,-86.2467,24.7277,17.7844532912782,63,63,63,63,61,63,0.31773,8279,1.45687144005964,25,-86,0.001869,51,2025-01-01 22:54:10.002439,80,1.037,0.0011,"aoml_navis",1024.14070091918
"7901009",57,0.194998674686333,1,0.306516,1,0.284088,1,191.891371223407,1,4.88209779890546,82,1,26.9099998474121,36.3959999084473,0.306515991687775,0.293433010578156,185.04150390625,-86.2467,24.7277,17.7844532912782,63,63,63,63,61,63,0.284088,8279,1.45687144005964,25,-86,0.001869,51,2025-01-01 22:54:10.002439,82,1.037,0.0011,"aoml_navis",1024.14990562479
"7901009",57,0.174472498403561,1,0.276612,1,0.254184,1,191.620185698357,1,4.88204521230576,84,1,26.9069995880127,36.3979988098145,0.276612013578415,0.263529002666473,184.779998779297,-86.2467,24.7277,17.7844532912782,63,63,63,63,61,63,0.254184,8279,1.45687144005964,25,-86,0.001869,51,2025-01-01 22:54:10.002439,84,1.037,0.0011,"aoml_navis",1024.16093718201
"7901009",57,0.170623840350542,1,0.271005,1,0.248577,1,191.516477568401,1,4.88199928088996,86,1,26.9060001373291,36.398998260498,0.271005004644394,0.257921993732452,184.679992675781,-86.2467,24.7277,17.7844532912782,63,63,63,63,61,63,0.248577,8279,1.45687144005964,25,-86,0.001869,51,2025-01-01 22:54:10.002439,86,1.037,0.0011,"aoml_navis",1024.17057281674
"7901009",57,0.159077866191482,4,0.254184,1,0.231756,1,191.436109305959,1,4.88195847162728,88,1,26.9060001373291,36.398998260498,0.254184007644653,0.241100996732712,184.602493286133,-86.2467,24.7277,17.7844532912782,63,63,63,63,61,63,0.231756,8279,1.45687144005964,25,-86,0.001869,51,2025-01-01 22:54:10.002439,88,1.037,0.0011,"aoml_navis",1024.17913406243
"7901009",57,0.168058068315195,1,0.267267,1,0.244839,1,191.316023709646,1,4.8819176647016,90,1,26.9060001373291,36.398998260498,0.267266988754272,0.254184007644653,184.486694335938,-86.2467,24.7277,17.7844532912782,63,63,63,63,61,63,0.244839,8279,1.45687144005964,25,-86,0.001869,51,2025-01-01 22:54:10.002439,90,1.037,0.0011,"aoml_navis",1024.18769496098
"7901009",57,0.156512094156136,1,0.250446,1,0.228018,1,191.261273918732,1,4.88187686011268,92,1,26.9060001373291,36.398998260498,0.250445991754532,0.237362995743752,184.433898925781,-86.2467,24.7277,17.7844532912782,63,63,63,63,61,63,0.228018,8279,1.45687144005964,25,-86,0.001869,51,2025-01-01 22:54:10.002439,92,1.037,0.0011,"aoml_navis",1024.19625551239
"7901009",57,0.153946322120789,1,0.246708,1,0.22428,1,190.92290122252,1,4.88183092463905,94,1,26.9050006866455,36.4000015258789,0.246708005666733,0.233624994754791,184.107604980469,-86.2467,24.7277,17.7844532912782,63,63,63,63,61,63,0.22428,8279,1.45687144005964,25,-86,0.001869,51,2025-01-01 22:54:10.002439,94,1.037,0.0011,"aoml_navis",1024.20589266305
"7901009",57,0.15009766406777,1,0.241101,1,0.218673,1,190.376795793617,1,4.88178040945297,96,1,26.9009990692139,36.4010009765625,0.241100996732712,0.228018000721931,183.580993652344,-86.2467,24.7277,17.7844532912782,63,63,63,63,61,63,0.218673,8279,1.45687144005964,25,-86,0.001869,51,2025-01-01 22:54:10.002439,96,1.037,0.0011,"aoml_navis",1024.21649083562
"7901009",57,0.107762425484553,1,0.179424,1,0.156996,1,189.221986619956,1,4.88171607237545,98,1,26.8950004577637,36.4049987792969,0.179424002766609,0.166341006755829,182.467407226562,-86.2467,24.7277,17.7844532912782,63,63,63,63,61,63,0.156996,8279,1.45687144005964,25,-86,0.001869,51,2025-01-01 22:54:10.002439,98,1.037,0.0011,"aoml_navis",1024.22998918227
"7901009",57,0.103913767431533,1,0.173817,1,0.151389,1,188.008250214687,1,4.88158778384588,100.199996948242,1,26.871000289917,36.4179992675781,0.173816993832588,0.160733997821808,181.296997070312,-86.2467,24.7277,17.7844532912782,63,63,63,63,61,63,0.151389,8279,1.45687144005964,25,-86,0.001869,51,2025-01-01 22:54:10.002439,100.199996948242,1.037,0.0011,"aoml_navis",1024.25690603086
"7901009",57,0.0910849072548004,4,0.155127,1,0.132699,1,186.268029692866,1,4.88148867340887,101.900001525879,1,26.8500003814697,36.4269981384277,0.155127003788948,0.142043992877007,179.618896484375,-86.2467,24.7277,17.7844532912782,63,63,63,63,61,63,0.132699,8279,1.45687144005964,25,-86,0.001869,51,2025-01-01 22:54:10.002439,101.900001525879,1.037,0.0011,"aoml_navis",1024.27770184876
"7901009",57,0.128288601767324,1,0.209328,1,0.1869,1,180.047994559563,1,4.88103894429468,104,1,26.7269992828369,36.4879989624023,0.20932799577713,0.19624499976635,173.620895385742,-86.2467,24.7277,17.7844532912782,63,63,63,63,61,63,0.1869,8279,1.45687144005964,25,-86,0.001869,51,2025-01-01 22:54:10.002439,104,1.037,0.0011,"aoml_navis",1024.37207673673
"7901009",57,0.174472498403561,1,0.276612,1,0.254184,1,176.218816336168,1,4.88068885903745,106,1,26.6560001373291,36.5439987182617,0.276612013578415,0.263529002666473,169.928405761719,-86.2467,24.7277,17.7844532912782,63,63,63,63,61,63,0.254184,8279,1.45687144005964,25,-86,0.001869,51,2025-01-01 22:54:10.002439,106,1.037,0.0011,"aoml_navis",1024.44555357009
"7901009",57,0.205261762827719,1,0.321468,1,0.29904,1,171.991088117473,1,4.88043910168119,108,1,26.6060009002686,36.5810012817383,0.321467995643616,0.308385014533997,165.851593017578,-86.2467,24.7277,17.7844532912782,63,63,63,63,61,63,0.29904,8279,1.45687144005964,25,-86,0.001869,51,2025-01-01 22:54:10.002439,108,1.037,0.0011,"aoml_navis",1024.49797975711
"7901009",57,0.170623840350542,1,0.271005,1,0.248577,1,161.608470687206,1,4.8792424103916,110,1,26.1100006103516,36.6940002441406,0.271005004644394,0.257921993732452,155.839599609375,-86.2467,24.7277,17.7844532912782,63,63,63,63,61,63,0.248577,8279,1.45687144005964,25,-86,0.001869,51,2025-01-01 22:54:10.002439,110,1.037,0.0011,"aoml_navis",1024.74924987355
"7901009",57,0.14624900601475,1,0.235494,1,0.213066,1,160.572797691519,1,4.87856795067932,111.900001525879,1,25.8320007324219,36.7550010681152,0.235494002699852,0.222411006689072,154.840896606445,-86.2467,24.7277,17.7844532912782,63,63,63,63,61,63,0.213066,8279,1.45687144005964,25,-86,0.001869,51,2025-01-01 22:54:10.002439,111.900001525879,1.037,0.0011,"aoml_navis",1024.89092097278
"7901009",57,0.127005715749651,1,0.207459,1,0.185031,1,159.918648455575,1,4.87814697855898,114,1,25.6529998779297,36.7859992980957,0.207459002733231,0.19437600672245,154.210098266602,-86.2467,24.7277,17.7844532912782,63,63,63,63,61,63,0.185031,8279,1.45687144005964,25,-86,0.001869,51,2025-01-01 22:54:10.002439,114,1.037,0.0011,"aoml_navis",1024.97936654566
"7901009",57,0.116742627608265,4,0.192507,1,0.170079,1,160.182776637635,1,4.87798107283148,116,1,25.5930004119873,36.7960014343262,0.19250699877739,0.179424002766609,154.464797973633,-86.2467,24.7277,17.7844532912782,63,63,63,63,61,63,0.170079,8279,1.45687144005964,25,-86,0.001869,51,2025-01-01 22:54:10.002439,116,1.037,0.0011,"aoml_navis",1025.01422726876
"7901009",57,0.116742627608265,4,0.192507,1,0.170079,1,161.701276329896,1,4.87785997322567,118,1,25.5510005950928,36.8009986877441,0.19250699877739,0.179424002766609,155.929092407227,-86.2467,24.7277,17.7844532912782,63,63,63,63,61,63,0.170079,8279,1.45687144005964,25,-86,0.001869,51,2025-01-01 22:54:10.002439,118,1.037,0.0011,"aoml_navis",1025.03967466158
"7901009",57,0.14240034796173,1,0.229887,1,0.207459,1,163.878814762549,1,4.87767883907472,120,1,25.4829998016357,36.8120002746582,0.229886993765831,0.216803997755051,158.028900146484,-86.2467,24.7277,17.7844532912782,63,63,63,63,61,63,0.207459,8279,1.45687144005964,25,-86,0.001869,51,2025-01-01 22:54:10.002439,120,1.037,0.0011,"aoml_navis",1025.07773983506
"7901009",57,0.179604042474254,1,0.284088,1,0.26166,1,163.516057838649,1,4.87749871066341,122,1,25.4179992675781,36.8240013122559,0.284087985754013,0.271005004644394,157.679092407227,-86.2467,24.7277,17.7844532912782,63,63,63,63,61,63,0.26166,8279,1.45687144005964,25,-86,0.001869,51,2025-01-01 22:54:10.002439,122,1.037,0.0011,"aoml_navis",1025.11559645701
"7901009",57,0.156512094156136,1,0.250446,1,0.228018,1,159.836824418346,1,4.87698154851709,124,1,25.1679992675781,36.8540000915527,0.250445991754532,0.237362995743752,154.131195068359,-86.2467,24.7277,17.7844532912782,63,63,63,63,61,63,0.228018,8279,1.45687144005964,25,-86,0.001869,51,2025-01-01 22:54:10.002439,124,1.037,0.0011,"aoml_navis",1025.22430119103
"7901009",57,0.107762425484553,1,0.179424,1,0.156996,1,157.038951866277,1,4.87655809916271,126,1,24.9559993743896,36.8740005493164,0.179424002766609,0.166341006755829,151.433197021484,-86.2467,24.7277,17.7844532912782,63,63,63,63,61,63,0.156996,8279,1.45687144005964,25,-86,0.001869,51,2025-01-01 22:54:10.002439,126,1.037,0.0011,"aoml_navis",1025.31332516237
"7901009",57,0.0667100729190087,1,0.119616,1,0.097188,1,154.102638296663,1,4.8762740153621,128,1,24.8090000152588,36.8819999694824,0.119616001844406,0.106532998383045,148.601699829102,-86.2467,24.7277,17.7844532912782,63,63,63,63,61,63,0.097188,8279,1.45687144005964,25,-86,0.001869,51,2025-01-01 22:54:10.002439,128,1.037,0.0011,"aoml_navis",1025.37305825065
"7901009",57,0.0384865805301974,1,0.078498,1,0.05607,1,154.475031816709,1,4.87550679300186,130,1,24.4020004272461,36.9199981689453,0.0784979984164238,0.0654150024056435,148.960800170898,-86.2467,24.7277,17.7844532912782,63,63,63,63,61,63,0.05607,8279,1.45687144005964,25,-86,0.001869,51,2025-01-01 22:54:10.002439,130,1.037,0.0011,"aoml_navis",1025.53441360739
"7901009",57,0.0410523525655438,1,0.082236,1,0.059808,1,155.501163158084,1,4.87520907802232,132,1,24.2609996795654,36.935001373291,0.0822359994053841,0.0691530033946037,149.950302124023,-86.2467,24.7277,17.7844532912782,63,63,63,63,61,63,0.059808,8279,1.45687144005964,25,-86,0.001869,51,2025-01-01 22:54:10.002439,132,1.037,0.0011,"aoml_navis",1025.59704004086
"7901009",57,0.0372036945125241,1,0.076629,1,0.054201,1,156.927885744189,1,4.87508709138043,134,1,24.2119998931885,36.9379997253418,0.0766289979219437,0.0635460019111633,151.326095581055,-86.2467,24.7277,17.7844532912782,63,63,63,63,61,63,0.054201,8279,1.45687144005964,25,-86,0.001869,51,2025-01-01 22:54:10.002439,134,1.037,0.0011,"aoml_navis",1025.62270299549
"7901009",57,0.0333550364595044,4,0.071022,1,0.048594,1,160.821893416536,1,4.87488275943504,136,1,24.1180000305176,36.9459991455078,0.0710219964385033,0.0579390004277229,155.081100463867,-86.2467,24.7277,17.7844532912782,63,63,63,63,61,63,0.048594,8279,1.45687144005964,25,-86,0.001869,51,2025-01-01 22:54:10.002439,136,1.037,0.0011,"aoml_navis",1025.66569223081
"7901009",57,0.0410523525655438,1,0.082236,1,0.059808,1,163.243226655144,1,4.87455050104065,138,1,23.9769992828369,36.9710006713867,0.0822359994053841,0.0691530033946037,157.416000366211,-86.2467,24.7277,17.7844532912782,63,63,63,63,61,63,0.059808,8279,1.45687144005964,25,-86,0.001869,51,2025-01-01 22:54:10.002439,138,1.037,0.0011,"aoml_navis",1025.73560350489
"7901009",57,0.0397694665478706,1,0.080367,1,0.057939,1,161.942286175388,1,4.87437332244013,140,1,23.8990001678467,36.9780006408691,0.0803669989109039,0.0672840029001236,156.161499023438,-86.2467,24.7277,17.7844532912782,63,63,63,63,61,63,0.057939,8279,1.45687144005964,25,-86,0.001869,51,2025-01-01 22:54:10.002439,140,1.037,0.0011,"aoml_navis",1025.77288796932
"7901009",57,0.0346379224771776,1,0.072891,1,0.050463,1,160.056472351199,1,4.87418236454302,142,1,23.8010005950928,36.9809989929199,0.0728909969329834,0.0598080009222031,154.343002319336,-86.2467,24.7277,17.7844532912782,63,63,63,63,61,63,0.050463,8279,1.45687144005964,25,-86,0.001869,51,2025-01-01 22:54:10.002439,142,1.037,0.0011,"aoml_navis",1025.81307510614
"7901009",57,0.0320721504418311,1,0.069153,1,0.046725,1,159.756155506763,1,4.87406270037431,144,1,23.7479991912842,36.9819984436035,0.0691530033946037,0.0560699999332428,154.053405761719,-86.2467,24.7277,17.7844532912782,63,63,63,63,61,63,0.046725,8279,1.45687144005964,25,-86,0.001869,51,2025-01-01 22:54:10.002439,144,1.037,0.0011,"aoml_navis",1025.83826006506
"7901009",57,0.0333550364595044,1,0.071022,1,0.048594,1,160.369954463276,1,4.87392897042527,146,1,23.6849994659424,36.9830017089844,0.0710219964385033,0.0579390004277229,154.645294189453,-86.2467,24.7277,17.7844532912782,63,63,63,63,61,63,0.048594,8279,1.45687144005964,25,-86,0.001869,51,2025-01-01 22:54:10.002439,146,1.037,0.0011,"aoml_navis",1025.86640682286
"7901009",57,0.0320721504418311,1,0.069153,1,0.046725,1,161.707305136352,1,4.87358729979224,148,1,23.5,36.9939994812012,0.0691530033946037,0.0560699999332428,155.934906005859,-86.2467,24.7277,17.7844532912782,63,63,63,63,61,63,0.046725,8279,1.45687144005964,25,-86,0.001869,51,2025-01-01 22:54:10.002439,148,1.037,0.0011,"aoml_navis",1025.9383268282
"7901009",57,0.0282234923888114,1,0.063546,1,0.041118,1,162.661249036644,1,4.87337694483483,150,1,23.3999996185303,37.0019989013672,0.0635460019111633,0.0504629984498024,156.854797363281,-86.2467,24.7277,17.7844532912782,63,63,63,63,61,63,0.041118,8279,1.45687144005964,25,-86,0.001869,51,2025-01-01 22:54:10.002439,150,1.037,0.0011,"aoml_navis",1025.98261053855
"7901009",57,0.0269406063711381,1,0.061677,1,0.039249,1,162.993719515512,1,4.87314833303838,152,1,23.2789993286133,37.0069999694824,0.0616770014166832,0.0485940016806126,157.175399780273,-86.2467,24.7277,17.7844532912782,63,63,63,63,61,63,0.039249,8279,1.45687144005964,25,-86,0.001869,51,2025-01-01 22:54:10.002439,152,1.037,0.0011,"aoml_navis",1026.03074199519
"7901009",57,0.0282234923888114,1,0.063546,1,0.041118,1,162.61531301265,1,4.8729268825373,154,1,23.1550006866455,37.0089988708496,0.0635460019111633,0.0504629984498024,156.810501098633,-86.2467,24.7277,17.7844532912782,63,63,63,63,61,63,0.041118,8279,1.45687144005964,25,-86,0.001869,51,2025-01-01 22:54:10.002439,154,1.037,0.0011,"aoml_navis",1026.07737003362
"7901009",57,0.0269406063711381,1,0.061677,1,0.039249,1,162.155905301785,1,4.87271761005812,156,1,23.0289993286133,37.0069999694824,0.0616770014166832,0.0485940016806126,156.367492675781,-86.2467,24.7277,17.7844532912782,63,63,63,63,61,63,0.039249,8279,1.45687144005964,25,-86,0.001869,51,2025-01-01 22:54:10.002439,156,1.037,0.0011,"aoml_navis",1026.12143779462
"7901009",57,0.0256577203534649,1,0.059808,1,0.03738,1,162.056564496191,1,4.87254333270982,158,1,22.9330005645752,37.0069999694824,0.0598080009222031,0.0467250011861324,156.271697998047,-86.2467,24.7277,17.7844532912782,63,63,63,63,61,63,0.03738,8279,1.45687144005964,25,-86,0.001869,51,2025-01-01 22:54:10.002439,158,1.037,0.0011,"aoml_navis",1026.15813930982
"7901009",57,0.0243748343357917,1,0.057939,1,0.035511,1,161.650672332399,1,4.87244777121865,160,1,22.8910007476807,37.0060005187988,0.0579390004277229,0.0448560006916523,155.880294799805,-86.2467,24.7277,17.7844532912782,63,63,63,63,61,63,0.035511,8279,1.45687144005964,25,-86,0.001869,51,2025-01-01 22:54:10.002439,160,1.037,0.0011,"aoml_navis",1026.17826496464
"7901009",57,0.0218090623004452,1,0.054201,1,0.031773,1,160.922595055083,1,4.87235448679847,162,1,22.8479995727539,37.0040016174316,0.0542009994387627,0.041117999702692,155.178207397461,-86.2467,24.7277,17.7844532912782,63,63,63,63,61,63,0.031773,8279,1.45687144005964,25,-86,0.001869,51,2025-01-01 22:54:10.002439,162,1.037,0.0011,"aoml_navis",1026.19791182012
"7901009",57,0.0179604042474254,1,0.048594,1,0.026166,1,160.116206588395,1,4.87217647041581,164,1,22.7409992218018,37.0009994506836,0.0485940016806126,0.0355109982192516,154.400604248047,-86.2467,24.7277,17.7844532912782,63,63,63,63,61,63,0.026166,8279,1.45687144005964,25,-86,0.001869,51,2025-01-01 22:54:10.002439,164,1.037,0.0011,"aoml_navis",1026.23540636517
"7901009",57,0.0166775182297522,1,0.046725,1,0.024297,1,159.557252364629,1,4.87200024282688,166,1,22.6350002288818,36.9980010986328,0.0467250011861324,0.0336420014500618,153.861602783203,-86.2467,24.7277,17.7844532912782,63,63,63,63,61,63,0.024297,8279,1.45687144005964,25,-86,0.001869,51,2025-01-01 22:54:10.002439,166,1.037,0.0011,"aoml_navis",1026.27252684594
"7901009",57,0.0192432902650987,1,0.050463,1,0.028035,1,158.853005487636,1,4.87189343647914,168,1,22.5739994049072,36.9930000305176,0.0504629984498024,0.0373799987137318,153.182495117188,-86.2467,24.7277,17.7844532912782,63,63,63,63,61,63,0.028035,8279,1.45687144005964,25,-86,0.001869,51,2025-01-01 22:54:10.002439,168,1.037,0.0011,"aoml_navis",1026.2950257823
"7901009",57,0.0153946322120789,1,0.044856,1,0.022428,1,158.168364099355,1,4.87165922665535,170,1,22.4120006561279,36.9850006103516,0.0448560006916523,0.0317730009555817,152.52229309082,-86.2467,24.7277,17.7844532912782,63,63,63,63,61,63,0.022428,8279,1.45687144005964,25,-86,0.001869,51,2025-01-01 22:54:10.002439,170,1.037,0.0011,"aoml_navis",1026.34436592823
"7901009",57,0.0141117461944057,1,0.042987,1,0.020559,1,156.812373179545,1,4.87152649395494,172,1,22.3290004730225,36.9790000915527,0.0429870001971722,0.0299040004611015,151.214706420898,-86.2467,24.7277,17.7844532912782,63,63,63,63,61,63,0.020559,8279,1.45687144005964,25,-86,0.001869,51,2025-01-01 22:54:10.002439,172,1.037,0.0011,"aoml_navis",1026.37233035774
"7901009",57,0.010263088141386,1,0.03738,1,0.014952,1,154.389267693371,1,4.87130595647026,174,1,22.1679992675781,36.9679985046387,0.0373799987137318,0.0242970008403063,148.87809753418,-86.2467,24.7277,17.7844532912782,63,63,63,63,61,63,0.014952,8279,1.45687144005964,25,-86,0.001869,51,2025-01-01 22:54:10.002439,174,1.037,0.0011,"aoml_navis",1026.41879706997
"7901009",57,0.00641443008836622,1,0.031773,1,0.009345,1,151.071430364013,1,4.87112515648323,176,1,22.0170001983643,36.9500007629395,0.0317730009555817,0.0186899993568659,145.678695678711,-86.2467,24.7277,17.7844532912782,63,63,63,63,61,63,0.009345,8279,1.45687144005964,25,-86,0.001869,51,2025-01-01 22:54:10.002439,176,1.037,0.0011,"aoml_navis",1026.45689432661
"7901009",57,0,1,0.022428,1,0,1,148.621582927941,1,4.87098974390336,178,1,21.8910007476807,36.9290008544922,0.0224280003458261,0.00934499967843294,143.316299438477,-86.2467,24.7277,17.7844532912782,63,63,63,63,61,63,0,8279,1.45687144005964,25,-86,0.001869,51,2025-01-01 22:54:10.002439,178,1.037,0.0011,"aoml_navis",1026.48542963124
"7901009",57,-0.00128288601767324,1,0.020559,1,-0.001869,1,147.511143238015,1,4.87089336322078,180,1,21.806999206543,36.9129981994629,0.020558999851346,0.00747600011527538,142.245498657227,-86.2467,24.7277,17.7844532912782,63,63,63,63,61,63,-0.001869,8279,1.45687144005964,25,-86,0.001869,51,2025-01-01 22:54:10.002439,180,1.037,0.0011,"aoml_navis",1026.50574076495
"7901009",57,-0.00128288601767324,1,0.020559,1,-0.001869,1,147.57481756132,1,4.87070518704355,182,1,21.6569995880127,36.8979988098145,0.020558999851346,0.00747600011527538,142.306900024414,-86.2467,24.7277,17.7844532912782,63,63,63,63,61,63,-0.001869,8279,1.45687144005964,25,-86,0.001869,51,2025-01-01 22:54:10.002439,182,1.037,0.0011,"aoml_navis",1026.54539907289
"7901009",57,-0.00384865805301973,1,0.016821,1,-0.005607,1,147.039931092462,1,4.87049655085589,184,1,21.4909992218018,36.882999420166,0.0168210007250309,0.00373800005763769,141.791107177734,-86.2467,24.7277,17.7844532912782,63,63,63,63,61,63,-0.005607,8279,1.45687144005964,25,-86,0.001869,51,2025-01-01 22:54:10.002439,184,1.037,0.0011,"aoml_navis",1026.58937292982
"7901009",57,-0.00128288601767324,1,0.020559,1,-0.001869,1,146.327281863164,1,4.87031094913258,186,1,21.3470001220703,36.8699989318848,0.020558999851346,0.00747600011527538,141.103897094727,-86.2467,24.7277,17.7844532912782,63,63,63,63,61,63,-0.001869,8279,1.45687144005964,25,-86,0.001869,51,2025-01-01 22:54:10.002439,186,1.037,0.0011,"aoml_navis",1026.62849502259
"7901009",57,-0.00384865805301973,1,0.016821,1,-0.005607,1,145.816035910961,1,4.87017540847425,188,1,21.2430000305176,36.8580017089844,0.0168210007250309,0.00373800005763769,140.610900878906,-86.2467,24.7277,17.7844532912782,63,63,63,63,61,63,-0.005607,8279,1.45687144005964,25,-86,0.001869,51,2025-01-01 22:54:10.002439,188,1.037,0.0011,"aoml_navis",1026.65706686865
"7901009",57,-0.00256577203534649,1,0.01869,1,-0.003738,1,145.589346458756,1,4.87006677290669,190,1,21.1700000762939,36.8499984741211,0.0186899993568659,0.00560700008645654,140.392303466797,-86.2467,24.7277,17.7844532912782,63,63,63,63,61,63,-0.003738,8279,1.45687144005964,25,-86,0.001869,51,2025-01-01 22:54:10.002439,190,1.037,0.0011,"aoml_navis",1026.67996829451
"7901009",57,-0.00128288601767324,1,0.020559,1,-0.001869,1,145.590169287984,1,4.86994149134524,192,1,21.076000213623,36.8390007019043,0.020558999851346,0.00747600011527538,140.393096923828,-86.2467,24.7277,17.7844532912782,63,63,63,63,61,63,-0.001869,8279,1.45687144005964,25,-86,0.001869,51,2025-01-01 22:54:10.002439,192,1.037,0.0011,"aoml_navis",1026.70638012508
"7901009",57,-0.00384865805301973,1,0.016821,1,-0.005607,1,145.65477720599,1,4.8698536848061,194,1,21.0240001678467,36.8330001831055,0.0168210007250309,0.00373800005763769,140.45539855957,-86.2467,24.7277,17.7844532912782,63,63,63,63,61,63,-0.005607,8279,1.45687144005964,25,-86,0.001869,51,2025-01-01 22:54:10.002439,194,1.037,0.0011,"aoml_navis",1026.72489228988
"7901009",57,-0.00256577203534649,1,0.01869,1,-0.003738,1,145.690459511917,1,4.86977483637123,196,1,20.9759998321533,36.826000213623,0.0186899993568659,0.00560700008645654,140.489807128906,-86.2467,24.7277,17.7844532912782,63,63,63,63,61,63,-0.003738,8279,1.45687144005964,25,-86,0.001869,51,2025-01-01 22:54:10.002439,196,1.037,0.0011,"aoml_navis",1026.74151639541
"7901009",57,-0.00513154407069298,1,0.014952,1,-0.007476,1,146.026031424028,1,4.86963685308122,198,1,20.8689994812012,36.8139991760254,0.0149520002305508,0.00186900002881885,140.813400268555,-86.2467,24.7277,17.7844532912782,63,63,63,63,61,63,-0.007476,8279,1.45687144005964,25,-86,0.001869,51,2025-01-01 22:54:10.002439,198,1.037,0.0011,"aoml_navis",1026.77060956533
"7901009",57,-0.00513154407069298,1,0.014952,1,-0.007476,1,146.493414248945,1,4.86947714352891,200,1,20.7450008392334,36.8019981384277,0.0149520002305508,0.00186900002881885,141.264099121094,-86.2467,24.7277,17.7844532912782,63,63,63,63,61,63,-0.007476,8279,1.45687144005964,25,-86,0.001869,51,2025-01-01 22:54:10.002439,200,1.037,0.0011,"aoml_navis",1026.80428568076
"7901009",57,-0.00256577203534649,1,0.01869,1,-0.003738,1,146.719897993842,1,4.86937927322313,202,1,20.681999206543,36.7949981689453,0.0186899993568659,0.00560700008645654,141.482498168945,-86.2467,24.7277,17.7844532912782,63,63,63,63,61,63,-0.003738,8279,1.45687144005964,25,-86,0.001869,51,2025-01-01 22:54:10.002439,202,1.037,0.0011,"aoml_navis",1026.82492355754
"7901009",57,-0.00513154407069298,1,0.014952,1,-0.007476,1,147.025721464647,1,4.86928962486983,204,1,20.6280002593994,36.7890014648438,0.0149520002305508,0.00186900002881885,141.777404785156,-86.2467,24.7277,17.7844532912782,63,63,63,63,61,63,-0.007476,8279,1.45687144005964,25,-86,0.001869,51,2025-01-01 22:54:10.002439,204,1.037,0.0011,"aoml_navis",1026.84382840211
"7901009",57,-0.00513154407069298,1,0.014952,1,-0.007476,1,147.356941876035,1,4.86923080283534,206,1,20.6060009002686,36.7859992980957,0.0149520002305508,0.00186900002881885,142.096801757812,-86.2467,24.7277,17.7844532912782,63,63,63,63,61,63,-0.007476,8279,1.45687144005964,25,-86,0.001869,51,2025-01-01 22:54:10.002439,206,1.037,0.0011,"aoml_navis",1026.85623303962
"7901009",57,-0.00513154407069298,1,0.014952,1,-0.007476,1,147.506063849898,1,4.86916753744968,208,1,20.5750007629395,36.7809982299805,0.0149520002305508,0.00186900002881885,142.240600585938,-86.2467,24.7277,17.7844532912782,63,63,63,63,61,63,-0.007476,8279,1.45687144005964,25,-86,0.001869,51,2025-01-01 22:54:10.002439,208,1.037,0.0011,"aoml_navis",1026.86957504421
"7901009",57,-0.00513154407069298,1,0.014952,1,-0.007476,1,147.821729624157,1,4.86900505146402,210,1,20.4449996948242,36.7680015563965,0.0149520002305508,0.00186900002881885,142.544998168945,-86.2467,24.7277,17.7844532912782,63,63,63,63,61,63,-0.007476,8279,1.45687144005964,25,-86,0.001869,51,2025-01-01 22:54:10.002439,210,1.037,0.0011,"aoml_navis",1026.90384321877
"7901009",57,-0.00513154407069298,1,0.014952,1,-0.007476,1,148.169960447461,1,4.86883272700566,211.899993896484,1,20.2940006256104,36.7509994506836,0.0149520002305508,0.00186900002881885,142.880798339844,-86.2467,24.7277,17.7844532912782,63,63,63,63,61,63,-0.007476,8279,1.45687144005964,25,-86,0.001869,51,2025-01-01 22:54:10.002439,211.899993896484,1.037,0.0011,"aoml_navis",1026.94018881914
"7901009",57,0.00128288601767324,1,0.024297,1,0.001869,1,148.365018445319,1,4.86870877487218,214,1,20.2029991149902,36.7410011291504,0.0242970008403063,0.0112140001729131,143.068893432617,-86.2467,24.7277,17.7844532912782,63,63,63,63,61,63,0.001869,8279,1.45687144005964,25,-86,0.001869,51,2025-01-01 22:54:10.002439,214,1.037,0.0011,"aoml_navis",1026.96633362123
"7901009",57,-0.00513154407069298,1,0.014952,1,-0.007476,1,148.365746332713,1,4.86864236358681,216,1,20.1720008850098,36.7369995117188,0.0149520002305508,0.00186900002881885,143.069595336914,-86.2467,24.7277,17.7844532912782,63,63,63,63,61,63,-0.007476,8279,1.45687144005964,25,-86,0.001869,51,2025-01-01 22:54:10.002439,216,1.037,0.0011,"aoml_navis",1026.98034207557
"7901009",57,-0.00128288601767324,1,0.020559,1,-0.001869,1,148.559775794037,1,4.86857296200786,218,1,20.132999420166,36.7309989929199,0.020558999851346,0.00747600011527538,143.256698608398,-86.2467,24.7277,17.7844532912782,63,63,63,63,61,63,-0.001869,8279,1.45687144005964,25,-86,0.001869,51,2025-01-01 22:54:10.002439,218,1.037,0.0011,"aoml_navis",1026.9949816954
"7901009",57,-0.00256577203534649,1,0.01869,1,-0.003738,1,149.022284938144,1,4.86849978277198,220,1,20.0909996032715,36.7249984741211,0.0186899993568659,0.00560700008645654,143.702697753906,-86.2467,24.7277,17.7844532912782,63,63,63,63,61,63,-0.003738,8279,1.45687144005964,25,-86,0.001869,51,2025-01-01 22:54:10.002439,220,1.037,0.0011,"aoml_navis",1027.01041862903
"7901009",57,-0.00384865805301973,1,0.016821,1,-0.005607,1,150.311405159572,1,4.86838985232499,222,1,20.0060005187988,36.7140007019043,0.0168210007250309,0.00373800005763769,144.94580078125,-86.2467,24.7277,17.7844532912782,63,63,63,63,61,63,-0.005607,8279,1.45687144005964,25,-86,0.001869,51,2025-01-01 22:54:10.002439,222,1.037,0.0011,"aoml_navis",1027.03360898925
"7901009",57,-0.00128288601767324,1,0.020559,1,-0.001869,1,151.593373096175,1,4.86823238224708,224,1,19.8719997406006,36.6990013122559,0.020558999851346,0.00747600011527538,146.182006835938,-86.2467,24.7277,17.7844532912782,63,63,63,63,61,63,-0.001869,8279,1.45687144005964,25,-86,0.001869,51,2025-01-01 22:54:10.002439,224,1.037,0.0011,"aoml_navis",1027.06682988952
"7901009",57,-0.00384865805301973,1,0.016821,1,-0.005607,1,151.959642867931,1,4.86808810020403,226,1,19.7450008392334,36.6829986572266,0.0168210007250309,0.00373800005763769,146.535202026367,-86.2467,24.7277,17.7844532912782,63,63,63,63,61,63,-0.005607,8279,1.45687144005964,25,-86,0.001869,51,2025-01-01 22:54:10.002439,226,1.037,0.0011,"aoml_navis",1027.0972704439
"7901009",57,-0.00513154407069298,1,0.014952,1,-0.007476,1,152.713560147721,1,4.86795594561507,228,1,19.6299991607666,36.6679992675781,0.0149520002305508,0.00186900002881885,147.26220703125,-86.2467,24.7277,17.7844532912782,63,63,63,63,61,63,-0.007476,8279,1.45687144005964,25,-86,0.001869,51,2025-01-01 22:54:10.002439,228,1.037,0.0011,"aoml_navis",1027.12515393733
"7901009",57,-0.00641443008836622,1,0.013083,1,-0.009345,1,153.868590852328,1,4.86782698152042,230,1,19.5200004577637,36.6539993286133,0.0130829997360706,0,148.376007080078,-86.2467,24.7277,17.7844532912782,63,63,63,63,61,63,-0.009345,8279,1.45687144005964,25,-86,0.001869,51,2025-01-01 22:54:10.002439,230,1.037,0.0011,"aoml_navis",1027.15236572322
"7901009",57,-0.00128288601767324,1,0.020559,1,-0.001869,1,155.157806015589,1,4.86771267803255,232,1,19.4300003051758,36.6430015563965,0.020558999851346,0.00747600011527538,149.619201660156,-86.2467,24.7277,17.7844532912782,63,63,63,63,61,63,-0.001869,8279,1.45687144005964,25,-86,0.001869,51,2025-01-01 22:54:10.002439,232,1.037,0.0011,"aoml_navis",1027.17648528527
"7901009",57,-0.00513154407069298,1,0.014952,1,-0.007476,1,155.641882779643,1,4.86763213675874,234,1,19.386999130249,36.6389999389648,0.0149520002305508,0.00186900002881885,150.085998535156,-86.2467,24.7277,17.7844532912782,63,63,63,63,61,63,-0.007476,8279,1.45687144005964,25,-86,0.001869,51,2025-01-01 22:54:10.002439,234,1.037,0.0011,"aoml_navis",1027.19348124967
"7901009",57,-0.00513154407069298,1,0.014952,1,-0.007476,1,155.136539044784,1,4.86756250955731,236,1,19.3439998626709,36.6319999694824,0.0149520002305508,0.00186900002881885,149.598693847656,-86.2467,24.7277,17.7844532912782,63,63,63,63,61,63,-0.007476,8279,1.45687144005964,25,-86,0.001869,51,2025-01-01 22:54:10.002439,236,1.037,0.0011,"aoml_navis",1027.20817456019
"7901009",57,-0.00256577203534649,1,0.01869,1,-0.003738,1,154.446201146465,1,4.86744177349882,238,1,19.2280006408691,36.6139984130859,0.0186899993568659,0.00560700008645654,148.932998657227,-86.2467,24.7277,17.7844532912782,63,63,63,63,61,63,-0.003738,8279,1.45687144005964,25,-86,0.001869,51,2025-01-01 22:54:10.002439,238,1.037,0.0011,"aoml_navis",1027.23365428281
"7901009",57,-0.00641443008836622,1,0.013083,1,-0.009345,1,154.959219346236,1,4.86724488331781,240,1,19.0149993896484,36.5839996337891,0.0130829997360706,0,149.427703857422,-86.2467,24.7277,17.7844532912782,63,63,63,63,61,63,-0.009345,8279,1.45687144005964,25,-86,0.001869,51,2025-01-01 22:54:10.002439,240,1.037,0.0011,"aoml_navis",1027.27520802111
"7901009",57,-0.00641443008836622,1,0.013083,1,-0.009345,1,155.218679554793,1,4.86714962218065,242,1,18.9389991760254,36.5730018615723,0.0130829997360706,0,149.67790222168,-86.2467,24.7277,17.7844532912782,63,63,63,63,61,63,-0.009345,8279,1.45687144005964,25,-86,0.001869,51,2025-01-01 22:54:10.002439,242,1.037,0.0011,"aoml_navis",1027.29531412265
"7901009",57,0,1,0.016821,1,-0.005607,1,155.332641402816,1,4.86707088616968,244,1,18.8880004882812,36.5660018920898,0.0168210007250309,0,149.787796020508,-86.2467,24.7277,17.7844532912782,63,63,63,63,61,63,0,8279,1.45687144005964,25,-86,0.001869,51,2025-01-01 22:54:10.002439,244,1.037,0.0011,"aoml_navis",1027.31193297555
"7901009",57,0,1,0.016821,1,-0.005607,1,155.577179919803,1,4.86699341814974,246,1,18.8349990844727,36.5579986572266,0.0168210007250309,0,150.02360534668,-86.2467,24.7277,17.7844532912782,63,63,63,63,61,63,0,8279,1.45687144005964,25,-86,0.001869,51,2025-01-01 22:54:10.002439,246,1.037,0.0011,"aoml_navis",1027.32828471768
"7901009",57,0,1,0.013083,1,-0.009345,1,155.660348966347,1,4.8669372306223,248,1,18.8139991760254,36.5550003051758,0.0130829997360706,0,150.103805541992,-86.2467,24.7277,17.7844532912782,63,63,63,63,61,63,0,8279,1.45687144005964,25,-86,0.001869,51,2025-01-01 22:54:10.002439,248,1.037,0.0011,"aoml_navis",1027.34014495615
"7901009",57,0,1,0.014952,1,-0.007476,1,155.83445646618,1,4.86688346281204,250,1,18.7919998168945,36.5509986877441,0.0149520002305508,0,150.271697998047,-86.2467,24.7277,17.7844532912782,63,63,63,63,61,63,0,8279,1.45687144005964,25,-86,0.001869,51,2025-01-01 22:54:10.002439,250,1.037,0.0011,"aoml_navis",1027.35149468959
"7901009",57,0,1,0.013083,1,-0.009345,1,156.15385661924,1,4.86681977712066,252,1,18.7560005187988,36.5449981689453,0.0130829997360706,0,150.579696655273,-86.2467,24.7277,17.7844532912782,63,63,63,63,61,63,0,8279,1.45687144005964,25,-86,0.001869,51,2025-01-01 22:54:10.002439,252,1.037,0.0011,"aoml_navis",1027.36493829203
"7901009",57,0,1,0.016821,1,-0.005607,1,155.935458753868,1,4.86671808650754,254,1,18.6830005645752,36.5369987487793,0.0168210007250309,0,150.369094848633,-86.2467,24.7277,17.7844532912782,63,63,63,63,61,63,0,8279,1.45687144005964,25,-86,0.001869,51,2025-01-01 22:54:10.002439,254,1.037,0.0011,"aoml_navis",1027.38640519614
"7901009",57,0,1,0.011214,1,-0.011214,1,155.047989960983,1,4.8666507875006,256,1,18.6380004882812,36.5289993286133,0.0112140001729131,0,149.513305664062,-86.2467,24.7277,17.7844532912782,63,63,63,63,61,63,0,8279,1.45687144005964,25,-86,0.001869,51,2025-01-01 22:54:10.002439,256,1.037,0.0011,"aoml_navis",1027.40061252019
"7901009",57,0,1,0.013083,1,-0.009345,1,154.272093646632,1,4.86655287463611,258,1,18.5499992370605,36.5149993896484,0.0130829997360706,0,148.765106201172,-86.2467,24.7277,17.7844532912782,63,63,63,63,61,63,0,8279,1.45687144005964,25,-86,0.001869,51,2025-01-01 22:54:10.002439,258,1.037,0.0011,"aoml_navis",1027.42128336043
"7901009",57,0,1,0.014952,1,-0.007476,1,154.033678877935,1,4.86646501387506,260,1,18.4729995727539,36.5019989013672,0.0149520002305508,0,148.535202026367,-86.2467,24.7277,17.7844532912782,63,63,63,63,61,63,0,8279,1.45687144005964,25,-86,0.001869,51,2025-01-01 22:54:10.002439,260,1.037,0.0011,"aoml_navis",1027.43983276243
"7901009",57,0,1,0.013083,1,-0.009345,1,153.867862964934,1,4.86639080294521,262,1,18.4220008850098,36.4939994812012,0.0130829997360706,0,148.375305175781,-86.2467,24.7277,17.7844532912782,63,63,63,63,61,63,0,8279,1.45687144005964,25,-86,0.001869,51,2025-01-01 22:54:10.002439,262,1.037,0.0011,"aoml_navis",1027.45550089687
"7901009",57,0,1,0.013083,1,-0.009345,1,153.608703405518,1,4.86633973656245,264,1,18.3959999084473,36.4879989624023,0.0130829997360706,0,148.125396728516,-86.2467,24.7277,17.7844532912782,63,63,63,63,61,63,0,8279,1.45687144005964,25,-86,0.001869,51,2025-01-01 22:54:10.002439,264,1.037,0.0011,"aoml_navis",1027.46628280663
"7901009",57,0,1,0.014952,1,-0.007476,1,153.347692480339,1,4.86626689551759,266,1,18.3490009307861,36.4809989929199,0.0149520002305508,0,147.87370300293,-86.2467,24.7277,17.7844532912782,63,63,63,63,61,63,0,8279,1.45687144005964,25,-86,0.001869,51,2025-01-01 22:54:10.002439,266,1.037,0.0011,"aoml_navis",1027.48166250511
"7901009",57,0,1,0.016821,1,-0.005607,1,153.350793913581,1,4.86617479760276,268,1,18.2740001678467,36.4700012207031,0.0168210007250309,0,147.876693725586,-86.2467,24.7277,17.7844532912782,63,63,63,63,61,63,0,8279,1.45687144005964,25,-86,0.001869,51,2025-01-01 22:54:10.002439,268,1.037,0.0011,"aoml_navis",1027.50110876888
"7901009",57,0,1,0.01869,1,-0.003738,1,153.210390764802,1,4.86612508062584,270,1,18.257999420166,36.4669990539551,0.0186899993568659,0,147.741302490234,-86.2467,24.7277,17.7844532912782,63,63,63,63,61,63,0,8279,1.45687144005964,25,-86,0.001869,51,2025-01-01 22:54:10.002439,270,1.037,0.0011,"aoml_navis",1027.51160670061
"7901009",57,0,1,0.01869,1,-0.003738,1,153.079212797556,1,4.86608501014887,272,1,18.2530002593994,36.4650001525879,0.0186899993568659,0,147.614807128906,-86.2467,24.7277,17.7844532912782,63,63,63,63,61,63,0,8279,1.45687144005964,25,-86,0.001869,51,2025-01-01 22:54:10.002439,272,1.037,0.0011,"aoml_navis",1027.52006789274
"7901009",57,0,1,0.016821,1,-0.005607,1,152.71169295832,1,4.86603651418178,274,1,18.2350006103516,36.4609985351562,0.0168210007250309,0,147.260406494141,-86.2467,24.7277,17.7844532912782,63,63,63,63,61,63,0,8279,1.45687144005964,25,-86,0.001869,51,2025-01-01 22:54:10.002439,274,1.037,0.0011,"aoml_navis",1027.53030837886
"7901009",57,0,1,0.01869,1,-0.003738,1,152.731187681558,1,4.86591717171783,276,1,18.1219997406006,36.4449996948242,0.0186899993568659,0,147.279205322266,-86.2467,24.7277,17.7844532912782,63,63,63,63,61,63,0,8279,1.45687144005964,25,-86,0.001869,51,2025-01-01 22:54:10.002439,276,1.037,0.0011,"aoml_navis",1027.55550979402
"7901009",57,0,1,0.014952,1,-0.007476,1,152.756078265693,1,4.86584244288246,278,1,18.0699996948242,36.4370002746582,0.0149520002305508,0,147.303207397461,-86.2467,24.7277,17.7844532912782,63,63,63,63,61,63,0,8279,1.45687144005964,25,-86,0.001869,51,2025-01-01 22:54:10.002439,278,1.037,0.0011,"aoml_navis",1027.57129082833
"7901009",57,0,1,0.016821,1,-0.005607,1,152.692704591529,1,4.86579997563084,280,1,18.0659999847412,36.4360008239746,0.0168210007250309,0,147.242095947266,-86.2467,24.7277,17.7844532912782,63,63,63,63,61,63,0,8279,1.45687144005964,25,-86,0.001869,51,2025-01-01 22:54:10.002439,280,1.037,0.0011,"aoml_navis",1027.58025916422
"7901009",57,0,1,0.016821,1,-0.005607,1,152.640344170103,1,4.86575275150525,282,1,18.0550003051758,36.4339981079102,0.0168210007250309,0,147.191604614258,-86.2467,24.7277,17.7844532912782,63,63,63,63,61,63,0,8279,1.45687144005964,25,-86,0.001869,51,2025-01-01 22:54:10.002439,282,1.037,0.0011,"aoml_navis",1027.59023225198
"7901009",57,0,1,0.016821,1,-0.005607,1,152.853551881886,1,4.86569121988747,284,1,18.0230007171631,36.4290008544922,0.0168210007250309,0,147.397201538086,-86.2467,24.7277,17.7844532912782,63,63,63,63,61,63,0,8279,1.45687144005964,25,-86,0.001869,51,2025-01-01 22:54:10.002439,284,1.037,0.0011,"aoml_navis",1027.60322717635
"7901009",57,0,1,0.014952,1,-0.007476,1,153.20633991322,1,4.86562375757136,286,1,17.9860000610352,36.423999786377,0.0149520002305508,0,147.737396240234,-86.2467,24.7277,17.7844532912782,63,63,63,63,61,63,0,8279,1.45687144005964,25,-86,0.001869,51,2025-01-01 22:54:10.002439,286,1.037,0.0011,"aoml_navis",1027.61747498859
"7901009",57,0,1,0.016821,1,-0.005607,1,153.45397986345,1,4.8655753875098,288,1,17.9710006713867,36.4210014343262,0.0168210007250309,0,147.976196289062,-86.2467,24.7277,17.7844532912782,63,63,63,63,61,63,0,8279,1.45687144005964,25,-86,0.001869,51,2025-01-01 22:54:10.002439,288,1.037,0.0011,"aoml_navis",1027.62769082466
"7901009",57,0,1,0.014952,1,-0.007476,1,153.723709613714,1,4.8655233833924,290,1,17.9589996337891,36.4199981689453,0.0149520002305508,0,148.236297607422,-86.2467,24.7277,17.7844532912782,63,63,63,63,61,63,0,8279,1.45687144005964,25,-86,0.001869,51,2025-01-01 22:54:10.002439,290,1.037,0.0011,"aoml_navis",1027.63867440584
"7901009",57,0,1,0.013083,1,-0.009345,1,153.803555696069,1,4.8654773814192,292,1,17.9489994049072,36.4179992675781,0.0130829997360706,0,148.313293457031,-86.2467,24.7277,17.7844532912782,63,63,63,63,61,63,0,8279,1.45687144005964,25,-86,0.001869,51,2025-01-01 22:54:10.002439,292,1.037,0.0011,"aoml_navis",1027.64839049392
"7901009",57,0,1,0.016821,1,-0.005607,1,152.98711921862,1,4.86541474107956,294,1,17.9190006256104,36.4140014648438,0.0168210007250309,0,147.526000976562,-86.2467,24.7277,17.7844532912782,63,63,63,63,61,63,0,8279,1.45687144005964,25,-86,0.001869,51,2025-01-01 22:54:10.002439,294,1.037,0.0011,"aoml_navis",1027.66162107088
"7901009",57,0,1,0.016821,1,-0.005607,1,151.974675324974,1,4.86532163720509,296,1,17.8330001831055,36.4000015258789,0.0168210007250309,0,146.549697875977,-86.2467,24.7277,17.7844532912782,63,63,63,63,61,63,0,8279,1.45687144005964,25,-86,0.001869,51,2025-01-01 22:54:10.002439,296,1.037,0.0011,"aoml_navis",1027.6812866317
"7901009",57,0,1,0.020559,1,-0.001869,1,150.902813666911,1,4.86526185449964,298,1,17.7870006561279,36.3899993896484,0.020558999851346,0,145.516098022461,-86.2467,24.7277,17.7844532912782,63,63,63,63,61,63,0,8279,1.45687144005964,25,-86,0.001869,51,2025-01-01 22:54:10.002439,298,1.037,0.0011,"aoml_navis",1027.69391443458
"7901009",57,0,1,0.014952,1,-0.007476,1,149.273975739956,1,4.86517394180276,300,1,17.7049999237061,36.3759994506836,0.0149520002305508,0,143.945404052734,-86.2467,24.7277,17.7844532912782,63,63,63,63,61,63,0,8279,1.45687144005964,25,-86,0.001869,51,2025-01-01 22:54:10.002439,300,1.037,0.0011,"aoml_navis",1027.71248465318
"7901009",57,0,1,0.014952,1,-0.007476,1,148.21300074552,1,4.8650737052358,302,1,17.5970001220703,36.3569984436035,0.0149520002305508,0,142.922302246094,-86.2467,24.7277,17.7844532912782,63,63,63,63,61,63,0,8279,1.45687144005964,25,-86,0.001869,51,2025-01-01 22:54:10.002439,302,1.037,0.0011,"aoml_navis",1027.73365892052
"7901009",57,0,1,0.01869,1,-0.003738,1,147.822868926164,1,4.864995650433,304,1,17.5289993286133,36.3450012207031,0.0186899993568659,0,142.546096801758,-86.2467,24.7277,17.7844532912782,63,63,63,63,61,63,0,8279,1.45687144005964,25,-86,0.001869,51,2025-01-01 22:54:10.002439,304,1.037,0.0011,"aoml_navis",1027.750148051
"7901009",57,0,1,0.016821,1,-0.005607,1,147.487708428667,1,4.86494191805282,306,1,17.5,36.3390007019043,0.0168210007250309,0,142.222900390625,-86.2467,24.7277,17.7844532912782,63,63,63,63,61,63,0,8279,1.45687144005964,25,-86,0.001869,51,2025-01-01 22:54:10.002439,306,1.037,0.0011,"aoml_navis",1027.76149936056
"7901009",57,0,1,0.01869,1,-0.003738,1,147.25054372745,1,4.86487763515133,308,1,17.4619998931885,36.3330001831055,0.0186899993568659,0,141.994201660156,-86.2467,24.7277,17.7844532912782,63,63,63,63,61,63,0,8279,1.45687144005964,25,-86,0.001869,51,2025-01-01 22:54:10.002439,308,1.037,0.0011,"aoml_navis",1027.77507986477
"7901009",57,0,1,0.016821,1,-0.005607,1,146.81085227077,1,4.86482495255364,310,1,17.4400005340576,36.3289985656738,0.0168210007250309,0,141.570205688477,-86.2467,24.7277,17.7844532912782,63,63,63,63,61,63,0,8279,1.45687144005964,25,-86,0.001869,51,2025-01-01 22:54:10.002439,310,1.037,0.0011,"aoml_navis",1027.78620993863
"7901009",57,0,1,0.016821,1,-0.005607,1,146.432651475214,1,4.8647803900936,312,1,17.42799949646,36.326000213623,0.0168210007250309,0,141.205505371094,-86.2467,24.7277,17.7844532912782,63,63,63,63,61,63,0,8279,1.45687144005964,25,-86,0.001869,51,2025-01-01 22:54:10.002439,312,1.037,0.0011,"aoml_navis",1027.79562468673
"7901009",57,0,1,0.014952,1,-0.007476,1,146.038579569749,1,4.86472441813088,314,1,17.3969993591309,36.3199996948242,0.0149520002305508,0,140.825500488281,-86.2467,24.7277,17.7844532912782,63,63,63,63,61,63,0,8279,1.45687144005964,25,-86,0.001869,51,2025-01-01 22:54:10.002439,314,1.037,0.0011,"aoml_navis",1027.80745017435
"7901009",57,0,1,0.011214,1,-0.011214,1,145.469260862444,1,4.86465592118239,316,1,17.3460006713867,36.3110008239746,0.0112140001729131,0,140.276504516602,-86.2467,24.7277,17.7844532912782,63,63,63,63,61,63,0,8279,1.45687144005964,25,-86,0.001869,51,2025-01-01 22:54:10.002439,316,1.037,0.0011,"aoml_navis",1027.82192225112
"7901009",57,0,1,0.01869,1,-0.003738,1,144.987763351546,1,4.86457538967717,318,1,17.2660007476807,36.2960014343262,0.0186899993568659,0,139.812194824219,-86.2467,24.7277,17.7844532912782,63,63,63,63,61,63,0,8279,1.45687144005964,25,-86,0.001869,51,2025-01-01 22:54:10.002439,318,1.037,0.0011,"aoml_navis",1027.83893751759
"7901009",57,0,1,0.01869,1,-0.003738,1,144.848499504774,1,4.86445028583652,320,1,17.1350002288818,36.2770004272461,0.0186899993568659,0,139.67790222168,-86.2467,24.7277,17.7844532912782,63,63,63,63,61,63,0,8279,1.45687144005964,25,-86,0.001869,51,2025-01-01 22:54:10.002439,320,1.037,0.0011,"aoml_navis",1027.86537145999
"7901009",57,0,1,0.014952,1,-0.007476,1,144.91828175273,1,4.86435406757877,322,1,17.0440006256104,36.2630004882812,0.0149520002305508,0,139.745193481445,-86.2467,24.7277,17.7844532912782,63,63,63,63,61,63,0,8279,1.45687144005964,25,-86,0.001869,51,2025-01-01 22:54:10.002439,322,1.037,0.0011,"aoml_navis",1027.88570291898
"7901009",57,0,1,0.016821,1,-0.005607,1,144.774555639763,1,4.86428713066976,324,1,17,36.2560005187988,0.0168210007250309,0,139.606597900391,-86.2467,24.7277,17.7844532912782,63,63,63,63,61,63,0,8279,1.45687144005964,25,-86,0.001869,51,2025-01-01 22:54:10.002439,324,1.037,0.0011,"aoml_navis",1027.89984753872
"7901009",57,0,1,0.014952,1,-0.007476,1,144.536140871065,1,4.86423944673662,326,1,16.9820003509521,36.2519989013672,0.0149520002305508,0,139.376693725586,-86.2467,24.7277,17.7844532912782,63,63,63,63,61,63,0,8279,1.45687144005964,25,-86,0.001869,51,2025-01-01 22:54:10.002439,326,1.037,0.0011,"aoml_navis",1027.90992399736
"7901009",57,0,1,0.020559,1,-0.001869,1,144.046161889668,1,4.86419591414535,328,1,16.9769992828369,36.2509994506836,0.020558999851346,0,138.904205322266,-86.2467,24.7277,17.7844532912782,63,63,63,63,61,63,0,8279,1.45687144005964,25,-86,0.001869,51,2025-01-01 22:54:10.002439,328,1.037,0.0011,"aoml_navis",1027.91912337653
"7901009",57,0,1,0.016821,1,-0.005607,1,143.423739049904,1,4.86414163033671,330,1,16.94700050354,36.2449989318848,0.0168210007250309,0,138.304000854492,-86.2467,24.7277,17.7844532912782,63,63,63,63,61,63,0,8279,1.45687144005964,25,-86,0.001869,51,2025-01-01 22:54:10.002439,330,1.037,0.0011,"aoml_navis",1027.93059495142
"7901009",57,0,1,0.016821,1,-0.005607,1,143.049367574984,1,4.86405166479462,332,1,16.8640003204346,36.2319984436035,0.0168210007250309,0,137.942993164062,-86.2467,24.7277,17.7844532912782,63,63,63,63,61,63,0,8279,1.45687144005964,25,-86,0.001869,51,2025-01-01 22:54:10.002439,332,1.037,0.0011,"aoml_navis",1027.94960756469
"7901009",57,0,1,0.016821,1,-0.005607,1,142.600656644079,1,4.86399210429301,334,1,16.8229999542236,36.2239990234375,0.0168210007250309,0,137.510299682617,-86.2467,24.7277,17.7844532912782,63,63,63,63,61,63,0,8279,1.45687144005964,25,-86,0.001869,51,2025-01-01 22:54:10.002439,334,1.037,0.0011,"aoml_navis",1027.9621950017
"7901009",57,0,1,0.013083,1,-0.009345,1,142.275338450035,1,4.86391442182733,336,1,16.7630004882812,36.2150001525879,0.0130829997360706,0,137.196594238281,-86.2467,24.7277,17.7844532912782,63,63,63,63,61,63,0,8279,1.45687144005964,25,-86,0.001869,51,2025-01-01 22:54:10.002439,336,1.037,0.0011,"aoml_navis",1027.97861277369
"7901009",57,0,1,0.020559,1,-0.001869,1,141.821643072847,1,4.86386478130382,338,1,16.7399997711182,36.2099990844727,0.020558999851346,0,136.759094238281,-86.2467,24.7277,17.7844532912782,63,63,63,63,61,63,0,8279,1.45687144005964,25,-86,0.001869,51,2025-01-01 22:54:10.002439,338,1.037,0.0011,"aoml_navis",1027.98910430641
"7901009",57,0,1,0.022428,1,0,1,141.182431352112,1,4.86380637168727,340,1,16.7029991149902,36.2029991149902,0.0224280003458261,0,136.142700195312,-86.2467,24.7277,17.7844532912782,63,63,63,63,61,63,0,8279,1.45687144005964,25,-86,0.001869,51,2025-01-01 22:54:10.002439,340,1.037,0.0011,"aoml_navis",1028.00144946261
"7901009",57,0,1,0.016821,1,-0.005607,1,140.423023269592,1,4.86373870235259,342,1,16.6420001983643,36.1910018920898,0.0168210007250309,0,135.410400390625,-86.2467,24.7277,17.7844532912782,63,63,63,63,61,63,0,8279,1.45687144005964,25,-86,0.001869,51,2025-01-01 22:54:10.002439,342,1.037,0.0011,"aoml_navis",1028.01575207597
"7901009",57,0,1,0.020559,1,-0.001869,1,139.460771958829,1,4.86366519118862,344,1,16.5629997253418,36.1749992370605,0.020558999851346,0,134.482498168945,-86.2467,24.7277,17.7844532912782,63,63,63,63,61,63,0,8279,1.45687144005964,25,-86,0.001869,51,2025-01-01 22:54:10.002439,344,1.037,0.0011,"aoml_navis",1028.03128987135
"7901009",57,0,1,0.013083,1,-0.009345,1,138.796052532039,1,4.86350939625288,346,1,16.3600006103516,36.1430015563965,0.0130829997360706,0,133.841506958008,-86.2467,24.7277,17.7844532912782,63,63,63,63,61,63,0,8279,1.45687144005964,25,-86,0.001869,51,2025-01-01 22:54:10.002439,346,1.037,0.0011,"aoml_navis",1028.06422124984
"7901009",57,0,1,0.014952,1,-0.007476,1,137.790650157744,1,4.86343028460766,348,1,16.2719993591309,36.1259994506836,0.0149520002305508,0,132.871994018555,-86.2467,24.7277,17.7844532912782,63,63,63,63,61,63,0,8279,1.45687144005964,25,-86,0.001869,51,2025-01-01 22:54:10.002439,348,1.037,0.0011,"aoml_navis",1028.08094439527
"7901009",57,0,1,0.014952,1,-0.007476,1,136.878385722557,1,4.86330954114805,350,1,16.1240005493164,36.1020011901855,0.0149520002305508,0,131.992294311523,-86.2467,24.7277,17.7844532912782,63,63,63,63,61,63,0,8279,1.45687144005964,25,-86,0.001869,51,2025-01-01 22:54:10.002439,350,1.037,0.0011,"aoml_navis",1028.10646899923
"7901009",57,0,1,0.01869,1,-0.003738,1,136.385083776971,1,4.86317164210397,352,1,15.9499998092651,36.0750007629395,0.0186899993568659,0,131.5166015625,-86.2467,24.7277,17.7844532912782,63,63,63,63,61,63,0,8279,1.45687144005964,25,-86,0.001869,51,2025-01-01 22:54:10.002439,352,1.037,0.0011,"aoml_navis",1028.13562176408
"7901009",57,0,1,0.01869,1,-0.003738,1,135.66714945225,1,4.86310223467839,354,1,15.8889999389648,36.0639991760254,0.0186899993568659,0,130.824295043945,-86.2467,24.7277,17.7844532912782,63,63,63,63,61,63,0,8279,1.45687144005964,25,-86,0.001869,51,2025-01-01 22:54:10.002439,354,1.037,0.0011,"aoml_navis",1028.15029557582
"7901009",57,0,1,0.016821,1,-0.005607,1,135.009376602977,1,4.86300901954841,356,1,15.789999961853,36.0480003356934,0.0168210007250309,0,130.190002441406,-86.2467,24.7277,17.7844532912782,63,63,63,63,61,63,0,8279,1.45687144005964,25,-86,0.001869,51,2025-01-01 22:54:10.002439,356,1.037,0.0011,"aoml_navis",1028.17000336642
"7901009",57,0,1,0.01869,1,-0.003738,1,134.408109968546,1,4.86293843277402,358,1,15.7209997177124,36.0349998474121,0.0186899993568659,0,129.610198974609,-86.2467,24.7277,17.7844532912782,63,63,63,63,61,63,0,8279,1.45687144005964,25,-86,0.001869,51,2025-01-01 22:54:10.002439,358,1.037,0.0011,"aoml_navis",1028.1849275126
"7901009",57,0,1,0.016821,1,-0.005607,1,133.549155373125,1,4.86288027740381,360,1,15.6730003356934,36.0250015258789,0.0168210007250309,0,128.78190612793,-86.2467,24.7277,17.7844532912782,63,63,63,63,61,63,0,8279,1.45687144005964,25,-86,0.001869,51,2025-01-01 22:54:10.002439,360,1.037,0.0011,"aoml_navis",1028.19722361526
"7901009",57,0,1,0.01869,1,-0.003738,1,132.846680743699,1,4.86278499882698,362,1,15.5679998397827,36.007999420166,0.0186899993568659,0,128.104507446289,-86.2467,24.7277,17.7844532912782,63,63,63,63,61,63,0,8279,1.45687144005964,25,-86,0.001869,51,2025-01-01 22:54:10.002439,362,1.037,0.0011,"aoml_navis",1028.21736951276
"7901009",57,0,1,0.020559,1,-0.001869,1,132.589799788298,1,4.8626751968359,364,1,15.4359998703003,35.9869995117188,0.020558999851346,0,127.856796264648,-86.2467,24.7277,17.7844532912782,63,63,63,63,61,63,0,8279,1.45687144005964,25,-86,0.001869,51,2025-01-01 22:54:10.002439,364,1.037,0.0011,"aoml_navis",1028.24058724989
"7901009",57,0,1,0.020559,1,-0.001869,1,132.359898137378,1,4.86262052146604,366,1,15.4040002822876,35.9809989929199,0.020558999851346,0,127.635101318359,-86.2467,24.7277,17.7844532912782,63,63,63,63,61,63,0,8279,1.45687144005964,25,-86,0.001869,51,2025-01-01 22:54:10.002439,366,1.037,0.0011,"aoml_navis",1028.25214880073
"7901009",57,0,1,0.020559,1,-0.001869,1,131.91138500196,1,4.86256986847204,368,1,15.378999710083,35.976001739502,0.020558999851346,0,127.202598571777,-86.2467,24.7277,17.7844532912782,63,63,63,63,61,63,0,8279,1.45687144005964,25,-86,0.001869,51,2025-01-01 22:54:10.002439,368,1.037,0.0011,"aoml_navis",1028.26286001956
"7901009",57,0,1,0.014952,1,-0.007476,1,131.461115442613,1,4.86250259419216,370,1,15.3219995498657,35.9659996032715,0.0149520002305508,0,126.768402099609,-86.2467,24.7277,17.7844532912782,63,63,63,63,61,63,0,8279,1.45687144005964,25,-86,0.001869,51,2025-01-01 22:54:10.002439,370,1.037,0.0011,"aoml_navis",1028.27708636538
"7901009",57,0,1,0.016821,1,-0.005607,1,131.177381771842,1,4.8624141836802,372,1,15.2320003509521,35.9519996643066,0.0168210007250309,0,126.49479675293,-86.2467,24.7277,17.7844532912782,63,63,63,63,61,63,0,8279,1.45687144005964,25,-86,0.001869,51,2025-01-01 22:54:10.002439,372,1.037,0.0011,"aoml_navis",1028.29578294288
"7901009",57,0,1,0.020559,1,-0.001869,1,131.058546243009,1,4.86234684852216,374,1,15.1780004501343,35.943000793457,0.020558999851346,0,126.38020324707,-86.2467,24.7277,17.7844532912782,63,63,63,63,61,63,0,8279,1.45687144005964,25,-86,0.001869,51,2025-01-01 22:54:10.002439,374,1.037,0.0011,"aoml_navis",1028.31002307449
"7901009",57,0,1,0.020559,1,-0.001869,1,130.989895385241,1,4.86228276826477,376,1,15.1370000839233,35.9370002746582,0.020558999851346,0,126.314002990723,-86.2467,24.7277,17.7844532912782,63,63,63,63,61,63,0,8279,1.45687144005964,25,-86,0.001869,51,2025-01-01 22:54:10.002439,376,1.037,0.0011,"aoml_navis",1028.32357522152
"7901009",57,0,1,0.026166,1,0.003738,1,130.745056219112,1,4.8622380707658,378,1,15.1239995956421,35.9339981079102,0.0261659994721413,0,126.077903747559,-86.2467,24.7277,17.7844532912782,63,63,63,63,61,63,0,8279,1.45687144005964,25,-86,0.001869,51,2025-01-01 22:54:10.002439,378,1.037,0.0011,"aoml_navis",1028.33302837689
"7901009",57,0,1,0.020559,1,-0.001869,1,130.181536875498,1,4.86219836994019,380,1,15.1190004348755,35.931999206543,0.020558999851346,0,125.53450012207,-86.2467,24.7277,17.7844532912782,63,63,63,63,61,63,0,8279,1.45687144005964,25,-86,0.001869,51,2025-01-01 22:54:10.002439,380,1.037,0.0011,"aoml_navis",1028.34142492247
"7901009",57,0,1,0.016821,1,-0.005607,1,129.490882504399,1,4.8621373349557,382,1,15.0740003585815,35.923999786377,0.0168210007250309,0,124.868499755859,-86.2467,24.7277,17.7844532912782,63,63,63,63,61,63,0,8279,1.45687144005964,25,-86,0.001869,51,2025-01-01 22:54:10.002439,382,1.037,0.0011,"aoml_navis",1028.35433381389
"7901009",57,0,1,0.020559,1,-0.001869,1,129.463816169903,1,4.8620132394143,384,1,14.9160003662109,35.9000015258789,0.020558999851346,0,124.842399597168,-86.2467,24.7277,17.7844532912782,63,63,63,63,61,63,0,8279,1.45687144005964,25,-86,0.001869,51,2025-01-01 22:54:10.002439,384,1.037,0.0011,"aoml_navis",1028.38058100441
"7901009",57,0,1,0.01869,1,-0.003738,1,129.42036445723,1,4.8619463905671,386,1,14.8549995422363,35.8889999389648,0.0186899993568659,0,124.800498962402,-86.2467,24.7277,17.7844532912782,63,63,63,63,61,63,0,8279,1.45687144005964,25,-86,0.001869,51,2025-01-01 22:54:10.002439,386,1.037,0.0011,"aoml_navis",1028.39472062069
"7901009",57,0,1,0.020559,1,-0.001869,1,129.368518304071,1,4.86189112664621,388,1,14.8319997787476,35.8860015869141,0.020558999851346,0,124.750503540039,-86.2467,24.7277,17.7844532912782,63,63,63,63,61,63,0,8279,1.45687144005964,25,-86,0.001869,51,2025-01-01 22:54:10.002439,388,1.037,0.0011,"aoml_navis",1028.40641013059
"7901009",57,0,1,0.020559,1,-0.001869,1,129.328690204728,1,4.86183953143604,390,1,14.8090000152588,35.8819999694824,0.020558999851346,0,124.712097167969,-86.2467,24.7277,17.7844532912782,63,63,63,63,61,63,0,8279,1.45687144005964,25,-86,0.001869,51,2025-01-01 22:54:10.002439,390,1.037,0.0011,"aoml_navis",1028.41732386901
"7901009",57,0,1,0.020559,1,-0.001869,1,129.210163236856,1,4.86179666552074,392,1,14.8009996414185,35.8800010681152,0.020558999851346,0,124.597801208496,-86.2467,24.7277,17.7844532912782,63,63,63,63,61,63,0,8279,1.45687144005964,25,-86,0.001869,51,2025-01-01 22:54:10.002439,392,1.037,0.0011,"aoml_navis",1028.42639130908
"7901009",57,0,1,0.028035,1,0.005607,1,129.183096902359,1,4.8617412718306,394,1,14.7709999084473,35.875,0.0280349999666214,0,124.571701049805,-86.2467,24.7277,17.7844532912782,63,63,63,63,61,63,0,8279,1.45687144005964,25,-86,0.001869,51,2025-01-01 22:54:10.002439,394,1.037,0.0011,"aoml_navis",1028.43810898998
"7901009",57,0,1,0.024297,1,0.001869,1,129.033658455716,1,4.86168147799453,396,1,14.7299995422363,35.8680000305176,0.0242970008403063,0,124.427597045898,-86.2467,24.7277,17.7844532912782,63,63,63,63,61,63,0,8279,1.45687144005964,25,-86,0.001869,51,2025-01-01 22:54:10.002439,396,1.037,0.0011,"aoml_navis",1028.45075775358
"7901009",57,0,1,0.022428,1,0,1,129.063011306046,1,4.86161007012919,398,1,14.6780004501343,35.8610000610352,0.0224280003458261,0,124.455902099609,-86.2467,24.7277,17.7844532912782,63,63,63,63,61,63,0,8279,1.45687144005964,25,-86,0.001869,51,2025-01-01 22:54:10.002439,398,1.037,0.0011,"aoml_navis",1028.46586375183
"7901009",57,0,1,0.024297,1,0.001869,1,128.987097397981,1,4.86156829820632,400,1,14.6709995269775,35.859001159668,0.0242970008403063,0,124.382698059082,-86.2467,24.7277,17.7844532912782,63,63,63,63,61,63,0,8279,1.45687144005964,25,-86,0.001869,51,2025-01-01 22:54:10.002439,400,1.037,0.0011,"aoml_navis",1028.47470061148
"7901009",57,0,1,0.020559,1,-0.001869,1,128.853846534026,1,4.8615271402802,402,1,14.6680002212524,35.8580017089844,0.020558999851346,0,124.254203796387,-86.2467,24.7277,17.7844532912782,63,63,63,63,61,63,0,8279,1.45687144005964,25,-86,0.001869,51,2025-01-01 22:54:10.002439,402,1.037,0.0011,"aoml_navis",1028.48340772851
"7901009",57,0,1,0.022428,1,0,1,128.581110292354,1,4.86148387428316,404,1,14.6630001068115,35.8569984436035,0.0224280003458261,0,123.991203308105,-86.2467,24.7277,17.7844532912782,63,63,63,63,61,63,0,8279,1.45687144005964,25,-86,0.001869,51,2025-01-01 22:54:10.002439,404,1.037,0.0011,"aoml_navis",1028.49256097497
"7901009",57,0,1,0.024297,1,0.001869,1,128.291569346072,1,4.86144150113939,406,1,14.6520004272461,35.8540000915527,0.0242970008403063,0,123.71199798584,-86.2467,24.7277,17.7844532912782,63,63,63,63,61,63,0,8279,1.45687144005964,25,-86,0.001869,51,2025-01-01 22:54:10.002439,406,1.037,0.0011,"aoml_navis",1028.50152548954
"7901009",57,0,1,0.020559,1,-0.001869,1,128.00846862086,1,4.86137856738919,408,1,14.6009998321533,35.8450012207031,0.020558999851346,0,123.439002990723,-86.2467,24.7277,17.7844532912782,63,63,63,63,61,63,0,8279,1.45687144005964,25,-86,0.001869,51,2025-01-01 22:54:10.002439,408,1.037,0.0011,"aoml_navis",1028.51484011978
"7901009",57,0,1,0.022428,1,0,1,127.907252714046,1,4.8613023665676,410,1,14.5270004272461,35.8330001831055,0.0224280003458261,0,123.341400146484,-86.2467,24.7277,17.7844532912782,63,63,63,63,61,63,0,8279,1.45687144005964,25,-86,0.001869,51,2025-01-01 22:54:10.002439,410,1.037,0.0011,"aoml_navis",1028.53096207022
"7901009",57,0,1,0.022428,1,0,1,127.568666398707,1,4.86124295802344,412,1,14.4860000610352,35.826000213623,0.0224280003458261,0,123.01490020752,-86.2467,24.7277,17.7844532912782,63,63,63,63,61,63,0,8279,1.45687144005964,25,-86,0.001869,51,2025-01-01 22:54:10.002439,412,1.037,0.0011,"aoml_navis",1028.54353159773
"7901009",57,0,1,0.022428,1,0,1,127.287013536463,1,4.86117082684135,414,1,14.418999671936,35.814998626709,0.0224280003458261,0,122.743301391602,-86.2467,24.7277,17.7844532912782,63,63,63,63,61,63,0,8279,1.45687144005964,25,-86,0.001869,51,2025-01-01 22:54:10.002439,414,1.037,0.0011,"aoml_navis",1028.5587933656
"7901009",57,0,1,0.020559,1,-0.001869,1,126.875836277247,1,4.86111579455191,416,1,14.3819999694824,35.8079986572266,0.020558999851346,0,122.346801757812,-86.2467,24.7277,17.7844532912782,63,63,63,63,61,63,0,8279,1.45687144005964,25,-86,0.001869,51,2025-01-01 22:54:10.002439,416,1.037,0.0011,"aoml_navis",1028.57043759454
"7901009",57,0,1,0.020559,1,-0.001869,1,126.516718790316,1,4.86103610868068,418,1,14.3109998703003,35.7980003356934,0.020558999851346,0,122.000503540039,-86.2467,24.7277,17.7844532912782,63,63,63,63,61,63,0,8279,1.45687144005964,25,-86,0.001869,51,2025-01-01 22:54:10.002439,418,1.037,0.0011,"aoml_navis",1028.58729871831
"7901009",57,0,1,0.026166,1,0.003738,1,126.203640181033,1,4.86097126310529,420,1,14.253999710083,35.7879981994629,0.0261659994721413,0,121.698600769043,-86.2467,24.7277,17.7844532912782,63,63,63,63,61,63,0,8279,1.45687144005964,25,-86,0.001869,51,2025-01-01 22:54:10.002439,420,1.037,0.0011,"aoml_navis",1028.60102011916
"7901009",57,0,1,0.020559,1,-0.001869,1,125.84627911803,1,4.86089767338228,422,1,14.1850004196167,35.7770004272461,0.020558999851346,0,121.353996276855,-86.2467,24.7277,17.7844532912782,63,63,63,63,61,63,0,8279,1.45687144005964,25,-86,0.001869,51,2025-01-01 22:54:10.002439,422,1.037,0.0011,"aoml_navis",1028.61659223551
"7901009",57,0,1,0.024297,1,0.001869,1,125.676728826228,1,4.86080667092703,424,1,14.085000038147,35.7620010375977,0.0242970008403063,0,121.190498352051,-86.2467,24.7277,17.7844532912782,63,63,63,63,61,63,0,8279,1.45687144005964,25,-86,0.001869,51,2025-01-01 22:54:10.002439,424,1.037,0.0011,"aoml_navis",1028.6358496637
"7901009",57,0,1,0.022428,1,0,1,125.446510702528,1,4.86074653106379,426,1,14.0249996185303,35.75,0.0224280003458261,0,120.96849822998,-86.2467,24.7277,17.7844532912782,63,63,63,63,61,63,0,8279,1.45687144005964,25,-86,0.001869,51,2025-01-01 22:54:10.002439,426,1.037,0.0011,"aoml_navis",1028.64857651932
"7901009",57,0,1,0.020559,1,-0.001869,1,125.141114469976,1,4.86066020259781,428,1,13.9429998397827,35.7389984130859,0.020558999851346,0,120.674003601074,-86.2467,24.7277,17.7844532912782,63,63,63,63,61,63,0,8279,1.45687144005964,25,-86,0.001869,51,2025-01-01 22:54:10.002439,428,1.037,0.0011,"aoml_navis",1028.66684598272
"7901009",57,0,1,0.022428,1,0,1,124.878537004537,1,4.86059826756532,430,1,13.8879995346069,35.7290000915527,0.0224280003458261,0,120.420799255371,-86.2467,24.7277,17.7844532912782,63,63,63,63,61,63,0,8279,1.45687144005964,25,-86,0.001869,51,2025-01-01 22:54:10.002439,430,1.037,0.0011,"aoml_navis",1028.67995352854
"7901009",57,0,1,0.020559,1,-0.001869,1,124.708567386301,1,4.86051148638936,432,1,13.7980003356934,35.7159996032715,0.020558999851346,0,120.256896972656,-86.2467,24.7277,17.7844532912782,63,63,63,63,61,63,0,8279,1.45687144005964,25,-86,0.001869,51,2025-01-01 22:54:10.002439,432,1.037,0.0011,"aoml_navis",1028.69831991988
"7901009",57,0,1,0.024297,1,0.001869,1,124.614931002564,1,4.86044579097959,434,1,13.7390003204346,35.7060012817383,0.0242970008403063,0,120.166603088379,-86.2467,24.7277,17.7844532912782,63,63,63,63,61,63,0,8279,1.45687144005964,25,-86,0.001869,51,2025-01-01 22:54:10.002439,434,1.037,0.0011,"aoml_navis",1028.71222415018
"7901009",57,0,1,0.026166,1,0.003738,1,124.397150259112,1,4.86038799478396,436,1,13.7089996337891,35.7019996643066,0.0261659994721413,0,119.956596374512,-86.2467,24.7277,17.7844532912782,63,63,63,63,61,63,0,8279,1.45687144005964,25,-86,0.001869,51,2025-01-01 22:54:10.002439,436,1.037,0.0011,"aoml_navis",1028.72445684704
"7901009",57,0,1,0.024297,1,0.001869,1,124.171497255262,1,4.8603324152347,438,1,13.673999786377,35.6959991455078,0.0242970008403063,0,119.738998413086,-86.2467,24.7277,17.7844532912782,63,63,63,63,61,63,0,8279,1.45687144005964,25,-86,0.001869,51,2025-01-01 22:54:10.002439,438,1.037,0.0011,"aoml_navis",1028.73622066003
"7901009",57,0,1,0.020559,1,-0.001869,1,123.981621499173,1,4.86027484644344,440,1,13.6370000839233,35.689998626709,0.020558999851346,0,119.55590057373,-86.2467,24.7277,17.7844532912782,63,63,63,63,61,63,0,8279,1.45687144005964,25,-86,0.001869,51,2025-01-01 22:54:10.002439,440,1.037,0.0011,"aoml_navis",1028.74840579413
"7901009",57,0,1,0.020559,1,-0.001869,1,123.791642889431,1,4.86023043349577,441.899993896484,1,13.6180000305176,35.6860008239746,0.020558999851346,0,119.372703552246,-86.2467,24.7277,17.7844532912782,63,63,63,63,61,63,0,8279,1.45687144005964,25,-86,0.001869,51,2025-01-01 22:54:10.002439,441.899993896484,1.037,0.0011,"aoml_navis",1028.75780653135
"7901009",57,0,1,0.022428,1,0,1,123.469331186796,1,4.86017984137534,444,1,13.5970001220703,35.681999206543,0.0224280003458261,0,119.061897277832,-86.2467,24.7277,17.7844532912782,63,63,63,63,61,63,0,8279,1.45687144005964,25,-86,0.001869,51,2025-01-01 22:54:10.002439,444,1.037,0.0011,"aoml_navis",1028.76851540232
"7901009",57,0,1,0.024297,1,0.001869,1,123.070290658688,1,4.86010834845579,446,1,13.5389995574951,35.673999786377,0.0242970008403063,0,118.677101135254,-86.2467,24.7277,17.7844532912782,63,63,63,63,61,63,0,8279,1.45687144005964,25,-86,0.001869,51,2025-01-01 22:54:10.002439,446,1.037,0.0011,"aoml_navis",1028.78364874081
"7901009",57,0,1,0.020559,1,-0.001869,1,122.880620609906,1,4.86003943458685,448,1,13.4689998626709,35.6619987487793,0.020558999851346,0,118.494201660156,-86.2467,24.7277,17.7844532912782,63,63,63,63,61,63,0,8279,1.45687144005964,25,-86,0.001869,51,2025-01-01 22:54:10.002439,448,1.037,0.0011,"aoml_navis",1028.79823657749
"7901009",57,0,1,0.01869,1,-0.003738,1,122.668757907437,1,4.85997733252984,450,1,13.4200000762939,35.6539993286133,0.0186899993568659,0,118.289901733398,-86.2467,24.7277,17.7844532912782,63,63,63,63,61,63,0,8279,1.45687144005964,25,-86,0.001869,51,2025-01-01 22:54:10.002439,450,1.037,0.0011,"aoml_navis",1028.81138282949
"7901009",57,0,1,0.022428,1,0,1,122.283816241671,1,4.85991091206958,452,1,13.3629999160767,35.6450004577637,0.0224280003458261,0,117.918701171875,-86.2467,24.7277,17.7844532912782,63,63,63,63,61,63,0,8279,1.45687144005964,25,-86,0.001869,51,2025-01-01 22:54:10.002439,452,1.037,0.0011,"aoml_navis",1028.8254436069
"7901009",57,0,1,0.024297,1,0.001869,1,121.991893837721,1,4.85983548458576,454,1,13.28600025177,35.632999420166,0.0242970008403063,0,117.637199401855,-86.2467,24.7277,17.7844532912782,63,63,63,63,61,63,0,8279,1.45687144005964,25,-86,0.001869,51,2025-01-01 22:54:10.002439,454,1.037,0.0011,"aoml_navis",1028.8414115784
"7901009",57,0,1,0.024297,1,0.001869,1,121.84712336458,1,4.85976902002434,456,1,13.2250003814697,35.6230010986328,0.0242970008403063,0,117.497596740723,-86.2467,24.7277,17.7844532912782,63,63,63,63,61,63,0,8279,1.45687144005964,25,-86,0.001869,51,2025-01-01 22:54:10.002439,456,1.037,0.0011,"aoml_navis",1028.85548251323
"7901009",57,0,1,0.024297,1,0.001869,1,121.795380065075,1,4.85970272333208,458,1,13.1639995574951,35.6129989624023,0.0242970008403063,0,117.447700500488,-86.2467,24.7277,17.7844532912782,63,63,63,63,61,63,0,8279,1.45687144005964,25,-86,0.001869,51,2025-01-01 22:54:10.002439,458,1.037,0.0011,"aoml_navis",1028.86951829262
"7901009",57,0,1,0.028035,1,0.005607,1,121.734300818564,1,4.8596468727084,460,1,13.1169996261597,35.6040000915527,0.0280349999666214,0,117.388801574707,-86.2467,24.7277,17.7844532912782,63,63,63,63,61,63,0,8279,1.45687144005964,25,-86,0.001869,51,2025-01-01 22:54:10.002439,460,1.037,0.0011,"aoml_navis",1028.88134281522
"7901009",57,0,1,0.020559,1,-0.001869,1,121.683277494634,1,4.85955669730642,462,1,13.0170001983643,35.5900001525879,0.020558999851346,0,117.339599609375,-86.2467,24.7277,17.7844532912782,63,63,63,63,61,63,0,8279,1.45687144005964,25,-86,0.001869,51,2025-01-01 22:54:10.002439,462,1.037,0.0011,"aoml_navis",1028.90043504821
"7901009",57,0,1,0.020559,1,-0.001869,1,121.234044383641,1,4.85947029204122,464,1,12.9130001068115,35.5740013122559,0.020558999851346,0,116.906402587891,-86.2467,24.7277,17.7844532912782,63,63,63,63,61,63,0,8279,1.45687144005964,25,-86,0.001869,51,2025-01-01 22:54:10.002439,464,1.037,0.0011,"aoml_navis",1028.91872972018
"7901009",57,0,1,0.024297,1,0.001869,1,120.779723972713,1,4.85939505924438,466,1,12.831000328064,35.5610008239746,0.0242970008403063,0,116.468299865723,-86.2467,24.7277,17.7844532912782,63,63,63,63,61,63,0,8279,1.45687144005964,25,-86,0.001869,51,2025-01-01 22:54:10.002439,466,1.037,0.0011,"aoml_navis",1028.93465936426
"7901009",57,0,1,0.020559,1,-0.001869,1,120.693342727453,1,4.8592972165975,468,1,12.7069997787476,35.5429992675781,0.020558999851346,0,116.38500213623,-86.2467,24.7277,17.7844532912782,63,63,63,63,61,63,0,8279,1.45687144005964,25,-86,0.001869,51,2025-01-01 22:54:10.002439,468,1.037,0.0011,"aoml_navis",1028.95537711131
"7901009",57,0,1,0.026166,1,0.003738,1,120.394054419552,1,4.85925191516229,470,1,12.6960000991821,35.5410003662109,0.0261659994721413,0,116.096397399902,-86.2467,24.7277,17.7844532912782,63,63,63,63,61,63,0,8279,1.45687144005964,25,-86,0.001869,51,2025-01-01 22:54:10.002439,470,1.037,0.0011,"aoml_navis",1028.9649697721
"7901009",57,0,1,0.024297,1,0.001869,1,120.105454979791,1,4.8592112566505,472,1,12.6859998703003,35.5379981994629,0.0242970008403063,0,115.818099975586,-86.2467,24.7277,17.7844532912782,63,63,63,63,61,63,0,8279,1.45687144005964,25,-86,0.001869,51,2025-01-01 22:54:10.002439,472,1.037,0.0011,"aoml_navis",1028.97357943778
"7901009",57,0,1,0.020559,1,-0.001869,1,119.859160038875,1,4.85916029069409,474,1,12.6579999923706,35.5330009460449,0.020558999851346,0,115.580596923828,-86.2467,24.7277,17.7844532912782,63,63,63,63,61,63,0,8279,1.45687144005964,25,-86,0.001869,51,2025-01-01 22:54:10.002439,474,1.037,0.0011,"aoml_navis",1028.98437196559
"7901009",57,0,1,0.024297,1,0.001869,1,119.784290490983,1,4.85908253416686,476,1,12.5799999237061,35.5219993591309,0.0242970008403063,0,115.508399963379,-86.2467,24.7277,17.7844532912782,63,63,63,63,61,63,0,8279,1.45687144005964,25,-86,0.001869,51,2025-01-01 22:54:10.002439,476,1.037,0.0011,"aoml_navis",1029.00083808873
"7901009",57,0,1,0.024297,1,0.001869,1,119.478055605564,1,4.85903024540473,478,1,12.5430002212524,35.5149993896484,0.0242970008403063,0,115.213096618652,-86.2467,24.7277,17.7844532912782,63,63,63,63,61,63,0,8279,1.45687144005964,25,-86,0.001869,51,2025-01-01 22:54:10.002439,478,1.037,0.0011,"aoml_navis",1029.01191132296
"7901009",57,0,1,0.026166,1,0.003738,1,119.063769001286,1,4.85897630423997,480,1,12.5080003738403,35.5089988708496,0.0261659994721413,0,114.813598632812,-86.2467,24.7277,17.7844532912782,63,63,63,63,61,63,0,8279,1.45687144005964,25,-86,0.001869,51,2025-01-01 22:54:10.002439,480,1.037,0.0011,"aoml_navis",1029.0233347376
"7901009",57,0,1,0.028035,1,0.005607,1,118.850244816723,1,4.85888249313227,482,1,12.3940000534058,35.4930000305176,0.0280349999666214,0,114.607696533203,-86.2467,24.7277,17.7844532912782,63,63,63,63,61,63,0,8279,1.45687144005964,25,-86,0.001869,51,2025-01-01 22:54:10.002439,482,1.037,0.0011,"aoml_navis",1029.04320223162
"7901009",57,0,1,0.026166,1,0.003738,1,118.386493516955,1,4.85884109223339,484,1,12.3680000305176,35.4860000610352,0.0261659994721413,0,114.160499572754,-86.2467,24.7277,17.7844532912782,63,63,63,63,61,63,0,8279,1.45687144005964,25,-86,0.001869,51,2025-01-01 22:54:10.002439,484,1.037,0.0011,"aoml_navis",1029.05197043637
"7901009",57,0,1,0.024297,1,0.001869,1,118.22326476893,1,4.85873454501804,486,1,12.2399997711182,35.4700012207031,0.0242970008403063,0,114.00309753418,-86.2467,24.7277,17.7844532912782,63,63,63,63,61,63,0,8279,1.45687144005964,25,-86,0.001869,51,2025-01-01 22:54:10.002439,486,1.037,0.0011,"aoml_navis",1029.07453652244
"7901009",57,0,1,0.022428,1,0,1,117.901380304548,1,4.8586610462503,488,1,12.164999961853,35.4589996337891,0.0224280003458261,0,113.69270324707,-86.2467,24.7277,17.7844532912782,63,63,63,63,61,63,0,8279,1.45687144005964,25,-86,0.001869,51,2025-01-01 22:54:10.002439,488,1.037,0.0011,"aoml_navis",1029.09010371464
"7901009",57,0,1,0.024297,1,0.001869,1,117.693869102802,1,4.85858237787568,490,1,12.0920000076294,35.4500007629395,0.0242970008403063,0,113.492599487305,-86.2467,24.7277,17.7844532912782,63,63,63,63,61,63,0,8279,1.45687144005964,25,-86,0.001869,51,2025-01-01 22:54:10.002439,490,1.037,0.0011,"aoml_navis",1029.1067663622
"7901009",57,0,1,0.024297,1,0.001869,1,117.537484078641,1,4.85852893181324,492,1,12.0530004501343,35.443000793457,0.0242970008403063,0,113.341796875,-86.2467,24.7277,17.7844532912782,63,63,63,63,61,63,0,8279,1.45687144005964,25,-86,0.001869,51,2025-01-01 22:54:10.002439,492,1.037,0.0011,"aoml_navis",1029.11808701198
"7901009",57,0,1,0.026166,1,0.003738,1,117.242563095102,1,4.85848658322115,494,1,12.0410003662109,35.439998626709,0.0261659994721413,0,113.057403564453,-86.2467,24.7277,17.7844532912782,63,63,63,63,61,63,0,8279,1.45687144005964,25,-86,0.001869,51,2025-01-01 22:54:10.002439,494,1.037,0.0011,"aoml_navis",1029.12705723374
"7901009",57,0,1,0.026166,1,0.003738,1,117.143111524035,1,4.85841450940079,496,1,11.9630002975464,35.4280014038086,0.0261659994721413,0,112.961502075195,-86.2467,24.7277,17.7844532912782,63,63,63,63,61,63,0,8279,1.45687144005964,25,-86,0.001869,51,2025-01-01 22:54:10.002439,496,1.037,0.0011,"aoml_navis",1029.14232417289
"7901009",57,0,1,0.024297,1,0.001869,1,117.40308600086,1,4.85834426124106,498,1,11.9060001373291,35.4210014343262,0.0242970008403063,0,113.212196350098,-86.2467,24.7277,17.7844532912782,63,63,63,63,61,63,0,8279,1.45687144005964,25,-86,0.001869,51,2025-01-01 22:54:10.002439,498,1.037,0.0011,"aoml_navis",1029.15720482985
"7901009",57,0,1,0.024297,1,0.001869,1,117.629783364883,1,4.85826711977241,500,1,11.826000213623,35.4099998474121,0.0242970008403063,0,113.430801391602,-86.2467,24.7277,17.7844532912782,63,63,63,63,61,63,0,8279,1.45687144005964,25,-86,0.001869,51,2025-01-01 22:54:10.002439,500,1.037,0.0011,"aoml_navis",1029.17354619114
"7901009",57,0,1,0.026166,1,0.003738,1,117.437209678347,1,4.8581834130316,502,1,11.7270002365112,35.3959999084473,0.0261659994721413,0,113.245101928711,-86.2467,24.7277,17.7844532912782,63,63,63,63,61,63,0,8279,1.45687144005964,25,-86,0.001869,51,2025-01-01 22:54:10.002439,502,1.037,0.0011,"aoml_navis",1029.19127890231
"7901009",57,0,1,0.024297,1,0.001869,1,117.164781997635,1,4.85813149034822,504,1,11.6890001296997,35.3889999389648,0.0242970008403063,0,112.982398986816,-86.2467,24.7277,17.7844532912782,63,63,63,63,61,63,0,8279,1.45687144005964,25,-86,0.001869,51,2025-01-01 22:54:10.002439,504,1.037,0.0011,"aoml_navis",1029.20227868135
"7901009",57,0,1,0.026166,1,0.003738,1,116.821527708794,1,4.85808624095605,506,1,11.6619997024536,35.382999420166,0.0261659994721413,0,112.651397705078,-86.2467,24.7277,17.7844532912782,63,63,63,63,61,63,0,8279,1.45687144005964,25,-86,0.001869,51,2025-01-01 22:54:10.002439,506,1.037,0.0011,"aoml_navis",1029.21186492071
"7901009",57,0,1,0.028035,1,0.005607,1,116.669296389868,1,4.85802122970747,508,1,11.6020002365112,35.3740005493164,0.0280349999666214,0,112.504600524902,-86.2467,24.7277,17.7844532912782,63,63,63,63,61,63,0,8279,1.45687144005964,25,-86,0.001869,51,2025-01-01 22:54:10.002439,508,1.037,0.0011,"aoml_navis",1029.22563808991
"7901009",57,0,1,0.026166,1,0.003738,1,116.516440037202,1,4.85795649220677,510,1,11.5500001907349,35.367000579834,0.0261659994721413,0,112.357200622559,-86.2467,24.7277,17.7844532912782,63,63,63,63,61,63,0,8279,1.45687144005964,25,-86,0.001869,51,2025-01-01 22:54:10.002439,510,1.037,0.0011,"aoml_navis",1029.23935362968
"7901009",57,0,1,0.022428,1,0,1,116.280414637992,1,4.85790222905023,512,1,11.5209999084473,35.3629989624023,0.0224280003458261,0,112.129600524902,-86.2467,24.7277,17.7844532912782,63,63,63,63,61,63,0,8279,1.45687144005964,25,-86,0.001869,51,2025-01-01 22:54:10.002439,512,1.037,0.0011,"aoml_navis",1029.2508503156
"7901009",57,0,1,0.020559,1,-0.001869,1,116.226487676306,1,4.85783012929083,514,1,11.4490003585815,35.3530006408691,0.020558999851346,0,112.077598571777,-86.2467,24.7277,17.7844532912782,63,63,63,63,61,63,0,8279,1.45687144005964,25,-86,0.001869,51,2025-01-01 22:54:10.002439,514,1.037,0.0011,"aoml_navis",1029.2661264238
"7901009",57,0,1,0.026166,1,0.003738,1,116.036920481178,1,4.85776849007273,516,1,11.3999996185303,35.3460006713867,0.0261659994721413,0,111.894798278809,-86.2467,24.7277,17.7844532912782,63,63,63,63,61,63,0,8279,1.45687144005964,25,-86,0.001869,51,2025-01-01 22:54:10.002439,516,1.037,0.0011,"aoml_navis",1029.27918656847
"7901009",57,0,1,0.026166,1,0.003738,1,115.981545656524,1,4.85770598190191,518,1,11.3420000076294,35.3370018005371,0.0261659994721413,0,111.841400146484,-86.2467,24.7277,17.7844532912782,63,63,63,63,61,63,0,8279,1.45687144005964,25,-86,0.001869,51,2025-01-01 22:54:10.002439,518,1.037,0.0011,"aoml_navis",1029.2924311657
"7901009",57,0,1,0.028035,1,0.005607,1,115.72737054339,1,4.8576519802311,520,1,11.3170003890991,35.3339996337891,0.0280349999666214,0,111.596298217773,-86.2467,24.7277,17.7844532912782,63,63,63,63,61,63,0,8279,1.45687144005964,25,-86,0.001869,51,2025-01-01 22:54:10.002439,520,1.037,0.0011,"aoml_navis",1029.30387363035
"7901009",57,0,1,0.024297,1,0.001869,1,115.592972465609,1,4.85759337121568,522,1,11.2749996185303,35.3279991149902,0.0242970008403063,0,111.466697692871,-86.2467,24.7277,17.7844532912782,63,63,63,63,61,63,0,8279,1.45687144005964,25,-86,0.001869,51,2025-01-01 22:54:10.002439,522,1.037,0.0011,"aoml_navis",1029.31629263745
"7901009",57,0,1,0.026166,1,0.003738,1,115.340878161003,1,4.85754859363227,524,1,11.2639999389648,35.326000213623,0.0261659994721413,0,111.223602294922,-86.2467,24.7277,17.7844532912782,63,63,63,63,61,63,0,8279,1.45687144005964,25,-86,0.001869,51,2025-01-01 22:54:10.002439,524,1.037,0.0011,"aoml_navis",1029.32578102347
"7901009",57,0,1,0.026166,1,0.003738,1,115.369708831247,1,4.85747543984503,526,1,11.2019996643066,35.3190002441406,0.0261659994721413,0,111.251403808594,-86.2467,24.7277,17.7844532912782,63,63,63,63,61,63,0,8279,1.45687144005964,25,-86,0.001869,51,2025-01-01 22:54:10.002439,526,1.037,0.0011,"aoml_navis",1029.34128271362
"7901009",57,0,1,0.026166,1,0.003738,1,115.550454347637,1,4.85741702784669,528,1,11.1599998474121,35.3129997253418,0.0261659994721413,0,111.42569732666,-86.2467,24.7277,17.7844532912782,63,63,63,63,61,63,0,8279,1.45687144005964,25,-86,0.001869,51,2025-01-01 22:54:10.002439,528,1.037,0.0011,"aoml_navis",1029.35366087283
"7901009",57,0,1,0.022428,1,0,1,115.733383526208,1,4.85736506195024,530,1,11.125,35.306999206543,0.0224280003458261,0,111.602096557617,-86.2467,24.7277,17.7844532912782,63,63,63,63,61,63,0,8279,1.45687144005964,25,-86,0.001869,51,2025-01-01 22:54:10.002439,530,1.037,0.0011,"aoml_navis",1029.3646732808
"7901009",57,0,1,0.026166,1,0.003738,1,116.219018918702,1,4.85730233274234,532,1,11.0620002746582,35.2970008850098,0.0261659994721413,0,112.07039642334,-86.2467,24.7277,17.7844532912782,63,63,63,63,61,63,0,8279,1.45687144005964,25,-86,0.001869,51,2025-01-01 22:54:10.002439,532,1.037,0.0011,"aoml_navis",1029.37796692122
"7901009",57,0,1,0.022428,1,0,1,116.30965672285,1,4.85722983476707,534,1,10.9879999160767,35.2869987487793,0.0224280003458261,0,112.15779876709,-86.2467,24.7277,17.7844532912782,63,63,63,63,61,63,0,8279,1.45687144005964,25,-86,0.001869,51,2025-01-01 22:54:10.002439,534,1.037,0.0011,"aoml_navis",1029.39333119693
"7901009",57,0,1,0.026166,1,0.003738,1,116.303438032726,1,4.85717450603953,536,1,10.9490003585815,35.2809982299805,0.0261659994721413,0,112.151802062988,-86.2467,24.7277,17.7844532912782,63,63,63,63,61,63,0,8279,1.45687144005964,25,-86,0.001869,51,2025-01-01 22:54:10.002439,536,1.037,0.0011,"aoml_navis",1029.4050571547
"7901009",57,0,1,0.029904,1,0.007476,1,116.208337962382,1,4.85712904186226,538,1,10.9289999008179,35.2770004272461,0.0299040004611015,0,112.060096740723,-86.2467,24.7277,17.7844532912782,63,63,63,63,61,63,0,8279,1.45687144005964,25,-86,0.001869,51,2025-01-01 22:54:10.002439,538,1.037,0.0011,"aoml_navis",1029.41469269323
"7901009",57,0,1,0.026166,1,0.003738,1,116.041999869295,1,4.85707988352857,540,1,10.9130001068115,35.2750015258789,0.0261659994721413,0,111.899696350098,-86.2467,24.7277,17.7844532912782,63,63,63,63,61,63,0,8279,1.45687144005964,25,-86,0.001869,51,2025-01-01 22:54:10.002439,540,1.037,0.0011,"aoml_navis",1029.42511136292
"7901009",57,0,1,0.026166,1,0.003738,1,115.784098289178,1,4.8570291126252,542,1,10.8830003738403,35.2700004577637,0.0261659994721413,0,111.651000976562,-86.2467,24.7277,17.7844532912782,63,63,63,63,61,63,0,8279,1.45687144005964,25,-86,0.001869,51,2025-01-01 22:54:10.002439,542,1.037,0.0011,"aoml_navis",1029.43587202374
"7901009",57,0,1,0.022428,1,0,1,115.662248357117,1,4.85696772076567,544,1,10.8330001831055,35.2630004882812,0.0224280003458261,0,111.533500671387,-86.2467,24.7277,17.7844532912782,63,63,63,63,61,63,0,8279,1.45687144005964,25,-86,0.001869,51,2025-01-01 22:54:10.002439,544,1.037,0.0011,"aoml_navis",1029.44888404813
"7901009",57,0,1,0.020559,1,-0.001869,1,115.499850350139,1,4.8569142138351,546,1,10.8079996109009,35.2599983215332,0.020558999851346,0,111.376899719238,-86.2467,24.7277,17.7844532912782,63,63,63,63,61,63,0,8279,1.45687144005964,25,-86,0.001869,51,2025-01-01 22:54:10.002439,546,1.037,0.0011,"aoml_navis",1029.46022512758
"7901009",57,0,1,0.028035,1,0.005607,1,115.309768886744,1,4.8568705773718,548,1,10.793999671936,35.2569999694824,0.0280349999666214,0,111.193603515625,-86.2467,24.7277,17.7844532912782,63,63,63,63,61,63,0,8279,1.45687144005964,25,-86,0.001869,51,2025-01-01 22:54:10.002439,548,1.037,0.0011,"aoml_navis",1029.46947429381
"7901009",57,0,1,0.028035,1,0.005607,1,115.004364742372,1,4.85682897872852,550,1,10.7700004577637,35.2509994506836,0.0280349999666214,0,110.899101257324,-86.2467,24.7277,17.7844532912782,63,63,63,63,61,63,0,8279,1.45687144005964,25,-86,0.001869,51,2025-01-01 22:54:10.002439,550,1.037,0.0011,"aoml_navis",1029.47829167931
"7901009",57,0,1,0.028035,1,0.005607,1,114.943388349515,1,4.85675140654772,552,1,10.6770000457764,35.2379989624023,0.0280349999666214,0,110.840301513672,-86.2467,24.7277,17.7844532912782,63,63,63,63,61,63,0,8279,1.45687144005964,25,-86,0.001869,51,2025-01-01 22:54:10.002439,552,1.037,0.0011,"aoml_navis",1029.49473453781
"7901009",57,0,1,0.029904,1,0.007476,1,114.848082571864,1,4.85667942191109,554,1,10.5939998626709,35.226001739502,0.0299040004611015,0,110.748397827148,-86.2467,24.7277,17.7844532912782,63,63,63,63,61,63,0,8279,1.45687144005964,25,-86,0.001869,51,2025-01-01 22:54:10.002439,554,1.037,0.0011,"aoml_navis",1029.50999348285
"7901009",57,0,1,0.028035,1,0.005607,1,114.875251760014,1,4.85659942884561,556,1,10.5139999389648,35.2169990539551,0.0280349999666214,0,110.774597167969,-86.2467,24.7277,17.7844532912782,63,63,63,63,61,63,0,8279,1.45687144005964,25,-86,0.001869,51,2025-01-01 22:54:10.002439,556,1.037,0.0011,"aoml_navis",1029.52695054541
"7901009",57,0,1,0.024297,1,0.001869,1,114.843833924795,1,4.8565545706524,558,1,10.4860000610352,35.2109985351562,0.0242970008403063,0,110.744300842285,-86.2467,24.7277,17.7844532912782,63,63,63,63,61,63,0,8279,1.45687144005964,25,-86,0.001869,51,2025-01-01 22:54:10.002439,558,1.037,0.0011,"aoml_navis",1029.53645990399
"7901009",57,0,1,0.026166,1,0.003738,1,114.813238918803,1,4.85650018270981,560,1,10.4429998397827,35.2039985656738,0.0261659994721413,0,110.714797973633,-86.2467,24.7277,17.7844532912782,63,63,63,63,61,63,0,8279,1.45687144005964,25,-86,0.001869,51,2025-01-01 22:54:10.002439,560,1.037,0.0011,"aoml_navis",1029.54798968218
"7901009",57,0,1,0.028035,1,0.005607,1,114.852441984407,1,4.85643664665842,562,1,10.3769998550415,35.1940002441406,0.0280349999666214,0,110.752601623535,-86.2467,24.7277,17.7844532912782,63,63,63,63,61,63,0,8279,1.45687144005964,25,-86,0.001869,51,2025-01-01 22:54:10.002439,562,1.037,0.0011,"aoml_navis",1029.56145910816
"7901009",57,0,1,0.024297,1,0.001869,1,114.837718088324,1,4.8563824572923,564,1,10.3339996337891,35.1870002746582,0.0242970008403063,0,110.738403320312,-86.2467,24.7277,17.7844532912782,63,63,63,63,61,63,0,8279,1.45687144005964,25,-86,0.001869,51,2025-01-01 22:54:10.002439,564,1.037,0.0011,"aoml_navis",1029.57294734727
"7901009",57,0,1,0.033642,1,0.011214,1,114.736913596124,1,4.85633382204134,566,1,10.3140001296997,35.1839981079102,0.0336420014500618,0,110.64119720459,-86.2467,24.7277,17.7844532912782,63,63,63,63,61,63,0,8279,1.45687144005964,25,-86,0.001869,51,2025-01-01 22:54:10.002439,566,1.037,0.0011,"aoml_navis",1029.58325832269
"7901009",57,0,1,0.024297,1,0.001869,1,114.560108165843,1,4.85628622518856,568,1,10.2910003662109,35.1800003051758,0.0242970008403063,0,110.470703125,-86.2467,24.7277,17.7844532912782,63,63,63,63,61,63,0,8279,1.45687144005964,25,-86,0.001869,51,2025-01-01 22:54:10.002439,568,1.037,0.0011,"aoml_navis",1029.5933493512
"7901009",57,0,1,0.028035,1,0.005607,1,114.369813083321,1,4.85623587390749,570,1,10.2690000534058,35.1769981384277,0.0280349999666214,0,110.287200927734,-86.2467,24.7277,17.7844532912782,63,63,63,63,61,63,0,8279,1.45687144005964,25,-86,0.001869,51,2025-01-01 22:54:10.002439,570,1.037,0.0011,"aoml_navis",1029.60402456251
"7901009",57,0,1,0.022428,1,0,1,114.28156464866,1,4.85617610324695,572,1,10.2320003509521,35.1730003356934,0.0224280003458261,0,110.202102661133,-86.2467,24.7277,17.7844532912782,63,63,63,63,61,63,0,8279,1.45687144005964,25,-86,0.001869,51,2025-01-01 22:54:10.002439,572,1.037,0.0011,"aoml_navis",1029.61669710802
"7901009",57,0,1,0.028035,1,0.005607,1,114.243089470451,1,4.85611553108694,574,1,10.1940002441406,35.1689987182617,0.0280349999666214,0,110.165000915527,-86.2467,24.7277,17.7844532912782,63,63,63,63,61,63,0,8279,1.45687144005964,25,-86,0.001869,51,2025-01-01 22:54:10.002439,574,1.037,0.0011,"aoml_navis",1029.62953990529
"7901009",57,0,1,0.031773,1,0.009345,1,114.253351100337,1,4.85605692839727,576,1,10.1540002822876,35.1640014648438,0.0317730009555817,0,110.174896240234,-86.2467,24.7277,17.7844532912782,63,63,63,63,61,63,0,8279,1.45687144005964,25,-86,0.001869,51,2025-01-01 22:54:10.002439,576,1.037,0.0011,"aoml_navis",1029.64196543104
"7901009",57,0,1,0.029904,1,0.007476,1,114.228468428022,1,4.8560004273069,578,1,10.128999710083,35.1619987487793,0.0299040004611015,0,110.150901794434,-86.2467,24.7277,17.7844532912782,63,63,63,63,61,63,0,8279,1.45687144005964,25,-86,0.001869,51,2025-01-01 22:54:10.002439,578,1.037,0.0011,"aoml_navis",1029.65394563875
"7901009",57,0,1,0.029904,1,0.007476,1,114.174232905375,1,4.85595000443394,580,1,10.1110000610352,35.1599998474121,0.0299040004611015,0,110.098602294922,-86.2467,24.7277,17.7844532912782,63,63,63,63,61,63,0,8279,1.45687144005964,25,-86,0.001869,51,2025-01-01 22:54:10.002439,580,1.037,0.0011,"aoml_navis",1029.66463728715
"7901009",57,0,1,0.029904,1,0.007476,1,113.893402872359,1,4.8559070018303,582,1,10.1099996566772,35.1599998474121,0.0299040004611015,0,109.827796936035,-86.2467,24.7277,17.7844532912782,63,63,63,63,61,63,0,8279,1.45687144005964,25,-86,0.001869,51,2025-01-01 22:54:10.002439,582,1.037,0.0011,"aoml_navis",1029.67375571966
"7901009",57,0,1,0.026166,1,0.003738,1,113.571724115284,1,4.85586495738372,584,1,10.1269998550415,35.1640014648438,0.0261659994721413,0,109.517601013184,-86.2467,24.7277,17.7844532912782,63,63,63,63,61,63,0,8279,1.45687144005964,25,-86,0.001869,51,2025-01-01 22:54:10.002439,584,1.037,0.0011,"aoml_navis",1029.68267113712
"7901009",57,0,1,0.028035,1,0.005607,1,113.52122297144,1,4.85580780440917,586,1,10.0970001220703,35.1609992980957,0.0280349999666214,0,109.468902587891,-86.2467,24.7277,17.7844532912782,63,63,63,63,61,63,0,8279,1.45687144005964,25,-86,0.001869,51,2025-01-01 22:54:10.002439,586,1.037,0.0011,"aoml_navis",1029.6947905269
"7901009",57,0,1,0.028035,1,0.005607,1,113.410156849352,1,4.85575413507666,588,1,10.0710000991821,35.1580009460449,0.0280349999666214,0,109.361801147461,-86.2467,24.7277,17.7844532912782,63,63,63,63,61,63,0,8279,1.45687144005964,25,-86,0.001869,51,2025-01-01 22:54:10.002439,588,1.037,0.0011,"aoml_navis",1029.70617146394
"7901009",57,0,1,0.028035,1,0.005607,1,113.122174531511,1,4.85570700819126,590,1,10.0609998703003,35.1570014953613,0.0280349999666214,0,109.084098815918,-86.2467,24.7277,17.7844532912782,63,63,63,63,61,63,0,8279,1.45687144005964,25,-86,0.001869,51,2025-01-01 22:54:10.002439,590,1.037,0.0011,"aoml_navis",1029.71616523924
"7901009",57,0,1,0.029904,1,0.007476,1,112.76855575913,1,4.85565429192432,592,1,10.0530004501343,35.1580009460449,0.0299040004611015,0,108.743103027344,-86.2467,24.7277,17.7844532912782,63,63,63,63,61,63,0,8279,1.45687144005964,25,-86,0.001869,51,2025-01-01 22:54:10.002439,592,1.037,0.0011,"aoml_navis",1029.72734453434
"7901009",57,0,1,0.031773,1,0.009345,1,112.371374508603,1,4.85560890192881,594,1,10.0450000762939,35.1570014953613,0.0317730009555817,0,108.36009979248,-86.2467,24.7277,17.7844532912782,63,63,63,63,61,63,0,8279,1.45687144005964,25,-86,0.001869,51,2025-01-01 22:54:10.002439,594,1.037,0.0011,"aoml_navis",1029.7369703754
"7901009",57,0,1,0.029904,1,0.007476,1,112.129850394843,1,4.85554083812376,596,1,10.0150003433228,35.1570014953613,0.0299040004611015,0,108.127197265625,-86.2467,24.7277,17.7844532912782,63,63,63,63,61,63,0,8279,1.45687144005964,25,-86,0.001869,51,2025-01-01 22:54:10.002439,596,1.037,0.0011,"aoml_navis",1029.75140498088
"7901009",57,0,1,0.024297,1,0.001869,1,112.150903746523,1,4.85546958474206,598,1,9.96000003814697,35.1520004272461,0.0242970008403063,0,108.147499084473,-86.2467,24.7277,17.7844532912782,63,63,63,63,61,63,0,8279,1.45687144005964,25,-86,0.001869,51,2025-01-01 22:54:10.002439,598,1.037,0.0011,"aoml_navis",1029.7665164482
"7901009",57,0,1,0.029904,1,0.007476,1,112.32304911512,1,4.85540858997796,600,1,9.9040002822876,35.1440010070801,0.0299040004611015,0,108.313499450684,-86.2467,24.7277,17.7844532912782,63,63,63,63,61,63,0,8279,1.45687144005964,25,-86,0.001869,51,2025-01-01 22:54:10.002439,600,1.037,0.0011,"aoml_navis",1029.77945261301
"7901009",57,0,1,0.026166,1,0.003738,1,112.604393416404,1,4.85535286952508,602,1,9.85400009155273,35.1360015869141,0.0261659994721413,0,108.584800720215,-86.2467,24.7277,17.7844532912782,63,63,63,63,61,63,0,8279,1.45687144005964,25,-86,0.001869,51,2025-01-01 22:54:10.002439,602,1.037,0.0011,"aoml_navis",1029.7912704518
"7901009",57,0,1,0.026166,1,0.003738,1,113.213326603927,1,4.85526494014426,604,1,9.73600006103516,35.1209983825684,0.0261659994721413,0,109.171997070312,-86.2467,24.7277,17.7844532912782,63,63,63,63,61,63,0,8279,1.45687144005964,25,-86,0.001869,51,2025-01-01 22:54:10.002439,604,1.037,0.0011,"aoml_navis",1029.8099200847
"7901009",57,0,1,0.029904,1,0.007476,1,113.584477968312,1,4.85520079578143,606,1,9.66699981689453,35.1110000610352,0.0299040004611015,0,109.529899597168,-86.2467,24.7277,17.7844532912782,63,63,63,63,61,63,0,8279,1.45687144005964,25,-86,0.001869,51,2025-01-01 22:54:10.002439,606,1.037,0.0011,"aoml_navis",1029.82352539248
"7901009",57,0,1,0.022428,1,0,1,113.777051654848,1,4.855133784728,608,1,9.59000015258789,35.0999984741211,0.0224280003458261,0,109.715599060059,-86.2467,24.7277,17.7844532912782,63,63,63,63,61,63,0,8279,1.45687144005964,25,-86,0.001869,51,2025-01-01 22:54:10.002439,608,1.037,0.0011,"aoml_navis",1029.83773912218
"7901009",57,0,1,0.028035,1,0.005607,1,113.827244237732,1,4.85508738968982,610,1,9.57199954986572,35.0970001220703,0.0280349999666214,0,109.763999938965,-86.2467,24.7277,17.7844532912782,63,63,63,63,61,63,0,8279,1.45687144005964,25,-86,0.001869,51,2025-01-01 22:54:10.002439,610,1.037,0.0011,"aoml_navis",1029.84758021409
"7901009",57,0,1,0.028035,1,0.005607,1,113.806507358833,1,4.85504324512384,612,1,9.56099987030029,35.0950012207031,0.0280349999666214,0,109.744003295898,-86.2467,24.7277,17.7844532912782,63,63,63,63,61,63,0,8279,1.45687144005964,25,-86,0.001869,51,2025-01-01 22:54:10.002439,612,1.037,0.0011,"aoml_navis",1029.8569441213
"7901009",57,0,1,0.028035,1,0.005607,1,113.813659643657,1,4.85500049885406,614,1,9.55599975585938,35.0940017700195,0.0280349999666214,0,109.750900268555,-86.2467,24.7277,17.7844532912782,63,63,63,63,61,63,0,8279,1.45687144005964,25,-86,0.001869,51,2025-01-01 22:54:10.002439,614,1.037,0.0011,"aoml_navis",1029.86601158541
"7901009",57,0,1,0.026166,1,0.003738,1,113.864991528548,1,4.85495864762054,616,1,9.53899955749512,35.0900001525879,0.0261659994721413,0,109.800399780273,-86.2467,24.7277,17.7844532912782,63,63,63,63,61,63,0,8279,1.45687144005964,25,-86,0.001869,51,2025-01-01 22:54:10.002439,616,1.037,0.0011,"aoml_navis",1029.87488934649
"7901009",57,0,1,0.026166,1,0.003738,1,114.156597459718,1,4.85489362430655,618,1,9.47700023651123,35.0820007324219,0.0261659994721413,0,110.081596374512,-86.2467,24.7277,17.7844532912782,63,63,63,63,61,63,0,8279,1.45687144005964,25,-86,0.001869,51,2025-01-01 22:54:10.002439,618,1.037,0.0011,"aoml_navis",1029.88868282653
"7901009",57,0,1,0.024297,1,0.001869,1,114.413059088687,1,4.85482954521245,620,1,9.39400005340576,35.0690002441406,0.0242970008403063,0,110.328903198242,-86.2467,24.7277,17.7844532912782,63,63,63,63,61,63,0,8279,1.45687144005964,25,-86,0.001869,51,2025-01-01 22:54:10.002439,620,1.037,0.0011,"aoml_navis",1029.90227636946
"7901009",57,0,1,0.026166,1,0.003738,1,114.558027357315,1,4.8547654421929,622,1,9.3149995803833,35.056999206543,0.0261659994721413,0,110.468696594238,-86.2467,24.7277,17.7844532912782,63,63,63,63,61,63,0,8279,1.45687144005964,25,-86,0.001869,51,2025-01-01 22:54:10.002439,622,1.037,0.0011,"aoml_navis",1029.9158753469
"7901009",57,0,1,0.024297,1,0.001869,1,114.620150963999,1,4.85471279575224,624,1,9.27600002288818,35.0509986877441,0.0242970008403063,0,110.528602600098,-86.2467,24.7277,17.7844532912782,63,63,63,63,61,63,0,8279,1.45687144005964,25,-86,0.001869,51,2025-01-01 22:54:10.002439,624,1.037,0.0011,"aoml_navis",1029.92704416518
"7901009",57,0,1,0.029904,1,0.007476,1,114.595363233518,1,4.85466578656478,626,1,9.25699996948242,35.0480003356934,0.0299040004611015,0,110.504699707031,-86.2467,24.7277,17.7844532912782,63,63,63,63,61,63,0,8279,1.45687144005964,25,-86,0.001869,51,2025-01-01 22:54:10.002439,626,1.037,0.0011,"aoml_navis",1029.93701725821
"7901009",57,0,1,0.029904,1,0.007476,1,114.609050681246,1,4.85461252451505,628,1,9.22599983215332,35.0439987182617,0.0299040004611015,0,110.51789855957,-86.2467,24.7277,17.7844532912782,63,63,63,63,61,63,0,8279,1.45687144005964,25,-86,0.001869,51,2025-01-01 22:54:10.002439,628,1.037,0.0011,"aoml_navis",1029.94831714184
"7901009",57,0,1,0.029904,1,0.007476,1,114.682678073477,1,4.85454889717001,630,1,9.17800045013428,35.0390014648438,0.0299040004611015,0,110.588897705078,-86.2467,24.7277,17.7844532912782,63,63,63,63,61,63,0,8279,1.45687144005964,25,-86,0.001869,51,2025-01-01 22:54:10.002439,630,1.037,0.0011,"aoml_navis",1029.96181641404
"7901009",57,0,1,0.028035,1,0.005607,1,114.699166305307,1,4.85449866961782,632,1,9.15499973297119,35.0359992980957,0.0280349999666214,0,110.604797363281,-86.2467,24.7277,17.7844532912782,63,63,63,63,61,63,0,8279,1.45687144005964,25,-86,0.001869,51,2025-01-01 22:54:10.002439,632,1.037,0.0011,"aoml_navis",1029.97247301617
"7901009",57,0,1,0.026166,1,0.003738,1,114.776630929994,1,4.8544299448272,634,1,9.11400032043457,35.0340003967285,0.0261659994721413,0,110.679496765137,-86.2467,24.7277,17.7844532912782,63,63,63,63,61,63,0,8279,1.45687144005964,25,-86,0.001869,51,2025-01-01 22:54:10.002439,634,1.037,0.0011,"aoml_navis",1029.98705446927
"7901009",57,0,1,0.029904,1,0.007476,1,114.737641483517,1,4.85438103074476,636,1,9.09700012207031,35.0320014953613,0.0299040004611015,0,110.641899108887,-86.2467,24.7277,17.7844532912782,63,63,63,63,61,63,0,8279,1.45687144005964,25,-86,0.001869,51,2025-01-01 22:54:10.002439,636,1.037,0.0011,"aoml_navis",1029.99743290297
"7901009",57,0,1,0.028035,1,0.005607,1,114.693675502577,1,4.85433670080736,638,1,9.09000015258789,35.0309982299805,0.0280349999666214,0,110.599502563477,-86.2467,24.7277,17.7844532912782,63,63,63,63,61,63,0,8279,1.45687144005964,25,-86,0.001869,51,2025-01-01 22:54:10.002439,638,1.037,0.0011,"aoml_navis",1030.0068388681
"7901009",57,0,1,0.031773,1,0.009345,1,114.634146972688,1,4.85429520407995,640,1,9.08199977874756,35.0289993286133,0.0317730009555817,0,110.542098999023,-86.2467,24.7277,17.7844532912782,63,63,63,63,61,63,0,8279,1.45687144005964,25,-86,0.001869,51,2025-01-01 22:54:10.002439,640,1.037,0.0011,"aoml_navis",1030.01564383591
"7901009",57,0,1,0.028035,1,0.005607,1,114.598891905013,1,4.85424751150043,642,1,9.0620002746582,35.0260009765625,0.0280349999666214,0,110.508102416992,-86.2467,24.7277,17.7844532912782,63,63,63,63,61,63,0,8279,1.45687144005964,25,-86,0.001869,51,2025-01-01 22:54:10.002439,642,1.037,0.0011,"aoml_navis",1030.02576365425
"7901009",57,0,1,0.026166,1,0.003738,1,114.699791339047,1,4.8541690051704,644,1,8.98200035095215,35.0180015563965,0.0261659994721413,0,110.605400085449,-86.2467,24.7277,17.7844532912782,63,63,63,63,61,63,0,8279,1.45687144005964,25,-86,0.001869,51,2025-01-01 22:54:10.002439,644,1.037,0.0011,"aoml_navis",1030.0424222301
"7901009",57,0,1,0.028035,1,0.005607,1,114.813033211496,1,4.8540911896576,646,1,8.9069995880127,35.0110015869141,0.0280349999666214,0,110.714599609375,-86.2467,24.7277,17.7844532912782,63,63,63,63,61,63,0,8279,1.45687144005964,25,-86,0.001869,51,2025-01-01 22:54:10.002439,646,1.037,0.0011,"aoml_navis",1030.0589347504
"7901009",57,0,1,0.026166,1,0.003738,1,114.814591839937,1,4.85403225618954,648,1,8.8730001449585,35.007999420166,0.0261659994721413,0,110.716102600098,-86.2467,24.7277,17.7844532912782,63,63,63,63,61,63,0,8279,1.45687144005964,25,-86,0.001869,51,2025-01-01 22:54:10.002439,648,1.037,0.0011,"aoml_navis",1030.0714408365
"7901009",57,0,1,0.033642,1,0.011214,1,114.794266375651,1,4.85396968490131,650,1,8.83899974822998,35.0060005187988,0.0336420014500618,0,110.696502685547,-86.2467,24.7277,17.7844532912782,63,63,63,63,61,63,0,8279,1.45687144005964,25,-86,0.001869,51,2025-01-01 22:54:10.002439,650,1.037,0.0011,"aoml_navis",1030.08471922536
"7901009",57,0,1,0.029904,1,0.007476,1,114.733289982794,1,4.85391808720096,652,1,8.82299995422363,35.0050010681152,0.0299040004611015,0,110.637702941895,-86.2467,24.7277,17.7844532912782,63,63,63,63,61,63,0,8279,1.45687144005964,25,-86,0.001869,51,2025-01-01 22:54:10.002439,652,1.037,0.0011,"aoml_navis",1030.09566914288
"7901009",57,0,1,0.028035,1,0.005607,1,114.70352571785,1,4.85386568759959,654,1,8.80599975585938,35.0040016174316,0.0280349999666214,0,110.609001159668,-86.2467,24.7277,17.7844532912782,63,63,63,63,61,63,0,8279,1.45687144005964,25,-86,0.001869,51,2025-01-01 22:54:10.002439,654,1.037,0.0011,"aoml_navis",1030.10678947581
"7901009",57,0,1,0.029904,1,0.007476,1,114.640476428285,1,4.85380638893487,656,1,8.78499984741211,35.0040016174316,0.0299040004611015,0,110.548202514648,-86.2467,24.7277,17.7844532912782,63,63,63,63,61,63,0,8279,1.45687144005964,25,-86,0.001869,51,2025-01-01 22:54:10.002439,656,1.037,0.0011,"aoml_navis",1030.11937422935
"7901009",57,0,1,0.026166,1,0.003738,1,114.590078138094,1,4.85376086754846,658,1,8.7810001373291,35.0040016174316,0.0261659994721413,0,110.499603271484,-86.2467,24.7277,17.7844532912782,63,63,63,63,61,63,0,8279,1.45687144005964,25,-86,0.001869,51,2025-01-01 22:54:10.002439,658,1.037,0.0011,"aoml_navis",1030.12903528669
"7901009",57,0,1,0.029904,1,0.007476,1,114.514892117422,1,4.85371372777807,660,1,8.77499961853027,35.0040016174316,0.0299040004611015,0,110.427101135254,-86.2467,24.7277,17.7844532912782,63,63,63,63,61,63,0,8279,1.45687144005964,25,-86,0.001869,51,2025-01-01 22:54:10.002439,660,1.037,0.0011,"aoml_navis",1030.13904000657
"7901009",57,0,1,0.029904,1,0.007476,1,114.475071929898,1,4.85365813498038,662,1,8.75399971008301,35.0029983520508,0.0299040004611015,0,110.388702392578,-86.2467,24.7277,17.7844532912782,63,63,63,63,61,63,0,8279,1.45687144005964,25,-86,0.001869,51,2025-01-01 22:54:10.002439,662,1.037,0.0011,"aoml_navis",1030.15083900634
"7901009",57,0,1,0.028035,1,0.005607,1,114.446755527921,1,4.85360776722222,664,1,8.74400043487549,35.0029983520508,0.0280349999666214,0,110.361396789551,-86.2467,24.7277,17.7844532912782,63,63,63,63,61,63,0,8279,1.45687144005964,25,-86,0.001869,51,2025-01-01 22:54:10.002439,664,1.037,0.0011,"aoml_navis",1030.16152927857
"7901009",57,0,1,0.031773,1,0.009345,1,114.391483556921,1,4.85356349747905,666,1,8.73700046539307,35.0019989013672,0.0317730009555817,0,110.308097839355,-86.2467,24.7277,17.7844532912782,63,63,63,63,61,63,0,8279,1.45687144005964,25,-86,0.001869,51,2025-01-01 22:54:10.002439,666,1.037,0.0011,"aoml_navis",1030.17092546477
"7901009",57,0,1,0.028035,1,0.005607,1,114.323869147507,1,4.8535082870936,668,1,8.7209997177124,35.0019989013672,0.0280349999666214,0,110.242897033691,-86.2467,24.7277,17.7844532912782,63,63,63,63,61,63,0,8279,1.45687144005964,25,-86,0.001869,51,2025-01-01 22:54:10.002439,668,1.037,0.0011,"aoml_navis",1030.18264402596
"7901009",57,0,1,0.028035,1,0.005607,1,114.381736195301,1,4.85343250420649,670.099975585938,1,8.67300033569336,35,0.0280349999666214,0,110.298698425293,-86.2467,24.7277,17.7844532912782,63,63,63,63,61,63,0,8279,1.45687144005964,25,-86,0.001869,51,2025-01-01 22:54:10.002439,670.099975585938,1.037,0.0011,"aoml_navis",1030.19872959323
"7901009",57,0,1,0.026166,1,0.003738,1,114.391483556921,1,4.85338230985401,672,1,8.6560001373291,34.9990005493164,0.0261659994721413,0,110.308097839355,-86.2467,24.7277,17.7844532912782,63,63,63,63,61,63,0,8279,1.45687144005964,25,-86,0.001869,51,2025-01-01 22:54:10.002439,672,1.037,0.0011,"aoml_navis",1030.20938405126
"7901009",57,0,1,0.026166,1,0.003738,1,114.441984700765,1,4.85333484019336,674,1,8.64500045776367,34.9980010986328,0.0261659994721413,0,110.356796264648,-86.2467,24.7277,17.7844532912782,63,63,63,63,61,63,0,8279,1.45687144005964,25,-86,0.001869,51,2025-01-01 22:54:10.002439,674,1.037,0.0011,"aoml_navis",1030.21946035786
"7901009",57,0,1,0.031773,1,0.009345,1,114.415337692702,1,4.85329139678313,676,1,8.63899993896484,34.9970016479492,0.0317730009555817,0,110.331100463867,-86.2467,24.7277,17.7844532912782,63,63,63,63,61,63,0,8279,1.45687144005964,25,-86,0.001869,51,2025-01-01 22:54:10.002439,676,1.037,0.0011,"aoml_navis",1030.22868219166
"7901009",57,0,1,0.028035,1,0.005607,1,114.427466511989,1,4.85324750454026,678,1,8.63700008392334,34.9970016479492,0.0280349999666214,0,110.342796325684,-86.2467,24.7277,17.7844532912782,63,63,63,63,61,63,0,8279,1.45687144005964,25,-86,0.001869,51,2025-01-01 22:54:10.002439,678,1.037,0.0011,"aoml_navis",1030.23799946787
"7901009",57,0,1,0.031773,1,0.009345,1,114.422284270219,1,4.85320810231291,680,1,8.63599967956543,34.9959983825684,0.0317730009555817,0,110.337799072266,-86.2467,24.7277,17.7844532912782,63,63,63,63,61,63,0,8279,1.45687144005964,25,-86,0.001869,51,2025-01-01 22:54:10.002439,680,1.037,0.0011,"aoml_navis",1030.24636376444
"7901009",57,0,1,0.028035,1,0.005607,1,114.429127994084,1,4.85316431123684,682,1,8.625,34.9939994812012,0.0280349999666214,0,110.344398498535,-86.2467,24.7277,17.7844532912782,63,63,63,63,61,63,0,8279,1.45687144005964,25,-86,0.001869,51,2025-01-01 22:54:10.002439,682,1.037,0.0011,"aoml_navis",1030.25565988425
"7901009",57,0,1,0.031773,1,0.009345,1,114.494147326703,1,4.85310123991044,684,1,8.59000015258789,34.992000579834,0.0317730009555817,0,110.407096862793,-86.2467,24.7277,17.7844532912782,63,63,63,63,61,63,0,8279,1.45687144005964,25,-86,0.001869,51,2025-01-01 22:54:10.002439,684,1.037,0.0011,"aoml_navis",1030.26904917654
"7901009",57,0,1,0.026166,1,0.003738,1,114.612057172654,1,4.85304256417315,686,1,8.5649995803833,34.9910011291504,0.0261659994721413,0,110.520797729492,-86.2467,24.7277,17.7844532912782,63,63,63,63,61,63,0,8279,1.45687144005964,25,-86,0.001869,51,2025-01-01 22:54:10.002439,686,1.037,0.0011,"aoml_navis",1030.28150565003
"7901009",57,0,1,0.028035,1,0.005607,1,114.70870795962,1,4.8529936700636,688,1,8.54300022125244,34.9879989624023,0.0280349999666214,0,110.613998413086,-86.2467,24.7277,17.7844532912782,63,63,63,63,61,63,0,8279,1.45687144005964,25,-86,0.001869,51,2025-01-01 22:54:10.002439,688,1.037,0.0011,"aoml_navis",1030.2918857783
"7901009",57,0,1,0.029904,1,0.007476,1,114.899936636842,1,4.85293198371382,690,1,8.50500011444092,34.9850006103516,0.0299040004611015,0,110.798400878906,-86.2467,24.7277,17.7844532912782,63,63,63,63,61,63,0,8279,1.45687144005964,25,-86,0.001869,51,2025-01-01 22:54:10.002439,690,1.037,0.0011,"aoml_navis",1030.30498197373
"7901009",57,0,1,0.029904,1,0.007476,1,115.149855191087,1,4.85286575139529,692,1,8.45199966430664,34.9799995422363,0.0299040004611015,0,111.039398193359,-86.2467,24.7277,17.7844532912782,63,63,63,63,61,63,0,8279,1.45687144005964,25,-86,0.001869,51,2025-01-01 22:54:10.002439,692,1.037,0.0011,"aoml_navis",1030.31904366248
"7901009",57,0,1,0.029904,1,0.007476,1,115.430163044017,1,4.85280520443956,694,1,8.4060001373291,34.9749984741211,0.0299040004611015,0,111.309700012207,-86.2467,24.7277,17.7844532912782,63,63,63,63,61,63,0,8279,1.45687144005964,25,-86,0.001869,51,2025-01-01 22:54:10.002439,694,1.037,0.0011,"aoml_navis",1030.33189863582
"7901009",57,0,1,0.028035,1,0.005607,1,115.74935748977,1,4.85272888602023,696,1,8.34000015258789,34.9700012207031,0.0280349999666214,0,111.617500305176,-86.2467,24.7277,17.7844532912782,63,63,63,63,61,63,0,8279,1.45687144005964,25,-86,0.001869,51,2025-01-01 22:54:10.002439,696,1.037,0.0011,"aoml_navis",1030.3481025705
"7901009",57,0,1,0.029904,1,0.007476,1,115.988389380389,1,4.85266540160891,698,1,8.28999996185303,34.9650001525879,0.0299040004611015,0,111.847999572754,-86.2467,24.7277,17.7844532912782,63,63,63,63,61,63,0,8279,1.45687144005964,25,-86,0.001869,51,2025-01-01 22:54:10.002439,698,1.037,0.0011,"aoml_navis",1030.3615819756
"7901009",57,0,1,0.029904,1,0.007476,1,116.103292734931,1,4.85261306045665,700,1,8.26799964904785,34.9630012512207,0.0299040004611015,0,111.958801269531,-86.2467,24.7277,17.7844532912782,63,63,63,63,61,63,0,8279,1.45687144005964,25,-86,0.001869,51,2025-01-01 22:54:10.002439,700,1.037,0.0011,"aoml_navis",1030.37269563988
"7901009",57,0,1,0.026166,1,0.003738,1,116.222136175583,1,4.85256496451467,701.900024414062,1,8.24400043487549,34.9599990844727,0.0261659994721413,0,112.073402404785,-86.2467,24.7277,17.7844532912782,63,63,63,63,61,63,0,8279,1.45687144005964,25,-86,0.001869,51,2025-01-01 22:54:10.002439,701.900024414062,1.037,0.0011,"aoml_navis",1030.38290812456
"7901009",57,0,1,0.031773,1,0.009345,1,116.252209001488,1,4.85251238297344,704,1,8.22900009155273,34.9589996337891,0.0317730009555817,0,112.102401733398,-86.2467,24.7277,17.7844532912782,63,63,63,63,61,63,0,8279,1.45687144005964,25,-86,0.001869,51,2025-01-01 22:54:10.002439,704,1.037,0.0011,"aoml_navis",1030.39407329368
"7901009",57,0,1,0.029904,1,0.007476,1,116.306958792402,1,4.85247110475531,706,1,8.2209997177124,34.9570007324219,0.0299040004611015,0,112.155197143555,-86.2467,24.7277,17.7844532912782,63,63,63,63,61,63,0,8279,1.45687144005964,25,-86,0.001869,51,2025-01-01 22:54:10.002439,706,1.037,0.0011,"aoml_navis",1030.4028384837
"7901009",57,0,1,0.029904,1,0.007476,1,116.41926707015,1,4.85240624855811,708,1,8.18299961090088,34.9550018310547,0.0299040004611015,0,112.263496398926,-86.2467,24.7277,17.7844532912782,63,63,63,63,61,63,0,8279,1.45687144005964,25,-86,0.001869,51,2025-01-01 22:54:10.002439,708,1.037,0.0011,"aoml_navis",1030.41661062195
"7901009",57,0,1,0.024297,1,0.001869,1,116.438350378775,1,4.85235661470724,710,1,8.16899967193604,34.9539985656738,0.0242970008403063,0,112.281898498535,-86.2467,24.7277,17.7844532912782,63,63,63,63,61,63,0,8279,1.45687144005964,25,-86,0.001869,51,2025-01-01 22:54:10.002439,710,1.037,0.0011,"aoml_navis",1030.42715056129
"7901009",57,0,1,0.026166,1,0.003738,1,116.417407792568,1,4.85231403429826,712,1,8.16399955749512,34.9529991149902,0.0261659994721413,0,112.261703491211,-86.2467,24.7277,17.7844532912782,63,63,63,63,61,63,0,8279,1.45687144005964,25,-86,0.001869,51,2025-01-01 22:54:10.002439,712,1.037,0.0011,"aoml_navis",1030.43619284692
"7901009",57,0,1,0.029904,1,0.007476,1,116.454530049644,1,4.85226856866051,714,1,8.15999984741211,34.9529991149902,0.0299040004611015,0,112.297500610352,-86.2467,24.7277,17.7844532912782,63,63,63,63,61,63,0,8279,1.45687144005964,25,-86,0.001869,51,2025-01-01 22:54:10.002439,714,1.037,0.0011,"aoml_navis",1030.44584800884
"7901009",57,0,1,0.026166,1,0.003738,1,116.538838398196,1,4.85221971662197,716,1,8.14700031280518,34.9519996643066,0.0261659994721413,0,112.378799438477,-86.2467,24.7277,17.7844532912782,63,63,63,63,61,63,0,8279,1.45687144005964,25,-86,0.001869,51,2025-01-01 22:54:10.002439,716,1.037,0.0011,"aoml_navis",1030.45622251437
"7901009",57,0,1,0.031773,1,0.009345,1,116.651977416991,1,4.85217610939654,718,1,8.13599967956543,34.9500007629395,0.0317730009555817,0,112.487899780273,-86.2467,24.7277,17.7844532912782,63,63,63,63,61,63,0,8279,1.45687144005964,25,-86,0.001869,51,2025-01-01 22:54:10.002439,718,1.037,0.0011,"aoml_navis",1030.46548337708
"7901009",57,0,1,0.029904,1,0.007476,1,116.878255454581,1,4.85211058732414,720,1,8.09700012207031,34.9480018615723,0.0299040004611015,0,112.706100463867,-86.2467,24.7277,17.7844532912782,63,63,63,63,61,63,0,8279,1.45687144005964,25,-86,0.001869,51,2025-01-01 22:54:10.002439,720,1.037,0.0011,"aoml_navis",1030.47939860691
"7901009",57,0,1,0.033642,1,0.011214,1,117.126931853165,1,4.85203766586955,722,1,8.03899955749512,34.9440002441406,0.0336420014500618,0,112.945899963379,-86.2467,24.7277,17.7844532912782,63,63,63,63,61,63,0,8279,1.45687144005964,25,-86,0.001869,51,2025-01-01 22:54:10.002439,722,1.037,0.0011,"aoml_navis",1030.49488572013
"7901009",57,0,1,0.026166,1,0.003738,1,117.280096766792,1,4.85198786845906,724,1,8.02000045776367,34.9420013427734,0.0261659994721413,0,113.093597412109,-86.2467,24.7277,17.7844532912782,63,63,63,63,61,63,0,8279,1.45687144005964,25,-86,0.001869,51,2025-01-01 22:54:10.002439,724,1.037,0.0011,"aoml_navis",1030.50546199901
"7901009",57,0,1,0.028035,1,0.005607,1,117.436070376339,1,4.85193731926357,726,1,8,34.939998626709,0.0280349999666214,0,113.244003295898,-86.2467,24.7277,17.7844532912782,63,63,63,63,61,63,0,8279,1.45687144005964,25,-86,0.001869,51,2025-01-01 22:54:10.002439,726,1.037,0.0011,"aoml_navis",1030.51619816863
"7901009",57,0,1,0.028035,1,0.005607,1,117.73929085853,1,4.85186327218159,728,1,7.94500017166138,34.9370002746582,0.0280349999666214,0,113.536399841309,-86.2467,24.7277,17.7844532912782,63,63,63,63,61,63,0,8279,1.45687144005964,25,-86,0.001869,51,2025-01-01 22:54:10.002439,728,1.037,0.0011,"aoml_navis",1030.53192547032
"7901009",57,0,1,0.028035,1,0.005607,1,117.906040366231,1,4.8518065707243,730,1,7.91699981689453,34.935001373291,0.0280349999666214,0,113.697196960449,-86.2467,24.7277,17.7844532912782,63,63,63,63,61,63,0,8279,1.45687144005964,25,-86,0.001869,51,2025-01-01 22:54:10.002439,730,1.037,0.0011,"aoml_navis",1030.54396895579
"7901009",57,0,1,0.026166,1,0.003738,1,118.129311912413,1,4.85175532746037,732,1,7.89599990844727,34.9329986572266,0.0261659994721413,0,113.912498474121,-86.2467,24.7277,17.7844532912782,63,63,63,63,61,63,0,8279,1.45687144005964,25,-86,0.001869,51,2025-01-01 22:54:10.002439,732,1.037,0.0011,"aoml_navis",1030.55485335392
"7901009",57,0,1,0.031773,1,0.009345,1,118.438133962807,1,4.85169290495356,734,1,7.85099983215332,34.9290008544922,0.0317730009555817,0,114.210296630859,-86.2467,24.7277,17.7844532912782,63,63,63,63,61,63,0,8279,1.45687144005964,25,-86,0.001869,51,2025-01-01 22:54:10.002439,734,1.037,0.0011,"aoml_navis",1030.56811260561
"7901009",57,0,1,0.029904,1,0.007476,1,118.711598091872,1,4.85163212191717,736,1,7.80800008773804,34.9249992370605,0.0299040004611015,0,114.473999023438,-86.2467,24.7277,17.7844532912782,63,63,63,63,61,63,0,8279,1.45687144005964,25,-86,0.001869,51,2025-01-01 22:54:10.002439,736,1.037,0.0011,"aoml_navis",1030.58102394297
"7901009",57,0,1,0.026166,1,0.003738,1,118.88799210754,1,4.85156635757061,738,1,7.76800012588501,34.9230003356934,0.0261659994721413,0,114.644096374512,-86.2467,24.7277,17.7844532912782,63,63,63,63,61,63,0,8279,1.45687144005964,25,-86,0.001869,51,2025-01-01 22:54:10.002439,738,1.037,0.0011,"aoml_navis",1030.59499375862
"7901009",57,0,1,0.031773,1,0.009345,1,119.073207801945,1,4.85151154753019,740,1,7.74700021743774,34.9220008850098,0.0317730009555817,0,114.822700500488,-86.2467,24.7277,17.7844532912782,63,63,63,63,61,63,0,8279,1.45687144005964,25,-86,0.001869,51,2025-01-01 22:54:10.002439,740,1.037,0.0011,"aoml_navis",1030.6066369244
"7901009",57,0,1,0.028035,1,0.005607,1,119.272933773306,1,4.85145967592131,742,1,7.72499990463257,34.9199981689453,0.0280349999666214,0,115.015296936035,-86.2467,24.7277,17.7844532912782,63,63,63,63,61,63,0,8279,1.45687144005964,25,-86,0.001869,51,2025-01-01 22:54:10.002439,742,1.037,0.0011,"aoml_navis",1030.61765612851
"7901009",57,0,1,0.028035,1,0.005607,1,119.46633820089,1,4.85141102228016,744,1,7.71199989318848,34.9189987182617,0.0280349999666214,0,115.201797485352,-86.2467,24.7277,17.7844532912782,63,63,63,63,61,63,0,8279,1.45687144005964,25,-86,0.001869,51,2025-01-01 22:54:10.002439,744,1.037,0.0011,"aoml_navis",1030.62799194656
"7901009",57,0,1,0.031773,1,0.009345,1,119.748204682261,1,4.85134999295667,746,1,7.67799997329712,34.9169998168945,0.0317730009555817,0,115.473602294922,-86.2467,24.7277,17.7844532912782,63,63,63,63,61,63,0,8279,1.45687144005964,25,-86,0.001869,51,2025-01-01 22:54:10.002439,746,1.037,0.0011,"aoml_navis",1030.64095710661
"7901009",57,0,1,0.029904,1,0.007476,1,119.994183150396,1,4.85129816508027,748,1,7.6560001373291,34.9150009155273,0.0299040004611015,0,115.710800170898,-86.2467,24.7277,17.7844532912782,63,63,63,63,61,63,0,8279,1.45687144005964,25,-86,0.001869,51,2025-01-01 22:54:10.002439,748,1.037,0.0011,"aoml_navis",1030.65196775372
"7901009",57,0,1,0.028035,1,0.005607,1,120.278328235782,1,4.8512541201992,750,1,7.64900016784668,34.9140014648438,0.0280349999666214,0,115.984802246094,-86.2467,24.7277,17.7844532912782,63,63,63,63,61,63,0,8279,1.45687144005964,25,-86,0.001869,51,2025-01-01 22:54:10.002439,750,1.037,0.0011,"aoml_navis",1030.66132511621
"7901009",57,0,1,0.026166,1,0.003738,1,120.677890943977,1,4.85119394895617,752,1,7.61600017547607,34.9119987487793,0.0261659994721413,0,116.370101928711,-86.2467,24.7277,17.7844532912782,63,63,63,63,61,63,0,8279,1.45687144005964,25,-86,0.001869,51,2025-01-01 22:54:10.002439,752,1.037,0.0011,"aoml_navis",1030.674108809
"7901009",57,0,1,0.029904,1,0.007476,1,121.124014709908,1,4.85113355872925,754,1,7.57299995422363,34.9080009460449,0.0299040004611015,0,116.800300598145,-86.2467,24.7277,17.7844532912782,63,63,63,63,61,63,0,8279,1.45687144005964,25,-86,0.001869,51,2025-01-01 22:54:10.002439,754,1.037,0.0011,"aoml_navis",1030.6869393449
"7901009",57,0,1,0.029904,1,0.007476,1,121.647294539565,1,4.85105444171328,756,1,7.51000022888184,34.9049987792969,0.0299040004611015,0,117.304901123047,-86.2467,24.7277,17.7844532912782,63,63,63,63,61,63,0,8279,1.45687144005964,25,-86,0.001869,51,2025-01-01 22:54:10.002439,756,1.037,0.0011,"aoml_navis",1030.70374906659
"7901009",57,0,1,0.028035,1,0.005607,1,122.071747831896,1,4.85098453462638,758,1,7.45900011062622,34.9020004272461,0.0280349999666214,0,117.714202880859,-86.2467,24.7277,17.7844532912782,63,63,63,63,61,63,0,8279,1.45687144005964,25,-86,0.001869,51,2025-01-01 22:54:10.002439,758,1.037,0.0011,"aoml_navis",1030.71860244244
"7901009",57,0,1,0.028035,1,0.005607,1,122.338882505364,1,4.85092302992922,760,1,7.41900014877319,34.898998260498,0.0280349999666214,0,117.971801757812,-86.2467,24.7277,17.7844532912782,63,63,63,63,61,63,0,8279,1.45687144005964,25,-86,0.001869,51,2025-01-01 22:54:10.002439,760,1.037,0.0011,"aoml_navis",1030.73167089047
"7901009",57,0,1,0.029904,1,0.007476,1,122.638582227879,1,4.85086766701026,762,1,7.39200019836426,34.8969993591309,0.0299040004611015,0,118.260803222656,-86.2467,24.7277,17.7844532912782,63,63,63,63,61,63,0,8279,1.45687144005964,25,-86,0.001869,51,2025-01-01 22:54:10.002439,762,1.037,0.0011,"aoml_navis",1030.74343462386
"7901009",57,0,1,0.029904,1,0.007476,1,122.914736375573,1,4.85081758618186,764,1,7.37200021743774,34.8950004577637,0.0299040004611015,0,118.527099609375,-86.2467,24.7277,17.7844532912782,63,63,63,63,61,63,0,8279,1.45687144005964,25,-86,0.001869,51,2025-01-01 22:54:10.002439,764,1.037,0.0011,"aoml_navis",1030.75407622894
"7901009",57,0,1,0.029904,1,0.007476,1,123.255917767707,1,4.85076077314733,766,1,7.34299993515015,34.8930015563965,0.0299040004611015,0,118.856101989746,-86.2467,24.7277,17.7844532912782,63,63,63,63,61,63,0,8279,1.45687144005964,25,-86,0.001869,51,2025-01-01 22:54:10.002439,766,1.037,0.0011,"aoml_navis",1030.7661486171
"7901009",57,0,1,0.028035,1,0.005607,1,123.630487038114,1,4.85070475602085,768,1,7.31500005722046,34.890998840332,0.0280349999666214,0,119.217300415039,-86.2467,24.7277,17.7844532912782,63,63,63,63,61,63,0,8279,1.45687144005964,25,-86,0.001869,51,2025-01-01 22:54:10.002439,768,1.037,0.0011,"aoml_navis",1030.77805215703
"7901009",57,0,1,0.028035,1,0.005607,1,124.05234525365,1,4.85065778552946,770,1,7.30399990081787,34.8899993896484,0.0280349999666214,0,119.624099731445,-86.2467,24.7277,17.7844532912782,63,63,63,63,61,63,0,8279,1.45687144005964,25,-86,0.001869,51,2025-01-01 22:54:10.002439,770,1.037,0.0011,"aoml_navis",1030.78803351497
"7901009",57,0,1,0.031773,1,0.009345,1,124.578323013755,1,4.8506011061271,772,1,7.28000020980835,34.8889999389648,0.0317730009555817,0,120.131301879883,-86.2467,24.7277,17.7844532912782,63,63,63,63,61,63,0,8279,1.45687144005964,25,-86,0.001869,51,2025-01-01 22:54:10.002439,772,1.037,0.0011,"aoml_navis",1030.80007830044
"7901009",57,0,1,0.031773,1,0.009345,1,125.272086729915,1,4.85053760642858,774,1,7.23199987411499,34.8849983215332,0.0317730009555817,0,120.800300598145,-86.2467,24.7277,17.7844532912782,63,63,63,63,61,63,0,8279,1.45687144005964,25,-86,0.001869,51,2025-01-01 22:54:10.002439,774,1.037,0.0011,"aoml_navis",1030.81357278281
"7901009",57,0,1,0.031773,1,0.009345,1,125.919803656608,1,4.85048169782922,776,1,7.2039999961853,34.882999420166,0.0317730009555817,0,121.424896240234,-86.2467,24.7277,17.7844532912782,63,63,63,63,61,63,0,8279,1.45687144005964,25,-86,0.001869,51,2025-01-01 22:54:10.002439,776,1.037,0.0011,"aoml_navis",1030.82545435388
"7901009",57,0,1,0.031773,1,0.009345,1,126.926962454832,1,4.85041241037389,778,1,7.14799976348877,34.8790016174316,0.0317730009555817,0,122.396102905273,-86.2467,24.7277,17.7844532912782,63,63,63,63,61,63,0,8279,1.45687144005964,25,-86,0.001869,51,2025-01-01 22:54:10.002439,778,1.037,0.0011,"aoml_navis",1030.84017954972
"7901009",57,0,1,0.029904,1,0.007476,1,127.67744600496,1,4.85034769194578,780,1,7.09299993515015,34.8740005493164,0.0299040004611015,0,123.11979675293,-86.2467,24.7277,17.7844532912782,63,63,63,63,61,63,0,8279,1.45687144005964,25,-86,0.001869,51,2025-01-01 22:54:10.002439,780,1.037,0.0011,"aoml_navis",1030.853934101
"7901009",57,0,1,0.035511,1,0.013083,1,128.114756003972,1,4.85029047159342,782,1,7.05299997329712,34.8699989318848,0.0355109982192516,0,123.541496276855,-86.2467,24.7277,17.7844532912782,63,63,63,63,61,63,0,8279,1.45687144005964,25,-86,0.001869,51,2025-01-01 22:54:10.002439,782,1.037,0.0011,"aoml_navis",1030.86609539849
"7901009",57,0,1,0.026166,1,0.003738,1,128.52998411477,1,4.85024654013639,784,1,7.04099988937378,34.8680000305176,0.0261659994721413,0,123.941902160645,-86.2467,24.7277,17.7844532912782,63,63,63,63,61,63,0,8279,1.45687144005964,25,-86,0.001869,51,2025-01-01 22:54:10.002439,784,1.037,0.0011,"aoml_navis",1030.87543254232
"7901009",57,0,1,0.029904,1,0.007476,1,129.070994331918,1,4.85018130670807,786,1,6.99499988555908,34.8650016784668,0.0299040004611015,0,124.463600158691,-86.2467,24.7277,17.7844532912782,63,63,63,63,61,63,0,8279,1.45687144005964,25,-86,0.001869,51,2025-01-01 22:54:10.002439,786,1.037,0.0011,"aoml_navis",1030.88929749589
"7901009",57,0,1,0.026166,1,0.003738,1,129.562231292616,1,4.85012568224862,788,1,6.96700000762939,34.8629989624023,0.0261659994721413,0,124.937301635742,-86.2467,24.7277,17.7844532912782,63,63,63,63,61,63,0,8279,1.45687144005964,25,-86,0.001869,51,2025-01-01 22:54:10.002439,788,1.037,0.0011,"aoml_navis",1030.90112041837
"7901009",57,0,1,0.028035,1,0.005607,1,130.003995646004,1,4.85006787994287,790,1,6.93599987030029,34.8610000610352,0.0280349999666214,0,125.363296508789,-86.2467,24.7277,17.7844532912782,63,63,63,63,61,63,0,8279,1.45687144005964,25,-86,0.001869,51,2025-01-01 22:54:10.002439,790,1.037,0.0011,"aoml_navis",1030.91340652719
"7901009",57,0,1,0.029904,1,0.007476,1,130.26771241345,1,4.85001154957649,792,1,6.91200017929077,34.8600006103516,0.0299040004611015,0,125.617599487305,-86.2467,24.7277,17.7844532912782,63,63,63,63,61,63,0,8279,1.45687144005964,25,-86,0.001869,51,2025-01-01 22:54:10.002439,792,1.037,0.0011,"aoml_navis",1030.92538005123
"7901009",57,0,1,0.031773,1,0.009345,1,130.477296511904,1,4.84995812881907,794,1,6.89699983596802,34.8600006103516,0.0317730009555817,0,125.819702148438,-86.2467,24.7277,17.7844532912782,63,63,63,63,61,63,0,8279,1.45687144005964,25,-86,0.001869,51,2025-01-01 22:54:10.002439,794,1.037,0.0011,"aoml_navis",1030.93673536878
"7901009",57,0,1,0.026166,1,0.003738,1,130.667377975299,1,4.84991058414987,796,1,6.88500022888184,34.859001159668,0.0261659994721413,0,126.002998352051,-86.2467,24.7277,17.7844532912782,63,63,63,63,61,63,0,8279,1.45687144005964,25,-86,0.001869,51,2025-01-01 22:54:10.002439,796,1.037,0.0011,"aoml_navis",1030.94684185326
"7901009",57,0,1,0.031773,1,0.009345,1,130.93275622484,1,4.84986082321879,798,1,6.875,34.859001159668,0.0317730009555817,0,126.258903503418,-86.2467,24.7277,17.7844532912782,63,63,63,63,61,63,0,8279,1.45687144005964,25,-86,0.001869,51,2025-01-01 22:54:10.002439,798,1.037,0.0011,"aoml_navis",1030.95741965675
"7901009",57,0,1,0.029904,1,0.007476,1,131.200927346662,1,4.84980600205701,800,1,6.85300016403198,34.8580017089844,0.0299040004611015,0,126.517501831055,-86.2467,24.7277,17.7844532912782,63,63,63,63,61,63,0,8279,1.45687144005964,25,-86,0.001869,51,2025-01-01 22:54:10.002439,800,1.037,0.0011,"aoml_navis",1030.96907337722
"7901009",57,0,1,0.029904,1,0.007476,1,131.459659667826,1,4.84974970205478,802,1,6.83400011062622,34.8580017089844,0.0299040004611015,0,126.766998291016,-86.2467,24.7277,17.7844532912782,63,63,63,63,61,63,0,8279,1.45687144005964,25,-86,0.001869,51,2025-01-01 22:54:10.002439,802,1.037,0.0011,"aoml_navis",1030.98104173944
"7901009",57,0,1,0.028035,1,0.005607,1,131.618639768782,1,4.84970365185294,804,1,6.82399988174438,34.8569984436035,0.0280349999666214,0,126.920303344727,-86.2467,24.7277,17.7844532912782,63,63,63,63,61,63,0,8279,1.45687144005964,25,-86,0.001869,51,2025-01-01 22:54:10.002439,804,1.037,0.0011,"aoml_navis",1030.99083138609
"7901009",57,0,1,0.029904,1,0.007476,1,131.886708036951,1,4.84966340866668,806,1,6.82200002670288,34.8559989929199,0.0299040004611015,0,127.178802490234,-86.2467,24.7277,17.7844532912782,63,63,63,63,61,63,0,8279,1.45687144005964,25,-86,0.001869,51,2025-01-01 22:54:10.002439,806,1.037,0.0011,"aoml_navis",1030.99938669242
"7901009",57,0,1,0.028035,1,0.005607,1,132.304001132638,1,4.84959260660818,808,1,6.78299999237061,34.8559989929199,0.0280349999666214,0,127.581199645996,-86.2467,24.7277,17.7844532912782,63,63,63,63,61,63,0,8279,1.45687144005964,25,-86,0.001869,51,2025-01-01 22:54:10.002439,808,1.037,0.0011,"aoml_navis",1031.01443885964
"7901009",57,0,1,0.031773,1,0.009345,1,132.545936661011,1,4.84953562987997,810,1,6.76300001144409,34.8559989929199,0.0317730009555817,0,127.814498901367,-86.2467,24.7277,17.7844532912782,63,63,63,63,61,63,0,8279,1.45687144005964,25,-86,0.001869,51,2025-01-01 22:54:10.002439,810,1.037,0.0011,"aoml_navis",1031.02655214923
"7901009",57,0,1,0.029904,1,0.007476,1,132.91905806845,1,4.8494917637857,812,1,6.75600004196167,34.8549995422363,0.0299040004611015,0,128.174301147461,-86.2467,24.7277,17.7844532912782,63,63,63,63,61,63,0,8279,1.45687144005964,25,-86,0.001869,51,2025-01-01 22:54:10.002439,812,1.037,0.0011,"aoml_navis",1031.03587830342
"7901009",57,0,1,0.029904,1,0.007476,1,133.251417781845,1,4.8494297402758,814,1,6.72900009155273,34.8549995422363,0.0299040004611015,0,128.49479675293,-86.2467,24.7277,17.7844532912782,63,63,63,63,61,63,0,8279,1.45687144005964,25,-86,0.001869,51,2025-01-01 22:54:10.002439,814,1.037,0.0011,"aoml_navis",1031.04906510423
"7901009",57,0,1,0.029904,1,0.007476,1,133.598509303142,1,4.84937569385982,816,1,6.71299982070923,34.8549995422363,0.0299040004611015,0,128.829498291016,-86.2467,24.7277,17.7844532912782,63,63,63,63,61,63,0,8279,1.45687144005964,25,-86,0.001869,51,2025-01-01 22:54:10.002439,816,1.037,0.0011,"aoml_navis",1031.0605561724
"7901009",57,0,1,0.029904,1,0.007476,1,133.983134496129,1,4.84931515807504,818,1,6.68800020217896,34.8549995422363,0.0299040004611015,0,129.200393676758,-86.2467,24.7277,17.7844532912782,63,63,63,63,61,63,0,8279,1.45687144005964,25,-86,0.001869,51,2025-01-01 22:54:10.002439,818,1.037,0.0011,"aoml_navis",1031.07342728056
"7901009",57,0,1,0.031773,1,0.009345,1,134.349831506138,1,4.84925760488119,820,1,6.66200017929077,34.8540000915527,0.0317730009555817,0,129.554000854492,-86.2467,24.7277,17.7844532912782,63,63,63,63,61,63,0,8279,1.45687144005964,25,-86,0.001869,51,2025-01-01 22:54:10.002439,820,1.037,0.0011,"aoml_navis",1031.08566452875
"7901009",57,0,1,0.029904,1,0.007476,1,134.748049205019,1,4.84920295680553,822,1,6.6399998664856,34.8530006408691,0.0299040004611015,0,129.938003540039,-86.2467,24.7277,17.7844532912782,63,63,63,63,61,63,0,8279,1.45687144005964,25,-86,0.001869,51,2025-01-01 22:54:10.002439,822,1.037,0.0011,"aoml_navis",1031.09728434501
"7901009",57,0,1,0.026166,1,0.003738,1,135.242601218085,1,4.84913961555838,824,1,6.61100006103516,34.8530006408691,0.0261659994721413,0,130.414901733398,-86.2467,24.7277,17.7844532912782,63,63,63,63,61,63,0,8279,1.45687144005964,25,-86,0.001869,51,2025-01-01 22:54:10.002439,824,1.037,0.0011,"aoml_navis",1031.1107529174
"7901009",57,0,1,0.026166,1,0.003738,1,135.783927908013,1,4.8490597215005,826,1,6.56400012969971,34.8540000915527,0.0261659994721413,0,130.936904907227,-86.2467,24.7277,17.7844532912782,63,63,63,63,61,63,0,8279,1.45687144005964,25,-86,0.001869,51,2025-01-01 22:54:10.002439,826,1.037,0.0011,"aoml_navis",1031.12774170016
"7901009",57,0,1,0.028035,1,0.005607,1,136.145213233486,1,4.84899789888564,828,1,6.53700017929077,34.8540000915527,0.0280349999666214,0,131.285293579102,-86.2467,24.7277,17.7844532912782,63,63,63,63,61,63,0,8279,1.45687144005964,25,-86,0.001869,51,2025-01-01 22:54:10.002439,828,1.037,0.0011,"aoml_navis",1031.14088813053
"7901009",57,0,1,0.026166,1,0.003738,1,136.43236481028,1,4.84894385791538,830,1,6.52600002288818,34.8549995422363,0.0261659994721413,0,131.562194824219,-86.2467,24.7277,17.7844532912782,63,63,63,63,61,63,0,8279,1.45687144005964,25,-86,0.001869,51,2025-01-01 22:54:10.002439,830,1.037,0.0011,"aoml_navis",1031.15238008748
"7901009",57,0,1,0.029904,1,0.007476,1,136.735387496983,1,4.84889350185517,832,1,6.5149998664856,34.8549995422363,0.0299040004611015,0,131.854400634766,-86.2467,24.7277,17.7844532912782,63,63,63,63,61,63,0,8279,1.45687144005964,25,-86,0.001869,51,2025-01-01 22:54:10.002439,832,1.037,0.0011,"aoml_navis",1031.163088669
"7901009",57,0,1,0.028035,1,0.005607,1,137.018076807582,1,4.84884386475689,834,1,6.50500011444092,34.8549995422363,0.0280349999666214,0,132.126998901367,-86.2467,24.7277,17.7844532912782,63,63,63,63,61,63,0,8279,1.45687144005964,25,-86,0.001869,51,2025-01-01 22:54:10.002439,834,1.037,0.0011,"aoml_navis",1031.17364457572
"7901009",57,0,1,0.024297,1,0.001869,1,137.300560410873,1,4.84879137525351,836,1,6.49100017547607,34.8549995422363,0.0242970008403063,0,132.399398803711,-86.2467,24.7277,17.7844532912782,63,63,63,63,61,63,0,8279,1.45687144005964,25,-86,0.001869,51,2025-01-01 22:54:10.002439,836,1.037,0.0011,"aoml_navis",1031.18480731471
"7901009",57,0,1,0.028035,1,0.005607,1,137.569767981049,1,4.84874531494268,838,1,6.48600006103516,34.8549995422363,0.0280349999666214,0,132.658996582031,-86.2467,24.7277,17.7844532912782,63,63,63,63,61,63,0,8279,1.45687144005964,25,-86,0.001869,51,2025-01-01 22:54:10.002439,838,1.037,0.0011,"aoml_navis",1031.19460298135
"7901009",57,0,1,0.031773,1,0.009345,1,137.986451866635,1,4.84868618709642,840,1,6.47300004959106,34.8569984436035,0.0317730009555817,0,133.060806274414,-86.2467,24.7277,17.7844532912782,63,63,63,63,61,63,0,8279,1.45687144005964,25,-86,0.001869,51,2025-01-01 22:54:10.002439,840,1.037,0.0011,"aoml_navis",1031.20717799932
"7901009",57,0,1,0.028035,1,0.005607,1,138.427171859849,1,4.84862360431399,842,1,6.44999980926514,34.8580017089844,0.0280349999666214,0,133.485794067383,-86.2467,24.7277,17.7844532912782,63,63,63,63,61,63,0,8279,1.45687144005964,25,-86,0.001869,51,2025-01-01 22:54:10.002439,842,1.037,0.0011,"aoml_navis",1031.22048813014
"7901009",57,0,1,0.031773,1,0.009345,1,138.892481788058,1,4.84855477985711,844,1,6.41300010681152,34.8580017089844,0.0317730009555817,0,133.934494018555,-86.2467,24.7277,17.7844532912782,63,63,63,63,61,63,0,8279,1.45687144005964,25,-86,0.001869,51,2025-01-01 22:54:10.002439,844,1.037,0.0011,"aoml_navis",1031.23512613946
"7901009",57,0,1,0.031773,1,0.009345,1,139.216660680094,1,4.84850020472898,846,1,6.39599990844727,34.8580017089844,0.0317730009555817,0,134.247100830078,-86.2467,24.7277,17.7844532912782,63,63,63,63,61,63,0,8279,1.45687144005964,25,-86,0.001869,51,2025-01-01 22:54:10.002439,846,1.037,0.0011,"aoml_navis",1031.2467338092
"7901009",57,0,1,0.029904,1,0.007476,1,139.590921389541,1,4.8484520278848,848,1,6.38800001144409,34.8580017089844,0.0299040004611015,0,134.608001708984,-86.2467,24.7277,17.7844532912782,63,63,63,63,61,63,0,8279,1.45687144005964,25,-86,0.001869,51,2025-01-01 22:54:10.002439,848,1.037,0.0011,"aoml_navis",1031.25698083504
"7901009",57,0,1,0.033642,1,0.011214,1,140.003965838158,1,4.8483801800204,850,1,6.35699987411499,34.8600006103516,0.0336420014500618,0,135.006301879883,-86.2467,24.7277,17.7844532912782,63,63,63,63,61,63,0,8279,1.45687144005964,25,-86,0.001869,51,2025-01-01 22:54:10.002439,850,1.037,0.0011,"aoml_navis",1031.27226297237
"7901009",57,0,1,0.029904,1,0.007476,1,140.323049518438,1,4.84832351535429,852,1,6.33699989318848,34.8600006103516,0.0299040004611015,0,135.313995361328,-86.2467,24.7277,17.7844532912782,63,63,63,63,61,63,0,8279,1.45687144005964,25,-86,0.001869,51,2025-01-01 22:54:10.002439,852,1.037,0.0011,"aoml_navis",1031.28431594248
"7901009",57,0,1,0.028035,1,0.005607,1,140.575673914951,1,4.84827606127612,854,1,6.32999992370605,34.8600006103516,0.0280349999666214,0,135.557601928711,-86.2467,24.7277,17.7844532912782,63,63,63,63,61,63,0,8279,1.45687144005964,25,-86,0.001869,51,2025-01-01 22:54:10.002439,854,1.037,0.0011,"aoml_navis",1031.29440997301
"7901009",57,0,1,0.031773,1,0.009345,1,140.936658591283,1,4.84823158288525,856,1,6.32200002670288,34.859001159668,0.0317730009555817,0,135.905700683594,-86.2467,24.7277,17.7844532912782,63,63,63,63,61,63,0,8279,1.45687144005964,25,-86,0.001869,51,2025-01-01 22:54:10.002439,856,1.037,0.0011,"aoml_navis",1031.30387121987
"7901009",57,0,1,0.026166,1,0.003738,1,141.385575229496,1,4.84817282226266,858,1,6.29899978637695,34.859001159668,0.0261659994721413,0,136.338592529297,-86.2467,24.7277,17.7844532912782,63,63,63,63,61,63,0,8279,1.45687144005964,25,-86,0.001869,51,2025-01-01 22:54:10.002439,858,1.037,0.0011,"aoml_navis",1031.31637078615
"7901009",57,0,1,0.028035,1,0.005607,1,141.705086148029,1,4.8481248210903,860,1,6.28599977493286,34.8580017089844,0.0280349999666214,0,136.646697998047,-86.2467,24.7277,17.7844532912782,63,63,63,63,61,63,0,8279,1.45687144005964,25,-86,0.001869,51,2025-01-01 22:54:10.002439,860,1.037,0.0011,"aoml_navis",1031.32658182583
"7901009",57,0,1,0.028035,1,0.005607,1,142.076656838847,1,4.84807102832286,862,1,6.26999998092651,34.8580017089844,0.0280349999666214,0,137.005004882812,-86.2467,24.7277,17.7844532912782,63,63,63,63,61,63,0,8279,1.45687144005964,25,-86,0.001869,51,2025-01-01 22:54:10.002439,862,1.037,0.0011,"aoml_navis",1031.33802512165
"7901009",57,0,1,0.028035,1,0.005607,1,142.726454574068,1,4.84803308237506,864,1,6.26599979400635,34.8559989929199,0.0280349999666214,0,137.631607055664,-86.2467,24.7277,17.7844532912782,63,63,63,63,61,63,0,8279,1.45687144005964,25,-86,0.001869,51,2025-01-01 22:54:10.002439,864,1.037,0.0011,"aoml_navis",1031.34609748795
"7901009",57,0,1,0.033642,1,0.011214,1,143.490103391838,1,4.84796099107218,866,1,6.22399997711182,34.8559989929199,0.0336420014500618,0,138.36799621582,-86.2467,24.7277,17.7844532912782,63,63,63,63,61,63,0,8279,1.45687144005964,25,-86,0.001869,51,2025-01-01 22:54:10.002439,866,1.037,0.0011,"aoml_navis",1031.36143405605
"7901009",57,0,1,0.029904,1,0.007476,1,143.977408178246,1,4.84787247852707,868,1,6.16900014877319,34.8580017089844,0.0299040004611015,0,138.837905883789,-86.2467,24.7277,17.7844532912782,63,63,63,63,61,63,0,8279,1.45687144005964,25,-86,0.001869,51,2025-01-01 22:54:10.002439,868,1.037,0.0011,"aoml_navis",1031.38026467213
"7901009",57,0,1,0.026166,1,0.003738,1,144.183875019818,1,4.84780508797785,870,1,6.14400005340576,34.8600006103516,0.0261659994721413,0,139.037002563477,-86.2467,24.7277,17.7844532912782,63,63,63,63,61,63,0,8279,1.45687144005964,25,-86,0.001869,51,2025-01-01 22:54:10.002439,870,1.037,0.0011,"aoml_navis",1031.39460214677
"7901009",57,0,1,0.029904,1,0.007476,1,144.296697565833,1,4.84775697455737,872,1,6.13600015640259,34.8600006103516,0.0299040004611015,0,139.145797729492,-86.2467,24.7277,17.7844532912782,63,63,63,63,61,63,0,8279,1.45687144005964,25,-86,0.001869,51,2025-01-01 22:54:10.002439,872,1.037,0.0011,"aoml_navis",1031.40483861746
"7901009",57,0,1,0.031773,1,0.009345,1,144.354469671794,1,4.84770658136506,874,1,6.13000011444092,34.8610000610352,0.0317730009555817,0,139.201507568359,-86.2467,24.7277,17.7844532912782,63,63,63,63,61,63,0,8279,1.45687144005964,25,-86,0.001869,51,2025-01-01 22:54:10.002439,874,1.037,0.0011,"aoml_navis",1031.4155603436
"7901009",57,0,1,0.029904,1,0.007476,1,144.332996993682,1,4.84766775204923,876,1,6.13000011444092,34.8600006103516,0.0299040004611015,0,139.180801391602,-86.2467,24.7277,17.7844532912782,63,63,63,63,61,63,0,8279,1.45687144005964,25,-86,0.001869,51,2025-01-01 22:54:10.002439,876,1.037,0.0011,"aoml_navis",1031.42382187525
"7901009",57,0,1,0.028035,1,0.005607,1,144.414093143517,1,4.84762156227583,878,1,6.13000011444092,34.8610000610352,0.0280349999666214,0,139.259002685547,-86.2467,24.7277,17.7844532912782,63,63,63,63,61,63,0,8279,1.45687144005964,25,-86,0.001869,51,2025-01-01 22:54:10.002439,878,1.037,0.0011,"aoml_navis",1031.43364962933
"7901009",57,0,1,0.028035,1,0.005607,1,144.575035375709,1,4.84757625556463,880,1,6.12599992752075,34.8610000610352,0.0280349999666214,0,139.414199829102,-86.2467,24.7277,17.7844532912782,63,63,63,63,61,63,0,8279,1.45687144005964,25,-86,0.001869,51,2025-01-01 22:54:10.002439,880,1.037,0.0011,"aoml_navis",1031.44328967706
"7901009",57,0,1,0.029904,1,0.007476,1,144.771026968268,1,4.84752605112863,882,1,6.11499977111816,34.8610000610352,0.0299040004611015,0,139.60319519043,-86.2467,24.7277,17.7844532912782,63,63,63,63,61,63,0,8279,1.45687144005964,25,-86,0.001869,51,2025-01-01 22:54:10.002439,882,1.037,0.0011,"aoml_navis",1031.45397203917
"7901009",57,0,1,0.028035,1,0.005607,1,144.941732385717,1,4.84747725012125,884,1,6.10599994659424,34.8610000610352,0.0280349999666214,0,139.767807006836,-86.2467,24.7277,17.7844532912782,63,63,63,63,61,63,0,8279,1.45687144005964,25,-86,0.001869,51,2025-01-01 22:54:10.002439,884,1.037,0.0011,"aoml_navis",1031.46435599568
"7901009",57,0,1,0.028035,1,0.005607,1,145.05082055293,1,4.84743055001734,886,1,6.09999990463257,34.8610000610352,0.0280349999666214,0,139.873001098633,-86.2467,24.7277,17.7844532912782,63,63,63,63,61,63,0,8279,1.45687144005964,25,-86,0.001869,51,2025-01-01 22:54:10.002439,886,1.037,0.0011,"aoml_navis",1031.47429311434
"7901009",57,0,1,0.029904,1,0.007476,1,145.154212210106,1,4.84738017084699,888,1,6.0939998626709,34.8619995117188,0.0299040004611015,0,139.972702026367,-86.2467,24.7277,17.7844532912782,63,63,63,63,61,63,0,8279,1.45687144005964,25,-86,0.001869,51,2025-01-01 22:54:10.002439,888,1.037,0.0011,"aoml_navis",1031.48501330077
"7901009",57,0,1,0.024297,1,0.001869,1,145.191128759875,1,4.84733487355475,890,1,6.09000015258789,34.8619995117188,0.0242970008403063,0,140.00830078125,-86.2467,24.7277,17.7844532912782,63,63,63,63,61,63,0,8279,1.45687144005964,25,-86,0.001869,51,2025-01-01 22:54:10.002439,890,1.037,0.0011,"aoml_navis",1031.49465230433
"7901009",57,0,1,0.029904,1,0.007476,1,145.238109144044,1,4.84728957771108,892,1,6.08599996566772,34.8619995117188,0.0299040004611015,0,140.053604125977,-86.2467,24.7277,17.7844532912782,63,63,63,63,61,63,0,8279,1.45687144005964,25,-86,0.001869,51,2025-01-01 22:54:10.002439,892,1.037,0.0011,"aoml_navis",1031.50429117978
"7901009",57,0,1,0.024297,1,0.001869,1,145.294314709744,1,4.84724218614175,894,1,6.0789999961853,34.8619995117188,0.0242970008403063,0,140.107803344727,-86.2467,24.7277,17.7844532912782,63,63,63,63,61,63,0,8279,1.45687144005964,25,-86,0.001869,51,2025-01-01 22:54:10.002439,894,1.037,0.0011,"aoml_navis",1031.51437621478
"7901009",57,0,1,0.028035,1,0.005607,1,145.404652944438,1,4.84717605416196,896,1,6.06099987030029,34.8650016784668,0.0280349999666214,0,140.214202880859,-86.2467,24.7277,17.7844532912782,63,63,63,63,61,63,0,8279,1.45687144005964,25,-86,0.001869,51,2025-01-01 22:54:10.002439,896,1.037,0.0011,"aoml_navis",1031.52844958186
"7901009",57,0,1,0.033642,1,0.011214,1,145.7277874763,1,4.8471164202157,898,1,6.04699993133545,34.867000579834,0.0336420014500618,0,140.525802612305,-86.2467,24.7277,17.7844532912782,63,63,63,63,61,63,0,8279,1.45687144005964,25,-86,0.001869,51,2025-01-01 22:54:10.002439,898,1.037,0.0011,"aoml_navis",1031.54114044934
"7901009",57,0,1,0.028035,1,0.005607,1,145.978117445159,1,4.8470540032793,900,1,6.02899980545044,34.8689994812012,0.0280349999666214,0,140.767196655273,-86.2467,24.7277,17.7844532912782,63,63,63,63,61,63,0,8279,1.45687144005964,25,-86,0.001869,51,2025-01-01 22:54:10.002439,900,1.037,0.0011,"aoml_navis",1031.55442390723
"7901009",57,0,1,0.029904,1,0.007476,1,146.287263880153,1,4.84699667232266,902,1,6.01300001144409,34.8699989318848,0.0299040004611015,0,141.065307617188,-86.2467,24.7277,17.7844532912782,63,63,63,63,61,63,0,8279,1.45687144005964,25,-86,0.001869,51,2025-01-01 22:54:10.002439,902,1.037,0.0011,"aoml_navis",1031.56662527767
"7901009",57,0,1,0.029904,1,0.007476,1,146.730784657469,1,4.84694929833731,904,1,6.00600004196167,34.8699989318848,0.0299040004611015,0,141.49299621582,-86.2467,24.7277,17.7844532912782,63,63,63,63,61,63,0,8279,1.45687144005964,25,-86,0.001869,51,2025-01-01 22:54:10.002439,904,1.037,0.0011,"aoml_navis",1031.57670778921
"7901009",57,0,1,0.029904,1,0.007476,1,147.307682887851,1,4.84689705289034,906,1,5.99200010299683,34.8699989318848,0.0299040004611015,0,142.049301147461,-86.2467,24.7277,17.7844532912782,63,63,63,63,61,63,0,8279,1.45687144005964,25,-86,0.001869,51,2025-01-01 22:54:10.002439,906,1.037,0.0011,"aoml_navis",1031.58782731281
"7901009",57,0,1,0.028035,1,0.005607,1,147.724256007964,1,4.84683487493282,908,1,5.9689998626709,34.8709983825684,0.0280349999666214,0,142.45100402832,-86.2467,24.7277,17.7844532912782,63,63,63,63,61,63,0,8279,1.45687144005964,25,-86,0.001869,51,2025-01-01 22:54:10.002439,908,1.037,0.0011,"aoml_navis",1031.60106110883
"7901009",57,0,1,0.031773,1,0.009345,1,148.143202673925,1,4.84678403690469,910,1,5.95699977874756,34.8709983825684,0.0317730009555817,0,142.854995727539,-86.2467,24.7277,17.7844532912782,63,63,63,63,61,63,0,8279,1.45687144005964,25,-86,0.001869,51,2025-01-01 22:54:10.002439,910,1.037,0.0011,"aoml_navis",1031.61188159585
"7901009",57,0,1,0.031773,1,0.009345,1,148.592135135777,1,4.8467283451301,912,1,5.93800020217896,34.8709983825684,0.0317730009555817,0,143.287902832031,-86.2467,24.7277,17.7844532912782,63,63,63,63,61,63,0,8279,1.45687144005964,25,-86,0.001869,51,2025-01-01 22:54:10.002439,912,1.037,0.0011,"aoml_navis",1031.62373542637
"7901009",57,0,1,0.029904,1,0.007476,1,148.937359467672,1,4.84667105077368,914,1,5.92199993133545,34.8720016479492,0.0299040004611015,0,143.620803833008,-86.2467,24.7277,17.7844532912782,63,63,63,63,61,63,0,8279,1.45687144005964,25,-86,0.001869,51,2025-01-01 22:54:10.002439,914,1.037,0.0011,"aoml_navis",1031.63593064601
"7901009",57,0,1,0.028035,1,0.005607,1,149.222121674978,1,4.84661377976431,916,1,5.9060001373291,34.8730010986328,0.0280349999666214,0,143.895401000977,-86.2467,24.7277,17.7844532912782,63,63,63,63,61,63,0,8279,1.45687144005964,25,-86,0.001869,51,2025-01-01 22:54:10.002439,916,1.037,0.0011,"aoml_navis",1031.64812118434
"7901009",57,0,1,0.029904,1,0.007476,1,149.47743609012,1,4.84656344219261,918,1,5.90000009536743,34.8740005493164,0.0299040004611015,0,144.1416015625,-86.2467,24.7277,17.7844532912782,63,63,63,63,61,63,0,8279,1.45687144005964,25,-86,0.001869,51,2025-01-01 22:54:10.002439,918,1.037,0.0011,"aoml_navis",1031.65883612946
"7901009",57,0,1,0.028035,1,0.005607,1,149.788639598182,1,4.84651977610256,920,1,5.89300012588501,34.8730010986328,0.0280349999666214,0,144.441696166992,-86.2467,24.7277,17.7844532912782,63,63,63,63,61,63,0,8279,1.45687144005964,25,-86,0.001869,51,2025-01-01 22:54:10.002439,920,1.037,0.0011,"aoml_navis",1031.66813115139
"7901009",57,0,1,0.028035,1,0.005607,1,150.08720001869,1,4.84645906157099,922,1,5.87200021743774,34.8740005493164,0.0280349999666214,0,144.729598999023,-86.2467,24.7277,17.7844532912782,63,63,63,63,61,63,0,8279,1.45687144005964,25,-86,0.001869,51,2025-01-01 22:54:10.002439,922,1.037,0.0011,"aoml_navis",1031.68105548368
"7901009",57,0,1,0.029904,1,0.007476,1,150.29086607616,1,4.84640038450463,924.099975585938,1,5.85699987411499,34.875,0.0299040004611015,0,144.925994873047,-86.2467,24.7277,17.7844532912782,63,63,63,63,61,63,0,8279,1.45687144005964,25,-86,0.001869,51,2025-01-01 22:54:10.002439,924.099975585938,1.037,0.0011,"aoml_navis",1031.69354640745
"7901009",57,0,1,0.029904,1,0.007476,1,150.538300319083,1,4.84634757411425,926,1,5.83900022506714,34.875,0.0299040004611015,0,145.164596557617,-86.2467,24.7277,17.7844532912782,63,63,63,63,61,63,0,8279,1.45687144005964,25,-86,0.001869,51,2025-01-01 22:54:10.002439,926,1.037,0.0011,"aoml_navis",1031.70478871686
"7901009",57,0,1,0.028035,1,0.005607,1,150.789468940809,1,4.84629679009482,928,1,5.8270001411438,34.875,0.0280349999666214,0,145.406799316406,-86.2467,24.7277,17.7844532912782,63,63,63,63,61,63,0,8279,1.45687144005964,25,-86,0.001869,51,2025-01-01 22:54:10.002439,928,1.037,0.0011,"aoml_navis",1031.71559988223
"7901009",57,0,1,0.028035,1,0.005607,1,151.053707888342,1,4.8462416404054,930,1,5.81400012969971,34.8759994506836,0.0280349999666214,0,145.661605834961,-86.2467,24.7277,17.7844532912782,63,63,63,63,61,63,0,8279,1.45687144005964,25,-86,0.001869,51,2025-01-01 22:54:10.002439,930,1.037,0.0011,"aoml_navis",1031.7273406907
"7901009",57,0,1,0.029904,1,0.007476,1,151.282786710034,1,4.84617822984935,932,1,5.78900003433228,34.8769989013672,0.0299040004611015,0,145.882507324219,-86.2467,24.7277,17.7844532912782,63,63,63,63,61,63,0,8279,1.45687144005964,25,-86,0.001869,51,2025-01-01 22:54:10.002439,932,1.037,0.0011,"aoml_navis",1031.74084048399
"7901009",57,0,1,0.028035,1,0.005607,1,151.412619667966,1,4.84613228501671,934,1,5.78399991989136,34.8769989013672,0.0280349999666214,0,146.007705688477,-86.2467,24.7277,17.7844532912782,63,63,63,63,61,63,0,8279,1.45687144005964,25,-86,0.001869,51,2025-01-01 22:54:10.002439,934,1.037,0.0011,"aoml_navis",1031.75062213201
"7901009",57,0,1,0.028035,1,0.005607,1,151.536439643081,1,4.84608634200921,936,1,5.77899980545044,34.8769989013672,0.0280349999666214,0,146.127105712891,-86.2467,24.7277,17.7844532912782,63,63,63,63,61,63,0,8279,1.45687144005964,25,-86,0.001869,51,2025-01-01 22:54:10.002439,936,1.037,0.0011,"aoml_navis",1031.76040357692
"7901009",57,0,1,0.029904,1,0.007476,1,151.650812905718,1,4.84604108956156,938,1,5.77500009536743,34.8769989013672,0.0299040004611015,0,146.237396240234,-86.2467,24.7277,17.7844532912782,63,63,63,63,61,63,0,8279,1.45687144005964,25,-86,0.001869,51,2025-01-01 22:54:10.002439,938,1.037,0.0011,"aoml_navis",1031.77003818025
"7901009",57,0,1,0.031773,1,0.009345,1,151.741134237086,1,4.84599583855394,940,1,5.77099990844727,34.8769989013672,0.0317730009555817,0,146.324493408203,-86.2467,24.7277,17.7844532912782,63,63,63,63,61,63,0,8279,1.45687144005964,25,-86,0.001869,51,2025-01-01 22:54:10.002439,940,1.037,0.0011,"aoml_navis",1031.77967265692
"7901009",57,0,1,0.029904,1,0.007476,1,151.815805989491,1,4.84594990091377,942,1,5.76599979400635,34.8769989013672,0.0299040004611015,0,146.396499633789,-86.2467,24.7277,17.7844532912782,63,63,63,63,61,63,0,8279,1.45687144005964,25,-86,0.001869,51,2025-01-01 22:54:10.002439,942,1.037,0.0011,"aoml_navis",1031.78945350986
"7901009",57,0,1,0.028035,1,0.005607,1,151.890050503643,1,4.84590671911505,944,1,5.7649998664856,34.8769989013672,0.0280349999666214,0,146.46809387207,-86.2467,24.7277,17.7844532912782,63,63,63,63,61,63,0,8279,1.45687144005964,25,-86,0.001869,51,2025-01-01 22:54:10.002439,944,1.037,0.0011,"aoml_navis",1031.79864776949
"7901009",57,0,1,0.028035,1,0.005607,1,152.046229820497,1,4.84586422820612,946,1,5.7649998664856,34.8769989013672,0.0280349999666214,0,146.618698120117,-86.2467,24.7277,17.7844532912782,63,63,63,63,61,63,0,8279,1.45687144005964,25,-86,0.001869,51,2025-01-01 22:54:10.002439,946,1.037,0.0011,"aoml_navis",1031.80769508496
"7901009",57,0,1,0.029904,1,0.007476,1,152.402973761579,1,4.84581967331869,948,1,5.76200008392334,34.8769989013672,0.0299040004611015,0,146.962707519531,-86.2467,24.7277,17.7844532912782,63,63,63,63,61,63,0,8279,1.45687144005964,25,-86,0.001869,51,2025-01-01 22:54:10.002439,948,1.037,0.0011,"aoml_navis",1031.81718204048
"7901009",57,0,1,0.026166,1,0.003738,1,152.913491826389,1,4.84576754567065,950,1,5.7480001449585,34.8769989013672,0.0261659994721413,0,147.455001831055,-86.2467,24.7277,17.7844532912782,63,63,63,63,61,63,0,8279,1.45687144005964,25,-86,0.001869,51,2025-01-01 22:54:10.002439,950,1.037,0.0011,"aoml_navis",1031.82828166554
"7901009",57,0,1,0.026166,1,0.003738,1,153.459897904434,1,4.8457181762756,952,1,5.73799991607666,34.8769989013672,0.0261659994721413,0,147.981903076172,-86.2467,24.7277,17.7844532912782,63,63,63,63,61,63,0,8279,1.45687144005964,25,-86,0.001869,51,2025-01-01 22:54:10.002439,952,1.037,0.0011,"aoml_navis",1031.83879419149
"7901009",57,0,1,0.026166,1,0.003738,1,154.119949357721,1,4.84566468539939,954,1,5.72200012207031,34.8769989013672,0.0261659994721413,0,148.618392944336,-86.2467,24.7277,17.7844532912782,63,63,63,63,61,63,0,8279,1.45687144005964,25,-86,0.001869,51,2025-01-01 22:54:10.002439,954,1.037,0.0011,"aoml_navis",1031.8501845713
"7901009",57,0,1,0.035511,1,0.013083,1,154.838405862529,1,4.84557408390714,956,1,5.66800022125244,34.8800010681152,0.0355109982192516,0,149.31120300293,-86.2467,24.7277,17.7844532912782,63,63,63,63,61,63,0,8279,1.45687144005964,25,-86,0.001869,51,2025-01-01 22:54:10.002439,956,1.037,0.0011,"aoml_navis",1031.86947788204
"7901009",57,0,1,0.031773,1,0.009345,1,155.09153661549,1,4.84550711446104,958,1,5.64300012588501,34.8819999694824,0.0317730009555817,0,149.555297851562,-86.2467,24.7277,17.7844532912782,63,63,63,63,61,63,0,8279,1.45687144005964,25,-86,0.001869,51,2025-01-01 22:54:10.002439,958,1.037,0.0011,"aoml_navis",1031.88373928456
"7901009",57,0,1,0.029904,1,0.007476,1,155.243981553542,1,4.8454605141784,960,1,5.63700008392334,34.8819999694824,0.0299040004611015,0,149.702301025391,-86.2467,24.7277,17.7844532912782,63,63,63,63,61,63,0,8279,1.45687144005964,25,-86,0.001869,51,2025-01-01 22:54:10.002439,960,1.037,0.0011,"aoml_navis",1031.89366322755
"7901009",57,0,1,0.029904,1,0.007476,1,155.507587555515,1,4.8454139158671,962,1,5.63100004196167,34.8819999694824,0.0299040004611015,0,149.956497192383,-86.2467,24.7277,17.7844532912782,63,63,63,63,61,63,0,8279,1.45687144005964,25,-86,0.001869,51,2025-01-01 22:54:10.002439,962,1.037,0.0011,"aoml_navis",1031.9035869416
"7901009",57,0,1,0.029904,1,0.007476,1,155.843270233099,1,4.84536800311884,964,1,5.62599992752075,34.8819999694824,0.0299040004611015,0,150.280197143555,-86.2467,24.7277,17.7844532912782,63,63,63,63,61,63,0,8279,1.45687144005964,25,-86,0.001869,51,2025-01-01 22:54:10.002439,964,1.037,0.0011,"aoml_navis",1031.9133648428
"7901009",57,0,1,0.029904,1,0.007476,1,156.302677943963,1,4.8453129441981,966,1,5.61299991607666,34.882999420166,0.0299040004611015,0,150.723205566406,-86.2467,24.7277,17.7844532912782,63,63,63,63,61,63,0,8279,1.45687144005964,25,-86,0.001869,51,2025-01-01 22:54:10.002439,966,1.037,0.0011,"aoml_navis",1031.92509082145
"7901009",57,0,1,0.028035,1,0.005607,1,156.765693444518,1,4.84526225460349,968,1,5.60099983215332,34.882999420166,0.0280349999666214,0,151.169692993164,-86.2467,24.7277,17.7844532912782,63,63,63,63,61,63,0,8279,1.45687144005964,25,-86,0.001869,51,2025-01-01 22:54:10.002439,968,1.037,0.0011,"aoml_navis",1031.93588649396
"7901009",57,0,1,0.029904,1,0.007476,1,157.206634968678,1,4.84520516013834,970,1,5.58500003814697,34.8839988708496,0.0299040004611015,0,151.59489440918,-86.2467,24.7277,17.7844532912782,63,63,63,63,61,63,0,8279,1.45687144005964,25,-86,0.001869,51,2025-01-01 22:54:10.002439,970,1.037,0.0011,"aoml_navis",1031.94804652137
"7901009",57,0,1,0.028035,1,0.005607,1,157.666865508771,1,4.84514671118668,972,1,5.56699991226196,34.8849983215332,0.0280349999666214,0,152.038696289062,-86.2467,24.7277,17.7844532912782,63,63,63,63,61,63,0,8279,1.45687144005964,25,-86,0.001869,51,2025-01-01 22:54:10.002439,972,1.037,0.0011,"aoml_navis",1031.96049532531
"7901009",57,0,1,0.035511,1,0.013083,1,158.088628782472,1,4.8451001283659,974,1,5.56099987030029,34.8849983215332,0.0355109982192516,0,152.445404052734,-86.2467,24.7277,17.7844532912782,63,63,63,63,61,63,0,8279,1.45687144005964,25,-86,0.001869,51,2025-01-01 22:54:10.002439,974,1.037,0.0011,"aoml_navis",1031.97041702549
"7901009",57,0,1,0.031773,1,0.009345,1,158.606299132107,1,4.84503691608081,976,1,5.53599977493286,34.8860015869141,0.0317730009555817,0,152.944595336914,-86.2467,24.7277,17.7844532912782,63,63,63,63,61,63,0,8279,1.45687144005964,25,-86,0.001869,51,2025-01-01 22:54:10.002439,976,1.037,0.0011,"aoml_navis",1031.98388094936
"7901009",57,0,1,0.029904,1,0.007476,1,158.800534300738,1,4.84498053773656,978,1,5.52099990844727,34.8870010375977,0.0299040004611015,0,153.131896972656,-86.2467,24.7277,17.7844532912782,63,63,63,63,61,63,0,8279,1.45687144005964,25,-86,0.001869,51,2025-01-01 22:54:10.002439,978,1.037,0.0011,"aoml_navis",1031.9958895719
"7901009",57,0,1,0.026166,1,0.003738,1,161.680341655509,1,4.84446814906209,999.200012207031,1,5.43510007858276,34.8880004882812,0.0261659994721413,0,155.908905029297,-86.2467,24.7277,17.7844532912782,63,63,63,63,61,63,0,8279,1.45687144005964,25,-86,0.001869,51,2025-01-01 22:54:10.002439,999.200012207031,1.037,0.0011,"aoml_navis",1032.10504149316
"7901009",57,0,1,0.03738,1,0.014952,1,168.277849696975,1,4.84320366513839,1049.69995117188,1,5.19409990310669,34.8959999084473,0.0373799987137318,0,162.270904541016,-86.2467,24.7277,17.7844532912782,63,63,63,63,61,63,0,8279,1.45687144005964,25,-86,0.001869,51,2025-01-01 22:54:10.002439,1049.69995117188,1.037,0.0011,"aoml_navis",1032.3745078057
"7901009",57,0,1,0.031773,1,0.009345,1,174.565594181526,1,4.84202733534363,1099.59997558594,1,5.04659986495972,34.9010009765625,0.0317730009555817,0,168.334197998047,-86.2467,24.7277,17.7844532912782,63,63,63,63,61,63,0,8279,1.45687144005964,25,-86,0.001869,51,2025-01-01 22:54:10.002439,1099.59997558594,1.037,0.0011,"aoml_navis",1032.62531450479
"7901009",57,0,1,0.028035,1,0.005607,1,183.37070556973,1,4.84071912757192,1150.09997558594,1,4.75629997253418,34.9129981994629,0.0280349999666214,0,176.824996948242,-86.2467,24.7277,17.7844532912782,63,63,63,63,61,63,0,8279,1.45687144005964,25,-86,0.001869,51,2025-01-01 22:54:10.002439,1150.09997558594,1.037,0.0011,"aoml_navis",1032.90438222719
"7901009",57,0,1,0.033642,1,0.011214,1,186.3453914639,1,4.83959198789669,1199.5,1,4.65210008621216,34.9160003662109,0.0336420014500618,0,179.693496704102,-86.2467,24.7277,17.7844532912782,63,63,63,63,61,63,0,8279,1.45687144005964,25,-86,0.001869,51,2025-01-01 22:54:10.002439,1199.5,1.037,0.0011,"aoml_navis",1033.14494538062
"7901009",57,0,1,0.029904,1,0.007476,1,190.739347010209,1,4.83846410250113,1249.40002441406,1,4.56120014190674,34.9189987182617,0.0299040004611015,0,183.930603027344,-86.2467,24.7277,17.7844532912782,63,63,63,63,61,63,0,8279,1.45687144005964,25,-86,0.001869,51,2025-01-01 22:54:10.002439,1249.40002441406,1.037,0.0011,"aoml_navis",1033.3857798832
"7901009",57,0,1,0.029904,1,0.007476,1,193.995582912969,1,4.83734788447629,1298.90002441406,1,4.47910022735596,34.9230003356934,0.0299040004611015,0,187.070602416992,-86.2467,24.7277,17.7844532912782,63,63,63,63,61,63,0,8279,1.45687144005964,25,-86,0.001869,51,2025-01-01 22:54:10.002439,1298.90002441406,1.037,0.0011,"aoml_navis",1033.62423365201
"7901009",57,0,1,0.026166,1,0.003738,1,196.612907744136,1,4.83620784192112,1350.09997558594,1,4.41359996795654,34.9269981384277,0.0261659994721413,0,189.594497680664,-86.2467,24.7277,17.7844532912782,63,63,63,63,61,63,0,8279,1.45687144005964,25,-86,0.001869,51,2025-01-01 22:54:10.002439,1350.09997558594,1.037,0.0011,"aoml_navis",1033.86789059376
"7901009",57,0,1,0.031773,1,0.009345,1,198.351261076556,1,4.8351378661745,1399.59997558594,1,4.38119983673096,34.9280014038086,0.0317730009555817,0,191.270797729492,-86.2467,24.7277,17.7844532912782,63,63,63,63,61,63,0,8279,1.45687144005964,25,-86,0.001869,51,2025-01-01 22:54:10.002439,1399.59997558594,1.037,0.0011,"aoml_navis",1034.09667694872
"7901009",57,0,1,0.03738,1,0.014952,1,199.823096857429,1,4.8340654059472,1449.40002441406,1,4.35260009765625,34.9290008544922,0.0373799987137318,0,192.690093994141,-86.2467,24.7277,17.7844532912782,63,63,63,63,61,63,0,8279,1.45687144005964,25,-86,0.001869,51,2025-01-01 22:54:10.002439,1449.40002441406,1.037,0.0011,"aoml_navis",1034.32609617749
"7901009",57,0,1,0.028035,1,0.005607,1,200.679582965167,1,4.83300634761302,1498.90002441406,1,4.33799982070923,34.9309997558594,0.0280349999666214,0,193.516006469727,-86.2467,24.7277,17.7844532912782,63,63,63,63,61,63,0,8279,1.45687144005964,25,-86,0.001869,51,2025-01-01 22:54:10.002439,1498.90002441406,1.037,0.0011,"aoml_navis",1034.55274840875
"7901009",57,0,1,0.028035,1,0.005607,1,201.599411099792,1,4.83193068162664,1549.80004882812,1,4.32940006256104,34.9309997558594,0.0280349999666214,0,194.40299987793,-86.2467,24.7277,17.7844532912782,63,63,63,63,61,63,0,8279,1.45687144005964,25,-86,0.001869,51,2025-01-01 22:54:10.002439,1549.80004882812,1.037,0.0011,"aoml_navis",1034.78305659732
"7901009",57,0,1,0.031773,1,0.009345,1,202.498715974643,1,4.83086747055987,1600.09997558594,1,4.32369995117188,34.931999206543,0.0317730009555817,0,195.270202636719,-86.2467,24.7277,17.7844532912782,63,63,63,63,61,63,0,8279,1.45687144005964,25,-86,0.001869,51,2025-01-01 22:54:10.002439,1600.09997558594,1.037,0.0011,"aoml_navis",1035.01079888257
"7901009",57,0,1,0.028035,1,0.005607,1,202.945670481621,1,4.82982490442772,1649.30004882812,1,4.31230020523071,34.9329986572266,0.0280349999666214,0,195.701202392578,-86.2467,24.7277,17.7844532912782,63,63,63,63,61,63,0,8279,1.45687144005964,25,-86,0.001869,51,2025-01-01 22:54:10.002439,1649.30004882812,1.037,0.0011,"aoml_navis",1035.23421634111
"7901009",57,0,1,0.024297,1,0.001869,1,203.19175971523,1,4.82877803616649,1699.09997558594,1,4.30550003051758,34.9329986572266,0.0242970008403063,0,195.938507080078,-86.2467,24.7277,17.7844532912782,63,63,63,63,61,63,0,8279,1.45687144005964,25,-86,0.001869,51,2025-01-01 22:54:10.002439,1699.09997558594,1.037,0.0011,"aoml_navis",1035.45865280017
"7901009",57,0,1,0.026166,1,0.003738,1,203.780050965687,1,4.82773285906265,1749,1,4.30200004577637,34.9329986572266,0.0261659994721413,0,196.505798339844,-86.2467,24.7277,17.7844532912782,63,63,63,63,61,63,0,8279,1.45687144005964,25,-86,0.001869,51,2025-01-01 22:54:10.002439,1749,1.037,0.0011,"aoml_navis",1035.6828237946
"7901009",57,0,1,0.028035,1,0.005607,1,203.971279642909,1,4.82668803760909,1799,1,4.30499982833862,34.9339981079102,0.0280349999666214,0,196.690200805664,-86.2467,24.7277,17.7844532912782,63,63,63,63,61,63,0,8279,1.45687144005964,25,-86,0.001869,51,2025-01-01 22:54:10.002439,1799,1.037,0.0011,"aoml_navis",1035.90701554368
"7901009",57,0,1,0.028035,1,0.005607,1,204.705385726681,1,4.82563364511698,1849.5,1,4.30179977416992,34.9339981079102,0.0280349999666214,0,197.398101806641,-86.2467,24.7277,17.7844532912782,63,63,63,63,61,63,0,8279,1.45687144005964,25,-86,0.001869,51,2025-01-01 22:54:10.002439,1849.5,1.037,0.0011,"aoml_navis",1036.13335941062
"7901009",57,0,1,0.035511,1,0.013083,1,205.12184808132,1,4.82459284588858,1899.40002441406,1,4.2979998588562,34.9339981079102,0.0355109982192516,0,197.799697875977,-86.2467,24.7277,17.7844532912782,63,63,63,63,61,63,0,8279,1.45687144005964,25,-86,0.001869,51,2025-01-01 22:54:10.002439,1899.40002441406,1.037,0.0011,"aoml_navis",1036.35688227265
"7901009",57,0,1,0.028035,1,0.005607,1,205.577932827996,1,4.82355885817018,1949,1,4.2979998588562,34.935001373291,0.0280349999666214,0,198.239501953125,-86.2467,24.7277,17.7844532912782,63,63,63,63,61,63,0,8279,1.45687144005964,25,-86,0.001869,51,2025-01-01 22:54:10.002439,1949,1.037,0.0011,"aoml_navis",1036.57903780545
"7901009",57,0,1,0.029904,1,0.007476,1,205.815825416607,1,4.82260339761027,1995.19995117188,1,4.30200004577637,34.935001373291,0.0299040004611015,0,198.468902587891,-86.2467,24.7277,17.7844532912782,63,63,63,63,61,63,0,8279,1.45687144005964,25,-86,0.001869,51,2025-01-01 22:54:10.002439,1995.19995117188,1.037,0.0011,"aoml_navis",1036.78440621463
"7901009",58,0.200762677518919,1,0.308385,1,0.285957,1,195.934972811246,1,4.88147885846391,2,1,25.4890003204346,36.4290008544922,0.308385014533997,0.295302003622055,188.940704345703,-86.5246,25.1821,107.275983890224,63,63,63,63,61,63,0.285957,8278,1.42435338845813,25,-87,0.001869,51,2025-01-12 05:05:00.000544,2,1.037,0.0011,"aoml_navis",1024.27976131262
"7901009",58,0.202074851881788,1,0.310254,1,0.287826,1,195.973345147656,1,4.88144737124302,4,1,25.4930000305176,36.4280014038086,0.310254007577896,0.297170996665955,188.97770690918,-86.5246,25.1821,107.275983890224,63,63,63,63,61,63,0.287826,8278,1.42435338845813,25,-87,0.001869,51,2025-01-12 05:05:00.000544,4,1.037,0.0011,"aoml_navis",1024.28636831268
"7901009",58,0.191577456978838,4,0.295302,1,0.272874,1,195.975623752375,1,4.88140638339949,6,1,25.4930000305176,36.4280014038086,0.295302003622055,0.282218992710114,188.979904174805,-86.5246,25.1821,107.275983890224,63,63,63,63,61,63,0.272874,8278,1.42435338845813,25,-87,0.001869,51,2025-01-12 05:05:00.000544,6,1.037,0.0011,"aoml_navis",1024.2949689671
"7901009",58,0.207323549333263,1,0.31773,1,0.295302,1,196.006527328873,1,4.88136687330309,8,1,25.4939994812012,36.4280014038086,0.317730009555817,0.304646998643875,189.009704589844,-86.5246,25.1821,107.275983890224,63,63,63,63,61,63,0.295302,8278,1.42435338845813,25,-87,0.001869,51,2025-01-12 05:05:00.000544,8,1.037,0.0011,"aoml_navis",1024.30325967625
"7901009",58,0.202074851881788,1,0.310254,1,0.287826,1,195.916823091715,1,4.88132941764431,9.89999961853027,1,25.4950008392334,36.4280014038086,0.310254007577896,0.297170996665955,188.923202514648,-86.5246,25.1821,107.275983890224,63,63,63,63,61,63,0.287826,8278,1.42435338845813,25,-87,0.001869,51,2025-01-12 05:05:00.000544,9.89999961853027,1.037,0.0011,"aoml_navis",1024.31111941078
"7901009",58,0.19945050315605,1,0.306516,1,0.284088,1,195.893688924362,1,4.88128638788748,12,1,25.4950008392334,36.4280014038086,0.306515991687775,0.293433010578156,188.900894165039,-86.5246,25.1821,107.275983890224,63,63,63,63,61,63,0.284088,8278,1.42435338845813,25,-87,0.001869,51,2025-01-12 05:05:00.000544,12,1.037,0.0011,"aoml_navis",1024.32014896874
"7901009",58,0.204699200607525,1,0.313992,1,0.291564,1,195.867564088315,1,4.88124533506381,13.8999996185303,1,25.496000289917,36.4290008544922,0.313991993665695,0.300909012556076,188.875701904297,-86.5246,25.1821,107.275983890224,63,63,63,63,61,63,0.291564,8278,1.42435338845813,25,-87,0.001869,51,2025-01-12 05:05:00.000544,13.8999996185303,1.037,0.0011,"aoml_navis",1024.32876382654
"7901009",58,0.198138328793182,1,0.304647,1,0.282219,1,195.974785099249,1,4.8812073851256,16,1,25.4969997406006,36.4280014038086,0.304646998643875,0.291563987731934,188.979095458984,-86.5246,25.1821,107.275983890224,63,63,63,63,61,63,0.282219,8278,1.42435338845813,25,-87,0.001869,51,2025-01-12 05:05:00.000544,16,1.037,0.0011,"aoml_navis",1024.33672767856
"7901009",58,0.200762677518919,1,0.308385,1,0.285957,1,195.912360824141,1,4.88116576743252,18,1,25.4990005493164,36.4290008544922,0.308385014533997,0.295302003622055,188.918899536133,-86.5246,25.1821,107.275983890224,63,63,63,63,61,63,0.285957,8278,1.42435338845813,25,-87,0.001869,51,2025-01-12 05:05:00.000544,18,1.037,0.0011,"aoml_navis",1024.34546135686
"7901009",58,0.19945050315605,1,0.306516,1,0.284088,1,195.856155241077,1,4.88112479655654,20,1,25.4990005493164,36.4290008544922,0.306515991687775,0.293433010578156,188.864700317383,-86.5246,25.1821,107.275983890224,63,63,63,63,61,63,0.284088,8278,1.42435338845813,25,-87,0.001869,51,2025-01-12 05:05:00.000544,20,1.037,0.0011,"aoml_navis",1024.35405944288
"7901009",58,0.202074851881788,1,0.310254,1,0.287826,1,195.935384225987,1,4.88108234918136,22,1,25.4979991912842,36.4290008544922,0.310254007577896,0.297170996665955,188.941101074219,-86.5246,25.1821,107.275983890224,63,63,63,63,61,63,0.287826,8278,1.42435338845813,25,-87,0.001869,51,2025-01-12 05:05:00.000544,22,1.037,0.0011,"aoml_navis",1024.36296753702
"7901009",58,0.194201805704575,4,0.29904,1,0.276612,1,195.928738295557,1,4.88103990688358,24,1,25.4969997406006,36.4290008544922,0.299039989709854,0.285957008600235,188.934692382812,-86.5246,25.1821,107.275983890224,63,63,63,63,61,63,0.276612,8278,1.42435338845813,25,-87,0.001869,51,2025-01-12 05:05:00.000544,24,1.037,0.0011,"aoml_navis",1024.37187472052
"7901009",58,0.202074851881788,1,0.310254,1,0.287826,1,195.888815242046,1,4.88099958917668,26,1,25.4950008392334,36.4280014038086,0.310254007577896,0.297170996665955,188.896194458008,-86.5246,25.1821,107.275983890224,63,63,63,63,61,63,0.287826,8278,1.42435338845813,25,-87,0.001869,51,2025-01-12 05:05:00.000544,26,1.037,0.0011,"aoml_navis",1024.38033616868
"7901009",58,0.209947898059,1,0.321468,1,0.29904,1,195.898151191936,1,4.88096157959979,28,1,25.4969997406006,36.4280014038086,0.321467995643616,0.308385014533997,188.905197143555,-86.5246,25.1821,107.275983890224,63,63,63,63,61,63,0.29904,8278,1.42435338845813,25,-87,0.001869,51,2025-01-12 05:05:00.000544,28,1.037,0.0011,"aoml_navis",1024.38831333927
"7901009",58,0.200762677518919,1,0.308385,1,0.285957,1,195.852737333999,1,4.88091554587353,30,1,25.496000289917,36.4290008544922,0.308385014533997,0.295302003622055,188.861404418945,-86.5246,25.1821,107.275983890224,63,63,63,63,61,63,0.285957,8278,1.42435338845813,25,-87,0.001869,51,2025-01-12 05:05:00.000544,30,1.037,0.0011,"aoml_navis",1024.39797472569
"7901009",58,0.195513980067444,1,0.300909,1,0.278481,1,195.813114929722,1,4.8808783754869,32,1,25.5009994506836,36.4300003051758,0.300909012556076,0.287826001644135,188.823196411133,-86.5246,25.1821,107.275983890224,63,63,63,63,61,63,0.278481,8278,1.42435338845813,25,-87,0.001869,51,2025-01-12 05:05:00.000544,32,1.037,0.0011,"aoml_navis",1024.40577604051
"7901009",58,0.195513980067444,1,0.300909,1,0.278481,1,195.737936797646,1,4.88083973260123,34,1,25.5049991607666,36.4309997558594,0.300909012556076,0.287826001644135,188.750701904297,-86.5246,25.1821,107.275983890224,63,63,63,63,61,63,0.278481,8278,1.42435338845813,25,-87,0.001869,51,2025-01-12 05:05:00.000544,34,1.037,0.0011,"aoml_navis",1024.41388652917
"7901009",58,0.195513980067444,1,0.300909,1,0.278481,1,195.763650218952,1,4.88079878114236,36,1,25.5049991607666,36.4309997558594,0.300909012556076,0.287826001644135,188.775497436523,-86.5246,25.1821,107.275983890224,63,63,63,63,61,63,0.278481,8278,1.42435338845813,25,-87,0.001869,51,2025-01-12 05:05:00.000544,36,1.037,0.0011,"aoml_navis",1024.42248168849
"7901009",58,0.192889631341707,1,0.297171,1,0.274743,1,195.738553919757,1,4.88075783203378,38,1,25.5049991607666,36.4309997558594,0.297170996665955,0.284087985754013,188.75129699707,-86.5246,25.1821,107.275983890224,63,63,63,63,61,63,0.274743,8278,1.42435338845813,25,-87,0.001869,51,2025-01-12 05:05:00.000544,38,1.037,0.0011,"aoml_navis",1024.43107649873
"7901009",58,0.207323549333263,1,0.31773,1,0.295302,1,195.821105869882,1,4.88071688527527,40,1,25.5049991607666,36.4309997558594,0.317730009555817,0.304646998643875,188.830902099609,-86.5246,25.1821,107.275983890224,63,63,63,63,61,63,0.295302,8278,1.42435338845813,25,-87,0.001869,51,2025-01-12 05:05:00.000544,40,1.037,0.0011,"aoml_navis",1024.43967095994
"7901009",58,0.196826154430313,1,0.302778,1,0.28035,1,195.841012013883,1,4.88068101807803,42,1,25.5060005187988,36.4300003051758,0.302778005599976,0.289694994688034,188.85009765625,-86.5246,25.1821,107.275983890224,63,63,63,63,61,63,0.28035,8278,1.42435338845813,25,-87,0.001869,51,2025-01-12 05:05:00.000544,42,1.037,0.0011,"aoml_navis",1024.44719937239
"7901009",58,0.186328759527363,4,0.287826,1,0.265398,1,195.677996834627,1,4.88063647863614,44,1,25.5060005187988,36.4309997558594,0.287826001644135,0.274742990732193,188.692901611328,-86.5246,25.1821,107.275983890224,63,63,63,63,61,63,0.265398,8278,1.42435338845813,25,-87,0.001869,51,2025-01-12 05:05:00.000544,44,1.037,0.0011,"aoml_navis",1024.45654821586
"7901009",58,0.192889631341707,1,0.297171,1,0.274743,1,195.803066915858,1,4.88060061332425,46,1,25.5069999694824,36.4300003051758,0.297170996665955,0.284087985754013,188.813507080078,-86.5246,25.1821,107.275983890224,63,63,63,63,61,63,0.274743,8278,1.42435338845813,25,-87,0.001869,51,2025-01-12 05:05:00.000544,46,1.037,0.0011,"aoml_navis",1024.46407648063
"7901009",58,0.202074851881788,1,0.310254,1,0.287826,1,195.781483465605,1,4.88055967598175,48,1,25.5069999694824,36.4300003051758,0.310254007577896,0.297170996665955,188.792694091797,-86.5246,25.1821,107.275983890224,63,63,63,63,61,63,0.287826,8278,1.42435338845813,25,-87,0.001869,51,2025-01-12 05:05:00.000544,48,1.037,0.0011,"aoml_navis",1024.47266951904
"7901009",58,0.19945050315605,1,0.306516,1,0.284088,1,195.77660978329,1,4.88052233799247,50,1,25.5069999694824,36.4290008544922,0.306515991687775,0.293433010578156,188.787994384766,-86.5246,25.1821,107.275983890224,63,63,63,63,61,63,0.284088,8278,1.42435338845813,25,-87,0.001869,51,2025-01-12 05:05:00.000544,50,1.037,0.0011,"aoml_navis",1024.4805071534
"7901009",58,0.202074851881788,1,0.310254,1,0.287826,1,195.808763427655,1,4.8804814052372,52,1,25.5069999694824,36.4290008544922,0.310254007577896,0.297170996665955,188.819000244141,-86.5246,25.1821,107.275983890224,63,63,63,63,61,63,0.287826,8278,1.42435338845813,25,-87,0.001869,51,2025-01-12 05:05:00.000544,52,1.037,0.0011,"aoml_navis",1024.48909950452
"7901009",58,0.194201805704575,1,0.29904,1,0.276612,1,195.813526344463,1,4.88043687804733,54,1,25.5069999694824,36.4300003051758,0.299039989709854,0.285957008600235,188.823593139648,-86.5246,25.1821,107.275983890224,63,63,63,63,61,63,0.276612,8278,1.42435338845813,25,-87,0.001869,51,2025-01-12 05:05:00.000544,54,1.037,0.0011,"aoml_navis",1024.49844654082
"7901009",58,0.196826154430313,1,0.302778,1,0.28035,1,195.789363640258,1,4.88039447267141,56,1,25.5060005187988,36.4300003051758,0.302778005599976,0.289694994688034,188.80029296875,-86.5246,25.1821,107.275983890224,63,63,63,63,61,63,0.28035,8278,1.42435338845813,25,-87,0.001869,51,2025-01-12 05:05:00.000544,56,1.037,0.0011,"aoml_navis",1024.5073483298
"7901009",58,0.196826154430313,1,0.302778,1,0.28035,1,195.789885820506,1,4.88035862106196,58,1,25.5069999694824,36.4290008544922,0.302778005599976,0.289694994688034,188.800796508789,-86.5246,25.1821,107.275983890224,63,63,63,63,61,63,0.28035,8278,1.42435338845813,25,-87,0.001869,51,2025-01-12 05:05:00.000544,58,1.037,0.0011,"aoml_navis",1024.5148744647
"7901009",58,0.194201805704575,1,0.29904,1,0.276612,1,195.779109919023,1,4.88031705929227,60,1,25.5090007781982,36.4300003051758,0.299039989709854,0.285957008600235,188.790405273438,-86.5246,25.1821,107.275983890224,63,63,63,63,61,63,0.276612,8278,1.42435338845813,25,-87,0.001869,51,2025-01-12 05:05:00.000544,60,1.037,0.0011,"aoml_navis",1024.52359944112
"7901009",58,0.194201805704575,1,0.29904,1,0.276612,1,195.668977357615,1,4.88027825433886,62,1,25.507999420166,36.4290008544922,0.299039989709854,0.285957008600235,188.684204101562,-86.5246,25.1821,107.275983890224,63,63,63,63,61,63,0.276612,8278,1.42435338845813,25,-87,0.001869,51,2025-01-12 05:05:00.000544,62,1.037,0.0011,"aoml_navis",1024.53174581894
"7901009",58,0.191577456978838,1,0.295302,1,0.272874,1,195.556977606229,1,4.8802285928916,63.9000015258789,1,25.507999420166,36.431999206543,0.295302003622055,0.282218992710114,188.576202392578,-86.5246,25.1821,107.275983890224,63,63,63,63,61,63,0.272874,8278,1.42435338845813,25,-87,0.001869,51,2025-01-12 05:05:00.000544,63.9000015258789,1.037,0.0011,"aoml_navis",1024.5421715046
"7901009",58,0.182392236438757,4,0.282219,1,0.259791,1,195.588609070346,1,4.88018351568893,66,1,25.5090007781982,36.4329986572266,0.282218992710114,0.269136011600494,188.606704711914,-86.5246,25.1821,107.275983890224,63,63,63,63,61,63,0.259791,8278,1.42435338845813,25,-87,0.001869,51,2025-01-12 05:05:00.000544,66,1.037,0.0011,"aoml_navis",1024.55163497968
"7901009",58,0.192889631341707,1,0.297171,1,0.274743,1,195.57667804286,1,4.88014260228631,68,1,25.5090007781982,36.4329986572266,0.297170996665955,0.284087985754013,188.595199584961,-86.5246,25.1821,107.275983890224,63,63,63,63,61,63,0.274743,8278,1.42435338845813,25,-87,0.001869,51,2025-01-12 05:05:00.000544,68,1.037,0.0011,"aoml_navis",1024.56022446097
"7901009",58,0.191577456978838,1,0.295302,1,0.272874,1,195.556138953103,1,4.88010169123048,70,1,25.5090007781982,36.4329986572266,0.295302003622055,0.282218992710114,188.575393676758,-86.5246,25.1821,107.275983890224,63,63,63,63,61,63,0.272874,8278,1.42435338845813,25,-87,0.001869,51,2025-01-12 05:05:00.000544,70,1.037,0.0011,"aoml_navis",1024.56881359357
"7901009",58,0.19945050315605,1,0.306516,1,0.284088,1,195.527529804967,1,4.88005422790759,72,1,25.5069999694824,36.4339981079102,0.306515991687775,0.293433010578156,188.547805786133,-86.5246,25.1821,107.275983890224,63,63,63,63,61,63,0.284088,8278,1.42435338845813,25,-87,0.001869,51,2025-01-12 05:05:00.000544,72,1.037,0.0011,"aoml_navis",1024.57877853211
"7901009",58,0.202074851881788,1,0.310254,1,0.287826,1,195.533131374901,1,4.8800097121404,74,1,25.5069999694824,36.435001373291,0.310254007577896,0.297170996665955,188.553207397461,-86.5246,25.1821,107.275983890224,63,63,63,63,61,63,0.287826,8278,1.42435338845813,25,-87,0.001869,51,2025-01-12 05:05:00.000544,74,1.037,0.0011,"aoml_navis",1024.58812480661
"7901009",58,0.200762677518919,1,0.308385,1,0.285957,1,195.544429456632,1,4.8799578197568,76,1,25.5020008087158,36.4360008239746,0.308385014533997,0.295302003622055,188.564102172852,-86.5246,25.1821,107.275983890224,63,63,63,63,61,63,0.285957,8278,1.42435338845813,25,-87,0.001869,51,2025-01-12 05:05:00.000544,76,1.037,0.0011,"aoml_navis",1024.59902004833
"7901009",58,0.200762677518919,1,0.308385,1,0.285957,1,195.566819912722,1,4.87990740519857,78,1,25.4979991912842,36.4370002746582,0.308385014533997,0.295302003622055,188.585693359375,-86.5246,25.1821,107.275983890224,63,63,63,63,61,63,0.285957,8278,1.42435338845813,25,-87,0.001869,51,2025-01-12 05:05:00.000544,78,1.037,0.0011,"aoml_navis",1024.60960523011
"7901009",58,0.206011374970394,1,0.315861,1,0.293433,1,195.401003948499,1,4.87986650561028,80,1,25.4979991912842,36.4370002746582,0.315860986709595,0.302778005599976,188.425796508789,-86.5246,25.1821,107.275983890224,63,63,63,63,61,63,0.293433,8278,1.42435338845813,25,-87,0.001869,51,2025-01-12 05:05:00.000544,80,1.037,0.0011,"aoml_navis",1024.61819278286
"7901009",58,0.19945050315605,1,0.306516,1,0.284088,1,195.331633093727,1,4.87981546199167,82,1,25.496000289917,36.4389991760254,0.306515991687775,0.293433010578156,188.358901977539,-86.5246,25.1821,107.275983890224,63,63,63,63,61,63,0.284088,8278,1.42435338845813,25,-87,0.001869,51,2025-01-12 05:05:00.000544,82,1.037,0.0011,"aoml_navis",1024.6289104464
"7901009",58,0.1889531082531,1,0.291564,1,0.269136,1,195.115624531114,1,4.87976884118948,84,1,25.4969997406006,36.4410018920898,0.291563987731934,0.278481006622314,188.150604248047,-86.5246,25.1821,107.275983890224,63,63,63,63,61,63,0.269136,8278,1.42435338845813,25,-87,0.001869,51,2025-01-12 05:05:00.000544,84,1.037,0.0011,"aoml_navis",1024.63869964406
"7901009",58,0.183704410801625,1,0.284088,1,0.26166,1,194.928541589516,1,4.87972731305917,86,1,25.4990005493164,36.4420013427734,0.284087985754013,0.271005004644394,187.970199584961,-86.5246,25.1821,107.275983890224,63,63,63,63,61,63,0.26166,8278,1.42435338845813,25,-87,0.001869,51,2025-01-12 05:05:00.000544,86,1.037,0.0011,"aoml_navis",1024.64741966604
"7901009",58,0.169270492810069,1,0.263529,1,0.241101,1,194.840910249705,1,4.87968578509738,88,1,25.5009994506836,36.443000793457,0.263529002666473,0.250445991754532,187.885696411133,-86.5246,25.1821,107.275983890224,63,63,63,63,61,63,0.241101,8278,1.42435338845813,25,-87,0.001869,51,2025-01-12 05:05:00.000544,88,1.037,0.0011,"aoml_navis",1024.65613980106
"7901009",58,0.154836574818513,1,0.24297,1,0.220542,1,194.768121487855,1,4.8796362301914,90,1,25.5,36.4449996948242,0.242970004677773,0.229886993765831,187.815505981445,-86.5246,25.1821,107.275983890224,63,63,63,63,61,63,0.220542,8278,1.42435338845813,25,-87,0.001869,51,2025-01-12 05:05:00.000544,90,1.037,0.0011,"aoml_navis",1024.66654564615
"7901009",58,0.1469635286413,1,0.231756,1,0.209328,1,194.588713013538,1,4.87959682410138,92,1,25.5009994506836,36.4449996948242,0.231756001710892,0.218673005700111,187.642501831055,-86.5246,25.1821,107.275983890224,63,63,63,63,61,63,0.209328,8278,1.42435338845813,25,-87,0.001869,51,2025-01-12 05:05:00.000544,92,1.037,0.0011,"aoml_navis",1024.67482053106
"7901009",58,0.144339179915563,1,0.228018,1,0.20559,1,194.587668653042,1,4.8795508689708,94,1,25.5,36.4459991455078,0.228018000721931,0.214935004711151,187.641494750977,-86.5246,25.1821,107.275983890224,63,63,63,63,61,63,0.20559,8278,1.42435338845813,25,-87,0.001869,51,2025-01-12 05:05:00.000544,94,1.037,0.0011,"aoml_navis",1024.68447081782
"7901009",58,0.135153959375482,4,0.214935,1,0.192507,1,194.468105199881,1,4.8795085107508,96,1,25.4990005493164,36.4459991455078,0.214935004711151,0.20185199379921,187.52619934082,-86.5246,25.1821,107.275983890224,63,63,63,63,61,63,0.192507,8278,1.42435338845813,25,-87,0.001869,51,2025-01-12 05:05:00.000544,96,1.037,0.0011,"aoml_navis",1024.69336593711
"7901009",58,0.140402656826957,1,0.222411,1,0.199983,1,194.40318078904,1,4.87946763332212,98,1,25.4990005493164,36.4459991455078,0.222411006689072,0.20932799577713,187.463592529297,-86.5246,25.1821,107.275983890224,63,63,63,63,61,63,0.199983,8278,1.42435338845813,25,-87,0.001869,51,2025-01-12 05:05:00.000544,98,1.037,0.0011,"aoml_navis",1024.70195024038
"7901009",58,0.140402656826957,1,0.222411,1,0.199983,1,194.330914207438,1,4.87942823687663,100,1,25.5,36.4459991455078,0.222411006689072,0.20932799577713,187.393905639648,-86.5246,25.1821,107.275983890224,63,63,63,63,61,63,0.199983,8278,1.42435338845813,25,-87,0.001869,51,2025-01-12 05:05:00.000544,100,1.037,0.0011,"aoml_navis",1024.71022367173
"7901009",58,0.129905261924007,1,0.207459,1,0.185031,1,194.096755925294,1,4.87938229138453,102,1,25.4990005493164,36.4469985961914,0.207459002733231,0.19437600672245,187.168106079102,-86.5246,25.1821,107.275983890224,63,63,63,63,61,63,0.185031,8278,1.42435338845813,25,-87,0.001869,51,2025-01-12 05:05:00.000544,102,1.037,0.0011,"aoml_navis",1024.71987260118
"7901009",58,0.133841785012613,1,0.213066,1,0.190638,1,193.842675675505,1,4.87932682040376,104,1,25.4939994812012,36.4490013122559,0.21306599676609,0.19998300075531,186.923095703125,-86.5246,25.1821,107.275983890224,63,63,63,63,61,63,0.190638,8278,1.42435338845813,25,-87,0.001869,51,2025-01-12 05:05:00.000544,104,1.037,0.0011,"aoml_navis",1024.73152220335
"7901009",58,0.1259687388354,4,0.201852,1,0.179424,1,193.818418029437,1,4.8792764413618,106,1,25.4899997711182,36.4500007629395,0.20185199379921,0.188768997788429,186.899703979492,-86.5246,25.1821,107.275983890224,63,63,63,63,61,63,0.179424,8278,1.42435338845813,25,-87,0.001869,51,2025-01-12 05:05:00.000544,106,1.037,0.0011,"aoml_navis",1024.742102664
"7901009",58,0.135153959375482,1,0.214935,1,0.192507,1,194.038778094116,1,4.87922247112233,108,1,25.4860000610352,36.4519996643066,0.214935004711151,0.20185199379921,187.112197875977,-86.5246,25.1821,107.275983890224,63,63,63,63,61,63,0.192507,8278,1.42435338845813,25,-87,0.001869,51,2025-01-12 05:05:00.000544,108,1.037,0.0011,"aoml_navis",1024.75343757996
"7901009",58,0.137778308101219,1,0.218673,1,0.196245,1,194.184687914338,1,4.87916765974489,110,1,25.4790000915527,36.4529991149902,0.218673005700111,0.20558999478817,187.252899169922,-86.5246,25.1821,107.275983890224,63,63,63,63,61,63,0.196245,8278,1.42435338845813,25,-87,0.001869,51,2025-01-12 05:05:00.000544,110,1.037,0.0011,"aoml_navis",1024.76494940972
"7901009",58,0.13646613373835,1,0.216804,1,0.194376,1,194.187377933798,1,4.87912827651594,112,1,25.4799995422363,36.4529991149902,0.216803997755051,0.20372100174427,187.255493164062,-86.5246,25.1821,107.275983890224,63,63,63,63,61,63,0.194376,8278,1.42435338845813,25,-87,0.001869,51,2025-01-12 05:05:00.000544,112,1.037,0.0011,"aoml_navis",1024.77322108251
"7901009",58,0.133841785012613,1,0.213066,1,0.190638,1,194.254169534617,1,4.87908741738434,114,1,25.4799995422363,36.4529991149902,0.21306599676609,0.19998300075531,187.319900512695,-86.5246,25.1821,107.275983890224,63,63,63,63,61,63,0.190638,8278,1.42435338845813,25,-87,0.001869,51,2025-01-12 05:05:00.000544,114,1.037,0.0011,"aoml_navis",1024.78180288077
"7901009",58,0.152212226092775,1,0.239232,1,0.216804,1,194.373843753285,1,4.87904205311334,115.900001525879,1,25.4780006408691,36.4539985656738,0.239232003688812,0.226148992776871,187.435302734375,-86.5246,25.1821,107.275983890224,63,63,63,63,61,63,0.216804,8278,1.42435338845813,25,-87,0.001869,51,2025-01-12 05:05:00.000544,115.900001525879,1.037,0.0011,"aoml_navis",1024.79133107891
"7901009",58,0.145651354278432,1,0.229887,1,0.207459,1,194.479308339749,1,4.87899619624797,118,1,25.4759998321533,36.4539985656738,0.229886993765831,0.216803997755051,187.537002563477,-86.5246,25.1821,107.275983890224,63,63,63,63,61,63,0.207459,8278,1.42435338845813,25,-87,0.001869,51,2025-01-12 05:05:00.000544,118,1.037,0.0011,"aoml_navis",1024.80096292042
"7901009",58,0.148275703004169,1,0.233625,1,0.211197,1,194.448088290373,1,4.87895534399514,120,1,25.4759998321533,36.4539985656738,0.233624994754791,0.220541998744011,187.506896972656,-86.5246,25.1821,107.275983890224,63,63,63,63,61,63,0.211197,8278,1.42435338845813,25,-87,0.001869,51,2025-01-12 05:05:00.000544,120,1.037,0.0011,"aoml_navis",1024.80954373846
"7901009",58,0.171894841535807,1,0.267267,1,0.244839,1,194.318983179952,1,4.8789159726053,122,1,25.4769992828369,36.4539985656738,0.267266988754272,0.254184007644653,187.382400512695,-86.5246,25.1821,107.275983890224,63,63,63,63,61,63,0.244839,8278,1.42435338845813,25,-87,0.001869,51,2025-01-12 05:05:00.000544,122,1.037,0.0011,"aoml_navis",1024.81781364438
"7901009",58,0.153524400455644,1,0.241101,1,0.218673,1,194.366691466251,1,4.87887660654348,124,1,25.4780006408691,36.4539985656738,0.241100996732712,0.228018000721931,187.428405761719,-86.5246,25.1821,107.275983890224,63,63,63,63,61,63,0.218673,8278,1.42435338845813,25,-87,0.001869,51,2025-01-12 05:05:00.000544,124,1.037,0.0011,"aoml_navis",1024.8260825646
"7901009",58,0.149587877367038,4,0.235494,1,0.213066,1,194.443626022798,1,4.87883576144191,126,1,25.4780006408691,36.4539985656738,0.235494002699852,0.222411006689072,187.502593994141,-86.5246,25.1821,107.275983890224,63,63,63,63,61,63,0.213066,8278,1.42435338845813,25,-87,0.001869,51,2025-01-12 05:05:00.000544,126,1.037,0.0011,"aoml_navis",1024.83466230113
"7901009",58,0.15746092354425,1,0.246708,1,0.22428,1,194.664619033233,1,4.87879491868092,128,1,25.4780006408691,36.4539985656738,0.246708005666733,0.233624994754791,187.715698242188,-86.5246,25.1821,107.275983890224,63,63,63,63,61,63,0.22428,8278,1.42435338845813,25,-87,0.001869,51,2025-01-12 05:05:00.000544,128,1.037,0.0011,"aoml_navis",1024.84324168966
"7901009",58,0.171894841535807,1,0.267267,1,0.244839,1,194.778074559856,1,4.87874963910417,130,1,25.4750003814697,36.4539985656738,0.267266988754272,0.254184007644653,187.825103759766,-86.5246,25.1821,107.275983890224,63,63,63,63,61,63,0.244839,8278,1.42435338845813,25,-87,0.001869,51,2025-01-12 05:05:00.000544,130,1.037,0.0011,"aoml_navis",1024.85275323906
"7901009",58,0.174519190261544,1,0.271005,1,0.248577,1,194.830434997457,1,4.87870584051062,132,1,25.4729995727539,36.4539985656738,0.271005004644394,0.257921993732452,187.875595092773,-86.5246,25.1821,107.275983890224,63,63,63,63,61,63,0.248577,8278,1.42435338845813,25,-87,0.001869,51,2025-01-12 05:05:00.000544,132,1.037,0.0011,"aoml_navis",1024.86195385715
"7901009",58,0.170582667172938,1,0.265398,1,0.24297,1,194.710143656677,1,4.87866500444963,134,1,25.4729995727539,36.4539985656738,0.265397995710373,0.252315014600754,187.75959777832,-86.5246,25.1821,107.275983890224,63,63,63,63,61,63,0.24297,8278,1.42435338845813,25,-87,0.001869,51,2025-01-12 05:05:00.000544,134,1.037,0.0011,"aoml_navis",1024.87053229515
"7901009",58,0.170582667172938,1,0.265398,1,0.24297,1,194.478058271882,1,4.87862417072838,136,1,25.4729995727539,36.4539985656738,0.265397995710373,0.252315014600754,187.535797119141,-86.5246,25.1821,107.275983890224,63,63,63,63,61,63,0.24297,8278,1.42435338845813,25,-87,0.001869,51,2025-01-12 05:05:00.000544,136,1.037,0.0011,"aoml_navis",1024.87911038523
"7901009",58,0.164021795358594,1,0.256053,1,0.233625,1,194.156268649929,1,4.87858269414712,138,1,25.4750003814697,36.4550018310547,0.256053000688553,0.242970004677773,187.225494384766,-86.5246,25.1821,107.275983890224,63,63,63,63,61,63,0.233625,8278,1.42435338845813,25,-87,0.001869,51,2025-01-12 05:05:00.000544,138,1.037,0.0011,"aoml_navis",1024.88782367029
"7901009",58,0.165333969721463,1,0.257922,1,0.235494,1,193.511360219936,1,4.87853827326248,140,1,25.4750003814697,36.4560012817383,0.257921993732452,0.244838997721672,186.603607177734,-86.5246,25.1821,107.275983890224,63,63,63,63,61,63,0.235494,8278,1.42435338845813,25,-87,0.001869,51,2025-01-12 05:05:00.000544,140,1.037,0.0011,"aoml_navis",1024.89715565074
"7901009",58,0.144339179915563,1,0.228018,1,0.20559,1,193.122573289792,1,4.87847883978873,142,1,25.4769992828369,36.4620018005371,0.228018000721931,0.214935004711151,186.228698730469,-86.5246,25.1821,107.275983890224,63,63,63,63,61,63,0.20559,8278,1.42435338845813,25,-87,0.001869,51,2025-01-12 05:05:00.000544,142,1.037,0.0011,"aoml_navis",1024.90964175557
"7901009",58,0.140402656826957,1,0.222411,1,0.199983,1,192.358291290365,1,4.87843231502871,144,1,25.4780006408691,36.4640007019043,0.222411006689072,0.20932799577713,185.49169921875,-86.5246,25.1821,107.275983890224,63,63,63,63,61,63,0.199983,8278,1.42435338845813,25,-87,0.001869,51,2025-01-12 05:05:00.000544,144,1.037,0.0011,"aoml_navis",1024.91941614047
"7901009",58,0.132529610649744,1,0.211197,1,0.188769,1,191.401119072035,1,4.87837140992656,146,1,25.4790000915527,36.4700012207031,0.211197003722191,0.198113992810249,184.568695068359,-86.5246,25.1821,107.275983890224,63,63,63,63,61,63,0.188769,8278,1.42435338845813,25,-87,0.001869,51,2025-01-12 05:05:00.000544,146,1.037,0.0011,"aoml_navis",1024.93221197262
"7901009",58,0.11547134393245,1,0.1869,1,0.164472,1,190.351758304457,1,4.87830691725514,148,1,25.4799995422363,36.4770011901855,0.18690000474453,0.173816993832588,183.556793212891,-86.5246,25.1821,107.275983890224,63,63,63,63,61,63,0.164472,8278,1.42435338845813,25,-87,0.001869,51,2025-01-12 05:05:00.000544,148,1.037,0.0011,"aoml_navis",1024.94576188194
"7901009",58,0.0997252515780252,1,0.164472,1,0.142044,1,189.538850247385,1,4.87824306093695,150,1,25.4790000915527,36.4830017089844,0.164471998810768,0.151389002799988,182.772903442383,-86.5246,25.1821,107.275983890224,63,63,63,63,61,63,0.142044,8278,1.42435338845813,25,-87,0.001869,51,2025-01-12 05:05:00.000544,150,1.037,0.0011,"aoml_navis",1024.95917844644
"7901009",58,0.0931643797636815,1,0.155127,1,0.132699,1,188.313815385446,1,4.87816850257212,152.100006103516,1,25.4769992828369,36.4910011291504,0.155127003788948,0.142043992877007,181.591598510742,-86.5246,25.1821,107.275983890224,63,63,63,63,61,63,0.132699,8278,1.42435338845813,25,-87,0.001869,51,2025-01-12 05:05:00.000544,152.100006103516,1.037,0.0011,"aoml_navis",1024.97484401444
"7901009",58,0.0866035079493377,1,0.145782,1,0.123354,1,186.654073378823,1,4.87806906798418,154,1,25.4699993133545,36.5050010681152,0.145781993865967,0.132698997855186,179.991104125977,-86.5246,25.1821,107.275983890224,63,63,63,63,61,63,0.123354,8278,1.42435338845813,25,-87,0.001869,51,2025-01-12 05:05:00.000544,154,1.037,0.0011,"aoml_navis",1024.99573710755
"7901009",58,0.0761061130463877,1,0.13083,1,0.108402,1,183.710179376723,1,4.87793272045568,156,1,25.4540004730225,36.5250015258789,0.130830004811287,0.117747001349926,177.152297973633,-86.5246,25.1821,107.275983890224,63,63,63,63,61,63,0.108402,8278,1.42435338845813,25,-87,0.001869,51,2025-01-12 05:05:00.000544,156,1.037,0.0011,"aoml_navis",1025.02438769449
"7901009",58,0.0669208925063064,1,0.117747,1,0.095319,1,177.219589658896,1,4.87773848506384,158,1,25.42799949646,36.556999206543,0.117747001349926,0.104663997888565,170.893402099609,-86.5246,25.1821,107.275983890224,63,63,63,63,61,63,0.095319,8278,1.42435338845813,25,-87,0.001869,51,2025-01-12 05:05:00.000544,158,1.037,0.0011,"aoml_navis",1025.06520497369
"7901009",58,0.0433017539746688,1,0.084105,1,0.061677,1,166.660361331944,1,4.8772592225084,159.899993896484,1,25.3390007019043,36.6430015563965,0.0841049998998642,0.0710219964385033,160.71110534668,-86.5246,25.1821,107.275983890224,63,63,63,63,61,63,0.061677,8278,1.42435338845813,25,-87,0.001869,51,2025-01-12 05:05:00.000544,159.899993896484,1.037,0.0011,"aoml_navis",1025.16593272819
"7901009",58,0.0223069641687688,1,0.054201,1,0.031773,1,156.96662303068,1,4.87660128729742,162,1,25.2019996643066,36.757999420166,0.0542009994387627,0.041117999702692,151.363403320312,-86.5246,25.1821,107.275983890224,63,63,63,63,61,63,0.031773,8278,1.42435338845813,25,-87,0.001869,51,2025-01-12 05:05:00.000544,162,1.037,0.0011,"aoml_navis",1025.30424478704
"7901009",58,0.00524869745147501,1,0.029904,1,0.007476,1,153.693692177729,1,4.87593090007452,164,1,25.0400009155273,36.867000579834,0.0299040004611015,0.0168210007250309,148.207305908203,-86.5246,25.1821,107.275983890224,63,63,63,63,61,63,0.007476,8278,1.42435338845813,25,-87,0.001869,51,2025-01-12 05:05:00.000544,164,1.037,0.0011,"aoml_navis",1025.44521291792
"7901009",58,0.00393652308860626,1,0.028035,1,0.005607,1,151.84737358611,1,4.87560408845005,166,1,24.9330005645752,36.9029998779297,0.0280349999666214,0.0149520002305508,146.426895141602,-86.5246,25.1821,107.275983890224,63,63,63,63,61,63,0.005607,8278,1.42435338845813,25,-87,0.001869,51,2025-01-12 05:05:00.000544,166,1.037,0.0011,"aoml_navis",1025.51394848582
"7901009",58,0.00393652308860626,1,0.028035,1,0.005607,1,150.860136444407,1,4.87516160941914,168,1,24.7339992523193,36.9339981079102,0.0280349999666214,0.0149520002305508,145.474899291992,-86.5246,25.1821,107.275983890224,63,63,63,63,61,63,0.005607,8278,1.42435338845813,25,-87,0.001869,51,2025-01-12 05:05:00.000544,168,1.037,0.0011,"aoml_navis",1025.60702610138
"7901009",58,0.00393652308860626,1,0.028035,1,0.005607,1,150.316530982537,1,4.87478023582841,170,1,24.5389995574951,36.9500007629395,0.0280349999666214,0.0149520002305508,144.950698852539,-86.5246,25.1821,107.275983890224,63,63,63,63,61,63,0.005607,8278,1.42435338845813,25,-87,0.001869,51,2025-01-12 05:05:00.000544,170,1.037,0.0011,"aoml_navis",1025.68726344857
"7901009",58,0.00787304617721252,1,0.033642,1,0.011214,1,149.612916833748,1,4.87447733547535,172,1,24.3850002288818,36.9609985351562,0.0336420014500618,0.020558999851346,144.272201538086,-86.5246,25.1821,107.275983890224,63,63,63,63,61,63,0.011214,8278,1.42435338845813,25,-87,0.001869,51,2025-01-12 05:05:00.000544,172,1.037,0.0011,"aoml_navis",1025.75099972486
"7901009",58,0.00131217436286875,1,0.024297,1,0.001869,1,149.360403124703,1,4.87416378220348,174,1,24.2229995727539,36.9720001220703,0.0242970008403063,0.0112140001729131,144.028701782227,-86.5246,25.1821,107.275983890224,63,63,63,63,61,63,0.001869,8278,1.42435338845813,25,-87,0.001869,51,2025-01-12 05:05:00.000544,174,1.037,0.0011,"aoml_navis",1025.81698593223
"7901009",58,0.00262434872573751,1,0.026166,1,0.003738,1,149.118158960537,1,4.87398158211999,176,1,24.136999130249,36.9770011901855,0.0261659994721413,0.0130829997360706,143.795104980469,-86.5246,25.1821,107.275983890224,63,63,63,63,61,63,0.003738,8278,1.42435338845813,25,-87,0.001869,51,2025-01-12 05:05:00.000544,176,1.037,0.0011,"aoml_navis",1025.85533321306
"7901009",58,0.00262434872573751,1,0.026166,1,0.003738,1,148.656994683284,1,4.87378107308595,178,1,24.0380001068115,36.9819984436035,0.0261659994721413,0.0130829997360706,143.350402832031,-86.5246,25.1821,107.275983890224,63,63,63,63,61,63,0.003738,8278,1.42435338845813,25,-87,0.001869,51,2025-01-12 05:05:00.000544,178,1.037,0.0011,"aoml_navis",1025.89753725522
"7901009",58,0,1,0.022428,1,0,1,148.518142208233,1,4.8735396260398,180,1,23.9050006866455,36.9850006103516,0.0224280003458261,0.00934499967843294,143.216506958008,-86.5246,25.1821,107.275983890224,63,63,63,63,61,63,0,8278,1.42435338845813,25,-87,0.001869,51,2025-01-12 05:05:00.000544,180,1.037,0.0011,"aoml_navis",1025.94836272275
"7901009",58,-0.00131217436286875,1,0.020559,1,-0.001869,1,148.257954031906,1,4.87335089761035,182,1,23.7959995269775,36.9830017089844,0.020558999851346,0.00747600011527538,142.965606689453,-86.5246,25.1821,107.275983890224,63,63,63,63,61,63,-0.001869,8278,1.42435338845813,25,-87,0.001869,51,2025-01-12 05:05:00.000544,182,1.037,0.0011,"aoml_navis",1025.98809423958
"7901009",58,0,1,0.022428,1,0,1,148.063402330396,1,4.87314344338667,184,1,23.6760005950928,36.9819984436035,0.0224280003458261,0.00934499967843294,142.77799987793,-86.5246,25.1821,107.275983890224,63,63,63,63,61,63,0,8278,1.42435338845813,25,-87,0.001869,51,2025-01-12 05:05:00.000544,184,1.037,0.0011,"aoml_navis",1026.03177150172
"7901009",58,0,1,0.022428,1,0,1,147.855891064547,1,4.8729746354784,186,1,23.5830001831055,36.9809989929199,0.0224280003458261,0.00934499967843294,142.577896118164,-86.5246,25.1821,107.275983890224,63,63,63,63,61,63,0,8278,1.42435338845813,25,-87,0.001869,51,2025-01-12 05:05:00.000544,186,1.037,0.0011,"aoml_navis",1026.06731494081
"7901009",58,-0.00393652308860626,1,0.016821,1,-0.005607,1,147.806537119284,1,4.87272570923654,188,1,23.4379997253418,36.9819984436035,0.0168210007250309,0.00373800005763769,142.530303955078,-86.5246,25.1821,107.275983890224,63,63,63,63,61,63,-0.005607,8278,1.42435338845813,25,-87,0.001869,51,2025-01-12 05:05:00.000544,188,1.037,0.0011,"aoml_navis",1026.11973223164
"7901009",58,-0.00262434872573751,1,0.01869,1,-0.003738,1,147.604833130739,1,4.87253225567925,190,1,23.3320007324219,36.9830017089844,0.0186899993568659,0.00560700008645654,142.335800170898,-86.5246,25.1821,107.275983890224,63,63,63,63,61,63,-0.003738,8278,1.42435338845813,25,-87,0.001869,51,2025-01-12 05:05:00.000544,190,1.037,0.0011,"aoml_navis",1026.16047213893
"7901009",58,-0.00262434872573751,1,0.01869,1,-0.003738,1,147.324944517782,1,4.87239544150985,192,1,23.2609996795654,36.9819984436035,0.0186899993568659,0.00560700008645654,142.065902709961,-86.5246,25.1821,107.275983890224,63,63,63,63,61,63,-0.003738,8278,1.42435338845813,25,-87,0.001869,51,2025-01-12 05:05:00.000544,192,1.037,0.0011,"aoml_navis",1026.18928615749
"7901009",58,-0.00131217436286875,1,0.020559,1,-0.001869,1,147.045261612194,1,4.87221304768727,194,1,23.1650009155273,36.984001159668,0.020558999851346,0.00747600011527538,141.796203613281,-86.5246,25.1821,107.275983890224,63,63,63,63,61,63,-0.001869,8278,1.42435338845813,25,-87,0.001869,51,2025-01-12 05:05:00.000544,194,1.037,0.0011,"aoml_navis",1026.22770208568
"7901009",58,-0.00131217436286875,1,0.020559,1,-0.001869,1,146.513476412303,1,4.87205154999999,196,1,23.076000213623,36.9830017089844,0.020558999851346,0.00747600011527538,141.283401489258,-86.5246,25.1821,107.275983890224,63,63,63,63,61,63,-0.001869,8278,1.42435338845813,25,-87,0.001869,51,2025-01-12 05:05:00.000544,196,1.037,0.0011,"aoml_navis",1026.26171925459
"7901009",58,-0.00131217436286875,1,0.020559,1,-0.001869,1,146.234109979593,1,4.87178748670053,198,1,22.8999996185303,36.9770011901855,0.020558999851346,0.00747600011527538,141.014007568359,-86.5246,25.1821,107.275983890224,63,63,63,63,61,63,-0.001869,8278,1.42435338845813,25,-87,0.001869,51,2025-01-12 05:05:00.000544,198,1.037,0.0011,"aoml_navis",1026.31734525561
"7901009",58,-0.00524869745147501,1,0.014952,1,-0.007476,1,146.160688271987,1,4.87162136105305,200,1,22.7810001373291,36.9659996032715,0.0149520002305508,0.00186900002881885,140.943206787109,-86.5246,25.1821,107.275983890224,63,63,63,63,61,63,-0.007476,8278,1.42435338845813,25,-87,0.001869,51,2025-01-12 05:05:00.000544,200,1.037,0.0011,"aoml_navis",1026.35234338475
"7901009",58,0,1,0.022428,1,0,1,146.032089518171,1,4.87149377005601,202,1,22.7000007629395,36.9589996337891,0.0224280003458261,0.00934499967843294,140.819198608398,-86.5246,25.1821,107.275983890224,63,63,63,63,61,63,0,8278,1.42435338845813,25,-87,0.001869,51,2025-01-12 05:05:00.000544,202,1.037,0.0011,"aoml_navis",1026.37922493792
"7901009",58,0,1,0.022428,1,0,1,145.839515772145,1,4.8713655756221,204,1,22.621000289917,36.9529991149902,0.0224280003458261,0.00934499967843294,140.633499145508,-86.5246,25.1821,107.275983890224,63,63,63,63,61,63,0,8278,1.42435338845813,25,-87,0.001869,51,2025-01-12 05:05:00.000544,204,1.037,0.0011,"aoml_navis",1026.40623504457
"7901009",58,0.00131217436286875,1,0.024297,1,0.001869,1,145.409872193503,1,4.87124911555879,206,1,22.55299949646,36.9480018615723,0.0242970008403063,0.0112140001729131,140.219192504883,-86.5246,25.1821,107.275983890224,63,63,63,63,61,63,0.001869,8278,1.42435338845813,25,-87,0.001869,51,2025-01-12 05:05:00.000544,206,1.037,0.0011,"aoml_navis",1026.43077399388
"7901009",58,0,1,0.022428,1,0,1,144.978899428774,1,4.87106875103521,208,1,22.4330005645752,36.9410018920898,0.0224280003458261,0.00934499967843294,139.803604125977,-86.5246,25.1821,107.275983890224,63,63,63,63,61,63,0,8278,1.42435338845813,25,-87,0.001869,51,2025-01-12 05:05:00.000544,208,1.037,0.0011,"aoml_navis",1026.46878037543
"7901009",58,-0.00262434872573751,1,0.01869,1,-0.003738,1,144.597692024049,1,4.87088844041233,210,1,22.3099994659424,36.9329986572266,0.0186899993568659,0.00560700008645654,139.436004638672,-86.5246,25.1821,107.275983890224,63,63,63,63,61,63,-0.003738,8278,1.42435338845813,25,-87,0.001869,51,2025-01-12 05:05:00.000544,210,1.037,0.0011,"aoml_navis",1026.50677821246
"7901009",58,-0.00262434872573751,1,0.01869,1,-0.003738,1,144.323610688395,1,4.87071140691784,212,1,22.1889991760254,36.9249992370605,0.0186899993568659,0.00560700008645654,139.17170715332,-86.5246,25.1821,107.275983890224,63,63,63,63,61,63,-0.003738,8278,1.42435338845813,25,-87,0.001869,51,2025-01-12 05:05:00.000544,212,1.037,0.0011,"aoml_navis",1026.54408817951
"7901009",58,-0.00262434872573751,1,0.01869,1,-0.003738,1,144.185581042826,1,4.87052841370171,213.899993896484,1,22.0669994354248,36.9189987182617,0.0186899993568659,0.00560700008645654,139.038604736328,-86.5246,25.1821,107.275983890224,63,63,63,63,61,63,-0.003738,8278,1.42435338845813,25,-87,0.001869,51,2025-01-12 05:05:00.000544,213.899993896484,1.037,0.0011,"aoml_navis",1026.58265701398
"7901009",58,-0.00131217436286875,1,0.020559,1,-0.001869,1,143.881308194648,1,4.87042259622825,216,1,22.0100002288818,36.9150009155273,0.020558999851346,0.00747600011527538,138.745193481445,-86.5246,25.1821,107.275983890224,63,63,63,63,61,63,-0.001869,8278,1.42435338845813,25,-87,0.001869,51,2025-01-12 05:05:00.000544,216,1.037,0.0011,"aoml_navis",1026.60496111202
"7901009",58,-0.00262434872573751,1,0.01869,1,-0.003738,1,143.635234708663,1,4.87031130135263,218,1,21.9500007629395,36.9119987487793,0.0186899993568659,0.00560700008645654,138.507904052734,-86.5246,25.1821,107.275983890224,63,63,63,63,61,63,-0.003738,8278,1.42435338845813,25,-87,0.001869,51,2025-01-12 05:05:00.000544,218,1.037,0.0011,"aoml_navis",1026.62842077699
"7901009",58,-0.00393652308860626,1,0.016821,1,-0.005607,1,143.629110958481,1,4.87016595270704,220,1,21.8619995117188,36.9080009460449,0.0168210007250309,0.00373800005763769,138.501998901367,-86.5246,25.1821,107.275983890224,63,63,63,63,61,63,-0.005607,8278,1.42435338845813,25,-87,0.001869,51,2025-01-12 05:05:00.000544,220,1.037,0.0011,"aoml_navis",1026.65906019502
"7901009",58,-0.00262434872573751,1,0.01869,1,-0.003738,1,143.526241449614,1,4.87007113990444,222,1,21.8139991760254,36.9049987792969,0.0186899993568659,0.00560700008645654,138.402801513672,-86.5246,25.1821,107.275983890224,63,63,63,63,61,63,-0.003738,8278,1.42435338845813,25,-87,0.001869,51,2025-01-12 05:05:00.000544,222,1.037,0.0011,"aoml_navis",1026.67904766954
"7901009",58,-0.00262434872573751,1,0.01869,1,-0.003738,1,143.583586335037,1,4.86995714411478,224,1,21.7490005493164,36.9010009765625,0.0186899993568659,0.00560700008645654,138.458099365234,-86.5246,25.1821,107.275983890224,63,63,63,63,61,63,-0.003738,8278,1.42435338845813,25,-87,0.001869,51,2025-01-12 05:05:00.000544,224,1.037,0.0011,"aoml_navis",1026.70308013744
"7901009",58,-0.00524869745147501,1,0.014952,1,-0.007476,1,143.616151394143,1,4.86985941803492,226,1,21.6959991455078,36.8969993591309,0.0149520002305508,0.00186900002881885,138.489501953125,-86.5246,25.1821,107.275983890224,63,63,63,63,61,63,-0.007476,8278,1.42435338845813,25,-87,0.001869,51,2025-01-12 05:05:00.000544,226,1.037,0.0011,"aoml_navis",1026.72368353861
"7901009",58,-0.00262434872573751,1,0.01869,1,-0.003738,1,143.674635581925,1,4.86973282866445,228,1,21.6159992218018,36.890998840332,0.0186899993568659,0.00560700008645654,138.5458984375,-86.5246,25.1821,107.275983890224,63,63,63,63,61,63,-0.003738,8278,1.42435338845813,25,-87,0.001869,51,2025-01-12 05:05:00.000544,228,1.037,0.0011,"aoml_navis",1026.75037336109
"7901009",58,-0.00393652308860626,1,0.016821,1,-0.005607,1,143.662198197835,1,4.86964564128456,230,1,21.568000793457,36.8860015869141,0.0168210007250309,0.00373800005763769,138.533905029297,-86.5246,25.1821,107.275983890224,63,63,63,63,61,63,-0.005607,8278,1.42435338845813,25,-87,0.001869,51,2025-01-12 05:05:00.000544,230,1.037,0.0011,"aoml_navis",1026.76875656214
"7901009",58,-0.00393652308860626,1,0.016821,1,-0.005607,1,143.763295458588,1,4.8695163624893,232,1,21.4829998016357,36.8790016174316,0.0168210007250309,0.00373800005763769,138.631393432617,-86.5246,25.1821,107.275983890224,63,63,63,63,61,63,-0.005607,8278,1.42435338845813,25,-87,0.001869,51,2025-01-12 05:05:00.000544,232,1.037,0.0011,"aoml_navis",1026.79601582527
"7901009",58,-0.00656087181434376,1,0.013083,1,-0.009345,1,143.883286150133,1,4.86934154627712,234,1,21.3500003814697,36.867000579834,0.0130829997360706,0,138.747100830078,-86.5246,25.1821,107.275983890224,63,63,63,63,61,63,-0.009345,8278,1.42435338845813,25,-87,0.001869,51,2025-01-12 05:05:00.000544,234,1.037,0.0011,"aoml_navis",1026.83287924684
"7901009",58,-0.00262434872573751,1,0.01869,1,-0.003738,1,144.086952270519,1,4.86917402587185,236,1,21.2220001220703,36.8549995422363,0.0186899993568659,0.00560700008645654,138.943496704102,-86.5246,25.1821,107.275983890224,63,63,63,63,61,63,-0.003738,8278,1.42435338845813,25,-87,0.001869,51,2025-01-12 05:05:00.000544,236,1.037,0.0011,"aoml_navis",1026.86820668824
"7901009",58,-0.00393652308860626,1,0.016821,1,-0.005607,1,144.255474077846,1,4.86901900847321,238,1,21.1030006408691,36.8429985046387,0.0168210007250309,0.00373800005763769,139.106002807617,-86.5246,25.1821,107.275983890224,63,63,63,63,61,63,-0.005607,8278,1.42435338845813,25,-87,0.001869,51,2025-01-12 05:05:00.000544,238,1.037,0.0011,"aoml_navis",1026.90089960603
"7901009",58,-0.00262434872573751,1,0.01869,1,-0.003738,1,144.274446626859,1,4.8688793258946,240,1,20.9979991912842,36.8320007324219,0.0186899993568659,0.00560700008645654,139.124298095703,-86.5246,25.1821,107.275983890224,63,63,63,63,61,63,-0.003738,8278,1.42435338845813,25,-87,0.001869,51,2025-01-12 05:05:00.000544,240,1.037,0.0011,"aoml_navis",1026.93036021822
"7901009",58,-0.00524869745147501,1,0.014952,1,-0.007476,1,144.428758801981,1,4.86869882178045,242,1,20.8449993133545,36.814998626709,0.0149520002305508,0.00186900002881885,139.273101806641,-86.5246,25.1821,107.275983890224,63,63,63,63,61,63,-0.007476,8278,1.42435338845813,25,-87,0.001869,51,2025-01-12 05:05:00.000544,242,1.037,0.0011,"aoml_navis",1026.96843305077
"7901009",58,-0.00393652308860626,1,0.016821,1,-0.005607,1,144.497607476505,1,4.8684912442323,244,1,20.6650009155273,36.7960014343262,0.0168210007250309,0.00373800005763769,139.339492797852,-86.5246,25.1821,107.275983890224,63,63,63,63,61,63,-0.005607,8278,1.42435338845813,25,-87,0.001869,51,2025-01-12 05:05:00.000544,244,1.037,0.0011,"aoml_navis",1027.01221983782
"7901009",58,-0.00393652308860626,1,0.016821,1,-0.005607,1,144.251945405261,1,4.86836360709543,246,1,20.5540008544922,36.7799987792969,0.0168210007250309,0.00373800005763769,139.102600097656,-86.5246,25.1821,107.275983890224,63,63,63,63,61,63,-0.005607,8278,1.42435338845813,25,-87,0.001869,51,2025-01-12 05:05:00.000544,246,1.037,0.0011,"aoml_navis",1027.03914570241
"7901009",58,-0.00393652308860626,1,0.016821,1,-0.005607,1,143.80799725255,1,4.86824235434898,248,1,20.4419994354248,36.7620010375977,0.0168210007250309,0.00373800005763769,138.674499511719,-86.5246,25.1821,107.275983890224,63,63,63,63,61,63,-0.005607,8278,1.42435338845813,25,-87,0.001869,51,2025-01-12 05:05:00.000544,248,1.037,0.0011,"aoml_navis",1027.06472604703
"7901009",58,-0.00262434872573751,1,0.01869,1,-0.003738,1,143.561085113439,1,4.86811516227791,250,1,20.3250007629395,36.7439994812012,0.0186899993568659,0.00560700008645654,138.436401367188,-86.5246,25.1821,107.275983890224,63,63,63,63,61,63,-0.003738,8278,1.42435338845813,25,-87,0.001869,51,2025-01-12 05:05:00.000544,250,1.037,0.0011,"aoml_navis",1027.0915607634
"7901009",58,-0.00393652308860626,1,0.016821,1,-0.005607,1,143.473042358888,1,4.8680031184992,252,1,20.2250003814697,36.7280006408691,0.0168210007250309,0.00373800005763769,138.351501464844,-86.5246,25.1821,107.275983890224,63,63,63,63,61,63,-0.005607,8278,1.42435338845813,25,-87,0.001869,51,2025-01-12 05:05:00.000544,252,1.037,0.0011,"aoml_navis",1027.11520068654
"7901009",58,-0.00524869745147501,1,0.014952,1,-0.007476,1,143.709162772872,1,4.867854687375,254,1,20.0849990844727,36.7080001831055,0.0149520002305508,0.00186900002881885,138.579193115234,-86.5246,25.1821,107.275983890224,63,63,63,63,61,63,-0.007476,8278,1.42435338845813,25,-87,0.001869,51,2025-01-12 05:05:00.000544,254,1.037,0.0011,"aoml_navis",1027.14651958854
"7901009",58,-0.00262434872573751,1,0.01869,1,-0.003738,1,144.432081767196,1,4.8676624539365,256,1,19.9099998474121,36.6879997253418,0.0186899993568659,0.00560700008645654,139.276306152344,-86.5246,25.1821,107.275983890224,63,63,63,63,61,63,-0.003738,8278,1.42435338845813,25,-87,0.001869,51,2025-01-12 05:05:00.000544,256,1.037,0.0011,"aoml_navis",1027.18708359831
"7901009",58,-0.00262434872573751,1,0.01869,1,-0.003738,1,145.17053957981,1,4.86753212760461,258,1,19.7999992370605,36.673999786377,0.0186899993568659,0.00560700008645654,139.988403320312,-86.5246,25.1821,107.275983890224,63,63,63,63,61,63,-0.003738,8278,1.42435338845813,25,-87,0.001869,51,2025-01-12 05:05:00.000544,258,1.037,0.0011,"aoml_navis",1027.214586144
"7901009",58,-0.00524869745147501,1,0.014952,1,-0.007476,1,145.736440555908,1,4.86737446948701,260,1,19.6679992675781,36.6599998474121,0.0149520002305508,0.00186900002881885,140.534103393555,-86.5246,25.1821,107.275983890224,63,63,63,63,61,63,-0.007476,8278,1.42435338845813,25,-87,0.001869,51,2025-01-12 05:05:00.000544,260,1.037,0.0011,"aoml_navis",1027.24785843875
"7901009",58,-0.00393652308860626,1,0.016821,1,-0.005607,1,145.919156171796,1,4.86729803531862,262,1,19.6200008392334,36.6529998779297,0.0168210007250309,0.00373800005763769,140.710296630859,-86.5246,25.1821,107.275983890224,63,63,63,63,61,63,-0.005607,8278,1.42435338845813,25,-87,0.001869,51,2025-01-12 05:05:00.000544,262,1.037,0.0011,"aoml_navis",1027.26398994236
"7901009",58,0,1,0.014952,1,-0.007476,1,146.283463924856,1,4.86721270078029,264,1,19.5620002746582,36.6450004577637,0.0149520002305508,0,141.061599731445,-86.5246,25.1821,107.275983890224,63,63,63,63,61,63,0,8278,1.42435338845813,25,-87,0.001869,51,2025-01-12 05:05:00.000544,264,1.037,0.0011,"aoml_navis",1027.28200047605
"7901009",58,0,1,0.016821,1,-0.005607,1,146.61789663827,1,4.86709170392422,266,1,19.4640007019043,36.632999420166,0.0168210007250309,0,141.384094238281,-86.5246,25.1821,107.275983890224,63,63,63,63,61,63,0,8278,1.42435338845813,25,-87,0.001869,51,2025-01-12 05:05:00.000544,266,1.037,0.0011,"aoml_navis",1027.30753890843
"7901009",58,0,1,0.014952,1,-0.007476,1,146.870315405451,1,4.86700030374824,268,1,19.3980007171631,36.6240005493164,0.0149520002305508,0,141.627502441406,-86.5246,25.1821,107.275983890224,63,63,63,63,61,63,0,8278,1.42435338845813,25,-87,0.001869,51,2025-01-12 05:05:00.000544,268,1.037,0.0011,"aoml_navis",1027.32683130291
"7901009",58,0,1,0.011214,1,-0.011214,1,147.072430808737,1,4.86689894326344,270,1,19.3209991455078,36.6139984130859,0.0112140001729131,0,141.822402954102,-86.5246,25.1821,107.275983890224,63,63,63,63,61,63,0,8278,1.42435338845813,25,-87,0.001869,51,2025-01-12 05:05:00.000544,270,1.037,0.0011,"aoml_navis",1027.34822692811
"7901009",58,0,1,0.013083,1,-0.009345,1,147.354598026414,1,4.86677137406528,272,1,19.2169990539551,36.6020011901855,0.0130829997360706,0,142.094497680664,-86.5246,25.1821,107.275983890224,63,63,63,63,61,63,0,8278,1.42435338845813,25,-87,0.001869,51,2025-01-12 05:05:00.000544,272,1.037,0.0011,"aoml_navis",1027.37515607261
"7901009",58,0,1,0.016821,1,-0.005607,1,147.458195422899,1,4.86667925733701,274,1,19.1469993591309,36.5919990539551,0.0168210007250309,0,142.194396972656,-86.5246,25.1821,107.275983890224,63,63,63,63,61,63,0,8278,1.42435338845813,25,-87,0.001869,51,2025-01-12 05:05:00.000544,274,1.037,0.0011,"aoml_navis",1027.39460227669
"7901009",58,0,1,0.016821,1,-0.005607,1,147.578186114445,1,4.86660377412577,276,1,19.0990009307861,36.5849990844727,0.0168210007250309,0,142.310104370117,-86.5246,25.1821,107.275983890224,63,63,63,63,61,63,0,8278,1.42435338845813,25,-87,0.001869,51,2025-01-12 05:05:00.000544,276,1.037,0.0011,"aoml_navis",1027.41053762861
"7901009",58,0,1,0.014952,1,-0.007476,1,147.639676794564,1,4.86653829103108,278,1,19.0590000152588,36.5779991149902,0.0149520002305508,0,142.369400024414,-86.5246,25.1821,107.275983890224,63,63,63,63,61,63,0,8278,1.42435338845813,25,-87,0.001869,51,2025-01-12 05:05:00.000544,278,1.037,0.0011,"aoml_navis",1027.42436224429
"7901009",58,0,1,0.011214,1,-0.011214,1,147.747625693117,1,4.86645687625083,280,1,19.0090007781982,36.5719985961914,0.0112140001729131,0,142.473495483398,-86.5246,25.1821,107.275983890224,63,63,63,63,61,63,0,8278,1.42435338845813,25,-87,0.001869,51,2025-01-12 05:05:00.000544,280,1.037,0.0011,"aoml_navis",1027.4415508336
"7901009",58,0,1,0.014952,1,-0.007476,1,147.700344645202,1,4.86640426486208,282,1,18.9909992218018,36.5690002441406,0.0149520002305508,0,142.42790222168,-86.5246,25.1821,107.275983890224,63,63,63,63,61,63,0,8278,1.42435338845813,25,-87,0.001869,51,2025-01-12 05:05:00.000544,282,1.037,0.0011,"aoml_navis",1027.45265865036
"7901009",58,0,1,0.016821,1,-0.005607,1,147.658855050947,1,4.86635547403188,284,1,18.9790000915527,36.5670013427734,0.0168210007250309,0,142.387893676758,-86.5246,25.1821,107.275983890224,63,63,63,63,61,63,0,8278,1.42435338845813,25,-87,0.001869,51,2025-01-12 05:05:00.000544,284,1.037,0.0011,"aoml_navis",1027.46296004911
"7901009",58,0,1,0.01869,1,-0.003738,1,147.456739647662,1,4.86631288379599,286,1,18.9720001220703,36.564998626709,0.0186899993568659,0,142.192993164062,-86.5246,25.1821,107.275983890224,63,63,63,63,61,63,0,8278,1.42435338845813,25,-87,0.001869,51,2025-01-12 05:05:00.000544,286,1.037,0.0011,"aoml_navis",1027.471952461
"7901009",58,0,1,0.014952,1,-0.007476,1,147.317792230748,1,4.86625499742004,288,1,18.9379997253418,36.5579986572266,0.0149520002305508,0,142.059005737305,-86.5246,25.1821,107.275983890224,63,63,63,63,61,63,0,8278,1.42435338845813,25,-87,0.001869,51,2025-01-12 05:05:00.000544,288,1.037,0.0011,"aoml_navis",1027.48417471975
"7901009",58,0,1,0.014952,1,-0.007476,1,147.257535794851,1,4.86611127124709,290,1,18.8020000457764,36.5400009155273,0.0149520002305508,0,142.000900268555,-86.5246,25.1821,107.275983890224,63,63,63,63,61,63,0,8278,1.42435338845813,25,-87,0.001869,51,2025-01-12 05:05:00.000544,290,1.037,0.0011,"aoml_navis",1027.51452264235
"7901009",58,0,1,0.013083,1,-0.009345,1,147.023583220078,1,4.86603498851925,292,1,18.7439994812012,36.5299987792969,0.0130829997360706,0,141.775299072266,-86.5246,25.1821,107.275983890224,63,63,63,63,61,63,0,8278,1.42435338845813,25,-87,0.001869,51,2025-01-12 05:05:00.000544,292,1.037,0.0011,"aoml_navis",1027.53063054352
"7901009",58,0,1,0.01869,1,-0.003738,1,147.009785002614,1,4.86594902143635,294,1,18.67799949646,36.5200004577637,0.0186899993568659,0,141.761993408203,-86.5246,25.1821,107.275983890224,63,63,63,63,61,63,0,8278,1.42435338845813,25,-87,0.001869,51,2025-01-12 05:05:00.000544,294,1.037,0.0011,"aoml_navis",1027.54878400351
"7901009",58,0,1,0.014952,1,-0.007476,1,147.1202340369,1,4.86584480724061,296,1,18.5909996032715,36.507999420166,0.0149520002305508,0,141.868499755859,-86.5246,25.1821,107.275983890224,63,63,63,63,61,63,0,8278,1.42435338845813,25,-87,0.001869,51,2025-01-12 05:05:00.000544,296,1.037,0.0011,"aoml_navis",1027.57079152211
"7901009",58,0,1,0.014952,1,-0.007476,1,146.987711019401,1,4.8657887554618,298,1,18.5669994354248,36.5040016174316,0.0149520002305508,0,141.740707397461,-86.5246,25.1821,107.275983890224,63,63,63,63,61,63,0,8278,1.42435338845813,25,-87,0.001869,51,2025-01-12 05:05:00.000544,298,1.037,0.0011,"aoml_navis",1027.58262869253
"7901009",58,0,1,0.014952,1,-0.007476,1,146.888148652105,1,4.86573030017763,300,1,18.5410003662109,36.5,0.0149520002305508,0,141.64469909668,-86.5246,25.1821,107.275983890224,63,63,63,63,61,63,0,8278,1.42435338845813,25,-87,0.001869,51,2025-01-12 05:05:00.000544,300,1.037,0.0011,"aoml_navis",1027.5949737324
"7901009",58,0,1,0.013083,1,-0.009345,1,146.718281835048,1,4.86565100547603,302,1,18.4860000610352,36.492000579834,0.0130829997360706,0,141.480895996094,-86.5246,25.1821,107.275983890224,63,63,63,63,61,63,0,8278,1.42435338845813,25,-87,0.001869,51,2025-01-12 05:05:00.000544,302,1.037,0.0011,"aoml_navis",1027.61172027603
"7901009",58,0,1,0.016821,1,-0.005607,1,146.722649160759,1,4.86555957745309,304,1,18.4090003967285,36.4799995422363,0.0168210007250309,0,141.485107421875,-86.5246,25.1821,107.275983890224,63,63,63,63,61,63,0,8278,1.42435338845813,25,-87,0.001869,51,2025-01-12 05:05:00.000544,304,1.037,0.0011,"aoml_navis",1027.63102997853
"7901009",58,0,1,0.014952,1,-0.007476,1,146.610443702002,1,4.8654878597262,306,1,18.363000869751,36.4729995727539,0.0149520002305508,0,141.376907348633,-86.5246,25.1821,107.275983890224,63,63,63,63,61,63,0,8278,1.42435338845813,25,-87,0.001869,51,2025-01-12 05:05:00.000544,306,1.037,0.0011,"aoml_navis",1027.64617735196
"7901009",58,0,1,0.016821,1,-0.005607,1,146.3797982688,1,4.86543927746191,308,1,18.3449993133545,36.4690017700195,0.0168210007250309,0,141.154495239258,-86.5246,25.1821,107.275983890224,63,63,63,63,61,63,0,8278,1.42435338845813,25,-87,0.001869,51,2025-01-12 05:05:00.000544,308,1.037,0.0011,"aoml_navis",1027.65643857923
"7901009",58,0,1,0.020559,1,-0.001869,1,146.030428035563,1,4.865382227176,310,1,18.3169994354248,36.4640007019043,0.020558999851346,0,140.817596435547,-86.5246,25.1821,107.275983890224,63,63,63,63,61,63,0,8278,1.42435338845813,25,-87,0.001869,51,2025-01-12 05:05:00.000544,310,1.037,0.0011,"aoml_navis",1027.66848862811
"7901009",58,0,1,0.016821,1,-0.005607,1,145.773768531822,1,4.8652876679548,312,1,18.2339992523193,36.451000213623,0.0168210007250309,0,140.570098876953,-86.5246,25.1821,107.275983890224,63,63,63,63,61,63,0,8278,1.42435338845813,25,-87,0.001869,51,2025-01-12 05:05:00.000544,312,1.037,0.0011,"aoml_navis",1027.68846186269
"7901009",58,0,1,0.01869,1,-0.003738,1,145.671104730325,1,4.86520060332456,314,1,18.1630001068115,36.439998626709,0.0186899993568659,0,140.471099853516,-86.5246,25.1821,107.275983890224,63,63,63,63,61,63,0,8278,1.42435338845813,25,-87,0.001869,51,2025-01-12 05:05:00.000544,314,1.037,0.0011,"aoml_navis",1027.70685274176
"7901009",58,0,1,0.01869,1,-0.003738,1,145.476869501693,1,4.86514974286684,316,1,18.1429996490479,36.4360008239746,0.0186899993568659,0,140.283798217773,-86.5246,25.1821,107.275983890224,63,63,63,63,61,63,0,8278,1.42435338845813,25,-87,0.001869,51,2025-01-12 05:05:00.000544,316,1.037,0.0011,"aoml_navis",1027.71759642771
"7901009",58,0,1,0.01869,1,-0.003738,1,145.171568116663,1,4.86510250957267,318,1,18.1319999694824,36.4339981079102,0.0186899993568659,0,139.989395141602,-86.5246,25.1821,107.275983890224,63,63,63,63,61,63,0,8278,1.42435338845813,25,-87,0.001869,51,2025-01-12 05:05:00.000544,318,1.037,0.0011,"aoml_navis",1027.72757411831
"7901009",58,0,1,0.013083,1,-0.009345,1,144.840031130079,1,4.86504325967699,320,1,18.1019992828369,36.4290008544922,0.0130829997360706,0,139.669692993164,-86.5246,25.1821,107.275983890224,63,63,63,63,61,63,0,8278,1.42435338845813,25,-87,0.001869,51,2025-01-12 05:05:00.000544,320,1.037,0.0011,"aoml_navis",1027.7400905027
"7901009",58,0,1,0.01869,1,-0.003738,1,144.634909234456,1,4.8649577662431,322,1,18.0289993286133,36.4169998168945,0.0186899993568659,0,139.471893310547,-86.5246,25.1821,107.275983890224,63,63,63,63,61,63,0,8278,1.42435338845813,25,-87,0.001869,51,2025-01-12 05:05:00.000544,322,1.037,0.0011,"aoml_navis",1027.75815130276
"7901009",58,0,1,0.014952,1,-0.007476,1,144.248938912923,1,4.86486410612534,324,1,17.9489994049072,36.4049987792969,0.0149520002305508,0,139.099700927734,-86.5246,25.1821,107.275983890224,63,63,63,63,61,63,0,8278,1.42435338845813,25,-87,0.001869,51,2025-01-12 05:05:00.000544,324,1.037,0.0011,"aoml_navis",1027.77793807324
"7901009",58,0,1,0.016821,1,-0.005607,1,143.892416392652,1,4.86478032319714,326,1,17.871000289917,36.390998840332,0.0168210007250309,0,138.755905151367,-86.5246,25.1821,107.275983890224,63,63,63,63,61,63,0,8278,1.42435338845813,25,-87,0.001869,51,2025-01-12 05:05:00.000544,326,1.037,0.0011,"aoml_navis",1027.79563882013
"7901009",58,0,1,0.013083,1,-0.009345,1,143.552065636427,1,4.86469895974031,328,1,17.806999206543,36.3810005187988,0.0130829997360706,0,138.427703857422,-86.5246,25.1821,107.275983890224,63,63,63,63,61,63,0,8278,1.42435338845813,25,-87,0.001869,51,2025-01-12 05:05:00.000544,328,1.037,0.0011,"aoml_navis",1027.81282899095
"7901009",58,0,1,0.01869,1,-0.003738,1,143.14523975226,1,4.86462609160299,330,1,17.75,36.3709983825684,0.0186899993568659,0,138.035400390625,-86.5246,25.1821,107.275983890224,63,63,63,63,61,63,0,8278,1.42435338845813,25,-87,0.001869,51,2025-01-12 05:05:00.000544,330,1.037,0.0011,"aoml_navis",1027.82822479012
"7901009",58,0,1,0.016821,1,-0.005607,1,142.636272246844,1,4.86455920846662,332,1,17.701000213623,36.3619995117188,0.0168210007250309,0,137.54460144043,-86.5246,25.1821,107.275983890224,63,63,63,63,61,63,0,8278,1.42435338845813,25,-87,0.001869,51,2025-01-12 05:05:00.000544,332,1.037,0.0011,"aoml_navis",1027.84235646627
"7901009",58,0,1,0.016821,1,-0.005607,1,142.227484230836,1,4.86447938875904,334,1,17.6410007476807,36.3530006408691,0.0168210007250309,0,137.150405883789,-86.5246,25.1821,107.275983890224,63,63,63,63,61,63,0,8278,1.42435338845813,25,-87,0.001869,51,2025-01-12 05:05:00.000544,334,1.037,0.0011,"aoml_navis",1027.85922200722
"7901009",58,0,1,0.016821,1,-0.005607,1,141.668624776265,1,4.86441855210094,336,1,17.6000003814697,36.3450012207031,0.0168210007250309,0,136.61149597168,-86.5246,25.1821,107.275983890224,63,63,63,63,61,63,0,8278,1.42435338845813,25,-87,0.001869,51,2025-01-12 05:05:00.000544,336,1.037,0.0011,"aoml_navis",1027.87207688789
"7901009",58,0,1,0.016821,1,-0.005607,1,140.745789865156,1,4.86434833287386,338,1,17.5510005950928,36.3370018005371,0.0168210007250309,0,135.721603393555,-86.5246,25.1821,107.275983890224,63,63,63,63,61,63,0,8278,1.42435338845813,25,-87,0.001869,51,2025-01-12 05:05:00.000544,338,1.037,0.0011,"aoml_navis",1027.88691471978
"7901009",58,0,1,0.01869,1,-0.003738,1,139.68522595771,1,4.86425671976721,340,1,17.4529991149902,36.3190002441406,0.0186899993568659,0,134.69889831543,-86.5246,25.1821,107.275983890224,63,63,63,63,61,63,0,8278,1.42435338845813,25,-87,0.001869,51,2025-01-12 05:05:00.000544,340,1.037,0.0011,"aoml_navis",1027.9062738776
"7901009",58,0,1,0.014952,1,-0.007476,1,139.164121717438,1,4.86410546895863,342,1,17.2789993286133,36.2929992675781,0.0149520002305508,0,134.196395874023,-86.5246,25.1821,107.275983890224,63,63,63,63,61,63,0,8278,1.42435338845813,25,-87,0.001869,51,2025-01-12 05:05:00.000544,342,1.037,0.0011,"aoml_navis",1027.9382369294
"7901009",58,0,1,0.014952,1,-0.007476,1,138.121818295031,1,4.8640523373496,344,1,17.2409992218018,36.2840003967285,0.0149520002305508,0,133.191299438477,-86.5246,25.1821,107.275983890224,63,63,63,63,61,63,0,8278,1.42435338845813,25,-87,0.001869,51,2025-01-12 05:05:00.000544,344,1.037,0.0011,"aoml_navis",1027.94946542958
"7901009",58,0,1,0.016821,1,-0.005607,1,136.697057400033,1,4.86397786905407,346,1,17.1660003662109,36.2690010070801,0.0168210007250309,0,131.817398071289,-86.5246,25.1821,107.275983890224,63,63,63,63,61,63,0,8278,1.42435338845813,25,-87,0.001869,51,2025-01-12 05:05:00.000544,346,1.037,0.0011,"aoml_navis",1027.96520350377
"7901009",58,0,1,0.01869,1,-0.003738,1,135.642095062521,1,4.86379419492955,348,1,16.9340000152588,36.234001159668,0.0186899993568659,0,130.800094604492,-86.5246,25.1821,107.275983890224,63,63,63,63,61,63,0,8278,1.42435338845813,25,-87,0.001869,51,2025-01-12 05:05:00.000544,348,1.037,0.0011,"aoml_navis",1028.00402311686
"7901009",58,0,1,0.016821,1,-0.005607,1,134.86911005896,1,4.86367504111706,350,1,16.7910003662109,36.2099990844727,0.0168210007250309,0,130.054702758789,-86.5246,25.1821,107.275983890224,63,63,63,63,61,63,0,8278,1.42435338845813,25,-87,0.001869,51,2025-01-12 05:05:00.000544,350,1.037,0.0011,"aoml_navis",1028.02920789947
"7901009",58,0,1,0.014952,1,-0.007476,1,133.881556444379,1,4.86360983559102,352,1,16.7450008392334,36.2019996643066,0.0149520002305508,0,129.102401733398,-86.5246,25.1821,107.275983890224,63,63,63,63,61,63,0,8278,1.42435338845813,25,-87,0.001869,51,2025-01-12 05:05:00.000544,352,1.037,0.0011,"aoml_navis",1028.04299049872
"7901009",58,0,1,0.020559,1,-0.001869,1,132.658285918733,1,4.86354050139879,354,1,16.6889991760254,36.1920013427734,0.020558999851346,0,127.922798156738,-86.5246,25.1821,107.275983890224,63,63,63,63,61,63,0,8278,1.42435338845813,25,-87,0.001869,51,2025-01-12 05:05:00.000544,354,1.037,0.0011,"aoml_navis",1028.05764618635
"7901009",58,0,1,0.014952,1,-0.007476,1,131.843914174602,1,4.86346180782091,356,1,16.6119995117188,36.1780014038086,0.0149520002305508,0,127.137496948242,-86.5246,25.1821,107.275983890224,63,63,63,63,61,63,0,8278,1.42435338845813,25,-87,0.001869,51,2025-01-12 05:05:00.000544,356,1.037,0.0011,"aoml_navis",1028.07428074371
"7901009",58,0,1,0.020559,1,-0.001869,1,131.713875469192,1,4.86337403478544,358,1,16.5300006866455,36.1650009155273,0.020558999851346,0,127.012100219727,-86.5246,25.1821,107.275983890224,63,63,63,63,61,63,0,8278,1.42435338845813,25,-87,0.001869,51,2025-01-12 05:05:00.000544,358,1.037,0.0011,"aoml_navis",1028.09283518754
"7901009",58,0,1,0.016821,1,-0.005607,1,131.744256865442,1,4.86328924127763,360,1,16.4440002441406,36.1500015258789,0.0168210007250309,0,127.041397094727,-86.5246,25.1821,107.275983890224,63,63,63,63,61,63,0,8278,1.42435338845813,25,-87,0.001869,51,2025-01-12 05:05:00.000544,360,1.037,0.0011,"aoml_navis",1028.11076042157
"7901009",58,0,1,0.020559,1,-0.001869,1,131.562466932721,1,4.86316618965559,362,1,16.2950000762939,36.1259994506836,0.020558999851346,0,126.866096496582,-86.5246,25.1821,107.275983890224,63,63,63,63,61,63,0,8278,1.42435338845813,25,-87,0.001869,51,2025-01-12 05:05:00.000544,362,1.037,0.0011,"aoml_navis",1028.1367744815
"7901009",58,0,1,0.022428,1,0,1,132.008907309343,1,4.86302715110357,364,1,16.1180000305176,36.0979995727539,0.0224280003458261,0,127.296600341797,-86.5246,25.1821,107.275983890224,63,63,63,63,61,63,0,8278,1.42435338845813,25,-87,0.001869,51,2025-01-12 05:05:00.000544,364,1.037,0.0011,"aoml_navis",1028.16616988563
"7901009",58,0,1,0.016821,1,-0.005607,1,132.480546838845,1,4.86291700314427,366,1,15.9949998855591,36.0789985656738,0.0168210007250309,0,127.751403808594,-86.5246,25.1821,107.275983890224,63,63,63,63,61,63,0,8278,1.42435338845813,25,-87,0.001869,51,2025-01-12 05:05:00.000544,366,1.037,0.0011,"aoml_navis",1028.18945846024
"7901009",58,0,1,0.014952,1,-0.007476,1,132.596067350994,1,4.86284768305517,368,1,15.9440002441406,36.0709991455078,0.0149520002305508,0,127.862800598145,-86.5246,25.1821,107.275983890224,63,63,63,63,61,63,0,8278,1.42435338845813,25,-87,0.001869,51,2025-01-12 05:05:00.000544,368,1.037,0.0011,"aoml_navis",1028.20411534228
"7901009",58,0,1,0.016821,1,-0.005607,1,132.582174191667,1,4.86278485103448,370,1,15.9020004272461,36.0639991760254,0.0168210007250309,0,127.849403381348,-86.5246,25.1821,107.275983890224,63,63,63,63,61,63,0,8278,1.42435338845813,25,-87,0.001869,51,2025-01-12 05:05:00.000544,370,1.037,0.0011,"aoml_navis",1028.21740076293
"7901009",58,0,1,0.016821,1,-0.005607,1,132.352675972647,1,4.86272875518619,372,1,15.8660001754761,36.056999206543,0.0168210007250309,0,127.62809753418,-86.5246,25.1821,107.275983890224,63,63,63,63,61,63,0,8278,1.42435338845813,25,-87,0.001869,51,2025-01-12 05:05:00.000544,372,1.037,0.0011,"aoml_navis",1028.22926215397
"7901009",58,0,1,0.016821,1,-0.005607,1,131.873781302426,1,4.86268401890262,374,1,15.8500003814697,36.0530014038086,0.0168210007250309,0,127.166297912598,-86.5246,25.1821,107.275983890224,63,63,63,63,61,63,0,8278,1.42435338845813,25,-87,0.001869,51,2025-01-12 05:05:00.000544,374,1.037,0.0011,"aoml_navis",1028.23872177661
"7901009",58,0,1,0.022428,1,0,1,131.099854792054,1,4.86262034173329,376,1,15.793999671936,36.0419998168945,0.0224280003458261,0,126.419998168945,-86.5246,25.1821,107.275983890224,63,63,63,63,61,63,0,8278,1.42435338845813,25,-87,0.001869,51,2025-01-12 05:05:00.000544,376,1.037,0.0011,"aoml_navis",1028.25218680711
"7901009",58,0,1,0.022428,1,0,1,129.992318397749,1,4.86252661788471,378,1,15.6909999847412,36.0250015258789,0.0224280003458261,0,125.351997375488,-86.5246,25.1821,107.275983890224,63,63,63,63,61,63,0,8278,1.42435338845813,25,-87,0.001869,51,2025-01-12 05:05:00.000544,378,1.037,0.0011,"aoml_navis",1028.27200608212
"7901009",58,0,1,0.022428,1,0,1,129.253449170394,1,4.86237817314574,380,1,15.5080003738403,35.9990005493164,0.0224280003458261,0,124.639503479004,-86.5246,25.1821,107.275983890224,63,63,63,63,61,63,0,8278,1.42435338845813,25,-87,0.001869,51,2025-01-12 05:05:00.000544,380,1.037,0.0011,"aoml_navis",1028.30339845106
"7901009",58,0,1,0.020559,1,-0.001869,1,128.666700543484,1,4.86229414504842,382,1,15.4359998703003,35.9889984130859,0.020558999851346,0,124.073699951172,-86.5246,25.1821,107.275983890224,63,63,63,63,61,63,0,8278,1.42435338845813,25,-87,0.001869,51,2025-01-12 05:05:00.000544,382,1.037,0.0011,"aoml_navis",1028.32116915259
"7901009",58,0,1,0.01869,1,-0.003738,1,128.306127170379,1,4.862241266514,384,1,15.4090003967285,35.984001159668,0.0186899993568659,0,123.725997924805,-86.5246,25.1821,107.275983890224,63,63,63,63,61,63,0,8278,1.42435338845813,25,-87,0.001869,51,2025-01-12 05:05:00.000544,384,1.037,0.0011,"aoml_navis",1028.33235249652
"7901009",58,0,1,0.016821,1,-0.005607,1,127.937887241815,1,4.86219828099329,386,1,15.4010000228882,35.9819984436035,0.0168210007250309,0,123.370903015137,-86.5246,25.1821,107.275983890224,63,63,63,63,61,63,0,8278,1.42435338845813,25,-87,0.001869,51,2025-01-12 05:05:00.000544,386,1.037,0.0011,"aoml_navis",1028.34144373449
"7901009",58,0,1,0.020559,1,-0.001869,1,127.453074528783,1,4.8621552844945,388,1,15.3929996490479,35.9799995422363,0.020558999851346,0,122.903396606445,-86.5246,25.1821,107.275983890224,63,63,63,63,61,63,0,8278,1.42435338845813,25,-87,0.001869,51,2025-01-12 05:05:00.000544,388,1.037,0.0011,"aoml_navis",1028.35053745508
"7901009",58,0,1,0.016821,1,-0.005607,1,126.522145823828,1,4.86210027897213,390,1,15.3640003204346,35.9749984741211,0.0168210007250309,0,122.005699157715,-86.5246,25.1821,107.275983890224,63,63,63,63,61,63,0,8278,1.42435338845813,25,-87,0.001869,51,2025-01-12 05:05:00.000544,390,1.037,0.0011,"aoml_navis",1028.36217130779
"7901009",58,0,1,0.020559,1,-0.001869,1,125.321795846343,1,4.86203223985234,392,1,15.3030004501343,35.9640007019043,0.020558999851346,0,120.848197937012,-86.5246,25.1821,107.275983890224,63,63,63,63,61,63,0,8278,1.42435338845813,25,-87,0.001869,51,2025-01-12 05:05:00.000544,392,1.037,0.0011,"aoml_navis",1028.37656217431
"7901009",58,0,1,0.016821,1,-0.005607,1,124.498926805448,1,4.86192681596666,394,1,15.1940002441406,35.9490013122559,0.0168210007250309,0,120.054702758789,-86.5246,25.1821,107.275983890224,63,63,63,63,61,63,0,8278,1.42435338845813,25,-87,0.001869,51,2025-01-12 05:05:00.000544,394,1.037,0.0011,"aoml_navis",1028.39886104001
"7901009",58,0,1,0.020559,1,-0.001869,1,123.853693990756,1,4.86186168373949,396,1,15.1420001983643,35.939998626709,0.020558999851346,0,119.432502746582,-86.5246,25.1821,107.275983890224,63,63,63,63,61,63,0,8278,1.42435338845813,25,-87,0.001869,51,2025-01-12 05:05:00.000544,396,1.037,0.0011,"aoml_navis",1028.4126380482
"7901009",58,0,1,0.01869,1,-0.003738,1,123.101129399622,1,4.8618008665844,398,1,15.1040000915527,35.9339981079102,0.0186899993568659,0,118.706802368164,-86.5246,25.1821,107.275983890224,63,63,63,63,61,63,0,8278,1.42435338845813,25,-87,0.001869,51,2025-01-12 05:05:00.000544,398,1.037,0.0011,"aoml_navis",1028.42550264974
"7901009",58,0,1,0.016821,1,-0.005607,1,122.719921994897,1,4.86171596076898,400,1,15.0200004577637,35.9210014343262,0.0168210007250309,0,118.339202880859,-86.5246,25.1821,107.275983890224,63,63,63,63,61,63,0,8278,1.42435338845813,25,-87,0.001869,51,2025-01-12 05:05:00.000544,400,1.037,0.0011,"aoml_navis",1028.44346324361
"7901009",58,0,1,0.016821,1,-0.005607,1,122.503074779159,1,4.86163722455757,402,1,14.9549999237061,35.9119987487793,0.0168210007250309,0,118.130096435547,-86.5246,25.1821,107.275983890224,63,63,63,63,61,63,0,8278,1.42435338845813,25,-87,0.001869,51,2025-01-12 05:05:00.000544,402,1.037,0.0011,"aoml_navis",1028.46011930786
"7901009",58,0,1,0.01869,1,-0.003738,1,122.099366152837,1,4.86159127953987,404,1,14.9340000152588,35.9070014953613,0.0186899993568659,0,117.740798950195,-86.5246,25.1821,107.275983890224,63,63,63,63,61,63,0,8278,1.42435338845813,25,-87,0.001869,51,2025-01-12 05:05:00.000544,404,1.037,0.0011,"aoml_navis",1028.46983888642
"7901009",58,0,1,0.016821,1,-0.005607,1,121.96807737956,1,4.86152175348323,406,1,14.8739995956421,35.8969993591309,0.0168210007250309,0,117.614196777344,-86.5246,25.1821,107.275983890224,63,63,63,63,61,63,0,8278,1.42435338845813,25,-87,0.001869,51,2025-01-12 05:05:00.000544,406,1.037,0.0011,"aoml_navis",1028.48454733696
"7901009",58,0,1,0.01869,1,-0.003738,1,122.112847897423,1,4.86142784957786,408,1,14.7740001678467,35.8819999694824,0.0186899993568659,0,117.753799438477,-86.5246,25.1821,107.275983890224,63,63,63,63,61,63,0,8278,1.42435338845813,25,-87,0.001869,51,2025-01-12 05:05:00.000544,408,1.037,0.0011,"aoml_navis",1028.50441366402
"7901009",58,0,1,0.022428,1,0,1,122.112642190052,1,4.86134180172219,410,1,14.6809997558594,35.867000579834,0.0224280003458261,0,117.753601074219,-86.5246,25.1821,107.275983890224,63,63,63,63,61,63,0,8278,1.42435338845813,25,-87,0.001869,51,2025-01-12 05:05:00.000544,410,1.037,0.0011,"aoml_navis",1028.52261863766
"7901009",58,0,1,0.01869,1,-0.003738,1,121.751238075644,1,4.86127759574022,412,1,14.6219997406006,35.8559989929199,0.0186899993568659,0,117.405097961426,-86.5246,25.1821,107.275983890224,63,63,63,63,61,63,0,8278,1.42435338845813,25,-87,0.001869,51,2025-01-12 05:05:00.000544,412,1.037,0.0011,"aoml_navis",1028.53620298938
"7901009",58,0,1,0.022428,1,0,1,121.607717625648,1,4.8611505735238,414,1,14.4619998931885,35.8330001831055,0.0224280003458261,0,117.266700744629,-86.5246,25.1821,107.275983890224,63,63,63,63,61,63,0,8278,1.42435338845813,25,-87,0.001869,51,2025-01-12 05:05:00.000544,414,1.037,0.0011,"aoml_navis",1028.56307871483
"7901009",58,0,1,0.01869,1,-0.003738,1,121.543109687684,1,4.86105679832576,416,1,14.3570003509521,35.8170013427734,0.0186899993568659,0,117.204399108887,-86.5246,25.1821,107.275983890224,63,63,63,63,61,63,0,8278,1.42435338845813,25,-87,0.001869,51,2025-01-12 05:05:00.000544,416,1.037,0.0011,"aoml_navis",1028.58292084184
"7901009",58,0,1,0.01869,1,-0.003738,1,121.461293537,1,4.86100986591535,418,1,14.3450002670288,35.814998626709,0.0186899993568659,0,117.125503540039,-86.5246,25.1821,107.275983890224,63,63,63,63,61,63,0,8278,1.42435338845813,25,-87,0.001869,51,2025-01-12 05:05:00.000544,418,1.037,0.0011,"aoml_navis",1028.59285167455
"7901009",58,0,1,0.01869,1,-0.003738,1,121.324925374038,1,4.86096767297579,420,1,14.3409996032715,35.8139991760254,0.0186899993568659,0,116.994003295898,-86.5246,25.1821,107.275983890224,63,63,63,63,61,63,0,8278,1.42435338845813,25,-87,0.001869,51,2025-01-12 05:05:00.000544,420,1.037,0.0011,"aoml_navis",1028.60177980552
"7901009",58,0,1,0.016821,1,-0.005607,1,121.151632738081,1,4.86092757956862,422,1,14.33899974823,35.8129997253418,0.0168210007250309,0,116.82689666748,-86.5246,25.1821,107.275983890224,63,63,63,63,61,63,0,8278,1.42435338845813,25,-87,0.001869,51,2025-01-12 05:05:00.000544,422,1.037,0.0011,"aoml_navis",1028.61026381383
"7901009",58,0,1,0.01869,1,-0.003738,1,120.91903308486,1,4.86088329474996,424,1,14.3330001831055,35.8120002746582,0.0186899993568659,0,116.602600097656,-86.5246,25.1821,107.275983890224,63,63,63,63,61,63,0,8278,1.42435338845813,25,-87,0.001869,51,2025-01-12 05:05:00.000544,424,1.037,0.0011,"aoml_navis",1028.61963491292
"7901009",58,0,1,0.022428,1,0,1,120.612078129045,1,4.86083583391208,426.100006103516,1,14.3190002441406,35.8089981079102,0.0224280003458261,0,116.306602478027,-86.5246,25.1821,107.275983890224,63,63,63,63,61,63,0,8278,1.42435338845813,25,-87,0.001869,51,2025-01-12 05:05:00.000544,426.100006103516,1.037,0.0011,"aoml_navis",1028.62967827817
"7901009",58,0,1,0.020559,1,-0.001869,1,120.175907297301,1,4.86078564225851,428,1,14.2880001068115,35.8030014038086,0.020558999851346,0,115.886001586914,-86.5246,25.1821,107.275983890224,63,63,63,63,61,63,0,8278,1.42435338845813,25,-87,0.001869,51,2025-01-12 05:05:00.000544,428,1.037,0.0011,"aoml_navis",1028.64029973492
"7901009",58,0,1,0.020559,1,-0.001869,1,119.777483768034,1,4.86070513148153,430,1,14.2089996337891,35.7910003662109,0.020558999851346,0,115.501800537109,-86.5246,25.1821,107.275983890224,63,63,63,63,61,63,0,8278,1.42435338845813,25,-87,0.001869,51,2025-01-12 05:05:00.000544,430,1.037,0.0011,"aoml_navis",1028.6573377217
"7901009",58,0,1,0.01869,1,-0.003738,1,119.349509583821,1,4.86063528669109,432,1,14.1540002822876,35.7830009460449,0.0186899993568659,0,115.08910369873,-86.5246,25.1821,107.275983890224,63,63,63,63,61,63,0,8278,1.42435338845813,25,-87,0.001869,51,2025-01-12 05:05:00.000544,432,1.037,0.0011,"aoml_navis",1028.67211899039
"7901009",58,0,1,0.024297,1,0.001869,1,118.71806707477,1,4.86057543197049,434,1,14.1120004653931,35.7760009765625,0.0242970008403063,0,114.480201721191,-86.5246,25.1821,107.275983890224,63,63,63,63,61,63,0,8278,1.42435338845813,25,-87,0.001869,51,2025-01-12 05:05:00.000544,434,1.037,0.0011,"aoml_navis",1028.68478639637
"7901009",58,0,1,0.022428,1,0,1,118.385390785827,1,4.86048570085227,436,1,14.0129995346069,35.7610015869141,0.0224280003458261,0,114.159400939941,-86.5246,25.1821,107.275983890224,63,63,63,63,61,63,0,8278,1.42435338845813,25,-87,0.001869,51,2025-01-12 05:05:00.000544,436,1.037,0.0011,"aoml_navis",1028.70377730425
"7901009",58,0,1,0.020559,1,-0.001869,1,117.935223941071,1,4.86041586928085,438,1,13.9469995498657,35.75,0.020558999851346,0,113.725303649902,-86.5246,25.1821,107.275983890224,63,63,63,63,61,63,0,8278,1.42435338845813,25,-87,0.001869,51,2025-01-12 05:05:00.000544,438,1.037,0.0011,"aoml_navis",1028.71855710977
"7901009",58,0,1,0.026166,1,0.003738,1,117.298179862087,1,4.86034732203814,440,1,13.875,35.7369995117188,0.0261659994721413,0,113.111000061035,-86.5246,25.1821,107.275983890224,63,63,63,63,61,63,0,8278,1.42435338845813,25,-87,0.001869,51,2025-01-12 05:05:00.000544,440,1.037,0.0011,"aoml_navis",1028.73306550103
"7901009",58,0,1,0.01869,1,-0.003738,1,116.715584941696,1,4.86025300175938,442,1,13.7670001983643,35.7210006713867,0.0186899993568659,0,112.549201965332,-86.5246,25.1821,107.275983890224,63,63,63,63,61,63,0,8278,1.42435338845813,25,-87,0.001869,51,2025-01-12 05:05:00.000544,442,1.037,0.0011,"aoml_navis",1028.75302956246
"7901009",58,0,1,0.022428,1,0,1,116.414326497677,1,4.86014201284001,444,1,13.6350002288818,35.7029991149902,0.0224280003458261,0,112.258697509766,-86.5246,25.1821,107.275983890224,63,63,63,63,61,63,0,8278,1.42435338845813,25,-87,0.001869,51,2025-01-12 05:05:00.000544,444,1.037,0.0011,"aoml_navis",1028.77652274162
"7901009",58,0,1,0.020559,1,-0.001869,1,116.053341709832,1,4.86008058645235,446,1,13.5869998931885,35.6949996948242,0.020558999851346,0,111.910598754883,-86.5246,25.1821,107.275983890224,63,63,63,63,61,63,0,8278,1.42435338845813,25,-87,0.001869,51,2025-01-12 05:05:00.000544,446,1.037,0.0011,"aoml_navis",1028.78952541192
"7901009",58,0,1,0.020559,1,-0.001869,1,115.548733618305,1,4.86001579245776,448,1,13.5319995880127,35.6860008239746,0.020558999851346,0,111.424003601074,-86.5246,25.1821,107.275983890224,63,63,63,63,61,63,0,8278,1.42435338845813,25,-87,0.001869,51,2025-01-12 05:05:00.000544,448,1.037,0.0011,"aoml_navis",1028.80324128977
"7901009",58,0,1,0.022428,1,0,1,115.054695720891,1,4.85994304109399,450,1,13.4689998626709,35.6769981384277,0.0224280003458261,0,110.947601318359,-86.5246,25.1821,107.275983890224,63,63,63,63,61,63,0,8278,1.42435338845813,25,-87,0.001869,51,2025-01-12 05:05:00.000544,450,1.037,0.0011,"aoml_navis",1028.81864205439
"7901009",58,0,1,0.024297,1,0.001869,1,114.712066359947,1,4.85985917662193,452,1,13.3839998245239,35.6650009155273,0.0242970008403063,0,110.617202758789,-86.5246,25.1821,107.275983890224,63,63,63,63,61,63,0,8278,1.42435338845813,25,-87,0.001869,51,2025-01-12 05:05:00.000544,452,1.037,0.0011,"aoml_navis",1028.83639592937
"7901009",58,0,1,0.022428,1,0,1,114.269566070651,1,4.85979787619464,454,1,13.3319997787476,35.6559982299805,0.0224280003458261,0,110.190498352051,-86.5246,25.1821,107.275983890224,63,63,63,63,61,63,0,8278,1.42435338845813,25,-87,0.001869,51,2025-01-12 05:05:00.000544,454,1.037,0.0011,"aoml_navis",1028.84937344661
"7901009",58,0,1,0.022428,1,0,1,113.902876859187,1,4.8597390536041,456,1,13.28600025177,35.6479988098145,0.0224280003458261,0,109.836898803711,-86.5246,25.1821,107.275983890224,63,63,63,63,61,63,0,8278,1.42435338845813,25,-87,0.001869,51,2025-01-12 05:05:00.000544,456,1.037,0.0011,"aoml_navis",1028.86182670485
"7901009",58,0,1,0.024297,1,0.001869,1,113.412573341728,1,4.85966665303487,458,1,13.2299995422363,35.640998840332,0.0242970008403063,0,109.364097595215,-86.5246,25.1821,107.275983890224,63,63,63,63,61,63,0,8278,1.42435338845813,25,-87,0.001869,51,2025-01-12 05:05:00.000544,458,1.037,0.0011,"aoml_navis",1028.87715495413
"7901009",58,0,1,0.024297,1,0.001869,1,112.902877948694,1,4.85959003258112,460,1,13.1660003662109,35.632999420166,0.0242970008403063,0,108.872596740723,-86.5246,25.1821,107.275983890224,63,63,63,63,61,63,0,8278,1.42435338845813,25,-87,0.001869,51,2025-01-12 05:05:00.000544,460,1.037,0.0011,"aoml_navis",1028.89337711155
"7901009",58,0,1,0.022428,1,0,1,112.532873683837,1,4.85952454182534,462,1,13.1129999160767,35.625,0.0224280003458261,0,108.515800476074,-86.5246,25.1821,107.275983890224,63,63,63,63,61,63,0,8278,1.42435338845813,25,-87,0.001869,51,2025-01-12 05:05:00.000544,462,1.037,0.0011,"aoml_navis",1028.90724328391
"7901009",58,0,1,0.024297,1,0.001869,1,112.318732311202,1,4.85945486133879,464,1,13.0629997253418,35.6189994812012,0.0242970008403063,0,108.309303283691,-86.5246,25.1821,107.275983890224,63,63,63,63,61,63,0,8278,1.42435338845813,25,-87,0.001869,51,2025-01-12 05:05:00.000544,464,1.037,0.0011,"aoml_navis",1028.92199694648
"7901009",58,0,1,0.022428,1,0,1,112.031477792018,1,4.85941009538853,466,1,13.048999786377,35.6160011291504,0.0224280003458261,0,108.032302856445,-86.5246,25.1821,107.275983890224,63,63,63,63,61,63,0,8278,1.42435338845813,25,-87,0.001869,51,2025-01-12 05:05:00.000544,466,1.037,0.0011,"aoml_navis",1028.9314756013
"7901009",58,0,1,0.024297,1,0.001869,1,111.571974997373,1,4.85935971891719,468,1,13.0329999923706,35.6139984130859,0.0242970008403063,0,107.589202880859,-86.5246,25.1821,107.275983890224,63,63,63,63,61,63,0,8278,1.42435338845813,25,-87,0.001869,51,2025-01-12 05:05:00.000544,468,1.037,0.0011,"aoml_navis",1028.94214242574
"7901009",58,0,1,0.024297,1,0.001869,1,111.228926309866,1,4.85930438902195,470,1,13.0010004043579,35.609001159668,0.0242970008403063,0,107.258399963379,-86.5246,25.1821,107.275983890224,63,63,63,63,61,63,0,8278,1.42435338845813,25,-87,0.001869,51,2025-01-12 05:05:00.000544,470,1.037,0.0011,"aoml_navis",1028.95385835386
"7901009",58,0,1,0.020559,1,-0.001869,1,111.066425399035,1,4.85924744894723,472,1,12.9709997177124,35.6049995422363,0.020558999851346,0,107.101699829102,-86.5246,25.1821,107.275983890224,63,63,63,63,61,63,0,8278,1.42435338845813,25,-87,0.001869,51,2025-01-12 05:05:00.000544,472,1.037,0.0011,"aoml_navis",1028.9659155109
"7901009",58,0,1,0.026166,1,0.003738,1,110.865243590739,1,4.85919882392534,474,1,12.9420003890991,35.5989990234375,0.0261659994721413,0,106.907699584961,-86.5246,25.1821,107.275983890224,63,63,63,63,61,63,0,8278,1.42435338845813,25,-87,0.001869,51,2025-01-12 05:05:00.000544,474,1.037,0.0011,"aoml_navis",1028.97621216514
"7901009",58,0,1,0.020559,1,-0.001869,1,110.585663538837,1,4.85914300234987,476,1,12.9020004272461,35.5919990539551,0.020558999851346,0,106.63809967041,-86.5246,25.1821,107.275983890224,63,63,63,63,61,63,0,8278,1.42435338845813,25,-87,0.001869,51,2025-01-12 05:05:00.000544,476,1.037,0.0011,"aoml_navis",1028.98803298895
"7901009",58,0,1,0.026166,1,0.003738,1,110.372036434628,1,4.85908003984479,478,1,12.8509998321533,35.5839996337891,0.0261659994721413,0,106.432098388672,-86.5246,25.1821,107.275983890224,63,63,63,63,61,63,0,8278,1.42435338845813,25,-87,0.001869,51,2025-01-12 05:05:00.000544,478,1.037,0.0011,"aoml_navis",1029.00136630795
"7901009",58,0,1,0.024297,1,0.001869,1,110.37836589218,1,4.85900058985246,480,1,12.7720003128052,35.5730018615723,0.0242970008403063,0,106.438201904297,-86.5246,25.1821,107.275983890224,63,63,63,63,61,63,0,8278,1.42435338845813,25,-87,0.001869,51,2025-01-12 05:05:00.000544,480,1.037,0.0011,"aoml_navis",1029.01819160961
"7901009",58,0,1,0.020559,1,-0.001869,1,110.404395786364,1,4.858941399023,482,1,12.7320003509521,35.5670013427734,0.020558999851346,0,106.463302612305,-86.5246,25.1821,107.275983890224,63,63,63,63,61,63,0,8278,1.42435338845813,25,-87,0.001869,51,2025-01-12 05:05:00.000544,482,1.037,0.0011,"aoml_navis",1029.03072694093
"7901009",58,0,1,0.026166,1,0.003738,1,110.768078505491,1,4.85887533612335,484,1,12.6700000762939,35.556999206543,0.0261659994721413,0,106.814002990723,-86.5246,25.1821,107.275983890224,63,63,63,63,61,63,0,8278,1.42435338845813,25,-87,0.001869,51,2025-01-12 05:05:00.000544,484,1.037,0.0011,"aoml_navis",1029.04471798802
"7901009",58,0,1,0.022428,1,0,1,111.375041837458,1,4.85880721467614,486,1,12.6020002365112,35.5460014343262,0.0224280003458261,0,107.399299621582,-86.5246,25.1821,107.275983890224,63,63,63,63,61,63,0,8278,1.42435338845813,25,-87,0.001869,51,2025-01-12 05:05:00.000544,486,1.037,0.0011,"aoml_navis",1029.05914540042
"7901009",58,0,1,0.024297,1,0.001869,1,112.028574153366,1,4.85875779007726,488,1,12.5679998397827,35.5390014648438,0.0242970008403063,0,108.029502868652,-86.5246,25.1821,107.275983890224,63,63,63,63,61,63,0,8278,1.42435338845813,25,-87,0.001869,51,2025-01-12 05:05:00.000544,488,1.037,0.0011,"aoml_navis",1029.06961326848
"7901009",58,0,1,0.022428,1,0,1,112.968625189017,1,4.85870405265628,490,1,12.5220003128052,35.5299987792969,0.0224280003458261,0,108.935997009277,-86.5246,25.1821,107.275983890224,63,63,63,63,61,63,0,8278,1.42435338845813,25,-87,0.001869,51,2025-01-12 05:05:00.000544,490,1.037,0.0011,"aoml_navis",1029.08099481105
"7901009",58,0,1,0.024297,1,0.001869,1,113.625163997262,1,4.85864269211145,492,1,12.4530000686646,35.5169982910156,0.0242970008403063,0,109.56909942627,-86.5246,25.1821,107.275983890224,63,63,63,63,61,63,0,8278,1.42435338845813,25,-87,0.001869,51,2025-01-12 05:05:00.000544,492,1.037,0.0011,"aoml_navis",1029.093991233
"7901009",58,0,1,0.024297,1,0.001869,1,113.654722564031,1,4.85855827994203,494,1,12.3409996032715,35.4990005493164,0.0242970008403063,0,109.597602844238,-86.5246,25.1821,107.275983890224,63,63,63,63,61,63,0,8278,1.42435338845813,25,-87,0.001869,51,2025-01-12 05:05:00.000544,494,1.037,0.0011,"aoml_navis",1029.11187062259
"7901009",58,0,1,0.024297,1,0.001869,1,113.202783471161,1,4.85847901679027,496,1,12.2489995956421,35.4850006103516,0.0242970008403063,0,109.161796569824,-86.5246,25.1821,107.275983890224,63,63,63,63,61,63,0,8278,1.42435338845813,25,-87,0.001869,51,2025-01-12 05:05:00.000544,496,1.037,0.0011,"aoml_navis",1029.12865996141
"7901009",58,0,1,0.024297,1,0.001869,1,112.73322475083,1,4.85840621112058,498,1,12.1709995269775,35.4729995727539,0.0242970008403063,0,108.708999633789,-86.5246,25.1821,107.275983890224,63,63,63,63,61,63,0,8278,1.42435338845813,25,-87,0.001869,51,2025-01-12 05:05:00.000544,498,1.037,0.0011,"aoml_navis",1029.1440819739
"7901009",58,0,1,0.020559,1,-0.001869,1,112.239186853415,1,4.85835120300035,500,1,12.1420001983643,35.4690017700195,0.020558999851346,0,108.232597351074,-86.5246,25.1821,107.275983890224,63,63,63,63,61,63,0,8278,1.42435338845813,25,-87,0.001869,51,2025-01-12 05:05:00.000544,500,1.037,0.0011,"aoml_navis",1029.15573433888
"7901009",58,0,1,0.028035,1,0.005607,1,111.71953838838,1,4.85829399929915,502,1,12.1029996871948,35.4630012512207,0.0280349999666214,0,107.731498718262,-86.5246,25.1821,107.275983890224,63,63,63,63,61,63,0,8278,1.42435338845813,25,-87,0.001869,51,2025-01-12 05:05:00.000544,502,1.037,0.0011,"aoml_navis",1029.16785207344
"7901009",58,0,1,0.022428,1,0,1,111.678784593566,1,4.85820537530616,504,1,12.003999710083,35.4500007629395,0.0224280003458261,0,107.692199707031,-86.5246,25.1821,107.275983890224,63,63,63,63,61,63,0,8278,1.42435338845813,25,-87,0.001869,51,2025-01-12 05:05:00.000544,504,1.037,0.0011,"aoml_navis",1029.18662628274
"7901009",58,0,1,0.028035,1,0.005607,1,112.23794469737,1,4.85810404517556,506,1,11.8640003204346,35.4300003051758,0.0280349999666214,0,108.231399536133,-86.5246,25.1821,107.275983890224,63,63,63,63,61,63,0,8278,1.42435338845813,25,-87,0.001869,51,2025-01-12 05:05:00.000544,506,1.037,0.0011,"aoml_navis",1029.20809301426
"7901009",58,0,1,0.026166,1,0.003738,1,112.456856898635,1,4.85803566529537,508,1,11.8009996414185,35.4210014343262,0.0261659994721413,0,108.442497253418,-86.5246,25.1821,107.275983890224,63,63,63,63,61,63,0,8278,1.42435338845813,25,-87,0.001869,51,2025-01-12 05:05:00.000544,508,1.037,0.0011,"aoml_navis",1029.22257975971
"7901009",58,0,1,0.020559,1,-0.001869,1,112.513584661947,1,4.85799458140215,510,1,11.7980003356934,35.4199981689453,0.020558999851346,0,108.497200012207,-86.5246,25.1821,107.275983890224,63,63,63,63,61,63,0,8278,1.42435338845813,25,-87,0.001869,51,2025-01-12 05:05:00.000544,510,1.037,0.0011,"aoml_navis",1029.2312838597
"7901009",58,0,1,0.029904,1,0.007476,1,112.61293341005,1,4.85795442439656,512,1,11.7959995269775,35.4189987182617,0.0299040004611015,0,108.593002319336,-86.5246,25.1821,107.275983890224,63,63,63,63,61,63,0,8278,1.42435338845813,25,-87,0.001869,51,2025-01-12 05:05:00.000544,512,1.037,0.0011,"aoml_navis",1029.23979173005
"7901009",58,0,1,0.026166,1,0.003738,1,112.836094259697,1,4.85790893966256,514,1,11.7650003433228,35.4119987487793,0.0261659994721413,0,108.808197021484,-86.5246,25.1821,107.275983890224,63,63,63,63,61,63,0,8278,1.42435338845813,25,-87,0.001869,51,2025-01-12 05:05:00.000544,514,1.037,0.0011,"aoml_navis",1029.24942853032
"7901009",58,0,1,0.024297,1,0.001869,1,113.069429712358,1,4.85783194615427,516,1,11.6730003356934,35.3979988098145,0.0242970008403063,0,109.033203125,-86.5246,25.1821,107.275983890224,63,63,63,63,61,63,0,8278,1.42435338845813,25,-87,0.001869,51,2025-01-12 05:05:00.000544,516,1.037,0.0011,"aoml_navis",1029.265741471
"7901009",58,0,1,0.026166,1,0.003738,1,113.162243295539,1,4.85774981001314,518,1,11.5790004730225,35.3849983215332,0.0261659994721413,0,109.122703552246,-86.5246,25.1821,107.275983890224,63,63,63,63,61,63,0,8278,1.42435338845813,25,-87,0.001869,51,2025-01-12 05:05:00.000544,518,1.037,0.0011,"aoml_navis",1029.28314457316
"7901009",58,0,1,0.026166,1,0.003738,1,113.029293039655,1,4.85769263307034,520,1,11.5430002212524,35.3800010681152,0.0261659994721413,0,108.994499206543,-86.5246,25.1821,107.275983890224,63,63,63,63,61,63,0,8278,1.42435338845813,25,-87,0.001869,51,2025-01-12 05:05:00.000544,520,1.037,0.0011,"aoml_navis",1029.29525963847
"7901009",58,0,1,0.022428,1,0,1,112.894792066671,1,4.85762989836977,522,1,11.4969997406006,35.3740005493164,0.0224280003458261,0,108.864799499512,-86.5246,25.1821,107.275983890224,63,63,63,63,61,63,0,8278,1.42435338845813,25,-87,0.001869,51,2025-01-12 05:05:00.000544,522,1.037,0.0011,"aoml_navis",1029.30855264993
"7901009",58,0,1,0.020559,1,-0.001869,1,112.696102482286,1,4.85758778229264,524,1,11.4849996566772,35.3709983825684,0.020558999851346,0,108.673202514648,-86.5246,25.1821,107.275983890224,63,63,63,63,61,63,0,8278,1.42435338845813,25,-87,0.001869,51,2025-01-12 05:05:00.000544,524,1.037,0.0011,"aoml_navis",1029.3174769227
"7901009",58,0,1,0.024297,1,0.001869,1,112.514312549565,1,4.85752884100368,526,1,11.4429998397827,35.3650016784668,0.0242970008403063,0,108.497901916504,-86.5246,25.1821,107.275983890224,63,63,63,63,61,63,0,8278,1.42435338845813,25,-87,0.001869,51,2025-01-12 05:05:00.000544,526,1.037,0.0011,"aoml_navis",1029.32996666817
"7901009",58,0,1,0.028035,1,0.005607,1,112.431871364948,1,4.85746527005049,528,1,11.3839998245239,35.3559989929199,0.0280349999666214,0,108.418403625488,-86.5246,25.1821,107.275983890224,63,63,63,63,61,63,0,8278,1.42435338845813,25,-87,0.001869,51,2025-01-12 05:05:00.000544,528,1.037,0.0011,"aoml_navis",1029.34343778603
"7901009",58,0,1,0.031773,1,0.009345,1,112.364256934646,1,4.85740469095188,530,1,11.3439998626709,35.351001739502,0.0317730009555817,0,108.353202819824,-86.5246,25.1821,107.275983890224,63,63,63,63,61,63,0,8278,1.42435338845813,25,-87,0.001869,51,2025-01-12 05:05:00.000544,530,1.037,0.0011,"aoml_navis",1029.35627523763
"7901009",58,0,1,0.028035,1,0.005607,1,112.276625594836,1,4.85734784519399,532,1,11.3039999008179,35.3450012207031,0.0280349999666214,0,108.268699645996,-86.5246,25.1821,107.275983890224,63,63,63,63,61,63,0,8278,1.42435338845813,25,-87,0.001869,51,2025-01-12 05:05:00.000544,532,1.037,0.0011,"aoml_navis",1029.3683218399
"7901009",58,0,1,0.024297,1,0.001869,1,112.299751850368,1,4.85727636082525,534,1,11.2320003509521,35.3349990844727,0.0242970008403063,0,108.291000366211,-86.5246,25.1821,107.275983890224,63,63,63,63,61,63,0,8278,1.42435338845813,25,-87,0.001869,51,2025-01-12 05:05:00.000544,534,1.037,0.0011,"aoml_navis",1029.383471018
"7901009",58,0,1,0.028035,1,0.005607,1,112.25225718326,1,4.85723799662943,536,1,11.2200002670288,35.3310012817383,0.0280349999666214,0,108.24520111084,-86.5246,25.1821,107.275983890224,63,63,63,63,61,63,0,8278,1.42435338845813,25,-87,0.001869,51,2025-01-12 05:05:00.000544,536,1.037,0.0011,"aoml_navis",1029.39160145532
"7901009",58,0,1,0.028035,1,0.005607,1,112.254638641664,1,4.85715946847794,538,1,11.1400003433228,35.3209991455078,0.0280349999666214,0,108.247497558594,-86.5246,25.1821,107.275983890224,63,63,63,63,61,63,0,8278,1.42435338845813,25,-87,0.001869,51,2025-01-12 05:05:00.000544,538,1.037,0.0011,"aoml_navis",1029.4082441495
"7901009",58,0,1,0.029904,1,0.007476,1,112.26428315261,1,4.85708847464746,540,1,11.0679998397827,35.3110008239746,0.0299040004611015,0,108.256797790527,-86.5246,25.1821,107.275983890224,63,63,63,63,61,63,0,8278,1.42435338845813,25,-87,0.001869,51,2025-01-12 05:05:00.000544,540,1.037,0.0011,"aoml_navis",1029.42329053681
"7901009",58,0,1,0.024297,1,0.001869,1,112.111426752724,1,4.85703932020736,542,1,11.039999961853,35.3059997558594,0.0242970008403063,0,108.109397888184,-86.5246,25.1821,107.275983890224,63,63,63,63,61,63,0,8278,1.42435338845813,25,-87,0.001869,51,2025-01-12 05:05:00.000544,542,1.037,0.0011,"aoml_navis",1029.43370855531
"7901009",58,0,1,0.024297,1,0.001869,1,112.04681881476,1,4.85697572955673,544,1,10.9919996261597,35.2999992370605,0.0242970008403063,0,108.047096252441,-86.5246,25.1821,107.275983890224,63,63,63,63,61,63,0,8278,1.42435338845813,25,-87,0.001869,51,2025-01-12 05:05:00.000544,544,1.037,0.0011,"aoml_navis",1029.44718656363
"7901009",58,0,1,0.026166,1,0.003738,1,111.91678010935,1,4.8569212740741,546,1,10.9540004730225,35.2939987182617,0.0261659994721413,0,107.921699523926,-86.5246,25.1821,107.275983890224,63,63,63,63,61,63,0,8278,1.42435338845813,25,-87,0.001869,51,2025-01-12 05:05:00.000544,546,1.037,0.0011,"aoml_navis",1029.45872865794
"7901009",58,0,1,0.022428,1,0,1,111.891272395415,1,4.85685339546139,548,1,10.8970003128052,35.2869987487793,0.0224280003458261,0,107.897102355957,-86.5246,25.1821,107.275983890224,63,63,63,63,61,63,0,8278,1.42435338845813,25,-87,0.001869,51,2025-01-12 05:05:00.000544,548,1.037,0.0011,"aoml_navis",1029.47311620984
"7901009",58,0,1,0.024297,1,0.001869,1,111.842844133319,1,4.8567980594935,550,1,10.8660001754761,35.2830009460449,0.0242970008403063,0,107.850402832031,-86.5246,25.1821,107.275983890224,63,63,63,63,61,63,0,8278,1.42435338845813,25,-87,0.001869,51,2025-01-12 05:05:00.000544,550,1.037,0.0011,"aoml_navis",1029.4848455201
"7901009",58,0,1,0.026166,1,0.003738,1,111.783940618974,1,4.85675337812334,552,1,10.8590002059937,35.2820014953613,0.0261659994721413,0,107.793601989746,-86.5246,25.1821,107.275983890224,63,63,63,63,61,63,0,8278,1.42435338845813,25,-87,0.001869,51,2025-01-12 05:05:00.000544,552,1.037,0.0011,"aoml_navis",1029.49431661939
"7901009",58,0,1,0.028035,1,0.005607,1,111.614801689535,1,4.85671057080134,554,1,10.8500003814697,35.2799987792969,0.0280349999666214,0,107.630500793457,-86.5246,25.1821,107.275983890224,63,63,63,63,61,63,0,8278,1.42435338845813,25,-87,0.001869,51,2025-01-12 05:05:00.000544,554,1.037,0.0011,"aoml_navis",1029.50339064059
"7901009",58,0,1,0.028035,1,0.005607,1,111.461114548346,1,4.856663315076,556,1,10.8319997787476,35.2770004272461,0.0280349999666214,0,107.482299804688,-86.5246,25.1821,107.275983890224,63,63,63,63,61,63,0,8278,1.42435338845813,25,-87,0.001869,51,2025-01-12 05:05:00.000544,556,1.037,0.0011,"aoml_navis",1029.51340779153
"7901009",58,0,1,0.026166,1,0.003738,1,111.345380417004,1,4.85659936886475,558,1,10.7749996185303,35.2690010070801,0.0261659994721413,0,107.370697021484,-86.5246,25.1821,107.275983890224,63,63,63,63,61,63,0,8278,1.42435338845813,25,-87,0.001869,51,2025-01-12 05:05:00.000544,558,1.037,0.0011,"aoml_navis",1029.52696326046
"7901009",58,0,1,0.024297,1,0.001869,1,111.41880212461,1,4.85653718897957,560,1,10.7279996871948,35.2630004882812,0.0242970008403063,0,107.441497802734,-86.5246,25.1821,107.275983890224,63,63,63,63,61,63,0,8278,1.42435338845813,25,-87,0.001869,51,2025-01-12 05:05:00.000544,560,1.037,0.0011,"aoml_navis",1029.54014464174
"7901009",58,0,1,0.026166,1,0.003738,1,111.313654011024,1,4.85648313578616,562,1,10.6899995803833,35.2569999694824,0.0261659994721413,0,107.340103149414,-86.5246,25.1821,107.275983890224,63,63,63,63,61,63,0,8278,1.42435338845813,25,-87,0.001869,51,2025-01-12 05:05:00.000544,562,1.037,0.0011,"aoml_navis",1029.5516035372
"7901009",58,0,1,0.026166,1,0.003738,1,111.271958709399,1,4.85642121685646,564,1,10.6389999389648,35.25,0.0261659994721413,0,107.299896240234,-86.5246,25.1821,107.275983890224,63,63,63,63,61,63,0,8278,1.42435338845813,25,-87,0.001869,51,2025-01-12 05:05:00.000544,564,1.037,0.0011,"aoml_navis",1029.56473022669
"7901009",58,0,1,0.026166,1,0.003738,1,111.30919174345,1,4.85635919899846,566,1,10.5959997177124,35.2449989318848,0.0261659994721413,0,107.335800170898,-86.5246,25.1821,107.275983890224,63,63,63,63,61,63,0,8278,1.42435338845813,25,-87,0.001869,51,2025-01-12 05:05:00.000544,566,1.037,0.0011,"aoml_navis",1029.57787822432
"7901009",58,0,1,0.026166,1,0.003738,1,111.353157737972,1,4.85630079225149,568,1,10.5570001602173,35.2400016784668,0.0261659994721413,0,107.378196716309,-86.5246,25.1821,107.275983890224,63,63,63,63,61,63,0,8278,1.42435338845813,25,-87,0.001869,51,2025-01-12 05:05:00.000544,568,1.037,0.0011,"aoml_navis",1029.59026096114
"7901009",58,0,1,0.024297,1,0.001869,1,111.401483146382,1,4.85625097679844,570,1,10.539999961853,35.2379989624023,0.0242970008403063,0,107.424797058105,-86.5246,25.1821,107.275983890224,63,63,63,63,61,63,0,8278,1.42435338845813,25,-87,0.001869,51,2025-01-12 05:05:00.000544,570,1.037,0.0011,"aoml_navis",1029.60082250451
"7901009",58,0,1,0.022428,1,0,1,111.382613451055,1,4.85621101959666,572,1,10.5299997329712,35.2350006103516,0.0224280003458261,0,107.406600952148,-86.5246,25.1821,107.275983890224,63,63,63,63,61,63,0,8278,1.42435338845813,25,-87,0.001869,51,2025-01-12 05:05:00.000544,572,1.037,0.0011,"aoml_navis",1029.60929412315
"7901009",58,0,1,0.029904,1,0.007476,1,111.480609277607,1,4.85615968555196,574,1,10.5030002593994,35.2309989929199,0.0299040004611015,0,107.501098632812,-86.5246,25.1821,107.275983890224,63,63,63,63,61,63,0,8278,1.42435338845813,25,-87,0.001869,51,2025-01-12 05:05:00.000544,574,1.037,0.0011,"aoml_navis",1029.62017803409
"7901009",58,0,1,0.026166,1,0.003738,1,111.558176779909,1,4.85610924930444,576,1,10.4770002365112,35.2270011901855,0.0261659994721413,0,107.575897216797,-86.5246,25.1821,107.275983890224,63,63,63,63,61,63,0,8278,1.42435338845813,25,-87,0.001869,51,2025-01-12 05:05:00.000544,576,1.037,0.0011,"aoml_navis",1029.63087181702
"7901009",58,0,1,0.028035,1,0.005607,1,111.773156805669,1,4.85605407583808,578,1,10.4289999008179,35.2190017700195,0.0280349999666214,0,107.783203125,-86.5246,25.1821,107.275983890224,63,63,63,63,61,63,0,8278,1.42435338845813,25,-87,0.001869,51,2025-01-12 05:05:00.000544,578,1.037,0.0011,"aoml_navis",1029.6425702667
"7901009",58,0,1,0.028035,1,0.005607,1,111.891272395415,1,4.85597395959375,580,1,10.3400001525879,35.2080001831055,0.0280349999666214,0,107.897102355957,-86.5246,25.1821,107.275983890224,63,63,63,63,61,63,0,8278,1.42435338845813,25,-87,0.001869,51,2025-01-12 05:05:00.000544,580,1.037,0.0011,"aoml_navis",1029.65955781573
"7901009",58,0,1,0.028035,1,0.005607,1,111.809036918168,1,4.8559193234916,582,1,10.3090000152588,35.2039985656738,0.0280349999666214,0,107.817802429199,-86.5246,25.1821,107.275983890224,63,63,63,63,61,63,0,8278,1.42435338845813,25,-87,0.001869,51,2025-01-12 05:05:00.000544,582,1.037,0.0011,"aoml_navis",1029.67114297212
"7901009",58,0,1,0.028035,1,0.005607,1,111.735195884,1,4.85586208526434,584,1,10.2749996185303,35.2000007629395,0.0280349999666214,0,107.746597290039,-86.5246,25.1821,107.275983890224,63,63,63,63,61,63,0,8278,1.42435338845813,25,-87,0.001869,51,2025-01-12 05:05:00.000544,584,1.037,0.0011,"aoml_navis",1029.68328016833
"7901009",58,0,1,0.026166,1,0.003738,1,111.681996793274,1,4.85581227160367,586,1,10.2620000839233,35.1990013122559,0.0261659994721413,0,107.695297241211,-86.5246,25.1821,107.275983890224,63,63,63,63,61,63,0,8278,1.42435338845813,25,-87,0.001869,51,2025-01-12 05:05:00.000544,586,1.037,0.0011,"aoml_navis",1029.6938432401
"7901009",58,0,1,0.029904,1,0.007476,1,111.701602288042,1,4.85577400903686,588,1,10.2580003738403,35.1969985961914,0.0299040004611015,0,107.714202880859,-86.5246,25.1821,107.275983890224,63,63,63,63,61,63,0,8278,1.42435338845813,25,-87,0.001869,51,2025-01-12 05:05:00.000544,588,1.037,0.0011,"aoml_navis",1029.70195702986
"7901009",58,0,1,0.028035,1,0.005607,1,111.821790775136,1,4.85572627921933,590,1,10.2390003204346,35.1940002441406,0.0280349999666214,0,107.830101013184,-86.5246,25.1821,107.275983890224,63,63,63,63,61,63,0,8278,1.42435338845813,25,-87,0.001869,51,2025-01-12 05:05:00.000544,590,1.037,0.0011,"aoml_navis",1029.71207858196
"7901009",58,0,1,0.028035,1,0.005607,1,112.006484346509,1,4.8556642541181,592,1,10.1909999847412,35.1879997253418,0.0280349999666214,0,108.008201599121,-86.5246,25.1821,107.275983890224,63,63,63,63,61,63,0,8278,1.42435338845813,25,-87,0.001869,51,2025-01-12 05:05:00.000544,592,1.037,0.0011,"aoml_navis",1029.72523187934
"7901009",58,0,1,0.029904,1,0.007476,1,112.148240460212,1,4.85561781140671,594,1,10.164999961853,35.1829986572266,0.0299040004611015,0,108.144897460938,-86.5246,25.1821,107.275983890224,63,63,63,63,61,63,0,8278,1.42435338845813,25,-87,0.001869,51,2025-01-12 05:05:00.000544,594,1.037,0.0011,"aoml_navis",1029.73508093123
"7901009",58,0,1,0.026166,1,0.003738,1,112.26656966915,1,4.8555625028019,596,1,10.1330003738403,35.1790008544922,0.0261659994721413,0,108.259002685547,-86.5246,25.1821,107.275983890224,63,63,63,63,61,63,0,8278,1.42435338845813,25,-87,0.001869,51,2025-01-12 05:05:00.000544,596,1.037,0.0011,"aoml_navis",1029.74681040863
"7901009",58,0,1,0.024297,1,0.001869,1,112.349525122194,1,4.85550483372733,598,1,10.0939998626709,35.173999786377,0.0242970008403063,0,108.338996887207,-86.5246,25.1821,107.275983890224,63,63,63,63,61,63,0,8278,1.42435338845813,25,-87,0.001869,51,2025-01-12 05:05:00.000544,598,1.037,0.0011,"aoml_navis",1029.75904076317
"7901009",58,0,1,0.024297,1,0.001869,1,112.366013359117,1,4.85545808902204,600,1,10.076000213623,35.1710014343262,0.0242970008403063,0,108.35489654541,-86.5246,25.1821,107.275983890224,63,63,63,63,61,63,0,8278,1.42435338845813,25,-87,0.001869,51,2025-01-12 05:05:00.000544,600,1.037,0.0011,"aoml_navis",1029.76895451013
"7901009",58,0,1,0.026166,1,0.003738,1,112.313439302324,1,4.8554144466631,602,1,10.0699996948242,35.1699981689453,0.0261659994721413,0,108.30419921875,-86.5246,25.1821,107.275983890224,63,63,63,63,61,63,0,8278,1.42435338845813,25,-87,0.001869,51,2025-01-12 05:05:00.000544,602,1.037,0.0011,"aoml_navis",1029.77821047517
"7901009",58,0,1,0.029904,1,0.007476,1,112.174064647025,1,4.85537339413508,604,1,10.0670003890991,35.1689987182617,0.0299040004611015,0,108.169799804688,-86.5246,25.1821,107.275983890224,63,63,63,63,61,63,0,8278,1.42435338845813,25,-87,0.001869,51,2025-01-12 05:05:00.000544,604,1.037,0.0011,"aoml_navis",1029.78691732331
"7901009",58,0,1,0.026166,1,0.003738,1,112.080736795418,1,4.85532473641722,606,1,10.0509996414185,35.1669998168945,0.0261659994721413,0,108.079803466797,-86.5246,25.1821,107.275983890224,63,63,63,63,61,63,0,8278,1.42435338845813,25,-87,0.001869,51,2025-01-12 05:05:00.000544,606,1.037,0.0011,"aoml_navis",1029.79723735009
"7901009",58,0,1,0.031773,1,0.009345,1,111.876754202155,1,4.85527435735927,608,1,10.0329999923706,35.1650009155273,0.0317730009555817,0,107.883102416992,-86.5246,25.1821,107.275983890224,63,63,63,63,61,63,0,8278,1.42435338845813,25,-87,0.001869,51,2025-01-12 05:05:00.000544,608,1.037,0.0011,"aoml_navis",1029.80792268131
"7901009",58,0,1,0.029904,1,0.007476,1,111.633259970122,1,4.85522873163174,610,1,10.0120000839233,35.1609992980957,0.0299040004611015,0,107.648300170898,-86.5246,25.1821,107.275983890224,63,63,63,63,61,63,0,8278,1.42435338845813,25,-87,0.001869,51,2025-01-12 05:05:00.000544,610,1.037,0.0011,"aoml_navis",1029.81760002883
"7901009",58,0,1,0.029904,1,0.007476,1,111.271547294658,1,4.85518549626118,612,1,9.9980001449585,35.1580009460449,0.0299040004611015,0,107.299499511719,-86.5246,25.1821,107.275983890224,63,63,63,63,61,63,0,8278,1.42435338845813,25,-87,0.001869,51,2025-01-12 05:05:00.000544,612,1.037,0.0011,"aoml_navis",1029.82677054262
"7901009",58,0,1,0.029904,1,0.007476,1,111.01343201568,1,4.85511444165907,614,1,9.93900012969971,35.1520004272461,0.0299040004611015,0,107.050598144531,-86.5246,25.1821,107.275983890224,63,63,63,63,61,63,0,8278,1.42435338845813,25,-87,0.001869,51,2025-01-12 05:05:00.000544,614,1.037,0.0011,"aoml_navis",1029.84184205788
"7901009",58,0,1,0.026166,1,0.003738,1,111.039050495122,1,4.85502853996655,616,1,9.85400009155273,35.1440010070801,0.0261659994721413,0,107.075302124023,-86.5246,25.1821,107.275983890224,63,63,63,63,61,63,0,8278,1.42435338845813,25,-87,0.001869,51,2025-01-12 05:05:00.000544,616,1.037,0.0011,"aoml_navis",1029.86006340437
"7901009",58,0,1,0.028035,1,0.005607,1,111.035521822537,1,4.85497534964878,618,1,9.82400035858154,35.1399993896484,0.0280349999666214,0,107.071899414062,-86.5246,25.1821,107.275983890224,63,63,63,63,61,63,0,8278,1.42435338845813,25,-87,0.001869,51,2025-01-12 05:05:00.000544,618,1.037,0.0011,"aoml_navis",1029.87134638319
"7901009",58,0,1,0.028035,1,0.005607,1,110.952558457671,1,4.85492916514183,620,1,9.8149995803833,35.1389999389648,0.0280349999666214,0,106.991897583008,-86.5246,25.1821,107.275983890224,63,63,63,63,61,63,0,8278,1.42435338845813,25,-87,0.001869,51,2025-01-12 05:05:00.000544,620,1.037,0.0011,"aoml_navis",1029.8811434572
"7901009",58,0,1,0.033642,1,0.011214,1,110.688121632963,1,4.85488664707433,622,1,9.80599975585938,35.1370010375977,0.0336420014500618,0,106.73690032959,-86.5246,25.1821,107.275983890224,63,63,63,63,61,63,0,8278,1.42435338845813,25,-87,0.001869,51,2025-01-12 05:05:00.000544,622,1.037,0.0011,"aoml_navis",1029.89016293781
"7901009",58,0,1,0.029904,1,0.007476,1,110.273732047021,1,4.85483326641761,624,1,9.77999973297119,35.1339988708496,0.0299040004611015,0,106.337303161621,-86.5246,25.1821,107.275983890224,63,63,63,63,61,63,0,8278,1.42435338845813,25,-87,0.001869,51,2025-01-12 05:05:00.000544,624,1.037,0.0011,"aoml_navis",1029.90148695457
"7901009",58,0,1,0.031773,1,0.009345,1,109.873955596202,1,4.85477733670212,626,1,9.75100040435791,35.1310005187988,0.0317730009555817,0,105.951797485352,-86.5246,25.1821,107.275983890224,63,63,63,63,61,63,0,8278,1.42435338845813,25,-87,0.001869,51,2025-01-12 05:05:00.000544,626,1.037,0.0011,"aoml_navis",1029.91335198836
"7901009",58,0,1,0.028035,1,0.005607,1,109.61345885882,1,4.85471351361603,628,1,9.71700000762939,35.1290016174316,0.0280349999666214,0,105.70059967041,-86.5246,25.1821,107.275983890224,63,63,63,63,61,63,0,8278,1.42435338845813,25,-87,0.001869,51,2025-01-12 05:05:00.000544,628,1.037,0.0011,"aoml_navis",1029.92689187044
"7901009",58,0,1,0.029904,1,0.007476,1,109.390915131285,1,4.85464771920765,630,1,9.67199993133545,35.125,0.0299040004611015,0,105.486000061035,-86.5246,25.1821,107.275983890224,63,63,63,63,61,63,0,8278,1.42435338845813,25,-87,0.001869,51,2025-01-12 05:05:00.000544,630,1.037,0.0011,"aoml_navis",1029.9408503355
"7901009",58,0,1,0.029904,1,0.007476,1,109.190975479033,1,4.85458087718994,632,1,9.63000011444092,35.1220016479492,0.0299040004611015,0,105.293197631836,-86.5246,25.1821,107.275983890224,63,63,63,63,61,63,0,8278,1.42435338845813,25,-87,0.001869,51,2025-01-12 05:05:00.000544,632,1.037,0.0011,"aoml_navis",1029.9550314412
"7901009",58,0,1,0.028035,1,0.005607,1,109.179155217054,1,4.8545169378552,634,1,9.58699989318848,35.1180000305176,0.0280349999666214,0,105.281799316406,-86.5246,25.1821,107.275983890224,63,63,63,63,61,63,0,8278,1.42435338845813,25,-87,0.001869,51,2025-01-12 05:05:00.000544,634,1.037,0.0011,"aoml_navis",1029.96859708333
"7901009",58,0,1,0.028035,1,0.005607,1,109.103035578167,1,4.85447110074176,636,1,9.57400035858154,35.1160011291504,0.0280349999666214,0,105.208396911621,-86.5246,25.1821,107.275983890224,63,63,63,63,61,63,0,8278,1.42435338845813,25,-87,0.001869,51,2025-01-12 05:05:00.000544,636,1.037,0.0011,"aoml_navis",1029.97832230086
"7901009",58,0,1,0.028035,1,0.005607,1,109.079806468951,1,4.85442782067168,638,1,9.56400012969971,35.1139984130859,0.0280349999666214,0,105.185997009277,-86.5246,25.1821,107.275983890224,63,63,63,63,61,63,0,8278,1.42435338845813,25,-87,0.001869,51,2025-01-12 05:05:00.000544,638,1.037,0.0011,"aoml_navis",1029.98750516146
"7901009",58,0,1,0.024297,1,0.001869,1,109.069441982209,1,4.8543676414528,640,1,9.52099990844727,35.109001159668,0.0242970008403063,0,105.176002502441,-86.5246,25.1821,107.275983890224,63,63,63,63,61,63,0,8278,1.42435338845813,25,-87,0.001869,51,2025-01-12 05:05:00.000544,640,1.037,0.0011,"aoml_navis",1030.00027383662
"7901009",58,0,1,0.024297,1,0.001869,1,109.355762906404,1,4.85430839576275,642,1,9.47900009155273,35.1040000915527,0.0242970008403063,0,105.452102661133,-86.5246,25.1821,107.275983890224,63,63,63,63,61,63,0,8278,1.42435338845813,25,-87,0.001869,51,2025-01-12 05:05:00.000544,642,1.037,0.0011,"aoml_navis",1030.01284474724
"7901009",58,0,1,0.028035,1,0.005607,1,109.835796878985,1,4.8542509748463,644,1,9.42599964141846,35.0960006713867,0.0280349999666214,0,105.915000915527,-86.5246,25.1821,107.275983890224,63,63,63,63,61,63,0,8278,1.42435338845813,25,-87,0.001869,51,2025-01-12 05:05:00.000544,644,1.037,0.0011,"aoml_navis",1030.02502876529
"7901009",58,0,1,0.029904,1,0.007476,1,110.260036683242,1,4.85417996508227,646,1,9.36100006103516,35.0890007019043,0.0299040004611015,0,106.324096679688,-86.5246,25.1821,107.275983890224,63,63,63,63,61,63,0,8278,1.42435338845813,25,-87,0.001869,51,2025-01-12 05:05:00.000544,646,1.037,0.0011,"aoml_navis",1030.04009656969
"7901009",58,0,1,0.022428,1,0,1,110.700464075189,1,4.85412031305518,648,1,9.30500030517578,35.0810012817383,0.0224280003458261,0,106.748802185059,-86.5246,25.1821,107.275983890224,63,63,63,63,61,63,0,8278,1.42435338845813,25,-87,0.001869,51,2025-01-12 05:05:00.000544,648,1.037,0.0011,"aoml_navis",1030.05275467781
"7901009",58,0,1,0.026166,1,0.003738,1,110.980977722081,1,4.85407644472154,650,1,9.2810001373291,35.076000213623,0.0261659994721413,0,107.019302368164,-86.5246,25.1821,107.275983890224,63,63,63,63,61,63,0,8278,1.42435338845813,25,-87,0.001869,51,2025-01-12 05:05:00.000544,650,1.037,0.0011,"aoml_navis",1030.06206369847
"7901009",58,0,1,0.022428,1,0,1,111.395992341956,1,4.85401913546282,652,1,9.23200035095215,35.0690002441406,0.0224280003458261,0,107.419502258301,-86.5246,25.1821,107.275983890224,63,63,63,63,61,63,0,8278,1.42435338845813,25,-87,0.001869,51,2025-01-12 05:05:00.000544,652,1.037,0.0011,"aoml_navis",1030.07422518602
"7901009",58,0,1,0.024297,1,0.001869,1,111.775949678814,1,4.85394265900562,654,1,9.14200019836426,35.0579986572266,0.0242970008403063,0,107.78589630127,-86.5246,25.1821,107.275983890224,63,63,63,63,61,63,0,8278,1.42435338845813,25,-87,0.001869,51,2025-01-12 05:05:00.000544,654,1.037,0.0011,"aoml_navis",1030.09045455521
"7901009",58,0,1,0.029904,1,0.007476,1,112.085396858541,1,4.85387703174102,656,1,9.08699989318848,35.0519981384277,0.0299040004611015,0,108.084297180176,-86.5246,25.1821,107.275983890224,63,63,63,63,61,63,0,8278,1.42435338845813,25,-87,0.001869,51,2025-01-12 05:05:00.000544,656,1.037,0.0011,"aoml_navis",1030.10438198237
"7901009",58,0,1,0.029904,1,0.007476,1,112.474903764481,1,4.85381273689458,658,1,9.0290002822876,35.0449981689453,0.0299040004611015,0,108.459899902344,-86.5246,25.1821,107.275983890224,63,63,63,63,61,63,0,8278,1.42435338845813,25,-87,0.001869,51,2025-01-12 05:05:00.000544,658,1.037,0.0011,"aoml_navis",1030.11802700879
"7901009",58,0,1,0.031773,1,0.009345,1,112.778749374274,1,4.85376212286803,660,1,8.99199962615967,35.0390014648438,0.0317730009555817,0,108.752899169922,-86.5246,25.1821,107.275983890224,63,63,63,63,61,63,0,8278,1.42435338845813,25,-87,0.001869,51,2025-01-12 05:05:00.000544,660,1.037,0.0011,"aoml_navis",1030.12876886632
"7901009",58,0,1,0.029904,1,0.007476,1,112.94363965533,1,4.85370300179027,662,1,8.94900035858154,35.0340003967285,0.0299040004611015,0,108.911903381348,-86.5246,25.1821,107.275983890224,63,63,63,63,61,63,0,8278,1.42435338845813,25,-87,0.001869,51,2025-01-12 05:05:00.000544,662,1.037,0.0011,"aoml_navis",1030.14131646616
"7901009",58,0,1,0.028035,1,0.005607,1,113.03416672197,1,4.85365624347996,664,1,8.93900012969971,35.0330009460449,0.0280349999666214,0,108.999198913574,-86.5246,25.1821,107.275983890224,63,63,63,63,61,63,0,8278,1.42435338845813,25,-87,0.001869,51,2025-01-12 05:05:00.000544,664,1.037,0.0011,"aoml_navis",1030.15124046262
"7901009",58,0,1,0.031773,1,0.009345,1,113.14834222439,1,4.85361153526478,666,1,8.92700004577637,35.0309982299805,0.0317730009555817,0,109.109298706055,-86.5246,25.1821,107.275983890224,63,63,63,63,61,63,0,8278,1.42435338845813,25,-87,0.001869,51,2025-01-12 05:05:00.000544,666,1.037,0.0011,"aoml_navis",1030.16072952514
"7901009",58,0,1,0.028035,1,0.005607,1,113.273095832744,1,4.85356354962408,668,1,8.91100025177002,35.0289993286133,0.0280349999666214,0,109.229598999023,-86.5246,25.1821,107.275983890224,63,63,63,63,61,63,0,8278,1.42435338845813,25,-87,0.001869,51,2025-01-12 05:05:00.000544,668,1.037,0.0011,"aoml_navis",1030.17091439696
"7901009",58,0,4,0.022428,1,0,1,113.412059073302,1,4.85352005705903,670,1,8.89599990844727,35.0260009765625,0.0224280003458261,0,109.36360168457,-86.5246,25.1821,107.275983890224,63,63,63,63,61,63,0,8278,1.42435338845813,25,-87,0.001869,51,2025-01-12 05:05:00.000544,670,1.037,0.0011,"aoml_navis",1030.18014579499
"7901009",58,0,1,0.031773,1,0.009345,1,113.601207000427,1,4.85348026512538,672,1,8.89000034332275,35.023998260498,0.0317730009555817,0,109.545997619629,-86.5246,25.1821,107.275983890224,63,63,63,63,61,63,0,8278,1.42435338845813,25,-87,0.001869,51,2025-01-12 05:05:00.000544,672,1.037,0.0011,"aoml_navis",1030.18859187034
"7901009",58,0,1,0.031773,1,0.009345,1,114.074919427277,1,4.85342699725156,674,1,8.85400009155273,35.0190010070801,0.0317730009555817,0,110.002799987793,-86.5246,25.1821,107.275983890224,63,63,63,63,61,63,0,8278,1.42435338845813,25,-87,0.001869,51,2025-01-12 05:05:00.000544,674,1.037,0.0011,"aoml_navis",1030.19989851118
"7901009",58,0,1,0.028035,1,0.005607,1,114.532760739315,1,4.85337260868018,676,1,8.80300045013428,35.0110015869141,0.0280349999666214,0,110.444297790527,-86.5246,25.1821,107.275983890224,63,63,63,63,61,63,0,8278,1.42435338845813,25,-87,0.001869,51,2025-01-12 05:05:00.000544,676,1.037,0.0011,"aoml_navis",1030.21144328741
"7901009",58,0,1,0.029904,1,0.007476,1,114.960948542721,1,4.85329735662312,678,1,8.71700000762939,35.0009994506836,0.0299040004611015,0,110.857200622559,-86.5246,25.1821,107.275983890224,63,63,63,63,61,63,0,8278,1.42435338845813,25,-87,0.001869,51,2025-01-12 05:05:00.000544,678,1.037,0.0011,"aoml_navis",1030.22741707278
"7901009",58,0,1,0.029904,1,0.007476,1,115.064751646577,1,4.85323710686426,680,1,8.67199993133545,34.9959983825684,0.0299040004611015,0,110.957298278809,-86.5246,25.1821,107.275983890224,63,63,63,63,61,63,0,8278,1.42435338845813,25,-87,0.001869,51,2025-01-12 05:05:00.000544,680,1.037,0.0011,"aoml_navis",1030.24020667116
"7901009",58,0,1,0.028035,1,0.005607,1,115.137445466564,1,4.85319572072594,682,1,8.66399955749512,34.9939994812012,0.0280349999666214,0,111.027397155762,-86.5246,25.1821,107.275983890224,63,63,63,63,61,63,0,8278,1.42435338845813,25,-87,0.001869,51,2025-01-12 05:05:00.000544,682,1.037,0.0011,"aoml_navis",1030.24899215317
"7901009",58,0,1,0.029904,1,0.007476,1,115.221650987474,1,4.85315442386511,684,1,8.64700031280518,34.9900016784668,0.0299040004611015,0,111.108596801758,-86.5246,25.1821,107.275983890224,63,63,63,63,61,63,0,8278,1.42435338845813,25,-87,0.001869,51,2025-01-12 05:05:00.000544,684,1.037,0.0011,"aoml_navis",1030.25775883264
"7901009",58,0,1,0.029904,1,0.007476,1,115.232545566286,1,4.85310993158276,686,1,8.62600040435791,34.9860000610352,0.0299040004611015,0,111.119102478027,-86.5246,25.1821,107.275983890224,63,63,63,63,61,63,0,8278,1.42435338845813,25,-87,0.001869,51,2025-01-12 05:05:00.000544,686,1.037,0.0011,"aoml_navis",1030.26720401723
"7901009",58,0,1,0.029904,1,0.007476,1,115.29393339272,1,4.85303620487086,688,1,8.56400012969971,34.9809989929199,0.0299040004611015,0,111.178298950195,-86.5246,25.1821,107.275983890224,63,63,63,63,61,63,0,8278,1.42435338845813,25,-87,0.001869,51,2025-01-12 05:05:00.000544,688,1.037,0.0011,"aoml_navis",1030.28285570621
"7901009",58,0,1,0.031773,1,0.009345,1,115.369222290303,1,4.85296187462092,690,1,8.52400016784668,34.9809989929199,0.0317730009555817,0,111.250900268555,-86.5246,25.1821,107.275983890224,63,63,63,63,61,63,0,8278,1.42435338845813,25,-87,0.001869,51,2025-01-12 05:05:00.000544,690,1.037,0.0011,"aoml_navis",1030.29863600372
"7901009",58,0,1,0.026166,1,0.003738,1,115.474584023081,1,4.85289063741467,692,1,8.47399997711182,34.9780006408691,0.0261659994721413,0,111.352500915527,-86.5246,25.1821,107.275983890224,63,63,63,63,61,63,0,8278,1.42435338845813,25,-87,0.001869,51,2025-01-12 05:05:00.000544,692,1.037,0.0011,"aoml_navis",1030.31376010231
"7901009",58,0,1,0.031773,1,0.009345,1,115.661247638117,1,4.85282955893328,694,1,8.43200016021729,34.9739990234375,0.0317730009555817,0,111.532501220703,-86.5246,25.1821,107.275983890224,63,63,63,63,61,63,0,8278,1.42435338845813,25,-87,0.001869,51,2025-01-12 05:05:00.000544,694,1.037,0.0011,"aoml_navis",1030.32672779447
"7901009",58,0,1,0.026166,1,0.003738,1,115.942797733683,1,4.85275021224077,696,1,8.35299968719482,34.9669990539551,0.0261659994721413,0,111.804000854492,-86.5246,25.1821,107.275983890224,63,63,63,63,61,63,0,8278,1.42435338845813,25,-87,0.001869,51,2025-01-12 05:05:00.000544,696,1.037,0.0011,"aoml_navis",1030.34357453384
"7901009",58,0,1,0.026166,1,0.003738,1,116.031251902975,1,4.85269673938564,698,1,8.32499980926514,34.9640007019043,0.0261659994721413,0,111.889297485352,-86.5246,25.1821,107.275983890224,63,63,63,63,61,63,0,8278,1.42435338845813,25,-87,0.001869,51,2025-01-12 05:05:00.000544,698,1.037,0.0011,"aoml_navis",1030.35492809984
"7901009",58,0,1,0.028035,1,0.005607,1,116.035611316864,1,4.85264831974914,700,1,8.30799961090088,34.9620018005371,0.0280349999666214,0,111.893501281738,-86.5246,25.1821,107.275983890224,63,63,63,63,61,63,0,8278,1.42435338845813,25,-87,0.001869,51,2025-01-12 05:05:00.000544,700,1.037,0.0011,"aoml_navis",1030.36520896253
"7901009",58,0,1,0.029904,1,0.007476,1,116.133812850786,1,4.85259439661813,702,1,8.28400039672852,34.9599990844727,0.0299040004611015,0,111.98819732666,-86.5246,25.1821,107.275983890224,63,63,63,63,61,63,0,8278,1.42435338845813,25,-87,0.001869,51,2025-01-12 05:05:00.000544,702,1.037,0.0011,"aoml_navis",1030.37665861474
"7901009",58,0,1,0.031773,1,0.009345,1,116.183174707871,1,4.85253996382611,704,1,8.26399993896484,34.9589996337891,0.0317730009555817,0,112.035797119141,-86.5246,25.1821,107.275983890224,63,63,63,63,61,63,0,8278,1.42435338845813,25,-87,0.001869,51,2025-01-12 05:05:00.000544,704,1.037,0.0011,"aoml_navis",1030.38821674281
"7901009",58,0,1,0.031773,1,0.009345,1,116.226626433967,1,4.85249000585533,706,1,8.24499988555908,34.9570007324219,0.0317730009555817,0,112.077697753906,-86.5246,25.1821,107.275983890224,63,63,63,63,61,63,0,8278,1.42435338845813,25,-87,0.001869,51,2025-01-12 05:05:00.000544,706,1.037,0.0011,"aoml_navis",1030.39882492631
"7901009",58,0,1,0.028035,1,0.005607,1,116.339765487712,1,4.85243376422659,708,1,8.2180004119873,34.9550018310547,0.0280349999666214,0,112.186798095703,-86.5246,25.1821,107.275983890224,63,63,63,63,61,63,0,8278,1.42435338845813,25,-87,0.001869,51,2025-01-12 05:05:00.000544,708,1.037,0.0011,"aoml_navis",1030.4107676567
"7901009",58,0,1,0.024297,1,0.001869,1,116.473024304652,1,4.85237835038749,710,1,8.19200038909912,34.9529991149902,0.0242970008403063,0,112.315299987793,-86.5246,25.1821,107.275983890224,63,63,63,63,61,63,0,8278,1.42435338845813,25,-87,0.001869,51,2025-01-12 05:05:00.000544,710,1.037,0.0011,"aoml_navis",1030.42253487936
"7901009",58,0,1,0.029904,1,0.007476,1,116.626917153211,1,4.85232897481498,712,1,8.16899967193604,34.9500007629395,0.0299040004611015,0,112.46369934082,-86.5246,25.1821,107.275983890224,63,63,63,63,61,63,0,8278,1.42435338845813,25,-87,0.001869,51,2025-01-12 05:05:00.000544,712,1.037,0.0011,"aoml_navis",1030.43302009231
"7901009",58,0,1,0.028035,1,0.005607,1,116.824989615485,1,4.85227594806612,714,1,8.14599990844727,34.9480018615723,0.0280349999666214,0,112.65470123291,-86.5246,25.1821,107.275983890224,63,63,63,63,61,63,0,8278,1.42435338845813,25,-87,0.001869,51,2025-01-12 05:05:00.000544,714,1.037,0.0011,"aoml_navis",1030.44428089313
"7901009",58,0,1,0.031773,1,0.009345,1,117.201837606321,1,4.85221543072519,716,1,8.10400009155273,34.9440002441406,0.0317730009555817,0,113.018096923828,-86.5246,25.1821,107.275983890224,63,63,63,63,61,63,0,8278,1.42435338845813,25,-87,0.001869,51,2025-01-12 05:05:00.000544,716,1.037,0.0011,"aoml_navis",1030.45713270252
"7901009",58,0,1,0.031773,1,0.009345,1,117.584192225227,1,4.85211949238069,718,1,8.00699996948242,34.9379997253418,0.0317730009555817,0,113.38680267334,-86.5246,25.1821,107.275983890224,63,63,63,63,61,63,0,8278,1.42435338845813,25,-87,0.001869,51,2025-01-12 05:05:00.000544,718,1.037,0.0011,"aoml_navis",1030.47750737622
"7901009",58,0,1,0.029904,1,0.007476,1,117.591447365946,1,4.85207205186659,720,1,7.99100017547607,34.9360008239746,0.0299040004611015,0,113.393798828125,-86.5246,25.1821,107.275983890224,63,63,63,63,61,63,0,8278,1.42435338845813,25,-87,0.001869,51,2025-01-12 05:05:00.000544,720,1.037,0.0011,"aoml_navis",1030.48758273829
"7901009",58,0,1,0.029904,1,0.007476,1,117.628783253682,1,4.85203047948569,722,1,7.99200010299683,34.9360008239746,0.0299040004611015,0,113.429801940918,-86.5246,25.1821,107.275983890224,63,63,63,63,61,63,0,8278,1.42435338845813,25,-87,0.001869,51,2025-01-12 05:05:00.000544,722,1.037,0.0011,"aoml_navis",1030.49641199492
"7901009",58,0,1,0.028035,1,0.005607,1,117.740672239561,1,4.85198869635591,724,1,7.98799991607666,34.935001373291,0.0280349999666214,0,113.537696838379,-86.5246,25.1821,107.275983890224,63,63,63,63,61,63,0,8278,1.42435338845813,25,-87,0.001869,51,2025-01-12 05:05:00.000544,724,1.037,0.0011,"aoml_navis",1030.50528616344
"7901009",58,0,1,0.031773,1,0.009345,1,117.880671928794,1,4.85193662103745,726,1,7.96600008010864,34.9329986572266,0.0317730009555817,0,113.672698974609,-86.5246,25.1821,107.275983890224,63,63,63,63,61,63,0,8278,1.42435338845813,25,-87,0.001869,51,2025-01-12 05:05:00.000544,726,1.037,0.0011,"aoml_navis",1030.5163464668
"7901009",58,0,1,0.033642,1,0.011214,1,118.091703955406,1,4.85188454955783,728,1,7.94399976730347,34.9309997558594,0.0336420014500618,0,113.876197814941,-86.5246,25.1821,107.275983890224,63,63,63,63,61,63,0,8278,1.42435338845813,25,-87,0.001869,51,2025-01-12 05:05:00.000544,728,1.037,0.0011,"aoml_navis",1030.52740619223
"7901009",58,0,1,0.028035,1,0.005607,1,118.444911422284,1,4.85182283043794,730,1,7.90000009536743,34.9269981384277,0.0280349999666214,0,114.216796875,-86.5246,25.1821,107.275983890224,63,63,63,63,61,63,0,8278,1.42435338845813,25,-87,0.001869,51,2025-01-12 05:05:00.000544,730,1.037,0.0011,"aoml_navis",1030.54051533631
"7901009",58,0,1,0.033642,1,0.011214,1,118.775823374934,1,4.85175904823858,732,1,7.85799980163574,34.923999786377,0.0336420014500618,0,114.53589630127,-86.5246,25.1821,107.275983890224,63,63,63,63,61,63,0,8278,1.42435338845813,25,-87,0.001869,51,2025-01-12 05:05:00.000544,732,1.037,0.0011,"aoml_navis",1030.554063029
"7901009",58,0,1,0.029904,1,0.007476,1,119.068165195626,1,4.8516984196597,734,1,7.82000017166138,34.9210014343262,0.0299040004611015,0,114.817802429199,-86.5246,25.1821,107.275983890224,63,63,63,63,61,63,0,8278,1.42435338845813,25,-87,0.001869,51,2025-01-12 05:05:00.000544,734,1.037,0.0011,"aoml_navis",1030.56694120545
"7901009",58,0,1,0.029904,1,0.007476,1,119.482349074198,1,4.85163078899982,736,1,7.76800012588501,34.9169998168945,0.0299040004611015,0,115.21720123291,-86.5246,25.1821,107.275983890224,63,63,63,63,61,63,0,8278,1.42435338845813,25,-87,0.001869,51,2025-01-12 05:05:00.000544,736,1.037,0.0011,"aoml_navis",1030.58130708062
"7901009",58,0,1,0.028035,1,0.005607,1,119.847582510425,1,4.85154798229232,738,1,7.69600009918213,34.9129981994629,0.0280349999666214,0,115.569396972656,-86.5246,25.1821,107.275983890224,63,63,63,63,61,63,0,8278,1.42435338845813,25,-87,0.001869,51,2025-01-12 05:05:00.000544,738,1.037,0.0011,"aoml_navis",1030.59889714572
"7901009",58,0,1,0.026166,1,0.003738,1,120.036944056743,1,4.85148241419904,740,1,7.6560001373291,34.9109992980957,0.0261659994721413,0,115.751998901367,-86.5246,25.1821,107.275983890224,63,63,63,63,61,63,0,8278,1.42435338845813,25,-87,0.001869,51,2025-01-12 05:05:00.000544,740,1.037,0.0011,"aoml_navis",1030.61282575534
"7901009",58,0,1,0.029904,1,0.007476,1,120.101860555762,1,4.85143365803989,742,1,7.63800001144409,34.9090003967285,0.0299040004611015,0,115.814598083496,-86.5246,25.1821,107.275983890224,63,63,63,63,61,63,0,8278,1.42435338845813,25,-87,0.001869,51,2025-01-12 05:05:00.000544,742,1.037,0.0011,"aoml_navis",1030.6231832551
"7901009",58,0,1,0.029904,1,0.007476,1,120.305431734285,1,4.85135931302674,744,1,7.59600019454956,34.9090003967285,0.0299040004611015,0,116.010902404785,-86.5246,25.1821,107.275983890224,63,63,63,63,61,63,0,8278,1.42435338845813,25,-87,0.001869,51,2025-01-12 05:05:00.000544,744,1.037,0.0011,"aoml_navis",1030.63897711599
"7901009",58,0,1,0.029904,1,0.007476,1,120.59444267794,1,4.8513069218609,746,1,7.57800006866455,34.9080009460449,0.0299040004611015,0,116.289596557617,-86.5246,25.1821,107.275983890224,63,63,63,63,61,63,0,8278,1.42435338845813,25,-87,0.001869,51,2025-01-12 05:05:00.000544,746,1.037,0.0011,"aoml_navis",1030.65010739046
"7901009",58,0,1,0.028035,1,0.005607,1,121.138570320058,1,4.85126039109544,748,1,7.55800008773804,34.9049987792969,0.0280349999666214,0,116.814300537109,-86.5246,25.1821,107.275983890224,63,63,63,63,61,63,0,8278,1.42435338845813,25,-87,0.001869,51,2025-01-12 05:05:00.000544,748,1.037,0.0011,"aoml_navis",1030.65999285002
"7901009",58,0,1,0.028035,1,0.005607,1,121.730501190339,1,4.85120164011927,750,1,7.51700019836426,34.9010009765625,0.0280349999666214,0,117.385101318359,-86.5246,25.1821,107.275983890224,63,63,63,63,61,63,0,8278,1.42435338845813,25,-87,0.001869,51,2025-01-12 05:05:00.000544,750,1.037,0.0011,"aoml_navis",1030.67247476381
"7901009",58,0,1,0.028035,1,0.005607,1,122.094286763151,1,4.85114694730616,752,1,7.49100017547607,34.898998260498,0.0280349999666214,0,117.735900878906,-86.5246,25.1821,107.275983890224,63,63,63,63,61,63,0,8278,1.42435338845813,25,-87,0.001869,51,2025-01-12 05:05:00.000544,752,1.037,0.0011,"aoml_navis",1030.68409477402
"7901009",58,0,1,0.031773,1,0.009345,1,122.660187739249,1,4.85110887289683,754,1,7.48699998855591,34.8969993591309,0.0317730009555817,0,118.281600952148,-86.5246,25.1821,107.275983890224,63,63,63,63,61,63,0,8278,1.42435338845813,25,-87,0.001869,51,2025-01-12 05:05:00.000544,754,1.037,0.0011,"aoml_navis",1030.69218420041
"7901009",58,0,1,0.028035,1,0.005607,1,123.663090288393,1,4.85104338456762,756,1,7.43200016021729,34.8919982910156,0.0280349999666214,0,119.24870300293,-86.5246,25.1821,107.275983890224,63,63,63,63,61,63,0,8278,1.42435338845813,25,-87,0.001869,51,2025-01-12 05:05:00.000544,756,1.037,0.0011,"aoml_navis",1030.70609838416
"7901009",58,0,1,0.033642,1,0.011214,1,124.378421845476,1,4.85095777502665,758,1,7.34999990463257,34.8870010375977,0.0336420014500618,0,119.938499450684,-86.5246,25.1821,107.275983890224,63,63,63,63,61,63,0,8278,1.42435338845813,25,-87,0.001869,51,2025-01-12 05:05:00.000544,758,1.037,0.0011,"aoml_navis",1030.724288251
"7901009",58,0,1,0.029904,1,0.007476,1,124.82070851558,1,4.85088009687534,760,1,7.29300022125244,34.8849983215332,0.0299040004611015,0,120.36499786377,-86.5246,25.1821,107.275983890224,63,63,63,63,61,63,0,8278,1.42435338845813,25,-87,0.001869,51,2025-01-12 05:05:00.000544,760,1.037,0.0011,"aoml_navis",1030.74079345328
"7901009",58,0,1,0.029904,1,0.007476,1,125.163654349401,1,4.85083233506588,762,1,7.27600002288818,34.882999420166,0.0299040004611015,0,120.695701599121,-86.5246,25.1821,107.275983890224,63,63,63,63,61,63,0,8278,1.42435338845813,25,-87,0.001869,51,2025-01-12 05:05:00.000544,762,1.037,0.0011,"aoml_navis",1030.75094223641
"7901009",58,0,1,0.028035,1,0.005607,1,125.528167809832,1,4.85075411595841,764,1,7.22300004959106,34.8819999694824,0.0280349999666214,0,121.047203063965,-86.5246,25.1821,107.275983890224,63,63,63,63,61,63,0,8278,1.42435338845813,25,-87,0.001869,51,2025-01-12 05:05:00.000544,764,1.037,0.0011,"aoml_navis",1030.76756324354
"7901009",58,0,1,0.031773,1,0.009345,1,125.741375587478,1,4.85070123590114,766,1,7.2039999961853,34.8810005187988,0.0317730009555817,0,121.252799987793,-86.5246,25.1821,107.275983890224,63,63,63,63,61,63,0,8278,1.42435338845813,25,-87,0.001869,51,2025-01-12 05:05:00.000544,766,1.037,0.0011,"aoml_navis",1030.7788001854
"7901009",58,0,1,0.031773,1,0.009345,1,126.05092562089,1,4.85064095372506,768,1,7.17500019073486,34.8800010681152,0.0317730009555817,0,121.551300048828,-86.5246,25.1821,107.275983890224,63,63,63,63,61,63,0,8278,1.42435338845813,25,-87,0.001869,51,2025-01-12 05:05:00.000544,768,1.037,0.0011,"aoml_navis",1030.79161036651
"7901009",58,0,1,0.031773,1,0.009345,1,126.353323367267,1,4.85058291676436,770,1,7.14400005340576,34.8779983520508,0.0317730009555817,0,121.842903137207,-86.5246,25.1821,107.275983890224,63,63,63,63,61,63,0,8278,1.42435338845813,25,-87,0.001869,51,2025-01-12 05:05:00.000544,770,1.037,0.0011,"aoml_navis",1030.80394373205
"7901009",58,0,1,0.024297,1,0.001869,1,126.522454384884,1,4.85051090184726,772,1,7.10400009155273,34.8779983520508,0.0242970008403063,0,122.005996704102,-86.5246,25.1821,107.275983890224,63,63,63,63,61,63,0,8278,1.42435338845813,25,-87,0.001869,51,2025-01-12 05:05:00.000544,772,1.037,0.0011,"aoml_navis",1030.81924794681
"7901009",58,0,1,0.028035,1,0.005607,1,126.572235568532,1,4.8504618051241,774,1,7.09499979019165,34.8779983520508,0.0280349999666214,0,122.054000854492,-86.5246,25.1821,107.275983890224,63,63,63,63,61,63,0,8278,1.42435338845813,25,-87,0.001869,51,2025-01-12 05:05:00.000544,774,1.037,0.0011,"aoml_navis",1030.82968197336
"7901009",58,0,1,0.029904,1,0.007476,1,126.659344728094,1,4.8504104906416,776,1,7.07800006866455,34.8769989013672,0.0299040004611015,0,122.138000488281,-86.5246,25.1821,107.275983890224,63,63,63,63,61,63,0,8278,1.42435338845813,25,-87,0.001869,51,2025-01-12 05:05:00.000544,776,1.037,0.0011,"aoml_navis",1030.84058754347
"7901009",58,0,1,0.029904,1,0.007476,1,126.777563171525,1,4.85032828125886,778,1,7.02899980545044,34.8779983520508,0.0299040004611015,0,122.251998901367,-86.5246,25.1821,107.275983890224,63,63,63,63,61,63,0,8278,1.42435338845813,25,-87,0.001869,51,2025-01-12 05:05:00.000544,778,1.037,0.0011,"aoml_navis",1030.85805950897
"7901009",58,0,1,0.029904,1,0.007476,1,126.796646486045,1,4.85026669898565,780,1,7.00799989700317,34.8790016174316,0.0299040004611015,0,122.270401000977,-86.5246,25.1821,107.275983890224,63,63,63,63,61,63,0,8278,1.42435338845813,25,-87,0.001869,51,2025-01-12 05:05:00.000544,780,1.037,0.0011,"aoml_navis",1030.87114798155
"7901009",58,0,1,0.033642,1,0.011214,1,126.862599433739,1,4.85021469472046,782,1,6.99499988555908,34.8790016174316,0.0336420014500618,0,122.333999633789,-86.5246,25.1821,107.275983890224,63,63,63,63,61,63,0,8278,1.42435338845813,25,-87,0.001869,51,2025-01-12 05:05:00.000544,782,1.037,0.0011,"aoml_navis",1030.88220103794
"7901009",58,0,1,0.026166,1,0.003738,1,126.989845266004,1,4.85015756417161,784,1,6.97499990463257,34.8790016174316,0.0261659994721413,0,122.456703186035,-86.5246,25.1821,107.275983890224,63,63,63,63,61,63,0,8278,1.42435338845813,25,-87,0.001869,51,2025-01-12 05:05:00.000544,784,1.037,0.0011,"aoml_navis",1030.89434391478
"7901009",58,0,1,0.029904,1,0.007476,1,127.147472494519,1,4.85010923844114,786,1,6.96700000762939,34.8790016174316,0.0299040004611015,0,122.608703613281,-86.5246,25.1821,107.275983890224,63,63,63,63,61,63,0,8278,1.42435338845813,25,-87,0.001869,51,2025-01-12 05:05:00.000544,786,1.037,0.0011,"aoml_navis",1030.90461558491
"7901009",58,0,1,0.026166,1,0.003738,1,127.354975848546,1,4.8500543237642,788,1,6.94999980926514,34.8790016174316,0.0261659994721413,0,122.808799743652,-86.5246,25.1821,107.275983890224,63,63,63,63,61,63,0,8278,1.42435338845813,25,-87,0.001869,51,2025-01-12 05:05:00.000544,788,1.037,0.0011,"aoml_navis",1030.916287989
"7901009",58,0,1,0.031773,1,0.009345,1,127.658821458339,1,4.84999941976543,790,1,6.93300008773804,34.8790016174316,0.0317730009555817,0,123.10179901123,-86.5246,25.1821,107.275983890224,63,63,63,63,61,63,0,8278,1.42435338845813,25,-87,0.001869,51,2025-01-12 05:05:00.000544,790,1.037,0.0011,"aoml_navis",1030.92795838764
"7901009",58,0,1,0.035511,1,0.013083,1,127.956859790828,1,4.84994675739354,792,1,6.91400003433228,34.8779983520508,0.0355109982192516,0,123.389198303223,-86.5246,25.1821,107.275983890224,63,63,63,63,61,63,0,8278,1.42435338845813,25,-87,0.001869,51,2025-01-12 05:05:00.000544,792,1.037,0.0011,"aoml_navis",1030.93915255414
"7901009",58,0,1,0.024297,1,0.001869,1,128.323137587551,1,4.84988679679776,794,1,6.88500022888184,34.8769989013672,0.0242970008403063,0,123.742401123047,-86.5246,25.1821,107.275983890224,63,63,63,63,61,63,0,8278,1.42435338845813,25,-87,0.001869,51,2025-01-12 05:05:00.000544,794,1.037,0.0011,"aoml_navis",1030.95189836211
"7901009",58,0,1,0.028035,1,0.005607,1,128.59255094826,1,4.84982756020077,796,1,6.86199998855591,34.8769989013672,0.0280349999666214,0,124.002197265625,-86.5246,25.1821,107.275983890224,63,63,63,63,61,63,0,8278,1.42435338845813,25,-87,0.001869,51,2025-01-12 05:05:00.000544,796,1.037,0.0011,"aoml_navis",1030.96449057933
"7901009",58,0,1,0.029904,1,0.007476,1,128.913304121539,1,4.84977711781983,798,1,6.84600019454956,34.8759994506836,0.0299040004611015,0,124.311500549316,-86.5246,25.1821,107.275983890224,63,63,63,63,61,63,0,8278,1.42435338845813,25,-87,0.001869,51,2025-01-12 05:05:00.000544,798,1.037,0.0011,"aoml_navis",1030.97521360893
"7901009",58,0,1,0.028035,1,0.005607,1,129.296481569927,1,4.84970696721131,800,1,6.81300020217896,34.8769989013672,0.0280349999666214,0,124.680999755859,-86.5246,25.1821,107.275983890224,63,63,63,63,61,63,0,8278,1.42435338845813,25,-87,0.001869,51,2025-01-12 05:05:00.000544,800,1.037,0.0011,"aoml_navis",1030.99012657977
"7901009",58,0,1,0.026166,1,0.003738,1,129.538005758297,1,4.84965002171715,802,1,6.78800010681152,34.8759994506836,0.0261659994721413,0,124.913902282715,-86.5246,25.1821,107.275983890224,63,63,63,63,61,63,0,8278,1.42435338845813,25,-87,0.001869,51,2025-01-12 05:05:00.000544,802,1.037,0.0011,"aoml_navis",1031.00223265794
"7901009",58,0,1,0.031773,1,0.009345,1,129.713260526095,1,4.84960174339652,804,1,6.78000020980835,34.8759994506836,0.0317730009555817,0,125.082901000977,-86.5246,25.1821,107.275983890224,63,63,63,63,61,63,0,8278,1.42435338845813,25,-87,0.001869,51,2025-01-12 05:05:00.000544,804,1.037,0.0011,"aoml_navis",1031.01249639896
"7901009",58,0,1,0.029904,1,0.007476,1,129.973140141366,1,4.84954911773742,806,1,6.76599979400635,34.8759994506836,0.0299040004611015,0,125.333503723145,-86.5246,25.1821,107.275983890224,63,63,63,63,61,63,0,8278,1.42435338845813,25,-87,0.001869,51,2025-01-12 05:05:00.000544,806,1.037,0.0011,"aoml_navis",1031.02368459622
"7901009",58,0,1,0.033642,1,0.011214,1,130.216112193151,1,4.84949649930902,808,1,6.7519998550415,34.8759994506836,0.0336420014500618,0,125.567802429199,-86.5246,25.1821,107.275983890224,63,63,63,63,61,63,0,8278,1.42435338845813,25,-87,0.001869,51,2025-01-12 05:05:00.000544,808,1.037,0.0011,"aoml_navis",1031.03487149902
"7901009",58,0,1,0.033642,1,0.011214,1,130.461987883588,1,4.84944901501817,810,1,6.73999977111816,34.875,0.0336420014500618,0,125.804901123047,-86.5246,25.1821,107.275983890224,63,63,63,63,61,63,0,8278,1.42435338845813,25,-87,0.001869,51,2025-01-12 05:05:00.000544,810,1.037,0.0011,"aoml_navis",1031.04496707061
"7901009",58,0,1,0.028035,1,0.005607,1,130.745302315446,1,4.8493942396027,812,1,6.72300004959106,34.875,0.0280349999666214,0,126.078102111816,-86.5246,25.1821,107.275983890224,63,63,63,63,61,63,0,8278,1.42435338845813,25,-87,0.001869,51,2025-01-12 05:05:00.000544,812,1.037,0.0011,"aoml_navis",1031.05661304403
"7901009",58,0,1,0.026166,1,0.003738,1,131.01824434874,1,4.84934387646716,814,1,6.70699977874756,34.8740005493164,0.0261659994721413,0,126.341300964355,-86.5246,25.1821,107.275983890224,63,63,63,63,61,63,0,8278,1.42435338845813,25,-87,0.001869,51,2025-01-12 05:05:00.000544,814,1.037,0.0011,"aoml_navis",1031.06732114089
"7901009",58,0,1,0.029904,1,0.007476,1,131.330595167119,1,4.84929128707951,816,1,6.69299983978271,34.8740005493164,0.0299040004611015,0,126.642501831055,-86.5246,25.1821,107.275983890224,63,63,63,63,61,63,0,8278,1.42435338845813,25,-87,0.001869,51,2025-01-12 05:05:00.000544,816,1.037,0.0011,"aoml_navis",1031.07850281587
"7901009",58,0,1,0.031773,1,0.009345,1,131.633301474552,1,4.84923221205709,818,1,6.67000007629395,34.8740005493164,0.0317730009555817,0,126.93440246582,-86.5246,25.1821,107.275983890224,63,63,63,63,61,63,0,8278,1.42435338845813,25,-87,0.001869,51,2025-01-12 05:05:00.000544,818,1.037,0.0011,"aoml_navis",1031.09106377048
"7901009",58,0,1,0.028035,1,0.005607,1,131.871605551392,1,4.84917892031548,820,1,6.65500020980835,34.8740005493164,0.0280349999666214,0,127.164199829102,-86.5246,25.1821,107.275983890224,63,63,63,63,61,63,0,8278,1.42435338845813,25,-87,0.001869,51,2025-01-12 05:05:00.000544,820,1.037,0.0011,"aoml_navis",1031.10239530504
"7901009",58,0,1,0.024297,1,0.001869,1,132.117584095515,1,4.84913219687545,822,1,6.64400005340576,34.8730010986328,0.0242970008403063,0,127.401397705078,-86.5246,25.1821,107.275983890224,63,63,63,63,61,63,0,8278,1.42435338845813,25,-87,0.001869,51,2025-01-12 05:05:00.000544,822,1.037,0.0011,"aoml_navis",1031.1123304128
"7901009",58,0,1,0.029904,1,0.007476,1,132.351845231343,1,4.84907819881516,824,1,6.62799978256226,34.8730010986328,0.0299040004611015,0,127.627296447754,-86.5246,25.1821,107.275983890224,63,63,63,63,61,63,0,8278,1.42435338845813,25,-87,0.001869,51,2025-01-12 05:05:00.000544,824,1.037,0.0011,"aoml_navis",1031.1238126087
"7901009",58,0,1,0.031773,1,0.009345,1,132.606954017984,1,4.84903212309754,826,1,6.6230001449585,34.8730010986328,0.0317730009555817,0,127.87329864502,-86.5246,25.1821,107.275983890224,63,63,63,63,61,63,0,8278,1.42435338845813,25,-87,0.001869,51,2025-01-12 05:05:00.000544,826,1.037,0.0011,"aoml_navis",1031.13361039275
"7901009",58,0,1,0.029904,1,0.007476,1,133.013471341096,1,4.84898900914785,828,1,6.61700010299683,34.8720016479492,0.0299040004611015,0,128.26530456543,-86.5246,25.1821,107.275983890224,63,63,63,63,61,63,0,8278,1.42435338845813,25,-87,0.001869,51,2025-01-12 05:05:00.000544,828,1.037,0.0011,"aoml_navis",1031.14277853946
"7901009",58,0,1,0.024297,1,0.001869,1,133.695723570646,1,4.84892783936133,830,1,6.59100008010864,34.8720016479492,0.0242970008403063,0,128.923202514648,-86.5246,25.1821,107.275983890224,63,63,63,63,61,63,0,8278,1.42435338845813,25,-87,0.001869,51,2025-01-12 05:05:00.000544,830,1.037,0.0011,"aoml_navis",1031.15578652508
"7901009",58,0,1,0.028035,1,0.005607,1,134.281435748882,1,4.8488552245042,832,1,6.54899978637695,34.8720016479492,0.0280349999666214,0,129.488006591797,-86.5246,25.1821,107.275983890224,63,63,63,63,61,63,0,8278,1.42435338845813,25,-87,0.001869,51,2025-01-12 05:05:00.000544,832,1.037,0.0011,"aoml_navis",1031.17122877416
"7901009",58,0,1,0.031773,1,0.009345,1,134.735843330198,1,4.84880068066074,834,1,6.52699995040894,34.8709983825684,0.0317730009555817,0,129.926193237305,-86.5246,25.1821,107.275983890224,63,63,63,63,61,63,0,8278,1.42435338845813,25,-87,0.001869,51,2025-01-12 05:05:00.000544,834,1.037,0.0011,"aoml_navis",1031.18282835224
"7901009",58,0,1,0.029904,1,0.007476,1,135.369358736597,1,4.84875472127142,836,1,6.51700019836426,34.8699989318848,0.0299040004611015,0,130.537094116211,-86.5246,25.1821,107.275983890224,63,63,63,63,61,63,0,8278,1.42435338845813,25,-87,0.001869,51,2025-01-12 05:05:00.000544,836,1.037,0.0011,"aoml_navis",1031.19260251814
"7901009",58,0,1,0.031773,1,0.009345,1,136.008586478437,1,4.84870254969048,838,1,6.48799991607666,34.867000579834,0.0317730009555817,0,131.153503417969,-86.5246,25.1821,107.275983890224,63,63,63,63,61,63,0,8278,1.42435338845813,25,-87,0.001869,51,2025-01-12 05:05:00.000544,838,1.037,0.0011,"aoml_navis",1031.20369805304
"7901009",58,0,1,0.029904,1,0.007476,1,136.041768659654,1,4.84863675774065,840,1,6.44500017166138,34.8650016784668,0.0299040004611015,0,131.185501098633,-86.5246,25.1821,107.275983890224,63,63,63,63,61,63,0,8278,1.42435338845813,25,-87,0.001869,51,2025-01-12 05:05:00.000544,840,1.037,0.0011,"aoml_navis",1031.21769062566
"7901009",58,0,1,0.033642,1,0.011214,1,135.989297456547,1,4.84858464786501,842,1,6.44700002670288,34.8680000305176,0.0336420014500618,0,131.134902954102,-86.5246,25.1821,107.275983890224,63,63,63,63,61,63,0,8278,1.42435338845813,25,-87,0.001869,51,2025-01-12 05:05:00.000544,842,1.037,0.0011,"aoml_navis",1031.22877357657
"7901009",58,0,1,0.029904,1,0.007476,1,136.264423152696,1,4.84852921809137,844,1,6.43400001525879,34.8689994812012,0.0299040004611015,0,131.400207519531,-86.5246,25.1821,107.275983890224,63,63,63,63,61,63,0,8278,1.42435338845813,25,-87,0.001869,51,2025-01-12 05:05:00.000544,844,1.037,0.0011,"aoml_navis",1031.24056287904
"7901009",58,0,1,0.033642,1,0.011214,1,136.531336377672,1,4.84846810363109,846,1,6.41300010681152,34.8699989318848,0.0336420014500618,0,131.657592773438,-86.5246,25.1821,107.275983890224,63,63,63,63,61,63,0,8278,1.42435338845813,25,-87,0.001869,51,2025-01-12 05:05:00.000544,846,1.037,0.0011,"aoml_navis",1031.2535615642
"7901009",58,0,1,0.033642,1,0.011214,1,136.852920292255,1,4.84840558456399,848,1,6.3899998664856,34.8709983825684,0.0336420014500618,0,131.967697143555,-86.5246,25.1821,107.275983890224,63,63,63,63,61,63,0,8278,1.42435338845813,25,-87,0.001869,51,2025-01-12 05:05:00.000544,848,1.037,0.0011,"aoml_navis",1031.26685934004
"7901009",58,0,1,0.026166,1,0.003738,1,137.379831809831,1,4.84835599082053,850,1,6.38000011444092,34.8709983825684,0.0261659994721413,0,132.475799560547,-86.5246,25.1821,107.275983890224,63,63,63,63,61,63,0,8278,1.42435338845813,25,-87,0.001869,51,2025-01-12 05:05:00.000544,850,1.037,0.0011,"aoml_navis",1031.2774081496
"7901009",58,0,1,0.029904,1,0.007476,1,137.815377607642,1,4.84830086054446,852,1,6.35699987411499,34.8699989318848,0.0299040004611015,0,132.895797729492,-86.5246,25.1821,107.275983890224,63,63,63,63,61,63,0,8278,1.42435338845813,25,-87,0.001869,51,2025-01-12 05:05:00.000544,852,1.037,0.0011,"aoml_navis",1031.28913485755
"7901009",58,0,1,0.031773,1,0.009345,1,138.050374542911,1,4.84824348581777,854,1,6.33599996566772,34.8699989318848,0.0317730009555817,0,133.122406005859,-86.5246,25.1821,107.275983890224,63,63,63,63,61,63,0,8278,1.42435338845813,25,-87,0.001869,51,2025-01-12 05:05:00.000544,854,1.037,0.0011,"aoml_navis",1031.30133926362
"7901009",58,0,1,0.026166,1,0.003738,1,138.425046782713,1,4.84819320218915,856,1,6.32499980926514,34.8699989318848,0.0261659994721413,0,133.483703613281,-86.5246,25.1821,107.275983890224,63,63,63,63,61,63,0,8278,1.42435338845813,25,-87,0.001869,51,2025-01-12 05:05:00.000544,856,1.037,0.0011,"aoml_navis",1031.31203553157
"7901009",58,0,1,0.035511,1,0.013083,1,139.011898263308,1,4.84813655844254,858,1,6.30499982833862,34.8699989318848,0.0355109982192516,0,134.049606323242,-86.5246,25.1821,107.275983890224,63,63,63,63,61,63,0,8278,1.42435338845813,25,-87,0.001869,51,2025-01-12 05:05:00.000544,858,1.037,0.0011,"aoml_navis",1031.32408498127
"7901009",58,0,1,0.031773,1,0.009345,1,139.281723038758,1,4.84807145902837,860,1,6.27299976348877,34.8699989318848,0.0317730009555817,0,134.309799194336,-86.5246,25.1821,107.275983890224,63,63,63,63,61,63,0,8278,1.42435338845813,25,-87,0.001869,51,2025-01-12 05:05:00.000544,860,1.037,0.0011,"aoml_navis",1031.33793349698
"7901009",58,0,1,0.033642,1,0.011214,1,139.287118901321,1,4.84801626399155,862,1,6.25500011444092,34.8699989318848,0.0336420014500618,0,134.315002441406,-86.5246,25.1821,107.275983890224,63,63,63,63,61,63,0,8278,1.42435338845813,25,-87,0.001869,51,2025-01-12 05:05:00.000544,862,1.037,0.0011,"aoml_navis",1031.34967535841
"7901009",58,0,1,0.031773,1,0.009345,1,139.386459737603,1,4.84796303397168,864,1,6.24499988555908,34.8709983825684,0.0317730009555817,0,134.410797119141,-86.5246,25.1821,107.275983890224,63,63,63,63,61,63,0,8278,1.42435338845813,25,-87,0.001869,51,2025-01-12 05:05:00.000544,864,1.037,0.0011,"aoml_navis",1031.36099944718
"7901009",58,0,1,0.028035,1,0.005607,1,139.599983988126,1,4.84791701072515,866,1,6.23999977111816,34.8709983825684,0.0280349999666214,0,134.61669921875,-86.5246,25.1821,107.275983890224,63,63,63,63,61,63,0,8278,1.42435338845813,25,-87,0.001869,51,2025-01-12 05:05:00.000544,866,1.037,0.0011,"aoml_navis",1031.37079057632
"7901009",58,0,1,0.031773,1,0.009345,1,139.864935081261,1,4.84786958061736,868,1,6.23299980163574,34.8709983825684,0.0317730009555817,0,134.872192382812,-86.5246,25.1821,107.275983890224,63,63,63,63,61,63,0,8278,1.42435338845813,25,-87,0.001869,51,2025-01-12 05:05:00.000544,868,1.037,0.0011,"aoml_navis",1031.38088120004
"7901009",58,0,1,0.026166,1,0.003738,1,140.202801525397,1,4.84782216492272,869.900024414062,1,6.22300004959106,34.8709983825684,0.0261659994721413,0,135.197998046875,-86.5246,25.1821,107.275983890224,63,63,63,63,61,63,0,8278,1.42435338845813,25,-87,0.001869,51,2025-01-12 05:05:00.000544,869.900024414062,1.037,0.0011,"aoml_navis",1031.39096895476
"7901009",58,0,1,0.03738,1,0.014952,1,140.607348804845,1,4.84776487541387,872,1,6.20499992370605,34.8709983825684,0.0373799987137318,0,135.588104248047,-86.5246,25.1821,107.275983890224,63,63,63,63,61,63,0,8278,1.42435338845813,25,-87,0.001869,51,2025-01-12 05:05:00.000544,872,1.037,0.0011,"aoml_navis",1031.40315764038
"7901009",58,0,1,0.028035,1,0.005607,1,140.865353318316,1,4.8477046217364,874,1,6.18499994277954,34.8720016479492,0.0280349999666214,0,135.836898803711,-86.5246,25.1821,107.275983890224,63,63,63,63,61,63,0,8278,1.42435338845813,25,-87,0.001869,51,2025-01-12 05:05:00.000544,874,1.037,0.0011,"aoml_navis",1031.41597728144
"7901009",58,0,1,0.028035,1,0.005607,1,141.030029980181,1,4.84765439551757,876,1,6.17399978637695,34.8720016479492,0.0280349999666214,0,135.995697021484,-86.5246,25.1821,107.275983890224,63,63,63,63,61,63,0,8278,1.42435338845813,25,-87,0.001869,51,2025-01-12 05:05:00.000544,876,1.037,0.0011,"aoml_navis",1031.42666371252
"7901009",58,0,1,0.028035,1,0.005607,1,141.179563414851,1,4.84761049257665,878,1,6.17199993133545,34.8720016479492,0.0280349999666214,0,136.139892578125,-86.5246,25.1821,107.275983890224,63,63,63,63,61,63,0,8278,1.42435338845813,25,-87,0.001869,51,2025-01-12 05:05:00.000544,878,1.037,0.0011,"aoml_navis",1031.4360049465
"7901009",58,0,1,0.028035,1,0.005607,1,141.459768500687,1,4.84757028643356,880,1,6.17000007629395,34.8709983825684,0.0280349999666214,0,136.410095214844,-86.5246,25.1821,107.275983890224,63,63,63,63,61,63,0,8278,1.42435338845813,25,-87,0.001869,51,2025-01-12 05:05:00.000544,880,1.037,0.0011,"aoml_navis",1031.4445597608
"7901009",58,0,1,0.028035,1,0.005607,1,141.961378011698,1,4.84752076873049,882,1,6.15999984741211,34.8709983825684,0.0280349999666214,0,136.893798828125,-86.5246,25.1821,107.275983890224,63,63,63,63,61,63,0,8278,1.42435338845813,25,-87,0.001869,51,2025-01-12 05:05:00.000544,882,1.037,0.0011,"aoml_navis",1031.45509602622
"7901009",58,0,1,0.028035,1,0.005607,1,142.512135760602,1,4.84746564233973,884,1,6.14200019836426,34.8709983825684,0.0280349999666214,0,137.424896240234,-86.5246,25.1821,107.275983890224,63,63,63,63,61,63,0,8278,1.42435338845813,25,-87,0.001869,51,2025-01-12 05:05:00.000544,884,1.037,0.0011,"aoml_navis",1031.46682594879
"7901009",58,0,1,0.029904,1,0.007476,1,143.002652897253,1,4.84738494967841,886,1,6.09800004959106,34.8730010986328,0.0299040004611015,0,137.897903442383,-86.5246,25.1821,107.275983890224,63,63,63,63,61,63,0,8278,1.42435338845813,25,-87,0.001869,51,2025-01-12 05:05:00.000544,886,1.037,0.0011,"aoml_navis",1031.4839964034
"7901009",58,0,1,0.028035,1,0.005607,1,143.278807130255,1,4.84733703974294,888,1,6.08500003814697,34.8720016479492,0.0280349999666214,0,138.164199829102,-86.5246,25.1821,107.275983890224,63,63,63,63,61,63,0,8278,1.42435338845813,25,-87,0.001869,51,2025-01-12 05:05:00.000544,888,1.037,0.0011,"aoml_navis",1031.49419134782
"7901009",58,0,1,0.028035,1,0.005607,1,143.439543704793,1,4.84728894783969,890,1,6.0770001411438,34.8720016479492,0.0280349999666214,0,138.319198608398,-86.5246,25.1821,107.275983890224,63,63,63,63,61,63,0,8278,1.42435338845813,25,-87,0.001869,51,2025-01-12 05:05:00.000544,890,1.037,0.0011,"aoml_navis",1031.50442521657
"7901009",58,0,1,0.026166,1,0.003738,1,143.619474359358,1,4.84724225566144,892,1,6.07100009918213,34.8720016479492,0.0261659994721413,0,138.492706298828,-86.5246,25.1821,107.275983890224,63,63,63,63,61,63,0,8278,1.42435338845813,25,-87,0.001869,51,2025-01-12 05:05:00.000544,892,1.037,0.0011,"aoml_navis",1031.51436142069
"7901009",58,0,1,0.028035,1,0.005607,1,143.754798161824,1,4.84719626400812,894,1,6.06599998474121,34.8720016479492,0.0280349999666214,0,138.623199462891,-86.5246,25.1821,107.275983890224,63,63,63,63,61,63,0,8278,1.42435338845813,25,-87,0.001869,51,2025-01-12 05:05:00.000544,894,1.037,0.0011,"aoml_navis",1031.52414873862
"7901009",58,0,1,0.026166,1,0.003738,1,143.930155783307,1,4.84715376763341,896,1,6.06599998474121,34.8720016479492,0.0261659994721413,0,138.792297363281,-86.5246,25.1821,107.275983890224,63,63,63,63,61,63,0,8278,1.42435338845813,25,-87,0.001869,51,2025-01-12 05:05:00.000544,896,1.037,0.0011,"aoml_navis",1031.53319240401
"7901009",58,0,1,0.028035,1,0.005607,1,144.218035336425,1,4.84711057488186,898,1,6.06500005722046,34.8720016479492,0.0280349999666214,0,139.069900512695,-86.5246,25.1821,107.275983890224,63,63,63,63,61,63,0,8278,1.42435338845813,25,-87,0.001869,51,2025-01-12 05:05:00.000544,898,1.037,0.0011,"aoml_navis",1031.54238442804
"7901009",58,0,1,0.026166,1,0.003738,1,144.56242112184,1,4.84706828288713,900,1,6.05999994277954,34.8709983825684,0.0261659994721413,0,139.401992797852,-86.5246,25.1821,107.275983890224,63,63,63,63,61,63,0,8278,1.42435338845813,25,-87,0.001869,51,2025-01-12 05:05:00.000544,900,1.037,0.0011,"aoml_navis",1031.55138491711
"7901009",58,0,1,0.031773,1,0.009345,1,144.969769186255,1,4.84702020193267,902,1,6.05200004577637,34.8709983825684,0.0317730009555817,0,139.794799804688,-86.5246,25.1821,107.275983890224,63,63,63,63,61,63,0,8278,1.42435338845813,25,-87,0.001869,51,2025-01-12 05:05:00.000544,902,1.037,0.0011,"aoml_navis",1031.5616175906
"7901009",58,0,1,0.029904,1,0.007476,1,145.478008804052,1,4.84696234991195,904,1,6.03000020980835,34.8709983825684,0.0299040004611015,0,140.284896850586,-86.5246,25.1821,107.275983890224,63,63,63,63,61,63,0,8278,1.42435338845813,25,-87,0.001869,51,2025-01-12 05:05:00.000544,904,1.037,0.0011,"aoml_navis",1031.57393002874
"7901009",58,0,1,0.028035,1,0.005607,1,145.722547396581,1,4.84689664034192,906,1,6.0019998550415,34.8720016479492,0.0280349999666214,0,140.520706176758,-86.5246,25.1821,107.275983890224,63,63,63,63,61,63,0,8278,1.42435338845813,25,-87,0.001869,51,2025-01-12 05:05:00.000544,906,1.037,0.0011,"aoml_navis",1031.58791511743
"7901009",58,0,1,0.031773,1,0.009345,1,145.9249634491,1,4.84685066372559,908,1,5.99700021743774,34.8720016479492,0.0317730009555817,0,140.715896606445,-86.5246,25.1821,107.275983890224,63,63,63,63,61,63,0,8278,1.42435338845813,25,-87,0.001869,51,2025-01-12 05:05:00.000544,908,1.037,0.0011,"aoml_navis",1031.59770063076
"7901009",58,0,1,0.029904,1,0.007476,1,146.167318378773,1,4.84680538507004,910,1,5.99300003051758,34.8720016479492,0.0299040004611015,0,140.949600219727,-86.5246,25.1821,107.275983890224,63,63,63,63,61,63,0,8278,1.42435338845813,25,-87,0.001869,51,2025-01-12 05:05:00.000544,910,1.037,0.0011,"aoml_navis",1031.60733777384
"7901009",58,0,1,0.028035,1,0.005607,1,146.502890394547,1,4.84675314556298,912,1,5.97900009155273,34.8720016479492,0.0280349999666214,0,141.273193359375,-86.5246,25.1821,107.275983890224,63,63,63,63,61,63,0,8278,1.42435338845813,25,-87,0.001869,51,2025-01-12 05:05:00.000544,912,1.037,0.0011,"aoml_navis",1031.61845669349
"7901009",58,0,1,0.029904,1,0.007476,1,146.838889648705,1,4.84670299954551,914,1,5.96799993515015,34.8720016479492,0.0299040004611015,0,141.597198486328,-86.5246,25.1821,107.275983890224,63,63,63,63,61,63,0,8278,1.42435338845813,25,-87,0.001869,51,2025-01-12 05:05:00.000544,914,1.037,0.0011,"aoml_navis",1031.62913024975
"7901009",58,0,1,0.029904,1,0.007476,1,147.184841974864,1,4.84665355342877,916,1,5.95800018310547,34.8720016479492,0.0299040004611015,0,141.930801391602,-86.5246,25.1821,107.275983890224,63,63,63,63,61,63,0,8278,1.42435338845813,25,-87,0.001869,51,2025-01-12 05:05:00.000544,916,1.037,0.0011,"aoml_navis",1031.63965504874
"7901009",58,0,1,0.028035,1,0.005607,1,147.378760730619,1,4.84660133055199,918,1,5.94399976730347,34.8720016479492,0.0280349999666214,0,142.117797851562,-86.5246,25.1821,107.275983890224,63,63,63,63,61,63,0,8278,1.42435338845813,25,-87,0.001869,51,2025-01-12 05:05:00.000544,918,1.037,0.0011,"aoml_navis",1031.65077112512
"7901009",58,0,1,0.031773,1,0.009345,1,147.652636358902,1,4.84655536644566,920,1,5.93900012969971,34.8720016479492,0.0317730009555817,0,142.381896972656,-86.5246,25.1821,107.275983890224,63,63,63,63,61,63,0,8278,1.42435338845813,25,-87,0.001869,51,2025-01-12 05:05:00.000544,920,1.037,0.0011,"aoml_navis",1031.66055516804
"7901009",58,0,1,0.026166,1,0.003738,1,147.981483326027,1,4.84650225007238,922,1,5.92899990081787,34.8730010986328,0.0261659994721413,0,142.699005126953,-86.5246,25.1821,107.275983890224,63,63,63,63,61,63,0,8278,1.42435338845813,25,-87,0.001869,51,2025-01-12 05:05:00.000544,922,1.037,0.0011,"aoml_navis",1031.67186189284
"7901009",58,0,1,0.026166,1,0.003738,1,148.347753210928,1,4.84645142952934,924,1,5.91699981689453,34.8730010986328,0.0261659994721413,0,143.052200317383,-86.5246,25.1821,107.275983890224,63,63,63,63,61,63,0,8278,1.42435338845813,25,-87,0.001869,51,2025-01-12 05:05:00.000544,924,1.037,0.0011,"aoml_navis",1031.68268014306
"7901009",58,0,1,0.026166,1,0.003738,1,148.723881225967,1,4.84639575912086,926,1,5.89799976348877,34.8730010986328,0.0261659994721413,0,143.414901733398,-86.5246,25.1821,107.275983890224,63,63,63,63,61,63,0,8278,1.42435338845813,25,-87,0.001869,51,2025-01-12 05:05:00.000544,926,1.037,0.0011,"aoml_navis",1031.69453105229
"7901009",58,0,1,0.029904,1,0.007476,1,149.043597950572,1,4.846340578331,928,1,5.88500022888184,34.8740005493164,0.0299040004611015,0,143.723205566406,-86.5246,25.1821,107.275983890224,63,63,63,63,61,63,0,8278,1.42435338845813,25,-87,0.001869,51,2025-01-12 05:05:00.000544,928,1.037,0.0011,"aoml_navis",1031.70627800201
"7901009",58,0,1,0.029904,1,0.007476,1,149.269970999926,1,4.84629185373851,930,1,5.87599992752075,34.8740005493164,0.0299040004611015,0,143.941497802734,-86.5246,25.1821,107.275983890224,63,63,63,63,61,63,0,8278,1.42435338845813,25,-87,0.001869,51,2025-01-12 05:05:00.000544,930,1.037,0.0011,"aoml_navis",1031.71665077144
"7901009",58,0,1,0.031773,1,0.009345,1,149.586064110083,1,4.8462438249398,932,1,5.86800003051758,34.8740005493164,0.0317730009555817,0,144.246307373047,-86.5246,25.1821,107.275983890224,63,63,63,63,61,63,0,8278,1.42435338845813,25,-87,0.001869,51,2025-01-12 05:05:00.000544,932,1.037,0.0011,"aoml_navis",1031.72687562044
"7901009",58,0,1,0.028035,1,0.005607,1,149.915623141181,1,4.84619787566749,934,1,5.86299991607666,34.8740005493164,0.0280349999666214,0,144.564102172852,-86.5246,25.1821,107.275983890224,63,63,63,63,61,63,0,8278,1.42435338845813,25,-87,0.001869,51,2025-01-12 05:05:00.000544,934,1.037,0.0011,"aoml_navis",1031.73665794885
"7901009",58,0,1,0.029904,1,0.007476,1,150.412137438863,1,4.84615422392808,936,1,5.85599994659424,34.8730010986328,0.0299040004611015,0,145.042892456055,-86.5246,25.1821,107.275983890224,63,63,63,63,61,63,0,8278,1.42435338845813,25,-87,0.001869,51,2025-01-12 05:05:00.000544,936,1.037,0.0011,"aoml_navis",1031.74595131791
"7901009",58,0,1,0.028035,1,0.005607,1,150.93925466381,1,4.84609214630861,938,1,5.83300018310547,34.8740005493164,0.0280349999666214,0,145.551193237305,-86.5246,25.1821,107.275983890224,63,63,63,63,61,63,0,8278,1.42435338845813,25,-87,0.001869,51,2025-01-12 05:05:00.000544,938,1.037,0.0011,"aoml_navis",1031.75916780877
"7901009",58,0,1,0.031773,1,0.009345,1,151.27069670853,1,4.84603008799623,940,1,5.80999994277954,34.875,0.0317730009555817,0,145.870803833008,-86.5246,25.1821,107.275983890224,63,63,63,63,61,63,0,8278,1.42435338845813,25,-87,0.001869,51,2025-01-12 05:05:00.000544,940,1.037,0.0011,"aoml_navis",1031.77238052755
"7901009",58,0,1,0.029904,1,0.007476,1,151.50059843047,1,4.84598069727772,942,1,5.80000019073486,34.875,0.0299040004611015,0,146.092498779297,-86.5246,25.1821,107.275983890224,63,63,63,63,61,63,0,8278,1.42435338845813,25,-87,0.001869,51,2025-01-12 05:05:00.000544,942,1.037,0.0011,"aoml_navis",1031.78289645454
"7901009",58,0,1,0.031773,1,0.009345,1,151.709043291307,1,4.84593337961413,944,1,5.79300022125244,34.875,0.0317730009555817,0,146.293502807617,-86.5246,25.1821,107.275983890224,63,63,63,63,61,63,0,8278,1.42435338845813,25,-87,0.001869,51,2025-01-12 05:05:00.000544,944,1.037,0.0011,"aoml_navis",1031.7929712022
"7901009",58,0,1,0.031773,1,0.009345,1,151.924323966301,1,4.84587617746028,946,1,5.77699995040894,34.8759994506836,0.0317730009555817,0,146.501098632812,-86.5246,25.1821,107.275983890224,63,63,63,63,61,63,0,8278,1.42435338845813,25,-87,0.001869,51,2025-01-12 05:05:00.000544,946,1.037,0.0011,"aoml_navis",1031.80515079122
"7901009",58,0,1,0.031773,1,0.009345,1,152.020452602875,1,4.8458316230315,948,1,5.77400016784668,34.8759994506836,0.0317730009555817,0,146.593795776367,-86.5246,25.1821,107.275983890224,63,63,63,63,61,63,0,8278,1.42435338845813,25,-87,0.001869,51,2025-01-12 05:05:00.000544,948,1.037,0.0011,"aoml_navis",1031.8146376023
"7901009",58,0,1,0.029904,1,0.007476,1,152.292983221429,1,4.84578569138918,950,1,5.76900005340576,34.8759994506836,0.0299040004611015,0,146.856597900391,-86.5246,25.1821,107.275983890224,63,63,63,63,61,63,0,8278,1.42435338845813,25,-87,0.001869,51,2025-01-12 05:05:00.000544,950,1.037,0.0011,"aoml_navis",1031.82441784102
"7901009",58,0,1,0.029904,1,0.007476,1,152.612494238663,1,4.84572850196885,952,1,5.75299978256226,34.8769989013672,0.0299040004611015,0,147.164703369141,-86.5246,25.1821,107.275983890224,63,63,63,63,61,63,0,8278,1.42435338845813,25,-87,0.001869,51,2025-01-12 05:05:00.000544,952,1.037,0.0011,"aoml_navis",1031.83659546103
"7901009",58,0,1,0.033642,1,0.011214,1,152.919140633423,1,4.84567500209572,954,1,5.73699998855591,34.8769989013672,0.0336420014500618,0,147.460403442383,-86.5246,25.1821,107.275983890224,63,63,63,63,61,63,0,8278,1.42435338845813,25,-87,0.001869,51,2025-01-12 05:05:00.000544,954,1.037,0.0011,"aoml_navis",1031.84798770812
"7901009",58,0,1,0.029904,1,0.007476,1,153.027500946717,1,4.84562333298541,956,1,5.72900009155273,34.8779983520508,0.0299040004611015,0,147.564895629883,-86.5246,25.1821,107.275983890224,63,63,63,63,61,63,0,8278,1.42435338845813,25,-87,0.001869,51,2025-01-12 05:05:00.000544,956,1.037,0.0011,"aoml_navis",1031.85899035191
"7901009",58,0,1,0.028035,1,0.005607,1,153.09014675284,1,4.84557672226923,958,1,5.72300004959106,34.8779983520508,0.0280349999666214,0,147.625305175781,-86.5246,25.1821,107.275983890224,63,63,63,63,61,63,0,8278,1.42435338845813,25,-87,0.001869,51,2025-01-12 05:05:00.000544,958,1.037,0.0011,"aoml_navis",1031.8689160407
"7901009",58,0,1,0.026166,1,0.003738,1,153.055303089015,1,4.84553286510601,960,1,5.72100019454956,34.8779983520508,0.0261659994721413,0,147.591705322266,-86.5246,25.1821,107.275983890224,63,63,63,63,61,63,0,8278,1.42435338845813,25,-87,0.001869,51,2025-01-12 05:05:00.000544,960,1.037,0.0011,"aoml_navis",1031.87825553849
"7901009",58,0,1,0.028035,1,0.005607,1,153.014952797119,1,4.84548531559094,962,1,5.7189998626709,34.8790016174316,0.0280349999666214,0,147.552795410156,-86.5246,25.1821,107.275983890224,63,63,63,63,61,63,0,8278,1.42435338845813,25,-87,0.001869,51,2025-01-12 05:05:00.000544,962,1.037,0.0011,"aoml_navis",1031.88838152329
"7901009",58,0,1,0.026166,1,0.003738,1,153.104973507156,1,4.84544215058524,964,1,5.71799993515015,34.8790016174316,0.0261659994721413,0,147.639602661133,-86.5246,25.1821,107.275983890224,63,63,63,63,61,63,0,8278,1.42435338845813,25,-87,0.001869,51,2025-01-12 05:05:00.000544,964,1.037,0.0011,"aoml_navis",1031.89757396982
"7901009",58,0,1,0.028035,1,0.005607,1,153.154533159789,1,4.845397611251,966,1,5.71500015258789,34.8790016174316,0.0280349999666214,0,147.687393188477,-86.5246,25.1821,107.275983890224,63,63,63,63,61,63,0,8278,1.42435338845813,25,-87,0.001869,51,2025-01-12 05:05:00.000544,966,1.037,0.0011,"aoml_navis",1031.90705926589
"7901009",58,0,1,0.028035,1,0.005607,1,153.157856125004,1,4.845353761681,968,1,5.71299982070923,34.8790016174316,0.0280349999666214,0,147.69059753418,-86.5246,25.1821,107.275983890224,63,63,63,63,61,63,0,8278,1.42435338845813,25,-87,0.001869,51,2025-01-12 05:05:00.000544,968,1.037,0.0011,"aoml_navis",1031.91639783704
"7901009",58,0,1,0.029904,1,0.007476,1,153.288211303291,1,4.84531060282161,970,1,5.71199989318848,34.8790016174316,0.0299040004611015,0,147.816299438477,-86.5246,25.1821,107.275983890224,63,63,63,63,61,63,0,8278,1.42435338845813,25,-87,0.001869,51,2025-01-12 05:05:00.000544,970,1.037,0.0011,"aoml_navis",1031.92558947373
"7901009",58,0,1,0.024297,1,0.001869,1,153.384751354606,1,4.84526813478368,972,1,5.71199989318848,34.8790016174316,0.0242970008403063,0,147.909393310547,-86.5246,25.1821,107.275983890224,63,63,63,63,61,63,0,8278,1.42435338845813,25,-87,0.001869,51,2025-01-12 05:05:00.000544,972,1.037,0.0011,"aoml_navis",1031.9346341445
"7901009",58,0,1,0.026166,1,0.003738,1,153.523619653301,1,4.84522222533796,974,1,5.70699977874756,34.8790016174316,0.0261659994721413,0,148.043304443359,-86.5246,25.1821,107.275983890224,63,63,63,63,61,63,0,8278,1.42435338845813,25,-87,0.001869,51,2025-01-12 05:05:00.000544,974,1.037,0.0011,"aoml_navis",1031.94441193071
"7901009",58,0,1,0.029904,1,0.007476,1,153.688502022536,1,4.84517700661033,976,1,5.70300006866455,34.8790016174316,0.0299040004611015,0,148.202301025391,-86.5246,25.1821,107.275983890224,63,63,63,63,61,63,0,8278,1.42435338845813,25,-87,0.001869,51,2025-01-12 05:05:00.000544,976,1.037,0.0011,"aoml_navis",1031.95404278903
"7901009",58,0,1,0.029904,1,0.007476,1,153.930540479332,1,4.84512535622352,978,1,5.69500017166138,34.8800010681152,0.0299040004611015,0,148.435699462891,-86.5246,25.1821,107.275983890224,63,63,63,63,61,63,0,8278,1.42435338845813,25,-87,0.001869,51,2025-01-12 05:05:00.000544,978,1.037,0.0011,"aoml_navis",1031.96504370677
"7901009",58,0,1,0.028035,1,0.005607,1,158.205962466686,1,4.84462753311239,999.299987792969,1,5.63929986953735,34.8819999694824,0.0280349999666214,0,152.558502197266,-86.5246,25.1821,107.275983890224,63,63,63,63,61,63,0,8278,1.42435338845813,25,-87,0.001869,51,2025-01-12 05:05:00.000544,999.299987792969,1.037,0.0011,"aoml_navis",1032.07108613111
"7901009",58,0,1,0.029904,1,0.007476,1,168.265764945482,1,4.84324152456849,1049.09997558594,1,5.23150014877319,34.8959999084473,0.0299040004611015,0,162.259201049805,-86.5246,25.1821,107.275983890224,63,63,63,63,61,63,0,8278,1.42435338845813,25,-87,0.001869,51,2025-01-12 05:05:00.000544,1049.09997558594,1.037,0.0011,"aoml_navis",1032.36643777444
"7901009",58,0,1,0.026166,1,0.003738,1,176.161620829047,1,4.84195485861605,1099.69995117188,1,4.96309995651245,34.9049987792969,0.0261659994721413,0,169.873199462891,-86.5246,25.1821,107.275983890224,63,63,63,63,61,63,0,8278,1.42435338845813,25,-87,0.001869,51,2025-01-12 05:05:00.000544,1099.69995117188,1.037,0.0011,"aoml_navis",1032.64077134109
"7901009",58,0,1,0.029904,1,0.007476,1,181.976604247753,1,4.84079282058908,1149.40002441406,1,4.82310009002686,34.9090003967285,0.0299040004611015,0,175.480606079102,-86.5246,25.1821,107.275983890224,63,63,63,63,61,63,0,8278,1.42435338845813,25,-87,0.001869,51,2025-01-12 05:05:00.000544,1149.40002441406,1.037,0.0011,"aoml_navis",1032.88865797639
"7901009",58,0,1,0.033642,1,0.011214,1,187.013602391431,1,4.83958647649629,1199.90002441406,1,4.65659999847412,34.9160003662109,0.0336420014500618,0,180.337799072266,-86.5246,25.1821,107.275983890224,63,63,63,63,61,63,0,8278,1.42435338845813,25,-87,0.001869,51,2025-01-12 05:05:00.000544,1199.90002441406,1.037,0.0011,"aoml_navis",1033.14612194301
"7901009",58,0,1,0.031773,1,0.009345,1,191.3263523547,1,4.83845817396815,1248.80004882812,1,4.54409980773926,34.9210014343262,0.0317730009555817,0,184.496597290039,-86.5246,25.1821,107.275983890224,63,63,63,63,61,63,0,8278,1.42435338845813,25,-87,0.001869,51,2025-01-12 05:05:00.000544,1248.80004882812,1.037,0.0011,"aoml_navis",1033.38704608443
"7901009",58,0,1,0.028035,1,0.005607,1,195.066571235085,1,4.83732824332779,1298.90002441406,1,4.45489978790283,34.923999786377,0.0280349999666214,0,188.103302001953,-86.5246,25.1821,107.275983890224,63,63,63,63,61,63,0,8278,1.42435338845813,25,-87,0.001869,51,2025-01-12 05:05:00.000544,1298.90002441406,1.037,0.0011,"aoml_navis",1033.6284305074
"7901009",58,0,1,0.026166,1,0.003738,1,197.214646715504,1,4.83622457888513,1348.90002441406,1,4.40059995651245,34.9269981384277,0.0261659994721413,0,190.174697875977,-86.5246,25.1821,107.275983890224,63,63,63,63,61,63,0,8278,1.42435338845813,25,-87,0.001869,51,2025-01-12 05:05:00.000544,1348.90002441406,1.037,0.0011,"aoml_navis",1033.8643126355
"7901009",58,0,1,0.026166,1,0.003738,1,199.075792061438,1,4.83512772343071,1399.5,1,4.36829996109009,34.9290008544922,0.0261659994721413,0,191.96940612793,-86.5246,25.1821,107.275983890224,63,63,63,63,61,63,0,8278,1.42435338845813,25,-87,0.001869,51,2025-01-12 05:05:00.000544,1399.5,1.037,0.0011,"aoml_navis",1034.09884619393
"7901009",58,0,1,0.028035,1,0.005607,1,200.493384845759,1,4.83405618780575,1449.40002441406,1,4.34429979324341,34.9300003051758,0.0280349999666214,0,193.336395263672,-86.5246,25.1821,107.275983890224,63,63,63,63,61,63,0,8278,1.42435338845813,25,-87,0.001869,51,2025-01-12 05:05:00.000544,1449.40002441406,1.037,0.0011,"aoml_navis",1034.32806855097
"7901009",58,0,1,0.029904,1,0.007476,1,201.571987707228,1,4.83298658629581,1499.5,1,4.32740020751953,34.9309997558594,0.0299040004611015,0,194.376495361328,-86.5246,25.1821,107.275983890224,63,63,63,63,61,63,0,8278,1.42435338845813,25,-87,0.001869,51,2025-01-12 05:05:00.000544,1499.5,1.037,0.0011,"aoml_navis",1034.5569785312
"7901009",58,0,1,0.024297,1,0.001869,1,203.035231704144,1,4.83192376761618,1549.19995117188,1,4.31139993667603,34.9329986572266,0.0242970008403063,0,195.787506103516,-86.5246,25.1821,107.275983890224,63,63,63,63,61,63,0,8278,1.42435338845813,25,-87,0.001869,51,2025-01-12 05:05:00.000544,1549.19995117188,1.037,0.0011,"aoml_navis",1034.7845372707
"7901009",58,0,1,0.024297,1,0.001869,1,203.133116765188,1,4.83085162290149,1599.90002441406,1,4.2996997833252,34.9329986572266,0.0242970008403063,0,195.881896972656,-86.5246,25.1821,107.275983890224,63,63,63,63,61,63,0,8278,1.42435338845813,25,-87,0.001869,51,2025-01-12 05:05:00.000544,1599.90002441406,1.037,0.0011,"aoml_navis",1035.01419424613
"7901009",58,0,1,0.024297,1,0.001869,1,203.589723833003,1,4.82980398184642,1649.59997558594,1,4.29099988937378,34.9329986572266,0.0242970008403063,0,196.322204589844,-86.5246,25.1821,107.275983890224,63,63,63,63,61,63,0,8278,1.42435338845813,25,-87,0.001869,51,2025-01-12 05:05:00.000544,1649.59997558594,1.037,0.0011,"aoml_navis",1035.23870094797
"7901009",58,0,1,0.026166,1,0.003738,1,204.238999588707,1,4.82876248594072,1699.09997558594,1,4.28830003738403,34.9339981079102,0.0261659994721413,0,196.948303222656,-86.5246,25.1821,107.275983890224,63,63,63,63,61,63,0,8278,1.42435338845813,25,-87,0.001869,51,2025-01-12 05:05:00.000544,1699.09997558594,1.037,0.0011,"aoml_navis",1035.46198732239
"7901009",58,0,1,0.028035,1,0.005607,1,204.498143404538,1,4.82772067417669,1748.69995117188,1,4.28599977493286,34.935001373291,0.0280349999666214,0,197.198196411133,-86.5246,25.1821,107.275983890224,63,63,63,63,61,63,0,8278,1.42435338845813,25,-87,0.001869,51,2025-01-12 05:05:00.000544,1748.69995117188,1.037,0.0011,"aoml_navis",1035.68543779776
"7901009",58,0,1,0.031773,1,0.009345,1,204.661158583795,1,4.82667332125027,1798.80004882812,1,4.28329992294312,34.935001373291,0.0317730009555817,0,197.355392456055,-86.5246,25.1821,107.275983890224,63,63,63,63,61,63,0,8278,1.42435338845813,25,-87,0.001869,51,2025-01-12 05:05:00.000544,1798.80004882812,1.037,0.0011,"aoml_navis",1035.91017398808
"7901009",58,0,1,0.024297,1,0.001869,1,205.137371146378,1,4.82562422464106,1849.19995117188,1,4.28480005264282,34.935001373291,0.0242970008403063,0,197.814605712891,-86.5246,25.1821,107.275983890224,63,63,63,63,61,63,0,8278,1.42435338845813,25,-87,0.001869,51,2025-01-12 05:05:00.000544,1849.19995117188,1.037,0.0011,"aoml_navis",1036.13538212705
"7901009",58,0,1,0.031773,1,0.009345,1,205.177183434381,1,4.82459851515765,1898.5,1,4.28480005264282,34.935001373291,0.0317730009555817,0,197.852996826172,-86.5246,25.1821,107.275983890224,63,63,63,63,61,63,0,8278,1.42435338845813,25,-87,0.001869,51,2025-01-12 05:05:00.000544,1898.5,1.037,0.0011,"aoml_navis",1036.35566447473
"7901009",58,0,1,0.028035,1,0.005607,1,205.422750563762,1,4.82356536106464,1948.30004882812,1,4.28679990768433,34.935001373291,0.0280349999666214,0,198.089797973633,-86.5246,25.1821,107.275983890224,63,63,63,63,61,63,0,8278,1.42435338845813,25,-87,0.001869,51,2025-01-12 05:05:00.000544,1948.30004882812,1.037,0.0011,"aoml_navis",1036.57764034038
"7901009",58,0,1,0.035511,1,0.013083,1,205.332017789751,1,4.82255540650773,1997,1,4.28719997406006,34.935001373291,0.0355109982192516,0,198.002304077148,-86.5246,25.1821,107.275983890224,63,63,63,63,61,63,0,8278,1.42435338845813,25,-87,0.001869,51,2025-01-12 05:05:00.000544,1997,1.037,0.0011,"aoml_navis",1036.79472365477
"7901009",59,0.190265282615969,1,0.293433,1,0.271005,1,196.758939211898,1,4.88077642094831,2.20000004768372,1,25.0499992370605,36.4440002441406,0.293433010578156,0.309649735689163,189.735198974609,-86.9145,25.1769,159.23506143218,63,63,63,63,61,63,0.271005,8278,1.42435338845813,25,-87,0.001869,51,2025-01-22 11:47:19.001248,2.20000004768372,1.037,0.0011,"aoml_navis",1024.42717485275
"7901009",59,0.190265282615969,1,0.293433,1,0.271005,1,196.681260920041,1,4.88075478579304,4,1,25.0580005645752,36.443000793457,0.293433010578156,0.309649735689163,189.660293579102,-86.9145,25.1769,159.23506143218,63,63,63,63,61,63,0.271005,8278,1.42435338845813,25,-87,0.001869,51,2025-01-22 11:47:19.001248,4,1.037,0.0011,"aoml_navis",1024.4317158801
"7901009",59,0.196826154430313,1,0.302778,1,0.28035,1,196.701182893854,1,4.8807181512533,6,1,25.0610008239746,36.443000793457,0.302778005599976,0.309649735689163,189.679504394531,-86.9145,25.1769,159.23506143218,63,63,63,63,61,63,0.28035,8278,1.42435338845813,25,-87,0.001869,51,2025-01-22 11:47:19.001248,6,1.037,0.0011,"aoml_navis",1024.43940523713
"7901009",59,0.202074851881788,1,0.310254,1,0.287826,1,196.647778079225,1,4.88068822889174,8.10000038146973,1,25.0699996948242,36.443000793457,0.310254007577896,0.309649735689163,189.628005981445,-86.9145,25.1769,159.23506143218,63,63,63,63,61,63,0.287826,8278,1.42435338845813,25,-87,0.001869,51,2025-01-22 11:47:19.001248,8.10000038146973,1.037,0.0011,"aoml_navis",1024.44568583627
"7901009",59,0.19945050315605,1,0.306516,1,0.284088,1,196.622776714154,1,4.88065803438115,10,1,25.076000213623,36.443000793457,0.306515991687775,0.309649735689163,189.603897094727,-86.9145,25.1769,159.23506143218,63,63,63,63,61,63,0.284088,8278,1.42435338845813,25,-87,0.001869,51,2025-01-22 11:47:19.001248,10,1.037,0.0011,"aoml_navis",1024.4520236366
"7901009",59,0.204699200607525,1,0.313992,1,0.291564,1,196.559418824443,1,4.88063026476123,12.1000003814697,1,25.0839996337891,36.4420013427734,0.313991993665695,0.309649735689163,189.54280090332,-86.9145,25.1769,159.23506143218,63,63,63,63,61,63,0.291564,8278,1.42435338845813,25,-87,0.001869,51,2025-01-22 11:47:19.001248,12.1000003814697,1.037,0.0011,"aoml_navis",1024.45785252381
"7901009",59,0.19945050315605,1,0.306516,1,0.284088,1,196.626305387832,1,4.88055818896802,14.3000001907349,1,25.068000793457,36.443000793457,0.306515991687775,0.309649735689163,189.607299804688,-86.9145,25.1769,159.23506143218,63,63,63,63,61,63,0.284088,8278,1.42435338845813,25,-87,0.001869,51,2025-01-22 11:47:19.001248,14.3000001907349,1.037,0.0011,"aoml_navis",1024.47298165648
"7901009",59,0.227006164776294,1,0.345765,1,0.323337,1,196.51565061192,1,4.88053414936475,15.8999996185303,1,25.0739994049072,36.443000793457,0.345764994621277,0.309649735689163,189.500595092773,-86.9145,25.1769,159.23506143218,63,63,63,63,61,63,0.323337,8278,1.42435338845813,25,-87,0.001869,51,2025-01-22 11:47:19.001248,15.8999996185303,1.037,0.0011,"aoml_navis",1024.47802780989
"7901009",59,0.209947898059,1,0.321468,1,0.29904,1,196.540335504015,1,4.8805007400252,18.1000003814697,1,25.0820007324219,36.443000793457,0.321467995643616,0.309649735689163,189.524398803711,-86.9145,25.1769,159.23506143218,63,63,63,63,61,63,0.29904,8278,1.42435338845813,25,-87,0.001869,51,2025-01-22 11:47:19.001248,18.1000003814697,1.037,0.0011,"aoml_navis",1024.4850408473
"7901009",59,0.213884421147607,1,0.327075,1,0.304647,1,196.452498429643,1,4.88047767288262,19.8999996185303,1,25.0890007019043,36.4420013427734,0.327075004577637,0.309649735689163,189.439697265625,-86.9145,25.1769,159.23506143218,63,63,63,63,61,63,0.304647,8278,1.42435338845813,25,-87,0.001869,51,2025-01-22 11:47:19.001248,19.8999996185303,1.037,0.0011,"aoml_navis",1024.4898829845
"7901009",59,0.194201805704575,4,0.29904,1,0.276612,1,196.405628781959,1,4.88043462922491,22,1,25.0890007019043,36.4420013427734,0.299039989709854,0.285957008600235,189.394500732422,-86.9145,25.1769,159.23506143218,63,63,63,63,61,63,0.276612,8278,1.42435338845813,25,-87,0.001869,51,2025-01-22 11:47:19.001248,22,1.037,0.0011,"aoml_navis",1024.49891861252
"7901009",59,0.192889631341707,4,0.297171,1,0.274743,1,196.482579185972,1,4.88038360299796,24.1000003814697,1,25.0860004425049,36.443000793457,0.297170996665955,0.284087985754013,189.468704223633,-86.9145,25.1769,159.23506143218,63,63,63,63,61,63,0.274743,8278,1.42435338845813,25,-87,0.001869,51,2025-01-22 11:47:19.001248,24.1000003814697,1.037,0.0011,"aoml_navis",1024.50963013001
"7901009",59,0.206011374970394,1,0.315861,1,0.293433,1,196.443273242405,1,4.88035138201804,26.1000003814697,1,25.0919990539551,36.443000793457,0.315860986709595,0.302778005599976,189.430801391602,-86.9145,25.1769,159.23506143218,63,63,63,63,61,63,0.293433,8278,1.42435338845813,25,-87,0.001869,51,2025-01-22 11:47:19.001248,26.1000003814697,1.037,0.0011,"aoml_navis",1024.51639413154
"7901009",59,0.203387026244657,1,0.312123,1,0.289695,1,196.436532368025,1,4.88031098383203,28,1,25.0909996032715,36.443000793457,0.312123000621796,0.299039989709854,189.424301147461,-86.9145,25.1769,159.23506143218,63,63,63,63,61,63,0.289695,8278,1.42435338845813,25,-87,0.001869,51,2025-01-22 11:47:19.001248,28,1.037,0.0011,"aoml_navis",1024.52487486238
"7901009",59,0.196826154430313,4,0.302778,1,0.28035,1,196.376908859425,1,4.88027672332772,30.1000003814697,1,25.0970001220703,36.443000793457,0.302778005599976,0.289694994688034,189.366806030273,-86.9145,25.1769,159.23506143218,63,63,63,63,61,63,0.28035,8278,1.42435338845813,25,-87,0.001869,51,2025-01-22 11:47:19.001248,30.1000003814697,1.037,0.0011,"aoml_navis",1024.53206722889
"7901009",59,0.215196595510475,1,0.328944,1,0.306516,1,196.370990814782,1,4.88023984000978,31.8999996185303,1,25.0970001220703,36.443000793457,0.328943997621536,0.315860986709595,189.361099243164,-86.9145,25.1769,159.23506143218,63,63,63,63,61,63,0.306516,8278,1.42435338845813,25,-87,0.001869,51,2025-01-22 11:47:19.001248,31.8999996185303,1.037,0.0011,"aoml_navis",1024.53981032006
"7901009",59,0.204699200607525,1,0.313992,1,0.291564,1,196.366939960695,1,4.88020333710164,34,1,25.0990009307861,36.4420013427734,0.313991993665695,0.300909012556076,189.357192993164,-86.9145,25.1769,159.23506143218,63,63,63,63,61,63,0.291564,8278,1.42435338845813,25,-87,0.001869,51,2025-01-22 11:47:19.001248,34,1.037,0.0011,"aoml_navis",1024.54747366521
"7901009",59,0.196826154430313,4,0.302778,1,0.28035,1,196.351385313945,1,4.88016236034788,36,1,25.0990009307861,36.4420013427734,0.302778005599976,0.289694994688034,189.342193603516,-86.9145,25.1769,159.23506143218,63,63,63,63,61,63,0.28035,8278,1.42435338845813,25,-87,0.001869,51,2025-01-22 11:47:19.001248,36,1.037,0.0011,"aoml_navis",1024.55607637685
"7901009",59,0.209947898059,1,0.321468,1,0.29904,1,196.351907494355,1,4.8801148606566,38,1,25.0970001220703,36.443000793457,0.321467995643616,0.308385014533997,189.342697143555,-86.9145,25.1769,159.23506143218,63,63,63,63,61,63,0.29904,8278,1.42435338845813,25,-87,0.001869,51,2025-01-22 11:47:19.001248,38,1.037,0.0011,"aoml_navis",1024.56604870306
"7901009",59,0.198138328793182,1,0.304647,1,0.282219,1,196.348283878784,1,4.88007242694564,40,1,25.0960006713867,36.443000793457,0.304646998643875,0.291563987731934,189.339202880859,-86.9145,25.1769,159.23506143218,63,63,63,63,61,63,0.282219,8278,1.42435338845813,25,-87,0.001869,51,2025-01-22 11:47:19.001248,40,1.037,0.0011,"aoml_navis",1024.57495761583
"7901009",59,0.208635723696132,1,0.319599,1,0.297171,1,196.327016894825,1,4.88003291886809,42,1,25.0970001220703,36.443000793457,0.319599002599716,0.306515991687775,189.318695068359,-86.9145,25.1769,159.23506143218,63,63,63,63,61,63,0.297171,8278,1.42435338845813,25,-87,0.001869,51,2025-01-22 11:47:19.001248,42,1.037,0.0011,"aoml_navis",1024.58325243423
"7901009",59,0.19945050315605,1,0.306516,1,0.284088,1,196.357714773456,1,4.87999847685795,44,1,25.0990009307861,36.4420013427734,0.306515991687775,0.293433010578156,189.348297119141,-86.9145,25.1769,159.23506143218,63,63,63,63,61,63,0.284088,8278,1.42435338845813,25,-87,0.001869,51,2025-01-22 11:47:19.001248,44,1.037,0.0011,"aoml_navis",1024.59048372886
"7901009",59,0.200762677518919,1,0.308385,1,0.285957,1,196.289071785053,1,4.8799524483649,46,1,25.0979995727539,36.443000793457,0.308385014533997,0.295302003622055,189.282104492188,-86.9145,25.1769,159.23506143218,63,63,63,63,61,63,0.285957,8278,1.42435338845813,25,-87,0.001869,51,2025-01-22 11:47:19.001248,46,1.037,0.0011,"aoml_navis",1024.6001478304
"7901009",59,0.204699200607525,1,0.313992,1,0.291564,1,196.359265491037,1,4.87991441255775,48,1,25.1000003814697,36.443000793457,0.313991993665695,0.300909012556076,189.349792480469,-86.9145,25.1769,159.23506143218,63,63,63,63,61,63,0.291564,8278,1.42435338845813,25,-87,0.001869,51,2025-01-22 11:47:19.001248,48,1.037,0.0011,"aoml_navis",1024.60813393227
"7901009",59,0.208635723696132,1,0.319599,1,0.297171,1,196.192104465335,1,4.87988076622031,50,1,25.1049995422363,36.443000793457,0.319599002599716,0.306515991687775,189.188598632812,-86.9145,25.1769,159.23506143218,63,63,63,63,61,63,0.297171,8278,1.42435338845813,25,-87,0.001869,51,2025-01-22 11:47:19.001248,50,1.037,0.0011,"aoml_navis",1024.61519851288
"7901009",59,0.19945050315605,1,0.306516,1,0.284088,1,196.27122270923,1,4.87983980879097,52,1,25.1049995422363,36.443000793457,0.306515991687775,0.293433010578156,189.264892578125,-86.9145,25.1769,159.23506143218,63,63,63,63,61,63,0.284088,8278,1.42435338845813,25,-87,0.001869,51,2025-01-22 11:47:19.001248,52,1.037,0.0011,"aoml_navis",1024.62379830431
"7901009",59,0.196826154430313,1,0.302778,1,0.28035,1,196.314168092017,1,4.87979739130836,54,1,25.1040000915527,36.443000793457,0.302778005599976,0.289694994688034,189.306304931641,-86.9145,25.1769,159.23506143218,63,63,63,63,61,63,0.28035,8278,1.42435338845813,25,-87,0.001869,51,2025-01-22 11:47:19.001248,54,1.037,0.0011,"aoml_navis",1024.63270481388
"7901009",59,0.190265282615969,1,0.293433,1,0.271005,1,196.299024860135,1,4.87975497608139,56,1,25.1030006408691,36.443000793457,0.293433010578156,0.280349999666214,189.291702270508,-86.9145,25.1769,159.23506143218,63,63,63,63,61,63,0.271005,8278,1.42435338845813,25,-87,0.001869,51,2025-01-22 11:47:19.001248,56,1.037,0.0011,"aoml_navis",1024.64161100465
"7901009",59,0.194201805704575,1,0.29904,1,0.276612,1,196.184429995677,1,4.87971841597315,58,1,25.1060009002686,36.443000793457,0.299039989709854,0.285957008600235,189.181198120117,-86.9145,25.1769,159.23506143218,63,63,63,63,61,63,0.276612,8278,1.42435338845813,25,-87,0.001869,51,2025-01-22 11:47:19.001248,58,1.037,0.0011,"aoml_navis",1024.64928788373
"7901009",59,0.195513980067444,1,0.300909,1,0.278481,1,196.195427431579,1,4.87968039340573,60,1,25.1079998016357,36.443000793457,0.300909012556076,0.287826001644135,189.191802978516,-86.9145,25.1769,159.23506143218,63,63,63,63,61,63,0.278481,8278,1.42435338845813,25,-87,0.001869,51,2025-01-22 11:47:19.001248,60,1.037,0.0011,"aoml_navis",1024.65727197151
"7901009",59,0.200762677518919,1,0.308385,1,0.285957,1,196.209526302641,1,4.87963505690429,62,1,25.1049995422363,36.443000793457,0.308385014533997,0.295302003622055,189.20539855957,-86.9145,25.1769,159.23506143218,63,63,63,63,61,63,0.285957,8278,1.42435338845813,25,-87,0.001869,51,2025-01-22 11:47:19.001248,62,1.037,0.0011,"aoml_navis",1024.66679202278
"7901009",59,0.19945050315605,1,0.306516,1,0.284088,1,196.24634793335,1,4.87959557914183,64,1,25.1060009002686,36.443000793457,0.306515991687775,0.293433010578156,189.240905761719,-86.9145,25.1769,159.23506143218,63,63,63,63,61,63,0.284088,8278,1.42435338845813,25,-87,0.001869,51,2025-01-22 11:47:19.001248,64,1.037,0.0011,"aoml_navis",1024.67508196229
"7901009",59,0.191577456978838,4,0.295302,1,0.272874,1,196.24323067454,1,4.87955610110745,66,1,25.1070003509521,36.443000793457,0.295302003622055,0.282218992710114,189.237899780273,-86.9145,25.1769,159.23506143218,63,63,63,63,61,63,0.272874,8278,1.42435338845813,25,-87,0.001869,51,2025-01-22 11:47:19.001248,66,1.037,0.0011,"aoml_navis",1024.68337209305
"7901009",59,0.195513980067444,1,0.300909,1,0.278481,1,196.165663148225,1,4.8795180886097,68,1,25.1089992523193,36.443000793457,0.300909012556076,0.287826001644135,189.163101196289,-86.9145,25.1769,159.23506143218,63,63,63,63,61,63,0.278481,8278,1.42435338845813,25,-87,0.001869,51,2025-01-22 11:47:19.001248,68,1.037,0.0011,"aoml_navis",1024.6913545974
"7901009",59,0.204699200607525,1,0.313992,1,0.291564,1,196.157055083289,1,4.87948008166769,70,1,25.1110000610352,36.443000793457,0.313991993665695,0.300909012556076,189.154800415039,-86.9145,25.1769,159.23506143218,63,63,63,63,61,63,0.291564,8278,1.42435338845813,25,-87,0.001869,51,2025-01-22 11:47:19.001248,70,1.037,0.0011,"aoml_navis",1024.69933605941
"7901009",59,0.195513980067444,1,0.300909,1,0.278481,1,196.150519916344,1,4.87943914813555,72,1,25.1110000610352,36.443000793457,0.300909012556076,0.287826001644135,189.148498535156,-86.9145,25.1769,159.23506143218,63,63,63,63,61,63,0.278481,8278,1.42435338845813,25,-87,0.001869,51,2025-01-22 11:47:19.001248,72,1.037,0.0011,"aoml_navis",1024.70793224474
"7901009",59,0.1889531082531,4,0.291564,1,0.269136,1,196.075436702887,1,4.87939968028024,74,1,25.1119995117188,36.443000793457,0.291563987731934,0.278481006622314,189.076095581055,-86.9145,25.1769,159.23506143218,63,63,63,63,61,63,0.269136,8278,1.42435338845813,25,-87,0.001869,51,2025-01-22 11:47:19.001248,74,1.037,0.0011,"aoml_navis",1024.71622076936
"7901009",59,0.194201805704575,1,0.29904,1,0.276612,1,196.130914415506,1,4.87935875151156,76,1,25.1119995117188,36.443000793457,0.299039989709854,0.285957008600235,189.129592895508,-86.9145,25.1769,159.23506143218,63,63,63,63,61,63,0.276612,8278,1.42435338845813,25,-87,0.001869,51,2025-01-22 11:47:19.001248,76,1.037,0.0011,"aoml_navis",1024.7248162376
"7901009",59,0.202074851881788,1,0.310254,1,0.287826,1,196.170220359074,1,4.8793178250912,78,1,25.1119995117188,36.443000793457,0.310254007577896,0.297170996665955,189.167495727539,-86.9145,25.1769,159.23506143218,63,63,63,63,61,63,0.287826,8278,1.42435338845813,25,-87,0.001869,51,2025-01-22 11:47:19.001248,78,1.037,0.0011,"aoml_navis",1024.73341135685
"7901009",59,0.192889631341707,1,0.297171,1,0.274743,1,196.084772655667,1,4.87927690101895,80,1,25.1119995117188,36.443000793457,0.297170996665955,0.284087985754013,189.085098266602,-86.9145,25.1769,159.23506143218,63,63,63,63,61,63,0.274743,8278,1.42435338845813,25,-87,0.001869,51,2025-01-22 11:47:19.001248,80,1.037,0.0011,"aoml_navis",1024.74200612714
"7901009",59,0.191577456978838,1,0.295302,1,0.272874,1,196.073775219765,1,4.87923744571779,82,1,25.113000869751,36.443000793457,0.295302003622055,0.282218992710114,189.074493408203,-86.9145,25.1769,159.23506143218,63,63,63,63,61,63,0.272874,8278,1.42435338845813,25,-87,0.001869,51,2025-01-22 11:47:19.001248,82,1.037,0.0011,"aoml_navis",1024.75029256635
"7901009",59,0.194201805704575,1,0.29904,1,0.276612,1,196.145851939954,1,4.87919652640737,84,1,25.113000869751,36.443000793457,0.299039989709854,0.285957008600235,189.143997192383,-86.9145,25.1769,159.23506143218,63,63,63,63,61,63,0.276612,8278,1.42435338845813,25,-87,0.001869,51,2025-01-22 11:47:19.001248,84,1.037,0.0011,"aoml_navis",1024.75888661971
"7901009",59,0.200762677518919,1,0.308385,1,0.285957,1,196.10884042546,1,4.87915414288874,86,1,25.1119995117188,36.443000793457,0.308385014533997,0.295302003622055,189.108306884766,-86.9145,25.1769,159.23506143218,63,63,63,63,61,63,0.285957,8278,1.42435338845813,25,-87,0.001869,51,2025-01-22 11:47:19.001248,86,1.037,0.0011,"aoml_navis",1024.7677883445
"7901009",59,0.204699200607525,1,0.313992,1,0.291564,1,196.049517566187,1,4.8791146948287,88,1,25.113000869751,36.443000793457,0.313991993665695,0.300909012556076,189.05110168457,-86.9145,25.1769,159.23506143218,63,63,63,63,61,63,0.291564,8278,1.42435338845813,25,-87,0.001869,51,2025-01-22 11:47:19.001248,88,1.037,0.0011,"aoml_navis",1024.77607367981
"7901009",59,0.1889531082531,4,0.291564,1,0.269136,1,196.101260897695,1,4.8790752464918,90,1,25.1140003204346,36.443000793457,0.291563987731934,0.278481006622314,189.100997924805,-86.9145,25.1769,159.23506143218,63,63,63,63,61,63,0.269136,8278,1.42435338845813,25,-87,0.001869,51,2025-01-22 11:47:19.001248,90,1.037,0.0011,"aoml_navis",1024.78435920724
"7901009",59,0.200762677518919,1,0.308385,1,0.285957,1,196.054913430421,1,4.87903433663602,92,1,25.1140003204346,36.443000793457,0.308385014533997,0.295302003622055,189.056304931641,-86.9145,25.1769,159.23506143218,63,63,63,63,61,63,0.285957,8278,1.42435338845813,25,-87,0.001869,51,2025-01-22 11:47:19.001248,92,1.037,0.0011,"aoml_navis",1024.79295184616
"7901009",59,0.202074851881788,1,0.310254,1,0.287826,1,196.015085306444,1,4.87899431209058,94.0999984741211,1,25.1159992218018,36.443000793457,0.310254007577896,0.297170996665955,189.01789855957,-86.9145,25.1769,159.23506143218,63,63,63,63,61,63,0.287826,8278,1.42435338845813,25,-87,0.001869,51,2025-01-22 11:47:19.001248,94.0999984741211,1.037,0.0011,"aoml_navis",1024.8013586754
"7901009",59,0.198138328793182,1,0.304647,1,0.282219,1,195.978168733842,1,4.87895691937226,96,1,25.117000579834,36.443000793457,0.304646998643875,0.291563987731934,188.982299804688,-86.9145,25.1769,159.23506143218,63,63,63,63,61,63,0.282219,8278,1.42435338845813,25,-87,0.001869,51,2025-01-22 11:47:19.001248,96,1.037,0.0011,"aoml_navis",1024.80921283546
"7901009",59,0.195513980067444,1,0.300909,1,0.278481,1,195.988738931227,1,4.8789138852614,98,1,25.1180000305176,36.4440002441406,0.300909012556076,0.287826001644135,188.992492675781,-86.9145,25.1769,159.23506143218,63,63,63,63,61,63,0.278481,8278,1.42435338845813,25,-87,0.001869,51,2025-01-22 11:47:19.001248,98,1.037,0.0011,"aoml_navis",1024.8182520918
"7901009",59,0.195513980067444,1,0.300909,1,0.278481,1,195.988738931227,1,4.8788751164815,100,1,25.117000579834,36.443000793457,0.300909012556076,0.287826001644135,188.992492675781,-86.9145,25.1769,159.23506143218,63,63,63,63,61,63,0.278481,8278,1.42435338845813,25,-87,0.001869,51,2025-01-22 11:47:19.001248,100,1.037,0.0011,"aoml_navis",1024.82639555772
"7901009",59,0.195513980067444,1,0.300909,1,0.278481,1,195.98221958793,1,4.8788356830322,102,1,25.1180000305176,36.443000793457,0.300909012556076,0.287826001644135,188.986206054688,-86.9145,25.1769,159.23506143218,63,63,63,63,61,63,0.278481,8278,1.42435338845813,25,-87,0.001869,51,2025-01-22 11:47:19.001248,102,1.037,0.0011,"aoml_navis",1024.83467877166
"7901009",59,0.195513980067444,1,0.300909,1,0.278481,1,195.960746896537,1,4.87879478751704,104,1,25.1180000305176,36.443000793457,0.300909012556076,0.287826001644135,188.96549987793,-86.9145,25.1769,159.23506143218,63,63,63,63,61,63,0.278481,8278,1.42435338845813,25,-87,0.001869,51,2025-01-22 11:47:19.001248,104,1.037,0.0011,"aoml_navis",1024.84326924204
"7901009",59,0.195513980067444,1,0.300909,1,0.278481,1,195.898417543996,1,4.87875535899387,106,1,25.1189994812012,36.443000793457,0.300909012556076,0.287826001644135,188.905395507812,-86.9145,25.1769,159.23506143218,63,63,63,63,61,63,0.278481,8278,1.42435338845813,25,-87,0.001869,51,2025-01-22 11:47:19.001248,106,1.037,0.0011,"aoml_navis",1024.85155169394
"7901009",59,0.19945050315605,1,0.306516,1,0.284088,1,195.857877355824,1,4.87871798022814,107.900001525879,1,25.1200008392334,36.443000793457,0.306515991687775,0.293433010578156,188.866302490234,-86.9145,25.1769,159.23506143218,63,63,63,63,61,63,0.284088,8278,1.42435338845813,25,-87,0.001869,51,2025-01-22 11:47:19.001248,107.900001525879,1.037,0.0011,"aoml_navis",1024.8594036924
"7901009",59,0.192889631341707,1,0.297171,1,0.274743,1,195.809029752043,1,4.87867349659126,109.900001525879,1,25.1200008392334,36.4440002441406,0.297170996665955,0.284087985754013,188.819198608398,-86.9145,25.1769,159.23506143218,63,63,63,63,61,63,0.274743,8278,1.42435338845813,25,-87,0.001869,51,2025-01-22 11:47:19.001248,109.900001525879,1.037,0.0011,"aoml_navis",1024.86874833774
"7901009",59,0.198138328793182,1,0.304647,1,0.282219,1,195.811830537877,1,4.87863203129689,112,1,25.121000289917,36.4440002441406,0.304646998643875,0.291563987731934,188.821899414062,-86.9145,25.1769,159.23506143218,63,63,63,63,61,63,0.282219,8278,1.42435338845813,25,-87,0.001869,51,2025-01-22 11:47:19.001248,112,1.037,0.0011,"aoml_navis",1024.87745907552
"7901009",59,0.192889631341707,1,0.297171,1,0.274743,1,195.811624830443,1,4.8785926128411,114,1,25.1219997406006,36.4440002441406,0.297170996665955,0.284087985754013,188.821701049805,-86.9145,25.1769,159.23506143218,63,63,63,63,61,63,0.274743,8278,1.42435338845813,25,-87,0.001869,51,2025-01-22 11:47:19.001248,114,1.037,0.0011,"aoml_navis",1024.88573996512
"7901009",59,0.196826154430313,1,0.302778,1,0.28035,1,195.83123033128,1,4.87855173176898,116,1,25.1219997406006,36.4440002441406,0.302778005599976,0.289694994688034,188.840606689453,-86.9145,25.1769,159.23506143218,63,63,63,63,61,63,0.28035,8278,1.42435338845813,25,-87,0.001869,51,2025-01-22 11:47:19.001248,116,1.037,0.0011,"aoml_navis",1024.89432825733
"7901009",59,0.200762677518919,1,0.308385,1,0.285957,1,195.756764240126,1,4.87851378626561,118,1,25.1240005493164,36.4440002441406,0.308385014533997,0.295302003622055,188.768798828125,-86.9145,25.1769,159.23506143218,63,63,63,63,61,63,0.285957,8278,1.42435338845813,25,-87,0.001869,51,2025-01-22 11:47:19.001248,118,1.037,0.0011,"aoml_navis",1024.90229997431
"7901009",59,0.237503559679244,1,0.360717,1,0.338289,1,195.710511714745,1,4.87847437534933,120,1,25.125,36.4440002441406,0.360716998577118,0.347633987665176,188.724197387695,-86.9145,25.1769,159.23506143218,63,63,63,63,61,63,0.338289,8278,1.42435338845813,25,-87,0.001869,51,2025-01-22 11:47:19.001248,120,1.037,0.0011,"aoml_navis",1024.91057968137
"7901009",59,0.196826154430313,1,0.302778,1,0.28035,1,195.66560419951,1,4.87843350150637,122,1,25.125,36.4440002441406,0.302778005599976,0.289694994688034,188.680892944336,-86.9145,25.1769,159.23506143218,63,63,63,63,61,63,0.28035,8278,1.42435338845813,25,-87,0.001869,51,2025-01-22 11:47:19.001248,122,1.037,0.0011,"aoml_navis",1024.9191668711
"7901009",59,0.1889531082531,4,0.291564,1,0.269136,1,195.682725387489,1,4.87839263000672,124,1,25.125,36.4440002441406,0.291563987731934,0.278481006622314,188.697402954102,-86.9145,25.1769,159.23506143218,63,63,63,63,61,63,0.269136,8278,1.42435338845813,25,-87,0.001869,51,2025-01-22 11:47:19.001248,124,1.037,0.0011,"aoml_navis",1024.92775371242
"7901009",59,0.202074851881788,1,0.310254,1,0.287826,1,195.658151260935,1,4.87835322642125,126,1,25.1259994506836,36.4440002441406,0.310254007577896,0.297170996665955,188.673706054688,-86.9145,25.1769,159.23506143218,63,63,63,63,61,63,0.287826,8278,1.42435338845813,25,-87,0.001869,51,2025-01-22 11:47:19.001248,126,1.037,0.0011,"aoml_navis",1024.93603229055
"7901009",59,0.192889631341707,1,0.297171,1,0.274743,1,195.570931308865,1,4.87831382814479,128,1,25.1270008087158,36.4440002441406,0.297170996665955,0.284087985754013,188.589599609375,-86.9145,25.1769,159.23506143218,63,63,63,63,61,63,0.274743,8278,1.42435338845813,25,-87,0.001869,51,2025-01-22 11:47:19.001248,128,1.037,0.0011,"aoml_navis",1024.94430988698
"7901009",59,0.194201805704575,1,0.29904,1,0.276612,1,195.549363675579,1,4.87826936977554,130,1,25.1270008087158,36.4449996948242,0.299039989709854,0.285957008600235,188.568801879883,-86.9145,25.1769,159.23506143218,63,63,63,63,61,63,0.276612,8278,1.42435338845813,25,-87,0.001869,51,2025-01-22 11:47:19.001248,130,1.037,0.0011,"aoml_navis",1024.95365077186
"7901009",59,0.196826154430313,1,0.302778,1,0.28035,1,195.513681347582,1,4.8782285078893,132,1,25.1270008087158,36.4449996948242,0.302778005599976,0.289694994688034,188.534393310547,-86.9145,25.1769,159.23506143218,63,63,63,63,61,63,0.28035,8278,1.42435338845813,25,-87,0.001869,51,2025-01-22 11:47:19.001248,132,1.037,0.0011,"aoml_navis",1024.96223617114
"7901009",59,0.198138328793182,1,0.304647,1,0.282219,1,195.488585040619,1,4.87818911425837,134,1,25.1280002593994,36.4449996948242,0.304646998643875,0.291563987731934,188.510192871094,-86.9145,25.1769,159.23506143218,63,63,63,63,61,63,0.282219,8278,1.42435338845813,25,-87,0.001869,51,2025-01-22 11:47:19.001248,134,1.037,0.0011,"aoml_navis",1024.97051321475
"7901009",59,0.186328759527363,1,0.287826,1,0.265398,1,195.342690998876,1,4.87814466343058,136,1,25.1280002593994,36.4459991455078,0.287826001644135,0.274742990732193,188.369506835938,-86.9145,25.1769,159.23506143218,63,63,63,63,61,63,0.265398,8278,1.42435338845813,25,-87,0.001869,51,2025-01-22 11:47:19.001248,136,1.037,0.0011,"aoml_navis",1024.97985299266
"7901009",59,0.191577456978838,1,0.295302,1,0.272874,1,195.337089427208,1,4.87810380874661,138,1,25.1280002593994,36.4459991455078,0.295302003622055,0.282218992710114,188.364105224609,-86.9145,25.1769,159.23506143218,63,63,63,63,61,63,0.272874,8278,1.42435338845813,25,-87,0.001869,51,2025-01-22 11:47:19.001248,138,1.037,0.0011,"aoml_navis",1024.98843731755
"7901009",59,0.190265282615969,1,0.293433,1,0.271005,1,195.273937244931,1,4.87806295640419,140,1,25.1280002593994,36.4459991455078,0.293433010578156,0.280349999666214,188.303207397461,-86.9145,25.1769,159.23506143218,63,63,63,63,61,63,0.271005,8278,1.42435338845813,25,-87,0.001869,51,2025-01-22 11:47:19.001248,140,1.037,0.0011,"aoml_navis",1024.99702129423
"7901009",59,0.185016585164494,4,0.285957,1,0.263529,1,195.274348659799,1,4.87801557791625,142,1,25.1259994506836,36.4469985961914,0.285957008600235,0.272873997688293,188.303604125977,-86.9145,25.1769,159.23506143218,63,63,63,63,61,63,0.263529,8278,1.42435338845813,25,-87,0.001869,51,2025-01-22 11:47:19.001248,142,1.037,0.0011,"aoml_navis",1025.00697673784
"7901009",59,0.192889631341707,1,0.297171,1,0.274743,1,195.228396783745,1,4.87797619924608,144,1,25.1270008087158,36.4469985961914,0.297170996665955,0.284087985754013,188.259292602539,-86.9145,25.1769,159.23506143218,63,63,63,63,61,63,0.274743,8278,1.42435338845813,25,-87,0.001869,51,2025-01-22 11:47:19.001248,144,1.037,0.0011,"aoml_navis",1025.01525136034
"7901009",59,0.198138328793182,1,0.304647,1,0.282219,1,195.160481683185,1,4.87793535397157,146,1,25.1270008087158,36.4469985961914,0.304646998643875,0.291563987731934,188.193801879883,-86.9145,25.1769,159.23506143218,63,63,63,63,61,63,0.282219,8278,1.42435338845813,25,-87,0.001869,51,2025-01-22 11:47:19.001248,146,1.037,0.0011,"aoml_navis",1025.02383430093
"7901009",59,0.228318339139163,1,0.347634,1,0.325206,1,195.014461052252,1,4.87790250331313,148,1,25.1299991607666,36.4459991455078,0.347633987665176,0.334551006555557,188.052993774414,-86.9145,25.1769,159.23506143218,63,63,63,63,61,63,0.325206,8278,1.42435338845813,25,-87,0.001869,51,2025-01-22 11:47:19.001248,148,1.037,0.0011,"aoml_navis",1025.03073741305
"7901009",59,0.196826154430313,1,0.302778,1,0.28035,1,194.618743243586,1,4.87786313216093,150,1,25.1310005187988,36.4459991455078,0.302778005599976,0.289694994688034,187.671401977539,-86.9145,25.1769,159.23506143218,63,63,63,63,61,63,0.28035,8278,1.42435338845813,25,-87,0.001869,51,2025-01-22 11:47:19.001248,150,1.037,0.0011,"aoml_navis",1025.03901083936
"7901009",59,0.194201805704575,1,0.29904,1,0.276612,1,194.090897967615,1,4.87780497315806,152,1,25.128999710083,36.4500007629395,0.299039989709854,0.285957008600235,187.162399291992,-86.9145,25.1769,159.23506143218,63,63,63,63,61,63,0.276612,8278,1.42435338845813,25,-87,0.001869,51,2025-01-22 11:47:19.001248,152,1.037,0.0011,"aoml_navis",1025.05123257579
"7901009",59,0.190265282615969,1,0.293433,1,0.271005,1,193.539823575236,1,4.87774403466339,154,1,25.1299991607666,36.4560012817383,0.293433010578156,0.280349999666214,186.630996704102,-86.9145,25.1769,159.23506143218,63,63,63,63,61,63,0.271005,8278,1.42435338845813,25,-87,0.001869,51,2025-01-22 11:47:19.001248,154,1.037,0.0011,"aoml_navis",1025.06403871704
"7901009",59,0.196826154430313,1,0.302778,1,0.28035,1,192.968953798235,1,4.8776924246565,156,1,25.1299991607666,36.4589996337891,0.302778005599976,0.289694994688034,186.080505371094,-86.9145,25.1769,159.23506143218,63,63,63,63,61,63,0.28035,8278,1.42435338845813,25,-87,0.001869,51,2025-01-22 11:47:19.001248,156,1.037,0.0011,"aoml_navis",1025.0748847396
"7901009",59,0.186328759527363,1,0.287826,1,0.265398,1,191.57944755165,1,4.87763296335458,158,1,25.1319999694824,36.4650001525879,0.287826001644135,0.274742990732193,184.740600585938,-86.9145,25.1769,159.23506143218,63,63,63,63,61,63,0.265398,8278,1.42435338845813,25,-87,0.001869,51,2025-01-22 11:47:19.001248,158,1.037,0.0011,"aoml_navis",1025.0873810237
"7901009",59,0.170582667172938,1,0.265398,1,0.24297,1,188.338352866834,1,4.87752025048906,160,1,25.1319999694824,36.4850006103516,0.265397995710373,0.252315014600754,181.615203857422,-86.9145,25.1769,159.23506143218,63,63,63,63,61,63,0.24297,8278,1.42435338845813,25,-87,0.001869,51,2025-01-22 11:47:19.001248,160,1.037,0.0011,"aoml_navis",1025.11106940021
"7901009",59,0.144339179915563,1,0.228018,1,0.20559,1,183.842775130464,1,4.8773541518408,162,1,25.125,36.5169982910156,0.228018000721931,0.214935004711151,177.28010559082,-86.9145,25.1769,159.23506143218,63,63,63,63,61,63,0.20559,8278,1.42435338845813,25,-87,0.001869,51,2025-01-22 11:47:19.001248,162,1.037,0.0011,"aoml_navis",1025.14597963179
"7901009",59,0.116783518295319,1,0.188769,1,0.166341,1,176.798308225118,1,4.87713171182095,164,1,25.1089992523193,36.5610008239746,0.188768997788429,0.175686001777649,170.487106323242,-86.9145,25.1769,159.23506143218,63,63,63,63,61,63,0.166341,8278,1.42435338845813,25,-87,0.001869,51,2025-01-22 11:47:19.001248,164,1.037,0.0011,"aoml_navis",1025.19273528768
"7901009",59,0.0721695899577814,1,0.125223,1,0.102795,1,166.155686000258,1,4.87682342081484,166,1,25.0809993743896,36.6240005493164,0.125222995877266,0.112139999866486,160.224395751953,-86.9145,25.1769,159.23506143218,63,63,63,63,61,63,0.102795,8278,1.42435338845813,25,-87,0.001869,51,2025-01-22 11:47:19.001248,166,1.037,0.0011,"aoml_navis",1025.25754339586
"7901009",59,0.0341165334345876,1,0.071022,1,0.048594,1,156.85633332025,1,4.87599402767384,168,1,24.9130001068115,36.7750015258789,0.0710219964385033,0.0579390004277229,151.25700378418,-86.9145,25.1769,159.23506143218,63,63,63,63,61,63,0.048594,8278,1.42435338845813,25,-87,0.001869,51,2025-01-22 11:47:19.001248,168,1.037,0.0011,"aoml_navis",1025.43193687736
"7901009",59,0.0262434872573751,1,0.059808,1,0.03738,1,152.763119325034,1,4.87527949939189,170,1,24.6800003051758,36.8680000305176,0.0598080009222031,0.0467250011861324,147.309906005859,-86.9145,25.1769,159.23506143218,63,63,63,63,61,63,0.03738,8278,1.42435338845813,25,-87,0.001869,51,2025-01-22 11:47:19.001248,170,1.037,0.0011,"aoml_navis",1025.58222572135
"7901009",59,0.0118095692658188,1,0.039249,1,0.016821,1,151.120371403389,1,4.87483905311134,172,1,24.5060005187988,36.9090003967285,0.0392489992082119,0.0261659994721413,145.725799560547,-86.9145,25.1769,159.23506143218,63,63,63,63,61,63,0.016821,8278,1.42435338845813,25,-87,0.001869,51,2025-01-22 11:47:19.001248,172,1.037,0.0011,"aoml_navis",1025.67488803734
"7901009",59,0.015746092354425,1,0.044856,1,0.022428,1,149.858118940285,1,4.87454216468095,174,1,24.371000289917,36.9259986877441,0.0448560006916523,0.0317730009555817,144.508605957031,-86.9145,25.1769,159.23506143218,63,63,63,63,61,63,0.022428,8278,1.42435338845813,25,-87,0.001869,51,2025-01-22 11:47:19.001248,174,1.037,0.0011,"aoml_navis",1025.7373577006
"7901009",59,0.01049739490295,1,0.03738,1,0.014952,1,148.923859069073,1,4.87416405729825,176,1,24.1840000152588,36.9449996948242,0.0373799987137318,0.0242970008403063,143.607696533203,-86.9145,25.1769,159.23506143218,63,63,63,63,61,63,0.014952,8278,1.42435338845813,25,-87,0.001869,51,2025-01-22 11:47:19.001248,176,1.037,0.0011,"aoml_navis",1025.81692803576
"7901009",59,0.00524869745147501,1,0.029904,1,0.007476,1,147.853452523766,1,4.87385169199611,178,1,24.0219993591309,36.9560012817383,0.0299040004611015,0.0168210007250309,142.575500488281,-86.9145,25.1769,159.23506143218,63,63,63,63,61,63,0.007476,8278,1.42435338845813,25,-87,0.001869,51,2025-01-22 11:47:19.001248,178,1.037,0.0011,"aoml_navis",1025.88267267366
"7901009",59,-0.00131217436286875,1,0.020559,1,-0.001869,1,147.299893818528,1,4.87350682400445,180,1,23.8390007019043,36.9679985046387,0.020558999851346,0.00747600011527538,142.041702270508,-86.9145,25.1769,159.23506143218,63,63,63,63,61,63,-0.001869,8278,1.42435338845813,25,-87,0.001869,51,2025-01-22 11:47:19.001248,180,1.037,0.0011,"aoml_navis",1025.95526805718
"7901009",59,-0.00131217436286875,1,0.020559,1,-0.001869,1,146.995525934264,1,4.873105154016,182,1,23.6149997711182,36.9799995422363,0.020558999851346,0.00747600011527538,141.748199462891,-86.9145,25.1769,159.23506143218,63,63,63,63,61,63,-0.001869,8278,1.42435338845813,25,-87,0.001869,51,2025-01-22 11:47:19.001248,182,1.037,0.0011,"aoml_navis",1026.03983332464
"7901009",59,-0.00131217436286875,1,0.020559,1,-0.001869,1,146.954463565682,1,4.87277410761527,184,1,23.4220008850098,36.9850006103516,0.020558999851346,0.00747600011527538,141.708602905273,-86.9145,25.1769,159.23506143218,63,63,63,63,61,63,-0.001869,8278,1.42435338845813,25,-87,0.001869,51,2025-01-22 11:47:19.001248,184,1.037,0.0011,"aoml_navis",1026.10954039218
"7901009",59,-0.00393652308860626,1,0.016821,1,-0.005607,1,146.821196795665,1,4.87260737434892,186.100006103516,1,23.3390007019043,36.9869995117188,0.0168210007250309,0.00373800005763769,141.580093383789,-86.9145,25.1769,159.23506143218,63,63,63,63,61,63,-0.005607,8278,1.42435338845813,25,-87,0.001869,51,2025-01-22 11:47:19.001248,186.100006103516,1.037,0.0011,"aoml_navis",1026.14465231115
"7901009",59,-0.00393652308860626,1,0.016821,1,-0.005607,1,146.343860606596,1,4.87254969532018,188,1,23.3229999542236,36.9860000610352,0.0168210007250309,0.00373800005763769,141.11979675293,-86.9145,25.1769,159.23506143218,63,63,63,63,61,63,-0.005607,8278,1.42435338845813,25,-87,0.001869,51,2025-01-22 11:47:19.001248,188,1.037,0.0011,"aoml_navis",1026.15679934516
"7901009",59,-0.00393652308860626,1,0.016821,1,-0.005607,1,145.633916780476,1,4.87243049812277,190,1,23.261999130249,36.984001159668,0.0168210007250309,0.00373800005763769,140.435195922852,-86.9145,25.1769,159.23506143218,63,63,63,63,61,63,-0.005607,8278,1.42435338845813,25,-87,0.001869,51,2025-01-22 11:47:19.001248,190,1.037,0.0011,"aoml_navis",1026.18190283605
"7901009",59,-0.00393652308860626,1,0.016821,1,-0.005607,1,145.471312965623,1,4.87203302940037,192,1,23.003999710083,36.9830017089844,0.0168210007250309,0.00373800005763769,140.278396606445,-86.9145,25.1769,159.23506143218,63,63,63,63,61,63,-0.005607,8278,1.42435338845813,25,-87,0.001869,51,2025-01-22 11:47:19.001248,192,1.037,0.0011,"aoml_navis",1026.26562049711
"7901009",59,-0.00262434872573751,1,0.01869,1,-0.003738,1,144.734722114958,1,4.87190811907471,194,1,22.92799949646,36.9770011901855,0.0186899993568659,0.00560700008645654,139.568099975586,-86.9145,25.1769,159.23506143218,63,63,63,63,61,63,-0.003738,8278,1.42435338845813,25,-87,0.001869,51,2025-01-22 11:47:19.001248,194,1.037,0.0011,"aoml_navis",1026.29193281043
"7901009",59,0,1,0.022428,1,0,1,143.966183317409,1,4.87163188035881,196,1,22.7189998626709,36.9620018005371,0.0224280003458261,0.00934499967843294,138.826995849609,-86.9145,25.1769,159.23506143218,63,63,63,63,61,63,0,8278,1.42435338845813,25,-87,0.001869,51,2025-01-22 11:47:19.001248,196,1.037,0.0011,"aoml_navis",1026.35012718402
"7901009",59,0.00524869745147501,1,0.029904,1,0.007476,1,143.404855200621,1,4.87125737725662,198,1,22.3080005645752,36.8979988098145,0.0299040004611015,0.0168210007250309,138.285705566406,-86.9145,25.1769,159.23506143218,63,63,63,63,61,63,0.007476,8278,1.42435338845813,25,-87,0.001869,51,2025-01-22 11:47:19.001248,198,1.037,0.0011,"aoml_navis",1026.42903315774
"7901009",59,0.00393652308860626,1,0.028035,1,0.005607,1,143.24546358647,1,4.87102118023765,200,1,22.0849990844727,36.8680000305176,0.0280349999666214,0.0149520002305508,138.13200378418,-86.9145,25.1769,159.23506143218,63,63,63,63,61,63,0.005607,8278,1.42435338845813,25,-87,0.001869,51,2025-01-22 11:47:19.001248,200,1.037,0.0011,"aoml_navis",1026.47880495483
"7901009",59,0.00131217436286875,1,0.024297,1,0.001869,1,142.976255849792,1,4.87088357955391,202,1,22.0030002593994,36.8639984130859,0.0242970008403063,0.0112140001729131,137.872406005859,-86.9145,25.1769,159.23506143218,63,63,63,63,61,63,0.001869,8278,1.42435338845813,25,-87,0.001869,51,2025-01-22 11:47:19.001248,202,1.037,0.0011,"aoml_navis",1026.50780260651
"7901009",59,0.00262434872573751,1,0.026166,1,0.003738,1,142.991288316132,1,4.87072238348178,204,1,21.8980007171631,36.8580017089844,0.0261659994721413,0.0130829997360706,137.886901855469,-86.9145,25.1769,159.23506143218,63,63,63,63,61,63,0.003738,8278,1.42435338845813,25,-87,0.001869,51,2025-01-22 11:47:19.001248,204,1.037,0.0011,"aoml_navis",1026.54177477999
"7901009",59,0.00262434872573751,1,0.026166,1,0.003738,1,143.13594811327,1,4.87056233363042,206,1,21.8229999542236,36.8629989624023,0.0261659994721413,0.0130829997360706,138.026397705078,-86.9145,25.1769,159.23506143218,63,63,63,63,61,63,0.003738,8278,1.42435338845813,25,-87,0.001869,51,2025-01-22 11:47:19.001248,206,1.037,0.0011,"aoml_navis",1026.57550761148
"7901009",59,-0.00262434872573751,1,0.01869,1,-0.003738,1,143.030167021182,1,4.87045311993839,208,1,21.7830009460449,36.867000579834,0.0186899993568659,0.00560700008645654,137.924392700195,-86.9145,25.1769,159.23506143218,63,63,63,63,61,63,-0.003738,8278,1.42435338845813,25,-87,0.001869,51,2025-01-22 11:47:19.001248,208,1.037,0.0011,"aoml_navis",1026.59852725638
"7901009",59,0.00131217436286875,1,0.024297,1,0.001869,1,142.990449662747,1,4.87028774897037,210,1,21.6849994659424,36.8650016784668,0.0242970008403063,0.0112140001729131,137.886093139648,-86.9145,25.1769,159.23506143218,63,63,63,63,61,63,0.001869,8278,1.42435338845813,25,-87,0.001869,51,2025-01-22 11:47:19.001248,210,1.037,0.0011,"aoml_navis",1026.63338548263
"7901009",59,0.00393652308860626,1,0.028035,1,0.005607,1,143.0824325331,1,4.87012096951636,212,1,21.5559997558594,36.8520011901855,0.0280349999666214,0.0149520002305508,137.974792480469,-86.9145,25.1769,159.23506143218,63,63,63,63,61,63,0.005607,8278,1.42435338845813,25,-87,0.001869,51,2025-01-22 11:47:19.001248,212,1.037,0.0011,"aoml_navis",1026.66854299854
"7901009",59,0.00131217436286875,1,0.024297,1,0.001869,1,143.338680701427,1,4.86989516306521,214,1,21.3740005493164,36.8359985351562,0.0242970008403063,0.0112140001729131,138.221893310547,-86.9145,25.1769,159.23506143218,63,63,63,63,61,63,0.001869,8278,1.42435338845813,25,-87,0.001869,51,2025-01-22 11:47:19.001248,214,1.037,0.0011,"aoml_navis",1026.71614738682
"7901009",59,-0.00262434872573751,1,0.01869,1,-0.003738,1,143.637763487,1,4.86969132793624,216,1,21.253999710083,36.8370018005371,0.0186899993568659,0.00560700008645654,138.510299682617,-86.9145,25.1769,159.23506143218,63,63,63,63,61,63,-0.003738,8278,1.42435338845813,25,-87,0.001869,51,2025-01-22 11:47:19.001248,216,1.037,0.0011,"aoml_navis",1026.75912358474
"7901009",59,-0.00262434872573751,1,0.01869,1,-0.003738,1,144.050491718104,1,4.86954402279746,218,1,21.1599998474121,36.8320007324219,0.0186899993568659,0.00560700008645654,138.908294677734,-86.9145,25.1769,159.23506143218,63,63,63,63,61,63,-0.003738,8278,1.42435338845813,25,-87,0.001869,51,2025-01-22 11:47:19.001248,218,1.037,0.0011,"aoml_navis",1026.79018335019
"7901009",59,-0.00131217436286875,1,0.020559,1,-0.001869,1,144.126302819404,1,4.86945830077641,220,1,21.1480007171631,36.8400001525879,0.020558999851346,0.00747600011527538,138.981399536133,-86.9145,25.1769,159.23506143218,63,63,63,63,61,63,-0.001869,8278,1.42435338845813,25,-87,0.001869,51,2025-01-22 11:47:19.001248,220,1.037,0.0011,"aoml_navis",1026.80825898084
"7901009",59,-0.00131217436286875,1,0.020559,1,-0.001869,1,144.190800011827,1,4.86939915310312,222,1,21.136999130249,36.8409996032715,0.020558999851346,0.00747600011527538,139.043594360352,-86.9145,25.1769,159.23506143218,63,63,63,63,61,63,-0.001869,8278,1.42435338845813,25,-87,0.001869,51,2025-01-22 11:47:19.001248,222,1.037,0.0011,"aoml_navis",1026.82073142713
"7901009",59,-0.00262434872573751,1,0.01869,1,-0.003738,1,144.209155444411,1,4.8693092340065,224,1,21.0890007019043,36.8370018005371,0.0186899993568659,0.00560700008645654,139.061294555664,-86.9145,25.1769,159.23506143218,63,63,63,63,61,63,-0.003738,8278,1.42435338845813,25,-87,0.001869,51,2025-01-22 11:47:19.001248,224,1.037,0.0011,"aoml_navis",1026.83969321167
"7901009",59,-0.00393652308860626,1,0.016821,1,-0.005607,1,144.360049759168,1,4.86916675124229,226,1,20.9899997711182,36.8289985656738,0.0168210007250309,0.00373800005763769,139.206802368164,-86.9145,25.1769,159.23506143218,63,63,63,63,61,63,-0.005607,8278,1.42435338845813,25,-87,0.001869,51,2025-01-22 11:47:19.001248,226,1.037,0.0011,"aoml_navis",1026.86974084926
"7901009",59,-0.00393652308860626,1,0.016821,1,-0.005607,1,144.433471489503,1,4.86905019642953,228,1,20.9050006866455,36.8190002441406,0.0168210007250309,0.00373800005763769,139.277603149414,-86.9145,25.1769,159.23506143218,63,63,63,63,61,63,-0.005607,8278,1.42435338845813,25,-87,0.001869,51,2025-01-22 11:47:19.001248,228,1.037,0.0011,"aoml_navis",1026.89432194938
"7901009",59,-0.00787304617721252,1,0.011214,1,-0.011214,1,144.597008899634,1,4.86892245939107,230,1,20.8139991760254,36.810001373291,0.0112140001729131,-0.00186900002881885,139.435302734375,-86.9145,25.1769,159.23506143218,63,63,63,63,61,63,-0.011214,8278,1.42435338845813,25,-87,0.001869,51,2025-01-22 11:47:19.001248,230,1.037,0.0011,"aoml_navis",1026.92126270282
"7901009",59,0,1,0.01869,1,-0.003738,1,144.640254931747,1,4.86881814652674,232,1,20.7490005493164,36.8040008544922,0.0186899993568659,0,139.477005004883,-86.9145,25.1769,159.23506143218,63,63,63,63,61,63,0,8278,1.42435338845813,25,-87,0.001869,51,2025-01-22 11:47:19.001248,232,1.037,0.0011,"aoml_navis",1026.9432641609
"7901009",59,0,1,0.014952,1,-0.007476,1,144.631852574246,1,4.8687667484358,234,1,20.7299995422363,36.7999992370605,0.0149520002305508,0,139.468902587891,-86.9145,25.1769,159.23506143218,63,63,63,63,61,63,0,8278,1.42435338845813,25,-87,0.001869,51,2025-01-22 11:47:19.001248,234,1.037,0.0011,"aoml_navis",1026.95410528885
"7901009",59,0,1,0.013083,1,-0.009345,1,144.653008792663,1,4.86867014911654,236,1,20.6679992675781,36.7929992675781,0.0130829997360706,0,139.489303588867,-86.9145,25.1769,159.23506143218,63,63,63,63,61,63,0,8278,1.42435338845813,25,-87,0.001869,51,2025-01-22 11:47:19.001248,236,1.037,0.0011,"aoml_navis",1026.9744810926
"7901009",59,0,1,0.01869,1,-0.003738,1,144.785943266056,1,4.86856820507859,238,1,20.5990009307861,36.7849998474121,0.0186899993568659,0,139.617492675781,-86.9145,25.1769,159.23506143218,63,63,63,63,61,63,0,8278,1.42435338845813,25,-87,0.001869,51,2025-01-22 11:47:19.001248,238,1.037,0.0011,"aoml_navis",1026.99598514083
"7901009",59,0,1,0.014952,1,-0.007476,1,144.832717971847,1,4.86846384341035,240,1,20.5279998779297,36.7770004272461,0.0149520002305508,0,139.66259765625,-86.9145,25.1769,159.23506143218,63,63,63,63,61,63,0,8278,1.42435338845813,25,-87,0.001869,51,2025-01-22 11:47:19.001248,240,1.037,0.0011,"aoml_navis",1027.01800009621
"7901009",59,0,1,0.016821,1,-0.005607,1,144.8650773336,1,4.86839806068529,242,1,20.4950008392334,36.7719993591309,0.0168210007250309,0,139.693801879883,-86.9145,25.1769,159.23506143218,63,63,63,63,61,63,0,8278,1.42435338845813,25,-87,0.001869,51,2025-01-22 11:47:19.001248,242,1.037,0.0011,"aoml_navis",1027.03187735971
"7901009",59,0,1,0.014952,1,-0.007476,1,144.96992483041,1,4.86828907602835,244,1,20.4230003356934,36.7649993896484,0.0149520002305508,0,139.794906616211,-86.9145,25.1769,159.23506143218,63,63,63,63,61,63,0,8278,1.42435338845813,25,-87,0.001869,51,2025-01-22 11:47:19.001248,244,1.037,0.0011,"aoml_navis",1027.05486915726
"7901009",59,0,1,0.013083,1,-0.009345,1,145.077462347512,1,4.86820067163174,246,1,20.3640003204346,36.7569999694824,0.0130829997360706,0,139.89860534668,-86.9145,25.1769,159.23506143218,63,63,63,63,61,63,0,8278,1.42435338845813,25,-87,0.001869,51,2025-01-22 11:47:19.001248,246,1.037,0.0011,"aoml_navis",1027.07352002482
"7901009",59,0,1,0.01869,1,-0.003738,1,145.211441181724,1,4.8680763522819,248.100006103516,1,20.2730007171631,36.7470016479492,0.0186899993568659,0,140.027801513672,-86.9145,25.1769,159.23506143218,63,63,63,63,61,63,0,8278,1.42435338845813,25,-87,0.001869,51,2025-01-22 11:47:19.001248,248.100006103516,1.037,0.0011,"aoml_navis",1027.09974909417
"7901009",59,0,1,0.016821,1,-0.005607,1,145.221805671675,1,4.86800600543516,250,1,20.2290000915527,36.7400016784668,0.0168210007250309,0,140.037796020508,-86.9145,25.1769,159.23506143218,63,63,63,63,61,63,0,8278,1.42435338845813,25,-87,0.001869,51,2025-01-22 11:47:19.001248,250,1.037,0.0011,"aoml_navis",1027.11459156325
"7901009",59,0,1,0.016821,1,-0.005607,1,145.123604107352,1,4.86794339808558,252,1,20.201000213623,36.7360000610352,0.0168210007250309,0,139.943099975586,-86.9145,25.1769,159.23506143218,63,63,63,63,61,63,0,8278,1.42435338845813,25,-87,0.001869,51,2025-01-22 11:47:19.001248,252,1.037,0.0011,"aoml_navis",1027.12780143794
"7901009",59,0,1,0.014952,1,-0.007476,1,145.336717009108,1,4.8678000637367,254,1,20.0790004730225,36.7210006713867,0.0149520002305508,0,140.14860534668,-86.9145,25.1769,159.23506143218,63,63,63,63,61,63,0,8278,1.42435338845813,25,-87,0.001869,51,2025-01-22 11:47:19.001248,254,1.037,0.0011,"aoml_navis",1027.158045633
"7901009",59,0,1,0.01869,1,-0.003738,1,145.462087778384,1,4.86765858473359,256,1,19.9580001831055,36.7060012817383,0.0186899993568659,0,140.269500732422,-86.9145,25.1769,159.23506143218,63,63,63,63,61,63,0,8278,1.42435338845813,25,-87,0.001869,51,2025-01-22 11:47:19.001248,256,1.037,0.0011,"aoml_navis",1027.18790008845
"7901009",59,0,1,0.016821,1,-0.005607,1,145.534259440466,1,4.86755748287942,258,1,19.8740005493164,36.693000793457,0.0168210007250309,0,140.339096069336,-86.9145,25.1769,159.23506143218,63,63,63,63,61,63,0,8278,1.42435338845813,25,-87,0.001869,51,2025-01-22 11:47:19.001248,258,1.037,0.0011,"aoml_navis",1027.20923534779
"7901009",59,0,1,0.016821,1,-0.005607,1,145.574609744852,1,4.86747050883366,260,1,19.818000793457,36.6860008239746,0.0168210007250309,0,140.378005981445,-86.9145,25.1769,159.23506143218,63,63,63,63,61,63,0,8278,1.42435338845813,25,-87,0.001869,51,2025-01-22 11:47:19.001248,260,1.037,0.0011,"aoml_navis",1027.22758996194
"7901009",59,0,1,0.016821,1,-0.005607,1,145.815398208323,1,4.86734290791656,262,1,19.7070007324219,36.6710014343262,0.0168210007250309,0,140.610198974609,-86.9145,25.1769,159.23506143218,63,63,63,63,61,63,0,8278,1.42435338845813,25,-87,0.001869,51,2025-01-22 11:47:19.001248,262,1.037,0.0011,"aoml_navis",1027.25451947667
"7901009",59,0,1,0.020559,1,-0.001869,1,145.829607844926,1,4.86727433431915,264,1,19.6709995269775,36.6660003662109,0.020558999851346,0,140.623901367188,-86.9145,25.1769,159.23506143218,63,63,63,63,61,63,0,8278,1.42435338845813,25,-87,0.001869,51,2025-01-22 11:47:19.001248,264,1.037,0.0011,"aoml_navis",1027.26899216364
"7901009",59,0,1,0.016821,1,-0.005607,1,145.896700115749,1,4.86720815996939,266,1,19.6340007781982,36.6599998474121,0.0168210007250309,0,140.688598632812,-86.9145,25.1769,159.23506143218,63,63,63,63,61,63,0,8278,1.42435338845813,25,-87,0.001869,51,2025-01-22 11:47:19.001248,266,1.037,0.0011,"aoml_navis",1027.28295886804
"7901009",59,0,1,0.014952,1,-0.007476,1,146.061376828593,1,4.86712530321994,268,1,19.5779991149902,36.6520004272461,0.0149520002305508,0,140.847396850586,-86.9145,25.1769,159.23506143218,63,63,63,63,61,63,0,8278,1.42435338845813,25,-87,0.001869,51,2025-01-22 11:47:19.001248,268,1.037,0.0011,"aoml_navis",1027.3004470816
"7901009",59,0,1,0.014952,1,-0.007476,1,146.312545605663,1,4.86706068063829,270,1,19.5450000762939,36.6469993591309,0.0149520002305508,0,141.089599609375,-86.9145,25.1769,159.23506143218,63,63,63,63,61,63,0,8278,1.42435338845813,25,-87,0.001869,51,2025-01-22 11:47:19.001248,270,1.037,0.0011,"aoml_navis",1027.31408710201
"7901009",59,0,1,0.016821,1,-0.005607,1,146.583414825462,1,4.86695665302359,272,1,19.4720001220703,36.6389999389648,0.0168210007250309,0,141.350799560547,-86.9145,25.1769,159.23506143218,63,63,63,63,61,63,0,8278,1.42435338845813,25,-87,0.001869,51,2025-01-22 11:47:19.001248,272,1.037,0.0011,"aoml_navis",1027.33604518416
"7901009",59,0,1,0.014952,1,-0.007476,1,146.677154120829,1,4.86687790419703,274,1,19.4190006256104,36.6310005187988,0.0149520002305508,0,141.441192626953,-86.9145,25.1769,159.23506143218,63,63,63,63,61,63,0,8278,1.42435338845813,25,-87,0.001869,51,2025-01-22 11:47:19.001248,274,1.037,0.0011,"aoml_navis",1027.35266806019
"7901009",59,0,1,0.016821,1,-0.005607,1,146.894934998975,1,4.86677757060942,276,1,19.3400001525879,36.6199989318848,0.0168210007250309,0,141.65119934082,-86.9145,25.1769,159.23506143218,63,63,63,63,61,63,0,8278,1.42435338845813,25,-87,0.001869,51,2025-01-22 11:47:19.001248,276,1.037,0.0011,"aoml_navis",1027.37384798416
"7901009",59,0,1,0.01869,1,-0.003738,1,147.084185838373,1,4.86667359027333,278,1,19.2549991607666,36.6080017089844,0.0186899993568659,0,141.833694458008,-86.9145,25.1769,159.23506143218,63,63,63,63,61,63,0,8278,1.42435338845813,25,-87,0.001869,51,2025-01-22 11:47:19.001248,278,1.037,0.0011,"aoml_navis",1027.39579864019
"7901009",59,0,1,0.014952,1,-0.007476,1,147.186026841914,1,4.86661310383168,280,1,19.2250003814697,36.6030006408691,0.0149520002305508,0,141.931900024414,-86.9145,25.1769,159.23506143218,63,63,63,63,61,63,0,8278,1.42435338845813,25,-87,0.001869,51,2025-01-22 11:47:19.001248,280,1.037,0.0011,"aoml_navis",1027.40856799636
"7901009",59,0,1,0.016821,1,-0.005607,1,147.429521149326,1,4.86652116440002,282,1,19.1609992980957,36.5950012207031,0.0168210007250309,0,142.166702270508,-86.9145,25.1769,159.23506143218,63,63,63,63,61,63,0,8278,1.42435338845813,25,-87,0.001869,51,2025-01-22 11:47:19.001248,282,1.037,0.0011,"aoml_navis",1027.42797803417
"7901009",59,0,1,0.013083,1,-0.009345,1,147.556759109159,1,4.86643165846203,284,1,19.0930004119873,36.5849990844727,0.0130829997360706,0,142.289398193359,-86.9145,25.1769,159.23506143218,63,63,63,63,61,63,0,8278,1.42435338845813,25,-87,0.001869,51,2025-01-22 11:47:19.001248,284,1.037,0.0011,"aoml_navis",1027.44687502304
"7901009",59,0,1,0.016821,1,-0.005607,1,147.681101341264,1,4.86637381721205,286,1,19.0650005340576,36.5800018310547,0.0168210007250309,0,142.409301757812,-86.9145,25.1769,159.23506143218,63,63,63,63,61,63,0,8278,1.42435338845813,25,-87,0.001869,51,2025-01-22 11:47:19.001248,286,1.037,0.0011,"aoml_navis",1027.45908715753
"7901009",59,0,1,0.020559,1,-0.001869,1,147.716878611154,1,4.86628856022752,288,1,19.0090007781982,36.5730018615723,0.020558999851346,0,142.443801879883,-86.9145,25.1769,159.23506143218,63,63,63,63,61,63,0,8278,1.42435338845813,25,-87,0.001869,51,2025-01-22 11:47:19.001248,288,1.037,0.0011,"aoml_navis",1027.47708815817
"7901009",59,0,1,0.013083,1,-0.009345,1,147.775157109607,1,4.86621702041272,290,1,18.9640007019043,36.5660018920898,0.0130829997360706,0,142.5,-86.9145,25.1769,159.23506143218,63,63,63,63,61,63,0,8278,1.42435338845813,25,-87,0.001869,51,2025-01-22 11:47:19.001248,290,1.037,0.0011,"aoml_navis",1027.49219342789
"7901009",59,0,1,0.016821,1,-0.005607,1,147.861221935316,1,4.86613692855496,292,1,18.9120006561279,36.5589981079102,0.0168210007250309,0,142.582992553711,-86.9145,25.1769,159.23506143218,63,63,63,63,61,63,0,8278,1.42435338845813,25,-87,0.001869,51,2025-01-22 11:47:19.001248,292,1.037,0.0011,"aoml_navis",1027.50910494514
"7901009",59,0,1,0.020559,1,-0.001869,1,147.767071225081,1,4.86608437998572,294,1,18.8939990997314,36.5559997558594,0.020558999851346,0,142.492202758789,-86.9145,25.1769,159.23506143218,63,63,63,63,61,63,0,8278,1.42435338845813,25,-87,0.001869,51,2025-01-22 11:47:19.001248,294,1.037,0.0011,"aoml_navis",1027.52020095769
"7901009",59,0,1,0.020559,1,-0.001869,1,147.772245558232,1,4.86602420845897,296,1,18.8610000610352,36.5499992370605,0.020558999851346,0,142.497192382812,-86.9145,25.1769,159.23506143218,63,63,63,63,61,63,0,8278,1.42435338845813,25,-87,0.001869,51,2025-01-22 11:47:19.001248,296,1.037,0.0011,"aoml_navis",1027.53290690748
"7901009",59,0,1,0.016821,1,-0.005607,1,147.636605240898,1,4.86596407471673,298,1,18.8279991149902,36.5439987182617,0.0168210007250309,0,142.366394042969,-86.9145,25.1769,159.23506143218,63,63,63,63,61,63,0,8278,1.42435338845813,25,-87,0.001869,51,2025-01-22 11:47:19.001248,298,1.037,0.0011,"aoml_navis",1027.54560519255
"7901009",59,0,1,0.01869,1,-0.003738,1,147.614942665719,1,4.86586435631708,300,1,18.7509994506836,36.5340003967285,0.0186899993568659,0,142.345504760742,-86.9145,25.1769,159.23506143218,63,63,63,63,61,63,0,8278,1.42435338845813,25,-87,0.001869,51,2025-01-22 11:47:19.001248,300,1.037,0.0011,"aoml_navis",1027.56666315796
"7901009",59,0,1,0.013083,1,-0.009345,1,147.614515427202,1,4.86577333597504,302,1,18.6749992370605,36.5219993591309,0.0130829997360706,0,142.345092773438,-86.9145,25.1769,159.23506143218,63,63,63,63,61,63,0,8278,1.42435338845813,25,-87,0.001869,51,2025-01-22 11:47:19.001248,302,1.037,0.0011,"aoml_navis",1027.58588507043
"7901009",59,0,1,0.014952,1,-0.007476,1,147.476707269985,1,4.86570714710686,304,1,18.6280002593994,36.5130004882812,0.0149520002305508,0,142.212203979492,-86.9145,25.1769,159.23506143218,63,63,63,63,61,63,0,8278,1.42435338845813,25,-87,0.001869,51,2025-01-22 11:47:19.001248,304,1.037,0.0011,"aoml_navis",1027.59986345931
"7901009",59,0,1,0.016821,1,-0.005607,1,147.531140621785,1,4.8656178042805,306,1,18.5590000152588,36.5029983520508,0.0168210007250309,0,142.264694213867,-86.9145,25.1769,159.23506143218,63,63,63,63,61,63,0,8278,1.42435338845813,25,-87,0.001869,51,2025-01-22 11:47:19.001248,306,1.037,0.0011,"aoml_navis",1027.6187323224
"7901009",59,0,1,0.014952,1,-0.007476,1,147.413238614733,1,4.86554568826321,308,1,18.503999710083,36.4930000305176,0.0149520002305508,0,142.151000976562,-86.9145,25.1769,159.23506143218,63,63,63,63,61,63,0,8278,1.42435338845813,25,-87,0.001869,51,2025-01-22 11:47:19.001248,308,1.037,0.0011,"aoml_navis",1027.63396345473
"7901009",59,0,1,0.014952,1,-0.007476,1,147.442480717676,1,4.86542003534594,310,1,18.3840007781982,36.476001739502,0.0149520002305508,0,142.17919921875,-86.9145,25.1769,159.23506143218,63,63,63,63,61,63,0,8278,1.42435338845813,25,-87,0.001869,51,2025-01-22 11:47:19.001248,310,1.037,0.0011,"aoml_navis",1027.66050282943
"7901009",59,0,1,0.014952,1,-0.007476,1,147.248561901889,1,4.8653434630912,312,1,18.3250007629395,36.4659996032715,0.0149520002305508,0,141.992202758789,-86.9145,25.1769,159.23506143218,63,63,63,63,61,63,0,8278,1.42435338845813,25,-87,0.001869,51,2025-01-22 11:47:19.001248,312,1.037,0.0011,"aoml_navis",1027.67667646289
"7901009",59,0,1,0.013083,1,-0.009345,1,147.030163901441,1,4.865262195942,314,1,18.2679996490479,36.4580001831055,0.0130829997360706,0,141.781600952148,-86.9145,25.1769,159.23506143218,63,63,63,63,61,63,0,8278,1.42435338845813,25,-87,0.001869,51,2025-01-22 11:47:19.001248,314,1.037,0.0011,"aoml_navis",1027.69384231139
"7901009",59,0,1,0.016821,1,-0.005607,1,146.768836341855,1,4.86518828928521,316,1,18.2110004425049,36.4480018615723,0.0168210007250309,0,141.529602050781,-86.9145,25.1769,159.23506143218,63,63,63,63,61,63,0,8278,1.42435338845813,25,-87,0.001869,51,2025-01-22 11:47:19.001248,316,1.037,0.0011,"aoml_navis",1027.70945392015
"7901009",59,0,1,0.014952,1,-0.007476,1,146.449530933143,1,4.86511811598307,318,1,18.1660003662109,36.4410018920898,0.0149520002305508,0,141.221694946289,-86.9145,25.1769,159.23506143218,63,63,63,63,61,63,0,8278,1.42435338845813,25,-87,0.001869,51,2025-01-22 11:47:19.001248,318,1.037,0.0011,"aoml_navis",1027.72427735594
"7901009",59,0,1,0.01869,1,-0.003738,1,145.996468221301,1,4.86505526098089,320,1,18.1240005493164,36.4329986572266,0.0186899993568659,0,140.784805297852,-86.9145,25.1769,159.23506143218,63,63,63,63,61,63,0,8278,1.42435338845813,25,-87,0.001869,51,2025-01-22 11:47:19.001248,320,1.037,0.0011,"aoml_navis",1027.73755523424
"7901009",59,0,1,0.013083,1,-0.009345,1,145.505223044956,1,4.86499245907439,322,1,18.0820007324219,36.4249992370605,0.0130829997360706,0,140.311096191406,-86.9145,25.1769,159.23506143218,63,63,63,63,61,63,0,8278,1.42435338845813,25,-87,0.001869,51,2025-01-22 11:47:19.001248,322,1.037,0.0011,"aoml_navis",1027.75082223895
"7901009",59,0,1,0.01869,1,-0.003738,1,145.024152474776,1,4.86491532243324,324,1,18.0279998779297,36.4169998168945,0.0186899993568659,0,139.847198486328,-86.9145,25.1769,159.23506143218,63,63,63,63,61,63,0,8278,1.42435338845813,25,-87,0.001869,51,2025-01-22 11:47:19.001248,324,1.037,0.0011,"aoml_navis",1027.76711794835
"7901009",59,0,1,0.013083,1,-0.009345,1,144.663167575179,1,4.86483116508371,326,1,17.9619998931885,36.4070014953613,0.0130829997360706,0,139.499099731445,-86.9145,25.1769,159.23506143218,63,63,63,63,61,63,0,8278,1.42435338845813,25,-87,0.001869,51,2025-01-22 11:47:19.001248,326,1.037,0.0011,"aoml_navis",1027.78489742592
"7901009",59,0,1,0.014952,1,-0.007476,1,144.042516599119,1,4.86477457040976,328,1,17.92799949646,36.4000015258789,0.0149520002305508,0,138.900604248047,-86.9145,25.1769,159.23506143218,63,63,63,63,61,63,0,8278,1.42435338845813,25,-87,0.001869,51,2025-01-22 11:47:19.001248,328,1.037,0.0011,"aoml_navis",1027.79685422892
"7901009",59,0,1,0.014952,1,-0.007476,1,143.198593938787,1,4.86471926290014,330,1,17.8920001983643,36.3919982910156,0.0149520002305508,0,138.086807250977,-86.9145,25.1769,159.23506143218,63,63,63,63,61,63,0,8278,1.42435338845813,25,-87,0.001869,51,2025-01-22 11:47:19.001248,330,1.037,0.0011,"aoml_navis",1027.80853936044
"7901009",59,0,1,0.016821,1,-0.005607,1,142.41356689921,1,4.86461777367389,332,1,17.798999786377,36.3779983520508,0.0168210007250309,0,137.329803466797,-86.9145,25.1769,159.23506143218,63,63,63,63,61,63,0,8278,1.42435338845813,25,-87,0.001869,51,2025-01-22 11:47:19.001248,332,1.037,0.0011,"aoml_navis",1027.82998225652
"7901009",59,0,1,0.01869,1,-0.003738,1,141.899931259842,1,4.86454014754099,334,1,17.738000869751,36.3680000305176,0.0186899993568659,0,136.834503173828,-86.9145,25.1769,159.23506143218,63,63,63,63,61,63,0,8278,1.42435338845813,25,-87,0.001869,51,2025-01-22 11:47:19.001248,334,1.037,0.0011,"aoml_navis",1027.8463839028
"7901009",59,0,1,0.014952,1,-0.007476,1,141.302810049516,1,4.8644825962656,336,1,17.7059993743896,36.3619995117188,0.0149520002305508,0,136.258697509766,-86.9145,25.1769,159.23506143218,63,63,63,63,61,63,0,8278,1.42435338845813,25,-87,0.001869,51,2025-01-22 11:47:19.001248,336,1.037,0.0011,"aoml_navis",1027.858544265
"7901009",59,0,1,0.01869,1,-0.003738,1,140.521833864026,1,4.86441236275398,338,1,17.6480007171631,36.351001739502,0.0186899993568659,0,135.505599975586,-86.9145,25.1769,159.23506143218,63,63,63,63,61,63,0,8278,1.42435338845813,25,-87,0.001869,51,2025-01-22 11:47:19.001248,338,1.037,0.0011,"aoml_navis",1027.87338472457
"7901009",59,0,1,0.013083,1,-0.009345,1,139.704241755262,1,4.86432830814586,340,1,17.5690002441406,36.3370018005371,0.0130829997360706,0,134.717193603516,-86.9145,25.1769,159.23506143218,63,63,63,63,61,63,0,8278,1.42435338845813,25,-87,0.001869,51,2025-01-22 11:47:19.001248,340,1.037,0.0011,"aoml_navis",1027.89114616851
"7901009",59,0,1,0.013083,1,-0.009345,1,139.15981329537,1,4.8642361701501,342,1,17.4860000610352,36.3240013122559,0.0130829997360706,0,134.192199707031,-86.9145,25.1769,159.23506143218,63,63,63,63,61,63,0,8278,1.42435338845813,25,-87,0.001869,51,2025-01-22 11:47:19.001248,342,1.037,0.0011,"aoml_navis",1027.91061640531
"7901009",59,0,1,0.01869,1,-0.003738,1,138.728618866142,1,4.86415225114224,344,1,17.4190006256104,36.3139991760254,0.0186899993568659,0,133.776397705078,-86.9145,25.1769,159.23506143218,63,63,63,63,61,63,0,8278,1.42435338845813,25,-87,0.001869,51,2025-01-22 11:47:19.001248,344,1.037,0.0011,"aoml_navis",1027.92835047996
"7901009",59,0,1,0.016821,1,-0.005607,1,138.251377618966,1,4.86408833865996,346,1,17.3719997406006,36.3050003051758,0.0168210007250309,0,133.316192626953,-86.9145,25.1769,159.23506143218,63,63,63,63,61,63,0,8278,1.42435338845813,25,-87,0.001869,51,2025-01-22 11:47:19.001248,346,1.037,0.0011,"aoml_navis",1027.94185711222
"7901009",59,0,1,0.01869,1,-0.003738,1,137.582606926968,1,4.86401386223921,348,1,17.3190002441406,36.2970008850098,0.0186899993568659,0,132.671295166016,-86.9145,25.1769,159.23506143218,63,63,63,63,61,63,0,8278,1.42435338845813,25,-87,0.001869,51,2025-01-22 11:47:19.001248,348,1.037,0.0011,"aoml_navis",1027.95759667062
"7901009",59,0,1,0.014952,1,-0.007476,1,136.315164307065,1,4.86396395398669,350,1,17.2900009155273,36.2900009155273,0.0149520002305508,0,131.449096679688,-86.9145,25.1769,159.23506143218,63,63,63,63,61,63,0,8278,1.42435338845813,25,-87,0.001869,51,2025-01-22 11:47:19.001248,350,1.037,0.0011,"aoml_navis",1027.9681443572
"7901009",59,0,1,0.01869,1,-0.003738,1,134.572252688649,1,4.86385247887309,352,1,17.1709995269775,36.2709999084473,0.0186899993568659,0,129.768402099609,-86.9145,25.1769,159.23506143218,63,63,63,63,61,63,0,8278,1.42435338845813,25,-87,0.001869,51,2025-01-22 11:47:19.001248,352,1.037,0.0011,"aoml_navis",1027.99170446026
"7901009",59,0,1,0.014952,1,-0.007476,1,133.726969194521,1,4.86370159894636,354,1,16.9799995422363,36.2400016784668,0.0149520002305508,0,128.95329284668,-86.9145,25.1769,159.23506143218,63,63,63,63,61,63,0,8278,1.42435338845813,25,-87,0.001869,51,2025-01-22 11:47:19.001248,354,1.037,0.0011,"aoml_navis",1028.02359443334
"7901009",59,0,1,0.014952,1,-0.007476,1,133.239157749961,1,4.86360829527489,356,1,16.8880004882812,36.2249984741211,0.0149520002305508,0,128.482894897461,-86.9145,25.1769,159.23506143218,63,63,63,63,61,63,0,8278,1.42435338845813,25,-87,0.001869,51,2025-01-22 11:47:19.001248,356,1.037,0.0011,"aoml_navis",1028.04331608234
"7901009",59,0,1,0.016821,1,-0.005607,1,133.20961499769,1,4.86351381113257,358,1,16.8010005950928,36.2120018005371,0.0168210007250309,0,128.454406738281,-86.9145,25.1769,159.23506143218,63,63,63,63,61,63,0,8278,1.42435338845813,25,-87,0.001869,51,2025-01-22 11:47:19.001248,358,1.037,0.0011,"aoml_navis",1028.06328801925
"7901009",59,0,1,0.016821,1,-0.005607,1,133.173616196718,1,4.86344876326152,360,1,16.7520008087158,36.2029991149902,0.0168210007250309,0,128.419692993164,-86.9145,25.1769,159.23506143218,63,63,63,63,61,63,0,8278,1.42435338845813,25,-87,0.001869,51,2025-01-22 11:47:19.001248,360,1.037,0.0011,"aoml_navis",1028.07703820589
"7901009",59,0,1,0.01869,1,-0.003738,1,132.943397930632,1,4.86337883944904,362,1,16.7049999237061,36.1959991455078,0.0186899993568659,0,128.197692871094,-86.9145,25.1769,159.23506143218,63,63,63,63,61,63,0,8278,1.42435338845813,25,-87,0.001869,51,2025-01-22 11:47:19.001248,362,1.037,0.0011,"aoml_navis",1028.09181950679
"7901009",59,0,1,0.014952,1,-0.007476,1,132.713290430087,1,4.86330518787384,364,1,16.6420001983643,36.185001373291,0.0149520002305508,0,127.975799560547,-86.9145,25.1769,159.23506143218,63,63,63,63,61,63,0,8278,1.42435338845813,25,-87,0.001869,51,2025-01-22 11:47:19.001248,364,1.037,0.0011,"aoml_navis",1028.10738928476
"7901009",59,0,1,0.01869,1,-0.003738,1,132.720237011901,1,4.86322143527175,366,1,16.5699996948242,36.173999786377,0.0186899993568659,0,127.982498168945,-86.9145,25.1769,159.23506143218,63,63,63,63,61,63,0,8278,1.42435338845813,25,-87,0.001869,51,2025-01-22 11:47:19.001248,366,1.037,0.0011,"aoml_navis",1028.12509497022
"7901009",59,0,1,0.014952,1,-0.007476,1,132.73943109787,1,4.86317683033724,368,1,16.5639991760254,36.1730003356934,0.0149520002305508,0,128.001007080078,-86.9145,25.1769,159.23506143218,63,63,63,63,61,63,0,8278,1.42435338845813,25,-87,0.001869,51,2025-01-22 11:47:19.001248,368,1.037,0.0011,"aoml_navis",1028.13452490751
"7901009",59,0,1,0.020559,1,-0.001869,1,132.598592711912,1,4.86313565298897,370,1,16.5610008239746,36.1720008850098,0.020558999851346,0,127.865196228027,-86.9145,25.1769,159.23506143218,63,63,63,63,61,63,0,8278,1.42435338845813,25,-87,0.001869,51,2025-01-22 11:47:19.001248,370,1.037,0.0011,"aoml_navis",1028.14323037173
"7901009",59,0,1,0.01869,1,-0.003738,1,132.513453569656,1,4.86309355017911,372,1,16.5540008544922,36.1699981689453,0.0186899993568659,0,127.783096313477,-86.9145,25.1769,159.23506143218,63,63,63,63,61,63,0,8278,1.42435338845813,25,-87,0.001869,51,2025-01-22 11:47:19.001248,372,1.037,0.0011,"aoml_navis",1028.15213164383
"7901009",59,0,1,0.01869,1,-0.003738,1,132.436511077468,1,4.86305868438064,374,1,16.5470008850098,36.1660003662109,0.0186899993568659,0,127.70890045166,-86.9145,25.1769,159.23506143218,63,63,63,63,61,63,0,8278,1.42435338845813,25,-87,0.001869,51,2025-01-22 11:47:19.001248,374,1.037,0.0011,"aoml_navis",1028.15950300152
"7901009",59,0,1,0.016821,1,-0.005607,1,132.635825757489,1,4.86293647131971,376,1,16.4249992370605,36.1500015258789,0.0168210007250309,0,127.901100158691,-86.9145,25.1769,159.23506143218,63,63,63,63,61,63,0,8278,1.42435338845813,25,-87,0.001869,51,2025-01-22 11:47:19.001248,376,1.037,0.0011,"aoml_navis",1028.18534222864
"7901009",59,0,1,0.014952,1,-0.007476,1,132.956990444933,1,4.86284316136847,378,1,16.3279991149902,36.1339988708496,0.0149520002305508,0,128.210800170898,-86.9145,25.1769,159.23506143218,63,63,63,63,61,63,0,8278,1.42435338845813,25,-87,0.001869,51,2025-01-22 11:47:19.001248,378,1.037,0.0011,"aoml_navis",1028.20507141196
"7901009",59,0,1,0.020559,1,-0.001869,1,133.001265014217,1,4.86276479947088,380,1,16.2600002288818,36.1230010986328,0.020558999851346,0,128.253494262695,-86.9145,25.1769,159.23506143218,63,63,63,63,61,63,0,8278,1.42435338845813,25,-87,0.001869,51,2025-01-22 11:47:19.001248,380,1.037,0.0011,"aoml_navis",1028.22164060743
"7901009",59,0,1,0.01869,1,-0.003738,1,132.830781022271,1,4.86270792804387,382,1,16.2269992828369,36.117000579834,0.0186899993568659,0,128.089096069336,-86.9145,25.1769,159.23506143218,63,63,63,63,61,63,0,8278,1.42435338845813,25,-87,0.001869,51,2025-01-22 11:47:19.001248,382,1.037,0.0011,"aoml_navis",1028.23366609464
"7901009",59,0,1,0.016821,1,-0.005607,1,132.604091429863,1,4.8626539844576,384,1,16.2029991149902,36.1129989624023,0.0168210007250309,0,127.870498657227,-86.9145,25.1769,159.23506143218,63,63,63,63,61,63,0,8278,1.42435338845813,25,-87,0.001869,51,2025-01-22 11:47:19.001248,384,1.037,0.0011,"aoml_navis",1028.24507274863
"7901009",59,0,1,0.014952,1,-0.007476,1,132.171963405356,1,4.86259968672606,386,1,16.1690006256104,36.1059989929199,0.0149520002305508,0,127.453796386719,-86.9145,25.1769,159.23506143218,63,63,63,63,61,63,0,8278,1.42435338845813,25,-87,0.001869,51,2025-01-22 11:47:19.001248,386,1.037,0.0011,"aoml_navis",1028.25655454407
"7901009",59,0,1,0.020559,1,-0.001869,1,131.812639988881,1,4.86252478231879,388,1,16.0939998626709,36.0919990539551,0.020558999851346,0,127.107299804688,-86.9145,25.1769,159.23506143218,63,63,63,63,61,63,0,8278,1.42435338845813,25,-87,0.001869,51,2025-01-22 11:47:19.001248,388,1.037,0.0011,"aoml_navis",1028.27239424694
"7901009",59,0,1,0.011214,1,-0.011214,1,131.447089966612,1,4.86244840991697,390,1,16.0109996795654,36.076000213623,0.0112140001729131,0,126.75479888916,-86.9145,25.1769,159.23506143218,63,63,63,63,61,63,0,8278,1.42435338845813,25,-87,0.001869,51,2025-01-22 11:47:19.001248,390,1.037,0.0011,"aoml_navis",1028.28854488255
"7901009",59,0,1,0.014952,1,-0.007476,1,131.544571554916,1,4.86226247883903,392,1,15.7770004272461,36.0439987182617,0.0149520002305508,0,126.84880065918,-86.9145,25.1769,159.23506143218,63,63,63,63,61,63,0,8278,1.42435338845813,25,-87,0.001869,51,2025-01-22 11:47:19.001248,392,1.037,0.0011,"aoml_navis",1028.32786624754
"7901009",59,0,1,0.01869,1,-0.003738,1,131.343801099207,1,4.862169044267,394,1,15.6709995269775,36.0260009765625,0.0186899993568659,0,126.655197143555,-86.9145,25.1769,159.23506143218,63,63,63,63,61,63,0,8278,1.42435338845813,25,-87,0.001869,51,2025-01-22 11:47:19.001248,394,1.037,0.0011,"aoml_navis",1028.34762725815
"7901009",59,0,1,0.016821,1,-0.005607,1,130.761831032587,1,4.86212553814763,396,1,15.6560001373291,36.0219993591309,0.0168210007250309,0,126.09400177002,-86.9145,25.1769,159.23506143218,63,63,63,63,61,63,0,8278,1.42435338845813,25,-87,0.001869,51,2025-01-22 11:47:19.001248,396,1.037,0.0011,"aoml_navis",1028.35682887466
"7901009",59,0,1,0.016821,1,-0.005607,1,129.998996660423,1,4.86205828524014,398,1,15.6029996871948,36.0130004882812,0.0168210007250309,0,125.3583984375,-86.9145,25.1769,159.23506143218,63,63,63,63,61,63,0,8278,1.42435338845813,25,-87,0.001869,51,2025-01-22 11:47:19.001248,398,1.037,0.0011,"aoml_navis",1028.37105330033
"7901009",59,0,1,0.01869,1,-0.003738,1,129.343288390493,1,4.86197719965785,400,1,15.5340003967285,36.0029983520508,0.0186899993568659,0,124.726097106934,-86.9145,25.1769,159.23506143218,63,63,63,63,61,63,0,8278,1.42435338845813,25,-87,0.001869,51,2025-01-22 11:47:19.001248,400,1.037,0.0011,"aoml_navis",1028.38820394959
"7901009",59,0,1,0.014952,1,-0.007476,1,128.862114966595,1,4.86190177268229,402,1,15.4700002670288,35.9930000305176,0.0149520002305508,0,124.262100219727,-86.9145,25.1769,159.23506143218,63,63,63,63,61,63,0,8278,1.42435338845813,25,-87,0.001869,51,2025-01-22 11:47:19.001248,402,1.037,0.0011,"aoml_navis",1028.40415824393
"7901009",59,0,1,0.020559,1,-0.001869,1,128.328778884498,1,4.8618356600055,404,1,15.4209995269775,35.9850006103516,0.020558999851346,0,123.747802734375,-86.9145,25.1769,159.23506143218,63,63,63,63,61,63,0,8278,1.42435338845813,25,-87,0.001869,51,2025-01-22 11:47:19.001248,404,1.037,0.0011,"aoml_navis",1028.41814278732
"7901009",59,0,1,0.01869,1,-0.003738,1,128.178612457585,1,4.86174670565075,406,1,15.3409996032715,35.9739990234375,0.0186899993568659,0,123.602996826172,-86.9145,25.1769,159.23506143218,63,63,63,63,61,63,0,8278,1.42435338845813,25,-87,0.001869,51,2025-01-22 11:47:19.001248,406,1.037,0.0011,"aoml_navis",1028.43695953731
"7901009",59,0,1,0.01869,1,-0.003738,1,127.981892855964,1,4.86169790969661,408,1,15.3210000991821,35.9700012207031,0.0186899993568659,0,123.413299560547,-86.9145,25.1769,159.23506143218,63,63,63,63,61,63,0,8278,1.42435338845813,25,-87,0.001869,51,2025-01-22 11:47:19.001248,408,1.037,0.0011,"aoml_navis",1028.44728176705
"7901009",59,0,1,0.016821,1,-0.005607,1,127.78060813167,1,4.86164442135559,410,1,15.3000001907349,35.9669990539551,0.0168210007250309,0,123.219200134277,-86.9145,25.1769,159.23506143218,63,63,63,63,61,63,0,8278,1.42435338845813,25,-87,0.001869,51,2025-01-22 11:47:19.001248,410,1.037,0.0011,"aoml_navis",1028.45859685597
"7901009",59,0,1,0.020559,1,-0.001869,1,127.622252966513,1,4.86160400305361,412,1,15.2910003662109,35.9640007019043,0.020558999851346,0,123.066497802734,-86.9145,25.1769,159.23506143218,63,63,63,63,61,63,0,8278,1.42435338845813,25,-87,0.001869,51,2025-01-22 11:47:19.001248,412,1.037,0.0011,"aoml_navis",1028.4671472336
"7901009",59,0,1,0.01869,1,-0.003738,1,127.424291208463,1,4.86155741517659,414,1,15.2829999923706,35.9630012512207,0.0186899993568659,0,122.875602722168,-86.9145,25.1769,159.23506143218,63,63,63,63,61,63,0,8278,1.42435338845813,25,-87,0.001869,51,2025-01-22 11:47:19.001248,414,1.037,0.0011,"aoml_navis",1028.47700294379
"7901009",59,0,1,0.022428,1,0,1,127.239906141066,1,4.86149744101191,416,1,15.246000289917,35.9570007324219,0.0224280003458261,0,122.697799682617,-86.9145,25.1769,159.23506143218,63,63,63,63,61,63,0,8278,1.42435338845813,25,-87,0.001869,51,2025-01-22 11:47:19.001248,416,1.037,0.0011,"aoml_navis",1028.48969081412
"7901009",59,0,1,0.014952,1,-0.007476,1,126.983966533889,1,4.86144909663771,418,1,15.2229995727539,35.9519996643066,0.0149520002305508,0,122.450996398926,-86.9145,25.1769,159.23506143218,63,63,63,63,61,63,0,8278,1.42435338845813,25,-87,0.001869,51,2025-01-22 11:47:19.001248,418,1.037,0.0011,"aoml_navis",1028.49991856505
"7901009",59,0,1,0.01869,1,-0.003738,1,126.626201746819,1,4.86139425915874,420,1,15.1940002441406,35.9469985961914,0.0186899993568659,0,122.106002807617,-86.9145,25.1769,159.23506143218,63,63,63,63,61,63,0,8278,1.42435338845813,25,-87,0.001869,51,2025-01-22 11:47:19.001248,420,1.037,0.0011,"aoml_navis",1028.51152024548
"7901009",59,0,1,0.022428,1,0,1,125.896549566144,1,4.86133879890148,422,1,15.1510000228882,35.9379997253418,0.0224280003458261,0,121.402397155762,-86.9145,25.1769,159.23506143218,63,63,63,63,61,63,0,8278,1.42435338845813,25,-87,0.001869,51,2025-01-22 11:47:19.001248,422,1.037,0.0011,"aoml_navis",1028.5232539501
"7901009",59,0,1,0.020559,1,-0.001869,1,125.130716612536,1,4.8612553935012,424,1,15.0719995498657,35.9259986877441,0.020558999851346,0,120.663902282715,-86.9145,25.1769,159.23506143218,63,63,63,63,61,63,0,8278,1.42435338845813,25,-87,0.001869,51,2025-01-22 11:47:19.001248,424,1.037,0.0011,"aoml_navis",1028.5409005016
"7901009",59,0,1,0.020559,1,-0.001869,1,124.625475418846,1,4.86116510735397,426,1,14.9829998016357,35.9129981994629,0.020558999851346,0,120.176696777344,-86.9145,25.1769,159.23506143218,63,63,63,63,61,63,0,8278,1.42435338845813,25,-87,0.001869,51,2025-01-22 11:47:19.001248,426,1.037,0.0011,"aoml_navis",1028.56000353413
"7901009",59,0,1,0.01869,1,-0.003738,1,124.322776929527,1,4.86109910041591,428,1,14.9399995803833,35.9070014953613,0.0186899993568659,0,119.884803771973,-86.9145,25.1769,159.23506143218,63,63,63,63,61,63,0,8278,1.42435338845813,25,-87,0.001869,51,2025-01-22 11:47:19.001248,428,1.037,0.0011,"aoml_navis",1028.57396994277
"7901009",59,0,1,0.022428,1,0,1,124.141089794246,1,4.86103080024479,430,1,14.8879995346069,35.898998260498,0.0224280003458261,0,119.709602355957,-86.9145,25.1769,159.23506143218,63,63,63,63,61,63,0,8278,1.42435338845813,25,-87,0.001869,51,2025-01-22 11:47:19.001248,430,1.037,0.0011,"aoml_navis",1028.58842197589
"7901009",59,0,1,0.020559,1,-0.001869,1,123.745672634907,1,4.86097009146439,432,1,14.8430004119873,35.890998840332,0.020558999851346,0,119.328300476074,-86.9145,25.1769,159.23506143218,63,63,63,63,61,63,0,8278,1.42435338845813,25,-87,0.001869,51,2025-01-22 11:47:19.001248,432,1.037,0.0011,"aoml_navis",1028.60126804313
"7901009",59,0,1,0.020559,1,-0.001869,1,123.400550943212,1,4.86090582869987,434,1,14.7980003356934,35.8839988708496,0.020558999851346,0,118.995498657227,-86.9145,25.1769,159.23506143218,63,63,63,63,61,63,0,8278,1.42435338845813,25,-87,0.001869,51,2025-01-22 11:47:19.001248,434,1.037,0.0011,"aoml_navis",1028.61486648823
"7901009",59,0,1,0.024297,1,0.001869,1,122.90900511754,1,4.86085702260438,436,1,14.7639999389648,35.8759994506836,0.0242970008403063,0,118.521499633789,-86.9145,25.1769,159.23506143218,63,63,63,63,61,63,0,8278,1.42435338845813,25,-87,0.001869,51,2025-01-22 11:47:19.001248,436,1.037,0.0011,"aoml_navis",1028.62519443558
"7901009",59,0,1,0.01869,1,-0.003738,1,122.24188799684,1,4.86077805292345,438,1,14.6879997253418,35.8639984130859,0.0186899993568659,0,117.878196716309,-86.9145,25.1769,159.23506143218,63,63,63,63,61,63,0,8278,1.42435338845813,25,-87,0.001869,51,2025-01-22 11:47:19.001248,438,1.037,0.0011,"aoml_navis",1028.64190579383
"7901009",59,0,1,0.020559,1,-0.001869,1,121.882667434082,1,4.8606696210129,440,1,14.5600004196167,35.8450012207031,0.020558999851346,0,117.531799316406,-86.9145,25.1769,159.23506143218,63,63,63,63,61,63,0,8278,1.42435338845813,25,-87,0.001869,51,2025-01-22 11:47:19.001248,440,1.037,0.0011,"aoml_navis",1028.66485275707
"7901009",59,0,1,0.020559,1,-0.001869,1,121.796697550266,1,4.86060938642223,442,1,14.5080003738403,35.8349990844727,0.020558999851346,0,117.44889831543,-86.9145,25.1769,159.23506143218,63,63,63,63,61,63,0,8278,1.42435338845813,25,-87,0.001869,51,2025-01-22 11:47:19.001248,442,1.037,0.0011,"aoml_navis",1028.67760037808
"7901009",59,0,1,0.026166,1,0.003738,1,121.475430009105,1,4.86051579492832,444,1,14.4069995880127,35.8199996948242,0.0261659994721413,0,117.139099121094,-86.9145,25.1769,159.23506143218,63,63,63,63,61,63,0,8278,1.42435338845813,25,-87,0.001869,51,2025-01-22 11:47:19.001248,444,1.037,0.0011,"aoml_navis",1028.69740804406
"7901009",59,0,1,0.024297,1,0.001869,1,121.110402167246,1,4.86042417328566,446,1,14.3039999008179,35.8040008544922,0.0242970008403063,0,116.787101745605,-86.9145,25.1769,159.23506143218,63,63,63,63,61,63,0,8278,1.42435338845813,25,-87,0.001869,51,2025-01-22 11:47:19.001248,446,1.037,0.0011,"aoml_navis",1028.71679955044
"7901009",59,0,1,0.022428,1,0,1,120.551447597775,1,4.86036716981367,448,1,14.2650003433228,35.7970008850098,0.0224280003458261,0,116.248100280762,-86.9145,25.1769,159.23506143218,63,63,63,63,61,63,0,8278,1.42435338845813,25,-87,0.001869,51,2025-01-22 11:47:19.001248,448,1.037,0.0011,"aoml_navis",1028.72886457088
"7901009",59,0,1,0.020559,1,-0.001869,1,120.163704908093,1,4.86026992866129,450,1,14.1630001068115,35.7830009460449,0.020558999851346,0,115.874198913574,-86.9145,25.1769,159.23506143218,63,63,63,63,61,63,0,8278,1.42435338845813,25,-87,0.001869,51,2025-01-22 11:47:19.001248,450,1.037,0.0011,"aoml_navis",1028.74944671585
"7901009",59,0,1,0.020559,1,-0.001869,1,119.609521168729,1,4.86021575483057,452,1,14.1300001144409,35.7770004272461,0.020558999851346,0,115.339797973633,-86.9145,25.1769,159.23506143218,63,63,63,63,61,63,0,8278,1.42435338845813,25,-87,0.001869,51,2025-01-22 11:47:19.001248,452,1.037,0.0011,"aoml_navis",1028.76091355214
"7901009",59,0,1,0.022428,1,0,1,119.216184819204,1,4.8601387777363,454,1,14.0609998703003,35.7669982910156,0.0224280003458261,0,114.960502624512,-86.9145,25.1769,159.23506143218,63,63,63,63,61,63,0,8278,1.42435338845813,25,-87,0.001869,51,2025-01-22 11:47:19.001248,454,1.037,0.0011,"aoml_navis",1028.77720753662
"7901009",59,0,1,0.024297,1,0.001869,1,118.922600751582,1,4.86007489689744,456,1,14.0150003433228,35.7599983215332,0.0242970008403063,0,114.677398681641,-86.9145,25.1769,159.23506143218,63,63,63,63,61,63,0,8278,1.42435338845813,25,-87,0.001869,51,2025-01-22 11:47:19.001248,456,1.037,0.0011,"aoml_navis",1028.79072978729
"7901009",59,0,1,0.022428,1,0,1,118.444330967236,1,4.86002968724406,458,1,13.9940004348755,35.7550010681152,0.0224280003458261,0,114.216201782227,-86.9145,25.1769,159.23506143218,63,63,63,63,61,63,0,8278,1.42435338845813,25,-87,0.001869,51,2025-01-22 11:47:19.001248,458,1.037,0.0011,"aoml_navis",1028.80029994947
"7901009",59,0,1,0.016821,1,-0.005607,1,117.6357662501,1,4.85996026233779,460,1,13.9390001296997,35.7470016479492,0.0168210007250309,0,113.436500549316,-86.9145,25.1769,159.23506143218,63,63,63,63,61,63,0,8278,1.42435338845813,25,-87,0.001869,51,2025-01-22 11:47:19.001248,460,1.037,0.0011,"aoml_navis",1028.81499644091
"7901009",59,0,1,0.014952,1,-0.007476,1,117.052023934817,1,4.8598812771755,462,1,13.8640003204346,35.7360000610352,0.0149520002305508,0,112.873596191406,-86.9145,25.1769,159.23506143218,63,63,63,63,61,63,0,8278,1.42435338845813,25,-87,0.001869,51,2025-01-22 11:47:19.001248,462,1.037,0.0011,"aoml_navis",1028.83171724432
"7901009",59,0,1,0.022428,1,0,1,116.22759600978,1,4.85980830809404,464,1,13.7840003967285,35.7220001220703,0.0224280003458261,0,112.078598022461,-86.9145,25.1769,159.23506143218,63,63,63,63,61,63,0,8278,1.42435338845813,25,-87,0.001869,51,2025-01-22 11:47:19.001248,464,1.037,0.0011,"aoml_navis",1028.8471649535
"7901009",59,0,1,0.020559,1,-0.001869,1,115.284846750998,1,4.8597199363018,466,1,13.6780004501343,35.7050018310547,0.020558999851346,0,111.169502258301,-86.9145,25.1769,159.23506143218,63,63,63,63,61,63,0,8278,1.42435338845813,25,-87,0.001869,51,2025-01-22 11:47:19.001248,466,1.037,0.0011,"aoml_navis",1028.8658740703
"7901009",59,0,1,0.022428,1,0,1,114.716144813879,1,4.85958809479242,468,1,13.5179996490479,35.685001373291,0.0224280003458261,0,110.621101379395,-86.9145,25.1769,159.23506143218,63,63,63,63,61,63,0,8278,1.42435338845813,25,-87,0.001869,51,2025-01-22 11:47:19.001248,468,1.037,0.0011,"aoml_navis",1028.8937873887
"7901009",59,0,1,0.024297,1,0.001869,1,114.474106282155,1,4.85951955267381,470,1,13.4519996643066,35.673999786377,0.0242970008403063,0,110.387702941895,-86.9145,25.1769,159.23506143218,63,63,63,63,61,63,0,8278,1.42435338845813,25,-87,0.001869,51,2025-01-22 11:47:19.001248,470,1.037,0.0011,"aoml_navis",1028.90829963816
"7901009",59,0,1,0.024297,1,0.001869,1,114.014184018568,1,4.85947358404696,472,1,13.4370002746582,35.6710014343262,0.0242970008403063,0,109.944198608398,-86.9145,25.1769,159.23506143218,63,63,63,63,61,63,0,8278,1.42435338845813,25,-87,0.001869,51,2025-01-22 11:47:19.001248,472,1.037,0.0011,"aoml_navis",1028.91803268864
"7901009",59,0,1,0.022428,1,0,1,113.651229074699,1,4.85940324118101,474,1,13.3690004348755,35.6599998474121,0.0224280003458261,0,109.594200134277,-86.9145,25.1769,159.23506143218,63,63,63,63,61,63,0,8278,1.42435338845813,25,-87,0.001869,51,2025-01-22 11:47:19.001248,474,1.037,0.0011,"aoml_navis",1028.93292691323
"7901009",59,0,1,0.024297,1,0.001869,1,113.117576519625,1,4.8593435246294,476,1,13.3149995803833,35.6500015258789,0.0242970008403063,0,109.079597473145,-86.9145,25.1769,159.23506143218,63,63,63,63,61,63,0,8278,1.42435338845813,25,-87,0.001869,51,2025-01-22 11:47:19.001248,476,1.037,0.0011,"aoml_navis",1028.9455714867
"7901009",59,0,1,0.022428,1,0,1,112.96472007242,1,4.85921816134159,478,1,13.1590003967285,35.6300010681152,0.0224280003458261,0,108.932197570801,-86.9145,25.1769,159.23506143218,63,63,63,63,61,63,0,8278,1.42435338845813,25,-87,0.001869,51,2025-01-22 11:47:19.001248,478,1.037,0.0011,"aoml_navis",1028.97211732093
"7901009",59,0,1,0.024297,1,0.001869,1,113.004128869704,1,4.85911340176281,480,1,13.0299997329712,35.6119995117188,0.0242970008403063,0,108.970199584961,-86.9145,25.1769,159.23506143218,63,63,63,63,61,63,0,8278,1.42435338845813,25,-87,0.001869,51,2025-01-22 11:47:19.001248,480,1.037,0.0011,"aoml_navis",1028.99430134437
"7901009",59,0,1,0.024297,1,0.001869,1,112.861328351298,1,4.85906666573109,482,1,13.0139999389648,35.609001159668,0.0242970008403063,0,108.832496643066,-86.9145,25.1769,159.23506143218,63,63,63,63,61,63,0,8278,1.42435338845813,25,-87,0.001869,51,2025-01-22 11:47:19.001248,482,1.037,0.0011,"aoml_navis",1029.00419853526
"7901009",59,0,1,0.028035,1,0.005607,1,112.577910978016,1,4.85902226812412,484,1,13.003999710083,35.6069984436035,0.0280349999666214,0,108.559196472168,-86.9145,25.1769,159.23506143218,63,63,63,63,61,63,0,8278,1.42435338845813,25,-87,0.001869,51,2025-01-22 11:47:19.001248,484,1.037,0.0011,"aoml_navis",1029.0136006992
"7901009",59,0,1,0.022428,1,0,1,112.314613374157,1,4.8589709239883,486,1,12.9759998321533,35.6020011901855,0.0224280003458261,0,108.305297851562,-86.9145,25.1769,159.23506143218,63,63,63,63,61,63,0,8278,1.42435338845813,25,-87,0.001869,51,2025-01-22 11:47:19.001248,486,1.037,0.0011,"aoml_navis",1029.02447415675
"7901009",59,0,1,0.022428,1,0,1,112.019272881521,1,4.85891665017258,488,1,12.9449996948242,35.5970001220703,0.0224280003458261,0,108.020500183105,-86.9145,25.1769,159.23506143218,63,63,63,63,61,63,0,8278,1.42435338845813,25,-87,0.001869,51,2025-01-22 11:47:19.001248,488,1.037,0.0011,"aoml_navis",1029.03596830014
"7901009",59,0,1,0.01869,1,-0.003738,1,111.864446390042,1,4.85884398321614,490,1,12.8879995346069,35.5900001525879,0.0186899993568659,0,107.871200561523,-86.9145,25.1769,159.23506143218,63,63,63,63,61,63,0,8278,1.42435338845813,25,-87,0.001869,51,2025-01-22 11:47:19.001248,490,1.037,0.0011,"aoml_navis",1029.05135815668
"7901009",59,0,1,0.026166,1,0.003738,1,111.743324270463,1,4.85879080406317,492,1,12.8579998016357,35.5849990844727,0.0261659994721413,0,107.754402160645,-86.9145,25.1769,159.23506143218,63,63,63,63,61,63,0,8278,1.42435338845813,25,-87,0.001869,51,2025-01-22 11:47:19.001248,492,1.037,0.0011,"aoml_navis",1029.06262105764
"7901009",59,0,1,0.024297,1,0.001869,1,111.423813154317,1,4.85873696009747,494,1,12.831000328064,35.5810012817383,0.0242970008403063,0,107.446296691895,-86.9145,25.1769,159.23506143218,63,63,63,63,61,63,0,8278,1.42435338845813,25,-87,0.001869,51,2025-01-22 11:47:19.001248,494,1.037,0.0011,"aoml_navis",1029.07402501157
"7901009",59,0,1,0.026166,1,0.003738,1,110.947101999375,1,4.85868286085501,496,1,12.8000001907349,35.576000213623,0.0261659994721413,0,106.986602783203,-86.9145,25.1769,159.23506143218,63,63,63,63,61,63,0,8278,1.42435338845813,25,-87,0.001869,51,2025-01-22 11:47:19.001248,496,1.037,0.0011,"aoml_navis",1029.08548328674
"7901009",59,0,1,0.022428,1,0,1,110.813320960773,1,4.85860645653107,498,1,12.7239999771118,35.564998626709,0.0224280003458261,0,106.857597351074,-86.9145,25.1769,159.23506143218,63,63,63,63,61,63,0,8278,1.42435338845813,25,-87,0.001869,51,2025-01-22 11:47:19.001248,498,1.037,0.0011,"aoml_navis",1029.10166623577
"7901009",59,0,1,0.022428,1,0,1,110.723830315103,1,4.85853517646268,500,1,12.6529998779297,35.5540008544922,0.0224280003458261,0,106.771301269531,-86.9145,25.1769,159.23506143218,63,63,63,63,61,63,0,8278,1.42435338845813,25,-87,0.001869,51,2025-01-22 11:47:19.001248,500,1.037,0.0011,"aoml_navis",1029.11676429197
"7901009",59,0,1,0.026166,1,0.003738,1,110.551059805909,1,4.85847712506597,502,1,12.6140003204346,35.5480003356934,0.0261659994721413,0,106.604698181152,-86.9145,25.1769,159.23506143218,63,63,63,63,61,63,0,8278,1.42435338845813,25,-87,0.001869,51,2025-01-22 11:47:19.001248,502,1.037,0.0011,"aoml_navis",1029.1290606688
"7901009",59,0,1,0.022428,1,0,1,110.253440707848,1,4.85842329291474,504,1,12.5830001831055,35.5429992675781,0.0224280003458261,0,106.31770324707,-86.9145,25.1769,159.23506143218,63,63,63,63,61,63,0,8278,1.42435338845813,25,-87,0.001869,51,2025-01-22 11:47:19.001248,504,1.037,0.0011,"aoml_navis",1029.14046359273
"7901009",59,0,1,0.024297,1,0.001869,1,109.988378767151,1,4.85836729679902,506,1,12.5459995269775,35.5369987487793,0.0242970008403063,0,106.062103271484,-86.9145,25.1769,159.23506143218,63,63,63,63,61,63,0,8278,1.42435338845813,25,-87,0.001869,51,2025-01-22 11:47:19.001248,506,1.037,0.0011,"aoml_navis",1029.1523251637
"7901009",59,0,1,0.026166,1,0.003738,1,109.660678912761,1,4.85831208371317,508,1,12.5059995651245,35.5299987792969,0.0261659994721413,0,105.746101379395,-86.9145,25.1769,159.23506143218,63,63,63,63,61,63,0,8278,1.42435338845813,25,-87,0.001869,51,2025-01-22 11:47:19.001248,508,1.037,0.0011,"aoml_navis",1029.16402113438
"7901009",59,0,1,0.028035,1,0.005607,1,109.365646981276,1,4.85822519677346,510,1,12.4219999313354,35.5200004577637,0.0280349999666214,0,105.461601257324,-86.9145,25.1769,159.23506143218,63,63,63,63,61,63,0,8278,1.42435338845813,25,-87,0.001869,51,2025-01-22 11:47:19.001248,510,1.037,0.0011,"aoml_navis",1029.18242722068
"7901009",59,0,1,0.024297,1,0.001869,1,108.776097386891,1,4.85817018667146,512,1,12.3819999694824,35.5130004882812,0.0242970008403063,0,104.893096923828,-86.9145,25.1769,159.23506143218,63,63,63,63,61,63,0,8278,1.42435338845813,25,-87,0.001869,51,2025-01-22 11:47:19.001248,512,1.037,0.0011,"aoml_navis",1029.19408087383
"7901009",59,0,1,0.024297,1,0.001869,1,108.185416401618,1,4.85811760542272,514,1,12.3520002365112,35.507999420166,0.0242970008403063,0,104.323501586914,-86.9145,25.1769,159.23506143218,63,63,63,63,61,63,0,8278,1.42435338845813,25,-87,0.001869,51,2025-01-22 11:47:19.001248,514,1.037,0.0011,"aoml_navis",1029.20522023158
"7901009",59,0,1,0.026166,1,0.003738,1,108.170581730888,1,4.85802373992977,516,1,12.2449998855591,35.4939994812012,0.0261659994721413,0,104.309196472168,-86.9145,25.1769,159.23506143218,63,63,63,63,61,63,0,8278,1.42435338845813,25,-87,0.001869,51,2025-01-22 11:47:19.001248,516,1.037,0.0011,"aoml_navis",1029.22510627177
"7901009",59,0,1,0.028035,1,0.005607,1,108.354761090851,1,4.85795694464576,518,1,12.1809997558594,35.484001159668,0.0280349999666214,0,104.486801147461,-86.9145,25.1769,159.23506143218,63,63,63,63,61,63,0,8278,1.42435338845813,25,-87,0.001869,51,2025-01-22 11:47:19.001248,518,1.037,0.0011,"aoml_navis",1029.23925777292
"7901009",59,0,1,0.026166,1,0.003738,1,108.600328296253,1,4.85786036822734,520,1,12.0550003051758,35.4659996032715,0.0261659994721413,0,104.723602294922,-86.9145,25.1769,159.23506143218,63,63,63,63,61,63,0,8278,1.42435338845813,25,-87,0.001869,51,2025-01-22 11:47:19.001248,520,1.037,0.0011,"aoml_navis",1029.2597195058
"7901009",59,0,1,0.022428,1,0,1,108.30436276949,1,4.85781626584581,522,1,12.0450000762939,35.4640007019043,0.0224280003458261,0,104.438201904297,-86.9145,25.1769,159.23506143218,63,63,63,63,61,63,0,8278,1.42435338845813,25,-87,0.001869,51,2025-01-22 11:47:19.001248,522,1.037,0.0011,"aoml_navis",1029.26906378775
"7901009",59,0,1,0.024297,1,0.001869,1,108.073519469277,1,4.85777439557062,524,1,12.0450000762939,35.4640007019043,0.0242970008403063,0,104.215599060059,-86.9145,25.1769,159.23506143218,63,63,63,63,61,63,0,8278,1.42435338845813,25,-87,0.001869,51,2025-01-22 11:47:19.001248,524,1.037,0.0011,"aoml_navis",1029.27793529462
"7901009",59,0,1,0.020559,1,-0.001869,1,107.932277580275,1,4.85773125066222,526,1,12.03600025177,35.4620018005371,0.020558999851346,0,104.079399108887,-86.9145,25.1769,159.23506143218,63,63,63,63,61,63,0,8278,1.42435338845813,25,-87,0.001869,51,2025-01-22 11:47:19.001248,526,1.037,0.0011,"aoml_navis",1029.28707703177
"7901009",59,0,1,0.024297,1,0.001869,1,108.011403735995,1,4.85768082724083,528,1,12.003999710083,35.4560012817383,0.0242970008403063,0,104.155700683594,-86.9145,25.1769,159.23506143218,63,63,63,63,61,63,0,8278,1.42435338845813,25,-87,0.001869,51,2025-01-22 11:47:19.001248,528,1.037,0.0011,"aoml_navis",1029.29776117877
"7901009",59,0,1,0.020559,1,-0.001869,1,108.31058146346,1,4.85758934879976,530,1,11.8940000534058,35.4410018920898,0.020558999851346,0,104.444198608398,-86.9145,25.1769,159.23506143218,63,63,63,63,61,63,0,8278,1.42435338845813,25,-87,0.001869,51,2025-01-22 11:47:19.001248,530,1.037,0.0011,"aoml_navis",1029.31714498168
"7901009",59,0,1,0.026166,1,0.003738,1,108.334435613995,1,4.85751194574131,532,1,11.8100004196167,35.4290008544922,0.0261659994721413,0,104.46720123291,-86.9145,25.1769,159.23506143218,63,63,63,63,61,63,0,8278,1.42435338845813,25,-87,0.001869,51,2025-01-22 11:47:19.001248,532,1.037,0.0011,"aoml_navis",1029.33354685491
"7901009",59,0,1,0.026166,1,0.003738,1,108.293262479871,1,4.857466758774,534,1,11.7910003662109,35.4249992370605,0.0261659994721413,0,104.42749786377,-86.9145,25.1769,159.23506143218,63,63,63,63,61,63,0,8278,1.42435338845813,25,-87,0.001869,51,2025-01-22 11:47:19.001248,534,1.037,0.0011,"aoml_navis",1029.34312231135
"7901009",59,0,1,0.024297,1,0.001869,1,108.11624332098,1,4.85741864819045,536,1,11.7650003433228,35.4199981689453,0.0242970008403063,0,104.256797790527,-86.9145,25.1769,159.23506143218,63,63,63,63,61,63,0,8278,1.42435338845813,25,-87,0.001869,51,2025-01-22 11:47:19.001248,536,1.037,0.0011,"aoml_navis",1029.35331749975
"7901009",59,0,1,0.024297,1,0.001869,1,108.077776030799,1,4.85735822924951,538,1,11.7220001220703,35.4140014648438,0.0242970008403063,0,104.219703674316,-86.9145,25.1769,159.23506143218,63,63,63,63,61,63,0,8278,1.42435338845813,25,-87,0.001869,51,2025-01-22 11:47:19.001248,538,1.037,0.0011,"aoml_navis",1029.36612125734
"7901009",59,0,1,0.026166,1,0.003738,1,108.228654521907,1,4.85728704510526,540,1,11.6440000534058,35.4020004272461,0.0261659994721413,0,104.365196228027,-86.9145,25.1769,159.23506143218,63,63,63,63,61,63,0,8278,1.42435338845813,25,-87,0.001869,51,2025-01-22 11:47:19.001248,540,1.037,0.0011,"aoml_navis",1029.38120674555
"7901009",59,0,1,0.026166,1,0.003738,1,108.526906565918,1,4.85721232062223,542,1,11.5579996109009,35.3889999389648,0.0261659994721413,0,104.652801513672,-86.9145,25.1769,159.23506143218,63,63,63,63,61,63,0,8278,1.42435338845813,25,-87,0.001869,51,2025-01-22 11:47:19.001248,542,1.037,0.0011,"aoml_navis",1029.39704298524
"7901009",59,0,1,0.026166,1,0.003738,1,108.669287757632,1,4.85715972839951,544,1,11.5229997634888,35.382999420166,0.0261659994721413,0,104.790100097656,-86.9145,25.1769,159.23506143218,63,63,63,63,61,63,0,8278,1.42435338845813,25,-87,0.001869,51,2025-01-22 11:47:19.001248,544,1.037,0.0011,"aoml_navis",1029.4081890627
"7901009",59,0,1,0.028035,1,0.005607,1,109.115831126177,1,4.85708276776913,546,1,11.4420003890991,35.3720016479492,0.0280349999666214,0,105.220703125,-86.9145,25.1769,159.23506143218,63,63,63,63,61,63,0,8278,1.42435338845813,25,-87,0.001869,51,2025-01-22 11:47:19.001248,546,1.037,0.0011,"aoml_navis",1029.42450006808
"7901009",59,0,1,0.024297,1,0.001869,1,109.434915003806,1,4.85702849070734,548,1,11.4049997329712,35.3660011291504,0.0242970008403063,0,105.528396606445,-86.9145,25.1769,159.23506143218,63,63,63,63,61,63,0,8278,1.42435338845813,25,-87,0.001869,51,2025-01-22 11:47:19.001248,548,1.037,0.0011,"aoml_navis",1029.43600383778
"7901009",59,0,1,0.028035,1,0.005607,1,109.660473205327,1,4.85697792270983,550,1,11.3680000305176,35.359001159668,0.0280349999666214,0,105.745903015137,-86.9145,25.1769,159.23506143218,63,63,63,63,61,63,0,8278,1.42435338845813,25,-87,0.001869,51,2025-01-22 11:47:19.001248,550,1.037,0.0011,"aoml_navis",1029.44672171999
"7901009",59,0,1,0.028035,1,0.005607,1,109.672087763531,1,4.85692099061604,552,1,11.3280000686646,35.3530006408691,0.0280349999666214,0,105.757102966309,-86.9145,25.1769,159.23506143218,63,63,63,63,61,63,0,8278,1.42435338845813,25,-87,0.001869,51,2025-01-22 11:47:19.001248,552,1.037,0.0011,"aoml_navis",1029.45878873887
"7901009",59,0,1,0.020559,1,-0.001869,1,109.537586748909,1,4.85686878317798,554,1,11.3009996414185,35.3489990234375,0.020558999851346,0,105.627403259277,-86.9145,25.1769,159.23506143218,63,63,63,63,61,63,0,8278,1.42435338845813,25,-87,0.001869,51,2025-01-22 11:47:19.001248,554,1.037,0.0011,"aoml_navis",1029.46985459392
"7901009",59,0,1,0.024297,1,0.001869,1,109.051120314495,1,4.85682121656385,556,1,11.2829999923706,35.3460006713867,0.0242970008403063,0,105.158302307129,-86.9145,25.1769,159.23506143218,63,63,63,63,61,63,0,8278,1.42435338845813,25,-87,0.001869,51,2025-01-22 11:47:19.001248,556,1.037,0.0011,"aoml_navis",1029.47993699003
"7901009",59,0,1,0.024297,1,0.001869,1,108.028825573301,1,4.85677360580873,558,1,11.2530002593994,35.3400001525879,0.0242970008403063,0,104.172500610352,-86.9145,25.1769,159.23506143218,63,63,63,63,61,63,0,8278,1.42435338845813,25,-87,0.001869,51,2025-01-22 11:47:19.001248,558,1.037,0.0011,"aoml_navis",1029.49002894019
"7901009",59,0,1,0.022428,1,0,1,107.719900478187,1,4.85667926929099,560,1,11.1599998474121,35.3310012817383,0.0224280003458261,0,103.874603271484,-86.9145,25.1769,159.23506143218,63,63,63,63,61,63,0,8278,1.42435338845813,25,-87,0.001869,51,2025-01-22 11:47:19.001248,560,1.037,0.0011,"aoml_navis",1029.51002583499
"7901009",59,0,1,0.028035,1,0.005607,1,107.826187927036,1,4.85662815432628,562,1,11.1300001144409,35.326000213623,0.0280349999666214,0,103.977096557617,-86.9145,25.1769,159.23506143218,63,63,63,63,61,63,0,8278,1.42435338845813,25,-87,0.001869,51,2025-01-22 11:47:19.001248,562,1.037,0.0011,"aoml_navis",1029.52086120614
"7901009",59,0,1,0.024297,1,0.001869,1,108.218701446825,1,4.85657525569094,564,1,11.0939998626709,35.3199996948242,0.0242970008403063,0,104.355598449707,-86.9145,25.1769,159.23506143218,63,63,63,63,61,63,0,8278,1.42435338845813,25,-87,0.001869,51,2025-01-22 11:47:19.001248,564,1.037,0.0011,"aoml_navis",1029.53207492069
"7901009",59,0,1,0.026166,1,0.003738,1,108.635480532016,1,4.85651062617536,566,1,11.0329999923706,35.3110008239746,0.0261659994721413,0,104.757499694824,-86.9145,25.1769,159.23506143218,63,63,63,63,61,63,0,8278,1.42435338845813,25,-87,0.001869,51,2025-01-22 11:47:19.001248,566,1.037,0.0011,"aoml_navis",1029.54577573686
"7901009",59,0,1,0.029904,1,0.007476,1,109.148704756515,1,4.85645426538488,568,1,10.9890003204346,35.3040008544922,0.0299040004611015,0,105.252403259277,-86.9145,25.1769,159.23506143218,63,63,63,63,61,63,0,8278,1.42435338845813,25,-87,0.001869,51,2025-01-22 11:47:19.001248,568,1.037,0.0011,"aoml_navis",1029.55772396299
"7901009",59,0,1,0.026166,1,0.003738,1,109.773398674839,1,4.85640850726309,570.099975585938,1,10.9670000076294,35.298999786377,0.0261659994721413,0,105.854797363281,-86.9145,25.1769,159.23506143218,63,63,63,63,61,63,0,8278,1.42435338845813,25,-87,0.001869,51,2025-01-22 11:47:19.001248,570.099975585938,1.037,0.0011,"aoml_navis",1029.56742467652
"7901009",59,0,1,0.024297,1,0.001869,1,110.674468442737,1,4.85634730188774,572,1,10.8990001678467,35.2879981994629,0.0242970008403063,0,106.723701477051,-86.9145,25.1769,159.23506143218,63,63,63,63,61,63,0,8278,1.42435338845813,25,-87,0.001869,51,2025-01-22 11:47:19.001248,572,1.037,0.0011,"aoml_navis",1029.5804004908
"7901009",59,0,1,0.031773,1,0.009345,1,111.376112765072,1,4.85628232944278,574,1,10.8330001831055,35.2779998779297,0.0317730009555817,0,107.400299072266,-86.9145,25.1769,159.23506143218,63,63,63,63,61,63,0,8278,1.42435338845813,25,-87,0.001869,51,2025-01-22 11:47:19.001248,574,1.037,0.0011,"aoml_navis",1029.59417529864
"7901009",59,0,1,0.028035,1,0.005607,1,111.823486875178,1,4.85622274146672,576,1,10.7849998474121,35.2709999084473,0.0280349999666214,0,107.831703186035,-86.9145,25.1769,159.23506143218,63,63,63,63,61,63,0,8278,1.42435338845813,25,-87,0.001869,51,2025-01-22 11:47:19.001248,576,1.037,0.0011,"aoml_navis",1029.60680886928
"7901009",59,0,1,0.022428,1,0,1,112.260377817967,1,4.85617753145356,578,1,10.7569999694824,35.2649993896484,0.0224280003458261,0,108.252998352051,-86.9145,25.1769,159.23506143218,63,63,63,63,61,63,0,8278,1.42435338845813,25,-87,0.001869,51,2025-01-22 11:47:19.001248,578,1.037,0.0011,"aoml_navis",1029.61639429673
"7901009",59,0,1,0.026166,1,0.003738,1,112.601970835985,1,4.85611653626915,580,1,10.6949996948242,35.2550010681152,0.0261659994721413,0,108.582397460938,-86.9145,25.1769,159.23506143218,63,63,63,63,61,63,0,8278,1.42435338845813,25,-87,0.001869,51,2025-01-22 11:47:19.001248,580,1.037,0.0011,"aoml_navis",1029.62932677917
"7901009",59,0,1,0.028035,1,0.005607,1,112.648120507649,1,4.85607126315614,582,1,10.6750001907349,35.2509994506836,0.0280349999666214,0,108.626899719238,-86.9145,25.1769,159.23506143218,63,63,63,63,61,63,0,8278,1.42435338845813,25,-87,0.001869,51,2025-01-22 11:47:19.001248,582,1.037,0.0011,"aoml_navis",1029.63892600504
"7901009",59,0,1,0.026166,1,0.003738,1,112.654964235746,1,4.85602411886836,584,1,10.6569995880127,35.2480010986328,0.0261659994721413,0,108.633499145508,-86.9145,25.1769,159.23506143218,63,63,63,63,61,63,0,8278,1.42435338845813,25,-87,0.001869,51,2025-01-22 11:47:19.001248,584,1.037,0.0011,"aoml_navis",1029.64892216499
"7901009",59,0,1,0.026166,1,0.003738,1,112.645319721815,1,4.85597360979945,586,1,10.6269998550415,35.2430000305176,0.0261659994721413,0,108.624198913574,-86.9145,25.1769,159.23506143218,63,63,63,63,61,63,0,8278,1.42435338845813,25,-87,0.001869,51,2025-01-22 11:47:19.001248,586,1.037,0.0011,"aoml_navis",1029.65963198604
"7901009",59,0,1,0.031773,1,0.009345,1,112.573148059734,1,4.8559266987659,588,1,10.6009998321533,35.2379989624023,0.0317730009555817,0,108.55460357666,-86.9145,25.1769,159.23506143218,63,63,63,63,61,63,0,8278,1.42435338845813,25,-87,0.001869,51,2025-01-22 11:47:19.001248,588,1.037,0.0011,"aoml_navis",1029.6695790879
"7901009",59,0,1,0.028035,1,0.005607,1,112.44113135797,1,4.85587268406888,590,1,10.5670003890991,35.2330017089844,0.0280349999666214,0,108.427299499512,-86.9145,25.1769,159.23506143218,63,63,63,63,61,63,0,8278,1.42435338845813,25,-87,0.001869,51,2025-01-22 11:47:19.001248,590,1.037,0.0011,"aoml_navis",1029.6810327017
"7901009",59,0,1,0.031773,1,0.009345,1,112.346656262935,1,4.85580474755783,592,1,10.5089998245239,35.226001739502,0.0317730009555817,0,108.336196899414,-86.9145,25.1769,159.23506143218,63,63,63,63,61,63,0,8278,1.42435338845813,25,-87,0.001869,51,2025-01-22 11:47:19.001248,592,1.037,0.0011,"aoml_navis",1029.6954387457
"7901009",59,0,1,0.026166,1,0.003738,1,112.326852966488,1,4.85573518687089,594,1,10.4490003585815,35.2190017700195,0.0261659994721413,0,108.317100524902,-86.9145,25.1769,159.23506143218,63,63,63,63,61,63,0,8278,1.42435338845813,25,-87,0.001869,51,2025-01-22 11:47:19.001248,594,1.037,0.0011,"aoml_navis",1029.71018961643
"7901009",59,0,1,0.028035,1,0.005607,1,112.358065113705,1,4.85567459679013,596,1,10.3990001678467,35.2120018005371,0.0280349999666214,0,108.347198486328,-86.9145,25.1769,159.23506143218,63,63,63,63,61,63,0,8278,1.42435338845813,25,-87,0.001869,51,2025-01-22 11:47:19.001248,596,1.037,0.0011,"aoml_navis",1029.72303854655
"7901009",59,0,1,0.028035,1,0.005607,1,112.390005148765,1,4.85562175743292,598,1,10.3660001754761,35.2070007324219,0.0280349999666214,0,108.377998352051,-86.9145,25.1769,159.23506143218,63,63,63,63,61,63,0,8278,1.42435338845813,25,-87,0.001869,51,2025-01-22 11:47:19.001248,598,1.037,0.0011,"aoml_navis",1029.73424409471
"7901009",59,0,1,0.028035,1,0.005607,1,112.400480404257,1,4.85557247843167,600,1,10.3369998931885,35.2019996643066,0.0280349999666214,0,108.38809967041,-86.9145,25.1769,159.23506143218,63,63,63,63,61,63,0,8278,1.42435338845813,25,-87,0.001869,51,2025-01-22 11:47:19.001248,600,1.037,0.0011,"aoml_navis",1029.74469482432
"7901009",59,0,1,0.024297,1,0.001869,1,112.464154766944,1,4.85550247462893,602,1,10.2760000228882,35.1949996948242,0.0242970008403063,0,108.449501037598,-86.9145,25.1769,159.23506143218,63,63,63,63,61,63,0,8278,1.42435338845813,25,-87,0.001869,51,2025-01-22 11:47:19.001248,602,1.037,0.0011,"aoml_navis",1029.75954108274
"7901009",59,0,1,0.026166,1,0.003738,1,112.33006516719,1,4.85545209717695,604,1,10.253999710083,35.1920013427734,0.0261659994721413,0,108.320198059082,-86.9145,25.1769,159.23506143218,63,63,63,63,61,63,0,8278,1.42435338845813,25,-87,0.001869,51,2025-01-22 11:47:19.001248,604,1.037,0.0011,"aoml_navis",1029.77022529109
"7901009",59,0,1,0.026166,1,0.003738,1,112.093936768285,1,4.85540350237512,606,1,10.2340002059937,35.1889991760254,0.0261659994721413,0,108.092498779297,-86.9145,25.1769,159.23506143218,63,63,63,63,61,63,0,8278,1.42435338845813,25,-87,0.001869,51,2025-01-22 11:47:19.001248,606,1.037,0.0011,"aoml_navis",1029.78053163947
"7901009",59,0,1,0.028035,1,0.005607,1,111.770177002441,1,4.85534933667844,608,1,10.2159996032715,35.1879997253418,0.0280349999666214,0,107.780296325684,-86.9145,25.1769,159.23506143218,63,63,63,63,61,63,0,8278,1.42435338845813,25,-87,0.001869,51,2025-01-22 11:47:19.001248,608,1.037,0.0011,"aoml_navis",1029.79201974796
"7901009",59,0,1,0.031773,1,0.009345,1,111.523264786893,1,4.85529884311662,610,1,10.1979999542236,35.1860008239746,0.0317730009555817,0,107.542198181152,-86.9145,25.1769,159.23506143218,63,63,63,63,61,63,0,8278,1.42435338845813,25,-87,0.001869,51,2025-01-22 11:47:19.001248,610,1.037,0.0011,"aoml_navis",1029.80272925703
"7901009",59,0,1,0.028035,1,0.005607,1,111.270442438526,1,4.85525676253334,612,1,10.1979999542236,35.1860008239746,0.0280349999666214,0,107.298400878906,-86.9145,25.1769,159.23506143218,63,63,63,63,61,63,0,8278,1.42435338845813,25,-87,0.001869,51,2025-01-22 11:47:19.001248,612,1.037,0.0011,"aoml_navis",1029.81165457275
"7901009",59,0,1,0.029904,1,0.007476,1,111.192661292953,1,4.85519686183929,614,1,10.164999961853,35.1829986572266,0.0299040004611015,0,107.22339630127,-86.9145,25.1769,159.23506143218,63,63,63,63,61,63,0,8278,1.42435338845813,25,-87,0.001869,51,2025-01-22 11:47:19.001248,614,1.037,0.0011,"aoml_navis",1029.824359811
"7901009",59,0,1,0.024297,1,0.001869,1,111.06127753714,1,4.85514311411786,616,1,10.1180000305176,35.1749992370605,0.0242970008403063,0,107.096702575684,-86.9145,25.1769,159.23506143218,63,63,63,63,61,63,0,8278,1.42435338845813,25,-87,0.001869,51,2025-01-22 11:47:19.001248,616,1.037,0.0011,"aoml_navis",1029.83576023968
"7901009",59,0,1,0.028035,1,0.005607,1,111.057543156028,1,4.85507172334271,618,1,10.0590000152588,35.1689987182617,0.0280349999666214,0,107.093101501465,-86.9145,25.1769,159.23506143218,63,63,63,63,61,63,0,8278,1.42435338845813,25,-87,0.001869,51,2025-01-22 11:47:19.001248,618,1.037,0.0011,"aoml_navis",1029.85090332662
"7901009",59,0,1,0.028035,1,0.005607,1,111.017825797593,1,4.85502258738865,620,1,10.0340003967285,35.1650009155273,0.0280349999666214,0,107.054801940918,-86.9145,25.1769,159.23506143218,63,63,63,63,61,63,0,8278,1.42435338845813,25,-87,0.001869,51,2025-01-22 11:47:19.001248,620,1.037,0.0011,"aoml_navis",1029.86132608073
"7901009",59,0,1,0.024297,1,0.001869,1,111.090100313391,1,4.85496350612734,622,1,9.98900032043457,35.1590003967285,0.0242970008403063,0,107.124496459961,-86.9145,25.1769,159.23506143218,63,63,63,63,61,63,0,8278,1.42435338845813,25,-87,0.001869,51,2025-01-22 11:47:19.001248,622,1.037,0.0011,"aoml_navis",1029.87385871997
"7901009",59,0,1,0.028035,1,0.005607,1,111.187479047978,1,4.85490148182316,624,1,9.93200016021729,35.1510009765625,0.0280349999666214,0,107.218399047852,-86.9145,25.1769,159.23506143218,63,63,63,63,61,63,0,8278,1.42435338845813,25,-87,0.001869,51,2025-01-22 11:47:19.001248,624,1.037,0.0011,"aoml_navis",1029.8870159817
"7901009",59,0,1,0.029904,1,0.007476,1,111.099539119888,1,4.85483399395265,626,1,9.8769998550415,35.1450004577637,0.0299040004611015,0,107.133598327637,-86.9145,25.1769,159.23506143218,63,63,63,63,61,63,0,8278,1.42435338845813,25,-87,0.001869,51,2025-01-22 11:47:19.001248,626,1.037,0.0011,"aoml_navis",1029.90133261573
"7901009",59,0,1,0.024297,1,0.001869,1,110.88508911981,1,4.85478184599861,628,1,9.8439998626709,35.1399993896484,0.0242970008403063,0,106.926803588867,-86.9145,25.1769,159.23506143218,63,63,63,63,61,63,0,8278,1.42435338845813,25,-87,0.001869,51,2025-01-22 11:47:19.001248,628,1.037,0.0011,"aoml_navis",1029.91239536769
"7901009",59,0,1,0.028035,1,0.005607,1,110.775676500327,1,4.85471432456745,630,1,9.79300022125244,35.1349983215332,0.0280349999666214,0,106.821296691895,-86.9145,25.1769,159.23506143218,63,63,63,63,61,63,0,8278,1.42435338845813,25,-87,0.001869,51,2025-01-22 11:47:19.001248,630,1.037,0.0011,"aoml_navis",1029.92671982723
"7901009",59,0,1,0.024297,1,0.001869,1,110.951872829482,1,4.85464714549986,632,1,9.73799991607666,35.1290016174316,0.0242970008403063,0,106.991203308105,-86.9145,25.1769,159.23506143218,63,63,63,63,61,63,0,8278,1.42435338845813,25,-87,0.001869,51,2025-01-22 11:47:19.001248,632,1.037,0.0011,"aoml_navis",1029.94097205085
"7901009",59,0,1,0.029904,1,0.007476,1,111.162074179863,1,4.85458802916415,634,1,9.6879997253418,35.1220016479492,0.0299040004611015,0,107.193901062012,-86.9145,25.1769,159.23506143218,63,63,63,63,61,63,0,8278,1.42435338845813,25,-87,0.001869,51,2025-01-22 11:47:19.001248,634,1.037,0.0011,"aoml_navis",1029.95351407005
"7901009",59,0,1,0.024297,1,0.001869,1,111.221705600287,1,4.85453077474446,636,1,9.65299987792969,35.1180000305176,0.0242970008403063,0,107.251403808594,-86.9145,25.1769,159.23506143218,63,63,63,63,61,63,0,8278,1.42435338845813,25,-87,0.001869,51,2025-01-22 11:47:19.001248,636,1.037,0.0011,"aoml_navis",1029.96566135956
"7901009",59,0,1,0.026166,1,0.003738,1,111.441345757164,1,4.85447723282902,638,1,9.61800003051758,35.1129989624023,0.0261659994721413,0,107.463203430176,-86.9145,25.1769,159.23506143218,63,63,63,63,61,63,0,8278,1.42435338845813,25,-87,0.001869,51,2025-01-22 11:47:19.001248,638,1.037,0.0011,"aoml_navis",1029.97702125099
"7901009",59,0,1,0.029904,1,0.007476,1,111.45565033566,1,4.85442484959375,640,1,9.56700038909912,35.1040000915527,0.0299040004611015,0,107.476997375488,-86.9145,25.1769,159.23506143218,63,63,63,63,61,63,0,8278,1.42435338845813,25,-87,0.001869,51,2025-01-22 11:47:19.001248,640,1.037,0.0011,"aoml_navis",1029.98813554987
"7901009",59,0,1,0.029904,1,0.007476,1,111.190802014221,1,4.85435512720383,642,1,9.50399971008301,35.0970001220703,0.0299040004611015,0,107.221603393555,-86.9145,25.1769,159.23506143218,63,63,63,63,61,63,0,8278,1.42435338845813,25,-87,0.001869,51,2025-01-22 11:47:19.001248,642,1.037,0.0011,"aoml_navis",1030.00292911822
"7901009",59,0,1,0.026166,1,0.003738,1,110.817577522294,1,4.85428772732603,644,1,9.46100044250488,35.0940017700195,0.0261659994721413,0,106.861701965332,-86.9145,25.1769,159.23506143218,63,63,63,63,61,63,0,8278,1.42435338845813,25,-87,0.001869,51,2025-01-22 11:47:19.001248,644,1.037,0.0011,"aoml_navis",1030.0172303042
"7901009",59,0,1,0.031773,1,0.009345,1,110.580618381828,1,4.8542324111145,646,1,9.44099998474121,35.0929985046387,0.0317730009555817,0,106.633201599121,-86.9145,25.1769,159.23506143218,63,63,63,63,61,63,0,8278,1.42435338845813,25,-87,0.001869,51,2025-01-22 11:47:19.001248,646,1.037,0.0011,"aoml_navis",1030.0289678244
"7901009",59,0,1,0.026166,1,0.003738,1,110.304353297795,1,4.85418465731321,648,1,9.43000030517578,35.0919990539551,0.0261659994721413,0,106.366798400879,-86.9145,25.1769,159.23506143218,63,63,63,63,61,63,0,8278,1.42435338845813,25,-87,0.001869,51,2025-01-22 11:47:19.001248,648,1.037,0.0011,"aoml_navis",1030.03910089558
"7901009",59,0,1,0.028035,1,0.005607,1,110.1468288742,1,4.85412934932465,650,1,9.40999984741211,35.0909996032715,0.0280349999666214,0,106.214897155762,-86.9145,25.1769,159.23506143218,63,63,63,63,61,63,0,8278,1.42435338845813,25,-87,0.001869,51,2025-01-22 11:47:19.001248,650,1.037,0.0011,"aoml_navis",1030.05083716932
"7901009",59,0,1,0.029904,1,0.007476,1,109.999368291228,1,4.85408275419501,652,1,9.39599990844727,35.0890007019043,0.0299040004611015,0,106.072700500488,-86.9145,25.1769,159.23506143218,63,63,63,63,61,63,0,8278,1.42435338845813,25,-87,0.001869,51,2025-01-22 11:47:19.001248,652,1.037,0.0011,"aoml_navis",1030.06072479479
"7901009",59,0,1,0.028035,1,0.005607,1,110.032344775283,1,4.85401199615696,654,1,9.34000015258789,35.0839996337891,0.0280349999666214,0,106.104499816895,-86.9145,25.1769,159.23506143218,63,63,63,63,61,63,0,8278,1.42435338845813,25,-87,0.001869,51,2025-01-22 11:47:19.001248,654,1.037,0.0011,"aoml_navis",1030.0757402245
"7901009",59,0,1,0.031773,1,0.009345,1,110.170374463583,1,4.85394870237593,656,1,9.28400039672852,35.0769996643066,0.0317730009555817,0,106.237602233887,-86.9145,25.1769,159.23506143218,63,63,63,63,61,63,0,8278,1.42435338845813,25,-87,0.001869,51,2025-01-22 11:47:19.001248,656,1.037,0.0011,"aoml_navis",1030.08917204926
"7901009",59,0,1,0.031773,1,0.009345,1,110.627693736946,1,4.85388304984641,658,1,9.22500038146973,35.0699996948242,0.0317730009555817,0,106.678596496582,-86.9145,25.1769,159.23506143218,63,63,63,63,61,63,0,8278,1.42435338845813,25,-87,0.001869,51,2025-01-22 11:47:19.001248,658,1.037,0.0011,"aoml_navis",1030.10310480353
"7901009",59,0,1,0.028035,1,0.005607,1,111.278734030486,1,4.8538183771444,660,1,9.16699981689453,35.0629997253418,0.0280349999666214,0,107.306396484375,-86.9145,25.1769,159.23506143218,63,63,63,63,61,63,0,8278,1.42435338845813,25,-87,0.001869,51,2025-01-22 11:47:19.001248,660,1.037,0.0011,"aoml_navis",1030.11682998769
"7901009",59,0,1,0.029904,1,0.007476,1,112.074442032989,1,4.853747972198,662,1,9.0930004119873,35.0540008544922,0.0299040004611015,0,108.073699951172,-86.9145,25.1769,159.23506143218,63,63,63,63,61,63,0,8278,1.42435338845813,25,-87,0.001869,51,2025-01-22 11:47:19.001248,662,1.037,0.0011,"aoml_navis",1030.13177211502
"7901009",59,0,1,0.028035,1,0.005607,1,112.790295991929,1,4.85368433696069,664,1,9.01799964904785,35.0429992675781,0.0280349999666214,0,108.763999938965,-86.9145,25.1769,159.23506143218,63,63,63,63,61,63,0,8278,1.42435338845813,25,-87,0.001869,51,2025-01-22 11:47:19.001248,664,1.037,0.0011,"aoml_navis",1030.14527787172
"7901009",59,0,1,0.029904,1,0.007476,1,113.431691771538,1,4.85362425225011,666,1,8.95600032806396,35.0340003967285,0.0299040004611015,0,109.382499694824,-86.9145,25.1769,159.23506143218,63,63,63,63,61,63,0,8278,1.42435338845813,25,-87,0.001869,51,2025-01-22 11:47:19.001248,666,1.037,0.0011,"aoml_navis",1030.15803040007
"7901009",59,0,1,0.029904,1,0.007476,1,113.771623306434,1,4.85357005235122,668,1,8.90100002288818,35.0250015258789,0.0299040004611015,0,109.710296630859,-86.9145,25.1769,159.23506143218,63,63,63,63,61,63,0,8278,1.42435338845813,25,-87,0.001869,51,2025-01-22 11:47:19.001248,668,1.037,0.0011,"aoml_navis",1030.16953419223
"7901009",59,0,1,0.026166,1,0.003738,1,113.962852101929,1,4.85352291157938,670,1,8.88599967956543,35.0229988098145,0.0261659994721413,0,109.89469909668,-86.9145,25.1769,159.23506143218,63,63,63,63,61,63,0,8278,1.42435338845813,25,-87,0.001869,51,2025-01-22 11:47:19.001248,670,1.037,0.0011,"aoml_navis",1030.17953991134
"7901009",59,0,1,0.029904,1,0.007476,1,114.138526250673,1,4.85346926565454,672,1,8.84500026702881,35.0169982910156,0.0299040004611015,0,110.064102172852,-86.9145,25.1769,159.23506143218,63,63,63,63,61,63,0,8278,1.42435338845813,25,-87,0.001869,51,2025-01-22 11:47:19.001248,672,1.037,0.0011,"aoml_navis",1030.19092659809
"7901009",59,0,1,0.026166,1,0.003738,1,114.293969864454,1,4.85340469778838,674,1,8.79500007629395,35.0120010375977,0.0261659994721413,0,110.213996887207,-86.9145,25.1769,159.23506143218,63,63,63,63,61,63,0,8278,1.42435338845813,25,-87,0.001869,51,2025-01-22 11:47:19.001248,674,1.037,0.0011,"aoml_navis",1030.20463186975
"7901009",59,0,1,0.029904,1,0.007476,1,114.35474058759,1,4.85334911816667,676,1,8.76500034332275,35.0089988708496,0.0299040004611015,0,110.272598266602,-86.9145,25.1769,159.23506143218,63,63,63,63,61,63,0,8278,1.42435338845813,25,-87,0.001869,51,2025-01-22 11:47:19.001248,676,1.037,0.0011,"aoml_navis",1030.21642957528
"7901009",59,0,1,0.033642,1,0.011214,1,114.428368025359,1,4.85330327610832,678,1,8.74699974060059,35.0060005187988,0.0336420014500618,0,110.343597412109,-86.9145,25.1769,159.23506143218,63,63,63,63,61,63,0,8278,1.42435338845813,25,-87,0.001869,51,2025-01-22 11:47:19.001248,678,1.037,0.0011,"aoml_navis",1030.22616052325
"7901009",59,0,1,0.029904,1,0.007476,1,114.519108739283,1,4.85324296470636,680,1,8.70199966430664,35.0009994506836,0.0299040004611015,0,110.431098937988,-86.9145,25.1769,159.23506143218,63,63,63,63,61,63,0,8278,1.42435338845813,25,-87,0.001869,51,2025-01-22 11:47:19.001248,680,1.037,0.0011,"aoml_navis",1030.23896317594
"7901009",59,0,1,0.026166,1,0.003738,1,114.625712661107,1,4.85319151652023,682,1,8.67700004577637,34.9980010986328,0.0261659994721413,0,110.533897399902,-86.9145,25.1769,159.23506143218,63,63,63,63,61,63,0,8278,1.42435338845813,25,-87,0.001869,51,2025-01-22 11:47:19.001248,682,1.037,0.0011,"aoml_navis",1030.24988463366
"7901009",59,0,1,0.031773,1,0.009345,1,114.728487259927,1,4.85312525174368,684,1,8.62899971008301,34.9939994812012,0.0317730009555817,0,110.633003234863,-86.9145,25.1769,159.23506143218,63,63,63,63,61,63,0,8278,1.42435338845813,25,-87,0.001869,51,2025-01-22 11:47:19.001248,684,1.037,0.0011,"aoml_navis",1030.26395170896
"7901009",59,0,1,0.028035,1,0.005607,1,114.887150986234,1,4.85305987371137,686,1,8.58199977874756,34.9900016784668,0.0280349999666214,0,110.786003112793,-86.9145,25.1769,159.23506143218,63,63,63,63,61,63,0,8278,1.42435338845813,25,-87,0.001869,51,2025-01-22 11:47:19.001248,686,1.037,0.0011,"aoml_navis",1030.27783091748
"7901009",59,0,1,0.029904,1,0.007476,1,114.963784917271,1,4.85300741921886,688,1,8.55099964141846,34.9860000610352,0.0299040004611015,0,110.859901428223,-86.9145,25.1769,159.23506143218,63,63,63,63,61,63,0,8278,1.42435338845813,25,-87,0.001869,51,2025-01-22 11:47:19.001248,688,1.037,0.0011,"aoml_navis",1030.28896683714
"7901009",59,0,1,0.031773,1,0.009345,1,115.036993028347,1,4.85295838870568,690,1,8.53800010681152,34.9850006103516,0.0317730009555817,0,110.93049621582,-86.9145,25.1769,159.23506143218,63,63,63,63,61,63,0,8278,1.42435338845813,25,-87,0.001869,51,2025-01-22 11:47:19.001248,690,1.037,0.0011,"aoml_navis",1030.29937607471
"7901009",59,0,1,0.031773,1,0.009345,1,115.038243096601,1,4.8529101642552,692,1,8.52600002288818,34.984001159668,0.0317730009555817,0,110.931701660156,-86.9145,25.1769,159.23506143218,63,63,63,63,61,63,0,8278,1.42435338845813,25,-87,0.001869,51,2025-01-22 11:47:19.001248,692,1.037,0.0011,"aoml_navis",1030.30961438936
"7901009",59,0,1,0.029904,1,0.007476,1,115.062714369438,1,4.85286642932403,694,1,8.51500034332275,34.9819984436035,0.0299040004611015,0,110.955299377441,-86.9145,25.1769,159.23506143218,63,63,63,63,61,63,0,8278,1.42435338845813,25,-87,0.001869,51,2025-01-22 11:47:19.001248,694,1.037,0.0011,"aoml_navis",1030.31889973046
"7901009",59,0,1,0.026166,1,0.003738,1,115.138517558914,1,4.85281468894349,696,1,8.49400043487549,34.9799995422363,0.0261659994721413,0,111.028396606445,-86.9145,25.1769,159.23506143218,63,63,63,63,61,63,0,8278,1.42435338845813,25,-87,0.001869,51,2025-01-22 11:47:19.001248,696,1.037,0.0011,"aoml_navis",1030.32988492057
"7901009",59,0,1,0.033642,1,0.011214,1,115.224701061989,1,4.85276216620897,698,1,8.47200012207031,34.9780006408691,0.0336420014500618,0,111.111503601074,-86.9145,25.1769,159.23506143218,63,63,63,63,61,63,0,8278,1.42435338845813,25,-87,0.001869,51,2025-01-22 11:47:19.001248,698,1.037,0.0011,"aoml_navis",1030.34103645472
"7901009",59,0,1,0.031773,1,0.009345,1,115.249275188543,1,4.85271396955183,700,1,8.46000003814697,34.9770011901855,0.0317730009555817,0,111.135200500488,-86.9145,25.1769,159.23506143218,63,63,63,63,61,63,0,8278,1.42435338845813,25,-87,0.001869,51,2025-01-22 11:47:19.001248,700,1.037,0.0011,"aoml_navis",1030.35126969616
"7901009",59,0,1,0.028035,1,0.005607,1,115.281729492188,1,4.85267073930133,702,1,8.44499969482422,34.9739990234375,0.0280349999666214,0,111.166496276855,-86.9145,25.1769,159.23506143218,63,63,63,63,61,63,0,8278,1.42435338845813,25,-87,0.001869,51,2025-01-22 11:47:19.001248,702,1.037,0.0011,"aoml_navis",1030.36044862996
"7901009",59,0,1,0.029904,1,0.007476,1,115.399853030324,1,4.852612371465,704,1,8.41100025177002,34.9710006713867,0.0299040004611015,0,111.280403137207,-86.9145,25.1769,159.23506143218,63,63,63,63,61,63,0,8278,1.42435338845813,25,-87,0.001869,51,2025-01-22 11:47:19.001248,704,1.037,0.0011,"aoml_navis",1030.37284193596
"7901009",59,0,1,0.031773,1,0.009345,1,115.605077843164,1,4.85254711163613,706,1,8.35900020599365,34.9659996032715,0.0317730009555817,0,111.478302001953,-86.9145,25.1769,159.23506143218,63,63,63,63,61,63,0,8278,1.42435338845813,25,-87,0.001869,51,2025-01-22 11:47:19.001248,706,1.037,0.0011,"aoml_navis",1030.38669897924
"7901009",59,0,1,0.029904,1,0.007476,1,115.830833840294,1,4.85248648705912,708,1,8.32199954986572,34.9630012512207,0.0299040004611015,0,111.695999145508,-86.9145,25.1769,159.23506143218,63,63,63,63,61,63,0,8278,1.42435338845813,25,-87,0.001869,51,2025-01-22 11:47:19.001248,708,1.037,0.0011,"aoml_navis",1030.39957212334
"7901009",59,0,1,0.028035,1,0.005607,1,116.059184915825,1,4.85242621505377,710,1,8.28999996185303,34.9609985351562,0.0280349999666214,0,111.916198730469,-86.9145,25.1769,159.23506143218,63,63,63,63,61,63,0,8278,1.42435338845813,25,-87,0.001869,51,2025-01-22 11:47:19.001248,710,1.037,0.0011,"aoml_navis",1030.41237072053
"7901009",59,0,1,0.031773,1,0.009345,1,116.26679909963,1,4.85237753559455,712,1,8.26799964904785,34.9580001831055,0.0317730009555817,0,112.116401672363,-86.9145,25.1769,159.23506143218,63,63,63,63,61,63,0,8278,1.42435338845813,25,-87,0.001869,51,2025-01-22 11:47:19.001248,712,1.037,0.0011,"aoml_navis",1030.42270790403
"7901009",59,0,1,0.026166,1,0.003738,1,116.575312779875,1,4.85233179179386,714,1,8.25899982452393,34.9570007324219,0.0261659994721413,0,112.413902282715,-86.9145,25.1769,159.23506143218,63,63,63,63,61,63,0,8278,1.42435338845813,25,-87,0.001869,51,2025-01-22 11:47:19.001248,714,1.037,0.0011,"aoml_navis",1030.43242188341
"7901009",59,0,1,0.029904,1,0.007476,1,116.971869241927,1,4.8522734239976,716,1,8.22000026702881,34.9529991149902,0.0299040004611015,0,112.79630279541,-86.9145,25.1769,159.23506143218,63,63,63,63,61,63,0,8278,1.42435338845813,25,-87,0.001869,51,2025-01-22 11:47:19.001248,716,1.037,0.0011,"aoml_navis",1030.44481691238
"7901009",59,0,1,0.028035,1,0.005607,1,117.337933532781,1,4.85221982229195,718,1,8.1870002746582,34.9490013122559,0.0280349999666214,0,113.149299621582,-86.9145,25.1769,159.23506143218,63,63,63,63,61,63,0,8278,1.42435338845813,25,-87,0.001869,51,2025-01-22 11:47:19.001248,718,1.037,0.0011,"aoml_navis",1030.45620007344
"7901009",59,0,1,0.028035,1,0.005607,1,117.673307856828,1,4.85215554529384,720,1,8.14500045776367,34.9459991455078,0.0280349999666214,0,113.472702026367,-86.9145,25.1769,159.23506143218,63,63,63,63,61,63,0,8278,1.42435338845813,25,-87,0.001869,51,2025-01-22 11:47:19.001248,720,1.037,0.0011,"aoml_navis",1030.46985063155
"7901009",59,0,1,0.024297,1,0.001869,1,117.893050867423,1,4.85210459577382,722,1,8.13399982452393,34.9459991455078,0.0242970008403063,0,113.684600830078,-86.9145,25.1769,159.23506143218,63,63,63,63,61,63,0,8278,1.42435338845813,25,-87,0.001869,51,2025-01-22 11:47:19.001248,722,1.037,0.0011,"aoml_navis",1030.48067107931
"7901009",59,0,1,0.029904,1,0.007476,1,118.155723437155,1,4.85205389924978,724,1,8.12800025939941,34.9469985961914,0.0299040004611015,0,113.937896728516,-86.9145,25.1769,159.23506143218,63,63,63,63,61,63,0,8278,1.42435338845813,25,-87,0.001869,51,2025-01-22 11:47:19.001248,724,1.037,0.0011,"aoml_navis",1030.49143802238
"7901009",59,0,1,0.028035,1,0.005607,1,118.519406268868,1,4.85198438988932,726,1,8.09799957275391,34.9480018615723,0.0280349999666214,0,114.288597106934,-86.9145,25.1769,159.23506143218,63,63,63,63,61,63,0,8278,1.42435338845813,25,-87,0.001869,51,2025-01-22 11:47:19.001248,726,1.037,0.0011,"aoml_navis",1030.50620080706
"7901009",59,0,1,0.028035,1,0.005607,1,119.015002948628,1,4.8519181472281,728,1,8.05799961090088,34.9459991455078,0.0280349999666214,0,114.766502380371,-86.9145,25.1769,159.23506143218,63,63,63,63,61,63,0,8278,1.42435338845813,25,-87,0.001869,51,2025-01-22 11:47:19.001248,728,1.037,0.0011,"aoml_navis",1030.52027018562
"7901009",59,0,1,0.026166,1,0.003738,1,119.213178325936,1,4.85184494532215,730,1,8.00899982452393,34.9440002441406,0.0261659994721413,0,114.95760345459,-86.9145,25.1769,159.23506143218,63,63,63,63,61,63,0,8278,1.42435338845813,25,-87,0.001869,51,2025-01-22 11:47:19.001248,730,1.037,0.0011,"aoml_navis",1030.53581809548
"7901009",59,0,1,0.029904,1,0.007476,1,119.29458308708,1,4.85179694079497,732,1,7.99700021743774,34.943000793457,0.0299040004611015,0,115.036102294922,-86.9145,25.1769,159.23506143218,63,63,63,63,61,63,0,8278,1.42435338845813,25,-87,0.001869,51,2025-01-22 11:47:19.001248,732,1.037,0.0011,"aoml_navis",1030.54601439704
"7901009",59,0,1,0.029904,1,0.007476,1,119.411345791421,1,4.85174816308137,734,1,7.98400020599365,34.9420013427734,0.0299040004611015,0,115.148696899414,-86.9145,25.1769,159.23506143218,63,63,63,63,61,63,0,8278,1.42435338845813,25,-87,0.001869,51,2025-01-22 11:47:19.001248,734,1.037,0.0011,"aoml_navis",1030.55637513231
"7901009",59,0,1,0.024297,1,0.001869,1,119.505718032739,1,4.8516970588425,736,1,7.96799993515015,34.9410018920898,0.0242970008403063,0,115.239700317383,-86.9145,25.1769,159.23506143218,63,63,63,63,61,63,0,8278,1.42435338845813,25,-87,0.001869,51,2025-01-22 11:47:19.001248,736,1.037,0.0011,"aoml_navis",1030.56723026167
"7901009",59,0,1,0.031773,1,0.009345,1,119.616364896826,1,4.85164675485035,738,1,7.95300006866455,34.939998626709,0.0317730009555817,0,115.346397399902,-86.9145,25.1769,159.23506143218,63,63,63,63,61,63,0,8278,1.42435338845813,25,-87,0.001869,51,2025-01-22 11:47:19.001248,738,1.037,0.0011,"aoml_navis",1030.57791563274
"7901009",59,0,1,0.026166,1,0.003738,1,119.656912996822,1,4.85160131396772,740,1,7.94899988174438,34.939998626709,0.0261659994721413,0,115.385498046875,-86.9145,25.1769,159.23506143218,63,63,63,63,61,63,0,8278,1.42435338845813,25,-87,0.001869,51,2025-01-22 11:47:19.001248,740,1.037,0.0011,"aoml_navis",1030.58756819218
"7901009",59,0,1,0.033642,1,0.011214,1,119.766420558198,1,4.85155799385446,742,1,7.94299983978271,34.9389991760254,0.0336420014500618,0,115.491096496582,-86.9145,25.1769,159.23506143218,63,63,63,63,61,63,0,8278,1.42435338845813,25,-87,0.001869,51,2025-01-22 11:47:19.001248,742,1.037,0.0011,"aoml_navis",1030.59677042582
"7901009",59,0,1,0.031773,1,0.009345,1,119.860064911672,1,4.85151255697804,744,1,7.93900012969971,34.9389991760254,0.0317730009555817,0,115.581398010254,-86.9145,25.1769,159.23506143218,63,63,63,63,61,63,0,8278,1.42435338845813,25,-87,0.001869,51,2025-01-22 11:47:19.001248,744,1.037,0.0011,"aoml_navis",1030.60642248743
"7901009",59,0,1,0.033642,1,0.011214,1,120.003490464205,1,4.85146691098284,746,1,7.92999982833862,34.9379997253418,0.0336420014500618,0,115.719703674316,-86.9145,25.1769,159.23506143218,63,63,63,63,61,63,0,8278,1.42435338845813,25,-87,0.001869,51,2025-01-22 11:47:19.001248,746,1.037,0.0011,"aoml_navis",1030.61611915376
"7901009",59,0,1,0.026166,1,0.003738,1,120.264090135947,1,4.85142126845371,748,1,7.9210000038147,34.9370002746582,0.0261659994721413,0,115.971000671387,-86.9145,25.1769,159.23506143218,63,63,63,63,61,63,0,8278,1.42435338845813,25,-87,0.001869,51,2025-01-22 11:47:19.001248,748,1.037,0.0011,"aoml_navis",1030.62581526622
"7901009",59,0,1,0.031773,1,0.009345,1,120.687087915109,1,4.85137619785632,750,1,7.90799999237061,34.935001373291,0.0317730009555817,0,116.378898620605,-86.9145,25.1769,159.23506143218,63,63,63,63,61,63,0,8278,1.42435338845813,25,-87,0.001869,51,2025-01-22 11:47:19.001248,750,1.037,0.0011,"aoml_navis",1030.63539005888
"7901009",59,0,1,0.026166,1,0.003738,1,121.223019075606,1,4.85131932493676,752,1,7.875,34.931999206543,0.0261659994721413,0,116.895698547363,-86.9145,25.1769,159.23506143218,63,63,63,63,61,63,0,8278,1.42435338845813,25,-87,0.001869,51,2025-01-22 11:47:19.001248,752,1.037,0.0011,"aoml_navis",1030.64747238942
"7901009",59,0,1,0.029904,1,0.007476,1,121.685322798335,1,4.85125053638956,754,1,7.81699991226196,34.9269981384277,0.0299040004611015,0,117.341499328613,-86.9145,25.1769,159.23506143218,63,63,63,63,61,63,0,8278,1.42435338845813,25,-87,0.001869,51,2025-01-22 11:47:19.001248,754,1.037,0.0011,"aoml_navis",1030.66208650629
"7901009",59,0,1,0.028035,1,0.005607,1,122.08675294421,1,4.85118051561689,756,1,7.76200008392334,34.9230003356934,0.0280349999666214,0,117.72859954834,-86.9145,25.1769,159.23506143218,63,63,63,63,61,63,0,8278,1.42435338845813,25,-87,0.001869,51,2025-01-22 11:47:19.001248,756,1.037,0.0011,"aoml_navis",1030.67696283493
"7901009",59,0,1,0.033642,1,0.011214,1,122.47697994675,1,4.85110940229931,758,1,7.69099998474121,34.9160003662109,0.0336420014500618,0,118.10489654541,-86.9145,25.1769,159.23506143218,63,63,63,63,61,63,0,8278,1.42435338845813,25,-87,0.001869,51,2025-01-22 11:47:19.001248,758,1.037,0.0011,"aoml_navis",1030.69207172077
"7901009",59,0,1,0.028035,1,0.005607,1,122.622478397273,1,4.85106200511869,760,1,7.67000007629395,34.9129981994629,0.0280349999666214,0,118.24520111084,-86.9145,25.1769,159.23506143218,63,63,63,63,61,63,0,8278,1.42435338845813,25,-87,0.001869,51,2025-01-22 11:47:19.001248,760,1.037,0.0011,"aoml_navis",1030.70214207201
"7901009",59,0,1,0.029904,1,0.007476,1,122.741527618862,1,4.85101949398545,762,1,7.66499996185303,34.9119987487793,0.0299040004611015,0,118.360000610352,-86.9145,25.1769,159.23506143218,63,63,63,63,61,63,0,8278,1.42435338845813,25,-87,0.001869,51,2025-01-22 11:47:19.001248,762,1.037,0.0011,"aoml_navis",1030.71117446534
"7901009",59,0,1,0.031773,1,0.009345,1,122.978281051894,1,4.8509684283531,764,1,7.64400005340576,34.9099998474121,0.0317730009555817,0,118.588302612305,-86.9145,25.1769,159.23506143218,63,63,63,63,61,63,0,8278,1.42435338845813,25,-87,0.001869,51,2025-01-22 11:47:19.001248,764,1.037,0.0011,"aoml_navis",1030.72202465302
"7901009",59,0,1,0.026166,1,0.003738,1,123.467334652884,1,4.85090122798129,766,1,7.59700012207031,34.9070014953613,0.0261659994721413,0,119.059898376465,-86.9145,25.1769,159.23506143218,63,63,63,63,61,63,0,8278,1.42435338845813,25,-87,0.001869,51,2025-01-22 11:47:19.001248,766,1.037,0.0011,"aoml_navis",1030.7363034231
"7901009",59,0,1,0.026166,1,0.003738,1,123.92435327692,1,4.85080961810304,768,1,7.50799989700317,34.9020004272461,0.0261659994721413,0,119.500602722168,-86.9145,25.1769,159.23506143218,63,63,63,63,61,63,0,8278,1.42435338845813,25,-87,0.001869,51,2025-01-22 11:47:19.001248,768,1.037,0.0011,"aoml_navis",1030.75576937511
"7901009",59,0,1,0.029904,1,0.007476,1,124.11557416059,1,4.85075641222298,770,1,7.48400020599365,34.9000015258789,0.0299040004611015,0,119.684997558594,-86.9145,25.1769,159.23506143218,63,63,63,63,61,63,0,8278,1.42435338845813,25,-87,0.001869,51,2025-01-22 11:47:19.001248,770,1.037,0.0011,"aoml_navis",1030.76707529592
"7901009",59,0,1,0.026166,1,0.003738,1,124.291976197179,1,4.85070637029678,772,1,7.4689998626709,34.898998260498,0.0261659994721413,0,119.855102539062,-86.9145,25.1769,159.23506143218,63,63,63,63,61,63,0,8278,1.42435338845813,25,-87,0.001869,51,2025-01-22 11:47:19.001248,772,1.037,0.0011,"aoml_navis",1030.77770912241
"7901009",59,0,1,0.031773,1,0.009345,1,124.523128058543,1,4.85065319945599,774,1,7.44500017166138,34.8969993591309,0.0317730009555817,0,120.078002929688,-86.9145,25.1769,159.23506143218,63,63,63,63,61,63,0,8278,1.42435338845813,25,-87,0.001869,51,2025-01-22 11:47:19.001248,774,1.037,0.0011,"aoml_navis",1030.78900807849
"7901009",59,0,1,0.026166,1,0.003738,1,124.890434505827,1,4.85060391937518,776,1,7.43100023269653,34.8959999084473,0.0261659994721413,0,120.432197570801,-86.9145,25.1769,159.23506143218,63,63,63,63,61,63,0,8278,1.42435338845813,25,-87,0.001869,51,2025-01-22 11:47:19.001248,776,1.037,0.0011,"aoml_navis",1030.79948045811
"7901009",59,0,1,0.029904,1,0.007476,1,125.561903129941,1,4.85055521103042,778,1,7.40799999237061,34.8930015563965,0.0299040004611015,0,121.079696655273,-86.9145,25.1769,159.23506143218,63,63,63,63,61,63,0,8278,1.42435338845813,25,-87,0.001869,51,2025-01-22 11:47:19.001248,778,1.037,0.0011,"aoml_navis",1030.80983154871
"7901009",59,0,1,0.029904,1,0.007476,1,126.556300778338,1,4.85047098906853,780,1,7.32299995422363,34.8870010375977,0.0299040004611015,0,122.038597106934,-86.9145,25.1769,159.23506143218,63,63,63,63,61,63,0,8278,1.42435338845813,25,-87,0.001869,51,2025-01-22 11:47:19.001248,780,1.037,0.0011,"aoml_navis",1030.82773018712
"7901009",59,0,1,0.029904,1,0.007476,1,127.777395930968,1,4.85038182974716,782,1,7.22599983215332,34.8800010681152,0.0299040004611015,0,123.216102600098,-86.9145,25.1769,159.23506143218,63,63,63,63,61,63,0,8278,1.42435338845813,25,-87,0.001869,51,2025-01-22 11:47:19.001248,782,1.037,0.0011,"aoml_navis",1030.846678778
"7901009",59,0,1,0.026166,1,0.003738,1,128.873832378516,1,4.85025838680891,784,1,7.09200000762939,34.875,0.0261659994721413,0,124.273399353027,-86.9145,25.1769,159.23506143218,63,63,63,63,61,63,0,8278,1.42435338845813,25,-87,0.001869,51,2025-01-22 11:47:19.001248,784,1.037,0.0011,"aoml_navis",1030.87291464684
"7901009",59,0,1,0.028035,1,0.005607,1,129.285737779883,1,4.85018495131542,786,1,7.04500007629395,34.8740005493164,0.0280349999666214,0,124.670600891113,-86.9145,25.1769,159.23506143218,63,63,63,63,61,63,0,8278,1.42435338845813,25,-87,0.001869,51,2025-01-22 11:47:19.001248,786,1.037,0.0011,"aoml_navis",1030.88852284776
"7901009",59,0,1,0.029904,1,0.007476,1,129.654705710289,1,4.850124837241,788,1,7.01599979400635,34.8730010986328,0.0299040004611015,0,125.026397705078,-86.9145,25.1769,159.23506143218,63,63,63,63,61,63,0,8278,1.42435338845813,25,-87,0.001869,51,2025-01-22 11:47:19.001248,788,1.037,0.0011,"aoml_navis",1030.90130002597
"7901009",59,0,1,0.028035,1,0.005607,1,130.100624044706,1,4.85006255479562,790,1,6.98400020599365,34.8720016479492,0.0280349999666214,0,125.456398010254,-86.9145,25.1769,159.23506143218,63,63,63,63,61,63,0,8278,1.42435338845813,25,-87,0.001869,51,2025-01-22 11:47:19.001248,790,1.037,0.0011,"aoml_navis",1030.91453842304
"7901009",59,0,1,0.026166,1,0.003738,1,130.562516352567,1,4.85000399020737,792,1,6.95699977874756,34.8709983825684,0.0261659994721413,0,125.901802062988,-86.9145,25.1769,159.23506143218,63,63,63,63,61,63,0,8278,1.42435338845813,25,-87,0.001869,51,2025-01-22 11:47:19.001248,792,1.037,0.0011,"aoml_navis",1030.92698688403
"7901009",59,0,1,0.029904,1,0.007476,1,131.106636251307,1,4.84992716466547,794,1,6.90500020980835,34.8699989318848,0.0299040004611015,0,126.426498413086,-86.9145,25.1769,159.23506143218,63,63,63,63,61,63,0,8278,1.42435338845813,25,-87,0.001869,51,2025-01-22 11:47:19.001248,794,1.037,0.0011,"aoml_navis",1030.94331734049
"7901009",59,0,1,0.029904,1,0.007476,1,131.330319350448,1,4.84987085974815,796,1,6.88100004196167,34.8689994812012,0.0299040004611015,0,126.642196655273,-86.9145,25.1769,159.23506143218,63,63,63,63,61,63,0,8278,1.42435338845813,25,-87,0.001869,51,2025-01-22 11:47:19.001248,796,1.037,0.0011,"aoml_navis",1030.95528614955
"7901009",59,0,1,0.029904,1,0.007476,1,131.642464558087,1,4.84982474666759,798,1,6.87599992752075,34.8689994812012,0.0299040004611015,0,126.943199157715,-86.9145,25.1769,159.23506143218,63,63,63,63,61,63,0,8278,1.42435338845813,25,-87,0.001869,51,2025-01-22 11:47:19.001248,798,1.037,0.0011,"aoml_navis",1030.96508867369
"7901009",59,0,1,0.031773,1,0.009345,1,131.96798866077,1,4.84975750622056,800,1,6.84200000762939,34.8689994812012,0.0317730009555817,0,127.257102966309,-86.9145,25.1769,159.23506143218,63,63,63,63,61,63,0,8278,1.42435338845813,25,-87,0.001869,51,2025-01-22 11:47:19.001248,800,1.037,0.0011,"aoml_navis",1030.97938269836
"7901009",59,0,1,0.031773,1,0.009345,1,132.282309620117,1,4.84969612501087,802,1,6.81599998474121,34.8689994812012,0.0317730009555817,0,127.560203552246,-86.9145,25.1769,159.23506143218,63,63,63,63,61,63,0,8278,1.42435338845813,25,-87,0.001869,51,2025-01-22 11:47:19.001248,802,1.037,0.0011,"aoml_navis",1030.99243150802
"7901009",59,0,1,0.029904,1,0.007476,1,132.7254271687,1,4.84963409599039,804,1,6.78399991989136,34.8680000305176,0.0299040004611015,0,127.987503051758,-86.9145,25.1769,159.23506143218,63,63,63,63,61,63,0,8278,1.42435338845813,25,-87,0.001869,51,2025-01-22 11:47:19.001248,804,1.037,0.0011,"aoml_navis",1031.00561836901
"7901009",59,0,1,0.031773,1,0.009345,1,133.040270308457,1,4.84958292318611,805.900024414062,1,6.76399993896484,34.867000579834,0.0317730009555817,0,128.291107177734,-86.9145,25.1769,159.23506143218,63,63,63,63,61,63,0,8278,1.42435338845813,25,-87,0.001869,51,2025-01-22 11:47:19.001248,805.900024414062,1.037,0.0011,"aoml_navis",1031.01649754141
"7901009",59,0,1,0.028035,1,0.005607,1,133.276707268513,1,4.84952896614661,808,1,6.74599981307983,34.8660011291504,0.0280349999666214,0,128.519104003906,-86.9145,25.1769,159.23506143218,63,63,63,63,61,63,0,8278,1.42435338845813,25,-87,0.001869,51,2025-01-22 11:47:19.001248,808,1.037,0.0011,"aoml_navis",1031.02796888188
"7901009",59,0,1,0.033642,1,0.011214,1,133.391507840405,1,4.84947642140816,810,1,6.72700023651123,34.8650016784668,0.0336420014500618,0,128.629806518555,-86.9145,25.1769,159.23506143218,63,63,63,63,61,63,0,8278,1.42435338845813,25,-87,0.001869,51,2025-01-22 11:47:19.001248,810,1.037,0.0011,"aoml_navis",1031.03914021055
"7901009",59,0,1,0.031773,1,0.009345,1,133.352407604272,1,4.84942751587945,812,1,6.71299982070923,34.8639984130859,0.0317730009555817,0,128.592102050781,-86.9145,25.1769,159.23506143218,63,63,63,63,61,63,0,8278,1.42435338845813,25,-87,0.001869,51,2025-01-22 11:47:19.001248,812,1.037,0.0011,"aoml_navis",1031.04953803877
"7901009",59,0,1,0.031773,1,0.009345,1,133.204519782783,1,4.84936249607083,814,1,6.69199991226196,34.8660011291504,0.0317730009555817,0,128.449493408203,-86.9145,25.1769,159.23506143218,63,63,63,63,61,63,0,8278,1.42435338845813,25,-87,0.001869,51,2025-01-22 11:47:19.001248,814,1.037,0.0011,"aoml_navis",1031.06336225663
"7901009",59,0,1,0.033642,1,0.011214,1,133.595791146143,1,4.84929808044349,816,1,6.68200016021729,34.8699989318848,0.0336420014500618,0,128.826797485352,-86.9145,25.1769,159.23506143218,63,63,63,63,61,63,0,8278,1.42435338845813,25,-87,0.001869,51,2025-01-22 11:47:19.001248,816,1.037,0.0011,"aoml_navis",1031.07705838176
"7901009",59,0,1,0.031773,1,0.009345,1,134.606162767982,1,4.84922245516902,818,1,6.63600015640259,34.8699989318848,0.0317730009555817,0,129.80110168457,-86.9145,25.1769,159.23506143218,63,63,63,63,61,63,0,8278,1.42435338845813,25,-87,0.001869,51,2025-01-22 11:47:19.001248,818,1.037,0.0011,"aoml_navis",1031.09313837938
"7901009",59,0,1,0.024297,1,0.001869,1,135.174753939559,1,4.84915294048339,820,1,6.58300018310547,34.867000579834,0.0242970008403063,0,130.349395751953,-86.9145,25.1769,159.23506143218,63,63,63,63,61,63,0,8278,1.42435338845813,25,-87,0.001869,51,2025-01-22 11:47:19.001248,820,1.037,0.0011,"aoml_navis",1031.10791954142
"7901009",59,0,1,0.026166,1,0.003738,1,135.334145553711,1,4.84910327903417,822,1,6.57299995422363,34.867000579834,0.0261659994721413,0,130.50309753418,-86.9145,25.1769,159.23506143218,63,63,63,63,61,63,0,8278,1.42435338845813,25,-87,0.001869,51,2025-01-22 11:47:19.001248,822,1.037,0.0011,"aoml_navis",1031.11847949666
"7901009",59,0,1,0.028035,1,0.005607,1,135.333939846277,1,4.84904667440826,824,1,6.5789999961853,34.8720016479492,0.0280349999666214,0,130.502899169922,-86.9145,25.1769,159.23506143218,63,63,63,63,61,63,0,8278,1.42435338845813,25,-87,0.001869,51,2025-01-22 11:47:19.001248,824,1.037,0.0011,"aoml_navis",1031.13051610504
"7901009",59,0,1,0.028035,1,0.005607,1,135.321803107663,1,4.84900562258444,826,1,6.58099985122681,34.8720016479492,0.0280349999666214,0,130.491195678711,-86.9145,25.1769,159.23506143218,63,63,63,63,61,63,0,8278,1.42435338845813,25,-87,0.001869,51,2025-01-22 11:47:19.001248,826,1.037,0.0011,"aoml_navis",1031.13924568623
"7901009",59,0,1,0.029904,1,0.007476,1,135.31082149541,1,4.84896161233739,828,1,6.58400011062622,34.8730010986328,0.0299040004611015,0,130.480606079102,-86.9145,25.1769,159.23506143218,63,63,63,63,61,63,0,8278,1.42435338845813,25,-87,0.001869,51,2025-01-22 11:47:19.001248,828,1.037,0.0011,"aoml_navis",1031.14860453387
"7901009",59,0,1,0.026166,1,0.003738,1,135.363593364088,1,4.84891697758815,830,1,6.58099985122681,34.8730010986328,0.0261659994721413,0,130.531494140625,-86.9145,25.1769,159.23506143218,63,63,63,63,61,63,0,8278,1.42435338845813,25,-87,0.001869,51,2025-01-22 11:47:19.001248,830,1.037,0.0011,"aoml_navis",1031.15809635639
"7901009",59,0,1,0.029904,1,0.007476,1,135.463472235182,1,4.84887010112621,832,1,6.57999992370605,34.8740005493164,0.0299040004611015,0,130.627807617188,-86.9145,25.1769,159.23506143218,63,63,63,63,61,63,0,8278,1.42435338845813,25,-87,0.001869,51,2025-01-22 11:47:19.001248,832,1.037,0.0011,"aoml_navis",1031.16806507947
"7901009",59,0,1,0.028035,1,0.005607,1,135.582197071971,1,4.84881415641688,834,1,6.59200000762939,34.8800010681152,0.0280349999666214,0,130.742294311523,-86.9145,25.1769,159.23506143218,63,63,63,63,61,63,0,8278,1.42435338845813,25,-87,0.001869,51,2025-01-22 11:47:19.001248,834,1.037,0.0011,"aoml_navis",1031.17996250342
"7901009",59,0,1,0.029904,1,0.007476,1,135.888226439358,1,4.84876001314154,836,1,6.58599996566772,34.8819999694824,0.0299040004611015,0,131.037399291992,-86.9145,25.1769,159.23506143218,63,63,63,63,61,63,0,8278,1.42435338845813,25,-87,0.001869,51,2025-01-22 11:47:19.001248,836,1.037,0.0011,"aoml_navis",1031.19147708869
"7901009",59,0,1,0.026166,1,0.003738,1,136.234701053023,1,4.84869169147883,838,1,6.55000019073486,34.8819999694824,0.0261659994721413,0,131.371505737305,-86.9145,25.1769,159.23506143218,63,63,63,63,61,63,0,8278,1.42435338845813,25,-87,0.001869,51,2025-01-22 11:47:19.001248,838,1.037,0.0011,"aoml_navis",1031.20600734154
"7901009",59,0,1,0.029904,1,0.007476,1,136.435044270215,1,4.84863364513594,840,1,6.51800012588501,34.8800010681152,0.0299040004611015,0,131.564697265625,-86.9145,25.1769,159.23506143218,63,63,63,63,61,63,0,8278,1.42435338845813,25,-87,0.001869,51,2025-01-22 11:47:19.001248,840,1.037,0.0011,"aoml_navis",1031.21835262103
"7901009",59,0,1,0.029904,1,0.007476,1,136.555968594184,1,4.8485818638492,842,1,6.50500011444092,34.8800010681152,0.0299040004611015,0,131.681304931641,-86.9145,25.1769,159.23506143218,63,63,63,63,61,63,0,8278,1.42435338845813,25,-87,0.001869,51,2025-01-22 11:47:19.001248,842,1.037,0.0011,"aoml_navis",1031.22936569964
"7901009",59,0,1,0.031773,1,0.009345,1,136.591318625557,1,4.84853376836849,844,1,6.49200010299683,34.8790016174316,0.0317730009555817,0,131.715393066406,-86.9145,25.1769,159.23506143218,63,63,63,63,61,63,0,8278,1.42435338845813,25,-87,0.001869,51,2025-01-22 11:47:19.001248,844,1.037,0.0011,"aoml_navis",1031.23959507504
"7901009",59,0,1,0.029904,1,0.007476,1,136.570383938222,1,4.84848426409955,846,1,6.47700023651123,34.8779983520508,0.0299040004611015,0,131.695205688477,-86.9145,25.1769,159.23506143218,63,63,63,63,61,63,0,8278,1.42435338845813,25,-87,0.001869,51,2025-01-22 11:47:19.001248,846,1.037,0.0011,"aoml_navis",1031.25012429603
"7901009",59,0,1,0.029904,1,0.007476,1,136.625956592734,1,4.84844117995582,848,1,6.47100019454956,34.8769989013672,0.0299040004611015,0,131.748794555664,-86.9145,25.1769,159.23506143218,63,63,63,63,61,63,0,8278,1.42435338845813,25,-87,0.001869,51,2025-01-22 11:47:19.001248,848,1.037,0.0011,"aoml_navis",1031.25928817508
"7901009",59,0,1,0.028035,1,0.005607,1,136.679677880339,1,4.84839727472159,850,1,6.4689998626709,34.8769989013672,0.0280349999666214,0,131.800598144531,-86.9145,25.1769,159.23506143218,63,63,63,63,61,63,0,8278,1.42435338845813,25,-87,0.001869,51,2025-01-22 11:47:19.001248,850,1.037,0.0011,"aoml_navis",1031.26862686538
"7901009",59,0,1,0.028035,1,0.005607,1,136.895892217256,1,4.84835715946951,852,1,6.46199989318848,34.875,0.0280349999666214,0,132.009094238281,-86.9145,25.1769,159.23506143218,63,63,63,63,61,63,0,8278,1.42435338845813,25,-87,0.001869,51,2025-01-22 11:47:19.001248,852,1.037,0.0011,"aoml_navis",1031.27715957029
"7901009",59,0,1,0.031773,1,0.009345,1,137.262795161495,1,4.8482992115196,854,1,6.42999982833862,34.8730010986328,0.0317730009555817,0,132.362899780273,-86.9145,25.1769,159.23506143218,63,63,63,63,61,63,0,8278,1.42435338845813,25,-87,0.001869,51,2025-01-22 11:47:19.001248,854,1.037,0.0011,"aoml_navis",1031.28948562415
"7901009",59,0,1,0.031773,1,0.009345,1,137.592259352724,1,4.84822624959533,856,1,6.38199996948242,34.8720016479492,0.0317730009555817,0,132.680603027344,-86.9145,25.1769,159.23506143218,63,63,63,63,61,63,0,8278,1.42435338845813,25,-87,0.001869,51,2025-01-22 11:47:19.001248,856,1.037,0.0011,"aoml_navis",1031.3050057054
"7901009",59,0,1,0.026166,1,0.003738,1,137.80899587005,1,4.84817751421922,858,1,6.36800003051758,34.8709983825684,0.0261659994721413,0,132.889602661133,-86.9145,25.1769,159.23506143218,63,63,63,63,61,63,0,8278,1.42435338845813,25,-87,0.001869,51,2025-01-22 11:47:19.001248,858,1.037,0.0011,"aoml_navis",1031.31537270149
"7901009",59,0,1,0.028035,1,0.005607,1,137.989749410053,1,4.84812296273618,860,1,6.35099983215332,34.8709983825684,0.0280349999666214,0,133.063903808594,-86.9145,25.1769,159.23506143218,63,63,63,63,61,63,0,8278,1.42435338845813,25,-87,0.001869,51,2025-01-22 11:47:19.001248,860,1.037,0.0011,"aoml_navis",1031.32697714789
"7901009",59,0,1,0.029904,1,0.007476,1,138.094691848756,1,4.84807622118941,862,1,6.34499979019165,34.8709983825684,0.0299040004611015,0,133.165100097656,-86.9145,25.1769,159.23506143218,63,63,63,63,61,63,0,8278,1.42435338845813,25,-87,0.001869,51,2025-01-22 11:47:19.001248,862,1.037,0.0011,"aoml_navis",1031.3369204359
"7901009",59,0,1,0.028035,1,0.005607,1,138.260207214984,1,4.848031034562,864,1,6.33599996566772,34.8699989318848,0.0280349999666214,0,133.32470703125,-86.9145,25.1769,159.23506143218,63,63,63,63,61,63,0,8278,1.42435338845813,25,-87,0.001869,51,2025-01-22 11:47:19.001248,864,1.037,0.0011,"aoml_navis",1031.34653312955
"7901009",59,0,1,0.028035,1,0.005607,1,138.537817309164,1,4.84798429728492,866,1,6.32999992370605,34.8699989318848,0.0280349999666214,0,133.592407226562,-86.9145,25.1769,159.23506143218,63,63,63,63,61,63,0,8278,1.42435338845813,25,-87,0.001869,51,2025-01-22 11:47:19.001248,866,1.037,0.0011,"aoml_navis",1031.35647588632
"7901009",59,0,1,0.031773,1,0.009345,1,138.844970155614,1,4.84793118452074,868,1,6.31500005722046,34.8699989318848,0.0317730009555817,0,133.888595581055,-86.9145,25.1769,159.23506143218,63,63,63,63,61,63,0,8278,1.42435338845813,25,-87,0.001869,51,2025-01-22 11:47:19.001248,868,1.037,0.0011,"aoml_navis",1031.36777517899
"7901009",59,0,1,0.028035,1,0.005607,1,139.16500345217,1,4.84786237284081,870,1,6.28299999237061,34.8709983825684,0.0280349999666214,0,134.197204589844,-86.9145,25.1769,159.23506143218,63,63,63,63,61,63,0,8278,1.42435338845813,25,-87,0.001869,51,2025-01-22 11:47:19.001248,870,1.037,0.0011,"aoml_navis",1031.38241465177
"7901009",59,0,1,0.029904,1,0.007476,1,139.262682836083,1,4.84781281792152,872,1,6.27299976348877,34.8709983825684,0.0299040004611015,0,134.291397094727,-86.9145,25.1769,159.23506143218,63,63,63,63,61,63,0,8278,1.42435338845813,25,-87,0.001869,51,2025-01-22 11:47:19.001248,872,1.037,0.0011,"aoml_navis",1031.3929575655
"7901009",59,0,1,0.029904,1,0.007476,1,139.366391030181,1,4.8477667997664,874,1,6.26800012588501,34.8709983825684,0.0299040004611015,0,134.391403198242,-86.9145,25.1769,159.23506143218,63,63,63,63,61,63,0,8278,1.42435338845813,25,-87,0.001869,51,2025-01-22 11:47:19.001248,874,1.037,0.0011,"aoml_navis",1031.4027482182
"7901009",59,0,1,0.029904,1,0.007476,1,139.438562692262,1,4.84772219634112,876,1,6.2649998664856,34.8709983825684,0.0299040004611015,0,134.460998535156,-86.9145,25.1769,159.23506143218,63,63,63,63,61,63,0,8278,1.42435338845813,25,-87,0.001869,51,2025-01-22 11:47:19.001248,876,1.037,0.0011,"aoml_navis",1031.4122380556
"7901009",59,0,1,0.033642,1,0.011214,1,139.608318796364,1,4.84767547485894,878,1,6.25899982452393,34.8709983825684,0.0336420014500618,0,134.624694824219,-86.9145,25.1769,159.23506143218,63,63,63,63,61,63,0,8278,1.42435338845813,25,-87,0.001869,51,2025-01-22 11:47:19.001248,878,1.037,0.0011,"aoml_navis",1031.42217871866
"7901009",59,0,1,0.024297,1,0.001869,1,139.767093288213,1,4.84762875538475,880,1,6.25299978256226,34.8709983825684,0.0242970008403063,0,134.777801513672,-86.9145,25.1769,159.23506143218,63,63,63,63,61,63,0,8278,1.42435338845813,25,-87,0.001869,51,2025-01-22 11:47:19.001248,880,1.037,0.0011,"aoml_navis",1031.43211914609
"7901009",59,0,1,0.029904,1,0.007476,1,140.019084895019,1,4.84758062125312,882.099975585938,1,6.2480001449585,34.8709983825684,0.0299040004611015,0,135.020797729492,-86.9145,25.1769,159.23506143218,63,63,63,63,61,63,0,8278,1.42435338845813,25,-87,0.001869,51,2025-01-22 11:47:19.001248,882.099975585938,1.037,0.0011,"aoml_navis",1031.4423607683
"7901009",59,0,1,0.028035,1,0.005607,1,140.255521855075,1,4.84753532279507,884,1,6.24100017547607,34.8709983825684,0.0280349999666214,0,135.248794555664,-86.9145,25.1769,159.23506143218,63,63,63,63,61,63,0,8278,1.42435338845813,25,-87,0.001869,51,2025-01-22 11:47:19.001248,884,1.037,0.0011,"aoml_navis",1031.45199922278
"7901009",59,0,1,0.026166,1,0.003738,1,140.556566773096,1,4.84749087659145,886,1,6.23299980163574,34.8699989318848,0.0261659994721413,0,135.539093017578,-86.9145,25.1769,159.23506143218,63,63,63,63,61,63,0,8278,1.42435338845813,25,-87,0.001869,51,2025-01-22 11:47:19.001248,886,1.037,0.0011,"aoml_navis",1031.46145651249
"7901009",59,0,1,0.031773,1,0.009345,1,140.940575081666,1,4.84743060669567,888,1,6.21299982070923,34.8709983825684,0.0317730009555817,0,135.909393310547,-86.9145,25.1769,159.23506143218,63,63,63,63,61,63,0,8278,1.42435338845813,25,-87,0.001869,51,2025-01-22 11:47:19.001248,888,1.037,0.0011,"aoml_navis",1031.47428105388
"7901009",59,0,1,0.031773,1,0.009345,1,141.311940294861,1,4.84737755435211,890,1,6.19799995422363,34.8709983825684,0.0317730009555817,0,136.267501831055,-86.9145,25.1769,159.23506143218,63,63,63,63,61,63,0,8278,1.42435338845813,25,-87,0.001869,51,2025-01-22 11:47:19.001248,890,1.037,0.0011,"aoml_navis",1031.48557007095
"7901009",59,0,1,0.033642,1,0.011214,1,141.704350960933,1,4.84732098945998,892,1,6.17799997329712,34.8709983825684,0.0336420014500618,0,136.645904541016,-86.9145,25.1769,159.23506143218,63,63,63,63,61,63,0,8278,1.42435338845813,25,-87,0.001869,51,2025-01-22 11:47:19.001248,892,1.037,0.0011,"aoml_navis",1031.497606796
"7901009",59,0,1,0.028035,1,0.005607,1,142.027374927108,1,4.84727147331517,894,1,6.16800022125244,34.8709983825684,0.0280349999666214,0,136.957397460938,-86.9145,25.1769,159.23506143218,63,63,63,63,61,63,0,8278,1.42435338845813,25,-87,0.001869,51,2025-01-22 11:47:19.001248,894,1.037,0.0011,"aoml_navis",1031.50814381361
"7901009",59,0,1,0.028035,1,0.005607,1,142.338800158729,1,4.84721914735353,896,1,6.15399980545044,34.8709983825684,0.0280349999666214,0,137.257705688477,-86.9145,25.1769,159.23506143218,63,63,63,63,61,63,0,8278,1.42435338845813,25,-87,0.001869,51,2025-01-22 11:47:19.001248,896,1.037,0.0011,"aoml_navis",1031.51927899317
"7901009",59,0,1,0.031773,1,0.009345,1,142.684024704141,1,4.84717174826556,898,1,6.14699983596802,34.8709983825684,0.0317730009555817,0,137.590606689453,-86.9145,25.1769,159.23506143218,63,63,63,63,61,63,0,8278,1.42435338845813,25,-87,0.001869,51,2025-01-22 11:47:19.001248,898,1.037,0.0011,"aoml_navis",1031.5293659213
"7901009",59,0,1,0.029904,1,0.007476,1,143.052256834878,1,4.84711521871334,900,1,6.1269998550415,34.8709983825684,0.0299040004611015,0,137.945693969727,-86.9145,25.1769,159.23506143218,63,63,63,63,61,63,0,8278,1.42435338845813,25,-87,0.001869,51,2025-01-22 11:47:19.001248,900,1.037,0.0011,"aoml_navis",1031.54139614763
"7901009",59,0,1,0.031773,1,0.009345,1,143.327176908765,1,4.84705992079926,902,1,6.11399984359741,34.8720016479492,0.0317730009555817,0,138.210800170898,-86.9145,25.1769,159.23506143218,63,63,63,63,61,63,0,8278,1.42435338845813,25,-87,0.001869,51,2025-01-22 11:47:19.001248,902,1.037,0.0011,"aoml_navis",1031.55316453681
"7901009",59,0,1,0.031773,1,0.009345,1,143.675407947445,1,4.84700972565116,904,1,6.10300016403198,34.8720016479492,0.0317730009555817,0,138.546600341797,-86.9145,25.1769,159.23506143218,63,63,63,63,61,63,0,8278,1.42435338845813,25,-87,0.001869,51,2025-01-22 11:47:19.001248,904,1.037,0.0011,"aoml_navis",1031.56384719824
"7901009",59,0,1,0.028035,1,0.005607,1,143.929472452242,1,4.84696743551964,906,1,6.09800004959106,34.8709983825684,0.0280349999666214,0,138.791595458984,-86.9145,25.1769,159.23506143218,63,63,63,63,61,63,0,8278,1.42435338845813,25,-87,0.001869,51,2025-01-22 11:47:19.001248,906,1.037,0.0011,"aoml_navis",1031.57284766531
"7901009",59,0,1,0.029904,1,0.007476,1,144.350191625979,1,4.84691794741596,908,1,6.08799982070923,34.8709983825684,0.0299040004611015,0,139.197296142578,-86.9145,25.1769,159.23506143218,63,63,63,63,61,63,0,8278,1.42435338845813,25,-87,0.001869,51,2025-01-22 11:47:19.001248,908,1.037,0.0011,"aoml_navis",1031.58338025211
"7901009",59,0,1,0.031773,1,0.009345,1,144.791861310699,1,4.84685916517272,910,1,6.07000017166138,34.8720016479492,0.0317730009555817,0,139.623199462891,-86.9145,25.1769,159.23506143218,63,63,63,63,61,63,0,8278,1.42435338845813,25,-87,0.001869,51,2025-01-22 11:47:19.001248,910,1.037,0.0011,"aoml_navis",1031.59589119644
"7901009",59,0,1,0.026166,1,0.003738,1,145.239955396824,1,4.84680478764905,912,1,6.05299997329712,34.8720016479492,0.0261659994721413,0,140.055297851562,-86.9145,25.1769,159.23506143218,63,63,63,63,61,63,0,8278,1.42435338845813,25,-87,0.001869,51,2025-01-22 11:47:19.001248,912,1.037,0.0011,"aoml_navis",1031.60746493057
"7901009",59,0,1,0.033642,1,0.011214,1,145.504605922654,1,4.84675251795446,914,1,6.03900003433228,34.8720016479492,0.0336420014500618,0,140.310501098633,-86.9145,25.1769,159.23506143218,63,63,63,63,61,63,0,8278,1.42435338845813,25,-87,0.001869,51,2025-01-22 11:47:19.001248,914,1.037,0.0011,"aoml_navis",1031.6185902783
"7901009",59,0,1,0.029904,1,0.007476,1,145.856159927578,1,4.84670514718319,916,1,6.03200006484985,34.8720016479492,0.0299040004611015,0,140.649505615234,-86.9145,25.1769,159.23506143218,63,63,63,63,61,63,0,8278,1.42435338845813,25,-87,0.001869,51,2025-01-22 11:47:19.001248,916,1.037,0.0011,"aoml_navis",1031.62867312155
"7901009",59,0,1,0.028035,1,0.005607,1,146.271578178974,1,4.84665987541875,918,1,6.02799987792969,34.8720016479492,0.0280349999666214,0,141.050094604492,-86.9145,25.1769,159.23506143218,63,63,63,63,61,63,0,8278,1.42435338845813,25,-87,0.001869,51,2025-01-22 11:47:19.001248,918,1.037,0.0011,"aoml_navis",1031.63830937652
"7901009",59,0,1,0.029904,1,0.007476,1,146.927595010055,1,4.84661061299949,920,1,6.01300001144409,34.8709983825684,0.0299040004611015,0,141.682693481445,-86.9145,25.1769,159.23506143218,63,63,63,63,61,63,0,8278,1.42435338845813,25,-87,0.001869,51,2025-01-22 11:47:19.001248,920,1.037,0.0011,"aoml_navis",1031.64879526098
"7901009",59,0,1,0.031773,1,0.009345,1,147.267534456775,1,4.84654650387668,922,1,5.98199987411499,34.8709983825684,0.0317730009555817,0,142.010498046875,-86.9145,25.1769,159.23506143218,63,63,63,63,61,63,0,8278,1.42435338845813,25,-87,0.001869,51,2025-01-22 11:47:19.001248,922,1.037,0.0011,"aoml_navis",1031.66244169958
"7901009",59,0,1,0.029904,1,0.007476,1,147.541726642819,1,4.84649754397023,924,1,5.97800016403198,34.8720016479492,0.0299040004611015,0,142.27490234375,-86.9145,25.1769,159.23506143218,63,63,63,63,61,63,0,8278,1.42435338845813,25,-87,0.001869,51,2025-01-22 11:47:19.001248,924,1.037,0.0011,"aoml_navis",1031.67286367879
"7901009",59,0,1,0.029904,1,0.007476,1,147.880732494261,1,4.84643397049617,926,1,5.95300006866455,34.8730010986328,0.0299040004611015,0,142.601806640625,-86.9145,25.1769,159.23506143218,63,63,63,63,61,63,0,8278,1.42435338845813,25,-87,0.001869,51,2025-01-22 11:47:19.001248,926,1.037,0.0011,"aoml_navis",1031.68639672772
"7901009",59,0,1,0.029904,1,0.007476,1,148.006419736513,1,4.8463845321582,928,1,5.94299983978271,34.8730010986328,0.0299040004611015,0,142.723007202148,-86.9145,25.1769,159.23506143218,63,63,63,63,61,63,0,8278,1.42435338845813,25,-87,0.001869,51,2025-01-22 11:47:19.001248,928,1.037,0.0011,"aoml_navis",1031.69692103928
"7901009",59,0,1,0.031773,1,0.009345,1,148.137898434218,1,4.84633509775873,930,1,5.93300008773804,34.8730010986328,0.0317730009555817,0,142.849792480469,-86.9145,25.1769,159.23506143218,63,63,63,63,61,63,0,8278,1.42435338845813,25,-87,0.001869,51,2025-01-22 11:47:19.001248,930,1.037,0.0011,"aoml_navis",1031.70744472712
"7901009",59,0,1,0.029904,1,0.007476,1,148.321041345186,1,4.8462783069348,932,1,5.9229998588562,34.875,0.0299040004611015,0,143.026397705078,-86.9145,25.1769,159.23506143218,63,63,63,63,61,63,0,8278,1.42435338845813,25,-87,0.001869,51,2025-01-22 11:47:19.001248,932,1.037,0.0011,"aoml_navis",1031.71953472941
"7901009",59,0,1,0.029904,1,0.007476,1,148.598967912341,1,4.84622450513084,934,1,5.91200017929077,34.8759994506836,0.0299040004611015,0,143.294403076172,-86.9145,25.1769,159.23506143218,63,63,63,63,61,63,0,8278,1.42435338845813,25,-87,0.001869,51,2025-01-22 11:47:19.001248,934,1.037,0.0011,"aoml_navis",1031.73098867094
"7901009",59,0,1,0.031773,1,0.009345,1,148.776509251642,1,4.84617156935019,936.099975585938,1,5.90000009536743,34.8759994506836,0.0317730009555817,0,143.465606689453,-86.9145,25.1769,159.23506143218,63,63,63,63,61,63,0,8278,1.42435338845813,25,-87,0.001869,51,2025-01-22 11:47:19.001248,936.099975585938,1.037,0.0011,"aoml_navis",1031.74225849178
"7901009",59,0,1,0.028035,1,0.005607,1,148.965443618064,1,4.8461284393518,938,1,5.89599990844727,34.8759994506836,0.0280349999666214,0,143.647796630859,-86.9145,25.1769,159.23506143218,63,63,63,63,61,63,0,8278,1.42435338845813,25,-87,0.001869,51,2025-01-22 11:47:19.001248,938,1.037,0.0011,"aoml_navis",1031.75144088191
"7901009",59,0,1,0.029904,1,0.007476,1,149.197323367272,1,4.84608179908241,940,1,5.8899998664856,34.8759994506836,0.0299040004611015,0,143.871398925781,-86.9145,25.1769,159.23506143218,63,63,63,63,61,63,0,8278,1.42435338845813,25,-87,0.001869,51,2025-01-22 11:47:19.001248,940,1.037,0.0011,"aoml_navis",1031.76137079377
"7901009",59,0,1,0.029904,1,0.007476,1,149.51382799015,1,4.84602960823239,942,1,5.87599992752075,34.8759994506836,0.0299040004611015,0,144.176605224609,-86.9145,25.1769,159.23506143218,63,63,63,63,61,63,0,8278,1.42435338845813,25,-87,0.001869,51,2025-01-22 11:47:19.001248,942,1.037,0.0011,"aoml_navis",1031.77248267449
"7901009",59,0,1,0.029904,1,0.007476,1,149.83965274216,1,4.84597790578971,944,1,5.86800003051758,34.8769989013672,0.0299040004611015,0,144.490798950195,-86.9145,25.1769,159.23506143218,63,63,63,63,61,63,0,8278,1.42435338845813,25,-87,0.001869,51,2025-01-22 11:47:19.001248,944,1.037,0.0011,"aoml_navis",1031.78349080508
"7901009",59,0,1,0.031773,1,0.009345,1,150.187266658538,1,4.84592018167944,946,1,5.84600019454956,34.8769989013672,0.0317730009555817,0,144.82600402832,-86.9145,25.1769,159.23506143218,63,63,63,63,61,63,0,8278,1.42435338845813,25,-87,0.001869,51,2025-01-22 11:47:19.001248,946,1.037,0.0011,"aoml_navis",1031.7957813055
"7901009",59,0,1,0.033642,1,0.011214,1,150.329125669842,1,4.84586363996189,948,1,5.83099985122681,34.8779983520508,0.0336420014500618,0,144.962799072266,-86.9145,25.1769,159.23506143218,63,63,63,63,61,63,0,8278,1.42435338845813,25,-87,0.001869,51,2025-01-22 11:47:19.001248,948,1.037,0.0011,"aoml_navis",1031.80782033712
"7901009",59,0,1,0.028035,1,0.005607,1,150.418624227336,1,4.84581839797345,950,1,5.8270001411438,34.8779983520508,0.0280349999666214,0,145.049102783203,-86.9145,25.1769,159.23506143218,63,63,63,63,61,63,0,8278,1.42435338845813,25,-87,0.001869,51,2025-01-22 11:47:19.001248,950,1.037,0.0011,"aoml_navis",1031.81745359897
"7901009",59,0,1,0.031773,1,0.009345,1,150.441742578202,1,4.84576831293385,952,1,5.81599998474121,34.8779983520508,0.0317730009555817,0,145.071395874023,-86.9145,25.1769,159.23506143218,63,63,63,63,61,63,0,8278,1.42435338845813,25,-87,0.001869,51,2025-01-22 11:47:19.001248,952,1.037,0.0011,"aoml_navis",1031.82811828921
"7901009",59,0,1,0.033642,1,0.011214,1,150.350171122718,1,4.84572515026625,954,1,5.81500005722046,34.8779983520508,0.0336420014500618,0,144.983093261719,-86.9145,25.1769,159.23506143218,63,63,63,63,61,63,0,8278,1.42435338845813,25,-87,0.001869,51,2025-01-22 11:47:19.001248,954,1.037,0.0011,"aoml_navis",1031.8373091642
"7901009",59,0,1,0.029904,1,0.007476,1,150.305801611541,1,4.84567483593074,956,1,5.80900001525879,34.8790016174316,0.0299040004611015,0,144.940307617188,-86.9145,25.1769,159.23506143218,63,63,63,63,61,63,0,8278,1.42435338845813,25,-87,0.001869,51,2025-01-22 11:47:19.001248,956,1.037,0.0011,"aoml_navis",1031.84802309163
"7901009",59,0,1,0.029904,1,0.007476,1,150.520560172771,1,4.8456289089217,958,1,5.80399990081787,34.8790016174316,0.0299040004611015,0,145.147399902344,-86.9145,25.1769,159.23506143218,63,63,63,63,61,63,0,8278,1.42435338845813,25,-87,0.001869,51,2025-01-22 11:47:19.001248,958,1.037,0.0011,"aoml_navis",1031.85780297663
"7901009",59,0,1,0.029904,1,0.007476,1,150.848157173443,1,4.84556824127223,960,1,5.78299999237061,34.8800010681152,0.0299040004611015,0,145.463302612305,-86.9145,25.1769,159.23506143218,63,63,63,63,61,63,0,8278,1.42435338845813,25,-87,0.001869,51,2025-01-22 11:47:19.001248,960,1.037,0.0011,"aoml_navis",1031.87072207804
"7901009",59,0,1,0.031773,1,0.009345,1,151.044259652762,1,4.84551656682535,962,1,5.77500009536743,34.8810005187988,0.0317730009555817,0,145.652404785156,-86.9145,25.1769,159.23506143218,63,63,63,63,61,63,0,8278,1.42435338845813,25,-87,0.001869,51,2025-01-22 11:47:19.001248,962,1.037,0.0011,"aoml_navis",1031.88172634313
"7901009",59,0,1,0.029904,1,0.007476,1,151.327249787526,1,4.84547202808487,964,1,5.77199983596802,34.8810005187988,0.0299040004611015,0,145.92529296875,-86.9145,25.1769,159.23506143218,63,63,63,63,61,63,0,8278,1.42435338845813,25,-87,0.001869,51,2025-01-22 11:47:19.001248,964,1.037,0.0011,"aoml_navis",1031.89121122142
"7901009",59,0,1,0.026166,1,0.003738,1,151.715720365051,1,4.84542265596533,966,1,5.76200008392334,34.8810005187988,0.0261659994721413,0,146.299896240234,-86.9145,25.1769,159.23506143218,63,63,63,63,61,63,0,8278,1.42435338845813,25,-87,0.001869,51,2025-01-22 11:47:19.001248,966,1.037,0.0011,"aoml_navis",1031.90172560992
"7901009",59,0,1,0.028035,1,0.005607,1,152.007445153942,1,4.84537812051686,968,1,5.75899982452393,34.8810005187988,0.0280349999666214,0,146.581207275391,-86.9145,25.1769,159.23506143218,63,63,63,63,61,63,0,8278,1.42435338845813,25,-87,0.001869,51,2025-01-22 11:47:19.001248,968,1.037,0.0011,"aoml_navis",1031.91121015477
"7901009",59,0,1,0.026166,1,0.003738,1,152.458957148203,1,4.84533795689876,970,1,5.75699996948242,34.8800010681152,0.0261659994721413,0,147.0166015625,-86.9145,25.1769,159.23506143218,63,63,63,63,61,63,0,8278,1.42435338845813,25,-87,0.001869,51,2025-01-22 11:47:19.001248,970,1.037,0.0011,"aoml_navis",1031.91976379708
"7901009",59,0,1,0.029904,1,0.007476,1,152.875214052984,1,4.84528651969374,972,1,5.74399995803833,34.8800010681152,0.0299040004611015,0,147.417999267578,-86.9145,25.1769,159.23506143218,63,63,63,63,61,63,0,8278,1.42435338845813,25,-87,0.001869,51,2025-01-22 11:47:19.001248,972,1.037,0.0011,"aoml_navis",1031.93071858133
"7901009",59,0,1,0.028035,1,0.005607,1,153.375985065895,1,4.84523370882144,974,1,5.72900009155273,34.8800010681152,0.0280349999666214,0,147.900894165039,-86.9145,25.1769,159.23506143218,63,63,63,63,61,63,0,8278,1.42435338845813,25,-87,0.001869,51,2025-01-22 11:47:19.001248,974,1.037,0.0011,"aoml_navis",1031.94196616291
"7901009",59,0,1,0.033642,1,0.011214,1,153.779915348277,1,4.84518642092349,976,1,5.72200012207031,34.8800010681152,0.0336420014500618,0,148.290405273438,-86.9145,25.1769,159.23506143218,63,63,63,63,61,63,0,8278,1.42435338845813,25,-87,0.001869,51,2025-01-22 11:47:19.001248,976,1.037,0.0011,"aoml_navis",1031.95203767763
"7901009",59,0,1,0.029904,1,0.007476,1,154.188181310425,1,4.84514189324402,978,1,5.7189998626709,34.8800010681152,0.0299040004611015,0,148.684097290039,-86.9145,25.1769,159.23506143218,63,63,63,63,61,63,0,8278,1.42435338845813,25,-87,0.001869,51,2025-01-22 11:47:19.001248,978,1.037,0.0011,"aoml_navis",1031.96152149268
"7901009",59,99999,9,99999,9,99999,9,154.596763745549,1,4.84509334096357,979.799987792969,1,5.7039999961853,34.8800010681152,99999,99999,149.078094482422,-86.9145,25.1769,159.23506143218,63,63,63,63,61,63,0,8278,1.42435338845813,25,-87,0.001869,51,2025-01-22 11:47:19.001248,979.799987792969,1.037,0.0011,"aoml_navis",1031.9718626939
"7901009",59,0,1,0.024297,1,0.001869,1,160.113093417357,1,4.84456818484217,999.200012207031,1,5.56040000915527,34.8839988708496,0.0242970008403063,0,154.397506713867,-86.9145,25.1769,159.23506143218,63,63,63,63,61,63,0,8278,1.42435338845813,25,-87,0.001869,51,2025-01-22 11:47:19.001248,999.200012207031,1.037,0.0011,"aoml_navis",1032.08372949402
"7901009",59,0,1,0.026166,1,0.003738,1,170.374381530291,1,4.84320535117196,1049.09997558594,1,5.18310022354126,34.8969993591309,0.0261659994721413,0,164.292495727539,-86.9145,25.1769,159.23506143218,63,63,63,63,61,63,0,8278,1.42435338845813,25,-87,0.001869,51,2025-01-22 11:47:19.001248,1049.09997558594,1.037,0.0011,"aoml_navis",1032.37414841188
"7901009",59,0,1,0.031773,1,0.009345,1,178.034736493415,1,4.84194579674267,1099.5,1,4.94859981536865,34.9059982299805,0.0317730009555817,0,171.679397583008,-86.9145,25.1769,159.23506143218,63,63,63,63,61,63,0,8278,1.42435338845813,25,-87,0.001869,51,2025-01-22 11:47:19.001248,1099.5,1.037,0.0011,"aoml_navis",1032.64270396493
"7901009",59,0,1,0.028035,1,0.005607,1,183.528248463683,1,4.84072671383687,1149.5,1,4.75409984588623,34.9140014648438,0.0280349999666214,0,176.976806640625,-86.9145,25.1769,159.23506143218,63,63,63,63,61,63,0,8278,1.42435338845813,25,-87,0.001869,51,2025-01-22 11:47:19.001248,1149.5,1.037,0.0011,"aoml_navis",1032.90276348546
"7901009",59,0,1,0.033642,1,0.011214,1,186.88403295485,1,4.83959764095111,1199.69995117188,1,4.66709995269775,34.9160003662109,0.0336420014500618,0,180.212799072266,-86.9145,25.1769,159.23506143218,63,63,63,63,61,63,0,8278,1.42435338845813,25,-87,0.001869,51,2025-01-22 11:47:19.001248,1199.69995117188,1.037,0.0011,"aoml_navis",1033.143738581
"7901009",59,0,1,0.028035,1,0.005607,1,190.511525319201,1,4.83847044878381,1249.19995117188,1,4.56440019607544,34.9189987182617,0.0280349999666214,0,183.710800170898,-86.9145,25.1769,159.23506143218,63,63,63,63,61,63,0,8278,1.42435338845813,25,-87,0.001869,51,2025-01-22 11:47:19.001248,1249.19995117188,1.037,0.0011,"aoml_navis",1033.38442446348
"7901009",59,0,1,0.026166,1,0.003738,1,194.041116768556,1,4.83731857808316,1299.80004882812,1,4.46909999847412,34.923999786377,0.0261659994721413,0,187.114395141602,-86.9145,25.1769,159.23506143218,63,63,63,63,61,63,0,8278,1.42435338845813,25,-87,0.001869,51,2025-01-22 11:47:19.001248,1299.80004882812,1.037,0.0011,"aoml_navis",1033.63049575728
"7901009",59,0,1,0.035511,1,0.013083,1,196.296224074301,1,4.83622948267985,1349.5,1,4.42159986495972,34.9259986877441,0.0355109982192516,0,189.289001464844,-86.9145,25.1769,159.23506143218,63,63,63,63,61,63,0,8278,1.42435338845813,25,-87,0.001869,51,2025-01-22 11:47:19.001248,1349.5,1.037,0.0011,"aoml_navis",1033.86326432744
"7901009",59,0,1,0.024297,1,0.001869,1,198.165756530247,1,4.83513222840694,1399.69995117188,1,4.37589979171753,34.9280014038086,0.0242970008403063,0,191.091796875,-86.9145,25.1769,159.23506143218,63,63,63,63,61,63,0,8278,1.42435338845813,25,-87,0.001869,51,2025-01-22 11:47:19.001248,1399.69995117188,1.037,0.0011,"aoml_navis",1034.09788270617
"7901009",59,0,1,0.028035,1,0.005607,1,199.146363868733,1,4.83407377268703,1449.19995117188,1,4.35879993438721,34.9290008544922,0.0280349999666214,0,192.037399291992,-86.9145,25.1769,159.23506143218,63,63,63,63,61,63,0,8278,1.42435338845813,25,-87,0.001869,51,2025-01-22 11:47:19.001248,1449.19995117188,1.037,0.0011,"aoml_navis",1034.32430598194
"7901009",59,0,1,0.029904,1,0.007476,1,200.214491808616,1,4.83302551145223,1498.40002441406,1,4.34539985656738,34.9300003051758,0.0299040004611015,0,193.067398071289,-86.9145,25.1769,159.23506143218,63,63,63,63,61,63,0,8278,1.42435338845813,25,-87,0.001869,51,2025-01-22 11:47:19.001248,1498.40002441406,1.037,0.0011,"aoml_navis",1034.54864621594
"7901009",59,0,1,0.026166,1,0.003738,1,201.240829492073,1,4.83194064425407,1549.40002441406,1,4.33169984817505,34.9309997558594,0.0261659994721413,0,194.057098388672,-86.9145,25.1769,159.23506143218,63,63,63,63,61,63,0,8278,1.42435338845813,25,-87,0.001869,51,2025-01-22 11:47:19.001248,1549.40002441406,1.037,0.0011,"aoml_navis",1034.7809230533
"7901009",59,0,1,0.029904,1,0.007476,1,202.160674019248,1,4.83088356360669,1599.30004882812,1,4.32270002365112,34.931999206543,0.0299040004611015,0,194.944107055664,-86.9145,25.1769,159.23506143218,63,63,63,63,61,63,0,8278,1.42435338845813,25,-87,0.001869,51,2025-01-22 11:47:19.001248,1599.30004882812,1.037,0.0011,"aoml_navis",1035.00735096729
"7901009",59,0,1,0.026166,1,0.003738,1,202.948391079117,1,4.82982291816248,1649.5,1,4.31549978256226,34.9329986572266,0.0261659994721413,0,195.703704833984,-86.9145,25.1769,159.23506143218,63,63,63,63,61,63,0,8278,1.42435338845813,25,-87,0.001869,51,2025-01-22 11:47:19.001248,1649.5,1.037,0.0011,"aoml_navis",1035.2346420813
"7901009",59,0,1,0.031773,1,0.009345,1,202.901299900351,1,4.82879404600513,1698.5,1,4.3105001449585,34.9329986572266,0.0317730009555817,0,195.658294677734,-86.9145,25.1769,159.23506143218,63,63,63,63,61,63,0,8278,1.42435338845813,25,-87,0.001869,51,2025-01-22 11:47:19.001248,1698.5,1.037,0.0011,"aoml_navis",1035.45521974301
"7901009",59,0,1,0.026166,1,0.003738,1,203.000957240361,1,4.82773635172437,1749.09997558594,1,4.30999994277954,34.9329986572266,0.0261659994721413,0,195.75439453125,-86.9145,25.1769,159.23506143218,63,63,63,63,61,63,0,8278,1.42435338845813,25,-87,0.001869,51,2025-01-22 11:47:19.001248,1749.09997558594,1.037,0.0011,"aoml_navis",1035.68207452217
"7901009",59,0,1,0.029904,1,0.007476,1,203.376879664405,1,4.8266983046458,1798.80004882812,1,4.30849981307983,34.9329986572266,0.0299040004611015,0,196.116897583008,-86.9145,25.1769,159.23506143218,63,63,63,63,61,63,0,8278,1.42435338845813,25,-87,0.001869,51,2025-01-22 11:47:19.001248,1798.80004882812,1.037,0.0011,"aoml_navis",1035.90481203008
"7901009",59,0,1,0.028035,1,0.005607,1,203.837316196577,1,4.82565902168496,1848.40002441406,1,4.30530023574829,34.9339981079102,0.0280349999666214,0,196.560897827148,-86.9145,25.1769,159.23506143218,63,63,63,63,61,63,0,8278,1.42435338845813,25,-87,0.001869,51,2025-01-22 11:47:19.001248,1848.40002441406,1.037,0.0011,"aoml_navis",1036.12791072299
"7901009",59,0,1,0.024297,1,0.001869,1,204.1519536289,1,4.82459956896668,1899.19995117188,1,4.30159997940063,34.9339981079102,0.0242970008403063,0,196.864303588867,-86.9145,25.1769,159.23506143218,63,63,63,63,61,63,0,8278,1.42435338845813,25,-87,0.001869,51,2025-01-22 11:47:19.001248,1899.19995117188,1.037,0.0011,"aoml_navis",1036.35543810963
"7901009",59,0,1,0.028035,1,0.005607,1,204.505675473706,1,4.8235637256616,1948.80004882812,1,4.29899978637695,34.935001373291,0.0280349999666214,0,197.20539855957,-86.9145,25.1769,159.23506143218,63,63,63,63,61,63,0,8278,1.42435338845813,25,-87,0.001869,51,2025-01-22 11:47:19.001248,1948.80004882812,1.037,0.0011,"aoml_navis",1036.57799178639
"7901009",59,0,1,0.033642,1,0.011214,1,204.686539779251,1,4.82253747837586,1998.30004882812,1,4.2996997833252,34.935001373291,0.0336420014500618,0,197.379806518555,-86.9145,25.1769,159.23506143218,63,63,63,63,61,63,0,8278,1.42435338845813,25,-87,0.001869,51,2025-01-22 11:47:19.001248,1998.30004882812,1.037,0.0011,"aoml_navis",1036.79857801414
"7901009",60,0.263281316838254,5,0.173817,1,0.151389,1,199.283838098953,1,4.881421317531,2.20000004768372,1,25.2740001678467,36.3559989929199,0.173816993832588,0.361327439546585,192.169906616211,-87.1724,25.5209,55.6302473632834,63,63,63,63,61,63,0.351372,8046,1.33458767306251,26,-87,0.001869,51,2025-02-01 18:22:48.001963,2.20000004768372,1.037,0.0011,"aoml_navis",1024.29183525772
"7901009",60,0.263281316838254,5,0.173817,1,0.151389,1,199.286528120078,1,4.88138507092727,4,1,25.2719993591309,36.3549995422363,0.173816993832588,0.361327439546585,192.172500610352,-87.1724,25.5209,55.6302473632834,63,63,63,63,61,63,0.351372,8046,1.33458767306251,26,-87,0.001869,51,2025-02-01 18:22:48.001963,4,1.037,0.0011,"aoml_navis",1024.29944111133
"7901009",60,0.263281316838254,5,0.188769,1,0.166341,1,199.294519065184,1,4.88134046001671,6,1,25.2719993591309,36.3559989929199,0.188768997788429,0.361327439546585,192.180206298828,-87.1724,25.5209,55.6302473632834,63,63,63,63,61,63,0.351372,8046,1.33458767306251,26,-87,0.001869,51,2025-02-01 18:22:48.001963,6,1.037,0.0011,"aoml_navis",1024.30880225529
"7901009",60,0.263281316838254,5,0.192507,1,0.170079,1,199.345534524633,1,4.88130158587325,8,1,25.2709999084473,36.3549995422363,0.19250699877739,0.361327439546585,192.229400634766,-87.1724,25.5209,55.6302473632834,63,63,63,63,61,63,0.351372,8046,1.33458767306251,26,-87,0.001869,51,2025-02-01 18:22:48.001963,8,1.037,0.0011,"aoml_navis",1024.31695973678
"7901009",60,0.263281316838254,5,0.188769,1,0.166341,1,199.336404276462,1,4.8812605802109,10,1,25.2709999084473,36.3549995422363,0.188768997788429,0.361327439546585,192.220596313477,-87.1724,25.5209,55.6302473632834,63,63,63,63,61,63,0.351372,8046,1.33458767306251,26,-87,0.001869,51,2025-02-01 18:22:48.001963,10,1.037,0.0011,"aoml_navis",1024.3255646442
"7901009",60,0.263281316838254,5,0.196245,1,0.173817,1,199.337970818176,1,4.88121811001619,12,1,25.2700004577637,36.3549995422363,0.19624499976635,0.361327439546585,192.222106933594,-87.1724,25.5209,55.6302473632834,63,63,63,63,61,63,0.351372,8046,1.33458767306251,26,-87,0.001869,51,2025-02-01 18:22:48.001963,12,1.037,0.0011,"aoml_navis",1024.33447703147
"7901009",60,0.263281316838254,5,0.203721,1,0.181293,1,199.328840570006,1,4.88117203911257,14,1,25.2689990997314,36.3559989929199,0.20372100174427,0.361327439546585,192.213302612305,-87.1724,25.5209,55.6302473632834,63,63,63,63,61,63,0.351372,8046,1.33458767306251,26,-87,0.001869,51,2025-02-01 18:22:48.001963,14,1.037,0.0011,"aoml_navis",1024.34414520432
"7901009",60,0.263281316838254,5,0.203721,1,0.181293,1,199.211761356462,1,4.88113691426007,16,1,25.2730007171631,36.3559989929199,0.20372100174427,0.361327439546585,192.100402832031,-87.1724,25.5209,55.6302473632834,63,63,63,63,61,63,0.351372,8046,1.33458767306251,26,-87,0.001869,51,2025-02-01 18:22:48.001963,16,1.037,0.0011,"aoml_navis",1024.35151642493
"7901009",60,0.263281316838254,5,0.218673,1,0.196245,1,199.13688382727,1,4.8810923183296,18,1,25.2730007171631,36.3569984436035,0.218673005700111,0.361327439546585,192.028198242188,-87.1724,25.5209,55.6302473632834,63,63,63,63,61,63,0.351372,8046,1.33458767306251,26,-87,0.001869,51,2025-02-01 18:22:48.001963,18,1.037,0.0011,"aoml_navis",1024.36087537699
"7901009",60,0.263281316838254,5,0.237363,1,0.214935,1,199.055581894686,1,4.88105438876066,20,1,25.2800006866455,36.359001159668,0.237362995743752,0.361327439546585,191.949798583984,-87.1724,25.5209,55.6302473632834,63,63,63,63,61,63,0.351372,8046,1.33458767306251,26,-87,0.001869,51,2025-02-01 18:22:48.001963,20,1.037,0.0011,"aoml_navis",1024.36883545351
"7901009",60,0.263281316838254,5,0.250446,1,0.228018,1,199.029868457464,1,4.88101126619961,22,1,25.2810001373291,36.3600006103516,0.250445991754532,0.361327439546585,191.925003051758,-87.1724,25.5209,55.6302473632834,63,63,63,63,61,63,0.351372,8046,1.33458767306251,26,-87,0.001869,51,2025-02-01 18:22:48.001963,22,1.037,0.0011,"aoml_navis",1024.37788550589
"7901009",60,0.263281316838254,5,0.257922,1,0.235494,1,198.998759154338,1,4.88097174594243,24,1,25.2819995880127,36.3600006103516,0.257921993732452,0.361327439546585,191.895004272461,-87.1724,25.5209,55.6302473632834,63,63,63,63,61,63,0.351372,8046,1.33458767306251,26,-87,0.001869,51,2025-02-01 18:22:48.001963,24,1.037,0.0011,"aoml_navis",1024.38617968984
"7901009",60,0.263281316838254,5,0.252315,1,0.229887,1,198.913311424491,1,4.88093076039158,26,1,25.2819995880127,36.3600006103516,0.252315014600754,0.361327439546585,191.812606811523,-87.1724,25.5209,55.6302473632834,63,63,63,63,61,63,0.351372,8046,1.33458767306251,26,-87,0.001869,51,2025-02-01 18:22:48.001963,26,1.037,0.0011,"aoml_navis",1024.39478153935
"7901009",60,0.263281316838254,5,0.274743,1,0.252315,1,198.906665489948,1,4.88088191784748,28,1,25.2840003967285,36.3629989624023,0.274742990732193,0.361327439546585,191.806198120117,-87.1724,25.5209,55.6302473632834,63,63,63,63,61,63,0.351372,8046,1.33458767306251,26,-87,0.001869,51,2025-02-01 18:22:48.001963,28,1.037,0.0011,"aoml_navis",1024.40503256531
"7901009",60,0.263281316838254,5,0.267267,1,0.244839,1,199.012747264187,1,4.88084093746676,30,1,25.2840003967285,36.3629989624023,0.267266988754272,0.361327439546585,191.908493041992,-87.1724,25.5209,55.6302473632834,63,63,63,63,61,63,0.351372,8046,1.33458767306251,26,-87,0.001869,51,2025-02-01 18:22:48.001963,30,1.037,0.0011,"aoml_navis",1024.41363364631
"7901009",60,0.263281316838254,5,0.284088,1,0.26166,1,198.836250231092,1,4.88080502662481,32,1,25.2849998474121,36.3619995117188,0.284087985754013,0.361327439546585,191.738296508789,-87.1724,25.5209,55.6302473632834,63,63,63,63,61,63,0.351372,8046,1.33458767306251,26,-87,0.001869,51,2025-02-01 18:22:48.001963,32,1.037,0.0011,"aoml_navis",1024.42117083657
"7901009",60,0.263281316838254,5,0.293433,1,0.271005,1,198.825980679857,1,4.88074898159289,34,1,25.2870006561279,36.367000579834,0.293433010578156,0.361327439546585,191.728393554688,-87.1724,25.5209,55.6302473632834,63,63,63,63,61,63,0.351372,8046,1.33458767306251,26,-87,0.001869,51,2025-02-01 18:22:48.001963,34,1.037,0.0011,"aoml_navis",1024.43293413713
"7901009",60,0.263281316838254,5,0.312123,1,0.289695,1,198.79249782868,1,4.88070587843049,36,1,25.2880001068115,36.3680000305176,0.312123000621796,0.361327439546585,191.696105957031,-87.1724,25.5209,55.6302473632834,63,63,63,63,61,63,0.351372,8046,1.33458767306251,26,-87,0.001869,51,2025-02-01 18:22:48.001963,36,1.037,0.0011,"aoml_navis",1024.44198125044
"7901009",60,0.263281316838254,5,0.327075,1,0.304647,1,198.693457580326,1,4.88065771083236,38,1,25.2880001068115,36.3699989318848,0.327075004577637,0.361327439546585,191.600601196289,-87.1724,25.5209,55.6302473632834,63,63,63,63,61,63,0.351372,8046,1.33458767306251,26,-87,0.001869,51,2025-02-01 18:22:48.001963,38,1.037,0.0011,"aoml_navis",1024.45209154962
"7901009",60,0.263281316838254,5,0.325206,1,0.302778,1,198.55884575851,1,4.88059726799624,40,1,25.2870006561279,36.375,0.325206011533737,0.361327439546585,191.470794677734,-87.1724,25.5209,55.6302473632834,63,63,63,63,61,63,0.351372,8046,1.33458767306251,26,-87,0.001869,51,2025-02-01 18:22:48.001963,40,1.037,0.0011,"aoml_navis",1024.46477868328
"7901009",60,0.263281316838254,5,0.345765,1,0.323337,1,198.596078815608,1,4.88054314758754,41.9000015258789,1,25.2840003967285,36.3779983520508,0.345764994621277,0.361327439546585,191.506698608398,-87.1724,25.5209,55.6302473632834,63,63,63,63,61,63,0.351372,8046,1.33458767306251,26,-87,0.001869,51,2025-02-01 18:22:48.001963,41.9000015258789,1.037,0.0011,"aoml_navis",1024.47613898701
"7901009",60,0.263281316838254,5,0.364455,1,0.342027,1,198.43855434327,1,4.88047838209995,44,1,25.2789993286133,36.3819999694824,0.364455014467239,0.361327439546585,191.354797363281,-87.1724,25.5209,55.6302473632834,63,63,63,63,61,63,0.351372,8046,1.33458767306251,26,-87,0.001869,51,2025-02-01 18:22:48.001963,44,1.037,0.0011,"aoml_navis",1024.48973410853
"7901009",60,0.263281316838254,5,0.35511,1,0.332682,1,198.334640409584,1,4.88043235563221,46,1,25.2779998779297,36.382999420166,0.355109989643097,0.361327439546585,191.254592895508,-87.1724,25.5209,55.6302473632834,63,63,63,63,61,63,0.351372,8046,1.33458767306251,26,-87,0.001869,51,2025-02-01 18:22:48.001963,46,1.037,0.0011,"aoml_navis",1024.49939588442
"7901009",60,0.263281316838254,5,0.379407,1,0.356979,1,198.371351286111,1,4.88039139824384,48,1,25.2779998779297,36.382999420166,0.379406988620758,0.361327439546585,191.289993286133,-87.1724,25.5209,55.6302473632834,63,63,63,63,61,63,0.351372,8046,1.33458767306251,26,-87,0.001869,51,2025-02-01 18:22:48.001963,48,1.037,0.0011,"aoml_navis",1024.50799372345
"7901009",60,0.263281316838254,5,0.362586,1,0.340158,1,198.280618455936,1,4.88034684515557,50,1,25.2779998779297,36.3839988708496,0.362585991621017,0.349503010511398,191.202499389648,-87.1724,25.5209,55.6302473632834,63,63,63,63,61,63,0.351372,8046,1.33458767306251,26,-87,0.001869,51,2025-02-01 18:22:48.001963,50,1.037,0.0011,"aoml_navis",1024.5173465413
"7901009",60,0.263281316838254,5,0.401835,1,0.379407,1,198.255205668134,1,4.88030229464258,52,1,25.2779998779297,36.3849983215332,0.40183499455452,0.388752013444901,191.177993774414,-87.1724,25.5209,55.6302473632834,63,63,63,63,61,63,0.351372,8046,1.33458767306251,26,-87,0.001869,51,2025-02-01 18:22:48.001963,52,1.037,0.0011,"aoml_navis",1024.52669898929
"7901009",60,0.263281316838254,5,0.3738,1,0.351372,1,198.154836232871,1,4.88025626432491,54,1,25.2770004272461,36.3860015869141,0.373800009489059,0.360716998577118,191.081207275391,-87.1724,25.5209,55.6302473632834,63,63,63,63,61,63,0.351372,8046,1.33458767306251,26,-87,0.001869,51,2025-02-01 18:22:48.001963,54,1.037,0.0011,"aoml_navis",1024.53636227065
"7901009",60,0.27308434459287,1,0.386883,1,0.364455,1,198.046349263273,1,4.88020011472345,56,1,25.2740001678467,36.3889999389648,0.386882990598679,0.373800009489059,190.976593017578,-87.1724,25.5209,55.6302473632834,63,63,63,63,61,63,0.364455,8046,1.33458767306251,26,-87,0.001869,51,2025-02-01 18:22:48.001963,56,1.037,0.0011,"aoml_navis",1024.54815017014
"7901009",60,0.267482614447375,4,0.379407,1,0.356979,1,198.097475488298,1,4.88012860378458,58,1,25.2630004882812,36.3930015563965,0.379406988620758,0.366324007511139,191.025894165039,-87.1724,25.5209,55.6302473632834,63,63,63,63,61,63,0.356979,8046,1.33458767306251,26,-87,0.001869,51,2025-02-01 18:22:48.001963,58,1.037,0.0011,"aoml_navis",1024.56316338108
"7901009",60,0.277285642201991,1,0.39249,1,0.370062,1,198.079958703679,1,4.88007818726162,60,1,25.2590007781982,36.3940010070801,0.3924899995327,0.379406988620758,191.009002685547,-87.1724,25.5209,55.6302473632834,63,63,63,63,61,63,0.370062,8046,1.33458767306251,26,-87,0.001869,51,2025-02-01 18:22:48.001963,60,1.037,0.0011,"aoml_navis",1024.57374823449
"7901009",60,0.280086507274739,1,0.396228,1,0.3738,1,198.19952223085,1,4.8800313679959,62,1,25.2549991607666,36.3940010070801,0.396227985620499,0.38314500451088,191.124298095703,-87.1724,25.5209,55.6302473632834,63,63,63,63,61,63,0.3738,8046,1.33458767306251,26,-87,0.001869,51,2025-02-01 18:22:48.001963,62,1.037,0.0011,"aoml_navis",1024.58357804642
"7901009",60,0.278686074738365,1,0.394359,1,0.371931,1,198.160849221268,1,4.87999190010771,64,1,25.2560005187988,36.3940010070801,0.394358992576599,0.38127601146698,191.087005615234,-87.1724,25.5209,55.6302473632834,63,63,63,63,61,63,0.371931,8046,1.33458767306251,26,-87,0.001869,51,2025-02-01 18:22:48.001963,64,1.037,0.0011,"aoml_navis",1024.59186456634
"7901009",60,0.287088669956607,1,0.405573,1,0.383145,1,198.141765894935,1,4.87994736643086,66,1,25.2560005187988,36.3950004577637,0.405573010444641,0.3924899995327,191.068603515625,-87.1724,25.5209,55.6302473632834,63,63,63,63,61,63,0.383145,8046,1.33458767306251,26,-87,0.001869,51,2025-02-01 18:22:48.001963,66,1.037,0.0011,"aoml_navis",1024.60121483993
"7901009",60,0.266082181911002,1,0.377538,1,0.35511,1,198.129423445069,1,4.87990790078737,68,1,25.2569999694824,36.3950004577637,0.377537995576859,0.364455014467239,191.056701660156,-87.1724,25.5209,55.6302473632834,63,63,63,63,61,63,0.35511,8046,1.33458767306251,26,-87,0.001869,51,2025-02-01 18:22:48.001963,68,1.037,0.0011,"aoml_navis",1024.60950117383
"7901009",60,0.259080019229133,1,0.368193,1,0.345765,1,198.116147399635,1,4.87986696920134,70,1,25.2569999694824,36.3950004577637,0.368193000555038,0.355109989643097,191.043899536133,-87.1724,25.5209,55.6302473632834,63,63,63,63,61,63,0.345765,8046,1.33458767306251,26,-87,0.001869,51,2025-02-01 18:22:48.001963,70,1.037,0.0011,"aoml_navis",1024.61809544335
"7901009",60,0.260480451765507,1,0.370062,1,0.347634,1,198.042931354079,1,4.87982097459438,72,1,25.2560005187988,36.3959999084473,0.370061993598938,0.356979012489319,190.973297119141,-87.1724,25.5209,55.6302473632834,63,63,63,63,61,63,0.347634,8046,1.33458767306251,26,-87,0.001869,51,2025-02-01 18:22:48.001963,72,1.037,0.0011,"aoml_navis",1024.62775295063
"7901009",60,0.261880884301881,1,0.371931,1,0.349503,1,197.949714210278,1,4.87976697752884,74,1,25.2520008087158,36.3979988098145,0.371930986642838,0.358848005533218,190.883407592773,-87.1724,25.5209,55.6302473632834,63,63,63,63,61,63,0.349503,8046,1.33458767306251,26,-87,0.001869,51,2025-02-01 18:22:48.001963,74,1.037,0.0011,"aoml_navis",1024.63909096988
"7901009",60,0.268883046983749,1,0.381276,1,0.358848,1,197.919522679065,1,4.8797100301798,76,1,25.246000289917,36.4000015258789,0.38127601146698,0.368193000555038,190.854293823242,-87.1724,25.5209,55.6302473632834,63,63,63,63,61,63,0.358848,8046,1.33458767306251,26,-87,0.001869,51,2025-02-01 18:22:48.001963,76,1.037,0.0011,"aoml_navis",1024.65104874598
"7901009",60,0.256279154156386,4,0.364455,1,0.342027,1,197.864567129851,1,4.87965163174834,78,1,25.2390003204346,36.4020004272461,0.364455014467239,0.351372003555298,190.801300048828,-87.1724,25.5209,55.6302473632834,63,63,63,63,61,63,0.342027,8046,1.33458767306251,26,-87,0.001869,51,2025-02-01 18:22:48.001963,78,1.037,0.0011,"aoml_navis",1024.6633115095
"7901009",60,0.270283479520123,1,0.383145,1,0.360717,1,197.774767895243,1,4.87957869938425,80,1,25.2269992828369,36.4059982299805,0.38314500451088,0.370061993598938,190.714706420898,-87.1724,25.5209,55.6302473632834,63,63,63,63,61,63,0.360717,8046,1.33458767306251,26,-87,0.001869,51,2025-02-01 18:22:48.001963,80,1.037,0.0011,"aoml_navis",1024.67862658531
"7901009",60,0.257679586692759,1,0.366324,1,0.343896,1,197.61640476926,1,4.87950708392315,82,1,25.2110004425049,36.4080009460449,0.366324007511139,0.353240996599197,190.561996459961,-87.1724,25.5209,55.6302473632834,63,63,63,63,61,63,0.343896,8046,1.33458767306251,26,-87,0.001869,51,2025-02-01 18:22:48.001963,82,1.037,0.0011,"aoml_navis",1024.69366557
"7901009",60,0.252077856547265,4,0.358848,1,0.33642,1,197.53064056634,1,4.87944576242314,84,1,25.2019996643066,36.4099998474121,0.358848005533218,0.345764994621277,190.479293823242,-87.1724,25.5209,55.6302473632834,63,63,63,63,61,63,0.33642,8046,1.33458767306251,26,-87,0.001869,51,2025-02-01 18:22:48.001963,84,1.037,0.0011,"aoml_navis",1024.70654321137
"7901009",60,0.267482614447375,1,0.379407,1,0.356979,1,197.36639104119,1,4.87940191380402,86,1,25.2000007629395,36.4099998474121,0.379406988620758,0.366324007511139,190.320907592773,-87.1724,25.5209,55.6302473632834,63,63,63,63,61,63,0.356979,8046,1.33458767306251,26,-87,0.001869,51,2025-02-01 18:22:48.001963,86,1.037,0.0011,"aoml_navis",1024.71575171023
"7901009",60,0.242274828792649,4,0.345765,1,0.323337,1,196.990262793327,1,4.87935608376502,88,1,25.2040004730225,36.4129981994629,0.345764994621277,0.332682013511658,189.958206176758,-87.1724,25.5209,55.6302473632834,63,63,63,63,61,63,0.323337,8046,1.33458767306251,26,-87,0.001869,51,2025-02-01 18:22:48.001963,88,1.037,0.0011,"aoml_navis",1024.7253764972
"7901009",60,0.247876558938144,1,0.353241,1,0.330813,1,196.600241377537,1,4.87931009443723,90,1,25.2029991149902,36.4140014648438,0.353240996599197,0.340157985687256,189.582107543945,-87.1724,25.5209,55.6302473632834,63,63,63,63,61,63,0.330813,8046,1.33458767306251,26,-87,0.001869,51,2025-02-01 18:22:48.001963,90,1.037,0.0011,"aoml_navis",1024.73503491823
"7901009",60,0.256279154156386,1,0.364455,1,0.342027,1,195.746460319831,1,4.87926265693403,92,1,25.201000213623,36.4150009155273,0.364455014467239,0.351372003555298,188.758804321289,-87.1724,25.5209,55.6302473632834,63,63,63,63,61,63,0.342027,8046,1.33458767306251,26,-87,0.001869,51,2025-02-01 18:22:48.001963,92,1.037,0.0011,"aoml_navis",1024.74499766771
"7901009",60,0.239473963719901,1,0.342027,1,0.319599,1,194.184491641884,1,4.87917323015604,94,1,25.1900005340576,36.423999786377,0.342027008533478,0.328943997621536,187.252593994141,-87.1724,25.5209,55.6302473632834,63,63,63,63,61,63,0.319599,8046,1.33458767306251,26,-87,0.001869,51,2025-02-01 18:22:48.001963,94,1.037,0.0011,"aoml_navis",1024.76377946517
"7901009",60,0.196060555092317,4,0.284088,1,0.26166,1,192.67708292181,1,4.87903410256593,96,1,25.1770000457764,36.4459991455078,0.284087985754013,0.271005004644394,185.79899597168,-87.1724,25.5209,55.6302473632834,63,63,63,63,61,63,0.26166,8046,1.33458767306251,26,-87,0.001869,51,2025-02-01 18:22:48.001963,96,1.037,0.0011,"aoml_navis",1024.79300101027
"7901009",60,0.201662285237812,1,0.291564,1,0.269136,1,192.136689325144,1,4.87895641408725,98,1,25.173999786377,36.4550018310547,0.291563987731934,0.278481006622314,185.277893066406,-87.1724,25.5209,55.6302473632834,63,63,63,63,61,63,0.269136,8046,1.33458767306251,26,-87,0.001869,51,2025-02-01 18:22:48.001963,98,1.037,0.0011,"aoml_navis",1024.80931896896
"7901009",60,0.183456662264954,1,0.267267,1,0.244839,1,191.700731842735,1,4.87891192343351,100,1,25.173999786377,36.4560012817383,0.267266988754272,0.254184007644653,184.857498168945,-87.1724,25.5209,55.6302473632834,63,63,63,63,61,63,0.244839,8046,1.33458767306251,26,-87,0.001869,51,2025-02-01 18:22:48.001963,100,1.037,0.0011,"aoml_navis",1024.81866417488
"7901009",60,0.184857094801327,1,0.269136,1,0.246708,1,191.120731640919,1,4.87885877802371,102,1,25.1730003356934,36.4589996337891,0.269136011600494,0.256053000688553,184.298202514648,-87.1724,25.5209,55.6302473632834,63,63,63,63,61,63,0.246708,8046,1.33458767306251,26,-87,0.001869,51,2025-02-01 18:22:48.001963,102,1.037,0.0011,"aoml_navis",1024.82982752482
"7901009",60,0.184857094801327,1,0.269136,1,0.246708,1,190.491155932138,1,4.87881510045066,104,1,25.1760005950928,36.4609985351562,0.269136011600494,0.256053000688553,183.691101074219,-87.1724,25.5209,55.6302473632834,63,63,63,63,61,63,0.246708,8046,1.33458767306251,26,-87,0.001869,51,2025-02-01 18:22:48.001963,104,1.037,0.0011,"aoml_navis",1024.83900230983
"7901009",60,0.183456662264954,1,0.267267,1,0.244839,1,189.157443458458,1,4.87877567997358,106,1,25.1770000457764,36.4609985351562,0.267266988754272,0.254184007644653,182.404998779297,-87.1724,25.5209,55.6302473632834,63,63,63,63,61,63,0.244839,8046,1.33458767306251,26,-87,0.001869,51,2025-02-01 18:22:48.001963,106,1.037,0.0011,"aoml_navis",1024.84728300258
"7901009",60,0.179255364655833,1,0.26166,1,0.239232,1,186.362464038822,1,4.87871761532113,108,1,25.1800003051758,36.4669990539551,0.261660009622574,0.248576998710632,179.70979309082,-87.1724,25.5209,55.6302473632834,63,63,63,63,61,63,0.239232,8046,1.33458767306251,26,-87,0.001869,51,2025-02-01 18:22:48.001963,108,1.037,0.0011,"aoml_navis",1024.85948034746
"7901009",60,0.103632007691653,1,0.160734,1,0.138306,1,185.728853298354,1,4.87833014710018,110,1,25.0809993743896,36.5229988098145,0.160733997821808,0.147651001811028,179.09880065918,-87.1724,25.5209,55.6302473632834,63,63,63,63,61,63,0.138306,8046,1.33458767306251,26,-87,0.001869,51,2025-02-01 18:22:48.001963,110,1.037,0.0011,"aoml_navis",1024.94088125055
"7901009",60,0.0770237895005531,1,0.125223,1,0.102795,1,188.840638088224,1,4.87768136607164,112,1,24.7530002593994,36.5589981079102,0.125222995877266,0.112139999866486,182.099502563477,-87.1724,25.5209,55.6302473632834,63,63,63,63,61,63,0.102795,8046,1.33458767306251,26,-87,0.001869,51,2025-02-01 18:22:48.001963,112,1.037,0.0011,"aoml_navis",1025.07720876956
"7901009",60,0.0784242220369268,1,0.127092,1,0.104664,1,188.869152312147,1,4.877368211678,114,1,24.5900001525879,36.5690002441406,0.127092003822327,0.114009000360966,182.126998901367,-87.1724,25.5209,55.6302473632834,63,63,63,63,61,63,0.104664,8046,1.33458767306251,26,-87,0.001869,51,2025-02-01 18:22:48.001963,114,1.037,0.0011,"aoml_navis",1025.14302447545
"7901009",60,0.0714220593550583,1,0.117747,1,0.095319,1,183.996922756281,1,4.8772378001232,116,1,24.5480003356934,36.5769996643066,0.117747001349926,0.104663997888565,177.428695678711,-87.1724,25.5209,55.6302473632834,63,63,63,63,61,63,0.095319,8046,1.33458767306251,26,-87,0.001869,51,2025-02-01 18:22:48.001963,116,1.037,0.0011,"aoml_navis",1025.17043558419
"7901009",60,0.0630194641368162,4,0.106533,1,0.084105,1,176.25920358,1,4.87696780543882,118,1,24.503999710083,36.6230010986328,0.106532998383045,0.0934500023722649,169.967193603516,-87.1724,25.5209,55.6302473632834,63,63,63,63,61,63,0.084105,8046,1.33458767306251,26,-87,0.001869,51,2025-02-01 18:22:48.001963,118,1.037,0.0011,"aoml_navis",1025.2271902275
"7901009",60,0.100831142618906,1,0.156996,1,0.134568,1,168.898134832154,1,4.87669611708363,120,1,24.632999420166,36.7389984130859,0.156995996832848,0.143913000822067,162.868896484375,-87.1724,25.5209,55.6302473632834,63,63,63,63,61,63,0.134568,8046,1.33458767306251,26,-87,0.001869,51,2025-02-01 18:22:48.001963,120,1.037,0.0011,"aoml_navis",1025.28430723506
"7901009",60,0.124638495737259,1,0.188769,1,0.166341,1,173.509859577564,1,4.87638989216923,122,1,24.5690002441406,36.7869987487793,0.188768997788429,0.175686001777649,167.315994262695,-87.1724,25.5209,55.6302473632834,63,63,63,63,61,63,0.166341,8046,1.33458767306251,26,-87,0.001869,51,2025-02-01 18:22:48.001963,122,1.037,0.0011,"aoml_navis",1025.34869248853
"7901009",60,0.141443686173743,1,0.211197,1,0.188769,1,181.081351271985,1,4.87619411308015,124,1,24.2040004730225,36.6839981079102,0.211197003722191,0.198113992810249,174.617202758789,-87.1724,25.5209,55.6302473632834,63,63,63,63,61,63,0.188769,8046,1.33458767306251,26,-87,0.001869,51,2025-02-01 18:22:48.001963,124,1.037,0.0011,"aoml_navis",1025.38986021655
"7901009",60,0.138642821100996,1,0.207459,1,0.185031,1,182.423466105766,1,4.876024891717,126,1,23.8540000915527,36.5810012817383,0.207459002733231,0.19437600672245,175.911407470703,-87.1724,25.5209,55.6302473632834,63,63,63,63,61,63,0.185031,8046,1.33458767306251,26,-87,0.001869,51,2025-02-01 18:22:48.001963,126,1.037,0.0011,"aoml_navis",1025.42544614438
"7901009",60,0.149846281391985,1,0.222411,1,0.199983,1,175.509542163478,1,4.87587642013649,128,1,23.6609992980957,36.5349998474121,0.222411006689072,0.20932799577713,169.244293212891,-87.1724,25.5209,55.6302473632834,63,63,63,63,61,63,0.199983,8046,1.33458767306251,26,-87,0.001869,51,2025-02-01 18:22:48.001963,128,1.037,0.0011,"aoml_navis",1025.4566705897
"7901009",60,0.11763633305539,1,0.179424,1,0.156996,1,160.421435205582,1,4.87565536065472,130,1,24.048999786377,36.7379989624023,0.179424002766609,0.166341006755829,154.694793701172,-87.1724,25.5209,55.6302473632834,63,63,63,63,61,63,0.156996,8046,1.33458767306251,26,-87,0.001869,51,2025-02-01 18:22:48.001963,130,1.037,0.0011,"aoml_navis",1025.50316422049
"7901009",60,0.09102811486429,1,0.143913,1,0.121485,1,156.663602283455,1,4.87532986638619,132,1,24.3099994659424,36.9210014343262,0.143913000822067,0.130830004811287,151.071105957031,-87.1724,25.5209,55.6302473632834,63,63,63,63,61,63,0.121485,8046,1.33458767306251,26,-87,0.001869,51,2025-02-01 18:22:48.001963,132,1.037,0.0011,"aoml_navis",1025.57163043948
"7901009",60,0.0812250871096742,1,0.13083,1,0.108402,1,156.126943069056,1,4.87513739319235,134,1,24.2269992828369,36.9300003051758,0.130830004811287,0.117747001349926,150.553604125977,-87.1724,25.5209,55.6302473632834,63,63,63,63,61,63,0.108402,8046,1.33458767306251,26,-87,0.001869,51,2025-02-01 18:22:48.001963,134,1.037,0.0011,"aoml_navis",1025.61212059008
"7901009",60,0.0756233569641794,4,0.123354,1,0.100926,1,155.704356574002,1,4.87492787149396,136,1,24.1469993591309,36.9449996948242,0.123354002833366,0.110270999372005,150.146102905273,-87.1724,25.5209,55.6302473632834,63,63,63,63,61,63,0.100926,8046,1.33458767306251,26,-87,0.001869,51,2025-02-01 18:22:48.001963,136,1.037,0.0011,"aoml_navis",1025.65620083066
"7901009",60,0.0826255196460479,1,0.132699,1,0.110271,1,155.25159437139,1,4.87477525843048,138,1,24.0839996337891,36.951000213623,0.132698997855186,0.119616001844406,149.709503173828,-87.1724,25.5209,55.6302473632834,63,63,63,63,61,63,0.110271,8046,1.33458767306251,26,-87,0.001869,51,2025-02-01 18:22:48.001963,138,1.037,0.0011,"aoml_navis",1025.68831072837
"7901009",60,0.0854263847187953,1,0.136437,1,0.114009,1,154.759636978624,1,4.87461205338672,140,1,24.0160007476807,36.9580001831055,0.136436998844147,0.123354002833366,149.235107421875,-87.1724,25.5209,55.6302473632834,63,63,63,63,61,63,0.114009,8046,1.33458767306251,26,-87,0.001869,51,2025-02-01 18:22:48.001963,140,1.037,0.0011,"aoml_navis",1025.72265141103
"7901009",60,0.0826255196460479,1,0.132699,1,0.110271,1,154.924108034925,1,4.87420952832656,142,1,23.8099994659424,36.9770011901855,0.132698997855186,0.119616001844406,149.393707275391,-87.1724,25.5209,55.6302473632834,63,63,63,63,61,63,0.110271,8046,1.33458767306251,26,-87,0.001869,51,2025-02-01 18:22:48.001963,142,1.037,0.0011,"aoml_navis",1025.80735828905
"7901009",60,0.0826255196460479,1,0.132699,1,0.110271,1,154.570781672008,1,4.87401417685833,144,1,23.7290000915527,36.9879989624023,0.132698997855186,0.119616001844406,149.052993774414,-87.1724,25.5209,55.6302473632834,63,63,63,63,61,63,0.110271,8046,1.33458767306251,26,-87,0.001869,51,2025-02-01 18:22:48.001963,144,1.037,0.0011,"aoml_navis",1025.84847285423
"7901009",60,0.0770237895005531,1,0.125223,1,0.102795,1,153.535534953953,1,4.87380466597774,146,1,23.6200008392334,36.992000579834,0.125222995877266,0.112139999866486,148.054702758789,-87.1724,25.5209,55.6302473632834,63,63,63,63,61,63,0.102795,8046,1.33458767306251,26,-87,0.001869,51,2025-02-01 18:22:48.001963,146,1.037,0.0011,"aoml_navis",1025.89257113712
"7901009",60,0.072822491891432,1,0.119616,1,0.097188,1,152.841556974714,1,4.8736126569861,148,1,23.5179996490479,36.9939994812012,0.119616001844406,0.106532998383045,147.385498046875,-87.1724,25.5209,55.6302473632834,63,63,63,63,61,63,0.097188,8046,1.33458767306251,26,-87,0.001869,51,2025-02-01 18:22:48.001963,148,1.037,0.0011,"aoml_navis",1025.93298891588
"7901009",60,0.0630194641368162,1,0.106533,1,0.084105,1,152.425410706706,1,4.87346539749235,150,1,23.4449996948242,36.9949989318848,0.106532998383045,0.0934500023722649,146.98420715332,-87.1724,25.5209,55.6302473632834,63,63,63,63,61,63,0.084105,8046,1.33458767306251,26,-87,0.001869,51,2025-02-01 18:22:48.001963,150,1.037,0.0011,"aoml_navis",1025.96398910984
"7901009",60,0.0644198966731899,1,0.108402,1,0.085974,1,151.918927199866,1,4.8733634423825,152,1,23.3990001678467,36.9939994812012,0.108401998877525,0.095319002866745,146.495803833008,-87.1724,25.5209,55.6302473632834,63,63,63,63,61,63,0.085974,8046,1.33458767306251,26,-87,0.001869,51,2025-02-01 18:22:48.001963,152,1.037,0.0011,"aoml_navis",1025.98545319156
"7901009",60,0.054616868918574,1,0.095319,1,0.072891,1,151.298782388675,1,4.87324192373748,154,1,23.3390007019043,36.9930000305176,0.095319002866745,0.0822359994053841,145.897796630859,-87.1724,25.5209,55.6302473632834,63,63,63,63,61,63,0.072891,8046,1.33458767306251,26,-87,0.001869,51,2025-02-01 18:22:48.001963,154,1.037,0.0011,"aoml_navis",1026.01103705627
"7901009",60,0.0574177339913214,1,0.099057,1,0.076629,1,151.114721649124,1,4.87307874118647,156,1,23.2439994812012,36.9900016784668,0.0990569964051247,0.0859740003943443,145.720306396484,-87.1724,25.5209,55.6302473632834,63,63,63,63,61,63,0.076629,8046,1.33458767306251,26,-87,0.001869,51,2025-02-01 18:22:48.001963,156,1.037,0.0011,"aoml_navis",1026.04539461692
"7901009",60,0.0574177339913214,1,0.099057,1,0.076629,1,150.716914995726,1,4.87291604354523,158,1,23.1620006561279,36.992000579834,0.0990569964051247,0.0859740003943443,145.336700439453,-87.1724,25.5209,55.6302473632834,63,63,63,63,61,63,0.076629,8046,1.33458767306251,26,-87,0.001869,51,2025-02-01 18:22:48.001963,158,1.037,0.0011,"aoml_navis",1026.07965237224
"7901009",60,0.0490151387730792,1,0.087843,1,0.065415,1,150.508992186432,1,4.87273620928838,160,1,23.0520000457764,36.9879989624023,0.0878430008888245,0.0747599974274635,145.136199951172,-87.1724,25.5209,55.6302473632834,63,63,63,63,61,63,0.065415,8046,1.33458767306251,26,-87,0.001869,51,2025-02-01 18:22:48.001963,160,1.037,0.0011,"aoml_navis",1026.1175210899
"7901009",60,0.0406125435548371,1,0.076629,1,0.054201,1,150.036007354422,1,4.87255803043928,162,1,22.9740009307861,36.9959983825684,0.0766289979219437,0.0635460019111633,144.680099487305,-87.1724,25.5209,55.6302473632834,63,63,63,63,61,63,0.054201,8046,1.33458767306251,26,-87,0.001869,51,2025-02-01 18:22:48.001963,162,1.037,0.0011,"aoml_navis",1026.15504397579
"7901009",60,0.0420129760912108,1,0.078498,1,0.05607,1,149.377917421718,1,4.87239611963441,164,1,22.878999710083,36.9930000305176,0.0784979984164238,0.0654150024056435,144.045501708984,-87.1724,25.5209,55.6302473632834,63,63,63,63,61,63,0.05607,8046,1.33458767306251,26,-87,0.001869,51,2025-02-01 18:22:48.001963,164,1.037,0.0011,"aoml_navis",1026.18914333574
"7901009",60,0.0350108134093423,1,0.069153,1,0.046725,1,148.623793734859,1,4.87224812121681,166,1,22.7859992980957,36.9869995117188,0.0691530033946037,0.0560699999332428,143.318298339844,-87.1724,25.5209,55.6302473632834,63,63,63,63,61,63,0.046725,8046,1.33458767306251,26,-87,0.001869,51,2025-02-01 18:22:48.001963,166,1.037,0.0011,"aoml_navis",1026.22031464836
"7901009",60,0.0308095158002212,1,0.063546,1,0.041118,1,148.129763443461,1,4.87206186445587,168,1,22.6650009155273,36.9809989929199,0.0635460019111633,0.0504629984498024,142.841903686523,-87.1724,25.5209,55.6302473632834,63,63,63,63,61,63,0.041118,8046,1.33458767306251,26,-87,0.001869,51,2025-02-01 18:22:48.001963,168,1.037,0.0011,"aoml_navis",1026.25954659515
"7901009",60,0.0252077856547265,1,0.05607,1,0.033642,1,147.944753284689,1,4.87190172219027,170,1,22.5599994659424,36.9739990234375,0.0560699999332428,0.0429870001971722,142.663497924805,-87.1724,25.5209,55.6302473632834,63,63,63,63,61,63,0.033642,8046,1.33458767306251,26,-87,0.001869,51,2025-02-01 18:22:48.001963,170,1.037,0.0011,"aoml_navis",1026.29328034806
"7901009",60,0.0224069205819791,1,0.052332,1,0.029904,1,148.068684140274,1,4.87172930098157,172,1,22.451000213623,36.9690017700195,0.0523319989442825,0.0392489992082119,142.783004760742,-87.1724,25.5209,55.6302473632834,63,63,63,63,61,63,0.029904,8046,1.33458767306251,26,-87,0.001869,51,2025-02-01 18:22:48.001963,172,1.037,0.0011,"aoml_navis",1026.32960312318
"7901009",60,0.0224069205819791,1,0.052332,1,0.029904,1,148.036736183504,1,4.87156639956147,174,1,22.3460006713867,36.9630012512207,0.0523319989442825,0.0392489992082119,142.752197265625,-87.1724,25.5209,55.6302473632834,63,63,63,63,61,63,0.029904,8046,1.33458767306251,26,-87,0.001869,51,2025-02-01 18:22:48.001963,174,1.037,0.0011,"aoml_navis",1026.3639227929
"7901009",60,0.0252077856547265,1,0.05607,1,0.033642,1,147.932110185403,1,4.8714616076237,176,1,22.2859992980957,36.9580001831055,0.0560699999332428,0.0429870001971722,142.651306152344,-87.1724,25.5209,55.6302473632834,63,63,63,63,61,63,0.033642,8046,1.33458767306251,26,-87,0.001869,51,2025-02-01 18:22:48.001963,176,1.037,0.0011,"aoml_navis",1026.38600131327
"7901009",60,0.0140043253637369,1,0.041118,1,0.01869,1,147.778937217825,1,4.87137873071812,178,1,22.242000579834,36.9529991149902,0.041117999702692,0.0280349999666214,142.503601074219,-87.1724,25.5209,55.6302473632834,63,63,63,63,61,63,0.01869,8046,1.33458767306251,26,-87,0.001869,51,2025-02-01 18:22:48.001963,178,1.037,0.0011,"aoml_navis",1026.40346324765
"7901009",60,0.0154047579001106,1,0.042987,1,0.020559,1,147.767844836599,1,4.87120620514236,180,1,22.1240005493164,36.9449996948242,0.0429870001971722,0.0299040004611015,142.492904663086,-87.1724,25.5209,55.6302473632834,63,63,63,63,61,63,0.020559,8046,1.33458767306251,26,-87,0.001869,51,2025-02-01 18:22:48.001963,180,1.037,0.0011,"aoml_navis",1026.43981581434
"7901009",60,0.00980302775461585,1,0.035511,1,0.013083,1,147.596522138256,1,4.87103464714809,182,1,22.0009994506836,36.935001373291,0.0355109982192516,0.0224280003458261,142.327697753906,-87.1724,25.5209,55.6302473632834,63,63,63,63,61,63,0.013083,8046,1.33458767306251,26,-87,0.001869,51,2025-02-01 18:22:48.001963,182,1.037,0.0011,"aoml_navis",1026.4759670571
"7901009",60,0.00840259521824216,1,0.033642,1,0.011214,1,147.396273800995,1,4.87085471627725,184,1,21.8659992218018,36.9230003356934,0.0336420014500618,0.020558999851346,142.13459777832,-87.1724,25.5209,55.6302473632834,63,63,63,63,61,63,0.011214,8046,1.33458767306251,26,-87,0.001869,51,2025-02-01 18:22:48.001963,184,1.037,0.0011,"aoml_navis",1026.51388539493
"7901009",60,0.00840259521824216,1,0.033642,1,0.011214,1,147.20961798224,1,4.87074793179451,186,1,21.7929992675781,36.9140014648438,0.0336420014500618,0.020558999851346,141.954605102539,-87.1724,25.5209,55.6302473632834,63,63,63,63,61,63,0.011214,8046,1.33458767306251,26,-87,0.001869,51,2025-02-01 18:22:48.001963,186,1.037,0.0011,"aoml_navis",1026.53639030708
"7901009",60,0.00980302775461585,1,0.035511,1,0.013083,1,146.930646967944,1,4.87068071017062,188,1,21.7520008087158,36.9059982299805,0.0355109982192516,0.0224280003458261,141.685592651367,-87.1724,25.5209,55.6302473632834,63,63,63,63,61,63,0.013083,8046,1.33458767306251,26,-87,0.001869,51,2025-02-01 18:22:48.001963,188,1.037,0.0011,"aoml_navis",1026.55055782231
"7901009",60,0.0112034602909895,1,0.03738,1,0.014952,1,147.256281936929,1,4.8704621899718,190,1,21.5709991455078,36.8880004882812,0.0373799987137318,0.0242970008403063,141.999603271484,-87.1724,25.5209,55.6302473632834,63,63,63,63,61,63,0.014952,8046,1.33458767306251,26,-87,0.001869,51,2025-02-01 18:22:48.001963,190,1.037,0.0011,"aoml_navis",1026.59661547007
"7901009",60,0.00980302775461585,1,0.035511,1,0.013083,1,147.672428204937,1,4.87029589844553,192,1,21.4500007629395,36.8779983520508,0.0355109982192516,0.0224280003458261,142.400894165039,-87.1724,25.5209,55.6302473632834,63,63,63,63,61,63,0.013083,8046,1.33458767306251,26,-87,0.001869,51,2025-02-01 18:22:48.001963,192,1.037,0.0011,"aoml_navis",1026.63166761508
"7901009",60,0.00420129760912108,4,0.028035,1,0.005607,1,147.986749261544,1,4.87013450144824,194,1,21.3349990844727,36.8689994812012,0.0280349999666214,0.0149520002305508,142.703994750977,-87.1724,25.5209,55.6302473632834,63,63,63,63,61,63,0.005607,8046,1.33458767306251,26,-87,0.001869,51,2025-02-01 18:22:48.001963,194,1.037,0.0011,"aoml_navis",1026.66569034451
"7901009",60,0.00980302775461585,1,0.035511,1,0.013083,1,148.404462071265,1,4.86997518786222,196,1,21.2129993438721,36.8569984436035,0.0355109982192516,0.0224280003458261,143.106796264648,-87.1724,25.5209,55.6302473632834,63,63,63,63,61,63,0.013083,8046,1.33458767306251,26,-87,0.001869,51,2025-02-01 18:22:48.001963,196,1.037,0.0011,"aoml_navis",1026.69927609936
"7901009",60,0,1,0.022428,1,0,1,149.034971375613,1,4.86980785508711,198,1,21.0790004730225,36.8429985046387,0.0224280003458261,0.00934499967843294,143.714797973633,-87.1724,25.5209,55.6302473632834,63,63,63,63,61,63,0,8046,1.33458767306251,26,-87,0.001869,51,2025-02-01 18:22:48.001963,198,1.037,0.0011,"aoml_navis",1026.73455478883
"7901009",60,0.00140043253637369,1,0.024297,1,0.001869,1,149.570079871952,1,4.86961562480277,200,1,20.9309997558594,36.8310012817383,0.0242970008403063,0.0112140001729131,144.230804443359,-87.1724,25.5209,55.6302473632834,63,63,63,63,61,63,0.001869,8046,1.33458767306251,26,-87,0.001869,51,2025-02-01 18:22:48.001963,200,1.037,0.0011,"aoml_navis",1026.77508560083
"7901009",60,-0.00280086507274739,1,0.01869,1,-0.003738,1,149.592581107478,1,4.86946336295242,202,1,20.8239994049072,36.8230018615723,0.0186899993568659,0.00560700008645654,144.252502441406,-87.1724,25.5209,55.6302473632834,63,63,63,63,61,63,-0.003738,8046,1.33458767306251,26,-87,0.001869,51,2025-02-01 18:22:48.001963,202,1.037,0.0011,"aoml_navis",1026.80719153587
"7901009",60,-0.00280086507274739,1,0.01869,1,-0.003738,1,149.396367801904,1,4.86936991861178,204,1,20.7590007781982,36.8139991760254,0.0186899993568659,0.00560700008645654,144.063293457031,-87.1724,25.5209,55.6302473632834,63,63,63,63,61,63,-0.003738,8046,1.33458767306251,26,-87,0.001869,51,2025-02-01 18:22:48.001963,204,1.037,0.0011,"aoml_navis",1026.82689620456
"7901009",60,0,1,0.022428,1,0,1,149.488983646866,1,4.86926780196103,206,1,20.6900005340576,36.8059997558594,0.0224280003458261,0.00934499967843294,144.152603149414,-87.1724,25.5209,55.6302473632834,63,63,63,63,61,63,0,8046,1.33458767306251,26,-87,0.001869,51,2025-02-01 18:22:48.001963,206,1.037,0.0011,"aoml_navis",1026.84843047374
"7901009",60,-0.00140043253637369,1,0.020559,1,-0.001869,1,149.242577711833,1,4.86919143324972,208,1,20.6490001678467,36.8009986877441,0.020558999851346,0.00747600011527538,143.914993286133,-87.1724,25.5209,55.6302473632834,63,63,63,63,61,63,-0.001869,8046,1.33458767306251,26,-87,0.001869,51,2025-02-01 18:22:48.001963,208,1.037,0.0011,"aoml_navis",1026.8645356305
"7901009",60,-0.00280086507274739,1,0.01869,1,-0.003738,1,148.843853286522,1,4.86911483845259,210,1,20.6049995422363,36.7949981689453,0.0186899993568659,0.00560700008645654,143.530502319336,-87.1724,25.5209,55.6302473632834,63,63,63,63,61,63,-0.003738,8046,1.33458767306251,26,-87,0.001869,51,2025-02-01 18:22:48.001963,210,1.037,0.0011,"aoml_navis",1026.88068897324
"7901009",60,-0.00140043253637369,1,0.020559,1,-0.001869,1,148.510860318578,1,4.86902867704361,212,1,20.5480003356934,36.7869987487793,0.020558999851346,0.00747600011527538,143.209396362305,-87.1724,25.5209,55.6302473632834,63,63,63,63,61,63,-0.001869,8046,1.33458767306251,26,-87,0.001869,51,2025-02-01 18:22:48.001963,212,1.037,0.0011,"aoml_navis",1026.89886045935
"7901009",60,-0.00420129760912108,1,0.016821,1,-0.005607,1,148.160144858518,1,4.86894134187313,214,1,20.4899997711182,36.7789993286133,0.0168210007250309,0.00373800005763769,142.871200561523,-87.1724,25.5209,55.6302473632834,63,63,63,63,61,63,-0.005607,8046,1.33458767306251,26,-87,0.001869,51,2025-02-01 18:22:48.001963,214,1.037,0.0011,"aoml_navis",1026.91728014872
"7901009",60,0,1,0.013083,1,-0.009345,1,147.878689530595,1,4.86881925589419,216,1,20.3910007476807,36.765998840332,0.0130829997360706,0,142.599792480469,-87.1724,25.5209,55.6302473632834,63,63,63,63,61,63,0,8046,1.33458767306251,26,-87,0.001869,51,2025-02-01 18:22:48.001963,216,1.037,0.0011,"aoml_navis",1026.9430301704
"7901009",60,0,1,0.020559,1,-0.001869,1,147.656367196456,1,4.86871837637253,218,1,20.3110008239746,36.7540016174316,0.020558999851346,0,142.385406494141,-87.1724,25.5209,55.6302473632834,63,63,63,63,61,63,0,8046,1.33458767306251,26,-87,0.001869,51,2025-02-01 18:22:48.001963,218,1.037,0.0011,"aoml_navis",1026.96430836184
"7901009",60,0,1,0.016821,1,-0.005607,1,148.115237329387,1,4.86860539823212,220,1,20.2269992828369,36.7439994812012,0.0168210007250309,0,142.827896118164,-87.1724,25.5209,55.6302473632834,63,63,63,63,61,63,0,8046,1.33458767306251,26,-87,0.001869,51,2025-02-01 18:22:48.001963,220,1.037,0.0011,"aoml_navis",1026.98813952258
"7901009",60,0,1,0.020559,1,-0.001869,1,148.375330724849,1,4.86850292658907,222,1,20.1509990692139,36.734001159668,0.020558999851346,0,143.078704833984,-87.1724,25.5209,55.6302473632834,63,63,63,63,61,63,0,8046,1.33458767306251,26,-87,0.001869,51,2025-02-01 18:22:48.001963,222,1.037,0.0011,"aoml_navis",1027.00975544099
"7901009",60,0,1,0.022428,1,0,1,148.286971442726,1,4.86840430360883,224,1,20.0750007629395,36.7229995727539,0.0224280003458261,0,142.993499755859,-87.1724,25.5209,55.6302473632834,63,63,63,63,61,63,0,8046,1.33458767306251,26,-87,0.001869,51,2025-02-01 18:22:48.001963,224,1.037,0.0011,"aoml_navis",1027.03056036115
"7901009",60,0,1,0.01869,1,-0.003738,1,148.060281780173,1,4.86833631713788,226,1,20.0370006561279,36.7169990539551,0.0186899993568659,0,142.77490234375,-87.1724,25.5209,55.6302473632834,63,63,63,63,61,63,0,8046,1.33458767306251,26,-87,0.001869,51,2025-02-01 18:22:48.001963,226,1.037,0.0011,"aoml_navis",1027.04490287547
"7901009",60,0,1,0.020559,1,-0.001869,1,147.94755407139,1,4.86825499333806,228,1,19.9799995422363,36.7080001831055,0.020558999851346,0,142.666198730469,-87.1724,25.5209,55.6302473632834,63,63,63,63,61,63,0,8046,1.33458767306251,26,-87,0.001869,51,2025-02-01 18:22:48.001963,228,1.037,0.0011,"aoml_navis",1027.06205957622
"7901009",60,0,1,0.024297,1,0.001869,1,148.135048543789,1,4.86815940855133,230,1,19.9060001373291,36.6969985961914,0.0242970008403063,0,142.84700012207,-87.1724,25.5209,55.6302473632834,63,63,63,63,61,63,0,8046,1.33458767306251,26,-87,0.001869,51,2025-02-01 18:22:48.001963,230,1.037,0.0011,"aoml_navis",1027.08222561839
"7901009",60,0,1,0.020559,1,-0.001869,1,148.144479441379,1,4.86807613153688,232,1,19.8700008392334,36.6959991455078,0.020558999851346,0,142.856094360352,-87.1724,25.5209,55.6302473632834,63,63,63,63,61,63,0,8046,1.33458767306251,26,-87,0.001869,51,2025-02-01 18:22:48.001963,232,1.037,0.0011,"aoml_navis",1027.09979566845
"7901009",60,0,1,0.01869,1,-0.003738,1,145.633439663293,1,4.86802296927027,234,1,19.8519992828369,36.693000793457,0.0186899993568659,0,140.434692382812,-87.1724,25.5209,55.6302473632834,63,63,63,63,61,63,0,8046,1.33458767306251,26,-87,0.001869,51,2025-02-01 18:22:48.001963,234,1.037,0.0011,"aoml_navis",1027.11101232735
"7901009",60,0,1,0.01869,1,-0.003738,1,141.711024919289,1,4.86791000964977,236,1,19.7040004730225,36.6609992980957,0.0186899993568659,0,136.652297973633,-87.1724,25.5209,55.6302473632834,63,63,63,63,61,63,0,8046,1.33458767306251,26,-87,0.001869,51,2025-02-01 18:22:48.001963,236,1.037,0.0011,"aoml_navis",1027.1348463896
"7901009",60,0,1,0.026166,1,0.003738,1,137.376799588384,1,4.86773787442859,238,1,19.4650001525879,36.6139984130859,0.0261659994721413,0,132.472793579102,-87.1724,25.5209,55.6302473632834,63,63,63,63,61,63,0,8046,1.33458767306251,26,-87,0.001869,51,2025-02-01 18:22:48.001963,238,1.037,0.0011,"aoml_navis",1027.17116841197
"7901009",60,0,1,0.029904,1,0.007476,1,135.768594194398,1,4.86757150568968,240,1,19.2520008087158,36.5750007629395,0.0299040004611015,0,130.921997070312,-87.1724,25.5209,55.6302473632834,63,63,63,63,61,63,0,8046,1.33458767306251,26,-87,0.001869,51,2025-02-01 18:22:48.001963,240,1.037,0.0011,"aoml_navis",1027.20627609795
"7901009",60,0,1,0.029904,1,0.007476,1,136.055951745142,1,4.86749871001795,242,1,19.1830005645752,36.560001373291,0.0299040004611015,0,131.199096679688,-87.1724,25.5209,55.6302473632834,63,63,63,63,61,63,0,8046,1.33458767306251,26,-87,0.001869,51,2025-02-01 18:22:48.001963,242,1.037,0.0011,"aoml_navis",1027.22163843811
"7901009",60,0,1,0.026166,1,0.003738,1,134.764029540819,1,4.8674129845039,244,1,19.1180000305176,36.5499992370605,0.0261659994721413,0,129.95329284668,-87.1724,25.5209,55.6302473632834,63,63,63,63,61,63,0,8046,1.33458767306251,26,-87,0.001869,51,2025-02-01 18:22:48.001963,244,1.037,0.0011,"aoml_navis",1027.23972999994
"7901009",60,0,1,0.024297,1,0.001869,1,134.409168283496,1,4.86723314055507,246,1,18.9209995269775,36.5209999084473,0.0242970008403063,0,129.611099243164,-87.1724,25.5209,55.6302473632834,63,63,63,63,61,63,0,8046,1.33458767306251,26,-87,0.001869,51,2025-02-01 18:22:48.001963,246,1.037,0.0011,"aoml_navis",1027.27768644133
"7901009",60,0,1,0.028035,1,0.005607,1,134.822102349808,1,4.86708877856242,248,1,18.7929992675781,36.5060005187988,0.0280349999666214,0,130.009292602539,-87.1724,25.5209,55.6302473632834,63,63,63,63,61,63,0,8046,1.33458767306251,26,-87,0.001869,51,2025-02-01 18:22:48.001963,248,1.037,0.0011,"aoml_navis",1027.30815637122
"7901009",60,0,1,0.024297,1,0.001869,1,134.567832058899,1,4.86699180763141,250,1,18.7180004119873,36.4959983825684,0.0242970008403063,0,129.764099121094,-87.1724,25.5209,55.6302473632834,63,63,63,63,61,63,0,8046,1.33458767306251,26,-87,0.001869,51,2025-02-01 18:22:48.001963,250,1.037,0.0011,"aoml_navis",1027.3286246671
"7901009",60,0,1,0.022428,1,0,1,133.363746956127,1,4.86693184491646,252,1,18.681999206543,36.4889984130859,0.0224280003458261,0,128.602996826172,-87.1724,25.5209,55.6302473632834,63,63,63,63,61,63,0,8046,1.33458767306251,26,-87,0.001869,51,2025-02-01 18:22:48.001963,252,1.037,0.0011,"aoml_navis",1027.34128180211
"7901009",60,0,1,0.020559,1,-0.001869,1,133.308791406913,1,4.86677259765846,254,1,18.5139999389648,36.4650001525879,0.020558999851346,0,128.550003051758,-87.1724,25.5209,55.6302473632834,63,63,63,63,61,63,0,8046,1.33458767306251,26,-87,0.001869,51,2025-02-01 18:22:48.001963,254,1.037,0.0011,"aoml_navis",1027.37489777222
"7901009",60,0,1,0.020559,1,-0.001869,1,135.19387909291,1,4.86666790278088,256,1,18.4230003356934,36.4519996643066,0.020558999851346,0,130.367797851562,-87.1724,25.5209,55.6302473632834,63,63,63,63,61,63,0,8046,1.33458767306251,26,-87,0.001869,51,2025-02-01 18:22:48.001963,256,1.037,0.0011,"aoml_navis",1027.39699931917
"7901009",60,0,1,0.024297,1,0.001869,1,137.17240545386,1,4.86657564669725,258,1,18.3540000915527,36.443000793457,0.0242970008403063,0,132.275695800781,-87.1724,25.5209,55.6302473632834,63,63,63,63,61,63,0,8046,1.33458767306251,26,-87,0.001869,51,2025-02-01 18:22:48.001963,258,1.037,0.0011,"aoml_navis",1027.41647577045
"7901009",60,0,1,0.022428,1,0,1,135.32175003826,1,4.86639811452654,260,1,18.1840000152588,36.423999786377,0.0224280003458261,0,130.491104125977,-87.1724,25.5209,55.6302473632834,63,63,63,63,61,63,0,8046,1.33458767306251,26,-87,0.001869,51,2025-02-01 18:22:48.001963,260,1.037,0.0011,"aoml_navis",1027.45395718337
"7901009",60,0,1,0.022428,1,0,1,133.537553968097,1,4.86626023915862,262,1,18.0279998779297,36.398998260498,0.0224280003458261,0,128.770599365234,-87.1724,25.5209,55.6302473632834,63,63,63,63,61,63,0,8046,1.33458767306251,26,-87,0.001869,51,2025-02-01 18:22:48.001963,262,1.037,0.0011,"aoml_navis",1027.48306795538
"7901009",60,0,1,0.022428,1,0,1,132.214941787471,1,4.86618470277609,264,1,17.9629993438721,36.3870010375977,0.0224280003458261,0,127.49520111084,-87.1724,25.5209,55.6302473632834,63,63,63,63,61,63,0,8046,1.33458767306251,26,-87,0.001869,51,2025-02-01 18:22:48.001963,264,1.037,0.0011,"aoml_navis",1027.49901727889
"7901009",60,0,1,0.026166,1,0.003738,1,131.211413583208,1,4.86606790893608,266,1,17.8509998321533,36.3709983825684,0.0261659994721413,0,126.527496337891,-87.1724,25.5209,55.6302473632834,63,63,63,63,61,63,0,8046,1.33458767306251,26,-87,0.001869,51,2025-02-01 18:22:48.001963,266,1.037,0.0011,"aoml_navis",1027.52367898894
"7901009",60,0,1,0.022428,1,0,1,130.454702728972,1,4.86598571289519,268,1,17.7800006866455,36.359001159668,0.0224280003458261,0,125.797798156738,-87.1724,25.5209,55.6302473632834,63,63,63,63,61,63,0,8046,1.33458767306251,26,-87,0.001869,51,2025-02-01 18:22:48.001963,268,1.037,0.0011,"aoml_navis",1027.54103587885
"7901009",60,0,1,0.016821,1,-0.005607,1,129.737084211142,1,4.86592496936307,270,1,17.7299995422363,36.3479995727539,0.0168210007250309,0,125.105796813965,-87.1724,25.5209,55.6302473632834,63,63,63,63,61,63,0,8046,1.33458767306251,26,-87,0.001869,51,2025-02-01 18:22:48.001963,270,1.037,0.0011,"aoml_navis",1027.55386313622
"7901009",60,0,1,0.020559,1,-0.001869,1,129.159054054209,1,4.86584650208669,272,1,17.6679992675781,36.3380012512207,0.020558999851346,0,124.548400878906,-87.1724,25.5209,55.6302473632834,63,63,63,63,61,63,0,8046,1.33458767306251,26,-87,0.001869,51,2025-02-01 18:22:48.001963,272,1.037,0.0011,"aoml_navis",1027.57043360406
"7901009",60,0,1,0.01869,1,-0.003738,1,128.270017896114,1,4.8657702951947,274,1,17.617000579834,36.3310012817383,0.0186899993568659,0,123.691101074219,-87.1724,25.5209,55.6302473632834,63,63,63,63,61,63,0,8046,1.33458767306251,26,-87,0.001869,51,2025-02-01 18:22:48.001963,274,1.037,0.0011,"aoml_navis",1027.58652724274
"7901009",60,0,1,0.016821,1,-0.005607,1,127.321041737896,1,4.86568632177016,276,1,17.5470008850098,36.3199996948242,0.0168210007250309,0,122.776000976562,-87.1724,25.5209,55.6302473632834,63,63,63,63,61,63,0,8046,1.33458767306251,26,-87,0.001869,51,2025-02-01 18:22:48.001963,276,1.037,0.0011,"aoml_navis",1027.6042616288
"7901009",60,0,1,0.01869,1,-0.003738,1,126.204588029179,1,4.86558534691062,278,1,17.4500007629395,36.3050003051758,0.0186899993568659,0,121.699401855469,-87.1724,25.5209,55.6302473632834,63,63,63,63,61,63,0,8046,1.33458767306251,26,-87,0.001869,51,2025-02-01 18:22:48.001963,278,1.037,0.0011,"aoml_navis",1027.62558736632
"7901009",60,0,1,0.016821,1,-0.005607,1,124.763963039442,1,4.86550382500593,280,1,17.3600006103516,36.2869987487793,0.0168210007250309,0,120.310203552246,-87.1724,25.5209,55.6302473632834,63,63,63,63,61,63,0,8046,1.33458767306251,26,-87,0.001869,51,2025-02-01 18:22:48.001963,280,1.037,0.0011,"aoml_navis",1027.64280531501
"7901009",60,0,1,0.016821,1,-0.005607,1,123.691056025639,1,4.86537499010773,282,1,17.2259998321533,36.2680015563965,0.0168210007250309,0,119.275596618652,-87.1724,25.5209,55.6302473632834,63,63,63,63,61,63,0,8046,1.33458767306251,26,-87,0.001869,51,2025-02-01 18:22:48.001963,282,1.037,0.0011,"aoml_navis",1027.67001724759
"7901009",60,0,1,0.020559,1,-0.001869,1,122.851801082006,1,4.86527529590119,284,1,17.128999710083,36.2529983520508,0.020558999851346,0,118.466300964355,-87.1724,25.5209,55.6302473632834,63,63,63,63,61,63,0,8046,1.33458767306251,26,-87,0.001869,51,2025-02-01 18:22:48.001963,284,1.037,0.0011,"aoml_navis",1027.69107520232
"7901009",60,0,1,0.016821,1,-0.005607,1,122.168511980825,1,4.86519031739985,286,1,17.0349998474121,36.2350006103516,0.0168210007250309,0,117.807403564453,-87.1724,25.5209,55.6302473632834,63,63,63,63,61,63,0,8046,1.33458767306251,26,-87,0.001869,51,2025-02-01 18:22:48.001963,286,1.037,0.0011,"aoml_navis",1027.70902550678
"7901009",60,0,1,0.024297,1,0.001869,1,121.978422429223,1,4.86505540914247,288,1,16.8910007476807,36.2150001525879,0.0242970008403063,0,117.624099731445,-87.1724,25.5209,55.6302473632834,63,63,63,63,61,63,0,8046,1.33458767306251,26,-87,0.001869,51,2025-02-01 18:22:48.001963,288,1.037,0.0011,"aoml_navis",1027.73752393528
"7901009",60,0,1,0.020559,1,-0.001869,1,121.89639260857,1,4.86497922016926,290,1,16.826000213623,36.2039985656738,0.020558999851346,0,117.544998168945,-87.1724,25.5209,55.6302473632834,63,63,63,63,61,63,0,8046,1.33458767306251,26,-87,0.001869,51,2025-02-01 18:22:48.001963,290,1.037,0.0011,"aoml_navis",1027.75361902287
"7901009",60,0,1,0.020559,1,-0.001869,1,121.746542608264,1,4.86490450449021,292,1,16.7779998779297,36.1980018615723,0.020558999851346,0,117.400497436523,-87.1724,25.5209,55.6302473632834,63,63,63,63,61,63,0,8046,1.33458767306251,26,-87,0.001869,51,2025-02-01 18:22:48.001963,292,1.037,0.0011,"aoml_navis",1027.76940336344
"7901009",60,0,1,0.020559,1,-0.001869,1,121.572118473801,1,4.86484666379859,294,1,16.7509994506836,36.1940002441406,0.020558999851346,0,117.232299804688,-87.1724,25.5209,55.6302473632834,63,63,63,63,61,63,0,8046,1.33458767306251,26,-87,0.001869,51,2025-02-01 18:22:48.001963,294,1.037,0.0011,"aoml_navis",1027.7816230483
"7901009",60,0,1,0.026166,1,0.003738,1,121.329249125365,1,4.8647961073026,296,1,16.7240009307861,36.1879997253418,0.0261659994721413,0,116.998100280762,-87.1724,25.5209,55.6302473632834,63,63,63,63,61,63,0,8046,1.33458767306251,26,-87,0.001869,51,2025-02-01 18:22:48.001963,296,1.037,0.0011,"aoml_navis",1027.79230407919
"7901009",60,0,1,0.020559,1,-0.001869,1,121.250431506408,1,4.86469608778388,298,1,16.625,36.1730003356934,0.020558999851346,0,116.922096252441,-87.1724,25.5209,55.6302473632834,63,63,63,63,61,63,0,8046,1.33458767306251,26,-87,0.001869,51,2025-02-01 18:22:48.001963,298,1.037,0.0011,"aoml_navis",1027.8134357778
"7901009",60,0,1,0.020559,1,-0.001869,1,121.371347955968,1,4.86458694302732,300,1,16.5240001678467,36.1599998474121,0.020558999851346,0,117.038696289062,-87.1724,25.5209,55.6302473632834,63,63,63,63,61,63,0,8046,1.33458767306251,26,-87,0.001869,51,2025-02-01 18:22:48.001963,300,1.037,0.0011,"aoml_navis",1027.83649640938
"7901009",60,0,1,0.020559,1,-0.001869,1,121.722799215924,1,4.86451146050584,302,1,16.4619998931885,36.1500015258789,0.020558999851346,0,117.377601623535,-87.1724,25.5209,55.6302473632834,63,63,63,63,61,63,0,8046,1.33458767306251,26,-87,0.001869,51,2025-02-01 18:22:48.001963,302,1.037,0.0011,"aoml_navis",1027.85244532656
"7901009",60,0,1,0.022428,1,0,1,122.290876294696,1,4.86446706256084,304,1,16.4529991149902,36.1479988098145,0.0224280003458261,0,117.925399780273,-87.1724,25.5209,55.6302473632834,63,63,63,63,61,63,0,8046,1.33458767306251,26,-87,0.001869,51,2025-02-01 18:22:48.001963,304,1.037,0.0011,"aoml_navis",1027.86182652613
"7901009",60,0,1,0.022428,1,0,1,123.486661891115,1,4.86442764883086,306,1,16.4419994354248,36.1440010070801,0.0224280003458261,0,119.078498840332,-87.1724,25.5209,55.6302473632834,63,63,63,63,61,63,0,8046,1.33458767306251,26,-87,0.001869,51,2025-02-01 18:22:48.001963,306,1.037,0.0011,"aoml_navis",1027.87015471424
"7901009",60,0,1,0.016821,1,-0.005607,1,126.229059309588,1,4.86434108148268,308,1,16.3700008392334,36.1339988708496,0.0168210007250309,0,121.722999572754,-87.1724,25.5209,55.6302473632834,63,63,63,63,61,63,0,8046,1.33458767306251,26,-87,0.001869,51,2025-02-01 18:22:48.001963,308,1.037,0.0011,"aoml_navis",1027.88844701572
"7901009",60,0,1,0.01869,1,-0.003738,1,128.277898075644,1,4.86420588682144,310,1,16.2320003509521,36.117000579834,0.0186899993568659,0,123.698699951172,-87.1724,25.5209,55.6302473632834,63,63,63,63,61,63,0,8046,1.33458767306251,26,-87,0.001869,51,2025-02-01 18:22:48.001963,310,1.037,0.0011,"aoml_navis",1027.91701591959
"7901009",60,0,1,0.020559,1,-0.001869,1,128.672998884263,1,4.8641322136395,312,1,16.1580009460449,36.1030006408691,0.020558999851346,0,124.079696655273,-87.1724,25.5209,55.6302473632834,63,63,63,63,61,63,0,8046,1.33458767306251,26,-87,0.001869,51,2025-02-01 18:22:48.001963,312,1.037,0.0011,"aoml_navis",1027.93258496953
"7901009",60,0,1,0.020559,1,-0.001869,1,128.402548907471,1,4.86400913919762,314,1,16.0200004577637,36.0830001831055,0.020558999851346,0,123.818901062012,-87.1724,25.5209,55.6302473632834,63,63,63,63,61,63,0,8046,1.33458767306251,26,-87,0.001869,51,2025-02-01 18:22:48.001963,314,1.037,0.0011,"aoml_navis",1027.9585948362
"7901009",60,0,1,0.01869,1,-0.003738,1,127.775148951071,1,4.86393684341364,316,1,15.9630002975464,36.0740013122559,0.0186899993568659,0,123.213897705078,-87.1724,25.5209,55.6302473632834,63,63,63,63,61,63,0,8046,1.33458767306251,26,-87,0.001869,51,2025-02-01 18:22:48.001963,316,1.037,0.0011,"aoml_navis",1027.97387403798
"7901009",60,0,1,0.020559,1,-0.001869,1,127.240467693381,1,4.86385986920193,318,1,15.8819999694824,36.0589981079102,0.020558999851346,0,122.698303222656,-87.1724,25.5209,55.6302473632834,63,63,63,63,61,63,0,8046,1.33458767306251,26,-87,0.001869,51,2025-02-01 18:22:48.001963,318,1.037,0.0011,"aoml_navis",1027.99014249159
"7901009",60,0,1,0.020559,1,-0.001869,1,126.788639086336,1,4.86376339792933,320,1,15.7930002212524,36.0470008850098,0.020558999851346,0,122.262603759766,-87.1724,25.5209,55.6302473632834,63,63,63,63,61,63,0,8046,1.33458767306251,26,-87,0.001869,51,2025-02-01 18:22:48.001963,320,1.037,0.0011,"aoml_navis",1028.01053236444
"7901009",60,0,1,0.024297,1,0.001869,1,126.622190073325,1,4.86366935349148,322,1,15.6960000991821,36.0320014953613,0.0242970008403063,0,122.102096557617,-87.1724,25.5209,55.6302473632834,63,63,63,63,61,63,0,8046,1.33458767306251,26,-87,0.001869,51,2025-02-01 18:22:48.001963,322,1.037,0.0011,"aoml_navis",1028.03041008753
"7901009",60,0,1,0.024297,1,0.001869,1,126.067183332489,1,4.86362209049513,324,1,15.6709995269775,36.0260009765625,0.0242970008403063,0,121.566902160645,-87.1724,25.5209,55.6302473632834,63,63,63,63,61,63,0,8046,1.33458767306251,26,-87,0.001869,51,2025-02-01 18:22:48.001963,324,1.037,0.0011,"aoml_navis",1028.04040013129
"7901009",60,0,1,0.01869,1,-0.003738,1,125.596579960357,1,4.86353627107817,326,1,15.5909996032715,36.0139999389648,0.0186899993568659,0,121.113098144531,-87.1724,25.5209,55.6302473632834,63,63,63,63,61,63,0,8046,1.33458767306251,26,-87,0.001869,51,2025-02-01 18:22:48.001963,326,1.037,0.0011,"aoml_navis",1028.05854039443
"7901009",60,0,1,0.01869,1,-0.003738,1,125.029745038399,1,4.86346677249788,328,1,15.5290002822876,36.0029983520508,0.0186899993568659,0,120.566497802734,-87.1724,25.5209,55.6302473632834,63,63,63,63,61,63,0,8046,1.33458767306251,26,-87,0.001869,51,2025-02-01 18:22:48.001963,328,1.037,0.0011,"aoml_navis",1028.0732312749
"7901009",60,0,1,0.026166,1,0.003738,1,124.499518139219,1,4.86337705212529,330,1,15.4350004196167,35.9879989624023,0.0261659994721413,0,120.055198669434,-87.1724,25.5209,55.6302473632834,63,63,63,63,61,63,0,8046,1.33458767306251,26,-87,0.001869,51,2025-02-01 18:22:48.001963,330,1.037,0.0011,"aoml_navis",1028.09219733745
"7901009",60,0,1,0.020559,1,-0.001869,1,124.053291105575,1,4.86327726314928,332,1,15.3179998397827,35.9690017700195,0.020558999851346,0,119.624900817871,-87.1724,25.5209,55.6302473632834,63,63,63,63,61,63,0,8046,1.33458767306251,26,-87,0.001869,51,2025-02-01 18:22:48.001963,332,1.037,0.0011,"aoml_navis",1028.11329263226
"7901009",60,0,1,0.01869,1,-0.003738,1,124.141436768373,1,4.86314161568195,334,1,15.1470003128052,35.9440002441406,0.0186899993568659,0,119.709899902344,-87.1724,25.5209,55.6302473632834,63,63,63,63,61,63,0,8046,1.33458767306251,26,-87,0.001869,51,2025-02-01 18:22:48.001963,334,1.037,0.0011,"aoml_navis",1028.14196976636
"7901009",60,0,1,0.01869,1,-0.003738,1,124.116134746146,1,4.86306225019593,336,1,15.0679998397827,35.9309997558594,0.0186899993568659,0,119.685501098633,-87.1724,25.5209,55.6302473632834,63,63,63,63,61,63,0,8046,1.33458767306251,26,-87,0.001869,51,2025-02-01 18:22:48.001963,336,1.037,0.0011,"aoml_navis",1028.15874910887
"7901009",60,0,1,0.020559,1,-0.001869,1,124.253333735338,1,4.86300891353658,338,1,15.0299997329712,35.9230003356934,0.020558999851346,0,119.817802429199,-87.1724,25.5209,55.6302473632834,63,63,63,63,61,63,0,8046,1.33458767306251,26,-87,0.001869,51,2025-02-01 18:22:48.001963,338,1.037,0.0011,"aoml_navis",1028.17002578015
"7901009",60,0,1,0.020559,1,-0.001869,1,124.485933532539,1,4.86293014521373,340,1,14.9580001831055,35.9119987487793,0.020558999851346,0,120.042098999023,-87.1724,25.5209,55.6302473632834,63,63,63,63,61,63,0,8046,1.33458767306251,26,-87,0.001869,51,2025-02-01 18:22:48.001963,340,1.037,0.0011,"aoml_navis",1028.18667977807
"7901009",60,0,1,0.022428,1,0,1,124.469548139158,1,4.86285327474913,342,1,14.8909997940063,35.9020004272461,0.0224280003458261,0,120.026298522949,-87.1724,25.5209,55.6302473632834,63,63,63,63,61,63,0,8046,1.33458767306251,26,-87,0.001869,51,2025-02-01 18:22:48.001963,342,1.037,0.0011,"aoml_navis",1028.20293303173
"7901009",60,0,1,0.020559,1,-0.001869,1,124.316691644654,1,4.86280296560286,344,1,14.8590002059937,35.8950004577637,0.020558999851346,0,119.878898620605,-87.1724,25.5209,55.6302473632834,63,63,63,63,61,63,0,8046,1.33458767306251,26,-87,0.001869,51,2025-02-01 18:22:48.001963,344,1.037,0.0011,"aoml_navis",1028.21357052046
"7901009",60,0,1,0.016821,1,-0.005607,1,124.002576295545,1,4.86274081000596,346,1,14.8090000152588,35.8860015869141,0.0168210007250309,0,119.575996398926,-87.1724,25.5209,55.6302473632834,63,63,63,63,61,63,0,8046,1.33458767306251,26,-87,0.001869,51,2025-02-01 18:22:48.001963,346,1.037,0.0011,"aoml_navis",1028.22671315559
"7901009",60,0,1,0.020559,1,-0.001869,1,123.595449510132,1,4.8626480253724,348,1,14.706000328064,35.8699989318848,0.020558999851346,0,119.183403015137,-87.1724,25.5209,55.6302473632834,63,63,63,63,61,63,0,8046,1.33458767306251,26,-87,0.001869,51,2025-02-01 18:22:48.001963,348,1.037,0.0011,"aoml_navis",1028.24633284394
"7901009",60,0,1,0.020559,1,-0.001869,1,123.509685307212,1,4.86255767788837,350,1,14.5979995727539,35.8520011901855,0.020558999851346,0,119.100700378418,-87.1724,25.5209,55.6302473632834,63,63,63,63,61,63,0,8046,1.33458767306251,26,-87,0.001869,51,2025-02-01 18:22:48.001963,350,1.037,0.0011,"aoml_navis",1028.2654379066
"7901009",60,0,1,0.022428,1,0,1,123.533428699552,1,4.86247428856503,352,1,14.5100002288818,35.8380012512207,0.0224280003458261,0,119.123596191406,-87.1724,25.5209,55.6302473632834,63,63,63,63,61,63,0,8046,1.33458767306251,26,-87,0.001869,51,2025-02-01 18:22:48.001963,352,1.037,0.0011,"aoml_navis",1028.28307221251
"7901009",60,0,1,0.01869,1,-0.003738,1,123.329659599348,1,4.86241921474702,354,1,14.4729995727539,35.8310012817383,0.0186899993568659,0,118.927101135254,-87.1724,25.5209,55.6302473632834,63,63,63,63,61,63,0,8046,1.33458767306251,26,-87,0.001869,51,2025-02-01 18:22:48.001963,354,1.037,0.0011,"aoml_navis",1028.2947189818
"7901009",60,0,1,0.022428,1,0,1,122.750173666276,1,4.86235421128394,356,1,14.4230003356934,35.8230018615723,0.0224280003458261,0,118.368301391602,-87.1724,25.5209,55.6302473632834,63,63,63,63,61,63,0,8046,1.33458767306251,26,-87,0.001869,51,2025-02-01 18:22:48.001963,356,1.037,0.0011,"aoml_navis",1028.30846596832
"7901009",60,0,1,0.01869,1,-0.003738,1,121.849103619561,1,4.86230287747636,358,1,14.378999710083,35.8129997253418,0.0186899993568659,0,117.499397277832,-87.1724,25.5209,55.6302473632834,63,63,63,63,61,63,0,8046,1.33458767306251,26,-87,0.001869,51,2025-02-01 18:22:48.001963,358,1.037,0.0011,"aoml_navis",1028.31932234446
"7901009",60,0,1,0.01869,1,-0.003738,1,120.743330877075,1,4.86219996351389,360,1,14.2609996795654,35.7960014343262,0.0186899993568659,0,116.433097839355,-87.1724,25.5209,55.6302473632834,63,63,63,63,61,63,0,8046,1.33458767306251,26,-87,0.001869,51,2025-02-01 18:22:48.001963,360,1.037,0.0011,"aoml_navis",1028.34108788618
"7901009",60,0,1,0.022428,1,0,1,120.477960293112,1,4.86209310870723,362,1,14.121000289917,35.773998260498,0.0224280003458261,0,116.177200317383,-87.1724,25.5209,55.6302473632834,63,63,63,63,61,63,0,8046,1.33458767306251,26,-87,0.001869,51,2025-02-01 18:22:48.001963,362,1.037,0.0011,"aoml_navis",1028.36368786229
"7901009",60,0,1,0.024297,1,0.001869,1,121.203150429226,1,4.86197521890802,364,1,13.9729995727539,35.7529983520508,0.0242970008403063,0,116.876502990723,-87.1724,25.5209,55.6302473632834,63,63,63,63,61,63,0,8046,1.33458767306251,26,-87,0.001869,51,2025-02-01 18:22:48.001963,364,1.037,0.0011,"aoml_navis",1028.38862291095
"7901009",60,0,1,0.01869,1,-0.003738,1,121.889548878355,1,4.86188530377403,366,1,13.8549995422363,35.7330017089844,0.0186899993568659,0,117.538398742676,-87.1724,25.5209,55.6302473632834,63,63,63,63,61,63,0,8046,1.33458767306251,26,-87,0.001869,51,2025-02-01 18:22:48.001963,366,1.037,0.0011,"aoml_navis",1028.40764180898
"7901009",60,0,1,0.022428,1,0,1,121.977900248651,1,4.86183837100682,368,1,13.8249998092651,35.726001739502,0.0224280003458261,0,117.623596191406,-87.1724,25.5209,55.6302473632834,63,63,63,63,61,63,0,8046,1.33458767306251,26,-87,0.001869,51,2025-02-01 18:22:48.001963,368,1.037,0.0011,"aoml_navis",1028.41756933285
"7901009",60,0,1,0.020559,1,-0.001869,1,121.909360092757,1,4.86176322851133,370,1,13.7530002593994,35.7150001525879,0.020558999851346,0,117.557502746582,-87.1724,25.5209,55.6302473632834,63,63,63,63,61,63,0,8046,1.33458767306251,26,-87,0.001869,51,2025-02-01 18:22:48.001963,370,1.037,0.0011,"aoml_navis",1028.43346436083
"7901009",60,0,1,0.024297,1,0.001869,1,121.675818788162,1,4.86168972397207,372,1,13.6859998703003,35.7050018310547,0.0242970008403063,0,117.332298278809,-87.1724,25.5209,55.6302473632834,63,63,63,63,61,63,0,8046,1.33458767306251,26,-87,0.001869,51,2025-02-01 18:22:48.001963,372,1.037,0.0011,"aoml_navis",1028.44901338437
"7901009",60,0,1,0.022428,1,0,1,121.301043462689,1,4.86163713308573,374,1,13.66100025177,35.701000213623,0.0224280003458261,0,116.970901489258,-87.1724,25.5209,55.6302473632834,63,63,63,63,61,63,0,8046,1.33458767306251,26,-87,0.001869,51,2025-02-01 18:22:48.001963,374,1.037,0.0011,"aoml_navis",1028.46013865836
"7901009",60,0,1,0.01869,1,-0.003738,1,120.685985956155,1,4.86159307897705,376,1,13.6479997634888,35.6980018615723,0.0186899993568659,0,116.377799987793,-87.1724,25.5209,55.6302473632834,63,63,63,63,61,63,0,8046,1.33458767306251,26,-87,0.001869,51,2025-02-01 18:22:48.001963,376,1.037,0.0011,"aoml_navis",1028.46945821555
"7901009",60,0,1,0.022428,1,0,1,119.986414315341,1,4.86153605953219,378,1,13.6149997711182,35.693000793457,0.0224280003458261,0,115.703201293945,-87.1724,25.5209,55.6302473632834,63,63,63,63,61,63,0,8046,1.33458767306251,26,-87,0.001869,51,2025-02-01 18:22:48.001963,378,1.037,0.0011,"aoml_navis",1028.48152081405
"7901009",60,0,1,0.024297,1,0.001869,1,118.934354965256,1,4.86148232575668,380,1,13.5780000686646,35.6860008239746,0.0242970008403063,0,114.688697814941,-87.1724,25.5209,55.6302473632834,63,63,63,63,61,63,0,8046,1.33458767306251,26,-87,0.001869,51,2025-02-01 18:22:48.001963,380,1.037,0.0011,"aoml_navis",1028.49288858039
"7901009",60,0,1,0.022428,1,0,1,117.404650717154,1,4.86141171664286,382,1,13.5170001983643,35.6769981384277,0.0224280003458261,0,113.213600158691,-87.1724,25.5209,55.6302473632834,63,63,63,63,61,63,0,8046,1.33458767306251,26,-87,0.001869,51,2025-02-01 18:22:48.001963,382,1.037,0.0011,"aoml_navis",1028.50782682789
"7901009",60,0,1,0.020559,1,-0.001869,1,115.765953142535,1,4.86130519901349,384,1,13.4020004272461,35.6629981994629,0.020558999851346,0,111.633399963379,-87.1724,25.5209,55.6302473632834,63,63,63,63,61,63,0,8046,1.33458767306251,26,-87,0.001869,51,2025-02-01 18:22:48.001963,384,1.037,0.0011,"aoml_navis",1028.5303627953
"7901009",60,0,1,0.024297,1,0.001869,1,115.13586316501,1,4.86119558957921,386,1,13.2869997024536,35.6500015258789,0.0242970008403063,0,111.025802612305,-87.1724,25.5209,55.6302473632834,63,63,63,63,61,63,0,8046,1.33458767306251,26,-87,0.001869,51,2025-02-01 18:22:48.001963,386,1.037,0.0011,"aoml_navis",1028.55355392783
"7901009",60,0,1,0.028035,1,0.005607,1,114.620874444319,1,4.86114473011896,388,1,13.2670001983643,35.6469993591309,0.0280349999666214,0,110.529197692871,-87.1724,25.5209,55.6302473632834,63,63,63,63,61,63,0,8046,1.33458767306251,26,-87,0.001869,51,2025-02-01 18:22:48.001963,388,1.037,0.0011,"aoml_navis",1028.564315113
"7901009",60,0,1,0.026166,1,0.003738,1,114.050621613167,1,4.86109421498809,390,1,13.2510004043579,35.6450004577637,0.0261659994721413,0,109.979301452637,-87.1724,25.5209,55.6302473632834,63,63,63,63,61,63,0,8046,1.33458767306251,26,-87,0.001869,51,2025-02-01 18:22:48.001963,390,1.037,0.0011,"aoml_navis",1028.57500366556
"7901009",60,0,1,0.024297,1,0.001869,1,113.304797432661,1,4.86104704326931,392,1,13.2419996261597,35.6440010070801,0.0242970008403063,0,109.260101318359,-87.1724,25.5209,55.6302473632834,63,63,63,63,61,63,0,8046,1.33458767306251,26,-87,0.001869,51,2025-02-01 18:22:48.001963,392,1.037,0.0011,"aoml_navis",1028.58498498242
"7901009",60,0,1,0.022428,1,0,1,112.365568645107,1,4.86099855059947,394,1,13.2279996871948,35.6419982910156,0.0224280003458261,0,108.354400634766,-87.1724,25.5209,55.6302473632834,63,63,63,63,61,63,0,8046,1.33458767306251,26,-87,0.001869,51,2025-02-01 18:22:48.001963,394,1.037,0.0011,"aoml_navis",1028.59524600833
"7901009",60,0,1,0.020559,1,-0.001869,1,111.416386779392,1,4.86093941814719,396,1,13.1850004196167,35.6349983215332,0.020558999851346,0,107.439102172852,-87.1724,25.5209,55.6302473632834,63,63,63,63,61,63,0,8046,1.33458767306251,26,-87,0.001869,51,2025-02-01 18:22:48.001963,396,1.037,0.0011,"aoml_navis",1028.60775868419
"7901009",60,0,1,0.022428,1,0,1,110.485449586365,1,4.86087042557115,398,1,13.1319999694824,35.6279983520508,0.0224280003458261,0,106.541397094727,-87.1724,25.5209,55.6302473632834,63,63,63,63,61,63,0,8046,1.33458767306251,26,-87,0.001869,51,2025-02-01 18:22:48.001963,398,1.037,0.0011,"aoml_navis",1028.62235818855
"7901009",60,0,1,0.016821,1,-0.005607,1,109.824250305714,1,4.86080618756854,400,1,13.0799999237061,35.6199989318848,0.0168210007250309,0,105.903800964355,-87.1724,25.5209,55.6302473632834,63,63,63,63,61,63,0,8046,1.33458767306251,26,-87,0.001869,51,2025-02-01 18:22:48.001963,400,1.037,0.0011,"aoml_navis",1028.63595195123
"7901009",60,0,1,0.020559,1,-0.001869,1,109.317046822631,1,4.86071981880124,402,1,12.9870004653931,35.6069984436035,0.020558999851346,0,105.414703369141,-87.1724,25.5209,55.6302473632834,63,63,63,63,61,63,0,8046,1.33458767306251,26,-87,0.001869,51,2025-02-01 18:22:48.001963,402,1.037,0.0011,"aoml_navis",1028.65422949499
"7901009",60,0,1,0.024297,1,0.001869,1,109.176216304921,1,4.86061797439378,404,1,12.8629999160767,35.5900001525879,0.0242970008403063,0,105.278900146484,-87.1724,25.5209,55.6302473632834,63,63,63,63,61,63,0,8046,1.33458767306251,26,-87,0.001869,51,2025-02-01 18:22:48.001963,404,1.037,0.0011,"aoml_navis",1028.67578286146
"7901009",60,0,1,0.020559,1,-0.001869,1,109.081226911907,1,4.86053567301587,406,1,12.7770004272461,35.5779991149902,0.020558999851346,0,105.187301635742,-87.1724,25.5209,55.6302473632834,63,63,63,63,61,63,0,8046,1.33458767306251,26,-87,0.001869,51,2025-02-01 18:22:48.001963,406,1.037,0.0011,"aoml_navis",1028.69320098984
"7901009",60,0,1,0.026166,1,0.003738,1,109.021492619283,1,4.86046806008721,408,1,12.7170000076294,35.5690002441406,0.0261659994721413,0,105.129699707031,-87.1724,25.5209,55.6302473632834,63,63,63,63,61,63,0,8046,1.33458767306251,26,-87,0.001869,51,2025-02-01 18:22:48.001963,408,1.037,0.0011,"aoml_navis",1028.70751092031
"7901009",60,0,1,0.020559,1,-0.001869,1,109.026469158364,1,4.86040667479882,410,1,12.6669998168945,35.5610008239746,0.020558999851346,0,105.134498596191,-87.1724,25.5209,55.6302473632834,63,63,63,63,61,63,0,8046,1.33458767306251,26,-87,0.001869,51,2025-02-01 18:22:48.001963,410,1.037,0.0011,"aoml_navis",1028.7205031474
"7901009",60,0,1,0.029904,1,0.007476,1,108.964147698364,1,4.8603490072839,412,1,12.6319999694824,35.5559997558594,0.0299040004611015,0,105.074401855469,-87.1724,25.5209,55.6302473632834,63,63,63,63,61,63,0,8046,1.33458767306251,26,-87,0.001869,51,2025-02-01 18:22:48.001963,412,1.037,0.0011,"aoml_navis",1028.73270880482
"7901009",60,0,1,0.024297,1,0.001869,1,108.896533226209,1,4.86029914937928,414,1,12.6049995422363,35.5509986877441,0.0242970008403063,0,105.009201049805,-87.1724,25.5209,55.6302473632834,63,63,63,63,61,63,0,8046,1.33458767306251,26,-87,0.001869,51,2025-02-01 18:22:48.001963,414,1.037,0.0011,"aoml_navis",1028.74326174729
"7901009",60,0,1,0.026166,1,0.003738,1,108.938426349314,1,4.86021315099113,416,1,12.5179996490479,35.5400009155273,0.0261659994721413,0,105.049598693848,-87.1724,25.5209,55.6302473632834,63,63,63,63,61,63,0,8046,1.33458767306251,26,-87,0.001869,51,2025-02-01 18:22:48.001963,416,1.037,0.0011,"aoml_navis",1028.76146470662
"7901009",60,0,1,0.024297,1,0.001869,1,108.748961832033,1,4.86016287233371,418,1,12.4980001449585,35.5369987487793,0.0242970008403063,0,104.866897583008,-87.1724,25.5209,55.6302473632834,63,63,63,63,61,63,0,8046,1.33458767306251,26,-87,0.001869,51,2025-02-01 18:22:48.001963,418,1.037,0.0011,"aoml_navis",1028.77210730165
"7901009",60,0,1,0.024297,1,0.001869,1,108.439830933831,1,4.86011721078643,420,1,12.4790000915527,35.5330009460449,0.0242970008403063,0,104.568801879883,-87.1724,25.5209,55.6302473632834,63,63,63,63,61,63,0,8046,1.33458767306251,26,-87,0.001869,51,2025-02-01 18:22:48.001963,420,1.037,0.0011,"aoml_navis",1028.78177277353
"7901009",60,0,1,0.024297,1,0.001869,1,108.2446619894,1,4.86006132661966,422,1,12.4379997253418,35.5260009765625,0.0242970008403063,0,104.380599975586,-87.1724,25.5209,55.6302473632834,63,63,63,63,61,63,0,8046,1.33458767306251,26,-87,0.001869,51,2025-02-01 18:22:48.001963,422,1.037,0.0011,"aoml_navis",1028.79360237984
"7901009",60,0,1,0.024297,1,0.001869,1,108.114726057245,1,4.85999858798079,424,1,12.3859996795654,35.5180015563965,0.0242970008403063,0,104.255302429199,-87.1724,25.5209,55.6302473632834,63,63,63,63,61,63,0,8046,1.33458767306251,26,-87,0.001869,51,2025-02-01 18:22:48.001963,424,1.037,0.0011,"aoml_navis",1028.80688327059
"7901009",60,0,1,0.026166,1,0.003738,1,107.93915470789,1,4.85994803136511,426,1,12.3579998016357,35.5130004882812,0.0261659994721413,0,104.085998535156,-87.1724,25.5209,55.6302473632834,63,63,63,63,61,63,0,8046,1.33458767306251,26,-87,0.001869,51,2025-02-01 18:22:48.001963,426,1.037,0.0011,"aoml_navis",1028.81758564722
"7901009",60,0,1,0.028035,1,0.005607,1,107.656876549975,1,4.85990097537547,428,1,12.326000213623,35.5060005187988,0.0280349999666214,0,103.81379699707,-87.1724,25.5209,55.6302473632834,63,63,63,63,61,63,0,8046,1.33458767306251,26,-87,0.001869,51,2025-02-01 18:22:48.001963,428,1.037,0.0011,"aoml_navis",1028.82754717316
"7901009",60,0,1,0.024297,1,0.001869,1,107.723557426563,1,4.85978929638631,430,1,12.1879997253418,35.4889984130859,0.0242970008403063,0,103.87809753418,-87.1724,25.5209,55.6302473632834,63,63,63,63,61,63,0,8046,1.33458767306251,26,-87,0.001869,51,2025-02-01 18:22:48.001963,430,1.037,0.0011,"aoml_navis",1028.85118984849
"7901009",60,0,1,0.024297,1,0.001869,1,107.792627674856,1,4.85969738684016,432,1,12.0699996948242,35.4720001220703,0.0242970008403063,0,103.944702148438,-87.1724,25.5209,55.6302473632834,63,63,63,63,61,63,0,8046,1.33458767306251,26,-87,0.001869,51,2025-02-01 18:22:48.001963,432,1.037,0.0011,"aoml_navis",1028.87064810656
"7901009",60,0,1,0.022428,1,0,1,107.612079786421,1,4.85965015711077,434,1,12.048999786377,35.4679985046387,0.0224280003458261,0,103.770599365234,-87.1724,25.5209,55.6302473632834,63,63,63,63,61,63,0,8046,1.33458767306251,26,-87,0.001869,51,2025-02-01 18:22:48.001963,434,1.037,0.0011,"aoml_navis",1028.88064744411
"7901009",60,0,1,0.026166,1,0.003738,1,107.488568257658,1,4.85959311530605,436,1,12.0059995651245,35.4609985351562,0.0261659994721413,0,103.651496887207,-87.1724,25.5209,55.6302473632834,63,63,63,63,61,63,0,8046,1.33458767306251,26,-87,0.001869,51,2025-02-01 18:22:48.001963,436,1.037,0.0011,"aoml_navis",1028.89272442413
"7901009",60,0,1,0.031773,1,0.009345,1,107.427077539475,1,4.85953215051266,438,1,11.951000213623,35.4519996643066,0.0317730009555817,0,103.59220123291,-87.1724,25.5209,55.6302473632834,63,63,63,63,61,63,0,8046,1.33458767306251,26,-87,0.001869,51,2025-02-01 18:22:48.001963,438,1.037,0.0011,"aoml_navis",1028.90563229889
"7901009",60,0,1,0.022428,1,0,1,107.322752190794,1,4.8594687016069,440,1,11.9010000228882,35.4449996948242,0.0224280003458261,0,103.491600036621,-87.1724,25.5209,55.6302473632834,63,63,63,63,61,63,0,8046,1.33458767306251,26,-87,0.001869,51,2025-02-01 18:22:48.001963,440,1.037,0.0011,"aoml_navis",1028.9190664705
"7901009",60,0,1,0.024297,1,0.001869,1,107.261672887607,1,4.85940619862084,442,1,11.8479995727539,35.4370002746582,0.0242970008403063,0,103.43270111084,-87.1724,25.5209,55.6302473632834,63,63,63,63,61,63,0,8046,1.33458767306251,26,-87,0.001869,51,2025-02-01 18:22:48.001963,442,1.037,0.0011,"aoml_navis",1028.93230070354
"7901009",60,0,1,0.024297,1,0.001869,1,107.160251179375,1,4.85935455638672,444,1,11.826000213623,35.4339981079102,0.0242970008403063,0,103.334899902344,-87.1724,25.5209,55.6302473632834,63,63,63,63,61,63,0,8046,1.33458767306251,26,-87,0.001869,51,2025-02-01 18:22:48.001963,444,1.037,0.0011,"aoml_navis",1028.94323556375
"7901009",60,0,1,0.022428,1,0,1,107.077082055657,1,4.85929049931007,446,1,11.7790002822876,35.4280014038086,0.0224280003458261,0,103.254699707031,-87.1724,25.5209,55.6302473632834,63,63,63,63,61,63,0,8046,1.33458767306251,26,-87,0.001869,51,2025-02-01 18:22:48.001963,446,1.037,0.0011,"aoml_navis",1028.95679949777
"7901009",60,0,1,0.028035,1,0.005607,1,107.057895875576,1,4.85922390990702,447.899993896484,1,11.7229995727539,35.4210014343262,0.0280349999666214,0,103.236198425293,-87.1724,25.5209,55.6302473632834,63,63,63,63,61,63,0,8046,1.33458767306251,26,-87,0.001869,51,2025-02-01 18:22:48.001963,447.899993896484,1.037,0.0011,"aoml_navis",1028.97090002499
"7901009",60,0,1,0.033642,1,0.011214,1,106.92743776285,1,4.85917772581401,450,1,11.7089996337891,35.4179992675781,0.0336420014500618,0,103.110397338867,-87.1724,25.5209,55.6302473632834,63,63,63,63,61,63,0,8046,1.33458767306251,26,-87,0.001869,51,2025-02-01 18:22:48.001963,450,1.037,0.0011,"aoml_navis",1028.98067988703
"7901009",60,0,1,0.020559,1,-0.001869,1,106.956474167344,1,4.85911192418206,452,1,11.6520004272461,35.4099998474121,0.020558999851346,0,103.138397216797,-87.1724,25.5209,55.6302473632834,63,63,63,63,61,63,0,8046,1.33458767306251,26,-87,0.001869,51,2025-02-01 18:22:48.001963,452,1.037,0.0011,"aoml_navis",1028.99461424562
"7901009",60,0,1,0.024297,1,0.001869,1,106.969125178457,1,4.8590584763422,454,1,11.6199998855591,35.4049987792969,0.0242970008403063,0,103.150596618652,-87.1724,25.5209,55.6302473632834,63,63,63,63,61,63,0,8046,1.33458767306251,26,-87,0.001869,51,2025-02-01 18:22:48.001963,454,1.037,0.0011,"aoml_navis",1029.00593280448
"7901009",60,0,1,0.026166,1,0.003738,1,106.962178594494,1,4.85901530524313,456,1,11.6029996871948,35.4010009765625,0.0261659994721413,0,103.143898010254,-87.1724,25.5209,55.6302473632834,63,63,63,63,61,63,0,8046,1.33458767306251,26,-87,0.001869,51,2025-02-01 18:22:48.001963,456,1.037,0.0011,"aoml_navis",1029.01507525707
"7901009",60,0,1,0.024297,1,0.001869,1,106.925887044789,1,4.85897406396027,458,1,11.5920000076294,35.3979988098145,0.0242970008403063,0,103.108901977539,-87.1724,25.5209,55.6302473632834,63,63,63,63,61,63,0,8046,1.33458767306251,26,-87,0.001869,51,2025-02-01 18:22:48.001963,458,1.037,0.0011,"aoml_navis",1029.02380917934
"7901009",60,0,1,0.026166,1,0.003738,1,107.081955740989,1,4.85890954000655,460,1,11.543999671936,35.3919982910156,0.0261659994721413,0,103.259399414062,-87.1724,25.5209,55.6302473632834,63,63,63,63,61,63,0,8046,1.33458767306251,26,-87,0.001869,51,2025-02-01 18:22:48.001963,460,1.037,0.0011,"aoml_navis",1029.03747411467
"7901009",60,0,1,0.022428,1,0,1,107.325347269997,1,4.85884679384186,462,1,11.4779996871948,35.3810005187988,0.0224280003458261,0,103.494102478027,-87.1724,25.5209,55.6302473632834,63,63,63,63,61,63,0,8046,1.33458767306251,26,-87,0.001869,51,2025-02-01 18:22:48.001963,462,1.037,0.0011,"aoml_navis",1029.05076289646
"7901009",60,0,1,0.026166,1,0.003738,1,107.58708632544,1,4.85878063838731,464,1,11.423999786377,35.3740005493164,0.0261659994721413,0,103.74649810791,-87.1724,25.5209,55.6302473632834,63,63,63,63,61,63,0,8046,1.33458767306251,26,-87,0.001869,51,2025-02-01 18:22:48.001963,464,1.037,0.0011,"aoml_navis",1029.06477409105
"7901009",60,0,1,0.035511,1,0.013083,1,107.761201898657,1,4.85873481545086,466,1,11.3959999084473,35.3680000305176,0.0355109982192516,0,103.914398193359,-87.1724,25.5209,55.6302473632834,63,63,63,63,61,63,0,8046,1.33458767306251,26,-87,0.001869,51,2025-02-01 18:22:48.001963,466,1.037,0.0011,"aoml_navis",1029.07447924507
"7901009",60,0,1,0.024297,1,0.001869,1,108.074486505948,1,4.85866883815494,468,1,11.3380002975464,35.3600006103516,0.0242970008403063,0,104.216499328613,-87.1724,25.5209,55.6302473632834,63,63,63,63,61,63,0,8046,1.33458767306251,26,-87,0.001869,51,2025-02-01 18:22:48.001963,468,1.037,0.0011,"aoml_navis",1029.08845335068
"7901009",60,0,1,0.026166,1,0.003738,1,108.373980799061,1,4.85860939630635,470,1,11.2910003662109,35.3530006408691,0.0261659994721413,0,104.505302429199,-87.1724,25.5209,55.6302473632834,63,63,63,63,61,63,0,8046,1.33458767306251,26,-87,0.001869,51,2025-02-01 18:22:48.001963,470,1.037,0.0011,"aoml_navis",1029.1010435622
"7901009",60,0,1,0.024297,1,0.001869,1,108.737663743309,1,4.85856098492851,472,1,11.2600002288818,35.3470001220703,0.0242970008403063,0,104.856002807617,-87.1724,25.5209,55.6302473632834,63,63,63,63,61,63,0,8046,1.33458767306251,26,-87,0.001869,51,2025-02-01 18:22:48.001963,472,1.037,0.0011,"aoml_navis",1029.11129766823
"7901009",60,0,1,0.020559,1,-0.001869,1,109.177877788556,1,4.8585107755953,474,1,11.2309999465942,35.3419990539551,0.020558999851346,0,105.280502319336,-87.1724,25.5209,55.6302473632834,63,63,63,63,61,63,0,8046,1.33458767306251,26,-87,0.001869,51,2025-02-01 18:22:48.001963,474,1.037,0.0011,"aoml_navis",1029.12193281847
"7901009",60,0,1,0.028035,1,0.005607,1,109.621612596747,1,4.85843349665683,476,1,11.1440000534058,35.3300018310547,0.0280349999666214,0,105.708396911621,-87.1724,25.5209,55.6302473632834,63,63,63,63,61,63,0,8046,1.33458767306251,26,-87,0.001869,51,2025-02-01 18:22:48.001963,476,1.037,0.0011,"aoml_navis",1029.13830217921
"7901009",60,0,1,0.026166,1,0.003738,1,109.642974529209,1,4.85839187434419,477.899993896484,1,11.1219997406006,35.3250007629395,0.0261659994721413,0,105.728996276855,-87.1724,25.5209,55.6302473632834,63,63,63,63,61,63,0,8046,1.33458767306251,26,-87,0.001869,51,2025-02-01 18:22:48.001963,477.899993896484,1.037,0.0011,"aoml_navis",1029.14711890648
"7901009",60,0,1,0.028035,1,0.005607,1,109.781835002037,1,4.85833787434766,480,1,11.0950002670288,35.3209991455078,0.0280349999666214,0,105.862899780273,-87.1724,25.5209,55.6302473632834,63,63,63,63,61,63,0,8046,1.33458767306251,26,-87,0.001869,51,2025-02-01 18:22:48.001963,480,1.037,0.0011,"aoml_navis",1029.15855778585
"7901009",60,0,1,0.028035,1,0.005607,1,109.962691451719,1,4.85827353286206,482,1,11.0380001068115,35.3129997253418,0.0280349999666214,0,106.037300109863,-87.1724,25.5209,55.6302473632834,63,63,63,63,61,63,0,8046,1.33458767306251,26,-87,0.001869,51,2025-02-01 18:22:48.001963,482,1.037,0.0011,"aoml_navis",1029.17218764635
"7901009",60,0,1,0.026166,1,0.003738,1,109.946717473334,1,4.85821293259952,484,1,10.9849996566772,35.3050003051758,0.0261659994721413,0,106.021896362305,-87.1724,25.5209,55.6302473632834,63,63,63,63,61,63,0,8046,1.33458767306251,26,-87,0.001869,51,2025-02-01 18:22:48.001963,484,1.037,0.0011,"aoml_navis",1029.18502531025
"7901009",60,0,1,0.029904,1,0.007476,1,109.594546237136,1,4.85816478319917,486,1,10.9619998931885,35.3009986877441,0.0299040004611015,0,105.68229675293,-87.1724,25.5209,55.6302473632834,63,63,63,63,61,63,0,8046,1.33458767306251,26,-87,0.001869,51,2025-02-01 18:22:48.001963,486,1.037,0.0011,"aoml_navis",1029.1952255904
"7901009",60,0,1,0.026166,1,0.003738,1,108.948173719978,1,4.85811311061814,488,1,10.9309997558594,35.2960014343262,0.0261659994721413,0,105.05899810791,-87.1724,25.5209,55.6302473632834,63,63,63,63,61,63,0,8046,1.33458767306251,26,-87,0.001869,51,2025-02-01 18:22:48.001963,488,1.037,0.0011,"aoml_navis",1029.20617246884
"7901009",60,0,1,0.024297,1,0.001869,1,107.930032371546,1,4.85804281298882,490,1,10.871000289917,35.2890014648438,0.0242970008403063,0,104.077201843262,-87.1724,25.5209,55.6302473632834,63,63,63,63,61,63,0,8046,1.33458767306251,26,-87,0.001869,51,2025-02-01 18:22:48.001963,490,1.037,0.0011,"aoml_navis",1029.22106545287
"7901009",60,0,1,0.028035,1,0.005607,1,107.190221179436,1,4.85797866381709,492,1,10.8299999237061,35.2849998474121,0.0280349999666214,0,103.363800048828,-87.1724,25.5209,55.6302473632834,63,63,63,63,61,63,0,8046,1.33458767306251,26,-87,0.001869,51,2025-02-01 18:22:48.001963,492,1.037,0.0011,"aoml_navis",1029.23465622455
"7901009",60,0,1,0.026166,1,0.003738,1,106.678761133515,1,4.85791081633781,494,1,10.7930002212524,35.2830009460449,0.0261659994721413,0,102.870597839355,-87.1724,25.5209,55.6302473632834,63,63,63,63,61,63,0,8046,1.33458767306251,26,-87,0.001869,51,2025-02-01 18:22:48.001963,494,1.037,0.0011,"aoml_navis",1029.24903091764
"7901009",60,0,1,0.024297,1,0.001869,1,106.111720504059,1,4.85786889513803,496,1,10.7849998474121,35.2809982299805,0.0242970008403063,0,102.323799133301,-87.1724,25.5209,55.6302473632834,63,63,63,63,61,63,0,8046,1.33458767306251,26,-87,0.001869,51,2025-02-01 18:22:48.001963,496,1.037,0.0011,"aoml_navis",1029.25791286879
"7901009",60,0,1,0.026166,1,0.003738,1,105.705622256135,1,4.8578038818931,498,1,10.7469997406006,35.2779998779297,0.0261659994721413,0,101.932197570801,-87.1724,25.5209,55.6302473632834,63,63,63,63,61,63,0,8046,1.33458767306251,26,-87,0.001869,51,2025-02-01 18:22:48.001963,498,1.037,0.0011,"aoml_navis",1029.27168769347
"7901009",60,0,1,0.024297,1,0.001869,1,105.782881245205,1,4.85772727451177,500,1,10.6669998168945,35.2680015563965,0.0242970008403063,0,102.006698608398,-87.1724,25.5209,55.6302473632834,63,63,63,63,61,63,0,8046,1.33458767306251,26,-87,0.001869,51,2025-02-01 18:22:48.001963,500,1.037,0.0011,"aoml_navis",1029.28791952457
"7901009",60,0,1,0.024297,1,0.001869,1,106.011754571965,1,4.8576437672923,502,1,10.5830001831055,35.2589988708496,0.0242970008403063,0,102.227401733398,-87.1724,25.5209,55.6302473632834,63,63,63,63,61,63,0,8046,1.33458767306251,26,-87,0.001869,51,2025-02-01 18:22:48.001963,502,1.037,0.0011,"aoml_navis",1029.30561389994
"7901009",60,0,1,0.028035,1,0.005607,1,106.01226884071,1,4.8575959672135,504,1,10.5600004196167,35.2550010681152,0.0280349999666214,0,102.227897644043,-87.1724,25.5209,55.6302473632834,63,63,63,63,61,63,0,8046,1.33458767306251,26,-87,0.001869,51,2025-02-01 18:22:48.001963,504,1.037,0.0011,"aoml_navis",1029.31574254995
"7901009",60,0,1,0.031773,1,0.009345,1,105.923292436093,1,4.85755057403243,506,1,10.5480003356934,35.2529983520508,0.0317730009555817,0,102.142097473145,-87.1724,25.5209,55.6302473632834,63,63,63,63,61,63,0,8046,1.33458767306251,26,-87,0.001869,51,2025-02-01 18:22:48.001963,506,1.037,0.0011,"aoml_navis",1029.32536137227
"7901009",60,0,1,0.028035,1,0.005607,1,105.794290099505,1,4.85750958072307,508,1,10.5410003662109,35.2509994506836,0.0280349999666214,0,102.017700195312,-87.1724,25.5209,55.6302473632834,63,63,63,63,61,63,0,8046,1.33458767306251,26,-87,0.001869,51,2025-02-01 18:22:48.001963,508,1.037,0.0011,"aoml_navis",1029.33404801555
"7901009",60,0,1,0.028035,1,0.005607,1,105.820834278545,1,4.85744436451583,510,1,10.4940004348755,35.2459983825684,0.0280349999666214,0,102.043296813965,-87.1724,25.5209,55.6302473632834,63,63,63,63,61,63,0,8046,1.33458767306251,26,-87,0.001869,51,2025-02-01 18:22:48.001963,510,1.037,0.0011,"aoml_navis",1029.34786788822
"7901009",60,0,1,0.028035,1,0.005607,1,105.888140189453,1,4.85738233290256,512,1,10.4379997253418,35.2379989624023,0.0280349999666214,0,102.108200073242,-87.1724,25.5209,55.6302473632834,63,63,63,63,61,63,0,8046,1.33458767306251,26,-87,0.001869,51,2025-02-01 18:22:48.001963,512,1.037,0.0011,"aoml_navis",1029.36101326251
"7901009",60,0,1,0.028035,1,0.005607,1,105.927857560178,1,4.8573302804222,514,1,10.4099998474121,35.234001159668,0.0280349999666214,0,102.146499633789,-87.1724,25.5209,55.6302473632834,63,63,63,63,61,63,0,8046,1.33458767306251,26,-87,0.001869,51,2025-02-01 18:22:48.001963,514,1.037,0.0011,"aoml_navis",1029.37204417679
"7901009",60,0,1,0.024297,1,0.001869,1,105.92837974075,1,4.85728161021442,516,1,10.3900003433228,35.2309989929199,0.0242970008403063,0,102.147003173828,-87.1724,25.5209,55.6302473632834,63,63,63,63,61,63,0,8046,1.33458767306251,26,-87,0.001869,51,2025-02-01 18:22:48.001963,516,1.037,0.0011,"aoml_navis",1029.38235853681
"7901009",60,0,1,0.031773,1,0.009345,1,106.025022705572,1,4.85723135790495,518,1,10.3640003204346,35.2270011901855,0.0317730009555817,0,102.240196228027,-87.1724,25.5209,55.6302473632834,63,63,63,63,61,63,0,8046,1.33458767306251,26,-87,0.001869,51,2025-02-01 18:22:48.001963,518,1.037,0.0011,"aoml_navis",1029.39300839823
"7901009",60,0,1,0.028035,1,0.005607,1,106.175806301444,1,4.85717712617704,520,1,10.3249998092651,35.2210006713867,0.0280349999666214,0,102.385597229004,-87.1724,25.5209,55.6302473632834,63,63,63,63,61,63,0,8046,1.33458767306251,26,-87,0.001869,51,2025-02-01 18:22:48.001963,520,1.037,0.0011,"aoml_navis",1029.40450185628
"7901009",60,0,1,0.028035,1,0.005607,1,106.311557426325,1,4.85711461856976,522,1,10.2679996490479,35.2130012512207,0.0280349999666214,0,102.516502380371,-87.1724,25.5209,55.6302473632834,63,63,63,63,61,63,0,8046,1.33458767306251,26,-87,0.001869,51,2025-02-01 18:22:48.001963,522,1.037,0.0011,"aoml_navis",1029.41774955937
"7901009",60,0,1,0.028035,1,0.005607,1,106.520722392432,1,4.85705359906397,524,1,10.2209997177124,35.2070007324219,0.0280349999666214,0,102.718200683594,-87.1724,25.5209,55.6302473632834,63,63,63,63,61,63,0,8046,1.33458767306251,26,-87,0.001869,51,2025-02-01 18:22:48.001963,524,1.037,0.0011,"aoml_navis",1029.43068220692
"7901009",60,0,1,0.024297,1,0.001869,1,106.706349673698,1,4.85700720135777,526,1,10.1949996948242,35.2019996643066,0.0242970008403063,0,102.897201538086,-87.1724,25.5209,55.6302473632834,63,63,63,63,61,63,0,8046,1.33458767306251,26,-87,0.001869,51,2025-02-01 18:22:48.001963,526,1.037,0.0011,"aoml_navis",1029.44051608617
"7901009",60,0,1,0.028035,1,0.005607,1,107.110580730488,1,4.85696021408709,528,1,10.1809997558594,35.2000007629395,0.0280349999666214,0,103.287002563477,-87.1724,25.5209,55.6302473632834,63,63,63,63,61,63,0,8046,1.33458767306251,26,-87,0.001869,51,2025-02-01 18:22:48.001963,528,1.037,0.0011,"aoml_navis",1029.45047511364
"7901009",60,0,1,0.029904,1,0.007476,1,107.850803337594,1,4.85690561925998,530,1,10.1370000839233,35.193000793457,0.0299040004611015,0,104.000801086426,-87.1724,25.5209,55.6302473632834,63,63,63,63,61,63,0,8046,1.33458767306251,26,-87,0.001869,51,2025-02-01 18:22:48.001963,530,1.037,0.0011,"aoml_navis",1029.46204681692
"7901009",60,0,1,0.028035,1,0.005607,1,108.818965675892,1,4.85684101249673,532,1,10.0600004196167,35.1809997558594,0.0280349999666214,0,104.93440246582,-87.1724,25.5209,55.6302473632834,63,63,63,63,61,63,0,8046,1.33458767306251,26,-87,0.001869,51,2025-02-01 18:22:48.001963,532,1.037,0.0011,"aoml_navis",1029.47574094662
"7901009",60,0,1,0.029904,1,0.007476,1,109.465749608045,1,4.85678672896108,534,1,9.99899959564209,35.1699981689453,0.0299040004611015,0,105.558097839355,-87.1724,25.5209,55.6302473632834,63,63,63,63,61,63,0,8046,1.33458767306251,26,-87,0.001869,51,2025-02-01 18:22:48.001963,534,1.037,0.0011,"aoml_navis",1029.48724723384
"7901009",60,0,1,0.026166,1,0.003738,1,109.939668035622,1,4.85672575633815,536,1,9.93000030517578,35.1590003967285,0.0261659994721413,0,106.015098571777,-87.1724,25.5209,55.6302473632834,63,63,63,63,61,63,0,8046,1.33458767306251,26,-87,0.001869,51,2025-02-01 18:22:48.001963,536,1.037,0.0011,"aoml_navis",1029.50017168972
"7901009",60,0,1,0.024297,1,0.001869,1,110.359659451472,1,4.85664649314528,538,1,9.82199954986572,35.1440010070801,0.0242970008403063,0,106.420097351074,-87.1724,25.5209,55.6302473632834,63,63,63,63,61,63,0,8046,1.33458767306251,26,-87,0.001869,51,2025-02-01 18:22:48.001963,538,1.037,0.0011,"aoml_navis",1029.51697370955
"7901009",60,0,1,0.026166,1,0.003738,1,110.541243789224,1,4.85658099587514,540,1,9.76000022888184,35.1360015869141,0.0261659994721413,0,106.595199584961,-87.1724,25.5209,55.6302473632834,63,63,63,63,61,63,0,8046,1.33458767306251,26,-87,0.001869,51,2025-02-01 18:22:48.001963,540,1.037,0.0011,"aoml_navis",1029.53085807622
"7901009",60,0,1,0.026166,1,0.003738,1,110.62514080101,1,4.85653254923963,542,1,9.74400043487549,35.1339988708496,0.0261659994721413,0,106.67610168457,-87.1724,25.5209,55.6302473632834,63,63,63,63,61,63,0,8046,1.33458767306251,26,-87,0.001869,51,2025-02-01 18:22:48.001963,542,1.037,0.0011,"aoml_navis",1029.54112822385
"7901009",60,0,1,0.024297,1,0.001869,1,110.72334239572,1,4.85648072748544,544,1,9.71100044250488,35.1290016174316,0.0242970008403063,0,106.770797729492,-87.1724,25.5209,55.6302473632834,63,63,63,63,61,63,0,8046,1.33458767306251,26,-87,0.001869,51,2025-02-01 18:22:48.001963,544,1.037,0.0011,"aoml_navis",1029.55211408589
"7901009",60,0,1,0.029904,1,0.007476,1,110.765346284401,1,4.85643006641409,546,1,9.6879997253418,35.1259994506836,0.0299040004611015,0,106.811302185059,-87.1724,25.5209,55.6302473632834,63,63,63,63,61,63,0,8046,1.33458767306251,26,-87,0.001869,51,2025-02-01 18:22:48.001963,546,1.037,0.0011,"aoml_navis",1029.56285411764
"7901009",60,0,1,0.026166,1,0.003738,1,110.812010239089,1,4.8563791171638,548,1,9.66899967193604,35.1240005493164,0.0261659994721413,0,106.856300354004,-87.1724,25.5209,55.6302473632834,63,63,63,63,61,63,0,8046,1.33458767306251,26,-87,0.001869,51,2025-02-01 18:22:48.001963,548,1.037,0.0011,"aoml_navis",1029.57365546866
"7901009",60,0,1,0.028035,1,0.005607,1,110.884806957823,1,4.85633439221493,550,1,9.65299987792969,35.1209983825684,0.0280349999666214,0,106.926498413086,-87.1724,25.5209,55.6302473632834,63,63,63,63,61,63,0,8046,1.33458767306251,26,-87,0.001869,51,2025-02-01 18:22:48.001963,550,1.037,0.0011,"aoml_navis",1029.58313744115
"7901009",60,0,1,0.029904,1,0.007476,1,110.948481340212,1,4.85628238528173,552,1,9.62399959564209,35.117000579834,0.0299040004611015,0,106.987899780273,-87.1724,25.5209,55.6302473632834,63,63,63,63,61,63,0,8046,1.33458767306251,26,-87,0.001869,51,2025-02-01 18:22:48.001963,552,1.037,0.0011,"aoml_navis",1029.59416346007
"7901009",60,0,1,0.028035,1,0.005607,1,111.112438127769,1,4.85622737315406,554,1,9.58699989318848,35.1119995117188,0.0280349999666214,0,107.146003723145,-87.1724,25.5209,55.6302473632834,63,63,63,63,61,63,0,8046,1.33458767306251,26,-87,0.001869,51,2025-02-01 18:22:48.001963,554,1.037,0.0011,"aoml_navis",1029.60582686897
"7901009",60,0,1,0.026166,1,0.003738,1,111.235427475961,1,4.85617345242362,556,1,9.5600004196167,35.109001159668,0.0261659994721413,0,107.264602661133,-87.1724,25.5209,55.6302473632834,63,63,63,63,61,63,0,8046,1.33458767306251,26,-87,0.001869,51,2025-02-01 18:22:48.001963,556,1.037,0.0011,"aoml_navis",1029.61725914147
"7901009",60,0,1,0.029904,1,0.007476,1,111.450399722967,1,4.85612240421294,558,1,9.5319995880127,35.1049995422363,0.0299040004611015,0,107.471900939941,-87.1724,25.5209,55.6302473632834,63,63,63,63,61,63,0,8046,1.33458767306251,26,-87,0.001869,51,2025-02-01 18:22:48.001963,558,1.037,0.0011,"aoml_navis",1029.62808261634
"7901009",60,0,1,0.031773,1,0.009345,1,111.585628667277,1,4.85605732133845,560,1,9.47399997711182,35.0979995727539,0.0317730009555817,0,107.60230255127,-87.1724,25.5209,55.6302473632834,63,63,63,63,61,63,0,8046,1.33458767306251,26,-87,0.001869,51,2025-02-01 18:22:48.001963,560,1.037,0.0011,"aoml_navis",1029.64188211474
"7901009",60,0,1,0.029904,1,0.007476,1,111.646082936143,1,4.85600519046514,562,1,9.44900035858154,35.0950012207031,0.0299040004611015,0,107.660598754883,-87.1724,25.5209,55.6302473632834,63,63,63,63,61,63,0,8046,1.33458767306251,26,-87,0.001869,51,2025-02-01 18:22:48.001963,562,1.037,0.0011,"aoml_navis",1029.65293567181
"7901009",60,0,1,0.028035,1,0.005607,1,111.779033274324,1,4.85595593399897,564,1,9.42300033569336,35.0909996032715,0.0280349999666214,0,107.788803100586,-87.1724,25.5209,55.6302473632834,63,63,63,63,61,63,0,8046,1.33458767306251,26,-87,0.001869,51,2025-02-01 18:22:48.001963,564,1.037,0.0011,"aoml_navis",1029.66337997273
"7901009",60,0,1,0.028035,1,0.005607,1,111.9518987789,1,4.85589990846319,566,1,9.38000011444092,35.0849990844727,0.0280349999666214,0,107.955497741699,-87.1724,25.5209,55.6302473632834,63,63,63,63,61,63,0,8046,1.33458767306251,26,-87,0.001869,51,2025-02-01 18:22:48.001963,566,1.037,0.0011,"aoml_navis",1029.6752598392
"7901009",60,0,1,0.028035,1,0.005607,1,112.026356981269,1,4.85584442352274,568,1,9.34200000762939,35.0800018310547,0.0280349999666214,0,108.027297973633,-87.1724,25.5209,55.6302473632834,63,63,63,63,61,63,0,8046,1.33458767306251,26,-87,0.001869,51,2025-02-01 18:22:48.001963,568,1.037,0.0011,"aoml_navis",1029.68702534598
"7901009",60,0,1,0.028035,1,0.005607,1,112.066177205743,1,4.85579362210462,570,1,9.31400012969971,35.076000213623,0.0280349999666214,0,108.065696716309,-87.1724,25.5209,55.6302473632834,63,63,63,63,61,63,0,8046,1.33458767306251,26,-87,0.001869,51,2025-02-01 18:22:48.001963,570,1.037,0.0011,"aoml_navis",1029.69779795396
"7901009",60,0,1,0.033642,1,0.011214,1,112.143333341064,1,4.8557349486323,572,1,9.27200031280518,35.0709991455078,0.0336420014500618,0,108.140098571777,-87.1724,25.5209,55.6302473632834,63,63,63,63,61,63,0,8046,1.33458767306251,26,-87,0.001869,51,2025-02-01 18:22:48.001963,572,1.037,0.0011,"aoml_navis",1029.71024013745
"7901009",60,0,1,0.026166,1,0.003738,1,112.327821319265,1,4.85566106879052,574,1,9.20699977874756,35.064998626709,0.0261659994721413,0,108.318000793457,-87.1724,25.5209,55.6302473632834,63,63,63,63,61,63,0,8046,1.33458767306251,26,-87,0.001869,51,2025-02-01 18:22:48.001963,574,1.037,0.0011,"aoml_navis",1029.72590738205
"7901009",60,0,1,0.026166,1,0.003738,1,112.393877161533,1,4.85560673644665,576,1,9.17899990081787,35.0620002746582,0.0261659994721413,0,108.381698608398,-87.1724,25.5209,55.6302473632834,63,63,63,63,61,63,0,8046,1.33458767306251,26,-87,0.001869,51,2025-02-01 18:22:48.001963,576,1.037,0.0011,"aoml_navis",1029.73742961297
"7901009",60,0,1,0.031773,1,0.009345,1,112.404249566517,1,4.85556519365008,578,1,9.17099952697754,35.060001373291,0.0317730009555817,0,108.391700744629,-87.1724,25.5209,55.6302473632834,63,63,63,63,61,63,0,8046,1.33458767306251,26,-87,0.001869,51,2025-02-01 18:22:48.001963,578,1.037,0.0011,"aoml_navis",1029.74623974544
"7901009",60,0,1,0.029904,1,0.007476,1,112.466784645842,1,4.85551623904242,580.099975585938,1,9.16100025177002,35.0589981079102,0.0299040004611015,0,108.452003479004,-87.1724,25.5209,55.6302473632834,63,63,63,63,61,63,0,8046,1.33458767306251,26,-87,0.001869,51,2025-02-01 18:22:48.001963,580.099975585938,1.037,0.0011,"aoml_navis",1029.75662192123
"7901009",60,0,1,0.028035,1,0.005607,1,112.442408307355,1,4.8554718892502,582,1,9.14700031280518,35.056999206543,0.0280349999666214,0,108.428497314453,-87.1724,25.5209,55.6302473632834,63,63,63,63,61,63,0,8046,1.33458767306251,26,-87,0.001869,51,2025-02-01 18:22:48.001963,582,1.037,0.0011,"aoml_navis",1029.76602769955
"7901009",60,0,1,0.026166,1,0.003738,1,112.524335274259,1,4.85542050811624,584,1,9.1269998550415,35.0550003051758,0.0261659994721413,0,108.507499694824,-87.1724,25.5209,55.6302473632834,63,63,63,63,61,63,0,8046,1.33458767306251,26,-87,0.001869,51,2025-02-01 18:22:48.001963,584,1.037,0.0011,"aoml_navis",1029.77692491146
"7901009",60,0,1,0.028035,1,0.005607,1,112.588737544718,1,4.85537364696008,586,1,9.10799980163574,35.0519981384277,0.0280349999666214,0,108.569602966309,-87.1724,25.5209,55.6302473632834,63,63,63,63,61,63,0,8046,1.33458767306251,26,-87,0.001869,51,2025-02-01 18:22:48.001963,586,1.037,0.0011,"aoml_navis",1029.7868637011
"7901009",60,0,1,0.029904,1,0.007476,1,112.571204936445,1,4.85532884721806,588,1,9.0959997177124,35.0499992370605,0.0299040004611015,0,108.552696228027,-87.1724,25.5209,55.6302473632834,63,63,63,63,61,63,0,8046,1.33458767306251,26,-87,0.001869,51,2025-02-01 18:22:48.001963,588,1.037,0.0011,"aoml_navis",1029.79636546448
"7901009",60,0,1,0.022428,1,0,1,112.656241251297,1,4.85527995996546,590,1,9.07900047302246,35.0480003356934,0.0224280003458261,0,108.634696960449,-87.1724,25.5209,55.6302473632834,63,63,63,63,61,63,0,8046,1.33458767306251,26,-87,0.001869,51,2025-02-01 18:22:48.001963,590,1.037,0.0011,"aoml_navis",1029.80673436503
"7901009",60,0,1,0.028035,1,0.005607,1,112.762853117934,1,4.85521425773761,592.099975585938,1,9.03499984741211,35.0439987182617,0.0280349999666214,0,108.737503051758,-87.1724,25.5209,55.6302473632834,63,63,63,63,61,63,0,8046,1.33458767306251,26,-87,0.001869,51,2025-02-01 18:22:48.001963,592.099975585938,1.037,0.0011,"aoml_navis",1029.82067002124
"7901009",60,0,1,0.026166,1,0.003738,1,112.801320420019,1,4.85516752532647,594,1,9.00899982452393,35.0400009155273,0.0261659994721413,0,108.774597167969,-87.1724,25.5209,55.6302473632834,63,63,63,63,61,63,0,8046,1.33458767306251,26,-87,0.001869,51,2025-02-01 18:22:48.001963,594,1.037,0.0011,"aoml_navis",1029.83058234716
"7901009",60,0,1,0.028035,1,0.005607,1,112.858151072194,1,4.85511341789777,596,1,8.98099994659424,35.0369987487793,0.0280349999666214,0,108.829399108887,-87.1724,25.5209,55.6302473632834,63,63,63,63,61,63,0,8046,1.33458767306251,26,-87,0.001869,51,2025-02-01 18:22:48.001963,596,1.037,0.0011,"aoml_navis",1029.8420592129
"7901009",60,0,1,0.028035,1,0.005607,1,112.813037835565,1,4.85506216247193,598,1,8.96100044250488,35.0349998474121,0.0280349999666214,0,108.78589630127,-87.1724,25.5209,55.6302473632834,63,63,63,63,61,63,0,8046,1.33458767306251,26,-87,0.001869,51,2025-02-01 18:22:48.001963,598,1.037,0.0011,"aoml_navis",1029.85293136891
"7901009",60,0,1,0.026166,1,0.003738,1,112.768035364513,1,4.85501131365691,600,1,8.94600009918213,35.0340003967285,0.0261659994721413,0,108.742500305176,-87.1724,25.5209,55.6302473632834,63,63,63,63,61,63,0,8046,1.33458767306251,26,-87,0.001869,51,2025-02-01 18:22:48.001963,600,1.037,0.0011,"aoml_navis",1029.86371750262
"7901009",60,0,1,0.026166,1,0.003738,1,112.639238735422,1,4.85496414472742,602,1,8.93099975585938,35.0320014953613,0.0261659994721413,0,108.618301391602,-87.1724,25.5209,55.6302473632834,63,63,63,63,61,63,0,8046,1.33458767306251,26,-87,0.001869,51,2025-02-01 18:22:48.001963,602,1.037,0.0011,"aoml_navis",1029.87372325501
"7901009",60,0,1,0.028035,1,0.005607,1,112.535744128559,1,4.8549149505441,604,1,8.91800022125244,35.0309982299805,0.0280349999666214,0,108.518501281738,-87.1724,25.5209,55.6302473632834,63,63,63,63,61,63,0,8046,1.33458767306251,26,-87,0.001869,51,2025-02-01 18:22:48.001963,604,1.037,0.0011,"aoml_navis",1029.88415882335
"7901009",60,0,1,0.026166,1,0.003738,1,112.464917454708,1,4.8548613073517,606,1,8.89500045776367,35.0289993286133,0.0261659994721413,0,108.450202941895,-87.1724,25.5209,55.6302473632834,63,63,63,63,61,63,0,8046,1.33458767306251,26,-87,0.001869,51,2025-02-01 18:22:48.001963,606,1.037,0.0011,"aoml_navis",1029.89553840159
"7901009",60,0,1,0.031773,1,0.009345,1,112.426339387048,1,4.85480487676593,608,1,8.86400032043457,35.0260009765625,0.0317730009555817,0,108.41300201416,-87.1724,25.5209,55.6302473632834,63,63,63,63,61,63,0,8046,1.33458767306251,26,-87,0.001869,51,2025-02-01 18:22:48.001963,608,1.037,0.0011,"aoml_navis",1029.90750955387
"7901009",60,0,1,0.029904,1,0.007476,1,112.50203974623,1,4.85474768995308,610,1,8.83199977874756,35.0229988098145,0.0299040004611015,0,108.486000061035,-87.1724,25.5209,55.6302473632834,63,63,63,63,61,63,0,8046,1.33458767306251,26,-87,0.001869,51,2025-02-01 18:22:48.001963,610,1.037,0.0011,"aoml_navis",1029.91964141566
"7901009",60,0,1,0.029904,1,0.007476,1,112.497680329643,1,4.8547013913312,612,1,8.81799983978271,35.0209999084473,0.0299040004611015,0,108.481796264648,-87.1724,25.5209,55.6302473632834,63,63,63,63,61,63,0,8046,1.33458767306251,26,-87,0.001869,51,2025-02-01 18:22:48.001963,612,1.037,0.0011,"aoml_navis",1029.92946361814
"7901009",60,0,1,0.028035,1,0.005607,1,112.574527903717,1,4.85464944977008,614,1,8.79699993133545,35.0190010070801,0.0280349999666214,0,108.55590057373,-87.1724,25.5209,55.6302473632834,63,63,63,63,61,63,0,8046,1.33458767306251,26,-87,0.001869,51,2025-02-01 18:22:48.001963,614,1.037,0.0011,"aoml_navis",1029.94048318706
"7901009",60,0,1,0.028035,1,0.005607,1,112.581474487681,1,4.85459601945208,616,1,8.76500034332275,35.0149993896484,0.0280349999666214,0,108.562599182129,-87.1724,25.5209,55.6302473632834,63,63,63,63,61,63,0,8046,1.33458767306251,26,-87,0.001869,51,2025-02-01 18:22:48.001963,616,1.037,0.0011,"aoml_navis",1029.95181884657
"7901009",60,0,1,0.035511,1,0.013083,1,112.505251947926,1,4.85454170608823,618,1,8.74100017547607,35.0130004882812,0.0355109982192516,0,108.489097595215,-87.1724,25.5209,55.6302473632834,63,63,63,63,61,63,0,8046,1.33458767306251,26,-87,0.001869,51,2025-02-01 18:22:48.001963,618,1.037,0.0011,"aoml_navis",1029.96334210691
"7901009",60,0,1,0.028035,1,0.005607,1,112.401757341063,1,4.85448111978848,620,1,8.69999980926514,35.0089988708496,0.0280349999666214,0,108.389297485352,-87.1724,25.5209,55.6302473632834,63,63,63,63,61,63,0,8046,1.33458767306251,26,-87,0.001869,51,2025-02-01 18:22:48.001963,620,1.037,0.0011,"aoml_navis",1029.97619655339
"7901009",60,0,1,0.026166,1,0.003738,1,112.13991543187,1,4.8544291467536,622,1,8.6879997253418,35.0089988708496,0.0261659994721413,0,108.13680267334,-87.1724,25.5209,55.6302473632834,63,63,63,63,61,63,0,8046,1.33458767306251,26,-87,0.001869,51,2025-02-01 18:22:48.001963,622,1.037,0.0011,"aoml_navis",1029.9872238003
"7901009",60,0,1,0.024297,1,0.001869,1,111.731016397246,1,4.85438680626594,624,1,8.6879997253418,35.0089988708496,0.0242970008403063,0,107.742500305176,-87.1724,25.5209,55.6302473632834,63,63,63,63,61,63,0,8046,1.33458767306251,26,-87,0.001869,51,2025-02-01 18:22:48.001963,624,1.037,0.0011,"aoml_navis",1029.99620746046
"7901009",60,0,1,0.026166,1,0.003738,1,111.190417093081,1,4.85433905697964,626,1,8.69499969482422,35.0120010375977,0.0261659994721413,0,107.221199035645,-87.1724,25.5209,55.6302473632834,63,63,63,63,61,63,0,8046,1.33458767306251,26,-87,0.001869,51,2025-02-01 18:22:48.001963,626,1.037,0.0011,"aoml_navis",1030.00633892907
"7901009",60,0,1,0.028035,1,0.005607,1,110.807761588077,1,4.85428765786188,628,1,8.70199966430664,35.015998840332,0.0280349999666214,0,106.852203369141,-87.1724,25.5209,55.6302473632834,63,63,63,63,61,63,0,8046,1.33458767306251,26,-87,0.001869,51,2025-02-01 18:22:48.001963,628,1.037,0.0011,"aoml_navis",1030.01724504359
"7901009",60,0,1,0.028035,1,0.005607,1,110.768764193595,1,4.85423362083129,630,1,8.69200038909912,35.0169982910156,0.0280349999666214,0,106.814598083496,-87.1724,25.5209,55.6302473632834,63,63,63,63,61,63,0,8046,1.33458767306251,26,-87,0.001869,51,2025-02-01 18:22:48.001963,630,1.037,0.0011,"aoml_navis",1030.02871113231
"7901009",60,0,1,0.028035,1,0.005607,1,111.103932913919,1,4.85418624791036,632,1,8.67199993133545,35.0139999389648,0.0280349999666214,0,107.137802124023,-87.1724,25.5209,55.6302473632834,63,63,63,63,61,63,0,8046,1.33458767306251,26,-87,0.001869,51,2025-02-01 18:22:48.001963,632,1.037,0.0011,"aoml_navis",1030.03876337716
"7901009",60,0,1,0.026166,1,0.003738,1,111.463984329648,1,4.85411501861637,634,1,8.61299991607666,35.0089988708496,0.0261659994721413,0,107.485000610352,-87.1724,25.5209,55.6302473632834,63,63,63,63,61,63,0,8046,1.33458767306251,26,-87,0.001869,51,2025-02-01 18:22:48.001963,634,1.037,0.0011,"aoml_navis",1030.05387816814
"7901009",60,0,1,0.028035,1,0.005607,1,111.761919992874,1,4.8540465061743,636,1,8.54800033569336,35.0019989013672,0.0280349999666214,0,107.772300720215,-87.1724,25.5209,55.6302473632834,63,63,63,63,61,63,0,8046,1.33458767306251,26,-87,0.001869,51,2025-02-01 18:22:48.001963,636,1.037,0.0011,"aoml_navis",1030.06841686417
"7901009",60,0,1,0.028035,1,0.005607,1,111.906579834774,1,4.85398651579812,638,1,8.51200008392334,34.9990005493164,0.0280349999666214,0,107.911796569824,-87.1724,25.5209,55.6302473632834,63,63,63,63,61,63,0,8046,1.33458767306251,26,-87,0.001869,51,2025-02-01 18:22:48.001963,638,1.037,0.0011,"aoml_navis",1030.08114747057
"7901009",60,0,1,0.029904,1,0.007476,1,112.027812757407,1,4.85393373778198,640,1,8.48499965667725,34.9959983825684,0.0299040004611015,0,108.028701782227,-87.1724,25.5209,55.6302473632834,63,63,63,63,61,63,0,8046,1.33458767306251,26,-87,0.001869,51,2025-02-01 18:22:48.001963,640,1.037,0.0011,"aoml_navis",1030.0923477964
"7901009",60,0,1,0.029904,1,0.007476,1,112.101645925456,1,4.85388523413388,642,1,8.4680004119873,34.9939994812012,0.0299040004611015,0,108.099899291992,-87.1724,25.5209,55.6302473632834,63,63,63,63,61,63,0,8046,1.33458767306251,26,-87,0.001869,51,2025-02-01 18:22:48.001963,642,1.037,0.0011,"aoml_navis",1030.10264124883
"7901009",60,0,1,0.029904,1,0.007476,1,112.264771971195,1,4.85382744904533,644,1,8.43000030517578,34.9900016784668,0.0299040004611015,0,108.257202148438,-87.1724,25.5209,55.6302473632834,63,63,63,63,61,63,0,8046,1.33458767306251,26,-87,0.001869,51,2025-02-01 18:22:48.001963,644,1.037,0.0011,"aoml_navis",1030.11490467866
"7901009",60,0,4,0.020559,1,-0.001869,1,112.476429162757,1,4.85376262896991,646,1,8.38300037384033,34.9860000610352,0.020558999851346,0,108.461303710938,-87.1724,25.5209,55.6302473632834,63,63,63,63,61,63,0,8046,1.33458767306251,26,-87,0.001869,51,2025-02-01 18:22:48.001963,646,1.037,0.0011,"aoml_navis",1030.12866145478
"7901009",60,0,1,0.028035,1,0.005607,1,112.651684039038,1,4.85370184105635,648,1,8.34099960327148,34.9819984436035,0.0280349999666214,0,108.630302429199,-87.1724,25.5209,55.6302473632834,63,63,63,63,61,63,0,8046,1.33458767306251,26,-87,0.001869,51,2025-02-01 18:22:48.001963,648,1.037,0.0011,"aoml_navis",1030.14156281833
"7901009",60,0,1,0.029904,1,0.007476,1,112.823101679303,1,4.85363508165993,650,1,8.29599952697754,34.9790000915527,0.0299040004611015,0,108.795600891113,-87.1724,25.5209,55.6302473632834,63,63,63,63,61,63,0,8046,1.33458767306251,26,-87,0.001869,51,2025-02-01 18:22:48.001963,650,1.037,0.0011,"aoml_navis",1030.15573191588
"7901009",60,0,1,0.031773,1,0.009345,1,112.894553387474,1,4.85358905423438,652,1,8.2819995880127,34.9770011901855,0.0317730009555817,0,108.864501953125,-87.1724,25.5209,55.6302473632834,63,63,63,63,61,63,0,8046,1.33458767306251,26,-87,0.001869,51,2025-02-01 18:22:48.001963,652,1.037,0.0011,"aoml_navis",1030.16550106109
"7901009",60,0,1,0.029904,1,0.007476,1,112.907101544839,1,4.85354171383743,654,1,8.27099990844727,34.976001739502,0.0299040004611015,0,108.876602172852,-87.1724,25.5209,55.6302473632834,63,63,63,63,61,63,0,8046,1.33458767306251,26,-87,0.001869,51,2025-02-01 18:22:48.001963,654,1.037,0.0011,"aoml_navis",1030.17554907276
"7901009",60,0,1,0.026166,1,0.003738,1,112.966313656892,1,4.85348890095979,656,1,8.25300025939941,34.9749984741211,0.0261659994721413,0,108.933700561523,-87.1724,25.5209,55.6302473632834,63,63,63,63,61,63,0,8046,1.33458767306251,26,-87,0.001869,51,2025-02-01 18:22:48.001963,656,1.037,0.0011,"aoml_navis",1030.18675885119
"7901009",60,0,1,0.024297,1,0.001869,1,113.032060937913,1,4.8534454912299,658,1,8.24699974060059,34.9739990234375,0.0242970008403063,0,108.997100830078,-87.1724,25.5209,55.6302473632834,63,63,63,63,61,63,0,8046,1.33458767306251,26,-87,0.001869,51,2025-02-01 18:22:48.001963,658,1.037,0.0011,"aoml_navis",1030.19597295054
"7901009",60,0,1,0.028035,1,0.005607,1,113.136591994092,1,4.85340129992421,660,1,8.23999977111816,34.9729995727539,0.0280349999666214,0,109.097900390625,-87.1724,25.5209,55.6302473632834,63,63,63,63,61,63,0,8046,1.33458767306251,26,-87,0.001869,51,2025-02-01 18:22:48.001963,660,1.037,0.0011,"aoml_navis",1030.20535311557
"7901009",60,0,1,0.028035,1,0.005607,1,113.336428916358,1,4.853355058227,662,1,8.2209997177124,34.9700012207031,0.0280349999666214,0,109.290603637695,-87.1724,25.5209,55.6302473632834,63,63,63,63,61,63,0,8046,1.33458767306251,26,-87,0.001869,51,2025-02-01 18:22:48.001963,662,1.037,0.0011,"aoml_navis",1030.2151686851
"7901009",60,0,1,0.029904,1,0.007476,1,113.655307185223,1,4.8533000063103,664,1,8.18599987030029,34.9659996032715,0.0299040004611015,0,109.598098754883,-87.1724,25.5209,55.6302473632834,63,63,63,63,61,63,0,8046,1.33458767306251,26,-87,0.001869,51,2025-02-01 18:22:48.001963,664,1.037,0.0011,"aoml_navis",1030.22685461417
"7901009",60,0,1,0.031773,1,0.009345,1,114.0212687356,1,4.85321517996046,666,1,8.10799980163574,34.9609985351562,0.0317730009555817,0,109.950996398926,-87.1724,25.5209,55.6302473632834,63,63,63,63,61,63,0,8046,1.33458767306251,26,-87,0.001869,51,2025-02-01 18:22:48.001963,666,1.037,0.0011,"aoml_navis",1030.24486131289
"7901009",60,0,1,0.031773,1,0.009345,1,114.245268377028,1,4.85314766216201,668,1,8.05200004577637,34.9560012817383,0.0317730009555817,0,110.166999816895,-87.1724,25.5209,55.6302473632834,63,63,63,63,61,63,0,8046,1.33458767306251,26,-87,0.001869,51,2025-02-01 18:22:48.001963,668,1.037,0.0011,"aoml_navis",1030.25919425097
"7901009",60,0,1,0.029904,1,0.007476,1,114.351872331839,1,4.85309110979288,670,1,8.0290002822876,34.9550018310547,0.0299040004611015,0,110.269798278809,-87.1724,25.5209,55.6302473632834,63,63,63,63,61,63,0,8046,1.33458767306251,26,-87,0.001869,51,2025-02-01 18:22:48.001963,670,1.037,0.0011,"aoml_navis",1030.27119971242
"7901009",60,0,1,0.029904,1,0.007476,1,114.394699050511,1,4.85304852361656,672,1,8.02400016784668,34.9539985656738,0.0299040004611015,0,110.311096191406,-87.1724,25.5209,55.6302473632834,63,63,63,63,61,63,0,8046,1.33458767306251,26,-87,0.001869,51,2025-02-01 18:22:48.001963,672,1.037,0.0011,"aoml_navis",1030.28024048561
"7901009",60,0,1,0.029904,1,0.007476,1,114.453088332573,1,4.85300147459343,674,1,8.01799964904785,34.9539985656738,0.0299040004611015,0,110.367401123047,-87.1724,25.5209,55.6302473632834,63,63,63,63,61,63,0,8046,1.33458767306251,26,-87,0.001869,51,2025-02-01 18:22:48.001963,674,1.037,0.0011,"aoml_navis",1030.29022887715
"7901009",60,0,1,0.028035,1,0.005607,1,114.550047770469,1,4.85295887808535,676,1,8.01299953460693,34.9529991149902,0.0280349999666214,0,110.460899353027,-87.1724,25.5209,55.6302473632834,63,63,63,63,61,63,0,8046,1.33458767306251,26,-87,0.001869,51,2025-02-01 18:22:48.001963,676,1.037,0.0011,"aoml_navis",1030.29927217777
"7901009",60,0,1,0.031773,1,0.009345,1,114.715555276086,1,4.85291299379876,678,1,7.99900007247925,34.951000213623,0.0317730009555817,0,110.620498657227,-87.1724,25.5209,55.6302473632834,63,63,63,63,61,63,0,8046,1.33458767306251,26,-87,0.001869,51,2025-02-01 18:22:48.001963,678,1.037,0.0011,"aoml_navis",1030.30901365617
"7901009",60,0,1,0.026166,1,0.003738,1,114.866236018209,1,4.85286344027325,680,1,7.9850001335144,34.9500007629395,0.0261659994721413,0,110.765800476074,-87.1724,25.5209,55.6302473632834,63,63,63,63,61,63,0,8046,1.33458767306251,26,-87,0.001869,51,2025-02-01 18:22:48.001963,680,1.037,0.0011,"aoml_navis",1030.31953434042
"7901009",60,0,1,0.024297,1,0.001869,1,115.182218558452,1,4.85281447884229,682,1,7.96700000762939,34.9480018615723,0.0242970008403063,0,111.070503234863,-87.1724,25.5209,55.6302473632834,63,63,63,63,61,63,0,8046,1.33458767306251,26,-87,0.001869,51,2025-02-01 18:22:48.001963,682,1.037,0.0011,"aoml_navis",1030.32992952841
"7901009",60,0,1,0.026166,1,0.003738,1,115.523083794099,1,4.8527591895105,684,1,7.93599987030029,34.9449996948242,0.0261659994721413,0,111.399200439453,-87.1724,25.5209,55.6302473632834,63,63,63,63,61,63,0,8046,1.33458767306251,26,-87,0.001869,51,2025-02-01 18:22:48.001963,684,1.037,0.0011,"aoml_navis",1030.3416684693
"7901009",60,0,1,0.028035,1,0.005607,1,115.911657345578,1,4.85270546500127,686,1,7.90700006484985,34.9420013427734,0.0280349999666214,0,111.773902893066,-87.1724,25.5209,55.6302473632834,63,63,63,63,61,63,0,8046,1.33458767306251,26,-87,0.001869,51,2025-02-01 18:22:48.001963,686,1.037,0.0011,"aoml_navis",1030.35307542587
"7901009",60,0,1,0.029904,1,0.007476,1,116.305310289886,1,4.85262000055745,688,1,7.8270001411438,34.9370002746582,0.0299040004611015,0,112.153503417969,-87.1724,25.5209,55.6302473632834,63,63,63,63,61,63,0,8046,1.33458767306251,26,-87,0.001869,51,2025-02-01 18:22:48.001963,688,1.037,0.0011,"aoml_navis",1030.37122202555
"7901009",60,0,1,0.028035,1,0.005607,1,116.420000131725,1,4.85256871635144,690,1,7.80100011825562,34.9339981079102,0.0280349999666214,0,112.264099121094,-87.1724,25.5209,55.6302473632834,63,63,63,63,61,63,0,8046,1.33458767306251,26,-87,0.001869,51,2025-02-01 18:22:48.001963,690,1.037,0.0011,"aoml_navis",1030.38211146846
"7901009",60,0,1,0.029904,1,0.007476,1,116.495914110232,1,4.85251864398999,692,1,7.79099988937378,34.9339981079102,0.0299040004611015,0,112.337303161621,-87.1724,25.5209,55.6302473632834,63,63,63,63,61,63,0,8046,1.33458767306251,26,-87,0.001869,51,2025-02-01 18:22:48.001963,692,1.037,0.0011,"aoml_navis",1030.39274381618
"7901009",60,0,1,0.031773,1,0.009345,1,116.598886536525,1,4.85246843068826,694,1,7.77600002288818,34.9329986572266,0.0317730009555817,0,112.436599731445,-87.1724,25.5209,55.6302473632834,63,63,63,63,61,63,0,8046,1.33458767306251,26,-87,0.001869,51,2025-02-01 18:22:48.001963,694,1.037,0.0011,"aoml_navis",1030.40340631146
"7901009",60,0,1,0.033642,1,0.011214,1,116.745730042632,1,4.85242510057079,696,1,7.76999998092651,34.931999206543,0.0336420014500618,0,112.578201293945,-87.1724,25.5209,55.6302473632834,63,63,63,63,61,63,0,8046,1.33458767306251,26,-87,0.001869,51,2025-02-01 18:22:48.001963,696,1.037,0.0011,"aoml_navis",1030.41260738097
"7901009",60,0,1,0.026166,1,0.003738,1,116.947742717278,1,4.85237628454092,698,1,7.7519998550415,34.9300003051758,0.0261659994721413,0,112.773002624512,-87.1724,25.5209,55.6302473632834,63,63,63,63,61,63,0,8046,1.33458767306251,26,-87,0.001869,51,2025-02-01 18:22:48.001963,698,1.037,0.0011,"aoml_navis",1030.42297357058
"7901009",60,0,1,0.031773,1,0.009345,1,117.228770806552,1,4.85232304072721,700,1,7.73299980163574,34.9290008544922,0.0317730009555817,0,113.043998718262,-87.1724,25.5209,55.6302473632834,63,63,63,63,61,63,0,8046,1.33458767306251,26,-87,0.001869,51,2025-02-01 18:22:48.001963,700,1.037,0.0011,"aoml_navis",1030.43428024748
"7901009",60,0,1,0.031773,1,0.009345,1,117.577524133557,1,4.8522658846306,702,1,7.7039999961853,34.9269981384277,0.0317730009555817,0,113.380302429199,-87.1724,25.5209,55.6302473632834,63,63,63,63,61,63,0,8046,1.33458767306251,26,-87,0.001869,51,2025-02-01 18:22:48.001963,702,1.037,0.0011,"aoml_navis",1030.44641799975
"7901009",60,0,1,0.033642,1,0.011214,1,117.969824155476,1,4.85222015614791,704,1,7.69000005722046,34.9249992370605,0.0336420014500618,0,113.758598327637,-87.1724,25.5209,55.6302473632834,63,63,63,63,61,63,0,8046,1.33458767306251,26,-87,0.001869,51,2025-02-01 18:22:48.001963,704,1.037,0.0011,"aoml_navis",1030.45612917313
"7901009",60,0,1,0.028035,1,0.005607,1,118.572333504645,1,4.85216735037928,706,1,7.65700006484985,34.9210014343262,0.0280349999666214,0,114.339599609375,-87.1724,25.5209,55.6302473632834,63,63,63,63,61,63,0,8046,1.33458767306251,26,-87,0.001869,51,2025-02-01 18:22:48.001963,706,1.037,0.0011,"aoml_navis",1030.46734354889
"7901009",60,0,1,0.024297,1,0.001869,1,119.175048561312,1,4.85210151070453,708,1,7.59700012207031,34.9150009155273,0.0242970008403063,0,114.920799255371,-87.1724,25.5209,55.6302473632834,63,63,63,63,61,63,0,8046,1.33458767306251,26,-87,0.001869,51,2025-02-01 18:22:48.001963,708,1.037,0.0011,"aoml_navis",1030.48132628083
"7901009",60,0,1,0.026166,1,0.003738,1,119.619202696325,1,4.85203526235618,710,1,7.5460000038147,34.9109992980957,0.0261659994721413,0,115.349098205566,-87.1724,25.5209,55.6302473632834,63,63,63,63,61,63,0,8046,1.33458767306251,26,-87,0.001869,51,2025-02-01 18:22:48.001963,710,1.037,0.0011,"aoml_navis",1030.49539618803
"7901009",60,0,1,0.026166,1,0.003738,1,119.885198314607,1,4.85198425040488,712,1,7.51999998092651,34.9080009460449,0.0261659994721413,0,115.605598449707,-87.1724,25.5209,55.6302473632834,63,63,63,63,61,63,0,8046,1.33458767306251,26,-87,0.001869,51,2025-02-01 18:22:48.001963,712,1.037,0.0011,"aoml_navis",1030.50623043197
"7901009",60,0,1,0.029904,1,0.007476,1,120.220675596178,1,4.85191531884786,714,1,7.47499990463257,34.9059982299805,0.0299040004611015,0,115.929100036621,-87.1724,25.5209,55.6302473632834,63,63,63,63,61,63,0,8046,1.33458767306251,26,-87,0.001869,51,2025-02-01 18:22:48.001963,714,1.037,0.0011,"aoml_navis",1030.52087091811
"7901009",60,0,1,0.029904,1,0.007476,1,120.387425258609,1,4.85186602857866,716,1,7.46099996566772,34.9049987792969,0.0299040004611015,0,116.089897155762,-87.1724,25.5209,55.6302473632834,63,63,63,63,61,63,0,8046,1.33458767306251,26,-87,0.001869,51,2025-02-01 18:22:48.001963,716,1.037,0.0011,"aoml_navis",1030.53134001409
"7901009",60,0,1,0.028035,1,0.005607,1,120.585292135992,1,4.85182124733038,718,1,7.45300006866455,34.9039993286133,0.0280349999666214,0,116.280700683594,-87.1724,25.5209,55.6302473632834,63,63,63,63,61,63,0,8046,1.33458767306251,26,-87,0.001869,51,2025-02-01 18:22:48.001963,718,1.037,0.0011,"aoml_navis",1030.54085159282
"7901009",60,0,1,0.028035,1,0.005607,1,120.863630204141,1,4.85177646868844,720,1,7.44500017166138,34.9029998779297,0.0280349999666214,0,116.549102783203,-87.1724,25.5209,55.6302473632834,63,63,63,63,61,63,0,8046,1.33458767306251,26,-87,0.001869,51,2025-02-01 18:22:48.001963,720,1.037,0.0011,"aoml_navis",1030.55036279353
"7901009",60,0,1,0.028035,1,0.005607,1,121.151604877379,1,4.85171738400714,722,1,7.41300010681152,34.9010009765625,0.0280349999666214,0,116.826797485352,-87.1724,25.5209,55.6302473632834,63,63,63,63,61,63,0,8046,1.33458767306251,26,-87,0.001869,51,2025-02-01 18:22:48.001963,722,1.037,0.0011,"aoml_navis",1030.56291293505
"7901009",60,0,1,0.031773,1,0.009345,1,121.370833687224,1,4.8516598497102,724,1,7.38299989700317,34.898998260498,0.0317730009555817,0,117.038200378418,-87.1724,25.5209,55.6302473632834,63,63,63,63,61,63,0,8046,1.33458767306251,26,-87,0.001869,51,2025-02-01 18:22:48.001963,724,1.037,0.0011,"aoml_navis",1030.5751340541
"7901009",60,0,1,0.029904,1,0.007476,1,121.5779257547,1,4.85160687055412,726,1,7.36399984359741,34.8979988098145,0.0299040004611015,0,117.237899780273,-87.1724,25.5209,55.6302473632834,63,63,63,63,61,63,0,8046,1.33458767306251,26,-87,0.001869,51,2025-02-01 18:22:48.001963,726,1.037,0.0011,"aoml_navis",1030.58638785152
"7901009",60,0,1,0.031773,1,0.009345,1,121.781386293657,1,4.85154719208675,728,1,7.33599996566772,34.8969993591309,0.0317730009555817,0,117.434097290039,-87.1724,25.5209,55.6302473632834,63,63,63,63,61,63,0,8046,1.33458767306251,26,-87,0.001869,51,2025-02-01 18:22:48.001963,728,1.037,0.0011,"aoml_navis",1030.5990650066
"7901009",60,0,1,0.029904,1,0.007476,1,121.983090407057,1,4.85150244297404,730,1,7.32800006866455,34.8959999084473,0.0299040004611015,0,117.628601074219,-87.1724,25.5209,55.6302473632834,63,63,63,63,61,63,0,8046,1.33458767306251,26,-87,0.001869,51,2025-02-01 18:22:48.001963,730,1.037,0.0011,"aoml_navis",1030.60857100897
"7901009",60,0,1,0.031773,1,0.009345,1,122.287244766177,1,4.8514361058671,732,1,7.29099988937378,34.8950004577637,0.0317730009555817,0,117.921897888184,-87.1724,25.5209,55.6302473632834,63,63,63,63,61,63,0,8046,1.33458767306251,26,-87,0.001869,51,2025-02-01 18:22:48.001963,732,1.037,0.0011,"aoml_navis",1030.62266324671
"7901009",60,0,1,0.031773,1,0.009345,1,122.555629756165,1,4.85138839416712,734,1,7.27899980545044,34.8940010070801,0.0317730009555817,0,118.180702209473,-87.1724,25.5209,55.6302473632834,63,63,63,63,61,63,0,8046,1.33458767306251,26,-87,0.001869,51,2025-02-01 18:22:48.001963,734,1.037,0.0011,"aoml_navis",1030.63279905842
"7901009",60,0,1,0.028035,1,0.005607,1,122.908315261108,1,4.85133769640499,736,1,7.25799989700317,34.8919982910156,0.0280349999666214,0,118.520797729492,-87.1724,25.5209,55.6302473632834,63,63,63,63,61,63,0,8046,1.33458767306251,26,-87,0.001869,51,2025-02-01 18:22:48.001963,736,1.037,0.0011,"aoml_navis",1030.64356944378
"7901009",60,0,1,0.029904,1,0.007476,1,123.270961756039,1,4.85127884583234,738,1,7.22599983215332,34.8899993896484,0.0299040004611015,0,118.870498657227,-87.1724,25.5209,55.6302473632834,63,63,63,63,61,63,0,8046,1.33458767306251,26,-87,0.001869,51,2025-02-01 18:22:48.001963,738,1.037,0.0011,"aoml_navis",1030.65607211909
"7901009",60,0,1,0.031773,1,0.009345,1,123.689085980756,1,4.851217836775,740,1,7.19600009918213,34.8889999389648,0.0317730009555817,0,119.273696899414,-87.1724,25.5209,55.6302473632834,63,63,63,63,61,63,0,8046,1.33458767306251,26,-87,0.001869,51,2025-02-01 18:22:48.001963,740,1.037,0.0011,"aoml_navis",1030.66903367999
"7901009",60,0,1,0.028035,1,0.005607,1,124.244306340917,1,4.85115907913244,742,1,7.16900014877319,34.8880004882812,0.0280349999666214,0,119.809097290039,-87.1724,25.5209,55.6302473632834,63,63,63,63,61,63,0,8046,1.33458767306251,26,-87,0.001869,51,2025-02-01 18:22:48.001963,742,1.037,0.0011,"aoml_navis",1030.68151722911
"7901009",60,0,1,0.029904,1,0.007476,1,124.82866595932,1,4.85109445651856,744,1,7.12400007247925,34.8849983215332,0.0299040004611015,0,120.372596740723,-87.1724,25.5209,55.6302473632834,63,63,63,63,61,63,0,8046,1.33458767306251,26,-87,0.001869,51,2025-02-01 18:22:48.001963,744,1.037,0.0011,"aoml_navis",1030.69524718929
"7901009",60,0,1,0.026166,1,0.003738,1,125.258096184588,1,4.85101813889941,746,1,7.07299995422363,34.8839988708496,0.0261659994721413,0,120.786697387695,-87.1724,25.5209,55.6302473632834,63,63,63,63,61,63,0,8046,1.33458767306251,26,-87,0.001869,51,2025-02-01 18:22:48.001963,746,1.037,0.0011,"aoml_navis",1030.71146238476
"7901009",60,0,1,0.028035,1,0.005607,1,125.562464163033,1,4.8509609813787,748,1,7.0479998588562,34.882999420166,0.0280349999666214,0,121.080200195312,-87.1724,25.5209,55.6302473632834,63,63,63,63,61,63,0,8046,1.33458767306251,26,-87,0.001869,51,2025-02-01 18:22:48.001963,748,1.037,0.0011,"aoml_navis",1030.72360697054
"7901009",60,0,1,0.029904,1,0.007476,1,125.869941489426,1,4.85090750972097,750,1,7.02799987792969,34.8819999694824,0.0299040004611015,0,121.37670135498,-87.1724,25.5209,55.6302473632834,63,63,63,63,61,63,0,8046,1.33458767306251,26,-87,0.001869,51,2025-02-01 18:22:48.001963,750,1.037,0.0011,"aoml_navis",1030.73496865901
"7901009",60,0,1,0.029904,1,0.007476,1,126.233727287422,1,4.85085405288524,752,1,7.00799989700317,34.8810005187988,0.0299040004611015,0,121.727500915527,-87.1724,25.5209,55.6302473632834,63,63,63,63,61,63,0,8046,1.33458767306251,26,-87,0.001869,51,2025-02-01 18:22:48.001963,752,1.037,0.0011,"aoml_navis",1030.74632744847
"7901009",60,0,1,0.033642,1,0.011214,1,126.517144748401,1,4.85078743292986,754,1,6.97499990463257,34.8810005187988,0.0336420014500618,0,122.000801086426,-87.1724,25.5209,55.6302473632834,63,63,63,63,61,63,0,8046,1.33458767306251,26,-87,0.001869,51,2025-02-01 18:22:48.001963,754,1.037,0.0011,"aoml_navis",1030.76048355721
"7901009",60,0,1,0.031773,1,0.009345,1,126.653718703273,1,4.85073547496189,756,1,6.95699977874756,34.8800010681152,0.0317730009555817,0,122.132499694824,-87.1724,25.5209,55.6302473632834,63,63,63,63,61,63,0,8046,1.33458767306251,26,-87,0.001869,51,2025-02-01 18:22:48.001963,756,1.037,0.0011,"aoml_navis",1030.77152440255
"7901009",60,0,1,0.029904,1,0.007476,1,126.79423274791,1,4.85068495095237,758,1,6.94600009918213,34.8800010681152,0.0299040004611015,0,122.267997741699,-87.1724,25.5209,55.6302473632834,63,63,63,63,61,63,0,8046,1.33458767306251,26,-87,0.001869,51,2025-02-01 18:22:48.001963,758,1.037,0.0011,"aoml_navis",1030.7822607647
"7901009",60,0,1,0.028035,1,0.005607,1,126.942840591402,1,4.85063880472643,760,1,6.94099998474121,34.8800010681152,0.0280349999666214,0,122.41130065918,-87.1724,25.5209,55.6302473632834,63,63,63,63,61,63,0,8046,1.33458767306251,26,-87,0.001869,51,2025-02-01 18:22:48.001963,760,1.037,0.0011,"aoml_navis",1030.79206704239
"7901009",60,0,1,0.033642,1,0.011214,1,127.181666996324,1,4.85059269695588,762,1,6.93100023269653,34.8790016174316,0.0336420014500618,0,122.6416015625,-87.1724,25.5209,55.6302473632834,63,63,63,63,61,63,0,8046,1.33458767306251,26,-87,0.001869,51,2025-02-01 18:22:48.001963,762,1.037,0.0011,"aoml_navis",1030.80186533449
"7901009",60,0,1,0.029904,1,0.007476,1,127.516313536077,1,4.85054223650952,764,1,6.91499996185303,34.8779983520508,0.0299040004611015,0,122.964302062988,-87.1724,25.5209,55.6302473632834,63,63,63,63,61,63,0,8046,1.33458767306251,26,-87,0.001869,51,2025-02-01 18:22:48.001963,764,1.037,0.0011,"aoml_navis",1030.81258882059
"7901009",60,0,1,0.028035,1,0.005607,1,127.831354568926,1,4.85048372589099,766,1,6.89300012588501,34.8779983520508,0.0280349999666214,0,123.268096923828,-87.1724,25.5209,55.6302473632834,63,63,63,63,61,63,0,8046,1.33458767306251,26,-87,0.001869,51,2025-02-01 18:22:48.001963,766,1.037,0.0011,"aoml_navis",1030.82502334992
"7901009",60,0,1,0.028035,1,0.005607,1,128.172639131395,1,4.8504260091813,768,1,6.86700010299683,34.8769989013672,0.0280349999666214,0,123.597198486328,-87.1724,25.5209,55.6302473632834,63,63,63,63,61,63,0,8046,1.33458767306251,26,-87,0.001869,51,2025-02-01 18:22:48.001963,768,1.037,0.0011,"aoml_navis",1030.83728945366
"7901009",60,0,1,0.026166,1,0.003738,1,128.418000705285,1,4.85036753800708,770,1,6.84499979019165,34.8769989013672,0.0261659994721413,0,123.833801269531,-87.1724,25.5209,55.6302473632834,63,63,63,63,61,63,0,8046,1.33458767306251,26,-87,0.001869,51,2025-02-01 18:22:48.001963,770,1.037,0.0011,"aoml_navis",1030.84971619582
"7901009",60,0,1,0.029904,1,0.007476,1,128.644793221587,1,4.85031343256498,772,1,6.8289999961853,34.8769989013672,0.0299040004611015,0,124.05249786377,-87.1724,25.5209,55.6302473632834,63,63,63,63,61,63,0,8046,1.33458767306251,26,-87,0.001869,51,2025-02-01 18:22:48.001963,772,1.037,0.0011,"aoml_navis",1030.86121536601
"7901009",60,0,1,0.029904,1,0.007476,1,128.935679447101,1,4.85026446570942,774,1,6.81500005722046,34.8759994506836,0.0299040004611015,0,124.333000183105,-87.1724,25.5209,55.6302473632834,63,63,63,63,61,63,0,8046,1.33458767306251,26,-87,0.001869,51,2025-02-01 18:22:48.001963,774,1.037,0.0011,"aoml_navis",1030.87162264021
"7901009",60,0,1,0.024297,1,0.001869,1,129.236930165772,1,4.85020603664708,776,1,6.79300022125244,34.8759994506836,0.0242970008403063,0,124.623497009277,-87.1724,25.5209,55.6302473632834,63,63,63,63,61,63,0,8046,1.33458767306251,26,-87,0.001869,51,2025-02-01 18:22:48.001963,776,1.037,0.0011,"aoml_navis",1030.88404125951
"7901009",60,0,1,0.026166,1,0.003738,1,129.560895739294,1,4.8501578104647,778,1,6.78000020980835,34.875,0.0261659994721413,0,124.935897827148,-87.1724,25.5209,55.6302473632834,63,63,63,63,61,63,0,8046,1.33458767306251,26,-87,0.001869,51,2025-02-01 18:22:48.001963,778,1.037,0.0011,"aoml_navis",1030.89429156552
"7901009",60,0,1,0.028035,1,0.005607,1,129.91960214446,1,4.85009507847702,780,1,6.7519998550415,34.875,0.0280349999666214,0,125.281799316406,-87.1724,25.5209,55.6302473632834,63,63,63,63,61,63,0,8046,1.33458767306251,26,-87,0.001869,51,2025-02-01 18:22:48.001963,780,1.037,0.0011,"aoml_navis",1030.90762533465
"7901009",60,0,1,0.026166,1,0.003738,1,130.198351627605,1,4.85004254490721,782,1,6.73299980163574,34.8740005493164,0.0261659994721413,0,125.550598144531,-87.1724,25.5209,55.6302473632834,63,63,63,63,61,63,0,8046,1.33458767306251,26,-87,0.001869,51,2025-02-01 18:22:48.001963,782,1.037,0.0011,"aoml_navis",1030.91879168158
"7901009",60,0,1,0.029904,1,0.007476,1,130.43977311173,1,4.84998994431959,784,1,6.7189998626709,34.8740005493164,0.0299040004611015,0,125.783401489258,-87.1724,25.5209,55.6302473632834,63,63,63,63,61,63,0,8046,1.33458767306251,26,-87,0.001869,51,2025-02-01 18:22:48.001963,784,1.037,0.0011,"aoml_navis",1030.92997251594
"7901009",60,0,1,0.029904,1,0.007476,1,130.690316932198,1,4.84993375176718,786,1,6.69999980926514,34.8740005493164,0.0299040004611015,0,126.025001525879,-87.1724,25.5209,55.6302473632834,63,63,63,63,61,63,0,8046,1.33458767306251,26,-87,0.001869,51,2025-02-01 18:22:48.001963,786,1.037,0.0011,"aoml_navis",1030.94191712993
"7901009",60,0,1,0.028035,1,0.005607,1,130.913169358735,1,4.84988484914804,788,1,6.68599987030029,34.8730010986328,0.0280349999666214,0,126.239898681641,-87.1724,25.5209,55.6302473632834,63,63,63,63,61,63,0,8046,1.33458767306251,26,-87,0.001869,51,2025-02-01 18:22:48.001963,788,1.037,0.0011,"aoml_navis",1030.95231237878
"7901009",60,0,1,0.028035,1,0.005607,1,131.171909831807,1,4.84983227177041,790,1,6.67199993133545,34.8730010986328,0.0280349999666214,0,126.489402770996,-87.1724,25.5209,55.6302473632834,63,63,63,63,61,63,0,8046,1.33458767306251,26,-87,0.001869,51,2025-02-01 18:22:48.001963,790,1.037,0.0011,"aoml_navis",1030.96348900635
"7901009",60,0,1,0.031773,1,0.009345,1,131.461031719936,1,4.84978185571626,792,1,6.66099977493286,34.8730010986328,0.0317730009555817,0,126.768203735352,-87.1724,25.5209,55.6302473632834,63,63,63,63,61,63,0,8046,1.33458767306251,26,-87,0.001869,51,2025-02-01 18:22:48.001963,792,1.037,0.0011,"aoml_navis",1030.97420641852
"7901009",60,0,1,0.031773,1,0.009345,1,131.89595275303,1,4.84972426748795,794,1,6.6399998664856,34.8730010986328,0.0317730009555817,0,127.187599182129,-87.1724,25.5209,55.6302473632834,63,63,63,63,61,63,0,8046,1.33458767306251,26,-87,0.001869,51,2025-02-01 18:22:48.001963,794,1.037,0.0011,"aoml_navis",1030.98644875947
"7901009",60,0,1,0.026166,1,0.003738,1,132.235781539361,1,4.8496466509186,796,1,6.59100008010864,34.8730010986328,0.0261659994721413,0,127.515296936035,-87.1724,25.5209,55.6302473632834,63,63,63,63,61,63,0,8046,1.33458767306251,26,-87,0.001869,51,2025-02-01 18:22:48.001963,796,1.037,0.0011,"aoml_navis",1031.00294926702
"7901009",60,0,1,0.026166,1,0.003738,1,132.408963517011,1,4.84959912469711,798,1,6.58400011062622,34.8730010986328,0.0261659994721413,0,127.68229675293,-87.1724,25.5209,55.6302473632834,63,63,63,63,61,63,0,8046,1.33458767306251,26,-87,0.001869,51,2025-02-01 18:22:48.001963,798,1.037,0.0011,"aoml_navis",1031.01305312783
"7901009",60,0,1,0.026166,1,0.003738,1,132.638461878091,1,4.84955374548123,800,1,6.57999992370605,34.8730010986328,0.0261659994721413,0,127.903602600098,-87.1724,25.5209,55.6302473632834,63,63,63,63,61,63,0,8046,1.33458767306251,26,-87,0.001869,51,2025-02-01 18:22:48.001963,800,1.037,0.0011,"aoml_navis",1031.02270072972
"7901009",60,0,1,0.029904,1,0.007476,1,132.923944325875,1,4.84950776103782,802,1,6.57000017166138,34.8720016479492,0.0299040004611015,0,128.178894042969,-87.1724,25.5209,55.6302473632834,63,63,63,63,61,63,0,8046,1.33458767306251,26,-87,0.001869,51,2025-02-01 18:22:48.001963,802,1.037,0.0011,"aoml_navis",1031.03247718692
"7901009",60,0,1,0.035511,1,0.013083,1,133.26886832869,1,4.84945381237411,804,1,6.55399990081787,34.8720016479492,0.0355109982192516,0,128.511505126953,-87.1724,25.5209,55.6302473632834,63,63,63,63,61,63,0,8046,1.33458767306251,26,-87,0.001869,51,2025-02-01 18:22:48.001963,804,1.037,0.0011,"aoml_navis",1031.0439471022
"7901009",60,0,1,0.029904,1,0.007476,1,133.585990171998,1,4.84939915970293,806,1,6.53700017929077,34.8720016479492,0.0299040004611015,0,128.817306518555,-87.1724,25.5209,55.6302473632834,63,63,63,63,61,63,0,8046,1.33458767306251,26,-87,0.001869,51,2025-02-01 18:22:48.001963,806,1.037,0.0011,"aoml_navis",1031.05556695529
"7901009",60,0,1,0.029904,1,0.007476,1,133.831652395307,1,4.84934879485295,808,1,6.52600002288818,34.8720016479492,0.0299040004611015,0,129.05419921875,-87.1724,25.5209,55.6302473632834,63,63,63,63,61,63,0,8046,1.33458767306251,26,-87,0.001869,51,2025-02-01 18:22:48.001963,808,1.037,0.0011,"aoml_navis",1031.06627539495
"7901009",60,0,1,0.028035,1,0.005607,1,134.144723383274,1,4.84930355614529,810,1,6.51700019836426,34.8709983825684,0.0280349999666214,0,129.356094360352,-87.1724,25.5209,55.6302473632834,63,63,63,63,61,63,0,8046,1.33458767306251,26,-87,0.001869,51,2025-02-01 18:22:48.001963,810,1.037,0.0011,"aoml_navis",1031.07589411757
"7901009",60,0,1,0.031773,1,0.009345,1,134.403361002597,1,4.84924309284266,812,1,6.49700021743774,34.8720016479492,0.0317730009555817,0,129.605499267578,-87.1724,25.5209,55.6302473632834,63,63,63,63,61,63,0,8046,1.33458767306251,26,-87,0.001869,51,2025-02-01 18:22:48.001963,812,1.037,0.0011,"aoml_navis",1031.08875019688
"7901009",60,0,1,0.029904,1,0.007476,1,134.705244667415,1,4.84919857460291,814,1,6.48899984359741,34.8709983825684,0.0299040004611015,0,129.896606445312,-87.1724,25.5209,55.6302473632834,63,63,63,63,61,63,0,8046,1.33458767306251,26,-87,0.001869,51,2025-02-01 18:22:48.001963,814,1.037,0.0011,"aoml_navis",1031.09821614378
"7901009",60,0,1,0.031773,1,0.009345,1,135.009185407211,1,4.8491418271144,816,1,6.4689998626709,34.8709983825684,0.0317730009555817,0,130.189697265625,-87.1724,25.5209,55.6302473632834,63,63,63,63,61,63,0,8046,1.33458767306251,26,-87,0.001869,51,2025-02-01 18:22:48.001963,816,1.037,0.0011,"aoml_navis",1031.11028265704
"7901009",60,0,1,0.029904,1,0.007476,1,135.258692778364,1,4.84909588141254,818,1,6.45900011062622,34.8699989318848,0.0299040004611015,0,130.430297851562,-87.1724,25.5209,55.6302473632834,63,63,63,63,61,63,0,8046,1.33458767306251,26,-87,0.001869,51,2025-02-01 18:22:48.001963,818,1.037,0.0011,"aoml_navis",1031.1200525372
"7901009",60,0,1,0.026166,1,0.003738,1,135.582033317566,1,4.84904128524623,820,1,6.44199991226196,34.8699989318848,0.0261659994721413,0,130.742095947266,-87.1724,25.5209,55.6302473632834,63,63,63,63,61,63,0,8046,1.33458767306251,26,-87,0.001869,51,2025-02-01 18:22:48.001963,820,1.037,0.0011,"aoml_navis",1031.13166209021
"7901009",60,0,1,0.029904,1,0.007476,1,135.890547093274,1,4.84898953768378,822,1,6.42899990081787,34.8699989318848,0.0299040004611015,0,131.039596557617,-87.1724,25.5209,55.6302473632834,63,63,63,63,61,63,0,8046,1.33458767306251,26,-87,0.001869,51,2025-02-01 18:22:48.001963,822,1.037,0.0011,"aoml_navis",1031.14266614573
"7901009",60,0,1,0.026166,1,0.003738,1,136.176670399032,1,4.84893779604624,824,1,6.41599988937378,34.8699989318848,0.0261659994721413,0,131.315505981445,-87.1724,25.5209,55.6302473632834,63,63,63,63,61,63,0,8046,1.33458767306251,26,-87,0.001869,51,2025-02-01 18:22:48.001963,824,1.037,0.0011,"aoml_navis",1031.15366917615
"7901009",60,0,1,0.029904,1,0.007476,1,136.434675072208,1,4.84889470456651,826,1,6.40999984741211,34.8689994812012,0.0299040004611015,0,131.564300537109,-87.1724,25.5209,55.6302473632834,63,63,63,63,61,63,0,8046,1.33458767306251,26,-87,0.001869,51,2025-02-01 18:22:48.001963,826,1.037,0.0011,"aoml_navis",1031.16283290111
"7901009",60,0,1,0.031773,1,0.009345,1,136.776687522747,1,4.84884594502111,828,1,6.39599990844727,34.8680000305176,0.0317730009555817,0,131.894104003906,-87.1724,25.5209,55.6302473632834,63,63,63,63,61,63,0,8046,1.33458767306251,26,-87,0.001869,51,2025-02-01 18:22:48.001963,828,1.037,0.0011,"aoml_navis",1031.17320217898
"7901009",60,0,1,0.029904,1,0.007476,1,136.950067296068,1,4.84879705137699,830,1,6.38700008392334,34.8680000305176,0.0299040004611015,0,132.061294555664,-87.1724,25.5209,55.6302473632834,63,63,63,63,61,63,0,8046,1.33458767306251,26,-87,0.001869,51,2025-02-01 18:22:48.001963,830,1.037,0.0011,"aoml_navis",1031.1836001839
"7901009",60,0,1,0.029904,1,0.007476,1,137.135805342909,1,4.84875325877017,832,1,6.38000011444092,34.867000579834,0.0299040004611015,0,132.24040222168,-87.1724,25.5209,55.6302473632834,63,63,63,63,61,63,0,8046,1.33458767306251,26,-87,0.001869,51,2025-02-01 18:22:48.001963,832,1.037,0.0011,"aoml_navis",1031.19291355077
"7901009",60,0,1,0.029904,1,0.007476,1,137.349946848097,1,4.84869870903344,834,1,6.36299991607666,34.867000579834,0.0299040004611015,0,132.446899414062,-87.1724,25.5209,55.6302473632834,63,63,63,63,61,63,0,8046,1.33458767306251,26,-87,0.001869,51,2025-02-01 18:22:48.001963,834,1.037,0.0011,"aoml_navis",1031.20451487008
"7901009",60,0,1,0.029904,1,0.007476,1,137.338443051875,1,4.84862479656581,836,1,6.3289999961853,34.8689994812012,0.0299040004611015,0,132.435806274414,-87.1724,25.5209,55.6302473632834,63,63,63,63,61,63,0,8046,1.33458767306251,26,-87,0.001869,51,2025-02-01 18:22:48.001963,836,1.037,0.0011,"aoml_navis",1031.22023455834
"7901009",60,0,1,0.029904,1,0.007476,1,137.237219139314,1,4.84857506443793,838,1,6.32399988174438,34.8699989318848,0.0299040004611015,0,132.338195800781,-87.1724,25.5209,55.6302473632834,63,63,63,63,61,63,0,8046,1.33458767306251,26,-87,0.001869,51,2025-02-01 18:22:48.001963,838,1.037,0.0011,"aoml_navis",1031.2308118467
"7901009",60,0,1,0.026166,1,0.003738,1,137.170031905808,1,4.84853184043682,840,1,6.32299995422363,34.8699989318848,0.0261659994721413,0,132.273406982422,-87.1724,25.5209,55.6302473632834,63,63,63,63,61,63,0,8046,1.33458767306251,26,-87,0.001869,51,2025-02-01 18:22:48.001963,840,1.037,0.0011,"aoml_navis",1031.24000512896
"7901009",60,0,1,0.028035,1,0.005607,1,137.148242734697,1,4.84848423068877,842,1,6.32100009918213,34.8709983825684,0.0280349999666214,0,132.252395629883,-87.1724,25.5209,55.6302473632834,63,63,63,63,61,63,0,8046,1.33458767306251,26,-87,0.001869,51,2025-02-01 18:22:48.001963,842,1.037,0.0011,"aoml_navis",1031.25013140235
"7901009",60,0,1,0.028035,1,0.005607,1,137.166503231039,1,4.84843519631261,844,1,6.31699991226196,34.8720016479492,0.0280349999666214,0,132.270004272461,-87.1724,25.5209,55.6302473632834,63,63,63,63,61,63,0,8046,1.33458767306251,26,-87,0.001869,51,2025-02-01 18:22:48.001963,844,1.037,0.0011,"aoml_navis",1031.26056089244
"7901009",60,0,1,0.026166,1,0.003738,1,137.19169448769,1,4.84839056607255,846,1,6.31400012969971,34.8720016479492,0.0261659994721413,0,132.294296264648,-87.1724,25.5209,55.6302473632834,63,63,63,63,61,63,0,8046,1.33458767306251,26,-87,0.001869,51,2025-02-01 18:22:48.001963,846,1.037,0.0011,"aoml_navis",1031.27005381711
"7901009",60,0,1,0.031773,1,0.009345,1,137.250605950323,1,4.84834664360489,848,1,6.31199979782104,34.8720016479492,0.0317730009555817,0,132.351104736328,-87.1724,25.5209,55.6302473632834,63,63,63,63,61,63,0,8046,1.33458767306251,26,-87,0.001869,51,2025-02-01 18:22:48.001963,848,1.037,0.0011,"aoml_navis",1031.27939636807
"7901009",60,0,1,0.033642,1,0.011214,1,137.356276309567,1,4.84830201706849,850,1,6.30900001525879,34.8720016479492,0.0336420014500618,0,132.453002929688,-87.1724,25.5209,55.6302473632834,63,63,63,63,61,63,0,8046,1.33458767306251,26,-87,0.001869,51,2025-02-01 18:22:48.001963,850,1.037,0.0011,"aoml_navis",1031.2888888517
"7901009",60,0,1,0.028035,1,0.005607,1,137.557458242395,1,4.84825739236183,852,1,6.30600023269653,34.8720016479492,0.0280349999666214,0,132.647003173828,-87.1724,25.5209,55.6302473632834,63,63,63,63,61,63,0,8046,1.33458767306251,26,-87,0.001869,51,2025-02-01 18:22:48.001963,852,1.037,0.0011,"aoml_navis",1031.29838112086
"7901009",60,0,1,0.028035,1,0.005607,1,137.772533343151,1,4.8482085310947,854,1,6.29699993133545,34.8720016479492,0.0280349999666214,0,132.854400634766,-87.1724,25.5209,55.6302473632834,63,63,63,63,61,63,0,8046,1.33458767306251,26,-87,0.001869,51,2025-02-01 18:22:48.001963,854,1.037,0.0011,"aoml_navis",1031.30877476325
"7901009",60,0,1,0.029904,1,0.007476,1,138.066631770361,1,4.84815896739211,856,1,6.28700017929077,34.8720016479492,0.0299040004611015,0,133.138000488281,-87.1724,25.5209,55.6302473632834,63,63,63,63,61,63,0,8046,1.33458767306251,26,-87,0.001869,51,2025-02-01 18:22:48.001963,856,1.037,0.0011,"aoml_navis",1031.31931803993
"7901009",60,0,1,0.033642,1,0.011214,1,138.385209389806,1,4.84810870148809,858,1,6.27600002288818,34.8720016479492,0.0336420014500618,0,133.445205688477,-87.1724,25.5209,55.6302473632834,63,63,63,63,61,63,0,8046,1.33458767306251,26,-87,0.001869,51,2025-02-01 18:22:48.001963,858,1.037,0.0011,"aoml_navis",1031.33001091029
"7901009",60,0,1,0.028035,1,0.005607,1,138.739659232134,1,4.84804998120938,860,1,6.25299978256226,34.8720016479492,0.0280349999666214,0,133.787002563477,-87.1724,25.5209,55.6302473632834,63,63,63,63,61,63,0,8046,1.33458767306251,26,-87,0.001869,51,2025-02-01 18:22:48.001963,860,1.037,0.0011,"aoml_navis",1031.34250252773
"7901009",60,0,1,0.033642,1,0.011214,1,139.028678266514,1,4.8479990243012,862,1,6.24100017547607,34.8720016479492,0.0336420014500618,0,134.065704345703,-87.1724,25.5209,55.6302473632834,63,63,63,63,61,63,0,8046,1.33458767306251,26,-87,0.001869,51,2025-02-01 18:22:48.001963,862,1.037,0.0011,"aoml_navis",1031.35334288165
"7901009",60,0,1,0.033642,1,0.011214,1,139.307111276585,1,4.84794877586249,864,1,6.23000001907349,34.8720016479492,0.0336420014500618,0,134.334197998047,-87.1724,25.5209,55.6302473632834,63,63,63,63,61,63,0,8046,1.33458767306251,26,-87,0.001869,51,2025-02-01 18:22:48.001963,864,1.037,0.0011,"aoml_navis",1031.36403274196
"7901009",60,0,1,0.028035,1,0.005607,1,139.74442959321,1,4.84789712495588,866,1,6.21700000762939,34.8720016479492,0.0280349999666214,0,134.755905151367,-87.1724,25.5209,55.6302473632834,63,63,63,63,61,63,0,8046,1.33458767306251,26,-87,0.001869,51,2025-02-01 18:22:48.001963,866,1.037,0.0011,"aoml_navis",1031.37502119447
"7901009",60,0,1,0.029904,1,0.007476,1,140.352326896456,1,4.84784477709318,868,1,6.20300006866455,34.8720016479492,0.0299040004611015,0,135.342102050781,-87.1724,25.5209,55.6302473632834,63,63,63,63,61,63,0,8046,1.33458767306251,26,-87,0.001869,51,2025-02-01 18:22:48.001963,868,1.037,0.0011,"aoml_navis",1031.38615815956
"7901009",60,0,1,0.026166,1,0.003738,1,141.038725345585,1,4.84779032898059,870,1,6.18599987030029,34.8720016479492,0.0261659994721413,0,136.003997802734,-87.1724,25.5209,55.6302473632834,63,63,63,63,61,63,0,8046,1.33458767306251,26,-87,0.001869,51,2025-02-01 18:22:48.001963,870,1.037,0.0011,"aoml_navis",1031.39774220628
"7901009",60,0,1,0.029904,1,0.007476,1,141.387684380087,1,4.84773888538088,872,1,6.16800022125244,34.8709983825684,0.0299040004611015,0,136.34049987793,-87.1724,25.5209,55.6302473632834,63,63,63,63,61,63,0,8046,1.33458767306251,26,-87,0.001869,51,2025-02-01 18:22:48.001963,872,1.037,0.0011,"aoml_navis",1031.40868727032
"7901009",60,0,1,0.028035,1,0.005607,1,141.554022627522,1,4.84769094391175,874,1,6.15500020980835,34.8699989318848,0.0280349999666214,0,136.500900268555,-87.1724,25.5209,55.6302473632834,63,63,63,63,61,63,0,8046,1.33458767306251,26,-87,0.001869,51,2025-02-01 18:22:48.001963,874,1.037,0.0011,"aoml_navis",1031.41888743538
"7901009",60,0,1,0.031773,1,0.009345,1,141.736326941516,1,4.84762984843249,876,1,6.13899993896484,34.8720016479492,0.0317730009555817,0,136.676696777344,-87.1724,25.5209,55.6302473632834,63,63,63,63,61,63,0,8046,1.33458767306251,26,-87,0.001869,51,2025-02-01 18:22:48.001963,876,1.037,0.0011,"aoml_navis",1031.43188657789
"7901009",60,0,1,0.031773,1,0.009345,1,141.908266762352,1,4.84758243986619,878,1,6.13199996948242,34.8720016479492,0.0317730009555817,0,136.842498779297,-87.1724,25.5209,55.6302473632834,63,63,63,63,61,63,0,8046,1.33458767306251,26,-87,0.001869,51,2025-02-01 18:22:48.001963,878,1.037,0.0011,"aoml_navis",1031.44197381366
"7901009",60,0,1,0.029904,1,0.007476,1,142.076266493423,1,4.84753293341654,880,1,6.12200021743774,34.8720016479492,0.0299040004611015,0,137.004501342773,-87.1724,25.5209,55.6302473632834,63,63,63,63,61,63,0,8046,1.33458767306251,26,-87,0.001869,51,2025-02-01 18:22:48.001963,880,1.037,0.0011,"aoml_navis",1031.45250763175
"7901009",60,0,1,0.031773,1,0.009345,1,142.27567617704,1,4.84748482970337,882,1,6.11399984359741,34.8720016479492,0.0317730009555817,0,137.196792602539,-87.1724,25.5209,55.6302473632834,63,63,63,63,61,63,0,8046,1.33458767306251,26,-87,0.001869,51,2025-02-01 18:22:48.001963,882,1.037,0.0011,"aoml_navis",1031.46274318634
"7901009",60,0,1,0.031773,1,0.009345,1,142.574869820733,1,4.84743393106874,884,1,6.10200023651123,34.8720016479492,0.0317730009555817,0,137.485305786133,-87.1724,25.5209,55.6302473632834,63,63,63,63,61,63,0,8046,1.33458767306251,26,-87,0.001869,51,2025-02-01 18:22:48.001963,884,1.037,0.0011,"aoml_navis",1031.47357366821
"7901009",60,0,1,0.031773,1,0.009345,1,142.990810381243,1,4.84738285144626,886,1,6.09499979019165,34.8730010986328,0.0317730009555817,0,137.88639831543,-87.1724,25.5209,55.6302473632834,63,63,63,63,61,63,0,8046,1.33458767306251,26,-87,0.001869,51,2025-02-01 18:22:48.001963,886,1.037,0.0011,"aoml_navis",1031.48444289029
"7901009",60,0,1,0.028035,1,0.005607,1,143.382081865673,1,4.84733494289492,888,1,6.08199977874756,34.8720016479492,0.0280349999666214,0,138.263702392578,-87.1724,25.5209,55.6302473632834,63,63,63,63,61,63,0,8046,1.33458767306251,26,-87,0.001869,51,2025-02-01 18:22:48.001963,888,1.037,0.0011,"aoml_navis",1031.494637549
"7901009",60,0,1,0.028035,1,0.005607,1,143.890211032496,1,4.84728964657402,890,1,6.07800006866455,34.8720016479492,0.0280349999666214,0,138.753692626953,-87.1724,25.5209,55.6302473632834,63,63,63,63,61,63,0,8046,1.33458767306251,26,-87,0.001869,51,2025-02-01 18:22:48.001963,890,1.037,0.0011,"aoml_navis",1031.50427652573
"7901009",60,0,1,0.031773,1,0.009345,1,144.744925685769,1,4.84725014350576,892,1,6.0770001411438,34.8709983825684,0.0317730009555817,0,139.577896118164,-87.1724,25.5209,55.6302473632834,63,63,63,63,61,63,0,8046,1.33458767306251,26,-87,0.001869,51,2025-02-01 18:22:48.001963,892,1.037,0.0011,"aoml_navis",1031.51268285564
"7901009",60,0,1,0.024297,1,0.001869,1,145.633661194445,1,4.84719386465111,894,1,6.05200004577637,34.8699989318848,0.0242970008403063,0,140.434906005859,-87.1724,25.5209,55.6302473632834,63,63,63,63,61,63,0,8046,1.33458767306251,26,-87,0.001869,51,2025-02-01 18:22:48.001963,894,1.037,0.0011,"aoml_navis",1031.52465934223
"7901009",60,0,1,0.026166,1,0.003738,1,146.429875800081,1,4.84714109475046,896,1,6.03200006484985,34.8689994812012,0.0261659994721413,0,141.202697753906,-87.1724,25.5209,55.6302473632834,63,63,63,63,61,63,0,8046,1.33458767306251,26,-87,0.001869,51,2025-02-01 18:22:48.001963,896,1.037,0.0011,"aoml_navis",1031.53588935447
"7901009",60,0,1,0.031773,1,0.009345,1,146.829343937115,1,4.84707401663449,898,1,6.0019998550415,34.8699989318848,0.0317730009555817,0,141.587905883789,-87.1724,25.5209,55.6302473632834,63,63,63,63,61,63,0,8046,1.33458767306251,26,-87,0.001869,51,2025-02-01 18:22:48.001963,898,1.037,0.0011,"aoml_navis",1031.55016466443
"7901009",60,0,1,0.029904,1,0.007476,1,147.118663620914,1,4.84700814138285,900,1,5.97900009155273,34.8720016479492,0.0299040004611015,0,141.866897583008,-87.1724,25.5209,55.6302473632834,63,63,63,63,61,63,0,8046,1.33458767306251,26,-87,0.001869,51,2025-02-01 18:22:48.001963,900,1.037,0.0011,"aoml_navis",1031.56418436993
"7901009",60,0,1,0.029904,1,0.007476,1,147.296932903221,1,4.84695938199674,902,1,5.96999979019165,34.8720016479492,0.0299040004611015,0,142.038803100586,-87.1724,25.5209,55.6302473632834,63,63,63,63,61,63,0,8046,1.33458767306251,26,-87,0.001869,51,2025-02-01 18:22:48.001963,902,1.037,0.0011,"aoml_navis",1031.57456168742
"7901009",60,0,1,0.029904,1,0.007476,1,147.578578114988,1,4.84690972269566,904,1,5.96500015258789,34.8730010986328,0.0299040004611015,0,142.310394287109,-87.1724,25.5209,55.6302473632834,63,63,63,63,61,63,0,8046,1.33458767306251,26,-87,0.001869,51,2025-02-01 18:22:48.001963,904,1.037,0.0011,"aoml_navis",1031.58513074578
"7901009",60,0,1,0.029904,1,0.007476,1,148.017763622747,1,4.84686444074527,906,1,5.96099996566772,34.8730010986328,0.0299040004611015,0,142.733901977539,-87.1724,25.5209,55.6302473632834,63,63,63,63,61,63,0,8046,1.33458767306251,26,-87,0.001869,51,2025-02-01 18:22:48.001963,906,1.037,0.0011,"aoml_navis",1031.59476835527
"7901009",60,0,1,0.031773,1,0.009345,1,148.761301285298,1,4.84681707726345,908,1,5.9539999961853,34.8730010986328,0.0317730009555817,0,143.450897216797,-87.1724,25.5209,55.6302473632834,63,63,63,63,61,63,0,8046,1.33458767306251,26,-87,0.001869,51,2025-02-01 18:22:48.001963,908,1.037,0.0011,"aoml_navis",1031.60484918136
"7901009",60,0,1,0.029904,1,0.007476,1,149.445832543293,1,4.84675905879021,910,1,5.9210000038147,34.8709983825684,0.0299040004611015,0,144.110992431641,-87.1724,25.5209,55.6302473632834,63,63,63,63,61,63,0,8046,1.33458767306251,26,-87,0.001869,51,2025-02-01 18:22:48.001963,910,1.037,0.0011,"aoml_navis",1031.61719808041
"7901009",60,0,1,0.028035,1,0.005607,1,149.683424703228,1,4.84671031827438,912,1,5.91200017929077,34.8709983825684,0.0280349999666214,0,144.340103149414,-87.1724,25.5209,55.6302473632834,63,63,63,63,61,63,0,8046,1.33458767306251,26,-87,0.001869,51,2025-02-01 18:22:48.001963,912,1.037,0.0011,"aoml_navis",1031.62757244799
"7901009",60,0,1,0.028035,1,0.005607,1,149.918200252809,1,4.8466636582123,914,1,5.9060001373291,34.8709983825684,0.0280349999666214,0,144.566497802734,-87.1724,25.5209,55.6302473632834,63,63,63,63,61,63,0,8046,1.33458767306251,26,-87,0.001869,51,2025-02-01 18:22:48.001963,914,1.037,0.0011,"aoml_navis",1031.63750418866
"7901009",60,0,1,0.031773,1,0.009345,1,150.188974614502,1,4.84662206624537,916,1,5.90199995040894,34.8699989318848,0.0317730009555817,0,144.827606201172,-87.1724,25.5209,55.6302473632834,63,63,63,63,61,63,0,8046,1.33458767306251,26,-87,0.001869,51,2025-02-01 18:22:48.001963,916,1.037,0.0011,"aoml_navis",1031.64635733057
"7901009",60,0,1,0.029904,1,0.007476,1,150.574945174951,1,4.84656619061461,918,1,5.88800001144409,34.8709983825684,0.0299040004611015,0,145.199798583984,-87.1724,25.5209,55.6302473632834,63,63,63,63,61,63,0,8046,1.33458767306251,26,-87,0.001869,51,2025-02-01 18:22:48.001963,918,1.037,0.0011,"aoml_navis",1031.65825108971
"7901009",60,0,1,0.028035,1,0.005607,1,151.072709848616,1,4.8465167694736,920,1,5.87799978256226,34.8709983825684,0.0280349999666214,0,145.679794311523,-87.1724,25.5209,55.6302473632834,63,63,63,63,61,63,0,8046,1.33458767306251,26,-87,0.001869,51,2025-02-01 18:22:48.001963,920,1.037,0.0011,"aoml_navis",1031.66877116636
"7901009",60,0,1,0.029904,1,0.007476,1,151.652520166587,1,4.84646251313645,922,1,5.86100006103516,34.8709983825684,0.0299040004611015,0,146.238906860352,-87.1724,25.5209,55.6302473632834,63,63,63,63,61,63,0,8046,1.33458767306251,26,-87,0.001869,51,2025-02-01 18:22:48.001963,922,1.037,0.0011,"aoml_navis",1031.68032073856
"7901009",60,0,1,0.029904,1,0.007476,1,152.147578995474,1,4.84638709019411,924,1,5.82399988174438,34.8730010986328,0.0299040004611015,0,146.716293334961,-87.1724,25.5209,55.6302473632834,63,63,63,63,61,63,0,8046,1.33458767306251,26,-87,0.001869,51,2025-02-01 18:22:48.001963,924,1.037,0.0011,"aoml_navis",1031.69637648563
"7901009",60,0,1,0.029904,1,0.007476,1,152.521745110281,1,4.84633700139658,926,1,5.81300020217896,34.8730010986328,0.0299040004611015,0,147.077102661133,-87.1724,25.5209,55.6302473632834,63,63,63,63,61,63,0,8046,1.33458767306251,26,-87,0.001869,51,2025-02-01 18:22:48.001963,926,1.037,0.0011,"aoml_navis",1031.70703947314
"7901009",60,0,1,0.029904,1,0.007476,1,152.98404897606,1,4.84626509953443,928,1,5.7810001373291,34.875,0.0299040004611015,0,147.522903442383,-87.1724,25.5209,55.6302473632834,63,63,63,63,61,63,0,8046,1.33458767306251,26,-87,0.001869,51,2025-02-01 18:22:48.001963,928,1.037,0.0011,"aoml_navis",1031.72234644785
"7901009",60,0,1,0.031773,1,0.009345,1,153.061822233874,1,4.84621065744859,930,1,5.76900005340576,34.8759994506836,0.0317730009555817,0,147.597900390625,-87.1724,25.5209,55.6302473632834,63,63,63,63,61,63,0,8046,1.33458767306251,26,-87,0.001869,51,2025-02-01 18:22:48.001963,930,1.037,0.0011,"aoml_navis",1031.7339367646
"7901009",60,0,1,0.029904,1,0.007476,1,153.244759494015,1,4.8461674619044,932,1,5.76800012588501,34.8759994506836,0.0299040004611015,0,147.774307250977,-87.1724,25.5209,55.6302473632834,63,63,63,63,61,63,0,8046,1.33458767306251,26,-87,0.001869,51,2025-02-01 18:22:48.001963,932,1.037,0.0011,"aoml_navis",1031.74313296123
"7901009",60,0,1,0.026166,1,0.003738,1,153.549538887456,1,4.84612083069594,934,1,5.76200008392334,34.8759994506836,0.0261659994721413,0,148.068206787109,-87.1724,25.5209,55.6302473632834,63,63,63,63,61,63,0,8046,1.33458767306251,26,-87,0.001869,51,2025-02-01 18:22:48.001963,934,1.037,0.0011,"aoml_navis",1031.75306078407
"7901009",60,0,1,0.028035,1,0.005607,1,154.065041876891,1,4.84606502313536,936,1,5.7480001449585,34.8769989013672,0.0280349999666214,0,148.565307617188,-87.1724,25.5209,55.6302473632834,63,63,63,63,61,63,0,8046,1.33458767306251,26,-87,0.001869,51,2025-02-01 18:22:48.001963,936,1.037,0.0011,"aoml_navis",1031.76494251104
"7901009",60,0,1,0.029904,1,0.007476,1,154.53832735832,1,4.84599961665715,938,1,5.71999979019165,34.8779983520508,0.0299040004611015,0,149.021697998047,-87.1724,25.5209,55.6302473632834,63,63,63,63,61,63,0,8046,1.33458767306251,26,-87,0.001869,51,2025-02-01 18:22:48.001963,938,1.037,0.0011,"aoml_navis",1031.77886824702
"7901009",60,0,1,0.026166,1,0.003738,1,154.77425803462,1,4.84594819629623,940,1,5.70699977874756,34.8779983520508,0.0261659994721413,0,149.249206542969,-87.1724,25.5209,55.6302473632834,63,63,63,63,61,63,0,8046,1.33458767306251,26,-87,0.001869,51,2025-02-01 18:22:48.001963,940,1.037,0.0011,"aoml_navis",1031.78981645357
"7901009",60,0,1,0.028035,1,0.005607,1,155.217272866568,1,4.84588940472376,942,1,5.69399976730347,34.8800010681152,0.0280349999666214,0,149.676406860352,-87.1724,25.5209,55.6302473632834,63,63,63,63,61,63,0,8046,1.33458767306251,26,-87,0.001869,51,2025-02-01 18:22:48.001963,942,1.037,0.0011,"aoml_navis",1031.80233439212
"7901009",60,0,1,0.028035,1,0.005607,1,155.875252033696,1,4.84583962472148,944,1,5.67799997329712,34.8790016174316,0.0280349999666214,0,150.310897827148,-87.1724,25.5209,55.6302473632834,63,63,63,63,61,63,0,8046,1.33458767306251,26,-87,0.001869,51,2025-02-01 18:22:48.001963,944,1.037,0.0011,"aoml_navis",1031.81293381895
"7901009",60,0,1,0.029904,1,0.007476,1,156.332365741069,1,4.84578753954047,946,1,5.66400003433228,34.8790016174316,0.0299040004611015,0,150.751693725586,-87.1724,25.5209,55.6302473632834,63,63,63,63,61,63,0,8046,1.33458767306251,26,-87,0.001869,51,2025-02-01 18:22:48.001963,946,1.037,0.0011,"aoml_navis",1031.82402431002
"7901009",60,0,1,0.029904,1,0.007476,1,156.761075990095,1,4.84573546116319,948,1,5.65000009536743,34.8790016174316,0.0299040004611015,0,151.165100097656,-87.1724,25.5209,55.6302473632834,63,63,63,63,61,63,0,8046,1.33458767306251,26,-87,0.001869,51,2025-02-01 18:22:48.001963,948,1.037,0.0011,"aoml_navis",1031.83511359074
"7901009",60,0,1,0.029904,1,0.007476,1,157.130874776488,1,4.84567561229197,950,1,5.63000011444092,34.8800010681152,0.0299040004611015,0,151.521697998047,-87.1724,25.5209,55.6302473632834,63,63,63,63,61,63,0,8046,1.33458767306251,26,-87,0.001869,51,2025-02-01 18:22:48.001963,950,1.037,0.0011,"aoml_navis",1031.84785777169
"7901009",60,0,1,0.026166,1,0.003738,1,157.406617765434,1,4.84562191487599,952,1,5.61899995803833,34.8810005187988,0.0261659994721413,0,151.78759765625,-87.1724,25.5209,55.6302473632834,63,63,63,63,61,63,0,8046,1.33458767306251,26,-87,0.001869,51,2025-02-01 18:22:48.001963,952,1.037,0.0011,"aoml_navis",1031.85929233358
"7901009",60,0,1,0.028035,1,0.005607,1,157.875045385186,1,4.84557326720333,954,1,5.6100001335144,34.8810005187988,0.0280349999666214,0,152.239303588867,-87.1724,25.5209,55.6302473632834,63,63,63,63,61,63,0,8046,1.33458767306251,26,-87,0.001869,51,2025-02-01 18:22:48.001963,954,1.037,0.0011,"aoml_navis",1031.8696517999
"7901009",60,0,1,0.028035,1,0.005607,1,158.28269435117,1,4.84551712764289,956,1,5.59000015258789,34.8810005187988,0.0280349999666214,0,152.632400512695,-87.1724,25.5209,55.6302473632834,63,63,63,63,61,63,0,8046,1.33458767306251,26,-87,0.001869,51,2025-02-01 18:22:48.001963,956,1.037,0.0011,"aoml_navis",1031.8816069137
"7901009",60,0,1,0.029904,1,0.007476,1,158.509178306225,1,4.84545159844345,958,1,5.56699991226196,34.882999420166,0.0299040004611015,0,152.850799560547,-87.1724,25.5209,55.6302473632834,63,63,63,63,61,63,0,8046,1.33458767306251,26,-87,0.001869,51,2025-02-01 18:22:48.001963,958,1.037,0.0011,"aoml_navis",1031.89556193404
"7901009",60,0,1,0.028035,1,0.005607,1,158.764081543281,1,4.84540432602258,960,1,5.55999994277954,34.882999420166,0.0280349999666214,0,153.096603393555,-87.1724,25.5209,55.6302473632834,63,63,63,63,61,63,0,8046,1.33458767306251,26,-87,0.001869,51,2025-02-01 18:22:48.001963,960,1.037,0.0011,"aoml_navis",1031.9056292469
"7901009",60,0,1,0.029904,1,0.007476,1,158.958617541565,1,4.84535773563765,962,1,5.55399990081787,34.882999420166,0.0299040004611015,0,153.284194946289,-87.1724,25.5209,55.6302473632834,63,63,63,63,61,63,0,8046,1.33458767306251,26,-87,0.001869,51,2025-02-01 18:22:48.001963,962,1.037,0.0011,"aoml_navis",1031.91555150303
"7901009",60,0,1,0.033642,1,0.011214,1,159.192981676151,1,4.84530706937323,964,1,5.54199981689453,34.882999420166,0.0336420014500618,0,153.510192871094,-87.1724,25.5209,55.6302473632834,63,63,63,63,61,63,0,8046,1.33458767306251,26,-87,0.001869,51,2025-02-01 18:22:48.001963,964,1.037,0.0011,"aoml_navis",1031.92634200721
"7901009",60,0,1,0.028035,1,0.005607,1,159.416569902583,1,4.84525408502383,966,1,5.53200006484985,34.8839988708496,0.0280349999666214,0,153.725799560547,-87.1724,25.5209,55.6302473632834,63,63,63,63,61,63,0,8046,1.33458767306251,26,-87,0.001869,51,2025-02-01 18:22:48.001963,966,1.037,0.0011,"aoml_navis",1031.93762644037
"7901009",60,0,1,0.031773,1,0.009345,1,159.616707474269,1,4.84520614364038,968,1,5.52400016784668,34.8839988708496,0.0317730009555817,0,153.918792724609,-87.1724,25.5209,55.6302473632834,63,63,63,63,61,63,0,8046,1.33458767306251,26,-87,0.001869,51,2025-02-01 18:22:48.001963,968,1.037,0.0011,"aoml_navis",1031.94783705184
"7901009",60,0,1,0.028035,1,0.005607,1,159.834282712305,1,4.84515520214346,970,1,5.51700019836426,34.8849983215332,0.0280349999666214,0,154.128601074219,-87.1724,25.5209,55.6302473632834,63,63,63,63,61,63,0,8046,1.33458767306251,26,-87,0.001869,51,2025-02-01 18:22:48.001963,970,1.037,0.0011,"aoml_navis",1031.95868685239
"7901009",60,0,1,0.029904,1,0.007476,1,160.014830600741,1,4.84510455142272,972,1,5.50500011444092,34.8849983215332,0.0299040004611015,0,154.302703857422,-87.1724,25.5209,55.6302473632834,63,63,63,63,61,63,0,8046,1.33458767306251,26,-87,0.001869,51,2025-02-01 18:22:48.001963,972,1.037,0.0011,"aoml_navis",1031.96947494803
"7901009",60,0,1,0.028035,1,0.005607,1,160.1782572959,1,4.84505156632227,974,1,5.49499988555908,34.8860015869141,0.0280349999666214,0,154.460296630859,-87.1724,25.5209,55.6302473632834,63,63,63,63,61,63,0,8046,1.33458767306251,26,-87,0.001869,51,2025-02-01 18:22:48.001963,974,1.037,0.0011,"aoml_navis",1031.98076048453
"7901009",60,0,1,0.028035,1,0.005607,1,160.289117813549,1,4.84500634869103,976,1,5.49100017547607,34.8860015869141,0.0280349999666214,0,154.567199707031,-87.1724,25.5209,55.6302473632834,63,63,63,63,61,63,0,8046,1.33458767306251,26,-87,0.001869,51,2025-02-01 18:22:48.001963,976,1.037,0.0011,"aoml_navis",1031.99039178779
"7901009",60,0,1,0.029904,1,0.007476,1,160.433271298531,1,4.84496113249292,978,1,5.48699998855591,34.8860015869141,0.0299040004611015,0,154.706207275391,-87.1724,25.5209,55.6302473632834,63,63,63,63,61,63,0,8046,1.33458767306251,26,-87,0.001869,51,2025-02-01 18:22:48.001963,978,1.037,0.0011,"aoml_navis",1032.00002296557
"7901009",60,0,1,0.024297,1,0.001869,1,163.173579994719,1,4.84442808460153,999.400024414062,1,5.38759994506836,34.8889999389648,0.0242970008403063,0,157.348693847656,-87.1724,25.5209,55.6302473632834,63,63,63,63,61,63,0,8046,1.33458767306251,26,-87,0.001869,51,2025-02-01 18:22:48.001963,999.400024414062,1.037,0.0011,"aoml_navis",1032.11357722348
"7901009",60,0,1,0.029904,1,0.007476,1,167.29355305486,1,4.84325613645149,1048.59997558594,1,5.22650003433228,34.8940010070801,0.0299040004611015,0,161.321594238281,-87.1724,25.5209,55.6302473632834,63,63,63,63,61,63,0,8046,1.33458767306251,26,-87,0.001869,51,2025-02-01 18:22:48.001963,1048.59997558594,1.037,0.0011,"aoml_navis",1032.36332317195
"7901009",60,0,1,0.031773,1,0.009345,1,172.952360611274,1,4.84203557064657,1099.30004882812,1,5.04939985275269,34.9010009765625,0.0317730009555817,0,166.778396606445,-87.1724,25.5209,55.6302473632834,63,63,63,63,61,63,0,8046,1.33458767306251,26,-87,0.001869,51,2025-02-01 18:22:48.001963,1099.30004882812,1.037,0.0011,"aoml_navis",1032.6235582223
"7901009",60,0,1,0.028035,1,0.005607,1,179.302440302149,1,4.84083288835749,1149.59997558594,1,4.88430023193359,34.9080009460449,0.0280349999666214,0,172.901794433594,-87.1724,25.5209,55.6302473632834,63,63,63,63,61,63,0,8046,1.33458767306251,26,-87,0.001869,51,2025-02-01 18:22:48.001963,1149.59997558594,1.037,0.0011,"aoml_navis",1032.88010871545
"7901009",60,0,1,0.033642,1,0.011214,1,183.886173004207,1,4.83967363558349,1199.40002441406,1,4.75010013580322,34.9119987487793,0.0336420014500618,0,177.321899414062,-87.1724,25.5209,55.6302473632834,63,63,63,63,61,63,0,8046,1.33458767306251,26,-87,0.001869,51,2025-02-01 18:22:48.001963,1199.40002441406,1.037,0.0011,"aoml_navis",1033.12751571464
"7901009",60,0,1,0.031773,1,0.009345,1,189.016612940748,1,4.83848946545615,1249.40002441406,1,4.59959983825684,34.9189987182617,0.0317730009555817,0,182.269195556641,-87.1724,25.5209,55.6302473632834,63,63,63,63,61,63,0,8046,1.33458767306251,26,-87,0.001869,51,2025-02-01 18:22:48.001963,1249.40002441406,1.037,0.0011,"aoml_navis",1033.38036296182
"7901009",60,0,1,0.031773,1,0.009345,1,192.467197979461,1,4.83738724741588,1299.09997558594,1,4.53940010070801,34.9220008850098,0.0317730009555817,0,185.596603393555,-87.1724,25.5209,55.6302473632834,63,63,63,63,61,63,0,8046,1.33458767306251,26,-87,0.001869,51,2025-02-01 18:22:48.001963,1299.09997558594,1.037,0.0011,"aoml_navis",1033.61582281241
"7901009",60,0,1,0.031773,1,0.009345,1,194.356747935794,1,4.83626930165083,1349.90002441406,1,4.47770023345947,34.9230003356934,0.0317730009555817,0,187.418701171875,-87.1724,25.5209,55.6302473632834,63,63,63,63,61,63,0,8046,1.33458767306251,26,-87,0.001869,51,2025-02-01 18:22:48.001963,1349.90002441406,1.037,0.0011,"aoml_navis",1033.85475211095
"7901009",60,0,1,0.028035,1,0.005607,1,196.146434813782,1,4.83517224148097,1399.90002441406,1,4.43120002746582,34.9259986877441,0.0280349999666214,0,189.144500732422,-87.1724,25.5209,55.6302473632834,63,63,63,63,61,63,0,8046,1.33458767306251,26,-87,0.001869,51,2025-02-01 18:22:48.001963,1399.90002441406,1.037,0.0011,"aoml_navis",1034.08932511338
"7901009",60,0,1,0.028035,1,0.005607,1,197.412422049732,1,4.83410641931896,1449.40002441406,1,4.4028000831604,34.9269981384277,0.0280349999666214,0,190.365295410156,-87.1724,25.5209,55.6302473632834,63,63,63,63,61,63,0,8046,1.33458767306251,26,-87,0.001869,51,2025-02-01 18:22:48.001963,1449.40002441406,1.037,0.0011,"aoml_navis",1034.31732078096
"7901009",60,0,1,0.031773,1,0.009345,1,199.109619671988,1,4.83303828170681,1499.19995117188,1,4.37839984893799,34.9280014038086,0.0317730009555817,0,192.001907348633,-87.1724,25.5209,55.6302473632834,63,63,63,63,61,63,0,8046,1.33458767306251,26,-87,0.001869,51,2025-02-01 18:22:48.001963,1499.19995117188,1.037,0.0011,"aoml_navis",1034.54591264571
"7901009",60,0,1,0.028035,1,0.005607,1,199.923873242813,1,4.83195750736254,1549.80004882812,1,4.36350011825562,34.9300003051758,0.0280349999666214,0,192.787094116211,-87.1724,25.5209,55.6302473632834,63,63,63,63,61,63,0,8046,1.33458767306251,26,-87,0.001869,51,2025-02-01 18:22:48.001963,1549.80004882812,1.037,0.0011,"aoml_navis",1034.77731175852
"7901009",60,0,1,0.031773,1,0.009345,1,200.983915626178,1,4.83090449663298,1599.19995117188,1,4.34490013122559,34.9309997558594,0.0317730009555817,0,193.809295654297,-87.1724,25.5209,55.6302473632834,63,63,63,63,61,63,0,8046,1.33458767306251,26,-87,0.001869,51,2025-02-01 18:22:48.001963,1599.19995117188,1.037,0.0011,"aoml_navis",1035.0028661268
"7901009",60,0,1,0.024297,1,0.001869,1,201.498896435042,1,4.82983981301451,1649.40002441406,1,4.33169984817505,34.931999206543,0.0242970008403063,0,194.305892944336,-87.1724,25.5209,55.6302473632834,63,63,63,63,61,63,0,8046,1.33458767306251,26,-87,0.001869,51,2025-02-01 18:22:48.001963,1649.40002441406,1.037,0.0011,"aoml_navis",1035.23102081501
"7901009",60,0,1,0.031773,1,0.009345,1,201.9210715151,1,4.82878796072234,1699.30004882812,1,4.3206000328064,34.931999206543,0.0317730009555817,0,194.712997436523,-87.1724,25.5209,55.6302473632834,63,63,63,63,61,63,0,8046,1.33458767306251,26,-87,0.001869,51,2025-02-01 18:22:48.001963,1699.30004882812,1.037,0.0011,"aoml_navis",1035.45652463316
"7901009",60,0,1,0.029904,1,0.007476,1,202.666476368784,1,4.8277318374549,1749.5,1,4.31549978256226,34.9329986572266,0.0299040004611015,0,195.431793212891,-87.1724,25.5209,55.6302473632834,63,63,63,63,61,63,0,8046,1.33458767306251,26,-87,0.001869,51,2025-02-01 18:22:48.001963,1749.5,1.037,0.0011,"aoml_navis",1035.6830429579
"7901009",60,0,1,0.028035,1,0.005607,1,203.118621448903,1,4.82669139383968,1799.30004882812,1,4.31349992752075,34.9329986572266,0.0280349999666214,0,195.867797851562,-87.1724,25.5209,55.6302473632834,63,63,63,63,61,63,0,8046,1.33458767306251,26,-87,0.001869,51,2025-02-01 18:22:48.001963,1799.30004882812,1.037,0.0011,"aoml_navis",1035.90629522772
"7901009",60,0,4,0.022428,1,0,1,203.217867404755,1,4.82565914085955,1848.80004882812,1,4.31209993362427,34.9329986572266,0.0224280003458261,0,195.963500976562,-87.1724,25.5209,55.6302473632834,63,63,63,63,61,63,0,8046,1.33458767306251,26,-87,0.001869,51,2025-02-01 18:22:48.001963,1848.80004882812,1.037,0.0011,"aoml_navis",1036.12788513475
"7901009",60,0,1,0.029904,1,0.007476,1,203.449335810718,1,4.82460717671245,1899.30004882812,1,4.31010007858276,34.9329986572266,0.0299040004611015,0,196.186706542969,-87.1724,25.5209,55.6302473632834,63,63,63,63,61,63,0,8046,1.33458767306251,26,-87,0.001869,51,2025-02-01 18:22:48.001963,1899.30004882812,1.037,0.0011,"aoml_navis",1036.35380391882
"7901009",60,0,1,0.029904,1,0.007476,1,203.750270056315,1,4.82356753275501,1949.19995117188,1,4.31080007553101,34.9339981079102,0.0299040004611015,0,196.476898193359,-87.1724,25.5209,55.6302473632834,63,63,63,63,61,63,0,8046,1.33458767306251,26,-87,0.001869,51,2025-02-01 18:22:48.001963,1949.19995117188,1.037,0.0011,"aoml_navis",1036.57717364729
"7901009",60,0,1,0.026166,1,0.003738,1,203.594312125691,1,4.82254019615198,1998.69995117188,1,4.30989980697632,34.9339981079102,0.0261659994721413,0,196.326507568359,-87.1724,25.5209,55.6302473632834,63,63,63,63,61,63,0,8046,1.33458767306251,26,-87,0.001869,51,2025-02-01 18:22:48.001963,1998.69995117188,1.037,0.0011,"aoml_navis",1036.79799371908
"7901009",61,0.106432872764401,1,0.164472,1,0.142044,1,207.094821684541,1,4.88048563857466,2.5,1,24.1979999542236,36.181999206543,0.164471998810768,0.151389002799988,199.701995849609,-87.2588,25.8333,9.93485729682908,63,63,63,63,61,63,0.142044,8046,1.33458767306251,26,-87,0.001869,51,2025-02-12 01:22:49.000139,2.5,1.037,0.0011,"aoml_navis",1024.48821086179
"7901009",61,0.109233737837148,1,0.16821,1,0.145782,1,206.999310081353,1,4.88044772330452,4.09999990463257,1,24.19700050354,36.1829986572266,0.168209999799728,0.155127003788948,199.609893798828,-87.2588,25.8333,9.93485729682908,63,63,63,63,61,63,0.145782,8046,1.33458767306251,26,-87,0.001869,51,2025-02-12 01:22:49.000139,4.09999990463257,1.037,0.0011,"aoml_navis",1024.49616991585
"7901009",61,0.100831142618906,1,0.156996,1,0.134568,1,206.62443178594,1,4.88026854569076,5.90000009536743,1,24.1580009460449,36.2070007324219,0.156995996832848,0.143913000822067,199.248397827148,-87.2588,25.8333,9.93485729682908,63,63,63,63,61,63,0.134568,8046,1.33458767306251,26,-87,0.001869,51,2025-02-12 01:22:49.000139,5.90000009536743,1.037,0.0011,"aoml_navis",1024.53378398919
"7901009",61,0.072822491891432,4,0.119616,1,0.097188,1,206.6453823099,1,4.87936934179981,8,1,23.8880004882812,36.3380012512207,0.119616001844406,0.106532998383045,199.268600463867,-87.2588,25.8333,9.93485729682908,63,63,63,63,61,63,0.097188,8046,1.33458767306251,26,-87,0.001869,51,2025-02-12 01:22:49.000139,8,1.037,0.0011,"aoml_navis",1024.7225921528
"7901009",61,0.0770237895005531,4,0.125223,1,0.102795,1,207.336559716664,1,4.87887437815091,10,1,23.6429996490479,36.3680000305176,0.125222995877266,0.112139999866486,199.935104370117,-87.2588,25.8333,9.93485729682908,63,63,63,63,61,63,0.102795,8046,1.33458767306251,26,-87,0.001869,51,2025-02-12 01:22:49.000139,10,1.037,0.0011,"aoml_navis",1024.82655064691
"7901009",61,0.0896276823279163,1,0.142044,1,0.119616,1,207.216679679263,1,4.87859515771185,12,1,23.4810009002686,36.3709983825684,0.142043992877007,0.128960996866226,199.81950378418,-87.2588,25.8333,9.93485729682908,63,63,63,63,61,63,0.119616,8046,1.33458767306251,26,-87,0.001869,51,2025-02-12 01:22:49.000139,12,1.037,0.0011,"aoml_navis",1024.88520534364
"7901009",61,0.0952294124734111,1,0.14952,1,0.127092,1,207.099078248699,1,4.87831804914499,14,1,23.3250007629395,36.3759994506836,0.149519994854927,0.136436998844147,199.706100463867,-87.2588,25.8333,9.93485729682908,63,63,63,63,61,63,0.127092,8046,1.33458767306251,26,-87,0.001869,51,2025-02-12 01:22:49.000139,14,1.037,0.0011,"aoml_navis",1024.94342304646
"7901009",61,0.103632007691653,1,0.160734,1,0.138306,1,207.362383927466,1,4.87811351007534,16,1,23.2049999237061,36.375,0.160733997821808,0.147651001811028,199.960006713867,-87.2588,25.8333,9.93485729682908,63,63,63,63,61,63,0.138306,8046,1.33458767306251,26,-87,0.001869,51,2025-02-12 01:22:49.000139,16,1.037,0.0011,"aoml_navis",1024.9863988759
"7901009",61,0.112034602909895,1,0.171948,1,0.14952,1,207.70137416522,1,4.87790457558453,18,1,23.0709991455078,36.3699989318848,0.171948000788689,0.158865004777908,200.286895751953,-87.2588,25.8333,9.93485729682908,63,63,63,63,61,63,0.14952,8046,1.33458767306251,26,-87,0.001869,51,2025-02-12 01:22:49.000139,18,1.037,0.0011,"aoml_navis",1025.03030195109
"7901009",61,0.140043253637369,1,0.209328,1,0.1869,1,207.325451508341,1,4.87771700064223,20,1,22.9519996643066,36.3650016784668,0.20932799577713,0.19624499976635,199.924392700195,-87.2588,25.8333,9.93485729682908,63,63,63,63,61,63,0.1869,8046,1.33458767306251,26,-87,0.001869,51,2025-02-12 01:22:49.000139,20,1.037,0.0011,"aoml_navis",1025.06971998205
"7901009",61,0.218467475674296,1,0.313992,1,0.291564,1,206.406967246079,1,4.87753977669898,22,1,22.8479995727539,36.3629989624023,0.313991993665695,0.300909012556076,199.038696289062,-87.2588,25.8333,9.93485729682908,63,63,63,63,61,63,0.291564,8046,1.33458767306251,26,-87,0.001869,51,2025-02-12 01:22:49.000139,22,1.037,0.0011,"aoml_navis",1025.10696558253
"7901009",61,0.236673098647154,1,0.338289,1,0.315861,1,207.443163704516,1,4.8772995154431,24,1,22.673999786377,36.3520011901855,0.338288992643356,0.325206011533737,200.037902832031,-87.2588,25.8333,9.93485729682908,63,63,63,63,61,63,0.315861,8046,1.33458767306251,26,-87,0.001869,51,2025-02-12 01:22:49.000139,24,1.037,0.0011,"aoml_navis",1025.15746350381
"7901009",61,0.173653634510338,4,0.254184,1,0.231756,1,208.94788286984,1,4.87722615526097,26,1,22.6319999694824,36.3450012207031,0.254184007644653,0.241100996732712,201.488906860352,-87.2588,25.8333,9.93485729682908,63,63,63,63,61,63,0.231756,8046,1.33458767306251,26,-87,0.001869,51,2025-02-12 01:22:49.000139,26,1.037,0.0011,"aoml_navis",1025.17288328051
"7901009",61,0.161049741682975,4,0.237363,1,0.214935,1,209.436200973612,1,4.87707971407668,28,1,22.5470008850098,36.3419990539551,0.237362995743752,0.224279999732971,201.95979309082,-87.2588,25.8333,9.93485729682908,63,63,63,63,61,63,0.214935,8046,1.33458767306251,26,-87,0.001869,51,2025-02-12 01:22:49.000139,28,1.037,0.0011,"aoml_navis",1025.20366553955
"7901009",61,0.222668773283417,1,0.319599,1,0.297171,1,209.41048752842,1,4.87693122310803,30,1,22.4549999237061,36.3370018005371,0.319599002599716,0.306515991687775,201.934997558594,-87.2588,25.8333,9.93485729682908,63,63,63,63,61,63,0.297171,8046,1.33458767306251,26,-87,0.001869,51,2025-02-12 01:22:49.000139,30,1.037,0.0011,"aoml_navis",1025.23488055539
"7901009",61,0.319298618293202,1,0.44856,1,0.426132,1,209.44056830338,1,4.87680750567951,32,1,22.3810005187988,36.3320007324219,0.448559999465942,0.435476988554001,201.964004516602,-87.2588,25.8333,9.93485729682908,63,63,63,63,61,63,0.426132,8046,1.33458767306251,26,-87,0.001869,51,2025-02-12 01:22:49.000139,32,1.037,0.0011,"aoml_navis",1025.26088925532
"7901009",61,0.359911161848039,1,0.502761,1,0.480333,1,209.14843191868,1,4.87665466718648,34,1,22.3519992828369,36.3520011901855,0.502761006355286,0.489677995443344,201.68229675293,-87.2588,25.8333,9.93485729682908,63,63,63,63,61,63,0.480333,8046,1.33458767306251,26,-87,0.001869,51,2025-02-12 01:22:49.000139,34,1.037,0.0011,"aoml_navis",1025.29302180109
"7901009",61,0.435534518812218,1,0.603687,1,0.581259,1,208.541357257268,1,4.87651631273167,36,1,22.306999206543,36.3619995117188,0.603686988353729,0.59060400724411,201.096893310547,-87.2588,25.8333,9.93485729682908,63,63,63,63,61,63,0.581259,8046,1.33458767306251,26,-87,0.001869,51,2025-02-12 01:22:49.000139,36,1.037,0.0011,"aoml_navis",1025.32211098032
"7901009",61,0.462142737003319,1,0.639198,1,0.61677,1,208.591549902283,1,4.87644259164343,38,1,22.2910003662109,36.3650016784668,0.639198005199432,0.626115024089813,201.145294189453,-87.2588,25.8333,9.93485729682908,63,63,63,63,61,63,0.61677,8046,1.33458767306251,26,-87,0.001869,51,2025-02-12 01:22:49.000139,38,1.037,0.0011,"aoml_navis",1025.33761159586
"7901009",61,0.499954415485408,1,0.689661,1,0.667233,1,208.412157084964,1,4.87631185327729,40,1,22.1660003662109,36.3429985046387,0.689661026000977,0.676577985286713,200.972305297852,-87.2588,25.8333,9.93485729682908,63,63,63,63,61,63,0.667233,8046,1.33458767306251,26,-87,0.001869,51,2025-02-12 01:22:49.000139,40,1.037,0.0011,"aoml_navis",1025.36510183195
"7901009",61,0.641398101659151,1,0.87843,1,0.856002,1,207.529956471825,1,4.87617313015001,42,1,22.0400009155273,36.3230018615723,0.878430008888245,0.865347027778625,200.121597290039,-87.2588,25.8333,9.93485729682908,63,63,63,63,61,63,0.856002,8046,1.33458767306251,26,-87,0.001869,51,2025-02-12 01:22:49.000139,42,1.037,0.0011,"aoml_navis",1025.39427262833
"7901009",61,0.760434867250915,1,1.037295,1,1.014867,1,206.21409267165,1,4.87609363843167,44,1,21.9899997711182,36.314998626709,1.03729498386383,1.02421200275421,198.85270690918,-87.2588,25.8333,9.93485729682908,63,63,63,63,61,63,1.014867,8046,1.33458767306251,26,-87,0.001869,51,2025-02-12 01:22:49.000139,44,1.037,0.0011,"aoml_navis",1025.41098895061
"7901009",61,0.878071200306305,1,1.194291,1,1.171863,1,204.52270180606,1,4.87602081104132,46,1,21.988000869751,36.3230018615723,1.19429099559784,1.18120801448822,197.221694946289,-87.2588,25.8333,9.93485729682908,63,63,63,63,61,63,1.171863,8046,1.33458767306251,26,-87,0.001869,51,2025-02-12 01:22:49.000139,46,1.037,0.0011,"aoml_navis",1025.42630430903
"7901009",61,0.98590450560708,1,1.338204,1,1.315776,1,202.828431034608,1,4.87595504751297,48,1,22.0020008087158,36.3349990844727,1.33820402622223,1.32512104511261,195.587905883789,-87.2588,25.8333,9.93485729682908,63,63,63,63,61,63,1.315776,8046,1.33458767306251,26,-87,0.001869,51,2025-02-12 01:22:49.000139,48,1.037,0.0011,"aoml_navis",1025.4401345538
"7901009",61,1.00691099365269,1,1.366239,1,1.343811,1,200.850932598237,1,4.87587265104743,50,1,22.0090007781982,36.3489990234375,1.36623895168304,1.35315597057343,193.680999755859,-87.2588,25.8333,9.93485729682908,63,63,63,63,61,63,1.343811,8046,1.33458767306251,26,-87,0.001869,51,2025-02-12 01:22:49.000139,50,1.037,0.0011,"aoml_navis",1025.45746327602
"7901009",61,1.00411012857994,1,1.362501,1,1.340073,1,196.668834577558,1,4.8757404697668,52.0999984741211,1,22.0020008087158,36.3709983825684,1.36250102519989,1.34941804409027,189.648193359375,-87.2588,25.8333,9.93485729682908,63,63,63,63,61,63,1.340073,8046,1.33458767306251,26,-87,0.001869,51,2025-02-12 01:22:49.000139,52.0999984741211,1.037,0.0011,"aoml_navis",1025.4852634187
"7901009",61,0.942491096979495,1,1.280265,1,1.257837,1,194.229775844074,1,4.87559248243897,54,1,21.867000579834,36.351001739502,1.28026497364044,1.26718199253082,187.296203613281,-87.2588,25.8333,9.93485729682908,63,63,63,63,61,63,1.257837,8046,1.33458767306251,26,-87,0.001869,51,2025-02-12 01:22:49.000139,54,1.037,0.0011,"aoml_navis",1025.51638965093
"7901009",61,0.79264481558751,1,1.080282,1,1.057854,1,193.050675925004,1,4.87541785530954,56,1,21.7320003509521,36.3380012512207,1.08028197288513,1.06719899177551,186.159194946289,-87.2588,25.8333,9.93485729682908,63,63,63,63,61,63,1.057854,8046,1.33458767306251,26,-87,0.001869,51,2025-02-12 01:22:49.000139,56,1.037,0.0011,"aoml_navis",1025.55312147343
"7901009",61,0.761835299787289,1,1.039164,1,1.016736,1,193.609108659942,1,4.87533037090403,58,1,21.6620006561279,36.3250007629395,1.03916394710541,1.02608096599579,186.697692871094,-87.2588,25.8333,9.93485729682908,63,63,63,63,61,63,1.016736,8046,1.33458767306251,26,-87,0.001869,51,2025-02-12 01:22:49.000139,58,1.037,0.0011,"aoml_navis",1025.57152430941
"7901009",61,0.735227081596189,1,1.003653,1,0.981225,1,194.034195424029,1,4.8752775769847,60,1,21.636999130249,36.3190002441406,1.00365304946899,0.99057000875473,187.107604980469,-87.2588,25.8333,9.93485729682908,63,63,63,63,61,63,0.981225,8046,1.33458767306251,26,-87,0.001869,51,2025-02-12 01:22:49.000139,60,1.037,0.0011,"aoml_navis",1025.58263012635
"7901009",61,0.704417565795967,4,0.962535,1,0.940107,1,194.314907127234,1,4.87523445059138,62,1,21.6410007476807,36.3209991455078,0.96253502368927,0.949451982975006,187.378295898438,-87.2588,25.8333,9.93485729682908,63,63,63,63,61,63,0.940107,8046,1.33458767306251,26,-87,0.001869,51,2025-02-12 01:22:49.000139,62,1.037,0.0011,"aoml_navis",1025.59170244489
"7901009",61,0.708618863405089,1,0.968142,1,0.945714,1,193.852919591339,1,4.87518807763095,64,1,21.6480007171631,36.3250007629395,0.968141973018646,0.955058991909027,186.932800292969,-87.2588,25.8333,9.93485729682908,63,63,63,63,61,63,0.945714,8046,1.33458767306251,26,-87,0.001869,51,2025-02-12 01:22:49.000139,64,1.037,0.0011,"aoml_navis",1025.60145790923
"7901009",61,0.687612375359483,1,0.940107,1,0.917679,1,192.287231869506,1,4.8751247884403,66,1,21.6450004577637,36.3300018310547,0.940106987953186,0.927024006843567,185.423004150391,-87.2588,25.8333,9.93485729682908,63,63,63,63,61,63,0.917679,8046,1.33458767306251,26,-87,0.001869,51,2025-02-12 01:22:49.000139,66,1.037,0.0011,"aoml_navis",1025.61477233481
"7901009",61,0.604986855713435,1,0.829836,1,0.807408,1,190.160294801508,1,4.87502012430518,68,1,21.5510005950928,36.3129997253418,0.829836010932922,0.816752970218658,183.371994018555,-87.2588,25.8333,9.93485729682908,63,63,63,63,61,63,0.807408,8046,1.33458767306251,26,-87,0.001869,51,2025-02-12 01:22:49.000139,68,1.037,0.0011,"aoml_navis",1025.63679174814
"7901009",61,0.553170851867609,1,0.760683,1,0.738255,1,189.103685823503,1,4.87491428137892,70,1,21.5349998474121,36.3250007629395,0.760683000087738,0.747600018978119,182.353103637695,-87.2588,25.8333,9.93485729682908,63,63,63,63,61,63,0.738255,8046,1.33458767306251,26,-87,0.001869,51,2025-02-12 01:22:49.000139,70,1.037,0.0011,"aoml_navis",1025.65906011904
"7901009",61,0.483149225048924,1,0.667233,1,0.644805,1,188.136037454034,1,4.87482331243979,72,1,21.5520000457764,36.3450012207031,0.667232990264893,0.654150009155273,181.419998168945,-87.2588,25.8333,9.93485729682908,63,63,63,63,61,63,0.644805,8046,1.33458767306251,26,-87,0.001869,51,2025-02-12 01:22:49.000139,72,1.037,0.0011,"aoml_navis",1025.67819991358
"7901009",61,0.368313757066281,1,0.513975,1,0.491547,1,188.119659967404,1,4.87467613771641,74,1,21.6110000610352,36.3959999084473,0.513975024223328,0.500891983509064,181.404205322266,-87.2588,25.8333,9.93485729682908,63,63,63,63,61,63,0.491547,8046,1.33458767306251,26,-87,0.001869,51,2025-02-12 01:22:49.000139,74,1.037,0.0011,"aoml_navis",1025.70916687448
"7901009",61,0.327701213511444,1,0.459774,1,0.437346,1,190.161544870536,1,4.87458469314473,76,1,21.632999420166,36.4179992675781,0.459773987531662,0.446691006422043,183.373199462891,-87.2588,25.8333,9.93485729682908,63,63,63,63,61,63,0.437346,8046,1.33458767306251,26,-87,0.001869,51,2025-02-12 01:22:49.000139,76,1.037,0.0011,"aoml_navis",1025.72840862354
"7901009",61,0.287088669956607,1,0.405573,1,0.383145,1,190.517039184189,1,4.87450077833326,78,1,21.7040004730225,36.4560012817383,0.405573010444641,0.3924899995327,183.716003417969,-87.2588,25.8333,9.93485729682908,63,63,63,63,61,63,0.383145,8046,1.33458767306251,26,-87,0.001869,51,2025-02-12 01:22:49.000139,78,1.037,0.0011,"aoml_navis",1025.74606659713
"7901009",61,0.228270503428912,1,0.327075,1,0.304647,1,183.708071426343,1,4.87440177911968,80,1,21.75,36.4889984130859,0.327075004577637,0.313991993665695,177.150100708008,-87.2588,25.8333,9.93485729682908,63,63,63,63,61,63,0.304647,8046,1.33458767306251,26,-87,0.001869,51,2025-02-12 01:22:49.000139,80,1.037,0.0011,"aoml_navis",1025.76689952362
"7901009",61,0.203062717774185,1,0.293433,1,0.271005,1,172.413064813819,1,4.87428368489326,82,1,21.7329998016357,36.5040016174316,0.293433010578156,0.280349999666214,166.25830078125,-87.2588,25.8333,9.93485729682908,63,63,63,63,61,63,0.271005,8046,1.33458767306251,26,-87,0.001869,51,2025-02-12 01:22:49.000139,82,1.037,0.0011,"aoml_navis",1025.79175182117
"7901009",61,0.151246713928359,1,0.22428,1,0.201852,1,170.510760403019,1,4.87408555296978,84,1,21.636999130249,36.5120010375977,0.224279999732971,0.211197003722191,164.423904418945,-87.2588,25.8333,9.93485729682908,63,63,63,63,61,63,0.201852,8046,1.33458767306251,26,-87,0.001869,51,2025-02-12 01:22:49.000139,84,1.037,0.0011,"aoml_navis",1025.83345032865
"7901009",61,0.14424455124649,1,0.214935,1,0.192507,1,169.197570801144,1,4.87395421828166,86,1,21.5230007171631,36.4949989318848,0.214935004711151,0.20185199379921,163.157592773438,-87.2588,25.8333,9.93485729682908,63,63,63,63,61,63,0.192507,8046,1.33458767306251,26,-87,0.001869,51,2025-02-12 01:22:49.000139,86,1.037,0.0011,"aoml_navis",1025.86109267206
"7901009",61,0.12883979334638,1,0.194376,1,0.171948,1,165.158281299147,1,4.87385912725974,88,1,21.496000289917,36.5,0.19437600672245,0.181292995810509,159.262496948242,-87.2588,25.8333,9.93485729682908,63,63,63,63,61,63,0.171948,8046,1.33458767306251,26,-87,0.001869,51,2025-02-12 01:22:49.000139,88,1.037,0.0011,"aoml_navis",1025.88110764933
"7901009",61,0.110634170373522,1,0.170079,1,0.147651,1,162.206820853534,1,4.8736879186849,90,1,21.44700050354,36.5180015563965,0.170078992843628,0.156995996832848,156.416397094727,-87.2588,25.8333,9.93485729682908,63,63,63,63,61,63,0.147651,8046,1.33458767306251,26,-87,0.001869,51,2025-02-12 01:22:49.000139,90,1.037,0.0011,"aoml_navis",1025.91714599346
"7901009",61,0.109233737837148,1,0.16821,1,0.145782,1,160.24115851378,1,4.87356572728504,92,1,21.3939990997314,36.5209999084473,0.168209999799728,0.155127003788948,154.520904541016,-87.2588,25.8333,9.93485729682908,63,63,63,63,61,63,0.145782,8046,1.33458767306251,26,-87,0.001869,51,2025-02-12 01:22:49.000139,92,1.037,0.0011,"aoml_navis",1025.94286807442
"7901009",61,0.107833305300774,1,0.166341,1,0.143913,1,156.725758700043,1,4.87345782422936,94,1,21.3490009307861,36.5229988098145,0.166341006755829,0.153257995843887,151.130996704102,-87.2588,25.8333,9.93485729682908,63,63,63,63,61,63,0.143913,8046,1.33458767306251,26,-87,0.001869,51,2025-02-12 01:22:49.000139,94,1.037,0.0011,"aoml_navis",1025.96558343883
"7901009",61,0.103632007691653,1,0.160734,1,0.138306,1,151.77616576727,1,4.87320673358339,96,1,21.2199993133545,36.5340003967285,0.160733997821808,0.147651001811028,146.358093261719,-87.2588,25.8333,9.93485729682908,63,63,63,63,61,63,0.138306,8046,1.33458767306251,26,-87,0.001869,51,2025-02-12 01:22:49.000139,96,1.037,0.0011,"aoml_navis",1026.0184460353
"7901009",61,0.100831142618906,1,0.156996,1,0.134568,1,146.46166344399,1,4.87298183854583,98,1,21.1159992218018,36.5470008850098,0.156995996832848,0.143913000822067,141.233306884766,-87.2588,25.8333,9.93485729682908,63,63,63,63,61,63,0.134568,8046,1.33458767306251,26,-87,0.001869,51,2025-02-12 01:22:49.000139,98,1.037,0.0011,"aoml_navis",1026.06579824481
"7901009",61,0.10223157515528,1,0.158865,1,0.136437,1,141.054434481432,1,4.87273927362123,100,1,21.011999130249,36.564998626709,0.158865004777908,0.145781993865967,136.019104003906,-87.2588,25.8333,9.93485729682908,63,63,63,63,61,63,0.136437,8046,1.33458767306251,26,-87,0.001869,51,2025-02-12 01:22:49.000139,100,1.037,0.0011,"aoml_navis",1026.11687579258
"7901009",61,0.100831142618906,1,0.156996,1,0.134568,1,136.790100907115,1,4.8724562145871,102,1,20.8600006103516,36.5769996643066,0.156995996832848,0.143913000822067,131.906997680664,-87.2588,25.8333,9.93485729682908,63,63,63,63,61,63,0.134568,8046,1.33458767306251,26,-87,0.001869,51,2025-02-12 01:22:49.000139,102,1.037,0.0011,"aoml_navis",1026.17648672369
"7901009",61,0.103632007691653,1,0.160734,1,0.138306,1,134.38982596081,1,4.87220480537973,104,1,20.7150001525879,36.5830001831055,0.160733997821808,0.147651001811028,129.592407226562,-87.2588,25.8333,9.93485729682908,63,63,63,63,61,63,0.138306,8046,1.33458767306251,26,-87,0.001869,51,2025-02-12 01:22:49.000139,104,1.037,0.0011,"aoml_navis",1026.22943815481
"7901009",61,0.0966298450097848,1,0.151389,1,0.128961,1,131.440121941298,1,4.87194752692916,106,1,20.5340003967285,36.5779991149902,0.151389002799988,0.138306006789207,126.748001098633,-87.2588,25.8333,9.93485729682908,63,63,63,63,61,63,0.128961,8046,1.33458767306251,26,-87,0.001869,51,2025-02-12 01:22:49.000139,106,1.037,0.0011,"aoml_navis",1026.28363141496
"7901009",61,0.0756233569641794,1,0.123354,1,0.100926,1,130.098631726053,1,4.87162658175849,108,1,20.3080005645752,36.5750007629395,0.123354002833366,0.110270999372005,125.454399108887,-87.2588,25.8333,9.93485729682908,63,63,63,63,61,63,0.100926,8046,1.33458767306251,26,-87,0.001869,51,2025-02-12 01:22:49.000139,108,1.037,0.0011,"aoml_navis",1026.35124348861
"7901009",61,0.0672207617459372,1,0.11214,1,0.089712,1,128.48793360739,1,4.87140955205949,110,1,20.1620006561279,36.5719985961914,0.112139999866486,0.0990569964051247,123.90119934082,-87.2588,25.8333,9.93485729682908,63,63,63,63,61,63,0.089712,8046,1.33458767306251,26,-87,0.001869,51,2025-02-12 01:22:49.000139,110,1.037,0.0011,"aoml_navis",1026.39696920702
"7901009",61,0.0518160038458266,1,0.091581,1,0.069153,1,127.960713039001,1,4.87109644678954,112,1,19.9109992980957,36.5589981079102,0.0915810018777847,0.0784979984164238,123.392799377441,-87.2588,25.8333,9.93485729682908,63,63,63,63,61,63,0.069153,8046,1.33458767306251,26,-87,0.001869,51,2025-02-12 01:22:49.000139,112,1.037,0.0011,"aoml_navis",1026.46294414791
"7901009",61,0.0406125435548371,1,0.076629,1,0.054201,1,127.802982810277,1,4.87091221620498,114,1,19.7719993591309,36.5499992370605,0.0766289979219437,0.0635460019111633,123.240699768066,-87.2588,25.8333,9.93485729682908,63,63,63,63,61,63,0.054201,8046,1.33458767306251,26,-87,0.001869,51,2025-02-12 01:22:49.000139,114,1.037,0.0011,"aoml_navis",1026.50176764951
"7901009",61,0.0406125435548371,1,0.076629,1,0.054201,1,127.460147423488,1,4.87076891034184,116,1,19.6650009155273,36.5410003662109,0.0766289979219437,0.0635460019111633,122.910102844238,-87.2588,25.8333,9.93485729682908,63,63,63,63,61,63,0.054201,8046,1.33458767306251,26,-87,0.001869,51,2025-02-12 01:22:49.000139,116,1.037,0.0011,"aoml_navis",1026.53196898415
"7901009",61,0.0238073531183528,1,0.054201,1,0.031773,1,127.031856368539,1,4.87061103393767,118,1,19.5459995269775,36.5320014953613,0.0542009994387627,0.041117999702692,122.497100830078,-87.2588,25.8333,9.93485729682908,63,63,63,63,61,63,0.031773,8046,1.33458767306251,26,-87,0.001869,51,2025-02-12 01:22:49.000139,118,1.037,0.0011,"aoml_navis",1026.56524307952
"7901009",61,0.0210064880456054,1,0.050463,1,0.028035,1,126.798940026075,1,4.87037643296054,119.900001525879,1,19.3719997406006,36.5260009765625,0.0504629984498024,0.0373799987137318,122.272499084473,-87.2588,25.8333,9.93485729682908,63,63,63,63,61,63,0.028035,8046,1.33458767306251,26,-87,0.001869,51,2025-02-12 01:22:49.000139,119.900001525879,1.037,0.0011,"aoml_navis",1026.61469166166
"7901009",61,0.018205622972858,1,0.046725,1,0.024297,1,126.570177393987,1,4.87016593824248,122,1,19.2140007019043,36.5180015563965,0.0467250011861324,0.0336420014500618,122.051902770996,-87.2588,25.8333,9.93485729682908,63,63,63,63,61,63,0.024297,8046,1.33458767306251,26,-87,0.001869,51,2025-02-12 01:22:49.000139,122,1.037,0.0011,"aoml_navis",1026.65906324423
"7901009",61,0.0154047579001106,1,0.042987,1,0.020559,1,126.602323156392,1,4.86999735940899,124,1,19.0639991760254,36.5019989013672,0.0429870001971722,0.0299040004611015,122.082901000977,-87.2588,25.8333,9.93485729682908,63,63,63,63,61,63,0.020559,8046,1.33458767306251,26,-87,0.001869,51,2025-02-12 01:22:49.000139,124,1.037,0.0011,"aoml_navis",1026.69460186459
"7901009",61,0.0168051904364843,1,0.044856,1,0.022428,1,126.505363688444,1,4.86993484964175,126,1,19.0380001068115,36.4990005493164,0.0448560006916523,0.0317730009555817,121.989402770996,-87.2588,25.8333,9.93485729682908,63,63,63,63,61,63,0.022428,8046,1.33458767306251,26,-87,0.001869,51,2025-02-12 01:22:49.000139,126,1.037,0.0011,"aoml_navis",1026.70778036544
"7901009",61,0.0112034602909895,4,0.03738,1,0.014952,1,126.332901633584,1,4.86988842297153,128,1,19.0279998779297,36.4970016479492,0.0373799987137318,0.0242970008403063,121.823097229004,-87.2588,25.8333,9.93485729682908,63,63,63,63,61,63,0.014952,8046,1.33458767306251,26,-87,0.001869,51,2025-02-12 01:22:49.000139,128,1.037,0.0011,"aoml_navis",1026.71756839741
"7901009",61,0.0154047579001106,1,0.042987,1,0.020559,1,126.106520462112,1,4.86982589499123,130,1,18.9990005493164,36.4930000305176,0.0429870001971722,0.0299040004611015,121.604797363281,-87.2588,25.8333,9.93485729682908,63,63,63,63,61,63,0.020559,8046,1.33458767306251,26,-87,0.001869,51,2025-02-12 01:22:49.000139,130,1.037,0.0011,"aoml_navis",1026.73075132782
"7901009",61,0.00700216268186846,1,0.031773,1,0.009345,1,126.096464527085,1,4.86969451226066,132,1,18.9050006866455,36.4860000610352,0.0317730009555817,0.0186899993568659,121.595100402832,-87.2588,25.8333,9.93485729682908,63,63,63,63,61,63,0.009345,8046,1.33458767306251,26,-87,0.001869,51,2025-02-12 01:22:49.000139,132,1.037,0.0011,"aoml_navis",1026.75845218037
"7901009",61,0.00840259521824216,1,0.033642,1,0.011214,1,125.858263082655,1,4.86959521326178,134,1,18.8339996337891,36.4780006408691,0.0336420014500618,0.020558999851346,121.36540222168,-87.2588,25.8333,9.93485729682908,63,63,63,63,61,63,0.011214,8046,1.33458767306251,26,-87,0.001869,51,2025-02-12 01:22:49.000139,134,1.037,0.0011,"aoml_navis",1026.779389462
"7901009",61,0.00840259521824216,1,0.033642,1,0.011214,1,125.668592799088,1,4.86949123382623,136,1,18.7590007781982,36.4700012207031,0.0336420014500618,0.020558999851346,121.182502746582,-87.2588,25.8333,9.93485729682908,63,63,63,63,61,63,0.011214,8046,1.33458767306251,26,-87,0.001869,51,2025-02-12 01:22:49.000139,136,1.037,0.0011,"aoml_navis",1026.80131453306
"7901009",61,0.0112034602909895,1,0.03738,1,0.014952,1,125.526622934311,1,4.86939476141282,138,1,18.6870002746582,36.4609985351562,0.0373799987137318,0.0242970008403063,121.045600891113,-87.2588,25.8333,9.93485729682908,63,63,63,63,61,63,0.014952,8046,1.33458767306251,26,-87,0.001869,51,2025-02-12 01:22:49.000139,138,1.037,0.0011,"aoml_navis",1026.8216575132
"7901009",61,0.00700216268186846,1,0.031773,1,0.009345,1,125.381749428184,1,4.86929846060153,140,1,18.6119995117188,36.451000213623,0.0317730009555817,0.0186899993568659,120.905899047852,-87.2588,25.8333,9.93485729682908,63,63,63,63,61,63,0.009345,8046,1.33458767306251,26,-87,0.001869,51,2025-02-12 01:22:49.000139,140,1.037,0.0011,"aoml_navis",1026.84196511181
"7901009",61,0.00840259521824216,1,0.033642,1,0.011214,1,125.098640440704,1,4.86924242174981,142,1,18.5820007324219,36.4449996948242,0.0336420014500618,0.020558999851346,120.63289642334,-87.2588,25.8333,9.93485729682908,63,63,63,63,61,63,0.011214,8046,1.33458767306251,26,-87,0.001869,51,2025-02-12 01:22:49.000139,142,1.037,0.0011,"aoml_navis",1026.85378277042
"7901009",61,0.00840259521824216,1,0.033642,1,0.011214,1,124.813877880903,1,4.86915854707539,144,1,18.5259990692139,36.4379997253418,0.0336420014500618,0.020558999851346,120.358299255371,-87.2588,25.8333,9.93485729682908,63,63,63,63,61,63,0.011214,8046,1.33458767306251,26,-87,0.001869,51,2025-02-12 01:22:49.000139,144,1.037,0.0011,"aoml_navis",1026.87147104774
"7901009",61,0.00980302775461585,1,0.035511,1,0.013083,1,124.520087923882,1,4.86905909682314,146,1,18.4479999542236,36.4280014038086,0.0355109982192516,0.0224280003458261,120.074996948242,-87.2588,25.8333,9.93485729682908,63,63,63,63,61,63,0.013083,8046,1.33458767306251,26,-87,0.001869,51,2025-02-12 01:22:49.000139,146,1.037,0.0011,"aoml_navis",1026.89244483853
"7901009",61,0.00840259521824216,1,0.033642,1,0.011214,1,124.161697880709,1,4.86897435565855,148,1,18.3819999694824,36.4179992675781,0.0336420014500618,0.020558999851346,119.729400634766,-87.2588,25.8333,9.93485729682908,63,63,63,63,61,63,0.011214,8046,1.33458767306251,26,-87,0.001869,51,2025-02-12 01:22:49.000139,148,1.037,0.0011,"aoml_navis",1026.91031719836
"7901009",61,0.00980302775461585,1,0.035511,1,0.013083,1,123.720447249383,1,4.86888624101143,150,1,18.3040008544922,36.4049987792969,0.0355109982192516,0.0224280003458261,119.303901672363,-87.2588,25.8333,9.93485729682908,63,63,63,63,61,63,0.013083,8046,1.33458767306251,26,-87,0.001869,51,2025-02-12 01:22:49.000139,150,1.037,0.0011,"aoml_navis",1026.92890170326
"7901009",61,0.00840259521824216,1,0.033642,1,0.011214,1,123.768250521952,1,4.86868136940319,152,1,18.1100006103516,36.3860015869141,0.0336420014500618,0.020558999851346,119.349998474121,-87.2588,25.8333,9.93485729682908,63,63,63,63,61,63,0.011214,8046,1.33458767306251,26,-87,0.001869,51,2025-02-12 01:22:49.000139,152,1.037,0.0011,"aoml_navis",1026.97211434334
"7901009",61,0.00980302775461585,1,0.035511,1,0.013083,1,123.762237531692,1,4.86856435490874,154,1,18.0069999694824,36.3730010986328,0.0355109982192516,0.0224280003458261,119.344200134277,-87.2588,25.8333,9.93485729682908,63,63,63,63,61,63,0.013083,8046,1.33458767306251,26,-87,0.001869,51,2025-02-12 01:22:49.000139,154,1.037,0.0011,"aoml_navis",1026.99679731228
"7901009",61,0.00560173014549477,1,0.029904,1,0.007476,1,123.698982456519,1,4.86845815968849,156,1,17.9249992370605,36.3639984130859,0.0299040004611015,0.0168210007250309,119.283203125,-87.2588,25.8333,9.93485729682908,63,63,63,63,61,63,0.007476,8046,1.33458767306251,26,-87,0.001869,51,2025-02-12 01:22:49.000139,156,1.037,0.0011,"aoml_navis",1027.01919909689
"7901009",61,0.00560173014549477,1,0.029904,1,0.007476,1,123.740353411876,1,4.86836996926816,158,1,17.8579998016357,36.3549995422363,0.0299040004611015,0.0168210007250309,119.323097229004,-87.2588,25.8333,9.93485729682908,63,63,63,63,61,63,0.007476,8046,1.33458767306251,26,-87,0.001869,51,2025-02-12 01:22:49.000139,158,1.037,0.0011,"aoml_navis",1027.03780352824
"7901009",61,0.00840259521824216,1,0.033642,1,0.011214,1,124.160558577291,1,4.86825989597867,160,1,17.7600002288818,36.3419990539551,0.0336420014500618,0.020558999851346,119.728302001953,-87.2588,25.8333,9.93485729682908,63,63,63,63,61,63,0.011214,8046,1.33458767306251,26,-87,0.001869,51,2025-02-12 01:22:49.000139,160,1.037,0.0011,"aoml_navis",1027.06102526082
"7901009",61,0.00280086507274739,1,0.026166,1,0.003738,1,124.88833610635,1,4.86810739106004,162,1,17.6070003509521,36.3230018615723,0.0261659994721413,0.0130829997360706,120.430099487305,-87.2588,25.8333,9.93485729682908,63,63,63,63,61,63,0.003738,8046,1.33458767306251,26,-87,0.001869,51,2025-02-12 01:22:49.000139,162,1.037,0.0011,"aoml_navis",1027.0932003641
"7901009",61,-0.00280086507274739,1,0.01869,1,-0.003738,1,125.192601325351,1,4.86799611550726,164,1,17.503999710083,36.3089981079102,0.0186899993568659,0.00560700008645654,120.723503112793,-87.2588,25.8333,9.93485729682908,63,63,63,63,61,63,-0.003738,8046,1.33458767306251,26,-87,0.001869,51,2025-02-12 01:22:49.000139,164,1.037,0.0011,"aoml_navis",1027.11667827183
"7901009",61,-0.00140043253637369,1,0.020559,1,-0.001869,1,124.987582092962,1,4.86791592340565,166,1,17.4459991455078,36.3009986877441,0.020558999851346,0.00747600011527538,120.525802612305,-87.2588,25.8333,9.93485729682908,63,63,63,63,61,63,-0.001869,8046,1.33458767306251,26,-87,0.001869,51,2025-02-12 01:22:49.000139,166,1.037,0.0011,"aoml_navis",1027.13359858154
"7901009",61,-0.00280086507274739,1,0.01869,1,-0.003738,1,124.863239783842,1,4.86782217469558,168,1,17.3700008392334,36.2910003662109,0.0186899993568659,0.00560700008645654,120.405899047852,-87.2588,25.8333,9.93485729682908,63,63,63,63,61,63,-0.003738,8046,1.33458767306251,26,-87,0.001869,51,2025-02-12 01:22:49.000139,168,1.037,0.0011,"aoml_navis",1027.15338000462
"7901009",61,-0.00140043253637369,1,0.020559,1,-0.001869,1,124.677818152605,1,4.86775506715141,170,1,17.3229999542236,36.2830009460449,0.020558999851346,0.00747600011527538,120.227096557617,-87.2588,25.8333,9.93485729682908,63,63,63,63,61,63,-0.001869,8046,1.33458767306251,26,-87,0.001869,51,2025-02-12 01:22:49.000139,170,1.037,0.0011,"aoml_navis",1027.16754048309
"7901009",61,-0.00280086507274739,1,0.01869,1,-0.003738,1,124.703745217188,1,4.86764132688865,172,1,17.2199993133545,36.2700004577637,0.0186899993568659,0.00560700008645654,120.252098083496,-87.2588,25.8333,9.93485729682908,63,63,63,63,61,63,-0.003738,8046,1.33458767306251,26,-87,0.001869,51,2025-02-12 01:22:49.000139,172,1.037,0.0011,"aoml_navis",1027.19154190351
"7901009",61,-0.00420129760912108,1,0.016821,1,-0.005607,1,124.507539762628,1,4.86759267177658,174,1,17.1949996948242,36.2639999389648,0.0168210007250309,0.00373800005763769,120.062896728516,-87.2588,25.8333,9.93485729682908,63,63,63,63,61,63,-0.005607,8046,1.33458767306251,26,-87,0.001869,51,2025-02-12 01:22:49.000139,174,1.037,0.0011,"aoml_navis",1027.20180942648
"7901009",61,-0.00280086507274739,1,0.01869,1,-0.003738,1,124.604293523014,1,4.86746794319297,176,1,17.0820007324219,36.2509994506836,0.0186899993568659,0.00560700008645654,120.156196594238,-87.2588,25.8333,9.93485729682908,63,63,63,63,61,63,-0.003738,8046,1.33458767306251,26,-87,0.001869,51,2025-02-12 01:22:49.000139,176,1.037,0.0011,"aoml_navis",1027.22813141325
"7901009",61,0,1,0.016821,1,-0.005607,1,124.542074897478,1,4.86740906136988,178,1,17.0480003356934,36.2449989318848,0.0168210007250309,0,120.096199035645,-87.2588,25.8333,9.93485729682908,63,63,63,63,61,63,0,8046,1.33458767306251,26,-87,0.001869,51,2025-02-12 01:22:49.000139,178,1.037,0.0011,"aoml_navis",1027.24055795565
"7901009",61,0,1,0.020559,1,-0.001869,1,124.33114552861,1,4.86736248903061,180,1,17.0310001373291,36.2410011291504,0.020558999851346,0,119.892799377441,-87.2588,25.8333,9.93485729682908,63,63,63,63,61,63,0,8046,1.33458767306251,26,-87,0.001869,51,2025-02-12 01:22:49.000139,180,1.037,0.0011,"aoml_navis",1027.25038689194
"7901009",61,0,1,0.016821,1,-0.005607,1,124.098023478584,1,4.86729544213374,182,1,16.9740009307861,36.2299995422363,0.0168210007250309,0,119.667999267578,-87.2588,25.8333,9.93485729682908,63,63,63,63,61,63,0,8046,1.33458767306251,26,-87,0.001869,51,2025-02-12 01:22:49.000139,182,1.037,0.0011,"aoml_navis",1027.26453724537
"7901009",61,0,1,0.020559,1,-0.001869,1,123.964867391635,1,4.86711991426171,184,1,16.7709999084473,36.2029991149902,0.020558999851346,0,119.539596557617,-87.2588,25.8333,9.93485729682908,63,63,63,63,61,63,0,8046,1.33458767306251,26,-87,0.001869,51,2025-02-12 01:22:49.000139,184,1.037,0.0011,"aoml_navis",1027.30158452618
"7901009",61,0,1,0.01869,1,-0.003738,1,123.47290984639,1,4.86702847437143,186,1,16.6760005950928,36.1870002746582,0.0186899993568659,0,119.065200805664,-87.2588,25.8333,9.93485729682908,63,63,63,63,61,63,0,8046,1.33458767306251,26,-87,0.001869,51,2025-02-12 01:22:49.000139,186,1.037,0.0011,"aoml_navis",1027.32088507983
"7901009",61,0,1,0.01869,1,-0.003738,1,123.007393634632,1,4.86691416295412,188,1,16.5540008544922,36.1689987182617,0.0186899993568659,0,118.616302490234,-87.2588,25.8333,9.93485729682908,63,63,63,63,61,63,0,8046,1.33458767306251,26,-87,0.001869,51,2025-02-12 01:22:49.000139,188,1.037,0.0011,"aoml_navis",1027.34501423076
"7901009",61,0,1,0.024297,1,0.001869,1,122.694520345364,1,4.8667939710901,190,1,16.4230003356934,36.1500015258789,0.0242970008403063,0,118.314598083496,-87.2588,25.8333,9.93485729682908,63,63,63,63,61,63,0,8046,1.33458767306251,26,-87,0.001869,51,2025-02-12 01:22:49.000139,190,1.037,0.0011,"aoml_navis",1027.37038586412
"7901009",61,0,1,0.020559,1,-0.001869,1,122.639556867287,1,4.86670841698731,192,1,16.3449993133545,36.1380004882812,0.020558999851346,0,118.261596679688,-87.2588,25.8333,9.93485729682908,63,63,63,63,61,63,0,8046,1.33458767306251,26,-87,0.001869,51,2025-02-12 01:22:49.000139,192,1.037,0.0011,"aoml_navis",1027.38844648006
"7901009",61,0,1,0.01869,1,-0.003738,1,122.607933285616,1,4.86664323743361,194,1,16.2980003356934,36.1300010681152,0.0186899993568659,0,118.231101989746,-87.2588,25.8333,9.93485729682908,63,63,63,63,61,63,0,8046,1.33458767306251,26,-87,0.001869,51,2025-02-12 01:22:49.000139,194,1.037,0.0011,"aoml_navis",1027.40220642036
"7901009",61,0,4,0.013083,1,-0.009345,1,122.839393851491,1,4.86655556077536,196,1,16.2210006713867,36.1189994812012,0.0130829997360706,0,118.454299926758,-87.2588,25.8333,9.93485729682908,63,63,63,63,61,63,0,8046,1.33458767306251,26,-87,0.001869,51,2025-02-12 01:22:49.000139,196,1.037,0.0011,"aoml_navis",1027.42071626598
"7901009",61,0,4,0.013083,1,-0.009345,1,122.678348566296,1,4.86649559795726,198,1,16.1849994659424,36.1129989624023,0.0130829997360706,0,118.299003601074,-87.2588,25.8333,9.93485729682908,63,63,63,63,61,63,0,8046,1.33458767306251,26,-87,0.001869,51,2025-02-12 01:22:49.000139,198,1.037,0.0011,"aoml_navis",1027.43337569211
"7901009",61,0,1,0.052332,1,0.029904,1,122.201209877311,1,4.86643821161148,200,1,16.1480007171631,36.1059989929199,0.0523319989442825,0,117.838897705078,-87.2588,25.8333,9.93485729682908,63,63,63,63,61,63,0,8046,1.33458767306251,26,-87,0.001869,51,2025-02-12 01:22:49.000139,200,1.037,0.0011,"aoml_navis",1027.44549146229
"7901009",61,0,1,0.01869,1,-0.003738,1,121.834623178994,1,4.86634304611861,202,1,16.0540008544922,36.0919990539551,0.0186899993568659,0,117.485397338867,-87.2588,25.8333,9.93485729682908,63,63,63,63,61,63,0,8046,1.33458767306251,26,-87,0.001869,51,2025-02-12 01:22:49.000139,202,1.037,0.0011,"aoml_navis",1027.46558403604
"7901009",61,0,1,0.01869,1,-0.003738,1,121.113689382271,1,4.86627872531511,204,1,16.003999710083,36.0830001831055,0.0186899993568659,0,116.790199279785,-87.2588,25.8333,9.93485729682908,63,63,63,63,61,63,0,8046,1.33458767306251,26,-87,0.001869,51,2025-02-12 01:22:49.000139,204,1.037,0.0011,"aoml_navis",1027.47916472381
"7901009",61,0,1,0.016821,1,-0.005607,1,120.109963071239,1,4.86618742925369,206,1,15.9130001068115,36.0690002441406,0.0168210007250309,0,115.822303771973,-87.2588,25.8333,9.93485729682908,63,63,63,63,61,63,0,8046,1.33458767306251,26,-87,0.001869,51,2025-02-12 01:22:49.000139,206,1.037,0.0011,"aoml_navis",1027.49844158116
"7901009",61,0,1,0.01869,1,-0.003738,1,119.024507563644,1,4.86610671566997,208,1,15.8280000686646,36.0540008544922,0.0186899993568659,0,114.775596618652,-87.2588,25.8333,9.93485729682908,63,63,63,63,61,63,0,8046,1.33458767306251,26,-87,0.001869,51,2025-02-12 01:22:49.000139,208,1.037,0.0011,"aoml_navis",1027.51548458624
"7901009",61,0,1,0.01869,1,-0.003738,1,117.985834702639,1,4.86602341057344,210,1,15.7469997406006,36.0410003662109,0.0186899993568659,0,113.774002075195,-87.2588,25.8333,9.93485729682908,63,63,63,63,61,63,0,8046,1.33458767306251,26,-87,0.001869,51,2025-02-12 01:22:49.000139,210,1.037,0.0011,"aoml_navis",1027.53307539282
"7901009",61,0,1,0.020559,1,-0.001869,1,117.128318996885,1,4.86594219315881,212,1,15.66100025177,36.0260009765625,0.020558999851346,0,112.94709777832,-87.2588,25.8333,9.93485729682908,63,63,63,63,61,63,0,8046,1.33458767306251,26,-87,0.001869,51,2025-02-12 01:22:49.000139,212,1.037,0.0011,"aoml_navis",1027.55022594178
"7901009",61,0,1,0.014952,1,-0.007476,1,117.027727999293,1,4.86577637338131,214,1,15.460000038147,36,0.0149520002305508,0,112.85009765625,-87.2588,25.8333,9.93485729682908,63,63,63,63,61,63,0,8046,1.33458767306251,26,-87,0.001869,51,2025-02-12 01:22:49.000139,214,1.037,0.0011,"aoml_navis",1027.58524361148
"7901009",61,0,1,0.01869,1,-0.003738,1,116.909406592263,1,4.8657136647133,216,1,15.4069995880127,35.9900016784668,0.0186899993568659,0,112.736000061035,-87.2588,25.8333,9.93485729682908,63,63,63,63,61,63,0,8046,1.33458767306251,26,-87,0.001869,51,2025-02-12 01:22:49.000139,216,1.037,0.0011,"aoml_navis",1027.59848699289
"7901009",61,0,1,0.016821,1,-0.005607,1,116.630657022722,1,4.86566528104481,218,1,15.3839998245239,35.9850006103516,0.0168210007250309,0,112.46720123291,-87.2588,25.8333,9.93485729682908,63,63,63,63,61,63,0,8046,1.33458767306251,26,-87,0.001869,51,2025-02-12 01:22:49.000139,218,1.037,0.0011,"aoml_navis",1027.60870532515
"7901009",61,0,1,0.022428,1,0,1,116.48795926965,1,4.86558183172062,220,1,15.3149995803833,35.976001739502,0.0224280003458261,0,112.329597473145,-87.2588,25.8333,9.93485729682908,63,63,63,63,61,63,0,8046,1.33458767306251,26,-87,0.001869,51,2025-02-12 01:22:49.000139,220,1.037,0.0011,"aoml_navis",1027.62632978507
"7901009",61,0,1,0.020559,1,-0.001869,1,116.42210911447,1,4.86550330968555,222,1,15.2469997406006,35.9659996032715,0.020558999851346,0,112.266098022461,-87.2588,25.8333,9.93485729682908,63,63,63,63,61,63,0,8046,1.33458767306251,26,-87,0.001869,51,2025-02-12 01:22:49.000139,222,1.037,0.0011,"aoml_navis",1027.64291415581
"7901009",61,0,1,0.01869,1,-0.003738,1,116.279419273227,1,4.86544969387084,224,1,15.2189998626709,35.9609985351562,0.0186899993568659,0,112.12850189209,-87.2588,25.8333,9.93485729682908,63,63,63,63,61,63,0,8046,1.33458767306251,26,-87,0.001869,51,2025-02-12 01:22:49.000139,224,1.037,0.0011,"aoml_navis",1027.65423847638
"7901009",61,0,1,0.020559,1,-0.001869,1,116.169183755731,1,4.86539245134637,226,1,15.1909999847412,35.9570007324219,0.020558999851346,0,112.022201538086,-87.2588,25.8333,9.93485729682908,63,63,63,63,61,63,0,8046,1.33458767306251,26,-87,0.001869,51,2025-02-12 01:22:49.000139,226,1.037,0.0011,"aoml_navis",1027.66632907822
"7901009",61,0,1,0.024297,1,0.001869,1,116.020995193132,1,4.86533782223964,228,1,15.1619997024536,35.9519996643066,0.0242970008403063,0,111.879302978516,-87.2588,25.8333,9.93485729682908,63,63,63,63,61,63,0,8046,1.33458767306251,26,-87,0.001869,51,2025-02-12 01:22:49.000139,228,1.037,0.0011,"aoml_navis",1027.67786794677
"7901009",61,0,1,0.020559,1,-0.001869,1,115.863882087094,1,4.8652859961404,230,1,15.1389999389648,35.9480018615723,0.020558999851346,0,111.727798461914,-87.2588,25.8333,9.93485729682908,63,63,63,63,61,63,0,8046,1.33458767306251,26,-87,0.001869,51,2025-02-12 01:22:49.000139,230,1.037,0.0011,"aoml_navis",1027.68881499802
"7901009",61,0,1,0.01869,1,-0.003738,1,115.564395612984,1,4.86523634434898,232,1,15.1180000305176,35.9440002441406,0.0186899993568659,0,111.439002990723,-87.2588,25.8333,9.93485729682908,63,63,63,63,61,63,0,8046,1.33458767306251,26,-87,0.001869,51,2025-02-12 01:22:49.000139,232,1.037,0.0011,"aoml_navis",1027.69930299636
"7901009",61,0,1,0.020559,1,-0.001869,1,115.286888200641,1,4.86517518317414,234,1,15.076000213623,35.9370002746582,0.020558999851346,0,111.171401977539,-87.2588,25.8333,9.93485729682908,63,63,63,63,61,63,0,8046,1.33458767306251,26,-87,0.001869,51,2025-02-12 01:22:49.000139,234,1.037,0.0011,"aoml_navis",1027.7122224277
"7901009",61,0,1,0.022428,1,0,1,115.091616341938,1,4.86509713263325,236,1,15.0010004043579,35.9249992370605,0.0224280003458261,0,110.983100891113,-87.2588,25.8333,9.93485729682908,63,63,63,63,61,63,0,8046,1.33458767306251,26,-87,0.001869,51,2025-02-12 01:22:49.000139,236,1.037,0.0011,"aoml_navis",1027.72870997002
"7901009",61,0,1,0.024297,1,0.001869,1,114.953278006804,1,4.86501672102557,238,1,14.9270000457764,35.9140014648438,0.0242970008403063,0,110.849700927734,-87.2588,25.8333,9.93485729682908,63,63,63,63,61,63,0,8046,1.33458767306251,26,-87,0.001869,51,2025-02-12 01:22:49.000139,238,1.037,0.0011,"aoml_navis",1027.74569682177
"7901009",61,0,1,0.022428,1,0,1,114.728866880826,1,4.86495588351888,240,1,14.8850002288818,35.9070014953613,0.0224280003458261,0,110.63330078125,-87.2588,25.8333,9.93485729682908,63,63,63,63,61,63,0,8046,1.33458767306251,26,-87,0.001869,51,2025-02-12 01:22:49.000139,240,1.037,0.0011,"aoml_navis",1027.75854904227
"7901009",61,0,1,0.024297,1,0.001869,1,114.521569041602,1,4.86488818575066,242,1,14.8330001831055,35.898998260498,0.0242970008403063,0,110.433403015137,-87.2588,25.8333,9.93485729682908,63,63,63,63,61,63,0,8046,1.33458767306251,26,-87,0.001869,51,2025-02-12 01:22:49.000139,242,1.037,0.0011,"aoml_navis",1027.77285090438
"7901009",61,0,1,0.01869,1,-0.003738,1,114.34745341442,1,4.8648178897248,244,1,14.7749996185303,35.8899993896484,0.0186899993568659,0,110.265502929688,-87.2588,25.8333,9.93485729682908,63,63,63,63,61,63,0,8046,1.33458767306251,26,-87,0.001869,51,2025-02-12 01:22:49.000139,244,1.037,0.0011,"aoml_navis",1027.78770209687
"7901009",61,0,1,0.024297,1,0.001869,1,114.102091764482,1,4.86476210070444,246,1,14.7410001754761,35.8839988708496,0.0242970008403063,0,110.028900146484,-87.2588,25.8333,9.93485729682908,63,63,63,63,61,63,0,8046,1.33458767306251,26,-87,0.001869,51,2025-02-12 01:22:49.000139,246,1.037,0.0011,"aoml_navis",1027.79948875115
"7901009",61,0,1,0.022428,1,0,1,113.65243877045,1,4.86470473386892,248,1,14.7019996643066,35.8769989013672,0.0224280003458261,0,109.59529876709,-87.2588,25.8333,9.93485729682908,63,63,63,63,61,63,0,8046,1.33458767306251,26,-87,0.001869,51,2025-02-12 01:22:49.000139,248,1.037,0.0011,"aoml_navis",1027.81160903541
"7901009",61,0,1,0.024297,1,0.001869,1,113.503008050652,1,4.86460200528074,250,1,14.585000038147,35.8600006103516,0.0242970008403063,0,109.451202392578,-87.2588,25.8333,9.93485729682908,63,63,63,63,61,63,0,8046,1.33458767306251,26,-87,0.001869,51,2025-02-12 01:22:49.000139,250,1.037,0.0011,"aoml_navis",1027.83331392214
"7901009",61,0,4,0.01869,1,-0.003738,1,113.521466348386,1,4.86450195658401,252,1,14.4630002975464,35.8409996032715,0.0186899993568659,0,109.46900177002,-87.2588,25.8333,9.93485729682908,63,63,63,63,61,63,0,8046,1.33458767306251,26,-87,0.001869,51,2025-02-12 01:22:49.000139,252,1.037,0.0011,"aoml_navis",1027.85445347238
"7901009",61,0,1,0.024297,1,0.001869,1,113.250494107037,1,4.86444607176017,254,1,14.4320001602173,35.8359985351562,0.0242970008403063,0,109.207702636719,-87.2588,25.8333,9.93485729682908,63,63,63,63,61,63,0,8046,1.33458767306251,26,-87,0.001869,51,2025-02-12 01:22:49.000139,254,1.037,0.0011,"aoml_navis",1027.86626190118
"7901009",61,0,1,0.028035,1,0.005607,1,112.907753662199,1,4.86438503590357,256,1,14.3889999389648,35.8289985656738,0.0280349999666214,0,108.877197265625,-87.2588,25.8333,9.93485729682908,63,63,63,63,61,63,0,8046,1.33458767306251,26,-87,0.001869,51,2025-02-12 01:22:49.000139,256,1.037,0.0011,"aoml_navis",1027.87915905001
"7901009",61,0,1,0.022428,1,0,1,112.63076843059,1,4.86432982510293,258,1,14.3409996032715,35.8190002441406,0.0224280003458261,0,108.61009979248,-87.2588,25.8333,9.93485729682908,63,63,63,63,61,63,0,8046,1.33458767306251,26,-87,0.001869,51,2025-02-12 01:22:49.000139,258,1.037,0.0011,"aoml_navis",1027.89082561732
"7901009",61,0,1,0.020559,1,-0.001869,1,112.506014706347,1,4.86421135422367,260,1,14.2069997787476,35.8019981384277,0.020558999851346,0,108.489799499512,-87.2588,25.8333,9.93485729682908,63,63,63,63,61,63,0,8046,1.33458767306251,26,-87,0.001869,51,2025-02-12 01:22:49.000139,260,1.037,0.0011,"aoml_navis",1027.91586053481
"7901009",61,0,1,0.024297,1,0.001869,1,112.465672288798,1,4.86411920949816,262,1,14.1049995422363,35.7869987487793,0.0242970008403063,0,108.450897216797,-87.2588,25.8333,9.93485729682908,63,63,63,63,61,63,0,8046,1.33458767306251,26,-87,0.001869,51,2025-02-12 01:22:49.000139,262,1.037,0.0011,"aoml_navis",1027.9353331301
"7901009",61,0,1,0.022428,1,0,1,112.148138932078,1,4.86407447877018,264,1,14.0880002975464,35.7830009460449,0.0224280003458261,0,108.14469909668,-87.2588,25.8333,9.93485729682908,63,63,63,63,61,63,0,8046,1.33458767306251,26,-87,0.001869,51,2025-02-12 01:22:49.000139,264,1.037,0.0011,"aoml_navis",1027.94478617116
"7901009",61,0,1,0.024297,1,0.001869,1,112.029192490534,1,4.86400393802595,266,1,14.0279998779297,35.773998260498,0.0242970008403063,0,108.029998779297,-87.2588,25.8333,9.93485729682908,63,63,63,63,61,63,0,8046,1.33458767306251,26,-87,0.001869,51,2025-02-12 01:22:49.000139,266,1.037,0.0011,"aoml_navis",1027.95969405182
"7901009",61,0,1,0.022428,1,0,1,111.798246193562,1,4.86394068770374,268,1,13.9750003814697,35.7649993896484,0.0224280003458261,0,107.80729675293,-87.2588,25.8333,9.93485729682908,63,63,63,63,61,63,0,8046,1.33458767306251,26,-87,0.001869,51,2025-02-12 01:22:49.000139,268,1.037,0.0011,"aoml_navis",1027.97306156307
"7901009",61,0,1,0.020559,1,-0.001869,1,111.588669747502,1,4.86387057683386,270,1,13.9079999923706,35.7540016174316,0.020558999851346,0,107.605201721191,-87.2588,25.8333,9.93485729682908,63,63,63,63,61,63,0,8046,1.33458767306251,26,-87,0.001869,51,2025-02-12 01:22:49.000139,270,1.037,0.0011,"aoml_navis",1027.98787940915
"7901009",61,0,1,0.020559,1,-0.001869,1,111.398477283203,1,4.86380293699272,272,1,13.8540000915527,35.7459983825684,0.020558999851346,0,107.421798706055,-87.2588,25.8333,9.93485729682908,63,63,63,63,61,63,0,8046,1.33458767306251,26,-87,0.001869,51,2025-02-12 01:22:49.000139,272,1.037,0.0011,"aoml_navis",1028.00217541122
"7901009",61,0,1,0.022428,1,0,1,111.245826448884,1,4.86373154376972,274,1,13.7889995574951,35.7360000610352,0.0224280003458261,0,107.274597167969,-87.2588,25.8333,9.93485729682908,63,63,63,63,61,63,0,8046,1.33458767306251,26,-87,0.001869,51,2025-02-12 01:22:49.000139,274,1.037,0.0011,"aoml_navis",1028.01726513973
"7901009",61,0,1,0.024297,1,0.001869,1,110.994768281858,1,4.86367164000012,276,1,13.746000289917,35.7290000915527,0.0242970008403063,0,107.032501220703,-87.2588,25.8333,9.93485729682908,63,63,63,63,61,63,0,8046,1.33458767306251,26,-87,0.001869,51,2025-02-12 01:22:49.000139,276,1.037,0.0011,"aoml_navis",1028.02992679001
"7901009",61,0,1,0.024297,1,0.001869,1,110.723796040509,1,4.8636144496161,278,1,13.7019996643066,35.7210006713867,0.0242970008403063,0,106.771202087402,-87.2588,25.8333,9.93485729682908,63,63,63,63,61,63,0,8046,1.33458767306251,26,-87,0.001869,51,2025-02-12 01:22:49.000139,278,1.037,0.0011,"aoml_navis",1028.04201521251
"7901009",61,0,1,0.022428,1,0,1,110.61303834228,1,4.86353063684217,280,1,13.6169996261597,35.7089996337891,0.0224280003458261,0,106.664398193359,-87.2588,25.8333,9.93485729682908,63,63,63,63,61,63,0,8046,1.33458767306251,26,-87,0.001869,51,2025-02-12 01:22:49.000139,280,1.037,0.0011,"aoml_navis",1028.05973136553
"7901009",61,0,1,0.024297,1,0.001869,1,110.494614081469,1,4.86345085447244,282,1,13.5430002212524,35.6990013122559,0.0242970008403063,0,106.550201416016,-87.2588,25.8333,9.93485729682908,63,63,63,63,61,63,0,8046,1.33458767306251,26,-87,0.001869,51,2025-02-12 01:22:49.000139,282,1.037,0.0011,"aoml_navis",1028.07659614818
"7901009",61,0,1,0.01869,1,-0.003738,1,110.459770385276,1,4.86337361923558,284,1,13.46399974823,35.6870002746582,0.0186899993568659,0,106.5166015625,-87.2588,25.8333,9.93485729682908,63,63,63,63,61,63,0,8046,1.33458767306251,26,-87,0.001869,51,2025-02-12 01:22:49.000139,284,1.037,0.0011,"aoml_navis",1028.09292303269
"7901009",61,0,4,0.01869,1,-0.003738,1,110.268850032682,1,4.86332631044973,286,1,13.4440002441406,35.6829986572266,0.0186899993568659,0,106.332496643066,-87.2588,25.8333,9.93485729682908,63,63,63,63,61,63,0,8046,1.33458767306251,26,-87,0.001869,51,2025-02-12 01:22:49.000139,286,1.037,0.0011,"aoml_navis",1028.10292397132
"7901009",61,0,1,0.026166,1,0.003738,1,110.192943942475,1,4.86327000762023,288,1,13.4040002822876,35.6759986877441,0.0261659994721413,0,106.259300231934,-87.2588,25.8333,9.93485729682908,63,63,63,63,61,63,0,8046,1.33458767306251,26,-87,0.001869,51,2025-02-12 01:22:49.000139,288,1.037,0.0011,"aoml_navis",1028.11482647797
"7901009",61,0,1,0.024297,1,0.001869,1,110.032935106916,1,4.86320878907389,290,1,13.3590002059937,35.6689987182617,0.0242970008403063,0,106.105003356934,-87.2588,25.8333,9.93485729682908,63,63,63,63,61,63,0,8046,1.33458767306251,26,-87,0.001869,51,2025-02-12 01:22:49.000139,290,1.037,0.0011,"aoml_navis",1028.12776848764
"7901009",61,0,1,0.022428,1,0,1,109.977243740545,1,4.86314005335153,292,1,13.298999786377,35.6599998474121,0.0224280003458261,0,106.051300048828,-87.2588,25.8333,9.93485729682908,63,63,63,63,61,63,0,8046,1.33458767306251,26,-87,0.001869,51,2025-02-12 01:22:49.000139,292,1.037,0.0011,"aoml_navis",1028.14230006684
"7901009",61,0,1,0.029904,1,0.007476,1,109.915025115009,1,4.86308200361149,294,1,13.2569999694824,35.6529998779297,0.0299040004611015,0,105.991302490234,-87.2588,25.8333,9.93485729682908,63,63,63,63,61,63,0,8046,1.33458767306251,26,-87,0.001869,51,2025-02-12 01:22:49.000139,294,1.037,0.0011,"aoml_navis",1028.15457281757
"7901009",61,0,1,0.024297,1,0.001869,1,109.853012197035,1,4.86301907687126,296,1,13.210000038147,35.6459999084473,0.0242970008403063,0,105.931503295898,-87.2588,25.8333,9.93485729682908,63,63,63,63,61,63,0,8046,1.33458767306251,26,-87,0.001869,51,2025-02-12 01:22:49.000139,296,1.037,0.0011,"aoml_navis",1028.16787698412
"7901009",61,0,1,0.022428,1,0,1,109.949243776688,1,4.86294745887729,298,1,13.1429996490479,35.6360015869141,0.0224280003458261,0,106.024299621582,-87.2588,25.8333,9.93485729682908,63,63,63,63,61,63,0,8046,1.33458767306251,26,-87,0.001869,51,2025-02-12 01:22:49.000139,298,1.037,0.0011,"aoml_navis",1028.18301910141
"7901009",61,0,1,0.022428,1,0,1,109.933894827866,1,4.86289165167525,299.899993896484,1,13.1120004653931,35.6319999694824,0.0224280003458261,0,106.009498596191,-87.2588,25.8333,9.93485729682908,63,63,63,63,61,63,0,8046,1.33458767306251,26,-87,0.001869,51,2025-02-12 01:22:49.000139,299.899993896484,1.037,0.0011,"aoml_navis",1028.19481866875
"7901009",61,0,1,0.020559,1,-0.001869,1,109.905586302667,1,4.86284376750974,302,1,13.0970001220703,35.6290016174316,0.020558999851346,0,105.982200622559,-87.2588,25.8333,9.93485729682908,63,63,63,63,61,63,0,8046,1.33458767306251,26,-87,0.001869,51,2025-02-12 01:22:49.000139,302,1.037,0.0011,"aoml_navis",1028.20494324877
"7901009",61,0,1,0.01869,1,-0.003738,1,109.81474267876,1,4.86279772151835,304,1,13.0780000686646,35.625,0.0186899993568659,0,105.894599914551,-87.2588,25.8333,9.93485729682908,63,63,63,63,61,63,0,8046,1.33458767306251,26,-87,0.001869,51,2025-02-12 01:22:49.000139,304,1.037,0.0011,"aoml_navis",1028.21467935516
"7901009",61,0,1,0.024297,1,0.001869,1,109.842948350179,1,4.86273764929055,306,1,13.0410003662109,35.6199989318848,0.0242970008403063,0,105.921798706055,-87.2588,25.8333,9.93485729682908,63,63,63,63,61,63,0,8046,1.33458767306251,26,-87,0.001869,51,2025-02-12 01:22:49.000139,306,1.037,0.0011,"aoml_navis",1028.22738148941
"7901009",61,0,1,0.022428,1,0,1,109.884018656022,1,4.86267041097963,308,1,12.9779996871948,35.6100006103516,0.0224280003458261,0,105.961402893066,-87.2588,25.8333,9.93485729682908,63,63,63,63,61,63,0,8046,1.33458767306251,26,-87,0.001869,51,2025-02-12 01:22:49.000139,308,1.037,0.0011,"aoml_navis",1028.24159924767
"7901009",61,0,1,0.024297,1,0.001869,1,109.775436710848,1,4.86262249260831,310,1,12.9569997787476,35.6059989929199,0.0242970008403063,0,105.85669708252,-87.2588,25.8333,9.93485729682908,63,63,63,63,61,63,0,8046,1.33458767306251,26,-87,0.001869,51,2025-02-12 01:22:49.000139,310,1.037,0.0011,"aoml_navis",1028.25173198218
"7901009",61,0,1,0.024297,1,0.001869,1,109.577269122624,1,4.86257705216031,312,1,12.9460000991821,35.6040000915527,0.0242970008403063,0,105.665603637695,-87.2588,25.8333,9.93485729682908,63,63,63,63,61,63,0,8046,1.33458767306251,26,-87,0.001869,51,2025-02-12 01:22:49.000139,312,1.037,0.0011,"aoml_navis",1028.26134092387
"7901009",61,0,1,0.020559,1,-0.001869,1,109.383864455633,1,4.86252524661914,314,1,12.9209995269775,35.5999984741211,0.020558999851346,0,105.479103088379,-87.2588,25.8333,9.93485729682908,63,63,63,63,61,63,0,8046,1.33458767306251,26,-87,0.001869,51,2025-02-12 01:22:49.000139,314,1.037,0.0011,"aoml_navis",1028.2722960619
"7901009",61,0,1,0.029904,1,0.007476,1,109.258279989315,1,4.86246783312025,316,1,12.878999710083,35.5929985046387,0.0299040004611015,0,105.358001708984,-87.2588,25.8333,9.93485729682908,63,63,63,63,61,63,0,8046,1.33458767306251,26,-87,0.001869,51,2025-02-12 01:22:49.000139,316,1.037,0.0011,"aoml_navis",1028.28443736799
"7901009",61,0,1,0.026166,1,0.003738,1,109.262220080301,1,4.86240367374724,318,1,12.8299999237061,35.5859985351562,0.0261659994721413,0,105.361801147461,-87.2588,25.8333,9.93485729682908,63,63,63,63,61,63,0,8046,1.33458767306251,26,-87,0.001869,51,2025-02-12 01:22:49.000139,318,1.037,0.0011,"aoml_navis",1028.29800557195
"7901009",61,0,4,0.020559,1,-0.001869,1,109.227993506793,1,4.86234274717229,320,1,12.7880001068115,35.5800018310547,0.020558999851346,0,105.328796386719,-87.2588,25.8333,9.93485729682908,63,63,63,63,61,63,0,8046,1.33458767306251,26,-87,0.001869,51,2025-02-12 01:22:49.000139,320,1.037,0.0011,"aoml_navis",1028.31089044633
"7901009",61,0,1,0.026166,1,0.003738,1,109.262322934082,1,4.86227498744694,322,1,12.7200002670288,35.5690002441406,0.0261659994721413,0,105.36190032959,-87.2588,25.8333,9.93485729682908,63,63,63,63,61,63,0,8046,1.33458767306251,26,-87,0.001869,51,2025-02-12 01:22:49.000139,322,1.037,0.0011,"aoml_navis",1028.32522078834
"7901009",61,0,1,0.022428,1,0,1,109.225200631054,1,4.86221834843252,324,1,12.6859998703003,35.5639991760254,0.0224280003458261,0,105.326103210449,-87.2588,25.8333,9.93485729682908,63,63,63,63,61,63,0,8046,1.33458767306251,26,-87,0.001869,51,2025-02-12 01:22:49.000139,324,1.037,0.0011,"aoml_navis",1028.3371995443
"7901009",61,0,4,0.014952,1,-0.007476,1,109.142442896682,1,4.86216602729522,326,1,12.6639995574951,35.5610008239746,0.0149520002305508,0,105.246299743652,-87.2588,25.8333,9.93485729682908,63,63,63,63,61,63,0,8046,1.33458767306251,26,-87,0.001869,51,2025-02-12 01:22:49.000139,326,1.037,0.0011,"aoml_navis",1028.34826534738
"7901009",61,0,1,0.024297,1,0.001869,1,109.111642145256,1,4.86210925884133,328,1,12.6260004043579,35.5550003051758,0.0242970008403063,0,105.216598510742,-87.2588,25.8333,9.93485729682908,63,63,63,63,61,63,0,8046,1.33458767306251,26,-87,0.001869,51,2025-02-12 01:22:49.000139,328,1.037,0.0011,"aoml_navis",1028.36027201732
"7901009",61,0,1,0.024297,1,0.001869,1,109.114545786606,1,4.86205062068321,330,1,12.5860004425049,35.548999786377,0.0242970008403063,0,105.219398498535,-87.2588,25.8333,9.93485729682908,63,63,63,63,61,63,0,8046,1.33458767306251,26,-87,0.001869,51,2025-02-12 01:22:49.000139,330,1.037,0.0011,"aoml_navis",1028.37267442876
"7901009",61,0,1,0.026166,1,0.003738,1,109.002965258131,1,4.86199531651342,332,1,12.5570001602173,35.5449981689453,0.0261659994721413,0,105.111801147461,-87.2588,25.8333,9.93485729682908,63,63,63,63,61,63,0,8046,1.33458767306251,26,-87,0.001869,51,2025-02-12 01:22:49.000139,332,1.037,0.0011,"aoml_navis",1028.38437195072
"7901009",61,0,1,0.024297,1,0.001869,1,108.828952484729,1,4.86194868286109,334,1,12.5369997024536,35.5410003662109,0.0242970008403063,0,104.944000244141,-87.2588,25.8333,9.93485729682908,63,63,63,63,61,63,0,8046,1.33458767306251,26,-87,0.001869,51,2025-02-12 01:22:49.000139,334,1.037,0.0011,"aoml_navis",1028.39423575686
"7901009",61,0,1,0.022428,1,0,1,108.688644104102,1,4.86190610931825,336,1,12.5249996185303,35.5379981994629,0.0224280003458261,0,104.808700561523,-87.2588,25.8333,9.93485729682908,63,63,63,63,61,63,0,8046,1.33458767306251,26,-87,0.001869,51,2025-02-12 01:22:49.000139,336,1.037,0.0011,"aoml_navis",1028.4032409464
"7901009",61,0,1,0.026166,1,0.003738,1,108.496687301871,1,4.86185373826434,338,1,12.4989995956421,35.5340003967285,0.0261659994721413,0,104.623596191406,-87.2588,25.8333,9.93485729682908,63,63,63,63,61,63,0,8046,1.33458767306251,26,-87,0.001869,51,2025-02-12 01:22:49.000139,338,1.037,0.0011,"aoml_navis",1028.41431872958
"7901009",61,0,1,0.022428,1,0,1,108.473877498029,1,4.86177929650392,340,1,12.4270000457764,35.523998260498,0.0224280003458261,0,104.601600646973,-87.2588,25.8333,9.93485729682908,63,63,63,63,61,63,0,8046,1.33458767306251,26,-87,0.001869,51,2025-02-12 01:22:49.000139,340,1.037,0.0011,"aoml_navis",1028.430065428
"7901009",61,0,1,0.022428,1,0,1,108.478126150357,1,4.86171603944666,342,1,12.3780002593994,35.5169982910156,0.0224280003458261,0,104.605697631836,-87.2588,25.8333,9.93485729682908,63,63,63,63,61,63,0,8046,1.33458767306251,26,-87,0.001869,51,2025-02-12 01:22:49.000139,342,1.037,0.0011,"aoml_navis",1028.4434466002
"7901009",61,0,1,0.022428,1,0,1,108.390502640972,1,4.8616544817065,344,1,12.3229999542236,35.507999420166,0.0224280003458261,0,104.521202087402,-87.2588,25.8333,9.93485729682908,63,63,63,63,61,63,0,8046,1.33458767306251,26,-87,0.001869,51,2025-02-12 01:22:49.000139,344,1.037,0.0011,"aoml_navis",1028.45646863924
"7901009",61,0,1,0.026166,1,0.003738,1,108.421406246178,1,4.86157663233084,346,1,12.2430000305176,35.4970016479492,0.0261659994721413,0,104.551002502441,-87.2588,25.8333,9.93485729682908,63,63,63,63,61,63,0,8046,1.33458767306251,26,-87,0.001869,51,2025-02-12 01:22:49.000139,346,1.037,0.0011,"aoml_navis",1028.47293751344
"7901009",61,0,1,0.020559,1,-0.001869,1,108.515153511434,1,4.86149860561887,348,1,12.1470003128052,35.4819984436035,0.020558999851346,0,104.641403198242,-87.2588,25.8333,9.93485729682908,63,63,63,63,61,63,0,8046,1.33458767306251,26,-87,0.001869,51,2025-02-12 01:22:49.000139,348,1.037,0.0011,"aoml_navis",1028.48944443202
"7901009",61,0,1,0.024297,1,0.001869,1,108.470973856679,1,4.86144451170688,350,1,12.1110000610352,35.476001739502,0.0242970008403063,0,104.59880065918,-87.2588,25.8333,9.93485729682908,63,63,63,63,61,63,0,8046,1.33458767306251,26,-87,0.001869,51,2025-02-12 01:22:49.000139,350,1.037,0.0011,"aoml_navis",1028.50088856501
"7901009",61,0,1,0.024297,1,0.001869,1,108.408755231144,1,4.86138558109325,352,1,12.0620002746582,35.4679985046387,0.0242970008403063,0,104.538803100586,-87.2588,25.8333,9.93485729682908,63,63,63,63,61,63,0,8046,1.33458767306251,26,-87,0.001869,51,2025-02-12 01:22:49.000139,352,1.037,0.0011,"aoml_navis",1028.51335624268
"7901009",61,0,1,0.028035,1,0.005607,1,108.538691203571,1,4.86131819580362,354,1,12,35.4589996337891,0.0280349999666214,0,104.664100646973,-87.2588,25.8333,9.93485729682908,63,63,63,63,61,63,0,8046,1.33458767306251,26,-87,0.001869,51,2025-02-12 01:22:49.000139,354,1.037,0.0011,"aoml_navis",1028.52761300754
"7901009",61,0,1,0.026166,1,0.003738,1,108.785089303146,1,4.86125174845422,356,1,11.9309997558594,35.4480018615723,0.0261659994721413,0,104.901702880859,-87.2588,25.8333,9.93485729682908,63,63,63,63,61,63,0,8046,1.33458767306251,26,-87,0.001869,51,2025-02-12 01:22:49.000139,356,1.037,0.0011,"aoml_navis",1028.54167171859
"7901009",61,0,1,0.026166,1,0.003738,1,108.929337774759,1,4.8611847273147,358,1,11.8690004348755,35.4389991760254,0.0261659994721413,0,105.040802001953,-87.2588,25.8333,9.93485729682908,63,63,63,63,61,63,0,8046,1.33458767306251,26,-87,0.001869,51,2025-02-12 01:22:49.000139,358,1.037,0.0011,"aoml_navis",1028.55585221959
"7901009",61,0,1,0.028035,1,0.005607,1,108.754597113063,1,4.86113279807782,360,1,11.8269996643066,35.4309997558594,0.0280349999666214,0,104.872299194336,-87.2588,25.8333,9.93485729682908,63,63,63,63,61,63,0,8046,1.33458767306251,26,-87,0.001869,51,2025-02-12 01:22:49.000139,360,1.037,0.0011,"aoml_navis",1028.56683980678
"7901009",61,0,1,0.022428,1,0,1,108.376498703129,1,4.86106696539983,362,1,11.7659997940063,35.4220008850098,0.0224280003458261,0,104.507698059082,-87.2588,25.8333,9.93485729682908,63,63,63,63,61,63,0,8046,1.33458767306251,26,-87,0.001869,51,2025-02-12 01:22:49.000139,362,1.037,0.0011,"aoml_navis",1028.58076952839
"7901009",61,0,1,0.026166,1,0.003738,1,108.115796016198,1,4.8609948946254,364,1,11.706000328064,35.4150009155273,0.0261659994721413,0,104.256301879883,-87.2588,25.8333,9.93485729682908,63,63,63,63,61,63,0,8046,1.33458767306251,26,-87,0.001869,51,2025-02-12 01:22:49.000139,364,1.037,0.0011,"aoml_navis",1028.59601961901
"7901009",61,0,1,0.028035,1,0.005607,1,108.002759711133,1,4.86094335264813,366,1,11.6759996414185,35.4099998474121,0.0280349999666214,0,104.147300720215,-87.2588,25.8333,9.93485729682908,63,63,63,63,61,63,0,8046,1.33458767306251,26,-87,0.001869,51,2025-02-12 01:22:49.000139,366,1.037,0.0011,"aoml_navis",1028.60692611777
"7901009",61,0,1,0.022428,1,0,1,107.829783387369,1,4.86087325593892,368,1,11.5979995727539,35.3979988098145,0.0224280003458261,0,103.980499267578,-87.2588,25.8333,9.93485729682908,63,63,63,63,61,63,0,8046,1.33458767306251,26,-87,0.001869,51,2025-02-12 01:22:49.000139,368,1.037,0.0011,"aoml_navis",1028.62175924688
"7901009",61,0,1,0.022428,1,0,1,107.194605908319,1,4.86081171403819,370,1,11.548999786377,35.390998840332,0.0224280003458261,0,103.36799621582,-87.2588,25.8333,9.93485729682908,63,63,63,63,61,63,0,8046,1.33458767306251,26,-87,0.001869,51,2025-02-12 01:22:49.000139,370,1.037,0.0011,"aoml_navis",1028.63478244998
"7901009",61,0,1,0.026166,1,0.003738,1,106.341141059161,1,4.8607328761938,372,1,11.4729995727539,35.3819999694824,0.0261659994721413,0,102.544998168945,-87.2588,25.8333,9.93485729682908,63,63,63,63,61,63,0,8046,1.33458767306251,26,-87,0.001869,51,2025-02-12 01:22:49.000139,372,1.037,0.0011,"aoml_navis",1028.6514662199
"7901009",61,0,1,0.028035,1,0.005607,1,105.792867113031,1,4.86068342079005,374,1,11.4530000686646,35.3790016174316,0.0280349999666214,0,102.016296386719,-87.2588,25.8333,9.93485729682908,63,63,63,63,61,63,0,8046,1.33458767306251,26,-87,0.001869,51,2025-02-12 01:22:49.000139,374,1.037,0.0011,"aoml_navis",1028.66193231472
"7901009",61,0,1,0.028035,1,0.005607,1,105.454074671009,1,4.86060399774161,376,1,11.3760004043579,35.3699989318848,0.0280349999666214,0,101.689598083496,-87.2588,25.8333,9.93485729682908,63,63,63,63,61,63,0,8046,1.33458767306251,26,-87,0.001869,51,2025-02-12 01:22:49.000139,376,1.037,0.0011,"aoml_navis",1028.67874081558
"7901009",61,0,1,0.026166,1,0.003738,1,105.247188246908,1,4.86051863425585,378,1,11.2760000228882,35.3569984436035,0.0261659994721413,0,101.490097045898,-87.2588,25.8333,9.93485729682908,63,63,63,63,61,63,0,8046,1.33458767306251,26,-87,0.001869,51,2025-02-12 01:22:49.000139,378,1.037,0.0011,"aoml_navis",1028.69680711871
"7901009",61,0,1,0.026166,1,0.003738,1,105.1995906819,1,4.86044723691369,380,1,11.1909999847412,35.3440017700195,0.0261659994721413,0,101.444198608398,-87.2588,25.8333,9.93485729682908,63,63,63,63,61,63,0,8046,1.33458767306251,26,-87,0.001869,51,2025-02-12 01:22:49.000139,380,1.037,0.0011,"aoml_navis",1028.71191811865
"7901009",61,0,1,0.022428,1,0,1,105.165680581564,1,4.86037437989234,382,1,11.1040000915527,35.3310012817383,0.0224280003458261,0,101.411499023438,-87.2588,25.8333,9.93485729682908,63,63,63,63,61,63,0,8046,1.33458767306251,26,-87,0.001869,51,2025-02-12 01:22:49.000139,382,1.037,0.0011,"aoml_navis",1028.7273385123
"7901009",61,0,1,0.024297,1,0.001869,1,105.289089294827,1,4.8602730648136,384,1,10.956000328064,35.3110008239746,0.0242970008403063,0,101.530502319336,-87.2588,25.8333,9.93485729682908,63,63,63,63,61,63,0,8046,1.33458767306251,26,-87,0.001869,51,2025-02-12 01:22:49.000139,384,1.037,0.0011,"aoml_navis",1028.74878290234
"7901009",61,0,1,0.024297,1,0.001869,1,105.22499556575,1,4.86019415232152,386,1,10.8570003509521,35.2970008850098,0.0242970008403063,0,101.468696594238,-87.2588,25.8333,9.93485729682908,63,63,63,63,61,63,0,8046,1.33458767306251,26,-87,0.001869,51,2025-02-12 01:22:49.000139,386,1.037,0.0011,"aoml_navis",1028.76548617131
"7901009",61,0,1,0.029904,1,0.007476,1,105.232986513333,1,4.86011308803483,388,1,10.7799997329712,35.2890014648438,0.0299040004611015,0,101.476402282715,-87.2588,25.8333,9.93485729682908,63,63,63,63,61,63,0,8046,1.33458767306251,26,-87,0.001869,51,2025-02-12 01:22:49.000139,388,1.037,0.0011,"aoml_navis",1028.78264547168
"7901009",61,0,1,0.022428,1,0,1,105.548961239683,1,4.86003465778725,390,1,10.6890001296997,35.2770004272461,0.0224280003458261,0,101.781097412109,-87.2588,25.8333,9.93485729682908,63,63,63,63,61,63,0,8046,1.33458767306251,26,-87,0.001869,51,2025-02-12 01:22:49.000139,390,1.037,0.0011,"aoml_navis",1028.79924775608
"7901009",61,0,1,0.026166,1,0.003738,1,105.67444285222,1,4.85998541921587,392,1,10.6560001373291,35.2709999084473,0.0261659994721413,0,101.902099609375,-87.2588,25.8333,9.93485729682908,63,63,63,63,61,63,0,8046,1.33458767306251,26,-87,0.001869,51,2025-02-12 01:22:49.000139,392,1.037,0.0011,"aoml_navis",1028.80967095714
"7901009",61,0,1,0.026166,1,0.003738,1,105.86774466543,1,4.85993008967513,394,1,10.6160001754761,35.2649993896484,0.0261659994721413,0,102.088500976562,-87.2588,25.8333,9.93485729682908,63,63,63,63,61,63,0,8046,1.33458767306251,26,-87,0.001869,51,2025-02-12 01:22:49.000139,394,1.037,0.0011,"aoml_navis",1028.82138379366
"7901009",61,0,1,0.024297,1,0.001869,1,106.040404516023,1,4.8598809500666,396,1,10.5830001831055,35.2589988708496,0.0242970008403063,0,102.254997253418,-87.2588,25.8333,9.93485729682908,63,63,63,63,61,63,0,8046,1.33458767306251,26,-87,0.001869,51,2025-02-12 01:22:49.000139,396,1.037,0.0011,"aoml_navis",1028.83178649293
"7901009",61,0,1,0.026166,1,0.003738,1,106.29613857416,1,4.85983166528593,398,1,10.5539999008179,35.2540016174316,0.0261659994721413,0,102.501602172852,-87.2588,25.8333,9.93485729682908,63,63,63,63,61,63,0,8046,1.33458767306251,26,-87,0.001869,51,2025-02-12 01:22:49.000139,398,1.037,0.0011,"aoml_navis",1028.842220136
"7901009",61,0,1,0.028035,1,0.005607,1,106.705963419547,1,4.85976991378927,400,1,10.4980001449585,35.2459983825684,0.0280349999666214,0,102.896797180176,-87.2588,25.8333,9.93485729682908,63,63,63,63,61,63,0,8046,1.33458767306251,26,-87,0.001869,51,2025-02-12 01:22:49.000139,400,1.037,0.0011,"aoml_navis",1028.85529329544
"7901009",61,0,1,0.029904,1,0.007476,1,107.098785743789,1,4.85969779610903,402,1,10.4130001068115,35.234001159668,0.0299040004611015,0,103.275596618652,-87.2588,25.8333,9.93485729682908,63,63,63,63,61,63,0,8046,1.33458767306251,26,-87,0.001869,51,2025-02-12 01:22:49.000139,402,1.037,0.0011,"aoml_navis",1028.87056145823
"7901009",61,0,4,0.022428,1,0,1,107.398382983509,1,4.85964092741771,404,1,10.3579998016357,35.2249984741211,0.0224280003458261,0,103.564498901367,-87.2588,25.8333,9.93485729682908,63,63,63,63,61,63,0,8046,1.33458767306251,26,-87,0.001869,51,2025-02-12 01:22:49.000139,404,1.037,0.0011,"aoml_navis",1028.88260154992
"7901009",61,0,1,0.029904,1,0.007476,1,107.700986718359,1,4.85958804859948,406,1,10.3159999847412,35.2179985046387,0.0299040004611015,0,103.856300354004,-87.2588,25.8333,9.93485729682908,63,63,63,63,61,63,0,8046,1.33458767306251,26,-87,0.001869,51,2025-02-12 01:22:49.000139,406,1.037,0.0011,"aoml_navis",1028.89379716888
"7901009",61,0,1,0.028035,1,0.005607,1,108.158725601925,1,4.85954339394513,408,1,10.2919998168945,35.2130012512207,0.0280349999666214,0,104.297698974609,-87.2588,25.8333,9.93485729682908,63,63,63,63,61,63,0,8046,1.33458767306251,26,-87,0.001869,51,2025-02-12 01:22:49.000139,408,1.037,0.0011,"aoml_navis",1028.90325173963
"7901009",61,0,1,0.026166,1,0.003738,1,108.745055446939,1,4.85948656400465,410,1,10.2410001754761,35.2050018310547,0.0261659994721413,0,104.863098144531,-87.2588,25.8333,9.93485729682908,63,63,63,63,61,63,0,8046,1.33458767306251,26,-87,0.001869,51,2025-02-12 01:22:49.000139,410,1.037,0.0011,"aoml_navis",1028.9152843916
"7901009",61,0,1,0.031773,1,0.009345,1,109.386870950763,1,4.85942423531902,412,1,10.1619997024536,35.1920013427734,0.0317730009555817,0,105.482002258301,-87.2588,25.8333,9.93485729682908,63,63,63,63,61,63,0,8046,1.33458767306251,26,-87,0.001869,51,2025-02-12 01:22:49.000139,412,1.037,0.0011,"aoml_navis",1028.92848162119
"7901009",61,0,1,0.028035,1,0.005607,1,109.898742570331,1,4.85936140426827,414,1,10.0950002670288,35.181999206543,0.0280349999666214,0,105.975601196289,-87.2588,25.8333,9.93485729682908,63,63,63,63,61,63,0,8046,1.33458767306251,26,-87,0.001869,51,2025-02-12 01:22:49.000139,414,1.037,0.0011,"aoml_navis",1028.94178556223
"7901009",61,0,1,0.026166,1,0.003738,1,110.001406467196,1,4.85929747808732,415.899993896484,1,10.0240001678467,35.1720008850098,0.0261659994721413,0,106.074600219727,-87.2588,25.8333,9.93485729682908,63,63,63,63,61,63,0,8046,1.33458767306251,26,-87,0.001869,51,2025-02-12 01:22:49.000139,415.899993896484,1.037,0.0011,"aoml_navis",1028.95532174088
"7901009",61,0,1,0.024297,1,0.001869,1,109.661158248585,1,4.85923913192565,418,1,9.97299957275391,35.1640014648438,0.0242970008403063,0,105.74649810791,-87.2588,25.8333,9.93485729682908,63,63,63,63,61,63,0,8046,1.33458767306251,26,-87,0.001869,51,2025-02-12 01:22:49.000139,418,1.037,0.0011,"aoml_navis",1028.96767667793
"7901009",61,0,1,0.028035,1,0.005607,1,109.189834754128,1,4.85916751737309,420,1,9.90799999237061,35.1570014953613,0.0280349999666214,0,105.291999816895,-87.2588,25.8333,9.93485729682908,63,63,63,63,61,63,0,8046,1.33458767306251,26,-87,0.001869,51,2025-02-12 01:22:49.000139,420,1.037,0.0011,"aoml_navis",1028.98284163355
"7901009",61,0,1,0.026166,1,0.003738,1,108.850005862469,1,4.85911731744396,422,1,9.89000034332275,35.1549987792969,0.0261659994721413,0,104.964302062988,-87.2588,25.8333,9.93485729682908,63,63,63,63,61,63,0,8046,1.33458767306251,26,-87,0.001869,51,2025-02-12 01:22:49.000139,422,1.037,0.0011,"aoml_navis",1028.99347213748
"7901009",61,0,1,0.028035,1,0.005607,1,108.344455794505,1,4.85906681326157,424,1,9.87600040435791,35.1539993286133,0.0280349999666214,0,104.47679901123,-87.2588,25.8333,9.93485729682908,63,63,63,63,61,63,0,8046,1.33458767306251,26,-87,0.001869,51,2025-02-12 01:22:49.000139,424,1.037,0.0011,"aoml_navis",1029.00416729274
"7901009",61,0,1,0.024297,1,0.001869,1,108.002451149791,1,4.8590157775691,426,1,9.85700035095215,35.1520004272461,0.0242970008403063,0,104.147003173828,-87.2588,25.8333,9.93485729682908,63,63,63,63,61,63,0,8046,1.33458767306251,26,-87,0.001869,51,2025-02-12 01:22:49.000139,426,1.037,0.0011,"aoml_navis",1029.01497523053
"7901009",61,0,1,0.029904,1,0.007476,1,107.960866575044,1,4.8589588645227,428,1,9.83100032806396,35.1500015258789,0.0299040004611015,0,104.106903076172,-87.2588,25.8333,9.93485729682908,63,63,63,63,61,63,0,8046,1.33458767306251,26,-87,0.001869,51,2025-02-12 01:22:49.000139,428,1.037,0.0011,"aoml_navis",1029.0270280959
"7901009",61,0,1,0.024297,1,0.001869,1,108.048078669306,1,4.85889370113642,430,1,9.7819995880127,35.1450004577637,0.0242970008403063,0,104.19100189209,-87.2588,25.8333,9.93485729682908,63,63,63,63,61,63,0,8046,1.33458767306251,26,-87,0.001869,51,2025-02-12 01:22:49.000139,430,1.037,0.0011,"aoml_navis",1029.04082853893
"7901009",61,0,1,0.024297,1,0.001869,1,108.037911968668,1,4.85884390788308,432,1,9.76000022888184,35.1419982910156,0.0242970008403063,0,104.181198120117,-87.2588,25.8333,9.93485729682908,63,63,63,63,61,63,0,8046,1.33458767306251,26,-87,0.001869,51,2025-02-12 01:22:49.000139,432,1.037,0.0011,"aoml_navis",1029.05137411142
"7901009",61,0,1,0.028035,1,0.005607,1,107.996746720873,1,4.85879076935048,434,1,9.73400020599365,35.1389999389648,0.0280349999666214,0,104.141502380371,-87.2588,25.8333,9.93485729682908,63,63,63,63,61,63,0,8046,1.33458767306251,26,-87,0.001869,51,2025-02-12 01:22:49.000139,434,1.037,0.0011,"aoml_navis",1029.06262840958
"7901009",61,0,1,0.028035,1,0.005607,1,107.96625453079,1,4.85873131650202,436,1,9.69600009918213,35.1349983215332,0.0280349999666214,0,104.112098693848,-87.2588,25.8333,9.93485729682908,63,63,63,63,61,63,0,8046,1.33458767306251,26,-87,0.001869,51,2025-02-12 01:22:49.000139,436,1.037,0.0011,"aoml_navis",1029.07522031897
"7901009",61,0,1,0.028035,1,0.005607,1,107.84647734717,1,4.85868174497961,438,1,9.68299961090088,35.1339988708496,0.0280349999666214,0,103.996597290039,-87.2588,25.8333,9.93485729682908,63,63,63,63,61,63,0,8046,1.33458767306251,26,-87,0.001869,51,2025-02-12 01:22:49.000139,438,1.037,0.0011,"aoml_navis",1029.08571963299
"7901009",61,0,1,0.026166,1,0.003738,1,107.823564689547,1,4.85863585560269,440,1,9.67000007629395,35.1319999694824,0.0261659994721413,0,103.974502563477,-87.2588,25.8333,9.93485729682908,63,63,63,63,61,63,0,8046,1.33458767306251,26,-87,0.001869,51,2025-02-12 01:22:49.000139,440,1.037,0.0011,"aoml_navis",1029.09543925468
"7901009",61,0,1,0.028035,1,0.005607,1,107.720687173291,1,4.85858546267622,442,1,9.6560001373291,35.1310005187988,0.0280349999666214,0,103.875297546387,-87.2588,25.8333,9.93485729682908,63,63,63,63,61,63,0,8046,1.33458767306251,26,-87,0.001869,51,2025-02-12 01:22:49.000139,442,1.037,0.0011,"aoml_navis",1029.10611296439
"7901009",61,0,1,0.029904,1,0.007476,1,107.576755174849,1,4.85854174671649,444,1,9.64999961853027,35.1300010681152,0.0299040004611015,0,103.736503601074,-87.2588,25.8333,9.93485729682908,63,63,63,63,61,63,0,8046,1.33458767306251,26,-87,0.001869,51,2025-02-12 01:22:49.000139,444,1.037,0.0011,"aoml_navis",1029.11537260725
"7901009",61,0,1,0.026166,1,0.003738,1,107.382931180906,1,4.8584935243662,446,1,9.64299964904785,35.1300010681152,0.0261659994721413,0,103.549598693848,-87.2588,25.8333,9.93485729682908,63,63,63,63,61,63,0,8046,1.33458767306251,26,-87,0.001869,51,2025-02-12 01:22:49.000139,446,1.037,0.0011,"aoml_navis",1029.12558695903
"7901009",61,0,1,0.029904,1,0.007476,1,107.142862544763,1,4.85844447132923,448,1,9.63500022888184,35.1300010681152,0.0299040004611015,0,103.318099975586,-87.2588,25.8333,9.93485729682908,63,63,63,63,61,63,0,8046,1.33458767306251,26,-87,0.001869,51,2025-02-12 01:22:49.000139,448,1.037,0.0011,"aoml_navis",1029.13597747306
"7901009",61,0,1,0.028035,1,0.005607,1,107.068712880658,1,4.85839826241409,450,1,9.62600040435791,35.1290016174316,0.0280349999666214,0,103.246597290039,-87.2588,25.8333,9.93485729682908,63,63,63,63,61,63,0,8046,1.33458767306251,26,-87,0.001869,51,2025-02-12 01:22:49.000139,450,1.037,0.0011,"aoml_navis",1029.14576573135
"7901009",61,0,1,0.028035,1,0.005607,1,107.1813377706,1,4.85835074772606,452,1,9.61100006103516,35.1269989013672,0.0280349999666214,0,103.355201721191,-87.2588,25.8333,9.93485729682908,63,63,63,63,61,63,0,8046,1.33458767306251,26,-87,0.001869,51,2025-02-12 01:22:49.000139,452,1.037,0.0011,"aoml_navis",1029.15583078069
"7901009",61,0,1,0.029904,1,0.007476,1,107.434682456291,1,4.85829228070203,454,1,9.57400035858154,35.1230010986328,0.0299040004611015,0,103.599502563477,-87.2588,25.8333,9.93485729682908,63,63,63,63,61,63,0,8046,1.33458767306251,26,-87,0.001869,51,2025-02-12 01:22:49.000139,454,1.037,0.0011,"aoml_navis",1029.16821613653
"7901009",61,0,1,0.029904,1,0.007476,1,107.770151930011,1,4.85824419699632,456,1,9.54500007629395,35.1180000305176,0.0299040004611015,0,103.922996520996,-87.2588,25.8333,9.93485729682908,63,63,63,63,61,63,0,8046,1.33458767306251,26,-87,0.001869,51,2025-02-12 01:22:49.000139,456,1.037,0.0011,"aoml_navis",1029.17840216663
"7901009",61,0,1,0.029904,1,0.007476,1,108.098682729444,1,4.85818998577875,458,1,9.51299953460693,35.1139984130859,0.0299040004611015,0,104.239799499512,-87.2588,25.8333,9.93485729682908,63,63,63,63,61,63,0,8046,1.33458767306251,26,-87,0.001869,51,2025-02-12 01:22:49.000139,458,1.037,0.0011,"aoml_navis",1029.18988648784
"7901009",61,0,1,0.029904,1,0.007476,1,108.474708240104,1,4.85812370343309,460,1,9.45300006866455,35.1069984436035,0.0299040004611015,0,104.602401733398,-87.2588,25.8333,9.93485729682908,63,63,63,63,61,63,0,8046,1.33458767306251,26,-87,0.001869,51,2025-02-12 01:22:49.000139,460,1.037,0.0011,"aoml_navis",1029.20392835338
"7901009",61,0,1,0.028035,1,0.005607,1,108.751487764152,1,4.85806416548265,462,1,9.40100002288818,35.0999984741211,0.0280349999666214,0,104.869300842285,-87.2588,25.8333,9.93485729682908,63,63,63,63,61,63,0,8046,1.33458767306251,26,-87,0.001869,51,2025-02-12 01:22:49.000139,462,1.037,0.0011,"aoml_navis",1029.21654175048
"7901009",61,0,1,0.028035,1,0.005607,1,108.989792062363,1,4.8580138099211,464,1,9.36900043487549,35.0950012207031,0.0280349999666214,0,105.099098205566,-87.2588,25.8333,9.93485729682908,63,63,63,63,61,63,0,8046,1.33458767306251,26,-87,0.001869,51,2025-02-12 01:22:49.000139,464,1.037,0.0011,"aoml_navis",1029.22721005629
"7901009",61,0,4,0.022428,1,0,1,109.257029920287,1,4.85796393687261,466,1,9.34200000762939,35.0909996032715,0.0224280003458261,0,105.356796264648,-87.2588,25.8333,9.93485729682908,63,63,63,63,61,63,0,8046,1.33458767306251,26,-87,0.001869,51,2025-02-12 01:22:49.000139,466,1.037,0.0011,"aoml_navis",1029.23777635509
"7901009",61,0,1,0.028035,1,0.005607,1,109.517637665267,1,4.85791039414672,468,1,9.30599975585938,35.0859985351562,0.0280349999666214,0,105.608100891113,-87.2588,25.8333,9.93485729682908,63,63,63,63,61,63,0,8046,1.33458767306251,26,-87,0.001869,51,2025-02-12 01:22:49.000139,468,1.037,0.0011,"aoml_navis",1029.24912036757
"7901009",61,0,1,0.029904,1,0.007476,1,109.779068240492,1,4.85785770945077,470,1,9.27099990844727,35.0810012817383,0.0299040004611015,0,105.860198974609,-87.2588,25.8333,9.93485729682908,63,63,63,63,61,63,0,8046,1.33458767306251,26,-87,0.001869,51,2025-02-12 01:22:49.000139,470,1.037,0.0011,"aoml_navis",1029.2602828347
"7901009",61,0,1,0.029904,1,0.007476,1,109.951522383524,1,4.85780386152693,472,1,9.23900032043457,35.0769996643066,0.0299040004611015,0,106.026496887207,-87.2588,25.8333,9.93485729682908,63,63,63,63,61,63,0,8046,1.33458767306251,26,-87,0.001869,51,2025-02-12 01:22:49.000139,472,1.037,0.0011,"aoml_navis",1029.27169200865
"7901009",61,0,1,0.026166,1,0.003738,1,110.15322655944,1,4.85775170587231,474,1,9.19999980926514,35.0709991455078,0.0261659994721413,0,106.221000671387,-87.2588,25.8333,9.93485729682908,63,63,63,63,61,63,0,8046,1.33458767306251,26,-87,0.001869,51,2025-02-12 01:22:49.000139,474,1.037,0.0011,"aoml_navis",1029.28274286966
"7901009",61,0,1,0.028035,1,0.005607,1,110.231830583435,1,4.85769961554166,476,1,9.16100025177002,35.064998626709,0.0280349999666214,0,106.296798706055,-87.2588,25.8333,9.93485729682908,63,63,63,63,61,63,0,8046,1.33458767306251,26,-87,0.001869,51,2025-02-12 01:22:49.000139,476,1.037,0.0011,"aoml_navis",1029.29378012652
"7901009",61,0,1,0.026166,1,0.003738,1,110.545843176121,1,4.85762298075515,478,1,9.07800006866455,35.0559997558594,0.0261659994721413,0,106.599601745605,-87.2588,25.8333,9.93485729682908,63,63,63,63,61,63,0,8046,1.33458767306251,26,-87,0.001869,51,2025-02-12 01:22:49.000139,478,1.037,0.0011,"aoml_navis",1029.31001846148
"7901009",61,0,1,0.026166,1,0.003738,1,110.852070528785,1,4.85756025266882,480,1,9.02099990844727,35.048999786377,0.0261659994721413,0,106.894897460938,-87.2588,25.8333,9.93485729682908,63,63,63,63,61,63,0,8046,1.33458767306251,26,-87,0.001869,51,2025-02-12 01:22:49.000139,480,1.037,0.0011,"aoml_navis",1029.32331045259
"7901009",61,0,1,0.029904,1,0.007476,1,111.18993728678,1,4.85751076691073,482,1,8.99400043487549,35.0449981689453,0.0299040004611015,0,107.220703125,-87.2588,25.8333,9.93485729682908,63,63,63,63,61,63,0,8046,1.33458767306251,26,-87,0.001869,51,2025-02-12 01:22:49.000139,482,1.037,0.0011,"aoml_navis",1029.33379665567
"7901009",61,0,1,0.028035,1,0.005607,1,111.544078677625,1,4.85745627499921,484,1,8.94699954986572,35.0379981994629,0.0280349999666214,0,107.562202453613,-87.2588,25.8333,9.93485729682908,63,63,63,63,61,63,0,8046,1.33458767306251,26,-87,0.001869,51,2025-02-12 01:22:49.000139,484,1.037,0.0011,"aoml_navis",1029.34534392712
"7901009",61,0,1,0.029904,1,0.007476,1,111.867419317043,1,4.85739163137121,486,1,8.87800025939941,35.0289993286133,0.0299040004611015,0,107.874000549316,-87.2588,25.8333,9.93485729682908,63,63,63,63,61,63,0,8046,1.33458767306251,26,-87,0.001869,51,2025-02-12 01:22:49.000139,486,1.037,0.0011,"aoml_navis",1029.35904276438
"7901009",61,0,1,0.029904,1,0.007476,1,112.040189933247,1,4.85733130801874,488,1,8.82800006866455,35.0229988098145,0.0299040004611015,0,108.040603637695,-87.2588,25.8333,9.93485729682908,63,63,63,63,61,63,0,8046,1.33458767306251,26,-87,0.001869,51,2025-02-12 01:22:49.000139,488,1.037,0.0011,"aoml_navis",1029.37182640718
"7901009",61,0,1,0.026166,1,0.003738,1,112.259830226163,1,4.85725547500005,490,1,8.76299953460693,35.0180015563965,0.0261659994721413,0,108.252403259277,-87.2588,25.8333,9.93485729682908,63,63,63,63,61,63,0,8046,1.33458767306251,26,-87,0.001869,51,2025-02-12 01:22:49.000139,490,1.037,0.0011,"aoml_navis",1029.38789728781
"7901009",61,0,1,0.029904,1,0.007476,1,112.439539516653,1,4.85720389887399,492,1,8.73299980163574,35.0139999389648,0.0299040004611015,0,108.42569732666,-87.2588,25.8333,9.93485729682908,63,63,63,63,61,63,0,8046,1.33458767306251,26,-87,0.001869,51,2025-02-12 01:22:49.000139,492,1.037,0.0011,"aoml_navis",1029.39882782337
"7901009",61,0,1,0.028035,1,0.005607,1,112.718811266927,1,4.85714151922354,494,1,8.68000030517578,35.007999420166,0.0280349999666214,0,108.694999694824,-87.2588,25.8333,9.93485729682908,63,63,63,63,61,63,0,8046,1.33458767306251,26,-87,0.001869,51,2025-02-12 01:22:49.000139,494,1.037,0.0011,"aoml_navis",1029.41204826152
"7901009",61,0,1,0.028035,1,0.005607,1,112.959085610632,1,4.85707216904111,496,1,8.61800003051758,35.0019989013672,0.0280349999666214,0,108.926696777344,-87.2588,25.8333,9.93485729682908,63,63,63,63,61,63,0,8046,1.33458767306251,26,-87,0.001869,51,2025-02-12 01:22:49.000139,496,1.037,0.0011,"aoml_navis",1029.42674639877
"7901009",61,0,1,0.029904,1,0.007476,1,113.015607719079,1,4.85701418411148,498,1,8.58899974822998,35,0.0299040004611015,0,108.981201171875,-87.2588,25.8333,9.93485729682908,63,63,63,63,61,63,0,8046,1.33458767306251,26,-87,0.001869,51,2025-02-12 01:22:49.000139,498,1.037,0.0011,"aoml_navis",1029.43903609676
"7901009",61,0,1,0.033642,1,0.011214,1,113.125218202061,1,4.85695755895964,500,1,8.55700016021729,34.9970016479492,0.0336420014500618,0,109.086898803711,-87.2588,25.8333,9.93485729682908,63,63,63,63,61,63,0,8046,1.33458767306251,26,-87,0.001869,51,2025-02-12 01:22:49.000139,500,1.037,0.0011,"aoml_navis",1029.45103787792
"7901009",61,0,1,0.031773,1,0.009345,1,113.191693391754,1,4.85690828671445,502,1,8.53899955749512,34.9949989318848,0.0317730009555817,0,109.151000976562,-87.2588,25.8333,9.93485729682908,63,63,63,63,61,63,0,8046,1.33458767306251,26,-87,0.001869,51,2025-02-12 01:22:49.000139,502,1.037,0.0011,"aoml_navis",1029.4614814278
"7901009",61,0,4,0.022428,1,0,1,113.369124075409,1,4.85685564221122,504,1,8.51200008392334,34.992000579834,0.0224280003458261,0,109.32209777832,-87.2588,25.8333,9.93485729682908,63,63,63,63,61,63,0,8046,1.33458767306251,26,-87,0.001869,51,2025-02-12 01:22:49.000139,504,1.037,0.0011,"aoml_navis",1029.47263998228
"7901009",61,0,1,0.028035,1,0.005607,1,113.594674504805,1,4.85678673677326,506,1,8.44999980926514,34.9860000610352,0.0280349999666214,0,109.539596557617,-87.2588,25.8333,9.93485729682908,63,63,63,63,61,63,0,8046,1.33458767306251,26,-87,0.001869,51,2025-02-12 01:22:49.000139,506,1.037,0.0011,"aoml_navis",1029.4872455779
"7901009",61,0,1,0.026166,1,0.003738,1,113.686040309444,1,4.85673440640447,508,1,8.42800045013428,34.984001159668,0.0261659994721413,0,109.627700805664,-87.2588,25.8333,9.93485729682908,63,63,63,63,61,63,0,8046,1.33458767306251,26,-87,0.001869,51,2025-02-12 01:22:49.000139,508,1.037,0.0011,"aoml_navis",1029.49833810278
"7901009",61,0,1,0.026166,1,0.003738,1,113.70792442926,1,4.85668797486119,510,1,8.42300033569336,34.984001159668,0.0261659994721413,0,109.648803710938,-87.2588,25.8333,9.93485729682908,63,63,63,63,61,63,0,8046,1.33458767306251,26,-87,0.001869,51,2025-02-12 01:22:49.000139,510,1.037,0.0011,"aoml_navis",1029.50818044738
"7901009",61,0,1,0.029904,1,0.007476,1,113.734880031651,1,4.8566421095301,512,1,8.41399955749512,34.9830017089844,0.0299040004611015,0,109.674797058105,-87.2588,25.8333,9.93485729682908,63,63,63,63,61,63,0,8046,1.33458767306251,26,-87,0.001869,51,2025-02-12 01:22:49.000139,512,1.037,0.0011,"aoml_navis",1029.51790295369
"7901009",61,0,1,0.028035,1,0.005607,1,113.762365726604,1,4.85659859983463,514,1,8.40799999237061,34.9819984436035,0.0280349999666214,0,109.701301574707,-87.2588,25.8333,9.93485729682908,63,63,63,63,61,63,0,8046,1.33458767306251,26,-87,0.001869,51,2025-02-12 01:22:49.000139,514,1.037,0.0011,"aoml_navis",1029.52712628345
"7901009",61,0,1,0.029904,1,0.007476,1,113.835573883023,1,4.85655330809006,516,1,8.39500045776367,34.9799995422363,0.0299040004611015,0,109.771896362305,-87.2588,25.8333,9.93485729682908,63,63,63,63,61,63,0,8046,1.33458767306251,26,-87,0.001869,51,2025-02-12 01:22:49.000139,516,1.037,0.0011,"aoml_navis",1029.53672755347
"7901009",61,0,1,0.026166,1,0.003738,1,113.929946182793,1,4.85650646533958,518,1,8.38000011444092,34.9780006408691,0.0261659994721413,0,109.862899780273,-87.2588,25.8333,9.93485729682908,63,63,63,63,61,63,0,8046,1.33458767306251,26,-87,0.001869,51,2025-02-12 01:22:49.000139,518,1.037,0.0011,"aoml_navis",1029.54665780526
"7901009",61,0,1,0.026166,1,0.003738,1,114.011556701918,1,4.85644408848984,520,1,8.34500026702881,34.976001739502,0.0261659994721413,0,109.941596984863,-87.2588,25.8333,9.93485729682908,63,63,63,63,61,63,0,8046,1.33458767306251,26,-87,0.001869,51,2025-02-12 01:22:49.000139,520,1.037,0.0011,"aoml_navis",1029.55988144709
"7901009",61,0,1,0.033642,1,0.011214,1,114.005646565438,1,4.85639573555305,522,1,8.32800006866455,34.9739990234375,0.0336420014500618,0,109.935897827148,-87.2588,25.8333,9.93485729682908,63,63,63,63,61,63,0,8046,1.33458767306251,26,-87,0.001869,51,2025-02-12 01:22:49.000139,522,1.037,0.0011,"aoml_navis",1029.57013230937
"7901009",61,0,1,0.028035,1,0.005607,1,114.061132224248,1,4.85635145225636,524,1,8.32100009918213,34.9729995727539,0.0280349999666214,0,109.989402770996,-87.2588,25.8333,9.93485729682908,63,63,63,63,61,63,0,8046,1.33458767306251,26,-87,0.001869,51,2025-02-12 01:22:49.000139,524,1.037,0.0011,"aoml_navis",1029.57952058369
"7901009",61,0,1,0.028035,1,0.005607,1,114.087573557735,1,4.85630154976174,526,1,8.30200004577637,34.9710006713867,0.0280349999666214,0,110.01490020752,-87.2588,25.8333,9.93485729682908,63,63,63,63,61,63,0,8046,1.33458767306251,26,-87,0.001869,51,2025-02-12 01:22:49.000139,526,1.037,0.0011,"aoml_navis",1029.59010036049
"7901009",61,0,1,0.033642,1,0.011214,1,114.168464100395,1,4.85624565506541,528,1,8.27999973297119,34.9700012207031,0.0336420014500618,0,110.092903137207,-87.2588,25.8333,9.93485729682908,63,63,63,63,61,63,0,8046,1.33458767306251,26,-87,0.001869,51,2025-02-12 01:22:49.000139,528,1.037,0.0011,"aoml_navis",1029.60195079601
"7901009",61,0,1,0.029904,1,0.007476,1,114.259616285643,1,4.85619656956717,530,1,8.26200008392334,34.9679985046387,0.0299040004611015,0,110.180801391602,-87.2588,25.8333,9.93485729682908,63,63,63,63,61,63,0,8046,1.33458767306251,26,-87,0.001869,51,2025-02-12 01:22:49.000139,530,1.037,0.0011,"aoml_navis",1029.61235781393
"7901009",61,0,1,0.033642,1,0.011214,1,114.475110780012,1,4.85613572008691,532,1,8.22399997711182,34.9650001525879,0.0336420014500618,0,110.388603210449,-87.2588,25.8333,9.93485729682908,63,63,63,63,61,63,0,8046,1.33458767306251,26,-87,0.001869,51,2025-02-12 01:22:49.000139,532,1.037,0.0011,"aoml_navis",1029.62525930196
"7901009",61,0,1,0.029904,1,0.007476,1,114.715796538839,1,4.85608742952715,534,1,8.20699977874756,34.9630012512207,0.0299040004611015,0,110.620697021484,-87.2588,25.8333,9.93485729682908,63,63,63,63,61,63,0,8046,1.33458767306251,26,-87,0.001869,51,2025-02-12 01:22:49.000139,534,1.037,0.0011,"aoml_navis",1029.63549824037
"7901009",61,0,1,0.028035,1,0.005607,1,114.992789682278,1,4.8560288241702,536,1,8.16699981689453,34.9589996337891,0.0280349999666214,0,110.887802124023,-87.2588,25.8333,9.93485729682908,63,63,63,63,61,63,0,8046,1.33458767306251,26,-87,0.001869,51,2025-02-12 01:22:49.000139,536,1.037,0.0011,"aoml_navis",1029.64792447549
"7901009",61,0,1,0.028035,1,0.005607,1,115.295496270909,1,4.85595633209996,538,1,8.10400009155273,34.9539985656738,0.0280349999666214,0,111.179702758789,-87.2588,25.8333,9.93485729682908,63,63,63,63,61,63,0,8046,1.33458767306251,26,-87,0.001869,51,2025-02-12 01:22:49.000139,538,1.037,0.0011,"aoml_navis",1029.66329555887
"7901009",61,0,1,0.029904,1,0.007476,1,115.320378974025,1,4.8559003239089,540,1,8.07199954986572,34.951000213623,0.0299040004611015,0,111.20369720459,-87.2588,25.8333,9.93485729682908,63,63,63,63,61,63,0,8046,1.33458767306251,26,-87,0.001869,51,2025-02-12 01:22:49.000139,540,1.037,0.0011,"aoml_navis",1029.67517174551
"7901009",61,0,1,0.029904,1,0.007476,1,115.34360810482,1,4.85585240930022,542,1,8.0649995803833,34.951000213623,0.0299040004611015,0,111.226097106934,-87.2588,25.8333,9.93485729682908,63,63,63,63,61,63,0,8046,1.33458767306251,26,-87,0.001869,51,2025-02-12 01:22:49.000139,542,1.037,0.0011,"aoml_navis",1029.68533195607
"7901009",61,0,1,0.031773,1,0.009345,1,115.314468837546,1,4.85580435933358,544,1,8.05300045013428,34.9500007629395,0.0317730009555817,0,111.197998046875,-87.2588,25.8333,9.93485729682908,63,63,63,63,61,63,0,8046,1.33458767306251,26,-87,0.001869,51,2025-02-12 01:22:49.000139,544,1.037,0.0011,"aoml_navis",1029.69552107042
"7901009",61,0,1,0.031773,1,0.009345,1,115.378348947232,1,4.85575262982186,546,1,8.04100036621094,34.9500007629395,0.0317730009555817,0,111.25959777832,-87.2588,25.8333,9.93485729682908,63,63,63,63,61,63,0,8046,1.33458767306251,26,-87,0.001869,51,2025-02-12 01:22:49.000139,546,1.037,0.0011,"aoml_navis",1029.70649066681
"7901009",61,0,1,0.029904,1,0.007476,1,115.442126203138,1,4.85570216661214,548,1,8.02099990844727,34.9480018615723,0.0299040004611015,0,111.321098327637,-87.2588,25.8333,9.93485729682908,63,63,63,63,61,63,0,8046,1.33458767306251,26,-87,0.001869,51,2025-02-12 01:22:49.000139,548,1.037,0.0011,"aoml_navis",1029.71719196042
"7901009",61,0,1,0.029904,1,0.007476,1,115.611993177992,1,4.85565325790726,550,1,8.00300025939941,34.9459991455078,0.0299040004611015,0,111.484901428223,-87.2588,25.8333,9.93485729682908,63,63,63,63,61,63,0,8046,1.33458767306251,26,-87,0.001869,51,2025-02-12 01:22:49.000139,550,1.037,0.0011,"aoml_navis",1029.72756381599
"7901009",61,0,1,0.029904,1,0.007476,1,115.901320863293,1,4.85558976424109,552,1,7.96099996566772,34.943000793457,0.0299040004611015,0,111.763900756836,-87.2588,25.8333,9.93485729682908,63,63,63,63,61,63,0,8046,1.33458767306251,26,-87,0.001869,51,2025-02-12 01:22:49.000139,552,1.037,0.0011,"aoml_navis",1029.74102895233
"7901009",61,0,1,0.029904,1,0.007476,1,116.152276176539,1,4.85552549395735,554,1,7.91300010681152,34.9389991760254,0.0299040004611015,0,112.005897521973,-87.2588,25.8333,9.93485729682908,63,63,63,63,61,63,0,8046,1.33458767306251,26,-87,0.001869,51,2025-02-12 01:22:49.000139,554,1.037,0.0011,"aoml_navis",1029.75465914502
"7901009",61,0,1,0.029904,1,0.007476,1,116.394837038908,1,4.8554599904035,556,1,7.8730001449585,34.9370002746582,0.0299040004611015,0,112.239799499512,-87.2588,25.8333,9.93485729682908,63,63,63,63,61,63,0,8046,1.33458767306251,26,-87,0.001869,51,2025-02-12 01:22:49.000139,556,1.037,0.0011,"aoml_navis",1029.76855125615
"7901009",61,0,1,0.028035,1,0.005607,1,116.744935484985,1,4.85538986934883,558,1,7.81699991226196,34.9329986572266,0.0280349999666214,0,112.57740020752,-87.2588,25.8333,9.93485729682908,63,63,63,63,61,63,0,8046,1.33458767306251,26,-87,0.001869,51,2025-02-12 01:22:49.000139,558,1.037,0.0011,"aoml_navis",1029.78342307053
"7901009",61,0,1,0.026166,1,0.003738,1,117.01528269182,1,4.85531543644959,560,1,7.76000022888184,34.9300003051758,0.0261659994721413,0,112.838096618652,-87.2588,25.8333,9.93485729682908,63,63,63,63,61,63,0,8046,1.33458767306251,26,-87,0.001869,51,2025-02-12 01:22:49.000139,560,1.037,0.0011,"aoml_navis",1029.79920984417
"7901009",61,0,1,0.031773,1,0.009345,1,117.080310016754,1,4.85526826498545,562,1,7.74900007247925,34.9290008544922,0.0317730009555817,0,112.900802612305,-87.2588,25.8333,9.93485729682908,63,63,63,63,61,63,0,8046,1.33458767306251,26,-87,0.001869,51,2025-02-12 01:22:49.000139,562,1.037,0.0011,"aoml_navis",1029.80921488073
"7901009",61,0,1,0.029904,1,0.007476,1,117.294143026971,1,4.85521654495403,564,1,7.72700023651123,34.9269981384277,0.0299040004611015,0,113.107002258301,-87.2588,25.8333,9.93485729682908,63,63,63,63,61,63,0,8046,1.33458767306251,26,-87,0.001869,51,2025-02-12 01:22:49.000139,564,1.037,0.0011,"aoml_navis",1029.82018488886
"7901009",61,0,1,0.028035,1,0.005607,1,117.609184157465,1,4.85515066039298,566,1,7.69099998474121,34.9259986877441,0.0280349999666214,0,113.410797119141,-87.2588,25.8333,9.93485729682908,63,63,63,63,61,63,0,8046,1.33458767306251,26,-87,0.001869,51,2025-02-12 01:22:49.000139,566,1.037,0.0011,"aoml_navis",1029.8341595841
"7901009",61,0,1,0.028035,1,0.005607,1,117.78216048123,1,4.8550959864165,568,1,7.66499996185303,34.923999786377,0.0280349999666214,0,113.577598571777,-87.2588,25.8333,9.93485729682908,63,63,63,63,61,63,0,8046,1.33458767306251,26,-87,0.001869,51,2025-02-12 01:22:49.000139,568,1.037,0.0011,"aoml_navis",1029.84575670366
"7901009",61,0,1,0.029904,1,0.007476,1,118.001389359023,1,4.85504437043608,570,1,7.64799976348877,34.9230003356934,0.0299040004611015,0,113.789001464844,-87.2588,25.8333,9.93485729682908,63,63,63,63,61,63,0,8046,1.33458767306251,26,-87,0.001869,51,2025-02-12 01:22:49.000139,570,1.037,0.0011,"aoml_navis",1029.85670541892
"7901009",61,0,1,0.028035,1,0.005607,1,118.23461426283,1,4.85499570584907,572,1,7.63000011444092,34.9210014343262,0.0280349999666214,0,114.013900756836,-87.2588,25.8333,9.93485729682908,63,63,63,63,61,63,0,8046,1.33458767306251,26,-87,0.001869,51,2025-02-12 01:22:49.000139,572,1.037,0.0011,"aoml_navis",1029.86702830164
"7901009",61,0,1,0.029904,1,0.007476,1,118.547068225146,1,4.85494632188919,574,1,7.61100006103516,34.9189987182617,0.0299040004611015,0,114.315200805664,-87.2588,25.8333,9.93485729682908,63,63,63,63,61,63,0,8046,1.33458767306251,26,-87,0.001869,51,2025-02-12 01:22:49.000139,574,1.037,0.0011,"aoml_navis",1029.87750399151
"7901009",61,0,1,0.026166,1,0.003738,1,118.844695419373,1,4.85488280283457,576,1,7.57299995422363,34.9169998168945,0.0261659994721413,0,114.602203369141,-87.2588,25.8333,9.93485729682908,63,63,63,63,61,63,0,8046,1.33458767306251,26,-87,0.001869,51,2025-02-12 01:22:49.000139,576,1.037,0.0011,"aoml_navis",1029.8909784353
"7901009",61,0,1,0.033642,1,0.011214,1,119.016010258986,1,4.85483938946905,578,1,7.56199979782104,34.9150009155273,0.0336420014500618,0,114.767402648926,-87.2588,25.8333,9.93485729682908,63,63,63,63,61,63,0,8046,1.33458767306251,26,-87,0.001869,51,2025-02-12 01:22:49.000139,578,1.037,0.0011,"aoml_navis",1029.90018801566
"7901009",61,0,1,0.033642,1,0.011214,1,119.264370492225,1,4.85478561153629,580,1,7.54199981689453,34.9140014648438,0.0336420014500618,0,115.006896972656,-87.2588,25.8333,9.93485729682908,63,63,63,63,61,63,0,8046,1.33458767306251,26,-87,0.001869,51,2025-02-12 01:22:49.000139,580,1.037,0.0011,"aoml_navis",1029.91159653243
"7901009",61,0,1,0.029904,1,0.007476,1,119.550485974835,1,4.85473258427046,582,1,7.51800012588501,34.9119987487793,0.0299040004611015,0,115.28279876709,-87.2588,25.8333,9.93485729682908,63,63,63,63,61,63,0,8046,1.33458767306251,26,-87,0.001869,51,2025-02-12 01:22:49.000139,582,1.037,0.0011,"aoml_navis",1029.92284604928
"7901009",61,0,1,0.031773,1,0.009345,1,119.765980469203,1,4.85468180156526,584,1,7.5019998550415,34.9109992980957,0.0317730009555817,0,115.490600585938,-87.2588,25.8333,9.93485729682908,63,63,63,63,61,63,0,8046,1.33458767306251,26,-87,0.001869,51,2025-02-12 01:22:49.000139,584,1.037,0.0011,"aoml_navis",1029.93361962217
"7901009",61,0,1,0.026166,1,0.003738,1,120.031042574073,1,4.85463767565916,586,1,7.48999977111816,34.9090003967285,0.0261659994721413,0,115.746200561523,-87.2588,25.8333,9.93485729682908,63,63,63,63,61,63,0,8046,1.33458767306251,26,-87,0.001869,51,2025-02-12 01:22:49.000139,586,1.037,0.0011,"aoml_navis",1029.94298113527
"7901009",61,0,1,0.029904,1,0.007476,1,120.329492598546,1,4.85457876935472,588,1,7.45800018310547,34.9070014953613,0.0299040004611015,0,116.033996582031,-87.2588,25.8333,9.93485729682908,63,63,63,63,61,63,0,8046,1.33458767306251,26,-87,0.001869,51,2025-02-12 01:22:49.000139,588,1.037,0.0011,"aoml_navis",1029.95547864282
"7901009",61,0,1,0.028035,1,0.005607,1,120.52041295114,1,4.85452508386488,590,1,7.43800020217896,34.9059982299805,0.0280349999666214,0,116.218101501465,-87.2588,25.8333,9.93485729682908,63,63,63,63,61,63,0,8046,1.33458767306251,26,-87,0.001869,51,2025-02-12 01:22:49.000139,590,1.037,0.0011,"aoml_navis",1029.96686877129
"7901009",61,0,1,0.028035,1,0.005607,1,120.651179665643,1,4.85447434820315,592,1,7.42199993133545,34.9049987792969,0.0280349999666214,0,116.344200134277,-87.2588,25.8333,9.93485729682908,63,63,63,63,61,63,0,8046,1.33458767306251,26,-87,0.001869,51,2025-02-12 01:22:49.000139,592,1.037,0.0011,"aoml_navis",1029.97763328397
"7901009",61,0,1,0.029904,1,0.007476,1,120.823530954894,1,4.8544280437055,594,1,7.41200017929077,34.9039993286133,0.0299040004611015,0,116.510398864746,-87.2588,25.8333,9.93485729682908,63,63,63,63,61,63,0,8046,1.33458767306251,26,-87,0.001869,51,2025-02-12 01:22:49.000139,594,1.037,0.0011,"aoml_navis",1029.98745783929
"7901009",61,0,1,0.026166,1,0.003738,1,120.969543764438,1,4.85437805936842,596,1,7.39699983596802,34.9029998779297,0.0261659994721413,0,116.65119934082,-87.2588,25.8333,9.93485729682908,63,63,63,63,61,63,0,8046,1.33458767306251,26,-87,0.001869,51,2025-02-12 01:22:49.000139,596,1.037,0.0011,"aoml_navis",1029.99806336685
"7901009",61,0,1,0.031773,1,0.009345,1,121.11503439325,1,4.85433323622295,598,1,7.38899993896484,34.9020004272461,0.0317730009555817,0,116.791496276855,-87.2588,25.8333,9.93485729682908,63,63,63,63,61,63,0,8046,1.33458767306251,26,-87,0.001869,51,2025-02-12 01:22:49.000139,598,1.037,0.0011,"aoml_navis",1030.00757399391
"7901009",61,0,1,0.033642,1,0.011214,1,121.267273812446,1,4.85428841570807,600,1,7.38100004196167,34.9010009765625,0.0336420014500618,0,116.938301086426,-87.2588,25.8333,9.93485729682908,63,63,63,63,61,63,0,8046,1.33458767306251,26,-87,0.001869,51,2025-02-12 01:22:49.000139,600,1.037,0.0011,"aoml_navis",1030.01708423843
"7901009",61,0,1,0.031773,1,0.009345,1,121.501432312109,1,4.85424138252695,602,1,7.375,34.9010009765625,0.0317730009555817,0,117.164100646973,-87.2588,25.8333,9.93485729682908,63,63,63,63,61,63,0,8046,1.33458767306251,26,-87,0.001869,51,2025-02-12 01:22:49.000139,602,1.037,0.0011,"aoml_navis",1030.02706416655
"7901009",61,0,1,0.031773,1,0.009345,1,121.816687061994,1,4.8541958544048,604,1,7.36100006103516,34.898998260498,0.0317730009555817,0,117.468101501465,-87.2588,25.8333,9.93485729682908,63,63,63,63,61,63,0,8046,1.33458767306251,26,-87,0.001869,51,2025-02-12 01:22:49.000139,604,1.037,0.0011,"aoml_navis",1030.03672492178
"7901009",61,0,1,0.028035,1,0.005607,1,122.146246399234,1,4.85413416314203,606,1,7.32499980926514,34.8969993591309,0.0280349999666214,0,117.78589630127,-87.2588,25.8333,9.93485729682908,63,63,63,63,61,63,0,8046,1.33458767306251,26,-87,0.001869,51,2025-02-12 01:22:49.000139,606,1.037,0.0011,"aoml_navis",1030.04981567373
"7901009",61,0,1,0.033642,1,0.011214,1,122.397723893213,1,4.85408422614581,608,1,7.30999994277954,34.8959999084473,0.0336420014500618,0,118.028396606445,-87.2588,25.8333,9.93485729682908,63,63,63,63,61,63,0,8046,1.33458767306251,26,-87,0.001869,51,2025-02-12 01:22:49.000139,608,1.037,0.0011,"aoml_navis",1030.06041243954
"7901009",61,0,1,0.029904,1,0.007476,1,122.727291142283,1,4.854021116785,610,1,7.27699995040894,34.8950004577637,0.0299040004611015,0,118.346199035645,-87.2588,25.8333,9.93485729682908,63,63,63,63,61,63,0,8046,1.33458767306251,26,-87,0.001869,51,2025-02-12 01:22:49.000139,610,1.037,0.0011,"aoml_navis",1030.07380472866
"7901009",61,0,1,0.028035,1,0.005607,1,122.904832591548,1,4.8539690454692,612,1,7.25400018692017,34.8930015563965,0.0280349999666214,0,118.517402648926,-87.2588,25.8333,9.93485729682908,63,63,63,63,61,63,0,8046,1.33458767306251,26,-87,0.001869,51,2025-02-12 01:22:49.000139,612,1.037,0.0011,"aoml_navis",1030.08485492241
"7901009",61,0,1,0.024297,1,0.001869,1,123.011230871838,1,4.85392276497501,614,1,7.24900007247925,34.8930015563965,0.0242970008403063,0,118.620002746582,-87.2588,25.8333,9.93485729682908,63,63,63,63,61,63,0,8046,1.33458767306251,26,-87,0.001869,51,2025-02-12 01:22:49.000139,614,1.037,0.0011,"aoml_navis",1030.09467642935
"7901009",61,0,1,0.035511,1,0.013083,1,123.146349092451,1,4.85387507418238,616,1,7.23699998855591,34.8919982910156,0.0355109982192516,0,118.750297546387,-87.2588,25.8333,9.93485729682908,63,63,63,63,61,63,0,8046,1.33458767306251,26,-87,0.001869,51,2025-02-12 01:22:49.000139,616,1.037,0.0011,"aoml_navis",1030.10479742152
"7901009",61,0,1,0.028035,1,0.005607,1,123.342348839449,1,4.85382295718099,618,1,7.22399997711182,34.8919982910156,0.0280349999666214,0,118.939300537109,-87.2588,25.8333,9.93485729682908,63,63,63,63,61,63,0,8046,1.33458767306251,26,-87,0.001869,51,2025-02-12 01:22:49.000139,618,1.037,0.0011,"aoml_navis",1030.11585797598
"7901009",61,0,1,0.028035,1,0.005607,1,123.518228804563,1,4.8537650552271,620,1,7.19799995422363,34.890998840332,0.0280349999666214,0,119.108901977539,-87.2588,25.8333,9.93485729682908,63,63,63,63,61,63,0,8046,1.33458767306251,26,-87,0.001869,51,2025-02-12 01:22:49.000139,620,1.037,0.0011,"aoml_navis",1030.12814652317
"7901009",61,0,1,0.031773,1,0.009345,1,123.700121759937,1,4.85371882917917,622,1,7.18800020217896,34.8899993896484,0.0317730009555817,0,119.284301757812,-87.2588,25.8333,9.93485729682908,63,63,63,63,61,63,0,8046,1.33458767306251,26,-87,0.001869,51,2025-02-12 01:22:49.000139,622,1.037,0.0011,"aoml_navis",1030.13795730017
"7901009",61,0,1,0.029904,1,0.007476,1,123.852250413523,1,4.85366673486185,624,1,7.17500019073486,34.8899993896484,0.0299040004611015,0,119.430999755859,-87.2588,25.8333,9.93485729682908,63,63,63,63,61,63,0,8046,1.33458767306251,26,-87,0.001869,51,2025-02-12 01:22:49.000139,624,1.037,0.0011,"aoml_navis",1030.14901375224
"7901009",61,0,1,0.028035,1,0.005607,1,124.046485822589,1,4.85361319132604,626,1,7.15999984741211,34.8899993896484,0.0280349999666214,0,119.618301391602,-87.2588,25.8333,9.93485729682908,63,63,63,63,61,63,0,8046,1.33458767306251,26,-87,0.001869,51,2025-02-12 01:22:49.000139,626,1.037,0.0011,"aoml_navis",1030.16037803251
"7901009",61,0,1,0.029904,1,0.007476,1,124.269544025759,1,4.85355680384045,628,1,7.13600015640259,34.8889999389648,0.0299040004611015,0,119.833396911621,-87.2588,25.8333,9.93485729682908,63,63,63,63,61,63,0,8046,1.33458767306251,26,-87,0.001869,51,2025-02-12 01:22:49.000139,628,1.037,0.0011,"aoml_navis",1030.17234619438
"7901009",61,0,1,0.028035,1,0.005607,1,124.431325111078,1,4.85350479184,630,1,7.11800003051758,34.8880004882812,0.0280349999666214,0,119.989402770996,-87.2588,25.8333,9.93485729682908,63,63,63,63,61,63,0,8046,1.33458767306251,26,-87,0.001869,51,2025-02-12 01:22:49.000139,630,1.037,0.0011,"aoml_navis",1030.18338591244
"7901009",61,0,1,0.028035,1,0.005607,1,124.56924411926,1,4.85345786812404,632,1,7.10699987411499,34.8870010375977,0.0280349999666214,0,120.122398376465,-87.2588,25.8333,9.93485729682908,63,63,63,63,61,63,0,8046,1.33458767306251,26,-87,0.001869,51,2025-02-12 01:22:49.000139,632,1.037,0.0011,"aoml_navis",1030.19334582842
"7901009",61,0,1,0.028035,1,0.005607,1,124.708516050249,1,4.8534036369289,634,1,7.09100008010864,34.8870010375977,0.0280349999666214,0,120.256698608398,-87.2588,25.8333,9.93485729682908,63,63,63,63,61,63,0,8046,1.33458767306251,26,-87,0.001869,51,2025-02-12 01:22:49.000139,634,1.037,0.0011,"aoml_navis",1030.20485705241
"7901009",61,0,1,0.033642,1,0.011214,1,124.809937789916,1,4.85335303610916,636,1,7.07999992370605,34.8870010375977,0.0336420014500618,0,120.354499816895,-87.2588,25.8333,9.93485729682908,63,63,63,63,61,63,0,8046,1.33458767306251,26,-87,0.001869,51,2025-02-12 01:22:49.000139,636,1.037,0.0011,"aoml_navis",1030.21559791752
"7901009",61,0,1,0.029904,1,0.007476,1,124.910734495069,1,4.85330968284675,638,1,7.0789999961853,34.8870010375977,0.0299040004611015,0,120.451698303223,-87.2588,25.8333,9.93485729682908,63,63,63,63,61,63,0,8046,1.33458767306251,26,-87,0.001869,51,2025-02-12 01:22:49.000139,638,1.037,0.0011,"aoml_navis",1030.22480054625
"7901009",61,0,1,0.029904,1,0.007476,1,125.11461442404,1,4.85326784526467,640,1,7.07499980926514,34.8860015869141,0.0299040004611015,0,120.648300170898,-87.2588,25.8333,9.93485729682908,63,63,63,63,61,63,0,8046,1.33458767306251,26,-87,0.001869,51,2025-02-12 01:22:49.000139,640,1.037,0.0011,"aoml_navis",1030.23368159631
"7901009",61,0,1,0.031773,1,0.009345,1,125.31527423849,1,4.85321073618924,642,1,7.05499982833862,34.8860015869141,0.0317730009555817,0,120.841796875,-87.2588,25.8333,9.93485729682908,63,63,63,63,61,63,0,8046,1.33458767306251,26,-87,0.001869,51,2025-02-12 01:22:49.000139,642,1.037,0.0011,"aoml_navis",1030.24580464149
"7901009",61,0,1,0.031773,1,0.009345,1,125.444387380672,1,4.85315951278745,644,1,7.03800010681152,34.8849983215332,0.0317730009555817,0,120.966300964355,-87.2588,25.8333,9.93485729682908,63,63,63,63,61,63,0,8046,1.33458767306251,26,-87,0.001869,51,2025-02-12 01:22:49.000139,644,1.037,0.0011,"aoml_navis",1030.25667852574
"7901009",61,0,1,0.028035,1,0.005607,1,125.621509502984,1,4.85310676551082,646,1,7.02400016784668,34.8849983215332,0.0280349999666214,0,121.137100219727,-87.2588,25.8333,9.93485729682908,63,63,63,63,61,63,0,8046,1.33458767306251,26,-87,0.001869,51,2025-02-12 01:22:49.000139,646,1.037,0.0011,"aoml_navis",1030.2678761434
"7901009",61,0,1,0.028035,1,0.005607,1,125.691505456712,1,4.85305763582134,648,1,7.0149998664856,34.8849983215332,0.0280349999666214,0,121.204597473145,-87.2588,25.8333,9.93485729682908,63,63,63,63,61,63,0,8046,1.33458767306251,26,-87,0.001869,51,2025-02-12 01:22:49.000139,648,1.037,0.0011,"aoml_navis",1030.2783060094
"7901009",61,0,1,0.029904,1,0.007476,1,125.857843755702,1,4.85301436331101,650,1,7.00899982452393,34.8839988708496,0.0299040004611015,0,121.36499786377,-87.2588,25.8333,9.93485729682908,63,63,63,63,61,63,0,8046,1.33458767306251,26,-87,0.001869,51,2025-02-12 01:22:49.000139,650,1.037,0.0011,"aoml_navis",1030.28749261494
"7901009",61,0,1,0.029904,1,0.007476,1,125.975445186267,1,4.85296379585914,652,1,6.9980001449585,34.8839988708496,0.0299040004611015,0,121.478401184082,-87.2588,25.8333,9.93485729682908,63,63,63,63,61,63,0,8046,1.33458767306251,26,-87,0.001869,51,2025-02-12 01:22:49.000139,652,1.037,0.0011,"aoml_navis",1030.29822811914
"7901009",61,0,1,0.028035,1,0.005607,1,126.066288810173,1,4.85291539691685,654,1,6.98999977111816,34.8839988708496,0.0280349999666214,0,121.56600189209,-87.2588,25.8333,9.93485729682908,63,63,63,63,61,63,0,8046,1.33458767306251,26,-87,0.001869,51,2025-02-12 01:22:49.000139,654,1.037,0.0011,"aoml_navis",1030.30850345683
"7901009",61,0,1,0.029904,1,0.007476,1,126.2290984333,1,4.85287068838246,656,1,6.98199987411499,34.882999420166,0.0299040004611015,0,121.722999572754,-87.2588,25.8333,9.93485729682908,63,63,63,63,61,63,0,8046,1.33458767306251,26,-87,0.001869,51,2025-02-12 01:22:49.000139,656,1.037,0.0011,"aoml_navis",1030.31799548456
"7901009",61,0,1,0.035511,1,0.013083,1,126.340576107995,1,4.85281941065825,658,1,6.96999979019165,34.882999420166,0.0355109982192516,0,121.830497741699,-87.2588,25.8333,9.93485729682908,63,63,63,63,61,63,0,8046,1.33458767306251,26,-87,0.001869,51,2025-02-12 01:22:49.000139,658,1.037,0.0011,"aoml_navis",1030.32888242626
"7901009",61,0,1,0.033642,1,0.011214,1,126.407779185983,1,4.85277030024559,660,1,6.96099996566772,34.882999420166,0.0336420014500618,0,121.895301818848,-87.2588,25.8333,9.93485729682908,63,63,63,63,61,63,0,8046,1.33458767306251,26,-87,0.001869,51,2025-02-12 01:22:49.000139,660,1.037,0.0011,"aoml_navis",1030.33930943465
"7901009",61,0,1,0.026166,1,0.003738,1,126.519984748972,1,4.85272632118513,662,1,6.9539999961853,34.8819999694824,0.0261659994721413,0,122.00350189209,-87.2588,25.8333,9.93485729682908,63,63,63,63,61,63,0,8046,1.33458767306251,26,-87,0.001869,51,2025-02-12 01:22:49.000139,662,1.037,0.0011,"aoml_navis",1030.34864714541
"7901009",61,0,1,0.028035,1,0.005607,1,126.629286670612,1,4.85267937752373,664,1,6.94799995422363,34.8819999694824,0.0280349999666214,0,122.108901977539,-87.2588,25.8333,9.93485729682908,63,63,63,63,61,63,0,8046,1.33458767306251,26,-87,0.001869,51,2025-02-12 01:22:49.000139,664,1.037,0.0011,"aoml_navis",1030.35861449215
"7901009",61,0,1,0.028035,1,0.005607,1,126.762957026464,1,4.85263171566158,666,1,6.94099998474121,34.8819999694824,0.0280349999666214,0,122.237800598145,-87.2588,25.8333,9.93485729682908,63,63,63,63,61,63,0,8046,1.33458767306251,26,-87,0.001869,51,2025-02-12 01:22:49.000139,666,1.037,0.0011,"aoml_navis",1030.36873452869
"7901009",61,0,1,0.029904,1,0.007476,1,126.913740669071,1,4.85258558319006,668,1,6.93100023269653,34.8810005187988,0.0299040004611015,0,122.383201599121,-87.2588,25.8333,9.93485729682908,63,63,63,63,61,63,0,8046,1.33458767306251,26,-87,0.001869,51,2025-02-12 01:22:49.000139,668,1.037,0.0011,"aoml_navis",1030.37853001925
"7901009",61,0,1,0.028035,1,0.005607,1,126.968704147148,1,4.8525350473924,670,1,6.92000007629395,34.8810005187988,0.0280349999666214,0,122.43620300293,-87.2588,25.8333,9.93485729682908,63,63,63,63,61,63,0,8046,1.33458767306251,26,-87,0.001869,51,2025-02-12 01:22:49.000139,670,1.037,0.0011,"aoml_navis",1030.38926069928
"7901009",61,0,1,0.028035,1,0.005607,1,127.170194703673,1,4.85248667418573,672,1,6.91200017929077,34.8810005187988,0.0280349999666214,0,122.630500793457,-87.2588,25.8333,9.93485729682908,63,63,63,63,61,63,0,8046,1.33458767306251,26,-87,0.001869,51,2025-02-12 01:22:49.000139,672,1.037,0.0011,"aoml_navis",1030.399532388
"7901009",61,0,1,0.029904,1,0.007476,1,127.32242621104,1,4.85244055210837,674,1,6.90199995040894,34.8800010681152,0.0299040004611015,0,122.777297973633,-87.2588,25.8333,9.93485729682908,63,63,63,63,61,63,0,8046,1.33458767306251,26,-87,0.001869,51,2025-02-12 01:22:49.000139,674,1.037,0.0011,"aoml_navis",1030.40932625697
"7901009",61,0,1,0.028035,1,0.005607,1,127.484515857701,1,4.85239218465628,676,1,6.89400005340576,34.8800010681152,0.0280349999666214,0,122.933601379395,-87.2588,25.8333,9.93485729682908,63,63,63,63,61,63,0,8046,1.33458767306251,26,-87,0.001869,51,2025-02-12 01:22:49.000139,676,1.037,0.0011,"aoml_navis",1030.41959712376
"7901009",61,0,1,0.029904,1,0.007476,1,127.71338134357,1,4.85234391396662,678,1,6.88100004196167,34.8790016174316,0.0299040004611015,0,123.154296875,-87.2588,25.8333,9.93485729682908,63,63,63,63,61,63,0,8046,1.33458767306251,26,-87,0.001869,51,2025-02-12 01:22:49.000139,678,1.037,0.0011,"aoml_navis",1030.42984764711
"7901009",61,0,1,0.033642,1,0.011214,1,127.948267731528,1,4.85228478499761,680,1,6.85799980163574,34.8790016174316,0.0336420014500618,0,123.380798339844,-87.2588,25.8333,9.93485729682908,63,63,63,63,61,63,0,8046,1.33458767306251,26,-87,0.001869,51,2025-02-12 01:22:49.000139,680,1.037,0.0011,"aoml_navis",1030.44240425852
"7901009",61,0,1,0.031773,1,0.009345,1,128.070948556496,1,4.85223786459097,682,1,6.85200023651123,34.8790016174316,0.0317730009555817,0,123.499099731445,-87.2588,25.8333,9.93485729682908,63,63,63,63,61,63,0,8046,1.33458767306251,26,-87,0.001869,51,2025-02-12 01:22:49.000139,682,1.037,0.0011,"aoml_navis",1030.4523684808
"7901009",61,0,1,0.028035,1,0.005607,1,128.275445608152,1,4.8521887941757,684,1,6.84299993515015,34.8790016174316,0.0280349999666214,0,123.696296691895,-87.2588,25.8333,9.93485729682908,63,63,63,63,61,63,0,8046,1.33458767306251,26,-87,0.001869,51,2025-02-12 01:22:49.000139,684,1.037,0.0011,"aoml_navis",1030.46278949445
"7901009",61,0,1,0.031773,1,0.009345,1,128.452259169122,1,4.85214127772851,686,1,6.83099985122681,34.8779983520508,0.0317730009555817,0,123.866798400879,-87.2588,25.8333,9.93485729682908,63,63,63,63,61,63,0,8046,1.33458767306251,26,-87,0.001869,51,2025-02-12 01:22:49.000139,686,1.037,0.0011,"aoml_navis",1030.472880695
"7901009",61,0,1,0.029904,1,0.007476,1,128.620773221167,1,4.85209149833797,688,1,6.82100009918213,34.8779983520508,0.0299040004611015,0,124.029296875,-87.2588,25.8333,9.93485729682908,63,63,63,63,61,63,0,8046,1.33458767306251,26,-87,0.001869,51,2025-02-12 01:22:49.000139,688,1.037,0.0011,"aoml_navis",1030.48345269513
"7901009",61,0,1,0.026166,1,0.003738,1,128.912387425134,1,4.85203538914656,690,1,6.79699993133545,34.8769989013672,0.0261659994721413,0,124.310501098633,-87.2588,25.8333,9.93485729682908,63,63,63,63,61,63,0,8046,1.33458767306251,26,-87,0.001869,51,2025-02-12 01:22:49.000139,690,1.037,0.0011,"aoml_navis",1030.49536925976
"7901009",61,0,1,0.031773,1,0.009345,1,129.141877945516,1,4.85197561510474,692,1,6.77299976348877,34.8769989013672,0.0317730009555817,0,124.531799316406,-87.2588,25.8333,9.93485729682908,63,63,63,63,61,63,0,8046,1.33458767306251,26,-87,0.001869,51,2025-02-12 01:22:49.000139,692,1.037,0.0011,"aoml_navis",1030.50806447469
"7901009",61,0,1,0.029904,1,0.007476,1,129.380395863118,1,4.85191657677571,694,1,6.75,34.8769989013672,0.0299040004611015,0,124.76180267334,-87.2588,25.8333,9.93485729682908,63,63,63,63,61,63,0,8046,1.33458767306251,26,-87,0.001869,51,2025-02-12 01:22:49.000139,694,1.037,0.0011,"aoml_navis",1030.52060374103
"7901009",61,0,1,0.028035,1,0.005607,1,129.63072614185,1,4.85186623420462,696,1,6.73400020599365,34.8759994506836,0.0280349999666214,0,125.003196716309,-87.2588,25.8333,9.93485729682908,63,63,63,63,61,63,0,8046,1.33458767306251,26,-87,0.001869,51,2025-02-12 01:22:49.000139,696,1.037,0.0011,"aoml_navis",1030.53129633935
"7901009",61,0,1,0.029904,1,0.007476,1,129.858151674787,1,4.85181506260402,698,1,6.72200012207031,34.8759994506836,0.0299040004611015,0,125.222503662109,-87.2588,25.8333,9.93485729682908,63,63,63,63,61,63,0,8046,1.33458767306251,26,-87,0.001869,51,2025-02-12 01:22:49.000139,698,1.037,0.0011,"aoml_navis",1030.54216524825
"7901009",61,0,1,0.029904,1,0.007476,1,130.198083420227,1,4.85176104843769,700,1,6.70599985122681,34.8759994506836,0.0299040004611015,0,125.550300598145,-87.2588,25.8333,9.93485729682908,63,63,63,63,61,63,0,8046,1.33458767306251,26,-87,0.001869,51,2025-02-12 01:22:49.000139,700,1.037,0.0011,"aoml_navis",1030.55363817022
"7901009",61,0,1,0.029904,1,0.007476,1,130.499753559221,1,4.85170277752546,702,1,6.68400001525879,34.8759994506836,0.0299040004611015,0,125.841201782227,-87.2588,25.8333,9.93485729682908,63,63,63,63,61,63,0,8046,1.33458767306251,26,-87,0.001869,51,2025-02-12 01:22:49.000139,702,1.037,0.0011,"aoml_navis",1030.56601553613
"7901009",61,0,1,0.029904,1,0.007476,1,130.876601900127,1,4.85165105235619,704,1,6.66599988937378,34.875,0.0299040004611015,0,126.204597473145,-87.2588,25.8333,9.93485729682908,63,63,63,63,61,63,0,8046,1.33458767306251,26,-87,0.001869,51,2025-02-12 01:22:49.000139,704,1.037,0.0011,"aoml_navis",1030.57700276523
"7901009",61,0,1,0.029904,1,0.007476,1,131.227950415232,1,4.85159210517386,706,1,6.64300012588501,34.875,0.0299040004611015,0,126.543403625488,-87.2588,25.8333,9.93485729682908,63,63,63,63,61,63,0,8046,1.33458767306251,26,-87,0.001869,51,2025-02-12 01:22:49.000139,706,1.037,0.0011,"aoml_navis",1030.58952434766
"7901009",61,0,1,0.031773,1,0.009345,1,131.406828963647,1,4.85153246954434,708,1,6.61899995803833,34.875,0.0317730009555817,0,126.715896606445,-87.2588,25.8333,9.93485729682908,63,63,63,63,61,63,0,8046,1.33458767306251,26,-87,0.001869,51,2025-02-12 01:22:49.000139,708,1.037,0.0011,"aoml_navis",1030.60219247994
"7901009",61,0,1,0.029904,1,0.007476,1,131.512610121252,1,4.85148630207861,710,1,6.61399984359741,34.875,0.0299040004611015,0,126.817901611328,-87.2588,25.8333,9.93485729682908,63,63,63,63,61,63,0,8046,1.33458767306251,26,-87,0.001869,51,2025-02-12 01:22:49.000139,710,1.037,0.0011,"aoml_navis",1030.61199984379
"7901009",61,0,1,0.033642,1,0.011214,1,131.685689298798,1,4.85144736509107,712,1,6.61399984359741,34.8740005493164,0.0336420014500618,0,126.984802246094,-87.2588,25.8333,9.93485729682908,63,63,63,63,61,63,0,8046,1.33458767306251,26,-87,0.001869,51,2025-02-12 01:22:49.000139,712,1.037,0.0011,"aoml_navis",1030.62027138084
"7901009",61,0,1,0.029904,1,0.007476,1,131.997106811477,1,4.85139766047088,714,1,6.60400009155273,34.8740005493164,0.0299040004611015,0,127.285102844238,-87.2588,25.8333,9.93485729682908,63,63,63,63,61,63,0,8046,1.33458767306251,26,-87,0.001869,51,2025-02-12 01:22:49.000139,714,1.037,0.0011,"aoml_navis",1030.63083052126
"7901009",61,0,1,0.031773,1,0.009345,1,132.398845767329,1,4.85134457200613,716,1,6.58400011062622,34.8730010986328,0.0317730009555817,0,127.672500610352,-87.2588,25.8333,9.93485729682908,63,63,63,63,61,63,0,8046,1.33458767306251,26,-87,0.001869,51,2025-02-12 01:22:49.000139,716,1.037,0.0011,"aoml_navis",1030.64210875716
"7901009",61,0,1,0.029904,1,0.007476,1,132.828062506305,1,4.85129361778189,718,1,6.56699991226196,34.8720016479492,0.0299040004611015,0,128.086395263672,-87.2588,25.8333,9.93485729682908,63,63,63,63,61,63,0,8046,1.33458767306251,26,-87,0.001869,51,2025-02-12 01:22:49.000139,718,1.037,0.0011,"aoml_navis",1030.65293382224
"7901009",61,0,1,0.033642,1,0.011214,1,133.273150374836,1,4.85122981438024,720,1,6.53700017929077,34.8720016479492,0.0336420014500618,0,128.515594482422,-87.2588,25.8333,9.93485729682908,63,63,63,63,61,63,0,8046,1.33458767306251,26,-87,0.001869,51,2025-02-12 01:22:49.000139,720,1.037,0.0011,"aoml_navis",1030.66648897539
"7901009",61,0,1,0.029904,1,0.007476,1,133.599291801824,1,4.85117238397828,722,1,6.51599979400635,34.8720016479492,0.0299040004611015,0,128.830093383789,-87.2588,25.8333,9.93485729682908,63,63,63,63,61,63,0,8046,1.33458767306251,26,-87,0.001869,51,2025-02-12 01:22:49.000139,722,1.037,0.0011,"aoml_navis",1030.67869047763
"7901009",61,0,1,0.033642,1,0.011214,1,133.89826400703,1,4.8511193757602,724,1,6.49599981307983,34.8709983825684,0.0336420014500618,0,129.118392944336,-87.2588,25.8333,9.93485729682908,63,63,63,63,61,63,0,8046,1.33458767306251,26,-87,0.001869,51,2025-02-12 01:22:49.000139,724,1.037,0.0011,"aoml_navis",1030.68995271148
"7901009",61,0,1,0.026166,1,0.003738,1,134.105981173206,1,4.8510676012172,726,1,6.48299980163574,34.8709983825684,0.0261659994721413,0,129.318695068359,-87.2588,25.8333,9.93485729682908,63,63,63,63,61,63,0,8046,1.33458767306251,26,-87,0.001869,51,2025-02-12 01:22:49.000139,726,1.037,0.0011,"aoml_navis",1030.7009530738
"7901009",61,0,1,0.029904,1,0.007476,1,134.223487661819,1,4.85102004961612,728,1,6.47599983215332,34.8709983825684,0.0299040004611015,0,129.432006835938,-87.2588,25.8333,9.93485729682908,63,63,63,63,61,63,0,8046,1.33458767306251,26,-87,0.001869,51,2025-02-12 01:22:49.000139,728,1.037,0.0011,"aoml_navis",1030.71105640878
"7901009",61,0,1,0.029904,1,0.007476,1,134.421030215529,1,4.85096758185733,730,1,6.46199989318848,34.8709983825684,0.0299040004611015,0,129.622497558594,-87.2588,25.8333,9.93485729682908,63,63,63,63,61,63,0,8046,1.33458767306251,26,-87,0.001869,51,2025-02-12 01:22:49.000139,730,1.037,0.0011,"aoml_navis",1030.72220451443
"7901009",61,0,1,0.029904,1,0.007476,1,134.596293057958,1,4.85091863154085,732,1,6.45300006866455,34.8709983825684,0.0299040004611015,0,129.79150390625,-87.2588,25.8333,9.93485729682908,63,63,63,63,61,63,0,8046,1.33458767306251,26,-87,0.001869,51,2025-02-12 01:22:49.000139,732,1.037,0.0011,"aoml_navis",1030.73260546772
"7901009",61,0,4,0.024297,1,0.001869,1,134.760241984503,1,4.85087038627743,734,1,6.44500017166138,34.8709983825684,0.0242970008403063,0,129.949600219727,-87.2588,25.8333,9.93485729682908,63,63,63,63,61,63,0,8046,1.33458767306251,26,-87,0.001869,51,2025-02-12 01:22:49.000139,734,1.037,0.0011,"aoml_navis",1030.74285681688
"7901009",61,0,1,0.029904,1,0.007476,1,134.921801538603,1,4.85081302420471,736,1,6.42399978637695,34.8709983825684,0.0299040004611015,0,130.105392456055,-87.2588,25.8333,9.93485729682908,63,63,63,63,61,63,0,8046,1.33458767306251,26,-87,0.001869,51,2025-02-12 01:22:49.000139,736,1.037,0.0011,"aoml_navis",1030.755045608
"7901009",61,0,1,0.028035,1,0.005607,1,134.937672668158,1,4.85076759124471,738,1,6.42000007629395,34.8709983825684,0.0280349999666214,0,130.120697021484,-87.2588,25.8333,9.93485729682908,63,63,63,63,61,63,0,8046,1.33458767306251,26,-87,0.001869,51,2025-02-12 01:22:49.000139,738,1.037,0.0011,"aoml_navis",1030.76469980228
"7901009",61,0,1,0.028035,1,0.005607,1,134.99792916003,1,4.85072426356138,740,1,6.41900014877319,34.8709983825684,0.0280349999666214,0,130.178802490234,-87.2588,25.8333,9.93485729682908,63,63,63,63,61,63,0,8046,1.33458767306251,26,-87,0.001869,51,2025-02-12 01:22:49.000139,740,1.037,0.0011,"aoml_navis",1030.7739068081
"7901009",61,0,1,0.031773,1,0.009345,1,134.957278181138,1,4.85068093808942,742,1,6.41800022125244,34.8709983825684,0.0317730009555817,0,130.139602661133,-87.2588,25.8333,9.93485729682908,63,63,63,63,61,63,0,8046,1.33458767306251,26,-87,0.001869,51,2025-02-12 01:22:49.000139,742,1.037,0.0011,"aoml_navis",1030.78311350847
"7901009",61,0,1,0.028035,1,0.005607,1,135.051017534565,1,4.8506383163703,744,1,6.41800022125244,34.8709983825684,0.0280349999666214,0,130.229995727539,-87.2588,25.8333,9.93485729682908,63,63,63,63,61,63,0,8046,1.33458767306251,26,-87,0.001869,51,2025-02-12 01:22:49.000139,744,1.037,0.0011,"aoml_navis",1030.79217082123
"7901009",61,0,1,0.033642,1,0.011214,1,135.141560508958,1,4.85059429344432,746,1,6.41599988937378,34.8709983825684,0.0336420014500618,0,130.317306518555,-87.2588,25.8333,9.93485729682908,63,63,63,63,61,63,0,8046,1.33458767306251,26,-87,0.001869,51,2025-02-12 01:22:49.000139,746,1.037,0.0011,"aoml_navis",1030.80152606405
"7901009",61,0,1,0.028035,1,0.005607,1,135.256772567077,1,4.85055027282871,748,1,6.41400003433228,34.8709983825684,0.0280349999666214,0,130.428405761719,-87.2588,25.8333,9.93485729682908,63,63,63,63,61,63,0,8046,1.33458767306251,26,-87,0.001869,51,2025-02-12 01:22:49.000139,748,1.037,0.0011,"aoml_navis",1030.8108809857
"7901009",61,0,1,0.031773,1,0.009345,1,135.506992080199,1,4.85050923896491,750,1,6.41099977493286,34.8699989318848,0.0317730009555817,0,130.669692993164,-87.2588,25.8333,9.93485729682908,63,63,63,63,61,63,0,8046,1.33458767306251,26,-87,0.001869,51,2025-02-12 01:22:49.000139,750,1.037,0.0011,"aoml_navis",1030.8196013388
"7901009",61,0,1,0.029904,1,0.007476,1,135.830443485228,1,4.8504575037933,752,1,6.39799976348877,34.8699989318848,0.0299040004611015,0,130.981597900391,-87.2588,25.8333,9.93485729682908,63,63,63,63,61,63,0,8046,1.33458767306251,26,-87,0.001869,51,2025-02-12 01:22:49.000139,752,1.037,0.0011,"aoml_navis",1030.83059610145
"7901009",61,0,1,0.028035,1,0.005607,1,136.215907808231,1,4.85040577492136,754,1,6.38500022888184,34.8699989318848,0.0280349999666214,0,131.353302001953,-87.2588,25.8333,9.93485729682908,63,63,63,63,61,63,0,8046,1.33458767306251,26,-87,0.001869,51,2025-02-12 01:22:49.000139,754,1.037,0.0011,"aoml_navis",1030.84158975979
"7901009",61,0,1,0.029904,1,0.007476,1,136.729338058168,1,4.8503379539133,756,1,6.34899997711182,34.8699989318848,0.0299040004611015,0,131.848403930664,-87.2588,25.8333,9.93485729682908,63,63,63,63,61,63,0,8046,1.33458767306251,26,-87,0.001869,51,2025-02-12 01:22:49.000139,756,1.037,0.0011,"aoml_navis",1030.85600374835
"7901009",61,0,1,0.031773,1,0.009345,1,136.947214013153,1,4.85027208250889,758,1,6.32100009918213,34.8709983825684,0.0317730009555817,0,132.058502197266,-87.2588,25.8333,9.93485729682908,63,63,63,63,61,63,0,8046,1.33458767306251,26,-87,0.001869,51,2025-02-12 01:22:49.000139,758,1.037,0.0011,"aoml_navis",1030.87000377382
"7901009",61,0,1,0.031773,1,0.009345,1,137.079737153759,1,4.85022387757066,760,1,6.31300020217896,34.8709983825684,0.0317730009555817,0,132.186294555664,-87.2588,25.8333,9.93485729682908,63,63,63,63,61,63,0,8046,1.33458767306251,26,-87,0.001869,51,2025-02-12 01:22:49.000139,760,1.037,0.0011,"aoml_navis",1030.88024928539
"7901009",61,0,1,0.028035,1,0.005607,1,137.192987078214,1,4.85017776850399,762,1,6.30800008773804,34.8709983825684,0.0280349999666214,0,132.295501708984,-87.2588,25.8333,9.93485729682908,63,63,63,63,61,63,0,8046,1.33458767306251,26,-87,0.001869,51,2025-02-12 01:22:49.000139,762,1.037,0.0011,"aoml_navis",1030.89004952951
"7901009",61,0,1,0.026166,1,0.003738,1,137.311316397073,1,4.85013096356668,764,1,6.30200004577637,34.8709983825684,0.0261659994721413,0,132.409606933594,-87.2588,25.8333,9.93485729682908,63,63,63,63,61,63,0,8046,1.33458767306251,26,-87,0.001869,51,2025-02-12 01:22:49.000139,764,1.037,0.0011,"aoml_navis",1030.89999786792
"7901009",61,0,1,0.029904,1,0.007476,1,137.421860475911,1,4.85008695179607,766,1,6.30000019073486,34.8709983825684,0.0299040004611015,0,132.516204833984,-87.2588,25.8333,9.93485729682908,63,63,63,63,61,63,0,8046,1.33458767306251,26,-87,0.001869,51,2025-02-12 01:22:49.000139,766,1.037,0.0011,"aoml_navis",1030.90935269695
"7901009",61,0,1,0.029904,1,0.007476,1,137.640353553581,1,4.8500387548593,768,1,6.29199981689453,34.8709983825684,0.0299040004611015,0,132.726898193359,-87.2588,25.8333,9.93485729682908,63,63,63,63,61,63,0,8046,1.33458767306251,26,-87,0.001869,51,2025-02-12 01:22:49.000139,768,1.037,0.0011,"aoml_navis",1030.91959728991
"7901009",61,0,1,0.029904,1,0.007476,1,137.825047296524,1,4.84999265363105,770,1,6.28700017929077,34.8709983825684,0.0299040004611015,0,132.904998779297,-87.2588,25.8333,9.93485729682908,63,63,63,63,61,63,0,8046,1.33458767306251,26,-87,0.001869,51,2025-02-12 01:22:49.000139,770,1.037,0.0011,"aoml_navis",1030.92939661602
"7901009",61,0,1,0.031773,1,0.009345,1,138.043445432241,1,4.84993958092651,772,1,6.27199983596802,34.8709983825684,0.0317730009555817,0,133.115600585938,-87.2588,25.8333,9.93485729682908,63,63,63,63,61,63,0,8046,1.33458767306251,26,-87,0.001869,51,2025-02-12 01:22:49.000139,772,1.037,0.0011,"aoml_navis",1030.94067803723
"7901009",61,0,1,0.031773,1,0.009345,1,138.241715874246,1,4.84988930297799,774,1,6.26100015640259,34.8709983825684,0.0317730009555817,0,133.306793212891,-87.2588,25.8333,9.93485729682908,63,63,63,63,61,63,0,8046,1.33458767306251,26,-87,0.001869,51,2025-02-12 01:22:49.000139,774,1.037,0.0011,"aoml_navis",1030.95136561773
"7901009",61,0,1,0.029904,1,0.007476,1,138.396233900277,1,4.84983485195345,776,1,6.24399995803833,34.8709983825684,0.0299040004611015,0,133.455795288086,-87.2588,25.8333,9.93485729682908,63,63,63,63,61,63,0,8046,1.33458767306251,26,-87,0.001869,51,2025-02-12 01:22:49.000139,776,1.037,0.0011,"aoml_navis",1030.9629405187
"7901009",61,0,1,0.029904,1,0.007476,1,138.484703975397,1,4.84978875940647,778,1,6.23899984359741,34.8709983825684,0.0299040004611015,0,133.541107177734,-87.2588,25.8333,9.93485729682908,63,63,63,63,61,63,0,8046,1.33458767306251,26,-87,0.001869,51,2025-02-12 01:22:49.000139,778,1.037,0.0011,"aoml_navis",1030.97273882335
"7901009",61,0,1,0.035511,1,0.013083,1,138.599077379611,1,4.84974475686024,780,1,6.23699998855591,34.8709983825684,0.0355109982192516,0,133.651397705078,-87.2588,25.8333,9.93485729682908,63,63,63,63,61,63,0,8046,1.33458767306251,26,-87,0.001869,51,2025-02-12 01:22:49.000139,780,1.037,0.0011,"aoml_navis",1030.98209301164
"7901009",61,0,1,0.033642,1,0.011214,1,138.722280385313,1,4.84970006020514,782,1,6.23400020599365,34.8709983825684,0.0336420014500618,0,133.770202636719,-87.2588,25.8333,9.93485729682908,63,63,63,63,61,63,0,8046,1.33458767306251,26,-87,0.001869,51,2025-02-12 01:22:49.000139,782,1.037,0.0011,"aoml_navis",1030.99159492938
"7901009",61,0,1,0.033642,1,0.011214,1,138.910392038509,1,4.84965606117601,784,1,6.23199987411499,34.8709983825684,0.0336420014500618,0,133.951599121094,-87.2588,25.8333,9.93485729682908,63,63,63,63,61,63,0,8046,1.33458767306251,26,-87,0.001869,51,2025-02-12 01:22:49.000139,784,1.037,0.0011,"aoml_navis",1031.00094871213
"7901009",61,0,1,0.028035,1,0.005607,1,139.258939766046,1,4.84961136823201,786,1,6.22900009155273,34.8709983825684,0.0280349999666214,0,134.287704467773,-87.2588,25.8333,9.93485729682908,63,63,63,63,61,63,0,8046,1.33458767306251,26,-87,0.001869,51,2025-02-12 01:22:49.000139,786,1.037,0.0011,"aoml_navis",1031.01045018847
"7901009",61,0,1,0.028035,1,0.005607,1,139.854384038402,1,4.84956201162239,788,1,6.21400022506714,34.8699989318848,0.0280349999666214,0,134.861892700195,-87.2588,25.8333,9.93485729682908,63,63,63,63,61,63,0,8046,1.33458767306251,26,-87,0.001869,51,2025-02-12 01:22:49.000139,788,1.037,0.0011,"aoml_navis",1031.0209433382
"7901009",61,0,1,0.029904,1,0.007476,1,140.52389885657,1,4.84949924945499,790,1,6.18499994277954,34.8699989318848,0.0299040004611015,0,135.507507324219,-87.2588,25.8333,9.93485729682908,63,63,63,63,61,63,0,8046,1.33458767306251,26,-87,0.001869,51,2025-02-12 01:22:49.000139,790,1.037,0.0011,"aoml_navis",1031.03428680021
"7901009",61,0,1,0.031773,1,0.009345,1,141.023420110616,1,4.84942521209735,792,1,6.14499998092651,34.8709983825684,0.0317730009555817,0,135.989196777344,-87.2588,25.8333,9.93485729682908,63,63,63,63,61,63,0,8046,1.33458767306251,26,-87,0.001869,51,2025-02-12 01:22:49.000139,792,1.037,0.0011,"aoml_navis",1031.05002785217
"7901009",61,0,1,0.029904,1,0.007476,1,141.34614362735,1,4.84937590148397,794,1,6.13000011444092,34.8699989318848,0.0299040004611015,0,136.300399780273,-87.2588,25.8333,9.93485729682908,63,63,63,63,61,63,0,8046,1.33458767306251,26,-87,0.001869,51,2025-02-12 01:22:49.000139,794,1.037,0.0011,"aoml_navis",1031.06051202794
"7901009",61,0,1,0.029904,1,0.007476,1,141.590983096555,1,4.8493123122255,796,1,6.10500001907349,34.8709983825684,0.0299040004611015,0,136.536499023438,-87.2588,25.8333,9.93485729682908,63,63,63,63,61,63,0,8046,1.33458767306251,26,-87,0.001869,51,2025-02-12 01:22:49.000139,796,1.037,0.0011,"aoml_navis",1031.07403237251
"7901009",61,0,1,0.033642,1,0.011214,1,141.784395675375,1,4.84926555230352,798,1,6.09899997711182,34.8709983825684,0.0336420014500618,0,136.723007202148,-87.2588,25.8333,9.93485729682908,63,63,63,63,61,63,0,8046,1.33458767306251,26,-87,0.001869,51,2025-02-12 01:22:49.000139,798,1.037,0.0011,"aoml_navis",1031.08397469074
"7901009",61,0,1,0.029904,1,0.007476,1,141.97519735053,1,4.84921672234055,800,1,6.09000015258789,34.8709983825684,0.0299040004611015,0,136.906997680664,-87.2588,25.8333,9.93485729682908,63,63,63,63,61,63,0,8046,1.33458767306251,26,-87,0.001869,51,2025-02-12 01:22:49.000139,800,1.037,0.0011,"aoml_navis",1031.09435735565
"7901009",61,0,1,0.029904,1,0.007476,1,142.224388325844,1,4.84916720481304,802,1,6.07999992370605,34.8709983825684,0.0299040004611015,0,137.14729309082,-87.2588,25.8333,9.93485729682908,63,63,63,63,61,63,0,8046,1.33458767306251,26,-87,0.001869,51,2025-02-12 01:22:49.000139,802,1.037,0.0011,"aoml_navis",1031.10488643024
"7901009",61,0,1,0.029904,1,0.007476,1,142.458246175994,1,4.84911424157066,804,1,6.06500005722046,34.8709983825684,0.0299040004611015,0,137.372802734375,-87.2588,25.8333,9.93485729682908,63,63,63,63,61,63,0,8046,1.33458767306251,26,-87,0.001869,51,2025-02-12 01:22:49.000139,804,1.037,0.0011,"aoml_navis",1031.11614841651
"7901009",61,0,1,0.031773,1,0.009345,1,142.632781130129,1,4.84906611219165,806,1,6.05700016021729,34.8709983825684,0.0317730009555817,0,137.541107177734,-87.2588,25.8333,9.93485729682908,63,63,63,63,61,63,0,8046,1.33458767306251,26,-87,0.001869,51,2025-02-12 01:22:49.000139,806,1.037,0.0011,"aoml_navis",1031.12638275417
"7901009",61,0,1,0.029904,1,0.007476,1,142.932053984848,1,4.84902074319587,808,1,6.05299997329712,34.8709983825684,0.0299040004611015,0,137.829696655273,-87.2588,25.8333,9.93485729682908,63,63,63,63,61,63,0,8046,1.33458767306251,26,-87,0.001869,51,2025-02-12 01:22:49.000139,808,1.037,0.0011,"aoml_navis",1031.13603030385
"7901009",61,0,1,0.029904,1,0.007476,1,143.22594679565,1,4.84895995961301,810,1,6.03200006484985,34.8720016479492,0.0299040004611015,0,138.113098144531,-87.2588,25.8333,9.93485729682908,63,63,63,63,61,63,0,8046,1.33458767306251,26,-87,0.001869,51,2025-02-12 01:22:49.000139,810,1.037,0.0011,"aoml_navis",1031.14895599159
"7901009",61,0,1,0.028035,1,0.005607,1,143.493603980526,1,4.84890702150155,812,1,6.01700019836426,34.8720016479492,0.0280349999666214,0,138.371200561523,-87.2588,25.8333,9.93485729682908,63,63,63,63,61,63,0,8046,1.33458767306251,26,-87,0.001869,51,2025-02-12 01:22:49.000139,812,1.037,0.0011,"aoml_navis",1031.16021359627
"7901009",61,0,1,0.031773,1,0.009345,1,143.621775615022,1,4.84885615431347,814,1,6.00500011444092,34.8720016479492,0.0317730009555817,0,138.49479675293,-87.2588,25.8333,9.93485729682908,63,63,63,63,61,63,0,8046,1.33458767306251,26,-87,0.001869,51,2025-02-12 01:22:49.000139,814,1.037,0.0011,"aoml_navis",1031.17103103834
"7901009",61,0,1,0.028035,1,0.005607,1,143.724550277498,1,4.84881079274039,816,1,6.00099992752075,34.8720016479492,0.0280349999666214,0,138.593902587891,-87.2588,25.8333,9.93485729682908,63,63,63,63,61,63,0,8046,1.33458767306251,26,-87,0.001869,51,2025-02-12 01:22:49.000139,816,1.037,0.0011,"aoml_navis",1031.18067784496
"7901009",61,0,1,0.033642,1,0.011214,1,143.906854647995,1,4.84876612102891,818,1,5.9980001449585,34.8720016479492,0.0336420014500618,0,138.76969909668,-87.2588,25.8333,9.93485729682908,63,63,63,63,61,63,0,8046,1.33458767306251,26,-87,0.001869,51,2025-02-12 01:22:49.000139,818,1.037,0.0011,"aoml_navis",1031.19017811876
"7901009",61,0,1,0.031773,1,0.009345,1,144.023111067581,1,4.84873021396652,820,1,5.99700021743774,34.8699989318848,0.0317730009555817,0,138.881805419922,-87.2588,25.8333,9.93485729682908,63,63,63,63,61,63,0,8046,1.33458767306251,26,-87,0.001869,51,2025-02-12 01:22:49.000139,820,1.037,0.0011,"aoml_navis",1031.19781455313
"7901009",61,0,1,0.031773,1,0.009345,1,144.270751324354,1,4.84867678275567,822,1,5.99200010299683,34.8720016479492,0.0317730009555817,0,139.12060546875,-87.2588,25.8333,9.93485729682908,63,63,63,63,61,63,0,8046,1.33458767306251,26,-87,0.001869,51,2025-02-12 01:22:49.000139,822,1.037,0.0011,"aoml_navis",1031.20917809628
"7901009",61,0,1,0.031773,1,0.009345,1,144.572207843957,1,4.84861074313458,824,1,5.97399997711182,34.875,0.0317730009555817,0,139.41130065918,-87.2588,25.8333,9.93485729682908,63,63,63,63,61,63,0,8046,1.33458767306251,26,-87,0.001869,51,2025-02-12 01:22:49.000139,824,1.037,0.0011,"aoml_navis",1031.22322349341
"7901009",61,0,1,0.028035,1,0.005607,1,144.833946980525,1,4.84855852114998,826,1,5.96000003814697,34.875,0.0280349999666214,0,139.663696289062,-87.2588,25.8333,9.93485729682908,63,63,63,63,61,63,0,8046,1.33458767306251,26,-87,0.001869,51,2025-02-12 01:22:49.000139,826,1.037,0.0011,"aoml_navis",1031.23433040757
"7901009",61,0,1,0.031773,1,0.009345,1,144.993750108521,1,4.84850467835556,828,1,5.94899988174438,34.8759994506836,0.0317730009555817,0,139.817794799805,-87.2588,25.8333,9.93485729682908,63,63,63,63,61,63,0,8046,1.33458767306251,26,-87,0.001869,51,2025-02-12 01:22:49.000139,828,1.037,0.0011,"aoml_navis",1031.2457822967
"7901009",61,0,1,0.033642,1,0.011214,1,145.125355476929,1,4.8484558987282,830,1,5.94000005722046,34.8759994506836,0.0336420014500618,0,139.944702148438,-87.2588,25.8333,9.93485729682908,63,63,63,63,61,63,0,8046,1.33458767306251,26,-87,0.001869,51,2025-02-12 01:22:49.000139,830,1.037,0.0011,"aoml_navis",1031.2561575143
"7901009",61,0,1,0.031773,1,0.009345,1,145.276139119536,1,4.84841123805684,832,1,5.93699979782104,34.8759994506836,0.0317730009555817,0,140.090103149414,-87.2588,25.8333,9.93485729682908,63,63,63,63,61,63,0,8046,1.33458767306251,26,-87,0.001869,51,2025-02-12 01:22:49.000139,832,1.037,0.0011,"aoml_navis",1031.26565683069
"7901009",61,0,1,0.031773,1,0.009345,1,145.356507481462,1,4.84836314895923,834,1,5.92899990081787,34.8759994506836,0.0317730009555817,0,140.167602539062,-87.2588,25.8333,9.93485729682908,63,63,63,63,61,63,0,8046,1.33458767306251,26,-87,0.001869,51,2025-02-12 01:22:49.000139,834,1.037,0.0011,"aoml_navis",1031.27588556837
"7901009",61,0,1,0.026166,1,0.003738,1,145.419548937244,1,4.84831849203412,836,1,5.92600011825562,34.8759994506836,0.0261659994721413,0,140.228393554688,-87.2588,25.8333,9.93485729682908,63,63,63,63,61,63,0,8046,1.33458767306251,26,-87,0.001869,51,2025-02-12 01:22:49.000139,836,1.037,0.0011,"aoml_navis",1031.28538445135
"7901009",61,0,1,0.029904,1,0.007476,1,145.546802799543,1,4.84827452264596,838,1,5.92399978637695,34.8759994506836,0.0299040004611015,0,140.351104736328,-87.2588,25.8333,9.93485729682908,63,63,63,63,61,63,0,8046,1.33458767306251,26,-87,0.001869,51,2025-02-12 01:22:49.000139,838,1.037,0.0011,"aoml_navis",1031.29473726072
"7901009",61,0,1,0.026166,1,0.003738,1,145.659214070093,1,4.84822918332565,840,1,5.92000007629395,34.8759994506836,0.0261659994721413,0,140.459503173828,-87.2588,25.8333,9.93485729682908,63,63,63,63,61,63,0,8046,1.33458767306251,26,-87,0.001869,51,2025-02-12 01:22:49.000139,840,1.037,0.0011,"aoml_navis",1031.30438164853
"7901009",61,0,1,0.028035,1,0.005607,1,145.796816605103,1,4.84818247344503,842,1,5.91400003433228,34.8759994506836,0.0280349999666214,0,140.592193603516,-87.2588,25.8333,9.93485729682908,63,63,63,63,61,63,0,8046,1.33458767306251,26,-87,0.001869,51,2025-02-12 01:22:49.000139,842,1.037,0.0011,"aoml_navis",1031.31431776475
"7901009",61,0,1,0.028035,1,0.005607,1,145.941998672572,1,4.84813645144083,844,1,5.90899991989136,34.8759994506836,0.0280349999666214,0,140.732192993164,-87.2588,25.8333,9.93485729682908,63,63,63,63,61,63,0,8046,1.33458767306251,26,-87,0.001869,51,2025-02-12 01:22:49.000139,844,1.037,0.0011,"aoml_navis",1031.3241077433
"7901009",61,0,1,0.031773,1,0.009345,1,146.120268010132,1,4.84808974545247,846,1,5.90299987792969,34.8759994506836,0.0317730009555817,0,140.904098510742,-87.2588,25.8333,9.93485729682908,63,63,63,63,61,63,0,8046,1.33458767306251,26,-87,0.001869,51,2025-02-12 01:22:49.000139,846,1.037,0.0011,"aoml_navis",1031.33404341164
"7901009",61,0,1,0.031773,1,0.009345,1,146.254041219765,1,4.84803729891706,848,1,5.89400005340576,34.8769989013672,0.0317730009555817,0,141.033096313477,-87.2588,25.8333,9.93485729682908,63,63,63,63,61,63,0,8046,1.33458767306251,26,-87,0.001869,51,2025-02-12 01:22:49.000139,848,1.037,0.0011,"aoml_navis",1031.34520048286
"7901009",61,0,1,0.028035,1,0.005607,1,146.362718106891,1,4.84798991188197,850,1,5.88700008392334,34.8769989013672,0.0280349999666214,0,141.137893676758,-87.2588,25.8333,9.93485729682908,63,63,63,63,61,63,0,8046,1.33458767306251,26,-87,0.001869,51,2025-02-12 01:22:49.000139,850,1.037,0.0011,"aoml_navis",1031.35528144262
"7901009",61,0,1,0.029904,1,0.007476,1,146.415410889961,1,4.8479445830644,852,1,5.88299989700317,34.8769989013672,0.0299040004611015,0,141.188705444336,-87.2588,25.8333,9.93485729682908,63,63,63,63,61,63,0,8046,1.33458767306251,26,-87,0.001869,51,2025-02-12 01:22:49.000139,852,1.037,0.0011,"aoml_navis",1031.36492472847
"7901009",61,0,1,0.026166,1,0.003738,1,146.541715332745,1,4.84790131275318,854,1,5.88199996948242,34.8769989013672,0.0261659994721413,0,141.310501098633,-87.2588,25.8333,9.93485729682908,63,63,63,63,61,63,0,8046,1.33458767306251,26,-87,0.001869,51,2025-02-12 01:22:49.000139,854,1.037,0.0011,"aoml_navis",1031.3741302544
"7901009",61,0,1,0.031773,1,0.009345,1,146.674143531399,1,4.8478553019686,856,1,5.8769998550415,34.8769989013672,0.0317730009555817,0,141.438201904297,-87.2588,25.8333,9.93485729682908,63,63,63,63,61,63,0,8046,1.33458767306251,26,-87,0.001869,51,2025-02-12 01:22:49.000139,856,1.037,0.0011,"aoml_navis",1031.38391898158
"7901009",61,0,1,0.029904,1,0.007476,1,146.794957164655,1,4.84780860761237,858,1,5.87099981307983,34.8769989013672,0.0299040004611015,0,141.554702758789,-87.2588,25.8333,9.93485729682908,63,63,63,63,61,63,0,8046,1.33458767306251,26,-87,0.001869,51,2025-02-12 01:22:49.000139,858,1.037,0.0011,"aoml_navis",1031.39385332759
"7901009",61,0,1,0.033642,1,0.011214,1,146.965330496584,1,4.84776602815446,860,1,5.87099981307983,34.8769989013672,0.0336420014500618,0,141.718994140625,-87.2588,25.8333,9.93485729682908,63,63,63,63,61,63,0,8046,1.33458767306251,26,-87,0.001869,51,2025-02-12 01:22:49.000139,860,1.037,0.0011,"aoml_navis",1031.40291238509
"7901009",61,0,1,0.029904,1,0.007476,1,147.269081446681,1,4.84772139414095,862,1,5.86800003051758,34.8769989013672,0.0299040004611015,0,142.011901855469,-87.2588,25.8333,9.93485729682908,63,63,63,63,61,63,0,8046,1.33458767306251,26,-87,0.001869,51,2025-02-12 01:22:49.000139,862,1.037,0.0011,"aoml_navis",1031.41240873353
"7901009",61,0,1,0.031773,1,0.009345,1,147.571788035311,1,4.8476719628184,864,1,5.85799980163574,34.8769989013672,0.0317730009555817,0,142.303802490234,-87.2588,25.8333,9.93485729682908,63,63,63,63,61,63,0,8046,1.33458767306251,26,-87,0.001869,51,2025-02-12 01:22:49.000139,864,1.037,0.0011,"aoml_navis",1031.42292596322
"7901009",61,0,1,0.033642,1,0.011214,1,147.91607919869,1,4.8476184259162,866,1,5.84200000762939,34.8769989013672,0.0336420014500618,0,142.635803222656,-87.2588,25.8333,9.93485729682908,63,63,63,63,61,63,0,8046,1.33458767306251,26,-87,0.001869,51,2025-02-12 01:22:49.000139,866,1.037,0.0011,"aoml_navis",1031.43431695637
"7901009",61,0,1,0.031773,1,0.009345,1,148.231017475403,1,4.84755847660833,868,1,5.82200002670288,34.8779983520508,0.0317730009555817,0,142.939498901367,-87.2588,25.8333,9.93485729682908,63,63,63,63,61,63,0,8046,1.33458767306251,26,-87,0.001869,51,2025-02-12 01:22:49.000139,868,1.037,0.0011,"aoml_navis",1031.44707260929
"7901009",61,0,1,0.033642,1,0.011214,1,148.508627741526,1,4.84750632697255,870,1,5.80800008773804,34.8779983520508,0.0336420014500618,0,143.20719909668,-87.2588,25.8333,9.93485729682908,63,63,63,63,61,63,0,8046,1.33458767306251,26,-87,0.001869,51,2025-02-12 01:22:49.000139,870,1.037,0.0011,"aoml_navis",1031.45816895152
"7901009",61,0,1,0.031773,1,0.009345,1,148.703068858154,1,4.84745321711249,872,1,5.7979998588562,34.8790016174316,0.0317730009555817,0,143.39469909668,-87.2588,25.8333,9.93485729682908,63,63,63,63,61,63,0,8046,1.33458767306251,26,-87,0.001869,51,2025-02-12 01:22:49.000139,872,1.037,0.0011,"aoml_navis",1031.4694698546
"7901009",61,0,1,0.031773,1,0.009345,1,148.879565945953,1,4.84740517611306,874,1,5.78999996185303,34.8790016174316,0.0317730009555817,0,143.564895629883,-87.2588,25.8333,9.93485729682908,63,63,63,63,61,63,0,8046,1.33458767306251,26,-87,0.001869,51,2025-02-12 01:22:49.000139,874,1.037,0.0011,"aoml_navis",1031.47969240098
"7901009",61,0,1,0.029904,1,0.007476,1,149.018007134867,1,4.8473598689918,876,1,5.78599977493286,34.8790016174316,0.0299040004611015,0,143.698394775391,-87.2588,25.8333,9.93485729682908,63,63,63,63,61,63,0,8046,1.33458767306251,26,-87,0.001869,51,2025-02-12 01:22:49.000139,876,1.037,0.0011,"aoml_navis",1031.48933339665
"7901009",61,0,1,0.031773,1,0.009345,1,149.259950874551,1,4.84731388108034,878,1,5.7810001373291,34.8790016174316,0.0317730009555817,0,143.931701660156,-87.2588,25.8333,9.93485729682908,63,63,63,63,61,63,0,8046,1.33458767306251,26,-87,0.001869,51,2025-02-12 01:22:49.000139,878,1.037,0.0011,"aoml_navis",1031.49911944337
"7901009",61,0,1,0.035511,1,0.013083,1,149.489852810057,1,4.84726311589466,880,1,5.76900005340576,34.8790016174316,0.0355109982192516,0,144.153396606445,-87.2588,25.8333,9.93485729682908,63,63,63,63,61,63,0,8046,1.33458767306251,26,-87,0.001869,51,2025-02-12 01:22:49.000139,880,1.037,0.0011,"aoml_navis",1031.50992229089
"7901009",61,0,1,0.029904,1,0.007476,1,149.775976204496,1,4.84721371995579,882,1,5.75899982452393,34.8790016174316,0.0299040004611015,0,144.429306030273,-87.2588,25.8333,9.93485729682908,63,63,63,63,61,63,0,8046,1.33458767306251,26,-87,0.001869,51,2025-02-12 01:22:49.000139,882,1.037,0.0011,"aoml_navis",1031.52043397946
"7901009",61,0,1,0.029904,1,0.007476,1,150.061672360153,1,4.84716773817772,884,1,5.75400018692017,34.8790016174316,0.0299040004611015,0,144.704803466797,-87.2588,25.8333,9.93485729682908,63,63,63,63,61,63,0,8046,1.33458767306251,26,-87,0.001869,51,2025-02-12 01:22:49.000139,884,1.037,0.0011,"aoml_navis",1031.53021931107
"7901009",61,0,1,0.031773,1,0.009345,1,150.430126250183,1,4.84711971165197,886,1,5.74599981307983,34.8790016174316,0.0317730009555817,0,145.060104370117,-87.2588,25.8333,9.93485729682908,63,63,63,63,61,63,0,8046,1.33458767306251,26,-87,0.001869,51,2025-02-12 01:22:49.000139,886,1.037,0.0011,"aoml_navis",1031.5404399814
"7901009",61,0,1,0.029904,1,0.007476,1,150.839642534227,1,4.84706255104124,888,1,5.73000001907349,34.8800010681152,0.0299040004611015,0,145.455001831055,-87.2588,25.8333,9.93485729682908,63,63,63,63,61,63,0,8046,1.33458767306251,26,-87,0.001869,51,2025-02-12 01:22:49.000139,888,1.037,0.0011,"aoml_navis",1031.552604768
"7901009",61,0,1,0.026166,1,0.003738,1,151.296234202546,1,4.84701044567265,890,1,5.71600008010864,34.8800010681152,0.0261659994721413,0,145.895294189453,-87.2588,25.8333,9.93485729682908,63,63,63,63,61,63,0,8046,1.33458767306251,26,-87,0.001869,51,2025-02-12 01:22:49.000139,890,1.037,0.0011,"aoml_navis",1031.56369395984
"7901009",61,0,1,0.029904,1,0.007476,1,151.86463584239,1,4.84694786117365,892,1,5.69199991226196,34.8810005187988,0.0299040004611015,0,146.443405151367,-87.2588,25.8333,9.93485729682908,63,63,63,63,61,63,0,8046,1.33458767306251,26,-87,0.001869,51,2025-02-12 01:22:49.000139,892,1.037,0.0011,"aoml_navis",1031.57701366098
"7901009",61,0,1,0.029904,1,0.007476,1,152.220842220679,1,4.84689169926085,894,1,5.67199993133545,34.8810005187988,0.0299040004611015,0,146.786895751953,-87.2588,25.8333,9.93485729682908,63,63,63,63,61,63,0,8046,1.33458767306251,26,-87,0.001869,51,2025-02-12 01:22:49.000139,894,1.037,0.0011,"aoml_navis",1031.58896675213
"7901009",61,0,1,0.031773,1,0.009345,1,152.654315523812,1,4.84683962246339,896,1,5.65799999237061,34.8810005187988,0.0317730009555817,0,147.204895019531,-87.2588,25.8333,9.93485729682908,63,63,63,63,61,63,0,8046,1.33458767306251,26,-87,0.001869,51,2025-02-12 01:22:49.000139,896,1.037,0.0011,"aoml_navis",1031.6000506447
"7901009",61,0,1,0.029904,1,0.007476,1,153.036045463391,1,4.84677641188691,898,1,5.63299989700317,34.8819999694824,0.0299040004611015,0,147.572998046875,-87.2588,25.8333,9.93485729682908,63,63,63,63,61,63,0,8046,1.33458767306251,26,-87,0.001869,51,2025-02-12 01:22:49.000139,898,1.037,0.0011,"aoml_navis",1031.61350454238
"7901009",61,0,1,0.031773,1,0.009345,1,153.322374565391,1,4.8467220232726,900,1,5.62099981307983,34.882999420166,0.0317730009555817,0,147.849105834961,-87.2588,25.8333,9.93485729682908,63,63,63,63,61,63,0,8046,1.33458767306251,26,-87,0.001869,51,2025-02-12 01:22:49.000139,900,1.037,0.0011,"aoml_navis",1031.62508103238
"7901009",61,0,1,0.026166,1,0.003738,1,153.611694338864,1,4.84667403207157,902,1,5.61299991607666,34.882999420166,0.0261659994721413,0,148.12809753418,-87.2588,25.8333,9.93485729682908,63,63,63,63,61,63,0,8046,1.33458767306251,26,-87,0.001869,51,2025-02-12 01:22:49.000139,902,1.037,0.0011,"aoml_navis",1031.63529606362
"7901009",61,0,1,0.031773,1,0.009345,1,153.963042853969,1,4.84662604346101,904,1,5.60500001907349,34.882999420166,0.0317730009555817,0,148.466903686523,-87.2588,25.8333,9.93485729682908,63,63,63,63,61,63,0,8046,1.33458767306251,26,-87,0.001869,51,2025-02-12 01:22:49.000139,904,1.037,0.0011,"aoml_navis",1031.64551074575
"7901009",61,0,1,0.028035,1,0.005607,1,154.241270242776,1,4.846574675482,906,1,5.59200000762939,34.882999420166,0.0280349999666214,0,148.735198974609,-87.2588,25.8333,9.93485729682908,63,63,63,63,61,63,0,8046,1.33458767306251,26,-87,0.001869,51,2025-02-12 01:22:49.000139,906,1.037,0.0011,"aoml_navis",1031.65644497219
"7901009",61,0,1,0.028035,1,0.005607,1,154.538280314318,1,4.84651962844974,908,1,5.5789999961853,34.8839988708496,0.0280349999666214,0,149.021606445312,-87.2588,25.8333,9.93485729682908,63,63,63,63,61,63,0,8046,1.33458767306251,26,-87,0.001869,51,2025-02-12 01:22:49.000139,908,1.037,0.0011,"aoml_navis",1031.66816258193
"7901009",61,0,1,0.028035,1,0.005607,1,154.761029956146,1,4.84646827221595,910,1,5.56599998474121,34.8839988708496,0.0280349999666214,0,149.236404418945,-87.2588,25.8333,9.93485729682908,63,63,63,63,61,63,0,8046,1.33458767306251,26,-87,0.001869,51,2025-02-12 01:22:49.000139,910,1.037,0.0011,"aoml_navis",1031.67909478831
"7901009",61,0,1,0.031773,1,0.009345,1,155.068293758447,1,4.84642097218203,912,1,5.55900001525879,34.8839988708496,0.0317730009555817,0,149.532699584961,-87.2588,25.8333,9.93485729682908,63,63,63,63,61,63,0,8046,1.33458767306251,26,-87,0.001869,51,2025-02-12 01:22:49.000139,912,1.037,0.0011,"aoml_navis",1031.689163756
"7901009",61,0,1,0.028035,1,0.005607,1,155.367171021702,1,4.84636931458947,914,1,5.55100011825562,34.8849983215332,0.0280349999666214,0,149.820907592773,-87.2588,25.8333,9.93485729682908,63,63,63,63,61,63,0,8046,1.33458767306251,26,-87,0.001869,51,2025-02-12 01:22:49.000139,914,1.037,0.0011,"aoml_navis",1031.70016056103
"7901009",61,0,1,0.031773,1,0.009345,1,155.76216118717,1,4.84632772859583,916,1,5.54699993133545,34.8839988708496,0.0317730009555817,0,150.201797485352,-87.2588,25.8333,9.93485729682908,63,63,63,63,61,63,0,8046,1.33458767306251,26,-87,0.001869,51,2025-02-12 01:22:49.000139,916,1.037,0.0011,"aoml_navis",1031.70901350675
"7901009",61,0,1,0.029904,1,0.007476,1,156.303282839622,1,4.84626865560453,918,1,5.52799987792969,34.8849983215332,0.0299040004611015,0,150.723602294922,-87.2588,25.8333,9.93485729682908,63,63,63,63,61,63,0,8046,1.33458767306251,26,-87,0.001869,51,2025-02-12 01:22:49.000139,918,1.037,0.0011,"aoml_navis",1031.72158939593
"7901009",61,0,1,0.028035,1,0.005607,1,156.685424194323,1,4.84620419516862,920,1,5.50099992752075,34.8860015869141,0.0280349999666214,0,151.092102050781,-87.2588,25.8333,9.93485729682908,63,63,63,63,61,63,0,8046,1.33458767306251,26,-87,0.001869,51,2025-02-12 01:22:49.000139,920,1.037,0.0011,"aoml_navis",1031.73531255342
"7901009",61,0,1,0.031773,1,0.009345,1,157.010315552283,1,4.84615691098034,922,1,5.49399995803833,34.8860015869141,0.0317730009555817,0,151.405395507812,-87.2588,25.8333,9.93485729682908,63,63,63,63,61,63,0,8046,1.33458767306251,26,-87,0.001869,51,2025-02-12 01:22:49.000139,922,1.037,0.0011,"aoml_navis",1031.74537924496
"7901009",61,0,1,0.028035,1,0.005607,1,157.440687418335,1,4.84610290370058,924,1,5.47700023651123,34.8860015869141,0.0280349999666214,0,151.820404052734,-87.2588,25.8333,9.93485729682908,63,63,63,63,61,63,0,8046,1.33458767306251,26,-87,0.001869,51,2025-02-12 01:22:49.000139,924,1.037,0.0011,"aoml_navis",1031.75687750706
"7901009",61,0,1,0.031773,1,0.009345,1,157.68842261706,1,4.84604522144312,926,1,5.46000003814697,34.8870010375977,0.0317730009555817,0,152.059295654297,-87.2588,25.8333,9.93485729682908,63,63,63,63,61,63,0,8046,1.33458767306251,26,-87,0.001869,51,2025-02-12 01:22:49.000139,926,1.037,0.0011,"aoml_navis",1031.76915846259
"7901009",61,0,1,0.029904,1,0.007476,1,157.942186629703,1,4.84599996162231,928,1,5.45599985122681,34.8870010375977,0.0299040004611015,0,152.304000854492,-87.2588,25.8333,9.93485729682908,63,63,63,63,61,63,0,8046,1.33458767306251,26,-87,0.001869,51,2025-02-12 01:22:49.000139,928,1.037,0.0011,"aoml_navis",1031.77879479928
"7901009",61,0,1,0.028035,1,0.005607,1,158.234101483182,1,4.84594933204335,930,1,5.44399976730347,34.8870010375977,0.0280349999666214,0,152.585494995117,-87.2588,25.8333,9.93485729682908,63,63,63,63,61,63,0,8046,1.33458767306251,26,-87,0.001869,51,2025-02-12 01:22:49.000139,930,1.037,0.0011,"aoml_navis",1031.78957463257
"7901009",61,0,1,0.028035,1,0.005607,1,158.491489113641,1,4.8458956937743,932,1,5.43300008773804,34.8880004882812,0.0280349999666214,0,152.833694458008,-87.2588,25.8333,9.93485729682908,63,63,63,63,61,63,0,8046,1.33458767306251,26,-87,0.001869,51,2025-02-12 01:22:49.000139,932,1.037,0.0011,"aoml_navis",1031.80099530902
"7901009",61,0,1,0.031773,1,0.009345,1,158.735822225771,1,4.84584708538682,934,1,5.42399978637695,34.8880004882812,0.0317730009555817,0,153.069305419922,-87.2588,25.8333,9.93485729682908,63,63,63,63,61,63,0,8046,1.33458767306251,26,-87,0.001869,51,2025-02-12 01:22:49.000139,934,1.037,0.0011,"aoml_navis",1031.81134523994
"7901009",61,0,1,0.031773,1,0.009345,1,159.020379078011,1,4.84579646952551,936,1,5.41200017929077,34.8880004882812,0.0317730009555817,0,153.343704223633,-87.2588,25.8333,9.93485729682908,63,63,63,63,61,63,0,8046,1.33458767306251,26,-87,0.001869,51,2025-02-12 01:22:49.000139,936,1.037,0.0011,"aoml_navis",1031.82212283249
"7901009",61,0,1,0.029904,1,0.007476,1,159.285235475319,1,4.8457455235496,938,1,5.40500020980835,34.8889999389648,0.0299040004611015,0,153.599105834961,-87.2588,25.8333,9.93485729682908,63,63,63,63,61,63,0,8046,1.33458767306251,26,-87,0.001869,51,2025-02-12 01:22:49.000139,938,1.037,0.0011,"aoml_navis",1031.83297094343
"7901009",61,0,1,0.028035,1,0.005607,1,159.564602167544,1,4.84569491535612,940,1,5.39300012588501,34.8889999389648,0.0280349999666214,0,153.868499755859,-87.2588,25.8333,9.93485729682908,63,63,63,63,61,63,0,8046,1.33458767306251,26,-87,0.001869,51,2025-02-12 01:22:49.000139,940,1.037,0.0011,"aoml_navis",1031.84374735497
"7901009",61,0,1,0.031773,1,0.009345,1,159.603180247162,1,4.84564698988375,942,1,5.38500022888184,34.8889999389648,0.0317730009555817,0,153.905700683594,-87.2588,25.8333,9.93485729682908,63,63,63,63,61,63,0,8046,1.33458767306251,26,-87,0.001869,51,2025-02-12 01:22:49.000139,942,1.037,0.0011,"aoml_navis",1031.85395272055
"7901009",61,0,1,0.029904,1,0.007476,1,159.647565609478,1,4.84559939883538,944,1,5.38299989700317,34.8899993896484,0.0299040004611015,0,153.948501586914,-87.2588,25.8333,9.93485729682908,63,63,63,63,61,63,0,8046,1.33458767306251,26,-87,0.001869,51,2025-02-12 01:22:49.000139,944,1.037,0.0011,"aoml_navis",1031.86408707284
"7901009",61,0,1,0.029904,1,0.007476,1,159.678564156636,1,4.84555984882841,946,1,5.38199996948242,34.8889999389648,0.0299040004611015,0,153.978393554688,-87.2588,25.8333,9.93485729682908,63,63,63,63,61,63,0,8046,1.33458767306251,26,-87,0.001869,51,2025-02-12 01:22:49.000139,946,1.037,0.0011,"aoml_navis",1031.87250926411
"7901009",61,0,1,0.031773,1,0.009345,1,159.85143762662,1,4.84551661647241,948,1,5.38100004196167,34.8889999389648,0.0317730009555817,0,154.145095825195,-87.2588,25.8333,9.93485729682908,63,63,63,63,61,63,0,8046,1.33458767306251,26,-87,0.001869,51,2025-02-12 01:22:49.000139,948,1.037,0.0011,"aoml_navis",1031.8817157705
"7901009",61,0,1,0.028035,1,0.005607,1,160.013107946329,1,4.84547204609971,950,1,5.37799978256226,34.8889999389648,0.0280349999666214,0,154.300994873047,-87.2588,25.8333,9.93485729682908,63,63,63,63,61,63,0,8046,1.33458767306251,26,-87,0.001869,51,2025-02-12 01:22:49.000139,950,1.037,0.0011,"aoml_navis",1031.89120738498
"7901009",61,0,1,0.031773,1,0.009345,1,160.377938218544,1,4.84542245393551,952,1,5.3730001449585,34.8899993896484,0.0317730009555817,0,154.652801513672,-87.2588,25.8333,9.93485729682908,63,63,63,63,61,63,0,8046,1.33458767306251,26,-87,0.001869,51,2025-02-12 01:22:49.000139,952,1.037,0.0011,"aoml_navis",1031.90176863504
"7901009",61,0,1,0.029904,1,0.007476,1,160.678461142291,1,4.84536717447203,954,1,5.35400009155273,34.8899993896484,0.0299040004611015,0,154.942596435547,-87.2588,25.8333,9.93485729682908,63,63,63,63,61,63,0,8046,1.33458767306251,26,-87,0.001869,51,2025-02-12 01:22:49.000139,954,1.037,0.0011,"aoml_navis",1031.91354131894
"7901009",61,0,1,0.028035,1,0.005607,1,160.889184803597,1,4.84531758642604,956,1,5.34899997711182,34.890998840332,0.0280349999666214,0,155.145797729492,-87.2588,25.8333,9.93485729682908,63,63,63,63,61,63,0,8046,1.33458767306251,26,-87,0.001869,51,2025-02-12 01:22:49.000139,956,1.037,0.0011,"aoml_navis",1031.92410214911
"7901009",61,0,1,0.029904,1,0.007476,1,161.05003229306,1,4.84527168436857,958,1,5.3439998626709,34.890998840332,0.0299040004611015,0,155.300903320312,-87.2588,25.8333,9.93485729682908,63,63,63,63,61,63,0,8046,1.33458767306251,26,-87,0.001869,51,2025-02-12 01:22:49.000139,958,1.037,0.0011,"aoml_navis",1031.93387816221
"7901009",61,0,1,0.028035,1,0.005607,1,161.351172339492,1,4.84522444630154,960,1,5.33699989318848,34.890998840332,0.0280349999666214,0,155.591293334961,-87.2588,25.8333,9.93485729682908,63,63,63,63,61,63,0,8046,1.33458767306251,26,-87,0.001869,51,2025-02-12 01:22:49.000139,960,1.037,0.0011,"aoml_navis",1031.94393890599
"7901009",61,0,1,0.029904,1,0.007476,1,161.690083458953,1,4.84517520455501,962,1,5.3270001411438,34.890998840332,0.0299040004611015,0,155.918106079102,-87.2588,25.8333,9.93485729682908,63,63,63,63,61,63,0,8046,1.33458767306251,26,-87,0.001869,51,2025-02-12 01:22:49.000139,962,1.037,0.0011,"aoml_navis",1031.95442660142
"7901009",61,0,1,0.028035,1,0.005607,1,162.080832883922,1,4.84512797136732,964,1,5.32000017166138,34.890998840332,0.0280349999666214,0,156.294906616211,-87.2588,25.8333,9.93485729682908,63,63,63,63,61,63,0,8046,1.33458767306251,26,-87,0.001869,51,2025-02-12 01:22:49.000139,964,1.037,0.0011,"aoml_navis",1031.96448670663
"7901009",61,0,1,0.029904,1,0.007476,1,162.564498832071,1,4.84506904041474,966,1,5.30100011825562,34.8919982910156,0.0299040004611015,0,156.761306762695,-87.2588,25.8333,9.93485729682908,63,63,63,63,61,63,0,8046,1.33458767306251,26,-87,0.001869,51,2025-02-12 01:22:49.000139,966,1.037,0.0011,"aoml_navis",1031.97703857116
"7901009",61,0,1,0.028035,1,0.005607,1,162.874864071454,1,4.84501210933174,968,1,5.28499984741211,34.8930015563965,0.0280349999666214,0,157.060592651367,-87.2588,25.8333,9.93485729682908,63,63,63,63,61,63,0,8046,1.33458767306251,26,-87,0.001869,51,2025-02-12 01:22:49.000139,968,1.037,0.0011,"aoml_navis",1031.98916476798
"7901009",61,0,1,0.029904,1,0.007476,1,163.184216596688,1,4.84496288556173,970,1,5.27500009536743,34.8930015563965,0.0299040004611015,0,157.358901977539,-87.2588,25.8333,9.93485729682908,63,63,63,63,61,63,0,8046,1.33458767306251,26,-87,0.001869,51,2025-02-12 01:22:49.000139,970,1.037,0.0011,"aoml_navis",1031.99964955362
"7901009",61,0,1,0.028035,1,0.005607,1,163.514709529785,1,4.84491499838504,972,1,5.26700019836426,34.8930015563965,0.0280349999666214,0,157.677597045898,-87.2588,25.8333,9.93485729682908,63,63,63,63,61,63,0,8046,1.33458767306251,26,-87,0.001869,51,2025-02-12 01:22:49.000139,972,1.037,0.0011,"aoml_navis",1032.009849846
"7901009",61,0,1,0.031773,1,0.009345,1,163.817621825977,1,4.84486009839426,974,1,5.25400018692017,34.8940010070801,0.0317730009555817,0,157.969696044922,-87.2588,25.8333,9.93485729682908,63,63,63,63,61,63,0,8046,1.33458767306251,26,-87,0.001869,51,2025-02-12 01:22:49.000139,974,1.037,0.0011,"aoml_navis",1032.0215441633
"7901009",61,0,1,0.026166,1,0.003738,1,164.048251649777,1,4.84481088534387,976,1,5.24399995803833,34.8940010070801,0.0261659994721413,0,158.192092895508,-87.2588,25.8333,9.93485729682908,63,63,63,63,61,63,0,8046,1.33458767306251,26,-87,0.001869,51,2025-02-12 01:22:49.000139,976,1.037,0.0011,"aoml_navis",1032.03202732342
"7901009",61,0,1,0.031773,1,0.009345,1,164.293407592153,1,4.84476500438076,978,1,5.23899984359741,34.8940010070801,0.0317730009555817,0,158.428497314453,-87.2588,25.8333,9.93485729682908,63,63,63,63,61,63,0,8046,1.33458767306251,26,-87,0.001869,51,2025-02-12 01:22:49.000139,978,1.037,0.0011,"aoml_navis",1032.04180088794
"7901009",61,0,1,0.031773,1,0.009345,1,168.304293626999,1,4.84426831546829,999.5,1,5.18540000915527,34.8950004577637,0.0317730009555817,0,162.296203613281,-87.2588,25.8333,9.93485729682908,63,63,63,63,61,63,0,8046,1.33458767306251,26,-87,0.001869,51,2025-02-12 01:22:49.000139,999.5,1.037,0.0011,"aoml_navis",1032.14761742954
"7901009",61,0,1,0.028035,1,0.005607,1,175.677596344433,1,4.84304952964581,1049.30004882812,1,4.98850011825562,34.9029998779297,0.0280349999666214,0,169.406295776367,-87.2588,25.8333,9.93485729682908,63,63,63,63,61,63,0,8046,1.33458767306251,26,-87,0.001869,51,2025-02-12 01:22:49.000139,1049.30004882812,1.037,0.0011,"aoml_navis",1032.40736428431
"7901009",61,0,1,0.026166,1,0.003738,1,181.281545030454,1,4.84183232678921,1099.59997558594,1,4.80219984054565,34.9099998474121,0.0261659994721413,0,174.810195922852,-87.2588,25.8333,9.93485729682908,63,63,63,63,61,63,0,8046,1.33458767306251,26,-87,0.001869,51,2025-02-12 01:22:49.000139,1099.59997558594,1.037,0.0011,"aoml_navis",1032.66690429069
"7901009",61,0,1,0.028035,1,0.005607,1,185.324885389047,1,4.84069037234928,1149.69995117188,1,4.70529985427856,34.9140014648438,0.0280349999666214,0,178.709197998047,-87.2588,25.8333,9.93485729682908,63,63,63,63,61,63,0,8046,1.33458767306251,26,-87,0.001869,51,2025-02-12 01:22:49.000139,1149.69995117188,1.037,0.0011,"aoml_navis",1032.91051800394
"7901009",61,0,1,0.03738,1,0.014952,1,188.066033588477,1,4.83957566371885,1199.09997558594,1,4.61999988555908,34.9169998168945,0.0373799987137318,0,181.352493286133,-87.2588,25.8333,9.93485729682908,63,63,63,63,61,63,0,8046,1.33458767306251,26,-87,0.001869,51,2025-02-12 01:22:49.000139,1199.09997558594,1.037,0.0011,"aoml_navis",1033.14843024024
"7901009",61,0,1,0.028035,1,0.005607,1,190.896268985711,1,4.83845231336867,1249.5,1,4.55210018157959,34.9199981689453,0.0280349999666214,0,184.081695556641,-87.2588,25.8333,9.93485729682908,63,63,63,63,61,63,0,8046,1.33458767306251,26,-87,0.001869,51,2025-02-12 01:22:49.000139,1249.5,1.037,0.0011,"aoml_navis",1033.38829777964
"7901009",61,0,1,0.033642,1,0.011214,1,193.635043636354,1,4.83737841426358,1297.90002441406,1,4.49329996109009,34.9230003356934,0.0336420014500618,0,186.722702026367,-87.2588,25.8333,9.93485729682908,63,63,63,63,61,63,0,8046,1.33458767306251,26,-87,0.001869,51,2025-02-12 01:22:49.000139,1297.90002441406,1.037,0.0011,"aoml_navis",1033.61771021612
"7901009",61,0,1,0.029904,1,0.007476,1,195.829057193072,1,4.83622576522726,1350.09997558594,1,4.43510007858276,34.9259986877441,0.0299040004611015,0,188.838394165039,-87.2588,25.8333,9.93485729682908,63,63,63,63,61,63,0,8046,1.33458767306251,26,-87,0.001869,51,2025-02-12 01:22:49.000139,1350.09997558594,1.037,0.0011,"aoml_navis",1033.86405902518
"7901009",61,0,1,0.033642,1,0.011214,1,196.688550856149,1,4.83516913929271,1399.30004882812,1,4.41309976577759,34.9269981384277,0.0336420014500618,0,189.667205810547,-87.2588,25.8333,9.93485729682908,63,63,63,63,61,63,0,8046,1.33458767306251,26,-87,0.001869,51,2025-02-12 01:22:49.000139,1399.30004882812,1.037,0.0011,"aoml_navis",1034.08998857306
"7901009",61,0,1,0.029904,1,0.007476,1,197.819214556307,1,4.83409035554782,1449.80004882812,1,4.39690017700195,34.9280014038086,0.0299040004611015,0,190.757507324219,-87.2588,25.8333,9.93485729682908,63,63,63,63,61,63,0,8046,1.33458767306251,26,-87,0.001869,51,2025-02-12 01:22:49.000139,1449.80004882812,1.037,0.0011,"aoml_navis",1034.32075783643
"7901009",61,0,1,0.029904,1,0.007476,1,198.958786976245,1,4.83302854233429,1499.19995117188,1,4.36940002441406,34.9290008544922,0.0299040004611015,0,191.856399536133,-87.2588,25.8333,9.93485729682908,63,63,63,63,61,63,0,8046,1.33458767306251,26,-87,0.001869,51,2025-02-12 01:22:49.000139,1499.19995117188,1.037,0.0011,"aoml_navis",1034.54799743125
"7901009",61,0,1,0.033642,1,0.011214,1,199.727626899318,1,4.83196778814929,1549.09997558594,1,4.35699987411499,34.9300003051758,0.0336420014500618,0,192.597793579102,-87.2588,25.8333,9.93485729682908,63,63,63,63,61,63,0,8046,1.33458767306251,26,-87,0.001869,51,2025-02-12 01:22:49.000139,1549.09997558594,1.037,0.0011,"aoml_navis",1034.77511010376
"7901009",61,0,1,0.028035,1,0.005607,1,200.738521327686,1,4.83089435737831,1599.90002441406,1,4.34619998931885,34.9300003051758,0.0280349999666214,0,193.572601318359,-87.2588,25.8333,9.93485729682908,63,63,63,63,61,63,0,8046,1.33458767306251,26,-87,0.001869,51,2025-02-12 01:22:49.000139,1599.90002441406,1.037,0.0011,"aoml_navis",1035.00503842801
"7901009",61,0,1,0.028035,1,0.005607,1,201.276003538665,1,4.82984216806962,1649.59997558594,1,4.3358998298645,34.9309997558594,0.0280349999666214,0,194.090896606445,-87.2588,25.8333,9.93485729682908,63,63,63,63,61,63,0,8046,1.33458767306251,26,-87,0.001869,51,2025-02-12 01:22:49.000139,1649.59997558594,1.037,0.0011,"aoml_navis",1035.23051603121
"7901009",61,0,1,0.028035,1,0.005607,1,201.923523471407,1,4.82879011000741,1699.30004882812,1,4.32369995117188,34.931999206543,0.0280349999666214,0,194.715301513672,-87.2588,25.8333,9.93485729682908,63,63,63,63,61,63,0,8046,1.33458767306251,26,-87,0.001869,51,2025-02-12 01:22:49.000139,1699.30004882812,1.037,0.0011,"aoml_navis",1035.45606375348
"7901009",61,0,1,0.024297,1,0.001869,1,202.300996846827,1,4.82773994102167,1749.40002441406,1,4.3189001083374,34.931999206543,0.0242970008403063,0,195.079299926758,-87.2588,25.8333,9.93485729682908,63,63,63,63,61,63,0,8046,1.33458767306251,26,-87,0.001869,51,2025-02-12 01:22:49.000139,1749.40002441406,1.037,0.0011,"aoml_navis",1035.68130451987
"7901009",61,0,1,0.026166,1,0.003738,1,202.801356754778,1,4.82668496014836,1799.80004882812,1,4.31400012969971,34.931999206543,0.0261659994721413,0,195.561798095703,-87.2588,25.8333,9.93485729682908,63,63,63,63,61,63,0,8046,1.33458767306251,26,-87,0.001869,51,2025-02-12 01:22:49.000139,1799.80004882812,1.037,0.0011,"aoml_navis",1035.90767603078
"7901009",61,0,1,0.029904,1,0.007476,1,203.255780581871,1,4.82564788262565,1849.30004882812,1,4.31090021133423,34.9329986572266,0.0299040004611015,0,196,-87.2588,25.8333,9.93485729682908,63,63,63,63,61,63,0,8046,1.33458767306251,26,-87,0.001869,51,2025-02-12 01:22:49.000139,1849.30004882812,1.037,0.0011,"aoml_navis",1036.13030242055
"7901009",61,0,1,0.024297,1,0.001869,1,203.369030506327,1,4.82459735339028,1899.80004882812,1,4.31090021133423,34.9329986572266,0.0242970008403063,0,196.10920715332,-87.2588,25.8333,9.93485729682908,63,63,63,63,61,63,0,8046,1.33458767306251,26,-87,0.001869,51,2025-02-12 01:22:49.000139,1899.80004882812,1.037,0.0011,"aoml_navis",1036.3559140301
"7901009",61,0,1,0.029904,1,0.007476,1,203.666752642505,1,4.82357024804953,1949,1,4.3088002204895,34.9339981079102,0.0299040004611015,0,196.396301269531,-87.2588,25.8333,9.93485729682908,63,63,63,63,61,63,0,8046,1.33458767306251,26,-87,0.001869,51,2025-02-12 01:22:49.000139,1949,1.037,0.0011,"aoml_navis",1036.57659013504
"7901009",61,0,1,0.024297,1,0.001869,1,203.52976723018,1,4.82253932946599,1998.69995117188,1,4.30870008468628,34.9339981079102,0.0242970008403063,0,196.264205932617,-87.2588,25.8333,9.93485729682908,63,63,63,63,61,63,0,8046,1.33458767306251,26,-87,0.001869,51,2025-02-12 01:22:49.000139,1998.69995117188,1.037,0.0011,"aoml_navis",1036.79818004795
"7901009",62,0.267482614447375,1,0.379407,1,0.356979,1,208.594415262409,1,4.87804112458714,2.40000009536743,1,22.7639999389648,36.3040008544922,0.379406988620758,0.396276235580444,201.147994995117,-86.9869,26.1327,39.7356743339178,63,63,63,63,61,63,0.356979,8046,1.33458767306251,26,-87,0.001869,51,2025-02-22 08:04:35.000864,2.40000009536743,1.037,0.0011,"aoml_navis",1025.00160869865
"7901009",62,0.275885209665617,1,0.390621,1,0.368193,1,208.556565059369,1,4.8780115912431,4.09999990463257,1,22.7679996490479,36.3040008544922,0.3906210064888,0.396276235580444,201.11149597168,-86.9869,26.1327,39.7356743339178,63,63,63,63,61,63,0.368193,8046,1.33458767306251,26,-87,0.001869,51,2025-02-22 08:04:35.000864,4.09999990463257,1.037,0.0011,"aoml_navis",1025.00781444962
"7901009",62,0.271683912056496,1,0.385014,1,0.362586,1,208.552102786268,1,4.8779676517768,6.09999990463257,1,22.7660007476807,36.3040008544922,0.385013997554779,0.396276235580444,201.107192993164,-86.9869,26.1327,39.7356743339178,63,63,63,63,61,63,0.362586,8046,1.33458767306251,26,-87,0.001869,51,2025-02-22 08:04:35.000864,6.09999990463257,1.037,0.0011,"aoml_navis",1025.01704745392
"7901009",62,0.271683912056496,1,0.385014,1,0.362586,1,208.514046875603,1,4.87792646029621,7.90000009536743,1,22.7630004882812,36.3040008544922,0.385013997554779,0.396276235580444,201.070495605469,-86.9869,26.1327,39.7356743339178,63,63,63,63,61,63,0.362586,8046,1.33458767306251,26,-87,0.001869,51,2025-02-22 08:04:35.000864,7.90000009536743,1.037,0.0011,"aoml_navis",1025.02570317478
"7901009",62,0.280086507274739,1,0.396228,1,0.3738,1,208.407759328021,1,4.87789212563608,9.89999961853027,1,22.7679996490479,36.3040008544922,0.396227985620499,0.396276235580444,200.968002319336,-86.9869,26.1327,39.7356743339178,63,63,63,63,61,63,0.3738,8046,1.33458767306251,26,-87,0.001869,51,2025-02-22 08:04:35.000864,9.89999961853027,1.037,0.0011,"aoml_navis",1025.03291815786
"7901009",62,0.285688237420233,1,0.403704,1,0.381276,1,208.429738396592,1,4.87785436412181,12,1,22.7719993591309,36.3040008544922,0.403703987598419,0.396276235580444,200.989196777344,-86.9869,26.1327,39.7356743339178,63,63,63,63,61,63,0.381276,8046,1.33458767306251,26,-87,0.001869,51,2025-02-22 08:04:35.000864,12,1.037,0.0011,"aoml_navis",1025.04085336713
"7901009",62,0.28428780488386,1,0.401835,1,0.379407,1,208.28860714203,1,4.87781592240152,14,1,22.7740001678467,36.3040008544922,0.40183499455452,0.396276235580444,200.853103637695,-86.9869,26.1327,39.7356743339178,63,63,63,63,61,63,0.379407,8046,1.33458767306251,26,-87,0.001869,51,2025-02-22 08:04:35.000864,14,1.037,0.0011,"aoml_navis",1025.04893164118
"7901009",62,0.28428780488386,1,0.401835,1,0.379407,1,208.335160359983,1,4.87777061963943,16,1,22.7709999084473,36.3040008544922,0.40183499455452,0.396276235580444,200.897994995117,-86.9869,26.1327,39.7356743339178,63,63,63,63,61,63,0.379407,8046,1.33458767306251,26,-87,0.001869,51,2025-02-22 08:04:35.000864,16,1.037,0.0011,"aoml_navis",1025.05845188137
"7901009",62,0.295491265174849,1,0.416787,1,0.394359,1,208.263510811754,1,4.87773149555473,18.1000003814697,1,22.7740001678467,36.3040008544922,0.416786998510361,0.396276235580444,200.828903198242,-86.9869,26.1327,39.7356743339178,63,63,63,63,61,63,0.394359,8046,1.33458767306251,26,-87,0.001869,51,2025-02-22 08:04:35.000864,18.1000003814697,1.037,0.0011,"aoml_navis",1025.06667383326
"7901009",62,0.277285642201991,1,0.39249,1,0.370062,1,208.184803909614,1,4.87769649282763,20,1,22.7770004272461,36.3040008544922,0.3924899995327,0.396276235580444,200.753005981445,-86.9869,26.1327,39.7356743339178,63,63,63,63,61,63,0.370062,8046,1.33458767306251,26,-87,0.001869,51,2025-02-22 08:04:35.000864,20,1.037,0.0011,"aoml_navis",1025.07402979095
"7901009",62,0.282887372347486,1,0.399966,1,0.377538,1,208.170894909417,1,4.87765805939765,22,1,22.7789993286133,36.3040008544922,0.39996600151062,0.396276235580444,200.739593505859,-86.9869,26.1327,39.7356743339178,63,63,63,63,61,63,0.377538,8046,1.33458767306251,26,-87,0.001869,51,2025-02-22 08:04:35.000864,22,1.037,0.0011,"aoml_navis",1025.08210684565
"7901009",62,0.281486939811112,1,0.398097,1,0.375669,1,208.041789639098,1,4.877616884214,24,1,22.7789993286133,36.3040008544922,0.398097008466721,0.396276235580444,200.615097045898,-86.9869,26.1327,39.7356743339178,63,63,63,63,61,63,0.375669,8046,1.33458767306251,26,-87,0.001869,51,2025-02-22 08:04:35.000864,24,1.037,0.0011,"aoml_navis",1025.09076024033
"7901009",62,0.278686074738365,1,0.394359,1,0.371931,1,208.03101372427,1,4.87757571140216,26,1,22.7789993286133,36.3040008544922,0.394358992576599,0.396276235580444,200.604705810547,-86.9869,26.1327,39.7356743339178,63,63,63,63,61,63,0.371931,8046,1.33458767306251,26,-87,0.001869,51,2025-02-22 08:04:35.000864,26,1.037,0.0011,"aoml_navis",1025.09941328264
"7901009",62,0.289889535029354,1,0.409311,1,0.386883,1,207.907810680429,1,4.8775331685629,28,1,22.7779998779297,36.3040008544922,0.40931099653244,0.396276235580444,200.485900878906,-86.9869,26.1327,39.7356743339178,63,63,63,63,61,63,0.386883,8046,1.33458767306251,26,-87,0.001869,51,2025-02-22 08:04:35.000864,28,1.037,0.0011,"aoml_navis",1025.10835440883
"7901009",62,0.291289967565728,1,0.41118,1,0.388752,1,207.849532127839,1,4.87748564285793,30,1,22.7759990692139,36.3050003051758,0.41117998957634,0.396276235580444,200.429702758789,-86.9869,26.1327,39.7356743339178,63,63,63,63,61,63,0.388752,8046,1.33458767306251,26,-87,0.001869,51,2025-02-22 08:04:35.000864,30,1.037,0.0011,"aoml_navis",1025.11834295637
"7901009",62,0.289889535029354,1,0.409311,1,0.386883,1,207.768325086869,1,4.87744173218206,32,1,22.7740001678467,36.3050003051758,0.40931099653244,0.396276235580444,200.35139465332,-86.9869,26.1327,39.7356743339178,63,63,63,63,61,63,0.386883,8046,1.33458767306251,26,-87,0.001869,51,2025-02-22 08:04:35.000864,32,1.037,0.0011,"aoml_navis",1025.12757190092
"7901009",62,0.285688237420233,1,0.403704,1,0.381276,1,207.599502421221,1,4.87740829863412,34,1,22.7770004272461,36.3040008544922,0.403703987598419,0.3906210064888,200.188598632812,-86.9869,26.1327,39.7356743339178,63,63,63,63,61,63,0.381276,8046,1.33458767306251,26,-87,0.001869,51,2025-02-22 08:04:35.000864,34,1.037,0.0011,"aoml_navis",1025.13459892218
"7901009",62,0.291289967565728,1,0.41118,1,0.388752,1,207.579801960191,1,4.877361644578,36,1,22.7730007171631,36.3040008544922,0.41117998957634,0.398097008466721,200.16960144043,-86.9869,26.1327,39.7356743339178,63,63,63,63,61,63,0.388752,8046,1.33458767306251,26,-87,0.001869,51,2025-02-22 08:04:35.000864,36,1.037,0.0011,"aoml_navis",1025.14440477432
"7901009",62,0.285688237420233,1,0.403704,1,0.381276,1,207.382971410186,1,4.8773149902578,38,1,22.7689990997314,36.3040008544922,0.403703987598419,0.3906210064888,199.979797363281,-86.9869,26.1327,39.7356743339178,63,63,63,63,61,63,0.381276,8046,1.33458767306251,26,-87,0.001869,51,2025-02-22 08:04:35.000864,38,1.037,0.0011,"aoml_navis",1025.15421086956
"7901009",62,0.301092995320344,1,0.424263,1,0.401835,1,207.315151188519,1,4.87721619060818,40,1,22.7269992828369,36.3040008544922,0.424263000488281,0.41117998957634,199.914398193359,-86.9869,26.1327,39.7356743339178,63,63,63,63,61,63,0.401835,8046,1.33458767306251,26,-87,0.001869,51,2025-02-22 08:04:35.000864,40,1.037,0.0011,"aoml_navis",1025.17497781383
"7901009",62,0.347307269020676,1,0.48594,1,0.463512,1,207.440632839901,1,4.87697751711675,42,1,22.5879993438721,36.3059997558594,0.485940009355545,0.472856998443604,200.035400390625,-86.9869,26.1327,39.7356743339178,63,63,63,63,61,63,0.463512,8046,1.33458767306251,26,-87,0.001869,51,2025-02-22 08:04:35.000864,42,1.037,0.0011,"aoml_navis",1025.22514866051
"7901009",62,0.373915487211776,1,0.521451,1,0.499023,1,207.61610144421,1,4.87670874768659,44,1,22.4290008544922,36.3089981079102,0.521450996398926,0.508368015289307,200.204605102539,-86.9869,26.1327,39.7356743339178,63,63,63,63,61,63,0.499023,8046,1.33458767306251,26,-87,0.001869,51,2025-02-22 08:04:35.000864,44,1.037,0.0011,"aoml_navis",1025.28165176399
"7901009",62,0.397722840330129,1,0.553224,1,0.530796,1,207.182105825995,1,4.87651777150194,46,1,22.3560009002686,36.3230018615723,0.55322402715683,0.540140986442566,199.786102294922,-86.9869,26.1327,39.7356743339178,63,63,63,63,61,63,0.530796,8046,1.33458767306251,26,-87,0.001869,51,2025-02-22 08:04:35.000864,46,1.037,0.0011,"aoml_navis",1025.32180426363
"7901009",62,0.436934951348592,1,0.605556,1,0.583128,1,206.089181213223,1,4.87629765641508,48,1,22.3040008544922,36.3530006408691,0.605556011199951,0.592472970485687,198.732192993164,-86.9869,26.1327,39.7356743339178,63,63,63,63,61,63,0.583128,8046,1.33458767306251,26,-87,0.001869,51,2025-02-22 08:04:35.000864,48,1.037,0.0011,"aoml_navis",1025.36808708184
"7901009",62,0.471945764757934,1,0.652281,1,0.629853,1,204.852546088744,1,4.87592688024729,50,1,22.2019996643066,36.4059982299805,0.652280986309052,0.639198005199432,197.539703369141,-86.9869,26.1327,39.7356743339178,63,63,63,63,61,63,0.629853,8046,1.33458767306251,26,-87,0.001869,51,2025-02-22 08:04:35.000864,50,1.037,0.0011,"aoml_navis",1025.44605831875
"7901009",62,0.464943602076066,4,0.642936,1,0.620508,1,204.087740961855,1,4.87561524236964,52,1,22.0900001525879,36.4389991760254,0.642935991287231,0.629853010177612,196.802200317383,-86.9869,26.1327,39.7356743339178,63,63,63,63,61,63,0.620508,8046,1.33458767306251,26,-87,0.001869,51,2025-02-22 08:04:35.000864,52,1.037,0.0011,"aoml_navis",1025.5116024229
"7901009",62,0.494352685339914,1,0.682185,1,0.659757,1,202.924622577894,1,4.87554468772803,54,1,22.0359992980957,36.4269981384277,0.682184994220734,0.669102013111115,195.680603027344,-86.9869,26.1327,39.7356743339178,63,63,63,63,61,63,0.659757,8046,1.33458767306251,26,-87,0.001869,51,2025-02-22 08:04:35.000864,54,1.037,0.0011,"aoml_navis",1025.52644273474
"7901009",62,0.527963066212882,1,0.727041,1,0.704613,1,201.655612237938,1,4.87548392817988,56,1,21.9650001525879,36.4059982299805,0.727041006088257,0.713958024978638,194.456893920898,-86.9869,26.1327,39.7356743339178,63,63,63,63,61,63,0.704613,8046,1.33458767306251,26,-87,0.001869,51,2025-02-22 08:04:35.000864,56,1.037,0.0011,"aoml_navis",1025.53922311187
"7901009",62,0.527963066212882,1,0.727041,1,0.704613,1,200.134720822737,1,4.87541182721922,58,1,21.8799991607666,36.382999420166,0.727041006088257,0.713958024978638,192.990295410156,-86.9869,26.1327,39.7356743339178,63,63,63,63,61,63,0.704613,8046,1.33458767306251,26,-87,0.001869,51,2025-02-22 08:04:35.000864,58,1.037,0.0011,"aoml_navis",1025.5543894949
"7901009",62,0.534965228894751,1,0.736386,1,0.713958,1,197.977006070858,1,4.8753233724121,60,1,21.8150005340576,36.3720016479492,0.736386001110077,0.723303020000458,190.909606933594,-86.9869,26.1327,39.7356743339178,63,63,63,63,61,63,0.713958,8046,1.33458767306251,26,-87,0.001869,51,2025-02-22 08:04:35.000864,60,1.037,0.0011,"aoml_navis",1025.57299651002
"7901009",62,0.547569121722114,1,0.753207,1,0.730779,1,195.872063236679,1,4.87522360522133,62,1,21.7819995880127,36.3759994506836,0.75320702791214,0.740123987197876,188.879806518555,-86.9869,26.1327,39.7356743339178,63,63,63,63,61,63,0.730779,8046,1.33458767306251,26,-87,0.001869,51,2025-02-22 08:04:35.000864,62,1.037,0.0011,"aoml_navis",1025.59398396517
"7901009",62,0.520960903531014,1,0.717696,1,0.695268,1,194.211069105043,1,4.87511859139735,64,1,21.7639999389648,36.3870010375977,0.717696011066437,0.704612970352173,187.278106689453,-86.9869,26.1327,39.7356743339178,63,63,63,63,61,63,0.695268,8046,1.33458767306251,26,-87,0.001869,51,2025-02-22 08:04:35.000864,64,1.037,0.0011,"aoml_navis",1025.61607605259
"7901009",62,0.477547494903429,1,0.659757,1,0.637329,1,194.458187257581,1,4.87501838071442,66,1,21.7549991607666,36.4000015258789,0.659757018089294,0.646673977375031,187.516403198242,-86.9869,26.1327,39.7356743339178,63,63,63,63,61,63,0.637329,8046,1.33458767306251,26,-87,0.001869,51,2025-02-22 08:04:35.000864,66,1.037,0.0011,"aoml_navis",1025.63715857565
"7901009",62,0.434134086275845,1,0.601818,1,0.57939,1,194.699498125622,1,4.87492591153408,68,1,21.7220001220703,36.4020004272461,0.601818025112152,0.588734984397888,187.749099731445,-86.9869,26.1327,39.7356743339178,63,63,63,63,61,63,0.57939,8046,1.33458767306251,26,-87,0.001869,51,2025-02-22 08:04:35.000864,68,1.037,0.0011,"aoml_navis",1025.65661319488
"7901009",62,0.371114622139029,1,0.517713,1,0.495285,1,194.262401069366,1,4.87479754306784,70,1,21.7000007629395,36.4179992675781,0.517713010311127,0.504630029201508,187.327606201172,-86.9869,26.1327,39.7356743339178,63,63,63,63,61,63,0.495285,8046,1.33458767306251,26,-87,0.001869,51,2025-02-22 08:04:35.000864,70,1.037,0.0011,"aoml_navis",1025.68362189938
"7901009",62,0.348707701557049,1,0.487809,1,0.465381,1,192.911788096853,1,4.87471607975899,72,1,21.7240009307861,36.4379997253418,0.487809002399445,0.474725991487503,186.025207519531,-86.9869,26.1327,39.7356743339178,63,63,63,63,61,63,0.465381,8046,1.33458767306251,26,-87,0.001869,51,2025-02-22 08:04:35.000864,72,1.037,0.0011,"aoml_navis",1025.70076250414
"7901009",62,0.27308434459287,1,0.386883,1,0.364455,1,191.928173351389,1,4.87453325373681,74,1,21.6149997711182,36.4370002746582,0.386882990598679,0.373800009489059,185.076705932617,-86.9869,26.1327,39.7356743339178,63,63,63,63,61,63,0.364455,8046,1.33458767306251,26,-87,0.001869,51,2025-02-22 08:04:35.000864,74,1.037,0.0011,"aoml_navis",1025.73923281106
"7901009",62,0.264681749374628,1,0.375669,1,0.353241,1,191.048045365071,1,4.87445487287445,76,1,21.568000793457,36.4300003051758,0.375669002532959,0.362585991621017,184.227996826172,-86.9869,26.1327,39.7356743339178,63,63,63,63,61,63,0.353241,8046,1.33458767306251,26,-87,0.001869,51,2025-02-22 08:04:35.000864,76,1.037,0.0011,"aoml_navis",1025.75572661964
"7901009",62,0.270283479520123,1,0.383145,1,0.360717,1,189.121466865618,1,4.87439863148014,78,1,21.5240001678467,36.4179992675781,0.38314500451088,0.370061993598938,182.370193481445,-86.9869,26.1327,39.7356743339178,63,63,63,63,61,63,0.360717,8046,1.33458767306251,26,-87,0.001869,51,2025-02-22 08:04:35.000864,78,1.037,0.0011,"aoml_navis",1025.76756191188
"7901009",62,0.243675261329023,1,0.347634,1,0.325206,1,185.90131970049,1,4.87430501250716,80,1,21.4489994049072,36.4049987792969,0.347633987665176,0.334551006555557,179.264999389648,-86.9869,26.1327,39.7356743339178,63,63,63,63,61,63,0.325206,8046,1.33458767306251,26,-87,0.001869,51,2025-02-22 08:04:35.000864,80,1.037,0.0011,"aoml_navis",1025.78726344993
"7901009",62,0.197460987628691,1,0.285957,1,0.263529,1,181.306602536343,1,4.87407227714331,82,1,21.3780002593994,36.431999206543,0.285957008600235,0.272873997688293,174.83430480957,-86.9869,26.1327,39.7356743339178,63,63,63,63,61,63,0.263529,8046,1.33458767306251,26,-87,0.001869,51,2025-02-22 08:04:35.000864,82,1.037,0.0011,"aoml_navis",1025.83624445768
"7901009",62,0.158248876610227,1,0.233625,1,0.211197,1,179.489745319447,1,4.87386406398497,84,1,21.3719997406006,36.476001739502,0.233624994754791,0.220541998744011,173.082305908203,-86.9869,26.1327,39.7356743339178,63,63,63,63,61,63,0.211197,8046,1.33458767306251,26,-87,0.001869,51,2025-02-22 08:04:35.000864,84,1.037,0.0011,"aoml_navis",1025.88006853681
"7901009",62,0.135841956028248,1,0.203721,1,0.181293,1,180.79700145403,1,4.87373584892643,86,1,21.2320003509521,36.4490013122559,0.20372100174427,0.19063800573349,174.342895507812,-86.9869,26.1327,39.7356743339178,63,63,63,63,61,63,0.181293,8046,1.33458767306251,26,-87,0.001869,51,2025-02-22 08:04:35.000864,86,1.037,0.0011,"aoml_navis",1025.90705671941
"7901009",62,0.114835467982643,4,0.175686,1,0.153258,1,183.822296027088,1,4.87345304984983,88,1,20.8649997711182,36.382999420166,0.175686001777649,0.162603005766869,177.260192871094,-86.9869,26.1327,39.7356743339178,63,63,63,63,61,63,0.153258,8046,1.33458767306251,26,-87,0.001869,51,2025-02-22 08:04:35.000864,88,1.037,0.0011,"aoml_navis",1025.96658854733
"7901009",62,0.124638495737259,1,0.188769,1,0.166341,1,184.676394086984,1,4.87316673070741,90,1,20.4909992218018,36.3170013427734,0.188768997788429,0.175686001777649,178.083801269531,-86.9869,26.1327,39.7356743339178,63,63,63,63,61,63,0.166341,8046,1.33458767306251,26,-87,0.001869,51,2025-02-22 08:04:35.000864,90,1.037,0.0011,"aoml_navis",1026.02686842077
"7901009",62,0.123238063200885,1,0.1869,1,0.164472,1,183.130089868237,1,4.87305393901364,92,1,20.4409999847412,36.3190002441406,0.18690000474453,0.173816993832588,176.592697143555,-86.9869,26.1327,39.7356743339178,63,63,63,63,61,63,0.164472,8046,1.33458767306251,26,-87,0.001869,51,2025-02-22 08:04:35.000864,92,1.037,0.0011,"aoml_navis",1026.05061683599
"7901009",62,0.116235900519016,1,0.177555,1,0.155127,1,181.286585602043,1,4.87296048027033,94,1,20.4060001373291,36.3209991455078,0.177554994821548,0.164471998810768,174.815002441406,-86.9869,26.1327,39.7356743339178,63,63,63,63,61,63,0.155127,8046,1.33458767306251,26,-87,0.001869,51,2025-02-22 08:04:35.000864,94,1.037,0.0011,"aoml_navis",1026.0702955101
"7901009",62,0.114835467982643,1,0.175686,1,0.153258,1,177.852597448672,1,4.87288660057281,96,1,20.4060001373291,36.3300018310547,0.175686001777649,0.162603005766869,171.503601074219,-86.9869,26.1327,39.7356743339178,63,63,63,63,61,63,0.153258,8046,1.33458767306251,26,-87,0.001869,51,2025-02-22 08:04:35.000864,96,1.037,0.0011,"aoml_navis",1026.0858521543
"7901009",62,0.109233737837148,1,0.16821,1,0.145782,1,177.218147661516,1,4.87274139476751,98,1,20.4039993286133,36.3580017089844,0.168209999799728,0.155127003788948,170.891799926758,-86.9869,26.1327,39.7356743339178,63,63,63,63,61,63,0.145782,8046,1.33458767306251,26,-87,0.001869,51,2025-02-22 08:04:35.000864,98,1.037,0.0011,"aoml_navis",1026.11642911506
"7901009",62,0.0938289799370374,1,0.147651,1,0.125223,1,177.452717648916,1,4.87255852124626,100,1,20.2509994506836,36.3429985046387,0.147651001811028,0.134568005800247,171.11799621582,-86.9869,26.1327,39.7356743339178,63,63,63,63,61,63,0.125223,8046,1.33458767306251,26,-87,0.001869,51,2025-02-22 08:04:35.000864,100,1.037,0.0011,"aoml_navis",1026.15494061242
"7901009",62,0.0882272497915426,1,0.140175,1,0.117747,1,177.191801261825,1,4.87244945008088,102,1,20.1240005493164,36.3170013427734,0.140174999833107,0.127092003822327,170.866394042969,-86.9869,26.1327,39.7356743339178,63,63,63,63,61,63,0.117747,8046,1.33458767306251,26,-87,0.001869,51,2025-02-22 08:04:35.000864,102,1.037,0.0011,"aoml_navis",1026.17791138233
"7901009",62,0.0840259521824216,1,0.134568,1,0.11214,1,174.079508186964,1,4.87233936387707,104,1,20.0869998931885,36.3230018615723,0.134568005800247,0.121485002338886,167.865203857422,-86.9869,26.1327,39.7356743339178,63,63,63,63,61,63,0.11214,8046,1.33458767306251,26,-87,0.001869,51,2025-02-22 08:04:35.000864,104,1.037,0.0011,"aoml_navis",1026.20109696574
"7901009",62,0.0798246545733005,1,0.128961,1,0.106533,1,172.948939078779,1,4.872273289966,106,1,20.132999420166,36.3460006713867,0.128960996866226,0.115878000855446,166.774993896484,-86.9869,26.1327,39.7356743339178,63,63,63,63,61,63,0.106533,8046,1.33458767306251,26,-87,0.001869,51,2025-02-22 08:04:35.000864,106,1.037,0.0011,"aoml_navis",1026.21501349217
"7901009",62,0.0868268172551689,1,0.138306,1,0.115878,1,172.284630038639,1,4.87219366938069,108,1,20.0629997253418,36.3320007324219,0.138306006789207,0.125222995877266,166.134399414062,-86.9869,26.1327,39.7356743339178,63,63,63,63,61,63,0.115878,8046,1.33458767306251,26,-87,0.001869,51,2025-02-22 08:04:35.000864,108,1.037,0.0011,"aoml_navis",1026.23178372865
"7901009",62,0.0826255196460479,1,0.132699,1,0.110271,1,168.576876683433,1,4.87197526753865,110,1,19.8199996948242,36.2960014343262,0.132698997855186,0.119616001844406,162.559005737305,-86.9869,26.1327,39.7356743339178,63,63,63,63,61,63,0.110271,8046,1.33458767306251,26,-87,0.001869,51,2025-02-22 08:04:35.000864,110,1.037,0.0011,"aoml_navis",1026.27778784395
"7901009",62,0.0840259521824216,1,0.134568,1,0.11214,1,162.186759190067,1,4.87175323413953,112,1,19.7339992523193,36.3160018920898,0.134568005800247,0.121485002338886,156.397003173828,-86.9869,26.1327,39.7356743339178,63,63,63,63,61,63,0.11214,8046,1.33458767306251,26,-87,0.001869,51,2025-02-22 08:04:35.000864,112,1.037,0.0011,"aoml_navis",1026.32456113782
"7901009",62,0.0784242220369268,1,0.127092,1,0.104664,1,156.521318013008,1,4.87152995751078,114,1,19.6669998168945,36.3429985046387,0.127092003822327,0.114009000360966,150.933807373047,-86.9869,26.1327,39.7356743339178,63,63,63,63,61,63,0.104664,8046,1.33458767306251,26,-87,0.001869,51,2025-02-22 08:04:35.000864,114,1.037,0.0011,"aoml_navis",1026.37160062849
"7901009",62,0.0686211942823109,1,0.114009,1,0.091581,1,154.271082300773,1,4.87120692080278,116,1,19.4939994812012,36.3610000610352,0.114009000360966,0.100925996899605,148.763900756836,-86.9869,26.1327,39.7356743339178,63,63,63,63,61,63,0.091581,8046,1.33458767306251,26,-87,0.001869,51,2025-02-22 08:04:35.000864,116,1.037,0.0011,"aoml_navis",1026.43966501345
"7901009",62,0.0658203292095636,1,0.110271,1,0.087843,1,152.862491425276,1,4.87107706639635,118,1,19.4230003356934,36.3610000610352,0.110270999372005,0.0971880033612251,147.40559387207,-86.9869,26.1327,39.7356743339178,63,63,63,63,61,63,0.087843,8046,1.33458767306251,26,-87,0.001869,51,2025-02-22 08:04:35.000864,118,1.037,0.0011,"aoml_navis",1026.46702810207
"7901009",62,0.0574177339913214,1,0.099057,1,0.076629,1,151.217273486128,1,4.8709492749838,120,1,19.3360004425049,36.3549995422363,0.0990569964051247,0.0859740003943443,145.819107055664,-86.9869,26.1327,39.7356743339178,63,63,63,63,61,63,0.076629,8046,1.33458767306251,26,-87,0.001869,51,2025-02-22 08:04:35.000864,120,1.037,0.0011,"aoml_navis",1026.4939578983
"7901009",62,0.0574177339913214,1,0.099057,1,0.076629,1,150.281873443281,1,4.87076634227679,122,1,19.2129993438721,36.3520011901855,0.0990569964051247,0.0859740003943443,144.917098999023,-86.9869,26.1327,39.7356743339178,63,63,63,63,61,63,0.076629,8046,1.33458767306251,26,-87,0.001869,51,2025-02-22 08:04:35.000864,122,1.037,0.0011,"aoml_navis",1026.53251021333
"7901009",62,0.0560173014549477,1,0.097188,1,0.07476,1,148.89723959429,1,4.87069868128874,124,1,19.1800003051758,36.3479995727539,0.0971880033612251,0.0841049998998642,143.581893920898,-86.9869,26.1327,39.7356743339178,63,63,63,63,61,63,0.07476,8046,1.33458767306251,26,-87,0.001869,51,2025-02-22 08:04:35.000864,124,1.037,0.0011,"aoml_navis",1026.54677022169
"7901009",62,0.0574177339913214,1,0.099057,1,0.076629,1,145.566754023729,1,4.8706160927349,126,1,19.128999710083,36.3419990539551,0.0990569964051247,0.0859740003943443,140.370300292969,-86.9869,26.1327,39.7356743339178,63,63,63,63,61,63,0.076629,8046,1.33458767306251,26,-87,0.001869,51,2025-02-22 08:04:35.000864,126,1.037,0.0011,"aoml_navis",1026.5641768519
"7901009",62,0.0504155713094529,1,0.089712,1,0.067284,1,139.684370420386,1,4.87047868201286,128,1,19.0540008544922,36.3429985046387,0.0897120013833046,0.0766289979219437,134.697906494141,-86.9869,26.1327,39.7356743339178,63,63,63,63,61,63,0.067284,8046,1.33458767306251,26,-87,0.001869,51,2025-02-22 08:04:35.000864,128,1.037,0.0011,"aoml_navis",1026.59313928741
"7901009",62,0.0406125435548371,1,0.076629,1,0.054201,1,133.990604885702,1,4.87016045726223,130,1,18.8490009307861,36.3499984741211,0.0766289979219437,0.0635460019111633,129.207397460938,-86.9869,26.1327,39.7356743339178,63,63,63,63,61,63,0.054201,8046,1.33458767306251,26,-87,0.001869,51,2025-02-22 08:04:35.000864,130,1.037,0.0011,"aoml_navis",1026.66021866778
"7901009",62,0.036411245945716,1,0.071022,1,0.048594,1,130.906098163909,1,4.86976020371339,132,1,18.4610004425049,36.3190002441406,0.0710219964385033,0.0579390004277229,126.233001708984,-86.9869,26.1327,39.7356743339178,63,63,63,63,61,63,0.048594,8046,1.33458767306251,26,-87,0.001869,51,2025-02-22 08:04:35.000864,132,1.037,0.0011,"aoml_navis",1026.74460154882
"7901009",62,0.0322099483365949,1,0.065415,1,0.042987,1,129.508607588342,1,4.86926364172304,134,1,17.94700050354,36.2750015258789,0.0654150024056435,0.0523319989442825,124.885398864746,-86.9869,26.1327,39.7356743339178,63,63,63,63,61,63,0.042987,8046,1.33458767306251,26,-87,0.001869,51,2025-02-22 08:04:35.000864,134,1.037,0.0011,"aoml_navis",1026.8493078002
"7901009",62,0.0266082181911002,1,0.057939,1,0.035511,1,127.916367274518,1,4.86905594404282,136,1,17.7509994506836,36.2569999694824,0.0579390004277229,0.0448560006916523,123.349998474121,-86.9869,26.1327,39.7356743339178,63,63,63,63,61,63,0.035511,8046,1.33458767306251,26,-87,0.001869,51,2025-02-22 08:04:35.000864,136,1.037,0.0011,"aoml_navis",1026.89310976543
"7901009",62,0.0238073531183528,1,0.054201,1,0.031773,1,126.244177900971,1,4.86882177745995,138,1,17.5310001373291,36.2389984130859,0.0542009994387627,0.041117999702692,121.737503051758,-86.9869,26.1327,39.7356743339178,63,63,63,63,61,63,0.031773,8046,1.33458767306251,26,-87,0.001869,51,2025-02-22 08:04:35.000864,138,1.037,0.0011,"aoml_navis",1026.94249831598
"7901009",62,0.0210064880456054,1,0.050463,1,0.028035,1,124.531741039367,1,4.86866487931184,140,1,17.4039993286133,36.2299995422363,0.0504629984498024,0.0373799987137318,120.086196899414,-86.9869,26.1327,39.7356743339178,63,63,63,63,61,63,0.028035,8046,1.33458767306251,26,-87,0.001869,51,2025-02-22 08:04:35.000864,140,1.037,0.0011,"aoml_navis",1026.97559268173
"7901009",62,0.0224069205819791,1,0.052332,1,0.029904,1,123.091320864784,1,4.8685023702622,142,1,17.2810001373291,36.2239990234375,0.0523319989442825,0.0392489992082119,118.697196960449,-86.9869,26.1327,39.7356743339178,63,63,63,63,61,63,0.029904,8046,1.33458767306251,26,-87,0.001869,51,2025-02-22 08:04:35.000864,142,1.037,0.0011,"aoml_navis",1027.00987279805
"7901009",62,0.0140043253637369,1,0.041118,1,0.01869,1,121.927063177053,1,4.86841384422387,144,1,17.2530002593994,36.2280006408691,0.041117999702692,0.0280349999666214,117.574501037598,-86.9869,26.1327,39.7356743339178,63,63,63,63,61,63,0.01869,8046,1.33458767306251,26,-87,0.001869,51,2025-02-22 08:04:35.000864,144,1.037,0.0011,"aoml_navis",1027.02854769264
"7901009",62,0.00700216268186846,1,0.031773,1,0.009345,1,121.686060870449,1,4.8682218483644,146,1,17.0499992370605,36.2050018310547,0.0317730009555817,0.0186899993568659,117.342102050781,-86.9869,26.1327,39.7356743339178,63,63,63,63,61,63,0.009345,8046,1.33458767306251,26,-87,0.001869,51,2025-02-22 08:04:35.000864,146,1.037,0.0011,"aoml_navis",1027.06905226184
"7901009",62,0.0126038928273632,1,0.039249,1,0.016821,1,121.65048927495,1,4.86802623979147,148,1,16.7880001068115,36.1650009155273,0.0392489992082119,0.0261659994721413,117.307800292969,-86.9869,26.1327,39.7356743339178,63,63,63,63,61,63,0.016821,8046,1.33458767306251,26,-87,0.001869,51,2025-02-22 08:04:35.000864,148,1.037,0.0011,"aoml_navis",1027.11032227595
"7901009",62,0.00980302775461585,1,0.035511,1,0.013083,1,121.042377975654,1,4.86791812674331,150,1,16.6909999847412,36.1529998779297,0.0355109982192516,0.0224280003458261,116.721397399902,-86.9869,26.1327,39.7356743339178,63,63,63,63,61,63,0.013083,8046,1.33458767306251,26,-87,0.001869,51,2025-02-22 08:04:35.000864,150,1.037,0.0011,"aoml_navis",1027.13313367599
"7901009",62,0.0112034602909895,1,0.03738,1,0.014952,1,120.11290389478,1,4.8678370835471,152,1,16.6529998779297,36.1520004272461,0.0373799987137318,0.0242970008403063,115.825103759766,-86.9869,26.1327,39.7356743339178,63,63,63,63,61,63,0.014952,8046,1.33458767306251,26,-87,0.001869,51,2025-02-22 08:04:35.000864,152,1.037,0.0011,"aoml_navis",1027.15023411519
"7901009",62,0.00840259521824216,1,0.033642,1,0.011214,1,119.520758671933,1,4.86772283503609,154,1,16.5629997253418,36.1440010070801,0.0336420014500618,0.020558999851346,115.254096984863,-86.9869,26.1327,39.7356743339178,63,63,63,63,61,63,0.011214,8046,1.33458767306251,26,-87,0.001869,51,2025-02-22 08:04:35.000864,154,1.037,0.0011,"aoml_navis",1027.17434197605
"7901009",62,0.00560173014549477,1,0.029904,1,0.007476,1,119.329743318256,1,4.86757091718349,156,1,16.4099998474121,36.1269989013672,0.0299040004611015,0.0168210007250309,115.069900512695,-86.9869,26.1327,39.7356743339178,63,63,63,63,61,63,0.007476,8046,1.33458767306251,26,-87,0.001869,51,2025-02-22 08:04:35.000864,156,1.037,0.0011,"aoml_navis",1027.20640029075
"7901009",62,0.00840259521824216,1,0.033642,1,0.011214,1,118.847944412674,1,4.8675015027195,158,1,16.3430004119873,36.1139984130859,0.0336420014500618,0.020558999851346,114.60530090332,-86.9869,26.1327,39.7356743339178,63,63,63,63,61,63,0.011214,8046,1.33458767306251,26,-87,0.001869,51,2025-02-22 08:04:35.000864,158,1.037,0.0011,"aoml_navis",1027.22104907548
"7901009",62,0.00560173014549477,1,0.029904,1,0.007476,1,118.657237620436,1,4.86733843764546,160,1,16.181999206543,36.0979995727539,0.0299040004611015,0.0168210007250309,114.421401977539,-86.9869,26.1327,39.7356743339178,63,63,63,63,61,63,0.007476,8046,1.33458767306251,26,-87,0.001869,51,2025-02-22 08:04:35.000864,160,1.037,0.0011,"aoml_navis",1027.2554629299
"7901009",62,0.00700216268186846,1,0.031773,1,0.009345,1,118.103156220085,1,4.86727315155544,162,1,16.1280002593994,36.0880012512207,0.0317730009555817,0.0186899993568659,113.887100219727,-86.9869,26.1327,39.7356743339178,63,63,63,63,61,63,0.009345,8046,1.33458767306251,26,-87,0.001869,51,2025-02-22 08:04:35.000864,162,1.037,0.0011,"aoml_navis",1027.26924179346
"7901009",62,0.00560173014549477,1,0.029904,1,0.007476,1,117.631207545018,1,4.86717127054516,164,1,15.9980001449585,36.064998626709,0.0299040004611015,0.0168210007250309,113.431999206543,-86.9869,26.1327,39.7356743339178,63,63,63,63,61,63,0.007476,8046,1.33458767306251,26,-87,0.001869,51,2025-02-22 08:04:35.000864,164,1.037,0.0011,"aoml_navis",1027.29074488475
"7901009",62,0.00560173014549477,1,0.029904,1,0.007476,1,117.418719480002,1,4.86700526913953,166,1,15.7889995574951,36.0359992980957,0.0299040004611015,0.0168210007250309,113.227096557617,-86.9869,26.1327,39.7356743339178,63,63,63,63,61,63,0.007476,8046,1.33458767306251,26,-87,0.001869,51,2025-02-22 08:04:35.000864,166,1.037,0.0011,"aoml_navis",1027.32578320877
"7901009",62,0.00280086507274739,1,0.026166,1,0.003738,1,117.220235357164,1,4.8668731868416,168,1,15.6630001068115,36.0229988098145,0.0261659994721413,0.0130829997360706,113.035697937012,-86.9869,26.1327,39.7356743339178,63,63,63,63,61,63,0.003738,8046,1.33458767306251,26,-87,0.001869,51,2025-02-22 08:04:35.000864,168,1.037,0.0011,"aoml_navis",1027.35366385102
"7901009",62,0.00420129760912108,1,0.028035,1,0.005607,1,117.102538948213,1,4.86674707414038,170,1,15.5150003433228,36.0019989013672,0.0280349999666214,0.0149520002305508,112.922203063965,-86.9869,26.1327,39.7356743339178,63,63,63,63,61,63,0.005607,8046,1.33458767306251,26,-87,0.001869,51,2025-02-22 08:04:35.000864,170,1.037,0.0011,"aoml_navis",1027.38028581096
"7901009",62,0,1,0.022428,1,0,1,116.911515682705,1,4.86669290909482,172,1,15.4799995422363,35.9949989318848,0.0224280003458261,0.00934499967843294,112.737998962402,-86.9869,26.1327,39.7356743339178,63,63,63,63,61,63,0,8046,1.33458767306251,26,-87,0.001869,51,2025-02-22 08:04:35.000864,172,1.037,0.0011,"aoml_navis",1027.3917202904
"7901009",62,0.00420129760912108,1,0.028035,1,0.005607,1,116.514341729404,1,4.86664555092812,174,1,15.4580001831055,35.9900016784668,0.0280349999666214,0.0149520002305508,112.355003356934,-86.9869,26.1327,39.7356743339178,63,63,63,63,61,63,0.005607,8046,1.33458767306251,26,-87,0.001869,51,2025-02-22 08:04:35.000864,174,1.037,0.0011,"aoml_navis",1027.40171801631
"7901009",62,0.00420129760912108,1,0.028035,1,0.005607,1,116.010239370149,1,4.8665775732231,176,1,15.3999996185303,35.9799995422363,0.0280349999666214,0.0149520002305508,111.868896484375,-86.9869,26.1327,39.7356743339178,63,63,63,63,61,63,0.005607,8046,1.33458767306251,26,-87,0.001869,51,2025-02-22 08:04:35.000864,176,1.037,0.0011,"aoml_navis",1027.4160690484
"7901009",62,0.00560173014549477,1,0.029904,1,0.007476,1,115.555823314216,1,4.86650320002415,178,1,15.3190002441406,35.9650001525879,0.0299040004611015,0.0168210007250309,111.430702209473,-86.9869,26.1327,39.7356743339178,63,63,63,63,61,63,0.007476,8046,1.33458767306251,26,-87,0.001869,51,2025-02-22 08:04:35.000864,178,1.037,0.0011,"aoml_navis",1027.43177071684
"7901009",62,0.00280086507274739,1,0.026166,1,0.003738,1,115.378598283261,1,4.8663655836017,180,1,15.1479997634888,35.9410018920898,0.0261659994721413,0.0130829997360706,111.259803771973,-86.9869,26.1327,39.7356743339178,63,63,63,63,61,63,0.003738,8046,1.33458767306251,26,-87,0.001869,51,2025-02-22 08:04:35.000864,180,1.037,0.0011,"aoml_navis",1027.46082555914
"7901009",62,0.00420129760912108,1,0.028035,1,0.005607,1,115.483129404197,1,4.86621252779168,182,1,14.9750003814697,35.9210014343262,0.0280349999666214,0.0149520002305508,111.36060333252,-86.9869,26.1327,39.7356743339178,63,63,63,63,61,63,0.005607,8046,1.33458767306251,26,-87,0.001869,51,2025-02-22 08:04:35.000864,182,1.037,0.0011,"aoml_navis",1027.4931420369
"7901009",62,0.00140043253637369,1,0.024297,1,0.001869,1,115.302478550099,1,4.86616090456236,184,1,14.9519996643066,35.9169998168945,0.0242970008403063,0.0112140001729131,111.186401367188,-86.9869,26.1327,39.7356743339178,63,63,63,63,61,63,0.001869,8046,1.33458767306251,26,-87,0.001869,51,2025-02-22 08:04:35.000864,184,1.037,0.0011,"aoml_navis",1027.50404231643
"7901009",62,0.00420129760912108,1,0.028035,1,0.005607,1,115.127223565247,1,4.86611620873927,185.899993896484,1,14.9370002746582,35.9140014648438,0.0280349999666214,0.0149520002305508,111.017402648926,-86.9869,26.1327,39.7356743339178,63,63,63,63,61,63,0.005607,8046,1.33458767306251,26,-87,0.001869,51,2025-02-22 08:04:35.000864,185.899993896484,1.037,0.0011,"aoml_navis",1027.51348005629
"7901009",62,0,1,0.022428,1,0,1,114.779925799229,1,4.86606076661216,188,1,14.9020004272461,35.9070014953613,0.0224280003458261,0,110.682502746582,-86.9869,26.1327,39.7356743339178,63,63,63,63,61,63,0,8046,1.33458767306251,26,-87,0.001869,51,2025-02-22 08:04:35.000864,188,1.037,0.0011,"aoml_navis",1027.52518717128
"7901009",62,0,1,0.022428,1,0,1,114.317621647052,1,4.86597495542077,190,1,14.8120002746582,35.8930015563965,0.0224280003458261,0,110.236701965332,-86.9869,26.1327,39.7356743339178,63,63,63,63,61,63,0,8046,1.33458767306251,26,-87,0.001869,51,2025-02-22 08:04:35.000864,190,1.037,0.0011,"aoml_navis",1027.54330751948
"7901009",62,0,1,0.020559,1,-0.001869,1,114.359000527047,1,4.86582951987666,192,1,14.6230001449585,35.867000579834,0.020558999851346,0,110.27660369873,-86.9869,26.1327,39.7356743339178,63,63,63,63,61,63,0,8046,1.33458767306251,26,-87,0.001869,51,2025-02-22 08:04:35.000864,192,1.037,0.0011,"aoml_navis",1027.57401992307
"7901009",62,0,1,0.031773,1,0.009345,1,114.040011294991,1,4.86577661792272,194,1,14.5880002975464,35.8600006103516,0.0317730009555817,0,109.96900177002,-86.9869,26.1327,39.7356743339178,63,63,63,63,61,63,0,8046,1.33458767306251,26,-87,0.001869,51,2025-02-22 08:04:35.000864,194,1.037,0.0011,"aoml_navis",1027.58519196769
"7901009",62,0,1,0.024297,1,0.001869,1,113.53860687036,1,4.86571387036221,196,1,14.5329999923706,35.8499984741211,0.0242970008403063,0,109.485496520996,-86.9869,26.1327,39.7356743339178,63,63,63,63,61,63,0,8046,1.33458767306251,26,-87,0.001869,51,2025-02-22 08:04:35.000864,196,1.037,0.0011,"aoml_navis",1027.59844356154
"7901009",62,0,1,0.024297,1,0.001869,1,113.024250777171,1,4.86563259062401,198,1,14.4460000991821,35.8359985351562,0.0242970008403063,0,108.989501953125,-86.9869,26.1327,39.7356743339178,63,63,63,63,61,63,0,8046,1.33458767306251,26,-87,0.001869,51,2025-02-22 08:04:35.000864,198,1.037,0.0011,"aoml_navis",1027.61560945537
"7901009",62,0,1,0.028035,1,0.005607,1,112.455959727017,1,4.8655527266207,200,1,14.3529996871948,35.8199996948242,0.0280349999666214,0,108.441497802734,-86.9869,26.1327,39.7356743339178,63,63,63,63,61,63,0,8046,1.33458767306251,26,-87,0.001869,51,2025-02-22 08:04:35.000864,200,1.037,0.0011,"aoml_navis",1027.63247691135
"7901009",62,0,1,0.028035,1,0.005607,1,112.397269759177,1,4.86539766975788,202,1,14.1260004043579,35.7869987487793,0.0280349999666214,0,108.384902954102,-86.9869,26.1327,39.7356743339178,63,63,63,63,61,63,0,8046,1.33458767306251,26,-87,0.001869,51,2025-02-22 08:04:35.000864,202,1.037,0.0011,"aoml_navis",1027.66522684852
"7901009",62,0,1,0.024297,1,0.001869,1,112.394880385992,1,4.86525179549354,204,1,13.9309997558594,35.7610015869141,0.0242970008403063,0,108.382598876953,-86.9869,26.1327,39.7356743339178,63,63,63,63,61,63,0,8046,1.33458767306251,26,-87,0.001869,51,2025-02-22 08:04:35.000864,204,1.037,0.0011,"aoml_navis",1027.69603921246
"7901009",62,0,1,0.01869,1,-0.003738,1,112.16248615232,1,4.86519989197692,206,1,13.8959999084473,35.7540016174316,0.0186899993568659,0,108.158500671387,-86.9869,26.1327,39.7356743339178,63,63,63,63,61,63,0,8046,1.33458767306251,26,-87,0.001869,51,2025-02-22 08:04:35.000864,206,1.037,0.0011,"aoml_navis",1027.70700300421
"7901009",62,0,1,0.028035,1,0.005607,1,111.674571400803,1,4.86515350219987,208,1,13.8699998855591,35.7480010986328,0.0280349999666214,0,107.688003540039,-86.9869,26.1327,39.7356743339178,63,63,63,63,61,63,0,8046,1.33458767306251,26,-87,0.001869,51,2025-02-22 08:04:35.000864,208,1.037,0.0011,"aoml_navis",1027.71680230421
"7901009",62,0,1,0.024297,1,0.001869,1,111.368130333886,1,4.86504874522431,210,1,13.75,35.7319984436035,0.0242970008403063,0,107.392501831055,-86.9869,26.1327,39.7356743339178,63,63,63,63,61,63,0,8046,1.33458767306251,26,-87,0.001869,51,2025-02-22 08:04:35.000864,210,1.037,0.0011,"aoml_navis",1027.73893168248
"7901009",62,0,1,0.026166,1,0.003738,1,111.142682688481,1,4.8649528680744,212,1,13.6199998855591,35.7109985351562,0.0261659994721413,0,107.175102233887,-86.9869,26.1327,39.7356743339178,63,63,63,63,61,63,0,8046,1.33458767306251,26,-87,0.001869,51,2025-02-22 08:04:35.000864,212,1.037,0.0011,"aoml_navis",1027.759186078
"7901009",62,0,1,0.024297,1,0.001869,1,110.866108786378,1,4.86486271569942,214,1,13.5170001983643,35.6959991455078,0.0242970008403063,0,106.908401489258,-86.9869,26.1327,39.7356743339178,63,63,63,63,61,63,0,8046,1.33458767306251,26,-87,0.001869,51,2025-02-22 08:04:35.000864,214,1.037,0.0011,"aoml_navis",1027.77823182234
"7901009",62,0,1,0.028035,1,0.005607,1,110.501072693601,1,4.8647929016203,216,1,13.4340000152588,35.6809997558594,0.0280349999666214,0,106.556396484375,-86.9869,26.1327,39.7356743339178,63,63,63,63,61,63,0,8046,1.33458767306251,26,-87,0.001869,51,2025-02-22 08:04:35.000864,216,1.037,0.0011,"aoml_navis",1027.79298134863
"7901009",62,0,1,0.026166,1,0.003738,1,110.464258940519,1,4.86467089286847,218,1,13.2720003128052,35.6590003967285,0.0261659994721413,0,106.520896911621,-86.9869,26.1327,39.7356743339178,63,63,63,63,61,63,0,8046,1.33458767306251,26,-87,0.001869,51,2025-02-22 08:04:35.000864,218,1.037,0.0011,"aoml_navis",1027.81875898942
"7901009",62,0,1,0.024297,1,0.001869,1,110.078802410024,1,4.86462515992324,220,1,13.246000289917,35.6529998779297,0.0242970008403063,0,106.149200439453,-86.9869,26.1327,39.7356743339178,63,63,63,63,61,63,0,8046,1.33458767306251,26,-87,0.001869,51,2025-02-22 08:04:35.000864,220,1.037,0.0011,"aoml_navis",1027.82842164121
"7901009",62,0,1,0.026166,1,0.003738,1,109.940361178254,1,4.86453892292483,222,1,13.1490001678467,35.6389999389648,0.0261659994721413,0,106.015701293945,-86.9869,26.1327,39.7356743339178,63,63,63,63,61,63,0,8046,1.33458767306251,26,-87,0.001869,51,2025-02-22 08:04:35.000864,222,1.037,0.0011,"aoml_navis",1027.84664265647
"7901009",62,0,1,0.028035,1,0.005607,1,109.841637341813,1,4.86445530354642,224,1,13.0579996109009,35.6259994506836,0.0280349999666214,0,105.920501708984,-86.9869,26.1327,39.7356743339178,63,63,63,63,61,63,0,8046,1.33458767306251,26,-87,0.001869,51,2025-02-22 08:04:35.000864,224,1.037,0.0011,"aoml_navis",1027.86431121173
"7901009",62,0,1,0.033642,1,0.011214,1,109.552309566948,1,4.86441150190891,226,1,13.0299997329712,35.6189994812012,0.0336420014500618,0,105.641502380371,-86.9869,26.1327,39.7356743339178,63,63,63,63,61,63,0,8046,1.33458767306251,26,-87,0.001869,51,2025-02-22 08:04:35.000864,226,1.037,0.0011,"aoml_navis",1027.87356662525
"7901009",62,0,1,0.022428,1,0,1,109.428489400231,1,4.8643014398236,228,1,12.8999996185303,35.6030006408691,0.0224280003458261,0,105.522102355957,-86.9869,26.1327,39.7356743339178,63,63,63,63,61,63,0,8046,1.33458767306251,26,-87,0.001869,51,2025-02-22 08:04:35.000864,228,1.037,0.0011,"aoml_navis",1027.89682379991
"7901009",62,0,1,0.028035,1,0.005607,1,109.230930961707,1,4.86424188589321,230,1,12.8479995727539,35.5940017700195,0.0280349999666214,0,105.331596374512,-86.9869,26.1327,39.7356743339178,63,63,63,63,61,63,0,8046,1.33458767306251,26,-87,0.001869,51,2025-02-22 08:04:35.000864,230,1.037,0.0011,"aoml_navis",1027.90940855563
"7901009",62,0,1,0.026166,1,0.003738,1,109.175453197552,1,4.86415560267238,232,1,12.7530002593994,35.5810012817383,0.0261659994721413,0,105.278099060059,-86.9869,26.1327,39.7356743339178,63,63,63,63,61,63,0,8046,1.33458767306251,26,-87,0.001869,51,2025-02-22 08:04:35.000864,232,1.037,0.0011,"aoml_navis",1027.9276422105
"7901009",62,0,1,0.024297,1,0.001869,1,109.049037950025,1,4.86410444899622,234,1,12.7170000076294,35.5740013122559,0.0242970008403063,0,105.156196594238,-86.9869,26.1327,39.7356743339178,63,63,63,63,61,63,0,8046,1.33458767306251,26,-87,0.001869,51,2025-02-22 08:04:35.000864,234,1.037,0.0011,"aoml_navis",1027.93845247954
"7901009",62,0,1,0.028035,1,0.005607,1,108.685251926663,1,4.86407140766241,236,1,12.7150001525879,35.5709991455078,0.0280349999666214,0,104.805397033691,-86.9869,26.1327,39.7356743339178,63,63,63,63,61,63,0,8046,1.33458767306251,26,-87,0.001869,51,2025-02-22 08:04:35.000864,236,1.037,0.0011,"aoml_navis",1027.94543520135
"7901009",62,0,1,0.028035,1,0.005607,1,108.511247011226,1,4.86397748849045,238,1,12.6000003814697,35.5550003051758,0.0280349999666214,0,104.637603759766,-86.9869,26.1327,39.7356743339178,63,63,63,63,61,63,0,8046,1.33458767306251,26,-87,0.001869,51,2025-02-22 08:04:35.000864,238,1.037,0.0011,"aoml_navis",1027.96528393304
"7901009",62,0,1,0.029904,1,0.007476,1,108.465714419567,1,4.863884688571,240,1,12.4739999771118,35.5359992980957,0.0299040004611015,0,104.593696594238,-86.9869,26.1327,39.7356743339178,63,63,63,63,61,63,0,8046,1.33458767306251,26,-87,0.001869,51,2025-02-22 08:04:35.000864,240,1.037,0.0011,"aoml_navis",1027.98489687653
"7901009",62,0,1,0.028035,1,0.005607,1,108.112300807615,1,4.86382190034107,242,1,12.4060001373291,35.523998260498,0.0280349999666214,0,104.252899169922,-86.9869,26.1327,39.7356743339178,63,63,63,63,61,63,0,8046,1.33458767306251,26,-87,0.001869,51,2025-02-22 08:04:35.000864,242,1.037,0.0011,"aoml_navis",1027.99816737726
"7901009",62,0,1,0.024297,1,0.001869,1,107.868497712576,1,4.86373734403314,244,1,12.3070001602173,35.5099983215332,0.0242970008403063,0,104.017799377441,-86.9869,26.1327,39.7356743339178,63,63,63,63,61,63,0,8046,1.33458767306251,26,-87,0.001869,51,2025-02-22 08:04:35.000864,244,1.037,0.0011,"aoml_navis",1028.0160391749
"7901009",62,0,1,0.029904,1,0.007476,1,107.789062921915,1,4.86366723053835,246,1,12.2189998626709,35.4949989318848,0.0299040004611015,0,103.941200256348,-86.9869,26.1327,39.7356743339178,63,63,63,63,61,63,0,8046,1.33458767306251,26,-87,0.001869,51,2025-02-22 08:04:35.000864,246,1.037,0.0011,"aoml_navis",1028.03085881485
"7901009",62,0,1,0.020559,1,-0.001869,1,107.693756996786,1,4.86357889852297,248,1,12.1190004348755,35.4819984436035,0.020558999851346,0,103.849296569824,-86.9869,26.1327,39.7356743339178,63,63,63,63,61,63,0,8046,1.33458767306251,26,-87,0.001869,51,2025-02-22 08:04:35.000864,248,1.037,0.0011,"aoml_navis",1028.04952984693
"7901009",62,0,1,0.026166,1,0.003738,1,107.856471728332,1,4.86346353293558,250,1,11.9499998092651,35.4589996337891,0.0261659994721413,0,104.006202697754,-86.9869,26.1327,39.7356743339178,63,63,63,63,61,63,0,8046,1.33458767306251,26,-87,0.001869,51,2025-02-22 08:04:35.000864,250,1.037,0.0011,"aoml_navis",1028.07391607643
"7901009",62,0,1,0.028035,1,0.005607,1,107.931341392079,1,4.86338195413858,252,1,11.8559999465942,35.4459991455078,0.0280349999666214,0,104.078399658203,-86.9869,26.1327,39.7356743339178,63,63,63,63,61,63,0,8046,1.33458767306251,26,-87,0.001869,51,2025-02-22 08:04:35.000864,252,1.037,0.0011,"aoml_navis",1028.0911610788
"7901009",62,0,1,0.028035,1,0.005607,1,107.897636988871,1,4.86332386979928,254,1,11.8109998703003,35.4389991760254,0.0280349999666214,0,104.0458984375,-86.9869,26.1327,39.7356743339178,63,63,63,63,61,63,0,8046,1.33458767306251,26,-87,0.001869,51,2025-02-22 08:04:35.000864,254,1.037,0.0011,"aoml_navis",1028.10343992294
"7901009",62,0,1,0.028035,1,0.005607,1,107.815504263587,1,4.86327512144402,256,1,11.7919998168945,35.4360008239746,0.0280349999666214,0,103.966697692871,-86.9869,26.1327,39.7356743339178,63,63,63,63,61,63,0,8046,1.33458767306251,26,-87,0.001869,51,2025-02-22 08:04:35.000864,256,1.037,0.0011,"aoml_navis",1028.11374539621
"7901009",62,0,1,0.024297,1,0.001869,1,107.68235604725,1,4.86322179852168,258,1,11.7679996490479,35.4329986572266,0.0242970008403063,0,103.838302612305,-86.9869,26.1327,39.7356743339178,63,63,63,63,61,63,0,8046,1.33458767306251,26,-87,0.001869,51,2025-02-22 08:04:35.000864,258,1.037,0.0011,"aoml_navis",1028.1250181762
"7901009",62,0,1,0.029904,1,0.007476,1,107.549824953789,1,4.86317399098193,260,1,11.746000289917,35.4290008544922,0.0299040004611015,0,103.710502624512,-86.9869,26.1327,39.7356743339178,63,63,63,63,61,63,0,8046,1.33458767306251,26,-87,0.001869,51,2025-02-22 08:04:35.000864,260,1.037,0.0011,"aoml_navis",1028.13512518199
"7901009",62,0,1,0.024297,1,0.001869,1,107.315247054558,1,4.86313080818264,262,1,11.7290000915527,35.4249992370605,0.0242970008403063,0,103.484298706055,-86.9869,26.1327,39.7356743339178,63,63,63,63,61,63,0,8046,1.33458767306251,26,-87,0.001869,51,2025-02-22 08:04:35.000864,262,1.037,0.0011,"aoml_navis",1028.14425464087
"7901009",62,0,1,0.028035,1,0.005607,1,107.105251216539,1,4.86307753833587,264,1,11.6850004196167,35.4169998168945,0.0280349999666214,0,103.281799316406,-86.9869,26.1327,39.7356743339178,63,63,63,63,61,63,0,8046,1.33458767306251,26,-87,0.001869,51,2025-02-22 08:04:35.000864,264,1.037,0.0011,"aoml_navis",1028.15551686864
"7901009",62,0,1,0.028035,1,0.005607,1,106.941919362118,1,4.86300888900444,266,1,11.6040000915527,35.4039993286133,0.0280349999666214,0,103.124298095703,-86.9869,26.1327,39.7356743339178,63,63,63,63,61,63,0,8046,1.33458767306251,26,-87,0.001869,51,2025-02-22 08:04:35.000864,266,1.037,0.0011,"aoml_navis",1028.1700309669
"7901009",62,0,1,0.026166,1,0.003738,1,106.854501533233,1,4.86292794912858,268,1,11.4930000305176,35.3870010375977,0.0261659994721413,0,103.040000915527,-86.9869,26.1327,39.7356743339178,63,63,63,63,61,63,0,8046,1.33458767306251,26,-87,0.001869,51,2025-02-22 08:04:35.000864,268,1.037,0.0011,"aoml_navis",1028.1871441044
"7901009",62,0,1,0.028035,1,0.005607,1,107.156068911799,1,4.86277368678984,270,1,11.2550001144409,35.359001159668,0.0280349999666214,0,103.33080291748,-86.9869,26.1327,39.7356743339178,63,63,63,63,61,63,0,8046,1.33458767306251,26,-87,0.001869,51,2025-02-22 08:04:35.000864,270,1.037,0.0011,"aoml_navis",1028.2197614055
"7901009",62,0,1,0.024297,1,0.001869,1,107.223469806385,1,4.86269164916938,272,1,11.1490001678467,35.3440017700195,0.0242970008403063,0,103.395797729492,-86.9869,26.1327,39.7356743339178,63,63,63,63,61,63,0,8046,1.33458767306251,26,-87,0.001869,51,2025-02-22 08:04:35.000864,272,1.037,0.0011,"aoml_navis",1028.23710832129
"7901009",62,0,1,0.028035,1,0.005607,1,107.120188754863,1,4.86264562122677,274,1,11.1160001754761,35.3370018005371,0.0280349999666214,0,103.296203613281,-86.9869,26.1327,39.7356743339178,63,63,63,63,61,63,0,8046,1.33458767306251,26,-87,0.001869,51,2025-02-22 08:04:35.000864,274,1.037,0.0011,"aoml_navis",1028.24684122027
"7901009",62,0,1,0.024297,1,0.001869,1,107.103906205144,1,4.86258466148108,276,1,11.0620002746582,35.3289985656738,0.0242970008403063,0,103.280502319336,-86.9869,26.1327,39.7356743339178,63,63,63,63,61,63,0,8046,1.33458767306251,26,-87,0.001869,51,2025-02-22 08:04:35.000864,276,1.037,0.0011,"aoml_navis",1028.25973182687
"7901009",62,0,1,0.028035,1,0.005607,1,107.174005034352,1,4.86249706491292,278,1,10.9569997787476,35.3160018920898,0.0280349999666214,0,103.348098754883,-86.9869,26.1327,39.7356743339178,63,63,63,63,61,63,0,8046,1.33458767306251,26,-87,0.001869,51,2025-02-22 08:04:35.000864,278,1.037,0.0011,"aoml_navis",1028.27825564755
"7901009",62,0,1,0.028035,1,0.005607,1,107.218801825658,1,4.86241902699645,280,1,10.878999710083,35.306999206543,0.0280349999666214,0,103.391296386719,-86.9869,26.1327,39.7356743339178,63,63,63,63,61,63,0,8046,1.33458767306251,26,-87,0.001869,51,2025-02-22 08:04:35.000864,280,1.037,0.0011,"aoml_navis",1028.29475868692
"7901009",62,0,1,0.026166,1,0.003738,1,107.180540207368,1,4.86237234026173,282,1,10.8489999771118,35.3009986877441,0.0261659994721413,0,103.354400634766,-86.9869,26.1327,39.7356743339178,63,63,63,63,61,63,0,8046,1.33458767306251,26,-87,0.001869,51,2025-02-22 08:04:35.000864,282,1.037,0.0011,"aoml_navis",1028.30463200004
"7901009",62,0,1,0.026166,1,0.003738,1,107.152745942469,1,4.86230516238488,284,1,10.7829999923706,35.2919998168945,0.0261659994721413,0,103.327598571777,-86.9869,26.1327,39.7356743339178,63,63,63,63,61,63,0,8046,1.33458767306251,26,-87,0.001869,51,2025-02-22 08:04:35.000864,284,1.037,0.0011,"aoml_navis",1028.31883911367
"7901009",62,0,1,0.026166,1,0.003738,1,107.142270677246,1,4.86224566794244,286,1,10.7340002059937,35.2849998474121,0.0261659994721413,0,103.317497253418,-86.9869,26.1327,39.7356743339178,63,63,63,63,61,63,0,8046,1.33458767306251,26,-87,0.001869,51,2025-02-22 08:04:35.000864,286,1.037,0.0011,"aoml_navis",1028.33142162392
"7901009",62,0,1,0.024297,1,0.001869,1,107.235297994834,1,4.86216858003394,288,1,10.6520004272461,35.2750015258789,0.0242970008403063,0,103.407203674316,-86.9869,26.1327,39.7356743339178,63,63,63,63,61,63,0,8046,1.33458767306251,26,-87,0.001869,51,2025-02-22 08:04:35.000864,288,1.037,0.0011,"aoml_navis",1028.34772544335
"7901009",62,0,1,0.026166,1,0.003738,1,107.24442033683,1,4.86211804181525,290,1,10.6129999160767,35.2680015563965,0.0261659994721413,0,103.416000366211,-86.9869,26.1327,39.7356743339178,63,63,63,63,61,63,0,8046,1.33458767306251,26,-87,0.001869,51,2025-02-22 08:04:35.000864,290,1.037,0.0011,"aoml_navis",1028.35841437804
"7901009",62,0,1,0.029904,1,0.007476,1,107.253645532637,1,4.86205697194844,292,1,10.548999786377,35.257999420166,0.0299040004611015,0,103.424896240234,-86.9869,26.1327,39.7356743339178,63,63,63,63,61,63,0,8046,1.33458767306251,26,-87,0.001869,51,2025-02-22 08:04:35.000864,292,1.037,0.0011,"aoml_navis",1028.37133107395
"7901009",62,0,1,0.028035,1,0.005607,1,107.369379807316,1,4.86196579326087,294,1,10.4370002746582,35.2449989318848,0.0280349999666214,0,103.536499023438,-86.9869,26.1327,39.7356743339178,63,63,63,63,61,63,0,8046,1.33458767306251,26,-87,0.001869,51,2025-02-22 08:04:35.000864,294,1.037,0.0011,"aoml_navis",1028.39061659596
"7901009",62,0,1,0.028035,1,0.005607,1,107.368343357359,1,4.8619066812854,296,1,10.378999710083,35.2360000610352,0.0280349999666214,0,103.535499572754,-86.9869,26.1327,39.7356743339178,63,63,63,63,61,63,0,8046,1.33458767306251,26,-87,0.001869,51,2025-02-22 08:04:35.000864,296,1.037,0.0011,"aoml_navis",1028.40311996241
"7901009",62,0,1,0.024297,1,0.001869,1,107.351546538577,1,4.86184352249664,298,1,10.3290004730225,35.2299995422363,0.0242970008403063,0,103.519302368164,-86.9869,26.1327,39.7356743339178,63,63,63,63,61,63,0,8046,1.33458767306251,26,-87,0.001869,51,2025-02-22 08:04:35.000864,298,1.037,0.0011,"aoml_navis",1028.41647964688
"7901009",62,0,1,0.029904,1,0.007476,1,107.373011338085,1,4.86177094588583,300.100006103516,1,10.2659997940063,35.2229995727539,0.0299040004611015,0,103.540000915527,-86.9869,26.1327,39.7356743339178,63,63,63,63,61,63,0,8046,1.33458767306251,26,-87,0.001869,51,2025-02-22 08:04:35.000864,300.100006103516,1.037,0.0011,"aoml_navis",1028.431831868
"7901009",62,0,1,0.026166,1,0.003738,1,107.372805630459,1,4.86172234067536,302,1,10.2390003204346,35.2190017700195,0.0261659994721413,0,103.53980255127,-86.9869,26.1327,39.7356743339178,63,63,63,63,61,63,0,8046,1.33458767306251,26,-87,0.001869,51,2025-02-22 08:04:35.000864,302,1.037,0.0011,"aoml_navis",1028.44211364515
"7901009",62,0,1,0.028035,1,0.005607,1,107.526279342534,1,4.86165667437191,304,1,10.1770000457764,35.2109985351562,0.0280349999666214,0,103.687797546387,-86.9869,26.1327,39.7356743339178,63,63,63,63,61,63,0,8046,1.33458767306251,26,-87,0.001869,51,2025-02-22 08:04:35.000864,304,1.037,0.0011,"aoml_navis",1028.45600479305
"7901009",62,0,1,0.028035,1,0.005607,1,107.5201634966,1,4.8616046152101,306,1,10.1569995880127,35.2089996337891,0.0280349999666214,0,103.681900024414,-86.9869,26.1327,39.7356743339178,63,63,63,63,61,63,0,8046,1.33458767306251,26,-87,0.001869,51,2025-02-22 08:04:35.000864,306,1.037,0.0011,"aoml_navis",1028.46701773256
"7901009",62,0,1,0.029904,1,0.007476,1,107.493405681658,1,4.86156416320142,308,1,10.1420001983643,35.2050018310547,0.0299040004611015,0,103.656097412109,-86.9869,26.1327,39.7356743339178,63,63,63,63,61,63,0,8046,1.33458767306251,26,-87,0.001869,51,2025-02-22 08:04:35.000864,308,1.037,0.0011,"aoml_navis",1028.47557538095
"7901009",62,0,1,0.029904,1,0.007476,1,107.540694699962,1,4.86150803685737,310,1,10.0909996032715,35.1969985961914,0.0299040004611015,0,103.701698303223,-86.9869,26.1327,39.7356743339178,63,63,63,63,61,63,0,8046,1.33458767306251,26,-87,0.001869,51,2025-02-22 08:04:35.000864,310,1.037,0.0011,"aoml_navis",1028.48744918092
"7901009",62,0,1,0.029904,1,0.007476,1,107.695315627639,1,4.86142954822956,312,1,9.98700046539307,35.1829986572266,0.0299040004611015,0,103.850799560547,-86.9869,26.1327,39.7356743339178,63,63,63,63,61,63,0,8046,1.33458767306251,26,-87,0.001869,51,2025-02-22 08:04:35.000864,312,1.037,0.0011,"aoml_navis",1028.50405429014
"7901009",62,0,1,0.024297,1,0.001869,1,107.986613448608,1,4.86133154734006,314,1,9.85900020599365,35.1689987182617,0.0242970008403063,0,104.131698608398,-86.9869,26.1327,39.7356743339178,63,63,63,63,61,63,0,8046,1.33458767306251,26,-87,0.001869,51,2025-02-22 08:04:35.000864,314,1.037,0.0011,"aoml_navis",1028.52478817986
"7901009",62,0,1,0.029904,1,0.007476,1,108.070304804744,1,4.86128033322992,316,1,9.82199954986572,35.1629981994629,0.0299040004611015,0,104.21240234375,-86.9869,26.1327,39.7356743339178,63,63,63,63,61,63,0,8046,1.33458767306251,26,-87,0.001869,51,2025-02-22 08:04:35.000864,316,1.037,0.0011,"aoml_navis",1028.53562379891
"7901009",62,0,1,0.031773,1,0.009345,1,108.121636769067,1,4.86122290187954,318,1,9.77299976348877,35.1559982299805,0.0317730009555817,0,104.261901855469,-86.9869,26.1327,39.7356743339178,63,63,63,63,61,63,0,8046,1.33458767306251,26,-87,0.001869,51,2025-02-22 08:04:35.000864,318,1.037,0.0011,"aoml_navis",1028.54777510136
"7901009",62,0,1,0.028035,1,0.005607,1,108.134699203268,1,4.86116932674984,320,1,9.73299980163574,35.1500015258789,0.0280349999666214,0,104.27449798584,-86.9869,26.1327,39.7356743339178,63,63,63,63,61,63,0,8046,1.33458767306251,26,-87,0.001869,51,2025-02-22 08:04:35.000864,320,1.037,0.0011,"aoml_navis",1028.55911076502
"7901009",62,0,1,0.026166,1,0.003738,1,108.121636769067,1,4.86111380335764,322,1,9.69499969482422,35.1450004577637,0.0261659994721413,0,104.261901855469,-86.9869,26.1327,39.7356743339178,63,63,63,63,61,63,0,8046,1.33458767306251,26,-87,0.001869,51,2025-02-22 08:04:35.000864,322,1.037,0.0011,"aoml_navis",1028.57085891436
"7901009",62,0,1,0.028035,1,0.005607,1,107.992420733105,1,4.8610716001241,324,1,9.68200016021729,35.1419982910156,0.0280349999666214,0,104.137298583984,-86.9869,26.1327,39.7356743339178,63,63,63,63,61,63,0,8046,1.33458767306251,26,-87,0.001869,51,2025-02-22 08:04:35.000864,324,1.037,0.0011,"aoml_navis",1028.57978884169
"7901009",62,0,1,0.028035,1,0.005607,1,107.980497602674,1,4.86100705333475,326,1,9.62399959564209,35.1349983215332,0.0280349999666214,0,104.125801086426,-86.9869,26.1327,39.7356743339178,63,63,63,63,61,63,0,8046,1.33458767306251,26,-87,0.001869,51,2025-02-22 08:04:35.000864,326,1.037,0.0011,"aoml_navis",1028.59344681878
"7901009",62,0,1,0.029904,1,0.007476,1,107.933002876744,1,4.86093568165242,328,1,9.55300045013428,35.1269989013672,0.0299040004611015,0,104.080001831055,-86.9869,26.1327,39.7356743339178,63,63,63,63,61,63,0,8046,1.33458767306251,26,-87,0.001869,51,2025-02-22 08:04:35.000864,328,1.037,0.0011,"aoml_navis",1028.60854935244
"7901009",62,0,1,0.031773,1,0.009345,1,107.959341364604,1,4.86087634718037,330,1,9.51000022888184,35.1220016479492,0.0317730009555817,0,104.105400085449,-86.9869,26.1327,39.7356743339178,63,63,63,63,61,63,0,8046,1.33458767306251,26,-87,0.001869,51,2025-02-22 08:04:35.000864,330,1.037,0.0011,"aoml_navis",1028.62110510183
"7901009",62,0,1,0.029904,1,0.007476,1,108.120386699652,1,4.86081675704217,332,1,9.45300006866455,35.1139984130859,0.0299040004611015,0,104.260696411133,-86.9869,26.1327,39.7356743339178,63,63,63,63,61,63,0,8046,1.33458767306251,26,-87,0.001869,51,2025-02-22 08:04:35.000864,332,1.037,0.0011,"aoml_navis",1028.63371526116
"7901009",62,0,1,0.031773,1,0.009345,1,108.323649568861,1,4.86075686349349,334,1,9.39999961853027,35.1069984436035,0.0317730009555817,0,104.456703186035,-86.9869,26.1327,39.7356743339178,63,63,63,63,61,63,0,8046,1.33458767306251,26,-87,0.001869,51,2025-02-22 08:04:35.000864,334,1.037,0.0011,"aoml_navis",1028.64638993822
"7901009",62,0,1,0.026166,1,0.003738,1,108.513628472579,1,4.86071006365129,336,1,9.36299991607666,35.0999984741211,0.0261659994721413,0,104.63990020752,-86.9869,26.1327,39.7356743339178,63,63,63,63,61,63,0,8046,1.33458767306251,26,-87,0.001869,51,2025-02-22 08:04:35.000864,336,1.037,0.0011,"aoml_navis",1028.65629394156
"7901009",62,0,1,0.029904,1,0.007476,1,108.962759424911,1,4.86059880430138,338,1,9.21399974822998,35.0859985351562,0.0299040004611015,0,105.072998046875,-86.9869,26.1327,39.7356743339178,63,63,63,63,61,63,0,8046,1.33458767306251,26,-87,0.001869,51,2025-02-22 08:04:35.000864,338,1.037,0.0011,"aoml_navis",1028.67983993562
"7901009",62,0,1,0.028035,1,0.005607,1,109.201174562536,1,4.860531325252,340,1,9.13700008392334,35.076000213623,0.0280349999666214,0,105.30290222168,-86.9869,26.1327,39.7356743339178,63,63,63,63,61,63,0,8046,1.33458767306251,26,-87,0.001869,51,2025-02-22 08:04:35.000864,340,1.037,0.0011,"aoml_navis",1028.69412115984
"7901009",62,0,1,0.028035,1,0.005607,1,109.388146970194,1,4.86045704136083,342,1,9.0649995803833,35.0690002441406,0.0280349999666214,0,105.483200073242,-86.9869,26.1327,39.7356743339178,63,63,63,63,61,63,0,8046,1.33458767306251,26,-87,0.001869,51,2025-02-22 08:04:35.000864,342,1.037,0.0011,"aoml_navis",1028.70984301511
"7901009",62,0,1,0.028035,1,0.005607,1,109.498588229439,1,4.86039490114813,344,1,9.00800037384033,35.0620002746582,0.0280349999666214,0,105.589698791504,-86.9869,26.1327,39.7356743339178,63,63,63,63,61,63,0,8046,1.33458767306251,26,-87,0.001869,51,2025-02-22 08:04:35.000864,344,1.037,0.0011,"aoml_navis",1028.72299508398
"7901009",62,0,1,0.028035,1,0.005607,1,109.664515164671,1,4.86033396746365,346,1,8.95699977874756,35.0559997558594,0.0280349999666214,0,105.749702453613,-86.9869,26.1327,39.7356743339178,63,63,63,63,61,63,0,8046,1.33458767306251,26,-87,0.001869,51,2025-02-22 08:04:35.000864,346,1.037,0.0011,"aoml_navis",1028.73589211591
"7901009",62,0,1,0.028035,1,0.005607,1,109.818202496202,1,4.86027131336458,348,1,8.89900016784668,35.048999786377,0.0280349999666214,0,105.897903442383,-86.9869,26.1327,39.7356743339178,63,63,63,63,61,63,0,8046,1.33458767306251,26,-87,0.001869,51,2025-02-22 08:04:35.000864,348,1.037,0.0011,"aoml_navis",1028.7491536226
"7901009",62,0,1,0.028035,1,0.005607,1,110.03379199926,1,4.86020252110879,350,1,8.83300018310547,35.0419998168945,0.0280349999666214,0,106.105796813965,-86.9869,26.1327,39.7356743339178,63,63,63,63,61,63,0,8046,1.33458767306251,26,-87,0.001869,51,2025-02-22 08:04:35.000864,350,1.037,0.0011,"aoml_navis",1028.76371473905
"7901009",62,0,1,0.028035,1,0.005607,1,110.169646062052,1,4.86013829660354,352,1,8.7819995880127,35.0369987487793,0.0280349999666214,0,106.236801147461,-86.9869,26.1327,39.7356743339178,63,63,63,63,61,63,0,8046,1.33458767306251,26,-87,0.001869,51,2025-02-22 08:04:35.000864,352,1.037,0.0011,"aoml_navis",1028.77730938113
"7901009",62,0,1,0.026166,1,0.003738,1,110.297817736225,1,4.86007986284936,354,1,8.74300003051758,35.0330009460449,0.0261659994721413,0,106.360397338867,-86.9869,26.1327,39.7356743339178,63,63,63,63,61,63,0,8046,1.33458767306251,26,-87,0.001869,51,2025-02-22 08:04:35.000864,354,1.037,0.0011,"aoml_navis",1028.78967858536
"7901009",62,0,1,0.031773,1,0.009345,1,110.381714799986,1,4.8600264021824,356,1,8.71500015258789,35.0299987792969,0.0317730009555817,0,106.441299438477,-86.9869,26.1327,39.7356743339178,63,63,63,63,61,63,0,8046,1.33458767306251,26,-87,0.001869,51,2025-02-22 08:04:35.000864,356,1.037,0.0011,"aoml_navis",1028.80099535154
"7901009",62,0,1,0.029904,1,0.007476,1,110.447984302632,1,4.85997550595971,358,1,8.69499969482422,35.0279998779297,0.0299040004611015,0,106.50520324707,-86.9869,26.1327,39.7356743339178,63,63,63,63,61,63,0,8046,1.33458767306251,26,-87,0.001869,51,2025-02-22 08:04:35.000864,358,1.037,0.0011,"aoml_navis",1028.81176949731
"7901009",62,0,1,0.028035,1,0.005607,1,110.516318793363,1,4.85992930035047,360,1,8.68099975585938,35.0260009765625,0.0280349999666214,0,106.571098327637,-86.9869,26.1327,39.7356743339178,63,63,63,63,61,63,0,8046,1.33458767306251,26,-87,0.001869,51,2025-02-22 08:04:35.000864,360,1.037,0.0011,"aoml_navis",1028.82155088952
"7901009",62,0,1,0.026166,1,0.003738,1,110.607581772473,1,4.85987259710461,362,1,8.64400005340576,35.0219993591309,0.0261659994721413,0,106.659103393555,-86.9869,26.1327,39.7356743339178,63,63,63,63,61,63,0,8046,1.33458767306251,26,-87,0.001869,51,2025-02-22 08:04:35.000864,362,1.037,0.0011,"aoml_navis",1028.83355480941
"7901009",62,0,1,0.031773,1,0.009345,1,110.670836867227,1,4.85982195052656,364,1,8.62899971008301,35.0209999084473,0.0317730009555817,0,106.720100402832,-86.9869,26.1327,39.7356743339178,63,63,63,63,61,63,0,8046,1.33458767306251,26,-87,0.001869,51,2025-02-22 08:04:35.000864,364,1.037,0.0011,"aoml_navis",1028.84427678637
"7901009",62,0,1,0.028035,1,0.005607,1,110.74519226191,1,4.85977267348739,366,1,8.61100006103516,35.0190010070801,0.0280349999666214,0,106.791801452637,-86.9869,26.1327,39.7356743339178,63,63,63,63,61,63,0,8046,1.33458767306251,26,-87,0.001869,51,2025-02-22 08:04:35.000864,366,1.037,0.0011,"aoml_navis",1028.85470904383
"7901009",62,0,1,0.028035,1,0.005607,1,110.803162253062,1,4.85972652540506,368,1,8.59700012207031,35.0169982910156,0.0280349999666214,0,106.847702026367,-86.9869,26.1327,39.7356743339178,63,63,63,63,61,63,0,8046,1.33458767306251,26,-87,0.001869,51,2025-02-22 08:04:35.000864,368,1.037,0.0011,"aoml_navis",1028.86447907339
"7901009",62,0,1,0.031773,1,0.009345,1,110.922520146678,1,4.85967380289172,370,1,8.5649995803833,35.0130004882812,0.0317730009555817,0,106.962799072266,-86.9869,26.1327,39.7356743339178,63,63,63,63,61,63,0,8046,1.33458767306251,26,-87,0.001869,51,2025-02-22 08:04:35.000864,370,1.037,0.0011,"aoml_navis",1028.87564120554
"7901009",62,0,1,0.031773,1,0.009345,1,111.116961323497,1,4.85961478415273,372,1,8.52000045776367,35.007999420166,0.0317730009555817,0,107.150299072266,-86.9869,26.1327,39.7356743339178,63,63,63,63,61,63,0,8046,1.33458767306251,26,-87,0.001869,51,2025-02-22 08:04:35.000864,372,1.037,0.0011,"aoml_navis",1028.88813662866
"7901009",62,0,1,0.029904,1,0.007476,1,111.204173444757,1,4.8595600167637,374,1,8.48999977111816,35.0050010681152,0.0299040004611015,0,107.234397888184,-86.9869,26.1327,39.7356743339178,63,63,63,63,61,63,0,8046,1.33458767306251,26,-87,0.001869,51,2025-02-22 08:04:35.000864,374,1.037,0.0011,"aoml_navis",1028.89973222922
"7901009",62,0,1,0.031773,1,0.009345,1,111.307984589005,1,4.85951316158873,376,1,8.47500038146973,35.0029983520508,0.0317730009555817,0,107.334503173828,-86.9869,26.1327,39.7356743339178,63,63,63,63,61,63,0,8046,1.33458767306251,26,-87,0.001869,51,2025-02-22 08:04:35.000864,376,1.037,0.0011,"aoml_navis",1028.90965282731
"7901009",62,0,1,0.028035,1,0.005607,1,111.413860721338,1,4.85946645918566,378,1,8.46500015258789,35.0019989013672,0.0280349999666214,0,107.436599731445,-86.9869,26.1327,39.7356743339178,63,63,63,63,61,63,0,8046,1.33458767306251,26,-87,0.001869,51,2025-02-22 08:04:35.000864,378,1.037,0.0011,"aoml_navis",1028.91954126953
"7901009",62,0,1,0.029904,1,0.007476,1,111.544113207258,1,4.85941729422478,380,1,8.44699954986572,35,0.0299040004611015,0,107.562202453613,-86.9869,26.1327,39.7356743339178,63,63,63,63,61,63,0,8046,1.33458767306251,26,-87,0.001869,51,2025-02-22 08:04:35.000864,380,1.037,0.0011,"aoml_navis",1028.929951322
"7901009",62,0,1,0.029904,1,0.007476,1,111.682657292841,1,4.85936338083015,382,1,8.41800022125244,34.9970016479492,0.0299040004611015,0,107.69580078125,-86.9869,26.1327,39.7356743339178,63,63,63,63,61,63,0,8046,1.33458767306251,26,-87,0.001869,51,2025-02-22 08:04:35.000864,382,1.037,0.0011,"aoml_navis",1028.94136703681
"7901009",62,0,1,0.029904,1,0.007476,1,111.766237883332,1,4.85931641868292,384,1,8.39799976348877,34.9939994812012,0.0299040004611015,0,107.776397705078,-86.9869,26.1327,39.7356743339178,63,63,63,63,61,63,0,8046,1.33458767306251,26,-87,0.001869,51,2025-02-22 08:04:35.000864,384,1.037,0.0011,"aoml_navis",1028.95131108898
"7901009",62,0,1,0.029904,1,0.007476,1,111.813843374906,1,4.85926026437567,386,1,8.36600017547607,34.9910011291504,0.0299040004611015,0,107.822303771973,-86.9869,26.1327,39.7356743339178,63,63,63,63,61,63,0,8046,1.33458767306251,26,-87,0.001869,51,2025-02-22 08:04:35.000864,386,1.037,0.0011,"aoml_navis",1028.96320179763
"7901009",62,0,1,0.031773,1,0.009345,1,111.815085532489,1,4.85919805210591,388,1,8.32600021362305,34.9879989624023,0.0317730009555817,0,107.823501586914,-86.9869,26.1327,39.7356743339178,63,63,63,63,61,63,0,8046,1.33458767306251,26,-87,0.001869,51,2025-02-22 08:04:35.000864,388,1.037,0.0011,"aoml_navis",1028.97637560442
"7901009",62,0,1,0.029904,1,0.007476,1,111.640036255262,1,4.8591507646239,390,1,8.31999969482422,34.9879989624023,0.0299040004611015,0,107.65470123291,-86.9869,26.1327,39.7356743339178,63,63,63,63,61,63,0,8046,1.33458767306251,26,-87,0.001869,51,2025-02-22 08:04:35.000864,390,1.037,0.0011,"aoml_navis",1028.98638922701
"7901009",62,0,1,0.028035,1,0.005607,1,111.662126089478,1,4.85910195255661,392,1,8.3120002746582,34.9879989624023,0.0280349999666214,0,107.676002502441,-86.9869,26.1327,39.7356743339178,63,63,63,63,61,63,0,8046,1.33458767306251,26,-87,0.001869,51,2025-02-22 08:04:35.000864,392,1.037,0.0011,"aoml_navis",1028.99672590102
"7901009",62,0,1,0.028035,1,0.005607,1,111.725278330419,1,4.85904679014625,394,1,8.28600025177002,34.9860000610352,0.0280349999666214,0,107.73690032959,-86.9869,26.1327,39.7356743339178,63,63,63,63,61,63,0,8046,1.33458767306251,26,-87,0.001869,51,2025-02-22 08:04:35.000864,394,1.037,0.0011,"aoml_navis",1029.00840760365
"7901009",62,0,1,0.028035,1,0.005607,1,111.783976210091,1,4.85899798671677,396,1,8.27799987792969,34.9860000610352,0.0280349999666214,0,107.793502807617,-86.9869,26.1327,39.7356743339178,63,63,63,63,61,63,0,8046,1.33458767306251,26,-87,0.001869,51,2025-02-22 08:04:35.000864,396,1.037,0.0011,"aoml_navis",1029.01874289076
"7901009",62,0,1,0.033642,1,0.011214,1,111.844121954972,1,4.85895733130558,398,1,8.27099990844727,34.984001159668,0.0336420014500618,0,107.851501464844,-86.9869,26.1327,39.7356743339178,63,63,63,63,61,63,0,8046,1.33458767306251,26,-87,0.001869,51,2025-02-22 08:04:35.000864,398,1.037,0.0011,"aoml_navis",1029.02735279968
"7901009",62,0,1,0.029904,1,0.007476,1,111.957672564091,1,4.85890841568228,400,1,8.25800037384033,34.9830017089844,0.0299040004611015,0,107.960998535156,-86.9869,26.1327,39.7356743339178,63,63,63,63,61,63,0,8046,1.33458767306251,26,-87,0.001869,51,2025-02-22 08:04:35.000864,400,1.037,0.0011,"aoml_navis",1029.03771222819
"7901009",62,0,1,0.028035,1,0.005607,1,112.059300042779,1,4.85886332675794,402,1,8.25,34.9819984436035,0.0280349999666214,0,108.05899810791,-86.9869,26.1327,39.7356743339178,63,63,63,63,61,63,0,8046,1.33458767306251,26,-87,0.001869,51,2025-02-22 08:04:35.000864,402,1.037,0.0011,"aoml_navis",1029.04726141705
"7901009",62,0,1,0.026166,1,0.003738,1,112.221801154868,1,4.85881354652148,404,1,8.23099994659424,34.9799995422363,0.0261659994721413,0,108.215698242188,-86.9869,26.1327,39.7356743339178,63,63,63,63,61,63,0,8046,1.33458767306251,26,-87,0.001869,51,2025-02-22 08:04:35.000864,404,1.037,0.0011,"aoml_navis",1029.05780436452
"7901009",62,0,1,0.031773,1,0.009345,1,112.529484379368,1,4.85875445494617,406,1,8.1899995803833,34.976001739502,0.0317730009555817,0,108.512397766113,-86.9869,26.1327,39.7356743339178,63,63,63,63,61,63,0,8046,1.33458767306251,26,-87,0.001869,51,2025-02-22 08:04:35.000864,406,1.037,0.0011,"aoml_navis",1029.07031963923
"7901009",62,0,1,0.028035,1,0.005607,1,112.749544067359,1,4.85869942762123,408,1,8.16399955749512,34.9739990234375,0.0280349999666214,0,108.724601745605,-86.9869,26.1327,39.7356743339178,63,63,63,63,61,63,0,8046,1.33458767306251,26,-87,0.001869,51,2025-02-22 08:04:35.000864,408,1.037,0.0011,"aoml_navis",1029.08197440152
"7901009",62,0,1,0.033642,1,0.011214,1,112.950520417195,1,4.85865576880003,410,1,8.15299987792969,34.9720001220703,0.0336420014500618,0,108.918403625488,-86.9869,26.1327,39.7356743339178,63,63,63,63,61,63,0,8046,1.33458767306251,26,-87,0.001869,51,2025-02-22 08:04:35.000864,410,1.037,0.0011,"aoml_navis",1029.09122150773
"7901009",62,0,1,0.029904,1,0.007476,1,113.127326121068,1,4.85860615165358,412,1,8.13899993896484,34.9710006713867,0.0299040004611015,0,109.088897705078,-86.9869,26.1327,39.7356743339178,63,63,63,63,61,63,0,8046,1.33458767306251,26,-87,0.001869,51,2025-02-22 08:04:35.000864,412,1.037,0.0011,"aoml_navis",1029.10173081189
"7901009",62,0,1,0.031773,1,0.009345,1,113.325501682468,1,4.85855335530248,414,1,8.11100006103516,34.9679985046387,0.0317730009555817,0,109.279998779297,-86.9869,26.1327,39.7356743339178,63,63,63,63,61,63,0,8046,1.33458767306251,26,-87,0.001869,51,2025-02-22 08:04:35.000864,414,1.037,0.0011,"aoml_navis",1029.11291373247
"7901009",62,0,1,0.031773,1,0.009345,1,113.467052264112,1,4.85850216694512,416,1,8.09000015258789,34.9659996032715,0.0317730009555817,0,109.416496276855,-86.9869,26.1327,39.7356743339178,63,63,63,63,61,63,0,8046,1.33458767306251,26,-87,0.001869,51,2025-02-22 08:04:35.000864,416,1.037,0.0011,"aoml_navis",1029.12375629213
"7901009",62,0,1,0.031773,1,0.009345,1,113.540893389732,1,4.85845559935694,418,1,8.07999992370605,34.9650001525879,0.0317730009555817,0,109.487701416016,-86.9869,26.1327,39.7356743339178,63,63,63,63,61,63,0,8046,1.33458767306251,26,-87,0.001869,51,2025-02-22 08:04:35.000864,418,1.037,0.0011,"aoml_navis",1029.1336202932
"7901009",62,0,1,0.028035,1,0.005607,1,113.594401107784,1,4.85840760651918,420,1,8.07299995422363,34.9650001525879,0.0280349999666214,0,109.53929901123,-86.9869,26.1327,39.7356743339178,63,63,63,63,61,63,0,8046,1.33458767306251,26,-87,0.001869,51,2025-02-22 08:04:35.000864,420,1.037,0.0011,"aoml_navis",1029.14378639018
"7901009",62,0,1,0.026166,1,0.003738,1,113.702358051863,1,4.85836549170464,422,1,8.06400012969971,34.9630012512207,0.0261659994721413,0,109.643402099609,-86.9869,26.1327,39.7356743339178,63,63,63,63,61,63,0,8046,1.33458767306251,26,-87,0.001869,51,2025-02-22 08:04:35.000864,422,1.037,0.0011,"aoml_navis",1029.15270753861
"7901009",62,0,1,0.03738,1,0.014952,1,113.75866655835,1,4.85831674978227,424,1,8.05599975585938,34.9630012512207,0.0373799987137318,0,109.697700500488,-86.9869,26.1327,39.7356743339178,63,63,63,63,61,63,0,8046,1.33458767306251,26,-87,0.001869,51,2025-02-22 08:04:35.000864,424,1.037,0.0011,"aoml_navis",1029.16303269524
"7901009",62,0,1,0.031773,1,0.009345,1,113.831051906931,1,4.85827170310516,426,1,8.04800033569336,34.9620018005371,0.0317730009555817,0,109.767501831055,-86.9869,26.1327,39.7356743339178,63,63,63,63,61,63,0,8046,1.33458767306251,26,-87,0.001869,51,2025-02-22 08:04:35.000864,426,1.037,0.0011,"aoml_navis",1029.17257526051
"7901009",62,0,1,0.029904,1,0.007476,1,113.893895586434,1,4.85822817919955,428,1,8.04199981689453,34.9609985351562,0.0299040004611015,0,109.828102111816,-86.9869,26.1327,39.7356743339178,63,63,63,63,61,63,0,8046,1.33458767306251,26,-87,0.001869,51,2025-02-22 08:04:35.000864,428,1.037,0.0011,"aoml_navis",1029.18179541411
"7901009",62,0,1,0.031773,1,0.009345,1,114.01470925709,1,4.85818389031054,430,1,8.03499984741211,34.9599990844727,0.0317730009555817,0,109.944602966309,-86.9869,26.1327,39.7356743339178,63,63,63,63,61,63,0,8046,1.33458767306251,26,-87,0.001869,51,2025-02-22 08:04:35.000864,430,1.037,0.0011,"aoml_navis",1029.19117779224
"7901009",62,0,1,0.029904,1,0.007476,1,114.301647658771,1,4.85811853602829,432,1,8,34.9589996337891,0.0299040004611015,0,110.221298217773,-86.9869,26.1327,39.7356743339178,63,63,63,63,61,63,0,8046,1.33458767306251,26,-87,0.001869,51,2025-02-22 08:04:35.000864,432,1.037,0.0011,"aoml_navis",1029.20502308033
"7901009",62,0,1,0.029904,1,0.007476,1,114.512165677684,1,4.85806818235612,434,1,7.98000001907349,34.9570007324219,0.0299040004611015,0,110.424301147461,-86.9869,26.1327,39.7356743339178,63,63,63,63,61,63,0,8046,1.33458767306251,26,-87,0.001869,51,2025-02-22 08:04:35.000864,434,1.037,0.0011,"aoml_navis",1029.21569074707
"7901009",62,0,1,0.028035,1,0.005607,1,114.821407533037,1,4.85800805653113,436,1,7.94199991226196,34.9539985656738,0.0280349999666214,0,110.722503662109,-86.9869,26.1327,39.7356743339178,63,63,63,63,61,63,0,8046,1.33458767306251,26,-87,0.001869,51,2025-02-22 08:04:35.000864,436,1.037,0.0011,"aoml_navis",1029.22842898088
"7901009",62,0,1,0.031773,1,0.009345,1,114.894718565931,1,4.8579547074192,438,1,7.91300010681152,34.951000213623,0.0317730009555817,0,110.793197631836,-86.9869,26.1327,39.7356743339178,63,63,63,63,61,63,0,8046,1.33458767306251,26,-87,0.001869,51,2025-02-22 08:04:35.000864,438,1.037,0.0011,"aoml_navis",1029.23973176692
"7901009",62,0,1,0.029904,1,0.007476,1,114.85904411662,1,4.85790675374507,440,1,7.9060001373291,34.951000213623,0.0299040004611015,0,110.758796691895,-86.9869,26.1327,39.7356743339178,63,63,63,63,61,63,0,8046,1.33458767306251,26,-87,0.001869,51,2025-02-22 08:04:35.000864,440,1.037,0.0011,"aoml_navis",1029.24989166278
"7901009",62,0,1,0.026166,1,0.003738,1,114.846495951482,1,4.8578654851187,442,1,7.90299987792969,34.9500007629395,0.0261659994721413,0,110.746696472168,-86.9869,26.1327,39.7356743339178,63,63,63,63,61,63,0,8046,1.33458767306251,26,-87,0.001869,51,2025-02-22 08:04:35.000864,442,1.037,0.0011,"aoml_navis",1029.258635365
"7901009",62,0,1,0.033642,1,0.011214,1,114.847223840002,1,4.85781384349375,444,1,7.89599990844727,34.951000213623,0.0336420014500618,0,110.747398376465,-86.9869,26.1327,39.7356743339178,63,63,63,63,61,63,0,8046,1.33458767306251,26,-87,0.001869,51,2025-02-22 08:04:35.000864,444,1.037,0.0011,"aoml_navis",1029.26957703344
"7901009",62,0,1,0.028035,1,0.005607,1,114.887146942957,1,4.85777108328184,446,1,7.89099979400635,34.9500007629395,0.0280349999666214,0,110.78589630127,-86.9869,26.1327,39.7356743339178,63,63,63,63,61,63,0,8046,1.33458767306251,26,-87,0.001869,51,2025-02-22 08:04:35.000864,446,1.037,0.0011,"aoml_navis",1029.2786371115
"7901009",62,0,1,0.029904,1,0.007476,1,115.008482794507,1,4.8577186547926,448,1,7.87799978256226,34.9500007629395,0.0299040004611015,0,110.902900695801,-86.9869,26.1327,39.7356743339178,63,63,63,63,61,63,0,8046,1.33458767306251,26,-87,0.001869,51,2025-02-22 08:04:35.000864,448,1.037,0.0011,"aoml_navis",1029.28974593187
"7901009",62,0,1,0.031773,1,0.009345,1,115.119129761378,1,4.85767216468018,450,1,7.86800003051758,34.9490013122559,0.0317730009555817,0,111.00959777832,-86.9869,26.1327,39.7356743339178,63,63,63,63,61,63,0,8046,1.33458767306251,26,-87,0.001869,51,2025-02-22 08:04:35.000864,450,1.037,0.0011,"aoml_navis",1029.29959669874
"7901009",62,0,1,0.029904,1,0.007476,1,115.239840578221,1,4.85762493161597,452,1,7.85699987411499,34.9480018615723,0.0299040004611015,0,111.125999450684,-86.9869,26.1327,39.7356743339178,63,63,63,63,61,63,0,8046,1.33458767306251,26,-87,0.001869,51,2025-02-22 08:04:35.000864,452,1.037,0.0011,"aoml_navis",1029.30960508239
"7901009",62,0,1,0.029904,1,0.007476,1,115.436354654956,1,4.85757697115672,454,1,7.84499979019165,34.9469985961914,0.0299040004611015,0,111.315498352051,-86.9869,26.1327,39.7356743339178,63,63,63,63,61,63,0,8046,1.33458767306251,26,-87,0.001869,51,2025-02-22 08:04:35.000864,454,1.037,0.0011,"aoml_navis",1029.31976779554
"7901009",62,0,1,0.028035,1,0.005607,1,115.590247694113,1,4.85752676557451,456,1,7.82999992370605,34.9459991455078,0.0280349999666214,0,111.463897705078,-86.9869,26.1327,39.7356743339178,63,63,63,63,61,63,0,8046,1.33458767306251,26,-87,0.001869,51,2025-02-22 08:04:35.000864,456,1.037,0.0011,"aoml_navis",1029.33040646018
"7901009",62,0,1,0.028035,1,0.005607,1,115.775257967499,1,4.85748249469572,458,1,7.81799983978271,34.9440002441406,0.0280349999666214,0,111.642303466797,-86.9869,26.1327,39.7356743339178,63,63,63,63,61,63,0,8046,1.33458767306251,26,-87,0.001869,51,2025-02-22 08:04:35.000864,458,1.037,0.0011,"aoml_navis",1029.33978773159
"7901009",62,0,1,0.033642,1,0.011214,1,116.009100066379,1,4.85743528201113,460,1,7.80700016021729,34.943000793457,0.0336420014500618,0,111.867797851562,-86.9869,26.1327,39.7356743339178,63,63,63,63,61,63,0,8046,1.33458767306251,26,-87,0.001869,51,2025-02-22 08:04:35.000864,460,1.037,0.0011,"aoml_navis",1029.34979257816
"7901009",62,0,1,0.031773,1,0.009345,1,116.314916098589,1,4.85736425787402,462,1,7.75400018692017,34.939998626709,0.0317730009555817,0,112.162696838379,-86.9869,26.1327,39.7356743339178,63,63,63,63,61,63,0,8046,1.33458767306251,26,-87,0.001869,51,2025-02-22 08:04:35.000864,462,1.037,0.0011,"aoml_navis",1029.36484367932
"7901009",62,0,1,0.031773,1,0.009345,1,116.461348280416,1,4.85731334620733,464,1,7.73299980163574,34.9379997253418,0.0317730009555817,0,112.303901672363,-86.9869,26.1327,39.7356743339178,63,63,63,63,61,63,0,8046,1.33458767306251,26,-87,0.001869,51,2025-02-22 08:04:35.000864,464,1.037,0.0011,"aoml_navis",1029.37563291116
"7901009",62,0,1,0.028035,1,0.005607,1,116.575001743348,1,4.85726172153979,466,1,7.71600008010864,34.9370002746582,0.0280349999666214,0,112.413497924805,-86.9869,26.1327,39.7356743339178,63,63,63,63,61,63,0,8046,1.33458767306251,26,-87,0.001869,51,2025-02-22 08:04:35.000864,466,1.037,0.0011,"aoml_navis",1029.38657347353
"7901009",62,0,1,0.029904,1,0.007476,1,116.706915713933,1,4.85721824956848,468,1,7.71000003814697,34.9360008239746,0.0299040004611015,0,112.540702819824,-86.9869,26.1327,39.7356743339178,63,63,63,63,61,63,0,8046,1.33458767306251,26,-87,0.001869,51,2025-02-22 08:04:35.000864,468,1.037,0.0011,"aoml_navis",1029.39578645539
"7901009",62,0,1,0.029904,1,0.007476,1,116.896063875319,1,4.85716737833692,470,1,7.69399976730347,34.935001373291,0.0299040004611015,0,112.723098754883,-86.9869,26.1327,39.7356743339178,63,63,63,63,61,63,0,8046,1.33458767306251,26,-87,0.001869,51,2025-02-22 08:04:35.000864,470,1.037,0.0011,"aoml_navis",1029.40656776625
"7901009",62,0,1,0.031773,1,0.009345,1,117.101913913506,1,4.85711874508629,472,1,7.67600011825562,34.9329986572266,0.0317730009555817,0,112.921600341797,-86.9869,26.1327,39.7356743339178,63,63,63,63,61,63,0,8046,1.33458767306251,26,-87,0.001869,51,2025-02-22 08:04:35.000864,472,1.037,0.0011,"aoml_navis",1029.41687498545
"7901009",62,0,1,0.029904,1,0.007476,1,117.395181780578,1,4.85706789389112,474,1,7.65999984741211,34.931999206543,0.0299040004611015,0,113.204399108887,-86.9869,26.1327,39.7356743339178,63,63,63,63,61,63,0,8046,1.33458767306251,26,-87,0.001869,51,2025-02-22 08:04:35.000864,474,1.037,0.0011,"aoml_navis",1029.42765249146
"7901009",62,0,1,0.028035,1,0.005607,1,117.727961335355,1,4.85701705601436,476,1,7.63899993896484,34.9300003051758,0.0280349999666214,0,113.525299072266,-86.9869,26.1327,39.7356743339178,63,63,63,63,61,63,0,8046,1.33458767306251,26,-87,0.001869,51,2025-02-22 08:04:35.000864,476,1.037,0.0011,"aoml_navis",1029.43842740033
"7901009",62,0,1,0.029904,1,0.007476,1,118.098907566441,1,4.8569618403849,478,1,7.60699987411499,34.9269981384277,0.0299040004611015,0,113.883003234863,-86.9869,26.1327,39.7356743339178,63,63,63,63,61,63,0,8046,1.33458767306251,26,-87,0.001869,51,2025-02-22 08:04:35.000864,478,1.037,0.0011,"aoml_navis",1029.45013041399
"7901009",62,0,1,0.026166,1,0.003738,1,118.589100925499,1,4.856898573926,480,1,7.56400012969971,34.923999786377,0.0261659994721413,0,114.355697631836,-86.9869,26.1327,39.7356743339178,63,63,63,63,61,63,0,8046,1.33458767306251,26,-87,0.001869,51,2025-02-22 08:04:35.000864,480,1.037,0.0011,"aoml_navis",1029.46354013696
"7901009",62,0,1,0.029904,1,0.007476,1,119.049640739198,1,4.85682953085786,482,1,7.51300001144409,34.9210014343262,0.0299040004611015,0,114.799797058105,-86.9869,26.1327,39.7356743339178,63,63,63,63,61,63,0,8046,1.33458767306251,26,-87,0.001869,51,2025-02-22 08:04:35.000864,482,1.037,0.0011,"aoml_navis",1029.47817464717
"7901009",62,0,1,0.031773,1,0.009345,1,119.44122102746,1,4.85676422070384,484,1,7.47200012207031,34.9189987182617,0.0317730009555817,0,115.177398681641,-86.9869,26.1327,39.7356743339178,63,63,63,63,61,63,0,8046,1.33458767306251,26,-87,0.001869,51,2025-02-22 08:04:35.000864,484,1.037,0.0011,"aoml_navis",1029.4920183042
"7901009",62,0,1,0.031773,1,0.009345,1,119.776287101609,1,4.85670042464275,486,1,7.43300008773804,34.9169998168945,0.0317730009555817,0,115.500503540039,-86.9869,26.1327,39.7356743339178,63,63,63,63,61,63,0,8046,1.33458767306251,26,-87,0.001869,51,2025-02-22 08:04:35.000864,486,1.037,0.0011,"aoml_navis",1029.50554138158
"7901009",62,0,1,0.029904,1,0.007476,1,120.020398758087,1,4.85665268694319,488,1,7.41599988937378,34.9150009155273,0.0299040004611015,0,115.735900878906,-86.9869,26.1327,39.7356743339178,63,63,63,63,61,63,0,8046,1.33458767306251,26,-87,0.001869,51,2025-02-22 08:04:35.000864,488,1.037,0.0011,"aoml_navis",1029.5156607435
"7901009",62,0,1,0.028035,1,0.005607,1,120.49628752536,1,4.85658253405319,490,1,7.36299991607666,34.9119987487793,0.0280349999666214,0,116.194801330566,-86.9869,26.1327,39.7356743339178,63,63,63,63,61,63,0,8046,1.33458767306251,26,-87,0.001869,51,2025-02-22 08:04:35.000864,490,1.037,0.0011,"aoml_navis",1029.53053200295
"7901009",62,0,1,0.029904,1,0.007476,1,120.83995376061,1,4.85652253540364,492,1,7.3289999961853,34.9099998474121,0.0299040004611015,0,116.52619934082,-86.9869,26.1327,39.7356743339178,63,63,63,63,61,63,0,8046,1.33458767306251,26,-87,0.001869,51,2025-02-22 08:04:35.000864,492,1.037,0.0011,"aoml_navis",1029.5432510712
"7901009",62,0,1,0.028035,1,0.005607,1,121.08044179815,1,4.85646539021302,494,1,7.30399990081787,34.9090003967285,0.0280349999666214,0,116.758102416992,-86.9869,26.1327,39.7356743339178,63,63,63,63,61,63,0,8046,1.33458767306251,26,-87,0.001869,51,2025-02-22 08:04:35.000864,494,1.037,0.0011,"aoml_navis",1029.55536552906
"7901009",62,0,1,0.031773,1,0.009345,1,121.340938858159,1,4.85641268617024,496,1,7.28000020980835,34.9070014953613,0.0317730009555817,0,117.009300231934,-86.9869,26.1327,39.7356743339178,63,63,63,63,61,63,0,8046,1.33458767306251,26,-87,0.001869,51,2025-02-22 08:04:35.000864,496,1.037,0.0011,"aoml_navis",1029.56653874138
"7901009",62,0,1,0.029904,1,0.007476,1,121.574686015058,1,4.85635560333415,498,1,7.25500011444092,34.9059982299805,0.0299040004611015,0,117.234703063965,-86.9869,26.1327,39.7356743339178,63,63,63,63,61,63,0,8046,1.33458767306251,26,-87,0.001869,51,2025-02-22 08:04:35.000864,498,1.037,0.0011,"aoml_navis",1029.57864052773
"7901009",62,0,1,0.029904,1,0.007476,1,121.7351063154,1,4.85630491096457,500,1,7.24399995803833,34.9059982299805,0.0299040004611015,0,117.38939666748,-86.9869,26.1327,39.7356743339178,63,63,63,63,61,63,0,8046,1.33458767306251,26,-87,0.001869,51,2025-02-22 08:04:35.000864,500,1.037,0.0011,"aoml_navis",1029.58938774849
"7901009",62,0,1,0.029904,1,0.007476,1,121.893461627657,1,4.85625863792701,502,1,7.23400020599365,34.9049987792969,0.0299040004611015,0,117.542098999023,-86.9869,26.1327,39.7356743339178,63,63,63,63,61,63,0,8046,1.33458767306251,26,-87,0.001869,51,2025-02-22 08:04:35.000864,502,1.037,0.0011,"aoml_navis",1029.59919822852
"7901009",62,0,1,0.028035,1,0.005607,1,122.17968005265,1,4.85621021059283,504,1,7.22100019454956,34.9039993286133,0.0280349999666214,0,117.818099975586,-86.9869,26.1327,39.7356743339178,63,63,63,63,61,63,0,8046,1.33458767306251,26,-87,0.001869,51,2025-02-22 08:04:35.000864,504,1.037,0.0011,"aoml_navis",1029.60946564741
"7901009",62,0,1,0.033642,1,0.011214,1,122.453975347211,1,4.85614609695415,506,1,7.18100023269653,34.9020004272461,0.0336420014500618,0,118.08260345459,-86.9869,26.1327,39.7356743339178,63,63,63,63,61,63,0,8046,1.33458767306251,26,-87,0.001869,51,2025-02-22 08:04:35.000864,506,1.037,0.0011,"aoml_navis",1029.6230591448
"7901009",62,0,1,0.029904,1,0.007476,1,122.55747001819,1,4.85609399937643,508,1,7.16800022125244,34.9020004272461,0.0299040004611015,0,118.182403564453,-86.9869,26.1327,39.7356743339178,63,63,63,63,61,63,0,8046,1.33458767306251,26,-87,0.001869,51,2025-02-22 08:04:35.000864,508,1.037,0.0011,"aoml_navis",1029.63410523809
"7901009",62,0,1,0.029904,1,0.007476,1,122.764973629211,1,4.85604918567438,510,1,7.15999984741211,34.9010009765625,0.0299040004611015,0,118.382499694824,-86.9869,26.1327,39.7356743339178,63,63,63,63,61,63,0,8046,1.33458767306251,26,-87,0.001869,51,2025-02-22 08:04:35.000864,510,1.037,0.0011,"aoml_navis",1029.64360714267
"7901009",62,0,1,0.028035,1,0.005607,1,122.888690942114,1,4.85599638184772,512,1,7.14599990844727,34.9010009765625,0.0280349999666214,0,118.501800537109,-86.9869,26.1327,39.7356743339178,63,63,63,63,61,63,0,8046,1.33458767306251,26,-87,0.001869,51,2025-02-22 08:04:35.000864,512,1.037,0.0011,"aoml_navis",1029.65480342831
"7901009",62,0,1,0.029904,1,0.007476,1,123.077530542063,1,4.85594871157123,514,1,7.13399982452393,34.9000015258789,0.0299040004611015,0,118.683898925781,-86.9869,26.1327,39.7356743339178,63,63,63,63,61,63,0,8046,1.33458767306251,26,-87,0.001869,51,2025-02-22 08:04:35.000864,514,1.037,0.0011,"aoml_navis",1029.66491142823
"7901009",62,0,1,0.028035,1,0.005607,1,123.270310234217,1,4.8559053535738,516,1,7.12799978256226,34.898998260498,0.0280349999666214,0,118.86979675293,-86.9869,26.1327,39.7356743339178,63,63,63,63,61,63,0,8046,1.33458767306251,26,-87,0.001869,51,2025-02-22 08:04:35.000864,516,1.037,0.0011,"aoml_navis",1029.67410522533
"7901009",62,0,1,0.029904,1,0.007476,1,123.63783064216,1,4.85584553991356,518,1,7.09899997711182,34.8979988098145,0.0299040004611015,0,119.224197387695,-86.9869,26.1327,39.7356743339178,63,63,63,63,61,63,0,8046,1.33458767306251,26,-87,0.001869,51,2025-02-22 08:04:35.000864,518,1.037,0.0011,"aoml_navis",1029.68678861416
"7901009",62,0,1,0.031773,1,0.009345,1,123.946241755181,1,4.85578232711568,520,1,7.05999994277954,34.8959999084473,0.0317730009555817,0,119.521598815918,-86.9869,26.1327,39.7356743339178,63,63,63,63,61,63,0,8046,1.33458767306251,26,-87,0.001869,51,2025-02-22 08:04:35.000864,520,1.037,0.0011,"aoml_navis",1029.70019312418
"7901009",62,0,1,0.026166,1,0.003738,1,124.089350967677,1,4.85573028610482,522,1,7.04699993133545,34.8959999084473,0.0261659994721413,0,119.659599304199,-86.9869,26.1327,39.7356743339178,63,63,63,63,61,63,0,8046,1.33458767306251,26,-87,0.001869,51,2025-02-22 08:04:35.000864,522,1.037,0.0011,"aoml_navis",1029.71122887695
"7901009",62,0,1,0.028035,1,0.005607,1,124.248537022267,1,4.85568265831184,524,1,7.03499984741211,34.8950004577637,0.0280349999666214,0,119.813102722168,-86.9869,26.1327,39.7356743339178,63,63,63,63,61,63,0,8046,1.33458767306251,26,-87,0.001869,51,2025-02-22 08:04:35.000864,524,1.037,0.0011,"aoml_navis",1029.72132897547
"7901009",62,0,1,0.031773,1,0.009345,1,124.280682794623,1,4.85563276316769,526,1,7.02500009536743,34.8950004577637,0.0317730009555817,0,119.844100952148,-86.9869,26.1327,39.7356743339178,63,63,63,63,61,63,0,8046,1.33458767306251,26,-87,0.001869,51,2025-02-22 08:04:35.000864,526,1.037,0.0011,"aoml_navis",1029.73191010807
"7901009",62,0,1,0.031773,1,0.009345,1,124.342387170356,1,4.85558856162568,528,1,7.02299976348877,34.8950004577637,0.0317730009555817,0,119.903602600098,-86.9869,26.1327,39.7356743339178,63,63,63,63,61,63,0,8046,1.33458767306251,26,-87,0.001869,51,2025-02-22 08:04:35.000864,528,1.037,0.0011,"aoml_navis",1029.74128399503
"7901009",62,0,1,0.029904,1,0.007476,1,124.424519895639,1,4.85554578555666,530,1,7.02299976348877,34.8950004577637,0.0299040004611015,0,119.982803344727,-86.9869,26.1327,39.7356743339178,63,63,63,63,61,63,0,8046,1.33458767306251,26,-87,0.001869,51,2025-02-22 08:04:35.000864,530,1.037,0.0011,"aoml_navis",1029.7503557423
"7901009",62,0,1,0.031773,1,0.009345,1,124.58380089221,1,4.85549945363606,532,1,7.01800012588501,34.8950004577637,0.0317730009555817,0,120.13639831543,-86.9869,26.1327,39.7356743339178,63,63,63,63,61,63,0,8046,1.33458767306251,26,-87,0.001869,51,2025-02-22 08:04:35.000864,532,1.037,0.0011,"aoml_navis",1029.76018177815
"7901009",62,0,1,0.026166,1,0.003738,1,124.806867076261,1,4.85545468410584,534,1,7.01000022888184,34.8940010070801,0.0261659994721413,0,120.351501464844,-86.9869,26.1327,39.7356743339178,63,63,63,63,61,63,0,8046,1.33458767306251,26,-87,0.001869,51,2025-02-22 08:04:35.000864,534,1.037,0.0011,"aoml_navis",1029.76967664168
"7901009",62,0,1,0.031773,1,0.009345,1,125.092563320359,1,4.85540707281106,536,1,6.9980001449585,34.8930015563965,0.0317730009555817,0,120.626998901367,-86.9869,26.1327,39.7356743339178,63,63,63,63,61,63,0,8046,1.33458767306251,26,-87,0.001869,51,2025-02-22 08:04:35.000864,536,1.037,0.0011,"aoml_navis",1029.77977438774
"7901009",62,0,1,0.026166,1,0.003738,1,125.476160570396,1,4.85535308807475,538,1,6.97700023651123,34.8919982910156,0.0261659994721413,0,120.99690246582,-86.9869,26.1327,39.7356743339178,63,63,63,63,61,63,0,8046,1.33458767306251,26,-87,0.001869,51,2025-02-22 08:04:35.000864,538,1.037,0.0011,"aoml_navis",1029.79122409872
"7901009",62,0,1,0.028035,1,0.005607,1,125.950284999191,1,4.85529272489658,540,1,6.94700002670288,34.890998840332,0.0280349999666214,0,121.4541015625,-86.9869,26.1327,39.7356743339178,63,63,63,63,61,63,0,8046,1.33458767306251,26,-87,0.001869,51,2025-02-22 08:04:35.000864,540,1.037,0.0011,"aoml_navis",1029.80402692538
"7901009",62,0,1,0.029904,1,0.007476,1,126.284726038633,1,4.85522391284635,542,1,6.90500020980835,34.8899993896484,0.0299040004611015,0,121.77660369873,-86.9869,26.1327,39.7356743339178,63,63,63,63,61,63,0,8046,1.33458767306251,26,-87,0.001869,51,2025-02-22 08:04:35.000864,542,1.037,0.0011,"aoml_navis",1029.81862211763
"7901009",62,0,1,0.031773,1,0.009345,1,126.494096841944,1,4.85516770697337,544,1,6.88600015640259,34.8899993896484,0.0317730009555817,0,121.978500366211,-86.9869,26.1327,39.7356743339178,63,63,63,63,61,63,0,8046,1.33458767306251,26,-87,0.001869,51,2025-02-22 08:04:35.000864,544,1.037,0.0011,"aoml_navis",1029.830543818
"7901009",62,0,1,0.026166,1,0.003738,1,126.666970365443,1,4.85512085428267,546,1,6.875,34.8889999389648,0.0261659994721413,0,122.145202636719,-86.9869,26.1327,39.7356743339178,63,63,63,63,61,63,0,8046,1.33458767306251,26,-87,0.001869,51,2025-02-22 08:04:35.000864,546,1.037,0.0011,"aoml_navis",1029.84048184702
"7901009",62,0,1,0.029904,1,0.007476,1,126.827184958159,1,4.85507313228441,548,1,6.86800003051758,34.8889999389648,0.0299040004611015,0,122.299697875977,-86.9869,26.1327,39.7356743339178,63,63,63,63,61,63,0,8046,1.33458767306251,26,-87,0.001869,51,2025-02-22 08:04:35.000864,548,1.037,0.0011,"aoml_navis",1029.85060446399
"7901009",62,0,1,0.029904,1,0.007476,1,126.981805885836,1,4.85502259134735,550,1,6.85699987411499,34.8889999389648,0.0299040004611015,0,122.448799133301,-86.9869,26.1327,39.7356743339178,63,63,63,63,61,63,0,8046,1.33458767306251,26,-87,0.001869,51,2025-02-22 08:04:35.000864,550,1.037,0.0011,"aoml_navis",1029.86132524101
"7901009",62,0,1,0.028035,1,0.005607,1,127.179459266341,1,4.85497769533629,552,1,6.85400009155273,34.8889999389648,0.0280349999666214,0,122.63939666748,-86.9869,26.1327,39.7356743339178,63,63,63,63,61,63,0,8046,1.33458767306251,26,-87,0.001869,51,2025-02-22 08:04:35.000864,552,1.037,0.0011,"aoml_navis",1029.87084879978
"7901009",62,0,1,0.029904,1,0.007476,1,127.484135994781,1,4.85493297081684,554,1,6.84600019454956,34.8880004882812,0.0299040004611015,0,122.933197021484,-86.9869,26.1327,39.7356743339178,63,63,63,63,61,63,0,8046,1.33458767306251,26,-87,0.001869,51,2025-02-22 08:04:35.000864,554,1.037,0.0011,"aoml_navis",1029.88033615606
"7901009",62,0,1,0.028035,1,0.005607,1,127.84481266827,1,4.85486976359327,556,1,6.81699991226196,34.8880004882812,0.0280349999666214,0,123.28099822998,-86.9869,26.1327,39.7356743339178,63,63,63,63,61,63,0,8046,1.33458767306251,26,-87,0.001869,51,2025-02-22 08:04:35.000864,556,1.037,0.0011,"aoml_navis",1029.89374452329
"7901009",62,0,1,0.031773,1,0.009345,1,128.078868386607,1,4.85481502382416,558,1,6.80000019073486,34.8880004882812,0.0317730009555817,0,123.506698608398,-86.9869,26.1327,39.7356743339178,63,63,63,63,61,63,0,8046,1.33458767306251,26,-87,0.001869,51,2025-02-22 08:04:35.000864,558,1.037,0.0011,"aoml_navis",1029.9053569422
"7901009",62,0,1,0.029904,1,0.007476,1,128.296641555225,1,4.85477171959878,560,1,6.79400014877319,34.8870010375977,0.0299040004611015,0,123.716697692871,-86.9869,26.1327,39.7356743339178,63,63,63,63,61,63,0,8046,1.33458767306251,26,-87,0.001869,51,2025-02-22 08:04:35.000864,560,1.037,0.0011,"aoml_navis",1029.91454362621
"7901009",62,0,1,0.033642,1,0.011214,1,128.701806458582,1,4.85472630883075,562,1,6.78499984741211,34.8860015869141,0.0336420014500618,0,124.107398986816,-86.9869,26.1327,39.7356743339178,63,63,63,63,61,63,0,8046,1.33458767306251,26,-87,0.001869,51,2025-02-22 08:04:35.000864,562,1.037,0.0011,"aoml_navis",1029.92417737432
"7901009",62,0,1,0.028035,1,0.005607,1,129.234209439968,1,4.85466176486334,564,1,6.75400018692017,34.8860015869141,0.0280349999666214,0,124.620796203613,-86.9869,26.1327,39.7356743339178,63,63,63,63,61,63,0,8046,1.33458767306251,26,-87,0.001869,51,2025-02-22 08:04:35.000864,564,1.037,0.0011,"aoml_navis",1029.93787047917
"7901009",62,0,1,0.029904,1,0.007476,1,129.621643928398,1,4.85458558296958,566,1,6.70100021362305,34.8849983215332,0.0299040004611015,0,124.994400024414,-86.9869,26.1327,39.7356743339178,63,63,63,63,61,63,0,8046,1.33458767306251,26,-87,0.001869,51,2025-02-22 08:04:35.000864,566,1.037,0.0011,"aoml_navis",1029.95403305702
"7901009",62,0,1,0.026166,1,0.003738,1,129.659699839063,1,4.8545323127697,568,1,6.68599987030029,34.8849983215332,0.0261659994721413,0,125.031097412109,-86.9869,26.1327,39.7356743339178,63,63,63,63,61,63,0,8046,1.33458767306251,26,-87,0.001869,51,2025-02-22 08:04:35.000864,568,1.037,0.0011,"aoml_navis",1029.96533504322
"7901009",62,0,1,0.026166,1,0.003738,1,129.712487580426,1,4.85448742729353,570,1,6.68300008773804,34.8849983215332,0.0261659994721413,0,125.082000732422,-86.9869,26.1327,39.7356743339178,63,63,63,63,61,63,0,8046,1.33458767306251,26,-87,0.001869,51,2025-02-22 08:04:35.000864,570,1.037,0.0011,"aoml_navis",1029.97485829057
"7901009",62,0,1,0.029904,1,0.007476,1,129.793378148126,1,4.85444394039762,572,1,6.68200016021729,34.8849983215332,0.0299040004611015,0,125.160003662109,-86.9869,26.1327,39.7356743339178,63,63,63,63,61,63,0,8046,1.33458767306251,26,-87,0.001869,51,2025-02-22 08:04:35.000864,572,1.037,0.0011,"aoml_navis",1029.98408497235
"7901009",62,0,1,0.031773,1,0.009345,1,129.87519440014,1,4.85440045572692,574,1,6.68100023269653,34.8849983215332,0.0317730009555817,0,125.238899230957,-86.9869,26.1327,39.7356743339178,63,63,63,63,61,63,0,8046,1.33458767306251,26,-87,0.001869,51,2025-02-22 08:04:35.000864,574,1.037,0.0011,"aoml_navis",1029.9933113473
"7901009",62,0,1,0.031773,1,0.009345,1,130.074612119123,1,4.85435697294806,576,1,6.67999982833862,34.8849983215332,0.0317730009555817,0,125.431198120117,-86.9869,26.1327,39.7356743339178,63,63,63,63,61,63,0,8046,1.33458767306251,26,-87,0.001869,51,2025-02-22 08:04:35.000864,576,1.037,0.0011,"aoml_navis",1030.00253748613
"7901009",62,0,1,0.026166,1,0.003738,1,130.359999801783,1,4.85431020219924,578,1,6.66900014877319,34.8839988708496,0.0261659994721413,0,125.706398010254,-86.9869,26.1327,39.7356743339178,63,63,63,63,61,63,0,8046,1.33458767306251,26,-87,0.001869,51,2025-02-22 08:04:35.000864,578,1.037,0.0011,"aoml_navis",1030.01246144813
"7901009",62,0,1,0.029904,1,0.007476,1,130.686141329731,1,4.85425485505359,580,1,6.65100002288818,34.8839988708496,0.0299040004611015,0,126.020896911621,-86.9869,26.1327,39.7356743339178,63,63,63,63,61,63,0,8046,1.33458767306251,26,-87,0.001869,51,2025-02-22 08:04:35.000864,580,1.037,0.0011,"aoml_navis",1030.02420542355
"7901009",62,0,1,0.033642,1,0.011214,1,131.020788076798,1,4.85420161109429,582,1,6.63600015640259,34.8839988708496,0.0336420014500618,0,126.343597412109,-86.9869,26.1327,39.7356743339178,63,63,63,63,61,63,0,8046,1.33458767306251,26,-87,0.001869,51,2025-02-22 08:04:35.000864,582,1.037,0.0011,"aoml_navis",1030.03550338175
"7901009",62,0,1,0.026166,1,0.003738,1,131.473550559898,1,4.85416064319277,584,1,6.62799978256226,34.8819999694824,0.0261659994721413,0,126.780197143555,-86.9869,26.1327,39.7356743339178,63,63,63,63,61,63,0,8046,1.33458767306251,26,-87,0.001869,51,2025-02-22 08:04:35.000864,584,1.037,0.0011,"aoml_navis",1030.04419662372
"7901009",62,0,1,0.03738,1,0.014952,1,132.13900681564,1,4.85410623444758,586,1,6.60599994659424,34.8810005187988,0.0373799987137318,0,127.421897888184,-86.9869,26.1327,39.7356743339178,63,63,63,63,61,63,0,8046,1.33458767306251,26,-87,0.001869,51,2025-02-22 08:04:35.000864,586,1.037,0.0011,"aoml_navis",1030.05574219144
"7901009",62,0,1,0.028035,1,0.005607,1,132.862124501095,1,4.85400770451275,588,1,6.5149998664856,34.8790016174316,0.0280349999666214,0,128.119201660156,-86.9869,26.1327,39.7356743339178,63,63,63,63,61,63,0,8046,1.33458767306251,26,-87,0.001869,51,2025-02-22 08:04:35.000864,588,1.037,0.0011,"aoml_navis",1030.0766509603
"7901009",62,0,1,0.033642,1,0.011214,1,133.192316886894,1,4.85395779836977,590,1,6.49399995803833,34.8769989013672,0.0336420014500618,0,128.437606811523,-86.9869,26.1327,39.7356743339178,63,63,63,63,61,63,0,8046,1.33458767306251,26,-87,0.001869,51,2025-02-22 08:04:35.000864,590,1.037,0.0011,"aoml_navis",1030.08724173071
"7901009",62,0,1,0.031773,1,0.009345,1,133.512018183806,1,4.85390257108086,592,1,6.47599983215332,34.8769989013672,0.0317730009555817,0,128.745895385742,-86.9869,26.1327,39.7356743339178,63,63,63,63,61,63,0,8046,1.33458767306251,26,-87,0.001869,51,2025-02-22 08:04:35.000864,592,1.037,0.0011,"aoml_navis",1030.09896197537
"7901009",62,0,1,0.028035,1,0.005607,1,133.789945009136,1,4.85385105282318,594,1,6.45800018310547,34.8759994506836,0.0280349999666214,0,129.013900756836,-86.9869,26.1327,39.7356743339178,63,63,63,63,61,63,0,8046,1.33458767306251,26,-87,0.001869,51,2025-02-22 08:04:35.000864,594,1.037,0.0011,"aoml_navis",1030.10989533596
"7901009",62,0,1,0.026166,1,0.003738,1,133.988531985786,1,4.85380067010945,596,1,6.44700002670288,34.8759994506836,0.0261659994721413,0,129.20539855957,-86.9869,26.1327,39.7356743339178,63,63,63,63,61,63,0,8046,1.33458767306251,26,-87,0.001869,51,2025-02-22 08:04:35.000864,596,1.037,0.0011,"aoml_navis",1030.12058793244
"7901009",62,0,1,0.028035,1,0.005607,1,134.257945680165,1,4.85375166909334,598,1,6.43800020217896,34.8759994506836,0.0280349999666214,0,129.465194702148,-86.9869,26.1327,39.7356743339178,63,63,63,63,61,63,0,8046,1.33458767306251,26,-87,0.001869,51,2025-02-22 08:04:35.000864,598,1.037,0.0011,"aoml_navis",1030.13098750764
"7901009",62,0,1,0.031773,1,0.009345,1,134.593533935209,1,4.85370567933535,600,1,6.42799997329712,34.875,0.0317730009555817,0,129.788803100586,-86.9869,26.1327,39.7356743339178,63,63,63,63,61,63,0,8046,1.33458767306251,26,-87,0.001869,51,2025-02-22 08:04:35.000864,600,1.037,0.0011,"aoml_navis",1030.14074818906
"7901009",62,0,1,0.029904,1,0.007476,1,134.945088266703,1,4.85365118223056,602,1,6.41099977493286,34.875,0.0299040004611015,0,130.127807617188,-86.9869,26.1327,39.7356743339178,63,63,63,63,61,63,0,8046,1.33458767306251,26,-87,0.001869,51,2025-02-22 08:04:35.000864,602,1.037,0.0011,"aoml_navis",1030.15231467503
"7901009",62,0,1,0.028035,1,0.005607,1,135.217302749518,1,4.85359764536527,604,1,6.3899998664856,34.8740005493164,0.0280349999666214,0,130.39030456543,-86.9869,26.1327,39.7356743339178,63,63,63,63,61,63,0,8046,1.33458767306251,26,-87,0.001869,51,2025-02-22 08:04:35.000864,604,1.037,0.0011,"aoml_navis",1030.16367761232
"7901009",62,0,1,0.029904,1,0.007476,1,135.435795894824,1,4.85354591682939,606,1,6.3769998550415,34.8740005493164,0.0299040004611015,0,130.600997924805,-86.9869,26.1327,39.7356743339178,63,63,63,63,61,63,0,8046,1.33458767306251,26,-87,0.001869,51,2025-02-22 08:04:35.000864,606,1.037,0.0011,"aoml_navis",1030.17465697868
"7901009",62,0,1,0.029904,1,0.007476,1,135.680334790215,1,4.85349625212825,608,1,6.36700010299683,34.8740005493164,0.0299040004611015,0,130.836807250977,-86.9869,26.1327,39.7356743339178,63,63,63,63,61,63,0,8046,1.33458767306251,26,-87,0.001869,51,2025-02-22 08:04:35.000864,608,1.037,0.0011,"aoml_navis",1030.18519851695
"7901009",62,0,1,0.026166,1,0.003738,1,135.875282324265,1,4.85344727643789,610,1,6.35799980163574,34.8740005493164,0.0261659994721413,0,131.024795532227,-86.9869,26.1327,39.7356743339178,63,63,63,63,61,63,0,8046,1.33458767306251,26,-87,0.001869,51,2025-02-22 08:04:35.000864,610,1.037,0.0011,"aoml_navis",1030.1955940211
"7901009",62,0,1,0.029904,1,0.007476,1,136.028249679109,1,4.85340036090701,612,1,6.35200023651123,34.8740005493164,0.0299040004611015,0,131.172302246094,-86.9869,26.1327,39.7356743339178,63,63,63,63,61,63,0,8046,1.33458767306251,26,-87,0.001869,51,2025-02-22 08:04:35.000864,612,1.037,0.0011,"aoml_navis",1030.20555243574
"7901009",62,0,1,0.028035,1,0.005607,1,136.230665982321,1,4.85335440213533,614,1,6.34200000762939,34.8730010986328,0.0280349999666214,0,131.367492675781,-86.9869,26.1327,39.7356743339178,63,63,63,63,61,63,0,8046,1.33458767306251,26,-87,0.001869,51,2025-02-22 08:04:35.000864,614,1.037,0.0011,"aoml_navis",1030.21530795282
"7901009",62,0,1,0.028035,1,0.005607,1,136.413714121436,1,4.85330036895601,616,1,6.33099985122681,34.8740005493164,0.0280349999666214,0,131.544006347656,-86.9869,26.1327,39.7356743339178,63,63,63,63,61,63,0,8046,1.33458767306251,26,-87,0.001869,51,2025-02-22 08:04:35.000864,616,1.037,0.0011,"aoml_navis",1030.22677763411
"7901009",62,0,1,0.033642,1,0.011214,1,136.572789410382,1,4.85325784184148,618,1,6.32600021362305,34.8730010986328,0.0336420014500618,0,131.697402954102,-86.9869,26.1327,39.7356743339178,63,63,63,63,61,63,0,8046,1.33458767306251,26,-87,0.001869,51,2025-02-22 08:04:35.000864,618,1.037,0.0011,"aoml_navis",1030.23580509022
"7901009",62,0,1,0.028035,1,0.005607,1,136.758511748625,1,4.85321161967227,620,1,6.32100009918213,34.8730010986328,0.0280349999666214,0,131.876495361328,-86.9869,26.1327,39.7356743339178,63,63,63,63,61,63,0,8046,1.33458767306251,26,-87,0.001869,51,2025-02-22 08:04:35.000864,620,1.037,0.0011,"aoml_navis",1030.24561709461
"7901009",62,0,1,0.028035,1,0.005607,1,137.093261349505,1,4.85316266078514,622,1,6.31199979782104,34.8730010986328,0.0280349999666214,0,132.199295043945,-86.9869,26.1327,39.7356743339178,63,63,63,63,61,63,0,8046,1.33458767306251,26,-87,0.001869,51,2025-02-22 08:04:35.000864,622,1.037,0.0011,"aoml_navis",1030.25601025108
"7901009",62,0,1,0.028035,1,0.005607,1,137.404053923879,1,4.85310549788548,624,1,6.29099988937378,34.8730010986328,0.0280349999666214,0,132.498992919922,-86.9869,26.1327,39.7356743339178,63,63,63,63,61,63,0,8046,1.33458767306251,26,-87,0.001869,51,2025-02-22 08:04:35.000864,624,1.037,0.0011,"aoml_navis",1030.26814524813
"7901009",62,0,1,0.031773,1,0.009345,1,137.635522473237,1,4.85305449863047,626,1,6.27899980545044,34.8730010986328,0.0317730009555817,0,132.722198486328,-86.9869,26.1327,39.7356743339178,63,63,63,63,61,63,0,8046,1.33458767306251,26,-87,0.001869,51,2025-02-22 08:04:35.000864,626,1.037,0.0011,"aoml_navis",1030.27897201876
"7901009",62,0,1,0.026166,1,0.003738,1,137.860661557204,1,4.85300487051972,628,1,6.26900005340576,34.8730010986328,0.0261659994721413,0,132.939300537109,-86.9869,26.1327,39.7356743339178,63,63,63,63,61,63,0,8046,1.33458767306251,26,-87,0.001869,51,2025-02-22 08:04:35.000864,628,1.037,0.0011,"aoml_navis",1030.28950792389
"7901009",62,0,1,0.028035,1,0.005607,1,138.133920401808,1,4.85295456326059,630,1,6.25799989700317,34.8730010986328,0.0280349999666214,0,133.20280456543,-86.9869,26.1327,39.7356743339178,63,63,63,63,61,63,0,8046,1.33458767306251,26,-87,0.001869,51,2025-02-22 08:04:35.000864,630,1.037,0.0011,"aoml_navis",1030.3001882302
"7901009",62,0,1,0.028035,1,0.005607,1,138.420233768781,1,4.85290221415356,632,1,6.24399995803833,34.8730010986328,0.0280349999666214,0,133.478897094727,-86.9869,26.1327,39.7356743339178,63,63,63,63,61,63,0,8046,1.33458767306251,26,-87,0.001869,51,2025-02-22 08:04:35.000864,632,1.037,0.0011,"aoml_navis",1030.31130225897
"7901009",62,0,1,0.028035,1,0.005607,1,138.654392340931,1,4.85285532592443,634,1,6.23799991607666,34.8730010986328,0.0280349999666214,0,133.704696655273,-86.9869,26.1327,39.7356743339178,63,63,63,63,61,63,0,8046,1.33458767306251,26,-87,0.001869,51,2025-02-22 08:04:35.000864,634,1.037,0.0011,"aoml_navis",1030.32125711424
"7901009",62,0,1,0.029904,1,0.007476,1,139.016010522396,1,4.85280571299293,636,1,6.22800016403198,34.8730010986328,0.0299040004611015,0,134.053405761719,-86.9869,26.1327,39.7356743339178,63,63,63,63,61,63,0,8046,1.33458767306251,26,-87,0.001869,51,2025-02-22 08:04:35.000864,636,1.037,0.0011,"aoml_navis",1030.33179066143
"7901009",62,0,1,0.029904,1,0.007476,1,139.359779611459,1,4.85274151242114,638,1,6.2020001411438,34.8740005493164,0.0299040004611015,0,134.384902954102,-86.9869,26.1327,39.7356743339178,63,63,63,63,61,63,0,8046,1.33458767306251,26,-87,0.001869,51,2025-02-22 08:04:35.000864,638,1.037,0.0011,"aoml_navis",1030.34542169657
"7901009",62,0,1,0.028035,1,0.005607,1,139.630949732484,1,4.8526864715719,640,1,6.18400001525879,34.8740005493164,0.0280349999666214,0,134.646392822266,-86.9869,26.1327,39.7356743339178,63,63,63,63,61,63,0,8046,1.33458767306251,26,-87,0.001869,51,2025-02-22 08:04:35.000864,640,1.037,0.0011,"aoml_navis",1030.35710823089
"7901009",62,0,1,0.029904,1,0.007476,1,139.804028963608,1,4.85264027514039,642,1,6.17899990081787,34.8740005493164,0.0299040004611015,0,134.813293457031,-86.9869,26.1327,39.7356743339178,63,63,63,63,61,63,0,8046,1.33458767306251,26,-87,0.001869,51,2025-02-22 08:04:35.000864,642,1.037,0.0011,"aoml_navis",1030.3669170811
"7901009",62,0,1,0.028035,1,0.005607,1,139.97182309113,1,4.85259272139218,644,1,6.17199993133545,34.8740005493164,0.0280349999666214,0,134.97509765625,-86.9869,26.1327,39.7356743339178,63,63,63,63,61,63,0,8046,1.33458767306251,26,-87,0.001869,51,2025-02-22 08:04:35.000864,644,1.037,0.0011,"aoml_navis",1030.37701432432
"7901009",62,0,1,0.029904,1,0.007476,1,140.213766905711,1,4.85254818691807,646,1,6.16400003433228,34.8730010986328,0.0299040004611015,0,135.208404541016,-86.9869,26.1327,39.7356743339178,63,63,63,63,61,63,0,8046,1.33458767306251,26,-87,0.001869,51,2025-02-22 08:04:35.000864,646,1.037,0.0011,"aoml_navis",1030.38647065462
"7901009",62,0,1,0.031773,1,0.009345,1,140.417433278338,1,4.85248811594867,648,1,6.14400005340576,34.8740005493164,0.0317730009555817,0,135.404800415039,-86.9869,26.1327,39.7356743339178,63,63,63,63,61,63,0,8046,1.33458767306251,26,-87,0.001869,51,2025-02-22 08:04:35.000864,648,1.037,0.0011,"aoml_navis",1030.39922623746
"7901009",62,0,1,0.026166,1,0.003738,1,140.584293809715,1,4.85243989299232,650,1,6.13600015640259,34.8740005493164,0.0261659994721413,0,135.565704345703,-86.9869,26.1327,39.7356743339178,63,63,63,63,61,63,0,8046,1.33458767306251,26,-87,0.001869,51,2025-02-22 08:04:35.000864,650,1.037,0.0011,"aoml_navis",1030.40946621941
"7901009",62,0,1,0.029904,1,0.007476,1,140.757262275194,1,4.8523916723804,652,1,6.12799978256226,34.8740005493164,0.0299040004611015,0,135.732498168945,-86.9869,26.1327,39.7356743339178,63,63,63,63,61,63,0,8046,1.33458767306251,26,-87,0.001869,51,2025-02-22 08:04:35.000864,652,1.037,0.0011,"aoml_navis",1030.41970590704
"7901009",62,0,1,0.035511,1,0.013083,1,140.943301086707,1,4.85234142131577,654,1,6.11700010299683,34.8740005493164,0.0355109982192516,0,135.911895751953,-86.9869,26.1327,39.7356743339178,63,63,63,63,61,63,0,8046,1.33458767306251,26,-87,0.001869,51,2025-02-22 08:04:35.000864,654,1.037,0.0011,"aoml_navis",1030.43037697957
"7901009",62,0,1,0.029904,1,0.007476,1,140.961767301986,1,4.85229591751047,656,1,6.11299991607666,34.8740005493164,0.0299040004611015,0,135.929702758789,-86.9869,26.1327,39.7356743339178,63,63,63,63,61,63,0,8046,1.33458767306251,26,-87,0.001869,51,2025-02-22 08:04:35.000864,656,1.037,0.0011,"aoml_navis",1030.44004013781
"7901009",62,0,1,0.029904,1,0.007476,1,141.098230575821,1,4.85225312713941,658,1,6.11299991607666,34.8740005493164,0.0299040004611015,0,136.061294555664,-86.9869,26.1327,39.7356743339178,63,63,63,63,61,63,0,8046,1.33458767306251,26,-87,0.001869,51,2025-02-22 08:04:35.000864,658,1.037,0.0011,"aoml_navis",1030.44912723828
"7901009",62,0,1,0.026166,1,0.003738,1,141.321407525517,1,4.852207627239,660,1,6.10900020599365,34.8740005493164,0.0261659994721413,0,136.276504516602,-86.9869,26.1327,39.7356743339178,63,63,63,63,61,63,0,8046,1.33458767306251,26,-87,0.001869,51,2025-02-22 08:04:35.000864,660,1.037,0.0011,"aoml_navis",1030.45878991891
"7901009",62,0,1,0.029904,1,0.007476,1,141.560234078392,1,4.85215331955151,662,1,6.09200000762939,34.8740005493164,0.0299040004611015,0,136.506805419922,-86.9869,26.1327,39.7356743339178,63,63,63,63,61,63,0,8046,1.33458767306251,26,-87,0.001869,51,2025-02-22 08:04:35.000864,662,1.037,0.0011,"aoml_navis",1030.47032332073
"7901009",62,0,1,0.031773,1,0.009345,1,141.82778058048,1,4.85210172948669,664,1,6.0789999961853,34.8740005493164,0.0317730009555817,0,136.764801025391,-86.9869,26.1327,39.7356743339178,63,63,63,63,61,63,0,8046,1.33458767306251,26,-87,0.001869,51,2025-02-22 08:04:35.000864,664,1.037,0.0011,"aoml_navis",1030.48127981623
"7901009",62,0,1,0.031773,1,0.009345,1,142.247977964142,1,4.85204577311237,666,1,6.06500005722046,34.875,0.0317730009555817,0,137.169998168945,-86.9869,26.1327,39.7356743339178,63,63,63,63,61,63,0,8046,1.33458767306251,26,-87,0.001869,51,2025-02-22 08:04:35.000864,666,1.037,0.0011,"aoml_navis",1030.49316387482
"7901009",62,0,1,0.033642,1,0.011214,1,142.637176791051,1,4.85198608857356,668,1,6.03999996185303,34.875,0.0336420014500618,0,137.545303344727,-86.9869,26.1327,39.7356743339178,63,63,63,63,61,63,0,8046,1.33458767306251,26,-87,0.001869,51,2025-02-22 08:04:35.000864,668,1.037,0.0011,"aoml_navis",1030.50584002601
"7901009",62,0,1,0.029904,1,0.007476,1,142.88916863194,1,4.85193249850659,670,1,6.02400016784668,34.875,0.0299040004611015,0,137.788299560547,-86.9869,26.1327,39.7356743339178,63,63,63,63,61,63,0,8046,1.33458767306251,26,-87,0.001869,51,2025-02-22 08:04:35.000864,670,1.037,0.0011,"aoml_navis",1030.51722206337
"7901009",62,0,1,0.028035,1,0.005607,1,143.109323261911,1,4.85188296256132,672,1,6.01399993896484,34.875,0.0280349999666214,0,138.000595092773,-86.9869,26.1327,39.7356743339178,63,63,63,63,61,63,0,8046,1.33458767306251,26,-87,0.001869,51,2025-02-22 08:04:35.000864,672,1.037,0.0011,"aoml_navis",1030.52774326619
"7901009",62,0,1,0.031773,1,0.009345,1,143.275044489518,1,4.85183477871163,674,1,6.00600004196167,34.875,0.0317730009555817,0,138.160400390625,-86.9869,26.1327,39.7356743339178,63,63,63,63,61,63,0,8046,1.33458767306251,26,-87,0.001869,51,2025-02-22 08:04:35.000864,674,1.037,0.0011,"aoml_navis",1030.53797749636
"7901009",62,0,1,0.029904,1,0.007476,1,143.455276016534,1,4.85178794538315,676,1,6,34.875,0.0299040004611015,0,138.334197998047,-86.9869,26.1327,39.7356743339178,63,63,63,63,61,63,0,8046,1.33458767306251,26,-87,0.001869,51,2025-02-22 08:04:35.000864,676,1.037,0.0011,"aoml_navis",1030.54792507119
"7901009",62,0,1,0.028035,1,0.005607,1,143.588115671433,1,4.85174178798032,678,1,5.99499988555908,34.875,0.0280349999666214,0,138.462295532227,-86.9869,26.1327,39.7356743339178,63,63,63,63,61,63,0,8046,1.33458767306251,26,-87,0.001869,51,2025-02-22 08:04:35.000864,678,1.037,0.0011,"aoml_navis",1030.55772926477
"7901009",62,0,1,0.033642,1,0.011214,1,143.759849891161,1,4.85169361105669,680,1,5.98699998855591,34.875,0.0336420014500618,0,138.627899169922,-86.9869,26.1327,39.7356743339178,63,63,63,63,61,63,0,8046,1.33458767306251,26,-87,0.001869,51,2025-02-22 08:04:35.000864,680,1.037,0.0011,"aoml_navis",1030.56796261935
"7901009",62,0,1,0.031773,1,0.009345,1,144.003866605657,1,4.85164678390786,682,1,5.98099994659424,34.875,0.0317730009555817,0,138.863204956055,-86.9869,26.1327,39.7356743339178,63,63,63,63,61,63,0,8046,1.33458767306251,26,-87,0.001869,51,2025-02-22 08:04:35.000864,682,1.037,0.0011,"aoml_navis",1030.57790946039
"7901009",62,0,1,0.026166,1,0.003738,1,144.300449530228,1,4.85159659157665,684,1,5.96999979019165,34.875,0.0261659994721413,0,139.149200439453,-86.9869,26.1327,39.7356743339178,63,63,63,63,61,63,0,8046,1.33458767306251,26,-87,0.001869,51,2025-02-22 08:04:35.000864,684,1.037,0.0011,"aoml_navis",1030.58857133361
"7901009",62,0,1,0.031773,1,0.009345,1,144.550273529221,1,4.85153799876635,686,1,5.9520001411438,34.8759994506836,0.0317730009555817,0,139.390106201172,-86.9869,26.1327,39.7356743339178,63,63,63,63,61,63,0,8046,1.33458767306251,26,-87,0.001869,51,2025-02-22 08:04:35.000864,686,1.037,0.0011,"aoml_navis",1030.60101791873
"7901009",62,0,1,0.028035,1,0.005607,1,144.838248380859,1,4.85148848990684,688,1,5.94199991226196,34.8759994506836,0.0280349999666214,0,139.66780090332,-86.9869,26.1327,39.7356743339178,63,63,63,63,61,63,0,8046,1.33458767306251,26,-87,0.001869,51,2025-02-22 08:04:35.000864,688,1.037,0.0011,"aoml_navis",1030.6115350788
"7901009",62,0,1,0.029904,1,0.007476,1,145.127884717163,1,4.85143361063179,690,1,5.92399978637695,34.8759994506836,0.0299040004611015,0,139.94709777832,-86.9869,26.1327,39.7356743339178,63,63,63,63,61,63,0,8046,1.33458767306251,26,-87,0.001869,51,2025-02-22 08:04:35.000864,690,1.037,0.0011,"aoml_navis",1030.62319332633
"7901009",62,0,1,0.026166,1,0.003738,1,145.337152666662,1,4.8513867975116,692,1,5.91800022125244,34.8759994506836,0.0261659994721413,0,140.148895263672,-86.9869,26.1327,39.7356743339178,63,63,63,63,61,63,0,8046,1.33458767306251,26,-87,0.001869,51,2025-02-22 08:04:35.000864,692,1.037,0.0011,"aoml_navis",1030.6331382533
"7901009",62,0,1,0.031773,1,0.009345,1,145.583131515429,1,4.85133931448917,694,1,5.91099977493286,34.8759994506836,0.0317730009555817,0,140.386093139648,-86.9869,26.1327,39.7356743339178,63,63,63,63,61,63,0,8046,1.33458767306251,26,-87,0.001869,51,2025-02-22 08:04:35.000864,694,1.037,0.0011,"aoml_navis",1030.64322568962
"7901009",62,0,1,0.031773,1,0.009345,1,145.854317460117,1,4.85128780807394,696,1,5.89799976348877,34.8759994506836,0.0317730009555817,0,140.647598266602,-86.9869,26.1327,39.7356743339178,63,63,63,63,61,63,0,8046,1.33458767306251,26,-87,0.001869,51,2025-02-22 08:04:35.000864,696,1.037,0.0011,"aoml_navis",1030.65416809091
"7901009",62,0,1,0.031773,1,0.009345,1,146.014642818478,1,4.8512272504751,698,1,5.8769998550415,34.8769989013672,0.0317730009555817,0,140.802200317383,-86.9869,26.1327,39.7356743339178,63,63,63,63,61,63,0,8046,1.33458767306251,26,-87,0.001869,51,2025-02-22 08:04:35.000864,698,1.037,0.0011,"aoml_navis",1030.66703368933
"7901009",62,0,1,0.031773,1,0.009345,1,146.134617834969,1,4.85118245766988,700,1,5.87400007247925,34.8769989013672,0.0317730009555817,0,140.917892456055,-86.9869,26.1327,39.7356743339178,63,63,63,63,61,63,0,8046,1.33458767306251,26,-87,0.001869,51,2025-02-22 08:04:35.000864,700,1.037,0.0011,"aoml_navis",1030.67655022846
"7901009",62,0,1,0.026166,1,0.003738,1,146.245272713672,1,4.85113833675072,702,1,5.87200021743774,34.8769989013672,0.0261659994721413,0,141.024597167969,-86.9869,26.1327,39.7356743339178,63,63,63,63,61,63,0,8046,1.33458767306251,26,-87,0.001869,51,2025-02-22 08:04:35.000864,702,1.037,0.0011,"aoml_navis",1030.68592419259
"7901009",62,0,1,0.031773,1,0.009345,1,146.448638436693,1,4.85109287723868,704,1,5.86800003051758,34.8769989013672,0.0317730009555817,0,141.220703125,-86.9869,26.1327,39.7356743339178,63,63,63,63,61,63,0,8046,1.33458767306251,26,-87,0.001869,51,2025-02-22 08:04:35.000864,704,1.037,0.0011,"aoml_navis",1030.69558273353
"7901009",62,0,1,0.031773,1,0.009345,1,146.653966293985,1,4.85104741951866,706,1,5.86399984359741,34.8769989013672,0.0317730009555817,0,141.418701171875,-86.9869,26.1327,39.7356743339178,63,63,63,63,61,63,0,8046,1.33458767306251,26,-87,0.001869,51,2025-02-22 08:04:35.000864,706,1.037,0.0011,"aoml_navis",1030.70524107475
"7901009",62,0,1,0.028035,1,0.005607,1,146.993383875591,1,4.85100062356557,708,1,5.85799980163574,34.8769989013672,0.0280349999666214,0,141.746002197266,-86.9869,26.1327,39.7356743339178,63,63,63,63,61,63,0,8046,1.33458767306251,26,-87,0.001869,51,2025-02-22 08:04:35.000864,708,1.037,0.0011,"aoml_navis",1030.71518393764
"7901009",62,0,1,0.031773,1,0.009345,1,147.498206211534,1,4.85094847208891,710,1,5.8439998626709,34.8769989013672,0.0317730009555817,0,142.232803344727,-86.9869,26.1327,39.7356743339178,63,63,63,63,61,63,0,8046,1.33458767306251,26,-87,0.001869,51,2025-02-22 08:04:35.000864,710,1.037,0.0011,"aoml_navis",1030.72626492916
"7901009",62,0,1,0.029904,1,0.007476,1,147.801941431997,1,4.85087859452814,712,1,5.80900001525879,34.8779983520508,0.0299040004611015,0,142.525695800781,-86.9869,26.1327,39.7356743339178,63,63,63,63,61,63,0,8046,1.33458767306251,26,-87,0.001869,51,2025-02-22 08:04:35.000864,712,1.037,0.0011,"aoml_navis",1030.7411126801
"7901009",62,0,1,0.031773,1,0.009345,1,147.940699137037,1,4.85082676352197,714,1,5.80100011825562,34.8790016174316,0.0317730009555817,0,142.65950012207,-86.9869,26.1327,39.7356743339178,63,63,63,63,61,63,0,8046,1.33458767306251,26,-87,0.001869,51,2025-02-22 08:04:35.000864,714,1.037,0.0011,"aoml_navis",1030.75212613235
"7901009",62,0,1,0.028035,1,0.005607,1,148.045119492329,1,4.85078064751513,716,1,5.7960000038147,34.8790016174316,0.0280349999666214,0,142.760192871094,-86.9869,26.1327,39.7356743339178,63,63,63,63,61,63,0,8046,1.33458767306251,26,-87,0.001869,51,2025-02-22 08:04:35.000864,716,1.037,0.0011,"aoml_navis",1030.76192541531
"7901009",62,0,1,0.028035,1,0.005607,1,148.233247027421,1,4.85073520095612,718,1,5.79199981689453,34.8790016174316,0.0280349999666214,0,142.941604614258,-86.9869,26.1327,39.7356743339178,63,63,63,63,61,63,0,8046,1.33458767306251,26,-87,0.001869,51,2025-02-22 08:04:35.000864,718,1.037,0.0011,"aoml_navis",1030.77158262823
"7901009",62,0,1,0.029904,1,0.007476,1,148.433384723092,1,4.85068975650393,720,1,5.78800010681152,34.8790016174316,0.0299040004611015,0,143.13459777832,-86.9869,26.1327,39.7356743339178,63,63,63,63,61,63,0,8046,1.33458767306251,26,-87,0.001869,51,2025-02-22 08:04:35.000864,720,1.037,0.0011,"aoml_navis",1030.78123957441
"7901009",62,0,1,0.029904,1,0.007476,1,148.748022447691,1,4.85064097576326,722,1,5.77899980545044,34.8790016174316,0.0299040004611015,0,143.438003540039,-86.9869,26.1327,39.7356743339178,63,63,63,63,61,63,0,8046,1.33458767306251,26,-87,0.001869,51,2025-02-22 08:04:35.000864,722,1.037,0.0011,"aoml_navis",1030.79160568325
"7901009",62,0,1,0.026166,1,0.003738,1,148.988605427213,1,4.85058819642309,724,1,5.76399993896484,34.8790016174316,0.0261659994721413,0,143.669998168945,-86.9869,26.1327,39.7356743339178,63,63,63,63,61,63,0,8046,1.33458767306251,26,-87,0.001869,51,2025-02-22 08:04:35.000864,724,1.037,0.0011,"aoml_navis",1030.80282174584
"7901009",62,0,1,0.031773,1,0.009345,1,149.129641739794,1,4.85054009032088,726,1,5.75600004196167,34.8790016174316,0.0317730009555817,0,143.805999755859,-86.9869,26.1327,39.7356743339178,63,63,63,63,61,63,0,8046,1.33458767306251,26,-87,0.001869,51,2025-02-22 08:04:35.000864,726,1.037,0.0011,"aoml_navis",1030.8130449179
"7901009",62,0,1,0.026166,1,0.003738,1,149.367851169793,1,4.85049465279178,728,1,5.7519998550415,34.8790016174316,0.0261659994721413,0,144.035705566406,-86.9869,26.1327,39.7356743339178,63,63,63,63,61,63,0,8046,1.33458767306251,26,-87,0.001869,51,2025-02-22 08:04:35.000864,728,1.037,0.0011,"aoml_navis",1030.8227011697
"7901009",62,0,1,0.031773,1,0.009345,1,149.678010797628,1,4.85044655112866,730,1,5.74399995803833,34.8790016174316,0.0317730009555817,0,144.33479309082,-86.9869,26.1327,39.7356743339178,63,63,63,63,61,63,0,8046,1.33458767306251,26,-87,0.001869,51,2025-02-22 08:04:35.000864,730,1.037,0.0011,"aoml_navis",1030.83292379266
"7901009",62,0,1,0.029904,1,0.007476,1,149.873179862968,1,4.85038942893345,732,1,5.72800016403198,34.8800010681152,0.0299040004611015,0,144.522994995117,-86.9869,26.1327,39.7356743339178,63,63,63,63,61,63,0,8046,1.33458767306251,26,-87,0.001869,51,2025-02-22 08:04:35.000864,732,1.037,0.0011,"aoml_navis",1030.84506373325
"7901009",62,0,1,0.031773,1,0.009345,1,149.995655018288,1,4.85034333117831,734,1,5.72300004959106,34.8800010681152,0.0317730009555817,0,144.641098022461,-86.9869,26.1327,39.7356743339178,63,63,63,63,61,63,0,8046,1.33458767306251,26,-87,0.001869,51,2025-02-22 08:04:35.000864,734,1.037,0.0011,"aoml_navis",1030.85486090432
"7901009",62,0,1,0.029904,1,0.007476,1,150.119886600255,1,4.85030056454576,736,1,5.72300004959106,34.8800010681152,0.0299040004611015,0,144.760894775391,-86.9869,26.1327,39.7356743339178,63,63,63,63,61,63,0,8046,1.33458767306251,26,-87,0.001869,51,2025-02-22 08:04:35.000864,736,1.037,0.0011,"aoml_navis",1030.86395027733
"7901009",62,0,1,0.026166,1,0.003738,1,150.316100027384,1,4.85025580203322,738,1,5.71999979019165,34.8800010681152,0.0261659994721413,0,144.950103759766,-86.9869,26.1327,39.7356743339178,63,63,63,63,61,63,0,8046,1.33458767306251,26,-87,0.001869,51,2025-02-22 08:04:35.000864,738,1.037,0.0011,"aoml_navis",1030.87346401483
"7901009",62,0,1,0.031773,1,0.009345,1,150.539878276292,1,4.85020438344739,740,1,5.70699977874756,34.8800010681152,0.0317730009555817,0,145.165893554688,-86.9869,26.1327,39.7356743339178,63,63,63,63,61,63,0,8046,1.33458767306251,26,-87,0.001869,51,2025-02-22 08:04:35.000864,740,1.037,0.0011,"aoml_navis",1030.88439263793
"7901009",62,0,1,0.031773,1,0.009345,1,150.714001869205,1,4.85015326759942,742,1,5.69999980926514,34.8810005187988,0.0317730009555817,0,145.333801269531,-86.9869,26.1327,39.7356743339178,63,63,63,63,61,63,0,8046,1.33458767306251,26,-87,0.001869,51,2025-02-22 08:04:35.000864,742,1.037,0.0011,"aoml_navis",1030.89525714612
"7901009",62,0,1,0.031773,1,0.009345,1,150.84631934321,1,4.85010518362564,744,1,5.69199991226196,34.8810005187988,0.0317730009555817,0,145.461395263672,-86.9869,26.1327,39.7356743339178,63,63,63,63,61,63,0,8046,1.33458767306251,26,-87,0.001869,51,2025-02-22 08:04:35.000864,744,1.037,0.0011,"aoml_navis",1030.90547744829
"7901009",62,0,1,0.031773,1,0.009345,1,150.962575798783,1,4.85005976277972,746,1,5.68800020217896,34.8810005187988,0.0317730009555817,0,145.573501586914,-86.9869,26.1327,39.7356743339178,63,63,63,63,61,63,0,8046,1.33458767306251,26,-87,0.001869,51,2025-02-22 08:04:35.000864,746,1.037,0.0011,"aoml_navis",1030.91513188579
"7901009",62,0,1,0.033642,1,0.011214,1,151.117505287898,1,4.85001500856786,748,1,5.68499994277954,34.8810005187988,0.0336420014500618,0,145.722900390625,-86.9869,26.1327,39.7356743339178,63,63,63,63,61,63,0,8046,1.33458767306251,26,-87,0.001869,51,2025-02-22 08:04:35.000864,748,1.037,0.0011,"aoml_navis",1030.92464480361
"7901009",62,0,1,0.033642,1,0.011214,1,151.384434667111,1,4.8499709217643,750,1,5.68300008773804,34.8810005187988,0.0336420014500618,0,145.98030090332,-86.9869,26.1327,39.7356743339178,63,63,63,63,61,63,0,8046,1.33458767306251,26,-87,0.001869,51,2025-02-22 08:04:35.000864,750,1.037,0.0011,"aoml_navis",1030.93401602934
"7901009",62,0,1,0.029904,1,0.007476,1,151.646379592328,1,4.84992018494517,752,1,5.6710000038147,34.8810005187988,0.0299040004611015,0,146.232894897461,-86.9869,26.1327,39.7356743339178,63,63,63,63,61,63,0,8046,1.33458767306251,26,-87,0.001869,51,2025-02-22 08:04:35.000864,752,1.037,0.0011,"aoml_navis",1030.94480101357
"7901009",62,0,1,0.033642,1,0.011214,1,151.884794729953,1,4.84986310134983,754,1,5.65500020980835,34.8819999694824,0.0336420014500618,0,146.462799072266,-86.9869,26.1327,39.7356743339178,63,63,63,63,61,63,0,8046,1.33458767306251,26,-87,0.001869,51,2025-02-22 08:04:35.000864,754,1.037,0.0011,"aoml_navis",1030.95693538409
"7901009",62,0,1,0.033642,1,0.011214,1,152.033711226945,1,4.84981702500644,756,1,5.65000009536743,34.8819999694824,0.0336420014500618,0,146.606399536133,-86.9869,26.1327,39.7356743339178,63,63,63,63,61,63,0,8046,1.33458767306251,26,-87,0.001869,51,2025-02-22 08:04:35.000864,756,1.037,0.0011,"aoml_navis",1030.96673013006
"7901009",62,0,1,0.029904,1,0.007476,1,152.207106931339,1,4.84977227894262,758,1,5.64699983596802,34.8819999694824,0.0299040004611015,0,146.77360534668,-86.9869,26.1327,39.7356743339178,63,63,63,63,61,63,0,8046,1.33458767306251,26,-87,0.001869,51,2025-02-22 08:04:35.000864,758,1.037,0.0011,"aoml_navis",1030.97624226805
"7901009",62,0,1,0.031773,1,0.009345,1,152.502344844514,1,4.84972554197715,760,1,5.64099979400635,34.8819999694824,0.0317730009555817,0,147.058303833008,-86.9869,26.1327,39.7356743339178,63,63,63,63,61,63,0,8046,1.33458767306251,26,-87,0.001869,51,2025-02-22 08:04:35.000864,760,1.037,0.0011,"aoml_navis",1030.9861778202
"7901009",62,0,1,0.029904,1,0.007476,1,152.748529400907,1,4.84967615117478,762,1,5.63100004196167,34.8819999694824,0.0299040004611015,0,147.295700073242,-86.9869,26.1327,39.7356743339178,63,63,63,63,61,63,0,8046,1.33458767306251,26,-87,0.001869,51,2025-02-22 08:04:35.000864,762,1.037,0.0011,"aoml_navis",1030.99667774493
"7901009",62,0,1,0.033642,1,0.011214,1,153.079133201956,1,4.84963288312951,763.900024414062,1,5.6269998550415,34.8819999694824,0.0336420014500618,0,147.614501953125,-86.9869,26.1327,39.7356743339178,63,63,63,63,61,63,0,8046,1.33458767306251,26,-87,0.001869,51,2025-02-22 08:04:35.000864,763.900024414062,1.037,0.0011,"aoml_navis",1031.00587621665
"7901009",62,0,1,0.029904,1,0.007476,1,153.522037542709,1,4.8495753903983,766,1,5.60799980163574,34.8819999694824,0.0299040004611015,0,148.041595458984,-86.9869,26.1327,39.7356743339178,63,63,63,63,61,63,0,8046,1.33458767306251,26,-87,0.001869,51,2025-02-22 08:04:35.000864,766,1.037,0.0011,"aoml_navis",1031.01809900709
"7901009",62,0,1,0.029904,1,0.007476,1,153.795818568207,1,4.8495176788168,768,1,5.59100008010864,34.882999420166,0.0299040004611015,0,148.305603027344,-86.9869,26.1327,39.7356743339178,63,63,63,63,61,63,0,8046,1.33458767306251,26,-87,0.001869,51,2025-02-22 08:04:35.000864,768,1.037,0.0011,"aoml_navis",1031.03036861594
"7901009",62,0,1,0.029904,1,0.007476,1,153.928768988751,1,4.8494702923364,770,1,5.58400011062622,34.882999420166,0.0299040004611015,0,148.433807373047,-86.9869,26.1327,39.7356743339178,63,63,63,63,61,63,0,8046,1.33458767306251,26,-87,0.001869,51,2025-02-22 08:04:35.000864,770,1.037,0.0011,"aoml_navis",1031.04044330398
"7901009",62,0,1,0.031773,1,0.009345,1,154.094173743088,1,4.84942489471062,772,1,5.57999992370605,34.882999420166,0.0317730009555817,0,148.593307495117,-86.9869,26.1327,39.7356743339178,63,63,63,63,61,63,0,8046,1.33458767306251,26,-87,0.001869,51,2025-02-22 08:04:35.000864,772,1.037,0.0011,"aoml_navis",1031.05009533267
"7901009",62,0,1,0.029904,1,0.007476,1,154.275750281499,1,4.84937685017854,774,1,5.57200002670288,34.882999420166,0.0299040004611015,0,148.768402099609,-86.9869,26.1327,39.7356743339178,63,63,63,63,61,63,0,8046,1.33458767306251,26,-87,0.001869,51,2025-02-22 08:04:35.000864,774,1.037,0.0011,"aoml_navis",1031.06031031923
"7901009",62,0,1,0.026166,1,0.003738,1,154.458165474075,1,4.84933278066964,776,1,5.57000017166138,34.882999420166,0.0261659994721413,0,148.944305419922,-86.9869,26.1327,39.7356743339178,63,63,63,63,61,63,0,8046,1.33458767306251,26,-87,0.001869,51,2025-02-22 08:04:35.000864,776,1.037,0.0011,"aoml_navis",1031.06968033436
"7901009",62,0,1,0.028035,1,0.005607,1,154.762517817414,1,4.84928038411333,778,1,5.56099987030029,34.8839988708496,0.0280349999666214,0,149.23779296875,-86.9869,26.1327,39.7356743339178,63,63,63,63,61,63,0,8046,1.33458767306251,26,-87,0.001869,51,2025-02-22 08:04:35.000864,778,1.037,0.0011,"aoml_navis",1031.08082105964
"7901009",62,0,1,0.031773,1,0.009345,1,155.062328769334,1,4.84923036153175,780,1,5.55000019073486,34.8839988708496,0.0317730009555817,0,149.526901245117,-86.9869,26.1327,39.7356743339178,63,63,63,63,61,63,0,8046,1.33458767306251,26,-87,0.001869,51,2025-02-22 08:04:35.000864,780,1.037,0.0011,"aoml_navis",1031.09145724738
"7901009",62,0,1,0.031773,1,0.009345,1,155.358911693905,1,4.84918034294461,782,1,5.53900003433228,34.8839988708496,0.0317730009555817,0,149.812896728516,-86.9869,26.1327,39.7356743339178,63,63,63,63,61,63,0,8046,1.33458767306251,26,-87,0.001869,51,2025-02-22 08:04:35.000864,782,1.037,0.0011,"aoml_navis",1031.10209280519
"7901009",62,0,1,0.033642,1,0.011214,1,155.721764121122,1,4.84913297276594,784,1,5.53200006484985,34.8839988708496,0.0336420014500618,0,150.162796020508,-86.9869,26.1327,39.7356743339178,63,63,63,63,61,63,0,8046,1.33458767306251,26,-87,0.001869,51,2025-02-22 08:04:35.000864,784,1.037,0.0011,"aoml_navis",1031.11216542862
"7901009",62,0,1,0.031773,1,0.009345,1,156.102877055993,1,4.84907596453522,786,1,5.51599979400635,34.8849983215332,0.0317730009555817,0,150.530303955078,-86.9869,26.1327,39.7356743339178,63,63,63,63,61,63,0,8046,1.33458767306251,26,-87,0.001869,51,2025-02-22 08:04:35.000864,786,1.037,0.0011,"aoml_navis",1031.12428771349
"7901009",62,0,1,0.024297,1,0.001869,1,156.449541875472,1,4.84902595956328,788,1,5.50500011444092,34.8849983215332,0.0242970008403063,0,150.864593505859,-86.9869,26.1327,39.7356743339178,63,63,63,63,61,63,0,8046,1.33458767306251,26,-87,0.001869,51,2025-02-22 08:04:35.000864,788,1.037,0.0011,"aoml_navis",1031.13492105336
"7901009",62,0,1,0.028035,1,0.005607,1,156.75712224616,1,4.84897463922737,790,1,5.49200010299683,34.8849983215332,0.0280349999666214,0,151.161193847656,-86.9869,26.1327,39.7356743339178,63,63,63,63,61,63,0,8046,1.33458767306251,26,-87,0.001869,51,2025-02-22 08:04:35.000864,790,1.037,0.0011,"aoml_navis",1031.14583432771
"7901009",62,0,1,0.029904,1,0.007476,1,156.941816046276,1,4.84891632148781,792,1,5.47399997711182,34.8860015869141,0.0299040004611015,0,151.339294433594,-86.9869,26.1327,39.7356743339178,63,63,63,63,61,63,0,8046,1.33458767306251,26,-87,0.001869,51,2025-02-22 08:04:35.000864,792,1.037,0.0011,"aoml_navis",1031.15823588101
"7901009",62,0,1,0.028035,1,0.005607,1,157.094989108745,1,4.84887094386839,794,1,5.46999979019165,34.8860015869141,0.0280349999666214,0,151.486999511719,-86.9869,26.1327,39.7356743339178,63,63,63,63,61,63,0,8046,1.33458767306251,26,-87,0.001869,51,2025-02-22 08:04:35.000864,794,1.037,0.0011,"aoml_navis",1031.16788586067
"7901009",62,0,1,0.026166,1,0.003738,1,157.232291036745,1,4.84882688627076,796,1,5.46799993515015,34.8860015869141,0.0261659994721413,0,151.619400024414,-86.9869,26.1327,39.7356743339178,63,63,63,63,61,63,0,8046,1.33458767306251,26,-87,0.001869,51,2025-02-22 08:04:35.000864,796,1.037,0.0011,"aoml_navis",1031.17725529803
"7901009",62,0,1,0.031773,1,0.009345,1,157.408898944824,1,4.84878283063677,798,1,5.46600008010864,34.8860015869141,0.0317730009555817,0,151.789703369141,-86.9869,26.1327,39.7356743339178,63,63,63,63,61,63,0,8046,1.33458767306251,26,-87,0.001869,51,2025-02-22 08:04:35.000864,798,1.037,0.0011,"aoml_navis",1031.18662448806
"7901009",62,0,1,0.028035,1,0.005607,1,157.747889287516,1,4.84873548120563,800,1,5.45900011062622,34.8860015869141,0.0280349999666214,0,152.116592407227,-86.9869,26.1327,39.7356743339178,63,63,63,63,61,63,0,8046,1.33458767306251,26,-87,0.001869,51,2025-02-22 08:04:35.000864,800,1.037,0.0011,"aoml_navis",1031.19669435066
"7901009",62,0,1,0.026166,1,0.003738,1,158.025816112846,1,4.84867587975924,802,1,5.43900012969971,34.8870010375977,0.0261659994721413,0,152.38459777832,-86.9869,26.1327,39.7356743339178,63,63,63,63,61,63,0,8046,1.33458767306251,26,-87,0.001869,51,2025-02-22 08:04:35.000864,802,1.037,0.0011,"aoml_navis",1031.20937014422
"7901009",62,0,1,0.026166,1,0.003738,1,158.119777026579,1,4.84862286940182,804,1,5.42899990081787,34.8880004882812,0.0261659994721413,0,152.475204467773,-86.9869,26.1327,39.7356743339178,63,63,63,63,61,63,0,8046,1.33458767306251,26,-87,0.001869,51,2025-02-22 08:04:35.000864,804,1.037,0.0011,"aoml_navis",1031.22064443359
"7901009",62,0,1,0.031773,1,0.009345,1,158.203563324696,1,4.8485794767624,806,1,5.42799997329712,34.8880004882812,0.0317730009555817,0,152.555999755859,-86.9869,26.1327,39.7356743339178,63,63,63,63,61,63,0,8046,1.33458767306251,26,-87,0.001869,51,2025-02-22 08:04:35.000864,806,1.037,0.0011,"aoml_navis",1031.22987340175
"7901009",62,0,1,0.026166,1,0.003738,1,158.268899231197,1,4.84853608633438,808,1,5.42700004577637,34.8880004882812,0.0261659994721413,0,152.619003295898,-86.9869,26.1327,39.7356743339178,63,63,63,63,61,63,0,8046,1.33458767306251,26,-87,0.001869,51,2025-02-22 08:04:35.000864,808,1.037,0.0011,"aoml_navis",1031.23910206475
"7901009",62,0,1,0.028035,1,0.005607,1,158.413669928359,1,4.84849639114983,810,1,5.42600011825562,34.8870010375977,0.0280349999666214,0,152.758605957031,-86.9869,26.1327,39.7356743339178,63,63,63,63,61,63,0,8046,1.33458767306251,26,-87,0.001869,51,2025-02-22 08:04:35.000864,810,1.037,0.0011,"aoml_navis",1031.24754493511
"7901009",62,0,1,0.029904,1,0.007476,1,158.602193055037,1,4.84844667836686,812,1,5.4210000038147,34.8880004882812,0.0299040004611015,0,152.940399169922,-86.9869,26.1327,39.7356743339178,63,63,63,63,61,63,0,8046,1.33458767306251,26,-87,0.001869,51,2025-02-22 08:04:35.000864,812,1.037,0.0011,"aoml_navis",1031.25811866909
"7901009",62,0,1,0.031773,1,0.009345,1,158.798707131772,1,4.84839934413674,814,1,5.41400003433228,34.8880004882812,0.0317730009555817,0,153.129898071289,-86.9869,26.1327,39.7356743339178,63,63,63,63,61,63,0,8046,1.33458767306251,26,-87,0.001869,51,2025-02-22 08:04:35.000864,814,1.037,0.0011,"aoml_navis",1031.26818669477
"7901009",62,0,1,0.024297,1,0.001869,1,159.058167741823,1,4.84835464433909,816,1,5.41099977493286,34.8880004882812,0.0242970008403063,0,153.380096435547,-86.9869,26.1327,39.7356743339178,63,63,63,63,61,63,0,8046,1.33458767306251,26,-87,0.001869,51,2025-02-22 08:04:35.000864,816,1.037,0.0011,"aoml_navis",1031.2776945552
"7901009",62,0,1,0.029904,1,0.007476,1,159.440008565214,1,4.84830665600081,818,1,5.40299987792969,34.8880004882812,0.0299040004611015,0,153.748306274414,-86.9869,26.1327,39.7356743339178,63,63,63,63,61,63,0,8046,1.33458767306251,26,-87,0.001869,51,2025-02-22 08:04:35.000864,818,1.037,0.0011,"aoml_navis",1031.28790209906
"7901009",62,0,1,0.029904,1,0.007476,1,159.89452747496,1,4.84825669727573,820,1,5.39200019836426,34.8880004882812,0.0299040004611015,0,154.186599731445,-86.9869,26.1327,39.7356743339178,63,63,63,63,61,63,0,8046,1.33458767306251,26,-87,0.001869,51,2025-02-22 08:04:35.000864,820,1.037,0.0011,"aoml_navis",1031.29852897631
"7901009",62,0,1,0.035511,1,0.013083,1,160.2514776757,1,4.84819582264895,822,1,5.36999988555908,34.8889999389648,0.0355109982192516,0,154.530807495117,-86.9869,26.1327,39.7356743339178,63,63,63,63,61,63,0,8046,1.33458767306251,26,-87,0.001869,51,2025-02-22 08:04:35.000864,822,1.037,0.0011,"aoml_navis",1031.31147810529
"7901009",62,0,1,0.029904,1,0.007476,1,160.514561904688,1,4.84814718920189,824,1,5.36100006103516,34.8889999389648,0.0299040004611015,0,154.78450012207,-86.9869,26.1327,39.7356743339178,63,63,63,63,61,63,0,8046,1.33458767306251,26,-87,0.001869,51,2025-02-22 08:04:35.000864,824,1.037,0.0011,"aoml_navis",1031.32182354866
"7901009",62,0,1,0.031773,1,0.009345,1,160.746647576921,1,4.84809355351181,826,1,5.34999990463257,34.8899993896484,0.0317730009555817,0,155.00830078125,-86.9869,26.1327,39.7356743339178,63,63,63,63,61,63,0,8046,1.33458767306251,26,-87,0.001869,51,2025-02-22 08:04:35.000864,826,1.037,0.0011,"aoml_navis",1031.33323332388
"7901009",62,0,1,0.026166,1,0.003738,1,161.066570405122,1,4.84804492673208,828,1,5.34100008010864,34.8899993896484,0.0261659994721413,0,155.316802978516,-86.9869,26.1327,39.7356743339178,63,63,63,63,61,63,0,8046,1.33458767306251,26,-87,0.001869,51,2025-02-22 08:04:35.000864,828,1.037,0.0011,"aoml_navis",1031.34357778535
"7901009",62,0,1,0.029904,1,0.007476,1,161.229997201525,1,4.84799564715828,830,1,5.33099985122681,34.8899993896484,0.0299040004611015,0,155.474395751953,-86.9869,26.1327,39.7356743339178,63,63,63,63,61,63,0,8046,1.33458767306251,26,-87,0.001869,51,2025-02-22 08:04:35.000864,830,1.037,0.0011,"aoml_navis",1031.35406132859
"7901009",62,0,1,0.024297,1,0.001869,1,161.490597115346,1,4.84794899274522,832,1,5.32499980926514,34.8899993896484,0.0242970008403063,0,155.725692749023,-86.9869,26.1327,39.7356743339178,63,63,63,63,61,63,0,8046,1.33458767306251,26,-87,0.001869,51,2025-02-22 08:04:35.000864,832,1.037,0.0011,"aoml_navis",1031.36398660182
"7901009",62,0,1,0.028035,1,0.005607,1,161.845680123795,1,4.84789668204407,834,1,5.31599998474121,34.890998840332,0.0280349999666214,0,156.068099975586,-86.9869,26.1327,39.7356743339178,63,63,63,63,61,63,0,8046,1.33458767306251,26,-87,0.001869,51,2025-02-22 08:04:35.000864,834,1.037,0.0011,"aoml_navis",1031.37511542259
"7901009",62,0,1,0.029904,1,0.007476,1,162.143924533031,1,4.8478487219446,836,1,5.30800008773804,34.890998840332,0.0299040004611015,0,156.355697631836,-86.9869,26.1327,39.7356743339178,63,63,63,63,61,63,0,8046,1.33458767306251,26,-87,0.001869,51,2025-02-22 08:04:35.000864,836,1.037,0.0011,"aoml_navis",1031.38531888725
"7901009",62,0,1,0.031773,1,0.009345,1,162.391469924483,1,4.84779880009476,838,1,5.29699993133545,34.890998840332,0.0317730009555817,0,156.59440612793,-86.9869,26.1327,39.7356743339178,63,63,63,63,61,63,0,8046,1.33458767306251,26,-87,0.001869,51,2025-02-22 08:04:35.000864,838,1.037,0.0011,"aoml_navis",1031.39593992685
"7901009",62,0,1,0.031773,1,0.009345,1,162.822759696243,1,4.84775019142394,840,1,5.28800010681152,34.890998840332,0.0317730009555817,0,157.010299682617,-86.9869,26.1327,39.7356743339178,63,63,63,63,61,63,0,8046,1.33458767306251,26,-87,0.001869,51,2025-02-22 08:04:35.000864,840,1.037,0.0011,"aoml_navis",1031.40628179344
"7901009",62,0,1,0.028035,1,0.005607,1,163.197954580973,1,4.84769658496769,842,1,5.27699995040894,34.8919982910156,0.0280349999666214,0,157.372100830078,-86.9869,26.1327,39.7356743339178,63,63,63,63,61,63,0,8046,1.33458767306251,26,-87,0.001869,51,2025-02-22 08:04:35.000864,842,1.037,0.0011,"aoml_navis",1031.41768721759
"7901009",62,0,1,0.029904,1,0.007476,1,163.590049138298,1,4.84764798294898,844,1,5.26800012588501,34.8919982910156,0.0299040004611015,0,157.750198364258,-86.9869,26.1327,39.7356743339178,63,63,63,63,61,63,0,8046,1.33458767306251,26,-87,0.001869,51,2025-02-22 08:04:35.000864,844,1.037,0.0011,"aoml_navis",1031.42802810495
"7901009",62,0,1,0.029904,1,0.007476,1,163.970323419005,1,4.84758783860397,846,1,5.24700021743774,34.8930015563965,0.0299040004611015,0,158.116897583008,-86.9869,26.1327,39.7356743339178,63,63,63,63,61,63,0,8046,1.33458767306251,26,-87,0.001869,51,2025-02-22 08:04:35.000864,846,1.037,0.0011,"aoml_navis",1031.44082510115
"7901009",62,0,1,0.026166,1,0.003738,1,164.113226923876,1,4.84753098548048,848,1,5.23099994659424,34.8940010070801,0.0261659994721413,0,158.254699707031,-86.9869,26.1327,39.7356743339178,63,63,63,63,61,63,0,8046,1.33458767306251,26,-87,0.001869,51,2025-02-22 08:04:35.000864,848,1.037,0.0011,"aoml_navis",1031.45292211152
"7901009",62,0,1,0.026166,1,0.003738,1,164.221492429393,1,4.84748696330241,850,1,5.22900009155273,34.8940010070801,0.0261659994721413,0,158.359100341797,-86.9869,26.1327,39.7356743339178,63,63,63,63,61,63,0,8046,1.33458767306251,26,-87,0.001869,51,2025-02-22 08:04:35.000864,850,1.037,0.0011,"aoml_navis",1031.46228919277
"7901009",62,0,1,0.031773,1,0.009345,1,164.343445403819,1,4.84744294308164,852,1,5.22700023651123,34.8940010070801,0.0317730009555817,0,158.476699829102,-86.9869,26.1327,39.7356743339178,63,63,63,63,61,63,0,8046,1.33458767306251,26,-87,0.001869,51,2025-02-22 08:04:35.000864,852,1.037,0.0011,"aoml_navis",1031.47165602766
"7901009",62,0,1,0.029904,1,0.007476,1,164.487598978105,1,4.84739827194706,854,1,5.22399997711182,34.8940010070801,0.0299040004611015,0,158.615707397461,-86.9869,26.1327,39.7356743339178,63,63,63,63,61,63,0,8046,1.33458767306251,26,-87,0.001869,51,2025-02-22 08:04:35.000864,854,1.037,0.0011,"aoml_navis",1031.48116154104
"7901009",62,0,1,0.031773,1,0.009345,1,164.624584432835,1,4.84734838326621,856,1,5.21299982070923,34.8940010070801,0.0317730009555817,0,158.747802734375,-86.9869,26.1327,39.7356743339178,63,63,63,63,61,63,0,8046,1.33458767306251,26,-87,0.001869,51,2025-02-22 08:04:35.000864,856,1.037,0.0011,"aoml_navis",1031.49177749649
"7901009",62,0,1,0.031773,1,0.009345,1,164.718845996175,1,4.84730502021536,858,1,5.21199989318848,34.8940010070801,0.0317730009555817,0,158.83869934082,-86.9869,26.1327,39.7356743339178,63,63,63,63,61,63,0,8046,1.33458767306251,26,-87,0.001869,51,2025-02-22 08:04:35.000864,858,1.037,0.0011,"aoml_navis",1031.50100502193
"7901009",62,0,1,0.028035,1,0.005607,1,164.899283230816,1,4.84726165937261,860,1,5.21099996566772,34.8940010070801,0.0280349999666214,0,159.0126953125,-86.9869,26.1327,39.7356743339178,63,63,63,63,61,63,0,8046,1.33458767306251,26,-87,0.001869,51,2025-02-22 08:04:35.000864,860,1.037,0.0011,"aoml_navis",1031.51023224258
"7901009",62,0,1,0.029904,1,0.007476,1,164.99406697505,1,4.84721373325875,862,1,5.20300006866455,34.8940010070801,0.0299040004611015,0,159.104095458984,-86.9869,26.1327,39.7356743339178,63,63,63,63,61,63,0,8046,1.33458767306251,26,-87,0.001869,51,2025-02-22 08:04:35.000864,862,1.037,0.0011,"aoml_navis",1031.5204311485
"7901009",62,0,1,0.033642,1,0.011214,1,165.17222560215,1,4.84716537893051,864,1,5.19999980926514,34.8950004577637,0.0336420014500618,0,159.275894165039,-86.9869,26.1327,39.7356743339178,63,63,63,63,61,63,0,8046,1.33458767306251,26,-87,0.001869,51,2025-02-22 08:04:35.000864,864,1.037,0.0011,"aoml_navis",1031.53072138488
"7901009",62,0,1,0.029904,1,0.007476,1,165.324370126492,1,4.84712506268111,866,1,5.19799995422363,34.8940010070801,0.0299040004611015,0,159.422607421875,-86.9869,26.1327,39.7356743339178,63,63,63,63,61,63,0,8046,1.33458767306251,26,-87,0.001869,51,2025-02-22 08:04:35.000864,866,1.037,0.0011,"aoml_navis",1031.53930120267
"7901009",62,0,1,0.028035,1,0.005607,1,165.633295508576,1,4.84707975134655,868,1,5.19399976730347,34.8940010070801,0.0280349999666214,0,159.720504760742,-86.9869,26.1327,39.7356743339178,63,63,63,63,61,63,0,8046,1.33458767306251,26,-87,0.001869,51,2025-02-22 08:04:35.000864,868,1.037,0.0011,"aoml_navis",1031.54894420934
"7901009",62,0,1,0.028035,1,0.005607,1,166.007857446767,1,4.84702814095848,870,1,5.18599987030029,34.8950004577637,0.0280349999666214,0,160.081695556641,-86.9869,26.1327,39.7356743339178,63,63,63,63,61,63,0,8046,1.33458767306251,26,-87,0.001869,51,2025-02-22 08:04:35.000864,870,1.037,0.0011,"aoml_navis",1031.55992797914
"7901009",62,0,1,0.029904,1,0.007476,1,166.343540643792,1,4.84697435825043,872,1,5.16900014877319,34.8950004577637,0.0299040004611015,0,160.405395507812,-86.9869,26.1327,39.7356743339178,63,63,63,63,61,63,0,8046,1.33458767306251,26,-87,0.001869,51,2025-02-22 08:04:35.000864,872,1.037,0.0011,"aoml_navis",1031.57137431294
"7901009",62,0,1,0.031773,1,0.009345,1,166.654855399061,1,4.84692709782591,874,1,5.16200017929077,34.8950004577637,0.0317730009555817,0,160.705596923828,-86.9869,26.1327,39.7356743339178,63,63,63,63,61,63,0,8046,1.33458767306251,26,-87,0.001869,51,2025-02-22 08:04:35.000864,874,1.037,0.0011,"aoml_navis",1031.58143274793
"7901009",62,0,1,0.033642,1,0.011214,1,167.042392741304,1,4.84687549661311,876,1,5.15399980545044,34.8959999084473,0.0336420014500618,0,161.079299926758,-86.9869,26.1327,39.7356743339178,63,63,63,63,61,63,0,8046,1.33458767306251,26,-87,0.001869,51,2025-02-22 08:04:35.000864,876,1.037,0.0011,"aoml_navis",1031.59241525678
"7901009",62,0,1,0.028035,1,0.005607,1,167.360242669589,1,4.84682173240689,878,1,5.13700008392334,34.8959999084473,0.0280349999666214,0,161.385803222656,-86.9869,26.1327,39.7356743339178,63,63,63,63,61,63,0,8046,1.33458767306251,26,-87,0.001869,51,2025-02-22 08:04:35.000864,878,1.037,0.0011,"aoml_navis",1031.60385837361
"7901009",62,0,1,0.031773,1,0.009345,1,167.525647423926,1,4.84676623697128,880,1,5.1230001449585,34.8969993591309,0.0317730009555817,0,161.545303344727,-86.9869,26.1327,39.7356743339178,63,63,63,63,61,63,0,8046,1.33458767306251,26,-87,0.001869,51,2025-02-22 08:04:35.000864,880,1.037,0.0011,"aoml_navis",1031.61567022974
"7901009",62,0,1,0.028035,1,0.005607,1,167.538496238671,1,4.8467228889607,882,1,5.12200021743774,34.8969993591309,0.0280349999666214,0,161.557693481445,-86.9869,26.1327,39.7356743339178,63,63,63,63,61,63,0,8046,1.33458767306251,26,-87,0.001869,51,2025-02-22 08:04:35.000864,882,1.037,0.0011,"aoml_navis",1031.62489677064
"7901009",62,0,1,0.029904,1,0.007476,1,167.532071831298,1,4.84668019354472,884,1,5.12200021743774,34.8969993591309,0.0299040004611015,0,161.551498413086,-86.9869,26.1327,39.7356743339178,63,63,63,63,61,63,0,8046,1.33458767306251,26,-87,0.001869,51,2025-02-22 08:04:35.000864,884,1.037,0.0011,"aoml_navis",1031.63398456937
"7901009",62,0,1,0.029904,1,0.007476,1,167.630795667739,1,4.84663750068945,886,1,5.12200021743774,34.8969993591309,0.0299040004611015,0,161.646697998047,-86.9869,26.1327,39.7356743339178,63,63,63,63,61,63,0,8046,1.33458767306251,26,-87,0.001869,51,2025-02-22 08:04:35.000864,886,1.037,0.0011,"aoml_navis",1031.64307198315
"7901009",62,0,1,0.033642,1,0.011214,1,167.736371150465,1,4.84659220721653,888,1,5.11800003051758,34.8969993591309,0.0336420014500618,0,161.748504638672,-86.9869,26.1327,39.7356743339178,63,63,63,63,61,63,0,8046,1.33458767306251,26,-87,0.001869,51,2025-02-22 08:04:35.000864,888,1.037,0.0011,"aoml_navis",1031.65271312801
"7901009",62,0,1,0.031773,1,0.009345,1,167.856662640225,1,4.84654387520503,890,1,5.11499977111816,34.8979988098145,0.0317730009555817,0,161.864501953125,-86.9869,26.1327,39.7356743339178,63,63,63,63,61,63,0,8046,1.33458767306251,26,-87,0.001869,51,2025-02-22 08:04:35.000864,890,1.037,0.0011,"aoml_navis",1031.66300125334
"7901009",62,0,1,0.031773,1,0.009345,1,167.996971064286,1,4.84650422870151,892,1,5.11399984359741,34.8969993591309,0.0317730009555817,0,161.999801635742,-86.9869,26.1327,39.7356743339178,63,63,63,63,61,63,0,8046,1.33458767306251,26,-87,0.001869,51,2025-02-22 08:04:35.000864,892,1.037,0.0011,"aoml_navis",1031.67144070348
"7901009",62,0,1,0.028035,1,0.005607,1,168.144843199489,1,4.84645959163603,894,1,5.11100006103516,34.8969993591309,0.0280349999666214,0,162.142395019531,-86.9869,26.1327,39.7356743339178,63,63,63,63,61,63,0,8046,1.33458767306251,26,-87,0.001869,51,2025-02-22 08:04:35.000864,894,1.037,0.0011,"aoml_navis",1031.68094264707
"7901009",62,0,1,0.029904,1,0.007476,1,168.370298756726,1,4.84641430516987,896,1,5.10699987411499,34.8969993591309,0.0299040004611015,0,162.359802246094,-86.9869,26.1327,39.7356743339178,63,63,63,63,61,63,0,8046,1.33458767306251,26,-87,0.001869,51,2025-02-22 08:04:35.000864,896,1.037,0.0011,"aoml_navis",1031.6905830082
"7901009",62,0,1,0.029904,1,0.007476,1,168.786666813826,1,4.84636142558712,898,1,5.09700012207031,34.8979988098145,0.0299040004611015,0,162.761306762695,-86.9869,26.1327,39.7356743339178,63,63,63,63,61,63,0,8046,1.33458767306251,26,-87,0.001869,51,2025-02-22 08:04:35.000864,898,1.037,0.0011,"aoml_navis",1031.70183998282
"7901009",62,0,1,0.026166,1,0.003738,1,169.242847208237,1,4.84630768896955,900,1,5.07999992370605,34.8979988098145,0.0261659994721413,0,163.201202392578,-86.9869,26.1327,39.7356743339178,63,63,63,63,61,63,0,8046,1.33458767306251,26,-87,0.001869,51,2025-02-22 08:04:35.000864,900,1.037,0.0011,"aoml_navis",1031.71327965417
"7901009",62,0,1,0.026166,1,0.003738,1,169.650290719136,1,4.84625286978565,902,1,5.06699991226196,34.898998260498,0.0261659994721413,0,163.594100952148,-86.9869,26.1327,39.7356743339178,63,63,63,63,61,63,0,8046,1.33458767306251,26,-87,0.001869,51,2025-02-22 08:04:35.000864,902,1.037,0.0011,"aoml_navis",1031.72495004809
"7901009",62,0,1,0.031773,1,0.009345,1,169.934436244213,1,4.84620304552957,904,1,5.05600023269653,34.898998260498,0.0317730009555817,0,163.868103027344,-86.9869,26.1327,39.7356743339178,63,63,63,63,61,63,0,8046,1.33458767306251,26,-87,0.001869,51,2025-02-22 08:04:35.000864,904,1.037,0.0011,"aoml_navis",1031.73555730652
"7901009",62,0,1,0.031773,1,0.009345,1,170.265245752887,1,4.84614952052794,906,1,5.04500007629395,34.9000015258789,0.0317730009555817,0,164.187103271484,-86.9869,26.1327,39.7356743339178,63,63,63,63,61,63,0,8046,1.33458767306251,26,-87,0.001869,51,2025-02-22 08:04:35.000864,906,1.037,0.0011,"aoml_navis",1031.7469526725
"7901009",62,0,1,0.029904,1,0.007476,1,170.57271535793,1,4.84610035290183,908,1,5.03499984741211,34.9000015258789,0.0299040004611015,0,164.483596801758,-86.9869,26.1327,39.7356743339178,63,63,63,63,61,63,0,8046,1.33458767306251,26,-87,0.001869,51,2025-02-22 08:04:35.000864,908,1.037,0.0011,"aoml_navis",1031.75742058375
"7901009",62,0,1,0.026166,1,0.003738,1,170.777014677096,1,4.84605507929426,910,1,5.0310001373291,34.9000015258789,0.0261659994721413,0,164.680603027344,-86.9869,26.1327,39.7356743339178,63,63,63,63,61,63,0,8046,1.33458767306251,26,-87,0.001869,51,2025-02-22 08:04:35.000864,910,1.037,0.0011,"aoml_navis",1031.76705963651
"7901009",62,0,1,0.029904,1,0.007476,1,171.034924568127,1,4.84600786198908,912,1,5.02400016784668,34.9000015258789,0.0299040004611015,0,164.929306030273,-86.9869,26.1327,39.7356743339178,63,63,63,63,61,63,0,8046,1.33458767306251,26,-87,0.001869,51,2025-02-22 08:04:35.000864,912,1.037,0.0011,"aoml_navis",1031.77711270731
"7901009",62,0,1,0.028035,1,0.005607,1,171.284527035831,1,4.8459543639915,914,1,5.01300001144409,34.9010009765625,0.0280349999666214,0,165.169998168945,-86.9869,26.1327,39.7356743339178,63,63,63,63,61,63,0,8046,1.33458767306251,26,-87,0.001869,51,2025-02-22 08:04:35.000864,914,1.037,0.0011,"aoml_navis",1031.78850324162
"7901009",62,0,1,0.028035,1,0.005607,1,171.45822338983,1,4.84590779959956,916,1,5.00699996948242,34.9010009765625,0.0280349999666214,0,165.337493896484,-86.9869,26.1327,39.7356743339178,63,63,63,63,61,63,0,8046,1.33458767306251,26,-87,0.001869,51,2025-02-22 08:04:35.000864,916,1.037,0.0011,"aoml_navis",1031.79841771095
"7901009",62,0,1,0.031773,1,0.009345,1,171.626017517352,1,4.84586382888862,918,1,5.00500011444092,34.9010009765625,0.0317730009555817,0,165.499298095703,-86.9869,26.1327,39.7356743339178,63,63,63,63,61,63,0,8046,1.33458767306251,26,-87,0.001869,51,2025-02-22 08:04:35.000864,918,1.037,0.0011,"aoml_navis",1031.80778010981
"7901009",62,0,1,0.029904,1,0.007476,1,171.990847902504,1,4.84582050821168,920,1,5.00400018692017,34.9010009765625,0.0299040004611015,0,165.851104736328,-86.9869,26.1327,39.7356743339178,63,63,63,63,61,63,0,8046,1.33458767306251,26,-87,0.001869,51,2025-02-22 08:04:35.000864,920,1.037,0.0011,"aoml_navis",1031.8170042673
"7901009",62,0,1,0.029904,1,0.007476,1,172.526352321931,1,4.84576876570339,922,1,4.98999977111816,34.9010009765625,0.0299040004611015,0,166.367492675781,-86.9869,26.1327,39.7356743339178,63,63,63,63,61,63,0,8046,1.33458767306251,26,-87,0.001869,51,2025-02-22 08:04:35.000864,922,1.037,0.0011,"aoml_navis",1031.82802187925
"7901009",62,0,1,0.029904,1,0.007476,1,172.993957401374,1,4.84571010533713,924,1,4.97100019454956,34.9020004272461,0.0299040004611015,0,166.818405151367,-86.9869,26.1327,39.7356743339178,63,63,63,63,61,63,0,8046,1.33458767306251,26,-87,0.001869,51,2025-02-22 08:04:35.000864,924,1.037,0.0011,"aoml_navis",1031.84051280594
"7901009",62,0,1,0.028035,1,0.005607,1,173.292296752591,1,4.84565404250969,926,1,4.95599985122681,34.9029998779297,0.0280349999666214,0,167.106094360352,-86.9869,26.1327,39.7356743339178,63,63,63,63,61,63,0,8046,1.33458767306251,26,-87,0.001869,51,2025-02-22 08:04:35.000864,926,1.037,0.0011,"aoml_navis",1031.85245090472
"7901009",62,0,1,0.029904,1,0.007476,1,173.541598570689,1,4.84560361550523,928,1,4.94399976730347,34.9029998779297,0.0299040004611015,0,167.346496582031,-86.9869,26.1327,39.7356743339178,63,63,63,63,61,63,0,8046,1.33458767306251,26,-87,0.001869,51,2025-02-22 08:04:35.000864,928,1.037,0.0011,"aoml_navis",1031.86318913927
"7901009",62,0,1,0.029904,1,0.007476,1,173.737811997818,1,4.84555337783596,930,1,4.93800020217896,34.9039993286133,0.0299040004611015,0,167.535705566406,-86.9869,26.1327,39.7356743339178,63,63,63,63,61,63,0,8046,1.33458767306251,26,-87,0.001869,51,2025-02-22 08:04:35.000864,930,1.037,0.0011,"aoml_navis",1031.87388727787
"7901009",62,0,1,0.029904,1,0.007476,1,173.922600739915,1,4.84550812349154,932,1,4.93400001525879,34.9039993286133,0.0299040004611015,0,167.713897705078,-86.9869,26.1327,39.7356743339178,63,63,63,63,61,63,0,8046,1.33458767306251,26,-87,0.001869,51,2025-02-22 08:04:35.000864,932,1.037,0.0011,"aoml_navis",1031.88352440469
"7901009",62,0,1,0.031773,1,0.009345,1,174.043208702946,1,4.84546093371024,934,1,4.92700004577637,34.9039993286133,0.0317730009555817,0,167.830200195312,-86.9869,26.1327,39.7356743339178,63,63,63,63,61,63,0,8046,1.33458767306251,26,-87,0.001869,51,2025-02-22 08:04:35.000864,934,1.037,0.0011,"aoml_navis",1031.89357388368
"7901009",62,0,1,0.031773,1,0.009345,1,174.125238574416,1,4.84541697456308,936,1,4.92500019073486,34.9039993286133,0.0317730009555817,0,167.909301757812,-86.9869,26.1327,39.7356743339178,63,63,63,63,61,63,0,8046,1.33458767306251,26,-87,0.001869,51,2025-02-22 08:04:35.000864,936,1.037,0.0011,"aoml_navis",1031.90293554681
"7901009",62,0,1,0.029904,1,0.007476,1,174.225829603147,1,4.84537366293599,938,1,4.92399978637695,34.9039993286133,0.0299040004611015,0,168.006301879883,-86.9869,26.1327,39.7356743339178,63,63,63,63,61,63,0,8046,1.33458767306251,26,-87,0.001869,51,2025-02-22 08:04:35.000864,938,1.037,0.0011,"aoml_navis",1031.91215947839
"7901009",62,0,1,0.029904,1,0.007476,1,174.371533896453,1,4.84532776999241,940,1,4.91900014877319,34.9039993286133,0.0299040004611015,0,168.14680480957,-86.9869,26.1327,39.7356743339178,63,63,63,63,61,63,0,8046,1.33458767306251,26,-87,0.001869,51,2025-02-22 08:04:35.000864,940,1.037,0.0011,"aoml_navis",1031.9219333242
"7901009",62,0,1,0.029904,1,0.007476,1,174.480416524847,1,4.84528317024439,942,1,4.91599988937378,34.9039993286133,0.0299040004611015,0,168.251800537109,-86.9869,26.1327,39.7356743339178,63,63,63,63,61,63,0,8046,1.33458767306251,26,-87,0.001869,51,2025-02-22 08:04:35.000864,942,1.037,0.0011,"aoml_navis",1031.93143193482
"7901009",62,0,1,0.024297,1,0.001869,1,174.520339627802,1,4.84523921858143,944,1,4.91400003433228,34.9039993286133,0.0242970008403063,0,168.290298461914,-86.9869,26.1327,39.7356743339178,63,63,63,63,61,63,0,8046,1.33458767306251,26,-87,0.001869,51,2025-02-22 08:04:35.000864,944,1.037,0.0011,"aoml_navis",1031.94079269091
"7901009",62,0,1,0.033642,1,0.011214,1,174.6923903208,1,4.8451952688657,946,1,4.91200017929077,34.9039993286133,0.0336420014500618,0,168.456207275391,-86.9869,26.1327,39.7356743339178,63,63,63,63,61,63,0,8046,1.33458767306251,26,-87,0.001869,51,2025-02-22 08:04:35.000864,946,1.037,0.0011,"aoml_navis",1031.95015320209
"7901009",62,0,1,0.028035,1,0.005607,1,174.939397707693,1,4.84514698538815,948,1,4.90899991989136,34.9049987792969,0.0280349999666214,0,168.694396972656,-86.9869,26.1327,39.7356743339178,63,63,63,63,61,63,0,8046,1.33458767306251,26,-87,0.001869,51,2025-02-22 08:04:35.000864,948,1.037,0.0011,"aoml_navis",1031.96043692355
"7901009",62,0,1,0.029904,1,0.007476,1,175.099723066054,1,4.84509980852948,950,1,4.90199995040894,34.9049987792969,0.0299040004611015,0,168.848999023438,-86.9869,26.1327,39.7356743339178,63,63,63,63,61,63,0,8046,1.33458767306251,26,-87,0.001869,51,2025-02-22 08:04:35.000864,950,1.037,0.0011,"aoml_navis",1031.97048514828
"7901009",62,0,1,0.029904,1,0.007476,1,175.264099282265,1,4.84505327976024,952,1,4.89599990844727,34.9049987792969,0.0299040004611015,0,169.007507324219,-86.9869,26.1327,39.7356743339178,63,63,63,63,61,63,0,8046,1.33458767306251,26,-87,0.001869,51,2025-02-22 08:04:35.000864,952,1.037,0.0011,"aoml_navis",1031.98039552775
"7901009",62,0,1,0.029904,1,0.007476,1,175.453556005088,1,4.84500675293264,954,1,4.8899998664856,34.9049987792969,0.0299040004611015,0,169.190200805664,-86.9869,26.1327,39.7356743339178,63,63,63,63,61,63,0,8046,1.33458767306251,26,-87,0.001869,51,2025-02-22 08:04:35.000864,954,1.037,0.0011,"aoml_navis",1031.990305684
"7901009",62,0,1,0.028035,1,0.005607,1,175.628185955233,1,4.84495718516748,956,1,4.88500022888184,34.9059982299805,0.0280349999666214,0,169.358596801758,-86.9869,26.1327,39.7356743339178,63,63,63,63,61,63,0,8046,1.33458767306251,26,-87,0.001869,51,2025-02-22 08:04:35.000864,956,1.037,0.0011,"aoml_navis",1032.00086376556
"7901009",62,0,1,0.028035,1,0.005607,1,175.748382503013,1,4.84491130789408,958,1,4.88000011444092,34.9059982299805,0.0280349999666214,0,169.474502563477,-86.9869,26.1327,39.7356743339178,63,63,63,63,61,63,0,8046,1.33458767306251,26,-87,0.001869,51,2025-02-22 08:04:35.000864,958,1.037,0.0011,"aoml_navis",1032.0106359539
"7901009",62,0,1,0.028035,1,0.005607,1,175.85664800853,1,4.84486672386921,960,1,4.8769998550415,34.9059982299805,0.0280349999666214,0,169.578903198242,-86.9869,26.1327,39.7356743339178,63,63,63,63,61,63,0,8046,1.33458767306251,26,-87,0.001869,51,2025-02-22 08:04:35.000864,960,1.037,0.0011,"aoml_navis",1032.02013284834
"7901009",62,0,1,0.033642,1,0.011214,1,175.924784703467,1,4.84482278780149,962,1,4.875,34.9059982299805,0.0336420014500618,0,169.644607543945,-86.9869,26.1327,39.7356743339178,63,63,63,63,61,63,0,8046,1.33458767306251,26,-87,0.001869,51,2025-02-22 08:04:35.000864,962,1.037,0.0011,"aoml_navis",1032.02949189168
"7901009",62,0,1,0.031773,1,0.009345,1,176.0351231089,1,4.84477820771941,964,1,4.87200021743774,34.9059982299805,0.0317730009555817,0,169.751007080078,-86.9869,26.1327,39.7356743339178,63,63,63,63,61,63,0,8046,1.33458767306251,26,-87,0.001869,51,2025-02-22 08:04:35.000864,964,1.037,0.0011,"aoml_navis",1032.03898829327
"7901009",62,0,1,0.026166,1,0.003738,1,176.162456128909,1,4.8447336291206,966,1,4.86899995803833,34.9059982299805,0.0261659994721413,0,169.873794555664,-86.9869,26.1327,39.7356743339178,63,63,63,63,61,63,0,8046,1.33458767306251,26,-87,0.001869,51,2025-02-22 08:04:35.000864,966,1.037,0.0011,"aoml_navis",1032.04848455365
"7901009",62,0,1,0.029904,1,0.007476,1,176.303603207134,1,4.84468905262094,968,1,4.86600017547607,34.9059982299805,0.0299040004611015,0,170.009902954102,-86.9869,26.1327,39.7356743339178,63,63,63,63,61,63,0,8046,1.33458767306251,26,-87,0.001869,51,2025-02-22 08:04:35.000864,968,1.037,0.0011,"aoml_navis",1032.05798054161
"7901009",62,0,1,0.031773,1,0.009345,1,176.414463793462,1,4.84464512371873,970,1,4.86399984359741,34.9059982299805,0.0317730009555817,0,170.116806030273,-86.9869,26.1327,39.7356743339178,63,63,63,63,61,63,0,8046,1.33458767306251,26,-87,0.001869,51,2025-02-22 08:04:35.000864,970,1.037,0.0011,"aoml_navis",1032.06733874493
"7901009",62,0,1,0.031773,1,0.009345,1,176.515054822192,1,4.84459684866444,972,1,4.86100006103516,34.9070014953613,0.0317730009555817,0,170.213806152344,-86.9869,26.1327,39.7356743339178,63,63,63,63,61,63,0,8046,1.33458767306251,26,-87,0.001869,51,2025-02-22 08:04:35.000864,972,1.037,0.0011,"aoml_navis",1032.07762300766
"7901009",62,0,1,0.026166,1,0.003738,1,176.648100184716,1,4.84455227738249,974,1,4.85799980163574,34.9070014953613,0.0261659994721413,0,170.342102050781,-86.9869,26.1327,39.7356743339178,63,63,63,63,61,63,0,8046,1.33458767306251,26,-87,0.001869,51,2025-02-22 08:04:35.000864,974,1.037,0.0011,"aoml_navis",1032.08711842026
"7901009",62,0,1,0.028035,1,0.005607,1,176.886515322342,1,4.84450770819896,976,1,4.85500001907349,34.9070014953613,0.0280349999666214,0,170.572006225586,-86.9869,26.1327,39.7356743339178,63,63,63,63,61,63,0,8046,1.33458767306251,26,-87,0.001869,51,2025-02-22 08:04:35.000864,976,1.037,0.0011,"aoml_navis",1032.09661356052
"7901009",62,0,1,0.031773,1,0.009345,1,177.072554133854,1,4.84446443362188,978,1,4.85400009155273,34.9070014953613,0.0317730009555817,0,170.751403808594,-86.9869,26.1327,39.7356743339178,63,63,63,63,61,63,0,8046,1.33458767306251,26,-87,0.001869,51,2025-02-22 08:04:35.000864,978,1.037,0.0011,"aoml_navis",1032.10583306148
"7901009",62,0,1,0.026166,1,0.003738,1,180.572083901352,1,4.84396123753586,999.099975585938,1,4.78249979019165,34.9090003967285,0.0261659994721413,0,174.126007080078,-86.9869,26.1327,39.7356743339178,63,63,63,63,61,63,0,8046,1.33458767306251,26,-87,0.001869,51,2025-02-22 08:04:35.000864,999.099975585938,1.037,0.0011,"aoml_navis",1032.21304936443
"7901009",62,0,1,0.031773,1,0.009345,1,184.980651488341,1,4.84279186709898,1049.80004882812,1,4.67210006713867,34.9140014648438,0.0317730009555817,0,178.377197265625,-86.9869,26.1327,39.7356743339178,63,63,63,63,61,63,0,8046,1.33458767306251,26,-87,0.001869,51,2025-02-22 08:04:35.000864,1049.80004882812,1.037,0.0011,"aoml_navis",1032.46229390304
"7901009",62,0,1,0.026166,1,0.003738,1,189.086528216658,1,4.84165845359396,1099.30004882812,1,4.57040023803711,34.9179992675781,0.0261659994721413,0,182.336502075195,-86.9869,26.1327,39.7356743339178,63,63,63,63,61,63,0,8046,1.33458767306251,26,-87,0.001869,51,2025-02-22 08:04:35.000864,1099.30004882812,1.037,0.0011,"aoml_navis",1032.70398933004
"7901009",62,0,1,0.033642,1,0.011214,1,191.944962258339,1,4.84052786984571,1149.40002441406,1,4.49119997024536,34.9220008850098,0.0336420014500618,0,185.092895507812,-86.9869,26.1327,39.7356743339178,63,63,63,63,61,63,0,8046,1.33458767306251,26,-87,0.001869,51,2025-02-22 08:04:35.000864,1149.40002441406,1.037,0.0011,"aoml_navis",1032.94519408673
"7901009",62,0,1,0.031773,1,0.009345,1,193.725741522505,1,4.83943459320074,1199.80004882812,1,4.46059989929199,34.9230003356934,0.0317730009555817,0,186.810104370117,-86.9869,26.1327,39.7356743339178,63,63,63,63,61,63,0,8046,1.33458767306251,26,-87,0.001869,51,2025-02-22 08:04:35.000864,1199.80004882812,1.037,0.0011,"aoml_navis",1033.17854673041
"7901009",62,0,1,0.022428,1,0,1,195.556903331185,1,4.83835438392604,1249.59997558594,1,4.43410015106201,34.9249992370605,0.0224280003458261,0,188.575897216797,-86.9869,26.1327,39.7356743339178,63,63,63,63,61,63,0,8046,1.33458767306251,26,-87,0.001869,51,2025-02-22 08:04:35.000864,1249.59997558594,1.037,0.0011,"aoml_navis",1033.40921380438
"7901009",62,0,1,0.026166,1,0.003738,1,197.463464896339,1,4.8372576693391,1299.80004882812,1,4.39330005645752,34.9269981384277,0.0261659994721413,0,190.414398193359,-86.9869,26.1327,39.7356743339178,63,63,63,63,61,63,0,8046,1.33458767306251,26,-87,0.001869,51,2025-02-22 08:04:35.000864,1299.80004882812,1.037,0.0011,"aoml_navis",1033.64351080416
"7901009",62,0,1,0.029904,1,0.007476,1,198.398864939186,1,4.83618707186919,1349.59997558594,1,4.3717999458313,34.9280014038086,0.0299040004611015,0,191.31640625,-86.9869,26.1327,39.7356743339178,63,63,63,63,61,63,0,8046,1.33458767306251,26,-87,0.001869,51,2025-02-22 08:04:35.000864,1349.59997558594,1.037,0.0011,"aoml_navis",1033.87233076315
"7901009",62,0,1,0.024297,1,0.001869,1,199.147071043086,1,4.83511918986623,1399.69995117188,1,4.35629987716675,34.9280014038086,0.0242970008403063,0,192.037902832031,-86.9869,26.1327,39.7356743339178,63,63,63,63,61,63,0,8046,1.33458767306251,26,-87,0.001869,51,2025-02-22 08:04:35.000864,1399.69995117188,1.037,0.0011,"aoml_navis",1034.10067128838
"7901009",62,0,1,0.029904,1,0.007476,1,199.962068830527,1,4.83407043267108,1448.80004882812,1,4.3467001914978,34.9300003051758,0.0299040004611015,0,192.823806762695,-86.9869,26.1327,39.7356743339178,63,63,63,63,61,63,0,8046,1.33458767306251,26,-87,0.001869,51,2025-02-22 08:04:35.000864,1448.80004882812,1.037,0.0011,"aoml_navis",1034.32502063013
"7901009",62,0,1,0.029904,1,0.007476,1,200.381332618044,1,4.83299645672931,1499.40002441406,1,4.33349990844727,34.9300003051758,0.0299040004611015,0,193.228103637695,-86.9869,26.1327,39.7356743339178,63,63,63,63,61,63,0,8046,1.33458767306251,26,-87,0.001869,51,2025-02-22 08:04:35.000864,1499.40002441406,1.037,0.0011,"aoml_navis",1034.55486565444
"7901009",62,0,1,0.031773,1,0.009345,1,200.637058843514,1,4.83193446980352,1549.40002441406,1,4.3225998878479,34.9309997558594,0.0317730009555817,0,193.474700927734,-86.9869,26.1327,39.7356743339178,63,63,63,63,61,63,0,8046,1.33458767306251,26,-87,0.001869,51,2025-02-22 08:04:35.000864,1549.40002441406,1.037,0.0011,"aoml_navis",1034.7822453402
"7901009",62,0,1,0.031773,1,0.009345,1,200.89704163446,1,4.83088523417558,1599.30004882812,1,4.31979990005493,34.9309997558594,0.0317730009555817,0,193.725402832031,-86.9869,26.1327,39.7356743339178,63,63,63,63,61,63,0,8046,1.33458767306251,26,-87,0.001869,51,2025-02-22 08:04:35.000864,1599.30004882812,1.037,0.0011,"aoml_navis",1035.0069930513
"7901009",62,0,1,0.026166,1,0.003738,1,201.881479210425,1,4.82982399172718,1649.59997558594,1,4.31479978561401,34.931999206543,0.0261659994721413,0,194.674697875977,-86.9869,26.1327,39.7356743339178,63,63,63,63,61,63,0,8046,1.33458767306251,26,-87,0.001869,51,2025-02-22 08:04:35.000864,1649.59997558594,1.037,0.0011,"aoml_navis",1035.23441197118
"7901009",62,0,1,0.029904,1,0.007476,1,202.409641449998,1,4.82877581018309,1699.5,1,4.30910015106201,34.931999206543,0.0299040004611015,0,195.184005737305,-86.9869,26.1327,39.7356743339178,63,63,63,63,61,63,0,8046,1.33458767306251,26,-87,0.001869,51,2025-02-22 08:04:35.000864,1699.5,1.037,0.0011,"aoml_navis",1035.45913012897
"7901009",62,0,1,0.031773,1,0.009345,1,202.678532963482,1,4.82774094006158,1748.80004882812,1,4.3076000213623,34.9329986572266,0.0317730009555817,0,195.443298339844,-86.9869,26.1327,39.7356743339178,63,63,63,63,61,63,0,8046,1.33458767306251,26,-87,0.001869,51,2025-02-22 08:04:35.000864,1748.80004882812,1.037,0.0011,"aoml_navis",1035.68109019873
"7901009",62,0,1,0.029904,1,0.007476,1,202.897753997308,1,4.82669280101208,1799,1,4.30660009384155,34.9329986572266,0.0299040004611015,0,195.654693603516,-86.9869,26.1327,39.7356743339178,63,63,63,63,61,63,0,8046,1.33458767306251,26,-87,0.001869,51,2025-02-22 08:04:35.000864,1799,1.037,0.0011,"aoml_navis",1035.90599321995
"7901009",62,0,1,0.03738,1,0.014952,1,203.331543907898,1,4.82563947429576,1849.5,1,4.30490016937256,34.9329986572266,0.0373799987137318,0,196.072998046875,-86.9869,26.1327,39.7356743339178,63,63,63,63,61,63,0,8046,1.33458767306251,26,-87,0.001869,51,2025-02-22 08:04:35.000864,1849.5,1.037,0.0011,"aoml_navis",1036.13210780312
"7901009",62,0,1,0.033642,1,0.011214,1,203.592349529345,1,4.82460963771794,1899,1,4.30480003356934,34.9329986572266,0.0336420014500618,0,196.324493408203,-86.9869,26.1327,39.7356743339178,63,63,63,63,61,63,0,8046,1.33458767306251,26,-87,0.001869,51,2025-02-22 08:04:35.000864,1899,1.037,0.0011,"aoml_navis",1036.35327528074
"7901009",62,0,1,0.031773,1,0.009345,1,203.901907857968,1,4.82358904433346,1948.09997558594,1,4.30389976501465,34.9329986572266,0.0317730009555817,0,196.623001098633,-86.9869,26.1327,39.7356743339178,63,63,63,63,61,63,0,8046,1.33458767306251,26,-87,0.001869,51,2025-02-22 08:04:35.000864,1948.09997558594,1.037,0.0011,"aoml_navis",1036.57255086309
"7901009",62,0,1,0.026166,1,0.003738,1,204.033813916721,1,4.8225326546478,1998.90002441406,1,4.30520009994507,34.9339981079102,0.0261659994721413,0,196.750198364258,-86.9869,26.1327,39.7356743339178,63,63,63,63,61,63,0,8046,1.33458767306251,26,-87,0.001869,51,2025-02-22 08:04:35.000864,1998.90002441406,1.037,0.0011,"aoml_navis",1036.79961506972
"7901009",63,0.048990604257839,5,0.044856,1,0.022428,1,196.033683616724,1,4.88402300459815,2.20000004768372,1,26.4099998474121,36.1030006408691,0.0448560006916523,0.0690851733088493,189.035598754883,-86.385,25.7311,33.7767981627745,63,63,63,63,61,63,0.061677,8047,1.25895569026649,26,-86,0.001869,51,2025-03-04 15:08:43.001621,2.20000004768372,1.037,0.0011,"aoml_navis",1023.74620170557
"7901009",63,0.048990604257839,5,0.071022,1,0.048594,1,195.990231823342,1,4.88398764061569,4,1,26.4109992980957,36.1030006408691,0.0710219964385033,0.0690851733088493,188.993698120117,-86.385,25.7311,33.7767981627745,63,63,63,63,61,63,0.061677,8047,1.25895569026649,26,-86,0.001869,51,2025-03-04 15:08:43.001621,4,1.037,0.0011,"aoml_navis",1023.75361444807
"7901009",63,0.048990604257839,5,0.063546,1,0.041118,1,195.953837386059,1,4.88394667387186,6,1,26.4109992980957,36.1030006408691,0.0635460019111633,0.0690851733088493,188.958602905273,-86.385,25.7311,33.7767981627745,63,63,63,63,61,63,0.061677,8047,1.25895569026649,26,-86,0.001869,51,2025-03-04 15:08:43.001621,6,1.037,0.0011,"aoml_navis",1023.76220173513
"7901009",63,0.048990604257839,5,0.078498,1,0.05607,1,196.00111850719,1,4.88390722066464,8,1,26.4120006561279,36.1030006408691,0.0784979984164238,0.0690851733088493,189.004196166992,-86.385,25.7311,33.7767981627745,63,63,63,63,61,63,0.061677,8047,1.25895569026649,26,-86,0.001869,51,2025-03-04 15:08:43.001621,8,1.037,0.0011,"aoml_navis",1023.77047189679
"7901009",63,0.048990604257839,5,0.078498,1,0.05607,1,195.95372662038,1,4.88386625868289,10,1,26.4120006561279,36.1030006408691,0.0784979984164238,0.0690851733088493,188.95849609375,-86.385,25.7311,33.7767981627745,63,63,63,63,61,63,0.061677,8047,1.25895569026649,26,-86,0.001869,51,2025-03-04 15:08:43.001621,10,1.037,0.0011,"aoml_navis",1023.77905846841
"7901009",63,0.048990604257839,5,0.085974,1,0.063546,1,195.982557344176,1,4.88382019105454,12,1,26.4109992980957,36.1040000915527,0.0859740003943443,0.0690851733088493,188.986297607422,-86.385,25.7311,33.7767981627745,63,63,63,63,61,63,0.061677,8047,1.25895569026649,26,-86,0.001869,51,2025-03-04 15:08:43.001621,12,1.037,0.0011,"aoml_navis",1023.78871547283
"7901009",63,0.048990604257839,5,0.080367,1,0.057939,1,195.927902393578,1,4.88378434177146,14,1,26.4120006561279,36.1030006408691,0.0803669989109039,0.0690851733088493,188.93359375,-86.385,25.7311,33.7767981627745,63,63,63,63,61,63,0.061677,8047,1.25895569026649,26,-86,0.001869,51,2025-03-04 15:08:43.001621,14,1.037,0.0011,"aoml_navis",1023.79623056541
"7901009",63,0.048990604257839,5,0.082236,1,0.059808,1,195.893786564542,1,4.88374338684134,16,1,26.4120006561279,36.1030006408691,0.0822359994053841,0.0690851733088493,188.900695800781,-86.385,25.7311,33.7767981627745,63,63,63,63,61,63,0.061677,8047,1.25895569026649,26,-86,0.001869,51,2025-03-04 15:08:43.001621,16,1.037,0.0011,"aoml_navis",1023.80481609085
"7901009",63,0.048990604257839,5,0.076629,1,0.054201,1,195.873563916347,1,4.88370394290424,18,1,26.4130001068115,36.1030006408691,0.0766289979219437,0.0690851733088493,188.881195068359,-86.385,25.7311,33.7767981627745,63,63,63,63,61,63,0.061677,8047,1.25895569026649,26,-86,0.001869,51,2025-03-04 15:08:43.001621,18,1.037,0.0011,"aoml_navis",1023.81308499765
"7901009",63,0.048990604257839,5,0.07476,1,0.052332,1,195.913075616302,1,4.88365788778324,20,1,26.4120006561279,36.1040000915527,0.0747599974274635,0.0690851733088493,188.919296264648,-86.385,25.7311,33.7767981627745,63,63,63,63,61,63,0.061677,8047,1.25895569026649,26,-86,0.001869,51,2025-03-04 15:08:43.001621,20,1.037,0.0011,"aoml_navis",1023.82274002194
"7901009",63,0.048990604257839,5,0.07476,1,0.052332,1,195.889023640358,1,4.8836169400129,22,1,26.4120006561279,36.1040000915527,0.0747599974274635,0.0690851733088493,188.896102905273,-86.385,25.7311,33.7767981627745,63,63,63,63,61,63,0.061677,8047,1.25895569026649,26,-86,0.001869,51,2025-03-04 15:08:43.001621,22,1.037,0.0011,"aoml_navis",1023.83132449098
"7901009",63,0.048990604257839,5,0.080367,1,0.057939,1,195.895653757411,1,4.8835724357036,24.1000003814697,1,26.4109992980957,36.1040000915527,0.0803669989109039,0.0690851733088493,188.902496337891,-86.385,25.7311,33.7767981627745,63,63,63,63,61,63,0.061677,8047,1.25895569026649,26,-86,0.001869,51,2025-03-04 15:08:43.001621,24.1000003814697,1.037,0.0011,"aoml_navis",1023.84065473161
"7901009",63,0.048990604257839,5,0.080367,1,0.057939,1,195.791850492813,1,4.88353353979227,26,1,26.4109992980957,36.1040000915527,0.0803669989109039,0.0690851733088493,188.802398681641,-86.385,25.7311,33.7767981627745,63,63,63,63,61,63,0.061677,8047,1.25895569026649,26,-86,0.001869,51,2025-03-04 15:08:43.001621,26,1.037,0.0011,"aoml_navis",1023.84880932193
"7901009",63,0.048990604257839,5,0.076629,1,0.054201,1,195.81175666764,1,4.88349411079774,28,1,26.4120006561279,36.1040000915527,0.0766289979219437,0.0690851733088493,188.821594238281,-86.385,25.7311,33.7767981627745,63,63,63,63,61,63,0.061677,8047,1.25895569026649,26,-86,0.001869,51,2025-03-04 15:08:43.001621,28,1.037,0.0011,"aoml_navis",1023.85707580657
"7901009",63,0.048990604257839,5,0.082236,1,0.059808,1,195.745597910127,1,4.88345166057611,30,1,26.4109992980957,36.1040000915527,0.0822359994053841,0.0691530033946037,188.757797241211,-86.385,25.7311,33.7767981627745,63,63,63,63,61,63,0.061677,8047,1.25895569026649,26,-86,0.001869,51,2025-03-04 15:08:43.001621,30,1.037,0.0011,"aoml_navis",1023.86597585572
"7901009",63,0.048990604257839,5,0.084105,1,0.061677,1,195.739062735084,1,4.8834071289029,32,1,26.4109992980957,36.1049995422363,0.0841049998998642,0.0710219964385033,188.751495361328,-86.385,25.7311,33.7767981627745,63,63,63,63,61,63,0.061677,8047,1.25895569026649,26,-86,0.001869,51,2025-03-04 15:08:43.001621,32,1.037,0.0011,"aoml_navis",1023.87531246515
"7901009",63,0.0578979868501734,1,0.095319,1,0.072891,1,196.25716128531,1,4.88329793689822,34,1,26.3920001983643,36.1160011291504,0.095319002866745,0.0822359994053841,189.251098632812,-86.385,25.7311,33.7767981627745,63,63,63,63,61,63,0.072891,8047,1.25895569026649,26,-86,0.001869,51,2025-03-04 15:08:43.001621,34,1.037,0.0011,"aoml_navis",1023.89820662384
"7901009",63,0.0578979868501734,1,0.095319,1,0.072891,1,197.5464896089,1,4.88284414867214,36,1,26.2779998779297,36.1829986572266,0.095319002866745,0.0822359994053841,190.494400024414,-86.385,25.7311,33.7767981627745,63,63,63,63,61,63,0.072891,8047,1.25895569026649,26,-86,0.001869,51,2025-03-04 15:08:43.001621,36,1.037,0.0011,"aoml_navis",1023.99336283541
"7901009",63,0.0638362419117296,1,0.102795,1,0.080367,1,198.13250334383,1,4.88247175406768,38,1,26.1700000762939,36.2299995422363,0.102794997394085,0.0897120013833046,191.059494018555,-86.385,25.7311,33.7767981627745,63,63,63,63,61,63,0.080367,8047,1.25895569026649,26,-86,0.001869,51,2025-03-04 15:08:43.001621,38,1.037,0.0011,"aoml_navis",1024.07146458849
"7901009",63,0.0668053694425078,1,0.106533,1,0.084105,1,198.610884486413,1,4.88227512926926,40,1,26.0949993133545,36.242000579834,0.106532998383045,0.0934500023722649,191.520797729492,-86.385,25.7311,33.7767981627745,63,63,63,63,61,63,0.084105,8047,1.25895569026649,26,-86,0.001869,51,2025-03-04 15:08:43.001621,40,1.037,0.0011,"aoml_navis",1024.1127072141
"7901009",63,0.072743624504064,1,0.114009,1,0.091581,1,198.683989834346,1,4.88219464064382,42,1,26.0709991455078,36.2430000305176,0.114009000360966,0.100925996899605,191.591293334961,-86.385,25.7311,33.7767981627745,63,63,63,63,61,63,0.091581,8047,1.25895569026649,26,-86,0.001869,51,2025-03-04 15:08:43.001621,42,1.037,0.0011,"aoml_navis",1024.12959089657
"7901009",63,0.0801664433310093,1,0.123354,1,0.100926,1,198.604665784738,1,4.88211564817493,44,1,26.0599994659424,36.2490005493164,0.123354002833366,0.110270999372005,191.514801025391,-86.385,25.7311,33.7767981627745,63,63,63,63,61,63,0.100926,8047,1.25895569026649,26,-86,0.001869,51,2025-03-04 15:08:43.001621,44,1.037,0.0011,"aoml_navis",1024.14616127931
"7901009",63,0.0905583896887327,1,0.136437,1,0.114009,1,198.691363663813,1,4.88201719805713,46,1,26.0359992980957,36.2550010681152,0.136436998844147,0.123354002833366,191.598403930664,-86.385,25.7311,33.7767981627745,63,63,63,63,61,63,0.114009,8047,1.25895569026649,26,-86,0.001869,51,2025-03-04 15:08:43.001621,46,1.037,0.0011,"aoml_navis",1024.16681407633
"7901009",63,0.0950120809848999,1,0.142044,1,0.119616,1,198.777222888464,1,4.88195291278351,48,1,26.0300006866455,36.2589988708496,0.142043992877007,0.128960996866226,191.681198120117,-86.385,25.7311,33.7767981627745,63,63,63,63,61,63,0.119616,8047,1.25895569026649,26,-86,0.001869,51,2025-03-04 15:08:43.001621,48,1.037,0.0011,"aoml_navis",1024.1803002457
"7901009",63,0.100950336046456,1,0.14952,1,0.127092,1,198.772349198602,1,4.88189434637595,50.0999984741211,1,26.0340003967285,36.2649993896484,0.149519994854927,0.136436998844147,191.676498413086,-86.385,25.7311,33.7767981627745,63,63,63,63,61,63,0.127092,8047,1.25895569026649,26,-86,0.001869,51,2025-03-04 15:08:43.001621,50.0999984741211,1.037,0.0011,"aoml_navis",1024.19258698454
"7901009",63,0.11134228240418,1,0.162603,1,0.140175,1,198.493599456351,1,4.88183777794613,52,1,26.0389995574951,36.2719993591309,0.162603005766869,0.149519994854927,191.407699584961,-86.385,25.7311,33.7767981627745,63,63,63,63,61,63,0.140175,8047,1.25895569026649,26,-86,0.001869,51,2025-03-04 15:08:43.001621,52,1.037,0.0011,"aoml_navis",1024.20445484438
"7901009",63,0.114311409934958,1,0.166341,1,0.143913,1,197.652777189435,1,4.88176479780444,54,1,26.0319995880127,36.2779998779297,0.166341006755829,0.153257995843887,190.596893310547,-86.385,25.7311,33.7767981627745,63,63,63,63,61,63,0.143913,8047,1.25895569026649,26,-86,0.001869,51,2025-03-04 15:08:43.001621,54,1.037,0.0011,"aoml_navis",1024.21976623059
"7901009",63,0.132126175119626,1,0.188769,1,0.166341,1,196.023730529311,1,4.88157047370471,56,1,26.003999710083,36.3089981079102,0.188768997788429,0.175686001777649,189.026000976562,-86.385,25.7311,33.7767981627745,63,63,63,63,61,63,0.166341,8047,1.25895569026649,26,-86,0.001869,51,2025-03-04 15:08:43.001621,56,1.037,0.0011,"aoml_navis",1024.2605380652
"7901009",63,0.144002685242739,1,0.203721,1,0.181293,1,193.943677672908,1,4.88140781526786,58,1,26.0380001068115,36.3569984436035,0.20372100174427,0.19063800573349,187.020202636719,-86.385,25.7311,33.7767981627745,63,63,63,63,61,63,0.181293,8047,1.25895569026649,26,-86,0.001869,51,2025-03-04 15:08:43.001621,58,1.037,0.0011,"aoml_navis",1024.29466850961
"7901009",63,0.170724833019742,1,0.237363,1,0.214935,1,194.052465393047,1,4.88116232742168,60,1,25.9710006713867,36.3860015869141,0.237362995743752,0.224279999732971,187.125106811523,-86.385,25.7311,33.7767981627745,63,63,63,63,61,63,0.214935,8047,1.25895569026649,26,-86,0.001869,51,2025-03-04 15:08:43.001621,60,1.037,0.0011,"aoml_navis",1024.34618326678
"7901009",63,0.201900672092912,1,0.276612,1,0.254184,1,194.777442583725,1,4.88103697194919,62,1,25.9529991149902,36.4020004272461,0.276612013578415,0.263529002666473,187.824203491211,-86.385,25.7311,33.7767981627745,63,63,63,63,61,63,0.254184,8047,1.25895569026649,26,-86,0.001869,51,2025-03-04 15:08:43.001621,62,1.037,0.0011,"aoml_navis",1024.37249066837
"7901009",63,0.194477853265967,1,0.267267,1,0.244839,1,198.24657616921,1,4.88077773254235,64,1,25.7390003204346,36.3740005493164,0.267266988754272,0.254184007644653,191.169494628906,-86.385,25.7311,33.7767981627745,63,63,63,63,61,63,0.244839,8047,1.25895569026649,26,-86,0.001869,51,2025-03-04 15:08:43.001621,64,1.037,0.0011,"aoml_navis",1024.42689956208
"7901009",63,0.188539598204411,4,0.259791,1,0.237363,1,198.522525122157,1,4.88066605978421,66,1,25.6720008850098,36.3660011291504,0.259790986776352,0.246708005666733,191.435592651367,-86.385,25.7311,33.7767981627745,63,63,63,63,61,63,0.237363,8047,1.25895569026649,26,-86,0.001869,51,2025-03-04 15:08:43.001621,66,1.037,0.0011,"aoml_navis",1024.45033910414
"7901009",63,0.224169128573748,1,0.304647,1,0.282219,1,198.264931624535,1,4.88051499623379,68,1,25.6219997406006,36.3759994506836,0.304646998643875,0.291563987731934,191.187194824219,-86.385,25.7311,33.7767981627745,63,63,63,63,61,63,0.282219,8047,1.25895569026649,26,-86,0.001869,51,2025-03-04 15:08:43.001621,68,1.037,0.0011,"aoml_navis",1024.48204827942
"7901009",63,0.215261745981414,4,0.293433,1,0.271005,1,198.137282091682,1,4.88042158038245,70,1,25.5890007019043,36.3769989013672,0.293433010578156,0.280349999666214,191.064102172852,-86.385,25.7311,33.7767981627745,63,63,63,63,61,63,0.271005,8047,1.25895569026649,26,-86,0.001869,51,2025-03-04 15:08:43.001621,70,1.037,0.0011,"aoml_navis",1024.50165782772
"7901009",63,0.22120000104297,1,0.300909,1,0.278481,1,198.150146734078,1,4.88031107437949,72,1,25.5419998168945,36.3769989013672,0.300909012556076,0.287826001644135,191.076507568359,-86.385,25.7311,33.7767981627745,63,63,63,63,61,63,0.278481,8047,1.25895569026649,26,-86,0.001869,51,2025-03-04 15:08:43.001621,72,1.037,0.0011,"aoml_navis",1024.52485585373
"7901009",63,0.23753020246225,1,0.321468,1,0.29904,1,198.001325132927,1,4.88014571093437,74,1,25.4699993133545,36.3819999694824,0.321467995643616,0.308385014533997,190.932998657227,-86.385,25.7311,33.7767981627745,63,63,63,63,61,63,0.29904,8047,1.25895569026649,26,-86,0.001869,51,2025-03-04 15:08:43.001621,74,1.037,0.0011,"aoml_navis",1024.55957181711
"7901009",63,0.264252350239253,1,0.35511,1,0.332682,1,197.505949370501,1,4.88002231292915,76,1,25.4190006256104,36.3839988708496,0.355109989643097,0.342027008533478,190.455307006836,-86.385,25.7311,33.7767981627745,63,63,63,63,61,63,0.332682,8047,1.25895569026649,26,-86,0.001869,51,2025-03-04 15:08:43.001621,76,1.037,0.0011,"aoml_navis",1024.58547920016
"7901009",63,0.302851008139368,1,0.403704,1,0.381276,1,197.140390983495,1,4.8799247080474,78,1,25.382999420166,36.3849983215332,0.403703987598419,0.3906210064888,190.102798461914,-86.385,25.7311,33.7767981627745,63,63,63,63,61,63,0.381276,8047,1.25895569026649,26,-86,0.001869,51,2025-03-04 15:08:43.001621,78,1.037,0.0011,"aoml_navis",1024.60597225088
"7901009",63,0.325119464620204,1,0.431739,1,0.409311,1,196.735748135582,1,4.87984105914328,80,1,25.3540000915527,36.3849983215332,0.431739002466202,0.41865599155426,189.712600708008,-86.385,25.7311,33.7767981627745,63,63,63,63,61,63,0.409311,8047,1.25895569026649,26,-86,0.001869,51,2025-03-04 15:08:43.001621,80,1.037,0.0011,"aoml_navis",1024.62353576692
"7901009",63,0.34738792110104,1,0.459774,1,0.437346,1,196.096835877244,1,4.87977526362254,82,1,25.3419990539551,36.3870010375977,0.459773987531662,0.446691006422043,189.096496582031,-86.385,25.7311,33.7767981627745,63,63,63,63,61,63,0.437346,8047,1.25895569026649,26,-86,0.001869,51,2025-03-04 15:08:43.001621,82,1.037,0.0011,"aoml_navis",1024.6373510833
"7901009",63,0.388955706531934,1,0.512106,1,0.489678,1,194.99240711872,1,4.87969476853495,84,1,25.3199996948242,36.3889999389648,0.512106001377106,0.499022990465164,188.031494140625,-86.385,25.7311,33.7767981627745,63,63,63,63,61,63,0.489678,8047,1.25895569026649,26,-86,0.001869,51,2025-03-04 15:08:43.001621,84,1.037,0.0011,"aoml_navis",1024.65425342601
"7901009",63,0.482483223751445,1,0.629853,1,0.607425,1,193.1732707303,1,4.87957830423115,86,1,25.2980003356934,36.4010009765625,0.629853010177612,0.616770029067993,186.277297973633,-86.385,25.7311,33.7767981627745,63,63,63,63,61,63,0.607425,8047,1.25895569026649,26,-86,0.001869,51,2025-03-04 15:08:43.001621,86,1.037,0.0011,"aoml_navis",1024.67870956481
"7901009",63,0.528504700478506,1,0.687792,1,0.665364,1,192.476285608994,1,4.8793844258098,88,1,25.238000869751,36.4189987182617,0.687792003154755,0.674709022045135,185.605194091797,-86.385,25.7311,33.7767981627745,63,63,63,63,61,63,0.665364,8047,1.25895569026649,26,-86,0.001869,51,2025-03-04 15:08:43.001621,88,1.037,0.0011,"aoml_navis",1024.71942435037
"7901009",63,0.510689935293837,1,0.665364,1,0.642936,1,192.417595622958,1,4.8792974650437,90,1,25.2140007019043,36.4220008850098,0.665364027023315,0.652280986309052,185.548599243164,-86.385,25.7311,33.7767981627745,63,63,63,63,61,63,0.642936,8047,1.25895569026649,26,-86,0.001869,51,2025-03-04 15:08:43.001621,90,1.037,0.0011,"aoml_navis",1024.73768730458
"7901009",63,0.473575841159111,4,0.618639,1,0.596211,1,192.432833815612,1,4.87922119335686,92,1,25.1849994659424,36.4199981689453,0.61863899230957,0.605556011199951,185.563293457031,-86.385,25.7311,33.7767981627745,63,63,63,63,61,63,0.596211,8047,1.25895569026649,26,-86,0.001869,51,2025-03-04 15:08:43.001621,92,1.037,0.0011,"aoml_navis",1024.75370594135
"7901009",63,0.491390606343779,1,0.641067,1,0.618639,1,192.268267664419,1,4.87915120575926,94,1,25.1480007171631,36.4129981994629,0.641067028045654,0.62798398733139,185.404602050781,-86.385,25.7311,33.7767981627745,63,63,63,63,61,63,0.618639,8047,1.25895569026649,26,-86,0.001869,51,2025-03-04 15:08:43.001621,94,1.037,0.0011,"aoml_navis",1024.7684052296
"7901009",63,0.451307384678275,1,0.590604,1,0.568176,1,190.776000793805,1,4.87903846901429,96,1,25.1259994506836,36.423999786377,0.59060400724411,0.577521026134491,183.965606689453,-86.385,25.7311,33.7767981627745,63,63,63,63,61,63,0.568176,8047,1.25895569026649,26,-86,0.001869,51,2025-03-04 15:08:43.001621,96,1.037,0.0011,"aoml_navis",1024.79208388167
"7901009",63,0.351841612397208,1,0.465381,1,0.442953,1,190.088968759912,1,4.87889756770559,98,1,25.0699996948242,36.4290008544922,0.465380996465683,0.452297985553741,183.303100585938,-86.385,25.7311,33.7767981627745,63,63,63,63,61,63,0.442953,8047,1.25895569026649,26,-86,0.001869,51,2025-03-04 15:08:43.001621,98,1.037,0.0011,"aoml_navis",1024.82167961386
"7901009",63,0.262767786473864,1,0.353241,1,0.330813,1,189.255409556784,1,4.87876635200215,100,1,25.0550003051758,36.4480018615723,0.353240996599197,0.340157985687256,182.499298095703,-86.385,25.7311,33.7767981627745,63,63,63,63,61,63,0.330813,8047,1.25895569026649,26,-86,0.001869,51,2025-03-04 15:08:43.001621,100,1.037,0.0011,"aoml_navis",1024.84924246231
"7901009",63,0.239014766227639,1,0.323337,1,0.300909,1,188.786475144227,1,4.87869070890019,102,1,25.0459995269775,36.4539985656738,0.323336988687515,0.310254007577896,182.047103881836,-86.385,25.7311,33.7767981627745,63,63,63,63,61,63,0.300909,8047,1.25895569026649,26,-86,0.001869,51,2025-03-04 15:08:43.001621,102,1.037,0.0011,"aoml_navis",1024.86513254027
"7901009",63,0.212292618450636,1,0.289695,1,0.267267,1,188.511871203092,1,4.87860110811565,104,1,25.0249996185303,36.4589996337891,0.289694994688034,0.276612013578415,181.782302856445,-86.385,25.7311,33.7767981627745,63,63,63,63,61,63,0.267267,8047,1.25895569026649,26,-86,0.001869,51,2025-03-04 15:08:43.001621,104,1.037,0.0011,"aoml_navis",1024.88395529661
"7901009",63,0.212292618450636,1,0.289695,1,0.267267,1,187.97033779999,1,4.87850713970842,106,1,25.0009994506836,36.4640007019043,0.289694994688034,0.276612013578415,181.260101318359,-86.385,25.7311,33.7767981627745,63,63,63,63,61,63,0.267267,8047,1.25895569026649,26,-86,0.001869,51,2025-03-04 15:08:43.001621,106,1.037,0.0011,"aoml_navis",1024.90369631781
"7901009",63,0.198931544562134,1,0.272874,1,0.250446,1,186.193513900828,1,4.8784403880888,108,1,25.0030002593994,36.4720001220703,0.272873997688293,0.259790986776352,179.54670715332,-86.385,25.7311,33.7767981627745,63,63,63,63,61,63,0.250446,8047,1.25895569026649,26,-86,0.001869,51,2025-03-04 15:08:43.001621,108,1.037,0.0011,"aoml_navis",1024.91772005824
"7901009",63,0.195962417031356,1,0.269136,1,0.246708,1,182.9604852713,1,4.87832765949784,110,1,25.007999420166,36.4939994812012,0.269136011600494,0.256053000688553,176.429092407227,-86.385,25.7311,33.7767981627745,63,63,63,63,61,63,0.246708,8047,1.25895569026649,26,-86,0.001869,51,2025-03-04 15:08:43.001621,110,1.037,0.0011,"aoml_navis",1024.94140389797
"7901009",63,0.169240269254353,1,0.235494,1,0.213066,1,177.896927212115,1,4.87809287703765,112,1,24.9589996337891,36.5279998779297,0.235494002699852,0.222411006689072,171.546295166016,-86.385,25.7311,33.7767981627745,63,63,63,63,61,63,0.213066,8047,1.25895569026649,26,-86,0.001869,51,2025-03-04 15:08:43.001621,112,1.037,0.0011,"aoml_navis",1024.99073429622
"7901009",63,0.146971812773517,1,0.207459,1,0.185031,1,173.098225714339,1,4.87760843151355,114,1,24.8250007629395,36.5970001220703,0.207459002733231,0.19437600672245,166.918899536133,-86.385,25.7311,33.7767981627745,63,63,63,63,61,63,0.185031,8047,1.25895569026649,26,-86,0.001869,51,2025-03-04 15:08:43.001621,114,1.037,0.0011,"aoml_navis",1025.09253668165
"7901009",63,0.135095302650405,1,0.192507,1,0.170079,1,170.740562419809,1,4.87707514514491,116,1,24.6420001983643,36.6599998474121,0.19250699877739,0.179424002766609,164.645401000977,-86.385,25.7311,33.7767981627745,63,63,63,63,61,63,0.170079,8047,1.25895569026649,26,-86,0.001869,51,2025-03-04 15:08:43.001621,116,1.037,0.0011,"aoml_navis",1025.2046259688
"7901009",63,0.109857718638791,1,0.160734,1,0.138306,1,171.211063375537,1,4.87657822435605,118,1,24.3509998321533,36.6699981689453,0.160733997821808,0.147651001811028,165.099105834961,-86.385,25.7311,33.7767981627745,63,63,63,63,61,63,0.138306,8047,1.25895569026649,26,-86,0.001869,51,2025-03-04 15:08:43.001621,118,1.037,0.0011,"aoml_navis",1025.30909378784
"7901009",63,0.0846201346271765,1,0.128961,1,0.106533,1,171.192502212522,1,4.87627928987379,120,1,24.1459999084473,36.6599998474121,0.128960996866226,0.115878000855446,165.081207275391,-86.385,25.7311,33.7767981627745,63,63,63,63,61,63,0.106533,8047,1.25895569026649,26,-86,0.001869,51,2025-03-04 15:08:43.001621,120,1.037,0.0011,"aoml_navis",1025.37194913817
"7901009",63,0.072743624504064,1,0.114009,1,0.091581,1,169.140030010113,1,4.87592607715562,122,1,23.9650001525879,36.6749992370605,0.114009000360966,0.100925996899605,163.102005004883,-86.385,25.7311,33.7767981627745,63,63,63,63,61,63,0.091581,8047,1.25895569026649,26,-86,0.001869,51,2025-03-04 15:08:43.001621,122,1.037,0.0011,"aoml_navis",1025.44622721531
"7901009",63,0.0668053694425078,1,0.106533,1,0.084105,1,167.805066226904,1,4.87556442073121,124,1,23.8279991149902,36.7099990844727,0.106532998383045,0.0934500023722649,161.814697265625,-86.385,25.7311,33.7767981627745,63,63,63,63,61,63,0.084105,8047,1.25895569026649,26,-86,0.001869,51,2025-03-04 15:08:43.001621,124,1.037,0.0011,"aoml_navis",1025.52229209395
"7901009",63,0.0653208056771187,1,0.104664,1,0.082236,1,166.658957925857,1,4.8753783215328,125.900001525879,1,23.7469997406006,36.7190017700195,0.104663997888565,0.0915810018777847,160.709503173828,-86.385,25.7311,33.7767981627745,63,63,63,63,61,63,0.082236,8047,1.25895569026649,26,-86,0.001869,51,2025-03-04 15:08:43.001621,125.900001525879,1.037,0.0011,"aoml_navis",1025.56143754358
"7901009",63,0.0549288593193953,1,0.091581,1,0.069153,1,164.378450838367,1,4.87494488014597,128,1,23.4829998016357,36.7239990234375,0.0915810018777847,0.0784979984164238,158.510406494141,-86.385,25.7311,33.7767981627745,63,63,63,63,61,63,0.069153,8047,1.25895569026649,26,-86,0.001869,51,2025-03-04 15:08:43.001621,128,1.037,0.0011,"aoml_navis",1025.65262232263
"7901009",63,0.0430523491962828,1,0.076629,1,0.054201,1,160.731459220247,1,4.8746008093573,130,1,23.3799991607666,36.7680015563965,0.0766289979219437,0.0635460019111633,154.993606567383,-86.385,25.7311,33.7767981627745,63,63,63,63,61,63,0.054201,8047,1.25895569026649,26,-86,0.001869,51,2025-03-04 15:08:43.001621,130,1.037,0.0011,"aoml_navis",1025.72501740081
"7901009",63,0.0385986579001156,1,0.071022,1,0.048594,1,158.302019765927,1,4.87434571396135,132,1,23.3479995727539,36.814998626709,0.0710219964385033,0.0579390004277229,152.650894165039,-86.385,25.7311,33.7767981627745,63,63,63,63,61,63,0.048594,8047,1.25895569026649,26,-86,0.001869,51,2025-03-04 15:08:43.001621,132,1.037,0.0011,"aoml_navis",1025.77869798581
"7901009",63,0.0356295303693375,1,0.067284,1,0.044856,1,158.125206095405,1,4.87406762252159,134,1,23.2299995422363,36.8349990844727,0.0672840029001236,0.0542009994387627,152.480392456055,-86.385,25.7311,33.7767981627745,63,63,63,63,61,63,0.044856,8047,1.25895569026649,26,-86,0.001869,51,2025-03-04 15:08:43.001621,134,1.037,0.0011,"aoml_navis",1025.83722410754
"7901009",63,0.0400832216655047,1,0.072891,1,0.050463,1,156.930883076792,1,4.8738367748754,136,1,23.0990009307861,36.8370018005371,0.0728909969329834,0.0598080009222031,151.328704833984,-86.385,25.7311,33.7767981627745,63,63,63,63,61,63,0.050463,8047,1.25895569026649,26,-86,0.001869,51,2025-03-04 15:08:43.001621,136,1.037,0.0011,"aoml_navis",1025.88581254402
"7901009",63,0.0519597317886171,1,0.087843,1,0.065415,1,153.591772574418,1,4.87371014815467,138,1,23.0400009155273,36.8380012512207,0.0878430008888245,0.0747599974274635,148.108795166016,-86.385,25.7311,33.7767981627745,63,63,63,63,61,63,0.065415,8047,1.25895569026649,26,-86,0.001869,51,2025-03-04 15:08:43.001621,138,1.037,0.0011,"aoml_navis",1025.91246668478
"7901009",63,0.0668053694425078,1,0.106533,1,0.084105,1,150.659599351873,1,4.87342053943272,140,1,23.0270004272461,36.9020004272461,0.106532998383045,0.0934500023722649,145.281295776367,-86.385,25.7311,33.7767981627745,63,63,63,63,61,63,0.084105,8047,1.25895569026649,26,-86,0.001869,51,2025-03-04 15:08:43.001621,140,1.037,0.0011,"aoml_navis",1025.97343273438
"7901009",63,0.0742281882694531,1,0.115878,1,0.09345,1,148.320291512668,1,4.87325643914235,142,1,22.9979991912842,36.9249992370605,0.115878000855446,0.102794997394085,143.025497436523,-86.385,25.7311,33.7767981627745,63,63,63,63,61,63,0.09345,8047,1.25895569026649,26,-86,0.001869,51,2025-03-04 15:08:43.001621,142,1.037,0.0011,"aoml_navis",1026.00798099596
"7901009",63,0.0831355708617874,1,0.127092,1,0.104664,1,147.656805097331,1,4.87305129734365,144,1,22.9419994354248,36.9490013122559,0.127092003822327,0.114009000360966,142.385696411133,-86.385,25.7311,33.7767981627745,63,63,63,63,61,63,0.104664,8047,1.25895569026649,26,-86,0.001869,51,2025-03-04 15:08:43.001621,144,1.037,0.0011,"aoml_navis",1026.05117305569
"7901009",63,0.096496644750289,1,0.143913,1,0.121485,1,147.37286519185,1,4.87291532020846,146,1,22.863000869751,36.9449996948242,0.143913000822067,0.130830004811287,142.111892700195,-86.385,25.7311,33.7767981627745,63,63,63,63,61,63,0.121485,8047,1.25895569026649,26,-86,0.001869,51,2025-03-04 15:08:43.001621,146,1.037,0.0011,"aoml_navis",1026.07980468376
"7901009",63,0.102434899811845,1,0.151389,1,0.128961,1,147.093292618843,1,4.8727937455717,148,1,22.7759990692139,36.9339981079102,0.151389002799988,0.138306006789207,141.842300415039,-86.385,25.7311,33.7767981627745,63,63,63,63,61,63,0.128961,8047,1.25895569026649,26,-86,0.001869,51,2025-03-04 15:08:43.001621,148,1.037,0.0011,"aoml_navis",1026.10540504488
"7901009",63,0.103919463577234,1,0.153258,1,0.13083,1,146.691339794554,1,4.87270954858555,150,1,22.7290000915527,36.9280014038086,0.153257995843887,0.140174999833107,141.454696655273,-86.385,25.7311,33.7767981627745,63,63,63,63,61,63,0.13083,8047,1.25895569026649,26,-86,0.001869,51,2025-03-04 15:08:43.001621,150,1.037,0.0011,"aoml_navis",1026.12313542296
"7901009",63,0.102434899811845,1,0.151389,1,0.128961,1,146.373711299084,1,4.87248877510065,152,1,22.5799999237061,36.9210014343262,0.151389002799988,0.138306006789207,141.148406982422,-86.385,25.7311,33.7767981627745,63,63,63,63,61,63,0.128961,8047,1.25895569026649,26,-86,0.001869,51,2025-03-04 15:08:43.001621,152,1.037,0.0011,"aoml_navis",1026.16962927672
"7901009",63,0.0890738259233437,1,0.134568,1,0.11214,1,146.111228287932,1,4.87223542105746,154,1,22.3959999084473,36.9099998474121,0.134568005800247,0.121485002338886,140.895294189453,-86.385,25.7311,33.7767981627745,63,63,63,63,61,63,0.11214,8047,1.25895569026649,26,-86,0.001869,51,2025-03-04 15:08:43.001621,154,1.037,0.0011,"aoml_navis",1026.22298963436
"7901009",63,0.0786818795656203,1,0.121485,1,0.099057,1,146.204144868682,1,4.87189640342276,156,1,22.1399993896484,36.8959999084473,0.121485002338886,0.108401998877525,140.984893798828,-86.385,25.7311,33.7767981627745,63,63,63,63,61,63,0.099057,8047,1.25895569026649,26,-86,0.001869,51,2025-03-04 15:08:43.001621,156,1.037,0.0011,"aoml_navis",1026.29440077733
"7901009",63,0.072743624504064,1,0.114009,1,0.091581,1,146.209857212969,1,4.87158271435349,158,1,21.9169998168945,36.8880004882812,0.114009000360966,0.100925996899605,140.99040222168,-86.385,25.7311,33.7767981627745,63,63,63,63,61,63,0.091581,8047,1.25895569026649,26,-86,0.001869,51,2025-03-04 15:08:43.001621,158,1.037,0.0011,"aoml_navis",1026.3604855293
"7901009",63,0.0653208056771187,4,0.104664,1,0.082236,1,145.968546270114,1,4.87136671196134,160,1,21.7520008087158,36.875,0.104663997888565,0.0915810018777847,140.757705688477,-86.385,25.7311,33.7767981627745,63,63,63,63,61,63,0.082236,8047,1.25895569026649,26,-86,0.001869,51,2025-03-04 15:08:43.001621,160,1.037,0.0011,"aoml_navis",1026.40599561573
"7901009",63,0.0712590607386749,1,0.11214,1,0.089712,1,145.754293800196,1,4.87118260230981,162,1,21.6019992828369,36.859001159668,0.112139999866486,0.0990569964051247,140.55110168457,-86.385,25.7311,33.7767981627745,63,63,63,63,61,63,0.089712,8047,1.25895569026649,26,-86,0.001869,51,2025-03-04 15:08:43.001621,162,1.037,0.0011,"aoml_navis",1026.44478932675
"7901009",63,0.0668053694425078,1,0.106533,1,0.084105,1,146.067064429472,1,4.8709416411134,164,1,21.4139995574951,36.8450012207031,0.106532998383045,0.0934500023722649,140.85270690918,-86.385,25.7311,33.7767981627745,63,63,63,63,61,63,0.084105,8047,1.25895569026649,26,-86,0.001869,51,2025-03-04 15:08:43.001621,164,1.037,0.0011,"aoml_navis",1026.49556664717
"7901009",63,0.0519597317886171,1,0.087843,1,0.065415,1,146.363742388002,1,4.87075684350646,166,1,21.2919998168945,36.8400001525879,0.0878430008888245,0.0747599974274635,141.138793945312,-86.385,25.7311,33.7767981627745,63,63,63,63,61,63,0.065415,8047,1.25895569026649,26,-86,0.001869,51,2025-03-04 15:08:43.001621,166,1.037,0.0011,"aoml_navis",1026.53451211917
"7901009",63,0.0341449666039484,1,0.065415,1,0.042987,1,146.484461154103,1,4.87064999177136,168,1,21.2450008392334,36.8409996032715,0.0654150024056435,0.0523319989442825,141.25520324707,-86.385,25.7311,33.7767981627745,63,63,63,63,61,63,0.042987,8047,1.25895569026649,26,-86,0.001869,51,2025-03-04 15:08:43.001621,168,1.037,0.0011,"aoml_navis",1026.55703211012
"7901009",63,0.0311758390731703,1,0.061677,1,0.039249,1,146.493069229704,1,4.87053320344119,170,1,21.173999786377,36.8359985351562,0.0616770014166832,0.0485940016806126,141.26350402832,-86.385,25.7311,33.7767981627745,63,63,63,63,61,63,0.039249,8047,1.25895569026649,26,-86,0.001869,51,2025-03-04 15:08:43.001621,170,1.037,0.0011,"aoml_navis",1026.58164746056
"7901009",63,0.0296912753077812,1,0.059808,1,0.03738,1,146.743605371226,1,4.87040963825116,172,1,21.0839996337891,36.826000213623,0.0598080009222031,0.0467250011861324,141.505096435547,-86.385,25.7311,33.7767981627745,63,63,63,63,61,63,0.03738,8047,1.25895569026649,26,-86,0.001869,51,2025-03-04 15:08:43.001621,172,1.037,0.0011,"aoml_navis",1026.60769244769
"7901009",63,0.0222684564808359,1,0.050463,1,0.028035,1,146.953806982038,1,4.87030214391076,174,1,21.0170001983643,36.8199996948242,0.0504629984498024,0.0373799987137318,141.707794189453,-86.385,25.7311,33.7767981627745,63,63,63,63,61,63,0.028035,8047,1.25895569026649,26,-86,0.001869,51,2025-03-04 15:08:43.001621,174,1.037,0.0011,"aoml_navis",1026.63035110694
"7901009",63,0.0178147651846687,1,0.044856,1,0.022428,1,147.24988364117,1,4.8701441378997,176,1,20.8920001983643,36.806999206543,0.0448560006916523,0.0317730009555817,141.993301391602,-86.385,25.7311,33.7767981627745,63,63,63,63,61,63,0.022428,8047,1.25895569026649,26,-86,0.001869,51,2025-03-04 15:08:43.001621,176,1.037,0.0011,"aoml_navis",1026.66365890277
"7901009",63,0.0133610738885016,1,0.039249,1,0.016821,1,147.366757255853,1,4.87001181430484,178,1,20.7889995574951,36.7949981689453,0.0392489992082119,0.0261659994721413,142.106002807617,-86.385,25.7311,33.7767981627745,63,63,63,63,61,63,0.016821,8047,1.25895569026649,26,-86,0.001869,51,2025-03-04 15:08:43.001621,178,1.037,0.0011,"aoml_navis",1026.69155448727
"7901009",63,0.0148456376538906,1,0.041118,1,0.01869,1,147.412487657483,1,4.8698823558761,180,1,20.6989994049072,36.7869987487793,0.041117999702692,0.0280349999666214,142.150100708008,-86.385,25.7311,33.7767981627745,63,63,63,63,61,63,0.01869,8047,1.25895569026649,26,-86,0.001869,51,2025-03-04 15:08:43.001621,180,1.037,0.0011,"aoml_navis",1026.71884752347
"7901009",63,0.0133610738885016,1,0.039249,1,0.016821,1,147.353370432401,1,4.86976274103578,182,1,20.6079998016357,36.7760009765625,0.0392489992082119,0.0261659994721413,142.09309387207,-86.385,25.7311,33.7767981627745,63,63,63,63,61,63,0.016821,8047,1.25895569026649,26,-86,0.001869,51,2025-03-04 15:08:43.001621,182,1.037,0.0011,"aoml_navis",1026.74406657777
"7901009",63,0.00742281882694531,1,0.031773,1,0.009345,1,147.490672402968,1,4.86961941912284,184,1,20.503999710083,36.7669982910156,0.0317730009555817,0.0186899993568659,142.225494384766,-86.385,25.7311,33.7767981627745,63,63,63,63,61,63,0.009345,8047,1.25895569026649,26,-86,0.001869,51,2025-03-04 15:08:43.001621,184,1.037,0.0011,"aoml_navis",1026.77428555611
"7901009",63,0.0103919463577234,1,0.035511,1,0.013083,1,147.437172580162,1,4.86948501069481,186,1,20.4009990692139,36.7560005187988,0.0355109982192516,0.0224280003458261,142.173904418945,-86.385,25.7311,33.7767981627745,63,63,63,63,61,63,0.013083,8047,1.25895569026649,26,-86,0.001869,51,2025-03-04 15:08:43.001621,186,1.037,0.0011,"aoml_navis",1026.80262677029
"7901009",63,0.00742281882694531,1,0.031773,1,0.009345,1,147.639588946129,1,4.86938188910558,188,1,20.32200050354,36.7449989318848,0.0317730009555817,0.0186899993568659,142.369094848633,-86.385,25.7311,33.7767981627745,63,63,63,63,61,63,0.009345,8047,1.25895569026649,26,-86,0.001869,51,2025-03-04 15:08:43.001621,188,1.037,0.0011,"aoml_navis",1026.82437193654
"7901009",63,0.00445369129616718,1,0.028035,1,0.005607,1,147.737078567042,1,4.86930762623701,190,1,20.2849998474121,36.7410011291504,0.0280349999666214,0.0149520002305508,142.463104248047,-86.385,25.7311,33.7767981627745,63,63,63,63,61,63,0.005607,8047,1.25895569026649,26,-86,0.001869,51,2025-03-04 15:08:43.001621,190,1.037,0.0011,"aoml_navis",1026.84003225814
"7901009",63,0.00445369129616718,1,0.028035,1,0.005607,1,147.641456138998,1,4.86924883390412,192,1,20.2600002288818,36.7369995117188,0.0280349999666214,0.0149520002305508,142.370895385742,-86.385,25.7311,33.7767981627745,63,63,63,63,61,63,0.005607,8047,1.25895569026649,26,-86,0.001869,51,2025-03-04 15:08:43.001621,192,1.037,0.0011,"aoml_navis",1026.85243054031
"7901009",63,0.00890738259233437,1,0.033642,1,0.011214,1,148.147117285875,1,4.8691117070775,194,1,20.1399993896484,36.7210006713867,0.0336420014500618,0.020558999851346,142.858505249023,-86.385,25.7311,33.7767981627745,63,63,63,63,61,63,0.011214,8047,1.25895569026649,26,-86,0.001869,51,2025-03-04 15:08:43.001621,194,1.037,0.0011,"aoml_navis",1026.88134937061
"7901009",63,0.00296912753077812,1,0.026166,1,0.003738,1,148.936496806875,1,4.86895580762519,196,1,20.0189990997314,36.7099990844727,0.0261659994721413,0.0130829997360706,143.619705200195,-86.385,25.7311,33.7767981627745,63,63,63,63,61,63,0.003738,8047,1.25895569026649,26,-86,0.001869,51,2025-03-04 15:08:43.001621,196,1.037,0.0011,"aoml_navis",1026.91422915969
"7901009",63,0.00593825506155625,1,0.029904,1,0.007476,1,149.117962635902,1,4.86878352332159,198,1,19.8589992523193,36.689998626709,0.0299040004611015,0.0168210007250309,143.794692993164,-86.385,25.7311,33.7767981627745,63,63,63,63,61,63,0.007476,8047,1.25895569026649,26,-86,0.001869,51,2025-03-04 15:08:43.001621,198,1.037,0.0011,"aoml_navis",1026.9505670256
"7901009",63,0.0118765101231125,1,0.03738,1,0.014952,1,149.348608426266,1,4.86866645135397,200.100006103516,1,19.7549991607666,36.673999786377,0.0373799987137318,0.0242970008403063,144.017105102539,-86.385,25.7311,33.7767981627745,63,63,63,63,61,63,0.014952,8047,1.25895569026649,26,-86,0.001869,51,2025-03-04 15:08:43.001621,200.100006103516,1.037,0.0011,"aoml_navis",1026.97526108191
"7901009",63,0.00593825506155625,1,0.029904,1,0.007476,1,149.871992081732,1,4.86858030308087,202,1,19.6919994354248,36.6650009155273,0.0299040004611015,0.0168210007250309,144.52180480957,-86.385,25.7311,33.7767981627745,63,63,63,63,61,63,0.007476,8047,1.25895569026649,26,-86,0.001869,51,2025-03-04 15:08:43.001621,202,1.037,0.0011,"aoml_navis",1026.99343314435
"7901009",63,0,1,0.022428,1,0,1,150.001097392076,1,4.86849766526871,204,1,19.6620006561279,36.6660003662109,0.0224280003458261,0.00934499967843294,144.646301269531,-86.385,25.7311,33.7767981627745,63,63,63,63,61,63,0,8047,1.25895569026649,26,-86,0.001869,51,2025-03-04 15:08:43.001621,204,1.037,0.0011,"aoml_navis",1027.01086531671
"7901009",63,0.00148456376538906,1,0.024297,1,0.001869,1,149.402630430128,1,4.86836711666137,206,1,19.5450000762939,36.6500015258789,0.0242970008403063,0.0112140001729131,144.069198608398,-86.385,25.7311,33.7767981627745,63,63,63,63,61,63,0.001869,8047,1.25895569026649,26,-86,0.001869,51,2025-03-04 15:08:43.001621,206,1.037,0.0011,"aoml_navis",1027.03840531831
"7901009",63,0.00148456376538906,1,0.024297,1,0.001869,1,148.369661358026,1,4.86823716036355,208,1,19.4020004272461,36.625,0.0242970008403063,0.0112140001729131,143.073104858398,-86.385,25.7311,33.7767981627745,63,63,63,63,61,63,0.001869,8047,1.25895569026649,26,-86,0.001869,51,2025-03-04 15:08:43.001621,208,1.037,0.0011,"aoml_navis",1027.06582183572
"7901009",63,0.00742281882694531,1,0.031773,1,0.009345,1,147.848144895429,1,4.86812057775796,210,1,19.2719993591309,36.601001739502,0.0317730009555817,0.0186899993568659,142.570205688477,-86.385,25.7311,33.7767981627745,63,63,63,63,61,63,0.009345,8047,1.25895569026649,26,-86,0.001869,51,2025-03-04 15:08:43.001621,210,1.037,0.0011,"aoml_navis",1027.0904181882
"7901009",63,0.0103919463577234,1,0.035511,1,0.013083,1,148.116308603531,1,4.86794256663732,212,1,19.0860004425049,36.5750007629395,0.0355109982192516,0.0224280003458261,142.828796386719,-86.385,25.7311,33.7767981627745,63,63,63,63,61,63,0.013083,8047,1.25895569026649,26,-86,0.001869,51,2025-03-04 15:08:43.001621,212,1.037,0.0011,"aoml_navis",1027.12797687215
"7901009",63,0.00890738259233437,1,0.033642,1,0.011214,1,148.05139991582,1,4.86785476647883,214,1,19.0219993591309,36.5660018920898,0.0336420014500618,0.020558999851346,142.766204833984,-86.385,25.7311,33.7767981627745,63,63,63,63,61,63,0.011214,8047,1.25895569026649,26,-86,0.001869,51,2025-03-04 15:08:43.001621,214,1.037,0.0011,"aoml_navis",1027.14650289716
"7901009",63,0.0118765101231125,1,0.03738,1,0.014952,1,147.947169412176,1,4.86776590904349,216,1,18.9570007324219,36.556999206543,0.0373799987137318,0.0242970008403063,142.66569519043,-86.385,25.7311,33.7767981627745,63,63,63,63,61,63,0.014952,8047,1.25895569026649,26,-86,0.001869,51,2025-03-04 15:08:43.001621,216,1.037,0.0011,"aoml_navis",1027.16525269032
"7901009",63,0.0118765101231125,1,0.03738,1,0.014952,1,147.856120024295,1,4.8676683943084,218,1,18.8759994506836,36.5449981689453,0.0373799987137318,0.0242970008403063,142.577896118164,-86.385,25.7311,33.7767981627745,63,63,63,63,61,63,0.014952,8047,1.25895569026649,26,-86,0.001869,51,2025-03-04 15:08:43.001621,218,1.037,0.0011,"aoml_navis",1027.18583004675
"7901009",63,0.0103919463577234,1,0.035511,1,0.013083,1,147.82542210763,1,4.86755013375804,220,1,18.7689990997314,36.5299987792969,0.0355109982192516,0.0224280003458261,142.548294067383,-86.385,25.7311,33.7767981627745,63,63,63,63,61,63,0.013083,8047,1.25895569026649,26,-86,0.001869,51,2025-03-04 15:08:43.001621,220,1.037,0.0011,"aoml_navis",1027.21078624817
"7901009",63,0.0103919463577234,1,0.035511,1,0.013083,1,148.130312550051,1,4.86742606498909,222,1,18.6450004577637,36.5110015869141,0.0355109982192516,0.0224280003458261,142.842300415039,-86.385,25.7311,33.7767981627745,63,63,63,63,61,63,0.013083,8047,1.25895569026649,26,-86,0.001869,51,2025-03-04 15:08:43.001621,222,1.037,0.0011,"aoml_navis",1027.23696944562
"7901009",63,0.00593825506155625,1,0.029904,1,0.007476,1,148.392779737535,1,4.86733813312824,224,1,18.5769996643066,36.5009994506836,0.0299040004611015,0.0168210007250309,143.095397949219,-86.385,25.7311,33.7767981627745,63,63,63,63,61,63,0.007476,8047,1.25895569026649,26,-86,0.001869,51,2025-03-04 15:08:43.001621,224,1.037,0.0011,"aoml_navis",1027.2555271985
"7901009",63,0.00890738259233437,1,0.033642,1,0.011214,1,148.596968354361,1,4.86726748053047,226,1,18.5349998474121,36.4949989318848,0.0336420014500618,0.020558999851346,143.292297363281,-86.385,25.7311,33.7767981627745,63,63,63,63,61,63,0.011214,8047,1.25895569026649,26,-86,0.001869,51,2025-03-04 15:08:43.001621,226,1.037,0.0011,"aoml_navis",1027.27043870107
"7901009",63,0.00890738259233437,1,0.033642,1,0.011214,1,148.781345738371,1,4.86720299622085,228,1,18.503999710083,36.4910011291504,0.0336420014500618,0.020558999851346,143.470092773438,-86.385,25.7311,33.7767981627745,63,63,63,63,61,63,0.011214,8047,1.25895569026649,26,-86,0.001869,51,2025-03-04 15:08:43.001621,228,1.037,0.0011,"aoml_navis",1027.28404874057
"7901009",63,0.00445369129616718,1,0.028035,1,0.005607,1,148.790998176085,1,4.86713490177575,230,1,18.4669990539551,36.4860000610352,0.0280349999666214,0.0149520002305508,143.479400634766,-86.385,25.7311,33.7767981627745,63,63,63,63,61,63,0.005607,8047,1.25895569026649,26,-86,0.001869,51,2025-03-04 15:08:43.001621,230,1.037,0.0011,"aoml_navis",1027.2984211257
"7901009",63,0.00148456376538906,1,0.024297,1,0.001869,1,148.67080159104,1,4.86708140142221,232,1,18.4419994354248,36.4809989929199,0.0242970008403063,0.0112140001729131,143.363494873047,-86.385,25.7311,33.7767981627745,63,63,63,63,61,63,0.001869,8047,1.25895569026649,26,-86,0.001869,51,2025-03-04 15:08:43.001621,232,1.037,0.0011,"aoml_navis",1027.30971348434
"7901009",63,0.00148456376538906,1,0.024297,1,0.001869,1,148.500222445862,1,4.86699641182241,234,1,18.378999710083,36.4720001220703,0.0242970008403063,0.0112140001729131,143.199005126953,-86.385,25.7311,33.7767981627745,63,63,63,63,61,63,0.001869,8047,1.25895569026649,26,-86,0.001869,51,2025-03-04 15:08:43.001621,234,1.037,0.0011,"aoml_navis",1027.3276528116
"7901009",63,0.00296912753077812,1,0.026166,1,0.003738,1,148.162766893906,1,4.86689711177569,236,1,18.2980003356934,36.4609985351562,0.0261659994721413,0.0130829997360706,142.873596191406,-86.385,25.7311,33.7767981627745,63,63,63,63,61,63,0.003738,8047,1.25895569026649,26,-86,0.001869,51,2025-03-04 15:08:43.001621,236,1.037,0.0011,"aoml_navis",1027.34861353495
"7901009",63,-0.00148456376538906,1,0.020559,1,-0.001869,1,147.721096661975,1,4.86677893332362,238,1,18.1800003051758,36.443000793457,0.020558999851346,0.00747600011527538,142.447692871094,-86.385,25.7311,33.7767981627745,63,63,63,63,61,63,-0.001869,8047,1.25895569026649,26,-86,0.001869,51,2025-03-04 15:08:43.001621,238,1.037,0.0011,"aoml_navis",1027.37356031608
"7901009",63,0,1,0.022428,1,0,1,147.313447317068,1,4.86671506467983,240,1,18.125,36.4309997558594,0.0224280003458261,0.00934499967843294,142.054595947266,-86.385,25.7311,33.7767981627745,63,63,63,63,61,63,0,8047,1.25895569026649,26,-86,0.001869,51,2025-03-04 15:08:43.001621,240,1.037,0.0011,"aoml_navis",1027.38704311816
"7901009",63,0,1,0.022428,1,0,1,147.017797896983,1,4.86661769750117,242,1,18.0510005950928,36.4220008850098,0.0224280003458261,0.00934499967843294,141.769500732422,-86.385,25.7311,33.7767981627745,63,63,63,63,61,63,0,8047,1.25895569026649,26,-86,0.001869,51,2025-03-04 15:08:43.001621,242,1.037,0.0011,"aoml_navis",1027.40759821083
"7901009",63,0.00296912753077812,1,0.026166,1,0.003738,1,146.651416679222,1,4.86652435163681,244,1,17.9650001525879,36.4080009460449,0.0261659994721413,0.0130829997360706,141.416198730469,-86.385,25.7311,33.7767981627745,63,63,63,63,61,63,0.003738,8047,1.25895569026649,26,-86,0.001869,51,2025-03-04 15:08:43.001621,244,1.037,0.0011,"aoml_navis",1027.42730513992
"7901009",63,0.00593825506155625,1,0.029904,1,0.007476,1,146.092872832606,1,4.86645354184959,246,1,17.9190006256104,36.4010009765625,0.0299040004611015,0.0168210007250309,140.877593994141,-86.385,25.7311,33.7767981627745,63,63,63,63,61,63,0.007476,8047,1.25895569026649,26,-86,0.001869,51,2025-03-04 15:08:43.001621,246,1.037,0.0011,"aoml_navis",1027.44225481698
"7901009",63,0.00296912753077812,1,0.026166,1,0.003738,1,145.692280843799,1,4.86637133597916,248,1,17.8419990539551,36.3870010375977,0.0261659994721413,0.0130829997360706,140.491302490234,-86.385,25.7311,33.7767981627745,63,63,63,63,61,63,0.003738,8047,1.25895569026649,26,-86,0.001869,51,2025-03-04 15:08:43.001621,248,1.037,0.0011,"aoml_navis",1027.4596110315
"7901009",63,0.00148456376538906,1,0.024297,1,0.001869,1,145.100760472271,1,4.86629146927642,250,1,17.7789993286133,36.3769989013672,0.0242970008403063,0.0112140001729131,139.9208984375,-86.385,25.7311,33.7767981627745,63,63,63,63,61,63,0.001869,8047,1.25895569026649,26,-86,0.001869,51,2025-03-04 15:08:43.001621,250,1.037,0.0011,"aoml_navis",1027.47647393662
"7901009",63,0,1,0.022428,1,0,1,144.594592968007,1,4.86619913493078,252,1,17.6900005340576,36.3619995117188,0.0224280003458261,0.00934499967843294,139.432800292969,-86.385,25.7311,33.7767981627745,63,63,63,63,61,63,0,8047,1.25895569026649,26,-86,0.001869,51,2025-03-04 15:08:43.001621,252,1.037,0.0011,"aoml_navis",1027.49596992625
"7901009",63,0.00296912753077812,1,0.026166,1,0.003738,1,143.849282363456,1,4.8661326088197,254,1,17.6380004882812,36.3520011901855,0.0261659994721413,0.0130829997360706,138.714096069336,-86.385,25.7311,33.7767981627745,63,63,63,63,61,63,0.003738,8047,1.25895569026649,26,-86,0.001869,51,2025-03-04 15:08:43.001621,254,1.037,0.0011,"aoml_navis",1027.51001707961
"7901009",63,0,1,0.022428,1,0,1,143.237855817101,1,4.86599908492421,256,1,17.4950008392334,36.3310012817383,0.0224280003458261,0.00934499967843294,138.124496459961,-86.385,25.7311,33.7767981627745,63,63,63,63,61,63,0,8047,1.25895569026649,26,-86,0.001869,51,2025-03-04 15:08:43.001621,256,1.037,0.0011,"aoml_navis",1027.53821214043
"7901009",63,0.00148456376538906,1,0.024297,1,0.001869,1,142.411971093139,1,4.86590438805162,258,1,17.3999996185303,36.314998626709,0.0242970008403063,0.0112140001729131,137.328094482422,-86.385,25.7311,33.7767981627745,63,63,63,63,61,63,0.001869,8047,1.25895569026649,26,-86,0.001869,51,2025-03-04 15:08:43.001621,258,1.037,0.0011,"aoml_navis",1027.55820937988
"7901009",63,-0.00148456376538906,1,0.020559,1,-0.001869,1,141.9152503189,1,4.865744013229,260,1,17.2140007019043,36.2879981994629,0.020558999851346,0.00747600011527538,136.849105834961,-86.385,25.7311,33.7767981627745,63,63,63,63,61,63,-0.001869,8047,1.25895569026649,26,-86,0.001869,51,2025-03-04 15:08:43.001621,260,1.037,0.0011,"aoml_navis",1027.59207767733
"7901009",63,-0.00148456376538906,1,0.020559,1,-0.001869,1,141.108654646698,1,4.86564274937408,262,1,17.1030006408691,36.2690010070801,0.020558999851346,0.00747600011527538,136.071304321289,-86.385,25.7311,33.7767981627745,63,63,63,63,61,63,-0.001869,8047,1.25895569026649,26,-86,0.001869,51,2025-03-04 15:08:43.001621,262,1.037,0.0011,"aoml_navis",1027.61346394435
"7901009",63,-0.00148456376538906,1,0.020559,1,-0.001869,1,140.834145647574,1,4.86550537810453,264,1,16.9349994659424,36.242000579834,0.020558999851346,0.00747600011527538,135.806594848633,-86.385,25.7311,33.7767981627745,63,63,63,63,61,63,-0.001869,8047,1.25895569026649,26,-86,0.001869,51,2025-03-04 15:08:43.001621,264,1.037,0.0011,"aoml_navis",1027.64247728524
"7901009",63,0,1,0.022428,1,0,1,140.795061186666,1,4.86542911779719,266,1,16.8509998321533,36.2249984741211,0.0224280003458261,0.00934499967843294,135.768905639648,-86.385,25.7311,33.7767981627745,63,63,63,63,61,63,0,8047,1.25895569026649,26,-86,0.001869,51,2025-03-04 15:08:43.001621,266,1.037,0.0011,"aoml_navis",1027.65858446289
"7901009",63,-0.00148456376538906,1,0.020559,1,-0.001869,1,140.374752907052,1,4.8653880262237,268,1,16.8449993133545,36.2229995727539,0.020558999851346,0.00747600011527538,135.36360168457,-86.385,25.7311,33.7767981627745,63,63,63,63,61,63,-0.001869,8047,1.25895569026649,26,-86,0.001869,51,2025-03-04 15:08:43.001621,268,1.037,0.0011,"aoml_navis",1027.66726375178
"7901009",63,0,1,0.022428,1,0,1,139.680979990428,1,4.86534349781969,270,1,16.8360004425049,36.2210006713867,0.0224280003458261,0.00934499967843294,134.694595336914,-86.385,25.7311,33.7767981627745,63,63,63,63,61,63,0,8047,1.25895569026649,26,-86,0.001869,51,2025-03-04 15:08:43.001621,270,1.037,0.0011,"aoml_navis",1027.6766691274
"7901009",63,-0.00148456376538906,1,0.020559,1,-0.001869,1,138.746734785373,1,4.86524274351415,272,1,16.7430000305176,36.2080001831055,0.020558999851346,0.00747600011527538,133.793701171875,-86.385,25.7311,33.7767981627745,63,63,63,63,61,63,-0.001869,8047,1.25895569026649,26,-86,0.001869,51,2025-03-04 15:08:43.001621,272,1.037,0.0011,"aoml_navis",1027.69795128218
"7901009",63,0.00148456376538906,1,0.024297,1,0.001869,1,137.82108183225,1,4.86509493577917,274,1,16.5860004425049,36.1879997253418,0.0242970008403063,0.0112140001729131,132.901092529297,-86.385,25.7311,33.7767981627745,63,63,63,63,61,63,0.001869,8047,1.25895569026649,26,-86,0.001869,51,2025-03-04 15:08:43.001621,274,1.037,0.0011,"aoml_navis",1027.72917404524
"7901009",63,0.00296912753077812,1,0.026166,1,0.003738,1,137.681089838058,1,4.86498755735367,276,1,16.4060001373291,36.1500015258789,0.0261659994721413,0.0130829997360706,132.766098022461,-86.385,25.7311,33.7767981627745,63,63,63,63,61,63,0.003738,8047,1.25895569026649,26,-86,0.001869,51,2025-03-04 15:08:43.001621,276,1.037,0.0011,"aoml_navis",1027.75185774982
"7901009",63,-0.00148456376538906,1,0.020559,1,-0.001869,1,137.121106037619,1,4.86492972840427,278,1,16.3689994812012,36.1430015563965,0.020558999851346,0.00747600011527538,132.226104736328,-86.385,25.7311,33.7767981627745,63,63,63,63,61,63,-0.001869,8047,1.25895569026649,26,-86,0.001869,51,2025-03-04 15:08:43.001621,278,1.037,0.0011,"aoml_navis",1027.7640745368
"7901009",63,0.00148456376538906,1,0.024297,1,0.001869,1,136.685243091984,1,4.86483811245506,280,1,16.2889995574951,36.1319999694824,0.0242970008403063,0.0112140001729131,131.805801391602,-86.385,25.7311,33.7767981627745,63,63,63,63,61,63,0.001869,8047,1.25895569026649,26,-86,0.001869,51,2025-03-04 15:08:43.001621,280,1.037,0.0011,"aoml_navis",1027.78342966828
"7901009",63,0.00148456376538906,1,0.024297,1,0.001869,1,136.452429459052,1,4.86473578844354,282,1,16.1830005645752,36.1160011291504,0.0242970008403063,0.0112140001729131,131.581298828125,-86.385,25.7311,33.7767981627745,63,63,63,63,61,63,0.001869,8047,1.25895569026649,26,-86,0.001869,51,2025-03-04 15:08:43.001621,282,1.037,0.0011,"aoml_navis",1027.80504788724
"7901009",63,-0.00148456376538906,1,0.020559,1,-0.001869,1,136.057217517495,1,4.86464423123457,284,1,16.0960006713867,36.1030006408691,0.020558999851346,0.00747600011527538,131.2001953125,-86.385,25.7311,33.7767981627745,63,63,63,63,61,63,-0.001869,8047,1.25895569026649,26,-86,0.001869,51,2025-03-04 15:08:43.001621,284,1.037,0.0011,"aoml_navis",1027.8243921511
"7901009",63,0,1,0.01869,1,-0.003738,1,135.757628003982,1,4.86455559167407,286,1,15.9949998855591,36.0849990844727,0.0186899993568659,0,130.91130065918,-86.385,25.7311,33.7767981627745,63,63,63,63,61,63,0,8047,1.25895569026649,26,-86,0.001869,51,2025-03-04 15:08:43.001621,286,1.037,0.0011,"aoml_navis",1027.8431206661
"7901009",63,0,1,0.01869,1,-0.003738,1,135.451598257438,1,4.86445299570325,288,1,15.9040002822876,36.0740013122559,0.0186899993568659,0,130.616195678711,-86.385,25.7311,33.7767981627745,63,63,63,63,61,63,0,8047,1.25895569026649,26,-86,0.001869,51,2025-03-04 15:08:43.001621,288,1.037,0.0011,"aoml_navis",1027.86479886155
"7901009",63,0,1,0.016821,1,-0.005607,1,135.108667716221,1,4.86439734715333,290,1,15.8420000076294,36.0589981079102,0.0168210007250309,0,130.285507202148,-86.385,25.7311,33.7767981627745,63,63,63,63,61,63,0,8047,1.25895569026649,26,-86,0.001869,51,2025-03-04 15:08:43.001621,290,1.037,0.0011,"aoml_navis",1027.87655760194
"7901009",63,0,1,0.020559,1,-0.001869,1,134.616488334808,1,4.86433261716075,292,1,15.7980003356934,36.0519981384277,0.020558999851346,0,129.810897827148,-86.385,25.7311,33.7767981627745,63,63,63,63,61,63,0,8047,1.25895569026649,26,-86,0.001869,51,2025-03-04 15:08:43.001621,292,1.037,0.0011,"aoml_navis",1027.89023562259
"7901009",63,0,1,0.01869,1,-0.003738,1,134.242954818937,1,4.86425099709156,294,1,15.7320003509521,36.0429992675781,0.0186899993568659,0,129.450698852539,-86.385,25.7311,33.7767981627745,63,63,63,63,61,63,0,8047,1.25895569026649,26,-86,0.001869,51,2025-03-04 15:08:43.001621,294,1.037,0.0011,"aoml_navis",1027.90748318489
"7901009",63,0,1,0.022428,1,0,1,133.237360693139,1,4.86422309090238,296,1,15.7180004119873,36.0349998474121,0.0224280003458261,0,128.481002807617,-86.385,25.7311,33.7767981627745,63,63,63,63,61,63,0,8047,1.25895569026649,26,-86,0.001869,51,2025-03-04 15:08:43.001621,296,1.037,0.0011,"aoml_navis",1027.91338031999
"7901009",63,0,1,0.022428,1,0,1,131.669591188832,1,4.86408988518082,298,1,15.6280002593994,36.0330009460449,0.0224280003458261,0,126.969200134277,-86.385,25.7311,33.7767981627745,63,63,63,63,61,63,0,8047,1.25895569026649,26,-86,0.001869,51,2025-03-04 15:08:43.001621,298,1.037,0.0011,"aoml_navis",1027.9415302816
"7901009",63,0,1,0.022428,1,0,1,130.991380850063,1,4.86395742178997,300,1,15.4350004196167,36,0.0224280003458261,0,126.315200805664,-86.385,25.7311,33.7767981627745,63,63,63,63,61,63,0,8047,1.25895569026649,26,-86,0.001869,51,2025-03-04 15:08:43.001621,300,1.037,0.0011,"aoml_navis",1027.96952489768
"7901009",63,0,1,0.024297,1,0.001869,1,131.078078729138,1,4.86392289026609,302,1,15.3879995346069,35.984001159668,0.0242970008403063,0,126.398803710938,-86.385,25.7311,33.7767981627745,63,63,63,63,61,63,0,8047,1.25895569026649,26,-86,0.001869,51,2025-03-04 15:08:43.001621,302,1.037,0.0011,"aoml_navis",1027.97682298916
"7901009",63,0,1,0.024297,1,0.001869,1,131.220246477734,1,4.86388094764454,304,1,15.3809995651245,35.9819984436035,0.0242970008403063,0,126.53589630127,-86.385,25.7311,33.7767981627745,63,63,63,63,61,63,0,8047,1.25895569026649,26,-86,0.001869,51,2025-03-04 15:08:43.001621,304,1.037,0.0011,"aoml_navis",1027.98568752415
"7901009",63,0,1,0.024297,1,0.001869,1,131.434704655341,1,4.86383611358906,306,1,15.3680000305176,35.9790000915527,0.0242970008403063,0,126.742698669434,-86.385,25.7311,33.7767981627745,63,63,63,63,61,63,0,8047,1.25895569026649,26,-86,0.001869,51,2025-03-04 15:08:43.001621,306,1.037,0.0011,"aoml_navis",1027.99516333014
"7901009",63,0,1,0.01869,1,-0.003738,1,131.560811380527,1,4.86377119887943,308,1,15.3129997253418,35.9690017700195,0.0186899993568659,0,126.864303588867,-86.385,25.7311,33.7767981627745,63,63,63,63,61,63,0,8047,1.25895569026649,26,-86,0.001869,51,2025-03-04 15:08:43.001621,308,1.037,0.0011,"aoml_navis",1028.00888354945
"7901009",63,0,1,0.022428,1,0,1,131.566824374512,1,4.86368746490791,310,1,15.2270002365112,35.9550018310547,0.0224280003458261,0,126.870101928711,-86.385,25.7311,33.7767981627745,63,63,63,63,61,63,0,8047,1.25895569026649,26,-86,0.001869,51,2025-03-04 15:08:43.001621,310,1.037,0.0011,"aoml_navis",1028.02658190428
"7901009",63,0,1,0.016821,1,-0.005607,1,131.007141223773,1,4.86364498963862,312,1,15.206000328064,35.9490013122559,0.0168210007250309,0,126.33039855957,-86.385,25.7311,33.7767981627745,63,63,63,63,61,63,0,8047,1.25895569026649,26,-86,0.001869,51,2025-03-04 15:08:43.001621,312,1.037,0.0011,"aoml_navis",1028.03555988397
"7901009",63,0,1,0.022428,1,0,1,130.245864537823,1,4.86354096844266,314,1,15.0939998626709,35.9329986572266,0.0224280003458261,0,125.596298217773,-86.385,25.7311,33.7767981627745,63,63,63,63,61,63,0,8047,1.25895569026649,26,-86,0.001869,51,2025-03-04 15:08:43.001621,314,1.037,0.0011,"aoml_navis",1028.05754746239
"7901009",63,0,1,0.01869,1,-0.003738,1,129.734926197541,1,4.86342636956822,316,1,14.9580001831055,35.9129981994629,0.0186899993568659,0,125.10359954834,-86.385,25.7311,33.7767981627745,63,63,63,63,61,63,0,8047,1.25895569026649,26,-86,0.001869,51,2025-03-04 15:08:43.001621,316,1.037,0.0011,"aoml_navis",1028.08177199646
"7901009",63,0,1,0.022428,1,0,1,129.346977319772,1,4.86336921999281,318,1,14.9060001373291,35.9020004272461,0.0224280003458261,0,124.729499816895,-86.385,25.7311,33.7767981627745,63,63,63,63,61,63,0,8047,1.25895569026649,26,-86,0.001869,51,2025-03-04 15:08:43.001621,318,1.037,0.0011,"aoml_navis",1028.09385301151
"7901009",63,0,1,0.020559,1,-0.001869,1,128.991071370481,1,4.86328498329205,320,1,14.8249998092651,35.8899993896484,0.020558999851346,0,124.386299133301,-86.385,25.7311,33.7767981627745,63,63,63,63,61,63,0,8047,1.25895569026649,26,-86,0.001869,51,2025-03-04 15:08:43.001621,320,1.037,0.0011,"aoml_navis",1028.11166057051
"7901009",63,0,1,0.016821,1,-0.005607,1,128.575431073041,1,4.86321420035829,322,1,14.7530002593994,35.8769989013672,0.0168210007250309,0,123.985496520996,-86.385,25.7311,33.7767981627745,63,63,63,63,61,63,0,8047,1.25895569026649,26,-86,0.001869,51,2025-03-04 15:08:43.001621,322,1.037,0.0011,"aoml_navis",1028.12662449284
"7901009",63,0,1,0.01869,1,-0.003738,1,127.79393965073,1,4.86314257622644,324,1,14.6800003051758,35.8639984130859,0.0186899993568659,0,123.231903076172,-86.385,25.7311,33.7767981627745,63,63,63,63,61,63,0,8047,1.25895569026649,26,-86,0.001869,51,2025-03-04 15:08:43.001621,324,1.037,0.0011,"aoml_navis",1028.14176669271
"7901009",63,0,1,0.022428,1,0,1,127.081922044459,1,4.8630415101599,326,1,14.5649995803833,35.8470001220703,0.0224280003458261,0,122.545303344727,-86.385,25.7311,33.7767981627745,63,63,63,63,61,63,0,8047,1.25895569026649,26,-86,0.001869,51,2025-03-04 15:08:43.001621,326,1.037,0.0011,"aoml_navis",1028.16313402918
"7901009",63,0,1,0.026166,1,0.003738,1,126.904071923658,1,4.86296682192484,328,1,14.4919996261597,35.8349990844727,0.0261659994721413,0,122.373802185059,-86.385,25.7311,33.7767981627745,63,63,63,63,61,63,0,8047,1.25895569026649,26,-86,0.001869,51,2025-03-04 15:08:43.001621,328,1.037,0.0011,"aoml_navis",1028.1789251486
"7901009",63,0,1,0.020559,1,-0.001869,1,126.8221448806,1,4.86291814023516,330,1,14.4680004119873,35.8300018310547,0.020558999851346,0,122.294799804688,-86.385,25.7311,33.7767981627745,63,63,63,63,61,63,0,8047,1.25895569026649,26,-86,0.001869,51,2025-03-04 15:08:43.001621,330,1.037,0.0011,"aoml_navis",1028.18921803981
"7901009",63,0,1,0.022428,1,0,1,127.18261595822,1,4.86283065873176,332,1,14.3719997406006,35.814998626709,0.0224280003458261,0,122.642402648926,-86.385,25.7311,33.7767981627745,63,63,63,63,61,63,0,8047,1.25895569026649,26,-86,0.001869,51,2025-03-04 15:08:43.001621,332,1.037,0.0011,"aoml_navis",1028.20771499043
"7901009",63,0,1,0.020559,1,-0.001869,1,127.222333365863,1,4.86273472375842,334,1,14.2639999389648,35.798999786377,0.020558999851346,0,122.680702209473,-86.385,25.7311,33.7767981627745,63,63,63,63,61,63,0,8047,1.25895569026649,26,-86,0.001869,51,2025-03-04 15:08:43.001621,334,1.037,0.0011,"aoml_navis",1028.22800009446
"7901009",63,0,1,0.022428,1,0,1,127.04593111072,1,4.8626759068114,336,1,14.2229995727539,35.7919998168945,0.0224280003458261,0,122.510597229004,-86.385,25.7311,33.7767981627745,63,63,63,63,61,63,0,8047,1.25895569026649,26,-86,0.001869,51,2025-03-04 15:08:43.001621,336,1.037,0.0011,"aoml_navis",1028.24043712151
"7901009",63,0,1,0.01869,1,-0.003738,1,126.805031583243,1,4.8626295209625,338,1,14.2080001831055,35.7890014648438,0.0186899993568659,0,122.278297424316,-86.385,25.7311,33.7767981627745,63,63,63,63,61,63,0,8047,1.25895569026649,26,-86,0.001869,51,2025-03-04 15:08:43.001621,338,1.037,0.0011,"aoml_navis",1028.25024576627
"7901009",63,0,1,0.020559,1,-0.001869,1,126.558221915625,1,4.862579513018,340,1,14.1929998397827,35.7869987487793,0.020558999851346,0,122.040298461914,-86.385,25.7311,33.7767981627745,63,63,63,63,61,63,0,8047,1.25895569026649,26,-86,0.001869,51,2025-03-04 15:08:43.001621,340,1.037,0.0011,"aoml_navis",1028.26082054064
"7901009",63,0,1,0.01869,1,-0.003738,1,126.234881075868,1,4.86253832339891,342,1,14.1829996109009,35.7840003967285,0.0186899993568659,0,121.728500366211,-86.385,25.7311,33.7767981627745,63,63,63,63,61,63,0,8047,1.25895569026649,26,-86,0.001869,51,2025-03-04 15:08:43.001621,342,1.037,0.0011,"aoml_navis",1028.26953073863
"7901009",63,0,1,0.01869,1,-0.003738,1,125.970024514458,1,4.86248629668656,344,1,14.1590003967285,35.7799987792969,0.0186899993568659,0,121.473098754883,-86.385,25.7311,33.7767981627745,63,63,63,63,61,63,0,8047,1.25895569026649,26,-86,0.001869,51,2025-03-04 15:08:43.001621,344,1.037,0.0011,"aoml_navis",1028.28053282271
"7901009",63,0,1,0.01869,1,-0.003738,1,125.906872253938,1,4.86241336638498,346,1,14.0830001831055,35.7669982910156,0.0186899993568659,0,121.412200927734,-86.385,25.7311,33.7767981627745,63,63,63,63,61,63,0,8047,1.25895569026649,26,-86,0.001869,51,2025-03-04 15:08:43.001621,346,1.037,0.0011,"aoml_navis",1028.29595578323
"7901009",63,0,1,0.022428,1,0,1,125.868602711951,1,4.86233843923423,348,1,14.0190000534058,35.757999420166,0.0224280003458261,0,121.375297546387,-86.385,25.7311,33.7767981627745,63,63,63,63,61,63,0,8047,1.25895569026649,26,-86,0.001869,51,2025-03-04 15:08:43.001621,348,1.037,0.0011,"aoml_navis",1028.31180150994
"7901009",63,0,1,0.016821,1,-0.005607,1,125.735035127122,1,4.86228824106751,350,1,13.9860000610352,35.7509994506836,0.0168210007250309,0,121.24649810791,-86.385,25.7311,33.7767981627745,63,63,63,63,61,63,0,8047,1.25895569026649,26,-86,0.001869,51,2025-03-04 15:08:43.001621,350,1.037,0.0011,"aoml_navis",1028.32241778045
"7901009",63,0,1,0.014952,1,-0.007476,1,125.442289350186,1,4.8622344412484,352,1,13.9530000686646,35.7449989318848,0.0149520002305508,0,120.964202880859,-86.385,25.7311,33.7767981627745,63,63,63,63,61,63,0,8047,1.25895569026649,26,-86,0.001869,51,2025-03-04 15:08:43.001621,352,1.037,0.0011,"aoml_navis",1028.33379599776
"7901009",63,0,1,0.01869,1,-0.003738,1,124.861869282029,1,4.86218535301761,354,1,13.9209995269775,35.7379989624023,0.0186899993568659,0,120.404502868652,-86.385,25.7311,33.7767981627745,63,63,63,63,61,63,0,8047,1.25895569026649,26,-86,0.001869,51,2025-03-04 15:08:43.001621,354,1.037,0.0011,"aoml_navis",1028.34417797274
"7901009",63,0,1,0.020559,1,-0.001869,1,124.876696059305,1,4.86205451249752,356,1,13.7410001754761,35.7120018005371,0.020558999851346,0,120.418800354004,-86.385,25.7311,33.7767981627745,63,63,63,63,61,63,0,8047,1.25895569026649,26,-86,0.001869,51,2025-03-04 15:08:43.001621,356,1.037,0.0011,"aoml_navis",1028.3718512715
"7901009",63,0,1,0.01869,1,-0.003738,1,125.00746285483,1,4.86195921705633,358,1,13.6199998855591,35.693000793457,0.0186899993568659,0,120.544898986816,-86.385,25.7311,33.7767981627745,63,63,63,63,61,63,0,8047,1.25895569026649,26,-86,0.001869,51,2025-03-04 15:08:43.001621,358,1.037,0.0011,"aoml_navis",1028.39200757987
"7901009",63,0,1,0.024297,1,0.001869,1,124.721869376003,1,4.861911758987,360,1,13.6000003814697,35.6889991760254,0.0242970008403063,0,120.269500732422,-86.385,25.7311,33.7767981627745,63,63,63,63,61,63,0,8047,1.25895569026649,26,-86,0.001869,51,2025-03-04 15:08:43.001621,360,1.037,0.0011,"aoml_navis",1028.40204591491
"7901009",63,0,1,0.022428,1,0,1,124.434092230939,1,4.86187076364226,362,1,13.5900001525879,35.6860008239746,0.0224280003458261,0,119.991996765137,-86.385,25.7311,33.7767981627745,63,63,63,63,61,63,0,8047,1.25895569026649,26,-86,0.001869,51,2025-03-04 15:08:43.001621,362,1.037,0.0011,"aoml_navis",1028.41071741164
"7901009",63,0,1,0.022428,1,0,1,124.044901195202,1,4.86182960961507,364,1,13.5690002441406,35.6800003051758,0.0224280003458261,0,119.61669921875,-86.385,25.7311,33.7767981627745,63,63,63,63,61,63,0,8047,1.25895569026649,26,-86,0.001869,51,2025-03-04 15:08:43.001621,364,1.037,0.0011,"aoml_navis",1028.41942262059
"7901009",63,0,1,0.022428,1,0,1,123.760652728187,1,4.86177266153313,366,1,13.5069999694824,35.6669998168945,0.0224280003458261,0,119.342597961426,-86.385,25.7311,33.7767981627745,63,63,63,63,61,63,0,8047,1.25895569026649,26,-86,0.001869,51,2025-03-04 15:08:43.001621,366,1.037,0.0011,"aoml_navis",1028.4314689497
"7901009",63,0,1,0.022428,1,0,1,123.714091583968,1,4.86167575923024,368,1,13.3649997711182,35.6430015563965,0.0224280003458261,0,119.297698974609,-86.385,25.7311,33.7767981627745,63,63,63,63,61,63,0,8047,1.25895569026649,26,-86,0.001869,51,2025-03-04 15:08:43.001621,368,1.037,0.0011,"aoml_navis",1028.45196751493
"7901009",63,0,1,0.022428,1,0,1,123.476404261173,1,4.86161813854454,370,1,13.331000328064,35.6380004882812,0.0224280003458261,0,119.068496704102,-86.385,25.7311,33.7767981627745,63,63,63,63,61,63,0,8047,1.25895569026649,26,-86,0.001869,51,2025-03-04 15:08:43.001621,370,1.037,0.0011,"aoml_navis",1028.46415689425
"7901009",63,0,1,0.022428,1,0,1,123.373431739165,1,4.86155157650124,372,1,13.2880001068115,35.632999420166,0.0224280003458261,0,118.969200134277,-86.385,25.7311,33.7767981627745,63,63,63,63,61,63,0,8047,1.25895569026649,26,-86,0.001869,51,2025-03-04 15:08:43.001621,372,1.037,0.0011,"aoml_navis",1028.4782381345
"7901009",63,0,1,0.01869,1,-0.003738,1,123.270348451478,1,4.86149438365895,374,1,13.2580003738403,35.6290016174316,0.0186899993568659,0,118.86979675293,-86.385,25.7311,33.7767981627745,63,63,63,63,61,63,0,8047,1.25895569026649,26,-86,0.001869,51,2025-03-04 15:08:43.001621,374,1.037,0.0011,"aoml_navis",1028.49033762265
"7901009",63,0,1,0.020559,1,-0.001869,1,123.026339573163,1,4.86145317744762,376,1,13.2440004348755,35.625,0.020558999851346,0,118.634498596191,-86.385,25.7311,33.7767981627745,63,63,63,63,61,63,0,8047,1.25895569026649,26,-86,0.001869,51,2025-03-04 15:08:43.001621,376,1.037,0.0011,"aoml_navis",1028.49905521977
"7901009",63,0,1,0.022428,1,0,1,122.665251372477,1,4.86140467287313,378,1,13.2189998626709,35.6199989318848,0.0224280003458261,0,118.28630065918,-86.385,25.7311,33.7767981627745,63,63,63,63,61,63,0,8047,1.25895569026649,26,-86,0.001869,51,2025-03-04 15:08:43.001621,378,1.037,0.0011,"aoml_navis",1028.50931704991
"7901009",63,0,1,0.022428,1,0,1,122.330810229348,1,4.86134401848288,380,1,13.1450004577637,35.6049995422363,0.0224280003458261,0,117.963798522949,-86.385,25.7311,33.7767981627745,63,63,63,63,61,63,0,8047,1.25895569026649,26,-86,0.001869,51,2025-03-04 15:08:43.001621,380,1.037,0.0011,"aoml_navis",1028.52214963392
"7901009",63,0,1,0.024297,1,0.001869,1,122.481593965379,1,4.86120484625339,382,1,12.9429998397827,35.5769996643066,0.0242970008403063,0,118.109199523926,-86.385,25.7311,33.7767981627745,63,63,63,63,61,63,0,8047,1.25895569026649,26,-86,0.001869,51,2025-03-04 15:08:43.001621,382,1.037,0.0011,"aoml_navis",1028.55159536294
"7901009",63,0,1,0.022428,1,0,1,122.509593946584,1,4.86111003937467,384,1,12.8219995498657,35.5589981079102,0.0224280003458261,0,118.136199951172,-86.385,25.7311,33.7767981627745,63,63,63,63,61,63,0,8047,1.25895569026649,26,-86,0.001869,51,2025-03-04 15:08:43.001621,384,1.037,0.0011,"aoml_navis",1028.57165534216
"7901009",63,0,1,0.022428,1,0,1,122.28932848268,1,4.86103679501116,386,1,12.7600002288818,35.5509986877441,0.0224280003458261,0,117.923797607422,-86.385,25.7311,33.7767981627745,63,63,63,63,61,63,0,8047,1.25895569026649,26,-86,0.001869,51,2025-03-04 15:08:43.001621,386,1.037,0.0011,"aoml_navis",1028.58715349192
"7901009",63,0,1,0.01869,1,-0.003738,1,121.983203794125,1,4.86098560532334,388,1,12.7279996871948,35.5449981689453,0.0186899993568659,0,117.628601074219,-86.385,25.7311,33.7767981627745,63,63,63,63,61,63,0,8047,1.25895569026649,26,-86,0.001869,51,2025-03-04 15:08:43.001621,388,1.037,0.0011,"aoml_navis",1028.59798525723
"7901009",63,0,1,0.026166,1,0.003738,1,122.025199810016,1,4.86091990671375,390,1,12.6660003662109,35.5349998474121,0.0261659994721413,0,117.669097900391,-86.385,25.7311,33.7767981627745,63,63,63,63,61,63,0,8047,1.25895569026649,26,-86,0.001869,51,2025-03-04 15:08:43.001621,390,1.037,0.0011,"aoml_navis",1028.61188745245
"7901009",63,0,1,0.028035,1,0.005607,1,122.496523596499,1,4.86081759553256,392,1,12.5659999847412,35.5250015258789,0.0280349999666214,0,118.123596191406,-86.385,25.7311,33.7767981627745,63,63,63,63,61,63,0,8047,1.25895569026649,26,-86,0.001869,51,2025-03-04 15:08:43.001621,392,1.037,0.0011,"aoml_navis",1028.63353782198
"7901009",63,0,1,0.01869,1,-0.003738,1,122.381002905462,1,4.86075942868713,394,1,12.5530004501343,35.5260009765625,0.0186899993568659,0,118.012199401855,-86.385,25.7311,33.7767981627745,63,63,63,63,61,63,0,8047,1.25895569026649,26,-86,0.001869,51,2025-03-04 15:08:43.001621,394,1.037,0.0011,"aoml_navis",1028.64584708535
"7901009",63,0,1,0.022428,1,0,1,121.75848396757,1,4.86072038216443,396,1,12.5559997558594,35.5260009765625,0.0224280003458261,0,117.411903381348,-86.385,25.7311,33.7767981627745,63,63,63,63,61,63,0,8047,1.25895569026649,26,-86,0.001869,51,2025-03-04 15:08:43.001621,396,1.037,0.0011,"aoml_navis",1028.65411027276
"7901009",63,0,1,0.022428,1,0,1,120.867991205597,1,4.86067609149909,398,1,12.5459995269775,35.523998260498,0.0224280003458261,0,116.553199768066,-86.385,25.7311,33.7767981627745,63,63,63,63,61,63,0,8047,1.25895569026649,26,-86,0.001869,51,2025-03-04 15:08:43.001621,398,1.037,0.0011,"aoml_navis",1028.66348340812
"7901009",63,0,1,0.020559,1,-0.001869,1,119.883545412594,1,4.86062633222186,400,1,12.5190000534058,35.5190010070801,0.020558999851346,0,115.603897094727,-86.385,25.7311,33.7767981627745,63,63,63,63,61,63,0,8047,1.25895569026649,26,-86,0.001869,51,2025-03-04 15:08:43.001621,400,1.037,0.0011,"aoml_navis",1028.67401405745
"7901009",63,0,1,0.024297,1,0.001869,1,118.698653300338,1,4.8605781356465,402,1,12.4860000610352,35.5120010375977,0.0242970008403063,0,114.461303710938,-86.385,25.7311,33.7767981627745,63,63,63,63,61,63,0,8047,1.25895569026649,26,-86,0.001869,51,2025-03-04 15:08:43.001621,402,1.037,0.0011,"aoml_navis",1028.68421419481
"7901009",63,0,1,0.024297,1,0.001869,1,117.301676560733,1,4.86052960317942,404,1,12.4449996948242,35.5029983520508,0.0242970008403063,0,113.114196777344,-86.385,25.7311,33.7767981627745,63,63,63,63,61,63,0,8047,1.25895569026649,26,-86,0.001869,51,2025-03-04 15:08:43.001621,404,1.037,0.0011,"aoml_navis",1028.69448562341
"7901009",63,0,1,0.022428,1,0,1,116.888425637218,1,4.86045012863246,406,1,12.3450002670288,35.4869995117188,0.0224280003458261,0,112.715698242188,-86.385,25.7311,33.7767981627745,63,63,63,63,61,63,0,8047,1.25895569026649,26,-86,0.001869,51,2025-03-04 15:08:43.001621,406,1.037,0.0011,"aoml_navis",1028.71130608778
"7901009",63,0,1,0.028035,1,0.005607,1,116.947954277678,1,4.86036776657039,408,1,12.2760000228882,35.4799995422363,0.0280349999666214,0,112.773101806641,-86.385,25.7311,33.7767981627745,63,63,63,63,61,63,0,8047,1.25895569026649,26,-86,0.001869,51,2025-03-04 15:08:43.001621,408,1.037,0.0011,"aoml_navis",1028.72873826339
"7901009",63,0,1,0.024297,1,0.001869,1,117.288091941425,1,4.86028244874532,410,1,12.1960000991821,35.4710006713867,0.0242970008403063,0,113.101097106934,-86.385,25.7311,33.7767981627745,63,63,63,63,61,63,0,8047,1.25895569026649,26,-86,0.001869,51,2025-03-04 15:08:43.001621,410,1.037,0.0011,"aoml_navis",1028.74679665803
"7901009",63,0,1,0.024297,1,0.001869,1,116.860219948324,1,4.86023427394834,412,1,12.1510000228882,35.4609985351562,0.0242970008403063,0,112.688499450684,-86.385,25.7311,33.7767981627745,63,63,63,63,61,63,0,8047,1.25895569026649,26,-86,0.001869,51,2025-03-04 15:08:43.001621,412,1.037,0.0011,"aoml_navis",1028.75699362906
"7901009",63,0,1,0.024297,1,0.001869,1,115.969521478662,1,4.86018075312187,414,1,12.1350002288818,35.4599990844727,0.0242970008403063,0,111.829597473145,-86.385,25.7311,33.7767981627745,63,63,63,63,61,63,0,8047,1.25895569026649,26,-86,0.001869,51,2025-03-04 15:08:43.001621,414,1.037,0.0011,"aoml_navis",1028.7683224103
"7901009",63,0,1,0.022428,1,0,1,116.292553756885,1,4.86011126344164,416,1,12.1059999465942,35.4599990844727,0.0224280003458261,0,112.141098022461,-86.385,25.7311,33.7767981627745,63,63,63,63,61,63,0,8047,1.25895569026649,26,-86,0.001869,51,2025-03-04 15:08:43.001621,416,1.037,0.0011,"aoml_navis",1028.78303169942
"7901009",63,0,1,0.028035,1,0.005607,1,116.394703448137,1,4.86004858008687,418,1,12.0299997329712,35.4459991455078,0.0280349999666214,0,112.239601135254,-86.385,25.7311,33.7767981627745,63,63,63,63,61,63,0,8047,1.25895569026649,26,-86,0.001869,51,2025-03-04 15:08:43.001621,418,1.037,0.0011,"aoml_navis",1028.79630061447
"7901009",63,0,1,0.029904,1,0.007476,1,116.01536264597,1,4.85998984624148,420,1,11.9890003204346,35.439998626709,0.0299040004611015,0,111.873802185059,-86.385,25.7311,33.7767981627745,63,63,63,63,61,63,0,8047,1.25895569026649,26,-86,0.001869,51,2025-03-04 15:08:43.001621,420,1.037,0.0011,"aoml_navis",1028.80873380153
"7901009",63,0,1,0.024297,1,0.001869,1,115.394077954212,1,4.85993201382473,422,1,11.9449996948242,35.4329986572266,0.0242970008403063,0,111.274696350098,-86.385,25.7311,33.7767981627745,63,63,63,63,61,63,0,8047,1.25895569026649,26,-86,0.001869,51,2025-03-04 15:08:43.001621,422,1.037,0.0011,"aoml_navis",1028.82097646157
"7901009",63,0,1,0.024297,1,0.001869,1,114.51189261814,1,4.85986028278388,424,1,11.8900003433228,35.4269981384277,0.0242970008403063,0,110.424003601074,-86.385,25.7311,33.7767981627745,63,63,63,63,61,63,0,8047,1.25895569026649,26,-86,0.001869,51,2025-03-04 15:08:43.001621,424,1.037,0.0011,"aoml_navis",1028.83616175399
"7901009",63,0,1,0.028035,1,0.005607,1,114.134624716531,1,4.85980700715551,426,1,11.8780002593994,35.4269981384277,0.0280349999666214,0,110.060203552246,-86.385,25.7311,33.7767981627745,63,63,63,63,61,63,0,8047,1.25895569026649,26,-86,0.001869,51,2025-03-04 15:08:43.001621,426,1.037,0.0011,"aoml_navis",1028.84744036915
"7901009",63,0,1,0.022428,1,0,1,113.965896940553,1,4.85975140715135,428,1,11.8439998626709,35.4220008850098,0.0224280003458261,0,109.897499084473,-86.385,25.7311,33.7767981627745,63,63,63,63,61,63,0,8047,1.25895569026649,26,-86,0.001869,51,2025-03-04 15:08:43.001621,428,1.037,0.0011,"aoml_navis",1028.85921132556
"7901009",63,0,1,0.024297,1,0.001869,1,113.778505147717,1,4.85969960797232,430,1,11.8140001296997,35.4169998168945,0.0242970008403063,0,109.716796875,-86.385,25.7311,33.7767981627745,63,63,63,63,61,63,0,8047,1.25895569026649,26,-86,0.001869,51,2025-03-04 15:08:43.001621,430,1.037,0.0011,"aoml_navis",1028.87017785987
"7901009",63,0,1,0.026166,1,0.003738,1,113.698239589839,1,4.85961458078622,432,1,11.7130002975464,35.4029998779297,0.0261659994721413,0,109.63939666748,-86.385,25.7311,33.7767981627745,63,63,63,63,61,63,0,8047,1.25895569026649,26,-86,0.001869,51,2025-03-04 15:08:43.001621,432,1.037,0.0011,"aoml_navis",1028.88817968586
"7901009",63,0,1,0.024297,1,0.001869,1,113.541237152134,1,4.85954316392876,434,1,11.6420001983643,35.3930015563965,0.0242970008403063,0,109.487998962402,-86.385,25.7311,33.7767981627745,63,63,63,63,61,63,0,8047,1.25895569026649,26,-86,0.001869,51,2025-03-04 15:08:43.001621,434,1.037,0.0011,"aoml_navis",1028.90330044063
"7901009",63,0,1,0.020559,1,-0.001869,1,113.293802449615,1,4.85949156487047,436,1,11.6079998016357,35.3870010375977,0.020558999851346,0,109.249397277832,-86.385,25.7311,33.7767981627745,63,63,63,63,61,63,0,8047,1.25895569026649,26,-86,0.001869,51,2025-03-04 15:08:43.001621,436,1.037,0.0011,"aoml_navis",1028.9142255427
"7901009",63,0,1,0.022428,1,0,1,113.234590282522,1,4.85943169250853,438,1,11.5649995803833,35.3810005187988,0.0224280003458261,0,109.19229888916,-86.385,25.7311,33.7767981627745,63,63,63,63,61,63,0,8047,1.25895569026649,26,-86,0.001869,51,2025-03-04 15:08:43.001621,438,1.037,0.0011,"aoml_navis",1028.92690264752
"7901009",63,0,1,0.024297,1,0.001869,1,113.25512149225,1,4.85935238143577,440,1,11.4729995727539,35.3680000305176,0.0242970008403063,0,109.212097167969,-86.385,25.7311,33.7767981627745,63,63,63,63,61,63,0,8047,1.25895569026649,26,-86,0.001869,51,2025-03-04 15:08:43.001621,440,1.037,0.0011,"aoml_navis",1028.94369609859
"7901009",63,0,1,0.024297,1,0.001869,1,112.880860087634,1,4.85930102017447,442,1,11.4390001296997,35.3619995117188,0.0242970008403063,0,108.851196289062,-86.385,25.7311,33.7767981627745,63,63,63,63,61,63,0,8047,1.25895569026649,26,-86,0.001869,51,2025-03-04 15:08:43.001621,442,1.037,0.0011,"aoml_navis",1028.95457170515
"7901009",63,0,1,0.022428,1,0,1,112.465536263561,1,4.85923778600633,444,1,11.3999996185303,35.3580017089844,0.0224280003458261,0,108.450698852539,-86.385,25.7311,33.7767981627745,63,63,63,63,61,63,0,8047,1.25895569026649,26,-86,0.001869,51,2025-03-04 15:08:43.001621,444,1.037,0.0011,"aoml_navis",1028.96796168301
"7901009",63,0,1,0.022428,1,0,1,112.246623723304,1,4.85918288200448,446,1,11.3819999694824,35.3569984436035,0.0224280003458261,0,108.239601135254,-86.385,25.7311,33.7767981627745,63,63,63,63,61,63,0,8047,1.25895569026649,26,-86,0.001869,51,2025-03-04 15:08:43.001621,446,1.037,0.0011,"aoml_navis",1028.97958801201
"7901009",63,0,1,0.024297,1,0.001869,1,112.22889330288,1,4.85913071466999,448,1,11.3549995422363,35.3530006408691,0.0242970008403063,0,108.222503662109,-86.385,25.7311,33.7767981627745,63,63,63,63,61,63,0,8047,1.25895569026649,26,-86,0.001869,51,2025-03-04 15:08:43.001621,448,1.037,0.0011,"aoml_navis",1028.99063507485
"7901009",63,0,1,0.028035,1,0.005607,1,112.156405078013,1,4.85908316165268,450,1,11.3330001831055,35.3489990234375,0.0280349999666214,0,108.152603149414,-86.385,25.7311,33.7767981627745,63,63,63,63,61,63,0,8047,1.25895569026649,26,-86,0.001869,51,2025-03-04 15:08:43.001621,450,1.037,0.0011,"aoml_navis",1029.00070520699
"7901009",63,0,1,0.022428,1,0,1,111.970049735456,1,4.85903561853027,452,1,11.3070001602173,35.3440017700195,0.0224280003458261,0,107.972900390625,-86.385,25.7311,33.7767981627745,63,63,63,63,61,63,0,8047,1.25895569026649,26,-86,0.001869,51,2025-03-04 15:08:43.001621,452,1.037,0.0011,"aoml_navis",1029.01077344075
"7901009",63,0,1,0.026166,1,0.003738,1,111.761090282612,1,4.85897718619047,454,1,11.2650003433228,35.3380012512207,0.0261659994721413,0,107.77140045166,-86.385,25.7311,33.7767981627745,63,63,63,63,61,63,0,8047,1.25895569026649,26,-86,0.001869,51,2025-03-04 15:08:43.001621,454,1.037,0.0011,"aoml_navis",1029.0231479601
"7901009",63,0,1,0.024297,1,0.001869,1,111.994837511979,1,4.8588835857889,456,1,11.1599998474121,35.326000213623,0.0242970008403063,0,107.996803283691,-86.385,25.7311,33.7767981627745,63,63,63,63,61,63,0,8047,1.25895569026649,26,-86,0.001869,51,2025-03-04 15:08:43.001621,456,1.037,0.0011,"aoml_navis",1029.04297082232
"7901009",63,0,1,0.026166,1,0.003738,1,112.158786540105,1,4.85882459405259,458,1,11.1090002059937,35.318000793457,0.0261659994721413,0,108.154899597168,-86.385,25.7311,33.7767981627745,63,63,63,63,61,63,0,8047,1.25895569026649,26,-86,0.001869,51,2025-03-04 15:08:43.001621,458,1.037,0.0011,"aoml_navis",1029.05546459121
"7901009",63,0,1,0.026166,1,0.003738,1,112.191660211172,1,4.85877630250853,460,1,11.0900001525879,35.314998626709,0.0261659994721413,0,108.186599731445,-86.385,25.7311,33.7767981627745,63,63,63,63,61,63,0,8047,1.25895569026649,26,-86,0.001869,51,2025-03-04 15:08:43.001621,460,1.037,0.0011,"aoml_navis",1029.06569240872
"7901009",63,0,1,0.026166,1,0.003738,1,112.002717698834,1,4.85873428502643,462,1,11.0819997787476,35.3129997253418,0.0261659994721413,0,108.004402160645,-86.385,25.7311,33.7767981627745,63,63,63,63,61,63,0,8047,1.25895569026649,26,-86,0.001869,51,2025-03-04 15:08:43.001621,462,1.037,0.0011,"aoml_navis",1029.07459158837
"7901009",63,0,1,0.026166,1,0.003738,1,111.698768764682,1,4.85869498063244,464,1,11.0769996643066,35.3110008239746,0.0261659994721413,0,107.711303710938,-86.385,25.7311,33.7767981627745,63,63,63,63,61,63,0,8047,1.25895569026649,26,-86,0.001869,51,2025-03-04 15:08:43.001621,464,1.037,0.0011,"aoml_navis",1029.08291628325
"7901009",63,0,1,0.024297,1,0.001869,1,111.262075076457,1,4.85863795637221,466,1,11.0279998779297,35.3030014038086,0.0242970008403063,0,107.290199279785,-86.385,25.7311,33.7767981627745,63,63,63,63,61,63,0,8047,1.25895569026649,26,-86,0.001869,51,2025-03-04 15:08:43.001621,466,1.037,0.0011,"aoml_navis",1029.09499429617
"7901009",63,0,1,0.024297,1,0.001869,1,110.457038035591,1,4.8585658376166,468,1,10.9580001831055,35.2939987182617,0.0242970008403063,0,106.513900756836,-86.385,25.7311,33.7767981627745,63,63,63,63,61,63,0,8047,1.25895569026649,26,-86,0.001869,51,2025-03-04 15:08:43.001621,468,1.037,0.0011,"aoml_navis",1029.11026980192
"7901009",63,0,1,0.026166,1,0.003738,1,109.478193821196,1,4.85850127033407,470,1,10.9329996109009,35.2939987182617,0.0261659994721413,0,105.569999694824,-86.385,25.7311,33.7767981627745,63,63,63,63,61,63,0,8047,1.25895569026649,26,-86,0.001869,51,2025-03-04 15:08:43.001621,470,1.037,0.0011,"aoml_navis",1029.12394621155
"7901009",63,0,1,0.026166,1,0.003738,1,109.330313728314,1,4.85843949265137,472,1,10.9069995880127,35.2929992675781,0.0261659994721413,0,105.427398681641,-86.385,25.7311,33.7767981627745,63,63,63,63,61,63,0,8047,1.25895569026649,26,-86,0.001869,51,2025-03-04 15:08:43.001621,472,1.037,0.0011,"aoml_navis",1029.13703207846
"7901009",63,0,1,0.028035,1,0.005607,1,109.552754946621,1,4.85837039365764,474,1,10.8400001525879,35.2840003967285,0.0280349999666214,0,105.641899108887,-86.385,25.7311,33.7767981627745,63,63,63,63,61,63,0,8047,1.25895569026649,26,-86,0.001869,51,2025-03-04 15:08:43.001621,474,1.037,0.0011,"aoml_navis",1029.15166915377
"7901009",63,0,1,0.028035,1,0.005607,1,109.684771811948,1,4.85831356492074,476,1,10.8030004501343,35.2789993286133,0.0280349999666214,0,105.769203186035,-86.385,25.7311,33.7767981627745,63,63,63,63,61,63,0,8047,1.25895569026649,26,-86,0.001869,51,2025-03-04 15:08:43.001621,476,1.037,0.0011,"aoml_navis",1029.16370736181
"7901009",63,0,1,0.029904,1,0.007476,1,109.744086832885,1,4.85827250940357,478,1,10.7959995269775,35.2770004272461,0.0299040004611015,0,105.826400756836,-86.385,25.7311,33.7767981627745,63,63,63,63,61,63,0,8047,1.25895569026649,26,-86,0.001869,51,2025-03-04 15:08:43.001621,478,1.037,0.0011,"aoml_navis",1029.1724044549
"7901009",63,0,1,0.028035,1,0.005607,1,109.802887584599,1,4.85822978750129,480,1,10.7829999923706,35.273998260498,0.0280349999666214,0,105.883102416992,-86.385,25.7311,33.7767981627745,63,63,63,63,61,63,0,8047,1.25895569026649,26,-86,0.001869,51,2025-03-04 15:08:43.001621,480,1.037,0.0011,"aoml_navis",1029.1814547067
"7901009",63,0,1,0.028035,1,0.005607,1,110.038913422214,1,4.85814895003919,482,1,10.6899995803833,35.2620010375977,0.0280349999666214,0,106.110702514648,-86.385,25.7311,33.7767981627745,63,63,63,63,61,63,0,8047,1.25895569026649,26,-86,0.001869,51,2025-03-04 15:08:43.001621,482,1.037,0.0011,"aoml_navis",1029.19857983351
"7901009",63,0,1,0.029904,1,0.007476,1,110.178596854873,1,4.85808932328287,484,1,10.6330003738403,35.2529983520508,0.0299040004611015,0,106.245399475098,-86.385,25.7311,33.7767981627745,63,63,63,63,61,63,0,8047,1.25895569026649,26,-86,0.001869,51,2025-03-04 15:08:43.001621,484,1.037,0.0011,"aoml_navis",1029.2112119135
"7901009",63,0,1,0.026166,1,0.003738,1,110.252952272609,1,4.85803632556776,486,1,10.6000003814697,35.2480010986328,0.0261659994721413,0,106.317100524902,-86.385,25.7311,33.7767981627745,63,63,63,63,61,63,0,8047,1.25895569026649,26,-86,0.001869,51,2025-03-04 15:08:43.001621,486,1.037,0.0011,"aoml_navis",1029.22243987454
"7901009",63,0,1,0.024297,1,0.001869,1,110.398031576187,1,4.85799281223813,488,1,10.5860004425049,35.2449989318848,0.0242970008403063,0,106.457000732422,-86.385,25.7311,33.7767981627745,63,63,63,63,61,63,0,8047,1.25895569026649,26,-86,0.001869,51,2025-03-04 15:08:43.001621,488,1.037,0.0011,"aoml_navis",1029.23165868095
"7901009",63,0,1,0.026166,1,0.003738,1,110.578991047825,1,4.85793987511844,490,1,10.5530004501343,35.2400016784668,0.0261659994721413,0,106.631500244141,-86.385,25.7311,33.7767981627745,63,63,63,63,61,63,0,8047,1.25895569026649,26,-86,0.001869,51,2025-03-04 15:08:43.001621,490,1.037,0.0011,"aoml_navis",1029.24287424988
"7901009",63,0,1,0.031773,1,0.009345,1,110.955428206845,1,4.85786013757112,492,1,10.456000328064,35.2270011901855,0.0317730009555817,0,106.994499206543,-86.385,25.7311,33.7767981627745,63,63,63,63,61,63,0,8047,1.25895569026649,26,-86,0.001869,51,2025-03-04 15:08:43.001621,492,1.037,0.0011,"aoml_navis",1029.25976837611
"7901009",63,0,1,0.026166,1,0.003738,1,111.07904270426,1,4.85779949380689,494.100006103516,1,10.4079999923706,35.2200012207031,0.0261659994721413,0,107.113700866699,-86.385,25.7311,33.7767981627745,63,63,63,63,61,63,0,8047,1.25895569026649,26,-86,0.001869,51,2025-03-04 15:08:43.001621,494.100006103516,1.037,0.0011,"aoml_navis",1029.2726174422
"7901009",63,0,1,0.031773,1,0.009345,1,111.061723699214,1,4.85775957374269,496.100006103516,1,10.3979997634888,35.2169990539551,0.0317730009555817,0,107.09700012207,-86.385,25.7311,33.7767981627745,63,63,63,63,61,63,0,8047,1.25895569026649,26,-86,0.001869,51,2025-03-04 15:08:43.001621,496.100006103516,1.037,0.0011,"aoml_navis",1029.28107579184
"7901009",63,0,1,0.028035,1,0.005607,1,111.125192433101,1,4.85771214579913,498,1,10.3769998550415,35.2140007019043,0.0280349999666214,0,107.158203125,-86.385,25.7311,33.7767981627745,63,63,63,63,61,63,0,8047,1.25895569026649,26,-86,0.001869,51,2025-03-04 15:08:43.001621,498,1.037,0.0011,"aoml_navis",1029.29112510792
"7901009",63,0,1,0.028035,1,0.005607,1,111.286134964234,1,4.8576621206287,500,1,10.3470001220703,35.2089996337891,0.0280349999666214,0,107.313400268555,-86.385,25.7311,33.7767981627745,63,63,63,63,61,63,0,8047,1.25895569026649,26,-86,0.001869,51,2025-03-04 15:08:43.001621,500,1.037,0.0011,"aoml_navis",1029.30172495259
"7901009",63,0,1,0.026166,1,0.003738,1,111.500695995686,1,4.85759374488672,502,1,10.2790002822876,35.2000007629395,0.0261659994721413,0,107.520301818848,-86.385,25.7311,33.7767981627745,63,63,63,63,61,63,0,8047,1.25895569026649,26,-86,0.001869,51,2025-03-04 15:08:43.001621,502,1.037,0.0011,"aoml_navis",1029.31621345716
"7901009",63,0,1,0.024297,1,0.001869,1,111.618606060649,1,4.85753663000828,504,1,10.2279996871948,35.1920013427734,0.0242970008403063,0,107.634002685547,-86.385,25.7311,33.7767981627745,63,63,63,63,61,63,0,8047,1.25895569026649,26,-86,0.001869,51,2025-03-04 15:08:43.001621,504,1.037,0.0011,"aoml_navis",1029.32831614931
"7901009",63,0,1,0.024297,1,0.001869,1,111.761193136456,1,4.85748137035141,506,1,10.1789999008179,35.1839981079102,0.0242970008403063,0,107.771499633789,-86.385,25.7311,33.7767981627745,63,63,63,63,61,63,0,8047,1.25895569026649,26,-86,0.001869,51,2025-03-04 15:08:43.001621,506,1.037,0.0011,"aoml_navis",1029.34002598929
"7901009",63,0,1,0.024297,1,0.001869,1,111.978554957212,1,4.85739157163162,508,1,10.0769996643066,35.1730003356934,0.0242970008403063,0,107.981101989746,-86.385,25.7311,33.7767981627745,63,63,63,63,61,63,0,8047,1.25895569026649,26,-86,0.001869,51,2025-03-04 15:08:43.001621,508,1.037,0.0011,"aoml_navis",1029.35905542416
"7901009",63,0,1,0.028035,1,0.005607,1,112.064422093697,1,4.85733295367221,510,1,10.0279998779297,35.1660003662109,0.0280349999666214,0,108.063903808594,-86.385,25.7311,33.7767981627745,63,63,63,63,61,63,0,8047,1.25895569026649,26,-86,0.001869,51,2025-03-04 15:08:43.001621,510,1.037,0.0011,"aoml_navis",1029.37147765832
"7901009",63,0,1,0.029904,1,0.007476,1,112.11046105686,1,4.85728887535322,512,1,10.0129995346069,35.1629981994629,0.0299040004611015,0,108.108299255371,-86.385,25.7311,33.7767981627745,63,63,63,63,61,63,0,8047,1.25895569026649,26,-86,0.001869,51,2025-03-04 15:08:43.001621,512,1.037,0.0011,"aoml_navis",1029.38081887016
"7901009",63,0,1,0.028035,1,0.005607,1,112.162101598631,1,4.85723234600075,514,1,9.96199989318848,35.1549987792969,0.0280349999666214,0,108.158096313477,-86.385,25.7311,33.7767981627745,63,63,63,63,61,63,0,8047,1.25895569026649,26,-86,0.001869,51,2025-03-04 15:08:43.001621,514,1.037,0.0011,"aoml_navis",1029.39279899114
"7901009",63,0,1,0.026166,1,0.003738,1,112.276799458912,1,4.85715431256898,516,1,9.8769998550415,35.1450004577637,0.0261659994721413,0,108.268699645996,-86.385,25.7311,33.7767981627745,63,63,63,63,61,63,0,8047,1.25895569026649,26,-86,0.001869,51,2025-03-04 15:08:43.001621,516,1.037,0.0011,"aoml_navis",1029.40933687476
"7901009",63,0,1,0.031773,1,0.009345,1,112.370649636097,1,4.85709441788115,518,1,9.82600021362305,35.1380004882812,0.0317730009555817,0,108.359199523926,-86.385,25.7311,33.7767981627745,63,63,63,63,61,63,0,8047,1.25895569026649,26,-86,0.001869,51,2025-03-04 15:08:43.001621,518,1.037,0.0011,"aoml_navis",1029.42203091477
"7901009",63,0,1,0.029904,1,0.007476,1,112.364533788267,1,4.85703237454311,520,1,9.7810001373291,35.132999420166,0.0299040004611015,0,108.353302001953,-86.385,25.7311,33.7767981627745,63,63,63,63,61,63,0,8047,1.25895569026649,26,-86,0.001869,51,2025-03-04 15:08:43.001621,520,1.037,0.0011,"aoml_navis",1029.43518066839
"7901009",63,0,1,0.031773,1,0.009345,1,112.292148417244,1,4.85698813545735,522,1,9.77000045776367,35.1310005187988,0.0317730009555817,0,108.283500671387,-86.385,25.7311,33.7767981627745,63,63,63,63,61,63,0,8047,1.25895569026649,26,-86,0.001869,51,2025-03-04 15:08:43.001621,522,1.037,0.0011,"aoml_navis",1029.44455711115
"7901009",63,0,1,0.026166,1,0.003738,1,112.172576867101,1,4.85693967172143,524,1,9.75399971008301,35.1290016174316,0.0261659994721413,0,108.168197631836,-86.385,25.7311,33.7767981627745,63,63,63,63,61,63,0,8047,1.25895569026649,26,-86,0.001869,51,2025-03-04 15:08:43.001621,524,1.037,0.0011,"aoml_navis",1029.45482916156
"7901009",63,0,1,0.024297,1,0.001869,1,111.990683799028,1,4.85689294885928,526,1,9.72700023651123,35.1240005493164,0.0242970008403063,0,107.992797851562,-86.385,25.7311,33.7767981627745,63,63,63,63,61,63,0,8047,1.25895569026649,26,-86,0.001869,51,2025-03-04 15:08:43.001621,526,1.037,0.0011,"aoml_navis",1029.46473242206
"7901009",63,0,1,0.029904,1,0.007476,1,111.857535541412,1,4.85681714898525,528,1,9.64799976348877,35.1150016784668,0.0299040004611015,0,107.864402770996,-86.385,25.7311,33.7767981627745,63,63,63,63,61,63,0,8047,1.25895569026649,26,-86,0.001869,51,2025-03-04 15:08:43.001621,528,1.037,0.0011,"aoml_navis",1029.48079917826
"7901009",63,0,1,0.028035,1,0.005607,1,111.930538035501,1,4.8567290917514,530,1,9.55399990081787,35.1059989929199,0.0280349999666214,0,107.934799194336,-86.385,25.7311,33.7767981627745,63,63,63,63,61,63,0,8047,1.25895569026649,26,-86,0.001869,51,2025-03-04 15:08:43.001621,530,1.037,0.0011,"aoml_navis",1029.49946466891
"7901009",63,0,1,0.026166,1,0.003738,1,111.874957400302,1,4.85667690819261,532,1,9.5290002822876,35.1030006408691,0.0261659994721413,0,107.881202697754,-86.385,25.7311,33.7767981627745,63,63,63,63,61,63,0,8047,1.25895569026649,26,-86,0.001869,51,2025-03-04 15:08:43.001621,532,1.037,0.0011,"aoml_navis",1029.51052633656
"7901009",63,0,1,0.028035,1,0.005607,1,111.821963934885,1,4.85662909212905,534,1,9.51799964904785,35.1020011901855,0.0280349999666214,0,107.830101013184,-86.385,25.7311,33.7767981627745,63,63,63,63,61,63,0,8047,1.25895569026649,26,-86,0.001869,51,2025-03-04 15:08:43.001621,534,1.037,0.0011,"aoml_navis",1029.52066240828
"7901009",63,0,1,0.029904,1,0.007476,1,111.828601963772,1,4.85658112681383,536,1,9.4980001449585,35.0989990234375,0.0299040004611015,0,107.836502075195,-86.385,25.7311,33.7767981627745,63,63,63,63,61,63,0,8047,1.25895569026649,26,-86,0.001869,51,2025-03-04 15:08:43.001621,536,1.037,0.0011,"aoml_navis",1029.53083031895
"7901009",63,0,1,0.033642,1,0.011214,1,111.824661870344,1,4.85652516926947,538,1,9.46399974822998,35.0950012207031,0.0336420014500618,0,107.832702636719,-86.385,25.7311,33.7767981627745,63,63,63,63,61,63,0,8047,1.25895569026649,26,-86,0.001869,51,2025-03-04 15:08:43.001621,538,1.037,0.0011,"aoml_navis",1029.54269271338
"7901009",63,0,1,0.026166,1,0.003738,1,111.664336462278,1,4.85647294464876,540,1,9.43000030517578,35.0900001525879,0.0261659994721413,0,107.678100585938,-86.385,25.7311,33.7767981627745,63,63,63,63,61,63,0,8047,1.25895569026649,26,-86,0.001869,51,2025-03-04 15:08:43.001621,540,1.037,0.0011,"aoml_navis",1029.55376401497
"7901009",63,0,1,0.026166,1,0.003738,1,111.350537294557,1,4.85641626601921,542,1,9.39500045776367,35.0859985351562,0.0261659994721413,0,107.375503540039,-86.385,25.7311,33.7767981627745,63,63,63,63,61,63,0,8047,1.25895569026649,26,-86,0.001869,51,2025-03-04 15:08:43.001621,542,1.037,0.0011,"aoml_navis",1029.56577980876
"7901009",63,0,1,0.028035,1,0.005607,1,111.081527020196,1,4.85634306762683,544,1,9.34000015258789,35.0820007324219,0.0280349999666214,0,107.116096496582,-86.385,25.7311,33.7767981627745,63,63,63,63,61,63,0,8047,1.25895569026649,26,-86,0.001869,51,2025-03-04 15:08:43.001621,544,1.037,0.0011,"aoml_navis",1029.58129818522
"7901009",63,0,1,0.028035,1,0.005607,1,110.983950369107,1,4.85628329139439,546,1,9.3100004196167,35.0800018310547,0.0280349999666214,0,107.022003173828,-86.385,25.7311,33.7767981627745,63,63,63,63,61,63,0,8047,1.25895569026649,26,-86,0.001869,51,2025-03-04 15:08:43.001621,546,1.037,0.0011,"aoml_navis",1029.59397135259
"7901009",63,0,1,0.031773,1,0.009345,1,110.80371087438,1,4.85623684072184,548,1,9.30500030517578,35.0800018310547,0.0317730009555817,0,106.848197937012,-86.385,25.7311,33.7767981627745,63,63,63,63,61,63,0,8047,1.25895569026649,26,-86,0.001869,51,2025-03-04 15:08:43.001621,548,1.037,0.0011,"aoml_navis",1029.60381958158
"7901009",63,0,1,0.031773,1,0.009345,1,110.619539198059,1,4.85618829768827,550,1,9.29300022125244,35.0789985656738,0.0317730009555817,0,106.670600891113,-86.385,25.7311,33.7767981627745,63,63,63,63,61,63,0,8047,1.25895569026649,26,-86,0.001869,51,2025-03-04 15:08:43.001621,550,1.037,0.0011,"aoml_navis",1029.61411162335
"7901009",63,0,1,0.028035,1,0.005607,1,110.453303649852,1,4.85614259211905,552,1,9.27999973297119,35.0769996643066,0.0280349999666214,0,106.510299682617,-86.385,25.7311,33.7767981627745,63,63,63,63,61,63,0,8047,1.25895569026649,26,-86,0.001869,51,2025-03-04 15:08:43.001621,552,1.037,0.0011,"aoml_navis",1029.62380225705
"7901009",63,0,1,0.031773,1,0.009345,1,110.280643692281,1,4.85608827425821,554,1,9.26099967956543,35.076000213623,0.0317730009555817,0,106.343803405762,-86.385,25.7311,33.7767981627745,63,63,63,63,61,63,0,8047,1.25895569026649,26,-86,0.001869,51,2025-03-04 15:08:43.001621,554,1.037,0.0011,"aoml_navis",1029.6353191322
"7901009",63,0,1,0.026166,1,0.003738,1,110.145414622272,1,4.85603644090711,556,1,9.24499988555908,35.0750007629395,0.0261659994721413,0,106.213401794434,-86.385,25.7311,33.7767981627745,63,63,63,63,61,63,0,8047,1.25895569026649,26,-86,0.001869,51,2025-03-04 15:08:43.001621,556,1.037,0.0011,"aoml_navis",1029.64630946344
"7901009",63,0,1,0.028035,1,0.005607,1,109.905029364018,1,4.85599322801923,558,1,9.23499965667725,35.0730018615723,0.0280349999666214,0,105.981597900391,-86.385,25.7311,33.7767981627745,63,63,63,63,61,63,0,8047,1.25895569026649,26,-86,0.001869,51,2025-03-04 15:08:43.001621,558,1.037,0.0011,"aoml_navis",1029.65547215961
"7901009",63,0,1,0.033642,1,0.011214,1,109.664754871442,1,4.8559376361777,560,1,9.20100021362305,35.0690002441406,0.0336420014500618,0,105.749900817871,-86.385,25.7311,33.7767981627745,63,63,63,63,61,63,0,8047,1.25895569026649,26,-86,0.001869,51,2025-03-04 15:08:43.001621,560,1.037,0.0011,"aoml_navis",1029.6672598818
"7901009",63,0,1,0.026166,1,0.003738,1,109.499041504291,1,4.85586035056782,562,1,9.13599967956543,35.0639991760254,0.0261659994721413,0,105.590103149414,-86.385,25.7311,33.7767981627745,63,63,63,63,61,63,0,8047,1.25895569026649,26,-86,0.001869,51,2025-03-04 15:08:43.001621,562,1.037,0.0011,"aoml_navis",1029.68364801004
"7901009",63,0,1,0.028035,1,0.005607,1,109.287795531366,1,4.85580326374687,564,1,9.10900020599365,35.0620002746582,0.0280349999666214,0,105.38639831543,-86.385,25.7311,33.7767981627745,63,63,63,63,61,63,0,8047,1.25895569026649,26,-86,0.001869,51,2025-03-04 15:08:43.001621,564,1.037,0.0011,"aoml_navis",1029.69575339464
"7901009",63,0,1,0.035511,1,0.013083,1,109.076866031809,1,4.85575070203738,566,1,9.09200000762939,35.0610008239746,0.0355109982192516,0,105.182998657227,-86.385,25.7311,33.7767981627745,63,63,63,63,61,63,0,8047,1.25895569026649,26,-86,0.001869,51,2025-03-04 15:08:43.001621,566,1.037,0.0011,"aoml_navis",1029.7068994712
"7901009",63,0,1,0.031773,1,0.009345,1,108.859923538265,1,4.85569938765486,568,1,9.07199954986572,35.0589981079102,0.0317730009555817,0,104.97380065918,-86.385,25.7311,33.7767981627745,63,63,63,63,61,63,0,8047,1.25895569026649,26,-86,0.001869,51,2025-03-04 15:08:43.001621,568,1.037,0.0011,"aoml_navis",1029.71778127617
"7901009",63,0,1,0.031773,1,0.009345,1,108.556283165646,1,4.85565378558915,570,1,9.05900001525879,35.056999206543,0.0317730009555817,0,104.680999755859,-86.385,25.7311,33.7767981627745,63,63,63,63,61,63,0,8047,1.25895569026649,26,-86,0.001869,51,2025-03-04 15:08:43.001621,570,1.037,0.0011,"aoml_navis",1029.72745191168
"7901009",63,0,1,0.024297,1,0.001869,1,108.381130980304,1,4.85557769271211,572,1,8.99499988555908,35.0519981384277,0.0242970008403063,0,104.512100219727,-86.385,25.7311,33.7767981627745,63,63,63,63,61,63,0,8047,1.25895569026649,26,-86,0.001869,51,2025-03-04 15:08:43.001621,572,1.037,0.0011,"aoml_navis",1029.74358900789
"7901009",63,0,1,0.028035,1,0.005607,1,108.406330172206,1,4.85549771526341,574,1,8.92599964141846,35.0470008850098,0.0280349999666214,0,104.536399841309,-86.385,25.7311,33.7767981627745,63,63,63,63,61,63,0,8047,1.25895569026649,26,-86,0.001869,51,2025-03-04 15:08:43.001621,574,1.037,0.0011,"aoml_navis",1029.76055045446
"7901009",63,0,1,0.028035,1,0.005607,1,108.434021591878,1,4.85543447256491,576,1,8.88199996948242,35.0429992675781,0.0280349999666214,0,104.563102722168,-86.385,25.7311,33.7767981627745,63,63,63,63,61,63,0,8047,1.25895569026649,26,-86,0.001869,51,2025-03-04 15:08:43.001621,576,1.037,0.0011,"aoml_navis",1029.77396322655
"7901009",63,0,1,0.028035,1,0.005607,1,108.435888784747,1,4.85538807211542,578,1,8.8769998550415,35.0429992675781,0.0280349999666214,0,104.564903259277,-86.385,25.7311,33.7767981627745,63,63,63,63,61,63,0,8047,1.25895569026649,26,-86,0.001869,51,2025-03-04 15:08:43.001621,578,1.037,0.0011,"aoml_navis",1029.7838042473
"7901009",63,0,1,0.035511,1,0.013083,1,108.497901741144,1,4.85534857957063,580,1,8.87600040435791,35.0419998168945,0.0355109982192516,0,104.624702453613,-86.385,25.7311,33.7767981627745,63,63,63,63,61,63,0,8047,1.25895569026649,26,-86,0.001869,51,2025-03-04 15:08:43.001621,580,1.037,0.0011,"aoml_navis",1029.79218032625
"7901009",63,0,1,0.028035,1,0.005607,1,108.591538298805,1,4.85530666386568,582,1,8.87199974060059,35.0410003662109,0.0280349999666214,0,104.714996337891,-86.385,25.7311,33.7767981627745,63,63,63,63,61,63,0,8047,1.25895569026649,26,-86,0.001869,51,2025-03-04 15:08:43.001621,582,1.037,0.0011,"aoml_navis",1029.80107048874
"7901009",63,0,1,0.031773,1,0.009345,1,108.862724327569,1,4.85524798657964,584,1,8.82900047302246,35.0359992980957,0.0317730009555817,0,104.976501464844,-86.385,25.7311,33.7767981627745,63,63,63,63,61,63,0,8047,1.25895569026649,26,-86,0.001869,51,2025-03-04 15:08:43.001621,584,1.037,0.0011,"aoml_navis",1029.81351597703
"7901009",63,0,1,0.028035,1,0.005607,1,109.239058632744,1,4.85518100431528,586,1,8.77099990844727,35.0299987792969,0.0280349999666214,0,105.339401245117,-86.385,25.7311,33.7767981627745,63,63,63,63,61,63,0,8047,1.25895569026649,26,-86,0.001869,51,2025-03-04 15:08:43.001621,586,1.037,0.0011,"aoml_navis",1029.82772332401
"7901009",63,0,1,0.029904,1,0.007476,1,109.742116786171,1,4.85512523758437,588,1,8.73600006103516,35.0260009765625,0.0299040004611015,0,105.824501037598,-86.385,25.7311,33.7767981627745,63,63,63,63,61,63,0,8047,1.25895569026649,26,-86,0.001869,51,2025-03-04 15:08:43.001621,588,1.037,0.0011,"aoml_navis",1029.83955208696
"7901009",63,0,1,0.031773,1,0.009345,1,110.491359572315,1,4.85506056599931,590,1,8.67599964141846,35.0190010070801,0.0317730009555817,0,106.546997070312,-86.385,25.7311,33.7767981627745,63,63,63,63,61,63,0,8047,1.25895569026649,26,-86,0.001869,51,2025-03-04 15:08:43.001621,590,1.037,0.0011,"aoml_navis",1029.85327001186
"7901009",63,0,1,0.033642,1,0.011214,1,111.274417537796,1,4.85499227568756,592,1,8.60200023651123,35.0099983215332,0.0336420014500618,0,107.302101135254,-86.385,25.7311,33.7767981627745,63,63,63,63,61,63,0,8047,1.25895569026649,26,-86,0.001869,51,2025-03-04 15:08:43.001621,592,1.037,0.0011,"aoml_navis",1029.86775592592
"7901009",63,0,1,0.028035,1,0.005607,1,112.169989697321,1,4.85491680949839,594,1,8.51399993896484,35,0.0280349999666214,0,108.165702819824,-86.385,25.7311,33.7767981627745,63,63,63,63,61,63,0,8047,1.25895569026649,26,-86,0.001869,51,2025-03-04 15:08:43.001621,594,1.037,0.0011,"aoml_navis",1029.88376447929
"7901009",63,0,1,0.029904,1,0.007476,1,112.92265830767,1,4.8548361898144,596,1,8.41899967193604,34.9900016784668,0.0299040004611015,0,108.891502380371,-86.385,25.7311,33.7767981627745,63,63,63,63,61,63,0,8047,1.25895569026649,26,-86,0.001869,51,2025-03-04 15:08:43.001621,596,1.037,0.0011,"aoml_navis",1029.90086678726
"7901009",63,0,1,0.024297,1,0.001869,1,113.29722827382,1,4.85476531965393,598,1,8.35000038146973,34.9830017089844,0.0242970008403063,0,109.252700805664,-86.385,25.7311,33.7767981627745,63,63,63,63,61,63,0,8047,1.25895569026649,26,-86,0.001869,51,2025-03-04 15:08:43.001621,598,1.037,0.0011,"aoml_navis",1029.91590134298
"7901009",63,0,1,0.026166,1,0.003738,1,113.482539254264,1,4.85471098203264,600,1,8.31599998474121,34.9790000915527,0.0261659994721413,0,109.431396484375,-86.385,25.7311,33.7767981627745,63,63,63,63,61,63,0,8047,1.25895569026649,26,-86,0.001869,51,2025-03-04 15:08:43.001621,600,1.037,0.0011,"aoml_navis",1029.92742894584
"7901009",63,0,1,0.031773,1,0.009345,1,113.619326955609,1,4.8546636178882,602,1,8.30500030517578,34.9780006408691,0.0317730009555817,0,109.563301086426,-86.385,25.7311,33.7767981627745,63,63,63,63,61,63,0,8047,1.25895569026649,26,-86,0.001869,51,2025-03-04 15:08:43.001621,602,1.037,0.0011,"aoml_navis",1029.93747735194
"7901009",63,0,1,0.026166,1,0.003738,1,113.929391737591,1,4.85461324386771,604,1,8.27600002288818,34.9739990234375,0.0261659994721413,0,109.862297058105,-86.385,25.7311,33.7767981627745,63,63,63,63,61,63,0,8047,1.25895569026649,26,-86,0.001869,51,2025-03-04 15:08:43.001621,604,1.037,0.0011,"aoml_navis",1029.94816452494
"7901009",63,0,1,0.029904,1,0.007476,1,114.30490321201,1,4.85453912003704,606,1,8.20699977874756,34.9679985046387,0.0299040004611015,0,110.224403381348,-86.385,25.7311,33.7767981627745,63,63,63,63,61,63,0,8047,1.25895569026649,26,-86,0.001869,51,2025-03-04 15:08:43.001621,606,1.037,0.0011,"aoml_navis",1029.96389077648
"7901009",63,0,1,0.029904,1,0.007476,1,114.417828821432,1,4.85447953945395,608,1,8.16600036621094,34.9640007019043,0.0299040004611015,0,110.333297729492,-86.385,25.7311,33.7767981627745,63,63,63,63,61,63,0,8047,1.25895569026649,26,-86,0.001869,51,2025-03-04 15:08:43.001621,608,1.037,0.0011,"aoml_navis",1029.97653185339
"7901009",63,0,1,0.026166,1,0.003738,1,114.509914659592,1,4.85443378099624,610,1,8.1569995880127,34.9630012512207,0.0261659994721413,0,110.422096252441,-86.385,25.7311,33.7767981627745,63,63,63,63,61,63,0,8047,1.25895569026649,26,-86,0.001869,51,2025-03-04 15:08:43.001621,610,1.037,0.0011,"aoml_navis",1029.98624053203
"7901009",63,0,1,0.031773,1,0.009345,1,114.639542150993,1,4.8543857016821,612,1,8.14500045776367,34.9620018005371,0.0317730009555817,0,110.547096252441,-86.385,25.7311,33.7767981627745,63,63,63,63,61,63,0,8047,1.25895569026649,26,-86,0.001869,51,2025-03-04 15:08:43.001621,612,1.037,0.0011,"aoml_navis",1029.99644182938
"7901009",63,0,1,0.029904,1,0.007476,1,114.706017381874,1,4.85434286871446,614,1,8.13500022888184,34.9599990844727,0.0299040004611015,0,110.611198425293,-86.385,25.7311,33.7767981627745,63,63,63,63,61,63,0,8047,1.25895569026649,26,-86,0.001869,51,2025-03-04 15:08:43.001621,614,1.037,0.0011,"aoml_navis",1030.00553014586
"7901009",63,0,1,0.028035,1,0.005607,1,114.899319314852,1,4.85428609477125,616,1,8.10700035095215,34.9580001831055,0.0280349999666214,0,110.79759979248,-86.385,25.7311,33.7767981627745,63,63,63,63,61,63,0,8047,1.25895569026649,26,-86,0.001869,51,2025-03-04 15:08:43.001621,616,1.037,0.0011,"aoml_navis",1030.01757671137
"7901009",63,0,1,0.026166,1,0.003738,1,115.077272289498,1,4.85422900312075,618,1,8.06900024414062,34.9539985656738,0.0261659994721413,0,110.969200134277,-86.385,25.7311,33.7767981627745,63,63,63,63,61,63,0,8047,1.25895569026649,26,-86,0.001869,51,2025-03-04 15:08:43.001621,618,1.037,0.0011,"aoml_navis",1030.02969097369
"7901009",63,0,1,0.029904,1,0.007476,1,115.194454465715,1,4.85417538597245,620,1,8.04500007629395,34.9519996643066,0.0299040004611015,0,111.08219909668,-86.385,25.7311,33.7767981627745,63,63,63,63,61,63,0,8047,1.25895569026649,26,-86,0.001869,51,2025-03-04 15:08:43.001621,620,1.037,0.0011,"aoml_navis",1030.04106824178
"7901009",63,0,1,0.029904,1,0.007476,1,115.263730485899,1,4.85412889382956,622,1,8.03499984741211,34.951000213623,0.0299040004611015,0,111.149002075195,-86.385,25.7311,33.7767981627745,63,63,63,63,61,63,0,8047,1.25895569026649,26,-86,0.001869,51,2025-03-04 15:08:43.001621,622,1.037,0.0011,"aoml_navis",1030.05093382581
"7901009",63,0,1,0.028035,1,0.005607,1,115.368261639244,1,4.85407992517324,624,1,8.01700019836426,34.9490013122559,0.0280349999666214,0,111.249801635742,-86.385,25.7311,33.7767981627745,63,63,63,63,61,63,0,8047,1.25895569026649,26,-86,0.001869,51,2025-03-04 15:08:43.001621,624,1.037,0.0011,"aoml_navis",1030.06132512776
"7901009",63,0,1,0.028035,1,0.005607,1,115.454437337262,1,4.85403098212557,626,1,7.99900007247925,34.9469985961914,0.0280349999666214,0,111.332901000977,-86.385,25.7311,33.7767981627745,63,63,63,63,61,63,0,8047,1.25895569026649,26,-86,0.001869,51,2025-03-04 15:08:43.001621,626,1.037,0.0011,"aoml_navis",1030.07171120497
"7901009",63,0,1,0.029904,1,0.007476,1,115.597752301816,1,4.8539797322851,628,1,7.97800016403198,34.9449996948242,0.0299040004611015,0,111.471099853516,-86.385,25.7311,33.7767981627745,63,63,63,63,61,63,0,8047,1.25895569026649,26,-86,0.001869,51,2025-03-04 15:08:43.001621,628,1.037,0.0011,"aoml_navis",1030.08258702517
"7901009",63,0,1,0.028035,1,0.005607,1,115.790223492203,1,4.85392282001181,630,1,7.94000005722046,34.9410018920898,0.0280349999666214,0,111.656700134277,-86.385,25.7311,33.7767981627745,63,63,63,63,61,63,0,8047,1.25895569026649,26,-86,0.001869,51,2025-03-04 15:08:43.001621,630,1.037,0.0011,"aoml_navis",1030.0946647495
"7901009",63,0,1,0.028035,1,0.005607,1,116.053727129967,1,4.85386000868151,632,1,7.89900016784668,34.9379997253418,0.0280349999666214,0,111.910797119141,-86.385,25.7311,33.7767981627745,63,63,63,63,61,63,0,8047,1.25895569026649,26,-86,0.001869,51,2025-03-04 15:08:43.001621,632,1.037,0.0011,"aoml_navis",1030.10799467993
"7901009",63,0,1,0.029904,1,0.007476,1,116.314952159482,1,4.85379433693471,634,1,7.85900020599365,34.9360008239746,0.0299040004611015,0,112.162696838379,-86.385,25.7311,33.7767981627745,63,63,63,63,61,63,0,8047,1.25895569026649,26,-86,0.001869,51,2025-03-04 15:08:43.001621,634,1.037,0.0011,"aoml_navis",1030.12193202187
"7901009",63,0,1,0.028035,1,0.005607,1,116.440228142078,1,4.85373864423946,636,1,7.83199977874756,34.9339981079102,0.0280349999666214,0,112.283500671387,-86.385,25.7311,33.7767981627745,63,63,63,63,61,63,0,8047,1.25895569026649,26,-86,0.001869,51,2025-03-04 15:08:43.001621,636,1.037,0.0011,"aoml_navis",1030.13375183151
"7901009",63,0,1,0.028035,1,0.005607,1,116.590909024264,1,4.8536952698904,638,1,7.82600021362305,34.9329986572266,0.0280349999666214,0,112.428802490234,-86.385,25.7311,33.7767981627745,63,63,63,63,61,63,0,8047,1.25895569026649,26,-86,0.001869,51,2025-03-04 15:08:43.001621,638,1.037,0.0011,"aoml_navis",1030.14295747349
"7901009",63,0,1,0.029904,1,0.007476,1,116.809513002988,1,4.8536488513751,640,1,7.81599998474121,34.931999206543,0.0299040004611015,0,112.639602661133,-86.385,25.7311,33.7767981627745,63,63,63,63,61,63,0,8047,1.25895569026649,26,-86,0.001869,51,2025-03-04 15:08:43.001621,640,1.037,0.0011,"aoml_navis",1030.15280938246
"7901009",63,0,1,0.028035,1,0.005607,1,117.030292736114,1,4.8535985094179,642,1,7.7960000038147,34.9300003051758,0.0280349999666214,0,112.852500915527,-86.385,25.7311,33.7767981627745,63,63,63,63,61,63,0,8047,1.25895569026649,26,-86,0.001869,51,2025-03-04 15:08:43.001621,642,1.037,0.0011,"aoml_navis",1030.1634942194
"7901009",63,0,4,0.022428,1,0,1,117.264039965481,1,4.85353375709831,644,1,7.75699996948242,34.9280014038086,0.0224280003458261,0,113.077903747559,-86.385,25.7311,33.7767981627745,63,63,63,63,61,63,0,8047,1.25895569026649,26,-86,0.001869,51,2025-03-04 15:08:43.001621,644,1.037,0.0011,"aoml_navis",1030.17723791196
"7901009",63,0,1,0.033642,1,0.011214,1,117.333933108733,1,4.85348434274669,646,1,7.74300003051758,34.9269981384277,0.0336420014500618,0,113.145301818848,-86.385,25.7311,33.7767981627745,63,63,63,63,61,63,0,8047,1.25895569026649,26,-86,0.001869,51,2025-03-04 15:08:43.001621,646,1.037,0.0011,"aoml_navis",1030.18772636452
"7901009",63,0,1,0.031773,1,0.009345,1,117.472477237269,1,4.85343632860223,648,1,7.72599983215332,34.9249992370605,0.0317730009555817,0,113.278900146484,-86.385,25.7311,33.7767981627745,63,63,63,63,61,63,0,8047,1.25895569026649,26,-86,0.001869,51,2025-03-04 15:08:43.001621,648,1.037,0.0011,"aoml_navis",1030.19791782042
"7901009",63,0,1,0.029904,1,0.007476,1,117.621085218896,1,4.85337480880636,650,1,7.69600009918213,34.923999786377,0.0299040004611015,0,113.422203063965,-86.385,25.7311,33.7767981627745,63,63,63,63,61,63,0,8047,1.25895569026649,26,-86,0.001869,51,2025-03-04 15:08:43.001621,650,1.037,0.0011,"aoml_navis",1030.21097627317
"7901009",63,0,1,0.031773,1,0.009345,1,117.779535522258,1,4.85331030495846,652,1,7.66200017929077,34.9230003356934,0.0317730009555817,0,113.574996948242,-86.385,25.7311,33.7767981627745,63,63,63,63,61,63,0,8047,1.25895569026649,26,-86,0.001869,51,2025-03-04 15:08:43.001621,652,1.037,0.0011,"aoml_navis",1030.22466848899
"7901009",63,0,1,0.029904,1,0.007476,1,117.982584834961,1,4.85326243300409,654,1,7.65000009536743,34.9220008850098,0.0299040004611015,0,113.770797729492,-86.385,25.7311,33.7767981627745,63,63,63,63,61,63,0,8047,1.25895569026649,26,-86,0.001869,51,2025-03-04 15:08:43.001621,654,1.037,0.0011,"aoml_navis",1030.23483049217
"7901009",63,0,1,0.029904,1,0.007476,1,118.321796814107,1,4.85321532015964,656,1,7.63899993896484,34.9210014343262,0.0299040004611015,0,114.097900390625,-86.385,25.7311,33.7767981627745,63,63,63,63,61,63,0,8047,1.25895569026649,26,-86,0.001869,51,2025-03-04 15:08:43.001621,656,1.037,0.0011,"aoml_navis",1030.24483155129
"7901009",63,0,1,0.028035,1,0.005607,1,118.712024300123,1,4.85315751372595,658,1,7.60400009155273,34.9179992675781,0.0280349999666214,0,114.474197387695,-86.385,25.7311,33.7767981627745,63,63,63,63,61,63,0,8047,1.25895569026649,26,-86,0.001869,51,2025-03-04 15:08:43.001621,658,1.037,0.0011,"aoml_navis",1030.25710289821
"7901009",63,0,1,0.024297,1,0.001869,1,119.129009609376,1,4.85309741910448,660,1,7.56099987030029,34.9140014648438,0.0242970008403063,0,114.87629699707,-86.385,25.7311,33.7767981627745,63,63,63,63,61,63,0,8047,1.25895569026649,26,-86,0.001869,51,2025-03-04 15:08:43.001621,660,1.037,0.0011,"aoml_navis",1030.26986029937
"7901009",63,0,1,0.031773,1,0.009345,1,119.384743825962,1,4.85303223931247,662,1,7.51599979400635,34.9109992980957,0.0317730009555817,0,115.122901916504,-86.385,25.7311,33.7767981627745,63,63,63,63,61,63,0,8047,1.25895569026649,26,-86,0.001869,51,2025-03-04 15:08:43.001621,662,1.037,0.0011,"aoml_navis",1030.28369758128
"7901009",63,0,1,0.028035,1,0.005607,1,119.467707319299,1,4.852987421315,664,1,7.50799989700317,34.9099998474121,0.0280349999666214,0,115.202903747559,-86.385,25.7311,33.7767981627745,63,63,63,63,61,63,0,8047,1.25895569026649,26,-86,0.001869,51,2025-03-04 15:08:43.001621,664,1.037,0.0011,"aoml_navis",1030.29321239105
"7901009",63,0,1,0.029904,1,0.007476,1,119.534902527092,1,4.8529389243992,666,1,7.5,34.9099998474121,0.0299040004611015,0,115.267700195312,-86.385,25.7311,33.7767981627745,63,63,63,63,61,63,0,8047,1.25895569026649,26,-86,0.001869,51,2025-03-04 15:08:43.001621,666,1.037,0.0011,"aoml_navis",1030.30350842897
"7901009",63,0,1,0.029904,1,0.007476,1,119.619836067142,1,4.85289417021198,668,1,7.49700021743774,34.9099998474121,0.0299040004611015,0,115.349601745605,-86.385,25.7311,33.7767981627745,63,63,63,63,61,63,0,8047,1.25895569026649,26,-86,0.001869,51,2025-03-04 15:08:43.001621,668,1.037,0.0011,"aoml_navis",1030.31301005717
"7901009",63,0,1,0.029904,1,0.007476,1,119.714722694606,1,4.8528508548547,670,1,7.49100017547607,34.9090003967285,0.0299040004611015,0,115.441101074219,-86.385,25.7311,33.7767981627745,63,63,63,63,61,63,0,8047,1.25895569026649,26,-86,0.001869,51,2025-03-04 15:08:43.001621,670,1.037,0.0011,"aoml_navis",1030.32220637856
"7901009",63,0,1,0.031773,1,0.009345,1,119.889249845047,1,4.85281053308778,672,1,7.48899984359741,34.9080009460449,0.0317730009555817,0,115.609397888184,-86.385,25.7311,33.7767981627745,63,63,63,63,61,63,0,8047,1.25895569026649,26,-86,0.001869,51,2025-03-04 15:08:43.001621,672,1.037,0.0011,"aoml_navis",1030.33076727571
"7901009",63,0,1,0.031773,1,0.009345,1,120.136059512665,1,4.85276796941531,674,1,7.48400020599365,34.9070014953613,0.0317730009555817,0,115.847396850586,-86.385,25.7311,33.7767981627745,63,63,63,63,61,63,0,8047,1.25895569026649,26,-86,0.001869,51,2025-03-04 15:08:43.001621,674,1.037,0.0011,"aoml_navis",1030.33980431635
"7901009",63,0,1,0.029904,1,0.007476,1,120.540496652889,1,4.85271041967681,676,1,7.4539999961853,34.9049987792969,0.0299040004611015,0,116.237396240234,-86.385,25.7311,33.7767981627745,63,63,63,63,61,63,0,8047,1.25895569026649,26,-86,0.001869,51,2025-03-04 15:08:43.001621,676,1.037,0.0011,"aoml_navis",1030.35202342303
"7901009",63,0,1,0.033642,1,0.011214,1,120.876804988887,1,4.85264544076953,678,1,7.41400003433228,34.9029998779297,0.0336420014500618,0,116.561698913574,-86.385,25.7311,33.7767981627745,63,63,63,63,61,63,0,8047,1.25895569026649,26,-86,0.001869,51,2025-03-04 15:08:43.001621,678,1.037,0.0011,"aoml_navis",1030.36582025805
"7901009",63,0,1,0.029904,1,0.007476,1,121.108685025385,1,4.85259544039335,680,1,7.39900016784668,34.9020004272461,0.0299040004611015,0,116.785301208496,-86.385,25.7311,33.7767981627745,63,63,63,63,61,63,0,8047,1.25895569026649,26,-86,0.001869,51,2025-03-04 15:08:43.001621,680,1.037,0.0011,"aoml_navis",1030.37643698456
"7901009",63,0,1,0.033642,1,0.011214,1,121.444676888015,1,4.85253500648824,682,1,7.36499977111816,34.9000015258789,0.0336420014500618,0,117.109298706055,-86.385,25.7311,33.7767981627745,63,63,63,63,61,63,0,8047,1.25895569026649,26,-86,0.001869,51,2025-03-04 15:08:43.001621,682,1.037,0.0011,"aoml_navis",1030.38926938489
"7901009",63,0,1,0.028035,1,0.005607,1,121.761901879941,1,4.85247760028013,684,1,7.33500003814697,34.8979988098145,0.0280349999666214,0,117.415199279785,-86.385,25.7311,33.7767981627745,63,63,63,63,61,63,0,8047,1.25895569026649,26,-86,0.001869,51,2025-03-04 15:08:43.001621,684,1.037,0.0011,"aoml_navis",1030.40145918682
"7901009",63,0,1,0.029904,1,0.007476,1,122.104428917614,1,4.85241949518717,686,1,7.30900001525879,34.8969993591309,0.0299040004611015,0,117.745498657227,-86.385,25.7311,33.7767981627745,63,63,63,63,61,63,0,8047,1.25895569026649,26,-86,0.001869,51,2025-03-04 15:08:43.001621,686,1.037,0.0011,"aoml_navis",1030.41379768571
"7901009",63,0,1,0.031773,1,0.009345,1,122.465002849078,1,4.85236435939265,688,1,7.28200006484985,34.8950004577637,0.0317730009555817,0,118.093200683594,-86.385,25.7311,33.7767981627745,63,63,63,63,61,63,0,8047,1.25895569026649,26,-86,0.001869,51,2025-03-04 15:08:43.001621,688,1.037,0.0011,"aoml_navis",1030.42550593332
"7901009",63,0,1,0.028035,1,0.005607,1,122.973971142647,1,4.85230334907705,690,1,7.24700021743774,34.8930015563965,0.0280349999666214,0,118.583999633789,-86.385,25.7311,33.7767981627745,63,63,63,63,61,63,0,8047,1.25895569026649,26,-86,0.001869,51,2025-03-04 15:08:43.001621,690,1.037,0.0011,"aoml_navis",1030.43846196282
"7901009",63,0,1,0.028035,1,0.005607,1,123.466656881449,1,4.8522475574115,692,1,7.2189998626709,34.890998840332,0.0280349999666214,0,119.059097290039,-86.385,25.7311,33.7767981627745,63,63,63,63,61,63,0,8047,1.25895569026649,26,-86,0.001869,51,2025-03-04 15:08:43.001621,692,1.037,0.0011,"aoml_navis",1030.45031005535
"7901009",63,0,1,0.031773,1,0.009345,1,123.907187809257,1,4.85218885041851,694,1,7.18200016021729,34.8880004882812,0.0317730009555817,0,119.483901977539,-86.385,25.7311,33.7767981627745,63,63,63,63,61,63,0,8047,1.25895569026649,26,-86,0.001869,51,2025-03-04 15:08:43.001621,694,1.037,0.0011,"aoml_navis",1030.46277755012
"7901009",63,0,1,0.029904,1,0.007476,1,124.192259107027,1,4.85211916870344,696,1,7.1399998664856,34.8870010375977,0.0299040004611015,0,119.758796691895,-86.385,25.7311,33.7767981627745,63,63,63,63,61,63,0,8047,1.25895569026649,26,-86,0.001869,51,2025-03-04 15:08:43.001621,696,1.037,0.0011,"aoml_navis",1030.47757611775
"7901009",63,0,1,0.033642,1,0.011214,1,124.357252497266,1,4.85206490319329,698,1,7.12400007247925,34.8870010375977,0.0336420014500618,0,119.917900085449,-86.385,25.7311,33.7767981627745,63,63,63,63,61,63,0,8047,1.25895569026649,26,-86,0.001869,51,2025-03-04 15:08:43.001621,698,1.037,0.0011,"aoml_navis",1030.48910098242
"7901009",63,0,1,0.026166,1,0.003738,1,124.595454089284,1,4.85202091780238,700,1,7.11700010299683,34.8860015869141,0.0261659994721413,0,120.147598266602,-86.385,25.7311,33.7767981627745,63,63,63,63,61,63,0,8047,1.25895569026649,26,-86,0.001869,51,2025-03-04 15:08:43.001621,700,1.037,0.0011,"aoml_navis",1030.49844275293
"7901009",63,0,1,0.029904,1,0.007476,1,124.864045036432,1,4.85196524215157,702,1,7.0939998626709,34.8849983215332,0.0299040004611015,0,120.406600952148,-86.385,25.7311,33.7767981627745,63,63,63,63,61,63,0,8047,1.25895569026649,26,-86,0.001869,51,2025-03-04 15:08:43.001621,702,1.037,0.0011,"aoml_navis",1030.51026758444
"7901009",63,0,1,0.033642,1,0.011214,1,125.221715324748,1,4.85190957295839,704,1,7.07100009918213,34.8839988708496,0.0336420014500618,0,120.751502990723,-86.385,25.7311,33.7767981627745,63,63,63,63,61,63,0,8047,1.25895569026649,26,-86,0.001869,51,2025-03-04 15:08:43.001621,704,1.037,0.0011,"aoml_navis",1030.52209131575
"7901009",63,0,1,0.026166,1,0.003738,1,125.462923413758,1,4.85184590403193,706,1,7.03700017929077,34.882999420166,0.0261659994721413,0,120.984100341797,-86.385,25.7311,33.7767981627745,63,63,63,63,61,63,0,8047,1.25895569026649,26,-86,0.001869,51,2025-03-04 15:08:43.001621,706,1.037,0.0011,"aoml_navis",1030.53561446479
"7901009",63,0,1,0.028035,1,0.005607,1,125.713878882493,1,4.85178737456541,708,1,7.01000022888184,34.8819999694824,0.0280349999666214,0,121.226097106934,-86.385,25.7311,33.7767981627745,63,63,63,63,61,63,0,8047,1.25895569026649,26,-86,0.001869,51,2025-03-04 15:08:43.001621,708,1.037,0.0011,"aoml_navis",1030.5480463162
"7901009",63,0,1,0.033642,1,0.011214,1,125.902615687142,1,4.85172150574285,710,1,6.98299980163574,34.882999420166,0.0336420014500618,0,121.408096313477,-86.385,25.7311,33.7767981627745,63,63,63,63,61,63,0,8047,1.25895569026649,26,-86,0.001869,51,2025-03-04 15:08:43.001621,710,1.037,0.0011,"aoml_navis",1030.56203742973
"7901009",63,0,1,0.033642,1,0.011214,1,126.040028423388,1,4.8516724140474,712,1,6.97399997711182,34.882999420166,0.0336420014500618,0,121.540603637695,-86.385,25.7311,33.7767981627745,63,63,63,63,61,63,0,8047,1.25895569026649,26,-86,0.001869,51,2025-03-04 15:08:43.001621,712,1.037,0.0011,"aoml_navis",1030.57246518193
"7901009",63,0,1,0.031773,1,0.009345,1,126.297416213321,1,4.85162410551604,714,1,6.96099996566772,34.8819999694824,0.0317730009555817,0,121.788803100586,-86.385,25.7311,33.7767981627745,63,63,63,63,61,63,0,8047,1.25895569026649,26,-86,0.001869,51,2025-03-04 15:08:43.001621,714,1.037,0.0011,"aoml_navis",1030.5827267853
"7901009",63,0,1,0.031773,1,0.009345,1,126.522966782465,1,4.85156124471647,716,1,6.93300008773804,34.8819999694824,0.0317730009555817,0,122.006301879883,-86.385,25.7311,33.7767981627745,63,63,63,63,61,63,0,8047,1.25895569026649,26,-86,0.001869,51,2025-03-04 15:08:43.001621,716,1.037,0.0011,"aoml_navis",1030.59607985887
"7901009",63,0,1,0.029904,1,0.007476,1,126.720311662715,1,4.85150569577447,718.099975585938,1,6.91800022125244,34.8819999694824,0.0299040004611015,0,122.196601867676,-86.385,25.7311,33.7767981627745,63,63,63,63,61,63,0,8047,1.25895569026649,26,-86,0.001869,51,2025-03-04 15:08:43.001621,718.099975585938,1.037,0.0011,"aoml_navis",1030.60788001442
"7901009",63,0,1,0.033642,1,0.011214,1,126.860303656908,1,4.85145875104425,720,1,6.90899991989136,34.8819999694824,0.0336420014500618,0,122.331596374512,-86.385,25.7311,33.7767981627745,63,63,63,63,61,63,0,8047,1.25895569026649,26,-86,0.001869,51,2025-03-04 15:08:43.001621,720,1.037,0.0011,"aoml_navis",1030.61785260439
"7901009",63,0,1,0.029904,1,0.007476,1,126.979875207051,1,4.85141185316249,722,1,6.90299987792969,34.8819999694824,0.0299040004611015,0,122.446899414062,-86.385,25.7311,33.7767981627745,63,63,63,63,61,63,0,8047,1.25895569026649,26,-86,0.001869,51,2025-03-04 15:08:43.001621,722,1.037,0.0011,"aoml_navis",1030.62781543493
"7901009",63,0,1,0.033642,1,0.011214,1,127.084200652706,1,4.85136719414544,724,1,6.89499998092651,34.8810005187988,0.0336420014500618,0,122.547500610352,-86.385,25.7311,33.7767981627745,63,63,63,63,61,63,0,8047,1.25895569026649,26,-86,0.001869,51,2025-03-04 15:08:43.001621,724,1.037,0.0011,"aoml_navis",1030.63730282753
"7901009",63,0,1,0.029904,1,0.007476,1,127.236432254394,1,4.85131596120198,726,1,6.88299989700317,34.8810005187988,0.0299040004611015,0,122.694297790527,-86.385,25.7311,33.7767981627745,63,63,63,63,61,63,0,8047,1.25895569026649,26,-86,0.001869,51,2025-03-04 15:08:43.001621,726,1.037,0.0011,"aoml_navis",1030.64818700474
"7901009",63,0,1,0.028035,1,0.005607,1,127.360252459498,1,4.85126762456264,728,1,6.875,34.8810005187988,0.0280349999666214,0,122.813697814941,-86.385,25.7311,33.7767981627745,63,63,63,63,61,63,0,8047,1.25895569026649,26,-86,0.001869,51,2025-03-04 15:08:43.001621,728,1.037,0.0011,"aoml_navis",1030.65845608771
"7901009",63,0,1,0.028035,1,0.005607,1,127.605305699925,1,4.8512258650146,730,1,6.87099981307983,34.8800010681152,0.0280349999666214,0,123.050003051758,-86.385,25.7311,33.7767981627745,63,63,63,63,61,63,0,8047,1.25895569026649,26,-86,0.001869,51,2025-03-04 15:08:43.001621,730,1.037,0.0011,"aoml_navis",1030.66732803729
"7901009",63,0,1,0.029904,1,0.007476,1,127.865280659639,1,4.85117536533679,732,1,6.8600001335144,34.8800010681152,0.0299040004611015,0,123.30069732666,-86.385,25.7311,33.7767981627745,63,63,63,63,61,63,0,8047,1.25895569026649,26,-86,0.001869,51,2025-03-04 15:08:43.001621,732,1.037,0.0011,"aoml_navis",1030.67805705945
"7901009",63,0,1,0.033642,1,0.011214,1,128.173074745209,1,4.85111476470988,734,1,6.83500003814697,34.8800010681152,0.0336420014500618,0,123.597503662109,-86.385,25.7311,33.7767981627745,63,63,63,63,61,63,0,8047,1.25895569026649,26,-86,0.001869,51,2025-03-04 15:08:43.001621,734,1.037,0.0011,"aoml_navis",1030.69093239624
"7901009",63,0,1,0.033642,1,0.011214,1,128.41583355372,1,4.85106075394115,736,1,6.81400012969971,34.8790016174316,0.0336420014500618,0,123.831596374512,-86.385,25.7311,33.7767981627745,63,63,63,63,61,63,0,8047,1.25895569026649,26,-86,0.001869,51,2025-03-04 15:08:43.001621,736,1.037,0.0011,"aoml_navis",1030.702407909
"7901009",63,0,1,0.031773,1,0.009345,1,128.630188877483,1,4.85100451531574,738,1,6.79500007629395,34.8790016174316,0.0317730009555817,0,124.038299560547,-86.385,25.7311,33.7767981627745,63,63,63,63,61,63,0,8047,1.25895569026649,26,-86,0.001869,51,2025-03-04 15:08:43.001621,738,1.037,0.0011,"aoml_navis",1030.71435703963
"7901009",63,0,1,0.031773,1,0.009345,1,128.766762959305,1,4.85094972804413,740,1,6.77799987792969,34.8790016174316,0.0317730009555817,0,124.169998168945,-86.385,25.7311,33.7767981627745,63,63,63,63,61,63,0,8047,1.25895569026649,26,-86,0.001869,51,2025-03-04 15:08:43.001621,740,1.037,0.0011,"aoml_navis",1030.72599806471
"7901009",63,0,1,0.029904,1,0.007476,1,128.893178246024,1,4.85090655598127,742,1,6.77199983596802,34.8779983520508,0.0299040004611015,0,124.291900634766,-86.385,25.7311,33.7767981627745,63,63,63,63,61,63,0,8047,1.25895569026649,26,-86,0.001869,51,2025-03-04 15:08:43.001621,742,1.037,0.0011,"aoml_navis",1030.73517131244
"7901009",63,0,1,0.029904,1,0.007476,1,129.075585583319,1,4.85085609411244,744,1,6.76100015640259,34.8779983520508,0.0299040004611015,0,124.467796325684,-86.385,25.7311,33.7767981627745,63,63,63,63,61,63,0,8047,1.25895569026649,26,-86,0.001869,51,2025-03-04 15:08:43.001621,744,1.037,0.0011,"aoml_navis",1030.74589371319
"7901009",63,0,1,0.029904,1,0.007476,1,129.251259949718,1,4.85080132697908,746,1,6.74399995803833,34.8779983520508,0.0299040004611015,0,124.637199401855,-86.385,25.7311,33.7767981627745,63,63,63,63,61,63,0,8047,1.25895569026649,26,-86,0.001869,51,2025-03-04 15:08:43.001621,746,1.037,0.0011,"aoml_navis",1030.75753117142
"7901009",63,0,1,0.029904,1,0.007476,1,129.364810594041,1,4.85075518275479,748,1,6.73899984359741,34.8779983520508,0.0299040004611015,0,124.746696472168,-86.385,25.7311,33.7767981627745,63,63,63,63,61,63,0,8047,1.25895569026649,26,-86,0.001869,51,2025-03-04 15:08:43.001621,748,1.037,0.0011,"aoml_navis",1030.76733655325
"7901009",63,0,1,0.031773,1,0.009345,1,129.567139929832,1,4.85071200622072,750,1,6.73299980163574,34.8769989013672,0.0317730009555817,0,124.941802978516,-86.385,25.7311,33.7767981627745,63,63,63,63,61,63,0,8047,1.25895569026649,26,-86,0.001869,51,2025-03-04 15:08:43.001621,750,1.037,0.0011,"aoml_navis",1030.77651148694
"7901009",63,0,1,0.029904,1,0.007476,1,129.796733446248,1,4.85066299502881,752,1,6.72399997711182,34.8769989013672,0.0299040004611015,0,125.163200378418,-86.385,25.7311,33.7767981627745,63,63,63,63,61,63,0,8047,1.25895569026649,26,-86,0.001869,51,2025-03-04 15:08:43.001621,752,1.037,0.0011,"aoml_navis",1030.78692647257
"7901009",63,0,1,0.028035,1,0.005607,1,130.043543113866,1,4.85061040063563,754,1,6.71000003814697,34.8769989013672,0.0280349999666214,0,125.40119934082,-86.385,25.7311,33.7767981627745,63,63,63,63,61,63,0,8047,1.25895569026649,26,-86,0.001869,51,2025-03-04 15:08:43.001621,754,1.037,0.0011,"aoml_navis",1030.79810313044
"7901009",63,0,1,0.029904,1,0.007476,1,130.340031188376,1,4.85056508058824,756,1,6.70100021362305,34.8759994506836,0.0299040004611015,0,125.687103271484,-86.385,25.7311,33.7767981627745,63,63,63,63,61,63,0,8047,1.25895569026649,26,-86,0.001869,51,2025-03-04 15:08:43.001621,756,1.037,0.0011,"aoml_navis",1030.80773413592
"7901009",63,0,1,0.031773,1,0.009345,1,130.767697473788,1,4.85049817991771,758,1,6.66699981689453,34.8759994506836,0.0317730009555817,0,126.099502563477,-86.385,25.7311,33.7767981627745,63,63,63,63,61,63,0,8047,1.25895569026649,26,-86,0.001869,51,2025-03-04 15:08:43.001621,758,1.037,0.0011,"aoml_navis",1030.82195158866
"7901009",63,0,1,0.031773,1,0.009345,1,131.060134689191,1,4.85043846781278,760,1,6.64300012588501,34.8759994506836,0.0317730009555817,0,126.381500244141,-86.385,25.7311,33.7767981627745,63,63,63,63,61,63,0,8047,1.25895569026649,26,-86,0.001869,51,2025-03-04 15:08:43.001621,760,1.037,0.0011,"aoml_navis",1030.83464168852
"7901009",63,0,1,0.031773,1,0.009345,1,131.29097827541,1,4.8503953099864,762,1,6.63700008392334,34.875,0.0317730009555817,0,126.604103088379,-86.385,25.7311,33.7767981627745,63,63,63,63,61,63,0,8047,1.25895569026649,26,-86,0.001869,51,2025-03-04 15:08:43.001621,762,1.037,0.0011,"aoml_navis",1030.84381384453
"7901009",63,0,1,0.029904,1,0.007476,1,131.558524860445,1,4.85034275874574,764,1,6.6230001449585,34.875,0.0299040004611015,0,126.862098693848,-86.385,25.7311,33.7767981627745,63,63,63,63,61,63,0,8047,1.25895569026649,26,-86,0.001869,51,2025-03-04 15:08:43.001621,764,1.037,0.0011,"aoml_navis",1030.85498256477
"7901009",63,0,1,0.031773,1,0.009345,1,131.868075373205,1,4.85029092764267,766,1,6.6100001335144,34.875,0.0317730009555817,0,127.160598754883,-86.385,25.7311,33.7767981627745,63,63,63,63,61,63,0,8047,1.25895569026649,26,-86,0.001869,51,2025-03-04 15:08:43.001621,766,1.037,0.0011,"aoml_navis",1030.86599847117
"7901009",63,0,1,0.031773,1,0.009345,1,132.209463106754,1,4.85022841513476,768,1,6.58199977874756,34.875,0.0317730009555817,0,127.489799499512,-86.385,25.7311,33.7767981627745,63,63,63,63,61,63,0,8047,1.25895569026649,26,-86,0.001869,51,2025-03-04 15:08:43.001621,768,1.037,0.0011,"aoml_navis",1030.87928485963
"7901009",63,0,1,0.029904,1,0.007476,1,132.499724567755,1,4.85017886367728,770,1,6.56699991226196,34.8740005493164,0.0299040004611015,0,127.76969909668,-86.385,25.7311,33.7767981627745,63,63,63,63,61,63,0,8047,1.25895569026649,26,-86,0.001869,51,2025-03-04 15:08:43.001621,770,1.037,0.0011,"aoml_navis",1030.88981675392
"7901009",63,0,1,0.028035,1,0.005607,1,132.790294590288,1,4.85012492526433,772,1,6.55100011825562,34.8740005493164,0.0280349999666214,0,128.049896240234,-86.385,25.7311,33.7767981627745,63,63,63,63,61,63,0,8047,1.25895569026649,26,-86,0.001869,51,2025-03-04 15:08:43.001621,772,1.037,0.0011,"aoml_navis",1030.90128131648
"7901009",63,0,1,0.029904,1,0.007476,1,133.055673332755,1,4.85006602451308,774,1,6.52799987792969,34.8740005493164,0.0299040004611015,0,128.305801391602,-86.385,25.7311,33.7767981627745,63,63,63,63,61,63,0,8047,1.25895569026649,26,-86,0.001869,51,2025-03-04 15:08:43.001621,774,1.037,0.0011,"aoml_navis",1030.91380091098
"7901009",63,0,1,0.031773,1,0.009345,1,133.216615863888,1,4.85001636580134,776,1,6.51800012588501,34.8740005493164,0.0317730009555817,0,128.460998535156,-86.385,25.7311,33.7767981627745,63,63,63,63,61,63,0,8047,1.25895569026649,26,-86,0.001869,51,2025-03-04 15:08:43.001621,776,1.037,0.0011,"aoml_navis",1030.92435630862
"7901009",63,0,1,0.029904,1,0.007476,1,133.440410005842,1,4.84996897598682,778,1,6.50600004196167,34.8730010986328,0.0299040004611015,0,128.676803588867,-86.385,25.7311,33.7767981627745,63,63,63,63,61,63,0,8047,1.25895569026649,26,-86,0.001869,51,2025-03-04 15:08:43.001621,778,1.037,0.0011,"aoml_navis",1030.93442963368
"7901009",63,0,1,0.026166,1,0.003738,1,133.637857739936,1,4.84991422303186,780,1,6.49399995803833,34.8740005493164,0.0261659994721413,0,128.867202758789,-86.385,25.7311,33.7767981627745,63,63,63,63,61,63,0,8047,1.25895569026649,26,-86,0.001869,51,2025-03-04 15:08:43.001621,780,1.037,0.0011,"aoml_navis",1030.94606833568
"7901009",63,0,1,0.028035,1,0.005607,1,133.783245605048,1,4.84986896917653,782,1,6.4850001335144,34.8730010986328,0.0280349999666214,0,129.007400512695,-86.385,25.7311,33.7767981627745,63,63,63,63,61,63,0,8047,1.25895569026649,26,-86,0.001869,51,2025-03-04 15:08:43.001621,782,1.037,0.0011,"aoml_navis",1030.95568803562
"7901009",63,0,1,0.033642,1,0.011214,1,134.021961466287,1,4.8498214510405,784,1,6.47800016403198,34.8730010986328,0.0336420014500618,0,129.237594604492,-86.385,25.7311,33.7767981627745,63,63,63,63,61,63,0,8047,1.25895569026649,26,-86,0.001869,51,2025-03-04 15:08:43.001621,784,1.037,0.0011,"aoml_navis",1030.96578925133
"7901009",63,0,1,0.031773,1,0.009345,1,134.173172441364,1,4.8497703942332,786,1,6.46600008010864,34.8730010986328,0.0317730009555817,0,129.383407592773,-86.385,25.7311,33.7767981627745,63,63,63,63,61,63,0,8047,1.25895569026649,26,-86,0.001869,51,2025-03-04 15:08:43.001621,786,1.037,0.0011,"aoml_navis",1030.97664292426
"7901009",63,0,1,0.029904,1,0.007476,1,134.366157900974,1,4.84972500521812,788,1,6.46199989318848,34.8730010986328,0.0299040004611015,0,129.56950378418,-86.385,25.7311,33.7767981627745,63,63,63,63,61,63,0,8047,1.25895569026649,26,-86,0.001869,51,2025-03-04 15:08:43.001621,788,1.037,0.0011,"aoml_navis",1030.98629192793
"7901009",63,0,1,0.026166,1,0.003738,1,134.585695476133,1,4.84967324779175,790,1,6.44899988174438,34.8730010986328,0.0261659994721413,0,129.781204223633,-86.385,25.7311,33.7767981627745,63,63,63,63,61,63,0,8047,1.25895569026649,26,-86,0.001869,51,2025-03-04 15:08:43.001621,790,1.037,0.0011,"aoml_navis",1030.9972949779
"7901009",63,0,1,0.031773,1,0.009345,1,134.898972462798,1,4.84962078924592,792,1,6.43499994277954,34.8730010986328,0.0317730009555817,0,130.083297729492,-86.385,25.7311,33.7767981627745,63,63,63,63,61,63,0,8047,1.25895569026649,26,-86,0.001869,51,2025-03-04 15:08:43.001621,792,1.037,0.0011,"aoml_navis",1031.00844731769
"7901009",63,0,1,0.031773,1,0.009345,1,135.236428014753,1,4.8495669246272,794,1,6.41900014877319,34.8730010986328,0.0317730009555817,0,130.408706665039,-86.385,25.7311,33.7767981627745,63,63,63,63,61,63,0,8047,1.25895569026649,26,-86,0.001869,51,2025-03-04 15:08:43.001621,794,1.037,0.0011,"aoml_navis",1031.01989883032
"7901009",63,0,4,0.024297,1,0.001869,1,135.589216701372,1,4.84950601258555,796,1,6.39300012588501,34.8730010986328,0.0242970008403063,0,130.748901367188,-86.385,25.7311,33.7767981627745,63,63,63,63,61,63,0,8047,1.25895569026649,26,-86,0.001869,51,2025-03-04 15:08:43.001621,796,1.037,0.0011,"aoml_navis",1031.03284891778
"7901009",63,0,1,0.031773,1,0.009345,1,135.836334930524,1,4.84945358177248,798,1,6.37900018692017,34.8730010986328,0.0317730009555817,0,130.987197875977,-86.385,25.7311,33.7767981627745,63,63,63,63,61,63,0,8047,1.25895569026649,26,-86,0.001869,51,2025-03-04 15:08:43.001621,798,1.037,0.0011,"aoml_navis",1031.04399613049
"7901009",63,0,1,0.031773,1,0.009345,1,136.10554300074,1,4.84939974895467,800,1,6.36299991607666,34.8730010986328,0.0317730009555817,0,131.246795654297,-86.385,25.7311,33.7767981627745,63,63,63,63,61,63,0,8047,1.25895569026649,26,-86,0.001869,51,2025-03-04 15:08:43.001621,800,1.037,0.0011,"aoml_navis",1031.05544167147
"7901009",63,0,1,0.029904,1,0.007476,1,136.353705592005,1,4.84935014858616,802,1,6.35300016403198,34.8730010986328,0.0299040004611015,0,131.486099243164,-86.385,25.7311,33.7767981627745,63,63,63,63,61,63,0,8047,1.25895569026649,26,-86,0.001869,51,2025-03-04 15:08:43.001621,802,1.037,0.0011,"aoml_navis",1031.0659875649
"7901009",63,0,1,0.029904,1,0.007476,1,136.581329061707,1,4.84929844089781,804,1,6.34000015258789,34.8730010986328,0.0299040004611015,0,131.705596923828,-86.385,25.7311,33.7767981627745,63,63,63,63,61,63,0,8047,1.25895569026649,26,-86,0.001869,51,2025-03-04 15:08:43.001621,804,1.037,0.0011,"aoml_navis",1031.07698174054
"7901009",63,0,1,0.026166,1,0.003738,1,136.783349835965,1,4.84924252157658,806,1,6.32100009918213,34.8730010986328,0.0261659994721413,0,131.900405883789,-86.385,25.7311,33.7767981627745,63,63,63,63,61,63,0,8047,1.25895569026649,26,-86,0.001869,51,2025-03-04 15:08:43.001621,806,1.037,0.0011,"aoml_navis",1031.08887166452
"7901009",63,0,1,0.031773,1,0.009345,1,137.028806579936,1,4.84919434078179,808,1,6.31300020217896,34.8730010986328,0.0317730009555817,0,132.137100219727,-86.385,25.7311,33.7767981627745,63,63,63,63,61,63,0,8047,1.25895569026649,26,-86,0.001869,51,2025-03-04 15:08:43.001621,808,1.037,0.0011,"aoml_navis",1031.0991163934
"7901009",63,0,1,0.029904,1,0.007476,1,137.282871399508,1,4.84914616229283,810,1,6.30499982833862,34.8730010986328,0.0299040004611015,0,132.382095336914,-86.385,25.7311,33.7767981627745,63,63,63,63,61,63,0,8047,1.25895569026649,26,-86,0.001869,51,2025-03-04 15:08:43.001621,810,1.037,0.0011,"aoml_navis",1031.10936083557
"7901009",63,0,1,0.028035,1,0.005607,1,137.531144756452,1,4.84909096784565,812,1,6.28700017929077,34.8730010986328,0.0280349999666214,0,132.621505737305,-86.385,25.7311,33.7767981627745,63,63,63,63,61,63,0,8047,1.25895569026649,26,-86,0.001869,51,2025-03-04 15:08:43.001621,812,1.037,0.0011,"aoml_navis",1031.12109736753
"7901009",63,0,1,0.029904,1,0.007476,1,137.727959543811,1,4.84903999145633,814,1,6.27500009536743,34.8730010986328,0.0299040004611015,0,132.811294555664,-86.385,25.7311,33.7767981627745,63,63,63,63,61,63,0,8047,1.25895569026649,26,-86,0.001869,51,2025-03-04 15:08:43.001621,814,1.037,0.0011,"aoml_navis",1031.13193721018
"7901009",63,0,1,0.029904,1,0.007476,1,137.845671812919,1,4.84899392731985,816,1,6.26999998092651,34.8730010986328,0.0299040004611015,0,132.9248046875,-86.385,25.7311,33.7767981627745,63,63,63,63,61,63,0,8047,1.25895569026649,26,-86,0.001869,51,2025-03-04 15:08:43.001621,816,1.037,0.0011,"aoml_navis",1031.1417326859
"7901009",63,0,1,0.031773,1,0.009345,1,138.072773101565,1,4.84894646294577,818,1,6.26300001144409,34.8730010986328,0.0317730009555817,0,133.143798828125,-86.385,25.7311,33.7767981627745,63,63,63,63,61,63,0,8047,1.25895569026649,26,-86,0.001869,51,2025-03-04 15:08:43.001621,818,1.037,0.0011,"aoml_navis",1031.15182611492
"7901009",63,0,1,0.029904,1,0.007476,1,138.243051597044,1,4.84889689821201,820,1,6.25299978256226,34.8730010986328,0.0299040004611015,0,133.307998657227,-86.385,25.7311,33.7767981627745,63,63,63,63,61,63,0,8047,1.25895569026649,26,-86,0.001869,51,2025-03-04 15:08:43.001621,820,1.037,0.0011,"aoml_navis",1031.16236640208
"7901009",63,0,1,0.031773,1,0.009345,1,138.434486337153,1,4.84885013975237,822,1,6.24700021743774,34.8730010986328,0.0317730009555817,0,133.492599487305,-86.385,25.7311,33.7767981627745,63,63,63,63,61,63,0,8047,1.25895569026649,26,-86,0.001869,51,2025-03-04 15:08:43.001621,822,1.037,0.0011,"aoml_navis",1031.17231011296
"7901009",63,0,1,0.029904,1,0.007476,1,138.79287660238,1,4.84879988084932,824,1,6.23600006103516,34.8730010986328,0.0299040004611015,0,133.838195800781,-86.385,25.7311,33.7767981627745,63,63,63,63,61,63,0,8047,1.25895569026649,26,-86,0.001869,51,2025-03-04 15:08:43.001621,824,1.037,0.0011,"aoml_navis",1031.18299844625
"7901009",63,0,1,0.031773,1,0.009345,1,139.042795620836,1,4.84874053134819,826,1,6.21199989318848,34.8730010986328,0.0317730009555817,0,134.079193115234,-86.385,25.7311,33.7767981627745,63,63,63,63,61,63,0,8047,1.25895569026649,26,-86,0.001869,51,2025-03-04 15:08:43.001621,826,1.037,0.0011,"aoml_navis",1031.19562032117
"7901009",63,0,1,0.026166,1,0.003738,1,139.270324148528,1,4.84869308191271,828,1,6.20499992370605,34.8730010986328,0.0261659994721413,0,134.298599243164,-86.385,25.7311,33.7767981627745,63,63,63,63,61,63,0,8047,1.25895569026649,26,-86,0.001869,51,2025-03-04 15:08:43.001621,828,1.037,0.0011,"aoml_navis",1031.20571162809
"7901009",63,0,1,0.029904,1,0.007476,1,139.577382433518,1,4.84864283911778,830,1,6.19399976730347,34.8730010986328,0.0299040004611015,0,134.594696044922,-86.385,25.7311,33.7767981627745,63,63,63,63,61,63,0,8047,1.25895569026649,26,-86,0.001869,51,2025-03-04 15:08:43.001621,830,1.037,0.0011,"aoml_navis",1031.21639722792
"7901009",63,0,1,0.029904,1,0.007476,1,139.837681778434,1,4.84858841129479,832,1,6.17700004577637,34.8730010986328,0.0299040004611015,0,134.845703125,-86.385,25.7311,33.7767981627745,63,63,63,63,61,63,0,8047,1.25895569026649,26,-86,0.001869,51,2025-03-04 15:08:43.001621,832,1.037,0.0011,"aoml_navis",1031.22797314627
"7901009",63,0,1,0.029904,1,0.007476,1,140.046633319443,1,4.84852961216007,834,1,6.15899991989136,34.8740005493164,0.0299040004611015,0,135.04719543457,-86.385,25.7311,33.7767981627745,63,63,63,63,61,63,0,8047,1.25895569026649,26,-86,0.001869,51,2025-03-04 15:08:43.001621,834,1.037,0.0011,"aoml_navis",1031.24047906401
"7901009",63,0,1,0.031773,1,0.009345,1,140.142983636233,1,4.84848287298998,836,1,6.15299987792969,34.8740005493164,0.0317730009555817,0,135.140106201172,-86.385,25.7311,33.7767981627745,63,63,63,63,61,63,0,8047,1.25895569026649,26,-86,0.001869,51,2025-03-04 15:08:43.001621,836,1.037,0.0011,"aoml_navis",1031.25042017867
"7901009",63,0,1,0.029904,1,0.007476,1,140.250204813202,1,4.84843753060417,838,1,6.14900016784668,34.8740005493164,0.0299040004611015,0,135.243499755859,-86.385,25.7311,33.7767981627745,63,63,63,63,61,63,0,8047,1.25895569026649,26,-86,0.001869,51,2025-03-04 15:08:43.001621,838,1.037,0.0011,"aoml_navis",1031.26006438964
"7901009",63,0,1,0.028035,1,0.005607,1,140.443395980502,1,4.84839726795339,840,1,6.14699983596802,34.8730010986328,0.0280349999666214,0,135.429794311523,-86.385,25.7311,33.7767981627745,63,63,63,63,61,63,0,8047,1.25895569026649,26,-86,0.001869,51,2025-03-04 15:08:43.001621,840,1.037,0.0011,"aoml_navis",1031.268628305
"7901009",63,0,1,0.029904,1,0.007476,1,140.753160112785,1,4.84834844258272,842,1,6.13800001144409,34.8730010986328,0.0299040004611015,0,135.728500366211,-86.385,25.7311,33.7767981627745,63,63,63,63,61,63,0,8047,1.25895569026649,26,-86,0.001869,51,2025-03-04 15:08:43.001621,842,1.037,0.0011,"aoml_navis",1031.27901371224
"7901009",63,0,1,0.028035,1,0.005607,1,140.993853932573,1,4.84828966636546,844,1,6.11999988555908,34.8740005493164,0.0280349999666214,0,135.960601806641,-86.385,25.7311,33.7767981627745,63,63,63,63,61,63,0,8047,1.25895569026649,26,-86,0.001869,51,2025-03-04 15:08:43.001621,844,1.037,0.0011,"aoml_navis",1031.29151599316
"7901009",63,0,1,0.031773,1,0.009345,1,141.159670153568,1,4.84824433121983,846,1,6.11600017547607,34.8740005493164,0.0317730009555817,0,136.120498657227,-86.385,25.7311,33.7767981627745,63,63,63,63,61,63,0,8047,1.25895569026649,26,-86,0.001869,51,2025-03-04 15:08:43.001621,846,1.037,0.0011,"aoml_navis",1031.3011594327
"7901009",63,0,1,0.033642,1,0.011214,1,141.392072371123,1,4.84819621199855,848,1,6.10799980163574,34.8740005493164,0.0336420014500618,0,136.344604492188,-86.385,25.7311,33.7767981627745,63,63,63,63,61,63,0,8047,1.25895569026649,26,-86,0.001869,51,2025-03-04 15:08:43.001621,848,1.037,0.0011,"aoml_navis",1031.31139528259
"7901009",63,0,1,0.031773,1,0.009345,1,141.601134677811,1,4.84814322464848,850,1,6.09299993515015,34.8740005493164,0.0317730009555817,0,136.546203613281,-86.385,25.7311,33.7767981627745,63,63,63,63,61,63,0,8047,1.25895569026649,26,-86,0.001869,51,2025-03-04 15:08:43.001621,850,1.037,0.0011,"aoml_navis",1031.32266690874
"7901009",63,0,1,0.031773,1,0.009345,1,141.804911879259,1,4.84809163550663,852,1,6.07999992370605,34.8740005493164,0.0317730009555817,0,136.742706298828,-86.385,25.7311,33.7767981627745,63,63,63,63,61,63,0,8047,1.25895569026649,26,-86,0.001869,51,2025-03-04 15:08:43.001621,852,1.037,0.0011,"aoml_navis",1031.33364134061
"7901009",63,0,1,0.031773,1,0.009345,1,141.986282766275,1,4.84804561212953,854,1,6.07499980926514,34.8740005493164,0.0317730009555817,0,136.917602539062,-86.385,25.7311,33.7767981627745,63,63,63,63,61,63,0,8047,1.25895569026649,26,-86,0.001869,51,2025-03-04 15:08:43.001621,854,1.037,0.0011,"aoml_navis",1031.34343197809
"7901009",63,0,1,0.028035,1,0.005607,1,142.19430071085,1,4.84800167640805,856,1,6.07299995422363,34.8740005493164,0.0280349999666214,0,137.118194580078,-86.385,25.7311,33.7767981627745,63,63,63,63,61,63,0,8047,1.25895569026649,26,-86,0.001869,51,2025-03-04 15:08:43.001621,856,1.037,0.0011,"aoml_navis",1031.3527786782
"7901009",63,0,1,0.024297,1,0.001869,1,142.453460751642,1,4.84795148604034,858,1,6.06199979782104,34.8740005493164,0.0242970008403063,0,137.368103027344,-86.385,25.7311,33.7767981627745,63,63,63,63,61,63,0,8047,1.25895569026649,26,-86,0.001869,51,2025-03-04 15:08:43.001621,858,1.037,0.0011,"aoml_navis",1031.36345617267
"7901009",63,0,1,0.028035,1,0.005607,1,142.814034683106,1,4.84789921660332,860,1,6.0479998588562,34.8740005493164,0.0280349999666214,0,137.715805053711,-86.385,25.7311,33.7767981627745,63,63,63,63,61,63,0,8047,1.25895569026649,26,-86,0.001869,51,2025-03-04 15:08:43.001621,860,1.037,0.0011,"aoml_navis",1031.37457620319
"7901009",63,0,1,0.029904,1,0.007476,1,143.135302622305,1,4.84784257682259,862,1,6.03299999237061,34.875,0.0299040004611015,0,138.025604248047,-86.385,25.7311,33.7767981627745,63,63,63,63,61,63,0,8047,1.25895569026649,26,-86,0.001869,51,2025-03-04 15:08:43.001621,862,1.037,0.0011,"aoml_navis",1031.3866262706
"7901009",63,0,1,0.022428,1,0,1,143.548031364763,1,4.84779539169787,864,1,6.02099990844727,34.8740005493164,0.0224280003458261,0,138.423599243164,-86.385,25.7311,33.7767981627745,63,63,63,63,61,63,0,8047,1.25895569026649,26,-86,0.001869,51,2025-03-04 15:08:43.001621,864,1.037,0.0011,"aoml_navis",1031.3966650826
"7901009",63,0,1,0.028035,1,0.005607,1,143.905076618178,1,4.84773045442032,866,1,5.99399995803833,34.875,0.0280349999666214,0,138.76789855957,-86.385,25.7311,33.7767981627745,63,63,63,63,61,63,0,8047,1.25895569026649,26,-86,0.001869,51,2025-03-04 15:08:43.001621,866,1.037,0.0011,"aoml_navis",1031.41048105115
"7901009",63,0,1,0.031773,1,0.009345,1,144.097444954721,1,4.84768375459748,868,1,5.98799991607666,34.875,0.0317730009555817,0,138.953399658203,-86.385,25.7311,33.7767981627745,63,63,63,63,61,63,0,8047,1.25895569026649,26,-86,0.001869,51,2025-03-04 15:08:43.001621,868,1.037,0.0011,"aoml_navis",1031.42041707198
"7901009",63,0,1,0.029904,1,0.007476,1,144.320511207929,1,4.84763567272176,870,1,5.98000001907349,34.875,0.0299040004611015,0,139.168502807617,-86.385,25.7311,33.7767981627745,63,63,63,63,61,63,0,8047,1.25895569026649,26,-86,0.001869,51,2025-03-04 15:08:43.001621,870,1.037,0.0011,"aoml_navis",1031.43064734333
"7901009",63,0,1,0.031773,1,0.009345,1,144.541805210278,1,4.847586901712,872,1,5.97100019454956,34.875,0.0317730009555817,0,139.381896972656,-86.385,25.7311,33.7767981627745,63,63,63,63,61,63,0,8047,1.25895569026649,26,-86,0.001869,51,2025-03-04 15:08:43.001621,872,1.037,0.0011,"aoml_navis",1031.44102444748
"7901009",63,0,1,0.029904,1,0.007476,1,144.756880510952,1,4.84752891959936,874,1,5.9539999961853,34.8759994506836,0.0299040004611015,0,139.589294433594,-86.385,25.7311,33.7767981627745,63,63,63,63,61,63,0,8047,1.25895569026649,26,-86,0.001869,51,2025-03-04 15:08:43.001621,874,1.037,0.0011,"aoml_navis",1031.45336168789
"7901009",63,0,1,0.026166,1,0.003738,1,144.833419594925,1,4.84747946566408,876,1,5.94399976730347,34.8759994506836,0.0261659994721413,0,139.663101196289,-86.385,25.7311,33.7767981627745,63,63,63,63,61,63,0,8047,1.25895569026649,26,-86,0.001869,51,2025-03-04 15:08:43.001621,876,1.037,0.0011,"aoml_navis",1031.46388456439
"7901009",63,0,1,0.033642,1,0.011214,1,144.81672562478,1,4.8474369232416,878,1,5.94399976730347,34.8759994506836,0.0336420014500618,0,139.647003173828,-86.385,25.7311,33.7767981627745,63,63,63,63,61,63,0,8047,1.25895569026649,26,-86,0.001869,51,2025-03-04 15:08:43.001621,878,1.037,0.0011,"aoml_navis",1031.47293697148
"7901009",63,0,1,0.024297,1,0.001869,1,144.869513382509,1,4.84739438336107,880,1,5.94399976730347,34.8759994506836,0.0242970008403063,0,139.697906494141,-86.385,25.7311,33.7767981627745,63,63,63,63,61,63,0,8047,1.25895569026649,26,-86,0.001869,51,2025-03-04 15:08:43.001621,880,1.037,0.0011,"aoml_navis",1031.48198899655
"7901009",63,0,1,0.029904,1,0.007476,1,144.961591308835,1,4.84735552895293,882,1,5.94399976730347,34.875,0.0299040004611015,0,139.786697387695,-86.385,25.7311,33.7767981627745,63,63,63,63,61,63,0,8047,1.25895569026649,26,-86,0.001869,51,2025-03-04 15:08:43.001621,882,1.037,0.0011,"aoml_navis",1031.49025693192
"7901009",63,0,1,0.029904,1,0.007476,1,145.139860756848,1,4.84731161102915,884,1,5.94199991226196,34.875,0.0299040004611015,0,139.958602905273,-86.385,25.7311,33.7767981627745,63,63,63,63,61,63,0,8047,1.25895569026649,26,-86,0.001869,51,2025-03-04 15:08:43.001621,884,1.037,0.0011,"aoml_navis",1031.49960250615
"7901009",63,0,1,0.029904,1,0.007476,1,145.356391835014,1,4.84725986360743,886,1,5.93400001525879,34.8759994506836,0.0299040004611015,0,140.167404174805,-86.385,25.7311,33.7767981627745,63,63,63,63,61,63,0,8047,1.25895569026649,26,-86,0.001869,51,2025-03-04 15:08:43.001621,886,1.037,0.0011,"aoml_navis",1031.51061438635
"7901009",63,0,1,0.029904,1,0.007476,1,145.520024389772,1,4.84721387498903,888,1,5.92899990081787,34.8759994506836,0.0299040004611015,0,140.3251953125,-86.385,25.7311,33.7767981627745,63,63,63,63,61,63,0,8047,1.25895569026649,26,-86,0.001869,51,2025-03-04 15:08:43.001621,888,1.037,0.0011,"aoml_navis",1031.52040098732
"7901009",63,0,1,0.031773,1,0.009345,1,145.785608839927,1,4.84716719708452,890,1,5.9229998588562,34.8759994506836,0.0317730009555817,0,140.581298828125,-86.385,25.7311,33.7767981627745,63,63,63,63,61,63,0,8047,1.25895569026649,26,-86,0.001869,51,2025-03-04 15:08:43.001621,890,1.037,0.0011,"aoml_navis",1031.53033446162
"7901009",63,0,1,0.026166,1,0.003738,1,146.130944578738,1,4.84712005838813,892,1,5.91099977493286,34.875,0.0261659994721413,0,140.914306640625,-86.385,25.7311,33.7767981627745,63,63,63,63,61,63,0,8047,1.25895569026649,26,-86,0.001869,51,2025-03-04 15:08:43.001621,892,1.037,0.0011,"aoml_navis",1031.54036619071
"7901009",63,0,1,0.026166,1,0.003738,1,146.52003276063,1,4.84706279873848,894,1,5.89499998092651,34.8759994506836,0.0261659994721413,0,141.289505004883,-86.385,25.7311,33.7767981627745,63,63,63,63,61,63,0,8047,1.25895569026649,26,-86,0.001869,51,2025-03-04 15:08:43.001621,894,1.037,0.0011,"aoml_navis",1031.55255205303
"7901009",63,0,1,0.031773,1,0.009345,1,146.897189896561,1,4.84700509436178,896,1,5.8730001449585,34.8759994506836,0.0317730009555817,0,141.653198242188,-86.385,25.7311,33.7767981627745,63,63,63,63,61,63,0,8047,1.25895569026649,26,-86,0.001869,51,2025-03-04 15:08:43.001621,896,1.037,0.0011,"aoml_navis",1031.56483285239
"7901009",63,0,1,0.024297,1,0.001869,1,147.264299003068,1,4.84694441355122,898,1,5.85200023651123,34.8769989013672,0.0242970008403063,0,142.007202148438,-86.385,25.7311,33.7767981627745,63,63,63,63,61,63,0,8047,1.25895569026649,26,-86,0.001869,51,2025-03-04 15:08:43.001621,898,1.037,0.0011,"aoml_navis",1031.57774741977
"7901009",63,0,1,0.028035,1,0.005607,1,147.53931435958,1,4.84688787484522,900,1,5.83699989318848,34.8779983520508,0.0280349999666214,0,142.272399902344,-86.385,25.7311,33.7767981627745,63,63,63,63,61,63,0,8047,1.25895569026649,26,-86,0.001869,51,2025-03-04 15:08:43.001621,900,1.037,0.0011,"aoml_navis",1031.58978072289
"7901009",63,0,1,0.029904,1,0.007476,1,147.676094149091,1,4.84684627339414,902,1,5.83300018310547,34.8769989013672,0.0299040004611015,0,142.404296875,-86.385,25.7311,33.7767981627745,63,63,63,63,61,63,0,8047,1.25895569026649,26,-86,0.001869,51,2025-03-04 15:08:43.001621,902,1.037,0.0011,"aoml_navis",1031.59863506432
"7901009",63,0,1,0.028035,1,0.005607,1,147.860170883401,1,4.84679180677103,904,1,5.82100009918213,34.8779983520508,0.0280349999666214,0,142.581802368164,-86.385,25.7311,33.7767981627745,63,63,63,63,61,63,0,8047,1.25895569026649,26,-86,0.001869,51,2025-03-04 15:08:43.001621,904,1.037,0.0011,"aoml_navis",1031.6102278243
"7901009",63,0,1,0.031773,1,0.009345,1,147.931931219522,1,4.8467451511328,906,1,5.81500005722046,34.8779983520508,0.0317730009555817,0,142.651000976562,-86.385,25.7311,33.7767981627745,63,63,63,63,61,63,0,8047,1.25895569026649,26,-86,0.001869,51,2025-03-04 15:08:43.001621,906,1.037,0.0011,"aoml_navis",1031.6201582894
"7901009",63,0,1,0.028035,1,0.005607,1,148.095674539959,1,4.8467012469937,908,1,5.81300020217896,34.8779983520508,0.0280349999666214,0,142.808898925781,-86.385,25.7311,33.7767981627745,63,63,63,63,61,63,0,8047,1.25895569026649,26,-86,0.001869,51,2025-03-04 15:08:43.001621,908,1.037,0.0011,"aoml_navis",1031.62950328358
"7901009",63,0,1,0.031773,1,0.009345,1,148.231947972081,1,4.84665596959943,910,1,5.80900001525879,34.8779983520508,0.0317730009555817,0,142.940307617188,-86.385,25.7311,33.7767981627745,63,63,63,63,61,63,0,8047,1.25895569026649,26,-86,0.001869,51,2025-03-04 15:08:43.001621,910,1.037,0.0011,"aoml_navis",1031.63914075239
"7901009",63,0,1,0.029904,1,0.007476,1,148.405232964553,1,4.84660657021176,912,1,5.79899978637695,34.8779983520508,0.0299040004611015,0,143.107406616211,-86.385,25.7311,33.7767981627745,63,63,63,63,61,63,0,8047,1.25895569026649,26,-86,0.001869,51,2025-03-04 15:08:43.001621,912,1.037,0.0011,"aoml_navis",1031.64965580888
"7901009",63,0,1,0.028035,1,0.005607,1,148.614912394308,1,4.8465599226354,914,1,5.79300022125244,34.8779983520508,0.0280349999666214,0,143.309600830078,-86.385,25.7311,33.7767981627745,63,63,63,63,61,63,0,8047,1.25895569026649,26,-86,0.001869,51,2025-03-04 15:08:43.001621,914,1.037,0.0011,"aoml_navis",1031.65958531699
"7901009",63,0,1,0.029904,1,0.007476,1,148.754492973123,1,4.8465088931885,916,1,5.78599977493286,34.8790016174316,0.0299040004611015,0,143.444198608398,-86.385,25.7311,33.7767981627745,63,63,63,63,61,63,0,8047,1.25895569026649,26,-86,0.001869,51,2025-03-04 15:08:43.001621,916,1.037,0.0011,"aoml_navis",1031.67044777886
"7901009",63,0,1,0.029904,1,0.007476,1,148.874167377111,1,4.84645950285947,918,1,5.77600002288818,34.8790016174316,0.0299040004611015,0,143.559600830078,-86.385,25.7311,33.7767981627745,63,63,63,63,61,63,0,8047,1.25895569026649,26,-86,0.001869,51,2025-03-04 15:08:43.001621,918,1.037,0.0011,"aoml_navis",1031.68096154521
"7901009",63,0,1,0.033642,1,0.011214,1,149.045585176714,1,4.84641492103281,920,1,5.77299976348877,34.8790016174316,0.0336420014500618,0,143.724899291992,-86.385,25.7311,33.7767981627745,63,63,63,63,61,63,0,8047,1.25895569026649,26,-86,0.001869,51,2025-03-04 15:08:43.001621,920,1.037,0.0011,"aoml_navis",1031.69045190511
"7901009",63,0,1,0.029904,1,0.007476,1,149.237542097879,1,4.84636965473655,922,1,5.76900005340576,34.8790016174316,0.0299040004611015,0,143.910003662109,-86.385,25.7311,33.7767981627745,63,63,63,63,61,63,0,8047,1.25895569026649,26,-86,0.001869,51,2025-03-04 15:08:43.001621,922,1.037,0.0011,"aoml_navis",1031.70008815017
"7901009",63,0,1,0.028035,1,0.005607,1,149.441730714705,1,4.84632233036056,924,1,5.76200008392334,34.8790016174316,0.0280349999666214,0,144.106903076172,-86.385,25.7311,33.7767981627745,63,63,63,63,61,63,0,8047,1.25895569026649,26,-86,0.001869,51,2025-03-04 15:08:43.001621,924,1.037,0.0011,"aoml_navis",1031.71016270971
"7901009",63,0,1,0.029904,1,0.007476,1,149.723581895959,1,4.84627294927896,926,1,5.7519998550415,34.8790016174316,0.0299040004611015,0,144.378692626953,-86.385,25.7311,33.7767981627745,63,63,63,63,61,63,0,8047,1.25895569026649,26,-86,0.001869,51,2025-03-04 15:08:43.001621,926,1.037,0.0011,"aoml_navis",1031.72067531688
"7901009",63,0,1,0.029904,1,0.007476,1,150.04962858301,1,4.84622220024176,928,1,5.73999977111816,34.8790016174316,0.0299040004611015,0,144.693099975586,-86.385,25.7311,33.7767981627745,63,63,63,63,61,63,0,8047,1.25895569026649,26,-86,0.001869,51,2025-03-04 15:08:43.001621,928,1.037,0.0011,"aoml_navis",1031.7314793677
"7901009",63,0,1,0.029904,1,0.007476,1,150.490570926196,1,4.84617214189086,930,1,5.72900009155273,34.8790016174316,0.0299040004611015,0,145.118301391602,-86.385,25.7311,33.7767981627745,63,63,63,63,61,63,0,8047,1.25895569026649,26,-86,0.001869,51,2025-03-04 15:08:43.001621,930,1.037,0.0011,"aoml_navis",1031.74213659879
"7901009",63,0,1,0.031773,1,0.009345,1,150.938871275181,1,4.84611429590812,932,1,5.71199989318848,34.8800010681152,0.0317730009555817,0,145.550598144531,-86.385,25.7311,33.7767981627745,63,63,63,63,61,63,0,8047,1.25895569026649,26,-86,0.001869,51,2025-03-04 15:08:43.001621,932,1.037,0.0011,"aoml_navis",1031.75445206107
"7901009",63,0,1,0.029904,1,0.007476,1,151.325269433448,1,4.84606014246307,934,1,5.69500017166138,34.8800010681152,0.0299040004611015,0,145.923202514648,-86.385,25.7311,33.7767981627745,63,63,63,63,61,63,0,8047,1.25895569026649,26,-86,0.001869,51,2025-03-04 15:08:43.001621,934,1.037,0.0011,"aoml_navis",1031.76598164518
"7901009",63,0,1,0.031773,1,0.009345,1,151.694957797901,1,4.846010100784,936,1,5.68400001525879,34.8800010681152,0.0317730009555817,0,146.279693603516,-86.385,25.7311,33.7767981627745,63,63,63,63,61,63,0,8047,1.25895569026649,26,-86,0.001869,51,2025-03-04 15:08:43.001621,936,1.037,0.0011,"aoml_navis",1031.77663603943
"7901009",63,0,1,0.028035,1,0.005607,1,152.131232158914,1,4.84595364820935,938,1,5.66900014877319,34.8810005187988,0.0280349999666214,0,146.700393676758,-86.385,25.7311,33.7767981627745,63,63,63,63,61,63,0,8047,1.25895569026649,26,-86,0.001869,51,2025-03-04 15:08:43.001621,938,1.037,0.0011,"aoml_navis",1031.78865564419
"7901009",63,0,1,0.029904,1,0.007476,1,152.546461040976,1,4.84589678990832,940,1,5.64799976348877,34.8810005187988,0.0299040004611015,0,147.100799560547,-86.385,25.7311,33.7767981627745,63,63,63,63,61,63,0,8047,1.25895569026649,26,-86,0.001869,51,2025-03-04 15:08:43.001621,940,1.037,0.0011,"aoml_navis",1031.8007619173
"7901009",63,0,1,0.028035,1,0.005607,1,152.984286121491,1,4.84583967447015,942,1,5.63199996948242,34.8819999694824,0.0280349999666214,0,147.522994995117,-86.385,25.7311,33.7767981627745,63,63,63,63,61,63,0,8047,1.25895569026649,26,-86,0.001869,51,2025-03-04 15:08:43.001621,942,1.037,0.0011,"aoml_navis",1031.81292322609
"7901009",63,0,1,0.031773,1,0.009345,1,153.448457609865,1,4.8457923828191,944,1,5.625,34.8819999694824,0.0317730009555817,0,147.970596313477,-86.385,25.7311,33.7767981627745,63,63,63,63,61,63,0,8047,1.25895569026649,26,-86,0.001869,51,2025-03-04 15:08:43.001621,944,1.037,0.0011,"aoml_navis",1031.82299302125
"7901009",63,0,1,0.031773,1,0.009345,1,153.977759317307,1,4.8457341960287,946,1,5.60200023651123,34.8819999694824,0.0317730009555817,0,148.481002807617,-86.385,25.7311,33.7767981627745,63,63,63,63,61,63,0,8047,1.25895569026649,26,-86,0.001869,51,2025-03-04 15:08:43.001621,946,1.037,0.0011,"aoml_navis",1031.83538298442
"7901009",63,0,1,0.028035,1,0.005607,1,154.317794127209,1,4.84567166683835,948,1,5.57800006866455,34.882999420166,0.0280349999666214,0,148.808898925781,-86.385,25.7311,33.7767981627745,63,63,63,63,61,63,0,8047,1.25895569026649,26,-86,0.001869,51,2025-03-04 15:08:43.001621,948,1.037,0.0011,"aoml_navis",1031.84869792516
"7901009",63,0,1,0.029904,1,0.007476,1,154.494718563409,1,4.84561934547484,950,1,5.56899976730347,34.8839988708496,0.0299040004611015,0,148.979507446289,-86.385,25.7311,33.7767981627745,63,63,63,63,61,63,0,8047,1.25895569026649,26,-86,0.001869,51,2025-03-04 15:08:43.001621,950,1.037,0.0011,"aoml_navis",1031.85983947941
"7901009",63,0,1,0.029904,1,0.007476,1,154.622478861941,1,4.84556867249674,952,1,5.55700016021729,34.8839988708496,0.0299040004611015,0,149.10270690918,-86.385,25.7311,33.7767981627745,63,63,63,63,61,63,0,8047,1.25895569026649,26,-86,0.001869,51,2025-03-04 15:08:43.001621,952,1.037,0.0011,"aoml_navis",1031.87063024817
"7901009",63,0,1,0.028035,1,0.005607,1,154.658461883846,1,4.84552411401401,954,1,5.55399990081787,34.8839988708496,0.0280349999666214,0,149.137405395508,-86.385,25.7311,33.7767981627745,63,63,63,63,61,63,0,8047,1.25895569026649,26,-86,0.001869,51,2025-03-04 15:08:43.001621,954,1.037,0.0011,"aoml_navis",1031.88011912669
"7901009",63,0,1,0.033642,1,0.011214,1,154.758419997027,1,4.8454815952048,956,1,5.55399990081787,34.8839988708496,0.0336420014500618,0,149.233795166016,-86.385,25.7311,33.7767981627745,63,63,63,63,61,63,0,8047,1.25895569026649,26,-86,0.001869,51,2025-03-04 15:08:43.001621,956,1.037,0.0011,"aoml_navis",1031.88917381259
"7901009",63,0,1,0.026166,1,0.003738,1,154.811207754756,1,4.84543839950929,958,1,5.55299997329712,34.8839988708496,0.0261659994721413,0,149.284698486328,-86.385,25.7311,33.7767981627745,63,63,63,63,61,63,0,8047,1.25895569026649,26,-86,0.001869,51,2025-03-04 15:08:43.001621,958,1.037,0.0011,"aoml_navis",1031.89837280902
"7901009",63,0,1,0.031773,1,0.009345,1,154.966137291903,1,4.84539316725645,960,1,5.54899978637695,34.8839988708496,0.0317730009555817,0,149.434097290039,-86.385,25.7311,33.7767981627745,63,63,63,63,61,63,0,8047,1.25895569026649,26,-86,0.001869,51,2025-03-04 15:08:43.001621,960,1.037,0.0011,"aoml_navis",1031.90800568844
"7901009",63,0,1,0.029904,1,0.007476,1,155.183601966503,1,4.8453472577124,962,1,5.54400014877319,34.8839988708496,0.0299040004611015,0,149.643798828125,-86.385,25.7311,33.7767981627745,63,63,63,63,61,63,0,8047,1.25895569026649,26,-86,0.001869,51,2025-03-04 15:08:43.001621,962,1.037,0.0011,"aoml_navis",1031.91778299098
"7901009",63,0,1,0.028035,1,0.005607,1,155.38396125558,1,4.84529863254176,964,1,5.53499984741211,34.8839988708496,0.0280349999666214,0,149.837005615234,-86.385,25.7311,33.7767981627745,63,63,63,63,61,63,0,8047,1.25895569026649,26,-86,0.001869,51,2025-03-04 15:08:43.001621,964,1.037,0.0011,"aoml_navis",1031.92813883942
"7901009",63,0,1,0.029904,1,0.007476,1,155.593529919657,1,4.84525408502383,966,1,5.53200006484985,34.8839988708496,0.0299040004611015,0,150.039093017578,-86.385,25.7311,33.7767981627745,63,63,63,63,61,63,0,8047,1.25895569026649,26,-86,0.001869,51,2025-03-04 15:08:43.001621,966,1.037,0.0011,"aoml_navis",1031.93762644037
"7901009",63,0,1,0.029904,1,0.007476,1,155.918437302584,1,4.8452038201358,968,1,5.52600002288818,34.8849983215332,0.0299040004611015,0,150.352401733398,-86.385,25.7311,33.7767981627745,63,63,63,63,61,63,0,8047,1.25895569026649,26,-86,0.001869,51,2025-03-04 15:08:43.001621,968,1.037,0.0011,"aoml_navis",1031.94833191968
"7901009",63,0,1,0.028035,1,0.005607,1,156.315199963642,1,4.84515180842887,970,1,5.51200008392334,34.8849983215332,0.0280349999666214,0,150.735000610352,-86.385,25.7311,33.7767981627745,63,63,63,63,61,63,0,8047,1.25895569026649,26,-86,0.001869,51,2025-03-04 15:08:43.001621,970,1.037,0.0011,"aoml_navis",1031.95940967252
"7901009",63,0,1,0.028035,1,0.005607,1,156.68935060258,1,4.84509912548423,972,1,5.49700021743774,34.8849983215332,0.0280349999666214,0,151.095794677734,-86.385,25.7311,33.7767981627745,63,63,63,63,61,63,0,8047,1.25895569026649,26,-86,0.001869,51,2025-03-04 15:08:43.001621,972,1.037,0.0011,"aoml_navis",1031.97063063189
"7901009",63,0,1,0.028035,1,0.005607,1,156.99631394556,1,4.84504072230074,974,1,5.47900009155273,34.8860015869141,0.0280349999666214,0,151.391799926758,-86.385,25.7311,33.7767981627745,63,63,63,63,61,63,0,8047,1.25895569026649,26,-86,0.001869,51,2025-03-04 15:08:43.001621,974,1.037,0.0011,"aoml_navis",1031.98307023221
"7901009",63,0,1,0.026166,1,0.003738,1,157.20330335169,1,4.84499618170807,976,1,5.47599983215332,34.8860015869141,0.0261659994721413,0,151.591400146484,-86.385,25.7311,33.7767981627745,63,63,63,63,61,63,0,8047,1.25895569026649,26,-86,0.001869,51,2025-03-04 15:08:43.001621,976,1.037,0.0011,"aoml_navis",1031.99255736818
"7901009",63,0,1,0.033642,1,0.011214,1,157.413188489134,1,4.8449516432411,978,1,5.47300004959106,34.8860015869141,0.0336420014500618,0,151.793792724609,-86.385,25.7311,33.7767981627745,63,63,63,63,61,63,0,8047,1.25895569026649,26,-86,0.001869,51,2025-03-04 15:08:43.001621,978,1.037,0.0011,"aoml_navis",1032.00204422581
"7901009",63,0,1,0.031773,1,0.009345,1,161.863974990152,1,4.84441070890551,999.700012207031,1,5.3713002204895,34.8889999389648,0.0317730009555817,0,156.085693359375,-86.385,25.7311,33.7767981627745,63,63,63,63,61,63,0,8047,1.25895569026649,26,-86,0.001869,51,2025-03-04 15:08:43.001621,999.700012207031,1.037,0.0011,"aoml_navis",1032.11727915812
"7901009",63,0,1,0.028035,1,0.005607,1,168.493648980298,1,4.84318890108167,1049.59997558594,1,5.16890001296997,34.8959999084473,0.0280349999666214,0,162.478698730469,-86.385,25.7311,33.7767981627745,63,63,63,63,61,63,0,8047,1.25895569026649,26,-86,0.001869,51,2025-03-04 15:08:43.001621,1049.59997558594,1.037,0.0011,"aoml_navis",1032.37765491313
"7901009",63,0,1,0.031773,1,0.009345,1,175.040770892486,1,4.84195517687406,1099.69995117188,1,4.9524998664856,34.9029998779297,0.0317730009555817,0,168.792098999023,-86.385,25.7311,33.7767981627745,63,63,63,63,61,63,0,8047,1.25895569026649,26,-86,0.001869,51,2025-03-04 15:08:43.001621,1099.69995117188,1.037,0.0011,"aoml_navis",1032.6407034664
"7901009",63,0,1,0.031773,1,0.009345,1,180.088885051328,1,4.84078627377025,1149.19995117188,1,4.80679988861084,34.9090003967285,0.0317730009555817,0,173.660003662109,-86.385,25.7311,33.7767981627745,63,63,63,63,61,63,0,8047,1.25895569026649,26,-86,0.001869,51,2025-03-04 15:08:43.001621,1149.19995117188,1.037,0.0011,"aoml_navis",1032.89005488477
"7901009",63,0,1,0.029904,1,0.007476,1,184.60033949693,1,4.83962534769176,1199.30004882812,1,4.68510007858276,34.9140014648438,0.0299040004611015,0,178.010406494141,-86.385,25.7311,33.7767981627745,63,63,63,63,61,63,0,8047,1.25895569026649,26,-86,0.001869,51,2025-03-04 15:08:43.001621,1199.30004882812,1.037,0.0011,"aoml_navis",1033.13782385753
"7901009",63,0,1,0.031773,1,0.009345,1,188.167469060716,1,4.83850263215129,1249.09997558594,1,4.59880018234253,34.9169998168945,0.0317730009555817,0,181.4501953125,-86.385,25.7311,33.7767981627745,63,63,63,63,61,63,0,8047,1.25895569026649,26,-86,0.001869,51,2025-03-04 15:08:43.001621,1249.09997558594,1.037,0.0011,"aoml_navis",1033.37755089262
"7901009",63,0,1,0.031773,1,0.009345,1,192.319916118024,1,4.83738049280828,1298.90002441406,1,4.51730012893677,34.9210014343262,0.0317730009555817,0,185.454406738281,-86.385,25.7311,33.7767981627745,63,63,63,63,61,63,0,8047,1.25895569026649,26,-86,0.001869,51,2025-03-04 15:08:43.001621,1298.90002441406,1.037,0.0011,"aoml_navis",1033.61726608719
"7901009",63,0,1,0.029904,1,0.007476,1,195.438539625137,1,4.8362368677168,1350.09997558594,1,4.44630002975464,34.9249992370605,0.0299040004611015,0,188.461700439453,-86.385,25.7311,33.7767981627745,63,63,63,63,61,63,0,8047,1.25895569026649,26,-86,0.001869,51,2025-03-04 15:08:43.001621,1350.09997558594,1.037,0.0011,"aoml_navis",1033.86168559616
"7901009",63,0,1,0.029904,1,0.007476,1,196.768930368183,1,4.83516615751315,1399.40002441406,1,4.40630006790161,34.9259986877441,0.0299040004611015,0,189.744598388672,-86.385,25.7311,33.7767981627745,63,63,63,63,61,63,0,8047,1.25895569026649,26,-86,0.001869,51,2025-03-04 15:08:43.001621,1399.40002441406,1.037,0.0011,"aoml_navis",1034.09062628194
"7901009",63,0,1,0.033642,1,0.011214,1,197.923868276188,1,4.83409368577807,1449.09997558594,1,4.3798999786377,34.9280014038086,0.0336420014500618,0,190.858306884766,-86.385,25.7311,33.7767981627745,63,63,63,63,61,63,0,8047,1.25895569026649,26,-86,0.001869,51,2025-03-04 15:08:43.001621,1449.09997558594,1.037,0.0011,"aoml_navis",1034.32004528792
"7901009",63,0,4,0.022428,1,0,1,199.065197829383,1,4.83300944188441,1499.90002441406,1,4.35750007629395,34.9280014038086,0.0224280003458261,0,191.958892822266,-86.385,25.7311,33.7767981627745,63,63,63,63,61,63,0,8047,1.25895569026649,26,-86,0.001869,51,2025-03-04 15:08:43.001621,1499.90002441406,1.037,0.0011,"aoml_navis",1034.55208604982
"7901009",63,0,1,0.031773,1,0.009345,1,199.887870348663,1,4.8319487275735,1549.90002441406,1,4.34829998016357,34.9290008544922,0.0317730009555817,0,192.752197265625,-86.385,25.7311,33.7767981627745,63,63,63,63,61,63,0,8047,1.25895569026649,26,-86,0.001869,51,2025-03-04 15:08:43.001621,1549.90002441406,1.037,0.0011,"aoml_navis",1034.77919197849
"7901009",63,0,1,0.031773,1,0.009345,1,201.04435897617,1,4.83090101033074,1599.09997558594,1,4.33139991760254,34.9300003051758,0.0317730009555817,0,193.867401123047,-86.385,25.7311,33.7767981627745,63,63,63,63,61,63,0,8047,1.25895569026649,26,-86,0.001869,51,2025-03-04 15:08:43.001621,1599.09997558594,1.037,0.0011,"aoml_navis",1035.0036130543
"7901009",63,0,1,0.033642,1,0.011214,1,201.48840275836,1,4.82985055785094,1648.90002441406,1,4.32679986953735,34.9309997558594,0.0336420014500618,0,194.295593261719,-86.385,25.7311,33.7767981627745,63,63,63,63,61,63,0,8047,1.25895569026649,26,-86,0.001869,51,2025-03-04 15:08:43.001621,1648.90002441406,1.037,0.0011,"aoml_navis",1035.22871776488
"7901009",63,0,1,0.031773,1,0.009345,1,201.842663046139,1,4.82880686908675,1698.59997558594,1,4.32149982452393,34.9309997558594,0.0317730009555817,0,194.63720703125,-86.385,25.7311,33.7767981627745,63,63,63,63,61,63,0,8047,1.25895569026649,26,-86,0.001869,51,2025-03-04 15:08:43.001621,1698.59997558594,1.037,0.0011,"aoml_navis",1035.45247005201
"7901009",63,0,1,0.026166,1,0.003738,1,202.267417776568,1,4.82774063198249,1749.30004882812,1,4.31689977645874,34.931999206543,0.0261659994721413,0,195.046798706055,-86.385,25.7311,33.7767981627745,63,63,63,63,61,63,0,8047,1.25895569026649,26,-86,0.001869,51,2025-03-04 15:08:43.001621,1749.30004882812,1.037,0.0011,"aoml_navis",1035.68115629003
"7901009",63,0,1,0.024297,1,0.001869,1,202.638356210824,1,4.82668811463456,1799.40002441406,1,4.31180000305176,34.9329986572266,0.0242970008403063,0,195.404495239258,-86.385,25.7311,33.7767981627745,63,63,63,63,61,63,0,8047,1.25895569026649,26,-86,0.001869,51,2025-03-04 15:08:43.001621,1799.40002441406,1.037,0.0011,"aoml_navis",1035.90699901242
"7901009",63,0,1,0.029904,1,0.007476,1,202.908086462096,1,4.82565405591033,1849.09997558594,1,4.30859994888306,34.931999206543,0.0299040004611015,0,195.664596557617,-86.385,25.7311,33.7767981627745,63,63,63,63,61,63,0,8047,1.25895569026649,26,-86,0.001869,51,2025-03-04 15:08:43.001621,1849.09997558594,1.037,0.0011,"aoml_navis",1036.12897693653
"7901009",63,0,1,0.022428,1,0,1,203.487786553341,1,4.82459960013308,1899.5,1,4.30530023574829,34.9329986572266,0.0224280003458261,0,196.223602294922,-86.385,25.7311,33.7767981627745,63,63,63,63,61,63,0,8047,1.25895569026649,26,-86,0.001869,51,2025-03-04 15:08:43.001621,1899.5,1.037,0.0011,"aoml_navis",1036.35543141489
"7901009",63,0,1,0.028035,1,0.005607,1,203.84938902325,1,4.82357136658816,1949,1,4.30530023574829,34.9329986572266,0.0280349999666214,0,196.572296142578,-86.385,25.7311,33.7767981627745,63,63,63,63,61,63,0,8047,1.25895569026649,26,-86,0.001869,51,2025-03-04 15:08:43.001621,1949,1.037,0.0011,"aoml_navis",1036.57634976315
"7901009",63,0,1,0.028035,1,0.005607,1,203.544403638819,1,4.82252784524423,1999.30004882812,1,4.30499982833862,34.9329986572266,0.0280349999666214,0,196.278198242188,-86.385,25.7311,33.7767981627745,63,63,63,63,61,63,0,8047,1.25895569026649,26,-86,0.001869,51,2025-03-04 15:08:43.001621,1999.30004882812,1.037,0.0011,"aoml_navis",1036.80064904774
"7901009",64,0.057729870795296,1,0.106533,1,0.084105,1,196.686962288874,1,4.88501394575992,2.29999995231628,1,27.0300006866455,36.0890007019043,0.106532998383045,0.0934500023722649,189.665496826172,-85.7994,25.0194,53.6456277628076,63,63,63,63,61,63,0.084105,8279,1.45687144005964,25,-86,0.001869,51,2025-03-15 01:36:51.000159,2.29999995231628,1.037,0.0011,"aoml_navis",1023.53853141809
"7901009",64,0.0590127568129693,1,0.108402,1,0.085974,1,196.713102997261,1,4.88498119818829,3.90000009536743,1,27.0300006866455,36.0890007019043,0.108401998877525,0.095319002866745,189.690704345703,-85.7994,25.0194,53.6456277628076,63,63,63,63,61,63,0.085974,8279,1.45687144005964,25,-86,0.001869,51,2025-03-15 01:36:51.000159,3.90000009536743,1.037,0.0011,"aoml_navis",1023.54539293915
"7901009",64,0.0590127568129693,1,0.108402,1,0.085974,1,196.69090238354,1,4.88494740898985,6,1,27.0359992980957,36.0890007019043,0.108401998877525,0.095319002866745,189.669296264648,-85.7994,25.0194,53.6456277628076,63,63,63,63,61,63,0.085974,8279,1.45687144005964,25,-86,0.001869,51,2025-03-15 01:36:51.000159,6,1.037,0.0011,"aoml_navis",1023.55247280624
"7901009",64,0.0602956428306425,1,0.110271,1,0.087843,1,196.658036613977,1,4.88489625878744,8.19999980926514,1,27.0319995880127,36.0890007019043,0.110270999372005,0.0971880033612251,189.637603759766,-85.7994,25.0194,53.6456277628076,63,63,63,63,61,63,0.087843,8279,1.45687144005964,25,-86,0.001869,51,2025-03-15 01:36:51.000159,8.19999980926514,1.037,0.0011,"aoml_navis",1023.56319051925
"7901009",64,0.0615785288483158,1,0.11214,1,0.089712,1,196.673891934681,1,4.88486301315635,9.60000038146973,1,27.0289993286133,36.0890007019043,0.112139999866486,0.0990569964051247,189.652893066406,-85.7994,25.0194,53.6456277628076,63,63,63,63,61,63,0.089712,8279,1.45687144005964,25,-86,0.001869,51,2025-03-15 01:36:51.000159,9.60000038146973,1.037,0.0011,"aoml_navis",1023.57015673388
"7901009",64,0.0641443008836622,1,0.115878,1,0.09345,1,196.65512505808,1,4.88482309601376,12,1,27.0349998474121,36.0890007019043,0.115878000855446,0.102794997394085,189.634796142578,-85.7994,25.0194,53.6456277628076,63,63,63,63,61,63,0.09345,8279,1.45687144005964,25,-86,0.001869,51,2025-03-15 01:36:51.000159,12,1.037,0.0011,"aoml_navis",1023.57852100729
"7901009",64,0.0602956428306425,1,0.110271,1,0.087843,1,196.695886840648,1,4.88477553032762,14.1000003814697,1,27.0319995880127,36.0890007019043,0.110270999372005,0.0971880033612251,189.674102783203,-85.7994,25.0194,53.6456277628076,63,63,63,63,61,63,0.087843,8279,1.45687144005964,25,-86,0.001869,51,2025-03-15 01:36:51.000159,14.1000003814697,1.037,0.0011,"aoml_navis",1023.58848814178
"7901009",64,0.0602956428306425,1,0.110271,1,0.087843,1,196.623604300752,1,4.88473103274277,16.2000007629395,1,27.0310001373291,36.0890007019043,0.110270999372005,0.0971880033612251,189.604400634766,-85.7994,25.0194,53.6456277628076,63,63,63,63,61,63,0.087843,8279,1.45687144005964,25,-86,0.001869,51,2025-03-15 01:36:51.000159,16.2000007629395,1.037,0.0011,"aoml_navis",1023.59781254783
"7901009",64,0.0590127568129693,1,0.108402,1,0.085974,1,196.645899856512,1,4.88470391278924,17.8999996185303,1,27.0359992980957,36.0890007019043,0.108401998877525,0.095319002866745,189.625900268555,-85.7994,25.0194,53.6456277628076,63,63,63,63,61,63,0.085974,8279,1.45687144005964,25,-86,0.001869,51,2025-03-15 01:36:51.000159,17.8999996185303,1.037,0.0011,"aoml_navis",1023.60349557911
"7901009",64,0.0615785288483158,1,0.11214,1,0.089712,1,196.61779701263,1,4.88467374181288,20,1,27.0419998168945,36.0880012512207,0.112139999866486,0.0990569964051247,189.59880065918,-85.7994,25.0194,53.6456277628076,63,63,63,63,61,63,0.089712,8279,1.45687144005964,25,-86,0.001869,51,2025-03-15 01:36:51.000159,20,1.037,0.0011,"aoml_navis",1023.60981803143
"7901009",64,0.0615785288483158,1,0.11214,1,0.089712,1,196.568332209715,1,4.88462617128686,22,1,27.0400009155273,36.0890007019043,0.112139999866486,0.0990569964051247,189.55110168457,-85.7994,25.0194,53.6456277628076,63,63,63,63,61,63,0.089712,8279,1.45687144005964,25,-86,0.001869,51,2025-03-15 01:36:51.000159,22,1.037,0.0011,"aoml_navis",1023.61978678969
"7901009",64,0.0590127568129693,1,0.108402,1,0.085974,1,196.607432506581,1,4.88458013215736,24,1,27.0389995574951,36.0900001525879,0.108401998877525,0.095319002866745,189.588806152344,-85.7994,25.0194,53.6456277628076,63,63,63,63,61,63,0.085974,8279,1.45687144005964,25,-86,0.001869,51,2025-03-15 01:36:51.000159,24,1.037,0.0011,"aoml_navis",1023.62943481729
"7901009",64,0.0641443008836622,1,0.115878,1,0.09345,1,196.563458518321,1,4.88454382286411,26,1,27.0419998168945,36.0900001525879,0.115878000855446,0.102794997394085,189.546401977539,-85.7994,25.0194,53.6456277628076,63,63,63,63,61,63,0.09345,8279,1.45687144005964,25,-86,0.001869,51,2025-03-15 01:36:51.000159,26,1.037,0.0011,"aoml_navis",1023.63704397439
"7901009",64,0.0602956428306425,1,0.110271,1,0.087843,1,196.63075660111,1,4.88450138517006,28,1,27.0410003662109,36.0900001525879,0.110270999372005,0.0971880033612251,189.611297607422,-85.7994,25.0194,53.6456277628076,63,63,63,63,61,63,0.087843,8279,1.45687144005964,25,-86,0.001869,51,2025-03-15 01:36:51.000159,28,1.037,0.0011,"aoml_navis",1023.6459375732
"7901009",64,0.0654271869013355,1,0.117747,1,0.095319,1,196.522396085959,1,4.88447993255513,30,1,27.048999786377,36.0880012512207,0.117747001349926,0.104663997888565,189.506805419922,-85.7994,25.0194,53.6456277628076,63,63,63,63,61,63,0.095319,8279,1.45687144005964,25,-86,0.001869,51,2025-03-15 01:36:51.000159,30,1.037,0.0011,"aoml_navis",1023.65043342177
"7901009",64,0.0602956428306425,1,0.110271,1,0.087843,1,196.54935962536,1,4.88442418041888,32,1,27.0440006256104,36.0900001525879,0.110270999372005,0.0971880033612251,189.532806396484,-85.7994,25.0194,53.6456277628076,63,63,63,63,61,63,0.087843,8279,1.45687144005964,25,-86,0.001869,51,2025-03-15 01:36:51.000159,32,1.037,0.0011,"aoml_navis",1023.66211764417
"7901009",64,0.062861414865989,1,0.114009,1,0.091581,1,196.583776114912,1,4.88435616653861,34,1,27.0310001373291,36.0919990539551,0.114009000360966,0.100925996899605,189.565994262695,-85.7994,25.0194,53.6456277628076,63,63,63,63,61,63,0.091581,8279,1.45687144005964,25,-86,0.001869,51,2025-03-15 01:36:51.000159,34,1.037,0.0011,"aoml_navis",1023.67637197583
"7901009",64,0.0641443008836622,1,0.115878,1,0.09345,1,196.573617316617,1,4.88429941671209,36,1,27.0230007171631,36.0929985046387,0.115878000855446,0.102794997394085,189.556198120117,-85.7994,25.0194,53.6456277628076,63,63,63,63,61,63,0.09345,8279,1.45687144005964,25,-86,0.001869,51,2025-03-15 01:36:51.000159,36,1.037,0.0011,"aoml_navis",1023.68826589378
"7901009",64,0.0641443008836622,1,0.115878,1,0.09345,1,196.530165509578,1,4.88424265420222,38,1,27.0149993896484,36.0940017700195,0.115878000855446,0.102794997394085,189.514297485352,-85.7994,25.0194,53.6456277628076,63,63,63,63,61,63,0.09345,8279,1.45687144005964,25,-86,0.001869,51,2025-03-15 01:36:51.000159,38,1.037,0.0011,"aoml_navis",1023.70016274646
"7901009",64,0.0667100729190087,1,0.119616,1,0.097188,1,196.541257904601,1,4.88418897759652,40,1,27.0090007781982,36.0950012207031,0.119616001844406,0.106532998383045,189.524993896484,-85.7994,25.0194,53.6456277628076,63,63,63,63,61,63,0.097188,8279,1.45687144005964,25,-86,0.001869,51,2025-03-15 01:36:51.000159,40,1.037,0.0011,"aoml_navis",1023.71141307896
"7901009",64,0.0705587309720285,1,0.125223,1,0.102795,1,196.516683739877,1,4.8841450216378,42,1,27.0069999694824,36.0950012207031,0.125222995877266,0.112139999866486,189.50129699707,-85.7994,25.0194,53.6456277628076,63,63,63,63,61,63,0.102795,8279,1.45687144005964,25,-86,0.001869,51,2025-03-15 01:36:51.000159,42,1.037,0.0011,"aoml_navis",1023.72062619946
"7901009",64,0.0654271869013355,1,0.117747,1,0.095319,1,196.509009258299,1,4.88409494051743,44,1,27.0009994506836,36.0950012207031,0.117747001349926,0.104663997888565,189.493896484375,-85.7994,25.0194,53.6456277628076,63,63,63,63,61,63,0.095319,8279,1.45687144005964,25,-86,0.001869,51,2025-03-15 01:36:51.000159,44,1.037,0.0011,"aoml_navis",1023.73112334919
"7901009",64,0.0667100729190087,1,0.119616,1,0.097188,1,196.505591344854,1,4.88404945813638,46,1,26.9979991912842,36.0950012207031,0.119616001844406,0.106532998383045,189.490600585938,-85.7994,25.0194,53.6456277628076,63,63,63,63,61,63,0.097188,8279,1.45687144005964,25,-86,0.001869,51,2025-03-15 01:36:51.000159,46,1.037,0.0011,"aoml_navis",1023.7406567762
"7901009",64,0.0667100729190087,1,0.119616,1,0.097188,1,196.514610838668,1,4.88400244716154,48,1,26.9939994812012,36.0950012207031,0.119616001844406,0.106532998383045,189.499298095703,-85.7994,25.0194,53.6456277628076,63,63,63,63,61,63,0.097188,8279,1.45687144005964,25,-86,0.001869,51,2025-03-15 01:36:51.000159,48,1.037,0.0011,"aoml_navis",1023.75051079384
"7901009",64,0.0769731610603947,1,0.134568,1,0.11214,1,196.417659192008,1,4.88394772576887,50,1,26.992000579834,36.0979995727539,0.134568005800247,0.121485002338886,189.405807495117,-85.7994,25.0194,53.6456277628076,63,63,63,63,61,63,0.11214,8279,1.45687144005964,25,-86,0.001869,51,2025-03-15 01:36:51.000159,50,1.037,0.0011,"aoml_navis",1023.76198123883
"7901009",64,0.0846704771664342,1,0.145782,1,0.123354,1,196.495116073092,1,4.88389200131671,52,1,26.9869995117188,36.0999984741211,0.145781993865967,0.132698997855186,189.480499267578,-85.7994,25.0194,53.6456277628076,63,63,63,63,61,63,0.123354,8279,1.45687144005964,25,-86,0.001869,51,2025-03-15 01:36:51.000159,52,1.037,0.0011,"aoml_navis",1023.77366220465
"7901009",64,0.0872362492017807,1,0.14952,1,0.127092,1,196.477804974439,1,4.88383114618987,54,1,26.9810009002686,36.1030006408691,0.149519994854927,0.136436998844147,189.463806152344,-85.7994,25.0194,53.6456277628076,63,63,63,63,61,63,0.127092,8279,1.45687144005964,25,-86,0.001869,51,2025-03-15 01:36:51.000159,54,1.037,0.0011,"aoml_navis",1023.78641896757
"7901009",64,0.0872362492017807,1,0.14952,1,0.127092,1,196.397847952965,1,4.88377176599289,56,1,26.9829998016357,36.109001159668,0.149519994854927,0.136436998844147,189.386703491211,-85.7994,25.0194,53.6456277628076,63,63,63,63,61,63,0.127092,8279,1.45687144005964,25,-86,0.001869,51,2025-03-15 01:36:51.000159,56,1.037,0.0011,"aoml_navis",1023.7988668546
"7901009",64,0.0974993373431666,1,0.164472,1,0.142044,1,196.364032763001,1,4.88373137068184,58,1,26.988000869751,36.1110000610352,0.164471998810768,0.151389002799988,189.354095458984,-85.7994,25.0194,53.6456277628076,63,63,63,63,61,63,0.142044,8279,1.45687144005964,25,-86,0.001869,51,2025-03-15 01:36:51.000159,58,1.037,0.0011,"aoml_navis",1023.80733510777
"7901009",64,0.107762425484553,1,0.179424,1,0.156996,1,196.215638354257,1,4.88368981198671,60,1,27.0109996795654,36.1209983825684,0.179424002766609,0.166341006755829,189.210998535156,-85.7994,25.0194,53.6456277628076,63,63,63,63,61,63,0.156996,8279,1.45687144005964,25,-86,0.001869,51,2025-03-15 01:36:51.000159,60,1.037,0.0011,"aoml_navis",1023.81604739265
"7901009",64,0.110328197519899,1,0.183162,1,0.160734,1,196.145128065777,1,4.88364275821561,62,1,27.0139999389648,36.1240005493164,0.183162003755569,0.170078992843628,189.143005371094,-85.7994,25.0194,53.6456277628076,63,63,63,63,61,63,0.160734,8279,1.45687144005964,25,-86,0.001869,51,2025-03-15 01:36:51.000159,62,1.037,0.0011,"aoml_navis",1023.82591183367
"7901009",64,0.120591285661285,1,0.198114,1,0.175686,1,196.074507011584,1,4.88359826286542,64,1,27.0209999084473,36.1279983520508,0.198113992810249,0.185030996799469,189.074905395508,-85.7994,25.0194,53.6456277628076,63,63,63,63,61,63,0.175686,8279,1.45687144005964,25,-86,0.001869,51,2025-03-15 01:36:51.000159,64,1.037,0.0011,"aoml_navis",1023.83524009739
"7901009",64,0.127005715749651,1,0.207459,1,0.185031,1,195.971526545375,1,4.8835425020032,66,1,27.0230007171631,36.132999420166,0.207459002733231,0.19437600672245,188.975601196289,-85.7994,25.0194,53.6456277628076,63,63,63,63,61,63,0.185031,8279,1.45687144005964,25,-86,0.001869,51,2025-03-15 01:36:51.000159,66,1.037,0.0011,"aoml_navis",1023.84693036848
"7901009",64,0.137268803891037,1,0.222411,1,0.199983,1,196.001496582714,1,4.88347346652697,68,1,27.0139999389648,36.1370010375977,0.222411006689072,0.20932799577713,189.004501342773,-85.7994,25.0194,53.6456277628076,63,63,63,63,61,63,0.199983,8279,1.45687144005964,25,-86,0.001869,51,2025-03-15 01:36:51.000159,68,1.037,0.0011,"aoml_navis",1023.86140403378
"7901009",64,0.147531892032423,1,0.237363,1,0.214935,1,196.060186587195,1,4.88335217799416,70,1,26.992000579834,36.1500015258789,0.237362995743752,0.224279999732971,189.061096191406,-85.7994,25.0194,53.6456277628076,63,63,63,63,61,63,0.214935,8279,1.45687144005964,25,-86,0.001869,51,2025-03-15 01:36:51.000159,70,1.037,0.0011,"aoml_navis",1023.88683382933
"7901009",64,0.143683233979403,1,0.231756,1,0.209328,1,196.065471694097,1,4.88326679439988,72,1,26.9769992828369,36.1559982299805,0.231756001710892,0.218673005700111,189.066192626953,-85.7994,25.0194,53.6456277628076,63,63,63,63,61,63,0.209328,8279,1.45687144005964,25,-86,0.001869,51,2025-03-15 01:36:51.000159,72,1.037,0.0011,"aoml_navis",1023.90473642235
"7901009",64,0.148814778050096,1,0.239232,1,0.216804,1,196.168657868059,1,4.88316250448766,74,1,26.9519996643066,36.1629981994629,0.239232003688812,0.226148992776871,189.16569519043,-85.7994,25.0194,53.6456277628076,63,63,63,63,61,63,0.216804,8279,1.45687144005964,25,-86,0.001869,51,2025-03-15 01:36:51.000159,74,1.037,0.0011,"aoml_navis",1023.92660399996
"7901009",64,0.155229208138463,1,0.248577,1,0.226149,1,196.279834997067,1,4.88297174649108,76,1,26.9009990692139,36.1829986572266,0.248576998710632,0.235494002699852,189.272903442383,-85.7994,25.0194,53.6456277628076,63,63,63,63,61,63,0.226149,8279,1.45687144005964,25,-86,0.001869,51,2025-03-15 01:36:51.000159,76,1.037,0.0011,"aoml_navis",1023.96660467942
"7901009",64,0.160360752209156,1,0.256053,1,0.233625,1,196.215321880789,1,4.88286285183835,78,1,26.8799991607666,36.193000793457,0.256053000688553,0.242970004677773,189.210693359375,-85.7994,25.0194,53.6456277628076,63,63,63,63,61,63,0.233625,8279,1.45687144005964,25,-86,0.001869,51,2025-03-15 01:36:51.000159,78,1.037,0.0011,"aoml_navis",1023.98944056304
"7901009",64,0.168058068315195,1,0.267267,1,0.244839,1,196.089017320052,1,4.88278004409384,80,1,26.8689994812012,36.2000007629395,0.267266988754272,0.254184007644653,189.088897705078,-85.7994,25.0194,53.6456277628076,63,63,63,63,61,63,0.244839,8279,1.45687144005964,25,-86,0.001869,51,2025-03-15 01:36:51.000159,80,1.037,0.0011,"aoml_navis",1024.00680654209
"7901009",64,0.171906726368215,1,0.272874,1,0.250446,1,196.105299879937,1,4.88268807406026,82,1,26.8519992828369,36.2070007324219,0.272873997688293,0.259790986776352,189.104598999023,-85.7994,25.0194,53.6456277628076,63,63,63,63,61,63,0.250446,8279,1.45687144005964,25,-86,0.001869,51,2025-03-15 01:36:51.000159,82,1.037,0.0011,"aoml_navis",1024.02609467579
"7901009",64,0.183452700527274,1,0.289695,1,0.267267,1,195.959911969131,1,4.88260214920655,84,1,26.8460006713867,36.2169990539551,0.289694994688034,0.276612013578415,188.964401245117,-85.7994,25.0194,53.6456277628076,63,63,63,63,61,63,0.267267,8279,1.45687144005964,25,-86,0.001869,51,2025-03-15 01:36:51.000159,84,1.037,0.0011,"aoml_navis",1024.04411565921
"7901009",64,0.18986713061564,1,0.29904,1,0.276612,1,196.188358341389,1,4.88253578603319,86,1,26.8339996337891,36.2190017700195,0.299039989709854,0.285957008600235,189.184692382812,-85.7994,25.0194,53.6456277628076,63,63,63,63,61,63,0.276612,8279,1.45687144005964,25,-86,0.001869,51,2025-03-15 01:36:51.000159,86,1.037,0.0011,"aoml_navis",1024.05803441376
"7901009",64,0.175755384421235,4,0.278481,1,0.256053,1,196.379381726157,1,4.88246657492828,88,1,26.8059997558594,36.2150001525879,0.278481006622314,0.265397995710373,189.368896484375,-85.7994,25.0194,53.6456277628076,63,63,63,63,61,63,0.256053,8279,1.45687144005964,25,-86,0.001869,51,2025-03-15 01:36:51.000159,88,1.037,0.0011,"aoml_navis",1024.0725508855
"7901009",64,0.182169814509601,4,0.287826,1,0.265398,1,196.068272484281,1,4.88237989376549,90.0999984741211,1,26.7819995880127,36.2169990539551,0.287826001644135,0.274742990732193,189.068893432617,-85.7994,25.0194,53.6456277628076,63,63,63,63,61,63,0.265398,8279,1.45687144005964,25,-86,0.001869,51,2025-03-15 01:36:51.000159,90.0999984741211,1.037,0.0011,"aoml_navis",1024.09073214165
"7901009",64,0.202695990792373,1,0.31773,1,0.295302,1,194.058428612815,1,4.88228428303861,92.0999984741211,1,26.7719993591309,36.2280006408691,0.317730009555817,0.304646998643875,187.130798339844,-85.7994,25.0194,53.6456277628076,63,63,63,63,61,63,0.295302,8279,1.45687144005964,25,-86,0.001869,51,2025-03-15 01:36:51.000159,92.0999984741211,1.037,0.0011,"aoml_navis",1024.11078711052
"7901009",64,0.255294317516976,1,0.394359,1,0.371931,1,189.736746063861,1,4.88210084972781,94,1,26.8490009307861,36.3009986877441,0.394358992576599,0.38127601146698,182.963394165039,-85.7994,25.0194,53.6456277628076,63,63,63,63,61,63,0.371931,8279,1.45687144005964,25,-86,0.001869,51,2025-03-15 01:36:51.000159,94,1.037,0.0011,"aoml_navis",1024.14926563403
"7901009",64,0.29634667008252,1,0.454167,1,0.431739,1,188.423887532761,1,4.88186378072358,96,1,26.8239994049072,36.3450012207031,0.454167008399963,0.441083997488022,181.697402954102,-85.7994,25.0194,53.6456277628076,63,63,63,63,61,63,0.431739,8279,1.45687144005964,25,-86,0.001869,51,2025-03-15 01:36:51.000159,96,1.037,0.0011,"aoml_navis",1024.19899951795
"7901009",64,0.304043986188559,1,0.465381,1,0.442953,1,186.83704209748,1,4.88172921460118,98,1,26.7719993591309,36.3489990234375,0.465380996465683,0.452297985553741,180.167205810547,-85.7994,25.0194,53.6456277628076,63,63,63,63,61,63,0.442953,8279,1.45687144005964,25,-86,0.001869,51,2025-03-15 01:36:51.000159,98,1.037,0.0011,"aoml_navis",1024.22723182701
"7901009",64,0.382300033266627,1,0.57939,1,0.556962,1,183.840766252599,1,4.88149229467247,100,1,26.7800006866455,36.4070014953613,0.579389989376068,0.566307008266449,177.277893066406,-85.7994,25.0194,53.6456277628076,63,63,63,63,61,63,0.556962,8279,1.45687144005964,25,-86,0.001869,51,2025-03-15 01:36:51.000159,100,1.037,0.0011,"aoml_navis",1024.27694200334
"7901009",64,0.413089297690785,1,0.624246,1,0.601818,1,182.3612527937,1,4.88134600022728,102,1,26.7649993896484,36.4300003051758,0.624246001243591,0.611163020133972,175.851196289062,-85.7994,25.0194,53.6456277628076,63,63,63,63,61,63,0.601818,8279,1.45687144005964,25,-86,0.001869,51,2025-03-15 01:36:51.000159,102,1.037,0.0011,"aoml_navis",1024.30763968938
"7901009",64,0.411806411673112,1,0.622377,1,0.599949,1,180.168376492512,1,4.88117368456208,104,1,26.7399997711182,36.4560012817383,0.622376978397369,0.60929399728775,173.736602783203,-85.7994,25.0194,53.6456277628076,63,63,63,63,61,63,0.599949,8279,1.45687144005964,25,-86,0.001869,51,2025-03-15 01:36:51.000159,104,1.037,0.0011,"aoml_navis",1024.34379989668
"7901009",64,0.43874701804425,1,0.661626,1,0.639198,1,177.476785478124,1,4.88092510562359,106,1,26.7049999237061,36.4990005493164,0.661625981330872,0.648543000221252,171.141098022461,-85.7994,25.0194,53.6456277628076,63,63,63,63,61,63,0.639198,8279,1.45687144005964,25,-86,0.001869,51,2025-03-15 01:36:51.000159,106,1.037,0.0011,"aoml_navis",1024.39596834609
"7901009",64,0.468253396450734,1,0.704613,1,0.682185,1,174.67298879596,1,4.88059285265038,108,1,26.6149997711182,36.5419998168945,0.704612970352173,0.691529989242554,168.437393188477,-85.7994,25.0194,53.6456277628076,63,63,63,63,61,63,0.682185,8279,1.45687144005964,25,-86,0.001869,51,2025-03-15 01:36:51.000159,108,1.037,0.0011,"aoml_navis",1024.46570549002
"7901009",64,0.459273194327022,1,0.69153,1,0.669102,1,172.183117969531,1,4.88018662068679,110,1,26.4950008392334,36.5929985046387,0.691529989242554,0.678447008132935,166.036407470703,-85.7994,25.0194,53.6456277628076,63,63,63,63,61,63,0.669102,8279,1.45687144005964,25,-86,0.001869,51,2025-03-15 01:36:51.000159,110,1.037,0.0011,"aoml_navis",1024.55098311309
"7901009",64,0.43874701804425,1,0.661626,1,0.639198,1,169.81466218877,1,4.8798120551498,112,1,26.378999710083,36.6370010375977,0.661625981330872,0.648543000221252,163.752502441406,-85.7994,25.0194,53.6456277628076,63,63,63,63,61,63,0.639198,8279,1.45687144005964,25,-86,0.001869,51,2025-03-15 01:36:51.000159,112,1.037,0.0011,"aoml_navis",1024.6296257913
"7901009",64,0.442595676097269,1,0.667233,1,0.644805,1,168.24346636644,1,4.8795524373532,114,1,26.2959995269775,36.6629981994629,0.667232990264893,0.654150009155273,162.237396240234,-85.7994,25.0194,53.6456277628076,63,63,63,63,61,63,0.644805,8279,1.45687144005964,25,-86,0.001869,51,2025-03-15 01:36:51.000159,114,1.037,0.0011,"aoml_navis",1024.68414146444
"7901009",64,0.411806411673112,1,0.622377,1,0.599949,1,166.259652437647,1,4.8792975652729,116,1,26.2159996032715,36.6889991760254,0.622376978397369,0.60929399728775,160.324401855469,-85.7994,25.0194,53.6456277628076,63,63,63,63,61,63,0.599949,8279,1.45687144005964,25,-86,0.001869,51,2025-03-15 01:36:51.000159,116,1.037,0.0011,"aoml_navis",1024.7376662547
"7901009",64,0.378451375213607,1,0.573783,1,0.551355,1,164.533004848255,1,4.87885977555889,118,1,26.0499992370605,36.7299995422363,0.573782980442047,0.560699999332428,158.659393310547,-85.7994,25.0194,53.6456277628076,63,63,63,63,61,63,0.551355,8279,1.45687144005964,25,-86,0.001869,51,2025-03-15 01:36:51.000159,118,1.037,0.0011,"aoml_navis",1024.82961798738
"7901009",64,0.341247680701083,1,0.519582,1,0.497154,1,163.437611060102,1,4.87845858430618,120,1,25.878999710083,36.7589988708496,0.519581973552704,0.506498992443085,157.603103637695,-85.7994,25.0194,53.6456277628076,63,63,63,63,61,63,0.497154,8279,1.45687144005964,25,-86,0.001869,51,2025-03-15 01:36:51.000159,120,1.037,0.0011,"aoml_navis",1024.91389720614
"7901009",64,0.318155732382965,1,0.48594,1,0.463512,1,162.384624716547,1,4.87806595585415,122,1,25.701000213623,36.7830009460449,0.485940009355545,0.472856998443604,156.587707519531,-85.7994,25.0194,53.6456277628076,63,63,63,63,61,63,0.463512,8279,1.45687144005964,25,-86,0.001869,51,2025-03-15 01:36:51.000159,122,1.037,0.0011,"aoml_navis",1024.99639103885
"7901009",64,0.314307074329945,1,0.480333,1,0.457905,1,161.729524639559,1,4.87774176759125,124,1,25.548999786377,36.798999786377,0.480333000421524,0.467249989509583,155.955993652344,-85.7994,25.0194,53.6456277628076,63,63,63,63,61,63,0.457905,8279,1.45687144005964,25,-86,0.001869,51,2025-03-15 01:36:51.000159,124,1.037,0.0011,"aoml_navis",1025.06451514532
"7901009",64,0.2924980120295,1,0.44856,1,0.426132,1,161.331416841565,1,4.87730463536309,126,1,25.3369998931885,36.8219985961914,0.448559999465942,0.435476988554001,155.57209777832,-85.7994,25.0194,53.6456277628076,63,63,63,63,61,63,0.426132,8279,1.45687144005964,25,-86,0.001869,51,2025-03-15 01:36:51.000159,126,1.037,0.0011,"aoml_navis",1025.15638735118
"7901009",64,0.286083581941134,1,0.439215,1,0.416787,1,160.774645070818,1,4.87708606180136,128,1,25.2530002593994,36.8370018005371,0.439215004444122,0.426131993532181,155.035202026367,-85.7994,25.0194,53.6456277628076,63,63,63,63,61,63,0.416787,8279,1.45687144005964,25,-86,0.001869,51,2025-03-15 01:36:51.000159,128,1.037,0.0011,"aoml_navis",1025.20233119553
"7901009",64,0.277103379817421,1,0.426132,1,0.403704,1,160.13345400271,1,4.87689176809235,130,1,25.17799949646,36.8489990234375,0.426131993532181,0.413049012422562,154.416900634766,-85.7994,25.0194,53.6456277628076,63,63,63,63,61,63,0.403704,8279,1.45687144005964,25,-86,0.001869,51,2025-03-15 01:36:51.000159,130,1.037,0.0011,"aoml_navis",1025.24317490765
"7901009",64,0.260425861587669,1,0.401835,1,0.379407,1,159.637445137655,1,4.87659649916497,132,1,25.0340003967285,36.8610000610352,0.40183499455452,0.388752013444901,153.938598632812,-85.7994,25.0194,53.6456277628076,63,63,63,63,61,63,0.379407,8279,1.45687144005964,25,-86,0.001869,51,2025-03-15 01:36:51.000159,132,1.037,0.0011,"aoml_navis",1025.30525149172
"7901009",64,0.250162773446283,1,0.386883,1,0.364455,1,158.706823260171,1,4.87636937922674,134,1,24.9139995574951,36.8639984130859,0.386882990598679,0.373800009489059,153.041198730469,-85.7994,25.0194,53.6456277628076,63,63,63,63,61,63,0.364455,8279,1.45687144005964,25,-86,0.001869,51,2025-03-15 01:36:51.000159,134,1.037,0.0011,"aoml_navis",1025.35300572182
"7901009",64,0.224505053092818,1,0.349503,1,0.327075,1,157.617331702181,1,4.8761366268072,136,1,24.8120002746582,36.8759994506836,0.349503010511398,0.336419999599457,151.990600585938,-85.7994,25.0194,53.6456277628076,63,63,63,63,61,63,0.327075,8279,1.45687144005964,25,-86,0.001869,51,2025-03-15 01:36:51.000159,136,1.037,0.0011,"aoml_navis",1025.40194885267
"7901009",64,0.205261762827719,1,0.321468,1,0.29904,1,156.780037850158,1,4.87590500712472,138,1,24.7129993438721,36.8889999389648,0.321467995643616,0.308385014533997,151.183197021484,-85.7994,25.0194,53.6456277628076,63,63,63,63,61,63,0.29904,8279,1.45687144005964,25,-86,0.001869,51,2025-03-15 01:36:51.000159,138,1.037,0.0011,"aoml_navis",1025.45065843037
"7901009",64,0.191150016633313,1,0.300909,1,0.278481,1,156.346769849964,1,4.87552627158998,140,1,24.5370006561279,36.9119987487793,0.300909012556076,0.287826001644135,150.765396118164,-85.7994,25.0194,53.6456277628076,63,63,63,63,61,63,0.278481,8279,1.45687144005964,25,-86,0.001869,51,2025-03-15 01:36:51.000159,140,1.037,0.0011,"aoml_navis",1025.53031641637
"7901009",64,0.170623840350542,1,0.271005,1,0.248577,1,155.972096912212,1,4.87528116676152,142,1,24.4230003356934,36.9230003356934,0.271005004644394,0.257921993732452,150.404098510742,-85.7994,25.0194,53.6456277628076,63,63,63,63,61,63,0.248577,8279,1.45687144005964,25,-86,0.001869,51,2025-03-15 01:36:51.000159,142,1.037,0.0011,"aoml_navis",1025.58187496729
"7901009",64,0.161643638226829,1,0.257922,1,0.235494,1,155.29906861331,1,4.87508402247164,144,1,24.3369998931885,36.931999206543,0.257921993732452,0.244838997721672,149.755096435547,-85.7994,25.0194,53.6456277628076,63,63,63,63,61,63,0.235494,8279,1.45687144005964,25,-86,0.001869,51,2025-03-15 01:36:51.000159,144,1.037,0.0011,"aoml_navis",1025.62334863411
"7901009",64,0.14624900601475,1,0.235494,1,0.213066,1,153.740737437419,1,4.87492522624482,146,1,24.2700004577637,36.9379997253418,0.235494002699852,0.222411006689072,148.252395629883,-85.7994,25.0194,53.6456277628076,63,63,63,63,61,63,0.213066,8279,1.45687144005964,25,-86,0.001869,51,2025-03-15 01:36:51.000159,146,1.037,0.0011,"aoml_navis",1025.65675737585
"7901009",64,0.107762425484553,1,0.179424,1,0.156996,1,153.216214312974,1,4.87445995888369,148,1,24.0289993286133,36.9599990844727,0.179424002766609,0.166341006755829,147.746597290039,-85.7994,25.0194,53.6456277628076,63,63,63,63,61,63,0.156996,8279,1.45687144005964,25,-86,0.001869,51,2025-03-15 01:36:51.000159,148,1.037,0.0011,"aoml_navis",1025.7546563466
"7901009",64,0.0923677932724736,1,0.156996,1,0.134568,1,153.138646666177,1,4.87421926630164,150,1,23.9039993286133,36.9659996032715,0.156995996832848,0.143913000822067,147.671798706055,-85.7994,25.0194,53.6456277628076,63,63,63,63,61,63,0.134568,8279,1.45687144005964,25,-86,0.001869,51,2025-03-15 01:36:51.000159,150,1.037,0.0011,"aoml_navis",1025.80530887643
"7901009",64,0.0795389330957412,1,0.138306,1,0.115878,1,153.097172818308,1,4.87405022743236,152,1,23.8239994049072,36.9700012207031,0.138306006789207,0.125222995877266,147.631805419922,-85.7994,25.0194,53.6456277628076,63,63,63,63,61,63,0.115878,8279,1.45687144005964,25,-86,0.001869,51,2025-03-15 01:36:51.000159,152,1.037,0.0011,"aoml_navis",1025.84088523724
"7901009",64,0.0821047051310877,1,0.142044,1,0.119616,1,153.127649213194,1,4.87396741821207,154,1,23.7970008850098,36.9710006713867,0.142043992877007,0.128960996866226,147.661193847656,-85.7994,25.0194,53.6456277628076,63,63,63,63,61,63,0.119616,8279,1.45687144005964,25,-86,0.001869,51,2025-03-15 01:36:51.000159,154,1.037,0.0011,"aoml_navis",1025.85831438204
"7901009",64,0.0782560470780679,1,0.136437,1,0.114009,1,153.342107458204,1,4.8738029470729,156,1,23.7199993133545,36.9749984741211,0.136436998844147,0.123354002833366,147.86799621582,-85.7994,25.0194,53.6456277628076,63,63,63,63,61,63,0.114009,8279,1.45687144005964,25,-86,0.001869,51,2025-03-15 01:36:51.000159,156,1.037,0.0011,"aoml_navis",1025.89293295144
"7901009",64,0.0718416169897017,1,0.127092,1,0.104664,1,153.584257131589,1,4.87360526740377,158,1,23.6270008087158,36.9819984436035,0.127092003822327,0.114009000360966,148.101501464844,-85.7994,25.0194,53.6456277628076,63,63,63,63,61,63,0.104664,8279,1.45687144005964,25,-86,0.001869,51,2025-03-15 01:36:51.000159,158,1.037,0.0011,"aoml_navis",1025.93454448221
"7901009",64,0.0692758449543552,1,0.123354,1,0.100926,1,153.861867656968,1,4.87347166185354,160,1,23.5690002441406,36.9850006103516,0.123354002833366,0.110270999372005,148.369201660156,-85.7994,25.0194,53.6456277628076,63,63,63,63,61,63,0.100926,8279,1.45687144005964,25,-86,0.001869,51,2025-03-15 01:36:51.000159,160,1.037,0.0011,"aoml_navis",1025.96267033557
"7901009",64,0.067992958936682,1,0.121485,1,0.099057,1,154.473294395491,1,4.87332754779693,162,1,23.5060005187988,36.9889984130859,0.121485002338886,0.108401998877525,148.958801269531,-85.7994,25.0194,53.6456277628076,63,63,63,63,61,63,0.099057,8279,1.45687144005964,25,-86,0.001869,51,2025-03-15 01:36:51.000159,162,1.037,0.0011,"aoml_navis",1025.99301010668
"7901009",64,0.067992958936682,1,0.121485,1,0.099057,1,154.875342288151,1,4.87314120502962,164,1,23.4179992675781,36.9949989318848,0.121485002338886,0.108401998877525,149.346496582031,-85.7994,25.0194,53.6456277628076,63,63,63,63,61,63,0.099057,8279,1.45687144005964,25,-86,0.001869,51,2025-03-15 01:36:51.000159,164,1.037,0.0011,"aoml_navis",1026.03224278407
"7901009",64,0.0602956428306425,1,0.110271,1,0.087843,1,154.835624868024,1,4.87300040186,166,1,23.3519992828369,36.9970016479492,0.110270999372005,0.0971880033612251,149.308197021484,-85.7994,25.0194,53.6456277628076,63,63,63,63,61,63,0.087843,8279,1.45687144005964,25,-86,0.001869,51,2025-03-15 01:36:51.000159,166,1.037,0.0011,"aoml_navis",1026.06188952735
"7901009",64,0.0590127568129693,1,0.108402,1,0.085974,1,154.188626511794,1,4.87288999572323,168,1,23.3050003051758,36.9980010986328,0.108401998877525,0.095319002866745,148.684295654297,-85.7994,25.0194,53.6456277628076,63,63,63,63,61,63,0.085974,8279,1.45687144005964,25,-86,0.001869,51,2025-03-15 01:36:51.000159,168,1.037,0.0011,"aoml_navis",1026.08513723649
"7901009",64,0.052598326724603,1,0.099057,1,0.076629,1,152.786380049899,1,4.87278067317135,170,1,23.2509994506836,36.9959983825684,0.0990569964051247,0.0859740003943443,147.332107543945,-85.7994,25.0194,53.6456277628076,63,63,63,63,61,63,0.076629,8279,1.45687144005964,25,-86,0.001869,51,2025-03-15 01:36:51.000159,170,1.037,0.0011,"aoml_navis",1026.1081578182
"7901009",64,0.0461838966362368,1,0.089712,1,0.067284,1,151.204392482339,1,4.87267584397254,172,1,23.1949996948242,36.992000579834,0.0897120013833046,0.0766289979219437,145.806594848633,-85.7994,25.0194,53.6456277628076,63,63,63,63,61,63,0.067284,8279,1.45687144005964,25,-86,0.001869,51,2025-03-15 01:36:51.000159,172,1.037,0.0011,"aoml_navis",1026.13023318285
"7901009",64,0.0449010106185636,1,0.087843,1,0.065415,1,150.049470035016,1,4.87259906457345,174,1,23.1590003967285,36.9879989624023,0.0878430008888245,0.0747599974274635,144.692901611328,-85.7994,25.0194,53.6456277628076,63,63,63,63,61,63,0.065415,8279,1.45687144005964,25,-86,0.001869,51,2025-03-15 01:36:51.000159,174,1.037,0.0011,"aoml_navis",1026.14640230772
"7901009",64,0.0359208084948509,4,0.07476,1,0.052332,1,149.505452144995,1,4.87235435257925,176,1,23.0049991607666,36.9850006103516,0.0747599974274635,0.0616770014166832,144.168304443359,-85.7994,25.0194,53.6456277628076,63,63,63,63,61,63,0.052332,8279,1.45687144005964,25,-86,0.001869,51,2025-03-15 01:36:51.000159,176,1.037,0.0011,"aoml_navis",1026.1979400889
"7901009",64,0.0410523525655438,1,0.082236,1,0.059808,1,148.624706485933,1,4.87209171052486,178,1,22.8269996643066,36.9780006408691,0.0822359994053841,0.0691530033946037,143.319000244141,-85.7994,25.0194,53.6456277628076,63,63,63,63,61,63,0.059808,8279,1.45687144005964,25,-86,0.001869,51,2025-03-15 01:36:51.000159,178,1.037,0.0011,"aoml_navis",1026.25325980601
"7901009",64,0.0423352385832171,1,0.084105,1,0.061677,1,147.510941413013,1,4.87178306180559,180,1,22.5990009307861,36.9650001525879,0.0841049998998642,0.0710219964385033,142.244995117188,-85.7994,25.0194,53.6456277628076,63,63,63,63,61,63,0.061677,8279,1.45687144005964,25,-86,0.001869,51,2025-03-15 01:36:51.000159,180,1.037,0.0011,"aoml_navis",1026.31827742898
"7901009",64,0.0423352385832171,1,0.084105,1,0.061677,1,146.746863697613,1,4.87166052817357,182,1,22.5160007476807,36.9560012817383,0.0841049998998642,0.0710219964385033,141.508193969727,-85.7994,25.0194,53.6456277628076,63,63,63,63,61,63,0.061677,8279,1.45687144005964,25,-86,0.001869,51,2025-03-15 01:36:51.000159,182,1.037,0.0011,"aoml_navis",1026.34409172893
"7901009",64,0.0346379224771776,1,0.072891,1,0.050463,1,146.916113707842,1,4.87143557203888,184,1,22.3500003814697,36.9440002441406,0.0728909969329834,0.0598080009222031,141.671401977539,-85.7994,25.0194,53.6456277628076,63,63,63,63,61,63,0.050463,8279,1.45687144005964,25,-86,0.001869,51,2025-03-15 01:36:51.000159,184,1.037,0.0011,"aoml_navis",1026.39148687485
"7901009",64,0.0359208084948509,1,0.07476,1,0.052332,1,147.237381748013,1,4.87136583294798,186,1,22.3209991455078,36.9410018920898,0.0747599974274635,0.0616770014166832,141.981201171875,-85.7994,25.0194,53.6456277628076,63,63,63,63,61,63,0.052332,8279,1.45687144005964,25,-86,0.001869,51,2025-03-15 01:36:51.000159,186,1.037,0.0011,"aoml_navis",1026.40618082551
"7901009",64,0.0320721504418311,1,0.069153,1,0.046725,1,147.228773669707,1,4.87123449924635,188,1,22.2600002288818,36.943000793457,0.0691530033946037,0.0560699999332428,141.972900390625,-85.7994,25.0194,53.6456277628076,63,63,63,63,61,63,0.046725,8279,1.45687144005964,25,-86,0.001869,51,2025-03-15 01:36:51.000159,188,1.037,0.0011,"aoml_navis",1026.43385383594
"7901009",64,0.0256577203534649,1,0.059808,1,0.03738,1,147.057561523982,1,4.87110581064048,190,1,22.1770000457764,36.9360008239746,0.0598080009222031,0.0467250011861324,141.807800292969,-85.7994,25.0194,53.6456277628076,63,63,63,63,61,63,0.03738,8279,1.45687144005964,25,-86,0.001869,51,2025-03-15 01:36:51.000159,190,1.037,0.0011,"aoml_navis",1026.46097095201
"7901009",64,0.0205261762827719,1,0.052332,1,0.029904,1,146.826725777047,1,4.87097331006496,192,1,22.0909996032715,36.9290008544922,0.0523319989442825,0.0392489992082119,141.585205078125,-85.7994,25.0194,53.6456277628076,63,63,63,63,61,63,0.029904,8279,1.45687144005964,25,-86,0.001869,51,2025-03-15 01:36:51.000159,192,1.037,0.0011,"aoml_navis",1026.48889281911
"7901009",64,0.0166775182297522,1,0.046725,1,0.024297,1,146.546836642705,1,4.87074246187648,194,1,21.9160003662109,36.9160003662109,0.0467250011861324,0.0336420014500618,141.315307617188,-85.7994,25.0194,53.6456277628076,63,63,63,63,61,63,0.024297,8279,1.45687144005964,25,-86,0.001869,51,2025-03-15 01:36:51.000159,194,1.037,0.0011,"aoml_navis",1026.53754312309
"7901009",64,0.0141117461944057,1,0.042987,1,0.020559,1,146.192576243584,1,4.87061450760933,196,1,21.8139991760254,36.9020004272461,0.0429870001971722,0.0299040004611015,140.973693847656,-85.7994,25.0194,53.6456277628076,63,63,63,63,61,63,0.020559,8279,1.45687144005964,25,-86,0.001869,51,2025-03-15 01:36:51.000159,196,1.037,0.0011,"aoml_navis",1026.56451094385
"7901009",64,0.0141117461944057,1,0.042987,1,0.020559,1,146.097792440174,1,4.87050701106724,198,1,21.7350006103516,36.890998840332,0.0429870001971722,0.0299040004611015,140.882293701172,-85.7994,25.0194,53.6456277628076,63,63,63,63,61,63,0.020559,8279,1.45687144005964,25,-86,0.001869,51,2025-03-15 01:36:51.000159,198,1.037,0.0011,"aoml_navis",1026.58716816104
"7901009",64,0.0115459741590592,1,0.039249,1,0.016821,1,146.175787326152,1,4.87039428064312,200,1,21.6599998474121,36.882999420166,0.0392489992082119,0.0261659994721413,140.957504272461,-85.7994,25.0194,53.6456277628076,63,63,63,63,61,63,0.016821,8279,1.45687144005964,25,-86,0.001869,51,2025-03-15 01:36:51.000159,200,1.037,0.0011,"aoml_navis",1026.61092960625
"7901009",64,0.00769731610603947,1,0.033642,1,0.011214,1,146.339942113559,1,4.87026519605993,202,1,21.5779991149902,36.8769989013672,0.0336420014500618,0.020558999851346,141.115798950195,-85.7994,25.0194,53.6456277628076,63,63,63,63,61,63,0.011214,8279,1.45687144005964,25,-86,0.001869,51,2025-03-15 01:36:51.000159,202,1.037,0.0011,"aoml_navis",1026.63813955039
"7901009",64,0.00898020212371272,1,0.035511,1,0.013083,1,146.651573536656,1,4.8700839994098,204,1,21.4540004730225,36.8699989318848,0.0355109982192516,0.0224280003458261,141.416305541992,-85.7994,25.0194,53.6456277628076,63,63,63,63,61,63,0.013083,8279,1.45687144005964,25,-86,0.001869,51,2025-03-15 01:36:51.000159,204,1.037,0.0011,"aoml_navis",1026.67633671328
"7901009",64,0.00513154407069298,1,0.029904,1,0.007476,1,147.063890993325,1,4.86995896162817,206,1,21.3610000610352,36.859001159668,0.0299040004611015,0.0168210007250309,141.813903808594,-85.7994,25.0194,53.6456277628076,63,63,63,63,61,63,0.007476,8279,1.45687144005964,25,-86,0.001869,51,2025-03-15 01:36:51.000159,206,1.037,0.0011,"aoml_navis",1026.70269696243
"7901009",64,0.010263088141386,1,0.03738,1,0.014952,1,147.333921979166,1,4.86980467256156,208,1,21.261999130249,36.8540000915527,0.0373799987137318,0.0242970008403063,142.074295043945,-85.7994,25.0194,53.6456277628076,63,63,63,63,61,63,0.014952,8279,1.45687144005964,25,-86,0.001869,51,2025-03-15 01:36:51.000159,208,1.037,0.0011,"aoml_navis",1026.73522578267
"7901009",64,0.00128288601767324,1,0.024297,1,0.001869,1,147.440636832287,1,4.86965436095449,210,1,21.1630001068115,36.8479995727539,0.0242970008403063,0.0112140001729131,142.177200317383,-85.7994,25.0194,53.6456277628076,63,63,63,63,61,63,0.001869,8279,1.45687144005964,25,-86,0.001869,51,2025-03-15 01:36:51.000159,210,1.037,0.0011,"aoml_navis",1026.76691801592
"7901009",64,0.00128288601767324,1,0.024297,1,0.001869,1,147.546623796433,1,4.86948764593782,212,1,21.0540008544922,36.8429985046387,0.0242970008403063,0.0112140001729131,142.279403686523,-85.7994,25.0194,53.6456277628076,63,63,63,63,61,63,0.001869,8279,1.45687144005964,25,-86,0.001869,51,2025-03-15 01:36:51.000159,212,1.037,0.0011,"aoml_navis",1026.8020710908
"7901009",64,0.00384865805301973,1,0.028035,1,0.005607,1,147.44084254004,1,4.86940608719621,214,1,21.003999710083,36.8359985351562,0.0280349999666214,0.0149520002305508,142.177398681641,-85.7994,25.0194,53.6456277628076,63,63,63,63,61,63,0.005607,8279,1.45687144005964,25,-86,0.001869,51,2025-03-15 01:36:51.000159,214,1.037,0.0011,"aoml_navis",1026.81926922201
"7901009",64,0.00128288601767324,1,0.024297,1,0.001869,1,147.709433571606,1,4.86927608362185,216,1,20.9060001373291,36.8250007629395,0.0242970008403063,0.0112140001729131,142.436401367188,-85.7994,25.0194,53.6456277628076,63,63,63,63,61,63,0.001869,8279,1.45687144005964,25,-86,0.001869,51,2025-03-15 01:36:51.000159,216,1.037,0.0011,"aoml_navis",1026.84668401076
"7901009",64,0.00128288601767324,1,0.024297,1,0.001869,1,149.065965441172,1,4.86911348643193,218,1,20.7800006866455,36.8129997253418,0.0242970008403063,0.0112140001729131,143.744506835938,-85.7994,25.0194,53.6456277628076,63,63,63,63,61,63,0.001869,8279,1.45687144005964,25,-86,0.001869,51,2025-03-15 01:36:51.000159,218,1.037,0.0011,"aoml_navis",1026.88097411013
"7901009",64,-0.00128288601767324,1,0.020559,1,-0.001869,1,149.951062610408,1,4.86895250626818,220,1,20.6520004272461,36.7999992370605,0.020558999851346,0.00747600011527538,144.598007202148,-85.7994,25.0194,53.6456277628076,63,63,63,63,61,63,-0.001869,8279,1.45687144005964,25,-86,0.001869,51,2025-03-15 01:36:51.000159,220,1.037,0.0011,"aoml_navis",1026.91492545124
"7901009",64,0,1,0.022428,1,0,1,150.080468611123,1,4.86886391286101,222,1,20.5960006713867,36.7929992675781,0.0224280003458261,0.00934499967843294,144.722793579102,-85.7994,25.0194,53.6456277628076,63,63,63,63,61,63,0,8279,1.45687144005964,25,-86,0.001869,51,2025-03-15 01:36:51.000159,222,1.037,0.0011,"aoml_navis",1026.93361110229
"7901009",64,-0.00384865805301973,1,0.016821,1,-0.005607,1,150.027174479256,1,4.86877154653871,224,1,20.5370006561279,36.7859992980957,0.0168210007250309,0.00373800005763769,144.671401977539,-85.7994,25.0194,53.6456277628076,63,63,63,63,61,63,-0.005607,8279,1.45687144005964,25,-86,0.001869,51,2025-03-15 01:36:51.000159,224,1.037,0.0011,"aoml_navis",1026.95309324065
"7901009",64,-0.00128288601767324,1,0.020559,1,-0.001869,1,149.955303354867,1,4.86870548143106,226,1,20.5009994506836,36.7799987792969,0.020558999851346,0.00747600011527538,144.602096557617,-85.7994,25.0194,53.6456277628076,63,63,63,63,61,63,-0.001869,8279,1.45687144005964,25,-86,0.001869,51,2025-03-15 01:36:51.000159,226,1.037,0.0011,"aoml_navis",1026.96702831372
"7901009",64,-0.00256577203534649,1,0.01869,1,-0.003738,1,150.057144516594,1,4.86858769502968,228,1,20.4109992980957,36.7690010070801,0.0186899993568659,0.00560700008645654,144.700302124023,-85.7994,25.0194,53.6456277628076,63,63,63,63,61,63,-0.003738,8279,1.45687144005964,25,-86,0.001869,51,2025-03-15 01:36:51.000159,228,1.037,0.0011,"aoml_navis",1026.99187386611
"7901009",64,0,1,0.022428,1,0,1,149.856373749038,1,4.86853523586439,230,1,20.3910007476807,36.7649993896484,0.0224280003458261,0.00934499967843294,144.506698608398,-85.7994,25.0194,53.6456277628076,63,63,63,63,61,63,0,8279,1.45687144005964,25,-86,0.001869,51,2025-03-15 01:36:51.000159,230,1.037,0.0011,"aoml_navis",1027.00293985081
"7901009",64,0,1,0.022428,1,0,1,149.875979280328,1,4.86833365060721,232,1,20.1989994049072,36.7410011291504,0.0224280003458261,0.00934499967843294,144.525604248047,-85.7994,25.0194,53.6456277628076,63,63,63,63,61,63,0,8279,1.45687144005964,25,-86,0.001869,51,2025-03-15 01:36:51.000159,232,1.037,0.0011,"aoml_navis",1027.04546541841
"7901009",64,-0.00128288601767324,1,0.020559,1,-0.001869,1,150.013898417309,1,4.86824940630832,234,1,20.1399993896484,36.7319984436035,0.020558999851346,0.00747600011527538,144.658599853516,-85.7994,25.0194,53.6456277628076,63,63,63,63,61,63,-0.001869,8279,1.45687144005964,25,-86,0.001869,51,2025-03-15 01:36:51.000159,234,1.037,0.0011,"aoml_navis",1027.06323828047
"7901009",64,-0.00384865805301973,1,0.016821,1,-0.005607,1,150.052065117447,1,4.86816467055053,236,1,20.0890007019043,36.726001739502,0.0168210007250309,0.00373800005763769,144.695404052734,-85.7994,25.0194,53.6456277628076,63,63,63,63,61,63,-0.005607,8279,1.45687144005964,25,-86,0.001869,51,2025-03-15 01:36:51.000159,236,1.037,0.0011,"aoml_navis",1027.08111544521
"7901009",64,0,1,0.022428,1,0,1,150.185838452008,1,4.86807684039682,238,1,20.0270004272461,36.7169990539551,0.0224280003458261,0.00934499967843294,144.824401855469,-85.7994,25.0194,53.6456277628076,63,63,63,63,61,63,0,8279,1.45687144005964,25,-86,0.001869,51,2025-03-15 01:36:51.000159,238,1.037,0.0011,"aoml_navis",1027.09964610838
"7901009",64,-0.00384865805301973,1,0.016821,1,-0.005607,1,150.325308308979,1,4.86797468649926,240,1,19.9650001525879,36.7120018005371,0.0168210007250309,0.00373800005763769,144.958892822266,-85.7994,25.0194,53.6456277628076,63,63,63,63,61,63,-0.005607,8279,1.45687144005964,25,-86,0.001869,51,2025-03-15 01:36:51.000159,240,1.037,0.0011,"aoml_navis",1027.12119967815
"7901009",64,-0.00128288601767324,1,0.020559,1,-0.001869,1,150.486155948655,1,4.86787884696534,242,1,19.9050006866455,36.7060012817383,0.020558999851346,0.00747600011527538,145.113998413086,-85.7994,25.0194,53.6456277628076,63,63,63,63,61,63,-0.001869,8279,1.45687144005964,25,-86,0.001869,51,2025-03-15 01:36:51.000159,242,1.037,0.0011,"aoml_navis",1027.14142179546
"7901009",64,-0.00384865805301973,1,0.016821,1,-0.005607,1,150.702797860588,1,4.86778421333389,244,1,19.8430004119873,36.6990013122559,0.0168210007250309,0.00373800005763769,145.322906494141,-85.7994,25.0194,53.6456277628076,63,63,63,63,61,63,-0.005607,8279,1.45687144005964,25,-86,0.001869,51,2025-03-15 01:36:51.000159,244,1.037,0.0011,"aoml_navis",1027.16139024896
"7901009",64,-0.00256577203534649,1,0.01869,1,-0.003738,1,151.078910752616,1,4.86768137793591,246,1,19.7630004882812,36.6879997253418,0.0186899993568659,0.00560700008645654,145.685592651367,-85.7994,25.0194,53.6456277628076,63,63,63,63,61,63,-0.003738,8279,1.45687144005964,25,-86,0.001869,51,2025-03-15 01:36:51.000159,246,1.037,0.0011,"aoml_navis",1027.18309022112
"7901009",64,0,1,0.022428,1,0,1,151.25624665993,1,4.86757193944775,248,1,19.6690006256104,36.673999786377,0.0224280003458261,0.00934499967843294,145.856597900391,-85.7994,25.0194,53.6456277628076,63,63,63,63,61,63,0,8279,1.45687144005964,25,-86,0.001869,51,2025-03-15 01:36:51.000159,248,1.037,0.0011,"aoml_navis",1027.20618456176
"7901009",64,-0.00128288601767324,1,0.020559,1,-0.001869,1,151.247021458363,1,4.86750956491519,250,1,19.6350002288818,36.6679992675781,0.020558999851346,0.00747600011527538,145.847702026367,-85.7994,25.0194,53.6456277628076,63,63,63,63,61,63,-0.001869,8279,1.45687144005964,25,-86,0.001869,51,2025-03-15 01:36:51.000159,250,1.037,0.0011,"aoml_navis",1027.2193476598
"7901009",64,-0.00513154407069298,1,0.014952,1,-0.007476,1,151.286216697269,1,4.86742657164286,252,1,19.576000213623,36.6590003967285,0.0149520002305508,0.00186900002881885,145.885498046875,-85.7994,25.0194,53.6456277628076,63,63,63,63,61,63,-0.007476,8279,1.45687144005964,25,-86,0.001869,51,2025-03-15 01:36:51.000159,252,1.037,0.0011,"aoml_navis",1027.23686251982
"7901009",64,-0.00128288601767324,1,0.020559,1,-0.001869,1,151.495912016598,1,4.86732440268069,254,1,19.4930000305176,36.6469993591309,0.020558999851346,0.00747600011527538,146.087707519531,-85.7994,25.0194,53.6456277628076,63,63,63,63,61,63,-0.001869,8279,1.45687144005964,25,-86,0.001869,51,2025-03-15 01:36:51.000159,254,1.037,0.0011,"aoml_navis",1027.25842502839
"7901009",64,-0.00384865805301973,1,0.016821,1,-0.005607,1,151.750499097243,1,4.86724453683097,256,1,19.4419994354248,36.6399993896484,0.0168210007250309,0.00373800005763769,146.333206176758,-85.7994,25.0194,53.6456277628076,63,63,63,63,61,63,-0.005607,8279,1.45687144005964,25,-86,0.001869,51,2025-03-15 01:36:51.000159,256,1.037,0.0011,"aoml_navis",1027.27528115024
"7901009",64,-0.00641443008836622,1,0.013083,1,-0.009345,1,151.98516417313,1,4.86716727460486,258,1,19.3929996490479,36.632999420166,0.0130829997360706,0,146.559494018555,-85.7994,25.0194,53.6456277628076,63,63,63,63,61,63,-0.009345,8279,1.45687144005964,25,-86,0.001869,51,2025-03-15 01:36:51.000159,258,1.037,0.0011,"aoml_navis",1027.2915882896
"7901009",64,-0.00384865805301973,1,0.016821,1,-0.005607,1,152.098619911101,1,4.86707371336461,260,1,19.3279991149902,36.625,0.0168210007250309,0.00373800005763769,146.668899536133,-85.7994,25.0194,53.6456277628076,63,63,63,63,61,63,-0.005607,8279,1.45687144005964,25,-86,0.001869,51,2025-03-15 01:36:51.000159,260,1.037,0.0011,"aoml_navis",1027.31133622866
"7901009",64,-0.00128288601767324,1,0.020559,1,-0.001869,1,152.153797060098,1,4.86698629393495,262,1,19.261999130249,36.6150016784668,0.020558999851346,0.00747600011527538,146.722106933594,-85.7994,25.0194,53.6456277628076,63,63,63,63,61,63,-0.001869,8279,1.45687144005964,25,-86,0.001869,51,2025-03-15 01:36:51.000159,262,1.037,0.0011,"aoml_navis",1027.32978850399
"7901009",64,-0.00256577203534649,1,0.01869,1,-0.003738,1,152.091056195236,1,4.86690042331872,264,1,19.2000007629395,36.6059989929199,0.0186899993568659,0.00560700008645654,146.661605834961,-85.7994,25.0194,53.6456277628076,63,63,63,63,61,63,-0.003738,8279,1.45687144005964,25,-86,0.001869,51,2025-03-15 01:36:51.000159,264,1.037,0.0011,"aoml_navis",1027.347914505
"7901009",64,-0.00384865805301973,1,0.016821,1,-0.005607,1,152.182928442748,1,4.86681468398677,266,1,19.1380004882812,36.5970001220703,0.0168210007250309,0.00373800005763769,146.750198364258,-85.7994,25.0194,53.6456277628076,63,63,63,63,61,63,-0.005607,8279,1.45687144005964,25,-86,0.001869,51,2025-03-15 01:36:51.000159,266,1.037,0.0011,"aoml_navis",1027.36601343204
"7901009",64,-0.00256577203534649,1,0.01869,1,-0.003738,1,152.163322911459,1,4.86674532080318,268,1,19.0919990539551,36.5890007019043,0.0186899993568659,0.00560700008645654,146.731292724609,-85.7994,25.0194,53.6456277628076,63,63,63,63,61,63,-0.003738,8279,1.45687144005964,25,-86,0.001869,51,2025-03-15 01:36:51.000159,268,1.037,0.0011,"aoml_navis",1027.38065594417
"7901009",64,-0.00128288601767324,1,0.020559,1,-0.001869,1,152.156487084568,1,4.86667376675312,270,1,19.0499992370605,36.5830001831055,0.020558999851346,0.00747600011527538,146.724700927734,-85.7994,25.0194,53.6456277628076,63,63,63,63,61,63,-0.001869,8279,1.45687144005964,25,-86,0.001869,51,2025-03-15 01:36:51.000159,270,1.037,0.0011,"aoml_navis",1027.39576138382
"7901009",64,-0.00513154407069298,1,0.014952,1,-0.007476,1,151.981540551931,1,4.86659199887072,272,1,18.988000869751,36.5730018615723,0.0149520002305508,0.00186900002881885,146.555999755859,-85.7994,25.0194,53.6456277628076,63,63,63,63,61,63,-0.007476,8279,1.45687144005964,25,-86,0.001869,51,2025-03-15 01:36:51.000159,272,1.037,0.0011,"aoml_navis",1027.41302356151
"7901009",64,-0.00513154407069298,1,0.014952,1,-0.007476,1,151.810644879673,1,4.86649039310265,274,1,18.9009990692139,36.560001373291,0.0149520002305508,0.00186900002881885,146.391204833984,-85.7994,25.0194,53.6456277628076,63,63,63,63,61,63,-0.007476,8279,1.45687144005964,25,-86,0.001869,51,2025-03-15 01:36:51.000159,274,1.037,0.0011,"aoml_navis",1027.43447456232
"7901009",64,0,1,0.016821,1,-0.005607,1,151.727269944754,1,4.86640153719746,276,1,18.8299999237061,36.548999786377,0.0168210007250309,0,146.310806274414,-85.7994,25.0194,53.6456277628076,63,63,63,63,61,63,0,8279,1.45687144005964,25,-86,0.001869,51,2025-03-15 01:36:51.000159,276,1.037,0.0011,"aoml_navis",1027.45323454741
"7901009",64,0,1,0.016821,1,-0.005607,1,151.511561629549,1,4.8663402305112,278,1,18.7959995269775,36.5429992675781,0.0168210007250309,0,146.102798461914,-85.7994,25.0194,53.6456277628076,63,63,63,63,61,63,0,8279,1.45687144005964,25,-86,0.001869,51,2025-03-15 01:36:51.000159,278,1.037,0.0011,"aoml_navis",1027.46617851559
"7901009",64,0,1,0.014952,1,-0.007476,1,151.326772772083,1,4.86628400156822,280,1,18.7719993591309,36.5390014648438,0.0149520002305508,0,145.924606323242,-85.7994,25.0194,53.6456277628076,63,63,63,63,61,63,0,8279,1.45687144005964,25,-86,0.001869,51,2025-03-15 01:36:51.000159,280,1.037,0.0011,"aoml_navis",1027.47805068276
"7901009",64,0,1,0.016821,1,-0.005607,1,151.140417370955,1,4.86621534430131,282,1,18.7290000915527,36.5320014953613,0.0168210007250309,0,145.744903564453,-85.7994,25.0194,53.6456277628076,63,63,63,63,61,63,0,8279,1.45687144005964,25,-86,0.001869,51,2025-03-15 01:36:51.000159,282,1.037,0.0011,"aoml_navis",1027.49254733565
"7901009",64,0,1,0.016821,1,-0.005607,1,151.012024085335,1,4.86614798078641,284,1,18.6870002746582,36.5250015258789,0.0168210007250309,0,145.62109375,-85.7994,25.0194,53.6456277628076,63,63,63,63,61,63,0,8279,1.45687144005964,25,-86,0.001869,51,2025-03-15 01:36:51.000159,284,1.037,0.0011,"aoml_navis",1027.5067712166
"7901009",64,0,1,0.014952,1,-0.007476,1,150.817487845081,1,4.86608068361916,286,1,18.6450004577637,36.5180015563965,0.0149520002305508,0,145.433502197266,-85.7994,25.0194,53.6456277628076,63,63,63,63,61,63,0,8279,1.45687144005964,25,-86,0.001869,51,2025-03-15 01:36:51.000159,286,1.037,0.0011,"aoml_navis",1027.52098148139
"7901009",64,0,1,0.016821,1,-0.005607,1,150.863218261084,1,4.865976572629,288,1,18.5550003051758,36.5050010681152,0.0168210007250309,0,145.477600097656,-85.7994,25.0194,53.6456277628076,63,63,63,63,61,63,0,8279,1.45687144005964,25,-86,0.001869,51,2025-03-15 01:36:51.000159,288,1.037,0.0011,"aoml_navis",1027.54296601526
"7901009",64,0,1,0.016821,1,-0.005607,1,150.950011109448,1,4.86591070435232,290,1,18.5139999389648,36.4980010986328,0.0168210007250309,0,145.561294555664,-85.7994,25.0194,53.6456277628076,63,63,63,63,61,63,0,8279,1.45687144005964,25,-86,0.001869,51,2025-03-15 01:36:51.000159,290,1.037,0.0011,"aoml_navis",1027.5568755357
"7901009",64,0,1,0.011214,1,-0.011214,1,150.967432973814,1,4.86583276857009,292,1,18.4659996032715,36.492000579834,0.0112140001729131,0,145.578094482422,-85.7994,25.0194,53.6456277628076,63,63,63,63,61,63,0,8279,1.45687144005964,25,-86,0.001869,51,2025-03-15 01:36:51.000159,292,1.037,0.0011,"aoml_navis",1027.57333385901
"7901009",64,0,1,0.016821,1,-0.005607,1,150.867364063503,1,4.86576215316304,294,1,18.4179992675781,36.484001159668,0.0168210007250309,0,145.481597900391,-85.7994,25.0194,53.6456277628076,63,63,63,63,61,63,0,8279,1.45687144005964,25,-86,0.001869,51,2025-03-15 01:36:51.000159,294,1.037,0.0011,"aoml_navis",1027.58824673534
"7901009",64,0,1,0.01869,1,-0.003738,1,150.893188298422,1,4.8656977557952,296,1,18.3840007781982,36.4790000915527,0.0186899993568659,0,145.506500244141,-85.7994,25.0194,53.6456277628076,63,63,63,63,61,63,0,8279,1.45687144005964,25,-86,0.001869,51,2025-03-15 01:36:51.000159,296,1.037,0.0011,"aoml_navis",1027.60184683581
"7901009",64,0,1,0.020559,1,-0.001869,1,150.767390095233,1,4.86562855252725,298,1,18.3460006713867,36.4739990234375,0.020558999851346,0,145.385192871094,-85.7994,25.0194,53.6456277628076,63,63,63,63,61,63,0,8279,1.45687144005964,25,-86,0.001869,51,2025-03-15 01:36:51.000159,298,1.037,0.0011,"aoml_navis",1027.61646229714
"7901009",64,0,1,0.01869,1,-0.003738,1,150.62894877703,1,4.86557271782581,300,1,18.32200050354,36.4700012207031,0.0186899993568659,0,145.251693725586,-85.7994,25.0194,53.6456277628076,63,63,63,63,61,63,0,8279,1.45687144005964,25,-86,0.001869,51,2025-03-15 01:36:51.000159,300,1.037,0.0011,"aoml_navis",1027.6282546722
"7901009",64,0,1,0.01869,1,-0.003738,1,149.942454532101,1,4.86551570860007,302,1,18.2970008850098,36.4659996032715,0.0186899993568659,0,144.589706420898,-85.7994,25.0194,53.6456277628076,63,63,63,63,61,63,0,8279,1.45687144005964,25,-86,0.001869,51,2025-03-15 01:36:51.000159,302,1.037,0.0011,"aoml_navis",1027.64029538785
"7901009",64,0,1,0.013083,1,-0.009345,1,149.139798701057,1,4.86545747810433,304,1,18.2590007781982,36.4580001831055,0.0130829997360706,0,143.815704345703,-85.7994,25.0194,53.6456277628076,63,63,63,63,61,63,0,8279,1.45687144005964,25,-86,0.001869,51,2025-03-15 01:36:51.000159,304,1.037,0.0011,"aoml_navis",1027.65259433489
"7901009",64,0,1,0.016821,1,-0.005607,1,148.805349540979,1,4.8653824077688,306,1,18.201000213623,36.4480018615723,0.0168210007250309,0,143.493194580078,-85.7994,25.0194,53.6456277628076,63,63,63,63,61,63,0,8279,1.45687144005964,25,-86,0.001869,51,2025-03-15 01:36:51.000159,306,1.037,0.0011,"aoml_navis",1027.6684504832
"7901009",64,0,1,0.020559,1,-0.001869,1,148.582299041336,1,4.86532792002066,308,1,18.1749992370605,36.443000793457,0.020558999851346,0,143.278106689453,-85.7994,25.0194,53.6456277628076,63,63,63,63,61,63,0,8279,1.45687144005964,25,-86,0.001869,51,2025-03-15 01:36:51.000159,308,1.037,0.0011,"aoml_navis",1027.67995954089
"7901009",64,0,1,0.016821,1,-0.005607,1,148.365451421649,1,4.86527345917114,310,1,18.1490001678467,36.4379997253418,0.0168210007250309,0,143.069000244141,-85.7994,25.0194,53.6456277628076,63,63,63,63,61,63,0,8279,1.45687144005964,25,-86,0.001869,51,2025-03-15 01:36:51.000159,310,1.037,0.0011,"aoml_navis",1027.69146317457
"7901009",64,0,1,0.01869,1,-0.003738,1,147.79872656036,1,4.86520098961175,312,1,18.1049995422363,36.431999206543,0.0186899993568659,0,142.522506713867,-85.7994,25.0194,53.6456277628076,63,63,63,63,61,63,0,8279,1.45687144005964,25,-86,0.001869,51,2025-03-15 01:36:51.000159,312,1.037,0.0011,"aoml_navis",1027.7067711439
"7901009",64,0,1,0.022428,1,0,1,146.855967925411,1,4.86513230940802,314,1,18.0459995269775,36.4199981689453,0.0224280003458261,0,141.613403320312,-85.7994,25.0194,53.6456277628076,63,63,63,63,61,63,0,8279,1.45687144005964,25,-86,0.001869,51,2025-03-15 01:36:51.000159,314,1.037,0.0011,"aoml_navis",1027.7212790968
"7901009",64,0,1,0.01869,1,-0.003738,1,146.753509640423,1,4.86498413851483,316,1,17.8780002593994,36.3940010070801,0.0186899993568659,0,141.514602661133,-85.7994,25.0194,53.6456277628076,63,63,63,63,61,63,0,8279,1.45687144005964,25,-86,0.001869,51,2025-03-15 01:36:51.000159,316,1.037,0.0011,"aoml_navis",1027.75257999636
"7901009",64,0,1,0.014952,1,-0.007476,1,146.546931584745,1,4.86489942104122,318,1,17.798999786377,36.3800010681152,0.0149520002305508,0,141.315399169922,-85.7994,25.0194,53.6456277628076,63,63,63,63,61,63,0,8279,1.45687144005964,25,-86,0.001869,51,2025-03-15 01:36:51.000159,318,1.037,0.0011,"aoml_navis",1027.7704773041
"7901009",64,0,1,0.020559,1,-0.001869,1,146.057980078007,1,4.86483473145158,320,1,17.757999420166,36.3730010986328,0.020558999851346,0,140.843902587891,-85.7994,25.0194,53.6456277628076,63,63,63,63,61,63,0,8279,1.45687144005964,25,-86,0.001869,51,2025-03-15 01:36:51.000159,320,1.037,0.0011,"aoml_navis",1027.78414396579
"7901009",64,0,1,0.024297,1,0.001869,1,145.323666692193,1,4.86477372499797,322,1,17.7169990539551,36.3650016784668,0.0242970008403063,0,140.135803222656,-85.7994,25.0194,53.6456277628076,63,63,63,63,61,63,0,8279,1.45687144005964,25,-86,0.001869,51,2025-03-15 01:36:51.000159,322,1.037,0.0011,"aoml_navis",1027.79703284187
"7901009",64,0,1,0.01869,1,-0.003738,1,144.381525180504,1,4.86470456821164,324,1,17.6660003662109,36.3559989929199,0.0186899993568659,0,139.227294921875,-85.7994,25.0194,53.6456277628076,63,63,63,63,61,63,0,8279,1.45687144005964,25,-86,0.001869,51,2025-03-15 01:36:51.000159,324,1.037,0.0011,"aoml_navis",1027.81164403537
"7901009",64,0,1,0.024297,1,0.001869,1,143.484924200738,1,4.86461365112493,326,1,17.57200050354,36.3390007019043,0.0242970008403063,0,138.362701416016,-85.7994,25.0194,53.6456277628076,63,63,63,63,61,63,0,8279,1.45687144005964,25,-86,0.001869,51,2025-03-15 01:36:51.000159,326,1.037,0.0011,"aoml_navis",1027.83085329783
"7901009",64,0,1,0.020559,1,-0.001869,1,142.856803486824,1,4.86450582022021,328,1,17.451000213623,36.318000793457,0.020558999851346,0,137.75700378418,-85.7994,25.0194,53.6456277628076,63,63,63,63,61,63,0,8279,1.45687144005964,25,-86,0.001869,51,2025-03-15 01:36:51.000159,328,1.037,0.0011,"aoml_navis",1027.85363709847
"7901009",64,0,1,0.022428,1,0,1,142.885839927434,1,4.86435493446998,330,1,17.2709999084473,36.2900009155273,0.0224280003458261,0,137.785003662109,-85.7994,25.0194,53.6456277628076,63,63,63,63,61,63,0,8279,1.45687144005964,25,-86,0.001869,51,2025-03-15 01:36:51.000159,330,1.037,0.0011,"aoml_navis",1027.8855197364
"7901009",64,0,1,0.026166,1,0.003738,1,142.88511203846,1,4.86429508923608,332,1,17.2210006713867,36.2789993286133,0.0261659994721413,0,137.784301757812,-85.7994,25.0194,53.6456277628076,63,63,63,63,61,63,0,8279,1.45687144005964,25,-86,0.001869,51,2025-03-15 01:36:51.000159,332,1.037,0.0011,"aoml_navis",1027.8981657721
"7901009",64,0,1,0.024297,1,0.001869,1,144.016188210033,1,4.86411346903639,334,1,17.0130004882812,36.2509994506836,0.0242970008403063,0,138.875,-85.7994,25.0194,53.6456277628076,63,63,63,63,61,63,0,8279,1.45687144005964,25,-86,0.001869,51,2025-03-15 01:36:51.000159,334,1.037,0.0011,"aoml_navis",1027.93654626452
"7901009",64,0,1,0.01869,1,-0.003738,1,144.633833652185,1,4.86401536249231,336,1,16.9419994354248,36.2439994812012,0.0186899993568659,0,139.470596313477,-85.7994,25.0194,53.6456277628076,63,63,63,63,61,63,0,8279,1.45687144005964,25,-86,0.001869,51,2025-03-15 01:36:51.000159,336,1.037,0.0011,"aoml_navis",1027.95727960818
"7901009",64,0,1,0.01869,1,-0.003738,1,143.899931681878,1,4.86395154265336,338,1,16.9099998474121,36.2400016784668,0.0186899993568659,0,138.762893676758,-85.7994,25.0194,53.6456277628076,63,63,63,63,61,63,0,8279,1.45687144005964,25,-86,0.001869,51,2025-03-15 01:36:51.000159,338,1.037,0.0011,"aoml_navis",1027.97076742101
"7901009",64,0,1,0.014952,1,-0.007476,1,143.337146915255,1,4.86387629141555,340,1,16.8460006713867,36.2290000915527,0.0149520002305508,0,138.220199584961,-85.7994,25.0194,53.6456277628076,63,63,63,63,61,63,0,8279,1.45687144005964,25,-86,0.001869,51,2025-03-15 01:36:51.000159,340,1.037,0.0011,"aoml_navis",1027.98667162335
"7901009",64,0,1,0.014952,1,-0.007476,1,142.677078204833,1,4.86379025621619,342,1,16.7630004882812,36.2150001525879,0.0149520002305508,0,137.583694458008,-85.7994,25.0194,53.6456277628076,63,63,63,63,61,63,0,8279,1.45687144005964,25,-86,0.001869,51,2025-03-15 01:36:51.000159,342,1.037,0.0011,"aoml_navis",1028.0048555979
"7901009",64,0,1,0.016821,1,-0.005607,1,142.003749256137,1,4.8637033561077,344,1,16.6790008544922,36.201000213623,0.0168210007250309,0,136.93440246582,-85.7994,25.0194,53.6456277628076,63,63,63,63,61,63,0,8279,1.45687144005964,25,-86,0.001869,51,2025-03-15 01:36:51.000159,344,1.037,0.0011,"aoml_navis",1028.02322302842
"7901009",64,0,1,0.016821,1,-0.005607,1,141.462310624873,1,4.8636330503117,346,1,16.6219997406006,36.1910018920898,0.0168210007250309,0,136.412292480469,-85.7994,25.0194,53.6456277628076,63,63,63,63,61,63,0,8279,1.45687144005964,25,-86,0.001869,51,2025-03-15 01:36:51.000159,346,1.037,0.0011,"aoml_navis",1028.03808352268
"7901009",64,0,1,0.016821,1,-0.005607,1,141.177753506891,1,4.86357864875019,348,1,16.5820007324219,36.181999206543,0.0168210007250309,0,136.137893676758,-85.7994,25.0194,53.6456277628076,63,63,63,63,61,63,0,8279,1.45687144005964,25,-86,0.001869,51,2025-03-15 01:36:51.000159,348,1.037,0.0011,"aoml_navis",1028.0495826432
"7901009",64,0,1,0.016821,1,-0.005607,1,141.109426885334,1,4.86351745893011,350,1,16.5359992980957,36.1730003356934,0.0168210007250309,0,136.072006225586,-85.7994,25.0194,53.6456277628076,63,63,63,63,61,63,0,8279,1.45687144005964,25,-86,0.001869,51,2025-03-15 01:36:51.000159,350,1.037,0.0011,"aoml_navis",1028.06251693808
"7901009",64,0,1,0.016821,1,-0.005607,1,140.990780982502,1,4.86342476763594,352,1,16.4589996337891,36.1629981994629,0.0168210007250309,0,135.957595825195,-85.7994,25.0194,53.6456277628076,63,63,63,63,61,63,0,8279,1.45687144005964,25,-86,0.001869,51,2025-03-15 01:36:51.000159,352,1.037,0.0011,"aoml_navis",1028.08211062972
"7901009",64,0,1,0.01869,1,-0.003738,1,140.817495935567,1,4.86334929208786,354,1,16.3969993591309,36.1529998779297,0.0186899993568659,0,135.790496826172,-85.7994,25.0194,53.6456277628076,63,63,63,63,61,63,0,8279,1.45687144005964,25,-86,0.001869,51,2025-03-15 01:36:51.000159,354,1.037,0.0011,"aoml_navis",1028.09806569609
"7901009",64,0,1,0.01869,1,-0.003738,1,140.575457027895,1,4.86329996584663,356,1,16.3740005493164,36.1479988098145,0.0186899993568659,0,135.557098388672,-85.7994,25.0194,53.6456277628076,63,63,63,63,61,63,0,8279,1.45687144005964,25,-86,0.001869,51,2025-03-15 01:36:51.000159,356,1.037,0.0011,"aoml_navis",1028.10849322751
"7901009",64,0,1,0.020559,1,-0.001869,1,140.33797533815,1,4.86323796705037,358,1,16.3430004119873,36.1440010070801,0.020558999851346,0,135.328094482422,-85.7994,25.0194,53.6456277628076,63,63,63,63,61,63,0,8279,1.45687144005964,25,-86,0.001869,51,2025-03-15 01:36:51.000159,358,1.037,0.0011,"aoml_navis",1028.12160002785
"7901009",64,0,1,0.01869,1,-0.003738,1,140.166256834878,1,4.86317988110017,360,1,16.3090000152588,36.1380004882812,0.0186899993568659,0,135.162506103516,-85.7994,25.0194,53.6456277628076,63,63,63,63,61,63,0,8279,1.45687144005964,25,-86,0.001869,51,2025-03-15 01:36:51.000159,360,1.037,0.0011,"aoml_navis",1028.13387993966
"7901009",64,0,1,0.01869,1,-0.003738,1,139.885639811561,1,4.86313264674411,362,1,16.2910003662109,36.1339988708496,0.0186899993568659,0,134.891906738281,-85.7994,25.0194,53.6456277628076,63,63,63,63,61,63,0,8279,1.45687144005964,25,-86,0.001869,51,2025-03-15 01:36:51.000159,362,1.037,0.0011,"aoml_navis",1028.14386593948
"7901009",64,0,1,0.014952,1,-0.007476,1,139.388064402844,1,4.86308653804349,364,1,16.2740001678467,36.1300010681152,0.0149520002305508,0,134.412094116211,-85.7994,25.0194,53.6456277628076,63,63,63,63,61,63,0,8279,1.45687144005964,25,-86,0.001869,51,2025-03-15 01:36:51.000159,364,1.037,0.0011,"aoml_navis",1028.1536141472
"7901009",64,0,1,0.01869,1,-0.003738,1,138.649399506856,1,4.86301314130721,366,1,16.2070007324219,36.1180000305176,0.0186899993568659,0,133.699798583984,-85.7994,25.0194,53.6456277628076,63,63,63,63,61,63,0,8279,1.45687144005964,25,-86,0.001869,51,2025-03-15 01:36:51.000159,366,1.037,0.0011,"aoml_navis",1028.16913191725
"7901009",64,0,1,0.016821,1,-0.005607,1,138.515009049033,1,4.86285318987758,368,1,16.0009994506836,36.0870018005371,0.0168210007250309,0,133.570205688477,-85.7994,25.0194,53.6456277628076,63,63,63,63,61,63,0,8279,1.45687144005964,25,-86,0.001869,51,2025-03-15 01:36:51.000159,368,1.037,0.0011,"aoml_navis",1028.20295097699
"7901009",64,0,1,0.016821,1,-0.005607,1,138.045852957665,1,4.86275884225281,370,1,15.9079999923706,36.0730018615723,0.0168210007250309,0,133.117797851562,-85.7994,25.0194,53.6456277628076,63,63,63,63,61,63,0,8279,1.45687144005964,25,-86,0.001869,51,2025-03-15 01:36:51.000159,370,1.037,0.0011,"aoml_navis",1028.22290025051
"7901009",64,0,1,0.01869,1,-0.003738,1,137.460772635283,1,4.8626803994408,372,1,15.8290004730225,36.0589981079102,0.0186899993568659,0,132.553604125977,-85.7994,25.0194,53.6456277628076,63,63,63,63,61,63,0,8279,1.45687144005964,25,-86,0.001869,51,2025-03-15 01:36:51.000159,372,1.037,0.0011,"aoml_navis",1028.23948713039
"7901009",64,0,1,0.01869,1,-0.003738,1,136.582210643144,1,4.8626014011201,374,1,15.746000289917,36.0439987182617,0.0186899993568659,0,131.706405639648,-85.7994,25.0194,53.6456277628076,63,63,63,63,61,63,0,8279,1.45687144005964,25,-86,0.001869,51,2025-03-15 01:36:51.000159,374,1.037,0.0011,"aoml_navis",1028.25619201447
"7901009",64,0,1,0.020559,1,-0.001869,1,136.019520818561,1,4.86250601314892,376,1,15.6379995346069,36.0260009765625,0.020558999851346,0,131.163803100586,-85.7994,25.0194,53.6456277628076,63,63,63,63,61,63,0,8279,1.45687144005964,25,-86,0.001869,51,2025-03-15 01:36:51.000159,376,1.037,0.0011,"aoml_navis",1028.27636335652
"7901009",64,0,1,0.016821,1,-0.005607,1,135.75994928081,1,4.8624291999733,378,1,15.5629997253418,36.0130004882812,0.0168210007250309,0,130.913497924805,-85.7994,25.0194,53.6456277628076,63,63,63,63,61,63,0,8279,1.45687144005964,25,-86,0.001869,51,2025-03-15 01:36:51.000159,378,1.037,0.0011,"aoml_navis",1028.2926073304
"7901009",64,0,1,0.01869,1,-0.003738,1,136.004899744379,1,4.86233947072367,380,1,15.4759998321533,36,0.0186899993568659,0,131.149703979492,-85.7994,25.0194,53.6456277628076,63,63,63,63,61,63,0,8279,1.45687144005964,25,-86,0.001869,51,2025-03-15 01:36:51.000159,380,1.037,0.0011,"aoml_navis",1028.31158336541
"7901009",64,0,1,0.016821,1,-0.005607,1,136.459941119113,1,4.86228253760185,382,1,15.4420003890991,35.9939994812012,0.0168210007250309,0,131.588500976562,-85.7994,25.0194,53.6456277628076,63,63,63,63,61,63,0,8279,1.45687144005964,25,-86,0.001869,51,2025-03-15 01:36:51.000159,382,1.037,0.0011,"aoml_navis",1028.32362400439
"7901009",64,0,1,0.013083,1,-0.009345,1,136.987581507209,1,4.86221583226552,384,1,15.4090003967285,35.9910011291504,0.0130829997360706,0,132.097305297852,-85.7994,25.0194,53.6456277628076,63,63,63,63,61,63,0,8279,1.45687144005964,25,-86,0.001869,51,2025-03-15 01:36:51.000159,384,1.037,0.0011,"aoml_navis",1028.33773170252
"7901009",64,0,1,0.024297,1,0.001869,1,137.065149154006,1,4.86214371035354,386,1,15.3610000610352,35.9850006103516,0.0242970008403063,0,132.172103881836,-85.7994,25.0194,53.6456277628076,63,63,63,63,61,63,0,8279,1.45687144005964,25,-86,0.001869,51,2025-03-15 01:36:51.000159,386,1.037,0.0011,"aoml_navis",1028.3529854029
"7901009",64,0,1,0.016821,1,-0.005607,1,136.747188261566,1,4.86210036344534,388,1,15.3559999465942,35.984001159668,0.0168210007250309,0,131.865493774414,-85.7994,25.0194,53.6456277628076,63,63,63,63,61,63,0,8279,1.45687144005964,25,-86,0.001869,51,2025-03-15 01:36:51.000159,388,1.037,0.0011,"aoml_navis",1028.36215344122
"7901009",64,0,1,0.016821,1,-0.005607,1,136.343795356671,1,4.86205048444188,390,1,15.335000038147,35.9799995422363,0.0168210007250309,0,131.476501464844,-85.7994,25.0194,53.6456277628076,63,63,63,63,61,63,0,8279,1.45687144005964,25,-86,0.001869,51,2025-03-15 01:36:51.000159,390,1.037,0.0011,"aoml_navis",1028.37270324517
"7901009",64,0,1,0.016821,1,-0.005607,1,135.866664133931,1,4.86198648013547,392,1,15.2910003662109,35.9729995727539,0.0168210007250309,0,131.016403198242,-85.7994,25.0194,53.6456277628076,63,63,63,63,61,63,0,8279,1.45687144005964,25,-86,0.001869,51,2025-03-15 01:36:51.000159,392,1.037,0.0011,"aoml_navis",1028.38624097957
"7901009",64,0,1,0.01869,1,-0.003738,1,135.148522542287,1,4.86194282743446,394,1,15.2690000534058,35.9669990539551,0.0186899993568659,0,130.32389831543,-85.7994,25.0194,53.6456277628076,63,63,63,63,61,63,0,8279,1.45687144005964,25,-86,0.001869,51,2025-03-15 01:36:51.000159,394,1.037,0.0011,"aoml_navis",1028.39547429199
"7901009",64,0,1,0.020559,1,-0.001869,1,134.378115357545,1,4.86188327702223,396,1,15.2290000915527,35.9599990844727,0.020558999851346,0,129.580993652344,-85.7994,25.0194,53.6456277628076,63,63,63,63,61,63,0,8279,1.45687144005964,25,-86,0.001869,51,2025-03-15 01:36:51.000159,396,1.037,0.0011,"aoml_navis",1028.40807051673
"7901009",64,0,1,0.014952,1,-0.007476,1,133.49301818831,1,4.86182422910816,398,1,15.1759996414185,35.9490013122559,0.0149520002305508,0,128.727493286133,-85.7994,25.0194,53.6456277628076,63,63,63,63,61,63,0,8279,1.45687144005964,25,-86,0.001869,51,2025-03-15 01:36:51.000159,398,1.037,0.0011,"aoml_navis",1028.42056075672
"7901009",64,0,1,0.01869,1,-0.003738,1,132.626284392005,1,4.86174567026511,400,1,15.0880002975464,35.9329986572266,0.0186899993568659,0,127.891700744629,-85.7994,25.0194,53.6456277628076,63,63,63,63,61,63,0,8279,1.45687144005964,25,-86,0.001869,51,2025-03-15 01:36:51.000159,400,1.037,0.0011,"aoml_navis",1028.43717855923
"7901009",64,0,1,0.01869,1,-0.003738,1,132.179020352727,1,4.86165317491718,402,1,14.9799995422363,35.9150009155273,0.0186899993568659,0,127.460403442383,-85.7994,25.0194,53.6456277628076,63,63,63,63,61,63,0,8279,1.45687144005964,25,-86,0.001869,51,2025-03-15 01:36:51.000159,402,1.037,0.0011,"aoml_navis",1028.45674508346
"7901009",64,0,1,0.020559,1,-0.001869,1,131.958754819595,1,4.86158758899155,404,1,14.9169998168945,35.9029998779297,0.020558999851346,0,127.248001098633,-85.7994,25.0194,53.6456277628076,63,63,63,63,61,63,0,8279,1.45687144005964,25,-86,0.001869,51,2025-03-15 01:36:51.000159,404,1.037,0.0011,"aoml_navis",1028.47061962267
"7901009",64,0,1,0.020559,1,-0.001869,1,131.533264154856,1,4.86153288407721,406,1,14.8809995651245,35.8959999084473,0.020558999851346,0,126.837699890137,-85.7994,25.0194,53.6456277628076,63,63,63,63,61,63,0,8279,1.45687144005964,25,-86,0.001869,51,2025-03-15 01:36:51.000159,406,1.037,0.0011,"aoml_navis",1028.48219259738
"7901009",64,0,1,0.01869,1,-0.003738,1,131.217384075463,1,4.86145770282483,408,1,14.8190002441406,35.8870010375977,0.0186899993568659,0,126.533096313477,-85.7994,25.0194,53.6456277628076,63,63,63,63,61,63,0,8279,1.45687144005964,25,-86,0.001869,51,2025-03-15 01:36:51.000159,408,1.037,0.0011,"aoml_navis",1028.49809782253
"7901009",64,0,1,0.01869,1,-0.003738,1,130.927747558333,1,4.86138952304006,410,1,14.7600002288818,35.8769989013672,0.0186899993568659,0,126.253799438477,-85.7994,25.0194,53.6456277628076,63,63,63,63,61,63,0,8279,1.45687144005964,25,-86,0.001869,51,2025-03-15 01:36:51.000159,410,1.037,0.0011,"aoml_navis",1028.51252225377
"7901009",64,0,1,0.01869,1,-0.003738,1,130.547370186335,1,4.86133397553801,412,1,14.7229995727539,35.8699989318848,0.0186899993568659,0,125.887001037598,-85.7994,25.0194,53.6456277628076,63,63,63,63,61,63,0,8279,1.45687144005964,25,-86,0.001869,51,2025-03-15 01:36:51.000159,412,1.037,0.0011,"aoml_navis",1028.52427443985
"7901009",64,0,1,0.022428,1,0,1,130.135566999051,1,4.86126572824092,414,1,14.673999786377,35.8629989624023,0.0224280003458261,0,125.489898681641,-85.7994,25.0194,53.6456277628076,63,63,63,63,61,63,0,8279,1.45687144005964,25,-86,0.001869,51,2025-03-15 01:36:51.000159,414,1.037,0.0011,"aoml_navis",1028.5387138895
"7901009",64,0,1,0.020559,1,-0.001869,1,129.762761254755,1,4.86119954446404,416,1,14.6199998855591,35.8540000915527,0.020558999851346,0,125.130401611328,-85.7994,25.0194,53.6456277628076,63,63,63,63,61,63,0,8279,1.45687144005964,25,-86,0.001869,51,2025-03-15 01:36:51.000159,416,1.037,0.0011,"aoml_navis",1028.55271713625
"7901009",64,0,1,0.016821,1,-0.005607,1,129.283968546312,1,4.86114839923671,417.899993896484,1,14.585000038147,35.8470001220703,0.0168210007250309,0,124.668701171875,-85.7994,25.0194,53.6456277628076,63,63,63,63,61,63,0,8279,1.45687144005964,25,-86,0.001869,51,2025-03-15 01:36:51.000159,417.899993896484,1.037,0.0011,"aoml_navis",1028.56353876897
"7901009",64,0,1,0.01869,1,-0.003738,1,128.902238250243,1,4.86106953657449,420,1,14.5069999694824,35.8339996337891,0.0186899993568659,0,124.300598144531,-85.7994,25.0194,53.6456277628076,63,63,63,63,61,63,0,8279,1.45687144005964,25,-86,0.001869,51,2025-03-15 01:36:51.000159,420,1.037,0.0011,"aoml_navis",1028.58022547923
"7901009",64,0,1,0.020559,1,-0.001869,1,128.86708595988,1,4.86098077562906,422,1,14.4069995880127,35.818000793457,0.020558999851346,0,124.266700744629,-85.7994,25.0194,53.6456277628076,63,63,63,63,61,63,0,8279,1.45687144005964,25,-86,0.001869,51,2025-03-15 01:36:51.000159,422,1.037,0.0011,"aoml_navis",1028.5990072349
"7901009",64,0,1,0.024297,1,0.001869,1,128.847899755935,1,4.86091197878743,424,1,14.3430004119873,35.806999206543,0.0242970008403063,0,124.248199462891,-85.7994,25.0194,53.6456277628076,63,63,63,63,61,63,0,8279,1.45687144005964,25,-86,0.001869,51,2025-03-15 01:36:51.000159,424,1.037,0.0011,"aoml_navis",1028.61356507164
"7901009",64,0,1,0.020559,1,-0.001869,1,128.811291687623,1,4.86083077787423,425.899993896484,1,14.2650003433228,35.7960014343262,0.020558999851346,0,124.212898254395,-85.7994,25.0194,53.6456277628076,63,63,63,63,61,63,0,8279,1.45687144005964,25,-86,0.001869,51,2025-03-15 01:36:51.000159,425.899993896484,1.037,0.0011,"aoml_navis",1028.6307482168
"7901009",64,0,1,0.024297,1,0.001869,1,128.747308664403,1,4.86075665998222,428,1,14.2080001831055,35.7879981994629,0.0242970008403063,0,124.15119934082,-85.7994,25.0194,53.6456277628076,63,63,63,63,61,63,0,8279,1.45687144005964,25,-86,0.001869,51,2025-03-15 01:36:51.000159,428,1.037,0.0011,"aoml_navis",1028.64643300582
"7901009",64,0,1,0.020559,1,-0.001869,1,128.67025528699,1,4.86068161321394,430,1,14.1409997940063,35.7779998779297,0.020558999851346,0,124.07689666748,-85.7994,25.0194,53.6456277628076,63,63,63,63,61,63,0,8279,1.45687144005964,25,-86,0.001869,51,2025-03-15 01:36:51.000159,430,1.037,0.0011,"aoml_navis",1028.66231485052
"7901009",64,0,1,0.016821,1,-0.005607,1,128.478614778961,1,4.86063892737876,432,1,14.1260004043579,35.773998260498,0.0168210007250309,0,123.892097473145,-85.7994,25.0194,53.6456277628076,63,63,63,63,61,63,0,8279,1.45687144005964,25,-86,0.001869,51,2025-03-15 01:36:51.000159,432,1.037,0.0011,"aoml_navis",1028.67134850035
"7901009",64,0,1,0.020559,1,-0.001869,1,128.022639807499,1,4.86059675330927,434,1,14.1149997711182,35.7709999084473,0.020558999851346,0,123.45240020752,-85.7994,25.0194,53.6456277628076,63,63,63,63,61,63,0,8279,1.45687144005964,25,-86,0.001869,51,2025-03-15 01:36:51.000159,434,1.037,0.0011,"aoml_navis",1028.68027400047
"7901009",64,0,1,0.022428,1,0,1,127.66704230798,1,4.86051884357454,436,1,14.0450000762939,35.7610015869141,0.0224280003458261,0,123.109497070312,-85.7994,25.0194,53.6456277628076,63,63,63,63,61,63,0,8279,1.45687144005964,25,-86,0.001869,51,2025-03-15 01:36:51.000159,436,1.037,0.0011,"aoml_navis",1028.69676281779
"7901009",64,0,1,0.022428,1,0,1,127.333439714426,1,4.86046542927972,438,1,14.0019998550415,35.7519989013672,0.0224280003458261,0,122.787803649902,-85.7994,25.0194,53.6456277628076,63,63,63,63,61,63,0,8279,1.45687144005964,25,-86,0.001869,51,2025-03-15 01:36:51.000159,438,1.037,0.0011,"aoml_navis",1028.70806772531
"7901009",64,0,1,0.016821,1,-0.005607,1,126.864180769182,1,4.86040535730168,439.899993896484,1,13.9540004730225,35.7439994812012,0.0168210007250309,0,122.335296630859,-85.7994,25.0194,53.6456277628076,63,63,63,63,61,63,0,8279,1.45687144005964,25,-86,0.001869,51,2025-03-15 01:36:51.000159,439.899993896484,1.037,0.0011,"aoml_navis",1028.72078199992
"7901009",64,0,1,0.01869,1,-0.003738,1,126.446886767242,1,4.86033914871404,442,1,13.9040002822876,35.7360000610352,0.0186899993568659,0,121.932899475098,-85.7994,25.0194,53.6456277628076,63,63,63,63,61,63,0,8279,1.45687144005964,25,-86,0.001869,51,2025-03-15 01:36:51.000159,442,1.037,0.0011,"aoml_navis",1028.73479545618
"7901009",64,0,1,0.020559,1,-0.001869,1,125.898200893581,1,4.86026399970503,444,1,13.8290004730225,35.7239990234375,0.020558999851346,0,121.403800964355,-85.7994,25.0194,53.6456277628076,63,63,63,63,61,63,0,8279,1.45687144005964,25,-86,0.001869,51,2025-03-15 01:36:51.000159,444,1.037,0.0011,"aoml_navis",1028.75070167041
"7901009",64,0,1,0.022428,1,0,1,125.851117553506,1,4.86018612711791,446,1,13.7440004348755,35.7099990844727,0.0224280003458261,0,121.3583984375,-85.7994,25.0194,53.6456277628076,63,63,63,63,61,63,0,8279,1.45687144005964,25,-86,0.001869,51,2025-03-15 01:36:51.000159,446,1.037,0.0011,"aoml_navis",1028.76718488249
"7901009",64,0,1,0.01869,1,-0.003738,1,125.758928832527,1,4.86013697025471,447.899993896484,1,13.7239999771118,35.7070007324219,0.0186899993568659,0,121.269500732422,-85.7994,25.0194,53.6456277628076,63,63,63,63,61,63,0,8279,1.45687144005964,25,-86,0.001869,51,2025-03-15 01:36:51.000159,447.899993896484,1.037,0.0011,"aoml_navis",1028.77759013816
"7901009",64,0,1,0.01869,1,-0.003738,1,125.391305341256,1,4.8600762008865,450,1,13.6859998703003,35.701000213623,0.0186899993568659,0,120.915000915527,-85.7994,25.0194,53.6456277628076,63,63,63,63,61,63,0,8279,1.45687144005964,25,-86,0.001869,51,2025-03-15 01:36:51.000159,450,1.037,0.0011,"aoml_navis",1028.79045375626
"7901009",64,0,1,0.024297,1,0.001869,1,124.761214580009,1,4.86000694015452,452,1,13.6339998245239,35.6940002441406,0.0242970008403063,0,120.307403564453,-85.7994,25.0194,53.6456277628076,63,63,63,63,61,63,0,8279,1.45687144005964,25,-86,0.001869,51,2025-03-15 01:36:51.000159,452,1.037,0.0011,"aoml_navis",1028.80511521266
"7901009",64,0,1,0.020559,1,-0.001869,1,124.393068907517,1,4.85993939568229,454,1,13.5799999237061,35.6860008239746,0.020558999851346,0,119.95240020752,-85.7994,25.0194,53.6456277628076,63,63,63,63,61,63,0,8279,1.45687144005964,25,-86,0.001869,51,2025-03-15 01:36:51.000159,454,1.037,0.0011,"aoml_navis",1028.81941376515
"7901009",64,0,1,0.022428,1,0,1,124.122404974742,1,4.85989150726719,456,1,13.5559997558594,35.6809997558594,0.0224280003458261,0,119.691398620605,-85.7994,25.0194,53.6456277628076,63,63,63,63,61,63,0,8279,1.45687144005964,25,-86,0.001869,51,2025-03-15 01:36:51.000159,456,1.037,0.0011,"aoml_navis",1028.82955154931
"7901009",64,0,1,0.026166,1,0.003738,1,123.705419534432,1,4.85985157603026,458,1,13.5469999313354,35.6780014038086,0.0261659994721413,0,119.28929901123,-85.7994,25.0194,53.6456277628076,63,63,63,63,61,63,0,8279,1.45687144005964,25,-86,0.001869,51,2025-03-15 01:36:51.000159,458,1.037,0.0011,"aoml_navis",1028.83800498373
"7901009",64,0,1,0.022428,1,0,1,123.564177426046,1,4.85977043492543,460,1,13.4650001525879,35.6660003662109,0.0224280003458261,0,119.153099060059,-85.7994,25.0194,53.6456277628076,63,63,63,63,61,63,0,8279,1.45687144005964,25,-86,0.001869,51,2025-03-15 01:36:51.000159,460,1.037,0.0011,"aoml_navis",1028.85518296642
"7901009",64,0,1,0.022428,1,0,1,123.445855908517,1,4.85970790925269,462,1,13.4119997024536,35.6570014953613,0.0224280003458261,0,119.039001464844,-85.7994,25.0194,53.6456277628076,63,63,63,63,61,63,0,8279,1.45687144005964,25,-86,0.001869,51,2025-03-15 01:36:51.000159,462,1.037,0.0011,"aoml_navis",1028.86842035922
"7901009",64,0,1,0.020559,1,-0.001869,1,123.369427566202,1,4.85965333661823,464,1,13.3739995956421,35.6500015258789,0.020558999851346,0,118.965301513672,-85.7994,25.0194,53.6456277628076,63,63,63,63,61,63,0,8279,1.45687144005964,25,-86,0.001869,51,2025-03-15 01:36:51.000159,464,1.037,0.0011,"aoml_navis",1028.87997428216
"7901009",64,0,1,0.026166,1,0.003738,1,123.434755601657,1,4.8595696644026,466,1,13.2779998779297,35.6349983215332,0.0261659994721413,0,119.028297424316,-85.7994,25.0194,53.6456277628076,63,63,63,63,61,63,0,8279,1.45687144005964,25,-86,0.001869,51,2025-03-15 01:36:51.000159,466,1.037,0.0011,"aoml_navis",1028.89768956829
"7901009",64,0,1,0.022428,1,0,1,123.664562809824,1,4.85947873092832,468,1,13.1780004501343,35.6209983825684,0.0224280003458261,0,119.249900817871,-85.7994,25.0194,53.6456277628076,63,63,63,63,61,63,0,8279,1.45687144005964,25,-86,0.001869,51,2025-03-15 01:36:51.000159,468,1.037,0.0011,"aoml_navis",1028.91694291763
"7901009",64,0,1,0.024297,1,0.001869,1,123.669642208972,1,4.8594181826263,470,1,13.1300001144409,35.6129989624023,0.0242970008403063,0,119.25479888916,-85.7994,25.0194,53.6456277628076,63,63,63,63,61,63,0,8279,1.45687144005964,25,-86,0.001869,51,2025-03-15 01:36:51.000159,470,1.037,0.0011,"aoml_navis",1028.92976321246
"7901009",64,0,1,0.024297,1,0.001869,1,123.534413096461,1,4.85937472827529,472,1,13.121000289917,35.6110000610352,0.0242970008403063,0,119.124397277832,-85.7994,25.0194,53.6456277628076,63,63,63,63,61,63,0,8279,1.45687144005964,25,-86,0.001869,51,2025-03-15 01:36:51.000159,472,1.037,0.0011,"aoml_navis",1028.93896428823
"7901009",64,0,1,0.020559,1,-0.001869,1,123.086421168208,1,4.8593362639704,474,1,13.1169996261597,35.609001159668,0.020558999851346,0,118.692398071289,-85.7994,25.0194,53.6456277628076,63,63,63,63,61,63,0,8279,1.45687144005964,25,-86,0.001869,51,2025-03-15 01:36:51.000159,474,1.037,0.0011,"aoml_navis",1028.94710890303
"7901009",64,0,1,0.020559,1,-0.001869,1,122.456227553084,1,4.85929512912935,476,1,13.1029996871948,35.6049995422363,0.020558999851346,0,118.084701538086,-85.7994,25.0194,53.6456277628076,63,63,63,63,61,63,0,8279,1.45687144005964,25,-86,0.001869,51,2025-03-15 01:36:51.000159,476,1.037,0.0011,"aoml_navis",1028.95581913253
"7901009",64,0,1,0.024297,1,0.001869,1,121.993195223306,1,4.8592155025671,478,1,13.0100002288818,35.5900001525879,0.0242970008403063,0,117.638198852539,-85.7994,25.0194,53.6456277628076,63,63,63,63,61,63,0,8279,1.45687144005964,25,-86,0.001869,51,2025-03-15 01:36:51.000159,478,1.037,0.0011,"aoml_navis",1028.97268033462
"7901009",64,0,1,0.022428,1,0,1,121.774694029753,1,4.85911191116995,480,1,12.8850002288818,35.5730018615723,0.0224280003458261,0,117.42749786377,-85.7994,25.0194,53.6456277628076,63,63,63,63,61,63,0,8279,1.45687144005964,25,-86,0.001869,51,2025-03-15 01:36:51.000159,480,1.037,0.0011,"aoml_navis",1028.99461700114
"7901009",64,0,1,0.024297,1,0.001869,1,121.447310139829,1,4.85904771253212,482,1,12.8290004730225,35.5639991760254,0.0242970008403063,0,117.111801147461,-85.7994,25.0194,53.6456277628076,63,63,63,63,61,63,0,8279,1.45687144005964,25,-86,0.001869,51,2025-03-15 01:36:51.000159,482,1.037,0.0011,"aoml_navis",1029.0082122685
"7901009",64,0,1,0.022428,1,0,1,121.169905322204,1,4.85898362905813,484,1,12.7729997634888,35.5550003051758,0.0224280003458261,0,116.844299316406,-85.7994,25.0194,53.6456277628076,63,63,63,63,61,63,0,8279,1.45687144005964,25,-86,0.001869,51,2025-03-15 01:36:51.000159,484,1.037,0.0011,"aoml_navis",1029.02178350603
"7901009",64,0,1,0.01869,1,-0.003738,1,120.893228393553,1,4.85891059468283,486,1,12.7040004730225,35.5449981689453,0.0186899993568659,0,116.577499389648,-85.7994,25.0194,53.6456277628076,63,63,63,63,61,63,0,8279,1.45687144005964,25,-86,0.001869,51,2025-03-15 01:36:51.000159,486,1.037,0.0011,"aoml_navis",1029.03725075155
"7901009",64,0,1,0.024297,1,0.001869,1,120.665082671089,1,4.85884654002374,488,1,12.6440000534058,35.5349998474121,0.0242970008403063,0,116.357498168945,-85.7994,25.0194,53.6456277628076,63,63,63,63,61,63,0,8279,1.45687144005964,25,-86,0.001869,51,2025-03-15 01:36:51.000159,488,1.037,0.0011,"aoml_navis",1029.05081665238
"7901009",64,0,1,0.020559,1,-0.001869,1,120.309176609938,1,4.85879243284613,490,1,12.6090002059937,35.5289993286133,0.020558999851346,0,116.014297485352,-85.7994,25.0194,53.6456277628076,63,63,63,63,61,63,0,8279,1.45687144005964,25,-86,0.001869,51,2025-03-15 01:36:51.000159,490,1.037,0.0011,"aoml_navis",1029.06227609134
"7901009",64,0,1,0.022428,1,0,1,119.942075299888,1,4.85871427902432,492,1,12.5229997634888,35.515998840332,0.0224280003458261,0,115.660301208496,-85.7994,25.0194,53.6456277628076,63,63,63,63,61,63,0,8279,1.45687144005964,25,-86,0.001869,51,2025-03-15 01:36:51.000159,492,1.037,0.0011,"aoml_navis",1029.07882885512
"7901009",64,0,1,0.022428,1,0,1,119.730623552815,1,4.85861545719025,494,1,12.4040002822876,35.5,0.0224280003458261,0,115.456398010254,-85.7994,25.0194,53.6456277628076,63,63,63,63,61,63,0,8279,1.45687144005964,25,-86,0.001869,51,2025-03-15 01:36:51.000159,494,1.037,0.0011,"aoml_navis",1029.09975980925
"7901009",64,0,1,0.028035,1,0.005607,1,119.605149734929,1,4.85854040422601,496,1,12.3280000686646,35.4889984130859,0.0280349999666214,0,115.335403442383,-85.7994,25.0194,53.6456277628076,63,63,63,63,61,63,0,8279,1.45687144005964,25,-86,0.001869,51,2025-03-15 01:36:51.000159,496,1.037,0.0011,"aoml_navis",1029.11565696787
"7901009",64,0,1,0.029904,1,0.007476,1,119.518966097989,1,4.8584682736641,498,1,12.2510004043579,35.4770011901855,0.0299040004611015,0,115.252296447754,-85.7994,25.0194,53.6456277628076,63,63,63,63,61,63,0,8279,1.45687144005964,25,-86,0.001869,51,2025-03-15 01:36:51.000159,498,1.037,0.0011,"aoml_navis",1029.13093558789
"7901009",64,0,1,0.028035,1,0.005607,1,119.441295597316,1,4.85838493235983,500,1,12.1619997024536,35.4650001525879,0.0280349999666214,0,115.177398681641,-85.7994,25.0194,53.6456277628076,63,63,63,63,61,63,0,8279,1.45687144005964,25,-86,0.001869,51,2025-03-15 01:36:51.000159,500,1.037,0.0011,"aoml_navis",1029.14858942051
"7901009",64,0,1,0.024297,1,0.001869,1,119.344336038819,1,4.85832943833496,502,1,12.121000289917,35.4580001831055,0.0242970008403063,0,115.08390045166,-85.7994,25.0194,53.6456277628076,63,63,63,63,61,63,0,8279,1.45687144005964,25,-86,0.001869,51,2025-03-15 01:36:51.000159,502,1.037,0.0011,"aoml_navis",1029.16034481877
"7901009",64,0,1,0.022428,1,0,1,119.187642113399,1,4.8582813251164,504,1,12.1029996871948,35.4550018310547,0.0224280003458261,0,114.932800292969,-85.7994,25.0194,53.6456277628076,63,63,63,63,61,63,0,8279,1.45687144005964,25,-86,0.001869,51,2025-03-15 01:36:51.000159,504,1.037,0.0011,"aoml_navis",1029.17053694502
"7901009",64,0,1,0.028035,1,0.005607,1,118.958768501961,1,4.85822402261103,506,1,12.0600004196167,35.4480018615723,0.0280349999666214,0,114.712097167969,-85.7994,25.0194,53.6456277628076,63,63,63,63,61,63,0,8279,1.45687144005964,25,-86,0.001869,51,2025-03-15 01:36:51.000159,506,1.037,0.0011,"aoml_navis",1029.18267595918
"7901009",64,0,1,0.031773,1,0.009345,1,118.721500431806,1,4.85817074712823,508,1,12.0249996185303,35.4420013427734,0.0317730009555817,0,114.483299255371,-85.7994,25.0194,53.6456277628076,63,63,63,63,61,63,0,8279,1.45687144005964,25,-86,0.001869,51,2025-03-15 01:36:51.000159,508,1.037,0.0011,"aoml_navis",1029.19396214215
"7901009",64,0,1,0.020559,1,-0.001869,1,118.47199275031,1,4.85810761703156,510,1,11.9680004119873,35.4329986572266,0.020558999851346,0,114.242698669434,-85.7994,25.0194,53.6456277628076,63,63,63,63,61,63,0,8279,1.45687144005964,25,-86,0.001869,51,2025-03-15 01:36:51.000159,510,1.037,0.0011,"aoml_navis",1029.20733630334
"7901009",64,0,1,0.026166,1,0.003738,1,118.477902892309,1,4.85801860493827,512,1,11.8680000305176,35.4199981689453,0.0261659994721413,0,114.248397827148,-85.7994,25.0194,53.6456277628076,63,63,63,63,61,63,0,8279,1.45687144005964,25,-86,0.001869,51,2025-03-15 01:36:51.000159,512,1.037,0.0011,"aoml_navis",1029.22619417666
"7901009",64,0,1,0.026166,1,0.003738,1,118.263658266889,1,4.85796370725134,514,1,11.831000328064,35.4140014648438,0.0261659994721413,0,114.041801452637,-85.7994,25.0194,53.6456277628076,63,63,63,63,61,63,0,8279,1.45687144005964,25,-86,0.001869,51,2025-03-15 01:36:51.000159,514,1.037,0.0011,"aoml_navis",1029.23782500405
"7901009",64,0,1,0.020559,1,-0.001869,1,118.015914924972,1,4.85791546280708,516,1,11.8009996414185,35.4080009460449,0.020558999851346,0,113.80290222168,-85.7994,25.0194,53.6456277628076,63,63,63,63,61,63,0,8279,1.45687144005964,25,-86,0.001869,51,2025-03-15 01:36:51.000159,516,1.037,0.0011,"aoml_navis",1029.24804646782
"7901009",64,0,1,0.024297,1,0.001869,1,117.784137669472,1,4.85784911562873,518,1,11.7399997711182,35.398998260498,0.0242970008403063,0,113.579399108887,-85.7994,25.0194,53.6456277628076,63,63,63,63,61,63,0,8279,1.45687144005964,25,-86,0.001869,51,2025-03-15 01:36:51.000159,518,1.037,0.0011,"aoml_navis",1029.26210365693
"7901009",64,0,1,0.022428,1,0,1,117.574141700348,1,4.85777338384843,520,1,11.66100025177,35.3880004882812,0.0224280003458261,0,113.376899719238,-85.7994,25.0194,53.6456277628076,63,63,63,63,61,63,0,8279,1.45687144005964,25,-86,0.001869,51,2025-03-15 01:36:51.000159,520,1.037,0.0011,"aoml_navis",1029.27814966101
"7901009",64,0,1,0.022428,1,0,1,117.423255063051,1,4.85768941608481,522,1,11.5649995803833,35.375,0.0224280003458261,0,113.231399536133,-85.7994,25.0194,53.6456277628076,63,63,63,63,61,63,0,8279,1.45687144005964,25,-86,0.001869,51,2025-03-15 01:36:51.000159,522,1.037,0.0011,"aoml_navis",1029.29594128517
"7901009",64,0,1,0.024297,1,0.001869,1,117.275066362061,1,4.85761810634907,524,1,11.4980001449585,35.3660011291504,0.0242970008403063,0,113.088500976562,-85.7994,25.0194,53.6456277628076,63,63,63,63,61,63,0,8279,1.45687144005964,25,-86,0.001869,51,2025-03-15 01:36:51.000159,524,1.037,0.0011,"aoml_navis",1029.31105132881
"7901009",64,0,1,0.028035,1,0.005607,1,117.120967519071,1,4.85755165725191,526,1,11.4399995803833,35.3580017089844,0.0280349999666214,0,112.939903259277,-85.7994,25.0194,53.6456277628076,63,63,63,63,61,63,0,8279,1.45687144005964,25,-86,0.001869,51,2025-03-15 01:36:51.000159,526,1.037,0.0011,"aoml_navis",1029.32513183579
"7901009",64,0,1,0.026166,1,0.003738,1,116.879442880784,1,4.85750108009826,528,1,11.4029998779297,35.351001739502,0.0261659994721413,0,112.707000732422,-85.7994,25.0194,53.6456277628076,63,63,63,63,61,63,0,8279,1.45687144005964,25,-86,0.001869,51,2025-03-15 01:36:51.000159,528,1.037,0.0011,"aoml_navis",1029.33584934969
"7901009",64,0,1,0.026166,1,0.003738,1,116.74898460579,1,4.85743763932117,530,1,11.3479995727539,35.3429985046387,0.0261659994721413,0,112.581199645996,-85.7994,25.0194,53.6456277628076,63,63,63,63,61,63,0,8279,1.45687144005964,25,-86,0.001869,51,2025-03-15 01:36:51.000159,530,1.037,0.0011,"aoml_navis",1029.34929303565
"7901009",64,0,1,0.028035,1,0.005607,1,116.586586246125,1,4.85738082204033,532,1,11.3159999847412,35.3390007019043,0.0280349999666214,0,112.424598693848,-85.7994,25.0194,53.6456277628076,63,63,63,63,61,63,0,8279,1.45687144005964,25,-86,0.001869,51,2025-03-15 01:36:51.000159,532,1.037,0.0011,"aoml_navis",1029.36133343973
"7901009",64,0,1,0.028035,1,0.005607,1,116.374105960285,1,4.85732587614952,534,1,11.2819995880127,35.3339996337891,0.0280349999666214,0,112.219703674316,-85.7994,25.0194,53.6456277628076,63,63,63,63,61,63,0,8279,1.45687144005964,25,-86,0.001869,51,2025-03-15 01:36:51.000159,534,1.037,0.0011,"aoml_navis",1029.37297753709
"7901009",64,0,1,0.026166,1,0.003738,1,115.962405626877,1,4.85727279852043,536,1,11.246000289917,35.3279991149902,0.0261659994721413,0,111.822700500488,-85.7994,25.0194,53.6456277628076,63,63,63,63,61,63,0,8279,1.45687144005964,25,-86,0.001869,51,2025-03-15 01:36:51.000159,536,1.037,0.0011,"aoml_navis",1029.38422596381
"7901009",64,0,1,0.028035,1,0.005607,1,115.568957900686,1,4.85721610256964,538,1,11.1979999542236,35.3199996948242,0.0280349999666214,0,111.443298339844,-85.7994,25.0194,53.6456277628076,63,63,63,63,61,63,0,8279,1.45687144005964,25,-86,0.001869,51,2025-03-15 01:36:51.000159,538,1.037,0.0011,"aoml_navis",1029.39624147149
"7901009",64,0,1,0.024297,1,0.001869,1,115.422430685399,1,4.85714764291966,540,1,11.1370000839233,35.3120002746582,0.0242970008403063,0,111.302001953125,-85.7994,25.0194,53.6456277628076,63,63,63,63,61,63,0,8279,1.45687144005964,25,-86,0.001869,51,2025-03-15 01:36:51.000159,540,1.037,0.0011,"aoml_navis",1029.41075042027
"7901009",64,0,1,0.022428,1,0,1,115.203826637969,1,4.85709294343109,542,1,11.1029996871948,35.306999206543,0.0224280003458261,0,111.091201782227,-85.7994,25.0194,53.6456277628076,63,63,63,63,61,63,0,8279,1.45687144005964,25,-86,0.001869,51,2025-03-15 01:36:51.000159,542,1.037,0.0011,"aoml_navis",1029.42234341267
"7901009",64,0,1,0.022428,1,0,1,114.786216162562,1,4.85703733030797,544,1,11.076000213623,35.3040008544922,0.0224280003458261,0,110.688499450684,-85.7994,25.0194,53.6456277628076,63,63,63,63,61,63,0,8279,1.45687144005964,25,-86,0.001869,51,2025-03-15 01:36:51.000159,544,1.037,0.0011,"aoml_navis",1029.43413030819
"7901009",64,0,1,0.026166,1,0.003738,1,114.350463845651,1,4.85698180496225,546,1,11.0410003662109,35.298999786377,0.0261659994721413,0,110.26830291748,-85.7994,25.0194,53.6456277628076,63,63,63,63,61,63,0,8279,1.45687144005964,25,-86,0.001869,51,2025-03-15 01:36:51.000159,546,1.037,0.0011,"aoml_navis",1029.44589886905
"7901009",64,0,1,0.028035,1,0.005607,1,113.822926311432,1,4.85693260545758,548,1,11.0209999084473,35.2960014343262,0.0280349999666214,0,109.75959777832,-85.7994,25.0194,53.6456277628076,63,63,63,63,61,63,0,8279,1.45687144005964,25,-86,0.001869,51,2025-03-15 01:36:51.000159,548,1.037,0.0011,"aoml_navis",1029.45632689687
"7901009",64,0,1,0.026166,1,0.003738,1,113.328784639833,1,4.85687524703977,550,1,10.996000289917,35.2939987182617,0.0261659994721413,0,109.283096313477,-85.7994,25.0194,53.6456277628076,63,63,63,63,61,63,0,8279,1.45687144005964,25,-86,0.001869,51,2025-03-15 01:36:51.000159,550,1.037,0.0011,"aoml_navis",1029.46848450502
"7901009",64,0,1,0.028035,1,0.005607,1,113.16950354382,1,4.85682611582655,552,1,10.9720001220703,35.2900009155273,0.0280349999666214,0,109.129501342773,-85.7994,25.0194,53.6456277628076,63,63,63,63,61,63,0,8279,1.45687144005964,25,-86,0.001869,51,2025-03-15 01:36:51.000159,552,1.037,0.0011,"aoml_navis",1029.478898515
"7901009",64,0,1,0.022428,1,0,1,113.109144141798,1,4.85677792514575,554,1,10.9490003585815,35.2859992980957,0.0224280003458261,0,109.071296691895,-85.7994,25.0194,53.6456277628076,63,63,63,63,61,63,0,8279,1.45687144005964,25,-86,0.001869,51,2025-03-15 01:36:51.000159,554,1.037,0.0011,"aoml_navis",1029.48911337138
"7901009",64,0,1,0.024297,1,0.001869,1,113.06383305314,1,4.85671008196787,556,1,10.8879995346069,35.2779998779297,0.0242970008403063,0,109.027603149414,-85.7994,25.0194,53.6456277628076,63,63,63,63,61,63,0,8279,1.45687144005964,25,-86,0.001869,51,2025-03-15 01:36:51.000159,556,1.037,0.0011,"aoml_navis",1029.5034942613
"7901009",64,0,1,0.028035,1,0.005607,1,113.181118120064,1,4.85663616997396,558,1,10.8159999847412,35.2690010070801,0.0280349999666214,0,109.140701293945,-85.7994,25.0194,53.6456277628076,63,63,63,63,61,63,0,8279,1.45687144005964,25,-86,0.001869,51,2025-03-15 01:36:51.000159,558,1.037,0.0011,"aoml_navis",1029.51916203079
"7901009",64,0,1,0.024297,1,0.001869,1,113.243233949827,1,4.85658549587803,560,1,10.78600025177,35.2639999389648,0.0242970008403063,0,109.20059967041,-85.7994,25.0194,53.6456277628076,63,63,63,63,61,63,0,8279,1.45687144005964,25,-86,0.001869,51,2025-03-15 01:36:51.000159,560,1.037,0.0011,"aoml_navis",1029.52990413608
"7901009",64,0,1,0.026166,1,0.003738,1,113.347765136025,1,4.85653030315705,562,1,10.7550001144409,35.2599983215332,0.0261659994721413,0,109.301399230957,-85.7994,25.0194,53.6456277628076,63,63,63,63,61,63,0,8279,1.45687144005964,25,-86,0.001869,51,2025-03-15 01:36:51.000159,562,1.037,0.0011,"aoml_navis",1029.54160437333
"7901009",64,0,1,0.028035,1,0.005607,1,113.536090584486,1,4.85647879206067,564,1,10.7239999771118,35.2550010681152,0.0280349999666214,0,109.483001708984,-85.7994,25.0194,53.6456277628076,63,63,63,63,61,63,0,8279,1.45687144005964,25,-86,0.001869,51,2025-03-15 01:36:51.000159,564,1.037,0.0011,"aoml_navis",1029.55252438741
"7901009",64,0,1,0.026166,1,0.003738,1,113.834335179923,1,4.85642661081191,566,1,10.6840000152588,35.2480010986328,0.0261659994721413,0,109.770599365234,-85.7994,25.0194,53.6456277628076,63,63,63,63,61,63,0,8279,1.45687144005964,25,-86,0.001869,51,2025-03-15 01:36:51.000159,566,1.037,0.0011,"aoml_navis",1029.56358670559
"7901009",64,0,1,0.024297,1,0.001869,1,114.112673594276,1,4.85637380750351,568,1,10.6350002288818,35.2389984130859,0.0242970008403063,0,110.039001464844,-85.7994,25.0194,53.6456277628076,63,63,63,63,61,63,0,8279,1.45687144005964,25,-86,0.001869,51,2025-03-15 01:36:51.000159,568,1.037,0.0011,"aoml_navis",1029.57478114114
"7901009",64,0,1,0.024297,1,0.001869,1,114.462875221181,1,4.85629591375785,570,1,10.5369997024536,35.2249984741211,0.0242970008403063,0,110.37670135498,-85.7994,25.0194,53.6456277628076,63,63,63,63,61,63,0,8279,1.45687144005964,25,-86,0.001869,51,2025-03-15 01:36:51.000159,570,1.037,0.0011,"aoml_navis",1029.59129525757
"7901009",64,0,1,0.028035,1,0.005607,1,114.637093864844,1,4.85622964881961,572,1,10.460000038147,35.2130012512207,0.0280349999666214,0,110.544700622559,-85.7994,25.0194,53.6456277628076,63,63,63,63,61,63,0,8279,1.45687144005964,25,-86,0.001869,51,2025-03-15 01:36:51.000159,572,1.037,0.0011,"aoml_navis",1029.60534438797
"7901009",64,0,1,0.026166,1,0.003738,1,114.676708431094,1,4.85616836375604,574,1,10.4049997329712,35.2050018310547,0.0261659994721413,0,110.582901000977,-85.7994,25.0194,53.6456277628076,63,63,63,63,61,63,0,8279,1.45687144005964,25,-86,0.001869,51,2025-03-15 01:36:51.000159,574,1.037,0.0011,"aoml_navis",1029.61833805381
"7901009",64,0,1,0.026166,1,0.003738,1,114.68095708739,1,4.85610267030257,576,1,10.3489999771118,35.1980018615723,0.0261659994721413,0,110.58699798584,-85.7994,25.0194,53.6456277628076,63,63,63,63,61,63,0,8279,1.45687144005964,25,-86,0.001869,51,2025-03-15 01:36:51.000159,576,1.037,0.0011,"aoml_navis",1029.63226675116
"7901009",64,0,1,0.029904,1,0.007476,1,114.681273560857,1,4.85604205050472,578,1,10.3070001602173,35.193000793457,0.0299040004611015,0,110.587303161621,-85.7994,25.0194,53.6456277628076,63,63,63,63,61,63,0,8279,1.45687144005964,25,-86,0.001869,51,2025-03-15 01:36:51.000159,578,1.037,0.0011,"aoml_navis",1029.64512003769
"7901009",64,0,1,0.028035,1,0.005607,1,114.65918371285,1,4.85599251813676,580.099975585938,1,10.2799997329712,35.1879997253418,0.0280349999666214,0,110.56600189209,-85.7994,25.0194,53.6456277628076,63,63,63,63,61,63,0,8279,1.45687144005964,25,-86,0.001869,51,2025-03-15 01:36:51.000159,580.099975585938,1.037,0.0011,"aoml_navis",1029.65562268175
"7901009",64,0,1,0.024297,1,0.001869,1,114.62371494902,1,4.85594214884736,582,1,10.2430000305176,35.181999206543,0.0242970008403063,0,110.531799316406,-85.7994,25.0194,53.6456277628076,63,63,63,63,61,63,0,8279,1.45687144005964,25,-86,0.001869,51,2025-03-15 01:36:51.000159,582,1.037,0.0011,"aoml_navis",1029.66630300298
"7901009",64,0,1,0.026166,1,0.003738,1,114.717770863455,1,4.85587215052412,584,1,10.168999671936,35.1720008850098,0.0261659994721413,0,110.622497558594,-85.7994,25.0194,53.6456277628076,63,63,63,63,61,63,0,8279,1.45687144005964,25,-86,0.001869,51,2025-03-15 01:36:51.000159,584,1.037,0.0011,"aoml_navis",1029.68114583913
"7901009",64,0,1,0.022428,1,0,1,114.668622534008,1,4.85582189643778,586,1,10.1470003128052,35.1689987182617,0.0224280003458261,0,110.575103759766,-85.7994,25.0194,53.6456277628076,63,63,63,63,61,63,0,8279,1.45687144005964,25,-86,0.001869,51,2025-03-15 01:36:51.000159,586,1.037,0.0011,"aoml_navis",1029.6918022607
"7901009",64,0,1,0.026166,1,0.003738,1,114.547286606705,1,4.85577462806597,588,1,10.1199998855591,35.1640014648438,0.0261659994721413,0,110.458099365234,-85.7994,25.0194,53.6456277628076,63,63,63,63,61,63,0,8279,1.45687144005964,25,-86,0.001869,51,2025-03-15 01:36:51.000159,588,1.037,0.0011,"aoml_navis",1029.70182576029
"7901009",64,0,1,0.029904,1,0.007476,1,114.499483289493,1,4.85571373496556,590,1,10.0729999542236,35.1580009460449,0.0299040004611015,0,110.412002563477,-85.7994,25.0194,53.6456277628076,63,63,63,63,61,63,0,8279,1.45687144005964,25,-86,0.001869,51,2025-03-15 01:36:51.000159,590,1.037,0.0011,"aoml_navis",1029.71473874076
"7901009",64,0,1,0.026166,1,0.003738,1,114.478010564747,1,4.85565293469812,592,1,10.0260000228882,35.1520004272461,0.0261659994721413,0,110.391296386719,-85.7994,25.0194,53.6456277628076,63,63,63,63,61,63,0,8279,1.45687144005964,25,-86,0.001869,51,2025-03-15 01:36:51.000159,592,1.037,0.0011,"aoml_navis",1029.72763235823
"7901009",64,0,1,0.026166,1,0.003738,1,114.546875191198,1,4.85557888095978,594,1,9.95499992370605,35.1440010070801,0.0261659994721413,0,110.457702636719,-85.7994,25.0194,53.6456277628076,63,63,63,63,61,63,0,8279,1.45687144005964,25,-86,0.001869,51,2025-03-15 01:36:51.000159,594,1.037,0.0011,"aoml_navis",1029.74333701107
"7901009",64,0,1,0.024297,1,0.001869,1,114.509333526158,1,4.85551786189294,596,1,9.91600036621094,35.1399993896484,0.0242970008403063,0,110.421501159668,-85.7994,25.0194,53.6456277628076,63,63,63,63,61,63,0,8279,1.45687144005964,25,-86,0.001869,51,2025-03-15 01:36:51.000159,596,1.037,0.0011,"aoml_navis",1029.75627774763
"7901009",64,0,1,0.028035,1,0.005607,1,114.526961098278,1,4.85546804059389,598,1,9.89000034332275,35.1360015869141,0.0280349999666214,0,110.438499450684,-85.7994,25.0194,53.6456277628076,63,63,63,63,61,63,0,8279,1.45687144005964,25,-86,0.001869,51,2025-03-15 01:36:51.000159,598,1.037,0.0011,"aoml_navis",1029.76684393714
"7901009",64,0,1,0.028035,1,0.005607,1,114.470652556636,1,4.85541716654913,600,1,9.86699962615967,35.132999420166,0.0280349999666214,0,110.384201049805,-85.7994,25.0194,53.6456277628076,63,63,63,63,61,63,0,8279,1.45687144005964,25,-86,0.001869,51,2025-03-15 01:36:51.000159,600,1.037,0.0011,"aoml_navis",1029.77763361858
"7901009",64,0,1,0.028035,1,0.005607,1,114.399200759592,1,4.85537486326945,602,1,9.85400009155273,35.1300010681152,0.0280349999666214,0,110.315299987793,-85.7994,25.0194,53.6456277628076,63,63,63,63,61,63,0,8279,1.45687144005964,25,-86,0.001869,51,2025-03-15 01:36:51.000159,602,1.037,0.0011,"aoml_navis",1029.78660573144
"7901009",64,0,1,0.024297,1,0.001869,1,114.302344054972,1,4.85532145365239,604,1,9.82800006866455,35.1269989013672,0.0242970008403063,0,110.221900939941,-85.7994,25.0194,53.6456277628076,63,63,63,63,61,63,0,8279,1.45687144005964,25,-86,0.001869,51,2025-03-15 01:36:51.000159,604,1.037,0.0011,"aoml_navis",1029.79793361339
"7901009",64,0,1,0.031773,1,0.009345,1,114.326609658065,1,4.8552595575608,605.900024414062,1,9.7810001373291,35.1220016479492,0.0317730009555817,0,110.245300292969,-85.7994,25.0194,53.6456277628076,63,63,63,63,61,63,0,8279,1.45687144005964,25,-86,0.001869,51,2025-03-15 01:36:51.000159,605.900024414062,1.037,0.0011,"aoml_navis",1029.81106174104
"7901009",64,0,1,0.026166,1,0.003738,1,114.232656597507,1,4.85520837768419,608,1,9.76000022888184,35.1189994812012,0.0261659994721413,0,110.15470123291,-85.7994,25.0194,53.6456277628076,63,63,63,63,61,63,0,8279,1.45687144005964,25,-86,0.001869,51,2025-03-15 01:36:51.000159,608,1.037,0.0011,"aoml_navis",1029.82191721808
"7901009",64,0,1,0.029904,1,0.007476,1,114.23669954605,1,4.85515164292967,610,1,9.72999954223633,35.1160011291504,0.0299040004611015,0,110.158599853516,-85.7994,25.0194,53.6456277628076,63,63,63,63,61,63,0,8279,1.45687144005964,25,-86,0.001869,51,2025-03-15 01:36:51.000159,610,1.037,0.0011,"aoml_navis",1029.83395117664
"7901009",64,0,1,0.026166,1,0.003738,1,114.165144895128,1,4.85511341339039,612,1,9.72599983215332,35.1139984130859,0.0261659994721413,0,110.089599609375,-85.7994,25.0194,53.6456277628076,63,63,63,63,61,63,0,8279,1.45687144005964,25,-86,0.001869,51,2025-03-15 01:36:51.000159,612,1.037,0.0011,"aoml_navis",1029.84206016898
"7901009",64,0,1,0.028035,1,0.005607,1,114.138909244702,1,4.85505586683936,614,1,9.69499969482422,35.1110000610352,0.0280349999666214,0,110.064300537109,-85.7994,25.0194,53.6456277628076,63,63,63,63,61,63,0,8279,1.45687144005964,25,-86,0.001869,51,2025-03-15 01:36:51.000159,614,1.037,0.0011,"aoml_navis",1029.85426679652
"7901009",64,0,1,0.029904,1,0.007476,1,114.096913215612,1,4.85500345184999,616,1,9.67000007629395,35.1080017089844,0.0299040004611015,0,110.023803710938,-85.7994,25.0194,53.6456277628076,63,63,63,63,61,63,0,8279,1.45687144005964,25,-86,0.001869,51,2025-03-15 01:36:51.000159,616,1.037,0.0011,"aoml_navis",1029.86538518212
"7901009",64,0,1,0.029904,1,0.007476,1,113.938454950613,1,4.85495958462868,618,1,9.66800022125244,35.1080017089844,0.0299040004611015,0,109.871002197266,-85.7994,25.0194,53.6456277628076,63,63,63,63,61,63,0,8279,1.45687144005964,25,-86,0.001869,51,2025-03-15 01:36:51.000159,618,1.037,0.0011,"aoml_navis",1029.87469058044
"7901009",64,0,1,0.029904,1,0.007476,1,113.695268826623,1,4.85491854781625,620,1,9.66499996185303,35.1069984436035,0.0299040004611015,0,109.636497497559,-85.7994,25.0194,53.6456277628076,63,63,63,63,61,63,0,8279,1.45687144005964,25,-86,0.001869,51,2025-03-15 01:36:51.000159,620,1.037,0.0011,"aoml_navis",1029.88339572638
"7901009",64,0,1,0.028035,1,0.005607,1,113.522814522539,1,4.85485964838099,622,1,9.62800025939941,35.1030006408691,0.0280349999666214,0,109.470199584961,-85.7994,25.0194,53.6456277628076,63,63,63,63,61,63,0,8279,1.45687144005964,25,-86,0.001869,51,2025-03-15 01:36:51.000159,622,1.037,0.0011,"aoml_navis",1029.89589033072
"7901009",64,0,1,0.024297,1,0.001869,1,113.460279365432,1,4.85479433530413,624,1,9.57900047302246,35.0979995727539,0.0242970008403063,0,109.409896850586,-85.7994,25.0194,53.6456277628076,63,63,63,63,61,63,0,8279,1.45687144005964,25,-86,0.001869,51,2025-03-15 01:36:51.000159,624,1.037,0.0011,"aoml_navis",1029.90974584442
"7901009",64,0,1,0.026166,1,0.003738,1,113.37722090398,1,4.85473667670693,626,1,9.55200004577637,35.0960006713867,0.0261659994721413,0,109.329803466797,-85.7994,25.0194,53.6456277628076,63,63,63,63,61,63,0,8279,1.45687144005964,25,-86,0.001869,51,2025-03-15 01:36:51.000159,626,1.037,0.0011,"aoml_navis",1029.92197784692
"7901009",64,0,1,0.028035,1,0.005607,1,113.285546452385,1,4.85468048881686,628,1,9.51799964904785,35.0919990539551,0.0280349999666214,0,109.241401672363,-85.7994,25.0194,53.6456277628076,63,63,63,63,61,63,0,8279,1.45687144005964,25,-86,0.001869,51,2025-03-15 01:36:51.000159,628,1.037,0.0011,"aoml_navis",1029.9338981253
"7901009",64,0,1,0.026166,1,0.003738,1,113.269991781474,1,4.85461790674083,630,1,9.47200012207031,35.0870018005371,0.0261659994721413,0,109.226402282715,-85.7994,25.0194,53.6456277628076,63,63,63,63,61,63,0,8279,1.45687144005964,25,-86,0.001869,51,2025-03-15 01:36:51.000159,630,1.037,0.0011,"aoml_navis",1029.94717525705
"7901009",64,0,1,0.028035,1,0.005607,1,113.143679308901,1,4.85456205487438,632,1,9.44699954986572,35.0849990844727,0.0280349999666214,0,109.104598999023,-85.7994,25.0194,53.6456277628076,63,63,63,63,61,63,0,8279,1.45687144005964,25,-86,0.001869,51,2025-03-15 01:36:51.000159,632,1.037,0.0011,"aoml_navis",1029.95902482688
"7901009",64,0,1,0.022428,1,0,1,112.859122190918,1,4.85451650677282,634,1,9.44299983978271,35.0849990844727,0.0224280003458261,0,108.830200195312,-85.7994,25.0194,53.6456277628076,63,63,63,63,61,63,0,8279,1.45687144005964,25,-86,0.001869,51,2025-03-15 01:36:51.000159,634,1.037,0.0011,"aoml_navis",1029.96868854482
"7901009",64,0,1,0.028035,1,0.005607,1,112.393399836669,1,4.85447348008854,636,1,9.44200038909912,35.0849990844727,0.0280349999666214,0,108.381103515625,-85.7994,25.0194,53.6456277628076,63,63,63,63,61,63,0,8279,1.45687144005964,25,-86,0.001869,51,2025-03-15 01:36:51.000159,636,1.037,0.0011,"aoml_navis",1029.97781747256
"7901009",64,0,1,0.029904,1,0.007476,1,111.952765916527,1,4.85441587482959,638,1,9.42800045013428,35.0859985351562,0.0299040004611015,0,107.956199645996,-85.7994,25.0194,53.6456277628076,63,63,63,63,61,63,0,8279,1.45687144005964,25,-86,0.001869,51,2025-03-15 01:36:51.000159,638,1.037,0.0011,"aoml_navis",1029.99003977498
"7901009",64,0,1,0.026166,1,0.003738,1,111.536191891725,1,4.85436697514239,640,1,9.42000007629395,35.0859985351562,0.0261659994721413,0,107.554496765137,-85.7994,25.0194,53.6456277628076,63,63,63,63,61,63,0,8279,1.45687144005964,25,-86,0.001869,51,2025-03-15 01:36:51.000159,640,1.037,0.0011,"aoml_navis",1030.00041521445
"7901009",64,0,1,0.029904,1,0.007476,1,110.768071227783,1,4.85431807826566,642,1,9.41199970245361,35.0859985351562,0.0299040004611015,0,106.81379699707,-85.7994,25.0194,53.6456277628076,63,63,63,63,61,63,0,8279,1.45687144005964,25,-86,0.001869,51,2025-03-15 01:36:51.000159,642,1.037,0.0011,"aoml_navis",1030.01079026663
"7901009",64,0,1,0.026166,1,0.003738,1,109.922280063167,1,4.8542520917277,644,1,9.38799953460693,35.0870018005371,0.0261659994721413,0,105.998199462891,-85.7994,25.0194,53.6456277628076,63,63,63,63,61,63,0,8279,1.45687144005964,25,-86,0.001869,51,2025-03-15 01:36:51.000159,644,1.037,0.0011,"aoml_navis",1030.02479177393
"7901009",64,0,1,0.029904,1,0.007476,1,109.531221711654,1,4.85419462715901,646,1,9.39599990844727,35.0929985046387,0.0299040004611015,0,105.621101379395,-85.7994,25.0194,53.6456277628076,63,63,63,63,61,63,0,8279,1.45687144005964,25,-86,0.001869,51,2025-03-15 01:36:51.000159,646,1.037,0.0011,"aoml_navis",1030.03698533743
"7901009",64,0,1,0.026166,1,0.003738,1,109.820130339809,1,4.8541510812168,648,1,9.39000034332275,35.0919990539551,0.0261659994721413,0,105.899696350098,-85.7994,25.0194,53.6456277628076,63,63,63,63,61,63,0,8279,1.45687144005964,25,-86,0.001869,51,2025-03-15 01:36:51.000159,648,1.037,0.0011,"aoml_navis",1030.0462256619
"7901009",64,0,1,0.026166,1,0.003738,1,110.402314929968,1,4.85409340167125,650,1,9.35400009155273,35.0880012512207,0.0261659994721413,0,106.461097717285,-85.7994,25.0194,53.6456277628076,63,63,63,63,61,63,0,8279,1.45687144005964,25,-86,0.001869,51,2025-03-15 01:36:51.000159,650,1.037,0.0011,"aoml_navis",1030.05846535184
"7901009",64,0,1,0.028035,1,0.005607,1,111.207565843443,1,4.85403859308127,652,1,9.29500007629395,35.0779991149902,0.0280349999666214,0,107.237602233887,-85.7994,25.0194,53.6456277628076,63,63,63,63,61,63,0,8279,1.45687144005964,25,-86,0.001869,51,2025-03-15 01:36:51.000159,652,1.037,0.0011,"aoml_navis",1030.07009609004
"7901009",64,0,1,0.029904,1,0.007476,1,111.906719027058,1,4.85398475635995,654,1,9.23700046539307,35.068000793457,0.0299040004611015,0,107.911796569824,-85.7994,25.0194,53.6456277628076,63,63,63,63,61,63,0,8279,1.45687144005964,25,-86,0.001869,51,2025-03-15 01:36:51.000159,654,1.037,0.0011,"aoml_navis",1030.08152084712
"7901009",64,0,1,0.031773,1,0.009345,1,112.217725415057,1,4.85392290703465,656,1,9.17800045013428,35.060001373291,0.0317730009555817,0,108.211700439453,-85.7994,25.0194,53.6456277628076,63,63,63,63,61,63,0,8279,1.45687144005964,25,-86,0.001869,51,2025-03-15 01:36:51.000159,656,1.037,0.0011,"aoml_navis",1030.0946462816
"7901009",64,0,1,0.031773,1,0.009345,1,112.542830696017,1,4.85386058564201,657.900024414062,1,9.12899971008301,35.0550003051758,0.0317730009555817,0,108.525199890137,-85.7994,25.0194,53.6456277628076,63,63,63,63,61,63,0,8279,1.45687144005964,25,-86,0.001869,51,2025-03-15 01:36:51.000159,657.900024414062,1.037,0.0011,"aoml_navis",1030.10787223479
"7901009",64,0,1,0.029904,1,0.007476,1,113.026188534223,1,4.85381606445773,660,1,9.11100006103516,35.0509986877441,0.0299040004611015,0,108.991302490234,-85.7994,25.0194,53.6456277628076,63,63,63,63,61,63,0,8279,1.45687144005964,25,-86,0.001869,51,2025-03-15 01:36:51.000159,660,1.037,0.0011,"aoml_navis",1030.11732080511
"7901009",64,0,1,0.028035,1,0.005607,1,113.685624297712,1,4.85375281380707,662,1,9.04100036621094,35.0410003662109,0.0280349999666214,0,109.627197265625,-85.7994,25.0194,53.6456277628076,63,63,63,63,61,63,0,8279,1.45687144005964,25,-86,0.001869,51,2025-03-15 01:36:51.000159,662,1.037,0.0011,"aoml_navis",1030.13074456056
"7901009",64,0,1,0.029904,1,0.007476,1,114.154463915612,1,4.8536889027085,664,1,8.95199966430664,35.0270004272461,0.0299040004611015,0,110.079299926758,-85.7994,25.0194,53.6456277628076,63,63,63,63,61,63,0,8279,1.45687144005964,25,-86,0.001869,51,2025-03-15 01:36:51.000159,664,1.037,0.0011,"aoml_navis",1030.14430883897
"7901009",64,0,1,0.026166,1,0.003738,1,114.319560211585,1,4.85364453861654,666,1,8.91800022125244,35.0200004577637,0.0261659994721413,0,110.238502502441,-85.7994,25.0194,53.6456277628076,63,63,63,63,61,63,0,8279,1.45687144005964,25,-86,0.001869,51,2025-03-15 01:36:51.000159,666,1.037,0.0011,"aoml_navis",1030.15372473592
"7901009",64,0,1,0.029904,1,0.007476,1,114.366738493699,1,4.85358801764481,668,1,8.85099983215332,35.0089988708496,0.0299040004611015,0,110.283996582031,-85.7994,25.0194,53.6456277628076,63,63,63,63,61,63,0,8279,1.45687144005964,25,-86,0.001869,51,2025-03-15 01:36:51.000159,668,1.037,0.0011,"aoml_navis",1030.1657210754
"7901009",64,0,1,0.029904,1,0.007476,1,113.908279205521,1,4.85352879127297,670,1,8.79399967193604,35.0009994506836,0.0299040004611015,0,109.841903686523,-85.7994,25.0194,53.6456277628076,63,63,63,63,61,63,0,8279,1.45687144005964,25,-86,0.001869,51,2025-03-15 01:36:51.000159,670,1.037,0.0011,"aoml_navis",1030.17829192451
"7901009",64,0,1,0.026166,1,0.003738,1,112.755730309202,1,4.85347624332773,672,1,8.82199954986572,35.0099983215332,0.0261659994721413,0,108.730499267578,-85.7994,25.0194,53.6456277628076,63,63,63,63,61,63,0,8279,1.45687144005964,25,-86,0.001869,51,2025-03-15 01:36:51.000159,672,1.037,0.0011,"aoml_navis",1030.18944552859
"7901009",64,0,1,0.026166,1,0.003738,1,111.626521331085,1,4.8534163885582,674,1,8.86800003051758,35.0250015258789,0.0261659994721413,0,107.6416015625,-85.7994,25.0194,53.6456277628076,63,63,63,63,61,63,0,8279,1.45687144005964,25,-86,0.001869,51,2025-03-15 01:36:51.000159,674,1.037,0.0011,"aoml_navis",1030.20215034246
"7901009",64,0,1,0.029904,1,0.007476,1,111.057509948996,1,4.85335914680327,675.900024414062,1,8.87399959564209,35.0309982299805,0.0299040004611015,0,107.092903137207,-85.7994,25.0194,53.6456277628076,63,63,63,63,61,63,0,8279,1.45687144005964,25,-86,0.001869,51,2025-03-15 01:36:51.000159,675.900024414062,1.037,0.0011,"aoml_navis",1030.21430080923
"7901009",64,0,1,0.028035,1,0.005607,1,110.923831556475,1,4.85331154575972,678,1,8.88799953460693,35.0349998474121,0.0280349999666214,0,106.963996887207,-85.7994,25.0194,53.6456277628076,63,63,63,63,61,63,0,8279,1.45687144005964,25,-86,0.001869,51,2025-03-15 01:36:51.000159,678,1.037,0.0011,"aoml_navis",1030.22440510097
"7901009",64,0,1,0.026166,1,0.003738,1,111.093698689964,1,4.85326809770218,680,1,8.89099979400635,35.0359992980957,0.0261659994721413,0,107.127799987793,-85.7994,25.0194,53.6456277628076,63,63,63,63,61,63,0,8279,1.45687144005964,25,-86,0.001869,51,2025-03-15 01:36:51.000159,680,1.037,0.0011,"aoml_navis",1030.23362800981
"7901009",64,0,1,0.029904,1,0.007476,1,111.521784437134,1,4.85323156777755,682,1,8.88899993896484,35.0340003967285,0.0299040004611015,0,107.540603637695,-85.7994,25.0194,53.6456277628076,63,63,63,63,61,63,0,8279,1.45687144005964,25,-86,0.001869,51,2025-03-15 01:36:51.000159,682,1.037,0.0011,"aoml_navis",1030.24138250416
"7901009",64,0,1,0.029904,1,0.007476,1,112.350881626358,1,4.85318278447448,684,1,8.86299991607666,35.0299987792969,0.0299040004611015,0,108.340103149414,-85.7994,25.0194,53.6456277628076,63,63,63,63,61,63,0,8279,1.45687144005964,25,-86,0.001869,51,2025-03-15 01:36:51.000159,684,1.037,0.0011,"aoml_navis",1030.25173830155
"7901009",64,0,1,0.028035,1,0.005607,1,113.426685706894,1,4.85312834691515,686,1,8.80300045013428,35.0200004577637,0.0280349999666214,0,109.377502441406,-85.7994,25.0194,53.6456277628076,63,63,63,63,61,63,0,8279,1.45687144005964,25,-86,0.001869,51,2025-03-15 01:36:51.000159,686,1.037,0.0011,"aoml_navis",1030.26329463926
"7901009",64,0,1,0.029904,1,0.007476,1,114.6501563072,1,4.85307741088956,688,1,8.72900009155273,35.0060005187988,0.0299040004611015,0,110.55729675293,-85.7994,25.0194,53.6456277628076,63,63,63,63,61,63,0,8279,1.45687144005964,25,-86,0.001869,51,2025-03-15 01:36:51.000159,688,1.037,0.0011,"aoml_navis",1030.27410788478
"7901009",64,0,1,0.028035,1,0.005607,1,115.586379765053,1,4.85300586505378,690,1,8.61999988555908,34.9900016784668,0.0280349999666214,0,111.460098266602,-85.7994,25.0194,53.6456277628076,63,63,63,63,61,63,0,8279,1.45687144005964,25,-86,0.001869,51,2025-03-15 01:36:51.000159,690,1.037,0.0011,"aoml_navis",1030.28929678505
"7901009",64,0,1,0.033642,1,0.011214,1,116.226328674802,1,4.85292034037208,692,1,8.5019998550415,34.976001739502,0.0336420014500618,0,112.077201843262,-85.7994,25.0194,53.6456277628076,63,63,63,63,61,63,0,8279,1.45687144005964,25,-86,0.001869,51,2025-03-15 01:36:51.000159,692,1.037,0.0011,"aoml_navis",1030.30745392714
"7901009",64,0,1,0.028035,1,0.005607,1,116.607433935773,1,4.85286814607546,694,1,8.46199989318848,34.9700012207031,0.0280349999666214,0,112.444702148438,-85.7994,25.0194,53.6456277628076,63,63,63,63,61,63,0,8279,1.45687144005964,25,-86,0.001869,51,2025-03-15 01:36:51.000159,694,1.037,0.0011,"aoml_navis",1030.31853524467
"7901009",64,0,1,0.028035,1,0.005607,1,116.946638109695,1,4.85281885572963,696,1,8.44400024414062,34.9679985046387,0.0280349999666214,0,112.771797180176,-85.7994,25.0194,53.6456277628076,63,63,63,63,61,63,0,8279,1.45687144005964,25,-86,0.001869,51,2025-03-15 01:36:51.000159,696,1.037,0.0011,"aoml_navis",1030.32900024624
"7901009",64,0,1,0.028035,1,0.005607,1,116.982415435156,1,4.85276952105852,698,1,8.44900035858154,34.9710006713867,0.0280349999666214,0,112.806297302246,-85.7994,25.0194,53.6456277628076,63,63,63,63,61,63,0,8279,1.45687144005964,25,-86,0.001869,51,2025-03-15 01:36:51.000159,698,1.037,0.0011,"aoml_navis",1030.33947487153
"7901009",64,0,1,0.029904,1,0.007476,1,116.878406430179,1,4.85271510467508,700,1,8.44299983978271,34.9729995727539,0.0299040004611015,0,112.706001281738,-85.7994,25.0194,53.6456277628076,63,63,63,63,61,63,0,8279,1.45687144005964,25,-86,0.001869,51,2025-03-15 01:36:51.000159,700,1.037,0.0011,"aoml_navis",1030.35102868146
"7901009",64,0,1,0.028035,1,0.005607,1,116.759254169799,1,4.85266643782983,702,1,8.4350004196167,34.9729995727539,0.0280349999666214,0,112.591102600098,-85.7994,25.0194,53.6456277628076,63,63,63,63,61,63,0,8279,1.45687144005964,25,-86,0.001869,51,2025-03-15 01:36:51.000159,702,1.037,0.0011,"aoml_navis",1030.36136195589
"7901009",64,0,1,0.028035,1,0.005607,1,116.528410511027,1,4.85261396341971,704,1,8.41300010681152,34.9710006713867,0.0280349999666214,0,112.368499755859,-85.7994,25.0194,53.6456277628076,63,63,63,63,61,63,0,8279,1.45687144005964,25,-86,0.001869,51,2025-03-15 01:36:51.000159,704,1.037,0.0011,"aoml_navis",1030.37250391054
"7901009",64,0,1,0.029904,1,0.007476,1,116.356992657549,1,4.85253196032657,706,1,8.32600021362305,34.9630012512207,0.0299040004611015,0,112.203201293945,-85.7994,25.0194,53.6456277628076,63,63,63,63,61,63,0,8279,1.45687144005964,25,-86,0.001869,51,2025-03-15 01:36:51.000159,706,1.037,0.0011,"aoml_navis",1030.38991620851
"7901009",64,0,1,0.026166,1,0.003738,1,116.33376350506,1,4.85246179828517,708,1,8.31400012969971,34.9679985046387,0.0261659994721413,0,112.180801391602,-85.7994,25.0194,53.6456277628076,63,63,63,63,61,63,0,8279,1.45687144005964,25,-86,0.001869,51,2025-03-15 01:36:51.000159,708,1.037,0.0011,"aoml_navis",1030.40481467921
"7901009",64,0,1,0.029904,1,0.007476,1,116.757386976343,1,4.85240649363397,710,1,8.2790002822876,34.9640007019043,0.0299040004611015,0,112.589302062988,-85.7994,25.0194,53.6456277628076,63,63,63,63,61,63,0,8279,1.45687144005964,25,-86,0.001869,51,2025-03-15 01:36:51.000159,710,1.037,0.0011,"aoml_navis",1030.41655857968
"7901009",64,0,1,0.029904,1,0.007476,1,117.275374923691,1,4.85234625224715,712,1,8.23299980163574,34.9589996337891,0.0299040004611015,0,113.088798522949,-85.7994,25.0194,53.6456277628076,63,63,63,63,61,63,0,8279,1.45687144005964,25,-86,0.001869,51,2025-03-15 01:36:51.000159,712,1.037,0.0011,"aoml_navis",1030.42935109679
"7901009",64,0,1,0.028035,1,0.005607,1,117.26365749357,1,4.85229055943132,714,1,8.1879997253418,34.9529991149902,0.0280349999666214,0,113.077499389648,-85.7994,25.0194,53.6456277628076,63,63,63,63,61,63,0,8279,1.45687144005964,25,-86,0.001869,51,2025-03-15 01:36:51.000159,714,1.037,0.0011,"aoml_navis",1030.4411779879
"7901009",64,0,1,0.028035,1,0.005607,1,116.902149852051,1,4.85222560209452,716,1,8.11699962615967,34.9440002441406,0.0280349999666214,0,112.728897094727,-85.7994,25.0194,53.6456277628076,63,63,63,63,61,63,0,8279,1.45687144005964,25,-86,0.001869,51,2025-03-15 01:36:51.000159,716,1.037,0.0011,"aoml_navis",1030.45497262981
"7901009",64,0,1,0.028035,1,0.005607,1,116.300470496317,1,4.85217177240358,718,1,8.10700035095215,34.9449996948242,0.0280349999666214,0,112.148696899414,-85.7994,25.0194,53.6456277628076,63,63,63,63,61,63,0,8279,1.45687144005964,25,-86,0.001869,51,2025-03-15 01:36:51.000159,718,1.037,0.0011,"aoml_navis",1030.466404433
"7901009",64,0,1,0.029904,1,0.007476,1,116.005129544941,1,4.85211444143845,720,1,8.11600017547607,34.951000213623,0.0299040004611015,0,111.863899230957,-85.7994,25.0194,53.6456277628076,63,63,63,63,61,63,0,8279,1.45687144005964,25,-86,0.001869,51,2025-03-15 01:36:51.000159,720,1.037,0.0011,"aoml_navis",1030.47858008017
"7901009",64,0,1,0.029904,1,0.007476,1,115.708332815617,1,4.85206898350634,722,1,8.11200046539307,34.951000213623,0.0299040004611015,0,111.577697753906,-85.7994,25.0194,53.6456277628076,63,63,63,63,61,63,0,8279,1.45687144005964,25,-86,0.001869,51,2025-03-15 01:36:51.000159,722,1.037,0.0011,"aoml_navis",1030.48823439991
"7901009",64,0,1,0.029904,1,0.007476,1,115.297051809553,1,4.8520222045718,724,1,8.11100006103516,34.9519996643066,0.0299040004611015,0,111.181098937988,-85.7994,25.0194,53.6456277628076,63,63,63,63,61,63,0,8279,1.45687144005964,25,-86,0.001869,51,2025-03-15 01:36:51.000159,724,1.037,0.0011,"aoml_navis",1030.49816946196
"7901009",64,0,1,0.029904,1,0.007476,1,115.13195551358,1,4.85196862341056,726,1,8.10599994659424,34.9539985656738,0.0299040004611015,0,111.021896362305,-85.7994,25.0194,53.6456277628076,63,63,63,63,61,63,0,8279,1.45687144005964,25,-86,0.001869,51,2025-03-15 01:36:51.000159,726,1.037,0.0011,"aoml_navis",1030.50954943839
"7901009",64,0,1,0.031773,1,0.009345,1,114.838790317291,1,4.85190578849225,728,1,8.06099987030029,34.9500007629395,0.0317730009555817,0,110.739196777344,-85.7994,25.0194,53.6456277628076,63,63,63,63,61,63,0,8279,1.45687144005964,25,-86,0.001869,51,2025-03-15 01:36:51.000159,728,1.037,0.0011,"aoml_navis",1030.52289511866
"7901009",64,0,1,0.029904,1,0.007476,1,114.575080888957,1,4.85185134296068,730,1,8.06900024414062,34.9550018310547,0.0299040004611015,0,110.484901428223,-85.7994,25.0194,53.6456277628076,63,63,63,63,61,63,0,8279,1.45687144005964,25,-86,0.001869,51,2025-03-15 01:36:51.000159,730,1.037,0.0011,"aoml_navis",1030.53445923364
"7901009",64,0,1,0.029904,1,0.007476,1,114.739757857585,1,4.85179495406323,732,1,8.05099964141846,34.9550018310547,0.0299040004611015,0,110.643699645996,-85.7994,25.0194,53.6456277628076,63,63,63,63,61,63,0,8279,1.45687144005964,25,-86,0.001869,51,2025-03-15 01:36:51.000159,732,1.037,0.0011,"aoml_navis",1030.546436389
"7901009",64,0,1,0.028035,1,0.005607,1,115.065385319767,1,4.85173322944819,734,1,8.01200008392334,34.9519996643066,0.0280349999666214,0,110.957702636719,-85.7994,25.0194,53.6456277628076,63,63,63,63,61,63,0,8279,1.45687144005964,25,-86,0.001869,51,2025-03-15 01:36:51.000159,734,1.037,0.0011,"aoml_navis",1030.55954718447
"7901009",64,0,1,0.029904,1,0.007476,1,115.427201522916,1,4.85166745135253,736,1,7.96299982070923,34.9480018615723,0.0299040004611015,0,111.306602478027,-85.7994,25.0194,53.6456277628076,63,63,63,63,61,63,0,8279,1.45687144005964,25,-86,0.001869,51,2025-03-15 01:36:51.000159,736,1.037,0.0011,"aoml_navis",1030.57351933841
"7901009",64,0,1,0.028035,1,0.005607,1,115.653480051924,1,4.8516167313653,738,1,7.93800020217896,34.9449996948242,0.0280349999666214,0,111.524803161621,-85.7994,25.0194,53.6456277628076,63,63,63,63,61,63,0,8279,1.45687144005964,25,-86,0.001869,51,2025-03-15 01:36:51.000159,738,1.037,0.0011,"aoml_navis",1030.58429320589
"7901009",64,0,1,0.029904,1,0.007476,1,115.906097085235,1,4.8515600232992,740,1,7.90999984741211,34.943000793457,0.0299040004611015,0,111.768402099609,-85.7994,25.0194,53.6456277628076,63,63,63,63,61,63,0,8279,1.45687144005964,25,-86,0.001869,51,2025-03-15 01:36:51.000159,740,1.037,0.0011,"aoml_navis",1030.5963393193
"7901009",64,0,1,0.028035,1,0.005607,1,116.175930275159,1,4.85150644189891,742,1,7.88600015640259,34.9410018920898,0.0280349999666214,0,112.028602600098,-85.7994,25.0194,53.6456277628076,63,63,63,63,61,63,0,8279,1.45687144005964,25,-86,0.001869,51,2025-03-15 01:36:51.000159,742,1.037,0.0011,"aoml_navis",1030.60772151484
"7901009",64,0,1,0.028035,1,0.005607,1,116.467331131869,1,4.85145038703118,744,1,7.85400009155273,34.9379997253418,0.0280349999666214,0,112.309600830078,-85.7994,25.0194,53.6456277628076,63,63,63,63,61,63,0,8279,1.45687144005964,25,-86,0.001869,51,2025-03-15 01:36:51.000159,744,1.037,0.0011,"aoml_navis",1030.61962941349
"7901009",64,0,1,0.028035,1,0.005607,1,116.71580236276,1,4.85140225950492,746,1,7.83699989318848,34.9360008239746,0.0280349999666214,0,112.549201965332,-85.7994,25.0194,53.6456277628076,63,63,63,63,61,63,0,8279,1.45687144005964,25,-86,0.001869,51,2025-03-15 01:36:51.000159,746,1.037,0.0011,"aoml_navis",1030.62985350348
"7901009",64,0,1,0.026166,1,0.003738,1,117.097319039239,1,4.85134857831635,748,1,7.80800008773804,34.9329986572266,0.0261659994721413,0,112.917098999023,-85.7994,25.0194,53.6456277628076,63,63,63,63,61,63,0,8279,1.45687144005964,25,-86,0.001869,51,2025-03-15 01:36:51.000159,748,1.037,0.0011,"aoml_navis",1030.64125763877
"7901009",64,0,1,0.029904,1,0.007476,1,117.56408575593,1,4.85128013767667,750,1,7.75500011444092,34.9290008544922,0.0299040004611015,0,113.367202758789,-85.7994,25.0194,53.6456277628076,63,63,63,63,61,63,0,8279,1.45687144005964,25,-86,0.001869,51,2025-03-15 01:36:51.000159,750,1.037,0.0011,"aoml_navis",1030.65579766634
"7901009",64,0,1,0.026166,1,0.003738,1,117.946227467506,1,4.8512194935404,752,1,7.71199989318848,34.9249992370605,0.0261659994721413,0,113.735702514648,-85.7994,25.0194,53.6456277628076,63,63,63,63,61,63,0,8279,1.45687144005964,25,-86,0.001869,51,2025-03-15 01:36:51.000159,752,1.037,0.0011,"aoml_navis",1030.6686816908
"7901009",64,0,1,0.035511,1,0.013083,1,118.269979824395,1,4.85116441645668,754,1,7.68100023269653,34.9220008850098,0.0355109982192516,0,114.047897338867,-85.7994,25.0194,53.6456277628076,63,63,63,63,61,63,0,8279,1.45687144005964,25,-86,0.001869,51,2025-03-15 01:36:51.000159,754,1.037,0.0011,"aoml_navis",1030.68038325776
"7901009",64,0,1,0.029904,1,0.007476,1,118.646314247849,1,4.85108726619651,756,1,7.62099981307983,34.9189987182617,0.0299040004611015,0,114.410797119141,-85.7994,25.0194,53.6456277628076,63,63,63,63,61,63,0,8279,1.45687144005964,25,-86,0.001869,51,2025-03-15 01:36:51.000159,756,1.037,0.0011,"aoml_navis",1030.69677489439
"7901009",64,0,1,0.029904,1,0.007476,1,118.904327153775,1,4.85102939173512,758,1,7.59100008010864,34.9169998168945,0.0299040004611015,0,114.659599304199,-85.7994,25.0194,53.6456277628076,63,63,63,63,61,63,0,8279,1.45687144005964,25,-86,0.001869,51,2025-03-15 01:36:51.000159,758,1.037,0.0011,"aoml_navis",1030.70907146403
"7901009",64,0,1,0.028035,1,0.005607,1,119.16120075522,1,4.85097915193349,760,1,7.57100009918213,34.9150009155273,0.0280349999666214,0,114.907302856445,-85.7994,25.0194,53.6456277628076,63,63,63,63,61,63,0,8279,1.45687144005964,25,-86,0.001869,51,2025-03-15 01:36:51.000159,760,1.037,0.0011,"aoml_navis",1030.71974613767
"7901009",64,0,1,0.029904,1,0.007476,1,119.435907636537,1,4.85092742216256,762,1,7.54899978637695,34.9129981994629,0.0299040004611015,0,115.172203063965,-85.7994,25.0194,53.6456277628076,63,63,63,63,61,63,0,8279,1.45687144005964,25,-86,0.001869,51,2025-03-15 01:36:51.000159,762,1.037,0.0011,"aoml_navis",1030.73073762274
"7901009",64,0,1,0.029904,1,0.007476,1,119.699822772626,1,4.85087581457116,764,1,7.53200006484985,34.9119987487793,0.0299040004611015,0,115.426696777344,-85.7994,25.0194,53.6456277628076,63,63,63,63,61,63,0,8279,1.45687144005964,25,-86,0.001869,51,2025-03-15 01:36:51.000159,764,1.037,0.0011,"aoml_navis",1030.74170338084
"7901009",64,0,1,0.029904,1,0.007476,1,119.950366904727,1,4.85083092416482,766,1,7.51900005340576,34.9099998474121,0.0299040004611015,0,115.668296813965,-85.7994,25.0194,53.6456277628076,63,63,63,63,61,63,0,8279,1.45687144005964,25,-86,0.001869,51,2025-03-15 01:36:51.000159,766,1.037,0.0011,"aoml_navis",1030.75124203816
"7901009",64,0,1,0.026166,1,0.003738,1,120.320379770675,1,4.85077543717785,768,1,7.49200010299683,34.9080009460449,0.0261659994721413,0,116.025100708008,-85.7994,25.0194,53.6456277628076,63,63,63,63,61,63,0,8279,1.45687144005964,25,-86,0.001869,51,2025-03-15 01:36:51.000159,768,1.037,0.0011,"aoml_navis",1030.76303258206
"7901009",64,0,1,0.028035,1,0.005607,1,120.762975826313,1,4.85070488554042,770,1,7.44500017166138,34.9059982299805,0.0280349999666214,0,116.45189666748,-85.7994,25.0194,53.6456277628076,63,63,63,63,61,63,0,8279,1.45687144005964,25,-86,0.001869,51,2025-03-15 01:36:51.000159,770,1.037,0.0011,"aoml_navis",1030.77802463403
"7901009",64,0,1,0.029904,1,0.007476,1,121.121065554387,1,4.85064260626209,772,1,7.40399980545044,34.9029998779297,0.0299040004611015,0,116.797203063965,-85.7994,25.0194,53.6456277628076,63,63,63,63,61,63,0,8279,1.45687144005964,25,-86,0.001869,51,2025-03-15 01:36:51.000159,772,1.037,0.0011,"aoml_navis",1030.79125919215
"7901009",64,0,1,0.031773,1,0.009345,1,121.418376553095,1,4.85057296659198,774,1,7.35799980163574,34.9010009765625,0.0317730009555817,0,117.08390045166,-85.7994,25.0194,53.6456277628076,63,63,63,63,61,63,0,8279,1.45687144005964,25,-86,0.001869,51,2025-03-15 01:36:51.000159,774,1.037,0.0011,"aoml_navis",1030.80605826099
"7901009",64,0,1,0.029904,1,0.007476,1,121.596638145301,1,4.85051922850206,776,1,7.33799982070923,34.9000015258789,0.0299040004611015,0,117.255798339844,-85.7994,25.0194,53.6456277628076,63,63,63,63,61,63,0,8279,1.45687144005964,25,-86,0.001869,51,2025-03-15 01:36:51.000159,776,1.037,0.0011,"aoml_navis",1030.81747838862
"7901009",64,0,1,0.028035,1,0.005607,1,121.820740919222,1,4.850470825321,778,1,7.32999992370605,34.9000015258789,0.0280349999666214,0,117.471900939941,-85.7994,25.0194,53.6456277628076,63,63,63,63,61,63,0,8279,1.45687144005964,25,-86,0.001869,51,2025-03-15 01:36:51.000159,778,1.037,0.0011,"aoml_navis",1030.82776498694
"7901009",64,0,1,0.033642,1,0.011214,1,122.187842229273,1,4.85042154620803,780,1,7.31099987030029,34.8979988098145,0.0336420014500618,0,117.825897216797,-85.7994,25.0194,53.6456277628076,63,63,63,63,61,63,0,8279,1.45687144005964,25,-86,0.001869,51,2025-03-15 01:36:51.000159,780,1.037,0.0011,"aoml_navis",1030.83823794839
"7901009",64,0,1,0.026166,1,0.003738,1,122.594360309656,1,4.85035058180302,782,1,7.26300001144409,34.8959999084473,0.0261659994721413,0,118.217903137207,-85.7994,25.0194,53.6456277628076,63,63,63,63,61,63,0,8279,1.45687144005964,25,-86,0.001869,51,2025-03-15 01:36:51.000159,782,1.037,0.0011,"aoml_navis",1030.85331991432
"7901009",64,0,1,0.033642,1,0.011214,1,122.791808105807,1,4.85028940310406,784,1,7.22800016403198,34.8940010070801,0.0336420014500618,0,118.408302307129,-85.7994,25.0194,53.6456277628076,63,63,63,63,61,63,0,8279,1.45687144005964,25,-86,0.001869,51,2025-03-15 01:36:51.000159,784,1.037,0.0011,"aoml_navis",1030.86632249204
"7901009",64,0,1,0.031773,1,0.009345,1,122.864810622841,1,4.8502410259766,786,1,7.21999979019165,34.8940010070801,0.0317730009555817,0,118.478698730469,-85.7994,25.0194,53.6456277628076,63,63,63,63,61,63,0,8279,1.45687144005964,25,-86,0.001869,51,2025-03-15 01:36:51.000159,786,1.037,0.0011,"aoml_navis",1030.87660452776
"7901009",64,0,1,0.031773,1,0.009345,1,122.975465570628,1,4.85020079974678,788,1,7.21799993515015,34.8930015563965,0.0317730009555817,0,118.585403442383,-85.7994,25.0194,53.6456277628076,63,63,63,63,61,63,0,8279,1.45687144005964,25,-86,0.001869,51,2025-03-15 01:36:51.000159,788,1.037,0.0011,"aoml_navis",1030.88515433444
"7901009",64,0,1,0.026166,1,0.003738,1,123.136305298467,1,4.85015168196579,790,1,7.20900011062622,34.8930015563965,0.0261659994721413,0,118.740501403809,-85.7994,25.0194,53.6456277628076,63,63,63,63,61,63,0,8279,1.45687144005964,25,-86,0.001869,51,2025-03-15 01:36:51.000159,790,1.037,0.0011,"aoml_navis",1030.89559417108
"7901009",64,0,1,0.029904,1,0.007476,1,123.303577349526,1,4.8501047677726,792,1,7.19799995422363,34.8919982910156,0.0299040004611015,0,118.901802062988,-85.7994,25.0194,53.6456277628076,63,63,63,63,61,63,0,8279,1.45687144005964,25,-86,0.001869,51,2025-03-15 01:36:51.000159,792,1.037,0.0011,"aoml_navis",1030.9055658392
"7901009",64,0,1,0.029904,1,0.007476,1,123.486087598028,1,4.85006007747794,794,1,7.19000005722046,34.890998840332,0.0299040004611015,0,119.077796936035,-85.7994,25.0194,53.6456277628076,63,63,63,63,61,63,0,8279,1.45687144005964,25,-86,0.001869,51,2025-03-15 01:36:51.000159,794,1.037,0.0011,"aoml_navis",1030.91506499442
"7901009",64,0,1,0.033642,1,0.011214,1,123.683226832549,1,4.85001464550447,796,1,7.18100023269653,34.8899993896484,0.0336420014500618,0,119.26789855957,-85.7994,25.0194,53.6456277628076,63,63,63,63,61,63,0,8279,1.45687144005964,25,-86,0.001869,51,2025-03-15 01:36:51.000159,796,1.037,0.0011,"aoml_navis",1030.92472197678
"7901009",64,0,1,0.029904,1,0.007476,1,124.007192809028,1,4.84996405218613,798,1,7.17000007629395,34.8899993896484,0.0299040004611015,0,119.580299377441,-85.7994,25.0194,53.6456277628076,63,63,63,63,61,63,0,8279,1.45687144005964,25,-86,0.001869,51,2025-03-15 01:36:51.000159,798,1.037,0.0011,"aoml_navis",1030.93547626322
"7901009",64,0,1,0.029904,1,0.007476,1,124.435587117827,1,4.84989040233748,800,1,7.1230001449585,34.8889999389648,0.0299040004611015,0,119.99340057373,-85.7994,25.0194,53.6456277628076,63,63,63,63,61,63,0,8279,1.45687144005964,25,-86,0.001869,51,2025-03-15 01:36:51.000159,800,1.037,0.0011,"aoml_navis",1030.95113192458
"7901009",64,0,1,0.028035,1,0.005607,1,124.650353924468,1,4.84983162360811,802,1,7.09100008010864,34.8870010375977,0.0280349999666214,0,120.200500488281,-85.7994,25.0194,53.6456277628076,63,63,63,63,61,63,0,8279,1.45687144005964,25,-86,0.001869,51,2025-03-15 01:36:51.000159,802,1.037,0.0011,"aoml_navis",1030.96362679085
"7901009",64,0,1,0.028035,1,0.005607,1,124.789625985522,1,4.84978032323205,804,1,7.0789999961853,34.8870010375977,0.0280349999666214,0,120.334800720215,-85.7994,25.0194,53.6456277628076,63,63,63,63,61,63,0,8279,1.45687144005964,25,-86,0.001869,51,2025-03-15 01:36:51.000159,804,1.037,0.0011,"aoml_navis",1030.97453219651
"7901009",64,0,1,0.035511,1,0.013083,1,124.997651907312,1,4.84972459100546,806,1,7.06099987030029,34.8870010375977,0.0355109982192516,0,120.535400390625,-85.7994,25.0194,53.6456277628076,63,63,63,63,61,63,0,8279,1.45687144005964,25,-86,0.001869,51,2025-03-15 01:36:51.000159,806,1.037,0.0011,"aoml_navis",1030.98637998398
"7901009",64,0,1,0.029904,1,0.007476,1,125.182037261107,1,4.84967476353243,808,1,7.0460000038147,34.8860015869141,0.0299040004611015,0,120.713203430176,-85.7994,25.0194,53.6456277628076,63,63,63,63,61,63,0,8279,1.45687144005964,25,-86,0.001869,51,2025-03-15 01:36:51.000159,808,1.037,0.0011,"aoml_navis",1030.99697274505
"7901009",64,0,1,0.026166,1,0.003738,1,125.361129596164,1,4.84962717279244,810,1,7.03399991989136,34.8849983215332,0.0261659994721413,0,120.885902404785,-85.7994,25.0194,53.6456277628076,63,63,63,63,61,63,0,8279,1.45687144005964,25,-86,0.001869,51,2025-03-15 01:36:51.000159,810,1.037,0.0011,"aoml_navis",1031.00709020503
"7901009",64,0,1,0.031773,1,0.009345,1,125.544162025887,1,4.8495744205924,812,1,7.01999998092651,34.8849983215332,0.0317730009555817,0,121.062400817871,-85.7994,25.0194,53.6456277628076,63,63,63,63,61,63,0,8279,1.45687144005964,25,-86,0.001869,51,2025-03-15 01:36:51.000159,812,1.037,0.0011,"aoml_navis",1031.01830518754
"7901009",64,0,1,0.031773,1,0.009345,1,125.749695719123,1,4.8495283020493,814,1,7.01000022888184,34.8839988708496,0.0317730009555817,0,121.260597229004,-85.7994,25.0194,53.6456277628076,63,63,63,63,61,63,0,8279,1.45687144005964,25,-86,0.001869,51,2025-03-15 01:36:51.000159,814,1.037,0.0011,"aoml_navis",1031.02811007147
"7901009",64,0,1,0.028035,1,0.005607,1,126.111511922273,1,4.84947776409947,816,1,6.99399995803833,34.882999420166,0.0280349999666214,0,121.609497070312,-85.7994,25.0194,53.6456277628076,63,63,63,63,61,63,0,8279,1.45687144005964,25,-86,0.001869,51,2025-03-15 01:36:51.000159,816,1.037,0.0011,"aoml_navis",1031.03885474325
"7901009",64,0,1,0.028035,1,0.005607,1,126.624942651694,1,4.84940884189611,818,1,6.95300006866455,34.8819999694824,0.0280349999666214,0,122.104598999023,-85.7994,25.0194,53.6456277628076,63,63,63,63,61,63,0,8279,1.45687144005964,25,-86,0.001869,51,2025-03-15 01:36:51.000159,818,1.037,0.0011,"aoml_navis",1031.05350837877
"7901009",64,0,1,0.031773,1,0.009345,1,127.09098147941,1,4.84934732492634,820,1,6.92199993133545,34.8810005187988,0.0317730009555817,0,122.554000854492,-85.7994,25.0194,53.6456277628076,63,63,63,63,61,63,0,8279,1.45687144005964,25,-86,0.001869,51,2025-03-15 01:36:51.000159,820,1.037,0.0011,"aoml_navis",1031.06658793015
"7901009",64,0,1,0.029904,1,0.007476,1,127.515222073954,1,4.84928657899845,822,1,6.89200019836426,34.8800010681152,0.0299040004611015,0,122.963096618652,-85.7994,25.0194,53.6456277628076,63,63,63,63,61,63,0,8279,1.45687144005964,25,-86,0.001869,51,2025-03-15 01:36:51.000159,822,1.037,0.0011,"aoml_navis",1031.07950387058
"7901009",64,0,1,0.031773,1,0.009345,1,127.896643808393,1,4.84922733079428,824,1,6.86399984359741,34.8790016174316,0.0317730009555817,0,123.330902099609,-85.7994,25.0194,53.6456277628076,63,63,63,63,61,63,0,8279,1.45687144005964,25,-86,0.001869,51,2025-03-15 01:36:51.000159,824,1.037,0.0011,"aoml_navis",1031.09210167324
"7901009",64,0,1,0.031773,1,0.009345,1,128.226725634624,1,4.84916808731436,826,1,6.84100008010864,34.8790016174316,0.0317730009555817,0,123.649200439453,-85.7994,25.0194,53.6456277628076,63,63,63,63,61,63,0,8279,1.45687144005964,25,-86,0.001869,51,2025-03-15 01:36:51.000159,826,1.037,0.0011,"aoml_navis",1031.1046987792
"7901009",64,0,1,0.029904,1,0.007476,1,128.540010631587,1,4.84910745025653,828,1,6.81099987030029,34.8779983520508,0.0299040004611015,0,123.951301574707,-85.7994,25.0194,53.6456277628076,63,63,63,63,61,63,0,8279,1.45687144005964,25,-86,0.001869,51,2025-03-15 01:36:51.000159,828,1.037,0.0011,"aoml_navis",1031.11759252427
"7901009",64,0,1,0.026166,1,0.003738,1,128.736319123256,1,4.84905553678028,830,1,6.7979998588562,34.8779983520508,0.0261659994721413,0,124.140602111816,-85.7994,25.0194,53.6456277628076,63,63,63,63,61,63,0,8279,1.45687144005964,25,-86,0.001869,51,2025-03-15 01:36:51.000159,830,1.037,0.0011,"aoml_navis",1031.12863156027
"7901009",64,0,1,0.029904,1,0.007476,1,129.046700476158,1,4.8490043573857,832,1,6.78599977493286,34.8779983520508,0.0299040004611015,0,124.439903259277,-85.7994,25.0194,53.6456277628076,63,63,63,63,61,63,0,8279,1.45687144005964,25,-86,0.001869,51,2025-03-15 01:36:51.000159,832,1.037,0.0011,"aoml_navis",1031.13951473034
"7901009",64,0,1,0.029904,1,0.007476,1,129.455386399791,1,4.84894663463725,834,1,6.7649998664856,34.8779983520508,0.0299040004611015,0,124.833999633789,-85.7994,25.0194,53.6456277628076,63,63,63,63,61,63,0,8279,1.45687144005964,25,-86,0.001869,51,2025-03-15 01:36:51.000159,834,1.037,0.0011,"aoml_navis",1031.1517896039
"7901009",64,0,1,0.028035,1,0.005607,1,130.00469730855,1,4.84888752146067,836,1,6.73699998855591,34.8769989013672,0.0280349999666214,0,125.363700866699,-85.7994,25.0194,53.6456277628076,63,63,63,63,61,63,0,8279,1.45687144005964,25,-86,0.001869,51,2025-03-15 01:36:51.000159,836,1.037,0.0011,"aoml_navis",1031.16436045805
"7901009",64,0,1,0.028035,1,0.005607,1,130.364124137022,1,4.84882408980748,838,1,6.70300006866455,34.8759994506836,0.0280349999666214,0,125.710296630859,-85.7994,25.0194,53.6456277628076,63,63,63,63,61,63,0,8279,1.45687144005964,25,-86,0.001869,51,2025-03-15 01:36:51.000159,838,1.037,0.0011,"aoml_navis",1031.1778500091
"7901009",64,0,1,0.028035,1,0.005607,1,130.551104573248,1,4.84876715660724,840,1,6.68300008773804,34.8759994506836,0.0280349999666214,0,125.890602111816,-85.7994,25.0194,53.6456277628076,63,63,63,63,61,63,0,8279,1.45687144005964,25,-86,0.001869,51,2025-03-15 01:36:51.000159,840,1.037,0.0011,"aoml_navis",1031.1899578817
"7901009",64,0,1,0.029904,1,0.007476,1,130.795010674376,1,4.84871891914326,842,1,6.67500019073486,34.8759994506836,0.0299040004611015,0,126.125801086426,-85.7994,25.0194,53.6456277628076,63,63,63,63,61,63,0,8279,1.45687144005964,25,-86,0.001869,51,2025-03-15 01:36:51.000159,842,1.037,0.0011,"aoml_navis",1031.20021667156
"7901009",64,0,1,0.028035,1,0.005607,1,131.215833355474,1,4.84866562061787,844,1,6.65999984741211,34.8759994506836,0.0280349999666214,0,126.531600952148,-85.7994,25.0194,53.6456277628076,63,63,63,63,61,63,0,8279,1.45687144005964,25,-86,0.001869,51,2025-03-15 01:36:51.000159,844,1.037,0.0011,"aoml_navis",1031.21155204818
"7901009",64,0,1,0.028035,1,0.005607,1,131.590822766693,1,4.84860589689176,846,1,6.63100004196167,34.875,0.0280349999666214,0,126.893203735352,-85.7994,25.0194,53.6456277628076,63,63,63,63,61,63,0,8279,1.45687144005964,25,-86,0.001869,51,2025-03-15 01:36:51.000159,846,1.037,0.0011,"aoml_navis",1031.22425421404
"7901009",64,0,1,0.028035,1,0.005607,1,131.877761347516,1,4.84855406495231,848,1,6.61800003051758,34.875,0.0280349999666214,0,127.169898986816,-85.7994,25.0194,53.6456277628076,63,63,63,63,61,63,0,8279,1.45687144005964,25,-86,0.001869,51,2025-03-15 01:36:51.000159,848,1.037,0.0011,"aoml_navis",1031.23527819199
"7901009",64,0,1,0.028035,1,0.005607,1,131.98001392475,1,4.84850231277227,850,1,6.59999990463257,34.8740005493164,0.0280349999666214,0,127.268501281738,-85.7994,25.0194,53.6456277628076,63,63,63,63,61,63,0,8279,1.45687144005964,25,-86,0.001869,51,2025-03-15 01:36:51.000159,850,1.037,0.0011,"aoml_navis",1031.24628544131
"7901009",64,0,1,0.031773,1,0.009345,1,131.994634998932,1,4.84845770072643,852,1,6.59700012207031,34.8740005493164,0.0317730009555817,0,127.282600402832,-85.7994,25.0194,53.6456277628076,63,63,63,63,61,63,0,8279,1.45687144005964,25,-86,0.001869,51,2025-03-15 01:36:51.000159,852,1.037,0.0011,"aoml_navis",1031.25577423329
"7901009",64,0,1,0.035511,1,0.013083,1,132.004690943351,1,4.84841453221816,854,1,6.59600019454956,34.8740005493164,0.0355109982192516,0,127.292297363281,-85.7994,25.0194,53.6456277628076,63,63,63,63,61,63,0,8279,1.45687144005964,25,-86,0.001869,51,2025-03-15 01:36:51.000159,854,1.037,0.0011,"aoml_navis",1031.26495615722
"7901009",64,0,1,0.033642,1,0.011214,1,132.127791210233,1,4.84836920266563,856,1,6.59200000762939,34.8740005493164,0.0336420014500618,0,127.411003112793,-85.7994,25.0194,53.6456277628076,63,63,63,63,61,63,0,8279,1.45687144005964,25,-86,0.001869,51,2025-03-15 01:36:51.000159,856,1.037,0.0011,"aoml_navis",1031.27459791037
"7901009",64,0,1,0.029904,1,0.007476,1,132.303354866131,1,4.84831810905255,858,1,6.57999992370605,34.8740005493164,0.0299040004611015,0,127.580299377441,-85.7994,25.0194,53.6456277628076,63,63,63,63,61,63,0,8279,1.45687144005964,25,-86,0.001869,51,2025-03-15 01:36:51.000159,858,1.037,0.0011,"aoml_navis",1031.28546591533
"7901009",64,0,1,0.029904,1,0.007476,1,132.499869065554,1,4.84826702049495,860,1,6.56799983978271,34.8740005493164,0.0299040004611015,0,127.769798278809,-85.7994,25.0194,53.6456277628076,63,63,63,63,61,63,0,8279,1.45687144005964,25,-86,0.001869,51,2025-03-15 01:36:51.000159,860,1.037,0.0011,"aoml_navis",1031.29633307399
"7901009",64,0,1,0.029904,1,0.007476,1,132.672639843105,1,4.84821377813318,862,1,6.55299997329712,34.8740005493164,0.0299040004611015,0,127.936401367188,-85.7994,25.0194,53.6456277628076,63,63,63,63,61,63,0,8279,1.45687144005964,25,-86,0.001869,51,2025-03-15 01:36:51.000159,862,1.037,0.0011,"aoml_navis",1031.30765861675
"7901009",64,0,1,0.026166,1,0.003738,1,132.806318235627,1,4.84816270088287,864,1,6.54099988937378,34.8740005493164,0.0261659994721413,0,128.065307617188,-85.7994,25.0194,53.6456277628076,63,63,63,63,61,63,0,8279,1.45687144005964,25,-86,0.001869,51,2025-03-15 01:36:51.000159,864,1.037,0.0011,"aoml_navis",1031.3185238378
"7901009",64,0,1,0.029904,1,0.007476,1,132.865419655616,1,4.84811226434588,866,1,6.53499984741211,34.875,0.0299040004611015,0,128.122299194336,-85.7994,25.0194,53.6456277628076,63,63,63,63,61,63,0,8279,1.45687144005964,25,-86,0.001869,51,2025-03-15 01:36:51.000159,866,1.037,0.0011,"aoml_navis",1031.3292529901
"7901009",64,0,1,0.028035,1,0.005607,1,133.054370139174,1,4.84806910362841,868,1,6.53399991989136,34.875,0.0280349999666214,0,128.304504394531,-85.7994,25.0194,53.6456277628076,63,63,63,63,61,63,0,8279,1.45687144005964,25,-86,0.001869,51,2025-03-15 01:36:51.000159,868,1.037,0.0011,"aoml_navis",1031.33843456519
"7901009",64,0,1,0.031773,1,0.009345,1,133.297548351328,1,4.84802962290894,870,1,6.53299999237061,34.8740005493164,0.0317730009555817,0,128.539001464844,-85.7994,25.0194,53.6456277628076,63,63,63,63,61,63,0,8279,1.45687144005964,25,-86,0.001869,51,2025-03-15 01:36:51.000159,870,1.037,0.0011,"aoml_navis",1031.34683343784
"7901009",64,0,1,0.028035,1,0.005607,1,133.760992096614,1,4.84797280451403,872,1,6.51300001144409,34.8740005493164,0.0280349999666214,0,128.985900878906,-85.7994,25.0194,53.6456277628076,63,63,63,63,61,63,0,8279,1.45687144005964,25,-86,0.001869,51,2025-03-15 01:36:51.000159,872,1.037,0.0011,"aoml_navis",1031.35892085542
"7901009",64,0,1,0.028035,1,0.005607,1,134.301797780943,1,4.84791896094476,874,1,6.49200010299683,34.8730010986328,0.0280349999666214,0,129.507400512695,-85.7994,25.0194,53.6456277628076,63,63,63,63,61,63,0,8279,1.45687144005964,25,-86,0.001869,51,2025-03-15 01:36:51.000159,874,1.037,0.0011,"aoml_navis",1031.37037567674
"7901009",64,0,1,0.031773,1,0.009345,1,134.937181560929,1,4.84785858844253,876,1,6.46700000762939,34.8730010986328,0.0317730009555817,0,130.120101928711,-85.7994,25.0194,53.6456277628076,63,63,63,63,61,63,0,8279,1.45687144005964,25,-86,0.001869,51,2025-03-15 01:36:51.000159,876,1.037,0.0011,"aoml_navis",1031.38321978289
"7901009",64,0,1,0.031773,1,0.009345,1,135.604196863955,1,4.84777525665126,878,1,6.41499996185303,34.8740005493164,0.0317730009555817,0,130.763305664062,-85.7994,25.0194,53.6456277628076,63,63,63,63,61,63,0,8279,1.45687144005964,25,-86,0.001869,51,2025-03-15 01:36:51.000159,878,1.037,0.0011,"aoml_navis",1031.40094894867
"7901009",64,0,1,0.035511,1,0.013083,1,135.952729093321,1,4.84771863819651,880,1,6.3899998664856,34.8730010986328,0.0355109982192516,0,131.099395751953,-85.7994,25.0194,53.6456277628076,63,63,63,63,61,63,0,8279,1.45687144005964,25,-86,0.001869,51,2025-03-15 01:36:51.000159,880,1.037,0.0011,"aoml_navis",1031.41299509498
"7901009",64,0,1,0.029904,1,0.007476,1,136.297431993734,1,4.84766620279886,882,1,6.37599992752075,34.8730010986328,0.0299040004611015,0,131.431793212891,-85.7994,25.0194,53.6456277628076,63,63,63,63,61,63,0,8279,1.45687144005964,25,-86,0.001869,51,2025-03-15 01:36:51.000159,882,1.037,0.0011,"aoml_navis",1031.42415150474
"7901009",64,0,1,0.031773,1,0.009345,1,136.586451387604,1,4.84761092536514,884,1,6.35799980163574,34.8730010986328,0.0317730009555817,0,131.710494995117,-85.7994,25.0194,53.6456277628076,63,63,63,63,61,63,0,8279,1.45687144005964,25,-86,0.001869,51,2025-03-15 01:36:51.000159,884,1.037,0.0011,"aoml_navis",1031.43591286122
"7901009",64,0,1,0.031773,1,0.009345,1,136.874125769238,1,4.84755850563736,886,1,6.3439998626709,34.8730010986328,0.0317730009555817,0,131.987899780273,-85.7994,25.0194,53.6456277628076,63,63,63,63,61,63,0,8279,1.45687144005964,25,-86,0.001869,51,2025-03-15 01:36:51.000159,886,1.037,0.0011,"aoml_navis",1031.44706643259
"7901009",64,0,1,0.029904,1,0.007476,1,137.085261042843,1,4.84750253783431,888,1,6.32499980926514,34.8730010986328,0.0299040004611015,0,132.191497802734,-85.7994,25.0194,53.6456277628076,63,63,63,63,61,63,0,8279,1.45687144005964,25,-86,0.001869,51,2025-03-15 01:36:51.000159,888,1.037,0.0011,"aoml_navis",1031.45897520949
"7901009",64,0,1,0.026166,1,0.003738,1,137.288832600583,1,4.8474536866877,890,1,6.31599998474121,34.8730010986328,0.0261659994721413,0,132.387802124023,-85.7994,25.0194,53.6456277628076,63,63,63,63,61,63,0,8279,1.45687144005964,25,-86,0.001869,51,2025-03-15 01:36:51.000159,890,1.037,0.0011,"aoml_navis",1031.46936993565
"7901009",64,0,1,0.029904,1,0.007476,1,137.446657918648,1,4.84740910156593,892,1,6.31300020217896,34.8730010986328,0.0299040004611015,0,132.539993286133,-85.7994,25.0194,53.6456277628076,63,63,63,63,61,63,0,8279,1.45687144005964,25,-86,0.001869,51,2025-03-15 01:36:51.000159,892,1.037,0.0011,"aoml_navis",1031.47885710426
"7901009",64,0,1,0.026166,1,0.003738,1,137.590400167425,1,4.84736025472322,894,1,6.30399990081787,34.8730010986328,0.0261659994721413,0,132.678604125977,-85.7994,25.0194,53.6456277628076,63,63,63,63,61,63,0,8279,1.45687144005964,25,-86,0.001869,51,2025-03-15 01:36:51.000159,894,1.037,0.0011,"aoml_navis",1031.4892513153
"7901009",64,0,1,0.028035,1,0.005607,1,137.935830956813,1,4.84731283155124,896,1,6.29699993133545,34.8730010986328,0.0280349999666214,0,133.011703491211,-85.7994,25.0194,53.6456277628076,63,63,63,63,61,63,0,8279,1.45687144005964,25,-86,0.001869,51,2025-03-15 01:36:51.000159,896,1.037,0.0011,"aoml_navis",1031.4993427812
"7901009",64,0,1,0.029904,1,0.007476,1,138.234486967757,1,4.84726115105242,898,1,6.28399991989136,34.8730010986328,0.0299040004611015,0,133.299697875977,-85.7994,25.0194,53.6456277628076,63,63,63,63,61,63,0,8279,1.45687144005964,25,-86,0.001869,51,2025-03-15 01:36:51.000159,898,1.037,0.0011,"aoml_navis",1031.51034041449
"7901009",64,0,1,0.029904,1,0.007476,1,138.596406024783,1,4.8472108950893,900,1,6.27299976348877,34.8730010986328,0.0299040004611015,0,133.648696899414,-85.7994,25.0194,53.6456277628076,63,63,63,63,61,63,0,8279,1.45687144005964,25,-86,0.001869,51,2025-03-15 01:36:51.000159,900,1.037,0.0011,"aoml_navis",1031.52103513084
"7901009",64,0,1,0.033642,1,0.011214,1,139.065767823904,1,4.84715780769489,902,1,6.25799989700317,34.8730010986328,0.0336420014500618,0,134.101303100586,-85.7994,25.0194,53.6456277628076,63,63,63,63,61,63,0,8279,1.45687144005964,25,-86,0.001869,51,2025-03-15 01:36:51.000159,902,1.037,0.0011,"aoml_navis",1031.53233263057
"7901009",64,0,1,0.029904,1,0.007476,1,139.491772758027,1,4.84709198609303,904,1,6.22499990463257,34.8730010986328,0.0299040004611015,0,134.512100219727,-85.7994,25.0194,53.6456277628076,63,63,63,63,61,63,0,8279,1.45687144005964,25,-86,0.001869,51,2025-03-15 01:36:51.000159,904,1.037,0.0011,"aoml_navis",1031.54634043375
"7901009",64,0,1,0.029904,1,0.007476,1,139.680612475872,1,4.84703821748771,906,1,6.20900011062622,34.8730010986328,0.0299040004611015,0,134.694198608398,-85.7994,25.0194,53.6456277628076,63,63,63,63,61,63,0,8279,1.45687144005964,25,-86,0.001869,51,2025-03-15 01:36:51.000159,906,1.037,0.0011,"aoml_navis",1031.55778346464
"7901009",64,0,1,0.031773,1,0.009345,1,139.897254387805,1,4.846997321557,908,1,6.20599985122681,34.8720016479492,0.0317730009555817,0,134.903106689453,-85.7994,25.0194,53.6456277628076,63,63,63,63,61,63,0,8279,1.45687144005964,25,-86,0.001869,51,2025-03-15 01:36:51.000159,908,1.037,0.0011,"aoml_navis",1031.56648710378
"7901009",64,0,1,0.028035,1,0.005607,1,140.163962402241,1,4.84694553649322,910,1,6.19799995422363,34.8730010986328,0.0280349999666214,0,135.160293579102,-85.7994,25.0194,53.6456277628076,63,63,63,63,61,63,0,8279,1.45687144005964,25,-86,0.001869,51,2025-03-15 01:36:51.000159,910,1.037,0.0011,"aoml_navis",1031.57750842348
"7901009",64,0,1,0.028035,1,0.005607,1,140.445101606779,1,4.84689616699468,912,1,6.18300008773804,34.8720016479492,0.0280349999666214,0,135.431396484375,-85.7994,25.0194,53.6456277628076,63,63,63,63,61,63,0,8279,1.45687144005964,25,-86,0.001869,51,2025-03-15 01:36:51.000159,912,1.037,0.0011,"aoml_navis",1031.58801586217
"7901009",64,0,1,0.028035,1,0.005607,1,140.628244802215,1,4.84683592084925,914,1,6.16300010681152,34.8730010986328,0.0280349999666214,0,135.608001708984,-85.7994,25.0194,53.6456277628076,63,63,63,63,61,63,0,8279,1.45687144005964,25,-86,0.001869,51,2025-03-15 01:36:51.000159,914,1.037,0.0011,"aoml_navis",1031.60083849587
"7901009",64,0,1,0.029904,1,0.007476,1,140.74874207483,1,4.84679064680911,916,1,6.15899991989136,34.8730010986328,0.0299040004611015,0,135.724197387695,-85.7994,25.0194,53.6456277628076,63,63,63,63,61,63,0,8279,1.45687144005964,25,-86,0.001869,51,2025-03-15 01:36:51.000159,916,1.037,0.0011,"aoml_navis",1031.61047471521
"7901009",64,0,1,0.029904,1,0.007476,1,140.941221237547,1,4.84674678555449,918,1,6.15700006484985,34.8730010986328,0.0299040004611015,0,135.909805297852,-85.7994,25.0194,53.6456277628076,63,63,63,63,61,63,0,8279,1.45687144005964,25,-86,0.001869,51,2025-03-15 01:36:51.000159,918,1.037,0.0011,"aoml_navis",1031.61981040608
"7901009",64,0,1,0.028035,1,0.005607,1,141.22794619878,1,4.84670448804451,920,1,6.15199995040894,34.8720016479492,0.0280349999666214,0,136.186294555664,-85.7994,25.0194,53.6456277628076,63,63,63,63,61,63,0,8279,1.45687144005964,25,-86,0.001869,51,2025-03-15 01:36:51.000159,920,1.037,0.0011,"aoml_navis",1031.62881342026
"7901009",64,0,1,0.026166,1,0.003738,1,141.611654454019,1,4.84664285250652,922,1,6.13000011444092,34.8730010986328,0.0261659994721413,0,136.556304931641,-85.7994,25.0194,53.6456277628076,63,63,63,63,61,63,0,8279,1.45687144005964,25,-86,0.001869,51,2025-03-15 01:36:51.000159,922,1.037,0.0011,"aoml_navis",1031.64193281008
"7901009",64,0,1,0.031773,1,0.009345,1,141.797171200459,1,4.84658772781314,924,1,6.11199998855591,34.8730010986328,0.0317730009555817,0,136.735198974609,-85.7994,25.0194,53.6456277628076,63,63,63,63,61,63,0,8279,1.45687144005964,25,-86,0.001869,51,2025-03-15 01:36:51.000159,924,1.037,0.0011,"aoml_navis",1031.65366662125
"7901009",64,0,1,0.031773,1,0.009345,1,142.022405367025,1,4.84654035184296,926,1,6.10500001907349,34.8730010986328,0.0317730009555817,0,136.952392578125,-85.7994,25.0194,53.6456277628076,63,63,63,63,61,63,0,8279,1.45687144005964,25,-86,0.001869,51,2025-03-15 01:36:51.000159,926,1.037,0.0011,"aoml_navis",1031.66375125685
"7901009",64,0,1,0.029904,1,0.007476,1,142.321805090617,1,4.84648648606616,928,1,6.0939998626709,34.8740005493164,0.0299040004611015,0,137.241104125977,-85.7994,25.0194,53.6456277628076,63,63,63,63,61,63,0,8279,1.45687144005964,25,-86,0.001869,51,2025-03-15 01:36:51.000159,928,1.037,0.0011,"aoml_navis",1031.67521757776
"7901009",64,0,1,0.031773,1,0.009345,1,142.702902439752,1,4.84644138752579,930,1,6.08500003814697,34.8730010986328,0.0317730009555817,0,137.608596801758,-85.7994,25.0194,53.6456277628076,63,63,63,63,61,63,0,8279,1.45687144005964,25,-86,0.001869,51,2025-03-15 01:36:51.000159,930,1.037,0.0011,"aoml_navis",1031.68481782725
"7901009",64,0,1,0.028035,1,0.005607,1,143.109618316052,1,4.84637488937927,932,1,6.05600023269653,34.8740005493164,0.0280349999666214,0,138.000793457031,-85.7994,25.0194,53.6456277628076,63,63,63,63,61,63,0,8279,1.45687144005964,25,-86,0.001869,51,2025-03-15 01:36:51.000159,932,1.037,0.0011,"aoml_navis",1031.69897379532
"7901009",64,0,1,0.029904,1,0.007476,1,143.320041524356,1,4.84631402958295,934,1,6.03499984741211,34.875,0.0299040004611015,0,138.203704833984,-85.7994,25.0194,53.6456277628076,63,63,63,63,61,63,0,8279,1.45687144005964,25,-86,0.001869,51,2025-03-15 01:36:51.000159,934,1.037,0.0011,"aoml_navis",1031.71192982521
"7901009",64,0,1,0.031773,1,0.009345,1,143.505874744263,1,4.8462687742525,936,1,6.0310001373291,34.875,0.0317730009555817,0,138.382904052734,-85.7994,25.0194,53.6456277628076,63,63,63,63,61,63,0,8279,1.45687144005964,25,-86,0.001869,51,2025-03-15 01:36:51.000159,936,1.037,0.0011,"aoml_navis",1031.72156413698
"7901009",64,0,1,0.029904,1,0.007476,1,143.792916178963,1,4.84622422129983,938,1,6.02799987792969,34.875,0.0299040004611015,0,138.659698486328,-85.7994,25.0194,53.6456277628076,63,63,63,63,61,63,0,8279,1.45687144005964,25,-86,0.001869,51,2025-03-15 01:36:51.000159,938,1.037,0.0011,"aoml_navis",1031.7310490968
"7901009",64,0,1,0.028035,1,0.005607,1,144.110149182428,1,4.84617196175639,940,1,6.01399993896484,34.875,0.0280349999666214,0,138.965606689453,-85.7994,25.0194,53.6456277628076,63,63,63,63,61,63,0,8279,1.45687144005964,25,-86,0.001869,51,2025-03-15 01:36:51.000159,940,1.037,0.0011,"aoml_navis",1031.74217494912
"7901009",64,0,1,0.029904,1,0.007476,1,144.384531678442,1,4.84612110904172,942,1,6.0019998550415,34.875,0.0299040004611015,0,139.230194091797,-85.7994,25.0194,53.6456277628076,63,63,63,63,61,63,0,8279,1.45687144005964,25,-86,0.001869,51,2025-03-15 01:36:51.000159,942,1.037,0.0011,"aoml_navis",1031.75300152346
"7901009",64,0,1,0.029904,1,0.007476,1,144.591315441874,1,4.84606956169446,944,1,5.98899984359741,34.875,0.0299040004611015,0,139.429595947266,-85.7994,25.0194,53.6456277628076,63,63,63,63,61,63,0,8279,1.45687144005964,25,-86,0.001869,51,2025-03-15 01:36:51.000159,944,1.037,0.0011,"aoml_navis",1031.7639762174
"7901009",64,0,1,0.028035,1,0.005607,1,144.888120083035,1,4.84601434181726,946,1,5.97599983215332,34.8759994506836,0.0280349999666214,0,139.715805053711,-85.7994,25.0194,53.6456277628076,63,63,63,63,61,63,0,8279,1.45687144005964,25,-86,0.001869,51,2025-03-15 01:36:51.000159,946,1.037,0.0011,"aoml_navis",1031.77573307078
"7901009",64,0,1,0.033642,1,0.011214,1,145.1692434639,1,4.84596280617483,948,1,5.96299982070923,34.8759994506836,0.0336420014500618,0,139.986892700195,-85.7994,25.0194,53.6456277628076,63,63,63,63,61,63,0,8279,1.45687144005964,25,-86,0.001869,51,2025-03-15 01:36:51.000159,948,1.037,0.0011,"aoml_navis",1031.78670575616
"7901009",64,0,1,0.035511,1,0.013083,1,145.469371076466,1,4.84590778562291,950,1,5.94500017166138,34.8759994506836,0.0355109982192516,0,140.276306152344,-85.7994,25.0194,53.6456277628076,63,63,63,63,61,63,0,8279,1.45687144005964,25,-86,0.001869,51,2025-03-15 01:36:51.000159,950,1.037,0.0011,"aoml_navis",1031.79842068688
"7901009",64,0,1,0.029904,1,0.007476,1,145.71307146984,1,4.84585049261943,952,1,5.92899990081787,34.8769989013672,0.0299040004611015,0,140.511306762695,-85.7994,25.0194,53.6456277628076,63,63,63,63,61,63,0,8279,1.45687144005964,25,-86,0.001869,51,2025-03-15 01:36:51.000159,952,1.037,0.0011,"aoml_navis",1031.81061974887
"7901009",64,0,1,0.031773,1,0.009345,1,145.855136409241,1,4.84580176681323,954,1,5.92000007629395,34.8769989013672,0.0317730009555817,0,140.648300170898,-85.7994,25.0194,53.6456277628076,63,63,63,63,61,63,0,8279,1.45687144005964,25,-86,0.001869,51,2025-03-15 01:36:51.000159,954,1.037,0.0011,"aoml_navis",1031.82099487495
"7901009",64,0,1,0.029904,1,0.007476,1,146.096352485898,1,4.84575513509024,956,1,5.91400003433228,34.8769989013672,0.0299040004611015,0,140.880905151367,-85.7994,25.0194,53.6456277628076,63,63,63,63,61,63,0,8279,1.45687144005964,25,-86,0.001869,51,2025-03-15 01:36:51.000159,956,1.037,0.0011,"aoml_navis",1031.83092430585
"7901009",64,0,1,0.031773,1,0.009345,1,146.313912170887,1,4.84570571747699,958,1,5.90399980545044,34.8769989013672,0.0317730009555817,0,141.090698242188,-85.7994,25.0194,53.6456277628076,63,63,63,63,61,63,0,8279,1.45687144005964,25,-86,0.001869,51,2025-03-15 01:36:51.000159,958,1.037,0.0011,"aoml_navis",1031.8414471532
"7901009",64,0,1,0.031773,1,0.009345,1,146.430785822303,1,4.84565630379134,960,1,5.89400005340576,34.8769989013672,0.0317730009555817,0,141.203399658203,-85.7994,25.0194,53.6456277628076,63,63,63,63,61,63,0,8279,1.45687144005964,25,-86,0.001869,51,2025-03-15 01:36:51.000159,960,1.037,0.0011,"aoml_navis",1031.85196937882
"7901009",64,0,1,0.028035,1,0.005607,1,146.522357420021,1,4.84560669704239,962,1,5.88899993896484,34.8779983520508,0.0280349999666214,0,141.291702270508,-85.7994,25.0194,53.6456277628076,63,63,63,63,61,63,0,8279,1.45687144005964,25,-86,0.001869,51,2025-03-15 01:36:51.000159,962,1.037,0.0011,"aoml_navis",1031.8625329315
"7901009",64,0,1,0.031773,1,0.009345,1,146.622537096046,1,4.84556077040295,964,1,5.88399982452393,34.8779983520508,0.0317730009555817,0,141.388305664062,-85.7994,25.0194,53.6456277628076,63,63,63,63,61,63,0,8279,1.45687144005964,25,-86,0.001869,51,2025-03-15 01:36:51.000159,964,1.037,0.0011,"aoml_navis",1031.87231301285
"7901009",64,0,1,0.028035,1,0.005607,1,146.718665911691,1,4.84551414927687,966,1,5.87799978256226,34.8779983520508,0.0280349999666214,0,141.481002807617,-85.7994,25.0194,53.6456277628076,63,63,63,63,61,63,0,8279,1.45687144005964,25,-86,0.001869,51,2025-03-15 01:36:51.000159,966,1.037,0.0011,"aoml_navis",1031.8822411748
"7901009",64,0,1,0.028035,1,0.005607,1,146.743762257635,1,4.84546961924156,968,1,5.875,34.8779983520508,0.0280349999666214,0,141.50520324707,-85.7994,25.0194,53.6456277628076,63,63,63,63,61,63,0,8279,1.45687144005964,25,-86,0.001869,51,2025-03-15 01:36:51.000159,968,1.037,0.0011,"aoml_navis",1031.89172420869
"7901009",64,0,1,0.031773,1,0.009345,1,146.864053822497,1,4.84542648387632,970,1,5.87400007247925,34.8779983520508,0.0317730009555817,0,141.621200561523,-85.7994,25.0194,53.6456277628076,63,63,63,63,61,63,0,8279,1.45687144005964,25,-86,0.001869,51,2025-03-15 01:36:51.000159,970,1.037,0.0011,"aoml_navis",1031.90091040243
"7901009",64,0,1,0.028035,1,0.005607,1,147.039411770641,1,4.84538265410574,972,1,5.87200021743774,34.8779983520508,0.0280349999666214,0,141.790298461914,-85.7994,25.0194,53.6456277628076,63,63,63,63,61,63,0,8279,1.45687144005964,25,-86,0.001869,51,2025-03-15 01:36:51.000159,972,1.037,0.0011,"aoml_navis",1031.91024464564
"7901009",64,0,1,0.031773,1,0.009345,1,147.311626423405,1,4.84533743271461,974,1,5.86800003051758,34.8779983520508,0.0317730009555817,0,142.052795410156,-85.7994,25.0194,53.6456277628076,63,63,63,63,61,63,0,8279,1.45687144005964,25,-86,0.001869,51,2025-03-15 01:36:51.000159,974,1.037,0.0011,"aoml_navis",1031.91987543347
"7901009",64,0,1,0.029904,1,0.007476,1,147.720209493162,1,4.84529380117439,976,1,5.86100006103516,34.8769989013672,0.0299040004611015,0,142.446792602539,-85.7994,25.0194,53.6456277628076,63,63,63,63,61,63,0,8279,1.45687144005964,25,-86,0.001869,51,2025-03-15 01:36:51.000159,976,1.037,0.0011,"aoml_navis",1031.92916780157
"7901009",64,0,1,0.028035,1,0.005607,1,148.27335764271,1,4.8452261192378,978,1,5.82999992370605,34.8779983520508,0.0280349999666214,0,142.980194091797,-85.7994,25.0194,53.6456277628076,63,63,63,63,61,63,0,8279,1.45687144005964,25,-86,0.001869,51,2025-03-15 01:36:51.000159,978,1.037,0.0011,"aoml_navis",1031.94358260137
"7901009",64,0,1,0.029904,1,0.007476,1,152.484290301836,1,4.84469046342058,999.5,1,5.72599983215332,34.8800010681152,0.0299040004611015,0,147.040802001953,-85.7994,25.0194,53.6456277628076,63,63,63,63,61,63,0,8279,1.45687144005964,25,-86,0.001869,51,2025-03-15 01:36:51.000159,999.5,1.037,0.0011,"aoml_navis",1032.05768000083
"7901009",64,0,1,0.029904,1,0.007476,1,159.17245067238,1,4.84344160351385,1048.90002441406,1,5.47669982910156,34.8880004882812,0.0299040004611015,0,153.490203857422,-85.7994,25.0194,53.6456277628076,63,63,63,63,61,63,0,8279,1.45687144005964,25,-86,0.001869,51,2025-03-15 01:36:51.000159,1048.90002441406,1.037,0.0011,"aoml_navis",1032.32379149004
"7901009",64,0,1,0.028035,1,0.005607,1,165.888508179053,1,4.84219679027817,1099.59997558594,1,5.25990009307861,34.8940010070801,0.0280349999666214,0,159.966506958008,-85.7994,25.0194,53.6456277628076,63,63,63,63,61,63,0,8279,1.45687144005964,25,-86,0.001869,51,2025-03-15 01:36:51.000159,1099.59997558594,1.037,0.0011,"aoml_navis",1032.58917730041
"7901009",64,0,1,0.026166,1,0.003738,1,172.901243737501,1,4.84095475298421,1149.30004882812,1,5.02400016784668,34.9020004272461,0.0261659994721413,0,166.728897094727,-85.7994,25.0194,53.6456277628076,63,63,63,63,61,63,0,8279,1.45687144005964,25,-86,0.001869,51,2025-03-15 01:36:51.000159,1149.30004882812,1.037,0.0011,"aoml_navis",1032.85410732619
"7901009",64,0,1,0.035511,1,0.013083,1,178.944067237518,1,4.83975130519611,1199.80004882812,1,4.8572998046875,34.9080009460449,0.0355109982192516,0,172.555999755859,-85.7994,25.0194,53.6456277628076,63,63,63,63,61,63,0,8279,1.45687144005964,25,-86,0.001869,51,2025-03-15 01:36:51.000159,1199.80004882812,1.037,0.0011,"aoml_navis",1033.11093581024
"7901009",64,0,1,0.028035,1,0.005607,1,183.963874431318,1,4.8385911519917,1249.30004882812,1,4.71630001068115,34.9129981994629,0.0280349999666214,0,177.396606445312,-85.7994,25.0194,53.6456277628076,63,63,63,63,61,63,0,8279,1.45687144005964,25,-86,0.001869,51,2025-03-15 01:36:51.000159,1249.30004882812,1.037,0.0011,"aoml_navis",1033.35864571692
"7901009",64,0,1,0.026166,1,0.003738,1,188.278705329708,1,4.83743331119327,1299.80004882812,1,4.60879993438721,34.9179992675781,0.0261659994721413,0,181.557403564453,-85.7994,25.0194,53.6456277628076,63,63,63,63,61,63,0,8279,1.45687144005964,25,-86,0.001869,51,2025-03-15 01:36:51.000159,1299.80004882812,1.037,0.0011,"aoml_navis",1033.60598035131
"7901009",64,0,1,0.031773,1,0.009345,1,191.962409016246,1,4.83631009655818,1349.30004882812,1,4.51440000534058,34.9220008850098,0.0317730009555817,0,185.109603881836,-85.7994,25.0194,53.6456277628076,63,63,63,63,61,63,0,8279,1.45687144005964,25,-86,0.001869,51,2025-03-15 01:36:51.000159,1349.30004882812,1.037,0.0011,"aoml_navis",1033.84603141108
"7901009",64,0,1,0.029904,1,0.007476,1,194.600373601626,1,4.83519531029259,1399.69995117188,1,4.45389986038208,34.9249992370605,0.0299040004611015,0,187.653396606445,-85.7994,25.0194,53.6456277628076,63,63,63,63,61,63,0,8279,1.45687144005964,25,-86,0.001869,51,2025-03-15 01:36:51.000159,1399.69995117188,1.037,0.0011,"aoml_navis",1034.08439145294
"7901009",64,0,1,0.029904,1,0.007476,1,196.21108113633,1,4.83412963995873,1449,1,4.42479991912842,34.9269981384277,0.0299040004611015,0,189.206604003906,-85.7994,25.0194,53.6456277628076,63,63,63,63,61,63,0,8279,1.45687144005964,25,-86,0.001869,51,2025-03-15 01:36:51.000159,1449,1.037,0.0011,"aoml_navis",1034.31235245952
"7901009",64,0,1,0.028035,1,0.005607,1,197.482671527315,1,4.83304373676242,1499.59997558594,1,4.39890003204346,34.9280014038086,0.0280349999666214,0,190.432800292969,-85.7994,25.0194,53.6456277628076,63,63,63,63,61,63,0,8279,1.45687144005964,25,-86,0.001869,51,2025-03-15 01:36:51.000159,1499.59997558594,1.037,0.0011,"aoml_navis",1034.54474495392
"7901009",64,0,1,0.029904,1,0.007476,1,198.76505366353,1,4.8319801926931,1549.5,1,4.38219976425171,34.9290008544922,0.0299040004611015,0,191.669403076172,-85.7994,25.0194,53.6456277628076,63,63,63,63,61,63,0,8279,1.45687144005964,25,-86,0.001869,51,2025-03-15 01:36:51.000159,1549.5,1.037,0.0011,"aoml_navis",1034.77245365388
"7901009",64,0,1,0.031773,1,0.009345,1,199.674313581982,1,4.83091095008733,1599.69995117188,1,4.36429977416992,34.9300003051758,0.0317730009555817,0,192.546203613281,-85.7994,25.0194,53.6456277628076,63,63,63,63,61,63,0,8279,1.45687144005964,25,-86,0.001869,51,2025-03-15 01:36:51.000159,1599.69995117188,1.037,0.0011,"aoml_navis",1035.00148350067
"7901009",64,0,1,0.024297,1,0.001869,1,199.989774334031,1,4.8298585717769,1649.59997558594,1,4.35440015792847,34.9300003051758,0.0242970008403063,0,192.850402832031,-85.7994,25.0194,53.6456277628076,63,63,63,63,61,63,0,8279,1.45687144005964,25,-86,0.001869,51,2025-03-15 01:36:51.000159,1649.59997558594,1.037,0.0011,"aoml_navis",1035.22700006524
"7901009",64,0,1,0.031773,1,0.009345,1,200.934906519984,1,4.82880796273613,1699.09997558594,1,4.34340000152588,34.931999206543,0.0317730009555817,0,193.761795043945,-85.7994,25.0194,53.6456277628076,63,63,63,63,61,63,0,8279,1.45687144005964,25,-86,0.001869,51,2025-03-15 01:36:51.000159,1699.09997558594,1.037,0.0011,"aoml_navis",1035.45223553824
"7901009",64,0,1,0.028035,1,0.005607,1,201.603377600959,1,4.82776552446848,1748.69995117188,1,4.33459997177124,34.931999206543,0.0280349999666214,0,194.406402587891,-85.7994,25.0194,53.6456277628076,63,63,63,63,61,63,0,8279,1.45687144005964,25,-86,0.001869,51,2025-03-15 01:36:51.000159,1748.69995117188,1.037,0.0011,"aoml_navis",1035.67581620495
"7901009",64,0,1,0.029904,1,0.007476,1,202.216972182731,1,4.82669721148964,1799.5,1,4.32770013809204,34.9329986572266,0.0299040004611015,0,194.998092651367,-85.7994,25.0194,53.6456277628076,63,63,63,63,61,63,0,8279,1.45687144005964,25,-86,0.001869,51,2025-03-15 01:36:51.000159,1799.5,1.037,0.0011,"aoml_navis",1035.90504664304
"7901009",64,0,1,0.029904,1,0.007476,1,202.561374433351,1,4.82567345860732,1848.5,1,4.32350015640259,34.9329986572266,0.0299040004611015,0,195.330200195312,-85.7994,25.0194,53.6456277628076,63,63,63,63,61,63,0,8279,1.45687144005964,25,-86,0.001869,51,2025-03-15 01:36:51.000159,1848.5,1.037,0.0011,"aoml_navis",1036.12481094877
"7901009",64,0,1,0.033642,1,0.011214,1,202.924844210366,1,4.82461624354678,1899.19995117188,1,4.31990003585815,34.9329986572266,0.0336420014500618,0,195.680694580078,-85.7994,25.0194,53.6456277628076,63,63,63,63,61,63,0,8279,1.45687144005964,25,-86,0.001869,51,2025-03-15 01:36:51.000159,1899.19995117188,1.037,0.0011,"aoml_navis",1036.35185631351
"7901009",64,0,1,0.026166,1,0.003738,1,203.134333821942,1,4.82358026475374,1949,1,4.31769990921021,34.9329986572266,0.0261659994721413,0,195.882705688477,-85.7994,25.0194,53.6456277628076,63,63,63,63,61,63,0,8279,1.45687144005964,25,-86,0.001869,51,2025-03-15 01:36:51.000159,1949,1.037,0.0011,"aoml_navis",1036.57443756775
"7901009",64,0,1,0.022428,1,0,1,203.389332318093,1,4.82257202845064,1997.30004882812,1,4.31379985809326,34.9339981079102,0.0224280003458261,0,196.128601074219,-85.7994,25.0194,53.6456277628076,63,63,63,63,61,63,0,8279,1.45687144005964,25,-86,0.001869,51,2025-03-15 01:36:51.000159,1997.30004882812,1.037,0.0011,"aoml_navis",1036.79115013786
"7901009",65,0.0436181246008903,1,0.085974,1,0.063546,1,199.419266048045,1,4.88323644351615,2.29999995231628,1,26.0699996948242,36.1790008544922,0.0859740003943443,0.095319002866745,192.300201416016,-86.306,25.354,61.2924975062196,63,63,63,63,61,63,0.063546,8279,1.45687144005964,25,-86,0.001869,51,2025-03-25 08:17:35.000883,2.29999995231628,1.037,0.0011,"aoml_navis",1023.91110031932
"7901009",65,0.0461838966362368,1,0.089712,1,0.067284,1,199.437305041256,1,4.88320160946776,4,1,26.0699996948242,36.1790008544922,0.0897120013833046,0.095319002866745,192.317596435547,-86.306,25.354,61.2924975062196,63,63,63,63,61,63,0.067284,8279,1.45687144005964,25,-86,0.001869,51,2025-03-25 08:17:35.000883,4,1.037,0.0011,"aoml_navis",1023.91840433247
"7901009",65,0.0449010106185636,1,0.087843,1,0.065415,1,199.455771273779,1,4.88316063041173,6,1,26.0699996948242,36.1790008544922,0.0878430008888245,0.095319002866745,192.335403442383,-86.306,25.354,61.2924975062196,63,63,63,63,61,63,0.065415,8279,1.45687144005964,25,-86,0.001869,51,2025-03-25 08:17:35.000883,6,1.037,0.0011,"aoml_navis",1023.92699696598
"7901009",65,0.0449010106185636,1,0.087843,1,0.065415,1,199.404850677154,1,4.88311815780502,8,1,26.0690002441406,36.1790008544922,0.0878430008888245,0.095319002866745,192.28630065918,-86.306,25.354,61.2924975062196,63,63,63,63,61,63,0.065415,8279,1.45687144005964,25,-86,0.001869,51,2025-03-25 08:17:35.000883,8,1.037,0.0011,"aoml_navis",1023.93590292468
"7901009",65,0.0461838966362368,1,0.089712,1,0.067284,1,199.395926122618,1,4.8830675991898,10,1,26.0650005340576,36.1800003051758,0.0897120013833046,0.095319002866745,192.277694702148,-86.306,25.354,61.2924975062196,63,63,63,63,61,63,0.067284,8279,1.45687144005964,25,-86,0.001869,51,2025-03-25 08:17:35.000883,10,1.037,0.0011,"aoml_navis",1023.94650461722
"7901009",65,0.0461838966362368,1,0.089712,1,0.067284,1,199.380482212641,1,4.88302662699312,12,1,26.0650005340576,36.1800003051758,0.0897120013833046,0.095319002866745,192.262802124023,-86.306,25.354,61.2924975062196,63,63,63,63,61,63,0.067284,8279,1.45687144005964,25,-86,0.001869,51,2025-03-25 08:17:35.000883,12,1.037,0.0011,"aoml_navis",1023.95509628398
"7901009",65,0.0461838966362368,1,0.089712,1,0.067284,1,199.403917080137,1,4.88298565714825,14,1,26.0650005340576,36.1800003051758,0.0897120013833046,0.095319002866745,192.285400390625,-86.306,25.354,61.2924975062196,63,63,63,63,61,63,0.067284,8279,1.45687144005964,25,-86,0.001869,51,2025-03-25 08:17:35.000883,14,1.037,0.0011,"aoml_navis",1023.96368760175
"7901009",65,0.0449010106185636,1,0.087843,1,0.065415,1,199.358392357797,1,4.88294618565932,16,1,26.0659999847412,36.1800003051758,0.0878430008888245,0.095319002866745,192.241500854492,-86.306,25.354,61.2924975062196,63,63,63,63,61,63,0.065415,8279,1.45687144005964,25,-86,0.001869,51,2025-03-25 08:17:35.000883,16,1.037,0.0011,"aoml_navis",1023.97196485279
"7901009",65,0.0513154407069298,1,0.097188,1,0.07476,1,199.360259551831,1,4.8829082156773,18,1,26.068000793457,36.1800003051758,0.0971880033612251,0.095319002866745,192.243301391602,-86.306,25.354,61.2924975062196,63,63,63,63,61,63,0.07476,8279,1.45687144005964,25,-86,0.001869,51,2025-03-25 08:17:35.000883,18,1.037,0.0011,"aoml_navis",1023.97992736107
"7901009",65,0.0461838966362368,1,0.089712,1,0.067284,1,199.427874129015,1,4.88286520499481,20.1000003814697,1,26.068000793457,36.1800003051758,0.0897120013833046,0.095319002866745,192.308502197266,-86.306,25.354,61.2924975062196,63,63,63,63,61,63,0.067284,8279,1.45687144005964,25,-86,0.001869,51,2025-03-25 08:17:35.000883,20.1000003814697,1.037,0.0011,"aoml_navis",1023.98894708078
"7901009",65,0.0461838966362368,1,0.089712,1,0.067284,1,199.393758278697,1,4.88282778911634,22,1,26.0690002441406,36.1800003051758,0.0897120013833046,0.095319002866745,192.275604248047,-86.306,25.354,61.2924975062196,63,63,63,63,61,63,0.067284,8279,1.45687144005964,25,-86,0.001869,51,2025-03-25 08:17:35.000883,22,1.037,0.0011,"aoml_navis",1023.99679364995
"7901009",65,0.0461838966362368,1,0.089712,1,0.067284,1,199.379232142059,1,4.88278832767226,24,1,26.0699996948242,36.1800003051758,0.0897120013833046,0.095319002866745,192.261596679688,-86.306,25.354,61.2924975062196,63,63,63,63,61,63,0.067284,8279,1.45687144005964,25,-86,0.001869,51,2025-03-25 08:17:35.000883,24,1.037,0.0011,"aoml_navis",1024.00506932964
"7901009",65,0.0474667826539101,1,0.091581,1,0.069153,1,199.378092837224,1,4.88274737224129,26,1,26.0699996948242,36.1800003051758,0.0915810018777847,0.095319002866745,192.260498046875,-86.306,25.354,61.2924975062196,63,63,63,63,61,63,0.069153,8279,1.45687144005964,25,-86,0.001869,51,2025-03-25 08:17:35.000883,26,1.037,0.0011,"aoml_navis",1024.01365846312
"7901009",65,0.0461838966362368,1,0.089712,1,0.067284,1,199.334846724553,1,4.8827064191606,28,1,26.0699996948242,36.1800003051758,0.0897120013833046,0.095319002866745,192.218795776367,-86.306,25.354,61.2924975062196,63,63,63,63,61,63,0.067284,8279,1.45687144005964,25,-86,0.001869,51,2025-03-25 08:17:35.000883,28,1.037,0.0011,"aoml_navis",1024.02224724778
"7901009",65,0.0500325546892565,1,0.095319,1,0.072891,1,199.40879077304,1,4.88265139065321,30,1,26.0629997253418,36.1809997558594,0.095319002866745,0.095319002866745,192.290100097656,-86.306,25.354,61.2924975062196,63,63,63,63,61,63,0.072891,8279,1.45687144005964,25,-86,0.001869,51,2025-03-25 08:17:35.000883,30,1.037,0.0011,"aoml_navis",1024.03378819373
"7901009",65,0.0641443008836622,1,0.115878,1,0.09345,1,199.348850679809,1,4.88259542080581,31.8999996185303,1,26.0540008544922,36.181999206543,0.115878000855446,0.095319002866745,192.232299804688,-86.306,25.354,61.2924975062196,63,63,63,63,61,63,0.09345,8279,1.45687144005964,25,-86,0.001869,51,2025-03-25 08:17:35.000883,31.8999996185303,1.037,0.0011,"aoml_navis",1024.04552683065
"7901009",65,0.0500325546892565,1,0.095319,1,0.072891,1,199.31111120717,1,4.88256949560088,34,1,26.0629997253418,36.1809997558594,0.095319002866745,0.095319002866745,192.195907592773,-86.306,25.354,61.2924975062196,63,63,63,63,61,63,0.072891,8279,1.45687144005964,25,-86,0.001869,51,2025-03-25 08:17:35.000883,34,1.037,0.0011,"aoml_navis",1024.05096425251
"7901009",65,0.052598326724603,1,0.099057,1,0.076629,1,199.369389814184,1,4.88248183602809,36,1,26.0389995574951,36.1839981079102,0.0990569964051247,0.095319002866745,192.252105712891,-86.306,25.354,61.2924975062196,63,63,63,63,61,63,0.076629,8279,1.45687144005964,25,-86,0.001869,51,2025-03-25 08:17:35.000883,36,1.037,0.0011,"aoml_navis",1024.06934995738
"7901009",65,0.057729870795296,1,0.106533,1,0.084105,1,199.320953535045,1,4.88243129768014,38,1,26.0349998474121,36.185001373291,0.106532998383045,0.095319002866745,192.20539855957,-86.306,25.354,61.2924975062196,63,63,63,63,61,63,0.084105,8279,1.45687144005964,25,-86,0.001869,51,2025-03-25 08:17:35.000883,38,1.037,0.0011,"aoml_navis",1024.07995016248
"7901009",65,0.0538812127422763,1,0.100926,1,0.078498,1,199.308816773823,1,4.88238376960094,40,1,26.0330009460449,36.1860008239746,0.100925996899605,0.095319002866745,192.193695068359,-86.306,25.354,61.2924975062196,63,63,63,63,61,63,0.078498,8279,1.45687144005964,25,-86,0.001869,51,2025-03-25 08:17:35.000883,40,1.037,0.0011,"aoml_navis",1024.08991917665
"7901009",65,0.0538812127422763,4,0.100926,1,0.078498,1,199.257279053746,1,4.88234133289449,42,1,26.0319995880127,36.1860008239746,0.100925996899605,0.095319002866745,192.143997192383,-86.306,25.354,61.2924975062196,63,63,63,63,61,63,0.078498,8279,1.45687144005964,25,-86,0.001869,51,2025-03-25 08:17:35.000883,42,1.037,0.0011,"aoml_navis",1024.09882043945
"7901009",65,0.0590127568129693,1,0.108402,1,0.085974,1,199.283625478041,1,4.88229170912365,44,1,26.0310001373291,36.1879997253418,0.108401998877525,0.095319002866745,192.169403076172,-86.306,25.354,61.2924975062196,63,63,63,63,61,63,0.085974,8279,1.45687144005964,25,-86,0.001869,51,2025-03-25 08:17:35.000883,44,1.037,0.0011,"aoml_navis",1024.10922941298
"7901009",65,0.057729870795296,1,0.106533,1,0.084105,1,199.247737375758,1,4.88225077566799,46,1,26.0310001373291,36.1879997253418,0.106532998383045,0.095319002866745,192.134796142578,-86.306,25.354,61.2924975062196,63,63,63,63,61,63,0.084105,8279,1.45687144005964,25,-86,0.001869,51,2025-03-25 08:17:35.000883,46,1.037,0.0011,"aoml_navis",1024.11781568428
"7901009",65,0.0590127568129693,1,0.108402,1,0.085974,1,199.253655431425,1,4.8822134404291,48,1,26.0310001373291,36.1870002746582,0.108401998877525,0.095319002866745,192.140502929688,-86.306,25.354,61.2924975062196,63,63,63,63,61,63,0.085974,8279,1.45687144005964,25,-86,0.001869,51,2025-03-25 08:17:35.000883,48,1.037,0.0011,"aoml_navis",1024.12564731306
"7901009",65,0.057729870795296,1,0.106533,1,0.084105,1,199.230726921633,1,4.88217096215229,49.9000015258789,1,26.0310001373291,36.1879997253418,0.106532998383045,0.095319002866745,192.118392944336,-86.306,25.354,61.2924975062196,63,63,63,63,61,63,0.084105,8279,1.45687144005964,25,-86,0.001869,51,2025-03-25 08:17:35.000883,49.9000015258789,1.037,0.0011,"aoml_navis",1024.1345579172
"7901009",65,0.0590127568129693,1,0.108402,1,0.085974,1,199.258323416511,1,4.88212079810327,52,1,26.0310001373291,36.189998626709,0.108401998877525,0.095319002866745,192.145004272461,-86.306,25.354,61.2924975062196,63,63,63,63,61,63,0.085974,8279,1.45687144005964,25,-86,0.001869,51,2025-03-25 08:17:35.000883,52,1.037,0.0011,"aoml_navis",1024.14508095386
"7901009",65,0.0590127568129693,1,0.108402,1,0.085974,1,199.091668437126,1,4.88207776096175,54,1,26.0319995880127,36.1910018920898,0.108401998877525,0.095319002866745,191.984298706055,-86.306,25.354,61.2924975062196,63,63,63,63,61,63,0.085974,8279,1.45687144005964,25,-86,0.001869,51,2025-03-25 08:17:35.000883,54,1.037,0.0011,"aoml_navis",1024.15410913386
"7901009",65,0.0590127568129693,1,0.108402,1,0.085974,1,199.14632342182,1,4.88202096198201,56,1,26.0310001373291,36.1949996948242,0.108401998877525,0.095319002866745,192.037002563477,-86.306,25.354,61.2924975062196,63,63,63,63,61,63,0.085974,8279,1.45687144005964,25,-86,0.001869,51,2025-03-25 08:17:35.000883,56,1.037,0.0011,"aoml_navis",1024.16602446748
"7901009",65,0.0718416169897017,1,0.127092,1,0.104664,1,199.145912006185,1,4.88195905826797,58,1,26.0289993286133,36.2000007629395,0.127092003822327,0.114009000360966,192.036605834961,-86.306,25.354,61.2924975062196,63,63,63,63,61,63,0.104664,8279,1.45687144005964,25,-86,0.001869,51,2025-03-25 08:17:35.000883,58,1.037,0.0011,"aoml_navis",1024.17901099193
"7901009",65,0.0692758449543552,1,0.123354,1,0.100926,1,199.039513593597,1,4.88191305120688,60,1,26.0279998779297,36.201000213623,0.123354002833366,0.110270999372005,191.934005737305,-86.306,25.354,61.2924975062196,63,63,63,63,61,63,0.100926,8279,1.45687144005964,25,-86,0.001869,51,2025-03-25 08:17:35.000883,60,1.037,0.0011,"aoml_navis",1024.18866283657
"7901009",65,0.0667100729190087,4,0.119616,1,0.097188,1,199.053501725175,1,4.88187363390617,62,1,26.0289993286133,36.201000213623,0.119616001844406,0.106532998383045,191.947494506836,-86.306,25.354,61.2924975062196,63,63,63,63,61,63,0.097188,8279,1.45687144005964,25,-86,0.001869,51,2025-03-25 08:17:35.000883,62,1.037,0.0011,"aoml_navis",1024.19693235675
"7901009",65,0.0744073890250482,1,0.13083,1,0.108402,1,198.872130725013,1,4.88181174207002,64,1,26.0270004272461,36.2060012817383,0.130830004811287,0.117747001349926,191.772598266602,-86.306,25.354,61.2924975062196,63,63,63,63,61,63,0.108402,8279,1.45687144005964,25,-86,0.001869,51,2025-03-25 08:17:35.000883,64,1.037,0.0011,"aoml_navis",1024.20991717306
"7901009",65,0.0833875911487609,1,0.143913,1,0.121485,1,198.881783168749,1,4.88174925116205,66,1,26.0270004272461,36.2120018005371,0.143913000822067,0.130830004811287,191.78190612793,-86.306,25.354,61.2924975062196,63,63,63,63,61,63,0.121485,8279,1.45687144005964,25,-86,0.001869,51,2025-03-25 08:17:35.000883,66,1.037,0.0011,"aoml_navis",1024.2230280078
"7901009",65,0.0846704771664342,1,0.145782,1,0.123354,1,198.759102191236,1,4.88170624754139,68,1,26.0279998779297,36.2130012512207,0.145781993865967,0.132698997855186,191.663604736328,-86.306,25.354,61.2924975062196,63,63,63,63,61,63,0.123354,8279,1.45687144005964,25,-86,0.001869,51,2025-03-25 08:17:35.000883,68,1.037,0.0011,"aoml_navis",1024.23205052909
"7901009",65,0.243748343357917,1,0.377538,1,0.35511,1,198.768944519111,1,4.88165665926473,70,1,26.0270004272461,36.2150001525879,0.377537995576859,0.364455014467239,191.673095703125,-86.306,25.354,61.2924975062196,63,63,63,63,61,63,0.35511,8279,1.45687144005964,25,-86,0.001869,51,2025-03-25 08:17:35.000883,70,1.037,0.0011,"aoml_navis",1024.24245476393
"7901009",65,0.0833875911487609,1,0.143913,1,0.121485,1,198.801193175395,1,4.88161126706445,72,1,26.0240001678467,36.2150001525879,0.143913000822067,0.130830004811287,191.704193115234,-86.306,25.354,61.2924975062196,63,63,63,63,61,63,0.121485,8279,1.45687144005964,25,-86,0.001869,51,2025-03-25 08:17:35.000883,72,1.037,0.0011,"aoml_navis",1024.25197879526
"7901009",65,0.0795389330957412,4,0.138306,1,0.115878,1,198.764703773338,1,4.88156527826743,74,1,26.0230007171631,36.2159996032715,0.138306006789207,0.125222995877266,191.669006347656,-86.306,25.354,61.2924975062196,63,63,63,63,61,63,0.115878,8279,1.45687144005964,25,-86,0.001869,51,2025-03-25 08:17:35.000883,74,1.037,0.0011,"aoml_navis",1024.26162818304
"7901009",65,0.0846704771664342,1,0.145782,1,0.123354,1,198.729638502325,1,4.88152138700286,76,1,26.0209999084473,36.2159996032715,0.145781993865967,0.132698997855186,191.635192871094,-86.306,25.354,61.2924975062196,63,63,63,63,61,63,0.123354,8279,1.45687144005964,25,-86,0.001869,51,2025-03-25 08:17:35.000883,76,1.037,0.0011,"aoml_navis",1024.27083763529
"7901009",65,0.0795389330957412,1,0.138306,1,0.115878,1,198.733483656141,1,4.88147689940056,78,1,26.0209999084473,36.2169990539551,0.138306006789207,0.125222995877266,191.638900756836,-86.306,25.354,61.2924975062196,63,63,63,63,61,63,0.115878,8279,1.45687144005964,25,-86,0.001869,51,2025-03-25 08:17:35.000883,78,1.037,0.0011,"aoml_navis",1024.28017238267
"7901009",65,0.0808218191134144,1,0.140175,1,0.117747,1,198.737107278461,1,4.88143301270662,80,1,26.0189990997314,36.2169990539551,0.140174999833107,0.127092003822327,191.642395019531,-86.306,25.354,61.2924975062196,63,63,63,63,61,63,0.117747,8279,1.45687144005964,25,-86,0.001869,51,2025-03-25 08:17:35.000883,80,1.037,0.0011,"aoml_navis",1024.28938120932
"7901009",65,0.0821047051310877,1,0.142044,1,0.119616,1,198.683085240898,1,4.88138043312701,82,1,26.0160007476807,36.2190017700195,0.142043992877007,0.128960996866226,191.590301513672,-86.306,25.354,61.2924975062196,63,63,63,63,61,63,0.119616,8279,1.45687144005964,25,-86,0.001869,51,2025-03-25 08:17:35.000883,82,1.037,0.0011,"aoml_navis",1024.30041429838
"7901009",65,0.0898020212371271,1,0.153258,1,0.13083,1,198.61132486001,1,4.88130959876344,84,1,26.007999420166,36.2239990234375,0.153257995843887,0.140174999833107,191.521102905273,-86.306,25.354,61.2924975062196,63,63,63,63,61,63,0.13083,8279,1.45687144005964,25,-86,0.001869,51,2025-03-25 08:17:35.000883,84,1.037,0.0011,"aoml_navis",1024.31527827422
"7901009",65,0.0936506792901469,1,0.158865,1,0.136437,1,198.570262414938,1,4.88124175290488,86,1,26.0020008087158,36.2290000915527,0.158865004777908,0.145781993865967,191.481506347656,-86.306,25.354,61.2924975062196,63,63,63,63,61,63,0.136437,8279,1.45687144005964,25,-86,0.001869,51,2025-03-25 08:17:35.000883,86,1.037,0.0011,"aoml_navis",1024.32951554273
"7901009",65,0.0949335653078201,1,0.160734,1,0.138306,1,198.464797599367,1,4.88119068926536,88,1,26,36.2309989929199,0.160733997821808,0.147651001811028,191.379806518555,-86.306,25.354,61.2924975062196,63,63,63,63,61,63,0.138306,8279,1.45687144005964,25,-86,0.001869,51,2025-03-25 08:17:35.000883,88,1.037,0.0011,"aoml_navis",1024.34023136935
"7901009",65,0.106479539466879,1,0.177555,1,0.155127,1,198.252934371207,1,4.88112793971281,90,1,25.9950008392334,36.2350006103516,0.177554994821548,0.164471998810768,191.175506591797,-86.306,25.354,61.2924975062196,63,63,63,63,61,63,0.155127,8279,1.45687144005964,25,-86,0.001869,51,2025-03-25 08:17:35.000883,90,1.037,0.0011,"aoml_navis",1024.35339981975
"7901009",65,0.115459741590592,1,0.190638,1,0.16821,1,197.648343272431,1,4.88106520445333,92,1,25.9899997711182,36.2389984130859,0.19063800573349,0.177554994821548,190.592498779297,-86.306,25.354,61.2924975062196,63,63,63,63,61,63,0.16821,8279,1.45687144005964,25,-86,0.001869,51,2025-03-25 08:17:35.000883,92,1.037,0.0011,"aoml_navis",1024.36656560911
"7901009",65,0.155229208138463,1,0.248577,1,0.226149,1,196.233738083768,1,4.8809248888149,94,1,25.9740009307861,36.2599983215332,0.248576998710632,0.235494002699852,189.228393554688,-86.306,25.354,61.2924975062196,63,63,63,63,61,63,0.226149,8279,1.45687144005964,25,-86,0.001869,51,2025-03-25 08:17:35.000883,94,1.037,0.0011,"aoml_navis",1024.39601384934
"7901009",65,0.19756444672168,1,0.310254,1,0.287826,1,195.210626518819,1,4.88070341468674,96,1,25.94700050354,36.298999786377,0.310254007577896,0.297170996665955,188.241806030273,-86.306,25.354,61.2924975062196,63,63,63,63,61,63,0.287826,8279,1.45687144005964,25,-86,0.001869,51,2025-03-25 08:17:35.000883,96,1.037,0.0011,"aoml_navis",1024.44249838133
"7901009",65,0.219373509022125,1,0.342027,1,0.319599,1,194.643585008542,1,4.88059965305242,98,1,25.9409999847412,36.3139991760254,0.342027008533478,0.328943997621536,187.695007324219,-86.306,25.354,61.2924975062196,63,63,63,63,61,63,0.319599,8279,1.45687144005964,25,-86,0.001869,51,2025-03-25 08:17:35.000883,98,1.037,0.0011,"aoml_navis",1024.46427804684
"7901009",65,0.262991633623015,1,0.405573,1,0.383145,1,193.446333864394,1,4.88049141202594,100,1,25.931999206543,36.3289985656738,0.405573010444641,0.3924899995327,186.540496826172,-86.306,25.354,61.2924975062196,63,63,63,63,61,63,0.383145,8279,1.45687144005964,25,-86,0.001869,51,2025-03-25 08:17:35.000883,100,1.037,0.0011,"aoml_navis",1024.48699892793
"7901009",65,0.268123177693708,1,0.413049,1,0.390621,1,191.716489357531,1,4.8802464175839,102,1,25.8819999694824,36.3650016784668,0.413049012422562,0.39996600151062,184.872406005859,-86.306,25.354,61.2924975062196,63,63,63,63,61,63,0.390621,8279,1.45687144005964,25,-86,0.001869,51,2025-03-25 08:17:35.000883,102,1.037,0.0011,"aoml_navis",1024.53842944992
"7901009",65,0.28864935397648,1,0.442953,1,0.420525,1,189.385772316281,1,4.88000583271392,103.900001525879,1,25.806999206543,36.3899993896484,0.442952990531921,0.429870009422302,182.624893188477,-86.306,25.354,61.2924975062196,63,63,63,63,61,63,0.420525,8279,1.45687144005964,25,-86,0.001869,51,2025-03-25 08:17:35.000883,103.900001525879,1.037,0.0011,"aoml_navis",1024.58893931677
"7901009",65,0.374602717160588,1,0.568176,1,0.545748,1,189.166234604168,1,4.87953076619063,106,1,25.6009998321533,36.4249992370605,0.568175971508026,0.555092990398407,182.413192749023,-86.306,25.354,61.2924975062196,63,63,63,63,61,63,0.545748,8279,1.45687144005964,25,-86,0.001869,51,2025-03-25 08:17:35.000883,106,1.037,0.0011,"aoml_navis",1024.68869233167
"7901009",65,0.378451375213607,1,0.573783,1,0.551355,1,189.254594023545,1,4.87937156587311,108,1,25.5259990692139,36.4269981384277,0.573782980442047,0.560699999332428,182.498397827148,-86.306,25.354,61.2924975062196,63,63,63,63,61,63,0.551355,8279,1.45687144005964,25,-86,0.001869,51,2025-03-25 08:17:35.000883,108,1.037,0.0011,"aoml_navis",1024.72212507253
"7901009",65,0.369471173089895,1,0.5607,1,0.538272,1,188.58260987908,1,4.87929877273979,110,1,25.5020008087158,36.4259986877441,0.560699999332428,0.547617018222809,181.850402832031,-86.306,25.354,61.2924975062196,63,63,63,63,61,63,0.538272,8279,1.45687144005964,25,-86,0.001869,51,2025-03-25 08:17:35.000883,110,1.037,0.0011,"aoml_navis",1024.73741266564
"7901009",65,0.363056743001528,1,0.551355,1,0.528927,1,187.463147937234,1,4.87917312872442,112,1,25.4689998626709,36.4360008239746,0.551355004310608,0.538272023200989,180.770904541016,-86.306,25.354,61.2924975062196,63,63,63,63,61,63,0.528927,8279,1.45687144005964,25,-86,0.001869,51,2025-03-25 08:17:35.000883,112,1.037,0.0011,"aoml_navis",1024.76380076867
"7901009",65,0.328418820524351,1,0.500892,1,0.478464,1,186.425193762081,1,4.87899513903274,114,1,25.4200000762939,36.4539985656738,0.500891983509064,0.487809002399445,179.770004272461,-86.306,25.354,61.2924975062196,63,63,63,63,61,63,0.478464,8279,1.45687144005964,25,-86,0.001869,51,2025-03-25 08:17:35.000883,114,1.037,0.0011,"aoml_navis",1024.80118498156
"7901009",65,0.314307074329945,1,0.480333,1,0.457905,1,186.275754944639,1,4.87882763790375,116,1,25.3610000610352,36.4650001525879,0.480333000421524,0.467249989509583,179.625900268555,-86.306,25.354,61.2924975062196,63,63,63,63,61,63,0.457905,8279,1.45687144005964,25,-86,0.001869,51,2025-03-25 08:17:35.000883,116,1.037,0.0011,"aoml_navis",1024.83636871179
"7901009",65,0.293780898047173,4,0.450429,1,0.428001,1,186.588937184667,1,4.87870783192804,118,1,25.3050003051758,36.4640007019043,0.450428992509842,0.437346011400223,179.92790222168,-86.306,25.354,61.2924975062196,63,63,63,63,61,63,0.428001,8279,1.45687144005964,25,-86,0.001869,51,2025-03-25 08:17:35.000883,118,1.037,0.0011,"aoml_navis",1024.86153552344
"7901009",65,0.300195328135539,1,0.459774,1,0.437346,1,186.819773003054,1,4.87861674198828,120,1,25.2660007476807,36.4620018005371,0.459773987531662,0.446691006422043,180.150497436523,-86.306,25.354,61.2924975062196,63,63,63,63,61,63,0.437346,8279,1.45687144005964,25,-86,0.001869,51,2025-03-25 08:17:35.000883,120,1.037,0.0011,"aoml_navis",1024.88067098344
"7901009",65,0.293780898047173,1,0.450429,1,0.428001,1,186.868937171393,1,4.87855822197855,122,1,25.253999710083,36.4620018005371,0.450428992509842,0.437346011400223,180.197906494141,-86.306,25.354,61.2924975062196,63,63,63,63,61,63,0.428001,8279,1.45687144005964,25,-86,0.001869,51,2025-03-25 08:17:35.000883,122,1.037,0.0011,"aoml_navis",1024.89296478503
"7901009",65,0.280952037870441,1,0.431739,1,0.409311,1,186.962993114942,1,4.87848485394905,124,1,25.2269992828369,36.4599990844727,0.431739002466202,0.41865599155426,180.288604736328,-86.306,25.354,61.2924975062196,63,63,63,63,61,63,0.409311,8279,1.45687144005964,25,-86,0.001869,51,2025-03-25 08:17:35.000883,124,1.037,0.0011,"aoml_navis",1024.90837825449
"7901009",65,0.270688949729055,4,0.416787,1,0.394359,1,187.003216905067,1,4.87837721537352,126,1,25.1840000152588,36.4609985351562,0.416786998510361,0.403703987598419,180.327392578125,-86.306,25.354,61.2924975062196,63,63,63,63,61,63,0.394359,8279,1.45687144005964,25,-86,0.001869,51,2025-03-25 08:17:35.000883,126,1.037,0.0011,"aoml_navis",1024.93099226587
"7901009",65,0.273254721764401,1,0.420525,1,0.398097,1,186.768963172177,1,4.87833274674138,128,1,25.1840000152588,36.4620018005371,0.420525014400482,0.407442003488541,180.101501464844,-86.306,25.354,61.2924975062196,63,63,63,63,61,63,0.398097,8279,1.45687144005964,25,-86,0.001869,51,2025-03-25 08:17:35.000883,128,1.037,0.0011,"aoml_navis",1024.94033506425
"7901009",65,0.289932239994153,1,0.444822,1,0.422394,1,186.226701542048,1,4.87829123317773,130,1,25.1860008239746,36.4630012512207,0.444822013378143,0.431739002466202,179.578598022461,-86.306,25.354,61.2924975062196,63,63,63,63,61,63,0.422394,8279,1.45687144005964,25,-86,0.001869,51,2025-03-25 08:17:35.000883,130,1.037,0.0011,"aoml_navis",1024.94905716053
"7901009",65,0.273254721764401,1,0.420525,1,0.398097,1,184.56301583397,1,4.8782273308329,132,1,25.1849994659424,36.4690017700195,0.420525014400482,0.407442003488541,177.974304199219,-86.306,25.354,61.2924975062196,63,63,63,63,61,63,0.398097,8279,1.45687144005964,25,-86,0.001869,51,2025-03-25 08:17:35.000883,132,1.037,0.0011,"aoml_navis",1024.96248348195
"7901009",65,0.224505053092818,4,0.349503,1,0.327075,1,181.847783411117,1,4.8781114551851,134,1,25.2000007629395,36.4959983825684,0.349503010511398,0.336419999599457,175.356002807617,-86.306,25.354,61.2924975062196,63,63,63,63,61,63,0.327075,8279,1.45687144005964,25,-86,0.001869,51,2025-03-25 08:17:35.000883,134,1.037,0.0011,"aoml_navis",1024.98683064843
"7901009",65,0.229636597163511,4,0.356979,1,0.334551,1,179.250880454258,1,4.87799084391854,136,1,25.2240009307861,36.5279998779297,0.356979012489319,0.343896001577377,172.851806640625,-86.306,25.354,61.2924975062196,63,63,63,63,61,63,0.334551,8279,1.45687144005964,25,-86,0.001869,51,2025-03-25 08:17:35.000883,136,1.037,0.0011,"aoml_navis",1025.01217406621
"7901009",65,0.233485255216531,1,0.362586,1,0.340158,1,176.370860246056,1,4.87785850084831,138,1,25.2399997711182,36.560001373291,0.362585991621017,0.349503010511398,170.074600219727,-86.306,25.354,61.2924975062196,63,63,63,63,61,63,0.340158,8279,1.45687144005964,25,-86,0.001869,51,2025-03-25 08:17:35.000883,138,1.037,0.0011,"aoml_navis",1025.03998406892
"7901009",65,0.233485255216531,1,0.362586,1,0.340158,1,172.410684112794,1,4.87766717318264,140,1,25.2110004425049,36.5900001525879,0.362585991621017,0.349503010511398,166.255798339844,-86.306,25.354,61.2924975062196,63,63,63,63,61,63,0.340158,8279,1.45687144005964,25,-86,0.001869,51,2025-03-25 08:17:35.000883,140,1.037,0.0011,"aoml_navis",1025.08019150834
"7901009",65,0.202695990792373,1,0.31773,1,0.295302,1,169.302628877256,1,4.87728695726347,142,1,25.117000579834,36.6459999084473,0.317730009555817,0.304646998643875,163.258697509766,-86.306,25.354,61.2924975062196,63,63,63,63,61,63,0.295302,8279,1.45687144005964,25,-86,0.001869,51,2025-03-25 08:17:35.000883,142,1.037,0.0011,"aoml_navis",1025.16010310892
"7901009",65,0.169340954332868,1,0.269136,1,0.246708,1,167.440039533509,1,4.87693699391555,144,1,25.0410003662109,36.701000213623,0.269136011600494,0.256053000688553,161.462600708008,-86.306,25.354,61.2924975062196,63,63,63,63,61,63,0.246708,8279,1.45687144005964,25,-86,0.001869,51,2025-03-25 08:17:35.000883,144,1.037,0.0011,"aoml_navis",1025.2336674101
"7901009",65,0.134703031855691,1,0.218673,1,0.196245,1,167.373247787594,1,4.87669627136258,146,1,24.923999786377,36.7089996337891,0.218673005700111,0.20558999478817,161.398193359375,-86.306,25.354,61.2924975062196,63,63,63,63,61,63,0.196245,8279,1.45687144005964,25,-86,0.001869,51,2025-03-25 08:17:35.000883,146,1.037,0.0011,"aoml_navis",1025.28427479921
"7901009",65,0.0962164513254934,1,0.162603,1,0.140175,1,167.166780433719,1,4.87649163404184,148,1,24.7870006561279,36.6990013122559,0.162603005766869,0.149519994854927,161.199096679688,-86.306,25.354,61.2924975062196,63,63,63,63,61,63,0.140175,8279,1.45687144005964,25,-86,0.001869,51,2025-03-25 08:17:35.000883,148,1.037,0.0011,"aoml_navis",1025.32729987599
"7901009",65,0.0513154407069298,1,0.097188,1,0.07476,1,165.855677924524,1,4.87607473496408,150,1,24.5750007629395,36.7179985046387,0.0971880033612251,0.0841049998998642,159.934799194336,-86.306,25.354,61.2924975062196,63,63,63,63,61,63,0.07476,8279,1.45687144005964,25,-86,0.001869,51,2025-03-25 08:17:35.000883,150,1.037,0.0011,"aoml_navis",1025.41496424312
"7901009",65,0.0474667826539101,4,0.091581,1,0.069153,1,164.413903480298,1,4.87581744804781,152,1,24.4899997711182,36.7439994812012,0.0915810018777847,0.0784979984164238,158.544494628906,-86.306,25.354,61.2924975062196,63,63,63,63,61,63,0.069153,8279,1.45687144005964,25,-86,0.001869,51,2025-03-25 08:17:35.000883,152,1.037,0.0011,"aoml_navis",1025.46907329394
"7901009",65,0.0474667826539101,4,0.091581,1,0.069153,1,162.020983559827,1,4.87567235095685,154.100006103516,1,24.4790000915527,36.7680015563965,0.0915810018777847,0.0784979984164238,156.236999511719,-86.306,25.354,61.2924975062196,63,63,63,63,61,63,0.069153,8279,1.45687144005964,25,-86,0.001869,51,2025-03-25 08:17:35.000883,154.100006103516,1.037,0.0011,"aoml_navis",1025.49959063979
"7901009",65,0.0756902750427214,1,0.132699,1,0.110271,1,157.301397459739,1,4.87536433642276,156,1,24.4370002746582,36.826000213623,0.132698997855186,0.119616001844406,151.685897827148,-86.306,25.354,61.2924975062196,63,63,63,63,61,63,0.110271,8279,1.45687144005964,25,-86,0.001869,51,2025-03-25 08:17:35.000883,156,1.037,0.0011,"aoml_navis",1025.56437939337
"7901009",65,0.0705587309720285,1,0.125223,1,0.102795,1,155.613548994966,1,4.87494846190935,158,1,24.2789993286133,36.867000579834,0.125222995877266,0.112139999866486,150.058303833008,-86.306,25.354,61.2924975062196,63,63,63,63,61,63,0.102795,8279,1.45687144005964,25,-86,0.001869,51,2025-03-25 08:17:35.000883,158,1.037,0.0011,"aoml_navis",1025.65186874646
"7901009",65,0.0590127568129693,1,0.108402,1,0.085974,1,155.140864078125,1,4.87458262479527,160,1,24.0900001525879,36.8819999694824,0.108401998877525,0.095319002866745,149.602493286133,-86.306,25.354,61.2924975062196,63,63,63,63,61,63,0.085974,8279,1.45687144005964,25,-86,0.001869,51,2025-03-25 08:17:35.000883,160,1.037,0.0011,"aoml_navis",1025.72884385358
"7901009",65,0.0474667826539101,1,0.091581,1,0.069153,1,154.77677706515,1,4.87437451163768,162,1,23.9829998016357,36.8860015869141,0.0915810018777847,0.0784979984164238,149.251403808594,-86.306,25.354,61.2924975062196,63,63,63,63,61,63,0.069153,8279,1.45687144005964,25,-86,0.001869,51,2025-03-25 08:17:35.000883,162,1.037,0.0011,"aoml_navis",1025.77263771226
"7901009",65,0.0372036945125241,1,0.076629,1,0.054201,1,154.632322706358,1,4.87402975746717,164,1,23.7770004272461,36.8889999389648,0.0766289979219437,0.0635460019111633,149.112106323242,-86.306,25.354,61.2924975062196,63,63,63,63,61,63,0.054201,8279,1.45687144005964,25,-86,0.001869,51,2025-03-25 08:17:35.000883,164,1.037,0.0011,"aoml_navis",1025.84519356695
"7901009",65,0.0333550364595044,1,0.071022,1,0.048594,1,154.341230321174,1,4.87368275224802,166,1,23.55299949646,36.8860015869141,0.0710219964385033,0.0579390004277229,148.831405639648,-86.306,25.354,61.2924975062196,63,63,63,63,61,63,0.048594,8279,1.45687144005964,25,-86,0.001869,51,2025-03-25 08:17:35.000883,166,1.037,0.0011,"aoml_navis",1025.91823353576
"7901009",65,0.0359208084948509,1,0.07476,1,0.052332,1,153.764742074979,1,4.873529914286,168,1,23.4939994812012,36.8940010070801,0.0747599974274635,0.0616770014166832,148.275497436523,-86.306,25.354,61.2924975062196,63,63,63,63,61,63,0.052332,8279,1.45687144005964,25,-86,0.001869,51,2025-03-25 08:17:35.000883,168,1.037,0.0011,"aoml_navis",1025.95040718705
"7901009",65,0.0295063784064846,1,0.065415,1,0.042987,1,153.085906277829,1,4.87333757048914,170,1,23.3939990997314,36.8969993591309,0.0654150024056435,0.0523319989442825,147.620895385742,-86.306,25.354,61.2924975062196,63,63,63,63,61,63,0.042987,8279,1.45687144005964,25,-86,0.001869,51,2025-03-25 08:17:35.000883,170,1.037,0.0011,"aoml_navis",1025.99090001027
"7901009",65,0.0256577203534649,1,0.059808,1,0.03738,1,151.478537040662,1,4.87311477673981,172,1,23.2900009155273,36.9070014953613,0.0598080009222031,0.0467250011861324,146.070907592773,-86.306,25.354,61.2924975062196,63,63,63,63,61,63,0.03738,8279,1.45687144005964,25,-86,0.001869,51,2025-03-25 08:17:35.000883,172,1.037,0.0011,"aoml_navis",1026.03780724924
"7901009",65,0.0243748343357917,1,0.057939,1,0.035511,1,150.071194920319,1,4.87276460396023,174,1,23.1280002593994,36.9300003051758,0.0579390004277229,0.0448560006916523,144.713806152344,-86.306,25.354,61.2924975062196,63,63,63,63,61,63,0.035511,8279,1.45687144005964,25,-86,0.001869,51,2025-03-25 08:17:35.000883,174,1.037,0.0011,"aoml_navis",1026.11154167726
"7901009",65,0.0205261762827719,1,0.052332,1,0.029904,1,148.754269297526,1,4.87260511583814,176,1,23.0610008239746,36.9370002746582,0.0523319989442825,0.0392489992082119,143.443893432617,-86.306,25.354,61.2924975062196,63,63,63,63,61,63,0.029904,8279,1.45687144005964,25,-86,0.001869,51,2025-03-25 08:17:35.000883,176,1.037,0.0011,"aoml_navis",1026.14512794147
"7901009",65,0.0166775182297522,1,0.046725,1,0.024297,1,147.714875167652,1,4.8723310952216,178,1,22.9139995574951,36.9449996948242,0.0467250011861324,0.0336420014500618,142.441604614258,-86.306,25.354,61.2924975062196,63,63,63,63,61,63,0.024297,8279,1.45687144005964,25,-86,0.001869,51,2025-03-25 08:17:35.000883,178,1.037,0.0011,"aoml_navis",1026.20283849421
"7901009",65,0.0153946322120789,1,0.044856,1,0.022428,1,147.241889600924,1,4.87203612778547,180,1,22.7329998016357,36.9459991455078,0.0448560006916523,0.0317730009555817,141.985504150391,-86.306,25.354,61.2924975062196,63,63,63,63,61,63,0.022428,8279,1.45687144005964,25,-86,0.001869,51,2025-03-25 08:17:35.000883,180,1.037,0.0011,"aoml_navis",1026.2649678406
"7901009",65,0.00769731610603947,1,0.033642,1,0.011214,1,146.625383272422,1,4.87183336703019,182,1,22.5919990539551,36.9370002746582,0.0336420014500618,0.020558999851346,141.391006469727,-86.306,25.354,61.2924975062196,63,63,63,63,61,63,0.011214,8279,1.45687144005964,25,-86,0.001869,51,2025-03-25 08:17:35.000883,182,1.037,0.0011,"aoml_navis",1026.30767994595
"7901009",65,0.00513154407069298,1,0.029904,1,0.007476,1,146.137048737787,1,4.87161690502799,184,1,22.4720001220703,36.939998626709,0.0299040004611015,0.0168210007250309,140.920104980469,-86.306,25.354,61.2924975062196,63,63,63,63,61,63,0.007476,8279,1.45687144005964,25,-86,0.001869,51,2025-03-25 08:17:35.000883,184,1.037,0.0011,"aoml_navis",1026.35328218019
"7901009",65,0.00384865805301973,4,0.028035,1,0.005607,1,145.920517524542,1,4.87142071666495,186,1,22.3479995727539,36.9360008239746,0.0280349999666214,0.0149520002305508,140.711303710938,-86.306,25.354,61.2924975062196,63,63,63,63,61,63,0.005607,8279,1.45687144005964,25,-86,0.001869,51,2025-03-25 08:17:35.000883,186,1.037,0.0011,"aoml_navis",1026.39461685072
"7901009",65,0.00769731610603947,1,0.033642,1,0.011214,1,145.797725781281,1,4.87124369513825,188,1,22.2350006103516,36.9309997558594,0.0336420014500618,0.020558999851346,140.592895507812,-86.306,25.354,61.2924975062196,63,63,63,63,61,63,0.011214,8279,1.45687144005964,25,-86,0.001869,51,2025-03-25 08:17:35.000883,188,1.037,0.0011,"aoml_navis",1026.43191614295
"7901009",65,0.00769731610603947,1,0.033642,1,0.011214,1,145.594470634093,1,4.87112152230112,190,1,22.1700000762939,36.9290008544922,0.0336420014500618,0.020558999851346,140.396896362305,-86.306,25.354,61.2924975062196,63,63,63,63,61,63,0.011214,8279,1.45687144005964,25,-86,0.001869,51,2025-03-25 08:17:35.000883,190,1.037,0.0011,"aoml_navis",1026.45766013203
"7901009",65,0.00384865805301973,1,0.028035,1,0.005607,1,145.147214368208,1,4.87106018443477,192,1,22.1550006866455,36.9290008544922,0.0280349999666214,0.0149520002305508,139.965606689453,-86.306,25.354,61.2924975062196,63,63,63,63,61,63,0.005607,8279,1.45687144005964,25,-86,0.001869,51,2025-03-25 08:17:35.000883,192,1.037,0.0011,"aoml_navis",1026.47058559803
"7901009",65,-0.00128288601767324,1,0.020559,1,-0.001869,1,144.689261295823,1,4.87092147738371,194,1,22.0750007629395,36.9259986877441,0.020558999851346,0.00747600011527538,139.524002075195,-86.306,25.354,61.2924975062196,63,63,63,63,61,63,-0.001869,8279,1.45687144005964,25,-86,0.001869,51,2025-03-25 08:17:35.000883,194,1.037,0.0011,"aoml_navis",1026.49981594153
"7901009",65,-0.00128288601767324,1,0.020559,1,-0.001869,1,144.441304257563,1,4.87076721393383,196,1,21.9699993133545,36.9179992675781,0.020558999851346,0.00747600011527538,139.284896850586,-86.306,25.354,61.2924975062196,63,63,63,63,61,63,-0.001869,8279,1.45687144005964,25,-86,0.001869,51,2025-03-25 08:17:35.000883,196,1.037,0.0011,"aoml_navis",1026.53232650833
"7901009",65,-0.00384865805301973,1,0.016821,1,-0.005607,1,144.794931819212,1,4.87049011055372,198,1,21.7600002288818,36.9049987792969,0.0168210007250309,0.00373800005763769,139.625900268555,-86.306,25.354,61.2924975062196,63,63,63,63,61,63,-0.005607,8279,1.45687144005964,25,-86,0.001869,51,2025-03-25 08:17:35.000883,198,1.037,0.0011,"aoml_navis",1026.59073040014
"7901009",65,-0.00641443008836622,1,0.013083,1,-0.009345,1,144.820961769942,1,4.87040094570198,200,1,21.7080001831055,36.898998260498,0.0130829997360706,0,139.651000976562,-86.306,25.354,61.2924975062196,63,63,63,63,61,63,-0.009345,8279,1.45687144005964,25,-86,0.001869,51,2025-03-25 08:17:35.000883,200,1.037,0.0011,"aoml_navis",1026.60952470708
"7901009",65,-0.00384865805301973,1,0.016821,1,-0.005607,1,145.061244324247,1,4.87024680179216,202,1,21.6019992828369,36.890998840332,0.0168210007250309,0.00373800005763769,139.882705688477,-86.306,25.354,61.2924975062196,63,63,63,63,61,63,-0.005607,8279,1.45687144005964,25,-86,0.001869,51,2025-03-25 08:17:35.000883,202,1.037,0.0011,"aoml_navis",1026.6420170247
"7901009",65,-0.00513154407069298,1,0.014952,1,-0.007476,1,145.33656050221,1,4.87008029663335,204,1,21.4810009002686,36.8810005187988,0.0149520002305508,0.00186900002881885,140.148193359375,-86.306,25.354,61.2924975062196,63,63,63,63,61,63,-0.007476,8279,1.45687144005964,25,-86,0.001869,51,2025-03-25 08:17:35.000883,204,1.037,0.0011,"aoml_navis",1026.67711730676
"7901009",65,-0.00513154407069298,1,0.014952,1,-0.007476,1,145.545622939319,1,4.86992859208901,206,1,21.3680000305176,36.8699989318848,0.0149520002305508,0.00186900002881885,140.349792480469,-86.306,25.354,61.2924975062196,63,63,63,63,61,63,-0.007476,8279,1.45687144005964,25,-86,0.001869,51,2025-03-25 08:17:35.000883,206,1.037,0.0011,"aoml_navis",1026.70909962053
"7901009",65,-0.00256577203534649,1,0.01869,1,-0.003738,1,145.64020106425,1,4.86980290031848,208,1,21.2770004272461,36.8600006103516,0.0186899993568659,0.00560700008645654,140.440994262695,-86.306,25.354,61.2924975062196,63,63,63,63,61,63,-0.003738,8279,1.45687144005964,25,-86,0.001869,51,2025-03-25 08:17:35.000883,208,1.037,0.0011,"aoml_navis",1026.7355994373
"7901009",65,-0.00384865805301973,1,0.016821,1,-0.005607,1,145.936372850154,1,4.86958497524382,210,1,21.0939998626709,36.8419990539551,0.0168210007250309,0.00373800005763769,140.726593017578,-86.306,25.354,61.2924975062196,63,63,63,63,61,63,-0.005607,8279,1.45687144005964,25,-86,0.001869,51,2025-03-25 08:17:35.000883,210,1.037,0.0011,"aoml_navis",1026.78154820569
"7901009",65,-0.00384865805301973,1,0.016821,1,-0.005607,1,146.157160632849,1,4.86943328637088,212,1,20.9769992828369,36.8300018310547,0.0168210007250309,0.00373800005763769,140.939498901367,-86.306,25.354,61.2924975062196,63,63,63,63,61,63,-0.005607,8279,1.45687144005964,25,-86,0.001869,51,2025-03-25 08:17:35.000883,212,1.037,0.0011,"aoml_navis",1026.81353372159
"7901009",65,-0.00513154407069298,1,0.014952,1,-0.007476,1,146.219490101496,1,4.86935089539878,214,1,20.9290008544922,36.8240013122559,0.0149520002305508,0.00186900002881885,140.999603271484,-86.306,25.354,61.2924975062196,63,63,63,63,61,63,-0.007476,8279,1.45687144005964,25,-86,0.001869,51,2025-03-25 08:17:35.000883,214,1.037,0.0011,"aoml_navis",1026.83090773447
"7901009",65,-0.00513154407069298,1,0.014952,1,-0.007476,1,146.339892469341,1,4.86925843004432,216,1,20.8759994506836,36.8190002441406,0.0149520002305508,0.00186900002881885,141.115707397461,-86.306,25.354,61.2924975062196,63,63,63,63,61,63,-0.007476,8279,1.45687144005964,25,-86,0.001869,51,2025-03-25 08:17:35.000883,216,1.037,0.0011,"aoml_navis",1026.85040686051
"7901009",65,-0.00256577203534649,1,0.01869,1,-0.003738,1,146.515456179583,1,4.8691543542456,218,1,20.80299949646,36.810001373291,0.0186899993568659,0.00560700008645654,141.285003662109,-86.306,25.354,61.2924975062196,63,63,63,63,61,63,-0.003738,8279,1.45687144005964,25,-86,0.001869,51,2025-03-25 08:17:35.000883,218,1.037,0.0011,"aoml_navis",1026.87235528697
"7901009",65,-0.00384865805301973,1,0.016821,1,-0.005607,1,146.808099285235,1,4.86901469849297,220,1,20.69700050354,36.798999786377,0.0168210007250309,0.00373800005763769,141.567199707031,-86.306,25.354,61.2924975062196,63,63,63,63,61,63,-0.005607,8279,1.45687144005964,25,-86,0.001869,51,2025-03-25 08:17:35.000883,220,1.037,0.0011,"aoml_navis",1026.90180860361
"7901009",65,0,1,0.022428,1,0,1,147.038729395805,1,4.8689065026988,222,1,20.6259994506836,36.7919998168945,0.0224280003458261,0.00934499967843294,141.789596557617,-86.306,25.354,61.2924975062196,63,63,63,63,61,63,0,8279,1.45687144005964,25,-86,0.001869,51,2025-03-25 08:17:35.000883,222,1.037,0.0011,"aoml_navis",1026.92462819496
"7901009",65,-0.00769731610603947,4,0.011214,1,-0.011214,1,147.128639535652,1,4.86884377084981,224,1,20.6009998321533,36.7890014648438,0.0112140001729131,-0.00186900002881885,141.87629699707,-86.306,25.354,61.2924975062196,63,63,63,63,61,63,-0.011214,8279,1.45687144005964,25,-86,0.001869,51,2025-03-25 08:17:35.000883,224,1.037,0.0011,"aoml_navis",1026.93785944323
"7901009",65,-0.00256577203534649,1,0.01869,1,-0.003738,1,147.233898643405,1,4.86878078834069,226,1,20.5729999542236,36.7849998474121,0.0186899993568659,0.00560700008645654,141.977798461914,-86.306,25.354,61.2924975062196,63,63,63,63,61,63,-0.003738,8279,1.45687144005964,25,-86,0.001869,51,2025-03-25 08:17:35.000883,226,1.037,0.0011,"aoml_navis",1026.95114390312
"7901009",65,-0.00256577203534649,1,0.01869,1,-0.003738,1,147.517522252452,1,4.8686500790629,228,1,20.4759998321533,36.7750015258789,0.0186899993568659,0.00560700008645654,142.25129699707,-86.306,25.354,61.2924975062196,63,63,63,63,61,63,-0.003738,8279,1.45687144005964,25,-86,0.001869,51,2025-03-25 08:17:35.000883,228,1.037,0.0011,"aoml_navis",1026.97871459318
"7901009",65,-0.00384865805301973,1,0.016821,1,-0.005607,1,147.726790397378,1,4.86854453748475,230,1,20.4009990692139,36.765998840332,0.0168210007250309,0.00373800005763769,142.453094482422,-86.306,25.354,61.2924975062196,63,63,63,63,61,63,-0.005607,8279,1.45687144005964,25,-86,0.001869,51,2025-03-25 08:17:35.000883,230,1.037,0.0011,"aoml_navis",1027.00097770558
"7901009",65,-0.00384865805301973,1,0.016821,1,-0.005607,1,147.869076912249,1,4.86845286057596,232,1,20.3449993133545,36.7599983215332,0.0168210007250309,0.00373800005763769,142.590301513672,-86.306,25.354,61.2924975062196,63,63,63,63,61,63,-0.005607,8279,1.45687144005964,25,-86,0.001869,51,2025-03-25 08:17:35.000883,232,1.037,0.0011,"aoml_navis",1027.02031696544
"7901009",65,-0.00384865805301973,1,0.016821,1,-0.005607,1,147.845736986823,1,4.86840378487803,234,1,20.3360004425049,36.7589988708496,0.0168210007250309,0.00373800005763769,142.567794799805,-86.306,25.354,61.2924975062196,63,63,63,63,61,63,-0.005607,8279,1.45687144005964,25,-86,0.001869,51,2025-03-25 08:17:35.000883,234,1.037,0.0011,"aoml_navis",1027.03066979176
"7901009",65,-0.00384865805301973,1,0.016821,1,-0.005607,1,147.887020963391,1,4.86836373289744,236,1,20.3339996337891,36.757999420166,0.0168210007250309,0.00373800005763769,142.607604980469,-86.306,25.354,61.2924975062196,63,63,63,63,61,63,-0.005607,8279,1.45687144005964,25,-86,0.001869,51,2025-03-25 08:17:35.000883,236,1.037,0.0011,"aoml_navis",1027.03911916298
"7901009",65,-0.00513154407069298,1,0.014952,1,-0.007476,1,148.208494810824,1,4.8683061599964,238,1,20.3099994659424,36.7540016174316,0.0149520002305508,0.00186900002881885,142.917602539062,-86.306,25.354,61.2924975062196,63,63,63,63,61,63,-0.007476,8279,1.45687144005964,25,-86,0.001869,51,2025-03-25 08:17:35.000883,238,1.037,0.0011,"aoml_navis",1027.05126499351
"7901009",65,-0.00769731610603947,1,0.011214,1,-0.011214,1,148.871665166501,1,4.86819287634025,240,1,20.2229995727539,36.7430000305176,0.0112140001729131,-0.00186900002881885,143.557098388672,-86.306,25.354,61.2924975062196,63,63,63,63,61,63,-0.011214,8279,1.45687144005964,25,-86,0.001869,51,2025-03-25 08:17:35.000883,240,1.037,0.0011,"aoml_navis",1027.0751646469
"7901009",65,-0.00513154407069298,1,0.014952,1,-0.007476,1,149.745353737687,1,4.86803587905359,242,1,20.0960006713867,36.7299995422363,0.0149520002305508,0.00186900002881885,144.399597167969,-86.306,25.354,61.2924975062196,63,63,63,63,61,63,-0.007476,8279,1.45687144005964,25,-86,0.001869,51,2025-03-25 08:17:35.000883,242,1.037,0.0011,"aoml_navis",1027.10828848124
"7901009",65,-0.00513154407069298,1,0.014952,1,-0.007476,1,150.425233897601,1,4.8679311789364,244,1,20.0179996490479,36.7200012207031,0.0149520002305508,0.00186900002881885,145.055206298828,-86.306,25.354,61.2924975062196,63,63,63,63,61,63,-0.007476,8279,1.45687144005964,25,-86,0.001869,51,2025-03-25 08:17:35.000883,244,1.037,0.0011,"aoml_navis",1027.13037966417
"7901009",65,-0.00641443008836622,1,0.013083,1,-0.009345,1,150.718288418888,1,4.86782458912768,246,1,19.9440002441406,36.7120018005371,0.0130829997360706,0,145.337799072266,-86.306,25.354,61.2924975062196,63,63,63,63,61,63,-0.009345,8279,1.45687144005964,25,-86,0.001869,51,2025-03-25 08:17:35.000883,246,1.037,0.0011,"aoml_navis",1027.15287053842
"7901009",65,-0.00384865805301973,1,0.016821,1,-0.005607,1,150.438604905727,1,4.86774552546883,248,1,19.8999996185303,36.7070007324219,0.0168210007250309,0.00373800005763769,145.068099975586,-86.306,25.354,61.2924975062196,63,63,63,63,61,63,-0.005607,8279,1.45687144005964,25,-86,0.001869,51,2025-03-25 08:17:35.000883,248,1.037,0.0011,"aoml_navis",1027.16955392167
"7901009",65,-0.00513154407069298,1,0.014952,1,-0.007476,1,150.48392392025,1,4.86765899950281,250,1,19.8330001831055,36.6959991455078,0.0149520002305508,0.00186900002881885,145.111801147461,-86.306,25.354,61.2924975062196,63,63,63,63,61,63,-0.007476,8279,1.45687144005964,25,-86,0.001869,51,2025-03-25 08:17:35.000883,250,1.037,0.0011,"aoml_navis",1027.18781256261
"7901009",65,-0.00513154407069298,1,0.014952,1,-0.007476,1,150.841380812036,1,4.86756667657514,252,1,19.7670001983643,36.6870002746582,0.0149520002305508,0.00186900002881885,145.456497192383,-86.306,25.354,61.2924975062196,63,63,63,63,61,63,-0.007476,8279,1.45687144005964,25,-86,0.001869,51,2025-03-25 08:17:35.000883,252,1.037,0.0011,"aoml_navis",1027.20729518965
"7901009",65,-0.00513154407069298,1,0.014952,1,-0.007476,1,151.338940551094,1,4.86746784914667,254,1,19.6900005340576,36.6759986877441,0.0149520002305508,0.00186900002881885,145.936294555664,-86.306,25.354,61.2924975062196,63,63,63,63,61,63,-0.007476,8279,1.45687144005964,25,-86,0.001869,51,2025-03-25 08:17:35.000883,254,1.037,0.0011,"aoml_navis",1027.22815126073
"7901009",65,-0.00384865805301973,1,0.016821,1,-0.005607,1,151.864096785029,1,4.86733393926083,256,1,19.5849990844727,36.6650009155273,0.0168210007250309,0.00373800005763769,146.44270324707,-86.306,25.354,61.2924975062196,63,63,63,63,61,63,-0.005607,8279,1.45687144005964,25,-86,0.001869,51,2025-03-25 08:17:35.000883,256,1.037,0.0011,"aoml_navis",1027.25641231826
"7901009",65,-0.00513154407069298,1,0.014952,1,-0.007476,1,152.193039408599,1,4.86723172709028,258,1,19.5020008087158,36.6529998779297,0.0149520002305508,0.00186900002881885,146.759902954102,-86.306,25.354,61.2924975062196,63,63,63,63,61,63,-0.007476,8279,1.45687144005964,25,-86,0.001869,51,2025-03-25 08:17:35.000883,258,1.037,0.0011,"aoml_navis",1027.27798476714
"7901009",65,-0.00513154407069298,1,0.014952,1,-0.007476,1,152.491284096354,1,4.86712742057899,260,1,19.4200000762939,36.6419982910156,0.0149520002305508,0.00186900002881885,147.047500610352,-86.306,25.354,61.2924975062196,63,63,63,63,61,63,-0.007476,8279,1.45687144005964,25,-86,0.001869,51,2025-03-25 08:17:35.000883,260,1.037,0.0011,"aoml_navis",1027.30000017242
"7901009",65,-0.00641443008836622,1,0.013083,1,-0.009345,1,152.518453351918,1,4.86706953817257,262,1,19.3980007171631,36.6389999389648,0.0130829997360706,0,147.073699951172,-86.306,25.354,61.2924975062196,63,63,63,63,61,63,-0.009345,8279,1.45687144005964,25,-86,0.001869,51,2025-03-25 08:17:35.000883,262,1.037,0.0011,"aoml_navis",1027.31221750272
"7901009",65,-0.00641443008836622,1,0.013083,1,-0.009345,1,152.677639555166,1,4.86697555416954,264,1,19.3239994049072,36.6279983520508,0.0130829997360706,0,147.227203369141,-86.306,25.354,61.2924975062196,63,63,63,63,61,63,-0.009345,8279,1.45687144005964,25,-86,0.001869,51,2025-03-25 08:17:35.000883,264,1.037,0.0011,"aoml_navis",1027.33205547262
"7901009",65,-0.00384865805301973,1,0.016821,1,-0.005607,1,152.624234641054,1,4.86691511705093,266,1,19.2970008850098,36.6240005493164,0.0168210007250309,0.00373800005763769,147.175704956055,-86.306,25.354,61.2924975062196,63,63,63,63,61,63,-0.005607,8279,1.45687144005964,25,-86,0.001869,51,2025-03-25 08:17:35.000883,266,1.037,0.0011,"aoml_navis",1027.34481283284
"7901009",65,-0.00256577203534649,1,0.01869,1,-0.003738,1,152.496774912708,1,4.86685820004494,268,1,19.2670001983643,36.6180000305176,0.0186899993568659,0.00560700008645654,147.052795410156,-86.306,25.354,61.2924975062196,63,63,63,63,61,63,-0.003738,8279,1.45687144005964,25,-86,0.001869,51,2025-03-25 08:17:35.000883,268,1.037,0.0011,"aoml_navis",1027.3568274403
"7901009",65,-0.00384865805301973,1,0.016821,1,-0.005607,1,152.746915618567,1,4.86670150285486,270,1,19.1189994812012,36.5989990234375,0.0168210007250309,0.00373800005763769,147.294006347656,-86.306,25.354,61.2924975062196,63,63,63,63,61,63,-0.005607,8279,1.45687144005964,25,-86,0.001869,51,2025-03-25 08:17:35.000883,270,1.037,0.0011,"aoml_navis",1027.38990609285
"7901009",65,-0.00513154407069298,1,0.014952,1,-0.007476,1,152.651815312253,1,4.86664984627209,272,1,19.0960006713867,36.5940017700195,0.0149520002305508,0.00186900002881885,147.202301025391,-86.306,25.354,61.2924975062196,63,63,63,63,61,63,-0.007476,8279,1.45687144005964,25,-86,0.001869,51,2025-03-25 08:17:35.000883,272,1.037,0.0011,"aoml_navis",1027.40081122336
"7901009",65,-0.00513154407069298,1,0.014952,1,-0.007476,1,152.628791860392,1,4.86659584584011,274,1,19.0739994049072,36.5900001525879,0.0149520002305508,0.00186900002881885,147.180099487305,-86.306,25.354,61.2924975062196,63,63,63,63,61,63,-0.007476,8279,1.45687144005964,25,-86,0.001869,51,2025-03-25 08:17:35.000883,274,1.037,0.0011,"aoml_navis",1027.41221140727
"7901009",65,-0.00513154407069298,1,0.014952,1,-0.007476,1,152.72004701289,1,4.86653050771167,276,1,19.0370006561279,36.5839996337891,0.0149520002305508,0.00186900002881885,147.268096923828,-86.306,25.354,61.2924975062196,63,63,63,63,61,63,-0.007476,8279,1.45687144005964,25,-86,0.001869,51,2025-03-25 08:17:35.000883,276,1.037,0.0011,"aoml_navis",1027.42600546258
"7901009",65,-0.00513154407069298,1,0.014952,1,-0.007476,1,152.904740985485,1,4.86640895446182,278,1,18.9340000152588,36.5709991455078,0.0149520002305508,0.00186900002881885,147.446197509766,-86.306,25.354,61.2924975062196,63,63,63,63,61,63,-0.007476,8279,1.45687144005964,25,-86,0.001869,51,2025-03-25 08:17:35.000883,278,1.037,0.0011,"aoml_navis",1027.45166852771
"7901009",65,-0.00641443008836622,1,0.013083,1,-0.009345,1,152.711644639736,1,4.86631874332418,280,1,18.8619995117188,36.560001373291,0.0130829997360706,0,147.259994506836,-86.306,25.354,61.2924975062196,63,63,63,63,61,63,-0.009345,8279,1.45687144005964,25,-86,0.001869,51,2025-03-25 08:17:35.000883,280,1.037,0.0011,"aoml_navis",1027.47071528334
"7901009",65,0,1,0.011214,1,-0.011214,1,152.731455884912,1,4.86619887087228,282,1,18.7479991912842,36.5429992675781,0.0112140001729131,0,147.279098510742,-86.306,25.354,61.2924975062196,63,63,63,63,61,63,0,8279,1.45687144005964,25,-86,0.001869,51,2025-03-25 08:17:35.000883,282,1.037,0.0011,"aoml_navis",1027.4960256821
"7901009",65,0,1,0.01869,1,-0.003738,1,152.773246219184,1,4.86613264057269,284,1,18.7040004730225,36.5349998474121,0.0186899993568659,0,147.319396972656,-86.306,25.354,61.2924975062196,63,63,63,63,61,63,0,8279,1.45687144005964,25,-86,0.001869,51,2025-03-25 08:17:35.000883,284,1.037,0.0011,"aoml_navis",1027.5100103748
"7901009",65,0,1,0.013083,1,-0.009345,1,152.937511823152,1,4.86607772929259,286,1,18.6809997558594,36.5309982299805,0.0130829997360706,0,147.477798461914,-86.306,25.354,61.2924975062196,63,63,63,63,61,63,0,8279,1.45687144005964,25,-86,0.001869,51,2025-03-25 08:17:35.000883,286,1.037,0.0011,"aoml_navis",1027.521605317
"7901009",65,0,1,0.016821,1,-0.005607,1,153.206308645674,1,4.86599321491421,288,1,18.6189994812012,36.5219993591309,0.0168210007250309,0,147.736999511719,-86.306,25.354,61.2924975062196,63,63,63,63,61,63,0,8279,1.45687144005964,25,-86,0.001869,51,2025-03-25 08:17:35.000883,288,1.037,0.0011,"aoml_navis",1027.53945169407
"7901009",65,0,1,0.014952,1,-0.007476,1,153.263353005784,1,4.86592724300905,290,1,18.5779991149902,36.5149993896484,0.0149520002305508,0,147.792007446289,-86.306,25.354,61.2924975062196,63,63,63,63,61,63,0,8279,1.45687144005964,25,-86,0.001869,51,2025-03-25 08:17:35.000883,290,1.037,0.0011,"aoml_navis",1027.55338300291
"7901009",65,0,1,0.014952,1,-0.007476,1,153.719122410569,1,4.86581240544657,292,1,18.4790000915527,36.5019989013672,0.0149520002305508,0,148.231506347656,-86.306,25.354,61.2924975062196,63,63,63,63,61,63,0,8279,1.45687144005964,25,-86,0.001869,51,2025-03-25 08:17:35.000883,292,1.037,0.0011,"aoml_navis",1027.57763418976
"7901009",65,0,1,0.011214,1,-0.011214,1,153.848528451341,1,4.86572837589321,294,1,18.4169998168945,36.4930000305176,0.0112140001729131,0,148.356292724609,-86.306,25.354,61.2924975062196,63,63,63,63,61,63,0,8279,1.45687144005964,25,-86,0.001869,51,2025-03-25 08:17:35.000883,294,1.037,0.0011,"aoml_navis",1027.59538012274
"7901009",65,0,1,0.014952,1,-0.007476,1,153.816390560804,1,4.86564205398499,296,1,18.3500003814697,36.4830017089844,0.0149520002305508,0,148.325302124023,-86.306,25.354,61.2924975062196,63,63,63,63,61,63,0,8279,1.45687144005964,25,-86,0.001869,51,2025-03-25 08:17:35.000883,296,1.037,0.0011,"aoml_navis",1027.61361080908
"7901009",65,0,1,0.013083,1,-0.009345,1,153.472415442892,1,4.86558619912737,298,1,18.3199996948242,36.4770011901855,0.0130829997360706,0,147.993606567383,-86.306,25.354,61.2924975062196,63,63,63,63,61,63,0,8279,1.45687144005964,25,-86,0.001869,51,2025-03-25 08:17:35.000883,298,1.037,0.0011,"aoml_navis",1027.62540737573
"7901009",65,0,1,0.014952,1,-0.007476,1,153.040698029054,1,4.86551948562476,300,1,18.2779998779297,36.4700012207031,0.0149520002305508,0,147.577301025391,-86.306,25.354,61.2924975062196,63,63,63,63,61,63,0,8279,1.45687144005964,25,-86,0.001869,51,2025-03-25 08:17:35.000883,300,1.037,0.0011,"aoml_navis",1027.63949764718
"7901009",65,0,1,0.014952,1,-0.007476,1,152.59198598477,1,4.86544560370944,302,1,18.2240009307861,36.4609985351562,0.0149520002305508,0,147.144607543945,-86.306,25.354,61.2924975062196,63,63,63,63,61,63,0,8279,1.45687144005964,25,-86,0.001869,51,2025-03-25 08:17:35.000883,302,1.037,0.0011,"aoml_navis",1027.65510237911
"7901009",65,0,1,0.016821,1,-0.005607,1,152.259815330836,1,4.86537182154864,304,1,18.1669998168945,36.451000213623,0.0168210007250309,0,146.824295043945,-86.306,25.354,61.2924975062196,63,63,63,63,61,63,0,8279,1.45687144005964,25,-86,0.001869,51,2025-03-25 08:17:35.000883,304,1.037,0.0011,"aoml_navis",1027.67068651467
"7901009",65,0,1,0.011214,1,-0.011214,1,151.919574600992,1,4.86529935904786,306,1,18.1140003204346,36.4420013427734,0.0112140001729131,0,146.496200561523,-86.306,25.354,61.2924975062196,63,63,63,63,61,63,0,8279,1.45687144005964,25,-86,0.001869,51,2025-03-25 08:17:35.000883,306,1.037,0.0011,"aoml_navis",1027.68599237406
"7901009",65,0,1,0.011214,1,-0.011214,1,151.602452265078,1,4.86521987053521,308,1,18.0459995269775,36.4300003051758,0.0112140001729131,0,146.190399169922,-86.306,25.354,61.2924975062196,63,63,63,63,61,63,0,8279,1.45687144005964,25,-86,0.001869,51,2025-03-25 08:17:35.000883,308,1.037,0.0011,"aoml_navis",1027.70278282407
"7901009",65,0,1,0.013083,1,-0.009345,1,151.383436734348,1,4.86510832244985,310,1,17.9449996948242,36.4160003662109,0.0130829997360706,0,145.979202270508,-86.306,25.354,61.2924975062196,63,63,63,63,61,63,0,8279,1.45687144005964,25,-86,0.001869,51,2025-03-25 08:17:35.000883,310,1.037,0.0011,"aoml_navis",1027.72634617973
"7901009",65,0,1,0.016821,1,-0.005607,1,151.095240082285,1,4.8650446379768,312,1,17.9020004272461,36.4080009460449,0.0168210007250309,0,145.701293945312,-86.306,25.354,61.2924975062196,63,63,63,63,61,63,0,8279,1.45687144005964,25,-86,0.001869,51,2025-03-25 08:17:35.000883,312,1.037,0.0011,"aoml_navis",1027.73979933704
"7901009",65,0,1,0.016821,1,-0.005607,1,150.739761150281,1,4.86497863842067,314,1,17.8570003509521,36.4000015258789,0.0168210007250309,0,145.358505249023,-86.306,25.354,61.2924975062196,63,63,63,63,61,63,0,8279,1.45687144005964,25,-86,0.001869,51,2025-03-25 08:17:35.000883,314,1.037,0.0011,"aoml_navis",1027.75374192047
"7901009",65,0,1,0.01869,1,-0.003738,1,150.041841997155,1,4.86491158800255,316,1,17.8080005645752,36.390998840332,0.0186899993568659,0,144.685501098633,-86.306,25.354,61.2924975062196,63,63,63,63,61,63,0,8279,1.45687144005964,25,-86,0.001869,51,2025-03-25 08:17:35.000883,316,1.037,0.0011,"aoml_navis",1027.76790688871
"7901009",65,0,1,0.013083,1,-0.009345,1,149.39370413582,1,4.86481403862261,318,1,17.7180004119873,36.3769989013672,0.0130829997360706,0,144.060501098633,-86.306,25.354,61.2924975062196,63,63,63,63,61,63,0,8279,1.45687144005964,25,-86,0.001869,51,2025-03-25 08:17:35.000883,318,1.037,0.0011,"aoml_navis",1027.788515718
"7901009",65,0,1,0.014952,1,-0.007476,1,149.127090980898,1,4.86472967749083,320,1,17.6450004577637,36.3650016784668,0.0149520002305508,0,143.803405761719,-86.306,25.354,61.2924975062196,63,63,63,63,61,63,0,8279,1.45687144005964,25,-86,0.001869,51,2025-03-25 08:17:35.000883,320,1.037,0.0011,"aoml_navis",1027.80633899044
"7901009",65,0,1,0.013083,1,-0.009345,1,148.697035053277,1,4.86467927827256,322,1,17.6219997406006,36.3600006103516,0.0130829997360706,0,143.388702392578,-86.306,25.354,61.2924975062196,63,63,63,63,61,63,0,8279,1.45687144005964,25,-86,0.001869,51,2025-03-25 08:17:35.000883,322,1.037,0.0011,"aoml_navis",1027.81698730517
"7901009",65,0,1,0.01869,1,-0.003738,1,148.124708434463,1,4.86461258410322,324,1,17.576000213623,36.3520011901855,0.0186899993568659,0,142.836807250977,-86.306,25.354,61.2924975062196,63,63,63,63,61,63,0,8279,1.45687144005964,25,-86,0.001869,51,2025-03-25 08:17:35.000883,324,1.037,0.0011,"aoml_navis",1027.83107874596
"7901009",65,0,1,0.014952,1,-0.007476,1,147.664160278844,1,4.86454135146555,326,1,17.5230007171631,36.3429985046387,0.0149520002305508,0,142.392700195312,-86.306,25.354,61.2924975062196,63,63,63,63,61,63,0,8279,1.45687144005964,25,-86,0.001869,51,2025-03-25 08:17:35.000883,326,1.037,0.0011,"aoml_navis",1027.84612952126
"7901009",65,0,1,0.013083,1,-0.009345,1,147.154669486381,1,4.86446206546352,328,1,17.4599990844727,36.3330001831055,0.0130829997360706,0,141.901397705078,-86.306,25.354,61.2924975062196,63,63,63,63,61,63,0,8279,1.45687144005964,25,-86,0.001869,51,2025-03-25 08:17:35.000883,328,1.037,0.0011,"aoml_navis",1027.86288241382
"7901009",65,0,1,0.014952,1,-0.007476,1,146.531944452325,1,4.86440848726033,330,1,17.42799949646,36.326000213623,0.0149520002305508,0,141.300903320312,-86.306,25.354,61.2924975062196,63,63,63,63,61,63,0,8279,1.45687144005964,25,-86,0.001869,51,2025-03-25 08:17:35.000883,330,1.037,0.0011,"aoml_navis",1027.8742036354
"7901009",65,0,1,0.013083,1,-0.009345,1,145.493784569354,1,4.86433989196145,332,1,17.3770008087158,36.3170013427734,0.0130829997360706,0,140.2998046875,-86.306,25.354,61.2924975062196,63,63,63,63,61,63,0,8279,1.45687144005964,25,-86,0.001869,51,2025-03-25 08:17:35.000883,332,1.037,0.0011,"aoml_navis",1027.88869837462
"7901009",65,0,1,0.014952,1,-0.007476,1,144.819094575907,1,4.86420756390655,334,1,17.2280006408691,36.2939987182617,0.0149520002305508,0,139.649200439453,-86.306,25.354,61.2924975062196,63,63,63,63,61,63,0,8279,1.45687144005964,25,-86,0.001869,51,2025-03-25 08:17:35.000883,334,1.037,0.0011,"aoml_navis",1027.9166615136
"7901009",65,0,1,0.016821,1,-0.005607,1,144.434674136374,1,4.86410899782023,336,1,17.1259994506836,36.2770004272461,0.0168210007250309,0,139.278503417969,-86.306,25.354,61.2924975062196,63,63,63,63,61,63,0,8279,1.45687144005964,25,-86,0.001869,51,2025-03-25 08:17:35.000883,336,1.037,0.0011,"aoml_navis",1027.93749117067
"7901009",65,0,1,0.014952,1,-0.007476,1,143.797422965679,1,4.86404028777847,338,1,17.0650005340576,36.2649993896484,0.0149520002305508,0,138.664001464844,-86.306,25.354,61.2924975062196,63,63,63,63,61,63,0,8279,1.45687144005964,25,-86,0.001869,51,2025-03-25 08:17:35.000883,338,1.037,0.0011,"aoml_navis",1027.9520119443
"7901009",65,0,1,0.016821,1,-0.005607,1,143.240223783277,1,4.86397126515242,340,1,17.0130004882812,36.2560005187988,0.0168210007250309,0,138.126693725586,-86.306,25.354,61.2924975062196,63,63,63,63,61,63,0,8279,1.45687144005964,25,-86,0.001869,51,2025-03-25 08:17:35.000883,340,1.037,0.0011,"aoml_navis",1027.9665991907
"7901009",65,0,1,0.011214,1,-0.011214,1,142.907863245204,1,4.86388780147078,342,1,16.9389991760254,36.2439994812012,0.0112140001729131,0,137.806198120117,-86.306,25.354,61.2924975062196,63,63,63,63,61,63,0,8279,1.45687144005964,25,-86,0.001869,51,2025-03-25 08:17:35.000883,342,1.037,0.0011,"aoml_navis",1027.98423896375
"7901009",65,0,1,0.01869,1,-0.003738,1,142.502808729227,1,4.86382348696739,344,1,16.8939990997314,36.2360000610352,0.0186899993568659,0,137.415603637695,-86.306,25.354,61.2924975062196,63,63,63,63,61,63,0,8279,1.45687144005964,25,-86,0.001869,51,2025-03-25 08:17:35.000883,344,1.037,0.0011,"aoml_navis",1027.9978320343
"7901009",65,0,1,0.014952,1,-0.007476,1,142.209643442192,1,4.86375498401061,346,1,16.8390007019043,36.226001739502,0.0149520002305508,0,137.132904052734,-86.306,25.354,61.2924975062196,63,63,63,63,61,63,0,8279,1.45687144005964,25,-86,0.001869,51,2025-03-25 08:17:35.000883,346,1.037,0.0011,"aoml_navis",1028.01231074289
"7901009",65,0,1,0.016821,1,-0.005607,1,141.886508108541,1,4.86369837021838,348,1,16.8099994659424,36.2210006713867,0.0168210007250309,0,136.821304321289,-86.306,25.354,61.2924975062196,63,63,63,63,61,63,0,8279,1.45687144005964,25,-86,0.001869,51,2025-03-25 08:17:35.000883,348,1.037,0.0011,"aoml_navis",1028.02427687873
"7901009",65,0,1,0.014952,1,-0.007476,1,141.579861047633,1,4.86363277563859,350,1,16.7700004577637,36.2150001525879,0.0149520002305508,0,136.525604248047,-86.306,25.354,61.2924975062196,63,63,63,63,61,63,0,8279,1.45687144005964,25,-86,0.001869,51,2025-03-25 08:17:35.000883,350,1.037,0.0011,"aoml_navis",1028.03814158101
"7901009",65,0,1,0.020559,1,-0.001869,1,141.48248213165,1,4.86354639579829,352,1,16.6959991455078,36.2039985656738,0.020558999851346,0,136.431701660156,-86.306,25.354,61.2924975062196,63,63,63,63,61,63,0,8279,1.45687144005964,25,-86,0.001869,51,2025-03-25 08:17:35.000883,352,1.037,0.0011,"aoml_navis",1028.05640022671
"7901009",65,0,1,0.01869,1,-0.003738,1,141.438824603344,1,4.863486683497,354,1,16.6609992980957,36.1980018615723,0.0186899993568659,0,136.389602661133,-86.306,25.354,61.2924975062196,63,63,63,63,61,63,0,8279,1.45687144005964,25,-86,0.001869,51,2025-03-25 08:17:35.000883,354,1.037,0.0011,"aoml_navis",1028.06902236748
"7901009",65,0,1,0.014952,1,-0.007476,1,141.457275012189,1,4.86341963814456,356,1,16.6100006103516,36.1889991760254,0.0149520002305508,0,136.40739440918,-86.306,25.354,61.2924975062196,63,63,63,63,61,63,0,8279,1.45687144005964,25,-86,0.001869,51,2025-03-25 08:17:35.000883,356,1.037,0.0011,"aoml_navis",1028.08319495694
"7901009",65,0,1,0.01869,1,-0.003738,1,141.471073259628,1,4.86334925774362,358,1,16.5559997558594,36.1800003051758,0.0186899993568659,0,136.420700073242,-86.306,25.354,61.2924975062196,63,63,63,63,61,63,0,8279,1.45687144005964,25,-86,0.001869,51,2025-03-25 08:17:35.000883,358,1.037,0.0011,"aoml_navis",1028.09807295637
"7901009",65,0,1,0.016821,1,-0.005607,1,141.394122712273,1,4.86328291400957,360,1,16.5149993896484,36.173999786377,0.0168210007250309,0,136.346496582031,-86.306,25.354,61.2924975062196,63,63,63,63,61,63,0,8279,1.45687144005964,25,-86,0.001869,51,2025-03-25 08:17:35.000883,360,1.037,0.0011,"aoml_navis",1028.11209802263
"7901009",65,0,1,0.014952,1,-0.007476,1,141.146181497691,1,4.86323531973596,362,1,16.5,36.1710014343262,0.0149520002305508,0,136.107406616211,-86.306,25.354,61.2924975062196,63,63,63,63,61,63,0,8279,1.45687144005964,25,-86,0.001869,51,2025-03-25 08:17:35.000883,362,1.037,0.0011,"aoml_navis",1028.12215968843
"7901009",65,0,1,0.016821,1,-0.005607,1,140.945711317876,1,4.86316246271112,364,1,16.4500007629395,36.1640014648438,0.0168210007250309,0,135.914093017578,-86.306,25.354,61.2924975062196,63,63,63,63,61,63,0,8279,1.45687144005964,25,-86,0.001869,51,2025-03-25 08:17:35.000883,364,1.037,0.0011,"aoml_navis",1028.13756240679
"7901009",65,0,1,0.020559,1,-0.001869,1,140.753247919257,1,4.86310422537235,366,1,16.4160003662109,36.1580009460449,0.020558999851346,0,135.728500366211,-86.306,25.354,61.2924975062196,63,63,63,63,61,63,0,8279,1.45687144005964,25,-86,0.001869,51,2025-03-25 08:17:35.000883,366,1.037,0.0011,"aoml_navis",1028.14987470625
"7901009",65,0,1,0.016821,1,-0.005607,1,140.376707671495,1,4.86305280473658,368.100006103516,1,16.3929996490479,36.1529998779297,0.0168210007250309,0,135.36540222168,-86.306,25.354,61.2924975062196,63,63,63,63,61,63,0,8279,1.45687144005964,25,-86,0.001869,51,2025-03-25 08:17:35.000883,368.100006103516,1.037,0.0011,"aoml_navis",1028.16074609143
"7901009",65,0,1,0.01869,1,-0.003738,1,140.134257273269,1,4.86297886798964,370,1,16.3239994049072,36.140998840332,0.0186899993568659,0,135.131607055664,-86.306,25.354,61.2924975062196,63,63,63,63,61,63,0,8279,1.45687144005964,25,-86,0.001869,51,2025-03-25 08:17:35.000883,370,1.037,0.0011,"aoml_navis",1028.17637825085
"7901009",65,0,1,0.016821,1,-0.005607,1,139.897392633466,1,4.86291312734714,372,1,16.2800006866455,36.1339988708496,0.0168210007250309,0,134.903198242188,-86.306,25.354,61.2924975062196,63,63,63,63,61,63,0,8279,1.45687144005964,25,-86,0.001869,51,2025-03-25 08:17:35.000883,372,1.037,0.0011,"aoml_navis",1028.19027793894
"7901009",65,0,1,0.01869,1,-0.003738,1,139.558813389838,1,4.86286565510814,374,1,16.2649993896484,36.1310005187988,0.0186899993568659,0,134.576705932617,-86.306,25.354,61.2924975062196,63,63,63,63,61,63,0,8279,1.45687144005964,25,-86,0.001869,51,2025-03-25 08:17:35.000883,374,1.037,0.0011,"aoml_navis",1028.20031533214
"7901009",65,0,1,0.013083,1,-0.009345,1,139.129485351417,1,4.86280741260858,376,1,16.2339992523193,36.1259994506836,0.0130829997360706,0,134.162704467773,-86.306,25.354,61.2924975062196,63,63,63,63,61,63,0,8279,1.45687144005964,25,-86,0.001869,51,2025-03-25 08:17:35.000883,376,1.037,0.0011,"aoml_navis",1028.21263022584
"7901009",65,0,1,0.01869,1,-0.003738,1,138.57333053178,1,4.86273044508512,378,1,16.1669998168945,36.1150016784668,0.0186899993568659,0,133.626403808594,-86.306,25.354,61.2924975062196,63,63,63,63,61,63,0,8279,1.45687144005964,25,-86,0.001869,51,2025-03-25 08:17:35.000883,378,1.037,0.0011,"aoml_navis",1028.22890482314
"7901009",65,0,1,0.014952,1,-0.007476,1,138.200097432774,1,4.86264490298631,380,1,16.076000213623,36.0989990234375,0.0149520002305508,0,133.266494750977,-86.306,25.354,61.2924975062196,63,63,63,63,61,63,0,8279,1.45687144005964,25,-86,0.001869,51,2025-03-25 08:17:35.000883,380,1.037,0.0011,"aoml_navis",1028.24699309821
"7901009",65,0,1,0.01869,1,-0.003738,1,137.849792843559,1,4.86255578405595,382,1,15.9879999160767,36.0849990844727,0.0186899993568659,0,132.928695678711,-86.306,25.354,61.2924975062196,63,63,63,63,61,63,0,8279,1.45687144005964,25,-86,0.001869,51,2025-03-25 08:17:35.000883,382,1.037,0.0011,"aoml_navis",1028.26583838785
"7901009",65,0,1,0.014952,1,-0.007476,1,137.503016934595,1,4.86248311047702,384,1,15.9209995269775,36.0730018615723,0.0149520002305508,0,132.594299316406,-86.306,25.354,61.2924975062196,63,63,63,63,61,63,0,8279,1.45687144005964,25,-86,0.001869,51,2025-03-25 08:17:35.000883,384,1.037,0.0011,"aoml_navis",1028.2812066178
"7901009",65,0,1,0.014952,1,-0.007476,1,137.100035320469,1,4.862414498237,386,1,15.8640003204346,36.0629997253418,0.0149520002305508,0,132.205703735352,-86.306,25.354,61.2924975062196,63,63,63,63,61,63,0,8279,1.45687144005964,25,-86,0.001869,51,2025-03-25 08:17:35.000883,386,1.037,0.0011,"aoml_navis",1028.2957164209
"7901009",65,0,1,0.016821,1,-0.005607,1,136.838596508336,1,4.86231535818946,388,1,15.7629995346069,36.0480003356934,0.0168210007250309,0,131.953598022461,-86.306,25.354,61.2924975062196,63,63,63,63,61,63,0,8279,1.45687144005964,25,-86,0.001869,51,2025-03-25 08:17:35.000883,388,1.037,0.0011,"aoml_navis",1028.31668282861
"7901009",65,0,1,0.016821,1,-0.005607,1,136.46091695574,1,4.86225390635894,390,1,15.7220001220703,36.0410003662109,0.0168210007250309,0,131.589401245117,-86.306,25.354,61.2924975062196,63,63,63,63,61,63,0,8279,1.45687144005964,25,-86,0.001869,51,2025-03-25 08:17:35.000883,390,1.037,0.0011,"aoml_navis",1028.32967925861
"7901009",65,0,1,0.013083,1,-0.009345,1,136.086133136264,1,4.8621939381281,392,1,15.6789999008179,36.0330009460449,0.0130829997360706,0,131.227996826172,-86.306,25.354,61.2924975062196,63,63,63,63,61,63,0,8279,1.45687144005964,25,-86,0.001869,51,2025-03-25 08:17:35.000883,392,1.037,0.0011,"aoml_navis",1028.34236223925
"7901009",65,0,1,0.020559,1,-0.001869,1,135.88982458383,1,4.86210008207264,394,1,15.5920000076294,36.0209999084473,0.020558999851346,0,131.038696289062,-86.306,25.354,61.2924975062196,63,63,63,63,61,63,0,8279,1.45687144005964,25,-86,0.001869,51,2025-03-25 08:17:35.000883,394,1.037,0.0011,"aoml_navis",1028.36221295317
"7901009",65,0,1,0.016821,1,-0.005607,1,135.628702245262,1,4.86203593813265,396,1,15.5450000762939,36.0130004882812,0.0168210007250309,0,130.786895751953,-86.306,25.354,61.2924975062196,63,63,63,63,61,63,0,8279,1.45687144005964,25,-86,0.001869,51,2025-03-25 08:17:35.000883,396,1.037,0.0011,"aoml_navis",1028.37577994546
"7901009",65,0,1,0.016821,1,-0.005607,1,135.287322210583,1,4.86197956344689,398,1,15.5050001144409,36.0050010681152,0.0168210007250309,0,130.457702636719,-86.306,25.354,61.2924975062196,63,63,63,63,61,63,0,8279,1.45687144005964,25,-86,0.001869,51,2025-03-25 08:17:35.000883,398,1.037,0.0011,"aoml_navis",1028.38770396955
"7901009",65,0,1,0.016821,1,-0.005607,1,134.971956302956,1,4.86191557984606,400,1,15.4580001831055,35.9970016479492,0.0168210007250309,0,130.153594970703,-86.306,25.354,61.2924975062196,63,63,63,63,61,63,0,8279,1.45687144005964,25,-86,0.001869,51,2025-03-25 08:17:35.000883,400,1.037,0.0011,"aoml_navis",1028.40123771921
"7901009",65,0,1,0.020559,1,-0.001869,1,134.622284660872,1,4.86185789885287,402,1,15.4200000762939,35.9900016784668,0.020558999851346,0,129.81640625,-86.306,25.354,61.2924975062196,63,63,63,63,61,63,0,8279,1.45687144005964,25,-86,0.001869,51,2025-03-25 08:17:35.000883,402,1.037,0.0011,"aoml_navis",1028.41343865269
"7901009",65,0,1,0.020559,1,-0.001869,1,134.139124469026,1,4.86181741222369,404,1,15.4010000228882,35.984001159668,0.020558999851346,0,129.350494384766,-86.306,25.354,61.2924975062196,63,63,63,63,61,63,0,8279,1.45687144005964,25,-86,0.001869,51,2025-03-25 08:17:35.000883,404,1.037,0.0011,"aoml_navis",1028.42200273274
"7901009",65,0,1,0.022428,1,0,1,133.682532232971,1,4.86172924529374,406,1,15.3149995803833,35.9710006713867,0.0224280003458261,0,128.910202026367,-86.306,25.354,61.2924975062196,63,63,63,63,61,63,0,8279,1.45687144005964,25,-86,0.001869,51,2025-03-25 08:17:35.000883,406,1.037,0.0011,"aoml_navis",1028.44065305367
"7901009",65,0,1,0.016821,1,-0.005607,1,133.191919088667,1,4.86166962673911,408,1,15.2650003433228,35.9609985351562,0.0168210007250309,0,128.437103271484,-86.306,25.354,61.2924975062196,63,63,63,63,61,63,0,8279,1.45687144005964,25,-86,0.001869,51,2025-03-25 08:17:35.000883,408,1.037,0.0011,"aoml_navis",1028.45326480024
"7901009",65,0,4,0.014952,1,-0.007476,1,132.535378854179,1,4.86159635695544,410,1,15.1990003585815,35.9500007629395,0.0149520002305508,0,127.804000854492,-86.306,25.354,61.2924975062196,63,63,63,63,61,63,0,8279,1.45687144005964,25,-86,0.001869,51,2025-03-25 08:17:35.000883,410,1.037,0.0011,"aoml_navis",1028.46876476007
"7901009",65,0,1,0.024297,1,0.001869,1,132.459053342114,1,4.86145359552749,412,1,15.0179996490479,35.923999786377,0.0242970008403063,0,127.730400085449,-86.306,25.354,61.2924975062196,63,63,63,63,61,63,0,8279,1.45687144005964,25,-86,0.001869,51,2025-03-25 08:17:35.000883,412,1.037,0.0011,"aoml_navis",1028.49896676993
"7901009",65,0,1,0.020559,1,-0.001869,1,132.226033856128,1,4.86140303468594,414,1,14.9860000610352,35.9169998168945,0.020558999851346,0,127.505699157715,-86.306,25.354,61.2924975062196,63,63,63,63,61,63,0,8279,1.45687144005964,25,-86,0.001869,51,2025-03-25 08:17:35.000883,414,1.037,0.0011,"aoml_navis",1028.50966363521
"7901009",65,0,1,0.014952,1,-0.007476,1,132.01551564062,1,4.86134565533737,416,1,14.951000213623,35.9109992980957,0.0149520002305508,0,127.302696228027,-86.306,25.354,61.2924975062196,63,63,63,63,61,63,0,8279,1.45687144005964,25,-86,0.001869,51,2025-03-25 08:17:35.000883,416,1.037,0.0011,"aoml_navis",1028.52180332217
"7901009",65,0,1,0.01869,1,-0.003738,1,131.581630382861,1,4.86130103460773,418,1,14.9379997253418,35.9080009460449,0.0186899993568659,0,126.884300231934,-86.306,25.354,61.2924975062196,63,63,63,63,61,63,0,8279,1.45687144005964,25,-86,0.001869,51,2025-03-25 08:17:35.000883,418,1.037,0.0011,"aoml_navis",1028.53124387996
"7901009",65,0,1,0.01869,1,-0.003738,1,131.098691722511,1,4.86124712157261,420,1,14.8959999084473,35.898998260498,0.0186899993568659,0,126.418601989746,-86.306,25.354,61.2924975062196,63,63,63,63,61,63,0,8279,1.45687144005964,25,-86,0.001869,51,2025-03-25 08:17:35.000883,420,1.037,0.0011,"aoml_navis",1028.54265067325
"7901009",65,0,1,0.020559,1,-0.001869,1,130.930691730475,1,4.86115625334797,422,1,14.7819995880127,35.8790016174316,0.020558999851346,0,126.25659942627,-86.306,25.354,61.2924975062196,63,63,63,63,61,63,0,8279,1.45687144005964,25,-86,0.001869,51,2025-03-25 08:17:35.000883,422,1.037,0.0011,"aoml_navis",1028.56187693132
"7901009",65,0,1,0.020559,1,-0.001869,1,130.619170976664,1,4.8610794163022,424,1,14.7080001831055,35.867000579834,0.020558999851346,0,125.956199645996,-86.306,25.354,61.2924975062196,63,63,63,63,61,63,0,8279,1.45687144005964,25,-86,0.001869,51,2025-03-25 08:17:35.000883,424,1.037,0.0011,"aoml_navis",1028.57813497799
"7901009",65,0,1,0.016821,1,-0.005607,1,130.280892382924,1,4.8610134224943,426,1,14.6440000534058,35.8549995422363,0.0168210007250309,0,125.629997253418,-86.306,25.354,61.2924975062196,63,63,63,63,61,63,0,8279,1.45687144005964,25,-86,0.001869,51,2025-03-25 08:17:35.000883,426,1.037,0.0011,"aoml_navis",1028.59209910068
"7901009",65,0,1,0.016821,1,-0.005607,1,129.777936769581,1,4.86094939385354,428,1,14.5920000076294,35.8460006713867,0.0168210007250309,0,125.144996643066,-86.306,25.354,61.2924975062196,63,63,63,63,61,63,0,8279,1.45687144005964,25,-86,0.001869,51,2025-03-25 08:17:35.000883,428,1.037,0.0011,"aoml_navis",1028.60564776138
"7901009",65,0,1,0.020559,1,-0.001869,1,129.242526792136,1,4.86087676917743,430,1,14.5179996490479,35.8330001831055,0.020558999851346,0,124.628700256348,-86.306,25.354,61.2924975062196,63,63,63,63,61,63,0,8279,1.45687144005964,25,-86,0.001869,51,2025-03-25 08:17:35.000883,430,1.037,0.0011,"aoml_navis",1028.62101580207
"7901009",65,0,1,0.024297,1,0.001869,1,129.182792406723,1,4.86077835235138,432,1,14.4020004272461,35.814998626709,0.0242970008403063,0,124.571098327637,-86.306,25.354,61.2924975062196,63,63,63,63,61,63,0,8279,1.45687144005964,25,-86,0.001869,51,2025-03-25 08:17:35.000883,432,1.037,0.0011,"aoml_navis",1028.64184242865
"7901009",65,0,1,0.01869,1,-0.003738,1,128.98057371046,1,4.86072128145105,434,1,14.3699998855591,35.810001373291,0.0186899993568659,0,124.376098632812,-86.306,25.354,61.2924975062196,63,63,63,63,61,63,0,8279,1.45687144005964,25,-86,0.001869,51,2025-03-25 08:17:35.000883,434,1.037,0.0011,"aoml_navis",1028.65391996049
"7901009",65,0,1,0.022428,1,0,1,128.671228712409,1,4.86067161022451,436,1,14.3450002670288,35.8050003051758,0.0224280003458261,0,124.077796936035,-86.306,25.354,61.2924975062196,63,63,63,63,61,63,0,8279,1.45687144005964,25,-86,0.001869,51,2025-03-25 08:17:35.000883,436,1.037,0.0011,"aoml_navis",1028.66443177984
"7901009",65,0,1,0.016821,1,-0.005607,1,128.391030929704,1,4.86060716376423,438,1,14.2919998168945,35.7960014343262,0.0168210007250309,0,123.807601928711,-86.306,25.354,61.2924975062196,63,63,63,63,61,63,0,8279,1.45687144005964,25,-86,0.001869,51,2025-03-25 08:17:35.000883,438,1.037,0.0011,"aoml_navis",1028.67807077168
"7901009",65,0,1,0.01869,1,-0.003738,1,128.302987983892,1,4.86052191564928,440,1,14.2119998931885,35.7849998474121,0.0186899993568659,0,123.722702026367,-86.306,25.354,61.2924975062196,63,63,63,63,61,63,0,8279,1.45687144005964,25,-86,0.001869,51,2025-03-25 08:17:35.000883,440,1.037,0.0011,"aoml_navis",1028.69611263384
"7901009",65,0,1,0.020559,1,-0.001869,1,128.021437276696,1,4.86046037126374,442,1,14.164999961853,35.7770004272461,0.020558999851346,0,123.451202392578,-86.306,25.354,61.2924975062196,63,63,63,63,61,63,0,8279,1.45687144005964,25,-86,0.001869,51,2025-03-25 08:17:35.000883,442,1.037,0.0011,"aoml_navis",1028.70913824568
"7901009",65,0,1,0.026166,1,0.003738,1,127.888281024179,1,4.86039943829675,444,1,14.1219997406006,35.7700004577637,0.0261659994721413,0,123.322799682617,-86.306,25.354,61.2924975062196,63,63,63,63,61,63,0,8279,1.45687144005964,25,-86,0.001869,51,2025-03-25 08:17:35.000883,444,1.037,0.0011,"aoml_navis",1028.72203477831
"7901009",65,0,1,0.01869,1,-0.003738,1,127.682533647665,1,4.860331299879,446,1,14.0860004425049,35.7669982910156,0.0186899993568659,0,123.124397277832,-86.306,25.354,61.2924975062196,63,63,63,63,61,63,0,8279,1.45687144005964,25,-86,0.001869,51,2025-03-25 08:17:35.000883,446,1.037,0.0011,"aoml_navis",1028.73645673588
"7901009",65,0,1,0.020559,1,-0.001869,1,127.524186099365,1,4.86028343004635,448,1,14.0729999542236,35.7649993896484,0.020558999851346,0,122.971702575684,-86.306,25.354,61.2924975062196,63,63,63,63,61,63,0,8279,1.45687144005964,25,-86,0.001869,51,2025-03-25 08:17:35.000883,448,1.037,0.0011,"aoml_navis",1028.74658895198
"7901009",65,0,1,0.024297,1,0.001869,1,127.273222562236,1,4.8602412731627,450,1,14.0690002441406,35.7639999389648,0.0242970008403063,0,122.729698181152,-86.306,25.354,61.2924975062196,63,63,63,63,61,63,0,8279,1.45687144005964,25,-86,0.001869,51,2025-03-25 08:17:35.000883,450,1.037,0.0011,"aoml_navis",1028.75551212015
"7901009",65,0,1,0.020559,1,-0.001869,1,126.905290395445,1,4.86019601177988,452,1,14.0550003051758,35.7610015869141,0.020558999851346,0,122.374900817871,-86.306,25.354,61.2924975062196,63,63,63,63,61,63,0,8279,1.45687144005964,25,-86,0.001869,51,2025-03-25 08:17:35.000883,452,1.037,0.0011,"aoml_navis",1028.76509257677
"7901009",65,0,1,0.020559,1,-0.001869,1,126.359405142996,1,4.86014041694127,454,1,14.0240001678467,35.7560005187988,0.020558999851346,0,121.848503112793,-86.306,25.354,61.2924975062196,63,63,63,63,61,63,0,8279,1.45687144005964,25,-86,0.001869,51,2025-03-25 08:17:35.000883,454,1.037,0.0011,"aoml_navis",1028.77686055555
"7901009",65,0,1,0.01869,1,-0.003738,1,125.585785513097,1,4.86008331979003,456,1,13.9879999160767,35.75,0.0186899993568659,0,121.102500915527,-86.306,25.354,61.2924975062196,63,63,63,63,61,63,0,8279,1.45687144005964,25,-86,0.001869,51,2025-03-25 08:17:35.000883,456,1.037,0.0011,"aoml_navis",1028.78894681501
"7901009",65,0,1,0.020559,1,-0.001869,1,124.973939257841,1,4.86000978504679,458,1,13.9289999008179,35.742000579834,0.020558999851346,0,120.512496948242,-86.306,25.354,61.2924975062196,63,63,63,63,61,63,0,8279,1.45687144005964,25,-86,0.001869,51,2025-03-25 08:17:35.000883,458,1.037,0.0011,"aoml_navis",1028.80451298348
"7901009",65,0,1,0.01869,1,-0.003738,1,124.693013585936,1,4.85994003016903,460,1,13.8699998855591,35.7330017089844,0.0186899993568659,0,120.241600036621,-86.306,25.354,61.2924975062196,63,63,63,63,61,63,0,8279,1.45687144005964,25,-86,0.001869,51,2025-03-25 08:17:35.000883,460,1.037,0.0011,"aoml_navis",1028.81927944821
"7901009",65,0,1,0.024297,1,0.001869,1,124.459163356841,1,4.85988410709549,462,1,13.8420000076294,35.7290000915527,0.0242970008403063,0,120.016098022461,-86.306,25.354,61.2924975062196,63,63,63,63,61,63,0,8279,1.45687144005964,25,-86,0.001869,51,2025-03-25 08:17:35.000883,462,1.037,0.0011,"aoml_navis",1028.83111815361
"7901009",65,0,1,0.01869,1,-0.003738,1,124.27488871172,1,4.85983438201624,464,1,13.8199996948242,35.7249984741211,0.0186899993568659,0,119.838401794434,-86.306,25.354,61.2924975062196,63,63,63,63,61,63,0,8279,1.45687144005964,25,-86,0.001869,51,2025-03-25 08:17:35.000883,464,1.037,0.0011,"aoml_navis",1028.84164499565
"7901009",65,0,1,0.020559,1,-0.001869,1,124.195659554696,1,4.85978616120925,466,1,13.8030004501343,35.7220001220703,0.020558999851346,0,119.762001037598,-86.306,25.354,61.2924975062196,63,63,63,63,61,63,0,8279,1.45687144005964,25,-86,0.001869,51,2025-03-25 08:17:35.000883,466,1.037,0.0011,"aoml_navis",1028.8518535877
"7901009",65,0,1,0.020559,1,-0.001869,1,123.764361468332,1,4.85973151995844,468,1,13.7620000839233,35.7140007019043,0.020558999851346,0,119.346099853516,-86.306,25.354,61.2924975062196,63,63,63,63,61,63,0,8279,1.45687144005964,25,-86,0.001869,51,2025-03-25 08:17:35.000883,468,1.037,0.0011,"aoml_navis",1028.86342166547
"7901009",65,0,1,0.024297,1,0.001869,1,122.935675438104,1,4.85967661216205,470,1,13.710000038147,35.7029991149902,0.0242970008403063,0,118.546997070312,-86.306,25.354,61.2924975062196,63,63,63,63,61,63,0,8279,1.45687144005964,25,-86,0.001869,51,2025-03-25 08:17:35.000883,470,1.037,0.0011,"aoml_navis",1028.87504643555
"7901009",65,0,1,0.024297,1,0.001869,1,122.694570052529,1,4.85959364663408,472,1,13.6090002059937,35.6860008239746,0.0242970008403063,0,118.314498901367,-86.306,25.354,61.2924975062196,63,63,63,63,61,63,0,8279,1.45687144005964,25,-86,0.001869,51,2025-03-25 08:17:35.000883,472,1.037,0.0011,"aoml_navis",1028.89261192922
"7901009",65,0,1,0.01869,1,-0.003738,1,122.653816169183,1,4.85952017610605,474,1,13.5419998168945,35.6759986877441,0.0186899993568659,0,118.275199890137,-86.306,25.354,61.2924975062196,63,63,63,63,61,63,0,8279,1.45687144005964,25,-86,0.001869,51,2025-03-25 08:17:35.000883,474,1.037,0.0011,"aoml_navis",1028.90816763858
"7901009",65,0,1,0.020559,1,-0.001869,1,122.422149607687,1,4.85947026473487,476,1,13.5159997940063,35.6710014343262,0.020558999851346,0,118.051803588867,-86.306,25.354,61.2924975062196,63,63,63,63,61,63,0,8279,1.45687144005964,25,-86,0.001869,51,2025-03-25 08:17:35.000883,476,1.037,0.0011,"aoml_navis",1028.91873550188
"7901009",65,0,1,0.01869,1,-0.003738,1,122.399229009734,1,4.85940882012015,478,1,13.4750003814697,35.6650009155273,0.0186899993568659,0,118.02970123291,-86.306,25.354,61.2924975062196,63,63,63,63,61,63,0,8279,1.45687144005964,25,-86,0.001869,51,2025-03-25 08:17:35.000883,478,1.037,0.0011,"aoml_navis",1028.9317456267
"7901009",65,0,1,0.020559,1,-0.001869,1,122.586723773381,1,4.85935168533022,480,1,13.4309997558594,35.6570014953613,0.020558999851346,0,118.210502624512,-86.306,25.354,61.2924975062196,63,63,63,63,61,63,0,8279,1.45687144005964,25,-86,0.001869,51,2025-03-25 08:17:35.000883,480,1.037,0.0011,"aoml_navis",1028.9438434955
"7901009",65,0,1,0.020559,1,-0.001869,1,122.87885260949,1,4.85927466413795,482,1,13.3599996566772,35.6469993591309,0.020558999851346,0,118.492202758789,-86.306,25.354,61.2924975062196,63,63,63,63,61,63,0,8279,1.45687144005964,25,-86,0.001869,51,2025-03-25 08:17:35.000883,482,1.037,0.0011,"aoml_navis",1028.96015261303
"7901009",65,0,1,0.020559,1,-0.001869,1,123.027247064168,1,4.85920766567186,484,1,13.3059997558594,35.6389999389648,0.020558999851346,0,118.635299682617,-86.306,25.354,61.2924975062196,63,63,63,63,61,63,0,8279,1.45687144005964,25,-86,0.001869,51,2025-03-25 08:17:35.000883,484,1.037,0.0011,"aoml_navis",1028.97433985437
"7901009",65,0,1,0.022428,1,0,1,123.082835645878,1,4.85914895547291,486,1,13.2709999084473,35.6339988708496,0.0224280003458261,0,118.688903808594,-86.306,25.354,61.2924975062196,63,63,63,63,61,63,0,8279,1.45687144005964,25,-86,0.001869,51,2025-03-25 08:17:35.000883,486,1.037,0.0011,"aoml_navis",1028.98677233766
"7901009",65,0,1,0.024297,1,0.001869,1,123.13188113663,1,4.85909467064021,488,1,13.2440004348755,35.6300010681152,0.0242970008403063,0,118.736198425293,-86.306,25.354,61.2924975062196,63,63,63,63,61,63,0,8279,1.45687144005964,25,-86,0.001869,51,2025-03-25 08:17:35.000883,488,1.037,0.0011,"aoml_navis",1028.99826797185
"7901009",65,0,1,0.024297,1,0.001869,1,123.096206654004,1,4.85904544293241,490,1,13.2220001220703,35.6259994506836,0.0242970008403063,0,118.701797485352,-86.306,25.354,61.2924975062196,63,63,63,63,61,63,0,8279,1.45687144005964,25,-86,0.001869,51,2025-03-25 08:17:35.000883,490,1.037,0.0011,"aoml_navis",1029.00869290544
"7901009",65,0,1,0.022428,1,0,1,123.009200159117,1,4.85899959675139,492,1,13.2069997787476,35.6230010986328,0.0224280003458261,0,118.617897033691,-86.306,25.354,61.2924975062196,63,63,63,63,61,63,0,8279,1.45687144005964,25,-86,0.001869,51,2025-03-25 08:17:35.000883,492,1.037,0.0011,"aoml_navis",1029.01840192431
"7901009",65,0,1,0.020559,1,-0.001869,1,122.771623453793,1,4.85895140113738,494,1,13.1859998703003,35.6189994812012,0.020558999851346,0,118.388801574707,-86.306,25.354,61.2924975062196,63,63,63,63,61,63,0,8279,1.45687144005964,25,-86,0.001869,51,2025-03-25 08:17:35.000883,494,1.037,0.0011,"aoml_navis",1029.02860868903
"7901009",65,0,1,0.022428,1,0,1,122.545242000835,1,4.85889785367806,496,1,13.1560001373291,35.6139984130859,0.0224280003458261,0,118.170501708984,-86.306,25.354,61.2924975062196,63,63,63,63,61,63,0,8279,1.45687144005964,25,-86,0.001869,51,2025-03-25 08:17:35.000883,496,1.037,0.0011,"aoml_navis",1029.03994909363
"7901009",65,0,1,0.01869,1,-0.003738,1,122.259956905571,1,4.8588269407003,498,1,13.0939998626709,35.6049995422363,0.0186899993568659,0,117.895401000977,-86.306,25.354,61.2924975062196,63,63,63,63,61,63,0,8279,1.45687144005964,25,-86,0.001869,51,2025-03-25 08:17:35.000883,498,1.037,0.0011,"aoml_navis",1029.05496759252
"7901009",65,0,1,0.022428,1,0,1,122.160402233828,1,4.8587432470039,500,1,13.0080003738403,35.5929985046387,0.0224280003458261,0,117.79940032959,-86.306,25.354,61.2924975062196,63,63,63,63,61,63,0,8279,1.45687144005964,25,-86,0.001869,51,2025-03-25 08:17:35.000883,500,1.037,0.0011,"aoml_navis",1029.07269345488
"7901009",65,0,1,0.020559,1,-0.001869,1,121.866200495867,1,4.85869254553765,502,1,12.9770002365112,35.5870018005371,0.020558999851346,0,117.515701293945,-86.306,25.354,61.2924975062196,63,63,63,63,61,63,0,8279,1.45687144005964,25,-86,0.001869,51,2025-03-25 08:17:35.000883,502,1.037,0.0011,"aoml_navis",1029.08343204225
"7901009",65,0,1,0.024297,1,0.001869,1,121.530722693178,1,4.85863134586766,504,1,12.9280004501343,35.5789985656738,0.0242970008403063,0,117.192199707031,-86.306,25.354,61.2924975062196,63,63,63,63,61,63,0,8279,1.45687144005964,25,-86,0.001869,51,2025-03-25 08:17:35.000883,504,1.037,0.0011,"aoml_navis",1029.0963944512
"7901009",65,0,1,0.022428,1,0,1,121.235895919926,1,4.85857059287597,506,1,12.8719997406006,35.5690002441406,0.0224280003458261,0,116.907897949219,-86.306,25.354,61.2924975062196,63,63,63,63,61,63,0,8279,1.45687144005964,25,-86,0.001869,51,2025-03-25 08:17:35.000883,506,1.037,0.0011,"aoml_navis",1029.10926257435
"7901009",65,0,1,0.020559,1,-0.001869,1,120.634010670131,1,4.85851551212155,508,1,12.8290004730225,35.5610008239746,0.020558999851346,0,116.327499389648,-86.306,25.354,61.2924975062196,63,63,63,63,61,63,0,8279,1.45687144005964,25,-86,0.001869,51,2025-03-25 08:17:35.000883,508,1.037,0.0011,"aoml_navis",1029.12092953608
"7901009",65,0,1,0.026166,1,0.003738,1,120.270532868769,1,4.85840750216714,510,1,12.6949996948242,35.5429992675781,0.0261659994721413,0,115.976997375488,-86.306,25.354,61.2924975062196,63,63,63,63,61,63,0,8279,1.45687144005964,25,-86,0.001869,51,2025-03-25 08:17:35.000883,510,1.037,0.0011,"aoml_navis",1029.1438084948
"7901009",65,0,1,0.024297,1,0.001869,1,120.232065506931,1,4.85834561157424,512,1,12.6409997940063,35.5340003967285,0.0242970008403063,0,115.939903259277,-86.306,25.354,61.2924975062196,63,63,63,63,61,63,0,8279,1.45687144005964,25,-86,0.001869,51,2025-03-25 08:17:35.000883,512,1.037,0.0011,"aoml_navis",1029.15691878492
"7901009",65,0,1,0.024297,1,0.001869,1,120.137693089817,1,4.8582978679311,514,1,12.6199998855591,35.5299987792969,0.0242970008403063,0,115.848899841309,-86.306,25.354,61.2924975062196,63,63,63,63,61,63,0,8279,1.45687144005964,25,-86,0.001869,51,2025-03-25 08:17:35.000883,514,1.037,0.0011,"aoml_navis",1029.16703255357
"7901009",65,0,1,0.028035,1,0.005607,1,120.114463930138,1,4.85823984764361,516,1,12.581000328064,35.523998260498,0.0280349999666214,0,115.826499938965,-86.306,25.354,61.2924975062196,63,63,63,63,61,63,0,8279,1.45687144005964,25,-86,0.001869,51,2025-03-25 08:17:35.000883,516,1.037,0.0011,"aoml_navis",1029.17932354146
"7901009",65,0,1,0.020559,1,-0.001869,1,120.030361080211,1,4.85817358641057,518,1,12.5260000228882,35.515998840332,0.020558999851346,0,115.745399475098,-86.306,25.354,61.2924975062196,63,63,63,63,61,63,0,8279,1.45687144005964,25,-86,0.001869,51,2025-03-25 08:17:35.000883,518,1.037,0.0011,"aoml_navis",1029.1933606461
"7901009",65,0,1,0.022428,1,0,1,120.016254271047,1,4.85810915263614,520,1,12.4689998626709,35.5069999694824,0.0224280003458261,0,115.731796264648,-86.306,25.354,61.2924975062196,63,63,63,63,61,63,0,8279,1.45687144005964,25,-86,0.001869,51,2025-03-25 08:17:35.000883,520,1.037,0.0011,"aoml_navis",1029.20701098016
"7901009",65,0,1,0.024297,1,0.001869,1,119.817461401126,1,4.85806297971862,522,1,12.4569997787476,35.5050010681152,0.0242970008403063,0,115.540100097656,-86.306,25.354,61.2924975062196,63,63,63,63,61,63,0,8279,1.45687144005964,25,-86,0.001869,51,2025-03-25 08:17:35.000883,522,1.037,0.0011,"aoml_navis",1029.21679296335
"7901009",65,0,1,0.024297,1,0.001869,1,119.734600709942,1,4.85800885901127,524,1,12.4180002212524,35.4980010986328,0.0242970008403063,0,115.46019744873,-86.306,25.354,61.2924975062196,63,63,63,63,61,63,0,8279,1.45687144005964,25,-86,0.001869,51,2025-03-25 08:17:35.000883,524,1.037,0.0011,"aoml_navis",1029.22825896568
"7901009",65,0,1,0.022428,1,0,1,119.67766711558,1,4.85794534530141,526,1,12.3730001449585,35.492000579834,0.0224280003458261,0,115.405296325684,-86.306,25.354,61.2924975062196,63,63,63,63,61,63,0,8279,1.45687144005964,25,-86,0.001869,51,2025-03-25 08:17:35.000883,526,1.037,0.0011,"aoml_navis",1029.24171529348
"7901009",65,0,1,0.022428,1,0,1,119.670309105191,1,4.85788169700655,528,1,12.3240003585815,35.4850006103516,0.0224280003458261,0,115.39820098877,-86.306,25.354,61.2924975062196,63,63,63,63,61,63,0,8279,1.45687144005964,25,-86,0.001869,51,2025-03-25 08:17:35.000883,528,1.037,0.0011,"aoml_navis",1029.25520048811
"7901009",65,0,1,0.020559,1,-0.001869,1,119.640133350759,1,4.85783806464571,530,1,12.3070001602173,35.4809989929199,0.020558999851346,0,115.369102478027,-86.306,25.354,61.2924975062196,63,63,63,63,61,63,0,8279,1.45687144005964,25,-86,0.001869,51,2025-03-25 08:17:35.000883,530,1.037,0.0011,"aoml_navis",1029.26444510139
"7901009",65,0,1,0.026166,1,0.003738,1,119.541409422124,1,4.85779078223647,532,1,12.289999961853,35.4780006408691,0.0261659994721413,0,115.273902893066,-86.306,25.354,61.2924975062196,63,63,63,63,61,63,0,8279,1.45687144005964,25,-86,0.001869,51,2025-03-25 08:17:35.000883,532,1.037,0.0011,"aoml_navis",1029.27446325674
"7901009",65,0,1,0.022428,1,0,1,119.406908156955,1,4.85774275544368,534,1,12.2760000228882,35.476001739502,0.0224280003458261,0,115.144203186035,-86.306,25.354,61.2924975062196,63,63,63,63,61,63,0,8279,1.45687144005964,25,-86,0.001869,51,2025-03-25 08:17:35.000883,534,1.037,0.0011,"aoml_navis",1029.28463933108
"7901009",65,0,1,0.026166,1,0.003738,1,119.215781859149,1,4.85770011605836,536,1,12.2600002288818,35.4720001220703,0.0261659994721413,0,114.959899902344,-86.306,25.354,61.2924975062196,63,63,63,63,61,63,0,8279,1.45687144005964,25,-86,0.001869,51,2025-03-25 08:17:35.000883,536,1.037,0.0011,"aoml_navis",1029.29367407248
"7901009",65,0,1,0.022428,1,0,1,119.103267594915,1,4.85762342479943,538,1,12.1820001602173,35.4609985351562,0.0224280003458261,0,114.851402282715,-86.306,25.354,61.2924975062196,63,63,63,63,61,63,0,8279,1.45687144005964,25,-86,0.001869,51,2025-03-25 08:17:35.000883,538,1.037,0.0011,"aoml_navis",1029.30992437036
"7901009",65,0,1,0.022428,1,0,1,118.95538740978,1,4.85756990184612,540,1,12.1470003128052,35.4550018310547,0.0224280003458261,0,114.708801269531,-86.306,25.354,61.2924975062196,63,63,63,63,61,63,0,8279,1.45687144005964,25,-86,0.001869,51,2025-03-25 08:17:35.000883,540,1.037,0.0011,"aoml_navis",1029.32126578348
"7901009",65,0,1,0.024297,1,0.001869,1,118.740517682752,1,4.85751913129133,542,1,12.1110000610352,35.4480018615723,0.0242970008403063,0,114.501602172852,-86.306,25.354,61.2924975062196,63,63,63,63,61,63,0,8279,1.45687144005964,25,-86,0.001869,51,2025-03-25 08:17:35.000883,542,1.037,0.0011,"aoml_navis",1029.33202419952
"7901009",65,0,1,0.022428,1,0,1,118.620637496291,1,4.85744149376317,544,1,12.0200004577637,35.4339981079102,0.0224280003458261,0,114.386001586914,-86.306,25.354,61.2924975062196,63,63,63,63,61,63,0,8279,1.45687144005964,25,-86,0.001869,51,2025-03-25 08:17:35.000883,544,1.037,0.0011,"aoml_navis",1029.34847623381
"7901009",65,0,1,0.022428,1,0,1,118.648115313581,1,4.85733926187371,546,1,11.8950004577637,35.4179992675781,0.0224280003458261,0,114.412498474121,-86.306,25.354,61.2924975062196,63,63,63,63,61,63,0,8279,1.45687144005964,25,-86,0.001869,51,2025-03-25 08:17:35.000883,546,1.037,0.0011,"aoml_navis",1029.37014081888
"7901009",65,0,1,0.022428,1,0,1,118.5585216473,1,4.85728900163908,548,1,11.8629999160767,35.4119987487793,0.0224280003458261,0,114.326103210449,-86.306,25.354,61.2924975062196,63,63,63,63,61,63,0,8279,1.45687144005964,25,-86,0.001869,51,2025-03-25 08:17:35.000883,548,1.037,0.0011,"aoml_navis",1029.38079210703
"7901009",65,0,1,0.022428,1,0,1,118.334830219644,1,4.85723916179631,550,1,11.8430004119873,35.4090003967285,0.0224280003458261,0,114.110397338867,-86.306,25.354,61.2924975062196,63,63,63,63,61,63,0,8279,1.45687144005964,25,-86,0.001869,51,2025-03-25 08:17:35.000883,550,1.037,0.0011,"aoml_navis",1029.39135452225
"7901009",65,0,1,0.026166,1,0.003738,1,118.06479123838,1,4.85718789552842,552,1,11.8059997558594,35.4020004272461,0.0261659994721413,0,113.849998474121,-86.306,25.354,61.2924975062196,63,63,63,63,61,63,0,8279,1.45687144005964,25,-86,0.001869,51,2025-03-25 08:17:35.000883,552,1.037,0.0011,"aoml_navis",1029.40221946181
"7901009",65,0,1,0.020559,1,-0.001869,1,117.595231497994,1,4.85713115146043,554,1,11.7670001983643,35.3959999084473,0.020558999851346,0,113.397201538086,-86.306,25.354,61.2924975062196,63,63,63,63,61,63,0,8279,1.45687144005964,25,-86,0.001869,51,2025-03-25 08:17:35.000883,554,1.037,0.0011,"aoml_navis",1029.41424558746
"7901009",65,0,1,0.022428,1,0,1,117.449843542185,1,4.85704516156571,556,1,11.6540002822876,35.3790016174316,0.0224280003458261,0,113.25700378418,-86.306,25.354,61.2924975062196,63,63,63,63,61,63,0,8279,1.45687144005964,25,-86,0.001869,51,2025-03-25 08:17:35.000883,556,1.037,0.0011,"aoml_navis",1029.43247049986
"7901009",65,0,1,0.028035,1,0.005607,1,117.385852587321,1,4.85699801969305,558,1,11.625,35.3730010986328,0.0280349999666214,0,113.195297241211,-86.306,25.354,61.2924975062196,63,63,63,63,61,63,0,8279,1.45687144005964,25,-86,0.001869,51,2025-03-25 08:17:35.000883,558,1.037,0.0011,"aoml_navis",1029.4424621396
"7901009",65,0,1,0.026166,1,0.003738,1,117.2846443412,1,4.85694939883853,560,1,11.6099996566772,35.3709983825684,0.0261659994721413,0,113.097702026367,-86.306,25.354,61.2924975062196,63,63,63,63,61,63,0,8279,1.45687144005964,25,-86,0.001869,51,2025-03-25 08:17:35.000883,560,1.037,0.0011,"aoml_navis",1029.45276745022
"7901009",65,0,1,0.024297,1,0.001869,1,117.225946406713,1,4.85689694598515,562,1,11.5869998931885,35.3680000305176,0.0242970008403063,0,113.04109954834,-86.306,25.354,61.2924975062196,63,63,63,63,61,63,0,8279,1.45687144005964,25,-86,0.001869,51,2025-03-25 08:17:35.000883,562,1.037,0.0011,"aoml_navis",1029.46388519385
"7901009",65,0,1,0.026166,1,0.003738,1,117.069560994516,1,4.85685385082619,564,1,11.5740003585815,35.3650016784668,0.0261659994721413,0,112.890296936035,-86.306,25.354,61.2924975062196,63,63,63,63,61,63,0,8279,1.45687144005964,25,-86,0.001869,51,2025-03-25 08:17:35.000883,564,1.037,0.0011,"aoml_navis",1029.47301968937
"7901009",65,0,1,0.029904,1,0.007476,1,116.924070184798,1,4.85678915763782,566,1,11.5299997329712,35.3600006103516,0.0299040004611015,0,112.75,-86.306,25.354,61.2924975062196,63,63,63,63,61,63,0,8279,1.45687144005964,25,-86,0.001869,51,2025-03-25 08:17:35.000883,566,1.037,0.0011,"aoml_navis",1029.48673243041
"7901009",65,0,1,0.024297,1,0.001869,1,116.932883973586,1,4.85672328784205,568,1,11.4650001525879,35.3499984741211,0.0242970008403063,0,112.758499145508,-86.306,25.354,61.2924975062196,63,63,63,63,61,63,0,8279,1.45687144005964,25,-86,0.001869,51,2025-03-25 08:17:35.000883,568,1.037,0.0011,"aoml_navis",1029.50069494727
"7901009",65,0,1,0.022428,1,0,1,116.910485557016,1,4.85667381072129,570,1,11.4490003585815,35.3479995727539,0.0224280003458261,0,112.73690032959,-86.306,25.354,61.2924975062196,63,63,63,63,61,63,0,8279,1.45687144005964,25,-86,0.001869,51,2025-03-25 08:17:35.000883,570,1.037,0.0011,"aoml_navis",1029.51118293395
"7901009",65,0,1,0.026166,1,0.003738,1,116.851479060802,1,4.85662898320467,572,1,11.4379997253418,35.3460006713867,0.0261659994721413,0,112.680000305176,-86.306,25.354,61.2924975062196,63,63,63,63,61,63,0,8279,1.45687144005964,25,-86,0.001869,51,2025-03-25 08:17:35.000883,572,1.037,0.0011,"aoml_navis",1029.52068549834
"7901009",65,0,1,0.024297,1,0.001869,1,116.797037695765,1,4.85657756230761,574,1,11.4119997024536,35.3419990539551,0.0242970008403063,0,112.627502441406,-86.306,25.354,61.2924975062196,63,63,63,63,61,63,0,8279,1.45687144005964,25,-86,0.001869,51,2025-03-25 08:17:35.000883,574,1.037,0.0011,"aoml_navis",1029.53158594758
"7901009",65,0,1,0.026166,1,0.003738,1,116.734193957574,1,4.85652620779158,576,1,11.3900003433228,35.3390007019043,0.0261659994721413,0,112.566902160645,-86.306,25.354,61.2924975062196,63,63,63,63,61,63,0,8279,1.45687144005964,25,-86,0.001869,51,2025-03-25 08:17:35.000883,576,1.037,0.0011,"aoml_navis",1029.54247255543
"7901009",65,0,1,0.024297,1,0.001869,1,116.70412105705,1,4.85647858666025,578,1,11.3719997406006,35.3359985351562,0.0242970008403063,0,112.537902832031,-86.306,25.354,61.2924975062196,63,63,63,63,61,63,0,8279,1.45687144005964,25,-86,0.001869,51,2025-03-25 08:17:35.000883,578,1.037,0.0011,"aoml_navis",1029.55256793142
"7901009",65,0,1,0.026166,1,0.003738,1,116.660874944379,1,4.85642259295897,580,1,11.3409996032715,35.3320007324219,0.0261659994721413,0,112.496200561523,-86.306,25.354,61.2924975062196,63,63,63,63,61,63,0,8279,1.45687144005964,25,-86,0.001869,51,2025-03-25 08:17:35.000883,580,1.037,0.0011,"aoml_navis",1029.56443849207
"7901009",65,0,1,0.024297,1,0.001869,1,116.689808540068,1,4.85637038642283,582,1,11.3179998397827,35.3289985656738,0.0242970008403063,0,112.524101257324,-86.306,25.354,61.2924975062196,63,63,63,63,61,63,0,8279,1.45687144005964,25,-86,0.001869,51,2025-03-25 08:17:35.000883,582,1.037,0.0011,"aoml_navis",1029.57550642734
"7901009",65,0,1,0.024297,1,0.001869,1,116.633808542723,1,4.85632837962556,584,1,11.3100004196167,35.3269996643066,0.0242970008403063,0,112.470100402832,-86.306,25.354,61.2924975062196,63,63,63,63,61,63,0,8279,1.45687144005964,25,-86,0.001869,51,2025-03-25 08:17:35.000883,584,1.037,0.0011,"aoml_navis",1029.5844121615
"7901009",65,0,1,0.026166,1,0.003738,1,116.619393171833,1,4.85627153550209,586,1,11.2779998779297,35.3230018615723,0.0261659994721413,0,112.456199645996,-86.306,25.354,61.2924975062196,63,63,63,63,61,63,0,8279,1.45687144005964,25,-86,0.001869,51,2025-03-25 08:17:35.000883,586,1.037,0.0011,"aoml_navis",1029.59646375767
"7901009",65,0,1,0.026166,1,0.003738,1,116.504489532182,1,4.85621192422885,588,1,11.2349996566772,35.3170013427734,0.0261659994721413,0,112.345397949219,-86.306,25.354,61.2924975062196,63,63,63,63,61,63,0,8279,1.45687144005964,25,-86,0.001869,51,2025-03-25 08:17:35.000883,588,1.037,0.0011,"aoml_navis",1029.60910232392
"7901009",65,0,1,0.028035,1,0.005607,1,116.356197931413,1,4.85615422596798,590,1,11.1940002441406,35.3110008239746,0.0280349999666214,0,112.20240020752,-86.306,25.354,61.2924975062196,63,63,63,63,61,63,0,8279,1.45687144005964,25,-86,0.001869,51,2025-03-25 08:17:35.000883,590,1.037,0.0011,"aoml_navis",1029.62133559573
"7901009",65,0,1,0.026166,1,0.003738,1,116.272300789304,1,4.85608926331884,592,1,11.1450004577637,35.3050003051758,0.0261659994721413,0,112.12149810791,-86.306,25.354,61.2924975062196,63,63,63,63,61,63,0,8279,1.45687144005964,25,-86,0.001869,51,2025-03-25 08:17:35.000883,592,1.037,0.0011,"aoml_navis",1029.63510942194
"7901009",65,0,1,0.028035,1,0.005607,1,116.246270838574,1,4.85603264274615,594,1,11.1129999160767,35.3009986877441,0.0280349999666214,0,112.096397399902,-86.306,25.354,61.2924975062196,63,63,63,63,61,63,0,8279,1.45687144005964,25,-86,0.001869,51,2025-03-25 08:17:35.000883,594,1.037,0.0011,"aoml_navis",1029.64711480449
"7901009",65,0,1,0.026166,1,0.003738,1,116.256951821396,1,4.85598062150702,596,1,11.0900001525879,35.2980003356934,0.0261659994721413,0,112.10669708252,-86.306,25.354,61.2924975062196,63,63,63,63,61,63,0,8279,1.45687144005964,25,-86,0.001869,51,2025-03-25 08:17:35.000883,596,1.037,0.0011,"aoml_navis",1029.65814522717
"7901009",65,0,1,0.026166,1,0.003738,1,116.166218850281,1,4.85593410106388,598,1,11.0769996643066,35.2960014343262,0.0261659994721413,0,112.019203186035,-86.306,25.354,61.2924975062196,63,63,63,63,61,63,0,8279,1.45687144005964,25,-86,0.001869,51,2025-03-25 08:17:35.000883,598,1.037,0.0011,"aoml_navis",1029.66800947825
"7901009",65,0,1,0.024297,1,0.001869,1,116.142776070945,1,4.85588760146719,600,1,11.0640001296997,35.2939987182617,0.0242970008403063,0,111.996597290039,-86.306,25.354,61.2924975062196,63,63,63,63,61,63,0,8279,1.45687144005964,25,-86,0.001869,51,2025-03-25 08:17:35.000883,600,1.037,0.0011,"aoml_navis",1029.6778694979
"7901009",65,0,1,0.028035,1,0.005607,1,116.092796983176,1,4.85584200626458,602,1,11.0520000457764,35.2919998168945,0.0280349999666214,0,111.948402404785,-86.306,25.354,61.2924975062196,63,63,63,63,61,63,0,8279,1.45687144005964,25,-86,0.001869,51,2025-03-25 08:17:35.000883,602,1.037,0.0011,"aoml_navis",1029.68753792843
"7901009",65,0,1,0.024297,1,0.001869,1,116.030467514529,1,4.85579643733188,604,1,11.0319995880127,35.2879981994629,0.0242970008403063,0,111.888298034668,-86.306,25.354,61.2924975062196,63,63,63,63,61,63,0,8279,1.45687144005964,25,-86,0.001869,51,2025-03-25 08:17:35.000883,604,1.037,0.0011,"aoml_navis",1029.69720096985
"7901009",65,0,1,0.024297,1,0.001869,1,115.951863392796,1,4.85574358105972,606,1,11.003999710083,35.2840003967285,0.0242970008403063,0,111.8125,-86.306,25.354,61.2924975062196,63,63,63,63,61,63,0,8279,1.45687144005964,25,-86,0.001869,51,2025-03-25 08:17:35.000883,606,1.037,0.0011,"aoml_navis",1029.70840954266
"7901009",65,0,1,0.024297,1,0.001869,1,115.895760541542,1,4.85569258835002,608,1,10.9779996871948,35.2799987792969,0.0242970008403063,0,111.758399963379,-86.306,25.354,61.2924975062196,63,63,63,63,61,63,0,8279,1.45687144005964,25,-86,0.001869,51,2025-03-25 08:17:35.000883,608,1.037,0.0011,"aoml_navis",1029.71922316421
"7901009",65,0,1,0.024297,1,0.001869,1,115.771418077812,1,4.85563888190732,610,1,10.9490003585815,35.2760009765625,0.0242970008403063,0,111.638496398926,-86.306,25.354,61.2924975062196,63,63,63,63,61,63,0,8279,1.45687144005964,25,-86,0.001869,51,2025-03-25 08:17:35.000883,610,1.037,0.0011,"aoml_navis",1029.73061251128
"7901009",65,0,1,0.024297,1,0.001869,1,115.791229322988,1,4.85557441488432,612,1,10.8959999084473,35.2690010070801,0.0242970008403063,0,111.657600402832,-86.306,25.354,61.2924975062196,63,63,63,63,61,63,0,8279,1.45687144005964,25,-86,0.001869,51,2025-03-25 08:17:35.000883,612,1.037,0.0011,"aoml_navis",1029.74428415162
"7901009",65,0,1,0.026166,1,0.003738,1,115.71729318634,1,4.85552446901518,614,1,10.8669996261597,35.2639999389648,0.0261659994721413,0,111.586303710938,-86.306,25.354,61.2924975062196,63,63,63,63,61,63,0,8279,1.45687144005964,25,-86,0.001869,51,2025-03-25 08:17:35.000883,614,1.037,0.0011,"aoml_navis",1029.75487651371
"7901009",65,0,1,0.026166,1,0.003738,1,115.64718637983,1,4.85547361460232,616,1,10.8409996032715,35.2599983215332,0.0261659994721413,0,111.518699645996,-86.306,25.354,61.2924975062196,63,63,63,63,61,63,0,8279,1.45687144005964,25,-86,0.001869,51,2025-03-25 08:17:35.000883,616,1.037,0.0011,"aoml_navis",1029.76566178076
"7901009",65,0,1,0.026166,1,0.003738,1,115.636813958734,1,4.85540587246803,618,1,10.7760000228882,35.2509994506836,0.0261659994721413,0,111.508697509766,-86.306,25.354,61.2924975062196,63,63,63,63,61,63,0,8279,1.45687144005964,25,-86,0.001869,51,2025-03-25 08:17:35.000883,618,1.037,0.0011,"aoml_navis",1029.78002896768
"7901009",65,0,1,0.028035,1,0.005607,1,115.618252784141,1,4.85534172827877,620,1,10.7270002365112,35.2449989318848,0.0280349999666214,0,111.490798950195,-86.306,25.354,61.2924975062196,63,63,63,63,61,63,0,8279,1.45687144005964,25,-86,0.001869,51,2025-03-25 08:17:35.000883,620,1.037,0.0011,"aoml_navis",1029.79363344885
"7901009",65,0,1,0.026166,1,0.003738,1,115.566090028772,1,4.85529094146857,622,1,10.7049999237061,35.242000579834,0.0261659994721413,0,111.440498352051,-86.306,25.354,61.2924975062196,63,63,63,63,61,63,0,8279,1.45687144005964,25,-86,0.001869,51,2025-03-25 08:17:35.000883,622,1.037,0.0011,"aoml_navis",1029.80440518929
"7901009",65,0,1,0.028035,1,0.005607,1,115.541413002533,1,4.85524100570331,624,1,10.6879997253418,35.2400016784668,0.0280349999666214,0,111.416702270508,-86.306,25.354,61.2924975062196,63,63,63,63,61,63,0,8279,1.45687144005964,25,-86,0.001869,51,2025-03-25 08:17:35.000883,624,1.037,0.0011,"aoml_navis",1029.8149966452
"7901009",65,0,1,0.026166,1,0.003738,1,115.483237249428,1,4.85520090003143,626,1,10.6859998703003,35.2389984130859,0.0261659994721413,0,111.36060333252,-86.306,25.354,61.2924975062196,63,63,63,63,61,63,0,8279,1.45687144005964,25,-86,0.001869,51,2025-03-25 08:17:35.000883,626,1.037,0.0011,"aoml_navis",1029.82350328029
"7901009",65,0,1,0.024297,1,0.001869,1,115.338569270979,1,4.85515988415,628,1,10.6829996109009,35.2379989624023,0.0242970008403063,0,111.221099853516,-86.306,25.354,61.2924975062196,63,63,63,63,61,63,0,8279,1.45687144005964,25,-86,0.001869,51,2025-03-25 08:17:35.000883,628,1.037,0.0011,"aoml_navis",1029.83220312123
"7901009",65,0,1,0.026166,1,0.003738,1,115.27271903392,1,4.85510292306349,630,1,10.6499996185303,35.234001159668,0.0261659994721413,0,111.157600402832,-86.306,25.354,61.2924975062196,63,63,63,63,61,63,0,8279,1.45687144005964,25,-86,0.001869,51,2025-03-25 08:17:35.000883,630,1.037,0.0011,"aoml_navis",1029.84428532878
"7901009",65,0,1,0.028035,1,0.005607,1,115.20551587237,1,4.85505325403628,632,1,10.621000289917,35.2290000915527,0.0280349999666214,0,111.092796325684,-86.306,25.354,61.2924975062196,63,63,63,63,61,63,0,8279,1.45687144005964,25,-86,0.001869,51,2025-03-25 08:17:35.000883,632,1.037,0.0011,"aoml_navis",1029.85482102451
"7901009",65,0,1,0.028035,1,0.005607,1,115.155433930692,1,4.85499718798236,634,1,10.5930004119873,35.226001739502,0.0280349999666214,0,111.044502258301,-86.306,25.354,61.2924975062196,63,63,63,63,61,63,0,8279,1.45687144005964,25,-86,0.001869,51,2025-03-25 08:17:35.000883,634,1.037,0.0011,"aoml_navis",1029.86671390389
"7901009",65,0,1,0.026166,1,0.003738,1,115.109695588695,1,4.85494839204493,636,1,10.5690002441406,35.2220001220703,0.0261659994721413,0,111.000396728516,-86.306,25.354,61.2924975062196,63,63,63,63,61,63,0,8279,1.45687144005964,25,-86,0.001869,51,2025-03-25 08:17:35.000883,636,1.037,0.0011,"aoml_navis",1029.87706485052
"7901009",65,0,1,0.024297,1,0.001869,1,114.956530295024,1,4.85489684065419,638,1,10.5459995269775,35.2190017700195,0.0242970008403063,0,110.852699279785,-86.306,25.354,61.2924975062196,63,63,63,63,61,63,0,8279,1.45687144005964,25,-86,0.001869,51,2025-03-25 08:17:35.000883,638,1.037,0.0011,"aoml_navis",1029.88800052984
"7901009",65,0,1,0.028035,1,0.005607,1,114.91992221538,1,4.85483402466556,640,1,10.4980001449585,35.2130012512207,0.0280349999666214,0,110.817398071289,-86.306,25.354,61.2924975062196,63,63,63,63,61,63,0,8279,1.45687144005964,25,-86,0.001869,51,2025-03-25 08:17:35.000883,640,1.037,0.0011,"aoml_navis",1029.90132610032
"7901009",65,0,1,0.022428,1,0,1,114.877720465473,1,4.85477041618258,642,1,10.4490003585815,35.2070007324219,0.0224280003458261,0,110.776702880859,-86.306,25.354,61.2924975062196,63,63,63,63,61,63,0,8279,1.45687144005964,25,-86,0.001869,51,2025-03-25 08:17:35.000883,642,1.037,0.0011,"aoml_navis",1029.91482013924
"7901009",65,0,1,0.022428,1,0,1,114.778165793731,1,4.85472507560429,644,1,10.4370002746582,35.2050018310547,0.0224280003458261,0,110.680702209473,-86.306,25.354,61.2924975062196,63,63,63,63,61,63,0,8279,1.45687144005964,25,-86,0.001869,51,2025-03-25 08:17:35.000883,644,1.037,0.0011,"aoml_navis",1029.92443900186
"7901009",65,0,1,0.026166,1,0.003738,1,114.712212702763,1,4.85467454108382,646,1,10.414999961853,35.2019996643066,0.0261659994721413,0,110.61710357666,-86.306,25.354,61.2924975062196,63,63,63,63,61,63,0,8279,1.45687144005964,25,-86,0.001869,51,2025-03-25 08:17:35.000883,646,1.037,0.0011,"aoml_navis",1029.93515995487
"7901009",65,0,1,0.028035,1,0.005607,1,114.588178800759,1,4.85462832916249,648,1,10.4020004272461,35.2000007629395,0.0280349999666214,0,110.497497558594,-86.306,25.354,61.2924975062196,63,63,63,63,61,63,0,8279,1.45687144005964,25,-86,0.001869,51,2025-03-25 08:17:35.000883,648,1.037,0.0011,"aoml_navis",1029.94496405919
"7901009",65,0,1,0.026166,1,0.003738,1,114.529069450637,1,4.85457339676392,650,1,10.375,35.1969985961914,0.0261659994721413,0,110.440498352051,-86.306,25.354,61.2924975062196,63,63,63,63,61,63,0,8279,1.45687144005964,25,-86,0.001869,51,2025-03-25 08:17:35.000883,650,1.037,0.0011,"aoml_navis",1029.95661850185
"7901009",65,0,1,0.024297,1,0.001869,1,114.391870248324,1,4.85452732018626,652,1,10.3579998016357,35.1940002441406,0.0242970008403063,0,110.308197021484,-86.306,25.354,61.2924975062196,63,63,63,63,61,63,0,8279,1.45687144005964,25,-86,0.001869,51,2025-03-25 08:17:35.000883,652,1.037,0.0011,"aoml_navis",1029.96639429937
"7901009",65,0,1,0.024297,1,0.001869,1,114.303004471243,1,4.85447255561735,654,1,10.3269996643066,35.189998626709,0.0242970008403063,0,110.222503662109,-86.306,25.354,61.2924975062196,63,63,63,63,61,63,0,8279,1.45687144005964,25,-86,0.001869,51,2025-03-25 08:17:35.000883,654,1.037,0.0011,"aoml_navis",1029.97801361844
"7901009",65,0,1,0.022428,1,0,1,114.208734908037,1,4.85441544377115,656,1,10.2849998474121,35.1839981079102,0.0224280003458261,0,110.13159942627,-86.306,25.354,61.2924975062196,63,63,63,63,61,63,0,8279,1.45687144005964,25,-86,0.001869,51,2025-03-25 08:17:35.000883,656,1.037,0.0011,"aoml_navis",1029.99013123519
"7901009",65,0,1,0.024297,1,0.001869,1,114.257582602811,1,4.85434110998499,658,1,10.2150001525879,35.1759986877441,0.0242970008403063,0,110.178703308105,-86.306,25.354,61.2924975062196,63,63,63,63,61,63,0,8279,1.45687144005964,25,-86,0.001869,51,2025-03-25 08:17:35.000883,658,1.037,0.0011,"aoml_navis",1030.00590331722
"7901009",65,0,1,0.024297,1,0.001869,1,114.179287042804,1,4.85428738731424,660,1,10.1850004196167,35.1720008850098,0.0242970008403063,0,110.103202819824,-86.306,25.354,61.2924975062196,63,63,63,63,61,63,0,8279,1.45687144005964,25,-86,0.001869,51,2025-03-25 08:17:35.000883,660,1.037,0.0011,"aoml_navis",1030.01730245031
"7901009",65,0,1,0.024297,1,0.001869,1,114.253531741178,1,4.85421509823718,662,1,10.1169996261597,35.1640014648438,0.0242970008403063,0,110.174797058105,-86.306,25.354,61.2924975062196,63,63,63,63,61,63,0,8279,1.45687144005964,25,-86,0.001869,51,2025-03-25 08:17:35.000883,662,1.037,0.0011,"aoml_navis",1030.03264149044
"7901009",65,0,1,0.029904,1,0.007476,1,114.209771358963,1,4.85416657989173,664,1,10.0970001220703,35.1609992980957,0.0299040004611015,0,110.132598876953,-86.306,25.354,61.2924975062196,63,63,63,63,61,63,0,8279,1.45687144005964,25,-86,0.001869,51,2025-03-25 08:17:35.000883,664,1.037,0.0011,"aoml_navis",1030.04293686838
"7901009",65,0,1,0.028035,1,0.005607,1,114.139775318201,1,4.85412574914481,666,1,10.0900001525879,35.1590003967285,0.0280349999666214,0,110.065101623535,-86.306,25.354,61.2924975062196,63,63,63,63,61,63,0,8279,1.45687144005964,25,-86,0.001869,51,2025-03-25 08:17:35.000883,666,1.037,0.0011,"aoml_navis",1030.05160113145
"7901009",65,0,1,0.029904,1,0.007476,1,114.073094338033,1,4.85407376105021,668,1,10.0659999847412,35.1559982299805,0.0299040004611015,0,110.000801086426,-86.306,25.354,61.2924975062196,63,63,63,63,61,63,0,8279,1.45687144005964,25,-86,0.001869,51,2025-03-25 08:17:35.000883,668,1.037,0.0011,"aoml_navis",1030.06263318879
"7901009",65,0,1,0.029904,1,0.007476,1,114.002987531524,1,4.85402543799798,670,1,10.0419998168945,35.1520004272461,0.0299040004611015,0,109.933197021484,-86.306,25.354,61.2924975062196,63,63,63,63,61,63,0,8279,1.45687144005964,25,-86,0.001869,51,2025-03-25 08:17:35.000883,670,1.037,0.0011,"aoml_navis",1030.07288772311
"7901009",65,0,1,0.028035,1,0.005607,1,113.968974535114,1,4.85396428589726,672,1,9.99899959564209,35.1469993591309,0.0280349999666214,0,109.900398254395,-86.306,25.354,61.2924975062196,63,63,63,63,61,63,0,8279,1.45687144005964,25,-86,0.001869,51,2025-03-25 08:17:35.000883,672,1.037,0.0011,"aoml_navis",1030.08586497578
"7901009",65,0,1,0.028035,1,0.005607,1,114.000186740472,1,4.85389492229676,674,1,9.9379997253418,35.1399993896484,0.0280349999666214,0,109.93049621582,-86.306,25.354,61.2924975062196,63,63,63,63,61,63,0,8279,1.45687144005964,25,-86,0.001869,51,2025-03-25 08:17:35.000883,674,1.037,0.0011,"aoml_navis",1030.10058520882
"7901009",65,0,1,0.022428,1,0,1,114.019064388631,1,4.8538367505949,676,1,9.89400005340576,35.1339988708496,0.0224280003458261,0,109.948699951172,-86.306,25.354,61.2924975062196,63,63,63,63,61,63,0,8279,1.45687144005964,25,-86,0.001869,51,2025-03-25 08:17:35.000883,676,1.037,0.0011,"aoml_navis",1030.11293063929
"7901009",65,0,1,0.026166,1,0.003738,1,114.045719374652,1,4.85378168337901,678,1,9.86200046539307,35.1300010681152,0.0261659994721413,0,109.974403381348,-86.306,25.354,61.2924975062196,63,63,63,63,61,63,0,8279,1.45687144005964,25,-86,0.001869,51,2025-03-25 08:17:35.000883,678,1.037,0.0011,"aoml_navis",1030.12461749602
"7901009",65,0,1,0.024297,1,0.001869,1,114.021659471865,1,4.85373373473345,679.900024414062,1,9.84000015258789,35.1269989013672,0.0242970008403063,0,109.951202392578,-86.306,25.354,61.2924975062196,63,63,63,63,61,63,0,8279,1.45687144005964,25,-86,0.001869,51,2025-03-25 08:17:35.000883,679.900024414062,1.037,0.0011,"aoml_navis",1030.13479380211
"7901009",65,0,1,0.028035,1,0.005607,1,113.972708923182,1,4.85368503097918,682,1,9.82199954986572,35.1240005493164,0.0280349999666214,0,109.903999328613,-86.306,25.354,61.2924975062196,63,63,63,63,61,63,0,8279,1.45687144005964,25,-86,0.001869,51,2025-03-25 08:17:35.000883,682,1.037,0.0011,"aoml_navis",1030.14513057336
"7901009",65,0,1,0.026166,1,0.003738,1,113.963372953012,1,4.8536332919336,684,1,9.79800033569336,35.1209983825684,0.0261659994721413,0,109.894996643066,-86.306,25.354,61.2924975062196,63,63,63,63,61,63,0,8279,1.45687144005964,25,-86,0.001869,51,2025-03-25 08:17:35.000883,684,1.037,0.0011,"aoml_navis",1030.156111775
"7901009",65,0,1,0.029904,1,0.007476,1,113.935167246522,1,4.85357277645207,686,1,9.75100040435791,35.1150016784668,0.0299040004611015,0,109.867797851562,-86.306,25.354,61.2924975062196,63,63,63,63,61,63,0,8279,1.45687144005964,25,-86,0.001869,51,2025-03-25 08:17:35.000883,686,1.037,0.0011,"aoml_navis",1030.16895600254
"7901009",65,0,1,0.028035,1,0.005607,1,113.924691971517,1,4.85351384799707,688,1,9.71000003814697,35.1100006103516,0.0280349999666214,0,109.857696533203,-86.306,25.354,61.2924975062196,63,63,63,63,61,63,0,8279,1.45687144005964,25,-86,0.001869,51,2025-03-25 08:17:35.000883,688,1.037,0.0011,"aoml_navis",1030.18146369632
"7901009",65,0,1,0.024297,1,0.001869,1,113.913805280877,1,4.85345669869975,690,1,9.67099952697754,35.1049995422363,0.0242970008403063,0,109.847198486328,-86.306,25.354,61.2924975062196,63,63,63,63,61,63,0,8279,1.45687144005964,25,-86,0.001869,51,2025-03-25 08:17:35.000883,690,1.037,0.0011,"aoml_navis",1030.19359405009
"7901009",65,0,1,0.026166,1,0.003738,1,113.928639979241,1,4.85340191415243,692,1,9.63899993896484,35.101001739502,0.0261659994721413,0,109.861503601074,-86.306,25.354,61.2924975062196,63,63,63,63,61,63,0,8279,1.45687144005964,25,-86,0.001869,51,2025-03-25 08:17:35.000883,692,1.037,0.0011,"aoml_navis",1030.20522273667
"7901009",65,0,1,0.029904,1,0.007476,1,113.95694853964,1,4.85333866200136,694,1,9.59700012207031,35.0970001220703,0.0299040004611015,0,109.888801574707,-86.306,25.354,61.2924975062196,63,63,63,63,61,63,0,8279,1.45687144005964,25,-86,0.001869,51,2025-03-25 08:17:35.000883,694,1.037,0.0011,"aoml_navis",1030.21864910168
"7901009",65,0,1,0.028035,1,0.005607,1,113.980486261045,1,4.85328568737611,696,1,9.56700038909912,35.0929985046387,0.0280349999666214,0,109.911499023438,-86.306,25.354,61.2924975062196,63,63,63,63,61,63,0,8279,1.45687144005964,25,-86,0.001869,51,2025-03-25 08:17:35.000883,696,1.037,0.0011,"aoml_navis",1030.22989415305
"7901009",65,0,1,0.026166,1,0.003738,1,113.934130795596,1,4.85323842061565,698,1,9.54800033569336,35.0900001525879,0.0261659994721413,0,109.866798400879,-86.306,25.354,61.2924975062196,63,63,63,63,61,63,0,8279,1.45687144005964,25,-86,0.001869,51,2025-03-25 08:17:35.000883,698,1.037,0.0011,"aoml_navis",1030.23992778944
"7901009",65,0,1,0.026166,1,0.003738,1,113.919715424705,1,4.85318041098505,700,1,9.51200008392334,35.0859985351562,0.0261659994721413,0,109.852897644043,-86.306,25.354,61.2924975062196,63,63,63,63,61,63,0,8279,1.45687144005964,25,-86,0.001869,51,2025-03-25 08:17:35.000883,700,1.037,0.0011,"aoml_navis",1030.25224215499
"7901009",65,0,1,0.026166,1,0.003738,1,113.998533166095,1,4.85311452467455,702,1,9.45800018310547,35.0800018310547,0.0261659994721413,0,109.928901672363,-86.306,25.354,61.2924975062196,63,63,63,63,61,63,0,8279,1.45687144005964,25,-86,0.001869,51,2025-03-25 08:17:35.000883,702,1.037,0.0011,"aoml_navis",1030.26622895022
"7901009",65,0,1,0.033642,1,0.011214,1,114.030781822379,1,4.85306284237232,704,1,9.42500019073486,35.0750007629395,0.0336420014500618,0,109.959999084473,-86.306,25.354,61.2924975062196,63,63,63,63,61,63,0,8279,1.45687144005964,25,-86,0.001869,51,2025-03-25 08:17:35.000883,704,1.037,0.0011,"aoml_navis",1030.27720068753
"7901009",65,0,1,0.028035,1,0.005607,1,114.177316994862,1,4.85299072578541,706,1,9.35900020599365,35.068000793457,0.0280349999666214,0,110.101303100586,-86.306,25.354,61.2924975062196,63,63,63,63,61,63,0,8279,1.45687144005964,25,-86,0.001869,51,2025-03-25 08:17:35.000883,706,1.037,0.0011,"aoml_navis",1030.29251084975
"7901009",65,0,1,0.029904,1,0.007476,1,114.218790855569,1,4.85293887785358,708,1,9.32999992370605,35.0639991760254,0.0299040004611015,0,110.141296386719,-86.306,25.354,61.2924975062196,63,63,63,63,61,63,0,8279,1.45687144005964,25,-86,0.001869,51,2025-03-25 08:17:35.000883,708,1.037,0.0011,"aoml_navis",1030.30351831084
"7901009",65,0,1,0.029904,1,0.007476,1,114.273342986354,1,4.85287949803101,710,1,9.29199981689453,35.060001373291,0.0299040004611015,0,110.193901062012,-86.306,25.354,61.2924975062196,63,63,63,63,61,63,0,8279,1.45687144005964,25,-86,0.001869,51,2025-03-25 08:17:35.000883,710,1.037,0.0011,"aoml_navis",1030.31612510236
"7901009",65,0,1,0.028035,1,0.005607,1,114.350182767961,1,4.85282313429562,711.900024414062,1,9.25500011444092,35.0559997558594,0.0280349999666214,0,110.267997741699,-86.306,25.354,61.2924975062196,63,63,63,63,61,63,0,8279,1.45687144005964,25,-86,0.001869,51,2025-03-25 08:17:35.000883,711.900024414062,1.037,0.0011,"aoml_navis",1030.32809184086
"7901009",65,0,1,0.031773,1,0.009345,1,114.405352022198,1,4.85276679244813,714,1,9.22299957275391,35.0519981384277,0.0317730009555817,0,110.321197509766,-86.306,25.354,61.2924975062196,63,63,63,63,61,63,0,8279,1.45687144005964,25,-86,0.001869,51,2025-03-25 08:17:35.000883,714,1.037,0.0011,"aoml_navis",1030.3400542101
"7901009",65,0,1,0.024297,1,0.001869,1,114.405146314381,1,4.85272144487996,716,1,9.20600032806396,35.048999786377,0.0242970008403063,0,110.320999145508,-86.306,25.354,61.2924975062196,63,63,63,63,61,63,0,8279,1.45687144005964,25,-86,0.001869,51,2025-03-25 08:17:35.000883,716,1.037,0.0011,"aoml_navis",1030.34968250144
"7901009",65,0,1,0.028035,1,0.005607,1,114.53819971299,1,4.85265093357964,718,1,9.14999961853027,35.0439987182617,0.0280349999666214,0,110.44930267334,-86.306,25.354,61.2924975062196,63,63,63,63,61,63,0,8279,1.45687144005964,25,-86,0.001869,51,2025-03-25 08:17:35.000883,718,1.037,0.0011,"aoml_navis",1030.36465396691
"7901009",65,0,1,0.031773,1,0.009345,1,114.555202255275,1,4.85259864149023,720,1,9.12899971008301,35.0419998168945,0.0317730009555817,0,110.465698242188,-86.306,25.354,61.2924975062196,63,63,63,63,61,63,0,8279,1.45687144005964,25,-86,0.001869,51,2025-03-25 08:17:35.000883,720,1.037,0.0011,"aoml_navis",1030.37575727971
"7901009",65,0,1,0.028035,1,0.005607,1,114.594088944587,1,4.85255717360604,722,1,9.12100028991699,35.0400009155273,0.0280349999666214,0,110.503196716309,-86.306,25.354,61.2924975062196,63,63,63,63,61,63,0,8279,1.45687144005964,25,-86,0.001869,51,2025-03-25 08:17:35.000883,722,1.037,0.0011,"aoml_navis",1030.38456243152
"7901009",65,0,1,0.026166,1,0.003738,1,114.522225709791,1,4.85251038244848,724,1,9.11100006103516,35.0390014648438,0.0261659994721413,0,110.433898925781,-86.306,25.354,61.2924975062196,63,63,63,63,61,63,0,8279,1.45687144005964,25,-86,0.001869,51,2025-03-25 08:17:35.000883,724,1.037,0.0011,"aoml_navis",1030.3944980901
"7901009",65,0,1,0.026166,1,0.003738,1,114.506876741884,1,4.85246942736674,726,1,9.10799980163574,35.0379981994629,0.0261659994721413,0,110.419097900391,-86.306,25.354,61.2924975062196,63,63,63,63,61,63,0,8279,1.45687144005964,25,-86,0.001869,51,2025-03-25 08:17:35.000883,726,1.037,0.0011,"aoml_navis",1030.40319467058
"7901009",65,0,1,0.026166,1,0.003738,1,114.457617631475,1,4.85242646135231,728,1,9.10700035095215,35.0379981994629,0.0261659994721413,0,110.371597290039,-86.306,25.354,61.2924975062196,63,63,63,63,61,63,0,8279,1.45687144005964,25,-86,0.001869,51,2025-03-25 08:17:35.000883,728,1.037,0.0011,"aoml_navis",1030.41231841905
"7901009",65,0,1,0.029904,1,0.007476,1,114.493711441575,1,4.8523841693383,730,1,9.09799957275391,35.0359992980957,0.0299040004611015,0,110.406402587891,-86.306,25.354,61.2924975062196,63,63,63,63,61,63,0,8279,1.45687144005964,25,-86,0.001869,51,2025-03-25 08:17:35.000883,730,1.037,0.0011,"aoml_navis",1030.42129920266
"7901009",65,0,1,0.031773,1,0.009345,1,114.618148847374,1,4.85232299918576,732,1,9.05300045013428,35.0309982299805,0.0317730009555817,0,110.526397705078,-86.306,25.354,61.2924975062196,63,63,63,63,61,63,0,8279,1.45687144005964,25,-86,0.001869,51,2025-03-25 08:17:35.000883,732,1.037,0.0011,"aoml_navis",1030.43428906918
"7901009",65,0,1,0.026166,1,0.003738,1,114.869626654046,1,4.85223809928289,734,1,8.95699977874756,35.0209999084473,0.0261659994721413,0,110.768898010254,-86.306,25.354,61.2924975062196,63,63,63,63,61,63,0,8279,1.45687144005964,25,-86,0.001869,51,2025-03-25 08:17:35.000883,734,1.037,0.0011,"aoml_navis",1030.45231864012
"7901009",65,0,1,0.031773,1,0.009345,1,114.983905258405,1,4.85217473288499,736,1,8.90900039672852,35.015998840332,0.0317730009555817,0,110.879096984863,-86.306,25.354,61.2924975062196,63,63,63,63,61,63,0,8279,1.45687144005964,25,-86,0.001869,51,2025-03-25 08:17:35.000883,736,1.037,0.0011,"aoml_navis",1030.46577570943
"7901009",65,0,1,0.028035,1,0.005607,1,115.043014608528,1,4.85212875996125,738,1,8.89099979400635,35.0130004882812,0.0280349999666214,0,110.936096191406,-86.306,25.354,61.2924975062196,63,63,63,63,61,63,0,8279,1.45687144005964,25,-86,0.001869,51,2025-03-25 08:17:35.000883,738,1.037,0.0011,"aoml_navis",1030.47553916107
"7901009",65,0,1,0.028035,1,0.005607,1,115.092384484684,1,4.85207092511038,740,1,8.86299991607666,35.0110015869141,0.0280349999666214,0,110.983703613281,-86.306,25.354,61.2924975062196,63,63,63,63,61,63,0,8279,1.45687144005964,25,-86,0.001869,51,2025-03-25 08:17:35.000883,740,1.037,0.0011,"aoml_navis",1030.48782203987
"7901009",65,0,1,0.029904,1,0.007476,1,115.095699545279,1,4.85202297402599,742,1,8.84700012207031,35.0089988708496,0.0299040004611015,0,110.98690032959,-86.306,25.354,61.2924975062196,63,63,63,63,61,63,0,8279,1.45687144005964,25,-86,0.001869,51,2025-03-25 08:17:35.000883,742,1.037,0.0011,"aoml_navis",1030.49800604123
"7901009",65,0,1,0.028035,1,0.005607,1,115.11001206226,1,4.85198037304448,744,1,8.84200000762939,35.007999420166,0.0280349999666214,0,111.000701904297,-86.306,25.354,61.2924975062196,63,63,63,63,61,63,0,8279,1.45687144005964,25,-86,0.001869,51,2025-03-25 08:17:35.000883,744,1.037,0.0011,"aoml_navis",1030.50705393984
"7901009",65,0,4,0.022428,1,0,1,115.191211267227,1,4.85192952802519,746,1,8.81799983978271,35.0050010681152,0.0224280003458261,0,111.079002380371,-86.306,25.354,61.2924975062196,63,63,63,63,61,63,0,8279,1.45687144005964,25,-86,0.001869,51,2025-03-25 08:17:35.000883,746,1.037,0.0011,"aoml_navis",1030.51785297365
"7901009",65,0,1,0.028035,1,0.005607,1,115.361695576749,1,4.85186843171073,748,1,8.75899982452393,34.9970016479492,0.0280349999666214,0,111.24340057373,-86.306,25.354,61.2924975062196,63,63,63,63,61,63,0,8279,1.45687144005964,25,-86,0.001869,51,2025-03-25 08:17:35.000883,748,1.037,0.0011,"aoml_navis",1030.53082959157
"7901009",65,0,1,0.026166,1,0.003738,1,115.427751521626,1,4.85181889793637,750,1,8.73200035095215,34.9930000305176,0.0261659994721413,0,111.307098388672,-86.306,25.354,61.2924975062196,63,63,63,63,61,63,0,8279,1.45687144005964,25,-86,0.001869,51,2025-03-25 08:17:35.000883,750,1.037,0.0011,"aoml_navis",1030.54135061114
"7901009",65,0,1,0.026166,1,0.003738,1,115.629558802254,1,4.8517499633098,751.900024414062,1,8.66499996185303,34.9860000610352,0.0261659994721413,0,111.50170135498,-86.306,25.354,61.2924975062196,63,63,63,63,61,63,0,8279,1.45687144005964,25,-86,0.001869,51,2025-03-25 08:17:35.000883,751.900024414062,1.037,0.0011,"aoml_navis",1030.55599274722
"7901009",65,0,1,0.028035,1,0.005607,1,115.781173375457,1,4.85168802353327,753.900024414062,1,8.60900020599365,34.9790000915527,0.0280349999666214,0,111.647903442383,-86.306,25.354,61.2924975062196,63,63,63,63,61,63,0,8279,1.45687144005964,25,-86,0.001869,51,2025-03-25 08:17:35.000883,753.900024414062,1.037,0.0011,"aoml_navis",1030.56914948928
"7901009",65,0,1,0.028035,1,0.005607,1,115.84525927239,1,4.85163044001748,756,1,8.57900047302246,34.976001739502,0.0280349999666214,0,111.709701538086,-86.306,25.354,61.2924975062196,63,63,63,63,61,63,0,8279,1.45687144005964,25,-86,0.001869,51,2025-03-25 08:17:35.000883,756,1.037,0.0011,"aoml_navis",1030.5813812113
"7901009",65,0,1,0.031773,1,0.009345,1,115.892129007382,1,4.85158383861944,758,1,8.56900024414062,34.9749984741211,0.0317730009555817,0,111.754898071289,-86.306,25.354,61.2924975062196,63,63,63,63,61,63,0,8279,1.45687144005964,25,-86,0.001869,51,2025-03-25 08:17:35.000883,758,1.037,0.0011,"aoml_navis",1030.59128035656
"7901009",65,0,1,0.024297,1,0.001869,1,115.848368625167,1,4.85154207486205,760,1,8.5649995803833,34.9739990234375,0.0242970008403063,0,111.712699890137,-86.306,25.354,61.2924975062196,63,63,63,63,61,63,0,8279,1.45687144005964,25,-86,0.001869,51,2025-03-25 08:17:35.000883,760,1.037,0.0011,"aoml_navis",1030.60015204386
"7901009",65,0,1,0.028035,1,0.005607,1,115.906963705747,1,4.85149546576505,762,1,8.55500030517578,34.9729995727539,0.0280349999666214,0,111.769203186035,-86.306,25.354,61.2924975062196,63,63,63,63,61,63,0,8279,1.45687144005964,25,-86,0.001869,51,2025-03-25 08:17:35.000883,762,1.037,0.0011,"aoml_navis",1030.61005318523
"7901009",65,0,1,0.029904,1,0.007476,1,115.983803487354,1,4.85145047470809,764,1,8.54699993133545,34.9720001220703,0.0299040004611015,0,111.843299865723,-86.306,25.354,61.2924975062196,63,63,63,63,61,63,0,8279,1.45687144005964,25,-86,0.001869,51,2025-03-25 08:17:35.000883,764,1.037,0.0011,"aoml_navis",1030.61961078781
"7901009",65,0,1,0.028035,1,0.005607,1,116.112600316513,1,4.85140555163192,766,1,8.52999973297119,34.9690017700195,0.0280349999666214,0,111.967498779297,-86.306,25.354,61.2924975062196,63,63,63,63,61,63,0,8279,1.45687144005964,25,-86,0.001869,51,2025-03-25 08:17:35.000883,766,1.037,0.0011,"aoml_navis",1030.62915412588
"7901009",65,0,1,0.028035,1,0.005607,1,116.32176560753,1,4.85134981191656,768,1,8.49499988555908,34.9650001525879,0.0280349999666214,0,112.16919708252,-86.306,25.354,61.2924975062196,63,63,63,63,61,63,0,8279,1.45687144005964,25,-86,0.001869,51,2025-03-25 08:17:35.000883,768,1.037,0.0011,"aoml_navis",1030.64099556752
"7901009",65,0,1,0.026166,1,0.003738,1,116.780857984749,1,4.85125003391246,770,1,8.3730001449585,34.9539985656738,0.0261659994721413,0,112.61190032959,-86.306,25.354,61.2924975062196,63,63,63,63,61,63,0,8279,1.45687144005964,25,-86,0.001869,51,2025-03-25 08:17:35.000883,770,1.037,0.0011,"aoml_navis",1030.662193259
"7901009",65,0,1,0.028035,1,0.005607,1,117.028087133809,1,4.85118717970059,772,1,8.3149995803833,34.9469985961914,0.0280349999666214,0,112.850303649902,-86.306,25.354,61.2924975062196,63,63,63,63,61,63,0,8279,1.45687144005964,25,-86,0.001869,51,2025-03-25 08:17:35.000883,772,1.037,0.0011,"aoml_navis",1030.67554699231
"7901009",65,0,1,0.028035,1,0.005607,1,117.159890461836,1,4.85113046515847,774,1,8.28299999237061,34.9440002441406,0.0280349999666214,0,112.977401733398,-86.306,25.354,61.2924975062196,63,63,63,63,61,63,0,8279,1.45687144005964,25,-86,0.001869,51,2025-03-25 08:17:35.000883,774,1.037,0.0011,"aoml_navis",1030.687596615
"7901009",65,0,1,0.029904,1,0.007476,1,117.29625892104,1,4.85107429497915,776,1,8.24699974060059,34.939998626709,0.0299040004611015,0,113.108901977539,-86.306,25.354,61.2924975062196,63,63,63,63,61,63,0,8279,1.45687144005964,25,-86,0.001869,51,2025-03-25 08:17:35.000883,776,1.037,0.0011,"aoml_navis",1030.69953085958
"7901009",65,0,1,0.028035,1,0.005607,1,117.38948412148,1,4.85102034439701,778,1,8.22299957275391,34.9379997253418,0.0280349999666214,0,113.198799133301,-86.306,25.354,61.2924975062196,63,63,63,63,61,63,0,8279,1.45687144005964,25,-86,0.001869,51,2025-03-25 08:17:35.000883,778,1.037,0.0011,"aoml_navis",1030.71099377579
"7901009",65,0,1,0.029904,1,0.007476,1,117.453570018414,1,4.85096929131502,780,1,8.19799995422363,34.935001373291,0.0299040004611015,0,113.260597229004,-86.306,25.354,61.2924975062196,63,63,63,63,61,63,0,8279,1.45687144005964,25,-86,0.001869,51,2025-03-25 08:17:35.000883,780,1.037,0.0011,"aoml_navis",1030.721841293
"7901009",65,0,1,0.029904,1,0.007476,1,117.498161143738,1,4.8509254690767,782,1,8.19600009918213,34.935001373291,0.0299040004611015,0,113.303596496582,-86.306,25.354,61.2924975062196,63,63,63,63,61,63,0,8279,1.45687144005964,25,-86,0.001869,51,2025-03-25 08:17:35.000883,782,1.037,0.0011,"aoml_navis",1030.73115261688
"7901009",65,0,1,0.026166,1,0.003738,1,117.57314164315,1,4.85087661665559,784,1,8.18299961090088,34.9339981079102,0.0261659994721413,0,113.375900268555,-86.306,25.354,61.2924975062196,63,63,63,63,61,63,0,8279,1.45687144005964,25,-86,0.001869,51,2025-03-25 08:17:35.000883,784,1.037,0.0011,"aoml_navis",1030.7415329494
"7901009",65,0,1,0.029904,1,0.007476,1,117.682752262424,1,4.85083142428947,786,1,8.17000007629395,34.931999206543,0.0299040004611015,0,113.481597900391,-86.306,25.354,61.2924975062196,63,63,63,63,61,63,0,8279,1.45687144005964,25,-86,0.001869,51,2025-03-25 08:17:35.000883,786,1.037,0.0011,"aoml_navis",1030.75113576687
"7901009",65,0,1,0.031773,1,0.009345,1,117.883728799944,1,4.85077861645751,788,1,8.15200042724609,34.9309997558594,0.0317730009555817,0,113.675399780273,-86.306,25.354,61.2924975062196,63,63,63,63,61,63,0,8279,1.45687144005964,25,-86,0.001869,51,2025-03-25 08:17:35.000883,788,1.037,0.0011,"aoml_navis",1030.7623570031
"7901009",65,0,1,0.029904,1,0.007476,1,118.060226107203,1,4.85072502998804,790,1,8.13300037384033,34.9300003051758,0.0299040004611015,0,113.845596313477,-86.306,25.354,61.2924975062196,63,63,63,63,61,63,0,8279,1.45687144005964,25,-86,0.001869,51,2025-03-25 08:17:35.000883,790,1.037,0.0011,"aoml_navis",1030.77374394325
"7901009",65,0,1,0.028035,1,0.005607,1,118.418521653936,1,4.85067117864173,792,1,8.10900020599365,34.9280014038086,0.0280349999666214,0,114.191101074219,-86.306,25.354,61.2924975062196,63,63,63,63,61,63,0,8279,1.45687144005964,25,-86,0.001869,51,2025-03-25 08:17:35.000883,792,1.037,0.0011,"aoml_navis",1030.78518742227
"7901009",65,0,1,0.031773,1,0.009345,1,118.854171251821,1,4.85057671322377,794,1,8.03800010681152,34.9269981384277,0.0317730009555817,0,114.611198425293,-86.306,25.354,61.2924975062196,63,63,63,63,61,63,0,8279,1.45687144005964,25,-86,0.001869,51,2025-03-25 08:17:35.000883,794,1.037,0.0011,"aoml_navis",1030.80526205654
"7901009",65,0,1,0.026166,1,0.003738,1,119.089263639659,1,4.8505059497146,796,1,7.99700021743774,34.9259986877441,0.0261659994721413,0,114.837898254395,-86.306,25.354,61.2924975062196,63,63,63,63,61,63,0,8279,1.45687144005964,25,-86,0.001869,51,2025-03-25 08:17:35.000883,796,1.037,0.0011,"aoml_navis",1030.82030036355
"7901009",65,0,1,0.028035,1,0.005607,1,119.096423854069,1,4.85044855828678,798,1,7.97300004959106,34.9249992370605,0.0280349999666214,0,114.844802856445,-86.306,25.354,61.2924975062196,63,63,63,63,61,63,0,8279,1.45687144005964,25,-86,0.001869,51,2025-03-25 08:17:35.000883,798,1.037,0.0011,"aoml_navis",1030.83249722497
"7901009",65,0,1,0.029904,1,0.007476,1,119.007961580783,1,4.85039431702648,800,1,7.95300006866455,34.923999786377,0.0299040004611015,0,114.759498596191,-86.306,25.354,61.2924975062196,63,63,63,63,61,63,0,8279,1.45687144005964,25,-86,0.001869,51,2025-03-25 08:17:35.000883,800,1.037,0.0011,"aoml_navis",1030.84402487615
"7901009",65,0,1,0.028035,1,0.005607,1,118.90405539752,1,4.85032704825621,802,1,7.9210000038147,34.923999786377,0.0280349999666214,0,114.659301757812,-86.306,25.354,61.2924975062196,63,63,63,63,61,63,0,8279,1.45687144005964,25,-86,0.001869,51,2025-03-25 08:17:35.000883,802,1.037,0.0011,"aoml_navis",1030.85832156361
"7901009",65,0,1,0.028035,1,0.005607,1,118.683686942299,1,4.85026449731402,804,1,7.89499998092651,34.923999786377,0.0280349999666214,0,114.446800231934,-86.306,25.354,61.2924975062196,63,63,63,63,61,63,0,8279,1.45687144005964,25,-86,0.001869,51,2025-03-25 08:17:35.000883,804,1.037,0.0011,"aoml_navis",1030.87161592299
"7901009",65,0,1,0.031773,1,0.009345,1,118.631832748656,1,4.85020453420974,806,1,7.8769998550415,34.9249992370605,0.0317730009555817,0,114.396797180176,-86.306,25.354,61.2924975062196,63,63,63,63,61,63,0,8279,1.45687144005964,25,-86,0.001869,51,2025-03-25 08:17:35.000883,806,1.037,0.0011,"aoml_navis",1030.88436059422
"7901009",65,0,1,0.028035,1,0.005607,1,118.507601050674,1,4.85015737069412,808,1,7.86600017547607,34.923999786377,0.0280349999666214,0,114.277000427246,-86.306,25.354,61.2924975062196,63,63,63,63,61,63,0,8279,1.45687144005964,25,-86,0.001869,51,2025-03-25 08:17:35.000883,808,1.037,0.0011,"aoml_navis",1030.89438503816
"7901009",65,0,1,0.029904,1,0.007476,1,118.425673956508,1,4.85010654234907,810,1,7.85500001907349,34.923999786377,0.0299040004611015,0,114.197998046875,-86.306,25.354,61.2924975062196,63,63,63,63,61,63,0,8279,1.45687144005964,25,-86,0.001869,51,2025-03-25 08:17:35.000883,810,1.037,0.0011,"aoml_navis",1030.90518864733
"7901009",65,0,1,0.031773,1,0.009345,1,118.547840664477,1,4.85002752772935,812,1,7.80299997329712,34.9230003356934,0.0317730009555817,0,114.315803527832,-86.306,25.354,61.2924975062196,63,63,63,63,61,63,0,8279,1.45687144005964,25,-86,0.001869,51,2025-03-25 08:17:35.000883,812,1.037,0.0011,"aoml_navis",1030.92198372343
"7901009",65,0,1,0.031773,1,0.009345,1,118.727969505896,1,4.84996798614448,814,1,7.77600002288818,34.9220008850098,0.0317730009555817,0,114.489501953125,-86.306,25.354,61.2924975062196,63,63,63,63,61,63,0,8279,1.45687144005964,25,-86,0.001869,51,2025-03-25 08:17:35.000883,814,1.037,0.0011,"aoml_navis",1030.93464003972
"7901009",65,0,1,0.031773,1,0.009345,1,118.927490265016,1,4.84991079408858,816,1,7.7519998550415,34.9210014343262,0.0317730009555817,0,114.681900024414,-86.306,25.354,61.2924975062196,63,63,63,63,61,63,0,8279,1.45687144005964,25,-86,0.001869,51,2025-03-25 08:17:35.000883,816,1.037,0.0011,"aoml_navis",1030.94679722653
"7901009",65,0,1,0.026166,1,0.003738,1,119.183216729299,1,4.84986369110923,818,1,7.74100017547607,34.9199981689453,0.0261659994721413,0,114.928497314453,-86.306,25.354,61.2924975062196,63,63,63,63,61,63,0,8279,1.45687144005964,25,-86,0.001869,51,2025-03-25 08:17:35.000883,818,1.037,0.0011,"aoml_navis",1030.95681001633
"7901009",65,0,4,0.024297,1,0.001869,1,119.491525276425,1,4.84981792799768,820,1,7.72700023651123,34.9179992675781,0.0242970008403063,0,115.225799560547,-86.306,25.354,61.2924975062196,63,63,63,63,61,63,0,8279,1.45687144005964,25,-86,0.001869,51,2025-03-25 08:17:35.000883,820,1.037,0.0011,"aoml_navis",1030.96653817359
"7901009",65,0,1,0.029904,1,0.007476,1,119.953307678947,1,4.849762903958,822,1,7.70100021362305,34.9160003662109,0.0299040004611015,0,115.671096801758,-86.306,25.354,61.2924975062196,63,63,63,63,61,63,0,8279,1.45687144005964,25,-86,0.001869,51,2025-03-25 08:17:35.000883,822,1.037,0.0011,"aoml_navis",1030.97823522865
"7901009",65,0,1,0.029904,1,0.007476,1,120.423492454624,1,4.8497075521653,824,1,7.66499996185303,34.9119987487793,0.0299040004611015,0,116.124496459961,-86.306,25.354,61.2924975062196,63,63,63,63,61,63,0,8279,1.45687144005964,25,-86,0.001869,51,2025-03-25 08:17:35.000883,824,1.037,0.0011,"aoml_navis",1030.99000222552
"7901009",65,0,1,0.029904,1,0.007476,1,120.980169455643,1,4.84962351142057,826,1,7.58199977874756,34.9059982299805,0.0299040004611015,0,116.66130065918,-86.306,25.354,61.2924975062196,63,63,63,63,61,63,0,8279,1.45687144005964,25,-86,0.001869,51,2025-03-25 08:17:35.000883,826,1.037,0.0011,"aoml_navis",1031.00786859543
"7901009",65,0,1,0.028035,1,0.005607,1,121.159570407862,1,4.84956389243149,828,1,7.54500007629395,34.9029998779297,0.0280349999666214,0,116.834297180176,-86.306,25.354,61.2924975062196,63,63,63,63,61,63,0,8279,1.45687144005964,25,-86,0.001869,51,2025-03-25 08:17:35.000883,828,1.037,0.0011,"aoml_navis",1031.02054347676
"7901009",65,0,4,0.024297,1,0.001869,1,121.295733159248,1,4.8495144064774,830,1,7.52600002288818,34.9010009765625,0.0242970008403063,0,116.965599060059,-86.306,25.354,61.2924975062196,63,63,63,63,61,63,0,8279,1.45687144005964,25,-86,0.001869,51,2025-03-25 08:17:35.000883,830,1.037,0.0011,"aoml_navis",1031.03106433123
"7901009",65,0,1,0.033642,1,0.011214,1,121.319587354218,1,4.84946723850276,832,1,7.51000022888184,34.898998260498,0.0336420014500618,0,116.98860168457,-86.306,25.354,61.2924975062196,63,63,63,63,61,63,0,8279,1.45687144005964,25,-86,0.001869,51,2025-03-25 08:17:35.000883,832,1.037,0.0011,"aoml_navis",1031.04109257654
"7901009",65,0,1,0.031773,1,0.009345,1,121.318962318927,1,4.84941653955691,834,1,7.49900007247925,34.898998260498,0.0317730009555817,0,116.987998962402,-86.306,25.354,61.2924975062196,63,63,63,63,61,63,0,8279,1.45687144005964,25,-86,0.001869,51,2025-03-25 08:17:35.000883,834,1.037,0.0011,"aoml_navis",1031.05187174885
"7901009",65,0,1,0.029904,1,0.007476,1,121.324144573556,1,4.84936431936047,836,1,7.48600006103516,34.898998260498,0.0299040004611015,0,116.99299621582,-86.306,25.354,61.2924975062196,63,63,63,63,61,63,0,8279,1.45687144005964,25,-86,0.001869,51,2025-03-25 08:17:35.000883,836,1.037,0.0011,"aoml_navis",1031.06297459198
"7901009",65,0,1,0.029904,1,0.007476,1,121.277274838564,1,4.84932049405846,838,1,7.48400020599365,34.898998260498,0.0299040004611015,0,116.947799682617,-86.306,25.354,61.2924975062196,63,63,63,63,61,63,0,8279,1.45687144005964,25,-86,0.001869,51,2025-03-25 08:17:35.000883,838,1.037,0.0011,"aoml_navis",1031.07229273177
"7901009",65,0,1,0.029904,1,0.007476,1,121.371125074295,1,4.84926917188473,840,1,7.47700023651123,34.9000015258789,0.0299040004611015,0,117.038299560547,-86.306,25.354,61.2924975062196,63,63,63,63,61,63,0,8279,1.45687144005964,25,-86,0.001869,51,2025-03-25 08:17:35.000883,840,1.037,0.0011,"aoml_navis",1031.08320507123
"7901009",65,0,1,0.033642,1,0.011214,1,121.715416665773,1,4.84921924885456,842,1,7.46700000762939,34.9000015258789,0.0336420014500618,0,117.370300292969,-86.306,25.354,61.2924975062196,63,63,63,63,61,63,0,8279,1.45687144005964,25,-86,0.001869,51,2025-03-25 08:17:35.000883,842,1.037,0.0011,"aoml_navis",1031.09382014044
"7901009",65,0,1,0.029904,1,0.007476,1,122.508531067282,1,4.84916968995027,844,1,7.44299983978271,34.8969993591309,0.0299040004611015,0,118.135101318359,-86.306,25.354,61.2924975062196,63,63,63,63,61,63,0,8279,1.45687144005964,25,-86,0.001869,51,2025-03-25 08:17:35.000883,844,1.037,0.0011,"aoml_navis",1031.10435800222
"7901009",65,0,1,0.031773,1,0.009345,1,123.43334594291,1,4.84911381506495,846,1,7.40100002288818,34.8919982910156,0.0317730009555817,0,119.026901245117,-86.306,25.354,61.2924975062196,63,63,63,63,61,63,0,8279,1.45687144005964,25,-86,0.001869,51,2025-03-25 08:17:35.000883,846,1.037,0.0011,"aoml_navis",1031.11623910874
"7901009",65,0,1,0.029904,1,0.007476,1,124.510289661284,1,4.84904945733921,848,1,7.33799982070923,34.8849983215332,0.0299040004611015,0,120.065399169922,-86.306,25.354,61.2924975062196,63,63,63,63,61,63,0,8279,1.45687144005964,25,-86,0.001869,51,2025-03-25 08:17:35.000883,848,1.037,0.0011,"aoml_navis",1031.12992432616
"7901009",65,0,1,0.026166,1,0.003738,1,125.178025148138,1,4.84896410410933,850,1,7.24200010299683,34.8769989013672,0.0261659994721413,0,120.709297180176,-86.306,25.354,61.2924975062196,63,63,63,63,61,63,0,8279,1.45687144005964,25,-86,0.001869,51,2025-03-25 08:17:35.000883,850,1.037,0.0011,"aoml_navis",1031.14807465014
"7901009",65,0,1,0.029904,1,0.007476,1,125.561519902493,1,4.8489140832631,852,1,7.22200012207031,34.875,0.0299040004611015,0,121.0791015625,-86.306,25.354,61.2924975062196,63,63,63,63,61,63,0,8279,1.45687144005964,25,-86,0.001869,51,2025-03-25 08:17:35.000883,852,1.037,0.0011,"aoml_navis",1031.15871185641
"7901009",65,0,1,0.031773,1,0.009345,1,125.900621327503,1,4.84886107547618,854,1,7.19799995422363,34.8730010986328,0.0317730009555817,0,121.406097412109,-86.306,25.354,61.2924975062196,63,63,63,63,61,63,0,8279,1.45687144005964,25,-86,0.001869,51,2025-03-25 08:17:35.000883,854,1.037,0.0011,"aoml_navis",1031.16998449146
"7901009",65,0,1,0.029904,1,0.007476,1,126.136338750632,1,4.84880510708835,856,1,7.17000007629395,34.8709983825684,0.0299040004611015,0,121.633399963379,-86.306,25.354,61.2924975062196,63,63,63,63,61,63,0,8279,1.45687144005964,25,-86,0.001869,51,2025-03-25 08:17:35.000883,856,1.037,0.0011,"aoml_navis",1031.18188699534
"7901009",65,0,1,0.033642,1,0.011214,1,126.380244927258,1,4.84875453183046,858,1,7.15899991989136,34.8709983825684,0.0336420014500618,0,121.868598937988,-86.306,25.354,61.2924975062196,63,63,63,63,61,63,0,8279,1.45687144005964,25,-86,0.001869,51,2025-03-25 08:17:35.000883,858,1.037,0.0011,"aoml_navis",1031.19264280686
"7901009",65,0,1,0.028035,1,0.005607,1,126.703174553091,1,4.84871062747661,860,1,7.15199995040894,34.8699989318848,0.0280349999666214,0,122.180000305176,-86.306,25.354,61.2924975062196,63,63,63,63,61,63,0,8279,1.45687144005964,25,-86,0.001869,51,2025-03-25 08:17:35.000883,860,1.037,0.0011,"aoml_navis",1031.20198010293
"7901009",65,0,1,0.026166,1,0.003738,1,127.285256469549,1,4.8486629836776,862,1,7.1399998664856,34.8689994812012,0.0261659994721413,0,122.741302490234,-86.306,25.354,61.2924975062196,63,63,63,63,61,63,0,8279,1.45687144005964,25,-86,0.001869,51,2025-03-25 08:17:35.000883,862,1.037,0.0011,"aoml_navis",1031.2121128715
"7901009",65,0,1,0.029904,1,0.007476,1,128.079090848419,1,4.8485749831099,864,1,7.06899976730347,34.867000579834,0.0299040004611015,0,123.506797790527,-86.306,25.354,61.2924975062196,63,63,63,63,61,63,0,8279,1.45687144005964,25,-86,0.001869,51,2025-03-25 08:17:35.000883,864,1.037,0.0011,"aoml_navis",1031.23082914415
"7901009",65,0,1,0.029904,1,0.007476,1,128.707733938144,1,4.84848137813799,866,1,7.00500011444092,34.8680000305176,0.0299040004611015,0,124.112998962402,-86.306,25.354,61.2924975062196,63,63,63,63,61,63,0,8279,1.45687144005964,25,-86,0.001869,51,2025-03-25 08:17:35.000883,866,1.037,0.0011,"aoml_navis",1031.25073812704
"7901009",65,0,1,0.031773,1,0.009345,1,129.218569743258,1,4.84842344884167,868,1,6.98400020599365,34.8680000305176,0.0317730009555817,0,124.605598449707,-86.306,25.354,61.2924975062196,63,63,63,63,61,63,0,8279,1.45687144005964,25,-86,0.001869,51,2025-03-25 08:17:35.000883,868,1.037,0.0011,"aoml_navis",1031.26305958167
"7901009",65,0,1,0.031773,1,0.009345,1,129.60590173959,1,4.84834706468022,870,1,6.94299983978271,34.8689994812012,0.0317730009555817,0,124.979103088379,-86.306,25.354,61.2924975062196,63,63,63,63,61,63,0,8279,1.45687144005964,25,-86,0.001869,51,2025-03-25 08:17:35.000883,870,1.037,0.0011,"aoml_navis",1031.27930680222
"7901009",65,0,1,0.029904,1,0.007476,1,129.648419963062,1,4.84828551044355,872,1,6.92199993133545,34.8699989318848,0.0299040004611015,0,125.02010345459,-86.306,25.354,61.2924975062196,63,63,63,63,61,63,0,8279,1.45687144005964,25,-86,0.001869,51,2025-03-25 08:17:35.000883,872,1.037,0.0011,"aoml_navis",1031.2924000102
"7901009",65,0,4,0.024297,1,0.001869,1,129.415400477075,1,4.84823354927998,874,1,6.90899991989136,34.8699989318848,0.0242970008403063,0,124.795402526855,-86.306,25.354,61.2924975062196,63,63,63,63,61,63,0,8279,1.45687144005964,25,-86,0.001869,51,2025-03-25 08:17:35.000883,874,1.037,0.0011,"aoml_navis",1031.3034529334
"7901009",65,0,1,0.033642,1,0.011214,1,128.994577665716,1,4.84818085644215,876,1,6.89499998092651,34.8699989318848,0.0336420014500618,0,124.389602661133,-86.306,25.354,61.2924975062196,63,63,63,63,61,63,0,8279,1.45687144005964,25,-86,0.001869,51,2025-03-25 08:17:35.000883,876,1.037,0.0011,"aoml_navis",1031.3146617367
"7901009",65,0,1,0.031773,1,0.009345,1,128.250722374615,1,4.8481237595348,878,1,6.88000011444092,34.8709983825684,0.0317730009555817,0,123.672302246094,-86.306,25.354,61.2924975062196,63,63,63,63,61,63,0,8279,1.45687144005964,25,-86,0.001869,51,2025-03-25 08:17:35.000883,878,1.037,0.0011,"aoml_navis",1031.32680764729
"7901009",65,0,1,0.029904,1,0.007476,1,127.436143153552,1,4.84807778924565,880,1,6.90500020980835,34.8769989013672,0.0299040004611015,0,122.88680267334,-86.306,25.354,61.2924975062196,63,63,63,63,61,63,0,8279,1.45687144005964,25,-86,0.001869,51,2025-03-25 08:17:35.000883,880,1.037,0.0011,"aoml_navis",1031.33658686157
"7901009",65,0,1,0.028035,1,0.005607,1,127.290644431995,1,4.84803031265422,882,1,6.91300010681152,34.8800010681152,0.0280349999666214,0,122.74649810791,-86.306,25.354,61.2924975062196,63,63,63,63,61,63,0,8279,1.45687144005964,25,-86,0.001869,51,2025-03-25 08:17:35.000883,882,1.037,0.0011,"aoml_navis",1031.34668670472
"7901009",65,0,1,0.029904,1,0.007476,1,127.37413015847,1,4.84798724744434,884,1,6.91699981689453,34.8810005187988,0.0299040004611015,0,122.827003479004,-86.306,25.354,61.2924975062196,63,63,63,63,61,63,0,8279,1.45687144005964,25,-86,0.001869,51,2025-03-25 08:17:35.000883,884,1.037,0.0011,"aoml_navis",1031.35584827204
"7901009",65,0,1,0.031773,1,0.009345,1,127.960872148174,1,4.8479346224794,886,1,6.91800022125244,34.8839988708496,0.0317730009555817,0,123.392799377441,-86.306,25.354,61.2924975062196,63,63,63,63,61,63,0,8279,1.45687144005964,25,-86,0.001869,51,2025-03-25 08:17:35.000883,886,1.037,0.0011,"aoml_navis",1031.36704377478
"7901009",65,0,1,0.033642,1,0.011214,1,128.811228705772,1,4.84787447692844,888,1,6.87900018692017,34.8810005187988,0.0336420014500618,0,124.212799072266,-86.306,25.354,61.2924975062196,63,63,63,63,61,63,0,8279,1.45687144005964,25,-86,0.001869,51,2025-03-25 08:17:35.000883,888,1.037,0.0011,"aoml_navis",1031.37983951432
"7901009",65,0,1,0.029904,1,0.007476,1,128.976530760666,1,4.84780115954686,890,1,6.80200004577637,34.8740005493164,0.0299040004611015,0,124.372200012207,-86.306,25.354,61.2924975062196,63,63,63,63,61,63,0,8279,1.45687144005964,25,-86,0.001869,51,2025-03-25 08:17:35.000883,890,1.037,0.0011,"aoml_navis",1031.39543794065
"7901009",65,0,1,0.029904,1,0.007476,1,128.879151844683,1,4.84774555976845,892,1,6.80900001525879,34.8790016174316,0.0299040004611015,0,124.278297424316,-86.306,25.354,61.2924975062196,63,63,63,63,61,63,0,8279,1.45687144005964,25,-86,0.001869,51,2025-03-25 08:17:35.000883,892,1.037,0.0011,"aoml_navis",1031.4072672244
"7901009",65,0,1,0.029904,1,0.007476,1,128.943451361273,1,4.84769952785778,894,1,6.80399990081787,34.8790016174316,0.0299040004611015,0,124.340301513672,-86.306,25.354,61.2924975062196,63,63,63,63,61,63,0,8279,1.45687144005964,25,-86,0.001869,51,2025-03-25 08:17:35.000883,894,1.037,0.0011,"aoml_navis",1031.41706107547
"7901009",65,0,1,0.026166,1,0.003738,1,128.693421421162,1,4.84764102997907,896,1,6.77699995040894,34.8779983520508,0.0261659994721413,0,124.099197387695,-86.306,25.354,61.2924975062196,63,63,63,63,61,63,0,8279,1.45687144005964,25,-86,0.001869,51,2025-03-25 08:17:35.000883,896,1.037,0.0011,"aoml_navis",1031.42950748182
"7901009",65,0,1,0.029904,1,0.007476,1,128.704521731458,1,4.84758690083473,898,1,6.7810001373291,34.8819999694824,0.0299040004611015,0,124.109901428223,-86.306,25.354,61.2924975062196,63,63,63,63,61,63,0,8279,1.45687144005964,25,-86,0.001869,51,2025-03-25 08:17:35.000883,898,1.037,0.0011,"aoml_navis",1031.44102463414
"7901009",65,0,1,0.029904,1,0.007476,1,128.896573714442,1,4.84753573754303,900,1,6.76900005340576,34.8819999694824,0.0299040004611015,0,124.295097351074,-86.306,25.354,61.2924975062196,63,63,63,63,61,63,0,8279,1.45687144005964,25,-86,0.001869,51,2025-03-25 08:17:35.000883,900,1.037,0.0011,"aoml_navis",1031.45191097328
"7901009",65,0,1,0.029904,1,0.007476,1,129.134261185514,1,4.84748531269014,902,1,6.75799989700317,34.8819999694824,0.0299040004611015,0,124.524299621582,-86.306,25.354,61.2924975062196,63,63,63,63,61,63,0,8279,1.45687144005964,25,-86,0.001869,51,2025-03-25 08:17:35.000883,902,1.037,0.0011,"aoml_navis",1031.46264041494
"7901009",65,0,1,0.028035,1,0.005607,1,129.844412041931,1,4.84743415907667,904,1,6.74599981307983,34.8819999694824,0.0280349999666214,0,125.209098815918,-86.306,25.354,61.2924975062196,63,63,63,63,61,63,0,8279,1.45687144005964,25,-86,0.001869,51,2025-03-25 08:17:35.000883,904,1.037,0.0011,"aoml_navis",1031.47352515096
"7901009",65,0,1,0.029904,1,0.007476,1,130.880087607415,1,4.8473844976927,906,1,6.72599983215332,34.8800010681152,0.0299040004611015,0,126.207801818848,-86.306,25.354,61.2924975062196,63,63,63,63,61,63,0,8279,1.45687144005964,25,-86,0.001869,51,2025-03-25 08:17:35.000883,906,1.037,0.0011,"aoml_navis",1031.48409258229
"7901009",65,0,1,0.029904,1,0.007476,1,131.679626422296,1,4.84732538062106,908,1,6.68800020217896,34.8769989013672,0.0299040004611015,0,126.978797912598,-86.306,25.354,61.2924975062196,63,63,63,63,61,63,0,8279,1.45687144005964,25,-86,0.001869,51,2025-03-25 08:17:35.000883,908,1.037,0.0011,"aoml_navis",1031.49667236891
"7901009",65,0,1,0.029904,1,0.007476,1,131.622384266208,1,4.84726339404393,910,1,6.64599990844727,34.8740005493164,0.0299040004611015,0,126.923599243164,-86.306,25.354,61.2924975062196,63,63,63,63,61,63,0,8279,1.45687144005964,25,-86,0.001869,51,2025-03-25 08:17:35.000883,910,1.037,0.0011,"aoml_navis",1031.50986310002
"7901009",65,0,1,0.031773,1,0.009345,1,131.288259388009,1,4.84719616670926,912,1,6.6269998550415,34.8769989013672,0.0317730009555817,0,126.601402282715,-86.306,25.354,61.2924975062196,63,63,63,63,61,63,0,8279,1.45687144005964,25,-86,0.001869,51,2025-03-25 08:17:35.000883,912,1.037,0.0011,"aoml_navis",1031.52416944464
"7901009",65,0,1,0.029904,1,0.007476,1,131.46745463241,1,4.84713261219344,914,1,6.60799980163574,34.8790016174316,0.0299040004611015,0,126.774200439453,-86.306,25.354,61.2924975062196,63,63,63,63,61,63,0,8279,1.45687144005964,25,-86,0.001869,51,2025-03-25 08:17:35.000883,914,1.037,0.0011,"aoml_navis",1031.53769455822
"7901009",65,0,1,0.029904,1,0.007476,1,131.609836089351,1,4.84708006620003,916,1,6.5939998626709,34.8790016174316,0.0299040004611015,0,126.911499023438,-86.306,25.354,61.2924975062196,63,63,63,63,61,63,0,8279,1.45687144005964,25,-86,0.001869,51,2025-03-25 08:17:35.000883,916,1.037,0.0011,"aoml_navis",1031.54887720265
"7901009",65,0,1,0.031773,1,0.009345,1,131.838504063818,1,4.84702685850582,918,1,6.57399988174438,34.8779983520508,0.0317730009555817,0,127.13200378418,-86.306,25.354,61.2924975062196,63,63,63,63,61,63,0,8279,1.45687144005964,25,-86,0.001869,51,2025-03-25 08:17:35.000883,918,1.037,0.0011,"aoml_navis",1031.56020091486
"7901009",65,0,1,0.029904,1,0.007476,1,132.002144632494,1,4.8469678019745,920,1,6.55100011825562,34.8779983520508,0.0299040004611015,0,127.28980255127,-86.306,25.354,61.2924975062196,63,63,63,63,61,63,0,8279,1.45687144005964,25,-86,0.001869,51,2025-03-25 08:17:35.000883,920,1.037,0.0011,"aoml_navis",1031.57276967327
"7901009",65,0,1,0.028035,1,0.005607,1,132.168483138313,1,4.8469173933512,922,1,6.54500007629395,34.8790016174316,0.0280349999666214,0,127.450202941895,-86.306,25.354,61.2924975062196,63,63,63,63,61,63,0,8279,1.45687144005964,25,-86,0.001869,51,2025-03-25 08:17:35.000883,922,1.037,0.0011,"aoml_navis",1031.58349817531
"7901009",65,0,1,0.026166,1,0.003738,1,132.515361901186,1,4.84687284965954,924,1,6.54199981689453,34.8790016174316,0.0261659994721413,0,127.784698486328,-86.306,25.354,61.2924975062196,63,63,63,63,61,63,0,8279,1.45687144005964,25,-86,0.001869,51,2025-03-25 08:17:35.000883,924,1.037,0.0011,"aoml_navis",1031.59297862563
"7901009",65,0,1,0.028035,1,0.005607,1,132.697571556295,1,4.84682540830689,926,1,6.53499984741211,34.8790016174316,0.0280349999666214,0,127.960403442383,-86.306,25.354,61.2924975062196,63,63,63,63,61,63,0,8279,1.45687144005964,25,-86,0.001869,51,2025-03-25 08:17:35.000883,926,1.037,0.0011,"aoml_navis",1031.60307599085
"7901009",65,0,1,0.028035,1,0.005607,1,133.049743339544,1,4.84677296476881,928,1,6.51599979400635,34.8779983520508,0.0280349999666214,0,128.300003051758,-86.306,25.354,61.2924975062196,63,63,63,63,61,63,0,8279,1.45687144005964,25,-86,0.001869,51,2025-03-25 08:17:35.000883,928,1.037,0.0011,"aoml_navis",1031.61423824573
"7901009",65,0,1,0.031773,1,0.009345,1,133.547920202053,1,4.84671395333933,930,1,6.49300003051758,34.8779983520508,0.0317730009555817,0,128.780395507812,-86.306,25.354,61.2924975062196,63,63,63,63,61,63,0,8279,1.45687144005964,25,-86,0.001869,51,2025-03-25 08:17:35.000883,930,1.037,0.0011,"aoml_navis",1031.62679872103
"7901009",65,0,1,0.029904,1,0.007476,1,134.080023030743,1,4.84666435407667,932,1,6.48299980163574,34.8779983520508,0.0299040004611015,0,129.293502807617,-86.306,25.354,61.2924975062196,63,63,63,63,61,63,0,8279,1.45687144005964,25,-86,0.001869,51,2025-03-25 08:17:35.000883,932,1.037,0.0011,"aoml_navis",1031.63735607034
"7901009",65,0,1,0.028035,1,0.005607,1,134.557977232442,1,4.84661692647538,934,1,6.47599983215332,34.8779983520508,0.0280349999666214,0,129.75439453125,-86.306,25.354,61.2924975062196,63,63,63,63,61,63,0,8279,1.45687144005964,25,-86,0.001869,51,2025-03-25 08:17:35.000883,934,1.037,0.0011,"aoml_navis",1031.64745137722
"7901009",65,0,1,0.029904,1,0.007476,1,134.786439499091,1,4.84656956347471,936,1,6.46400022506714,34.8769989013672,0.0299040004611015,0,129.974700927734,-86.306,25.354,61.2924975062196,63,63,63,63,61,63,0,8279,1.45687144005964,25,-86,0.001869,51,2025-03-25 08:17:35.000883,936,1.037,0.0011,"aoml_navis",1031.65753313057
"7901009",65,0,1,0.028035,1,0.005607,1,134.732718111415,1,4.84652292697246,938,1,6.45300006866455,34.8759994506836,0.0280349999666214,0,129.922897338867,-86.306,25.354,61.2924975062196,63,63,63,63,61,63,0,8279,1.45687144005964,25,-86,0.001869,51,2025-03-25 08:17:35.000883,938,1.037,0.0011,"aoml_navis",1031.667460433
"7901009",65,0,1,0.031773,1,0.009345,1,134.668110033099,1,4.84647622916218,940,1,6.44700002670288,34.8759994506836,0.0317730009555817,0,129.860595703125,-86.306,25.354,61.2924975062196,63,63,63,63,61,63,0,8279,1.45687144005964,25,-86,0.001869,51,2025-03-25 08:17:35.000883,940,1.037,0.0011,"aoml_navis",1031.67740097724
"7901009",65,0,1,0.029904,1,0.007476,1,134.832280694997,1,4.84642159731942,942,1,6.42999982833862,34.8759994506836,0.0299040004611015,0,130.018905639648,-86.306,25.354,61.2924975062196,63,63,63,63,61,63,0,8279,1.45687144005964,25,-86,0.001869,51,2025-03-25 08:17:35.000883,942,1.037,0.0011,"aoml_navis",1031.68903067895
"7901009",65,0,1,0.031773,1,0.009345,1,135.112470565862,1,4.84635033989363,944,1,6.39499998092651,34.8769989013672,0.0317730009555817,0,130.289093017578,-86.306,25.354,61.2924975062196,63,63,63,63,61,63,0,8279,1.45687144005964,25,-86,0.001869,51,2025-03-25 08:17:35.000883,944,1.037,0.0011,"aoml_navis",1031.70419992991
"7901009",65,0,1,0.031773,1,0.009345,1,135.36126625907,1,4.84628352386993,946,1,6.36100006103516,34.8769989013672,0.0317730009555817,0,130.529006958008,-86.306,25.354,61.2924975062196,63,63,63,63,61,63,0,8279,1.45687144005964,25,-86,0.001869,51,2025-03-25 08:17:35.000883,946,1.037,0.0011,"aoml_navis",1031.71842410229
"7901009",65,0,1,0.026166,1,0.003738,1,135.425352156003,1,4.8462354052264,948,1,6.35300016403198,34.8769989013672,0.0261659994721413,0,130.590805053711,-86.306,25.354,61.2924975062196,63,63,63,63,61,63,0,8279,1.45687144005964,25,-86,0.001869,51,2025-03-25 08:17:35.000883,948,1.037,0.0011,"aoml_navis",1031.72866811376
"7901009",65,0,1,0.029904,1,0.007476,1,135.635031716564,1,4.8461880069552,950,1,6.34600019454956,34.8769989013672,0.0299040004611015,0,130.792999267578,-86.306,25.354,61.2924975062196,63,63,63,63,61,63,0,8279,1.45687144005964,25,-86,0.001869,51,2025-03-25 08:17:35.000883,950,1.037,0.0011,"aoml_navis",1031.73875896355
"7901009",65,0,1,0.028035,1,0.005607,1,135.94614105474,1,4.84613633985932,952.099975585938,1,6.33599996566772,34.8769989013672,0.0280349999666214,0,131.093002319336,-86.306,25.354,61.2924975062196,63,63,63,63,61,63,0,8279,1.45687144005964,25,-86,0.001869,51,2025-03-25 08:17:35.000883,952.099975585938,1.037,0.0011,"aoml_navis",1031.74975884916
"7901009",65,0,1,0.026166,1,0.003738,1,136.405644847594,1,4.84607959288677,954,1,6.31300020217896,34.8769989013672,0.0261659994721413,0,131.536102294922,-86.306,25.354,61.2924975062196,63,63,63,63,61,63,0,8279,1.45687144005964,25,-86,0.001869,51,2025-03-25 08:17:35.000883,954,1.037,0.0011,"aoml_navis",1031.76184050694
"7901009",65,0,1,0.033642,1,0.011214,1,136.659504117843,1,4.84602432620211,956,1,6.29500007629395,34.8769989013672,0.0336420014500618,0,131.780899047852,-86.306,25.354,61.2924975062196,63,63,63,63,61,63,0,8279,1.45687144005964,25,-86,0.001869,51,2025-03-25 08:17:35.000883,956,1.037,0.0011,"aoml_navis",1031.77360727749
"7901009",65,0,1,0.028035,1,0.005607,1,136.785191594224,1,4.84597264783714,958,1,6.28200006484985,34.8769989013672,0.0280349999666214,0,131.902099609375,-86.306,25.354,61.2924975062196,63,63,63,63,61,63,0,8279,1.45687144005964,25,-86,0.001869,51,2025-03-25 08:17:35.000883,958,1.037,0.0011,"aoml_navis",1031.78461030555
"7901009",65,0,1,0.029904,1,0.007476,1,136.93306386752,1,4.84592669694291,960,1,6.27699995040894,34.8769989013672,0.0299040004611015,0,132.044692993164,-86.306,25.354,61.2924975062196,63,63,63,63,61,63,0,8279,1.45687144005964,25,-86,0.001869,51,2025-03-25 08:17:35.000883,960,1.037,0.0011,"aoml_navis",1031.79439407416
"7901009",65,0,1,0.026166,1,0.003738,1,137.162254023369,1,4.84588217893345,962,1,6.27400016784668,34.8769989013672,0.0261659994721413,0,132.265701293945,-86.306,25.354,61.2924975062196,63,63,63,63,61,63,0,8279,1.45687144005964,25,-86,0.001869,51,2025-03-25 08:17:35.000883,962,1.037,0.0011,"aoml_navis",1031.80387293289
"7901009",65,0,1,0.028035,1,0.005607,1,137.41082818508,1,4.8458212191233,964,1,6.2480001449585,34.8769989013672,0.0280349999666214,0,132.505401611328,-86.306,25.354,61.2924975062196,63,63,63,63,61,63,0,8279,1.45687144005964,25,-86,0.001869,51,2025-03-25 08:17:35.000883,964,1.037,0.0011,"aoml_navis",1031.81685289343
"7901009",65,0,1,0.029904,1,0.007476,1,137.603291583699,1,4.84576231831566,966,1,6.23000001907349,34.8779983520508,0.0299040004611015,0,132.690994262695,-86.306,25.354,61.2924975062196,63,63,63,63,61,63,0,8279,1.45687144005964,25,-86,0.001869,51,2025-03-25 08:17:35.000883,966,1.037,0.0011,"aoml_navis",1031.82939474794
"7901009",65,0,1,0.026166,1,0.003738,1,137.802100277298,1,4.8457207646102,968,1,6.22599983215332,34.8769989013672,0.0261659994721413,0,132.882705688477,-86.306,25.354,61.2924975062196,63,63,63,63,61,63,0,8279,1.45687144005964,25,-86,0.001869,51,2025-03-25 08:17:35.000883,968,1.037,0.0011,"aoml_navis",1031.83824303632
"7901009",65,0,1,0.028035,1,0.005607,1,138.092876188916,1,4.84566769103475,970,1,6.21099996566772,34.8769989013672,0.0280349999666214,0,133.163101196289,-86.306,25.354,61.2924975062196,63,63,63,63,61,63,0,8279,1.45687144005964,25,-86,0.001869,51,2025-03-25 08:17:35.000883,970,1.037,0.0011,"aoml_navis",1031.84954454281
"7901009",65,0,1,0.028035,1,0.005607,1,138.344979030879,1,4.84560738839397,972,1,6.19099998474121,34.8779983520508,0.0280349999666214,0,133.406204223633,-86.306,25.354,61.2924975062196,63,63,63,63,61,63,0,8279,1.45687144005964,25,-86,0.001869,51,2025-03-25 08:17:35.000883,972,1.037,0.0011,"aoml_navis",1031.86238570954
"7901009",65,0,1,0.031773,1,0.009345,1,138.607240674281,1,4.84556145346843,974,1,6.18599987030029,34.8779983520508,0.0317730009555817,0,133.659103393555,-86.306,25.354,61.2924975062196,63,63,63,63,61,63,0,8279,1.45687144005964,25,-86,0.001869,51,2025-03-25 08:17:35.000883,974,1.037,0.0011,"aoml_navis",1031.87216755264
"7901009",65,0,1,0.031773,1,0.009345,1,139.069956673821,1,4.84550982410248,976,1,6.1729998588562,34.8779983520508,0.0317730009555817,0,134.10530090332,-86.306,25.354,61.2924975062196,63,63,63,63,61,63,0,8279,1.45687144005964,25,-86,0.001869,51,2025-03-25 08:17:35.000883,976,1.037,0.0011,"aoml_navis",1031.88316224829
"7901009",65,0,1,0.029904,1,0.007476,1,139.349434479165,1,4.84545677797096,978,1,6.15799999237061,34.8779983520508,0.0299040004611015,0,134.374801635742,-86.306,25.354,61.2924975062196,63,63,63,63,61,63,0,8279,1.45687144005964,25,-86,0.001869,51,2025-03-25 08:17:35.000883,978,1.037,0.0011,"aoml_navis",1031.89445889429
"7901009",65,0,1,0.029904,1,0.007476,1,145.21440170608,1,4.84490386793043,999.799987792969,1,6.02440023422241,34.8769989013672,0.0299040004611015,0,140.030395507812,-86.306,25.354,61.2924975062196,63,63,63,63,61,63,0,8279,1.45687144005964,25,-86,0.001869,51,2025-03-25 08:17:35.000883,999.799987792969,1.037,0.0011,"aoml_navis",1032.01222073697
"7901009",65,0,1,0.031773,1,0.009345,1,152.476140836264,1,4.84361891245271,1049.5,1,5.71460008621216,34.8810005187988,0.0317730009555817,0,147.032897949219,-86.306,25.354,61.2924975062196,63,63,63,63,61,63,0,8279,1.45687144005964,25,-86,0.001869,51,2025-03-25 08:17:35.000883,1049.5,1.037,0.0011,"aoml_navis",1032.28600151536
"7901009",65,0,1,0.035511,1,0.013083,1,158.522178413453,1,4.84240526251247,1099.19995117188,1,5.50890016555786,34.8860015869141,0.0355109982192516,0,152.863098144531,-86.306,25.354,61.2924975062196,63,63,63,63,61,63,0,8279,1.45687144005964,25,-86,0.001869,51,2025-03-25 08:17:35.000883,1099.19995117188,1.037,0.0011,"aoml_navis",1032.54472291023
"7901009",65,0,1,0.028035,1,0.005607,1,165.589792658802,1,4.84112288831599,1150.19995117188,1,5.25670003890991,34.8940010070801,0.0280349999666214,0,159.678405761719,-86.306,25.354,61.2924975062196,63,63,63,63,61,63,0,8279,1.45687144005964,25,-86,0.001869,51,2025-03-25 08:17:35.000883,1150.19995117188,1.037,0.0011,"aoml_navis",1032.81823563443
"7901009",65,0,1,0.028035,1,0.005607,1,171.991942115126,1,4.83992504758685,1199.5,1,5.06199979782104,34.9000015258789,0.0280349999666214,0,165.852005004883,-86.306,25.354,61.2924975062196,63,63,63,63,61,63,0,8279,1.45687144005964,25,-86,0.001869,51,2025-03-25 08:17:35.000883,1199.5,1.037,0.0011,"aoml_navis",1033.07384945826
"7901009",65,0,4,0.022428,1,0,1,177.869979700279,1,4.83871356282658,1249.80004882812,1,4.88159990310669,34.9070014953613,0.0224280003458261,0,171.520202636719,-86.306,25.354,61.2924975062196,63,63,63,63,61,63,0,8279,1.45687144005964,25,-86,0.001869,51,2025-03-25 08:17:35.000883,1249.80004882812,1.037,0.0011,"aoml_navis",1033.3325035837
"7901009",65,0,1,0.029904,1,0.007476,1,183.354371641477,1,4.83753425701324,1299.90002441406,1,4.73519992828369,34.9129981994629,0.0299040004611015,0,176.808807373047,-86.306,25.354,61.2924975062196,63,63,63,63,61,63,0,8279,1.45687144005964,25,-86,0.001869,51,2025-03-25 08:17:35.000883,1299.90002441406,1.037,0.0011,"aoml_navis",1033.58441188323
"7901009",65,0,1,0.024297,1,0.001869,1,188.02085347734,1,4.8364030913896,1349.30004882812,1,4.62580013275146,34.9169998168945,0.0242970008403063,0,181.308700561523,-86.306,25.354,61.2924975062196,63,63,63,63,61,63,0,8279,1.45687144005964,25,-86,0.001869,51,2025-03-25 08:17:35.000883,1349.30004882812,1.037,0.0011,"aoml_navis",1033.82615251852
"7901009",65,0,1,0.026166,1,0.003738,1,192.368867964638,1,4.83525221083883,1399.40002441406,1,4.51289987564087,34.9220008850098,0.0261659994721413,0,185.501495361328,-86.306,25.354,61.2924975062196,63,63,63,63,61,63,0,8279,1.45687144005964,25,-86,0.001869,51,2025-03-25 08:17:35.000883,1399.40002441406,1.037,0.0011,"aoml_navis",1034.0722224979
"7901009",65,0,1,0.029904,1,0.007476,1,194.951672024172,1,4.83415844512953,1449.09997558594,1,4.45979976654053,34.9249992370605,0.0299040004611015,0,187.992095947266,-86.306,25.354,61.2924975062196,63,63,63,63,61,63,0,8279,1.45687144005964,25,-86,0.001869,51,2025-03-25 08:17:35.000883,1449.09997558594,1.037,0.0011,"aoml_navis",1034.30618933013
"7901009",65,0,1,0.031773,1,0.009345,1,196.452136491047,1,4.83307499612835,1499,1,4.4210000038147,34.9269981384277,0.0317730009555817,0,189.438995361328,-86.306,25.354,61.2924975062196,63,63,63,63,61,63,0,8279,1.45687144005964,25,-86,0.001869,51,2025-03-25 08:17:35.000883,1499,1.037,0.0011,"aoml_navis",1034.53805372467
"7901009",65,0,1,0.028035,1,0.005607,1,197.724977346221,1,4.83198459559819,1550,1,4.39870023727417,34.9280014038086,0.0280349999666214,0,190.666397094727,-86.306,25.354,61.2924975062196,63,63,63,63,61,63,0,8279,1.45687144005964,25,-86,0.001869,51,2025-03-25 08:17:35.000883,1550,1.037,0.0011,"aoml_navis",1034.77151076907
"7901009",65,0,1,0.026166,1,0.003738,1,198.941928969797,1,4.83092777664593,1599.5,1,4.37739992141724,34.9290008544922,0.0261659994721413,0,191.839904785156,-86.306,25.354,61.2924975062196,63,63,63,63,61,63,0,8279,1.45687144005964,25,-86,0.001869,51,2025-03-25 08:17:35.000883,1599.5,1.037,0.0011,"aoml_navis",1034.99787849684
"7901009",65,0,4,0.022428,1,0,1,199.698126729937,1,4.82987518229316,1649.09997558594,1,4.36329984664917,34.9300003051758,0.0224280003458261,0,192.569107055664,-86.306,25.354,61.2924975062196,63,63,63,63,61,63,0,8279,1.45687144005964,25,-86,0.001869,51,2025-03-25 08:17:35.000883,1649.09997558594,1.037,0.0011,"aoml_navis",1035.22343979624
"7901009",65,0,1,0.035511,1,0.013083,1,200.711696616898,1,4.82880239716969,1699.69995117188,1,4.34819984436035,34.9309997558594,0.0355109982192516,0,193.546493530273,-86.306,25.354,61.2924975062196,63,63,63,63,61,63,0,8279,1.45687144005964,25,-86,0.001869,51,2025-03-25 08:17:35.000883,1699.69995117188,1.037,0.0011,"aoml_navis",1035.45342897665
"7901009",65,0,1,0.033642,1,0.011214,1,201.471945238671,1,4.82775251611569,1749.40002441406,1,4.33690023422241,34.931999206543,0.0336420014500618,0,194.279602050781,-86.306,25.354,61.2924975062196,63,63,63,63,61,63,0,8279,1.45687144005964,25,-86,0.001869,51,2025-03-25 08:17:35.000883,1749.40002441406,1.037,0.0011,"aoml_navis",1035.67860682778
"7901009",65,0,1,0.024297,1,0.001869,1,202.068339672112,1,4.82672858666366,1798.19995117188,1,4.32859992980957,34.931999206543,0.0242970008403063,0,194.854705810547,-86.306,25.354,61.2924975062196,63,63,63,63,61,63,0,8279,1.45687144005964,25,-86,0.001869,51,2025-03-25 08:17:35.000883,1798.19995117188,1.037,0.0011,"aoml_navis",1035.89831295157
"7901009",65,0,1,0.028035,1,0.005607,1,202.671569934558,1,4.82566611903136,1849,1,4.32270002365112,34.931999206543,0.0280349999666214,0,195.436401367188,-86.306,25.354,61.2924975062196,63,63,63,63,61,63,0,8279,1.45687144005964,25,-86,0.001869,51,2025-03-25 08:17:35.000883,1849,1.037,0.0011,"aoml_navis",1036.12638683831
"7901009",65,0,1,0.024297,1,0.001869,1,203.130662311777,1,4.82463222947241,1898.40002441406,1,4.31899976730347,34.9329986572266,0.0242970008403063,0,195.879104614258,-86.306,25.354,61.2924975062196,63,63,63,63,61,63,0,8279,1.45687144005964,25,-86,0.001869,51,2025-03-25 08:17:35.000883,1898.40002441406,1.037,0.0011,"aoml_navis",1036.34842246759
"7901009",65,0,1,0.029904,1,0.007476,1,203.660882122754,1,4.8235809908053,1948.59997558594,1,4.31220006942749,34.9339981079102,0.0299040004611015,0,196.390396118164,-86.306,25.354,61.2924975062196,63,63,63,63,61,63,0,8279,1.45687144005964,25,-86,0.001869,51,2025-03-25 08:17:35.000883,1948.59997558594,1.037,0.0011,"aoml_navis",1036.57428154124
"7901009",65,0,1,0.024297,1,0.001869,1,203.64523250496,1,4.82258094709686,1996.80004882812,1,4.31180000305176,34.9339981079102,0.0242970008403063,0,196.375305175781,-86.306,25.354,61.2924975062196,63,63,63,63,61,63,0,8279,1.45687144005964,25,-86,0.001869,51,2025-03-25 08:17:35.000883,1996.80004882812,1.037,0.0011,"aoml_navis",1036.78923274682
"7901009",66,0.0406125435548371,5,0.035511,1,0.013083,1,195.577574848651,1,4.88581745256244,2.29999995231628,1,27.7040004730225,36.1549987792969,0.0355109982192516,0.0560699999332428,188.595596313477,-86.568,26.2251,57.6138252735564,63,63,63,63,61,63,0.054201,8046,1.33458767306251,26,-87,0.001869,51,2025-04-04 14:55:09.001582,2.29999995231628,1.037,0.0011,"aoml_navis",1023.37020335823
"7901009",66,0.0406125435548371,5,0.033642,1,0.011214,1,195.568666115036,1,4.88577909264583,4.09999990463257,1,27.7029991149902,36.1549987792969,0.0336420014500618,0.0560699999332428,188.587005615234,-86.568,26.2251,57.6138252735564,63,63,63,63,61,63,0.054201,8046,1.33458767306251,26,-87,0.001869,51,2025-04-04 14:55:09.001582,4.09999990463257,1.037,0.0011,"aoml_navis",1023.37823818643
"7901009",66,0.0406125435548371,5,0.039249,1,0.016821,1,195.579853459025,1,4.88574024905465,6,1,27.7029991149902,36.1549987792969,0.0392489992082119,0.0560699999332428,188.597793579102,-86.568,26.2251,57.6138252735564,63,63,63,63,61,63,0.054201,8046,1.33458767306251,26,-87,0.001869,51,2025-04-04 14:55:09.001582,6,1.037,0.0011,"aoml_navis",1023.38637445318
"7901009",66,0.0406125435548371,5,0.03738,1,0.014952,1,195.534645196259,1,4.88570092227941,8,1,27.7040004730225,36.1549987792969,0.0373799987137318,0.0560699999332428,188.55419921875,-86.568,26.2251,57.6138252735564,63,63,63,63,61,63,0.054201,8046,1.33458767306251,26,-87,0.001869,51,2025-04-04 14:55:09.001582,8,1.037,0.0011,"aoml_navis",1023.39461206055
"7901009",66,0.0406125435548371,5,0.039249,1,0.016821,1,195.59479101592,1,4.88566003897313,10,1,27.7040004730225,36.1549987792969,0.0392489992082119,0.0560699999332428,188.612197875977,-86.568,26.2251,57.6138252735564,63,63,63,63,61,63,0.054201,8046,1.33458767306251,26,-87,0.001869,51,2025-04-04 14:55:09.001582,10,1.037,0.0011,"aoml_navis",1023.40317584825
"7901009",66,0.0406125435548371,5,0.042987,1,0.020559,1,195.577574848651,1,4.88561867012,12.1000003814697,1,27.7049999237061,36.1549987792969,0.0429870001971722,0.0560699999332428,188.595596313477,-86.568,26.2251,57.6138252735564,63,63,63,63,61,63,0.054201,8046,1.33458767306251,26,-87,0.001869,51,2025-04-04 14:55:09.001582,12.1000003814697,1.037,0.0011,"aoml_navis",1023.41184148889
"7901009",66,0.0406125435548371,5,0.042987,1,0.020559,1,195.529660736066,1,4.88557983554547,14,1,27.7049999237061,36.1549987792969,0.0429870001971722,0.0560699999332428,188.549392700195,-86.568,26.2251,57.6138252735564,63,63,63,63,61,63,0.054201,8046,1.33458767306251,26,-87,0.001869,51,2025-04-04 14:55:09.001582,14,1.037,0.0011,"aoml_navis",1023.41997640117
"7901009",66,0.0406125435548371,5,0.041118,1,0.01869,1,195.568349641373,1,4.88554100308559,15.8999996185303,1,27.7049999237061,36.1549987792969,0.041117999702692,0.0560699999332428,188.586700439453,-86.568,26.2251,57.6138252735564,63,63,63,63,61,63,0.054201,8046,1.33458767306251,26,-87,0.001869,51,2025-04-04 14:55:09.001582,15.8999996185303,1.037,0.0011,"aoml_navis",1023.42811099981
"7901009",66,0.0406125435548371,5,0.046725,1,0.024297,1,195.531527930678,1,4.88549808544198,18,1,27.7049999237061,36.1549987792969,0.0467250011861324,0.0560699999332428,188.551193237305,-86.568,26.2251,57.6138252735564,63,63,63,63,61,63,0.054201,8046,1.33458767306251,26,-87,0.001869,51,2025-04-04 14:55:09.001582,18,1.037,0.0011,"aoml_navis",1023.43710151053
"7901009",66,0.0406125435548371,5,0.044856,1,0.022428,1,195.567938225611,1,4.88545672673405,20.1000003814697,1,27.7059993743896,36.1549987792969,0.0448560006916523,0.0560699999332428,188.586303710938,-86.568,26.2251,57.6138252735564,63,63,63,63,61,63,0.054201,8046,1.33458767306251,26,-87,0.001869,51,2025-04-04 14:55:09.001582,20.1000003814697,1.037,0.0011,"aoml_navis",1023.44576560041
"7901009",66,0.0406125435548371,5,0.048594,1,0.026166,1,195.499801445957,1,4.88541994452178,21.8999996185303,1,27.7059993743896,36.1549987792969,0.0485940016806126,0.0560699999332428,188.520599365234,-86.568,26.2251,57.6138252735564,63,63,63,63,61,63,0.054201,8046,1.33458767306251,26,-87,0.001869,51,2025-04-04 14:55:09.001582,21.8999996185303,1.037,0.0011,"aoml_navis",1023.45347109959
"7901009",66,0.0406125435548371,5,0.046725,1,0.024297,1,195.535056612021,1,4.88537859377594,24,1,27.7070007324219,36.1549987792969,0.0467250011861324,0.0560699999332428,188.554595947266,-86.568,26.2251,57.6138252735564,63,63,63,63,61,63,0.054201,8046,1.33458767306251,26,-87,0.001869,51,2025-04-04 14:55:09.001582,24,1.037,0.0011,"aoml_navis",1023.46213379862
"7901009",66,0.0406125435548371,5,0.054201,1,0.031773,1,195.464435514112,1,4.88533772937132,26,1,27.7070007324219,36.1549987792969,0.0542009994387627,0.0560699999332428,188.48649597168,-86.568,26.2251,57.6138252735564,63,63,63,63,61,63,0.054201,8046,1.33458767306251,26,-87,0.001869,51,2025-04-04 14:55:09.001582,26,1.037,0.0011,"aoml_navis",1023.47069475654
"7901009",66,0.0406125435548371,5,0.05607,1,0.033642,1,195.469720624285,1,4.88529686730849,28,1,27.7070007324219,36.1549987792969,0.0560699999332428,0.0560699999332428,188.491592407227,-86.568,26.2251,57.6138252735564,63,63,63,63,61,63,0.054201,8046,1.33458767306251,26,-87,0.001869,51,2025-04-04 14:55:09.001582,28,1.037,0.0011,"aoml_navis",1023.47925536707
"7901009",66,0.0406125435548371,5,0.057939,1,0.035511,1,195.444212847044,1,4.88525444796445,30,1,27.7059993743896,36.1549987792969,0.0579390004277229,0.0560699999332428,188.466995239258,-86.568,26.2251,57.6138252735564,63,63,63,63,61,63,0.054201,8046,1.33458767306251,26,-87,0.001869,51,2025-04-04 14:55:09.001582,30,1.037,0.0011,"aoml_navis",1023.48814237984
"7901009",66,0.0406125435548371,5,0.061677,1,0.039249,1,195.463913332568,1,4.88521359053142,32,1,27.7059993743896,36.1549987792969,0.0616770014166832,0.0560699999332428,188.485992431641,-86.568,26.2251,57.6138252735564,63,63,63,63,61,63,0.054201,8046,1.33458767306251,26,-87,0.001869,51,2025-04-04 14:55:09.001582,32,1.037,0.0011,"aoml_navis",1023.49670231227
"7901009",66,0.0406125435548371,5,0.057939,1,0.035511,1,195.503124419419,1,4.8851742951687,34,1,27.7070007324219,36.1549987792969,0.0579390004277229,0.0560699999332428,188.523803710938,-86.568,26.2251,57.6138252735564,63,63,63,63,61,63,0.054201,8046,1.33458767306251,26,-87,0.001869,51,2025-04-04 14:55:09.001582,34,1.037,0.0011,"aoml_navis",1023.50493511457
"7901009",66,0.0406125435548371,5,0.057939,1,0.035511,1,195.335440849055,1,4.88513188268862,36,1,27.7059993743896,36.1549987792969,0.0579390004277229,0.0560699999332428,188.362106323242,-86.568,26.2251,57.6138252735564,63,63,63,63,61,63,0.054201,8046,1.33458767306251,26,-87,0.001869,51,2025-04-04 14:55:09.001582,36,1.037,0.0011,"aoml_navis",1023.51382113519
"7901009",66,0.0406125435548371,5,0.061677,1,0.039249,1,195.441839294571,1,4.88509462276346,38,1,27.7059993743896,36.1539993286133,0.0616770014166832,0.0560699999332428,188.464706420898,-86.568,26.2251,57.6138252735564,63,63,63,63,61,63,0.054201,8046,1.33458767306251,26,-87,0.001869,51,2025-04-04 14:55:09.001582,38,1.037,0.0011,"aoml_navis",1023.52162774926
"7901009",66,0.0406125435548371,5,0.057939,1,0.035511,1,195.373591749135,1,4.88505377458478,40,1,27.7059993743896,36.1539993286133,0.0579390004277229,0.0560699999332428,188.398895263672,-86.568,26.2251,57.6138252735564,63,63,63,63,61,63,0.054201,8046,1.33458767306251,26,-87,0.001869,51,2025-04-04 14:55:09.001582,40,1.037,0.0011,"aoml_navis",1023.53018630281
"7901009",66,0.0406125435548371,5,0.063546,1,0.041118,1,195.383244195858,1,4.88501089842115,42,1,27.7070007324219,36.1549987792969,0.0635460019111633,0.0560699999332428,188.408203125,-86.568,26.2251,57.6138252735564,63,63,63,63,61,63,0.054201,8046,1.33458767306251,26,-87,0.001869,51,2025-04-04 14:55:09.001582,42,1.037,0.0011,"aoml_navis",1023.53916991588
"7901009",66,0.0406125435548371,5,0.063546,1,0.041118,1,195.445874333775,1,4.88496382126654,44,1,27.7029991149902,36.1549987792969,0.0635460019111633,0.0560699999332428,188.468597412109,-86.568,26.2251,57.6138252735564,63,63,63,63,61,63,0.054201,8046,1.33458767306251,26,-87,0.001869,51,2025-04-04 14:55:09.001582,44,1.037,0.0011,"aoml_navis",1023.54903392174
"7901009",66,0.0406125435548371,5,0.063546,1,0.041118,1,195.401694610414,1,4.88492142312676,46,1,27.7019996643066,36.1549987792969,0.0635460019111633,0.0560699999332428,188.425994873047,-86.568,26.2251,57.6138252735564,63,63,63,63,61,63,0.054201,8046,1.33458767306251,26,-87,0.001869,51,2025-04-04 14:55:09.001582,46,1.037,0.0011,"aoml_navis",1023.55791770333
"7901009",66,0.0406125435548371,5,0.069153,1,0.046725,1,195.392152929473,1,4.88488058420473,48,1,27.7019996643066,36.1549987792969,0.0691530033946037,0.0560699999332428,188.416793823242,-86.568,26.2251,57.6138252735564,63,63,63,63,61,63,0.054201,8046,1.33458767306251,26,-87,0.001869,51,2025-04-04 14:55:09.001582,48,1.037,0.0011,"aoml_navis",1023.56647492418
"7901009",66,0.0406125435548371,5,0.069153,1,0.046725,1,195.42441741942,1,4.88482884343669,50,1,27.6949996948242,36.1549987792969,0.0691530033946037,0.0560699999332428,188.447906494141,-86.568,26.2251,57.6138252735564,63,63,63,63,61,63,0.054201,8046,1.33458767306251,26,-87,0.001869,51,2025-04-04 14:55:09.001582,50,1.037,0.0011,"aoml_navis",1023.57731667877
"7901009",66,0.0406125435548371,5,0.071022,1,0.048594,1,195.476366571209,1,4.88478130549531,52,1,27.693000793457,36.1559982299805,0.0710219964385033,0.0579390004277229,188.498001098633,-86.568,26.2251,57.6138252735564,63,63,63,63,61,63,0.054201,8046,1.33458767306251,26,-87,0.001869,51,2025-04-04 14:55:09.001582,52,1.037,0.0011,"aoml_navis",1023.587277976
"7901009",66,0.0406125435548371,5,0.072891,1,0.050463,1,195.412486362323,1,4.88473891346778,54,1,27.6919994354248,36.1559982299805,0.0728909969329834,0.0598080009222031,188.436401367188,-86.568,26.2251,57.6138252735564,63,63,63,63,61,63,0.054201,8046,1.33458767306251,26,-87,0.001869,51,2025-04-04 14:55:09.001582,54,1.037,0.0011,"aoml_navis",1023.59616114066
"7901009",66,0.0406125435548371,5,0.076629,1,0.054201,1,195.532160878004,1,4.88467627970164,56,1,27.67799949646,36.1559982299805,0.0766289979219437,0.0635460019111633,188.551803588867,-86.568,26.2251,57.6138252735564,63,63,63,63,61,63,0.054201,8046,1.33458767306251,26,-87,0.001869,51,2025-04-04 14:55:09.001582,56,1.037,0.0011,"aoml_navis",1023.60928620338
"7901009",66,0.0532164363822003,1,0.09345,1,0.071022,1,195.741840503454,1,4.88456552055938,58,1,27.6399993896484,36.1590003967285,0.0934500023722649,0.0803669989109039,188.753997802734,-86.568,26.2251,57.6138252735564,63,63,63,63,61,63,0.071022,8046,1.33458767306251,26,-87,0.001869,51,2025-04-04 14:55:09.001582,58,1.037,0.0011,"aoml_navis",1023.63249688324
"7901009",66,0.0602185990640688,1,0.102795,1,0.080367,1,195.820341795572,1,4.88448843749171,60,1,27.6189994812012,36.1599998474121,0.102794997394085,0.0897120013833046,188.829696655273,-86.568,26.2251,57.6138252735564,63,63,63,63,61,63,0.080367,8046,1.33458767306251,26,-87,0.001869,51,2025-04-04 14:55:09.001582,60,1.037,0.0011,"aoml_navis",1023.64865102795
"7901009",66,0.0616190316004425,1,0.104664,1,0.082236,1,195.849378254157,1,4.88443313616847,62,1,27.6119995117188,36.1609992980957,0.104663997888565,0.0915810018777847,188.857696533203,-86.568,26.2251,57.6138252735564,63,63,63,63,61,63,0.082236,8046,1.33458767306251,26,-87,0.001869,51,2025-04-04 14:55:09.001582,62,1.037,0.0011,"aoml_navis",1023.66024073004
"7901009",66,0.0700216268186846,1,0.115878,1,0.09345,1,195.914508534011,1,4.88436540249533,64,1,27.5970001220703,36.1619987487793,0.115878000855446,0.102794997394085,188.920501708984,-86.568,26.2251,57.6138252735564,63,63,63,63,61,63,0.09345,8046,1.33458767306251,26,-87,0.001869,51,2025-04-04 14:55:09.001582,64,1.037,0.0011,"aoml_navis",1023.67443628308
"7901009",66,0.0714220593550583,1,0.117747,1,0.095319,1,195.883082699271,1,4.88430700014328,66,1,27.5879993438721,36.1629981994629,0.117747001349926,0.104663997888565,188.890197753906,-86.568,26.2251,57.6138252735564,63,63,63,63,61,63,0.095319,8046,1.33458767306251,26,-87,0.001869,51,2025-04-04 14:55:09.001582,66,1.037,0.0011,"aoml_navis",1023.68667650361
"7901009",66,0.0742229244278057,1,0.121485,1,0.099057,1,195.832795034213,1,4.884261516448,68,1,27.5849990844727,36.1629981994629,0.121485002338886,0.108401998877525,188.841705322266,-86.568,26.2251,57.6138252735564,63,63,63,63,61,63,0.099057,8046,1.33458767306251,26,-87,0.001869,51,2025-04-04 14:55:09.001582,68,1.037,0.0011,"aoml_navis",1023.69620937827
"7901009",66,0.0770237895005531,1,0.125223,1,0.102795,1,195.762585352067,1,4.88421496475415,70,1,27.5790004730225,36.1619987487793,0.125222995877266,0.112139999866486,188.774002075195,-86.568,26.2251,57.6138252735564,63,63,63,63,61,63,0.102795,8046,1.33458767306251,26,-87,0.001869,51,2025-04-04 14:55:09.001582,70,1.037,0.0011,"aoml_navis",1023.70596627736
"7901009",66,0.0826255196460479,1,0.132699,1,0.110271,1,195.688024157053,1,4.88416434372333,72,1,27.5750007629395,36.1629981994629,0.132698997855186,0.119616001844406,188.702102661133,-86.568,26.2251,57.6138252735564,63,63,63,63,61,63,0.110271,8046,1.33458767306251,26,-87,0.001869,51,2025-04-04 14:55:09.001582,72,1.037,0.0011,"aoml_navis",1023.7165762912
"7901009",66,0.0868268172551689,1,0.138306,1,0.115878,1,195.58349290615,1,4.88410546112184,74,1,27.568000793457,36.1650009155273,0.138306006789207,0.125222995877266,188.601303100586,-86.568,26.2251,57.6138252735564,63,63,63,63,61,63,0.115878,8046,1.33458767306251,26,-87,0.001869,51,2025-04-04 14:55:09.001582,74,1.037,0.0011,"aoml_navis",1023.72891818178
"7901009",66,0.0868268172551689,1,0.138306,1,0.115878,1,195.367278099557,1,4.884039418199,76,1,27.5610008239746,36.1689987182617,0.138306006789207,0.125222995877266,188.392807006836,-86.568,26.2251,57.6138252735564,63,63,63,63,61,63,0.115878,8046,1.33458767306251,26,-87,0.001869,51,2025-04-04 14:55:09.001582,76,1.037,0.0011,"aoml_navis",1023.74276124163
"7901009",66,0.0938289799370374,1,0.147651,1,0.125223,1,194.892725841822,1,4.88389572702202,78,1,27.5410003662109,36.1889991760254,0.147651001811028,0.134568005800247,187.935195922852,-86.568,26.2251,57.6138252735564,63,63,63,63,61,63,0.125223,8046,1.33458767306251,26,-87,0.001869,51,2025-04-04 14:55:09.001582,78,1.037,0.0011,"aoml_navis",1023.77288121357
"7901009",66,0.10223157515528,1,0.158865,1,0.136437,1,194.085512293177,1,4.88365337087513,80,1,27.5060005187988,36.2299995422363,0.158865004777908,0.145781993865967,187.156799316406,-86.568,26.2251,57.6138252735564,63,63,63,63,61,63,0.136437,8046,1.33458767306251,26,-87,0.001869,51,2025-04-04 14:55:09.001582,80,1.037,0.0011,"aoml_navis",1023.82368695918
"7901009",66,0.106432872764401,1,0.164472,1,0.142044,1,193.036148921254,1,4.88335549242035,82,1,27.4559993743896,36.2799987792969,0.164471998810768,0.151389002799988,186.144897460938,-86.568,26.2251,57.6138252735564,63,63,63,63,61,63,0.142044,8046,1.33458767306251,26,-87,0.001869,51,2025-04-04 14:55:09.001582,82,1.037,0.0011,"aoml_navis",1023.88613889787
"7901009",66,0.114835467982643,1,0.175686,1,0.153258,1,191.834862367386,1,4.88299330840052,84.0999984741211,1,27.375,36.3339996337891,0.175686001777649,0.162603005766869,184.98649597168,-86.568,26.2251,57.6138252735564,63,63,63,63,61,63,0.153258,8046,1.33458767306251,26,-87,0.001869,51,2025-04-04 14:55:09.001582,84.0999984741211,1.037,0.0011,"aoml_navis",1023.96208313417
"7901009",66,0.133041090955501,1,0.199983,1,0.177555,1,190.897910440576,1,4.88273087437388,86,1,27.2999992370605,36.3639984130859,0.19998300075531,0.18690000474453,184.082992553711,-86.568,26.2251,57.6138252735564,63,63,63,63,61,63,0.177555,8046,1.33458767306251,26,-87,0.001869,51,2025-04-04 14:55:09.001582,86,1.037,0.0011,"aoml_navis",1024.01711842067
"7901009",66,0.149846281391985,1,0.222411,1,0.199983,1,190.568872773108,1,4.88261914569355,88,1,27.2749996185303,36.3730010986328,0.222411006689072,0.20932799577713,183.765701293945,-86.568,26.2251,57.6138252735564,63,63,63,63,61,63,0.199983,8046,1.33458767306251,26,-87,0.001869,51,2025-04-04 14:55:09.001582,88,1.037,0.0011,"aoml_navis",1024.04055094282
"7901009",66,0.148445848855611,1,0.220542,1,0.198114,1,189.587234765076,1,4.88251567265214,90,1,27.2530002593994,36.3810005187988,0.220541998744011,0.207459002733231,182.819107055664,-86.568,26.2251,57.6138252735564,63,63,63,63,61,63,0.198114,8046,1.33458767306251,26,-87,0.001869,51,2025-04-04 14:55:09.001582,90,1.037,0.0011,"aoml_navis",1024.062252991
"7901009",66,0.163850606755722,1,0.241101,1,0.218673,1,188.082924678843,1,4.88235004401944,92,1,27.2000007629395,36.3930015563965,0.241100996732712,0.228018000721931,181.368499755859,-86.568,26.2251,57.6138252735564,63,63,63,63,61,63,0.218673,8046,1.33458767306251,26,-87,0.001869,51,2025-04-04 14:55:09.001582,92,1.037,0.0011,"aoml_navis",1024.09699323478
"7901009",66,0.172253201973964,1,0.252315,1,0.229887,1,187.223445504746,1,4.88215270973379,94,1,27.1240005493164,36.4039993286133,0.252315014600754,0.239232003688812,180.539703369141,-86.568,26.2251,57.6138252735564,63,63,63,63,61,63,0.229887,8046,1.33458767306251,26,-87,0.001869,51,2025-04-04 14:55:09.001582,94,1.037,0.0011,"aoml_navis",1024.13838674715
"7901009",66,0.183456662264954,1,0.267267,1,0.244839,1,186.777629055615,1,4.88205140119931,96,1,27.1009998321533,36.4109992980957,0.267266988754272,0.254184007644653,180.109802246094,-86.568,26.2251,57.6138252735564,63,63,63,63,61,63,0.244839,8046,1.33458767306251,26,-87,0.001869,51,2025-04-04 14:55:09.001582,96,1.037,0.0011,"aoml_navis",1024.1596388706
"7901009",66,0.203062717774185,1,0.293433,1,0.271005,1,186.624772276365,1,4.88192296284558,98,1,27.0580005645752,36.4169998168945,0.293433010578156,0.280349999666214,179.96240234375,-86.568,26.2251,57.6138252735564,63,63,63,63,61,63,0.271005,8046,1.33458767306251,26,-87,0.001869,51,2025-04-04 14:55:09.001582,98,1.037,0.0011,"aoml_navis",1024.1865834535
"7901009",66,0.20866444791968,1,0.300909,1,0.278481,1,186.621765776566,1,4.88178439868267,100,1,26.9990005493164,36.4189987182617,0.300909012556076,0.287826001644135,179.959503173828,-86.568,26.2251,57.6138252735564,63,63,63,63,61,63,0.278481,8046,1.33458767306251,26,-87,0.001869,51,2025-04-04 14:55:09.001582,100,1.037,0.0011,"aoml_navis",1024.21565388042
"7901009",66,0.228270503428912,1,0.327075,1,0.304647,1,186.213483103872,1,4.88161975992927,102,1,26.9440002441406,36.4300003051758,0.327075004577637,0.313991993665695,179.565795898438,-86.568,26.2251,57.6138252735564,63,63,63,63,61,63,0.304647,8046,1.33458767306251,26,-87,0.001869,51,2025-04-04 14:55:09.001582,102,1.037,0.0011,"aoml_navis",1024.25019683886
"7901009",66,0.240874396256275,1,0.343896,1,0.321468,1,186.488815190721,1,4.88147683929976,104,1,26.8819999694824,36.431999206543,0.343896001577377,0.330812990665436,179.831298828125,-86.568,26.2251,57.6138252735564,63,63,63,63,61,63,0.321468,8046,1.33458767306251,26,-87,0.001869,51,2025-04-04 14:55:09.001582,104,1.037,0.0011,"aoml_navis",1024.28018499361
"7901009",66,0.259080019229133,1,0.368193,1,0.345765,1,186.447024843516,1,4.88134114980487,106,1,26.8269996643066,36.435001373291,0.368193000555038,0.355109989643097,179.791000366211,-86.568,26.2251,57.6138252735564,63,63,63,63,61,63,0.345765,8046,1.33458767306251,26,-87,0.001869,51,2025-04-04 14:55:09.001582,106,1.037,0.0011,"aoml_navis",1024.30865750899
"7901009",66,0.312296455611334,1,0.439215,1,0.416787,1,186.169619854174,1,4.88111311536397,108,1,26.742000579834,36.451000213623,0.439215004444122,0.426131993532181,179.523498535156,-86.568,26.2251,57.6138252735564,63,63,63,63,61,63,0.416787,8046,1.33458767306251,26,-87,0.001869,51,2025-04-04 14:55:09.001582,108,1.037,0.0011,"aoml_navis",1024.35651086672
"7901009",66,0.323499915902323,1,0.454167,1,0.431739,1,185.579760417308,1,4.88099829344362,110,1,26.7169990539551,36.4609985351562,0.454167008399963,0.441083997488022,178.954696655273,-86.568,26.2251,57.6138252735564,63,63,63,63,61,63,0.431739,8046,1.33458767306251,26,-87,0.001869,51,2025-04-04 14:55:09.001582,110,1.037,0.0011,"aoml_navis",1024.38060810556
"7901009",66,0.341705538875181,1,0.478464,1,0.456036,1,184.909848967375,1,4.88092474971108,112,1,26.7119998931885,36.4679985046387,0.478464007377625,0.465380996465683,178.308700561523,-86.568,26.2251,57.6138252735564,63,63,63,63,61,63,0.456036,8046,1.33458767306251,26,-87,0.001869,51,2025-04-04 14:55:09.001582,112,1.037,0.0011,"aoml_navis",1024.39604304409
"7901009",66,0.371114622139029,1,0.517713,1,0.495285,1,183.713119634255,1,4.88082769388044,114,1,26.701000213623,36.4790000915527,0.517713010311127,0.504630029201508,177.154693603516,-86.568,26.2251,57.6138252735564,63,63,63,63,61,63,0.495285,8046,1.33458767306251,26,-87,0.001869,51,2025-04-04 14:55:09.001582,114,1.037,0.0011,"aoml_navis",1024.41641327945
"7901009",66,0.394921975257381,1,0.549486,1,0.527058,1,181.454700280036,1,4.8806897289535,116,1,26.681999206543,36.4980010986328,0.549485981464386,0.536403000354767,174.976898193359,-86.568,26.2251,57.6138252735564,63,63,63,63,61,63,0.527058,8046,1.33458767306251,26,-87,0.001869,51,2025-04-04 14:55:09.001582,116,1.037,0.0011,"aoml_navis",1024.44537097671
"7901009",66,0.527963066212882,1,0.727041,1,0.704613,1,178.070378398485,1,4.88040069519435,118,1,26.6180000305176,36.5400009155273,0.727041006088257,0.713958024978638,171.713394165039,-86.568,26.2251,57.6138252735564,63,63,63,63,61,63,0.704613,8046,1.33458767306251,26,-87,0.001869,51,2025-04-04 14:55:09.001582,118,1.037,0.0011,"aoml_navis",1024.5060420804
"7901009",66,0.554571284403982,1,0.762552,1,0.740124,1,175.06427419164,1,4.87997991249906,120,1,26.4599990844727,36.5789985656738,0.76255202293396,0.749468982219696,168.814605712891,-86.568,26.2251,57.6138252735564,63,63,63,63,61,63,0.740124,8046,1.33458767306251,26,-87,0.001869,51,2025-04-04 14:55:09.001582,120,1.037,0.0011,"aoml_navis",1024.59438146324
"7901009",66,0.550369986794861,1,0.756945,1,0.734517,1,173.020914515143,1,4.87965749728594,122,1,26.3190002441406,36.5979995727539,0.756945013999939,0.743861973285675,166.844192504883,-86.568,26.2251,57.6138252735564,63,63,63,63,61,63,0.734517,8046,1.33458767306251,26,-87,0.001869,51,2025-04-04 14:55:09.001582,122,1.037,0.0011,"aoml_navis",1024.66207982445
"7901009",66,0.527963066212882,1,0.727041,1,0.704613,1,169.27655637083,1,4.87926767336501,124,1,26.1590003967285,36.6279983520508,0.727041006088257,0.713958024978638,163.233505249023,-86.568,26.2251,57.6138252735564,63,63,63,63,61,63,0.704613,8046,1.33458767306251,26,-87,0.001869,51,2025-04-04 14:55:09.001582,124,1.037,0.0011,"aoml_navis",1024.74394411564
"7901009",66,0.499954415485408,1,0.689661,1,0.667233,1,163.80222659485,1,4.87853408576537,126,1,25.8840007781982,36.7060012817383,0.689661026000977,0.676577985286713,157.954605102539,-86.568,26.2251,57.6138252735564,63,63,63,63,61,63,0.667233,8046,1.33458767306251,26,-87,0.001869,51,2025-04-04 14:55:09.001582,126,1.037,0.0011,"aoml_navis",1024.89803537277
"7901009",66,0.473346197294308,1,0.65415,1,0.631722,1,162.460220026709,1,4.87781248274832,128,1,25.5790004730225,36.7690010070801,0.654150009155273,0.641067028045654,156.660507202148,-86.568,26.2251,57.6138252735564,63,63,63,63,61,63,0.631722,8046,1.33458767306251,26,-87,0.001869,51,2025-04-04 14:55:09.001582,128,1.037,0.0011,"aoml_navis",1025.04965446782
"7901009",66,0.436934951348592,4,0.605556,1,0.583128,1,161.428579179916,1,4.87754984540579,130,1,25.4729995727539,36.7869987487793,0.605556011199951,0.592472970485687,155.66569519043,-86.568,26.2251,57.6138252735564,63,63,63,63,61,63,0.583128,8046,1.33458767306251,26,-87,0.001869,51,2025-04-04 14:55:09.001582,130,1.037,0.0011,"aoml_navis",1025.10484945829
"7901009",66,0.46634403461244,1,0.644805,1,0.622377,1,159.887985388214,1,4.8772191731319,132,1,25.3449993133545,36.814998626709,0.644805014133453,0.631721973419189,154.180099487305,-86.568,26.2251,57.6138252735564,63,63,63,63,61,63,0.622377,8046,1.33458767306251,26,-87,0.001869,51,2025-04-04 14:55:09.001582,132,1.037,0.0011,"aoml_navis",1025.17435089743
"7901009",66,0.413127598230239,1,0.573783,1,0.551355,1,159.118827797551,1,4.87669060517181,134,1,25.1259994506836,36.8610000610352,0.573782980442047,0.560699999332428,153.438400268555,-86.568,26.2251,57.6138252735564,63,63,63,63,61,63,0.551355,8046,1.33458767306251,26,-87,0.001869,51,2025-04-04 14:55:09.001582,134,1.037,0.0011,"aoml_navis",1025.28546606943
"7901009",66,0.376716352284523,1,0.525189,1,0.502761,1,158.359306829927,1,4.87640279143311,136,1,24.9820003509521,36.8709983825684,0.525188982486725,0.512106001377106,152.705993652344,-86.568,26.2251,57.6138252735564,63,63,63,63,61,63,0.502761,8046,1.33458767306251,26,-87,0.001869,51,2025-04-04 14:55:09.001582,136,1.037,0.0011,"aoml_navis",1025.34598019344
"7901009",66,0.338904673802434,1,0.474726,1,0.452298,1,158.180119441911,1,4.87598661038582,138,1,24.7789993286133,36.8930015563965,0.474725991487503,0.461643010377884,152.533203125,-86.568,26.2251,57.6138252735564,63,63,63,63,61,63,0.452298,8046,1.33458767306251,26,-87,0.001869,51,2025-04-04 14:55:09.001582,138,1.037,0.0011,"aoml_navis",1025.43349675121
"7901009",66,0.32630078097507,1,0.457905,1,0.435477,1,158.468711775241,1,4.87575069094284,140,1,24.6720008850098,36.9039993286133,0.457904994487762,0.444822013378143,152.811492919922,-86.568,26.2251,57.6138252735564,63,63,63,63,61,63,0.435477,8046,1.33458767306251,26,-87,0.001869,51,2025-04-04 14:55:09.001582,140,1.037,0.0011,"aoml_navis",1025.48311366452
"7901009",66,0.302493427856718,1,0.426132,1,0.403704,1,158.354132485536,1,4.87531076068877,142,1,24.4459991455078,36.923999786377,0.426131993532181,0.413049012422562,152.70100402832,-86.568,26.2251,57.6138252735564,63,63,63,63,61,63,0.403704,8046,1.33458767306251,26,-87,0.001869,51,2025-04-04 14:55:09.001582,142,1.037,0.0011,"aoml_navis",1025.57564951893
"7901009",66,0.270283479520123,1,0.383145,1,0.360717,1,156.560185702884,1,4.87502072054879,144,1,24.2980003356934,36.9339981079102,0.38314500451088,0.370061993598938,150.971099853516,-86.568,26.2251,57.6138252735564,63,63,63,63,61,63,0.360717,8046,1.33458767306251,26,-87,0.001869,51,2025-04-04 14:55:09.001582,144,1.037,0.0011,"aoml_navis",1025.63666630675
"7901009",66,0.250677424010891,1,0.356979,1,0.334551,1,154.571496851678,1,4.87467987183302,146,1,24.1189994812012,36.9459991455078,0.356979012489319,0.343896001577377,149.053405761719,-86.568,26.2251,57.6138252735564,63,63,63,63,61,63,0.334551,8046,1.33458767306251,26,-87,0.001869,51,2025-04-04 14:55:09.001582,146,1.037,0.0011,"aoml_navis",1025.70838115773
"7901009",66,0.211465312992428,1,0.304647,1,0.282219,1,153.260805352495,1,4.87441589161757,148,1,23.9829998016357,36.9539985656738,0.304646998643875,0.291563987731934,147.789505004883,-86.568,26.2251,57.6138252735564,63,63,63,63,61,63,0.282219,8046,1.33458767306251,26,-87,0.001869,51,2025-04-04 14:55:09.001582,148,1.037,0.0011,"aoml_navis",1025.76392970456
"7901009",66,0.196060555092317,1,0.284088,1,0.26166,1,152.434397676187,1,4.87427734941862,150,1,23.9169998168945,36.9550018310547,0.284087985754013,0.271005004644394,146.992599487305,-86.568,26.2251,57.6138252735564,63,63,63,63,61,63,0.26166,8046,1.33458767306251,26,-87,0.001869,51,2025-04-04 14:55:09.001582,150,1.037,0.0011,"aoml_navis",1025.79308512192
"7901009",66,0.168051904364843,1,0.246708,1,0.22428,1,152.142988727255,1,4.87399308047142,152,1,23.7329998016357,36.9500007629395,0.246708005666733,0.233624994754791,146.71159362793,-86.568,26.2251,57.6138252735564,63,63,63,63,61,63,0.22428,8046,1.33458767306251,26,-87,0.001869,51,2025-04-04 14:55:09.001582,152,1.037,0.0011,"aoml_navis",1025.85291309367
"7901009",66,0.106432872764401,1,0.164472,1,0.142044,1,153.767906926475,1,4.8738032068583,154,1,23.6429996490479,36.9560012817383,0.164471998810768,0.151389002799988,148.278503417969,-86.568,26.2251,57.6138252735564,63,63,63,63,61,63,0.142044,8046,1.33458767306251,26,-87,0.001869,51,2025-04-04 14:55:09.001582,154,1.037,0.0011,"aoml_navis",1025.89287826889
"7901009",66,0.0630194641368162,1,0.106533,1,0.084105,1,155.004654354287,1,4.87362365587854,156,1,23.5550003051758,36.9599990844727,0.106532998383045,0.0934500023722649,149.471099853516,-86.568,26.2251,57.6138252735564,63,63,63,63,61,63,0.084105,8046,1.33458767306251,26,-87,0.001869,51,2025-04-04 14:55:09.001582,156,1.037,0.0011,"aoml_navis",1025.93067356956
"7901009",66,0.0532164363822003,1,0.09345,1,0.071022,1,154.64936519647,1,4.87348692895095,158,1,23.4869995117188,36.9599990844727,0.0934500023722649,0.0803669989109039,149.128494262695,-86.568,26.2251,57.6138252735564,63,63,63,63,61,63,0.071022,8046,1.33458767306251,26,-87,0.001869,51,2025-04-04 14:55:09.001582,158,1.037,0.0011,"aoml_navis",1025.95945631812
"7901009",66,0.0518160038458266,1,0.091581,1,0.069153,1,153.745405649032,1,4.87329197992457,160,1,23.3799991607666,36.9609985351562,0.0915810018777847,0.0784979984164238,148.256805419922,-86.568,26.2251,57.6138252735564,63,63,63,63,61,63,0.069153,8046,1.33458767306251,26,-87,0.001869,51,2025-04-04 14:55:09.001582,160,1.037,0.0011,"aoml_navis",1026.00049834843
"7901009",66,0.036411245945716,1,0.071022,1,0.048594,1,153.615350797204,1,4.87289597780664,162,1,23.1340007781982,36.9640007019043,0.0710219964385033,0.0579390004277229,148.131393432617,-86.568,26.2251,57.6138252735564,63,63,63,63,61,63,0.048594,8046,1.33458767306251,26,-87,0.001869,51,2025-04-04 14:55:09.001582,162,1.037,0.0011,"aoml_navis",1026.08387758989
"7901009",66,0.0322099483365949,1,0.065415,1,0.042987,1,153.912677803635,1,4.87262818489511,164,1,22.9710006713867,36.9640007019043,0.0654150024056435,0.0523319989442825,148.418106079102,-86.568,26.2251,57.6138252735564,63,63,63,63,61,63,0.042987,8046,1.33458767306251,26,-87,0.001869,51,2025-04-04 14:55:09.001582,164,1.037,0.0011,"aoml_navis",1026.14026974185
"7901009",66,0.0322099483365949,1,0.065415,1,0.042987,1,153.799016287552,1,4.87252424192498,166,1,22.9230003356934,36.9630012512207,0.0654150024056435,0.0523319989442825,148.308502197266,-86.568,26.2251,57.6138252735564,63,63,63,63,61,63,0.042987,8046,1.33458767306251,26,-87,0.001869,51,2025-04-04 14:55:09.001582,166,1.037,0.0011,"aoml_navis",1026.16215984688
"7901009",66,0.0280086507274739,1,0.059808,1,0.03738,1,153.712840509105,1,4.87240293028361,168,1,22.8649997711182,36.9630012512207,0.0598080009222031,0.0467250011861324,148.225402832031,-86.568,26.2251,57.6138252735564,63,63,63,63,61,63,0.03738,8046,1.33458767306251,26,-87,0.001869,51,2025-04-04 14:55:09.001582,168,1.037,0.0011,"aoml_navis",1026.18770892763
"7901009",66,0.0266082181911002,1,0.057939,1,0.035511,1,153.497037118275,1,4.87229225603054,170,1,22.8120002746582,36.9620018005371,0.0579390004277229,0.0448560006916523,148.017303466797,-86.568,26.2251,57.6138252735564,63,63,63,63,61,63,0.035511,8046,1.33458767306251,26,-87,0.001869,51,2025-04-04 14:55:09.001582,170,1.037,0.0011,"aoml_navis",1026.21101880976
"7901009",66,0.0224069205819791,1,0.052332,1,0.029904,1,153.273970656878,1,4.87211904975749,172,1,22.7110004425049,36.9599990844727,0.0523319989442825,0.0392489992082119,147.802200317383,-86.568,26.2251,57.6138252735564,63,63,63,63,61,63,0.029904,8046,1.33458767306251,26,-87,0.001869,51,2025-04-04 14:55:09.001582,172,1.037,0.0011,"aoml_navis",1026.24750112559
"7901009",66,0.0168051904364843,1,0.044856,1,0.022428,1,152.946784360339,1,4.87196356385463,174,1,22.6200008392334,36.9570007324219,0.0448560006916523,0.0317730009555817,147.486694335938,-86.568,26.2251,57.6138252735564,63,63,63,63,61,63,0.022428,8046,1.33458767306251,26,-87,0.001869,51,2025-04-04 14:55:09.001582,174,1.037,0.0011,"aoml_navis",1026.28025322178
"7901009",66,0.0154047579001106,1,0.042987,1,0.020559,1,152.71542628897,1,4.87171363717972,176,1,22.4519996643066,36.951000213623,0.0429870001971722,0.0299040004611015,147.263595581055,-86.568,26.2251,57.6138252735564,63,63,63,63,61,63,0.020559,8046,1.33458767306251,26,-87,0.001869,51,2025-04-04 14:55:09.001582,176,1.037,0.0011,"aoml_navis",1026.33290303462
"7901009",66,0.00980302775461585,1,0.035511,1,0.013083,1,152.420504482379,1,4.87149788398739,178,1,22.30299949646,36.943000793457,0.0355109982192516,0.0224280003458261,146.979202270508,-86.568,26.2251,57.6138252735564,63,63,63,63,61,63,0.013083,8046,1.33458767306251,26,-87,0.001869,51,2025-04-04 14:55:09.001582,178,1.037,0.0011,"aoml_navis",1026.3783581709
"7901009",66,0.00980302775461585,1,0.035511,1,0.013083,1,152.132007091148,1,4.87128296930917,180,1,22.1539993286133,36.935001373291,0.0355109982192516,0.0224280003458261,146.70100402832,-86.568,26.2251,57.6138252735564,63,63,63,63,61,63,0.013083,8046,1.33458767306251,26,-87,0.001869,51,2025-04-04 14:55:09.001582,180,1.037,0.0011,"aoml_navis",1026.4236406511
"7901009",66,0.00420129760912108,4,0.028035,1,0.005607,1,151.48666982115,1,4.87106078747226,182,1,21.9909992218018,36.923999786377,0.0280349999666214,0.0149520002305508,146.078704833984,-86.568,26.2251,57.6138252735564,63,63,63,63,61,63,0.005607,8046,1.33458767306251,26,-87,0.001869,51,2025-04-04 14:55:09.001582,182,1.037,0.0011,"aoml_navis",1026.47045852094
"7901009",66,0.00560173014549477,1,0.029904,1,0.007476,1,150.476913128157,1,4.87080647586923,184,1,21.7980003356934,36.9109992980957,0.0299040004611015,0.0168210007250309,145.104995727539,-86.568,26.2251,57.6138252735564,63,63,63,63,61,63,0.007476,8046,1.33458767306251,26,-87,0.001869,51,2025-04-04 14:55:09.001582,184,1.037,0.0011,"aoml_navis",1026.52405197595
"7901009",66,0.0168051904364843,1,0.044856,1,0.022428,1,149.842889791613,1,4.87063418677318,186,1,21.6760005950928,36.9020004272461,0.0448560006916523,0.0317730009555817,144.493606567383,-86.568,26.2251,57.6138252735564,63,63,63,63,61,63,0.022428,8046,1.33458767306251,26,-87,0.001869,51,2025-04-04 14:55:09.001582,186,1.037,0.0011,"aoml_navis",1026.56036324348
"7901009",66,0.00420129760912108,1,0.028035,1,0.005607,1,149.860928790406,1,4.87041724885164,188,1,21.511999130249,36.8899993896484,0.0280349999666214,0.0149520002305508,144.511001586914,-86.568,26.2251,57.6138252735564,63,63,63,63,61,63,0.005607,8046,1.33458767306251,26,-87,0.001869,51,2025-04-04 14:55:09.001582,188,1.037,0.0011,"aoml_navis",1026.60608825228
"7901009",66,0.00280086507274739,1,0.026166,1,0.003738,1,150.496724379463,1,4.87027041058945,190,1,21.3999996185303,36.8779983520508,0.0261659994721413,0.0130829997360706,145.124099731445,-86.568,26.2251,57.6138252735564,63,63,63,63,61,63,0.003738,8046,1.33458767306251,26,-87,0.001869,51,2025-04-04 14:55:09.001582,190,1.037,0.0011,"aoml_navis",1026.63704034348
"7901009",66,0.00420129760912108,1,0.028035,1,0.005607,1,151.236845511543,1,4.87003189679251,192,1,21.2019996643066,36.8600006103516,0.0280349999666214,0.0149520002305508,145.837799072266,-86.568,26.2251,57.6138252735564,63,63,63,63,61,63,0.005607,8046,1.33458767306251,26,-87,0.001869,51,2025-04-04 14:55:09.001582,192,1.037,0.0011,"aoml_navis",1026.68732073256
"7901009",66,0.00140043253637369,1,0.024297,1,0.001869,1,151.31659687463,1,4.86993418581806,194,1,21.128999710083,36.8489990234375,0.0242970008403063,0.0112140001729131,145.914703369141,-86.568,26.2251,57.6138252735564,63,63,63,63,61,63,0.001869,8046,1.33458767306251,26,-87,0.001869,51,2025-04-04 14:55:09.001582,194,1.037,0.0011,"aoml_navis",1026.7079203166
"7901009",66,0.00280086507274739,1,0.026166,1,0.003738,1,151.477128140209,1,4.86978668833821,196,1,21.0179996490479,36.8380012512207,0.0261659994721413,0.0130829997360706,146.06950378418,-86.568,26.2251,57.6138252735564,63,63,63,63,61,63,0.003738,8046,1.33458767306251,26,-87,0.001869,51,2025-04-04 14:55:09.001582,196,1.037,0.0011,"aoml_navis",1026.73901753718
"7901009",66,0,1,0.022428,1,0,1,152.052777909604,1,4.86955373198331,198,1,20.82200050354,36.8199996948242,0.0224280003458261,0.00934499967843294,146.624603271484,-86.568,26.2251,57.6138252735564,63,63,63,63,61,63,0,8046,1.33458767306251,26,-87,0.001869,51,2025-04-04 14:55:09.001582,198,1.037,0.0011,"aoml_navis",1026.78813607906
"7901009",66,-0.00140043253637369,1,0.020559,1,-0.001869,1,152.431280410606,1,4.86937874359817,200,1,20.6749992370605,36.8040008544922,0.020558999851346,0.00747600011527538,146.989593505859,-86.568,26.2251,57.6138252735564,63,63,63,63,61,63,-0.001869,8046,1.33458767306251,26,-87,0.001869,51,2025-04-04 14:55:09.001582,200,1.037,0.0011,"aoml_navis",1026.82503524162
"7901009",66,-0.00140043253637369,1,0.020559,1,-0.001869,1,152.343664676992,1,4.86930370516518,202,1,20.6350002288818,36.798999786377,0.020558999851346,0.00747600011527538,146.90510559082,-86.568,26.2251,57.6138252735564,63,63,63,63,61,63,-0.001869,8046,1.33458767306251,26,-87,0.001869,51,2025-04-04 14:55:09.001582,202,1.037,0.0011,"aoml_navis",1026.84085913478
"7901009",66,-0.00420129760912108,1,0.016821,1,-0.005607,1,152.356102091949,1,4.86921805683019,204,1,20.5839996337891,36.7929992675781,0.0168210007250309,0.00373800005763769,146.917098999023,-86.568,26.2251,57.6138252735564,63,63,63,63,61,63,-0.005607,8046,1.33458767306251,26,-87,0.001869,51,2025-04-04 14:55:09.001582,204,1.037,0.0011,"aoml_navis",1026.85892101019
"7901009",66,-0.00420129760912108,1,0.016821,1,-0.005607,1,152.394158049931,1,4.86912084766114,206,1,20.5240001678467,36.7869987487793,0.0168210007250309,0.00373800005763769,146.953796386719,-86.568,26.2251,57.6138252735564,63,63,63,63,61,63,-0.005607,8046,1.33458767306251,26,-87,0.001869,51,2025-04-04 14:55:09.001582,206,1.037,0.0011,"aoml_navis",1026.87942165201
"7901009",66,-0.00700216268186846,1,0.013083,1,-0.009345,1,152.356719215592,1,4.86904058387881,208,1,20.4769992828369,36.7809982299805,0.0130829997360706,0,146.917694091797,-86.568,26.2251,57.6138252735564,63,63,63,63,61,63,-0.009345,8046,1.33458767306251,26,-87,0.001869,51,2025-04-04 14:55:09.001582,208,1.037,0.0011,"aoml_navis",1026.8963492633
"7901009",66,-0.00280086507274739,1,0.01869,1,-0.003738,1,152.1812662168,1,4.8689441166788,210,1,20.4090003967285,36.7719993591309,0.0186899993568659,0.00560700008645654,146.748504638672,-86.568,26.2251,57.6138252735564,63,63,63,63,61,63,-0.003738,8046,1.33458767306251,26,-87,0.001869,51,2025-04-04 14:55:09.001582,210,1.037,0.0011,"aoml_navis",1026.91669490974
"7901009",66,-0.00140043253637369,1,0.020559,1,-0.001869,1,151.712014892921,1,4.86881512615505,212,1,20.3099994659424,36.7610015869141,0.020558999851346,0.00747600011527538,146.296005249023,-86.568,26.2251,57.6138252735564,63,63,63,63,61,63,-0.001869,8046,1.33458767306251,26,-87,0.001869,51,2025-04-04 14:55:09.001582,212,1.037,0.0011,"aoml_navis",1026.94390122562
"7901009",66,-0.00420129760912108,1,0.016821,1,-0.005607,1,150.508861144441,1,4.86869912406604,214,1,20.2180004119873,36.7490005493164,0.0168210007250309,0.00373800005763769,145.135803222656,-86.568,26.2251,57.6138252735564,63,63,63,63,61,63,-0.005607,8046,1.33458767306251,26,-87,0.001869,51,2025-04-04 14:55:09.001582,214,1.037,0.0011,"aoml_navis",1026.96836928882
"7901009",66,-0.00140043253637369,1,0.020559,1,-0.001869,1,148.46613441527,1,4.86860791708463,216,1,20.1310005187988,36.7319984436035,0.020558999851346,0.00747600011527538,143.166000366211,-86.568,26.2251,57.6138252735564,63,63,63,63,61,63,-0.001869,8046,1.33458767306251,26,-87,0.001869,51,2025-04-04 14:55:09.001582,216,1.037,0.0011,"aoml_navis",1026.98760819377
"7901009",66,0.00140043253637369,1,0.024297,1,0.001869,1,146.83624757954,1,4.86846748613295,218,1,19.9740009307861,36.7039985656738,0.0242970008403063,0.0112140001729131,141.594299316406,-86.568,26.2251,57.6138252735564,63,63,63,63,61,63,0.001869,8046,1.33458767306251,26,-87,0.001869,51,2025-04-04 14:55:09.001582,218,1.037,0.0011,"aoml_navis",1027.01723165282
"7901009",66,0.00280086507274739,1,0.026166,1,0.003738,1,146.599699340098,1,4.86835962322258,220,1,19.8589992523193,36.681999206543,0.0261659994721413,0.0130829997360706,141.366195678711,-86.568,26.2251,57.6138252735564,63,63,63,63,61,63,0.003738,8046,1.33458767306251,26,-87,0.001869,51,2025-04-04 14:55:09.001582,220,1.037,0.0011,"aoml_navis",1027.03998614841
"7901009",66,0.00420129760912108,1,0.028035,1,0.005607,1,146.445814021442,1,4.86829049753888,222,1,19.8169994354248,36.6749992370605,0.0280349999666214,0.0149520002305508,141.217803955078,-86.568,26.2251,57.6138252735564,63,63,63,63,61,63,0.005607,8046,1.33458767306251,26,-87,0.001869,51,2025-04-04 14:55:09.001582,222,1.037,0.0011,"aoml_navis",1027.05456926363
"7901009",66,0.00280086507274739,1,0.026166,1,0.003738,1,146.380066617945,1,4.86821220788827,224,1,19.761999130249,36.6660003662109,0.0261659994721413,0.0130829997360706,141.154403686523,-86.568,26.2251,57.6138252735564,63,63,63,63,61,63,0.003738,8046,1.33458767306251,26,-87,0.001869,51,2025-04-04 14:55:09.001582,224,1.037,0.0011,"aoml_navis",1027.07108615729
"7901009",66,0.00280086507274739,1,0.026166,1,0.003738,1,146.347185004354,1,4.86812663262491,226,1,19.7040004730225,36.6580009460449,0.0261659994721413,0.0130829997360706,141.122695922852,-86.568,26.2251,57.6138252735564,63,63,63,63,61,63,0.003738,8046,1.33458767306251,26,-87,0.001869,51,2025-04-04 14:55:09.001582,226,1.037,0.0011,"aoml_navis",1027.08914071613
"7901009",66,0.00280086507274739,1,0.026166,1,0.003738,1,146.359638242995,1,4.86804875009186,228,1,19.6520004272461,36.6500015258789,0.0261659994721413,0.0130829997360706,141.134704589844,-86.568,26.2251,57.6138252735564,63,63,63,63,61,63,0.003738,8046,1.33458767306251,26,-87,0.001869,51,2025-04-04 14:55:09.001582,228,1.037,0.0011,"aoml_navis",1027.10557282436
"7901009",66,0.00280086507274739,1,0.026166,1,0.003738,1,146.364923353168,1,4.86796105970416,230,1,19.5949993133545,36.6430015563965,0.0261659994721413,0.0130829997360706,141.139801025391,-86.568,26.2251,57.6138252735564,63,63,63,63,61,63,0.003738,8046,1.33458767306251,26,-87,0.001869,51,2025-04-04 14:55:09.001582,230,1.037,0.0011,"aoml_navis",1027.1240748799
"7901009",66,0,1,0.022428,1,0,1,146.26920589378,1,4.86785263494542,232,1,19.5069999694824,36.6310005187988,0.0224280003458261,0.00934499967843294,141.047500610352,-86.568,26.2251,57.6138252735564,63,63,63,63,61,63,0,8046,1.33458767306251,26,-87,0.001869,51,2025-04-04 14:55:09.001582,232,1.037,0.0011,"aoml_navis",1027.14695266367
"7901009",66,0.00280086507274739,1,0.026166,1,0.003738,1,146.222431086382,1,4.86778657327924,234,1,19.4669990539551,36.6240005493164,0.0261659994721413,0.0130829997360706,141.002395629883,-86.568,26.2251,57.6138252735564,63,63,63,63,61,63,0.003738,8046,1.33458767306251,26,-87,0.001869,51,2025-04-04 14:55:09.001582,234,1.037,0.0011,"aoml_navis",1027.16089227217
"7901009",66,0,1,0.022428,1,0,1,146.366379132018,1,4.86772587313118,236,1,19.4370002746582,36.6189994812012,0.0224280003458261,0.00934499967843294,141.141204833984,-86.568,26.2251,57.6138252735564,63,63,63,63,61,63,0,8046,1.33458767306251,26,-87,0.001869,51,2025-04-04 14:55:09.001582,236,1.037,0.0011,"aoml_navis",1027.17370088545
"7901009",66,-0.00280086507274739,1,0.01869,1,-0.003738,1,146.390953311953,1,4.86762627952741,238,1,19.3729991912842,36.6129989624023,0.0186899993568659,0.00560700008645654,141.164901733398,-86.568,26.2251,57.6138252735564,63,63,63,63,61,63,-0.003738,8046,1.33458767306251,26,-87,0.001869,51,2025-04-04 14:55:09.001582,238,1.037,0.0011,"aoml_navis",1027.1947172751
"7901009",66,-0.00280086507274739,1,0.01869,1,-0.003738,1,146.351441575122,1,4.86755279560409,240,1,19.3239994049072,36.6049995422363,0.0186899993568659,0.00560700008645654,141.126800537109,-86.568,26.2251,57.6138252735564,63,63,63,63,61,63,-0.003738,8046,1.33458767306251,26,-87,0.001869,51,2025-04-04 14:55:09.001582,240,1.037,0.0011,"aoml_navis",1027.21022451272
"7901009",66,-0.00140043253637369,1,0.020559,1,-0.001869,1,146.339415575927,1,4.86749361521115,242,1,19.2980003356934,36.601001739502,0.020558999851346,0.00747600011527538,141.115203857422,-86.568,26.2251,57.6138252735564,63,63,63,63,61,63,-0.001869,8046,1.33458767306251,26,-87,0.001869,51,2025-04-04 14:55:09.001582,242,1.037,0.0011,"aoml_navis",1027.22271363125
"7901009",66,-0.00140043253637369,1,0.020559,1,-0.001869,1,146.222953267926,1,4.86744469834447,244,1,19.2859992980957,36.5989990234375,0.020558999851346,0.00747600011527538,141.002899169922,-86.568,26.2251,57.6138252735564,63,63,63,63,61,63,-0.001869,8046,1.33458767306251,26,-87,0.001869,51,2025-04-04 14:55:09.001582,244,1.037,0.0011,"aoml_navis",1027.2330370185
"7901009",66,-0.00280086507274739,1,0.01869,1,-0.003738,1,146.161557377295,1,4.86738692380915,246,1,19.2639999389648,36.5960006713867,0.0186899993568659,0.00560700008645654,140.943695068359,-86.568,26.2251,57.6138252735564,63,63,63,63,61,63,-0.003738,8046,1.33458767306251,26,-87,0.001869,51,2025-04-04 14:55:09.001582,246,1.037,0.0011,"aoml_navis",1027.24522999028
"7901009",66,-0.00140043253637369,1,0.020559,1,-0.001869,1,146.149642143882,1,4.8673174899521,248,1,19.2210006713867,36.5890007019043,0.020558999851346,0.00747600011527538,140.932205200195,-86.568,26.2251,57.6138252735564,63,63,63,63,61,63,-0.001869,8046,1.33458767306251,26,-87,0.001869,51,2025-04-04 14:55:09.001582,248,1.037,0.0011,"aoml_navis",1027.25988397548
"7901009",66,0,1,0.022428,1,0,1,146.242242337689,1,4.86720060231911,250,1,19.1310005187988,36.5789985656738,0.0224280003458261,0.00934499967843294,141.021499633789,-86.568,26.2251,57.6138252735564,63,63,63,63,61,63,0,8046,1.33458767306251,26,-87,0.001869,51,2025-04-04 14:55:09.001582,250,1.037,0.0011,"aoml_navis",1027.28455400372
"7901009",66,0,1,0.022428,1,0,1,146.162190324622,1,4.86715535463277,252,1,19.1189994812012,36.576000213623,0.0224280003458261,0.00934499967843294,140.944305419922,-86.568,26.2251,57.6138252735564,63,63,63,63,61,63,0,8046,1.33458767306251,26,-87,0.001869,51,2025-04-04 14:55:09.001582,252,1.037,0.0011,"aoml_navis",1027.29410419184
"7901009",66,-0.00140043253637369,1,0.020559,1,-0.001869,1,146.059004086786,1,4.86710153902466,254,1,19.1030006408691,36.5740013122559,0.020558999851346,0.00747600011527538,140.844802856445,-86.568,26.2251,57.6138252735564,63,63,63,63,61,63,-0.001869,8046,1.33458767306251,26,-87,0.001869,51,2025-04-04 14:55:09.001582,254,1.037,0.0011,"aoml_navis",1027.30546299677
"7901009",66,0.00140043253637369,1,0.024297,1,0.001869,1,146.033179835881,1,4.86704381737529,256,1,19.0779991149902,36.5699996948242,0.0242970008403063,0.0112140001729131,140.819900512695,-86.568,26.2251,57.6138252735564,63,63,63,63,61,63,0.001869,8046,1.33458767306251,26,-87,0.001869,51,2025-04-04 14:55:09.001582,256,1.037,0.0011,"aoml_navis",1027.31764652499
"7901009",66,-0.00280086507274739,1,0.01869,1,-0.003738,1,146.011501389963,1,4.86699374211166,258,1,19.0650005340576,36.568000793457,0.0186899993568659,0.00560700008645654,140.79899597168,-86.568,26.2251,57.6138252735564,63,63,63,63,61,63,-0.003738,8046,1.33458767306251,26,-87,0.001869,51,2025-04-04 14:55:09.001582,258,1.037,0.0011,"aoml_navis",1027.32821633558
"7901009",66,0.00140043253637369,1,0.024297,1,0.001869,1,145.869531304721,1,4.86695357909095,260,1,19.0599994659424,36.5660018920898,0.0242970008403063,0.0112140001729131,140.662094116211,-86.568,26.2251,57.6138252735564,63,63,63,63,61,63,0.001869,8046,1.33458767306251,26,-87,0.001869,51,2025-04-04 14:55:09.001582,260,1.037,0.0011,"aoml_navis",1027.33669404217
"7901009",66,-0.00420129760912108,1,0.016821,1,-0.005607,1,145.908425917909,1,4.86688342341793,262,1,19.0219993591309,36.5610008239746,0.0168210007250309,0.00373800005763769,140.699600219727,-86.568,26.2251,57.6138252735564,63,63,63,63,61,63,-0.005607,8046,1.33458767306251,26,-87,0.001869,51,2025-04-04 14:55:09.001582,262,1.037,0.0011,"aoml_navis",1027.3515030053
"7901009",66,0.00140043253637369,1,0.024297,1,0.001869,1,145.950627680876,1,4.86679460670922,264,1,18.9629993438721,36.5540008544922,0.0242970008403063,0.0112140001729131,140.740295410156,-86.568,26.2251,57.6138252735564,63,63,63,63,61,63,0.001869,8046,1.33458767306251,26,-87,0.001869,51,2025-04-04 14:55:09.001582,264,1.037,0.0011,"aoml_navis",1027.37025168622
"7901009",66,-0.00140043253637369,1,0.020559,1,-0.001869,1,145.983398528684,1,4.86673701410943,266,1,18.9379997253418,36.5499992370605,0.020558999851346,0.00747600011527538,140.771896362305,-86.568,26.2251,57.6138252735564,63,63,63,63,61,63,-0.001869,8046,1.33458767306251,26,-87,0.001869,51,2025-04-04 14:55:09.001582,266,1.037,0.0011,"aoml_navis",1027.38240950851
"7901009",66,-0.00560173014549477,4,0.014952,1,-0.007476,1,146.079638169616,1,4.86667072908725,268,1,18.9029998779297,36.5449981689453,0.0149520002305508,0.00186900002881885,140.864700317383,-86.568,26.2251,57.6138252735564,63,63,63,63,61,63,-0.007476,8046,1.33458767306251,26,-87,0.001869,51,2025-04-04 14:55:09.001582,268,1.037,0.0011,"aoml_navis",1027.39640266104
"7901009",66,0,1,0.022428,1,0,1,146.028923265113,1,4.86662073090238,270,1,18.8899993896484,36.5429992675781,0.0224280003458261,0.00934499967843294,140.815795898438,-86.568,26.2251,57.6138252735564,63,63,63,63,61,63,0,8046,1.33458767306251,26,-87,0.001869,51,2025-04-04 14:55:09.001582,270,1.037,0.0011,"aoml_navis",1027.40695781997
"7901009",66,-0.00140043253637369,1,0.020559,1,-0.001869,1,146.066678573115,1,4.86657952795205,272,1,18.8899993896484,36.5429992675781,0.020558999851346,0.00747600011527538,140.852203369141,-86.568,26.2251,57.6138252735564,63,63,63,63,61,63,-0.001869,8046,1.33458767306251,26,-87,0.001869,51,2025-04-04 14:55:09.001582,272,1.037,0.0011,"aoml_navis",1027.41565637254
"7901009",66,-0.00560173014549477,4,0.014952,1,-0.007476,1,146.18708097822,1,4.8665383273803,274,1,18.8899993896484,36.5429992675781,0.0149520002305508,0.00186900002881885,140.968307495117,-86.568,26.2251,57.6138252735564,63,63,63,63,61,63,-0.007476,8046,1.33458767306251,26,-87,0.001869,51,2025-04-04 14:55:09.001582,274,1.037,0.0011,"aoml_navis",1027.42435457023
"7901009",66,-0.00280086507274739,1,0.01869,1,-0.003738,1,146.397282785214,1,4.86647848216986,276,1,18.8689994812012,36.5410003662109,0.0186899993568659,0.00560700008645654,141.171005249023,-86.568,26.2251,57.6138252735564,63,63,63,63,61,63,-0.003738,8046,1.33458767306251,26,-87,0.001869,51,2025-04-04 14:55:09.001582,276,1.037,0.0011,"aoml_navis",1027.43698925606
"7901009",66,0,1,0.022428,1,0,1,146.553763187907,1,4.86642973488518,278,1,18.8570003509521,36.5390014648438,0.0224280003458261,0.00934499967843294,141.321899414062,-86.568,26.2251,57.6138252735564,63,63,63,63,61,63,0,8046,1.33458767306251,26,-87,0.001869,51,2025-04-04 14:55:09.001582,278,1.037,0.0011,"aoml_navis",1027.44728114686
"7901009",66,-0.00280086507274739,1,0.01869,1,-0.003738,1,146.80015375827,1,4.86637977424607,280,1,18.8439998626709,36.5369987487793,0.0186899993568659,0.00560700008645654,141.559494018555,-86.568,26.2251,57.6138252735564,63,63,63,63,61,63,-0.003738,8046,1.33458767306251,26,-87,0.001869,51,2025-04-04 14:55:09.001582,280,1.037,0.0011,"aoml_navis",1027.45782942406
"7901009",66,-0.00420129760912108,1,0.016821,1,-0.005607,1,147.282791918096,1,4.86631112902353,282,1,18.806999206543,36.5320014953613,0.0168210007250309,0.00373800005763769,142.02490234375,-86.568,26.2251,57.6138252735564,63,63,63,63,61,63,-0.005607,8046,1.33458767306251,26,-87,0.001869,51,2025-04-04 14:55:09.001582,282,1.037,0.0011,"aoml_navis",1027.47232296331
"7901009",66,-0.00140043253637369,1,0.020559,1,-0.001869,1,148.324892219453,1,4.86622142371739,284,1,18.7409992218018,36.5229988098145,0.020558999851346,0.00747600011527538,143.029800415039,-86.568,26.2251,57.6138252735564,63,63,63,63,61,63,-0.001869,8046,1.33458767306251,26,-87,0.001869,51,2025-04-04 14:55:09.001582,284,1.037,0.0011,"aoml_navis",1027.49126367958
"7901009",66,-0.00420129760912108,1,0.016821,1,-0.005607,1,149.38908238249,1,4.86609999864673,286,1,18.6459999084473,36.5130004882812,0.0168210007250309,0.00373800005763769,144.055999755859,-86.568,26.2251,57.6138252735564,63,63,63,63,61,63,-0.005607,8046,1.33458767306251,26,-87,0.001869,51,2025-04-04 14:55:09.001582,286,1.037,0.0011,"aoml_navis",1027.5169029388
"7901009",66,-0.00280086507274739,1,0.01869,1,-0.003738,1,149.822762066643,1,4.86603785561534,288,1,18.6200008392334,36.5099983215332,0.0186899993568659,0.00560700008645654,144.474197387695,-86.568,26.2251,57.6138252735564,63,63,63,63,61,63,-0.003738,8046,1.33458767306251,26,-87,0.001869,51,2025-04-04 14:55:09.001582,288,1.037,0.0011,"aoml_navis",1027.53002511686
"7901009",66,-0.00420129760912108,1,0.016821,1,-0.005607,1,149.945965263667,1,4.86596952093286,290,1,18.5830001831055,36.5050010681152,0.0168210007250309,0.00373800005763769,144.593002319336,-86.568,26.2251,57.6138252735564,63,63,63,63,61,63,-0.005607,8046,1.33458767306251,26,-87,0.001869,51,2025-04-04 14:55:09.001582,290,1.037,0.0011,"aoml_navis",1027.54445511641
"7901009",66,-0.00140043253637369,1,0.020559,1,-0.001869,1,149.649587678225,1,4.86577046415031,292,1,18.367000579834,36.476001739502,0.020558999851346,0.00747600011527538,144.307205200195,-86.568,26.2251,57.6138252735564,63,63,63,63,61,63,-0.001869,8046,1.33458767306251,26,-87,0.001869,51,2025-04-04 14:55:09.001582,292,1.037,0.0011,"aoml_navis",1027.58649156154
"7901009",66,-0.00560173014549477,1,0.014952,1,-0.007476,1,149.29470993617,1,4.86554826502891,294,1,18.0909996032715,36.4339981079102,0.0149520002305508,0.00186900002881885,143.964996337891,-86.568,26.2251,57.6138252735564,63,63,63,63,61,63,-0.007476,8046,1.33458767306251,26,-87,0.001869,51,2025-04-04 14:55:09.001582,294,1.037,0.0011,"aoml_navis",1027.63341922584
"7901009",66,-0.00280086507274739,1,0.01869,1,-0.003738,1,149.095094173205,1,4.86543794740443,296,1,17.9759998321533,36.4150009155273,0.0186899993568659,0.00560700008645654,143.772506713867,-86.568,26.2251,57.6138252735564,63,63,63,63,61,63,-0.003738,8046,1.33458767306251,26,-87,0.001869,51,2025-04-04 14:55:09.001582,296,1.037,0.0011,"aoml_navis",1027.65671950813
"7901009",66,-0.00420129760912108,1,0.016821,1,-0.005607,1,148.882502990054,1,4.86537416014586,298,1,17.9389991760254,36.4090003967285,0.0168210007250309,0.00373800005763769,143.567504882812,-86.568,26.2251,57.6138252735564,63,63,63,63,61,63,-0.005607,8046,1.33458767306251,26,-87,0.001869,51,2025-04-04 14:55:09.001582,298,1.037,0.0011,"aoml_navis",1027.67019255311
"7901009",66,-0.00560173014549477,1,0.014952,1,-0.007476,1,148.591916872647,1,4.86532702423302,300,1,17.9249992370605,36.4059982299805,0.0149520002305508,0.00186900002881885,143.287292480469,-86.568,26.2251,57.6138252735564,63,63,63,63,61,63,-0.007476,8046,1.33458767306251,26,-87,0.001869,51,2025-04-04 14:55:09.001582,300,1.037,0.0011,"aoml_navis",1027.68014875387
"7901009",66,-0.00420129760912108,1,0.016821,1,-0.005607,1,148.366271150896,1,4.86526215740302,302,1,17.8840007781982,36.398998260498,0.0168210007250309,0.00373800005763769,143.069702148438,-86.568,26.2251,57.6138252735564,63,63,63,63,61,63,-0.005607,8046,1.33458767306251,26,-87,0.001869,51,2025-04-04 14:55:09.001582,302,1.037,0.0011,"aoml_navis",1027.69385045202
"7901009",66,-0.00560173014549477,1,0.014952,1,-0.007476,1,148.325414400997,1,4.86519490891394,304,1,17.8439998626709,36.3930015563965,0.0149520002305508,0.00186900002881885,143.030303955078,-86.568,26.2251,57.6138252735564,63,63,63,63,61,63,-0.007476,8046,1.33458767306251,26,-87,0.001869,51,2025-04-04 14:55:09.001582,304,1.037,0.0011,"aoml_navis",1027.70805560926
"7901009",66,0.00140043253637369,1,0.024297,1,0.001869,1,148.550553764887,1,4.86512914525093,306,1,17.7929992675781,36.382999420166,0.0242970008403063,0.0112140001729131,143.247406005859,-86.568,26.2251,57.6138252735564,63,63,63,63,61,63,0.001869,8046,1.33458767306251,26,-87,0.001869,51,2025-04-04 14:55:09.001582,306,1.037,0.0011,"aoml_navis",1027.72194750076
"7901009",66,-0.00280086507274739,1,0.01869,1,-0.003738,1,149.59088181373,1,4.86504105889898,308,1,17.7169990539551,36.3709983825684,0.0186899993568659,0.00560700008645654,144.250595092773,-86.568,26.2251,57.6138252735564,63,63,63,63,61,63,-0.003738,8046,1.33458767306251,26,-87,0.001869,51,2025-04-04 14:55:09.001582,308,1.037,0.0011,"aoml_navis",1027.74055541713
"7901009",66,-0.00280086507274739,1,0.01869,1,-0.003738,1,151.302070733496,1,4.86491299072246,310,1,17.6070003509521,36.359001159668,0.0186899993568659,0.00560700008645654,145.900695800781,-86.568,26.2251,57.6138252735564,63,63,63,63,61,63,-0.003738,8046,1.33458767306251,26,-87,0.001869,51,2025-04-04 14:55:09.001582,310,1.037,0.0011,"aoml_navis",1027.76761054826
"7901009",66,-0.00420129760912108,1,0.016821,1,-0.005607,1,151.204074663734,1,4.8648413005058,312,1,17.5690002441406,36.3549995422363,0.0168210007250309,0.00373800005763769,145.806198120117,-86.568,26.2251,57.6138252735564,63,63,63,63,61,63,-0.005607,8046,1.33458767306251,26,-87,0.001869,51,2025-04-04 14:55:09.001582,312,1.037,0.0011,"aoml_navis",1027.78275613639
"7901009",66,0,1,0.013083,1,-0.009345,1,150.253023835236,1,4.86477480700492,314,1,17.5200004577637,36.3460006713867,0.0130829997360706,0,144.889099121094,-86.568,26.2251,57.6138252735564,63,63,63,63,61,63,0,8046,1.33458767306251,26,-87,0.001869,51,2025-04-04 14:55:09.001582,314,1.037,0.0011,"aoml_navis",1027.79680424269
"7901009",66,0,1,0.014952,1,-0.007476,1,149.524833760253,1,4.86462224397678,316,1,17.3419990539551,36.3190002441406,0.0149520002305508,0,144.186904907227,-86.568,26.2251,57.6138252735564,63,63,63,63,61,63,0,8046,1.33458767306251,26,-87,0.001869,51,2025-04-04 14:55:09.001582,316,1.037,0.0011,"aoml_navis",1027.82903774098
"7901009",66,0,1,0.014952,1,-0.007476,1,148.344386997096,1,4.86452250645482,318,1,17.2299995422363,36.298999786377,0.0149520002305508,0,143.048599243164,-86.568,26.2251,57.6138252735564,63,63,63,63,61,63,0,8046,1.33458767306251,26,-87,0.001869,51,2025-04-04 14:55:09.001582,318,1.037,0.0011,"aoml_navis",1027.85011136559
"7901009",66,0,1,0.014952,1,-0.007476,1,147.234355623967,1,4.86441122374873,320,1,17.0919990539551,36.273998260498,0.0149520002305508,0,141.97819519043,-86.568,26.2251,57.6138252735564,63,63,63,63,61,63,0,8046,1.33458767306251,26,-87,0.001869,51,2025-04-04 14:55:09.001582,320,1.037,0.0011,"aoml_navis",1027.87362540184
"7901009",66,0,1,0.016821,1,-0.005607,1,147.867666894769,1,4.86428853159521,322,1,16.9559993743896,36.2529983520508,0.0168210007250309,0,142.588897705078,-86.568,26.2251,57.6138252735564,63,63,63,63,61,63,0,8046,1.33458767306251,26,-87,0.001869,51,2025-04-04 14:55:09.001582,322,1.037,0.0011,"aoml_navis",1027.89955150137
"7901009",66,0,1,0.020559,1,-0.001869,1,147.911023786606,1,4.86423608449273,324,1,16.9370002746582,36.25,0.020558999851346,0,142.630706787109,-86.568,26.2251,57.6138252735564,63,63,63,63,61,63,0,8046,1.33458767306251,26,-87,0.001869,51,2025-04-04 14:55:09.001582,324,1.037,0.0011,"aoml_navis",1027.91063450643
"7901009",66,0,1,0.016821,1,-0.005607,1,147.557491057619,1,4.86418925578564,326,1,16.9260005950928,36.2480010986328,0.0168210007250309,0,142.289794921875,-86.568,26.2251,57.6138252735564,63,63,63,63,61,63,0,8046,1.33458767306251,26,-87,0.001869,51,2025-04-04 14:55:09.001582,326,1.037,0.0011,"aoml_navis",1027.92053044664
"7901009",66,0,1,0.016821,1,-0.005607,1,147.088445441621,1,4.86412729608751,328,1,16.882999420166,36.2400016784668,0.0168210007250309,0,141.837493896484,-86.568,26.2251,57.6138252735564,63,63,63,63,61,63,0,8046,1.33458767306251,26,-87,0.001869,51,2025-04-04 14:55:09.001582,328,1.037,0.0011,"aoml_navis",1027.93362419232
"7901009",66,0,1,0.014952,1,-0.007476,1,146.678833579542,1,4.86403508329058,330,1,16.8010005950928,36.2280006408691,0.0149520002305508,0,141.442504882812,-86.568,26.2251,57.6138252735564,63,63,63,63,61,63,0,8046,1.33458767306251,26,-87,0.001869,51,2025-04-04 14:55:09.001582,330,1.037,0.0011,"aoml_navis",1027.95311184668
"7901009",66,0,1,0.01869,1,-0.003738,1,146.331630323816,1,4.86397218696073,332,1,16.7569999694824,36.2200012207031,0.0186899993568659,0,141.107696533203,-86.568,26.2251,57.6138252735564,63,63,63,63,61,63,0,8046,1.33458767306251,26,-87,0.001869,51,2025-04-04 14:55:09.001582,332,1.037,0.0011,"aoml_navis",1027.96640437294
"7901009",66,0,1,0.016821,1,-0.005607,1,145.850875182284,1,4.86392082219467,334,1,16.7229995727539,36.2120018005371,0.0168210007250309,0,140.644104003906,-86.568,26.2251,57.6138252735564,63,63,63,63,61,63,0,8046,1.33458767306251,26,-87,0.001869,51,2025-04-04 14:55:09.001582,334,1.037,0.0011,"aoml_navis",1027.9772600706
"7901009",66,0,1,0.020559,1,-0.001869,1,145.261949342725,1,4.86383047075359,336,1,16.6389999389648,36.1990013122559,0.020558999851346,0,140.076202392578,-86.568,26.2251,57.6138252735564,63,63,63,63,61,63,0,8046,1.33458767306251,26,-87,0.001869,51,2025-04-04 14:55:09.001582,336,1.037,0.0011,"aoml_navis",1027.99635597194
"7901009",66,0,1,0.013083,1,-0.009345,1,145.171105577748,1,4.86372581205505,338,1,16.5389995574951,36.185001373291,0.0130829997360706,0,139.98860168457,-86.568,26.2251,57.6138252735564,63,63,63,63,61,63,0,8046,1.33458767306251,26,-87,0.001869,51,2025-04-04 14:55:09.001582,338,1.037,0.0011,"aoml_navis",1028.01847661872
"7901009",66,0,1,0.016821,1,-0.005607,1,144.816750017237,1,4.86368276695401,340,1,16.5279998779297,36.181999206543,0.0168210007250309,0,139.646896362305,-86.568,26.2251,57.6138252735564,63,63,63,63,61,63,0,8046,1.33458767306251,26,-87,0.001869,51,2025-04-04 14:55:09.001582,340,1.037,0.0011,"aoml_navis",1028.0275749011
"7901009",66,0,1,0.016821,1,-0.005607,1,144.259455720298,1,4.86363013582541,342,1,16.4990005493164,36.1759986877441,0.0168210007250309,0,139.109497070312,-86.568,26.2251,57.6138252735564,63,63,63,63,61,63,0,8046,1.33458767306251,26,-87,0.001869,51,2025-04-04 14:55:09.001582,342,1.037,0.0011,"aoml_navis",1028.03869956518
"7901009",66,0,1,0.014952,1,-0.007476,1,143.803369700801,1,4.86355912295324,344,1,16.4409999847412,36.1660003662109,0.0149520002305508,0,138.669692993164,-86.568,26.2251,57.6138252735564,63,63,63,63,61,63,0,8046,1.33458767306251,26,-87,0.001869,51,2025-04-04 14:55:09.001582,344,1.037,0.0011,"aoml_navis",1028.05370996784
"7901009",66,0,1,0.016821,1,-0.005607,1,143.663282633855,1,4.86346542922846,346,1,16.3500003814697,36.1520004272461,0.0168210007250309,0,138.534606933594,-86.568,26.2251,57.6138252735564,63,63,63,63,61,63,0,8046,1.33458767306251,26,-87,0.001869,51,2025-04-04 14:55:09.001582,346,1.037,0.0011,"aoml_navis",1028.07351522455
"7901009",66,0,1,0.01869,1,-0.003738,1,143.441972601287,1,4.86340395842842,348,1,16.3129997253418,36.1459999084473,0.0186899993568659,0,138.321197509766,-86.568,26.2251,57.6138252735564,63,63,63,63,61,63,0,8046,1.33458767306251,26,-87,0.001869,51,2025-04-04 14:55:09.001582,348,1.037,0.0011,"aoml_navis",1028.08650951868
"7901009",66,0,1,0.014952,1,-0.007476,1,143.07508468372,1,4.86336462381563,350,1,16.3020000457764,36.1419982910156,0.0149520002305508,0,137.967407226562,-86.568,26.2251,57.6138252735564,63,63,63,63,61,63,0,8046,1.33458767306251,26,-87,0.001869,51,2025-04-04 14:55:09.001582,350,1.037,0.0011,"aoml_navis",1028.09482462312
"7901009",66,0,1,0.020559,1,-0.001869,1,142.827950400248,1,4.86329131290827,352,1,16.2479991912842,36.1339988708496,0.020558999851346,0,137.729095458984,-86.568,26.2251,57.6138252735564,63,63,63,63,61,63,0,8046,1.33458767306251,26,-87,0.001869,51,2025-04-04 14:55:09.001582,352,1.037,0.0011,"aoml_navis",1028.11032247418
"7901009",66,0,1,0.014952,1,-0.007476,1,142.578553330086,1,4.86323786534819,354,1,16.2180004119873,36.1279983520508,0.0149520002305508,0,137.48860168457,-86.568,26.2251,57.6138252735564,63,63,63,63,61,63,0,8046,1.33458767306251,26,-87,0.001869,51,2025-04-04 14:55:09.001582,354,1.037,0.0011,"aoml_navis",1028.12162152838
"7901009",66,0,1,0.016821,1,-0.005607,1,142.092196604719,1,4.8631963015806,356,1,16.2049999237061,36.1240005493164,0.0168210007250309,0,137.019607543945,-86.568,26.2251,57.6138252735564,63,63,63,63,61,63,0,8046,1.33458767306251,26,-87,0.001869,51,2025-04-04 14:55:09.001582,356,1.037,0.0011,"aoml_navis",1028.13040846715
"7901009",66,0,1,0.020559,1,-0.001869,1,141.82183315438,1,4.86308130149635,358,1,16.0909996032715,36.109001159668,0.020558999851346,0,136.758895874023,-86.568,26.2251,57.6138252735564,63,63,63,63,61,63,0,8046,1.33458767306251,26,-87,0.001869,51,2025-04-04 14:55:09.001582,358,1.037,0.0011,"aoml_navis",1028.15472125903
"7901009",66,0,1,0.016821,1,-0.005607,1,141.797575448107,1,4.86298415211959,360,1,15.9860000610352,36.0919990539551,0.0168210007250309,0,136.735504150391,-86.568,26.2251,57.6138252735564,63,63,63,63,61,63,0,8046,1.33458767306251,26,-87,0.001869,51,2025-04-04 14:55:09.001582,360,1.037,0.0011,"aoml_navis",1028.17526103199
"7901009",66,0,1,0.014952,1,-0.007476,1,141.661618362463,1,4.86291874452282,362,1,15.9449996948242,36.0859985351562,0.0149520002305508,0,136.604400634766,-86.568,26.2251,57.6138252735564,63,63,63,63,61,63,0,8046,1.33458767306251,26,-87,0.001869,51,2025-04-04 14:55:09.001582,362,1.037,0.0011,"aoml_navis",1028.1890902725
"7901009",66,0,1,0.020559,1,-0.001869,1,141.324384027123,1,4.86287590376731,364,1,15.9340000152588,36.0830001831055,0.020558999851346,0,136.279205322266,-86.568,26.2251,57.6138252735564,63,63,63,63,61,63,0,8046,1.33458767306251,26,-87,0.001869,51,2025-04-04 14:55:09.001582,364,1.037,0.0011,"aoml_navis",1028.19814836863
"7901009",66,0,1,0.014952,1,-0.007476,1,140.878662520091,1,4.86282780177338,366,1,15.914999961853,36.0789985656738,0.0149520002305508,0,135.849395751953,-86.568,26.2251,57.6138252735564,63,63,63,63,61,63,0,8046,1.33458767306251,26,-87,0.001869,51,2025-04-04 14:55:09.001582,366,1.037,0.0011,"aoml_navis",1028.20831907241
"7901009",66,0,1,0.013083,1,-0.009345,1,140.023028501,1,4.86277057948779,368,1,15.8780002593994,36.0719985961914,0.0130829997360706,0,135.024307250977,-86.568,26.2251,57.6138252735564,63,63,63,63,61,63,0,8046,1.33458767306251,26,-87,0.001869,51,2025-04-04 14:55:09.001582,368,1.037,0.0011,"aoml_navis",1028.22041843616
"7901009",66,0,1,0.014952,1,-0.007476,1,139.088972308207,1,4.86268970866279,370,1,15.8000001907349,36.0589981079102,0.0149520002305508,0,134.123596191406,-86.568,26.2251,57.6138252735564,63,63,63,63,61,63,0,8046,1.33458767306251,26,-87,0.001869,51,2025-04-04 14:55:09.001582,370,1.037,0.0011,"aoml_navis",1028.23751864993
"7901009",66,0,1,0.020559,1,-0.001869,1,138.329261456385,1,4.86259141770118,372,1,15.6829996109009,36.0390014648438,0.020558999851346,0,133.391006469727,-86.568,26.2251,57.6138252735564,63,63,63,63,61,63,0,8046,1.33458767306251,26,-87,0.001869,51,2025-04-04 14:55:09.001582,372,1.037,0.0011,"aoml_navis",1028.25830313413
"7901009",66,0,1,0.01869,1,-0.003738,1,137.491334138742,1,4.86252878811588,374,1,15.621000289917,36.0260009765625,0.0186899993568659,0,132.582992553711,-86.568,26.2251,57.6138252735564,63,63,63,63,61,63,0,8046,1.33458767306251,26,-87,0.001869,51,2025-04-04 14:55:09.001582,374,1.037,0.0011,"aoml_navis",1028.27154714644
"7901009",66,0,1,0.01869,1,-0.003738,1,137.009028276262,1,4.86243474790741,376,1,15.5170001983643,36.0089988708496,0.0186899993568659,0,132.117904663086,-86.568,26.2251,57.6138252735564,63,63,63,63,61,63,0,8046,1.33458767306251,26,-87,0.001869,51,2025-04-04 14:55:09.001582,376,1.037,0.0011,"aoml_navis",1028.29143407051
"7901009",66,0,1,0.016821,1,-0.005607,1,136.811374650007,1,4.86239130795342,378,1,15.5019998550415,36.0050010681152,0.0168210007250309,0,131.927307128906,-86.568,26.2251,57.6138252735564,63,63,63,63,61,63,0,8046,1.33458767306251,26,-87,0.001869,51,2025-04-04 14:55:09.001582,378,1.037,0.0011,"aoml_navis",1028.30062068873
"7901009",66,0,1,0.014952,1,-0.007476,1,136.461892783907,1,4.86234869755447,380,1,15.5010004043579,36.0050010681152,0.0149520002305508,0,131.590301513672,-86.568,26.2251,57.6138252735564,63,63,63,63,61,63,0,8046,1.33458767306251,26,-87,0.001869,51,2025-04-04 14:55:09.001582,380,1.037,0.0011,"aoml_navis",1028.30963203333
"7901009",66,0,1,0.016821,1,-0.005607,1,136.018766360912,1,4.86231226720704,382,1,15.4989995956421,36.0029983520508,0.0168210007250309,0,131.162994384766,-86.568,26.2251,57.6138252735564,63,63,63,63,61,63,0,8046,1.33458767306251,26,-87,0.001869,51,2025-04-04 14:55:09.001582,382,1.037,0.0011,"aoml_navis",1028.31733653175
"7901009",66,0,1,0.016821,1,-0.005607,1,135.320657107602,1,4.86226739888132,384,1,15.4860000610352,36,0.0168210007250309,0,130.489807128906,-86.568,26.2251,57.6138252735564,63,63,63,63,61,63,0,8046,1.33458767306251,26,-87,0.001869,51,2025-04-04 14:55:09.001582,384,1.037,0.0011,"aoml_navis",1028.32682570078
"7901009",66,0,1,0.016821,1,-0.005607,1,134.795184237482,1,4.86220527525026,386,1,15.4340000152588,35.9900016784668,0.0168210007250309,0,129.983093261719,-86.568,26.2251,57.6138252735564,63,63,63,63,61,63,0,8046,1.33458767306251,26,-87,0.001869,51,2025-04-04 14:55:09.001582,386,1.037,0.0011,"aoml_navis",1028.33996447068
"7901009",66,0,1,0.020559,1,-0.001869,1,134.124750606005,1,4.86214693019656,388,1,15.3920001983643,35.9819984436035,0.020558999851346,0,129.33659362793,-86.568,26.2251,57.6138252735564,63,63,63,63,61,63,0,8046,1.33458767306251,26,-87,0.001869,51,2025-04-04 14:55:09.001582,388,1.037,0.0011,"aoml_navis",1028.3523044002
"7901009",66,0,1,0.01869,1,-0.003738,1,133.204919904366,1,4.86207809764016,390,1,15.3269996643066,35.9700012207031,0.0186899993568659,0,128.449600219727,-86.568,26.2251,57.6138252735564,63,63,63,63,61,63,0,8046,1.33458767306251,26,-87,0.001869,51,2025-04-04 14:55:09.001582,390,1.037,0.0011,"aoml_navis",1028.36686280847
"7901009",66,0,1,0.01869,1,-0.003738,1,132.279068291287,1,4.86199074985528,392,1,15.2180004119873,35.9500007629395,0.0186899993568659,0,127.556800842285,-86.568,26.2251,57.6138252735564,63,63,63,63,61,63,0,8046,1.33458767306251,26,-87,0.001869,51,2025-04-04 14:55:09.001582,392,1.037,0.0011,"aoml_navis",1028.38533786779
"7901009",66,0,1,0.020559,1,-0.001869,1,131.715033105326,1,4.86185438899854,394,1,15.0260000228882,35.9189987182617,0.020558999851346,0,127.012901306152,-86.568,26.2251,57.6138252735564,63,63,63,63,61,63,0,8046,1.33458767306251,26,-87,0.001869,51,2025-04-04 14:55:09.001582,394,1.037,0.0011,"aoml_navis",1028.41418108162
"7901009",66,0,1,0.020559,1,-0.001869,1,131.330296073163,1,4.86173477917977,396,1,14.8719997406006,35.8950004577637,0.020558999851346,0,126.641899108887,-86.568,26.2251,57.6138252735564,63,63,63,63,61,63,0,8046,1.33458767306251,26,-87,0.001869,51,2025-04-04 14:55:09.001582,396,1.037,0.0011,"aoml_navis",1028.43948242762
"7901009",66,0,1,0.01869,1,-0.003738,1,131.110141169466,1,4.86163019384744,398,1,14.7379999160767,35.8730010986328,0.0186899993568659,0,126.42960357666,-86.568,26.2251,57.6138252735564,63,63,63,63,61,63,0,8046,1.33458767306251,26,-87,0.001869,51,2025-04-04 14:55:09.001582,398,1.037,0.0011,"aoml_navis",1028.46160662892
"7901009",66,0,1,0.01869,1,-0.003738,1,130.801413199324,1,4.86155298838696,400,1,14.6599998474121,35.8600006103516,0.0186899993568659,0,126.131896972656,-86.568,26.2251,57.6138252735564,63,63,63,63,61,63,0,8046,1.33458767306251,26,-87,0.001869,51,2025-04-04 14:55:09.001582,400,1.037,0.0011,"aoml_navis",1028.47793944523
"7901009",66,0,1,0.020559,1,-0.001869,1,130.415853335637,1,4.8614846350544,402,1,14.5970001220703,35.8489990234375,0.020558999851346,0,125.760101318359,-86.568,26.2251,57.6138252735564,63,63,63,63,61,63,0,8046,1.33458767306251,26,-87,0.001869,51,2025-04-04 14:55:09.001582,402,1.037,0.0011,"aoml_navis",1028.49240002669
"7901009",66,0,1,0.024297,1,0.001869,1,130.176195742455,1,4.86141279401862,404,1,14.5340003967285,35.8390007019043,0.0242970008403063,0,125.528999328613,-86.568,26.2251,57.6138252735564,63,63,63,63,61,63,0,8046,1.33458767306251,26,-87,0.001869,51,2025-04-04 14:55:09.001582,404,1.037,0.0011,"aoml_navis",1028.50759889222
"7901009",66,0,1,0.01869,1,-0.003738,1,129.839269968936,1,4.86135596621221,406,1,14.4919996261597,35.8310012817383,0.0186899993568659,0,125.2041015625,-86.568,26.2251,57.6138252735564,63,63,63,63,61,63,0,8046,1.33458767306251,26,-87,0.001869,51,2025-04-04 14:55:09.001582,406,1.037,0.0011,"aoml_navis",1028.51962184037
"7901009",66,0,1,0.024297,1,0.001869,1,129.593077194612,1,4.86128756264402,408,1,14.4320001602173,35.8209991455078,0.0242970008403063,0,124.966697692871,-86.568,26.2251,57.6138252735564,63,63,63,63,61,63,0,8046,1.33458767306251,26,-87,0.001869,51,2025-04-04 14:55:09.001582,408,1.037,0.0011,"aoml_navis",1028.53409422267
"7901009",66,0,1,0.01869,1,-0.003738,1,129.175988642244,1,4.86122831894642,410,1,14.3909997940063,35.8139991760254,0.0186899993568659,0,124.564498901367,-86.568,26.2251,57.6138252735564,63,63,63,63,61,63,0,8046,1.33458767306251,26,-87,0.001869,51,2025-04-04 14:55:09.001582,410,1.037,0.0011,"aoml_navis",1028.54662894823
"7901009",66,0,1,0.020559,1,-0.001869,1,128.925238647172,1,4.8611512194702,412,1,14.3190002441406,35.8030014038086,0.020558999851346,0,124.322700500488,-86.568,26.2251,57.6138252735564,63,63,63,63,61,63,0,8046,1.33458767306251,26,-87,0.001869,51,2025-04-04 14:55:09.001582,412,1.037,0.0011,"aoml_navis",1028.56294204008
"7901009",66,0,1,0.020559,1,-0.001869,1,128.820082360784,1,4.86108273384,414,1,14.2620000839233,35.7939987182617,0.020558999851346,0,124.221298217773,-86.568,26.2251,57.6138252735564,63,63,63,63,61,63,0,8046,1.33458767306251,26,-87,0.001869,51,2025-04-04 14:55:09.001582,414,1.037,0.0011,"aoml_navis",1028.5774330054
"7901009",66,0,1,0.020559,1,-0.001869,1,128.643379291023,1,4.86102534518833,416,1,14.2259998321533,35.7879981994629,0.020558999851346,0,124.050903320312,-86.568,26.2251,57.6138252735564,63,63,63,63,61,63,0,8046,1.33458767306251,26,-87,0.001869,51,2025-04-04 14:55:09.001582,416,1.037,0.0011,"aoml_navis",1028.58957626074
"7901009",66,0,1,0.01869,1,-0.003738,1,128.461066725584,1,4.86096852186103,418,1,14.1940002441406,35.7830009460449,0.0186899993568659,0,123.875099182129,-86.568,26.2251,57.6138252735564,63,63,63,63,61,63,0,8046,1.33458767306251,26,-87,0.001869,51,2025-04-04 14:55:09.001582,418,1.037,0.0011,"aoml_navis",1028.60160017777
"7901009",66,0,1,0.022428,1,0,1,128.294728168288,1,4.86091279146134,420,1,14.1630001068115,35.7779998779297,0.0224280003458261,0,123.714698791504,-86.568,26.2251,57.6138252735564,63,63,63,63,61,63,0,8046,1.33458767306251,26,-87,0.001869,51,2025-04-04 14:55:09.001582,420,1.037,0.0011,"aoml_navis",1028.61339310242
"7901009",66,0,1,0.020559,1,-0.001869,1,128.288406606869,1,4.86085450192253,422,1,14.1260004043579,35.7719993591309,0.020558999851346,0,123.708602905273,-86.568,26.2251,57.6138252735564,63,63,63,63,61,63,0,8046,1.33458767306251,26,-87,0.001869,51,2025-04-04 14:55:09.001582,422,1.037,0.0011,"aoml_navis",1028.62572784732
"7901009",66,0,1,0.01869,1,-0.003738,1,128.228363641147,1,4.86080608648806,424,1,14.1160001754761,35.7709999084473,0.0186899993568659,0,123.650703430176,-86.568,26.2251,57.6138252735564,63,63,63,63,61,63,0,8046,1.33458767306251,26,-87,0.001869,51,2025-04-04 14:55:09.001582,424,1.037,0.0011,"aoml_navis",1028.63597334172
"7901009",66,0,1,0.020559,1,-0.001869,1,128.128808938595,1,4.86075923709754,426,1,14.1040000915527,35.7690010070801,0.020558999851346,0,123.554702758789,-86.568,26.2251,57.6138252735564,63,63,63,63,61,63,0,8046,1.33458767306251,26,-87,0.001869,51,2025-04-04 14:55:09.001582,426,1.037,0.0011,"aoml_navis",1028.64588763002
"7901009",66,0,1,0.01869,1,-0.003738,1,128.059738561636,1,4.86070361045983,428,1,14.0729999542236,35.7639999389648,0.0186899993568659,0,123.488098144531,-86.568,26.2251,57.6138252735564,63,63,63,63,61,63,0,8046,1.33458767306251,26,-87,0.001869,51,2025-04-04 14:55:09.001582,428,1.037,0.0011,"aoml_navis",1028.65765961134
"7901009",66,0,1,0.022428,1,0,1,127.933331068774,1,4.86065366906278,430,1,14.0579996109009,35.7620010375977,0.0224280003458261,0,123.366203308105,-86.568,26.2251,57.6138252735564,63,63,63,63,61,63,0,8046,1.33458767306251,26,-87,0.001869,51,2025-04-04 14:55:09.001582,430,1.037,0.0011,"aoml_navis",1028.66822868375
"7901009",66,0,1,0.020559,1,-0.001869,1,127.786590143062,1,4.86059138425806,432,1,14.0170001983643,35.7560005187988,0.020558999851346,0,123.224700927734,-86.568,26.2251,57.6138252735564,63,63,63,63,61,63,0,8046,1.33458767306251,26,-87,0.001869,51,2025-04-04 14:55:09.001582,432,1.037,0.0011,"aoml_navis",1028.68141028959
"7901009",66,0,4,0.014952,1,-0.007476,1,127.471857085164,1,4.86052045924976,434,1,13.9569997787476,35.7470016479492,0.0149520002305508,0,122.921203613281,-86.568,26.2251,57.6138252735564,63,63,63,63,61,63,0,8046,1.33458767306251,26,-87,0.001869,51,2025-04-04 14:55:09.001582,434,1.037,0.0011,"aoml_navis",1028.6964208709
"7901009",66,0,1,0.020559,1,-0.001869,1,127.324388270027,1,4.8604099282237,436,1,13.8299999237061,35.7299995422363,0.020558999851346,0,122.778999328613,-86.568,26.2251,57.6138252735564,63,63,63,63,61,63,0,8046,1.33458767306251,26,-87,0.001869,51,2025-04-04 14:55:09.001582,436,1.037,0.0011,"aoml_navis",1028.71981455015
"7901009",66,0,1,0.01869,1,-0.003738,1,126.836370057929,1,4.86035360894253,438,1,13.7980003356934,35.7249984741211,0.0186899993568659,0,122.308403015137,-86.568,26.2251,57.6138252735564,63,63,63,63,61,63,0,8046,1.33458767306251,26,-87,0.001869,51,2025-04-04 14:55:09.001582,438,1.037,0.0011,"aoml_navis",1028.73173482697
"7901009",66,0,4,0.014952,1,-0.007476,1,126.110656389359,1,4.86030141236472,440,1,13.7700004577637,35.7200012207031,0.0149520002305508,0,121.608596801758,-86.568,26.2251,57.6138252735564,63,63,63,63,61,63,0,8046,1.33458767306251,26,-87,0.001869,51,2025-04-04 14:55:09.001582,440,1.037,0.0011,"aoml_navis",1028.74278275826
"7901009",66,0,1,0.024297,1,0.001869,1,124.969729274875,1,4.8602522139135,442,1,13.7519998550415,35.7169990539551,0.0242970008403063,0,120.508399963379,-86.568,26.2251,57.6138252735564,63,63,63,63,61,63,0,8046,1.33458767306251,26,-87,0.001869,51,2025-04-04 14:55:09.001582,442,1.037,0.0011,"aoml_navis",1028.75319632311
"7901009",66,0,1,0.022428,1,0,1,123.205443986293,1,4.86021324827189,444,1,13.7440004348755,35.7140007019043,0.0224280003458261,0,118.807098388672,-86.568,26.2251,57.6138252735564,63,63,63,63,61,63,0,8046,1.33458767306251,26,-87,0.001869,51,2025-04-04 14:55:09.001582,444,1.037,0.0011,"aoml_navis",1028.7614441152
"7901009",66,0,1,0.024297,1,0.001869,1,121.165106633277,1,4.86012898980519,446,1,13.6560001373291,35.701000213623,0.0242970008403063,0,116.839599609375,-86.568,26.2251,57.6138252735564,63,63,63,63,61,63,0,8046,1.33458767306251,26,-87,0.001869,51,2025-04-04 14:55:09.001582,446,1.037,0.0011,"aoml_navis",1028.77927941588
"7901009",66,0,1,0.020559,1,-0.001869,1,119.325429406316,1,4.86006522669827,448,1,13.5950002670288,35.689998626709,0.020558999851346,0,115.06559753418,-86.568,26.2251,57.6138252735564,63,63,63,63,61,63,0,8046,1.33458767306251,26,-87,0.001869,51,2025-04-04 14:55:09.001582,448,1.037,0.0011,"aoml_navis",1028.79277679917
"7901009",66,0,1,0.024297,1,0.001869,1,116.9006714948,1,4.85999635050961,450,1,13.53600025177,35.6809997558594,0.0242970008403063,0,112.727401733398,-86.568,26.2251,57.6138252735564,63,63,63,63,61,63,0,8046,1.33458767306251,26,-87,0.001869,51,2025-04-04 14:55:09.001582,450,1.037,0.0011,"aoml_navis",1028.80735691822
"7901009",66,0,1,0.024297,1,0.001869,1,114.628351034932,1,4.85986972899603,452,1,13.3800001144409,35.6609992980957,0.0242970008403063,0,110.536201477051,-86.568,26.2251,57.6138252735564,63,63,63,63,61,63,0,8046,1.33458767306251,26,-87,0.001869,51,2025-04-04 14:55:09.001582,452,1.037,0.0011,"aoml_navis",1028.83416198749
"7901009",66,0,1,0.024297,1,0.001869,1,113.941326271669,1,4.85974480891132,454,1,13.2209997177124,35.6399993896484,0.0242970008403063,0,109.87370300293,-86.568,26.2251,57.6138252735564,63,63,63,63,61,63,0,8046,1.33458767306251,26,-87,0.001869,51,2025-04-04 14:55:09.001582,454,1.037,0.0011,"aoml_navis",1028.86060824253
"7901009",66,0,1,0.024297,1,0.001869,1,114.008727250056,1,4.85966852853062,456,1,13.1499996185303,35.6300010681152,0.0242970008403063,0,109.938697814941,-86.568,26.2251,57.6138252735564,63,63,63,63,61,63,0,8046,1.33458767306251,26,-87,0.001869,51,2025-04-04 14:55:09.001582,456,1.037,0.0011,"aoml_navis",1028.87675787875
"7901009",66,0,1,0.022428,1,0,1,114.006757201504,1,4.85962407977933,458,1,13.1400003433228,35.6279983520508,0.0224280003458261,0,109.936798095703,-86.568,26.2251,57.6138252735564,63,63,63,63,61,63,0,8046,1.33458767306251,26,-87,0.001869,51,2025-04-04 14:55:09.001582,458,1.037,0.0011,"aoml_navis",1028.88616854229
"7901009",66,0,1,0.024297,1,0.001869,1,113.980315826957,1,4.85958196042762,460,1,13.1359996795654,35.6269989013672,0.0242970008403063,0,109.91130065918,-86.568,26.2251,57.6138252735564,63,63,63,63,61,63,0,8046,1.33458767306251,26,-87,0.001869,51,2025-04-04 14:55:09.001582,460,1.037,0.0011,"aoml_navis",1028.89508618557
"7901009",66,0,1,0.024297,1,0.001869,1,113.845086630738,1,4.85953685107505,462,1,13.128999710083,35.6259994506836,0.0242970008403063,0,109.780899047852,-86.568,26.2251,57.6138252735564,63,63,63,63,61,63,0,8046,1.33458767306251,26,-87,0.001869,51,2025-04-04 14:55:09.001582,462,1.037,0.0011,"aoml_navis",1028.90463705278
"7901009",66,0,1,0.024297,1,0.001869,1,113.385479841739,1,4.85948971590303,464,1,13.1090002059937,35.6220016479492,0.0242970008403063,0,109.337699890137,-86.568,26.2251,57.6138252735564,63,63,63,63,61,63,0,8046,1.33458767306251,26,-87,0.001869,51,2025-04-04 14:55:09.001582,464,1.037,0.0011,"aoml_navis",1028.91461703008
"7901009",66,0,1,0.01869,1,-0.003738,1,113.016613963778,1,4.85941209721552,466,1,13.039999961853,35.6129989624023,0.0186899993568659,0,108.982002258301,-86.568,26.2251,57.6138252735564,63,63,63,63,61,63,0,8046,1.33458767306251,26,-87,0.001869,51,2025-04-04 14:55:09.001582,466,1.037,0.0011,"aoml_navis",1028.93105173464
"7901009",66,0,1,0.020559,1,-0.001869,1,112.8784811217,1,4.85936436295108,468,1,13.0229997634888,35.6100006103516,0.020558999851346,0,108.84880065918,-86.568,26.2251,57.6138252735564,63,63,63,63,61,63,0,8046,1.33458767306251,26,-87,0.001869,51,2025-04-04 14:55:09.001582,468,1.037,0.0011,"aoml_navis",1028.94115907857
"7901009",66,0,1,0.022428,1,0,1,112.736202474637,1,4.85931795771553,470,1,13.0109996795654,35.6080017089844,0.0224280003458261,0,108.711601257324,-86.568,26.2251,57.6138252735564,63,63,63,63,61,63,0,8046,1.33458767306251,26,-87,0.001869,51,2025-04-04 14:55:09.001582,470,1.037,0.0011,"aoml_navis",1028.95098520176
"7901009",66,0,1,0.020559,1,-0.001869,1,112.633119090742,1,4.85926398163109,472,1,12.9840002059937,35.6040000915527,0.020558999851346,0,108.612197875977,-86.568,26.2251,57.6138252735564,63,63,63,63,61,63,0,8046,1.33458767306251,26,-87,0.001869,51,2025-04-04 14:55:09.001582,472,1.037,0.0011,"aoml_navis",1028.96241465805
"7901009",66,0,1,0.022428,1,0,1,112.682583924276,1,4.85921894877634,474,1,12.9659996032715,35.5999984741211,0.0224280003458261,0,108.659896850586,-86.568,26.2251,57.6138252735564,63,63,63,63,61,63,0,8046,1.33458767306251,26,-87,0.001869,51,2025-04-04 14:55:09.001582,474,1.037,0.0011,"aoml_navis",1028.97195057636
"7901009",66,0,1,0.020559,1,-0.001869,1,113.35561263979,1,4.85916221478938,476,1,12.9029998779297,35.5870018005371,0.020558999851346,0,109.308898925781,-86.568,26.2251,57.6138252735564,63,63,63,63,61,63,0,8046,1.33458767306251,26,-87,0.001869,51,2025-04-04 14:55:09.001582,476,1.037,0.0011,"aoml_navis",1028.98396451593
"7901009",66,0,1,0.022428,1,0,1,115.437020362426,1,4.85901532014486,478,1,12.6549997329712,35.548999786377,0.0224280003458261,0,111.31600189209,-86.568,26.2251,57.6138252735564,63,63,63,63,61,63,0,8046,1.33458767306251,26,-87,0.001869,51,2025-04-04 14:55:09.001582,478,1.037,0.0011,"aoml_navis",1029.01507210126
"7901009",66,0,1,0.026166,1,0.003738,1,116.497373282299,1,4.85893268448282,480,1,12.5419998168945,35.5299987792969,0.0261659994721413,0,112.338500976562,-86.568,26.2251,57.6138252735564,63,63,63,63,61,63,0,8046,1.33458767306251,26,-87,0.001869,51,2025-04-04 14:55:09.001582,480,1.037,0.0011,"aoml_navis",1029.03257251694
"7901009",66,0,1,0.028035,1,0.005607,1,116.91788766207,1,4.85887753351741,482,1,12.5019998550415,35.5229988098145,0.0280349999666214,0,112.744003295898,-86.568,26.2251,57.6138252735564,63,63,63,63,61,63,0,8046,1.33458767306251,26,-87,0.001869,51,2025-04-04 14:55:09.001582,482,1.037,0.0011,"aoml_navis",1029.0442526096
"7901009",66,0,1,0.024297,1,0.001869,1,117.555447591798,1,4.85882005683603,484,1,12.4519996643066,35.5139999389648,0.0242970008403063,0,113.35880279541,-86.568,26.2251,57.6138252735564,63,63,63,63,61,63,0,8046,1.33458767306251,26,-87,0.001869,51,2025-04-04 14:55:09.001582,484,1.037,0.0011,"aoml_navis",1029.05642553388
"7901009",66,0,1,0.022428,1,0,1,118.358823897278,1,4.85876773419151,486,1,12.41100025177,35.5060005187988,0.0224280003458261,0,114.133499145508,-86.568,26.2251,57.6138252735564,63,63,63,63,61,63,0,8046,1.33458767306251,26,-87,0.001869,51,2025-04-04 14:55:09.001582,486,1.037,0.0011,"aoml_navis",1029.06750714067
"7901009",66,0,1,0.022428,1,0,1,118.995972411245,1,4.85870060928983,488,1,12.3470001220703,35.4959983825684,0.0224280003458261,0,114.747901916504,-86.568,26.2251,57.6138252735564,63,63,63,63,61,63,0,8046,1.33458767306251,26,-87,0.001869,51,2025-04-04 14:55:09.001582,488,1.037,0.0011,"aoml_navis",1029.08172412188
"7901009",66,0,1,0.024297,1,0.001869,1,119.049480195824,1,4.85863152751853,490,1,12.2770004272461,35.4850006103516,0.0242970008403063,0,114.799499511719,-86.568,26.2251,57.6138252735564,63,63,63,63,61,63,0,8046,1.33458767306251,26,-87,0.001869,51,2025-04-04 14:55:09.001582,490,1.037,0.0011,"aoml_navis",1029.09635597612
"7901009",66,0,1,0.024297,1,0.001869,1,118.74636172136,1,4.85858237828518,492,1,12.2390003204346,35.4770011901855,0.0242970008403063,0,114.507202148438,-86.568,26.2251,57.6138252735564,63,63,63,63,61,63,0,8046,1.33458767306251,26,-87,0.001869,51,2025-04-04 14:55:09.001582,492,1.037,0.0011,"aoml_navis",1029.10676627546
"7901009",66,0,1,0.026166,1,0.003738,1,118.484511412556,1,4.8584833243157,494,1,12.0989999771118,35.4560012817383,0.0261659994721413,0,114.254699707031,-86.568,26.2251,57.6138252735564,63,63,63,63,61,63,0,8046,1.33458767306251,26,-87,0.001869,51,2025-04-04 14:55:09.001582,494,1.037,0.0011,"aoml_navis",1029.12774753719
"7901009",66,0,1,0.026166,1,0.003738,1,118.401033572087,1,4.85836571600406,496,1,11.9230003356934,35.4309997558594,0.0261659994721413,0,114.174201965332,-86.568,26.2251,57.6138252735564,63,63,63,63,61,63,0,8046,1.33458767306251,26,-87,0.001869,51,2025-04-04 14:55:09.001582,496,1.037,0.0011,"aoml_navis",1029.15266002503
"7901009",66,0,1,0.026166,1,0.003738,1,118.207003569274,1,4.85828912225837,498,1,11.8319997787476,35.4169998168945,0.0261659994721413,0,113.987098693848,-86.568,26.2251,57.6138252735564,63,63,63,63,61,63,0,8046,1.33458767306251,26,-87,0.001869,51,2025-04-04 14:55:09.001582,498,1.037,0.0011,"aoml_navis",1029.1688852136
"7901009",66,0,1,0.024297,1,0.001869,1,118.243714514187,1,4.8581873438545,500,1,11.7019996643066,35.4000015258789,0.0242970008403063,0,114.022499084473,-86.568,26.2251,57.6138252735564,63,63,63,63,61,63,0,8046,1.33458767306251,26,-87,0.001869,51,2025-04-04 14:55:09.001582,500,1.037,0.0011,"aoml_navis",1029.19044617019
"7901009",66,0,1,0.024297,1,0.001869,1,118.119269158037,1,4.85812031673571,502,1,11.6359996795654,35.3899993896484,0.0242970008403063,0,113.902496337891,-86.568,26.2251,57.6138252735564,63,63,63,63,61,63,0,8046,1.33458767306251,26,-87,0.001869,51,2025-04-04 14:55:09.001582,502,1.037,0.0011,"aoml_navis",1029.20464583298
"7901009",66,0,1,0.022428,1,0,1,117.887911086668,1,4.85807432725341,504,1,11.6160001754761,35.3860015869141,0.0224280003458261,0,113.679397583008,-86.568,26.2251,57.6138252735564,63,63,63,63,61,63,0,8046,1.33458767306251,26,-87,0.001869,51,2025-04-04 14:55:09.001582,504,1.037,0.0011,"aoml_navis",1029.21438890928
"7901009",66,0,1,0.028035,1,0.005607,1,117.570899418396,1,4.85800487346394,506,1,11.5550003051758,35.3779983520508,0.0280349999666214,0,113.37370300293,-86.568,26.2251,57.6138252735564,63,63,63,63,61,63,0,8046,1.33458767306251,26,-87,0.001869,51,2025-04-04 14:55:09.001582,506,1.037,0.0011,"aoml_navis",1029.22910335304
"7901009",66,0,1,0.026166,1,0.003738,1,116.90544233527,1,4.85794467438506,508,1,11.4919996261597,35.367000579834,0.0261659994721413,0,112.732002258301,-86.568,26.2251,57.6138252735564,63,63,63,63,61,63,0,8046,1.33458767306251,26,-87,0.001869,51,2025-04-04 14:55:09.001582,508,1.037,0.0011,"aoml_navis",1029.24185743901
"7901009",66,0,1,0.028035,1,0.005607,1,116.407051698866,1,4.85782732858037,510,1,11.335000038147,35.3479995727539,0.0280349999666214,0,112.251403808594,-86.568,26.2251,57.6138252735564,63,63,63,63,61,63,0,8046,1.33458767306251,26,-87,0.001869,51,2025-04-04 14:55:09.001582,510,1.037,0.0011,"aoml_navis",1029.26671983238
"7901009",66,0,1,0.022428,1,0,1,115.834091955607,1,4.85776777879303,512,1,11.2880001068115,35.3409996032715,0.0224280003458261,0,111.69889831543,-86.568,26.2251,57.6138252735564,63,63,63,63,61,63,0,8046,1.33458767306251,26,-87,0.001869,51,2025-04-04 14:55:09.001582,512,1.037,0.0011,"aoml_navis",1029.27933727666
"7901009",66,0,1,0.026166,1,0.003738,1,115.14644215686,1,4.8577138219939,514,1,11.2550001144409,35.3359985351562,0.0261659994721413,0,111.035797119141,-86.568,26.2251,57.6138252735564,63,63,63,63,61,63,0,8046,1.33458767306251,26,-87,0.001869,51,2025-04-04 14:55:09.001582,514,1.037,0.0011,"aoml_navis",1029.29076994241
"7901009",66,0,1,0.024297,1,0.001869,1,114.307699919535,1,4.85766172635119,516,1,11.2320003509521,35.3330001831055,0.0242970008403063,0,110.226997375488,-86.568,26.2251,57.6138252735564,63,63,63,63,61,63,0,8046,1.33458767306251,26,-87,0.001869,51,2025-04-04 14:55:09.001582,516,1.037,0.0011,"aoml_navis",1029.30180849701
"7901009",66,0,1,0.028035,1,0.005607,1,113.406430398233,1,4.85761240683289,518,1,11.2080001831055,35.3289985656738,0.0280349999666214,0,109.357902526855,-86.568,26.2251,57.6138252735564,63,63,63,63,61,63,0,8046,1.33458767306251,26,-87,0.001869,51,2025-04-04 14:55:09.001582,518,1.037,0.0011,"aoml_navis",1029.31225903632
"7901009",66,0,1,0.026166,1,0.003738,1,112.873401719408,1,4.85753035114228,520,1,11.1280002593994,35.3199996948242,0.0261659994721413,0,108.843902587891,-86.568,26.2251,57.6138252735564,63,63,63,63,61,63,0,8046,1.33458767306251,26,-87,0.001869,51,2025-04-04 14:55:09.001582,520,1.037,0.0011,"aoml_navis",1029.32964666381
"7901009",66,0,1,0.026166,1,0.003738,1,113.099886096366,1,4.85745673499665,522,1,11.0570001602173,35.3110008239746,0.0261659994721413,0,109.062301635742,-86.568,26.2251,57.6138252735564,63,63,63,63,61,63,0,8046,1.33458767306251,26,-87,0.001869,51,2025-04-04 14:55:09.001582,522,1.037,0.0011,"aoml_navis",1029.3452464489
"7901009",66,0,1,0.024297,1,0.001869,1,113.35250328605,1,4.85740493343359,524,1,11.0220003128052,35.3050003051758,0.0242970008403063,0,109.30590057373,-86.568,26.2251,57.6138252735564,63,63,63,63,61,63,0,8046,1.33458767306251,26,-87,0.001869,51,2025-04-04 14:55:09.001582,524,1.037,0.0011,"aoml_navis",1029.35622385215
"7901009",66,0,1,0.026166,1,0.003738,1,113.540615231364,1,4.85734685317456,526,1,10.9799995422363,35.298999786377,0.0261659994721413,0,109.487297058105,-86.568,26.2251,57.6138252735564,63,63,63,63,61,63,0,8046,1.33458767306251,26,-87,0.001869,51,2025-04-04 14:55:09.001582,526,1.037,0.0011,"aoml_navis",1029.36853206853
"7901009",66,0,1,0.026166,1,0.003738,1,113.62804108078,1,4.85729867520746,528,1,10.9569997787476,35.2949981689453,0.0261659994721413,0,109.571601867676,-86.568,26.2251,57.6138252735564,63,63,63,63,61,63,0,8046,1.33458767306251,26,-87,0.001869,51,2025-04-04 14:55:09.001582,528,1.037,0.0011,"aoml_navis",1029.37874204049
"7901009",66,0,1,0.028035,1,0.005607,1,113.865617859628,1,4.85724069211364,530,1,10.914999961853,35.2890014648438,0.0280349999666214,0,109.80069732666,-86.568,26.2251,57.6138252735564,63,63,63,63,61,63,0,8046,1.33458767306251,26,-87,0.001869,51,2025-04-04 14:55:09.001582,530,1.037,0.0011,"aoml_navis",1029.39103020325
"7901009",66,0,1,0.028035,1,0.005607,1,114.189900510308,1,4.85718369430245,532,1,10.8739995956421,35.2830009460449,0.0280349999666214,0,110.113403320312,-86.568,26.2251,57.6138252735564,63,63,63,63,61,63,0,8046,1.33458767306251,26,-87,0.001869,51,2025-04-04 14:55:09.001582,532,1.037,0.0011,"aoml_navis",1029.40310984431
"7901009",66,0,1,0.029904,1,0.007476,1,114.193737753472,1,4.85713028849015,534,1,10.8409996032715,35.2779998779297,0.0299040004611015,0,110.11710357666,-86.568,26.2251,57.6138252735564,63,63,63,63,61,63,0,8046,1.33458767306251,26,-87,0.001869,51,2025-04-04 14:55:09.001582,534,1.037,0.0011,"aoml_navis",1029.41442848433
"7901009",66,0,1,0.029904,1,0.007476,1,114.21706977428,1,4.85706468954673,536,1,10.7779998779297,35.2690010070801,0.0299040004611015,0,110.139602661133,-86.568,26.2251,57.6138252735564,63,63,63,63,61,63,0,8046,1.33458767306251,26,-87,0.001869,51,2025-04-04 14:55:09.001582,536,1.037,0.0011,"aoml_navis",1029.42833163431
"7901009",66,0,1,0.026166,1,0.003738,1,114.233035870581,1,4.85701311711099,538,1,10.7510004043579,35.2649993896484,0.0261659994721413,0,110.154998779297,-86.568,26.2251,57.6138252735564,63,63,63,63,61,63,0,8046,1.33458767306251,26,-87,0.001869,51,2025-04-04 14:55:09.001582,538,1.037,0.0011,"aoml_navis",1029.43926224644
"7901009",66,0,1,0.029904,1,0.007476,1,114.437644005581,1,4.85696602289149,540,1,10.7290000915527,35.2610015869141,0.0299040004611015,0,110.35230255127,-86.568,26.2251,57.6138252735564,63,63,63,63,61,63,0,8046,1.33458767306251,26,-87,0.001869,51,2025-04-04 14:55:09.001582,540,1.037,0.0011,"aoml_navis",1029.44924391778
"7901009",66,0,1,0.026166,1,0.003738,1,114.88169611404,1,4.85690261163579,542,1,10.6639995574951,35.2509994506836,0.0261659994721413,0,110.780502319336,-86.568,26.2251,57.6138252735564,63,63,63,63,61,63,0,8046,1.33458767306251,26,-87,0.001869,51,2025-04-04 14:55:09.001582,542,1.037,0.0011,"aoml_navis",1029.46268430859
"7901009",66,0,1,0.026166,1,0.003738,1,115.331864076038,1,4.85682997206377,544,1,10.576000213623,35.2379989624023,0.0261659994721413,0,111.214599609375,-86.568,26.2251,57.6138252735564,63,63,63,63,61,63,0,8046,1.33458767306251,26,-87,0.001869,51,2025-04-04 14:55:09.001582,544,1.037,0.0011,"aoml_navis",1029.47808112694
"7901009",66,0,1,0.024297,1,0.001869,1,115.483581550102,1,4.85677847053704,546,1,10.5240001678467,35.2280006408691,0.0242970008403063,0,111.360900878906,-86.568,26.2251,57.6138252735564,63,63,63,63,61,63,0,8046,1.33458767306251,26,-87,0.001869,51,2025-04-04 14:55:09.001582,546,1.037,0.0011,"aoml_navis",1029.48899776504
"7901009",66,0,1,0.024297,1,0.001869,1,115.636746891174,1,4.8566890829001,548,1,10.4079999923706,35.2130012512207,0.0242970008403063,0,111.508598327637,-86.568,26.2251,57.6138252735564,63,63,63,63,61,63,0,8046,1.33458767306251,26,-87,0.001869,51,2025-04-04 14:55:09.001582,548,1.037,0.0011,"aoml_navis",1029.5079455682
"7901009",66,0,1,0.026166,1,0.003738,1,115.49913623064,1,4.85664787079685,550,1,10.3839998245239,35.2070007324219,0.0261659994721413,0,111.375900268555,-86.568,26.2251,57.6138252735564,63,63,63,63,61,63,0,8046,1.33458767306251,26,-87,0.001869,51,2025-04-04 14:55:09.001582,550,1.037,0.0011,"aoml_navis",1029.51668167361
"7901009",66,0,1,0.028035,1,0.005607,1,115.415239062567,1,4.85658526634776,552,1,10.3229999542236,35.1980018615723,0.0280349999666214,0,111.294998168945,-86.568,26.2251,57.6138252735564,63,63,63,63,61,63,0,8046,1.33458767306251,26,-87,0.001869,51,2025-04-04 14:55:09.001582,552,1.037,0.0011,"aoml_navis",1029.52995279337
"7901009",66,0,1,0.028035,1,0.005607,1,115.51956460559,1,4.85651011731967,554,1,10.2390003204346,35.1870002746582,0.0280349999666214,0,111.395599365234,-86.568,26.2251,57.6138252735564,63,63,63,63,61,63,0,8046,1.33458767306251,26,-87,0.001869,51,2025-04-04 14:55:09.001582,554,1.037,0.0011,"aoml_navis",1029.54588361066
"7901009",66,0,1,0.029904,1,0.007476,1,115.386305457923,1,4.85646484855175,556,1,10.2270002365112,35.185001373291,0.0299040004611015,0,111.267097473145,-86.568,26.2251,57.6138252735564,63,63,63,63,61,63,0,8046,1.33458767306251,26,-87,0.001869,51,2025-04-04 14:55:09.001582,556,1.037,0.0011,"aoml_navis",1029.55548035956
"7901009",66,0,1,0.028035,1,0.005607,1,115.183778137258,1,4.85641611874067,558,1,10.2110004425049,35.1829986572266,0.0280349999666214,0,111.071800231934,-86.568,26.2251,57.6138252735564,63,63,63,63,61,63,0,8046,1.33458767306251,26,-87,0.001869,51,2025-04-04 14:55:09.001582,558,1.037,0.0011,"aoml_navis",1029.56581103198
"7901009",66,0,1,0.028035,1,0.005607,1,114.717327605297,1,4.85636620482606,560,1,10.1809997558594,35.1780014038086,0.0280349999666214,0,110.622001647949,-86.568,26.2251,57.6138252735564,63,63,63,63,61,63,0,8046,1.33458767306251,26,-87,0.001869,51,2025-04-04 14:55:09.001582,560,1.037,0.0011,"aoml_navis",1029.57639294813
"7901009",66,0,1,0.028035,1,0.005607,1,114.482543706525,1,4.85628851183216,562,1,10.085000038147,35.1650009155273,0.0280349999666214,0,110.395599365234,-86.568,26.2251,57.6138252735564,63,63,63,63,61,63,0,8046,1.33458767306251,26,-87,0.001869,51,2025-04-04 14:55:09.001582,562,1.037,0.0011,"aoml_navis",1029.59286455442
"7901009",66,0,1,0.026166,1,0.003738,1,114.366192164307,1,4.85623509540008,564,1,10.0380001068115,35.1570014953613,0.0261659994721413,0,110.283401489258,-86.568,26.2251,57.6138252735564,63,63,63,63,61,63,0,8046,1.33458767306251,26,-87,0.001869,51,2025-04-04 14:55:09.001582,564,1.037,0.0011,"aoml_navis",1029.60418961926
"7901009",66,0,1,0.029904,1,0.007476,1,114.287065836704,1,4.85618605162572,566,1,10.0129995346069,35.1529998779297,0.0299040004611015,0,110.207099914551,-86.568,26.2251,57.6138252735564,63,63,63,63,61,63,0,8046,1.33458767306251,26,-87,0.001869,51,2025-04-04 14:55:09.001582,566,1.037,0.0011,"aoml_navis",1029.61458783609
"7901009",66,0,1,0.024297,1,0.001869,1,114.08163487018,1,4.85614368065946,568,1,10,35.1500015258789,0.0242970008403063,0,110.009002685547,-86.568,26.2251,57.6138252735564,63,63,63,63,61,63,0,8046,1.33458767306251,26,-87,0.001869,51,2025-04-04 14:55:09.001582,568,1.037,0.0011,"aoml_navis",1029.62357145928
"7901009",66,0,1,0.029904,1,0.007476,1,114.068050238194,1,4.85606665154503,570,1,9.92099952697754,35.140998840332,0.0299040004611015,0,109.995903015137,-86.568,26.2251,57.6138252735564,63,63,63,63,61,63,0,8046,1.33458767306251,26,-87,0.001869,51,2025-04-04 14:55:09.001582,570,1.037,0.0011,"aoml_navis",1029.6399038117
"7901009",66,0,1,0.028035,1,0.005607,1,114.121455168833,1,4.85599988464976,572,1,9.85799980163574,35.132999420166,0.0280349999666214,0,110.047401428223,-86.568,26.2251,57.6138252735564,63,63,63,63,61,63,0,8046,1.33458767306251,26,-87,0.001869,51,2025-04-04 14:55:09.001582,572,1.037,0.0011,"aoml_navis",1029.6540607024
"7901009",66,0,1,0.026166,1,0.003738,1,114.199545045189,1,4.85592392760354,574,1,9.78400039672852,35.125,0.0261659994721413,0,110.122703552246,-86.568,26.2251,57.6138252735564,63,63,63,63,61,63,0,8046,1.33458767306251,26,-87,0.001869,51,2025-04-04 14:55:09.001582,574,1.037,0.0011,"aoml_navis",1029.67016669628
"7901009",66,0,1,0.026166,1,0.003738,1,114.232102273275,1,4.85587060984802,576,1,9.75800037384033,35.1220016479492,0.0261659994721413,0,110.154098510742,-86.568,26.2251,57.6138252735564,63,63,63,63,61,63,0,8046,1.33458767306251,26,-87,0.001869,51,2025-04-04 14:55:09.001582,576,1.037,0.0011,"aoml_navis",1029.68147253752
"7901009",66,0,1,0.024297,1,0.001869,1,114.228470737991,1,4.85582242579541,578,1,9.73799991607666,35.1189994812012,0.0242970008403063,0,110.150596618652,-86.568,26.2251,57.6138252735564,63,63,63,63,61,63,0,8046,1.33458767306251,26,-87,0.001869,51,2025-04-04 14:55:09.001582,578,1.037,0.0011,"aoml_navis",1029.69169000882
"7901009",66,0,1,0.026166,1,0.003738,1,114.21706977428,1,4.85577624612885,580,1,9.72900009155273,35.1180000305176,0.0261659994721413,0,110.139602661133,-86.568,26.2251,57.6138252735564,63,63,63,63,61,63,0,8046,1.33458767306251,26,-87,0.001869,51,2025-04-04 14:55:09.001582,580,1.037,0.0011,"aoml_navis",1029.70148263856
"7901009",66,0,1,0.029904,1,0.007476,1,114.185541085599,1,4.85573713000254,582,1,9.72399997711182,35.1160011291504,0.0299040004611015,0,110.109199523926,-86.568,26.2251,57.6138252735564,63,63,63,63,61,63,0,8046,1.33458767306251,26,-87,0.001869,51,2025-04-04 14:55:09.001582,582,1.037,0.0011,"aoml_navis",1029.7097775549
"7901009",66,0,1,0.024297,1,0.001869,1,114.161378321426,1,4.8556909556488,584,1,9.71500015258789,35.1150016784668,0.0242970008403063,0,110.085899353027,-86.568,26.2251,57.6138252735564,63,63,63,63,61,63,0,8046,1.33458767306251,26,-87,0.001869,51,2025-04-04 14:55:09.001582,584,1.037,0.0011,"aoml_navis",1029.71956940203
"7901009",66,0,1,0.026166,1,0.003738,1,114.200787204317,1,4.85563771619192,586,1,9.68900012969971,35.1119995117188,0.0261659994721413,0,110.123901367188,-86.568,26.2251,57.6138252735564,63,63,63,63,61,63,0,8046,1.33458767306251,26,-87,0.001869,51,2025-04-04 14:55:09.001582,586,1.037,0.0011,"aoml_navis",1029.73085972347
"7901009",66,0,1,0.028035,1,0.005607,1,114.186577536846,1,4.85558844213058,588,1,9.67199993133545,35.1100006103516,0.0280349999666214,0,110.110198974609,-86.568,26.2251,57.6138252735564,63,63,63,63,61,63,0,8046,1.33458767306251,26,-87,0.001869,51,2025-04-04 14:55:09.001582,588,1.037,0.0011,"aoml_navis",1029.74130933676
"7901009",66,0,1,0.028035,1,0.005607,1,114.182534585801,1,4.8555394743996,590,1,9.65100002288818,35.1069984436035,0.0280349999666214,0,110.106300354004,-86.568,26.2251,57.6138252735564,63,63,63,63,61,63,0,8046,1.33458767306251,26,-87,0.001869,51,2025-04-04 14:55:09.001582,590,1.037,0.0011,"aoml_navis",1029.7516941963
"7901009",66,0,1,0.028035,1,0.005607,1,114.178697342636,1,4.85548768789094,592,1,9.63099956512451,35.1049995422363,0.0280349999666214,0,110.102600097656,-86.568,26.2251,57.6138252735564,63,63,63,63,61,63,0,8046,1.33458767306251,26,-87,0.001869,51,2025-04-04 14:55:09.001582,592,1.037,0.0011,"aoml_navis",1029.76267707762
"7901009",66,0,1,0.026166,1,0.003738,1,114.192076266741,1,4.85544042772008,594,1,9.61200046539307,35.1020011901855,0.0261659994721413,0,110.115501403809,-86.568,26.2251,57.6138252735564,63,63,63,63,61,63,0,8046,1.33458767306251,26,-87,0.001869,51,2025-04-04 14:55:09.001582,594,1.037,0.0011,"aoml_navis",1029.77270021781
"7901009",66,0,1,0.026166,1,0.003738,1,114.138877043983,1,4.85539344300373,596,1,9.60200023651123,35.101001739502,0.0261659994721413,0,110.06420135498,-86.568,26.2251,57.6138252735564,63,63,63,63,61,63,0,8046,1.33458767306251,26,-87,0.001869,51,2025-04-04 14:55:09.001582,596,1.037,0.0011,"aoml_navis",1029.78266513183
"7901009",66,0,1,0.029904,1,0.007476,1,114.122183058258,1,4.85534339274309,598,1,9.58399963378906,35.0989990234375,0.0299040004611015,0,110.04810333252,-86.568,26.2251,57.6138252735564,63,63,63,63,61,63,0,8046,1.33458767306251,26,-87,0.001869,51,2025-04-04 14:55:09.001582,598,1.037,0.0011,"aoml_navis",1029.79328042443
"7901009",66,0,1,0.028035,1,0.005607,1,114.075827578463,1,4.85529924137503,600,1,9.57299995422363,35.0970001220703,0.0280349999666214,0,110.003402709961,-86.568,26.2251,57.6138252735564,63,63,63,63,61,63,0,8046,1.33458767306251,26,-87,0.001869,51,2025-04-04 14:55:09.001582,600,1.037,0.0011,"aoml_navis",1029.80264478693
"7901009",66,0,1,0.026166,1,0.003738,1,114.058817119075,1,4.85524805739647,602,1,9.55799961090088,35.0960006713867,0.0261659994721413,0,109.986999511719,-86.568,26.2251,57.6138252735564,63,63,63,63,61,63,0,8046,1.33458767306251,26,-87,0.001869,51,2025-04-04 14:55:09.001582,602,1.037,0.0011,"aoml_navis",1029.81350095656
"7901009",66,0,1,0.029904,1,0.007476,1,114.015056723317,1,4.85520284300971,604,1,9.53699970245361,35.0919990539551,0.0299040004611015,0,109.944801330566,-86.568,26.2251,57.6138252735564,63,63,63,63,61,63,0,8046,1.33458767306251,26,-87,0.001869,51,2025-04-04 14:55:09.001582,604,1.037,0.0011,"aoml_navis",1029.8230911606
"7901009",66,0,1,0.031773,1,0.009345,1,114.063999375307,1,4.85514061453991,606,1,9.48700046539307,35.0859985351562,0.0317730009555817,0,109.991996765137,-86.568,26.2251,57.6138252735564,63,63,63,63,61,63,0,8046,1.33458767306251,26,-87,0.001869,51,2025-04-04 14:55:09.001582,606,1.037,0.0011,"aoml_navis",1029.83629043127
"7901009",66,0,1,0.029904,1,0.007476,1,114.163554077859,1,4.85507680377826,608,1,9.4350004196167,35.0800018310547,0.0299040004611015,0,110.087997436523,-86.568,26.2251,57.6138252735564,63,63,63,63,61,63,0,8046,1.33458767306251,26,-87,0.001869,51,2025-04-04 14:55:09.001582,608,1.037,0.0011,"aoml_navis",1029.84982567299
"7901009",66,0,1,0.026166,1,0.003738,1,114.143750738394,1,4.85502770233659,610,1,9.41800022125244,35.0779991149902,0.0261659994721413,0,110.068901062012,-86.568,26.2251,57.6138252735564,63,63,63,63,61,63,0,8046,1.33458767306251,26,-87,0.001869,51,2025-04-04 14:55:09.001582,610,1.037,0.0011,"aoml_navis",1029.86024108444
"7901009",66,0,1,0.029904,1,0.007476,1,114.183879598868,1,4.85497474383875,612,1,9.39200019836426,35.0750007629395,0.0299040004611015,0,110.107597351074,-86.568,26.2251,57.6138252735564,63,63,63,63,61,63,0,8046,1.33458767306251,26,-87,0.001869,51,2025-04-04 14:55:09.001582,612,1.037,0.0011,"aoml_navis",1029.87147489187
"7901009",66,0,1,0.031773,1,0.009345,1,114.172581489098,1,4.85492231677673,614,1,9.37100028991699,35.0730018615723,0.0317730009555817,0,110.096702575684,-86.568,26.2251,57.6138252735564,63,63,63,63,61,63,0,8046,1.33458767306251,26,-87,0.001869,51,2025-04-04 14:55:09.001582,614,1.037,0.0011,"aoml_navis",1029.88259621002
"7901009",66,0,4,0.024297,1,0.001869,1,114.162936954216,1,4.85487909368945,616,1,9.36100006103516,35.0709991455078,0.0242970008403063,0,110.08740234375,-86.568,26.2251,57.6138252735564,63,63,63,63,61,63,0,8046,1.33458767306251,26,-87,0.001869,51,2025-04-04 14:55:09.001582,616,1.037,0.0011,"aoml_navis",1029.89176527572
"7901009",66,0,1,0.028035,1,0.005607,1,114.131305411595,1,4.8548321933837,618,1,9.35099983215332,35.0699996948242,0.0280349999666214,0,110.056900024414,-86.568,26.2251,57.6138252735564,63,63,63,63,61,63,0,8046,1.33458767306251,26,-87,0.001869,51,2025-04-04 14:55:09.001582,618,1.037,0.0011,"aoml_navis",1029.9017145874
"7901009",66,0,1,0.031773,1,0.009345,1,114.080906980755,1,4.85478846383941,620,1,9.33600044250488,35.0670013427734,0.0317730009555817,0,110.00830078125,-86.568,26.2251,57.6138252735564,63,63,63,63,61,63,0,8046,1.33458767306251,26,-87,0.001869,51,2025-04-04 14:55:09.001582,620,1.037,0.0011,"aoml_navis",1029.91099143499
"7901009",66,0,1,0.031773,1,0.009345,1,114.128401765737,1,4.85473060441486,622,1,9.30399990081787,35.0639991760254,0.0317730009555817,0,110.054100036621,-86.568,26.2251,57.6138252735564,63,63,63,63,61,63,0,8046,1.33458767306251,26,-87,0.001869,51,2025-04-04 14:55:09.001582,622,1.037,0.0011,"aoml_navis",1029.92326607228
"7901009",66,0,1,0.028035,1,0.005607,1,114.125600973819,1,4.85467858824943,624,1,9.2790002822876,35.0610008239746,0.0280349999666214,0,110.051399230957,-86.568,26.2251,57.6138252735564,63,63,63,63,61,63,0,8046,1.33458767306251,26,-87,0.001869,51,2025-04-04 14:55:09.001582,624,1.037,0.0011,"aoml_navis",1029.9343013361
"7901009",66,0,1,0.026166,1,0.003738,1,114.124564522572,1,4.85463491133509,626,1,9.26399993896484,35.0579986572266,0.0261659994721413,0,110.050399780273,-86.568,26.2251,57.6138252735564,63,63,63,63,61,63,0,8046,1.33458767306251,26,-87,0.001869,51,2025-04-04 14:55:09.001582,626,1.037,0.0011,"aoml_navis",1029.94356760495
"7901009",66,0,1,0.031773,1,0.009345,1,114.050731216984,1,4.85458293290623,628,1,9.23900032043457,35.0550003051758,0.0317730009555817,0,109.979202270508,-86.568,26.2251,57.6138252735564,63,63,63,63,61,63,0,8046,1.33458767306251,26,-87,0.001869,51,2025-04-04 14:55:09.001582,628,1.037,0.0011,"aoml_navis",1029.95459529759
"7901009",66,0,1,0.028035,1,0.005607,1,114.293181690242,1,4.85450284993141,630,1,9.14000034332275,35.0429992675781,0.0280349999666214,0,110.212997436523,-86.568,26.2251,57.6138252735564,63,63,63,63,61,63,0,8046,1.33458767306251,26,-87,0.001869,51,2025-04-04 14:55:09.001582,630,1.037,0.0011,"aoml_navis",1029.97158608541
"7901009",66,0,1,0.031773,1,0.009345,1,114.491879679585,1,4.85442488918092,632,1,9.05200004577637,35.0330009460449,0.0317730009555817,0,110.404602050781,-86.568,26.2251,57.6138252735564,63,63,63,63,61,63,0,8046,1.33458767306251,26,-87,0.001869,51,2025-04-04 14:55:09.001582,632,1.037,0.0011,"aoml_navis",1029.98812715045
"7901009",66,0,1,0.029904,1,0.007476,1,114.677404452703,1,4.85435873163233,634,1,8.97799968719482,35.0229988098145,0.0299040004611015,0,110.583503723145,-86.568,26.2251,57.6138252735564,63,63,63,63,61,63,0,8046,1.33458767306251,26,-87,0.001869,51,2025-04-04 14:55:09.001582,634,1.037,0.0011,"aoml_navis",1030.0021643268
"7901009",66,0,1,0.028035,1,0.005607,1,114.817396577551,1,4.85429645598459,636,1,8.92199993133545,35.015998840332,0.0280349999666214,0,110.71849822998,-86.568,26.2251,57.6138252735564,63,63,63,63,61,63,0,8046,1.33458767306251,26,-87,0.001869,51,2025-04-04 14:55:09.001582,636,1.037,0.0011,"aoml_navis",1030.01537819879
"7901009",66,0,1,0.026166,1,0.003738,1,114.913944780305,1,4.8542391515629,638,1,8.88099956512451,35.0110015869141,0.0261659994721413,0,110.811599731445,-86.568,26.2251,57.6138252735564,63,63,63,63,61,63,0,8046,1.33458767306251,26,-87,0.001869,51,2025-04-04 14:55:09.001582,638,1.037,0.0011,"aoml_navis",1030.0275375576
"7901009",66,0,1,0.028035,1,0.005607,1,115.085884921437,1,4.85417220220229,640,1,8.82800006866455,35.0060005187988,0.0280349999666214,0,110.977401733398,-86.568,26.2251,57.6138252735564,63,63,63,63,61,63,0,8046,1.33458767306251,26,-87,0.001869,51,2025-04-04 14:55:09.001582,640,1.037,0.0011,"aoml_navis",1030.04174382844
"7901009",66,0,1,0.028035,1,0.005607,1,115.174236456317,1,4.85411302156919,642,1,8.78899955749512,35.0019989013672,0.0280349999666214,0,111.062599182129,-86.568,26.2251,57.6138252735564,63,63,63,63,61,63,0,8046,1.33458767306251,26,-87,0.001869,51,2025-04-04 14:55:09.001582,642,1.037,0.0011,"aoml_navis",1030.05430194611
"7901009",66,0,1,0.029904,1,0.007476,1,115.21094740123,1,4.85406350964756,644,1,8.77099990844727,35,0.0299040004611015,0,111.097999572754,-86.568,26.2251,57.6138252735564,63,63,63,63,61,63,0,8046,1.33458767306251,26,-87,0.001869,51,2025-04-04 14:55:09.001582,644,1.037,0.0011,"aoml_navis",1030.06480860054
"7901009",66,0,1,0.026166,1,0.003738,1,115.19673773376,1,4.85401804750262,646,1,8.75800037384033,34.9980010986328,0.0261659994721413,0,111.084297180176,-86.568,26.2251,57.6138252735564,63,63,63,63,61,63,0,8046,1.33458767306251,26,-87,0.001869,51,2025-04-04 14:55:09.001582,646,1.037,0.0011,"aoml_navis",1030.07445606274
"7901009",66,0,1,0.029904,1,0.007476,1,115.271409694555,1,4.85396659204679,648,1,8.73299980163574,34.9949989318848,0.0299040004611015,0,111.156303405762,-86.568,26.2251,57.6138252735564,63,63,63,63,61,63,0,8046,1.33458767306251,26,-87,0.001869,51,2025-04-04 14:55:09.001582,648,1.037,0.0011,"aoml_navis",1030.08537557561
"7901009",66,0,1,0.029904,1,0.007476,1,115.355821132331,1,4.85391157013844,650,1,8.69900035858154,34.9910011291504,0.0299040004611015,0,111.237701416016,-86.568,26.2251,57.6138252735564,63,63,63,63,61,63,0,8046,1.33458767306251,26,-87,0.001869,51,2025-04-04 14:55:09.001582,650,1.037,0.0011,"aoml_navis",1030.09705219195
"7901009",66,0,1,0.028035,1,0.005607,1,115.430073765523,1,4.85385500148123,652,1,8.66300010681152,34.9869995117188,0.0280349999666214,0,111.309303283691,-86.568,26.2251,57.6138252735564,63,63,63,63,61,63,0,8046,1.33458767306251,26,-87,0.001869,51,2025-04-04 14:55:09.001582,652,1.037,0.0011,"aoml_navis",1030.10905733158
"7901009",66,0,1,0.028035,1,0.005607,1,115.438990410979,1,4.85380890280033,654,1,8.64000034332275,34.9830017089844,0.0280349999666214,0,111.317901611328,-86.568,26.2251,57.6138252735564,63,63,63,63,61,63,0,8046,1.33458767306251,26,-87,0.001869,51,2025-04-04 14:55:09.001582,654,1.037,0.0011,"aoml_navis",1030.11884071401
"7901009",66,0,1,0.033642,1,0.011214,1,115.548292502353,1,4.85375642630224,656,1,8.60900020599365,34.9790000915527,0.0336420014500618,0,111.423301696777,-86.568,26.2251,57.6138252735564,63,63,63,63,61,63,0,8046,1.33458767306251,26,-87,0.001869,51,2025-04-04 14:55:09.001582,656,1.037,0.0011,"aoml_navis",1030.1299778673
"7901009",66,0,1,0.029904,1,0.007476,1,115.778614122475,1,4.85369342238514,658,1,8.55099964141846,34.9720001220703,0.0299040004611015,0,111.645401000977,-86.568,26.2251,57.6138252735564,63,63,63,63,61,63,0,8046,1.33458767306251,26,-87,0.001869,51,2025-04-04 14:55:09.001582,658,1.037,0.0011,"aoml_navis",1030.14334958613
"7901009",66,0,4,0.024297,1,0.001869,1,115.972746979228,1,4.85362946533543,660,1,8.48700046539307,34.9640007019043,0.0242970008403063,0,111.83260345459,-86.568,26.2251,57.6138252735564,63,63,63,63,61,63,0,8046,1.33458767306251,26,-87,0.001869,51,2025-04-04 14:55:09.001582,660,1.037,0.0011,"aoml_navis",1030.15692394938
"7901009",66,0,1,0.031773,1,0.009345,1,116.100404543059,1,4.85357430821809,662,1,8.45699977874756,34.9609985351562,0.0317730009555817,0,111.955703735352,-86.568,26.2251,57.6138252735564,63,63,63,63,61,63,0,8046,1.33458767306251,26,-87,0.001869,51,2025-04-04 14:55:09.001582,662,1.037,0.0011,"aoml_navis",1030.1686308859
"7901009",66,0,1,0.026166,1,0.003738,1,116.207008696456,1,4.85352422814456,664,1,8.4379997253418,34.9589996337891,0.0261659994721413,0,112.058502197266,-86.568,26.2251,57.6138252735564,63,63,63,63,61,63,0,8046,1.33458767306251,26,-87,0.001869,51,2025-04-04 14:55:09.001582,664,1.037,0.0011,"aoml_navis",1030.17926046522
"7901009",66,0,1,0.028035,1,0.005607,1,116.36214408608,1,4.85346594638103,666,1,8.4040002822876,34.9560012817383,0.0280349999666214,0,112.208099365234,-86.568,26.2251,57.6138252735564,63,63,63,63,61,63,0,8046,1.33458767306251,26,-87,0.001869,51,2025-04-04 14:55:09.001582,666,1.037,0.0011,"aoml_navis",1030.19163114315
"7901009",66,0,1,0.028035,1,0.005607,1,116.554615456102,1,4.85340716622617,668,1,8.35999965667725,34.951000213623,0.0280349999666214,0,112.393699645996,-86.568,26.2251,57.6138252735564,63,63,63,63,61,63,0,8046,1.33458767306251,26,-87,0.001869,51,2025-04-04 14:55:09.001582,668,1.037,0.0011,"aoml_navis",1030.20410790876
"7901009",66,0,1,0.031773,1,0.009345,1,116.667754790641,1,4.85335163128833,670,1,8.33399963378906,34.9490013122559,0.0317730009555817,0,112.502799987793,-86.568,26.2251,57.6138252735564,63,63,63,63,61,63,0,8046,1.33458767306251,26,-87,0.001869,51,2025-04-04 14:55:09.001582,670,1.037,0.0011,"aoml_navis",1030.21589611729
"7901009",66,0,1,0.028035,1,0.005607,1,116.806093340599,1,4.85330611595733,672,1,8.31599998474121,34.9459991455078,0.0280349999666214,0,112.636199951172,-86.568,26.2251,57.6138252735564,63,63,63,63,61,63,0,8046,1.33458767306251,26,-87,0.001869,51,2025-04-04 14:55:09.001582,672,1.037,0.0011,"aoml_navis",1030.2255576998
"7901009",66,0,1,0.031773,1,0.009345,1,117.055189760782,1,4.85324433587785,674,1,8.26799964904785,34.9410018920898,0.0317730009555817,0,112.876403808594,-86.568,26.2251,57.6138252735564,63,63,63,63,61,63,0,8046,1.33458767306251,26,-87,0.001869,51,2025-04-04 14:55:09.001582,674,1.037,0.0011,"aoml_navis",1030.23867210584
"7901009",66,0,1,0.028035,1,0.005607,1,117.547353777865,1,4.85316136454972,676,1,8.17399978637695,34.931999206543,0.0280349999666214,0,113.350997924805,-86.568,26.2251,57.6138252735564,63,63,63,63,61,63,0,8046,1.33458767306251,26,-87,0.001869,51,2025-04-04 14:55:09.001582,676,1.037,0.0011,"aoml_navis",1030.25628542312
"7901009",66,0,1,0.026166,1,0.003738,1,117.967662449755,1,4.85310201407491,678,1,8.12399959564209,34.9259986877441,0.0261659994721413,0,113.756301879883,-86.568,26.2251,57.6138252735564,63,63,63,63,61,63,0,8046,1.33458767306251,26,-87,0.001869,51,2025-04-04 14:55:09.001582,678,1.037,0.0011,"aoml_navis",1030.26888482852
"7901009",66,0,1,0.029904,1,0.007476,1,118.408810912356,1,4.85299815618539,680,1,8.00699996948242,34.9179992675781,0.0299040004611015,0,114.181701660156,-86.568,26.2251,57.6138252735564,63,63,63,63,61,63,0,8046,1.33458767306251,26,-87,0.001869,51,2025-04-04 14:55:09.001582,680,1.037,0.0011,"aoml_navis",1030.2909333743
"7901009",66,0,1,0.028035,1,0.005607,1,118.435252286904,1,4.85295769014601,682,1,8,34.9160003662109,0.0280349999666214,0,114.20719909668,-86.568,26.2251,57.6138252735564,63,63,63,63,61,63,0,8046,1.33458767306251,26,-87,0.001869,51,2025-04-04 14:55:09.001582,682,1.037,0.0011,"aoml_navis",1030.2995243813
"7901009",66,0,1,0.029904,1,0.007476,1,118.52278099026,1,4.85291258510677,684,1,7.98699998855591,34.9140014648438,0.0299040004611015,0,114.291603088379,-86.568,26.2251,57.6138252735564,63,63,63,63,61,63,0,8046,1.33458767306251,26,-87,0.001869,51,2025-04-04 14:55:09.001582,684,1.037,0.0011,"aoml_navis",1030.30910042448
"7901009",66,0,1,0.029904,1,0.007476,1,118.659252345607,1,4.85285745638285,686,1,7.96099996566772,34.9119987487793,0.0299040004611015,0,114.423202514648,-86.568,26.2251,57.6138252735564,63,63,63,63,61,63,0,8046,1.33458767306251,26,-87,0.001869,51,2025-04-04 14:55:09.001582,686,1.037,0.0011,"aoml_navis",1030.32080479175
"7901009",66,0,1,0.029904,1,0.007476,1,118.689008781774,1,4.85279635075499,688,1,7.93200016021729,34.9109992980957,0.0299040004611015,0,114.45189666748,-86.568,26.2251,57.6138252735564,63,63,63,63,61,63,0,8046,1.33458767306251,26,-87,0.001869,51,2025-04-04 14:55:09.001582,688,1.037,0.0011,"aoml_navis",1030.33377842491
"7901009",66,0,1,0.026166,1,0.003738,1,118.610823963319,1,4.85274665457876,690,1,7.91300010681152,34.9090003967285,0.0261659994721413,0,114.376502990723,-86.568,26.2251,57.6138252735564,63,63,63,63,61,63,0,8046,1.33458767306251,26,-87,0.001869,51,2025-04-04 14:55:09.001582,690,1.037,0.0011,"aoml_navis",1030.3443299028
"7901009",66,0,1,0.028035,1,0.005607,1,118.391800452968,1,4.85269327845688,691.900024414062,1,7.89599990844727,34.9090003967285,0.0280349999666214,0,114.165298461914,-86.568,26.2251,57.6138252735564,63,63,63,63,61,63,0,8046,1.33458767306251,26,-87,0.001869,51,2025-04-04 14:55:09.001582,691.900024414062,1.037,0.0011,"aoml_navis",1030.3556629464
"7901009",66,0,1,0.031773,1,0.009345,1,118.022728867125,1,4.85263729080911,694,1,7.90500020980835,34.9140014648438,0.0317730009555817,0,113.80940246582,-86.568,26.2251,57.6138252735564,63,63,63,63,61,63,0,8046,1.33458767306251,26,-87,0.001869,51,2025-04-04 14:55:09.001582,694,1.037,0.0011,"aoml_navis",1030.36755074813
"7901009",66,0,1,0.028035,1,0.005607,1,117.791473649697,1,4.85255882490204,696,1,7.92500019073486,34.9280014038086,0.0280349999666214,0,113.586402893066,-86.568,26.2251,57.6138252735564,63,63,63,63,61,63,0,8046,1.33458767306251,26,-87,0.001869,51,2025-04-04 14:55:09.001582,696,1.037,0.0011,"aoml_navis",1030.38421179798
"7901009",66,0,4,0.026166,1,0.003738,1,117.800904564855,1,4.85250694995239,698,1,7.92700004577637,34.9309997558594,0.0261659994721413,0,113.595497131348,-86.568,26.2251,57.6138252735564,63,63,63,63,61,63,0,8046,1.33458767306251,26,-87,0.001869,51,2025-04-04 14:55:09.001582,698,1.037,0.0011,"aoml_navis",1030.39522695564
"7901009",66,0,1,0.031773,1,0.009345,1,117.88511029475,1,4.85245838570935,700,1,7.91900014877319,34.9309997558594,0.0317730009555817,0,113.676696777344,-86.568,26.2251,57.6138252735564,63,63,63,63,61,63,0,8046,1.33458767306251,26,-87,0.001869,51,2025-04-04 14:55:09.001582,700,1.037,0.0011,"aoml_navis",1030.40553932934
"7901009",66,0,1,0.033642,1,0.011214,1,118.084116845914,1,4.85240614863725,702,1,7.91099977493286,34.931999206543,0.0336420014500618,0,113.868598937988,-86.568,26.2251,57.6138252735564,63,63,63,63,61,63,0,8046,1.33458767306251,26,-87,0.001869,51,2025-04-04 14:55:09.001582,702,1.037,0.0011,"aoml_navis",1030.41663184031
"7901009",66,0,1,0.028035,1,0.005607,1,118.333316120037,1,4.852360493858,704,1,7.90199995040894,34.9309997558594,0.0280349999666214,0,114.108901977539,-86.568,26.2251,57.6138252735564,63,63,63,63,61,63,0,8046,1.33458767306251,26,-87,0.001869,51,2025-04-04 14:55:09.001582,704,1.037,0.0011,"aoml_navis",1030.42632680092
"7901009",66,0,1,0.026166,1,0.003738,1,118.72924840803,1,4.85231217420485,706,1,7.88000011444092,34.9280014038086,0.0261659994721413,0,114.490699768066,-86.568,26.2251,57.6138252735564,63,63,63,63,61,63,0,8046,1.33458767306251,26,-87,0.001869,51,2025-04-04 14:55:09.001582,706,1.037,0.0011,"aoml_navis",1030.43658785605
"7901009",66,0,1,0.029904,1,0.007476,1,119.054978925719,1,4.85223775477705,708,1,7.82399988174438,34.9249992370605,0.0299040004611015,0,114.804801940918,-86.568,26.2251,57.6138252735564,63,63,63,63,61,63,0,8046,1.33458767306251,26,-87,0.001869,51,2025-04-04 14:55:09.001582,708,1.037,0.0011,"aoml_navis",1030.45239180159
"7901009",66,0,1,0.031773,1,0.009345,1,119.166559627467,1,4.85218445219768,710,1,7.80499982833862,34.923999786377,0.0317730009555817,0,114.912399291992,-86.568,26.2251,57.6138252735564,63,63,63,63,61,63,0,8046,1.33458767306251,26,-87,0.001869,51,2025-04-04 14:55:09.001582,710,1.037,0.0011,"aoml_navis",1030.46371160424
"7901009",66,0,1,0.026166,1,0.003738,1,119.266011476079,1,4.852140203957,712,1,7.79300022125244,34.9220008850098,0.0261659994721413,0,115.00830078125,-86.568,26.2251,57.6138252735564,63,63,63,63,61,63,0,8046,1.33458767306251,26,-87,0.001869,51,2025-04-04 14:55:09.001582,712,1.037,0.0011,"aoml_navis",1030.47310873713
"7901009",66,0,1,0.026166,1,0.003738,1,119.439605192101,1,4.85208768844492,714,1,7.77500009536743,34.9210014343262,0.0261659994721413,0,115.17569732666,-86.568,26.2251,57.6138252735564,63,63,63,63,61,63,0,8046,1.33458767306251,26,-87,0.001869,51,2025-04-04 14:55:09.001582,714,1.037,0.0011,"aoml_navis",1030.48426183792
"7901009",66,0,1,0.028035,1,0.005607,1,119.605943749397,1,4.85202663775459,716,1,7.74100017547607,34.9189987182617,0.0280349999666214,0,115.336097717285,-86.568,26.2251,57.6138252735564,63,63,63,63,61,63,0,8046,1.33458767306251,26,-87,0.001869,51,2025-04-04 14:55:09.001582,716,1.037,0.0011,"aoml_navis",1030.49722791998
"7901009",66,0,1,0.026166,1,0.003738,1,119.780890390328,1,4.85195965497992,718,1,7.7039999961853,34.9179992675781,0.0261659994721413,0,115.50479888916,-86.568,26.2251,57.6138252735564,63,63,63,63,61,63,0,8046,1.33458767306251,26,-87,0.001869,51,2025-04-04 14:55:09.001582,718,1.037,0.0011,"aoml_navis",1030.51145424677
"7901009",66,0,1,0.031773,1,0.009345,1,119.915185989241,1,4.85190633669756,720.099975585938,1,7.67799997329712,34.9150009155273,0.0317730009555817,0,115.634300231934,-86.568,26.2251,57.6138252735564,63,63,63,63,61,63,0,8046,1.33458767306251,26,-87,0.001869,51,2025-04-04 14:55:09.001582,720.099975585938,1.037,0.0011,"aoml_navis",1030.52277868233
"7901009",66,0,1,0.026166,1,0.003738,1,120.026355275227,1,4.85185614779834,722,1,7.66499996185303,34.9150009155273,0.0261659994721413,0,115.741500854492,-86.568,26.2251,57.6138252735564,63,63,63,63,61,63,0,8046,1.33458767306251,26,-87,0.001869,51,2025-04-04 14:55:09.001582,722,1.037,0.0011,"aoml_navis",1030.53343868591
"7901009",66,0,1,0.028035,1,0.005607,1,120.199434721546,1,4.85180371776812,724,1,7.64699983596802,34.9140014648438,0.0280349999666214,0,115.908401489258,-86.568,26.2251,57.6138252735564,63,63,63,63,61,63,0,8046,1.33458767306251,26,-87,0.001869,51,2025-04-04 14:55:09.001582,724,1.037,0.0011,"aoml_navis",1030.54457493595
"7901009",66,0,4,0.022428,1,0,1,120.449979008737,1,4.85175511347248,726,1,7.63399982452393,34.9129981994629,0.0224280003458261,0,116.150001525879,-86.568,26.2251,57.6138252735564,63,63,63,63,61,63,0,8046,1.33458767306251,26,-87,0.001869,51,2025-04-04 14:55:09.001582,726,1.037,0.0011,"aoml_navis",1030.5548988068
"7901009",66,0,1,0.029904,1,0.007476,1,120.670553240037,1,4.85169423610366,728,1,7.59999990463257,34.9109992980957,0.0299040004611015,0,116.362701416016,-86.568,26.2251,57.6138252735564,63,63,63,63,61,63,0,8046,1.33458767306251,26,-87,0.001869,51,2025-04-04 14:55:09.001582,728,1.037,0.0011,"aoml_navis",1030.5678298506
"7901009",66,0,1,0.028035,1,0.005607,1,120.80007799848,1,4.85164931587542,730,1,7.58699989318848,34.9090003967285,0.0280349999666214,0,116.487602233887,-86.568,26.2251,57.6138252735564,63,63,63,63,61,63,0,8046,1.33458767306251,26,-87,0.001869,51,2025-04-04 14:55:09.001582,730,1.037,0.0011,"aoml_navis",1030.57737162477
"7901009",66,0,1,0.024297,1,0.001869,1,120.863538879762,1,4.851601595598,732,1,7.57999992370605,34.9090003967285,0.0242970008403063,0,116.548797607422,-86.568,26.2251,57.6138252735564,63,63,63,63,61,63,0,8046,1.33458767306251,26,-87,0.001869,51,2025-04-04 14:55:09.001582,732,1.037,0.0011,"aoml_navis",1030.58750836768
"7901009",66,0,1,0.029904,1,0.007476,1,120.92763270837,1,4.85155982794365,734,1,7.57600021362305,34.9080009460449,0.0299040004611015,0,116.61060333252,-86.568,26.2251,57.6138252735564,63,63,63,63,61,63,0,8046,1.33458767306251,26,-87,0.001869,51,2025-04-04 14:55:09.001582,734,1.037,0.0011,"aoml_navis",1030.59638081785
"7901009",66,0,1,0.028035,1,0.005607,1,120.954176936858,1,4.85151135374182,736,1,7.56799983978271,34.9080009460449,0.0280349999666214,0,116.636199951172,-86.568,26.2251,57.6138252735564,63,63,63,63,61,63,0,8046,1.33458767306251,26,-87,0.001869,51,2025-04-04 14:55:09.001582,736,1.037,0.0011,"aoml_navis",1030.60667809087
"7901009",66,0,1,0.033642,1,0.011214,1,120.996386611667,1,4.85146504402234,738,1,7.55800008773804,34.9070014953613,0.0336420014500618,0,116.676902770996,-86.568,26.2251,57.6138252735564,63,63,63,63,61,63,0,8046,1.33458767306251,26,-87,0.001869,51,2025-04-04 14:55:09.001582,738,1.037,0.0011,"aoml_navis",1030.61651575964
"7901009",66,0,1,0.028035,1,0.005607,1,121.051453029036,1,4.85142036247472,740,1,7.55499982833862,34.9070014953613,0.0280349999666214,0,116.730003356934,-86.568,26.2251,57.6138252735564,63,63,63,63,61,63,0,8046,1.33458767306251,26,-87,0.001869,51,2025-04-04 14:55:09.001582,740,1.037,0.0011,"aoml_navis",1030.62600773055
"7901009",66,0,1,0.031773,1,0.009345,1,121.099564937661,1,4.85137568315236,742,1,7.55200004577637,34.9070014953613,0.0317730009555817,0,116.776397705078,-86.568,26.2251,57.6138252735564,63,63,63,63,61,63,0,8046,1.33458767306251,26,-87,0.001869,51,2025-04-04 14:55:09.001582,742,1.037,0.0011,"aoml_navis",1030.63549940355
"7901009",66,0,1,0.029904,1,0.007476,1,121.20638271078,1,4.85133393790153,744,1,7.5479998588562,34.9059982299805,0.0299040004611015,0,116.879402160645,-86.568,26.2251,57.6138252735564,63,63,63,63,61,63,0,8046,1.33458767306251,26,-87,0.001869,51,2025-04-04 14:55:09.001582,744,1.037,0.0011,"aoml_navis",1030.64436792054
"7901009",66,0,1,0.033642,1,0.011214,1,121.448002440673,1,4.85128244611953,746,1,7.53599977493286,34.9059982299805,0.0336420014500618,0,117.112396240234,-86.568,26.2251,57.6138252735564,63,63,63,63,61,63,0,8046,1.33458767306251,26,-87,0.001869,51,2025-04-04 14:55:09.001582,746,1.037,0.0011,"aoml_navis",1030.65530723725
"7901009",66,0,1,0.029904,1,0.007476,1,121.746563694389,1,4.85122696684038,748,1,7.50899982452393,34.9039993286133,0.0299040004611015,0,117.400299072266,-86.568,26.2251,57.6138252735564,63,63,63,63,61,63,0,8046,1.33458767306251,26,-87,0.001869,51,2025-04-04 14:55:09.001582,748,1.037,0.0011,"aoml_navis",1030.66709394892
"7901009",66,0,1,0.031773,1,0.009345,1,122.041184851001,1,4.85116472497342,750,1,7.47300004959106,34.9020004272461,0.0317730009555817,0,117.68440246582,-86.568,26.2251,57.6138252735564,63,63,63,63,61,63,0,8046,1.33458767306251,26,-87,0.001869,51,2025-04-04 14:55:09.001582,750,1.037,0.0011,"aoml_navis",1030.68031771018
"7901009",66,0,1,0.029904,1,0.007476,1,122.119480435238,1,4.85111467893598,752,1,7.45800018310547,34.9010009765625,0.0299040004611015,0,117.759902954102,-86.568,26.2251,57.6138252735564,63,63,63,63,61,63,0,8046,1.33458767306251,26,-87,0.001869,51,2025-04-04 14:55:09.001582,752,1.037,0.0011,"aoml_navis",1030.69095062017
"7901009",66,0,1,0.033642,1,0.011214,1,122.152037663324,1,4.85107519084023,754,1,7.45699977874756,34.9000015258789,0.0336420014500618,0,117.791297912598,-86.568,26.2251,57.6138252735564,63,63,63,63,61,63,0,8046,1.33458767306251,26,-87,0.001869,51,2025-04-04 14:55:09.001582,754,1.037,0.0011,"aoml_navis",1030.69934051754
"7901009",66,0,4,0.024297,1,0.001869,1,122.253459560488,1,4.85103127493881,756,1,7.45499992370605,34.9000015258789,0.0242970008403063,0,117.889099121094,-86.568,26.2251,57.6138252735564,63,63,63,63,61,63,0,8046,1.33458767306251,26,-87,0.001869,51,2025-04-04 14:55:09.001582,756,1.037,0.0011,"aoml_navis",1030.70867133568
"7901009",66,0,1,0.029904,1,0.007476,1,122.385785110848,1,4.85098954309924,758,1,7.45100021362305,34.898998260498,0.0299040004611015,0,118.016700744629,-86.568,26.2251,57.6138252735564,63,63,63,63,61,63,0,8046,1.33458767306251,26,-87,0.001869,51,2025-04-04 14:55:09.001582,758,1.037,0.0011,"aoml_navis",1030.71753826242
"7901009",66,0,1,0.031773,1,0.009345,1,122.681854134468,1,4.85093724759018,760,1,7.43300008773804,34.8979988098145,0.0317730009555817,0,118.302200317383,-86.568,26.2251,57.6138252735564,63,63,63,63,61,63,0,8046,1.33458767306251,26,-87,0.001869,51,2025-04-04 14:55:09.001582,760,1.037,0.0011,"aoml_navis",1030.72864990861
"7901009",66,0,1,0.029904,1,0.007476,1,122.9797903527,1,4.85087810849799,762,1,7.40100002288818,34.8959999084473,0.0299040004611015,0,118.589500427246,-86.568,26.2251,57.6138252735564,63,63,63,63,61,63,0,8046,1.33458767306251,26,-87,0.001869,51,2025-04-04 14:55:09.001582,762,1.037,0.0011,"aoml_navis",1030.74121595444
"7901009",66,0,1,0.031773,1,0.009345,1,123.301992189046,1,4.85082359307888,764,1,7.38000011444092,34.8950004577637,0.0317730009555817,0,118.900199890137,-86.568,26.2251,57.6138252735564,63,63,63,63,61,63,0,8046,1.33458767306251,26,-87,0.001869,51,2025-04-04 14:55:09.001582,764,1.037,0.0011,"aoml_navis",1030.75279982021
"7901009",66,0,1,0.029904,1,0.007476,1,123.700313853195,1,4.85076452100317,766,1,7.34800004959106,34.8930015563965,0.0299040004611015,0,119.284301757812,-86.568,26.2251,57.6138252735564,63,63,63,63,61,63,0,8046,1.33458767306251,26,-87,0.001869,51,2025-04-04 14:55:09.001582,766,1.037,0.0011,"aoml_navis",1030.7653522142
"7901009",66,0,1,0.028035,1,0.005607,1,123.916117244026,1,4.85070325975543,768,1,7.31300020217896,34.890998840332,0.0280349999666214,0,119.492401123047,-86.568,26.2251,57.6138252735564,63,63,63,63,61,63,0,8046,1.33458767306251,26,-87,0.001869,51,2025-04-04 14:55:09.001582,768,1.037,0.0011,"aoml_navis",1030.77837011454
"7901009",66,0,1,0.029904,1,0.007476,1,124.04926562591,1,4.85064737994368,770,1,7.29500007629395,34.890998840332,0.0299040004611015,0,119.620796203613,-86.568,26.2251,57.6138252735564,63,63,63,63,61,63,0,8046,1.33458767306251,26,-87,0.001869,51,2025-04-04 14:55:09.001582,770,1.037,0.0011,"aoml_navis",1030.79024475658
"7901009",66,0,1,0.028035,1,0.005607,1,124.183774844546,1,4.85059892306751,772,1,7.28200006484985,34.8899993896484,0.0280349999666214,0,119.750503540039,-86.568,26.2251,57.6138252735564,63,63,63,63,61,63,0,8046,1.33458767306251,26,-87,0.001869,51,2025-04-04 14:55:09.001582,772,1.037,0.0011,"aoml_navis",1030.80054222212
"7901009",66,0,1,0.028035,1,0.005607,1,124.400614686622,1,4.8505415707678,774,1,7.26200008392334,34.8899993896484,0.0280349999666214,0,119.959602355957,-86.568,26.2251,57.6138252735564,63,63,63,63,61,63,0,8046,1.33458767306251,26,-87,0.001869,51,2025-04-04 14:55:09.001582,774,1.037,0.0011,"aoml_navis",1030.81273030066
"7901009",66,0,1,0.031773,1,0.009345,1,124.607501431996,1,4.85047896865718,776,1,7.23000001907349,34.8889999389648,0.0317730009555817,0,120.159103393555,-86.568,26.2251,57.6138252735564,63,63,63,63,61,63,0,8046,1.33458767306251,26,-87,0.001869,51,2025-04-04 14:55:09.001582,776,1.037,0.0011,"aoml_navis",1030.82603435846
"7901009",66,0,1,0.026166,1,0.003738,1,124.774354258995,1,4.85042682027543,778,1,7.21199989318848,34.8880004882812,0.0261659994721413,0,120.319999694824,-86.568,26.2251,57.6138252735564,63,63,63,63,61,63,0,8046,1.33458767306251,26,-87,0.001869,51,2025-04-04 14:55:09.001582,778,1.037,0.0011,"aoml_navis",1030.83711707583
"7901009",66,0,1,0.028035,1,0.005607,1,125.000632928072,1,4.85037100649231,780,1,7.19399976730347,34.8880004882812,0.0280349999666214,0,120.538200378418,-86.568,26.2251,57.6138252735564,63,63,63,63,61,63,0,8046,1.33458767306251,26,-87,0.001869,51,2025-04-04 14:55:09.001582,780,1.037,0.0011,"aoml_navis",1030.84897903839
"7901009",66,0,1,0.031773,1,0.009345,1,125.280625089609,1,4.8503233017927,782,1,7.17700004577637,34.8860015869141,0.0317730009555817,0,120.808197021484,-86.568,26.2251,57.6138252735564,63,63,63,63,61,63,0,8046,1.33458767306251,26,-87,0.001869,51,2025-04-04 14:55:09.001582,782,1.037,0.0011,"aoml_navis",1030.85911781427
"7901009",66,0,1,0.026166,1,0.003738,1,125.617558774969,1,4.85025785275685,784,1,7.14099979400635,34.8849983215332,0.0261659994721413,0,121.133102416992,-86.568,26.2251,57.6138252735564,63,63,63,63,61,63,0,8046,1.33458767306251,26,-87,0.001869,51,2025-04-04 14:55:09.001582,784,1.037,0.0011,"aoml_navis",1030.87302815417
"7901009",66,0,1,0.028035,1,0.005607,1,125.907614798991,1,4.85020058153407,786,1,7.11600017547607,34.8839988708496,0.0280349999666214,0,121.412803649902,-86.568,26.2251,57.6138252735564,63,63,63,63,61,63,0,8046,1.33458767306251,26,-87,0.001869,51,2025-04-04 14:55:09.001582,786,1.037,0.0011,"aoml_navis",1030.88520071443
"7901009",66,0,1,0.029904,1,0.007476,1,126.290476724701,1,4.85014850874889,788,1,7.09800004959106,34.882999420166,0.0299040004611015,0,121.781997680664,-86.568,26.2251,57.6138252735564,63,63,63,63,61,63,0,8046,1.33458767306251,26,-87,0.001869,51,2025-04-04 14:55:09.001582,788,1.037,0.0011,"aoml_navis",1030.89626863606
"7901009",66,0,1,0.029904,1,0.007476,1,127.001149982434,1,4.85008980124368,790,1,7.07100009918213,34.8819999694824,0.0299040004611015,0,122.467300415039,-86.568,26.2251,57.6138252735564,63,63,63,63,61,63,0,8046,1.33458767306251,26,-87,0.001869,51,2025-04-04 14:55:09.001582,790,1.037,0.0011,"aoml_navis",1030.90874703348
"7901009",66,0,1,0.031773,1,0.009345,1,127.84922819282,1,4.85002153927009,792,1,7.02600002288818,34.8800010681152,0.0317730009555817,0,123.285102844238,-86.568,26.2251,57.6138252735564,63,63,63,63,61,63,0,8046,1.33458767306251,26,-87,0.001869,51,2025-04-04 14:55:09.001582,792,1.037,0.0011,"aoml_navis",1030.92325663207
"7901009",66,0,4,0.024297,1,0.001869,1,128.481597954474,1,4.8499570491529,794,1,6.98600006103516,34.8779983520508,0.0242970008403063,0,123.894897460938,-86.568,26.2251,57.6138252735564,63,63,63,63,61,63,0,8046,1.33458767306251,26,-87,0.001869,51,2025-04-04 14:55:09.001582,794,1.037,0.0011,"aoml_navis",1030.93696486927
"7901009",66,0,1,0.029904,1,0.007476,1,129.107337592888,1,4.84990865372124,795.900024414062,1,6.96999979019165,34.8769989013672,0.0299040004611015,0,124.49829864502,-86.568,26.2251,57.6138252735564,63,63,63,63,61,63,0,8046,1.33458767306251,26,-87,0.001869,51,2025-04-04 14:55:09.001582,795.900024414062,1.037,0.0011,"aoml_navis",1030.94725220517
"7901009",66,0,1,0.031773,1,0.009345,1,129.620974348009,1,4.84983697570647,798,1,6.92799997329712,34.8759994506836,0.0317730009555817,0,124.993598937988,-86.568,26.2251,57.6138252735564,63,63,63,63,61,63,0,8046,1.33458767306251,26,-87,0.001869,51,2025-04-04 14:55:09.001582,798,1.037,0.0011,"aoml_navis",1030.96248905803
"7901009",66,0,1,0.029904,1,0.007476,1,130.067099358962,1,4.84978064297311,800,1,6.90399980545044,34.875,0.0299040004611015,0,125.423797607422,-86.568,26.2251,57.6138252735564,63,63,63,63,61,63,0,8046,1.33458767306251,26,-87,0.001869,51,2025-04-04 14:55:09.001582,800,1.037,0.0011,"aoml_navis",1030.97446422542
"7901009",66,0,1,0.028035,1,0.005607,1,130.306345536382,1,4.8497163055369,802,1,6.86899995803833,34.8740005493164,0.0280349999666214,0,125.654502868652,-86.568,26.2251,57.6138252735564,63,63,63,63,61,63,0,8046,1.33458767306251,26,-87,0.001869,51,2025-04-04 14:55:09.001582,802,1.037,0.0011,"aoml_navis",1030.98814136644
"7901009",66,0,1,0.031773,1,0.009345,1,130.479630690582,1,4.84965562031382,804,1,6.8439998626709,34.8740005493164,0.0317730009555817,0,125.821601867676,-86.568,26.2251,57.6138252735564,63,63,63,63,61,63,0,8046,1.33458767306251,26,-87,0.001869,51,2025-04-04 14:55:09.001582,804,1.037,0.0011,"aoml_navis",1031.00104243617
"7901009",66,0,1,0.029904,1,0.007476,1,130.60521535192,1,4.84960441888496,806,1,6.83199977874756,34.8740005493164,0.0299040004611015,0,125.94270324707,-86.568,26.2251,57.6138252735564,63,63,63,63,61,63,0,8046,1.33458767306251,26,-87,0.001869,51,2025-04-04 14:55:09.001582,806,1.037,0.0011,"aoml_navis",1031.01192759751
"7901009",66,0,1,0.031773,1,0.009345,1,130.782852018987,1,4.84955395046947,808,1,6.82100009918213,34.8740005493164,0.0317730009555817,0,126.113998413086,-86.568,26.2251,57.6138252735564,63,63,63,63,61,63,0,8046,1.33458767306251,26,-87,0.001869,51,2025-04-04 14:55:09.001582,808,1.037,0.0011,"aoml_navis",1031.0226571489
"7901009",66,0,1,0.029904,1,0.007476,1,131.087117710479,1,4.84950275880855,810,1,6.80900001525879,34.8740005493164,0.0299040004611015,0,126.407402038574,-86.568,26.2251,57.6138252735564,63,63,63,63,61,63,0,8046,1.33458767306251,26,-87,0.001869,51,2025-04-04 14:55:09.001582,810,1.037,0.0011,"aoml_navis",1031.03354068994
"7901009",66,0,1,0.028035,1,0.005607,1,131.556780450121,1,4.84945670491073,812,1,6.79899978637695,34.8730010986328,0.0280349999666214,0,126.860298156738,-86.568,26.2251,57.6138252735564,63,63,63,63,61,63,0,8046,1.33458767306251,26,-87,0.001869,51,2025-04-04 14:55:09.001582,812,1.037,0.0011,"aoml_navis",1031.04333211941
"7901009",66,0,1,0.029904,1,0.007476,1,132.166862554055,1,4.84936925693939,814,1,6.73699998855591,34.8730010986328,0.0299040004611015,0,127.448600769043,-86.568,26.2251,57.6138252735564,63,63,63,63,61,63,0,8046,1.33458767306251,26,-87,0.001869,51,2025-04-04 14:55:09.001582,814,1.037,0.0011,"aoml_navis",1031.06192477404
"7901009",66,0,1,0.028035,1,0.005607,1,132.370529179907,1,4.84930363582385,816,1,6.70499992370605,34.8730010986328,0.0280349999666214,0,127.644996643066,-86.568,26.2251,57.6138252735564,63,63,63,63,61,63,0,8046,1.33458767306251,26,-87,0.001869,51,2025-04-04 14:55:09.001582,816,1.037,0.0011,"aoml_navis",1031.07587717603
"7901009",66,0,1,0.028035,1,0.005607,1,132.460130785757,1,4.84925176950726,818,1,6.69199991226196,34.8730010986328,0.0280349999666214,0,127.731399536133,-86.568,26.2251,57.6138252735564,63,63,63,63,61,63,0,8046,1.33458767306251,26,-87,0.001869,51,2025-04-04 14:55:09.001582,818,1.037,0.0011,"aoml_navis",1031.08690529138
"7901009",66,0,1,0.029904,1,0.007476,1,132.808362580888,1,4.84920135306671,820,1,6.68100023269653,34.8730010986328,0.0299040004611015,0,128.067199707031,-86.568,26.2251,57.6138252735564,63,63,63,63,61,63,0,8046,1.33458767306251,26,-87,0.001869,51,2025-04-04 14:55:09.001582,820,1.037,0.0011,"aoml_navis",1031.09762535184
"7901009",66,0,1,0.029904,1,0.007476,1,133.29835875338,1,4.84914516984069,822,1,6.66200017929077,34.8730010986328,0.0299040004611015,0,128.539703369141,-86.568,26.2251,57.6138252735564,63,63,63,63,61,63,0,8046,1.33458767306251,26,-87,0.001869,51,2025-04-04 14:55:09.001582,822,1.037,0.0011,"aoml_navis",1031.10957186796
"7901009",66,0,1,0.029904,1,0.007476,1,133.457750713773,1,4.84908899971446,824,1,6.64300012588501,34.8730010986328,0.0299040004611015,0,128.693405151367,-86.568,26.2251,57.6138252735564,63,63,63,63,61,63,0,8046,1.33458767306251,26,-87,0.001869,51,2025-04-04 14:55:09.001582,824,1.037,0.0011,"aoml_navis",1031.12151587534
"7901009",66,0,1,0.028035,1,0.005607,1,133.270350834201,1,4.84903204179463,826,1,6.62799978256226,34.8740005493164,0.0280349999666214,0,128.5126953125,-86.568,26.2251,57.6138252735564,63,63,63,63,61,63,0,8046,1.33458767306251,26,-87,0.001869,51,2025-04-04 14:55:09.001582,826,1.037,0.0011,"aoml_navis",1031.1336276816
"7901009",66,0,1,0.029904,1,0.007476,1,133.202847001873,1,4.84897741765401,828,1,6.60599994659424,34.8730010986328,0.0299040004611015,0,128.447601318359,-86.568,26.2251,57.6138252735564,63,63,63,63,61,63,0,8046,1.33458767306251,26,-87,0.001869,51,2025-04-04 14:55:09.001582,828,1.037,0.0011,"aoml_navis",1031.1452434891
"7901009",66,0,1,0.029904,1,0.007476,1,133.229288376421,1,4.84892631483678,830,1,6.5939998626709,34.8730010986328,0.0299040004611015,0,128.473098754883,-86.568,26.2251,57.6138252735564,63,63,63,63,61,63,0,8046,1.33458767306251,26,-87,0.001869,51,2025-04-04 14:55:09.001582,830,1.037,0.0011,"aoml_navis",1031.15611072517
"7901009",66,0,1,0.029904,1,0.007476,1,133.302504558366,1,4.84887378095504,832,1,6.57999992370605,34.8730010986328,0.0299040004611015,0,128.543701171875,-86.568,26.2251,57.6138252735564,63,63,63,63,61,63,0,8046,1.33458767306251,26,-87,0.001869,51,2025-04-04 14:55:09.001582,832,1.037,0.0011,"aoml_navis",1031.16728252209
"7901009",66,0,1,0.029904,1,0.007476,1,133.479840575453,1,4.84882780455234,834,1,6.57000017166138,34.8720016479492,0.0299040004611015,0,128.714706420898,-86.568,26.2251,57.6138252735564,63,63,63,63,61,63,0,8046,1.33458767306251,26,-87,0.001869,51,2025-04-04 14:55:09.001582,834,1.037,0.0011,"aoml_navis",1031.17706001144
"7901009",66,0,1,0.033642,1,0.011214,1,133.757451272676,1,4.84877815163414,836,1,6.55999994277954,34.8720016479492,0.0336420014500618,0,128.982406616211,-86.568,26.2251,57.6138252735564,63,63,63,63,61,63,0,8046,1.33458767306251,26,-87,0.001869,51,2025-04-04 14:55:09.001582,836,1.037,0.0011,"aoml_navis",1031.18761956863
"7901009",66,0,1,0.029904,1,0.007476,1,134.035995567205,1,4.848727068273,838,1,6.5479998588562,34.8720016479492,0.0299040004611015,0,129.251007080078,-86.568,26.2251,57.6138252735564,63,63,63,63,61,63,0,8046,1.33458767306251,26,-87,0.001869,51,2025-04-04 14:55:09.001582,838,1.037,0.0011,"aoml_navis",1031.19848356011
"7901009",66,0,1,0.031773,1,0.009345,1,134.421238957229,1,4.84866321419518,840,1,6.51300001144409,34.8709983825684,0.0317730009555817,0,129.622497558594,-86.568,26.2251,57.6138252735564,63,63,63,63,61,63,0,8046,1.33458767306251,26,-87,0.001869,51,2025-04-04 14:55:09.001582,840,1.037,0.0011,"aoml_navis",1031.21206384509
"7901009",66,0,1,0.028035,1,0.005607,1,134.844348421036,1,4.8486050017384,842,1,6.49100017547607,34.8709983825684,0.0280349999666214,0,130.030502319336,-86.568,26.2251,57.6138252735564,63,63,63,63,61,63,0,8046,1.33458767306251,26,-87,0.001869,51,2025-04-04 14:55:09.001582,842,1.037,0.0011,"aoml_navis",1031.22444459949
"7901009",66,0,1,0.028035,1,0.005607,1,135.128700007282,1,4.84854395267761,844,1,6.46500015258789,34.8709983825684,0.0280349999666214,0,130.304702758789,-86.568,26.2251,57.6138252735564,63,63,63,63,61,63,0,8046,1.33458767306251,26,-87,0.001869,51,2025-04-04 14:55:09.001582,844,1.037,0.0011,"aoml_navis",1031.23742896849
"7901009",66,0,1,0.031773,1,0.009345,1,135.382875829756,1,4.84848505341119,845.900024414062,1,6.43900012969971,34.8709983825684,0.0317730009555817,0,130.5498046875,-86.568,26.2251,57.6138252735564,63,63,63,63,61,63,0,8046,1.33458767306251,26,-87,0.001869,51,2025-04-04 14:55:09.001582,845.900024414062,1.037,0.0011,"aoml_navis",1031.24995641313
"7901009",66,0,1,0.031773,1,0.009345,1,135.723844554321,1,4.84843474463859,848,1,6.43100023269653,34.8709983825684,0.0317730009555817,0,130.878601074219,-86.568,26.2251,57.6138252735564,63,63,63,63,61,63,0,8046,1.33458767306251,26,-87,0.001869,51,2025-04-04 14:55:09.001582,848,1.037,0.0011,"aoml_navis",1031.26065696336
"7901009",66,0,1,0.029904,1,0.007476,1,136.244016490584,1,4.84837944440424,850,1,6.41300010681152,34.8709983825684,0.0299040004611015,0,131.38020324707,-86.568,26.2251,57.6138252735564,63,63,63,63,61,63,0,8046,1.33458767306251,26,-87,0.001869,51,2025-04-04 14:55:09.001582,850,1.037,0.0011,"aoml_navis",1031.27241944125
"7901009",66,0,1,0.028035,1,0.005607,1,136.752573843414,1,4.84831420905451,852,1,6.38100004196167,34.8709983825684,0.0280349999666214,0,131.87060546875,-86.568,26.2251,57.6138252735564,63,63,63,63,61,63,0,8046,1.33458767306251,26,-87,0.001869,51,2025-04-04 14:55:09.001582,852,1.037,0.0011,"aoml_navis",1031.28629548436
"7901009",66,0,1,0.026166,1,0.003738,1,137.161979997611,1,4.84825382857993,854,1,6.36100006103516,34.8720016479492,0.0261659994721413,0,132.265396118164,-86.568,26.2251,57.6138252735564,63,63,63,63,61,63,0,8046,1.33458767306251,26,-87,0.001869,51,2025-04-04 14:55:09.001582,854,1.037,0.0011,"aoml_navis",1031.29913919225
"7901009",66,0,1,0.031773,1,0.009345,1,137.798408533994,1,4.84819290681819,856,1,6.33500003814697,34.8720016479492,0.0317730009555817,0,132.879104614258,-86.568,26.2251,57.6138252735564,63,63,63,63,61,63,0,8046,1.33458767306251,26,-87,0.001869,51,2025-04-04 14:55:09.001582,856,1.037,0.0011,"aoml_navis",1031.31209836315
"7901009",66,0,1,0.026166,1,0.003738,1,138.381527081837,1,4.84813554757354,858,1,6.31400012969971,34.8720016479492,0.0261659994721413,0,133.44140625,-86.568,26.2251,57.6138252735564,63,63,63,63,61,63,0,8046,1.33458767306251,26,-87,0.001869,51,2025-04-04 14:55:09.001582,858,1.037,0.0011,"aoml_navis",1031.32430001931
"7901009",66,0,1,0.029904,1,0.007476,1,138.945356559917,1,4.84807523030393,860,1,6.29400014877319,34.8730010986328,0.0299040004611015,0,133.985107421875,-86.568,26.2251,57.6138252735564,63,63,63,63,61,63,0,8046,1.33458767306251,26,-87,0.001869,51,2025-04-04 14:55:09.001582,860,1.037,0.0011,"aoml_navis",1031.33713122817
"7901009",66,0,1,0.031773,1,0.009345,1,139.293271881386,1,4.84802072601349,862,1,6.27699995040894,34.8730010986328,0.0317730009555817,0,134.320602416992,-86.568,26.2251,57.6138252735564,63,63,63,63,61,63,0,8046,1.33458767306251,26,-87,0.001869,51,2025-04-04 14:55:09.001582,862,1.037,0.0011,"aoml_navis",1031.34872612467
"7901009",66,0,1,0.029904,1,0.007476,1,139.531165133896,1,4.84797752380917,864,1,6.27600002288818,34.8730010986328,0.0299040004611015,0,134.550003051758,-86.568,26.2251,57.6138252735564,63,63,63,63,61,63,0,8046,1.33458767306251,26,-87,0.001869,51,2025-04-04 14:55:09.001582,864,1.037,0.0011,"aoml_navis",1031.35791687239
"7901009",66,0,1,0.031773,1,0.009345,1,140.113856442294,1,4.84793149901689,866,1,6.27099990844727,34.8730010986328,0.0317730009555817,0,135.111892700195,-86.568,26.2251,57.6138252735564,63,63,63,63,61,63,0,8046,1.33458767306251,26,-87,0.001869,51,2025-04-04 14:55:09.001582,866,1.037,0.0011,"aoml_navis",1031.36770827186
"7901009",66,0,1,0.028035,1,0.005607,1,140.720109214906,1,4.84787363676786,868,1,6.24399995803833,34.8720016479492,0.0280349999666214,0,135.696502685547,-86.568,26.2251,57.6138252735564,63,63,63,63,61,63,0,8046,1.33458767306251,26,-87,0.001869,51,2025-04-04 14:55:09.001582,868,1.037,0.0011,"aoml_navis",1031.38001825756
"7901009",66,0,1,0.033642,1,0.011214,1,141.103073994556,1,4.84782356151468,870,1,6.22800016403198,34.8709983825684,0.0336420014500618,0,136.065795898438,-86.568,26.2251,57.6138252735564,63,63,63,63,61,63,0,8046,1.33458767306251,26,-87,0.001869,51,2025-04-04 14:55:09.001582,870,1.037,0.0011,"aoml_navis",1031.39067182506
"7901009",66,0,1,0.026166,1,0.003738,1,141.509790122618,1,4.84776417213408,872,1,6.2039999961853,34.8709983825684,0.0261659994721413,0,136.457992553711,-86.568,26.2251,57.6138252735564,63,63,63,63,61,63,0,8046,1.33458767306251,26,-87,0.001869,51,2025-04-04 14:55:09.001582,872,1.037,0.0011,"aoml_navis",1031.40330726915
"7901009",66,0,1,0.028035,1,0.005607,1,141.843195126635,1,4.84771112757436,874,1,6.18900012969971,34.8709983825684,0.0280349999666214,0,136.779495239258,-86.568,26.2251,57.6138252735564,63,63,63,63,61,63,0,8046,1.33458767306251,26,-87,0.001869,51,2025-04-04 14:55:09.001582,874,1.037,0.0011,"aoml_navis",1031.4145930766
"7901009",66,0,1,0.026166,1,0.003738,1,142.158038950315,1,4.84765809057644,876,1,6.17399978637695,34.8709983825684,0.0261659994721413,0,137.083099365234,-86.568,26.2251,57.6138252735564,63,63,63,63,61,63,0,8046,1.33458767306251,26,-87,0.001869,51,2025-04-04 14:55:09.001582,876,1.037,0.0011,"aoml_navis",1031.42587752212
"7901009",66,0,1,0.029904,1,0.007476,1,142.436899718507,1,4.84760295721874,878,1,6.1560001373291,34.8709983825684,0.0299040004611015,0,137.352005004883,-86.568,26.2251,57.6138252735564,63,63,63,63,61,63,0,8046,1.33458767306251,26,-87,0.001869,51,2025-04-04 14:55:09.001582,878,1.037,0.0011,"aoml_navis",1031.43760826252
"7901009",66,0,1,0.031773,1,0.009345,1,142.574201817219,1,4.84754904692699,880,1,6.14499998092651,34.8720016479492,0.0317730009555817,0,137.484405517578,-86.568,26.2251,57.6138252735564,63,63,63,63,61,63,0,8046,1.33458767306251,26,-87,0.001869,51,2025-04-04 14:55:09.001582,880,1.037,0.0011,"aoml_navis",1031.44907902885
"7901009",66,0,1,0.029904,1,0.007476,1,142.730887927792,1,4.84750374291048,882,1,6.14099979400635,34.8720016479492,0.0299040004611015,0,137.635498046875,-86.568,26.2251,57.6138252735564,63,63,63,63,61,63,0,8046,1.33458767306251,26,-87,0.001869,51,2025-04-04 14:55:09.001582,882,1.037,0.0011,"aoml_navis",1031.45871879161
"7901009",66,0,1,0.031773,1,0.009345,1,142.878554538969,1,4.8474605445471,884,1,6.1399998664856,34.8720016479492,0.0317730009555817,0,137.777893066406,-86.568,26.2251,57.6138252735564,63,63,63,63,61,63,0,8046,1.33458767306251,26,-87,0.001869,51,2025-04-04 14:55:09.001582,884,1.037,0.0011,"aoml_navis",1031.46791068253
"7901009",66,0,1,0.029904,1,0.007476,1,143.20760803012,1,4.84741683537718,886,1,6.13299989700317,34.8709983825684,0.0299040004611015,0,138.095199584961,-86.568,26.2251,57.6138252735564,63,63,63,63,61,63,0,8046,1.33458767306251,26,-87,0.001869,51,2025-04-04 14:55:09.001582,886,1.037,0.0011,"aoml_navis",1031.4772114313
"7901009",66,0,1,0.028035,1,0.005607,1,143.508337128428,1,4.84735943200587,888,1,6.11700010299683,34.8720016479492,0.0280349999666214,0,138.385192871094,-86.568,26.2251,57.6138252735564,63,63,63,63,61,63,0,8046,1.33458767306251,26,-87,0.001869,51,2025-04-04 14:55:09.001582,888,1.037,0.0011,"aoml_navis",1031.48942638466
"7901009",66,0,1,0.031773,1,0.009345,1,143.855951799916,1,4.84730923260281,890,1,6.10599994659424,34.8720016479492,0.0317730009555817,0,138.720397949219,-86.568,26.2251,57.6138252735564,63,63,63,63,61,63,0,8046,1.33458767306251,26,-87,0.001869,51,2025-04-04 14:55:09.001582,890,1.037,0.0011,"aoml_navis",1031.50010863144
"7901009",66,0,1,0.026166,1,0.003738,1,144.282589945067,1,4.84725483959706,892,1,6.08900022506714,34.8720016479492,0.0261659994721413,0,139.131805419922,-86.568,26.2251,57.6138252735564,63,63,63,63,61,63,0,8046,1.33458767306251,26,-87,0.001869,51,2025-04-04 14:55:09.001582,892,1.037,0.0011,"aoml_navis",1031.51168351108
"7901009",66,0,1,0.028035,1,0.005607,1,144.576688920134,1,4.84720325266804,894,1,6.07600021362305,34.8720016479492,0.0280349999666214,0,139.415405273438,-86.568,26.2251,57.6138252735564,63,63,63,63,61,63,0,8046,1.33458767306251,26,-87,0.001869,51,2025-04-04 14:55:09.001582,894,1.037,0.0011,"aoml_navis",1031.52266149513
"7901009",66,0,1,0.029904,1,0.007476,1,144.933006617356,1,4.8471488772995,896,1,6.05900001525879,34.8720016479492,0.0299040004611015,0,139.759002685547,-86.568,26.2251,57.6138252735564,63,63,63,63,61,63,0,8046,1.33458767306251,26,-87,0.001869,51,2025-04-04 14:55:09.001582,896,1.037,0.0011,"aoml_navis",1031.53423312751
"7901009",66,0,1,0.031773,1,0.009345,1,145.261632869062,1,4.84709292515589,898,1,6.04500007629395,34.8730010986328,0.0317730009555817,0,140.075897216797,-86.568,26.2251,57.6138252735564,63,63,63,63,61,63,0,8046,1.33458767306251,26,-87,0.001869,51,2025-04-04 14:55:09.001582,898,1.037,0.0011,"aoml_navis",1031.54614058471
"7901009",66,0,1,0.028035,1,0.005607,1,145.599183678065,1,4.84703926564615,900,1,6.02899980545044,34.8730010986328,0.0280349999666214,0,140.401397705078,-86.568,26.2251,57.6138252735564,63,63,63,63,61,63,0,8046,1.33458767306251,26,-87,0.001869,51,2025-04-04 14:55:09.001582,900,1.037,0.0011,"aoml_navis",1031.5575603932
"7901009",66,0,1,0.029904,1,0.007476,1,145.825145873479,1,4.84698491881728,902,1,6.01200008392334,34.8730010986328,0.0299040004611015,0,140.619293212891,-86.568,26.2251,57.6138252735564,63,63,63,63,61,63,0,8046,1.33458767306251,26,-87,0.001869,51,2025-04-04 14:55:09.001582,902,1.037,0.0011,"aoml_navis",1031.56912673458
"7901009",66,0,1,0.026166,1,0.003738,1,146.009950669014,1,4.84692759701258,904,1,5.99599981307983,34.8740005493164,0.0261659994721413,0,140.797500610352,-86.568,26.2251,57.6138252735564,63,63,63,63,61,63,0,8046,1.33458767306251,26,-87,0.001869,51,2025-04-04 14:55:09.001582,904,1.037,0.0011,"aoml_navis",1031.58132650502
"7901009",66,0,1,0.029904,1,0.007476,1,146.201274822008,1,4.84687445860907,906,1,5.98600006103516,34.875,0.0299040004611015,0,140.981994628906,-86.568,26.2251,57.6138252735564,63,63,63,63,61,63,0,8046,1.33458767306251,26,-87,0.001869,51,2025-04-04 14:55:09.001582,906,1.037,0.0011,"aoml_navis",1031.59263618206
"7901009",66,0,1,0.028035,1,0.005607,1,146.377677241789,1,4.84682271495409,908,1,5.97800016403198,34.8759994506836,0.0280349999666214,0,141.152099609375,-86.568,26.2251,57.6138252735564,63,63,63,63,61,63,0,8046,1.33458767306251,26,-87,0.001869,51,2025-04-04 14:55:09.001582,908,1.037,0.0011,"aoml_navis",1031.60364924702
"7901009",66,0,1,0.031773,1,0.009345,1,146.627912967158,1,4.84677674118912,910,1,5.97300004959106,34.8759994506836,0.0317730009555817,0,141.393402099609,-86.568,26.2251,57.6138252735564,63,63,63,63,61,63,0,8046,1.33458767306251,26,-87,0.001869,51,2025-04-04 14:55:09.001582,910,1.037,0.0011,"aoml_navis",1031.61343445196
"7901009",66,0,1,0.028035,1,0.005607,1,146.839665495101,1,4.84672937840557,912,1,5.96600008010864,34.8759994506836,0.0280349999666214,0,141.597595214844,-86.568,26.2251,57.6138252735564,63,63,63,63,61,63,0,8046,1.33458767306251,26,-87,0.001869,51,2025-04-04 14:55:09.001582,912,1.037,0.0011,"aoml_navis",1031.62351549425
"7901009",66,0,1,0.029904,1,0.007476,1,147.186963692926,1,4.84667854203892,914,1,5.9539999961853,34.8759994506836,0.0299040004611015,0,141.932495117188,-86.568,26.2251,57.6138252735564,63,63,63,63,61,63,0,8046,1.33458767306251,26,-87,0.001869,51,2025-04-04 14:55:09.001582,914,1.037,0.0011,"aoml_navis",1031.63433609867
"7901009",66,0,1,0.029904,1,0.007476,1,147.480445544351,1,4.84662284955385,916,1,5.93499994277954,34.8759994506836,0.0299040004611015,0,142.21549987793,-86.568,26.2251,57.6138252735564,63,63,63,63,61,63,0,8046,1.33458767306251,26,-87,0.001869,51,2025-04-04 14:55:09.001582,916,1.037,0.0011,"aoml_navis",1031.64619059646
"7901009",66,0,1,0.026166,1,0.003738,1,147.729842614513,1,4.84657410806253,918,1,5.92600011825562,34.8759994506836,0.0261659994721413,0,142.455993652344,-86.568,26.2251,57.6138252735564,63,63,63,63,61,63,0,8046,1.33458767306251,26,-87,0.001869,51,2025-04-04 14:55:09.001582,918,1.037,0.0011,"aoml_navis",1031.65656575482
"7901009",66,0,1,0.026166,1,0.003738,1,148.234364928139,1,4.84650574489817,920,1,5.89400005340576,34.8769989013672,0.0261659994721413,0,142.942504882812,-86.568,26.2251,57.6138252735564,63,63,63,63,61,63,0,8046,1.33458767306251,26,-87,0.001869,51,2025-04-04 14:55:09.001582,920,1.037,0.0011,"aoml_navis",1031.67111795202
"7901009",66,0,1,0.028035,1,0.005607,1,148.808970334446,1,4.84643534890567,922,1,5.85900020599365,34.8779983520508,0.0280349999666214,0,143.496597290039,-86.568,26.2251,57.6138252735564,63,63,63,63,61,63,0,8046,1.33458767306251,26,-87,0.001869,51,2025-04-04 14:55:09.001582,922,1.037,0.0011,"aoml_navis",1031.68610329838
"7901009",66,0,1,0.029904,1,0.007476,1,149.29149772849,1,4.84636912622008,924,1,5.82999992370605,34.8790016174316,0.0299040004611015,0,143.961898803711,-86.568,26.2251,57.6138252735564,63,63,63,63,61,63,0,8046,1.33458767306251,26,-87,0.001869,51,2025-04-04 14:55:09.001582,924,1.037,0.0011,"aoml_navis",1031.7002006613
"7901009",66,0,1,0.026166,1,0.003738,1,149.785956179631,1,4.84630777225094,926,1,5.80800008773804,34.8800010681152,0.0261659994721413,0,144.438705444336,-86.568,26.2251,57.6138252735564,63,63,63,63,61,63,0,8046,1.33458767306251,26,-87,0.001869,51,2025-04-04 14:55:09.001582,926,1.037,0.0011,"aoml_navis",1031.71326192469
"7901009",66,0,1,0.028035,1,0.005607,1,150.075798583931,1,4.8462491886801,928,1,5.78999996185303,34.8810005187988,0.0280349999666214,0,144.718200683594,-86.568,26.2251,57.6138252735564,63,63,63,63,61,63,0,8046,1.33458767306251,26,-87,0.001869,51,2025-04-04 14:55:09.001582,928,1.037,0.0011,"aoml_navis",1031.72573372393
"7901009",66,0,1,0.029904,1,0.007476,1,150.271062834029,1,4.84619887146769,930,1,5.78399991989136,34.8819999694824,0.0299040004611015,0,144.906494140625,-86.568,26.2251,57.6138252735564,63,63,63,63,61,63,0,8046,1.33458767306251,26,-87,0.001869,51,2025-04-04 14:55:09.001582,930,1.037,0.0011,"aoml_navis",1031.73644594691
"7901009",66,0,1,0.029904,1,0.007476,1,150.429220547136,1,4.84615223767599,932,1,5.77799987792969,34.8819999694824,0.0299040004611015,0,145.059005737305,-86.568,26.2251,57.6138252735564,63,63,63,63,61,63,0,8046,1.33458767306251,26,-87,0.001869,51,2025-04-04 14:55:09.001582,932,1.037,0.0011,"aoml_navis",1031.74637419104
"7901009",66,0,1,0.028035,1,0.005607,1,150.746232215408,1,4.84610172252987,934,1,5.76100015640259,34.8810005187988,0.0280349999666214,0,145.364700317383,-86.568,26.2251,57.6138252735564,63,63,63,63,61,63,0,8046,1.33458767306251,26,-87,0.001869,51,2025-04-04 14:55:09.001582,934,1.037,0.0011,"aoml_navis",1031.75712898362
"7901009",66,0,1,0.033642,1,0.011214,1,151.070095538484,1,4.84604547604764,936,1,5.74100017547607,34.8810005187988,0.0336420014500618,0,145.677001953125,-86.568,26.2251,57.6138252735564,63,63,63,63,61,63,0,8046,1.33458767306251,26,-87,0.001869,51,2025-04-04 14:55:09.001582,936,1.037,0.0011,"aoml_navis",1031.76910425486
"7901009",66,0,1,0.031773,1,0.009345,1,151.367406721232,1,4.84598830627213,938,1,5.72499990463257,34.8819999694824,0.0317730009555817,0,145.96369934082,-86.568,26.2251,57.6138252735564,63,63,63,63,61,63,0,8046,1.33458767306251,26,-87,0.001869,51,2025-04-04 14:55:09.001582,938,1.037,0.0011,"aoml_navis",1031.7812763866
"7901009",66,0,1,0.029904,1,0.007476,1,151.532922447004,1,4.84593894082721,940,1,5.71500015258789,34.8819999694824,0.0299040004611015,0,146.123306274414,-86.568,26.2251,57.6138252735564,63,63,63,63,61,63,0,8046,1.33458767306251,26,-87,0.001869,51,2025-04-04 14:55:09.001582,940,1.037,0.0011,"aoml_navis",1031.7917871137
"7901009",66,0,1,0.029904,1,0.007476,1,151.626456238117,1,4.84588957865011,942,1,5.70499992370605,34.8819999694824,0.0299040004611015,0,146.213500976562,-86.568,26.2251,57.6138252735564,63,63,63,63,61,63,0,8046,1.33458767306251,26,-87,0.001869,51,2025-04-04 14:55:09.001582,942,1.037,0.0011,"aoml_navis",1031.80229735916
"7901009",66,0,1,0.029904,1,0.007476,1,151.41272574978,1,4.84583174425018,944,1,5.68800020217896,34.882999420166,0.0299040004611015,0,146.007400512695,-86.568,26.2251,57.6138252735564,63,63,63,63,61,63,0,8046,1.33458767306251,26,-87,0.001869,51,2025-04-04 14:55:09.001582,944,1.037,0.0011,"aoml_navis",1031.81461179141
"7901009",66,0,1,0.026166,1,0.003738,1,151.30259291504,1,4.84578007902846,946,1,5.67999982833862,34.8839988708496,0.0261659994721413,0,145.90119934082,-86.568,26.2251,57.6138252735564,63,63,63,63,61,63,0,8046,1.33458767306251,26,-87,0.001869,51,2025-04-04 14:55:09.001582,946,1.037,0.0011,"aoml_navis",1031.82561289543
"7901009",66,0,1,0.028035,1,0.005607,1,151.267543456858,1,4.84573209813563,948,1,5.67199993133545,34.8839988708496,0.0280349999666214,0,145.867401123047,-86.568,26.2251,57.6138252735564,63,63,63,63,61,63,0,8046,1.33458767306251,26,-87,0.001869,51,2025-04-04 14:55:09.001582,948,1.037,0.0011,"aoml_navis",1031.83582970336
"7901009",66,0,1,0.031773,1,0.009345,1,151.374353318135,1,4.84568617251043,950,1,5.66699981689453,34.8839988708496,0.0317730009555817,0,145.970397949219,-86.568,26.2251,57.6138252735564,63,63,63,63,61,63,0,8046,1.33458767306251,26,-87,0.001869,51,2025-04-04 14:55:09.001582,950,1.037,0.0011,"aoml_navis",1031.84560906255
"7901009",66,0,1,0.026166,1,0.003738,1,151.449753168356,1,4.84563725216414,952,1,5.66300010681152,34.8849983215332,0.0261659994721413,0,146.043106079102,-86.568,26.2251,57.6138252735564,63,63,63,63,61,63,0,8046,1.33458767306251,26,-87,0.001869,51,2025-04-04 14:55:09.001582,952,1.037,0.0011,"aoml_navis",1031.85602631871
"7901009",66,0,1,0.029904,1,0.007476,1,151.611423739122,1,4.84558996178855,954,1,5.6560001373291,34.8849983215332,0.0299040004611015,0,146.199005126953,-86.568,26.2251,57.6138252735564,63,63,63,63,61,63,0,8046,1.33458767306251,26,-87,0.001869,51,2025-04-04 14:55:09.001582,954,1.037,0.0011,"aoml_navis",1031.8660966836
"7901009",66,0,1,0.028035,1,0.005607,1,151.786576087934,1,4.84554977526533,956,1,5.65399980545044,34.8839988708496,0.0280349999666214,0,146.367904663086,-86.568,26.2251,57.6138252735564,63,63,63,63,61,63,0,8046,1.33458767306251,26,-87,0.001869,51,2025-04-04 14:55:09.001582,956,1.037,0.0011,"aoml_navis",1031.87465445574
"7901009",66,0,1,0.031773,1,0.009345,1,152.107638619093,1,4.84550017624699,958,1,5.64900016784668,34.8849983215332,0.0317730009555817,0,146.677505493164,-86.568,26.2251,57.6138252735564,63,63,63,63,61,63,0,8046,1.33458767306251,26,-87,0.001869,51,2025-04-04 14:55:09.001582,958,1.037,0.0011,"aoml_navis",1031.88521682661
"7901009",66,0,1,0.028035,1,0.005607,1,152.53571671941,1,4.84545494386566,960,1,5.64499998092651,34.8849983215332,0.0280349999666214,0,147.090301513672,-86.568,26.2251,57.6138252735564,63,63,63,63,61,63,0,8046,1.33458767306251,26,-87,0.001869,51,2025-04-04 14:55:09.001582,960,1.037,0.0011,"aoml_navis",1031.89484948776
"7901009",66,0,1,0.029904,1,0.007476,1,152.827948499866,1,4.84540697685176,962,1,5.63700008392334,34.8849983215332,0.0299040004611015,0,147.372100830078,-86.568,26.2251,57.6138252735564,63,63,63,63,61,63,0,8046,1.33458767306251,26,-87,0.001869,51,2025-04-04 14:55:09.001582,962,1.037,0.0011,"aoml_navis",1031.90506471114
"7901009",66,0,1,0.033642,1,0.011214,1,153.059717986997,1,4.84535627729919,964,1,5.625,34.8849983215332,0.0336420014500618,0,147.595596313477,-86.568,26.2251,57.6138252735564,63,63,63,63,61,63,0,8046,1.33458767306251,26,-87,0.001869,51,2025-04-04 14:55:09.001582,964,1.037,0.0011,"aoml_navis",1031.91586208538
"7901009",66,0,1,0.028035,1,0.005607,1,153.21143546106,1,4.84530558273512,966,1,5.61299991607666,34.8849983215332,0.0280349999666214,0,147.741897583008,-86.568,26.2251,57.6138252735564,63,63,63,63,61,63,0,8046,1.33458767306251,26,-87,0.001869,51,2025-04-04 14:55:09.001582,966,1.037,0.0011,"aoml_navis",1031.92665862316
"7901009",66,0,1,0.031773,1,0.009345,1,153.444565784942,1,4.84525529645526,968,1,5.60699987411499,34.8860015869141,0.0317730009555817,0,147.966705322266,-86.568,26.2251,57.6138252735564,63,63,63,63,61,63,0,8046,1.33458767306251,26,-87,0.001869,51,2025-04-04 14:55:09.001582,968,1.037,0.0011,"aoml_navis",1031.93736843092
"7901009",66,0,1,0.033642,1,0.011214,1,153.716669840428,1,4.84520870691845,970,1,5.60099983215332,34.8860015869141,0.0336420014500618,0,148.229095458984,-86.568,26.2251,57.6138252735564,63,63,63,63,61,63,0,8046,1.33458767306251,26,-87,0.001869,51,2025-04-04 14:55:09.001582,970,1.037,0.0011,"aoml_navis",1031.94729111679
"7901009",66,0,1,0.028035,1,0.005607,1,153.962870526593,1,4.84516211935013,972,1,5.59499979019165,34.8860015869141,0.0280349999666214,0,148.466506958008,-86.568,26.2251,57.6138252735564,63,63,63,63,61,63,0,8046,1.33458767306251,26,-87,0.001869,51,2025-04-04 14:55:09.001582,972,1.037,0.0011,"aoml_navis",1031.95721357424
"7901009",66,0,1,0.028035,1,0.005607,1,154.237886139779,1,4.84511758269961,974,1,5.59200000762939,34.8860015869141,0.0280349999666214,0,148.731704711914,-86.568,26.2251,57.6138252735564,63,63,63,63,61,63,0,8046,1.33458767306251,26,-87,0.001869,51,2025-04-04 14:55:09.001582,974,1.037,0.0011,"aoml_navis",1031.96669939517
"7901009",66,0,1,0.026166,1,0.003738,1,154.60217897331,1,4.84507304785432,976,1,5.58900022506714,34.8860015869141,0.0261659994721413,0,149.082992553711,-86.568,26.2251,57.6138252735564,63,63,63,63,61,63,0,8046,1.33458767306251,26,-87,0.001869,51,2025-04-04 14:55:09.001582,976,1.037,0.0011,"aoml_navis",1031.97618500598
"7901009",66,0,1,0.031773,1,0.009345,1,155.062110147813,1,4.84502714849822,978,1,5.58400011062622,34.8860015869141,0.0317730009555817,0,149.526504516602,-86.568,26.2251,57.6138252735564,63,63,63,63,61,63,0,8046,1.33458767306251,26,-87,0.001869,51,2025-04-04 14:55:09.001582,978,1.037,0.0011,"aoml_navis",1031.98596143054
"7901009",66,0,1,0.028035,1,0.005607,1,160.487908687565,1,4.84447355932449,999.099975585938,1,5.4507999420166,34.8899993896484,0.0280349999666214,0,154.758605957031,-86.568,26.2251,57.6138252735564,63,63,63,63,61,63,0,8046,1.33458767306251,26,-87,0.001869,51,2025-04-04 14:55:09.001582,999.099975585938,1.037,0.0011,"aoml_navis",1032.10388884798
"7901009",66,0,1,0.029904,1,0.007476,1,167.254463724489,1,4.84321543346801,1049.19995117188,1,5.20130014419556,34.8969993591309,0.0299040004611015,0,161.283599853516,-86.568,26.2251,57.6138252735564,63,63,63,63,61,63,0,8046,1.33458767306251,26,-87,0.001869,51,2025-04-04 14:55:09.001582,1049.19995117188,1.037,0.0011,"aoml_navis",1032.37199928142
"7901009",66,0,1,0.029904,1,0.007476,1,175.159358703702,1,4.84196956528357,1099.59997558594,1,4.97650003433228,34.9039993286133,0.0299040004611015,0,168.906295776367,-86.568,26.2251,57.6138252735564,63,63,63,63,61,63,0,8046,1.33458767306251,26,-87,0.001869,51,2025-04-04 14:55:09.001582,1099.59997558594,1.037,0.0011,"aoml_navis",1032.63763486857
"7901009",66,0,1,0.026166,1,0.003738,1,182.133124871504,1,4.84074233410607,1149.40002441406,1,4.76340007781982,34.9119987487793,0.0261659994721413,0,175.631103515625,-86.568,26.2251,57.6138252735564,63,63,63,63,61,63,0,8046,1.33458767306251,26,-87,0.001869,51,2025-04-04 14:55:09.001582,1149.40002441406,1.037,0.0011,"aoml_navis",1032.89943048029
"7901009",66,0,1,0.031773,1,0.009345,1,186.79732954114,1,4.83957889316372,1199.09997558594,1,4.63049983978271,34.9179992675781,0.0317730009555817,0,180.128799438477,-86.568,26.2251,57.6138252735564,63,63,63,63,61,63,0,8046,1.33458767306251,26,-87,0.001869,51,2025-04-04 14:55:09.001582,1199.09997558594,1.037,0.0011,"aoml_navis",1033.1477408216
"7901009",66,0,1,0.031773,1,0.009345,1,190.679100549947,1,4.83845133068576,1248.90002441406,1,4.54250001907349,34.9220008850098,0.0317730009555817,0,183.871994018555,-86.568,26.2251,57.6138252735564,63,63,63,63,61,63,0,8046,1.33458767306251,26,-87,0.001869,51,2025-04-04 14:55:09.001582,1248.90002441406,1.037,0.0011,"aoml_navis",1033.3885076594
"7901009",66,0,1,0.031773,1,0.009345,1,193.104380643006,1,4.83734061053051,1299.30004882812,1,4.49200010299683,34.9249992370605,0.0317730009555817,0,186.210693359375,-86.568,26.2251,57.6138252735564,63,63,63,63,61,63,0,8046,1.33458767306251,26,-87,0.001869,51,2025-04-04 14:55:09.001582,1299.30004882812,1.037,0.0011,"aoml_navis",1033.62578792062
"7901009",66,0,1,0.033642,1,0.011214,1,194.850413313073,1,4.83623706849228,1350.19995117188,1,4.45529985427856,34.9259986877441,0.0336420014500618,0,187.894393920898,-86.568,26.2251,57.6138252735564,63,63,63,63,61,63,0,8046,1.33458767306251,26,-87,0.001869,51,2025-04-04 14:55:09.001582,1350.19995117188,1.037,0.0011,"aoml_navis",1033.86164267559
"7901009",66,0,1,0.033642,1,0.011214,1,196.677130943533,1,4.83515153978591,1399.90002441406,1,4.41120004653931,34.9280014038086,0.0336420014500618,0,189.655899047852,-86.568,26.2251,57.6138252735564,63,63,63,63,61,63,0,8046,1.33458767306251,26,-87,0.001869,51,2025-04-04 14:55:09.001582,1399.90002441406,1.037,0.0011,"aoml_navis",1034.09375256549
"7901009",66,0,1,0.026166,1,0.003738,1,197.756986552891,1,4.83409030298012,1449.59997558594,1,4.39599990844727,34.9290008544922,0.0261659994721413,0,190.697204589844,-86.568,26.2251,57.6138252735564,63,63,63,63,61,63,0,8046,1.33458767306251,26,-87,0.001869,51,2025-04-04 14:55:09.001582,1449.59997558594,1.037,0.0011,"aoml_navis",1034.32076908402
"7901009",66,0,1,0.026166,1,0.003738,1,199.03272353599,1,4.83300067864239,1500.19995117188,1,4.36469984054565,34.9300003051758,0.0261659994721413,0,191.927398681641,-86.568,26.2251,57.6138252735564,63,63,63,63,61,63,0,8046,1.33458767306251,26,-87,0.001869,51,2025-04-04 14:55:09.001582,1500.19995117188,1.037,0.0011,"aoml_navis",1034.55396190934
"7901009",66,0,1,0.029904,1,0.007476,1,200.016545212297,1,4.83195442121733,1549.19995117188,1,4.34579992294312,34.9309997558594,0.0299040004611015,0,192.876098632812,-86.568,26.2251,57.6138252735564,63,63,63,63,61,63,0,8046,1.33458767306251,26,-87,0.001869,51,2025-04-04 14:55:09.001582,1549.19995117188,1.037,0.0011,"aoml_navis",1034.77797266563
"7901009",66,0,1,0.031773,1,0.009345,1,200.765796609555,1,4.83089067278749,1599.30004882812,1,4.33309984207153,34.931999206543,0.0317730009555817,0,193.598602294922,-86.568,26.2251,57.6138252735564,63,63,63,63,61,63,0,8046,1.33458767306251,26,-87,0.001869,51,2025-04-04 14:55:09.001582,1599.30004882812,1.037,0.0011,"aoml_navis",1035.00582784146
"7901009",66,0,4,0.024297,1,0.001869,1,201.39330058864,1,4.82984473437681,1648.80004882812,1,4.32590007781982,34.9329986572266,0.0242970008403063,0,194.203704833984,-86.568,26.2251,57.6138252735564,63,63,63,63,61,63,0,8046,1.33458767306251,26,-87,0.001869,51,2025-04-04 14:55:09.001582,1648.80004882812,1.037,0.0011,"aoml_navis",1035.22996596808
"7901009",66,0,1,0.029904,1,0.007476,1,201.855905965596,1,4.82879031199686,1699,1,4.32019996643066,34.9329986572266,0.0299040004611015,0,194.649795532227,-86.568,26.2251,57.6138252735564,63,63,63,63,61,63,0,8046,1.33458767306251,26,-87,0.001869,51,2025-04-04 14:55:09.001582,1699,1.037,0.0011,"aoml_navis",1035.4560204401
"7901009",66,0,1,0.029904,1,0.007476,1,202.323495802744,1,4.82771385326303,1750.09997558594,1,4.31290006637573,34.9339981079102,0.0299040004611015,0,195.100692749023,-86.568,26.2251,57.6138252735564,63,63,63,63,61,63,0,8046,1.33458767306251,26,-87,0.001869,51,2025-04-04 14:55:09.001582,1750.09997558594,1.037,0.0011,"aoml_navis",1035.6869010827
"7901009",66,0,4,0.022428,1,0,1,202.801465976041,1,4.82668131328718,1799.40002441406,1,4.30730009078979,34.9339981079102,0.0224280003458261,0,195.561599731445,-86.568,26.2251,57.6138252735564,63,63,63,63,61,63,0,8046,1.33458767306251,26,-87,0.001869,51,2025-04-04 14:55:09.001582,1799.40002441406,1.037,0.0011,"aoml_navis",1035.90845872415
"7901009",66,0,1,0.026166,1,0.003738,1,203.222803187335,1,4.82563056126909,1849.5,1,4.30259990692139,34.935001373291,0.0261659994721413,0,195.967895507812,-86.568,26.2251,57.6138252735564,63,63,63,63,61,63,0,8046,1.33458767306251,26,-87,0.001869,51,2025-04-04 14:55:09.001582,1849.5,1.037,0.0011,"aoml_navis",1036.13402155781
"7901009",66,0,1,0.028035,1,0.005607,1,203.902050610328,1,4.82459657637987,1899.09997558594,1,4.29960012435913,34.935001373291,0.0280349999666214,0,196.622894287109,-86.568,26.2251,57.6138252735564,63,63,63,63,61,63,0,8046,1.33458767306251,26,-87,0.001869,51,2025-04-04 14:55:09.001582,1899.09997558594,1.037,0.0011,"aoml_navis",1036.35608093718
"7901009",66,0,1,0.026166,1,0.003738,1,204.138076668227,1,4.82355988105772,1948.80004882812,1,4.29869985580444,34.9360008239746,0.0261659994721413,0,196.850494384766,-86.568,26.2251,57.6138252735564,63,63,63,63,61,63,0,8046,1.33458767306251,26,-87,0.001869,51,2025-04-04 14:55:09.001582,1948.80004882812,1.037,0.0011,"aoml_navis",1036.57881798776
"7901009",66,0,1,0.028035,1,0.005607,1,204.088516892594,1,4.82251175366399,1999.30004882812,1,4.29780006408691,34.9360008239746,0.0280349999666214,0,196.802703857422,-86.568,26.2251,57.6138252735564,63,63,63,63,61,63,0,8046,1.33458767306251,26,-87,0.001869,51,2025-04-04 14:55:09.001582,1999.30004882812,1.037,0.0011,"aoml_navis",1036.80410860609
"7901009",67,0.0436491060075762,5,0.05607,1,0.033642,1,198.927636797064,1,4.88245947063516,2.29999995231628,1,26.068000793457,36.3940010070801,0.0560699999332428,0.0429870001971722,191.82600402832,-85.7774,26.589,9.93430873928346,63,63,63,63,61,63,0.048594,7819,1.11328740596807,27,-86,0.001869,51,2025-04-14 21:50:17.002326,2.29999995231628,1.037,0.0011,"aoml_navis",1024.07404097705
"7901009",67,0.0436491060075762,5,0.059808,1,0.03738,1,198.906480526134,1,4.88241926989862,4,1,26.0620002746582,36.3930015563965,0.0598080009222031,0.0467250011861324,191.805603027344,-85.7774,26.589,9.93430873928346,63,63,63,63,61,63,0.048594,7819,1.11328740596807,27,-86,0.001869,51,2025-04-14 21:50:17.002326,4,1.037,0.0011,"aoml_navis",1024.0824729712
"7901009",67,0.0436491060075762,5,0.065415,1,0.042987,1,198.768039079341,1,4.88235348364281,6,1,26.0429992675781,36.3919982910156,0.0654150024056435,0.0523319989442825,191.672103881836,-85.7774,26.589,9.93430873928346,63,63,63,63,61,63,0.048594,7819,1.11328740596807,27,-86,0.001869,51,2025-04-14 21:50:17.002326,6,1.037,0.0011,"aoml_navis",1024.09627175733
"7901009",67,0.0436491060075762,5,0.071022,1,0.048594,1,198.620878780429,1,4.8822638253783,8.10000038146973,1,26.0069999694824,36.3899993896484,0.0710219964385033,0.0579390004277229,191.530197143555,-85.7774,26.589,9.93430873928346,63,63,63,63,61,63,0.048594,7819,1.11328740596807,27,-86,0.001869,51,2025-04-14 21:50:17.002326,8.10000038146973,1.037,0.0011,"aoml_navis",1024.11507833921
"7901009",67,0.0486855413161427,1,0.076629,1,0.054201,1,198.885324255205,1,4.88207742113158,10,1,25.9009990692139,36.3870010375977,0.0766289979219437,0.0635460019111633,191.785202026367,-85.7774,26.589,9.93430873928346,63,63,63,63,61,63,0.054201,7819,1.11328740596807,27,-86,0.001869,51,2025-04-14 21:50:17.002326,10,1.037,0.0011,"aoml_navis",1024.15418042287
"7901009",67,0.0537219766247092,1,0.082236,1,0.059808,1,199.922756891469,1,4.88176758838174,12,1,25.7299995422363,36.390998840332,0.0822359994053841,0.0691530033946037,192.785598754883,-85.7774,26.589,9.93430873928346,63,63,63,63,61,63,0.059808,7819,1.11328740596807,27,-86,0.001869,51,2025-04-14 21:50:17.002326,12,1.037,0.0011,"aoml_navis",1024.21918075323
"7901009",67,0.0587584119332757,1,0.087843,1,0.065415,1,200.593301496489,1,4.8815628832648,14,1,25.6049995422363,36.3849983215332,0.0878430008888245,0.0747599974274635,193.432205200195,-85.7774,26.589,9.93430873928346,63,63,63,63,61,63,0.065415,7819,1.11328740596807,27,-86,0.001869,51,2025-04-14 21:50:17.002326,14,1.037,0.0011,"aoml_navis",1024.26213070843
"7901009",67,0.072188906089453,1,0.102795,1,0.080367,1,201.458382522458,1,4.88132749105681,15.8999996185303,1,25.4330005645752,36.3689994812012,0.102794997394085,0.0897120013833046,194.266403198242,-85.7774,26.589,9.93430873928346,63,63,63,63,61,63,0.080367,7819,1.11328740596807,27,-86,0.001869,51,2025-04-14 21:50:17.002326,15.8999996185303,1.037,0.0011,"aoml_navis",1024.31152369117
"7901009",67,0.0805829649370638,1,0.11214,1,0.089712,1,202.407155034549,1,4.88100493379191,18,1,25.238000869751,36.367000579834,0.112139999866486,0.0990569964051247,195.181304931641,-85.7774,26.589,9.93430873928346,63,63,63,63,61,63,0.089712,7819,1.11328740596807,27,-86,0.001869,51,2025-04-14 21:50:17.002326,18,1.037,0.0011,"aoml_navis",1024.37921449009
"7901009",67,0.0705100943199309,1,0.100926,1,0.078498,1,203.295465234583,1,4.88065924911454,20,1,25.0470008850098,36.3740005493164,0.100925996899605,0.0878430008888245,196.037902832031,-85.7774,26.589,9.93430873928346,63,63,63,63,61,63,0.078498,7819,1.11328740596807,27,-86,0.001869,51,2025-04-14 21:50:17.002326,20,1.037,0.0011,"aoml_navis",1024.45176866365
"7901009",67,0.0705100943199309,1,0.100926,1,0.078498,1,204.151827408433,1,4.88042887279151,22,1,24.9220008850098,36.3759994506836,0.100925996899605,0.0878430008888245,196.863693237305,-85.7774,26.589,9.93430873928346,63,63,63,63,61,63,0.078498,7819,1.11328740596807,27,-86,0.001869,51,2025-04-14 21:50:17.002326,22,1.037,0.0011,"aoml_navis",1024.50012700218
"7901009",67,0.0705100943199309,1,0.100926,1,0.078498,1,205.224847519133,1,4.88011180536761,24,1,24.681999206543,36.3559989929199,0.100925996899605,0.0878430008888245,197.898406982422,-85.7774,26.589,9.93430873928346,63,63,63,63,61,63,0.078498,7819,1.11328740596807,27,-86,0.001869,51,2025-04-14 21:50:17.002326,24,1.037,0.0011,"aoml_navis",1024.56669015258
"7901009",67,0.0738677178589752,1,0.104664,1,0.082236,1,205.264976392041,1,4.87997541205584,26,1,24.6110000610352,36.3540000915527,0.104663997888565,0.0915810018777847,197.937103271484,-85.7774,26.589,9.93430873928346,63,63,63,63,61,63,0.082236,7819,1.11328740596807,27,-86,0.001869,51,2025-04-14 21:50:17.002326,26,1.037,0.0011,"aoml_navis",1024.59532637145
"7901009",67,0.0839405884761082,1,0.115878,1,0.09345,1,204.740136306632,1,4.87985526771119,28,1,24.6660003662109,36.3979988098145,0.115878000855446,0.102794997394085,197.430999755859,-85.7774,26.589,9.93430873928346,63,63,63,63,61,63,0.09345,7819,1.11328740596807,27,-86,0.001869,51,2025-04-14 21:50:17.002326,28,1.037,0.0011,"aoml_navis",1024.62055239297
"7901009",67,0.0956922708627633,1,0.128961,1,0.106533,1,204.753095907149,1,4.87977454420783,30,1,24.6509990692139,36.4029998779297,0.128960996866226,0.115878000855446,197.443496704102,-85.7774,26.589,9.93430873928346,63,63,63,63,61,63,0.106533,7819,1.11328740596807,27,-86,0.001869,51,2025-04-14 21:50:17.002326,30,1.037,0.0011,"aoml_navis",1024.63750214339
"7901009",67,0.10072870617133,1,0.134568,1,0.11214,1,204.676983967604,1,4.87972485927857,32,1,24.6450004577637,36.4029998779297,0.134568005800247,0.121485002338886,197.370101928711,-85.7774,26.589,9.93430873928346,63,63,63,63,61,63,0.11214,7819,1.11328740596807,27,-86,0.001869,51,2025-04-14 21:50:17.002326,32,1.037,0.0011,"aoml_navis",1024.6479349123
"7901009",67,0.10072870617133,1,0.134568,1,0.11214,1,204.848813396194,1,4.87965708857497,34,1,24.6189994812012,36.4000015258789,0.134568005800247,0.121485002338886,197.535797119141,-85.7774,26.589,9.93430873928346,63,63,63,63,61,63,0.11214,7819,1.11328740596807,27,-86,0.001869,51,2025-04-14 21:50:17.002326,34,1.037,0.0011,"aoml_navis",1024.66216564824
"7901009",67,0.117516823866551,1,0.153258,1,0.13083,1,205.192583019189,1,4.87956337687579,36,1,24.5599994659424,36.390998840332,0.153257995843887,0.140174999833107,197.867294311523,-85.7774,26.589,9.93430873928346,63,63,63,63,61,63,0.13083,7819,1.11328740596807,27,-86,0.001869,51,2025-04-14 21:50:17.002326,36,1.037,0.0011,"aoml_navis",1024.68184421888
"7901009",67,0.122553259175118,1,0.158865,1,0.136437,1,205.355298003459,1,4.87945825661928,38,1,24.4979991912842,36.3839988708496,0.158865004777908,0.145781993865967,198.024200439453,-85.7774,26.589,9.93430873928346,63,63,63,63,61,63,0.136437,7819,1.11328740596807,27,-86,0.001869,51,2025-04-14 21:50:17.002326,38,1.037,0.0011,"aoml_navis",1024.70391937818
"7901009",67,0.127589694483684,1,0.164472,1,0.142044,1,205.428925623979,1,4.87934237169202,40,1,24.4610004425049,36.3899993896484,0.164471998810768,0.151389002799988,198.095199584961,-85.7774,26.589,9.93430873928346,63,63,63,63,61,63,0.142044,7819,1.11328740596807,27,-86,0.001869,51,2025-04-14 21:50:17.002326,40,1.037,0.0011,"aoml_navis",1024.72825621092
"7901009",67,0.12423207094464,1,0.160734,1,0.138306,1,205.420934661511,1,4.879266798236,42,1,24.44700050354,36.3940010070801,0.160733997821808,0.147651001811028,198.087493896484,-85.7774,26.589,9.93430873928346,63,63,63,63,61,63,0.138306,7819,1.11328740596807,27,-86,0.001869,51,2025-04-14 21:50:17.002326,42,1.037,0.0011,"aoml_navis",1024.74412791029
"7901009",67,0.144377812178906,1,0.183162,1,0.160734,1,205.397404837374,1,4.8791251011592,44,1,24.3969993591309,36.4020004272461,0.183162003755569,0.170078992843628,198.064804077148,-85.7774,26.589,9.93430873928346,63,63,63,63,61,63,0.160734,7819,1.11328740596807,27,-86,0.001869,51,2025-04-14 21:50:17.002326,44,1.037,0.0011,"aoml_navis",1024.77388800957
"7901009",67,0.149414247487473,1,0.188769,1,0.166341,1,205.119999762081,1,4.8789761140495,46,1,24.3719997406006,36.4220008850098,0.188768997788429,0.175686001777649,197.797302246094,-85.7774,26.589,9.93430873928346,63,63,63,63,61,63,0.166341,7819,1.11328740596807,27,-86,0.001869,51,2025-04-14 21:50:17.002326,46,1.037,0.0011,"aoml_navis",1024.80518107109
"7901009",67,0.176275235799827,1,0.218673,1,0.196245,1,204.786483888945,1,4.87872082260528,48.0999984741211,1,24.3169994354248,36.4589996337891,0.218673005700111,0.20558999478817,197.475692749023,-85.7774,26.589,9.93430873928346,63,63,63,63,61,63,0.196245,7819,1.11328740596807,27,-86,0.001869,51,2025-04-14 21:50:17.002326,48.0999984741211,1.037,0.0011,"aoml_navis",1024.85880660209
"7901009",67,0.199778600573137,1,0.244839,1,0.222411,1,205.336942525315,1,4.87847570749387,49.9000015258789,1,24.173999786377,36.4599990844727,0.244838997721672,0.231756001710892,198.006500244141,-85.7774,26.589,9.93430873928346,63,63,63,63,61,63,0.222411,7819,1.11328740596807,27,-86,0.001869,51,2025-04-14 21:50:17.002326,49.9000015258789,1.037,0.0011,"aoml_navis",1024.91029981341
"7901009",67,0.211530282959793,1,0.257922,1,0.235494,1,207.09511250511,1,4.87794244728541,52,1,23.8190002441406,36.4560012817383,0.257921993732452,0.244838997721672,199.701904296875,-85.7774,26.589,9.93430873928346,63,63,63,63,61,63,0.235494,7819,1.11328740596807,27,-86,0.001869,51,2025-04-14 21:50:17.002326,52,1.037,0.0011,"aoml_navis",1025.02234375121
"7901009",67,0.20985147119027,1,0.256053,1,0.233625,1,207.857830093051,1,4.87772250852757,54,1,23.7000007629395,36.4589996337891,0.256053000688553,0.242970004677773,200.437393188477,-85.7774,26.589,9.93430873928346,63,63,63,63,61,63,0.233625,7819,1.11328740596807,27,-86,0.001869,51,2025-04-14 21:50:17.002326,54,1.037,0.0011,"aoml_navis",1025.0685624815
"7901009",67,0.238391271272147,1,0.287826,1,0.265398,1,208.195903188347,1,4.87739658435507,56,1,23.5359992980957,36.4739990234375,0.287826001644135,0.274742990732193,200.763397216797,-85.7774,26.589,9.93430873928346,63,63,63,63,61,63,0.265398,7819,1.11328740596807,27,-86,0.001869,51,2025-04-14 21:50:17.002326,56,1.037,0.0011,"aoml_navis",1025.13706103748
"7901009",67,0.256858200736891,1,0.308385,1,0.285957,1,207.919843126539,1,4.87706547055836,58,1,23.3649997711182,36.4879989624023,0.308385014533997,0.295302003622055,200.497192382812,-85.7774,26.589,9.93430873928346,63,63,63,63,61,63,0.285957,7819,1.11328740596807,27,-86,0.001869,51,2025-04-14 21:50:17.002326,58,1.037,0.0011,"aoml_navis",1025.20665965708
"7901009",67,0.283719189049246,1,0.338289,1,0.315861,1,206.132241086961,1,4.87686907144655,60,1,23.2770004272461,36.4970016479492,0.338288992643356,0.325206011533737,198.773406982422,-85.7774,26.589,9.93430873928346,63,63,63,63,61,63,0.315861,7819,1.11328740596807,27,-86,0.001869,51,2025-04-14 21:50:17.002326,60,1.037,0.0011,"aoml_navis",1025.24794632572
"7901009",67,0.335762353904433,1,0.396228,1,0.3738,1,206.207514371039,1,4.87663289962657,62,1,23.1550006866455,36.5040016174316,0.396227985620499,0.38314500451088,198.845993041992,-85.7774,26.589,9.93430873928346,63,63,63,63,61,63,0.3738,7819,1.11328740596807,27,-86,0.001869,51,2025-04-14 21:50:17.002326,62,1.037,0.0011,"aoml_navis",1025.29759834555
"7901009",67,0.3256894832873,4,0.385014,1,0.362586,1,206.441784072694,1,4.87651132745116,64,1,23.0450000762939,36.484001159668,0.385013997554779,0.371930986642838,199.071899414062,-85.7774,26.589,9.93430873928346,63,63,63,63,61,63,0.362586,7819,1.11328740596807,27,-86,0.001869,51,2025-04-14 21:50:17.002326,64,1.037,0.0011,"aoml_navis",1025.32315917195
"7901009",67,0.384447895220575,1,0.450429,1,0.428001,1,203.714935381234,1,4.87636582505095,66,1,22.9799995422363,36.4879989624023,0.450428992509842,0.437346011400223,196.442398071289,-85.7774,26.589,9.93430873928346,63,63,63,63,61,63,0.428001,7819,1.11328740596807,27,-86,0.001869,51,2025-04-14 21:50:17.002326,66,1.037,0.0011,"aoml_navis",1025.35375305805
"7901009",67,0.483497789622383,1,0.5607,1,0.538272,1,200.829422569646,1,4.87613452880569,68,1,22.9389991760254,36.5250015258789,0.560699999332428,0.547617018222809,193.659896850586,-85.7774,26.589,9.93430873928346,63,63,63,63,61,63,0.538272,7819,1.11328740596807,27,-86,0.001869,51,2025-04-14 21:50:17.002326,68,1.037,0.0011,"aoml_navis",1025.40239004125
"7901009",67,0.527146895629959,1,0.609294,1,0.586866,1,199.060365892469,1,4.87603825943851,70,1,22.9330005645752,36.5379981994629,0.60929399728775,0.596211016178131,191.953994750977,-85.7774,26.589,9.93430873928346,63,63,63,63,61,63,0.586866,7819,1.11328740596807,27,-86,0.001869,51,2025-04-14 21:50:17.002326,70,1.037,0.0011,"aoml_navis",1025.42263492735
"7901009",67,0.6362696606489,1,0.730779,1,0.708351,1,197.429133538252,1,4.87586658537943,72,1,22.8409996032715,36.5390014648438,0.730778992176056,0.717696011066437,190.380996704102,-85.7774,26.589,9.93430873928346,63,63,63,63,61,63,0.708351,7819,1.11328740596807,27,-86,0.001869,51,2025-04-14 21:50:17.002326,72,1.037,0.0011,"aoml_navis",1025.45873896402
"7901009",67,0.829333014143949,1,0.945714,1,0.923286,1,196.023040617681,1,4.87572635141894,74,1,22.7689990997314,36.5390014648438,0.945713996887207,0.932631015777588,189.025100708008,-85.7774,26.589,9.93430873928346,63,63,63,63,61,63,0.923286,7819,1.11328740596807,27,-86,0.001869,51,2025-04-14 21:50:17.002326,74,1.037,0.0011,"aoml_navis",1025.48823285476
"7901009",67,0.978747261631421,1,1.112055,1,1.089627,1,193.985914841164,1,4.87562167799531,76,1,22.7280006408691,36.5410003662109,1.11205494403839,1.09897196292877,187.060699462891,-85.7774,26.589,9.93430873928346,63,63,63,63,61,63,1.089627,7819,1.11328740596807,27,-86,0.001869,51,2025-04-14 21:50:17.002326,76,1.037,0.0011,"aoml_navis",1025.51024878859
"7901009",67,1.18020467397408,1,1.336335,1,1.313907,1,190.347115359717,1,4.8755082738078,78,1,22.6989994049072,36.5499992370605,1.33633494377136,1.32325196266174,183.551803588867,-85.7774,26.589,9.93430873928346,63,63,63,63,61,63,1.313907,7819,1.11328740596807,27,-86,0.001869,51,2025-04-14 21:50:17.002326,78,1.037,0.0011,"aoml_navis",1025.53410212859
"7901009",67,1.27086050952828,1,1.437261,1,1.414833,1,187.385585550712,1,4.87532278314033,80,1,22.6490001678467,36.5709991455078,1.43726098537445,1.42417800426483,180.695999145508,-85.7774,26.589,9.93430873928346,63,63,63,63,61,63,1.414833,7819,1.11328740596807,27,-86,0.001869,51,2025-04-14 21:50:17.002326,80,1.037,0.0011,"aoml_navis",1025.57312046924
"7901009",67,1.23056902705975,1,1.392405,1,1.369977,1,184.613734290424,1,4.87524343843692,82,1,22.628999710083,36.5740013122559,1.39240503311157,1.37932205200195,178.023101806641,-85.7774,26.589,9.93430873928346,63,63,63,63,61,63,1.369977,7819,1.11328740596807,27,-86,0.001869,51,2025-04-14 21:50:17.002326,82,1.037,0.0011,"aoml_navis",1025.58981169627
"7901009",67,1.12648269734937,1,1.276527,1,1.254099,1,180.744193789758,1,4.87506753459411,84,1,22.5779991149902,36.5919990539551,1.27652704715729,1.26344394683838,174.291702270508,-85.7774,26.589,9.93430873928346,63,63,63,63,61,63,1.254099,7819,1.11328740596807,27,-86,0.001869,51,2025-04-14 21:50:17.002326,84,1.037,0.0011,"aoml_navis",1025.62681737624
"7901009",67,1.01064468525234,1,1.147566,1,1.125138,1,177.922039025142,1,4.87494668730711,86,1,22.5540008544922,36.6049995422363,1.14756596088409,1.13448297977448,171.570297241211,-85.7774,26.589,9.93430873928346,63,63,63,63,61,63,1.125138,7819,1.11328740596807,27,-86,0.001869,51,2025-04-14 21:50:17.002326,86,1.037,0.0011,"aoml_navis",1025.65224210933
"7901009",67,0.852836378917259,1,0.97188,1,0.949452,1,175.918095522476,1,4.87470070514301,88,1,22.4409999847412,36.6189994812012,0.97188001871109,0.958796977996826,169.637893676758,-85.7774,26.589,9.93430873928346,63,63,63,63,61,63,0.949452,7819,1.11328740596807,27,-86,0.001869,51,2025-04-14 21:50:17.002326,88,1.037,0.0011,"aoml_navis",1025.70399752436
"7901009",67,0.800793214062072,1,0.913941,1,0.891513,1,174.136190010599,1,4.87459683576994,90,1,22.386999130249,36.6160011291504,0.913941025733948,0.900857985019684,167.91960144043,-85.7774,26.589,9.93430873928346,63,63,63,63,61,63,0.891513,7819,1.11328740596807,27,-86,0.001869,51,2025-04-14 21:50:17.002326,90,1.037,0.0011,"aoml_navis",1025.72585353313
"7901009",67,0.735319555050707,1,0.84105,1,0.818622,1,170.213038854802,1,4.8744347598754,92,1,22.3139991760254,36.6220016479492,0.841050028800964,0.8279669880867,164.136505126953,-85.7774,26.589,9.93430873928346,63,63,63,63,61,63,0.818622,7819,1.11328740596807,27,-86,0.001869,51,2025-04-14 21:50:17.002326,92,1.037,0.0011,"aoml_navis",1025.7599591153
"7901009",67,0.658094213652688,1,0.755076,1,0.732648,1,167.467834685198,1,4.87420602860458,94,1,22.2049999237061,36.632999420166,0.755075991153717,0.741993010044098,161.489303588867,-85.7774,26.589,9.93430873928346,63,63,63,63,61,63,0.732648,7819,1.11328740596807,27,-86,0.001869,51,2025-04-14 21:50:17.002326,94,1.037,0.0011,"aoml_navis",1025.80809482759
"7901009",67,0.567438378098491,1,0.65415,1,0.631722,1,165.467309099152,1,4.87402685797196,96,1,22.1189994812012,36.6389999389648,0.654150009155273,0.641067028045654,159.560195922852,-85.7774,26.589,9.93430873928346,63,63,63,63,61,63,0.631722,7819,1.11328740596807,27,-86,0.001869,51,2025-04-14 21:50:17.002326,96,1.037,0.0011,"aoml_navis",1025.84580382892
"7901009",67,0.538898578016614,1,0.622377,1,0.599949,1,162.853093419268,1,4.8738866480752,98,1,22.0590000152588,36.6440010070801,0.622376978397369,0.60929399728775,157.039306640625,-85.7774,26.589,9.93430873928346,63,63,63,63,61,63,0.599949,7819,1.11328740596807,27,-86,0.001869,51,2025-04-14 21:50:17.002326,98,1.037,0.0011,"aoml_navis",1025.87531492441
"7901009",67,0.518752836782348,1,0.599949,1,0.577521,1,160.728336058302,1,4.87374504439466,100,1,22.0300006866455,36.6609992980957,0.59994900226593,0.586866021156311,154.99040222168,-85.7774,26.589,9.93430873928346,63,63,63,63,61,63,0.577521,7819,1.11328740596807,27,-86,0.001869,51,2025-04-14 21:50:17.002326,100,1.037,0.0011,"aoml_navis",1025.90512110406
"7901009",67,0.490213036700472,1,0.568176,1,0.545748,1,159.975872220221,1,4.87361493336024,102,1,21.9720001220703,36.6640014648438,0.568175971508026,0.555092990398407,154.264801025391,-85.7774,26.589,9.93430873928346,63,63,63,63,61,63,0.545748,7819,1.11328740596807,27,-86,0.001869,51,2025-04-14 21:50:17.002326,102,1.037,0.0011,"aoml_navis",1025.93250972182
"7901009",67,0.47342491900525,1,0.549486,1,0.527058,1,159.491999663186,1,4.87350761736086,104,1,21.9039993286133,36.6570014953613,0.549485981464386,0.536403000354767,153.798202514648,-85.7774,26.589,9.93430873928346,63,63,63,63,61,63,0.527058,7819,1.11328740596807,27,-86,0.001869,51,2025-04-14 21:50:17.002326,104,1.037,0.0011,"aoml_navis",1025.95510104232
"7901009",67,0.463352048388117,1,0.538272,1,0.515844,1,158.938945941975,1,4.87337679252232,106,1,21.7859992980957,36.6380004882812,0.538272023200989,0.525188982486725,153.264892578125,-85.7774,26.589,9.93430873928346,63,63,63,63,61,63,0.515844,7819,1.11328740596807,27,-86,0.001869,51,2025-04-14 21:50:17.002326,106,1.037,0.0011,"aoml_navis",1025.98264260461
"7901009",67,0.424739377689107,1,0.495285,1,0.472857,1,156.888449149051,1,4.87311971717794,108,1,21.5240001678467,36.601001739502,0.495285004377365,0.482201993465424,151.28759765625,-85.7774,26.589,9.93430873928346,63,63,63,63,61,63,0.472857,7819,1.11328740596807,27,-86,0.001869,51,2025-04-14 21:50:17.002326,108,1.037,0.0011,"aoml_navis",1026.03676703751
"7901009",67,0.414666507071974,1,0.484071,1,0.461643,1,154.013411618956,1,4.87286286838758,110,1,21.3339996337891,36.5909996032715,0.484070986509323,0.470988005399704,148.515197753906,-85.7774,26.589,9.93430873928346,63,63,63,63,61,63,0.461643,7819,1.11328740596807,27,-86,0.001869,51,2025-04-14 21:50:17.002326,110,1.037,0.0011,"aoml_navis",1026.09084947521
"7901009",67,0.374375024603442,1,0.439215,1,0.416787,1,150.820729374844,1,4.87268110316515,112,1,21.2849998474121,36.6119995117188,0.439215004444122,0.426131993532181,145.436492919922,-85.7774,26.589,9.93430873928346,63,63,63,63,61,63,0.416787,7819,1.11328740596807,27,-86,0.001869,51,2025-04-14 21:50:17.002326,112,1.037,0.0011,"aoml_navis",1026.12912565777
"7901009",67,0.337441165673955,1,0.398097,1,0.375669,1,149.398053229191,1,4.87248235317889,114,1,21.2970008850098,36.6599998474121,0.398097008466721,0.385013997554779,144.064605712891,-85.7774,26.589,9.93430873928346,63,63,63,63,61,63,0.375669,7819,1.11328740596807,27,-86,0.001869,51,2025-04-14 21:50:17.002326,114,1.037,0.0011,"aoml_navis",1026.17098176619
"7901009",67,0.332404730365388,1,0.39249,1,0.370062,1,148.740578990505,1,4.87240911926523,116,1,21.3110008239746,36.673999786377,0.3924899995327,0.379406988620758,143.430603027344,-85.7774,26.589,9.93430873928346,63,63,63,63,61,63,0.370062,7819,1.11328740596807,27,-86,0.001869,51,2025-04-14 21:50:17.002326,116,1.037,0.0011,"aoml_navis",1026.18640545398
"7901009",67,0.332404730365388,1,0.39249,1,0.370062,1,148.266137351551,1,4.87234551363382,118,1,21.2940006256104,36.673999786377,0.3924899995327,0.379406988620758,142.973098754883,-85.7774,26.589,9.93430873928346,63,63,63,63,61,63,0.370062,7819,1.11328740596807,27,-86,0.001869,51,2025-04-14 21:50:17.002326,118,1.037,0.0011,"aoml_navis",1026.19980171952
"7901009",67,0.364302153986309,1,0.428001,1,0.405573,1,147.508799817549,1,4.87226956194745,120,1,21.2430000305176,36.6650009155273,0.42800098657608,0.414918005466461,142.242797851562,-85.7774,26.589,9.93430873928346,63,63,63,63,61,63,0.405573,7819,1.11328740596807,27,-86,0.001869,51,2025-04-14 21:50:17.002326,120,1.037,0.0011,"aoml_navis",1026.2157987009
"7901009",67,0.340798789212999,1,0.401835,1,0.379407,1,146.684892027899,1,4.87212003494806,122,1,21.1469993591309,36.6599998474121,0.40183499455452,0.388752013444901,141.448303222656,-85.7774,26.589,9.93430873928346,63,63,63,63,61,63,0.379407,7819,1.11328740596807,27,-86,0.001869,51,2025-04-14 21:50:17.002326,122,1.037,0.0011,"aoml_navis",1026.24729360825
"7901009",67,0.359265718677743,1,0.422394,1,0.399966,1,146.035709401753,1,4.87201547558715,124,1,21.0849990844727,36.6549987792969,0.422394007444382,0.40931099653244,140.822296142578,-85.7774,26.589,9.93430873928346,63,63,63,63,61,63,0.399966,7819,1.11328740596807,27,-86,0.001869,51,2025-04-14 21:50:17.002326,124,1.037,0.0011,"aoml_navis",1026.26931811981
"7901009",67,0.329047106826344,1,0.388752,1,0.366324,1,144.697753281948,1,4.87194414833127,126,1,21.0510005950928,36.6510009765625,0.388752013444901,0.375669002532959,139.532104492188,-85.7774,26.589,9.93430873928346,63,63,63,63,61,63,0.366324,7819,1.11328740596807,27,-86,0.001869,51,2025-04-14 21:50:17.002326,126,1.037,0.0011,"aoml_navis",1026.28434312257
"7901009",67,0.298828494974945,1,0.35511,1,0.332682,1,142.813690039987,1,4.87172516601343,128,1,20.9869995117188,36.6769981384277,0.355109989643097,0.342027008533478,137.715301513672,-85.7774,26.589,9.93430873928346,63,63,63,63,61,63,0.332682,7819,1.11328740596807,27,-86,0.001869,51,2025-04-14 21:50:17.002326,128,1.037,0.0011,"aoml_navis",1026.33047423969
"7901009",67,0.285398000818768,1,0.340158,1,0.31773,1,142.088711948057,1,4.8714308723795,130,1,20.8680000305176,36.7039985656738,0.340157985687256,0.327075004577637,137.016204833984,-85.7774,26.589,9.93430873928346,63,63,63,63,61,63,0.31773,7819,1.11328740596807,27,-86,0.001869,51,2025-04-14 21:50:17.002326,130,1.037,0.0011,"aoml_navis",1026.39247707475
"7901009",67,0.265252259584502,1,0.31773,1,0.295302,1,141.832146669933,1,4.87120592453068,132,1,20.738000869751,36.7080001831055,0.317730009555817,0.304646998643875,136.768798828125,-85.7774,26.589,9.93430873928346,63,63,63,63,61,63,0.295302,7819,1.11328740596807,27,-86,0.001869,51,2025-04-14 21:50:17.002326,132,1.037,0.0011,"aoml_navis",1026.43987494364
"7901009",67,0.255179388967369,1,0.306516,1,0.284088,1,141.559615290561,1,4.87106782538701,134,1,20.6550006866455,36.7050018310547,0.306515991687775,0.293433010578156,136.505996704102,-85.7774,26.589,9.93430873928346,63,63,63,63,61,63,0.284088,7819,1.11328740596807,27,-86,0.001869,51,2025-04-14 21:50:17.002326,134,1.037,0.0011,"aoml_navis",1026.46897543512
"7901009",67,0.236712459502625,1,0.285957,1,0.263529,1,141.525705127059,1,4.87087415283163,136,1,20.511999130249,36.6959991455078,0.285957008600235,0.272873997688293,136.473297119141,-85.7774,26.589,9.93430873928346,63,63,63,63,61,63,0.263529,7819,1.11328740596807,27,-86,0.001869,51,2025-04-14 21:50:17.002326,136,1.037,0.0011,"aoml_navis",1026.50978923225
"7901009",67,0.238391271272147,1,0.287826,1,0.265398,1,141.4270919031,1,4.87075099128377,138,1,20.4260005950928,36.6879997253418,0.287826001644135,0.274742990732193,136.378204345703,-85.7774,26.589,9.93430873928346,63,63,63,63,61,63,0.265398,7819,1.11328740596807,27,-86,0.001869,51,2025-04-14 21:50:17.002326,138,1.037,0.0011,"aoml_navis",1026.53574550362
"7901009",67,0.226639588885492,1,0.274743,1,0.252315,1,141.677216940186,1,4.87051795077882,140,1,20.2399997711182,36.6749992370605,0.274742990732193,0.261660009622574,136.619400024414,-85.7774,26.589,9.93430873928346,63,63,63,63,61,63,0.252315,7819,1.11328740596807,27,-86,0.001869,51,2025-04-14 21:50:17.002326,140,1.037,0.0011,"aoml_navis",1026.58486233491
"7901009",67,0.223281965346448,1,0.271005,1,0.248577,1,141.589996771627,1,4.8703236113674,142,1,20.0890007019043,36.6640014648438,0.271005004644394,0.257921993732452,136.535293579102,-85.7774,26.589,9.93430873928346,63,63,63,63,61,63,0.248577,7819,1.11328740596807,27,-86,0.001869,51,2025-04-14 21:50:17.002326,142,1.037,0.0011,"aoml_navis",1026.62582591636
"7901009",67,0.229997212424536,1,0.278481,1,0.256053,1,140.919151516534,1,4.87022034756452,144,1,20.0090007781982,36.6529998779297,0.278481006622314,0.265397995710373,135.888397216797,-85.7774,26.589,9.93430873928346,63,63,63,63,61,63,0.256053,7819,1.11328740596807,27,-86,0.001869,51,2025-04-14 21:50:17.002326,144,1.037,0.0011,"aoml_navis",1026.64759357354
"7901009",67,0.208172659420748,1,0.254184,1,0.231756,1,140.348691738462,1,4.87008598178031,146,1,19.8899993896484,36.6370010375977,0.254184007644653,0.241100996732712,135.338302612305,-85.7774,26.589,9.93430873928346,63,63,63,63,61,63,0.231756,7819,1.11328740596807,27,-86,0.001869,51,2025-04-14 21:50:17.002326,146,1.037,0.0011,"aoml_navis",1026.67591880425
"7901009",67,0.198099788803615,1,0.24297,1,0.220542,1,138.039556764279,1,4.87000605167631,148,1,19.8479995727539,36.632999420166,0.242970004677773,0.229886993765831,133.111602783203,-85.7774,26.589,9.93430873928346,63,63,63,63,61,63,0.220542,7819,1.11328740596807,27,-86,0.001869,51,2025-04-14 21:50:17.002326,148,1.037,0.0011,"aoml_navis",1026.69276936092
"7901009",67,0.169559988721738,1,0.211197,1,0.188769,1,134.66094618552,1,4.86976277021013,150,1,19.5639991760254,36.5900001525879,0.211197003722191,0.198113992810249,129.853607177734,-85.7774,26.589,9.93430873928346,63,63,63,63,61,63,0.188769,7819,1.11328740596807,27,-86,0.001869,51,2025-04-14 21:50:17.002326,150,1.037,0.0011,"aoml_navis",1026.74406042663
"7901009",67,0.149414247487473,1,0.188769,1,0.166341,1,133.231086085491,1,4.86957488160018,152,1,19.3190002441406,36.5460014343262,0.188768997788429,0.175686001777649,128.474792480469,-85.7774,26.589,9.93430873928346,63,63,63,63,61,63,0.166341,7819,1.11328740596807,27,-86,0.001869,51,2025-04-14 21:50:17.002326,152,1.037,0.0011,"aoml_navis",1026.78367651612
"7901009",67,0.125910882714162,1,0.162603,1,0.140175,1,132.303169194255,1,4.86946439987635,154,1,19.2019996643066,36.5250015258789,0.162603005766869,0.149519994854927,127.580001831055,-85.7774,26.589,9.93430873928346,63,63,63,63,61,63,0.140175,7819,1.11328740596807,27,-86,0.001869,51,2025-04-14 21:50:17.002326,154,1.037,0.0011,"aoml_navis",1026.80697288329
"7901009",67,0.115838012097029,1,0.151389,1,0.128961,1,131.10738099978,1,4.86935142141965,156,1,19.1060009002686,36.5120010375977,0.151389002799988,0.138306006789207,126.426902770996,-85.7774,26.589,9.93430873928346,63,63,63,63,61,63,0.128961,7819,1.11328740596807,27,-86,0.001869,51,2025-04-14 21:50:17.002326,156,1.037,0.0011,"aoml_navis",1026.83079680913
"7901009",67,0.0906558355541968,1,0.123354,1,0.100926,1,131.329506020853,1,4.86916094782991,158,1,18.9290008544922,36.4930000305176,0.123354002833366,0.110270999372005,126.641098022461,-85.7774,26.589,9.93430873928346,63,63,63,63,61,63,0.100926,7819,1.11328740596807,27,-86,0.001869,51,2025-04-14 21:50:17.002326,158,1.037,0.0011,"aoml_navis",1026.87096474566
"7901009",67,0.0839405884761082,1,0.115878,1,0.09345,1,131.409977386457,1,4.86907375862379,160,1,18.8680000305176,36.4850006103516,0.115878000855446,0.102794997394085,126.718696594238,-85.7774,26.589,9.93430873928346,63,63,63,63,61,63,0.09345,7819,1.11328740596807,27,-86,0.001869,51,2025-04-14 21:50:17.002326,160,1.037,0.0011,"aoml_navis",1026.88935265035
"7901009",67,0.0772253413980195,1,0.108402,1,0.085974,1,132.170012859272,1,4.86892530384114,162,1,18.7329998016357,36.4690017700195,0.108401998877525,0.095319002866745,127.451599121094,-85.7774,26.589,9.93430873928346,63,63,63,63,61,63,0.085974,7819,1.11328740596807,27,-86,0.001869,51,2025-04-14 21:50:17.002326,162,1.037,0.0011,"aoml_navis",1026.92066277038
"7901009",67,0.0587584119332757,1,0.087843,1,0.065415,1,133.29300417685,1,4.86876066133112,164,1,18.5960006713867,36.4570007324219,0.0878430008888245,0.0747599974274635,128.53450012207,-85.7774,26.589,9.93430873928346,63,63,63,63,61,63,0.065415,7819,1.11328740596807,27,-86,0.001869,51,2025-04-14 21:50:17.002326,164,1.037,0.0011,"aoml_navis",1026.95538922486
"7901009",67,0.0587584119332757,1,0.087843,1,0.065415,1,134.561589248222,1,4.8686161043412,166,1,18.4659996032715,36.4420013427734,0.0878430008888245,0.0747599974274635,129.757797241211,-85.7774,26.589,9.93430873928346,63,63,63,63,61,63,0.065415,7819,1.11328740596807,27,-86,0.001869,51,2025-04-14 21:50:17.002326,166,1.037,0.0011,"aoml_navis",1026.98588117097
"7901009",67,0.0503643530856649,1,0.078498,1,0.05607,1,135.678045382633,1,4.86847580834287,168,1,18.3479995727539,36.4300003051758,0.0784979984164238,0.0654150024056435,130.834396362305,-85.7774,26.589,9.93430873928346,63,63,63,63,61,63,0.05607,7819,1.11328740596807,27,-86,0.001869,51,2025-04-14 21:50:17.002326,168,1.037,0.0011,"aoml_navis",1027.01547606167
"7901009",67,0.0302186118513989,1,0.05607,1,0.033642,1,136.643923301513,1,4.86820376388901,170,1,18.0769996643066,36.4039993286133,0.0560699999332428,0.0429870001971722,131.76579284668,-85.7774,26.589,9.93430873928346,63,63,63,63,61,63,0.033642,7819,1.11328740596807,27,-86,0.001869,51,2025-04-14 21:50:17.002326,170,1.037,0.0011,"aoml_navis",1027.07286763316
"7901009",67,0.0235033647733103,1,0.048594,1,0.026166,1,136.618621224313,1,4.8681033852136,172,1,17.9909992218018,36.3919982910156,0.0485940016806126,0.0355109982192516,131.741394042969,-85.7774,26.589,9.93430873928346,63,63,63,63,61,63,0.026166,7819,1.11328740596807,27,-86,0.001869,51,2025-04-14 21:50:17.002326,172,1.037,0.0011,"aoml_navis",1027.09404553466
"7901009",67,0.0134304941561773,1,0.03738,1,0.014952,1,136.552161734481,1,4.8680019696877,174,1,17.9099998474121,36.3819999694824,0.0373799987137318,0.0242970008403063,131.677307128906,-85.7774,26.589,9.93430873928346,63,63,63,63,61,63,0.014952,7819,1.11328740596807,27,-86,0.001869,51,2025-04-14 21:50:17.002326,174,1.037,0.0011,"aoml_navis",1027.11544307793
"7901009",67,0.0167881176952216,1,0.041118,1,0.01869,1,136.359888100925,1,4.86793005194525,176,1,17.8689994812012,36.3769989013672,0.041117999702692,0.0280349999666214,131.491897583008,-85.7774,26.589,9.93430873928346,63,63,63,63,61,63,0.01869,7819,1.11328740596807,27,-86,0.001869,51,2025-04-14 21:50:17.002326,176,1.037,0.0011,"aoml_navis",1027.13061745864
"7901009",67,0.0117516823866551,1,0.035511,1,0.013083,1,136.220623822352,1,4.86784660046197,178,1,17.8090000152588,36.3689994812012,0.0355109982192516,0.0224280003458261,131.357604980469,-85.7774,26.589,9.93430873928346,63,63,63,63,61,63,0.013083,7819,1.11328740596807,27,-86,0.001869,51,2025-04-14 21:50:17.002326,178,1.037,0.0011,"aoml_navis",1027.1482259785
"7901009",67,0.020145741234266,1,0.044856,1,0.022428,1,135.975150949554,1,4.86780184555736,180,1,17.7970008850098,36.3660011291504,0.0448560006916523,0.0317730009555817,131.120895385742,-85.7774,26.589,9.93430873928346,63,63,63,63,61,63,0.022428,7819,1.11328740596807,27,-86,0.001869,51,2025-04-14 21:50:17.002326,180,1.037,0.0011,"aoml_navis",1027.15766964986
"7901009",67,0.0117516823866551,1,0.035511,1,0.013083,1,135.609607931795,1,4.8677619997003,182,1,17.7830009460449,36.3610000610352,0.0355109982192516,0.0224280003458261,130.768402099609,-85.7774,26.589,9.93430873928346,63,63,63,63,61,63,0.013083,7819,1.11328740596807,27,-86,0.001869,51,2025-04-14 21:50:17.002326,182,1.037,0.0011,"aoml_navis",1027.16607761592
"7901009",67,0.0117516823866551,1,0.035511,1,0.013083,1,135.500297894711,1,4.86763345628934,184,1,17.6630001068115,36.3460006713867,0.0355109982192516,0.0224280003458261,130.662994384766,-85.7774,26.589,9.93430873928346,63,63,63,63,61,63,0.013083,7819,1.11328740596807,27,-86,0.001869,51,2025-04-14 21:50:17.002326,184,1.037,0.0011,"aoml_navis",1027.19320279542
"7901009",67,0.010072870617133,1,0.033642,1,0.011214,1,135.49843069952,1,4.86753481567372,186,1,17.568000793457,36.3310012817383,0.0336420014500618,0.020558999851346,130.661193847656,-85.7774,26.589,9.93430873928346,63,63,63,63,61,63,0.011214,7819,1.11328740596807,27,-86,0.001869,51,2025-04-14 21:50:17.002326,186,1.037,0.0011,"aoml_navis",1027.21401887044
"7901009",67,0.0134304941561773,1,0.03738,1,0.014952,1,135.725959510064,1,4.86742718842711,188,1,17.4650001525879,36.3160018920898,0.0373799987137318,0.0242970008403063,130.880599975586,-85.7774,26.589,9.93430873928346,63,63,63,63,61,63,0.014952,7819,1.11328740596807,27,-86,0.001869,51,2025-04-14 21:50:17.002326,188,1.037,0.0011,"aoml_navis",1027.23673235176
"7901009",67,0.00503643530856649,4,0.028035,1,0.005607,1,135.869385418595,1,4.86734717314707,189.899993896484,1,17.3959999084473,36.3050003051758,0.0280349999666214,0.0149520002305508,131.018905639648,-85.7774,26.589,9.93430873928346,63,63,63,63,61,63,0.005607,7819,1.11328740596807,27,-86,0.001869,51,2025-04-14 21:50:17.002326,189.899993896484,1.037,0.0011,"aoml_navis",1027.25361929898
"7901009",67,0.0134304941561773,1,0.03738,1,0.014952,1,136.176238377358,1,4.86725999259103,192,1,17.318000793457,36.2919998168945,0.0373799987137318,0.0242970008403063,131.314804077148,-85.7774,26.589,9.93430873928346,63,63,63,63,61,63,0.014952,7819,1.11328740596807,27,-86,0.001869,51,2025-04-14 21:50:17.002326,192,1.037,0.0011,"aoml_navis",1027.27201908487
"7901009",67,0.0151093059256995,1,0.039249,1,0.016821,1,137.481629347146,1,4.86714777517811,194,1,17.2070007324219,36.2760009765625,0.0392489992082119,0.0261659994721413,132.573593139648,-85.7774,26.589,9.93430873928346,63,63,63,63,61,63,0.016821,7819,1.11328740596807,27,-86,0.001869,51,2025-04-14 21:50:17.002326,194,1.037,0.0011,"aoml_navis",1027.29570396433
"7901009",67,0.00167881176952216,1,0.024297,1,0.001869,1,138.469090776532,1,4.86708375657874,196,1,17.1749992370605,36.2719993591309,0.0242970008403063,0.0112140001729131,133.525802612305,-85.7774,26.589,9.93430873928346,63,63,63,63,61,63,0.001869,7819,1.11328740596807,27,-86,0.001869,51,2025-04-14 21:50:17.002326,196,1.037,0.0011,"aoml_navis",1027.30921637451
"7901009",67,0.00335762353904433,1,0.026166,1,0.003738,1,138.962093601575,1,4.86700195425868,198,1,17.1149997711182,36.2639999389648,0.0261659994721413,0.0130829997360706,134.001205444336,-85.7774,26.589,9.93430873928346,63,63,63,63,61,63,0.003738,7819,1.11328740596807,27,-86,0.001869,51,2025-04-14 21:50:17.002326,198,1.037,0.0011,"aoml_navis",1027.32648291315
"7901009",67,-0.00335762353904433,1,0.01869,1,-0.003738,1,138.474059414582,1,4.86690949429468,200,1,17.0330009460449,36.2519989013672,0.0186899993568659,0.00560700008645654,133.53059387207,-85.7774,26.589,9.93430873928346,63,63,63,63,61,63,-0.003738,7819,1.11328740596807,27,-86,0.001869,51,2025-04-14 21:50:17.002326,200,1.037,0.0011,"aoml_navis",1027.34599972762
"7901009",67,-0.00167881176952216,1,0.020559,1,-0.001869,1,137.505491468733,1,4.86682323088294,202,1,16.9529991149902,36.2389984130859,0.020558999851346,0.00747600011527538,132.596603393555,-85.7774,26.589,9.93430873928346,63,63,63,63,61,63,-0.001869,7819,1.11328740596807,27,-86,0.001869,51,2025-04-14 21:50:17.002326,202,1.037,0.0011,"aoml_navis",1027.36420921803
"7901009",67,-0.00335762353904433,1,0.01869,1,-0.003738,1,136.36610681033,1,4.86674334994823,204,1,16.8719997406006,36.2239990234375,0.0186899993568659,0.00560700008645654,131.497894287109,-85.7774,26.589,9.93430873928346,63,63,63,63,61,63,-0.003738,7819,1.11328740596807,27,-86,0.001869,51,2025-04-14 21:50:17.002326,204,1.037,0.0011,"aoml_navis",1027.38107199616
"7901009",67,0.00167881176952216,1,0.024297,1,0.001869,1,135.479869513432,1,4.86661669812058,206,1,16.7369995117188,36.2050018310547,0.0242970008403063,0.0112140001729131,130.643295288086,-85.7774,26.589,9.93430873928346,63,63,63,63,61,63,0.001869,7819,1.11328740596807,27,-86,0.001869,51,2025-04-14 21:50:17.002326,206,1.037,0.0011,"aoml_navis",1027.40780919338
"7901009",67,0.00167881176952216,1,0.024297,1,0.001869,1,134.603078958302,1,4.86653345437223,208,1,16.6620006561279,36.193000793457,0.0242970008403063,0.0112140001729131,129.797805786133,-85.7774,26.589,9.93430873928346,63,63,63,63,61,63,0.001869,7819,1.11328740596807,27,-86,0.001869,51,2025-04-14 21:50:17.002326,208,1.037,0.0011,"aoml_navis",1027.42538336151
"7901009",67,-0.00167881176952216,1,0.020559,1,-0.001869,1,133.454152616002,1,4.86646020568145,210,1,16.5860004425049,36.1780014038086,0.020558999851346,0.00747600011527538,128.689895629883,-85.7774,26.589,9.93430873928346,63,63,63,63,61,63,-0.001869,7819,1.11328740596807,27,-86,0.001869,51,2025-04-14 21:50:17.002326,210,1.037,0.0011,"aoml_navis",1027.44084790062
"7901009",67,0.00335762353904433,1,0.026166,1,0.003738,1,132.543649693472,1,4.86634356517775,212,1,16.4519996643066,36.1570014953613,0.0261659994721413,0.0130829997360706,127.811897277832,-85.7774,26.589,9.93430873928346,63,63,63,63,61,63,0.003738,7819,1.11328740596807,27,-86,0.001869,51,2025-04-14 21:50:17.002326,212,1.037,0.0011,"aoml_navis",1027.46547444341
"7901009",67,0.00167881176952216,1,0.024297,1,0.001869,1,132.781645873663,1,4.86624258204139,214,1,16.3409996032715,36.1389999389648,0.0242970008403063,0.0112140001729131,128.041397094727,-85.7774,26.589,9.93430873928346,63,63,63,63,61,63,0.001869,7819,1.11328740596807,27,-86,0.001869,51,2025-04-14 21:50:17.002326,214,1.037,0.0011,"aoml_navis",1027.48679616841
"7901009",67,0.00335762353904433,1,0.026166,1,0.003738,1,133.551120176404,1,4.86619448805483,216,1,16.3190002441406,36.1339988708496,0.0261659994721413,0.0130829997360706,128.783401489258,-85.7774,26.589,9.93430873928346,63,63,63,63,61,63,0.003738,7819,1.11328740596807,27,-86,0.001869,51,2025-04-14 21:50:17.002326,216,1.037,0.0011,"aoml_navis",1027.49695111316
"7901009",67,0.00503643530856649,1,0.028035,1,0.005607,1,134.88369624227,1,4.86612006499197,218,1,16.253999710083,36.1230010986328,0.0280349999666214,0.0149520002305508,130.068405151367,-85.7774,26.589,9.93430873928346,63,63,63,63,61,63,0.005607,7819,1.11328740596807,27,-86,0.001869,51,2025-04-14 21:50:17.002326,218,1.037,0.0011,"aoml_navis",1027.51266578299
"7901009",67,0.00671524707808865,1,0.029904,1,0.007476,1,136.021925771445,1,4.86602826143756,220,1,16.1700000762939,36.1110000610352,0.0299040004611015,0.0168210007250309,131.166000366211,-85.7774,26.589,9.93430873928346,63,63,63,63,61,63,0.007476,7819,1.11328740596807,27,-86,0.001869,51,2025-04-14 21:50:17.002326,220,1.037,0.0011,"aoml_navis",1027.53205106188
"7901009",67,0.00335762353904433,1,0.026166,1,0.003738,1,136.408735825951,1,4.86595282320959,222,1,16.1070003509521,36.101001739502,0.0261659994721413,0.0130829997360706,131.539001464844,-85.7774,26.589,9.93430873928346,63,63,63,63,61,63,0.003738,7819,1.11328740596807,27,-86,0.001869,51,2025-04-14 21:50:17.002326,222,1.037,0.0011,"aoml_navis",1027.54798117874
"7901009",67,0.00167881176952216,1,0.024297,1,0.001869,1,136.277446686158,1,4.86584947088845,224,1,15.9989995956421,36.0849990844727,0.0242970008403063,0.0112140001729131,131.412399291992,-85.7774,26.589,9.93430873928346,63,63,63,63,61,63,0.001869,7819,1.11328740596807,27,-86,0.001869,51,2025-04-14 21:50:17.002326,224,1.037,0.0011,"aoml_navis",1027.56980665229
"7901009",67,0.00167881176952216,1,0.024297,1,0.001869,1,135.486610404543,1,4.86577245333033,226,1,15.9209995269775,36.0709991455078,0.0242970008403063,0.0112140001729131,130.649795532227,-85.7774,26.589,9.93430873928346,63,63,63,63,61,63,0.001869,7819,1.11328740596807,27,-86,0.001869,51,2025-04-14 21:50:17.002326,226,1.037,0.0011,"aoml_navis",1027.58607147315
"7901009",67,-0.00335762353904433,1,0.01869,1,-0.003738,1,134.651499443751,1,4.86566476225785,228,1,15.8050003051758,36.0540008544922,0.0186899993568659,0.00560700008645654,129.844497680664,-85.7774,26.589,9.93430873928346,63,63,63,63,61,63,-0.003738,7819,1.11328740596807,27,-86,0.001869,51,2025-04-14 21:50:17.002326,228,1.037,0.0011,"aoml_navis",1027.60881489086
"7901009",67,0.00335762353904433,1,0.026166,1,0.003738,1,133.873844294286,1,4.86560570733186,230,1,15.7659997940063,36.0470008850098,0.0261659994721413,0.0130829997360706,129.094604492188,-85.7774,26.589,9.93430873928346,63,63,63,63,61,63,0.003738,7819,1.11328740596807,27,-86,0.001869,51,2025-04-14 21:50:17.002326,230,1.037,0.0011,"aoml_navis",1027.62128720493
"7901009",67,-0.00503643530856649,1,0.016821,1,-0.005607,1,133.011041879397,1,4.86555370168056,232,1,15.7399997711182,36.0419998168945,0.0168210007250309,0.00373800005763769,128.262603759766,-85.7774,26.589,9.93430873928346,63,63,63,63,61,63,-0.005607,7819,1.11328740596807,27,-86,0.001869,51,2025-04-14 21:50:17.002326,232,1.037,0.0011,"aoml_navis",1027.63227097319
"7901009",67,-0.00167881176952216,1,0.020559,1,-0.001869,1,131.840761470067,1,4.86549509586154,234,1,15.6979999542236,36.0340003967285,0.020558999851346,0.00747600011527538,127.134101867676,-85.7774,26.589,9.93430873928346,63,63,63,63,61,63,-0.001869,7819,1.11328740596807,27,-86,0.001869,51,2025-04-14 21:50:17.002326,234,1.037,0.0011,"aoml_navis",1027.64464900044
"7901009",67,0,1,0.022428,1,0,1,130.496159401279,1,4.86541831012729,236,1,15.6160001754761,36.0190010070801,0.0224280003458261,0.00934499967843294,125.837501525879,-85.7774,26.589,9.93430873928346,63,63,63,63,61,63,0,7819,1.11328740596807,27,-86,0.001869,51,2025-04-14 21:50:17.002326,236,1.037,0.0011,"aoml_navis",1027.66086722545
"7901009",67,0.00167881176952216,1,0.024297,1,0.001869,1,130.086745208387,1,4.8653028077845,238,1,15.4680004119873,35.9949989318848,0.0242970008403063,0.0112140001729131,125.44270324707,-85.7774,26.589,9.93430873928346,63,63,63,63,61,63,0.001869,7819,1.11328740596807,27,-86,0.001869,51,2025-04-14 21:50:17.002326,238,1.037,0.0011,"aoml_navis",1027.68526390587
"7901009",67,0.00335762353904433,1,0.026166,1,0.003738,1,130.518352123776,1,4.86522671133735,240,1,15.3959999084473,35.9830017089844,0.0261659994721413,0.0130829997360706,125.858901977539,-85.7774,26.589,9.93430873928346,63,63,63,63,61,63,0.003738,7819,1.11328740596807,27,-86,0.001869,51,2025-04-14 21:50:17.002326,240,1.037,0.0011,"aoml_navis",1027.70133781199
"7901009",67,-0.00167881176952216,1,0.020559,1,-0.001869,1,130.70584700354,1,4.8651484054719,242,1,15.3149995803833,35.9690017700195,0.020558999851346,0.00747600011527538,126.039703369141,-85.7774,26.589,9.93430873928346,63,63,63,63,61,63,-0.001869,7819,1.11328740596807,27,-86,0.001869,51,2025-04-14 21:50:17.002326,242,1.037,0.0011,"aoml_navis",1027.71787894002
"7901009",67,0.00167881176952216,1,0.024297,1,0.001869,1,130.201332445437,1,4.86506458169774,244,1,15.2320003509521,35.9560012817383,0.0242970008403063,0.0112140001729131,125.553199768066,-85.7774,26.589,9.93430873928346,63,63,63,63,61,63,0.001869,7819,1.11328740596807,27,-86,0.001869,51,2025-04-14 21:50:17.002326,244,1.037,0.0011,"aoml_navis",1027.73558624687
"7901009",67,0.00335762353904433,1,0.026166,1,0.003738,1,129.606290567972,1,4.86496560705352,246,1,15.121000289917,35.9389991760254,0.0261659994721413,0.0130829997360706,124.979400634766,-85.7774,26.589,9.93430873928346,63,63,63,63,61,63,0.003738,7819,1.11328740596807,27,-86,0.001869,51,2025-04-14 21:50:17.002326,246,1.037,0.0011,"aoml_navis",1027.75649487649
"7901009",67,-0.00335762353904433,1,0.01869,1,-0.003738,1,129.19573706954,1,4.86490187271291,248,1,15.0629997253418,35.9280014038086,0.0186899993568659,0.00560700008645654,124.583503723145,-85.7774,26.589,9.93430873928346,63,63,63,63,61,63,-0.003738,7819,1.11328740596807,27,-86,0.001869,51,2025-04-14 21:50:17.002326,248,1.037,0.0011,"aoml_navis",1027.76995935825
"7901009",67,0.00167881176952216,1,0.024297,1,0.001869,1,128.531830501659,1,4.86482531870933,250,1,14.9860000610352,35.9150009155273,0.0242970008403063,0.0112140001729131,123.943298339844,-85.7774,26.589,9.93430873928346,63,63,63,63,61,63,0.001869,7819,1.11328740596807,27,-86,0.001869,51,2025-04-14 21:50:17.002326,250,1.037,0.0011,"aoml_navis",1027.78613258133
"7901009",67,0.00167881176952216,1,0.024297,1,0.001869,1,128.65596733445,1,4.86471120423351,252,1,14.83899974823,35.8919982910156,0.0242970008403063,0.0112140001729131,124.063003540039,-85.7774,26.589,9.93430873928346,63,63,63,63,61,63,0.001869,7819,1.11328740596807,27,-86,0.001869,51,2025-04-14 21:50:17.002326,252,1.037,0.0011,"aoml_navis",1027.81024198287
"7901009",67,-0.00335762353904433,1,0.01869,1,-0.003738,1,128.745458202246,1,4.86463163267462,254,1,14.7550001144409,35.8779983520508,0.0186899993568659,0.00560700008645654,124.149299621582,-85.7774,26.589,9.93430873928346,63,63,63,63,61,63,-0.003738,7819,1.11328740596807,27,-86,0.001869,51,2025-04-14 21:50:17.002326,254,1.037,0.0011,"aoml_navis",1027.82705403964
"7901009",67,-0.00167881176952216,1,0.020559,1,-0.001869,1,128.732079273995,1,4.86456896081433,256,1,14.7110004425049,35.8709983825684,0.020558999851346,0.00747600011527538,124.13639831543,-85.7774,26.589,9.93430873928346,63,63,63,63,61,63,-0.001869,7819,1.11328740596807,27,-86,0.001869,51,2025-04-14 21:50:17.002326,256,1.037,0.0011,"aoml_navis",1027.84029587752
"7901009",67,-0.00167881176952216,1,0.020559,1,-0.001869,1,128.779368365748,1,4.86451217853191,258,1,14.6759996414185,35.8650016784668,0.020558999851346,0.00747600011527538,124.181999206543,-85.7774,26.589,9.93430873928346,63,63,63,63,61,63,-0.001869,7819,1.11328740596807,27,-86,0.001869,51,2025-04-14 21:50:17.002326,258,1.037,0.0011,"aoml_navis",1027.85229361045
"7901009",67,-0.00335762353904433,1,0.01869,1,-0.003738,1,129.031985633702,1,4.86444804962418,260,1,14.6269998550415,35.8569984436035,0.0186899993568659,0.00560700008645654,124.425598144531,-85.7774,26.589,9.93430873928346,63,63,63,63,61,63,-0.003738,7819,1.11328740596807,27,-86,0.001869,51,2025-04-14 21:50:17.002326,260,1.037,0.0011,"aoml_navis",1027.8658439751
"7901009",67,-0.00167881176952216,1,0.020559,1,-0.001869,1,129.162966211578,1,4.86440292729239,262,1,14.6029996871948,35.851001739502,0.020558999851346,0.00747600011527538,124.551902770996,-85.7774,26.589,9.93430873928346,63,63,63,63,61,63,-0.001869,7819,1.11328740596807,27,-86,0.001869,51,2025-04-14 21:50:17.002326,262,1.037,0.0011,"aoml_navis",1027.87537848619
"7901009",67,0.00167881176952216,1,0.024297,1,0.001869,1,129.24634122394,1,4.86432629881016,264,1,14.5279998779297,35.8390007019043,0.0242970008403063,0.0112140001729131,124.632301330566,-85.7774,26.589,9.93430873928346,63,63,63,63,61,63,0.001869,7819,1.11328740596807,27,-86,0.001869,51,2025-04-14 21:50:17.002326,264,1.037,0.0011,"aoml_navis",1027.89157076552
"7901009",67,0,1,0.022428,1,0,1,129.023899729106,1,4.8642373799251,266,1,14.4270000457764,35.8230018615723,0.0224280003458261,0.00934499967843294,124.41780090332,-85.7774,26.589,9.93430873928346,63,63,63,63,61,63,0,7819,1.11328740596807,27,-86,0.001869,51,2025-04-14 21:50:17.002326,266,1.037,0.0011,"aoml_navis",1027.91036075567
"7901009",67,0,1,0.022428,1,0,1,128.483196396421,1,4.86416856549599,268,1,14.3660001754761,35.8129997253418,0.0224280003458261,0.00934499967843294,123.89640045166,-85.7774,26.589,9.93430873928346,63,63,63,63,61,63,0,7819,1.11328740596807,27,-86,0.001869,51,2025-04-14 21:50:17.002326,268,1.037,0.0011,"aoml_navis",1027.92490282256
"7901009",67,0.00335762353904433,1,0.026166,1,0.003738,1,127.753130988782,1,4.86410243534195,270,1,14.3179998397827,35.8059997558594,0.0261659994721413,0.0130829997360706,123.192398071289,-85.7774,26.589,9.93430873928346,63,63,63,63,61,63,0.003738,7819,1.11328740596807,27,-86,0.001869,51,2025-04-14 21:50:17.002326,270,1.037,0.0011,"aoml_navis",1027.93887802827
"7901009",67,0.00167881176952216,1,0.024297,1,0.001869,1,127.075125514844,1,4.86404103744293,272,1,14.2779998779297,35.7999992370605,0.0242970008403063,0.0112140001729131,122.538597106934,-85.7774,26.589,9.93430873928346,63,63,63,63,61,63,0.001869,7819,1.11328740596807,27,-86,0.001869,51,2025-04-14 21:50:17.002326,272,1.037,0.0011,"aoml_navis",1027.95185351243
"7901009",67,0.00167881176952216,1,0.024297,1,0.001869,1,126.726687903872,1,4.86396838813043,274,1,14.2200002670288,35.7919998168945,0.0242970008403063,0.0112140001729131,122.202598571777,-85.7774,26.589,9.93430873928346,63,63,63,63,61,63,0.001869,7819,1.11328740596807,27,-86,0.001869,51,2025-04-14 21:50:17.002326,274,1.037,0.0011,"aoml_navis",1027.9672072297
"7901009",67,0.00335762353904433,1,0.026166,1,0.003738,1,126.53401076627,1,4.86390921057437,276,1,14.1820001602173,35.7859992980957,0.0261659994721413,0.0130829997360706,122.016799926758,-85.7774,26.589,9.93430873928346,63,63,63,63,61,63,0.003738,7819,1.11328740596807,27,-86,0.001869,51,2025-04-14 21:50:17.002326,276,1.037,0.0011,"aoml_navis",1027.97971416279
"7901009",67,0.00335762353904433,1,0.026166,1,0.003738,1,126.346001616644,1,4.86385365600908,278,1,14.1510000228882,35.7809982299805,0.0261659994721413,0.0130829997360706,121.835502624512,-85.7774,26.589,9.93430873928346,63,63,63,63,61,63,0.003738,7819,1.11328740596807,27,-86,0.001869,51,2025-04-14 21:50:17.002326,278,1.037,0.0011,"aoml_navis",1027.99145566864
"7901009",67,0,1,0.022428,1,0,1,126.047962452128,1,4.86380177195346,280,1,14.1199998855591,35.7750015258789,0.0224280003458261,0.00934499967843294,121.54810333252,-85.7774,26.589,9.93430873928346,63,63,63,63,61,63,0,7819,1.11328740596807,27,-86,0.001869,51,2025-04-14 21:50:17.002326,280,1.037,0.0011,"aoml_navis",1028.00242165129
"7901009",67,-0.00167881176952216,1,0.020559,1,-0.001869,1,125.900596445271,1,4.86373863297762,282,1,14.0780000686646,35.7690010070801,0.020558999851346,0.00747600011527538,121.40599822998,-85.7774,26.589,9.93430873928346,63,63,63,63,61,63,-0.001869,7819,1.11328740596807,27,-86,0.001869,51,2025-04-14 21:50:17.002326,282,1.037,0.0011,"aoml_navis",1028.01576673929
"7901009",67,0,1,0.022428,1,0,1,125.768690181644,1,4.86368388515741,284,1,14.0369997024536,35.7610015869141,0.0224280003458261,0.00934499967843294,121.278800964355,-85.7774,26.589,9.93430873928346,63,63,63,63,61,63,0,7819,1.11328740596807,27,-86,0.001869,51,2025-04-14 21:50:17.002326,284,1.037,0.0011,"aoml_navis",1028.02733854858
"7901009",67,0,1,0.022428,1,0,1,125.716115978082,1,4.863606389547,286,1,13.9630002975464,35.75,0.0224280003458261,0.00934499967843294,121.228103637695,-85.7774,26.589,9.93430873928346,63,63,63,63,61,63,0,7819,1.11328740596807,27,-86,0.001869,51,2025-04-14 21:50:17.002326,286,1.037,0.0011,"aoml_navis",1028.043718905
"7901009",67,-0.00335762353904433,1,0.01869,1,-0.003738,1,125.43207286565,1,4.86354527436501,288,1,13.9119997024536,35.7410011291504,0.0186899993568659,0.00560700008645654,120.954200744629,-85.7774,26.589,9.93430873928346,63,63,63,63,61,63,-0.003738,7819,1.11328740596807,27,-86,0.001869,51,2025-04-14 21:50:17.002326,288,1.037,0.0011,"aoml_navis",1028.05663727533
"7901009",67,0.00167881176952216,1,0.024297,1,0.001869,1,125.207455613708,1,4.86348326225342,290,1,13.8599996566772,35.7319984436035,0.0242970008403063,0.0112140001729131,120.737602233887,-85.7774,26.589,9.93430873928346,63,63,63,63,61,63,0.001869,7819,1.11328740596807,27,-86,0.001869,51,2025-04-14 21:50:17.002326,290,1.037,0.0011,"aoml_navis",1028.06974556819
"7901009",67,0,1,0.022428,1,0,1,124.928705524931,1,4.86340427112516,292,1,13.7840003967285,35.7210006713867,0.0224280003458261,0,120.468803405762,-85.7774,26.589,9.93430873928346,63,63,63,63,61,63,0,7819,1.11328740596807,27,-86,0.001869,51,2025-04-14 21:50:17.002326,292,1.037,0.0011,"aoml_navis",1028.08644341698
"7901009",67,0,1,0.01869,1,-0.003738,1,124.788499736919,1,4.86332311636747,294,1,13.7019996643066,35.7089996337891,0.0186899993568659,0,120.333602905273,-85.7774,26.589,9.93430873928346,63,63,63,63,61,63,0,7819,1.11328740596807,27,-86,0.001869,51,2025-04-14 21:50:17.002326,294,1.037,0.0011,"aoml_navis",1028.10359919795
"7901009",67,0,1,0.01869,1,-0.003738,1,124.7473265006,1,4.86326115879947,296,1,13.6459999084473,35.6990013122559,0.0186899993568659,0,120.293899536133,-85.7774,26.589,9.93430873928346,63,63,63,63,61,63,0,7819,1.11328740596807,27,-86,0.001869,51,2025-04-14 21:50:17.002326,296,1.037,0.0011,"aoml_navis",1028.11669715765
"7901009",67,0,1,0.022428,1,0,1,124.529758701687,1,4.86320953350472,298,1,13.6110000610352,35.6920013427734,0.0224280003458261,0,120.084098815918,-85.7774,26.589,9.93430873928346,63,63,63,63,61,63,0,7819,1.11328740596807,27,-86,0.001869,51,2025-04-14 21:50:17.002326,298,1.037,0.0011,"aoml_navis",1028.12761110803
"7901009",67,0,1,0.024297,1,0.001869,1,124.464944875414,1,4.86313235747387,300,1,13.53600025177,35.6809997558594,0.0242970008403063,0,120.021598815918,-85.7774,26.589,9.93430873928346,63,63,63,63,61,63,0,7819,1.11328740596807,27,-86,0.001869,51,2025-04-14 21:50:17.002326,300,1.037,0.0011,"aoml_navis",1028.14392709583
"7901009",67,0,1,0.01869,1,-0.003738,1,124.435496991944,1,4.86305706833221,302,1,13.4589996337891,35.6689987182617,0.0186899993568659,0,119.993202209473,-85.7774,26.589,9.93430873928346,63,63,63,63,61,63,0,7819,1.11328740596807,27,-86,0.001869,51,2025-04-14 21:50:17.002326,302,1.037,0.0011,"aoml_navis",1028.15984467045
"7901009",67,0,1,0.01869,1,-0.003738,1,124.277141433733,1,4.86299839315487,304,1,13.423999786377,35.6640014648438,0.0186899993568659,0,119.84049987793,-85.7774,26.589,9.93430873928346,63,63,63,63,61,63,0,7819,1.11328740596807,27,-86,0.001869,51,2025-04-14 21:50:17.002326,304,1.037,0.0011,"aoml_navis",1028.17225007476
"7901009",67,0,1,0.022428,1,0,1,123.966142668699,1,4.86295810187219,306,1,13.41100025177,35.6599998474121,0.0224280003458261,0,119.540603637695,-85.7774,26.589,9.93430873928346,63,63,63,63,61,63,0,7819,1.11328740596807,27,-86,0.001869,51,2025-04-14 21:50:17.002326,306,1.037,0.0011,"aoml_navis",1028.18076883596
"7901009",67,0,1,0.024297,1,0.001869,1,123.695889900407,1,4.86289350331195,308,1,13.3590002059937,35.6520004272461,0.0242970008403063,0,119.279998779297,-85.7774,26.589,9.93430873928346,63,63,63,63,61,63,0,7819,1.11328740596807,27,-86,0.001869,51,2025-04-14 21:50:17.002326,308,1.037,0.0011,"aoml_navis",1028.19442716454
"7901009",67,0,1,0.024297,1,0.001869,1,123.292694416921,1,4.8628429454008,310,1,13.3319997787476,35.6469993591309,0.0242970008403063,0,118.89119720459,-85.7774,26.589,9.93430873928346,63,63,63,63,61,63,0,7819,1.11328740596807,27,-86,0.001869,51,2025-04-14 21:50:17.002326,310,1.037,0.0011,"aoml_navis",1028.20511707641
"7901009",67,0,1,0.022428,1,0,1,122.718911664357,1,4.86278288058149,312,1,13.2659997940063,35.6339988708496,0.0224280003458261,0,118.337898254395,-85.7774,26.589,9.93430873928346,63,63,63,63,61,63,0,7819,1.11328740596807,27,-86,0.001869,51,2025-04-14 21:50:17.002326,312,1.037,0.0011,"aoml_navis",1028.2178174079
"7901009",67,0,1,0.01869,1,-0.003738,1,122.36612253917,1,4.86267652682097,314,1,13.1160001754761,35.6110000610352,0.0186899993568659,0,117.997703552246,-85.7774,26.589,9.93430873928346,63,63,63,63,61,63,0,7819,1.11328740596807,27,-86,0.001869,51,2025-04-14 21:50:17.002326,314,1.037,0.0011,"aoml_navis",1028.24030601698
"7901009",67,0,1,0.024297,1,0.001869,1,121.999115830266,1,4.86258374106566,316,1,12.9899997711182,35.5909996032715,0.0242970008403063,0,117.643798828125,-85.7774,26.589,9.93430873928346,63,63,63,63,61,63,0,7819,1.11328740596807,27,-86,0.001869,51,2025-04-14 21:50:17.002326,316,1.037,0.0011,"aoml_navis",1028.25992646128
"7901009",67,0,1,0.024297,1,0.001869,1,121.64155586313,1,4.8625050778955,318,1,12.8889999389648,35.5740013122559,0.0242970008403063,0,117.299003601074,-85.7774,26.589,9.93430873928346,63,63,63,63,61,63,0,7819,1.11328740596807,27,-86,0.001869,51,2025-04-14 21:50:17.002326,318,1.037,0.0011,"aoml_navis",1028.27656113503
"7901009",67,0,1,0.026166,1,0.003738,1,121.447937216089,1,4.86239997707328,320,1,12.7489995956421,35.5540008544922,0.0261659994721413,0,117.112297058105,-85.7774,26.589,9.93430873928346,63,63,63,63,61,63,0,7819,1.11328740596807,27,-86,0.001869,51,2025-04-14 21:50:17.002326,320,1.037,0.0011,"aoml_navis",1028.29878734278
"7901009",67,0,1,0.020559,1,-0.001869,1,121.11412069288,1,4.86234449348043,322,1,12.6859998703003,35.5410003662109,0.020558999851346,0,116.790397644043,-85.7774,26.589,9.93430873928346,63,63,63,63,61,63,0,7819,1.11328740596807,27,-86,0.001869,51,2025-04-14 21:50:17.002326,322,1.037,0.0011,"aoml_navis",1028.31052112909
"7901009",67,0,1,0.024297,1,0.001869,1,120.955670192541,1,4.86224199419089,324,1,12.5550003051758,35.5229988098145,0.0242970008403063,0,116.637603759766,-85.7774,26.589,9.93430873928346,63,63,63,63,61,63,0,7819,1.11328740596807,27,-86,0.001869,51,2025-04-14 21:50:17.002326,324,1.037,0.0011,"aoml_navis",1028.33219859762
"7901009",67,0,1,0.022428,1,0,1,120.791301632869,1,4.86216309038097,326,1,12.4670000076294,35.5099983215332,0.0224280003458261,0,116.479103088379,-85.7774,26.589,9.93430873928346,63,63,63,63,61,63,0,7819,1.11328740596807,27,-86,0.001869,51,2025-04-14 21:50:17.002326,326,1.037,0.0011,"aoml_navis",1028.34888650521
"7901009",67,0,1,0.022428,1,0,1,120.63740835469,1,4.8621109298403,328,1,12.4219999313354,35.5009994506836,0.0224280003458261,0,116.330703735352,-85.7774,26.589,9.93430873928346,63,63,63,63,61,63,0,7819,1.11328740596807,27,-86,0.001869,51,2025-04-14 21:50:17.002326,328,1.037,0.0011,"aoml_navis",1028.35991859285
"7901009",67,0,1,0.024297,1,0.001869,1,120.516697350362,1,4.86203948503313,330,1,12.3489999771118,35.4900016784668,0.0242970008403063,0,116.214302062988,-85.7774,26.589,9.93430873928346,63,63,63,63,61,63,0,7819,1.11328740596807,27,-86,0.001869,51,2025-04-14 21:50:17.002326,330,1.037,0.0011,"aoml_navis",1028.3750297363
"7901009",67,0,1,0.024297,1,0.001869,1,120.346727205119,1,4.86197236098907,332,1,12.2880001068115,35.4809989929199,0.0242970008403063,0,116.050399780273,-85.7774,26.589,9.93430873928346,63,63,63,63,61,63,0,7819,1.11328740596807,27,-86,0.001869,51,2025-04-14 21:50:17.002326,332,1.037,0.0011,"aoml_navis",1028.3892274087
"7901009",67,0,1,0.028035,1,0.005607,1,120.205279257595,1,4.86191417054562,334,1,12.2440004348755,35.4739990234375,0.0280349999666214,0,115.914001464844,-85.7774,26.589,9.93430873928346,63,63,63,63,61,63,0,7819,1.11328740596807,27,-86,0.001869,51,2025-04-14 21:50:17.002326,334,1.037,0.0011,"aoml_navis",1028.40153581709
"7901009",67,0,1,0.024297,1,0.001869,1,120.002229692473,1,4.86185322118587,336,1,12.1969995498657,35.4669990539551,0.0242970008403063,0,115.718200683594,-85.7774,26.589,9.93430873928346,63,63,63,63,61,63,0,7819,1.11328740596807,27,-86,0.001869,51,2025-04-14 21:50:17.002326,336,1.037,0.0011,"aoml_navis",1028.41442810576
"7901009",67,0,1,0.028035,1,0.005607,1,119.799805163029,1,4.86180003408782,338,1,12.1619997024536,35.4609985351562,0.0280349999666214,0,115.523002624512,-85.7774,26.589,9.93430873928346,63,63,63,63,61,63,0,7819,1.11328740596807,27,-86,0.001869,51,2025-04-14 21:50:17.002326,338,1.037,0.0011,"aoml_navis",1028.42567874927
"7901009",67,0,1,0.024297,1,0.001869,1,119.647668314223,1,4.86172961016812,340,1,12.0970001220703,35.4519996643066,0.0242970008403063,0,115.37629699707,-85.7774,26.589,9.93430873928346,63,63,63,63,61,63,0,7819,1.11328740596807,27,-86,0.001869,51,2025-04-14 21:50:17.002326,340,1.037,0.0011,"aoml_navis",1028.44057586886
"7901009",67,0,1,0.024297,1,0.001869,1,119.312087449796,1,4.86168126748901,342,1,12.0670003890991,35.4459991455078,0.0242970008403063,0,115.052696228027,-85.7774,26.589,9.93430873928346,63,63,63,63,61,63,0,7819,1.11328740596807,27,-86,0.001869,51,2025-04-14 21:50:17.002326,342,1.037,0.0011,"aoml_navis",1028.45080228438
"7901009",67,0,1,0.024297,1,0.001869,1,119.107487163245,1,4.86160829173385,344,1,11.9989995956421,35.4370002746582,0.0242970008403063,0,114.855400085449,-85.7774,26.589,9.93430873928346,63,63,63,63,61,63,0,7819,1.11328740596807,27,-86,0.001869,51,2025-04-14 21:50:17.002326,344,1.037,0.0011,"aoml_navis",1028.46623996867
"7901009",67,0,1,0.029904,1,0.007476,1,118.945919396359,1,4.86154026507539,346,1,11.9399995803833,35.4290008544922,0.0299040004611015,0,114.699600219727,-85.7774,26.589,9.93430873928346,63,63,63,63,61,63,0,7819,1.11328740596807,27,-86,0.001869,51,2025-04-14 21:50:17.002326,346,1.037,0.0011,"aoml_navis",1028.48063111177
"7901009",67,0,1,0.024297,1,0.001869,1,118.707820362195,1,4.86149032011886,348,1,11.9119997024536,35.423999786377,0.0242970008403063,0,114.470001220703,-85.7774,26.589,9.93430873928346,63,63,63,63,61,63,0,7819,1.11328740596807,27,-86,0.001869,51,2025-04-14 21:50:17.002326,348,1.037,0.0011,"aoml_navis",1028.49119729971
"7901009",67,0,1,0.028035,1,0.005607,1,118.525096324379,1,4.86142902628657,350,1,11.8599996566772,35.4160003662109,0.0280349999666214,0,114.293800354004,-85.7774,26.589,9.93430873928346,63,63,63,63,61,63,0,7819,1.11328740596807,27,-86,0.001869,51,2025-04-14 21:50:17.002326,350,1.037,0.0011,"aoml_navis",1028.50416471456
"7901009",67,0,1,0.028035,1,0.005607,1,118.371100192227,1,4.86136987205446,352,1,11.8219995498657,35.4109992980957,0.0280349999666214,0,114.145301818848,-85.7774,26.589,9.93430873928346,63,63,63,63,61,63,0,7819,1.11328740596807,27,-86,0.001869,51,2025-04-14 21:50:17.002326,352,1.037,0.0011,"aoml_navis",1028.51667978247
"7901009",67,0,1,0.022428,1,0,1,118.182260298979,1,4.86131913105867,354,1,11.7930002212524,35.4059982299805,0.0224280003458261,0,113.963203430176,-85.7774,26.589,9.93430873928346,63,63,63,63,61,63,0,7819,1.11328740596807,27,-86,0.001869,51,2025-04-14 21:50:17.002326,354,1.037,0.0011,"aoml_navis",1028.5274151321
"7901009",67,0,1,0.022428,1,0,1,117.960230220034,1,4.86126655407479,356,1,11.7620000839233,35.4010009765625,0.0224280003458261,0,113.749099731445,-85.7774,26.589,9.93430873928346,63,63,63,63,61,63,0,7819,1.11328740596807,27,-86,0.001869,51,2025-04-14 21:50:17.002326,356,1.037,0.0011,"aoml_navis",1028.53853916093
"7901009",67,0,1,0.024297,1,0.001869,1,117.619364243797,1,4.86122148064746,358,1,11.7430000305176,35.3969993591309,0.0242970008403063,0,113.420402526855,-85.7774,26.589,9.93430873928346,63,63,63,63,61,63,0,7819,1.11328740596807,27,-86,0.001869,51,2025-04-14 21:50:17.002326,358,1.037,0.0011,"aoml_navis",1028.54807580873
"7901009",67,0,1,0.026166,1,0.003738,1,117.207038492303,1,4.86117533951091,360,1,11.7069997787476,35.3889999389648,0.0261659994721413,0,113.022796630859,-85.7774,26.589,9.93430873928346,63,63,63,63,61,63,0,7819,1.11328740596807,27,-86,0.001869,51,2025-04-14 21:50:17.002326,360,1.037,0.0011,"aoml_navis",1028.55783854591
"7901009",67,0,1,0.020559,1,-0.001869,1,117.402413568718,1,4.8610545007663,362,1,11.5299997329712,35.3660011291504,0.020558999851346,0,113.211196899414,-85.7774,26.589,9.93430873928346,63,63,63,63,61,63,0,7819,1.11328740596807,27,-86,0.001869,51,2025-04-14 21:50:17.002326,362,1.037,0.0011,"aoml_navis",1028.58340699776
"7901009",67,0,1,0.024297,1,0.001869,1,117.53297481886,1,4.86097858261008,364,1,11.4409999847412,35.3530006408691,0.0242970008403063,0,113.337097167969,-85.7774,26.589,9.93430873928346,63,63,63,63,61,63,0,7819,1.11328740596807,27,-86,0.001869,51,2025-04-14 21:50:17.002326,364,1.037,0.0011,"aoml_navis",1028.59947128491
"7901009",67,0,1,0.028035,1,0.005607,1,117.490045153167,1,4.86093015454633,366,1,11.4060001373291,35.3460006713867,0.0280349999666214,0,113.295700073242,-85.7774,26.589,9.93430873928346,63,63,63,63,61,63,0,7819,1.11328740596807,27,-86,0.001869,51,2025-04-14 21:50:17.002326,366,1.037,0.0011,"aoml_navis",1028.60971892871
"7901009",67,0,1,0.024297,1,0.001869,1,117.355749512644,1,4.86088354662703,368,1,11.3809995651245,35.3409996032715,0.0242970008403063,0,113.166198730469,-85.7774,26.589,9.93430873928346,63,63,63,63,61,63,0,7819,1.11328740596807,27,-86,0.001869,51,2025-04-14 21:50:17.002326,368,1.037,0.0011,"aoml_navis",1028.61958161279
"7901009",67,0,1,0.024297,1,0.001869,1,117.429479987137,1,4.86080276996046,370,1,11.28600025177,35.3279991149902,0.0242970008403063,0,113.237297058105,-85.7774,26.589,9.93430873928346,63,63,63,63,61,63,0,7819,1.11328740596807,27,-86,0.001869,51,2025-04-14 21:50:17.002326,370,1.037,0.0011,"aoml_navis",1028.63667518044
"7901009",67,0,1,0.022428,1,0,1,117.40874304394,1,4.8607543253068,372,1,11.2709999084473,35.326000213623,0.0224280003458261,0,113.217300415039,-85.7774,26.589,9.93430873928346,63,63,63,63,61,63,0,7819,1.11328740596807,27,-86,0.001869,51,2025-04-14 21:50:17.002326,372,1.037,0.0011,"aoml_navis",1028.64692707637
"7901009",67,0,1,0.024297,1,0.001869,1,117.280151842961,1,4.86071399038183,374,1,11.2690000534058,35.3250007629395,0.0242970008403063,0,113.093299865723,-85.7774,26.589,9.93430873928346,63,63,63,63,61,63,0,7819,1.11328740596807,27,-86,0.001869,51,2025-04-14 21:50:17.002326,374,1.037,0.0011,"aoml_navis",1028.655462941
"7901009",67,0,1,0.024297,1,0.001869,1,117.100228597931,1,4.86066822495406,376,1,11.2609996795654,35.3240013122559,0.0242970008403063,0,112.919799804688,-85.7774,26.589,9.93430873928346,63,63,63,63,61,63,0,7819,1.11328740596807,27,-86,0.001869,51,2025-04-14 21:50:17.002326,376,1.037,0.0011,"aoml_navis",1028.66514820547
"7901009",67,0,1,0.024297,1,0.001869,1,117.009384804807,1,4.86061804631951,378,1,11.2399997711182,35.3209991455078,0.0242970008403063,0,112.83219909668,-85.7774,26.589,9.93430873928346,63,63,63,63,61,63,0,7819,1.11328740596807,27,-86,0.001869,51,2025-04-14 21:50:17.002326,378,1.037,0.0011,"aoml_navis",1028.67576763947
"7901009",67,0,1,0.026166,1,0.003738,1,116.869701198502,1,4.86056262458381,380,1,11.201000213623,35.314998626709,0.0261659994721413,0,112.69750213623,-85.7774,26.589,9.93430873928346,63,63,63,63,61,63,0,7819,1.11328740596807,27,-86,0.001869,51,2025-04-14 21:50:17.002326,380,1.037,0.0011,"aoml_navis",1028.68749693933
"7901009",67,0,1,0.024297,1,0.001869,1,116.755208903579,1,4.86050712946116,382,1,11.1700000762939,35.3110008239746,0.0242970008403063,0,112.587097167969,-85.7774,26.589,9.93430873928346,63,63,63,63,61,63,0,7819,1.11328740596807,27,-86,0.001869,51,2025-04-14 21:50:17.002326,382,1.037,0.0011,"aoml_navis",1028.69924203862
"7901009",67,0,1,0.026166,1,0.003738,1,116.655448462236,1,4.86045175241589,384,1,11.1350002288818,35.3059997558594,0.0261659994721413,0,112.490898132324,-85.7774,26.589,9.93430873928346,63,63,63,63,61,63,0,7819,1.11328740596807,27,-86,0.001869,51,2025-04-14 21:50:17.002326,384,1.037,0.0011,"aoml_navis",1028.71096241512
"7901009",67,0,1,0.024297,1,0.001869,1,116.633880775417,1,4.86039814992299,386,1,11.1059999465942,35.3019981384277,0.0242970008403063,0,112.470100402832,-85.7774,26.589,9.93430873928346,63,63,63,63,61,63,0,7819,1.11328740596807,27,-86,0.001869,51,2025-04-14 21:50:17.002326,386,1.037,0.0011,"aoml_navis",1028.72230746759
"7901009",67,0,1,0.028035,1,0.005607,1,116.553409409814,1,4.86035249846719,388,1,11.0939998626709,35.2999992370605,0.0280349999666214,0,112.392501831055,-85.7774,26.589,9.93430873928346,63,63,63,63,61,63,0,7819,1.11328740596807,27,-86,0.001869,51,2025-04-14 21:50:17.002326,388,1.037,0.0011,"aoml_navis",1028.73196986779
"7901009",67,0,1,0.024297,1,0.001869,1,116.417974463751,1,4.86030864790744,390,1,11.0839996337891,35.2980003356934,0.0242970008403063,0,112.261901855469,-85.7774,26.589,9.93430873928346,63,63,63,63,61,63,0,7819,1.11328740596807,27,-86,0.001869,51,2025-04-14 21:50:17.002326,390,1.037,0.0011,"aoml_navis",1028.74125126862
"7901009",67,0,1,0.024297,1,0.001869,1,116.332937964143,1,4.86025771378482,392,1,11.0620002746582,35.2949981689453,0.0242970008403063,0,112.179901123047,-85.7774,26.589,9.93430873928346,63,63,63,63,61,63,0,7819,1.11328740596807,27,-86,0.001869,51,2025-04-14 21:50:17.002326,392,1.037,0.0011,"aoml_navis",1028.75203218522
"7901009",67,0,1,0.024297,1,0.001869,1,116.182256894639,1,4.86020849471736,394,1,11.0459995269775,35.2929992675781,0.0242970008403063,0,112.034599304199,-85.7774,26.589,9.93430873928346,63,63,63,63,61,63,0,7819,1.11328740596807,27,-86,0.001869,51,2025-04-14 21:50:17.002326,394,1.037,0.0011,"aoml_navis",1028.76245030117
"7901009",67,0,1,0.026166,1,0.003738,1,116.080629258105,1,4.86016034768607,396,1,11.0229997634888,35.2890014648438,0.0261659994721413,0,111.936599731445,-85.7774,26.589,9.93430873928346,63,63,63,63,61,63,0,7819,1.11328740596807,27,-86,0.001869,51,2025-04-14 21:50:17.002326,396,1.037,0.0011,"aoml_navis",1028.77264170523
"7901009",67,0,1,0.024297,1,0.001869,1,115.918752929302,1,4.86010848154136,398,1,11.003999710083,35.2869987487793,0.0242970008403063,0,111.780502319336,-85.7774,26.589,9.93430873928346,63,63,63,63,61,63,0,7819,1.11328740596807,27,-86,0.001869,51,2025-04-14 21:50:17.002326,398,1.037,0.0011,"aoml_navis",1028.78362056937
"7901009",67,0,1,0.028035,1,0.005607,1,115.734786731974,1,4.86006555758689,400,1,10.9949998855591,35.2849998474121,0.0280349999666214,0,111.603103637695,-85.7774,26.589,9.93430873928346,63,63,63,63,61,63,0,7819,1.11328740596807,27,-86,0.001869,51,2025-04-14 21:50:17.002326,400,1.037,0.0011,"aoml_navis",1028.79270675571
"7901009",67,0,1,0.026166,1,0.003738,1,115.450537911598,1,4.86001807650591,402,1,10.9849996566772,35.2840003967285,0.0261659994721413,0,111.329002380371,-85.7774,26.589,9.93430873928346,63,63,63,63,61,63,0,7819,1.11328740596807,27,-86,0.001869,51,2025-04-14 21:50:17.002326,402,1.037,0.0011,"aoml_navis",1028.80275778619
"7901009",67,0,1,0.026166,1,0.003738,1,115.108524717976,1,4.8599672225941,404,1,10.9630002975464,35.2809982299805,0.0261659994721413,0,110.999198913574,-85.7774,26.589,9.93430873928346,63,63,63,63,61,63,0,7819,1.11328740596807,27,-86,0.001869,51,2025-04-14 21:50:17.002326,404,1.037,0.0011,"aoml_navis",1028.81352301202
"7901009",67,0,1,0.026166,1,0.003738,1,114.716943821522,1,4.85992153888655,406,1,10.9549999237061,35.2799987792969,0.0261659994721413,0,110.621597290039,-85.7774,26.589,9.93430873928346,63,63,63,63,61,63,0,7819,1.11328740596807,27,-86,0.001869,51,2025-04-14 21:50:17.002326,406,1.037,0.0011,"aoml_navis",1028.82319395336
"7901009",67,0,1,0.026166,1,0.003738,1,114.240120717516,1,4.85987595293277,408,1,10.9429998397827,35.2779998779297,0.0261659994721413,0,110.161796569824,-85.7774,26.589,9.93430873928346,63,63,63,63,61,63,0,7819,1.11328740596807,27,-86,0.001869,51,2025-04-14 21:50:17.002326,408,1.037,0.0011,"aoml_navis",1028.8328443821
"7901009",67,0,1,0.026166,1,0.003738,1,113.949344625817,1,4.85980939715089,410,1,10.8909997940063,35.2719993591309,0.0261659994721413,0,109.881401062012,-85.7774,26.589,9.93430873928346,63,63,63,63,61,63,0,7819,1.11328740596807,27,-86,0.001869,51,2025-04-14 21:50:17.002326,410,1.037,0.0011,"aoml_navis",1028.84693439444
"7901009",67,0,1,0.024297,1,0.001869,1,114.165250937484,1,4.85974307071353,412,1,10.835000038147,35.2649993896484,0.0242970008403063,0,110.089599609375,-85.7774,26.589,9.93430873928346,63,63,63,63,61,63,0,7819,1.11328740596807,27,-86,0.001869,51,2025-04-14 21:50:17.002326,412,1.037,0.0011,"aoml_navis",1028.86097623796
"7901009",67,0,1,0.020559,1,-0.001869,1,114.549671615093,1,4.85967624595293,414,1,10.7700004577637,35.2560005187988,0.020558999851346,0,110.460296630859,-85.7774,26.589,9.93430873928346,63,63,63,63,61,63,0,7819,1.11328740596807,27,-86,0.001869,51,2025-04-14 21:50:17.002326,414,1.037,0.0011,"aoml_navis",1028.87512396817
"7901009",67,0,1,0.029904,1,0.007476,1,114.833303311635,1,4.85962372400718,416,1,10.7209997177124,35.2470016479492,0.0299040004611015,0,110.73380279541,-85.7774,26.589,9.93430873928346,63,63,63,63,61,63,0,7819,1.11328740596807,27,-86,0.001869,51,2025-04-14 21:50:17.002326,416,1.037,0.0011,"aoml_navis",1028.88624386685
"7901009",67,0,1,0.022428,1,0,1,114.994040334898,1,4.85956558882606,418,1,10.6780004501343,35.2410011291504,0.0224280003458261,0,110.888801574707,-85.7774,26.589,9.93430873928346,63,63,63,63,61,63,0,7819,1.11328740596807,27,-86,0.001869,51,2025-04-14 21:50:17.002326,418,1.037,0.0011,"aoml_navis",1028.89855247491
"7901009",67,0,1,0.026166,1,0.003738,1,115.094109338158,1,4.85951353441672,420,1,10.6459999084473,35.2360000610352,0.0261659994721413,0,110.985298156738,-85.7774,26.589,9.93430873928346,63,63,63,63,61,63,0,7819,1.11328740596807,27,-86,0.001869,51,2025-04-14 21:50:17.002326,420,1.037,0.0011,"aoml_navis",1028.90957388807
"7901009",67,0,1,0.029904,1,0.007476,1,115.13766403953,1,4.85945800916526,422,1,10.6099996566772,35.2309989929199,0.0299040004611015,0,111.027297973633,-85.7774,26.589,9.93430873928346,63,63,63,63,61,63,0,7819,1.11328740596807,27,-86,0.001869,51,2025-04-14 21:50:17.002326,422,1.037,0.0011,"aoml_navis",1028.92133043843
"7901009",67,0,1,0.028035,1,0.005607,1,115.050657490759,1,4.85940993565983,424,1,10.5950002670288,35.2290000915527,0.0280349999666214,0,110.943397521973,-85.7774,26.589,9.93430873928346,63,63,63,63,61,63,0,7819,1.11328740596807,27,-86,0.001869,51,2025-04-14 21:50:17.002326,424,1.037,0.0011,"aoml_navis",1028.93150942226
"7901009",67,0,1,0.024297,1,0.001869,1,114.926837131728,1,4.85936521863917,426,1,10.5880002975464,35.2280006408691,0.0242970008403063,0,110.823997497559,-85.7774,26.589,9.93430873928346,63,63,63,63,61,63,0,7819,1.11328740596807,27,-86,0.001869,51,2025-04-14 21:50:17.002326,426,1.037,0.0011,"aoml_navis",1028.9409778918
"7901009",67,0,1,0.022428,1,0,1,114.719127490474,1,4.8593206631788,428,1,10.5769996643066,35.226001739502,0.0224280003458261,0,110.62370300293,-85.7774,26.589,9.93430873928346,63,63,63,63,61,63,0,7819,1.11328740596807,27,-86,0.001869,51,2025-04-14 21:50:17.002326,428,1.037,0.0011,"aoml_navis",1028.95041232557
"7901009",67,0,1,0.028035,1,0.005607,1,114.511204229431,1,4.85927911615654,429.899993896484,1,10.5670003890991,35.2239990234375,0.0280349999666214,0,110.423202514648,-85.7774,26.589,9.93430873928346,63,63,63,63,61,63,0,7819,1.11328740596807,27,-86,0.001869,51,2025-04-14 21:50:17.002326,429.899993896484,1.037,0.0011,"aoml_navis",1028.95920989094
"7901009",67,0,1,0.028035,1,0.005607,1,114.081567363204,1,4.85922386244459,432,1,10.5419998168945,35.2210006713867,0.0280349999666214,0,110.008903503418,-85.7774,26.589,9.93430873928346,63,63,63,63,61,63,0,7819,1.11328740596807,27,-86,0.001869,51,2025-04-14 21:50:17.002326,432,1.037,0.0011,"aoml_navis",1028.97091007546
"7901009",67,0,1,0.026166,1,0.003738,1,113.719956531927,1,4.85915554945514,434,1,10.4870004653931,35.2150001525879,0.0261659994721413,0,109.660202026367,-85.7774,26.589,9.93430873928346,63,63,63,63,61,63,0,7819,1.11328740596807,27,-86,0.001869,51,2025-04-14 21:50:17.002326,434,1.037,0.0011,"aoml_navis",1028.98537597971
"7901009",67,0,1,0.026166,1,0.003738,1,113.154362537932,1,4.859097767277,436,1,10.4650001525879,35.2140007019043,0.0261659994721413,0,109.114799499512,-85.7774,26.589,9.93430873928346,63,63,63,63,61,63,0,7819,1.11328740596807,27,-86,0.001869,51,2025-04-14 21:50:17.002326,436,1.037,0.0011,"aoml_navis",1028.99761220527
"7901009",67,0,1,0.028035,1,0.005607,1,112.918858588609,1,4.85901813519228,438,1,10.4010000228882,35.2089996337891,0.0280349999666214,0,108.887702941895,-85.7774,26.589,9.93430873928346,63,63,63,63,61,63,0,7819,1.11328740596807,27,-86,0.001869,51,2025-04-14 21:50:17.002326,438,1.037,0.0011,"aoml_navis",1029.01447594662
"7901009",67,0,1,0.028035,1,0.005607,1,112.719432648051,1,4.85895821300126,440,1,10.3680000305176,35.2060012817383,0.0280349999666214,0,108.69539642334,-85.7774,26.589,9.93430873928346,63,63,63,63,61,63,0,7819,1.11328740596807,27,-86,0.001869,51,2025-04-14 21:50:17.002326,440,1.037,0.0011,"aoml_navis",1029.02716607468
"7901009",67,0,1,0.024297,1,0.001869,1,112.605676154623,1,4.85890094851815,442,1,10.3380002975464,35.2029991149902,0.0242970008403063,0,108.58570098877,-85.7774,26.589,9.93430873928346,63,63,63,63,61,63,0,7819,1.11328740596807,27,-86,0.001869,51,2025-04-14 21:50:17.002326,442,1.037,0.0011,"aoml_navis",1029.03929365444
"7901009",67,0,1,0.024297,1,0.001869,1,112.482480831271,1,4.85885042475669,444,1,10.3199996948242,35.201000213623,0.0242970008403063,0,108.466903686523,-85.7774,26.589,9.93430873928346,63,63,63,63,61,63,0,7819,1.11328740596807,27,-86,0.001869,51,2025-04-14 21:50:17.002326,444,1.037,0.0011,"aoml_navis",1029.04999390887
"7901009",67,0,1,0.026166,1,0.003738,1,112.254849166755,1,4.85880403454759,446,1,10.3109998703003,35.2000007629395,0.0261659994721413,0,108.247398376465,-85.7774,26.589,9.93430873928346,63,63,63,63,61,63,0,7819,1.11328740596807,27,-86,0.001869,51,2025-04-14 21:50:17.002326,446,1.037,0.0011,"aoml_navis",1029.05981892838
"7901009",67,0,1,0.029904,1,0.007476,1,112.091002788789,1,4.85875439374498,448,1,10.293999671936,35.1980018615723,0.0299040004611015,0,108.089401245117,-85.7774,26.589,9.93430873928346,63,63,63,63,61,63,0,7819,1.11328740596807,27,-86,0.001869,51,2025-04-14 21:50:17.002326,448,1.037,0.0011,"aoml_navis",1029.07033260147
"7901009",67,0,1,0.026166,1,0.003738,1,111.835165400315,1,4.85870629665213,450,1,10.2829999923706,35.1969985961914,0.0261659994721413,0,107.842697143555,-85.7774,26.589,9.93430873928346,63,63,63,63,61,63,0,7819,1.11328740596807,27,-86,0.001869,51,2025-04-14 21:50:17.002326,450,1.037,0.0011,"aoml_navis",1029.08051952949
"7901009",67,0,1,0.026166,1,0.003738,1,111.581203118876,1,4.85865646147467,452,1,10.2700004577637,35.1959991455078,0.0261659994721413,0,107.597801208496,-85.7774,26.589,9.93430873928346,63,63,63,63,61,63,0,7819,1.11328740596807,27,-86,0.001869,51,2025-04-14 21:50:17.002326,452,1.037,0.0011,"aoml_navis",1029.09107479528
"7901009",67,0,1,0.028035,1,0.005607,1,111.368920431774,1,4.8586079238188,454,1,10.25,35.193000793457,0.0280349999666214,0,107.393096923828,-85.7774,26.589,9.93430873928346,63,63,63,63,61,63,0,7819,1.11328740596807,27,-86,0.001869,51,2025-04-14 21:50:17.002326,454,1.037,0.0011,"aoml_navis",1029.10135544958
"7901009",67,0,1,0.029904,1,0.007476,1,111.184123490823,1,4.85854583971954,456,1,10.210000038147,35.1889991760254,0.0299040004611015,0,107.214897155762,-85.7774,26.589,9.93430873928346,63,63,63,63,61,63,0,7819,1.11328740596807,27,-86,0.001869,51,2025-04-14 21:50:17.002326,456,1.037,0.0011,"aoml_navis",1029.11450564571
"7901009",67,0,1,0.029904,1,0.007476,1,111.014264111396,1,4.85849367863973,458,1,10.1899995803833,35.1870002746582,0.0299040004611015,0,107.05110168457,-85.7774,26.589,9.93430873928346,63,63,63,63,61,63,0,7819,1.11328740596807,27,-86,0.001869,51,2025-04-14 21:50:17.002326,458,1.037,0.0011,"aoml_navis",1029.12555428083
"7901009",67,0,1,0.029904,1,0.007476,1,110.848653392212,1,4.858442636014,460,1,10.1669998168945,35.1839981079102,0.0299040004611015,0,106.891403198242,-85.7774,26.589,9.93430873928346,63,63,63,63,61,63,0,7819,1.11328740596807,27,-86,0.001869,51,2025-04-14 21:50:17.002326,460,1.037,0.0011,"aoml_navis",1029.13636623734
"7901009",67,0,1,0.031773,1,0.009345,1,110.63523139957,1,4.85839910227455,462,1,10.1569995880127,35.181999206543,0.0317730009555817,0,106.685600280762,-85.7774,26.589,9.93430873928346,63,63,63,63,61,63,0,7819,1.11328740596807,27,-86,0.001869,51,2025-04-14 21:50:17.002326,462,1.037,0.0011,"aoml_navis",1029.14558782525
"7901009",67,0,1,0.026166,1,0.003738,1,110.390082912377,1,4.85834612184439,464,1,10.1359996795654,35.1800003051758,0.0261659994721413,0,106.449203491211,-85.7774,26.589,9.93430873928346,63,63,63,63,61,63,0,7819,1.11328740596807,27,-86,0.001869,51,2025-04-14 21:50:17.002326,464,1.037,0.0011,"aoml_navis",1029.15681069298
"7901009",67,0,1,0.028035,1,0.005607,1,110.104584020644,1,4.85830199101978,466,1,10.121000289917,35.1769981384277,0.0280349999666214,0,106.173896789551,-85.7774,26.589,9.93430873928346,63,63,63,63,61,63,0,7819,1.11328740596807,27,-86,0.001869,51,2025-04-14 21:50:17.002326,466,1.037,0.0011,"aoml_navis",1029.16615913176
"7901009",67,0,1,0.029904,1,0.007476,1,109.704505803705,1,4.8582397251536,468,1,10.0719995498657,35.1710014343262,0.0299040004611015,0,105.788101196289,-85.7774,26.589,9.93430873928346,63,63,63,63,61,63,0,7819,1.11328740596807,27,-86,0.001869,51,2025-04-14 21:50:17.002326,468,1.037,0.0011,"aoml_navis",1029.17934948999
"7901009",67,0,1,0.028035,1,0.005607,1,109.754595688243,1,4.85815159947578,470,1,9.9709997177124,35.1599998474121,0.0280349999666214,0,105.836402893066,-85.7774,26.589,9.93430873928346,63,63,63,63,61,63,0,7819,1.11328740596807,27,-86,0.001869,51,2025-04-14 21:50:17.002326,470,1.037,0.0011,"aoml_navis",1029.19801855083
"7901009",67,0,1,0.026166,1,0.003738,1,109.903093088796,1,4.85809391567843,472,1,9.92700004577637,35.1539993286133,0.0261659994721413,0,105.979598999023,-85.7774,26.589,9.93430873928346,63,63,63,63,61,63,0,7819,1.11328740596807,27,-86,0.001869,51,2025-04-14 21:50:17.002326,472,1.037,0.0011,"aoml_navis",1029.2102389918
"7901009",67,0,1,0.028035,1,0.005607,1,110.048378280673,1,4.8580504528642,474,1,9.9040002822876,35.148998260498,0.0280349999666214,0,106.119697570801,-85.7774,26.589,9.93430873928346,63,63,63,63,61,63,0,7819,1.11328740596807,27,-86,0.001869,51,2025-04-14 21:50:17.002326,474,1.037,0.0011,"aoml_navis",1029.21944687752
"7901009",67,0,1,0.029904,1,0.007476,1,110.252883625096,1,4.8579799285363,476,1,9.83600044250488,35.140998840332,0.0299040004611015,0,106.316902160645,-85.7774,26.589,9.93430873928346,63,63,63,63,61,63,0,7819,1.11328740596807,27,-86,0.001869,51,2025-04-14 21:50:17.002326,476,1.037,0.0011,"aoml_navis",1029.23438827515
"7901009",67,0,1,0.028035,1,0.005607,1,110.406674049303,1,4.85790853125401,478,1,9.75800037384033,35.1310005187988,0.0280349999666214,0,106.465202331543,-85.7774,26.589,9.93430873928346,63,63,63,63,61,63,0,7819,1.11328740596807,27,-86,0.001869,51,2025-04-14 21:50:17.002326,478,1.037,0.0011,"aoml_navis",1029.2495150602
"7901009",67,0,1,0.026166,1,0.003738,1,110.513586797647,1,4.8578404433249,480,1,9.6879997253418,35.1220016479492,0.0261659994721413,0,106.568298339844,-85.7774,26.589,9.93430873928346,63,63,63,63,61,63,0,7819,1.11328740596807,27,-86,0.001869,51,2025-04-14 21:50:17.002326,480,1.037,0.0011,"aoml_navis",1029.26394111409
"7901009",67,0,1,0.028035,1,0.005607,1,110.653175461824,1,4.85777191511594,482,1,9.62600040435791,35.1150016784668,0.0280349999666214,0,106.702903747559,-85.7774,26.589,9.93430873928346,63,63,63,63,61,63,0,7819,1.11328740596807,27,-86,0.001869,51,2025-04-14 21:50:17.002326,482,1.037,0.0011,"aoml_navis",1029.27846086011
"7901009",67,0,1,0.028035,1,0.005607,1,110.845955453399,1,4.85771154950249,484,1,9.57800006866455,35.109001159668,0.0280349999666214,0,106.888801574707,-85.7774,26.589,9.93430873928346,63,63,63,63,61,63,0,7819,1.11328740596807,27,-86,0.001869,51,2025-04-14 21:50:17.002326,484,1.037,0.0011,"aoml_navis",1029.29125145607
"7901009",67,0,1,0.028035,1,0.005607,1,110.95390465331,1,4.8576698909176,486,1,9.56999969482422,35.1069984436035,0.0280349999666214,0,106.992897033691,-85.7774,26.589,9.93430873928346,63,63,63,63,61,63,0,7819,1.11328740596807,27,-86,0.001869,51,2025-04-14 21:50:17.002326,486,1.037,0.0011,"aoml_navis",1029.30007849
"7901009",67,0,1,0.033642,1,0.011214,1,111.167326645953,1,4.85761808011173,488,1,9.54100036621094,35.1030006408691,0.0336420014500618,0,107.198699951172,-85.7774,26.589,9.93430873928346,63,63,63,63,61,63,0,7819,1.11328740596807,27,-86,0.001869,51,2025-04-14 21:50:17.002326,488,1.037,0.0011,"aoml_navis",1029.3110568884
"7901009",67,0,1,0.029904,1,0.007476,1,111.452089736191,1,4.857556576688,490,1,9.48700046539307,35.0960006713867,0.0299040004611015,0,107.473297119141,-85.7774,26.589,9.93430873928346,63,63,63,63,61,63,0,7819,1.11328740596807,27,-86,0.001869,51,2025-04-14 21:50:17.002326,490,1.037,0.0011,"aoml_navis",1029.32408939828
"7901009",67,0,1,0.028035,1,0.005607,1,111.627764320978,1,4.85750404884625,492,1,9.45699977874756,35.0919990539551,0.0280349999666214,0,107.642700195312,-85.7774,26.589,9.93430873928346,63,63,63,63,61,63,0,7819,1.11328740596807,27,-86,0.001869,51,2025-04-14 21:50:17.002326,492,1.037,0.0011,"aoml_navis",1029.33522025321
"7901009",67,0,1,0.028035,1,0.005607,1,111.67017971681,1,4.8574521081986,494,1,9.44099998474121,35.0909996032715,0.0280349999666214,0,107.683601379395,-85.7774,26.589,9.93430873928346,63,63,63,63,61,63,0,7819,1.11328740596807,27,-86,0.001869,51,2025-04-14 21:50:17.002326,494,1.037,0.0011,"aoml_navis",1029.34622691612
"7901009",67,0,1,0.031773,1,0.009345,1,111.667687485941,1,4.85741047049972,496,1,9.43299961090088,35.0890007019043,0.0317730009555817,0,107.681198120117,-85.7774,26.589,9.93430873928346,63,63,63,63,61,63,0,7819,1.11328740596807,27,-86,0.001869,51,2025-04-14 21:50:17.002326,496,1.037,0.0011,"aoml_navis",1029.35505046696
"7901009",67,0,1,0.024297,1,0.001869,1,111.759670584605,1,4.85736011699018,498,1,9.40999984741211,35.0859985351562,0.0242970008403063,0,107.769897460938,-85.7774,26.589,9.93430873928346,63,63,63,63,61,63,0,7819,1.11328740596807,27,-86,0.001869,51,2025-04-14 21:50:17.002326,498,1.037,0.0011,"aoml_navis",1029.36572120953
"7901009",67,0,1,0.029904,1,0.007476,1,111.845434973863,1,4.85731059514153,500,1,9.38799953460693,35.0830001831055,0.0299040004611015,0,107.852600097656,-85.7774,26.589,9.93430873928346,63,63,63,63,61,63,0,7819,1.11328740596807,27,-86,0.001869,51,2025-04-14 21:50:17.002326,500,1.037,0.0011,"aoml_navis",1029.37621592516
"7901009",67,0,1,0.026166,1,0.003738,1,111.940218865313,1,4.85726521804954,502,1,9.37100028991699,35.0800018310547,0.0261659994721413,0,107.944000244141,-85.7774,26.589,9.93430873928346,63,63,63,63,61,63,0,7819,1.11328740596807,27,-86,0.001869,51,2025-04-14 21:50:17.002326,502,1.037,0.0011,"aoml_navis",1029.38583246804
"7901009",67,0,1,0.029904,1,0.007476,1,112.165461152932,1,4.85721111244627,504,1,9.32999992370605,35.0740013122559,0.0299040004611015,0,108.161201477051,-85.7774,26.589,9.93430873928346,63,63,63,63,61,63,0,7819,1.11328740596807,27,-86,0.001869,51,2025-04-14 21:50:17.002326,504,1.037,0.0011,"aoml_navis",1029.39729903603
"7901009",67,0,1,0.028035,1,0.005607,1,112.363637022133,1,4.85715465960195,506,1,9.29500007629395,35.0699996948242,0.0280349999666214,0,108.35230255127,-85.7774,26.589,9.93430873928346,63,63,63,63,61,63,0,7819,1.11328740596807,27,-86,0.001869,51,2025-04-14 21:50:17.002326,506,1.037,0.0011,"aoml_navis",1029.40926332573
"7901009",67,0,1,0.026166,1,0.003738,1,112.501247725304,1,4.85710687808491,508,1,9.27499961853027,35.0670013427734,0.0261659994721413,0,108.485000610352,-85.7774,26.589,9.93430873928346,63,63,63,63,61,63,0,7819,1.11328740596807,27,-86,0.001869,51,2025-04-14 21:50:17.002326,508,1.037,0.0011,"aoml_navis",1029.41939008174
"7901009",67,0,1,0.029904,1,0.007476,1,112.634815476177,1,4.85705378174277,510,1,9.24400043487549,35.0629997253418,0.0299040004611015,0,108.613800048828,-85.7774,26.589,9.93430873928346,63,63,63,63,61,63,0,7819,1.11328740596807,27,-86,0.001869,51,2025-04-14 21:50:17.002326,510,1.037,0.0011,"aoml_navis",1029.43064348897
"7901009",67,0,1,0.028035,1,0.005607,1,112.710935327565,1,4.85698395703392,512,1,9.20600032806396,35.0620002746582,0.0280349999666214,0,108.687202453613,-85.7774,26.589,9.93430873928346,63,63,63,63,61,63,0,7819,1.11328740596807,27,-86,0.001869,51,2025-04-14 21:50:17.002326,512,1.037,0.0011,"aoml_navis",1029.44544273385
"7901009",67,0,1,0.028035,1,0.005607,1,112.764648836668,1,4.85693583813234,514,1,9.1899995803833,35.060001373291,0.0280349999666214,0,108.738998413086,-85.7774,26.589,9.93430873928346,63,63,63,63,61,63,0,7819,1.11328740596807,27,-86,0.001869,51,2025-04-14 21:50:17.002326,514,1.037,0.0011,"aoml_navis",1029.4556417123
"7901009",67,0,1,0.028035,1,0.005607,1,112.821685320263,1,4.85688815167198,516,1,9.17000007629395,35.056999206543,0.0280349999666214,0,108.793998718262,-85.7774,26.589,9.93430873928346,63,63,63,63,61,63,0,7819,1.11328740596807,27,-86,0.001869,51,2025-04-14 21:50:17.002326,516,1.037,0.0011,"aoml_navis",1029.46574923261
"7901009",67,0,1,0.026166,1,0.003738,1,112.985745318017,1,4.85682907870171,518,1,9.1269998550415,35.0519981384277,0.0261659994721413,0,108.952201843262,-85.7774,26.589,9.93430873928346,63,63,63,63,61,63,0,7819,1.11328740596807,27,-86,0.001869,51,2025-04-14 21:50:17.002326,518,1.037,0.0011,"aoml_navis",1029.47827048848
"7901009",67,0,1,0.026166,1,0.003738,1,113.092246650472,1,4.85677533890665,520,1,9.09500026702881,35.0480003356934,0.0261659994721413,0,109.054901123047,-85.7774,26.589,9.93430873928346,63,63,63,63,61,63,0,7819,1.11328740596807,27,-86,0.001869,51,2025-04-14 21:50:17.002326,520,1.037,0.0011,"aoml_navis",1029.48966157566
"7901009",67,0,1,0.026166,1,0.003738,1,113.187861285544,1,4.85671964736239,522,1,9.05599975585938,35.0429992675781,0.0261659994721413,0,109.147102355957,-85.7774,26.589,9.93430873928346,63,63,63,63,61,63,0,7819,1.11328740596807,27,-86,0.001869,51,2025-04-14 21:50:17.002326,522,1.037,0.0011,"aoml_navis",1029.50146663611
"7901009",67,0,1,0.028035,1,0.005607,1,113.226328671206,1,4.85666645059889,524,1,9.02000045776367,35.0379981994629,0.0280349999666214,0,109.184196472168,-85.7774,26.589,9.93430873928346,63,63,63,63,61,63,0,7819,1.11328740596807,27,-86,0.001869,51,2025-04-14 21:50:17.002326,524,1.037,0.0011,"aoml_navis",1029.51274312516
"7901009",67,0,1,0.029904,1,0.007476,1,113.411022758184,1,4.85659642895823,526,1,8.95400047302246,35.0309982299805,0.0299040004611015,0,109.362297058105,-85.7774,26.589,9.93430873928346,63,63,63,63,61,63,0,7819,1.11328740596807,27,-86,0.001869,51,2025-04-14 21:50:17.002326,526,1.037,0.0011,"aoml_navis",1029.52758647737
"7901009",67,0,1,0.028035,1,0.005607,1,113.475630876513,1,4.85654165917938,528,1,8.92500019073486,35.0279998779297,0.0280349999666214,0,109.424598693848,-85.7774,26.589,9.93430873928346,63,63,63,63,61,63,0,7819,1.11328740596807,27,-86,0.001869,51,2025-04-14 21:50:17.002326,528,1.037,0.0011,"aoml_navis",1029.53919700235
"7901009",67,0,1,0.028035,1,0.005607,1,113.612727309822,1,4.85648900501171,530,1,8.89400005340576,35.023998260498,0.0280349999666214,0,109.556800842285,-85.7774,26.589,9.93430873928346,63,63,63,63,61,63,0,7819,1.11328740596807,27,-86,0.001869,51,2025-04-14 21:50:17.002326,530,1.037,0.0011,"aoml_navis",1029.55035929046
"7901009",67,0,1,0.029904,1,0.007476,1,113.816504764595,1,4.85642306556279,532,1,8.85099983215332,35.0209999084473,0.0299040004611015,0,109.753303527832,-85.7774,26.589,9.93430873928346,63,63,63,63,61,63,0,7819,1.11328740596807,27,-86,0.001869,51,2025-04-14 21:50:17.002326,532,1.037,0.0011,"aoml_navis",1029.56433829979
"7901009",67,0,1,0.026166,1,0.003738,1,113.906517814096,1,4.85637629453647,534,1,8.84099960327148,35.0200004577637,0.0261659994721413,0,109.840103149414,-85.7774,26.589,9.93430873928346,63,63,63,63,61,63,0,7819,1.11328740596807,27,-86,0.001869,51,2025-04-14 21:50:17.002326,534,1.037,0.0011,"aoml_navis",1029.57425387837
"7901009",67,0,1,0.031773,1,0.009345,1,113.988539901129,1,4.8563311317278,536,1,8.83300018310547,35.0190010070801,0.0317730009555817,0,109.91919708252,-85.7774,26.589,9.93430873928346,63,63,63,63,61,63,0,7819,1.11328740596807,27,-86,0.001869,51,2025-04-14 21:50:17.002326,536,1.037,0.0011,"aoml_navis",1029.5838286919
"7901009",67,0,1,0.024297,1,0.001869,1,114.154878509963,1,4.85628597085463,538,1,8.82499980926514,35.0180015563965,0.0242970008403063,0,110.079597473145,-85.7774,26.589,9.93430873928346,63,63,63,63,61,63,0,7819,1.11328740596807,27,-86,0.001869,51,2025-04-14 21:50:17.002326,538,1.037,0.0011,"aoml_navis",1029.59340327318
"7901009",67,0,1,0.026166,1,0.003738,1,114.379503673749,1,4.85623842295395,540,1,8.81400012969971,35.0169982910156,0.0261659994721413,0,110.296203613281,-85.7774,26.589,9.93430873928346,63,63,63,63,61,63,0,7819,1.11328740596807,27,-86,0.001869,51,2025-04-14 21:50:17.002326,540,1.037,0.0011,"aoml_navis",1029.60348412189
"7901009",67,0,1,0.028035,1,0.005607,1,114.592506338658,1,4.85616573732912,542,1,8.76700019836426,35.0149993896484,0.0280349999666214,0,110.501602172852,-85.7774,26.589,9.93430873928346,63,63,63,63,61,63,0,7819,1.11328740596807,27,-86,0.001869,51,2025-04-14 21:50:17.002326,542,1.037,0.0011,"aoml_navis",1029.61889491646
"7901009",67,0,1,0.029904,1,0.007476,1,114.628489405295,1,4.85610320088175,544,1,8.72799968719482,35.0120010375977,0.0299040004611015,0,110.53630065918,-85.7774,26.589,9.93430873928346,63,63,63,63,61,63,0,7819,1.11328740596807,27,-86,0.001869,51,2025-04-14 21:50:17.002326,544,1.037,0.0011,"aoml_navis",1029.63215425325
"7901009",67,0,1,0.031773,1,0.009345,1,114.731675675102,1,4.85604999209788,546,1,8.69600009918213,35.007999420166,0.0317730009555817,0,110.635803222656,-85.7774,26.589,9.93430873928346,63,63,63,63,61,63,0,7819,1.11328740596807,27,-86,0.001869,51,2025-04-14 21:50:17.002326,546,1.037,0.0011,"aoml_navis",1029.64343615415
"7901009",67,0,1,0.031773,1,0.009345,1,114.794930868102,1,4.85599392764162,548,1,8.66499996185303,35.0050010681152,0.0317730009555817,0,110.696800231934,-85.7774,26.589,9.93430873928346,63,63,63,63,61,63,0,7819,1.11328740596807,27,-86,0.001869,51,2025-04-14 21:50:17.002326,548,1.037,0.0011,"aoml_navis",1029.65532381304
"7901009",67,0,1,0.026166,1,0.003738,1,114.920721276295,1,4.85594902928396,550,1,8.64799976348877,35.0019989013672,0.0261659994721413,0,110.818099975586,-85.7774,26.589,9.93430873928346,63,63,63,63,61,63,0,7819,1.11328740596807,27,-86,0.001869,51,2025-04-14 21:50:17.002326,550,1.037,0.0011,"aoml_navis",1029.6648440598
"7901009",67,0,1,0.028035,1,0.005607,1,115.060721356362,1,4.85589086970843,552,1,8.60499954223633,34.9970016479492,0.0280349999666214,0,110.953102111816,-85.7774,26.589,9.93430873928346,63,63,63,63,61,63,0,7819,1.11328740596807,27,-86,0.001869,51,2025-04-14 21:50:17.002326,552,1.037,0.0011,"aoml_navis",1029.67717647663
"7901009",67,0,1,0.028035,1,0.005607,1,115.132687489636,1,4.85583782128729,554,1,8.57299995422363,34.9930000305176,0.0280349999666214,0,111.022499084473,-85.7774,26.589,9.93430873928346,63,63,63,63,61,63,0,7819,1.11328740596807,27,-86,0.001869,51,2025-04-14 21:50:17.002326,554,1.037,0.0011,"aoml_navis",1029.688425359
"7901009",67,0,1,0.029904,1,0.007476,1,115.24582685923,1,4.85579217874097,556,1,8.55500030517578,34.9900016784668,0.0299040004611015,0,111.13159942627,-85.7774,26.589,9.93430873928346,63,63,63,63,61,63,0,7819,1.11328740596807,27,-86,0.001869,51,2025-04-14 21:50:17.002326,556,1.037,0.0011,"aoml_navis",1029.69810402726
"7901009",67,0,1,0.026166,1,0.003738,1,115.328371127969,1,4.85574367281068,558,1,8.53800010681152,34.9879989624023,0.0261659994721413,0,111.211196899414,-85.7774,26.589,9.93430873928346,63,63,63,63,61,63,0,7819,1.11328740596807,27,-86,0.001869,51,2025-04-14 21:50:17.002326,558,1.037,0.0011,"aoml_navis",1029.70839008597
"7901009",67,0,1,0.031773,1,0.009345,1,115.426786555827,1,4.85569831865824,560,1,8.52499961853027,34.9860000610352,0.0317730009555817,0,111.306098937988,-85.7774,26.589,9.93430873928346,63,63,63,63,61,63,0,7819,1.11328740596807,27,-86,0.001869,51,2025-04-14 21:50:17.002326,560,1.037,0.0011,"aoml_navis",1029.71800797164
"7901009",67,0,1,0.028035,1,0.005607,1,115.666649931209,1,4.85564511119922,562,1,8.48799991607666,34.9809989929199,0.0280349999666214,0,111.537399291992,-85.7774,26.589,9.93430873928346,63,63,63,63,61,63,0,7819,1.11328740596807,27,-86,0.001869,51,2025-04-14 21:50:17.002326,562,1.037,0.0011,"aoml_navis",1029.7292914731
"7901009",67,0,1,0.028035,1,0.005607,1,115.915018538921,1,4.85558723384148,564,1,8.44499969482422,34.976001739502,0.0280349999666214,0,111.776901245117,-85.7774,26.589,9.93430873928346,63,63,63,63,61,63,0,7819,1.11328740596807,27,-86,0.001869,51,2025-04-14 21:50:17.002326,564,1.037,0.0011,"aoml_navis",1029.74156558285
"7901009",67,0,1,0.029904,1,0.007476,1,116.062582341878,1,4.85553909608533,566,1,8.41899967193604,34.9720001220703,0.0299040004611015,0,111.91919708252,-85.7774,26.589,9.93430873928346,63,63,63,63,61,63,0,7819,1.11328740596807,27,-86,0.001869,51,2025-04-14 21:50:17.002326,566,1.037,0.0011,"aoml_navis",1029.75177442833
"7901009",67,0,1,0.029904,1,0.007476,1,116.317280424812,1,4.8554678388478,568,1,8.35400009155273,34.9659996032715,0.0299040004611015,0,112.16480255127,-85.7774,26.589,9.93430873928346,63,63,63,63,61,63,0,7819,1.11328740596807,27,-86,0.001869,51,2025-04-14 21:50:17.002326,568,1.037,0.0011,"aoml_navis",1029.76688672425
"7901009",67,0,1,0.029904,1,0.007476,1,116.400030401496,1,4.85542413306151,570,1,8.3430004119873,34.9640007019043,0.0299040004611015,0,112.244598388672,-85.7774,26.589,9.93430873928346,63,63,63,63,61,63,0,7819,1.11328740596807,27,-86,0.001869,51,2025-04-14 21:50:17.002326,570,1.037,0.0011,"aoml_navis",1029.77615610427
"7901009",67,0,1,0.028035,1,0.005607,1,116.43103691824,1,4.8553749686349,572,1,8.32499980926514,34.9620018005371,0.0280349999666214,0,112.27449798584,-85.7774,26.589,9.93430873928346,63,63,63,63,61,63,0,7819,1.11328740596807,27,-86,0.001869,51,2025-04-14 21:50:17.002326,572,1.037,0.0011,"aoml_navis",1029.78658338426
"7901009",67,0,1,0.031773,1,0.009345,1,116.545940629052,1,4.85532327635393,574,1,8.29899978637695,34.9589996337891,0.0317730009555817,0,112.385299682617,-85.7774,26.589,9.93430873928346,63,63,63,63,61,63,0,7819,1.11328740596807,27,-86,0.001869,51,2025-04-14 21:50:17.002326,574,1.037,0.0011,"aoml_navis",1029.79754702445
"7901009",67,0,1,0.028035,1,0.005607,1,116.654514864641,1,4.85527025112922,576,1,8.27600002288818,34.9570007324219,0.0280349999666214,0,112.48999786377,-85.7774,26.589,9.93430873928346,63,63,63,63,61,63,0,7819,1.11328740596807,27,-86,0.001869,51,2025-04-14 21:50:17.002326,576,1.037,0.0011,"aoml_navis",1029.80879361702
"7901009",67,0,1,0.029904,1,0.007476,1,116.725452458192,1,4.85521336096094,578,1,8.2480001449585,34.9550018310547,0.0299040004611015,0,112.558403015137,-85.7774,26.589,9.93430873928346,63,63,63,63,61,63,0,7819,1.11328740596807,27,-86,0.001869,51,2025-04-14 21:50:17.002326,578,1.037,0.0011,"aoml_navis",1029.82086023309
"7901009",67,0,1,0.028035,1,0.005607,1,116.772013660294,1,4.85516019596966,580,1,8.22000026702881,34.9519996643066,0.0280349999666214,0,112.603302001953,-85.7774,26.589,9.93430873928346,63,63,63,63,61,63,0,7819,1.11328740596807,27,-86,0.001869,51,2025-04-14 21:50:17.002326,580,1.037,0.0011,"aoml_navis",1029.83213698089
"7901009",67,0,1,0.029904,1,0.007476,1,116.796382139899,1,4.85510511051076,582,1,8.19900035858154,34.951000213623,0.0299040004611015,0,112.626800537109,-85.7774,26.589,9.93430873928346,63,63,63,63,61,63,0,7819,1.11328740596807,27,-86,0.001869,51,2025-04-14 21:50:17.002326,582,1.037,0.0011,"aoml_navis",1029.84382133675
"7901009",67,0,1,0.031773,1,0.009345,1,116.716741517918,1,4.85505178059305,584,1,8.1850004196167,34.951000213623,0.0317730009555817,0,112.550003051758,-85.7774,26.589,9.93430873928346,63,63,63,63,61,63,0,7819,1.11328740596807,27,-86,0.001869,51,2025-04-14 21:50:17.002326,584,1.037,0.0011,"aoml_navis",1029.85513357166
"7901009",67,0,1,0.028035,1,0.005607,1,116.63512293493,1,4.85500716538125,586,1,8.1870002746582,34.9519996643066,0.0280349999666214,0,112.471298217773,-85.7774,26.589,9.93430873928346,63,63,63,63,61,63,0,7819,1.11328740596807,27,-86,0.001869,51,2025-04-14 21:50:17.002326,586,1.037,0.0011,"aoml_navis",1029.8645974516
"7901009",67,0,1,0.024297,1,0.001869,1,116.596133367562,1,4.85496700829505,588,1,8.1899995803833,34.9519996643066,0.0242970008403063,0,112.433700561523,-85.7774,26.589,9.93430873928346,63,63,63,63,61,63,0,7819,1.11328740596807,27,-86,0.001869,51,2025-04-14 21:50:17.002326,588,1.037,0.0011,"aoml_navis",1029.87311581256
"7901009",67,0,1,0.028035,1,0.005607,1,116.695893808905,1,4.85491523260545,590,1,8.17800045013428,34.9519996643066,0.0280349999666214,0,112.529899597168,-85.7774,26.589,9.93430873928346,63,63,63,63,61,63,0,7819,1.11328740596807,27,-86,0.001869,51,2025-04-14 21:50:17.002326,590,1.037,0.0011,"aoml_navis",1029.88409898903
"7901009",67,0,1,0.031773,1,0.009345,1,116.892099628944,1,4.85486308193173,592,1,8.1560001373291,34.9500007629395,0.0317730009555817,0,112.719100952148,-85.7774,26.589,9.93430873928346,63,63,63,63,61,63,0,7819,1.11328740596807,27,-86,0.001869,51,2025-04-14 21:50:17.002326,592,1.037,0.0011,"aoml_navis",1029.8951619477
"7901009",67,0,1,0.031773,1,0.009345,1,117.01872078076,1,4.85481558745199,594,1,8.14000034332275,34.9480018615723,0.0317730009555817,0,112.841201782227,-85.7774,26.589,9.93430873928346,63,63,63,63,61,63,0,7819,1.11328740596807,27,-86,0.001869,51,2025-04-14 21:50:17.002326,594,1.037,0.0011,"aoml_navis",1029.90523737364
"7901009",67,0,1,0.028035,1,0.005607,1,117.323192274471,1,4.85474787458782,596,1,8.0930004119873,34.9449996948242,0.0280349999666214,0,113.134803771973,-85.7774,26.589,9.93430873928346,63,63,63,63,61,63,0,7819,1.11328740596807,27,-86,0.001869,51,2025-04-14 21:50:17.002326,596,1.037,0.0011,"aoml_navis",1029.91960224598
"7901009",67,0,1,0.026166,1,0.003738,1,117.48973659125,1,4.85469024030311,598,1,8.05900001525879,34.9420013427734,0.0261659994721413,0,113.295402526855,-85.7774,26.589,9.93430873928346,63,63,63,63,61,63,0,7819,1.11328740596807,27,-86,0.001869,51,2025-04-14 21:50:17.002326,598,1.037,0.0011,"aoml_navis",1029.93182932467
"7901009",67,0,1,0.029904,1,0.007476,1,117.555792577036,1,4.8546445062482,600,1,8.05000019073486,34.9410018920898,0.0299040004611015,0,113.359100341797,-85.7774,26.589,9.93430873928346,63,63,63,63,61,63,0,7819,1.11328740596807,27,-86,0.001869,51,2025-04-14 21:50:17.002326,600,1.037,0.0011,"aoml_navis",1029.94153198339
"7901009",67,0,1,0.029904,1,0.007476,1,117.675364275824,1,4.854594945478,602,1,8.03600025177002,34.939998626709,0.0299040004611015,0,113.474403381348,-85.7774,26.589,9.93430873928346,63,63,63,63,61,63,0,7819,1.11328740596807,27,-86,0.001869,51,2025-04-14 21:50:17.002326,602,1.037,0.0011,"aoml_navis",1029.95204670112
"7901009",67,0,1,0.026166,1,0.003738,1,117.798971015066,1,4.85454368249958,604,1,8.01500034332275,34.9379997253418,0.0261659994721413,0,113.593597412109,-85.7774,26.589,9.93430873928346,63,63,63,63,61,63,0,7819,1.11328740596807,27,-86,0.001869,51,2025-04-14 21:50:17.002326,604,1.037,0.0011,"aoml_navis",1029.96292278197
"7901009",67,0,1,0.028035,1,0.005607,1,117.933369509561,1,4.85449320271958,606,1,7.99499988555908,34.9360008239746,0.0280349999666214,0,113.723197937012,-85.7774,26.589,9.93430873928346,63,63,63,63,61,63,0,7819,1.11328740596807,27,-86,0.001869,51,2025-04-14 21:50:17.002326,606,1.037,0.0011,"aoml_navis",1029.97363292195
"7901009",67,0,1,0.031773,1,0.009345,1,118.031262755714,1,4.85444505126654,608,1,7.97800016403198,34.9339981079102,0.0317730009555817,0,113.817596435547,-85.7774,26.589,9.93430873928346,63,63,63,63,61,63,0,7819,1.11328740596807,27,-86,0.001869,51,2025-04-14 21:50:17.002326,608,1.037,0.0011,"aoml_navis",1029.98384927552
"7901009",67,0,1,0.029904,1,0.007476,1,118.149798002934,1,4.85439627844657,610,1,7.96500015258789,34.9329986572266,0.0299040004611015,0,113.931900024414,-85.7774,26.589,9.93430873928346,63,63,63,63,61,63,0,7819,1.11328740596807,27,-86,0.001869,51,2025-04-14 21:50:17.002326,610,1.037,0.0011,"aoml_navis",1029.99419767189
"7901009",67,0,1,0.031773,1,0.009345,1,118.309395720657,1,4.85434354077789,612,1,7.94199991226196,34.9309997558594,0.0317730009555817,0,114.085800170898,-85.7774,26.589,9.93430873928346,63,63,63,63,61,63,0,7819,1.11328740596807,27,-86,0.001869,51,2025-04-14 21:50:17.002326,612,1.037,0.0011,"aoml_navis",1030.00538754593
"7901009",67,0,1,0.033642,1,0.011214,1,118.35927989725,1,4.85429082377583,614,1,7.91900014877319,34.9290008544922,0.0336420014500618,0,114.133903503418,-85.7774,26.589,9.93430873928346,63,63,63,63,61,63,0,7819,1.11328740596807,27,-86,0.001869,51,2025-04-14 21:50:17.002326,614,1.037,0.0011,"aoml_navis",1030.01657327791
"7901009",67,0,1,0.026166,1,0.003738,1,118.436428288363,1,4.85424603455926,616,1,7.91599988937378,34.9290008544922,0.0261659994721413,0,114.208297729492,-85.7774,26.589,9.93430873928346,63,63,63,63,61,63,0,7819,1.11328740596807,27,-86,0.001869,51,2025-04-14 21:50:17.002326,616,1.037,0.0011,"aoml_navis",1030.02607704741
"7901009",67,0,1,0.031773,1,0.009345,1,118.539820266114,1,4.85420645620518,618,1,7.91499996185303,34.9280014038086,0.0317730009555817,0,114.307998657227,-85.7774,26.589,9.93430873928346,63,63,63,63,61,63,0,7819,1.11328740596807,27,-86,0.001869,51,2025-04-14 21:50:17.002326,618,1.037,0.0011,"aoml_navis",1030.03447527627
"7901009",67,0,1,0.028035,1,0.005607,1,118.691434933214,1,4.85415772671503,620,1,7.90199995040894,34.9269981384277,0.0280349999666214,0,114.454200744629,-85.7774,26.589,9.93430873928346,63,63,63,63,61,63,0,7819,1.11328740596807,27,-86,0.001869,51,2025-04-14 21:50:17.002326,620,1.037,0.0011,"aoml_navis",1030.04481549545
"7901009",67,0,1,0.031773,1,0.009345,1,119.023692823149,1,4.85409246411726,622,1,7.84800004959106,34.9220008850098,0.0317730009555817,0,114.774597167969,-85.7774,26.589,9.93430873928346,63,63,63,63,61,63,0,7819,1.11328740596807,27,-86,0.001869,51,2025-04-14 21:50:17.002326,622,1.037,0.0011,"aoml_navis",1030.05866430467
"7901009",67,0,1,0.031773,1,0.009345,1,119.202579616611,1,4.85403908204873,624,1,7.82399988174438,34.9199981689453,0.0317730009555817,0,114.94709777832,-85.7774,26.589,9.93430873928346,63,63,63,63,61,63,0,7819,1.11328740596807,27,-86,0.001869,51,2025-04-14 21:50:17.002326,624,1.037,0.0011,"aoml_navis",1030.06999232682
"7901009",67,0,1,0.028035,1,0.005607,1,119.331067963618,1,4.85398168959399,626,1,7.78499984741211,34.9160003662109,0.0280349999666214,0,115.070999145508,-85.7774,26.589,9.93430873928346,63,63,63,63,61,63,0,7819,1.11328740596807,27,-86,0.001869,51,2025-04-14 21:50:17.002326,626,1.037,0.0011,"aoml_navis",1030.08217165694
"7901009",67,0,1,0.028035,1,0.005607,1,119.419008109984,1,4.8539231572912,628,1,7.75899982452393,34.9150009155273,0.0280349999666214,0,115.155799865723,-85.7774,26.589,9.93430873928346,63,63,63,63,61,63,0,7819,1.11328740596807,27,-86,0.001869,51,2025-04-14 21:50:17.002326,628,1.037,0.0011,"aoml_navis",1030.09459317241
"7901009",67,0,1,0.033642,1,0.011214,1,119.412789400578,1,4.85387902772236,630,1,7.7519998550415,34.9140014648438,0.0336420014500618,0,115.149803161621,-85.7774,26.589,9.93430873928346,63,63,63,63,61,63,0,7819,1.11328740596807,27,-86,0.001869,51,2025-04-14 21:50:17.002326,630,1.037,0.0011,"aoml_navis",1030.10395838938
"7901009",67,0,1,0.028035,1,0.005607,1,119.456755517839,1,4.85383056603782,632,1,7.74900007247925,34.9150009155273,0.0280349999666214,0,115.192199707031,-85.7774,26.589,9.93430873928346,63,63,63,63,61,63,0,7819,1.11328740596807,27,-86,0.001869,51,2025-04-14 21:50:17.002326,632,1.037,0.0011,"aoml_navis",1030.11424316805
"7901009",67,0,1,0.029904,1,0.007476,1,119.713937919798,1,4.85376924080338,634,1,7.72900009155273,34.9160003662109,0.0299040004611015,0,115.440200805664,-85.7774,26.589,9.93430873928346,63,63,63,63,61,63,0,7819,1.11328740596807,27,-86,0.001869,51,2025-04-14 21:50:17.002326,634,1.037,0.0011,"aoml_navis",1030.12725820736
"7901009",67,0,1,0.029904,1,0.007476,1,120.159438033299,1,4.85370898669005,636,1,7.68599987030029,34.9119987487793,0.0299040004611015,0,115.86979675293,-85.7774,26.589,9.93430873928346,63,63,63,63,61,63,0,7819,1.11328740596807,27,-86,0.001869,51,2025-04-14 21:50:17.002326,636,1.037,0.0011,"aoml_navis",1030.14004624322
"7901009",67,0,1,0.029904,1,0.007476,1,120.542933025157,1,4.85364127578826,638,1,7.63299989700317,34.9080009460449,0.0299040004611015,0,116.239601135254,-85.7774,26.589,9.93430873928346,63,63,63,63,61,63,0,7819,1.11328740596807,27,-86,0.001869,51,2025-04-14 21:50:17.002326,638,1.037,0.0011,"aoml_navis",1030.15441724996
"7901009",67,0,1,0.029904,1,0.007476,1,120.697759900932,1,4.85359341415768,640,1,7.62099981307983,34.9070014953613,0.0299040004611015,0,116.388900756836,-85.7774,26.589,9.93430873928346,63,63,63,63,61,63,0,7819,1.11328740596807,27,-86,0.001869,51,2025-04-14 21:50:17.002326,640,1.037,0.0011,"aoml_navis",1030.16457567609
"7901009",67,0,1,0.029904,1,0.007476,1,120.910137530162,1,4.85354932822183,642,1,7.61399984359741,34.9059982299805,0.0299040004611015,0,116.593696594238,-85.7774,26.589,9.93430873928346,63,63,63,63,61,63,0,7819,1.11328740596807,27,-86,0.001869,51,2025-04-14 21:50:17.002326,642,1.037,0.0011,"aoml_navis",1030.17393290444
"7901009",67,0,1,0.029904,1,0.007476,1,121.133306914646,1,4.85350215352963,644,1,7.59800004959106,34.9039993286133,0.0299040004611015,0,116.808898925781,-85.7774,26.589,9.93430873928346,63,63,63,63,61,63,0,7819,1.11328740596807,27,-86,0.001869,51,2025-04-14 21:50:17.002326,644,1.037,0.0011,"aoml_navis",1030.1839459088
"7901009",67,0,1,0.028035,1,0.005607,1,121.310635074835,1,4.85344087405193,646,1,7.57299995422363,34.9039993286133,0.0280349999666214,0,116.97989654541,-85.7774,26.589,9.93430873928346,63,63,63,63,61,63,0,7819,1.11328740596807,27,-86,0.001869,51,2025-04-14 21:50:17.002326,646,1.037,0.0011,"aoml_navis",1030.19695299713
"7901009",67,0,1,0.026166,1,0.003738,1,121.453641655633,1,4.85339903413364,648,1,7.56899976730347,34.9029998779297,0.0261659994721413,0,117.117797851562,-85.7774,26.589,9.93430873928346,63,63,63,63,61,63,0,7819,1.11328740596807,27,-86,0.001869,51,2025-04-14 21:50:17.002326,648,1.037,0.0011,"aoml_navis",1030.20583406296
"7901009",67,0,1,0.028035,1,0.005607,1,121.70522247202,1,4.85334895235543,650,1,7.55399990081787,34.9020004272461,0.0280349999666214,0,117.360397338867,-85.7774,26.589,9.93430873928346,63,63,63,63,61,63,0,7819,1.11328740596807,27,-86,0.001869,51,2025-04-14 21:50:17.002326,650,1.037,0.0011,"aoml_navis",1030.2164647719
"7901009",67,0,1,0.029904,1,0.007476,1,122.030953090632,1,4.85328397290995,652,1,7.52400016784668,34.9020004272461,0.0299040004611015,0,117.674499511719,-85.7774,26.589,9.93430873928346,63,63,63,63,61,63,0,7819,1.11328740596807,27,-86,0.001869,51,2025-04-14 21:50:17.002326,652,1.037,0.0011,"aoml_navis",1030.23025809101
"7901009",67,0,1,0.028035,1,0.005607,1,122.128537774868,1,4.85323098067079,654,1,7.51000022888184,34.9020004272461,0.0280349999666214,0,117.768600463867,-85.7774,26.589,9.93430873928346,63,63,63,63,61,63,0,7819,1.11328740596807,27,-86,0.001869,51,2025-04-14 21:50:17.002326,654,1.037,0.0011,"aoml_navis",1030.24150713489
"7901009",67,0,1,0.031773,1,0.009345,1,122.227364618616,1,4.85317874226013,656,1,7.49700021743774,34.9020004272461,0.0317730009555817,0,117.863899230957,-85.7774,26.589,9.93430873928346,63,63,63,63,61,63,0,7819,1.11328740596807,27,-86,0.001869,51,2025-04-14 21:50:17.002326,656,1.037,0.0011,"aoml_navis",1030.2525963986
"7901009",67,0,1,0.026166,1,0.003738,1,122.356580855273,1,4.85313317816065,658,1,7.48799991607666,34.9010009765625,0.0261659994721413,0,117.988502502441,-85.7774,26.589,9.93430873928346,63,63,63,63,61,63,0,7819,1.11328740596807,27,-86,0.001869,51,2025-04-14 21:50:17.002326,658,1.037,0.0011,"aoml_navis",1030.26226902246
"7901009",67,0,1,0.029904,1,0.007476,1,122.476350350162,1,4.8530853783614,660,1,7.47599983215332,34.9000015258789,0.0299040004611015,0,118.103996276855,-85.7774,26.589,9.93430873928346,63,63,63,63,61,63,0,7819,1.11328740596807,27,-86,0.001869,51,2025-04-14 21:50:17.002326,660,1.037,0.0011,"aoml_navis",1030.27241644947
"7901009",67,0,1,0.029904,1,0.007476,1,122.585968949163,1,4.85303688542979,662,1,7.46799993515015,34.9000015258789,0.0299040004611015,0,118.209701538086,-85.7774,26.589,9.93430873928346,63,63,63,63,61,63,0,7819,1.11328740596807,27,-86,0.001869,51,2025-04-14 21:50:17.002326,662,1.037,0.0011,"aoml_navis",1030.28271122592
"7901009",67,0,1,0.028035,1,0.005607,1,122.711450795439,1,4.85298836277495,664,1,7.45499992370605,34.898998260498,0.0280349999666214,0,118.330703735352,-85.7774,26.589,9.93430873928346,63,63,63,63,61,63,0,7819,1.11328740596807,27,-86,0.001869,51,2025-04-14 21:50:17.002326,664,1.037,0.0011,"aoml_navis",1030.29301251837
"7901009",67,0,1,0.031773,1,0.009345,1,122.886911760438,1,4.85293834205065,666,1,7.44000005722046,34.8979988098145,0.0317730009555817,0,118.499900817871,-85.7774,26.589,9.93430873928346,63,63,63,63,61,63,0,7819,1.11328740596807,27,-86,0.001869,51,2025-04-14 21:50:17.002326,666,1.037,0.0011,"aoml_navis",1030.30363206453
"7901009",67,0,1,0.028035,1,0.005607,1,123.05656543192,1,4.85288911493181,668,1,7.43100023269653,34.8979988098145,0.0280349999666214,0,118.663497924805,-85.7774,26.589,9.93430873928346,63,63,63,63,61,63,0,7819,1.11328740596807,27,-86,0.001869,51,2025-04-14 21:50:17.002326,668,1.037,0.0011,"aoml_navis",1030.31408333966
"7901009",67,0,1,0.026166,1,0.003738,1,123.35730253525,1,4.85284502172231,670,1,7.41900014877319,34.8959999084473,0.0261659994721413,0,118.953498840332,-85.7774,26.589,9.93430873928346,63,63,63,63,61,63,0,7819,1.11328740596807,27,-86,0.001869,51,2025-04-14 21:50:17.002326,670,1.037,0.0011,"aoml_navis",1030.32344482855
"7901009",67,0,1,0.029904,1,0.007476,1,123.81981311341,1,4.85280084129699,672,1,7.39200019836426,34.890998840332,0.0299040004611015,0,119.39949798584,-85.7774,26.589,9.93430873928346,63,63,63,63,61,63,0,7819,1.11328740596807,27,-86,0.001869,51,2025-04-14 21:50:17.002326,672,1.037,0.0011,"aoml_navis",1030.33282500496
"7901009",67,0,1,0.031773,1,0.009345,1,124.413509977391,1,4.85273219674997,674,1,7.32200002670288,34.8839988708496,0.0317730009555817,0,119.97200012207,-85.7774,26.589,9.93430873928346,63,63,63,63,61,63,0,7819,1.11328740596807,27,-86,0.001869,51,2025-04-14 21:50:17.002326,674,1.037,0.0011,"aoml_navis",1030.34739962544
"7901009",67,0,1,0.029904,1,0.007476,1,124.867103907333,1,4.85267556287318,676,1,7.27799987792969,34.8790016174316,0.0299040004611015,0,120.409400939941,-85.7774,26.589,9.93430873928346,63,63,63,63,61,63,0,7819,1.11328740596807,27,-86,0.001869,51,2025-04-14 21:50:17.002326,676,1.037,0.0011,"aoml_navis",1030.35942444905
"7901009",67,0,1,0.028035,1,0.005607,1,125.177691256477,1,4.85261534427895,678,1,7.23400020599365,34.875,0.0280349999666214,0,120.70890045166,-85.7774,26.589,9.93430873928346,63,63,63,63,61,63,0,7819,1.11328740596807,27,-86,0.001869,51,2025-04-14 21:50:17.002326,678,1.037,0.0011,"aoml_navis",1030.37221070795
"7901009",67,0,1,0.029904,1,0.007476,1,125.343610537578,1,4.85256912183742,680,1,7.22399997711182,34.8740005493164,0.0299040004611015,0,120.868896484375,-85.7774,26.589,9.93430873928346,63,63,63,63,61,63,0,7819,1.11328740596807,27,-86,0.001869,51,2025-04-14 21:50:17.002326,680,1.037,0.0011,"aoml_navis",1030.38202536861
"7901009",67,0,1,0.028035,1,0.005607,1,125.581401009825,1,4.85252437375537,682,1,7.21600008010864,34.8730010986328,0.0280349999666214,0,121.098197937012,-85.7774,26.589,9.93430873928346,63,63,63,63,61,63,0,7819,1.11328740596807,27,-86,0.001869,51,2025-04-14 21:50:17.002326,682,1.037,0.0011,"aoml_navis",1030.39152714868
"7901009",67,0,1,0.029904,1,0.007476,1,125.876853001345,1,4.85247595353873,684,1,7.20300006866455,34.8720016479492,0.0299040004611015,0,121.383102416992,-85.7774,26.589,9.93430873928346,63,63,63,63,61,63,0,7819,1.11328740596807,27,-86,0.001869,51,2025-04-14 21:50:17.002326,684,1.037,0.0011,"aoml_navis",1030.40180886496
"7901009",67,0,1,0.031773,1,0.009345,1,126.202789327902,1,4.85240334676385,686,1,7.15700006484985,34.8709983825684,0.0317730009555817,0,121.697402954102,-85.7774,26.589,9.93430873928346,63,63,63,63,61,63,0,7819,1.11328740596807,27,-86,0.001869,51,2025-04-14 21:50:17.002326,686,1.037,0.0011,"aoml_navis",1030.4172268232
"7901009",67,0,1,0.029904,1,0.007476,1,126.356991167998,1,4.85233955990594,688,1,7.12799978256226,34.8709983825684,0.0299040004611015,0,121.846099853516,-85.7774,26.589,9.93430873928346,63,63,63,63,61,63,0,7819,1.11328740596807,27,-86,0.001869,51,2025-04-14 21:50:17.002326,688,1.037,0.0011,"aoml_navis",1030.43077226379
"7901009",67,0,1,0.035511,1,0.013083,1,126.472512002644,1,4.85228530381004,690,1,7.11199998855591,34.8709983825684,0.0355109982192516,0,121.957496643066,-85.7774,26.589,9.93430873928346,63,63,63,63,61,63,0,7819,1.11328740596807,27,-86,0.001869,51,2025-04-14 21:50:17.002326,690,1.037,0.0011,"aoml_navis",1030.44229408233
"7901009",67,0,1,0.028035,1,0.005607,1,126.588143603106,1,4.85222297801705,692,1,7.09000015258789,34.8720016479492,0.0280349999666214,0,122.069000244141,-85.7774,26.589,9.93430873928346,63,63,63,63,61,63,0,7819,1.11328740596807,27,-86,0.001869,51,2025-04-14 21:50:17.002326,692,1.037,0.0011,"aoml_navis",1030.45552989886
"7901009",67,0,1,0.029904,1,0.007476,1,126.780615032764,1,4.85217020261382,694,1,7.07600021362305,34.8720016479492,0.0299040004611015,0,122.254600524902,-85.7774,26.589,9.93430873928346,63,63,63,63,61,63,0,7819,1.11328740596807,27,-86,0.001869,51,2025-04-14 21:50:17.002326,694,1.037,0.0011,"aoml_navis",1030.46673781281
"7901009",67,0,1,0.029904,1,0.007476,1,126.911801318584,1,4.8521174338204,696,1,7.06199979782104,34.8720016479492,0.0299040004611015,0,122.381103515625,-85.7774,26.589,9.93430873928346,63,63,63,63,61,63,0,7819,1.11328740596807,27,-86,0.001869,51,2025-04-14 21:50:17.002326,696,1.037,0.0011,"aoml_navis",1030.4779445668
"7901009",67,0,1,0.029904,1,0.007476,1,127.10281696894,1,4.85206327228879,698,1,7.04099988937378,34.8709983825684,0.0299040004611015,0,122.565299987793,-85.7774,26.589,9.93430873928346,63,63,63,63,61,63,0,7819,1.11328740596807,27,-86,0.001869,51,2025-04-14 21:50:17.002326,698,1.037,0.0011,"aoml_navis",1030.48944735657
"7901009",67,0,1,0.028035,1,0.005607,1,127.274860017319,1,4.85198719491768,700,1,7,34.8720016479492,0.0280349999666214,0,122.731201171875,-85.7774,26.589,9.93430873928346,63,63,63,63,61,63,0,7819,1.11328740596807,27,-86,0.001869,51,2025-04-14 21:50:17.002326,700,1.037,0.0011,"aoml_navis",1030.50560505134
"7901009",67,0,1,0.029904,1,0.007476,1,127.245823549738,1,4.8519198985312,702,1,6.97100019454956,34.8730010986328,0.0299040004611015,0,122.703201293945,-85.7774,26.589,9.93430873928346,63,63,63,63,61,63,0,7819,1.11328740596807,27,-86,0.001869,51,2025-04-14 21:50:17.002326,702,1.037,0.0011,"aoml_navis",1030.51989821877
"7901009",67,0,1,0.028035,1,0.005607,1,127.076478440173,1,4.85186198738993,704,1,6.96000003814697,34.875,0.0280349999666214,0,122.539901733398,-85.7774,26.589,9.93430873928346,63,63,63,63,61,63,0,7819,1.11328740596807,27,-86,0.001869,51,2025-04-14 21:50:17.002326,704,1.037,0.0011,"aoml_navis",1030.53219835912
"7901009",67,0,1,0.029904,1,0.007476,1,127.03997319183,1,4.85180474370221,706,1,6.95499992370605,34.8779983520508,0.0299040004611015,0,122.504699707031,-85.7774,26.589,9.93430873928346,63,63,63,63,61,63,0,7819,1.11328740596807,27,-86,0.001869,51,2025-04-14 21:50:17.002326,706,1.037,0.0011,"aoml_navis",1030.54435702305
"7901009",67,0,1,0.028035,1,0.005607,1,127.115159445623,1,4.85175493289626,708,1,6.94500017166138,34.8779983520508,0.0280349999666214,0,122.577201843262,-85.7774,26.589,9.93430873928346,63,63,63,63,61,63,0,7819,1.11328740596807,27,-86,0.001869,51,2025-04-14 21:50:17.002326,708,1.037,0.0011,"aoml_navis",1030.55493716276
"7901009",67,0,1,0.026166,1,0.003738,1,127.092761015181,1,4.85170729816292,710,1,6.93800020217896,34.8779983520508,0.0261659994721413,0,122.555603027344,-85.7774,26.589,9.93430873928346,63,63,63,63,61,63,0,7819,1.11328740596807,27,-86,0.001869,51,2025-04-14 21:50:17.002326,710,1.037,0.0011,"aoml_navis",1030.56505529368
"7901009",67,0,1,0.028035,1,0.005607,1,127.114953737679,1,4.8516501760075,712,1,6.9229998588562,34.8790016174316,0.0280349999666214,0,122.577003479004,-85.7774,26.589,9.93430873928346,63,63,63,63,61,63,0,7819,1.11328740596807,27,-86,0.001869,51,2025-04-14 21:50:17.002326,712,1.037,0.0011,"aoml_navis",1030.57718891731
"7901009",67,0,1,0.029904,1,0.007476,1,126.99164764851,1,4.85160037698562,714,1,6.91300010681152,34.8790016174316,0.0299040004611015,0,122.458099365234,-85.7774,26.589,9.93430873928346,63,63,63,63,61,63,0,7819,1.11328740596807,27,-86,0.001869,51,2025-04-14 21:50:17.002326,714,1.037,0.0011,"aoml_navis",1030.58776722797
"7901009",67,0,1,0.031773,1,0.009345,1,126.746182687556,1,4.85155557795634,716,1,6.91499996185303,34.8800010681152,0.0317730009555817,0,122.221397399902,-85.7774,26.589,9.93430873928346,63,63,63,63,61,63,0,7819,1.11328740596807,27,-86,0.001869,51,2025-04-14 21:50:17.002326,716,1.037,0.0011,"aoml_navis",1030.59728362551
"7901009",67,0,1,0.031773,1,0.009345,1,126.631904012423,1,4.85150927119444,718,1,6.92000007629395,34.8819999694824,0.0317730009555817,0,122.111198425293,-85.7774,26.589,9.93430873928346,63,63,63,63,61,63,0,7819,1.11328740596807,27,-86,0.001869,51,2025-04-14 21:50:17.002326,718,1.037,0.0011,"aoml_navis",1030.60712048665
"7901009",67,0,1,0.029904,1,0.007476,1,126.730944475959,1,4.85145941090619,720,1,6.91499996185303,34.882999420166,0.0299040004611015,0,122.206703186035,-85.7774,26.589,9.93430873928346,63,63,63,63,61,63,0,7819,1.11328740596807,27,-86,0.001869,51,2025-04-14 21:50:17.002326,720,1.037,0.0011,"aoml_navis",1030.61771242688
"7901009",67,0,1,0.029904,1,0.007476,1,126.944152848813,1,4.85140086754623,722,1,6.89799976348877,34.8839988708496,0.0299040004611015,0,122.412300109863,-85.7774,26.589,9.93430873928346,63,63,63,63,61,63,0,7819,1.11328740596807,27,-86,0.001869,51,2025-04-14 21:50:17.002326,722,1.037,0.0011,"aoml_navis",1030.63014921068
"7901009",67,0,1,0.031773,1,0.009345,1,127.15155392815,1,4.85134172305064,724.099975585938,1,6.87799978256226,34.8839988708496,0.0317730009555817,0,122.612297058105,-85.7774,26.589,9.93430873928346,63,63,63,63,61,63,0,7819,1.11328740596807,27,-86,0.001869,51,2025-04-14 21:50:17.002326,724.099975585938,1.037,0.0011,"aoml_navis",1030.64271400281
"7901009",67,0,1,0.031773,1,0.009345,1,127.486304048954,1,4.85128612613377,726,1,6.85699987411499,34.8839988708496,0.0317730009555817,0,122.935096740723,-85.7774,26.589,9.93430873928346,63,63,63,63,61,63,0,7819,1.11328740596807,27,-86,0.001869,51,2025-04-14 21:50:17.002326,726,1.037,0.0011,"aoml_navis",1030.65452541855
"7901009",67,0,1,0.028035,1,0.005607,1,127.697550284489,1,4.85122993989736,728,1,6.83300018310547,34.882999420166,0.0280349999666214,0,123.138801574707,-85.7774,26.589,9.93430873928346,63,63,63,63,61,63,0,7819,1.11328740596807,27,-86,0.001869,51,2025-04-14 21:50:17.002326,728,1.037,0.0011,"aoml_navis",1030.66646230869
"7901009",67,0,1,0.028035,1,0.005607,1,127.896343277524,1,4.85118529842923,730,1,6.82499980926514,34.8819999694824,0.0280349999666214,0,123.330497741699,-85.7774,26.589,9.93430873928346,63,63,63,63,61,63,0,7819,1.11328740596807,27,-86,0.001869,51,2025-04-14 21:50:17.002326,730,1.037,0.0011,"aoml_navis",1030.6759466844
"7901009",67,0,1,0.033642,1,0.011214,1,128.146887642344,1,4.85113553531125,732,1,6.81500005722046,34.8819999694824,0.0336420014500618,0,123.57209777832,-85.7774,26.589,9.93430873928346,63,63,63,63,61,63,0,7819,1.11328740596807,27,-86,0.001869,51,2025-04-14 21:50:17.002326,732,1.037,0.0011,"aoml_navis",1030.68651939431
"7901009",67,0,1,0.026166,1,0.003738,1,128.392558311242,1,4.85108730002018,734,1,6.80200004577637,34.8810005187988,0.0261659994721413,0,123.80899810791,-85.7774,26.589,9.93430873928346,63,63,63,63,61,63,0,7819,1.11328740596807,27,-86,0.001869,51,2025-04-14 21:50:17.002326,734,1.037,0.0011,"aoml_navis",1030.69676770797
"7901009",67,0,1,0.031773,1,0.009345,1,128.710408733204,1,4.85103763219252,736,1,6.78700017929077,34.8800010681152,0.0317730009555817,0,124.115501403809,-85.7774,26.589,9.93430873928346,63,63,63,63,61,63,0,7819,1.11328740596807,27,-86,0.001869,51,2025-04-14 21:50:17.002326,736,1.037,0.0011,"aoml_navis",1030.70732059857
"7901009",67,0,1,0.028035,1,0.005607,1,129.088610701407,1,4.85098940977856,738,1,6.77400016784668,34.8790016174316,0.0280349999666214,0,124.480201721191,-85.7774,26.589,9.93430873928346,63,63,63,63,61,63,0,7819,1.11328740596807,27,-86,0.001869,51,2025-04-14 21:50:17.002326,738,1.037,0.0011,"aoml_navis",1030.71756658983
"7901009",67,0,1,0.029904,1,0.007476,1,129.670685066512,1,4.85092458704729,740,1,6.74300003051758,34.8790016174316,0.0299040004611015,0,125.041496276855,-85.7774,26.589,9.93430873928346,63,63,63,63,61,63,0,7819,1.11328740596807,27,-86,0.001869,51,2025-04-14 21:50:17.002326,740,1.037,0.0011,"aoml_navis",1030.7313400317
"7901009",67,0,1,0.029904,1,0.007476,1,130.14118660714,1,4.85084835139471,742,1,6.69600009918213,34.8790016174316,0.0299040004611015,0,125.49520111084,-85.7774,26.589,9.93430873928346,63,63,63,63,61,63,0,7819,1.11328740596807,27,-86,0.001869,51,2025-04-14 21:50:17.002326,742,1.037,0.0011,"aoml_navis",1030.74753894593
"7901009",67,0,1,0.029904,1,0.007476,1,130.434763491625,1,4.85079018202673,744,1,6.66900014877319,34.8779983520508,0.0299040004611015,0,125.778297424316,-85.7774,26.589,9.93430873928346,63,63,63,63,61,63,0,7819,1.11328740596807,27,-86,0.001869,51,2025-04-14 21:50:17.002326,744,1.037,0.0011,"aoml_navis",1030.7598993925
"7901009",67,0,1,0.029904,1,0.007476,1,130.6344979941,1,4.85073547483116,746,1,6.65199995040894,34.8779983520508,0.0299040004611015,0,125.970901489258,-85.7774,26.589,9.93430873928346,63,63,63,63,61,63,0,7819,1.11328740596807,27,-86,0.001869,51,2025-04-14 21:50:17.002326,746,1.037,0.0011,"aoml_navis",1030.77152443033
"7901009",67,0,1,0.031773,1,0.009345,1,130.850610013711,1,4.85068719594466,748,1,6.64400005340576,34.8779983520508,0.0317730009555817,0,126.179298400879,-85.7774,26.589,9.93430873928346,63,63,63,63,61,63,0,7819,1.11328740596807,27,-86,0.001869,51,2025-04-14 21:50:17.002326,748,1.037,0.0011,"aoml_navis",1030.78178369864
"7901009",67,0,1,0.026166,1,0.003738,1,131.217925284533,1,4.85064117806243,750,1,6.63399982452393,34.8769989013672,0.0261659994721413,0,126.533500671387,-85.7774,26.589,9.93430873928346,63,63,63,63,61,63,0,7819,1.11328740596807,27,-86,0.001869,51,2025-04-14 21:50:17.002326,750,1.037,0.0011,"aoml_navis",1030.79156269342
"7901009",67,0,1,0.026166,1,0.003738,1,131.623193671154,1,4.85058720429438,752,1,6.61800003051758,34.8769989013672,0.0261659994721413,0,126.924301147461,-85.7774,26.589,9.93430873928346,63,63,63,63,61,63,0,7819,1.11328740596807,27,-86,0.001869,51,2025-04-14 21:50:17.002326,752,1.037,0.0011,"aoml_navis",1030.80303258404
"7901009",67,0,1,0.031773,1,0.009345,1,131.90785390742,1,4.85052696415967,754,1,6.58799982070923,34.8759994506836,0.0317730009555817,0,127.198799133301,-85.7774,26.589,9.93430873928346,63,63,63,63,61,63,0,7819,1.11328740596807,27,-86,0.001869,51,2025-04-14 21:50:17.002326,754,1.037,0.0011,"aoml_navis",1030.815834433
"7901009",67,0,1,0.031773,1,0.009345,1,132.039245901185,1,4.85047941327317,756,1,6.58099985122681,34.8759994506836,0.0317730009555817,0,127.325500488281,-85.7774,26.589,9.93430873928346,63,63,63,63,61,63,0,7819,1.11328740596807,27,-86,0.001869,51,2025-04-14 21:50:17.002326,756,1.037,0.0011,"aoml_navis",1030.82593986847
"7901009",67,0,1,0.029904,1,0.007476,1,132.148959442315,1,4.85042973277459,758,1,6.57100009918213,34.8759994506836,0.0299040004611015,0,127.431297302246,-85.7774,26.589,9.93430873928346,63,63,63,63,61,63,0,7819,1.11328740596807,27,-86,0.001869,51,2025-04-14 21:50:17.002326,758,1.037,0.0011,"aoml_navis",1030.83649809722
"7901009",67,0,1,0.029904,1,0.007476,1,132.210355351969,1,4.85038289739038,760,1,6.56500005722046,34.8759994506836,0.0299040004611015,0,127.490501403809,-85.7774,26.589,9.93430873928346,63,63,63,63,61,63,0,7819,1.11328740596807,27,-86,0.001869,51,2025-04-14 21:50:17.002326,760,1.037,0.0011,"aoml_navis",1030.84645187293
"7901009",67,0,1,0.031773,1,0.009345,1,132.298604060251,1,4.85033819531534,762,1,6.56199979782104,34.8759994506836,0.0317730009555817,0,127.57559967041,-85.7774,26.589,9.93430873928346,63,63,63,63,61,63,0,7819,1.11328740596807,27,-86,0.001869,51,2025-04-14 21:50:17.002326,762,1.037,0.0011,"aoml_navis",1030.85595244249
"7901009",67,0,1,0.031773,1,0.009345,1,132.353045459005,1,4.85029136402245,764,1,6.55600023269653,34.8759994506836,0.0317730009555817,0,127.62809753418,-85.7774,26.589,9.93430873928346,63,63,63,63,61,63,0,7819,1.11328740596807,27,-86,0.001869,51,2025-04-14 21:50:17.002326,764,1.037,0.0011,"aoml_navis",1030.86590572435
"7901009",67,0,1,0.026166,1,0.003738,1,132.406038990301,1,4.85024666550515,766,1,6.55299997329712,34.8759994506836,0.0261659994721413,0,127.67919921875,-85.7774,26.589,9.93430873928346,63,63,63,63,61,63,0,7819,1.11328740596807,27,-86,0.001869,51,2025-04-14 21:50:17.002326,766,1.037,0.0011,"aoml_navis",1030.87540589634
"7901009",67,0,1,0.028035,1,0.005607,1,132.409148345004,1,4.85020196916819,768,1,6.55000019073486,34.8759994506836,0.0280349999666214,0,127.682197570801,-85.7774,26.589,9.93430873928346,63,63,63,63,61,63,0,7819,1.11328740596807,27,-86,0.001869,51,2025-04-14 21:50:17.002326,768,1.037,0.0011,"aoml_navis",1030.88490578002
"7901009",67,0,1,0.028035,1,0.005607,1,132.376171779097,1,4.85015727433374,770,1,6.54699993133545,34.8759994506836,0.0280349999666214,0,127.650398254395,-85.7774,26.589,9.93430873928346,63,63,63,63,61,63,0,7819,1.11328740596807,27,-86,0.001869,51,2025-04-14 21:50:17.002326,770,1.037,0.0011,"aoml_navis",1030.89440551942
"7901009",67,0,1,0.031773,1,0.009345,1,132.39774737776,1,4.85011329226426,772,1,6.54500007629395,34.8759994506836,0.0317730009555817,0,127.671203613281,-85.7774,26.589,9.93430873928346,63,63,63,63,61,63,0,7819,1.11328740596807,27,-86,0.001869,51,2025-04-14 21:50:17.002326,772,1.037,0.0011,"aoml_navis",1030.90375393391
"7901009",67,0,1,0.029904,1,0.007476,1,132.394732965186,1,4.8500686011539,774,1,6.54199981689453,34.8759994506836,0.0299040004611015,0,127.668296813965,-85.7774,26.589,9.93430873928346,63,63,63,63,61,63,0,7819,1.11328740596807,27,-86,0.001869,51,2025-04-14 21:50:17.002326,774,1.037,0.0011,"aoml_navis",1030.91325322913
"7901009",67,0,1,0.029904,1,0.007476,1,132.52425776376,1,4.85002035903301,776,1,6.53399991989136,34.8759994506836,0.0299040004611015,0,127.793197631836,-85.7774,26.589,9.93430873928346,63,63,63,63,61,63,0,7819,1.11328740596807,27,-86,0.001869,51,2025-04-14 21:50:17.002326,776,1.037,0.0011,"aoml_navis",1030.92350750398
"7901009",67,0,1,0.026166,1,0.003738,1,132.724506536097,1,4.84996714875866,778,1,6.51900005340576,34.8759994506836,0.0261659994721413,0,127.986297607422,-85.7774,26.589,9.93430873928346,63,63,63,63,61,63,0,7819,1.11328740596807,27,-86,0.001869,51,2025-04-14 21:50:17.002326,778,1.037,0.0011,"aoml_navis",1030.93481803887
"7901009",67,0,1,0.026166,1,0.003738,1,132.920403794218,1,4.84991891338966,780,1,6.51100015640259,34.8759994506836,0.0261659994721413,0,128.175201416016,-85.7774,26.589,9.93430873928346,63,63,63,63,61,63,0,7819,1.11328740596807,27,-86,0.001869,51,2025-04-14 21:50:17.002326,780,1.037,0.0011,"aoml_navis",1030.94507130748
"7901009",67,0,1,0.029904,1,0.007476,1,133.165449427438,1,4.84986997087933,782,1,6.5019998550415,34.8759994506836,0.0299040004611015,0,128.411499023438,-85.7774,26.589,9.93430873928346,63,63,63,63,61,63,0,7819,1.11328740596807,27,-86,0.001869,51,2025-04-14 21:50:17.002326,782,1.037,0.0011,"aoml_navis",1030.95547509977
"7901009",67,0,1,0.031773,1,0.009345,1,133.272164379681,1,4.84982613410243,784,1,6.49499988555908,34.875,0.0317730009555817,0,128.514404296875,-85.7774,26.589,9.93430873928346,63,63,63,63,61,63,0,7819,1.11328740596807,27,-86,0.001869,51,2025-04-14 21:50:17.002326,784,1.037,0.0011,"aoml_navis",1030.96479373592
"7901009",67,0,1,0.029904,1,0.007476,1,133.725228216073,1,4.84977280482749,786,1,6.4850001335144,34.8759994506836,0.0299040004611015,0,128.951293945312,-85.7774,26.589,9.93430873928346,63,63,63,63,61,63,0,7819,1.11328740596807,27,-86,0.001869,51,2025-04-14 21:50:17.002326,786,1.037,0.0011,"aoml_navis",1030.97613047419
"7901009",67,0,1,0.031773,1,0.009345,1,134.209828662759,1,4.84970207210074,788,1,6.44000005722046,34.875,0.0317730009555817,0,129.418594360352,-85.7774,26.589,9.93430873928346,63,63,63,63,61,63,0,7819,1.11328740596807,27,-86,0.001869,51,2025-04-14 21:50:17.002326,788,1.037,0.0011,"aoml_navis",1030.99116722322
"7901009",67,0,1,0.028035,1,0.005607,1,134.398462848063,1,4.84965597833207,790,1,6.43499994277954,34.875,0.0280349999666214,0,129.600494384766,-85.7774,26.589,9.93430873928346,63,63,63,63,61,63,0,7819,1.11328740596807,27,-86,0.001869,51,2025-04-14 21:50:17.002326,790,1.037,0.0011,"aoml_navis",1031.00096632414
"7901009",67,0,1,0.031773,1,0.009345,1,134.735507403635,1,4.84961342143561,792,1,6.43499994277954,34.875,0.0317730009555817,0,129.925506591797,-85.7774,26.589,9.93430873928346,63,63,63,63,61,63,0,7819,1.11328740596807,27,-86,0.001869,51,2025-04-14 21:50:17.002326,792,1.037,0.0011,"aoml_navis",1031.01001368473
"7901009",67,0,1,0.029904,1,0.007476,1,135.192922754242,1,4.84955955675892,794,1,6.41900014877319,34.875,0.0299040004611015,0,130.366592407227,-85.7774,26.589,9.93430873928346,63,63,63,63,61,63,0,7819,1.11328740596807,27,-86,0.001869,51,2025-04-14 21:50:17.002326,794,1.037,0.0011,"aoml_navis",1031.02146524449
"7901009",67,0,4,0.01869,1,-0.003738,1,135.747432254755,1,4.8495093848137,796,1,6.40299987792969,34.8740005493164,0.0186899993568659,0,130.901306152344,-85.7774,26.589,9.93430873928346,63,63,63,63,61,63,0,7819,1.11328740596807,27,-86,0.001869,51,2025-04-14 21:50:17.002326,796,1.037,0.0011,"aoml_navis",1031.0321319632
"7901009",67,0,1,0.031773,1,0.009345,1,136.462457246897,1,4.84945499154085,798,1,6.38100004196167,34.8730010986328,0.0317730009555817,0,131.590805053711,-85.7774,26.589,9.93430873928346,63,63,63,63,61,63,0,7819,1.11328740596807,27,-86,0.001869,51,2025-04-14 21:50:17.002326,798,1.037,0.0011,"aoml_navis",1031.04369639923
"7901009",67,0,1,0.033642,1,0.011214,1,137.138793321746,1,4.84939270877963,800,1,6.35300016403198,34.8730010986328,0.0336420014500618,0,132.24299621582,-85.7774,26.589,9.93430873928346,63,63,63,63,61,63,0,7819,1.11328740596807,27,-86,0.001869,51,2025-04-14 21:50:17.002326,800,1.037,0.0011,"aoml_navis",1031.05693852092
"7901009",67,0,1,0.028035,1,0.005607,1,137.676181591783,1,4.84931202851311,802,1,6.30399990081787,34.8740005493164,0.0280349999666214,0,132.761199951172,-85.7774,26.589,9.93430873928346,63,63,63,63,61,63,0,7819,1.11328740596807,27,-86,0.001869,51,2025-04-14 21:50:17.002326,802,1.037,0.0011,"aoml_navis",1031.07409269621
"7901009",67,0,1,0.029904,1,0.007476,1,137.887222119373,1,4.84926174558279,804,1,6.29300022125244,34.8740005493164,0.0299040004611015,0,132.964706420898,-85.7774,26.589,9.93430873928346,63,63,63,63,61,63,0,7819,1.11328740596807,27,-86,0.001869,51,2025-04-14 21:50:17.002326,804,1.037,0.0011,"aoml_navis",1031.08478410235
"7901009",67,0,1,0.029904,1,0.007476,1,138.076062012621,1,4.84921216745646,806,1,6.28299999237061,34.8740005493164,0.0299040004611015,0,133.14680480957,-85.7774,26.589,9.93430873928346,63,63,63,63,61,63,0,7819,1.11328740596807,27,-86,0.001869,51,2025-04-14 21:50:17.002326,806,1.037,0.0011,"aoml_navis",1031.09532586664
"7901009",67,0,1,0.026166,1,0.003738,1,138.279934409523,1,4.84916189247416,808,1,6.27199983596802,34.8740005493164,0.0261659994721413,0,133.343399047852,-85.7774,26.589,9.93430873928346,63,63,63,63,61,63,0,7819,1.11328740596807,27,-86,0.001869,51,2025-04-14 21:50:17.002326,808,1.037,0.0011,"aoml_navis",1031.10601602309
"7901009",67,0,1,0.029904,1,0.007476,1,138.422933078476,1,4.84911372277457,810,1,6.26399993896484,34.8740005493164,0.0299040004611015,0,133.481292724609,-85.7774,26.589,9.93430873928346,63,63,63,63,61,63,0,7819,1.11328740596807,27,-86,0.001869,51,2025-04-14 21:50:17.002326,810,1.037,0.0011,"aoml_navis",1031.11625873338
"7901009",67,0,1,0.028035,1,0.005607,1,138.516482722257,1,4.84906625581842,812,1,6.25699996948242,34.8740005493164,0.0280349999666214,0,133.571502685547,-85.7774,26.589,9.93430873928346,63,63,63,63,61,63,0,7819,1.11328740596807,27,-86,0.001869,51,2025-04-14 21:50:17.002326,812,1.037,0.0011,"aoml_navis",1031.12635221275
"7901009",67,0,1,0.029904,1,0.007476,1,138.561690999031,1,4.84902159177119,814,1,6.25400018692017,34.8740005493164,0.0299040004611015,0,133.615097045898,-85.7774,26.589,9.93430873928346,63,63,63,63,61,63,0,7819,1.11328740596807,27,-86,0.001869,51,2025-04-14 21:50:17.002326,814,1.037,0.0011,"aoml_navis",1031.13584985578
"7901009",67,0,1,0.031773,1,0.009345,1,138.616140309628,1,4.84897832975634,816,1,6.25299978256226,34.8740005493164,0.0317730009555817,0,133.667602539062,-85.7774,26.589,9.93430873928346,63,63,63,63,61,63,0,7819,1.11328740596807,27,-86,0.001869,51,2025-04-14 21:50:17.002326,816,1.037,0.0011,"aoml_navis",1031.14504952866
"7901009",67,0,1,0.028035,1,0.005607,1,138.734153375142,1,4.84893366945957,818,1,6.25,34.8740005493164,0.0280349999666214,0,133.781402587891,-85.7774,26.589,9.93430873928346,63,63,63,63,61,63,0,7819,1.11328740596807,27,-86,0.001869,51,2025-04-14 21:50:17.002326,818,1.037,0.0011,"aoml_navis",1031.15454671857
"7901009",67,0,1,0.035511,1,0.013083,1,138.845836965435,1,4.84888971142352,820,1,6.2480001449585,34.8740005493164,0.0355109982192516,0,133.889099121094,-85.7774,26.589,9.93430873928346,63,63,63,63,61,63,0,7819,1.11328740596807,27,-86,0.001869,51,2025-04-14 21:50:17.002326,820,1.037,0.0011,"aoml_navis",1031.16389474079
"7901009",67,0,1,0.029904,1,0.007476,1,139.029708220634,1,4.84884435402519,822,1,6.24399995803833,34.8740005493164,0.0299040004611015,0,134.06640625,-85.7774,26.589,9.93430873928346,63,63,63,63,61,63,0,7819,1.11328740596807,27,-86,0.001869,51,2025-04-14 21:50:17.002326,822,1.037,0.0011,"aoml_navis",1031.17354052607
"7901009",67,0,1,0.024297,1,0.001869,1,139.310325504602,1,4.84879689731505,824,1,6.23699998855591,34.8740005493164,0.0242970008403063,0,134.337005615234,-85.7774,26.589,9.93430873928346,63,63,63,63,61,63,0,7819,1.11328740596807,27,-86,0.001869,51,2025-04-14 21:50:17.002326,824,1.037,0.0011,"aoml_navis",1031.18363294793
"7901009",67,0,1,0.031773,1,0.009345,1,139.576416642936,1,4.84874524260792,826,1,6.22399997711182,34.8740005493164,0.0317730009555817,0,134.593597412109,-85.7774,26.589,9.93430873928346,63,63,63,63,61,63,0,7819,1.11328740596807,27,-86,0.001869,51,2025-04-14 21:50:17.002326,826,1.037,0.0011,"aoml_navis",1031.19461836496
"7901009",67,0,1,0.028035,1,0.005607,1,139.884725381,1,4.84869709171448,828,1,6.21600008010864,34.8740005493164,0.0280349999666214,0,134.890899658203,-85.7774,26.589,9.93430873928346,63,63,63,63,61,63,0,7819,1.11328740596807,27,-86,0.001869,51,2025-04-14 21:50:17.002326,828,1.037,0.0011,"aoml_navis",1031.20485883601
"7901009",67,0,1,0.031773,1,0.009345,1,140.327218993771,1,4.84864894345328,830,1,6.20800018310547,34.8740005493164,0.0317730009555817,0,135.317596435547,-85.7774,26.589,9.93430873928346,63,63,63,63,61,63,0,7819,1.11328740596807,27,-86,0.001869,51,2025-04-14 21:50:17.002326,830,1.037,0.0011,"aoml_navis",1031.21509895062
"7901009",67,0,1,0.029904,1,0.007476,1,141.042876933436,1,4.84860308279533,832,1,6.19799995422363,34.8730010986328,0.0299040004611015,0,136.007705688477,-85.7774,26.589,9.93430873928346,63,63,63,63,61,63,0,7819,1.11328740596807,27,-86,0.001869,51,2025-04-14 21:50:17.002326,832,1.037,0.0011,"aoml_navis",1031.22485272962
"7901009",67,0,1,0.031773,1,0.009345,1,141.833602449234,1,4.84854166878405,834,1,6.1710000038147,34.8730010986328,0.0317730009555817,0,136.770202636719,-85.7774,26.589,9.93430873928346,63,63,63,63,61,63,0,7819,1.11328740596807,27,-86,0.001869,51,2025-04-14 21:50:17.002326,834,1.037,0.0011,"aoml_navis",1031.23791473033
"7901009",67,0,1,0.029904,1,0.007476,1,142.484747212699,1,4.84846128000589,836,1,6.12200021743774,34.8740005493164,0.0299040004611015,0,137.398101806641,-85.7774,26.589,9.93430873928346,63,63,63,63,61,63,0,7819,1.11328740596807,27,-86,0.001869,51,2025-04-14 21:50:17.002326,836,1.037,0.0011,"aoml_navis",1031.25501292936
"7901009",67,0,1,0.028035,1,0.005607,1,142.952653668486,1,4.84840550646793,838,1,6.10300016403198,34.8740005493164,0.0280349999666214,0,137.849304199219,-85.7774,26.589,9.93430873928346,63,63,63,63,61,63,0,7819,1.11328740596807,27,-86,0.001869,51,2025-04-14 21:50:17.002326,838,1.037,0.0011,"aoml_navis",1031.26687595125
"7901009",67,0,1,0.028035,1,0.005607,1,143.384988473526,1,4.84835460723346,840,1,6.09100008010864,34.8740005493164,0.0280349999666214,0,138.266204833984,-85.7774,26.589,9.93430873928346,63,63,63,63,61,63,0,7819,1.11328740596807,27,-86,0.001869,51,2025-04-14 21:50:17.002326,840,1.037,0.0011,"aoml_navis",1031.27770244782
"7901009",67,0,1,0.029904,1,0.007476,1,143.853606995276,1,4.84830024247706,842,1,6.07399988174438,34.8740005493164,0.0299040004611015,0,138.71809387207,-85.7774,26.589,9.93430873928346,63,63,63,63,61,63,0,7819,1.11328740596807,27,-86,0.001869,51,2025-04-14 21:50:17.002326,842,1.037,0.0011,"aoml_navis",1031.28926632758
"7901009",67,0,1,0.028035,1,0.005607,1,144.310215337792,1,4.84824796842955,844,1,6.05999994277954,34.8740005493164,0.0280349999666214,0,139.158401489258,-85.7774,26.589,9.93430873928346,63,63,63,63,61,63,0,7819,1.11328740596807,27,-86,0.001869,51,2025-04-14 21:50:17.002326,844,1.037,0.0011,"aoml_navis",1031.30038573906
"7901009",67,0,1,0.029904,1,0.007476,1,144.912828849992,1,4.848189466673,846,1,6.03700017929077,34.8740005493164,0.0299040004611015,0,139.739501953125,-85.7774,26.589,9.93430873928346,63,63,63,63,61,63,0,7819,1.11328740596807,27,-86,0.001869,51,2025-04-14 21:50:17.002326,846,1.037,0.0011,"aoml_navis",1031.31283015455
"7901009",67,0,1,0.031773,1,0.009345,1,145.624008685937,1,4.84813167609536,848,1,6.0149998664856,34.8740005493164,0.0317730009555817,0,140.42529296875,-85.7774,26.589,9.93430873928346,63,63,63,63,61,63,0,7819,1.11328740596807,27,-86,0.001869,51,2025-04-14 21:50:17.002326,848,1.037,0.0011,"aoml_navis",1031.32512358389
"7901009",67,0,1,0.028035,1,0.005607,1,146.211589694485,1,4.84806331449684,850,1,5.98299980163574,34.875,0.0280349999666214,0,140.991897583008,-85.7774,26.589,9.93430873928346,63,63,63,63,61,63,0,7819,1.11328740596807,27,-86,0.001869,51,2025-04-14 21:50:17.002326,850,1.037,0.0011,"aoml_navis",1031.339666099
"7901009",67,0,1,0.029904,1,0.007476,1,146.437773491544,1,4.84799843855287,852,1,5.95599985122681,34.8759994506836,0.0299040004611015,0,141.210006713867,-85.7774,26.589,9.93430873928346,63,63,63,63,61,63,0,7819,1.11328740596807,27,-86,0.001869,51,2025-04-14 21:50:17.002326,852,1.037,0.0011,"aoml_navis",1031.35346749256
"7901009",67,0,1,0.029904,1,0.007476,1,146.477791598635,1,4.84795173314964,854,1,5.94999980926514,34.8759994506836,0.0299040004611015,0,141.248596191406,-85.7774,26.589,9.93430873928346,63,63,63,63,61,63,0,7819,1.11328740596807,27,-86,0.001869,51,2025-04-14 21:50:17.002326,854,1.037,0.0011,"aoml_navis",1031.36340360212
"7901009",67,0,1,0.028035,1,0.005607,1,146.528917934741,1,4.84790778577345,856,1,5.94799995422363,34.8759994506836,0.0280349999666214,0,141.297897338867,-85.7774,26.589,9.93430873928346,63,63,63,63,61,63,0,7819,1.11328740596807,27,-86,0.001869,51,2025-04-14 21:50:17.002326,856,1.037,0.0011,"aoml_navis",1031.37275314371
"7901009",67,0,1,0.029904,1,0.007476,1,146.49377352357,1,4.84785970620819,858,1,5.94000005722046,34.8759994506836,0.0299040004611015,0,141.264007568359,-85.7774,26.589,9.93430873928346,63,63,63,63,61,63,0,7819,1.11328740596807,27,-86,0.001869,51,2025-04-14 21:50:17.002326,858,1.037,0.0011,"aoml_navis",1031.382981978
"7901009",67,0,1,0.029904,1,0.007476,1,146.413294246122,1,4.84779924125865,860,1,5.91400003433228,34.8759994506836,0.0299040004611015,0,141.186401367188,-85.7774,26.589,9.93430873928346,63,63,63,63,61,63,0,7819,1.11328740596807,27,-86,0.001869,51,2025-04-14 21:50:17.002326,860,1.037,0.0011,"aoml_navis",1031.39584606681
"7901009",67,0,1,0.031773,1,0.009345,1,146.468455622682,1,4.84774154963616,862,1,5.89200019836426,34.8759994506836,0.0317730009555817,0,141.239593505859,-85.7774,26.589,9.93430873928346,63,63,63,63,61,63,0,7819,1.11328740596807,27,-86,0.001869,51,2025-04-14 21:50:17.002326,862,1.037,0.0011,"aoml_navis",1031.40812042161
"7901009",67,0,1,0.035511,1,0.013083,1,146.658023405582,1,4.84769279752412,864,1,5.88299989700317,34.8759994506836,0.0355109982192516,0,141.422393798828,-85.7774,26.589,9.93430873928346,63,63,63,63,61,63,0,7819,1.11328740596807,27,-86,0.001869,51,2025-04-14 21:50:17.002326,864,1.037,0.0011,"aoml_navis",1031.41849305172
"7901009",67,0,1,0.035511,1,0.013083,1,146.88078928602,1,4.84764542152128,866,1,5.87599992752075,34.8759994506836,0.0355109982192516,0,141.63720703125,-85.7774,26.589,9.93430873928346,63,63,63,63,61,63,0,7819,1.11328740596807,27,-86,0.001869,51,2025-04-14 21:50:17.002326,866,1.037,0.0011,"aoml_navis",1031.42857309702
"7901009",67,0,1,0.028035,1,0.005607,1,147.126341277258,1,4.84759873404795,868,1,5.86999988555908,34.8759994506836,0.0280349999666214,0,141.873992919922,-85.7774,26.589,9.93430873928346,63,63,63,63,61,63,0,7819,1.11328740596807,27,-86,0.001869,51,2025-04-14 21:50:17.002326,868,1.037,0.0011,"aoml_navis",1031.43850683879
"7901009",67,0,1,0.028035,1,0.005607,1,147.501236094658,1,4.84754861819793,870,1,5.85900020599365,34.8759994506836,0.0280349999666214,0,142.235504150391,-85.7774,26.589,9.93430873928346,63,63,63,63,61,63,0,7819,1.11328740596807,27,-86,0.001869,51,2025-04-14 21:50:17.002326,870,1.037,0.0011,"aoml_navis",1031.44917025273
"7901009",67,0,1,0.033642,1,0.011214,1,147.887840441219,1,4.84749002338983,872,1,5.84100008010864,34.8769989013672,0.0336420014500618,0,142.608306884766,-85.7774,26.589,9.93430873928346,63,63,63,63,61,63,0,7819,1.11328740596807,27,-86,0.001869,51,2025-04-14 21:50:17.002326,872,1.037,0.0011,"aoml_navis",1031.46163805893
"7901009",67,0,1,0.033642,1,0.011214,1,148.202051414928,1,4.84742733336186,874,1,5.81699991226196,34.8779983520508,0.0336420014500618,0,142.91130065918,-85.7774,26.589,9.93430873928346,63,63,63,63,61,63,0,7819,1.11328740596807,27,-86,0.001869,51,2025-04-14 21:50:17.002326,874,1.037,0.0011,"aoml_navis",1031.47497757998
"7901009",67,0,1,0.033642,1,0.011214,1,148.367567191983,1,4.84738065763204,876,1,5.81099987030029,34.8779983520508,0.0336420014500618,0,143.070907592773,-85.7774,26.589,9.93430873928346,63,63,63,63,61,63,0,7819,1.11328740596807,27,-86,0.001869,51,2025-04-14 21:50:17.002326,876,1.037,0.0011,"aoml_navis",1031.48490971669
"7901009",67,0,1,0.029904,1,0.007476,1,148.54707110928,1,4.84733603660815,878,1,5.80800008773804,34.8779983520508,0.0299040004611015,0,143.244003295898,-85.7774,26.589,9.93430873928346,63,63,63,63,61,63,0,7819,1.11328740596807,27,-86,0.001869,51,2025-04-14 21:50:17.002326,878,1.037,0.0011,"aoml_navis",1031.49440481099
"7901009",67,0,1,0.026166,1,0.003738,1,149.002524322568,1,4.84728457673573,880,1,5.79500007629395,34.8779983520508,0.0261659994721413,0,143.683197021484,-85.7774,26.589,9.93430873928346,63,63,63,63,61,63,0,7819,1.11328740596807,27,-86,0.001869,51,2025-04-14 21:50:17.002326,880,1.037,0.0011,"aoml_navis",1031.50535538954
"7901009",67,0,1,0.033642,1,0.011214,1,149.336752261666,1,4.84721986205024,882,1,5.76800012588501,34.8790016174316,0.0336420014500618,0,144.005493164062,-85.7774,26.589,9.93430873928346,63,63,63,63,61,63,0,7819,1.11328740596807,27,-86,0.001869,51,2025-04-14 21:50:17.002326,882,1.037,0.0011,"aoml_navis",1031.51912690115
"7901009",67,0,1,0.029904,1,0.007476,1,149.541669021979,1,4.84716637374454,884,1,5.7519998550415,34.8790016174316,0.0299040004611015,0,144.203094482422,-85.7774,26.589,9.93430873928346,63,63,63,63,61,63,0,7819,1.11328740596807,27,-86,0.001869,51,2025-04-14 21:50:17.002326,884,1.037,0.0011,"aoml_navis",1031.53050967743
"7901009",67,0,1,0.029904,1,0.007476,1,149.704273240432,1,4.84712039390263,886,1,5.74700021743774,34.8790016174316,0.0299040004611015,0,144.359893798828,-85.7774,26.589,9.93430873928346,63,63,63,63,61,63,0,7819,1.11328740596807,27,-86,0.001869,51,2025-04-14 21:50:17.002326,886,1.037,0.0011,"aoml_navis",1031.54029478815
"7901009",67,0,1,0.026166,1,0.003738,1,149.870516907139,1,4.84707509748649,888,1,5.74300003051758,34.8790016174316,0.0261659994721413,0,144.520202636719,-85.7774,26.589,9.93430873928346,63,63,63,63,61,63,0,7819,1.11328740596807,27,-86,0.001869,51,2025-04-14 21:50:17.002326,888,1.037,0.0011,"aoml_navis",1031.54993463848
"7901009",67,0,1,0.031773,1,0.009345,1,150.084658877587,1,4.84702707546718,890,1,5.7350001335144,34.8790016174316,0.0317730009555817,0,144.726699829102,-85.7774,26.589,9.93430873928346,63,63,63,63,61,63,0,7819,1.11328740596807,27,-86,0.001869,51,2025-04-14 21:50:17.002326,890,1.037,0.0011,"aoml_navis",1031.56015474043
"7901009",67,0,1,0.028035,1,0.005607,1,150.227768312357,1,4.8469746897192,892,1,5.72599983215332,34.8800010681152,0.0280349999666214,0,144.864700317383,-85.7774,26.589,9.93430873928346,63,63,63,63,61,63,0,7819,1.11328740596807,27,-86,0.001869,51,2025-04-14 21:50:17.002326,892,1.037,0.0011,"aoml_navis",1031.57130376715
"7901009",67,0,1,0.028035,1,0.005607,1,150.386954614191,1,4.84692667314934,894,1,5.71799993515015,34.8800010681152,0.0280349999666214,0,145.018203735352,-85.7774,26.589,9.93430873928346,63,63,63,63,61,63,0,7819,1.11328740596807,27,-86,0.001869,51,2025-04-14 21:50:17.002326,894,1.037,0.0011,"aoml_navis",1031.58152313272
"7901009",67,0,1,0.028035,1,0.005607,1,150.548925885122,1,4.84687934029503,896,1,5.71099996566772,34.8800010681152,0.0280349999666214,0,145.174392700195,-85.7774,26.589,9.93430873928346,63,63,63,63,61,63,0,7819,1.11328740596807,27,-86,0.001869,51,2025-04-14 21:50:17.002326,896,1.037,0.0011,"aoml_navis",1031.5915971813
"7901009",67,0,1,0.031773,1,0.009345,1,150.70458350452,1,4.84683405287718,898,1,5.70699977874756,34.8800010681152,0.0317730009555817,0,145.324493408203,-85.7774,26.589,9.93430873928346,63,63,63,63,61,63,0,7819,1.11328740596807,27,-86,0.001869,51,2025-04-14 21:50:17.002326,898,1.037,0.0011,"aoml_navis",1031.60123607531
"7901009",67,0,1,0.029904,1,0.007476,1,150.874245087846,1,4.8467844022416,900,1,5.7020001411438,34.8810005187988,0.0299040004611015,0,145.488098144531,-85.7774,26.589,9.93430873928346,63,63,63,63,61,63,0,7819,1.11328740596807,27,-86,0.001869,51,2025-04-14 21:50:17.002326,900,1.037,0.0011,"aoml_navis",1031.61180383587
"7901009",67,0,1,0.029904,1,0.007476,1,151.175923700615,1,4.84673911845749,902,1,5.69799995422363,34.8810005187988,0.0299040004611015,0,145.779006958008,-85.7774,26.589,9.93430873928346,63,63,63,63,61,63,0,7819,1.11328740596807,27,-86,0.001869,51,2025-04-14 21:50:17.002326,902,1.037,0.0011,"aoml_navis",1031.62144233406
"7901009",67,0,1,0.031773,1,0.009345,1,151.442220546893,1,4.84669383644256,904,1,5.69399976730347,34.8810005187988,0.0317730009555817,0,146.035797119141,-85.7774,26.589,9.93430873928346,63,63,63,63,61,63,0,7819,1.11328740596807,27,-86,0.001869,51,2025-04-14 21:50:17.002326,904,1.037,0.0011,"aoml_navis",1031.63108063578
"7901009",67,0,1,0.031773,1,0.009345,1,151.59259305448,1,4.84664923763506,906,1,5.69099998474121,34.8810005187988,0.0317730009555817,0,146.180801391602,-85.7774,26.589,9.93430873928346,63,63,63,63,61,63,0,7819,1.11328740596807,27,-86,0.001869,51,2025-04-14 21:50:17.002326,906,1.037,0.0011,"aoml_navis",1031.64057369247
"7901009",67,0,1,0.029904,1,0.007476,1,151.778632154943,1,4.84660464064019,908,1,5.68800020217896,34.8810005187988,0.0299040004611015,0,146.360198974609,-85.7774,26.589,9.93430873928346,63,63,63,63,61,63,0,7819,1.11328740596807,27,-86,0.001869,51,2025-04-14 21:50:17.002326,908,1.037,0.0011,"aoml_navis",1031.65006653803
"7901009",67,0,1,0.024297,1,0.001869,1,152.093887492064,1,4.84655459654604,910,1,5.67700004577637,34.8810005187988,0.0242970008403063,0,146.664199829102,-85.7774,26.589,9.93430873928346,63,63,63,63,61,63,0,7819,1.11328740596807,27,-86,0.001869,51,2025-04-14 21:50:17.002326,910,1.037,0.0011,"aoml_navis",1031.66071905252
"7901009",67,0,1,0.028035,1,0.005607,1,152.398145365986,1,4.84650183519296,912,1,5.66200017929077,34.8810005187988,0.0280349999666214,0,146.957595825195,-85.7774,26.589,9.93430873928346,63,63,63,63,61,63,0,7819,1.11328740596807,27,-86,0.001869,51,2025-04-14 21:50:17.002326,912,1.037,0.0011,"aoml_navis",1031.67195020796
"7901009",67,0,1,0.029904,1,0.007476,1,152.899645511514,1,4.84645588181382,914,1,5.65700006484985,34.8810005187988,0.0299040004611015,0,147.441192626953,-85.7774,26.589,9.93430873928346,63,63,63,63,61,63,0,7819,1.11328740596807,27,-86,0.001869,51,2025-04-14 21:50:17.002326,914,1.037,0.0011,"aoml_navis",1031.68173236908
"7901009",67,0,1,0.029904,1,0.007476,1,153.671398425334,1,4.84640516994082,916,1,5.64499998092651,34.8810005187988,0.0299040004611015,0,148.185394287109,-85.7774,26.589,9.93430873928346,63,63,63,63,61,63,0,7819,1.11328740596807,27,-86,0.001869,51,2025-04-14 21:50:17.002326,916,1.037,0.0011,"aoml_navis",1031.69252769286
"7901009",67,0,1,0.031773,1,0.009345,1,154.389540684024,1,4.84633283744777,918,1,5.61199998855591,34.882999420166,0.0317730009555817,0,148.877899169922,-85.7774,26.589,9.93430873928346,63,63,63,63,61,63,0,7819,1.11328740596807,27,-86,0.001869,51,2025-04-14 21:50:17.002326,918,1.037,0.0011,"aoml_navis",1031.70792591149
"7901009",67,0,1,0.031773,1,0.009345,1,154.465241207679,1,4.84628146611727,920,1,5.59899997711182,34.882999420166,0.0317730009555817,0,148.950897216797,-85.7774,26.589,9.93430873928346,63,63,63,63,61,63,0,7819,1.11328740596807,27,-86,0.001869,51,2025-04-14 21:50:17.002326,920,1.037,0.0011,"aoml_navis",1031.71886217453
"7901009",67,0,1,0.031773,1,0.009345,1,154.59320737298,1,4.84622912742855,922,1,5.59000015258789,34.8839988708496,0.0317730009555817,0,149.074295043945,-85.7774,26.589,9.93430873928346,63,63,63,63,61,63,0,7819,1.11328740596807,27,-86,0.001869,51,2025-04-14 21:50:17.002326,922,1.037,0.0011,"aoml_navis",1031.73000461351
"7901009",67,0,1,0.029904,1,0.007476,1,154.877764755274,1,4.84617708879762,924,1,5.57600021362305,34.8839988708496,0.0299040004611015,0,149.348693847656,-85.7774,26.589,9.93430873928346,63,63,63,63,61,63,0,7819,1.11328740596807,27,-86,0.001869,51,2025-04-14 21:50:17.002326,924,1.037,0.0011,"aoml_navis",1031.74108341149
"7901009",67,0,1,0.031773,1,0.009345,1,155.149884718756,1,4.84613385849191,926,1,5.57499980926514,34.8839988708496,0.0317730009555817,0,149.611099243164,-85.7774,26.589,9.93430873928346,63,63,63,63,61,63,0,7819,1.11328740596807,27,-86,0.001869,51,2025-04-14 21:50:17.002326,926,1.037,0.0011,"aoml_navis",1031.75028713631
"7901009",67,0,1,0.028035,1,0.005607,1,155.597568501209,1,4.8460922821556,928,1,5.57100009918213,34.882999420166,0.0280349999666214,0,150.04280090332,-85.7774,26.589,9.93430873928346,63,63,63,63,61,63,0,7819,1.11328740596807,27,-86,0.001869,51,2025-04-14 21:50:17.002326,928,1.037,0.0011,"aoml_navis",1031.75913888622
"7901009",67,0,1,0.028035,1,0.005607,1,156.023890304788,1,4.84604092926937,930,1,5.55800008773804,34.882999420166,0.0280349999666214,0,150.453903198242,-85.7774,26.589,9.93430873928346,63,63,63,63,61,63,0,7819,1.11328740596807,27,-86,0.001869,51,2025-04-14 21:50:17.002326,930,1.037,0.0011,"aoml_navis",1031.77007230804
"7901009",67,0,1,0.029904,1,0.007476,1,156.358640425592,1,4.84598048838635,932,1,5.53700017929077,34.8839988708496,0.0299040004611015,0,150.776702880859,-85.7774,26.589,9.93430873928346,63,63,63,63,61,63,0,7819,1.11328740596807,27,-86,0.001869,51,2025-04-14 21:50:17.002326,932,1.037,0.0011,"aoml_navis",1031.78294093069
"7901009",67,0,1,0.031773,1,0.009345,1,156.585741996558,1,4.84592614268651,934,1,5.52500009536743,34.8849983215332,0.0317730009555817,0,150.995697021484,-85.7774,26.589,9.93430873928346,63,63,63,63,61,63,0,7819,1.11328740596807,27,-86,0.001869,51,2025-04-14 21:50:17.002326,934,1.037,0.0011,"aoml_navis",1031.79451208641
"7901009",67,0,1,0.033642,1,0.011214,1,156.788174437846,1,4.84587818741767,936,1,5.51700019836426,34.8849983215332,0.0336420014500618,0,151.190902709961,-85.7774,26.589,9.93430873928346,63,63,63,63,61,63,0,7819,1.11328740596807,27,-86,0.001869,51,2025-04-14 21:50:17.002326,936,1.037,0.0011,"aoml_navis",1031.80472282248
"7901009",67,0,1,0.029904,1,0.007476,1,157.013313871493,1,4.8458302344059,938,1,5.50899982452393,34.8849983215332,0.0299040004611015,0,151.408004760742,-85.7774,26.589,9.93430873928346,63,63,63,63,61,63,0,7819,1.11328740596807,27,-86,0.001869,51,2025-04-14 21:50:17.002326,938,1.037,0.0011,"aoml_navis",1031.81493328006
"7901009",67,0,1,0.031773,1,0.009345,1,157.150505246931,1,4.84578498513981,940,1,5.50500011444092,34.8849983215332,0.0317730009555817,0,151.540298461914,-85.7774,26.589,9.93430873928346,63,63,63,63,61,63,0,7819,1.11328740596807,27,-86,0.001869,51,2025-04-14 21:50:17.002326,940,1.037,0.0011,"aoml_navis",1031.82456822437
"7901009",67,0,1,0.029904,1,0.007476,1,157.351371143101,1,4.84573838695392,942,1,5.49900007247925,34.8849983215332,0.0299040004611015,0,151.733993530273,-85.7774,26.589,9.93430873928346,63,63,63,63,61,63,0,7819,1.11328740596807,27,-86,0.001869,51,2025-04-14 21:50:17.002326,942,1.037,0.0011,"aoml_navis",1031.83449058277
"7901009",67,0,1,0.028035,1,0.005607,1,157.673161663388,1,4.84569381604154,944,1,5.49599981307983,34.8849983215332,0.0280349999666214,0,152.044296264648,-85.7774,26.589,9.93430873928346,63,63,63,63,61,63,0,7819,1.11328740596807,27,-86,0.001869,51,2025-04-14 21:50:17.002326,944,1.037,0.0011,"aoml_navis",1031.84398144341
"7901009",67,0,1,0.026166,1,0.003738,1,158.157461460001,1,4.8456445215861,946,1,5.48600006103516,34.8849983215332,0.0261659994721413,0,152.511306762695,-85.7774,26.589,9.93430873928346,63,63,63,63,61,63,0,7819,1.11328740596807,27,-86,0.001869,51,2025-04-14 21:50:17.002326,946,1.037,0.0011,"aoml_navis",1031.85447833127
"7901009",67,0,1,0.029904,1,0.007476,1,159.01236785455,1,4.84558546346796,948,1,5.46700000762939,34.8860015869141,0.0299040004611015,0,153.335693359375,-85.7774,26.589,9.93430873928346,63,63,63,63,61,63,0,7819,1.11328740596807,27,-86,0.001869,51,2025-04-14 21:50:17.002326,948,1.037,0.0011,"aoml_navis",1031.86705459974
"7901009",67,0,1,0.031773,1,0.009345,1,159.860042823658,1,4.84551768191304,950,1,5.43499994277954,34.8870010375977,0.0317730009555817,0,154.153106689453,-85.7774,26.589,9.93430873928346,63,63,63,63,61,63,0,7819,1.11328740596807,27,-86,0.001869,51,2025-04-14 21:50:17.002326,950,1.037,0.0011,"aoml_navis",1031.8814888786
"7901009",67,0,1,0.033642,1,0.011214,1,160.310210925136,1,4.84545531377967,952,1,5.41099977493286,34.8880004882812,0.0336420014500618,0,154.587203979492,-85.7774,26.589,9.93430873928346,63,63,63,63,61,63,0,7819,1.11328740596807,27,-86,0.001869,51,2025-04-14 21:50:17.002326,952,1.037,0.0011,"aoml_navis",1031.89477071037
"7901009",67,0,1,0.031773,1,0.009345,1,160.729886779732,1,4.84540671881876,954,1,5.40199995040894,34.8880004882812,0.0317730009555817,0,154.991897583008,-85.7774,26.589,9.93430873928346,63,63,63,63,61,63,0,7819,1.11328740596807,27,-86,0.001869,51,2025-04-14 21:50:17.002326,954,1.037,0.0011,"aoml_navis",1031.90511966329
"7901009",67,0,1,0.029904,1,0.007476,1,161.280551124047,1,4.84534974540055,956,1,5.38600015640259,34.8889999389648,0.0299040004611015,0,155.522903442383,-85.7774,26.589,9.93430873928346,63,63,63,63,61,63,0,7819,1.11328740596807,27,-86,0.001869,51,2025-04-14 21:50:17.002326,956,1.037,0.0011,"aoml_navis",1031.91725318616
"7901009",67,0,1,0.026166,1,0.003738,1,161.699704796937,1,4.84528875937118,958,1,5.36399984359741,34.8899993896484,0.0261659994721413,0,155.927093505859,-85.7774,26.589,9.93430873928346,63,63,63,63,61,63,0,7819,1.11328740596807,27,-86,0.001869,51,2025-04-14 21:50:17.002326,958,1.037,0.0011,"aoml_navis",1031.93024158356
"7901009",67,0,1,0.028035,1,0.005607,1,161.989974530618,1,4.84523683015784,960,1,5.34999990463257,34.8899993896484,0.0280349999666214,0,156.207000732422,-85.7774,26.589,9.93430873928346,63,63,63,63,61,63,0,7819,1.11328740596807,27,-86,0.001869,51,2025-04-14 21:50:17.002326,960,1.037,0.0011,"aoml_navis",1031.94130137847
"7901009",67,0,1,0.028035,1,0.005607,1,162.286969331723,1,4.8451882536736,962,1,5.34100008010864,34.8899993896484,0.0280349999666214,0,156.493392944336,-85.7774,26.589,9.93430873928346,63,63,63,63,61,63,0,7819,1.11328740596807,27,-86,0.001869,51,2025-04-14 21:50:17.002326,962,1.037,0.0011,"aoml_navis",1031.9516473295
"7901009",67,0,1,0.029904,1,0.007476,1,162.553392767506,1,4.84513398935161,964,1,5.3289999961853,34.890998840332,0.0299040004611015,0,156.750305175781,-85.7774,26.589,9.93430873928346,63,63,63,63,61,63,0,7819,1.11328740596807,27,-86,0.001869,51,2025-04-14 21:50:17.002326,964,1.037,0.0011,"aoml_navis",1031.9632049369
"7901009",67,0,1,0.026166,1,0.003738,1,162.839390105412,1,4.84508140866748,966,1,5.31400012969971,34.890998840332,0.0261659994721413,0,157.026092529297,-85.7774,26.589,9.93430873928346,63,63,63,63,61,63,0,7819,1.11328740596807,27,-86,0.001869,51,2025-04-14 21:50:17.002326,966,1.037,0.0011,"aoml_navis",1031.97440419791
"7901009",67,0,1,0.028035,1,0.005607,1,162.913745615583,1,4.84503049601187,968,1,5.30700016021729,34.8919982910156,0.0280349999666214,0,157.097793579102,-85.7774,26.589,9.93430873928346,63,63,63,63,61,63,0,7819,1.11328740596807,27,-86,0.001869,51,2025-04-14 21:50:17.002326,968,1.037,0.0011,"aoml_navis",1031.98524841396
"7901009",67,0,1,0.026166,1,0.003738,1,163.094198954163,1,4.84499029366214,970,1,5.30499982833862,34.890998840332,0.0261659994721413,0,157.27180480957,-85.7774,26.589,9.93430873928346,63,63,63,63,61,63,0,7819,1.11328740596807,27,-86,0.001869,51,2025-04-14 21:50:17.002326,970,1.037,0.0011,"aoml_navis",1031.99381153366
"7901009",67,0,1,0.029904,1,0.007476,1,163.180469701439,1,4.84493804872245,972,1,5.2960000038147,34.8919982910156,0.0299040004611015,0,157.354995727539,-85.7774,26.589,9.93430873928346,63,63,63,63,61,63,0,7819,1.11328740596807,27,-86,0.001869,51,2025-04-14 21:50:17.002326,972,1.037,0.0011,"aoml_navis",1032.00493994313
"7901009",67,0,1,0.029904,1,0.007476,1,163.303467228691,1,4.84489149391848,974,1,5.28999996185303,34.8919982910156,0.0299040004611015,0,157.473602294922,-85.7774,26.589,9.93430873928346,63,63,63,63,61,63,0,7819,1.11328740596807,27,-86,0.001869,51,2025-04-14 21:50:17.002326,974,1.037,0.0011,"aoml_navis",1032.01485653006
"7901009",67,0,1,0.029904,1,0.007476,1,163.484221217343,1,4.84484694503072,976,1,5.28700017929077,34.8919982910156,0.0299040004611015,0,157.647903442383,-85.7774,26.589,9.93430873928346,63,63,63,63,61,63,0,7819,1.11328740596807,27,-86,0.001869,51,2025-04-14 21:50:17.002326,976,1.037,0.0011,"aoml_navis",1032.02434601746
"7901009",67,0,1,0.033642,1,0.011214,1,163.611459492994,1,4.84480373373469,978,1,5.28599977493286,34.8919982910156,0.0336420014500618,0,157.770599365234,-85.7774,26.589,9.93430873928346,63,63,63,63,61,63,0,7819,1.11328740596807,27,-86,0.001869,51,2025-04-14 21:50:17.002326,978,1.037,0.0011,"aoml_navis",1032.0335507473
"7901009",67,0,1,0.035511,1,0.013083,1,166.977426944997,1,4.84430233108716,999.599975585938,1,5.23409986495972,34.8940010070801,0.0355109982192516,0,161.016403198242,-85.7774,26.589,9.93430873928346,63,63,63,63,61,63,0,7819,1.11328740596807,27,-86,0.001869,51,2025-04-14 21:50:17.002326,999.599975585938,1.037,0.0011,"aoml_navis",1032.14036991739
"7901009",67,0,1,0.035511,1,0.013083,1,173.17632509318,1,4.84306859087886,1049.30004882812,1,5.00619983673096,34.9010009765625,0.0355109982192516,0,166.994003295898,-85.7774,26.589,9.93430873928346,63,63,63,63,61,63,0,7819,1.11328740596807,27,-86,0.001869,51,2025-04-14 21:50:17.002326,1049.30004882812,1.037,0.0011,"aoml_navis",1032.4033009602
"7901009",67,0,1,0.028035,1,0.005607,1,177.457139070085,1,4.84189908237523,1100.09997558594,1,4.89729976654053,34.9059982299805,0.0280349999666214,0,171.121994018555,-85.7774,26.589,9.93430873928346,63,63,63,63,61,63,0,7819,1.11328740596807,27,-86,0.001869,51,2025-04-14 21:50:17.002326,1100.09997558594,1.037,0.0011,"aoml_navis",1032.65266684311
"7901009",67,0,1,0.026166,1,0.003738,1,182.311656681113,1,4.84073685587483,1149.90002441406,1,4.76560020446777,34.9109992980957,0.0261659994721413,0,175.803207397461,-85.7774,26.589,9.93430873928346,63,63,63,63,61,63,0,7819,1.11328740596807,27,-86,0.001869,51,2025-04-14 21:50:17.002326,1149.90002441406,1.037,0.0011,"aoml_navis",1032.90059940604
"7901009",67,0,1,0.028035,1,0.005607,1,186.726560590596,1,4.83958580176912,1199.90002441406,1,4.65000009536743,34.9150009155273,0.0280349999666214,0,180.060501098633,-85.7774,26.589,9.93430873928346,63,63,63,63,61,63,0,7819,1.11328740596807,27,-86,0.001869,51,2025-04-14 21:50:17.002326,1199.90002441406,1.037,0.0011,"aoml_navis",1033.14626598256
"7901009",67,0,1,0.035511,1,0.013083,1,189.995671248014,1,4.83846244773814,1249.5,1,4.56190013885498,34.9189987182617,0.0355109982192516,0,183.212905883789,-85.7774,26.589,9.93430873928346,63,63,63,63,61,63,0,7819,1.11328740596807,27,-86,0.001869,51,2025-04-14 21:50:17.002326,1249.5,1.037,0.0011,"aoml_navis",1033.38613330302
"7901009",67,0,1,0.028035,1,0.005607,1,192.263316512117,1,4.83735886210973,1299.30004882812,1,4.49739980697632,34.9210014343262,0.0280349999666214,0,185.399597167969,-85.7774,26.589,9.93430873928346,63,63,63,63,61,63,0,7819,1.11328740596807,27,-86,0.001869,51,2025-04-14 21:50:17.002326,1299.30004882812,1.037,0.0011,"aoml_navis",1033.62188800261
"7901009",67,0,1,0.029904,1,0.007476,1,194.00987190488,1,4.83626286618425,1349.59997558594,1,4.45849990844727,34.9230003356934,0.0299040004611015,0,187.083801269531,-85.7774,26.589,9.93430873928346,63,63,63,63,61,63,0,7819,1.11328740596807,27,-86,0.001869,51,2025-04-14 21:50:17.002326,1349.59997558594,1.037,0.0011,"aoml_navis",1033.85612782974
"7901009",67,0,1,0.028035,1,0.005607,1,195.762123825342,1,4.83518727006967,1399.5,1,4.43009996414185,34.923999786377,0.0280349999666214,0,188.773498535156,-85.7774,26.589,9.93430873928346,63,63,63,63,61,63,0,7819,1.11328740596807,27,-86,0.001869,51,2025-04-14 21:50:17.002326,1399.5,1.037,0.0011,"aoml_navis",1034.08611098696
"7901009",67,0,1,0.035511,1,0.013083,1,197.599000829523,1,4.83408581366143,1449.90002441406,1,4.3878002166748,34.9269981384277,0.0355109982192516,0,190.544799804688,-85.7774,26.589,9.93430873928346,63,63,63,63,61,63,0,7819,1.11328740596807,27,-86,0.001869,51,2025-04-14 21:50:17.002326,1449.90002441406,1.037,0.0011,"aoml_navis",1034.321729637
"7901009",67,0,1,0.029904,1,0.007476,1,199.242053478717,1,4.83302522376952,1499.40002441406,1,4.36530017852783,34.9280014038086,0.0299040004611015,0,192.129196166992,-85.7774,26.589,9.93430873928346,63,63,63,63,61,63,0,7819,1.11328740596807,27,-86,0.001869,51,2025-04-14 21:50:17.002326,1499.40002441406,1.037,0.0011,"aoml_navis",1034.54870779678
"7901009",67,0,1,0.028035,1,0.005607,1,200.125695690775,1,4.8319501437219,1549.69995117188,1,4.34420013427734,34.9290008544922,0.0280349999666214,0,192.981292724609,-85.7774,26.589,9.93430873928346,63,63,63,63,61,63,0,7819,1.11328740596807,27,-86,0.001869,51,2025-04-14 21:50:17.002326,1549.69995117188,1.037,0.0011,"aoml_navis",1034.77888870531
"7901009",67,0,1,0.024297,1,0.001869,1,200.773422537619,1,4.83088913230646,1599.80004882812,1,4.33549976348877,34.9300003051758,0.0242970008403063,0,193.605895996094,-85.7774,26.589,9.93430873928346,63,63,63,63,61,63,0,7819,1.11328740596807,27,-86,0.001869,51,2025-04-14 21:50:17.002326,1599.80004882812,1.037,0.0011,"aoml_navis",1035.00615788564
"7901009",67,0,1,0.035511,1,0.013083,1,201.813877498302,1,4.82983935832549,1649.30004882812,1,4.32270002365112,34.9309997558594,0.0355109982192516,0,194.60920715332,-85.7774,26.589,9.93430873928346,63,63,63,63,61,63,0,7819,1.11328740596807,27,-86,0.001869,51,2025-04-14 21:50:17.002326,1649.30004882812,1.037,0.0011,"aoml_navis",1035.23111827336
"7901009",67,0,1,0.031773,1,0.009345,1,202.1662552076,1,4.82879426485705,1699.09997558594,1,4.31839990615845,34.9309997558594,0.0317730009555817,0,194.949005126953,-85.7774,26.589,9.93430873928346,63,63,63,63,61,63,0,7819,1.11328740596807,27,-86,0.001869,51,2025-04-14 21:50:17.002326,1699.09997558594,1.037,0.0011,"aoml_navis",1035.45517281383
"7901009",67,0,1,0.028035,1,0.005607,1,202.666299573827,1,4.82774215726154,1749.09997558594,1,4.31309986114502,34.931999206543,0.0280349999666214,0,195.431198120117,-85.7774,26.589,9.93430873928346,63,63,63,63,61,63,0,7819,1.11328740596807,27,-86,0.001869,51,2025-04-14 21:50:17.002326,1749.09997558594,1.037,0.0011,"aoml_navis",1035.68082907646
"7901009",67,0,1,0.031773,1,0.009345,1,203.031225467752,1,4.82670442933379,1798.59997558594,1,4.3060998916626,34.931999206543,0.0317730009555817,0,195.783096313477,-85.7774,26.589,9.93430873928346,63,63,63,63,61,63,0,7819,1.11328740596807,27,-86,0.001869,51,2025-04-14 21:50:17.002326,1798.59997558594,1.037,0.0011,"aoml_navis",1035.9034975527
"7901009",67,0,1,0.035511,1,0.013083,1,203.518104525517,1,4.82563985759932,1849.40002441406,1,4.30249977111816,34.9329986572266,0.0355109982192516,0,196.252593994141,-85.7774,26.589,9.93430873928346,63,63,63,63,61,63,0,7819,1.11328740596807,27,-86,0.001869,51,2025-04-14 21:50:17.002326,1849.40002441406,1.037,0.0011,"aoml_navis",1036.1320255025
"7901009",67,0,1,0.026166,1,0.003738,1,203.810130688573,1,4.82461789489156,1898.5,1,4.30179977416992,34.9329986572266,0.0261659994721413,0,196.534194946289,-85.7774,26.589,9.93430873928346,63,63,63,63,61,63,0,7819,1.11328740596807,27,-86,0.001869,51,2025-04-14 21:50:17.002326,1898.5,1.037,0.0011,"aoml_navis",1036.35150159646
"7901009",67,0,1,0.020559,1,-0.001869,1,204.230439490691,1,4.82358009105481,1948.40002441406,1,4.30009984970093,34.9329986572266,0.020558999851346,0,196.939498901367,-85.7774,26.589,9.93430873928346,63,63,63,63,61,63,0,7819,1.11328740596807,27,-86,0.001869,51,2025-04-14 21:50:17.002326,1948.40002441406,1.037,0.0011,"aoml_navis",1036.57447489518
"7901009",67,0,1,0.029904,1,0.007476,1,204.416795064915,1,4.82258162311388,1996.5,1,4.29909992218018,34.9329986572266,0.0299040004611015,0,197.119201660156,-85.7774,26.589,9.93430873928346,63,63,63,63,61,63,0,7819,1.11328740596807,27,-86,0.001869,51,2025-04-14 21:50:17.002326,1996.5,1.037,0.0011,"aoml_navis",1036.78908741239
"7901009",68,0.0511075971887085,1,0.080367,1,0.057939,1,204.560379180198,1,4.88076639284178,2.29999995231628,1,25.0470008850098,36.4449996948242,0.0803669989109039,0.0672840029001236,197.257598876953,-86.7109,26.8761,13.9076014950407,63,63,63,63,61,63,0.057939,7818,1.13366707078925,27,-87,0.001869,51,2025-04-25 04:18:15.000455,2.29999995231628,1.037,0.0011,"aoml_navis",1024.42927965843
"7901009",68,0.0527562293560862,1,0.082236,1,0.059808,1,204.545235906046,1,4.88072568842793,4,1,25.0429992675781,36.4449996948242,0.0822359994053841,0.0691530033946037,197.24299621582,-86.7109,26.8761,13.9076014950407,63,63,63,63,61,63,0.059808,7818,1.13366707078925,27,-87,0.001869,51,2025-04-25 04:18:15.000455,4,1.037,0.0011,"aoml_navis",1024.43782322265
"7901009",68,0.0708911831972408,1,0.102795,1,0.080367,1,204.432001559304,1,4.8806832144688,6,1,25.0419998168945,36.4449996948242,0.102794997394085,0.0897120013833046,197.133804321289,-86.7109,26.8761,13.9076014950407,63,63,63,63,61,63,0.080367,7818,1.13366707078925,27,-87,0.001869,51,2025-04-25 04:18:15.000455,6,1.037,0.0011,"aoml_navis",1024.44673835366
"7901009",68,0.0577021258582193,1,0.087843,1,0.065415,1,204.800867665634,1,4.8805583107176,8,1,24.9820003509521,36.4440002441406,0.0878430008888245,0.0747599974274635,197.489501953125,-86.7109,26.8761,13.9076014950407,63,63,63,63,61,63,0.065415,7818,1.13366707078925,27,-87,0.001869,51,2025-04-25 04:18:15.000455,8,1.037,0.0011,"aoml_navis",1024.47295610015
"7901009",68,0.0560534936908416,1,0.085974,1,0.063546,1,205.380552833122,1,4.88027891861398,10,1,24.8279991149902,36.4480018615723,0.0859740003943443,0.0728909969329834,198.048492431641,-86.7109,26.8761,13.9076014950407,63,63,63,63,61,63,0.063546,7818,1.13366707078925,27,-87,0.001869,51,2025-04-25 04:18:15.000455,10,1.037,0.0011,"aoml_navis",1024.53160636565
"7901009",68,0.0609993901929747,1,0.091581,1,0.069153,1,205.409494367526,1,4.88019952149651,12,1,24.8090000152588,36.451000213623,0.0915810018777847,0.0784979984164238,198.076400756836,-86.7109,26.8761,13.9076014950407,63,63,63,63,61,63,0.069153,7818,1.13366707078925,27,-87,0.001869,51,2025-04-25 04:18:15.000455,12,1.037,0.0011,"aoml_navis",1024.54827471209
"7901009",68,0.0692425510298631,1,0.100926,1,0.078498,1,205.535704142486,1,4.88012444030806,14,1,24.7880001068115,36.4519996643066,0.100925996899605,0.0878430008888245,198.198104858398,-86.7109,26.8761,13.9076014950407,63,63,63,63,61,63,0.078498,7818,1.13366707078925,27,-87,0.001869,51,2025-04-25 04:18:15.000455,14,1.037,0.0011,"aoml_navis",1024.56403748679
"7901009",68,0.0708911831972408,1,0.102795,1,0.080367,1,205.698609061394,1,4.87999863651894,16,1,24.7269992828369,36.451000213623,0.102794997394085,0.0897120013833046,198.355194091797,-86.7109,26.8761,13.9076014950407,63,63,63,63,61,63,0.080367,7818,1.13366707078925,27,-87,0.001869,51,2025-04-25 04:18:15.000455,16,1.037,0.0011,"aoml_navis",1024.5904502069
"7901009",68,0.0774857118667516,1,0.110271,1,0.087843,1,205.85956766607,1,4.87990618788874,18,1,24.6790008544922,36.4459991455078,0.110270999372005,0.0971880033612251,198.510406494141,-86.7109,26.8761,13.9076014950407,63,63,63,63,61,63,0.087843,7818,1.13366707078925,27,-87,0.001869,51,2025-04-25 04:18:15.000455,18,1.037,0.0011,"aoml_navis",1024.60986082259
"7901009",68,0.0791343440341293,1,0.11214,1,0.089712,1,206.098394663747,1,4.87981236023403,20,1,24.6299991607666,36.4410018920898,0.112139999866486,0.0990569964051247,198.740707397461,-86.7109,26.8761,13.9076014950407,63,63,63,63,61,63,0.089712,7818,1.13366707078925,27,-87,0.001869,51,2025-04-25 04:18:15.000455,20,1.037,0.0011,"aoml_navis",1024.6295617318
"7901009",68,0.0890261370383954,1,0.123354,1,0.100926,1,206.942003205929,1,4.87960354242376,22,1,24.451000213623,36.4160003662109,0.123354002833366,0.110270999372005,199.55419921875,-86.7109,26.8761,13.9076014950407,63,63,63,63,61,63,0.100926,7818,1.13366707078925,27,-87,0.001869,51,2025-04-25 04:18:15.000455,22,1.037,0.0011,"aoml_navis",1024.67340974108
"7901009",68,0.0939720335405285,1,0.128961,1,0.106533,1,207.483743157725,1,4.87945092522602,24,1,24.3229999542236,36.3959999084473,0.128960996866226,0.115878000855446,200.076599121094,-86.7109,26.8761,13.9076014950407,63,63,63,63,61,63,0.106533,7818,1.13366707078925,27,-87,0.001869,51,2025-04-25 04:18:15.000455,24,1.037,0.0011,"aoml_navis",1024.70545899965
"7901009",68,0.10716109087955,1,0.143913,1,0.121485,1,208.313885737208,1,4.87928741266774,26,1,24.1060009002686,36.3440017700195,0.143913000822067,0.130830004811287,200.877105712891,-86.7109,26.8761,13.9076014950407,63,63,63,63,61,63,0.121485,7818,1.13366707078925,27,-87,0.001869,51,2025-04-25 04:18:15.000455,26,1.037,0.0011,"aoml_navis",1024.73979848346
"7901009",68,0.115404251716439,1,0.153258,1,0.13083,1,208.757613734879,1,4.87918379779986,28,1,23.9909992218018,36.3160018920898,0.153257995843887,0.140174999833107,201.304992675781,-86.7109,26.8761,13.9076014950407,63,63,63,63,61,63,0.13083,7818,1.13366707078925,27,-87,0.001869,51,2025-04-25 04:18:15.000455,28,1.037,0.0011,"aoml_navis",1024.76155996719
"7901009",68,0.120350148218572,1,0.158865,1,0.136437,1,208.515479585376,1,4.87911365413634,30,1,24.0009994506836,36.3279991149902,0.158865004777908,0.145781993865967,201.071502685547,-86.7109,26.8761,13.9076014950407,63,63,63,63,61,63,0.136437,7818,1.13366707078925,27,-87,0.001869,51,2025-04-25 04:18:15.000455,30,1.037,0.0011,"aoml_navis",1024.7762922598
"7901009",68,0.136836469892349,1,0.177555,1,0.155127,1,208.63452122743,1,4.87899773478617,32,1,23.9330005645752,36.3219985961914,0.177554994821548,0.164471998810768,201.186294555664,-86.7109,26.8761,13.9076014950407,63,63,63,63,61,63,0.155127,7818,1.13366707078925,27,-87,0.001869,51,2025-04-25 04:18:15.000455,32,1.037,0.0011,"aoml_navis",1024.80063976073
"7901009",68,0.135187837724971,1,0.175686,1,0.153258,1,208.327145991899,1,4.87879826417547,34,1,23.7240009307861,36.2840003967285,0.175686001777649,0.162603005766869,200.889892578125,-86.7109,26.8761,13.9076014950407,63,63,63,63,61,63,0.153258,7818,1.13366707078925,27,-87,0.001869,51,2025-04-25 04:18:15.000455,34,1.037,0.0011,"aoml_navis",1024.8425389331
"7901009",68,0.166511848905147,1,0.211197,1,0.188769,1,206.009512980453,1,4.87821106986742,36,1,23.7919998168945,36.4620018005371,0.211197003722191,0.198113992810249,198.654998779297,-86.7109,26.8761,13.9076014950407,63,63,63,63,61,63,0.188769,7818,1.13366707078925,27,-87,0.001869,51,2025-04-25 04:18:15.000455,36,1.037,0.0011,"aoml_navis",1024.96590007859
"7901009",68,0.199484492252701,1,0.248577,1,0.226149,1,205.097561908425,1,4.8777408759468,38.0999984741211,1,23.6580009460449,36.5279998779297,0.248576998710632,0.235494002699852,197.775604248047,-86.7109,26.8761,13.9076014950407,63,63,63,63,61,63,0.226149,7818,1.13366707078925,27,-87,0.001869,51,2025-04-25 04:18:15.000455,38.0999984741211,1.037,0.0011,"aoml_navis",1025.06470252573
"7901009",68,0.247294825106654,1,0.302778,1,0.28035,1,202.197727762313,1,4.87735385582605,39.9000015258789,1,23.4549999237061,36.5460014343262,0.302778005599976,0.289694994688034,194.979293823242,-86.7109,26.8761,13.9076014950407,63,63,63,63,61,63,0.28035,7818,1.13366707078925,27,-87,0.001869,51,2025-04-25 04:18:15.000455,39.9000015258789,1.037,0.0011,"aoml_navis",1025.14604184961
"7901009",68,0.298402422295363,1,0.360717,1,0.338289,1,199.385541051444,1,4.87695817143434,42,1,23.2749996185303,36.5740013122559,0.360716998577118,0.347633987665176,192.267501831055,-86.7109,26.8761,13.9076014950407,63,63,63,63,61,63,0.338289,7818,1.13366707078925,27,-87,0.001869,51,2025-04-25 04:18:15.000455,42,1.037,0.0011,"aoml_navis",1025.22921547418
"7901009",68,0.316537376136517,1,0.381276,1,0.358848,1,199.45044983992,1,4.87673647352161,44,1,23.1529998779297,36.5769996643066,0.38127601146698,0.368193000555038,192.330093383789,-86.7109,26.8761,13.9076014950407,63,63,63,63,61,63,0.358848,7818,1.13366707078925,27,-87,0.001869,51,2025-04-25 04:18:15.000455,44,1.037,0.0011,"aoml_navis",1025.2758227039
"7901009",68,0.334672329977672,1,0.401835,1,0.379407,1,199.444753310458,1,4.87658462924382,46,1,23.068000793457,36.5750007629395,0.40183499455452,0.388752013444901,192.324600219727,-86.7109,26.8761,13.9076014950407,63,63,63,63,61,63,0.379407,7818,1.13366707078925,27,-87,0.001869,51,2025-04-25 04:18:15.000455,46,1.037,0.0011,"aoml_navis",1025.30774715076
"7901009",68,0.370942237659981,1,0.442953,1,0.420525,1,198.920324478748,1,4.87649281532004,48,1,23.0340003967285,36.576000213623,0.442952990531921,0.429870009422302,191.818893432617,-86.7109,26.8761,13.9076014950407,63,63,63,63,61,63,0.420525,7818,1.13366707078925,27,-87,0.001869,51,2025-04-25 04:18:15.000455,48,1.037,0.0011,"aoml_navis",1025.32705150143
"7901009",68,0.40061761667278,1,0.476595,1,0.454167,1,196.536121191066,1,4.87636892690473,50,1,22.9820003509521,36.5789985656738,0.476595014333725,0.463512003421783,189.519805908203,-86.7109,26.8761,13.9076014950407,63,63,63,63,61,63,0.454167,7818,1.13366707078925,27,-87,0.001869,51,2025-04-25 04:18:15.000455,50,1.037,0.0011,"aoml_navis",1025.35310083147
"7901009",68,0.461617006865754,1,0.545748,1,0.52332,1,191.531767530143,1,4.87613141281145,52,1,22.878999710083,36.5940017700195,0.545747995376587,0.532665014266968,184.694107055664,-86.7109,26.8761,13.9076014950407,63,63,63,63,61,63,0.52332,7818,1.13366707078925,27,-87,0.001869,51,2025-04-25 04:18:15.000455,52,1.037,0.0011,"aoml_navis",1025.40304530413
"7901009",68,0.520967764891351,1,0.613032,1,0.590604,1,187.399536706095,1,4.875884154278,54,1,22.7660007476807,36.6080017089844,0.613031983375549,0.59994900226593,180.709396362305,-86.7109,26.8761,13.9076014950407,63,63,63,63,61,63,0.590604,7818,1.13366707078925,27,-87,0.001869,51,2025-04-25 04:18:15.000455,54,1.037,0.0011,"aoml_navis",1025.45504400737
"7901009",68,0.588561683753837,1,0.689661,1,0.667233,1,182.405563387746,1,4.87555211023649,56,1,22.5669994354248,36.6129989624023,0.689661026000977,0.676577985286713,175.893707275391,-86.7109,26.8761,13.9076014950407,63,63,63,63,61,63,0.667233,7818,1.13366707078925,27,-87,0.001869,51,2025-04-25 04:18:15.000455,56,1.037,0.0011,"aoml_navis",1025.52488148003
"7901009",68,0.717154992809297,1,0.835443,1,0.813015,1,178.163832608492,1,4.87522033940402,58,1,22.3910007476807,36.6269989013672,0.835443019866943,0.822359979152679,171.803405761719,-86.7109,26.8761,13.9076014950407,63,63,63,63,61,63,0.813015,7818,1.13366707078925,27,-87,0.001869,51,2025-04-25 04:18:15.000455,58,1.037,0.0011,"aoml_navis",1025.59467099106
"7901009",68,0.776505750834894,1,0.902727,1,0.880299,1,175.865678563066,1,4.87500351957962,60,1,22.2670001983643,36.6290016174316,0.902727007865906,0.889644026756287,169.587295532227,-86.7109,26.8761,13.9076014950407,63,63,63,63,61,63,0.880299,7818,1.13366707078925,27,-87,0.001869,51,2025-04-25 04:18:15.000455,60,1.037,0.0011,"aoml_navis",1025.64028516459
"7901009",68,0.750127636156851,4,0.872823,1,0.850395,1,171.275937304789,1,4.87485761491423,62,1,22.2029991149902,36.6339988708496,0.872822999954224,0.859740018844604,165.161407470703,-86.7109,26.8761,13.9076014950407,63,63,63,63,61,63,0.850395,7818,1.13366707078925,27,-87,0.001869,51,2025-04-25 04:18:15.000455,62,1.037,0.0011,"aoml_navis",1025.67098261556
"7901009",68,0.809478394182447,1,0.940107,1,0.917679,1,166.736673627018,1,4.87453571853955,64,1,21.9950008392334,36.6339988708496,0.940106987953186,0.927024006843567,160.784194946289,-86.7109,26.8761,13.9076014950407,63,63,63,63,61,63,0.917679,7818,1.13366707078925,27,-87,0.001869,51,2025-04-25 04:18:15.000455,64,1.037,0.0011,"aoml_navis",1025.73871414733
"7901009",68,0.877072313044933,1,1.016736,1,0.994308,1,163.46145401308,1,4.87425602415976,66,1,21.8199996948242,36.6349983215332,1.01673603057861,1.00365304946899,157.625900268555,-86.7109,26.8761,13.9076014950407,63,63,63,63,61,63,0.994308,7818,1.13366707078925,27,-87,0.001869,51,2025-04-25 04:18:15.000455,66,1.037,0.0011,"aoml_navis",1025.79757304848
"7901009",68,0.8721264165428,1,1.011129,1,0.988701,1,159.599792514764,1,4.87401937344517,68,1,21.6709995269775,36.6339988708496,1.01112902164459,0.998045980930328,153.902099609375,-86.7109,26.8761,13.9076014950407,63,63,63,63,61,63,0.988701,7818,1.13366707078925,27,-87,0.001869,51,2025-04-25 04:18:15.000455,68,1.037,0.0011,"aoml_navis",1025.84737911409
"7901009",68,0.809478394182447,1,0.940107,1,0.917679,1,158.72692596432,1,4.87374725007062,70,1,21.4810009002686,36.6279983520508,0.940106987953186,0.927024006843567,153.060394287109,-86.7109,26.8761,13.9076014950407,63,63,63,63,61,63,0.917679,7818,1.13366707078925,27,-87,0.001869,51,2025-04-25 04:18:15.000455,70,1.037,0.0011,"aoml_navis",1025.90465681772
"7901009",68,0.738587210985207,1,0.85974,1,0.837312,1,159.277796186948,1,4.87360847563644,72,1,21.3799991607666,36.6180000305176,0.859740018844604,0.846656978130341,153.591598510742,-86.7109,26.8761,13.9076014950407,63,63,63,63,61,63,0.837312,7818,1.13366707078925,27,-87,0.001869,51,2025-04-25 04:18:15.000455,72,1.037,0.0011,"aoml_navis",1025.93386912293
"7901009",68,0.687479613796498,1,0.801801,1,0.779373,1,160.725790681311,1,4.87351895730423,74,1,21.3269996643066,36.6119995117188,0.801801025867462,0.788717985153198,154.987899780273,-86.7109,26.8761,13.9076014950407,63,63,63,63,61,63,0.779373,7818,1.13366707078925,27,-87,0.001869,51,2025-04-25 04:18:15.000455,74,1.037,0.0011,"aoml_navis",1025.95271379958
"7901009",68,0.633074752273034,1,0.740124,1,0.717696,1,163.707639027978,1,4.87338372325316,76,1,21.1870002746582,36.5870018005371,0.740123987197876,0.727041006088257,157.863296508789,-86.7109,26.8761,13.9076014950407,63,63,63,63,61,63,0.717696,7818,1.13366707078925,27,-87,0.001869,51,2025-04-25 04:18:15.000455,76,1.037,0.0011,"aoml_navis",1025.98118349325
"7901009",68,0.624831591436146,4,0.730779,1,0.708351,1,165.95517307966,1,4.87322386987413,78,1,20.9750003814697,36.5429992675781,0.730778992176056,0.717696011066437,160.03059387207,-86.7109,26.8761,13.9076014950407,63,63,63,63,61,63,0.708351,7818,1.13366707078925,27,-87,0.001869,51,2025-04-25 04:18:15.000455,78,1.037,0.0011,"aoml_navis",1026.01483812586
"7901009",68,0.598453476758103,4,0.700875,1,0.678447,1,164.703281612012,1,4.87310185951826,80,1,20.8770008087158,36.5299987792969,0.700874984264374,0.687792003154755,158.823394775391,-86.7109,26.8761,13.9076014950407,63,63,63,63,61,63,0.678447,7818,1.13366707078925,27,-87,0.001869,51,2025-04-25 04:18:15.000455,80,1.037,0.0011,"aoml_navis",1026.0405269867
"7901009",68,3.20988682988437,1,3.661371,1,3.638943,1,164.461147462509,1,4.87293551849096,82,1,20.8169994354248,36.5429992675781,3.66137099266052,3.6482880115509,158.589904785156,-86.7109,26.8761,13.9076014950407,63,63,63,63,61,63,3.638943,7818,1.13366707078925,27,-87,0.001869,51,2025-04-25 04:18:15.000455,82,1.037,0.0011,"aoml_navis",1026.07555159039
"7901009",68,0.52921092572824,1,0.622377,1,0.599949,1,168.498989958117,1,4.87264967091749,84,1,20.488000869751,36.4930000305176,0.622376978397369,0.60929399728775,162.483596801758,-86.7109,26.8761,13.9076014950407,63,63,63,63,61,63,0.599949,7818,1.13366707078925,27,-87,0.001869,51,2025-04-25 04:18:15.000455,84,1.037,0.0011,"aoml_navis",1026.13574496082
"7901009",68,0.525913661393484,1,0.618639,1,0.596211,1,171.147227386343,1,4.87253923164757,86,1,20.2929992675781,36.443000793457,0.61863899230957,0.605556011199951,165.037292480469,-86.7109,26.8761,13.9076014950407,63,63,63,63,61,63,0.596211,7818,1.13366707078925,27,-87,0.001869,51,2025-04-25 04:18:15.000455,86,1.037,0.0011,"aoml_navis",1026.15900299469
"7901009",68,0.481400592874286,1,0.568176,1,0.545748,1,170.271259392081,1,4.87234495797527,88,1,20.0049991607666,36.3839988708496,0.568175971508026,0.555092990398407,164.192596435547,-86.7109,26.8761,13.9076014950407,63,63,63,63,61,63,0.545748,7818,1.13366707078925,27,-87,0.001869,51,2025-04-25 04:18:15.000455,88,1.037,0.0011,"aoml_navis",1026.19991875078
"7901009",68,0.466562903367887,4,0.551355,1,0.528927,1,165.387308210805,1,4.87222289168126,90,1,19.9669990539551,36.3930015563965,0.551355004310608,0.538272023200989,159.483001708984,-86.7109,26.8761,13.9076014950407,63,63,63,63,61,63,0.528927,7818,1.13366707078925,27,-87,0.001869,51,2025-04-25 04:18:15.000455,90,1.037,0.0011,"aoml_navis",1026.22562866262
"7901009",68,0.484697857209042,1,0.571914,1,0.549486,1,160.70308368193,1,4.87202427455103,92,1,19.8080005645752,36.3810005187988,0.57191401720047,0.558830976486206,154.966003417969,-86.7109,26.8761,13.9076014950407,63,63,63,63,61,63,0.549486,7818,1.13366707078925,27,-87,0.001869,51,2025-04-25 04:18:15.000455,92,1.037,0.0011,"aoml_navis",1026.26746465888
"7901009",68,0.410509409677046,1,0.487809,1,0.465381,1,154.852099153471,1,4.87176699469489,94,1,19.6650009155273,36.390998840332,0.487809002399445,0.474725991487503,149.32389831543,-86.7109,26.8761,13.9076014950407,63,63,63,63,61,63,0.465381,7818,1.13366707078925,27,-87,0.001869,51,2025-04-25 04:18:15.000455,94,1.037,0.0011,"aoml_navis",1026.32166223154
"7901009",68,0.372590869827359,1,0.444822,1,0.422394,1,150.978411648515,1,4.87157587857164,96,1,19.6119995117188,36.4140014648438,0.444822013378143,0.431739002466202,145.588500976562,-86.7109,26.8761,13.9076014950407,63,63,63,63,61,63,0.422394,7818,1.13366707078925,27,-87,0.001869,51,2025-04-25 04:18:15.000455,96,1.037,0.0011,"aoml_navis",1026.36192571551
"7901009",68,0.337969594312427,1,0.405573,1,0.383145,1,147.491534317693,1,4.8713765214834,98,1,19.4389991760254,36.3979988098145,0.405573010444641,0.3924899995327,142.226104736328,-86.7109,26.8761,13.9076014950407,63,63,63,63,61,63,0.383145,7818,1.13366707078925,27,-87,0.001869,51,2025-04-25 04:18:15.000455,98,1.037,0.0011,"aoml_navis",1026.40392873541
"7901009",68,0.293456525793229,1,0.35511,1,0.332682,1,144.088965622902,1,4.87111000000292,100,1,19.2430000305176,36.3930015563965,0.355109989643097,0.342027008533478,138.945007324219,-86.7109,26.8761,13.9076014950407,63,63,63,63,61,63,0.332682,7818,1.13366707078925,27,-87,0.001869,51,2025-04-25 04:18:15.000455,100,1.037,0.0011,"aoml_navis",1026.46008815178
"7901009",68,0.250592089441409,1,0.306516,1,0.284088,1,142.046237629057,1,4.87083777162028,102,1,19.1030006408691,36.4090003967285,0.306515991687775,0.293433010578156,136.975204467773,-86.7109,26.8761,13.9076014950407,63,63,63,63,61,63,0.284088,7818,1.13366707078925,27,-87,0.001869,51,2025-04-25 04:18:15.000455,102,1.037,0.0011,"aoml_navis",1026.5174564286
"7901009",68,0.220916710428611,4,0.272874,1,0.250446,1,140.458345865333,1,4.87064282175702,104,1,19.0459995269775,36.431999206543,0.272873997688293,0.259790986776352,135.444000244141,-86.7109,26.8761,13.9076014950407,63,63,63,63,61,63,0.250446,7818,1.13366707078925,27,-87,0.001869,51,2025-04-25 04:18:15.000455,104,1.037,0.0011,"aoml_navis",1026.5585432923
"7901009",68,0.232457135600255,1,0.285957,1,0.263529,1,138.725176776646,1,4.87049921077497,106,1,19.1219997406006,36.4860000610352,0.285957008600235,0.272873997688293,133.772705078125,-86.7109,26.8761,13.9076014950407,63,63,63,63,61,63,0.263529,7818,1.13366707078925,27,-87,0.001869,51,2025-04-25 04:18:15.000455,106,1.037,0.0011,"aoml_navis",1026.58881227997
"7901009",68,0.201133124420079,1,0.250446,1,0.228018,1,137.86952640413,1,4.87032448431683,108,1,19.1049995422363,36.5169982910156,0.250445991754532,0.237362995743752,132.947601318359,-86.7109,26.8761,13.9076014950407,63,63,63,63,61,63,0.228018,7818,1.13366707078925,27,-87,0.001869,51,2025-04-25 04:18:15.000455,108,1.037,0.0011,"aoml_navis",1026.62564190553
"7901009",68,0.189592699248435,1,0.237363,1,0.214935,1,137.425988290774,1,4.87021529680474,110,1,19.0470008850098,36.515998840332,0.237362995743752,0.224279999732971,132.519897460938,-86.7109,26.8761,13.9076014950407,63,63,63,63,61,63,0.214935,7818,1.13366707078925,27,-87,0.001869,51,2025-04-25 04:18:15.000455,110,1.037,0.0011,"aoml_navis",1026.64865828014
"7901009",68,0.189592699248435,1,0.237363,1,0.214935,1,136.892334246074,1,4.87013676069818,112,1,19.0049991607666,36.5120010375977,0.237362995743752,0.224279999732971,132.005294799805,-86.7109,26.8761,13.9076014950407,63,63,63,63,61,63,0.214935,7818,1.13366707078925,27,-87,0.001869,51,2025-04-25 04:18:15.000455,112,1.037,0.0011,"aoml_navis",1026.66521407567
"7901009",68,0.184646802746302,1,0.231756,1,0.209328,1,136.764067391031,1,4.86997386021019,114,1,18.9029998779297,36.5110015869141,0.231756001710892,0.218673005700111,131.881607055664,-86.7109,26.8761,13.9076014950407,63,63,63,63,61,63,0.209328,7818,1.13366707078925,27,-87,0.001869,51,2025-04-25 04:18:15.000455,114,1.037,0.0011,"aoml_navis",1026.69955599807
"7901009",68,0.186295434913679,1,0.233625,1,0.211197,1,136.728384963431,1,4.86989679216507,116,1,18.8619995117188,36.5069999694824,0.233624994754791,0.220541998744011,131.847198486328,-86.7109,26.8761,13.9076014950407,63,63,63,63,61,63,0.211197,7818,1.13366707078925,27,-87,0.001869,51,2025-04-25 04:18:15.000455,116,1.037,0.0011,"aoml_navis",1026.71580392509
"7901009",68,0.191241331415812,1,0.239232,1,0.216804,1,136.673318511969,1,4.8698246761327,118,1,18.8250007629395,36.5029983520508,0.239232003688812,0.226148992776871,131.794097900391,-86.7109,26.8761,13.9076014950407,63,63,63,63,61,63,0.216804,7818,1.13366707078925,27,-87,0.001869,51,2025-04-25 04:18:15.000455,118,1.037,0.0011,"aoml_navis",1026.73100830617
"7901009",68,0.204430388754834,1,0.254184,1,0.231756,1,136.403587841963,1,4.86976480129211,120,1,18.7980003356934,36.4990005493164,0.254184007644653,0.241100996732712,131.533996582031,-86.7109,26.8761,13.9076014950407,63,63,63,63,61,63,0.231756,7818,1.13366707078925,27,-87,0.001869,51,2025-04-25 04:18:15.000455,120,1.037,0.0011,"aoml_navis",1026.74363219212
"7901009",68,0.178052274076791,1,0.22428,1,0.201852,1,136.107827197056,1,4.86966086729154,122,1,18.7110004425049,36.4869995117188,0.224279999732971,0.211197003722191,131.248794555664,-86.7109,26.8761,13.9076014950407,63,63,63,63,61,63,0.201852,7818,1.13366707078925,27,-87,0.001869,51,2025-04-25 04:18:15.000455,122,1.037,0.0011,"aoml_navis",1026.76554615618
"7901009",68,0.146728262896615,1,0.188769,1,0.166341,1,135.94606158404,1,4.86950017698583,124,1,18.5590000152588,36.4690017700195,0.188768997788429,0.175686001777649,131.092803955078,-86.7109,26.8761,13.9076014950407,63,63,63,63,61,63,0.166341,7818,1.13366707078925,27,-87,0.001869,51,2025-04-25 04:18:15.000455,124,1.037,0.0011,"aoml_navis",1026.79942874444
"7901009",68,0.148376895063992,1,0.190638,1,0.16821,1,135.907277712622,1,4.86939828303055,126,1,18.4729995727539,36.4570007324219,0.19063800573349,0.177554994821548,131.055404663086,-86.7109,26.8761,13.9076014950407,63,63,63,63,61,63,0.16821,7818,1.13366707078925,27,-87,0.001869,51,2025-04-25 04:18:15.000455,126,1.037,0.0011,"aoml_navis",1026.82091490125
"7901009",68,0.135187837724971,1,0.175686,1,0.153258,1,136.034199553765,1,4.86928705271588,128,1,18.378999710083,36.4449996948242,0.175686001777649,0.162603005766869,131.177795410156,-86.7109,26.8761,13.9076014950407,63,63,63,63,61,63,0.153258,7818,1.13366707078925,27,-87,0.001869,51,2025-04-25 04:18:15.000455,128,1.037,0.0011,"aoml_navis",1026.84437082246
"7901009",68,0.126944676888082,1,0.166341,1,0.143913,1,136.110327340542,1,4.86916774935127,130,1,18.2810001373291,36.4339981079102,0.166341006755829,0.153257995843887,131.251205444336,-86.7109,26.8761,13.9076014950407,63,63,63,63,61,63,0.143913,7818,1.13366707078925,27,-87,0.001869,51,2025-04-25 04:18:15.000455,130,1.037,0.0011,"aoml_navis",1026.86953035581
"7901009",68,0.112106987381683,1,0.14952,1,0.127092,1,136.493498065298,1,4.86907394027353,132,1,18.2040004730225,36.4230003356934,0.149519994854927,0.136436998844147,131.620697021484,-86.7109,26.8761,13.9076014950407,63,63,63,63,61,63,0.127092,7818,1.13366707078925,27,-87,0.001869,51,2025-04-25 04:18:15.000455,132,1.037,0.0011,"aoml_navis",1026.88931434036
"7901009",68,0.0989179300426616,1,0.134568,1,0.11214,1,137.073499706645,1,4.86898495921609,134,1,18.1429996490479,36.4160003662109,0.134568005800247,0.121485002338886,132.179992675781,-86.7109,26.8761,13.9076014950407,63,63,63,63,61,63,0.11214,7818,1.13366707078925,27,-87,0.001869,51,2025-04-25 04:18:15.000455,134,1.037,0.0011,"aoml_navis",1026.90808081794
"7901009",68,0.0972692978752839,1,0.132699,1,0.110271,1,136.562979901037,1,4.86889623027559,136,1,18.076000213623,36.4070014953613,0.132698997855186,0.119616001844406,131.687698364258,-86.7109,26.8761,13.9076014950407,63,63,63,63,61,63,0.110271,7818,1.13366707078925,27,-87,0.001869,51,2025-04-25 04:18:15.000455,136,1.037,0.0011,"aoml_navis",1026.92679480602
"7901009",68,0.080782976201507,1,0.114009,1,0.091581,1,134.801597167822,1,4.86879368224903,138,1,17.9850006103516,36.3940010070801,0.114009000360966,0.100925996899605,129.989196777344,-86.7109,26.8761,13.9076014950407,63,63,63,63,61,63,0.091581,7818,1.13366707078925,27,-87,0.001869,51,2025-04-25 04:18:15.000455,138,1.037,0.0011,"aoml_navis",1026.94842425329
"7901009",68,0.0758370796993739,1,0.108402,1,0.085974,1,131.546703087476,1,4.86869091940309,140,1,17.8689994812012,36.3730010986328,0.108401998877525,0.095319002866745,126.85050201416,-86.7109,26.8761,13.9076014950407,63,63,63,63,61,63,0.085974,7818,1.13366707078925,27,-87,0.001869,51,2025-04-25 04:18:15.000455,140,1.037,0.0011,"aoml_navis",1026.97009992432
"7901009",68,0.0774857118667516,1,0.110271,1,0.087843,1,129.182500947682,1,4.86853325227471,142,1,17.6749992370605,36.3419990539551,0.110270999372005,0.0971880033612251,124.570701599121,-86.7109,26.8761,13.9076014950407,63,63,63,63,61,63,0.087843,7818,1.13366707078925,27,-87,0.001869,51,2025-04-25 04:18:15.000455,142,1.037,0.0011,"aoml_navis",1027.00335828329
"7901009",68,0.0758370796993739,1,0.108402,1,0.085974,1,127.581127397566,1,4.86845866599921,144,1,17.5879993438721,36.3230018615723,0.108401998877525,0.095319002866745,123.026496887207,-86.7109,26.8761,13.9076014950407,63,63,63,63,61,63,0.085974,7818,1.13366707078925,27,-87,0.001869,51,2025-04-25 04:18:15.000455,144,1.037,0.0011,"aoml_navis",1027.01909228879
"7901009",68,0.06429665452773,1,0.095319,1,0.072891,1,126.644491364538,1,4.86831174173058,146,1,17.4200000762939,36.2980003356934,0.095319002866745,0.0822359994053841,122.12329864502,-86.7109,26.8761,13.9076014950407,63,63,63,63,61,63,0.072891,7818,1.13366707078925,27,-87,0.001869,51,2025-04-25 04:18:15.000455,146,1.037,0.0011,"aoml_navis",1027.05008743393
"7901009",68,0.0544048615234639,1,0.084105,1,0.061677,1,126.132104363161,1,4.86818967501845,148,1,17.2849998474121,36.2770004272461,0.0841049998998642,0.0710219964385033,121.629203796387,-86.7109,26.8761,13.9076014950407,63,63,63,63,61,63,0.061677,7818,1.13366707078925,27,-87,0.001869,51,2025-04-25 04:18:15.000455,148,1.037,0.0011,"aoml_navis",1027.07584005158
"7901009",68,0.0544048615234639,1,0.084105,1,0.061677,1,126.000395854901,1,4.86808579313854,150,1,17.1840000152588,36.2620010375977,0.0841049998998642,0.0710219964385033,121.502197265625,-86.7109,26.8761,13.9076014950407,63,63,63,63,61,63,0.061677,7818,1.13366707078925,27,-87,0.001869,51,2025-04-25 04:18:15.000455,150,1.037,0.0011,"aoml_navis",1027.0977572021
"7901009",68,0.0461617006865754,1,0.07476,1,0.052332,1,125.870253892244,1,4.86799020540795,152,1,17.0930004119873,36.2480010986328,0.0747599974274635,0.0616770014166832,121.37670135498,-86.7109,26.8761,13.9076014950407,63,63,63,63,61,63,0.052332,7818,1.13366707078925,27,-87,0.001869,51,2025-04-25 04:18:15.000455,152,1.037,0.0011,"aoml_navis",1027.11792526727
"7901009",68,0.0362699076823093,1,0.063546,1,0.041118,1,125.767273298533,1,4.86784761529785,154,1,16.9479999542236,36.2299995422363,0.0635460019111633,0.0504629984498024,121.277397155762,-86.7109,26.8761,13.9076014950407,63,63,63,63,61,63,0.041118,7818,1.13366707078925,27,-87,0.001869,51,2025-04-25 04:18:15.000455,154,1.037,0.0011,"aoml_navis",1027.14801184138
"7901009",68,0.0379185398496869,1,0.065415,1,0.042987,1,125.570450293788,1,4.86778269341804,156,1,16.8990001678467,36.2210006713867,0.0654150024056435,0.0523319989442825,121.087600708008,-86.7109,26.8761,13.9076014950407,63,63,63,63,61,63,0.042987,7818,1.13366707078925,27,-87,0.001869,51,2025-04-25 04:18:15.000455,156,1.037,0.0011,"aoml_navis",1027.16171096971
"7901009",68,0.0346212755149316,1,0.061677,1,0.039249,1,125.228231286384,1,4.86772522274719,158,1,16.8659992218018,36.2150001525879,0.0616770014166832,0.0485940016806126,120.757598876953,-86.7109,26.8761,13.9076014950407,63,63,63,63,61,63,0.039249,7818,1.13366707078925,27,-87,0.001869,51,2025-04-25 04:18:15.000455,158,1.037,0.0011,"aoml_navis",1027.17383812765
"7901009",68,0.0263781146780431,1,0.052332,1,0.029904,1,125.022800192675,1,4.86764517637784,160,1,16.7940006256104,36.2029991149902,0.0523319989442825,0.0392489992082119,120.559501647949,-86.7109,26.8761,13.9076014950407,63,63,63,63,61,63,0.029904,7818,1.13366707078925,27,-87,0.001869,51,2025-04-25 04:18:15.000455,160,1.037,0.0011,"aoml_navis",1027.19072956765
"7901009",68,0.0263781146780431,1,0.052332,1,0.029904,1,124.855630788517,1,4.86755013305967,162,1,16.6989994049072,36.1879997253418,0.0523319989442825,0.0392489992082119,120.398300170898,-86.7109,26.8761,13.9076014950407,63,63,63,63,61,63,0.029904,7818,1.13366707078925,27,-87,0.001869,51,2025-04-25 04:18:15.000455,162,1.037,0.0011,"aoml_navis",1027.21078639555
"7901009",68,0.02143221817591,1,0.046725,1,0.024297,1,124.832093045256,1,4.86742733170508,164,1,16.5629997253418,36.1679992675781,0.0467250011861324,0.0336420014500618,120.375602722168,-86.7109,26.8761,13.9076014950407,63,63,63,63,61,63,0.024297,7818,1.13366707078925,27,-87,0.001869,51,2025-04-25 04:18:15.000455,164,1.037,0.0011,"aoml_navis",1027.23670211394
"7901009",68,0.0131890573390215,1,0.03738,1,0.014952,1,125.126809326428,1,4.86728729859292,166,1,16.3980007171631,36.1440010070801,0.0373799987137318,0.0242970008403063,120.659797668457,-86.7109,26.8761,13.9076014950407,63,63,63,63,61,63,0.014952,7818,1.13366707078925,27,-87,0.001869,51,2025-04-25 04:18:15.000455,166,1.037,0.0011,"aoml_navis",1027.26625597906
"7901009",68,0.0131890573390215,1,0.03738,1,0.014952,1,125.545456770776,1,4.86720642527883,168,1,16.3110008239746,36.1279983520508,0.0373799987137318,0.0242970008403063,121.063499450684,-86.7109,26.8761,13.9076014950407,63,63,63,63,61,63,0.014952,7818,1.13366707078925,27,-87,0.001869,51,2025-04-25 04:18:15.000455,168,1.037,0.0011,"aoml_navis",1027.28332499552
"7901009",68,0.00824316083688847,1,0.031773,1,0.009345,1,126.353920890918,1,4.86710823537083,170,1,16.2180004119873,36.1150016784668,0.0317730009555817,0.0186899993568659,121.843101501465,-86.7109,26.8761,13.9076014950407,63,63,63,63,61,63,0.009345,7818,1.13366707078925,27,-87,0.001869,51,2025-04-25 04:18:15.000455,170,1.037,0.0011,"aoml_navis",1027.3040495922
"7901009",68,0.00659452866951077,1,0.029904,1,0.007476,1,127.21453990302,1,4.8670118344332,172,1,16.1229991912842,36.101001739502,0.0299040004611015,0.0168210007250309,122.672996520996,-86.7109,26.8761,13.9076014950407,63,63,63,63,61,63,0.007476,7818,1.13366707078925,27,-87,0.001869,51,2025-04-25 04:18:15.000455,172,1.037,0.0011,"aoml_navis",1027.32439741074
"7901009",68,0.00164863216737769,1,0.024297,1,0.001869,1,127.782832011585,1,4.86689057312755,174,1,15.9919996261597,36.0830001831055,0.0242970008403063,0.0112140001729131,123.221000671387,-86.7109,26.8761,13.9076014950407,63,63,63,63,61,63,0.001869,7818,1.13366707078925,27,-87,0.001869,51,2025-04-25 04:18:15.000455,174,1.037,0.0011,"aoml_navis",1027.34999377373
"7901009",68,0.00494589650213308,1,0.028035,1,0.005607,1,127.590669084414,1,4.86684356766491,176,1,15.9739999771118,36.0789985656738,0.0280349999666214,0.0149520002305508,123.035697937012,-86.7109,26.8761,13.9076014950407,63,63,63,63,61,63,0.005607,7818,1.13366707078925,27,-87,0.001869,51,2025-04-25 04:18:15.000455,176,1.037,0.0011,"aoml_navis",1027.35991623396
"7901009",68,0.00494589650213308,1,0.028035,1,0.005607,1,127.482403377258,1,4.86678211856174,178,1,15.9329996109009,36.0719985961914,0.0280349999666214,0.0149520002305508,122.931297302246,-86.7109,26.8761,13.9076014950407,63,63,63,63,61,63,0.005607,7818,1.13366707078925,27,-87,0.001869,51,2025-04-25 04:18:15.000455,178,1.037,0.0011,"aoml_navis",1027.37288791503
"7901009",68,0.00164863216737769,1,0.024297,1,0.001869,1,127.710549382194,1,4.86668492400119,180,1,15.8229999542236,36.0540008544922,0.0242970008403063,0.0112140001729131,123.151298522949,-86.7109,26.8761,13.9076014950407,63,63,63,63,61,63,0.001869,7818,1.13366707078925,27,-87,0.001869,51,2025-04-25 04:18:15.000455,180,1.037,0.0011,"aoml_navis",1027.39340600032
"7901009",68,0.00494589650213308,1,0.028035,1,0.005607,1,127.930712334038,1,4.86660359479459,182,1,15.7469997406006,36.0419998168945,0.0280349999666214,0.0149520002305508,123.36360168457,-86.7109,26.8761,13.9076014950407,63,63,63,63,61,63,0.005607,7818,1.13366707078925,27,-87,0.001869,51,2025-04-25 04:18:15.000455,182,1.037,0.0011,"aoml_navis",1027.41057548802
"7901009",68,0.00494589650213308,1,0.028035,1,0.005607,1,128.169950747732,1,4.86652287206941,184,1,15.6680002212524,36.0289993286133,0.0280349999666214,0.0149520002305508,123.594299316406,-86.7109,26.8761,13.9076014950407,63,63,63,63,61,63,0.005607,7818,1.13366707078925,27,-87,0.001869,51,2025-04-25 04:18:15.000455,184,1.037,0.0011,"aoml_navis",1027.42761750831
"7901009",68,0.00164863216737769,1,0.024297,1,0.001869,1,128.381086282748,1,4.86642429438079,186,1,15.5690002441406,36.0149993896484,0.0242970008403063,0.0112140001729131,123.797897338867,-86.7109,26.8761,13.9076014950407,63,63,63,63,61,63,0.001869,7818,1.13366707078925,27,-87,0.001869,51,2025-04-25 04:18:15.000455,186,1.037,0.0011,"aoml_navis",1027.44842979957
"7901009",68,0.00329726433475539,1,0.026166,1,0.003738,1,128.241505487247,1,4.86636708943958,188,1,15.5380001068115,36.0099983215332,0.0261659994721413,0.0130829997360706,123.663299560547,-86.7109,26.8761,13.9076014950407,63,63,63,63,61,63,0.003738,7818,1.13366707078925,27,-87,0.001869,51,2025-04-25 04:18:15.000455,188,1.037,0.0011,"aoml_navis",1027.46050762394
"7901009",68,0.00164863216737769,1,0.024297,1,0.001869,1,127.874292956829,1,4.86630852767973,190,1,15.4989995956421,36.0029983520508,0.0242970008403063,0.0112140001729131,123.309196472168,-86.7109,26.8761,13.9076014950407,63,63,63,63,61,63,0.001869,7818,1.13366707078925,27,-87,0.001869,51,2025-04-25 04:18:15.000455,190,1.037,0.0011,"aoml_navis",1027.47287221101
"7901009",68,0.00164863216737769,1,0.024297,1,0.001869,1,127.281537418965,1,4.86624933815596,192,1,15.456000328064,35.9949989318848,0.0242970008403063,0.0112140001729131,122.737602233887,-86.7109,26.8761,13.9076014950407,63,63,63,63,61,63,0.001869,7818,1.13366707078925,27,-87,0.001869,51,2025-04-25 04:18:15.000455,192,1.037,0.0011,"aoml_navis",1027.48536964502
"7901009",68,0.00164863216737769,1,0.024297,1,0.001869,1,126.379325829947,1,4.86618169876488,194,1,15.3950004577637,35.984001159668,0.0242970008403063,0.0112140001729131,121.867599487305,-86.7109,26.8761,13.9076014950407,63,63,63,63,61,63,0.001869,7818,1.13366707078925,27,-87,0.001869,51,2025-04-25 04:18:15.000455,194,1.037,0.0011,"aoml_navis",1027.49965157879
"7901009",68,0.00164863216737769,1,0.024297,1,0.001869,1,125.344480046632,1,4.86609325902628,196,1,15.3009996414185,35.9690017700195,0.0242970008403063,0.0112140001729131,120.869697570801,-86.7109,26.8761,13.9076014950407,63,63,63,63,61,63,0.001869,7818,1.13366707078925,27,-87,0.001869,51,2025-04-25 04:18:15.000455,196,1.037,0.0011,"aoml_navis",1027.51832606688
"7901009",68,0,1,0.022428,1,0,1,124.710962675732,1,4.86600628037561,198,1,15.2080001831055,35.9539985656738,0.0224280003458261,0.00934499967843294,120.258796691895,-86.7109,26.8761,13.9076014950407,63,63,63,63,61,63,0,7818,1.13366707078925,27,-87,0.001869,51,2025-04-25 04:18:15.000455,198,1.037,0.0011,"aoml_navis",1027.53669270111
"7901009",68,0.0230808503432877,1,0.048594,1,0.026166,1,124.271997609638,1,4.8659262421192,200,1,15.1280002593994,35.9410018920898,0.0485940016806126,0.0355109982192516,119.835502624512,-86.7109,26.8761,13.9076014950407,63,63,63,63,61,63,0.026166,7818,1.13366707078925,27,-87,0.001869,51,2025-04-25 04:18:15.000455,200,1.037,0.0011,"aoml_navis",1027.55359436406
"7901009",68,0.00329726433475539,1,0.026166,1,0.003738,1,124.003714807537,1,4.86582487912609,202,1,15.0139999389648,35.923999786377,0.0261659994721413,0.0130829997360706,119.576797485352,-86.7109,26.8761,13.9076014950407,63,63,63,63,61,63,0.003738,7818,1.13366707078925,27,-87,0.001869,51,2025-04-25 04:18:15.000455,202,1.037,0.0011,"aoml_navis",1027.57499996547
"7901009",68,0.00164863216737769,1,0.024297,1,0.001869,1,123.842249844687,1,4.86574657121174,204,1,14.9350004196167,35.9109992980957,0.0242970008403063,0.0112140001729131,119.421096801758,-86.7109,26.8761,13.9076014950407,63,63,63,63,61,63,0.001869,7818,1.13366707078925,27,-87,0.001869,51,2025-04-25 04:18:15.000455,204,1.037,0.0011,"aoml_navis",1027.59153745955
"7901009",68,0,1,0.022428,1,0,1,123.85873813274,1,4.8656712238149,206,1,14.8620004653931,35.898998260498,0.0224280003458261,0.00934499967843294,119.436996459961,-86.7109,26.8761,13.9076014950407,63,63,63,63,61,63,0,7818,1.13366707078925,27,-87,0.001869,51,2025-04-25 04:18:15.000455,206,1.037,0.0011,"aoml_navis",1027.60745023783
"7901009",68,0.00164863216737769,1,0.024297,1,0.001869,1,123.954669271242,1,4.86560844982559,208,1,14.8179998397827,35.8919982910156,0.0242970008403063,0.0112140001729131,119.529502868652,-86.7109,26.8761,13.9076014950407,63,63,63,63,61,63,0.001869,7818,1.13366707078925,27,-87,0.001869,51,2025-04-25 04:18:15.000455,208,1.037,0.0011,"aoml_navis",1027.62070798755
"7901009",68,0.00164863216737769,1,0.024297,1,0.001869,1,124.310259299189,1,4.86553182732664,210,1,14.7399997711182,35.8790016174316,0.0242970008403063,0.0112140001729131,119.872398376465,-86.7109,26.8761,13.9076014950407,63,63,63,63,61,63,0.001869,7818,1.13366707078925,27,-87,0.001869,51,2025-04-25 04:18:15.000455,210,1.037,0.0011,"aoml_navis",1027.63689098037
"7901009",68,-0.00329726433475539,1,0.01869,1,-0.003738,1,124.392186469431,1,4.86544763265804,212,1,14.6579999923706,35.867000579834,0.0186899993568659,0.00560700008645654,119.951400756836,-86.7109,26.8761,13.9076014950407,63,63,63,63,61,63,-0.003738,7818,1.13366707078925,27,-87,0.001869,51,2025-04-25 04:18:15.000455,212,1.037,0.0011,"aoml_navis",1027.6546738349
"7901009",68,0.00164863216737769,1,0.024297,1,0.001869,1,124.364495006771,1,4.86540202461101,214,1,14.6370000839233,35.8619995117188,0.0242970008403063,0.0112140001729131,119.924697875977,-86.7109,26.8761,13.9076014950407,63,63,63,63,61,63,0.001869,7818,1.13366707078925,27,-87,0.001869,51,2025-04-25 04:18:15.000455,214,1.037,0.0011,"aoml_navis",1027.66430702091
"7901009",68,0,1,0.024297,1,0.001869,1,124.032648430094,1,4.86535486609668,216,1,14.6180000305176,35.8580017089844,0.0242970008403063,0,119.604698181152,-86.7109,26.8761,13.9076014950407,63,63,63,63,61,63,0,7818,1.13366707078925,27,-87,0.001869,51,2025-04-25 04:18:15.000455,216,1.037,0.0011,"aoml_navis",1027.67426788158
"7901009",68,0,1,0.022428,1,0,1,123.392603785853,1,4.86529879930124,218,1,14.5799999237061,35.851001739502,0.0224280003458261,0,118.987503051758,-86.7109,26.8761,13.9076014950407,63,63,63,63,61,63,0,7818,1.13366707078925,27,-87,0.001869,51,2025-04-25 04:18:15.000455,218,1.037,0.0011,"aoml_navis",1027.68611060807
"7901009",68,0,1,0.022428,1,0,1,123.320321156462,1,4.86521045160498,220,1,14.4899997711182,35.8380012512207,0.0224280003458261,0,118.91780090332,-86.7109,26.8761,13.9076014950407,63,63,63,63,61,63,0,7818,1.13366707078925,27,-87,0.001869,51,2025-04-25 04:18:15.000455,220,1.037,0.0011,"aoml_navis",1027.7047724319
"7901009",68,0,1,0.024297,1,0.001869,1,123.418008724882,1,4.86515042123191,222,1,14.4479999542236,35.8310012817383,0.0242970008403063,0,119.012001037598,-86.7109,26.8761,13.9076014950407,63,63,63,63,61,63,0,7818,1.13366707078925,27,-87,0.001869,51,2025-04-25 04:18:15.000455,222,1.037,0.0011,"aoml_navis",1027.71745312942
"7901009",68,0,1,0.024297,1,0.001869,1,123.883011677723,1,4.86507182488985,224,1,14.3809995651245,35.8219985961914,0.0242970008403063,0,119.460403442383,-86.7109,26.8761,13.9076014950407,63,63,63,63,61,63,0,7818,1.13366707078925,27,-87,0.001869,51,2025-04-25 04:18:15.000455,224,1.037,0.0011,"aoml_navis",1027.73405613867
"7901009",68,0,1,0.022428,1,0,1,124.34313302129,1,4.86500380439474,226,1,14.3170003890991,35.8110008239746,0.0224280003458261,0,119.904098510742,-86.7109,26.8761,13.9076014950407,63,63,63,63,61,63,0,7818,1.13366707078925,27,-87,0.001869,51,2025-04-25 04:18:15.000455,226,1.037,0.0011,"aoml_navis",1027.74842549626
"7901009",68,0,1,0.028035,1,0.005607,1,124.29304312126,1,4.86494200288547,228,1,14.2729997634888,35.8040008544922,0.0280349999666214,0,119.855796813965,-86.7109,26.8761,13.9076014950407,63,63,63,63,61,63,0,7818,1.13366707078925,27,-87,0.001869,51,2025-04-25 04:18:15.000455,228,1.037,0.0011,"aoml_navis",1027.76148143892
"7901009",68,0,1,0.024297,1,0.001869,1,124.234970168138,1,4.86487990576643,230,1,14.2180004119873,35.7939987182617,0.0242970008403063,0,119.799797058105,-86.7109,26.8761,13.9076014950407,63,63,63,63,61,63,0,7818,1.13366707078925,27,-87,0.001869,51,2025-04-25 04:18:15.000455,230,1.037,0.0011,"aoml_navis",1027.77460016503
"7901009",68,0,1,0.01869,1,-0.003738,1,124.049453192006,1,4.86480935727959,232,1,14.1440000534058,35.7809982299805,0.0186899993568659,0,119.620903015137,-86.7109,26.8761,13.9076014950407,63,63,63,63,61,63,0,7818,1.13366707078925,27,-87,0.001869,51,2025-04-25 04:18:15.000455,232,1.037,0.0011,"aoml_navis",1027.78950474557
"7901009",68,0,1,0.026166,1,0.003738,1,123.741247212595,1,4.86471973246759,234,1,14.043999671936,35.765998840332,0.0261659994721413,0,119.323699951172,-86.7109,26.8761,13.9076014950407,63,63,63,63,61,63,0,7818,1.13366707078925,27,-87,0.001869,51,2025-04-25 04:18:15.000455,234,1.037,0.0011,"aoml_navis",1027.80844015114
"7901009",68,0,1,0.020559,1,-0.001869,1,123.327062049659,1,4.86466529564721,236,1,13.996000289917,35.7560005187988,0.020558999851346,0,118.924301147461,-86.7109,26.8761,13.9076014950407,63,63,63,63,61,63,0,7818,1.13366707078925,27,-87,0.001869,51,2025-04-25 04:18:15.000455,236,1.037,0.0011,"aoml_navis",1027.81994158445
"7901009",68,0,1,0.022428,1,0,1,122.919617779919,1,4.86456757141765,238,1,13.8909997940063,35.742000579834,0.0224280003458261,0,118.531402587891,-86.7109,26.8761,13.9076014950407,63,63,63,63,61,63,0,7818,1.13366707078925,27,-87,0.001869,51,2025-04-25 04:18:15.000455,238,1.037,0.0011,"aoml_navis",1027.8405894448
"7901009",68,0,1,0.028035,1,0.005607,1,122.297612145639,1,4.86449885843816,240,1,13.8249998092651,35.7309989929199,0.0280349999666214,0,117.931602478027,-86.7109,26.8761,13.9076014950407,63,63,63,63,61,63,0,7818,1.13366707078925,27,-87,0.001869,51,2025-04-25 04:18:15.000455,240,1.037,0.0011,"aoml_navis",1027.85510810159
"7901009",68,0,1,0.024297,1,0.001869,1,121.792686015488,1,4.86442969550448,242,1,13.7620000839233,35.7210006713867,0.0242970008403063,0,117.444702148438,-86.7109,26.8761,13.9076014950407,63,63,63,63,61,63,0,7818,1.13366707078925,27,-87,0.001869,51,2025-04-25 04:18:15.000455,242,1.037,0.0011,"aoml_navis",1027.8697222453
"7901009",68,0,1,0.028035,1,0.005607,1,121.373935717136,1,4.8643665018945,244,1,13.7119998931885,35.7130012512207,0.0280349999666214,0,117.040901184082,-86.7109,26.8761,13.9076014950407,63,63,63,63,61,63,0,7818,1.13366707078925,27,-87,0.001869,51,2025-04-25 04:18:15.000455,244,1.037,0.0011,"aoml_navis",1027.88307543288
"7901009",68,0,1,0.024297,1,0.001869,1,121.259862714668,1,4.86430909110498,246,1,13.6639995574951,35.7039985656738,0.0242970008403063,0,116.93090057373,-86.7109,26.8761,13.9076014950407,63,63,63,63,61,63,0,7818,1.13366707078925,27,-87,0.001869,51,2025-04-25 04:18:15.000455,246,1.037,0.0011,"aoml_navis",1027.8952069767
"7901009",68,0,1,0.024297,1,0.001869,1,121.144231078444,1,4.86426180769785,248.100006103516,1,13.6389999389648,35.6980018615723,0.0242970008403063,0,116.819396972656,-86.7109,26.8761,13.9076014950407,63,63,63,63,61,63,0,7818,1.13366707078925,27,-87,0.001869,51,2025-04-25 04:18:15.000455,248.100006103516,1.037,0.0011,"aoml_navis",1027.90519870607
"7901009",68,0,1,0.026166,1,0.003738,1,121.283503311933,1,4.86416574251242,250,1,13.5209999084473,35.6809997558594,0.0261659994721413,0,116.95369720459,-86.7109,26.8761,13.9076014950407,63,63,63,63,61,63,0,7818,1.13366707078925,27,-87,0.001869,51,2025-04-25 04:18:15.000455,250,1.037,0.0011,"aoml_navis",1027.92549939251
"7901009",68,0,1,0.022428,1,0,1,120.9474080737,1,4.86411235525273,252,1,13.4729995727539,35.6710014343262,0.0224280003458261,0,116.629600524902,-86.7109,26.8761,13.9076014950407,63,63,63,63,61,63,0,7818,1.13366707078925,27,-87,0.001869,51,2025-04-25 04:18:15.000455,252,1.037,0.0011,"aoml_navis",1027.93678164126
"7901009",68,0,1,0.024297,1,0.001869,1,120.560495045561,1,4.86403257860608,254,1,13.3800001144409,35.6559982299805,0.0242970008403063,0,116.256500244141,-86.7109,26.8761,13.9076014950407,63,63,63,63,61,63,0,7818,1.13366707078925,27,-87,0.001869,51,2025-04-25 04:18:15.000455,254,1.037,0.0011,"aoml_navis",1027.95364118077
"7901009",68,0,1,0.024297,1,0.001869,1,120.210395839068,1,4.86394920435306,256,1,13.2829999923706,35.640998840332,0.0242970008403063,0,115.918899536133,-86.7109,26.8761,13.9076014950407,63,63,63,63,61,63,0,7818,1.13366707078925,27,-87,0.001869,51,2025-04-25 04:18:15.000455,256,1.037,0.0011,"aoml_navis",1027.97126160881
"7901009",68,0,1,0.028035,1,0.005607,1,119.90644643306,1,4.86387117075665,258,1,13.1909999847412,35.6259994506836,0.0280349999666214,0,115.625801086426,-86.7109,26.8761,13.9076014950407,63,63,63,63,61,63,0,7818,1.13366707078925,27,-87,0.001869,51,2025-04-25 04:18:15.000455,258,1.037,0.0011,"aoml_navis",1027.98775388251
"7901009",68,0,1,0.024297,1,0.001869,1,119.845050504418,1,4.86377969338467,260,1,13.0699996948242,35.6069984436035,0.0242970008403063,0,115.566596984863,-86.7109,26.8761,13.9076014950407,63,63,63,63,61,63,0,7818,1.13366707078925,27,-87,0.001869,51,2025-04-25 04:18:15.000455,260,1.037,0.0011,"aoml_navis",1028.00708815011
"7901009",68,0,1,0.028035,1,0.005607,1,119.9171274258,1,4.86366959914942,262,1,12.9329996109009,35.5890007019043,0.0280349999666214,0,115.636100769043,-86.7109,26.8761,13.9076014950407,63,63,63,63,61,63,0,7818,1.13366707078925,27,-87,0.001869,51,2025-04-25 04:18:15.000455,262,1.037,0.0011,"aoml_navis",1028.03035816298
"7901009",68,0,1,0.022428,1,0,1,119.764476259923,1,4.8636130204597,264,1,12.8879995346069,35.5810012817383,0.0224280003458261,0,115.488899230957,-86.7109,26.8761,13.9076014950407,63,63,63,63,61,63,0,7818,1.13366707078925,27,-87,0.001869,51,2025-04-25 04:18:15.000455,264,1.037,0.0011,"aoml_navis",1028.04231729921
"7901009",68,0,1,0.024297,1,0.001869,1,119.48832117058,1,4.86356011502343,266,1,12.8579998016357,35.576000213623,0.0242970008403063,0,115.222602844238,-86.7109,26.8761,13.9076014950407,63,63,63,63,61,63,0,7818,1.13366707078925,27,-87,0.001869,51,2025-04-25 04:18:15.000455,266,1.037,0.0011,"aoml_navis",1028.05350026519
"7901009",68,0,1,0.026166,1,0.003738,1,119.110427647422,1,4.8635106821459,268,1,12.8240003585815,35.5690002441406,0.0261659994721413,0,114.858200073242,-86.7109,26.8761,13.9076014950407,63,63,63,63,61,63,0,7818,1.13366707078925,27,-87,0.001869,51,2025-04-25 04:18:15.000455,268,1.037,0.0011,"aoml_navis",1028.06394943372
"7901009",68,0,1,0.024297,1,0.001869,1,119.028816951038,1,4.86342061394044,270,1,12.7290000915527,35.556999206543,0.0242970008403063,0,114.779502868652,-86.7109,26.8761,13.9076014950407,63,63,63,63,61,63,0,7818,1.13366707078925,27,-87,0.001869,51,2025-04-25 04:18:15.000455,270,1.037,0.0011,"aoml_navis",1028.08298868251
"7901009",68,0,1,0.022428,1,0,1,119.041467993551,1,4.86336172221495,272,1,12.6850004196167,35.5499992370605,0.0224280003458261,0,114.791702270508,-86.7109,26.8761,13.9076014950407,63,63,63,63,61,63,0,7818,1.13366707078925,27,-87,0.001869,51,2025-04-25 04:18:15.000455,272,1.037,0.0011,"aoml_navis",1028.09543800966
"7901009",68,0,1,0.024297,1,0.001869,1,119.073510971772,1,4.86331809830268,274,1,12.6719999313354,35.5470008850098,0.0242970008403063,0,114.822601318359,-86.7109,26.8761,13.9076014950407,63,63,63,63,61,63,0,7818,1.13366707078925,27,-87,0.001869,51,2025-04-25 04:18:15.000455,274,1.037,0.0011,"aoml_navis",1028.10466001494
"7901009",68,0,1,0.024297,1,0.001869,1,118.870769905865,1,4.86325666059955,276,1,12.6099996566772,35.5359992980957,0.0242970008403063,0,114.627098083496,-86.7109,26.8761,13.9076014950407,63,63,63,63,61,63,0,7818,1.13366707078925,27,-87,0.001869,51,2025-04-25 04:18:15.000455,276,1.037,0.0011,"aoml_navis",1028.11764809953
"7901009",68,0,1,0.024297,1,0.001869,1,118.566614791849,1,4.8631848408812,278,1,12.5369997024536,35.5250015258789,0.0242970008403063,0,114.333801269531,-86.7109,26.8761,13.9076014950407,63,63,63,63,61,63,0,7818,1.13366707078925,27,-87,0.001869,51,2025-04-25 04:18:15.000455,278,1.037,0.0011,"aoml_navis",1028.13283138422
"7901009",68,0,1,0.024297,1,0.001869,1,118.245243499904,1,4.86311135809879,280,1,12.4619998931885,35.5139999389648,0.0242970008403063,0,114.023902893066,-86.7109,26.8761,13.9076014950407,63,63,63,63,61,63,0,7818,1.13366707078925,27,-87,0.001869,51,2025-04-25 04:18:15.000455,280,1.037,0.0011,"aoml_navis",1028.14836671861
"7901009",68,0,1,0.01869,1,-0.003738,1,117.576360175263,1,4.86305010001271,282,1,12.414999961853,35.5069999694824,0.0186899993568659,0,113.378898620605,-86.7109,26.8761,13.9076014950407,63,63,63,63,61,63,0,7818,1.13366707078925,27,-87,0.001869,51,2025-04-25 04:18:15.000455,282,1.037,0.0011,"aoml_navis",1028.16131793233
"7901009",68,0,1,0.024297,1,0.001869,1,116.901471759149,1,4.86299748541515,284,1,12.3769998550415,35.5,0.0242970008403063,0,112.728103637695,-86.7109,26.8761,13.9076014950407,63,63,63,63,61,63,0,7818,1.13366707078925,27,-87,0.001869,51,2025-04-25 04:18:15.000455,284,1.037,0.0011,"aoml_navis",1028.17244199606
"7901009",68,0,1,0.022428,1,0,1,116.42827213336,1,4.86292451663315,286,1,12.3020000457764,35.4889984130859,0.0224280003458261,0,112.271797180176,-86.7109,26.8761,13.9076014950407,63,63,63,63,61,63,0,7818,1.13366707078925,27,-87,0.001869,51,2025-04-25 04:18:15.000455,286,1.037,0.0011,"aoml_navis",1028.18786985033
"7901009",68,0,1,0.022428,1,0,1,116.3459335471,1,4.86283846044987,288,1,12.2089996337891,35.4770011901855,0.0224280003458261,0,112.192398071289,-86.7109,26.8761,13.9076014950407,63,63,63,63,61,63,0,7818,1.13366707078925,27,-87,0.001869,51,2025-04-25 04:18:15.000455,288,1.037,0.0011,"aoml_navis",1028.20606538047
"7901009",68,0,1,0.024297,1,0.001869,1,116.385033892377,1,4.86277093630057,290,1,12.1470003128052,35.4679985046387,0.0242970008403063,0,112.230102539062,-86.7109,26.8761,13.9076014950407,63,63,63,63,61,63,0,7818,1.13366707078925,27,-87,0.001869,51,2025-04-25 04:18:15.000455,290,1.037,0.0011,"aoml_navis",1028.22034298902
"7901009",68,0,1,0.022428,1,0,1,116.475252677725,1,4.86270561351092,292,1,12.0950002670288,35.4609985351562,0.0224280003458261,0,112.317100524902,-86.7109,26.8761,13.9076014950407,63,63,63,63,61,63,0,7818,1.13366707078925,27,-87,0.001869,51,2025-04-25 04:18:15.000455,292,1.037,0.0011,"aoml_navis",1028.23415550956
"7901009",68,0,1,0.022428,1,0,1,116.505325606174,1,4.862656386453,294,1,12.0640001296997,35.4550018310547,0.0224280003458261,0,112.346099853516,-86.7109,26.8761,13.9076014950407,63,63,63,63,61,63,0,7818,1.13366707078925,27,-87,0.001869,51,2025-04-25 04:18:15.000455,294,1.037,0.0011,"aoml_navis",1028.24456482873
"7901009",68,0,1,0.026166,1,0.003738,1,116.526173321634,1,4.86260277352768,295.899993896484,1,12.0260000228882,35.4490013122559,0.0261659994721413,0,112.366203308105,-86.7109,26.8761,13.9076014950407,63,63,63,63,61,63,0,7818,1.13366707078925,27,-87,0.001869,51,2025-04-25 04:18:15.000455,295.899993896484,1.037,0.0011,"aoml_navis",1028.25590180229
"7901009",68,0,1,0.01869,1,-0.003738,1,116.620537914535,1,4.86254586717339,298,1,11.9849996566772,35.4420013427734,0.0186899993568659,0,112.45719909668,-86.7109,26.8761,13.9076014950407,63,63,63,63,61,63,0,7818,1.13366707078925,27,-87,0.001869,51,2025-04-25 04:18:15.000455,298,1.037,0.0011,"aoml_navis",1028.26793547688
"7901009",68,0,1,0.026166,1,0.003738,1,116.577402527556,1,4.86249586038766,300,1,11.9530000686646,35.4360008239746,0.0261659994721413,0,112.415603637695,-86.7109,26.8761,13.9076014950407,63,63,63,63,61,63,0,7818,1.13366707078925,27,-87,0.001869,51,2025-04-25 04:18:15.000455,300,1.037,0.0011,"aoml_navis",1028.27851037006
"7901009",68,0,1,0.026166,1,0.003738,1,116.547843869128,1,4.86243478760972,302,1,11.9130001068115,35.4309997558594,0.0261659994721413,0,112.387100219727,-86.7109,26.8761,13.9076014950407,63,63,63,63,61,63,0,7818,1.13366707078925,27,-87,0.001869,51,2025-04-25 04:18:15.000455,302,1.037,0.0011,"aoml_navis",1028.2914256744
"7901009",68,0,1,0.028035,1,0.005607,1,116.492468855653,1,4.86238306733502,304,1,11.8830003738403,35.4259986877441,0.0280349999666214,0,112.333702087402,-86.7109,26.8761,13.9076014950407,63,63,63,63,61,63,0,7818,1.13366707078925,27,-87,0.001869,51,2025-04-25 04:18:15.000455,304,1.037,0.0011,"aoml_navis",1028.30236342124
"7901009",68,0,1,0.028035,1,0.005607,1,116.405565133978,1,4.8623295589747,306,1,11.8549995422363,35.4220008850098,0.0280349999666214,0,112.249900817871,-86.7109,26.8761,13.9076014950407,63,63,63,63,61,63,0,7818,1.13366707078925,27,-87,0.001869,51,2025-04-25 04:18:15.000455,306,1.037,0.0011,"aoml_navis",1028.31367955535
"7901009",68,0,1,0.022428,1,0,1,116.290867095639,1,4.86228262799145,308,1,11.8380002975464,35.4189987182617,0.0224280003458261,0,112.139297485352,-86.7109,26.8761,13.9076014950407,63,63,63,63,61,63,0,7818,1.13366707078925,27,-87,0.001869,51,2025-04-25 04:18:15.000455,308,1.037,0.0011,"aoml_navis",1028.3236048879
"7901009",68,0,1,0.026166,1,0.003738,1,116.088751065603,1,4.86224125203933,310,1,11.8269996643066,35.4160003662109,0.0261659994721413,0,111.944396972656,-86.7109,26.8761,13.9076014950407,63,63,63,63,61,63,0,7818,1.13366707078925,27,-87,0.001869,51,2025-04-25 04:18:15.000455,310,1.037,0.0011,"aoml_navis",1028.33235555782
"7901009",68,0,1,0.026166,1,0.003738,1,115.852835627429,1,4.86218404263897,312,1,11.7869997024536,35.4099998474121,0.0261659994721413,0,111.716903686523,-86.7109,26.8761,13.9076014950407,63,63,63,63,61,63,0,7818,1.13366707078925,27,-87,0.001869,51,2025-04-25 04:18:15.000455,312,1.037,0.0011,"aoml_navis",1028.34445511574
"7901009",68,0,1,0.028035,1,0.005607,1,115.692193496612,1,4.86212041040193,314,1,11.7360000610352,35.4029998779297,0.0280349999666214,0,111.561996459961,-86.7109,26.8761,13.9076014950407,63,63,63,63,61,63,0,7818,1.13366707078925,27,-87,0.001869,51,2025-04-25 04:18:15.000455,314,1.037,0.0011,"aoml_navis",1028.35791341224
"7901009",68,0,1,0.028035,1,0.005607,1,115.445280591838,1,4.86206613558041,316,1,11.7030000686646,35.3979988098145,0.0280349999666214,0,111.32389831543,-86.7109,26.8761,13.9076014950407,63,63,63,63,61,63,0,7818,1.13366707078925,27,-87,0.001869,51,2025-04-25 04:18:15.000455,316,1.037,0.0011,"aoml_navis",1028.36939288221
"7901009",68,0,1,0.024297,1,0.001869,1,115.1952583314,1,4.86200269396808,318,1,11.6560001373291,35.3919982910156,0.0242970008403063,0,111.082801818848,-86.7109,26.8761,13.9076014950407,63,63,63,63,61,63,0,7818,1.13366707078925,27,-87,0.001869,51,2025-04-25 04:18:15.000455,318,1.037,0.0011,"aoml_navis",1028.38281151163
"7901009",68,0,1,0.026166,1,0.003738,1,115.034307638571,1,4.86193566113651,320,1,11.6049995422363,35.3860015869141,0.0261659994721413,0,110.927597045898,-86.7109,26.8761,13.9076014950407,63,63,63,63,61,63,0,7818,1.13366707078925,27,-87,0.001869,51,2025-04-25 04:18:15.000455,320,1.037,0.0011,"aoml_navis",1028.39699010563
"7901009",68,0,1,0.024297,1,0.001869,1,114.91992607409,1,4.86188797339562,322,1,11.5830001831055,35.3819999694824,0.0242970008403063,0,110.81729888916,-86.7109,26.8761,13.9076014950407,63,63,63,63,61,63,0,7818,1.13366707078925,27,-87,0.001869,51,2025-04-25 04:18:15.000455,322,1.037,0.0011,"aoml_navis",1028.40707711904
"7901009",68,0,1,0.029904,1,0.007476,1,114.941493767579,1,4.86183023723359,324,1,11.5500001907349,35.3779983520508,0.0299040004611015,0,110.838096618652,-86.7109,26.8761,13.9076014950407,63,63,63,63,61,63,0,7818,1.13366707078925,27,-87,0.001869,51,2025-04-25 04:18:15.000455,324,1.037,0.0011,"aoml_navis",1028.4192898609
"7901009",68,0,1,0.026166,1,0.003738,1,115.251875504771,1,4.86176619477273,326,1,11.4980001449585,35.3709983825684,0.0261659994721413,0,111.137397766113,-86.7109,26.8761,13.9076014950407,63,63,63,63,61,63,0,7818,1.13366707078925,27,-87,0.001869,51,2025-04-25 04:18:15.000455,326,1.037,0.0011,"aoml_navis",1028.43283689288
"7901009",68,0,1,0.024297,1,0.001869,1,115.478051459935,1,4.86171862470684,328,1,11.4680004119873,35.3650016784668,0.0242970008403063,0,111.355499267578,-86.7109,26.8761,13.9076014950407,63,63,63,63,61,63,0,7818,1.13366707078925,27,-87,0.001869,51,2025-04-25 04:18:15.000455,328,1.037,0.0011,"aoml_navis",1028.44289971666
"7901009",68,0,1,0.026166,1,0.003738,1,115.599696099479,1,4.86166837459448,330,1,11.4350004196167,35.359001159668,0.0261659994721413,0,111.472801208496,-86.7109,26.8761,13.9076014950407,63,63,63,63,61,63,0,7818,1.13366707078925,27,-87,0.001869,51,2025-04-25 04:18:15.000455,330,1.037,0.0011,"aoml_navis",1028.45352968302
"7901009",68,0,1,0.024297,1,0.001869,1,115.671353692998,1,4.86160541926225,332,1,11.3920001983643,35.3540000915527,0.0242970008403063,0,111.541900634766,-86.7109,26.8761,13.9076014950407,63,63,63,63,61,63,0,7818,1.13366707078925,27,-87,0.001869,51,2025-04-25 04:18:15.000455,332,1.037,0.0011,"aoml_navis",1028.46684763626
"7901009",68,0,1,0.024297,1,0.001869,1,115.530111409737,1,4.8615488441308,334,1,11.3599996566772,35.3499984741211,0.0242970008403063,0,111.405700683594,-86.7109,26.8761,13.9076014950407,63,63,63,63,61,63,0,7818,1.13366707078925,27,-87,0.001869,51,2025-04-25 04:18:15.000455,334,1.037,0.0011,"aoml_navis",1028.47881617735
"7901009",68,0,1,0.028035,1,0.005607,1,115.018238678381,1,4.86150583983004,336,1,11.3470001220703,35.3470001220703,0.0280349999666214,0,110.912101745605,-86.7109,26.8761,13.9076014950407,63,63,63,63,61,63,0,7818,1.13366707078925,27,-87,0.001869,51,2025-04-25 04:18:15.000455,336,1.037,0.0011,"aoml_navis",1028.48791397828
"7901009",68,0,1,0.026166,1,0.003738,1,113.987435848614,1,4.86146098649012,338,1,11.3360004425049,35.3450012207031,0.0261659994721413,0,109.918098449707,-86.7109,26.8761,13.9076014950407,63,63,63,63,61,63,0,7818,1.13366707078925,27,-87,0.001869,51,2025-04-25 04:18:15.000455,338,1.037,0.0011,"aoml_navis",1028.49740312529
"7901009",68,0,1,0.029904,1,0.007476,1,112.801188971165,1,4.86139458355249,340,1,11.2889995574951,35.3400001525879,0.0299040004611015,0,108.774200439453,-86.7109,26.8761,13.9076014950407,63,63,63,63,61,63,0,7818,1.13366707078925,27,-87,0.001869,51,2025-04-25 04:18:15.000455,340,1.037,0.0011,"aoml_navis",1028.51145161441
"7901009",68,0,1,0.022428,1,0,1,112.243063585319,1,4.86133729380735,342,1,11.2519998550415,35.3349990844727,0.0224280003458261,0,108.236000061035,-86.7109,26.8761,13.9076014950407,63,63,63,63,61,63,0,7818,1.13366707078925,27,-87,0.001869,51,2025-04-25 04:18:15.000455,342,1.037,0.0011,"aoml_navis",1028.523572386
"7901009",68,0,1,0.024297,1,0.001869,1,111.891927926938,1,4.8612764440238,344,1,11.2110004425049,35.3300018310547,0.0242970008403063,0,107.897399902344,-86.7109,26.8761,13.9076014950407,63,63,63,63,61,63,0,7818,1.13366707078925,27,-87,0.001869,51,2025-04-25 04:18:15.000455,344,1.037,0.0011,"aoml_navis",1028.53644666654
"7901009",68,0,1,0.026166,1,0.003738,1,111.84412455054,1,4.86120701197914,346,1,11.1440000534058,35.3209991455078,0.0261659994721413,0,107.851303100586,-86.7109,26.8761,13.9076014950407,63,63,63,63,61,63,0,7818,1.13366707078925,27,-87,0.001869,51,2025-04-25 04:18:15.000455,346,1.037,0.0011,"aoml_navis",1028.55113713093
"7901009",68,0,1,0.022428,1,0,1,111.876476090773,1,4.86113785366219,348,1,11.0729999542236,35.3110008239746,0.0224280003458261,0,107.882499694824,-86.7109,26.8761,13.9076014950407,63,63,63,63,61,63,0,7818,1.13366707078925,27,-87,0.001869,51,2025-04-25 04:18:15.000455,348,1.037,0.0011,"aoml_navis",1028.56577009706
"7901009",68,0,1,0.026166,1,0.003738,1,111.871080211478,1,4.86106191164068,350,1,10.9899997711182,35.2999992370605,0.0261659994721413,0,107.877296447754,-86.7109,26.8761,13.9076014950407,63,63,63,63,61,63,0,7818,1.13366707078925,27,-87,0.001869,51,2025-04-25 04:18:15.000455,350,1.037,0.0011,"aoml_navis",1028.58183888311
"7901009",68,0,1,0.020559,1,-0.001869,1,111.976133708965,1,4.86098462803394,352,1,10.9010000228882,35.2879981994629,0.020558999851346,0,107.97859954834,-86.7109,26.8761,13.9076014950407,63,63,63,63,61,63,0,7818,1.13366707078925,27,-87,0.001869,51,2025-04-25 04:18:15.000455,352,1.037,0.0011,"aoml_navis",1028.59819205441
"7901009",68,0,1,0.026166,1,0.003738,1,111.911217008643,1,4.86093386679365,354,1,10.878999710083,35.2849998474121,0.0261659994721413,0,107.916000366211,-86.7109,26.8761,13.9076014950407,63,63,63,63,61,63,0,7818,1.13366707078925,27,-87,0.001869,51,2025-04-25 04:18:15.000455,354,1.037,0.0011,"aoml_navis",1028.6089333896
"7901009",68,0,1,0.024297,1,0.001869,1,111.771422593286,1,4.86088905985342,356,1,10.8719997406006,35.2840003967285,0.0242970008403063,0,107.781196594238,-86.7109,26.8761,13.9076014950407,63,63,63,63,61,63,0,7818,1.13366707078925,27,-87,0.001869,51,2025-04-25 04:18:15.000455,356,1.037,0.0011,"aoml_navis",1028.61841495119
"7901009",68,0,1,0.022428,1,0,1,111.620852243031,1,4.86084425533802,358,1,10.8649997711182,35.2830009460449,0.0224280003458261,0,107.636001586914,-86.7109,26.8761,13.9076014950407,63,63,63,63,61,63,0,7818,1.13366707078925,27,-87,0.001869,51,2025-04-25 04:18:15.000455,358,1.037,0.0011,"aoml_navis",1028.62789617445
"7901009",68,0,1,0.028035,1,0.005607,1,111.540689414552,1,4.860796189628,360,1,10.8459997177124,35.2799987792969,0.0280349999666214,0,107.558700561523,-86.7109,26.8761,13.9076014950407,63,63,63,63,61,63,0,7818,1.13366707078925,27,-87,0.001869,51,2025-04-25 04:18:15.000455,360,1.037,0.0011,"aoml_navis",1028.63806770361
"7901009",68,0,1,0.029904,1,0.007476,1,111.565991499578,1,4.86073883459579,362,1,10.8039999008179,35.273998260498,0.0299040004611015,0,107.583099365234,-86.7109,26.8761,13.9076014950407,63,63,63,63,61,63,0,7818,1.13366707078925,27,-87,0.001869,51,2025-04-25 04:18:15.000455,362,1.037,0.0011,"aoml_navis",1028.650205276
"7901009",68,0,1,0.026166,1,0.003738,1,111.719054081472,1,4.86068036573735,364,1,10.7690000534058,35.2700004577637,0.0261659994721413,0,107.730697631836,-86.7109,26.8761,13.9076014950407,63,63,63,63,61,63,0,7818,1.13366707078925,27,-87,0.001869,51,2025-04-25 04:18:15.000455,364,1.037,0.0011,"aoml_navis",1028.6625788531
"7901009",68,0,1,0.028035,1,0.005607,1,111.905512567335,1,4.86063925335255,366,1,10.7620000839233,35.2680015563965,0.0280349999666214,0,107.910499572754,-86.7109,26.8761,13.9076014950407,63,63,63,63,61,63,0,7818,1.13366707078925,27,-87,0.001869,51,2025-04-25 04:18:15.000455,366,1.037,0.0011,"aoml_navis",1028.67127951356
"7901009",68,0,1,0.029904,1,0.007476,1,112.185402048214,1,4.86059199333016,368,1,10.7480001449585,35.265998840332,0.0299040004611015,0,108.180397033691,-86.7109,26.8761,13.9076014950407,63,63,63,63,61,63,0,7818,1.13366707078925,27,-87,0.001869,51,2025-04-25 04:18:15.000455,368,1.037,0.0011,"aoml_navis",1028.68128138736
"7901009",68,0,1,0.024297,1,0.001869,1,112.562884155355,1,4.86054358980623,370,1,10.7159996032715,35.2599983215332,0.0242970008403063,0,108.544403076172,-86.7109,26.8761,13.9076014950407,63,63,63,63,61,63,0,7818,1.13366707078925,27,-87,0.001869,51,2025-04-25 04:18:15.000455,370,1.037,0.0011,"aoml_navis",1028.69152546769
"7901009",68,0,1,0.026166,1,0.003738,1,112.984324481508,1,4.8604765941777,372,1,10.6459999084473,35.25,0.0261659994721413,0,108.950798034668,-86.7109,26.8761,13.9076014950407,63,63,63,63,61,63,0,7818,1.13366707078925,27,-87,0.001869,51,2025-04-25 04:18:15.000455,372,1.037,0.0011,"aoml_navis",1028.70570470176
"7901009",68,0,1,0.026166,1,0.003738,1,113.097566740097,1,4.86043340372534,374,1,10.6239995956421,35.2449989318848,0.0261659994721413,0,109.059997558594,-86.7109,26.8761,13.9076014950407,63,63,63,63,61,63,0,7818,1.13366707078925,27,-87,0.001869,51,2025-04-25 04:18:15.000455,374,1.037,0.0011,"aoml_navis",1028.71484591635
"7901009",68,0,1,0.029904,1,0.007476,1,113.068015993515,1,4.86039109236039,376,1,10.6029996871948,35.2400016784668,0.0299040004611015,0,109.03150177002,-86.7109,26.8761,13.9076014950407,63,63,63,63,61,63,0,7818,1.13366707078925,27,-87,0.001869,51,2025-04-25 04:18:15.000455,376,1.037,0.0011,"aoml_navis",1028.72380123053
"7901009",68,0,1,0.024297,1,0.001869,1,112.980906563831,1,4.86032823524453,378,1,10.5500001907349,35.2330017089844,0.0242970008403063,0,108.94750213623,-86.7109,26.8761,13.9076014950407,63,63,63,63,61,63,0,7818,1.13366707078925,27,-87,0.001869,51,2025-04-25 04:18:15.000455,378,1.037,0.0011,"aoml_navis",1028.73710539602
"7901009",68,0,1,0.024297,1,0.001869,1,112.757428548315,1,4.86026136188304,380,1,10.4879999160767,35.2249984741211,0.0242970008403063,0,108.732002258301,-86.7109,26.8761,13.9076014950407,63,63,63,63,61,63,0,7818,1.13366707078925,27,-87,0.001869,51,2025-04-25 04:18:15.000455,380,1.037,0.0011,"aoml_navis",1028.75126000689
"7901009",68,0,1,0.029904,1,0.007476,1,112.592434901937,1,4.86019550953377,382,1,10.4270000457764,35.2169990539551,0.0299040004611015,0,108.572898864746,-86.7109,26.8761,13.9076014950407,63,63,63,63,61,63,0,7818,1.13366707078925,27,-87,0.001869,51,2025-04-25 04:18:15.000455,382,1.037,0.0011,"aoml_navis",1028.76519888798
"7901009",68,0,1,0.024297,1,0.001869,1,112.522438796178,1,4.86013543161055,384,1,10.3809995651245,35.2109985351562,0.0242970008403063,0,108.505401611328,-86.7109,26.8761,13.9076014950407,63,63,63,63,61,63,0,7818,1.13366707078925,27,-87,0.001869,51,2025-04-25 04:18:15.000455,384,1.037,0.0011,"aoml_navis",1028.77791583333
"7901009",68,0,1,0.033642,1,0.011214,1,112.36377462698,1,4.86009159813145,386,1,10.3579998016357,35.2060012817383,0.0336420014500618,0,108.352401733398,-86.7109,26.8761,13.9076014950407,63,63,63,63,61,63,0,7818,1.13366707078925,27,-87,0.001869,51,2025-04-25 04:18:15.000455,386,1.037,0.0011,"aoml_navis",1028.7871944476
"7901009",68,0,1,0.028035,1,0.005607,1,112.451192618676,1,4.86002117221931,388,1,10.2869997024536,35.1969985961914,0.0280349999666214,0,108.436698913574,-86.7109,26.8761,13.9076014950407,63,63,63,63,61,63,0,7818,1.13366707078925,27,-87,0.001869,51,2025-04-25 04:18:15.000455,388,1.037,0.0011,"aoml_navis",1028.80210246425
"7901009",68,0,1,0.029904,1,0.007476,1,112.603535222541,1,4.8599299822104,390,1,10.1700000762939,35.1829986572266,0.0299040004611015,0,108.583602905273,-86.7109,26.8761,13.9076014950407,63,63,63,63,61,63,0,7818,1.13366707078925,27,-87,0.001869,51,2025-04-25 04:18:15.000455,390,1.037,0.0011,"aoml_navis",1028.82140654337
"7901009",68,0,1,0.028035,1,0.005607,1,112.654036538587,1,4.85986583560631,392,1,10.1099996566772,35.1749992370605,0.0280349999666214,0,108.632301330566,-86.7109,26.8761,13.9076014950407,63,63,63,63,61,63,0,7818,1.13366707078925,27,-87,0.001869,51,2025-04-25 04:18:15.000455,392,1.037,0.0011,"aoml_navis",1028.83498621855
"7901009",68,0,1,0.028035,1,0.005607,1,112.587664058513,1,4.85980526545476,394,1,10.0670003890991,35.1699981689453,0.0280349999666214,0,108.568298339844,-86.7109,26.8761,13.9076014950407,63,63,63,63,61,63,0,7818,1.13366707078925,27,-87,0.001869,51,2025-04-25 04:18:15.000455,394,1.037,0.0011,"aoml_navis",1028.84780909675
"7901009",68,0,1,0.029904,1,0.007476,1,112.46363795318,1,4.85975805200215,396,1,10.043999671936,35.1660003662109,0.0299040004611015,0,108.448699951172,-86.7109,26.8761,13.9076014950407,63,63,63,63,61,63,0,7818,1.13366707078925,27,-87,0.001869,51,2025-04-25 04:18:15.000455,396,1.037,0.0011,"aoml_navis",1028.85780454442
"7901009",68,0,1,0.029904,1,0.007476,1,112.433359316722,1,4.85969873330246,398,1,9.9980001449585,35.1599998474121,0.0299040004611015,0,108.419502258301,-86.7109,26.8761,13.9076014950407,63,63,63,63,61,63,0,7818,1.13366707078925,27,-87,0.001869,51,2025-04-25 04:18:15.000455,398,1.037,0.0011,"aoml_navis",1028.87036304043
"7901009",68,0,1,0.028035,1,0.005607,1,112.479295497353,1,4.85963950424971,400,1,9.95199966430664,35.1539993286133,0.0280349999666214,0,108.463798522949,-86.7109,26.8761,13.9076014950407,63,63,63,63,61,63,0,7818,1.13366707078925,27,-87,0.001869,51,2025-04-25 04:18:15.000455,400,1.037,0.0011,"aoml_navis",1028.88290286297
"7901009",68,0,1,0.031773,1,0.009345,1,112.499415322937,1,4.85957868124996,402,1,9.9040002822876,35.1479988098145,0.0317730009555817,0,108.483200073242,-86.7109,26.8761,13.9076014950407,63,63,63,63,61,63,0,7818,1.13366707078925,27,-87,0.001869,51,2025-04-25 04:18:15.000455,402,1.037,0.0011,"aoml_navis",1028.89578046999
"7901009",68,0,1,0.028035,1,0.005607,1,112.457522095855,1,4.85951018743435,404,1,9.83800029754639,35.1399993896484,0.0280349999666214,0,108.442802429199,-86.7109,26.8761,13.9076014950407,63,63,63,63,61,63,0,7818,1.13366707078925,27,-87,0.001869,51,2025-04-25 04:18:15.000455,404,1.037,0.0011,"aoml_navis",1028.91028254842
"7901009",68,0,1,0.026166,1,0.003738,1,112.38668733437,1,4.85945225783097,406,1,9.77999973297119,35.1310005187988,0.0261659994721413,0,108.374496459961,-86.7109,26.8761,13.9076014950407,63,63,63,63,61,63,0,7818,1.13366707078925,27,-87,0.001869,51,2025-04-25 04:18:15.000455,406,1.037,0.0011,"aoml_navis",1028.92254820336
"7901009",68,0,1,0.028035,1,0.005607,1,112.395398277338,1,4.85937613484873,408,1,9.69999980926514,35.1220016479492,0.0280349999666214,0,108.38289642334,-86.7109,26.8761,13.9076014950407,63,63,63,63,61,63,0,7818,1.13366707078925,27,-87,0.001869,51,2025-04-25 04:18:15.000455,408,1.037,0.0011,"aoml_navis",1028.93866645613
"7901009",68,0,1,0.028035,1,0.005607,1,112.502216116589,1,4.8593031643062,410,1,9.61900043487549,35.1119995117188,0.0280349999666214,0,108.485900878906,-86.7109,26.8761,13.9076014950407,63,63,63,63,61,63,0,7818,1.13366707078925,27,-87,0.001869,51,2025-04-25 04:18:15.000455,410,1.037,0.0011,"aoml_navis",1028.95411768652
"7901009",68,0,1,0.031773,1,0.009345,1,112.804092618821,1,4.85925048925003,412,1,9.57999992370605,35.1059989929199,0.0317730009555817,0,108.777000427246,-86.7109,26.8761,13.9076014950407,63,63,63,63,61,63,0,7818,1.13366707078925,27,-87,0.001869,51,2025-04-25 04:18:15.000455,412,1.037,0.0011,"aoml_navis",1028.96527171451
"7901009",68,0,1,0.028035,1,0.005607,1,113.236633265577,1,4.85918910324381,414,1,9.51700019836426,35.0970001220703,0.0280349999666214,0,109.19409942627,-86.7109,26.8761,13.9076014950407,63,63,63,63,61,63,0,7818,1.13366707078925,27,-87,0.001869,51,2025-04-25 04:18:15.000455,414,1.037,0.0011,"aoml_navis",1028.97827060531
"7901009",68,0,1,0.026166,1,0.003738,1,113.401729765959,1,4.85912582108402,416,1,9.44699954986572,35.0870018005371,0.0261659994721413,0,109.353302001953,-86.7109,26.8761,13.9076014950407,63,63,63,63,61,63,0,7818,1.13366707078925,27,-87,0.001869,51,2025-04-25 04:18:15.000455,416,1.037,0.0011,"aoml_navis",1028.99167136293
"7901009",68,0,1,0.029904,1,0.007476,1,113.362843040537,1,4.8590681190952,418,1,9.4060001373291,35.0820007324219,0.0299040004611015,0,109.315803527832,-86.7109,26.8761,13.9076014950407,63,63,63,63,61,63,0,7818,1.13366707078925,27,-87,0.001869,51,2025-04-25 04:18:15.000455,418,1.037,0.0011,"aoml_navis",1029.00389075654
"7901009",68,0,1,0.029904,1,0.007476,1,113.392702349132,1,4.85900271886811,420,1,9.35999965667725,35.0779991149902,0.0299040004611015,0,109.344596862793,-86.7109,26.8761,13.9076014950407,63,63,63,63,61,63,0,7818,1.13366707078925,27,-87,0.001869,51,2025-04-25 04:18:15.000455,420,1.037,0.0011,"aoml_navis",1029.01774073605
"7901009",68,0,1,0.033642,1,0.011214,1,113.311503068765,1,4.85895452771543,422,1,9.3439998626709,35.076000213623,0.0336420014500618,0,109.266296386719,-86.7109,26.8761,13.9076014950407,63,63,63,63,61,63,0,7818,1.13366707078925,27,-87,0.001869,51,2025-04-25 04:18:15.000455,422,1.037,0.0011,"aoml_navis",1029.02794654283
"7901009",68,0,1,0.029904,1,0.007476,1,113.285892421727,1,4.85890308056336,424,1,9.32400035858154,35.0740013122559,0.0299040004611015,0,109.241600036621,-86.7109,26.8761,13.9076014950407,63,63,63,63,61,63,0,7818,1.13366707078925,27,-87,0.001869,51,2025-04-25 04:18:15.000455,424,1.037,0.0011,"aoml_navis",1029.03884212078
"7901009",68,0,1,0.026166,1,0.003738,1,113.303005745651,1,4.85885410865863,426,1,9.30700016021729,35.0719985961914,0.0261659994721413,0,109.258102416992,-86.7109,26.8761,13.9076014950407,63,63,63,63,61,63,0,7818,1.13366707078925,27,-87,0.001869,51,2025-04-25 04:18:15.000455,426,1.037,0.0011,"aoml_navis",1029.04921370038
"7901009",68,0,1,0.029904,1,0.007476,1,113.229480956365,1,4.85880920899483,428,1,9.29500007629395,35.0699996948242,0.0299040004611015,0,109.187202453613,-86.7109,26.8761,13.9076014950407,63,63,63,63,61,63,0,7818,1.13366707078925,27,-87,0.001869,51,2025-04-25 04:18:15.000455,428,1.037,0.0011,"aoml_navis",1029.05872301876
"7901009",68,0,1,0.031773,1,0.009345,1,113.214646244225,1,4.85875864336245,430,1,9.26700019836426,35.0660018920898,0.0317730009555817,0,109.172897338867,-86.7109,26.8761,13.9076014950407,63,63,63,63,61,63,0,7818,1.13366707078925,27,-87,0.001869,51,2025-04-25 04:18:15.000455,430,1.037,0.0011,"aoml_navis",1029.06943254539
"7901009",68,0,1,0.029904,1,0.007476,1,113.268470535791,1,4.85869717977837,432,1,9.2209997177124,35.0610008239746,0.0299040004611015,0,109.224800109863,-86.7109,26.8761,13.9076014950407,63,63,63,63,61,63,0,7818,1.13366707078925,27,-87,0.001869,51,2025-04-25 04:18:15.000455,432,1.037,0.0011,"aoml_navis",1029.08245049923
"7901009",68,0,1,0.028035,1,0.005607,1,113.29688197648,1,4.85863735878103,434,1,9.18599987030029,35.0579986572266,0.0280349999666214,0,109.252197265625,-86.7109,26.8761,13.9076014950407,63,63,63,63,61,63,0,7818,1.13366707078925,27,-87,0.001869,51,2025-04-25 04:18:15.000455,434,1.037,0.0011,"aoml_navis",1029.09512087036
"7901009",68,0,1,0.026166,1,0.003738,1,113.237155447445,1,4.85858603278292,436,1,9.16600036621094,35.0559997558594,0.0261659994721413,0,109.194602966309,-86.7109,26.8761,13.9076014950407,63,63,63,63,61,63,0,7818,1.13366707078925,27,-87,0.001869,51,2025-04-25 04:18:15.000455,436,1.037,0.0011,"aoml_navis",1029.10599220903
"7901009",68,0,1,0.024297,1,0.001869,1,113.184059045755,1,4.85854075007734,438,1,9.15799999237061,35.0550003051758,0.0242970008403063,0,109.143402099609,-86.7109,26.8761,13.9076014950407,63,63,63,63,61,63,0,7818,1.13366707078925,27,-87,0.001869,51,2025-04-25 04:18:15.000455,438,1.037,0.0011,"aoml_navis",1029.1155837111
"7901009",68,0,1,0.026166,1,0.003738,1,113.138945697158,1,4.85848782672156,440,1,9.13599967956543,35.0530014038086,0.0261659994721413,0,109.099899291992,-86.7109,26.8761,13.9076014950407,63,63,63,63,61,63,0,7818,1.13366707078925,27,-87,0.001869,51,2025-04-25 04:18:15.000455,440,1.037,0.0011,"aoml_navis",1029.12679383493
"7901009",68,0,1,0.028035,1,0.005607,1,113.191630682831,1,4.85843897529927,442,1,9.11900043487549,35.0509986877441,0.0280349999666214,0,109.150703430176,-86.7109,26.8761,13.9076014950407,63,63,63,63,61,63,0,7818,1.13366707078925,27,-87,0.001869,51,2025-04-25 04:18:15.000455,442,1.037,0.0011,"aoml_navis",1029.13714166637
"7901009",68,0,1,0.024297,1,0.001869,1,113.321464083476,1,4.8583872461033,444,1,9.10299968719482,35.0499992370605,0.0242970008403063,0,109.275901794434,-86.7109,26.8761,13.9076014950407,63,63,63,63,61,63,0,7818,1.13366707078925,27,-87,0.001869,51,2025-04-25 04:18:15.000455,444,1.037,0.0011,"aoml_navis",1029.14809930194
"7901009",68,0,1,0.028035,1,0.005607,1,113.524197237537,1,4.85834611434509,446,1,9.09099960327148,35.0470008850098,0.0280349999666214,0,109.471397399902,-86.7109,26.8761,13.9076014950407,63,63,63,63,61,63,0,7818,1.13366707078925,27,-87,0.001869,51,2025-04-25 04:18:15.000455,446,1.037,0.0011,"aoml_navis",1029.15681228158
"7901009",68,0,1,0.033642,1,0.011214,1,113.722064606016,1,4.85829739791863,448,1,9.0649995803833,35.0429992675781,0.0336420014500618,0,109.662200927734,-86.7109,26.8761,13.9076014950407,63,63,63,63,61,63,0,7818,1.13366707078925,27,-87,0.001869,51,2025-04-25 04:18:15.000455,448,1.037,0.0011,"aoml_navis",1029.16713211959
"7901009",68,0,1,0.028035,1,0.005607,1,113.896908501254,1,4.85822279210572,450,1,8.99300003051758,35.0359992980957,0.0280349999666214,0,109.83080291748,-86.7109,26.8761,13.9076014950407,63,63,63,63,61,63,0,7818,1.13366707078925,27,-87,0.001869,51,2025-04-25 04:18:15.000455,450,1.037,0.0011,"aoml_navis",1029.18293663367
"7901009",68,0,1,0.026166,1,0.003738,1,113.880103739342,1,4.85815912839949,452,1,8.93900012969971,35.0299987792969,0.0261659994721413,0,109.814598083496,-86.7109,26.8761,13.9076014950407,63,63,63,63,61,63,0,7818,1.13366707078925,27,-87,0.001869,51,2025-04-25 04:18:15.000455,452,1.037,0.0011,"aoml_navis",1029.19642355298
"7901009",68,0,1,0.028035,1,0.005607,1,113.901987906691,1,4.85809428922936,454,1,8.88799953460693,35.0250015258789,0.0280349999666214,0,109.83570098877,-86.7109,26.8761,13.9076014950407,63,63,63,63,61,63,0,7818,1.13366707078925,27,-87,0.001869,51,2025-04-25 04:18:15.000455,454,1.037,0.0011,"aoml_navis",1029.21015985327
"7901009",68,0,1,0.029904,1,0.007476,1,113.956635030289,1,4.8580397210644,456,1,8.85900020599365,35.0219993591309,0.0299040004611015,0,109.888397216797,-86.7109,26.8761,13.9076014950407,63,63,63,63,61,63,0,7818,1.13366707078925,27,-87,0.001869,51,2025-04-25 04:18:15.000455,456,1.037,0.0011,"aoml_navis",1029.22172050592
"7901009",68,0,1,0.028035,1,0.005607,1,113.931435799268,1,4.85798506107943,458,1,8.85299968719482,35.023998260498,0.0280349999666214,0,109.864097595215,-86.7109,26.8761,13.9076014950407,63,63,63,63,61,63,0,7818,1.13366707078925,27,-87,0.001869,51,2025-04-25 04:18:15.000455,458,1.037,0.0011,"aoml_navis",1029.23330087166
"7901009",68,0,1,0.029904,1,0.007476,1,114.054322598709,1,4.85792599478422,459.899993896484,1,8.81099987030029,35.0200004577637,0.0299040004611015,0,109.982597351074,-86.7109,26.8761,13.9076014950407,63,63,63,63,61,63,0,7818,1.13366707078925,27,-87,0.001869,51,2025-04-25 04:18:15.000455,459.899993896484,1.037,0.0011,"aoml_navis",1029.24581505941
"7901009",68,0,1,0.029904,1,0.007476,1,114.065525773317,1,4.85788076857049,462,1,8.80099964141846,35.0180015563965,0.0299040004611015,0,109.99340057373,-86.7109,26.8761,13.9076014950407,63,63,63,63,61,63,0,7818,1.13366707078925,27,-87,0.001869,51,2025-04-25 04:18:15.000455,462,1.037,0.0011,"aoml_navis",1029.25539719892
"7901009",68,0,1,0.028035,1,0.005607,1,114.021346022604,1,4.85783292569926,464,1,8.78499984741211,35.015998840332,0.0280349999666214,0,109.950798034668,-86.7109,26.8761,13.9076014950407,63,63,63,63,61,63,0,7818,1.13366707078925,27,-87,0.001869,51,2025-04-25 04:18:15.000455,464,1.037,0.0011,"aoml_navis",1029.26553392741
"7901009",68,0,1,0.031773,1,0.009345,1,114.16881492904,1,4.8577810715272,466,1,8.75,35.0110015869141,0.0317730009555817,0,110.093002319336,-86.7109,26.8761,13.9076014950407,63,63,63,63,61,63,0,7818,1.13366707078925,27,-87,0.001869,51,2025-04-25 04:18:15.000455,466,1.037,0.0011,"aoml_navis",1029.27652077744
"7901009",68,0,1,0.031773,1,0.009345,1,114.360249966336,1,4.85771980330673,468,1,8.70300006866455,35.0060005187988,0.0317730009555817,0,110.277603149414,-86.7109,26.8761,13.9076014950407,63,63,63,63,61,63,0,7818,1.13366707078925,27,-87,0.001869,51,2025-04-25 04:18:15.000455,468,1.037,0.0011,"aoml_navis",1029.28950257617
"7901009",68,0,1,0.029904,1,0.007476,1,114.55790371496,1,4.85766623711765,470,1,8.67500019073486,35.0029983520508,0.0299040004611015,0,110.468200683594,-86.7109,26.8761,13.9076014950407,63,63,63,63,61,63,0,7818,1.13366707078925,27,-87,0.001869,51,2025-04-25 04:18:15.000455,470,1.037,0.0011,"aoml_navis",1029.30085270058
"7901009",68,0,1,0.026166,1,0.003738,1,114.914949522657,1,4.85761223781641,472,1,8.6230001449585,34.9949989318848,0.0261659994721413,0,110.8125,-86.7109,26.8761,13.9076014950407,63,63,63,63,61,63,0,7818,1.13366707078925,27,-87,0.001869,51,2025-04-25 04:18:15.000455,472,1.037,0.0011,"aoml_navis",1029.31229485036
"7901009",68,0,1,0.029904,1,0.007476,1,115.106178851944,1,4.8575637622392,474,1,8.59200000762939,34.9900016784668,0.0299040004611015,0,110.99690246582,-86.7109,26.8761,13.9076014950407,63,63,63,63,61,63,0,7818,1.13366707078925,27,-87,0.001869,51,2025-04-25 04:18:15.000455,474,1.037,0.0011,"aoml_navis",1029.32256677062
"7901009",68,0,1,0.031773,1,0.009345,1,115.240577388005,1,4.85750672733059,476,1,8.55000019073486,34.9850006103516,0.0317730009555817,0,111.126502990723,-86.7109,26.8761,13.9076014950407,63,63,63,63,61,63,0,7818,1.13366707078925,27,-87,0.001869,51,2025-04-25 04:18:15.000455,476,1.037,0.0011,"aoml_navis",1029.33465266608
"7901009",68,0,1,0.029904,1,0.007476,1,115.369271482758,1,4.8574466446874,478,1,8.50399971008301,34.9799995422363,0.0299040004611015,0,111.250602722168,-86.7109,26.8761,13.9076014950407,63,63,63,63,61,63,0,7818,1.13366707078925,27,-87,0.001869,51,2025-04-25 04:18:15.000455,478,1.037,0.0011,"aoml_navis",1029.34738469408
"7901009",68,0,1,0.031773,1,0.009345,1,115.309537041876,1,4.85738292391252,480,1,8.43900012969971,34.9720001220703,0.0317730009555817,0,111.193000793457,-86.7109,26.8761,13.9076014950407,63,63,63,63,61,63,0,7818,1.13366707078925,27,-87,0.001869,51,2025-04-25 04:18:15.000455,480,1.037,0.0011,"aoml_navis",1029.36088801758
"7901009",68,0,1,0.028035,1,0.005607,1,114.911523693134,1,4.8573277477014,482,1,8.4370002746582,34.9749984741211,0.0280349999666214,0,110.809196472168,-86.7109,26.8761,13.9076014950407,63,63,63,63,61,63,0,7818,1.13366707078925,27,-87,0.001869,51,2025-04-25 04:18:15.000455,482,1.037,0.0011,"aoml_navis",1029.3725809147
"7901009",68,0,1,0.028035,1,0.005607,1,114.805955925626,1,4.85727333758381,484,1,8.43599987030029,34.9780006408691,0.0280349999666214,0,110.707397460938,-86.7109,26.8761,13.9076014950407,63,63,63,63,61,63,0,7818,1.13366707078925,27,-87,0.001869,51,2025-04-25 04:18:15.000455,484,1.037,0.0011,"aoml_navis",1029.38411172207
"7901009",68,0,1,0.026166,1,0.003738,1,114.913288034898,1,4.85721502322476,486,1,8.41100025177002,34.9770011901855,0.0261659994721413,0,110.810897827148,-86.7109,26.8761,13.9076014950407,63,63,63,63,61,63,0,7818,1.13366707078925,27,-87,0.001869,51,2025-04-25 04:18:15.000455,486,1.037,0.0011,"aoml_navis",1029.39647021853
"7901009",68,0,1,0.029904,1,0.007476,1,115.190898903992,1,4.85714957460388,488,1,8.37199974060059,34.9749984741211,0.0299040004611015,0,111.078598022461,-86.7109,26.8761,13.9076014950407,63,63,63,63,61,63,0,7818,1.13366707078925,27,-87,0.001869,51,2025-04-25 04:18:15.000455,488,1.037,0.0011,"aoml_navis",1029.4103410245
"7901009",68,0,1,0.031773,1,0.009345,1,115.52803850596,1,4.85709773375172,490,1,8.34099960327148,34.9710006713867,0.0317730009555817,0,111.403701782227,-86.7109,26.8761,13.9076014950407,63,63,63,63,61,63,0,7818,1.13366707078925,27,-87,0.001869,51,2025-04-25 04:18:15.000455,490,1.037,0.0011,"aoml_navis",1029.4213281432
"7901009",68,0,1,0.026166,1,0.003738,1,115.776296424635,1,4.85704165313057,492,1,8.31400012969971,34.9690017700195,0.0261659994721413,0,111.643096923828,-86.7109,26.8761,13.9076014950407,63,63,63,63,61,63,0,7818,1.13366707078925,27,-87,0.001869,51,2025-04-25 04:18:15.000455,492,1.037,0.0011,"aoml_navis",1029.43321410005
"7901009",68,0,1,0.028035,1,0.005607,1,115.861649424401,1,4.8569856279881,494.100006103516,1,8.28499984741211,34.9659996032715,0.0280349999666214,0,111.725402832031,-86.7109,26.8761,13.9076014950407,63,63,63,63,61,63,0,7818,1.13366707078925,27,-87,0.001869,51,2025-04-25 04:18:15.000455,494.100006103516,1.037,0.0011,"aoml_navis",1029.44508857259
"7901009",68,0,1,0.028035,1,0.005607,1,115.824416274892,1,4.85693977956354,496,1,8.27799987792969,34.9659996032715,0.0280349999666214,0,111.689498901367,-86.7109,26.8761,13.9076014950407,63,63,63,63,61,63,0,7818,1.13366707078925,27,-87,0.001869,51,2025-04-25 04:18:15.000455,496,1.037,0.0011,"aoml_navis",1029.45480630384
"7901009",68,0,1,0.029904,1,0.007476,1,116.055671635493,1,4.85689394758118,498,1,8.26900005340576,34.9650001525879,0.0299040004611015,0,111.912498474121,-86.7109,26.8761,13.9076014950407,63,63,63,63,61,63,0,7818,1.13366707078925,27,-87,0.001869,51,2025-04-25 04:18:15.000455,498,1.037,0.0011,"aoml_navis",1029.46452073348
"7901009",68,0,1,0.026166,1,0.003738,1,116.484066474697,1,4.85684746998773,500,1,8.23999977111816,34.9599990844727,0.0261659994721413,0,112.32559967041,-86.7109,26.8761,13.9076014950407,63,63,63,63,61,63,0,7818,1.13366707078925,27,-87,0.001869,51,2025-04-25 04:18:15.000455,500,1.037,0.0011,"aoml_navis",1029.47437219243
"7901009",68,0,1,0.026166,1,0.003738,1,116.992521288376,1,4.85678752228102,502,1,8.17899990081787,34.9519996643066,0.0261659994721413,0,112.815902709961,-86.7109,26.8761,13.9076014950407,63,63,63,63,61,63,0,7818,1.13366707078925,27,-87,0.001869,51,2025-04-25 04:18:15.000455,502,1.037,0.0011,"aoml_navis",1029.48707907479
"7901009",68,0,1,0.031773,1,0.009345,1,117.176693250608,1,4.8567255858069,504,1,8.11999988555908,34.9449996948242,0.0317730009555817,0,112.993499755859,-86.7109,26.8761,13.9076014950407,63,63,63,63,61,63,0,7818,1.13366707078925,27,-87,0.001869,51,2025-04-25 04:18:15.000455,504,1.037,0.0011,"aoml_navis",1029.50020783793
"7901009",68,0,1,0.028035,1,0.005607,1,117.175759652724,1,4.85666733108912,506,1,8.08500003814697,34.9420013427734,0.0280349999666214,0,112.992599487305,-86.7109,26.8761,13.9076014950407,63,63,63,63,61,63,0,7818,1.13366707078925,27,-87,0.001869,51,2025-04-25 04:18:15.000455,506,1.037,0.0011,"aoml_navis",1029.51255647949
"7901009",68,0,1,0.031773,1,0.009345,1,117.113335184041,1,4.8566032762705,508,1,8.05200004577637,34.9410018920898,0.0317730009555817,0,112.932403564453,-86.7109,26.8761,13.9076014950407,63,63,63,63,61,63,0,7818,1.13366707078925,27,-87,0.001869,51,2025-04-25 04:18:15.000455,508,1.037,0.0011,"aoml_navis",1029.52613494912
"7901009",68,0,1,0.029904,1,0.007476,1,117.101720593416,1,4.85653406020385,510,1,8.01700019836426,34.9410018920898,0.0299040004611015,0,112.921203613281,-86.7109,26.8761,13.9076014950407,63,63,63,63,61,63,0,7818,1.13366707078925,27,-87,0.001869,51,2025-04-25 04:18:15.000455,510,1.037,0.0011,"aoml_navis",1029.54080791315
"7901009",68,0,1,0.024297,1,0.001869,1,117.289104765316,1,4.85647228133873,512,1,7.98199987411499,34.9389991760254,0.0242970008403063,0,113.101898193359,-86.7109,26.8761,13.9076014950407,63,63,63,63,61,63,0,7818,1.13366707078925,27,-87,0.001869,51,2025-04-25 04:18:15.000455,512,1.037,0.0011,"aoml_navis",1029.55390463419
"7901009",68,0,1,0.031773,1,0.009345,1,117.528968214882,1,4.85642274660771,514,1,7.96799993515015,34.9379997253418,0.0317730009555817,0,113.333198547363,-86.7109,26.8761,13.9076014950407,63,63,63,63,61,63,0,7818,1.13366707078925,27,-87,0.001869,51,2025-04-25 04:18:15.000455,514,1.037,0.0011,"aoml_navis",1029.56440591845
"7901009",68,0,1,0.029904,1,0.007476,1,118.021971192396,1,4.85635699159476,516,1,7.91300010681152,34.9329986572266,0.0299040004611015,0,113.808601379395,-86.7109,26.8761,13.9076014950407,63,63,63,63,61,63,0,7818,1.13366707078925,27,-87,0.001869,51,2025-04-25 04:18:15.000455,516,1.037,0.0011,"aoml_navis",1029.57834620763
"7901009",68,0,1,0.028035,1,0.005607,1,118.34801047376,1,4.85628458885847,518,1,7.84899997711182,34.9280014038086,0.0280349999666214,0,114.123001098633,-86.7109,26.8761,13.9076014950407,63,63,63,63,61,63,0,7818,1.13366707078925,27,-87,0.001869,51,2025-04-25 04:18:15.000455,518,1.037,0.0011,"aoml_navis",1029.59369627374
"7901009",68,0,1,0.029904,1,0.007476,1,118.674461171142,1,4.85621624712497,520,1,7.80000019073486,34.9249992370605,0.0299040004611015,0,114.437797546387,-86.7109,26.8761,13.9076014950407,63,63,63,63,61,63,0,7818,1.13366707078925,27,-87,0.001869,51,2025-04-25 04:18:15.000455,520,1.037,0.0011,"aoml_navis",1029.60818578871
"7901009",68,0,1,0.031773,1,0.009345,1,118.765407846365,1,4.85616065536795,522,1,7.76300001144409,34.9210014343262,0.0317730009555817,0,114.525497436523,-86.7109,26.8761,13.9076014950407,63,63,63,63,61,63,0,7818,1.13366707078925,27,-87,0.001869,51,2025-04-25 04:18:15.000455,522,1.037,0.0011,"aoml_navis",1029.61997241031
"7901009",68,0,1,0.028035,1,0.005607,1,118.630597894287,1,4.85610754446307,524,1,7.74900007247925,34.9210014343262,0.0280349999666214,0,114.395500183105,-86.7109,26.8761,13.9076014950407,63,63,63,63,61,63,0,7818,1.13366707078925,27,-87,0.001869,51,2025-04-25 04:18:15.000455,524,1.037,0.0011,"aoml_navis",1029.63123329116
"7901009",68,0,1,0.026166,1,0.003738,1,118.554580873361,1,4.85605224602195,526,1,7.73699998855591,34.9220008850098,0.0261659994721413,0,114.322196960449,-86.7109,26.8761,13.9076014950407,63,63,63,63,61,63,0,7818,1.13366707078925,27,-87,0.001869,51,2025-04-25 04:18:15.000455,526,1.037,0.0011,"aoml_navis",1029.64295824782
"7901009",68,0,1,0.033642,1,0.011214,1,118.621681243311,1,4.85599686646014,528,1,7.71500015258789,34.9210014343262,0.0336420014500618,0,114.386901855469,-86.7109,26.8761,13.9076014950407,63,63,63,63,61,63,0,7818,1.13366707078925,27,-87,0.001869,51,2025-04-25 04:18:15.000455,528,1.037,0.0011,"aoml_navis",1029.65470067217
"7901009",68,0,1,0.028035,1,0.005607,1,118.670418217593,1,4.85594226423159,530,1,7.69399976730347,34.9199981689453,0.0280349999666214,0,114.433898925781,-86.7109,26.8761,13.9076014950407,63,63,63,63,61,63,0,7818,1.13366707078925,27,-87,0.001869,51,2025-04-25 04:18:15.000455,530,1.037,0.0011,"aoml_navis",1029.66627853661
"7901009",68,0,1,0.031773,1,0.009345,1,118.593475510629,1,4.85589660087756,532,1,7.68499994277954,34.9189987182617,0.0317730009555817,0,114.359703063965,-86.7109,26.8761,13.9076014950407,63,63,63,63,61,63,0,7818,1.13366707078925,27,-87,0.001869,51,2025-04-25 04:18:15.000455,532,1.037,0.0011,"aoml_navis",1029.67596120074
"7901009",68,0,1,0.031773,1,0.009345,1,118.596790574302,1,4.85583311201625,534,1,7.65700006484985,34.9189987182617,0.0317730009555817,0,114.362899780273,-86.7109,26.8761,13.9076014950407,63,63,63,63,61,63,0,7818,1.13366707078925,27,-87,0.001869,51,2025-04-25 04:18:15.000455,534,1.037,0.0011,"aoml_navis",1029.68942396867
"7901009",68,0,1,0.026166,1,0.003738,1,118.616910399887,1,4.85577559598937,536,1,7.63700008392334,34.9189987182617,0.0261659994721413,0,114.382301330566,-86.7109,26.8761,13.9076014950407,63,63,63,63,61,63,0,7818,1.13366707078925,27,-87,0.001869,51,2025-04-25 04:18:15.000455,536,1.037,0.0011,"aoml_navis",1029.70162050523
"7901009",68,0,1,0.029904,1,0.007476,1,118.741972957108,1,4.85572178360093,538,1,7.61700010299683,34.9179992675781,0.0299040004611015,0,114.502899169922,-86.7109,26.8761,13.9076014950407,63,63,63,63,61,63,0,7818,1.13366707078925,27,-87,0.001869,51,2025-04-25 04:18:15.000455,538,1.037,0.0011,"aoml_navis",1029.71303192995
"7901009",68,0,1,0.029904,1,0.007476,1,118.838829781648,1,4.8556761435987,540,1,7.60799980163574,34.9169998168945,0.0299040004611015,0,114.596298217773,-86.7109,26.8761,13.9076014950407,63,63,63,63,61,63,0,7818,1.13366707078925,27,-87,0.001869,51,2025-04-25 04:18:15.000455,540,1.037,0.0011,"aoml_navis",1029.72271052129
"7901009",68,0,1,0.028035,1,0.005607,1,119.017408068422,1,4.85562459398707,542,1,7.59600019454956,34.9169998168945,0.0280349999666214,0,114.768501281738,-86.7109,26.8761,13.9076014950407,63,63,63,63,61,63,0,7818,1.13366707078925,27,-87,0.001869,51,2025-04-25 04:18:15.000455,542,1.037,0.0011,"aoml_navis",1029.73364254554
"7901009",68,0,1,0.028035,1,0.005607,1,119.204903006173,1,4.85557374578555,544,1,7.57000017166138,34.9140014648438,0.0280349999666214,0,114.94930267334,-86.7109,26.8761,13.9076014950407,63,63,63,63,61,63,0,7818,1.13366707078925,27,-87,0.001869,51,2025-04-25 04:18:15.000455,544,1.037,0.0011,"aoml_navis",1029.74442605054
"7901009",68,0,1,0.029904,1,0.007476,1,119.22616213765,1,4.85552665470673,546,1,7.55900001525879,34.9129981994629,0.0299040004611015,0,114.969802856445,-86.7109,26.8761,13.9076014950407,63,63,63,63,61,63,0,7818,1.13366707078925,27,-87,0.001869,51,2025-04-25 04:18:15.000455,546,1.037,0.0011,"aoml_navis",1029.75441297459
"7901009",68,0,1,0.028035,1,0.005607,1,119.274693403924,1,4.85548178391644,548,1,7.55600023269653,34.9129981994629,0.0280349999666214,0,115.0166015625,-86.7109,26.8761,13.9076014950407,63,63,63,63,61,63,0,7818,1.13366707078925,27,-87,0.001869,51,2025-04-25 04:18:15.000455,548,1.037,0.0011,"aoml_navis",1029.76392920725
"7901009",68,0,1,0.026166,1,0.003738,1,119.353091890639,1,4.8554346949159,550,1,7.55000019073486,34.9129981994629,0.0261659994721413,0,115.09220123291,-86.7109,26.8761,13.9076014950407,63,63,63,63,61,63,0,7818,1.13366707078925,27,-87,0.001869,51,2025-04-25 04:18:15.000455,550,1.037,0.0011,"aoml_navis",1029.77391606883
"7901009",68,0,1,0.029904,1,0.007476,1,119.590051692548,1,4.85538759825073,552,1,7.53900003433228,34.9119987487793,0.0299040004611015,0,115.320701599121,-86.7109,26.8761,13.9076014950407,63,63,63,63,61,63,0,7818,1.13366707078925,27,-87,0.001869,51,2025-04-25 04:18:15.000455,552,1.037,0.0011,"aoml_navis",1029.78390474972
"7901009",68,0,1,0.031773,1,0.009345,1,119.92635263879,1,4.85532278021108,554,1,7.49900007247925,34.9099998474121,0.0317730009555817,0,115.644996643066,-86.7109,26.8761,13.9076014950407,63,63,63,63,61,63,0,7818,1.13366707078925,27,-87,0.001869,51,2025-04-25 04:18:15.000455,554,1.037,0.0011,"aoml_navis",1029.79765225467
"7901009",68,0,1,0.031773,1,0.009345,1,120.150352836173,1,4.85527496574553,556,1,7.48699998855591,34.9090003967285,0.0317730009555817,0,115.861000061035,-86.7109,26.8761,13.9076014950407,63,63,63,63,61,63,0,7818,1.13366707078925,27,-87,0.001869,51,2025-04-25 04:18:15.000455,556,1.037,0.0011,"aoml_navis",1029.80779364207
"7901009",68,0,1,0.031773,1,0.009345,1,120.454302242181,1,4.85522789332553,558,1,7.47599983215332,34.9080009460449,0.0317730009555817,0,116.154098510742,-86.7109,26.8761,13.9076014950407,63,63,63,63,61,63,0,7818,1.13366707078925,27,-87,0.001869,51,2025-04-25 04:18:15.000455,558,1.037,0.0011,"aoml_navis",1029.81777783768
"7901009",68,0,1,0.029904,1,0.007476,1,120.950003159343,1,4.85517202515818,560,1,7.44299983978271,34.9049987792969,0.0299040004611015,0,116.632102966309,-86.7109,26.8761,13.9076014950407,63,63,63,63,61,63,0,7818,1.13366707078925,27,-87,0.001869,51,2025-04-25 04:18:15.000455,560,1.037,0.0011,"aoml_navis",1029.82962788782
"7901009",68,0,1,0.028035,1,0.005607,1,121.532394178326,1,4.85511107329265,562,1,7.39799976348877,34.9010009765625,0.0280349999666214,0,117.193702697754,-86.7109,26.8761,13.9076014950407,63,63,63,63,61,63,0,7818,1.13366707078925,27,-87,0.001869,51,2025-04-25 04:18:15.000455,562,1.037,0.0011,"aoml_navis",1029.8425565389
"7901009",68,0,1,0.033642,1,0.011214,1,122.106279962348,1,4.85503407266671,564,1,7.34100008010864,34.898998260498,0.0336420014500618,0,117.747100830078,-86.7109,26.8761,13.9076014950407,63,63,63,63,61,63,0,7818,1.13366707078925,27,-87,0.001869,51,2025-04-25 04:18:15.000455,564,1.037,0.0011,"aoml_navis",1029.85888979635
"7901009",68,0,1,0.028035,1,0.005607,1,122.364079567871,1,4.85497973997364,565.900024414062,1,7.31199979782104,34.8969993591309,0.0280349999666214,0,117.995697021484,-86.7109,26.8761,13.9076014950407,63,63,63,63,61,63,0,7818,1.13366707078925,27,-87,0.001869,51,2025-04-25 04:18:15.000455,565.900024414062,1.037,0.0011,"aoml_navis",1029.8704150776
"7901009",68,0,1,0.028035,1,0.005607,1,122.589219071147,1,4.85492044715037,568,1,7.28200006484985,34.8950004577637,0.0280349999666214,0,118.212799072266,-86.7109,26.8761,13.9076014950407,63,63,63,63,61,63,0,7818,1.13366707078925,27,-87,0.001869,51,2025-04-25 04:18:15.000455,568,1.037,0.0011,"aoml_navis",1029.88299281707
"7901009",68,0,1,0.029904,1,0.007476,1,122.744354556817,1,4.85486830671644,570,1,7.26900005340576,34.8950004577637,0.0299040004611015,0,118.362396240234,-86.7109,26.8761,13.9076014950407,63,63,63,63,61,63,0,7818,1.13366707078925,27,-87,0.001869,51,2025-04-25 04:18:15.000455,570,1.037,0.0011,"aoml_navis",1029.89405357974
"7901009",68,0,1,0.026166,1,0.003738,1,122.913185448735,1,4.85481980915932,572,1,7.26100015640259,34.8950004577637,0.0261659994721413,0,118.525199890137,-86.7109,26.8761,13.9076014950407,63,63,63,63,61,63,0,7818,1.13366707078925,27,-87,0.001869,51,2025-04-25 04:18:15.000455,572,1.037,0.0011,"aoml_navis",1029.90434177738
"7901009",68,0,1,0.029904,1,0.007476,1,123.050384778448,1,4.85477718617368,574,1,7.25600004196167,34.8940010070801,0.0299040004611015,0,118.657501220703,-86.7109,26.8761,13.9076014950407,63,63,63,63,61,63,0,7818,1.13366707078925,27,-87,0.001869,51,2025-04-25 04:18:15.000455,574,1.037,0.0011,"aoml_navis",1029.91338392211
"7901009",68,0,1,0.029904,1,0.007476,1,123.218796342503,1,4.85473311049923,576,1,7.24900007247925,34.8930015563965,0.0299040004611015,0,118.819900512695,-86.7109,26.8761,13.9076014950407,63,63,63,63,61,63,0,7818,1.13366707078925,27,-87,0.001869,51,2025-04-25 04:18:15.000455,576,1.037,0.0011,"aoml_navis",1029.9227344108
"7901009",68,0,1,0.028035,1,0.005607,1,123.398300315314,1,4.85468534718249,578,1,7.24200010299683,34.8930015563965,0.0280349999666214,0,118.99299621582,-86.7109,26.8761,13.9076014950407,63,63,63,63,61,63,0,7818,1.13366707078925,27,-87,0.001869,51,2025-04-25 04:18:15.000455,578,1.037,0.0011,"aoml_navis",1029.93286741062
"7901009",68,0,1,0.026166,1,0.003738,1,123.584758801177,1,4.85464492496724,580,1,7.23999977111816,34.8919982910156,0.0261659994721413,0,119.172798156738,-86.7109,26.8761,13.9076014950407,63,63,63,63,61,63,0,7818,1.13366707078925,27,-87,0.001869,51,2025-04-25 04:18:15.000455,580,1.037,0.0011,"aoml_navis",1029.94144314967
"7901009",68,0,1,0.029904,1,0.007476,1,124.029641928434,1,4.85460080112929,582,1,7.23799991607666,34.8919982910156,0.0299040004611015,0,119.60179901123,-86.7109,26.8761,13.9076014950407,63,63,63,63,61,63,0,7818,1.13366707078925,27,-87,0.001869,51,2025-04-25 04:18:15.000455,582,1.037,0.0011,"aoml_navis",1029.95080436622
"7901009",68,0,1,0.026166,1,0.003738,1,124.727245255777,1,4.85455030715267,584,1,7.21199989318848,34.8889999389648,0.0261659994721413,0,120.27449798584,-86.7109,26.8761,13.9076014950407,63,63,63,63,61,63,0,7818,1.13366707078925,27,-87,0.001869,51,2025-04-25 04:18:15.000455,584,1.037,0.0011,"aoml_navis",1029.96151726619
"7901009",68,0,1,0.028035,1,0.005607,1,125.465088234288,1,4.8544998403026,586,1,7.18599987030029,34.8860015869141,0.0280349999666214,0,120.986000061035,-86.7109,26.8761,13.9076014950407,63,63,63,63,61,63,0,7818,1.13366707078925,27,-87,0.001869,51,2025-04-25 04:18:15.000455,586,1.037,0.0011,"aoml_navis",1029.97222463362
"7901009",68,0,1,0.031773,1,0.009345,1,126.360139602247,1,4.85440769023884,588,1,7.09200000762939,34.8810005187988,0.0317730009555817,0,121.849098205566,-86.7109,26.8761,13.9076014950407,63,63,63,63,61,63,0,7818,1.13366707078925,27,-87,0.001869,51,2025-04-25 04:18:15.000455,588,1.037,0.0011,"aoml_navis",1029.99177635078
"7901009",68,0,1,0.029904,1,0.007476,1,126.694684118571,1,4.85435171337543,590,1,7.05299997329712,34.8769989013672,0.0299040004611015,0,122.171699523926,-86.7109,26.8761,13.9076014950407,63,63,63,63,61,63,0,7818,1.13366707078925,27,-87,0.001869,51,2025-04-25 04:18:15.000455,590,1.037,0.0011,"aoml_navis",1030.00365346896
"7901009",68,0,1,0.031773,1,0.009345,1,127.032757318424,1,4.85429045079641,592,1,7.02199983596802,34.8759994506836,0.0317730009555817,0,122.497703552246,-86.7109,26.8761,13.9076014950407,63,63,63,63,61,63,0,7818,1.13366707078925,27,-87,0.001869,51,2025-04-25 04:18:15.000455,592,1.037,0.0011,"aoml_navis",1030.01665241924
"7901009",68,0,1,0.029904,1,0.007476,1,127.409092207826,1,4.85419467508641,594,1,6.95300006866455,34.8769989013672,0.0299040004611015,0,122.86060333252,-86.7109,26.8761,13.9076014950407,63,63,63,63,61,63,0,7818,1.13366707078925,27,-87,0.001869,51,2025-04-25 04:18:15.000455,594,1.037,0.0011,"aoml_navis",1030.03697516746
"7901009",68,0,1,0.024297,1,0.001869,1,127.624792878258,1,4.85412913763687,596,1,6.9210000038147,34.8769989013672,0.0242970008403063,0,123.068603515625,-86.7109,26.8761,13.9076014950407,63,63,63,63,61,63,0,7818,1.13366707078925,27,-87,0.001869,51,2025-04-25 04:18:15.000455,596,1.037,0.0011,"aoml_navis",1030.05088208966
"7901009",68,0,1,0.029904,1,0.007476,1,127.772562434861,1,4.85408370528743,598,1,6.91200017929077,34.8759994506836,0.0299040004611015,0,123.211097717285,-86.7109,26.8761,13.9076014950407,63,63,63,63,61,63,0,7818,1.13366707078925,27,-87,0.001869,51,2025-04-25 04:18:15.000455,598,1.037,0.0011,"aoml_navis",1030.06052296824
"7901009",68,0,1,0.029904,1,0.007476,1,127.976339952656,1,4.8540374328026,600,1,6.90700006484985,34.8759994506836,0.0299040004611015,0,123.407600402832,-86.7109,26.8761,13.9076014950407,63,63,63,63,61,63,0,7818,1.13366707078925,27,-87,0.001869,51,2025-04-25 04:18:15.000455,600,1.037,0.0011,"aoml_navis",1030.07034231154
"7901009",68,0,1,0.031773,1,0.009345,1,128.23175809239,1,4.85398844596151,602,1,6.89300012588501,34.875,0.0317730009555817,0,123.653900146484,-86.7109,26.8761,13.9076014950407,63,63,63,63,61,63,0,7818,1.13366707078925,27,-87,0.001869,51,2025-04-25 04:18:15.000455,602,1.037,0.0011,"aoml_navis",1030.08073786413
"7901009",68,0,1,0.028035,1,0.005607,1,128.515279110801,1,4.85393519940595,604,1,6.8730001449585,34.8740005493164,0.0280349999666214,0,123.927299499512,-86.7109,26.8761,13.9076014950407,63,63,63,63,61,63,0,7818,1.13366707078925,27,-87,0.001869,51,2025-04-25 04:18:15.000455,604,1.037,0.0011,"aoml_navis",1030.09203761351
"7901009",68,0,1,0.028035,1,0.005607,1,128.797249407303,1,4.85387969626048,606,1,6.85500001907349,34.8740005493164,0.0280349999666214,0,124.199203491211,-86.7109,26.8761,13.9076014950407,63,63,63,63,61,63,0,7818,1.13366707078925,27,-87,0.001869,51,2025-04-25 04:18:15.000455,606,1.037,0.0011,"aoml_navis",1030.10381651035
"7901009",68,0,1,0.029904,1,0.007476,1,129.080976133722,1,4.85382789701297,608,1,6.83699989318848,34.8730010986328,0.0299040004611015,0,124.472801208496,-86.7109,26.8761,13.9076014950407,63,63,63,63,61,63,0,7818,1.13366707078925,27,-87,0.001869,51,2025-04-25 04:18:15.000455,608,1.037,0.0011,"aoml_navis",1030.11480960769
"7901009",68,0,1,0.026166,1,0.003738,1,129.313165092207,1,4.85376462376322,610,1,6.80800008773804,34.8730010986328,0.0261659994721413,0,124.696701049805,-86.7109,26.8761,13.9076014950407,63,63,63,63,61,63,0,7818,1.13366707078925,27,-87,0.001869,51,2025-04-25 04:18:15.000455,610,1.037,0.0011,"aoml_navis",1030.12823809396
"7901009",68,0,1,0.031773,1,0.009345,1,129.441439859097,1,4.85370916413793,612,1,6.78999996185303,34.8730010986328,0.0317730009555817,0,124.82039642334,-86.7109,26.8761,13.9076014950407,63,63,63,63,61,63,0,7818,1.13366707078925,27,-87,0.001869,51,2025-04-25 04:18:15.000455,612,1.037,0.0011,"aoml_navis",1030.14000858209
"7901009",68,0,1,0.029904,1,0.007476,1,129.545979086564,1,4.85365583741248,614,1,6.77500009536743,34.8730010986328,0.0299040004611015,0,124.921203613281,-86.7109,26.8761,13.9076014950407,63,63,63,63,61,63,0,7818,1.13366707078925,27,-87,0.001869,51,2025-04-25 04:18:15.000455,614,1.037,0.0011,"aoml_navis",1030.15132664733
"7901009",68,0,1,0.029904,1,0.007476,1,129.64324732712,1,4.8536046382149,616,1,6.76300001144409,34.8730010986328,0.0299040004611015,0,125.014999389648,-86.7109,26.8761,13.9076014950407,63,63,63,63,61,63,0,7818,1.13366707078925,27,-87,0.001869,51,2025-04-25 04:18:15.000455,616,1.037,0.0011,"aoml_navis",1030.16219340003
"7901009",68,0,1,0.031773,1,0.009345,1,129.661191394924,1,4.85355626951913,618,1,6.75500011444092,34.8730010986328,0.0317730009555817,0,125.032302856445,-86.7109,26.8761,13.9076014950407,63,63,63,63,61,63,0,7818,1.13366707078925,27,-87,0.001869,51,2025-04-25 04:18:15.000455,618,1.037,0.0011,"aoml_navis",1030.17245960463
"7901009",68,0,1,0.028035,1,0.005607,1,129.727975291015,1,4.85349997508329,620,1,6.74100017547607,34.8740005493164,0.0280349999666214,0,125.096702575684,-86.7109,26.8761,13.9076014950407,63,63,63,63,61,63,0,7818,1.13366707078925,27,-87,0.001869,51,2025-04-25 04:18:15.000455,620,1.037,0.0011,"aoml_navis",1030.18440829686
"7901009",68,0,1,0.031773,1,0.009345,1,129.765200528677,1,4.85344879060551,622,1,6.72900009155273,34.8740005493164,0.0317730009555817,0,125.132598876953,-86.7109,26.8761,13.9076014950407,63,63,63,63,61,63,0,7818,1.13366707078925,27,-87,0.001869,51,2025-04-25 04:18:15.000455,622,1.037,0.0011,"aoml_navis",1030.19527262308
"7901009",68,0,1,0.028035,1,0.005607,1,129.845157649147,1,4.85339674004396,624,1,6.72100019454956,34.875,0.0280349999666214,0,125.209701538086,-86.7109,26.8761,13.9076014950407,63,63,63,63,61,63,0,7818,1.13366707078925,27,-87,0.001869,51,2025-04-25 04:18:15.000455,624,1.037,0.0011,"aoml_navis",1030.2063210177
"7901009",68,0,1,0.028035,1,0.005607,1,129.891616011645,1,4.85335049965923,626,1,6.71600008010864,34.875,0.0280349999666214,0,125.254501342773,-86.7109,26.8761,13.9076014950407,63,63,63,63,61,63,0,7818,1.13366707078925,27,-87,0.001869,51,2025-04-25 04:18:15.000455,626,1.037,0.0011,"aoml_navis",1030.21613632707
"7901009",68,0,1,0.029904,1,0.007476,1,130.020721522415,1,4.85330355607132,628,1,6.71000003814697,34.875,0.0299040004611015,0,125.378997802734,-86.7109,26.8761,13.9076014950407,63,63,63,63,61,63,0,7818,1.13366707078925,27,-87,0.001869,51,2025-04-25 04:18:15.000455,628,1.037,0.0011,"aoml_navis",1030.22610109462
"7901009",68,0,1,0.029904,1,0.007476,1,130.187788072569,1,4.85324956675092,630,1,6.69399976730347,34.875,0.0299040004611015,0,125.540100097656,-86.7109,26.8761,13.9076014950407,63,63,63,63,61,63,0,7818,1.13366707078925,27,-87,0.001869,51,2025-04-25 04:18:15.000455,630,1.037,0.0011,"aoml_navis",1030.23756170596
"7901009",68,0,1,0.031773,1,0.009345,1,130.399129315594,1,4.85318978363357,632,1,6.67500019073486,34.8759994506836,0.0317730009555817,0,125.743896484375,-86.7109,26.8761,13.9076014950407,63,63,63,63,61,63,0,7818,1.13366707078925,27,-87,0.001869,51,2025-04-25 04:18:15.000455,632,1.037,0.0011,"aoml_navis",1030.2502524961
"7901009",68,0,1,0.029904,1,0.007476,1,130.527103432317,1,4.85313862774553,634,1,6.66300010681152,34.8759994506836,0.0299040004611015,0,125.867301940918,-86.7109,26.8761,13.9076014950407,63,63,63,63,61,63,0,7818,1.13366707078925,27,-87,0.001869,51,2025-04-25 04:18:15.000455,634,1.037,0.0011,"aoml_navis",1030.26111214192
"7901009",68,0,1,0.031773,1,0.009345,1,130.619189413433,1,4.85308677415414,636,1,6.65000009536743,34.8759994506836,0.0317730009555817,0,125.956100463867,-86.7109,26.8761,13.9076014950407,63,63,63,63,61,63,0,7818,1.13366707078925,27,-87,0.001869,51,2025-04-25 04:18:15.000455,636,1.037,0.0011,"aoml_navis",1030.27212013357
"7901009",68,0,1,0.029904,1,0.007476,1,130.728072244614,1,4.85303633146728,638,1,6.63899993896484,34.8759994506836,0.0299040004611015,0,126.061096191406,-86.7109,26.8761,13.9076014950407,63,63,63,63,61,63,0,7818,1.13366707078925,27,-87,0.001869,51,2025-04-25 04:18:15.000455,638,1.037,0.0011,"aoml_navis",1030.28282883023
"7901009",68,0,1,0.028035,1,0.005607,1,130.82181971349,1,4.85298009500904,640,1,6.625,34.8769989013672,0.0280349999666214,0,126.151496887207,-86.7109,26.8761,13.9076014950407,63,63,63,63,61,63,0,7818,1.13366707078925,27,-87,0.001869,51,2025-04-25 04:18:15.000455,640,1.037,0.0011,"aoml_navis",1030.29476777417
"7901009",68,0,1,0.033642,1,0.011214,1,130.858324973123,1,4.85292896060855,642,1,6.61299991607666,34.8769989013672,0.0336420014500618,0,126.186698913574,-86.7109,26.8761,13.9076014950407,63,63,63,63,61,63,0,7818,1.13366707078925,27,-87,0.001869,51,2025-04-25 04:18:15.000455,642,1.037,0.0011,"aoml_navis",1030.30562379652
"7901009",68,0,1,0.029904,1,0.007476,1,130.972500829595,1,4.85288414458188,644,1,6.6100001335144,34.8769989013672,0.0299040004611015,0,126.296798706055,-86.7109,26.8761,13.9076014950407,63,63,63,63,61,63,0,7818,1.13366707078925,27,-87,0.001869,51,2025-04-25 04:18:15.000455,644,1.037,0.0011,"aoml_navis",1030.31513859287
"7901009",68,0,1,0.029904,1,0.007476,1,131.049965718426,1,4.85283933007344,646,1,6.60699987411499,34.8769989013672,0.0299040004611015,0,126.37149810791,-86.7109,26.8761,13.9076014950407,63,63,63,63,61,63,0,7818,1.13366707078925,27,-87,0.001869,51,2025-04-25 04:18:15.000455,646,1.037,0.0011,"aoml_navis",1030.32465324261
"7901009",68,0,1,0.044856,1,0.022428,1,131.15325487415,1,4.85279241253687,648,1,6.60099983215332,34.8769989013672,0.0448560006916523,0,126.471099853516,-86.7109,26.8761,13.9076014950407,63,63,63,63,61,63,0,7818,1.13366707078925,27,-87,0.001869,51,2025-04-25 04:18:15.000455,648,1.037,0.0011,"aoml_navis",1030.33461457837
"7901009",68,0,1,0.029904,1,0.007476,1,131.378077903567,1,4.85274409426729,650,1,6.59299993515015,34.8769989013672,0.0299040004611015,0,126.687896728516,-86.7109,26.8761,13.9076014950407,63,63,63,63,61,63,0,7818,1.13366707078925,27,-87,0.001869,51,2025-04-25 04:18:15.000455,650,1.037,0.0011,"aoml_navis",1030.34487351325
"7901009",68,0,1,0.028035,1,0.005607,1,131.602489516967,1,4.85269437651586,652,1,6.58300018310547,34.8769989013672,0.0280349999666214,0,126.904296875,-86.7109,26.8761,13.9076014950407,63,63,63,63,61,63,0,7818,1.13366707078925,27,-87,0.001869,51,2025-04-25 04:18:15.000455,652,1.037,0.0011,"aoml_navis",1030.35542979937
"7901009",68,0,1,0.026166,1,0.003738,1,131.893685026459,1,4.85264555096703,654,1,6.56899976730347,34.8759994506836,0.0261659994721413,0,127.185096740723,-86.7109,26.8761,13.9076014950407,63,63,63,63,61,63,0,7818,1.13366707078925,27,-87,0.001869,51,2025-04-25 04:18:15.000455,654,1.037,0.0011,"aoml_navis",1030.36579685974
"7901009",68,0,1,0.028035,1,0.005607,1,132.26266189864,1,4.85259094130527,656,1,6.55200004577637,34.8759994506836,0.0280349999666214,0,127.540901184082,-86.7109,26.8761,13.9076014950407,63,63,63,63,61,63,0,7818,1.13366707078925,27,-87,0.001869,51,2025-04-25 04:18:15.000455,656,1.037,0.0011,"aoml_navis",1030.37739229985
"7901009",68,0,1,0.033642,1,0.011214,1,132.628315795302,1,4.85253144831779,658,1,6.52799987792969,34.8759994506836,0.0336420014500618,0,127.893501281738,-86.7109,26.8761,13.9076014950407,63,63,63,63,61,63,0,7818,1.13366707078925,27,-87,0.001869,51,2025-04-25 04:18:15.000455,658,1.037,0.0011,"aoml_navis",1030.39002492881
"7901009",68,0,1,0.031773,1,0.009345,1,132.954038602807,1,4.85247337361626,660,1,6.50600004196167,34.8759994506836,0.0317730009555817,0,128.207595825195,-86.7109,26.8761,13.9076014950407,63,63,63,63,61,63,0,7818,1.13366707078925,27,-87,0.001869,51,2025-04-25 04:18:15.000455,660,1.037,0.0011,"aoml_navis",1030.40235670037
"7901009",68,0,1,0.033642,1,0.011214,1,133.255717308877,1,4.85241740856081,662,1,6.48699998855591,34.8759994506836,0.0336420014500618,0,128.498504638672,-86.7109,26.8761,13.9076014950407,63,63,63,63,61,63,0,7818,1.13366707078925,27,-87,0.001869,51,2025-04-25 04:18:15.000455,662,1.037,0.0011,"aoml_navis",1030.41424078209
"7901009",68,0,1,0.029904,1,0.007476,1,133.489354135267,1,4.85236981811466,664,1,6.48000001907349,34.8759994506836,0.0299040004611015,0,128.72380065918,-86.7109,26.8761,13.9076014950407,63,63,63,63,61,63,0,7818,1.13366707078925,27,-87,0.001869,51,2025-04-25 04:18:15.000455,664,1.037,0.0011,"aoml_navis",1030.42434674583
"7901009",68,0,1,0.031773,1,0.009345,1,133.854390907904,1,4.85232522499092,666,1,6.47200012207031,34.875,0.0317730009555817,0,129.075805664062,-86.7109,26.8761,13.9076014950407,63,63,63,63,61,63,0,7818,1.13366707078925,27,-87,0.001869,51,2025-04-25 04:18:15.000455,666,1.037,0.0011,"aoml_navis",1030.43381639972
"7901009",68,0,1,0.028035,1,0.005607,1,134.410229770118,1,4.85227784819006,668,1,6.46000003814697,34.8740005493164,0.0280349999666214,0,129.611801147461,-86.7109,26.8761,13.9076014950407,63,63,63,63,61,63,0,7818,1.13366707078925,27,-87,0.001869,51,2025-04-25 04:18:15.000455,668,1.037,0.0011,"aoml_navis",1030.44387737711
"7901009",68,0,1,0.033642,1,0.011214,1,135.1048265958,1,4.8522158713793,670,1,6.42700004577637,34.8730010986328,0.0336420014500618,0,130.281600952148,-86.7109,26.8761,13.9076014950407,63,63,63,63,61,63,0,7818,1.13366707078925,27,-87,0.001869,51,2025-04-25 04:18:15.000455,670,1.037,0.0011,"aoml_navis",1030.45703912153
"7901009",68,0,1,0.029904,1,0.007476,1,135.508947890021,1,4.85214192877681,672,1,6.38199996948242,34.8730010986328,0.0299040004611015,0,130.671295166016,-86.7109,26.8761,13.9076014950407,63,63,63,63,61,63,0,7818,1.13366707078925,27,-87,0.001869,51,2025-04-25 04:18:15.000455,672,1.037,0.0011,"aoml_navis",1030.47274242872
"7901009",68,0,1,0.031773,1,0.009345,1,135.690113350592,1,4.85209251295744,674,1,6.36700010299683,34.8720016479492,0.0317730009555817,0,130.845993041992,-86.7109,26.8761,13.9076014950407,63,63,63,63,61,63,0,7818,1.13366707078925,27,-87,0.001869,51,2025-04-25 04:18:15.000455,674,1.037,0.0011,"aoml_navis",1030.48323721107
"7901009",68,0,1,0.026166,1,0.003738,1,135.862480837884,1,4.85204564059958,676,1,6.36100006103516,34.8720016479492,0.0261659994721413,0,131.01220703125,-86.7109,26.8761,13.9076014950407,63,63,63,63,61,63,0,7818,1.13366707078925,27,-87,0.001869,51,2025-04-25 04:18:15.000455,676,1.037,0.0011,"aoml_navis",1030.49319201831
"7901009",68,0,1,0.031773,1,0.009345,1,136.076100692694,1,4.85200015449761,678,1,6.35699987411499,34.8720016479492,0.0317730009555817,0,131.218200683594,-86.7109,26.8761,13.9076014950407,63,63,63,63,61,63,0,7818,1.13366707078925,27,-87,0.001869,51,2025-04-25 04:18:15.000455,678,1.037,0.0011,"aoml_navis",1030.50285259476
"7901009",68,0,1,0.033642,1,0.011214,1,136.34127413913,1,4.85195397840891,680,1,6.35200023651123,34.8720016479492,0.0336420014500618,0,131.473907470703,-86.7109,26.8761,13.9076014950407,63,63,63,63,61,63,0,7818,1.13366707078925,27,-87,0.001869,51,2025-04-25 04:18:15.000455,680,1.037,0.0011,"aoml_navis",1030.51265989947
"7901009",68,0,1,0.029904,1,0.007476,1,136.836555728429,1,4.85190735840308,682,1,6.34100008010864,34.8709983825684,0.0299040004611015,0,131.951507568359,-86.7109,26.8761,13.9076014950407,63,63,63,63,61,63,0,7818,1.13366707078925,27,-87,0.001869,51,2025-04-25 04:18:15.000455,682,1.037,0.0011,"aoml_navis",1030.52256167679
"7901009",68,0,1,0.031773,1,0.009345,1,137.364497419975,1,4.8518439085114,684,1,6.31099987030029,34.8709983825684,0.0317730009555817,0,132.460601806641,-86.7109,26.8761,13.9076014950407,63,63,63,63,61,63,0,7818,1.13366707078925,27,-87,0.001869,51,2025-04-25 04:18:15.000455,684,1.037,0.0011,"aoml_navis",1030.53603831498
"7901009",68,0,1,0.033642,1,0.011214,1,137.752130426142,1,4.8517832519164,686,1,6.28499984741211,34.8709983825684,0.0336420014500618,0,132.834396362305,-86.7109,26.8761,13.9076014950407,63,63,63,63,61,63,0,7818,1.13366707078925,27,-87,0.001869,51,2025-04-25 04:18:15.000455,686,1.037,0.0011,"aoml_navis",1030.54892199174
"7901009",68,0,1,0.029904,1,0.007476,1,138.155745362189,1,4.85172331031392,688,1,6.26000022888184,34.8709983825684,0.0299040004611015,0,133.223602294922,-86.7109,26.8761,13.9076014950407,63,63,63,63,61,63,0,7818,1.13366707078925,27,-87,0.001869,51,2025-04-25 04:18:15.000455,688,1.037,0.0011,"aoml_navis",1030.56165411801
"7901009",68,0,1,0.028035,1,0.005607,1,138.457613952574,1,4.85166106035801,690,1,6.23699998855591,34.8720016479492,0.0280349999666214,0,133.514694213867,-86.7109,26.8761,13.9076014950407,63,63,63,63,61,63,0,7818,1.13366707078925,27,-87,0.001869,51,2025-04-25 04:18:15.000455,690,1.037,0.0011,"aoml_navis",1030.57487689197
"7901009",68,0,1,0.029904,1,0.007476,1,138.607258616791,1,4.85160665648415,692,1,6.21999979019165,34.8720016479492,0.0299040004611015,0,133.658996582031,-86.7109,26.8761,13.9076014950407,63,63,63,63,61,63,0,7818,1.13366707078925,27,-87,0.001869,51,2025-04-25 04:18:15.000455,692,1.037,0.0011,"aoml_navis",1030.58643332462
"7901009",68,0,1,0.024297,1,0.001869,1,138.75369107134,1,4.85156187256984,694,1,6.21700000762939,34.8720016479492,0.0242970008403063,0,133.800201416016,-86.7109,26.8761,13.9076014950407,63,63,63,63,61,63,0,7818,1.13366707078925,27,-87,0.001869,51,2025-04-25 04:18:15.000455,694,1.037,0.0011,"aoml_navis",1030.59594648672
"7901009",68,0,1,0.029904,1,0.007476,1,138.891515436924,1,4.85151571683511,696,1,6.21199989318848,34.8720016479492,0.0299040004611015,0,133.93310546875,-86.7109,26.8761,13.9076014950407,63,63,63,63,61,63,0,7818,1.13366707078925,27,-87,0.001869,51,2025-04-25 04:18:15.000455,696,1.037,0.0011,"aoml_navis",1030.60575123969
"7901009",68,0,1,0.029904,1,0.007476,1,139.128981597008,1,4.85146613079813,698,1,6.2020001411438,34.8720016479492,0.0299040004611015,0,134.162094116211,-86.7109,26.8761,13.9076014950407,63,63,63,63,61,63,0,7818,1.13366707078925,27,-87,0.001869,51,2025-04-25 04:18:15.000455,698,1.037,0.0011,"aoml_navis",1030.61628489148
"7901009",68,0,1,0.026166,1,0.003738,1,139.361700649206,1,4.85141380453117,700,1,6.18800020217896,34.8720016479492,0.0261659994721413,0,134.386505126953,-86.7109,26.8761,13.9076014950407,63,63,63,63,61,63,0,7818,1.13366707078925,27,-87,0.001869,51,2025-04-25 04:18:15.000455,700,1.037,0.0011,"aoml_navis",1030.6274008888
"7901009",68,0,1,0.028035,1,0.005607,1,139.453984426484,1,4.85136079963895,702,1,6.1729998588562,34.8720016479492,0.0280349999666214,0,134.475494384766,-86.7109,26.8761,13.9076014950407,63,63,63,63,61,63,0,7818,1.13366707078925,27,-87,0.001869,51,2025-04-25 04:18:15.000455,702,1.037,0.0011,"aoml_navis",1030.63866129522
"7901009",68,0,1,0.028035,1,0.005607,1,139.514130283382,1,4.85131739418508,704,1,6.17199993133545,34.8720016479492,0.0280349999666214,0,134.533493041992,-86.7109,26.8761,13.9076014950407,63,63,63,63,61,63,0,7818,1.13366707078925,27,-87,0.001869,51,2025-04-25 04:18:15.000455,704,1.037,0.0011,"aoml_navis",1030.64788257168
"7901009",68,0,1,0.029904,1,0.007476,1,139.565889583018,1,4.85126961315876,706,1,6.17000007629395,34.8730010986328,0.0299040004611015,0,134.583404541016,-86.7109,26.8761,13.9076014950407,63,63,63,63,61,63,0,7818,1.13366707078925,27,-87,0.001869,51,2025-04-25 04:18:15.000455,706,1.037,0.0011,"aoml_navis",1030.65803360791
"7901009",68,0,1,0.029904,1,0.007476,1,139.628314051701,1,4.85122921868218,708,1,6.16800022125244,34.8720016479492,0.0299040004611015,0,134.643600463867,-86.7109,26.8761,13.9076014950407,63,63,63,63,61,63,0,7818,1.13366707078925,27,-87,0.001869,51,2025-04-25 04:18:15.000455,708,1.037,0.0011,"aoml_navis",1030.66661553424
"7901009",68,0,1,0.029904,1,0.007476,1,139.746532861722,1,4.85118444792851,710,1,6.16499996185303,34.8720016479492,0.0299040004611015,0,134.757598876953,-86.7109,26.8761,13.9076014950407,63,63,63,63,61,63,0,7818,1.13366707078925,27,-87,0.001869,51,2025-04-25 04:18:15.000455,710,1.037,0.0011,"aoml_navis",1030.67612738061
"7901009",68,0,1,0.029904,1,0.007476,1,139.956323382838,1,4.85113762226122,712,1,6.15899991989136,34.8720016479492,0.0299040004611015,0,134.959899902344,-86.7109,26.8761,13.9076014950407,63,63,63,63,61,63,0,7818,1.13366707078925,27,-87,0.001869,51,2025-04-25 04:18:15.000455,712,1.037,0.0011,"aoml_navis",1030.68607599497
"7901009",68,0,1,0.031773,1,0.009345,1,140.101616531494,1,4.85108737191449,714,1,6.14799976348877,34.8720016479492,0.0317730009555817,0,135.100006103516,-86.7109,26.8761,13.9076014950407,63,63,63,63,61,63,0,7818,1.13366707078925,27,-87,0.001869,51,2025-04-25 04:18:15.000455,714,1.037,0.0011,"aoml_navis",1030.69675243279
"7901009",68,0,1,0.029904,1,0.007476,1,140.214850878236,1,4.85103754432889,716,1,6.14300012588501,34.8730010986328,0.0299040004611015,0,135.209197998047,-86.7109,26.8761,13.9076014950407,63,63,63,63,61,63,0,7818,1.13366707078925,27,-87,0.001869,51,2025-04-25 04:18:15.000455,716,1.037,0.0011,"aoml_navis",1030.70733926709
"7901009",68,0,1,0.033642,1,0.011214,1,140.421017773667,1,4.85099647225267,718,1,6.1399998664856,34.8720016479492,0.0336420014500618,0,135.408004760742,-86.7109,26.8761,13.9076014950407,63,63,63,63,61,63,0,7818,1.13366707078925,27,-87,0.001869,51,2025-04-25 04:18:15.000455,718,1.037,0.0011,"aoml_navis",1030.7160659876
"7901009",68,0,1,0.028035,1,0.005607,1,140.713249735046,1,4.85094965479449,720,1,6.13399982452393,34.8720016479492,0.0280349999666214,0,135.689804077148,-86.7109,26.8761,13.9076014950407,63,63,63,63,61,63,0,7818,1.13366707078925,27,-87,0.001869,51,2025-04-25 04:18:15.000455,720,1.037,0.0011,"aoml_navis",1030.72601362873
"7901009",68,0,1,0.029904,1,0.007476,1,140.946886561436,1,4.85089298500547,722,1,6.11899995803833,34.8730010986328,0.0299040004611015,0,135.915100097656,-86.7109,26.8761,13.9076014950407,63,63,63,63,61,63,0,7818,1.13366707078925,27,-87,0.001869,51,2025-04-25 04:18:15.000455,722,1.037,0.0011,"aoml_navis",1030.73805492214
"7901009",68,0,1,0.028035,1,0.005607,1,141.209876338246,1,4.85083933106547,724,1,6.10300016403198,34.8730010986328,0.0280349999666214,0,136.168701171875,-86.7109,26.8761,13.9076014950407,63,63,63,63,61,63,0,7818,1.13366707078925,27,-87,0.001869,51,2025-04-25 04:18:15.000455,724,1.037,0.0011,"aoml_navis",1030.74945566209
"7901009",68,0,1,0.028035,1,0.005607,1,141.390946856659,1,4.8507897867907,726,1,6.09299993515015,34.8730010986328,0.0280349999666214,0,136.343307495117,-86.7109,26.8761,13.9076014950407,63,63,63,63,61,63,0,7818,1.13366707078925,27,-87,0.001869,51,2025-04-25 04:18:15.000455,726,1.037,0.0011,"aoml_navis",1030.75998337747
"7901009",68,0,1,0.031773,1,0.009345,1,141.620121401637,1,4.85074297994835,728,1,6.08699989318848,34.8730010986328,0.0317730009555817,0,136.564300537109,-86.7109,26.8761,13.9076014950407,63,63,63,63,61,63,0,7818,1.13366707078925,27,-87,0.001869,51,2025-04-25 04:18:15.000455,728,1.037,0.0011,"aoml_navis",1030.7699296105
"7901009",68,0,1,0.031773,1,0.009345,1,141.8639170389,1,4.85068701791976,730,1,6.07299995422363,34.8740005493164,0.0317730009555817,0,136.799392700195,-86.7109,26.8761,13.9076014950407,63,63,63,63,61,63,0,7818,1.13366707078925,27,-87,0.001869,51,2025-04-25 04:18:15.000455,730,1.037,0.0011,"aoml_navis",1030.78182152933
"7901009",68,0,1,0.026166,1,0.003738,1,142.098503286867,1,4.85063953321512,732,1,6.06599998474121,34.8740005493164,0.0261659994721413,0,137.025604248047,-86.7109,26.8761,13.9076014950407,63,63,63,63,61,63,0,7818,1.13366707078925,27,-87,0.001869,51,2025-04-25 04:18:15.000455,732,1.037,0.0011,"aoml_navis",1030.79191223387
"7901009",68,0,1,0.031773,1,0.009345,1,142.46217922191,1,4.8505865909193,734,1,6.05100011825562,34.8740005493164,0.0317730009555817,0,137.37629699707,-86.7109,26.8761,13.9076014950407,63,63,63,63,61,63,0,7818,1.13366707078925,27,-87,0.001869,51,2025-04-25 04:18:15.000455,734,1.037,0.0011,"aoml_navis",1030.803162933
"7901009",68,0,1,0.029904,1,0.007476,1,142.783352717693,1,4.85053337406626,736,1,6.04099988937378,34.875,0.0299040004611015,0,137.686004638672,-86.7109,26.8761,13.9076014950407,63,63,63,63,61,63,0,7818,1.13366707078925,27,-87,0.001869,51,2025-04-25 04:18:15.000455,736,1.037,0.0011,"aoml_navis",1030.81447222544
"7901009",68,0,1,0.029904,1,0.007476,1,143.172441503612,1,4.85048044497419,738,1,6.02600002288818,34.875,0.0299040004611015,0,138.06120300293,-86.7109,26.8761,13.9076014950407,63,63,63,63,61,63,0,7818,1.13366707078925,27,-87,0.001869,51,2025-04-25 04:18:15.000455,738,1.037,0.0011,"aoml_navis",1030.82572061098
"7901009",68,0,1,0.029904,1,0.007476,1,143.245863438895,1,4.85042655598741,740,1,6.0149998664856,34.8759994506836,0.0299040004611015,0,138.13200378418,-86.7109,26.8761,13.9076014950407,63,63,63,63,61,63,0,7818,1.13366707078925,27,-87,0.001869,51,2025-04-25 04:18:15.000455,740,1.037,0.0011,"aoml_navis",1030.83717324365
"7901009",68,0,1,0.035511,1,0.013083,1,143.337941508164,1,4.85038686441786,742,1,6.01399993896484,34.875,0.0355109982192516,0,138.220794677734,-86.7109,26.8761,13.9076014950407,63,63,63,63,61,63,0,7818,1.13366707078925,27,-87,0.001869,51,2025-04-25 04:18:15.000455,742,1.037,0.0011,"aoml_navis",1030.8456087657
"7901009",68,0,1,0.028035,1,0.005607,1,143.528237239567,1,4.85033735330065,744,1,6.00400018692017,34.875,0.0280349999666214,0,138.404296875,-86.7109,26.8761,13.9076014950407,63,63,63,63,61,63,0,7818,1.13366707078925,27,-87,0.001869,51,2025-04-25 04:18:15.000455,744,1.037,0.0011,"aoml_navis",1030.85613139826
"7901009",68,0,1,0.031773,1,0.009345,1,143.649051135231,1,4.8502729787157,746,1,5.98299980163574,34.8769989013672,0.0317730009555817,0,138.520797729492,-86.7109,26.8761,13.9076014950407,63,63,63,63,61,63,0,7818,1.13366707078925,27,-87,0.001869,51,2025-04-25 04:18:15.000455,746,1.037,0.0011,"aoml_navis",1030.86981329532
"7901009",68,0,1,0.029904,1,0.007476,1,143.70630125632,1,4.85022270340849,748.099975585938,1,5.97499990463257,34.8769989013672,0.0299040004611015,0,138.57600402832,-86.7109,26.8761,13.9076014950407,63,63,63,63,61,63,0,7818,1.13366707078925,27,-87,0.001869,51,2025-04-25 04:18:15.000455,748.099975585938,1.037,0.0011,"aoml_navis",1030.88049884519
"7901009",68,0,1,0.031773,1,0.009345,1,143.866199673568,1,4.85017669975362,750,1,5.96700000762939,34.8769989013672,0.0317730009555817,0,138.730194091797,-86.7109,26.8761,13.9076014950407,63,63,63,63,61,63,0,7818,1.13366707078925,27,-87,0.001869,51,2025-04-25 04:18:15.000455,750,1.037,0.0011,"aoml_navis",1030.89027668909
"7901009",68,0,1,0.028035,1,0.005607,1,144.06314135601,1,4.85013264188492,752,1,5.96500015258789,34.8769989013672,0.0280349999666214,0,138.920104980469,-86.7109,26.8761,13.9076014950407,63,63,63,63,61,63,0,7818,1.13366707078925,27,-87,0.001869,51,2025-04-25 04:18:15.000455,752,1.037,0.0011,"aoml_navis",1030.89964113988
"7901009",68,0,1,0.031773,1,0.009345,1,144.355468259547,1,4.85008246916425,754,1,5.9539999961853,34.8769989013672,0.0317730009555817,0,139.201995849609,-86.7109,26.8761,13.9076014950407,63,63,63,63,61,63,0,7818,1.13366707078925,27,-87,0.001869,51,2025-04-25 04:18:15.000455,754,1.037,0.0011,"aoml_navis",1030.91030550282
"7901009",68,0,1,0.029904,1,0.007476,1,144.652573918354,1,4.85003395534594,756,1,5.94000005722046,34.8759994506836,0.0299040004611015,0,139.488494873047,-86.7109,26.8761,13.9076014950407,63,63,63,63,61,63,0,7818,1.13366707078925,27,-87,0.001869,51,2025-04-25 04:18:15.000455,756,1.037,0.0011,"aoml_navis",1030.92061747089
"7901009",68,0,1,0.028035,1,0.005607,1,144.997704485262,1,4.84998243549798,758,1,5.92700004577637,34.8759994506836,0.0280349999666214,0,139.821304321289,-86.7109,26.8761,13.9076014950407,63,63,63,63,61,63,0,7818,1.13366707078925,27,-87,0.001869,51,2025-04-25 04:18:15.000455,758,1.037,0.0011,"aoml_navis",1030.93156861848
"7901009",68,0,1,0.028035,1,0.005607,1,145.464361014016,1,4.84993092161123,760,1,5.91400003433228,34.8759994506836,0.0280349999666214,0,140.271301269531,-86.7109,26.8761,13.9076014950407,63,63,63,63,61,63,0,7818,1.13366707078925,27,-87,0.001869,51,2025-04-25 04:18:15.000455,760,1.037,0.0011,"aoml_navis",1030.94251873157
"7901009",68,0,1,0.031773,1,0.009345,1,145.808336451338,1,4.84987873625637,762,1,5.90000009536743,34.8759994506836,0.0317730009555817,0,140.602996826172,-86.7109,26.8761,13.9076014950407,63,63,63,63,61,63,0,7818,1.13366707078925,27,-87,0.001869,51,2025-04-25 04:18:15.000455,762,1.037,0.0011,"aoml_navis",1030.9536118133
"7901009",68,0,1,0.028035,1,0.005607,1,146.076199925576,1,4.84982994292786,764,1,5.89099979400635,34.8759994506836,0.0280349999666214,0,140.861297607422,-86.7109,26.8761,13.9076014950407,63,63,63,63,61,63,0,7818,1.13366707078925,27,-87,0.001869,51,2025-04-25 04:18:15.000455,764,1.037,0.0011,"aoml_navis",1030.96398406528
"7901009",68,0,1,0.031773,1,0.009345,1,146.362323941477,1,4.84977979934054,766,1,5.88000011444092,34.8759994506836,0.0317730009555817,0,141.13720703125,-86.7109,26.8761,13.9076014950407,63,63,63,63,61,63,0,7818,1.13366707078925,27,-87,0.001869,51,2025-04-25 04:18:15.000455,766,1.037,0.0011,"aoml_navis",1030.97464356627
"7901009",68,0,1,0.028035,1,0.005607,1,146.711695258095,1,4.84973371956858,768,1,5.875,34.8759994506836,0.0280349999666214,0,141.474105834961,-86.7109,26.8761,13.9076014950407,63,63,63,63,61,63,0,7818,1.13366707078925,27,-87,0.001869,51,2025-04-25 04:18:15.000455,768,1.037,0.0011,"aoml_navis",1030.98443937759
"7901009",68,0,1,0.028035,1,0.005607,1,147.161547024938,1,4.84968290580897,770,1,5.86299991607666,34.8759994506836,0.0280349999666214,0,141.907897949219,-86.7109,26.8761,13.9076014950407,63,63,63,63,61,63,0,7818,1.13366707078925,27,-87,0.001869,51,2025-04-25 04:18:15.000455,770,1.037,0.0011,"aoml_navis",1030.99524177364
"7901009",68,0,1,0.031773,1,0.009345,1,147.67932990561,1,4.84962029814376,772,1,5.83900022506714,34.8769989013672,0.0317730009555817,0,142.407196044922,-86.7109,26.8761,13.9076014950407,63,63,63,63,61,63,0,7818,1.13366707078925,27,-87,0.001869,51,2025-04-25 04:18:15.000455,772,1.037,0.0011,"aoml_navis",1031.0085517239
"7901009",68,0,1,0.031773,1,0.009345,1,148.103056755394,1,4.84956612520233,774,1,5.82200002670288,34.8769989013672,0.0317730009555817,0,142.815795898438,-86.7109,26.8761,13.9076014950407,63,63,63,63,61,63,0,7818,1.13366707078925,27,-87,0.001869,51,2025-04-25 04:18:15.000455,774,1.037,0.0011,"aoml_navis",1031.0200687884
"7901009",68,0,1,0.028035,1,0.005607,1,148.485831887827,1,4.84951061478744,776,1,5.80299997329712,34.8769989013672,0.0280349999666214,0,143.184906005859,-86.7109,26.8761,13.9076014950407,63,63,63,63,61,63,0,7818,1.13366707078925,27,-87,0.001869,51,2025-04-25 04:18:15.000455,776,1.037,0.0011,"aoml_navis",1031.03187046414
"7901009",68,0,1,0.031773,1,0.009345,1,148.774946581695,1,4.84945075305606,778,1,5.78299999237061,34.8779983520508,0.0317730009555817,0,143.46369934082,-86.7109,26.8761,13.9076014950407,63,63,63,63,61,63,0,7818,1.13366707078925,27,-87,0.001869,51,2025-04-25 04:18:15.000455,778,1.037,0.0011,"aoml_navis",1031.04459754521
"7901009",68,0,1,0.031773,1,0.009345,1,148.947203303136,1,4.84940065051559,780,1,5.77199983596802,34.8779983520508,0.0317730009555817,0,143.629806518555,-86.7109,26.8761,13.9076014950407,63,63,63,63,61,63,0,7818,1.13366707078925,27,-87,0.001869,51,2025-04-25 04:18:15.000455,780,1.037,0.0011,"aoml_navis",1031.05524998608
"7901009",68,0,1,0.031773,1,0.009345,1,149.208420826336,1,4.8493552608534,782,1,5.76800012588501,34.8779983520508,0.0317730009555817,0,143.881698608398,-86.7109,26.8761,13.9076014950407,63,63,63,63,61,63,0,7818,1.13366707078925,27,-87,0.001869,51,2025-04-25 04:18:15.000455,782,1.037,0.0011,"aoml_navis",1031.06490059878
"7901009",68,0,1,0.028035,1,0.005607,1,149.514656755975,1,4.84930011433046,784,1,5.75500011444092,34.8790016174316,0.0280349999666214,0,144.177001953125,-86.7109,26.8761,13.9076014950407,63,63,63,63,61,63,0,7818,1.13366707078925,27,-87,0.001869,51,2025-04-25 04:18:15.000455,784,1.037,0.0011,"aoml_navis",1031.0766259288
"7901009",68,0,1,0.028035,1,0.005607,1,149.799008518265,1,4.84925136692737,786,1,5.74599981307983,34.8790016174316,0.0280349999666214,0,144.451202392578,-86.7109,26.8761,13.9076014950407,63,63,63,63,61,63,0,7818,1.13366707078925,27,-87,0.001869,51,2025-04-25 04:18:15.000455,786,1.037,0.0011,"aoml_navis",1031.08699089116
"7901009",68,0,1,0.028035,1,0.005607,1,150.244303061539,1,4.84920127947853,788,1,5.7350001335144,34.8790016174316,0.0280349999666214,0,144.880599975586,-86.7109,26.8761,13.9076014950407,63,63,63,63,61,63,0,7818,1.13366707078925,27,-87,0.001869,51,2025-04-25 04:18:15.000455,788,1.037,0.0011,"aoml_navis",1031.09764099907
"7901009",68,0,1,0.031773,1,0.009345,1,150.556140578482,1,4.84914851083614,790,1,5.71999979019165,34.8790016174316,0.0317730009555817,0,145.181304931641,-86.7109,26.8761,13.9076014950407,63,63,63,63,61,63,0,7818,1.13366707078925,27,-87,0.001869,51,2025-04-25 04:18:15.000455,790,1.037,0.0011,"aoml_navis",1031.10886144789
"7901009",68,0,1,0.029904,1,0.007476,1,150.860082072643,1,4.84909205914735,792,1,5.70499992370605,34.8800010681152,0.0299040004611015,0,145.474395751953,-86.7109,26.8761,13.9076014950407,63,63,63,63,61,63,0,7818,1.13366707078925,27,-87,0.001869,51,2025-04-25 04:18:15.000455,792,1.037,0.0011,"aoml_navis",1031.12086531085
"7901009",68,0,1,0.031773,1,0.009345,1,151.106377853392,1,4.84903863677756,794,1,5.68900012969971,34.8800010681152,0.0317730009555817,0,145.711898803711,-86.7109,26.8761,13.9076014950407,63,63,63,63,61,63,0,7818,1.13366707078925,27,-87,0.001869,51,2025-04-25 04:18:15.000455,794,1.037,0.0011,"aoml_navis",1031.13222527811
"7901009",68,0,1,0.029904,1,0.007476,1,151.220973037728,1,4.84898991021067,796,1,5.67999982833862,34.8800010681152,0.0299040004611015,0,145.822402954102,-86.7109,26.8761,13.9076014950407,63,63,63,63,61,63,0,7818,1.13366707078925,27,-87,0.001869,51,2025-04-25 04:18:15.000455,796,1.037,0.0011,"aoml_navis",1031.14258692751
"7901009",68,0,1,0.031773,1,0.009345,1,151.37123482597,1,4.84894520492816,798,1,5.67700004577637,34.8800010681152,0.0317730009555817,0,145.967300415039,-86.7109,26.8761,13.9076014950407,63,63,63,63,61,63,0,7818,1.13366707078925,27,-87,0.001869,51,2025-04-25 04:18:15.000455,798,1.037,0.0011,"aoml_navis",1031.15209363849
"7901009",68,0,1,0.028035,1,0.005607,1,151.55260599455,1,4.84889346163063,800,1,5.66900014877319,34.8810005187988,0.0280349999666214,0,146.142196655273,-86.7109,26.8761,13.9076014950407,63,63,63,63,61,63,0,7818,1.13366707078925,27,-87,0.001869,51,2025-04-25 04:18:15.000455,800,1.037,0.0011,"aoml_navis",1031.16309722312
"7901009",68,0,1,0.029904,1,0.007476,1,151.672074876313,1,4.84884541186221,802,1,5.66099977493286,34.8810005187988,0.0299040004611015,0,146.257400512695,-86.7109,26.8761,13.9076014950407,63,63,63,63,61,63,0,7818,1.13366707078925,27,-87,0.001869,51,2025-04-25 04:18:15.000455,802,1.037,0.0011,"aoml_navis",1031.17331556251
"7901009",68,0,1,0.029904,1,0.007476,1,151.931852443455,1,4.84880004230777,804,1,5.65700006484985,34.8810005187988,0.0299040004611015,0,146.507904052734,-86.7109,26.8761,13.9076014950407,63,63,63,63,61,63,0,7818,1.13366707078925,27,-87,0.001869,51,2025-04-25 04:18:15.000455,804,1.037,0.0011,"aoml_navis",1031.18296410925
"7901009",68,0,1,0.028035,1,0.005607,1,152.249481432017,1,4.84875333563615,806,1,5.65100002288818,34.8810005187988,0.0280349999666214,0,146.814193725586,-86.7109,26.8761,13.9076014950407,63,63,63,63,61,63,0,7818,1.13366707078925,27,-87,0.001869,51,2025-04-25 04:18:15.000455,806,1.037,0.0011,"aoml_navis",1031.19289720355
"7901009",68,0,1,0.031773,1,0.009345,1,152.610894578968,1,4.8487032856085,808,1,5.6399998664856,34.8810005187988,0.0317730009555817,0,147.162704467773,-86.7109,26.8761,13.9076014950407,63,63,63,63,61,63,0,7818,1.13366707078925,27,-87,0.001869,51,2025-04-25 04:18:15.000455,808,1.037,0.0011,"aoml_navis",1031.2035415408
"7901009",68,0,1,0.031773,1,0.009345,1,153.035444260786,1,4.84864152987826,810,1,5.61700010299683,34.8819999694824,0.0317730009555817,0,147.57209777832,-86.7109,26.8761,13.9076014950407,63,63,63,63,61,63,0,7818,1.13366707078925,27,-87,0.001869,51,2025-04-25 04:18:15.000455,810,1.037,0.0011,"aoml_navis",1031.21667567896
"7901009",68,0,1,0.031773,1,0.009345,1,153.256849372526,1,4.84859082521241,812,1,5.60500001907349,34.8819999694824,0.0317730009555817,0,147.785598754883,-86.7109,26.8761,13.9076014950407,63,63,63,63,61,63,0,7818,1.13366707078925,27,-87,0.001869,51,2025-04-25 04:18:15.000455,812,1.037,0.0011,"aoml_navis",1031.22745973949
"7901009",68,0,1,0.028035,1,0.005607,1,153.501072249499,1,4.8485384364835,814,1,5.59600019454956,34.882999420166,0.0280349999666214,0,148.021102905273,-86.7109,26.8761,13.9076014950407,63,63,63,63,61,63,0,7818,1.13366707078925,27,-87,0.001869,51,2025-04-25 04:18:15.000455,814,1.037,0.0011,"aoml_navis",1031.23860220986
"7901009",68,0,1,0.028035,1,0.005607,1,153.63297855392,1,4.84849241033996,816,1,5.59100008010864,34.882999420166,0.0280349999666214,0,148.148300170898,-86.7109,26.8761,13.9076014950407,63,63,63,63,61,63,0,7818,1.13366707078925,27,-87,0.001869,51,2025-04-25 04:18:15.000455,816,1.037,0.0011,"aoml_navis",1031.24839163137
"7901009",68,0,1,0.031773,1,0.009345,1,153.746007192654,1,4.84844772045867,818,1,5.58799982070923,34.882999420166,0.0317730009555817,0,148.257293701172,-86.7109,26.8761,13.9076014950407,63,63,63,63,61,63,0,7818,1.13366707078925,27,-87,0.001869,51,2025-04-25 04:18:15.000455,818,1.037,0.0011,"aoml_navis",1031.2578970176
"7901009",68,0,1,0.029904,1,0.007476,1,153.815188378226,1,4.84840303271311,820,1,5.58500003814697,34.882999420166,0.0299040004611015,0,148.324005126953,-86.7109,26.8761,13.9076014950407,63,63,63,63,61,63,0,7818,1.13366707078925,27,-87,0.001869,51,2025-04-25 04:18:15.000455,820,1.037,0.0011,"aoml_navis",1031.26740212479
"7901009",68,0,1,0.029904,1,0.007476,1,154.031403318679,1,4.84835634461054,822,1,5.5789999961853,34.882999420166,0.0299040004611015,0,148.532501220703,-86.7109,26.8761,13.9076014950407,63,63,63,63,61,63,0,7818,1.13366707078925,27,-87,0.001869,51,2025-04-25 04:18:15.000455,822,1.037,0.0011,"aoml_navis",1031.27733289613
"7901009",68,0,1,0.029904,1,0.007476,1,154.214546740869,1,4.84830965849534,824,1,5.57299995422363,34.882999420166,0.0299040004611015,0,148.709106445312,-86.7109,26.8761,13.9076014950407,63,63,63,63,61,63,0,7818,1.13366707078925,27,-87,0.001869,51,2025-04-25 04:18:15.000455,824,1.037,0.0011,"aoml_navis",1031.287263436
"7901009",68,0,1,0.029904,1,0.007476,1,154.404525998413,1,4.848262974367,826,1,5.56699991226196,34.882999420166,0.0299040004611015,0,148.892303466797,-86.7109,26.8761,13.9076014950407,63,63,63,63,61,63,0,7818,1.13366707078925,27,-87,0.001869,51,2025-04-25 04:18:15.000455,826,1.037,0.0011,"aoml_navis",1031.29719374449
"7901009",68,0,1,0.029904,1,0.007476,1,154.619190216957,1,4.84821762643835,828,1,5.56300020217896,34.882999420166,0.0299040004611015,0,149.099304199219,-86.7109,26.8761,13.9076014950407,63,63,63,63,61,63,0,7818,1.13366707078925,27,-87,0.001869,51,2025-04-25 04:18:15.000455,828,1.037,0.0011,"aoml_navis",1031.3068400094
"7901009",68,0,1,0.029904,1,0.007476,1,154.977897512415,1,4.84816961206882,830,1,5.55499982833862,34.882999420166,0.0299040004611015,0,149.445205688477,-86.7109,26.8761,13.9076014950407,63,63,63,63,61,63,0,7818,1.13366707078925,27,-87,0.001869,51,2025-04-25 04:18:15.000455,830,1.037,0.0011,"aoml_navis",1031.31705366768
"7901009",68,0,1,0.031773,1,0.009345,1,155.455962923785,1,4.84811324504029,832,1,5.53999996185303,34.8839988708496,0.0317730009555817,0,149.906204223633,-86.7109,26.8761,13.9076014950407,63,63,63,63,61,63,0,7818,1.13366707078925,27,-87,0.001869,51,2025-04-25 04:18:15.000455,832,1.037,0.0011,"aoml_navis",1031.32904436898
"7901009",68,0,1,0.029904,1,0.007476,1,155.714585361341,1,4.84805991066497,834,1,5.52400016784668,34.8839988708496,0.0299040004611015,0,150.15559387207,-86.7109,26.8761,13.9076014950407,63,63,63,63,61,63,0,7818,1.13366707078925,27,-87,0.001869,51,2025-04-25 04:18:15.000455,834,1.037,0.0011,"aoml_navis",1031.3403902045
"7901009",68,0,1,0.031773,1,0.009345,1,156.01491905351,1,4.84800489029385,836,1,5.51100015640259,34.8849983215332,0.0317730009555817,0,150.445205688477,-86.7109,26.8761,13.9076014950407,63,63,63,63,61,63,0,7818,1.13366707078925,27,-87,0.001869,51,2025-04-25 04:18:15.000455,836,1.037,0.0011,"aoml_navis",1031.35209496394
"7901009",68,0,1,0.031773,1,0.009345,1,156.22398168475,1,4.84795556067039,838,1,5.50099992752075,34.8849983215332,0.0317730009555817,0,150.64680480957,-86.7109,26.8761,13.9076014950407,63,63,63,63,61,63,0,7818,1.13366707078925,27,-87,0.001869,51,2025-04-25 04:18:15.000455,838,1.037,0.0011,"aoml_navis",1031.36258932798
"7901009",68,0,1,0.028035,1,0.005607,1,156.488110767453,1,4.84790822893951,840,1,5.49399995803833,34.8849983215332,0.0280349999666214,0,150.901504516602,-86.7109,26.8761,13.9076014950407,63,63,63,63,61,63,0,7818,1.13366707078925,27,-87,0.001869,51,2025-04-25 04:18:15.000455,840,1.037,0.0011,"aoml_navis",1031.37265886194
"7901009",68,0,1,0.033642,1,0.011214,1,156.724864861353,1,4.84786023490078,842,1,5.48600006103516,34.8849983215332,0.0336420014500618,0,151.129806518555,-86.7109,26.8761,13.9076014950407,63,63,63,63,61,63,0,7818,1.13366707078925,27,-87,0.001869,51,2025-04-25 04:18:15.000455,842,1.037,0.0011,"aoml_navis",1031.38286949858
"7901009",68,0,1,0.031773,1,0.009345,1,157.001431366713,1,4.84780588192554,844,1,5.47399997711182,34.8860015869141,0.0317730009555817,0,151.396499633789,-86.7109,26.8761,13.9076014950407,63,63,63,63,61,63,0,7818,1.13366707078925,27,-87,0.001869,51,2025-04-25 04:18:15.000455,844,1.037,0.0011,"aoml_navis",1031.39443323048
"7901009",68,0,1,0.033642,1,0.011214,1,157.195762139818,1,4.84775922189377,846,1,5.46799993515015,34.8860015869141,0.0336420014500618,0,151.583892822266,-86.7109,26.8761,13.9076014950407,63,63,63,63,61,63,0,7818,1.13366707078925,27,-87,0.001869,51,2025-04-25 04:18:15.000455,846,1.037,0.0011,"aoml_navis",1031.40436047621
"7901009",68,0,1,0.026166,1,0.003738,1,157.358382232253,1,4.84771455614027,848,1,5.46500015258789,34.8860015869141,0.0261659994721413,0,151.740707397461,-86.7109,26.8761,13.9076014950407,63,63,63,63,61,63,0,7818,1.13366707078925,27,-87,0.001869,51,2025-04-25 04:18:15.000455,848,1.037,0.0011,"aoml_navis",1031.41386360442
"7901009",68,0,1,0.029904,1,0.007476,1,157.673004719155,1,4.84766789975623,850,1,5.45900011062622,34.8860015869141,0.0299040004611015,0,152.044097900391,-86.7109,26.8761,13.9076014950407,63,63,63,63,61,63,0,7818,1.13366707078925,27,-87,0.001869,51,2025-04-25 04:18:15.000455,850,1.037,0.0011,"aoml_navis",1031.42379044807
"7901009",68,0,1,0.033642,1,0.011214,1,157.943257571028,1,4.84761290920976,852,1,5.44600009918213,34.8870010375977,0.0336420014500618,0,152.304702758789,-86.7109,26.8761,13.9076014950407,63,63,63,63,61,63,0,7818,1.13366707078925,27,-87,0.001869,51,2025-04-25 04:18:15.000455,852,1.037,0.0011,"aoml_navis",1031.43549075478
"7901009",68,0,1,0.029904,1,0.007476,1,158.086367050058,1,4.84756161459056,854,1,5.43300008773804,34.8870010375977,0.0299040004611015,0,152.44270324707,-86.7109,26.8761,13.9076014950407,63,63,63,63,61,63,0,7818,1.13366707078925,27,-87,0.001869,51,2025-04-25 04:18:15.000455,854,1.037,0.0011,"aoml_navis",1031.44640492049
"7901009",68,0,1,0.031773,1,0.009345,1,158.25186705461,1,4.8475176182134,856,1,5.43100023269653,34.8870010375977,0.0317730009555817,0,152.602294921875,-86.7109,26.8761,13.9076014950407,63,63,63,63,61,63,0,7818,1.13366707078925,27,-87,0.001869,51,2025-04-25 04:18:15.000455,856,1.037,0.0011,"aoml_navis",1031.45576639344
"7901009",68,0,4,0.022428,1,0,1,158.526265714036,1,4.84747362347845,858,1,5.42899990081787,34.8870010375977,0.0224280003458261,0,152.866897583008,-86.7109,26.8761,13.9076014950407,63,63,63,63,61,63,0,7818,1.13366707078925,27,-87,0.001869,51,2025-04-25 04:18:15.000455,858,1.037,0.0011,"aoml_navis",1031.46512768688
"7901009",68,0,1,0.028035,1,0.005607,1,158.889530233062,1,4.84742697767316,860,1,5.4229998588562,34.8870010375977,0.0280349999666214,0,153.217193603516,-86.7109,26.8761,13.9076014950407,63,63,63,63,61,63,0,7818,1.13366707078925,27,-87,0.001869,51,2025-04-25 04:18:15.000455,860,1.037,0.0011,"aoml_navis",1031.47505326632
"7901009",68,0,1,0.031773,1,0.009345,1,159.401822292281,1,4.84737370552952,862,1,5.40700006484985,34.8870010375977,0.0317730009555817,0,153.711196899414,-86.7109,26.8761,13.9076014950407,63,63,63,63,61,63,0,7818,1.13366707078925,27,-87,0.001869,51,2025-04-25 04:18:15.000455,862,1.037,0.0011,"aoml_navis",1031.48638907216
"7901009",68,0,1,0.033642,1,0.011214,1,159.862054401699,1,4.84731741466191,864,1,5.39200019836426,34.8880004882812,0.0336420014500618,0,154.154998779297,-86.7109,26.8761,13.9076014950407,63,63,63,63,61,63,0,7818,1.13366707078925,27,-87,0.001869,51,2025-04-25 04:18:15.000455,864,1.037,0.0011,"aoml_navis",1031.49836750452
"7901009",68,0,1,0.026166,1,0.003738,1,160.485507903883,1,4.84726614446919,866,1,5.37900018692017,34.8880004882812,0.0261659994721413,0,154.756195068359,-86.7109,26.8761,13.9076014950407,63,63,63,63,61,63,0,7818,1.13366707078925,27,-87,0.001869,51,2025-04-25 04:18:15.000455,866,1.037,0.0011,"aoml_navis",1031.50927780293
"7901009",68,0,1,0.031773,1,0.009345,1,160.9690799604,1,4.84720061840646,868,1,5.34999990463257,34.8889999389648,0.0317730009555817,0,155.222503662109,-86.7109,26.8761,13.9076014950407,63,63,63,63,61,63,0,7818,1.13366707078925,27,-87,0.001869,51,2025-04-25 04:18:15.000455,868,1.037,0.0011,"aoml_navis",1031.52322208685
"7901009",68,0,1,0.026166,1,0.003738,1,161.375590632256,1,4.847148317439,870,1,5.34100008010864,34.8899993896484,0.0261659994721413,0,155.614501953125,-86.7109,26.8761,13.9076014950407,63,63,63,63,61,63,0,7818,1.13366707078925,27,-87,0.001869,51,2025-04-25 04:18:15.000455,870,1.037,0.0011,"aoml_navis",1031.53435227288
"7901009",68,0,1,0.026166,1,0.003738,1,161.678503586375,1,4.84710036927979,872,1,5.33300018310547,34.8899993896484,0.0261659994721413,0,155.906600952148,-86.7109,26.8761,13.9076014950407,63,63,63,63,61,63,0,7818,1.13366707078925,27,-87,0.001869,51,2025-04-25 04:18:15.000455,872,1.037,0.0011,"aoml_navis",1031.54455634739
"7901009",68,0,1,0.031773,1,0.009345,1,161.952791479951,1,4.84704873357994,874,1,5.32499980926514,34.890998840332,0.0317730009555817,0,156.171096801758,-86.7109,26.8761,13.9076014950407,63,63,63,63,61,63,0,7818,1.13366707078925,27,-87,0.001869,51,2025-04-25 04:18:15.000455,874,1.037,0.0011,"aoml_navis",1031.55554541064
"7901009",68,0,1,0.028035,1,0.005607,1,162.210907559332,1,4.84700474849259,876,1,5.32299995422363,34.890998840332,0.0280349999666214,0,156.419998168945,-86.7109,26.8761,13.9076014950407,63,63,63,63,61,63,0,7818,1.13366707078925,27,-87,0.001869,51,2025-04-25 04:18:15.000455,876,1.037,0.0011,"aoml_navis",1031.56490646208
"7901009",68,0,1,0.033642,1,0.011214,1,162.389066518243,1,4.84696076536123,878,1,5.32100009918213,34.890998840332,0.0336420014500618,0,156.591796875,-86.7109,26.8761,13.9076014950407,63,63,63,63,61,63,0,7818,1.13366707078925,27,-87,0.001869,51,2025-04-25 04:18:15.000455,878,1.037,0.0011,"aoml_navis",1031.57426726712
"7901009",68,0,1,0.026166,1,0.003738,1,162.739893614612,1,4.84691414451272,880,1,5.31500005722046,34.890998840332,0.0261659994721413,0,156.930099487305,-86.7109,26.8761,13.9076014950407,63,63,63,63,61,63,0,7818,1.13366707078925,27,-87,0.001869,51,2025-04-25 04:18:15.000455,880,1.037,0.0011,"aoml_navis",1031.5841896355
"7901009",68,0,1,0.028035,1,0.005607,1,162.964305228013,1,4.84686422777362,882,1,5.30399990081787,34.890998840332,0.0280349999666214,0,157.146499633789,-86.7109,26.8761,13.9076014950407,63,63,63,63,61,63,0,7818,1.13366707078925,27,-87,0.001869,51,2025-04-25 04:18:15.000455,882,1.037,0.0011,"aoml_navis",1031.59481368364
"7901009",68,0,1,0.029904,1,0.007476,1,163.067285821724,1,4.84681128519641,884,1,5.29400014877319,34.8919982910156,0.0299040004611015,0,157.245803833008,-86.7109,26.8761,13.9076014950407,63,63,63,63,61,63,0,7818,1.13366707078925,27,-87,0.001869,51,2025-04-25 04:18:15.000455,884,1.037,0.0011,"aoml_navis",1031.6060819763
"7901009",68,0,1,0.031773,1,0.009345,1,163.225744282914,1,4.84676533025757,886,1,5.28900003433228,34.8919982910156,0.0317730009555817,0,157.39860534668,-86.7109,26.8761,13.9076014950407,63,63,63,63,61,63,0,7818,1.13366707078925,27,-87,0.001869,51,2025-04-25 04:18:15.000455,886,1.037,0.0011,"aoml_navis",1031.61586322032
"7901009",68,0,1,0.028035,1,0.005607,1,163.386987714062,1,4.84672201378355,888,1,5.28800010681152,34.8919982910156,0.0280349999666214,0,157.554092407227,-86.7109,26.8761,13.9076014950407,63,63,63,63,61,63,0,7818,1.13366707078925,27,-87,0.001869,51,2025-04-25 04:18:15.000455,888,1.037,0.0011,"aoml_navis",1031.62508305212
"7901009",68,0,1,0.028035,1,0.005607,1,163.623741807963,1,4.84668172903911,890,1,5.28599977493286,34.890998840332,0.0280349999666214,0,157.78239440918,-86.7109,26.8761,13.9076014950407,63,63,63,63,61,63,0,7818,1.13366707078925,27,-87,0.001869,51,2025-04-25 04:18:15.000455,890,1.037,0.0011,"aoml_navis",1031.63365773376
"7901009",68,0,1,0.028035,1,0.005607,1,163.922002596356,1,4.84662813552975,892,1,5.27500009536743,34.8919982910156,0.0280349999666214,0,158.070007324219,-86.7109,26.8761,13.9076014950407,63,63,63,63,61,63,0,7818,1.13366707078925,27,-87,0.001869,51,2025-04-25 04:18:15.000455,892,1.037,0.0011,"aoml_navis",1031.64506543135
"7901009",68,0,1,0.029904,1,0.007476,1,164.129704390002,1,4.84657889371271,894,1,5.2649998664856,34.8919982910156,0.0299040004611015,0,158.270294189453,-86.7109,26.8761,13.9076014950407,63,63,63,63,61,63,0,7818,1.13366707078925,27,-87,0.001869,51,2025-04-25 04:18:15.000455,894,1.037,0.0011,"aoml_navis",1031.65554706771
"7901009",68,0,1,0.028035,1,0.005607,1,164.343340068505,1,4.84653360694955,896,1,5.26100015640259,34.8919982910156,0.0280349999666214,0,158.476303100586,-86.7109,26.8761,13.9076014950407,63,63,63,63,61,63,0,7818,1.13366707078925,27,-87,0.001869,51,2025-04-25 04:18:15.000455,896,1.037,0.0011,"aoml_navis",1031.66518701746
"7901009",68,0,1,0.028035,1,0.005607,1,164.630286916439,1,4.84648832162889,898,1,5.25699996948242,34.8919982910156,0.0280349999666214,0,158.753005981445,-86.7109,26.8761,13.9076014950407,63,63,63,63,61,63,0,7818,1.13366707078925,27,-87,0.001869,51,2025-04-25 04:18:15.000455,898,1.037,0.0011,"aoml_navis",1031.6748268403
"7901009",68,0,1,0.031773,1,0.009345,1,164.943042207573,1,4.8464340674112,900,1,5.24499988555908,34.8930015563965,0.0317730009555817,0,159.054595947266,-86.7109,26.8761,13.9076014950407,63,63,63,63,61,63,0,7818,1.13366707078925,27,-87,0.001869,51,2025-04-25 04:18:15.000455,900,1.037,0.0011,"aoml_navis",1031.68637609689
"7901009",68,0,1,0.024297,1,0.001869,1,165.22946687364,1,4.84638615320682,902,1,5.23699998855591,34.8930015563965,0.0242970008403063,0,159.330795288086,-86.7109,26.8761,13.9076014950407,63,63,63,63,61,63,0,7818,1.13366707078925,27,-87,0.001869,51,2025-04-25 04:18:15.000455,902,1.037,0.0011,"aoml_navis",1031.69657595104
"7901009",68,0,1,0.029904,1,0.007476,1,165.533740665354,1,4.8463421897189,904,1,5.2350001335144,34.8930015563965,0.0299040004611015,0,159.624206542969,-86.7109,26.8761,13.9076014950407,63,63,63,63,61,63,0,7818,1.13366707078925,27,-87,0.001869,51,2025-04-25 04:18:15.000455,904,1.037,0.0011,"aoml_navis",1031.70593496412
"7901009",68,0,1,0.031773,1,0.009345,1,165.985143154105,1,4.84628795911605,906,1,5.22300004959106,34.8940010070801,0.0317730009555817,0,160.059494018555,-86.7109,26.8761,13.9076014950407,63,63,63,63,61,63,0,7818,1.13366707078925,27,-87,0.001869,51,2025-04-25 04:18:15.000455,906,1.037,0.0011,"aoml_navis",1031.7174798899
"7901009",68,0,1,0.028035,1,0.005607,1,166.327567869518,1,4.84623479307406,908,1,5.20699977874756,34.8940010070801,0.0280349999666214,0,160.389694213867,-86.7109,26.8761,13.9076014950407,63,63,63,63,61,63,0,7818,1.13366707078925,27,-87,0.001869,51,2025-04-25 04:18:15.000455,908,1.037,0.0011,"aoml_navis",1031.72879843661
"7901009",68,0,1,0.033642,1,0.011214,1,166.586728312635,1,4.84618320171327,910,1,5.19899988174438,34.8950004577637,0.0336420014500618,0,160.639602661133,-86.7109,26.8761,13.9076014950407,63,63,63,63,61,63,0,7818,1.13366707078925,27,-87,0.001869,51,2025-04-25 04:18:15.000455,910,1.037,0.0011,"aoml_navis",1031.73978198603
"7901009",68,0,1,0.031773,1,0.009345,1,166.981940867725,1,4.84613595844068,912,1,5.19199991226196,34.8950004577637,0.0317730009555817,0,161.020706176758,-86.7109,26.8761,13.9076014950407,63,63,63,63,61,63,0,7818,1.13366707078925,27,-87,0.001869,51,2025-04-25 04:18:15.000455,912,1.037,0.0011,"aoml_navis",1031.74984005377
"7901009",68,0,1,0.033642,1,0.011214,1,167.279774416408,1,4.84608043329423,914,1,5.17799997329712,34.8959999084473,0.0336420014500618,0,161.307907104492,-86.7109,26.8761,13.9076014950407,63,63,63,63,61,63,0,7818,1.13366707078925,27,-87,0.001869,51,2025-04-25 04:18:15.000455,914,1.037,0.0011,"aoml_navis",1031.76166157877
"7901009",68,0,1,0.026166,1,0.003738,1,167.52512077558,1,4.8460312274335,916,1,5.16800022125244,34.8959999084473,0.0261659994721413,0,161.544494628906,-86.7109,26.8761,13.9076014950407,63,63,63,63,61,63,0,7818,1.13366707078925,27,-87,0.001869,51,2025-04-25 04:18:15.000455,916,1.037,0.0011,"aoml_navis",1031.77213792905
"7901009",68,0,1,0.029904,1,0.007476,1,167.752032532467,1,4.84598399207524,918,1,5.16099977493286,34.8959999084473,0.0299040004611015,0,161.763305664062,-86.7109,26.8761,13.9076014950407,63,63,63,63,61,63,0,7818,1.13366707078925,27,-87,0.001869,51,2025-04-25 04:18:15.000455,918,1.037,0.0011,"aoml_navis",1031.78219494258
"7901009",68,0,1,0.026166,1,0.003738,1,167.934543006939,1,4.84593200537505,920.099975585938,1,5.15000009536743,34.8959999084473,0.0261659994721413,0,161.939300537109,-86.7109,26.8761,13.9076014950407,63,63,63,63,61,63,0,7818,1.13366707078925,27,-87,0.001869,51,2025-04-25 04:18:15.000455,920.099975585938,1.037,0.0011,"aoml_navis",1031.79326380438
"7901009",68,0,1,0.026166,1,0.003738,1,168.214021071801,1,4.84588108692506,922.099975585938,1,5.14300012588501,34.8969993591309,0.0261659994721413,0,162.208801269531,-86.7109,26.8761,13.9076014950407,63,63,63,63,61,63,0,7818,1.13366707078925,27,-87,0.001869,51,2025-04-25 04:18:15.000455,922.099975585938,1.037,0.0011,"aoml_navis",1031.80410544757
"7901009",68,0,1,0.031773,1,0.009345,1,168.411579878267,1,4.84583402512922,924,1,5.13299989700317,34.8969993591309,0.0317730009555817,0,162.399307250977,-86.7109,26.8761,13.9076014950407,63,63,63,63,61,63,0,7818,1.13366707078925,27,-87,0.001869,51,2025-04-25 04:18:15.000455,924,1.037,0.0011,"aoml_navis",1031.81412612799
"7901009",68,0,1,0.031773,1,0.009345,1,168.551461323935,1,4.84578680005438,926,1,5.12599992752075,34.8969993591309,0.0317730009555817,0,162.534194946289,-86.7109,26.8761,13.9076014950407,63,63,63,63,61,63,0,7818,1.13366707078925,27,-87,0.001869,51,2025-04-25 04:18:15.000455,926,1.037,0.0011,"aoml_navis",1031.82418177042
"7901009",68,0,1,0.031773,1,0.009345,1,168.628617650754,1,4.84573850844919,928,1,5.1230001449585,34.8979988098145,0.0317730009555817,0,162.608596801758,-86.7109,26.8761,13.9076014950407,63,63,63,63,61,63,0,7818,1.13366707078925,27,-87,0.001869,51,2025-04-25 04:18:15.000455,928,1.037,0.0011,"aoml_navis",1031.834464712
"7901009",68,0,1,0.029904,1,0.007476,1,168.786553930076,1,4.84569390674112,930,1,5.11999988555908,34.8979988098145,0.0299040004611015,0,162.760894775391,-86.7109,26.8761,13.9076014950407,63,63,63,63,61,63,0,7818,1.13366707078925,27,-87,0.001869,51,2025-04-25 04:18:15.000455,930,1.037,0.0011,"aoml_navis",1031.8439621298
"7901009",68,0,1,0.029904,1,0.007476,1,168.953936954089,1,4.84565061729841,932,1,5.11899995803833,34.8979988098145,0.0299040004611015,0,162.922302246094,-86.7109,26.8761,13.9076014950407,63,63,63,63,61,63,0,7818,1.13366707078925,27,-87,0.001869,51,2025-04-25 04:18:15.000455,932,1.037,0.0011,"aoml_navis",1031.85318028307
"7901009",68,0,1,0.028035,1,0.005607,1,169.171085492426,1,4.84560077917401,934,1,5.10799980163574,34.8979988098145,0.0280349999666214,0,163.131698608398,-86.7109,26.8761,13.9076014950407,63,63,63,63,61,63,0,7818,1.13366707078925,27,-87,0.001869,51,2025-04-25 04:18:15.000455,934,1.037,0.0011,"aoml_navis",1031.86379313162
"7901009",68,0,1,0.029904,1,0.007476,1,169.294288765726,1,4.84555290907902,936,1,5.09999990463257,34.8979988098145,0.0299040004611015,0,163.250503540039,-86.7109,26.8761,13.9076014950407,63,63,63,63,61,63,0,7818,1.13366707078925,27,-87,0.001869,51,2025-04-25 04:18:15.000455,936,1.037,0.0011,"aoml_navis",1031.87398710096
"7901009",68,0,1,0.026166,1,0.003738,1,169.50718073066,1,4.84550635038052,938,1,5.0939998626709,34.8979988098145,0.0261659994721413,0,163.455795288086,-86.7109,26.8761,13.9076014950407,63,63,63,63,61,63,0,7818,1.13366707078925,27,-87,0.001869,51,2025-04-25 04:18:15.000455,938,1.037,0.0011,"aoml_navis",1031.88390200074
"7901009",68,0,1,0.029904,1,0.007476,1,169.790092536892,1,4.84545652243327,940,1,5.08300018310547,34.8979988098145,0.0299040004611015,0,163.728607177734,-86.7109,26.8761,13.9076014950407,63,63,63,63,61,63,0,7818,1.13366707078925,27,-87,0.001869,51,2025-04-25 04:18:15.000455,940,1.037,0.0011,"aoml_navis",1031.89451331391
"7901009",68,0,1,0.028035,1,0.005607,1,170.277699635111,1,4.84539647471308,942,1,5.06199979782104,34.898998260498,0.0280349999666214,0,164.198806762695,-86.7109,26.8761,13.9076014950407,63,63,63,63,61,63,0,7818,1.13366707078925,27,-87,0.001869,51,2025-04-25 04:18:15.000455,942,1.037,0.0011,"aoml_navis",1031.90730131038
"7901009",68,0,1,0.033642,1,0.011214,1,170.792776664289,1,4.84534861774628,944,1,5.05399990081787,34.898998260498,0.0336420014500618,0,164.695495605469,-86.7109,26.8761,13.9076014950407,63,63,63,63,61,63,0,7818,1.13366707078925,27,-87,0.001869,51,2025-04-25 04:18:15.000455,944,1.037,0.0011,"aoml_navis",1031.91749334347
"7901009",68,0,1,0.028035,1,0.005607,1,171.288263961596,1,4.84528792553858,946,1,5.03200006484985,34.9000015258789,0.0280349999666214,0,165.173294067383,-86.7109,26.8761,13.9076014950407,63,63,63,63,61,63,0,7818,1.13366707078925,27,-87,0.001869,51,2025-04-25 04:18:15.000455,946,1.037,0.0011,"aoml_navis",1031.93041916992
"7901009",68,0,1,0.033642,1,0.011214,1,171.65972515357,1,4.84522531152427,948,1,5.00699996948242,34.9010009765625,0.0336420014500618,0,165.531494140625,-86.7109,26.8761,13.9076014950407,63,63,63,63,61,63,0,7818,1.13366707078925,27,-87,0.001869,51,2025-04-25 04:18:15.000455,948,1.037,0.0011,"aoml_navis",1031.94375462945
"7901009",68,0,1,0.028035,1,0.005607,1,171.891811258051,1,4.84518007262285,950,1,5.00299978256226,34.9010009765625,0.0280349999666214,0,165.755294799805,-86.7109,26.8761,13.9076014950407,63,63,63,63,61,63,0,7818,1.13366707078925,27,-87,0.001869,51,2025-04-25 04:18:15.000455,950,1.037,0.0011,"aoml_navis",1031.95338977223
"7901009",68,0,1,0.028035,1,0.005607,1,172.141224306311,1,4.84513288237813,952,1,4.99599981307983,34.9010009765625,0.0280349999666214,0,165.995803833008,-86.7109,26.8761,13.9076014950407,63,63,63,63,61,63,0,7818,1.13366707078925,27,-87,0.001869,51,2025-04-25 04:18:15.000455,952,1.037,0.0011,"aoml_navis",1031.96344071081
"7901009",68,0,1,0.026166,1,0.003738,1,172.367297407471,1,4.84508265719531,954,1,4.98999977111816,34.9020004272461,0.0261659994721413,0,166.213806152344,-86.7109,26.8761,13.9076014950407,63,63,63,63,61,63,0,7818,1.13366707078925,27,-87,0.001869,51,2025-04-25 04:18:15.000455,954,1.037,0.0011,"aoml_navis",1031.97413826875
"7901009",68,0,1,0.026166,1,0.003738,1,172.419563065281,1,4.84503807481394,956,1,4.98699998855591,34.9020004272461,0.0261659994721413,0,166.264205932617,-86.7109,26.8761,13.9076014950407,63,63,63,63,61,63,0,7818,1.13366707078925,27,-87,0.001869,51,2025-04-25 04:18:15.000455,956,1.037,0.0011,"aoml_navis",1031.98363414141
"7901009",68,0,1,0.031773,1,0.009345,1,172.601456415728,1,4.84499479625705,958,1,4.98600006103516,34.9020004272461,0.0317730009555817,0,166.439605712891,-86.7109,26.8761,13.9076014950407,63,63,63,63,61,63,0,7818,1.13366707078925,27,-87,0.001869,51,2025-04-25 04:18:15.000455,958,1.037,0.0011,"aoml_navis",1031.99285247173
"7901009",68,0,1,0.031773,1,0.009345,1,172.843179149214,1,4.84494826413346,960,1,4.98000001907349,34.9020004272461,0.0317730009555817,0,166.672698974609,-86.7109,26.8761,13.9076014950407,63,63,63,63,61,63,0,7818,1.13366707078925,27,-87,0.001869,51,2025-04-25 04:18:15.000455,960,1.037,0.0011,"aoml_navis",1032.00276399531
"7901009",68,0,1,0.028035,1,0.005607,1,173.165586893047,1,4.84490108311564,962,1,4.97300004959106,34.9020004272461,0.0280349999666214,0,166.983596801758,-86.7109,26.8761,13.9076014950407,63,63,63,63,61,63,0,7818,1.13366707078925,27,-87,0.001869,51,2025-04-25 04:18:15.000455,962,1.037,0.0011,"aoml_navis",1032.01281393027
"7901009",68,0,1,0.026166,1,0.003738,1,173.377861733956,1,4.84484501268424,964,1,4.95800018310547,34.9029998779297,0.0261659994721413,0,167.188293457031,-86.7109,26.8761,13.9076014950407,63,63,63,63,61,63,0,7818,1.13366707078925,27,-87,0.001869,51,2025-04-25 04:18:15.000455,964,1.037,0.0011,"aoml_navis",1032.02475763612
"7901009",68,0,1,0.029904,1,0.007476,1,173.475968630239,1,4.84479718693111,966,1,4.94999980926514,34.9029998779297,0.0299040004611015,0,167.282897949219,-86.7109,26.8761,13.9076014950407,63,63,63,63,61,63,0,7818,1.13366707078925,27,-87,0.001869,51,2025-04-25 04:18:15.000455,966,1.037,0.0011,"aoml_navis",1032.03494534045
"7901009",68,0,1,0.029904,1,0.007476,1,173.500748533397,1,4.84475326443012,968,1,4.94799995422363,34.9029998779297,0.0299040004611015,0,167.306793212891,-86.7109,26.8761,13.9076014950407,63,63,63,63,61,63,0,7818,1.13366707078925,27,-87,0.001869,51,2025-04-25 04:18:15.000455,968,1.037,0.0011,"aoml_navis",1032.04430176242
"7901009",68,0,1,0.033642,1,0.011214,1,173.591703120467,1,4.84470934387473,970,1,4.94600009918213,34.9029998779297,0.0336420014500618,0,167.394500732422,-86.7109,26.8761,13.9076014950407,63,63,63,63,61,63,0,7818,1.13366707078925,27,-87,0.001869,51,2025-04-25 04:18:15.000455,970,1.037,0.0011,"aoml_navis",1032.05365793958
"7901009",68,0,1,0.029904,1,0.007476,1,173.734907541654,1,4.84466607565984,972,1,4.94500017166138,34.9029998779297,0.0299040004611015,0,167.532592773438,-86.7109,26.8761,13.9076014950407,63,63,63,63,61,63,0,7818,1.13366707078925,27,-87,0.001869,51,2025-04-25 04:18:15.000455,972,1.037,0.0011,"aoml_navis",1032.06287531778
"7901009",68,0,1,0.028035,1,0.005607,1,173.934744959905,1,4.84462085784367,974,1,4.94099998474121,34.9029998779297,0.0280349999666214,0,167.725296020508,-86.7109,26.8761,13.9076014950407,63,63,63,63,61,63,0,7818,1.13366707078925,27,-87,0.001869,51,2025-04-25 04:18:15.000455,974,1.037,0.0011,"aoml_navis",1032.07250819324
"7901009",68,0,1,0.026166,1,0.003738,1,174.339087785827,1,4.84457564176768,976,1,4.93699979782104,34.9029998779297,0.0261659994721413,0,168.115203857422,-86.7109,26.8761,13.9076014950407,63,63,63,63,61,63,0,7818,1.13366707078925,27,-87,0.001869,51,2025-04-25 04:18:15.000455,976,1.037,0.0011,"aoml_navis",1032.08214087779
"7901009",68,0,1,0.031773,1,0.009345,1,174.823276966368,1,4.84452088832204,978,1,4.92399978637695,34.9039993286133,0.0317730009555817,0,168.582107543945,-86.7109,26.8761,13.9076014950407,63,63,63,63,61,63,0,7818,1.13366707078925,27,-87,0.001869,51,2025-04-25 04:18:15.000455,978,1.037,0.0011,"aoml_navis",1032.09380561301
"7901009",68,0,1,0.029904,1,0.007476,1,179.738131819973,1,4.84398194887509,1000,1,4.83279991149902,34.9070014953613,0.0299040004611015,0,173.321502685547,-86.7109,26.8761,13.9076014950407,63,63,63,63,61,63,0,7818,1.13366707078925,27,-87,0.001869,51,2025-04-25 04:18:15.000455,1000,1.037,0.0011,"aoml_navis",1032.20863594695
"7901009",68,0,1,0.031773,1,0.009345,1,184.802742103646,1,4.84280485475919,1049.80004882812,1,4.68650007247925,34.9129981994629,0.0317730009555817,0,178.205307006836,-86.7109,26.8761,13.9076014950407,63,63,63,63,61,63,0,7818,1.13366707078925,27,-87,0.001869,51,2025-04-25 04:18:15.000455,1049.80004882812,1.037,0.0011,"aoml_navis",1032.45952499745
"7901009",68,0,1,0.029904,1,0.007476,1,188.271058242639,1,4.84167266738709,1099.59997558594,1,4.59089994430542,34.9160003662109,0.0299040004611015,0,181.5498046875,-86.7109,26.8761,13.9076014950407,63,63,63,63,61,63,0,7818,1.13366707078925,27,-87,0.001869,51,2025-04-25 04:18:15.000455,1099.59997558594,1.037,0.0011,"aoml_navis",1032.70095760075
"7901009",68,0,1,0.031773,1,0.009345,1,191.34613978816,1,4.84054495937129,1149.59997558594,1,4.5128002166748,34.9199981689453,0.0317730009555817,0,184.515106201172,-86.7109,26.8761,13.9076014950407,63,63,63,63,61,63,0,7818,1.13366707078925,27,-87,0.001869,51,2025-04-25 04:18:15.000455,1149.59997558594,1.037,0.0011,"aoml_navis",1032.94154727765
"7901009",68,0,1,0.031773,1,0.009345,1,193.982446151902,1,4.83943533082363,1199.59997558594,1,4.4552001953125,34.9230003356934,0.0317730009555817,0,187.05729675293,-86.7109,26.8761,13.9076014950407,63,63,63,63,61,63,0,7818,1.13366707078925,27,-87,0.001869,51,2025-04-25 04:18:15.000455,1199.59997558594,1.037,0.0011,"aoml_navis",1033.17838925415
"7901009",68,0,1,0.031773,1,0.009345,1,195.757104963501,1,4.83836036176199,1248.80004882812,1,4.4173002243042,34.9249992370605,0.0317730009555817,0,188.768600463867,-86.7109,26.8761,13.9076014950407,63,63,63,63,61,63,0,7818,1.13366707078925,27,-87,0.001869,51,2025-04-25 04:18:15.000455,1248.80004882812,1.037,0.0011,"aoml_navis",1033.40793701839
"7901009",68,0,1,0.031773,1,0.009345,1,197.397673801052,1,4.83727413608385,1298.59997558594,1,4.37970018386841,34.9269981384277,0.0317730009555817,0,190.350601196289,-86.7109,26.8761,13.9076014950407,63,63,63,63,61,63,0,7818,1.13366707078925,27,-87,0.001869,51,2025-04-25 04:18:15.000455,1298.59997558594,1.037,0.0011,"aoml_navis",1033.63999213985
"7901009",68,0,1,0.028035,1,0.005607,1,198.645514403305,1,4.8361742497329,1350,1,4.35960006713867,34.9269981384277,0.0280349999666214,0,191.553894042969,-86.7109,26.8761,13.9076014950407,63,63,63,63,61,63,0,7818,1.13366707078925,27,-87,0.001869,51,2025-04-25 04:18:15.000455,1350,1.037,0.0011,"aoml_navis",1033.87507186619
"7901009",68,0,1,0.028035,1,0.005607,1,199.709404575028,1,4.83510653963476,1399.59997558594,1,4.33960008621216,34.9290008544922,0.0280349999666214,0,192.579803466797,-86.7109,26.8761,13.9076014950407,63,63,63,63,61,63,0,7818,1.13366707078925,27,-87,0.001869,51,2025-04-25 04:18:15.000455,1399.59997558594,1.037,0.0011,"aoml_navis",1034.10337683639
"7901009",68,0,1,0.031773,1,0.009345,1,200.531556189571,1,4.83403211203273,1450,1,4.32719993591309,34.9300003051758,0.0317730009555817,0,193.372604370117,-86.7109,26.8761,13.9076014950407,63,63,63,63,61,63,0,7818,1.13366707078925,27,-87,0.001869,51,2025-04-25 04:18:15.000455,1450,1.037,0.0011,"aoml_navis",1034.3332199954
"7901009",68,0,1,0.024297,1,0.001869,1,201.284953858251,1,4.83297807553473,1499.80004882812,1,4.31869983673096,34.9300003051758,0.0242970008403063,0,194.099105834961,-86.7109,26.8761,13.9076014950407,63,63,63,63,61,63,0,7818,1.13366707078925,27,-87,0.001869,51,2025-04-25 04:18:15.000455,1499.80004882812,1.037,0.0011,"aoml_navis",1034.55880036178
"7901009",68,0,4,0.024297,1,0.001869,1,202.157915350853,1,4.83192287823205,1549.40002441406,1,4.30550003051758,34.9309997558594,0.0242970008403063,0,194.940902709961,-86.7109,26.8761,13.9076014950407,63,63,63,63,61,63,0,7818,1.13366707078925,27,-87,0.001869,51,2025-04-25 04:18:15.000455,1549.40002441406,1.037,0.0011,"aoml_navis",1034.78472773751
"7901009",68,0,1,0.033642,1,0.011214,1,202.728992429377,1,4.83087041905176,1599.09997558594,1,4.29729986190796,34.931999206543,0.0336420014500618,0,195.491592407227,-86.7109,26.8761,13.9076014950407,63,63,63,63,61,63,0,7818,1.13366707078925,27,-87,0.001869,51,2025-04-25 04:18:15.000455,1599.09997558594,1.037,0.0011,"aoml_navis",1035.01016717013
"7901009",68,0,1,0.031773,1,0.009345,1,203.098080067409,1,4.82981240399614,1649.5,1,4.29489994049072,34.931999206543,0.0317730009555817,0,195.847503662109,-86.7109,26.8761,13.9076014950407,63,63,63,63,61,63,0,7818,1.13366707078925,27,-87,0.001869,51,2025-04-25 04:18:15.000455,1649.5,1.037,0.0011,"aoml_navis",1035.23689571526
"7901009",68,0,1,0.026166,1,0.003738,1,203.511948756486,1,4.82876334876682,1699.5,1,4.291100025177,34.931999206543,0.0261659994721413,0,196.246597290039,-86.7109,26.8761,13.9076014950407,63,63,63,63,61,63,0,7818,1.13366707078925,27,-87,0.001869,51,2025-04-25 04:18:15.000455,1699.5,1.037,0.0011,"aoml_navis",1035.46180230118
"7901009",68,0,1,0.026166,1,0.003738,1,203.752120768064,1,4.82771433193078,1749.5,1,4.29040002822876,34.9329986572266,0.0261659994721413,0,196.47819519043,-86.7109,26.8761,13.9076014950407,63,63,63,63,61,63,0,7818,1.13366707078925,27,-87,0.001869,51,2025-04-25 04:18:15.000455,1749.5,1.037,0.0011,"aoml_navis",1035.68679839437
"7901009",68,0,1,0.028035,1,0.005607,1,203.971769449887,1,4.82667523990785,1799.30004882812,1,4.29050016403198,34.9329986572266,0.0280349999666214,0,196.690002441406,-86.7109,26.8761,13.9076014950407,63,63,63,63,61,63,0,7818,1.13366707078925,27,-87,0.001869,51,2025-04-25 04:18:15.000455,1799.30004882812,1.037,0.0011,"aoml_navis",1035.90976220216
"7901009",68,0,1,0.026166,1,0.003738,1,204.268257984669,1,4.82563670121167,1849.09997558594,1,4.28919982910156,34.9329986572266,0.0261659994721413,0,196.97590637207,-86.7109,26.8761,13.9076014950407,63,63,63,63,61,63,0,7818,1.13366707078925,27,-87,0.001869,51,2025-04-25 04:18:15.000455,1849.09997558594,1.037,0.0011,"aoml_navis",1036.1327032233
"7901009",68,0,1,0.028035,1,0.005607,1,204.39704702158,1,4.82460146296988,1898.90002441406,1,4.29040002822876,34.9329986572266,0.0280349999666214,0,197.10009765625,-86.7109,26.8761,13.9076014950407,63,63,63,63,61,63,0,7818,1.13366707078925,27,-87,0.001869,51,2025-04-25 04:18:15.000455,1898.90002441406,1.037,0.0011,"aoml_navis",1036.35503126556
"7901009",68,0,1,0.024297,1,0.001869,1,204.6261266244,1,4.82356364097865,1948.69995117188,1,4.29090023040771,34.9339981079102,0.0242970008403063,0,197.320999145508,-86.7109,26.8761,13.9076014950407,63,63,63,63,61,63,0,7818,1.13366707078925,27,-87,0.001869,51,2025-04-25 04:18:15.000455,1948.69995117188,1.037,0.0011,"aoml_navis",1036.57800998466
"7901009",68,0,1,0.026166,1,0.003738,1,204.413123893616,1,4.82251876409208,1999.09997558594,1,4.29169988632202,34.9339981079102,0.0261659994721413,0,197.115600585938,-86.7109,26.8761,13.9076014950407,63,63,63,63,61,63,0,7818,1.13366707078925,27,-87,0.001869,51,2025-04-25 04:18:15.000455,1999.09997558594,1.037,0.0011,"aoml_navis",1036.80260141846
"7901009",69,0.0252077856547265,1,0.05607,1,0.033642,1,195.219159788198,1,4.88586607044379,2.09999990463257,1,27.8570003509521,36.2089996337891,0.0560699999332428,0.0878234058618546,188.249801635742,-87.3192,26.2957,59.5999121482071,63,63,63,63,61,63,0.033642,8046,1.33458767306251,26,-87,0.001869,51,2025-05-05 10:48:30.001143,2.09999990463257,1.037,0.0011,"aoml_navis",1023.36002008869
"7901009",69,0.0252077856547265,1,0.05607,1,0.033642,1,195.242594684704,1,4.88583036127223,4,1,27.8589992523193,36.2089996337891,0.0560699999332428,0.0878234058618546,188.272399902344,-87.3192,26.2957,59.5999121482071,63,63,63,63,61,63,0.033642,8046,1.33458767306251,26,-87,0.001869,51,2025-05-05 10:48:30.001143,4,1.037,0.0011,"aoml_navis",1023.36749954168
"7901009",69,0.0252077856547265,1,0.05607,1,0.033642,1,195.216042519723,1,4.88578948735073,6,1,27.8589992523193,36.2089996337891,0.0560699999332428,0.0878234058618546,188.246795654297,-87.3192,26.2957,59.5999121482071,63,63,63,63,61,63,0.033642,8046,1.33458767306251,26,-87,0.001869,51,2025-05-05 10:48:30.001143,6,1.037,0.0011,"aoml_navis",1023.3760609099
"7901009",69,0.0238073531183528,1,0.054201,1,0.031773,1,195.209000974183,1,4.88574861577197,8,1,27.8589992523193,36.2089996337891,0.0542009994387627,0.0878234058618546,188.240005493164,-87.3192,26.2957,59.5999121482071,63,63,63,63,61,63,0.031773,8046,1.33458767306251,26,-87,0.001869,51,2025-05-05 10:48:30.001143,8,1.037,0.0011,"aoml_navis",1023.38462193065
"7901009",69,0.0266082181911002,1,0.057939,1,0.035511,1,195.241771852417,1,4.88570618469787,10,1,27.8579998016357,36.2089996337891,0.0579390004277229,0.0878234058618546,188.271606445312,-87.3192,26.2957,59.5999121482071,63,63,63,63,61,63,0.035511,8046,1.33458767306251,26,-87,0.001869,51,2025-05-05 10:48:30.001143,10,1.037,0.0011,"aoml_navis",1023.39350975712
"7901009",69,0.0280086507274739,1,0.059808,1,0.03738,1,195.185566077677,1,4.88566687964178,12,1,27.8589992523193,36.2089996337891,0.0598080009222031,0.0878234058618546,188.217407226562,-87.3192,26.2957,59.5999121482071,63,63,63,63,61,63,0.03738,8046,1.33458767306251,26,-87,0.001869,51,2025-05-05 10:48:30.001143,12,1.037,0.0011,"aoml_navis",1023.40174292984
"7901009",69,0.0238073531183528,1,0.054201,1,0.031773,1,195.19955422657,1,4.88562914206482,14,1,27.8610000610352,36.2089996337891,0.0542009994387627,0.0878234058618546,188.230895996094,-87.3192,26.2957,59.5999121482071,63,63,63,63,61,63,0.031773,8046,1.33458767306251,26,-87,0.001869,51,2025-05-05 10:48:30.001143,14,1.037,0.0011,"aoml_navis",1023.40964788966
"7901009",69,0.0238073531183528,1,0.054201,1,0.031773,1,195.207434428096,1,4.88558827995954,16,1,27.8610000610352,36.2089996337891,0.0542009994387627,0.0878234058618546,188.238494873047,-87.3192,26.2957,59.5999121482071,63,63,63,63,61,63,0.031773,8046,1.33458767306251,26,-87,0.001869,51,2025-05-05 10:48:30.001143,16,1.037,0.0011,"aoml_navis",1023.41820748788
"7901009",69,0.0238073531183528,1,0.054201,1,0.031773,1,195.256282183339,1,4.88554273096454,18,1,27.8579998016357,36.2089996337891,0.0542009994387627,0.0878234058618546,188.285598754883,-87.3192,26.2957,59.5999121482071,63,63,63,63,61,63,0.031773,8046,1.33458767306251,26,-87,0.001869,51,2025-05-05 10:48:30.001143,18,1.037,0.0011,"aoml_navis",1023.42774904209
"7901009",69,0.0224069205819791,1,0.052332,1,0.029904,1,195.242072502676,1,4.88550187338537,20,1,27.8579998016357,36.2089996337891,0.0523319989442825,0.0878234058618546,188.271896362305,-87.3192,26.2957,59.5999121482071,63,63,63,63,61,63,0.029904,8046,1.33458767306251,26,-87,0.001869,51,2025-05-05 10:48:30.001143,20,1.037,0.0011,"aoml_navis",1023.43630799496
"7901009",69,0.0224069205819791,1,0.052332,1,0.029904,1,195.158380964782,1,4.88545789395302,22,1,27.8560009002686,36.2089996337891,0.0523319989442825,0.0878234058618546,188.191192626953,-87.3192,26.2957,59.5999121482071,63,63,63,63,61,63,0.029904,8046,1.33458767306251,26,-87,0.001869,51,2025-05-05 10:48:30.001143,22,1.037,0.0011,"aoml_navis",1023.44552108181
"7901009",69,0.0266082181911002,1,0.057939,1,0.035511,1,195.271219754103,1,4.88541704095151,24,1,27.8560009002686,36.2089996337891,0.0579390004277229,0.0878234058618546,188.300003051758,-87.3192,26.2957,59.5999121482071,63,63,63,63,61,63,0.035511,8046,1.33458767306251,26,-87,0.001869,51,2025-05-05 10:48:30.001143,24,1.037,0.0011,"aoml_navis",1023.45407937296
"7901009",69,0.0308095158002212,1,0.063546,1,0.041118,1,195.371288819265,1,4.885348059313,26,1,27.8379993438721,36.2089996337891,0.0635460019111633,0.0878234058618546,188.396499633789,-87.3192,26.2957,59.5999121482071,63,63,63,63,61,63,0.041118,8046,1.33458767306251,26,-87,0.001869,51,2025-05-05 10:48:30.001143,26,1.037,0.0011,"aoml_navis",1023.46853065432
"7901009",69,0.0308095158002212,1,0.063546,1,0.041118,1,195.44917306005,1,4.88527706334878,28,1,27.8209991455078,36.2099990844727,0.0635460019111633,0.0878234058618546,188.471603393555,-87.3192,26.2957,59.5999121482071,63,63,63,63,61,63,0.041118,8046,1.33458767306251,26,-87,0.001869,51,2025-05-05 10:48:30.001143,28,1.037,0.0011,"aoml_navis",1023.48340435222
"7901009",69,0.0350108134093423,1,0.069153,1,0.046725,1,195.439219954107,1,4.88522465809201,30,1,27.8090000152588,36.2080001831055,0.0691530033946037,0.0878234058618546,188.462005615234,-87.3192,26.2957,59.5999121482071,63,63,63,63,61,63,0.046725,8046,1.33458767306251,26,-87,0.001869,51,2025-05-05 10:48:30.001143,30,1.037,0.0011,"aoml_navis",1023.49438356287
"7901009",69,0.0378116784820897,1,0.072891,1,0.050463,1,195.415152109687,1,4.88517912722829,32,1,27.8059997558594,36.2080001831055,0.0728909969329834,0.0878234058618546,188.43879699707,-87.3192,26.2957,59.5999121482071,63,63,63,63,61,63,0.050463,8046,1.33458767306251,26,-87,0.001869,51,2025-05-05 10:48:30.001143,32,1.037,0.0011,"aoml_navis",1023.50392273883
"7901009",69,0.036411245945716,1,0.071022,1,0.048594,1,195.538972545312,1,4.88513672266071,34,1,27.8050003051758,36.2080001831055,0.0710219964385033,0.0878234058618546,188.558197021484,-87.3192,26.2957,59.5999121482071,63,63,63,63,61,63,0.048594,8046,1.33458767306251,26,-87,0.001869,51,2025-05-05 10:48:30.001143,34,1.037,0.0011,"aoml_navis",1023.51280708408
"7901009",69,0.0378116784820897,1,0.072891,1,0.050463,1,195.453730285029,1,4.88509385142495,36,1,27.8059997558594,36.2089996337891,0.0728909969329834,0.0878234058618546,188.475997924805,-87.3192,26.2957,59.5999121482071,63,63,63,63,61,63,0.050463,8046,1.33458767306251,26,-87,0.001869,51,2025-05-05 10:48:30.001143,36,1.037,0.0011,"aoml_navis",1023.52178935959
"7901009",69,0.036411245945716,1,0.071022,1,0.048594,1,195.479443794025,1,4.88505348090906,38,1,27.8040008544922,36.2080001831055,0.0710219964385033,0.0878234058618546,188.500793457031,-87.3192,26.2957,59.5999121482071,63,63,63,63,61,63,0.048594,8046,1.33458767306251,26,-87,0.001869,51,2025-05-05 10:48:30.001143,38,1.037,0.0011,"aoml_navis",1023.53024783457
"7901009",69,0.0420129760912108,1,0.078498,1,0.05607,1,195.365370756272,1,4.88500858541946,40,1,27.8059997558594,36.2099990844727,0.0784979984164238,0.0878234058618546,188.39079284668,-87.3192,26.2957,59.5999121482071,63,63,63,63,61,63,0.05607,8046,1.33458767306251,26,-87,0.001869,51,2025-05-05 10:48:30.001143,40,1.037,0.0011,"aoml_navis",1023.53965455122
"7901009",69,0.0434134086275845,1,0.080367,1,0.057939,1,195.406132601916,1,4.88496260045778,42,1,27.8050003051758,36.2109985351562,0.0803669989109039,0.0878234058618546,188.430099487305,-87.3192,26.2957,59.5999121482071,63,63,63,63,61,63,0.057939,8046,1.33458767306251,26,-87,0.001869,51,2025-05-05 10:48:30.001143,42,1.037,0.0011,"aoml_navis",1023.5492897185
"7901009",69,0.0448138411639582,1,0.082236,1,0.059808,1,195.458398275893,1,4.88491911220126,44,1,27.8010005950928,36.2099990844727,0.0822359994053841,0.0878234058618546,188.480499267578,-87.3192,26.2957,59.5999121482071,63,63,63,63,61,63,0.059808,8046,1.33458767306251,26,-87,0.001869,51,2025-05-05 10:48:30.001143,44,1.037,0.0011,"aoml_navis",1023.55840192139
"7901009",69,0.0504155713094529,1,0.089712,1,0.067284,1,195.394407241814,1,4.88488030806273,46,1,27.7999992370605,36.2089996337891,0.0897120013833046,0.0878234058618546,188.418792724609,-87.3192,26.2957,59.5999121482071,63,63,63,63,61,63,0.067284,8046,1.33458767306251,26,-87,0.001869,51,2025-05-05 10:48:30.001143,46,1.037,0.0011,"aoml_navis",1023.56653278633
"7901009",69,0.0490151387730792,1,0.087843,1,0.065415,1,195.331460571793,1,4.88483589075454,48,1,27.7999992370605,36.2099990844727,0.0878430008888245,0.0878234058618546,188.358093261719,-87.3192,26.2957,59.5999121482071,63,63,63,63,61,63,0.065415,8046,1.33458767306251,26,-87,0.001869,51,2025-05-05 10:48:30.001143,48,1.037,0.0011,"aoml_navis",1023.57583997109
"7901009",69,0.0574177339913214,1,0.099057,1,0.076629,1,195.289053061573,1,4.88478991525562,50,1,27.798999786377,36.2109985351562,0.0990569964051247,0.0878234058618546,188.317199707031,-87.3192,26.2957,59.5999121482071,63,63,63,63,61,63,0.076629,8046,1.33458767306251,26,-87,0.001869,51,2025-05-05 10:48:30.001143,50,1.037,0.0011,"aoml_navis",1023.58547383677
"7901009",69,0.0588181665276951,1,0.100926,1,0.078498,1,195.296616789142,1,4.88474753147024,52,1,27.7980003356934,36.2109985351562,0.100925996899605,0.0878430008888245,188.324493408203,-87.3192,26.2957,59.5999121482071,63,63,63,63,61,63,0.078498,8046,1.33458767306251,26,-87,0.001869,51,2025-05-05 10:48:30.001143,52,1.037,0.0011,"aoml_navis",1023.59435524298
"7901009",69,0.0658203292095636,1,0.110271,1,0.087843,1,195.19551918362,1,4.88470154713067,54,1,27.7970008850098,36.2120018005371,0.110270999372005,0.0971880033612251,188.227005004883,-87.3192,26.2957,59.5999121482071,63,63,63,63,61,63,0.087843,8046,1.33458767306251,26,-87,0.001869,51,2025-05-05 10:48:30.001143,54,1.037,0.0011,"aoml_navis",1023.60399130978
"7901009",69,0.0672207617459372,1,0.11214,1,0.089712,1,195.177670052453,1,4.88466072879175,56,1,27.7970008850098,36.2120018005371,0.112139999866486,0.0990569964051247,188.20979309082,-87.3192,26.2957,59.5999121482071,63,63,63,63,61,63,0.089712,8046,1.33458767306251,26,-87,0.001869,51,2025-05-05 10:48:30.001143,56,1.037,0.0011,"aoml_navis",1023.6125449877
"7901009",69,0.0714220593550583,1,0.117747,1,0.095319,1,195.140753365384,1,4.88461834895699,58,1,27.7959995269775,36.2120018005371,0.117747001349926,0.104663997888565,188.174194335938,-87.3192,26.2957,59.5999121482071,63,63,63,63,61,63,0.095319,8046,1.33458767306251,26,-87,0.001869,51,2025-05-05 10:48:30.001143,58,1.037,0.0011,"aoml_navis",1023.6214260358
"7901009",69,0.0742229244278057,1,0.121485,1,0.099057,1,195.14687713645,1,4.88456613945429,60,1,27.7910003662109,36.2130012512207,0.121485002338886,0.108401998877525,188.180099487305,-87.3192,26.2957,59.5999121482071,63,63,63,63,61,63,0.099057,8046,1.33458767306251,26,-87,0.001869,51,2025-05-05 10:48:30.001143,60,1.037,0.0011,"aoml_navis",1023.63236718474
"7901009",69,0.0812250871096742,1,0.13083,1,0.108402,1,195.218843314241,1,4.8845123693109,62,1,27.7849998474121,36.2140007019043,0.130830004811287,0.117747001349926,188.249496459961,-87.3192,26.2957,59.5999121482071,63,63,63,63,61,63,0.108402,8046,1.33458767306251,26,-87,0.001869,51,2025-05-05 10:48:30.001143,62,1.037,0.0011,"aoml_navis",1023.64363562977
"7901009",69,0.0924285474006637,1,0.145782,1,0.123354,1,195.295999664926,1,4.88441097808046,64.0999984741211,1,27.7590007781982,36.2190017700195,0.145781993865967,0.132698997855186,188.32389831543,-87.3192,26.2957,59.5999121482071,63,63,63,63,61,63,0.123354,8046,1.33458767306251,26,-87,0.001869,51,2025-05-05 10:48:30.001143,64.0999984741211,1.037,0.0011,"aoml_navis",1023.66488455584
"7901009",69,0.0952294124734111,1,0.14952,1,0.127092,1,195.265507399182,1,4.88430310657801,66,1,27.7169990539551,36.2200012207031,0.149519994854927,0.136436998844147,188.294494628906,-87.3192,26.2957,59.5999121482071,63,63,63,63,61,63,0.127092,8046,1.33458767306251,26,-87,0.001869,51,2025-05-05 10:48:30.001143,66,1.037,0.0011,"aoml_navis",1023.68749254447
"7901009",69,0.0994307100825322,1,0.155127,1,0.132699,1,195.014860025342,1,4.88424156266263,68,1,27.7059993743896,36.2210006713867,0.155127003788948,0.142043992877007,188.052795410156,-87.3192,26.2957,59.5999121482071,63,63,63,63,61,63,0.132699,8046,1.33458767306251,26,-87,0.001869,51,2025-05-05 10:48:30.001143,68,1.037,0.0011,"aoml_navis",1023.70039152492
"7901009",69,0.110634170373522,1,0.170079,1,0.147651,1,194.26198430565,1,4.88408622472854,70,1,27.6439990997314,36.226001739502,0.170078992843628,0.156995996832848,187.326797485352,-87.3192,26.2957,59.5999121482071,63,63,63,63,61,63,0.147651,8046,1.33458767306251,26,-87,0.001869,51,2025-05-05 10:48:30.001143,70,1.037,0.0011,"aoml_navis",1023.7329502261
"7901009",69,0.114835467982643,1,0.175686,1,0.153258,1,193.397108452623,1,4.8838264780187,72,1,27.5540008544922,36.2480010986328,0.175686001777649,0.162603005766869,186.492797851562,-87.3192,26.2957,59.5999121482071,63,63,63,63,61,63,0.153258,8046,1.33458767306251,26,-87,0.001869,51,2025-05-05 10:48:30.001143,72,1.037,0.0011,"aoml_navis",1023.78739754661
"7901009",69,0.123238063200885,1,0.1869,1,0.164472,1,192.196342965473,1,4.88367076871003,74,1,27.5170001983643,36.2639999389648,0.18690000474453,0.173816993832588,185.334899902344,-87.3192,26.2957,59.5999121482071,63,63,63,63,61,63,0.164472,8046,1.33458767306251,26,-87,0.001869,51,2025-05-05 10:48:30.001143,74,1.037,0.0011,"aoml_navis",1023.82003963807
"7901009",69,0.131640658419127,1,0.198114,1,0.175686,1,191.221239233268,1,4.88335853368913,76,1,27.4230003356934,36.298999786377,0.198113992810249,0.185030996799469,184.394607543945,-87.3192,26.2957,59.5999121482071,63,63,63,63,61,63,0.175686,8046,1.33458767306251,26,-87,0.001869,51,2025-05-05 10:48:30.001143,76,1.037,0.0011,"aoml_navis",1023.88550123981
"7901009",69,0.135841956028248,1,0.203721,1,0.181293,1,190.873307765087,1,4.88315812557873,78,1,27.3570003509521,36.314998626709,0.20372100174427,0.19063800573349,184.059097290039,-87.3192,26.2957,59.5999121482071,63,63,63,63,61,63,0.181293,8046,1.33458767306251,26,-87,0.001869,51,2025-05-05 10:48:30.001143,78,1.037,0.0011,"aoml_navis",1023.92752219291
"7901009",69,0.148445848855611,1,0.220542,1,0.198114,1,190.234710791221,1,4.88299489446735,80,1,27.3080005645752,36.3279991149902,0.220541998744011,0.207459002733231,183.443298339844,-87.3192,26.2957,59.5999121482071,63,63,63,63,61,63,0.198114,8046,1.33458767306251,26,-87,0.001869,51,2025-05-05 10:48:30.001143,80,1.037,0.0011,"aoml_navis",1023.96175053659
"7901009",69,0.156848444073854,1,0.231756,1,0.209328,1,189.072317771341,1,4.88277576844888,82,1,27.246000289917,36.351001739502,0.231756001710892,0.218673005700111,182.322402954102,-87.3192,26.2957,59.5999121482071,63,63,63,63,61,63,0.209328,8046,1.33458767306251,26,-87,0.001869,51,2025-05-05 10:48:30.001143,82,1.037,0.0011,"aoml_navis",1024.00770322254
"7901009",69,0.170852769437591,1,0.250446,1,0.228018,1,188.66341759537,1,4.88254342097631,84,1,27.1590003967285,36.367000579834,0.250445991754532,0.237362995743752,181.928100585938,-87.3192,26.2957,59.5999121482071,63,63,63,63,61,63,0.228018,8046,1.33458767306251,26,-87,0.001869,51,2025-05-05 10:48:30.001143,84,1.037,0.0011,"aoml_navis",1024.05643307115
"7901009",69,0.187657959874075,1,0.272874,1,0.250446,1,188.325138582873,1,4.88240875187274,86.0999984741211,1,27.125,36.3779983520508,0.272873997688293,0.259790986776352,181.601898193359,-87.3192,26.2957,59.5999121482071,63,63,63,63,61,63,0.250446,8046,1.33458767306251,26,-87,0.001869,51,2025-05-05 10:48:30.001143,86.0999984741211,1.037,0.0011,"aoml_navis",1024.08467912117
"7901009",69,0.194660122555943,1,0.282219,1,0.259791,1,187.71733452501,1,4.88231563056924,88,1,27.0990009307861,36.3819999694824,0.282218992710114,0.269136011600494,181.01579284668,-87.3192,26.2957,59.5999121482071,63,63,63,63,61,63,0.259791,8046,1.33458767306251,26,-87,0.001869,51,2025-05-05 10:48:30.001143,88,1.037,0.0011,"aoml_navis",1024.10421167651
"7901009",69,0.232471801038033,1,0.332682,1,0.310254,1,184.946320206067,1,4.88204193975017,90,1,27.0970001220703,36.4459991455078,0.332682013511658,0.319599002599716,178.343704223633,-87.3192,26.2957,59.5999121482071,63,63,63,63,61,63,0.310254,8046,1.33458767306251,26,-87,0.001869,51,2025-05-05 10:48:30.001143,90,1.037,0.0011,"aoml_navis",1024.16162370286
"7901009",69,0.252077856547265,1,0.358848,1,0.33642,1,183.690693958494,1,4.88185397929362,92,1,27.0620002746582,36.4720001220703,0.358848005533218,0.345764994621277,177.132904052734,-87.3192,26.2957,59.5999121482071,63,63,63,63,61,63,0.33642,8046,1.33458767306251,26,-87,0.001869,51,2025-05-05 10:48:30.001143,92,1.037,0.0011,"aoml_navis",1024.20105582992
"7901009",69,0.362712026920786,1,0.506499,1,0.484071,1,181.885447390028,1,4.88157088830343,94,1,26.9720001220703,36.5009994506836,0.506498992443085,0.493416011333466,175.392105102539,-87.3192,26.2957,59.5999121482071,63,63,63,63,61,63,0.484071,8046,1.33458767306251,26,-87,0.001869,51,2025-05-05 10:48:30.001143,94,1.037,0.0011,"aoml_navis",1024.26045107331
"7901009",69,0.505556145630903,1,0.697137,1,0.674709,1,180.073254218209,1,4.88123412378101,96,1,26.8349990844727,36.5250015258789,0.697136998176575,0.684054017066956,173.644607543945,-87.3192,26.2957,59.5999121482071,63,63,63,63,61,63,0.674709,8046,1.33458767306251,26,-87,0.001869,51,2025-05-05 10:48:30.001143,96,1.037,0.0011,"aoml_navis",1024.33111651834
"7901009",69,0.658203292095636,1,0.900858,1,0.87843,1,177.70085467164,1,4.88089718611493,98,1,26.7210006713867,36.5589981079102,0.900857985019684,0.887775003910065,171.356903076172,-87.3192,26.2957,59.5999121482071,63,63,63,63,61,63,0.87843,8046,1.33458767306251,26,-87,0.001869,51,2025-05-05 10:48:30.001143,98,1.037,0.0011,"aoml_navis",1024.40182805405
"7901009",69,0.582579935131456,1,0.799932,1,0.777504,1,174.806826925662,1,4.88062972265056,100,1,26.5909996032715,36.5670013427734,0.79993200302124,0.786849021911621,168.566192626953,-87.3192,26.2957,59.5999121482071,63,63,63,63,61,63,0.777504,8046,1.33458767306251,26,-87,0.001869,51,2025-05-05 10:48:30.001143,100,1.037,0.0011,"aoml_navis",1024.45796631436
"7901009",69,0.50835701070365,1,0.700875,1,0.678447,1,170.90555751716,1,4.88008693866024,102,1,26.4139995574951,36.6319999694824,0.700874984264374,0.687792003154755,164.80419921875,-87.3192,26.2957,59.5999121482071,63,63,63,63,61,63,0.678447,8046,1.33458767306251,26,-87,0.001869,51,2025-05-05 10:48:30.001143,102,1.037,0.0011,"aoml_navis",1024.57191087925
"7901009",69,0.46634403461244,1,0.644805,1,0.622377,1,168.693800151096,1,4.87956611524794,104,1,26.257999420166,36.7000007629395,0.644805014133453,0.631721973419189,162.671401977539,-87.3192,26.2957,59.5999121482071,63,63,63,63,61,63,0.622377,8046,1.33458767306251,26,-87,0.001869,51,2025-05-05 10:48:30.001143,104,1.037,0.0011,"aoml_navis",1024.6812691759
"7901009",69,0.410326733157492,1,0.570045,1,0.547617,1,167.372521381171,1,4.87919591728218,106,1,26.0629997253418,36.7099990844727,0.570044994354248,0.556962013244629,161.39729309082,-87.3192,26.2957,59.5999121482071,63,63,63,63,61,63,0.547617,8046,1.33458767306251,26,-87,0.001869,51,2025-05-05 10:48:30.001143,106,1.037,0.0011,"aoml_navis",1024.75901455195
"7901009",69,0.379517217357271,1,0.528927,1,0.506499,1,166.218530744847,1,4.87882969097174,108,1,25.9009990692139,36.7330017089844,0.528927028179169,0.515843987464905,160.28450012207,-87.3192,26.2957,59.5999121482071,63,63,63,63,61,63,0.506499,8046,1.33458767306251,26,-87,0.001869,51,2025-05-05 10:48:30.001143,108,1.037,0.0011,"aoml_navis",1024.83593744879
"7901009",69,0.341705538875181,4,0.478464,1,0.456036,1,164.812642662553,1,4.8786922672969,110,1,25.8579998016357,36.742000579834,0.478464007377625,0.465380996465683,158.928802490234,-87.3192,26.2957,59.5999121482071,63,63,63,63,61,63,0.456036,8046,1.33458767306251,26,-87,0.001869,51,2025-05-05 10:48:30.001143,110,1.037,0.0011,"aoml_navis",1024.86480516844
"7901009",69,0.309495590538586,4,0.435477,1,0.413049,1,163.317983635358,1,4.87827342027858,112,1,25.6550006866455,36.7630004882812,0.435476988554001,0.422394007444382,157.487503051758,-87.3192,26.2957,59.5999121482071,63,63,63,63,61,63,0.413049,8046,1.33458767306251,26,-87,0.001869,51,2025-05-05 10:48:30.001143,112,1.037,0.0011,"aoml_navis",1024.95279973759
"7901009",69,0.352908999166171,1,0.493416,1,0.470988,1,161.75238697073,1,4.87790764504221,114,1,25.4990005493164,36.7890014648438,0.493416011333466,0.480333000421524,155.977798461914,-87.3192,26.2957,59.5999121482071,63,63,63,63,61,63,0.470988,8046,1.33458767306251,26,-87,0.001869,51,2025-05-05 10:48:30.001143,114,1.037,0.0011,"aoml_navis",1025.02965694356
"7901009",69,0.422930625984855,1,0.586866,1,0.564438,1,160.57796794049,1,4.87764716045162,116,1,25.4209995269775,36.818000793457,0.586866021156311,0.573782980442047,154.845306396484,-87.3192,26.2957,59.5999121482071,63,63,63,63,61,63,0.564438,8046,1.33458767306251,26,-87,0.001869,51,2025-05-05 10:48:30.001143,116,1.037,0.0011,"aoml_navis",1025.08439735872
"7901009",69,0.380917649893644,1,0.530796,1,0.508368,1,159.780485216578,1,4.87733259687466,118,1,25.2940006256104,36.8419990539551,0.530795991420746,0.517713010311127,154.076293945312,-87.3192,26.2957,59.5999121482071,63,63,63,63,61,63,0.508368,8046,1.33458767306251,26,-87,0.001869,51,2025-05-05 10:48:30.001143,118,1.037,0.0011,"aoml_navis",1025.15051017926
"7901009",69,0.376716352284523,1,0.525189,1,0.502761,1,158.839180902966,1,4.87714896405971,120,1,25.2189998626709,36.851001739502,0.525188982486725,0.512106001377106,153.168594360352,-87.3192,26.2957,59.5999121482071,63,63,63,63,61,63,0.502761,8046,1.33458767306251,26,-87,0.001869,51,2025-05-05 10:48:30.001143,120,1.037,0.0011,"aoml_navis",1025.18910881041
"7901009",69,0.340305106338807,1,0.476595,1,0.454167,1,157.250987997819,1,4.87694923881995,122,1,25.1280002593994,36.8580017089844,0.476595014333725,0.463512003421783,151.637100219727,-87.3192,26.2957,59.5999121482071,63,63,63,63,61,63,0.454167,8046,1.33458767306251,26,-87,0.001869,51,2025-05-05 10:48:30.001143,122,1.037,0.0011,"aoml_navis",1025.23109328278
"7901009",69,0.323499915902323,1,0.454167,1,0.431739,1,155.69971177974,1,4.87656453529736,124,1,24.9300003051758,36.8730010986328,0.454167008399963,0.441083997488022,150.141204833984,-87.3192,26.2957,59.5999121482071,63,63,63,63,61,63,0.431739,8046,1.33458767306251,26,-87,0.001869,51,2025-05-05 10:48:30.001143,124,1.037,0.0011,"aoml_navis",1025.31197194443
"7901009",69,0.29969256278397,1,0.422394,1,0.399966,1,154.404162342508,1,4.87619570362119,126,1,24.7369995117188,36.8860015869141,0.422394007444382,0.40931099653244,148.891906738281,-87.3192,26.2957,59.5999121482071,63,63,63,63,61,63,0.399966,8046,1.33458767306251,26,-87,0.001869,51,2025-05-05 10:48:30.001143,126,1.037,0.0011,"aoml_navis",1025.38952574994
"7901009",69,0.28428780488386,1,0.401835,1,0.379407,1,153.397205506544,1,4.87597065210793,128,1,24.6200008392334,36.8899993896484,0.40183499455452,0.388752013444901,147.9208984375,-87.3192,26.2957,59.5999121482071,63,63,63,63,61,63,0.379407,8046,1.33458767306251,26,-87,0.001869,51,2025-05-05 10:48:30.001143,128,1.037,0.0011,"aoml_navis",1025.43685283226
"7901009",69,0.256279154156386,1,0.364455,1,0.342027,1,151.936773137784,1,4.87582694306129,130,1,24.5440006256104,36.8880004882812,0.364455014467239,0.351372003555298,146.512603759766,-87.3192,26.2957,59.5999121482071,63,63,63,63,61,63,0.342027,8046,1.33458767306251,26,-87,0.001869,51,2025-05-05 10:48:30.001143,130,1.037,0.0011,"aoml_navis",1025.46707633162
"7901009",69,0.211465312992428,4,0.304647,1,0.282219,1,149.886259252746,1,4.87556878442045,132,1,24.3859996795654,36.8849983215332,0.304646998643875,0.291563987731934,144.535293579102,-87.3192,26.2957,59.5999121482071,63,63,63,63,61,63,0.282219,8046,1.33458767306251,26,-87,0.001869,51,2025-05-05 10:48:30.001143,132,1.037,0.0011,"aoml_navis",1025.5213742399
"7901009",69,0.21986790821067,1,0.315861,1,0.293433,1,148.156934786532,1,4.87513442209639,134,1,24.1270008087158,36.890998840332,0.315860986709595,0.302778005599976,142.867706298828,-87.3192,26.2957,59.5999121482071,63,63,63,63,61,63,0.293433,8046,1.33458767306251,26,-87,0.001869,51,2025-05-05 10:48:30.001143,134,1.037,0.0011,"aoml_navis",1025.61274563788
"7901009",69,0.189058392410449,1,0.274743,1,0.252315,1,148.68062006666,1,4.8747523885028,136,1,23.8980007171631,36.8950004577637,0.274742990732193,0.261660009622574,143.372695922852,-87.3192,26.2957,59.5999121482071,63,63,63,63,61,63,0.252315,8046,1.33458767306251,26,-87,0.001869,51,2025-05-05 10:48:30.001143,136,1.037,0.0011,"aoml_navis",1025.69312275073
"7901009",69,0.151246713928359,1,0.22428,1,0.201852,1,148.70043133636,1,4.87435424348823,138,1,23.6180000305176,36.8839988708496,0.224279999732971,0.211197003722191,143.391799926758,-87.3192,26.2957,59.5999121482071,63,63,63,63,61,63,0.201852,8046,1.33458767306251,26,-87,0.001869,51,2025-05-05 10:48:30.001143,138,1.037,0.0011,"aoml_navis",1025.77690299789
"7901009",69,0.138642821100996,1,0.207459,1,0.185031,1,147.731957733552,1,4.87418706801174,140,1,23.4850006103516,36.867000579834,0.207459002733231,0.19437600672245,142.457901000977,-87.3192,26.2957,59.5999121482071,63,63,63,63,61,63,0.185031,8046,1.33458767306251,26,-87,0.001869,51,2025-05-05 10:48:30.001143,140,1.037,0.0011,"aoml_navis",1025.81208522216
"7901009",69,0.103632007691653,1,0.160734,1,0.138306,1,146.874139249763,1,4.87366945396567,142,1,23.2530002593994,36.9090003967285,0.160733997821808,0.147651001811028,141.630706787109,-87.3192,26.2957,59.5999121482071,63,63,63,63,61,63,0.138306,8046,1.33458767306251,26,-87,0.001869,51,2025-05-05 10:48:30.001143,142,1.037,0.0011,"aoml_navis",1025.9210328537
"7901009",69,0.0840259521824216,1,0.134568,1,0.11214,1,146.834627476248,1,4.87322150663019,144,1,22.9659996032715,36.9109992980957,0.134568005800247,0.121485002338886,141.59260559082,-87.3192,26.2957,59.5999121482071,63,63,63,63,61,63,0.11214,8046,1.33458767306251,26,-87,0.001869,51,2025-05-05 10:48:30.001143,144,1.037,0.0011,"aoml_navis",1026.01533568653
"7901009",69,0.0756233569641794,1,0.123354,1,0.100926,1,147.765551444073,1,4.87301942832487,146,1,22.8080005645752,36.8950004577637,0.123354002833366,0.110270999372005,142.490295410156,-87.3192,26.2957,59.5999121482071,63,63,63,63,61,63,0.100926,8046,1.33458767306251,26,-87,0.001869,51,2025-05-05 10:48:30.001143,146,1.037,0.0011,"aoml_navis",1026.05788331913
"7901009",69,0.0462142737003319,1,0.084105,1,0.061677,1,148.130176913479,1,4.87278478298738,148,1,22.7929992675781,36.943000793457,0.0841049998998642,0.0710219964385033,142.841903686523,-87.3192,26.2957,59.5999121482071,63,63,63,63,61,63,0.061677,8046,1.33458767306251,26,-87,0.001869,51,2025-05-05 10:48:30.001143,148,1.037,0.0011,"aoml_navis",1026.10729237556
"7901009",69,0.0252077856547265,1,0.05607,1,0.033642,1,148.015898167654,1,4.87246255754714,150,1,22.6359996795654,36.9609985351562,0.0560699999332428,0.0429870001971722,142.731704711914,-87.3192,26.2957,59.5999121482071,63,63,63,63,61,63,0.033642,8046,1.33458767306251,26,-87,0.001869,51,2025-05-05 10:48:30.001143,150,1.037,0.0011,"aoml_navis",1026.17515084961
"7901009",69,0.018205622972858,1,0.046725,1,0.024297,1,147.685705064756,1,4.8721844149636,152,1,22.4500007629395,36.9560012817383,0.0467250011861324,0.0336420014500618,142.413299560547,-87.3192,26.2957,59.5999121482071,63,63,63,63,61,63,0.024297,8046,1.33458767306251,26,-87,0.001869,51,2025-05-05 10:48:30.001143,152,1.037,0.0011,"aoml_navis",1026.23373299333
"7901009",69,0.0196060555092317,1,0.048594,1,0.026166,1,147.382792016939,1,4.87195934881425,154,1,22.3020000457764,36.951000213623,0.0485940016806126,0.0355109982192516,142.121200561523,-87.3192,26.2957,59.5999121482071,63,63,63,63,61,63,0.026166,8046,1.33458767306251,26,-87,0.001869,51,2025-05-05 10:48:30.001143,154,1.037,0.0011,"aoml_navis",1026.28114112178
"7901009",69,0.00840259521824216,1,0.033642,1,0.011214,1,147.220709879929,1,4.87182796308955,156,1,22.2250003814697,36.9469985961914,0.0336420014500618,0.020558999851346,141.964904785156,-87.3192,26.2957,59.5999121482071,63,63,63,63,61,63,0.011214,8046,1.33458767306251,26,-87,0.001869,51,2025-05-05 10:48:30.001143,156,1.037,0.0011,"aoml_navis",1026.3088183494
"7901009",69,0.00980302775461585,1,0.035511,1,0.013083,1,146.77209222237,1,4.87173845310996,158,1,22.1840000152588,36.9449996948242,0.0355109982192516,0.0224280003458261,141.532302856445,-87.3192,26.2957,59.5999121482071,63,63,63,63,61,63,0.013083,8046,1.33458767306251,26,-87,0.001869,51,2025-05-05 10:48:30.001143,158,1.037,0.0011,"aoml_navis",1026.32767504343
"7901009",69,0.00980302775461585,1,0.035511,1,0.013083,1,146.249941840933,1,4.8716788669094,160,1,22.1650009155273,36.943000793457,0.0355109982192516,0.0224280003458261,141.028793334961,-87.3192,26.2957,59.5999121482071,63,63,63,63,61,63,0.013083,8046,1.33458767306251,26,-87,0.001869,51,2025-05-05 10:48:30.001143,160,1.037,0.0011,"aoml_navis",1026.34022820392
"7901009",69,0,1,0.022428,1,0,1,145.929511959604,1,4.87157226026856,162,1,22.1060009002686,36.9389991760254,0.0224280003458261,0.00934499967843294,140.719802856445,-87.3192,26.2957,59.5999121482071,63,63,63,63,61,63,0,8046,1.33458767306251,26,-87,0.001869,51,2025-05-05 10:48:30.001143,162,1.037,0.0011,"aoml_navis",1026.36268803377
"7901009",69,0.00280086507274739,1,0.026166,1,0.003738,1,145.961349239665,1,4.87147705274563,164,1,22.0580005645752,36.9360008239746,0.0261659994721413,0.0130829997360706,140.750503540039,-87.3192,26.2957,59.5999121482071,63,63,63,63,61,63,0.003738,8046,1.33458767306251,26,-87,0.001869,51,2025-05-05 10:48:30.001143,164,1.037,0.0011,"aoml_navis",1026.38274713455
"7901009",69,0,1,0.022428,1,0,1,146.018488612578,1,4.87140538724898,166,1,22.0300006866455,36.9339981079102,0.0224280003458261,0.00934499967843294,140.805603027344,-87.3192,26.2957,59.5999121482071,63,63,63,63,61,63,0,8046,1.33458767306251,26,-87,0.001869,51,2025-05-05 10:48:30.001143,166,1.037,0.0011,"aoml_navis",1026.39784672563
"7901009",69,0.00700216268186846,1,0.031773,1,0.009345,1,145.962805019867,1,4.87131796915129,168,1,21.9850006103516,36.9300003051758,0.0317730009555817,0.0186899993568659,140.751907348633,-87.3192,26.2957,59.5999121482071,63,63,63,63,61,63,0.009345,8046,1.33458767306251,26,-87,0.001869,51,2025-05-05 10:48:30.001143,168,1.037,0.0011,"aoml_navis",1026.41626591892
"7901009",69,0.00840259521824216,1,0.033642,1,0.011214,1,145.917169475286,1,4.87121760791363,170,1,21.9249992370605,36.923999786377,0.0336420014500618,0.020558999851346,140.707901000977,-87.3192,26.2957,59.5999121482071,63,63,63,63,61,63,0.011214,8046,1.33458767306251,26,-87,0.001869,51,2025-05-05 10:48:30.001143,170,1.037,0.0011,"aoml_navis",1026.43741307659
"7901009",69,0.00420129760912108,4,0.028035,1,0.005607,1,145.855472877395,1,4.87109595273593,172,1,21.8330001831055,36.9119987487793,0.0280349999666214,0.0149520002305508,140.648406982422,-87.3192,26.2957,59.5999121482071,63,63,63,63,61,63,0.005607,8046,1.33458767306251,26,-87,0.001869,51,2025-05-05 10:48:30.001143,172,1.037,0.0011,"aoml_navis",1026.46304825748
"7901009",69,0.0140043253637369,1,0.041118,1,0.01869,1,145.891250258219,1,4.87096044941764,174,1,21.7169990539551,36.8950004577637,0.041117999702692,0.0280349999666214,140.682907104492,-87.3192,26.2957,59.5999121482071,63,63,63,63,61,63,0.01869,8046,1.33458767306251,26,-87,0.001869,51,2025-05-05 10:48:30.001143,174,1.037,0.0011,"aoml_navis",1026.49160302621
"7901009",69,0.0126038928273632,1,0.039249,1,0.016821,1,146.199859837259,1,4.87070646155546,176,1,21.5009994506836,36.8740005493164,0.0392489992082119,0.0261659994721413,140.980499267578,-87.3192,26.2957,59.5999121482071,63,63,63,63,61,63,0.016821,8046,1.33458767306251,26,-87,0.001869,51,2025-05-05 10:48:30.001143,176,1.037,0.0011,"aoml_navis",1026.54513045799
"7901009",69,0.00840259521824216,1,0.033642,1,0.011214,1,145.977631824746,1,4.87056048727268,178,1,21.3950004577637,36.8639984130859,0.0336420014500618,0.020558999851346,140.766204833984,-87.3192,26.2957,59.5999121482071,63,63,63,63,61,63,0.011214,8046,1.33458767306251,26,-87,0.001869,51,2025-05-05 10:48:30.001143,178,1.037,0.0011,"aoml_navis",1026.57589677113
"7901009",69,0.0112034602909895,1,0.03738,1,0.014952,1,145.97929331302,1,4.8704062510834,180,1,21.2770004272461,36.8520011901855,0.0373799987137318,0.0242970008403063,140.767807006836,-87.3192,26.2957,59.5999121482071,63,63,63,63,61,63,0.014952,8046,1.33458767306251,26,-87,0.001869,51,2025-05-05 10:48:30.001143,180,1.037,0.0011,"aoml_navis",1026.60840641122
"7901009",69,0.00700216268186846,1,0.031773,1,0.009345,1,146.166994016838,1,4.87029956208835,182,1,21.2110004425049,36.8460006713867,0.0317730009555817,0.0186899993568659,140.948806762695,-87.3192,26.2957,59.5999121482071,63,63,63,63,61,63,0.009345,8046,1.33458767306251,26,-87,0.001869,51,2025-05-05 10:48:30.001143,182,1.037,0.0011,"aoml_navis",1026.63089533984
"7901009",69,0.00700216268186846,1,0.031773,1,0.009345,1,146.049281528581,1,4.8702502221669,184,1,21.2019996643066,36.8450012207031,0.0317730009555817,0.0186899993568659,140.835296630859,-87.3192,26.2957,59.5999121482071,63,63,63,63,61,63,0.009345,8046,1.33458767306251,26,-87,0.001869,51,2025-05-05 10:48:30.001143,184,1.037,0.0011,"aoml_navis",1026.64129601443
"7901009",69,0,4,0.022428,1,0,1,145.035077439005,1,4.87016455015654,186,1,21.1599998474121,36.8419990539551,0.0224280003458261,0.00934499967843294,139.857299804688,-87.3192,26.2957,59.5999121482071,63,63,63,63,61,63,0,8046,1.33458767306251,26,-87,0.001869,51,2025-05-05 10:48:30.001143,186,1.037,0.0011,"aoml_navis",1026.65935586084
"7901009",69,0.00840259521824216,1,0.033642,1,0.011214,1,142.987791588327,1,4.87000211688785,188,1,21.0020008087158,36.818000793457,0.0336420014500618,0.020558999851346,137.883102416992,-87.3192,26.2957,59.5999121482071,63,63,63,63,61,63,0.011214,8046,1.33458767306251,26,-87,0.001869,51,2025-05-05 10:48:30.001143,188,1.037,0.0011,"aoml_navis",1026.69359889216
"7901009",69,0.0126038928273632,1,0.039249,1,0.016821,1,142.039129255218,1,4.86984896192392,190,1,20.8309993743896,36.7869987487793,0.0392489992082119,0.0261659994721413,136.968307495117,-87.3192,26.2957,59.5999121482071,63,63,63,63,61,63,0.016821,8046,1.33458767306251,26,-87,0.001869,51,2025-05-05 10:48:30.001143,190,1.037,0.0011,"aoml_navis",1026.72588802932
"7901009",69,0.00700216268186846,1,0.031773,1,0.009345,1,142.906378662922,1,4.86964670172603,192,1,20.6380004882812,36.7620010375977,0.0317730009555817,0.0186899993568659,137.804595947266,-87.3192,26.2957,59.5999121482071,63,63,63,63,61,63,0.009345,8046,1.33458767306251,26,-87,0.001869,51,2025-05-05 10:48:30.001143,192,1.037,0.0011,"aoml_navis",1026.76853296724
"7901009",69,0.00280086507274739,1,0.026166,1,0.003738,1,144.420848959818,1,4.86952469114078,194,1,20.5450000762939,36.7509994506836,0.0261659994721413,0.0130829997360706,139.264999389648,-87.3192,26.2957,59.5999121482071,63,63,63,63,61,63,0.003738,8046,1.33458767306251,26,-87,0.001869,51,2025-05-05 10:48:30.001143,194,1.037,0.0011,"aoml_navis",1026.79425963207
"7901009",69,0.00560173014549477,1,0.029904,1,0.007476,1,146.445744278048,1,4.86942759912781,196,1,20.4850006103516,36.7449989318848,0.0299040004611015,0.0168210007250309,141.21760559082,-87.3192,26.2957,59.5999121482071,63,63,63,63,61,63,0.007476,8046,1.33458767306251,26,-87,0.001869,51,2025-05-05 10:48:30.001143,196,1.037,0.0011,"aoml_navis",1026.81473298742
"7901009",69,0.00280086507274739,1,0.026166,1,0.003738,1,149.182848412512,1,4.86923007889653,198,1,20.3470001220703,36.7389984130859,0.0261659994721413,0.0130829997360706,143.856994628906,-87.3192,26.2957,59.5999121482071,63,63,63,63,61,63,0.003738,8046,1.33458767306251,26,-87,0.001869,51,2025-05-05 10:48:30.001143,198,1.037,0.0011,"aoml_navis",1026.85638570874
"7901009",69,-0.00140043253637369,1,0.020559,1,-0.001869,1,151.295581077471,1,4.86898810470645,200,1,20.1539993286133,36.726001739502,0.020558999851346,0.00747600011527538,145.894302368164,-87.3192,26.2957,59.5999121482071,63,63,63,63,61,63,-0.001869,8046,1.33458767306251,26,-87,0.001869,51,2025-05-05 10:48:30.001143,200,1.037,0.0011,"aoml_navis",1026.90741740916
"7901009",69,-0.00140043253637369,1,0.020559,1,-0.001869,1,152.653760710767,1,4.86882445546055,202,1,20.0270004272461,36.7150001525879,0.020558999851346,0.00747600011527538,147.203994750977,-87.3192,26.2957,59.5999121482071,63,63,63,63,61,63,-0.001869,8046,1.33458767306251,26,-87,0.001869,51,2025-05-05 10:48:30.001143,202,1.037,0.0011,"aoml_navis",1026.94193346657
"7901009",69,-0.00140043253637369,1,0.020559,1,-0.001869,1,154.243725870074,1,4.86870610112793,204,1,19.9379997253418,36.7050018310547,0.020558999851346,0.00747600011527538,148.737197875977,-87.3192,26.2957,59.5999121482071,63,63,63,63,61,63,-0.001869,8046,1.33458767306251,26,-87,0.001869,51,2025-05-05 10:48:30.001143,204,1.037,0.0011,"aoml_navis",1026.96689759968
"7901009",69,-0.00280086507274739,1,0.01869,1,-0.003738,1,155.324927496318,1,4.86858921067221,206,1,19.867000579834,36.701000213623,0.0186899993568659,0.00560700008645654,149.779800415039,-87.3192,26.2957,59.5999121482071,63,63,63,63,61,63,-0.003738,8046,1.33458767306251,26,-87,0.001869,51,2025-05-05 10:48:30.001143,206,1.037,0.0011,"aoml_navis",1026.99155415284
"7901009",69,-0.00420129760912108,1,0.016821,1,-0.005607,1,155.774684460122,1,4.86849784129872,208,1,19.8159999847412,36.6969985961914,0.0168210007250309,0.00373800005763769,150.213500976562,-87.3192,26.2957,59.5999121482071,63,63,63,63,61,63,-0.005607,8046,1.33458767306251,26,-87,0.001869,51,2025-05-05 10:48:30.001143,208,1.037,0.0011,"aoml_navis",1027.01082818313
"7901009",69,-0.00560173014549477,1,0.014952,1,-0.007476,1,155.799670079016,1,4.86839825868722,210,1,19.7469997406006,36.6889991760254,0.0149520002305508,0.00186900002881885,150.237594604492,-87.3192,26.2957,59.5999121482071,63,63,63,63,61,63,-0.007476,8046,1.33458767306251,26,-87,0.001869,51,2025-05-05 10:48:30.001143,210,1.037,0.0011,"aoml_navis",1027.03183558945
"7901009",69,-0.00280086507274739,1,0.01869,1,-0.003738,1,155.365989992222,1,4.8683293240787,212,1,19.7049999237061,36.681999206543,0.0186899993568659,0.00560700008645654,149.819396972656,-87.3192,26.2957,59.5999121482071,63,63,63,63,61,63,-0.003738,8046,1.33458767306251,26,-87,0.001869,51,2025-05-05 10:48:30.001143,212,1.037,0.0011,"aoml_navis",1027.04637816305
"7901009",69,-0.00560173014549477,1,0.014952,1,-0.007476,1,154.825499944985,1,4.86827878831742,214,1,19.6889991760254,36.6790008544922,0.0149520002305508,0.00186900002881885,149.298202514648,-87.3192,26.2957,59.5999121482071,63,63,63,63,61,63,-0.007476,8046,1.33458767306251,26,-87,0.001869,51,2025-05-05 10:48:30.001143,214,1.037,0.0011,"aoml_navis",1027.05703954315
"7901009",69,-0.00700216268186846,1,0.013083,1,-0.009345,1,154.574013915159,1,4.86821498553003,216,1,19.6509990692139,36.6720008850098,0.0130829997360706,0,149.055694580078,-87.3192,26.2957,59.5999121482071,63,63,63,63,61,63,-0.009345,8046,1.33458767306251,26,-87,0.001869,51,2025-05-05 10:48:30.001143,216,1.037,0.0011,"aoml_navis",1027.07050014465
"7901009",69,-0.00420129760912108,1,0.016821,1,-0.005607,1,155.437244103611,1,4.86807357937259,218,1,19.5340003967285,36.6590003967285,0.0168210007250309,0.00373800005763769,149.888107299805,-87.3192,26.2957,59.5999121482071,63,63,63,63,61,63,-0.005607,8046,1.33458767306251,26,-87,0.001869,51,2025-05-05 10:48:30.001143,218,1.037,0.0011,"aoml_navis",1027.10033414171
"7901009",69,-0.00560173014549477,1,0.014952,1,-0.007476,1,155.423129365135,1,4.86796651340208,220,1,19.4440002441406,36.6459999084473,0.0149520002305508,0.00186900002881885,149.874496459961,-87.3192,26.2957,59.5999121482071,63,63,63,63,61,63,-0.007476,8046,1.33458767306251,26,-87,0.001869,51,2025-05-05 10:48:30.001143,220,1.037,0.0011,"aoml_navis",1027.12292416853
"7901009",69,-0.00140043253637369,1,0.020559,1,-0.001869,1,155.229937838164,1,4.86788916700156,222,1,19.3920001983643,36.6380004882812,0.020558999851346,0.00747600011527538,149.688201904297,-87.3192,26.2957,59.5999121482071,63,63,63,63,61,63,-0.001869,8046,1.33458767306251,26,-87,0.001869,51,2025-05-05 10:48:30.001143,222,1.037,0.0011,"aoml_navis",1027.13924423218
"7901009",69,-0.00700216268186846,1,0.013083,1,-0.009345,1,154.726665128255,1,4.86778022980722,224,1,19.30299949646,36.6259994506836,0.0130829997360706,0,149.202896118164,-87.3192,26.2957,59.5999121482071,63,63,63,63,61,63,-0.009345,8046,1.33458767306251,26,-87,0.001869,51,2025-05-05 10:48:30.001143,224,1.037,0.0011,"aoml_navis",1027.162230822
"7901009",69,-0.00560173014549477,1,0.014952,1,-0.007476,1,153.888452206093,1,4.86768768138866,225.899993896484,1,19.2339992523193,36.617000579834,0.0149520002305508,0.00186900002881885,148.394607543945,-87.3192,26.2957,59.5999121482071,63,63,63,63,61,63,-0.007476,8046,1.33458767306251,26,-87,0.001869,51,2025-05-05 10:48:30.001143,225.899993896484,1.037,0.0011,"aoml_navis",1027.18176006181
"7901009",69,-0.00140043253637369,1,0.020559,1,-0.001869,1,153.189282116882,1,4.86763750627186,228,1,19.2110004425049,36.6110000610352,0.020558999851346,0.00747600011527538,147.720397949219,-87.3192,26.2957,59.5999121482071,63,63,63,63,61,63,-0.001869,8046,1.33458767306251,26,-87,0.001869,51,2025-05-05 10:48:30.001143,228,1.037,0.0011,"aoml_navis",1027.19234814786
"7901009",69,-0.00700216268186846,1,0.013083,1,-0.009345,1,152.429981975866,1,4.86758330931547,230,1,19.1860008239746,36.6059989929199,0.0130829997360706,0,146.988204956055,-87.3192,26.2957,59.5999121482071,63,63,63,63,61,63,-0.009345,8046,1.33458767306251,26,-87,0.001869,51,2025-05-05 10:48:30.001143,230,1.037,0.0011,"aoml_navis",1027.20378517839
"7901009",69,-0.00560173014549477,1,0.014952,1,-0.007476,1,152.089218642808,1,4.86750968213424,232,1,19.1219997406006,36.5929985046387,0.0149520002305508,0.00186900002881885,146.659606933594,-87.3192,26.2957,59.5999121482071,63,63,63,63,61,63,-0.007476,8046,1.33458767306251,26,-87,0.001869,51,2025-05-05 10:48:30.001143,232,1.037,0.0011,"aoml_navis",1027.21932292237
"7901009",69,-0.00420129760912108,1,0.016821,1,-0.005607,1,151.796258700935,1,4.8673866577888,234,1,19.0149993896484,36.5789985656738,0.0168210007250309,0.00373800005763769,146.377105712891,-87.3192,26.2957,59.5999121482071,63,63,63,63,61,63,-0.005607,8046,1.33458767306251,26,-87,0.001869,51,2025-05-05 10:48:30.001143,234,1.037,0.0011,"aoml_navis",1027.24528613296
"7901009",69,-0.00560173014549477,1,0.014952,1,-0.007476,1,151.141790558131,1,4.86726747444448,236,1,18.8990001678467,36.5610008239746,0.0149520002305508,0.00186900002881885,145.746002197266,-87.3192,26.2957,59.5999121482071,63,63,63,63,61,63,-0.007476,8046,1.33458767306251,26,-87,0.001869,51,2025-05-05 10:48:30.001143,236,1.037,0.0011,"aoml_navis",1027.27043998556
"7901009",69,-0.00420129760912108,1,0.016821,1,-0.005607,1,151.016830816262,1,4.86714878165402,238,1,18.7800006866455,36.5419998168945,0.0168210007250309,0.00373800005763769,145.625503540039,-87.3192,26.2957,59.5999121482071,63,63,63,63,61,63,-0.005607,8046,1.33458767306251,26,-87,0.001869,51,2025-05-05 10:48:30.001143,238,1.037,0.0011,"aoml_navis",1027.29549153022
"7901009",69,-0.00700216268186846,1,0.013083,1,-0.009345,1,151.395127960604,1,4.86706898395719,240,1,18.7189998626709,36.5320014953613,0.0130829997360706,0,145.990295410156,-87.3192,26.2957,59.5999121482071,63,63,63,63,61,63,-0.009345,8046,1.33458767306251,26,-87,0.001869,51,2025-05-05 10:48:30.001143,240,1.037,0.0011,"aoml_navis",1027.31233448323
"7901009",69,-0.00560173014549477,1,0.014952,1,-0.007476,1,152.832236198743,1,4.86697821902756,242,1,18.6399993896484,36.5190010070801,0.0149520002305508,0.00186900002881885,147.376098632812,-87.3192,26.2957,59.5999121482071,63,63,63,63,61,63,-0.007476,8046,1.33458767306251,26,-87,0.001869,51,2025-05-05 10:48:30.001143,242,1.037,0.0011,"aoml_navis",1027.33149296876
"7901009",69,0,1,0.011214,1,-0.011214,1,153.978251691355,1,4.86689540357181,244,1,18.6000003814697,36.5169982910156,0.0112140001729131,0,148.481201171875,-87.3192,26.2957,59.5999121482071,63,63,63,63,61,63,0,8046,1.33458767306251,26,-87,0.001869,51,2025-05-05 10:48:30.001143,244,1.037,0.0011,"aoml_navis",1027.34897411818
"7901009",69,0,1,0.014952,1,-0.007476,1,152.062255061683,1,4.86680508214156,246,1,18.5300006866455,36.5069999694824,0.0149520002305508,0,146.633605957031,-87.3192,26.2957,59.5999121482071,63,63,63,63,61,63,0,8046,1.33458767306251,26,-87,0.001869,51,2025-05-05 10:48:30.001143,246,1.037,0.0011,"aoml_navis",1027.36804034893
"7901009",69,0,1,0.013083,1,-0.009345,1,150.326585292634,1,4.86668807011168,248,1,18.3990001678467,36.484001159668,0.0130829997360706,0,144.959899902344,-87.3192,26.2957,59.5999121482071,63,63,63,63,61,63,0,8046,1.33458767306251,26,-87,0.001869,51,2025-05-05 10:48:30.001143,248,1.037,0.0011,"aoml_navis",1027.39274183341
"7901009",69,0,1,0.016821,1,-0.005607,1,149.345879971393,1,4.86660676063635,250,1,18.3269996643066,36.4710006713867,0.0168210007250309,0,144.014205932617,-87.3192,26.2957,59.5999121482071,63,63,63,63,61,63,0,8046,1.33458767306251,26,-87,0.001869,51,2025-05-05 10:48:30.001143,250,1.037,0.0011,"aoml_navis",1027.40990713336
"7901009",69,0,1,0.014952,1,-0.007476,1,148.640807642886,1,4.866535295862,252,1,18.2689990997314,36.4599990844727,0.0149520002305508,0,143.33430480957,-87.3192,26.2957,59.5999121482071,63,63,63,63,61,63,0,8046,1.33458767306251,26,-87,0.001869,51,2025-05-05 10:48:30.001143,252,1.037,0.0011,"aoml_navis",1027.42499458526
"7901009",69,0,1,0.016821,1,-0.005607,1,148.444593789628,1,4.86643992252277,254,1,18.1849994659424,36.4469985961914,0.0168210007250309,0,143.145095825195,-87.3192,26.2957,59.5999121482071,63,63,63,63,61,63,0,8046,1.33458767306251,26,-87,0.001869,51,2025-05-05 10:48:30.001143,254,1.037,0.0011,"aoml_navis",1027.44513023968
"7901009",69,0,1,0.014952,1,-0.007476,1,148.77747692116,1,4.86638667945784,256,1,18.1569995880127,36.4410018920898,0.0149520002305508,0,143.466094970703,-87.3192,26.2957,59.5999121482071,63,63,63,63,61,63,0,8046,1.33458767306251,26,-87,0.001869,51,2025-05-05 10:48:30.001143,256,1.037,0.0011,"aoml_navis",1027.45637150171
"7901009",69,0,1,0.013083,1,-0.009345,1,150.084546010421,1,4.86633822803557,258,1,18.1420001983643,36.4379997253418,0.0130829997360706,0,144.726501464844,-87.3192,26.2957,59.5999121482071,63,63,63,63,61,63,0,8046,1.33458767306251,26,-87,0.001869,51,2025-05-05 10:48:30.001143,258,1.037,0.0011,"aoml_navis",1027.46660131316
"7901009",69,0,1,0.016821,1,-0.005607,1,152.501014555485,1,4.86626700235209,260,1,18.1049995422363,36.4339981079102,0.0168210007250309,0,147.056701660156,-87.3192,26.2957,59.5999121482071,63,63,63,63,61,63,0,8046,1.33458767306251,26,-87,0.001869,51,2025-05-05 10:48:30.001143,260,1.037,0.0011,"aoml_navis",1027.48163994768
"7901009",69,0,1,0.016821,1,-0.005607,1,155.204841453385,1,4.86616587186917,262,1,18.0429992675781,36.4300003051758,0.0168210007250309,0,149.664001464844,-87.3192,26.2957,59.5999121482071,63,63,63,63,61,63,0,8046,1.33458767306251,26,-87,0.001869,51,2025-05-05 10:48:30.001143,262,1.037,0.0011,"aoml_navis",1027.50299345621
"7901009",69,0,1,0.014952,1,-0.007476,1,156.374386784689,1,4.86612088163529,264,1,18.048999786377,36.4329986572266,0.0149520002305508,0,150.791793823242,-87.3192,26.2957,59.5999121482071,63,63,63,63,61,63,0,8046,1.33458767306251,26,-87,0.001869,51,2025-05-05 10:48:30.001143,264,1.037,0.0011,"aoml_navis",1027.51249334351
"7901009",69,0,1,0.016821,1,-0.005607,1,157.388812406035,1,4.86605691556309,266,1,18.0209999084473,36.4300003051758,0.0168210007250309,0,151.770004272461,-87.3192,26.2957,59.5999121482071,63,63,63,63,61,63,0,8046,1.33458767306251,26,-87,0.001869,51,2025-05-05 10:48:30.001143,266,1.037,0.0011,"aoml_navis",1027.52600036562
"7901009",69,0,1,0.013083,1,-0.009345,1,158.378236584788,1,4.86599882416044,268,1,18.0100002288818,36.4309997558594,0.0130829997360706,0,152.724105834961,-87.3192,26.2957,59.5999121482071,63,63,63,63,61,63,0,8046,1.33458767306251,26,-87,0.001869,51,2025-05-05 10:48:30.001143,268,1.037,0.0011,"aoml_navis",1027.53826720513
"7901009",69,0,1,0.013083,1,-0.009345,1,157.796351743992,1,4.86594685070898,270,1,17.992000579834,36.4280014038086,0.0130829997360706,0,152.162994384766,-87.3192,26.2957,59.5999121482071,63,63,63,63,61,63,0,8046,1.33458767306251,26,-87,0.001869,51,2025-05-05 10:48:30.001143,270,1.037,0.0011,"aoml_navis",1027.54924239904
"7901009",69,0,1,0.020559,1,-0.001869,1,157.091184473298,1,4.86587480349743,272,1,17.9419994354248,36.4199981689453,0.020558999851346,0,151.483001708984,-87.3192,26.2957,59.5999121482071,63,63,63,63,61,63,0,8046,1.33458767306251,26,-87,0.001869,51,2025-05-05 10:48:30.001143,272,1.037,0.0011,"aoml_navis",1027.56445694126
"7901009",69,0,1,0.014952,1,-0.007476,1,156.491054908889,1,4.86582067478298,274,1,17.9099998474121,36.4129981994629,0.0149520002305508,0,150.904296875,-87.3192,26.2957,59.5999121482071,63,63,63,63,61,63,0,8046,1.33458767306251,26,-87,0.001869,51,2025-05-05 10:48:30.001143,274,1.037,0.0011,"aoml_navis",1027.57588784815
"7901009",69,0,1,0.016821,1,-0.005607,1,155.700740320099,1,4.86573940629877,276,1,17.8430004119873,36.4020004272461,0.0168210007250309,0,150.142196655273,-87.3192,26.2957,59.5999121482071,63,63,63,63,61,63,0,8046,1.33458767306251,26,-87,0.001869,51,2025-05-05 10:48:30.001143,276,1.037,0.0011,"aoml_navis",1027.59305061168
"7901009",69,0,1,0.013083,1,-0.009345,1,154.485353736143,1,4.86564770842178,278,1,17.7639999389648,36.3899993896484,0.0130829997360706,0,148.970199584961,-87.3192,26.2957,59.5999121482071,63,63,63,63,61,63,0,8046,1.33458767306251,26,-87,0.001869,51,2025-05-05 10:48:30.001143,278,1.037,0.0011,"aoml_navis",1027.61241660502
"7901009",69,0,1,0.016821,1,-0.005607,1,153.152887611842,1,4.86555980913399,280,1,17.6879997253418,36.3779983520508,0.0168210007250309,0,147.685302734375,-87.3192,26.2957,59.5999121482071,63,63,63,63,61,63,0,8046,1.33458767306251,26,-87,0.001869,51,2025-05-05 10:48:30.001143,280,1.037,0.0011,"aoml_navis",1027.63098104634
"7901009",69,0,1,0.01869,1,-0.003738,1,151.662057919525,1,4.8654782862198,282,1,17.6079998016357,36.3629989624023,0.0186899993568659,0,146.247695922852,-87.3192,26.2957,59.5999121482071,63,63,63,63,61,63,0,8046,1.33458767306251,26,-87,0.001869,51,2025-05-05 10:48:30.001143,282,1.037,0.0011,"aoml_navis",1027.64819938899
"7901009",69,0,1,0.013083,1,-0.009345,1,150.588024428403,1,4.8653763349425,284,1,17.4950008392334,36.3429985046387,0.0130829997360706,0,145.212005615234,-87.3192,26.2957,59.5999121482071,63,63,63,63,61,63,0,8046,1.33458767306251,26,-87,0.001869,51,2025-05-05 10:48:30.001143,284,1.037,0.0011,"aoml_navis",1027.66973319014
"7901009",69,0,1,0.016821,1,-0.005607,1,149.458180754988,1,4.8653034177665,286,1,17.42799949646,36.3300018310547,0.0168210007250309,0,144.122497558594,-87.3192,26.2957,59.5999121482071,63,63,63,63,61,63,0,8046,1.33458767306251,26,-87,0.001869,51,2025-05-05 10:48:30.001143,286,1.037,0.0011,"aoml_navis",1027.68513506098
"7901009",69,0,1,0.014952,1,-0.007476,1,147.886887559137,1,4.86525824406724,288,1,17.3999996185303,36.3219985961914,0.0149520002305508,0,142.607299804688,-87.3192,26.2957,59.5999121482071,63,63,63,63,61,63,0,8046,1.33458767306251,26,-87,0.001869,51,2025-05-05 10:48:30.001143,288,1.037,0.0011,"aoml_navis",1027.69467707024
"7901009",69,0,1,0.016821,1,-0.005607,1,146.873411359662,1,4.86518022185846,290,1,17.3159999847412,36.3050003051758,0.0168210007250309,0,141.630004882812,-87.3192,26.2957,59.5999121482071,63,63,63,63,61,63,0,8046,1.33458767306251,26,-87,0.001869,51,2025-05-05 10:48:30.001143,290,1.037,0.0011,"aoml_navis",1027.71115806478
"7901009",69,0,1,0.014952,1,-0.007476,1,147.708317128974,1,4.86506229390296,292,1,17.1849994659424,36.2840003967285,0.0149520002305508,0,142.435104370117,-87.3192,26.2957,59.5999121482071,63,63,63,63,61,63,0,8046,1.33458767306251,26,-87,0.001869,51,2025-05-05 10:48:30.001143,292,1.037,0.0011,"aoml_navis",1027.73606953937
"7901009",69,0,1,0.016821,1,-0.005607,1,147.186688929566,1,4.86494471116201,294,1,17.0849990844727,36.2729988098145,0.0168210007250309,0,141.932098388672,-87.3192,26.2957,59.5999121482071,63,63,63,63,61,63,0,8046,1.33458767306251,26,-87,0.001869,51,2025-05-05 10:48:30.001143,294,1.037,0.0011,"aoml_navis",1027.76090929217
"7901009",69,0,1,0.014952,1,-0.007476,1,146.07966302844,1,4.86488731448954,296,1,17.0429992675781,36.2639999389648,0.0149520002305508,0,140.864593505859,-87.3192,26.2957,59.5999121482071,63,63,63,63,61,63,0,8046,1.33458767306251,26,-87,0.001869,51,2025-05-05 10:48:30.001143,296,1.037,0.0011,"aoml_navis",1027.77303497001
"7901009",69,0,1,0.013083,1,-0.009345,1,144.789414529986,1,4.86481777634151,298,1,16.9810009002686,36.2519989013672,0.0130829997360706,0,139.620407104492,-87.3192,26.2957,59.5999121482071,63,63,63,63,61,63,0,8046,1.33458767306251,26,-87,0.001869,51,2025-05-05 10:48:30.001143,298,1.037,0.0011,"aoml_navis",1027.7877260513
"7901009",69,0,1,0.016821,1,-0.005607,1,143.112545622124,1,4.8647506788134,300,1,16.9209995269775,36.2400016784668,0.0168210007250309,0,138.003402709961,-87.3192,26.2957,59.5999121482071,63,63,63,63,61,63,0,8046,1.33458767306251,26,-87,0.001869,51,2025-05-05 10:48:30.001143,300,1.037,0.0011,"aoml_navis",1027.80190190951
"7901009",69,0,1,0.016821,1,-0.005607,1,141.522691228703,1,4.8646629981482,302,1,16.8239994049072,36.2220001220703,0.0168210007250309,0,136.470306396484,-87.3192,26.2957,59.5999121482071,63,63,63,63,61,63,0,8046,1.33458767306251,26,-87,0.001869,51,2025-05-05 10:48:30.001143,302,1.037,0.0011,"aoml_navis",1027.82042700662
"7901009",69,0,1,0.020559,1,-0.001869,1,141.336952663417,1,4.86458028388625,304,1,16.7310009002686,36.2039985656738,0.020558999851346,0,136.291198730469,-87.3192,26.2957,59.5999121482071,63,63,63,63,61,63,0,8046,1.33458767306251,26,-87,0.001869,51,2025-05-05 10:48:30.001143,304,1.037,0.0011,"aoml_navis",1027.83790341837
"7901009",69,0,1,0.014952,1,-0.007476,1,141.27338886918,1,4.86448203847645,306,1,16.6399993896484,36.1910018920898,0.0149520002305508,0,136.229904174805,-87.3192,26.2957,59.5999121482071,63,63,63,63,61,63,0,8046,1.33458767306251,26,-87,0.001869,51,2025-05-05 10:48:30.001143,306,1.037,0.0011,"aoml_navis",1027.8586621251
"7901009",69,0,1,0.016821,1,-0.005607,1,140.755384296578,1,4.86440646568263,308,1,16.5750007629395,36.1800003051758,0.0168210007250309,0,135.730392456055,-87.3192,26.2957,59.5999121482071,63,63,63,63,61,63,0,8046,1.33458767306251,26,-87,0.001869,51,2025-05-05 10:48:30.001143,308,1.037,0.0011,"aoml_navis",1027.87463080521
"7901009",69,0,1,0.01869,1,-0.003738,1,140.237806963817,1,4.86430041771796,310,1,16.4669990539551,36.1640014648438,0.0186899993568659,0,135.231292724609,-87.3192,26.2957,59.5999121482071,63,63,63,63,61,63,0,8046,1.33458767306251,26,-87,0.001869,51,2025-05-05 10:48:30.001143,310,1.037,0.0011,"aoml_navis",1027.89703978557
"7901009",69,0,1,0.013083,1,-0.009345,1,139.911364077308,1,4.86421785810597,312,1,16.3889999389648,36.1510009765625,0.0130829997360706,0,134.91650390625,-87.3192,26.2957,59.5999121482071,63,63,63,63,61,63,0,8046,1.33458767306251,26,-87,0.001869,51,2025-05-05 10:48:30.001143,312,1.037,0.0011,"aoml_navis",1027.91448612191
"7901009",69,0,1,0.01869,1,-0.003738,1,139.446147360711,1,4.86416427869643,314,1,16.3589992523193,36.1450004577637,0.0186899993568659,0,134.467895507812,-87.3192,26.2957,59.5999121482071,63,63,63,63,61,63,0,8046,1.33458767306251,26,-87,0.001869,51,2025-05-05 10:48:30.001143,314,1.037,0.0011,"aoml_navis",1027.92580873522
"7901009",69,0,1,0.016821,1,-0.005607,1,139.179217401791,1,4.86407730235148,316,1,16.2800006866455,36.132999420166,0.0168210007250309,0,134.210494995117,-87.3192,26.2957,59.5999121482071,63,63,63,63,61,63,0,8046,1.33458767306251,26,-87,0.001869,51,2025-05-05 10:48:30.001143,316,1.037,0.0011,"aoml_navis",1027.9441894525
"7901009",69,0,1,0.020559,1,-0.001869,1,139.010077895543,1,4.86401674522948,318,1,16.2339992523193,36.1240005493164,0.020558999851346,0,134.047393798828,-87.3192,26.2957,59.5999121482071,63,63,63,63,61,63,0,8046,1.33458767306251,26,-87,0.001869,51,2025-05-05 10:48:30.001143,318,1.037,0.0011,"aoml_navis",1027.95698738165
"7901009",69,0,1,0.01869,1,-0.003738,1,138.845717146043,1,4.86395152200862,320,1,16.1870002746582,36.1160011291504,0.0186899993568659,0,133.888900756836,-87.3192,26.2957,59.5999121482071,63,63,63,63,61,63,0,8046,1.33458767306251,26,-87,0.001869,51,2025-05-05 10:48:30.001143,320,1.037,0.0011,"aoml_navis",1027.97077178417
"7901009",69,0,1,0.01869,1,-0.003738,1,138.443146449209,1,4.8639077367973,322,1,16.1720008850098,36.1119995117188,0.0186899993568659,0,133.500701904297,-87.3192,26.2957,59.5999121482071,63,63,63,63,61,63,0,8046,1.33458767306251,26,-87,0.001869,51,2025-05-05 10:48:30.001143,322,1.037,0.0011,"aoml_navis",1027.9800256434
"7901009",69,0,1,0.016821,1,-0.005607,1,137.845200555102,1,4.86383421063406,324,1,16.1110000610352,36.1020011901855,0.0168210007250309,0,132.924102783203,-87.3192,26.2957,59.5999121482071,63,63,63,63,61,63,0,8046,1.33458767306251,26,-87,0.001869,51,2025-05-05 10:48:30.001143,324,1.037,0.0011,"aoml_navis",1027.99556552899
"7901009",69,0,1,0.014952,1,-0.007476,1,137.598081865881,1,4.86372322003836,326,1,16,36.0870018005371,0.0149520002305508,0,132.685806274414,-87.3192,26.2957,59.5999121482071,63,63,63,63,61,63,0,8046,1.33458767306251,26,-87,0.001869,51,2025-05-05 10:48:30.001143,326,1.037,0.0011,"aoml_navis",1028.01902447906
"7901009",69,0,1,0.014952,1,-0.007476,1,137.291529367561,1,4.86366178282075,328,1,15.956000328064,36.0789985656738,0.0149520002305508,0,132.390197753906,-87.3192,26.2957,59.5999121482071,63,63,63,63,61,63,0,8046,1.33458767306251,26,-87,0.001869,51,2025-05-05 10:48:30.001143,328,1.037,0.0011,"aoml_navis",1028.03201029743
"7901009",69,0,1,0.013083,1,-0.009345,1,137.052085171794,1,4.86360950525355,330,1,15.9300003051758,36.0740013122559,0.0130829997360706,0,132.159301757812,-87.3192,26.2957,59.5999121482071,63,63,63,63,61,63,0,8046,1.33458767306251,26,-87,0.001869,51,2025-05-05 10:48:30.001143,330,1.037,0.0011,"aoml_navis",1028.04306032364
"7901009",69,0,1,0.014952,1,-0.007476,1,136.645780082269,1,4.86355897526983,332,1,15.8990001678467,36.0670013427734,0.0149520002305508,0,131.767501831055,-87.3192,26.2957,59.5999121482071,63,63,63,63,61,63,0,8046,1.33458767306251,26,-87,0.001869,51,2025-05-05 10:48:30.001143,332,1.037,0.0011,"aoml_navis",1028.05374118499
"7901009",69,0,1,0.020559,1,-0.001869,1,136.269033660315,1,4.86349849964699,334,1,15.8590002059937,36.060001373291,0.020558999851346,0,131.404205322266,-87.3192,26.2957,59.5999121482071,63,63,63,63,61,63,0,8046,1.33458767306251,26,-87,0.001869,51,2025-05-05 10:48:30.001143,334,1.037,0.0011,"aoml_navis",1028.06652461452
"7901009",69,0,1,0.016821,1,-0.005607,1,135.731328583898,1,4.86343017520633,336,1,15.8020000457764,36.0499992370605,0.0168210007250309,0,130.885696411133,-87.3192,26.2957,59.5999121482071,63,63,63,63,61,63,0,8046,1.33458767306251,26,-87,0.001869,51,2025-05-05 10:48:30.001143,336,1.037,0.0011,"aoml_navis",1028.08096752163
"7901009",69,0,4,0.014952,1,-0.007476,1,135.271618514151,1,4.86335080008926,338,1,15.7250003814697,36.0369987487793,0.0149520002305508,0,130.442398071289,-87.3192,26.2957,59.5999121482071,63,63,63,63,61,63,0,8046,1.33458767306251,26,-87,0.001869,51,2025-05-05 10:48:30.001143,338,1.037,0.0011,"aoml_navis",1028.09774690903
"7901009",69,0,1,0.020559,1,-0.001869,1,135.093870916276,1,4.86325946932369,340,1,15.6269998550415,36.0209999084473,0.020558999851346,0,130.27099609375,-87.3192,26.2957,59.5999121482071,63,63,63,63,61,63,0,8046,1.33458767306251,26,-87,0.001869,51,2025-05-05 10:48:30.001143,340,1.037,0.0011,"aoml_navis",1028.11705432105
"7901009",69,0,1,0.020559,1,-0.001869,1,134.928054386575,1,4.86318215346364,342,1,15.5579996109009,36.0099983215332,0.020558999851346,0,130.111099243164,-87.3192,26.2957,59.5999121482071,63,63,63,63,61,63,0,8046,1.33458767306251,26,-87,0.001869,51,2025-05-05 10:48:30.001143,342,1.037,0.0011,"aoml_navis",1028.13339953531
"7901009",69,0,1,0.016821,1,-0.005607,1,134.668071031008,1,4.86311634899575,344,1,15.5059995651245,36.0009994506836,0.0168210007250309,0,129.860397338867,-87.3192,26.2957,59.5999121482071,63,63,63,63,61,63,0,8046,1.33458767306251,26,-87,0.001869,51,2025-05-05 10:48:30.001143,344,1.037,0.0011,"aoml_navis",1028.14731155517
"7901009",69,0,1,0.013083,1,-0.009345,1,134.196018476943,1,4.86305210169885,346,1,15.4519996643066,35.9910011291504,0.0130829997360706,0,129.405197143555,-87.3192,26.2957,59.5999121482071,63,63,63,63,61,63,0,8046,1.33458767306251,26,-87,0.001869,51,2025-05-05 10:48:30.001143,346,1.037,0.0011,"aoml_navis",1028.16089472973
"7901009",69,0,1,0.016821,1,-0.005607,1,133.655829079965,1,4.862985805915,348,1,15.3959999084473,35.9809989929199,0.0168210007250309,0,128.884292602539,-87.3192,26.2957,59.5999121482071,63,63,63,63,61,63,0,8046,1.33458767306251,26,-87,0.001869,51,2025-05-05 10:48:30.001143,348,1.037,0.0011,"aoml_navis",1028.17491137201
"7901009",69,0,1,0.016821,1,-0.005607,1,133.23770368815,1,4.86289254706457,350,1,15.2950000762939,35.9650001525879,0.0168210007250309,0,128.481094360352,-87.3192,26.2957,59.5999121482071,63,63,63,63,61,63,0,8046,1.33458767306251,26,-87,0.001869,51,2025-05-05 10:48:30.001143,350,1.037,0.0011,"aoml_navis",1028.19462935043
"7901009",69,0,1,0.020559,1,-0.001869,1,132.913745122202,1,4.86279923626954,352,1,15.2069997787476,35.9529991149902,0.020558999851346,0,128.168701171875,-87.3192,26.2957,59.5999121482071,63,63,63,63,61,63,0,8046,1.33458767306251,26,-87,0.001869,51,2025-05-05 10:48:30.001143,352,1.037,0.0011,"aoml_navis",1028.21435906857
"7901009",69,0,1,0.016821,1,-0.005607,1,132.467928259162,1,4.86274929031117,354,1,15.168999671936,35.9440002441406,0.0168210007250309,0,127.738800048828,-87.3192,26.2957,59.5999121482071,63,63,63,63,61,63,0,8046,1.33458767306251,26,-87,0.001869,51,2025-05-05 10:48:30.001143,354,1.037,0.0011,"aoml_navis",1028.22491999789
"7901009",69,0,1,0.016821,1,-0.005607,1,131.860749237363,1,4.86268781618341,356,1,15.1269998550415,35.9370002746582,0.0168210007250309,0,127.153297424316,-87.3192,26.2957,59.5999121482071,63,63,63,63,61,63,0,8046,1.33458767306251,26,-87,0.001869,51,2025-05-05 10:48:30.001143,356,1.037,0.0011,"aoml_navis",1028.23791882333
"7901009",69,0,1,0.01869,1,-0.003738,1,131.678341560473,1,4.86258470896623,358,1,15.0089998245239,35.9189987182617,0.0186899993568659,0,126.977401733398,-87.3192,26.2957,59.5999121482071,63,63,63,63,61,63,0,8046,1.33458767306251,26,-87,0.001869,51,2025-05-05 10:48:30.001143,358,1.037,0.0011,"aoml_navis",1028.25972178549
"7901009",69,0,1,0.016821,1,-0.005607,1,131.373664170347,1,4.86253529832064,360,1,14.9779996871948,35.9119987487793,0.0168210007250309,0,126.683601379395,-87.3192,26.2957,59.5999121482071,63,63,63,63,61,63,0,8046,1.33458767306251,26,-87,0.001869,51,2025-05-05 10:48:30.001143,360,1.037,0.0011,"aoml_navis",1028.27017044521
"7901009",69,0,1,0.016821,1,-0.005607,1,130.962999652066,1,4.86248485399048,362,1,14.9460000991821,35.9049987792969,0.0168210007250309,0,126.28759765625,-87.3192,26.2957,59.5999121482071,63,63,63,63,61,63,0,8046,1.33458767306251,26,-87,0.001869,51,2025-05-05 10:48:30.001143,362,1.037,0.0011,"aoml_navis",1028.28083791288
"7901009",69,0,1,0.020559,1,-0.001869,1,130.535649044409,1,4.86241755607085,364,1,14.8879995346069,35.8950004577637,0.020558999851346,0,125.875503540039,-87.3192,26.2957,59.5999121482071,63,63,63,63,61,63,0,8046,1.33458767306251,26,-87,0.001869,51,2025-05-05 10:48:30.001143,364,1.037,0.0011,"aoml_navis",1028.29506975545
"7901009",69,0,1,0.01869,1,-0.003738,1,130.138157754582,1,4.86233405274628,366,1,14.8009996414185,35.8810005187988,0.0186899993568659,0,125.492202758789,-87.3192,26.2957,59.5999121482071,63,63,63,63,61,63,0,8046,1.33458767306251,26,-87,0.001869,51,2025-05-05 10:48:30.001143,366,1.037,0.0011,"aoml_navis",1028.31272918733
"7901009",69,0,1,0.01869,1,-0.003738,1,129.675536124432,1,4.86226421583843,368,1,14.7299995422363,35.8680000305176,0.0186899993568659,0,125.046096801758,-87.3192,26.2957,59.5999121482071,63,63,63,63,61,63,0,8046,1.33458767306251,26,-87,0.001869,51,2025-05-05 10:48:30.001143,368,1.037,0.0011,"aoml_navis",1028.32749888682
"7901009",69,0,1,0.020559,1,-0.001869,1,129.464503378143,1,4.86216799721725,370,1,14.6269998550415,35.8530006408691,0.020558999851346,0,124.842597961426,-87.3192,26.2957,59.5999121482071,63,63,63,63,61,63,0,8046,1.33458767306251,26,-87,0.001869,51,2025-05-05 10:48:30.001143,370,1.037,0.0011,"aoml_navis",1028.34784870898
"7901009",69,0,1,0.020559,1,-0.001869,1,129.273068281634,1,4.86211097489665,372,1,14.5780000686646,35.8429985046387,0.020558999851346,0,124.657997131348,-87.3192,26.2957,59.5999121482071,63,63,63,63,61,63,0,8046,1.33458767306251,26,-87,0.001869,51,2025-05-05 10:48:30.001143,372,1.037,0.0011,"aoml_navis",1028.35990906322
"7901009",69,0,1,0.014952,1,-0.007476,1,129.0807074988,1,4.86204628052443,374,1,14.5319995880127,35.8359985351562,0.0149520002305508,0,124.472503662109,-87.3192,26.2957,59.5999121482071,63,63,63,63,61,63,0,8046,1.33458767306251,26,-87,0.001869,51,2025-05-05 10:48:30.001143,374,1.037,0.0011,"aoml_navis",1028.37359241687
"7901009",69,0,1,0.01869,1,-0.003738,1,128.815431116304,1,4.86199389307688,376,1,14.5080003738403,35.8320007324219,0.0186899993568659,0,124.216697692871,-87.3192,26.2957,59.5999121482071,63,63,63,63,61,63,0,8046,1.33458767306251,26,-87,0.001869,51,2025-05-05 10:48:30.001143,376,1.037,0.0011,"aoml_navis",1028.38467302882
"7901009",69,0,1,0.01869,1,-0.003738,1,128.499558459954,1,4.86194881715674,378,1,14.4840002059937,35.826000213623,0.0186899993568659,0,123.912101745605,-87.3192,26.2957,59.5999121482071,63,63,63,63,61,63,0,8046,1.33458767306251,26,-87,0.001869,51,2025-05-05 10:48:30.001143,378,1.037,0.0011,"aoml_navis",1028.39420735079
"7901009",69,0,1,0.020559,1,-0.001869,1,128.268817298002,1,4.86188373067232,380,1,14.4340000152588,35.818000793457,0.020558999851346,0,123.689598083496,-87.3192,26.2957,59.5999121482071,63,63,63,63,61,63,0,8046,1.33458767306251,26,-87,0.001869,51,2025-05-05 10:48:30.001143,380,1.037,0.0011,"aoml_navis",1028.40797455857
"7901009",69,0,1,0.016821,1,-0.005607,1,128.074581406974,1,4.86182079873699,382,1,14.378999710083,35.8079986572266,0.0168210007250309,0,123.502296447754,-87.3192,26.2957,59.5999121482071,63,63,63,63,61,63,0,8046,1.33458767306251,26,-87,0.001869,51,2025-05-05 10:48:30.001143,382,1.037,0.0011,"aoml_navis",1028.42128638285
"7901009",69,0,1,0.020559,1,-0.001869,1,128.024602257335,1,4.86174388766227,384,1,14.3140001296997,35.798999786377,0.020558999851346,0,123.4541015625,-87.3192,26.2957,59.5999121482071,63,63,63,63,61,63,0,8046,1.33458767306251,26,-87,0.001869,51,2025-05-05 10:48:30.001143,384,1.037,0.0011,"aoml_navis",1028.43755564512
"7901009",69,0,1,0.016821,1,-0.005607,1,127.860858632052,1,4.86168333770462,386,1,14.2749996185303,35.7929992675781,0.0168210007250309,0,123.296203613281,-87.3192,26.2957,59.5999121482071,63,63,63,63,61,63,0,8046,1.33458767306251,26,-87,0.001869,51,2025-05-05 10:48:30.001143,386,1.037,0.0011,"aoml_navis",1028.45036434658
"7901009",69,0,1,0.020559,1,-0.001869,1,127.550263178932,1,4.86163379518101,388,1,14.25,35.7879981994629,0.020558999851346,0,122.996696472168,-87.3192,26.2957,59.5999121482071,63,63,63,63,61,63,0,8046,1.33458767306251,26,-87,0.001869,51,2025-05-05 10:48:30.001143,388,1.037,0.0011,"aoml_navis",1028.46084477941
"7901009",69,0,1,0.022428,1,0,1,127.159409930351,1,4.86156085892391,390,1,14.1920003890991,35.7799987792969,0.0224280003458261,0,122.61979675293,-87.3192,26.2957,59.5999121482071,63,63,63,63,61,63,0,8046,1.33458767306251,26,-87,0.001869,51,2025-05-05 10:48:30.001143,390,1.037,0.0011,"aoml_navis",1028.47627440927
"7901009",69,0,1,0.024297,1,0.001869,1,126.656042278254,1,4.86147771026899,392,1,14.1169996261597,35.7700004577637,0.0242970008403063,0,122.134399414062,-87.3192,26.2957,59.5999121482071,63,63,63,63,61,63,0,8046,1.33458767306251,26,-87,0.001869,51,2025-05-05 10:48:30.001143,392,1.037,0.0011,"aoml_navis",1028.4938650317
"7901009",69,0,1,0.01869,1,-0.003738,1,126.415664484315,1,4.86138556286761,394,1,14.0260000228882,35.757999420166,0.0186899993568659,0,121.902603149414,-87.3192,26.2957,59.5999121482071,63,63,63,63,61,63,0,8046,1.33458767306251,26,-87,0.001869,51,2025-05-05 10:48:30.001143,394,1.037,0.0011,"aoml_navis",1028.51336009864
"7901009",69,0,1,0.022428,1,0,1,126.223501497704,1,4.86132916818306,396,1,13.9799995422363,35.7490005493164,0.0224280003458261,0,121.717300415039,-87.3192,26.2957,59.5999121482071,63,63,63,63,61,63,0,8046,1.33458767306251,26,-87,0.001869,51,2025-05-05 10:48:30.001143,396,1.037,0.0011,"aoml_navis",1028.52529154465
"7901009",69,0,1,0.022428,1,0,1,126.046070373786,1,4.86127072212478,398,1,13.9390001296997,35.742000579834,0.0224280003458261,0,121.546203613281,-87.3192,26.2957,59.5999121482071,63,63,63,63,61,63,0,8046,1.33458767306251,26,-87,0.001869,51,2025-05-05 10:48:30.001143,398,1.037,0.0011,"aoml_navis",1028.53765729274
"7901009",69,0,1,0.020559,1,-0.001869,1,125.816057101934,1,4.86119258012584,400,1,13.8610000610352,35.7299995422363,0.020558999851346,0,121.324401855469,-87.3192,26.2957,59.5999121482071,63,63,63,63,61,63,0,8046,1.33458767306251,26,-87,0.001869,51,2025-05-05 10:48:30.001143,400,1.037,0.0011,"aoml_navis",1028.55419068186
"7901009",69,0,1,0.022428,1,0,1,125.222882052727,1,4.86112228736175,402,1,13.793999671936,35.7190017700195,0.0224280003458261,0,120.752403259277,-87.3192,26.2957,59.5999121482071,63,63,63,63,61,63,0,8046,1.33458767306251,26,-87,0.001869,51,2025-05-05 10:48:30.001143,402,1.037,0.0011,"aoml_navis",1028.56906377346
"7901009",69,0,1,0.020559,1,-0.001869,1,124.437955433054,1,4.8610660578967,404,1,13.7620000839233,35.7140007019043,0.020558999851346,0,119.995498657227,-87.3192,26.2957,59.5999121482071,63,63,63,63,61,63,0,8046,1.33458767306251,26,-87,0.001869,51,2025-05-05 10:48:30.001143,404,1.037,0.0011,"aoml_navis",1028.58096155217
"7901009",69,0,1,0.024297,1,0.001869,1,123.676265913663,1,4.86101891423711,406,1,13.746000289917,35.7109985351562,0.0242970008403063,0,119.261001586914,-87.3192,26.2957,59.5999121482071,63,63,63,63,61,63,0,8046,1.33458767306251,26,-87,0.001869,51,2025-05-05 10:48:30.001143,406,1.037,0.0011,"aoml_navis",1028.59093704734
"7901009",69,0,1,0.020559,1,-0.001869,1,123.032692386825,1,4.86097496875604,408,1,13.7259998321533,35.7060012817383,0.020558999851346,0,118.640403747559,-87.3192,26.2957,59.5999121482071,63,63,63,63,61,63,0,8046,1.33458767306251,26,-87,0.001869,51,2025-05-05 10:48:30.001143,408,1.037,0.0011,"aoml_navis",1028.60023598919
"7901009",69,0,1,0.022428,1,0,1,122.677719373103,1,4.86089818053296,410,1,13.6630001068115,35.6980018615723,0.0224280003458261,0,118.29810333252,-87.3192,26.2957,59.5999121482071,63,63,63,63,61,63,0,8046,1.33458767306251,26,-87,0.001869,51,2025-05-05 10:48:30.001143,410,1.037,0.0011,"aoml_navis",1028.61648491715
"7901009",69,0,1,0.01869,1,-0.003738,1,122.516665776453,1,4.86083883030865,412,1,13.6169996261597,35.689998626709,0.0186899993568659,0,118.142799377441,-87.3192,26.2957,59.5999121482071,63,63,63,63,61,63,0,8046,1.33458767306251,26,-87,0.001869,51,2025-05-05 10:48:30.001143,412,1.037,0.0011,"aoml_navis",1028.6290441937
"7901009",69,0,1,0.020559,1,-0.001869,1,122.367748956049,1,4.86077144305143,414,1,13.5629997253418,35.681999206543,0.020558999851346,0,117.999198913574,-87.3192,26.2957,59.5999121482071,63,63,63,63,61,63,0,8046,1.33458767306251,26,-87,0.001869,51,2025-05-05 10:48:30.001143,414,1.037,0.0011,"aoml_navis",1028.64330458236
"7901009",69,0,1,0.016821,1,-0.005607,1,122.237084771107,1,4.86071045202241,416,1,13.5080003738403,35.6720008850098,0.0168210007250309,0,117.873199462891,-87.3192,26.2957,59.5999121482071,63,63,63,63,61,63,0,8046,1.33458767306251,26,-87,0.001869,51,2025-05-05 10:48:30.001143,416,1.037,0.0011,"aoml_navis",1028.65621175185
"7901009",69,0,1,0.01869,1,-0.003738,1,122.088270804738,1,4.86063710799147,418,1,13.4370002746582,35.6609992980957,0.0186899993568659,0,117.729698181152,-87.3192,26.2957,59.5999121482071,63,63,63,63,61,63,0,8046,1.33458767306251,26,-87,0.001869,51,2025-05-05 10:48:30.001143,418,1.037,0.0011,"aoml_navis",1028.67173354279
"7901009",69,0,1,0.024297,1,0.001869,1,121.6343680321,1,4.86057074801662,420,1,13.3800001144409,35.6520004272461,0.0242970008403063,0,117.291999816895,-87.3192,26.2957,59.5999121482071,63,63,63,63,61,63,0,8046,1.33458767306251,26,-87,0.001869,51,2025-05-05 10:48:30.001143,420,1.037,0.0011,"aoml_navis",1028.68577770219
"7901009",69,0,1,0.024297,1,0.001869,1,120.904824354878,1,4.86051529840936,422,1,13.3409996032715,35.6450004577637,0.0242970008403063,0,116.588500976562,-87.3192,26.2957,59.5999121482071,63,63,63,63,61,63,0,8046,1.33458767306251,26,-87,0.001869,51,2025-05-05 10:48:30.001143,422,1.037,0.0011,"aoml_navis",1028.69751312917
"7901009",69,0,1,0.022428,1,0,1,120.396060821817,1,4.86042537282562,424,1,13.2419996261597,35.6310005187988,0.0224280003458261,0,116.097900390625,-87.3192,26.2957,59.5999121482071,63,63,63,63,61,63,0,8046,1.33458767306251,26,-87,0.001869,51,2025-05-05 10:48:30.001143,424,1.037,0.0011,"aoml_navis",1028.71654566589
"7901009",69,0,4,0.016821,1,-0.005607,1,119.759125336224,1,4.86035715171862,426,1,13.1789999008179,35.6209983825684,0.0168210007250309,0,115.483703613281,-87.3192,26.2957,59.5999121482071,63,63,63,63,61,63,0,8046,1.33458767306251,26,-87,0.001869,51,2025-05-05 10:48:30.001143,426,1.037,0.0011,"aoml_navis",1028.73098497134
"7901009",69,0,1,0.026166,1,0.003738,1,119.078215794324,1,4.86027881184814,428,1,13.1020002365112,35.6100006103516,0.0261659994721413,0,114.827102661133,-87.3192,26.2957,59.5999121482071,63,63,63,63,61,63,0,8046,1.33458767306251,26,-87,0.001869,51,2025-05-05 10:48:30.001143,428,1.037,0.0011,"aoml_navis",1028.74756645879
"7901009",69,0,1,0.020559,1,-0.001869,1,118.137117188785,1,4.86022214315106,430,1,13.0649995803833,35.6040000915527,0.020558999851346,0,113.91960144043,-87.3192,26.2957,59.5999121482071,63,63,63,63,61,63,0,8046,1.33458767306251,26,-87,0.001869,51,2025-05-05 10:48:30.001143,430,1.037,0.0011,"aoml_navis",1028.75956133938
"7901009",69,0,1,0.024297,1,0.001869,1,117.39159948859,1,4.86015072631964,432,1,13.0019998550415,35.5950012207031,0.0242970008403063,0,113.200698852539,-87.3192,26.2957,59.5999121482071,63,63,63,63,61,63,0,8046,1.33458767306251,26,-87,0.001869,51,2025-05-05 10:48:30.001143,432,1.037,0.0011,"aoml_navis",1028.77467830844
"7901009",69,0,1,0.020559,1,-0.001869,1,116.660188615023,1,4.86008600117906,434,1,12.9530000686646,35.5880012512207,0.020558999851346,0,112.495399475098,-87.3192,26.2957,59.5999121482071,63,63,63,63,61,63,0,8046,1.33458767306251,26,-87,0.001869,51,2025-05-05 10:48:30.001143,434,1.037,0.0011,"aoml_navis",1028.78837921531
"7901009",69,0,1,0.022428,1,0,1,116.15723237907,1,4.86002196338632,436,1,12.9119997024536,35.5830001831055,0.0224280003458261,0,112.010398864746,-87.3192,26.2957,59.5999121482071,63,63,63,63,61,63,0,8046,1.33458767306251,26,-87,0.001869,51,2025-05-05 10:48:30.001143,436,1.037,0.0011,"aoml_navis",1028.8019349847
"7901009",69,0,1,0.022428,1,0,1,116.456933216224,1,4.85996557728702,438,1,12.875,35.5769996643066,0.0224280003458261,0,112.29940032959,-87.3192,26.2957,59.5999121482071,63,63,63,63,61,63,0,8046,1.33458767306251,26,-87,0.001869,51,2025-05-05 10:48:30.001143,438,1.037,0.0011,"aoml_navis",1028.81387130959
"7901009",69,0,1,0.022428,1,0,1,117.38205779879,1,4.85991654088972,440,1,12.8380002975464,35.5690002441406,0.0224280003458261,0,113.191497802734,-87.3192,26.2957,59.5999121482071,63,63,63,63,61,63,0,8046,1.33458767306251,26,-87,0.001869,51,2025-05-05 10:48:30.001143,440,1.037,0.0011,"aoml_navis",1028.82425200755
"7901009",69,0,1,0.024297,1,0.001869,1,118.787123048796,1,4.85983307820773,442,1,12.7360000610352,35.5530014038086,0.0242970008403063,0,114.546401977539,-87.3192,26.2957,59.5999121482071,63,63,63,63,61,63,0,8046,1.33458767306251,26,-87,0.001869,51,2025-05-05 10:48:30.001143,442,1.037,0.0011,"aoml_navis",1028.84192101593
"7901009",69,0,1,0.020559,1,-0.001869,1,120.023040880705,1,4.85975665473856,444,1,12.6370000839233,35.5359992980957,0.020558999851346,0,115.73819732666,-87.3192,26.2957,59.5999121482071,63,63,63,63,61,63,0,8046,1.33458767306251,26,-87,0.001869,51,2025-05-05 10:48:30.001143,444,1.037,0.0011,"aoml_navis",1028.85810035873
"7901009",69,0,1,0.024297,1,0.001869,1,120.794691417888,1,4.85966813317903,446,1,12.5100002288818,35.5149993896484,0.0242970008403063,0,116.482299804688,-87.3192,26.2957,59.5999121482071,63,63,63,63,61,63,0,8046,1.33458767306251,26,-87,0.001869,51,2025-05-05 10:48:30.001143,446,1.037,0.0011,"aoml_navis",1028.8768415816
"7901009",69,0,1,0.01869,1,-0.003738,1,120.986537930542,1,4.85961600907095,448,1,12.4729995727539,35.507999420166,0.0186899993568659,0,116.667297363281,-87.3192,26.2957,59.5999121482071,63,63,63,63,61,63,0,8046,1.33458767306251,26,-87,0.001869,51,2025-05-05 10:48:30.001143,448,1.037,0.0011,"aoml_navis",1028.8878772864
"7901009",69,0,1,0.022428,1,0,1,121.059959888535,1,4.85957132151515,450,1,12.4549999237061,35.5040016174316,0.0224280003458261,0,116.738098144531,-87.3192,26.2957,59.5999121482071,63,63,63,63,61,63,0,8046,1.33458767306251,26,-87,0.001869,51,2025-05-05 10:48:30.001143,450,1.037,0.0011,"aoml_navis",1028.89733871445
"7901009",69,0,1,0.022428,1,0,1,120.939462429457,1,4.85952837962159,452,1,12.4350004196167,35.4990005493164,0.0224280003458261,0,116.62190246582,-87.3192,26.2957,59.5999121482071,63,63,63,63,61,63,0,8046,1.33458767306251,26,-87,0.001869,51,2025-05-05 10:48:30.001143,452,1.037,0.0011,"aoml_navis",1028.90643070786
"7901009",69,0,1,0.020559,1,-0.001869,1,120.882631618653,1,4.85947078605344,454,1,12.3959999084473,35.4930000305176,0.020558999851346,0,116.567100524902,-87.3192,26.2957,59.5999121482071,63,63,63,63,61,63,0,8046,1.33458767306251,26,-87,0.001869,51,2025-05-05 10:48:30.001143,454,1.037,0.0011,"aoml_navis",1028.91862512064
"7901009",69,0,1,0.022428,1,0,1,120.785046874052,1,4.85941113381287,456,1,12.3509998321533,35.4860000610352,0.0224280003458261,0,116.472999572754,-87.3192,26.2957,59.5999121482071,63,63,63,63,61,63,0,8046,1.33458767306251,26,-87,0.001869,51,2025-05-05 10:48:30.001143,456,1.037,0.0011,"aoml_navis",1028.93125572539
"7901009",69,0,1,0.022428,1,0,1,120.71763792124,1,4.85934543441208,458,1,12.2919998168945,35.4770011901855,0.0224280003458261,0,116.407997131348,-87.3192,26.2957,59.5999121482071,63,63,63,63,61,63,0,8046,1.33458767306251,26,-87,0.001869,51,2025-05-05 10:48:30.001143,458,1.037,0.0011,"aoml_navis",1028.9451670984
"7901009",69,0,1,0.024297,1,0.001869,1,120.654074127003,1,4.8592920776177,460,1,12.2609996795654,35.4720001220703,0.0242970008403063,0,116.346702575684,-87.3192,26.2957,59.5999121482071,63,63,63,63,61,63,0,8046,1.33458767306251,26,-87,0.001869,51,2025-05-05 10:48:30.001143,460,1.037,0.0011,"aoml_navis",1028.95646529058
"7901009",69,0,1,0.022428,1,0,1,120.589980238888,1,4.85923050809502,461.899993896484,1,12.2229995727539,35.4679985046387,0.0224280003458261,0,116.284896850586,-87.3192,26.2957,59.5999121482071,63,63,63,63,61,63,0,8046,1.33458767306251,26,-87,0.001869,51,2025-05-05 10:48:30.001143,461.899993896484,1.037,0.0011,"aoml_navis",1028.96950281952
"7901009",69,0,1,0.022428,1,0,1,120.432249618785,1,4.85917833027236,464,1,12.2030000686646,35.4650001525879,0.0224280003458261,0,116.132797241211,-87.3192,26.2957,59.5999121482071,63,63,63,63,61,63,0,8046,1.33458767306251,26,-87,0.001869,51,2025-05-05 10:48:30.001143,464,1.037,0.0011,"aoml_navis",1028.98055188679
"7901009",69,0,1,0.026166,1,0.003738,1,120.264668746774,1,4.85912715548163,466,1,12.1780004501343,35.4609985351562,0.0261659994721413,0,115.971199035645,-87.3192,26.2957,59.5999121482071,63,63,63,63,61,63,0,8046,1.33458767306251,26,-87,0.001869,51,2025-05-05 10:48:30.001143,466,1.037,0.0011,"aoml_navis",1028.9913887846
"7901009",69,0,1,0.028035,1,0.005607,1,120.009875564099,1,4.85908776576421,468,1,12.1730003356934,35.4589996337891,0.0280349999666214,0,115.72550201416,-87.3192,26.2957,59.5999121482071,63,63,63,63,61,63,0,8046,1.33458767306251,26,-87,0.001869,51,2025-05-05 10:48:30.001143,468,1.037,0.0011,"aoml_navis",1028.99973020216
"7901009",69,0,1,0.022428,1,0,1,119.706234626182,1,4.85900806189106,470,1,12.0950002670288,35.4490013122559,0.0224280003458261,0,115.43270111084,-87.3192,26.2957,59.5999121482071,63,63,63,63,61,63,0,8046,1.33458767306251,26,-87,0.001869,51,2025-05-05 10:48:30.001143,470,1.037,0.0011,"aoml_navis",1029.01660921593
"7901009",69,0,1,0.022428,1,0,1,119.583759204874,1,4.85893120093223,472,1,12.0120000839233,35.4370002746582,0.0224280003458261,0,115.314598083496,-87.3192,26.2957,59.5999121482071,63,63,63,63,61,63,0,8046,1.33458767306251,26,-87,0.001869,51,2025-05-05 10:48:30.001143,472,1.037,0.0011,"aoml_navis",1029.03288670576
"7901009",69,0,1,0.024297,1,0.001869,1,119.406636643064,1,4.85887117938413,474,1,11.9619998931885,35.4290008544922,0.0242970008403063,0,115.143798828125,-87.3192,26.2957,59.5999121482071,63,63,63,63,61,63,0,8046,1.33458767306251,26,-87,0.001869,51,2025-05-05 10:48:30.001143,474,1.037,0.0011,"aoml_navis",1029.04559833047
"7901009",69,0,1,0.020559,1,-0.001869,1,119.202866974085,1,4.85881515486775,476,1,11.9200000762939,35.4220008850098,0.020558999851346,0,114.947303771973,-87.3192,26.2957,59.5999121482071,63,63,63,63,61,63,0,8046,1.33458767306251,26,-87,0.001869,51,2025-05-05 10:48:30.001143,476,1.037,0.0011,"aoml_navis",1029.05746372978
"7901009",69,0,1,0.028035,1,0.005607,1,118.934900562956,1,4.85875720651691,478,1,11.8719997406006,35.4140014648438,0.0280349999666214,0,114.688903808594,-87.3192,26.2957,59.5999121482071,63,63,63,63,61,63,0,8046,1.33458767306251,26,-87,0.001869,51,2025-05-05 10:48:30.001143,478,1.037,0.0011,"aoml_navis",1029.06973686474
"7901009",69,0,1,0.022428,1,0,1,118.830052741045,1,4.85867260597545,480,1,11.7760000228882,35.4010009765625,0.0224280003458261,0,114.587799072266,-87.3192,26.2957,59.5999121482071,63,63,63,63,61,63,0,8046,1.33458767306251,26,-87,0.001869,51,2025-05-05 10:48:30.001143,480,1.037,0.0011,"aoml_navis",1029.08765530955
"7901009",69,0,1,0.026166,1,0.003738,1,118.74864772749,1,4.85860942601028,482,1,11.7259998321533,35.3940010070801,0.0261659994721413,0,114.509300231934,-87.3192,26.2957,59.5999121482071,63,63,63,63,61,63,0,8046,1.33458767306251,26,-87,0.001869,51,2025-05-05 10:48:30.001143,482,1.037,0.0011,"aoml_navis",1029.10103727062
"7901009",69,0,1,0.024297,1,0.001869,1,118.553066822145,1,4.85856635955035,484,1,11.7170000076294,35.3919982910156,0.0242970008403063,0,114.320701599121,-87.3192,26.2957,59.5999121482071,63,63,63,63,61,63,0,8046,1.33458767306251,26,-87,0.001869,51,2025-05-05 10:48:30.001143,484,1.037,0.0011,"aoml_navis",1029.11015924927
"7901009",69,0,1,0.024297,1,0.001869,1,118.268406409791,1,4.8585297401467,486,1,11.7110004425049,35.3889999389648,0.0242970008403063,0,114.046203613281,-87.3192,26.2957,59.5999121482071,63,63,63,63,61,63,0,8046,1.33458767306251,26,-87,0.001869,51,2025-05-05 10:48:30.001143,486,1.037,0.0011,"aoml_navis",1029.11791579339
"7901009",69,0,1,0.029904,1,0.007476,1,118.042230384666,1,4.85846361241958,488,1,11.6420001983643,35.3779983520508,0.0299040004611015,0,113.828102111816,-87.3192,26.2957,59.5999121482071,63,63,63,63,61,63,0,8046,1.33458767306251,26,-87,0.001869,51,2025-05-05 10:48:30.001143,488,1.037,0.0011,"aoml_navis",1029.13192294342
"7901009",69,0,1,0.024297,1,0.001869,1,117.97315994358,1,4.85841941889515,490,1,11.6199998855591,35.3730010986328,0.0242970008403063,0,113.761497497559,-87.3192,26.2957,59.5999121482071,63,63,63,63,61,63,0,8046,1.33458767306251,26,-87,0.001869,51,2025-05-05 10:48:30.001143,490,1.037,0.0011,"aoml_navis",1029.14128421153
"7901009",69,0,1,0.026166,1,0.003738,1,117.882007532153,1,4.85836987265436,492,1,11.6040000915527,35.3709983825684,0.0261659994721413,0,113.673599243164,-87.3192,26.2957,59.5999121482071,63,63,63,63,61,63,0,8046,1.33458767306251,26,-87,0.001869,51,2025-05-05 10:48:30.001143,492,1.037,0.0011,"aoml_navis",1029.15177951823
"7901009",69,0,1,0.024297,1,0.001869,1,117.806718377814,1,4.85832670152643,494,1,11.5869998931885,35.367000579834,0.0242970008403063,0,113.600997924805,-87.3192,26.2957,59.5999121482071,63,63,63,63,61,63,0,8046,1.33458767306251,26,-87,0.001869,51,2025-05-05 10:48:30.001143,494,1.037,0.0011,"aoml_navis",1029.16092456875
"7901009",69,0,1,0.024297,1,0.001869,1,117.691300325744,1,4.85828361580918,496,1,11.5740003585815,35.3639984130859,0.0242970008403063,0,113.489700317383,-87.3192,26.2957,59.5999121482071,63,63,63,63,61,63,0,8046,1.33458767306251,26,-87,0.001869,51,2025-05-05 10:48:30.001143,496,1.037,0.0011,"aoml_navis",1029.17005168856
"7901009",69,0,1,0.024297,1,0.001869,1,117.591642676726,1,4.85823495200458,498,1,11.5550003051758,35.3610000610352,0.0242970008403063,0,113.393600463867,-87.3192,26.2957,59.5999121482071,63,63,63,63,61,63,0,8046,1.33458767306251,26,-87,0.001869,51,2025-05-05 10:48:30.001143,498,1.037,0.0011,"aoml_navis",1029.18036064454
"7901009",69,0,1,0.024297,1,0.001869,1,117.565406985702,1,4.85817961616585,500,1,11.5129995346069,35.3540000915527,0.0242970008403063,0,113.368301391602,-87.3192,26.2957,59.5999121482071,63,63,63,63,61,63,0,8046,1.33458767306251,26,-87,0.001869,51,2025-05-05 10:48:30.001143,500,1.037,0.0011,"aoml_navis",1029.19208325732
"7901009",69,0,1,0.028035,1,0.005607,1,117.603771541123,1,4.85812061463332,502,1,11.4630002975464,35.3460006713867,0.0280349999666214,0,113.405296325684,-87.3192,26.2957,59.5999121482071,63,63,63,63,61,63,0,8046,1.33458767306251,26,-87,0.001869,51,2025-05-05 10:48:30.001143,502,1.037,0.0011,"aoml_navis",1029.20458272265
"7901009",69,0,1,0.022428,1,0,1,117.563848351464,1,4.8580692365931,504,1,11.4370002746582,35.3419990539551,0.0224280003458261,0,113.366798400879,-87.3192,26.2957,59.5999121482071,63,63,63,63,61,63,0,8046,1.33458767306251,26,-87,0.001869,51,2025-05-05 10:48:30.001143,504,1.037,0.0011,"aoml_navis",1029.21546739964
"7901009",69,0,1,0.028035,1,0.005607,1,117.412130736542,1,4.85802720022665,506,1,11.4329996109009,35.3409996032715,0.0280349999666214,0,113.220497131348,-87.3192,26.2957,59.5999121482071,63,63,63,63,61,63,0,8046,1.33458767306251,26,-87,0.001869,51,2025-05-05 10:48:30.001143,506,1.037,0.0011,"aoml_navis",1029.22437317081
"7901009",69,0,1,0.024297,1,0.001869,1,117.259068107302,1,4.85797768132431,508,1,11.4090003967285,35.3370018005371,0.0242970008403063,0,113.072898864746,-87.3192,26.2957,59.5999121482071,63,63,63,63,61,63,0,8046,1.33458767306251,26,-87,0.001869,51,2025-05-05 10:48:30.001143,508,1.037,0.0011,"aoml_navis",1029.23486438023
"7901009",69,0,1,0.026166,1,0.003738,1,117.061722859648,1,4.85792638403991,510,1,11.3870000839233,35.3339996337891,0.0261659994721413,0,112.882598876953,-87.3192,26.2957,59.5999121482071,63,63,63,63,61,63,0,8046,1.33458767306251,26,-87,0.001869,51,2025-05-05 10:48:30.001143,510,1.037,0.0011,"aoml_navis",1029.24573258806
"7901009",69,0,1,0.022428,1,0,1,116.95128136055,1,4.85787040962818,512,1,11.3439998626709,35.3269996643066,0.0224280003458261,0,112.776100158691,-87.3192,26.2957,59.5999121482071,63,63,63,63,61,63,0,8046,1.33458767306251,26,-87,0.001869,51,2025-05-05 10:48:30.001143,512,1.037,0.0011,"aoml_navis",1029.25759198725
"7901009",69,0,1,0.022428,1,0,1,116.850895821432,1,4.8578044098672,514,1,11.28600025177,35.3190002441406,0.0224280003458261,0,112.679298400879,-87.3192,26.2957,59.5999121482071,63,63,63,63,61,63,0,8046,1.33458767306251,26,-87,0.001869,51,2025-05-05 10:48:30.001143,514,1.037,0.0011,"aoml_navis",1029.27157582631
"7901009",69,0,1,0.026166,1,0.003738,1,116.793550740447,1,4.85773306823752,516,1,11.2180004119873,35.310001373291,0.0261659994721413,0,112.624000549316,-87.3192,26.2957,59.5999121482071,63,63,63,63,61,63,0,8046,1.33458767306251,26,-87,0.001869,51,2025-05-05 10:48:30.001143,516,1.037,0.0011,"aoml_navis",1029.28669191247
"7901009",69,0,1,0.024297,1,0.001869,1,116.718364440144,1,4.85768012612702,518,1,11.1820001602173,35.3040008544922,0.0242970008403063,0,112.551498413086,-87.3192,26.2957,59.5999121482071,63,63,63,63,61,63,0,8046,1.33458767306251,26,-87,0.001869,51,2025-05-05 10:48:30.001143,518,1.037,0.0011,"aoml_navis",1029.29790973834
"7901009",69,0,1,0.024297,1,0.001869,1,116.585421642713,1,4.85762266907109,520,1,11.1450004577637,35.298999786377,0.0242970008403063,0,112.423301696777,-87.3192,26.2957,59.5999121482071,63,63,63,63,61,63,0,8046,1.33458767306251,26,-87,0.001869,51,2025-05-05 10:48:30.001143,520,1.037,0.0011,"aoml_navis",1029.31008450604
"7901009",69,0,1,0.024297,1,0.001869,1,116.470517860823,1,4.85756981297377,522,1,11.1129999160767,35.2939987182617,0.0242970008403063,0,112.3125,-87.3192,26.2957,59.5999121482071,63,63,63,63,61,63,0,8046,1.33458767306251,26,-87,0.001869,51,2025-05-05 10:48:30.001143,522,1.037,0.0011,"aoml_navis",1029.32128461558
"7901009",69,0,1,0.026166,1,0.003738,1,116.40736548273,1,4.85751160429303,524,1,11.0670003890991,35.2869987487793,0.0261659994721413,0,112.251602172852,-87.3192,26.2957,59.5999121482071,63,63,63,63,61,63,0,8046,1.33458767306251,26,-87,0.001869,51,2025-05-05 10:48:30.001143,524,1.037,0.0011,"aoml_navis",1029.33361920969
"7901009",69,0,1,0.026166,1,0.003738,1,116.438886288834,1,4.85744352597536,526,1,11.0100002288818,35.2799987792969,0.0261659994721413,0,112.281997680664,-87.3192,26.2957,59.5999121482071,63,63,63,63,61,63,0,8046,1.33458767306251,26,-87,0.001869,51,2025-05-05 10:48:30.001143,526,1.037,0.0011,"aoml_navis",1029.34804558454
"7901009",69,0,1,0.024297,1,0.001869,1,116.406740446665,1,4.85739436159169,528,1,10.9899997711182,35.2770004272461,0.0242970008403063,0,112.250999450684,-87.3192,26.2957,59.5999121482071,63,63,63,63,61,63,0,8046,1.33458767306251,26,-87,0.001869,51,2025-05-05 10:48:30.001143,528,1.037,0.0011,"aoml_navis",1029.35846418728
"7901009",69,0,1,0.024297,1,0.001869,1,116.329275533872,1,4.85735416541204,530,1,10.9879999160767,35.2760009765625,0.0242970008403063,0,112.176300048828,-87.3192,26.2957,59.5999121482071,63,63,63,63,61,63,0,8046,1.33458767306251,26,-87,0.001869,51,2025-05-05 10:48:30.001143,530,1.037,0.0011,"aoml_navis",1029.36698246212
"7901009",69,0,1,0.024297,1,0.001869,1,116.173823526259,1,4.85730583450624,532,1,10.9770002365112,35.2750015258789,0.0242970008403063,0,112.026397705078,-87.3192,26.2957,59.5999121482071,63,63,63,63,61,63,0,8046,1.33458767306251,26,-87,0.001869,51,2025-05-05 10:48:30.001143,532,1.037,0.0011,"aoml_navis",1029.37722481464
"7901009",69,0,1,0.028035,1,0.005607,1,116.097086503567,1,4.85725946225147,534,1,10.956000328064,35.2709999084473,0.0280349999666214,0,111.95240020752,-87.3192,26.2957,59.5999121482071,63,63,63,63,61,63,0,8046,1.33458767306251,26,-87,0.001869,51,2025-05-05 10:48:30.001143,534,1.037,0.0011,"aoml_navis",1029.38705227873
"7901009",69,0,1,0.024297,1,0.001869,1,116.035904175855,1,4.85719963072883,536,1,10.9160003662109,35.265998840332,0.0242970008403063,0,111.893402099609,-87.3192,26.2957,59.5999121482071,63,63,63,63,61,63,0,8046,1.33458767306251,26,-87,0.001869,51,2025-05-05 10:48:30.001143,536,1.037,0.0011,"aoml_navis",1029.39973238237
"7901009",69,0,1,0.024297,1,0.001869,1,116.027810354409,1,4.85713548926363,538,1,10.8629999160767,35.2589988708496,0.0242970008403063,0,111.885597229004,-87.3192,26.2957,59.5999121482071,63,63,63,63,61,63,0,8046,1.33458767306251,26,-87,0.001869,51,2025-05-05 10:48:30.001143,538,1.037,0.0011,"aoml_navis",1029.41332623975
"7901009",69,0,1,0.026166,1,0.003738,1,115.938319431255,1,4.85709002847425,540,1,10.8470001220703,35.2560005187988,0.0261659994721413,0,111.799301147461,-87.3192,26.2957,59.5999121482071,63,63,63,63,61,63,0,8046,1.33458767306251,26,-87,0.001869,51,2025-05-05 10:48:30.001143,540,1.037,0.0011,"aoml_navis",1029.42296121504
"7901009",69,0,1,0.022428,1,0,1,115.845086203562,1,4.8570392043369,542,1,10.8249998092651,35.2529983520508,0.0224280003458261,0,111.709396362305,-87.3192,26.2957,59.5999121482071,63,63,63,63,61,63,0,8046,1.33458767306251,26,-87,0.001869,51,2025-05-05 10:48:30.001143,542,1.037,0.0011,"aoml_navis",1029.43373311367
"7901009",69,0,1,0.024297,1,0.001869,1,115.759741089243,1,4.85698748813912,544,1,10.8020000457764,35.25,0.0242970008403063,0,111.627098083496,-87.3192,26.2957,59.5999121482071,63,63,63,63,61,63,0,8046,1.33458767306251,26,-87,0.001869,51,2025-05-05 10:48:30.001143,544,1.037,0.0011,"aoml_navis",1029.44469431106
"7901009",69,0,1,0.026166,1,0.003738,1,115.614867223638,1,4.85693782677218,546,1,10.7690000534058,35.2439994812012,0.0261659994721413,0,111.487396240234,-87.3192,26.2957,59.5999121482071,63,63,63,63,61,63,0,8046,1.33458767306251,26,-87,0.001869,51,2025-05-05 10:48:30.001143,546,1.037,0.0011,"aoml_navis",1029.45522020876
"7901009",69,0,1,0.028035,1,0.005607,1,115.546326876429,1,4.85688186883673,548,1,10.7329998016357,35.2389984130859,0.0280349999666214,0,111.42130279541,-87.3192,26.2957,59.5999121482071,63,63,63,63,61,63,0,8046,1.33458767306251,26,-87,0.001869,51,2025-05-05 10:48:30.001143,548,1.037,0.0011,"aoml_navis",1029.46708094376
"7901009",69,0,1,0.026166,1,0.003738,1,115.421572842632,1,4.85682684172293,550,1,10.6979999542236,35.234001159668,0.0261659994721413,0,111.301002502441,-87.3192,26.2957,59.5999121482071,63,63,63,63,61,63,0,8046,1.33458767306251,26,-87,0.001869,51,2025-05-05 10:48:30.001143,550,1.037,0.0011,"aoml_navis",1029.47874465014
"7901009",69,0,1,0.024297,1,0.001869,1,115.470934868054,1,4.85675961154359,552,1,10.6409997940063,35.2270011901855,0.0242970008403063,0,111.348602294922,-87.3192,26.2957,59.5999121482071,63,63,63,63,61,63,0,8046,1.33458767306251,26,-87,0.001869,51,2025-05-05 10:48:30.001143,552,1.037,0.0011,"aoml_navis",1029.49299531234
"7901009",69,0,1,0.028035,1,0.005607,1,115.507748701087,1,4.85670306158291,554,1,10.6000003814697,35.2210006713867,0.0280349999666214,0,111.384101867676,-87.3192,26.2957,59.5999121482071,63,63,63,63,61,63,0,8046,1.33458767306251,26,-87,0.001869,51,2025-05-05 10:48:30.001143,554,1.037,0.0011,"aoml_navis",1029.50498241298
"7901009",69,0,1,0.028035,1,0.005607,1,115.408811030321,1,4.85665487301637,556,1,10.58899974823,35.2200012207031,0.0280349999666214,0,111.288696289062,-87.3192,26.2957,59.5999121482071,63,63,63,63,61,63,0,8046,1.33458767306251,26,-87,0.001869,51,2025-05-05 10:48:30.001143,556,1.037,0.0011,"aoml_navis",1029.51519733882
"7901009",69,0,1,0.024297,1,0.001869,1,115.32076797552,1,4.85661036334356,558,1,10.5780000686646,35.2179985046387,0.0242970008403063,0,111.203796386719,-87.3192,26.2957,59.5999121482071,63,63,63,63,61,63,0,8046,1.33458767306251,26,-87,0.001869,51,2025-05-05 10:48:30.001143,558,1.037,0.0011,"aoml_navis",1029.52463259946
"7901009",69,0,1,0.033642,1,0.011214,1,115.255336984938,1,4.85656252452169,560,1,10.5550003051758,35.2140007019043,0.0336420014500618,0,111.140701293945,-87.3192,26.2957,59.5999121482071,63,63,63,63,61,63,0,8046,1.33458767306251,26,-87,0.001869,51,2025-05-05 10:48:30.001143,560,1.037,0.0011,"aoml_navis",1029.53477377344
"7901009",69,0,1,0.028035,1,0.005607,1,115.157127204273,1,4.85651535623971,562,1,10.5410003662109,35.2120018005371,0.0280349999666214,0,111.045997619629,-87.3192,26.2957,59.5999121482071,63,63,63,63,61,63,0,8046,1.33458767306251,26,-87,0.001869,51,2025-05-05 10:48:30.001143,562,1.037,0.0011,"aoml_navis",1029.54477299777
"7901009",69,0,1,0.029904,1,0.007476,1,115.01516489907,1,4.85647275342699,564,1,10.5279998779297,35.2089996337891,0.0299040004611015,0,110.909103393555,-87.3192,26.2957,59.5999121482071,63,63,63,63,61,63,0,8046,1.33458767306251,26,-87,0.001869,51,2025-05-05 10:48:30.001143,564,1.037,0.0011,"aoml_navis",1029.55380455326
"7901009",69,0,1,0.029904,1,0.007476,1,114.959781956618,1,4.85640237728666,566,1,10.4670000076294,35.2019996643066,0.0299040004611015,0,110.855697631836,-87.3192,26.2957,59.5999121482071,63,63,63,63,61,63,0,8046,1.33458767306251,26,-87,0.001869,51,2025-05-05 10:48:30.001143,566,1.037,0.0011,"aoml_navis",1029.5687242443
"7901009",69,0,1,0.029904,1,0.007476,1,114.868423837119,1,4.8563411010892,568,1,10.4119997024536,35.1940002441406,0.0299040004611015,0,110.767601013184,-87.3192,26.2957,59.5999121482071,63,63,63,63,61,63,0,8046,1.33458767306251,26,-87,0.001869,51,2025-05-05 10:48:30.001143,568,1.037,0.0011,"aoml_navis",1029.58171510617
"7901009",69,0,1,0.029904,1,0.007476,1,114.984261217182,1,4.85626519391383,570,1,10.3360004425049,35.185001373291,0.0299040004611015,0,110.879302978516,-87.3192,26.2957,59.5999121482071,63,63,63,63,61,63,0,8046,1.33458767306251,26,-87,0.001869,51,2025-05-05 10:48:30.001143,570,1.037,0.0011,"aoml_navis",1029.5978082635
"7901009",69,0,4,0.020559,1,-0.001869,1,114.96424423941,1,4.85620899019686,572,1,10.298999786377,35.1800003051758,0.020558999851346,0,110.860000610352,-87.3192,26.2957,59.5999121482071,63,63,63,63,61,63,0,8046,1.33458767306251,26,-87,0.001869,51,2025-05-05 10:48:30.001143,572,1.037,0.0011,"aoml_navis",1029.60972439477
"7901009",69,0,1,0.029904,1,0.007476,1,114.857434278967,1,4.85616369942789,574,1,10.2869997024536,35.1780014038086,0.0299040004611015,0,110.75700378418,-87.3192,26.2957,59.5999121482071,63,63,63,63,61,63,0,8046,1.33458767306251,26,-87,0.001869,51,2025-05-05 10:48:30.001143,574,1.037,0.0011,"aoml_navis",1029.61932699861
"7901009",69,0,1,0.026166,1,0.003738,1,114.777271425692,1,4.85611667930065,576,1,10.2729997634888,35.1759986877441,0.0261659994721413,0,110.679702758789,-87.3192,26.2957,59.5999121482071,63,63,63,63,61,63,0,8046,1.33458767306251,26,-87,0.001869,51,2025-05-05 10:48:30.001143,576,1.037,0.0011,"aoml_navis",1029.62929645259
"7901009",69,0,1,0.029904,1,0.007476,1,114.664337694184,1,4.85606981896085,578,1,10.2550001144409,35.1730003356934,0.0299040004611015,0,110.57080078125,-87.3192,26.2957,59.5999121482071,63,63,63,63,61,63,0,8046,1.33458767306251,26,-87,0.001869,51,2025-05-05 10:48:30.001143,578,1.037,0.0011,"aoml_navis",1029.63923221968
"7901009",69,0,1,0.026166,1,0.003738,1,114.567377985648,1,4.85602175193999,580,1,10.2229995727539,35.1669998168945,0.0261659994721413,0,110.47730255127,-87.3192,26.2957,59.5999121482071,63,63,63,63,61,63,0,8046,1.33458767306251,26,-87,0.001869,51,2025-05-05 10:48:30.001143,580,1.037,0.0011,"aoml_navis",1029.64942403779
"7901009",69,0,1,0.028035,1,0.005607,1,114.559284164202,1,4.85596676141361,582,1,10.1829996109009,35.1609992980957,0.0280349999666214,0,110.469497680664,-87.3192,26.2957,59.5999121482071,63,63,63,63,61,63,0,8046,1.33458767306251,26,-87,0.001869,51,2025-05-05 10:48:30.001143,582,1.037,0.0011,"aoml_navis",1029.66108411839
"7901009",69,0,1,0.028035,1,0.005607,1,114.461288003457,1,4.85591232069488,584,1,10.1520004272461,35.1570014953613,0.0280349999666214,0,110.375,-87.3192,26.2957,59.5999121482071,63,63,63,63,61,63,0,8046,1.33458767306251,26,-87,0.001869,51,2025-05-05 10:48:30.001143,584,1.037,0.0011,"aoml_navis",1029.67262787902
"7901009",69,0,1,0.026166,1,0.003738,1,114.467095300566,1,4.85585503672966,586,1,10.1049995422363,35.1500015258789,0.0261659994721413,0,110.380599975586,-87.3192,26.2957,59.5999121482071,63,63,63,63,61,63,0,8046,1.33458767306251,26,-87,0.001869,51,2025-05-05 10:48:30.001143,586,1.037,0.0011,"aoml_navis",1029.68477480897
"7901009",69,0,1,0.029904,1,0.007476,1,114.436603034822,1,4.85580224043896,588,1,10.0799999237061,35.1469993591309,0.0299040004611015,0,110.351196289062,-87.3192,26.2957,59.5999121482071,63,63,63,63,61,63,0,8046,1.33458767306251,26,-87,0.001869,51,2025-05-05 10:48:30.001143,588,1.037,0.0011,"aoml_navis",1029.69597039191
"7901009",69,0,1,0.028035,1,0.005607,1,114.40124498199,1,4.85575378001618,590,1,10.0600004196167,35.1440010070801,0.0280349999666214,0,110.317100524902,-87.3192,26.2957,59.5999121482071,63,63,63,63,61,63,0,8046,1.33458767306251,26,-87,0.001869,51,2025-05-05 10:48:30.001143,590,1.037,0.0011,"aoml_navis",1029.7062467577
"7901009",69,0,1,0.028035,1,0.005607,1,114.388388227493,1,4.85570316582647,592,1,10.0290002822876,35.1389999389648,0.0280349999666214,0,110.304702758789,-87.3192,26.2957,59.5999121482071,63,63,63,63,61,63,0,8046,1.33458767306251,26,-87,0.001869,51,2025-05-05 10:48:30.001143,592,1.037,0.0011,"aoml_navis",1029.71698006358
"7901009",69,0,1,0.026166,1,0.003738,1,114.316936319881,1,4.85565042748711,594,1,10.003999710083,35.1360015869141,0.0261659994721413,0,110.235801696777,-87.3192,26.2957,59.5999121482071,63,63,63,63,61,63,0,8046,1.33458767306251,26,-87,0.001869,51,2025-05-05 10:48:30.001143,594,1.037,0.0011,"aoml_navis",1029.72816405723
"7901009",69,0,1,0.026166,1,0.003738,1,114.271514395221,1,4.85559966675709,596,1,9.97700023651123,35.1319999694824,0.0261659994721413,0,110.192001342773,-87.3192,26.2957,59.5999121482071,63,63,63,63,61,63,0,8046,1.33458767306251,26,-87,0.001869,51,2025-05-05 10:48:30.001143,596,1.037,0.0011,"aoml_navis",1029.73892889719
"7901009",69,0,1,0.028035,1,0.005607,1,114.250769527349,1,4.85554635140487,598,1,9.94699954986572,35.1279983520508,0.0280349999666214,0,110.171997070312,-87.3192,26.2957,59.5999121482071,63,63,63,63,61,63,0,8046,1.33458767306251,26,-87,0.001869,51,2025-05-05 10:48:30.001143,598,1.037,0.0011,"aoml_navis",1029.75023573883
"7901009",69,0,1,0.029904,1,0.007476,1,114.252953197651,1,4.85548618587614,600,1,9.90900039672852,35.1240005493164,0.0299040004611015,0,110.174102783203,-87.3192,26.2957,59.5999121482071,63,63,63,63,61,63,0,8046,1.33458767306251,26,-87,0.001869,51,2025-05-05 10:48:30.001143,600,1.037,0.0011,"aoml_navis",1029.76299562837
"7901009",69,0,1,0.028035,1,0.005607,1,114.195600204817,1,4.85543443598832,602,1,9.88500022888184,35.1209983825684,0.0280349999666214,0,110.118797302246,-87.3192,26.2957,59.5999121482071,63,63,63,63,61,63,0,8046,1.33458767306251,26,-87,0.001869,51,2025-05-05 10:48:30.001143,602,1.037,0.0011,"aoml_navis",1029.77397098397
"7901009",69,0,1,0.028035,1,0.005607,1,114.214058548352,1,4.85537117783503,604,1,9.83899974822998,35.1160011291504,0.0280349999666214,0,110.136596679688,-87.3192,26.2957,59.5999121482071,63,63,63,63,61,63,0,8046,1.33458767306251,26,-87,0.001869,51,2025-05-05 10:48:30.001143,604,1.037,0.0011,"aoml_navis",1029.78738738352
"7901009",69,0,1,0.028035,1,0.005607,1,114.184610646665,1,4.85532059272475,606,1,9.8120002746582,35.1119995117188,0.0280349999666214,0,110.108200073242,-87.3192,26.2957,59.5999121482071,63,63,63,63,61,63,0,8046,1.33458767306251,26,-87,0.001869,51,2025-05-05 10:48:30.001143,606,1.037,0.0011,"aoml_navis",1029.79811621338
"7901009",69,0,1,0.026166,1,0.003738,1,114.13960013815,1,4.85528063234689,608,1,9.80599975585938,35.1100006103516,0.0261659994721413,0,110.064796447754,-87.3192,26.2957,59.5999121482071,63,63,63,63,61,63,0,8046,1.33458767306251,26,-87,0.001869,51,2025-05-05 10:48:30.001143,608,1.037,0.0011,"aoml_navis",1029.80659175269
"7901009",69,0,1,0.026166,1,0.003738,1,114.092002455037,1,4.85522641665068,610,1,9.7790002822876,35.1069984436035,0.0261659994721413,0,110.018898010254,-87.3192,26.2957,59.5999121482071,63,63,63,63,61,63,0,8046,1.33458767306251,26,-87,0.001869,51,2025-05-05 10:48:30.001143,610,1.037,0.0011,"aoml_navis",1029.81809104779
"7901009",69,0,1,0.026166,1,0.003738,1,114.157955627648,1,4.85516473548993,612,1,9.72599983215332,35.0999984741211,0.0261659994721413,0,110.082496643066,-87.3192,26.2957,59.5999121482071,63,63,63,63,61,63,0,8046,1.33458767306251,26,-87,0.001869,51,2025-05-05 10:48:30.001143,612,1.037,0.0011,"aoml_navis",1029.83117410031
"7901009",69,0,1,0.026166,1,0.003738,1,114.173826796585,1,4.85510804137521,614,1,9.69600009918213,35.0970001220703,0.0261659994721413,0,110.097801208496,-87.3192,26.2957,59.5999121482071,63,63,63,63,61,63,0,8046,1.33458767306251,26,-87,0.001869,51,2025-05-05 10:48:30.001143,614,1.037,0.0011,"aoml_navis",1029.84319965488
"7901009",69,0,1,0.029904,1,0.007476,1,114.116165241644,1,4.85506555157358,616,1,9.6870002746582,35.0950012207031,0.0299040004611015,0,110.042198181152,-87.3192,26.2957,59.5999121482071,63,63,63,63,61,63,0,8046,1.33458767306251,26,-87,0.001869,51,2025-05-05 10:48:30.001143,616,1.037,0.0011,"aoml_navis",1029.85221247516
"7901009",69,0,1,0.022428,1,0,1,114.068876120638,1,4.85501458680053,618,1,9.66800022125244,35.0929985046387,0.0224280003458261,0,109.996597290039,-87.3192,26.2957,59.5999121482071,63,63,63,63,61,63,0,8046,1.33458767306251,26,-87,0.001869,51,2025-05-05 10:48:30.001143,618,1.037,0.0011,"aoml_navis",1029.86302319125
"7901009",69,0,1,0.026166,1,0.003738,1,114.034245957908,1,4.85496728532524,620,1,9.64900016784668,35.0900001525879,0.0261659994721413,0,109.963203430176,-87.3192,26.2957,59.5999121482071,63,63,63,63,61,63,0,8046,1.33458767306251,26,-87,0.001869,51,2025-05-05 10:48:30.001143,620,1.037,0.0011,"aoml_navis",1029.87305704678
"7901009",69,0,1,0.029904,1,0.007476,1,114.052807155479,1,4.85491435636631,622,1,9.61900043487549,35.0859985351562,0.0299040004611015,0,109.981101989746,-87.3192,26.2957,59.5999121482071,63,63,63,63,61,63,0,8046,1.33458767306251,26,-87,0.001869,51,2025-05-05 10:48:30.001143,622,1.037,0.0011,"aoml_navis",1029.88428486765
"7901009",69,0,1,0.028035,1,0.005607,1,114.083085801302,1,4.85485581342998,624,1,9.57800006866455,35.0810012817383,0.0280349999666214,0,110.010299682617,-87.3192,26.2957,59.5999121482071,63,63,63,63,61,63,0,8046,1.33458767306251,26,-87,0.001869,51,2025-05-05 10:48:30.001143,624,1.037,0.0011,"aoml_navis",1029.89670386678
"7901009",69,0,1,0.026166,1,0.003738,1,114.240507859297,1,4.85478193087332,626,1,9.51000022888184,35.0740013122559,0.0261659994721413,0,110.162101745605,-87.3192,26.2957,59.5999121482071,63,63,63,63,61,63,0,8046,1.33458767306251,26,-87,0.001869,51,2025-05-05 10:48:30.001143,626,1.037,0.0011,"aoml_navis",1029.91237736204
"7901009",69,0,1,0.028035,1,0.005607,1,114.305630287772,1,4.85472466540555,628,1,9.47900009155273,35.0709991455078,0.0280349999666214,0,110.224899291992,-87.3192,26.2957,59.5999121482071,63,63,63,63,61,63,0,8046,1.33458767306251,26,-87,0.001869,51,2025-05-05 10:48:30.001143,628,1.037,0.0011,"aoml_navis",1029.92452602506
"7901009",69,0,1,0.026166,1,0.003738,1,114.366504053375,1,4.85467330130082,630,1,9.45499992370605,35.068000793457,0.0261659994721413,0,110.283599853516,-87.3192,26.2957,59.5999121482071,63,63,63,63,61,63,0,8046,1.33458767306251,26,-87,0.001869,51,2025-05-05 10:48:30.001143,630,1.037,0.0011,"aoml_navis",1029.93542297898
"7901009",69,0,1,0.028035,1,0.005607,1,114.482958557654,1,4.85460970962664,632,1,9.41199970245361,35.0639991760254,0.0280349999666214,0,110.395896911621,-87.3192,26.2957,59.5999121482071,63,63,63,63,61,63,0,8046,1.33458767306251,26,-87,0.001869,51,2025-05-05 10:48:30.001143,632,1.037,0.0011,"aoml_navis",1029.94891434528
"7901009",69,0,1,0.033642,1,0.011214,1,114.473211159782,1,4.85456478929908,634,1,9.39999961853027,35.0620002746582,0.0336420014500618,0,110.386497497559,-87.3192,26.2957,59.5999121482071,63,63,63,63,61,63,0,8046,1.33458767306251,26,-87,0.001869,51,2025-05-05 10:48:30.001143,634,1.037,0.0011,"aoml_navis",1029.95844468314
"7901009",69,0,1,0.029904,1,0.007476,1,114.493228137554,1,4.85450849400949,636,1,9.36999988555908,35.0589981079102,0.0299040004611015,0,110.405799865723,-87.3192,26.2957,59.5999121482071,63,63,63,63,61,63,0,8046,1.33458767306251,26,-87,0.001869,51,2025-05-05 10:48:30.001143,636,1.037,0.0011,"aoml_navis",1029.97038859239
"7901009",69,0,1,0.029904,1,0.007476,1,114.485972972093,1,4.85445973668604,638,1,9.34899997711182,35.0559997558594,0.0299040004611015,0,110.398803710938,-87.3192,26.2957,59.5999121482071,63,63,63,63,61,63,0,8046,1.33458767306251,26,-87,0.001869,51,2025-05-05 10:48:30.001143,638,1.037,0.0011,"aoml_navis",1029.98073343035
"7901009",69,0,1,0.031773,1,0.009345,1,114.539686514422,1,4.85439848253661,640,1,9.3129997253418,35.0530014038086,0.0317730009555817,0,110.45059967041,-87.3192,26.2957,59.5999121482071,63,63,63,63,61,63,0,8046,1.33458767306251,26,-87,0.001869,51,2025-05-05 10:48:30.001143,640,1.037,0.0011,"aoml_navis",1029.99373001355
"7901009",69,0,1,0.026166,1,0.003738,1,114.519052412435,1,4.85434462772808,642,1,9.27700042724609,35.0480003356934,0.0261659994721413,0,110.430702209473,-87.3192,26.2957,59.5999121482071,63,63,63,63,61,63,0,8046,1.33458767306251,26,-87,0.001869,51,2025-05-05 10:48:30.001143,642,1.037,0.0011,"aoml_navis",1030.00515691448
"7901009",69,0,1,0.029904,1,0.007476,1,114.538958624322,1,4.85429268897941,644,1,9.22999954223633,35.0400009155273,0.0299040004611015,0,110.449897766113,-87.3192,26.2957,59.5999121482071,63,63,63,63,61,63,0,8046,1.33458767306251,26,-87,0.001869,51,2025-05-05 10:48:30.001143,644,1.037,0.0011,"aoml_navis",1030.01617750643
"7901009",69,0,1,0.029904,1,0.007476,1,114.753314347158,1,4.85419850556145,646,1,9.11400032043457,35.0279998779297,0.0299040004611015,0,110.656600952148,-87.3192,26.2957,59.5999121482071,63,63,63,63,61,63,0,8046,1.33458767306251,26,-87,0.001869,51,2025-05-05 10:48:30.001143,646,1.037,0.0011,"aoml_navis",1030.03616235955
"7901009",69,0,1,0.029904,1,0.007476,1,114.814393820833,1,4.85413368856478,648,1,9.04199981689453,35.0180015563965,0.0299040004611015,0,110.71549987793,-87.3192,26.2957,59.5999121482071,63,63,63,63,61,63,0,8046,1.33458767306251,26,-87,0.001869,51,2025-05-05 10:48:30.001143,648,1.037,0.0011,"aoml_navis",1030.04991637928
"7901009",69,0,1,0.031773,1,0.009345,1,115.05809459132,1,4.85404541241987,650,1,8.94099998474121,35.007999420166,0.0317730009555817,0,110.950500488281,-87.3192,26.2957,59.5999121482071,63,63,63,63,61,63,0,8046,1.33458767306251,26,-87,0.001869,51,2025-05-05 10:48:30.001143,650,1.037,0.0011,"aoml_navis",1030.06864896786
"7901009",69,0,1,0.029904,1,0.007476,1,115.188133740197,1,4.85397910218074,652,1,8.88000011444092,35.0009994506836,0.0299040004611015,0,111.075897216797,-87.3192,26.2957,59.5999121482071,63,63,63,63,61,63,0,8046,1.33458767306251,26,-87,0.001869,51,2025-05-05 10:48:30.001143,652,1.037,0.0011,"aoml_navis",1030.08272074218
"7901009",69,0,1,0.028035,1,0.005607,1,115.203585581141,1,4.85392993830724,654,1,8.85799980163574,34.9980010986328,0.0280349999666214,0,111.090797424316,-87.3192,26.2957,59.5999121482071,63,63,63,63,61,63,0,8046,1.33458767306251,26,-87,0.001869,51,2025-05-05 10:48:30.001143,654,1.037,0.0011,"aoml_navis",1030.09315411415
"7901009",69,0,1,0.028035,1,0.005607,1,115.282300566063,1,4.85386542245414,656,1,8.80799961090088,34.9930000305176,0.0280349999666214,0,111.166702270508,-87.3192,26.2957,59.5999121482071,63,63,63,63,61,63,0,8046,1.33458767306251,26,-87,0.001869,51,2025-05-05 10:48:30.001143,656,1.037,0.0011,"aoml_navis",1030.10684574604
"7901009",69,0,1,0.029904,1,0.007476,1,115.305632608533,1,4.85381951544361,658,1,8.79899978637695,34.992000579834,0.0299040004611015,0,111.18920135498,-87.3192,26.2957,59.5999121482071,63,63,63,63,61,63,0,8046,1.33458767306251,26,-87,0.001869,51,2025-05-05 10:48:30.001143,658,1.037,0.0011,"aoml_navis",1030.11658840863
"7901009",69,0,1,0.029904,1,0.007476,1,115.299722457388,1,4.85377847419346,660,1,8.79599952697754,34.9910011291504,0.0299040004611015,0,111.183502197266,-87.3192,26.2957,59.5999121482071,63,63,63,63,61,63,0,8046,1.33458767306251,26,-87,0.001869,51,2025-05-05 10:48:30.001143,660,1.037,0.0011,"aoml_navis",1030.12529858624
"7901009",69,0,1,0.029904,1,0.007476,1,115.349290190883,1,4.85373139438915,662,1,8.7810001373291,34.9889984130859,0.0299040004611015,0,111.231300354004,-87.3192,26.2957,59.5999121482071,63,63,63,63,61,63,0,8046,1.33458767306251,26,-87,0.001869,51,2025-05-05 10:48:30.001143,662,1.037,0.0011,"aoml_navis",1030.13529050659
"7901009",69,0,1,0.026166,1,0.003738,1,115.331456883413,1,4.85368225736417,664,1,8.76799964904785,34.9879989624023,0.0261659994721413,0,111.21410369873,-87.3192,26.2957,59.5999121482071,63,63,63,63,61,63,0,8046,1.33458767306251,26,-87,0.001869,51,2025-05-05 10:48:30.001143,664,1.037,0.0011,"aoml_navis",1030.14571924518
"7901009",69,0,1,0.031773,1,0.009345,1,115.376356626044,1,4.85363841492897,666,1,8.75699996948242,34.9860000610352,0.0317730009555817,0,111.257400512695,-87.3192,26.2957,59.5999121482071,63,63,63,63,61,63,0,8046,1.33458767306251,26,-87,0.001869,51,2025-05-05 10:48:30.001143,666,1.037,0.0011,"aoml_navis",1030.15502444946
"7901009",69,0,1,0.028035,1,0.005607,1,115.46076814219,1,4.85358692662616,668,1,8.73200035095215,34.9830017089844,0.0280349999666214,0,111.338798522949,-87.3192,26.2957,59.5999121482071,63,63,63,63,61,63,0,8046,1.33458767306251,26,-87,0.001869,51,2025-05-05 10:48:30.001143,668,1.037,0.0011,"aoml_navis",1030.16595264229
"7901009",69,0,1,0.029904,1,0.007476,1,115.549847649199,1,4.85352623689782,670,1,8.69099998474121,34.9790000915527,0.0299040004611015,0,111.424697875977,-87.3192,26.2957,59.5999121482071,63,63,63,63,61,63,0,8046,1.33458767306251,26,-87,0.001869,51,2025-05-05 10:48:30.001143,670,1.037,0.0011,"aoml_navis",1030.17883409976
"7901009",69,0,1,0.028035,1,0.005607,1,115.650961078419,1,4.85347733587453,672,1,8.65999984741211,34.9739990234375,0.0280349999666214,0,111.522201538086,-87.3192,26.2957,59.5999121482071,63,63,63,63,61,63,0,8046,1.33458767306251,26,-87,0.001869,51,2025-05-05 10:48:30.001143,672,1.037,0.0011,"aoml_navis",1030.18921362678
"7901009",69,0,1,0.029904,1,0.007476,1,115.910833668101,1,4.85341012037108,674,1,8.59700012207031,34.9669990539551,0.0299040004611015,0,111.772796630859,-87.3192,26.2957,59.5999121482071,63,63,63,63,61,63,0,8046,1.33458767306251,26,-87,0.001869,51,2025-05-05 10:48:30.001143,674,1.037,0.0011,"aoml_navis",1030.20348085023
"7901009",69,0,1,0.026166,1,0.003738,1,116.239468136762,1,4.85332407229157,676,1,8.50100040435791,34.9580001831055,0.0261659994721413,0,112.089698791504,-87.3192,26.2957,59.5999121482071,63,63,63,63,61,63,0,8046,1.33458767306251,26,-87,0.001869,51,2025-05-05 10:48:30.001143,676,1.037,0.0011,"aoml_navis",1030.22174607004
"7901009",69,0,1,0.029904,1,0.007476,1,116.445421476043,1,4.85325283800492,678,1,8.4370002746582,34.9519996643066,0.0299040004611015,0,112.288299560547,-87.3192,26.2957,59.5999121482071,63,63,63,63,61,63,0,8046,1.33458767306251,26,-87,0.001869,51,2025-05-05 10:48:30.001143,678,1.037,0.0011,"aoml_navis",1030.23686729155
"7901009",69,0,1,0.029904,1,0.007476,1,116.66402586175,1,4.85318805123244,680,1,8.36699962615967,34.943000793457,0.0299040004611015,0,112.499099731445,-87.3192,26.2957,59.5999121482071,63,63,63,63,61,63,0,8046,1.33458767306251,26,-87,0.001869,51,2025-05-05 10:48:30.001143,680,1.037,0.0011,"aoml_navis",1030.25062025575
"7901009",69,0,1,0.028035,1,0.005607,1,116.929191478361,1,4.85310957078246,682,1,8.28400039672852,34.935001373291,0.0280349999666214,0,112.75479888916,-87.3192,26.2957,59.5999121482071,63,63,63,63,61,63,0,8046,1.33458767306251,26,-87,0.001869,51,2025-05-05 10:48:30.001143,682,1.037,0.0011,"aoml_navis",1030.26728061156
"7901009",69,0,1,0.031773,1,0.009345,1,117.07447676011,1,4.85305385887842,684,1,8.25300025939941,34.931999206543,0.0317730009555817,0,112.894897460938,-87.3192,26.2957,59.5999121482071,63,63,63,63,61,63,0,8046,1.33458767306251,26,-87,0.001869,51,2025-05-05 10:48:30.001143,684,1.037,0.0011,"aoml_navis",1030.2791078349
"7901009",69,0,1,0.029904,1,0.007476,1,117.263736098166,1,4.85300027511776,686,1,8.22000026702881,34.9280014038086,0.0299040004611015,0,113.07740020752,-87.3192,26.2957,59.5999121482071,63,63,63,63,61,63,0,8046,1.33458767306251,26,-87,0.001869,51,2025-05-05 10:48:30.001143,686,1.037,0.0011,"aoml_navis",1030.2904835254
"7901009",69,0,1,0.029904,1,0.007476,1,117.457449807165,1,4.85293843781334,688,1,8.16699981689453,34.9220008850098,0.0299040004611015,0,113.264198303223,-87.3192,26.2957,59.5999121482071,63,63,63,63,61,63,0,8046,1.33458767306251,26,-87,0.001869,51,2025-05-05 10:48:30.001143,688,1.037,0.0011,"aoml_navis",1030.30361173362
"7901009",69,0,1,0.031773,1,0.009345,1,117.737347286469,1,4.85287929161047,690,1,8.12199974060059,34.9169998168945,0.0317730009555817,0,113.534103393555,-87.3192,26.2957,59.5999121482071,63,63,63,63,61,63,0,8046,1.33458767306251,26,-87,0.001869,51,2025-05-05 10:48:30.001143,690,1.037,0.0011,"aoml_navis",1030.31616892756
"7901009",69,0,1,0.028035,1,0.005607,1,118.034658745248,1,4.85280700691544,692,1,8.0600004196167,34.9119987487793,0.0280349999666214,0,113.82080078125,-87.3192,26.2957,59.5999121482071,63,63,63,63,61,63,0,8046,1.33458767306251,26,-87,0.001869,51,2025-05-05 10:48:30.001143,692,1.037,0.0011,"aoml_navis",1030.33151594012
"7901009",69,0,1,0.029904,1,0.007476,1,118.333006656237,1,4.85272830423761,694,1,7.98000001907349,34.9049987792969,0.0299040004611015,0,114.108497619629,-87.3192,26.2957,59.5999121482071,63,63,63,63,61,63,0,8046,1.33458767306251,26,-87,0.001869,51,2025-05-05 10:48:30.001143,694,1.037,0.0011,"aoml_navis",1030.3482260966
"7901009",69,0,1,0.028035,1,0.005607,1,118.505358373148,1,4.85267006748799,696,1,7.94999980926514,34.9029998779297,0.0280349999666214,0,114.274696350098,-87.3192,26.2957,59.5999121482071,63,63,63,63,61,63,0,8046,1.33458767306251,26,-87,0.001869,51,2025-05-05 10:48:30.001143,696,1.037,0.0011,"aoml_navis",1030.36059127512
"7901009",69,0,1,0.031773,1,0.009345,1,118.639867716665,1,4.85261477118996,698,1,7.91900014877319,34.9000015258789,0.0317730009555817,0,114.404403686523,-87.3192,26.2957,59.5999121482071,63,63,63,63,61,63,0,8046,1.33458767306251,26,-87,0.001869,51,2025-05-05 10:48:30.001143,698,1.037,0.0011,"aoml_navis",1030.37233239388
"7901009",69,0,1,0.029904,1,0.007476,1,118.729770055963,1,4.85256278238438,700,1,7.89699983596802,34.8979988098145,0.0299040004611015,0,114.491096496582,-87.3192,26.2957,59.5999121482071,63,63,63,63,61,63,0,8046,1.33458767306251,26,-87,0.001869,51,2025-05-05 10:48:30.001143,700,1.037,0.0011,"aoml_navis",1030.38337147349
"7901009",69,0,4,0.026166,1,0.003738,1,118.893315885023,1,4.85251558924683,702,1,7.88600015640259,34.8969993591309,0.0261659994721413,0,114.648803710938,-87.3192,26.2957,59.5999121482071,63,63,63,63,61,63,0,8046,1.33458767306251,26,-87,0.001869,51,2025-05-05 10:48:30.001143,702,1.037,0.0011,"aoml_navis",1030.39339246637
"7901009",69,0,1,0.031773,1,0.009345,1,119.05322226358,1,4.85246207511009,704,1,7.86199998855591,34.8950004577637,0.0317730009555817,0,114.803001403809,-87.3192,26.2957,59.5999121482071,63,63,63,63,61,63,0,8046,1.33458767306251,26,-87,0.001869,51,2025-05-05 10:48:30.001143,704,1.037,0.0011,"aoml_navis",1030.40475589633
"7901009",69,0,1,0.031773,1,0.009345,1,119.185856498904,1,4.85241566391416,706,1,7.85200023651123,34.8940010070801,0.0317730009555817,0,114.93090057373,-87.3192,26.2957,59.5999121482071,63,63,63,63,61,63,0,8046,1.33458767306251,26,-87,0.001869,51,2025-05-05 10:48:30.001143,706,1.037,0.0011,"aoml_navis",1030.41461125917
"7901009",69,0,1,0.028035,1,0.005607,1,119.460041623285,1,4.85235282665574,708,1,7.81099987030029,34.890998840332,0.0280349999666214,0,115.195297241211,-87.3192,26.2957,59.5999121482071,63,63,63,63,61,63,0,8046,1.33458767306251,26,-87,0.001869,51,2025-05-05 10:48:30.001143,708,1.037,0.0011,"aoml_navis",1030.42795497746
"7901009",69,0,1,0.031773,1,0.009345,1,119.688290552828,1,4.8522900462795,710,1,7.76999998092651,34.8880004882812,0.0317730009555817,0,115.415397644043,-87.3192,26.2957,59.5999121482071,63,63,63,63,61,63,0,8046,1.33458767306251,26,-87,0.001869,51,2025-05-05 10:48:30.001143,710,1.037,0.0011,"aoml_navis",1030.44128696176
"7901009",69,0,1,0.028035,1,0.005607,1,119.902851983735,1,4.85222518636016,712,1,7.73099994659424,34.8860015869141,0.0280349999666214,0,115.622299194336,-87.3192,26.2957,59.5999121482071,63,63,63,63,61,63,0,8046,1.33458767306251,26,-87,0.001869,51,2025-05-05 10:48:30.001143,712,1.037,0.0011,"aoml_navis",1030.45506091829
"7901009",69,0,1,0.031773,1,0.009345,1,119.995460175364,1,4.85217335672465,714,1,7.70900011062622,34.8839988708496,0.0317730009555817,0,115.711601257324,-87.3192,26.2957,59.5999121482071,63,63,63,63,61,63,0,8046,1.33458767306251,26,-87,0.001869,51,2025-05-05 10:48:30.001143,714,1.037,0.0011,"aoml_navis",1030.46606796735
"7901009",69,0,1,0.029904,1,0.007476,1,120.059854713738,1,4.85212560564557,716,1,7.7020001411438,34.8839988708496,0.0299040004611015,0,115.773696899414,-87.3192,26.2957,59.5999121482071,63,63,63,63,61,63,0,8046,1.33458767306251,26,-87,0.001869,51,2025-05-05 10:48:30.001143,716,1.037,0.0011,"aoml_navis",1030.47620906235
"7901009",69,0,1,0.031773,1,0.009345,1,120.089104819201,1,4.85208458161457,718,1,7.69899988174438,34.882999420166,0.0317730009555817,0,115.801902770996,-87.3192,26.2957,59.5999121482071,63,63,63,63,61,63,0,8046,1.33458767306251,26,-87,0.001869,51,2025-05-05 10:48:30.001143,718,1.037,0.0011,"aoml_navis",1030.48492166561
"7901009",69,0,1,0.031773,1,0.009345,1,120.206492921653,1,4.85203454872819,720,1,7.68900012969971,34.882999420166,0.0317730009555817,0,115.915100097656,-87.3192,26.2957,59.5999121482071,63,63,63,63,61,63,0,8046,1.33458767306251,26,-87,0.001869,51,2025-05-05 10:48:30.001143,720,1.037,0.0011,"aoml_navis",1030.49554775132
"7901009",69,0,1,0.029904,1,0.007476,1,120.312582903844,1,4.85198210423226,722,1,7.6710000038147,34.8819999694824,0.0299040004611015,0,116.017402648926,-87.3192,26.2957,59.5999121482071,63,63,63,63,61,63,0,8046,1.33458767306251,26,-87,0.001869,51,2025-05-05 10:48:30.001143,722,1.037,0.0011,"aoml_navis",1030.50668625481
"7901009",69,0,1,0.028035,1,0.005607,1,120.436917609648,1,4.8519320808439,724,1,7.66099977493286,34.8819999694824,0.0280349999666214,0,116.137298583984,-87.3192,26.2957,59.5999121482071,63,63,63,63,61,63,0,8046,1.33458767306251,26,-87,0.001869,51,2025-05-05 10:48:30.001143,724,1.037,0.0011,"aoml_navis",1030.51731077207
"7901009",69,0,1,0.031773,1,0.009345,1,120.525894262622,1,4.85188434346291,726,1,7.65399980545044,34.8819999694824,0.0317730009555817,0,116.223098754883,-87.3192,26.2957,59.5999121482071,63,63,63,63,61,63,0,8046,1.33458767306251,26,-87,0.001869,51,2025-05-05 10:48:30.001143,726,1.037,0.0011,"aoml_navis",1030.52744996625
"7901009",69,0,1,0.028035,1,0.005607,1,120.6662029914,1,4.85182960501337,727.900024414062,1,7.63500022888184,34.8819999694824,0.0280349999666214,0,116.3583984375,-87.3192,26.2957,59.5999121482071,63,63,63,63,61,63,0,8046,1.33458767306251,26,-87,0.001869,51,2025-05-05 10:48:30.001143,727.900024414062,1.037,0.0011,"aoml_navis",1030.53907639986
"7901009",69,0,1,0.031773,1,0.009345,1,120.771984411483,1,4.85177887209505,730,1,7.62200021743774,34.8810005187988,0.0317730009555817,0,116.460403442383,-87.3192,26.2957,59.5999121482071,63,63,63,63,61,63,0,8046,1.33458767306251,26,-87,0.001869,51,2025-05-05 10:48:30.001143,730,1.037,0.0011,"aoml_navis",1030.54985229385
"7901009",69,0,1,0.033642,1,0.011214,1,120.89901705777,1,4.85173038484708,732,1,7.61399984359741,34.8810005187988,0.0336420014500618,0,116.582901000977,-87.3192,26.2957,59.5999121482071,63,63,63,63,61,63,0,8046,1.33458767306251,26,-87,0.001869,51,2025-05-05 10:48:30.001143,732,1.037,0.0011,"aoml_navis",1030.56015140825
"7901009",69,0,1,0.031773,1,0.009345,1,121.083189076969,1,4.85168785474028,734,1,7.60900020599365,34.8800010681152,0.0317730009555817,0,116.760498046875,-87.3192,26.2957,59.5999121482071,63,63,63,63,61,63,0,8046,1.33458767306251,26,-87,0.001869,51,2025-05-05 10:48:30.001143,734,1.037,0.0011,"aoml_navis",1030.56918534337
"7901009",69,0,1,0.028035,1,0.005607,1,121.392945874103,1,4.85163459982742,736,1,7.58500003814697,34.8779983520508,0.0280349999666214,0,117.059196472168,-87.3192,26.2957,59.5999121482071,63,63,63,63,61,63,0,8046,1.33458767306251,26,-87,0.001869,51,2025-05-05 10:48:30.001143,736,1.037,0.0011,"aoml_navis",1030.58049758691
"7901009",69,0,1,0.029904,1,0.007476,1,121.644534757964,1,4.85156188960275,738,1,7.54500007629395,34.8779983520508,0.0299040004611015,0,117.301803588867,-87.3192,26.2957,59.5999121482071,63,63,63,63,61,63,0,8046,1.33458767306251,26,-87,0.001869,51,2025-05-05 10:48:30.001143,738,1.037,0.0011,"aoml_navis",1030.59594286849
"7901009",69,0,1,0.028035,1,0.005607,1,121.777991825576,1,4.85150065950562,740,1,7.52500009536743,34.8790016174316,0.0280349999666214,0,117.43049621582,-87.3192,26.2957,59.5999121482071,63,63,63,63,61,63,0,8046,1.33458767306251,26,-87,0.001869,51,2025-05-05 10:48:30.001143,740,1.037,0.0011,"aoml_navis",1030.60894987274
"7901009",69,0,1,0.033642,1,0.011214,1,121.86946071096,1,4.85145068653765,742,1,7.5149998664856,34.8790016174316,0.0336420014500618,0,117.518699645996,-87.3192,26.2957,59.5999121482071,63,63,63,63,61,63,0,8046,1.33458767306251,26,-87,0.001869,51,2025-05-05 10:48:30.001143,742,1.037,0.0011,"aoml_navis",1030.61956578773
"7901009",69,0,1,0.033642,1,0.011214,1,121.962583172768,1,4.851402983161,744,1,7.50799989700317,34.8790016174316,0.0336420014500618,0,117.608497619629,-87.3192,26.2957,59.5999121482071,63,63,63,63,61,63,0,8046,1.33458767306251,26,-87,0.001869,51,2025-05-05 10:48:30.001143,744,1.037,0.0011,"aoml_navis",1030.62969977031
"7901009",69,0,1,0.031773,1,0.009345,1,122.050626227569,1,4.85135830321558,746,1,7.50500011444092,34.8790016174316,0.0317730009555817,0,117.693397521973,-87.3192,26.2957,59.5999121482071,63,63,63,63,61,63,0,8046,1.33458767306251,26,-87,0.001869,51,2025-05-05 10:48:30.001143,746,1.037,0.0011,"aoml_navis",1030.63919164369
"7901009",69,0,1,0.028035,1,0.005607,1,122.22671233717,1,4.85130984879907,748,1,7.49700021743774,34.8790016174316,0.0280349999666214,0,117.86319732666,-87.3192,26.2957,59.5999121482071,63,63,63,63,61,63,0,8046,1.33458767306251,26,-87,0.001869,51,2025-05-05 10:48:30.001143,748,1.037,0.0011,"aoml_navis",1030.64948556888
"7901009",69,0,1,0.031773,1,0.009345,1,122.45351339836,1,4.85126139672724,750,1,7.48899984359741,34.8790016174316,0.0317730009555817,0,118.081901550293,-87.3192,26.2957,59.5999121482071,63,63,63,63,61,63,0,8046,1.33458767306251,26,-87,0.001869,51,2025-05-05 10:48:30.001143,750,1.037,0.0011,"aoml_navis",1030.65977920157
"7901009",69,0,1,0.029904,1,0.007476,1,122.894140088508,1,4.85120456903882,752,1,7.46500015258789,34.8779983520508,0.0299040004611015,0,118.506797790527,-87.3192,26.2957,59.5999121482071,63,63,63,63,61,63,0,8046,1.33458767306251,26,-87,0.001869,51,2025-05-05 10:48:30.001143,752,1.037,0.0011,"aoml_navis",1030.67185249429
"7901009",69,0,1,0.031773,1,0.009345,1,123.347631445002,1,4.85113646033724,754,1,7.42600011825562,34.8769989013672,0.0317730009555817,0,118.94409942627,-87.3192,26.2957,59.5999121482071,63,63,63,63,61,63,0,8046,1.33458767306251,26,-87,0.001869,51,2025-05-05 10:48:30.001143,754,1.037,0.0011,"aoml_navis",1030.6863228606
"7901009",69,0,1,0.033642,1,0.011214,1,123.767315471054,1,4.85106819360679,756,1,7.37200021743774,34.8730010986328,0.0336420014500618,0,119.34880065918,-87.3192,26.2957,59.5999121482071,63,63,63,63,61,63,0,8046,1.33458767306251,26,-87,0.001869,51,2025-05-05 10:48:30.001143,756,1.037,0.0011,"aoml_navis",1030.70082720946
"7901009",69,0,1,0.029904,1,0.007476,1,124.114819699393,1,4.8510173333692,758,1,7.34600019454956,34.8699989318848,0.0299040004611015,0,119.683898925781,-87.3192,26.2957,59.5999121482071,63,63,63,63,61,63,0,8046,1.33458767306251,26,-87,0.001869,51,2025-05-05 10:48:30.001143,758,1.037,0.0011,"aoml_navis",1030.71163353839
"7901009",69,0,1,0.029904,1,0.007476,1,124.559180782232,1,4.85095165804223,760,1,7.30999994277954,34.8689994812012,0.0299040004611015,0,120.112396240234,-87.3192,26.2957,59.5999121482071,63,63,63,63,61,63,0,8046,1.33458767306251,26,-87,0.001869,51,2025-05-05 10:48:30.001143,760,1.037,0.0011,"aoml_navis",1030.72558798038
"7901009",69,0,1,0.028035,1,0.005607,1,124.895798306455,1,4.85087779225465,762,1,7.25799989700317,34.867000579834,0.0280349999666214,0,120.436996459961,-87.3192,26.2957,59.5999121482071,63,63,63,63,61,63,0,8046,1.33458767306251,26,-87,0.001869,51,2025-05-05 10:48:30.001143,762,1.037,0.0011,"aoml_navis",1030.74128315157
"7901009",69,0,1,0.031773,1,0.009345,1,125.041502916197,1,4.85082860819531,764,1,7.24399995803833,34.8660011291504,0.0317730009555817,0,120.577499389648,-87.3192,26.2957,59.5999121482071,63,63,63,63,61,63,0,8046,1.33458767306251,26,-87,0.001869,51,2025-05-05 10:48:30.001143,764,1.037,0.0011,"aoml_navis",1030.75173415789
"7901009",69,0,1,0.026166,1,0.003738,1,125.167499110275,1,4.85078091837031,766,1,7.23199987411499,34.8650016784668,0.0261659994721413,0,120.698997497559,-87.3192,26.2957,59.5999121482071,63,63,63,63,61,63,0,8046,1.33458767306251,26,-87,0.001869,51,2025-05-05 10:48:30.001143,766,1.037,0.0011,"aoml_navis",1030.7618678602
"7901009",69,0,1,0.029904,1,0.007476,1,125.317768856845,1,4.85072351974096,768,1,7.19700002670288,34.8619995117188,0.0299040004611015,0,120.843902587891,-87.3192,26.2957,59.5999121482071,63,63,63,63,61,63,0,8046,1.33458767306251,26,-87,0.001869,51,2025-05-05 10:48:30.001143,768,1.037,0.0011,"aoml_navis",1030.77406486919
"7901009",69,0,1,0.029904,1,0.007476,1,125.430591822469,1,4.85065882680572,770,1,7.16699981689453,34.8619995117188,0.0299040004611015,0,120.952697753906,-87.3192,26.2957,59.5999121482071,63,63,63,63,61,63,0,8046,1.33458767306251,26,-87,0.001869,51,2025-05-05 10:48:30.001143,770,1.037,0.0011,"aoml_navis",1030.78781223882
"7901009",69,0,1,0.029904,1,0.007476,1,125.520399219579,1,4.85061050734425,772,1,7.16900014877319,34.8639984130859,0.0299040004611015,0,121.03929901123,-87.3192,26.2957,59.5999121482071,63,63,63,63,61,63,0,8046,1.33458767306251,26,-87,0.001869,51,2025-05-05 10:48:30.001143,772,1.037,0.0011,"aoml_navis",1030.79808045391
"7901009",69,0,1,0.031773,1,0.009345,1,125.672116834502,1,4.85055620789117,774,1,7.15299987792969,34.8639984130859,0.0317730009555817,0,121.185600280762,-87.3192,26.2957,59.5999121482071,63,63,63,63,61,63,0,8046,1.33458767306251,26,-87,0.001869,51,2025-05-05 10:48:30.001143,774,1.037,0.0011,"aoml_navis",1030.80961970211
"7901009",69,0,1,0.029904,1,0.007476,1,125.773744533901,1,4.85050858007957,776,1,7.14599990844727,34.8639984130859,0.0299040004611015,0,121.283599853516,-87.3192,26.2957,59.5999121482071,63,63,63,63,61,63,0,8046,1.33458767306251,26,-87,0.001869,51,2025-05-05 10:48:30.001143,776,1.037,0.0011,"aoml_navis",1030.81974136369
"7901009",69,0,1,0.029904,1,0.007476,1,126.035595085814,1,4.85046317596789,778,1,7.14200019836426,34.8639984130859,0.0299040004611015,0,121.536102294922,-87.3192,26.2957,59.5999121482071,63,63,63,63,61,63,0,8046,1.33458767306251,26,-87,0.001869,51,2025-05-05 10:48:30.001143,778,1.037,0.0011,"aoml_navis",1030.82939063902
"7901009",69,0,1,0.028035,1,0.005607,1,126.442311591483,1,4.85040591251905,780,1,7.11700010299683,34.8629989624023,0.0280349999666214,0,121.928298950195,-87.3192,26.2957,59.5999121482071,63,63,63,63,61,63,0,8046,1.33458767306251,26,-87,0.001869,51,2025-05-05 10:48:30.001143,780,1.037,0.0011,"aoml_navis",1030.84156051658
"7901009",69,0,1,0.029904,1,0.007476,1,126.775716905044,1,4.8503294917187,782,1,7.06599998474121,34.8619995117188,0.0299040004611015,0,122.249801635742,-87.3192,26.2957,59.5999121482071,63,63,63,63,61,63,0,8046,1.33458767306251,26,-87,0.001869,51,2025-05-05 10:48:30.001143,782,1.037,0.0011,"aoml_navis",1030.85780224557
"7901009",69,0,1,0.028035,1,0.005607,1,126.807759893177,1,4.85028188227854,784,1,7.05900001525879,34.8619995117188,0.0280349999666214,0,122.280700683594,-87.3192,26.2957,59.5999121482071,63,63,63,63,61,63,0,8046,1.33458767306251,26,-87,0.001869,51,2025-05-05 10:48:30.001143,784,1.037,0.0011,"aoml_navis",1030.86792094878
"7901009",69,0,1,0.029904,1,0.007476,1,126.993181984506,1,4.85023869684149,786,1,7.05800008773804,34.8619995117188,0.0299040004611015,0,122.459503173828,-87.3192,26.2957,59.5999121482071,63,63,63,63,61,63,0,8046,1.33458767306251,26,-87,0.001869,51,2025-05-05 10:48:30.001143,786,1.037,0.0011,"aoml_navis",1030.87709956544
"7901009",69,0,1,0.035511,1,0.013083,1,127.334878915737,1,4.85017268028218,788,1,7.0460000038147,34.8660011291504,0.0355109982192516,0,122.789001464844,-87.3192,26.2957,59.5999121482071,63,63,63,63,61,63,0,8046,1.33458767306251,26,-87,0.001869,51,2025-05-05 10:48:30.001143,788,1.037,0.0011,"aoml_navis",1030.89113101621
"7901009",69,0,1,0.029904,1,0.007476,1,127.699393619257,1,4.8501044943483,790,1,7.00099992752075,34.8639984130859,0.0299040004611015,0,123.140502929688,-87.3192,26.2957,59.5999121482071,63,63,63,63,61,63,0,8046,1.33458767306251,26,-87,0.001869,51,2025-05-05 10:48:30.001143,790,1.037,0.0011,"aoml_navis",1030.90562395643
"7901009",69,0,1,0.029904,1,0.007476,1,128.029167394163,1,4.85005764833085,792,1,6.9850001335144,34.8619995117188,0.0299040004611015,0,123.458503723145,-87.3192,26.2957,59.5999121482071,63,63,63,63,61,63,0,8046,1.33458767306251,26,-87,0.001869,51,2025-05-05 10:48:30.001143,792,1.037,0.0011,"aoml_navis",1030.91558132732
"7901009",69,0,1,0.029904,1,0.007476,1,128.360697599529,1,4.84999320546146,794,1,6.94999980926514,34.8610000610352,0.0299040004611015,0,123.778198242188,-87.3192,26.2957,59.5999121482071,63,63,63,63,61,63,0,8046,1.33458767306251,26,-87,0.001869,51,2025-05-05 10:48:30.001143,794,1.037,0.0011,"aoml_navis",1030.92927931726
"7901009",69,0,1,0.031773,1,0.009345,1,128.559807189493,1,4.84993612546249,796,1,6.92500019073486,34.8600006103516,0.0317730009555817,0,123.970199584961,-87.3192,26.2957,59.5999121482071,63,63,63,63,61,63,0,8046,1.33458767306251,26,-87,0.001869,51,2025-05-05 10:48:30.001143,796,1.037,0.0011,"aoml_navis",1030.94141255792
"7901009",69,0,1,0.029904,1,0.007476,1,128.683730479154,1,4.84989147197077,798,1,6.92199993133545,34.8600006103516,0.0299040004611015,0,124.089698791504,-87.3192,26.2957,59.5999121482071,63,63,63,63,61,63,0,8046,1.33458767306251,26,-87,0.001869,51,2025-05-05 10:48:30.001143,798,1.037,0.0011,"aoml_navis",1030.9509045505
"7901009",69,0,1,0.028035,1,0.005607,1,128.830052213112,1,4.84984318594113,800,1,6.90899991989136,34.859001159668,0.0280349999666214,0,124.230796813965,-87.3192,26.2957,59.5999121482071,63,63,63,63,61,63,0,8046,1.33458767306251,26,-87,0.001869,51,2025-05-05 10:48:30.001143,800,1.037,0.0011,"aoml_navis",1030.96116890834
"7901009",69,0,1,0.031773,1,0.009345,1,128.933341400785,1,4.84978243516112,802,1,6.88899993896484,34.8600006103516,0.0317730009555817,0,124.33039855957,-87.3192,26.2957,59.5999121482071,63,63,63,63,61,63,0,8046,1.33458767306251,26,-87,0.001869,51,2025-05-05 10:48:30.001143,802,1.037,0.0011,"aoml_navis",1030.97408323924
"7901009",69,0,1,0.033642,1,0.011214,1,128.956989917212,1,4.84972753645759,804,1,6.8769998550415,34.8610000610352,0.0336420014500618,0,124.353202819824,-87.3192,26.2957,59.5999121482071,63,63,63,63,61,63,0,8046,1.33458767306251,26,-87,0.001869,51,2025-05-05 10:48:30.001143,804,1.037,0.0011,"aoml_navis",1030.98575382075
"7901009",69,0,1,0.029904,1,0.007476,1,128.844570455883,1,4.84967702084738,806,1,6.87099981307983,34.8619995117188,0.0299040004611015,0,124.24479675293,-87.3192,26.2957,59.5999121482071,63,63,63,63,61,63,0,8046,1.33458767306251,26,-87,0.001869,51,2025-05-05 10:48:30.001143,806,1.037,0.0011,"aoml_navis",1030.99649286054
"7901009",69,0,4,0.026166,1,0.003738,1,128.761401100018,1,4.84961172197833,808,1,6.875,34.8689994812012,0.0261659994721413,0,124.164596557617,-87.3192,26.2957,59.5999121482071,63,63,63,63,61,63,0,8046,1.33458767306251,26,-87,0.001869,51,2025-05-05 10:48:30.001143,808,1.037,0.0011,"aoml_navis",1031.01037498324
"7901009",69,0,1,0.031773,1,0.009345,1,128.831816555421,1,4.84956191374299,810,1,6.875,34.8709983825684,0.0317730009555817,0,124.232498168945,-87.3192,26.2957,59.5999121482071,63,63,63,63,61,63,0,8046,1.33458767306251,26,-87,0.001869,51,2025-05-05 10:48:30.001143,810,1.037,0.0011,"aoml_navis",1031.02096414744
"7901009",69,0,1,0.031773,1,0.009345,1,128.9783519093,1,4.84951211998868,812,1,6.86999988555908,34.8720016479492,0.0317730009555817,0,124.373802185059,-87.3192,26.2957,59.5999121482071,63,63,63,63,61,63,0,8046,1.33458767306251,26,-87,0.001869,51,2025-05-05 10:48:30.001143,812,1.037,0.0011,"aoml_navis",1031.03155045041
"7901009",69,0,1,0.029904,1,0.007476,1,129.24631832043,1,4.84944409868929,814,1,6.84000015258789,34.8730010986328,0.0299040004611015,0,124.632202148438,-87.3192,26.2957,59.5999121482071,63,63,63,63,61,63,0,8046,1.33458767306251,26,-87,0.001869,51,2025-05-05 10:48:30.001143,814,1.037,0.0011,"aoml_navis",1031.04601233601
"7901009",69,0,4,0.022428,1,0,1,129.425410932621,1,4.84938415877568,816,1,6.81599998474121,34.8730010986328,0.0224280003458261,0,124.804901123047,-87.3192,26.2957,59.5999121482071,63,63,63,63,61,63,0,8046,1.33458767306251,26,-87,0.001869,51,2025-05-05 10:48:30.001143,816,1.037,0.0011,"aoml_navis",1031.05875638905
"7901009",69,0,1,0.028035,1,0.005607,1,129.592991804632,1,4.84931910781548,818,1,6.78999996185303,34.8740005493164,0.0280349999666214,0,124.966499328613,-87.3192,26.2957,59.5999121482071,63,63,63,63,61,63,0,8046,1.33458767306251,26,-87,0.001869,51,2025-05-05 10:48:30.001143,818,1.037,0.0011,"aoml_navis",1031.07258747763
"7901009",69,0,1,0.029904,1,0.007476,1,129.774157321241,1,4.84926284442055,820,1,6.77099990844727,34.8740005493164,0.0299040004611015,0,125.14119720459,-87.3192,26.2957,59.5999121482071,63,63,63,63,61,63,0,8046,1.33458767306251,26,-87,0.001869,51,2025-05-05 10:48:30.001143,820,1.037,0.0011,"aoml_navis",1031.08455045964
"7901009",69,0,1,0.029904,1,0.007476,1,129.980941404659,1,4.84920073891593,822,1,6.74900007247925,34.875,0.0299040004611015,0,125.340599060059,-87.3192,26.2957,59.5999121482071,63,63,63,63,61,63,0,8046,1.33458767306251,26,-87,0.001869,51,2025-05-05 10:48:30.001143,822,1.037,0.0011,"aoml_navis",1031.09775594025
"7901009",69,0,1,0.029904,1,0.007476,1,130.115031420184,1,4.84915543199858,824,1,6.73999977111816,34.8740005493164,0.0299040004611015,0,125.469902038574,-87.3192,26.2957,59.5999121482071,63,63,63,63,61,63,0,8046,1.33458767306251,26,-87,0.001869,51,2025-05-05 10:48:30.001143,824,1.037,0.0011,"aoml_navis",1031.10738975411
"7901009",69,0,1,0.031773,1,0.009345,1,130.298372695247,1,4.84911152546624,826,1,6.73799991607666,34.8740005493164,0.0317730009555817,0,125.646697998047,-87.3192,26.2957,59.5999121482071,63,63,63,63,61,63,0,8046,1.33458767306251,26,-87,0.001869,51,2025-05-05 10:48:30.001143,826,1.037,0.0011,"aoml_navis",1031.11672596956
"7901009",69,0,4,0.022428,1,0,1,130.573182855693,1,4.84907057416943,828,1,6.7350001335144,34.8730010986328,0.0224280003458261,0,125.911697387695,-87.3192,26.2957,59.5999121482071,63,63,63,63,61,63,0,8046,1.33458767306251,26,-87,0.001869,51,2025-05-05 10:48:30.001143,828,1.037,0.0011,"aoml_navis",1031.1254339408
"7901009",69,0,1,0.026166,1,0.003738,1,131.026674212188,1,4.84900493126967,830,1,6.70300006866455,34.8730010986328,0.0261659994721413,0,126.348999023438,-87.3192,26.2957,59.5999121482071,63,63,63,63,61,63,0,8046,1.33458767306251,26,-87,0.001869,51,2025-05-05 10:48:30.001143,830,1.037,0.0011,"aoml_navis",1031.13939269408
"7901009",69,0,1,0.028035,1,0.005607,1,131.278880220265,1,4.84894878981974,832,1,6.67899990081787,34.8720016479492,0.0280349999666214,0,126.59220123291,-87.3192,26.2957,59.5999121482071,63,63,63,63,61,63,0,8046,1.33458767306251,26,-87,0.001869,51,2025-05-05 10:48:30.001143,832,1.037,0.0011,"aoml_navis",1031.15133129419
"7901009",69,0,1,0.029904,1,0.007476,1,131.545390851193,1,4.84890054888935,834,1,6.6710000038147,34.8720016479492,0.0299040004611015,0,126.849197387695,-87.3192,26.2957,59.5999121482071,63,63,63,63,61,63,0,8046,1.33458767306251,26,-87,0.001869,51,2025-05-05 10:48:30.001143,834,1.037,0.0011,"aoml_navis",1031.16159005267
"7901009",69,0,1,0.035511,1,0.013083,1,131.891035795035,1,4.84885022495962,836,1,6.65500020980835,34.8709983825684,0.0355109982192516,0,127.182502746582,-87.3192,26.2957,59.5999121482071,63,63,63,63,61,63,0,8046,1.33458767306251,26,-87,0.001869,51,2025-05-05 10:48:30.001143,836,1.037,0.0011,"aoml_navis",1031.17229199251
"7901009",69,0,4,0.028035,1,0.005607,1,132.303456743777,1,4.84879188862737,838,1,6.63299989700317,34.8709983825684,0.0280349999666214,0,127.580200195312,-87.3192,26.2957,59.5999121482071,63,63,63,63,61,63,0,8046,1.33458767306251,26,-87,0.001869,51,2025-05-05 10:48:30.001143,838,1.037,0.0011,"aoml_navis",1031.18469813631
"7901009",69,0,1,0.035511,1,0.013083,1,132.834927283244,1,4.84874085195717,840,1,6.61600017547607,34.8699989318848,0.0355109982192516,0,128.092697143555,-87.3192,26.2957,59.5999121482071,63,63,63,63,61,63,0,8046,1.33458767306251,26,-87,0.001869,51,2025-05-05 10:48:30.001143,840,1.037,0.0011,"aoml_navis",1031.19555213634
"7901009",69,0,1,0.033642,1,0.011214,1,133.336949921024,1,4.84867535310122,842,1,6.58400011062622,34.8699989318848,0.0336420014500618,0,128.576797485352,-87.3192,26.2957,59.5999121482071,63,63,63,63,61,63,0,8046,1.33458767306251,26,-87,0.001869,51,2025-05-05 10:48:30.001143,842,1.037,0.0011,"aoml_navis",1031.2094821531
"7901009",69,0,1,0.029904,1,0.007476,1,133.739837091815,1,4.84862290979576,844,1,6.56500005722046,34.8689994812012,0.0299040004611015,0,128.965301513672,-87.3192,26.2957,59.5999121482071,63,63,63,63,61,63,0,8046,1.33458767306251,26,-87,0.001869,51,2025-05-05 10:48:30.001143,844,1.037,0.0011,"aoml_navis",1031.22063584248
"7901009",69,0,1,0.029904,1,0.007476,1,134.090031348788,1,4.84856249516957,846,1,6.53999996185303,34.8689994812012,0.0299040004611015,0,129.302993774414,-87.3192,26.2957,59.5999121482071,63,63,63,63,61,63,0,8046,1.33458767306251,26,-87,0.001869,51,2025-05-05 10:48:30.001143,846,1.037,0.0011,"aoml_navis",1031.23348517861
"7901009",69,0,1,0.029904,1,0.007476,1,134.365268749076,1,4.84850497026805,848,1,6.51900005340576,34.8689994812012,0.0299040004611015,0,129.568405151367,-87.3192,26.2957,59.5999121482071,63,63,63,63,61,63,0,8046,1.33458767306251,26,-87,0.001869,51,2025-05-05 10:48:30.001143,848,1.037,0.0011,"aoml_navis",1031.2457202088
"7901009",69,0,1,0.031773,1,0.009345,1,134.555042357312,1,4.848450324623,850,1,6.5019998550415,34.8689994812012,0.0317730009555817,0,129.751403808594,-87.3192,26.2957,59.5999121482071,63,63,63,63,61,63,0,8046,1.33458767306251,26,-87,0.001869,51,2025-05-05 10:48:30.001143,850,1.037,0.0011,"aoml_navis",1031.25734311587
"7901009",69,0,1,0.031773,1,0.009345,1,134.625347046831,1,4.84839998204387,852,1,6.49100017547607,34.8689994812012,0.0317730009555817,0,129.819198608398,-87.3192,26.2957,59.5999121482071,63,63,63,63,61,63,0,8046,1.33458767306251,26,-87,0.001869,51,2025-05-05 10:48:30.001143,852,1.037,0.0011,"aoml_navis",1031.26805101014
"7901009",69,0,1,0.026166,1,0.003738,1,134.750006138441,1,4.84835679767143,854,1,6.48999977111816,34.8689994812012,0.0261659994721413,0,129.939407348633,-87.3192,26.2957,59.5999121482071,63,63,63,63,61,63,0,8046,1.33458767306251,26,-87,0.001869,51,2025-05-05 10:48:30.001143,854,1.037,0.0011,"aoml_navis",1031.2772365271
"7901009",69,0,1,0.028035,1,0.005607,1,134.846957935128,1,4.84831146872954,856,1,6.48600006103516,34.8689994812012,0.0280349999666214,0,130.032897949219,-87.3192,26.2957,59.5999121482071,63,63,63,63,61,63,0,8046,1.33458767306251,26,-87,0.001869,51,2025-05-05 10:48:30.001143,856,1.037,0.0011,"aoml_navis",1031.28687837999
"7901009",69,0,1,0.028035,1,0.005607,1,134.962898169226,1,4.84826471009516,858,1,6.48000001907349,34.8689994812012,0.0280349999666214,0,130.14469909668,-87.3192,26.2957,59.5999121482071,63,63,63,63,61,63,0,8046,1.33458767306251,26,-87,0.001869,51,2025-05-05 10:48:30.001143,858,1.037,0.0011,"aoml_navis",1031.29682452959
"7901009",69,0,1,0.028035,1,0.005607,1,135.166470041982,1,4.8482143766565,860,1,6.4689998626709,34.8689994812012,0.0280349999666214,0,130.341003417969,-87.3192,26.2957,59.5999121482071,63,63,63,63,61,63,0,8046,1.33458767306251,26,-87,0.001869,51,2025-05-05 10:48:30.001143,860,1.037,0.0011,"aoml_navis",1031.30753129943
"7901009",69,0,1,0.029904,1,0.007476,1,135.346084836202,1,4.84815975947237,862,1,6.4520001411438,34.8689994812012,0.0299040004611015,0,130.514205932617,-87.3192,26.2957,59.5999121482071,63,63,63,63,61,63,0,8046,1.33458767306251,26,-87,0.001869,51,2025-05-05 10:48:30.001143,862,1.037,0.0011,"aoml_navis",1031.31914954555
"7901009",69,0,1,0.028035,1,0.005607,1,135.385074427688,1,4.84810729443787,864,1,6.43800020217896,34.8689994812012,0.0280349999666214,0,130.551803588867,-87.3192,26.2957,59.5999121482071,63,63,63,63,61,63,0,8046,1.33458767306251,26,-87,0.001869,51,2025-05-05 10:48:30.001143,864,1.037,0.0011,"aoml_navis",1031.33031022981
"7901009",69,0,1,0.028035,1,0.005607,1,135.431422038672,1,4.8480489051202,866,1,6.42600011825562,34.8709983825684,0.0280349999666214,0,130.596496582031,-87.3192,26.2957,59.5999121482071,63,63,63,63,61,63,0,8046,1.33458767306251,26,-87,0.001869,51,2025-05-05 10:48:30.001143,866,1.037,0.0011,"aoml_navis",1031.34273144797
"7901009",69,0,1,0.029904,1,0.007476,1,135.461597830459,1,4.84800358705167,868,1,6.42199993133545,34.8709983825684,0.0299040004611015,0,130.625595092773,-87.3192,26.2957,59.5999121482071,63,63,63,63,61,63,0,8046,1.33458767306251,26,-87,0.001869,51,2025-05-05 10:48:30.001143,868,1.037,0.0011,"aoml_navis",1031.35237221241
"7901009",69,0,1,0.028035,1,0.005607,1,135.519053677329,1,4.84795969848463,870,1,6.42000007629395,34.8709983825684,0.0280349999666214,0,130.680999755859,-87.3192,26.2957,59.5999121482071,63,63,63,63,61,63,0,8046,1.33458767306251,26,-87,0.001869,51,2025-05-05 10:48:30.001143,870,1.037,0.0011,"aoml_navis",1031.36170904286
"7901009",69,0,1,0.028035,1,0.005607,1,135.748861241109,1,4.84790785499464,872.099975585938,1,6.41499996185303,34.8720016479492,0.0280349999666214,0,130.902603149414,-87.3192,26.2957,59.5999121482071,63,63,63,63,61,63,0,8046,1.33458767306251,26,-87,0.001869,51,2025-05-05 10:48:30.001143,872.099975585938,1.037,0.0011,"aoml_navis",1031.37273841719
"7901009",69,0,1,0.026166,1,0.003738,1,136.31258047678,1,4.84786038359061,874,1,6.40500020980835,34.8720016479492,0.0261659994721413,0,131.446197509766,-87.3192,26.2957,59.5999121482071,63,63,63,63,61,63,0,8046,1.33458767306251,26,-87,0.001869,51,2025-05-05 10:48:30.001143,874,1.037,0.0011,"aoml_navis",1031.3828378648
"7901009",69,0,1,0.028035,1,0.005607,1,137.265404442421,1,4.84780735730499,876,1,6.38500022888184,34.8709983825684,0.0280349999666214,0,132.365005493164,-87.3192,26.2957,59.5999121482071,63,63,63,63,61,63,0,8046,1.33458767306251,26,-87,0.001869,51,2025-05-05 10:48:30.001143,876,1.037,0.0011,"aoml_navis",1031.39411933638
"7901009",69,0,1,0.026166,1,0.003738,1,138.302315538402,1,4.84774579327687,878,1,6.35300016403198,34.8699989318848,0.0261659994721413,0,133.364898681641,-87.3192,26.2957,59.5999121482071,63,63,63,63,61,63,0,8046,1.33458767306251,26,-87,0.001869,51,2025-05-05 10:48:30.001143,878,1.037,0.0011,"aoml_navis",1031.40721754311
"7901009",69,0,1,0.028035,1,0.005607,1,139.180673181993,1,4.84766356886035,880,1,6.29699993133545,34.8699989318848,0.0280349999666214,0,134.211898803711,-87.3192,26.2957,59.5999121482071,63,63,63,63,61,63,0,8046,1.33458767306251,26,-87,0.001869,51,2025-05-05 10:48:30.001143,880,1.037,0.0011,"aoml_navis",1031.42471192065
"7901009",69,0,1,0.031773,1,0.009345,1,139.578987304107,1,4.84760495014401,882,1,6.26900005340576,34.8689994812012,0.0317730009555817,0,134.595993041992,-87.3192,26.2957,59.5999121482071,63,63,63,63,61,63,0,8046,1.33458767306251,26,-87,0.001869,51,2025-05-05 10:48:30.001143,882,1.037,0.0011,"aoml_navis",1031.43718422258
"7901009",69,0,1,0.033642,1,0.011214,1,139.918722096805,1,4.84755186814066,884,1,6.25400018692017,34.8689994812012,0.0336420014500618,0,134.923599243164,-87.3192,26.2957,59.5999121482071,63,63,63,63,61,63,0,8046,1.33458767306251,26,-87,0.001869,51,2025-05-05 10:48:30.001143,884,1.037,0.0011,"aoml_navis",1031.44847873857
"7901009",69,0,1,0.033642,1,0.011214,1,140.190636520546,1,4.84750091318881,886,1,6.24200010299683,34.8689994812012,0.0336420014500618,0,135.185806274414,-87.3192,26.2957,59.5999121482071,63,63,63,63,61,63,0,8046,1.33458767306251,26,-87,0.001869,51,2025-05-05 10:48:30.001143,886,1.037,0.0011,"aoml_navis",1031.45932090415
"7901009",69,0,1,0.029904,1,0.007476,1,140.567794358644,1,4.84745137549542,888,1,6.23199987411499,34.8689994812012,0.0299040004611015,0,135.549499511719,-87.3192,26.2957,59.5999121482071,63,63,63,63,61,63,0,8046,1.33458767306251,26,-87,0.001869,51,2025-05-05 10:48:30.001143,888,1.037,0.0011,"aoml_navis",1031.46986172481
"7901009",69,0,1,0.026166,1,0.003738,1,140.962896270096,1,4.84740042981393,890,1,6.21999979019165,34.8689994812012,0.0261659994721413,0,135.93049621582,-87.3192,26.2957,59.5999121482071,63,63,63,63,61,63,0,8046,1.33458767306251,26,-87,0.001869,51,2025-05-05 10:48:30.001143,890,1.037,0.0011,"aoml_navis",1031.48070236729
"7901009",69,0,1,0.028035,1,0.005607,1,141.397509955063,1,4.84734455286472,892,1,6.20100021362305,34.8689994812012,0.0280349999666214,0,136.349594116211,-87.3192,26.2957,59.5999121482071,63,63,63,63,61,63,0,8046,1.33458767306251,26,-87,0.001869,51,2025-05-05 10:48:30.001143,892,1.037,0.0011,"aoml_navis",1031.49259258764
"7901009",69,0,1,0.033642,1,0.011214,1,141.703128855211,1,4.84727656046972,894,1,6.17000007629395,34.8699989318848,0.0336420014500618,0,136.644302368164,-87.3192,26.2957,59.5999121482071,63,63,63,63,61,63,0,8046,1.33458767306251,26,-87,0.001869,51,2025-05-05 10:48:30.001143,894,1.037,0.0011,"aoml_navis",1031.50706125905
"7901009",69,0,1,0.028035,1,0.005607,1,141.844371182161,1,4.84721140038335,896.099975585938,1,6.14599990844727,34.8709983825684,0.0280349999666214,0,136.780502319336,-87.3192,26.2957,59.5999121482071,63,63,63,63,61,63,0,8046,1.33458767306251,26,-87,0.001869,51,2025-05-05 10:48:30.001143,896.099975585938,1.037,0.0011,"aoml_navis",1031.52092760067
"7901009",69,0,1,0.029904,1,0.007476,1,142.008842697546,1,4.8471434797542,898,1,6.11199998855591,34.8720016479492,0.0299040004611015,0,136.939102172852,-87.3192,26.2957,59.5999121482071,63,63,63,63,61,63,0,8046,1.33458767306251,26,-87,0.001869,51,2025-05-05 10:48:30.001143,898,1.037,0.0011,"aoml_navis",1031.5353817943
"7901009",69,0,1,0.031773,1,0.009345,1,142.012782798309,1,4.84708067591114,900,1,6.08300018310547,34.8720016479492,0.0317730009555817,0,136.942901611328,-87.3192,26.2957,59.5999121482071,63,63,63,63,61,63,0,8046,1.33458767306251,26,-87,0.001869,51,2025-05-05 10:48:30.001143,900,1.037,0.0011,"aoml_navis",1031.54874744479
"7901009",69,0,1,0.029904,1,0.007476,1,141.880670745014,1,4.84703189026065,902,1,6.07399988174438,34.8720016479492,0.0299040004611015,0,136.815505981445,-87.3192,26.2957,59.5999121482071,63,63,63,63,61,63,0,8046,1.33458767306251,26,-87,0.001869,51,2025-05-05 10:48:30.001143,902,1.037,0.0011,"aoml_navis",1031.55913004136
"7901009",69,0,1,0.029904,1,0.007476,1,141.941322978848,1,4.84697714657034,904,1,6.06699991226196,34.8740005493164,0.0299040004611015,0,136.873992919922,-87.3192,26.2957,59.5999121482071,63,63,63,63,61,63,0,8046,1.33458767306251,26,-87,0.001869,51,2025-05-05 10:48:30.001143,904,1.037,0.0011,"aoml_navis",1031.57078088102
"7901009",69,0,1,0.031773,1,0.009345,1,142.303875543836,1,4.84691769510447,906,1,6.0479998588562,34.875,0.0317730009555817,0,137.223602294922,-87.3192,26.2957,59.5999121482071,63,63,63,63,61,63,0,8046,1.33458767306251,26,-87,0.001869,51,2025-05-05 10:48:30.001143,906,1.037,0.0011,"aoml_navis",1031.58343395229
"7901009",69,0,1,0.031773,1,0.009345,1,142.741290023322,1,4.84686333357847,908,1,6.0310001373291,34.875,0.0317730009555817,0,137.645401000977,-87.3192,26.2957,59.5999121482071,63,63,63,63,61,63,0,8046,1.33458767306251,26,-87,0.001869,51,2025-05-05 10:48:30.001143,908,1.037,0.0011,"aoml_navis",1031.59500400199
"7901009",69,0,1,0.029904,1,0.007476,1,143.21801056825,1,4.84681964095027,910,1,6.02400016784668,34.8740005493164,0.0299040004611015,0,138.105102539062,-87.3192,26.2957,59.5999121482071,63,63,63,63,61,63,0,8046,1.33458767306251,26,-87,0.001869,51,2025-05-05 10:48:30.001143,910,1.037,0.0011,"aoml_navis",1031.60430352215
"7901009",69,0,1,0.028035,1,0.005607,1,143.650345640728,1,4.84675603491795,912,1,5.99900007247925,34.875,0.0280349999666214,0,138.522003173828,-87.3192,26.2957,59.5999121482071,63,63,63,63,61,63,0,8046,1.33458767306251,26,-87,0.001869,51,2025-05-05 10:48:30.001143,912,1.037,0.0011,"aoml_navis",1031.61784170237
"7901009",69,0,1,0.028035,1,0.005607,1,143.883159707098,1,4.84670309571668,914,1,5.98400020599365,34.875,0.0280349999666214,0,138.746505737305,-87.3192,26.2957,59.5999121482071,63,63,63,63,61,63,0,8046,1.33458767306251,26,-87,0.001869,51,2025-05-05 10:48:30.001143,914,1.037,0.0011,"aoml_navis",1031.62910977955
"7901009",69,0,1,0.029904,1,0.007476,1,144.249114367123,1,4.84665573354271,916,1,5.97700023651123,34.875,0.0299040004611015,0,139.099395751953,-87.3192,26.2957,59.5999121482071,63,63,63,63,61,63,0,8046,1.33458767306251,26,-87,0.001869,51,2025-05-05 10:48:30.001143,916,1.037,0.0011,"aoml_navis",1031.63919099845
"7901009",69,0,1,0.033642,1,0.011214,1,144.7306136688,1,4.84661066140017,918,1,5.96799993515015,34.8740005493164,0.0336420014500618,0,139.563705444336,-87.3192,26.2957,59.5999121482071,63,63,63,63,61,63,0,8046,1.33458767306251,26,-87,0.001869,51,2025-05-05 10:48:30.001143,918,1.037,0.0011,"aoml_navis",1031.64878495842
"7901009",69,0,1,0.028035,1,0.005607,1,145.1569199124,1,4.84654567577291,920.099975585938,1,5.94399976730347,34.875,0.0280349999666214,0,139.974792480469,-87.3192,26.2957,59.5999121482071,63,63,63,63,61,63,0,8046,1.33458767306251,26,-87,0.001869,51,2025-05-05 10:48:30.001143,920.099975585938,1.037,0.0011,"aoml_navis",1031.66261797432
"7901009",69,0,1,0.029904,1,0.007476,1,145.418976172384,1,4.84649627861274,922,1,5.93100023269653,34.875,0.0299040004611015,0,140.227493286133,-87.3192,26.2957,59.5999121482071,63,63,63,63,61,63,0,8046,1.33458767306251,26,-87,0.001869,51,2025-05-05 10:48:30.001143,922,1.037,0.0011,"aoml_navis",1031.67313303523
"7901009",69,0,1,0.031773,1,0.009345,1,145.770736975443,1,4.84645260927892,924,1,5.92399978637695,34.8740005493164,0.0317730009555817,0,140.566696166992,-87.3192,26.2957,59.5999121482071,63,63,63,63,61,63,0,8046,1.33458767306251,26,-87,0.001869,51,2025-05-05 10:48:30.001143,924,1.037,0.0011,"aoml_navis",1031.68242900531
"7901009",69,0,1,0.031773,1,0.009345,1,146.25150838702,1,4.84638904835936,926.099975585938,1,5.90199995040894,34.875,0.0317730009555817,0,141.030303955078,-87.3192,26.2957,59.5999121482071,63,63,63,63,61,63,0,8046,1.33458767306251,26,-87,0.001869,51,2025-05-05 10:48:30.001143,926.099975585938,1.037,0.0011,"aoml_navis",1031.69595963259
"7901009",69,0,1,0.033642,1,0.011214,1,146.627115502729,1,4.84633828373792,928,1,5.88700008392334,34.875,0.0336420014500618,0,141.392501831055,-87.3192,26.2957,59.5999121482071,63,63,63,63,61,63,0,8046,1.33458767306251,26,-87,0.001869,51,2025-05-05 10:48:30.001143,928,1.037,0.0011,"aoml_navis",1031.70676648341
"7901009",69,0,1,0.029904,1,0.007476,1,147.102380267456,1,4.84627203199004,930,1,5.85799980163574,34.8759994506836,0.0299040004611015,0,141.850799560547,-87.3192,26.2957,59.5999121482071,63,63,63,63,61,63,0,8046,1.33458767306251,26,-87,0.001869,51,2025-05-05 10:48:30.001143,930,1.037,0.0011,"aoml_navis",1031.7208705981
"7901009",69,0,1,0.031773,1,0.009345,1,147.518432754853,1,4.84621916687164,932,1,5.84299993515015,34.8759994506836,0.0317730009555817,0,142.251998901367,-87.3192,26.2957,59.5999121482071,63,63,63,63,61,63,0,8046,1.33458767306251,26,-87,0.001869,51,2025-05-05 10:48:30.001143,932,1.037,0.0011,"aoml_navis",1031.7321251543
"7901009",69,0,1,0.031773,1,0.009345,1,147.878801649539,1,4.84616055680532,934,1,5.82499980926514,34.8769989013672,0.0317730009555817,0,142.599502563477,-87.3192,26.2957,59.5999121482071,63,63,63,63,61,63,0,8046,1.33458767306251,26,-87,0.001869,51,2025-05-05 10:48:30.001143,934,1.037,0.0011,"aoml_navis",1031.74460305048
"7901009",69,0,1,0.028035,1,0.005607,1,148.176730232535,1,4.8461132307748,936,1,5.81799983978271,34.8769989013672,0.0280349999666214,0,142.886795043945,-87.3192,26.2957,59.5999121482071,63,63,63,63,61,63,0,8046,1.33458767306251,26,-87,0.001869,51,2025-05-05 10:48:30.001143,936,1.037,0.0011,"aoml_navis",1031.75467883168
"7901009",69,0,1,0.035511,1,0.013083,1,148.606897458408,1,4.84605762723624,938,1,5.79899978637695,34.8769989013672,0.0355109982192516,0,143.301605224609,-87.3192,26.2957,59.5999121482071,63,63,63,63,61,63,0,8046,1.33458767306251,26,-87,0.001869,51,2025-05-05 10:48:30.001143,938,1.037,0.0011,"aoml_navis",1031.7665171579
"7901009",69,0,1,0.031773,1,0.009345,1,148.919858554355,1,4.84600111226244,940,1,5.78399991989136,34.8779983520508,0.0317730009555817,0,143.603393554688,-87.3192,26.2957,59.5999121482071,63,63,63,63,61,63,0,8046,1.33458767306251,26,-87,0.001869,51,2025-05-05 10:48:30.001143,940,1.037,0.0011,"aoml_navis",1031.77854981252
"7901009",69,0,1,0.029904,1,0.007476,1,149.251096021311,1,4.84596023313137,942,1,5.7810001373291,34.8769989013672,0.0299040004611015,0,143.922805786133,-87.3192,26.2957,59.5999121482071,63,63,63,63,61,63,0,8046,1.33458767306251,26,-87,0.001869,51,2025-05-05 10:48:30.001143,942,1.037,0.0011,"aoml_navis",1031.78725360053
"7901009",69,0,1,0.029904,1,0.007476,1,149.723971407664,1,4.84590441595348,944,1,5.76700019836426,34.8779983520508,0.0299040004611015,0,144.378799438477,-87.3192,26.2957,59.5999121482071,63,63,63,63,61,63,0,8046,1.33458767306251,26,-87,0.001869,51,2025-05-05 10:48:30.001143,944,1.037,0.0011,"aoml_navis",1031.79913816278
"7901009",69,0,1,0.03738,1,0.014952,1,149.963114953171,1,4.84584515109994,946,1,5.7480001449585,34.8790016174316,0.0373799987137318,0,144.609405517578,-87.3192,26.2957,59.5999121482071,63,63,63,63,61,63,0,8046,1.33458767306251,26,-87,0.001869,51,2025-05-05 10:48:30.001143,946,1.037,0.0011,"aoml_navis",1031.81175710187
"7901009",69,0,1,0.029904,1,0.007476,1,150.104768696265,1,4.84580128325722,948,1,5.74599981307983,34.8790016174316,0.0299040004611015,0,144.746002197266,-87.3192,26.2957,59.5999121482071,63,63,63,63,61,63,0,8046,1.33458767306251,26,-87,0.001869,51,2025-05-05 10:48:30.001143,948,1.037,0.0011,"aoml_navis",1031.82109783898
"7901009",69,0,1,0.031773,1,0.009345,1,150.349498007112,1,4.84575604162445,950,1,5.74200010299683,34.8790016174316,0.0317730009555817,0,144.981994628906,-87.3192,26.2957,59.5999121482071,63,63,63,63,61,63,0,8046,1.33458767306251,26,-87,0.001869,51,2025-05-05 10:48:30.001143,950,1.037,0.0011,"aoml_navis",1031.83073127302
"7901009",69,0,1,0.029904,1,0.007476,1,150.765044136177,1,4.84570804989475,952,1,5.73400020599365,34.8790016174316,0.0299040004611015,0,145.382705688477,-87.3192,26.2957,59.5999121482071,63,63,63,63,61,63,0,8046,1.33458767306251,26,-87,0.001869,51,2025-05-05 10:48:30.001143,952,1.037,0.0011,"aoml_navis",1031.84095048991
"7901009",69,0,1,0.028035,1,0.005607,1,151.187837518856,1,4.84565524823621,954,1,5.7189998626709,34.8790016174316,0.0280349999666214,0,145.790405273438,-87.3192,26.2957,59.5999121482071,63,63,63,63,61,63,0,8046,1.33458767306251,26,-87,0.001869,51,2025-05-05 10:48:30.001143,954,1.037,0.0011,"aoml_navis",1031.85219415268
"7901009",69,0,1,0.028035,1,0.005607,1,151.405081066548,1,4.8455967144179,956,1,5.70100021362305,34.8800010681152,0.0280349999666214,0,145.999893188477,-87.3192,26.2957,59.5999121482071,63,63,63,63,61,63,0,8046,1.33458767306251,26,-87,0.001869,51,2025-05-05 10:48:30.001143,956,1.037,0.0011,"aoml_navis",1031.86465871637
"7901009",69,0,1,0.029904,1,0.007476,1,151.719830240351,1,4.84554255819427,958,1,5.68400001525879,34.8800010681152,0.0299040004611015,0,146.303405761719,-87.3192,26.2957,59.5999121482071,63,63,63,63,61,63,0,8046,1.33458767306251,26,-87,0.001869,51,2025-05-05 10:48:30.001143,958,1.037,0.0011,"aoml_navis",1031.8761913554
"7901009",69,0,1,0.031773,1,0.009345,1,152.285210964296,1,4.84549321048113,960,1,5.67399978637695,34.8800010681152,0.0317730009555817,0,146.848602294922,-87.3192,26.2957,59.5999121482071,63,63,63,63,61,63,0,8046,1.33458767306251,26,-87,0.001869,51,2025-05-05 10:48:30.001143,960,1.037,0.0011,"aoml_navis",1031.88670024027
"7901009",69,0,4,0.024297,1,0.001869,1,152.873298694647,1,4.8454340201599,962,1,5.65500020980835,34.8810005187988,0.0242970008403063,0,147.41569519043,-87.3192,26.2957,59.5999121482071,63,63,63,63,61,63,0,8046,1.33458767306251,26,-87,0.001869,51,2025-05-05 10:48:30.001143,962,1.037,0.0011,"aoml_navis",1031.8993054486
"7901009",69,0,1,0.031773,1,0.009345,1,153.200279586883,1,4.8453839978323,964,1,5.64400005340576,34.8810005187988,0.0317730009555817,0,147.731002807617,-87.3192,26.2957,59.5999121482071,63,63,63,63,61,63,0,8046,1.33458767306251,26,-87,0.001869,51,2025-05-05 10:48:30.001143,964,1.037,0.0011,"aoml_navis",1031.9099584753
"7901009",69,0,1,0.028035,1,0.005607,1,153.484631437129,1,4.84532551096039,966,1,5.62599992752075,34.8819999694824,0.0280349999666214,0,148.00520324707,-87.3192,26.2957,59.5999121482071,63,63,63,63,61,63,0,8046,1.33458767306251,26,-87,0.001869,51,2025-05-05 10:48:30.001143,966,1.037,0.0011,"aoml_navis",1031.92241443629
"7901009",69,0,1,0.029904,1,0.007476,1,153.681351648719,1,4.84527960158327,968,1,5.62099981307983,34.8819999694824,0.0299040004611015,0,148.194900512695,-87.3192,26.2957,59.5999121482071,63,63,63,63,61,63,0,8046,1.33458767306251,26,-87,0.001869,51,2025-05-05 10:48:30.001143,968,1.037,0.0011,"aoml_navis",1031.93219197632
"7901009",69,0,1,0.028035,1,0.005607,1,154.005420980552,1,4.84523164311639,970,1,5.61299991607666,34.8819999694824,0.0280349999666214,0,148.507400512695,-87.3192,26.2957,59.5999121482071,63,63,63,63,61,63,0,8046,1.33458767306251,26,-87,0.001869,51,2025-05-05 10:48:30.001143,970,1.037,0.0011,"aoml_navis",1031.9424061187
"7901009",69,0,1,0.029904,1,0.007476,1,154.376993053311,1,4.8451871049684,972,1,5.6100001335144,34.8819999694824,0.0299040004611015,0,148.865707397461,-87.3192,26.2957,59.5999121482071,63,63,63,63,61,63,0,8046,1.33458767306251,26,-87,0.001869,51,2025-05-05 10:48:30.001143,972,1.037,0.0011,"aoml_navis",1031.95189198635
"7901009",69,0,1,0.024297,1,0.001869,1,154.836592357173,1,4.84513137039395,974,1,5.59600019454956,34.882999420166,0.0242970008403063,0,149.308898925781,-87.3192,26.2957,59.5999121482071,63,63,63,63,61,63,0,8046,1.33458767306251,26,-87,0.001869,51,2025-05-05 10:48:30.001143,974,1.037,0.0011,"aoml_navis",1031.96376274798
"7901009",69,0,1,0.026166,1,0.003738,1,155.203797089327,1,4.84508410284523,976,1,5.58900022506714,34.882999420166,0.0261659994721413,0,149.662994384766,-87.3192,26.2957,59.5999121482071,63,63,63,63,61,63,0,8046,1.33458767306251,26,-87,0.001869,51,2025-05-05 10:48:30.001143,976,1.037,0.0011,"aoml_navis",1031.9738303539
"7901009",69,0,1,0.026166,1,0.003738,1,155.54892776299,1,4.84503588895724,978,1,5.58599996566772,34.8839988708496,0.0261659994721413,0,149.995803833008,-87.3192,26.2957,59.5999121482071,63,63,63,63,61,63,0,8046,1.33458767306251,26,-87,0.001869,51,2025-05-05 10:48:30.001143,978,1.037,0.0011,"aoml_navis",1031.98409972482
"7901009",69,0,1,0.031773,1,0.009345,1,159.918626098751,1,4.84447958744703,999.799987792969,1,5.45989990234375,34.8860015869141,0.0317730009555817,0,154.209503173828,-87.3192,26.2957,59.5999121482071,63,63,63,63,61,63,0,8046,1.33458767306251,26,-87,0.001869,51,2025-05-05 10:48:30.001143,999.799987792969,1.037,0.0011,"aoml_navis",1032.10260457201
"7901009",69,0,1,0.028035,1,0.005607,1,166.028852078798,1,4.84326857078141,1049.09997558594,1,5.24980020523071,34.8919982910156,0.0280349999666214,0,160.101593017578,-87.3192,26.2957,59.5999121482071,63,63,63,63,61,63,0,8046,1.33458767306251,26,-87,0.001869,51,2025-05-05 10:48:30.001143,1049.09997558594,1.037,0.0011,"aoml_navis",1032.36067274157
"7901009",69,0,1,0.031773,1,0.009345,1,172.092018381459,1,4.8420437424345,1099.30004882812,1,5.05060005187988,34.898998260498,0.0317730009555817,0,165.948303222656,-87.3192,26.2957,59.5999121482071,63,63,63,63,61,63,0,8046,1.33458767306251,26,-87,0.001869,51,2025-05-05 10:48:30.001143,1099.30004882812,1.037,0.0011,"aoml_navis",1032.62181549109
"7901009",69,0,1,0.031773,1,0.009345,1,177.988213024476,1,4.84084012203411,1149.40002441406,1,4.87220001220703,34.9049987792969,0.0317730009555817,0,171.634002685547,-87.3192,26.2957,59.5999121482071,63,63,63,63,61,63,0,8046,1.33458767306251,26,-87,0.001869,51,2025-05-05 10:48:30.001143,1149.40002441406,1.037,0.0011,"aoml_navis",1032.87856528073
"7901009",69,0,1,0.031773,1,0.009345,1,183.724287669016,1,4.83966258305387,1199.30004882812,1,4.72469997406006,34.9109992980957,0.0317730009555817,0,177.165298461914,-87.3192,26.2957,59.5999121482071,63,63,63,63,61,63,0,8046,1.33458767306251,26,-87,0.001869,51,2025-05-05 10:48:30.001143,1199.30004882812,1.037,0.0011,"aoml_navis",1033.12987510897
"7901009",69,0,1,0.026166,1,0.003738,1,188.597258714686,1,4.83850068316542,1249.59997558594,1,4.60629987716675,34.9160003662109,0.0261659994721413,0,181.864303588867,-87.3192,26.2957,59.5999121482071,63,63,63,63,61,63,0,8046,1.33458767306251,26,-87,0.001869,51,2025-05-05 10:48:30.001143,1249.59997558594,1.037,0.0011,"aoml_navis",1033.37796714517
"7901009",69,0,1,0.029904,1,0.007476,1,191.771365912493,1,4.83738333202616,1298.69995117188,1,4.51520013809204,34.9210014343262,0.0299040004611015,0,184.925094604492,-87.3192,26.2957,59.5999121482071,63,63,63,63,61,63,0,8046,1.33458767306251,26,-87,0.001869,51,2025-05-05 10:48:30.001143,1298.69995117188,1.037,0.0011,"aoml_navis",1033.61665942354
"7901009",69,0,1,0.026166,1,0.003738,1,194.366721361676,1,4.83625825511611,1349.80004882812,1,4.45240020751953,34.9220008850098,0.0261659994721413,0,187.427795410156,-87.3192,26.2957,59.5999121482071,63,63,63,63,61,63,0,8046,1.33458767306251,26,-87,0.001869,51,2025-05-05 10:48:30.001143,1349.80004882812,1.037,0.0011,"aoml_navis",1033.85711354655
"7901009",69,0,1,0.024297,1,0.001869,1,196.311865242775,1,4.83517456005905,1399.40002441406,1,4.41340017318726,34.9249992370605,0.0242970008403063,0,189.303497314453,-87.3192,26.2957,59.5999121482071,63,63,63,63,61,63,0,8046,1.33458767306251,26,-87,0.001869,51,2025-05-05 10:48:30.001143,1399.40002441406,1.037,0.0011,"aoml_navis",1034.08882924362
"7901009",69,0,1,0.035511,1,0.013083,1,198.289368585965,1,4.83409697137802,1449.19995117188,1,4.3769998550415,34.9259986877441,0.0355109982192516,0,191.210403442383,-87.3192,26.2957,59.5999121482071,63,63,63,63,61,63,0,8046,1.33458767306251,26,-87,0.001869,51,2025-05-05 10:48:30.001143,1449.19995117188,1.037,0.0011,"aoml_navis",1034.31934228963
"7901009",69,0,1,0.026166,1,0.003738,1,199.68416425607,1,4.83303068733102,1498.80004882812,1,4.35470008850098,34.9280014038086,0.0261659994721413,0,192.555404663086,-87.3192,26.2957,59.5999121482071,63,63,63,63,61,63,0,8046,1.33458767306251,26,-87,0.001869,51,2025-05-05 10:48:30.001143,1498.80004882812,1.037,0.0011,"aoml_navis",1034.54753827793
"7901009",69,0,1,0.028035,1,0.005607,1,200.621322760846,1,4.83194539230614,1549.80004882812,1,4.3403000831604,34.9290008544922,0.0280349999666214,0,193.459106445312,-87.3192,26.2957,59.5999121482071,63,63,63,63,61,63,0,8046,1.33458767306251,26,-87,0.001869,51,2025-05-05 10:48:30.001143,1549.80004882812,1.037,0.0011,"aoml_navis",1034.77990623848
"7901009",69,0,1,0.035511,1,0.013083,1,201.190960059511,1,4.83090511838342,1599,1,4.3289999961853,34.9290008544922,0.0355109982192516,0,194.008407592773,-87.3192,26.2957,59.5999121482071,63,63,63,63,61,63,0,8046,1.33458767306251,26,-87,0.001869,51,2025-05-05 10:48:30.001143,1599,1.037,0.0011,"aoml_navis",1035.00273291916
"7901009",69,0,1,0.029904,1,0.007476,1,201.905257603861,1,4.82984338264558,1649.19995117188,1,4.32019996643066,34.9300003051758,0.0299040004611015,0,194.697204589844,-87.3192,26.2957,59.5999121482071,63,63,63,63,61,63,0,8046,1.33458767306251,26,-87,0.001869,51,2025-05-05 10:48:30.001143,1649.19995117188,1.037,0.0011,"aoml_navis",1035.23025569852
"7901009",69,0,4,0.024297,1,0.001869,1,202.372642167062,1,4.82878286930759,1699.69995117188,1,4.31479978561401,34.9300003051758,0.0242970008403063,0,195.147903442383,-87.3192,26.2957,59.5999121482071,63,63,63,63,61,63,0,8046,1.33458767306251,26,-87,0.001869,51,2025-05-05 10:48:30.001143,1699.69995117188,1.037,0.0011,"aoml_navis",1035.45761640696
"7901009",69,0,1,0.028035,1,0.005607,1,202.597876682165,1,4.82772462899998,1749.90002441406,1,4.30670022964478,34.9309997558594,0.0280349999666214,0,195.365097045898,-87.3192,26.2957,59.5999121482071,63,63,63,63,61,63,0,8046,1.33458767306251,26,-87,0.001869,51,2025-05-05 10:48:30.001143,1749.90002441406,1.037,0.0011,"aoml_navis",1035.68458937471
"7901009",69,0,1,0.031773,1,0.009345,1,203.208370768662,1,4.82667472450114,1799.90002441406,1,4.3024001121521,34.931999206543,0.0317730009555817,0,195.953796386719,-87.3192,26.2957,59.5999121482071,63,63,63,63,61,63,0,8046,1.33458767306251,26,-87,0.001869,51,2025-05-05 10:48:30.001143,1799.90002441406,1.037,0.0011,"aoml_navis",1035.90987281969
"7901009",69,0,1,0.028035,1,0.005607,1,203.722530182688,1,4.82563477391806,1849.69995117188,1,4.29899978637695,34.931999206543,0.0280349999666214,0,196.449600219727,-87.3192,26.2957,59.5999121482071,63,63,63,63,61,63,0,8046,1.33458767306251,26,-87,0.001869,51,2025-05-05 10:48:30.001143,1849.69995117188,1.037,0.0011,"aoml_navis",1036.13311704076
"7901009",69,0,1,0.026166,1,0.003738,1,204.162856222577,1,4.82458809183611,1899.80004882812,1,4.29790019989014,34.9329986572266,0.0261659994721413,0,196.874206542969,-87.3192,26.2957,59.5999121482071,63,63,63,63,61,63,0,8046,1.33458767306251,26,-87,0.001869,51,2025-05-05 10:48:30.001143,1899.80004882812,1.037,0.0011,"aoml_navis",1036.35790347796
"7901009",69,0,1,0.026166,1,0.003738,1,204.448030905111,1,4.82356584428313,1949,1,4.29759979248047,34.9329986572266,0.0261659994721413,0,197.149200439453,-87.3192,26.2957,59.5999121482071,63,63,63,63,61,63,0,8046,1.33458767306251,26,-87,0.001869,51,2025-05-05 10:48:30.001143,1949,1.037,0.0011,"aoml_navis",1036.5775364974
"7901009",69,0,1,0.029904,1,0.007476,1,204.314558013801,1,4.82253715687234,1998.59997558594,1,4.29780006408691,34.9329986572266,0.0299040004611015,0,197.020492553711,-87.3192,26.2957,59.5999121482071,63,63,63,63,61,63,0,8046,1.33458767306251,26,-87,0.001869,51,2025-05-05 10:48:30.001143,1998.59997558594,1.037,0.0011,"aoml_navis",1036.79864713427
"7901009",70,0.0203020729171608,5,0.03738,1,0.014952,1,195.030902363485,1,4.88604581319565,2.29999995231628,1,28.136999130249,36.2799987792969,0.0373799987137318,0.0320077016949654,188.068206787109,-87.676,26.592,11.9211100166385,63,63,63,63,61,63,0.0226627025939268,7817,1.11627530284214,27,-88,0.001869,51,2025-05-15 17:37:32.001877,2.29999995231628,1.037,0.0011,"aoml_navis",1023.32237378876
"7901009",70,0.0203020729171608,5,0.035511,1,0.013083,1,194.966594835533,1,4.88600322459741,4,1,28.1319999694824,36.2799987792969,0.0355109982192516,0.0320077016949654,188.006195068359,-87.676,26.592,11.9211100166385,63,63,63,63,61,63,0.0226627025939268,7817,1.11627530284214,27,-88,0.001869,51,2025-05-15 17:37:32.001877,4,1.037,0.0011,"aoml_navis",1023.33129352611
"7901009",70,0.0203020729171608,5,0.033642,1,0.011214,1,194.869437300683,1,4.88595561142476,6.09999990463257,1,28.128999710083,36.2799987792969,0.0336420014500618,0.0320077016949654,187.912506103516,-87.676,26.592,11.9211100166385,63,63,63,63,61,63,0.0226627025939268,7817,1.11627530284214,27,-88,0.001869,51,2025-05-15 17:37:32.001877,6.09999990463257,1.037,0.0011,"aoml_navis",1023.34126579222
"7901009",70,0.0203020729171608,5,0.039249,1,0.016821,1,194.857189754759,1,4.88587480228272,8,1,28.1000003814697,36.2789993286133,0.0392489992082119,0.0320077016949654,187.900695800781,-87.676,26.592,11.9211100166385,63,63,63,63,61,63,0.0226627025939268,7817,1.11627530284214,27,-88,0.001869,51,2025-05-15 17:37:32.001877,8,1.037,0.0011,"aoml_navis",1023.35819118082
"7901009",70,0.0203020729171608,5,0.044856,1,0.022428,1,194.909044028652,1,4.8857673268918,9.89999961853027,1,28.0540008544922,36.2779998779297,0.0448560006916523,0.0320077016949654,187.950698852539,-87.676,26.592,11.9211100166385,63,63,63,63,61,63,0.0226627025939268,7817,1.11627530284214,27,-88,0.001869,51,2025-05-15 17:37:32.001877,9.89999961853027,1.037,0.0011,"aoml_navis",1023.38070265431
"7901009",70,0.0251147722507345,1,0.050463,1,0.028035,1,194.787913584145,1,4.88561618537947,12,1,27.9850006103516,36.2779998779297,0.0504629984498024,0.0373799987137318,187.833892822266,-87.676,26.592,11.9211100166385,63,63,63,63,61,63,0.028035,7817,1.11627530284214,27,-88,0.001869,51,2025-05-15 17:37:32.001877,12,1.037,0.0011,"aoml_navis",1023.41236197858
"7901009",70,0.0318120448509304,1,0.057939,1,0.035511,1,194.820273056257,1,4.88550482816624,14,1,27.9400005340576,36.2779998779297,0.0579390004277229,0.0448560006916523,187.865097045898,-87.676,26.592,11.9211100166385,63,63,63,63,61,63,0.035511,7817,1.11627530284214,27,-88,0.001869,51,2025-05-15 17:37:32.001877,14,1.037,0.0011,"aoml_navis",1023.43568901491
"7901009",70,0.0284634085508325,1,0.054201,1,0.031773,1,194.786568569412,1,4.88543892439808,16,1,27.923999786377,36.2779998779297,0.0542009994387627,0.041117999702692,187.832595825195,-87.676,26.592,11.9211100166385,63,63,63,63,61,63,0.031773,7817,1.11627530284214,27,-88,0.001869,51,2025-05-15 17:37:32.001877,16,1.037,0.0011,"aoml_navis",1023.44949499415
"7901009",70,0.0368349993010773,1,0.063546,1,0.041118,1,194.756914950469,1,4.88537616182141,18,1,27.9099998474121,36.2779998779297,0.0635460019111633,0.0504629984498024,187.804000854492,-87.676,26.592,11.9211100166385,63,63,63,63,61,63,0.041118,7817,1.11627530284214,27,-88,0.001869,51,2025-05-15 17:37:32.001877,18,1.037,0.0011,"aoml_navis",1023.46264328106
"7901009",70,0.0385093174511263,1,0.065415,1,0.042987,1,194.775792627843,1,4.88530448334002,20,1,27.8880004882812,36.2770004272461,0.0654150024056435,0.0523319989442825,187.822204589844,-87.676,26.592,11.9211100166385,63,63,63,63,61,63,0.042987,7817,1.11627530284214,27,-88,0.001869,51,2025-05-15 17:37:32.001877,20,1.037,0.0011,"aoml_navis",1023.47765979605
"7901009",70,0.0485552263514201,1,0.076629,1,0.054201,1,195.062945361542,1,4.88521765176377,22,1,27.8540000915527,36.2750015258789,0.0766289979219437,0.0635460019111633,188.099105834961,-87.676,26.592,11.9211100166385,63,63,63,63,61,63,0.054201,7817,1.11627530284214,27,-88,0.001869,51,2025-05-15 17:37:32.001877,22,1.037,0.0011,"aoml_navis",1023.49585144784
"7901009",70,0.0619497715518118,1,0.091581,1,0.069153,1,195.054748683521,1,4.88511384274844,24,1,27.8159999847412,36.2760009765625,0.0915810018777847,0.0784979984164238,188.091201782227,-87.676,26.592,11.9211100166385,63,63,63,63,61,63,0.069153,7817,1.11627530284214,27,-88,0.001869,51,2025-05-15 17:37:32.001877,24,1.037,0.0011,"aoml_navis",1023.51760080722
"7901009",70,0.0669727260019587,1,0.097188,1,0.07476,1,194.707339289772,1,4.88497543919626,26,1,27.7649993896484,36.2809982299805,0.0971880033612251,0.0841049998998642,187.756195068359,-87.676,26.592,11.9211100166385,63,63,63,63,61,63,0.07476,7817,1.11627530284214,27,-88,0.001869,51,2025-05-15 17:37:32.001877,26,1.037,0.0011,"aoml_navis",1023.54659961661
"7901009",70,0.0619497715518118,1,0.091581,1,0.069153,1,194.405470512521,1,4.88483772477508,28,1,27.7189998626709,36.2879981994629,0.0915810018777847,0.0784979984164238,187.465103149414,-87.676,26.592,11.9211100166385,63,63,63,63,61,63,0.069153,7817,1.11627530284214,27,-88,0.001869,51,2025-05-15 17:37:32.001877,28,1.037,0.0011,"aoml_navis",1023.57545566782
"7901009",70,0.0753443167522036,1,0.106533,1,0.084105,1,193.941187250303,1,4.88467061846742,30,1,27.6609992980957,36.2980003356934,0.106532998383045,0.0934500023722649,187.017395019531,-87.676,26.592,11.9211100166385,63,63,63,63,61,63,0.084105,7817,1.11627530284214,27,-88,0.001869,51,2025-05-15 17:37:32.001877,30,1.037,0.0011,"aoml_navis",1023.6104725458
"7901009",70,0.0786929530523015,1,0.110271,1,0.087843,1,193.232807549554,1,4.88456154330859,32,1,27.6310005187988,36.3040008544922,0.110270999372005,0.0971880033612251,186.33430480957,-87.676,26.592,11.9211100166385,63,63,63,63,61,63,0.087843,7817,1.11627530284214,27,-88,0.001869,51,2025-05-15 17:37:32.001877,32,1.037,0.0011,"aoml_navis",1023.63333037528
"7901009",70,0.13059681570382,1,0.16821,1,0.145782,1,192.491846844854,1,4.88423469519244,34,1,27.5069999694824,36.3300018310547,0.168209999799728,0.155127003788948,185.61979675293,-87.676,26.592,11.9211100166385,63,63,63,63,61,63,0.145782,7817,1.11627530284214,27,-88,0.001869,51,2025-05-15 17:37:32.001877,34,1.037,0.0011,"aoml_navis",1023.70183089717
"7901009",70,0.0987847708528891,4,0.132699,1,0.110271,1,192.192984571124,1,4.88406810094256,36,1,27.4559993743896,36.3429985046387,0.132698997855186,0.119616001844406,185.331604003906,-87.676,26.592,11.9211100166385,63,63,63,63,61,63,0.110271,7817,1.11627530284214,27,-88,0.001869,51,2025-05-15 17:37:32.001877,36,1.037,0.0011,"aoml_navis",1023.73674909141
"7901009",70,0.110504997903232,4,0.145782,1,0.123354,1,191.970740666082,1,4.8839468535296,38,1,27.4179992675781,36.3489990234375,0.145781993865967,0.132698997855186,185.117294311523,-87.676,26.592,11.9211100166385,63,63,63,63,61,63,0.123354,7817,1.11627530284214,27,-88,0.001869,51,2025-05-15 17:37:32.001877,38,1.037,0.0011,"aoml_navis",1023.76216407567
"7901009",70,0.118876588653477,1,0.155127,1,0.132699,1,191.840084352523,1,4.88385864058894,40,1,27.3990001678467,36.3540000915527,0.155127003788948,0.142043992877007,184.991302490234,-87.676,26.592,11.9211100166385,63,63,63,63,61,63,0.132699,7817,1.11627530284214,27,-88,0.001869,51,2025-05-15 17:37:32.001877,40,1.037,0.0011,"aoml_navis",1023.78065541165
"7901009",70,0.132271133853868,1,0.170079,1,0.147651,1,191.60105149887,1,4.88379824217355,42,1,27.3910007476807,36.3559989929199,0.170078992843628,0.156995996832848,184.760803222656,-87.676,26.592,11.9211100166385,63,63,63,63,61,63,0.147651,7817,1.11627530284214,27,-88,0.001869,51,2025-05-15 17:37:32.001877,42,1.037,0.0011,"aoml_navis",1023.79331660817
"7901009",70,0.172454769455044,1,0.214935,1,0.192507,1,191.029436060938,1,4.8837203226182,44,1,27.3740005493164,36.359001159668,0.214935004711151,0.20185199379921,184.209594726562,-87.676,26.592,11.9211100166385,63,63,63,63,61,63,0.192507,7817,1.11627530284214,27,-88,0.001869,51,2025-05-15 17:37:32.001877,44,1.037,0.0011,"aoml_navis",1023.8096511881
"7901009",70,0.159060224254652,4,0.199983,1,0.177555,1,190.441965272857,1,4.88350202523578,46,1,27.3010005950928,36.3769989013672,0.19998300075531,0.18690000474453,183.643096923828,-87.676,26.592,11.9211100166385,63,63,63,63,61,63,0.177555,7817,1.11627530284214,27,-88,0.001869,51,2025-05-15 17:37:32.001877,46,1.037,0.0011,"aoml_navis",1023.8554164946
"7901009",70,0.180826360205289,1,0.22428,1,0.201852,1,189.90883308,1,4.88339127798934,48,1,27.2719993591309,36.3839988708496,0.224279999732971,0.211197003722191,183.128997802734,-87.676,26.592,11.9211100166385,63,63,63,63,61,63,0.201852,7817,1.11627530284214,27,-88,0.001869,51,2025-05-15 17:37:32.001877,48,1.037,0.0011,"aoml_navis",1023.87863584396
"7901009",70,0.17915204205524,1,0.222411,1,0.199983,1,189.264428609445,1,4.88318505439221,50,1,27.2159996032715,36.4059982299805,0.222411006689072,0.20932799577713,182.507598876953,-87.676,26.592,11.9211100166385,63,63,63,63,61,63,0.199983,7817,1.11627530284214,27,-88,0.001869,51,2025-05-15 17:37:32.001877,50,1.037,0.0011,"aoml_navis",1023.92187564195
"7901009",70,0.199243859855827,1,0.244839,1,0.222411,1,188.454001849698,1,4.88299023867177,52,1,27.1439990997314,36.4179992675781,0.244838997721672,0.231756001710892,181.726104736328,-87.676,26.592,11.9211100166385,63,63,63,63,61,63,0.222411,7817,1.11627530284214,27,-88,0.001869,51,2025-05-15 17:37:32.001877,52,1.037,0.0011,"aoml_navis",1023.96272685568
"7901009",70,0.254496358807443,1,0.306516,1,0.284088,1,187.987329208366,1,4.88281357512976,54,1,27.07200050354,36.4249992370605,0.306515991687775,0.293433010578156,181.276092529297,-87.676,26.592,11.9211100166385,63,63,63,63,61,63,0.284088,7817,1.11627530284214,27,-88,0.001869,51,2025-05-15 17:37:32.001877,54,1.037,0.0011,"aoml_navis",1023.999774529
"7901009",70,0.328166357409598,1,0.388752,1,0.366324,1,187.569409395189,1,4.88259664947793,56,1,26.9829998016357,36.4360008239746,0.388752013444901,0.375669002532959,180.873092651367,-87.676,26.592,11.9211100166385,63,63,63,63,61,63,0.366324,7817,1.11627530284214,27,-88,0.001869,51,2025-05-15 17:37:32.001877,56,1.037,0.0011,"aoml_navis",1024.04526913658
"7901009",70,0.406859310461899,1,0.476595,1,0.454167,1,187.572732372765,1,4.8824709962399,58.0999984741211,1,26.9360008239746,36.4389991760254,0.476595014333725,0.463512003421783,180.87629699707,-87.676,26.592,11.9211100166385,63,63,63,63,61,63,0.454167,7817,1.11627530284214,27,-88,0.001869,51,2025-05-15 17:37:32.001877,58.0999984741211,1.037,0.0011,"aoml_navis",1024.0716235387
"7901009",70,0.611126124767873,1,0.704613,1,0.682185,1,186.560600874138,1,4.88239550588547,59.9000015258789,1,26.9060001373291,36.4370002746582,0.704612970352173,0.691529989242554,179.900299072266,-87.676,26.592,11.9211100166385,63,63,63,63,61,63,0.682185,7817,1.11627530284214,27,-88,0.001869,51,2025-05-15 17:37:32.001877,59.9000015258789,1.037,0.0011,"aoml_navis",1024.08745747303
"7901009",70,0.858925210975121,1,0.981225,1,0.958797,1,183.368026432172,1,4.88200917772587,62,1,26.7469997406006,36.4650001525879,0.98122501373291,0.968141973018646,176.821701049805,-87.676,26.592,11.9211100166385,63,63,63,63,61,63,0.958797,7817,1.11627530284214,27,-88,0.001869,51,2025-05-15 17:37:32.001877,62,1.037,0.0011,"aoml_navis",1024.16849661251
"7901009",70,1.15527952353379,1,1.312038,1,1.28961,1,181.474736222531,1,4.88160043597741,64,1,26.5499992370605,36.484001159668,1.3120379447937,1.29895496368408,174.996002197266,-87.676,26.592,11.9211100166385,63,63,63,63,61,63,1.28961,7817,1.11627530284214,27,-88,0.001869,51,2025-05-15 17:37:32.001877,64,1.037,0.0011,"aoml_navis",1024.25425136191
"7901009",70,1.11677020608266,1,1.269051,1,1.246623,1,180.721132379339,1,4.88126211611031,66,1,26.363000869751,36.4879989624023,1.2690509557724,1.25596797466278,174.269302368164,-87.676,26.592,11.9211100166385,63,63,63,63,61,63,1.246623,7817,1.11627530284214,27,-88,0.001869,51,2025-05-15 17:37:32.001877,66,1.037,0.0011,"aoml_navis",1024.325242338
"7901009",70,1.07993520678158,1,1.227933,1,1.205505,1,179.413967943046,1,4.88105470074607,68.1999969482422,1,26.2719993591309,36.4949989318848,1.22793304920197,1.21484994888306,173.008804321289,-87.676,26.592,11.9211100166385,63,63,63,63,61,63,1.205505,7817,1.11627530284214,27,-88,0.001869,51,2025-05-15 17:37:32.001877,68.1999969482422,1.037,0.0011,"aoml_navis",1024.36876997829
"7901009",70,0.966081572578255,1,1.100841,1,1.078413,1,176.944394303165,1,4.88078387859654,69.9000015258789,1,26.1940002441406,36.5279998779297,1.10084104537964,1.08775794506073,170.627395629883,-87.676,26.592,11.9211100166385,63,63,63,63,61,63,1.078413,7817,1.11627530284214,27,-88,0.001869,51,2025-05-15 17:37:32.001877,69.9000015258789,1.037,0.0011,"aoml_navis",1024.42560956781
"7901009",70,0.676424532619783,1,0.777504,1,0.755076,1,173.991169188907,1,4.88035426962797,72,1,26.0729999542236,36.5849990844727,0.777504026889801,0.764420986175537,167.779602050781,-87.676,26.592,11.9211100166385,63,63,63,63,61,63,0.755076,7817,1.11627530284214,27,-88,0.001869,51,2025-05-15 17:37:32.001877,72,1.037,0.0011,"aoml_navis",1024.51578794528
"7901009",70,0.647961124068951,1,0.745731,1,0.723303,1,171.530836591428,1,4.87993513436652,74,1,25.9020004272461,36.6189994812012,0.745730996131897,0.732648015022278,165.407104492188,-87.676,26.592,11.9211100166385,63,63,63,63,61,63,0.723303,7817,1.11627530284214,27,-88,0.001869,51,2025-05-15 17:37:32.001877,74,1.037,0.0011,"aoml_navis",1024.60378310932
"7901009",70,0.606103170317726,1,0.699006,1,0.676578,1,169.697581509999,1,4.8794154315096,76.1999969482422,1,25.6630001068115,36.6520004272461,0.699006021022797,0.685922980308533,163.639297485352,-87.676,26.592,11.9211100166385,63,63,63,63,61,63,0.676578,7817,1.11627530284214,27,-88,0.001869,51,2025-05-15 17:37:32.001877,76.1999969482422,1.037,0.0011,"aoml_navis",1024.71291288537
"7901009",70,0.606103170317726,1,0.699006,1,0.676578,1,165.401303801625,1,4.87879380986656,77.9000015258789,1,25.4659996032715,36.734001159668,0.699006021022797,0.685922980308533,159.496398925781,-87.676,26.592,11.9211100166385,63,63,63,63,61,63,0.676578,7817,1.11627530284214,27,-88,0.001869,51,2025-05-15 17:37:32.001877,77.9000015258789,1.037,0.0011,"aoml_navis",1024.84347460807
"7901009",70,0.525735899115376,1,0.609294,1,0.586866,1,162.820046467775,1,4.87839759464865,80,1,25.3290004730225,36.7760009765625,0.60929399728775,0.596211016178131,157.007293701172,-87.676,26.592,11.9211100166385,63,63,63,63,61,63,0.586866,7817,1.11627530284214,27,-88,0.001869,51,2025-05-15 17:37:32.001877,80,1.037,0.0011,"aoml_navis",1024.92671066515
"7901009",70,0.473832036463858,1,0.551355,1,0.528927,1,160.720905709135,1,4.87770285342986,82.5,1,24.9860000610352,36.814998626709,0.551355004310608,0.538272023200989,154.983093261719,-87.676,26.592,11.9211100166385,63,63,63,63,61,63,0.528927,7817,1.11627530284214,27,-88,0.001869,51,2025-05-15 17:37:32.001877,82.5,1.037,0.0011,"aoml_navis",1025.07269307808
"7901009",70,0.452065900513221,1,0.527058,1,0.50463,1,159.794744387518,1,4.87747909317889,83.9000015258789,1,24.8719997406006,36.8230018615723,0.527058005332947,0.513975024223328,154.089996337891,-87.676,26.592,11.9211100166385,63,63,63,63,61,63,0.50463,7817,1.11627530284214,27,-88,0.001869,51,2025-05-15 17:37:32.001877,83.9000015258789,1.037,0.0011,"aoml_navis",1025.11971952734
"7901009",70,0.425276810112438,1,0.497154,1,0.474726,1,157.575834022807,1,4.87714866110099,85.9000015258789,1,24.7099990844727,36.8380012512207,0.497153997421265,0.484070986509323,151.950302124023,-87.676,26.592,11.9211100166385,63,63,63,63,61,63,0.474726,7817,1.11627530284214,27,-88,0.001869,51,2025-05-15 17:37:32.001877,85.9000015258789,1.037,0.0011,"aoml_navis",1025.18917249311
"7901009",70,0.331514993709696,1,0.39249,1,0.370062,1,154.509453610226,1,4.87647190572983,88,1,24.3910007476807,36.8860015869141,0.3924899995327,0.379406988620758,148.993392944336,-87.676,26.592,11.9211100166385,63,63,63,63,61,63,0.370062,7817,1.11627530284214,27,-88,0.001869,51,2025-05-15 17:37:32.001877,88,1.037,0.0011,"aoml_navis",1025.33144795216
"7901009",70,0.318120448509304,1,0.377538,1,0.35511,1,153.159976592795,1,4.87614509438508,90,1,24.2169990539551,36.8959999084473,0.377537995576859,0.364455014467239,147.692092895508,-87.676,26.592,11.9211100166385,63,63,63,63,61,63,0.35511,7817,1.11627530284214,27,-88,0.001869,51,2025-05-15 17:37:32.001877,90,1.037,0.0011,"aoml_navis",1025.40016821024
"7901009",70,0.261193631407639,1,0.313992,1,0.291564,1,150.969897014484,1,4.87572080674826,92,1,23.9890003204346,36.9119987487793,0.313991993665695,0.300909012556076,145.580200195312,-87.676,26.592,11.9211100166385,63,63,63,63,61,63,0.291564,7817,1.11627530284214,27,-88,0.001869,51,2025-05-15 17:37:32.001877,92,1.037,0.0011,"aoml_navis",1025.48939904018
"7901009",70,0.202592496155925,1,0.248577,1,0.226149,1,148.996760400797,1,4.87522793121297,94,1,23.701000213623,36.923999786377,0.248576998710632,0.235494002699852,143.677505493164,-87.676,26.592,11.9211100166385,63,63,63,63,61,63,0.226149,7817,1.11627530284214,27,-88,0.001869,51,2025-05-15 17:37:32.001877,94,1.037,0.0011,"aoml_navis",1025.59307391316
"7901009",70,0.17915204205524,1,0.222411,1,0.199983,1,148.594806703688,1,4.87463004452838,96,1,23.3229999542236,36.9309997558594,0.222411006689072,0.20932799577713,143.289901733398,-87.676,26.592,11.9211100166385,63,63,63,63,61,63,0.199983,7817,1.11627530284214,27,-88,0.001869,51,2025-05-15 17:37:32.001877,96,1.037,0.0011,"aoml_navis",1025.71886570394
"7901009",70,0.164083178704799,4,0.20559,1,0.183162,1,148.529581400977,1,4.87441190937876,98,1,23.1599998474121,36.9169998168945,0.20558999478817,0.19250699877739,143.227005004883,-87.676,26.592,11.9211100166385,63,63,63,63,61,63,0.183162,7817,1.11627530284214,27,-88,0.001869,51,2025-05-15 17:37:32.001877,98,1.037,0.0011,"aoml_navis",1025.76476772092
"7901009",70,0.174129087605093,1,0.216804,1,0.194376,1,148.334095377275,1,4.87436445111432,100,1,23.1450004577637,36.9129981994629,0.216803997755051,0.20372100174427,143.038497924805,-87.676,26.592,11.9211100166385,63,63,63,63,61,63,0.194376,7817,1.11627530284214,27,-88,0.001869,51,2025-05-15 17:37:32.001877,100,1.037,0.0011,"aoml_navis",1025.77475487229
"7901009",70,0.175803405755142,1,0.218673,1,0.196245,1,148.183944261935,1,4.87430971193568,102,1,23.117000579834,36.9059982299805,0.218673005700111,0.20558999478817,142.893707275391,-87.676,26.592,11.9211100166385,63,63,63,63,61,63,0.196245,7817,1.11627530284214,27,-88,0.001869,51,2025-05-15 17:37:32.001877,102,1.037,0.0011,"aoml_navis",1025.78627446601
"7901009",70,0.167431815004897,1,0.209328,1,0.1869,1,148.768503488712,1,4.87405668485485,104,1,22.8810005187988,36.8740005493164,0.20932799577713,0.19624499976635,143.457397460938,-87.676,26.592,11.9211100166385,63,63,63,63,61,63,0.1869,7817,1.11627530284214,27,-88,0.001869,51,2025-05-15 17:37:32.001877,104,1.037,0.0011,"aoml_navis",1025.83952614595
"7901009",70,0.125573861253673,1,0.162603,1,0.140175,1,150.249886892218,1,4.87368446416618,106,1,22.701000213623,36.8969993591309,0.162603005766869,0.149519994854927,144.885894775391,-87.676,26.592,11.9211100166385,63,63,63,63,61,63,0.140175,7817,1.11627530284214,27,-88,0.001869,51,2025-05-15 17:37:32.001877,106,1.037,0.0011,"aoml_navis",1025.9178731743
"7901009",70,0.0719956804521056,1,0.102795,1,0.080367,1,149.942416524195,1,4.87343429186824,108,1,22.701000213623,36.9550018310547,0.102794997394085,0.0897120013833046,144.589401245117,-87.676,26.592,11.9211100166385,63,63,63,63,61,63,0.080367,7817,1.11627530284214,27,-88,0.001869,51,2025-05-15 17:37:32.001877,108,1.037,0.0011,"aoml_navis",1025.97053752073
"7901009",70,0.0669727260019587,1,0.097188,1,0.07476,1,149.545336527532,1,4.87331576358627,110,1,22.6420001983643,36.9539985656738,0.0971880033612251,0.0841049998998642,144.206497192383,-87.676,26.592,11.9211100166385,63,63,63,63,61,63,0.07476,7817,1.11627530284214,27,-88,0.001869,51,2025-05-15 17:37:32.001877,110,1.037,0.0011,"aoml_navis",1025.99549107003
"7901009",70,0.0586011352517139,1,0.087843,1,0.065415,1,149.102320321803,1,4.87320232380392,112,1,22.5839996337891,36.9519996643066,0.0878430008888245,0.0747599974274635,143.779296875,-87.676,26.592,11.9211100166385,63,63,63,63,61,63,0.065415,7817,1.11627530284214,27,-88,0.001869,51,2025-05-15 17:37:32.001877,112,1.037,0.0011,"aoml_navis",1026.01937448333
"7901009",70,0.050229544501469,1,0.078498,1,0.05607,1,148.357229630687,1,4.87310443587023,114,1,22.5319995880127,36.9480018615723,0.0784979984164238,0.0654150024056435,143.060806274414,-87.676,26.592,11.9211100166385,63,63,63,63,61,63,0.05607,7817,1.11627530284214,27,-88,0.001869,51,2025-05-15 17:37:32.001877,114,1.037,0.0011,"aoml_navis",1026.03998453136
"7901009",70,0.0418579537512242,1,0.069153,1,0.046725,1,148.213914354933,1,4.87282721319042,116,1,22.3379993438721,36.939998626709,0.0691530033946037,0.0560699999332428,142.922607421875,-87.676,26.592,11.9211100166385,63,63,63,63,61,63,0.046725,7817,1.11627530284214,27,-88,0.001869,51,2025-05-15 17:37:32.001877,116,1.037,0.0011,"aoml_navis",1026.09835753366
"7901009",70,0.0184174996505387,1,0.042987,1,0.020559,1,148.458232325303,1,4.87252070871234,118,1,22.1240005493164,36.9329986572266,0.0429870001971722,0.0299040004611015,143.158203125,-87.676,26.592,11.9211100166385,63,63,63,63,61,63,0.020559,7817,1.11627530284214,27,-88,0.001869,51,2025-05-15 17:37:32.001877,118,1.037,0.0011,"aoml_navis",1026.1629039482
"7901009",70,0.0184174996505387,1,0.042987,1,0.020559,1,148.174908927668,1,4.87236651948889,120,1,22.0189990997314,36.9249992370605,0.0429870001971722,0.0299040004611015,142.884994506836,-87.676,26.592,11.9211100166385,63,63,63,63,61,63,0.020559,7817,1.11627530284214,27,-88,0.001869,51,2025-05-15 17:37:32.001877,120,1.037,0.0011,"aoml_navis",1026.19537754407
"7901009",70,0.0217661359506366,1,0.046725,1,0.024297,1,148.196270926373,1,4.87222847717048,122,1,21.9230003356934,36.9160003662109,0.0467250011861324,0.0336420014500618,142.90559387207,-87.676,26.592,11.9211100166385,63,63,63,63,61,63,0.024297,7817,1.11627530284214,27,-88,0.001869,51,2025-05-15 17:37:32.001877,122,1.037,0.0011,"aoml_navis",1026.22445220462
"7901009",70,0.0184174996505387,1,0.042987,1,0.020559,1,148.623115307898,1,4.87205010405056,124,1,21.7940006256104,36.9059982299805,0.0429870001971722,0.0299040004611015,143.317199707031,-87.676,26.592,11.9211100166385,63,63,63,63,61,63,0.020559,7817,1.11627530284214,27,-88,0.001869,51,2025-05-15 17:37:32.001877,124,1.037,0.0011,"aoml_navis",1026.26202383327
"7901009",70,0.0117202270503428,1,0.035511,1,0.013083,1,149.660865381268,1,4.87177847474769,126,1,21.5919990539551,36.8950004577637,0.0355109982192516,0.0224280003458261,144.317901611328,-87.676,26.592,11.9211100166385,63,63,63,63,61,63,0.013083,7817,1.11627530284214,27,-88,0.001869,51,2025-05-15 17:37:32.001877,126,1.037,0.0011,"aoml_navis",1026.3192437663
"7901009",70,0.0050229544501469,1,0.028035,1,0.005607,1,149.903110446579,1,4.87164181169455,128,1,21.503999710083,36.8889999389648,0.0280349999666214,0.0149520002305508,144.551498413086,-87.676,26.592,11.9211100166385,63,63,63,63,61,63,0.005607,7817,1.11627530284214,27,-88,0.001869,51,2025-05-15 17:37:32.001877,128,1.037,0.0011,"aoml_navis",1026.34803486523
"7901009",70,0.0050229544501469,1,0.028035,1,0.005607,1,149.895958132938,1,4.87155134301247,130,1,21.4559993743896,36.8849983215332,0.0280349999666214,0.0149520002305508,144.54460144043,-87.676,26.592,11.9211100166385,63,63,63,63,61,63,0.005607,7817,1.11627530284214,27,-88,0.001869,51,2025-05-15 17:37:32.001877,130,1.037,0.0011,"aoml_navis",1026.36709498541
"7901009",70,0,1,0.022428,1,0,1,149.769748279851,1,4.87144260221432,132,1,21.3859996795654,36.8779983520508,0.0224280003458261,0.00934499967843294,144.422897338867,-87.676,26.592,11.9211100166385,63,63,63,63,61,63,0,7817,1.11627530284214,27,-88,0.001869,51,2025-05-15 17:37:32.001877,132,1.037,0.0011,"aoml_navis",1026.39000564786
"7901009",70,0,1,0.022428,1,0,1,149.461550021502,1,4.87136582044292,134,1,21.3400001525879,36.8709983825684,0.0224280003458261,0.00934499967843294,144.125701904297,-87.676,26.592,11.9211100166385,63,63,63,63,61,63,0,7817,1.11627530284214,27,-88,0.001869,51,2025-05-15 17:37:32.001877,134,1.037,0.0011,"aoml_navis",1026.40618346035
"7901009",70,-0.0050229544501469,1,0.016821,1,-0.005607,1,149.59958018054,1,4.87123614972548,136,1,21.2430000305176,36.8600006103516,0.0168210007250309,0.00373800005763769,144.258804321289,-87.676,26.592,11.9211100166385,63,63,63,63,61,63,-0.005607,7817,1.11627530284214,27,-88,0.001869,51,2025-05-15 17:37:32.001877,136,1.037,0.0011,"aoml_navis",1026.43350605816
"7901009",70,-0.00334863630009794,1,0.01869,1,-0.003738,1,150.345920944172,1,4.87108281759039,138,1,21.125,36.8479995727539,0.0186899993568659,0.00560700008645654,144.978500366211,-87.676,26.592,11.9211100166385,63,63,63,63,61,63,-0.003738,7817,1.11627530284214,27,-88,0.001869,51,2025-05-15 17:37:32.001877,138,1.037,0.0011,"aoml_navis",1026.46581617214
"7901009",70,-0.00334863630009794,1,0.01869,1,-0.003738,1,150.483840337291,1,4.87088088753945,140,1,20.9640007019043,36.8339996337891,0.0186899993568659,0.00560700008645654,145.11149597168,-87.676,26.592,11.9211100166385,63,63,63,63,61,63,-0.003738,7817,1.11627530284214,27,-88,0.001869,51,2025-05-15 17:37:32.001877,140,1.037,0.0011,"aoml_navis",1026.50836993178
"7901009",70,-0.0050229544501469,1,0.016821,1,-0.005607,1,150.424628041622,1,4.87067138241288,142,1,20.7770004272461,36.8129997253418,0.0168210007250309,0.00373800005763769,145.054397583008,-87.676,26.592,11.9211100166385,63,63,63,63,61,63,-0.005607,7817,1.11627530284214,27,-88,0.001869,51,2025-05-15 17:37:32.001877,142,1.037,0.0011,"aoml_navis",1026.55252375558
"7901009",70,-0.00334863630009794,1,0.01869,1,-0.003738,1,150.578007192321,1,4.87053389879327,144,1,20.6639995574951,36.798999786377,0.0186899993568659,0.00560700008645654,145.202301025391,-87.676,26.592,11.9211100166385,63,63,63,63,61,63,-0.003738,7817,1.11627530284214,27,-88,0.001869,51,2025-05-15 17:37:32.001877,144,1.037,0.0011,"aoml_navis",1026.58150089845
"7901009",70,-0.00334863630009794,1,0.01869,1,-0.003738,1,150.795772989487,1,4.87046152003495,146,1,20.6259994506836,36.7939987182617,0.0186899993568659,0.00560700008645654,145.412292480469,-87.676,26.592,11.9211100166385,63,63,63,63,61,63,-0.003738,7817,1.11627530284214,27,-88,0.001869,51,2025-05-15 17:37:32.001877,146,1.037,0.0011,"aoml_navis",1026.59675667946
"7901009",70,-0.00167431815004897,1,0.020559,1,-0.001869,1,151.195353131184,1,4.87034540188251,148,1,20.5429992675781,36.7849998474121,0.020558999851346,0.00747600011527538,145.797607421875,-87.676,26.592,11.9211100166385,63,63,63,63,61,63,-0.001869,7817,1.11627530284214,27,-88,0.001869,51,2025-05-15 17:37:32.001877,148,1.037,0.0011,"aoml_navis",1026.62123266809
"7901009",70,-0.0050229544501469,1,0.016821,1,-0.005607,1,151.526574877025,1,4.87021099453314,150,1,20.4400005340576,36.773998260498,0.0168210007250309,0.00373800005763769,146.117004394531,-87.676,26.592,11.9211100166385,63,63,63,63,61,63,-0.005607,7817,1.11627530284214,27,-88,0.001869,51,2025-05-15 17:37:32.001877,150,1.037,0.0011,"aoml_navis",1026.64956520622
"7901009",70,-0.00334863630009794,1,0.01869,1,-0.003738,1,151.655158285524,1,4.87014844061007,152,1,20.4150009155273,36.7709999084473,0.0186899993568659,0.00560700008645654,146.240997314453,-87.676,26.592,11.9211100166385,63,63,63,63,61,63,-0.003738,7817,1.11627530284214,27,-88,0.001869,51,2025-05-15 17:37:32.001877,152,1.037,0.0011,"aoml_navis",1026.6627518593
"7901009",70,-0.00334863630009794,1,0.01869,1,-0.003738,1,151.857274440676,1,4.87003941739999,154,1,20.3369998931885,36.7620010375977,0.0186899993568659,0.00560700008645654,146.435897827148,-87.676,26.592,11.9211100166385,63,63,63,63,61,63,-0.003738,7817,1.11627530284214,27,-88,0.001869,51,2025-05-15 17:37:32.001877,154,1.037,0.0011,"aoml_navis",1026.68573526031
"7901009",70,-0.0050229544501469,1,0.016821,1,-0.005607,1,151.905188612586,1,4.86994905665173,156,1,20.2789993286133,36.7550010681152,0.0168210007250309,0.00373800005763769,146.48210144043,-87.676,26.592,11.9211100166385,63,63,63,63,61,63,-0.005607,7817,1.11627530284214,27,-88,0.001869,51,2025-05-15 17:37:32.001877,156,1.037,0.0011,"aoml_navis",1026.70478517032
"7901009",70,-0.00669727260019587,1,0.014952,1,-0.007476,1,151.731697535698,1,4.86986930424753,158,1,20.2320003509521,36.7490005493164,0.0149520002305508,0.00186900002881885,146.314804077148,-87.676,26.592,11.9211100166385,63,63,63,63,61,63,-0.007476,7817,1.11627530284214,27,-88,0.001869,51,2025-05-15 17:37:32.001877,158,1.037,0.0011,"aoml_navis",1026.72159920985
"7901009",70,-0.0050229544501469,1,0.016821,1,-0.005607,1,151.473881946887,1,4.86976117991118,159.899993896484,1,20.1469993591309,36.7379989624023,0.0168210007250309,0.00373800005763769,146.066192626953,-87.676,26.592,11.9211100166385,63,63,63,63,61,63,-0.005607,7817,1.11627530284214,27,-88,0.001869,51,2025-05-15 17:37:32.001877,159.899993896484,1.037,0.0011,"aoml_navis",1026.74439572644
"7901009",70,-0.0050229544501469,1,0.016821,1,-0.005607,1,151.44910202839,1,4.86968172635877,162,1,20.0960006713867,36.7299995422363,0.0168210007250309,0.00373800005763769,146.042297363281,-87.676,26.592,11.9211100166385,63,63,63,63,61,63,-0.005607,7817,1.11627530284214,27,-88,0.001869,51,2025-05-15 17:37:32.001877,162,1.037,0.0011,"aoml_navis",1026.76114805118
"7901009",70,-0.0050229544501469,1,0.016821,1,-0.005607,1,151.302052358788,1,4.86961249089218,164,1,20.056999206543,36.7239990234375,0.0168210007250309,0.00373800005763769,145.900497436523,-87.676,26.592,11.9211100166385,63,63,63,63,61,63,-0.005607,7817,1.11627530284214,27,-88,0.001869,51,2025-05-15 17:37:32.001877,164,1.037,0.0011,"aoml_navis",1026.77574639701
"7901009",70,-0.0050229544501469,1,0.016821,1,-0.005607,1,151.326626569149,1,4.86950393783323,166,1,19.9699993133545,36.7120018005371,0.0168210007250309,0.00373800005763769,145.924194335938,-87.676,26.592,11.9211100166385,63,63,63,63,61,63,-0.005607,7817,1.11627530284214,27,-88,0.001869,51,2025-05-15 17:37:32.001877,166,1.037,0.0011,"aoml_navis",1026.79863571993
"7901009",70,-0.00167431815004897,1,0.020559,1,-0.001869,1,151.58588211491,1,4.86939607104557,168,1,19.8889999389648,36.7019996643066,0.020558999851346,0.00747600011527538,146.174194335938,-87.676,26.592,11.9211100166385,63,63,63,63,61,63,-0.001869,7817,1.11627530284214,27,-88,0.001869,51,2025-05-15 17:37:32.001877,168,1.037,0.0011,"aoml_navis",1026.82138134769
"7901009",70,-0.0050229544501469,1,0.016821,1,-0.005607,1,151.617513696696,1,4.86933509823389,170,1,19.8619995117188,36.6980018615723,0.0168210007250309,0.00373800005763769,146.204696655273,-87.676,26.592,11.9211100166385,63,63,63,63,61,63,-0.005607,7817,1.11627530284214,27,-88,0.001869,51,2025-05-15 17:37:32.001877,170,1.037,0.0011,"aoml_navis",1026.83423899364
"7901009",70,-0.0050229544501469,1,0.016821,1,-0.005607,1,151.691552801836,1,4.86927163507644,172,1,19.8330001831055,36.6940002441406,0.0168210007250309,0.00373800005763769,146.276092529297,-87.676,26.592,11.9211100166385,63,63,63,63,61,63,-0.005607,7817,1.11627530284214,27,-88,0.001869,51,2025-05-15 17:37:32.001877,172,1.037,0.0011,"aoml_navis",1026.84762213343
"7901009",70,0.00334863630009794,1,0.026166,1,0.003738,1,151.847210565731,1,4.86920296472911,174,1,19.7970008850098,36.6889991760254,0.0261659994721413,0.0130829997360706,146.426193237305,-87.676,26.592,11.9211100166385,63,63,63,63,61,63,0.003738,7817,1.11627530284214,27,-88,0.001869,51,2025-05-15 17:37:32.001877,174,1.037,0.0011,"aoml_navis",1026.86210376079
"7901009",70,-0.00669727260019587,1,0.014952,1,-0.007476,1,152.044247312302,1,4.8691435212832,176,1,19.7740001678467,36.6860008239746,0.0149520002305508,0.00186900002881885,146.616195678711,-87.676,26.592,11.9211100166385,63,63,63,63,61,63,-0.007476,7817,1.11627530284214,27,-88,0.001869,51,2025-05-15 17:37:32.001877,176,1.037,0.0011,"aoml_navis",1026.87463989197
"7901009",70,-0.00334863630009794,1,0.01869,1,-0.003738,1,152.325703513013,1,4.86906322662828,178,1,19.7229995727539,36.6790008544922,0.0186899993568659,0.00560700008645654,146.887603759766,-87.676,26.592,11.9211100166385,63,63,63,63,61,63,-0.003738,7817,1.11627530284214,27,-88,0.001869,51,2025-05-15 17:37:32.001877,178,1.037,0.0011,"aoml_navis",1026.89157385668
"7901009",70,-0.00167431815004897,1,0.020559,1,-0.001869,1,152.914519315827,1,4.86896791642345,180,1,19.6599998474121,36.6720008850098,0.020558999851346,0.00747600011527538,147.45539855957,-87.676,26.592,11.9211100166385,63,63,63,63,61,63,-0.001869,7817,1.11627530284214,27,-88,0.001869,51,2025-05-15 17:37:32.001877,180,1.037,0.0011,"aoml_navis",1026.91167529253
"7901009",70,-0.0050229544501469,1,0.016821,1,-0.005607,1,153.35473472617,1,4.86888171291957,182,1,19.6070003509521,36.6660003662109,0.0168210007250309,0.00373800005763769,147.879898071289,-87.676,26.592,11.9211100166385,63,63,63,63,61,63,-0.005607,7817,1.11627530284214,27,-88,0.001869,51,2025-05-15 17:37:32.001877,182,1.037,0.0011,"aoml_navis",1026.92985675386
"7901009",70,-0.0050229544501469,1,0.016821,1,-0.005607,1,153.530298708117,1,4.86877717781311,184,1,19.5219993591309,36.6539993286133,0.0168210007250309,0.00373800005763769,148.049194335938,-87.676,26.592,11.9211100166385,63,63,63,63,61,63,-0.005607,7817,1.11627530284214,27,-88,0.001869,51,2025-05-15 17:37:32.001877,184,1.037,0.0011,"aoml_navis",1026.95190545685
"7901009",70,-0.0050229544501469,1,0.016821,1,-0.005607,1,154.411457419131,1,4.86859772151051,186,1,19.3419990539551,36.6300010681152,0.0168210007250309,0.00373800005763769,148.898895263672,-87.676,26.592,11.9211100166385,63,63,63,63,61,63,-0.005607,7817,1.11627530284214,27,-88,0.001869,51,2025-05-15 17:37:32.001877,186,1.037,0.0011,"aoml_navis",1026.98975885991
"7901009",70,-0.00669727260019587,1,0.014952,1,-0.007476,1,155.587237651538,1,4.8684703527224,188,1,19.2350006103516,36.617000579834,0.0149520002305508,0.00186900002881885,150.032699584961,-87.676,26.592,11.9211100166385,63,63,63,63,61,63,-0.007476,7817,1.11627530284214,27,-88,0.001869,51,2025-05-15 17:37:32.001877,188,1.037,0.0011,"aoml_navis",1027.01662693787
"7901009",70,-0.00669727260019587,1,0.014952,1,-0.007476,1,155.412607268053,1,4.86839752641125,190,1,19.1949996948242,36.6119995117188,0.0149520002305508,0.00186900002881885,149.864303588867,-87.676,26.592,11.9211100166385,63,63,63,63,61,63,-0.007476,7817,1.11627530284214,27,-88,0.001869,51,2025-05-15 17:37:32.001877,190,1.037,0.0011,"aoml_navis",1027.03199006959
"7901009",70,-0.0050229544501469,1,0.016821,1,-0.005607,1,154.901659906443,1,4.86835088813611,192,1,19.1790008544922,36.6080017089844,0.0168210007250309,0.00373800005763769,149.371597290039,-87.676,26.592,11.9211100166385,63,63,63,63,61,63,-0.005607,7817,1.11627530284214,27,-88,0.001869,51,2025-05-15 17:37:32.001877,192,1.037,0.0011,"aoml_navis",1027.04182892501
"7901009",70,-0.00669727260019587,1,0.014952,1,-0.007476,1,154.915458175236,1,4.86828272156944,194,1,19.1310005187988,36.5989990234375,0.0149520002305508,0.00186900002881885,149.384902954102,-87.676,26.592,11.9211100166385,63,63,63,63,61,63,-0.007476,7817,1.11627530284214,27,-88,0.001869,51,2025-05-15 17:37:32.001877,194,1.037,0.0011,"aoml_navis",1027.05620974866
"7901009",70,-0.00669727260019587,1,0.014952,1,-0.007476,1,155.76508024668,1,4.86817490287772,196,1,19.0450000762939,36.5880012512207,0.0149520002305508,0.00186900002881885,150.204193115234,-87.676,26.592,11.9211100166385,63,63,63,63,61,63,-0.007476,7817,1.11627530284214,27,-88,0.001869,51,2025-05-15 17:37:32.001877,196,1.037,0.0011,"aoml_navis",1027.07895664232
"7901009",70,-0.00837159075024484,1,0.013083,1,-0.009345,1,156.178965015658,1,4.86810606349518,198,1,19.007999420166,36.5830001831055,0.0130829997360706,0,150.603302001953,-87.676,26.592,11.9211100166385,63,63,63,63,61,63,-0.009345,7817,1.11627530284214,27,-88,0.001869,51,2025-05-15 17:37:32.001877,198,1.037,0.0011,"aoml_navis",1027.09348045924
"7901009",70,0,1,0.014952,1,-0.007476,1,156.424327350409,1,4.86803719909133,200,1,18.9680004119873,36.5769996643066,0.0149520002305508,0,150.839904785156,-87.676,26.592,11.9211100166385,63,63,63,63,61,63,0,7817,1.11627530284214,27,-88,0.001869,51,2025-05-15 17:37:32.001877,200,1.037,0.0011,"aoml_navis",1027.10800996617
"7901009",70,0,1,0.009345,1,-0.013083,1,156.543163358018,1,4.86794105042764,202,1,18.8939990997314,36.5670013427734,0.00934499967843294,0,150.954498291016,-87.676,26.592,11.9211100166385,63,63,63,63,61,63,0,7817,1.11627530284214,27,-88,0.001869,51,2025-05-15 17:37:32.001877,202,1.037,0.0011,"aoml_navis",1027.12829679003
"7901009",70,0,1,0.013083,1,-0.009345,1,156.348626756481,1,4.8678674488308,204,1,18.8500003814697,36.5610008239746,0.0130829997360706,0,150.766906738281,-87.676,26.592,11.9211100166385,63,63,63,63,61,63,0,7817,1.11627530284214,27,-88,0.001869,51,2025-05-15 17:37:32.001877,204,1.037,0.0011,"aoml_navis",1027.14382685193
"7901009",70,0,1,0.013083,1,-0.009345,1,155.659314617538,1,4.86780501262401,206,1,18.818000793457,36.5559997558594,0.0130829997360706,0,150.102203369141,-87.676,26.592,11.9211100166385,63,63,63,63,61,63,0,7817,1.11627530284214,27,-88,0.001869,51,2025-05-15 17:37:32.001877,206,1.037,0.0011,"aoml_navis",1027.15700136574
"7901009",70,0,1,0.011214,1,-0.011214,1,154.948434771755,1,4.86774361636604,208,1,18.7749996185303,36.5470008850098,0.0112140001729131,0,149.416702270508,-87.676,26.592,11.9211100166385,63,63,63,63,61,63,0,7817,1.11627530284214,27,-88,0.001869,51,2025-05-15 17:37:32.001877,208,1.037,0.0011,"aoml_navis",1027.16995677202
"7901009",70,0,1,0.013083,1,-0.009345,1,154.804486547891,1,4.86764175066451,210,1,18.6840000152588,36.5330009460449,0.0130829997360706,0,149.277893066406,-87.676,26.592,11.9211100166385,63,63,63,63,61,63,0,7817,1.11627530284214,27,-88,0.001869,51,2025-05-15 17:37:32.001877,210,1.037,0.0011,"aoml_navis",1027.19145247643
"7901009",70,0,1,0.014952,1,-0.007476,1,154.947184699238,1,4.86754396346821,212,1,18.6049995422363,36.5219993591309,0.0149520002305508,0,149.415496826172,-87.676,26.592,11.9211100166385,63,63,63,63,61,63,0,7817,1.11627530284214,27,-88,0.001869,51,2025-05-15 17:37:32.001877,212,1.037,0.0011,"aoml_navis",1027.2120883809
"7901009",70,0,1,0.014952,1,-0.007476,1,154.925411284262,1,4.86748548930572,214,1,18.5790004730225,36.5180015563965,0.0149520002305508,0,149.394500732422,-87.676,26.592,11.9211100166385,63,63,63,63,61,63,0,7817,1.11627530284214,27,-88,0.001869,51,2025-05-15 17:37:32.001877,214,1.037,0.0011,"aoml_navis",1027.22442850327
"7901009",70,0,1,0.014952,1,-0.007476,1,155.024546781955,1,4.86742094641657,216,1,18.5450000762939,36.5130004882812,0.0149520002305508,0,149.490097045898,-87.676,26.592,11.9211100166385,63,63,63,63,61,63,0,7817,1.11627530284214,27,-88,0.001869,51,2025-05-15 17:37:32.001877,216,1.037,0.0011,"aoml_navis",1027.23804968646
"7901009",70,0,1,0.014952,1,-0.007476,1,155.069343684423,1,4.86736499522408,218,1,18.5240001678467,36.5099983215332,0.0149520002305508,0,149.533294677734,-87.676,26.592,11.9211100166385,63,63,63,63,61,63,0,7817,1.11627530284214,27,-88,0.001869,51,2025-05-15 17:37:32.001877,218,1.037,0.0011,"aoml_navis",1027.24985796341
"7901009",70,0,1,0.014952,1,-0.007476,1,155.022062460624,1,4.86732366453333,220,1,18.5209999084473,36.5089988708496,0.0149520002305508,0,149.487701416016,-87.676,26.592,11.9211100166385,63,63,63,63,61,63,0,7817,1.11627530284214,27,-88,0.001869,51,2025-05-15 17:37:32.001877,220,1.037,0.0011,"aoml_navis",1027.25858081587
"7901009",70,0,1,0.013083,1,-0.009345,1,155.128555980092,1,4.86726895339182,222,1,18.503999710083,36.5069999694824,0.0130829997360706,0,149.590393066406,-87.676,26.592,11.9211100166385,63,63,63,63,61,63,0,7817,1.11627530284214,27,-88,0.001869,51,2025-05-15 17:37:32.001877,222,1.037,0.0011,"aoml_navis",1027.2701278436
"7901009",70,0,1,0.013083,1,-0.009345,1,155.244084833828,1,4.86721178078935,224,1,18.4759998321533,36.5019989013672,0.0130829997360706,0,149.701797485352,-87.676,26.592,11.9211100166385,63,63,63,63,61,63,0,7817,1.11627530284214,27,-88,0.001869,51,2025-05-15 17:37:32.001877,224,1.037,0.0011,"aoml_navis",1027.2821946509
"7901009",70,0,1,0.013083,1,-0.009345,1,155.290448282868,1,4.86714371511074,226,1,18.4389991760254,36.4970016479492,0.0130829997360706,0,149.746505737305,-87.676,26.592,11.9211100166385,63,63,63,63,61,63,0,7817,1.11627530284214,27,-88,0.001869,51,2025-05-15 17:37:32.001877,226,1.037,0.0011,"aoml_navis",1027.29656091247
"7901009",70,0,1,0.014952,1,-0.007476,1,155.416958786308,1,4.86707207043893,228,1,18.3899993896484,36.4889984130859,0.0149520002305508,0,149.868499755859,-87.676,26.592,11.9211100166385,63,63,63,63,61,63,0,7817,1.11627530284214,27,-88,0.001869,51,2025-05-15 17:37:32.001877,228,1.037,0.0011,"aoml_navis",1027.31168300721
"7901009",70,0,1,0.013083,1,-0.009345,1,155.597807884971,1,4.86701017194011,230,1,18.3519992828369,36.4819984436035,0.0130829997360706,0,150.042892456055,-87.676,26.592,11.9211100166385,63,63,63,63,61,63,0,7817,1.11627530284214,27,-88,0.001869,51,2025-05-15 17:37:32.001877,230,1.037,0.0011,"aoml_navis",1027.32474832837
"7901009",70,0,1,0.014952,1,-0.007476,1,155.550526661172,1,4.86690494569604,232,1,18.2600002288818,36.4690017700195,0.0149520002305508,0,149.997299194336,-87.676,26.592,11.9211100166385,63,63,63,63,61,63,0,7817,1.11627530284214,27,-88,0.001869,51,2025-05-15 17:37:32.001877,232,1.037,0.0011,"aoml_navis",1027.34695988292
"7901009",70,0,1,0.014952,1,-0.007476,1,155.313978128849,1,4.86684321418364,234,1,18.2280006408691,36.4640007019043,0.0149520002305508,0,149.769195556641,-87.676,26.592,11.9211100166385,63,63,63,63,61,63,0,7817,1.11627530284214,27,-88,0.001869,51,2025-05-15 17:37:32.001877,234,1.037,0.0011,"aoml_navis",1027.35999085163
"7901009",70,0,1,0.01869,1,-0.003738,1,155.085626274547,1,4.86679112537507,236,1,18.2070007324219,36.4599990844727,0.0186899993568659,0,149.54899597168,-87.676,26.592,11.9211100166385,63,63,63,63,61,63,0,7817,1.11627530284214,27,-88,0.001869,51,2025-05-15 17:37:32.001877,236,1.037,0.0011,"aoml_navis",1027.37098658917
"7901009",70,0,1,0.009345,1,-0.013083,1,154.756382491549,1,4.86674982802217,238,1,18.201000213623,36.4580001831055,0.00934499967843294,0,149.231506347656,-87.676,26.592,11.9211100166385,63,63,63,63,61,63,0,7817,1.11627530284214,27,-88,0.001869,51,2025-05-15 17:37:32.001877,238,1.037,0.0011,"aoml_navis",1027.3797044612
"7901009",70,0,1,0.016821,1,-0.005607,1,154.29831794451,1,4.86669296982254,240,1,18.1730003356934,36.4529991149902,0.0168210007250309,0,148.789794921875,-87.676,26.592,11.9211100166385,63,63,63,63,61,63,0,7817,1.11627530284214,27,-88,0.001869,51,2025-05-15 17:37:32.001877,240,1.037,0.0011,"aoml_navis",1027.39170747037
"7901009",70,0,1,0.013083,1,-0.009345,1,153.770581634288,1,4.86662063041436,242,1,18.1200008392334,36.4440002441406,0.0130829997360706,0,148.280899047852,-87.676,26.592,11.9211100166385,63,63,63,63,61,63,0,7817,1.11627530284214,27,-88,0.001869,51,2025-05-15 17:37:32.001877,242,1.037,0.0011,"aoml_navis",1027.4069790343
"7901009",70,0,1,0.014952,1,-0.007476,1,153.15510289235,1,4.86653417685968,244,1,18.0429992675781,36.4309997558594,0.0149520002305508,0,147.687393188477,-87.676,26.592,11.9211100166385,63,63,63,63,61,63,0,7817,1.11627530284214,27,-88,0.001869,51,2025-05-15 17:37:32.001877,244,1.037,0.0011,"aoml_navis",1027.42523082956
"7901009",70,0,1,0.016821,1,-0.005607,1,152.529481156952,1,4.8664479616607,246,1,17.9659996032715,36.4179992675781,0.0168210007250309,0,147.084106445312,-87.676,26.592,11.9211100166385,63,63,63,63,61,63,0,7817,1.11627530284214,27,-88,0.001869,51,2025-05-15 17:37:32.001877,246,1.037,0.0011,"aoml_navis",1027.44343294975
"7901009",70,0,1,0.014952,1,-0.007476,1,152.000795424566,1,4.86636662641504,248,1,17.8990001678467,36.4070014953613,0.0149520002305508,0,146.574295043945,-87.676,26.592,11.9211100166385,63,63,63,63,61,63,0,7817,1.11627530284214,27,-88,0.001869,51,2025-05-15 17:37:32.001877,248,1.037,0.0011,"aoml_navis",1027.46060538464
"7901009",70,0,1,0.020559,1,-0.001869,1,151.644065869901,1,4.86627966332289,250,1,17.8209991455078,36.3940010070801,0.020558999851346,0,146.23030090332,-87.676,26.592,11.9211100166385,63,63,63,63,61,63,0,7817,1.11627530284214,27,-88,0.001869,51,2025-05-15 17:37:32.001877,250,1.037,0.0011,"aoml_navis",1027.47896667036
"7901009",70,0,1,0.014952,1,-0.007476,1,151.191618737336,1,4.86621035971618,252,1,17.7730007171631,36.3860015869141,0.0149520002305508,0,145.794006347656,-87.676,26.592,11.9211100166385,63,63,63,63,61,63,0,7817,1.11627530284214,27,-88,0.001869,51,2025-05-15 17:37:32.001877,252,1.037,0.0011,"aoml_navis",1027.49359982284
"7901009",70,0,1,0.011214,1,-0.011214,1,150.223445484932,1,4.86614951390623,254,1,17.7290000915527,36.3769989013672,0.0112140001729131,0,144.860397338867,-87.676,26.592,11.9211100166385,63,63,63,63,61,63,0,7817,1.11627530284214,27,-88,0.001869,51,2025-05-15 17:37:32.001877,254,1.037,0.0011,"aoml_navis",1027.50644749226
"7901009",70,0,1,0.014952,1,-0.007476,1,149.19981015441,1,4.8660643393064,256,1,17.6490001678467,36.3629989624023,0.0149520002305508,0,143.873306274414,-87.676,26.592,11.9211100166385,63,63,63,63,61,63,0,7817,1.11627530284214,27,-88,0.001869,51,2025-05-15 17:37:32.001877,256,1.037,0.0011,"aoml_navis",1027.524432756
"7901009",70,0,1,0.020559,1,-0.001869,1,148.200638268331,1,4.86596783974633,258,1,17.55299949646,36.3470001220703,0.020558999851346,0,142.909805297852,-87.676,26.592,11.9211100166385,63,63,63,63,61,63,0,7817,1.11627530284214,27,-88,0.001869,51,2025-05-15 17:37:32.001877,258,1.037,0.0011,"aoml_navis",1027.54481013189
"7901009",70,0,1,0.016821,1,-0.005607,1,147.421415850395,1,4.86587619304861,260,1,17.4669990539551,36.3330001831055,0.0168210007250309,0,142.158401489258,-87.676,26.592,11.9211100166385,63,63,63,63,61,63,0,7817,1.11627530284214,27,-88,0.001869,51,2025-05-15 17:37:32.001877,260,1.037,0.0011,"aoml_navis",1027.56416349906
"7901009",70,0,1,0.014952,1,-0.007476,1,146.806459290648,1,4.86580777856345,262,1,17.4130001068115,36.3230018615723,0.0149520002305508,0,141.565399169922,-87.676,26.592,11.9211100166385,63,63,63,63,61,63,0,7817,1.11627530284214,27,-88,0.001869,51,2025-05-15 17:37:32.001877,262,1.037,0.0011,"aoml_navis",1027.57861131049
"7901009",70,0,1,0.01869,1,-0.003738,1,146.317396109933,1,4.86571999509349,264,1,17.3330001831055,36.310001373291,0.0186899993568659,0,141.093795776367,-87.676,26.592,11.9211100166385,63,63,63,63,61,63,0,7817,1.11627530284214,27,-88,0.001869,51,2025-05-15 17:37:32.001877,264,1.037,0.0011,"aoml_navis",1027.59715007068
"7901009",70,0,1,0.014952,1,-0.007476,1,146.447546065004,1,4.86563932294627,266,1,17.261999130249,36.2980003356934,0.0149520002305508,0,141.219299316406,-87.676,26.592,11.9211100166385,63,63,63,63,61,63,0,7817,1.11627530284214,27,-88,0.001869,51,2025-05-15 17:37:32.001877,266,1.037,0.0011,"aoml_navis",1027.61418759917
"7901009",70,0,1,0.014952,1,-0.007476,1,146.655880935334,1,4.86558372928973,268,1,17.2280006408691,36.2910003662109,0.0149520002305508,0,141.420196533203,-87.676,26.592,11.9211100166385,63,63,63,63,61,63,0,7817,1.11627530284214,27,-88,0.001869,51,2025-05-15 17:37:32.001877,268,1.037,0.0011,"aoml_navis",1027.62592901261
"7901009",70,0,1,0.016821,1,-0.005607,1,146.85571847729,1,4.86550074220824,270,1,17.1609992980957,36.2809982299805,0.0168210007250309,0,141.612899780273,-87.676,26.592,11.9211100166385,63,63,63,63,61,63,0,7817,1.11627530284214,27,-88,0.001869,51,2025-05-15 17:37:32.001877,270,1.037,0.0011,"aoml_navis",1027.64345643296
"7901009",70,0,1,0.016821,1,-0.005607,1,146.48685214262,1,4.86540217784279,272,1,17.0709991455078,36.2680015563965,0.0168210007250309,0,141.257202148438,-87.676,26.592,11.9211100166385,63,63,63,63,61,63,0,7817,1.11627530284214,27,-88,0.001869,51,2025-05-15 17:37:32.001877,272,1.037,0.0011,"aoml_navis",1027.66427465548
"7901009",70,0,1,0.020559,1,-0.001869,1,145.252476738951,1,4.86532769418047,274,1,17.0109996795654,36.257999420166,0.020558999851346,0,140.06689453125,-87.676,26.592,11.9211100166385,63,63,63,63,61,63,0,7817,1.11627530284214,27,-88,0.001869,51,2025-05-15 17:37:32.001877,274,1.037,0.0011,"aoml_navis",1027.68000724404
"7901009",70,0,1,0.014952,1,-0.007476,1,144.364687896488,1,4.86526008222083,276,1,16.9599990844727,36.2490005493164,0.0149520002305508,0,139.210800170898,-87.676,26.592,11.9211100166385,63,63,63,63,61,63,0,7817,1.11627530284214,27,-88,0.001869,51,2025-05-15 17:37:32.001877,276,1.037,0.0011,"aoml_navis",1027.69428879487
"7901009",70,0,1,0.020559,1,-0.001869,1,143.879564817756,1,4.86518603882072,278,1,16.8969993591309,36.2379989624023,0.020558999851346,0,138.74299621582,-87.676,26.592,11.9211100166385,63,63,63,63,61,63,0,7817,1.11627530284214,27,-88,0.001869,51,2025-05-15 17:37:32.001877,278,1.037,0.0011,"aoml_navis",1027.70992930251
"7901009",70,0,1,0.014952,1,-0.007476,1,143.510698483086,1,4.86510736548555,280,1,16.8330001831055,36.2280006408691,0.0149520002305508,0,138.387298583984,-87.676,26.592,11.9211100166385,63,63,63,63,61,63,0,7817,1.11627530284214,27,-88,0.001869,51,2025-05-15 17:37:32.001877,280,1.037,0.0011,"aoml_navis",1027.72654833302
"7901009",70,0,1,0.016821,1,-0.005607,1,143.30878803607,1,4.86503573710822,282,1,16.7749996185303,36.2179985046387,0.0168210007250309,0,138.192596435547,-87.676,26.592,11.9211100166385,63,63,63,63,61,63,0,7817,1.11627530284214,27,-88,0.001869,51,2025-05-15 17:37:32.001877,282,1.037,0.0011,"aoml_navis",1027.74167964735
"7901009",70,0,1,0.01869,1,-0.003738,1,143.033249900185,1,4.86496591794604,284,1,16.7280006408691,36.2109985351562,0.0186899993568659,0,137.926895141602,-87.676,26.592,11.9211100166385,63,63,63,63,61,63,0,7817,1.11627530284214,27,-88,0.001869,51,2025-05-15 17:37:32.001877,284,1.037,0.0011,"aoml_navis",1027.75642919837
"7901009",70,0,1,0.013083,1,-0.009345,1,142.652452493646,1,4.86491403003356,286,1,16.7029991149902,36.2060012817383,0.0130829997360706,0,137.559692382812,-87.676,26.592,11.9211100166385,63,63,63,63,61,63,0,7817,1.11627530284214,27,-88,0.001869,51,2025-05-15 17:37:32.001877,286,1.037,0.0011,"aoml_navis",1027.76739098214
"7901009",70,0,1,0.014952,1,-0.007476,1,142.199483178891,1,4.86485047172207,288,1,16.6550006866455,36.1969985961914,0.0149520002305508,0,137.122894287109,-87.676,26.592,11.9211100166385,63,63,63,63,61,63,0,7817,1.11627530284214,27,-88,0.001869,51,2025-05-15 17:37:32.001877,288,1.037,0.0011,"aoml_navis",1027.78081856031
"7901009",70,0,1,0.014952,1,-0.007476,1,141.649451271503,1,4.86477489884303,290,1,16.5900001525879,36.1860008239746,0.0149520002305508,0,136.592498779297,-87.676,26.592,11.9211100166385,63,63,63,63,61,63,0,7817,1.11627530284214,27,-88,0.001869,51,2025-05-15 17:37:32.001877,290,1.037,0.0011,"aoml_navis",1027.79678483975
"7901009",70,0,1,0.014952,1,-0.007476,1,141.126477895807,1,4.86470836739978,292,1,16.5359992980957,36.1759986877441,0.0149520002305508,0,136.088195800781,-87.676,26.592,11.9211100166385,63,63,63,63,61,63,0,7817,1.11627530284214,27,-88,0.001869,51,2025-05-15 17:37:32.001877,292,1.037,0.0011,"aoml_navis",1027.81084134598
"7901009",70,0,1,0.022428,1,0,1,140.514955079555,1,4.8646301845028,294,1,16.4619998931885,36.1629981994629,0.0224280003458261,0,135.498504638672,-87.676,26.592,11.9211100166385,63,63,63,63,61,63,0,7817,1.11627530284214,27,-88,0.001869,51,2025-05-15 17:37:32.001877,294,1.037,0.0011,"aoml_navis",1027.82736001771
"7901009",70,0,1,0.014952,1,-0.007476,1,139.998516893092,1,4.86454141840365,296,1,16.3719997406006,36.1479988098145,0.0149520002305508,0,135.000503540039,-87.676,26.592,11.9211100166385,63,63,63,63,61,63,0,7817,1.11627530284214,27,-88,0.001869,51,2025-05-15 17:37:32.001877,296,1.037,0.0011,"aoml_navis",1027.84611537767
"7901009",70,0,1,0.016821,1,-0.005607,1,139.702439591046,1,4.86446233627028,298,1,16.2999992370605,36.1360015869141,0.0168210007250309,0,134.714996337891,-87.676,26.592,11.9211100166385,63,63,63,63,61,63,0,7817,1.11627530284214,27,-88,0.001869,51,2025-05-15 17:37:32.001877,298,1.037,0.0011,"aoml_navis",1027.86282519224
"7901009",70,0,1,0.011214,1,-0.011214,1,139.456048715616,1,4.86436520759976,300,1,16.2019996643066,36.1209983825684,0.0112140001729131,0,134.477401733398,-87.676,26.592,11.9211100166385,63,63,63,63,61,63,0,7817,1.11627530284214,27,-88,0.001869,51,2025-05-15 17:37:32.001877,300,1.037,0.0011,"aoml_navis",1027.88334892872
"7901009",70,0,1,0.013083,1,-0.009345,1,139.300185243585,1,4.86430120168095,302,1,16.1560001373291,36.1129989624023,0.0130829997360706,0,134.327102661133,-87.676,26.592,11.9211100166385,63,63,63,63,61,63,0,7817,1.11627530284214,27,-88,0.001869,51,2025-05-15 17:37:32.001877,302,1.037,0.0011,"aoml_navis",1027.89687412288
"7901009",70,0,1,0.016821,1,-0.005607,1,139.01749479406,1,4.86425042864819,304,1,16.1380004882812,36.1100006103516,0.0168210007250309,0,134.054504394531,-87.676,26.592,11.9211100166385,63,63,63,63,61,63,0,7817,1.11627530284214,27,-88,0.001869,51,2025-05-15 17:37:32.001877,304,1.037,0.0011,"aoml_navis",1027.90760330766
"7901009",70,0,1,0.01869,1,-0.003738,1,138.842136520249,1,4.86418402112271,306,1,16.0930004119873,36.1030006408691,0.0186899993568659,0,133.885406494141,-87.676,26.592,11.9211100166385,63,63,63,63,61,63,0,7817,1.11627530284214,27,-88,0.001869,51,2025-05-15 17:37:32.001877,306,1.037,0.0011,"aoml_navis",1027.92163665838
"7901009",70,0,1,0.014952,1,-0.007476,1,138.608278017393,1,4.86412716708749,308,1,16.0629997253418,36.0979995727539,0.0149520002305508,0,133.659896850586,-87.676,26.592,11.9211100166385,63,63,63,63,61,63,0,7817,1.11627530284214,27,-88,0.001869,51,2025-05-15 17:37:32.001877,308,1.037,0.0011,"aoml_navis",1027.93365145383
"7901009",70,0,1,0.01869,1,-0.003738,1,138.279334884746,1,4.86406452151438,310,1,16.0179996490479,36.0900001525879,0.0186899993568659,0,133.342697143555,-87.676,26.592,11.9211100166385,63,63,63,63,61,63,0,7817,1.11627530284214,27,-88,0.001869,51,2025-05-15 17:37:32.001877,310,1.037,0.0011,"aoml_navis",1027.94689048313
"7901009",70,0,1,0.011214,1,-0.011214,1,137.995093712352,1,4.86399891301584,312,1,15.9670000076294,36.0810012817383,0.0112140001729131,0,133.068603515625,-87.676,26.592,11.9211100166385,63,63,63,63,61,63,0,7817,1.11627530284214,27,-88,0.001869,51,2025-05-15 17:37:32.001877,312,1.037,0.0011,"aoml_navis",1027.96075603969
"7901009",70,0,1,0.013083,1,-0.009345,1,137.542124397597,1,4.86394887108245,314,1,15.9429998397827,36.076000213623,0.0130829997360706,0,132.631805419922,-87.676,26.592,11.9211100166385,63,63,63,63,61,63,0,7817,1.11627530284214,27,-88,0.001869,51,2025-05-15 17:37:32.001877,314,1.037,0.0011,"aoml_navis",1027.97133204389
"7901009",70,0,1,0.01869,1,-0.003738,1,137.125233125098,1,4.86387706235231,316,1,15.8830003738403,36.0660018920898,0.0186899993568659,0,132.229797363281,-87.676,26.592,11.9211100166385,63,63,63,63,61,63,0,7817,1.11627530284214,27,-88,0.001869,51,2025-05-15 17:37:32.001877,316,1.037,0.0011,"aoml_navis",1027.98650868488
"7901009",70,0,1,0.016821,1,-0.005607,1,136.85094506173,1,4.86381015054865,318,1,15.8240003585815,36.0550003051758,0.0168210007250309,0,131.965301513672,-87.676,26.592,11.9211100166385,63,63,63,63,61,63,0,7817,1.11627530284214,27,-88,0.001869,51,2025-05-15 17:37:32.001877,318,1.037,0.0011,"aoml_navis",1028.00065077293
"7901009",70,0,1,0.01869,1,-0.003738,1,136.694242933454,1,4.86374571931189,320,1,15.7770004272461,36.0470008850098,0.0186899993568659,0,131.814193725586,-87.676,26.592,11.9211100166385,63,63,63,63,61,63,0,7817,1.11627530284214,27,-88,0.001869,51,2025-05-15 17:37:32.001877,320,1.037,0.0011,"aoml_navis",1028.01426895059
"7901009",70,0,1,0.01869,1,-0.003738,1,136.556007066281,1,4.86367852016156,322,1,15.7340002059937,36.0410003662109,0.0186899993568659,0,131.680892944336,-87.676,26.592,11.9211100166385,63,63,63,63,61,63,0,7817,1.11627530284214,27,-88,0.001869,51,2025-05-15 17:37:32.001877,322,1.037,0.0011,"aoml_navis",1028.0284725385
"7901009",70,0,1,0.016821,1,-0.005607,1,136.152929886278,1,4.86363607815418,324,1,15.7200002670288,36.0369987487793,0.0168210007250309,0,131.292205810547,-87.676,26.592,11.9211100166385,63,63,63,63,61,63,0,7817,1.11627530284214,27,-88,0.001869,51,2025-05-15 17:37:32.001877,324,1.037,0.0011,"aoml_navis",1028.03744352056
"7901009",70,0,1,0.01869,1,-0.003738,1,135.762590786984,1,4.86356126869002,326,1,15.6700000762939,36.0309982299805,0.0186899993568659,0,130.915802001953,-87.676,26.592,11.9211100166385,63,63,63,63,61,63,0,7817,1.11627530284214,27,-88,0.001869,51,2025-05-15 17:37:32.001877,326,1.037,0.0011,"aoml_navis",1028.05325640459
"7901009",70,0,1,0.014952,1,-0.007476,1,135.343943083481,1,4.8634937427447,328,1,15.6099996566772,36.0200004577637,0.0149520002305508,0,130.512100219727,-87.676,26.592,11.9211100166385,63,63,63,63,61,63,0,7817,1.11627530284214,27,-88,0.001869,51,2025-05-15 17:37:32.001877,328,1.037,0.0011,"aoml_navis",1028.06753014928
"7901009",70,0,1,0.020559,1,-0.001869,1,134.844610319685,1,4.86342566904074,330,1,15.5559997558594,36.0110015869141,0.020558999851346,0,130.03059387207,-87.676,26.592,11.9211100166385,63,63,63,63,61,63,0,7817,1.11627530284214,27,-88,0.001869,51,2025-05-15 17:37:32.001877,330,1.037,0.0011,"aoml_navis",1028.08192008128
"7901009",70,0,1,0.01869,1,-0.003738,1,134.308788097361,1,4.86335734070945,332,1,15.4949998855591,36,0.0186899993568659,0,129.513900756836,-87.676,26.592,11.9211100166385,63,63,63,63,61,63,0,7817,1.11627530284214,27,-88,0.001869,51,2025-05-15 17:37:32.001877,332,1.037,0.0011,"aoml_navis",1028.09636424343
"7901009",70,0,1,0.01869,1,-0.003738,1,133.947485492603,1,4.86327281507319,334,1,15.4090003967285,35.9860000610352,0.0186899993568659,0,129.165496826172,-87.676,26.592,11.9211100166385,63,63,63,63,61,63,0,7817,1.11627530284214,27,-88,0.001869,51,2025-05-15 17:37:32.001877,334,1.037,0.0011,"aoml_navis",1028.11423297148
"7901009",70,0,1,0.014952,1,-0.007476,1,133.595629638383,1,4.86319359542791,336,1,15.3409996032715,35.976001739502,0.0149520002305508,0,128.826202392578,-87.676,26.592,11.9211100166385,63,63,63,63,61,63,0,7817,1.11627530284214,27,-88,0.001869,51,2025-05-15 17:37:32.001877,336,1.037,0.0011,"aoml_navis",1028.13098057637
"7901009",70,0,1,0.020559,1,-0.001869,1,133.060519482683,1,4.86314775871846,338,1,15.3170003890991,35.9700012207031,0.020558999851346,0,128.310195922852,-87.676,26.592,11.9211100166385,63,63,63,63,61,63,0,7817,1.11627530284214,27,-88,0.001869,51,2025-05-15 17:37:32.001877,338,1.037,0.0011,"aoml_navis",1028.14067103682
"7901009",70,0,1,0.01869,1,-0.003738,1,132.255900021843,1,4.86309939174175,340,1,15.293999671936,35.9650001525879,0.0186899993568659,0,127.534301757812,-87.676,26.592,11.9211100166385,63,63,63,63,61,63,0,7817,1.11627530284214,27,-88,0.001869,51,2025-05-15 17:37:32.001877,340,1.037,0.0011,"aoml_navis",1028.15089662587
"7901009",70,0,1,0.014952,1,-0.007476,1,131.218252802541,1,4.86301881322754,342,1,15.2110004425049,35.951000213623,0.0149520002305508,0,126.533699035645,-87.676,26.592,11.9211100166385,63,63,63,63,61,63,0,7817,1.11627530284214,27,-88,0.001869,51,2025-05-15 17:37:32.001877,342,1.037,0.0011,"aoml_navis",1028.16793272522
"7901009",70,0,1,0.020559,1,-0.001869,1,130.052845007282,1,4.86291793660705,344,1,15.0920000076294,35.931999206543,0.020558999851346,0,125.409896850586,-87.676,26.592,11.9211100166385,63,63,63,63,61,63,0,7817,1.11627530284214,27,-88,0.001869,51,2025-05-15 17:37:32.001877,344,1.037,0.0011,"aoml_navis",1028.18926109384
"7901009",70,0,1,0.022428,1,0,1,129.362401473593,1,4.86279666615186,346,1,14.9329996109009,35.9070014953613,0.0224280003458261,0,124.744102478027,-87.676,26.592,11.9211100166385,63,63,63,63,61,63,0,7817,1.11627530284214,27,-88,0.001869,51,2025-05-15 17:37:32.001877,346,1.037,0.0011,"aoml_navis",1028.21490250727
"7901009",70,0,1,0.01869,1,-0.003738,1,128.648301504301,1,4.86273053058535,348,1,14.8760004043579,35.8969993591309,0.0186899993568659,0,124.05549621582,-87.676,26.592,11.9211100166385,63,63,63,63,61,63,0,7817,1.11627530284214,27,-88,0.001869,51,2025-05-15 17:37:32.001877,348,1.037,0.0011,"aoml_navis",1028.22888674403
"7901009",70,0,1,0.020559,1,-0.001869,1,127.90704014925,1,4.86266389048056,350,1,14.8149995803833,35.8860015869141,0.020558999851346,0,123.340698242188,-87.676,26.592,11.9211100166385,63,63,63,63,61,63,0,7817,1.11627530284214,27,-88,0.001869,51,2025-05-15 17:37:32.001877,350,1.037,0.0011,"aoml_navis",1028.24297804919
"7901009",70,0,1,0.022428,1,0,1,127.1646394876,1,4.86258558413729,352,1,14.7360000610352,35.8730010986328,0.0224280003458261,0,122.624801635742,-87.676,26.592,11.9211100166385,63,63,63,63,61,63,0,7817,1.11627530284214,27,-88,0.001869,51,2025-05-15 17:37:32.001877,352,1.037,0.0011,"aoml_navis",1028.25953671869
"7901009",70,0,1,0.020559,1,-0.001869,1,126.347155356429,1,4.86251342281039,354,1,14.6660003662109,35.8610000610352,0.020558999851346,0,121.836502075195,-87.676,26.592,11.9211100166385,63,63,63,63,61,63,0,7817,1.11627530284214,27,-88,0.001869,51,2025-05-15 17:37:32.001877,354,1.037,0.0011,"aoml_navis",1028.27479643442
"7901009",70,0,1,0.01869,1,-0.003738,1,125.638656977909,1,4.86244415843855,356,1,14.6020002365112,35.8499984741211,0.0186899993568659,0,121.153297424316,-87.676,26.592,11.9211100166385,63,63,63,63,61,63,0,7817,1.11627530284214,27,-88,0.001869,51,2025-05-15 17:37:32.001877,356,1.037,0.0011,"aoml_navis",1028.28944396672
"7901009",70,0,1,0.022428,1,0,1,125.413525247116,1,4.86236120602826,358,1,14.5109996795654,35.8349990844727,0.0224280003458261,0,120.93620300293,-87.676,26.592,11.9211100166385,63,63,63,63,61,63,0,7817,1.11627530284214,27,-88,0.001869,51,2025-05-15 17:37:32.001877,358,1.037,0.0011,"aoml_navis",1028.30698669632
"7901009",70,0,1,0.01869,1,-0.003738,1,125.361568119156,1,4.86226124743852,360,1,14.3929996490479,35.8170013427734,0.0186899993568659,0,120.886100769043,-87.676,26.592,11.9211100166385,63,63,63,63,61,63,0,7817,1.11627530284214,27,-88,0.001869,51,2025-05-15 17:37:32.001877,360,1.037,0.0011,"aoml_navis",1028.32812667852
"7901009",70,0,1,0.020559,1,-0.001869,1,125.134355571452,1,4.8621644995913,362,1,14.2740001678467,35.7980003356934,0.020558999851346,0,120.666999816895,-87.676,26.592,11.9211100166385,63,63,63,63,61,63,0,7817,1.11627530284214,27,-88,0.001869,51,2025-05-15 17:37:32.001877,362,1.037,0.0011,"aoml_navis",1028.34858845691
"7901009",70,0,1,0.01869,1,-0.003738,1,124.772538696354,1,4.8620817806045,364,1,14.1820001602173,35.7830009460449,0.0186899993568659,0,120.318099975586,-87.676,26.592,11.9211100166385,63,63,63,63,61,63,0,7817,1.11627530284214,27,-88,0.001869,51,2025-05-15 17:37:32.001877,364,1.037,0.0011,"aoml_navis",1028.36608383382
"7901009",70,0,1,0.020559,1,-0.001869,1,124.470456299116,1,4.86200913668652,366,1,14.1169996261597,35.7729988098145,0.020558999851346,0,120.026802062988,-87.676,26.592,11.9211100166385,63,63,63,63,61,63,0,7817,1.11627530284214,27,-88,0.001869,51,2025-05-15 17:37:32.001877,366,1.037,0.0011,"aoml_navis",1028.38144878673
"7901009",70,0,1,0.022428,1,0,1,124.344349300096,1,4.86193920566671,368,1,14.0579996109009,35.7639999389648,0.0224280003458261,0,119.905197143555,-87.676,26.592,11.9211100166385,63,63,63,63,61,63,0,7817,1.11627530284214,27,-88,0.001869,51,2025-05-15 17:37:32.001877,368,1.037,0.0011,"aoml_navis",1028.39624036688
"7901009",70,0,1,0.020559,1,-0.001869,1,124.334190482935,1,4.86187861792849,370,1,14.0150003433228,35.7569999694824,0.020558999851346,0,119.895401000977,-87.676,26.592,11.9211100166385,63,63,63,63,61,63,0,7817,1.11627530284214,27,-88,0.001869,51,2025-05-15 17:37:32.001877,370,1.037,0.0011,"aoml_navis",1028.40905603076
"7901009",70,0,1,0.024297,1,0.001869,1,124.246250254934,1,4.86182071659292,372,1,13.9709997177124,35.7490005493164,0.0242970008403063,0,119.810600280762,-87.676,26.592,11.9211100166385,63,63,63,63,61,63,0,7817,1.11627530284214,27,-88,0.001869,51,2025-05-15 17:37:32.001877,372,1.037,0.0011,"aoml_navis",1028.42130375879
"7901009",70,0,1,0.024297,1,0.001869,1,124.138293042961,1,4.86175741130736,374,1,13.91100025177,35.7379989624023,0.0242970008403063,0,119.706497192383,-87.676,26.592,11.9211100166385,63,63,63,63,61,63,0,7817,1.11627530284214,27,-88,0.001869,51,2025-05-15 17:37:32.001877,374,1.037,0.0011,"aoml_navis",1028.434694905
"7901009",70,0,1,0.020559,1,-0.001869,1,123.84772238947,1,4.8616977645003,376,1,13.8579998016357,35.7280006408691,0.020558999851346,0,119.426300048828,-87.676,26.592,11.9211100166385,63,63,63,63,61,63,0,7817,1.11627530284214,27,-88,0.001869,51,2025-05-15 17:37:32.001877,376,1.037,0.0011,"aoml_navis",1028.44731248198
"7901009",70,0,1,0.024297,1,0.001869,1,123.852596089915,1,4.8615782562271,378,1,13.71399974823,35.7089996337891,0.0242970008403063,0,119.430999755859,-87.676,26.592,11.9211100166385,63,63,63,63,61,63,0,7817,1.11627530284214,27,-88,0.001869,51,2025-05-15 17:37:32.001877,378,1.037,0.0011,"aoml_navis",1028.47259397616
"7901009",70,0,1,0.01869,1,-0.003738,1,123.627559301338,1,4.86153070410318,380,1,13.6940002441406,35.7050018310547,0.0186899993568659,0,119.213996887207,-87.676,26.592,11.9211100166385,63,63,63,63,61,63,0,7817,1.11627530284214,27,-88,0.001869,51,2025-05-15 17:37:32.001877,380,1.037,0.0011,"aoml_navis",1028.48265378227
"7901009",70,0,1,0.020559,1,-0.001869,1,123.187557510982,1,4.86149113995645,382,1,13.6890001296997,35.7029991149902,0.020558999851346,0,118.789703369141,-87.676,26.592,11.9211100166385,63,63,63,63,61,63,0,7817,1.11627530284214,27,-88,0.001869,51,2025-05-15 17:37:32.001877,382,1.037,0.0011,"aoml_navis",1028.49102385586
"7901009",70,0,1,0.01869,1,-0.003738,1,122.47242108916,1,4.86145029817937,384,1,13.6719999313354,35.6980018615723,0.0186899993568659,0,118.10009765625,-87.676,26.592,11.9211100166385,63,63,63,63,61,63,0,7817,1.11627530284214,27,-88,0.001869,51,2025-05-15 17:37:32.001877,384,1.037,0.0011,"aoml_navis",1028.49966436405
"7901009",70,0,1,0.020559,1,-0.001869,1,121.898020679546,1,4.86137659022686,386,1,13.5830001831055,35.681999206543,0.020558999851346,0,117.546203613281,-87.676,26.592,11.9211100166385,63,63,63,63,61,63,0,7817,1.11627530284214,27,-88,0.001869,51,2025-05-15 17:37:32.001877,386,1.037,0.0011,"aoml_navis",1028.51525842532
"7901009",70,0,1,0.024297,1,0.001869,1,121.553206373047,1,4.8612529711106,388,1,13.4259996414185,35.6609992980957,0.0242970008403063,0,117.21369934082,-87.676,26.592,11.9211100166385,63,63,63,63,61,63,0,7817,1.11627530284214,27,-88,0.001869,51,2025-05-15 17:37:32.001877,388,1.037,0.0011,"aoml_navis",1028.54141302951
"7901009",70,0,1,0.020559,1,-0.001869,1,121.356383246464,1,4.86117054272938,390,1,13.331000328064,35.6459999084473,0.020558999851346,0,117.023902893066,-87.676,26.592,11.9211100166385,63,63,63,63,61,63,0,7817,1.11627530284214,27,-88,0.001869,51,2025-05-15 17:37:32.001877,390,1.037,0.0011,"aoml_navis",1028.5588534799
"7901009",70,0,1,0.020559,1,-0.001869,1,121.030446617339,1,4.86112293932658,392,1,13.3070001602173,35.640998840332,0.020558999851346,0,116.709602355957,-87.676,26.592,11.9211100166385,63,63,63,63,61,63,0,7817,1.11627530284214,27,-88,0.001869,51,2025-05-15 17:37:32.001877,392,1.037,0.0011,"aoml_navis",1028.56892582368
"7901009",70,0,1,0.024297,1,0.001869,1,120.763097247624,1,4.86107066029698,394,1,13.2709999084473,35.6339988708496,0.0242970008403063,0,116.451797485352,-87.676,26.592,11.9211100166385,63,63,63,63,61,63,0,7817,1.11627530284214,27,-88,0.001869,51,2025-05-15 17:37:32.001877,394,1.037,0.0011,"aoml_navis",1028.57998770471
"7901009",70,0,1,0.024297,1,0.001869,1,120.636167416061,1,4.86100676480509,396,1,13.2049999237061,35.6220016479492,0.0242970008403063,0,116.329399108887,-87.676,26.592,11.9211100166385,63,63,63,63,61,63,0,7817,1.11627530284214,27,-88,0.001869,51,2025-05-15 17:37:32.001877,396,1.037,0.0011,"aoml_navis",1028.59350787192
"7901009",70,0,1,0.028035,1,0.005607,1,120.802300471173,1,4.86094671575789,398,1,13.1389999389648,35.609001159668,0.0280349999666214,0,116.489601135254,-87.676,26.592,11.9211100166385,63,63,63,63,61,63,0,7817,1.11627530284214,27,-88,0.001869,51,2025-05-15 17:37:32.001877,398,1.037,0.0011,"aoml_navis",1028.60621446257
"7901009",70,0,1,0.024297,1,0.001869,1,121.305873987304,1,4.86080761629257,400,1,12.9409999847412,35.5820007324219,0.0242970008403063,0,116.975196838379,-87.676,26.592,11.9211100166385,63,63,63,63,61,63,0,7817,1.11627530284214,27,-88,0.001869,51,2025-05-15 17:37:32.001877,400,1.037,0.0011,"aoml_navis",1028.63564960705
"7901009",70,0,1,0.026166,1,0.003738,1,121.269890887264,1,4.86073262252957,402,1,12.8590002059937,35.5690002441406,0.0261659994721413,0,116.940498352051,-87.676,26.592,11.9211100166385,63,63,63,63,61,63,0,7817,1.11627530284214,27,-88,0.001869,51,2025-05-15 17:37:32.001877,402,1.037,0.0011,"aoml_navis",1028.65151990153
"7901009",70,0,1,0.024297,1,0.001869,1,121.072862052544,1,4.86068100912579,404,1,12.8229999542236,35.5620002746582,0.0242970008403063,0,116.750503540039,-87.676,26.592,11.9211100166385,63,63,63,63,61,63,0,7817,1.11627530284214,27,-88,0.001869,51,2025-05-15 17:37:32.001877,404,1.037,0.0011,"aoml_navis",1028.66244269324
"7901009",70,0,1,0.022428,1,0,1,120.907971158099,1,4.86060595818991,406,1,12.7480001449585,35.5509986877441,0.0224280003458261,0,116.591499328613,-87.676,26.592,11.9211100166385,63,63,63,63,61,63,0,7817,1.11627530284214,27,-88,0.001869,51,2025-05-15 17:37:32.001877,406,1.037,0.0011,"aoml_navis",1028.67832591433
"7901009",70,0,1,0.022428,1,0,1,120.805932010953,1,4.86053186597886,408,1,12.6700000762939,35.5390014648438,0.0224280003458261,0,116.493103027344,-87.676,26.592,11.9211100166385,63,63,63,63,61,63,0,7817,1.11627530284214,27,-88,0.001869,51,2025-05-15 17:37:32.001877,408,1.037,0.0011,"aoml_navis",1028.69400671917
"7901009",70,0,1,0.022428,1,0,1,120.697563382709,1,4.86046455058613,410,1,12.6099996566772,35.5299987792969,0.0224280003458261,0,116.388603210449,-87.676,26.592,11.9211100166385,63,63,63,63,61,63,0,7817,1.11627530284214,27,-88,0.001869,51,2025-05-15 17:37:32.001877,410,1.037,0.0011,"aoml_navis",1028.70825369913
"7901009",70,0,1,0.026166,1,0.003738,1,120.484655462286,1,4.8604106222133,412,1,12.5749998092651,35.523998260498,0.0261659994721413,0,116.183296203613,-87.676,26.592,11.9211100166385,63,63,63,63,61,63,0,7817,1.11627530284214,27,-88,0.001869,51,2025-05-15 17:37:32.001877,412,1.037,0.0011,"aoml_navis",1028.71966766527
"7901009",70,0,1,0.022428,1,0,1,120.305562794627,1,4.86034331793951,414,1,12.5109996795654,35.5139999389648,0.0224280003458261,0,116.010597229004,-87.676,26.592,11.9211100166385,63,63,63,63,61,63,0,7817,1.11627530284214,27,-88,0.001869,51,2025-05-15 17:37:32.001877,414,1.037,0.0011,"aoml_navis",1028.73391300261
"7901009",70,0,1,0.020559,1,-0.001869,1,120.021424476301,1,4.86028313343464,416,1,12.4580001831055,35.5050010681152,0.020558999851346,0,115.736602783203,-87.676,26.592,11.9211100166385,63,63,63,63,61,63,0,7817,1.11627530284214,27,-88,0.001869,51,2025-05-15 17:37:32.001877,416,1.037,0.0011,"aoml_navis",1028.74665173398
"7901009",70,0,1,0.026166,1,0.003738,1,119.710520364783,1,4.86021479948329,418,1,12.4040002822876,35.4980010986328,0.0261659994721413,0,115.436798095703,-87.676,26.592,11.9211100166385,63,63,63,63,61,63,0,7817,1.11627530284214,27,-88,0.001869,51,2025-05-15 17:37:32.001877,418,1.037,0.0011,"aoml_navis",1028.76111577035
"7901009",70,0,1,0.024297,1,0.001869,1,119.308471725458,1,4.86016097658678,420,1,12.3649997711182,35.4910011291504,0.0242970008403063,0,115.049102783203,-87.676,26.592,11.9211100166385,63,63,63,63,61,63,0,7817,1.11627530284214,27,-88,0.001869,51,2025-05-15 17:37:32.001877,420,1.037,0.0011,"aoml_navis",1028.77250858292
"7901009",70,0,1,0.020559,1,-0.001869,1,118.878106570073,1,4.86009921340524,422,1,12.3100004196167,35.4819984436035,0.020558999851346,0,114.634101867676,-87.676,26.592,11.9211100166385,63,63,63,63,61,63,0,7817,1.11627530284214,27,-88,0.001869,51,2025-05-15 17:37:32.001877,422,1.037,0.0011,"aoml_navis",1028.78558244426
"7901009",70,0,1,0.028035,1,0.005607,1,118.483724514728,1,4.86002245266037,424,1,12.2430000305176,35.4739990234375,0.0280349999666214,0,114.253799438477,-87.676,26.592,11.9211100166385,63,63,63,63,61,63,0,7817,1.11627530284214,27,-88,0.001869,51,2025-05-15 17:37:32.001877,424,1.037,0.0011,"aoml_navis",1028.80183141191
"7901009",70,0,1,0.022428,1,0,1,118.343621450631,1,4.85994653067081,426,1,12.168999671936,35.4640007019043,0.0224280003458261,0,114.118698120117,-87.676,26.592,11.9211100166385,63,63,63,63,61,63,0,7817,1.11627530284214,27,-88,0.001869,51,2025-05-15 17:37:32.001877,426,1.037,0.0011,"aoml_navis",1028.81790333398
"7901009",70,0,1,0.026166,1,0.003738,1,118.332734743143,1,4.85988644149624,428,1,12.1230001449585,35.4570007324219,0.0261659994721413,0,114.108200073242,-87.676,26.592,11.9211100166385,63,63,63,63,61,63,0,7817,1.11627530284214,27,-88,0.001869,51,2025-05-15 17:37:32.001877,428,1.037,0.0011,"aoml_navis",1028.83062396425
"7901009",70,0,1,0.022428,1,0,1,118.210987174229,1,4.85983537728995,430,1,12.0979995727539,35.4529991149902,0.0224280003458261,0,113.990798950195,-87.676,26.592,11.9211100166385,63,63,63,63,61,63,0,7817,1.11627530284214,27,-88,0.001869,51,2025-05-15 17:37:32.001877,430,1.037,0.0011,"aoml_navis",1028.84143429323
"7901009",70,0,1,0.022428,1,0,1,118.157376469332,1,4.85977245255012,432,1,12.0450000762939,35.4449996948242,0.0224280003458261,0,113.939102172852,-87.676,26.592,11.9211100166385,63,63,63,63,61,63,0,7817,1.11627530284214,27,-88,0.001869,51,2025-05-15 17:37:32.001877,432,1.037,0.0011,"aoml_navis",1028.8547558181
"7901009",70,0,1,0.020559,1,-0.001869,1,117.972160028711,1,4.8597302111971,434,1,12.0369997024536,35.443000793457,0.020558999851346,0,113.760498046875,-87.676,26.592,11.9211100166385,63,63,63,63,61,63,0,7817,1.11627530284214,27,-88,0.001869,51,2025-05-15 17:37:32.001877,434,1.037,0.0011,"aoml_navis",1028.86369874602
"7901009",70,0,1,0.028035,1,0.005607,1,117.801675455345,1,4.85968300917466,436,1,12.0159997940063,35.4389991760254,0.0280349999666214,0,113.596099853516,-87.676,26.592,11.9211100166385,63,63,63,63,61,63,0,7817,1.11627530284214,27,-88,0.001869,51,2025-05-15 17:37:32.001877,436,1.037,0.0011,"aoml_navis",1028.87369208247
"7901009",70,0,1,0.020559,1,-0.001869,1,117.681383667083,1,4.85961460268239,438,1,11.9569997787476,35.4309997558594,0.020558999851346,0,113.480102539062,-87.676,26.592,11.9211100166385,63,63,63,63,61,63,0,7817,1.11627530284214,27,-88,0.001869,51,2025-05-15 17:37:32.001877,438,1.037,0.0011,"aoml_navis",1028.88817504996
"7901009",70,0,1,0.026166,1,0.003738,1,117.48808131436,1,4.85955856405221,440,1,11.91100025177,35.4230003356934,0.0261659994721413,0,113.293701171875,-87.676,26.592,11.9211100166385,63,63,63,63,61,63,0,7817,1.11627530284214,27,-88,0.001869,51,2025-05-15 17:37:32.001877,440,1.037,0.0011,"aoml_navis",1028.90003980746
"7901009",70,0,1,0.024297,1,0.001869,1,117.276945648644,1,4.85950572639412,442,1,11.8800001144409,35.4179992675781,0.0242970008403063,0,113.090103149414,-87.676,26.592,11.9211100166385,63,63,63,63,61,63,0,7817,1.11627530284214,27,-88,0.001869,51,2025-05-15 17:37:32.001877,442,1.037,0.0011,"aoml_navis",1028.91122709102
"7901009",70,0,1,0.028035,1,0.005607,1,117.06985293898,1,4.85943671794857,444,1,11.8199996948242,35.4099998474121,0.0280349999666214,0,112.890403747559,-87.676,26.592,11.9211100166385,63,63,63,63,61,63,0,7817,1.11627530284214,27,-88,0.001869,51,2025-05-15 17:37:32.001877,444,1.037,0.0011,"aoml_navis",1028.92583857142
"7901009",70,0,1,0.020559,1,-0.001869,1,116.818374743118,1,4.85937643203582,446,1,11.7770004272461,35.4039993286133,0.020558999851346,0,112.647903442383,-87.676,26.592,11.9211100166385,63,63,63,63,61,63,0,7817,1.11627530284214,27,-88,0.001869,51,2025-05-15 17:37:32.001877,446,1.037,0.0011,"aoml_navis",1028.93860352886
"7901009",70,0,1,0.028035,1,0.005607,1,116.571453773646,1,4.8593163572286,448,1,11.7419996261597,35.4000015258789,0.0280349999666214,0,112.409797668457,-87.676,26.592,11.9211100166385,63,63,63,63,61,63,0,7817,1.11627530284214,27,-88,0.001869,51,2025-05-15 17:37:32.001877,448,1.037,0.0011,"aoml_navis",1028.95132410182
"7901009",70,0,1,0.020559,1,-0.001869,1,116.403042105339,1,4.85925334614606,450,1,11.6920003890991,35.3930015563965,0.020558999851346,0,112.247398376465,-87.676,26.592,11.9211100166385,63,63,63,63,61,63,0,7817,1.11627530284214,27,-88,0.001869,51,2025-05-15 17:37:32.001877,450,1.037,0.0011,"aoml_navis",1028.96466675597
"7901009",70,0,1,0.026166,1,0.003738,1,116.045268186293,1,4.8592081560377,452,1,11.664999961853,35.3870010375977,0.0261659994721413,0,111.902397155762,-87.676,26.592,11.9211100166385,63,63,63,63,61,63,0,7817,1.11627530284214,27,-88,0.001869,51,2025-05-15 17:37:32.001877,452,1.037,0.0011,"aoml_navis",1028.97423601567
"7901009",70,0,1,0.026166,1,0.003738,1,115.759674087314,1,4.85914335592058,454,1,11.6049995422363,35.3779983520508,0.0261659994721413,0,111.626998901367,-87.676,26.592,11.9211100166385,63,63,63,63,61,63,0,7817,1.11627530284214,27,-88,0.001869,51,2025-05-15 17:37:32.001877,454,1.037,0.0011,"aoml_navis",1028.98795811566
"7901009",70,0,1,0.028035,1,0.005607,1,115.442654114686,1,4.85907503898933,456,1,11.5450000762939,35.3699989318848,0.0280349999666214,0,111.321296691895,-87.676,26.592,11.9211100166385,63,63,63,63,61,63,0,7817,1.11627530284214,27,-88,0.001869,51,2025-05-15 17:37:32.001877,456,1.037,0.0011,"aoml_navis",1029.00242533402
"7901009",70,0,1,0.026166,1,0.003738,1,115.296751663533,1,4.85899855097738,458,1,11.4720001220703,35.3610000610352,0.0261659994721413,0,111.180603027344,-87.676,26.592,11.9211100166385,63,63,63,63,61,63,0,7817,1.11627530284214,27,-88,0.001869,51,2025-05-15 17:37:32.001877,458,1.037,0.0011,"aoml_navis",1029.01862339396
"7901009",70,0,1,0.026166,1,0.003738,1,114.88162473389,1,4.85895458063122,460,1,11.4580001831055,35.3580017089844,0.0261659994721413,0,110.780296325684,-87.676,26.592,11.9211100166385,63,63,63,63,61,63,0,7817,1.11627530284214,27,-88,0.001869,51,2025-05-15 17:37:32.001877,460,1.037,0.0011,"aoml_navis",1029.02793533634
"7901009",70,0,1,0.024297,1,0.001869,1,114.458316949929,1,4.85888207265004,462,1,11.4010000228882,35.3520011901855,0.0242970008403063,0,110.372100830078,-87.676,26.592,11.9211100166385,63,63,63,63,61,63,0,7817,1.11627530284214,27,-88,0.001869,51,2025-05-15 17:37:32.001877,462,1.037,0.0011,"aoml_navis",1029.04329128387
"7901009",70,0,1,0.026166,1,0.003738,1,114.279841406677,1,4.85880329769024,464,1,11.3170003890991,35.3409996032715,0.0261659994721413,0,110.199996948242,-87.676,26.592,11.9211100166385,63,63,63,63,61,63,0,7817,1.11627530284214,27,-88,0.001869,51,2025-05-15 17:37:32.001877,464,1.037,0.0011,"aoml_navis",1029.0599749895
"7901009",70,0,1,0.024297,1,0.001869,1,114.167746296437,1,4.85874299339133,466,1,11.2729997634888,35.3349990844727,0.0242970008403063,0,110.091903686523,-87.676,26.592,11.9211100166385,63,63,63,63,61,63,0,7817,1.11627530284214,27,-88,0.001869,51,2025-05-15 17:37:32.001877,466,1.037,0.0011,"aoml_navis",1029.07274716955
"7901009",70,0,1,0.022428,1,0,1,114.039874954561,1,4.85869275158417,468,1,11.2480001449585,35.3310012817383,0.0224280003458261,0,109.968597412109,-87.676,26.592,11.9211100166385,63,63,63,63,61,63,0,7817,1.11627530284214,27,-88,0.001869,51,2025-05-15 17:37:32.001877,468,1.037,0.0011,"aoml_navis",1029.08338840108
"7901009",70,0,1,0.026166,1,0.003738,1,113.889613073302,1,4.85864524928625,470,1,11.2340002059937,35.3289985656738,0.0261659994721413,0,109.823699951172,-87.676,26.592,11.9211100166385,63,63,63,63,61,63,0,7817,1.11627530284214,27,-88,0.001869,51,2025-05-15 17:37:32.001877,470,1.037,0.0011,"aoml_navis",1029.09344960604
"7901009",70,0,1,0.028035,1,0.005607,1,113.738203973595,1,4.85859865032541,472,1,11.2209997177124,35.3269996643066,0.0280349999666214,0,109.677696228027,-87.676,26.592,11.9211100166385,63,63,63,63,61,63,0,7817,1.11627530284214,27,-88,0.001869,51,2025-05-15 17:37:32.001877,472,1.037,0.0011,"aoml_navis",1029.10331967122
"7901009",70,0,1,0.028035,1,0.005607,1,113.498348287398,1,4.85856028670475,474,1,11.2089996337891,35.3230018615723,0.0280349999666214,0,109.446403503418,-87.676,26.592,11.9211100166385,63,63,63,63,61,63,0,7817,1.11627530284214,27,-88,0.001869,51,2025-05-15 17:37:32.001877,474,1.037,0.0011,"aoml_navis",1029.11144556183
"7901009",70,0,1,0.024297,1,0.001869,1,113.092145926103,1,4.85851739396568,476,1,11.1920003890991,35.3190002441406,0.0242970008403063,0,109.054702758789,-87.676,26.592,11.9211100166385,63,63,63,63,61,63,0,7817,1.11627530284214,27,-88,0.001869,51,2025-05-15 17:37:32.001877,476,1.037,0.0011,"aoml_navis",1029.12053092782
"7901009",70,0,1,0.024297,1,0.001869,1,112.84221845311,1,4.85843492617912,478,1,11.0909996032715,35.3050003051758,0.0242970008403063,0,108.813697814941,-87.676,26.592,11.9211100166385,63,63,63,63,61,63,0,7817,1.11627530284214,27,-88,0.001869,51,2025-05-15 17:37:32.001877,478,1.037,0.0011,"aoml_navis",1029.13799937055
"7901009",70,0,1,0.026166,1,0.003738,1,112.641249516407,1,4.85835021539486,480,1,10.9870004653931,35.2910003662109,0.0261659994721413,0,108.619903564453,-87.676,26.592,11.9211100166385,63,63,63,63,61,63,0,7817,1.11627530284214,27,-88,0.001869,51,2025-05-15 17:37:32.001877,480,1.037,0.0011,"aoml_navis",1029.15594354567
"7901009",70,0,1,0.024297,1,0.001869,1,112.358345446895,1,4.85826486016736,482,1,10.8940000534058,35.2799987792969,0.0242970008403063,0,108.347099304199,-87.676,26.592,11.9211100166385,63,63,63,63,61,63,0,7817,1.11627530284214,27,-88,0.001869,51,2025-05-15 17:37:32.001877,482,1.037,0.0011,"aoml_navis",1029.17402486528
"7901009",70,0,1,0.026166,1,0.003738,1,112.301728238476,1,4.8581772943571,484,1,10.793999671936,35.2680015563965,0.0261659994721413,0,108.292503356934,-87.676,26.592,11.9211100166385,63,63,63,63,61,63,0,7817,1.11627530284214,27,-88,0.001869,51,2025-05-15 17:37:32.001877,484,1.037,0.0011,"aoml_navis",1029.1925751264
"7901009",70,0,1,0.024297,1,0.001869,1,112.296435209908,1,4.85812062450123,486,1,10.7530002593994,35.2620010375977,0.0242970008403063,0,108.287399291992,-87.676,26.592,11.9211100166385,63,63,63,63,61,63,0,7817,1.11627530284214,27,-88,0.001869,51,2025-05-15 17:37:32.001877,486,1.037,0.0011,"aoml_navis",1029.20458063211
"7901009",70,0,1,0.022428,1,0,1,112.174070516587,1,4.85807770052632,488,1,10.7480001449585,35.2610015869141,0.0224280003458261,0,108.169403076172,-87.676,26.592,11.9211100166385,63,63,63,63,61,63,0,7817,1.11627530284214,27,-88,0.001869,51,2025-05-15 17:37:32.001877,488,1.037,0.0011,"aoml_navis",1029.21367426015
"7901009",70,0,1,0.031773,1,0.009345,1,112.069950552531,1,4.85803511998818,489.899993896484,1,10.7410001754761,35.2599983215332,0.0317730009555817,0,108.069000244141,-87.676,26.592,11.9211100166385,63,63,63,63,61,63,0,7817,1.11627530284214,27,-88,0.001869,51,2025-05-15 17:37:32.001877,489.899993896484,1.037,0.0011,"aoml_navis",1029.22269528841
"7901009",70,0,1,0.022428,1,0,1,112.040914057995,1,4.85798951900976,492,1,10.7229995727539,35.2560005187988,0.0224280003458261,0,108.041000366211,-87.676,26.592,11.9211100166385,63,63,63,63,61,63,0,7817,1.11627530284214,27,-88,0.001869,51,2025-05-15 17:37:32.001877,492,1.037,0.0011,"aoml_navis",1029.23235639652
"7901009",70,0,1,0.029904,1,0.007476,1,112.099612083325,1,4.85791900531504,494,1,10.6579999923706,35.2480010986328,0.0299040004611015,0,108.097602844238,-87.676,26.592,11.9211100166385,63,63,63,63,61,63,0,7817,1.11627530284214,27,-88,0.001869,51,2025-05-15 17:37:32.001877,494,1.037,0.0011,"aoml_navis",1029.24729591611
"7901009",70,0,1,0.024297,1,0.001869,1,112.13424225678,1,4.85786673153896,496,1,10.6300001144409,35.2439994812012,0.0242970008403063,0,108.130996704102,-87.676,26.592,11.9211100166385,63,63,63,63,61,63,0,7817,1.11627530284214,27,-88,0.001869,51,2025-05-15 17:37:32.001877,496,1.037,0.0011,"aoml_navis",1029.25837128019
"7901009",70,0,1,0.028035,1,0.005607,1,112.059578115382,1,4.85782672602655,498,1,10.6199998855591,35.2410011291504,0.0280349999666214,0,108.05899810791,-87.676,26.592,11.9211100166385,63,63,63,63,61,63,0,7817,1.11627530284214,27,-88,0.001869,51,2025-05-15 17:37:32.001877,498,1.037,0.0011,"aoml_navis",1029.26684750029
"7901009",70,0,1,0.028035,1,0.005607,1,112.072126311658,1,4.85777511893411,500,1,10.6009998321533,35.2389984130859,0.0280349999666214,0,108.071098327637,-87.676,26.592,11.9211100166385,63,63,63,63,61,63,0,7817,1.11627530284214,27,-88,0.001869,51,2025-05-15 17:37:32.001877,500,1.037,0.0011,"aoml_navis",1029.2777820265
"7901009",70,0,1,0.022428,1,0,1,112.101787842452,1,4.8577265543639,502,1,10.5729999542236,35.234001159668,0.0224280003458261,0,108.099700927734,-87.676,26.592,11.9211100166385,63,63,63,63,61,63,0,7817,1.11627530284214,27,-88,0.001869,51,2025-05-15 17:37:32.001877,502,1.037,0.0011,"aoml_navis",1029.28807211437
"7901009",70,0,1,0.029904,1,0.007476,1,112.330764733012,1,4.85766451770238,504,1,10.5129995346069,35.2249984741211,0.0299040004611015,0,108.320503234863,-87.676,26.592,11.9211100166385,63,63,63,63,61,63,0,7817,1.11627530284214,27,-88,0.001869,51,2025-05-15 17:37:32.001877,504,1.037,0.0011,"aoml_navis",1029.30121703113
"7901009",70,0,1,0.026166,1,0.003738,1,112.595511103625,1,4.85757259949248,506,1,10.4020004272461,35.2120018005371,0.0261659994721413,0,108.575798034668,-87.676,26.592,11.9211100166385,63,63,63,63,61,63,0,7817,1.11627530284214,27,-88,0.001869,51,2025-05-15 17:37:32.001877,506,1.037,0.0011,"aoml_navis",1029.32069415131
"7901009",70,0,1,0.026166,1,0.003738,1,112.37659808801,1,4.85752340423301,508,1,10.3730001449585,35.2070007324219,0.0261659994721413,0,108.364700317383,-87.676,26.592,11.9211100166385,63,63,63,63,61,63,0,7817,1.11627530284214,27,-88,0.001869,51,2025-05-15 17:37:32.001877,508,1.037,0.0011,"aoml_navis",1029.33111874311
"7901009",70,0,1,0.028035,1,0.005607,1,112.052006473619,1,4.85748105087624,510,1,10.3559999465942,35.2029991149902,0.0280349999666214,0,108.051696777344,-87.676,26.592,11.9211100166385,63,63,63,63,61,63,0,7817,1.11627530284214,27,-88,0.001869,51,2025-05-15 17:37:32.001877,510,1.037,0.0011,"aoml_navis",1029.34009368869
"7901009",70,0,1,0.024297,1,0.001869,1,111.968734237927,1,4.85738970447085,512,1,10.2489995956421,35.1910018920898,0.0242970008403063,0,107.971397399902,-87.676,26.592,11.9211100166385,63,63,63,63,61,63,0,7817,1.11627530284214,27,-88,0.001869,51,2025-05-15 17:37:32.001877,512,1.037,0.0011,"aoml_navis",1029.35945110558
"7901009",70,0,1,0.026166,1,0.003738,1,111.821170297986,1,4.85733024771741,514,1,10.1909999847412,35.181999206543,0.0261659994721413,0,107.8291015625,-87.676,26.592,11.9211100166385,63,63,63,63,61,63,0,7817,1.11627530284214,27,-88,0.001869,51,2025-05-15 17:37:32.001877,514,1.037,0.0011,"aoml_navis",1029.37205110763
"7901009",70,0,1,0.026166,1,0.003738,1,111.831954151407,1,4.85723947228341,516,1,10.0880002975464,35.1710014343262,0.0261659994721413,0,107.839500427246,-87.676,26.592,11.9211100166385,63,63,63,63,61,63,0,7817,1.11627530284214,27,-88,0.001869,51,2025-05-15 17:37:32.001877,516,1.037,0.0011,"aoml_navis",1029.39128872093
"7901009",70,0,1,0.028035,1,0.005607,1,111.927149547116,1,4.85717551492177,518,1,10.0200004577637,35.1609992980957,0.0280349999666214,0,107.931297302246,-87.676,26.592,11.9211100166385,63,63,63,63,61,63,0,7817,1.11627530284214,27,-88,0.001869,51,2025-05-15 17:37:32.001877,518,1.037,0.0011,"aoml_navis",1029.40484333734
"7901009",70,0,1,0.028035,1,0.005607,1,112.091621113439,1,4.85711992774074,520,1,9.98299980163574,35.1559982299805,0.0280349999666214,0,108.089897155762,-87.676,26.592,11.9211100166385,63,63,63,63,61,63,0,7817,1.11627530284214,27,-88,0.001869,51,2025-05-15 17:37:32.001877,520,1.037,0.0011,"aoml_navis",1029.41662433394
"7901009",70,0,1,0.026166,1,0.003738,1,112.209325726302,1,4.85707133677195,522,1,9.96700000762939,35.1539993286133,0.0261659994721413,0,108.203399658203,-87.676,26.592,11.9211100166385,63,63,63,63,61,63,0,7817,1.11627530284214,27,-88,0.001869,51,2025-05-15 17:37:32.001877,522,1.037,0.0011,"aoml_navis",1029.42692279316
"7901009",70,0,1,0.028035,1,0.005607,1,112.464435461943,1,4.85700430927933,524,1,9.89500045776367,35.1440010070801,0.0280349999666214,0,108.449401855469,-87.676,26.592,11.9211100166385,63,63,63,63,61,63,0,7817,1.11627530284214,27,-88,0.001869,51,2025-05-15 17:37:32.001877,524,1.037,0.0011,"aoml_navis",1029.44112906128
"7901009",70,0,1,0.026166,1,0.003738,1,112.576119155912,1,4.85693812783093,526,1,9.84099960327148,35.1380004882812,0.0261659994721413,0,108.557098388672,-87.676,26.592,11.9211100166385,63,63,63,63,61,63,0,7817,1.11627530284214,27,-88,0.001869,51,2025-05-15 17:37:32.001877,526,1.037,0.0011,"aoml_navis",1029.45515639767
"7901009",70,0,1,0.029904,1,0.007476,1,112.706166256915,1,4.85688451350021,528,1,9.80599975585938,35.132999420166,0.0299040004611015,0,108.682502746582,-87.676,26.592,11.9211100166385,63,63,63,63,61,63,0,7817,1.11627530284214,27,-88,0.001869,51,2025-05-15 17:37:32.001877,528,1.037,0.0011,"aoml_navis",1029.46652037988
"7901009",70,0,1,0.026166,1,0.003738,1,112.781036106449,1,4.85684196280779,530,1,9.79699993133545,35.1310005187988,0.0261659994721413,0,108.754699707031,-87.676,26.592,11.9211100166385,63,63,63,63,61,63,0,7817,1.11627530284214,27,-88,0.001869,51,2025-05-15 17:37:32.001877,530,1.037,0.0011,"aoml_navis",1029.47553951487
"7901009",70,0,1,0.024297,1,0.001869,1,112.877995845014,1,4.85679236072814,532,1,9.77099990844727,35.1269989013672,0.0242970008403063,0,108.848197937012,-87.676,26.592,11.9211100166385,63,63,63,63,61,63,0,7817,1.11627530284214,27,-88,0.001869,51,2025-05-15 17:37:32.001877,532,1.037,0.0011,"aoml_navis",1029.48605347633
"7901009",70,0,1,0.029904,1,0.007476,1,113.023597645815,1,4.85673713828585,534,1,9.73400020599365,35.1220016479492,0.0299040004611015,0,108.98860168457,-87.676,26.592,11.9211100166385,63,63,63,63,61,63,0,7817,1.11627530284214,27,-88,0.001869,51,2025-05-15 17:37:32.001877,534,1.037,0.0011,"aoml_navis",1029.49775901702
"7901009",70,0,1,0.024297,1,0.001869,1,113.142647273411,1,4.85668059323677,536,1,9.69099998474121,35.1160011291504,0.0242970008403063,0,109.103401184082,-87.676,26.592,11.9211100166385,63,63,63,63,61,63,0,7817,1.11627530284214,27,-88,0.001869,51,2025-05-15 17:37:32.001877,536,1.037,0.0011,"aoml_navis",1029.50974518745
"7901009",70,0,1,0.028035,1,0.005607,1,113.243752822095,1,4.85661739588698,538,1,9.64000034332275,35.1100006103516,0.0280349999666214,0,109.200897216797,-87.676,26.592,11.9211100166385,63,63,63,63,61,63,0,7817,1.11627530284214,27,-88,0.001869,51,2025-05-15 17:37:32.001877,538,1.037,0.0011,"aoml_navis",1029.52314181357
"7901009",70,0,1,0.024297,1,0.001869,1,113.358348077369,1,4.85656521918465,540,1,9.60200023651123,35.1040000915527,0.0242970008403063,0,109.311401367188,-87.676,26.592,11.9211100166385,63,63,63,63,61,63,0,7817,1.11627530284214,27,-88,0.001869,51,2025-05-15 17:37:32.001877,540,1.037,0.0011,"aoml_navis",1029.53420253655
"7901009",70,0,1,0.026166,1,0.003738,1,113.536610000633,1,4.85648413302986,542,1,9.52499961853027,35.0970001220703,0.0261659994721413,0,109.483299255371,-87.676,26.592,11.9211100166385,63,63,63,63,61,63,0,7817,1.11627530284214,27,-88,0.001869,51,2025-05-15 17:37:32.001877,542,1.037,0.0011,"aoml_navis",1029.55139212626
"7901009",70,0,1,0.028035,1,0.005607,1,113.673390087154,1,4.85642114059191,544,1,9.46500015258789,35.0890007019043,0.0280349999666214,0,109.615196228027,-87.676,26.592,11.9211100166385,63,63,63,63,61,63,0,7817,1.11627530284214,27,-88,0.001869,51,2025-05-15 17:37:32.001877,544,1.037,0.0011,"aoml_navis",1029.56474639483
"7901009",70,0,1,0.029904,1,0.007476,1,113.649440913051,1,4.85637737450869,546,1,9.44999980926514,35.0859985351562,0.0299040004611015,0,109.592102050781,-87.676,26.592,11.9211100166385,63,63,63,63,61,63,0,7817,1.11627530284214,27,-88,0.001869,51,2025-05-15 17:37:32.001877,546,1.037,0.0011,"aoml_navis",1029.57402491931
"7901009",70,0,1,0.033642,1,0.011214,1,113.636164826449,1,4.85633360334199,548,1,9.4350004196167,35.0830001831055,0.0336420014500618,0,109.579299926758,-87.676,26.592,11.9211100166385,63,63,63,63,61,63,0,7817,1.11627530284214,27,-88,0.001869,51,2025-05-15 17:37:32.001877,548,1.037,0.0011,"aoml_navis",1029.58330468878
"7901009",70,0,1,0.026166,1,0.003738,1,113.784875984839,1,4.85626491429161,550,1,9.35900020599365,35.0730018615723,0.0261659994721413,0,109.722702026367,-87.676,26.592,11.9211100166385,63,63,63,63,61,63,0,7817,1.11627530284214,27,-88,0.001869,51,2025-05-15 17:37:32.001877,550,1.037,0.0011,"aoml_navis",1029.59786754742
"7901009",70,0,1,0.026166,1,0.003738,1,113.836208076541,1,4.85619410780497,552,1,9.28899955749512,35.064998626709,0.0261659994721413,0,109.772201538086,-87.676,26.592,11.9211100166385,63,63,63,63,61,63,0,7817,1.11627530284214,27,-88,0.001869,51,2025-05-15 17:37:32.001877,552,1.037,0.0011,"aoml_navis",1029.61287975781
"7901009",70,0,1,0.028035,1,0.005607,1,113.796490582653,1,4.85613761092925,554,1,9.25399971008301,35.0610008239746,0.0280349999666214,0,109.733901977539,-87.676,26.592,11.9211100166385,63,63,63,63,61,63,0,7817,1.11627530284214,27,-88,0.001869,51,2025-05-15 17:37:32.001877,554,1.037,0.0011,"aoml_navis",1029.62485839507
"7901009",70,0,1,0.029904,1,0.007476,1,113.671839364285,1,4.85609029160586,556,1,9.23900032043457,35.0589981079102,0.0299040004611015,0,109.613700866699,-87.676,26.592,11.9211100166385,63,63,63,63,61,63,0,7817,1.11627530284214,27,-88,0.001869,51,2025-05-15 17:37:32.001877,556,1.037,0.0011,"aoml_navis",1029.63489139461
"7901009",70,0,1,0.028035,1,0.005607,1,113.639590658093,1,4.85603187148053,557.900024414062,1,9.19900035858154,35.0550003051758,0.0280349999666214,0,109.58260345459,-87.676,26.592,11.9211100166385,63,63,63,63,61,63,0,7817,1.11627530284214,27,-88,0.001869,51,2025-05-15 17:37:32.001877,557.900024414062,1.037,0.0011,"aoml_navis",1029.64727833954
"7901009",70,0,1,0.029904,1,0.007476,1,113.607959076307,1,4.85597998858522,560,1,9.18099975585938,35.0530014038086,0.0299040004611015,0,109.552101135254,-87.676,26.592,11.9211100166385,63,63,63,63,61,63,0,7817,1.11627530284214,27,-88,0.001869,51,2025-05-15 17:37:32.001877,560,1.037,0.0011,"aoml_navis",1029.65827943141
"7901009",70,0,1,0.024297,1,0.001869,1,113.478228449359,1,4.85593560066467,562,1,9.17399978637695,35.0519981384277,0.0242970008403063,0,109.427001953125,-87.676,26.592,11.9211100166385,63,63,63,63,61,63,0,7817,1.11627530284214,27,-88,0.001869,51,2025-05-15 17:37:32.001877,562,1.037,0.0011,"aoml_navis",1029.66769149814
"7901009",70,0,1,0.028035,1,0.005607,1,113.258271069363,1,4.85588834987846,564,1,9.16800022125244,35.0519981384277,0.0280349999666214,0,109.214897155762,-87.676,26.592,11.9211100166385,63,63,63,63,61,63,0,7817,1.11627530284214,27,-88,0.001869,51,2025-05-15 17:37:32.001877,564,1.037,0.0011,"aoml_navis",1029.67771079933
"7901009",70,0,1,0.028035,1,0.005607,1,113.010012997009,1,4.85584110047996,566,1,9.16199970245361,35.0519981384277,0.0280349999666214,0,108.97550201416,-87.676,26.592,11.9211100166385,63,63,63,63,61,63,0,7817,1.11627530284214,27,-88,0.001869,51,2025-05-15 17:37:32.001877,566,1.037,0.0011,"aoml_navis",1029.68773000125
"7901009",70,0,1,0.028035,1,0.005607,1,112.673909638871,1,4.85579549473429,568,1,9.15799999237061,35.0519981384277,0.0280349999666214,0,108.651397705078,-87.676,26.592,11.9211100166385,63,63,63,63,61,63,0,7817,1.11627530284214,27,-88,0.001869,51,2025-05-15 17:37:32.001877,568,1.037,0.0011,"aoml_navis",1029.69740085267
"7901009",70,0,1,0.028035,1,0.005607,1,112.297890990561,1,4.85574499429783,570,1,9.1569995880127,35.0540008544922,0.0280349999666214,0,108.288803100586,-87.676,26.592,11.9211100166385,63,63,63,63,61,63,0,7817,1.11627530284214,27,-88,0.001869,51,2025-05-15 17:37:32.001877,570,1.037,0.0011,"aoml_navis",1029.70810985164
"7901009",70,0,1,0.029904,1,0.007476,1,112.093804784418,1,4.85569447022194,572,1,9.14700031280518,35.0540008544922,0.0299040004611015,0,108.092002868652,-87.676,26.592,11.9211100166385,63,63,63,63,61,63,0,7817,1.11627530284214,27,-88,0.001869,51,2025-05-15 17:37:32.001877,572,1.037,0.0011,"aoml_navis",1029.71882408645
"7901009",70,0,1,0.026166,1,0.003738,1,112.132382971708,1,4.85563983166078,574,1,9.1230001449585,35.0519981384277,0.0261659994721413,0,108.129203796387,-87.676,26.592,11.9211100166385,63,63,63,63,61,63,0,7817,1.11627530284214,27,-88,0.001869,51,2025-05-15 17:37:32.001877,574,1.037,0.0011,"aoml_navis",1029.73041109802
"7901009",70,0,1,0.029904,1,0.007476,1,112.253086176241,1,4.85557944661044,576,1,9.07400035858154,35.0460014343262,0.0299040004611015,0,108.245597839355,-87.676,26.592,11.9211100166385,63,63,63,63,61,63,0,7817,1.11627530284214,27,-88,0.001869,51,2025-05-15 17:37:32.001877,576,1.037,0.0011,"aoml_navis",1029.74321705114
"7901009",70,0,1,0.028035,1,0.005607,1,112.279638349445,1,4.85552610399144,578,1,9.03800010681152,35.0410003662109,0.0280349999666214,0,108.271202087402,-87.676,26.592,11.9211100166385,63,63,63,63,61,63,0,7817,1.11627530284214,27,-88,0.001869,51,2025-05-15 17:37:32.001877,578,1.037,0.0011,"aoml_navis",1029.75452976966
"7901009",70,0,1,0.029904,1,0.007476,1,112.243235921282,1,4.85544157343001,580,1,8.94999980926514,35.0330009460449,0.0299040004611015,0,108.236099243164,-87.676,26.592,11.9211100166385,63,63,63,63,61,63,0,7817,1.11627530284214,27,-88,0.001869,51,2025-05-15 17:37:32.001877,580,1.037,0.0011,"aoml_navis",1029.77245722841
"7901009",70,0,1,0.031773,1,0.009345,1,112.034798196884,1,4.85538064194384,582,1,8.91800022125244,35.0309982299805,0.0317730009555817,0,108.035102844238,-87.676,26.592,11.9211100166385,63,63,63,63,61,63,0,7817,1.11627530284214,27,-88,0.001869,51,2025-05-15 17:37:32.001877,582,1.037,0.0011,"aoml_navis",1029.78538012177
"7901009",70,0,1,0.028035,1,0.005607,1,111.998807184993,1,4.85532981838515,584,1,8.90299987792969,35.0299987792969,0.0280349999666214,0,108.000396728516,-87.676,26.592,11.9211100166385,63,63,63,63,61,63,0,7817,1.11627530284214,27,-88,0.001869,51,2025-05-15 17:37:32.001877,584,1.037,0.0011,"aoml_navis",1029.79615948376
"7901009",70,0,1,0.028035,1,0.005607,1,112.03396745249,1,4.8552705474716,586,1,8.8730001449585,35.0279998779297,0.0280349999666214,0,108.034301757812,-87.676,26.592,11.9211100166385,63,63,63,63,61,63,0,7817,1.11627530284214,27,-88,0.001869,51,2025-05-15 17:37:32.001877,586,1.037,0.0011,"aoml_navis",1029.80873076244
"7901009",70,0,1,0.029904,1,0.007476,1,112.041119766131,1,4.85522180655252,588,1,8.85599994659424,35.0260009765625,0.0299040004611015,0,108.041198730469,-87.676,26.592,11.9211100166385,63,63,63,63,61,63,0,7817,1.11627530284214,27,-88,0.001869,51,2025-05-15 17:37:32.001877,588,1.037,0.0011,"aoml_navis",1029.81906887387
"7901009",70,0,1,0.031773,1,0.009345,1,112.12864857786,1,4.85517551143661,590,1,8.84200000762939,35.023998260498,0.0317730009555817,0,108.125602722168,-87.676,26.592,11.9211100166385,63,63,63,63,61,63,0,7817,1.11627530284214,27,-88,0.001869,51,2025-05-15 17:37:32.001877,590,1.037,0.0011,"aoml_navis",1029.82888841449
"7901009",70,0,1,0.029904,1,0.007476,1,112.291355801327,1,4.85512598363097,592,1,8.82400035858154,35.0219993591309,0.0299040004611015,0,108.282501220703,-87.676,26.592,11.9211100166385,63,63,63,63,61,63,0,7817,1.11627530284214,27,-88,0.001869,51,2025-05-15 17:37:32.001877,592,1.037,0.0011,"aoml_navis",1029.83939384013
"7901009",70,0,1,0.029904,1,0.007476,1,112.712693534297,1,4.85506220325506,594,1,8.77000045776367,35.015998840332,0.0299040004611015,0,108.68879699707,-87.676,26.592,11.9211100166385,63,63,63,63,61,63,0,7817,1.11627530284214,27,-88,0.001869,51,2025-05-15 17:37:32.001877,594,1.037,0.0011,"aoml_navis",1029.85292271802
"7901009",70,0,1,0.035511,1,0.013083,1,112.99808192514,1,4.85500722666752,596,1,8.73600006103516,35.0120010375977,0.0355109982192516,0,108.963996887207,-87.676,26.592,11.9211100166385,63,63,63,63,61,63,0,7817,1.11627530284214,27,-88,0.001869,51,2025-05-15 17:37:32.001877,596,1.037,0.0011,"aoml_navis",1029.8645844513
"7901009",70,0,1,0.029904,1,0.007476,1,113.227786706026,1,4.85496660715029,598,1,8.72900009155273,35.0099983215332,0.0299040004611015,0,109.185501098633,-87.676,26.592,11.9211100166385,63,63,63,63,61,63,0,7817,1.11627530284214,27,-88,0.001869,51,2025-05-15 17:37:32.001877,598,1.037,0.0011,"aoml_navis",1029.87320090649
"7901009",70,0,1,0.026166,1,0.003738,1,113.531736300188,1,4.8549049533961,600,1,8.68200016021729,35.0050010681152,0.0261659994721413,0,109.47859954834,-87.676,26.592,11.9211100166385,63,63,63,63,61,63,0,7817,1.11627530284214,27,-88,0.001869,51,2025-05-15 17:37:32.001877,600,1.037,0.0011,"aoml_navis",1029.88627954547
"7901009",70,0,1,0.031773,1,0.009345,1,113.724730090708,1,4.85484261008765,602,1,8.63399982452393,35,0.0317730009555817,0,109.664703369141,-87.676,26.592,11.9211100166385,63,63,63,63,61,63,0,7817,1.11627530284214,27,-88,0.001869,51,2025-05-15 17:37:32.001877,602,1.037,0.0011,"aoml_navis",1029.89950479769
"7901009",70,0,1,0.029904,1,0.007476,1,113.859120798114,1,4.85479131943606,604,1,8.60900020599365,34.9970016479492,0.0299040004611015,0,109.794296264648,-87.676,26.592,11.9211100166385,63,63,63,63,61,63,0,7817,1.11627530284214,27,-88,0.001869,51,2025-05-15 17:37:32.001877,604,1.037,0.0011,"aoml_navis",1029.91038563956
"7901009",70,0,1,0.029904,1,0.007476,1,113.972371038655,1,4.85473578540429,606,1,8.57400035858154,34.9930000305176,0.0299040004611015,0,109.903503417969,-87.676,26.592,11.9211100166385,63,63,63,63,61,63,0,7817,1.11627530284214,27,-88,0.001869,51,2025-05-15 17:37:32.001877,606,1.037,0.0011,"aoml_navis",1029.9221669349
"7901009",70,0,1,0.028035,1,0.005607,1,113.949656113365,1,4.85467792028776,608,1,8.53600025177002,34.9889984130859,0.0280349999666214,0,109.88159942627,-87.676,26.592,11.9211100166385,63,63,63,63,61,63,0,7817,1.11627530284214,27,-88,0.001869,51,2025-05-15 17:37:32.001877,608,1.037,0.0011,"aoml_navis",1029.93444304615
"7901009",70,0,1,0.029904,1,0.007476,1,113.724105054449,1,4.85462434895903,610,1,8.50800037384033,34.9860000610352,0.0299040004611015,0,109.664100646973,-87.676,26.592,11.9211100166385,63,63,63,63,61,63,0,7817,1.11627530284214,27,-88,0.001869,51,2025-05-15 17:37:32.001877,610,1.037,0.0011,"aoml_navis",1029.94580848921
"7901009",70,0,1,0.031773,1,0.009345,1,113.182989803557,1,4.85457352800902,612,1,8.5019998550415,34.9869995117188,0.0317730009555817,0,109.142303466797,-87.676,26.592,11.9211100166385,63,63,63,63,61,63,0,7817,1.11627530284214,27,-88,0.001869,51,2025-05-15 17:37:32.001877,612,1.037,0.0011,"aoml_navis",1029.95659065661
"7901009",70,0,1,0.029904,1,0.007476,1,112.933062330564,1,4.85452911328258,614,1,8.51799964904785,34.9910011291504,0.0299040004611015,0,108.901298522949,-87.676,26.592,11.9211100166385,63,63,63,63,61,63,0,7817,1.11627530284214,27,-88,0.001869,51,2025-05-15 17:37:32.001877,614,1.037,0.0011,"aoml_navis",1029.96601386515
"7901009",70,0,1,0.022428,1,0,1,113.003683515912,1,4.85447454424043,616,1,8.4980001449585,34.9900016784668,0.0224280003458261,0,108.969398498535,-87.676,26.592,11.9211100166385,63,63,63,63,61,63,0,7817,1.11627530284214,27,-88,0.001869,51,2025-05-15 17:37:32.001877,616,1.037,0.0011,"aoml_navis",1029.97759169058
"7901009",70,0,1,0.028035,1,0.005607,1,113.06860025642,1,4.85442102104463,618,1,8.47000026702881,34.9869995117188,0.0280349999666214,0,109.031997680664,-87.676,26.592,11.9211100166385,63,63,63,63,61,63,0,7817,1.11627530284214,27,-88,0.001869,51,2025-05-15 17:37:32.001877,618,1.037,0.0011,"aoml_navis",1029.98894787334
"7901009",70,0,1,0.028035,1,0.005607,1,113.175932432134,1,4.85437095347079,620,1,8.45100021362305,34.9850006103516,0.0280349999666214,0,109.135498046875,-87.676,26.592,11.9211100166385,63,63,63,63,61,63,0,7817,1.11627530284214,27,-88,0.001869,51,2025-05-15 17:37:32.001877,620,1.037,0.0011,"aoml_navis",1029.99957109275
"7901009",70,0,1,0.026166,1,0.003738,1,113.295298533784,1,4.85432063956775,622,1,8.42700004577637,34.9819984436035,0.0261659994721413,0,109.250602722168,-87.676,26.592,11.9211100166385,63,63,63,63,61,63,0,7817,1.11627530284214,27,-88,0.001869,51,2025-05-15 17:37:32.001877,622,1.037,0.0011,"aoml_navis",1030.01024679845
"7901009",70,0,1,0.028035,1,0.005607,1,113.517945943247,1,4.85425982171173,624,1,8.38500022888184,34.9780006408691,0.0280349999666214,0,109.465301513672,-87.676,26.592,11.9211100166385,63,63,63,63,61,63,0,7817,1.11627530284214,27,-88,0.001869,51,2025-05-15 17:37:32.001877,624,1.037,0.0011,"aoml_navis",1030.02315154958
"7901009",70,0,1,0.031773,1,0.009345,1,113.797938451454,1,4.8541847047195,626,1,8.31999969482422,34.9729995727539,0.0317730009555817,0,109.735298156738,-87.676,26.592,11.9211100166385,63,63,63,63,61,63,0,7817,1.11627530284214,27,-88,0.001869,51,2025-05-15 17:37:32.001877,626,1.037,0.0011,"aoml_navis",1030.03909083615
"7901009",70,0,1,0.026166,1,0.003738,1,114.019652262454,1,4.85412980168388,628,1,8.28999996185303,34.9700012207031,0.0261659994721413,0,109.949096679688,-87.676,26.592,11.9211100166385,63,63,63,63,61,63,0,7817,1.11627530284214,27,-88,0.001869,51,2025-05-15 17:37:32.001877,628,1.037,0.0011,"aoml_navis",1030.05074117827
"7901009",70,0,1,0.026166,1,0.003738,1,114.236705992996,1,4.85407181982041,630,1,8.25599956512451,34.9669990539551,0.0261659994721413,0,110.158401489258,-87.676,26.592,11.9211100166385,63,63,63,63,61,63,0,7817,1.11627530284214,27,-88,0.001869,51,2025-05-15 17:37:32.001877,630,1.037,0.0011,"aoml_navis",1030.06304512919
"7901009",70,0,1,0.029904,1,0.007476,1,114.342898862113,1,4.85401543296337,632,1,8.22399997711182,34.9640007019043,0.0299040004611015,0,110.260803222656,-87.676,26.592,11.9211100166385,63,63,63,63,61,63,0,7817,1.11627530284214,27,-88,0.001869,51,2025-05-15 17:37:32.001877,632,1.037,0.0011,"aoml_navis",1030.07501089619
"7901009",70,0,1,0.031773,1,0.009345,1,114.46962298554,1,4.85396810881076,634,1,8.21300029754639,34.9630012512207,0.0317730009555817,0,110.383003234863,-87.676,26.592,11.9211100166385,63,63,63,63,61,63,0,7817,1.11627530284214,27,-88,0.001869,51,2025-05-15 17:37:32.001877,634,1.037,0.0011,"aoml_navis",1030.08505369538
"7901009",70,0,1,0.028035,1,0.005607,1,114.523439398573,1,4.85392681905495,636,1,8.20499992370605,34.9609985351562,0.0280349999666214,0,110.434898376465,-87.676,26.592,11.9211100166385,63,63,63,63,61,63,0,7817,1.11627530284214,27,-88,0.001869,51,2025-05-15 17:37:32.001877,636,1.037,0.0011,"aoml_navis",1030.09381607725
"7901009",70,0,1,0.029904,1,0.007476,1,114.603088006335,1,4.85387950257385,638,1,8.19400024414062,34.9599990844727,0.0299040004611015,0,110.511703491211,-87.676,26.592,11.9211100166385,63,63,63,63,61,63,0,7817,1.11627530284214,27,-88,0.001869,51,2025-05-15 17:37:32.001877,638,1.037,0.0011,"aoml_navis",1030.10385761506
"7901009",70,0,1,0.031773,1,0.009345,1,114.706060751943,1,4.85382673573237,640,1,8.17599964141846,34.9589996337891,0.0317730009555817,0,110.611000061035,-87.676,26.592,11.9211100166385,63,63,63,63,61,63,0,7817,1.11627530284214,27,-88,0.001869,51,2025-05-15 17:37:32.001877,640,1.037,0.0011,"aoml_navis",1030.1150560632
"7901009",70,0,1,0.03738,1,0.014952,1,114.868253705071,1,4.85378211335701,642,1,8.15900039672852,34.9560012817383,0.0373799987137318,0,110.767402648926,-87.676,26.592,11.9211100166385,63,63,63,63,61,63,0,7817,1.11627530284214,27,-88,0.001869,51,2025-05-15 17:37:32.001877,642,1.037,0.0011,"aoml_navis",1030.12452624122
"7901009",70,0,1,0.033642,1,0.011214,1,115.161316591745,1,4.85371343109095,644,1,8.11100006103516,34.9529991149902,0.0336420014500618,0,111.050003051758,-87.676,26.592,11.9211100166385,63,63,63,63,61,63,0,7817,1.11627530284214,27,-88,0.001869,51,2025-05-15 17:37:32.001877,644,1.037,0.0011,"aoml_navis",1030.13910297464
"7901009",70,0,1,0.029904,1,0.007476,1,115.434876764787,1,4.85365702767119,646,1,8.07400035858154,34.9490013122559,0.0299040004611015,0,111.31379699707,-87.676,26.592,11.9211100166385,63,63,63,63,61,63,0,7817,1.11627530284214,27,-88,0.001869,51,2025-05-15 17:37:32.001877,646,1.037,0.0011,"aoml_navis",1030.15107402408
"7901009",70,0,1,0.029904,1,0.007476,1,115.733746950368,1,4.8535941130421,648,1,8.03800010681152,34.9469985961914,0.0299040004611015,0,111.601997375488,-87.676,26.592,11.9211100166385,63,63,63,63,61,63,0,7817,1.11627530284214,27,-88,0.001869,51,2025-05-15 17:37:32.001877,648,1.037,0.0011,"aoml_navis",1030.16442733942
"7901009",70,0,1,0.028035,1,0.005607,1,116.053979134654,1,4.85353414422559,650,1,8.00100040435791,34.9440002441406,0.0280349999666214,0,111.910797119141,-87.676,26.592,11.9211100166385,63,63,63,63,61,63,0,7817,1.11627530284214,27,-88,0.001869,51,2025-05-15 17:37:32.001877,650,1.037,0.0011,"aoml_navis",1030.17715574303
"7901009",70,0,1,0.028035,1,0.005607,1,116.341859758679,1,4.85348287448944,652,1,7.98000001907349,34.9420013427734,0.0280349999666214,0,112.188400268555,-87.676,26.592,11.9211100166385,63,63,63,63,61,63,0,7817,1.11627530284214,27,-88,0.001869,51,2025-05-15 17:37:32.001877,652,1.037,0.0011,"aoml_navis",1030.18803801301
"7901009",70,0,1,0.031773,1,0.009345,1,116.534434221076,1,4.85342915865879,654,1,7.95100021362305,34.9389991760254,0.0317730009555817,0,112.374099731445,-87.676,26.592,11.9211100166385,63,63,63,63,61,63,0,7817,1.11627530284214,27,-88,0.001869,51,2025-05-15 17:37:32.001877,654,1.037,0.0011,"aoml_navis",1030.19943972598
"7901009",70,0,4,0.022428,1,0,1,116.736028194037,1,4.85337101619913,656,1,7.9210000038147,34.9370002746582,0.0224280003458261,0,112.568496704102,-87.676,26.592,11.9211100166385,63,63,63,63,61,63,0,7817,1.11627530284214,27,-88,0.001869,51,2025-05-15 17:37:32.001877,656,1.037,0.0011,"aoml_navis",1030.2117813189
"7901009",70,0,1,0.031773,1,0.009345,1,116.961998581075,1,4.85331981124701,658,1,7.90000009536743,34.935001373291,0.0317730009555817,0,112.786399841309,-87.676,26.592,11.9211100166385,63,63,63,63,61,63,0,7817,1.11627530284214,27,-88,0.001869,51,2025-05-15 17:37:32.001877,658,1.037,0.0011,"aoml_navis",1030.2226505686
"7901009",70,0,1,0.029904,1,0.007476,1,117.147729292035,1,4.85326802364785,660,1,7.88299989700317,34.9339981079102,0.0299040004611015,0,112.96549987793,-87.676,26.592,11.9211100166385,63,63,63,63,61,63,0,7817,1.11627530284214,27,-88,0.001869,51,2025-05-15 17:37:32.001877,660,1.037,0.0011,"aoml_navis",1030.23364372979
"7901009",70,0,1,0.029904,1,0.007476,1,117.472423760495,1,4.85321593439502,662,1,7.85599994659424,34.9309997558594,0.0299040004611015,0,113.278602600098,-87.676,26.592,11.9211100166385,63,63,63,63,61,63,0,7817,1.11627530284214,27,-88,0.001869,51,2025-05-15 17:37:32.001877,662,1.037,0.0011,"aoml_navis",1030.24470116088
"7901009",70,0,1,0.028035,1,0.005607,1,117.776167646521,1,4.85315318185665,664,1,7.81500005722046,34.9280014038086,0.0280349999666214,0,113.571502685547,-87.676,26.592,11.9211100166385,63,63,63,63,61,63,0,7817,1.11627530284214,27,-88,0.001869,51,2025-05-15 17:37:32.001877,664,1.037,0.0011,"aoml_navis",1030.25802249398
"7901009",70,0,1,0.029904,1,0.007476,1,118.05553511847,1,4.85310741520108,666,1,7.80100011825562,34.9259986877441,0.0299040004611015,0,113.840896606445,-87.676,26.592,11.9211100166385,63,63,63,63,61,63,0,7817,1.11627530284214,27,-88,0.001869,51,2025-05-15 17:37:32.001877,666,1.037,0.0011,"aoml_navis",1030.26773822043
"7901009",70,0,1,0.033642,1,0.011214,1,118.414242635978,1,4.85305402018403,668,1,7.77699995040894,34.923999786377,0.0336420014500618,0,114.186798095703,-87.676,26.592,11.9211100166385,63,63,63,63,61,63,0,7817,1.11627530284214,27,-88,0.001869,51,2025-05-15 17:37:32.001877,668,1.037,0.0011,"aoml_navis",1030.27907359053
"7901009",70,0,1,0.026166,1,0.003738,1,118.737900651908,1,4.85298987891936,670,1,7.73400020599365,34.9210014343262,0.0261659994721413,0,114.498901367188,-87.676,26.592,11.9211100166385,63,63,63,63,61,63,0,7817,1.11627530284214,27,-88,0.001869,51,2025-05-15 17:37:32.001877,670,1.037,0.0011,"aoml_navis",1030.29269063989
"7901009",70,0,1,0.029904,1,0.007476,1,118.912950363516,1,4.85294035686484,672,1,7.71500015258789,34.9189987182617,0.0299040004611015,0,114.667701721191,-87.676,26.592,11.9211100166385,63,63,63,63,61,63,0,7817,1.11627530284214,27,-88,0.001869,51,2025-05-15 17:37:32.001877,672,1.037,0.0011,"aoml_navis",1030.30320430935
"7901009",70,0,1,0.031773,1,0.009345,1,119.101165395807,1,4.85289322393009,674,1,7.7039999961853,34.9179992675781,0.0317730009555817,0,114.849197387695,-87.676,26.592,11.9211100166385,63,63,63,63,61,63,0,7817,1.11627530284214,27,-88,0.001869,51,2025-05-15 17:37:32.001877,674,1.037,0.0011,"aoml_navis",1030.31321096135
"7901009",70,0,1,0.028035,1,0.005607,1,119.305465221937,1,4.85284598303658,676,1,7.68800020217896,34.9160003662109,0.0280349999666214,0,115.046203613281,-87.676,26.592,11.9211100166385,63,63,63,63,61,63,0,7817,1.11627530284214,27,-88,0.001869,51,2025-05-15 17:37:32.001877,676,1.037,0.0011,"aoml_navis",1030.3232407288
"7901009",70,0,1,0.033642,1,0.011214,1,119.605886130387,1,4.85278966346145,678,1,7.65999984741211,34.9140014648438,0.0336420014500618,0,115.335899353027,-87.676,26.592,11.9211100166385,63,63,63,63,61,63,0,7817,1.11627530284214,27,-88,0.001869,51,2025-05-15 17:37:32.001877,678,1.037,0.0011,"aoml_navis",1030.33519825657
"7901009",70,0,1,0.028035,1,0.005607,1,119.809038738068,1,4.85273348971928,680,1,7.63700008392334,34.9129981994629,0.0280349999666214,0,115.531799316406,-87.676,26.592,11.9211100166385,63,63,63,63,61,63,0,7817,1.11627530284214,27,-88,0.001869,51,2025-05-15 17:37:32.001877,680,1.037,0.0011,"aoml_navis",1030.3471250982
"7901009",70,0,1,0.029904,1,0.007476,1,120.025261724216,1,4.85268402195632,682,1,7.61800003051758,34.9109992980957,0.0299040004611015,0,115.740303039551,-87.676,26.592,11.9211100166385,63,63,63,63,61,63,0,7817,1.11627530284214,27,-88,0.001869,51,2025-05-15 17:37:32.001877,682,1.037,0.0011,"aoml_navis",1030.35762835106
"7901009",70,0,1,0.031773,1,0.009345,1,120.321433968479,1,4.85263466157244,684,1,7.60400009155273,34.9099998474121,0.0317730009555817,0,116.025901794434,-87.676,26.592,11.9211100166385,63,63,63,63,61,63,0,7817,1.11627530284214,27,-88,0.001869,51,2025-05-15 17:37:32.001877,684,1.037,0.0011,"aoml_navis",1030.36810901808
"7901009",70,0,1,0.029904,1,0.007476,1,120.615636161751,1,4.85257918615778,686,1,7.5770001411438,34.9080009460449,0.0299040004611015,0,116.309600830078,-87.676,26.592,11.9211100166385,63,63,63,63,61,63,0,7817,1.11627530284214,27,-88,0.001869,51,2025-05-15 17:37:32.001877,686,1.037,0.0011,"aoml_navis",1030.37988834118
"7901009",70,0,1,0.031773,1,0.009345,1,120.903097457653,1,4.8525214960489,688,1,7.54699993133545,34.9059982299805,0.0317730009555817,0,116.586799621582,-87.676,26.592,11.9211100166385,63,63,63,63,61,63,0,7817,1.11627530284214,27,-88,0.001869,51,2025-05-15 17:37:32.001877,688,1.037,0.0011,"aoml_navis",1030.39213820509
"7901009",70,0,1,0.026166,1,0.003738,1,121.170549681436,1,4.85246991623354,690,1,7.53000020980835,34.9049987792969,0.0261659994721413,0,116.844703674316,-87.676,26.592,11.9211100166385,63,63,63,63,61,63,0,7817,1.11627530284214,27,-88,0.001869,51,2025-05-15 17:37:32.001877,690,1.037,0.0011,"aoml_navis",1030.40309086161
"7901009",70,0,1,0.029904,1,0.007476,1,121.455938072279,1,4.85241451834551,692,1,7.50299978256226,34.9029998779297,0.0299040004611015,0,117.119903564453,-87.676,26.592,11.9211100166385,63,63,63,63,61,63,0,7817,1.11627530284214,27,-88,0.001869,51,2025-05-15 17:37:32.001877,692,1.037,0.0011,"aoml_navis",1030.41485452171
"7901009",70,0,1,0.029904,1,0.007476,1,121.656907008981,1,4.85236364670029,694,1,7.48199987411499,34.9010009765625,0.0299040004611015,0,117.313697814941,-87.676,26.592,11.9211100166385,63,63,63,63,61,63,0,7817,1.11627530284214,27,-88,0.001869,51,2025-05-15 17:37:32.001877,694,1.037,0.0011,"aoml_navis",1030.42565727738
"7901009",70,0,1,0.031773,1,0.009345,1,121.870740616015,1,4.85231360552441,696,1,7.46700000762939,34.9000015258789,0.0317730009555817,0,117.519897460938,-87.676,26.592,11.9211100166385,63,63,63,63,61,63,0,7817,1.11627530284214,27,-88,0.001869,51,2025-05-15 17:37:32.001877,696,1.037,0.0011,"aoml_navis",1030.43628390124
"7901009",70,0,1,0.033642,1,0.011214,1,122.066638055988,1,4.85225984417323,698,1,7.44700002670288,34.898998260498,0.0336420014500618,0,117.708801269531,-87.676,26.592,11.9211100166385,63,63,63,63,61,63,0,7817,1.11627530284214,27,-88,0.001869,51,2025-05-15 17:37:32.001877,698,1.037,0.0011,"aoml_navis",1030.44770077682
"7901009",70,0,1,0.028035,1,0.005607,1,122.248428664965,1,4.8522001051681,700,1,7.41900014877319,34.8979988098145,0.0280349999666214,0,117.884101867676,-87.676,26.592,11.9211100166385,63,63,63,63,61,63,0,7817,1.11627530284214,27,-88,0.001869,51,2025-05-15 17:37:32.001877,700,1.037,0.0011,"aoml_navis",1030.46038737654
"7901009",70,0,1,0.028035,1,0.005607,1,122.42721277042,1,4.85215308454318,702,1,7.40799999237061,34.8969993591309,0.0280349999666214,0,118.056503295898,-87.676,26.592,11.9211100166385,63,63,63,63,61,63,0,7817,1.11627530284214,27,-88,0.001869,51,2025-05-15 17:37:32.001877,702,1.037,0.0011,"aoml_navis",1030.47037323035
"7901009",70,0,1,0.028035,1,0.005607,1,122.634408334153,1,4.85209860695525,704,1,7.38700008392334,34.8959999084473,0.0280349999666214,0,118.256301879883,-87.676,26.592,11.9211100166385,63,63,63,63,61,63,0,7817,1.11627530284214,27,-88,0.001869,51,2025-05-15 17:37:32.001877,704,1.037,0.0011,"aoml_navis",1030.48194297468
"7901009",70,0,1,0.028035,1,0.005607,1,122.882254990235,1,4.8520404211052,706,1,7.36100006103516,34.8950004577637,0.0280349999666214,0,118.495300292969,-87.676,26.592,11.9211100166385,63,63,63,63,61,63,0,7817,1.11627530284214,27,-88,0.001869,51,2025-05-15 17:37:32.001877,706,1.037,0.0011,"aoml_navis",1030.49430055265
"7901009",70,0,1,0.031773,1,0.009345,1,123.078666700548,1,4.85198672466987,708,1,7.34100008010864,34.8940010070801,0.0317730009555817,0,118.684700012207,-87.676,26.592,11.9211100166385,63,63,63,63,61,63,0,7817,1.11627530284214,27,-88,0.001869,51,2025-05-15 17:37:32.001877,708,1.037,0.0011,"aoml_navis",1030.50570492651
"7901009",70,0,1,0.029904,1,0.007476,1,123.271652579216,1,4.85193304306591,710,1,7.32100009918213,34.8930015563965,0.0299040004611015,0,118.870796203613,-87.676,26.592,11.9211100166385,63,63,63,63,61,63,0,7817,1.11627530284214,27,-88,0.001869,51,2025-05-15 17:37:32.001877,710,1.037,0.0011,"aoml_navis",1030.51710640271
"7901009",70,0,1,0.029904,1,0.007476,1,123.426171036513,1,4.85188533104195,712,1,7.30900001525879,34.8919982910156,0.0299040004611015,0,119.019798278809,-87.676,26.592,11.9211100166385,63,63,63,63,61,63,0,7817,1.11627530284214,27,-88,0.001869,51,2025-05-15 17:37:32.001877,712,1.037,0.0011,"aoml_navis",1030.52724020711
"7901009",70,0,1,0.029904,1,0.007476,1,123.642805438932,1,4.85183464116712,714,1,7.29300022125244,34.890998840332,0.0299040004611015,0,119.228698730469,-87.676,26.592,11.9211100166385,63,63,63,63,61,63,0,7817,1.11627530284214,27,-88,0.001869,51,2025-05-15 17:37:32.001877,714,1.037,0.0011,"aoml_navis",1030.53800671105
"7901009",70,0,1,0.028035,1,0.005607,1,123.860792767936,1,4.85177506465222,716,1,7.2649998664856,34.8899993896484,0.0280349999666214,0,119.438903808594,-87.676,26.592,11.9211100166385,63,63,63,63,61,63,0,7817,1.11627530284214,27,-88,0.001869,51,2025-05-15 17:37:32.001877,716,1.037,0.0011,"aoml_navis",1030.55066102047
"7901009",70,0,1,0.029904,1,0.007476,1,123.975688673562,1,4.85172516306126,718,1,7.25500011444092,34.8899993896484,0.0299040004611015,0,119.549697875977,-87.676,26.592,11.9211100166385,63,63,63,63,61,63,0,7817,1.11627530284214,27,-88,0.001869,51,2025-05-15 17:37:32.001877,718,1.037,0.0011,"aoml_navis",1030.56126057338
"7901009",70,0,1,0.033642,1,0.011214,1,124.128031371732,1,4.8516819074222,720,1,7.24900007247925,34.8889999389648,0.0336420014500618,0,119.696601867676,-87.676,26.592,11.9211100166385,63,63,63,63,61,63,0,7817,1.11627530284214,27,-88,0.001869,51,2025-05-15 17:37:32.001877,720,1.037,0.0011,"aoml_navis",1030.57044864192
"7901009",70,0,1,0.029904,1,0.007476,1,124.41103038346,1,4.8516297717708,722,1,7.23099994659424,34.8880004882812,0.0299040004611015,0,119.969497680664,-87.676,26.592,11.9211100166385,63,63,63,63,61,63,0,7817,1.11627530284214,27,-88,0.001869,51,2025-05-15 17:37:32.001877,722,1.037,0.0011,"aoml_navis",1030.58152316001
"7901009",70,0,1,0.026166,1,0.003738,1,124.75832901129,1,4.85156508438961,724,1,7.18599987030029,34.8849983215332,0.0261659994721413,0,120.304397583008,-87.676,26.592,11.9211100166385,63,63,63,63,61,63,0,7817,1.11627530284214,27,-88,0.001869,51,2025-05-15 17:37:32.001877,724,1.037,0.0011,"aoml_navis",1030.59526421443
"7901009",70,0,1,0.029904,1,0.007476,1,124.956607918526,1,4.85151151750065,726,1,7.16599988937378,34.8839988708496,0.0299040004611015,0,120.495597839355,-87.676,26.592,11.9211100166385,63,63,63,63,61,63,0,7817,1.11627530284214,27,-88,0.001869,51,2025-05-15 17:37:32.001877,726,1.037,0.0011,"aoml_navis",1030.60664330358
"7901009",70,0,1,0.031773,1,0.009345,1,125.13445842552,1,4.85146607037138,728,1,7.16200017929077,34.8839988708496,0.0317730009555817,0,120.667098999023,-87.676,26.592,11.9211100166385,63,63,63,63,61,63,0,7817,1.11627530284214,27,-88,0.001869,51,2025-05-15 17:37:32.001877,728,1.037,0.0011,"aoml_navis",1030.61629772817
"7901009",70,0,1,0.031773,1,0.009345,1,125.432600720774,1,4.85140442489361,730,1,7.13100004196167,34.882999420166,0.0317730009555817,0,120.954597473145,-87.676,26.592,11.9211100166385,63,63,63,63,61,63,0,7817,1.11627530284214,27,-88,0.001869,51,2025-05-15 17:37:32.001877,730,1.037,0.0011,"aoml_navis",1030.62939348942
"7901009",70,0,1,0.029904,1,0.007476,1,125.774092049697,1,4.85135163324403,732,1,7.11199998855591,34.8819999694824,0.0299040004611015,0,121.283897399902,-87.676,26.592,11.9211100166385,63,63,63,63,61,63,0,7817,1.11627530284214,27,-88,0.001869,51,2025-05-15 17:37:32.001877,732,1.037,0.0011,"aoml_navis",1030.64060863726
"7901009",70,0,1,0.031773,1,0.009345,1,126.101381605406,1,4.85129299638066,734,1,7.07999992370605,34.8800010681152,0.0317730009555817,0,121.599502563477,-87.676,26.592,11.9211100166385,63,63,63,63,61,63,0,7817,1.11627530284214,27,-88,0.001869,51,2025-05-15 17:37:32.001877,734,1.037,0.0011,"aoml_navis",1030.65306583838
"7901009",70,0,1,0.026166,1,0.003738,1,126.33885582434,1,4.85123069942767,736,1,7.05299997329712,34.8800010681152,0.0261659994721413,0,121.828498840332,-87.676,26.592,11.9211100166385,63,63,63,63,61,63,0,7817,1.11627530284214,27,-88,0.001869,51,2025-05-15 17:37:32.001877,736,1.037,0.0011,"aoml_navis",1030.66630094295
"7901009",70,0,1,0.031773,1,0.009345,1,126.618334062208,1,4.85118308589385,738,1,7.04099988937378,34.8790016174316,0.0317730009555817,0,122.097999572754,-87.676,26.592,11.9211100166385,63,63,63,63,61,63,0,7817,1.11627530284214,27,-88,0.001869,51,2025-05-15 17:37:32.001877,738,1.037,0.0011,"aoml_navis",1030.67641675674
"7901009",70,0,1,0.029904,1,0.007476,1,126.90579535811,1,4.85112153275982,740,1,7.01999998092651,34.8800010681152,0.0299040004611015,0,122.375198364258,-87.676,26.592,11.9211100166385,63,63,63,63,61,63,0,7817,1.11627530284214,27,-88,0.001869,51,2025-05-15 17:37:32.001877,740,1.037,0.0011,"aoml_navis",1030.68949442614
"7901009",70,0,1,0.031773,1,0.009345,1,127.030968758668,1,4.8510680891838,742,1,7,34.8790016174316,0.0317730009555817,0,122.495903015137,-87.676,26.592,11.9211100166385,63,63,63,63,61,63,0,7817,1.11627530284214,27,-88,0.001869,51,2025-05-15 17:37:32.001877,742,1.037,0.0011,"aoml_navis",1030.70084939609
"7901009",70,0,1,0.029904,1,0.007476,1,127.188596573555,1,4.85101462708438,744,1,6.9850001335144,34.8790016174316,0.0299040004611015,0,122.647903442383,-87.676,26.592,11.9211100166385,63,63,63,63,61,63,0,7817,1.11627530284214,27,-88,0.001869,51,2025-05-15 17:37:32.001877,744,1.037,0.0011,"aoml_navis",1030.71220855196
"7901009",70,0,1,0.031773,1,0.009345,1,127.278815414751,1,4.85096846732591,746,1,6.98000001907349,34.8790016174316,0.0317730009555817,0,122.734901428223,-87.676,26.592,11.9211100166385,63,63,63,63,61,63,0,7817,1.11627530284214,27,-88,0.001869,51,2025-05-15 17:37:32.001877,746,1.037,0.0011,"aoml_navis",1030.72201637217
"7901009",70,0,1,0.028035,1,0.005607,1,127.383243941011,1,4.850924498793,748,1,6.97800016403198,34.8790016174316,0.0280349999666214,0,122.835601806641,-87.676,26.592,11.9211100166385,63,63,63,63,61,63,0,7817,1.11627530284214,27,-88,0.001869,51,2025-05-15 17:37:32.001877,748,1.037,0.0011,"aoml_navis",1030.7313587841
"7901009",70,0,1,0.031773,1,0.009345,1,127.595313205189,1,4.85087911936304,750,1,6.9689998626709,34.8779983520508,0.0317730009555817,0,123.040100097656,-87.676,26.592,11.9211100166385,63,63,63,63,61,63,0,7817,1.11627530284214,27,-88,0.001869,51,2025-05-15 17:37:32.001877,750,1.037,0.0011,"aoml_navis",1030.74100116033
"7901009",70,0,1,0.031773,1,0.009345,1,127.773780836589,1,4.85082494432819,752,1,6.95300006866455,34.8779983520508,0.0317730009555817,0,123.212196350098,-87.676,26.592,11.9211100166385,63,63,63,63,61,63,0,7817,1.11627530284214,27,-88,0.001869,51,2025-05-15 17:37:32.001877,752,1.037,0.0011,"aoml_navis",1030.75251269297
"7901009",70,0,1,0.028035,1,0.005607,1,127.927682169479,1,4.85078247403298,754,1,6.94799995422363,34.8769989013672,0.0280349999666214,0,123.36060333252,-87.676,26.592,11.9211100166385,63,63,63,63,61,63,0,7817,1.11627530284214,27,-88,0.001869,51,2025-05-15 17:37:32.001877,754,1.037,0.0011,"aoml_navis",1030.76153729131
"7901009",70,0,1,0.029904,1,0.007476,1,128.159760505777,1,4.85073272021179,756,1,6.93300008773804,34.8759994506836,0.0299040004611015,0,123.584396362305,-87.676,26.592,11.9211100166385,63,63,63,63,61,63,0,7817,1.11627530284214,27,-88,0.001869,51,2025-05-15 17:37:32.001877,756,1.037,0.0011,"aoml_navis",1030.77210978174
"7901009",70,0,1,0.031773,1,0.009345,1,128.335743815847,1,4.85068147637084,758,1,6.9210000038147,34.8759994506836,0.0317730009555817,0,123.754096984863,-87.676,26.592,11.9211100166385,63,63,63,63,61,63,0,7817,1.11627530284214,27,-88,0.001869,51,2025-05-15 17:37:32.001877,758,1.037,0.0011,"aoml_navis",1030.78299912219
"7901009",70,0,1,0.035511,1,0.013083,1,128.559332735622,1,4.85063396338463,760,1,6.90399980545044,34.8740005493164,0.0355109982192516,0,123.969703674316,-87.676,26.592,11.9211100166385,63,63,63,63,61,63,0,7817,1.11627530284214,27,-88,0.001869,51,2025-05-15 17:37:32.001877,760,1.037,0.0011,"aoml_navis",1030.79309585981
"7901009",70,0,1,0.033642,1,0.011214,1,128.743085483739,1,4.85058932087099,762,1,6.89599990844727,34.8730010986328,0.0336420014500618,0,124.146896362305,-87.676,26.592,11.9211100166385,63,63,63,63,61,63,0,7817,1.11627530284214,27,-88,0.001869,51,2025-05-15 17:37:32.001877,762,1.037,0.0011,"aoml_navis",1030.80258278847
"7901009",70,0,1,0.031773,1,0.009345,1,129.005038970818,1,4.85054686138545,764,1,6.89099979400635,34.8720016479492,0.0317730009555817,0,124.39949798584,-87.676,26.592,11.9211100166385,63,63,63,63,61,63,0,7817,1.11627530284214,27,-88,0.001869,51,2025-05-15 17:37:32.001877,764,1.037,0.0011,"aoml_navis",1030.8116059664
"7901009",70,0,1,0.029904,1,0.007476,1,129.353374051177,1,4.8504978779083,766,1,6.8769998550415,34.8709983825684,0.0299040004611015,0,124.735397338867,-87.676,26.592,11.9211100166385,63,63,63,63,61,63,0,7817,1.11627530284214,27,-88,0.001869,51,2025-05-15 17:37:32.001877,766,1.037,0.0011,"aoml_navis",1030.82201577133
"7901009",70,0,1,0.033642,1,0.011214,1,129.789862979525,1,4.85044241063011,768,1,6.84899997711182,34.8689994812012,0.0336420014500618,0,125.156303405762,-87.676,26.592,11.9211100166385,63,63,63,63,61,63,0,7817,1.11627530284214,27,-88,0.001869,51,2025-05-15 17:37:32.001877,768,1.037,0.0011,"aoml_navis",1030.83380374584
"7901009",70,0,1,0.026166,1,0.003738,1,130.178429824111,1,4.85038197148364,770,1,6.80900001525879,34.8660011291504,0.0261659994721413,0,125.53099822998,-87.676,26.592,11.9211100166385,63,63,63,63,61,63,0,7817,1.11627530284214,27,-88,0.001869,51,2025-05-15 17:37:32.001877,770,1.037,0.0011,"aoml_navis",1030.84664865489
"7901009",70,0,1,0.029904,1,0.007476,1,130.388639803217,1,4.85032571950113,772,1,6.78999996185303,34.8660011291504,0.0299040004611015,0,125.733703613281,-87.676,26.592,11.9211100166385,63,63,63,63,61,63,0,7817,1.11627530284214,27,-88,0.001869,51,2025-05-15 17:37:32.001877,772,1.037,0.0011,"aoml_navis",1030.85860396903
"7901009",70,0,1,0.029904,1,0.007476,1,130.553831348015,1,4.85026948066864,774,1,6.77099990844727,34.8660011291504,0.0299040004611015,0,125.892997741699,-87.676,26.592,11.9211100166385,63,63,63,63,61,63,0,7817,1.11627530284214,27,-88,0.001869,51,2025-05-15 17:37:32.001877,774,1.037,0.0011,"aoml_navis",1030.87055676558
"7901009",70,0,1,0.029904,1,0.007476,1,130.591998119034,1,4.8502168615443,776,1,6.75699996948242,34.8660011291504,0.0299040004611015,0,125.929801940918,-87.676,26.592,11.9211100166385,63,63,63,63,61,63,0,7817,1.11627530284214,27,-88,0.001869,51,2025-05-15 17:37:32.001877,776,1.037,0.0011,"aoml_navis",1030.88174049356
"7901009",70,0,1,0.026166,1,0.003738,1,130.57831061616,1,4.85016705775681,778,1,6.7519998550415,34.867000579834,0.0261659994721413,0,125.916603088379,-87.676,26.592,11.9211100166385,63,63,63,63,61,63,0,7817,1.11627530284214,27,-88,0.001869,51,2025-05-15 17:37:32.001877,778,1.037,0.0011,"aoml_navis",1030.89232607021
"7901009",70,0,1,0.029904,1,0.007476,1,130.586807944534,1,4.85011141078937,780,1,6.74399995803833,34.8689994812012,0.0299040004611015,0,125.924797058105,-87.676,26.592,11.9211100166385,63,63,63,63,61,63,0,7817,1.11627530284214,27,-88,0.001869,51,2025-05-15 17:37:32.001877,780,1.037,0.0011,"aoml_navis",1030.90415384628
"7901009",70,0,1,0.028035,1,0.005607,1,130.690825054522,1,4.85006882532559,782,1,6.74900007247925,34.8699989318848,0.0280349999666214,0,126.025100708008,-87.676,26.592,11.9211100166385,63,63,63,63,61,63,0,7817,1.11627530284214,27,-88,0.001869,51,2025-05-15 17:37:32.001877,782,1.037,0.0011,"aoml_navis",1030.91320557999
"7901009",70,0,1,0.031773,1,0.009345,1,131.089558628122,1,4.85000739736105,784,1,6.73299980163574,34.8720016479492,0.0317730009555817,0,126.409599304199,-87.676,26.592,11.9211100166385,63,63,63,63,61,63,0,7817,1.11627530284214,27,-88,0.001869,51,2025-05-15 17:37:32.001877,784,1.037,0.0011,"aoml_navis",1030.92626265283
"7901009",70,0,1,0.026166,1,0.003738,1,131.454698480796,1,4.84994697001981,786,1,6.70300006866455,34.8709983825684,0.0261659994721413,0,126.761703491211,-87.676,26.592,11.9211100166385,63,63,63,63,61,63,0,7817,1.11627530284214,27,-88,0.001869,51,2025-05-15 17:37:32.001877,786,1.037,0.0011,"aoml_navis",1030.93910735679
"7901009",70,0,1,0.028035,1,0.005607,1,131.73946183538,1,4.84988431962737,788,1,6.67500019073486,34.8709983825684,0.0280349999666214,0,127.03630065918,-87.676,26.592,11.9211100166385,63,63,63,63,61,63,0,7817,1.11627530284214,27,-88,0.001869,51,2025-05-15 17:37:32.001877,788,1.037,0.0011,"aoml_navis",1030.95242494035
"7901009",70,0,1,0.029904,1,0.007476,1,131.938777195146,1,4.84982672225346,790,1,6.65399980545044,34.8709983825684,0.0299040004611015,0,127.228500366211,-87.676,26.592,11.9211100166385,63,63,63,63,61,63,0,7817,1.11627530284214,27,-88,0.001869,51,2025-05-15 17:37:32.001877,790,1.037,0.0011,"aoml_navis",1030.96466870816
"7901009",70,0,1,0.029904,1,0.007476,1,132.077843806714,1,4.84977476914065,792,1,6.64599990844727,34.8720016479492,0.0299040004611015,0,127.362602233887,-87.676,26.592,11.9211100166385,63,63,63,63,61,63,0,7817,1.11627530284214,27,-88,0.001869,51,2025-05-15 17:37:32.001877,792,1.037,0.0011,"aoml_navis",1030.97571289604
"7901009",70,0,1,0.029904,1,0.007476,1,132.251746299872,1,4.84973379762066,794,1,6.64300012588501,34.8709983825684,0.0299040004611015,0,127.530296325684,-87.676,26.592,11.9211100166385,63,63,63,63,61,63,0,7817,1.11627530284214,27,-88,0.001869,51,2025-05-15 17:37:32.001877,794,1.037,0.0011,"aoml_navis",1030.98442278483
"7901009",70,0,1,0.033642,1,0.011214,1,132.550830105441,1,4.8496833926595,796,1,6.63199996948242,34.8709983825684,0.0336420014500618,0,127.818702697754,-87.676,26.592,11.9211100166385,63,63,63,63,61,63,0,7817,1.11627530284214,27,-88,0.001869,51,2025-05-15 17:37:32.001877,796,1.037,0.0011,"aoml_navis",1030.99513827398
"7901009",70,0,1,0.033642,1,0.011214,1,132.881537580943,1,4.84962807552199,798,1,6.60900020599365,34.8699989318848,0.0336420014500618,0,128.137603759766,-87.676,26.592,11.9211100166385,63,63,63,63,61,63,0,7817,1.11627530284214,27,-88,0.001869,51,2025-05-15 17:37:32.001877,798,1.037,0.0011,"aoml_navis",1031.00689828917
"7901009",70,0,1,0.031773,1,0.009345,1,133.091834590413,1,4.84956827613799,800,1,6.59000015258789,34.8709983825684,0.0317730009555817,0,128.340393066406,-87.676,26.592,11.9211100166385,63,63,63,63,61,63,0,7817,1.11627530284214,27,-88,0.001869,51,2025-05-15 17:37:32.001877,800,1.037,0.0011,"aoml_navis",1031.01961149866
"7901009",70,0,1,0.029904,1,0.007476,1,133.197299569203,1,4.8495201429691,802,1,6.5770001411438,34.8699989318848,0.0299040004611015,0,128.442092895508,-87.676,26.592,11.9211100166385,63,63,63,63,61,63,0,7817,1.11627530284214,27,-88,0.001869,51,2025-05-15 17:37:32.001877,802,1.037,0.0011,"aoml_navis",1031.02984472578
"7901009",70,0,1,0.028035,1,0.005607,1,133.324965202944,1,4.84947619714411,804,1,6.57499980926514,34.8699989318848,0.0280349999666214,0,128.565200805664,-87.676,26.592,11.9211100166385,63,63,63,63,61,63,0,7817,1.11627530284214,27,-88,0.001869,51,2025-05-15 17:37:32.001877,804,1.037,0.0011,"aoml_navis",1031.03918789096
"7901009",70,0,1,0.031773,1,0.009345,1,133.486430265745,1,4.84943010833599,806,1,6.57000017166138,34.8699989318848,0.0317730009555817,0,128.720901489258,-87.676,26.592,11.9211100166385,63,63,63,63,61,63,0,7817,1.11627530284214,27,-88,0.001869,51,2025-05-15 17:37:32.001877,806,1.037,0.0011,"aoml_navis",1031.04898685006
"7901009",70,0,1,0.033642,1,0.011214,1,133.705762609483,1,4.84937687316048,808,1,6.55499982833862,34.8699989318848,0.0336420014500618,0,128.932403564453,-87.676,26.592,11.9211100166385,63,63,63,63,61,63,0,7817,1.11627530284214,27,-88,0.001869,51,2025-05-15 17:37:32.001877,808,1.037,0.0011,"aoml_navis",1031.06030543288
"7901009",70,0,1,0.029904,1,0.007476,1,133.909223779368,1,4.84932364626352,810,1,6.53999996185303,34.8699989318848,0.0299040004611015,0,129.128601074219,-87.676,26.592,11.9211100166385,63,63,63,63,61,63,0,7817,1.11627530284214,27,-88,0.001869,51,2025-05-15 17:37:32.001877,810,1.037,0.0011,"aoml_navis",1031.07162250401
"7901009",70,0,1,0.029904,1,0.007476,1,134.138920648402,1,4.84927827773997,812,1,6.53599977493286,34.8699989318848,0.0299040004611015,0,129.35009765625,-87.676,26.592,11.9211100166385,63,63,63,63,61,63,0,7817,1.11627530284214,27,-88,0.001869,51,2025-05-15 17:37:32.001877,812,1.037,0.0011,"aoml_navis",1031.0812689286
"7901009",70,0,1,0.029904,1,0.007476,1,134.516806493636,1,4.84923302364221,814,1,6.52699995040894,34.8689994812012,0.0299040004611015,0,129.714492797852,-87.676,26.592,11.9211100166385,63,63,63,63,61,63,0,7817,1.11627530284214,27,-88,0.001869,51,2025-05-15 17:37:32.001877,814,1.037,0.0011,"aoml_navis",1031.09089120336
"7901009",70,0,1,0.031773,1,0.009345,1,134.993732894347,1,4.84917125685953,816,1,6.5,34.8689994812012,0.0317730009555817,0,130.174392700195,-87.676,26.592,11.9211100166385,63,63,63,63,61,63,0,7817,1.11627530284214,27,-88,0.001869,51,2025-05-15 17:37:32.001877,816,1.037,0.0011,"aoml_navis",1031.1040248222
"7901009",70,0,1,0.028035,1,0.005607,1,135.601331432318,1,4.84911307612543,818,1,6.47800016403198,34.8689994812012,0.0280349999666214,0,130.760299682617,-87.676,26.592,11.9211100166385,63,63,63,63,61,63,0,7817,1.11627530284214,27,-88,0.001869,51,2025-05-15 17:37:32.001877,818,1.037,0.0011,"aoml_navis",1031.11639623697
"7901009",70,0,1,0.028035,1,0.005607,1,136.201461182595,1,4.84904212755612,820,1,6.43800020217896,34.8689994812012,0.0280349999666214,0,131.339004516602,-87.676,26.592,11.9211100166385,63,63,63,63,61,63,0,7817,1.11627530284214,27,-88,0.001869,51,2025-05-15 17:37:32.001877,820,1.037,0.0011,"aoml_navis",1031.13148297599
"7901009",70,0,1,0.028035,1,0.005607,1,136.5705332254,1,4.84897407793281,822,1,6.40199995040894,34.8689994812012,0.0280349999666214,0,131.694900512695,-87.676,26.592,11.9211100166385,63,63,63,63,61,63,0,7817,1.11627530284214,27,-88,0.001869,51,2025-05-15 17:37:32.001877,822,1.037,0.0011,"aoml_navis",1031.14595368833
"7901009",70,0,1,0.028035,1,0.005607,1,136.877069994961,1,4.84892801268967,824,1,6.39699983596802,34.8689994812012,0.0280349999666214,0,131.990493774414,-87.676,26.592,11.9211100166385,63,63,63,63,61,63,0,7817,1.11627530284214,27,-88,0.001869,51,2025-05-15 17:37:32.001877,824,1.037,0.0011,"aoml_navis",1031.15574966569
"7901009",70,0,1,0.031773,1,0.009345,1,137.438827266083,1,4.8488778448322,826,1,6.38100004196167,34.8680000305176,0.0317730009555817,0,132.532196044922,-87.676,26.592,11.9211100166385,63,63,63,63,61,63,0,7817,1.11627530284214,27,-88,0.001869,51,2025-05-15 17:37:32.001877,826,1.037,0.0011,"aoml_navis",1031.16641829385
"7901009",70,0,1,0.031773,1,0.009345,1,137.918348754043,1,4.84880124954358,828,1,6.33799982070923,34.8689994812012,0.0317730009555817,0,132.994598388672,-87.676,26.592,11.9211100166385,63,63,63,63,61,63,0,7817,1.11627530284214,27,-88,0.001869,51,2025-05-15 17:37:32.001877,828,1.037,0.0011,"aoml_navis",1031.1827073693
"7901009",70,0,1,0.026166,1,0.003738,1,138.249886973939,1,4.84874884401704,830,1,6.32399988174438,34.8689994812012,0.0261659994721413,0,133.314300537109,-87.676,26.592,11.9211100166385,63,63,63,63,61,63,0,7817,1.11627530284214,27,-88,0.001869,51,2025-05-15 17:37:32.001877,830,1.037,0.0011,"aoml_navis",1031.19385244496
"7901009",70,0,1,0.031773,1,0.009345,1,138.601742828159,1,4.84870224235466,832,1,6.31300020217896,34.8680000305176,0.0317730009555817,0,133.653594970703,-87.676,26.592,11.9211100166385,63,63,63,63,61,63,0,7817,1.11627530284214,27,-88,0.001869,51,2025-05-15 17:37:32.001877,832,1.037,0.0011,"aoml_navis",1031.20376341606
"7901009",70,0,1,0.029904,1,0.007476,1,139.145556020369,1,4.84864423044746,833.900024414062,1,6.28800010681152,34.8680000305176,0.0299040004611015,0,134.177993774414,-87.676,26.592,11.9211100166385,63,63,63,63,61,63,0,7817,1.11627530284214,27,-88,0.001869,51,2025-05-15 17:37:32.001877,833.900024414062,1.037,0.0011,"aoml_navis",1031.21610131799
"7901009",70,0,1,0.031773,1,0.009345,1,139.494927553258,1,4.84857760491864,836,1,6.26200008392334,34.8689994812012,0.0317730009555817,0,134.514892578125,-87.676,26.592,11.9211100166385,63,63,63,63,61,63,0,7817,1.11627530284214,27,-88,0.001869,51,2025-05-15 17:37:32.001877,836,1.037,0.0011,"aoml_navis",1031.23027151875
"7901009",70,0,1,0.029904,1,0.007476,1,139.797540044538,1,4.84852313039083,838,1,6.24499988555908,34.8689994812012,0.0299040004611015,0,134.806701660156,-87.676,26.592,11.9211100166385,63,63,63,63,61,63,0,7817,1.11627530284214,27,-88,0.001869,51,2025-05-15 17:37:32.001877,838,1.037,0.0011,"aoml_navis",1031.24185768233
"7901009",70,0,1,0.029904,1,0.007476,1,140.041446598637,1,4.84847147228233,840,1,6.23199987411499,34.8689994812012,0.0299040004611015,0,135.041900634766,-87.676,26.592,11.9211100166385,63,63,63,63,61,63,0,7817,1.11627530284214,27,-88,0.001869,51,2025-05-15 17:37:32.001877,840,1.037,0.0011,"aoml_navis",1031.25284506342
"7901009",70,0,1,0.028035,1,0.005607,1,140.360325856338,1,4.84842475133046,841.900024414062,1,6.22300004959106,34.8689994812012,0.0280349999666214,0,135.349395751953,-87.676,26.592,11.9211100166385,63,63,63,63,61,63,0,7817,1.11627530284214,27,-88,0.001869,51,2025-05-15 17:37:32.001877,841.900024414062,1.037,0.0011,"aoml_navis",1031.26278254147
"7901009",70,0,1,0.028035,1,0.005607,1,140.763213151908,1,4.84837167792755,844,1,6.21099996566772,34.8689994812012,0.0280349999666214,0,135.737899780273,-87.676,26.592,11.9211100166385,63,63,63,63,61,63,0,7817,1.11627530284214,27,-88,0.001869,51,2025-05-15 17:37:32.001877,844,1.037,0.0011,"aoml_navis",1031.27407140891
"7901009",70,0,1,0.031773,1,0.009345,1,141.158220243512,1,4.84831005026632,846,1,6.18900012969971,34.8699989318848,0.0317730009555817,0,136.118804931641,-87.676,26.592,11.9211100166385,63,63,63,63,61,63,0,7817,1.11627530284214,27,-88,0.001869,51,2025-05-15 17:37:32.001877,846,1.037,0.0011,"aoml_navis",1031.28718010214
"7901009",70,0,1,0.029904,1,0.007476,1,141.434581211939,1,4.84825631888686,848,1,6.1729998588562,34.8699989318848,0.0299040004611015,0,136.385299682617,-87.676,26.592,11.9211100166385,63,63,63,63,61,63,0,7817,1.11627530284214,27,-88,0.001869,51,2025-05-15 17:37:32.001877,848,1.037,0.0011,"aoml_navis",1031.29860946543
"7901009",70,0,1,0.031773,1,0.009345,1,141.744551724995,1,4.84820609181362,850,1,6.16200017929077,34.8699989318848,0.0317730009555817,0,136.684204101562,-87.676,26.592,11.9211100166385,63,63,63,63,61,63,0,7817,1.11627530284214,27,-88,0.001869,51,2025-05-15 17:37:32.001877,850,1.037,0.0011,"aoml_navis",1031.3092936463
"7901009",70,0,1,0.033642,1,0.011214,1,142.159037794677,1,4.84815307402909,852,1,6.14699983596802,34.8699989318848,0.0336420014500618,0,137.083892822266,-87.676,26.592,11.9211100166385,63,63,63,63,61,63,0,7817,1.11627530284214,27,-88,0.001869,51,2025-05-15 17:37:32.001877,852,1.037,0.0011,"aoml_navis",1031.32057170066
"7901009",70,0,1,0.028035,1,0.005607,1,142.580597059485,1,4.84810355511817,854,1,6.13700008392334,34.8699989318848,0.0280349999666214,0,137.49040222168,-87.676,26.592,11.9211100166385,63,63,63,63,61,63,0,7817,1.11627530284214,27,-88,0.001869,51,2025-05-15 17:37:32.001877,854,1.037,0.0011,"aoml_navis",1031.33110569007
"7901009",70,0,1,0.033642,1,0.011214,1,143.127416755216,1,4.84804427340774,856,1,6.11299991607666,34.8699989318848,0.0336420014500618,0,138.017700195312,-87.676,26.592,11.9211100166385,63,63,63,63,61,63,0,7817,1.11627530284214,27,-88,0.001869,51,2025-05-15 17:37:32.001877,856,1.037,0.0011,"aoml_navis",1031.34371676962
"7901009",70,0,1,0.029904,1,0.007476,1,143.590861361188,1,4.8479785461348,858,1,6.08500003814697,34.8709983825684,0.0299040004611015,0,138.464599609375,-87.676,26.592,11.9211100166385,63,63,63,63,61,63,0,7817,1.11627530284214,27,-88,0.001869,51,2025-05-15 17:37:32.001877,858,1.037,0.0011,"aoml_navis",1031.35769938306
"7901009",70,0,1,0.028035,1,0.005607,1,143.98233976708,1,4.8479234832665,860,1,6.06699991226196,34.8709983825684,0.0280349999666214,0,138.842102050781,-87.676,26.592,11.9211100166385,63,63,63,63,61,63,0,7817,1.11627530284214,27,-88,0.001869,51,2025-05-15 17:37:32.001877,860,1.037,0.0011,"aoml_navis",1031.36941357644
"7901009",70,0,1,0.026166,1,0.003738,1,144.291883040162,1,4.84786704298593,862,1,6.04699993133545,34.8709983825684,0.0261659994721413,0,139.140594482422,-87.676,26.592,11.9211100166385,63,63,63,63,61,63,0,7817,1.11627530284214,27,-88,0.001869,51,2025-05-15 17:37:32.001877,862,1.037,0.0011,"aoml_navis",1031.38142107964
"7901009",70,0,1,0.031773,1,0.009345,1,144.536311776451,1,4.84781108347217,864,1,6.03299999237061,34.8720016479492,0.0317730009555817,0,139.37629699707,-87.676,26.592,11.9211100166385,63,63,63,63,61,63,0,7817,1.11627530284214,27,-88,0.001869,51,2025-05-15 17:37:32.001877,864,1.037,0.0011,"aoml_navis",1031.39332657716
"7901009",70,0,1,0.028035,1,0.005607,1,144.8168343787,1,4.8477602151859,866,1,6.02099990844727,34.8720016479492,0.0280349999666214,0,139.64680480957,-87.676,26.592,11.9211100166385,63,63,63,63,61,63,0,7817,1.11627530284214,27,-88,0.001869,51,2025-05-15 17:37:32.001877,866,1.037,0.0011,"aoml_navis",1031.40414914442
"7901009",70,0,1,0.028035,1,0.005607,1,145.123988272668,1,4.84770935194236,868,1,6.00899982452393,34.8720016479492,0.0280349999666214,0,139.942993164062,-87.676,26.592,11.9211100166385,63,63,63,63,61,63,0,7817,1.11627530284214,27,-88,0.001869,51,2025-05-15 17:37:32.001877,868,1.037,0.0011,"aoml_navis",1031.4149708659
"7901009",70,0,1,0.026166,1,0.003738,1,145.338557681879,1,4.84765780097347,870,1,5.99599981307983,34.8720016479492,0.0261659994721413,0,140.14990234375,-87.676,26.592,11.9211100166385,63,63,63,63,61,63,0,7817,1.11627530284214,27,-88,0.001869,51,2025-05-15 17:37:32.001877,870,1.037,0.0011,"aoml_navis",1031.42593914033
"7901009",70,0,1,0.028035,1,0.005607,1,145.552177668926,1,4.84760764090899,872,1,5.9850001335144,34.8720016479492,0.0280349999666214,0,140.355895996094,-87.676,26.592,11.9211100166385,63,63,63,63,61,63,0,7817,1.11627530284214,27,-88,0.001869,51,2025-05-15 17:37:32.001877,872,1.037,0.0011,"aoml_navis",1031.43661170202
"7901009",70,0,1,0.029904,1,0.007476,1,145.727963182711,1,4.8475588689689,874,1,5.97599983215332,34.8720016479492,0.0299040004611015,0,140.525405883789,-87.676,26.592,11.9211100166385,63,63,63,63,61,63,0,7817,1.11627530284214,27,-88,0.001869,51,2025-05-15 17:37:32.001877,874,1.037,0.0011,"aoml_navis",1031.44698912414
"7901009",70,0,1,0.028035,1,0.005607,1,145.988563743205,1,4.84750802500586,876,1,5.96400022506714,34.8720016479492,0.0280349999666214,0,140.776702880859,-87.676,26.592,11.9211100166385,63,63,63,63,61,63,0,7817,1.11627530284214,27,-88,0.001869,51,2025-05-15 17:37:32.001877,876,1.037,0.0011,"aoml_navis",1031.45780764209
"7901009",70,0,1,0.029904,1,0.007476,1,146.140075696981,1,4.84745488540412,878,1,5.9539999961853,34.8730010986328,0.0299040004611015,0,140.922805786133,-87.676,26.592,11.9211100166385,63,63,63,63,61,63,0,7817,1.11627530284214,27,-88,0.001869,51,2025-05-15 17:37:32.001877,878,1.037,0.0011,"aoml_navis",1031.46911486587
"7901009",70,0,1,0.031773,1,0.009345,1,146.301113519809,1,4.84740888919668,880,1,5.94899988174438,34.8730010986328,0.0317730009555817,0,141.078094482422,-87.676,26.592,11.9211100166385,63,63,63,63,61,63,0,7817,1.11627530284214,27,-88,0.001869,51,2025-05-15 17:37:32.001877,880,1.037,0.0011,"aoml_navis",1031.47890229425
"7901009",70,0,1,0.033642,1,0.011214,1,146.428779153549,1,4.84736496937485,882,1,5.94700002670288,34.8730010986328,0.0336420014500618,0,141.201202392578,-87.676,26.592,11.9211100166385,63,63,63,63,61,63,0,7817,1.11627530284214,27,-88,0.001869,51,2025-05-15 17:37:32.001877,882,1.037,0.0011,"aoml_navis",1031.48824806663
"7901009",70,0,1,0.031773,1,0.009345,1,146.789243102062,1,4.84731897667893,884,1,5.94199991226196,34.8730010986328,0.0317730009555817,0,141.548797607422,-87.676,26.592,11.9211100166385,63,63,63,63,61,63,0,7817,1.11627530284214,27,-88,0.001869,51,2025-05-15 17:37:32.001877,884,1.037,0.0011,"aoml_navis",1031.49803511088
"7901009",70,0,1,0.029904,1,0.007476,1,147.190880325115,1,4.84725548438196,886,1,5.91699981689453,34.8740005493164,0.0299040004611015,0,141.936096191406,-87.676,26.592,11.9211100166385,63,63,63,63,61,63,0,7817,1.11627530284214,27,-88,0.001869,51,2025-05-15 17:37:32.001877,886,1.037,0.0011,"aoml_navis",1031.51154629876
"7901009",70,0,1,0.029904,1,0.007476,1,147.406589040924,1,4.84720121577823,888,1,5.90000009536743,34.8740005493164,0.0299040004611015,0,142.144104003906,-87.676,26.592,11.9211100166385,63,63,63,63,61,63,0,7817,1.11627530284214,27,-88,0.001869,51,2025-05-15 17:37:32.001877,888,1.037,0.0011,"aoml_navis",1031.52309496135
"7901009",70,0,1,0.031773,1,0.009345,1,147.634529478954,1,4.84715454073837,890,1,5.89400005340576,34.8740005493164,0.0317730009555817,0,142.363906860352,-87.676,26.592,11.9211100166385,63,63,63,63,61,63,0,7817,1.11627530284214,27,-88,0.001869,51,2025-05-15 17:37:32.001877,890,1.037,0.0011,"aoml_navis",1031.53302787791
"7901009",70,0,1,0.031773,1,0.009345,1,147.916080621882,1,4.84709935896918,892,1,5.88100004196167,34.875,0.0317730009555817,0,142.635406494141,-87.676,26.592,11.9211100166385,63,63,63,63,61,63,0,7817,1.11627530284214,27,-88,0.001869,51,2025-05-15 17:37:32.001877,892,1.037,0.0011,"aoml_navis",1031.54477135854
"7901009",70,0,4,0.024297,1,0.001869,1,148.195242385695,1,4.84704648862491,894,1,5.86600017547607,34.875,0.0242970008403063,0,142.904602050781,-87.676,26.592,11.9211100166385,63,63,63,63,61,63,0,7817,1.11627530284214,27,-88,0.001869,51,2025-05-15 17:37:32.001877,894,1.037,0.0011,"aoml_navis",1031.55602318526
"7901009",70,0,1,0.033642,1,0.011214,1,148.371328549832,1,4.84700188711008,896,1,5.86299991607666,34.875,0.0336420014500618,0,143.074401855469,-87.676,26.592,11.9211100166385,63,63,63,63,61,63,0,7817,1.11627530284214,27,-88,0.001869,51,2025-05-15 17:37:32.001877,896,1.037,0.0011,"aoml_navis",1031.56551543683
"7901009",70,0,1,0.029904,1,0.007476,1,148.601642543274,1,4.84695522144846,898,1,5.85699987411499,34.875,0.0299040004611015,0,143.296493530273,-87.676,26.592,11.9211100166385,63,63,63,63,61,63,0,7817,1.11627530284214,27,-88,0.001869,51,2025-05-15 17:37:32.001877,898,1.037,0.0011,"aoml_navis",1031.5754471744
"7901009",70,0,1,0.026166,1,0.003738,1,148.974259095494,1,4.84690580426866,900,1,5.84700012207031,34.875,0.0261659994721413,0,143.655807495117,-87.676,26.592,11.9211100166385,63,63,63,63,61,63,0,7817,1.11627530284214,27,-88,0.001869,51,2025-05-15 17:37:32.001877,900,1.037,0.0011,"aoml_navis",1031.58596471929
"7901009",70,0,1,0.029904,1,0.007476,1,149.530398952142,1,4.84684514253034,902,1,5.82600021362305,34.8759994506836,0.0299040004611015,0,144.192092895508,-87.676,26.592,11.9211100166385,63,63,63,63,61,63,0,7817,1.11627530284214,27,-88,0.001869,51,2025-05-15 17:37:32.001877,902,1.037,0.0011,"aoml_navis",1031.59887575647
"7901009",70,0,1,0.029904,1,0.007476,1,150.079813735123,1,4.84678337430421,904,1,5.7979998588562,34.8759994506836,0.0299040004611015,0,144.721893310547,-87.676,26.592,11.9211100166385,63,63,63,63,61,63,0,7817,1.11627530284214,27,-88,0.001869,51,2025-05-15 17:37:32.001877,904,1.037,0.0011,"aoml_navis",1031.61202262682
"7901009",70,0,1,0.028035,1,0.005607,1,150.727446241038,1,4.84672275082565,906,1,5.77699995040894,34.8769989013672,0.0280349999666214,0,145.346405029297,-87.676,26.592,11.9211100166385,63,63,63,63,61,63,0,7817,1.11627530284214,27,-88,0.001869,51,2025-05-15 17:37:32.001877,906,1.037,0.0011,"aoml_navis",1031.62492617269
"7901009",70,0,1,0.028035,1,0.005607,1,151.295105753283,1,4.84665324787785,908,1,5.74300003051758,34.8779983520508,0.0280349999666214,0,145.893798828125,-87.676,26.592,11.9211100166385,63,63,63,63,61,63,0,7817,1.11627530284214,27,-88,0.001869,51,2025-05-15 17:37:32.001877,908,1.037,0.0011,"aoml_navis",1031.63972008711
"7901009",70,0,1,0.024297,1,0.001869,1,151.655886175851,1,4.84660318431419,910,1,5.73199987411499,34.8779983520508,0.0242970008403063,0,146.24169921875,-87.676,26.592,11.9211100166385,63,63,63,63,61,63,0,7817,1.11627530284214,27,-88,0.001869,51,2025-05-15 17:37:32.001877,910,1.037,0.0011,"aoml_navis",1031.65037653222
"7901009",70,0,1,0.029904,1,0.007476,1,152.118302241144,1,4.84655244183886,912,1,5.71999979019165,34.8779983520508,0.0299040004611015,0,146.687606811523,-87.676,26.592,11.9211100166385,63,63,63,63,61,63,0,7817,1.11627530284214,27,-88,0.001869,51,2025-05-15 17:37:32.001877,912,1.037,0.0011,"aoml_navis",1031.66117771397
"7901009",70,0,1,0.029904,1,0.007476,1,152.598235145376,1,4.84647863251293,914,1,5.68499994277954,34.8800010681152,0.0299040004611015,0,147.150405883789,-87.676,26.592,11.9211100166385,63,63,63,63,61,63,0,7817,1.11627530284214,27,-88,0.001869,51,2025-05-15 17:37:32.001877,914,1.037,0.0011,"aoml_navis",1031.67688937225
"7901009",70,0,1,0.033642,1,0.011214,1,152.727435678282,1,4.84642450390547,916,1,5.66800022125244,34.8800010681152,0.0336420014500618,0,147.274993896484,-87.676,26.592,11.9211100166385,63,63,63,63,61,63,0,7817,1.11627530284214,27,-88,0.001869,51,2025-05-15 17:37:32.001877,916,1.037,0.0011,"aoml_navis",1031.6884119356
"7901009",70,0,1,0.029904,1,0.007476,1,152.866193727646,1,4.84637855324504,918,1,5.66300010681152,34.8800010681152,0.0299040004611015,0,147.408798217773,-87.676,26.592,11.9211100166385,63,63,63,63,61,63,0,7817,1.11627530284214,27,-88,0.001869,51,2025-05-15 17:37:32.001877,918,1.037,0.0011,"aoml_navis",1031.69819383013
"7901009",70,0,1,0.028035,1,0.005607,1,153.104403748757,1,4.84632647838388,920,1,5.64900016784668,34.8800010681152,0.0280349999666214,0,147.63850402832,-87.676,26.592,11.9211100166385,63,63,63,63,61,63,0,7817,1.11627530284214,27,-88,0.001869,51,2025-05-15 17:37:32.001877,920,1.037,0.0011,"aoml_navis",1031.70927965781
"7901009",70,0,1,0.029904,1,0.007476,1,153.489552673551,1,4.84626460904801,922,1,5.62599992752075,34.8810005187988,0.0299040004611015,0,148.009902954102,-87.676,26.592,11.9211100166385,63,63,63,63,61,63,0,7817,1.11627530284214,27,-88,0.001869,51,2025-05-15 17:37:32.001877,922,1.037,0.0011,"aoml_navis",1031.72245086762
"7901009",70,0,1,0.028035,1,0.005607,1,153.773065955619,1,4.84619161465186,924,1,5.59200000762939,34.882999420166,0.0280349999666214,0,148.283294677734,-87.676,26.592,11.9211100166385,63,63,63,63,61,63,0,7817,1.11627530284214,27,-88,0.001869,51,2025-05-15 17:37:32.001877,924,1.037,0.0011,"aoml_navis",1031.73799089642
"7901009",70,0,1,0.026166,1,0.003738,1,153.891712078795,1,4.84614160746596,926,1,5.58099985122681,34.882999420166,0.0261659994721413,0,148.397705078125,-87.676,26.592,11.9211100166385,63,63,63,63,61,63,0,7817,1.11627530284214,27,-88,0.001869,51,2025-05-15 17:37:32.001877,926,1.037,0.0011,"aoml_navis",1031.74863736895
"7901009",70,0,1,0.031773,1,0.009345,1,154.022479158273,1,4.84609499186328,928,1,5.57499980926514,34.882999420166,0.0317730009555817,0,148.523803710938,-87.676,26.592,11.9211100166385,63,63,63,63,61,63,0,7817,1.11627530284214,27,-88,0.001869,51,2025-05-15 17:37:32.001877,928,1.037,0.0011,"aoml_navis",1031.75856197518
"7901009",70,0,1,0.026166,1,0.003738,1,154.209657738034,1,4.84604266258266,930,1,5.56599998474121,34.8839988708496,0.0261659994721413,0,148.704299926758,-87.676,26.592,11.9211100166385,63,63,63,63,61,63,0,7817,1.11627530284214,27,-88,0.001869,51,2025-05-15 17:37:32.001877,930,1.037,0.0011,"aoml_navis",1031.76970326862
"7901009",70,0,1,0.029904,1,0.007476,1,154.361786816217,1,4.84599537414616,932,1,5.55900001525879,34.8839988708496,0.0299040004611015,0,148.850997924805,-87.676,26.592,11.9211100166385,63,63,63,63,61,63,0,7817,1.11627530284214,27,-88,0.001869,51,2025-05-15 17:37:32.001877,932,1.037,0.0011,"aoml_navis",1031.77977153579
"7901009",70,0,1,0.031773,1,0.009345,1,154.606009844371,1,4.84594605689957,934,1,5.54899978637695,34.8839988708496,0.0317730009555817,0,149.086502075195,-87.676,26.592,11.9211100166385,63,63,63,63,61,63,0,7817,1.11627530284214,27,-88,0.001869,51,2025-05-15 17:37:32.001877,934,1.037,0.0011,"aoml_navis",1031.79027196993
"7901009",70,0,1,0.028035,1,0.005607,1,154.748075047608,1,4.84589539061315,936,1,5.53700017929077,34.8839988708496,0.0280349999666214,0,149.223495483398,-87.676,26.592,11.9211100166385,63,63,63,63,61,63,0,7817,1.11627530284214,27,-88,0.001869,51,2025-05-15 17:37:32.001877,936,1.037,0.0011,"aoml_navis",1031.8010598589
"7901009",70,0,1,0.026166,1,0.003738,1,154.944383903853,1,4.84584743350196,938,1,5.52899980545044,34.8839988708496,0.0261659994721413,0,149.412796020508,-87.676,26.592,11.9211100166385,63,63,63,63,61,63,0,7817,1.11627530284214,27,-88,0.001869,51,2025-05-15 17:37:32.001877,938,1.037,0.0011,"aoml_navis",1031.81127111685
"7901009",70,0,1,0.026166,1,0.003738,1,155.115074185354,1,4.8457957958916,940,1,5.52099990844727,34.8849983215332,0.0261659994721413,0,149.577392578125,-87.676,26.592,11.9211100166385,63,63,63,63,61,63,0,7817,1.11627530284214,27,-88,0.001869,51,2025-05-15 17:37:32.001877,940,1.037,0.0011,"aoml_navis",1031.82226627031
"7901009",70,0,1,0.029904,1,0.007476,1,155.271570605494,1,4.84575054835325,942,1,5.51700019836426,34.8849983215332,0.0299040004611015,0,149.728302001953,-87.676,26.592,11.9211100166385,63,63,63,63,61,63,0,7817,1.11627530284214,27,-88,0.001869,51,2025-05-15 17:37:32.001877,942,1.037,0.0011,"aoml_navis",1031.83190098367
"7901009",70,0,1,0.026166,1,0.003738,1,155.48011118396,1,4.84570057095943,944,1,5.50600004196167,34.8849983215332,0.0261659994721413,0,149.929397583008,-87.676,26.592,11.9211100166385,63,63,63,63,61,63,0,7817,1.11627530284214,27,-88,0.001869,51,2025-05-15 17:37:32.001877,944,1.037,0.0011,"aoml_navis",1031.84254305049
"7901009",70,0,1,0.029904,1,0.007476,1,155.726517883093,1,4.84564487469909,946,1,5.49200010299683,34.8860015869141,0.0299040004611015,0,150.167007446289,-87.676,26.592,11.9211100166385,63,63,63,63,61,63,0,7817,1.11627530284214,27,-88,0.001869,51,2025-05-15 17:37:32.001877,946,1.037,0.0011,"aoml_navis",1031.85440313772
"7901009",70,0,1,0.028035,1,0.005607,1,155.844214584104,1,4.84559760691777,948,1,5.4850001335144,34.8860015869141,0.0280349999666214,0,150.280502319336,-87.676,26.592,11.9211100166385,63,63,63,63,61,63,0,7817,1.11627530284214,27,-88,0.001869,51,2025-05-15 17:37:32.001877,948,1.037,0.0011,"aoml_navis",1031.86446865951
"7901009",70,0,1,0.033642,1,0.011214,1,155.856351364109,1,4.84555101626347,950,1,5.47900009155273,34.8860015869141,0.0336420014500618,0,150.292205810547,-87.676,26.592,11.9211100166385,63,63,63,63,61,63,0,7817,1.11627530284214,27,-88,0.001869,51,2025-05-15 17:37:32.001877,950,1.037,0.0011,"aoml_navis",1031.87439018145
"7901009",70,0,1,0.028035,1,0.005607,1,155.916180784185,1,4.845509152929,952,1,5.48000001907349,34.8860015869141,0.0280349999666214,0,150.349899291992,-87.676,26.592,11.9211100166385,63,63,63,63,61,63,0,7817,1.11627530284214,27,-88,0.001869,51,2025-05-15 17:37:32.001877,952,1.037,0.0011,"aoml_navis",1031.88330517911
"7901009",70,0,1,0.029904,1,0.007476,1,155.978921765565,1,4.84546391574856,954,1,5.47599983215332,34.8860015869141,0.0299040004611015,0,150.410400390625,-87.676,26.592,11.9211100166385,63,63,63,63,61,63,0,7817,1.11627530284214,27,-88,0.001869,51,2025-05-15 17:37:32.001877,954,1.037,0.0011,"aoml_navis",1031.89293882659
"7901009",70,0,1,0.029904,1,0.007476,1,156.04756498807,1,4.84541935584929,956,1,5.47300004959106,34.8860015869141,0.0299040004611015,0,150.476593017578,-87.676,26.592,11.9211100166385,63,63,63,63,61,63,0,7817,1.11627530284214,27,-88,0.001869,51,2025-05-15 17:37:32.001877,956,1.037,0.0011,"aoml_navis",1031.90242841708
"7901009",70,0,1,0.029904,1,0.007476,1,156.10782164812,1,4.84537749925287,958,1,5.47399997711182,34.8860015869141,0.0299040004611015,0,150.534698486328,-87.676,26.592,11.9211100166385,63,63,63,63,61,63,0,7817,1.11627530284214,27,-88,0.001869,51,2025-05-15 17:37:32.001877,958,1.037,0.0011,"aoml_navis",1031.91134246423
"7901009",70,0,1,0.029904,1,0.007476,1,156.201577086879,1,4.84533361870317,960,1,5.47200012207031,34.8860015869141,0.0299040004611015,0,150.625106811523,-87.676,26.592,11.9211100166385,63,63,63,63,61,63,0,7817,1.11627530284214,27,-88,0.001869,51,2025-05-15 17:37:32.001877,960,1.037,0.0011,"aoml_navis",1031.92068771071
"7901009",70,0,1,0.031773,1,0.009345,1,156.301124000843,1,4.84528771299272,962,1,5.46700000762939,34.8860015869141,0.0317730009555817,0,150.721099853516,-87.676,26.592,11.9211100166385,63,63,63,63,61,63,0,7817,1.11627530284214,27,-88,0.001869,51,2025-05-15 17:37:32.001877,962,1.037,0.0011,"aoml_navis",1031.93046443711
"7901009",70,0,1,0.026166,1,0.003738,1,156.497543623006,1,4.84524113364819,964,1,5.46099996566772,34.8860015869141,0.0261659994721413,0,150.910507202148,-87.676,26.592,11.9211100166385,63,63,63,63,61,63,0,7817,1.11627530284214,27,-88,0.001869,51,2025-05-15 17:37:32.001877,964,1.037,0.0011,"aoml_navis",1031.94038481946
"7901009",70,0,1,0.029904,1,0.007476,1,156.684405728713,1,4.8451972582608,966,1,5.45900011062622,34.8860015869141,0.0299040004611015,0,151.090698242188,-87.676,26.592,11.9211100166385,63,63,63,63,61,63,0,7817,1.11627530284214,27,-88,0.001869,51,2025-05-15 17:37:32.001877,966,1.037,0.0011,"aoml_navis",1031.94972949249
"7901009",70,0,1,0.029904,1,0.007476,1,156.99426547585,1,4.8451533845012,968,1,5.45699977874756,34.8860015869141,0.0299040004611015,0,151.389495849609,-87.676,26.592,11.9211100166385,63,63,63,63,61,63,0,7817,1.11627530284214,27,-88,0.001869,51,2025-05-15 17:37:32.001877,968,1.037,0.0011,"aoml_navis",1031.95907398807
"7901009",70,0,1,0.026166,1,0.003738,1,157.623637428797,1,4.84510816168399,970,1,5.45300006866455,34.8860015869141,0.0261659994721413,0,151.996398925781,-87.676,26.592,11.9211100166385,63,63,63,63,61,63,0,7817,1.11627530284214,27,-88,0.001869,51,2025-05-15 17:37:32.001877,970,1.037,0.0011,"aoml_navis",1031.96870599111
"7901009",70,0,1,0.028035,1,0.005607,1,158.084692655655,1,4.84505115375957,972,1,5.43699979782104,34.8870010375977,0.0280349999666214,0,152.440994262695,-87.676,26.592,11.9211100166385,63,63,63,63,61,63,0,7817,1.11627530284214,27,-88,0.001869,51,2025-05-15 17:37:32.001877,972,1.037,0.0011,"aoml_navis",1031.98084835909
"7901009",70,0,1,0.031773,1,0.009345,1,158.575623033294,1,4.84500458461981,974,1,5.43100023269653,34.8870010375977,0.0317730009555817,0,152.914398193359,-87.676,26.592,11.9211100166385,63,63,63,63,61,63,0,7817,1.11627530284214,27,-88,0.001869,51,2025-05-15 17:37:32.001877,974,1.037,0.0011,"aoml_navis",1031.99076753657
"7901009",70,0,1,0.026166,1,0.003738,1,159.047264317287,1,4.84495329428201,976,1,5.41800022125244,34.8870010375977,0.0261659994721413,0,153.369201660156,-87.676,26.592,11.9211100166385,63,63,63,63,61,63,0,7817,1.11627530284214,27,-88,0.001869,51,2025-05-15 17:37:32.001877,976,1.037,0.0011,"aoml_navis",1032.00169254489
"7901009",70,0,1,0.029904,1,0.007476,1,159.459266065638,1,4.84490066151964,978,1,5.40299987792969,34.8870010375977,0.0299040004611015,0,153.766494750977,-87.676,26.592,11.9211100166385,63,63,63,63,61,63,0,7817,1.11627530284214,27,-88,0.001869,51,2025-05-15 17:37:32.001877,978,1.037,0.0011,"aoml_navis",1032.01290373448
"7901009",70,0,1,0.026166,1,0.003738,1,164.62519865313,1,4.84435269420792,999,1,5.27379989624023,34.890998840332,0.0261659994721413,0,158.748001098633,-87.676,26.592,11.9211100166385,63,63,63,63,61,63,0,7817,1.11627530284214,27,-88,0.001869,51,2025-05-15 17:37:32.001877,999,1.037,0.0011,"aoml_navis",1032.12963952401
"7901009",70,0,1,0.035511,1,0.013083,1,171.991575344231,1,4.84311756121361,1049.19995117188,1,5.06020021438599,34.8979988098145,0.0355109982192516,0,165.85139465332,-87.676,26.592,11.9211100166385,63,63,63,63,61,63,0,7817,1.11627530284214,27,-88,0.001869,51,2025-05-15 17:37:32.001877,1049.19995117188,1.037,0.0011,"aoml_navis",1032.39286199509
"7901009",70,0,1,0.03738,1,0.014952,1,179.186755395342,1,4.84187353659859,1100.09997558594,1,4.85860013961792,34.9059982299805,0.0373799987137318,0,172.789703369141,-87.676,26.592,11.9211100166385,63,63,63,63,61,63,0,7817,1.11627530284214,27,-88,0.001869,51,2025-05-15 17:37:32.001877,1100.09997558594,1.037,0.0011,"aoml_navis",1032.65811512964
"7901009",70,0,1,0.026166,1,0.003738,1,185.512786925823,1,4.84067560758157,1149.80004882812,1,4.68039989471436,34.9129981994629,0.0261659994721413,0,178.889892578125,-87.676,26.592,11.9211100166385,63,63,63,63,61,63,0,7817,1.11627530284214,27,-88,0.001869,51,2025-05-15 17:37:32.001877,1149.80004882812,1.037,0.0011,"aoml_navis",1032.91366853191
"7901009",70,0,1,0.029904,1,0.007476,1,189.853038704124,1,4.83953995388659,1199.19995117188,1,4.56879997253418,34.9169998168945,0.0299040004611015,0,183.0751953125,-87.676,26.592,11.9211100166385,63,63,63,63,61,63,0,7817,1.11627530284214,27,-88,0.001869,51,2025-05-15 17:37:32.001877,1199.19995117188,1.037,0.0011,"aoml_navis",1033.15605360062
"7901009",70,0,1,0.028035,1,0.005607,1,193.790308244637,1,4.83840033087836,1249.09997558594,1,4.47130012512207,34.9220008850098,0.0280349999666214,0,186.87190246582,-87.676,26.592,11.9211100166385,63,63,63,63,61,63,0,7817,1.11627530284214,27,-88,0.001869,51,2025-05-15 17:37:32.001877,1249.09997558594,1.037,0.0011,"aoml_navis",1033.39940022952
"7901009",70,0,1,0.029904,1,0.007476,1,196.249090119247,1,4.83729233760642,1298.80004882812,1,4.40269994735718,34.9249992370605,0.0299040004611015,0,189.242904663086,-87.676,26.592,11.9211100166385,63,63,63,63,61,63,0,7817,1.11627530284214,27,-88,0.001869,51,2025-05-15 17:37:32.001877,1298.80004882812,1.037,0.0011,"aoml_navis",1033.63610281079
"7901009",70,0,1,0.029904,1,0.007476,1,197.604991559992,1,4.83620307432185,1349.5,1,4.38170003890991,34.9259986877441,0.0299040004611015,0,190.550399780273,-87.676,26.592,11.9211100166385,63,63,63,63,61,63,0,7817,1.11627530284214,27,-88,0.001869,51,2025-05-15 17:37:32.001877,1349.5,1.037,0.0011,"aoml_navis",1033.86890979575
"7901009",70,0,1,0.028035,1,0.005607,1,199.172345140508,1,4.83512917796098,1399.30004882812,1,4.35309982299805,34.9269981384277,0.0280349999666214,0,192.061798095703,-87.676,26.592,11.9211100166385,63,63,63,63,61,63,0,7817,1.11627530284214,27,-88,0.001869,51,2025-05-15 17:37:32.001877,1399.30004882812,1.037,0.0011,"aoml_navis",1034.09853511061
"7901009",70,0,1,0.029904,1,0.007476,1,200.222959884209,1,4.83405187409137,1449.59997558594,1,4.33319997787476,34.9280014038086,0.0299040004611015,0,193.074905395508,-87.676,26.592,11.9211100166385,63,63,63,63,61,63,0,7817,1.11627530284214,27,-88,0.001869,51,2025-05-15 17:37:32.001877,1449.59997558594,1.037,0.0011,"aoml_navis",1034.32899154394
"7901009",70,0,1,0.029904,1,0.007476,1,201.041994738248,1,4.83299773983053,1499.09997558594,1,4.3206000328064,34.9290008544922,0.0299040004611015,0,193.864700317383,-87.676,26.592,11.9211100166385,63,63,63,63,61,63,0,7817,1.11627530284214,27,-88,0.001869,51,2025-05-15 17:37:32.001877,1499.09997558594,1.037,0.0011,"aoml_navis",1034.5545909929
"7901009",70,0,1,0.028035,1,0.005607,1,201.59659969573,1,4.83193310720184,1549.40002441406,1,4.31519985198975,34.9300003051758,0.0280349999666214,0,194.399505615234,-87.676,26.592,11.9211100166385,63,63,63,63,61,63,0,7817,1.11627530284214,27,-88,0.001869,51,2025-05-15 17:37:32.001877,1549.40002441406,1.037,0.0011,"aoml_navis",1034.78253714805
"7901009",70,0,1,0.029904,1,0.007476,1,202.508029150093,1,4.83086646950163,1599.90002441406,1,4.30539989471436,34.9300003051758,0.0299040004611015,0,195.278396606445,-87.676,26.592,11.9211100166385,63,63,63,63,61,63,0,7817,1.11627530284214,27,-88,0.001869,51,2025-05-15 17:37:32.001877,1599.90002441406,1.037,0.0011,"aoml_navis",1035.01101335882
"7901009",70,0,1,0.029904,1,0.007476,1,202.926059729189,1,4.82983232962442,1648.90002441406,1,4.30030012130737,34.9309997558594,0.0299040004611015,0,195.681503295898,-87.676,26.592,11.9211100166385,63,63,63,63,61,63,0,7817,1.11627530284214,27,-88,0.001869,51,2025-05-15 17:37:32.001877,1648.90002441406,1.037,0.0011,"aoml_navis",1035.23262481222
"7901009",70,0,1,0.028035,1,0.005607,1,203.418129413425,1,4.82876300322172,1699.80004882812,1,4.29440021514893,34.9309997558594,0.0280349999666214,0,196.156005859375,-87.676,26.592,11.9211100166385,63,63,63,63,61,63,0,7817,1.11627530284214,27,-88,0.001869,51,2025-05-15 17:37:32.001877,1699.80004882812,1.037,0.0011,"aoml_navis",1035.46187639858
"7901009",70,0,1,0.028035,1,0.005607,1,203.722482512007,1,4.8277089272282,1750,1,4.29239988327026,34.931999206543,0.0280349999666214,0,196.449493408203,-87.676,26.592,11.9211100166385,63,63,63,63,61,63,0,7817,1.11627530284214,27,-88,0.001869,51,2025-05-15 17:37:32.001877,1750,1.037,0.0011,"aoml_navis",1035.68795786342
"7901009",70,0,1,0.029904,1,0.007476,1,203.895878646678,1,4.82666519688836,1800,1,4.29180002212524,34.931999206543,0.0299040004611015,0,196.61669921875,-87.676,26.592,11.9211100166385,63,63,63,63,61,63,0,7817,1.11627530284214,27,-88,0.001869,51,2025-05-15 17:37:32.001877,1800,1.037,0.0011,"aoml_navis",1035.91191765764
"7901009",70,0,1,0.024297,1,0.001869,1,204.296582271269,1,4.82562985671117,1849.59997558594,1,4.2891001701355,34.931999206543,0.0242970008403063,0,197.00309753418,-87.676,26.592,11.9211100166385,63,63,63,63,61,63,0,7817,1.11627530284214,27,-88,0.001869,51,2025-05-15 17:37:32.001877,1849.59997558594,1.037,0.0011,"aoml_navis",1036.1341728368
"7901009",70,0,1,0.028035,1,0.005607,1,204.520994023587,1,4.82459302165627,1899.19995117188,1,4.28730010986328,34.9329986572266,0.0280349999666214,0,197.219497680664,-87.676,26.592,11.9211100166385,63,63,63,63,61,63,0,7817,1.11627530284214,27,-88,0.001869,51,2025-05-15 17:37:32.001877,1899.19995117188,1.037,0.0011,"aoml_navis",1036.3568445165
"7901009",70,0,1,0.026166,1,0.003738,1,204.793114239679,1,4.82355144548098,1949.30004882812,1,4.28620004653931,34.9329986572266,0.0261659994721413,0,197.481903076172,-87.676,26.592,11.9211100166385,63,63,63,63,61,63,0,7817,1.11627530284214,27,-88,0.001869,51,2025-05-15 17:37:32.001877,1949.30004882812,1.037,0.0011,"aoml_navis",1036.58063078903
"7901009",70,0,1,0.024297,1,0.001869,1,205.011813635307,1,4.82251198663471,1999.40002441406,1,4.2859001159668,34.9329986572266,0.0242970008403063,0,197.692794799805,-87.676,26.592,11.9211100166385,63,63,63,63,61,63,0,7817,1.11627530284214,27,-88,0.001869,51,2025-05-15 17:37:32.001877,1999.40002441406,1.037,0.0011,"aoml_navis",1036.80405851913
"7901009",71,0.0412158041844423,5,0.067284,1,0.044856,1,196.370376264848,1,4.88576512993887,2.40000009536743,1,28.5130004882812,36.5229988098145,0.0672840029001236,0.0542009994387627,189.359802246094,-86.75,27.4306,9.93368497721054,63,63,63,63,61,63,0.046725,7818,1.13366707078925,27,-87,0.001869,51,2025-05-26 00:12:08.000017,2.40000009536743,1.037,0.0011,"aoml_navis",1023.38116283182
"7901009",71,0.0412158041844423,5,0.072891,1,0.050463,1,197.191689986205,1,4.88522488977388,4,1,28.1509990692139,36.5050010681152,0.0728909969329834,0.0598080009222031,190.151794433594,-86.75,27.4306,9.93368497721054,63,63,63,63,61,63,0.046725,7818,1.13366707078925,27,-87,0.001869,51,2025-05-26 00:12:08.000017,4,1.037,0.0011,"aoml_navis",1023.49433502363
"7901009",71,0.0412158041844423,5,0.071022,1,0.048594,1,198.021105445874,1,4.88472138871575,6,1,27.8400001525879,36.4980010986328,0.0710219964385033,0.0579390004277229,190.951599121094,-86.75,27.4306,9.93368497721054,63,63,63,63,61,63,0.046725,7818,1.13366707078925,27,-87,0.001869,51,2025-05-26 00:12:08.000017,6,1.037,0.0011,"aoml_navis",1023.59983346247
"7901009",71,0.0412158041844423,5,0.069153,1,0.046725,1,198.68397638263,1,4.88445297687077,8,1,27.67799949646,36.4910011291504,0.0691530033946037,0.0560699999332428,191.590805053711,-86.75,27.4306,9.93368497721054,63,63,63,63,61,63,0.046725,7818,1.13366707078925,27,-87,0.001869,51,2025-05-26 00:12:08.000017,8,1.037,0.0011,"aoml_navis",1023.65608261076
"7901009",71,0.0395671720170646,1,0.067284,1,0.044856,1,199.652656293241,1,4.88413744607464,10,1,27.4850006103516,36.484001159668,0.0672840029001236,0.0542009994387627,192.52490234375,-86.75,27.4306,9.93368497721054,63,63,63,63,61,63,0.044856,7818,1.13366707078925,27,-87,0.001869,51,2025-05-26 00:12:08.000017,10,1.037,0.0011,"aoml_navis",1023.7222140459
"7901009",71,0.0395671720170646,1,0.067284,1,0.044856,1,200.315305698089,1,4.8837724037153,12,1,27.2800006866455,36.4860000610352,0.0672840029001236,0.0542009994387627,193.16389465332,-86.75,27.4306,9.93368497721054,63,63,63,63,61,63,0.044856,7818,1.13366707078925,27,-87,0.001869,51,2025-05-26 00:12:08.000017,12,1.037,0.0011,"aoml_navis",1023.79873316707
"7901009",71,0.0445130685191977,1,0.072891,1,0.050463,1,200.505712372124,1,4.8835974674946,14,1,27.1860008239746,36.4830017089844,0.0728909969329834,0.0598080009222031,193.347503662109,-86.75,27.4306,9.93368497721054,63,63,63,63,61,63,0.050463,7818,1.13366707078925,27,-87,0.001869,51,2025-05-26 00:12:08.000017,14,1.037,0.0011,"aoml_navis",1023.83540684509
"7901009",71,0.04286443635182,1,0.071022,1,0.048594,1,200.698698310504,1,4.88340188506751,16,1,27.076000213623,36.4790000915527,0.0710219964385033,0.0579390004277229,193.533599853516,-86.75,27.4306,9.93368497721054,63,63,63,63,61,63,0.048594,7818,1.13366707078925,27,-87,0.001869,51,2025-05-26 00:12:08.000017,16,1.037,0.0011,"aoml_navis",1023.87641191052
"7901009",71,0.0412158041844423,1,0.069153,1,0.046725,1,200.915435634052,1,4.88324503017237,18,1,26.9909992218018,36.4749984741211,0.0691530033946037,0.0560699999332428,193.742599487305,-86.75,27.4306,9.93368497721054,63,63,63,63,61,63,0.046725,7818,1.13366707078925,27,-87,0.001869,51,2025-05-26 00:12:08.000017,18,1.037,0.0011,"aoml_navis",1023.90929988281
"7901009",71,0.0395671720170646,1,0.067284,1,0.044856,1,200.916479998756,1,4.88311947524336,20,1,26.9309997558594,36.4729995727539,0.0672840029001236,0.0542009994387627,193.743606567383,-86.75,27.4306,9.93368497721054,63,63,63,63,61,63,0.044856,7818,1.13366707078925,27,-87,0.001869,51,2025-05-26 00:12:08.000017,20,1.037,0.0011,"aoml_navis",1023.9356266725
"7901009",71,0.04286443635182,1,0.071022,1,0.048594,1,200.922176533506,1,4.88303531428673,22,1,26.8980007171631,36.4710006713867,0.0710219964385033,0.0579390004277229,193.749099731445,-86.75,27.4306,9.93368497721054,63,63,63,63,61,63,0.048594,7818,1.13366707078925,27,-87,0.001869,51,2025-05-26 00:12:08.000017,22,1.037,0.0011,"aoml_navis",1023.95327458949
"7901009",71,0.0445130685191977,1,0.072891,1,0.050463,1,200.959931899936,1,4.88292730436209,24,1,26.8470001220703,36.4679985046387,0.0728909969329834,0.0598080009222031,193.785507202148,-86.75,27.4306,9.93368497721054,63,63,63,63,61,63,0.050463,7818,1.13366707078925,27,-87,0.001869,51,2025-05-26 00:12:08.000017,24,1.037,0.0011,"aoml_navis",1023.97592434631
"7901009",71,0.0527562293560862,1,0.082236,1,0.059808,1,201.423155117395,1,4.88275589627849,26,1,26.7520008087158,36.4640007019043,0.0822359994053841,0.0691530033946037,194.232192993164,-86.75,27.4306,9.93368497721054,63,63,63,63,61,63,0.059808,7818,1.13366707078925,27,-87,0.001869,51,2025-05-26 00:12:08.000017,26,1.037,0.0011,"aoml_navis",1024.01187079839
"7901009",71,0.059350758025597,1,0.089712,1,0.067284,1,202.038111867417,1,4.88254298292468,28,1,26.6200008392334,36.4560012817383,0.0897120013833046,0.0766289979219437,194.8251953125,-86.75,27.4306,9.93368497721054,63,63,63,63,61,63,0.067284,7818,1.13366707078925,27,-87,0.001869,51,2025-05-26 00:12:08.000017,28,1.037,0.0011,"aoml_navis",1024.05652494737
"7901009",71,0.0626480223603524,1,0.09345,1,0.071022,1,202.957121159744,1,4.88222050844069,30,1,26.4080009460449,36.4449996948242,0.0934500023722649,0.0803669989109039,195.711395263672,-86.75,27.4306,9.93368497721054,63,63,63,63,61,63,0.071022,7818,1.13366707078925,27,-87,0.001869,51,2025-05-26 00:12:08.000017,30,1.037,0.0011,"aoml_navis",1024.12416468197
"7901009",71,0.0659452866951077,1,0.097188,1,0.07476,1,203.341336604956,1,4.88204415343049,32,1,26.2919998168945,36.4339981079102,0.0971880033612251,0.0841049998998642,196.081893920898,-86.75,27.4306,9.93368497721054,63,63,63,63,61,63,0.07476,7818,1.13366707078925,27,-87,0.001869,51,2025-05-26 00:12:08.000017,32,1.037,0.0011,"aoml_navis",1024.1611593141
"7901009",71,0.0626480223603524,1,0.09345,1,0.071022,1,203.531743278991,1,4.88189688332815,34,1,26.2070007324219,36.4280014038086,0.0934500023722649,0.0803669989109039,196.265502929688,-86.75,27.4306,9.93368497721054,63,63,63,63,61,63,0.071022,7818,1.13366707078925,27,-87,0.001869,51,2025-05-26 00:12:08.000017,34,1.037,0.0011,"aoml_navis",1024.19205474724
"7901009",71,0.0659452866951077,1,0.097188,1,0.07476,1,203.674014234384,1,4.88176492729488,36,1,26.1439990997314,36.4269981384277,0.0971880033612251,0.0841049998998642,196.402694702148,-86.75,27.4306,9.93368497721054,63,63,63,63,61,63,0.07476,7818,1.13366707078925,27,-87,0.001869,51,2025-05-26 00:12:08.000017,36,1.037,0.0011,"aoml_navis",1024.21973906282
"7901009",71,0.0692425510298631,1,0.100926,1,0.078498,1,203.663966180032,1,4.88164569747954,38,1,26.0990009307861,36.4300003051758,0.100925996899605,0.0878430008888245,196.393005371094,-86.75,27.4306,9.93368497721054,63,63,63,63,61,63,0.078498,7818,1.13366707078925,27,-87,0.001869,51,2025-05-26 00:12:08.000017,38,1.037,0.0011,"aoml_navis",1024.24475471081
"7901009",71,0.0758370796993739,1,0.108402,1,0.085974,1,203.819829700288,1,4.88151307600464,40,1,26.0330009460449,36.4280014038086,0.108401998877525,0.095319002866745,196.543304443359,-86.75,27.4306,9.93368497721054,63,63,63,63,61,63,0.085974,7818,1.13366707078925,27,-87,0.001869,51,2025-05-26 00:12:08.000017,40,1.037,0.0011,"aoml_navis",1024.27258150302
"7901009",71,0.0840802405362624,1,0.117747,1,0.095319,1,203.914819417252,1,4.88139356635797,42.0999984741211,1,25.9650001525879,36.4210014343262,0.117747001349926,0.104663997888565,196.634902954102,-86.75,27.4306,9.93368497721054,63,63,63,63,61,63,0.095319,7818,1.13366707078925,27,-87,0.001869,51,2025-05-26 00:12:08.000017,42.0999984741211,1.037,0.0011,"aoml_navis",1024.29765845136
"7901009",71,0.0972692978752839,1,0.132699,1,0.110271,1,204.237116694468,1,4.88122400458469,44,1,25.863000869751,36.4150009155273,0.132698997855186,0.119616001844406,196.945693969727,-86.75,27.4306,9.93368497721054,63,63,63,63,61,63,0.110271,7818,1.13366707078925,27,-87,0.001869,51,2025-05-26 00:12:08.000017,44,1.037,0.0011,"aoml_navis",1024.33324004466
"7901009",71,0.102215194377417,1,0.138306,1,0.115878,1,204.956509914915,1,4.88101905997581,45.9000015258789,1,25.7199993133545,36.4020004272461,0.138306006789207,0.125222995877266,197.639404296875,-86.75,27.4306,9.93368497721054,63,63,63,63,61,63,0.115878,7818,1.13366707078925,27,-87,0.001869,51,2025-05-26 00:12:08.000017,45.9000015258789,1.037,0.0011,"aoml_navis",1024.37624982861
"7901009",71,0.112106987381683,1,0.14952,1,0.127092,1,206.260146068853,1,4.88064146804351,48,1,25.5550003051758,36.4269981384277,0.149519994854927,0.136436998844147,198.896499633789,-86.75,27.4306,9.93368497721054,63,63,63,63,61,63,0.127092,7818,1.13366707078925,27,-87,0.001869,51,2025-05-26 00:12:08.000017,48,1.037,0.0011,"aoml_navis",1024.45550092913
"7901009",71,0.135187837724971,1,0.175686,1,0.153258,1,207.750865918221,1,4.88018657439665,50.0999984741211,1,25.2339992523193,36.4099998474121,0.175686001777649,0.162603005766869,200.333999633789,-86.75,27.4306,9.93368497721054,63,63,63,63,61,63,0.153258,7818,1.13366707078925,27,-87,0.001869,51,2025-05-26 00:12:08.000017,50.0999984741211,1.037,0.0011,"aoml_navis",1024.55099283129
"7901009",71,0.148376895063992,1,0.190638,1,0.16821,1,208.204452497728,1,4.87988530667687,52.0999984741211,1,25.0389995574951,36.4029998779297,0.19063800573349,0.177554994821548,200.771392822266,-86.75,27.4306,9.93368497721054,63,63,63,63,61,63,0.16821,7818,1.13366707078925,27,-87,0.001869,51,2025-05-26 00:12:08.000017,52.0999984741211,1.037,0.0011,"aoml_navis",1024.61424516654
"7901009",71,0.158268688068259,1,0.201852,1,0.179424,1,207.624861734282,1,4.8796876884263,53.9000015258789,1,24.9090003967285,36.3950004577637,0.20185199379921,0.188768997788429,200.212493896484,-86.75,27.4306,9.93368497721054,63,63,63,63,61,63,0.179424,7818,1.13366707078925,27,-87,0.001869,51,2025-05-26 00:12:08.000017,53.9000015258789,1.037,0.0011,"aoml_navis",1024.65574013252
"7901009",71,0.174755009742036,1,0.220542,1,0.198114,1,206.846683439952,1,4.87937433187221,55.9000015258789,1,24.7089996337891,36.3899993896484,0.220541998744011,0.207459002733231,199.462097167969,-86.75,27.4306,9.93368497721054,63,63,63,63,61,63,0.198114,7818,1.13366707078925,27,-87,0.001869,51,2025-05-26 00:12:08.000017,55.9000015258789,1.037,0.0011,"aoml_navis",1024.72154418239
"7901009",71,0.182998170578924,1,0.229887,1,0.207459,1,205.226747193994,1,4.87880451590246,57.9000015258789,1,24.32200050354,36.3819999694824,0.229886993765831,0.216803997755051,197.899993896484,-86.75,27.4306,9.93368497721054,63,63,63,63,61,63,0.207459,7818,1.13366707078925,27,-87,0.001869,51,2025-05-26 00:12:08.000017,57.9000015258789,1.037,0.0011,"aoml_navis",1024.84122569423
"7901009",71,0.225862606930744,1,0.278481,1,0.256053,1,205.804265051739,1,4.87773850497105,60,1,23.4500007629395,36.3230018615723,0.278481006622314,0.265397995710373,198.456893920898,-86.75,27.4306,9.93368497721054,63,63,63,63,61,63,0.256053,7818,1.13366707078925,27,-87,0.001869,51,2025-05-26 00:12:08.000017,60,1.037,0.0011,"aoml_navis",1025.06520079015
"7901009",71,0.242348928604521,1,0.297171,1,0.274743,1,205.391646051313,1,4.87751417571045,62,1,23.3369998931885,36.3300018310547,0.297170996665955,0.284087985754013,198.059005737305,-86.75,27.4306,9.93368497721054,63,63,63,63,61,63,0.274743,7818,1.13366707078925,27,-87,0.001869,51,2025-05-26 00:12:08.000017,62,1.037,0.0011,"aoml_navis",1025.1123461413
"7901009",71,0.258835250278298,1,0.315861,1,0.293433,1,205.131662534784,1,4.87734020262321,64,1,23.2649993896484,36.3390007019043,0.315860986709595,0.302778005599976,197.808303833008,-86.75,27.4306,9.93368497721054,63,63,63,63,61,63,0.293433,7818,1.13366707078925,27,-87,0.001869,51,2025-05-26 00:12:08.000017,64,1.037,0.0011,"aoml_navis",1025.14891155446
"7901009",71,0.268727043282564,1,0.327075,1,0.304647,1,205.010009870446,1,4.87719720277984,66,1,23.1840000152588,36.3359985351562,0.327075004577637,0.313991993665695,197.690994262695,-86.75,27.4306,9.93368497721054,63,63,63,63,61,63,0.304647,7818,1.13366707078925,27,-87,0.001869,51,2025-05-26 00:12:08.000017,66,1.037,0.0011,"aoml_navis",1025.17896900912
"7901009",71,0.263781146780431,1,0.321468,1,0.29904,1,204.629006637885,1,4.87706065132736,68.0999984741211,1,23.2180004119873,36.375,0.321467995643616,0.308385014533997,197.323593139648,-86.75,27.4306,9.93368497721054,63,63,63,63,61,63,0.29904,7818,1.13366707078925,27,-87,0.001869,51,2025-05-26 00:12:08.000017,68.0999984741211,1.037,0.0011,"aoml_navis",1025.20767270737
"7901009",71,0.27861883628683,1,0.338289,1,0.315861,1,203.119519871256,1,4.87688043009558,70,1,23.2280006408691,36.4179992675781,0.338288992643356,0.325206011533737,195.86799621582,-86.75,27.4306,9.93368497721054,63,63,63,63,61,63,0.315861,7818,1.13366707078925,27,-87,0.001869,51,2025-05-26 00:12:08.000017,70,1.037,0.0011,"aoml_navis",1025.24555844032
"7901009",71,0.334672329977672,1,0.401835,1,0.379407,1,201.055427975545,1,4.87654055125338,72,1,22.8770008087158,36.3660011291504,0.40183499455452,0.388752013444901,193.877593994141,-86.75,27.4306,9.93368497721054,63,63,63,63,61,63,0.379407,7818,1.13366707078925,27,-87,0.001869,51,2025-05-26 00:12:08.000017,72,1.037,0.0011,"aoml_navis",1025.3170146847
"7901009",71,0.394023088003269,1,0.469119,1,0.446691,1,200.137557990167,1,4.87632856052077,74,1,22.6450004577637,36.3250007629395,0.469119012355804,0.456036001443863,192.992492675781,-86.75,27.4306,9.93368497721054,63,63,63,63,61,63,0.446691,7818,1.13366707078925,27,-87,0.001869,51,2025-05-26 00:12:08.000017,74,1.037,0.0011,"aoml_navis",1025.36158873307
"7901009",71,0.459968374698376,1,0.543879,1,0.521451,1,198.471796286883,1,4.87609713460343,76,1,22.4820003509521,36.3160018920898,0.543878972530365,0.530795991420746,191.386199951172,-86.75,27.4306,9.93368497721054,63,63,63,63,61,63,0.521451,7818,1.13366707078925,27,-87,0.001869,51,2025-05-26 00:12:08.000017,76,1.037,0.0011,"aoml_navis",1025.41025372881
"7901009",71,0.623182959268768,1,0.72891,1,0.706482,1,196.470967574317,1,4.87588162032887,78,1,22.4069995880127,36.3359985351562,0.728910028934479,0.715826988220215,189.456802368164,-86.75,27.4306,9.93368497721054,63,63,63,63,61,63,0.706482,7818,1.13366707078925,27,-87,0.001869,51,2025-05-26 00:12:08.000017,78,1.037,0.0011,"aoml_navis",1025.45557692657
"7901009",71,0.797937969010804,1,0.927024,1,0.904596,1,195.995702515343,1,4.8757089576112,80.0999984741211,1,22.3409996032715,36.3470001220703,0.927024006843567,0.913941025733948,188.998504638672,-86.75,27.4306,9.93368497721054,63,63,63,63,61,63,0.904596,7818,1.13366707078925,27,-87,0.001869,51,2025-05-26 00:12:08.000017,80.0999984741211,1.037,0.0011,"aoml_navis",1025.49189122431
"7901009",71,0.911693588559864,1,1.055985,1,1.033557,1,195.699735887641,1,4.87561102268621,82,1,22.2870006561279,36.3429985046387,1.05598497390747,1.04290199279785,188.713104248047,-86.75,27.4306,9.93368497721054,63,63,63,63,61,63,1.033557,7818,1.13366707078925,27,-87,0.001869,51,2025-05-26 00:12:08.000017,82,1.037,0.0011,"aoml_navis",1025.51248996998
"7901009",71,0.946314864074796,1,1.095234,1,1.072806,1,195.801150029907,1,4.87544976263577,84,1,22.1849994659424,36.3380012512207,1.09523403644562,1.082151055336,188.810897827148,-86.75,27.4306,9.93368497721054,63,63,63,63,61,63,1.072806,7818,1.13366707078925,27,-87,0.001869,51,2025-05-26 00:12:08.000017,84,1.037,0.0011,"aoml_navis",1025.54640975254
"7901009",71,0.989179300426616,1,1.143828,1,1.1214,1,191.633565206461,1,4.87515558190284,86,1,21.9839992523193,36.3330001831055,1.14382803440094,1.13074505329132,184.792098999023,-86.75,27.4306,9.93368497721054,63,63,63,63,61,63,1.1214,7818,1.13366707078925,27,-87,0.001869,51,2025-05-26 00:12:08.000017,86,1.037,0.0011,"aoml_navis",1025.60829413539
"7901009",71,0.862234623538534,1,0.999915,1,0.977487,1,188.661777969385,1,4.87491008023873,88,1,21.8560009002686,36.3419990539551,0.99991500377655,0.986832022666931,181.926406860352,-86.75,27.4306,9.93368497721054,63,63,63,63,61,63,0.977487,7818,1.13366707078925,27,-87,0.001869,51,2025-05-26 00:12:08.000017,88,1.037,0.0011,"aoml_navis",1025.65994401996
"7901009",71,0.735289946650451,4,0.856002,1,0.833574,1,183.385188595974,1,4.87462416599293,90,1,21.9669990539551,36.451000213623,0.856001973152161,0.842918992042542,176.838195800781,-86.75,27.4306,9.93368497721054,63,63,63,63,61,63,0.833574,7818,1.13366707078925,27,-87,0.001869,51,2025-05-26 00:12:08.000017,90,1.037,0.0011,"aoml_navis",1025.72010266591
"7901009",71,0.753424900491606,1,0.876561,1,0.854133,1,176.516259522731,1,4.87444047529527,92,1,21.9120006561279,36.4700012207031,0.876560986042023,0.863478004932404,170.214492797852,-86.75,27.4306,9.93368497721054,63,63,63,63,61,63,0.854133,7818,1.13366707078925,27,-87,0.001869,51,2025-05-26 00:12:08.000017,92,1.037,0.0011,"aoml_navis",1025.75875638262
"7901009",71,0.651209706114189,1,0.760683,1,0.738255,1,176.790247020521,1,4.87426843293423,94,1,21.7549991607666,36.4480018615723,0.760683000087738,0.747600018978119,170.478698730469,-86.75,27.4306,9.93368497721054,63,63,63,63,61,63,0.738255,7818,1.13366707078925,27,-87,0.001869,51,2025-05-26 00:12:08.000017,94,1.037,0.0011,"aoml_navis",1025.79496160208
"7901009",71,0.649561073946811,1,0.758814,1,0.736386,1,176.171255225051,1,4.8740038996919,96,1,21.6770000457764,36.4809989929199,0.758813977241516,0.745730996131897,169.881805419922,-86.75,27.4306,9.93368497721054,63,63,63,63,61,63,0.736386,7818,1.13366707078925,27,-87,0.001869,51,2025-05-26 00:12:08.000017,96,1.037,0.0011,"aoml_navis",1025.85063592503
"7901009",71,0.591858948088592,1,0.693399,1,0.670971,1,175.820522745206,1,4.87384781079583,98,1,21.6450004577637,36.5009994506836,0.693399012088776,0.680315971374512,169.543594360352,-86.75,27.4306,9.93368497721054,63,63,63,63,61,63,0.670971,7818,1.13366707078925,27,-87,0.001869,51,2025-05-26 00:12:08.000017,98,1.037,0.0011,"aoml_navis",1025.88348961671
"7901009",71,0.563832201243171,4,0.661626,1,0.639198,1,175.845729911477,1,4.87370831060123,100,1,21.5629997253418,36.4980010986328,0.661625981330872,0.648543000221252,169.567901611328,-86.75,27.4306,9.93368497721054,63,63,63,63,61,63,0.639198,7818,1.13366707078925,27,-87,0.001869,51,2025-05-26 00:12:08.000017,100,1.037,0.0011,"aoml_navis",1025.9128534886
"7901009",71,0.504481443217574,4,0.594342,1,0.571914,1,169.997952163378,1,4.87349351706338,102,1,21.4540004730225,36.5060005187988,0.594341993331909,0.58125901222229,163.928894042969,-86.75,27.4306,9.93368497721054,63,63,63,63,61,63,0.571914,7818,1.13366707078925,27,-87,0.001869,51,2025-05-26 00:12:08.000017,102,1.037,0.0011,"aoml_navis",1025.95806940005
"7901009",71,0.812775658517203,1,0.943845,1,0.921417,1,162.936559334107,1,4.87334998996227,104,1,21.4640007019043,36.5379981994629,0.943844974040985,0.930761992931366,157.119598388672,-86.75,27.4306,9.93368497721054,63,63,63,63,61,63,0.921417,7818,1.13366707078925,27,-87,0.001869,51,2025-05-26 00:12:08.000017,104,1.037,0.0011,"aoml_navis",1025.98828532705
"7901009",71,0.491292385878553,1,0.57939,1,0.556962,1,159.757149229083,1,4.87327631910071,106,1,21.5130004882812,36.564998626709,0.579389989376068,0.566307008266449,154.053695678711,-86.75,27.4306,9.93368497721054,63,63,63,63,61,63,0.556962,7818,1.13366707078925,27,-87,0.001869,51,2025-05-26 00:12:08.000017,106,1.037,0.0011,"aoml_navis",1026.00379551691
"7901009",71,0.476454696372153,1,0.562569,1,0.540141,1,159.536171151888,1,4.87308768869727,108,1,21.4099998474121,36.568000793457,0.56256902217865,0.549485981464386,153.840606689453,-86.75,27.4306,9.93368497721054,63,63,63,63,61,63,0.540141,7818,1.13366707078925,27,-87,0.001869,51,2025-05-26 00:12:08.000017,108,1.037,0.0011,"aoml_navis",1026.04351068771
"7901009",71,0.36434770899047,1,0.435477,1,0.413049,1,161.038078362558,1,4.87275376008577,110,1,21.1140003204346,36.5410003662109,0.435476988554001,0.422394007444382,155.28889465332,-86.75,27.4306,9.93368497721054,63,63,63,63,61,63,0.413049,7818,1.13366707078925,27,-87,0.001869,51,2025-05-26 00:12:08.000017,110,1.037,0.0011,"aoml_navis",1026.11382519604
"7901009",71,0.346212755149316,1,0.414918,1,0.39249,1,160.644526929838,1,4.87265335260049,112,1,21.0330009460449,36.5279998779297,0.414918005466461,0.40183499455452,154.909393310547,-86.75,27.4306,9.93368497721054,63,63,63,63,61,63,0.39249,7818,1.13366707078925,27,-87,0.001869,51,2025-05-26 00:12:08.000017,112,1.037,0.0011,"aoml_navis",1026.13496963242
"7901009",71,0.341266858647183,1,0.409311,1,0.386883,1,158.08360226164,1,4.87258348751398,114,1,20.9890003204346,36.5200004577637,0.40931099653244,0.396227985620499,152.439895629883,-86.75,27.4306,9.93368497721054,63,63,63,63,61,63,0.386883,7818,1.13366707078925,27,-87,0.001869,51,2025-05-26 00:12:08.000017,114,1.037,0.0011,"aoml_navis",1026.14968277353
"7901009",71,0.304996950964873,1,0.368193,1,0.345765,1,151.003537457353,1,4.87241541631547,116,1,20.8780002593994,36.5149993896484,0.368193000555038,0.355109989643097,145.612594604492,-86.75,27.4306,9.93368497721054,63,63,63,63,61,63,0.345765,7818,1.13366707078925,27,-87,0.001869,51,2025-05-26 00:12:08.000017,116,1.037,0.0011,"aoml_navis",1026.18507922319
"7901009",71,0.272024307617319,1,0.330813,1,0.308385,1,144.71938932366,1,4.87179082011231,118,1,20.5510005950928,36.5589981079102,0.330812990665436,0.317730009555817,139.552795410156,-86.75,27.4306,9.93368497721054,63,63,63,63,61,63,0.308385,7818,1.13366707078925,27,-87,0.001869,51,2025-05-26 00:12:08.000017,118,1.037,0.0011,"aoml_navis",1026.31664302137
"7901009",71,0.247294825106654,1,0.302778,1,0.28035,1,141.922754706454,1,4.87150434778057,120,1,20.4589996337891,36.5940017700195,0.302778005599976,0.289694994688034,136.856002807617,-86.75,27.4306,9.93368497721054,63,63,63,63,61,63,0.28035,7818,1.13366707078925,27,-87,0.001869,51,2025-05-26 00:12:08.000017,120,1.037,0.0011,"aoml_navis",1026.37699631285
"7901009",71,0.220916710428611,1,0.272874,1,0.250446,1,139.60366376212,1,4.87125413619658,122,1,20.3640003204346,36.6180000305176,0.272873997688293,0.259790986776352,134.619705200195,-86.75,27.4306,9.93368497721054,63,63,63,63,61,63,0.250446,7818,1.13366707078925,27,-87,0.001869,51,2025-05-26 00:12:08.000017,122,1.037,0.0011,"aoml_navis",1026.4297160862
"7901009",71,0.148376895063992,1,0.190638,1,0.16821,1,138.989735553096,1,4.87089382832767,124,1,20.1940002441406,36.6459999084473,0.19063800573349,0.177554994821548,134.027694702148,-86.75,27.4306,9.93368497721054,63,63,63,63,61,63,0.16821,7818,1.13366707078925,27,-87,0.001869,51,2025-05-26 00:12:08.000017,124,1.037,0.0011,"aoml_navis",1026.50564274702
"7901009",71,0.103863826544795,4,0.140175,1,0.117747,1,138.742822419078,1,4.87053218780483,126,1,19.9080009460449,36.6339988708496,0.140174999833107,0.127092003822327,133.789596557617,-86.75,27.4306,9.93368497721054,63,63,63,63,61,63,0.117747,7818,1.13366707078925,27,-87,0.001869,51,2025-05-26 00:12:08.000017,126,1.037,0.0011,"aoml_navis",1026.58186153031
"7901009",71,0.120350148218572,1,0.158865,1,0.136437,1,136.320956493622,1,4.87030957258069,128,1,19.7070007324219,36.6139984130859,0.158865004777908,0.145781993865967,131.454193115234,-86.75,27.4306,9.93368497721054,63,63,63,63,61,63,0.136437,7818,1.13366707078925,27,-87,0.001869,51,2025-05-26 00:12:08.000017,128,1.037,0.0011,"aoml_navis",1026.62878519046
"7901009",71,0.118701516051194,1,0.156996,1,0.134568,1,133.981642850925,1,4.87003719617884,130,1,19.4009990692139,36.5719985961914,0.156995996832848,0.143913000822067,129.198394775391,-86.75,27.4306,9.93368497721054,63,63,63,63,61,63,0.134568,7818,1.13366707078925,27,-87,0.001869,51,2025-05-26 00:12:08.000017,130,1.037,0.0011,"aoml_navis",1026.68620353108
"7901009",71,0.151674159398748,1,0.194376,1,0.171948,1,133.28725108855,1,4.86982157252174,132,1,19.1319999694824,36.5279998779297,0.19437600672245,0.181292995810509,128.528793334961,-86.75,27.4306,9.93368497721054,63,63,63,63,61,63,0.171948,7818,1.13366707078925,27,-87,0.001869,51,2025-05-26 00:12:08.000017,132,1.037,0.0011,"aoml_navis",1026.73166265738
"7901009",71,0.121998780385949,1,0.160734,1,0.138306,1,134.119261636272,1,4.86960655896034,134,1,18.9349994659424,36.5089988708496,0.160733997821808,0.147651001811028,129.331100463867,-86.75,27.4306,9.93368497721054,63,63,63,63,61,63,0.138306,7818,1.13366707078925,27,-87,0.001869,51,2025-05-26 00:12:08.000017,134,1.037,0.0011,"aoml_navis",1026.77699716823
"7901009",71,0.06429665452773,1,0.095319,1,0.072891,1,134.762210525108,1,4.86938720997874,136,1,18.7509994506836,36.4959983825684,0.095319002866745,0.0822359994053841,129.951095581055,-86.75,27.4306,9.93368497721054,63,63,63,63,61,63,0.072891,7818,1.13366707078925,27,-87,0.001869,51,2025-05-26 00:12:08.000017,136,1.037,0.0011,"aoml_navis",1026.82324990578
"7901009",71,0.059350758025597,1,0.089712,1,0.067284,1,135.176918254943,1,4.86929068830955,138,1,18.6730003356934,36.4850006103516,0.0897120013833046,0.0766289979219437,130.350997924805,-86.75,27.4306,9.93368497721054,63,63,63,63,61,63,0.067284,7818,1.13366707078925,27,-87,0.001869,51,2025-05-26 00:12:08.000017,138,1.037,0.0011,"aoml_navis",1026.84360414223
"7901009",71,0.0478103328539531,1,0.076629,1,0.054201,1,135.950127905074,1,4.86912406871923,140,1,18.5130004882812,36.4659996032715,0.0766289979219437,0.0635460019111633,131.096603393555,-86.75,27.4306,9.93368497721054,63,63,63,63,61,63,0.054201,7818,1.13366707078925,27,-87,0.001869,51,2025-05-26 00:12:08.000017,140,1.037,0.0011,"aoml_navis",1026.87874234332
"7901009",71,0.0412158041844423,1,0.069153,1,0.046725,1,136.222453913562,1,4.86897406295891,142,1,18.3810005187988,36.4519996643066,0.0691530033946037,0.0560699999332428,131.35920715332,-86.75,27.4306,9.93368497721054,63,63,63,63,61,63,0.046725,7818,1.13366707078925,27,-87,0.001869,51,2025-05-26 00:12:08.000017,142,1.037,0.0011,"aoml_navis",1026.91037893134
"7901009",71,0.0362699076823093,1,0.063546,1,0.041118,1,136.0684417671,1,4.86888826593912,144,1,18.3169994354248,36.443000793457,0.0635460019111633,0.0504629984498024,131.210693359375,-86.75,27.4306,9.93368497721054,63,63,63,63,61,63,0.041118,7818,1.13366707078925,27,-87,0.001869,51,2025-05-26 00:12:08.000017,144,1.037,0.0011,"aoml_navis",1026.92847461259
"7901009",71,0.0395671720170646,1,0.067284,1,0.044856,1,136.248689620829,1,4.86878951103847,146,1,18.2360000610352,36.431999206543,0.0672840029001236,0.0542009994387627,131.384506225586,-86.75,27.4306,9.93368497721054,63,63,63,63,61,63,0.044856,7818,1.13366707078925,27,-87,0.001869,51,2025-05-26 00:12:08.000017,146,1.037,0.0011,"aoml_navis",1026.94930406501
"7901009",71,0.0263781146780431,1,0.052332,1,0.029904,1,136.831381830972,1,4.86869946618497,148,1,18.1560001373291,36.4189987182617,0.0523319989442825,0.0392489992082119,131.946395874023,-86.75,27.4306,9.93368497721054,63,63,63,63,61,63,0.029904,7818,1.13366707078925,27,-87,0.001869,51,2025-05-26 00:12:08.000017,148,1.037,0.0011,"aoml_navis",1026.96829712472
"7901009",71,0.0230808503432877,1,0.048594,1,0.026166,1,137.419374983174,1,4.86863552872852,150,1,18.1219997406006,36.4140014648438,0.0485940016806126,0.0355109982192516,132.513397216797,-86.75,27.4306,9.93368497721054,63,63,63,63,61,63,0.026166,7818,1.13366707078925,27,-87,0.001869,51,2025-05-26 00:12:08.000017,150,1.037,0.0011,"aoml_navis",1026.98178380705
"7901009",71,0.0280267468454208,1,0.054201,1,0.031773,1,137.320334397054,1,4.86853030817266,152,1,18.0319995880127,36.4020004272461,0.0542009994387627,0.041117999702692,132.417892456055,-86.75,27.4306,9.93368497721054,63,63,63,63,61,63,0.031773,7818,1.13366707078925,27,-87,0.001869,51,2025-05-26 00:12:08.000017,152,1.037,0.0011,"aoml_navis",1027.00397933369
"7901009",71,0.06429665452773,1,0.095319,1,0.072891,1,136.736392114008,1,4.86844084856203,154,1,17.9549999237061,36.3899993896484,0.095319002866745,0.0822359994053841,131.854797363281,-86.75,27.4306,9.93368497721054,63,63,63,63,61,63,0.072891,7818,1.13366707078925,27,-87,0.001869,51,2025-05-26 00:12:08.000017,154,1.037,0.0011,"aoml_navis",1027.02285095583
"7901009",71,0.0115404251716439,1,0.035511,1,0.013083,1,136.678936231566,1,4.86826533441057,156,1,17.761999130249,36.3639984130859,0.0355109982192516,0.0224280003458261,131.799392700195,-86.75,27.4306,9.93368497721054,63,63,63,63,61,63,0.013083,7818,1.13366707078925,27,-87,0.001869,51,2025-05-26 00:12:08.000017,156,1.037,0.0011,"aoml_navis",1027.0598779114
"7901009",71,0.00989179300426616,1,0.033642,1,0.011214,1,136.57410416845,1,4.86814463259564,158,1,17.632999420166,36.3440017700195,0.0336420014500618,0.020558999851346,131.698303222656,-86.75,27.4306,9.93368497721054,63,63,63,63,61,63,0.011214,7818,1.13366707078925,27,-87,0.001869,51,2025-05-26 00:12:08.000017,158,1.037,0.0011,"aoml_navis",1027.08534305277
"7901009",71,0.00824316083688847,1,0.031773,1,0.009345,1,136.042411768031,1,4.86805279037475,160,1,17.5559997558594,36.3330001831055,0.0317730009555817,0.0186899993568659,131.185592651367,-86.75,27.4306,9.93368497721054,63,63,63,63,61,63,0.009345,7818,1.13366707078925,27,-87,0.001869,51,2025-05-26 00:12:08.000017,160,1.037,0.0011,"aoml_navis",1027.10472036913
"7901009",71,0.00164863216737769,1,0.024297,1,0.001869,1,135.103907667891,1,4.86796715365113,162,1,17.4810009002686,36.3209991455078,0.0242970008403063,0.0112140001729131,130.28059387207,-86.75,27.4306,9.93368497721054,63,63,63,63,61,63,0.001869,7818,1.13366707078925,27,-87,0.001869,51,2025-05-26 00:12:08.000017,162,1.037,0.0011,"aoml_navis",1027.12278907836
"7901009",71,0.00164863216737769,1,0.024297,1,0.001869,1,134.390859754208,1,4.86787762821982,164,1,17.3899993896484,36.3050003051758,0.0242970008403063,0.0112140001729131,129.593002319336,-86.75,27.4306,9.93368497721054,63,63,63,63,61,63,0.001869,7818,1.13366707078925,27,-87,0.001869,51,2025-05-26 00:12:08.000017,164,1.037,0.0011,"aoml_navis",1027.14167895558
"7901009",71,0.00164863216737769,1,0.024297,1,0.001869,1,134.570775310077,1,4.86778017105768,166,1,17.2950000762939,36.2900009155273,0.0242970008403063,0.0112140001729131,129.766494750977,-86.75,27.4306,9.93368497721054,63,63,63,63,61,63,0.001869,7818,1.13366707078925,27,-87,0.001869,51,2025-05-26 00:12:08.000017,166,1.037,0.0011,"aoml_navis",1027.16224321888
"7901009",71,0.00164863216737769,1,0.024297,1,0.001869,1,133.94607115615,1,4.86771917231158,168,1,17.25,36.2809982299805,0.0242970008403063,0.0112140001729131,129.164093017578,-86.75,27.4306,9.93368497721054,63,63,63,63,61,63,0.001869,7818,1.13366707078925,27,-87,0.001869,51,2025-05-26 00:12:08.000017,168,1.037,0.0011,"aoml_navis",1027.17511487533
"7901009",71,0.00164863216737769,1,0.024297,1,0.001869,1,133.008927894866,1,4.86760314182738,170,1,17.128999710083,36.2630004882812,0.0242970008403063,0.0112140001729131,128.260406494141,-86.75,27.4306,9.93368497721054,63,63,63,63,61,63,0.001869,7818,1.13366707078925,27,-87,0.001869,51,2025-05-26 00:12:08.000017,170,1.037,0.0011,"aoml_navis",1027.19959994991
"7901009",71,-0.00494589650213308,1,0.016821,1,-0.005607,1,132.93238862101,1,4.86748829615565,172,1,16.9990005493164,36.242000579834,0.0168210007250309,0.00373800005763769,128.186599731445,-86.75,27.4306,9.93368497721054,63,63,63,63,61,63,-0.005607,7818,1.13366707078925,27,-87,0.001869,51,2025-05-26 00:12:08.000017,172,1.037,0.0011,"aoml_navis",1027.2238361516
"7901009",71,0,1,0.022428,1,0,1,133.904597218425,1,4.86734395743937,174,1,16.8330001831055,36.2179985046387,0.0224280003458261,0.00934499967843294,129.124099731445,-86.75,27.4306,9.93368497721054,63,63,63,63,61,63,0,7818,1.13366707078925,27,-87,0.001869,51,2025-05-26 00:12:08.000017,174,1.037,0.0011,"aoml_navis",1027.25429797454
"7901009",71,0,1,0.020559,1,-0.001869,1,134.092298038453,1,4.86724732116035,176,1,16.7399997711182,36.2039985656738,0.020558999851346,0,129.305099487305,-86.75,27.4306,9.93368497721054,63,63,63,63,61,63,0,7818,1.13366707078925,27,-87,0.001869,51,2025-05-26 00:12:08.000017,176,1.037,0.0011,"aoml_navis",1027.27469349308
"7901009",71,0,1,0.016821,1,-0.005607,1,133.699363730331,1,4.86717572995664,178,1,16.6879997253418,36.1959991455078,0.0168210007250309,0,128.926193237305,-86.75,27.4306,9.93368497721054,63,63,63,63,61,63,0,7818,1.13366707078925,27,-87,0.001869,51,2025-05-26 00:12:08.000017,178,1.037,0.0011,"aoml_navis",1027.28980365879
"7901009",71,0,1,0.01869,1,-0.003738,1,132.54890106635,1,4.86710042229736,180,1,16.6229991912842,36.185001373291,0.0186899993568659,0,127.816802978516,-86.75,27.4306,9.93368497721054,63,63,63,63,61,63,0,7818,1.13366707078925,27,-87,0.001869,51,2025-05-26 00:12:08.000017,180,1.037,0.0011,"aoml_navis",1027.30569870591
"7901009",71,0,1,0.01869,1,-0.003738,1,131.56798151788,1,4.86702328653815,182,1,16.55299949646,36.1730003356934,0.0186899993568659,0,126.870903015137,-86.75,27.4306,9.93368497721054,63,63,63,63,61,63,0,7818,1.13366707078925,27,-87,0.001869,51,2025-05-26 00:12:08.000017,182,1.037,0.0011,"aoml_navis",1027.3219801166
"7901009",71,0,1,0.01869,1,-0.003738,1,130.355909248202,1,4.86694245984803,184,1,16.4860000610352,36.1629981994629,0.0186899993568659,0,125.702102661133,-86.75,27.4306,9.93368497721054,63,63,63,63,61,63,0,7818,1.13366707078925,27,-87,0.001869,51,2025-05-26 00:12:08.000017,184,1.037,0.0011,"aoml_navis",1027.33904114332
"7901009",71,0,1,0.022428,1,0,1,129.018560685136,1,4.86685751907132,186,1,16.3990001678467,36.1479988098145,0.0224280003458261,0,124.412498474121,-86.75,27.4306,9.93368497721054,63,63,63,63,61,63,0,7818,1.13366707078925,27,-87,0.001869,51,2025-05-26 00:12:08.000017,186,1.037,0.0011,"aoml_navis",1027.35697118869
"7901009",71,0,1,0.020559,1,-0.001869,1,127.775379006237,1,4.86679642767072,188,1,16.3460006713867,36.1370010375977,0.020558999851346,0,123.21369934082,-86.75,27.4306,9.93368497721054,63,63,63,63,61,63,0,7818,1.13366707078925,27,-87,0.001869,51,2025-05-26 00:12:08.000017,188,1.037,0.0011,"aoml_navis",1027.36986728517
"7901009",71,0,1,0.020559,1,-0.001869,1,126.717097351114,1,4.86672846939685,190,1,16.2900009155273,36.1269989013672,0.020558999851346,0,122.193199157715,-86.75,27.4306,9.93368497721054,63,63,63,63,61,63,0,7818,1.13366707078925,27,-87,0.001869,51,2025-05-26 00:12:08.000017,190,1.037,0.0011,"aoml_navis",1027.38421332548
"7901009",71,0,1,0.020559,1,-0.001869,1,126.00901808163,1,4.86666004808224,192,1,16.2399997711182,36.1189994812012,0.020558999851346,0,121.510398864746,-86.75,27.4306,9.93368497721054,63,63,63,63,61,63,0,7818,1.13366707078925,27,-87,0.001869,51,2025-05-26 00:12:08.000017,192,1.037,0.0011,"aoml_navis",1027.39865751878
"7901009",71,0,1,0.020559,1,-0.001869,1,125.77164664332,1,4.86657894345319,194,1,16.1720008850098,36.109001159668,0.020558999851346,0,121.28150177002,-86.75,27.4306,9.93368497721054,63,63,63,63,61,63,0,7818,1.13366707078925,27,-87,0.001869,51,2025-05-26 00:12:08.000017,194,1.037,0.0011,"aoml_navis",1027.41577976995
"7901009",71,0,1,0.016821,1,-0.005607,1,125.575234872236,1,4.86650378408392,196,1,16.1189994812012,36.1020011901855,0.0168210007250309,0,121.092102050781,-86.75,27.4306,9.93368497721054,63,63,63,63,61,63,0,7818,1.13366707078925,27,-87,0.001869,51,2025-05-26 00:12:08.000017,196,1.037,0.0011,"aoml_navis",1027.43164740829
"7901009",71,0,1,0.01869,1,-0.003738,1,125.185932105017,1,4.86643681516358,198,1,16.0699996948242,36.0940017700195,0.0186899993568659,0,120.716697692871,-86.75,27.4306,9.93368497721054,63,63,63,63,61,63,0,7818,1.13366707078925,27,-87,0.001869,51,2025-05-26 00:12:08.000017,198,1.037,0.0011,"aoml_navis",1027.4457862928
"7901009",71,0,1,0.020559,1,-0.001869,1,124.805451054809,1,4.86636489063565,200,1,16,36.0810012817383,0.020558999851346,0,120.349800109863,-86.75,27.4306,9.93368497721054,63,63,63,63,61,63,0,7818,1.13366707078925,27,-87,0.001869,51,2025-05-26 00:12:08.000017,200,1.037,0.0011,"aoml_navis",1027.46097186865
"7901009",71,0,1,0.020559,1,-0.001869,1,125.176706883463,1,4.86627914668576,202,1,15.9139995574951,36.0670013427734,0.020558999851346,0,120.707801818848,-86.75,27.4306,9.93368497721054,63,63,63,63,61,63,0,7818,1.13366707078925,27,-87,0.001869,51,2025-05-26 00:12:08.000017,202,1.037,0.0011,"aoml_navis",1027.47907575448
"7901009",71,0,1,0.022428,1,0,1,125.642121684431,1,4.8661771635239,204,1,15.8030004501343,36.0499992370605,0.0224280003458261,0,121.156600952148,-86.75,27.4306,9.93368497721054,63,63,63,63,61,63,0,7818,1.13366707078925,27,-87,0.001869,51,2025-05-26 00:12:08.000017,204,1.037,0.0011,"aoml_navis",1027.50060920084
"7901009",71,0,1,0.022428,1,0,1,124.274597310895,1,4.86609760310996,206,1,15.7220001220703,36.0359992980957,0.0224280003458261,0,119.837898254395,-86.75,27.4306,9.93368497721054,63,63,63,63,61,63,0,7818,1.13366707078925,27,-87,0.001869,51,2025-05-26 00:12:08.000017,206,1.037,0.0011,"aoml_navis",1027.51740877628
"7901009",71,0,1,0.020559,1,-0.001869,1,123.855640915559,1,4.86595741448501,208,1,15.5450000762939,36.0099983215332,0.020558999851346,0,119.433898925781,-86.75,27.4306,9.93368497721054,63,63,63,63,61,63,0,7818,1.13366707078925,27,-87,0.001869,51,2025-05-26 00:12:08.000017,208,1.037,0.0011,"aoml_navis",1027.54701163557
"7901009",71,0,1,0.016821,1,-0.005607,1,123.523382614384,1,4.86589197662907,210,1,15.4930000305176,36.0009994506836,0.0168210007250309,0,119.113502502441,-86.75,27.4306,9.93368497721054,63,63,63,63,61,63,0,7818,1.13366707078925,27,-87,0.001869,51,2025-05-26 00:12:08.000017,210,1.037,0.0011,"aoml_navis",1027.56083037089
"7901009",71,0,1,0.020559,1,-0.001869,1,123.053711236061,1,4.86583128444238,212,1,15.4519996643066,35.9939994812012,0.020558999851346,0,118.660598754883,-86.75,27.4306,9.93368497721054,63,63,63,63,61,63,0,7818,1.13366707078925,27,-87,0.001869,51,2025-05-26 00:12:08.000017,212,1.037,0.0011,"aoml_navis",1027.57364727926
"7901009",71,0,1,0.01869,1,-0.003738,1,122.725701600388,1,4.86576957694339,214,1,15.4099998474121,35.9869995117188,0.0186899993568659,0,118.344299316406,-86.75,27.4306,9.93368497721054,63,63,63,63,61,63,0,7818,1.13366707078925,27,-87,0.001869,51,2025-05-26 00:12:08.000017,214,1.037,0.0011,"aoml_navis",1027.58667892797
"7901009",71,0,1,0.020559,1,-0.001869,1,122.347396309979,1,4.86572198793763,216,1,15.3809995651245,35.9799995422363,0.020558999851346,0,117.979499816895,-86.75,27.4306,9.93368497721054,63,63,63,63,61,63,0,7818,1.13366707078925,27,-87,0.001869,51,2025-05-26 00:12:08.000017,216,1.037,0.0011,"aoml_navis",1027.59672919975
"7901009",71,0,1,0.01869,1,-0.003738,1,122.651243144087,1,4.86559427395029,218,1,15.2370004653931,35.9609985351562,0.0186899993568659,0,118.272499084473,-86.75,27.4306,9.93368497721054,63,63,63,63,61,63,0,7818,1.13366707078925,27,-87,0.001869,51,2025-05-26 00:12:08.000017,218,1.037,0.0011,"aoml_navis",1027.62370195339
"7901009",71,0,1,0.022428,1,0,1,122.815406199,1,4.86554623318551,220,1,15.2040004730225,35.9529991149902,0.0224280003458261,0,118.430801391602,-86.75,27.4306,9.93368497721054,63,63,63,63,61,63,0,7818,1.13366707078925,27,-87,0.001869,51,2025-05-26 00:12:08.000017,220,1.037,0.0011,"aoml_navis",1027.63384836371
"7901009",71,0,1,0.020559,1,-0.001869,1,123.02291038914,1,4.8654680214012,222,1,15.1359996795654,35.943000793457,0.020558999851346,0,118.630897521973,-86.75,27.4306,9.93368497721054,63,63,63,63,61,63,0,7818,1.13366707078925,27,-87,0.001869,51,2025-05-26 00:12:08.000017,222,1.037,0.0011,"aoml_navis",1027.65036744812
"7901009",71,0,1,0.024297,1,0.001869,1,123.069163086572,1,4.8654064752551,224,1,15.0799999237061,35.931999206543,0.0242970008403063,0,118.675498962402,-86.75,27.4306,9.93368497721054,63,63,63,63,61,63,0,7818,1.13366707078925,27,-87,0.001869,51,2025-05-26 00:12:08.000017,224,1.037,0.0011,"aoml_navis",1027.66336696213
"7901009",71,0,1,0.020559,1,-0.001869,1,123.271904340712,1,4.86531809478924,226,1,14.9849996566772,35.9169998168945,0.020558999851346,0,118.871002197266,-86.75,27.4306,9.93368497721054,63,63,63,63,61,63,0,7818,1.13366707078925,27,-87,0.001869,51,2025-05-26 00:12:08.000017,226,1.037,0.0011,"aoml_navis",1027.68203488175
"7901009",71,0,1,0.024297,1,0.001869,1,123.335681794356,1,4.86524614270943,228,1,14.9119997024536,35.9039993286133,0.0242970008403063,0,118.932502746582,-86.75,27.4306,9.93368497721054,63,63,63,63,61,63,0,7818,1.13366707078925,27,-87,0.001869,51,2025-05-26 00:12:08.000017,228,1.037,0.0011,"aoml_navis",1027.69723326177
"7901009",71,0,1,0.022428,1,0,1,123.45867156199,1,4.86514633801171,230,1,14.8090000152588,35.8899993896484,0.0224280003458261,0,119.05110168457,-86.75,27.4306,9.93368497721054,63,63,63,63,61,63,0,7818,1.13366707078925,27,-87,0.001869,51,2025-05-26 00:12:08.000017,230,1.037,0.0011,"aoml_navis",1027.71831567217
"7901009",71,0,1,0.024297,1,0.001869,1,123.472770485497,1,4.86508554024991,232,1,14.7530002593994,35.8790016174316,0.0242970008403063,0,119.064697265625,-86.75,27.4306,9.93368497721054,63,63,63,63,61,63,0,7818,1.13366707078925,27,-87,0.001869,51,2025-05-26 00:12:08.000017,232,1.037,0.0011,"aoml_navis",1027.73115881189
"7901009",71,0,1,0.026166,1,0.003738,1,123.41501395261,1,4.86502979807092,234,1,14.7189998626709,35.8730010986328,0.0261659994721413,0,119.009002685547,-86.75,27.4306,9.93368497721054,63,63,63,63,61,63,0,7818,1.13366707078925,27,-87,0.001869,51,2025-05-26 00:12:08.000017,234,1.037,0.0011,"aoml_navis",1027.74293427403
"7901009",71,0,1,0.031773,1,0.009345,1,123.329043749001,1,4.86496081592478,236,1,14.6549997329712,35.8619995117188,0.0317730009555817,0,118.92610168457,-86.75,27.4306,9.93368497721054,63,63,63,63,61,63,0,7818,1.13366707078925,27,-87,0.001869,51,2025-05-26 00:12:08.000017,236,1.037,0.0011,"aoml_navis",1027.75750703545
"7901009",71,0,1,0.028035,1,0.005607,1,123.360983902873,1,4.86488200138993,238,1,14.5710000991821,35.8479995727539,0.0280349999666214,0,118.956901550293,-86.75,27.4306,9.93368497721054,63,63,63,63,61,63,0,7818,1.13366707078925,27,-87,0.001869,51,2025-05-26 00:12:08.000017,238,1.037,0.0011,"aoml_navis",1027.77415743516
"7901009",71,0,1,0.031773,1,0.009345,1,123.460222285338,1,4.86478732296373,240,1,14.4680004119873,35.8330001831055,0.0317730009555817,0,119.052597045898,-86.75,27.4306,9.93368497721054,63,63,63,63,61,63,0,7818,1.13366707078925,27,-87,0.001869,51,2025-05-26 00:12:08.000017,240,1.037,0.0011,"aoml_navis",1027.79415996215
"7901009",71,0,1,0.033642,1,0.011214,1,123.350200046116,1,4.86473144616795,242,1,14.4370002746582,35.8279991149902,0.0336420014500618,0,118.946502685547,-86.75,27.4306,9.93368497721054,63,63,63,63,61,63,0,7818,1.13366707078925,27,-87,0.001869,51,2025-05-26 00:12:08.000017,242,1.037,0.0011,"aoml_navis",1027.80596530947
"7901009",71,0,1,0.031773,1,0.009345,1,123.239236296289,1,4.86468389849574,244,1,14.4209995269775,35.8250007629395,0.0317730009555817,0,118.839500427246,-86.75,27.4306,9.93368497721054,63,63,63,63,61,63,0,7818,1.13366707078925,27,-87,0.001869,51,2025-05-26 00:12:08.000017,244,1.037,0.0011,"aoml_navis",1027.81601113817
"7901009",71,0,1,0.033642,1,0.011214,1,123.149634551776,1,4.86463431314872,246,1,14.3959999084473,35.8199996948242,0.0336420014500618,0,118.75309753418,-86.75,27.4306,9.93368497721054,63,63,63,63,61,63,0,7818,1.13366707078925,27,-87,0.001869,51,2025-05-26 00:12:08.000017,246,1.037,0.0011,"aoml_navis",1027.82648769413
"7901009",71,0,1,0.03738,1,0.014952,1,123.159595575736,1,4.8645728269194,248,1,14.3559999465942,35.8139991760254,0.0373799987137318,0,118.762702941895,-86.75,27.4306,9.93368497721054,63,63,63,63,61,63,0,7818,1.13366707078925,27,-87,0.001869,51,2025-05-26 00:12:08.000017,248,1.037,0.0011,"aoml_navis",1027.83947900444
"7901009",71,0,1,0.039249,1,0.016821,1,123.25800321355,1,4.86450883630764,250,1,14.3100004196167,35.806999206543,0.0392489992082119,0,118.857597351074,-86.75,27.4306,9.93368497721054,63,63,63,63,61,63,0,7818,1.13366707078925,27,-87,0.001869,51,2025-05-26 00:12:08.000017,250,1.037,0.0011,"aoml_navis",1027.85299980978
"7901009",71,0,1,0.035511,1,0.013083,1,123.395305524744,1,4.86443933685295,252,1,14.2480001449585,35.7970008850098,0.0355109982192516,0,118.98999786377,-86.75,27.4306,9.93368497721054,63,63,63,63,61,63,0,7818,1.13366707078925,27,-87,0.001869,51,2025-05-26 00:12:08.000017,252,1.037,0.0011,"aoml_navis",1027.86768500124
"7901009",71,0,1,0.031773,1,0.009345,1,123.215279202922,1,4.86438626979258,254,1,14.2229995727539,35.7929992675781,0.0317730009555817,0,118.816398620605,-86.75,27.4306,9.93368497721054,63,63,63,63,61,63,0,7818,1.13366707078925,27,-87,0.001869,51,2025-05-26 00:12:08.000017,254,1.037,0.0011,"aoml_navis",1027.87889832055
"7901009",71,0,1,0.033642,1,0.011214,1,123.06739874317,1,4.8643393276396,256,1,14.2110004425049,35.7910003662109,0.0336420014500618,0,118.673797607422,-86.75,27.4306,9.93368497721054,63,63,63,63,61,63,0,7818,1.13366707078925,27,-87,0.001869,51,2025-05-26 00:12:08.000017,256,1.037,0.0011,"aoml_navis",1027.88881762207
"7901009",71,0,1,0.033642,1,0.011214,1,123.0350471729,1,4.86429192585481,258,1,14.1949996948242,35.7879981994629,0.0336420014500618,0,118.642601013184,-86.75,27.4306,9.93368497721054,63,63,63,63,61,63,0,7818,1.13366707078925,27,-87,0.001869,51,2025-05-26 00:12:08.000017,258,1.037,0.0011,"aoml_navis",1027.89883424222
"7901009",71,0,1,0.031773,1,0.009345,1,123.042405196953,1,4.8642502298357,260,1,14.1809997558594,35.7840003967285,0.0317730009555817,0,118.649696350098,-86.75,27.4306,9.93368497721054,63,63,63,63,61,63,0,7818,1.13366707078925,27,-87,0.001869,51,2025-05-26 00:12:08.000017,260,1.037,0.0011,"aoml_navis",1027.90764532048
"7901009",71,0,1,0.039249,1,0.016821,1,123.046242446055,1,4.86416723535482,262,1,14.1020002365112,35.7729988098145,0.0392489992082119,0,118.653396606445,-86.75,27.4306,9.93368497721054,63,63,63,63,61,63,0,7818,1.13366707078925,27,-87,0.001869,51,2025-05-26 00:12:08.000017,262,1.037,0.0011,"aoml_navis",1027.92518391594
"7901009",71,0,1,0.033642,1,0.011214,1,122.727774506089,1,4.86410838377892,264,1,14.0570001602173,35.7649993896484,0.0336420014500618,0,118.346298217773,-86.75,27.4306,9.93368497721054,63,63,63,63,61,63,0,7818,1.13366707078925,27,-87,0.001869,51,2025-05-26 00:12:08.000017,264,1.037,0.0011,"aoml_navis",1027.93762093671
"7901009",71,0,1,0.033642,1,0.011214,1,122.326865049316,1,4.86403996004428,266,1,13.9989995956421,35.7560005187988,0.0336420014500618,0,117.959701538086,-86.75,27.4306,9.93368497721054,63,63,63,63,61,63,0,7818,1.13366707078925,27,-87,0.001869,51,2025-05-26 00:12:08.000017,266,1.037,0.0011,"aoml_navis",1027.95208120668
"7901009",71,0,1,0.039249,1,0.016821,1,122.109708397516,1,4.86397108932487,268,1,13.9440002441406,35.7480010986328,0.0392489992082119,0,117.750297546387,-86.75,27.4306,9.93368497721054,63,63,63,63,61,63,0,7818,1.13366707078925,27,-87,0.001869,51,2025-05-26 00:12:08.000017,268,1.037,0.0011,"aoml_navis",1027.96663635063
"7901009",71,0,1,0.035511,1,0.013083,1,121.951146935107,1,4.86391729514586,270,1,13.9180002212524,35.7439994812012,0.0355109982192516,0,117.597396850586,-86.75,27.4306,9.93368497721054,63,63,63,63,61,63,0,7818,1.13366707078925,27,-87,0.001869,51,2025-05-26 00:12:08.000017,270,1.037,0.0011,"aoml_navis",1027.97800550391
"7901009",71,0,1,0.039249,1,0.016821,1,121.852011406741,1,4.86386903232279,272,1,13.9010000228882,35.7410011291504,0.0392489992082119,0,117.501800537109,-86.75,27.4306,9.93368497721054,63,63,63,63,61,63,0,7818,1.13366707078925,27,-87,0.001869,51,2025-05-26 00:12:08.000017,272,1.037,0.0011,"aoml_navis",1027.98820584447
"7901009",71,0,1,0.042987,1,0.020559,1,121.905938602379,1,4.8638202000983,274,1,13.8870000839233,35.7389984130859,0.0429870001971722,0,117.553802490234,-86.75,27.4306,9.93368497721054,63,63,63,63,61,63,0,7818,1.13366707078925,27,-87,0.001869,51,2025-05-26 00:12:08.000017,274,1.037,0.0011,"aoml_navis",1027.99852673397
"7901009",71,0,1,0.033642,1,0.011214,1,121.99605461739,1,4.86377746973457,276,1,13.878999710083,35.7369995117188,0.0336420014500618,0,117.640701293945,-86.75,27.4306,9.93368497721054,63,63,63,63,61,63,0,7818,1.13366707078925,27,-87,0.001869,51,2025-05-26 00:12:08.000017,276,1.037,0.0011,"aoml_navis",1028.00755814037
"7901009",71,0,1,0.033642,1,0.011214,1,122.284141038688,1,4.86372433591193,278,1,13.8500003814697,35.7319984436035,0.0336420014500618,0,117.918502807617,-86.75,27.4306,9.93368497721054,63,63,63,63,61,63,0,7818,1.13366707078925,27,-87,0.001869,51,2025-05-26 00:12:08.000017,278,1.037,0.0011,"aoml_navis",1028.01878862292
"7901009",71,0,1,0.031773,1,0.009345,1,122.499525435232,1,4.86367080604358,280,1,13.8170003890991,35.726001739502,0.0317730009555817,0,118.126197814941,-86.75,27.4306,9.93368497721054,63,63,63,63,61,63,0,7818,1.13366707078925,27,-87,0.001869,51,2025-05-26 00:12:08.000017,280,1.037,0.0011,"aoml_navis",1028.03010306269
"7901009",71,0,1,0.028035,1,0.005607,1,122.532715662008,1,4.86360436638917,282,1,13.7639999389648,35.7179985046387,0.0280349999666214,0,118.158203125,-86.75,27.4306,9.93368497721054,63,63,63,63,61,63,0,7818,1.13366707078925,27,-87,0.001869,51,2025-05-26 00:12:08.000017,282,1.037,0.0011,"aoml_navis",1028.04414654971
"7901009",71,0,1,0.035511,1,0.013083,1,122.343456206777,1,4.86355735401464,284.100006103516,1,13.7430000305176,35.7130012512207,0.0355109982192516,0,117.975700378418,-86.75,27.4306,9.93368497721054,63,63,63,63,61,63,0,7818,1.13366707078925,27,-87,0.001869,51,2025-05-26 00:12:08.000017,284.100006103516,1.037,0.0011,"aoml_navis",1028.05408388425
"7901009",71,0,1,0.026166,1,0.003738,1,122.275635795831,1,4.86350163233205,286,1,13.7019996643066,35.7060012817383,0.0261659994721413,0,117.910301208496,-86.75,27.4306,9.93368497721054,63,63,63,63,61,63,0,7818,1.13366707078925,27,-87,0.001869,51,2025-05-26 00:12:08.000017,286,1.037,0.0011,"aoml_navis",1028.06586241496
"7901009",71,0,1,0.028035,1,0.005607,1,122.430257155037,1,4.86343265609908,288,1,13.6389999389648,35.6959991455078,0.0280349999666214,0,118.05940246582,-86.75,27.4306,9.93368497721054,63,63,63,63,61,63,0,7818,1.13366707078925,27,-87,0.001869,51,2025-05-26 00:12:08.000017,288,1.037,0.0011,"aoml_navis",1028.08044308574
"7901009",71,0,1,0.024297,1,0.001869,1,122.71522630593,1,4.86333918067521,290,1,13.5260000228882,35.6790008544922,0.0242970008403063,0,118.334197998047,-86.75,27.4306,9.93368497721054,63,63,63,63,61,63,0,7818,1.13366707078925,27,-87,0.001869,51,2025-05-26 00:12:08.000017,290,1.037,0.0011,"aoml_navis",1028.10020322412
"7901009",71,0,1,0.026166,1,0.003738,1,122.707140391326,1,4.86328268686179,292,1,13.4750003814697,35.6689987182617,0.0261659994721413,0,118.326400756836,-86.75,27.4306,9.93368497721054,63,63,63,63,61,63,0,7818,1.13366707078925,27,-87,0.001869,51,2025-05-26 00:12:08.000017,292,1.037,0.0011,"aoml_navis",1028.11214604233
"7901009",71,0,1,0.026166,1,0.003738,1,122.602086796302,1,4.86319533874481,294,1,13.3819999694824,35.6559982299805,0.0261659994721413,0,118.22509765625,-86.75,27.4306,9.93368497721054,63,63,63,63,61,63,0,7818,1.13366707078925,27,-87,0.001869,51,2025-05-26 00:12:08.000017,294,1.037,0.0011,"aoml_navis",1028.13061202072
"7901009",71,0,1,0.024297,1,0.001869,1,122.001031173443,1,4.86312720435972,296,1,13.3190002441406,35.6459999084473,0.0242970008403063,0,117.645500183105,-86.75,27.4306,9.93368497721054,63,63,63,63,61,63,0,7818,1.13366707078925,27,-87,0.001869,51,2025-05-26 00:12:08.000017,296,1.037,0.0011,"aoml_navis",1028.1450165477
"7901009",71,0,1,0.028035,1,0.005607,1,121.483762082539,1,4.86307010586728,298,1,13.2779998779297,35.6389999389648,0.0280349999666214,0,117.146697998047,-86.75,27.4306,9.93368497721054,63,63,63,63,61,63,0,7818,1.13366707078925,27,-87,0.001869,51,2025-05-26 00:12:08.000017,298,1.037,0.0011,"aoml_navis",1028.15708824915
"7901009",71,0,1,0.024297,1,0.001869,1,121.814263952166,1,4.86300492248772,300,1,13.21399974823,35.6279983520508,0.0242970008403063,0,117.465400695801,-86.75,27.4306,9.93368497721054,63,63,63,63,61,63,0,7818,1.13366707078925,27,-87,0.001869,51,2025-05-26 00:12:08.000017,300,1.037,0.0011,"aoml_navis",1028.17086959521
"7901009",71,0,1,0.024297,1,0.001869,1,122.001339735742,1,4.86293920739206,302,1,13.1529998779297,35.6180000305176,0.0242970008403063,0,117.645797729492,-86.75,27.4306,9.93368497721054,63,63,63,63,61,63,0,7818,1.13366707078925,27,-87,0.001869,51,2025-05-26 00:12:08.000017,302,1.037,0.0011,"aoml_navis",1028.18476373293
"7901009",71,0,1,0.028035,1,0.005607,1,121.912679501834,1,4.86287775008314,304,1,13.1110000610352,35.6119995117188,0.0280349999666214,0,117.560302734375,-86.75,27.4306,9.93368497721054,63,63,63,63,61,63,0,7818,1.13366707078925,27,-87,0.001869,51,2025-05-26 00:12:08.000017,304,1.037,0.0011,"aoml_navis",1028.19775798693
"7901009",71,0,1,0.024297,1,0.001869,1,121.559984882241,1,4.86282296883959,306,1,13.0719995498657,35.6049995422363,0.0242970008403063,0,117.220199584961,-86.75,27.4306,9.93368497721054,63,63,63,63,61,63,0,7818,1.13366707078925,27,-87,0.001869,51,2025-05-26 00:12:08.000017,306,1.037,0.0011,"aoml_navis",1028.20934096088
"7901009",71,0,1,0.028035,1,0.005607,1,121.254793032985,1,4.86274434220109,308,1,12.9899997711182,35.5929985046387,0.0280349999666214,0,116.925903320312,-86.75,27.4306,9.93368497721054,63,63,63,63,61,63,0,7818,1.13366707078925,27,-87,0.001869,51,2025-05-26 00:12:08.000017,308,1.037,0.0011,"aoml_navis",1028.22596627335
"7901009",71,0,1,0.029904,1,0.007476,1,121.026852524428,1,4.86267750229601,310,1,12.9309997558594,35.5839996337891,0.0299040004611015,0,116.706100463867,-86.75,27.4306,9.93368497721054,63,63,63,63,61,63,0,7818,1.13366707078925,27,-87,0.001869,51,2025-05-26 00:12:08.000017,310,1.037,0.0011,"aoml_navis",1028.24009974734
"7901009",71,0,1,0.024297,1,0.001869,1,120.805755769425,1,4.86261082266781,312,1,12.8570003509521,35.5709991455078,0.0242970008403063,0,116.492897033691,-86.75,27.4306,9.93368497721054,63,63,63,63,61,63,0,7818,1.13366707078925,27,-87,0.001869,51,2025-05-26 00:12:08.000017,312,1.037,0.0011,"aoml_navis",1028.25419971751
"7901009",71,0,1,0.022428,1,0,1,120.731194459024,1,4.86250953059825,314,1,12.7320003509521,35.5540008544922,0.0224280003458261,0,116.420997619629,-86.75,27.4306,9.93368497721054,63,63,63,63,61,63,0,7818,1.13366707078925,27,-87,0.001869,51,2025-05-26 00:12:08.000017,314,1.037,0.0011,"aoml_navis",1028.27561952045
"7901009",71,0,1,0.026166,1,0.003738,1,120.413968680107,1,4.86244197385122,316,1,12.6639995574951,35.5429992675781,0.0261659994721413,0,116.115097045898,-86.75,27.4306,9.93368497721054,63,63,63,63,61,63,0,7818,1.13366707078925,27,-87,0.001869,51,2025-05-26 00:12:08.000017,316,1.037,0.0011,"aoml_navis",1028.28990595436
"7901009",71,0,1,0.022428,1,0,1,120.061693388767,1,4.86238193122276,318,1,12.5959997177124,35.5299987792969,0.0224280003458261,0,115.775398254395,-86.75,27.4306,9.93368497721054,63,63,63,63,61,63,0,7818,1.13366707078925,27,-87,0.001869,51,2025-05-26 00:12:08.000017,318,1.037,0.0011,"aoml_navis",1028.30260368762
"7901009",71,0,1,0.026166,1,0.003738,1,119.722274859885,1,4.86231153302224,320,1,12.5170001983643,35.5169982910156,0.0261659994721413,0,115.448097229004,-86.75,27.4306,9.93368497721054,63,63,63,63,61,63,0,7818,1.13366707078925,27,-87,0.001869,51,2025-05-26 00:12:08.000017,320,1.037,0.0011,"aoml_navis",1028.31749180254
"7901009",71,0,1,0.026166,1,0.003738,1,119.360671492891,1,4.862244247612,322,1,12.4180002212524,35.4980010986328,0.0261659994721413,0,115.099403381348,-86.75,27.4306,9.93368497721054,63,63,63,63,61,63,0,7818,1.13366707078925,27,-87,0.001869,51,2025-05-26 00:12:08.000017,322,1.037,0.0011,"aoml_navis",1028.3317220141
"7901009",71,0,1,0.026166,1,0.003738,1,119.233528002002,1,4.86212039442045,324,1,12.2279996871948,35.4710006713867,0.0261659994721413,0,114.97679901123,-86.75,27.4306,9.93368497721054,63,63,63,63,61,63,0,7818,1.13366707078925,27,-87,0.001869,51,2025-05-26 00:12:08.000017,324,1.037,0.0011,"aoml_navis",1028.35791679239
"7901009",71,0,1,0.024297,1,0.001869,1,119.272311909428,1,4.8620211777728,326,1,12.0819997787476,35.4490013122559,0.0242970008403063,0,115.014198303223,-86.75,27.4306,9.93368497721054,63,63,63,63,61,63,0,7818,1.13366707078925,27,-87,0.001869,51,2025-05-26 00:12:08.000017,326,1.037,0.0011,"aoml_navis",1028.37890193856
"7901009",71,0,1,0.024297,1,0.001869,1,119.217870443292,1,4.86195837423901,328,1,12.0170001983643,35.4379997253418,0.0242970008403063,0,114.961700439453,-86.75,27.4306,9.93368497721054,63,63,63,63,61,63,0,7818,1.13366707078925,27,-87,0.001869,51,2025-05-26 00:12:08.000017,328,1.037,0.0011,"aoml_navis",1028.39218585095
"7901009",71,0,1,0.024297,1,0.001869,1,119.218076151491,1,4.86190819840652,330,1,11.9809999465942,35.4309997558594,0.0242970008403063,0,114.961898803711,-86.75,27.4306,9.93368497721054,63,63,63,63,61,63,0,7818,1.13366707078925,27,-87,0.001869,51,2025-05-26 00:12:08.000017,330,1.037,0.0011,"aoml_navis",1028.40279905712
"7901009",71,0,1,0.028035,1,0.005607,1,119.136362525237,1,4.86186498355971,332,1,11.9720001220703,35.4290008544922,0.0280349999666214,0,114.883102416992,-86.75,27.4306,9.93368497721054,63,63,63,63,61,63,0,7818,1.13366707078925,27,-87,0.001869,51,2025-05-26 00:12:08.000017,332,1.037,0.0011,"aoml_navis",1028.41194004922
"7901009",71,0,1,0.024297,1,0.001869,1,118.998126615292,1,4.86182544750949,334,1,11.9630002975464,35.4259986877441,0.0242970008403063,0,114.749801635742,-86.75,27.4306,9.93368497721054,63,63,63,63,61,63,0,7818,1.13366707078925,27,-87,0.001869,51,2025-05-26 00:12:08.000017,334,1.037,0.0011,"aoml_navis",1028.42030302863
"7901009",71,0,1,0.024297,1,0.001869,1,118.90945846953,1,4.86177461507673,336,1,11.9379997253418,35.4220008850098,0.0242970008403063,0,114.66429901123,-86.75,27.4306,9.93368497721054,63,63,63,63,61,63,0,7818,1.13366707078925,27,-87,0.001869,51,2025-05-26 00:12:08.000017,336,1.037,0.0011,"aoml_navis",1028.43105570847
"7901009",71,0,1,0.029904,1,0.007476,1,118.84827610394,1,4.86172002222784,338,1,11.9049997329712,35.4169998168945,0.0299040004611015,0,114.60530090332,-86.75,27.4306,9.93368497721054,63,63,63,63,61,63,0,7818,1.13366707078925,27,-87,0.001869,51,2025-05-26 00:12:08.000017,338,1.037,0.0011,"aoml_navis",1028.44260408661
"7901009",71,0,1,0.020559,1,-0.001869,1,118.756292891427,1,4.86166361103779,340,1,11.8699998855591,35.4119987487793,0.020558999851346,0,114.5166015625,-86.75,27.4306,9.93368497721054,63,63,63,63,61,63,0,7818,1.13366707078925,27,-87,0.001869,51,2025-05-26 00:12:08.000017,340,1.037,0.0011,"aoml_navis",1028.45453738266
"7901009",71,0,1,0.024297,1,0.001869,1,118.641183330198,1,4.86160816492239,342,1,11.8360004425049,35.4070014953613,0.0242970008403063,0,114.405601501465,-86.75,27.4306,9.93368497721054,63,63,63,63,61,63,0,7818,1.13366707078925,27,-87,0.001869,51,2025-05-26 00:12:08.000017,342,1.037,0.0011,"aoml_navis",1028.46626679545
"7901009",71,0,1,0.028035,1,0.005607,1,118.479409655139,1,4.8615537066675,344,1,11.8030004501343,35.4020004272461,0.0280349999666214,0,114.249603271484,-86.75,27.4306,9.93368497721054,63,63,63,63,61,63,0,7818,1.13366707078925,27,-87,0.001869,51,2025-05-26 00:12:08.000017,344,1.037,0.0011,"aoml_navis",1028.47778749058
"7901009",71,0,1,0.026166,1,0.003738,1,118.343863775493,1,4.8615011453046,346,1,11.7720003128052,35.3969993591309,0.0261659994721413,0,114.118896484375,-86.75,27.4306,9.93368497721054,63,63,63,63,61,63,0,7818,1.13366707078925,27,-87,0.001869,51,2025-05-26 00:12:08.000017,346,1.037,0.0011,"aoml_navis",1028.4889071412
"7901009",71,0,1,0.022428,1,0,1,118.136359585353,1,4.86144401966276,348,1,11.7399997711182,35.3930015563965,0.0224280003458261,0,113.918800354004,-86.75,27.4306,9.93368497721054,63,63,63,63,61,63,0,7818,1.13366707078925,27,-87,0.001869,51,2025-05-26 00:12:08.000017,348,1.037,0.0011,"aoml_navis",1028.50099266326
"7901009",71,0,1,0.026166,1,0.003738,1,117.856050516361,1,4.86138602490625,350,1,11.7069997787476,35.3889999389648,0.0261659994721413,0,113.648498535156,-86.75,27.4306,9.93368497721054,63,63,63,63,61,63,0,7818,1.13366707078925,27,-87,0.001869,51,2025-05-26 00:12:08.000017,350,1.037,0.0011,"aoml_navis",1028.51326234609
"7901009",71,0,1,0.024297,1,0.001869,1,117.830851261944,1,4.861322249216,352.100006103516,1,11.6660003662109,35.3839988708496,0.0242970008403063,0,113.624198913574,-86.75,27.4306,9.93368497721054,63,63,63,63,61,63,0,7818,1.13366707078925,27,-87,0.001869,51,2025-05-26 00:12:08.000017,352.100006103516,1.037,0.0011,"aoml_navis",1028.52675541235
"7901009",71,0,1,0.026166,1,0.003738,1,117.886226326831,1,4.86128302980122,354,1,11.6510000228882,35.3800010681152,0.0261659994721413,0,113.677597045898,-86.75,27.4306,9.93368497721054,63,63,63,63,61,63,0,7818,1.13366707078925,27,-87,0.001869,51,2025-05-26 00:12:08.000017,354,1.037,0.0011,"aoml_navis",1028.53505326647
"7901009",71,0,1,0.029904,1,0.007476,1,117.932170461964,1,4.86123155667898,356,1,11.6169996261597,35.3740005493164,0.0299040004611015,0,113.721900939941,-86.75,27.4306,9.93368497721054,63,63,63,63,61,63,0,7818,1.13366707078925,27,-87,0.001869,51,2025-05-26 00:12:08.000017,356,1.037,0.0011,"aoml_navis",1028.54594390394
"7901009",71,0,1,0.024297,1,0.001869,1,118.067186247404,1,4.86117737453901,358,1,11.5799999237061,35.3680000305176,0.0242970008403063,0,113.852096557617,-86.75,27.4306,9.93368497721054,63,63,63,63,61,63,0,7818,1.13366707078925,27,-87,0.001869,51,2025-05-26 00:12:08.000017,358,1.037,0.0011,"aoml_navis",1028.55740796213
"7901009",71,0,1,0.022428,1,0,1,118.034312494781,1,4.8611195757651,360,1,11.5349998474121,35.3610000610352,0.0224280003458261,0,113.82039642334,-86.75,27.4306,9.93368497721054,63,63,63,63,61,63,0,7818,1.13366707078925,27,-87,0.001869,51,2025-05-26 00:12:08.000017,360,1.037,0.0011,"aoml_navis",1028.56963752286
"7901009",71,0,1,0.022428,1,0,1,117.986920490399,1,4.86106643649123,362,1,11.4949998855591,35.3540000915527,0.0224280003458261,0,113.774696350098,-86.75,27.4306,9.93368497721054,63,63,63,63,61,63,0,7818,1.13366707078925,27,-87,0.001869,51,2025-05-26 00:12:08.000017,362,1.037,0.0011,"aoml_navis",1028.58088144318
"7901009",71,0,1,0.026166,1,0.003738,1,117.899091001142,1,4.8610169988076,364,1,11.4670000076294,35.3489990234375,0.0261659994721413,0,113.690002441406,-86.75,27.4306,9.93368497721054,63,63,63,63,61,63,0,7818,1.13366707078925,27,-87,0.001869,51,2025-05-26 00:12:08.000017,364,1.037,0.0011,"aoml_navis",1028.59134235212
"7901009",71,0,1,0.026166,1,0.003738,1,117.833960620495,1,4.860961502992,365.899993896484,1,11.4259996414185,35.3429985046387,0.0261659994721413,0,113.627197265625,-86.75,27.4306,9.93368497721054,63,63,63,63,61,63,0,7818,1.13366707078925,27,-87,0.001869,51,2025-05-26 00:12:08.000017,365.899993896484,1.037,0.0011,"aoml_navis",1028.60308540243
"7901009",71,0,1,0.024297,1,0.001869,1,117.653317174074,1,4.86090998051544,368,1,11.4060001373291,35.3400001525879,0.0242970008403063,0,113.453002929688,-86.75,27.4306,9.93368497721054,63,63,63,63,61,63,0,7818,1.13366707078925,27,-87,0.001869,51,2025-05-26 00:12:08.000017,368,1.037,0.0011,"aoml_navis",1028.6139879245
"7901009",71,0,1,0.026166,1,0.003738,1,117.421333708215,1,4.86086331287214,370,1,11.3889999389648,35.3370018005371,0.0261659994721413,0,113.229301452637,-86.75,27.4306,9.93368497721054,63,63,63,63,61,63,0,7818,1.13366707078925,27,-87,0.001869,51,2025-05-26 00:12:08.000017,370,1.037,0.0011,"aoml_navis",1028.62386332885
"7901009",71,0,1,0.026166,1,0.003738,1,117.083782376834,1,4.86081209601298,372,1,11.371000289917,35.3349990844727,0.0261659994721413,0,112.903800964355,-86.75,27.4306,9.93368497721054,63,63,63,63,61,63,0,7818,1.13366707078925,27,-87,0.001869,51,2025-05-26 00:12:08.000017,372,1.037,0.0011,"aoml_navis",1028.63470161728
"7901009",71,0,1,0.022428,1,0,1,116.796004517836,1,4.86075278438717,374,1,11.3319997787476,35.3300018310547,0.0224280003458261,0,112.62629699707,-86.75,27.4306,9.93368497721054,63,63,63,63,61,63,0,7818,1.13366707078925,27,-87,0.001869,51,2025-05-26 00:12:08.000017,374,1.037,0.0011,"aoml_navis",1028.64725317035
"7901009",71,0,1,0.026166,1,0.003738,1,116.495480662333,1,4.86070436235534,376,1,11.3129997253418,35.3269996643066,0.0261659994721413,0,112.336502075195,-86.75,27.4306,9.93368497721054,63,63,63,63,61,63,0,7818,1.13366707078925,27,-87,0.001869,51,2025-05-26 00:12:08.000017,376,1.037,0.0011,"aoml_navis",1028.65750048974
"7901009",71,0,1,0.028035,1,0.005607,1,116.215899483892,1,4.86065764652059,378,1,11.3079996109009,35.3269996643066,0.0280349999666214,0,112.066902160645,-86.75,27.4306,9.93368497721054,63,63,63,63,61,63,0,7818,1.13366707078925,27,-87,0.001869,51,2025-05-26 00:12:08.000017,378,1.037,0.0011,"aoml_navis",1028.66738692842
"7901009",71,0,1,0.022428,1,0,1,116.091976117508,1,4.86060632681653,380,1,11.3059997558594,35.3289985656738,0.0224280003458261,0,111.947402954102,-86.75,27.4306,9.93368497721054,63,63,63,63,61,63,0,7818,1.13366707078925,27,-87,0.001869,51,2025-05-26 00:12:08.000017,380,1.037,0.0011,"aoml_navis",1028.67824789974
"7901009",71,0,1,0.026166,1,0.003738,1,116.057235167384,1,4.86055775272236,382,1,11.3030004501343,35.3300018310547,0.0261659994721413,0,111.913902282715,-86.75,27.4306,9.93368497721054,63,63,63,63,61,63,0,7818,1.13366707078925,27,-87,0.001869,51,2025-05-26 00:12:08.000017,382,1.037,0.0011,"aoml_navis",1028.68852801914
"7901009",71,0,1,0.020559,1,-0.001869,1,116.116858897772,1,4.86051109082832,384,1,11.293999671936,35.3289985656738,0.020558999851346,0,111.971397399902,-86.75,27.4306,9.93368497721054,63,63,63,63,61,63,0,7818,1.13366707078925,27,-87,0.001869,51,2025-05-26 00:12:08.000017,384,1.037,0.0011,"aoml_navis",1028.69840363802
"7901009",71,0,1,0.022428,1,0,1,116.154194935949,1,4.86046445562875,386,1,11.2810001373291,35.3269996643066,0.0224280003458261,0,112.007400512695,-86.75,27.4306,9.93368497721054,63,63,63,63,61,63,0,7818,1.13366707078925,27,-87,0.001869,51,2025-05-26 00:12:08.000017,386,1.037,0.0011,"aoml_navis",1028.70827379669
"7901009",71,0,1,0.026166,1,0.003738,1,116.176181977715,1,4.86042322841701,388,1,11.2779998779297,35.326000213623,0.0261659994721413,0,112.028602600098,-86.75,27.4306,9.93368497721054,63,63,63,63,61,63,0,7818,1.13366707078925,27,-87,0.001869,51,2025-05-26 00:12:08.000017,388,1.037,0.0011,"aoml_navis",1028.71699953348
"7901009",71,0,1,0.028035,1,0.005607,1,116.238297942057,1,4.86038026502991,390,1,11.2650003433228,35.3230018615723,0.0280349999666214,0,112.088500976562,-86.75,27.4306,9.93368497721054,63,63,63,63,61,63,0,7818,1.13366707078925,27,-87,0.001869,51,2025-05-26 00:12:08.000017,390,1.037,0.0011,"aoml_navis",1028.7260928892
"7901009",71,0,1,0.022428,1,0,1,116.355068992588,1,4.86032744425775,392,1,11.2329998016357,35.318000793457,0.0224280003458261,0,112.201103210449,-86.75,27.4306,9.93368497721054,63,63,63,63,61,63,0,7818,1.13366707078925,27,-87,0.001869,51,2025-05-26 00:12:08.000017,392,1.037,0.0011,"aoml_navis",1028.73727281631
"7901009",71,0,1,0.028035,1,0.005607,1,116.233424240104,1,4.86028099248686,394,1,11.2080001831055,35.3129997253418,0.0280349999666214,0,112.083801269531,-86.75,27.4306,9.93368497721054,63,63,63,63,61,63,0,7818,1.13366707078925,27,-87,0.001869,51,2025-05-26 00:12:08.000017,394,1.037,0.0011,"aoml_navis",1028.74710489561
"7901009",71,0,1,0.024297,1,0.001869,1,116.072789871994,1,4.86022367754349,396,1,11.1750001907349,35.3089981079102,0.0242970008403063,0,111.928901672363,-86.75,27.4306,9.93368497721054,63,63,63,63,61,63,0,7818,1.13366707078925,27,-87,0.001869,51,2025-05-26 00:12:08.000017,396,1.037,0.0011,"aoml_navis",1028.75923655579
"7901009",71,0,1,0.029904,1,0.007476,1,115.936215451351,1,4.86017180004684,398,1,11.1479997634888,35.3050003051758,0.0299040004611015,0,111.797203063965,-86.75,27.4306,9.93368497721054,63,63,63,63,61,63,0,7818,1.13366707078925,27,-87,0.001869,51,2025-05-26 00:12:08.000017,398,1.037,0.0011,"aoml_navis",1028.77021753672
"7901009",71,0,1,0.026166,1,0.003738,1,115.910494014582,1,4.86011720103184,400,1,11.1219997406006,35.3019981384277,0.0261659994721413,0,111.772399902344,-86.75,27.4306,9.93368497721054,63,63,63,63,61,63,0,7818,1.13366707078925,27,-87,0.001869,51,2025-05-26 00:12:08.000017,400,1.037,0.0011,"aoml_navis",1028.78177483836
"7901009",71,0,1,0.024297,1,0.001869,1,115.830433965777,1,4.86006711176757,402,1,11.1009998321533,35.298999786377,0.0242970008403063,0,111.695198059082,-86.75,27.4306,9.93368497721054,63,63,63,63,61,63,0,7818,1.13366707078925,27,-87,0.001869,51,2025-05-26 00:12:08.000017,402,1.037,0.0011,"aoml_navis",1028.79237776236
"7901009",71,0,1,0.022428,1,0,1,115.809277668662,1,4.86001254545592,404,1,11.0749998092651,35.2960014343262,0.0224280003458261,0,111.674797058105,-86.75,27.4306,9.93368497721054,63,63,63,63,61,63,0,7818,1.13366707078925,27,-87,0.001869,51,2025-05-26 00:12:08.000017,404,1.037,0.0011,"aoml_navis",1028.80392863903
"7901009",71,0,1,0.022428,1,0,1,115.816746458668,1,4.85996347907695,406,1,11.0509996414185,35.2919998168945,0.0224280003458261,0,111.681999206543,-86.75,27.4306,9.93368497721054,63,63,63,63,61,63,0,7818,1.13366707078925,27,-87,0.001869,51,2025-05-26 00:12:08.000017,406,1.037,0.0011,"aoml_navis",1028.81431548322
"7901009",71,0,1,0.024297,1,0.001869,1,115.821208744222,1,4.85991092895761,408,1,11.0190000534058,35.2869987487793,0.0242970008403063,0,111.686302185059,-86.75,27.4306,9.93368497721054,63,63,63,63,61,63,0,7818,1.13366707078925,27,-87,0.001869,51,2025-05-26 00:12:08.000017,408,1.037,0.0011,"aoml_navis",1028.82544003177
"7901009",71,0,1,0.026166,1,0.003738,1,115.863307718399,1,4.85984937164616,410,1,10.9809999465942,35.2830009460449,0.0261659994721413,0,111.726898193359,-86.75,27.4306,9.93368497721054,63,63,63,63,61,63,0,7818,1.13366707078925,27,-87,0.001869,51,2025-05-26 00:12:08.000017,410,1.037,0.0011,"aoml_navis",1028.83847165542
"7901009",71,0,1,0.020559,1,-0.001869,1,115.799324556556,1,4.85980021353322,412,1,10.9650001525879,35.2809982299805,0.020558999851346,0,111.665199279785,-86.75,27.4306,9.93368497721054,63,63,63,63,61,63,0,7818,1.13366707078925,27,-87,0.001869,51,2025-05-26 00:12:08.000017,412,1.037,0.0011,"aoml_navis",1028.84887861776
"7901009",71,0,1,0.028035,1,0.005607,1,115.649790519356,1,4.85975043600901,414,1,10.9359998703003,35.2760009765625,0.0280349999666214,0,111.521003723145,-86.75,27.4306,9.93368497721054,63,63,63,63,61,63,0,7818,1.13366707078925,27,-87,0.001869,51,2025-05-26 00:12:08.000017,414,1.037,0.0011,"aoml_navis",1028.85941692639
"7901009",71,0,1,0.024297,1,0.001869,1,115.107630736334,1,4.85969278527767,416,1,10.8940000534058,35.2700004577637,0.0242970008403063,0,110.998199462891,-86.75,27.4306,9.93368497721054,63,63,63,63,61,63,0,7818,1.13366707078925,27,-87,0.001869,51,2025-05-26 00:12:08.000017,416,1.037,0.0011,"aoml_navis",1028.87162232711
"7901009",71,0,1,0.024297,1,0.001869,1,114.199721774915,1,4.85962887449853,418,1,10.8489999771118,35.2649993896484,0.0242970008403063,0,110.122703552246,-86.75,27.4306,9.93368497721054,63,63,63,63,61,63,0,7818,1.13366707078925,27,-87,0.001869,51,2025-05-26 00:12:08.000017,418,1.037,0.0011,"aoml_navis",1028.88515339887
"7901009",71,0,1,0.026166,1,0.003738,1,112.899606395927,1,4.85956356610123,420,1,10.8229999542236,35.2649993896484,0.0261659994721413,0,108.869003295898,-86.75,27.4306,9.93368497721054,63,63,63,63,61,63,0,7818,1.13366707078925,27,-87,0.001869,51,2025-05-26 00:12:08.000017,420,1.037,0.0011,"aoml_navis",1028.89898073942
"7901009",71,0,1,0.028035,1,0.005607,1,112.217137797259,1,4.85949768759641,422,1,10.8170003890991,35.2700004577637,0.0280349999666214,0,108.210899353027,-86.75,27.4306,9.93368497721054,63,63,63,63,61,63,0,7818,1.13366707078925,27,-87,0.001869,51,2025-05-26 00:12:08.000017,422,1.037,0.0011,"aoml_navis",1028.91292916184
"7901009",71,0,1,0.033642,1,0.011214,1,111.545255259002,1,4.85945181688017,424,1,10.8170003890991,35.2709999084473,0.0336420014500618,0,107.563003540039,-86.75,27.4306,9.93368497721054,63,63,63,63,61,63,0,7818,1.13366707078925,27,-87,0.001869,51,2025-05-26 00:12:08.000017,424,1.037,0.0011,"aoml_navis",1028.92264156867
"7901009",71,0,1,0.026166,1,0.003738,1,110.796311264537,1,4.85940351222109,426,1,10.8059997558594,35.2700004577637,0.0261659994721413,0,106.840797424316,-86.75,27.4306,9.93368497721054,63,63,63,63,61,63,0,7818,1.13366707078925,27,-87,0.001869,51,2025-05-26 00:12:08.000017,426,1.037,0.0011,"aoml_navis",1028.93286952304
"7901009",71,0,1,0.026166,1,0.003738,1,110.567445069083,1,4.8593369677804,428,1,10.7620000839233,35.265998840332,0.0261659994721413,0,106.620101928711,-86.75,27.4306,9.93368497721054,63,63,63,63,61,63,0,7818,1.13366707078925,27,-87,0.001869,51,2025-05-26 00:12:08.000017,428,1.037,0.0011,"aoml_navis",1028.9469598738
"7901009",71,0,1,0.029904,1,0.007476,1,110.548258823569,1,4.8592648514297,430,1,10.6949996948242,35.257999420166,0.0299040004611015,0,106.601600646973,-86.75,27.4306,9.93368497721054,63,63,63,63,61,63,0,7818,1.13366707078925,27,-87,0.001869,51,2025-05-26 00:12:08.000017,430,1.037,0.0011,"aoml_navis",1028.96223047585
"7901009",71,0,1,0.028035,1,0.005607,1,110.617012833266,1,4.85920437262701,432,1,10.6409997940063,35.25,0.0280349999666214,0,106.667900085449,-86.75,27.4306,9.93368497721054,63,63,63,63,61,63,0,7818,1.13366707078925,27,-87,0.001869,51,2025-05-26 00:12:08.000017,432,1.037,0.0011,"aoml_navis",1028.97503718224
"7901009",71,0,1,0.029904,1,0.007476,1,110.576156020139,1,4.85915058766044,434,1,10.6070003509521,35.2449989318848,0.0299040004611015,0,106.62850189209,-86.75,27.4306,9.93368497721054,63,63,63,63,61,63,0,7818,1.13366707078925,27,-87,0.001869,51,2025-05-26 00:12:08.000017,434,1.037,0.0011,"aoml_navis",1028.98642670125
"7901009",71,0,1,0.028035,1,0.005607,1,110.518597283598,1,4.85910122280555,436,1,10.5780000686646,35.2400016784668,0.0280349999666214,0,106.572998046875,-86.75,27.4306,9.93368497721054,63,63,63,63,61,63,0,7818,1.13366707078925,27,-87,0.001869,51,2025-05-26 00:12:08.000017,436,1.037,0.0011,"aoml_navis",1028.99688043813
"7901009",71,0,1,0.028035,1,0.005607,1,110.48914936368,1,4.85903419223022,438,1,10.5120000839233,35.2309989929199,0.0280349999666214,0,106.54460144043,-86.75,27.4306,9.93368497721054,63,63,63,63,61,63,0,7818,1.13366707078925,27,-87,0.001869,51,2025-05-26 00:12:08.000017,438,1.037,0.0011,"aoml_navis",1029.01107549216
"7901009",71,0,1,0.026166,1,0.003738,1,110.603016763858,1,4.85895154414208,440,1,10.41100025177,35.2179985046387,0.0261659994721413,0,106.654403686523,-86.75,27.4306,9.93368497721054,63,63,63,63,61,63,0,7818,1.13366707078925,27,-87,0.001869,51,2025-05-26 00:12:08.000017,440,1.037,0.0011,"aoml_navis",1029.0285784035
"7901009",71,0,1,0.026166,1,0.003738,1,110.499727512237,1,4.85889259627086,442,1,10.3579998016357,35.2099990844727,0.0261659994721413,0,106.554801940918,-86.75,27.4306,9.93368497721054,63,63,63,63,61,63,0,7818,1.13366707078925,27,-87,0.001869,51,2025-05-26 00:12:08.000017,442,1.037,0.0011,"aoml_navis",1029.04106253294
"7901009",71,0,1,0.028035,1,0.005607,1,110.408677898475,1,4.85883313721632,444,1,10.3170003890991,35.2050018310547,0.0280349999666214,0,106.467002868652,-86.75,27.4306,9.93368497721054,63,63,63,63,61,63,0,7818,1.13366707078925,27,-87,0.001869,51,2025-05-26 00:12:08.000017,444,1.037,0.0011,"aoml_navis",1029.05365522895
"7901009",71,0,1,0.029904,1,0.007476,1,110.509269207944,1,4.85876168737454,446,1,10.2449998855591,35.1959991455078,0.0299040004611015,0,106.564002990723,-86.75,27.4306,9.93368497721054,63,63,63,63,61,63,0,7818,1.13366707078925,27,-87,0.001869,51,2025-05-26 00:12:08.000017,446,1.037,0.0011,"aoml_navis",1029.06878783384
"7901009",71,0,1,0.028035,1,0.005607,1,110.631531085026,1,4.85870008279162,448,1,10.1969995498657,35.189998626709,0.0280349999666214,0,106.681900024414,-86.75,27.4306,9.93368497721054,63,63,63,63,61,63,0,7818,1.13366707078925,27,-87,0.001869,51,2025-05-26 00:12:08.000017,448,1.037,0.0011,"aoml_navis",1029.08183563518
"7901009",71,0,1,0.028035,1,0.005607,1,110.812696713799,1,4.85865378864894,450,1,10.1709995269775,35.185001373291,0.0280349999666214,0,106.856597900391,-86.75,27.4306,9.93368497721054,63,63,63,63,61,63,0,7818,1.13366707078925,27,-87,0.001869,51,2025-05-26 00:12:08.000017,450,1.037,0.0011,"aoml_navis",1029.09164091528
"7901009",71,0,1,0.028035,1,0.005607,1,111.234976087739,1,4.85860311770184,452,1,10.1269998550415,35.1769981384277,0.0280349999666214,0,107.263801574707,-86.75,27.4306,9.93368497721054,63,63,63,63,61,63,0,7818,1.13366707078925,27,-87,0.001869,51,2025-05-26 00:12:08.000017,452,1.037,0.0011,"aoml_navis",1029.10237343384
"7901009",71,0,1,0.029904,1,0.007476,1,111.927706360812,1,4.85852809442488,454,1,10.0200004577637,35.1609992980957,0.0299040004611015,0,107.931800842285,-86.75,27.4306,9.93368497721054,63,63,63,63,61,63,0,7818,1.13366707078925,27,-87,0.001869,51,2025-05-26 00:12:08.000017,454,1.037,0.0011,"aoml_navis",1029.11826438494
"7901009",71,0,1,0.031773,1,0.009345,1,112.527622676721,1,4.85848137215243,456,1,9.97599983215332,35.1520004272461,0.0317730009555817,0,108.510299682617,-86.75,27.4306,9.93368497721054,63,63,63,63,61,63,0,7818,1.13366707078925,27,-87,0.001869,51,2025-05-26 00:12:08.000017,456,1.037,0.0011,"aoml_navis",1029.12816104611
"7901009",71,0,1,0.028035,1,0.005607,1,113.400798599869,1,4.85840539808661,458,1,9.86699962615967,35.1360015869141,0.0280349999666214,0,109.35230255127,-86.75,27.4306,9.93368497721054,63,63,63,63,61,63,0,7818,1.13366707078925,27,-87,0.001869,51,2025-05-26 00:12:08.000017,458,1.037,0.0011,"aoml_navis",1029.14425419689
"7901009",71,0,1,0.029904,1,0.007476,1,113.893794123253,1,4.85834048304555,460,1,9.75300025939941,35.1160011291504,0.0299040004611015,0,109.827697753906,-86.75,27.4306,9.93368497721054,63,63,63,63,61,63,0,7818,1.13366707078925,27,-87,0.001869,51,2025-05-26 00:12:08.000017,460,1.037,0.0011,"aoml_navis",1029.15800517662
"7901009",71,0,1,0.024297,1,0.001869,1,114.043961108759,1,4.85828933398396,462,1,9.72500038146973,35.1119995117188,0.0242970008403063,0,109.972503662109,-86.75,27.4306,9.93368497721054,63,63,63,63,61,63,0,7818,1.13366707078925,27,-87,0.001869,51,2025-05-26 00:12:08.000017,462,1.037,0.0011,"aoml_navis",1029.16884036213
"7901009",71,0,1,0.031773,1,0.009345,1,114.131276327518,1,4.85824169912221,464,1,9.6879997253418,35.1049995422363,0.0317730009555817,0,110.056701660156,-86.75,27.4306,9.93368497721054,63,63,63,63,61,63,0,7818,1.13366707078925,27,-87,0.001869,51,2025-05-26 00:12:08.000017,464,1.037,0.0011,"aoml_navis",1029.17893132065
"7901009",71,0,1,0.026166,1,0.003738,1,114.150146098879,1,4.85819864492178,466,1,9.67399978637695,35.1020011901855,0.0261659994721413,0,110.074897766113,-86.75,27.4306,9.93368497721054,63,63,63,63,61,63,0,7818,1.13366707078925,27,-87,0.001869,51,2025-05-26 00:12:08.000017,466,1.037,0.0011,"aoml_navis",1029.18805208314
"7901009",71,0,1,0.029904,1,0.007476,1,114.190488641507,1,4.85814758370831,468,1,9.64599990844727,35.0979995727539,0.0299040004611015,0,110.113800048828,-86.75,27.4306,9.93368497721054,63,63,63,63,61,63,0,7818,1.13366707078925,27,-87,0.001869,51,2025-05-26 00:12:08.000017,468,1.037,0.0011,"aoml_navis",1029.19886929071
"7901009",71,0,1,0.031773,1,0.009345,1,114.298960157381,1,4.85809173224307,470,1,9.59899997711182,35.0909996032715,0.0317730009555817,0,110.218399047852,-86.75,27.4306,9.93368497721054,63,63,63,63,61,63,0,7818,1.13366707078925,27,-87,0.001869,51,2025-05-26 00:12:08.000017,470,1.037,0.0011,"aoml_navis",1029.21070156314
"7901009",71,0,1,0.028035,1,0.005607,1,114.389495500644,1,4.85803501448959,472,1,9.54199981689453,35.0820007324219,0.0280349999666214,0,110.305702209473,-86.75,27.4306,9.93368497721054,63,63,63,63,61,63,0,7818,1.13366707078925,27,-87,0.001869,51,2025-05-26 00:12:08.000017,472,1.037,0.0011,"aoml_navis",1029.22271763933
"7901009",71,0,1,0.026166,1,0.003738,1,114.553547789604,1,4.85796271399553,474,1,9.46599960327148,35.0730018615723,0.0261659994721413,0,110.463897705078,-86.75,27.4306,9.93368497721054,63,63,63,63,61,63,0,7818,1.13366707078925,27,-87,0.001869,51,2025-05-26 00:12:08.000017,474,1.037,0.0011,"aoml_navis",1029.23803544133
"7901009",71,0,1,0.029904,1,0.007476,1,114.608717146292,1,4.85790108281494,476,1,9.41600036621094,35.0670013427734,0.0299040004611015,0,110.517097473145,-86.75,27.4306,9.93368497721054,63,63,63,63,61,63,0,7818,1.13366707078925,27,-87,0.001869,51,2025-05-26 00:12:08.000017,476,1.037,0.0011,"aoml_navis",1029.25109317021
"7901009",71,0,1,0.022428,1,0,1,114.611106526145,1,4.85785241304264,478,1,9.39500045776367,35.0639991760254,0.0224280003458261,0,110.519401550293,-86.75,27.4306,9.93368497721054,63,63,63,63,61,63,0,7818,1.13366707078925,27,-87,0.001869,51,2025-05-26 00:12:08.000017,478,1.037,0.0011,"aoml_navis",1029.26140501422
"7901009",71,0,1,0.029904,1,0.007476,1,114.645428148017,1,4.85779836748876,480,1,9.36299991607666,35.060001373291,0.0299040004611015,0,110.55249786377,-86.75,27.4306,9.93368497721054,63,63,63,63,61,63,0,7818,1.13366707078925,27,-87,0.001869,51,2025-05-26 00:12:08.000017,480,1.037,0.0011,"aoml_navis",1029.27285608702
"7901009",71,0,1,0.028035,1,0.005607,1,114.685976398845,1,4.85774688722772,482,1,9.3430004119873,35.0579986572266,0.0280349999666214,0,110.591598510742,-86.75,27.4306,9.93368497721054,63,63,63,63,61,63,0,7818,1.13366707078925,27,-87,0.001869,51,2025-05-26 00:12:08.000017,482,1.037,0.0011,"aoml_navis",1029.28376386722
"7901009",71,0,1,0.031773,1,0.009345,1,114.643980278768,1,4.85769865331161,484,1,9.31799983978271,35.0540008544922,0.0317730009555817,0,110.55110168457,-86.75,27.4306,9.93368497721054,63,63,63,63,61,63,0,7818,1.13366707078925,27,-87,0.001869,51,2025-05-26 00:12:08.000017,484,1.037,0.0011,"aoml_navis",1029.29398401265
"7901009",71,0,1,0.029904,1,0.007476,1,114.724143181673,1,4.85763816563676,486,1,9.27799987792969,35.0499992370605,0.0299040004611015,0,110.628402709961,-86.75,27.4306,9.93368497721054,63,63,63,63,61,63,0,7818,1.13366707078925,27,-87,0.001869,51,2025-05-26 00:12:08.000017,486,1.037,0.0011,"aoml_navis",1029.30680085856
"7901009",71,0,1,0.029904,1,0.007476,1,114.731817679879,1,4.85758181852507,488,1,9.24300003051758,35.0460014343262,0.0299040004611015,0,110.635803222656,-86.75,27.4306,9.93368497721054,63,63,63,63,61,63,0,7818,1.13366707078925,27,-87,0.001869,51,2025-05-26 00:12:08.000017,488,1.037,0.0011,"aoml_navis",1029.31874064
"7901009",71,0,1,0.026166,1,0.003738,1,114.757634058894,1,4.85752513239662,490,1,9.20300006866455,35.0410003662109,0.0261659994721413,0,110.660697937012,-86.75,27.4306,9.93368497721054,63,63,63,63,61,63,0,7818,1.13366707078925,27,-87,0.001869,51,2025-05-26 00:12:08.000017,490,1.037,0.0011,"aoml_navis",1029.33075253758
"7901009",71,0,1,0.029904,1,0.007476,1,114.735235600729,1,4.85746809346697,492,1,9.16699981689453,35.0369987487793,0.0299040004611015,0,110.639099121094,-86.75,27.4306,9.93368497721054,63,63,63,63,61,63,0,7818,1.13366707078925,27,-87,0.001869,51,2025-05-26 00:12:08.000017,492,1.037,0.0011,"aoml_navis",1029.34283947737
"7901009",71,0,1,0.028035,1,0.005607,1,114.634019254808,1,4.85742202451864,494,1,9.15799999237061,35.0359992980957,0.0280349999666214,0,110.541496276855,-86.75,27.4306,9.93368497721054,63,63,63,63,61,63,0,7818,1.13366707078925,27,-87,0.001869,51,2025-05-26 00:12:08.000017,494,1.037,0.0011,"aoml_navis",1029.35260201022
"7901009",71,0,1,0.029904,1,0.007476,1,114.518292568982,1,4.85737068673217,496,1,9.13799953460693,35.0340003967285,0.0299040004611015,0,110.429901123047,-86.75,27.4306,9.93368497721054,63,63,63,63,61,63,0,7818,1.13366707078925,27,-87,0.001869,51,2025-05-26 00:12:08.000017,496,1.037,0.0011,"aoml_navis",1029.36348128781
"7901009",71,0,1,0.022428,1,0,1,114.304973166284,1,4.85732261447149,498,1,9.12199974060059,35.0320014953613,0.0224280003458261,0,110.224197387695,-86.75,27.4306,9.93368497721054,63,63,63,63,61,63,0,7818,1.13366707078925,27,-87,0.001869,51,2025-05-26 00:12:08.000017,498,1.037,0.0011,"aoml_navis",1029.37366875806
"7901009",71,0,1,0.024297,1,0.001869,1,114.039807385503,1,4.85727001910364,500,1,9.11400032043457,35.0330009460449,0.0242970008403063,0,109.96849822998,-86.75,27.4306,9.93368497721054,63,63,63,63,61,63,0,7818,1.13366707078925,27,-87,0.001869,51,2025-05-26 00:12:08.000017,500,1.037,0.0011,"aoml_navis",1029.38481499587
"7901009",71,0,1,0.028035,1,0.005607,1,113.874718643693,1,4.85722760190171,502,1,9.11400032043457,35.0330009460449,0.0280349999666214,0,109.809303283691,-86.75,27.4306,9.93368497721054,63,63,63,63,61,63,0,7818,1.13366707078925,27,-87,0.001869,51,2025-05-26 00:12:08.000017,502,1.037,0.0011,"aoml_navis",1029.39380440859
"7901009",71,0,1,0.031773,1,0.009345,1,113.79859869809,1,4.85717334476536,504,1,9.11299991607666,35.0359992980957,0.0317730009555817,0,109.735900878906,-86.75,27.4306,9.93368497721054,63,63,63,63,61,63,0,7818,1.13366707078925,27,-87,0.001869,51,2025-05-26 00:12:08.000017,504,1.037,0.0011,"aoml_navis",1029.40530326935
"7901009",71,0,1,0.031773,1,0.009345,1,113.986710934517,1,4.85711267912923,506,1,9.08600044250488,35.0349998474121,0.0317730009555817,0,109.917297363281,-86.75,27.4306,9.93368497721054,63,63,63,63,61,63,0,7818,1.13366707078925,27,-87,0.001869,51,2025-05-26 00:12:08.000017,506,1.037,0.0011,"aoml_navis",1029.41816060491
"7901009",71,0,1,0.026166,1,0.003738,1,114.403808044205,1,4.85706277420346,508,1,9.04500007629395,35.0279998779297,0.0261659994721413,0,110.31950378418,-86.75,27.4306,9.93368497721054,63,63,63,63,61,63,0,7818,1.13366707078925,27,-87,0.001869,51,2025-05-26 00:12:08.000017,508,1.037,0.0011,"aoml_navis",1029.42873758101
"7901009",71,0,1,0.028035,1,0.005607,1,114.82421230879,1,4.85699619417756,510,1,8.96500015258789,35.0169982910156,0.0280349999666214,0,110.724899291992,-86.75,27.4306,9.93368497721054,63,63,63,63,61,63,0,7818,1.13366707078925,27,-87,0.001869,51,2025-05-26 00:12:08.000017,510,1.037,0.0011,"aoml_navis",1029.44284905841
"7901009",71,0,1,0.029904,1,0.007476,1,114.987338910853,1,4.8569397355169,512,1,8.91100025177002,35.0089988708496,0.0299040004611015,0,110.882202148438,-86.75,27.4306,9.93368497721054,63,63,63,63,61,63,0,7818,1.13366707078925,27,-87,0.001869,51,2025-05-26 00:12:08.000017,512,1.037,0.0011,"aoml_navis",1029.45481563977
"7901009",71,0,1,0.028035,1,0.005607,1,115.004760812965,1,4.85689501030111,514,1,8.89900016784668,35.0069999694824,0.0280349999666214,0,110.899002075195,-86.75,27.4306,9.93368497721054,63,63,63,63,61,63,0,7818,1.13366707078925,27,-87,0.001869,51,2025-05-26 00:12:08.000017,514,1.037,0.0011,"aoml_navis",1029.46429548001
"7901009",71,0,1,0.029904,1,0.007476,1,115.039913179487,1,4.85684627741786,516,1,8.88199996948242,35.0050010681152,0.0299040004611015,0,110.932899475098,-86.75,27.4306,9.93368497721054,63,63,63,63,61,63,0,7818,1.13366707078925,27,-87,0.001869,51,2025-05-26 00:12:08.000017,516,1.037,0.0011,"aoml_navis",1029.47462497377
"7901009",71,0,1,0.029904,1,0.007476,1,115.028607140378,1,4.85680238110514,518,1,8.87100028991699,35.0029983520508,0.0299040004611015,0,110.921997070312,-86.75,27.4306,9.93368497721054,63,63,63,63,61,63,0,7818,1.13366707078925,27,-87,0.001869,51,2025-05-26 00:12:08.000017,518,1.037,0.0011,"aoml_navis",1029.48392947836
"7901009",71,0,1,0.026166,1,0.003738,1,114.987338910853,1,4.85675559857948,520,1,8.86100006103516,35.0019989013672,0.0261659994721413,0,110.882202148438,-86.75,27.4306,9.93368497721054,63,63,63,63,61,63,0,7818,1.13366707078925,27,-87,0.001869,51,2025-05-26 00:12:08.000017,520,1.037,0.0011,"aoml_navis",1029.49384594572
"7901009",71,0,1,0.026166,1,0.003738,1,114.987338910853,1,4.85670707550423,522,1,8.85799980163574,35.0029983520508,0.0261659994721413,0,110.882202148438,-86.75,27.4306,9.93368497721054,63,63,63,63,61,63,0,7818,1.13366707078925,27,-87,0.001869,51,2025-05-26 00:12:08.000017,522,1.037,0.0011,"aoml_navis",1029.50413155829
"7901009",71,0,1,0.028035,1,0.005607,1,114.953942975878,1,4.85666350519221,524,1,8.85200023651123,35.0019989013672,0.0280349999666214,0,110.849998474121,-86.75,27.4306,9.93368497721054,63,63,63,63,61,63,0,7818,1.13366707078925,27,-87,0.001869,51,2025-05-26 00:12:08.000017,524,1.037,0.0011,"aoml_navis",1029.51336749078
"7901009",71,0,1,0.028035,1,0.005607,1,114.923767165408,1,4.85662045456798,525.900024414062,1,8.8439998626709,35.0009994506836,0.0280349999666214,0,110.820899963379,-86.75,27.4306,9.93368497721054,63,63,63,63,61,63,0,7818,1.13366707078925,27,-87,0.001869,51,2025-05-26 00:12:08.000017,525.900024414062,1.037,0.0011,"aoml_navis",1029.52249342383
"7901009",71,0,1,0.035511,1,0.013083,1,114.942534082669,1,4.85657160847756,527.900024414062,1,8.83600044250488,35.0009994506836,0.0355109982192516,0,110.838996887207,-86.75,27.4306,9.93368497721054,63,63,63,63,61,63,0,7818,1.13366707078925,27,-87,0.001869,51,2025-05-26 00:12:08.000017,527.900024414062,1.037,0.0011,"aoml_navis",1029.53284808404
"7901009",71,0,1,0.026166,1,0.003738,1,114.914644797954,1,4.85652672423391,530,1,8.83100032806396,35,0.0261659994721413,0,110.812103271484,-86.75,27.4306,9.93368497721054,63,63,63,63,61,63,0,7818,1.13366707078925,27,-87,0.001869,51,2025-05-26 00:12:08.000017,530,1.037,0.0011,"aoml_navis",1029.54236307404
"7901009",71,0,1,0.028035,1,0.005607,1,114.947202076423,1,4.85647835666235,532,1,8.81900024414062,34.9990005493164,0.0280349999666214,0,110.84349822998,-86.75,27.4306,9.93368497721054,63,63,63,63,61,63,0,7818,1.13366707078925,27,-87,0.001869,51,2025-05-26 00:12:08.000017,532,1.037,0.0011,"aoml_navis",1029.55261668999
"7901009",71,0,1,0.029904,1,0.007476,1,114.973651403744,1,4.85642887024409,534,1,8.80099964141846,34.9970016479492,0.0299040004611015,0,110.869003295898,-86.75,27.4306,9.93368497721054,63,63,63,63,61,63,0,7818,1.13366707078925,27,-87,0.001869,51,2025-05-26 00:12:08.000017,534,1.037,0.0011,"aoml_navis",1029.56310770566
"7901009",71,0,1,0.026166,1,0.003738,1,114.965660431386,1,4.8563853286598,536,1,8.79500007629395,34.9959983825684,0.0261659994721413,0,110.861297607422,-86.75,27.4306,9.93368497721054,63,63,63,63,61,63,0,7818,1.13366707078925,27,-87,0.001869,51,2025-05-26 00:12:08.000017,536,1.037,0.0011,"aoml_navis",1029.57233860597
"7901009",71,0,1,0.031773,1,0.009345,1,115.006002974014,1,4.8563436966964,538,1,8.79599952697754,34.9959983825684,0.0317730009555817,0,110.900199890137,-86.75,27.4306,9.93368497721054,63,63,63,63,61,63,0,7818,1.13366707078925,27,-87,0.001869,51,2025-05-26 00:12:08.000017,538,1.037,0.0011,"aoml_navis",1029.58116481775
"7901009",71,0,1,0.028035,1,0.005607,1,115.223571042213,1,4.85629518624063,540,1,8.77000045776367,34.992000579834,0.0280349999666214,0,111.110000610352,-86.75,27.4306,9.93368497721054,63,63,63,63,61,63,0,7818,1.13366707078925,27,-87,0.001869,51,2025-05-26 00:12:08.000017,540,1.037,0.0011,"aoml_navis",1029.59144949972
"7901009",71,0,1,0.029904,1,0.007476,1,115.420916412048,1,4.85623622252566,542,1,8.71700000762939,34.9850006103516,0.0299040004611015,0,111.300300598145,-86.75,27.4306,9.93368497721054,63,63,63,63,61,63,0,7818,1.13366707078925,27,-87,0.001869,51,2025-05-26 00:12:08.000017,542,1.037,0.0011,"aoml_navis",1029.60395064958
"7901009",71,0,1,0.029904,1,0.007476,1,115.520985539165,1,4.85618542283944,544,1,8.6879997253418,34.9809989929199,0.0299040004611015,0,111.396797180176,-86.75,27.4306,9.93368497721054,63,63,63,63,61,63,0,7818,1.13366707078925,27,-87,0.001869,51,2025-05-26 00:12:08.000017,544,1.037,0.0011,"aoml_navis",1029.61472115216
"7901009",71,0,1,0.029904,1,0.007476,1,115.624796973138,1,4.8561259111788,546,1,8.64799976348877,34.9770011901855,0.0299040004611015,0,111.49690246582,-86.75,27.4306,9.93368497721054,63,63,63,63,61,63,0,7818,1.13366707078925,27,-87,0.001869,51,2025-05-26 00:12:08.000017,546,1.037,0.0011,"aoml_navis",1029.62733904613
"7901009",71,0,1,0.028035,1,0.005607,1,115.652171987356,1,4.8560757622698,548,1,8.62899971008301,34.9749984741211,0.0280349999666214,0,111.523300170898,-86.75,27.4306,9.93368497721054,63,63,63,63,61,63,0,7818,1.13366707078925,27,-87,0.001869,51,2025-05-26 00:12:08.000017,548,1.037,0.0011,"aoml_navis",1029.63797205316
"7901009",71,0,1,0.029904,1,0.007476,1,115.671975357468,1,4.85603144266591,550,1,8.62199974060059,34.9739990234375,0.0299040004611015,0,111.54239654541,-86.75,27.4306,9.93368497721054,63,63,63,63,61,63,0,7818,1.13366707078925,27,-87,0.001869,51,2025-05-26 00:12:08.000017,550,1.037,0.0011,"aoml_navis",1029.64736926313
"7901009",71,0,1,0.031773,1,0.009345,1,115.682142089626,1,4.85598712536192,552,1,8.61499977111816,34.9729995727539,0.0317730009555817,0,111.552200317383,-86.75,27.4306,9.93368497721054,63,63,63,63,61,63,0,7818,1.13366707078925,27,-87,0.001869,51,2025-05-26 00:12:08.000017,552,1.037,0.0011,"aoml_navis",1029.65676615696
"7901009",71,0,1,0.029904,1,0.007476,1,115.713251498847,1,4.85594252753579,554,1,8.60299968719482,34.9710006713867,0.0299040004611015,0,111.58219909668,-86.75,27.4306,9.93368497721054,63,63,63,63,61,63,0,7818,1.13366707078925,27,-87,0.001869,51,2025-05-26 00:12:08.000017,554,1.037,0.0011,"aoml_navis",1029.66622270493
"7901009",71,0,1,0.028035,1,0.005607,1,115.733996379563,1,4.85589584075765,556,1,8.5930004119873,34.9700012207031,0.0280349999666214,0,111.602203369141,-86.75,27.4306,9.93368497721054,63,63,63,63,61,63,0,7818,1.13366707078925,27,-87,0.001869,51,2025-05-26 00:12:08.000017,556,1.037,0.0011,"aoml_navis",1029.67612238154
"7901009",71,0,1,0.031773,1,0.009345,1,115.674056175022,1,4.85585232280442,558,1,8.58699989318848,34.9690017700195,0.0317730009555817,0,111.544403076172,-86.75,27.4306,9.93368497721054,63,63,63,63,61,63,0,7818,1.13366707078925,27,-87,0.001869,51,2025-05-26 00:12:08.000017,558,1.037,0.0011,"aoml_navis",1029.68535029754
"7901009",71,0,1,0.026166,1,0.003738,1,115.535400936825,1,4.85580512963028,560,1,8.58100032806396,34.9690017700195,0.0261659994721413,0,111.410697937012,-86.75,27.4306,9.93368497721054,63,63,63,63,61,63,0,7818,1.13366707078925,27,-87,0.001869,51,2025-05-26 00:12:08.000017,560,1.037,0.0011,"aoml_navis",1029.69535772551
"7901009",71,0,1,0.029904,1,0.007476,1,115.344899320545,1,4.85575952059723,562,1,8.57699966430664,34.9690017700195,0.0299040004611015,0,111.226997375488,-86.75,27.4306,9.93368497721054,63,63,63,63,61,63,0,7818,1.13366707078925,27,-87,0.001869,51,2025-05-26 00:12:08.000017,562,1.037,0.0011,"aoml_navis",1029.70502941732
"7901009",71,0,1,0.031773,1,0.009345,1,115.122774024545,1,4.85571271624003,564,1,8.60400009155273,34.976001739502,0.0317730009555817,0,111.012802124023,-86.75,27.4306,9.93368497721054,63,63,63,63,61,63,0,7818,1.13366707078925,27,-87,0.001869,51,2025-05-26 00:12:08.000017,564,1.037,0.0011,"aoml_navis",1029.71495477428
"7901009",71,0,1,0.029904,1,0.007476,1,115.429524509004,1,4.85565046953342,566,1,8.57900047302246,34.976001739502,0.0299040004611015,0,111.308601379395,-86.75,27.4306,9.93368497721054,63,63,63,63,61,63,0,7818,1.13366707078925,27,-87,0.001869,51,2025-05-26 00:12:08.000017,566,1.037,0.0011,"aoml_navis",1029.72815514055
"7901009",71,0,1,0.029904,1,0.007476,1,116.062108869337,1,4.85558215137763,568,1,8.49499988555908,34.9650001525879,0.0299040004611015,0,111.918601989746,-86.75,27.4306,9.93368497721054,63,63,63,63,61,63,0,7818,1.13366707078925,27,-87,0.001869,51,2025-05-26 00:12:08.000017,568,1.037,0.0011,"aoml_navis",1029.74264344007
"7901009",71,0,1,0.028035,1,0.005607,1,116.692098141616,1,4.8555098398224,570,1,8.38199996948242,34.9490013122559,0.0280349999666214,0,112.526100158691,-86.75,27.4306,9.93368497721054,63,63,63,63,61,63,0,7818,1.13366707078925,27,-87,0.001869,51,2025-05-26 00:12:08.000017,570,1.037,0.0011,"aoml_navis",1029.75797906794
"7901009",71,0,1,0.029904,1,0.007476,1,117.133452995117,1,4.85542456047511,572,1,8.26099967956543,34.935001373291,0.0299040004611015,0,112.951698303223,-86.75,27.4306,9.93368497721054,63,63,63,63,61,63,0,7818,1.13366707078925,27,-87,0.001869,51,2025-05-26 00:12:08.000017,572,1.037,0.0011,"aoml_navis",1029.77606545508
"7901009",71,0,1,0.028035,1,0.005607,1,117.264948005607,1,4.85536092659951,574,1,8.21000003814697,34.9300003051758,0.0280349999666214,0,113.078498840332,-86.75,27.4306,9.93368497721054,63,63,63,63,61,63,0,7818,1.13366707078925,27,-87,0.001869,51,2025-05-26 00:12:08.000017,574,1.037,0.0011,"aoml_navis",1029.78956159739
"7901009",71,0,1,0.029904,1,0.007476,1,117.307774870335,1,4.85531359411403,576,1,8.19900035858154,34.9290008544922,0.0299040004611015,0,113.11979675293,-86.75,27.4306,9.93368497721054,63,63,63,63,61,63,0,7818,1.13366707078925,27,-87,0.001869,51,2025-05-26 00:12:08.000017,576,1.037,0.0011,"aoml_navis",1029.79960059869
"7901009",71,0,1,0.028035,1,0.005607,1,117.307466308036,1,4.85527032485067,578,1,8.19799995422363,34.9290008544922,0.0280349999666214,0,113.119499206543,-86.75,27.4306,9.93368497721054,63,63,63,63,61,63,0,7818,1.13366707078925,27,-87,0.001869,51,2025-05-26 00:12:08.000017,578,1.037,0.0011,"aoml_navis",1029.80877798061
"7901009",71,0,1,0.026166,1,0.003738,1,117.331834817802,1,4.85522550926835,580,1,8.19499969482422,34.9290008544922,0.0261659994721413,0,113.142997741699,-86.75,27.4306,9.93368497721054,63,63,63,63,61,63,0,7818,1.13366707078925,27,-87,0.001869,51,2025-05-26 00:12:08.000017,580,1.037,0.0011,"aoml_navis",1029.81828350821
"7901009",71,0,1,0.029904,1,0.007476,1,117.34231011226,1,4.85518592523556,582,1,8.19400024414062,34.9280014038086,0.0299040004611015,0,113.153099060059,-86.75,27.4306,9.93368497721054,63,63,63,63,61,63,0,7818,1.13366707078925,27,-87,0.001869,51,2025-05-26 00:12:08.000017,582,1.037,0.0011,"aoml_navis",1029.82667955345
"7901009",71,0,1,0.026166,1,0.003738,1,117.370413017029,1,4.85514343710434,584,1,8.19400024414062,34.9280014038086,0.0261659994721413,0,113.180198669434,-86.75,27.4306,9.93368497721054,63,63,63,63,61,63,0,7818,1.13366707078925,27,-87,0.001869,51,2025-05-26 00:12:08.000017,584,1.037,0.0011,"aoml_navis",1029.83569173026
"7901009",71,0,1,0.033642,1,0.011214,1,117.464682755295,1,4.85509612587316,586,1,8.18299961090088,34.9269981384277,0.0336420014500618,0,113.271102905273,-86.75,27.4306,9.93368497721054,63,63,63,63,61,63,0,7818,1.13366707078925,27,-87,0.001869,51,2025-05-26 00:12:08.000017,586,1.037,0.0011,"aoml_navis",1029.84572712261
"7901009",71,0,1,0.028035,1,0.005607,1,117.60426368039,1,4.85503374516983,588,1,8.14299964904785,34.923999786377,0.0280349999666214,0,113.405700683594,-86.75,27.4306,9.93368497721054,63,63,63,63,61,63,0,7818,1.13366707078925,27,-87,0.001869,51,2025-05-26 00:12:08.000017,588,1.037,0.0011,"aoml_navis",1029.85895926561
"7901009",71,0,1,0.029904,1,0.007476,1,117.721857563718,1,4.85497895158306,589.900024414062,1,8.10999965667725,34.9210014343262,0.0299040004611015,0,113.519096374512,-86.75,27.4306,9.93368497721054,63,63,63,63,61,63,0,7818,1.13366707078925,27,-87,0.001869,51,2025-05-26 00:12:08.000017,589.900024414062,1.037,0.0011,"aoml_navis",1029.87058231625
"7901009",71,0,1,0.033642,1,0.011214,1,117.720615402668,1,4.85493340227974,592,1,8.10400009155273,34.9199981689453,0.0336420014500618,0,113.51789855957,-86.75,27.4306,9.93368497721054,63,63,63,63,61,63,0,7818,1.13366707078925,27,-87,0.001869,51,2025-05-26 00:12:08.000017,592,1.037,0.0011,"aoml_navis",1029.88024462954
"7901009",71,0,1,0.028035,1,0.005607,1,117.772153218452,1,4.85488825105051,594,1,8.09099960327148,34.9179992675781,0.0280349999666214,0,113.567596435547,-86.75,27.4306,9.93368497721054,63,63,63,63,61,63,0,7818,1.13366707078925,27,-87,0.001869,51,2025-05-26 00:12:08.000017,594,1.037,0.0011,"aoml_navis",1029.88982267884
"7901009",71,0,1,0.028035,1,0.005607,1,117.814260104483,1,4.85483711630506,596,1,8.07499980926514,34.9169998168945,0.0280349999666214,0,113.608200073242,-86.75,27.4306,9.93368497721054,63,63,63,63,61,63,0,7818,1.13366707078925,27,-87,0.001869,51,2025-05-26 00:12:08.000017,596,1.037,0.0011,"aoml_navis",1029.90067024235
"7901009",71,0,1,0.028035,1,0.005607,1,117.798808253972,1,4.85479445438775,598,1,8.06999969482422,34.9160003662109,0.0280349999666214,0,113.593299865723,-86.75,27.4306,9.93368497721054,63,63,63,63,61,63,0,7818,1.13366707078925,27,-87,0.001869,51,2025-05-26 00:12:08.000017,598,1.037,0.0011,"aoml_navis",1029.90972058168
"7901009",71,0,1,0.028035,1,0.005607,1,117.793831697919,1,4.85475025519883,600,1,8.0629997253418,34.9150009155273,0.0280349999666214,0,113.588500976562,-86.75,27.4306,9.93368497721054,63,63,63,63,61,63,0,7818,1.13366707078925,27,-87,0.001869,51,2025-05-26 00:12:08.000017,600,1.037,0.0011,"aoml_navis",1029.91909720703
"7901009",71,0,1,0.031773,1,0.009345,1,117.764375866147,1,4.8546908431977,602,1,8.04100036621094,34.9150009155273,0.0317730009555817,0,113.560096740723,-86.75,27.4306,9.93368497721054,63,63,63,63,61,63,0,7818,1.13366707078925,27,-87,0.001869,51,2025-05-26 00:12:08.000017,602,1.037,0.0011,"aoml_navis",1029.93170141944
"7901009",71,0,1,0.028035,1,0.005607,1,117.635681651909,1,4.85463945229169,604,1,8.03899955749512,34.9169998168945,0.0280349999666214,0,113.435997009277,-86.75,27.4306,9.93368497721054,63,63,63,63,61,63,0,7818,1.13366707078925,27,-87,0.001869,51,2025-05-26 00:12:08.000017,604,1.037,0.0011,"aoml_navis",1029.94260421125
"7901009",71,0,1,0.029904,1,0.007476,1,117.450061649436,1,4.8545822277079,606,1,8.03899955749512,34.9210014343262,0.0299040004611015,0,113.25700378418,-86.75,27.4306,9.93368497721054,63,63,63,63,61,63,0,7818,1.13366707078925,27,-87,0.001869,51,2025-05-26 00:12:08.000017,606,1.037,0.0011,"aoml_navis",1029.9547449134
"7901009",71,0,1,0.031773,1,0.009345,1,117.352579698518,1,4.8545263941365,608,1,8.03600025177002,34.923999786377,0.0317730009555817,0,113.16300201416,-86.75,27.4306,9.93368497721054,63,63,63,63,61,63,0,7818,1.13366707078925,27,-87,0.001869,51,2025-05-26 00:12:08.000017,608,1.037,0.0011,"aoml_navis",1029.96659077582
"7901009",71,0,1,0.029904,1,0.007476,1,117.227722733383,1,4.85446853524644,610,1,8.01599979400635,34.923999786377,0.0299040004611015,0,113.042602539062,-86.75,27.4306,9.93368497721054,63,63,63,63,61,63,0,7818,1.13366707078925,27,-87,0.001869,51,2025-05-26 00:12:08.000017,610,1.037,0.0011,"aoml_navis",1029.97886662503
"7901009",71,0,1,0.028035,1,0.005607,1,117.075482842177,1,4.85440593784301,612,1,8.00899982452393,34.9280014038086,0.0280349999666214,0,112.895797729492,-86.75,27.4306,9.93368497721054,63,63,63,63,61,63,0,7818,1.13366707078925,27,-87,0.001869,51,2025-05-26 00:12:08.000017,612,1.037,0.0011,"aoml_navis",1029.99214816833
"7901009",71,0,1,0.029904,1,0.007476,1,116.943576415288,1,4.85435933128767,614,1,8.01799964904785,34.9309997558594,0.0299040004611015,0,112.768600463867,-86.75,27.4306,9.93368497721054,63,63,63,63,61,63,0,7818,1.13366707078925,27,-87,0.001869,51,2025-05-26 00:12:08.000017,614,1.037,0.0011,"aoml_navis",1030.00203709141
"7901009",71,0,1,0.031773,1,0.009345,1,116.922728680472,1,4.85431394198906,616,1,8.01900005340576,34.931999206543,0.0317730009555817,0,112.748497009277,-86.75,27.4306,9.93368497721054,63,63,63,63,61,63,0,7818,1.13366707078925,27,-87,0.001869,51,2025-05-26 00:12:08.000017,616,1.037,0.0011,"aoml_navis",1030.01166792093
"7901009",71,0,1,0.031773,1,0.009345,1,116.925845950877,1,4.85427223551151,618,1,8.02000045776367,34.931999206543,0.0317730009555817,0,112.751502990723,-86.75,27.4306,9.93368497721054,63,63,63,63,61,63,0,7818,1.13366707078925,27,-87,0.001869,51,2025-05-26 00:12:08.000017,618,1.037,0.0011,"aoml_navis",1030.02051747786
"7901009",71,0,1,0.026166,1,0.003738,1,116.922522972273,1,4.85422899253352,620,1,8.01900005340576,34.931999206543,0.0261659994721413,0,112.74829864502,-86.75,27.4306,9.93368497721054,63,63,63,63,61,63,0,7818,1.13366707078925,27,-87,0.001869,51,2025-05-26 00:12:08.000017,620,1.037,0.0011,"aoml_navis",1030.02969322022
"7901009",71,0,1,0.029904,1,0.007476,1,116.967842070955,1,4.85418267443108,622,1,8.01399993896484,34.931999206543,0.0299040004611015,0,112.791999816895,-86.75,27.4306,9.93368497721054,63,63,63,63,61,63,0,7818,1.13366707078925,27,-87,0.001869,51,2025-05-26 00:12:08.000017,622,1.037,0.0011,"aoml_navis",1030.03952165562
"7901009",71,0,1,0.029904,1,0.007476,1,117.023319989941,1,4.8541369613215,624,1,8.00500011444092,34.9309997558594,0.0299040004611015,0,112.845497131348,-86.75,27.4306,9.93368497721054,63,63,63,63,61,63,0,7818,1.13366707078925,27,-87,0.001869,51,2025-05-26 00:12:08.000017,624,1.037,0.0011,"aoml_navis",1030.04922189892
"7901009",71,0,1,0.026166,1,0.003738,1,117.138746025323,1,4.85408971366314,626,1,7.99399995803833,34.9300003051758,0.0261659994721413,0,112.956802368164,-86.75,27.4306,9.93368497721054,63,63,63,63,61,63,0,7818,1.13366707078925,27,-87,0.001869,51,2025-05-26 00:12:08.000017,626,1.037,0.0011,"aoml_navis",1030.05924796284
"7901009",71,0,1,0.029904,1,0.007476,1,117.182609342901,1,4.8540423091406,628,1,7.97800016403198,34.9280014038086,0.0299040004611015,0,112.999099731445,-86.75,27.4306,9.93368497721054,63,63,63,63,61,63,0,7818,1.13366707078925,27,-87,0.001869,51,2025-05-26 00:12:08.000017,628,1.037,0.0011,"aoml_navis",1030.06930750985
"7901009",71,0,1,0.029904,1,0.007476,1,117.337958592659,1,4.85397758191982,630,1,7.94899988174438,34.9280014038086,0.0299040004611015,0,113.148902893066,-86.75,27.4306,9.93368497721054,63,63,63,63,61,63,0,7818,1.13366707078925,27,-87,0.001869,51,2025-05-26 00:12:08.000017,630,1.037,0.0011,"aoml_navis",1030.08304336305
"7901009",71,0,1,0.029904,1,0.007476,1,117.38793777324,1,4.85389925946555,632,1,7.90700006484985,34.9290008544922,0.0299040004611015,0,113.19709777832,-86.75,27.4306,9.93368497721054,63,63,63,63,61,63,0,7818,1.13366707078925,27,-87,0.001869,51,2025-05-26 00:12:08.000017,632,1.037,0.0011,"aoml_navis",1030.09966476942
"7901009",71,0,1,0.026166,1,0.003738,1,117.400588827499,1,4.85384545408639,634,1,7.89699983596802,34.9300003051758,0.0261659994721413,0,113.209297180176,-86.75,27.4306,9.93368497721054,63,63,63,63,61,63,0,7818,1.13366707078925,27,-87,0.001869,51,2025-05-26 00:12:08.000017,634,1.037,0.0011,"aoml_navis",1030.1110835308
"7901009",71,0,1,0.033642,1,0.011214,1,117.48718406756,1,4.85379595511191,636,1,7.88299989700317,34.9290008544922,0.0336420014500618,0,113.29280090332,-86.75,27.4306,9.93368497721054,63,63,63,63,61,63,0,7818,1.13366707078925,27,-87,0.001869,51,2025-05-26 00:12:08.000017,636,1.037,0.0011,"aoml_navis",1030.12158859585
"7901009",71,0,1,0.031773,1,0.009345,1,117.576888666172,1,4.85373896553202,638,1,7.86399984359741,34.9290008544922,0.0317730009555817,0,113.379302978516,-86.75,27.4306,9.93368497721054,63,63,63,63,61,63,0,7818,1.13366707078925,27,-87,0.001869,51,2025-05-26 00:12:08.000017,638,1.037,0.0011,"aoml_navis",1030.13368364196
"7901009",71,0,1,0.029904,1,0.007476,1,117.604888716842,1,4.85368707527199,640,1,7.84200000762939,34.9269981384277,0.0299040004611015,0,113.406303405762,-86.75,27.4306,9.93368497721054,63,63,63,63,61,63,0,7818,1.13366707078925,27,-87,0.001869,51,2025-05-26 00:12:08.000017,640,1.037,0.0011,"aoml_navis",1030.14469669325
"7901009",71,0,1,0.029904,1,0.007476,1,117.64657627462,1,4.85362529245017,642,1,7.80700016021729,34.9249992370605,0.0299040004611015,0,113.446502685547,-86.75,27.4306,9.93368497721054,63,63,63,63,61,63,0,7818,1.13366707078925,27,-87,0.001869,51,2025-05-26 00:12:08.000017,642,1.037,0.0011,"aoml_navis",1030.15780962274
"7901009",71,0,1,0.031773,1,0.009345,1,117.667313243482,1,4.8535750780017,644,1,7.79199981689453,34.923999786377,0.0317730009555817,0,113.466499328613,-86.75,27.4306,9.93368497721054,63,63,63,63,61,63,0,7818,1.13366707078925,27,-87,0.001869,51,2025-05-26 00:12:08.000017,644,1.037,0.0011,"aoml_navis",1030.16846749975
"7901009",71,0,1,0.033642,1,0.011214,1,117.687013759494,1,4.85353535720614,645.900024414062,1,7.78800010681152,34.9230003356934,0.0336420014500618,0,113.485496520996,-86.75,27.4306,9.93368497721054,63,63,63,63,61,63,0,7818,1.13366707078925,27,-87,0.001869,51,2025-05-26 00:12:08.000017,645.900024414062,1.037,0.0011,"aoml_navis",1030.17689828434
"7901009",71,0,1,0.028035,1,0.005607,1,117.783459257561,1,4.85348771059923,648,1,7.78399991989136,34.9230003356934,0.0280349999666214,0,113.578498840332,-86.75,27.4306,9.93368497721054,63,63,63,63,61,63,0,7818,1.13366707078925,27,-87,0.001869,51,2025-05-26 00:12:08.000017,648,1.037,0.0011,"aoml_navis",1030.18701151356
"7901009",71,0,1,0.029904,1,0.007476,1,117.964213469935,1,4.85343826821131,650,1,7.76999998092651,34.9220008850098,0.0299040004611015,0,113.752799987793,-86.75,27.4306,9.93368497721054,63,63,63,63,61,63,0,7818,1.13366707078925,27,-87,0.001869,51,2025-05-26 00:12:08.000017,650,1.037,0.0011,"aoml_navis",1030.19750611615
"7901009",71,0,1,0.024297,1,0.001869,1,118.181575829935,1,4.85338048251668,652,1,7.74499988555908,34.9210014343262,0.0242970008403063,0,113.96240234375,-86.75,27.4306,9.93368497721054,63,63,63,63,61,63,0,7818,1.13366707078925,27,-87,0.001869,51,2025-05-26 00:12:08.000017,652,1.037,0.0011,"aoml_navis",1030.2097719335
"7901009",71,0,1,0.028035,1,0.005607,1,118.368548759412,1,4.85332652460975,654,1,7.72499990463257,34.9199981689453,0.0280349999666214,0,114.142700195312,-86.75,27.4306,9.93368497721054,63,63,63,63,61,63,0,7818,1.13366707078925,27,-87,0.001869,51,2025-05-26 00:12:08.000017,654,1.037,0.0011,"aoml_navis",1030.22122551337
"7901009",71,0,1,0.028035,1,0.005607,1,118.508651866858,1,4.85327246206857,656,1,7.69999980926514,34.9179992675781,0.0280349999666214,0,114.277801513672,-86.75,27.4306,9.93368497721054,63,63,63,63,61,63,0,7818,1.13366707078925,27,-87,0.001869,51,2025-05-26 00:12:08.000017,656,1.037,0.0011,"aoml_navis",1030.23270155925
"7901009",71,0,1,0.029904,1,0.007476,1,118.696866957384,1,4.8532162557103,658,1,7.67700004577637,34.9169998168945,0.0299040004611015,0,114.459297180176,-86.75,27.4306,9.93368497721054,63,63,63,63,61,63,0,7818,1.13366707078925,27,-87,0.001869,51,2025-05-26 00:12:08.000017,658,1.037,0.0011,"aoml_navis",1030.24463295181
"7901009",71,0,1,0.031773,1,0.009345,1,118.851907644843,1,4.85316082450568,660,1,7.65500020980835,34.9160003662109,0.0317730009555817,0,114.60880279541,-86.75,27.4306,9.93368497721054,63,63,63,63,61,63,0,7818,1.13366707078925,27,-87,0.001869,51,2025-05-26 00:12:08.000017,660,1.037,0.0011,"aoml_navis",1030.25640006671
"7901009",71,0,1,0.028035,1,0.005607,1,118.938186410751,1,4.85311060050047,662,1,7.63500022888184,34.9140014648438,0.0280349999666214,0,114.692001342773,-86.75,27.4306,9.93368497721054,63,63,63,63,61,63,0,7818,1.13366707078925,27,-87,0.001869,51,2025-05-26 00:12:08.000017,662,1.037,0.0011,"aoml_navis",1030.26706201264
"7901009",71,0,1,0.029904,1,0.007476,1,118.891411530967,1,4.85305898561139,664,1,7.61800003051758,34.9129981994629,0.0299040004611015,0,114.646896362305,-86.75,27.4306,9.93368497721054,63,63,63,63,61,63,0,7818,1.13366707078925,27,-87,0.001869,51,2025-05-26 00:12:08.000017,664,1.037,0.0011,"aoml_navis",1030.27801945624
"7901009",71,0,1,0.031773,1,0.009345,1,118.814057336168,1,4.85300594609226,666,1,7.60400009155273,34.9129981994629,0.0317730009555817,0,114.572303771973,-86.75,27.4306,9.93368497721054,63,63,63,63,61,63,0,7818,1.13366707078925,27,-87,0.001869,51,2025-05-26 00:12:08.000017,666,1.037,0.0011,"aoml_navis",1030.28927958065
"7901009",71,0,1,0.028035,1,0.005607,1,118.583624593657,1,4.85295674804628,668,1,7.59999990463257,34.9140014648438,0.0280349999666214,0,114.35009765625,-86.75,27.4306,9.93368497721054,63,63,63,63,61,63,0,7818,1.13366707078925,27,-87,0.001869,51,2025-05-26 00:12:08.000017,668,1.037,0.0011,"aoml_navis",1030.29972439233
"7901009",71,0,1,0.026166,1,0.003738,1,118.380574777218,1,4.85290012074994,670,1,7.59100008010864,34.9160003662109,0.0261659994721413,0,114.154296875,-86.75,27.4306,9.93368497721054,63,63,63,63,61,63,0,7818,1.13366707078925,27,-87,0.001869,51,2025-05-26 00:12:08.000017,670,1.037,0.0011,"aoml_navis",1030.31174670608
"7901009",71,0,1,0.029904,1,0.007476,1,118.379538324368,1,4.85284274385697,672,1,7.58099985122681,34.9179992675781,0.0299040004611015,0,114.153297424316,-86.75,27.4306,9.93368497721054,63,63,63,63,61,63,0,7818,1.13366707078925,27,-87,0.001869,51,2025-05-26 00:12:08.000017,672,1.037,0.0011,"aoml_navis",1030.32392844984
"7901009",71,0,1,0.03738,1,0.014952,1,118.516737781462,1,4.85279265097441,674,1,7.56599998474121,34.9169998168945,0.0373799987137318,0,114.285598754883,-86.75,27.4306,9.93368497721054,63,63,63,63,61,63,0,7818,1.13366707078925,27,-87,0.001869,51,2025-05-26 00:12:08.000017,674,1.037,0.0011,"aoml_navis",1030.33456395381
"7901009",71,0,1,0.028035,1,0.005607,1,118.696558395085,1,4.85274331763738,676,1,7.55200004577637,34.9160003662109,0.0280349999666214,0,114.458999633789,-86.75,27.4306,9.93368497721054,63,63,63,63,61,63,0,7818,1.13366707078925,27,-87,0.001869,51,2025-05-26 00:12:08.000017,676,1.037,0.0011,"aoml_navis",1030.34503840898
"7901009",71,0,1,0.029904,1,0.007476,1,118.950109574458,1,4.85269849861254,678,1,7.54400014877319,34.9150009155273,0.0299040004611015,0,114.703498840332,-86.75,27.4306,9.93368497721054,63,63,63,63,61,63,0,7818,1.13366707078925,27,-87,0.001869,51,2025-05-26 00:12:08.000017,678,1.037,0.0011,"aoml_navis",1030.35455456991
"7901009",71,0,1,0.031773,1,0.009345,1,119.391464427959,1,4.8526521797605,680,1,7.53399991989136,34.9140014648438,0.0317730009555817,0,115.129096984863,-86.75,27.4306,9.93368497721054,63,63,63,63,61,63,0,7818,1.13366707078925,27,-87,0.001869,51,2025-05-26 00:12:08.000017,680,1.037,0.0011,"aoml_navis",1030.36438936507
"7901009",71,0,1,0.031773,1,0.009345,1,120.28620806462,1,4.85259898465856,682,1,7.50500011444092,34.9109992980957,0.0317730009555817,0,115.991897583008,-86.75,27.4306,9.93368497721054,63,63,63,63,61,63,0,7818,1.13366707078925,27,-87,0.001869,51,2025-05-26 00:12:08.000017,682,1.037,0.0011,"aoml_navis",1030.37568441313
"7901009",71,0,1,0.033642,1,0.011214,1,121.55801483064,1,4.85251582004044,684,1,7.42600011825562,34.9059982299805,0.0336420014500618,0,117.218299865723,-86.75,27.4306,9.93368497721054,63,63,63,63,61,63,0,7818,1.13366707078925,27,-87,0.001869,51,2025-05-26 00:12:08.000017,684,1.037,0.0011,"aoml_navis",1030.39334345917
"7901009",71,0,1,0.026166,1,0.003738,1,122.808356737246,1,4.85245004939043,686,1,7.375,34.9020004272461,0.0261659994721413,0,118.424003601074,-86.75,27.4306,9.93368497721054,63,63,63,63,61,63,0,7818,1.13366707078925,27,-87,0.001869,51,2025-05-26 00:12:08.000017,686,1.037,0.0011,"aoml_navis",1030.40730952565
"7901009",71,0,1,0.031773,1,0.009345,1,124.234049060067,1,4.85235773412901,688,1,7.28299999237061,34.8969993591309,0.0317730009555817,0,119.798797607422,-86.75,27.4306,9.93368497721054,63,63,63,63,61,63,0,7818,1.13366707078925,27,-87,0.001869,51,2025-05-26 00:12:08.000017,688,1.037,0.0011,"aoml_navis",1030.42691284539
"7901009",71,0,1,0.026166,1,0.003738,1,125.818207903051,1,4.85226289164695,690,1,7.17700004577637,34.8899993896484,0.0261659994721413,0,121.326400756836,-86.75,27.4306,9.93368497721054,63,63,63,63,61,63,0,7818,1.13366707078925,27,-87,0.001869,51,2025-05-26 00:12:08.000017,690,1.037,0.0011,"aoml_navis",1030.44705360202
"7901009",71,0,1,0.028035,1,0.005607,1,126.638493083412,1,4.85216347440976,692,1,7.06400012969971,34.882999420166,0.0280349999666214,0,122.117401123047,-86.75,27.4306,9.93368497721054,63,63,63,63,61,63,0,7818,1.13366707078925,27,-87,0.001869,51,2025-05-26 00:12:08.000017,692,1.037,0.0011,"aoml_navis",1030.46816669923
"7901009",71,0,1,0.029904,1,0.007476,1,126.652077736421,1,4.85208474233915,694,1,6.99399995803833,34.8790016174316,0.0299040004611015,0,122.130500793457,-86.75,27.4306,9.93368497721054,63,63,63,63,61,63,0,7818,1.13366707078925,27,-87,0.001869,51,2025-05-26 00:12:08.000017,694,1.037,0.0011,"aoml_navis",1030.48488753095
"7901009",71,0,1,0.028035,1,0.005607,1,126.583529434923,1,4.85202766586931,696,1,6.97399997711182,34.8790016174316,0.0280349999666214,0,122.064399719238,-86.75,27.4306,9.93368497721054,63,63,63,63,61,63,0,7818,1.13366707078925,27,-87,0.001869,51,2025-05-26 00:12:08.000017,696,1.037,0.0011,"aoml_navis",1030.49700956397
"7901009",71,0,1,0.028035,1,0.005607,1,126.617858968649,1,4.85197778365624,698,1,6.9689998626709,34.8800010681152,0.0280349999666214,0,122.097503662109,-86.75,27.4306,9.93368497721054,63,63,63,63,61,63,0,7818,1.13366707078925,27,-87,0.001869,51,2025-05-26 00:12:08.000017,698,1.037,0.0011,"aoml_navis",1030.5076038976
"7901009",71,0,1,0.033642,1,0.011214,1,126.825885341141,1,4.85193013915052,700,1,6.96199989318848,34.8800010681152,0.0336420014500618,0,122.29810333252,-86.75,27.4306,9.93368497721054,63,63,63,63,61,63,0,7818,1.13366707078925,27,-87,0.001869,51,2025-05-26 00:12:08.000017,700,1.037,0.0011,"aoml_navis",1030.51772317468
"7901009",71,0,1,0.029904,1,0.007476,1,127.028412975228,1,4.85188473311138,702,1,6.95300006866455,34.8790016174316,0.0299040004611015,0,122.49340057373,-86.75,27.4306,9.93368497721054,63,63,63,63,61,63,0,7818,1.13366707078925,27,-87,0.001869,51,2025-05-26 00:12:08.000017,702,1.037,0.0011,"aoml_navis",1030.52736720595
"7901009",71,0,1,0.029904,1,0.007476,1,127.223994001661,1,4.85183564519739,704,1,6.94399976730347,34.8790016174316,0.0299040004611015,0,122.681999206543,-86.75,27.4306,9.93368497721054,63,63,63,63,61,63,0,7818,1.13366707078925,27,-87,0.001869,51,2025-05-26 00:12:08.000017,704,1.037,0.0011,"aoml_navis",1030.53779345334
"7901009",71,0,1,0.031773,1,0.009345,1,127.371146570861,1,4.85177434959591,706,1,6.91300010681152,34.8779983520508,0.0317730009555817,0,122.82389831543,-86.75,27.4306,9.93368497721054,63,63,63,63,61,63,0,7818,1.13366707078925,27,-87,0.001869,51,2025-05-26 00:12:08.000017,706,1.037,0.0011,"aoml_navis",1030.55081290341
"7901009",71,0,1,0.033642,1,0.011214,1,127.53178093897,1,4.85172382903147,708,1,6.90199995040894,34.8779983520508,0.0336420014500618,0,122.978797912598,-86.75,27.4306,9.93368497721054,63,63,63,63,61,63,0,7818,1.13366707078925,27,-87,0.001869,51,2025-05-26 00:12:08.000017,708,1.037,0.0011,"aoml_navis",1030.56154393646
"7901009",71,0,1,0.029904,1,0.007476,1,127.667421760862,1,4.85167331284112,710,1,6.89099979400635,34.8779983520508,0.0299040004611015,0,123.109596252441,-86.75,27.4306,9.93368497721054,63,63,63,63,61,63,0,7818,1.13366707078925,27,-87,0.001869,51,2025-05-26 00:12:08.000017,710,1.037,0.0011,"aoml_navis",1030.57227426387
"7901009",71,0,1,0.029904,1,0.007476,1,127.825263244573,1,4.85162568783346,712,1,6.88399982452393,34.8779983520508,0.0299040004611015,0,123.26180267334,-86.75,27.4306,9.93368497721054,63,63,63,63,61,63,0,7818,1.13366707078925,27,-87,0.001869,51,2025-05-26 00:12:08.000017,712,1.037,0.0011,"aoml_navis",1030.5823906693
"7901009",71,0,1,0.028035,1,0.005607,1,128.005289566396,1,4.85157886396466,714,1,6.8730001449585,34.8769989013672,0.0280349999666214,0,123.435401916504,-86.75,27.4306,9.93368497721054,63,63,63,63,61,63,0,7818,1.13366707078925,27,-87,0.001869,51,2025-05-26 00:12:08.000017,714,1.037,0.0011,"aoml_navis",1030.59233709211
"7901009",71,0,1,0.033642,1,0.011214,1,128.293890258191,1,4.85151746689175,716,1,6.85200023651123,34.8779983520508,0.0336420014500618,0,123.71369934082,-86.75,27.4306,9.93368497721054,63,63,63,63,61,63,0,7818,1.13366707078925,27,-87,0.001869,51,2025-05-26 00:12:08.000017,716,1.037,0.0011,"aoml_navis",1030.60537947592
"7901009",71,0,1,0.031773,1,0.009345,1,128.754637065405,1,4.851463455349,718,1,6.83099985122681,34.8769989013672,0.0317730009555817,0,124.157997131348,-86.75,27.4306,9.93368497721054,63,63,63,63,61,63,0,7818,1.13366707078925,27,-87,0.001869,51,2025-05-26 00:12:08.000017,718,1.037,0.0011,"aoml_navis",1030.61685324811
"7901009",71,0,1,0.028035,1,0.005607,1,129.27283975506,1,4.85140874195469,720,1,6.80900001525879,34.8759994506836,0.0280349999666214,0,124.657699584961,-86.75,27.4306,9.93368497721054,63,63,63,63,61,63,0,7818,1.13366707078925,27,-87,0.001869,51,2025-05-26 00:12:08.000017,720,1.037,0.0011,"aoml_navis",1030.62847637642
"7901009",71,0,1,0.024297,1,0.001869,1,129.765843190299,1,4.85134983814625,722,1,6.77600002288818,34.8740005493164,0.0242970008403063,0,125.133102416992,-86.75,27.4306,9.93368497721054,63,63,63,63,61,63,0,7818,1.13366707078925,27,-87,0.001869,51,2025-05-26 00:12:08.000017,722,1.037,0.0011,"aoml_navis",1030.64098999518
"7901009",71,0,1,0.024297,1,0.001869,1,130.055068918546,1,4.85129158996568,724,1,6.74900007247925,34.8730010986328,0.0242970008403063,0,125.412002563477,-86.75,27.4306,9.93368497721054,63,63,63,63,61,63,0,7818,1.13366707078925,27,-87,0.001869,51,2025-05-26 00:12:08.000017,724,1.037,0.0011,"aoml_navis",1030.65336463013
"7901009",71,0,1,0.028035,1,0.005607,1,130.191437630989,1,4.85123898462019,726,1,6.7350001335144,34.8730010986328,0.0280349999666214,0,125.543502807617,-86.75,27.4306,9.93368497721054,63,63,63,63,61,63,0,7818,1.13366707078925,27,-87,0.001869,51,2025-05-26 00:12:08.000017,726,1.037,0.0011,"aoml_navis",1030.66454071865
"7901009",71,0,1,0.033642,1,0.011214,1,130.320337553427,1,4.85119282458998,728,1,6.73000001907349,34.8730010986328,0.0336420014500618,0,125.66780090332,-86.75,27.4306,9.93368497721054,63,63,63,63,61,63,0,7818,1.13366707078925,27,-87,0.001869,51,2025-05-26 00:12:08.000017,728,1.037,0.0011,"aoml_navis",1030.67434768945
"7901009",71,0,1,0.031773,1,0.009345,1,130.60396168917,1,4.85114748996117,730,1,6.72100019454956,34.8720016479492,0.0317730009555817,0,125.941299438477,-86.75,27.4306,9.93368497721054,63,63,63,63,61,63,0,7818,1.13366707078925,27,-87,0.001869,51,2025-05-26 00:12:08.000017,730,1.037,0.0011,"aoml_navis",1030.6839794805
"7901009",71,0,1,0.029904,1,0.007476,1,130.828998547375,1,4.85108132528971,732,1,6.68800020217896,34.8720016479492,0.0299040004611015,0,126.158302307129,-86.75,27.4306,9.93368497721054,63,63,63,63,61,63,0,7818,1.13366707078925,27,-87,0.001869,51,2025-05-26 00:12:08.000017,732,1.037,0.0011,"aoml_navis",1030.69803714358
"7901009",71,0,1,0.031773,1,0.009345,1,130.919525978784,1,4.85103005992525,734,1,6.68100023269653,34.8730010986328,0.0317730009555817,0,126.245597839355,-86.75,27.4306,9.93368497721054,63,63,63,63,61,63,0,7818,1.13366707078925,27,-87,0.001869,51,2025-05-26 00:12:08.000017,734,1.037,0.0011,"aoml_navis",1030.70892949219
"7901009",71,0,1,0.031773,1,0.009345,1,131.089496334402,1,4.85098176833817,736,1,6.6729998588562,34.8730010986328,0.0317730009555817,0,126.40950012207,-86.75,27.4306,9.93368497721054,63,63,63,63,61,63,0,7818,1.13366707078925,27,-87,0.001869,51,2025-05-26 00:12:08.000017,736,1.037,0.0011,"aoml_navis",1030.71919021309
"7901009",71,0,1,0.031773,1,0.009345,1,131.402679156017,1,4.85092920058072,738,1,6.65899991989136,34.8730010986328,0.0317730009555817,0,126.711502075195,-86.75,27.4306,9.93368497721054,63,63,63,63,61,63,0,7818,1.13366707078925,27,-87,0.001869,51,2025-05-26 00:12:08.000017,738,1.037,0.0011,"aoml_navis",1030.73035974251
"7901009",71,0,1,0.031773,1,0.009345,1,131.757130207157,1,4.85088317563509,740,1,6.64900016784668,34.8720016479492,0.0317730009555817,0,127.053298950195,-86.75,27.4306,9.93368497721054,63,63,63,63,61,63,0,7818,1.13366707078925,27,-87,0.001869,51,2025-05-26 00:12:08.000017,740,1.037,0.0011,"aoml_navis",1030.74013926245
"7901009",71,0,1,0.029904,1,0.007476,1,132.211033260816,1,4.85081767967305,742,1,6.62200021743774,34.8730010986328,0.0299040004611015,0,127.490997314453,-86.75,27.4306,9.93368497721054,63,63,63,63,61,63,0,7818,1.13366707078925,27,-87,0.001869,51,2025-05-26 00:12:08.000017,742,1.037,0.0011,"aoml_navis",1030.75405636293
"7901009",71,0,1,0.028035,1,0.005607,1,132.469149579843,1,4.85076455699211,744,1,6.60200023651123,34.8720016479492,0.0280349999666214,0,127.739898681641,-86.75,27.4306,9.93368497721054,63,63,63,63,61,63,0,7818,1.13366707078925,27,-87,0.001869,51,2025-05-26 00:12:08.000017,744,1.037,0.0011,"aoml_navis",1030.76534456672
"7901009",71,0,1,0.029904,1,0.007476,1,132.649175901666,1,4.8507155762552,746,1,6.59299993515015,34.8720016479492,0.0299040004611015,0,127.913497924805,-86.75,27.4306,9.93368497721054,63,63,63,63,61,63,0,7818,1.13366707078925,27,-87,0.001869,51,2025-05-26 00:12:08.000017,746,1.037,0.0011,"aoml_navis",1030.77575285501
"7901009",71,0,1,0.028035,1,0.005607,1,132.750700809886,1,4.85067086150446,748,1,6.59000015258789,34.8720016479492,0.0280349999666214,0,128.01139831543,-86.75,27.4306,9.93368497721054,63,63,63,63,61,63,0,7818,1.13366707078925,27,-87,0.001869,51,2025-05-26 00:12:08.000017,748,1.037,0.0011,"aoml_navis",1030.78525481509
"7901009",71,0,1,0.026166,1,0.003738,1,132.860628106862,1,4.85062756980486,750,1,6.58900022506714,34.8720016479492,0.0261659994721413,0,128.117401123047,-86.75,27.4306,9.93368497721054,63,63,63,63,61,63,0,7818,1.13366707078925,27,-87,0.001869,51,2025-05-26 00:12:08.000017,750,1.037,0.0011,"aoml_navis",1030.7944545413
"7901009",71,0,1,0.029904,1,0.007476,1,132.959462984783,1,4.85058427997576,752,1,6.58799982070923,34.8720016479492,0.0299040004611015,0,128.212707519531,-86.75,27.4306,9.93368497721054,63,63,63,63,61,63,0,7818,1.13366707078925,27,-87,0.001869,51,2025-05-26 00:12:08.000017,752,1.037,0.0011,"aoml_navis",1030.80365403423
"7901009",71,0,1,0.029904,1,0.007476,1,133.050401832591,1,4.85053886011199,754,1,6.58400011062622,34.8720016479492,0.0299040004611015,0,128.300399780273,-86.75,27.4306,9.93368497721054,63,63,63,63,61,63,0,7818,1.13366707078925,27,-87,0.001869,51,2025-05-26 00:12:08.000017,754,1.037,0.0011,"aoml_navis",1030.81330635594
"7901009",71,0,1,0.031773,1,0.009345,1,133.213322726455,1,4.8504964298707,756,1,6.5789999961853,34.8709983825684,0.0317730009555817,0,128.457504272461,-86.75,27.4306,9.93368497721054,63,63,63,63,61,63,0,7818,1.13366707078925,27,-87,0.001869,51,2025-05-26 00:12:08.000017,756,1.037,0.0011,"aoml_navis",1030.82232350664
"7901009",71,0,1,0.029904,1,0.007476,1,133.311635422023,1,4.85045101320137,758,1,6.57499980926514,34.8709983825684,0.0299040004611015,0,128.552307128906,-86.75,27.4306,9.93368497721054,63,63,63,63,61,63,0,7818,1.13366707078925,27,-87,0.001869,51,2025-05-26 00:12:08.000017,758,1.037,0.0011,"aoml_navis",1030.8319754991
"7901009",71,0,1,0.029904,1,0.007476,1,133.384740951321,1,4.85040772670296,759.900024414062,1,6.57100009918213,34.8709983825684,0.0299040004611015,0,128.622802734375,-86.75,27.4306,9.93368497721054,63,63,63,63,61,63,0,7818,1.13366707078925,27,-87,0.001869,51,2025-05-26 00:12:08.000017,759.900024414062,1.037,0.0011,"aoml_navis",1030.84117495391
"7901009",71,0,1,0.026166,1,0.003738,1,133.5802112118,1,4.85035947495489,762,1,6.56599998474121,34.8709983825684,0.0261659994721413,0,128.811294555664,-86.75,27.4306,9.93368497721054,63,63,63,63,61,63,0,7818,1.13366707078925,27,-87,0.001869,51,2025-05-26 00:12:08.000017,762,1.037,0.0011,"aoml_navis",1030.85142984098
"7901009",71,0,1,0.031773,1,0.009345,1,133.735568373412,1,4.85031632704778,764,1,6.55999994277954,34.8699989318848,0.0317730009555817,0,128.96110534668,-86.75,27.4306,9.93368497721054,63,63,63,63,61,63,0,7818,1.13366707078925,27,-87,0.001869,51,2025-05-26 00:12:08.000017,764,1.037,0.0011,"aoml_navis",1030.86060018756
"7901009",71,0,1,0.029904,1,0.007476,1,133.939852439047,1,4.85027091787998,766,1,6.55600023269653,34.8699989318848,0.0299040004611015,0,129.158096313477,-86.75,27.4306,9.93368497721054,63,63,63,63,61,63,0,7818,1.13366707078925,27,-87,0.001869,51,2025-05-26 00:12:08.000017,766,1.037,0.0011,"aoml_navis",1030.87025130247
"7901009",71,0,1,0.028035,1,0.005607,1,134.301360863795,1,4.85022777359994,768,1,6.55000019073486,34.8689994812012,0.0280349999666214,0,129.506698608398,-86.75,27.4306,9.93368497721054,63,63,63,63,61,63,0,7818,1.13366707078925,27,-87,0.001869,51,2025-05-26 00:12:08.000017,768,1.037,0.0011,"aoml_navis",1030.87942121302
"7901009",71,0,1,0.028035,1,0.005607,1,134.782021807074,1,4.85016192565088,770,1,6.51200008392334,34.8680000305176,0.0280349999666214,0,129.970199584961,-86.75,27.4306,9.93368497721054,63,63,63,63,61,63,0,7818,1.13366707078925,27,-87,0.001869,51,2025-05-26 00:12:08.000017,770,1.037,0.0011,"aoml_navis",1030.89341688917
"7901009",71,0,1,0.029904,1,0.007476,1,135.068130264916,1,4.85010943683691,772,1,6.4980001449585,34.8680000305176,0.0299040004611015,0,130.24609375,-86.75,27.4306,9.93368497721054,63,63,63,63,61,63,0,7818,1.13366707078925,27,-87,0.001869,51,2025-05-26 00:12:08.000017,772,1.037,0.0011,"aoml_navis",1030.90457341533
"7901009",71,0,1,0.029904,1,0.007476,1,135.428293674515,1,4.85004619506212,774,1,6.47399997711182,34.8689994812012,0.0299040004611015,0,130.593399047852,-86.75,27.4306,9.93368497721054,63,63,63,63,61,63,0,7818,1.13366707078925,27,-87,0.001869,51,2025-05-26 00:12:08.000017,774,1.037,0.0011,"aoml_navis",1030.91801580994
"7901009",71,0,1,0.029904,1,0.007476,1,135.829836079593,1,4.84999670315475,776,1,6.45900011062622,34.8680000305176,0.0299040004611015,0,130.980606079102,-86.75,27.4306,9.93368497721054,63,63,63,63,61,63,0,7818,1.13366707078925,27,-87,0.001869,51,2025-05-26 00:12:08.000017,776,1.037,0.0011,"aoml_navis",1030.9285358375
"7901009",71,0,1,0.031773,1,0.009345,1,136.323662347628,1,4.84993718099147,778,1,6.43499994277954,34.8680000305176,0.0317730009555817,0,131.456802368164,-86.75,27.4306,9.93368497721054,63,63,63,63,61,63,0,7818,1.13366707078925,27,-87,0.001869,51,2025-05-26 00:12:08.000017,778,1.037,0.0011,"aoml_navis",1030.94118818625
"7901009",71,0,1,0.028035,1,0.005607,1,136.923064393039,1,4.84986835982474,780,1,6.40299987792969,34.8689994812012,0.0280349999666214,0,132.034805297852,-86.75,27.4306,9.93368497721054,63,63,63,63,61,63,0,7818,1.13366707078925,27,-87,0.001869,51,2025-05-26 00:12:08.000017,780,1.037,0.0011,"aoml_navis",1030.95581756794
"7901009",71,0,1,0.028035,1,0.005607,1,137.463238300753,1,4.8498182028482,782,1,6.38700008392334,34.8680000305176,0.0280349999666214,0,132.555694580078,-86.75,27.4306,9.93368497721054,63,63,63,63,61,63,0,7818,1.13366707078925,27,-87,0.001869,51,2025-05-26 00:12:08.000017,782,1.037,0.0011,"aoml_navis",1030.96647974631
"7901009",71,0,1,0.026166,1,0.003738,1,137.960909729745,1,4.8497331223882,784,1,6.33699989318848,34.8699989318848,0.0261659994721413,0,133.035598754883,-86.75,27.4306,9.93368497721054,63,63,63,63,61,63,0,7818,1.13366707078925,27,-87,0.001869,51,2025-05-26 00:12:08.000017,784,1.037,0.0011,"aoml_navis",1030.98456632966
"7901009",71,0,1,0.031773,1,0.009345,1,138.15245571073,1,4.84968650927982,786,1,6.32600021362305,34.8689994812012,0.0317730009555817,0,133.220306396484,-86.75,27.4306,9.93368497721054,63,63,63,63,61,63,0,7818,1.13366707078925,27,-87,0.001869,51,2025-05-26 00:12:08.000017,786,1.037,0.0011,"aoml_navis",1030.99447571148
"7901009",71,0,1,0.029904,1,0.007476,1,138.408910540455,1,4.84963901772926,788,1,6.31899976730347,34.8689994812012,0.0299040004611015,0,133.46760559082,-86.75,27.4306,9.93368497721054,63,63,63,63,61,63,0,7818,1.13366707078925,27,-87,0.001869,51,2025-05-26 00:12:08.000017,788,1.037,0.0011,"aoml_navis",1031.00457203537
"7901009",71,0,1,0.029904,1,0.007476,1,138.682265089939,1,4.84957313867942,790,1,6.29099988937378,34.8699989318848,0.0299040004611015,0,133.731201171875,-86.75,27.4306,9.93368497721054,63,63,63,63,61,63,0,7818,1.13366707078925,27,-87,0.001869,51,2025-05-26 00:12:08.000017,790,1.037,0.0011,"aoml_navis",1031.01857772199
"7901009",71,0,1,0.026166,1,0.003738,1,138.875156086073,1,4.84952705446732,792,1,6.28599977493286,34.8699989318848,0.0261659994721413,0,133.917205810547,-86.75,27.4306,9.93368497721054,63,63,63,63,61,63,0,7818,1.13366707078925,27,-87,0.001869,51,2025-05-26 00:12:08.000017,792,1.037,0.0011,"aoml_navis",1031.0283753122
"7901009",71,0,1,0.029904,1,0.007476,1,139.161153777962,1,4.84947817432346,794,1,6.27699995040894,34.8699989318848,0.0299040004611015,0,134.192993164062,-86.75,27.4306,9.93368497721054,63,63,63,63,61,63,0,7818,1.13366707078925,27,-87,0.001869,51,2025-05-26 00:12:08.000017,794,1.037,0.0011,"aoml_navis",1031.03876752627
"7901009",71,0,1,0.031773,1,0.009345,1,139.536349709819,1,4.8494271998941,796,1,6.2649998664856,34.8699989318848,0.0317730009555817,0,134.554794311523,-86.75,27.4306,9.93368497721054,63,63,63,63,61,63,0,7818,1.13366707078925,27,-87,0.001869,51,2025-05-26 00:12:08.000017,796,1.037,0.0011,"aoml_navis",1031.04960522125
"7901009",71,0,1,0.029904,1,0.007476,1,139.975742423572,1,4.84936715307989,798,1,6.23999977111816,34.8699989318848,0.0299040004611015,0,134.978500366211,-86.75,27.4306,9.93368497721054,63,63,63,63,61,63,0,7818,1.13366707078925,27,-87,0.001869,51,2025-05-26 00:12:08.000017,798,1.037,0.0011,"aoml_navis",1031.06237209209
"7901009",71,0,1,0.031773,1,0.009345,1,140.353628385728,1,4.84931619440253,800,1,6.22800016403198,34.8699989318848,0.0317730009555817,0,135.342895507812,-86.75,27.4306,9.93368497721054,63,63,63,63,61,63,0,7818,1.13366707078925,27,-87,0.001869,51,2025-05-26 00:12:08.000017,800,1.037,0.0011,"aoml_navis",1031.07320693408
"7901009",71,0,1,0.028035,1,0.005607,1,140.809303694643,1,4.84925270006253,802,1,6.19799995422363,34.8699989318848,0.0280349999666214,0,135.782302856445,-86.75,27.4306,9.93368497721054,63,63,63,63,61,63,0,7818,1.13366707078925,27,-87,0.001869,51,2025-05-26 00:12:08.000017,802,1.037,0.0011,"aoml_navis",1031.08670742928
"7901009",71,0,1,0.029904,1,0.007476,1,141.215498269767,1,4.84920106273475,804,1,6.18499994277954,34.8699989318848,0.0299040004611015,0,136.17399597168,-86.75,27.4306,9.93368497721054,63,63,63,63,61,63,0,7818,1.13366707078925,27,-87,0.001869,51,2025-05-26 00:12:08.000017,804,1.037,0.0011,"aoml_navis",1031.09768708584
"7901009",71,0,1,0.024297,1,0.001869,1,141.827242807137,1,4.84915242175659,806,1,6.1710000038147,34.8689994812012,0.0242970008403063,0,136.763900756836,-86.75,27.4306,9.93368497721054,63,63,63,63,61,63,0,7818,1.13366707078925,27,-87,0.001869,51,2025-05-26 00:12:08.000017,806,1.037,0.0011,"aoml_navis",1031.10802984179
"7901009",71,0,1,0.029904,1,0.007476,1,142.537189274123,1,4.84908253087883,808,1,6.13700008392334,34.8699989318848,0.0299040004611015,0,137.448501586914,-86.75,27.4306,9.93368497721054,63,63,63,63,61,63,0,7818,1.13366707078925,27,-87,0.001869,51,2025-05-26 00:12:08.000017,808,1.037,0.0011,"aoml_navis",1031.12289142536
"7901009",71,0,1,0.029904,1,0.007476,1,142.988608005682,1,4.84900576613658,810,1,6.09299993515015,34.8709983825684,0.0299040004611015,0,137.883804321289,-86.75,27.4306,9.93368497721054,63,63,63,63,61,63,0,7818,1.13366707078925,27,-87,0.001869,51,2025-05-26 00:12:08.000017,810,1.037,0.0011,"aoml_navis",1031.13921515992
"7901009",71,0,1,0.026166,1,0.003738,1,143.268703454622,1,4.84895970878555,812,1,6.08799982070923,34.8709983825684,0.0261659994721413,0,138.153900146484,-86.75,27.4306,9.93368497721054,63,63,63,63,61,63,0,7818,1.13366707078925,27,-87,0.001869,51,2025-05-26 00:12:08.000017,812,1.037,0.0011,"aoml_navis",1031.14900933097
"7901009",71,0,1,0.028035,1,0.005607,1,143.639547866878,1,4.84890812157954,814,1,6.07499980926514,34.8709983825684,0.0280349999666214,0,138.511505126953,-86.75,27.4306,9.93368497721054,63,63,63,63,61,63,0,7818,1.13366707078925,27,-87,0.001869,51,2025-05-26 00:12:08.000017,814,1.037,0.0011,"aoml_navis",1031.15997965564
"7901009",71,0,1,0.022428,1,0,1,143.939138123629,1,4.84885654030224,816,1,6.06199979782104,34.8709983825684,0.0224280003458261,0,138.800399780273,-86.75,27.4306,9.93368497721054,63,63,63,63,61,63,0,7818,1.13366707078925,27,-87,0.001869,51,2025-05-26 00:12:08.000017,816,1.037,0.0011,"aoml_navis",1031.17094895291
"7901009",71,0,1,0.029904,1,0.007476,1,144.331850899844,1,4.84880358442749,818,1,6.04699993133545,34.8709983825684,0.0299040004611015,0,139.179092407227,-86.75,27.4306,9.93368497721054,63,63,63,63,61,63,0,7818,1.13366707078925,27,-87,0.001869,51,2025-05-26 00:12:08.000017,818,1.037,0.0011,"aoml_navis",1031.18221081549
"7901009",71,0,1,0.029904,1,0.007476,1,144.659449119119,1,4.84873797416256,820,1,6.01900005340576,34.8720016479492,0.0299040004611015,0,139.494995117188,-86.75,27.4306,9.93368497721054,63,63,63,63,61,63,0,7818,1.13366707078925,27,-87,0.001869,51,2025-05-26 00:12:08.000017,820,1.037,0.0011,"aoml_navis",1031.19616416549
"7901009",71,0,1,0.028035,1,0.005607,1,144.849855793154,1,4.84868779562323,822,1,6.00799989700317,34.8720016479492,0.0280349999666214,0,139.678604125977,-86.75,27.4306,9.93368497721054,63,63,63,63,61,63,0,7818,1.13366707078925,27,-87,0.001869,51,2025-05-26 00:12:08.000017,822,1.037,0.0011,"aoml_navis",1031.20683590174
"7901009",71,0,1,0.028035,1,0.005607,1,144.985591557291,1,4.84864175246681,824,1,6.00299978256226,34.8720016479492,0.0280349999666214,0,139.809494018555,-86.75,27.4306,9.93368497721054,63,63,63,63,61,63,0,7818,1.13366707078925,27,-87,0.001869,51,2025-05-26 00:12:08.000017,824,1.037,0.0011,"aoml_navis",1031.21662833848
"7901009",71,0,1,0.029904,1,0.007476,1,145.199638850541,1,4.84859571148375,826,1,5.9980001449585,34.8720016479492,0.0299040004611015,0,140.015899658203,-86.75,27.4306,9.93368497721054,63,63,63,63,61,63,0,7818,1.13366707078925,27,-87,0.001869,51,2025-05-26 00:12:08.000017,826,1.037,0.0011,"aoml_navis",1031.22642049896
"7901009",71,0,1,0.031773,1,0.009345,1,145.429035140201,1,4.84854898354313,828,1,5.99200010299683,34.8720016479492,0.0317730009555817,0,140.237106323242,-86.75,27.4306,9.93368497721054,63,63,63,63,61,63,0,7818,1.13366707078925,27,-87,0.001869,51,2025-05-26 00:12:08.000017,828,1.037,0.0011,"aoml_navis",1031.23635895418
"7901009",71,0,1,0.029904,1,0.007476,1,145.747297371968,1,4.84849744009465,830,1,5.97900009155273,34.8720016479492,0.0299040004611015,0,140.544006347656,-86.75,27.4306,9.93368497721054,63,63,63,63,61,63,0,7818,1.13366707078925,27,-87,0.001869,51,2025-05-26 00:12:08.000017,830,1.037,0.0011,"aoml_navis",1031.24732183057
"7901009",71,0,1,0.029904,1,0.007476,1,146.002818602942,1,4.84844290411493,832,1,5.96700000762939,34.8730010986328,0.0299040004611015,0,140.790405273438,-86.75,27.4306,9.93368497721054,63,63,63,63,61,63,0,7818,1.13366707078925,27,-87,0.001869,51,2025-05-26 00:12:08.000017,832,1.037,0.0011,"aoml_navis",1031.25892144805
"7901009",71,0,1,0.029904,1,0.007476,1,146.323565156809,1,4.84839480872559,834,1,5.95900011062622,34.8730010986328,0.0299040004611015,0,141.099700927734,-86.75,27.4306,9.93368497721054,63,63,63,63,61,63,0,7818,1.13366707078925,27,-87,0.001869,51,2025-05-26 00:12:08.000017,834,1.037,0.0011,"aoml_navis",1031.26915139039
"7901009",71,0,1,0.028035,1,0.005607,1,146.797073784234,1,4.84834602846326,836,1,5.94999980926514,34.8730010986328,0.0280349999666214,0,141.556304931641,-86.75,27.4306,9.93368497721054,63,63,63,63,61,63,0,7818,1.13366707078925,27,-87,0.001869,51,2025-05-26 00:12:08.000017,836,1.037,0.0011,"aoml_navis",1031.27952721329
"7901009",71,0,1,0.026166,1,0.003738,1,147.267560083501,1,4.84829244430495,838,1,5.93400001525879,34.8730010986328,0.0261659994721413,0,142.009994506836,-86.75,27.4306,9.93368497721054,63,63,63,63,61,63,0,7818,1.13366707078925,27,-87,0.001869,51,2025-05-26 00:12:08.000017,838,1.037,0.0011,"aoml_navis",1031.29092509121
"7901009",71,0,1,0.031773,1,0.009345,1,147.76015210234,1,4.84823106818318,840,1,5.91200017929077,34.8740005493164,0.0317730009555817,0,142.485000610352,-86.75,27.4306,9.93368497721054,63,63,63,63,61,63,0,7818,1.13366707078925,27,-87,0.001869,51,2025-05-26 00:12:08.000017,840,1.037,0.0011,"aoml_navis",1031.30398070604
"7901009",71,0,1,0.028035,1,0.005607,1,148.222457544756,1,4.84817408059911,842,1,5.89099979400635,34.8740005493164,0.0280349999666214,0,142.930801391602,-86.75,27.4306,9.93368497721054,63,63,63,63,61,63,0,7818,1.13366707078925,27,-87,0.001869,51,2025-05-26 00:12:08.000017,842,1.037,0.0011,"aoml_navis",1031.31610310951
"7901009",71,0,1,0.029904,1,0.007476,1,148.790845123192,1,4.84811000412478,844,1,5.86499977111816,34.875,0.0299040004611015,0,143.478897094727,-86.75,27.4306,9.93368497721054,63,63,63,63,61,63,0,7818,1.13366707078925,27,-87,0.001869,51,2025-05-26 00:12:08.000017,844,1.037,0.0011,"aoml_navis",1031.32973380265
"7901009",71,0,1,0.031773,1,0.009345,1,149.162718076445,1,4.84804117632913,846,1,5.83199977874756,34.8759994506836,0.0317730009555817,0,143.837493896484,-86.75,27.4306,9.93368497721054,63,63,63,63,61,63,0,7818,1.13366707078925,27,-87,0.001869,51,2025-05-26 00:12:08.000017,846,1.037,0.0011,"aoml_navis",1031.34437562388
"7901009",71,0,1,0.029904,1,0.007476,1,149.515206987838,1,4.84798697891393,848,1,5.81500005722046,34.8759994506836,0.0299040004611015,0,144.177398681641,-86.75,27.4306,9.93368497721054,63,63,63,63,61,63,0,7818,1.13366707078925,27,-87,0.001869,51,2025-05-26 00:12:08.000017,848,1.037,0.0011,"aoml_navis",1031.35590539893
"7901009",71,0,1,0.033642,1,0.011214,1,149.638410375525,1,4.84793824123946,850,1,5.80600023269653,34.8759994506836,0.0336420014500618,0,144.296203613281,-86.75,27.4306,9.93368497721054,63,63,63,63,61,63,0,7818,1.13366707078925,27,-87,0.001869,51,2025-05-26 00:12:08.000017,850,1.037,0.0011,"aoml_navis",1031.36627390733
"7901009",71,0,1,0.031773,1,0.009345,1,149.920056547813,1,4.8478901874133,852,1,5.7979998588562,34.8759994506836,0.0317730009555817,0,144.567794799805,-86.75,27.4306,9.93368497721054,63,63,63,63,61,63,0,7818,1.13366707078925,27,-87,0.001869,51,2025-05-26 00:12:08.000017,852,1.037,0.0011,"aoml_navis",1031.37649713717
"7901009",71,0,1,0.029904,1,0.007476,1,150.228777083873,1,4.84783368451931,854,1,5.78299999237061,34.8769989013672,0.0299040004611015,0,144.865493774414,-86.75,27.4306,9.93368497721054,63,63,63,63,61,63,0,7818,1.13366707078925,27,-87,0.001869,51,2025-05-26 00:12:08.000017,854,1.037,0.0011,"aoml_navis",1031.38851812648
"7901009",71,0,1,0.029904,1,0.007476,1,150.422918152911,1,4.84778078664944,856.099975585938,1,5.77099990844727,34.8769989013672,0.0299040004611015,0,145.052703857422,-86.75,27.4306,9.93368497721054,63,63,63,63,61,63,0,7818,1.13366707078925,27,-87,0.001869,51,2025-05-26 00:12:08.000017,856.099975585938,1.037,0.0011,"aoml_navis",1031.39977240096
"7901009",71,0,1,0.031773,1,0.009345,1,150.679895164988,1,4.8477301139708,858,1,5.75600004196167,34.8769989013672,0.0317730009555817,0,145.300506591797,-86.75,27.4306,9.93368497721054,63,63,63,63,61,63,0,7818,1.13366707078925,27,-87,0.001869,51,2025-05-26 00:12:08.000017,858,1.037,0.0011,"aoml_navis",1031.41055348572
"7901009",71,0,1,0.028035,1,0.005607,1,150.801737713817,1,4.84767567059402,860,1,5.74399995803833,34.8779983520508,0.0280349999666214,0,145.417999267578,-86.75,27.4306,9.93368497721054,63,63,63,63,61,63,0,7818,1.13366707078925,27,-87,0.001869,51,2025-05-26 00:12:08.000017,860,1.037,0.0011,"aoml_navis",1031.42213707282
"7901009",71,0,1,0.028035,1,0.005607,1,150.894132342728,1,4.84763035122658,862,1,5.73999977111816,34.8779983520508,0.0280349999666214,0,145.507095336914,-86.75,27.4306,9.93368497721054,63,63,63,63,61,63,0,7818,1.13366707078925,27,-87,0.001869,51,2025-05-26 00:12:08.000017,862,1.037,0.0011,"aoml_navis",1031.43177959823
"7901009",71,0,1,0.033642,1,0.011214,1,151.005610363054,1,4.84758503395704,864,1,5.73600006103516,34.8779983520508,0.0336420014500618,0,145.614593505859,-86.75,27.4306,9.93368497721054,63,63,63,63,61,63,0,7818,1.13366707078925,27,-87,0.001869,51,2025-05-26 00:12:08.000017,864,1.037,0.0011,"aoml_navis",1031.44142185754
"7901009",71,0,1,0.029904,1,0.007476,1,151.041609297935,1,4.8475397181373,866,1,5.73199987411499,34.8779983520508,0.0299040004611015,0,145.649307250977,-86.75,27.4306,9.93368497721054,63,63,63,63,61,63,0,7818,1.13366707078925,27,-87,0.001869,51,2025-05-26 00:12:08.000017,866,1.037,0.0011,"aoml_navis",1031.45106398866
"7901009",71,0,1,0.031773,1,0.009345,1,151.046055759782,1,4.8474964422879,868,1,5.73099994659424,34.8779983520508,0.0317730009555817,0,145.653594970703,-86.75,27.4306,9.93368497721054,63,63,63,63,61,63,0,7818,1.13366707078925,27,-87,0.001869,51,2025-05-26 00:12:08.000017,868,1.037,0.0011,"aoml_navis",1031.46027223078
"7901009",71,0,1,0.028035,1,0.005607,1,151.13129807284,1,4.84745316864242,870,1,5.73000001907349,34.8779983520508,0.0280349999666214,0,145.735794067383,-86.75,27.4306,9.93368497721054,63,63,63,63,61,63,0,7818,1.13366707078925,27,-87,0.001869,51,2025-05-26 00:12:08.000017,870,1.037,0.0011,"aoml_navis",1031.46948016835
"7901009",71,0,1,0.031773,1,0.009345,1,151.221730562004,1,4.84740514048343,872,1,5.72200012207031,34.8779983520508,0.0317730009555817,0,145.822998046875,-86.75,27.4306,9.93368497721054,63,63,63,63,61,63,0,7818,1.13366707078925,27,-87,0.001869,51,2025-05-26 00:12:08.000017,872,1.037,0.0011,"aoml_navis",1031.47969998261
"7901009",71,0,1,0.029904,1,0.007476,1,151.399794744079,1,4.84735137760486,874,1,5.71099996566772,34.8790016174316,0.0299040004611015,0,145.994705200195,-86.75,27.4306,9.93368497721054,63,63,63,63,61,63,0,7818,1.13366707078925,27,-87,0.001869,51,2025-05-26 00:12:08.000017,874,1.037,0.0011,"aoml_navis",1031.49114031642
"7901009",71,0,1,0.026166,1,0.003738,1,151.633953969739,1,4.84730539182045,876,1,5.70599985122681,34.8790016174316,0.0261659994721413,0,146.220504760742,-86.75,27.4306,9.93368497721054,63,63,63,63,61,63,0,7818,1.13366707078925,27,-87,0.001869,51,2025-05-26 00:12:08.000017,876,1.037,0.0011,"aoml_navis",1031.5009259448
"7901009",71,0,1,0.028035,1,0.005607,1,151.859093682043,1,4.84725533561565,878,1,5.69500017166138,34.8790016174316,0.0280349999666214,0,146.437606811523,-86.75,27.4306,9.93368497721054,63,63,63,63,61,63,0,7818,1.13366707078925,27,-87,0.001869,51,2025-05-26 00:12:08.000017,878,1.037,0.0011,"aoml_navis",1031.51157795671
"7901009",71,0,1,0.031773,1,0.009345,1,151.927626159833,1,4.84721003233729,880,1,5.69099998474121,34.8790016174316,0.0317730009555817,0,146.503692626953,-86.75,27.4306,9.93368497721054,63,63,63,63,61,63,0,7818,1.13366707078925,27,-87,0.001869,51,2025-05-26 00:12:08.000017,880,1.037,0.0011,"aoml_navis",1031.52121873065
"7901009",71,0,1,0.028035,1,0.005607,1,152.120722864167,1,4.84716405230358,882,1,5.68599987030029,34.8790016174316,0.0280349999666214,0,146.689895629883,-86.75,27.4306,9.93368497721054,63,63,63,63,61,63,0,7818,1.13366707078925,27,-87,0.001869,51,2025-05-26 00:12:08.000017,882,1.037,0.0011,"aoml_navis",1031.53100370593
"7901009",71,0,1,0.028035,1,0.005607,1,152.238008185196,1,4.84711303179953,884,1,5.67899990081787,34.8800010681152,0.0280349999666214,0,146.802993774414,-86.75,27.4306,9.93368497721054,63,63,63,63,61,63,0,7818,1.13366707078925,27,-87,0.001869,51,2025-05-26 00:12:08.000017,884,1.037,0.0011,"aoml_navis",1031.54186155707
"7901009",71,0,1,0.031773,1,0.009345,1,152.270161959121,1,4.84706841264036,886,1,5.67600011825562,34.8800010681152,0.0317730009555817,0,146.833999633789,-86.75,27.4306,9.93368497721054,63,63,63,63,61,63,0,7818,1.13366707078925,27,-87,0.001869,51,2025-05-26 00:12:08.000017,886,1.037,0.0011,"aoml_navis",1031.55135730307
"7901009",71,0,1,0.029904,1,0.007476,1,152.357793652032,1,4.84702379497159,888,1,5.6729998588562,34.8800010681152,0.0299040004611015,0,146.918502807617,-86.75,27.4306,9.93368497721054,63,63,63,63,61,63,0,7818,1.13366707078925,27,-87,0.001869,51,2025-05-26 00:12:08.000017,888,1.037,0.0011,"aoml_navis",1031.56085290671
"7901009",71,0,1,0.028035,1,0.005607,1,152.431627071881,1,4.84698053653864,890,1,5.67199993133545,34.8800010681152,0.0280349999666214,0,146.989700317383,-86.75,27.4306,9.93368497721054,63,63,63,63,61,63,0,7818,1.13366707078925,27,-87,0.001869,51,2025-05-26 00:12:08.000017,890,1.037,0.0011,"aoml_navis",1031.57005940252
"7901009",71,0,1,0.029904,1,0.007476,1,152.59236429409,1,4.84693524429333,892,1,5.66800022125244,34.8800010681152,0.0299040004611015,0,147.14469909668,-86.75,27.4306,9.93368497721054,63,63,63,63,61,63,0,7818,1.13366707078925,27,-87,0.001869,51,2025-05-26 00:12:08.000017,892,1.037,0.0011,"aoml_navis",1031.57969892148
"7901009",71,0,1,0.026166,1,0.003738,1,152.72044138373,1,4.84688791761534,894,1,5.66099977493286,34.8800010681152,0.0261659994721413,0,147.268203735352,-86.75,27.4306,9.93368497721054,63,63,63,63,61,63,0,7818,1.13366707078925,27,-87,0.001869,51,2025-05-26 00:12:08.000017,894,1.037,0.0011,"aoml_navis",1031.58977161989
"7901009",71,0,1,0.028035,1,0.005607,1,152.836682340055,1,4.84684195050184,896,1,5.6560001373291,34.8800010681152,0.0280349999666214,0,147.380294799805,-86.75,27.4306,9.93368497721054,63,63,63,63,61,63,0,7818,1.13366707078925,27,-87,0.001869,51,2025-05-26 00:12:08.000017,896,1.037,0.0011,"aoml_navis",1031.59955514586
"7901009",71,0,1,0.028035,1,0.005607,1,152.894660404849,1,4.84679734166346,898,1,5.65299987792969,34.8800010681152,0.0280349999666214,0,147.43620300293,-86.75,27.4306,9.93368497721054,63,63,63,63,61,63,0,7818,1.13366707078925,27,-87,0.001869,51,2025-05-26 00:12:08.000017,898,1.037,0.0011,"aoml_navis",1031.60904975737
"7901009",71,0,1,0.029904,1,0.007476,1,153.040254338846,1,4.84675341347054,900,1,5.65100002288818,34.8800010681152,0.0299040004611015,0,147.576599121094,-86.75,27.4306,9.93368497721054,63,63,63,63,61,63,0,7818,1.13366707078925,27,-87,0.001869,51,2025-05-26 00:12:08.000017,900,1.037,0.0011,"aoml_navis",1031.61839967009
"7901009",71,0,1,0.031773,1,0.009345,1,153.28780042117,1,4.84670880830409,902,1,5.64799976348877,34.8800010681152,0.0317730009555817,0,147.815307617188,-86.75,27.4306,9.93368497721054,63,63,63,63,61,63,0,7818,1.13366707078925,27,-87,0.001869,51,2025-05-26 00:12:08.000017,902,1.037,0.0011,"aoml_navis",1031.62789384691
"7901009",71,0,1,0.029904,1,0.007476,1,153.709027518552,1,4.84665945577424,904,1,5.63800001144409,34.8800010681152,0.0299040004611015,0,148.221496582031,-86.75,27.4306,9.93368497721054,63,63,63,63,61,63,0,7818,1.13366707078925,27,-87,0.001869,51,2025-05-26 00:12:08.000017,904,1.037,0.0011,"aoml_navis",1031.63839870018
"7901009",71,0,1,0.028035,1,0.005607,1,154.103829024175,1,4.84659828941997,906,1,5.61600017547607,34.8810005187988,0.0280349999666214,0,148.602203369141,-86.75,27.4306,9.93368497721054,63,63,63,63,61,63,0,7818,1.13366707078925,27,-87,0.001869,51,2025-05-26 00:12:08.000017,906,1.037,0.0011,"aoml_navis",1031.65141846291
"7901009",71,0,1,0.031773,1,0.009345,1,154.246938636073,1,4.84654120082057,908,1,5.59999990463257,34.8819999694824,0.0317730009555817,0,148.740203857422,-86.75,27.4306,9.93368497721054,63,63,63,63,61,63,0,7818,1.13366707078925,27,-87,0.001869,51,2025-05-26 00:12:08.000017,908,1.037,0.0011,"aoml_navis",1031.6635705384
"7901009",71,0,1,0.031773,1,0.009345,1,154.33259236553,1,4.84649524768037,910,1,5.59499979019165,34.8819999694824,0.0317730009555817,0,148.822799682617,-86.75,27.4306,9.93368497721054,63,63,63,63,61,63,0,7818,1.13366707078925,27,-87,0.001869,51,2025-05-26 00:12:08.000017,910,1.037,0.0011,"aoml_navis",1031.67335248974
"7901009",71,0,1,0.028035,1,0.005607,1,154.484515782583,1,4.84644997339362,912,1,5.59100008010864,34.8819999694824,0.0280349999666214,0,148.969299316406,-86.75,27.4306,9.93368497721054,63,63,63,63,61,63,0,7818,1.13366707078925,27,-87,0.001869,51,2025-05-26 00:12:08.000017,912,1.037,0.0011,"aoml_navis",1031.68299011634
"7901009",71,0,1,0.028035,1,0.005607,1,154.674811690664,1,4.84640740820308,914,1,5.59100008010864,34.8819999694824,0.0280349999666214,0,149.152801513672,-86.75,27.4306,9.93368497721054,63,63,63,63,61,63,0,7818,1.13366707078925,27,-87,0.001869,51,2025-05-26 00:12:08.000017,914,1.037,0.0011,"aoml_navis",1031.69205121652
"7901009",71,0,1,0.026166,1,0.003738,1,155.016192359294,1,4.8463560464459,916,1,5.57800006866455,34.8819999694824,0.0261659994721413,0,149.481994628906,-86.75,27.4306,9.93368497721054,63,63,63,63,61,63,0,7818,1.13366707078925,27,-87,0.001869,51,2025-05-26 00:12:08.000017,916,1.037,0.0011,"aoml_navis",1031.70298510502
"7901009",71,0,1,0.031773,1,0.009345,1,155.208766881275,1,4.84630168220563,918,1,5.56599998474121,34.882999420166,0.0317730009555817,0,149.667694091797,-86.75,27.4306,9.93368497721054,63,63,63,63,61,63,0,7818,1.13366707078925,27,-87,0.001869,51,2025-05-26 00:12:08.000017,918,1.037,0.0011,"aoml_navis",1031.71455841445
"7901009",71,0,1,0.029904,1,0.007476,1,155.351575842728,1,4.84625573871875,920,1,5.56099987030029,34.882999420166,0.0299040004611015,0,149.805404663086,-86.75,27.4306,9.93368497721054,63,63,63,63,61,63,0,7818,1.13366707078925,27,-87,0.001869,51,2025-05-26 00:12:08.000017,920,1.037,0.0011,"aoml_navis",1031.72433927762
"7901009",71,0,1,0.031773,1,0.009345,1,155.547979701958,1,4.84621114943583,922,1,5.55800008773804,34.882999420166,0.0317730009555817,0,149.99479675293,-86.75,27.4306,9.93368497721054,63,63,63,63,61,63,0,7818,1.13366707078925,27,-87,0.001869,51,2025-05-26 00:12:08.000017,922,1.037,0.0011,"aoml_navis",1031.733832023
"7901009",71,0,1,0.026166,1,0.003738,1,155.780271730117,1,4.84616318161811,924,1,5.55000019073486,34.882999420166,0.0261659994721413,0,150.218795776367,-86.75,27.4306,9.93368497721054,63,63,63,63,61,63,0,7818,1.13366707078925,27,-87,0.001869,51,2025-05-26 00:12:08.000017,924,1.037,0.0011,"aoml_navis",1031.74404422975
"7901009",71,0,1,0.028035,1,0.005607,1,155.994524731565,1,4.84611318925817,926,1,5.53900003433228,34.882999420166,0.0280349999666214,0,150.425399780273,-86.75,27.4306,9.93368497721054,63,63,63,63,61,63,0,7818,1.13366707078925,27,-87,0.001869,51,2025-05-26 00:12:08.000017,926,1.037,0.0011,"aoml_navis",1031.75468767072
"7901009",71,0,1,0.029904,1,0.007476,1,156.123630362201,1,4.84606289388386,928,1,5.53299999237061,34.8839988708496,0.0299040004611015,0,150.549896240234,-86.75,27.4306,9.93368497721054,63,63,63,63,61,63,0,7818,1.13366707078925,27,-87,0.001869,51,2025-05-26 00:12:08.000017,928,1.037,0.0011,"aoml_navis",1031.76539584544
"7901009",71,0,1,0.029904,1,0.007476,1,156.284684058563,1,4.8460183111697,930,1,5.53000020980835,34.8839988708496,0.0299040004611015,0,150.705200195312,-86.75,27.4306,9.93368497721054,63,63,63,63,61,63,0,7818,1.13366707078925,27,-87,0.001869,51,2025-05-26 00:12:08.000017,930,1.037,0.0011,"aoml_navis",1031.77488794778
"7901009",71,0,1,0.028035,1,0.005607,1,156.526407016475,1,4.84597372994086,932,1,5.52699995040894,34.8839988708496,0.0280349999666214,0,150.938293457031,-86.75,27.4306,9.93368497721054,63,63,63,63,61,63,0,7818,1.13366707078925,27,-87,0.001869,51,2025-05-26 00:12:08.000017,932,1.037,0.0011,"aoml_navis",1031.78437990852
"7901009",71,0,1,0.028035,1,0.005607,1,156.836377625439,1,4.84592644860979,934,1,5.51999998092651,34.8839988708496,0.0280349999666214,0,151.237197875977,-86.75,27.4306,9.93368497721054,63,63,63,63,61,63,0,7818,1.13366707078925,27,-87,0.001869,51,2025-05-26 00:12:08.000017,934,1.037,0.0011,"aoml_navis",1031.79444694923
"7901009",71,0,1,0.028035,1,0.005607,1,157.278776843644,1,4.84587579368402,936,1,5.50799989700317,34.8839988708496,0.0280349999666214,0,151.663803100586,-86.75,27.4306,9.93368497721054,63,63,63,63,61,63,0,7818,1.13366707078925,27,-87,0.001869,51,2025-05-26 00:12:08.000017,936,1.037,0.0011,"aoml_navis",1031.80523250655
"7901009",71,0,1,0.029904,1,0.007476,1,157.509090908347,1,4.84581202009162,938,1,5.48199987411499,34.8849983215332,0.0299040004611015,0,151.885894775391,-86.75,27.4306,9.93368497721054,63,63,63,63,61,63,0,7818,1.13366707078925,27,-87,0.001869,51,2025-05-26 00:12:08.000017,938,1.037,0.0011,"aoml_navis",1031.81881163964
"7901009",71,0,1,0.028035,1,0.005607,1,157.571736966895,1,4.84576811873481,940,1,5.48000001907349,34.8849983215332,0.0280349999666214,0,151.946304321289,-86.75,27.4306,9.93368497721054,63,63,63,63,61,63,0,7818,1.13366707078925,27,-87,0.001869,51,2025-05-26 00:12:08.000017,940,1.037,0.0011,"aoml_navis",1031.82815964076
"7901009",71,0,1,0.029904,1,0.007476,1,157.612894430467,1,4.84572489343191,942,1,5.47900009155273,34.8849983215332,0.0299040004611015,0,151.985992431641,-86.75,27.4306,9.93368497721054,63,63,63,63,61,63,0,7818,1.13366707078925,27,-87,0.001869,51,2025-05-26 00:12:08.000017,942,1.037,0.0011,"aoml_navis",1031.8373638539
"7901009",71,0,1,0.031773,1,0.009345,1,157.68777221502,1,4.84567964740622,944,1,5.47499990463257,34.8849983215332,0.0317730009555817,0,152.058197021484,-86.75,27.4306,9.93368497721054,63,63,63,63,61,63,0,7818,1.13366707078925,27,-87,0.001869,51,2025-05-26 00:12:08.000017,944,1.037,0.0011,"aoml_navis",1031.84699852711
"7901009",71,0,1,0.031773,1,0.009345,1,157.786195676542,1,4.84563035930324,946,1,5.46500015258789,34.8849983215332,0.0317730009555817,0,152.153106689453,-86.75,27.4306,9.93368497721054,63,63,63,63,61,63,0,7818,1.13366707078925,27,-87,0.001869,51,2025-05-26 00:12:08.000017,946,1.037,0.0011,"aoml_navis",1031.85749412363
"7901009",71,0,1,0.028035,1,0.005607,1,157.98093804647,1,4.84557400950794,948,1,5.44999980926514,34.8860015869141,0.0280349999666214,0,152.340896606445,-86.75,27.4306,9.93368497721054,63,63,63,63,61,63,0,7818,1.13366707078925,27,-87,0.001869,51,2025-05-26 00:12:08.000017,948,1.037,0.0011,"aoml_navis",1031.86949372542
"7901009",71,0,1,0.031773,1,0.009345,1,158.174762641355,1,4.84552674927119,950,1,5.44299983978271,34.8860015869141,0.0317730009555817,0,152.527801513672,-86.75,27.4306,9.93368497721054,63,63,63,63,61,63,0,7818,1.13366707078925,27,-87,0.001869,51,2025-05-26 00:12:08.000017,950,1.037,0.0011,"aoml_navis",1031.87955793497
"7901009",71,0,1,0.029904,1,0.007476,1,158.306874776443,1,4.84548151072613,952,1,5.43900012969971,34.8860015869141,0.0299040004611015,0,152.655197143555,-86.75,27.4306,9.93368497721054,63,63,63,63,61,63,0,7818,1.13366707078925,27,-87,0.001869,51,2025-05-26 00:12:08.000017,952,1.037,0.0011,"aoml_navis",1031.88919180309
"7901009",71,0,1,0.029904,1,0.007476,1,158.662053718135,1,4.84543627361712,954,1,5.43499994277954,34.8860015869141,0.0299040004611015,0,152.997695922852,-86.75,27.4306,9.93368497721054,63,63,63,63,61,63,0,7818,1.13366707078925,27,-87,0.001869,51,2025-05-26 00:12:08.000017,954,1.037,0.0011,"aoml_navis",1031.89882554528
"7901009",71,0,1,0.028035,1,0.005607,1,159.081745915876,1,4.84538430922376,956,1,5.4210000038147,34.8860015869141,0.0280349999666214,0,153.402404785156,-86.75,27.4306,9.93368497721054,63,63,63,63,61,63,0,7818,1.13366707078925,27,-87,0.001869,51,2025-05-26 00:12:08.000017,956,1.037,0.0011,"aoml_navis",1031.909892159
"7901009",71,0,1,0.029904,1,0.007476,1,159.432256863815,1,4.84532665176821,958,1,5.40399980545044,34.8870010375977,0.0299040004611015,0,153.74040222168,-86.75,27.4306,9.93368497721054,63,63,63,63,61,63,0,7818,1.13366707078925,27,-87,0.001869,51,2025-05-26 00:12:08.000017,958,1.037,0.0011,"aoml_navis",1031.92217147534
"7901009",71,0,1,0.035511,1,0.013083,1,159.624214261198,1,4.84527738909463,960,1,5.39400005340576,34.8870010375977,0.0355109982192516,0,153.925506591797,-86.75,27.4306,9.93368497721054,63,63,63,63,61,63,0,7818,1.13366707078925,27,-87,0.001869,51,2025-05-26 00:12:08.000017,960,1.037,0.0011,"aoml_navis",1031.93266318531
"7901009",71,0,1,0.035511,1,0.013083,1,159.804541233466,1,4.84522310365931,962,1,5.38199996948242,34.8880004882812,0.0355109982192516,0,154.099395751953,-86.75,27.4306,9.93368497721054,63,63,63,63,61,63,0,7818,1.13366707078925,27,-87,0.001869,51,2025-05-26 00:12:08.000017,962,1.037,0.0011,"aoml_navis",1031.94422486424
"7901009",71,0,1,0.029904,1,0.007476,1,159.905654725287,1,4.84517921855237,964,1,5.38000011444092,34.8880004882812,0.0299040004611015,0,154.196899414062,-86.75,27.4306,9.93368497721054,63,63,63,63,61,63,0,7818,1.13366707078925,27,-87,0.001869,51,2025-05-26 00:12:08.000017,964,1.037,0.0011,"aoml_navis",1031.95357167694
"7901009",71,0,1,0.028035,1,0.005607,1,160.039127699232,1,4.84513332085433,966,1,5.375,34.8880004882812,0.0280349999666214,0,154.325607299805,-86.75,27.4306,9.93368497721054,63,63,63,63,61,63,0,7818,1.13366707078925,27,-87,0.001869,51,2025-05-26 00:12:08.000017,966,1.037,0.0011,"aoml_navis",1031.9633473199
"7901009",71,0,1,0.028035,1,0.005607,1,160.216448167048,1,4.84508742496294,968,1,5.36999988555908,34.8880004882812,0.0280349999666214,0,154.496597290039,-86.75,27.4306,9.93368497721054,63,63,63,63,61,63,0,7818,1.13366707078925,27,-87,0.001869,51,2025-05-26 00:12:08.000017,968,1.037,0.0011,"aoml_navis",1031.97312276326
"7901009",71,0,1,0.033642,1,0.011214,1,160.33156564013,1,4.84504287375575,970,1,5.36700010299683,34.8880004882812,0.0336420014500618,0,154.607604980469,-86.75,27.4306,9.93368497721054,63,63,63,63,61,63,0,7818,1.13366707078925,27,-87,0.001869,51,2025-05-26 00:12:08.000017,970,1.037,0.0011,"aoml_navis",1031.9826119772
"7901009",71,0,1,0.031773,1,0.009345,1,160.432251891845,1,4.84499396977584,972,1,5.36299991607666,34.8889999389648,0.0317730009555817,0,154.704696655273,-86.75,27.4306,9.93368497721054,63,63,63,63,61,63,0,7818,1.13366707078925,27,-87,0.001869,51,2025-05-26 00:12:08.000017,972,1.037,0.0011,"aoml_navis",1031.99302851379
"7901009",71,0,1,0.029904,1,0.007476,1,160.55607240413,1,4.84495076509752,974,1,5.36199998855591,34.8889999389648,0.0299040004611015,0,154.824096679688,-86.75,27.4306,9.93368497721054,63,63,63,63,61,63,0,7818,1.13366707078925,27,-87,0.001869,51,2025-05-26 00:12:08.000017,974,1.037,0.0011,"aoml_navis",1032.00223127538
"7901009",71,0,1,0.029904,1,0.007476,1,160.724594890498,1,4.84490487615051,976,1,5.35699987411499,34.8889999389648,0.0299040004611015,0,154.986602783203,-86.75,27.4306,9.93368497721054,63,63,63,63,61,63,0,7818,1.13366707078925,27,-87,0.001869,51,2025-05-26 00:12:08.000017,976,1.037,0.0011,"aoml_navis",1032.01200597621
"7901009",71,0,1,0.028035,1,0.005607,1,160.857118441984,1,4.84485966073849,978,1,5.35300016403198,34.8889999389648,0.0280349999666214,0,155.114395141602,-86.75,27.4306,9.93368497721054,63,63,63,63,61,63,0,7818,1.13366707078925,27,-87,0.001869,51,2025-05-26 00:12:08.000017,978,1.037,0.0011,"aoml_navis",1032.02163738998
"7901009",71,0,1,0.026166,1,0.003738,1,164.394302576753,1,4.84434844429428,999.200012207031,1,5.27930021286011,34.8919982910156,0.0261659994721413,0,158.525299072266,-86.75,27.4306,9.93368497721054,63,63,63,63,61,63,0,7818,1.13366707078925,27,-87,0.001869,51,2025-05-26 00:12:08.000017,999.200012207031,1.037,0.0011,"aoml_navis",1032.13054500426
"7901009",71,0,1,0.029904,1,0.007476,1,171.474050906887,1,4.84312061514908,1049.09997558594,1,5.06160020828247,34.8979988098145,0.0299040004611015,0,165.352294921875,-86.75,27.4306,9.93368497721054,63,63,63,63,61,63,0,7818,1.13366707078925,27,-87,0.001869,51,2025-05-26 00:12:08.000017,1049.09997558594,1.037,0.0011,"aoml_navis",1032.39221099722
"7901009",71,0,1,0.029904,1,0.007476,1,178.929105934832,1,4.84189477754607,1099,1,4.84980010986328,34.9049987792969,0.0299040004611015,0,172.541198730469,-86.75,27.4306,9.93368497721054,63,63,63,63,61,63,0,7818,1.13366707078925,27,-87,0.001869,51,2025-05-26 00:12:08.000017,1099,1.037,0.0011,"aoml_navis",1032.65358495338
"7901009",71,0,1,0.028035,1,0.005607,1,184.796473432989,1,4.84066634435302,1150.19995117188,1,4.67360019683838,34.9119987487793,0.0280349999666214,0,178.199096679688,-86.75,27.4306,9.93368497721054,63,63,63,63,61,63,0,7818,1.13366707078925,27,-87,0.001869,51,2025-05-26 00:12:08.000017,1150.19995117188,1.037,0.0011,"aoml_navis",1032.91564514312
"7901009",71,0,1,0.033642,1,0.011214,1,188.173015287794,1,4.83955818242196,1199.5,1,4.60069990158081,34.9160003662109,0.0336420014500618,0,181.455093383789,-86.75,27.4306,9.93368497721054,63,63,63,63,61,63,0,7818,1.13366707078925,27,-87,0.001869,51,2025-05-26 00:12:08.000017,1199.5,1.037,0.0011,"aoml_navis",1033.15216214587
"7901009",71,0,1,0.029904,1,0.007476,1,190.807678433596,1,4.83846458784869,1248.90002441406,1,4.54029989242554,34.9179992675781,0.0299040004611015,0,183.995697021484,-86.75,27.4306,9.93368497721054,63,63,63,63,61,63,0,7818,1.13366707078925,27,-87,0.001869,51,2025-05-26 00:12:08.000017,1248.90002441406,1.037,0.0011,"aoml_navis",1033.38567622402
"7901009",71,0,1,0.029904,1,0.007476,1,193.434461372992,1,4.83734468787309,1298.90002441406,1,4.46869993209839,34.9220008850098,0.0299040004611015,0,186.528701782227,-86.75,27.4306,9.93368497721054,63,63,63,63,61,63,0,7818,1.13366707078925,27,-87,0.001869,51,2025-05-26 00:12:08.000017,1298.90002441406,1.037,0.0011,"aoml_navis",1033.62491668925
"7901009",71,0,1,0.031773,1,0.009345,1,195.672661523869,1,4.83623138377246,1350,1,4.42379999160767,34.9230003356934,0.0317730009555817,0,188.686996459961,-86.75,27.4306,9.93368497721054,63,63,63,63,61,63,0,7818,1.13366707078925,27,-87,0.001869,51,2025-05-26 00:12:08.000017,1350,1.037,0.0011,"aoml_navis",1033.86285792219
"7901009",71,0,1,0.029904,1,0.007476,1,197.475947070254,1,4.83515846397175,1399.30004882812,1,4.38609981536865,34.9249992370605,0.0299040004611015,0,190.425903320312,-86.75,27.4306,9.93368497721054,63,63,63,63,61,63,0,7818,1.13366707078925,27,-87,0.001869,51,2025-05-26 00:12:08.000017,1399.30004882812,1.037,0.0011,"aoml_navis",1034.09227169213
"7901009",71,0,1,0.028035,1,0.005607,1,198.589081607912,1,4.8340798156905,1449.5,1,4.36630010604858,34.9269981384277,0.0280349999666214,0,191.499298095703,-86.75,27.4306,9.93368497721054,63,63,63,63,61,63,0,7818,1.13366707078925,27,-87,0.001869,51,2025-05-26 00:12:08.000017,1449.5,1.037,0.0011,"aoml_navis",1034.32301299018
"7901009",71,0,1,0.026166,1,0.003738,1,199.499593569237,1,4.83301349943388,1499.5,1,4.34560012817383,34.9269981384277,0.0261659994721413,0,192.377304077148,-86.75,27.4306,9.93368497721054,63,63,63,63,61,63,0,7818,1.13366707078925,27,-87,0.001869,51,2025-05-26 00:12:08.000017,1499.5,1.037,0.0011,"aoml_navis",1034.55121749312
"7901009",71,0,1,0.028035,1,0.005607,1,200.058439451966,1,4.83194965564657,1549.69995117188,1,4.33809995651245,34.9280014038086,0.0280349999666214,0,192.916198730469,-86.75,27.4306,9.93368497721054,63,63,63,63,61,63,0,7818,1.13366707078925,27,-87,0.001869,51,2025-05-26 00:12:08.000017,1549.69995117188,1.037,0.0011,"aoml_navis",1034.77899322834
"7901009",71,0,1,0.026166,1,0.003738,1,200.647777619318,1,4.83089761758392,1599.40002441406,1,4.33029985427856,34.9290008544922,0.0261659994721413,0,193.484497070312,-86.75,27.4306,9.93368497721054,63,63,63,63,61,63,0,7818,1.13366707078925,27,-87,0.001869,51,2025-05-26 00:12:08.000017,1599.40002441406,1.037,0.0011,"aoml_navis",1035.00433993893
"7901009",71,0,1,0.031773,1,0.009345,1,201.161937351671,1,4.82984703084224,1649.19995117188,1,4.32550001144409,34.9300003051758,0.0317730009555817,0,193.98030090332,-86.75,27.4306,9.93368497721054,63,63,63,63,61,63,0,7818,1.13366707078925,27,-87,0.001869,51,2025-05-26 00:12:08.000017,1649.19995117188,1.037,0.0011,"aoml_navis",1035.22947374341
"7901009",71,0,1,0.026166,1,0.003738,1,201.492225601245,1,4.82879114018446,1699.5,1,4.32070016860962,34.9300003051758,0.0261659994721413,0,194.298797607422,-86.75,27.4306,9.93368497721054,63,63,63,63,61,63,0,7818,1.13366707078925,27,-87,0.001869,51,2025-05-26 00:12:08.000017,1699.5,1.037,0.0011,"aoml_navis",1035.45584284869
"7901009",71,0,1,0.031773,1,0.009345,1,202.233281477451,1,4.82774108944088,1749.5,1,4.31309986114502,34.9300003051758,0.0317730009555817,0,195.013397216797,-86.75,27.4306,9.93368497721054,63,63,63,63,61,63,0,7818,1.13366707078925,27,-87,0.001869,51,2025-05-26 00:12:08.000017,1749.5,1.037,0.0011,"aoml_navis",1035.68105815282
"7901009",71,0,1,0.029904,1,0.007476,1,202.723278408237,1,4.82669286299249,1799.40002441406,1,4.30819988250732,34.9309997558594,0.0299040004611015,0,195.485900878906,-86.75,27.4306,9.93368497721054,63,63,63,63,61,63,0,7818,1.13366707078925,27,-87,0.001869,51,2025-05-26 00:12:08.000017,1799.40002441406,1.037,0.0011,"aoml_navis",1035.9059799177
"7901009",71,0,1,0.031773,1,0.009345,1,203.024118737893,1,4.82566230883062,1848.80004882812,1,4.30630016326904,34.9309997558594,0.0317730009555817,0,195.776000976562,-86.75,27.4306,9.93368497721054,63,63,63,63,61,63,0,7818,1.13366707078925,27,-87,0.001869,51,2025-05-26 00:12:08.000017,1848.80004882812,1.037,0.0011,"aoml_navis",1036.12720493317
"7901009",71,0,4,0.022428,1,0,1,203.465378649148,1,4.82461342568811,1898.90002441406,1,4.30210018157959,34.931999206543,0.0224280003458261,0,196.201507568359,-86.75,27.4306,9.93368497721054,63,63,63,63,61,63,0,7818,1.13366707078925,27,-87,0.001869,51,2025-05-26 00:12:08.000017,1898.90002441406,1.037,0.0011,"aoml_navis",1036.35246160409
"7901009",71,0,1,0.031773,1,0.009345,1,204.163188332373,1,4.82358930397417,1948.09997558594,1,4.2992000579834,34.931999206543,0.0317730009555817,0,196.874404907227,-86.75,27.4306,9.93368497721054,63,63,63,63,61,63,0,7818,1.13366707078925,27,-87,0.001869,51,2025-05-26 00:12:08.000017,1948.09997558594,1.037,0.0011,"aoml_navis",1036.57249506721
"7901009",71,0,1,0.026166,1,0.003738,1,204.420988177247,1,4.82253444095664,1999,1,4.30049991607666,34.931999206543,0.0261659994721413,0,197.123001098633,-86.75,27.4306,9.93368497721054,63,63,63,63,61,63,0,7818,1.13366707078925,27,-87,0.001869,51,2025-05-26 00:12:08.000017,1999,1.037,0.0011,"aoml_navis",1036.7992310301
"7901009",72,0.051903862651518,1,0.080367,1,0.057939,1,193.474650130677,1,4.88692391707328,2.20000004768372,1,29.121000289917,36.4720001220703,0.0803669989109039,0.065430074930191,186.567398071289,-87.6085,26.9886,9.93401422873536,63,63,63,63,61,63,0.057939,7817,1.11627530284214,27,-88,0.001869,51,2025-06-05 06:39:52.0007,2.20000004768372,1.037,0.0011,"aoml_navis",1023.13849874594
"7901009",72,0.0485552263514201,1,0.076629,1,0.054201,1,193.394075786455,1,4.88689884058109,4,1,29.1259994506836,36.4710006713867,0.0766289979219437,0.065430074930191,186.489700317383,-87.6085,26.9886,9.93401422873536,63,63,63,63,61,63,0.054201,7817,1.11627530284214,27,-88,0.001869,51,2025-06-05 06:39:52.0007,4,1.037,0.0011,"aoml_navis",1023.14374884942
"7901009",72,0.050229544501469,1,0.078498,1,0.05607,1,193.428603127204,1,4.88685484080042,6,1,29.1240005493164,36.4710006713867,0.0784979984164238,0.065430074930191,186.522994995117,-87.6085,26.9886,9.93401422873536,63,63,63,63,61,63,0.05607,7817,1.11627530284214,27,-88,0.001869,51,2025-06-05 06:39:52.0007,6,1.037,0.0011,"aoml_navis",1023.15296092999
"7901009",72,0.053578180801567,1,0.082236,1,0.059808,1,193.554401641849,1,4.88675293773985,8,1,29.0860004425049,36.4710006713867,0.0822359994053841,0.0691530033946037,186.644302368164,-87.6085,26.9886,9.93401422873536,63,63,63,63,61,63,0.059808,7817,1.11627530284214,27,-88,0.001869,51,2025-06-05 06:39:52.0007,8,1.037,0.0011,"aoml_navis",1023.17429665526
"7901009",72,0.050229544501469,1,0.078498,1,0.05607,1,193.608123145901,1,4.88666875807465,10,1,29.0590000152588,36.4710006713867,0.0784979984164238,0.0654150024056435,186.696105957031,-87.6085,26.9886,9.93401422873536,63,63,63,63,61,63,0.05607,7817,1.11627530284214,27,-88,0.001869,51,2025-06-05 06:39:52.0007,10,1.037,0.0011,"aoml_navis",1023.19192225544
"7901009",72,0.051903862651518,1,0.080367,1,0.057939,1,194.138866288002,1,4.88634902596184,12,1,28.9029998779297,36.4790000915527,0.0803669989109039,0.0672840029001236,187.207901000977,-87.6085,26.9886,9.93401422873536,63,63,63,63,61,63,0.057939,7817,1.11627530284214,27,-88,0.001869,51,2025-06-05 06:39:52.0007,12,1.037,0.0011,"aoml_navis",1023.25887353407
"7901009",72,0.0468809082013711,1,0.07476,1,0.052332,1,194.462935920697,1,4.88612876927012,14,1,28.8110008239746,36.4879989624023,0.0747599974274635,0.0616770014166832,187.520401000977,-87.6085,26.9886,9.93401422873536,63,63,63,63,61,63,0.052332,7817,1.11627530284214,27,-88,0.001869,51,2025-06-05 06:39:52.0007,14,1.037,0.0011,"aoml_navis",1023.3049999513
"7901009",72,0.0468809082013711,1,0.07476,1,0.052332,1,194.477034848565,1,4.885995352279,16,1,28.761999130249,36.492000579834,0.0747599974274635,0.0616770014166832,187.533996582031,-87.6085,26.9886,9.93401422873536,63,63,63,63,61,63,0.052332,7817,1.11627530284214,27,-88,0.001869,51,2025-06-05 06:39:52.0007,16,1.037,0.0011,"aoml_navis",1023.33294231805
"7901009",72,0.0485552263514201,1,0.076629,1,0.054201,1,194.564350094327,1,4.88590151037694,18,1,28.7310009002686,36.4930000305176,0.0766289979219437,0.0635460019111633,187.618194580078,-87.6085,26.9886,9.93401422873536,63,63,63,63,61,63,0.054201,7817,1.11627530284214,27,-88,0.001869,51,2025-06-05 06:39:52.0007,18,1.037,0.0011,"aoml_navis",1023.35259713703
"7901009",72,0.0468809082013711,1,0.07476,1,0.052332,1,194.710260547603,1,4.8857268081832,20,1,28.6560001373291,36.4970016479492,0.0747599974274635,0.0616770014166832,187.758895874023,-87.6085,26.9886,9.93401422873536,63,63,63,63,61,63,0.052332,7817,1.11627530284214,27,-88,0.001869,51,2025-06-05 06:39:52.0007,20,1.037,0.0011,"aoml_navis",1023.38918983874
"7901009",72,0.0418579537512242,1,0.069153,1,0.046725,1,195.066895380693,1,4.88546646241016,22.1000003814697,1,28.5259990692139,36.5,0.0691530033946037,0.0560699999332428,188.102798461914,-87.6085,26.9886,9.93401422873536,63,63,63,63,61,63,0.046725,7817,1.11627530284214,27,-88,0.001869,51,2025-06-05 06:39:52.0007,22.1000003814697,1.037,0.0011,"aoml_navis",1023.44372609475
"7901009",72,0.0435322719012732,1,0.071022,1,0.048594,1,195.194972509942,1,4.88521884706166,23.8999996185303,1,28.3929996490479,36.5,0.0710219964385033,0.0579390004277229,188.226303100586,-87.6085,26.9886,9.93401422873536,63,63,63,63,61,63,0.048594,7817,1.11627530284214,27,-88,0.001869,51,2025-06-05 06:39:52.0007,23.8999996185303,1.037,0.0011,"aoml_navis",1023.49560102254
"7901009",72,0.051903862651518,1,0.080367,1,0.057939,1,196.885419719943,1,4.88449255323991,26.1000003814697,1,27.988000869751,36.5120010375977,0.0803669989109039,0.0672840029001236,189.856399536133,-87.6085,26.9886,9.93401422873536,63,63,63,63,61,63,0.057939,7817,1.11627530284214,27,-88,0.001869,51,2025-06-05 06:39:52.0007,26.1000003814697,1.037,0.0011,"aoml_navis",1023.64778848592
"7901009",72,0.0602754534017628,1,0.089712,1,0.067284,1,199.201916292636,1,4.88371944455576,27.8999996185303,1,27.5230007171631,36.5149993896484,0.0897120013833046,0.0766289979219437,192.090194702148,-87.6085,26.9886,9.93401422873536,63,63,63,63,61,63,0.067284,7817,1.11627530284214,27,-88,0.001869,51,2025-06-05 06:39:52.0007,27.8999996185303,1.037,0.0011,"aoml_navis",1023.80983526273
"7901009",72,0.0686470441520077,1,0.099057,1,0.076629,1,201.220484005741,1,4.88303196980308,29.8999996185303,1,27.1159992218018,36.5200004577637,0.0990569964051247,0.0859740003943443,194.036697387695,-87.6085,26.9886,9.93401422873536,63,63,63,63,61,63,0.076629,7817,1.11627530284214,27,-88,0.001869,51,2025-06-05 06:39:52.0007,29.8999996185303,1.037,0.0011,"aoml_navis",1023.95397591502
"7901009",72,0.0753443167522036,1,0.106533,1,0.084105,1,202.489387513837,1,4.88261713628511,32,1,26.871000289917,36.5190010070801,0.106532998383045,0.0934500023722649,195.260299682617,-87.6085,26.9886,9.93401422873536,63,63,63,63,61,63,0.084105,7817,1.11627530284214,27,-88,0.001869,51,2025-06-05 06:39:52.0007,32,1.037,0.0011,"aoml_navis",1024.04097237987
"7901009",72,0.0837159075024484,1,0.115878,1,0.09345,1,203.957495739024,1,4.88209857793139,34,1,26.5620002746582,36.5209999084473,0.115878000855446,0.102794997394085,196.675994873047,-87.6085,26.9886,9.93401422873536,63,63,63,63,61,63,0.09345,7817,1.11627530284214,27,-88,0.001869,51,2025-06-05 06:39:52.0007,34,1.037,0.0011,"aoml_navis",1024.1497422034
"7901009",72,0.0954361345527912,1,0.128961,1,0.106533,1,205.134321063885,1,4.88169293141945,36,1,26.3279991149902,36.523998260498,0.128960996866226,0.115878000855446,197.810806274414,-87.6085,26.9886,9.93401422873536,63,63,63,63,61,63,0.106533,7817,1.11627530284214,27,-88,0.001869,51,2025-06-05 06:39:52.0007,36,1.037,0.0011,"aoml_navis",1024.2348443957
"7901009",72,0.117202270503428,1,0.153258,1,0.13083,1,206.358522584073,1,4.88122212205547,38,1,26.0419998168945,36.523998260498,0.153257995843887,0.140174999833107,198.991302490234,-87.6085,26.9886,9.93401422873536,63,63,63,63,61,63,0.13083,7817,1.11627530284214,27,-88,0.001869,51,2025-06-05 06:39:52.0007,38,1.037,0.0011,"aoml_navis",1024.3336350968
"7901009",72,0.120550906803526,1,0.156996,1,0.134568,1,206.419190697928,1,4.88098074802091,40,1,25.9200000762939,36.5289993286133,0.156995996832848,0.143913000822067,199.0498046875,-87.6085,26.9886,9.93401422873536,63,63,63,63,61,63,0.134568,7817,1.11627530284214,27,-88,0.001869,51,2025-06-05 06:39:52.0007,40,1.037,0.0011,"aoml_navis",1024.38429039642
"7901009",72,0.13059681570382,1,0.16821,1,0.145782,1,206.349708776192,1,4.88082002184234,42,1,25.8589992523193,36.5369987487793,0.168209999799728,0.155127003788948,198.982803344727,-87.6085,26.9886,9.93401422873536,63,63,63,63,61,63,0.145782,7817,1.11627530284214,27,-88,0.001869,51,2025-06-05 06:39:52.0007,42,1.037,0.0011,"aoml_navis",1024.41802353381
"7901009",72,0.125573861253673,1,0.162603,1,0.140175,1,206.810669346018,1,4.88065818631999,44,1,25.7730007171631,36.5349998474121,0.162603005766869,0.149519994854927,199.427307128906,-87.6085,26.9886,9.93401422873536,63,63,63,63,61,63,0.140175,7817,1.11627530284214,27,-88,0.001869,51,2025-06-05 06:39:52.0007,44,1.037,0.0011,"aoml_navis",1024.45199174458
"7901009",72,0.128922497553771,1,0.166341,1,0.143913,1,207.220804151185,1,4.88049809942785,46,1,25.6879997253418,36.5330009460449,0.166341006755829,0.153257995843887,199.822799682617,-87.6085,26.9886,9.93401422873536,63,63,63,63,61,63,0.143913,7817,1.11627530284214,27,-88,0.001869,51,2025-06-05 06:39:52.0007,46,1.037,0.0011,"aoml_navis",1024.48559514574
"7901009",72,0.14566567905426,1,0.185031,1,0.162603,1,207.972746970798,1,4.88026706060395,48.0999984741211,1,25.548999786377,36.5279998779297,0.185030996799469,0.171948000788689,200.547897338867,-87.6085,26.9886,9.93401422873536,63,63,63,63,61,63,0.162603,7817,1.11627530284214,27,-88,0.001869,51,2025-06-05 06:39:52.0007,48.0999984741211,1.037,0.0011,"aoml_navis",1024.53409575935
"7901009",72,0.149014315354358,1,0.188769,1,0.166341,1,208.683310782135,1,4.87997744117105,50,1,25.367000579834,36.5229988098145,0.188768997788429,0.175686001777649,201.233093261719,-87.6085,26.9886,9.93401422873536,63,63,63,63,61,63,0.166341,7817,1.11627530284214,27,-88,0.001869,51,2025-06-05 06:39:52.0007,50,1.037,0.0011,"aoml_navis",1024.59490034039
"7901009",72,0.159060224254652,1,0.199983,1,0.177555,1,209.065152789291,1,4.87975168574569,52,1,25.2339992523193,36.5200004577637,0.19998300075531,0.18690000474453,201.601303100586,-87.6085,26.9886,9.93401422873536,63,63,63,63,61,63,0.177555,7817,1.11627530284214,27,-88,0.001869,51,2025-06-05 06:39:52.0007,52,1.037,0.0011,"aoml_navis",1024.64230190351
"7901009",72,0.172454769455044,1,0.214935,1,0.192507,1,209.927845772929,1,4.87932440470782,54,1,24.9699993133545,36.5200004577637,0.214935004711151,0.20185199379921,202.433197021484,-87.6085,26.9886,9.93401422873536,63,63,63,63,61,63,0.192507,7817,1.11627530284214,27,-88,0.001869,51,2025-06-05 06:39:52.0007,54,1.037,0.0011,"aoml_navis",1024.73202953584
"7901009",72,0.170780451304995,1,0.213066,1,0.190638,1,209.99110897564,1,4.87918221532048,56,1,24.9029998779297,36.5209999084473,0.21306599676609,0.19998300075531,202.494201660156,-87.6085,26.9886,9.93401422873536,63,63,63,63,61,63,0.190638,7817,1.11627530284214,27,-88,0.001869,51,2025-06-05 06:39:52.0007,56,1.037,0.0011,"aoml_navis",1024.76189233109
"7901009",72,0.164083178704799,4,0.20559,1,0.183162,1,209.983529417336,1,4.87902274547906,58,1,24.8239994049072,36.5219993591309,0.20558999478817,0.19250699877739,202.486892700195,-87.6085,26.9886,9.93401422873536,63,63,63,63,61,63,0.183162,7817,1.11627530284214,27,-88,0.001869,51,2025-06-05 06:39:52.0007,58,1.037,0.0011,"aoml_navis",1024.79538645993
"7901009",72,0.182500678355338,1,0.226149,1,0.203721,1,209.458277103484,1,4.87880767438564,60,1,24.7040004730225,36.5219993591309,0.226148992776871,0.21306599676609,201.980392456055,-87.6085,26.9886,9.93401422873536,63,63,63,63,61,63,0.203721,7817,1.11627530284214,27,-88,0.001869,51,2025-06-05 06:39:52.0007,60,1.037,0.0011,"aoml_navis",1024.84056222397
"7901009",72,0.17915204205524,1,0.222411,1,0.199983,1,209.15226232679,1,4.87855487664755,62,1,24.5599994659424,36.5229988098145,0.222411006689072,0.20932799577713,201.685302734375,-87.6085,26.9886,9.93401422873536,63,63,63,63,61,63,0.199983,7817,1.11627530284214,27,-88,0.001869,51,2025-06-05 06:39:52.0007,62,1.037,0.0011,"aoml_navis",1024.89366757639
"7901009",72,0.182500678355338,1,0.226149,1,0.203721,1,208.533048807912,1,4.87838919062047,64,1,24.4659996032715,36.5200004577637,0.226148992776871,0.21306599676609,201.088195800781,-87.6085,26.9886,9.93401422873536,63,63,63,63,61,63,0.203721,7817,1.11627530284214,27,-88,0.001869,51,2025-06-05 06:39:52.0007,64,1.037,0.0011,"aoml_navis",1024.92847631209
"7901009",72,0.189197950955533,1,0.233625,1,0.211197,1,207.801439458906,1,4.87822960771472,66,1,24.371000289917,36.5149993896484,0.233624994754791,0.220541998744011,200.382705688477,-87.6085,26.9886,9.93401422873536,63,63,63,63,61,63,0.211197,7817,1.11627530284214,27,-88,0.001869,51,2025-06-05 06:39:52.0007,66,1.037,0.0011,"aoml_navis",1024.9620050874
"7901009",72,0.202592496155925,1,0.248577,1,0.226149,1,207.099467923475,1,4.87807322148617,68,1,24.2779998779297,36.5099983215332,0.248576998710632,0.235494002699852,199.705795288086,-87.6085,26.9886,9.93401422873536,63,63,63,63,61,63,0.226149,7817,1.11627530284214,27,-88,0.001869,51,2025-06-05 06:39:52.0007,68,1.037,0.0011,"aoml_navis",1024.99486436095
"7901009",72,0.222684313956513,1,0.271005,1,0.248577,1,206.42800450581,1,4.87787284680427,70,1,24.1539993286133,36.5050010681152,0.271005004644394,0.257921993732452,199.058303833008,-87.6085,26.9886,9.93401422873536,63,63,63,63,61,63,0.248577,7817,1.11627530284214,27,-88,0.001869,51,2025-06-05 06:39:52.0007,70,1.037,0.0011,"aoml_navis",1025.03696939861
"7901009",72,0.237753177306954,1,0.287826,1,0.265398,1,205.584173387513,1,4.87771787953949,72,1,24.0639991760254,36.5009994506836,0.287826001644135,0.274742990732193,198.244598388672,-87.6085,26.9886,9.93401422873536,63,63,63,63,61,63,0.265398,7817,1.11627530284214,27,-88,0.001869,51,2025-06-05 06:39:52.0007,72,1.037,0.0011,"aoml_navis",1025.06953527867
"7901009",72,0.239427495457002,1,0.289695,1,0.267267,1,205.09251481537,1,4.87755182680717,74,1,23.9659996032715,36.4970016479492,0.289694994688034,0.276612013578415,197.770492553711,-87.6085,26.9886,9.93401422873536,63,63,63,63,61,63,0.267267,7817,1.11627530284214,27,-88,0.001869,51,2025-06-05 06:39:52.0007,74,1.037,0.0011,"aoml_navis",1025.10443303131
"7901009",72,0.246124768057198,1,0.297171,1,0.274743,1,204.270995131746,1,4.8774342518966,76,1,23.9069995880127,36.4949989318848,0.297170996665955,0.284087985754013,196.978302001953,-87.6085,26.9886,9.93401422873536,63,63,63,63,61,63,0.274743,7817,1.11627530284214,27,-88,0.001869,51,2025-06-05 06:39:52.0007,76,1.037,0.0011,"aoml_navis",1025.12914408959
"7901009",72,0.282959767358276,1,0.338289,1,0.315861,1,203.450709697699,1,4.87727005492115,78,1,23.8150005340576,36.4930000305176,0.338288992643356,0.325206011533737,196.187301635742,-87.6085,26.9886,9.93401422873536,63,63,63,63,61,63,0.315861,7817,1.11627530284214,27,-88,0.001869,51,2025-06-05 06:39:52.0007,78,1.037,0.0011,"aoml_navis",1025.1636558355
"7901009",72,0.306400221458961,1,0.364455,1,0.342027,1,202.668891708822,1,4.8771364680864,80,1,23.7469997406006,36.492000579834,0.364455014467239,0.351372003555298,195.433395385742,-87.6085,26.9886,9.93401422873536,63,63,63,63,61,63,0.342027,7817,1.11627530284214,27,-88,0.001869,51,2025-06-05 06:39:52.0007,80,1.037,0.0011,"aoml_navis",1025.19173550249
"7901009",72,0.323143402959451,1,0.383145,1,0.360717,1,201.971192575776,1,4.87698816447281,82,1,23.6709995269775,36.492000579834,0.38314500451088,0.370061993598938,194.760604858398,-87.6085,26.9886,9.93401422873536,63,63,63,63,61,63,0.360717,7817,1.11627530284214,27,-88,0.001869,51,2025-06-05 06:39:52.0007,82,1.037,0.0011,"aoml_navis",1025.22291040673
"7901009",72,0.351606811510283,1,0.414918,1,0.39249,1,201.78556460404,1,4.87686963683936,84,1,23.6159992218018,36.492000579834,0.414918005466461,0.40183499455452,194.581604003906,-87.6085,26.9886,9.93401422873536,63,63,63,63,61,63,0.39249,7817,1.11627530284214,27,-88,0.001869,51,2025-06-05 06:39:52.0007,84,1.037,0.0011,"aoml_navis",1025.24782746509
"7901009",72,0.349932493360234,1,0.413049,1,0.390621,1,201.299301917872,1,4.87673733571131,86,1,23.5459995269775,36.4900016784668,0.413049012422562,0.39996600151062,194.112701416016,-87.6085,26.9886,9.93401422873536,63,63,63,63,61,63,0.390621,7817,1.11627530284214,27,-88,0.001869,51,2025-06-05 06:39:52.0007,86,1.037,0.0011,"aoml_navis",1025.27564143881
"7901009",72,0.348258175210185,1,0.41118,1,0.388752,1,200.926795901111,1,4.87659341791363,88,1,23.4829998016357,36.4939994812012,0.41117998957634,0.398097008466721,193.753494262695,-87.6085,26.9886,9.93401422873536,63,63,63,63,61,63,0.388752,7817,1.11627530284214,27,-88,0.001869,51,2025-06-05 06:39:52.0007,88,1.037,0.0011,"aoml_navis",1025.30589932576
"7901009",72,0.358304084110479,1,0.422394,1,0.399966,1,200.200993854604,1,4.87647506694248,90,1,23.4330005645752,36.4959983825684,0.422394007444382,0.40931099653244,193.053604125977,-87.6085,26.9886,9.93401422873536,63,63,63,63,61,63,0.399966,7817,1.11627530284214,27,-88,0.001869,51,2025-06-05 06:39:52.0007,90,1.037,0.0011,"aoml_navis",1025.33078327313
"7901009",72,0.348258175210185,4,0.41118,1,0.388752,1,199.818123306133,1,4.87634662240192,92,1,23.3680000305176,36.4949989318848,0.41117998957634,0.398097008466721,192.68440246582,-87.6085,26.9886,9.93401422873536,63,63,63,63,61,63,0.388752,7817,1.11627530284214,27,-88,0.001869,51,2025-06-05 06:39:52.0007,92,1.037,0.0011,"aoml_navis",1025.35779081619
"7901009",72,0.378395901911067,1,0.444822,1,0.422394,1,199.33994653707,1,4.87627304986793,94,1,23.3369998931885,36.492000579834,0.444822013378143,0.431739002466202,192.223297119141,-87.6085,26.9886,9.93401422873536,63,63,63,63,61,63,0.422394,7817,1.11627530284214,27,-88,0.001869,51,2025-06-05 06:39:52.0007,94,1.037,0.0011,"aoml_navis",1025.37326127285
"7901009",72,0.383418856361214,1,0.450429,1,0.428001,1,198.781100481509,1,4.87618555828579,96,1,23.2959995269775,36.4889984130859,0.450428992509842,0.437346011400223,191.68440246582,-87.6085,26.9886,9.93401422873536,63,63,63,63,61,63,0.428001,7817,1.11627530284214,27,-88,0.001869,51,2025-06-05 06:39:52.0007,96,1.037,0.0011,"aoml_navis",1025.39165916355
"7901009",72,0.39011612896141,1,0.457905,1,0.435477,1,198.268396371697,1,4.87611787836497,98,1,23.2639999389648,36.484001159668,0.457904994487762,0.444822013378143,191.190002441406,-87.6085,26.9886,9.93401422873536,63,63,63,63,61,63,0.435477,7817,1.11627530284214,27,-88,0.001869,51,2025-06-05 06:39:52.0007,98,1.037,0.0011,"aoml_navis",1025.40589147459
"7901009",72,0.37337294746092,4,0.439215,1,0.416787,1,197.08441872877,1,4.87603474090536,100,1,23.1949996948242,36.4690017700195,0.439215004444122,0.426131993532181,190.048294067383,-87.6085,26.9886,9.93401422873536,63,63,63,63,61,63,0.416787,7817,1.11627530284214,27,-88,0.001869,51,2025-06-05 06:39:52.0007,100,1.037,0.0011,"aoml_navis",1025.42337486948
"7901009",72,0.366675674860724,4,0.431739,1,0.409311,1,190.866221885445,1,4.87572341782787,102,1,22.9169998168945,36.4370002746582,0.431739002466202,0.41865599155426,184.052093505859,-87.6085,26.9886,9.93401422873536,63,63,63,63,61,63,0.409311,7817,1.11627530284214,27,-88,0.001869,51,2025-06-05 06:39:52.0007,102,1.037,0.0011,"aoml_navis",1025.48884986333
"7901009",72,0.478854990914005,1,0.556962,1,0.534534,1,181.467063229986,1,4.87528215907805,104,1,22.7129993438721,36.4700012207031,0.556962013244629,0.543878972530365,174.988494873047,-87.6085,26.9886,9.93401422873536,63,63,63,63,61,63,0.534534,7817,1.11627530284214,27,-88,0.001869,51,2025-06-05 06:39:52.0007,104,1.037,0.0011,"aoml_navis",1025.58166622002
"7901009",72,0.512341353914984,1,0.594342,1,0.571914,1,176.410231944378,1,4.87487097650452,106.099998474121,1,22.4680004119873,36.4790000915527,0.594341993331909,0.58125901222229,170.112197875977,-87.6085,26.9886,9.93401422873536,63,63,63,63,61,63,0.571914,7817,1.11627530284214,27,-88,0.001869,51,2025-06-05 06:39:52.0007,106.099998474121,1.037,0.0011,"aoml_navis",1025.66817134209
"7901009",72,0.406859310461899,1,0.476595,1,0.454167,1,171.456587088203,1,4.87461730072735,108,1,22.3290004730225,36.4860000610352,0.476595014333725,0.463512003421783,165.335403442383,-87.6085,26.9886,9.93401422873536,63,63,63,63,61,63,0.454167,7817,1.11627530284214,27,-88,0.001869,51,2025-06-05 06:39:52.0007,108,1.037,0.0011,"aoml_navis",1025.7215472595
"7901009",72,0.359978402260528,1,0.424263,1,0.401835,1,161.801701414483,1,4.87426077098567,110,1,22.1389999389648,36.5019989013672,0.424263000488281,0.41117998957634,156.025207519531,-87.6085,26.9886,9.93401422873536,63,63,63,63,61,63,0.401835,7817,1.11627530284214,27,-88,0.001869,51,2025-06-05 06:39:52.0007,110,1.037,0.0011,"aoml_navis",1025.79657406982
"7901009",72,0.232730222856807,1,0.282219,1,0.259791,1,152.508514161863,1,4.87374475366943,112,1,21.9689998626709,36.5699996948242,0.282218992710114,0.269136011600494,147.06379699707,-87.6085,26.9886,9.93401422873536,63,63,63,63,61,63,0.259791,7817,1.11627530284214,27,-88,0.001869,51,2025-06-05 06:39:52.0007,112,1.037,0.0011,"aoml_navis",1025.90518230064
"7901009",72,0.195895223555729,1,0.241101,1,0.218673,1,149.167131552059,1,4.87336839426355,114,1,21.8269996643066,36.6100006103516,0.241100996732712,0.228018000721931,143.841705322266,-87.6085,26.9886,9.93401422873536,63,63,63,63,61,63,0.218673,7817,1.11627530284214,27,-88,0.001869,51,2025-06-05 06:39:52.0007,114,1.037,0.0011,"aoml_navis",1025.98441067692
"7901009",72,0.184174996505386,1,0.228018,1,0.20559,1,147.301943084546,1,4.87314119300618,116,1,21.742000579834,36.6300010681152,0.228018000721931,0.214935004711151,142.043106079102,-87.6085,26.9886,9.93401422873536,63,63,63,63,61,63,0.20559,7817,1.11627530284214,27,-88,0.001869,51,2025-06-05 06:39:52.0007,116,1.037,0.0011,"aoml_navis",1026.03224531559
"7901009",72,0.169106133154946,1,0.211197,1,0.188769,1,146.399833232986,1,4.87280015924287,118,1,21.5659999847412,36.6479988098145,0.211197003722191,0.198113992810249,141.173202514648,-87.6085,26.9886,9.93401422873536,63,63,63,63,61,63,0.188769,7817,1.11627530284214,27,-88,0.001869,51,2025-06-05 06:39:52.0007,118,1.037,0.0011,"aoml_navis",1026.10405446566
"7901009",72,0.16240886055475,1,0.203721,1,0.181293,1,145.084265596627,1,4.87258082242752,120,1,21.4699993133545,36.6619987487793,0.20372100174427,0.19063800573349,139.904602050781,-87.6085,26.9886,9.93401422873536,63,63,63,63,61,63,0.181293,7817,1.11627530284214,27,-88,0.001869,51,2025-06-05 06:39:52.0007,120,1.037,0.0011,"aoml_navis",1026.15024403207
"7901009",72,0.150688633504407,1,0.190638,1,0.16821,1,143.732604071978,1,4.87225669047052,122,1,21.2479991912842,36.6590003967285,0.19063800573349,0.177554994821548,138.601196289062,-87.6085,26.9886,9.93401422873536,63,63,63,63,61,63,0.16821,7817,1.11627530284214,27,-88,0.001869,51,2025-06-05 06:39:52.0007,122,1.037,0.0011,"aoml_navis",1026.2185097471
"7901009",72,0.14566567905426,1,0.185031,1,0.162603,1,142.37795186566,1,4.87200503706363,124,1,21.0440006256104,36.6430015563965,0.185030996799469,0.171948000788689,137.294906616211,-87.6085,26.9886,9.93401422873536,63,63,63,63,61,63,0.162603,7817,1.11627530284214,27,-88,0.001869,51,2025-06-05 06:39:52.0007,124,1.037,0.0011,"aoml_navis",1026.27151695506
"7901009",72,0.154037269804505,1,0.194376,1,0.171948,1,140.79379253275,1,4.87163381883042,126,1,20.757999420166,36.6310005187988,0.19437600672245,0.181292995810509,135.767303466797,-87.6085,26.9886,9.93401422873536,63,63,63,63,61,63,0.171948,7817,1.11627530284214,27,-88,0.001869,51,2025-06-05 06:39:52.0007,126,1.037,0.0011,"aoml_navis",1026.34971878909
"7901009",72,0.110504997903232,1,0.145782,1,0.123354,1,140.944782397749,1,4.87116967196089,128,1,20.3719997406006,36.6100006103516,0.145781993865967,0.132698997855186,135.912902832031,-87.6085,26.9886,9.93401422873536,63,63,63,63,61,63,0.123354,7817,1.11627530284214,27,-88,0.001869,51,2025-06-05 06:39:52.0007,128,1.037,0.0011,"aoml_navis",1026.44751398841
"7901009",72,0.108830679753183,1,0.143913,1,0.121485,1,140.606297362935,1,4.87100905792943,130,1,20.261999130249,36.6040000915527,0.143913000822067,0.130830004811287,135.586502075195,-87.6085,26.9886,9.93401422873536,63,63,63,63,61,63,0.121485,7817,1.11627530284214,27,-88,0.001869,51,2025-06-05 06:39:52.0007,130,1.037,0.0011,"aoml_navis",1026.48135951638
"7901009",72,0.110504997903232,1,0.145782,1,0.123354,1,139.81587127444,1,4.87091956762864,132,1,20.1959991455078,36.5940017700195,0.145781993865967,0.132698997855186,134.824295043945,-87.6085,26.9886,9.93401422873536,63,63,63,63,61,63,0.123354,7817,1.11627530284214,27,-88,0.001869,51,2025-06-05 06:39:52.0007,132,1.037,0.0011,"aoml_navis",1026.50021840418
"7901009",72,0.108830679753183,1,0.143913,1,0.121485,1,139.045984364814,1,4.87068219352398,134,1,20.007999420166,36.5820007324219,0.143913000822067,0.130830004811287,134.081893920898,-87.6085,26.9886,9.93401422873536,63,63,63,63,61,63,0.121485,7817,1.11627530284214,27,-88,0.001869,51,2025-06-05 06:39:52.0007,134,1.037,0.0011,"aoml_navis",1026.55024518905
"7901009",72,0.0987847708528891,1,0.132699,1,0.110271,1,138.96146991617,1,4.87023524103991,136,1,19.6410007476807,36.5660018920898,0.132698997855186,0.119616001844406,134.000396728516,-87.6085,26.9886,9.93401422873536,63,63,63,63,61,63,0.110271,7817,1.11627530284214,27,-88,0.001869,51,2025-06-05 06:39:52.0007,136,1.037,0.0011,"aoml_navis",1026.6444540228
"7901009",72,0.0887388619525953,1,0.121485,1,0.099057,1,138.696929090028,1,4.87000416928024,138,1,19.4169998168945,36.5410003662109,0.121485002338886,0.108401998877525,133.745300292969,-87.6085,26.9886,9.93401422873536,63,63,63,63,61,63,0.099057,7817,1.11627530284214,27,-88,0.001869,51,2025-06-05 06:39:52.0007,138,1.037,0.0011,"aoml_navis",1026.69316620708
"7901009",72,0.0786929530523015,1,0.110271,1,0.087843,1,138.527172301963,1,4.86972199361228,140,1,19.2320003509521,36.5439987182617,0.110270999372005,0.0971880033612251,133.581604003906,-87.6085,26.9886,9.93401422873536,63,63,63,63,61,63,0.087843,7817,1.11627530284214,27,-88,0.001869,51,2025-06-05 06:39:52.0007,140,1.037,0.0011,"aoml_navis",1026.75265786396
"7901009",72,0.0652984078519098,1,0.095319,1,0.072891,1,138.649125654463,1,4.86948804114302,142,1,19.0380001068115,36.5309982299805,0.095319002866745,0.0822359994053841,133.699203491211,-87.6085,26.9886,9.93401422873536,63,63,63,63,61,63,0.072891,7817,1.11627530284214,27,-88,0.001869,51,2025-06-05 06:39:52.0007,142,1.037,0.0011,"aoml_navis",1026.80198775606
"7901009",72,0.0602754534017628,1,0.089712,1,0.067284,1,138.986882798499,1,4.86932403590415,144,1,18.8910007476807,36.5149993896484,0.0897120013833046,0.0766289979219437,134.02490234375,-87.6085,26.9886,9.93401422873536,63,63,63,63,61,63,0.067284,7817,1.11627530284214,27,-88,0.001869,51,2025-06-05 06:39:52.0007,144,1.037,0.0011,"aoml_navis",1026.83657179771
"7901009",72,0.053578180801567,1,0.082236,1,0.059808,1,139.121067880787,1,4.86923936579739,146,1,18.8290004730225,36.5060005187988,0.0822359994053841,0.0691530033946037,134.154296875,-87.6085,26.9886,9.93401422873536,63,63,63,63,61,63,0.059808,7817,1.11627530284214,27,-88,0.001869,51,2025-06-05 06:39:52.0007,146,1.037,0.0011,"aoml_navis",1026.85442722761
"7901009",72,0.0435322719012732,1,0.071022,1,0.048594,1,139.525411207167,1,4.86914511655384,148,1,18.761999130249,36.4980010986328,0.0710219964385033,0.0579390004277229,134.544204711914,-87.6085,26.9886,9.93401422873536,63,63,63,63,61,63,0.048594,7817,1.11627530284214,27,-88,0.001869,51,2025-06-05 06:39:52.0007,148,1.037,0.0011,"aoml_navis",1026.87430345859
"7901009",72,0.0418579537512242,1,0.069153,1,0.046725,1,140.52458371141,1,4.86901440264673,150,1,18.6499996185303,36.4850006103516,0.0691530033946037,0.0560699999332428,135.507705688477,-87.6085,26.9886,9.93401422873536,63,63,63,63,61,63,0.046725,7817,1.11627530284214,27,-88,0.001869,51,2025-06-05 06:39:52.0007,150,1.037,0.0011,"aoml_navis",1026.9018709992
"7901009",72,0.0318120448509304,1,0.057939,1,0.035511,1,141.545941060626,1,4.86889752184536,152,1,18.548999786377,36.4720001220703,0.0579390004277229,0.0448560006916523,136.492599487305,-87.6085,26.9886,9.93401422873536,63,63,63,63,61,63,0.035511,7817,1.11627530284214,27,-88,0.001869,51,2025-06-05 06:39:52.0007,152,1.037,0.0011,"aoml_navis",1026.92652239371
"7901009",72,0.0267890904007835,1,0.052332,1,0.029904,1,142.405010414093,1,4.86883064664029,154,1,18.5100002288818,36.4659996032715,0.0523319989442825,0.0392489992082119,137.320999145508,-87.6085,26.9886,9.93401422873536,63,63,63,63,61,63,0.029904,7817,1.11627530284214,27,-88,0.001869,51,2025-06-05 06:39:52.0007,154,1.037,0.0011,"aoml_navis",1026.94062761255
"7901009",72,0.0234404541006856,1,0.048594,1,0.026166,1,143.076283947208,1,4.86872519199227,156,1,18.4150009155273,36.4519996643066,0.0485940016806126,0.0355109982192516,137.968307495117,-87.6085,26.9886,9.93401422873536,63,63,63,63,61,63,0.026166,7817,1.11627530284214,27,-88,0.001869,51,2025-06-05 06:39:52.0007,156,1.037,0.0011,"aoml_navis",1026.96287073742
"7901009",72,0.0251147722507345,1,0.050463,1,0.028035,1,142.996833086575,1,4.86861293377373,158,1,18.3050003051758,36.435001373291,0.0504629984498024,0.0373799987137318,137.891693115234,-87.6085,26.9886,9.93401422873536,63,63,63,63,61,63,0.028035,7817,1.11627530284214,27,-88,0.001869,51,2025-06-05 06:39:52.0007,158,1.037,0.0011,"aoml_navis",1026.9865499709
"7901009",72,0.0267890904007835,1,0.052332,1,0.029904,1,142.995282362747,1,4.86853573372593,160,1,18.2450008392334,36.4249992370605,0.0523319989442825,0.0392489992082119,137.890197753906,-87.6085,26.9886,9.93401422873536,63,63,63,63,61,63,0.029904,7817,1.11627530284214,27,-88,0.001869,51,2025-06-05 06:39:52.0007,160,1.037,0.0011,"aoml_navis",1027.00283482842
"7901009",72,0.0267890904007835,1,0.052332,1,0.029904,1,142.790064634894,1,4.86846458271031,162,1,18.1959991455078,36.4169998168945,0.0523319989442825,0.0392489992082119,137.692306518555,-87.6085,26.9886,9.93401422873536,63,63,63,63,61,63,0.029904,7817,1.11627530284214,27,-88,0.001869,51,2025-06-05 06:39:52.0007,162,1.037,0.0011,"aoml_navis",1027.01784413854
"7901009",72,0.0251147722507345,1,0.050463,1,0.028035,1,142.339057180252,1,4.86836992104741,164,1,18.1060009002686,36.4020004272461,0.0504629984498024,0.0373799987137318,137.257400512695,-87.6085,26.9886,9.93401422873536,63,63,63,63,61,63,0.028035,7817,1.11627530284214,27,-88,0.001869,51,2025-06-05 06:39:52.0007,164,1.037,0.0011,"aoml_navis",1027.03781370095
"7901009",72,0.0200918178005876,1,0.044856,1,0.022428,1,142.632333868356,1,4.86811795532601,166,1,17.82200050354,36.367000579834,0.0448560006916523,0.0317730009555817,137.54020690918,-87.6085,26.9886,9.93401422873536,63,63,63,63,61,63,0.022428,7817,1.11627530284214,27,-88,0.001869,51,2025-06-05 06:39:52.0007,166,1.037,0.0011,"aoml_navis",1027.09097147691
"7901009",72,0.00669727260019587,1,0.029904,1,0.007476,1,141.969257018334,1,4.86793315292492,168,1,17.6450004577637,36.3489990234375,0.0299040004611015,0.0168210007250309,136.900802612305,-87.6085,26.9886,9.93401422873536,63,63,63,63,61,63,0.007476,7817,1.11627530284214,27,-88,0.001869,51,2025-06-05 06:39:52.0007,168,1.037,0.0011,"aoml_navis",1027.12996315402
"7901009",72,0.00334863630009794,1,0.026166,1,0.003738,1,141.297983485219,1,4.86785613191306,170,1,17.5900001525879,36.3409996032715,0.0261659994721413,0.0130829997360706,136.253494262695,-87.6085,26.9886,9.93401422873536,63,63,63,63,61,63,0.003738,7817,1.11627530284214,27,-88,0.001869,51,2025-06-05 06:39:52.0007,170,1.037,0.0011,"aoml_navis",1027.14621478244
"7901009",72,0.00837159075024484,1,0.031773,1,0.009345,1,140.763411004685,1,4.86780805374342,172,1,17.57200050354,36.3370018005371,0.0317730009555817,0.0186899993568659,135.738006591797,-87.6085,26.9886,9.93401422873536,63,63,63,63,61,63,0.009345,7817,1.11627530284214,27,-88,0.001869,51,2025-06-05 06:39:52.0007,172,1.037,0.0011,"aoml_navis",1027.15635965862
"7901009",72,0.0050229544501469,1,0.028035,1,0.005607,1,140.285028527359,1,4.8677612858325,174,1,17.5520000457764,36.3320007324219,0.0280349999666214,0.0149520002305508,135.276702880859,-87.6085,26.9886,9.93401422873536,63,63,63,63,61,63,0.005607,7817,1.11627530284214,27,-88,0.001869,51,2025-06-05 06:39:52.0007,174,1.037,0.0011,"aoml_navis",1027.16622825207
"7901009",72,0.00167431815004897,1,0.024297,1,0.001869,1,139.99528052715,1,4.86767598202632,176,1,17.4680004119873,36.3170013427734,0.0242970008403063,0.0112140001729131,134.997299194336,-87.6085,26.9886,9.93401422873536,63,63,63,63,61,63,0.001869,7817,1.11627530284214,27,-88,0.001869,51,2025-06-05 06:39:52.0007,176,1.037,0.0011,"aoml_navis",1027.18422887273
"7901009",72,0.00167431815004897,1,0.024297,1,0.001869,1,140.094526852163,1,4.86749121352019,178,1,17.2450008392334,36.2849998474121,0.0242970008403063,0.0112140001729131,135.093002319336,-87.6085,26.9886,9.93401422873536,63,63,63,63,61,63,0.001869,7817,1.11627530284214,27,-88,0.001869,51,2025-06-05 06:39:52.0007,178,1.037,0.0011,"aoml_navis",1027.22322047788
"7901009",72,-0.00167431815004897,1,0.020559,1,-0.001869,1,140.081139991359,1,4.86742315246936,180,1,17.1749992370605,36.2700004577637,0.020558999851346,0.00747600011527538,135.080093383789,-87.6085,26.9886,9.93401422873536,63,63,63,63,61,63,-0.001869,7817,1.11627530284214,27,-88,0.001869,51,2025-06-05 06:39:52.0007,180,1.037,0.0011,"aoml_navis",1027.23758411335
"7901009",72,-0.00167431815004897,1,0.020559,1,-0.001869,1,141.616767997928,1,4.8672476125253,182,1,16.9640007019043,36.2400016784668,0.020558999851346,0.00747600011527538,136.560897827148,-87.6085,26.9886,9.93401422873536,63,63,63,63,61,63,-0.001869,7817,1.11627530284214,27,-88,0.001869,51,2025-06-05 06:39:52.0007,182,1.037,0.0011,"aoml_navis",1027.27463199799
"7901009",72,-0.00167431815004897,1,0.020559,1,-0.001869,1,142.043612643531,1,4.86711397179832,184,1,16.8199996948242,36.2200012207031,0.020558999851346,0.00747600011527538,136.972503662109,-87.6085,26.9886,9.93401422873536,63,63,63,63,61,63,-0.001869,7817,1.11627530284214,27,-88,0.001869,51,2025-06-05 06:39:52.0007,184,1.037,0.0011,"aoml_navis",1027.30283880173
"7901009",72,-0.00167431815004897,1,0.020559,1,-0.001869,1,141.639997207927,1,4.86705652351035,186,1,16.7709999084473,36.2089996337891,0.020558999851346,0.00747600011527538,136.583297729492,-87.6085,26.9886,9.93401422873536,63,63,63,63,61,63,-0.001869,7817,1.11627530284214,27,-88,0.001869,51,2025-06-05 06:39:52.0007,186,1.037,0.0011,"aoml_navis",1027.3149645679
"7901009",72,0,1,0.016821,1,-0.005607,1,141.414857425994,1,4.86691341696082,188,1,16.6079998016357,36.1860008239746,0.0168210007250309,0,136.366195678711,-87.6085,26.9886,9.93401422873536,63,63,63,63,61,63,0,7817,1.11627530284214,27,-88,0.001869,51,2025-06-05 06:39:52.0007,188,1.037,0.0011,"aoml_navis",1027.34517170069
"7901009",72,0,1,0.013083,1,-0.009345,1,141.528202678875,1,4.8667592460165,190,1,16.4179992675781,36.1580009460449,0.0130829997360706,0,136.475494384766,-87.6085,26.9886,9.93401422873536,63,63,63,63,61,63,0,7817,1.11627530284214,27,-88,0.001869,51,2025-06-05 06:39:52.0007,190,1.037,0.0011,"aoml_navis",1027.37771630938
"7901009",72,0,1,0.016821,1,-0.005607,1,141.234625340233,1,4.86668465077099,192,1,16.3530006408691,36.1469993591309,0.0168210007250309,0,136.192398071289,-87.6085,26.9886,9.93401422873536,63,63,63,63,61,63,0,7817,1.11627530284214,27,-88,0.001869,51,2025-06-05 06:39:52.0007,192,1.037,0.0011,"aoml_navis",1027.39346368125
"7901009",72,0,1,0.01869,1,-0.003738,1,140.805612846013,1,4.86659902181648,194,1,16.2779998779297,36.1360015869141,0.0186899993568659,0,135.778701782227,-87.6085,26.9886,9.93401422873536,63,63,63,63,61,63,0,7817,1.11627530284214,27,-88,0.001869,51,2025-06-05 06:39:52.0007,194,1.037,0.0011,"aoml_navis",1027.41154091091
"7901009",72,0,1,0.01869,1,-0.003738,1,140.151254861597,1,4.86652144637472,196,1,16.2099990844727,36.125,0.0186899993568659,0,135.147705078125,-87.6085,26.9886,9.93401422873536,63,63,63,63,61,63,0,7817,1.11627530284214,27,-88,0.001869,51,2025-06-05 06:39:52.0007,196,1.037,0.0011,"aoml_navis",1027.42791850321
"7901009",72,0,1,0.020559,1,-0.001869,1,138.986360615986,1,4.86646156493237,198,1,16.1609992980957,36.1150016784668,0.020558999851346,0,134.024398803711,-87.6085,26.9886,9.93401422873536,63,63,63,63,61,63,0,7817,1.11627530284214,27,-88,0.001869,51,2025-06-05 06:39:52.0007,198,1.037,0.0011,"aoml_navis",1027.44056092622
"7901009",72,0,1,0.020559,1,-0.001869,1,137.322560537892,1,4.86638061134001,200,1,16.0699996948242,36.0979995727539,0.020558999851346,0,132.419998168945,-87.6085,26.9886,9.93401422873536,63,63,63,63,61,63,0,7817,1.11627530284214,27,-88,0.001869,51,2025-06-05 06:39:52.0007,200,1.037,0.0011,"aoml_navis",1027.45765268516
"7901009",72,0,1,0.022428,1,0,1,135.558074176945,1,4.86624142995466,202,1,15.8929996490479,36.0709991455078,0.0224280003458261,0,130.718505859375,-87.6085,26.9886,9.93401422873536,63,63,63,63,61,63,0,7817,1.11627530284214,27,-88,0.001869,51,2025-06-05 06:39:52.0007,202,1.037,0.0011,"aoml_navis",1027.48703942677
"7901009",72,0,1,0.022428,1,0,1,134.871768116923,1,4.86615854054705,204,1,15.7959995269775,36.0530014038086,0.0224280003458261,0,130.056701660156,-87.6085,26.9886,9.93401422873536,63,63,63,63,61,63,0,7817,1.11627530284214,27,-88,0.001869,51,2025-06-05 06:39:52.0007,204,1.037,0.0011,"aoml_navis",1027.50454148539
"7901009",72,0,1,0.028035,1,0.005607,1,134.397642218269,1,4.86611206906359,206,1,15.7849998474121,36.0509986877441,0.0280349999666214,0,129.599502563477,-87.6085,26.9886,9.93401422873536,63,63,63,63,61,63,0,7817,1.11627530284214,27,-88,0.001869,51,2025-06-05 06:39:52.0007,206,1.037,0.0011,"aoml_navis",1027.51435417766
"7901009",72,0,1,0.022428,1,0,1,133.836818198641,1,4.86607247737054,208,1,15.7670001983643,36.0449981689453,0.0224280003458261,0,129.058700561523,-87.6085,26.9886,9.93401422873536,63,63,63,63,61,63,0,7817,1.11627530284214,27,-88,0.001869,51,2025-06-05 06:39:52.0007,208,1.037,0.0011,"aoml_navis",1027.52271431474
"7901009",72,0,1,0.022428,1,0,1,133.722127930195,1,4.86597186957521,210,1,15.6499996185303,36.0260009765625,0.0224280003458261,0,128.948104858398,-87.6085,26.9886,9.93401422873536,63,63,63,63,61,63,0,7817,1.11627530284214,27,-88,0.001869,51,2025-06-05 06:39:52.0007,210,1.037,0.0011,"aoml_navis",1027.54395915497
"7901009",72,0,1,0.026166,1,0.003738,1,133.676808817498,1,4.86585211154588,212,1,15.4879999160767,35.9990005493164,0.0261659994721413,0,128.904403686523,-87.6085,26.9886,9.93401422873536,63,63,63,63,61,63,0,7817,1.11627530284214,27,-88,0.001869,51,2025-06-05 06:39:52.0007,212,1.037,0.0011,"aoml_navis",1027.56924899871
"7901009",72,0,1,0.01869,1,-0.003738,1,133.235754478039,1,4.86573455177698,214,1,15.3540000915527,35.9799995422363,0.0186899993568659,0,128.479095458984,-87.6085,26.9886,9.93401422873536,63,63,63,63,61,63,0,7817,1.11627530284214,27,-88,0.001869,51,2025-06-05 06:39:52.0007,214,1.037,0.0011,"aoml_navis",1027.59407583671
"7901009",72,0,1,0.01869,1,-0.003738,1,132.481327335559,1,4.86566404793088,216,1,15.2799997329712,35.9659996032715,0.0186899993568659,0,127.751602172852,-87.6085,26.9886,9.93401422873536,63,63,63,63,61,63,0,7817,1.11627530284214,27,-88,0.001869,51,2025-06-05 06:39:52.0007,216,1.037,0.0011,"aoml_navis",1027.60896575386
"7901009",72,0,1,0.01869,1,-0.003738,1,131.994336758614,1,4.8655705375762,217.899993896484,1,15.1789999008179,35.951000213623,0.0186899993568659,0,127.281997680664,-87.6085,26.9886,9.93401422873536,63,63,63,63,61,63,0,7817,1.11627530284214,27,-88,0.001869,51,2025-06-05 06:39:52.0007,217.899993896484,1.037,0.0011,"aoml_navis",1027.62871514977
"7901009",72,0,1,0.020559,1,-0.001869,1,131.72969307834,1,4.86550208433064,220,1,15.1219997406006,35.9410018920898,0.020558999851346,0,127.026802062988,-87.6085,26.9886,9.93401422873536,63,63,63,63,61,63,0,7817,1.11627530284214,27,-88,0.001869,51,2025-06-05 06:39:52.0007,220,1.037,0.0011,"aoml_navis",1027.64317296308
"7901009",72,0,1,0.020559,1,-0.001869,1,131.483499846881,1,4.86545522243193,222,1,15.1070003509521,35.9379997253418,0.020558999851346,0,126.789398193359,-87.6085,26.9886,9.93401422873536,63,63,63,63,61,63,0,7817,1.11627530284214,27,-88,0.001869,51,2025-06-05 06:39:52.0007,222,1.037,0.0011,"aoml_navis",1027.65307076463
"7901009",72,0,1,0.016821,1,-0.005607,1,131.213768843028,1,4.86540621640645,224,1,15.0900001525879,35.935001373291,0.0168210007250309,0,126.529296875,-87.6085,26.9886,9.93401422873536,63,63,63,63,61,63,0,7817,1.11627530284214,27,-88,0.001869,51,2025-06-05 06:39:52.0007,224,1.037,0.0011,"aoml_navis",1027.66342163573
"7901009",72,0,1,0.020559,1,-0.001869,1,130.742443741492,1,4.86536194680188,226,1,15.0740003585815,35.9309997558594,0.020558999851346,0,126.074798583984,-87.6085,26.9886,9.93401422873536,63,63,63,63,61,63,0,7817,1.11627530284214,27,-88,0.001869,51,2025-06-05 06:39:52.0007,226,1.037,0.0011,"aoml_navis",1027.67277227681
"7901009",72,0,1,0.020559,1,-0.001869,1,129.917490312247,1,4.86530025260347,228,1,15.0279998779297,35.9230003356934,0.020558999851346,0,125.279296875,-87.6085,26.9886,9.93401422873536,63,63,63,63,61,63,0,7817,1.11627530284214,27,-88,0.001869,51,2025-06-05 06:39:52.0007,228,1.037,0.0011,"aoml_navis",1027.6858036304
"7901009",72,0,1,0.01869,1,-0.003738,1,128.9044245884,1,4.86520283834,230,1,14.9139995574951,35.9049987792969,0.0186899993568659,0,124.302398681641,-87.6085,26.9886,9.93401422873536,63,63,63,63,61,63,0,7817,1.11627530284214,27,-88,0.001869,51,2025-06-05 06:39:52.0007,230,1.037,0.0011,"aoml_navis",1027.70638062564
"7901009",72,0,1,0.020559,1,-0.001869,1,127.637285424251,1,4.86511828544228,232,1,14.8219995498657,35.8899993896484,0.020558999851346,0,123.080497741699,-87.6085,26.9886,9.93401422873536,63,63,63,63,61,63,0,7817,1.11627530284214,27,-88,0.001869,51,2025-06-05 06:39:52.0007,232,1.037,0.0011,"aoml_navis",1027.7242415588
"7901009",72,0,1,0.024297,1,0.001869,1,126.809539109744,1,4.8650652305353,234,1,14.8009996414185,35.8870010375977,0.0242970008403063,0,122.282302856445,-87.6085,26.9886,9.93401422873536,63,63,63,63,61,63,0,7817,1.11627530284214,27,-88,0.001869,51,2025-06-05 06:39:52.0007,234,1.037,0.0011,"aoml_navis",1027.73544918119
"7901009",72,0,1,0.020559,1,-0.001869,1,126.16668496434,1,4.8650254594195,236,1,14.7959995269775,35.8849983215332,0.020558999851346,0,121.662399291992,-87.6085,26.9886,9.93401422873536,63,63,63,63,61,63,0,7817,1.11627530284214,27,-88,0.001869,51,2025-06-05 06:39:52.0007,236,1.037,0.0011,"aoml_navis",1027.74385081977
"7901009",72,0,1,0.028035,1,0.005607,1,125.52341940241,1,4.86497606908395,238,1,14.7749996185303,35.8810005187988,0.0280349999666214,0,121.042098999023,-87.6085,26.9886,9.93401422873536,63,63,63,63,61,63,0,7817,1.11627530284214,27,-88,0.001869,51,2025-06-05 06:39:52.0007,238,1.037,0.0011,"aoml_navis",1027.7542847074
"7901009",72,0,1,0.026166,1,0.003738,1,125.079469323558,1,4.8648969558427,240,1,14.7049999237061,35.8709983825684,0.0261659994721413,0,120.613998413086,-87.6085,26.9886,9.93401422873536,63,63,63,63,61,63,0,7817,1.11627530284214,27,-88,0.001869,51,2025-06-05 06:39:52.0007,240,1.037,0.0011,"aoml_navis",1027.7709981082
"7901009",72,0,1,0.031773,1,0.009345,1,124.860453318376,1,4.86483279619272,242,1,14.6560001373291,35.8629989624023,0.0317730009555817,0,120.402801513672,-87.6085,26.9886,9.93401422873536,63,63,63,63,61,63,0,7817,1.11627530284214,27,-88,0.001869,51,2025-06-05 06:39:52.0007,242,1.037,0.0011,"aoml_navis",1027.78455282431
"7901009",72,0,1,0.029904,1,0.007476,1,125.680738752423,1,4.8647639458699,244,1,14.5920000076294,35.8520011901855,0.0299040004611015,0,121.193801879883,-87.6085,26.9886,9.93401422873536,63,63,63,63,61,63,0,7817,1.11627530284214,27,-88,0.001869,51,2025-06-05 06:39:52.0007,244,1.037,0.0011,"aoml_navis",1027.79909891515
"7901009",72,0,1,0.026166,1,0.003738,1,126.531200006272,1,4.86469630212405,246,1,14.5220003128052,35.8390007019043,0.0261659994721413,0,122.013900756836,-87.6085,26.9886,9.93401422873536,63,63,63,63,61,63,0,7817,1.11627530284214,27,-88,0.001869,51,2025-06-05 06:39:52.0007,246,1.037,0.0011,"aoml_navis",1027.813390492
"7901009",72,0,1,0.024297,1,0.001869,1,126.061631336827,1,4.86461068064895,248,1,14.4099998474121,35.8190002441406,0.0242970008403063,0,121.561096191406,-87.6085,26.9886,9.93401422873536,63,63,63,63,61,63,0,7817,1.11627530284214,27,-88,0.001869,51,2025-06-05 06:39:52.0007,248,1.037,0.0011,"aoml_navis",1027.83148092192
"7901009",72,0,1,0.022428,1,0,1,125.219366766071,1,4.86451830980309,250,1,14.2980003356934,35.8009986877441,0.0224280003458261,0,120.748901367188,-87.6085,26.9886,9.93401422873536,63,63,63,63,61,63,0,7817,1.11627530284214,27,-88,0.001869,51,2025-06-05 06:39:52.0007,250,1.037,0.0011,"aoml_navis",1027.8509980986
"7901009",72,0,1,0.022428,1,0,1,123.496560063938,1,4.86442724348732,252,1,14.2080001831055,35.7890014648438,0.0224280003458261,0,119.087600708008,-87.6085,26.9886,9.93401422873536,63,63,63,63,61,63,0,7817,1.11627530284214,27,-88,0.001869,51,2025-06-05 06:39:52.0007,252,1.037,0.0011,"aoml_navis",1027.87024036472
"7901009",72,0,1,0.01869,1,-0.003738,1,122.304607269894,1,4.8643704853064,254,1,14.1899995803833,35.7879981994629,0.0186899993568659,0,117.938201904297,-87.6085,26.9886,9.93401422873536,63,63,63,63,61,63,0,7817,1.11627530284214,27,-88,0.001869,51,2025-06-05 06:39:52.0007,254,1.037,0.0011,"aoml_navis",1027.88223370389
"7901009",72,0,1,0.01869,1,-0.003738,1,121.221434587665,1,4.86431990797059,256,1,14.1780004501343,35.7869987487793,0.0186899993568659,0,116.893699645996,-87.6085,26.9886,9.93401422873536,63,63,63,63,61,63,0,7817,1.11627530284214,27,-88,0.001869,51,2025-06-05 06:39:52.0007,256,1.037,0.0011,"aoml_navis",1027.89292122977
"7901009",72,0,1,0.022428,1,0,1,120.263949654092,1,4.86427551531395,258,1,14.1719999313354,35.7859992980957,0.0224280003458261,0,115.970397949219,-87.6085,26.9886,9.93401422873536,63,63,63,63,61,63,0,7817,1.11627530284214,27,-88,0.001869,51,2025-06-05 06:39:52.0007,258,1.037,0.0011,"aoml_navis",1027.90230205069
"7901009",72,0,1,0.026166,1,0.003738,1,119.518122699374,1,4.86423207123362,260,1,14.173999786377,35.7869987487793,0.0261659994721413,0,115.251197814941,-87.6085,26.9886,9.93401422873536,63,63,63,63,61,63,0,7817,1.11627530284214,27,-88,0.001869,51,2025-06-05 06:39:52.0007,260,1.037,0.0011,"aoml_navis",1027.91148258926
"7901009",72,0,1,0.026166,1,0.003738,1,118.889375393694,1,4.86417802942257,262,1,14.1479997634888,35.7830009460449,0.0261659994721413,0,114.644897460938,-87.6085,26.9886,9.93401422873536,63,63,63,63,61,63,0,7817,1.11627530284214,27,-88,0.001869,51,2025-06-05 06:39:52.0007,262,1.037,0.0011,"aoml_navis",1027.92290285344
"7901009",72,0,1,0.022428,1,0,1,118.634993390999,1,4.86410688422575,264,1,14.0839996337891,35.7729988098145,0.0224280003458261,0,114.399597167969,-87.6085,26.9886,9.93401422873536,63,63,63,63,61,63,0,7817,1.11627530284214,27,-88,0.001869,51,2025-06-05 06:39:52.0007,264,1.037,0.0011,"aoml_navis",1027.9379378391
"7901009",72,0,1,0.024297,1,0.001869,1,118.417425255513,1,4.86404966148149,266,1,14.0369997024536,35.7639999389648,0.0242970008403063,0,114.189796447754,-87.6085,26.9886,9.93401422873536,63,63,63,63,61,63,0,7817,1.11627530284214,27,-88,0.001869,51,2025-06-05 06:39:52.0007,266,1.037,0.0011,"aoml_navis",1027.9500309372
"7901009",72,0,1,0.026166,1,0.003738,1,118.777794484761,1,4.86396249364356,268,1,13.9320001602173,35.7470016479492,0.0261659994721413,0,114.537300109863,-87.6085,26.9886,9.93401422873536,63,63,63,63,61,63,0,7817,1.11627530284214,27,-88,0.001869,51,2025-06-05 06:39:52.0007,268,1.037,0.0011,"aoml_navis",1027.96845299161
"7901009",72,0,1,0.024297,1,0.001869,1,119.467724174953,1,4.86387337559373,270,1,13.8210000991821,35.7290000915527,0.0242970008403063,0,115.202598571777,-87.6085,26.9886,9.93401422873536,63,63,63,63,61,63,0,7817,1.11627530284214,27,-88,0.001869,51,2025-06-05 06:39:52.0007,270,1.037,0.0011,"aoml_navis",1027.98728788651
"7901009",72,0,1,0.026166,1,0.003738,1,121.373777380085,1,4.86376379993514,272,1,13.6529998779297,35.701000213623,0.0261659994721413,0,117.040603637695,-87.6085,26.9886,9.93401422873536,63,63,63,63,61,63,0,7817,1.11627530284214,27,-88,0.001869,51,2025-06-05 06:39:52.0007,272,1.037,0.0011,"aoml_navis",1028.01044739604
"7901009",72,0,1,0.022428,1,0,1,122.472291151616,1,4.86366695090373,274,1,13.5220003128052,35.6800003051758,0.0224280003458261,0,118.099899291992,-87.6085,26.9886,9.93401422873536,63,63,63,63,61,63,0,7817,1.11627530284214,27,-88,0.001869,51,2025-06-05 06:39:52.0007,274,1.037,0.0011,"aoml_navis",1028.03091792108
"7901009",72,0,1,0.024297,1,0.001869,1,122.758819026325,1,4.86361489297992,276,1,13.4899997711182,35.673999786377,0.0242970008403063,0,118.376197814941,-87.6085,26.9886,9.93401422873536,63,63,63,63,61,63,0,7817,1.11627530284214,27,-88,0.001869,51,2025-06-05 06:39:52.0007,276,1.037,0.0011,"aoml_navis",1028.0419214969
"7901009",72,0,1,0.026166,1,0.003738,1,123.015898972007,1,4.86356722010539,278,1,13.4659996032715,35.6689987182617,0.0261659994721413,0,118.624099731445,-87.6085,26.9886,9.93401422873536,63,63,63,63,61,63,0,7817,1.11627530284214,27,-88,0.001869,51,2025-06-05 06:39:52.0007,278,1.037,0.0011,"aoml_navis",1028.05199840368
"7901009",72,0,1,0.024297,1,0.001869,1,123.302846175098,1,4.86351688899926,280,1,13.4320001602173,35.6619987487793,0.0242970008403063,0,118.900802612305,-87.6085,26.9886,9.93401422873536,63,63,63,63,61,63,0,7817,1.11627530284214,27,-88,0.001869,51,2025-06-05 06:39:52.0007,280,1.037,0.0011,"aoml_navis",1028.06263741151
"7901009",72,0,1,0.024297,1,0.001869,1,123.421476547965,1,4.86344900679657,282,1,13.3620004653931,35.6500015258789,0.0242970008403063,0,119.015197753906,-87.6085,26.9886,9.93401422873536,63,63,63,63,61,63,0,7817,1.11627530284214,27,-88,0.001869,51,2025-06-05 06:39:52.0007,282,1.037,0.0011,"aoml_navis",1028.07698672539
"7901009",72,0,1,0.026166,1,0.003738,1,123.308859185861,1,4.86337737849922,284,1,13.2880001068115,35.6380004882812,0.0261659994721413,0,118.906600952148,-87.6085,26.9886,9.93401422873536,63,63,63,63,61,63,0,7817,1.11627530284214,27,-88,0.001869,51,2025-06-05 06:39:52.0007,284,1.037,0.0011,"aoml_navis",1028.09212834373
"7901009",72,0,1,0.022428,1,0,1,122.905038041995,1,4.86331906216429,286,1,13.2419996261597,35.6300010681152,0.0224280003458261,0,118.517196655273,-87.6085,26.9886,9.93401422873536,63,63,63,63,61,63,0,7817,1.11627530284214,27,-88,0.001869,51,2025-06-05 06:39:52.0007,286,1.037,0.0011,"aoml_navis",1028.1044562548
"7901009",72,0,1,0.024297,1,0.001869,1,122.563237939405,1,4.86324538316027,288,1,13.1470003128052,35.6129989624023,0.0242970008403063,0,118.187599182129,-87.6085,26.9886,9.93401422873536,63,63,63,63,61,63,0,7817,1.11627530284214,27,-88,0.001869,51,2025-06-05 06:39:52.0007,288,1.037,0.0011,"aoml_navis",1028.12003221414
"7901009",72,0,1,0.024297,1,0.001869,1,122.405301464604,1,4.86315442189782,290,1,13.0340003967285,35.5960006713867,0.0242970008403063,0,118.035301208496,-87.6085,26.9886,9.93401422873536,63,63,63,63,61,63,0,7817,1.11627530284214,27,-88,0.001869,51,2025-06-05 06:39:52.0007,290,1.037,0.0011,"aoml_navis",1028.13926234503
"7901009",72,0,1,0.022428,1,0,1,122.358740190473,1,4.86306891808593,292,1,12.9259996414185,35.5789985656738,0.0224280003458261,0,117.99040222168,-87.6085,26.9886,9.93401422873536,63,63,63,63,61,63,0,7817,1.11627530284214,27,-88,0.001869,51,2025-06-05 06:39:52.0007,292,1.037,0.0011,"aoml_navis",1028.15733937161
"7901009",72,0,1,0.026166,1,0.003738,1,122.283245257973,1,4.86300083292341,294,1,12.8730001449585,35.5719985961914,0.0261659994721413,0,117.917602539062,-87.6085,26.9886,9.93401422873536,63,63,63,63,61,63,0,7817,1.11627530284214,27,-88,0.001869,51,2025-06-05 06:39:52.0007,294,1.037,0.0011,"aoml_navis",1028.17173424053
"7901009",72,0,1,0.022428,1,0,1,122.109959782014,1,4.86295297141018,296,1,12.8669996261597,35.5719985961914,0.0224280003458261,0,117.750503540039,-87.6085,26.9886,9.93401422873536,63,63,63,63,61,63,0,7817,1.11627530284214,27,-88,0.001869,51,2025-06-05 06:39:52.0007,296,1.037,0.0011,"aoml_navis",1028.18185357653
"7901009",72,0,1,0.024297,1,0.001869,1,121.97089308441,1,4.86291363841961,298,1,12.8660001754761,35.5709991455078,0.0242970008403063,0,117.616401672363,-87.6085,26.9886,9.93401422873536,63,63,63,63,61,63,0,7817,1.11627530284214,27,-88,0.001869,51,2025-06-05 06:39:52.0007,298,1.037,0.0011,"aoml_navis",1028.19016988032
"7901009",72,0,1,0.024297,1,0.001869,1,121.80216483766,1,4.86286967695188,300,1,12.8640003204346,35.5709991455078,0.0242970008403063,0,117.45369720459,-87.6085,26.9886,9.93401422873536,63,63,63,63,61,63,0,7817,1.11627530284214,27,-88,0.001869,51,2025-06-05 06:39:52.0007,300,1.037,0.0011,"aoml_navis",1028.1994649575
"7901009",72,0,1,0.026166,1,0.003738,1,121.5290159119,1,4.86282597409043,302,1,12.8509998321533,35.568000793457,0.0261659994721413,0,117.190299987793,-87.6085,26.9886,9.93401422873536,63,63,63,63,61,63,0,7817,1.11627530284214,27,-88,0.001869,51,2025-06-05 06:39:52.0007,302,1.037,0.0011,"aoml_navis",1028.20870552235
"7901009",72,0,1,0.024297,1,0.001869,1,121.255550511888,1,4.86276992145989,304,1,12.8140001296997,35.5620002746582,0.0242970008403063,0,116.926597595215,-87.6085,26.9886,9.93401422873536,63,63,63,63,61,63,0,7817,1.11627530284214,27,-88,0.001869,51,2025-06-05 06:39:52.0007,304,1.037,0.0011,"aoml_navis",1028.2205575745
"7901009",72,0,1,0.031773,1,0.009345,1,120.918315550365,1,4.86270238041723,306,1,12.75,35.5519981384277,0.0317730009555817,0,116.601402282715,-87.6085,26.9886,9.93401422873536,63,63,63,63,61,63,0,7817,1.11627530284214,27,-88,0.001869,51,2025-06-05 06:39:52.0007,306,1.037,0.0011,"aoml_navis",1028.23483915768
"7901009",72,0,1,0.020559,1,-0.001869,1,120.723873770748,1,4.86262123472733,308,1,12.6490001678467,35.5359992980957,0.020558999851346,0,116.413902282715,-87.6085,26.9886,9.93401422873536,63,63,63,63,61,63,0,7817,1.11627530284214,27,-88,0.001869,51,2025-06-05 06:39:52.0007,308,1.037,0.0011,"aoml_navis",1028.25199797417
"7901009",72,0,1,0.028035,1,0.005607,1,120.49064807171,1,4.86255528733402,310,1,12.5900001525879,35.5270004272461,0.0280349999666214,0,116.189002990723,-87.6085,26.9886,9.93401422873536,63,63,63,63,61,63,0,7817,1.11627530284214,27,-88,0.001869,51,2025-06-05 06:39:52.0007,310,1.037,0.0011,"aoml_navis",1028.26594342773
"7901009",72,0,1,0.024297,1,0.001869,1,120.332292268527,1,4.86249387113526,312,1,12.5469999313354,35.5209999084473,0.0242970008403063,0,116.03630065918,-87.6085,26.9886,9.93401422873536,63,63,63,63,61,63,0,7817,1.11627530284214,27,-88,0.001869,51,2025-06-05 06:39:52.0007,312,1.037,0.0011,"aoml_navis",1028.2789310401
"7901009",72,0,1,0.028035,1,0.005607,1,120.28603955679,1,4.86244055537576,314,1,12.5200004577637,35.5169982910156,0.0280349999666214,0,115.99169921875,-87.6085,26.9886,9.93401422873536,63,63,63,63,61,63,0,7817,1.11627530284214,27,-88,0.001869,51,2025-06-05 06:39:52.0007,314,1.037,0.0011,"aoml_navis",1028.290205928
"7901009",72,0,1,0.026166,1,0.003738,1,120.195717805646,1,4.86239317767476,316,1,12.5030002593994,35.5139999389648,0.0261659994721413,0,115.904602050781,-87.6085,26.9886,9.93401422873536,63,63,63,63,61,63,0,7817,1.11627530284214,27,-88,0.001869,51,2025-06-05 06:39:52.0007,316,1.037,0.0011,"aoml_navis",1028.3002252794
"7901009",72,0,1,0.020559,1,-0.001869,1,120.123126524397,1,4.862343735796,318,1,12.4799995422363,35.5099983215332,0.020558999851346,0,115.834602355957,-87.6085,26.9886,9.93401422873536,63,63,63,63,61,63,0,7817,1.11627530284214,27,-88,0.001869,51,2025-06-05 06:39:52.0007,318,1.037,0.0011,"aoml_navis",1028.31068136763
"7901009",72,0,1,0.026166,1,0.003738,1,120.035597658515,1,4.86228153755606,320,1,12.4359998703003,35.5040016174316,0.0261659994721413,0,115.750198364258,-87.6085,26.9886,9.93401422873536,63,63,63,63,61,63,0,7817,1.11627530284214,27,-88,0.001869,51,2025-06-05 06:39:52.0007,320,1.037,0.0011,"aoml_navis",1028.32383550401
"7901009",72,0,1,0.024297,1,0.001869,1,119.944033745938,1,4.86222626865891,322,1,12.4029998779297,35.4990005493164,0.0242970008403063,0,115.661903381348,-87.6085,26.9886,9.93401422873536,63,63,63,63,61,63,0,7817,1.11627530284214,27,-88,0.001869,51,2025-06-05 06:39:52.0007,322,1.037,0.0011,"aoml_navis",1028.33552445495
"7901009",72,0,1,0.022428,1,0,1,119.904624789872,1,4.86216517413054,324,1,12.3599996566772,35.4930000305176,0.0224280003458261,0,115.623901367188,-87.6085,26.9886,9.93401422873536,63,63,63,63,61,63,0,7817,1.11627530284214,27,-88,0.001869,51,2025-06-05 06:39:52.0007,324,1.037,0.0011,"aoml_navis",1028.34844579177
"7901009",72,0,1,0.024297,1,0.001869,1,119.807245662938,1,4.86212486351723,326,1,12.3579998016357,35.492000579834,0.0242970008403063,0,115.529998779297,-87.6085,26.9886,9.93401422873536,63,63,63,63,61,63,0,7817,1.11627530284214,27,-88,0.001869,51,2025-06-05 06:39:52.0007,326,1.037,0.0011,"aoml_navis",1028.35697156141
"7901009",72,0,1,0.024297,1,0.001869,1,119.595176267558,1,4.8620824989996,328,1,12.3500003814697,35.4900016784668,0.0242970008403063,0,115.325500488281,-87.6085,26.9886,9.93401422873536,63,63,63,63,61,63,0,7817,1.11627530284214,27,-88,0.001869,51,2025-06-05 06:39:52.0007,328,1.037,0.0011,"aoml_navis",1028.36593188799
"7901009",72,0,1,0.026166,1,0.003738,1,119.454036663612,1,4.86202053921106,330,1,12.3059997558594,35.484001159668,0.0261659994721413,0,115.189399719238,-87.6085,26.9886,9.93401422873536,63,63,63,63,61,63,0,7817,1.11627530284214,27,-88,0.001869,51,2025-06-05 06:39:52.0007,330,1.037,0.0011,"aoml_navis",1028.37903700245
"7901009",72,0,1,0.024297,1,0.001869,1,119.308956955244,1,4.86196421596931,332,1,12.2639999389648,35.4770011901855,0.0242970008403063,0,115.049499511719,-87.6085,26.9886,9.93401422873536,63,63,63,63,61,63,0,7817,1.11627530284214,27,-88,0.001869,51,2025-06-05 06:39:52.0007,332,1.037,0.0011,"aoml_navis",1028.39095022076
"7901009",72,0,1,0.024297,1,0.001869,1,119.014343163431,1,4.86192188837061,334,1,12.2559995651245,35.4749984741211,0.0242970008403063,0,114.765403747559,-87.6085,26.9886,9.93401422873536,63,63,63,63,61,63,0,7817,1.11627530284214,27,-88,0.001869,51,2025-06-05 06:39:52.0007,334,1.037,0.0011,"aoml_navis",1028.39990333034
"7901009",72,0,1,0.020559,1,-0.001869,1,118.857538084076,1,4.86184422798272,336,1,12.1719999313354,35.4630012512207,0.020558999851346,0,114.614196777344,-87.6085,26.9886,9.93401422873536,63,63,63,63,61,63,0,7817,1.11627530284214,27,-88,0.001869,51,2025-06-05 06:39:52.0007,336,1.037,0.0011,"aoml_navis",1028.41633041678
"7901009",72,0,1,0.028035,1,0.005607,1,118.649203084854,1,4.86178907944296,338,1,12.1309995651245,35.4560012817383,0.0280349999666214,0,114.413299560547,-87.6085,26.9886,9.93401422873536,63,63,63,63,61,63,0,7817,1.11627530284214,27,-88,0.001869,51,2025-06-05 06:39:52.0007,338,1.037,0.0011,"aoml_navis",1028.42799601106
"7901009",72,0,1,0.026166,1,0.003738,1,118.30294069533,1,4.86173620184929,340,1,12.1040000915527,35.4519996643066,0.0261659994721413,0,114.079399108887,-87.6085,26.9886,9.93401422873536,63,63,63,63,61,63,0,7817,1.11627530284214,27,-88,0.001869,51,2025-06-05 06:39:52.0007,340,1.037,0.0011,"aoml_navis",1028.43918147968
"7901009",72,0,1,0.022428,1,0,1,117.825080400518,1,4.86167957526473,342,1,12.0729999542236,35.4480018615723,0.0224280003458261,0,113.618598937988,-87.6085,26.9886,9.93401422873536,63,63,63,63,61,63,0,7817,1.11627530284214,27,-88,0.001869,51,2025-06-05 06:39:52.0007,342,1.037,0.0011,"aoml_navis",1028.45116026137
"7901009",72,0,1,0.026166,1,0.003738,1,117.193745917839,1,4.86162290421262,344,1,12.0380001068115,35.443000793457,0.0261659994721413,0,113.009803771973,-87.6085,26.9886,9.93401422873536,63,63,63,63,61,63,0,7817,1.11627530284214,27,-88,0.001869,51,2025-06-05 06:39:52.0007,344,1.037,0.0011,"aoml_navis",1028.4631487291
"7901009",72,0,1,0.024297,1,0.001869,1,116.438582972725,1,4.86157293791295,346,1,12.0139999389648,35.4389991760254,0.0242970008403063,0,112.281600952148,-87.6085,26.9886,9.93401422873536,63,63,63,63,61,63,0,7817,1.11627530284214,27,-88,0.001869,51,2025-06-05 06:39:52.0007,346,1.037,0.0011,"aoml_navis",1028.473719073
"7901009",72,0,1,0.024297,1,0.001869,1,115.591128224258,1,4.86150954273573,348,1,11.960000038147,35.4309997558594,0.0242970008403063,0,111.464401245117,-87.6085,26.9886,9.93401422873536,63,63,63,63,61,63,0,7817,1.11627530284214,27,-88,0.001869,51,2025-06-05 06:39:52.0007,348,1.037,0.0011,"aoml_navis",1028.48713060148
"7901009",72,0,1,0.024297,1,0.001869,1,114.833892372802,1,4.86143873459866,350,1,11.8940000534058,35.4220008850098,0.0242970008403063,0,110.734199523926,-87.6085,26.9886,9.93401422873536,63,63,63,63,61,63,0,7817,1.11627530284214,27,-88,0.001869,51,2025-06-05 06:39:52.0007,350,1.037,0.0011,"aoml_navis",1028.50211078774
"7901009",72,0,1,0.031773,1,0.009345,1,114.064211171439,1,4.86136987205446,352,1,11.8219995498657,35.4109992980957,0.0317730009555817,0,109.991996765137,-87.6085,26.9886,9.93401422873536,63,63,63,63,61,63,0,7817,1.11627530284214,27,-88,0.001869,51,2025-06-05 06:39:52.0007,352,1.037,0.0011,"aoml_navis",1028.51667978247
"7901009",72,0,1,0.026166,1,0.003738,1,113.923799458269,1,4.86125481173097,354,1,11.6800003051758,35.3950004577637,0.0261659994721413,0,109.856597900391,-87.6085,26.9886,9.93401422873536,63,63,63,63,61,63,0,7817,1.11627530284214,27,-88,0.001869,51,2025-06-05 06:39:52.0007,354,1.037,0.0011,"aoml_navis",1028.54102359214
"7901009",72,0,1,0.026166,1,0.003738,1,113.742839481731,1,4.8612014508279,356,1,11.6440000534058,35.3889999389648,0.0261659994721413,0,109.682098388672,-87.6085,26.9886,9.93401422873536,63,63,63,63,61,63,0,7817,1.11627530284214,27,-88,0.001869,51,2025-06-05 06:39:52.0007,356,1.037,0.0011,"aoml_navis",1028.55231378006
"7901009",72,0,1,0.026166,1,0.003738,1,113.766693728376,1,4.86113616992472,358,1,11.5909996032715,35.3819999694824,0.0261659994721413,0,109.705101013184,-87.6085,26.9886,9.93401422873536,63,63,63,63,61,63,0,7817,1.11627530284214,27,-88,0.001869,51,2025-06-05 06:39:52.0007,358,1.037,0.0011,"aoml_navis",1028.56612635836
"7901009",72,0,1,0.024297,1,0.001869,1,113.888647080875,1,4.86107284275521,360,1,11.539999961853,35.375,0.0242970008403063,0,109.822700500488,-87.6085,26.9886,9.93401422873536,63,63,63,63,61,63,0,7817,1.11627530284214,27,-88,0.001869,51,2025-06-05 06:39:52.0007,360,1.037,0.0011,"aoml_navis",1028.57952590689
"7901009",72,0,1,0.026166,1,0.003738,1,113.946197923361,1,4.86102792604347,362,1,11.5290002822876,35.3730010986328,0.0261659994721413,0,109.878196716309,-87.6085,26.9886,9.93401422873536,63,63,63,63,61,63,0,7817,1.11627530284214,27,-88,0.001869,51,2025-06-05 06:39:52.0007,362,1.037,0.0011,"aoml_navis",1028.58903015388
"7901009",72,0,1,0.026166,1,0.003738,1,114.110463883176,1,4.86098302416701,364,1,11.5059995651245,35.3680000305176,0.0261659994721413,0,110.036598205566,-87.6085,26.9886,9.93401422873536,63,63,63,63,61,63,0,7817,1.11627530284214,27,-88,0.001869,51,2025-06-05 06:39:52.0007,364,1.037,0.0011,"aoml_navis",1028.59853143733
"7901009",72,0,1,0.024297,1,0.001869,1,114.402909826372,1,4.86089987758327,366,1,11.4130001068115,35.3559989929199,0.0242970008403063,0,110.318603515625,-87.6085,26.9886,9.93401422873536,63,63,63,63,61,63,0,7817,1.11627530284214,27,-88,0.001869,51,2025-06-05 06:39:52.0007,366,1.037,0.0011,"aoml_navis",1028.61612580383
"7901009",72,0,1,0.024297,1,0.001869,1,114.385693627135,1,4.86085328410032,368,1,11.3839998245239,35.3499984741211,0.0242970008403063,0,110.302001953125,-87.6085,26.9886,9.93401422873536,63,63,63,63,61,63,0,7817,1.11627530284214,27,-88,0.001869,51,2025-06-05 06:39:52.0007,368,1.037,0.0011,"aoml_navis",1028.62598555583
"7901009",72,0,1,0.028035,1,0.005607,1,114.484520623765,1,4.86079049812972,370,1,11.3210000991821,35.3400001525879,0.0280349999666214,0,110.397300720215,-87.6085,26.9886,9.93401422873536,63,63,63,63,61,63,0,7817,1.11627530284214,27,-88,0.001869,51,2025-06-05 06:39:52.0007,370,1.037,0.0011,"aoml_navis",1028.63927213564
"7901009",72,0,1,0.022428,1,0,1,114.433394208568,1,4.86072064813832,372,1,11.25,35.3300018310547,0.0224280003458261,0,110.347999572754,-87.6085,26.9886,9.93401422873536,63,63,63,63,61,63,0,7817,1.11627530284214,27,-88,0.001869,51,2025-06-05 06:39:52.0007,372,1.037,0.0011,"aoml_navis",1028.65405398581
"7901009",72,0,1,0.031773,1,0.009345,1,114.347946160885,1,4.86066601585705,374,1,11.2200002670288,35.326000213623,0.0317730009555817,0,110.265602111816,-87.6085,26.9886,9.93401422873536,63,63,63,63,61,63,0,7817,1.11627530284214,27,-88,0.001869,51,2025-06-05 06:39:52.0007,374,1.037,0.0011,"aoml_navis",1028.66561571776
"7901009",72,0,1,0.028035,1,0.005607,1,114.276074858556,1,4.86061232053822,376,1,11.1909999847412,35.3219985961914,0.0280349999666214,0,110.196296691895,-87.6085,26.9886,9.93401422873536,63,63,63,63,61,63,0,7817,1.11627530284214,27,-88,0.001869,51,2025-06-05 06:39:52.0007,376,1.037,0.0011,"aoml_navis",1028.67697941529
"7901009",72,0,1,0.026166,1,0.003738,1,114.215517510689,1,4.86055870771951,378,1,11.1579999923706,35.3170013427734,0.0261659994721413,0,110.137901306152,-87.6085,26.9886,9.93401422873536,63,63,63,63,61,63,0,7817,1.11627530284214,27,-88,0.001869,51,2025-06-05 06:39:52.0007,378,1.037,0.0011,"aoml_navis",1028.68832590357
"7901009",72,0,1,0.029904,1,0.007476,1,114.240613918767,1,4.86051034718598,380,1,11.1429996490479,35.314998626709,0.0299040004611015,0,110.162101745605,-87.6085,26.9886,9.93401422873536,63,63,63,63,61,63,0,7817,1.11627530284214,27,-88,0.001869,51,2025-06-05 06:39:52.0007,380,1.037,0.0011,"aoml_navis",1028.69856102555
"7901009",72,0,1,0.028035,1,0.005607,1,114.317042450306,1,4.86046751454871,382,1,11.1260004043579,35.3110008239746,0.0280349999666214,0,110.235801696777,-87.6085,26.9886,9.93401422873536,63,63,63,63,61,63,0,7817,1.11627530284214,27,-88,0.001869,51,2025-06-05 06:39:52.0007,382,1.037,0.0011,"aoml_navis",1028.70762638237
"7901009",72,0,1,0.026166,1,0.003738,1,114.445942412608,1,4.86039987257892,384,1,11.0649995803833,35.3030014038086,0.0261659994721413,0,110.36009979248,-87.6085,26.9886,9.93401422873536,63,63,63,63,61,63,0,7817,1.11627530284214,27,-88,0.001869,51,2025-06-05 06:39:52.0007,384,1.037,0.0011,"aoml_navis",1028.72194286085
"7901009",72,0,1,0.020559,1,-0.001869,1,114.457865580002,1,4.86034571851132,386,1,11.0229997634888,35.2960014343262,0.020558999851346,0,110.371597290039,-87.6085,26.9886,9.93401422873536,63,63,63,63,61,63,0,7817,1.11627530284214,27,-88,0.001869,51,2025-06-05 06:39:52.0007,386,1.037,0.0011,"aoml_navis",1028.73340490097
"7901009",72,0,1,0.029904,1,0.007476,1,114.419184514713,1,4.86029046354481,388,1,10.9919996261597,35.2919998168945,0.0299040004611015,0,110.334297180176,-87.6085,26.9886,9.93401422873536,63,63,63,63,61,63,0,7817,1.11627530284214,27,-88,0.001869,51,2025-06-05 06:39:52.0007,388,1.037,0.0011,"aoml_navis",1028.74510021635
"7901009",72,0,1,0.026166,1,0.003738,1,114.255543591543,1,4.86024495427331,390,1,10.9759998321533,35.2890014648438,0.0261659994721413,0,110.176498413086,-87.6085,26.9886,9.93401422873536,63,63,63,63,61,63,0,7817,1.11627530284214,27,-88,0.001869,51,2025-06-05 06:39:52.0007,390,1.037,0.0011,"aoml_navis",1028.75473294897
"7901009",72,0,1,0.026166,1,0.003738,1,114.155157959228,1,4.86019500748489,392,1,10.9549999237061,35.2859992980957,0.0261659994721413,0,110.079696655273,-87.6085,26.9886,9.93401422873536,63,63,63,63,61,63,0,7817,1.11627530284214,27,-88,0.001869,51,2025-06-05 06:39:52.0007,392,1.037,0.0011,"aoml_navis",1028.76530515747
"7901009",72,0,1,0.028035,1,0.005607,1,113.97129433144,1,4.86014516583002,394,1,10.9300003051758,35.2820014953613,0.0280349999666214,0,109.902397155762,-87.6085,26.9886,9.93401422873536,63,63,63,63,61,63,0,7817,1.11627530284214,27,-88,0.001869,51,2025-06-05 06:39:52.0007,394,1.037,0.0011,"aoml_navis",1028.77585532902
"7901009",72,0,1,0.029904,1,0.007476,1,113.83959357202,1,4.86009646662051,396,1,10.8979997634888,35.2760009765625,0.0299040004611015,0,109.775398254395,-87.6085,26.9886,9.93401422873536,63,63,63,63,61,63,0,7817,1.11627530284214,27,-88,0.001869,51,2025-06-05 06:39:52.0007,396,1.037,0.0011,"aoml_navis",1028.78616388386
"7901009",72,0,1,0.028035,1,0.005607,1,113.756218430678,1,4.86003256195891,398,1,10.8240003585815,35.2639999389648,0.0280349999666214,0,109.694999694824,-87.6085,26.9886,9.93401422873536,63,63,63,63,61,63,0,7817,1.11627530284214,27,-88,0.001869,51,2025-06-05 06:39:52.0007,398,1.037,0.0011,"aoml_navis",1028.79969141291
"7901009",72,0,1,0.031773,1,0.009345,1,113.879936127125,1,4.85994272025696,400,1,10.7119998931885,35.25,0.0317730009555817,0,109.814300537109,-87.6085,26.9886,9.93401422873536,63,63,63,63,61,63,0,7817,1.11627530284214,27,-88,0.001869,51,2025-06-05 06:39:52.0007,400,1.037,0.0011,"aoml_navis",1028.81870997353
"7901009",72,0,1,0.026166,1,0.003738,1,113.86863008452,1,4.8598776781749,402,1,10.6359996795654,35.2379989624023,0.0261659994721413,0,109.803398132324,-87.6085,26.9886,9.93401422873536,63,63,63,63,61,63,0,7817,1.11627530284214,27,-88,0.001869,51,2025-06-05 06:39:52.0007,402,1.037,0.0011,"aoml_navis",1028.8324791495
"7901009",72,0,1,0.024297,1,0.001869,1,113.827670404625,1,4.85979577531869,404,1,10.5319995880127,35.2239990234375,0.0242970008403063,0,109.763900756836,-87.6085,26.9886,9.93401422873536,63,63,63,63,61,63,0,7817,1.11627530284214,27,-88,0.001869,51,2025-06-05 06:39:52.0007,404,1.037,0.0011,"aoml_navis",1028.84981821528
"7901009",72,0,1,0.026166,1,0.003738,1,113.709451448284,1,4.85973870505382,406,1,10.4940004348755,35.2190017700195,0.0261659994721413,0,109.64990234375,-87.6085,26.9886,9.93401422873536,63,63,63,63,61,63,0,7817,1.11627530284214,27,-88,0.001869,51,2025-06-05 06:39:52.0007,406,1.037,0.0011,"aoml_navis",1028.8619004969
"7901009",72,0,1,0.033642,1,0.011214,1,113.909281202019,1,4.85968692547845,408,1,10.4619998931885,35.2140007019043,0.0336420014500618,0,109.842597961426,-87.6085,26.9886,9.93401422873536,63,63,63,63,61,63,0,7817,1.11627530284214,27,-88,0.001869,51,2025-06-05 06:39:52.0007,408,1.037,0.0011,"aoml_navis",1028.87286293813
"7901009",72,0,1,0.026166,1,0.003738,1,114.174241356544,1,4.85963211024454,410,1,10.4180002212524,35.2070007324219,0.0261659994721413,0,110.098098754883,-87.6085,26.9886,9.93401422873536,63,63,63,63,61,63,0,7817,1.11627530284214,27,-88,0.001869,51,2025-06-05 06:39:52.0007,410,1.037,0.0011,"aoml_navis",1028.88446832417
"7901009",72,0,1,0.028035,1,0.005607,1,114.366610229819,1,4.85958649728619,412,1,10.3929996490479,35.2019996643066,0.0280349999666214,0,110.283599853516,-87.6085,26.9886,9.93401422873536,63,63,63,63,61,63,0,7817,1.11627530284214,27,-88,0.001869,51,2025-06-05 06:39:52.0007,412,1.037,0.0011,"aoml_navis",1028.89412561999
"7901009",72,0,1,0.029904,1,0.007476,1,114.536264163751,1,4.85953311935749,414,1,10.3590002059937,35.1969985961914,0.0299040004611015,0,110.447196960449,-87.6085,26.9886,9.93401422873536,63,63,63,63,61,63,0,7817,1.11627530284214,27,-88,0.001869,51,2025-06-05 06:39:52.0007,414,1.037,0.0011,"aoml_navis",1028.90542716603
"7901009",72,0,1,0.028035,1,0.005607,1,114.733301032224,1,4.85946172705136,416,1,10.2700004577637,35.1839981079102,0.0280349999666214,0,110.637199401855,-87.6085,26.9886,9.93401422873536,63,63,63,63,61,63,0,7817,1.11627530284214,27,-88,0.001869,51,2025-06-05 06:39:52.0007,416,1.037,0.0011,"aoml_navis",1028.92054322937
"7901009",72,0,1,0.022428,1,0,1,114.685909013185,1,4.8593948633617,418,1,10.2030000686646,35.1749992370605,0.0224280003458261,0,110.591499328613,-87.6085,26.9886,9.93401422873536,63,63,63,63,61,63,0,7817,1.11627530284214,27,-88,0.001869,51,2025-06-05 06:39:52.0007,418,1.037,0.0011,"aoml_navis",1028.93470084072
"7901009",72,0,1,0.028035,1,0.005607,1,114.56841794762,1,4.85934921441214,420,1,10.1820001602173,35.1710014343262,0.0280349999666214,0,110.478202819824,-87.6085,26.9886,9.93401422873536,63,63,63,63,61,63,0,7817,1.11627530284214,27,-88,0.001869,51,2025-06-05 06:39:52.0007,420,1.037,0.0011,"aoml_navis",1028.94436670053
"7901009",72,0,1,0.028035,1,0.005607,1,114.427586906068,1,4.85929442525824,422,1,10.1459999084473,35.1660003662109,0.0280349999666214,0,110.342399597168,-87.6085,26.9886,9.93401422873536,63,63,63,63,61,63,0,7817,1.11627530284214,27,-88,0.001869,51,2025-06-05 06:39:52.0007,422,1.037,0.0011,"aoml_navis",1028.95596817727
"7901009",72,0,1,0.022428,1,0,1,114.324503330766,1,4.8592373832024,424,1,10.1029996871948,35.1599998474121,0.0224280003458261,0,110.24299621582,-87.6085,26.9886,9.93401422873536,63,63,63,63,61,63,0,7817,1.11627530284214,27,-88,0.001869,51,2025-06-05 06:39:52.0007,424,1.037,0.0011,"aoml_navis",1028.96804697877
"7901009",72,0,1,0.029904,1,0.007476,1,114.345873254543,1,4.85916961524449,426,1,10.0430002212524,35.1529998779297,0.0299040004611015,0,110.263603210449,-87.6085,26.9886,9.93401422873536,63,63,63,63,61,63,0,7817,1.11627530284214,27,-88,0.001869,51,2025-06-05 06:39:52.0007,426,1.037,0.0011,"aoml_navis",1028.98239738611
"7901009",72,0,1,0.029904,1,0.007476,1,114.392331674543,1,4.85911021443656,428,1,9.99699974060059,35.1469993591309,0.0299040004611015,0,110.308403015137,-87.6085,26.9886,9.93401422873536,63,63,63,63,61,63,0,7817,1.11627530284214,27,-88,0.001869,51,2025-06-05 06:39:52.0007,428,1.037,0.0011,"aoml_navis",1028.99497631168
"7901009",72,0,1,0.028035,1,0.005607,1,114.311029439543,1,4.85906517901197,430.100006103516,1,9.99199962615967,35.1459999084473,0.0280349999666214,0,110.230003356934,-87.6085,26.9886,9.93401422873536,63,63,63,63,61,63,0,7817,1.11627530284214,27,-88,0.001869,51,2025-06-05 06:39:52.0007,430.100006103516,1.037,0.0011,"aoml_navis",1029.00451337775
"7901009",72,0,1,0.029904,1,0.007476,1,114.169264798952,1,4.85902522954036,432,1,9.98799991607666,35.1450004577637,0.0299040004611015,0,110.093299865723,-87.6085,26.9886,9.93401422873536,63,63,63,63,61,63,0,7817,1.11627530284214,27,-88,0.001869,51,2025-06-05 06:39:52.0007,432,1.037,0.0011,"aoml_navis",1029.01297354922
"7901009",72,0,1,0.026166,1,0.003738,1,113.951388101072,1,4.85897750046269,434,1,9.97299957275391,35.1430015563965,0.0261659994721413,0,109.883201599121,-87.6085,26.9886,9.93401422873536,63,63,63,63,61,63,0,7817,1.11627530284214,27,-88,0.001869,51,2025-06-05 06:39:52.0007,434,1.037,0.0011,"aoml_navis",1029.02308140424
"7901009",72,0,1,0.028035,1,0.005607,1,113.730291277692,1,4.85892301208732,436,1,9.94999980926514,35.140998840332,0.0280349999666214,0,109.669998168945,-87.6085,26.9886,9.93401422873536,63,63,63,63,61,63,0,7817,1.11627530284214,27,-88,0.001869,51,2025-06-05 06:39:52.0007,436,1.037,0.0011,"aoml_navis",1029.03462095648
"7901009",72,0,1,0.028035,1,0.005607,1,113.546949832417,1,4.8588750198098,438,1,9.93900012969971,35.1399993896484,0.0280349999666214,0,109.493202209473,-87.6085,26.9886,9.93401422873536,63,63,63,63,61,63,0,7817,1.11627530284214,27,-88,0.001869,51,2025-06-05 06:39:52.0007,438,1.037,0.0011,"aoml_navis",1029.044784979
"7901009",72,0,1,0.029904,1,0.007476,1,113.383617471642,1,4.85883182932057,440,1,9.9379997253418,35.1399993896484,0.0299040004611015,0,109.33570098877,-87.6085,26.9886,9.93401422873536,63,63,63,63,61,63,0,7817,1.11627530284214,27,-88,0.001869,51,2025-06-05 06:39:52.0007,440,1.037,0.0011,"aoml_navis",1029.05393222864
"7901009",72,0,1,0.031773,1,0.009345,1,113.215617115669,1,4.85879034082829,442,1,9.92599964141846,35.1370010375977,0.0317730009555817,0,109.173698425293,-87.6085,26.9886,9.93401422873536,63,63,63,63,61,63,0,7817,1.11627530284214,27,-88,0.001869,51,2025-06-05 06:39:52.0007,442,1.037,0.0011,"aoml_navis",1029.06271916801
"7901009",72,0,1,0.022428,1,0,1,113.155471184327,1,4.85871286212315,444,1,9.85400009155273,35.1300010681152,0.0224280003458261,0,109.115699768066,-87.6085,26.9886,9.93401422873536,63,63,63,63,61,63,0,7817,1.11627530284214,27,-88,0.001869,51,2025-06-05 06:39:52.0007,444,1.037,0.0011,"aoml_navis",1029.07912895579
"7901009",72,0,1,0.028035,1,0.005607,1,113.110049217499,1,4.85865518021473,446,1,9.81400012969971,35.125,0.0280349999666214,0,109.071899414062,-87.6085,26.9886,9.93401422873536,63,63,63,63,61,63,0,7817,1.11627530284214,27,-88,0.001869,51,2025-06-05 06:39:52.0007,446,1.037,0.0011,"aoml_navis",1029.09134617349
"7901009",72,0,1,0.026166,1,0.003738,1,112.887504524421,1,4.85860754690114,448,1,9.79899978637695,35.1230010986328,0.0261659994721413,0,108.857299804688,-87.6085,26.9886,9.93401422873536,63,63,63,63,61,63,0,7817,1.11627530284214,27,-88,0.001869,51,2025-06-05 06:39:52.0007,448,1.037,0.0011,"aoml_navis",1029.10143528449
"7901009",72,0,1,0.028035,1,0.005607,1,112.631358177778,1,4.85855604496667,450,1,9.77499961853027,35.1199989318848,0.0280349999666214,0,108.610298156738,-87.6085,26.9886,9.93401422873536,63,63,63,63,61,63,0,7817,1.11627530284214,27,-88,0.001869,51,2025-06-05 06:39:52.0007,450,1.037,0.0011,"aoml_navis",1029.11234402243
"7901009",72,0,1,0.028035,1,0.005607,1,112.440136523662,1,4.85849584278819,452,1,9.74499988555908,35.1180000305176,0.0280349999666214,0,108.425903320312,-87.6085,26.9886,9.93401422873536,63,63,63,63,61,63,0,7817,1.11627530284214,27,-88,0.001869,51,2025-06-05 06:39:52.0007,452,1.037,0.0011,"aoml_navis",1029.12509587136
"7901009",72,0,1,0.031773,1,0.009345,1,112.285926533162,1,4.8584271294516,454,1,9.69600009918213,35.1139984130859,0.0317730009555817,0,108.277198791504,-87.6085,26.9886,9.93401422873536,63,63,63,63,61,63,0,7817,1.11627530284214,27,-88,0.001869,51,2025-06-05 06:39:52.0007,454,1.037,0.0011,"aoml_navis",1029.13965091504
"7901009",72,0,1,0.024297,1,0.001869,1,112.04533489594,1,4.85837472227303,456,1,9.68400001525879,35.1139984130859,0.0242970008403063,0,108.045196533203,-87.6085,26.9886,9.93401422873536,63,63,63,63,61,63,0,7817,1.11627530284214,27,-88,0.001869,51,2025-06-05 06:39:52.0007,456,1.037,0.0011,"aoml_navis",1029.15075222125
"7901009",72,0,1,0.033642,1,0.011214,1,111.858884091153,1,4.85832399247168,458,1,9.67399978637695,35.1139984130859,0.0336420014500618,0,107.86540222168,-87.6085,26.9886,9.93401422873536,63,63,63,63,61,63,0,7817,1.11627530284214,27,-88,0.001869,51,2025-06-05 06:39:52.0007,458,1.037,0.0011,"aoml_navis",1029.16149844017
"7901009",72,0,1,0.029904,1,0.007476,1,111.693375969904,1,4.85827793950828,460,1,9.67399978637695,35.1150016784668,0.0299040004611015,0,107.70580291748,-87.6085,26.9886,9.93401422873536,63,63,63,63,61,63,0,7817,1.11627530284214,27,-88,0.001869,51,2025-06-05 06:39:52.0007,460,1.037,0.0011,"aoml_navis",1029.17125414732
"7901009",72,0,1,0.031773,1,0.009345,1,111.743671640193,1,4.85822755902982,462,1,9.65999984741211,35.1139984130859,0.0317730009555817,0,107.754302978516,-87.6085,26.9886,9.93401422873536,63,63,63,63,61,63,0,7817,1.11627530284214,27,-88,0.001869,51,2025-06-05 06:39:52.0007,462,1.037,0.0011,"aoml_navis",1029.18192679276
"7901009",72,0,1,0.029904,1,0.007476,1,111.922970126915,1,4.85817050489046,464,1,9.61600017547607,35.1080017089844,0.0299040004611015,0,107.927200317383,-87.6085,26.9886,9.93401422873536,63,63,63,63,61,63,0,7817,1.11627530284214,27,-88,0.001869,51,2025-06-05 06:39:52.0007,464,1.037,0.0011,"aoml_navis",1029.19401345975
"7901009",72,0,1,0.026166,1,0.003738,1,112.113471802111,1,4.85812416868088,466,1,9.59799957275391,35.1049995422363,0.0261659994721413,0,108.110900878906,-87.6085,26.9886,9.93401422873536,63,63,63,63,61,63,0,7817,1.11627530284214,27,-88,0.001869,51,2025-06-05 06:39:52.0007,466,1.037,0.0011,"aoml_navis",1029.20382978965
"7901009",72,0,1,0.028035,1,0.005607,1,112.503906085174,1,4.85805418182913,468,1,9.52499961853027,35.0960006713867,0.0280349999666214,0,108.487396240234,-87.6085,26.9886,9.93401422873536,63,63,63,63,61,63,0,7817,1.11627530284214,27,-88,0.001869,51,2025-06-05 06:39:52.0007,468,1.037,0.0011,"aoml_navis",1029.21865686509
"7901009",72,0,1,0.029904,1,0.007476,1,112.846647698659,1,4.8579772314597,470,1,9.42099952697754,35.0820007324219,0.0299040004611015,0,108.817901611328,-87.6085,26.9886,9.93401422873536,63,63,63,63,61,63,0,7817,1.11627530284214,27,-88,0.001869,51,2025-06-05 06:39:52.0007,470,1.037,0.0011,"aoml_navis",1029.23495969075
"7901009",72,0,1,0.031773,1,0.009345,1,112.927744225395,1,4.85792849804563,472,1,9.39099979400635,35.0769996643066,0.0317730009555817,0,108.896102905273,-87.6085,26.9886,9.93401422873536,63,63,63,63,61,63,0,7817,1.11627530284214,27,-88,0.001869,51,2025-06-05 06:39:52.0007,472,1.037,0.0011,"aoml_navis",1029.24528469522
"7901009",72,0,1,0.024297,1,0.001869,1,112.892069665487,1,4.85788395211198,474,1,9.375,35.0740013122559,0.0242970008403063,0,108.861701965332,-87.6085,26.9886,9.93401422873536,63,63,63,63,61,63,0,7817,1.11627530284214,27,-88,0.001869,51,2025-06-05 06:39:52.0007,474,1.037,0.0011,"aoml_navis",1029.25472269181
"7901009",72,0,1,0.031773,1,0.009345,1,112.974408353658,1,4.85784146101895,476,1,9.35700035095215,35.0699996948242,0.0317730009555817,0,108.941101074219,-87.6085,26.9886,9.93401422873536,63,63,63,63,61,63,0,7817,1.11627530284214,27,-88,0.001869,51,2025-06-05 06:39:52.0007,476,1.037,0.0011,"aoml_navis",1029.26372548832
"7901009",72,0,1,0.028035,1,0.005607,1,113.107976311157,1,4.85777347178917,478,1,9.2810001373291,35.060001373291,0.0280349999666214,0,109.069900512695,-87.6085,26.9886,9.93401422873536,63,63,63,63,61,63,0,7817,1.11627530284214,27,-88,0.001869,51,2025-06-05 06:39:52.0007,478,1.037,0.0011,"aoml_navis",1029.27813102789
"7901009",72,0,1,0.028035,1,0.005607,1,113.332799618839,1,4.85769272291805,480,1,9.18900012969971,35.0499992370605,0.0280349999666214,0,109.286697387695,-87.6085,26.9886,9.93401422873536,63,63,63,63,61,63,0,7817,1.11627530284214,27,-88,0.001869,51,2025-06-05 06:39:52.0007,480,1.037,0.0011,"aoml_navis",1029.29524060066
"7901009",72,0,1,0.028035,1,0.005607,1,113.346075713655,1,4.85763781961114,482,1,9.14200019836426,35.0429992675781,0.0280349999666214,0,109.299499511719,-87.6085,26.9886,9.93401422873536,63,63,63,63,61,63,0,7817,1.11627530284214,27,-88,0.001869,51,2025-06-05 06:39:52.0007,482,1.037,0.0011,"aoml_navis",1029.30687417949
"7901009",72,0,1,0.028035,1,0.005607,1,113.28665767309,1,4.8575913713704,484,1,9.12800025939941,35.0410003662109,0.0280349999666214,0,109.242202758789,-87.6085,26.9886,9.93401422873536,63,63,63,63,61,63,0,7817,1.11627530284214,27,-88,0.001869,51,2025-06-05 06:39:52.0007,484,1.037,0.0011,"aoml_navis",1029.31671640166
"7901009",72,0,1,0.026166,1,0.003738,1,113.151839642301,1,4.85754006312527,486,1,9.10799980163574,35.0390014648438,0.0261659994721413,0,109.112197875977,-87.6085,26.9886,9.93401422873536,63,63,63,63,61,63,0,7817,1.11627530284214,27,-88,0.001869,51,2025-06-05 06:39:52.0007,486,1.037,0.0011,"aoml_navis",1029.32758866081
"7901009",72,0,1,0.028035,1,0.005607,1,113.001166251553,1,4.85748473434782,488,1,9.08300018310547,35.0369987487793,0.0280349999666214,0,108.966903686523,-87.6085,26.9886,9.93401422873536,63,63,63,63,61,63,0,7817,1.11627530284214,27,-88,0.001869,51,2025-06-05 06:39:52.0007,488,1.037,0.0011,"aoml_navis",1029.33931313143
"7901009",72,0,1,0.026166,1,0.003738,1,112.71960702258,1,4.85742860654286,490,1,9.05700016021729,35.0349998474121,0.0261659994721413,0,108.69539642334,-87.6085,26.9886,9.93401422873536,63,63,63,63,61,63,0,7817,1.11627530284214,27,-88,0.001869,51,2025-06-05 06:39:52.0007,490,1.037,0.0011,"aoml_navis",1029.35120719327
"7901009",72,0,1,0.029904,1,0.007476,1,112.433704184517,1,4.85736470238564,492,1,9.03499984741211,35.0359992980957,0.0299040004611015,0,108.419700622559,-87.6085,26.9886,9.93401422873536,63,63,63,63,61,63,0,7817,1.11627530284214,27,-88,0.001869,51,2025-06-05 06:39:52.0007,492,1.037,0.0011,"aoml_navis",1029.36474947914
"7901009",72,0,1,0.028035,1,0.005607,1,112.137215282768,1,4.857316968074,494,1,9.03299999237061,35.0369987487793,0.0280349999666214,0,108.133796691895,-87.6085,26.9886,9.93401422873536,63,63,63,63,61,63,0,7817,1.11627530284214,27,-88,0.001869,51,2025-06-05 06:39:52.0007,494,1.037,0.0011,"aoml_navis",1029.37486535547
"7901009",72,0,1,0.029904,1,0.007476,1,111.871638003455,1,4.85726259548931,496,1,9.04100036621094,35.0419998168945,0.0299040004611015,0,107.877700805664,-87.6085,26.9886,9.93401422873536,63,63,63,63,61,63,0,7817,1.11627530284214,27,-88,0.001869,51,2025-06-05 06:39:52.0007,496,1.037,0.0011,"aoml_navis",1029.38638825977
"7901009",72,0,1,0.029904,1,0.007476,1,111.729256238075,1,4.85721110117473,498,1,9.04800033569336,35.0460014343262,0.0299040004611015,0,107.74040222168,-87.6085,26.9886,9.93401422873536,63,63,63,63,61,63,0,7817,1.11627530284214,27,-88,0.001869,51,2025-06-05 06:39:52.0007,498,1.037,0.0011,"aoml_navis",1029.39730142483
"7901009",72,0,1,0.031773,1,0.009345,1,111.676674041324,1,4.85717109957908,500,1,9.05099964141846,35.0460014343262,0.0317730009555817,0,107.689697265625,-87.6085,26.9886,9.93401422873536,63,63,63,63,61,63,0,7817,1.11627530284214,27,-88,0.001869,51,2025-06-05 06:39:52.0007,500,1.037,0.0011,"aoml_navis",1029.40577910325
"7901009",72,0,1,0.026166,1,0.003738,1,111.611757260654,1,4.85712948329099,502,1,9.05200004577637,35.0460014343262,0.0261659994721413,0,107.627098083496,-87.6085,26.9886,9.93401422873536,63,63,63,63,61,63,0,7817,1.11627530284214,27,-88,0.001869,51,2025-06-05 06:39:52.0007,502,1.037,0.0011,"aoml_navis",1029.41459913731
"7901009",72,0,1,0.026166,1,0.003738,1,111.504322164405,1,4.8570813255306,504,1,9.05399990081787,35.0480003356934,0.0261659994721413,0,107.523498535156,-87.6085,26.9886,9.93401422873536,63,63,63,63,61,63,0,7817,1.11627530284214,27,-88,0.001869,51,2025-06-05 06:39:52.0007,504,1.037,0.0011,"aoml_navis",1029.42480574047
"7901009",72,0,1,0.024297,1,0.001869,1,111.479122902194,1,4.85704177212308,506,1,9.05300045013428,35.0470008850098,0.0242970008403063,0,107.499198913574,-87.6085,26.9886,9.93401422873536,63,63,63,63,61,63,0,7817,1.11627530284214,27,-88,0.001869,51,2025-06-05 06:39:52.0007,506,1.037,0.0011,"aoml_navis",1029.43318887999
"7901009",72,0,1,0.031773,1,0.009345,1,111.537923817971,1,4.85698853762974,508,1,9.02600002288818,35.0439987182617,0.0317730009555817,0,107.55590057373,-87.6085,26.9886,9.93401422873536,63,63,63,63,61,63,0,7817,1.11627530284214,27,-88,0.001869,51,2025-06-05 06:39:52.0007,508,1.037,0.0011,"aoml_navis",1029.44447187023
"7901009",72,0,1,0.028035,1,0.005607,1,111.731431998548,1,4.85691167196417,510,1,8.95600032806396,35.0379981994629,0.0280349999666214,0,107.742500305176,-87.6085,26.9886,9.93401422873536,63,63,63,63,61,63,0,7817,1.11627530284214,27,-88,0.001869,51,2025-06-05 06:39:52.0007,510,1.037,0.0011,"aoml_navis",1029.4607638969
"7901009",72,0,1,0.029904,1,0.007476,1,111.823620947771,1,4.85684807507928,512,1,8.91600036621094,35.0349998474121,0.0299040004611015,0,107.831398010254,-87.6085,26.9886,9.93401422873536,63,63,63,63,61,63,0,7817,1.11627530284214,27,-88,0.001869,51,2025-06-05 06:39:52.0007,512,1.037,0.0011,"aoml_navis",1029.47424393512
"7901009",72,0,1,0.028035,1,0.005607,1,111.828913979613,1,4.85680495518537,514,1,8.9060001373291,35.0330009460449,0.0280349999666214,0,107.836502075195,-87.6085,26.9886,9.93401422873536,63,63,63,63,61,63,0,7817,1.11627530284214,27,-88,0.001869,51,2025-06-05 06:39:52.0007,514,1.037,0.0011,"aoml_navis",1029.48338385748
"7901009",72,0,1,0.029904,1,0.007476,1,111.92815239277,1,4.85676057180722,516,1,8.89900016784668,35.0320014953613,0.0299040004611015,0,107.932197570801,-87.6085,26.9886,9.93401422873536,63,63,63,63,61,63,0,7817,1.11627530284214,27,-88,0.001869,51,2025-06-05 06:39:52.0007,516,1.037,0.0011,"aoml_navis",1029.49279176418
"7901009",72,0,1,0.031773,1,0.009345,1,112.018062727388,1,4.85671151547839,518,1,8.8769998550415,35.0289993286133,0.0317730009555817,0,108.018898010254,-87.6085,26.9886,9.93401422873536,63,63,63,63,61,63,0,7817,1.11627530284214,27,-88,0.001869,51,2025-06-05 06:39:52.0007,518,1.037,0.0011,"aoml_navis",1029.50319039229
"7901009",72,0,1,0.031773,1,0.009345,1,112.242474618544,1,4.85665461110982,520,1,8.83600044250488,35.023998260498,0.0317730009555817,0,108.235298156738,-87.6085,26.9886,9.93401422873536,63,63,63,63,61,63,0,7817,1.11627530284214,27,-88,0.001869,51,2025-06-05 06:39:52.0007,520,1.037,0.0011,"aoml_navis",1029.51525285786
"7901009",72,0,1,0.029904,1,0.007476,1,112.443451591438,1,4.85660495537766,522,1,8.80399990081787,35.0190010070801,0.0299040004611015,0,108.429100036621,-87.6085,26.9886,9.93401422873536,63,63,63,63,61,63,0,7817,1.11627530284214,27,-88,0.001869,51,2025-06-05 06:39:52.0007,522,1.037,0.0011,"aoml_navis",1029.52577900403
"7901009",72,0,1,0.031773,1,0.009345,1,112.787743928751,1,4.85653343102738,524,1,8.72599983215332,35.0099983215332,0.0317730009555817,0,108.761100769043,-87.6085,26.9886,9.93401422873536,63,63,63,63,61,63,0,7817,1.11627530284214,27,-88,0.001869,51,2025-06-05 06:39:52.0007,524,1.037,0.0011,"aoml_navis",1029.54094129283
"7901009",72,0,1,0.029904,1,0.007476,1,112.999401907605,1,4.85648154320184,526,1,8.69099998474121,35.0050010681152,0.0299040004611015,0,108.965202331543,-87.6085,26.9886,9.93401422873536,63,63,63,63,61,63,0,7817,1.11627530284214,27,-88,0.001869,51,2025-06-05 06:39:52.0007,526,1.037,0.0011,"aoml_navis",1029.5519411577
"7901009",72,0,1,0.029904,1,0.007476,1,113.212507756156,1,4.85643396996414,528,1,8.66600036621094,35.0009994506836,0.0299040004611015,0,109.170700073242,-87.6085,26.9886,9.93401422873536,63,63,63,63,61,63,0,7817,1.11627530284214,27,-88,0.001869,51,2025-06-05 06:39:52.0007,528,1.037,0.0011,"aoml_navis",1029.56202656595
"7901009",72,0,1,0.029904,1,0.007476,1,113.326889462208,1,4.85638906541796,530,1,8.64900016784668,34.9980010986328,0.0299040004611015,0,109.28099822998,-87.6085,26.9886,9.93401422873536,63,63,63,63,61,63,0,7817,1.11627530284214,27,-88,0.001869,51,2025-06-05 06:39:52.0007,530,1.037,0.0011,"aoml_navis",1029.5715463995
"7901009",72,0,1,0.029904,1,0.007476,1,113.619438259535,1,4.8563341375633,532,1,8.60999965667725,34.9930000305176,0.0299040004611015,0,109.563102722168,-87.6085,26.9886,9.93401422873536,63,63,63,63,61,63,0,7817,1.11627530284214,27,-88,0.001869,51,2025-06-05 06:39:52.0007,532,1.037,0.0011,"aoml_navis",1029.58319142941
"7901009",72,0,1,0.028035,1,0.005607,1,113.836175650112,1,4.85626718578225,534,1,8.55099964141846,34.9869995117188,0.0280349999666214,0,109.772102355957,-87.6085,26.9886,9.93401422873536,63,63,63,63,61,63,0,7817,1.11627530284214,27,-88,0.001869,51,2025-06-05 06:39:52.0007,534,1.037,0.0011,"aoml_navis",1029.59738595903
"7901009",72,0,1,0.028035,1,0.005607,1,113.933760485309,1,4.85621974022125,536,1,8.52600002288818,34.9830017089844,0.0280349999666214,0,109.866203308105,-87.6085,26.9886,9.93401422873536,63,63,63,63,61,63,0,7817,1.11627530284214,27,-88,0.001869,51,2025-06-05 06:39:52.0007,536,1.037,0.0011,"aoml_navis",1029.60744518785
"7901009",72,0,1,0.026166,1,0.003738,1,114.16045099107,1,4.85617101047465,538,1,8.50399971008301,34.9799995422363,0.0261659994721413,0,110.084800720215,-87.6085,26.9886,9.93401422873536,63,63,63,63,61,63,0,7817,1.11627530284214,27,-88,0.001869,51,2025-06-05 06:39:52.0007,538,1.037,0.0011,"aoml_navis",1029.61777688947
"7901009",72,0,1,0.029904,1,0.007476,1,114.329693508477,1,4.85612435008986,540,1,8.49400043487549,34.9790000915527,0.0299040004611015,0,110.248001098633,-87.6085,26.9886,9.93401422873536,63,63,63,63,61,63,0,7817,1.11627530284214,27,-88,0.001869,51,2025-06-05 06:39:52.0007,540,1.037,0.0011,"aoml_navis",1029.62767003845
"7901009",72,0,1,0.028035,1,0.005607,1,114.68746764887,1,4.85608662333659,542,1,8.48600006103516,34.976001739502,0.0280349999666214,0,110.593002319336,-87.6085,26.9886,9.93401422873536,63,63,63,63,61,63,0,7817,1.11627530284214,27,-88,0.001869,51,2025-06-05 06:39:52.0007,542,1.037,0.0011,"aoml_navis",1029.63566917687
"7901009",72,0,1,0.026166,1,0.003738,1,115.351058769549,1,4.85603337743777,544,1,8.43000030517578,34.9669990539551,0.0261659994721413,0,111.232902526855,-87.6085,26.9886,9.93401422873536,63,63,63,63,61,63,0,7817,1.11627530284214,27,-88,0.001869,51,2025-06-05 06:39:52.0007,544,1.037,0.0011,"aoml_navis",1029.64695902444
"7901009",72,0,1,0.029904,1,0.007476,1,115.931789019545,1,4.85598014346596,546,1,8.38799953460693,34.9609985351562,0.0299040004611015,0,111.792900085449,-87.6085,26.9886,9.93401422873536,63,63,63,63,61,63,0,7817,1.11627530284214,27,-88,0.001869,51,2025-06-05 06:39:52.0007,546,1.037,0.0011,"aoml_navis",1029.65824659061
"7901009",72,0,1,0.029904,1,0.007476,1,116.536373516185,1,4.85591722344097,548,1,8.32400035858154,34.9529991149902,0.0299040004611015,0,112.375900268555,-87.6085,26.9886,9.93401422873536,63,63,63,63,61,63,0,7817,1.11627530284214,27,-88,0.001869,51,2025-06-05 06:39:52.0007,548,1.037,0.0011,"aoml_navis",1029.67158827657
"7901009",72,0,1,0.029904,1,0.007476,1,116.784014617341,1,4.85586747555346,550,1,8.29100036621094,34.9480018615723,0.0299040004611015,0,112.614700317383,-87.6085,26.9886,9.93401422873536,63,63,63,63,61,63,0,7817,1.11627530284214,27,-88,0.001869,51,2025-06-05 06:39:52.0007,550,1.037,0.0011,"aoml_navis",1029.68213716131
"7901009",72,0,1,0.031773,1,0.009345,1,116.973788401761,1,4.85582243747042,552,1,8.26399993896484,34.943000793457,0.0317730009555817,0,112.797698974609,-87.6085,26.9886,9.93401422873536,63,63,63,63,61,63,0,7817,1.11627530284214,27,-88,0.001869,51,2025-06-05 06:39:52.0007,552,1.037,0.0011,"aoml_navis",1029.6916875331
"7901009",72,0,1,0.031773,1,0.009345,1,117.307091170719,1,4.8557702784906,554,1,8.22299957275391,34.9370002746582,0.0317730009555817,0,113.119102478027,-87.6085,26.9886,9.93401422873536,63,63,63,63,61,63,0,7817,1.11627530284214,27,-88,0.001869,51,2025-06-05 06:39:52.0007,554,1.037,0.0011,"aoml_navis",1029.70274811976
"7901009",72,0,1,0.031773,1,0.009345,1,117.665173873506,1,4.85570251773704,556,1,8.17599964141846,34.9339981079102,0.0317730009555817,0,113.464401245117,-87.6085,26.9886,9.93401422873536,63,63,63,63,61,63,0,7817,1.11627530284214,27,-88,0.001869,51,2025-06-05 06:39:52.0007,556,1.037,0.0011,"aoml_navis",1029.71711749965
"7901009",72,0,1,0.035511,1,0.013083,1,117.922459527452,1,4.85563067204868,558,1,8.11400032043457,34.9290008544922,0.0355109982192516,0,113.712501525879,-87.6085,26.9886,9.93401422873536,63,63,63,63,61,63,0,7817,1.11627530284214,27,-88,0.001869,51,2025-06-05 06:39:52.0007,558,1.037,0.0011,"aoml_navis",1029.73235357095
"7901009",72,0,1,0.028035,1,0.005607,1,118.030100331964,1,4.8555770873801,560,1,8.09000015258789,34.9269981384277,0.0280349999666214,0,113.816299438477,-87.6085,26.9886,9.93401422873536,63,63,63,63,61,63,0,7817,1.11627530284214,27,-88,0.001869,51,2025-06-05 06:39:52.0007,560,1.037,0.0011,"aoml_navis",1029.74371738331
"7901009",72,0,1,0.031773,1,0.009345,1,118.126957276384,1,4.8555264271825,562,1,8.0649995803833,34.923999786377,0.0317730009555817,0,113.909698486328,-87.6085,26.9886,9.93401422873536,63,63,63,63,61,63,0,7817,1.11627530284214,27,-88,0.001869,51,2025-06-05 06:39:52.0007,562,1.037,0.0011,"aoml_navis",1029.75446122766
"7901009",72,0,1,0.028035,1,0.005607,1,118.337887364461,1,4.85546621190978,564,1,8.01299953460693,34.9179992675781,0.0280349999666214,0,114.113098144531,-87.6085,26.9886,9.93401422873536,63,63,63,63,61,63,0,7817,1.11627530284214,27,-88,0.001869,51,2025-06-05 06:39:52.0007,564,1.037,0.0011,"aoml_navis",1029.76723177183
"7901009",72,0,1,0.031773,1,0.009345,1,118.570282318591,1,4.85540547990724,566,1,7.96500015258789,34.9129981994629,0.0317730009555817,0,114.337196350098,-87.6085,26.9886,9.93401422873536,63,63,63,63,61,63,0,7817,1.11627530284214,27,-88,0.001869,51,2025-06-05 06:39:52.0007,566,1.037,0.0011,"aoml_navis",1029.78011222567
"7901009",72,0,1,0.028035,1,0.005607,1,118.677305998314,1,4.85535430691952,568,1,7.94399976730347,34.9109992980957,0.0280349999666214,0,114.440399169922,-87.6085,26.9886,9.93401422873536,63,63,63,63,61,63,0,7817,1.11627530284214,27,-88,0.001869,51,2025-06-05 06:39:52.0007,568,1.037,0.0011,"aoml_navis",1029.79096558913
"7901009",72,0,1,0.031773,1,0.009345,1,118.765040572459,1,4.85530783015804,570,1,7.93400001525879,34.9099998474121,0.0317730009555817,0,114.525001525879,-87.6085,26.9886,9.93401422873536,63,63,63,63,61,63,0,7817,1.11627530284214,27,-88,0.001869,51,2025-06-05 06:39:52.0007,570,1.037,0.0011,"aoml_navis",1029.80082312047
"7901009",72,0,1,0.028035,1,0.005607,1,118.892801227458,1,4.85526200021327,572,1,7.92000007629395,34.9080009460449,0.0280349999666214,0,114.64820098877,-87.6085,26.9886,9.93401422873536,63,63,63,63,61,63,0,7817,1.11627530284214,27,-88,0.001869,51,2025-06-05 06:39:52.0007,572,1.037,0.0011,"aoml_navis",1029.81054364942
"7901009",72,0,1,0.033642,1,0.011214,1,119.132767828035,1,4.85520859890798,574,1,7.89599990844727,34.9059982299805,0.0336420014500618,0,114.879600524902,-87.6085,26.9886,9.93401422873536,63,63,63,63,61,63,0,7817,1.11627530284214,27,-88,0.001869,51,2025-06-05 06:39:52.0007,574,1.037,0.0011,"aoml_navis",1029.82187029504
"7901009",72,0,1,0.028035,1,0.005607,1,119.347226604008,1,4.85514990128607,576,1,7.86499977111816,34.9039993286133,0.0280349999666214,0,115.086402893066,-87.6085,26.9886,9.93401422873536,63,63,63,63,61,63,0,7817,1.11627530284214,27,-88,0.001869,51,2025-06-05 06:39:52.0007,576,1.037,0.0011,"aoml_navis",1029.83432059957
"7901009",72,0,1,0.029904,1,0.007476,1,119.483903921019,1,4.855095880767,578,1,7.84499979019165,34.9029998779297,0.0299040004611015,0,115.218200683594,-87.6085,26.9886,9.93401422873536,63,63,63,63,61,63,0,7817,1.11627530284214,27,-88,0.001869,51,2025-06-05 06:39:52.0007,578,1.037,0.0011,"aoml_navis",1029.84577911366
"7901009",72,0,1,0.029904,1,0.007476,1,119.650139933045,1,4.85504168586901,580,1,7.81500005722046,34.9000015258789,0.0299040004611015,0,115.37850189209,-87.6085,26.9886,9.93401422873536,63,63,63,63,61,63,0,7817,1.11627530284214,27,-88,0.001869,51,2025-06-05 06:39:52.0007,580,1.037,0.0011,"aoml_navis",1029.8572748722
"7901009",72,0,1,0.029904,1,0.007476,1,119.766594545438,1,4.85499442068317,582,1,7.79899978637695,34.8979988098145,0.0299040004611015,0,115.490798950195,-87.6085,26.9886,9.93401422873536,63,63,63,63,61,63,0,7817,1.11627530284214,27,-88,0.001869,51,2025-06-05 06:39:52.0007,582,1.037,0.0011,"aoml_navis",1029.86730091781
"7901009",72,0,1,0.029904,1,0.007476,1,119.966535065161,1,4.85494187240436,584,1,7.77600002288818,34.8959999084473,0.0299040004611015,0,115.683601379395,-87.6085,26.9886,9.93401422873536,63,63,63,63,61,63,0,7817,1.11627530284214,27,-88,0.001869,51,2025-06-05 06:39:52.0007,584,1.037,0.0011,"aoml_navis",1029.87844785952
"7901009",72,0,1,0.031773,1,0.009345,1,120.162219006212,1,4.854887006486,586,1,7.74499988555908,34.8930015563965,0.0317730009555817,0,115.872299194336,-87.6085,26.9886,9.93401422873536,63,63,63,63,61,63,0,7817,1.11627530284214,27,-88,0.001869,51,2025-06-05 06:39:52.0007,586,1.037,0.0011,"aoml_navis",1029.89008669412
"7901009",72,0,1,0.029904,1,0.007476,1,120.314870361027,1,4.85483376935754,588,1,7.72100019454956,34.890998840332,0.0299040004611015,0,116.019500732422,-87.6085,26.9886,9.93401422873536,63,63,63,63,61,63,0,7817,1.11627530284214,27,-88,0.001869,51,2025-06-05 06:39:52.0007,588,1.037,0.0011,"aoml_navis",1029.9013802612
"7901009",72,0,1,0.026166,1,0.003738,1,120.496969644867,1,4.85477603774882,590,1,7.69099998474121,34.8889999389648,0.0261659994721413,0,116.195098876953,-87.6085,26.9886,9.93401422873536,63,63,63,63,61,63,0,7817,1.11627530284214,27,-88,0.001869,51,2025-06-05 06:39:52.0007,590,1.037,0.0011,"aoml_navis",1029.91362755398
"7901009",72,0,1,0.031773,1,0.009345,1,120.712670582274,1,4.85472958246733,592,1,7.67600011825562,34.8870010375977,0.0317730009555817,0,116.403099060059,-87.6085,26.9886,9.93401422873536,63,63,63,63,61,63,0,7817,1.11627530284214,27,-88,0.001869,51,2025-06-05 06:39:52.0007,592,1.037,0.0011,"aoml_navis",1029.92348287684
"7901009",72,0,1,0.029904,1,0.007476,1,120.918726966891,1,4.85467271020107,594,1,7.65199995040894,34.8860015869141,0.0299040004611015,0,116.60179901123,-87.6085,26.9886,9.93401422873536,63,63,63,63,61,63,0,7817,1.11627530284214,27,-88,0.001869,51,2025-06-05 06:39:52.0007,594,1.037,0.0011,"aoml_navis",1029.93554838281
"7901009",72,0,1,0.031773,1,0.009345,1,121.120218210441,1,4.8546218025838,596,1,7.63100004196167,34.8839988708496,0.0317730009555817,0,116.796096801758,-87.6085,26.9886,9.93401422873536,63,63,63,63,61,63,0,7817,1.11627530284214,27,-88,0.001869,51,2025-06-05 06:39:52.0007,596,1.037,0.0011,"aoml_navis",1029.94634872254
"7901009",72,0,1,0.033642,1,0.011214,1,121.404783944796,1,4.85457169532569,598,1,7.61600017547607,34.882999420166,0.0336420014500618,0,117.070503234863,-87.6085,26.9886,9.93401422873536,63,63,63,63,61,63,0,7817,1.11627530284214,27,-88,0.001869,51,2025-06-05 06:39:52.0007,598,1.037,0.0011,"aoml_navis",1029.95697948273
"7901009",72,0,1,0.031773,1,0.009345,1,121.642464018912,1,4.85451044644967,600,1,7.59100008010864,34.882999420166,0.0317730009555817,0,117.299697875977,-87.6085,26.9886,9.93401422873536,63,63,63,63,61,63,0,7817,1.11627530284214,27,-88,0.001869,51,2025-06-05 06:39:52.0007,600,1.037,0.0011,"aoml_navis",1029.96997434762
"7901009",72,0,1,0.031773,1,0.009345,1,121.75011273528,1,4.85445667591165,602,1,7.57600021362305,34.882999420166,0.0317730009555817,0,117.403503417969,-87.6085,26.9886,9.93401422873536,63,63,63,63,61,63,0,7817,1.11627530284214,27,-88,0.001869,51,2025-06-05 06:39:52.0007,602,1.037,0.0011,"aoml_navis",1029.98138284158
"7901009",72,0,1,0.028035,1,0.005607,1,121.925882534107,1,4.85440879333234,604,1,7.55900001525879,34.8810005187988,0.0280349999666214,0,117.572998046875,-87.6085,26.9886,9.93401422873536,63,63,63,63,61,63,0,7817,1.11627530284214,27,-88,0.001869,51,2025-06-05 06:39:52.0007,604,1.037,0.0011,"aoml_navis",1029.99154230019
"7901009",72,0,1,0.033642,1,0.011214,1,122.09875659354,1,4.85435206257248,606,1,7.53999996185303,34.8810005187988,0.0336420014500618,0,117.739700317383,-87.6085,26.9886,9.93401422873536,63,63,63,63,61,63,0,7817,1.11627530284214,27,-88,0.001869,51,2025-06-05 06:39:52.0007,606,1.037,0.0011,"aoml_navis",1030.00357937581
"7901009",72,0,1,0.029904,1,0.007476,1,122.238028999408,1,4.85430197217361,608,1,7.51999998092651,34.8790016174316,0.0299040004611015,0,117.874000549316,-87.6085,26.9886,9.93401422873536,63,63,63,63,61,63,0,7817,1.11627530284214,27,-88,0.001869,51,2025-06-05 06:39:52.0007,608,1.037,0.0011,"aoml_navis",1030.01420774018
"7901009",72,0,1,0.029904,1,0.007476,1,122.397104781511,1,4.85425342509502,610,1,7.50699996948242,34.8779983520508,0.0299040004611015,0,118.027397155762,-87.6085,26.9886,9.93401422873536,63,63,63,63,61,63,0,7817,1.11627530284214,27,-88,0.001869,51,2025-06-05 06:39:52.0007,610,1.037,0.0011,"aoml_navis",1030.02450884651
"7901009",72,0,1,0.029904,1,0.007476,1,122.529430577576,1,4.85419967375793,612,1,7.48699998855591,34.8769989013672,0.0299040004611015,0,118.154998779297,-87.6085,26.9886,9.93401422873536,63,63,63,63,61,63,0,7817,1.11627530284214,27,-88,0.001869,51,2025-06-05 06:39:52.0007,612,1.037,0.0011,"aoml_navis",1030.03591447428
"7901009",72,0,1,0.031773,1,0.009345,1,122.677936119707,1,4.85414297225423,614,1,7.46299982070923,34.8759994506836,0.0317730009555817,0,118.298202514648,-87.6085,26.9886,9.93401422873536,63,63,63,63,61,63,0,7817,1.11627530284214,27,-88,0.001869,51,2025-06-05 06:39:52.0007,614,1.037,0.0011,"aoml_navis",1030.04794637889
"7901009",72,0,1,0.029904,1,0.007476,1,122.805593920575,1,4.85409147548048,616,1,7.44600009918213,34.875,0.0299040004611015,0,118.42130279541,-87.6085,26.9886,9.93401422873536,63,63,63,63,61,63,0,7817,1.11627530284214,27,-88,0.001869,51,2025-06-05 06:39:52.0007,616,1.037,0.0011,"aoml_navis",1030.05887409756
"7901009",72,0,1,0.028035,1,0.005607,1,122.878185201824,1,4.85403482393303,618,1,7.42700004577637,34.875,0.0280349999666214,0,118.491302490234,-87.6085,26.9886,9.93401422873536,63,63,63,63,61,63,0,7817,1.11627530284214,27,-88,0.001869,51,2025-06-05 06:39:52.0007,618,1.037,0.0011,"aoml_navis",1030.07089593739
"7901009",72,0,1,0.026166,1,0.003738,1,122.987590350284,1,4.85398262049216,620,1,7.41400003433228,34.875,0.0261659994721413,0,118.596801757812,-87.6085,26.9886,9.93401422873536,63,63,63,63,61,63,0,7817,1.11627530284214,27,-88,0.001869,51,2025-06-05 06:39:52.0007,620,1.037,0.0011,"aoml_navis",1030.08197410749
"7901009",72,0,1,0.033642,1,0.011214,1,123.111822317388,1,4.85392968434832,622,1,7.40000009536743,34.875,0.0336420014500618,0,118.716598510742,-87.6085,26.9886,9.93401422873536,63,63,63,63,61,63,0,7817,1.11627530284214,27,-88,0.001869,51,2025-06-05 06:39:52.0007,622,1.037,0.0011,"aoml_navis",1030.0932080089
"7901009",72,0,1,0.028035,1,0.005607,1,123.296105273558,1,4.85387084745049,624,1,7.3730001449585,34.8740005493164,0.0280349999666214,0,118.894302368164,-87.6085,26.9886,9.93401422873536,63,63,63,63,61,63,0,7817,1.11627530284214,27,-88,0.001869,51,2025-06-05 06:39:52.0007,624,1.037,0.0011,"aoml_navis",1030.10569443278
"7901009",72,0,1,0.026166,1,0.003738,1,123.462958410372,1,4.85379509744176,626,1,7.33300018310547,34.875,0.0261659994721413,0,119.055198669434,-87.6085,26.9886,9.93401422873536,63,63,63,63,61,63,0,7817,1.11627530284214,27,-88,0.001869,51,2025-06-05 06:39:52.0007,626,1.037,0.0011,"aoml_navis",1030.1217706193
"7901009",72,0,1,0.029904,1,0.007476,1,123.573819340385,1,4.85373335925444,628,1,7.31699991226196,34.8769989013672,0.0299040004611015,0,119.162101745605,-87.6085,26.9886,9.93401422873536,63,63,63,63,61,63,0,7817,1.11627530284214,27,-88,0.001869,51,2025-06-05 06:39:52.0007,628,1.037,0.0011,"aoml_navis",1030.13487349211
"7901009",72,0,1,0.031773,1,0.009345,1,123.812749487791,1,4.85367973708114,630,1,7.30200004577637,34.8769989013672,0.0317730009555817,0,119.392501831055,-87.6085,26.9886,9.93401422873536,63,63,63,63,61,63,0,7817,1.11627530284214,27,-88,0.001869,51,2025-06-05 06:39:52.0007,630,1.037,0.0011,"aoml_navis",1030.14625415043
"7901009",72,0,1,0.028035,1,0.005607,1,123.963011462014,1,4.85362542220987,632,1,7.27600002288818,34.875,0.0280349999666214,0,119.537399291992,-87.6085,26.9886,9.93401422873536,63,63,63,63,61,63,0,7817,1.11627530284214,27,-88,0.001869,51,2025-06-05 06:39:52.0007,632,1.037,0.0011,"aoml_navis",1030.15778208189
"7901009",72,0,1,0.031773,1,0.009345,1,124.091191445395,1,4.85357550835992,634,1,7.26100015640259,34.8740005493164,0.0317730009555817,0,119.661003112793,-87.6085,26.9886,9.93401422873536,63,63,63,63,61,63,0,7817,1.11627530284214,27,-88,0.001869,51,2025-06-05 06:39:52.0007,634,1.037,0.0011,"aoml_navis",1030.16837615648
"7901009",72,0,1,0.031773,1,0.009345,1,124.133084724328,1,4.85352997653249,636,1,7.25699996948242,34.8740005493164,0.0317730009555817,0,119.701400756836,-87.6085,26.9886,9.93401422873536,63,63,63,63,61,63,0,7817,1.11627530284214,27,-88,0.001869,51,2025-06-05 06:39:52.0007,636,1.037,0.0011,"aoml_navis",1030.17804034913
"7901009",72,0,1,0.026166,1,0.003738,1,124.289573329433,1,4.85348959880609,638,1,7.25500011444092,34.8730010986328,0.0261659994721413,0,119.85230255127,-87.6085,26.9886,9.93401422873536,63,63,63,63,61,63,0,7817,1.11627530284214,27,-88,0.001869,51,2025-06-05 06:39:52.0007,638,1.037,0.0011,"aoml_navis",1030.18661072848
"7901009",72,0,1,0.031773,1,0.009345,1,124.498011182786,1,4.85344775634989,640,1,7.25099992752075,34.8720016479492,0.0317730009555817,0,120.053298950195,-87.6085,26.9886,9.93401422873536,63,63,63,63,61,63,0,7817,1.11627530284214,27,-88,0.001869,51,2025-06-05 06:39:52.0007,640,1.037,0.0011,"aoml_navis",1030.1954921547
"7901009",72,0,1,0.031773,1,0.009345,1,124.937190412309,1,4.85339136105208,642,1,7.21199989318848,34.8680000305176,0.0317730009555817,0,120.47679901123,-87.6085,26.9886,9.93401422873536,63,63,63,63,61,63,0,7817,1.11627530284214,27,-88,0.001869,51,2025-06-05 06:39:52.0007,642,1.037,0.0011,"aoml_navis",1030.20746279075
"7901009",72,0,1,0.029904,1,0.007476,1,125.222784687978,1,4.85333789850787,644,1,7.18200016021729,34.8650016784668,0.0299040004611015,0,120.752197265625,-87.6085,26.9886,9.93401422873536,63,63,63,63,61,63,0,7817,1.11627530284214,27,-88,0.001869,51,2025-06-05 06:39:52.0007,644,1.037,0.0011,"aoml_navis",1030.21881116854
"7901009",72,0,1,0.033642,1,0.011214,1,125.432994797135,1,4.85328659060666,646,1,7.16499996185303,34.8639984130859,0.0336420014500618,0,120.954902648926,-87.6085,26.9886,9.93401422873536,63,63,63,63,61,63,0,7817,1.11627530284214,27,-88,0.001869,51,2025-06-05 06:39:52.0007,646,1.037,0.0011,"aoml_navis",1030.22970242007
"7901009",72,0,1,0.028035,1,0.005607,1,125.678452225962,1,4.85323892315421,648,1,7.15299987792969,34.8629989624023,0.0280349999666214,0,121.191596984863,-87.6085,26.9886,9.93401422873536,63,63,63,63,61,63,0,7817,1.11627530284214,27,-88,0.001869,51,2025-06-05 06:39:52.0007,648,1.037,0.0011,"aoml_navis",1030.23982111114
"7901009",72,0,1,0.031773,1,0.009345,1,126.019532349631,1,4.85318912095424,650,1,7.13299989700317,34.8610000610352,0.0317730009555817,0,121.520500183105,-87.6085,26.9886,9.93401422873536,63,63,63,63,61,63,0,7817,1.11627530284214,27,-88,0.001869,51,2025-06-05 06:39:52.0007,650,1.037,0.0011,"aoml_navis",1030.25039317176
"7901009",72,0,1,0.035511,1,0.013083,1,126.353143680984,1,4.85311737681412,651.900024414062,1,7.09000015258789,34.8610000610352,0.0355109982192516,0,121.84220123291,-87.6085,26.9886,9.93401422873536,63,63,63,63,61,63,0,7817,1.11627530284214,27,-88,0.001869,51,2025-06-05 06:39:52.0007,651.900024414062,1.037,0.0011,"aoml_navis",1030.26562347072
"7901009",72,0,1,0.028035,1,0.005607,1,126.585024364456,1,4.85306615970721,654,1,7.07600021362305,34.8600006103516,0.0280349999666214,0,122.065803527832,-87.6085,26.9886,9.93401422873536,63,63,63,63,61,63,0,7817,1.11627530284214,27,-88,0.001869,51,2025-06-05 06:39:52.0007,654,1.037,0.0011,"aoml_navis",1030.27649643698
"7901009",72,0,1,0.029904,1,0.007476,1,126.770027299547,1,4.85301707930145,656,1,7.06199979782104,34.859001159668,0.0299040004611015,0,122.244201660156,-87.6085,26.9886,9.93401422873536,63,63,63,63,61,63,0,7817,1.11627530284214,27,-88,0.001869,51,2025-06-05 06:39:52.0007,656,1.037,0.0011,"aoml_navis",1030.28691601467
"7901009",72,0,1,0.033642,1,0.011214,1,127.053960085399,1,4.85296873081636,658,1,7.04899978637695,34.8580017089844,0.0336420014500618,0,122.517997741699,-87.6085,26.9886,9.93401422873536,63,63,63,63,61,63,0,7817,1.11627530284214,27,-88,0.001869,51,2025-06-05 06:39:52.0007,658,1.037,0.0011,"aoml_navis",1030.29718041454
"7901009",72,0,1,0.026166,1,0.003738,1,127.372222415595,1,4.85290520551292,660,1,7.0149998664856,34.8569984436035,0.0261659994721413,0,122.824897766113,-87.6085,26.9886,9.93401422873536,63,63,63,63,61,63,0,7817,1.11627530284214,27,-88,0.001869,51,2025-06-05 06:39:52.0007,660,1.037,0.0011,"aoml_navis",1030.31066716901
"7901009",72,0,1,0.029904,1,0.007476,1,127.558372569844,1,4.85284524559527,662,1,6.99100017547607,34.8569984436035,0.0299040004611015,0,123.004402160645,-87.6085,26.9886,9.93401422873536,63,63,63,63,61,63,0,7817,1.11627530284214,27,-88,0.001869,51,2025-06-05 06:39:52.0007,662,1.037,0.0011,"aoml_navis",1030.32339729735
"7901009",72,0,1,0.029904,1,0.007476,1,127.82540563071,1,4.85279468645236,664,1,6.98000001907349,34.8569984436035,0.0299040004611015,0,123.261901855469,-87.6085,26.9886,9.93401422873536,63,63,63,63,61,63,0,7817,1.11627530284214,27,-88,0.001869,51,2025-06-05 06:39:52.0007,664,1.037,0.0011,"aoml_navis",1030.33413178567
"7901009",72,0,1,0.039249,1,0.016821,1,128.131531173392,1,4.85274934172924,666,1,6.96600008010864,34.8549995422363,0.0392489992082119,0,123.557098388672,-87.6085,26.9886,9.93401422873536,63,63,63,63,61,63,0,7817,1.11627530284214,27,-88,0.001869,51,2025-06-05 06:39:52.0007,666,1.037,0.0011,"aoml_navis",1030.34375936225
"7901009",72,0,1,0.031773,1,0.009345,1,128.38539890543,1,4.85268959916261,668,1,6.93200016021729,34.8530006408691,0.0317730009555817,0,123.801902770996,-87.6085,26.9886,9.93401422873536,63,63,63,63,61,63,0,7817,1.11627530284214,27,-88,0.001869,51,2025-06-05 06:39:52.0007,668,1.037,0.0011,"aoml_navis",1030.35644415889
"7901009",72,0,1,0.029904,1,0.007476,1,128.613023010231,1,4.85263474689196,670,1,6.91499996185303,34.8530006408691,0.0299040004611015,0,124.02140045166,-87.6085,26.9886,9.93401422873536,63,63,63,63,61,63,0,7817,1.11627530284214,27,-88,0.001869,51,2025-06-05 06:39:52.0007,670,1.037,0.0011,"aoml_navis",1030.36809090205
"7901009",72,0,1,0.028035,1,0.005607,1,128.757794156204,1,4.85258134229465,672,1,6.90000009536743,34.8530006408691,0.0280349999666214,0,124.161003112793,-87.6085,26.9886,9.93401422873536,63,63,63,63,61,63,0,7817,1.11627530284214,27,-88,0.001869,51,2025-06-05 06:39:52.0007,672,1.037,0.0011,"aoml_navis",1030.37943051474
"7901009",72,0,1,0.033642,1,0.011214,1,128.90639464061,1,4.85253153601537,674,1,6.8899998664856,34.8530006408691,0.0336420014500618,0,124.304298400879,-87.6085,26.9886,9.93401422873536,63,63,63,63,61,63,0,7817,1.11627530284214,27,-88,0.001869,51,2025-06-05 06:39:52.0007,674,1.037,0.0011,"aoml_navis",1030.39000630704
"7901009",72,0,1,0.029904,1,0.007476,1,129.081547314648,1,4.852486856811,676,1,6.88199996948242,34.8520011901855,0.0299040004611015,0,124.473197937012,-87.6085,26.9886,9.93401422873536,63,63,63,63,61,63,0,7817,1.11627530284214,27,-88,0.001869,51,2025-06-05 06:39:52.0007,676,1.037,0.0011,"aoml_navis",1030.39949360851
"7901009",72,0,1,0.033642,1,0.011214,1,129.279826344555,1,4.85242763012347,678,1,6.86399984359741,34.8530006408691,0.0336420014500618,0,124.664398193359,-87.6085,26.9886,9.93401422873536,63,63,63,63,61,63,0,7817,1.11627530284214,27,-88,0.001869,51,2025-06-05 06:39:52.0007,678,1.037,0.0011,"aoml_navis",1030.41207023066
"7901009",72,0,1,0.031773,1,0.009345,1,129.392451618515,1,4.8523764033739,680,1,6.85200023651123,34.8530006408691,0.0317730009555817,0,124.773002624512,-87.6085,26.9886,9.93401422873536,63,63,63,63,61,63,0,7817,1.11627530284214,27,-88,0.001869,51,2025-06-05 06:39:52.0007,680,1.037,0.0011,"aoml_navis",1030.42294833588
"7901009",72,0,1,0.031773,1,0.009345,1,129.542088556092,1,4.85233245146862,682,1,6.84499979019165,34.8520011901855,0.0317730009555817,0,124.917297363281,-87.6085,26.9886,9.93401422873536,63,63,63,63,61,63,0,7817,1.11627530284214,27,-88,0.001869,51,2025-06-05 06:39:52.0007,682,1.037,0.0011,"aoml_navis",1030.43228179608
"7901009",72,0,1,0.035511,1,0.013083,1,129.708846750631,1,4.8522820550363,684,1,6.8289999961853,34.851001739502,0.0355109982192516,0,125.078102111816,-87.6085,26.9886,9.93401422873536,63,63,63,63,61,63,0,7817,1.11627530284214,27,-88,0.001869,51,2025-06-05 06:39:52.0007,684,1.037,0.0011,"aoml_navis",1030.44298399974
"7901009",72,0,1,0.035511,1,0.013083,1,129.847905536379,1,4.85223454418473,686,1,6.81699991226196,34.8499984741211,0.0355109982192516,0,125.212196350098,-87.6085,26.9886,9.93401422873536,63,63,63,63,61,63,0,7817,1.11627530284214,27,-88,0.001869,51,2025-06-05 06:39:52.0007,686,1.037,0.0011,"aoml_navis",1030.45307362406
"7901009",72,0,1,0.029904,1,0.007476,1,129.851228516012,1,4.85218476819067,688,1,6.80700016021729,34.8499984741211,0.0299040004611015,0,125.215400695801,-87.6085,26.9886,9.93401422873536,63,63,63,63,61,63,0,7817,1.11627530284214,27,-88,0.001869,51,2025-06-05 06:39:52.0007,688,1.037,0.0011,"aoml_navis",1030.46364449647
"7901009",72,0,1,0.031773,1,0.009345,1,129.775939291775,1,4.85213928711149,690,1,6.80299997329712,34.8499984741211,0.0317730009555817,0,125.142799377441,-87.6085,26.9886,9.93401422873536,63,63,63,63,61,63,0,7817,1.11627530284214,27,-88,0.001869,51,2025-06-05 06:39:52.0007,690,1.037,0.0011,"aoml_navis",1030.4733034522
"7901009",72,0,1,0.029904,1,0.007476,1,129.700238651013,1,4.85209071329102,692,1,6.80499982833862,34.8520011901855,0.0299040004611015,0,125.069801330566,-87.6085,26.9886,9.93401422873536,63,63,63,63,61,63,0,7817,1.11627530284214,27,-88,0.001869,51,2025-06-05 06:39:52.0007,692,1.037,0.0011,"aoml_navis",1030.48361942282
"7901009",72,0,1,0.029904,1,0.007476,1,129.582953293711,1,4.85204502226464,694,1,6.81099987030029,34.8540000915527,0.0299040004611015,0,124.956703186035,-87.6085,26.9886,9.93401422873536,63,63,63,63,61,63,0,7817,1.11627530284214,27,-88,0.001869,51,2025-06-05 06:39:52.0007,694,1.037,0.0011,"aoml_navis",1030.49332334231
"7901009",72,0,1,0.031773,1,0.009345,1,129.541257811184,1,4.85199636884835,696,1,6.81799983978271,34.8569984436035,0.0317730009555817,0,124.916496276855,-87.6085,26.9886,9.93401422873536,63,63,63,63,61,63,0,7817,1.11627530284214,27,-88,0.001869,51,2025-06-05 06:39:52.0007,696,1.037,0.0011,"aoml_navis",1030.50365661893
"7901009",72,0,1,0.029904,1,0.007476,1,129.599647310434,1,4.85195293113064,698,1,6.82200002670288,34.8580017089844,0.0299040004611015,0,124.972801208496,-87.6085,26.9886,9.93401422873536,63,63,63,63,61,63,0,7817,1.11627530284214,27,-88,0.001869,51,2025-06-05 06:39:52.0007,698,1.037,0.0011,"aoml_navis",1030.51288233228
"7901009",72,0,1,0.029904,1,0.007476,1,129.88887312813,1,4.85190305627781,700,1,6.81699991226196,34.859001159668,0.0299040004611015,0,125.25170135498,-87.6085,26.9886,9.93401422873536,63,63,63,63,61,63,0,7817,1.11627530284214,27,-88,0.001869,51,2025-06-05 06:39:52.0007,700,1.037,0.0011,"aoml_navis",1030.523475429
"7901009",72,0,1,0.033642,1,0.011214,1,130.262921956863,1,4.85184970153333,702,1,6.80200004577637,34.859001159668,0.0336420014500618,0,125.612396240234,-87.6085,26.9886,9.93401422873536,63,63,63,63,61,63,0,7817,1.11627530284214,27,-88,0.001869,51,2025-06-05 06:39:52.0007,702,1.037,0.0011,"aoml_navis",1030.53480787335
"7901009",72,0,1,0.028035,1,0.005607,1,130.580147833887,1,4.85179311768378,704,1,6.76700019836426,34.8559989929199,0.0280349999666214,0,125.918296813965,-87.6085,26.9886,9.93401422873536,63,63,63,63,61,63,0,7817,1.11627530284214,27,-88,0.001869,51,2025-06-05 06:39:52.0007,704,1.037,0.0011,"aoml_navis",1030.54682644568
"7901009",72,0,1,0.03738,1,0.014952,1,130.6561649489,1,4.85173978976557,706,1,6.7519998550415,34.8559989929199,0.0373799987137318,0,125.991600036621,-87.6085,26.9886,9.93401422873536,63,63,63,63,61,63,0,7817,1.11627530284214,27,-88,0.001869,51,2025-06-05 06:39:52.0007,706,1.037,0.0011,"aoml_navis",1030.55815370544
"7901009",72,0,1,0.026166,1,0.003738,1,130.691530946414,1,4.85169278316431,708,1,6.75099992752075,34.8569984436035,0.0261659994721413,0,126.025703430176,-87.6085,26.9886,9.93401422873536,63,63,63,63,61,63,0,7817,1.11627530284214,27,-88,0.001869,51,2025-06-05 06:39:52.0007,708,1.037,0.0011,"aoml_navis",1030.56813847536
"7901009",72,0,1,0.028035,1,0.005607,1,130.795128792374,1,4.85165029281988,710,1,6.74599981307983,34.8559989929199,0.0280349999666214,0,126.125602722168,-87.6085,26.9886,9.93401422873536,63,63,63,63,61,63,0,7817,1.11627530284214,27,-88,0.001869,51,2025-06-05 06:39:52.0007,710,1.037,0.0011,"aoml_navis",1030.57716410428
"7901009",72,0,1,0.028035,1,0.005607,1,131.03674897091,1,4.85160340362297,712,1,6.73999977111816,34.8559989929199,0.0280349999666214,0,126.358596801758,-87.6085,26.9886,9.93401422873536,63,63,63,63,61,63,0,7817,1.11627530284214,27,-88,0.001869,51,2025-06-05 06:39:52.0007,712,1.037,0.0011,"aoml_navis",1030.58712430332
"7901009",72,0,1,0.029904,1,0.007476,1,131.484749920171,1,4.8515353309181,714,1,6.72499990463257,34.8600006103516,0.0299040004611015,0,126.790603637695,-87.6085,26.9886,9.93401422873536,63,63,63,63,61,63,0,7817,1.11627530284214,27,-88,0.001869,51,2025-06-05 06:39:52.0007,714,1.037,0.0011,"aoml_navis",1030.60158464389
"7901009",72,0,1,0.031773,1,0.009345,1,131.939483859115,1,4.85146135882566,716,1,6.68100023269653,34.8600006103516,0.0317730009555817,0,127.229103088379,-87.6085,26.9886,9.93401422873536,63,63,63,63,61,63,0,7817,1.11627530284214,27,-88,0.001869,51,2025-06-05 06:39:52.0007,716,1.037,0.0011,"aoml_navis",1030.6172986216
"7901009",72,0,1,0.024297,1,0.001869,1,132.203091086218,1,4.85140594298187,718,1,6.66300010681152,34.8600006103516,0.0242970008403063,0,127.483299255371,-87.6085,26.9886,9.93401422873536,63,63,63,63,61,63,0,7817,1.11627530284214,27,-88,0.001869,51,2025-06-05 06:39:52.0007,718,1.037,0.0011,"aoml_navis",1030.62907098778
"7901009",72,0,1,0.033642,1,0.011214,1,132.415888372375,1,4.85136075459621,720,1,6.64900016784668,34.8580017089844,0.0336420014500618,0,127.688499450684,-87.6085,26.9886,9.93401422873536,63,63,63,63,61,63,0,7817,1.11627530284214,27,-88,0.001869,51,2025-06-05 06:39:52.0007,720,1.037,0.0011,"aoml_navis",1030.63867086424
"7901009",72,0,1,0.031773,1,0.009345,1,132.67027037507,1,4.85130677955243,722,1,6.63299989700317,34.8580017089844,0.0317730009555817,0,127.933799743652,-87.6085,26.9886,9.93401422873536,63,63,63,63,61,63,0,7817,1.11627530284214,27,-88,0.001869,51,2025-06-05 06:39:52.0007,722,1.037,0.0011,"aoml_navis",1030.6501376236
"7901009",72,0,1,0.028035,1,0.005607,1,132.817217281517,1,4.85125381803562,724,1,6.60799980163574,34.8559989929199,0.0280349999666214,0,128.075500488281,-87.6085,26.9886,9.93401422873536,63,63,63,63,61,63,0,7817,1.11627530284214,27,-88,0.001869,51,2025-06-05 06:39:52.0007,724,1.037,0.0011,"aoml_navis",1030.66138931164
"7901009",72,0,1,0.029904,1,0.007476,1,132.80362471245,1,4.85120155279871,726,1,6.6100001335144,34.859001159668,0.0299040004611015,0,128.062393188477,-87.6085,26.9886,9.93401422873536,63,63,63,63,61,63,0,7817,1.11627530284214,27,-88,0.001869,51,2025-06-05 06:39:52.0007,726,1.037,0.0011,"aoml_navis",1030.67249331569
"7901009",72,0,1,0.031773,1,0.009345,1,133.083941779989,1,4.85115370175557,728,1,6.61299991607666,34.8610000610352,0.0317730009555817,0,128.332702636719,-87.6085,26.9886,9.93401422873536,63,63,63,63,61,63,0,7817,1.11627530284214,27,-88,0.001869,51,2025-06-05 06:39:52.0007,728,1.037,0.0011,"aoml_navis",1030.68265971259
"7901009",72,0,1,0.029904,1,0.007476,1,133.530898364222,1,4.85110357474859,730,1,6.59200000762939,34.859001159668,0.0299040004611015,0,128.763702392578,-87.6085,26.9886,9.93401422873536,63,63,63,63,61,63,0,7817,1.11627530284214,27,-88,0.001869,51,2025-06-05 06:39:52.0007,730,1.037,0.0011,"aoml_navis",1030.69330987416
"7901009",72,0,1,0.031773,1,0.009345,1,133.883165852653,1,4.85105742502168,732,1,6.58699989318848,34.859001159668,0.0317730009555817,0,129.103393554688,-87.6085,26.9886,9.93401422873536,63,63,63,63,61,63,0,7817,1.11627530284214,27,-88,0.001869,51,2025-06-05 06:39:52.0007,732,1.037,0.0011,"aoml_navis",1030.70311520331
"7901009",72,0,1,0.029904,1,0.007476,1,134.229024737507,1,4.85098697901742,734,1,6.53200006484985,34.8559989929199,0.0299040004611015,0,129.436904907227,-87.6085,26.9886,9.93401422873536,63,63,63,63,61,63,0,7817,1.11627530284214,27,-88,0.001869,51,2025-06-05 06:39:52.0007,734,1.037,0.0011,"aoml_navis",1030.71808306786
"7901009",72,0,1,0.033642,1,0.011214,1,134.003568481324,1,4.85092867880893,736,1,6.5149998664856,34.8569984436035,0.0336420014500618,0,129.219497680664,-87.6085,26.9886,9.93401422873536,63,63,63,63,61,63,0,7817,1.11627530284214,27,-88,0.001869,51,2025-06-05 06:39:52.0007,736,1.037,0.0011,"aoml_navis",1030.73047060912
"7901009",72,0,1,0.029904,1,0.007476,1,133.799173586523,1,4.85088174412459,738,1,6.53499984741211,34.8619995117188,0.0299040004611015,0,129.022399902344,-87.6085,26.9886,9.93401422873536,63,63,63,63,61,63,0,7817,1.11627530284214,27,-88,0.001869,51,2025-06-05 06:39:52.0007,738,1.037,0.0011,"aoml_navis",1030.74044343712
"7901009",72,0,1,0.031773,1,0.009345,1,134.015088144048,1,4.85081417880733,740,1,6.5310001373291,34.8680000305176,0.0317730009555817,0,129.230606079102,-87.6085,26.9886,9.93401422873536,63,63,63,63,61,63,0,7817,1.11627530284214,27,-88,0.001869,51,2025-06-05 06:39:52.0007,740,1.037,0.0011,"aoml_navis",1030.75480026517
"7901009",72,0,1,0.029904,1,0.007476,1,134.548315609017,1,4.85075815136858,742,1,6.51200008392334,34.8680000305176,0.0299040004611015,0,129.74479675293,-87.6085,26.9886,9.93401422873536,63,63,63,63,61,63,0,7817,1.11627530284214,27,-88,0.001869,51,2025-06-05 06:39:52.0007,742,1.037,0.0011,"aoml_navis",1030.7667057343
"7901009",72,0,1,0.028035,1,0.005607,1,135.25017637846,1,4.85070105008165,744,1,6.48099994659424,34.8660011291504,0.0280349999666214,0,130.421600341797,-87.6085,26.9886,9.93401422873536,63,63,63,63,61,63,0,7817,1.11627530284214,27,-88,0.001869,51,2025-06-05 06:39:52.0007,744,1.037,0.0011,"aoml_navis",1030.77883967222
"7901009",72,0,1,0.031773,1,0.009345,1,135.557029811918,1,4.85063889470677,746,1,6.44799995422363,34.8650016784668,0.0317730009555817,0,130.717498779297,-87.6085,26.9886,9.93401422873536,63,63,63,63,61,63,0,7817,1.11627530284214,27,-88,0.001869,51,2025-06-05 06:39:52.0007,746,1.037,0.0011,"aoml_navis",1030.79204792099
"7901009",72,0,1,0.031773,1,0.009345,1,135.84210981693,1,4.85059206330313,748,1,6.44199991226196,34.8650016784668,0.0317730009555817,0,130.992401123047,-87.6085,26.9886,9.93401422873536,63,63,63,63,61,63,0,7817,1.11627530284214,27,-88,0.001869,51,2025-06-05 06:39:52.0007,748,1.037,0.0011,"aoml_navis",1030.80199999237
"7901009",72,0,1,0.033642,1,0.011214,1,136.191687274229,1,4.85053680109761,750,1,6.42399978637695,34.8650016784668,0.0336420014500618,0,131.329498291016,-87.6085,26.9886,9.93401422873536,63,63,63,63,61,63,0,7817,1.11627530284214,27,-88,0.001869,51,2025-06-05 06:39:52.0007,750,1.037,0.0011,"aoml_navis",1030.813743928
"7901009",72,0,1,0.031773,1,0.009345,1,136.409152555583,1,4.85047874434853,752,1,6.40199995040894,34.8650016784668,0.0317730009555817,0,131.539199829102,-87.6085,26.9886,9.93401422873536,63,63,63,63,61,63,0,7817,1.11627530284214,27,-88,0.001869,51,2025-06-05 06:39:52.0007,752,1.037,0.0011,"aoml_navis",1030.82608202864
"7901009",72,0,1,0.031773,1,0.009345,1,136.531628090596,1,4.85042543006438,754,1,6.39200019836426,34.8660011291504,0.0317730009555817,0,131.657302856445,-87.6085,26.9886,9.93401422873536,63,63,63,63,61,63,0,7817,1.11627530284214,27,-88,0.001869,51,2025-06-05 06:39:52.0007,754,1.037,0.0011,"aoml_navis",1030.83741253056
"7901009",72,0,1,0.029904,1,0.007476,1,136.677127127345,1,4.85037650693651,756,1,6.38299989700317,34.8660011291504,0.0299040004611015,0,131.797607421875,-87.6085,26.9886,9.93401422873536,63,63,63,63,61,63,0,7817,1.11627530284214,27,-88,0.001869,51,2025-06-05 06:39:52.0007,756,1.037,0.0011,"aoml_navis",1030.84781003073
"7901009",72,0,1,0.028035,1,0.005607,1,136.745564684055,1,4.85033547924659,758,1,6.38000011444092,34.8650016784668,0.0280349999666214,0,131.86360168457,-87.6085,26.9886,9.93401422873536,63,63,63,63,61,63,0,7817,1.11627530284214,27,-88,0.001869,51,2025-06-05 06:39:52.0007,758,1.037,0.0011,"aoml_navis",1030.85652969651
"7901009",72,0,1,0.029904,1,0.007476,1,136.779158425764,1,4.85028848204816,760,1,6.37900018692017,34.8660011291504,0.0299040004611015,0,131.89599609375,-87.6085,26.9886,9.93401422873536,63,63,63,63,61,63,0,7817,1.11627530284214,27,-88,0.001869,51,2025-06-05 06:39:52.0007,760,1.037,0.0011,"aoml_navis",1030.8665182506
"7901009",72,0,1,0.029904,1,0.007476,1,136.899671820423,1,4.85024605537419,762,1,6.37400007247925,34.8650016784668,0.0299040004611015,0,132.01220703125,-87.6085,26.9886,9.93401422873536,63,63,63,63,61,63,0,7817,1.11627530284214,27,-88,0.001869,51,2025-06-05 06:39:52.0007,762,1.037,0.0011,"aoml_navis",1030.87553557409
"7901009",72,0,1,0.026166,1,0.003738,1,137.01736859425,1,4.85019345357273,764,1,6.36499977111816,34.8660011291504,0.0261659994721413,0,132.125701904297,-87.6085,26.9886,9.93401422873536,63,63,63,63,61,63,0,7817,1.11627530284214,27,-88,0.001869,51,2025-06-05 06:39:52.0007,764,1.037,0.0011,"aoml_navis",1030.8867157282
"7901009",72,0,1,0.029904,1,0.007476,1,137.050139502908,1,4.85014804542515,766,1,6.36100006103516,34.8660011291504,0.0299040004611015,0,132.157302856445,-87.6085,26.9886,9.93401422873536,63,63,63,63,61,63,0,7817,1.11627530284214,27,-88,0.001869,51,2025-06-05 06:39:52.0007,766,1.037,0.0011,"aoml_navis",1030.89636711527
"7901009",72,0,1,0.029904,1,0.007476,1,137.094936433092,1,4.85010333955521,768,1,6.35799980163574,34.8660011291504,0.0299040004611015,0,132.200500488281,-87.6085,26.9886,9.93401422873536,63,63,63,63,61,63,0,7817,1.11627530284214,27,-88,0.001869,51,2025-06-05 06:39:52.0007,768,1.037,0.0011,"aoml_navis",1030.90586941155
"7901009",72,0,1,0.028035,1,0.005607,1,137.047022231539,1,4.85005513175231,770,1,6.34999990463257,34.8660011291504,0.0280349999666214,0,132.154296875,-87.6085,26.9886,9.93401422873536,63,63,63,63,61,63,0,7817,1.11627530284214,27,-88,0.001869,51,2025-06-05 06:39:52.0007,770,1.037,0.0011,"aoml_navis",1030.91611624495
"7901009",72,0,1,0.031773,1,0.009345,1,137.139416889025,1,4.85000604287676,772,1,6.34600019454956,34.867000579834,0.0317730009555817,0,132.243392944336,-87.6085,26.9886,9.93401422873536,63,63,63,63,61,63,0,7817,1.11627530284214,27,-88,0.001869,51,2025-06-05 06:39:52.0007,772,1.037,0.0011,"aoml_navis",1030.92655056452
"7901009",72,0,1,0.033642,1,0.011214,1,137.354809264036,1,4.84995994110811,774,1,6.34100008010864,34.867000579834,0.0336420014500618,0,132.451095581055,-87.6085,26.9886,9.93401422873536,63,63,63,63,61,63,0,7817,1.11627530284214,27,-88,0.001869,51,2025-06-05 06:39:52.0007,774,1.037,0.0011,"aoml_navis",1030.93635013769
"7901009",72,0,1,0.026166,1,0.003738,1,137.699307309613,1,4.84990086617463,776,1,6.32800006866455,34.8689994812012,0.0261659994721413,0,132.783294677734,-87.6085,26.9886,9.93401422873536,63,63,63,63,61,63,0,7817,1.11627530284214,27,-88,0.001869,51,2025-06-05 06:39:52.0007,776,1.037,0.0011,"aoml_navis",1030.9489076101
"7901009",72,0,1,0.028035,1,0.005607,1,138.202264012504,1,4.84984147510595,778,1,6.30399990081787,34.8689994812012,0.0280349999666214,0,133.268295288086,-87.6085,26.9886,9.93401422873536,63,63,63,63,61,63,0,7817,1.11627530284214,27,-88,0.001869,51,2025-06-05 06:39:52.0007,778,1.037,0.0011,"aoml_navis",1030.96153259128
"7901009",72,0,1,0.029904,1,0.007476,1,138.474590105213,1,4.84979068107655,780,1,6.28700017929077,34.8680000305176,0.0299040004611015,0,133.530899047852,-87.6085,26.9886,9.93401422873536,63,63,63,63,61,63,0,7817,1.11627530284214,27,-88,0.001869,51,2025-06-05 06:39:52.0007,780,1.037,0.0011,"aoml_navis",1030.97233031305
"7901009",72,0,1,0.029904,1,0.007476,1,138.742865327514,1,4.84974039908225,782,1,6.27600002288818,34.8680000305176,0.0299040004611015,0,133.789596557617,-87.6085,26.9886,9.93401422873536,63,63,63,63,61,63,0,7817,1.11627530284214,27,-88,0.001869,51,2025-06-05 06:39:52.0007,782,1.037,0.0011,"aoml_navis",1030.9830194099
"7901009",72,0,1,0.029904,1,0.007476,1,138.960647083118,1,4.84968733075647,784,1,6.26100015640259,34.8680000305176,0.0299040004611015,0,133.999603271484,-87.6085,26.9886,9.93401422873536,63,63,63,63,61,63,0,7817,1.11627530284214,27,-88,0.001869,51,2025-06-05 06:39:52.0007,784,1.037,0.0011,"aoml_navis",1030.99430107386
"7901009",72,0,1,0.029904,1,0.007476,1,139.05832686059,1,4.84963566451696,786,1,6.2480001449585,34.8680000305176,0.0299040004611015,0,134.093795776367,-87.6085,26.9886,9.93401422873536,63,63,63,63,61,63,0,7817,1.11627530284214,27,-88,0.001869,51,2025-06-05 06:39:52.0007,786,1.037,0.0011,"aoml_navis",1031.00528490897
"7901009",72,0,1,0.029904,1,0.007476,1,139.150832284064,1,4.84958609441314,788,1,6.23799991607666,34.8680000305176,0.0299040004611015,0,134.182998657227,-87.6085,26.9886,9.93401422873536,63,63,63,63,61,63,0,7817,1.11627530284214,27,-88,0.001869,51,2025-06-05 06:39:52.0007,788,1.037,0.0011,"aoml_navis",1031.01582334215
"7901009",72,0,1,0.029904,1,0.007476,1,139.184948208287,1,4.84953493191022,790,1,6.23099994659424,34.8689994812012,0.0299040004611015,0,134.215896606445,-87.6085,26.9886,9.93401422873536,63,63,63,63,61,63,0,7817,1.11627530284214,27,-88,0.001869,51,2025-06-05 06:39:52.0007,790,1.037,0.0011,"aoml_navis",1031.02670053982
"7901009",72,0,1,0.028035,1,0.005607,1,139.309496649641,1,4.84948356934041,792,1,6.22900009155273,34.8709983825684,0.0280349999666214,0,134.335998535156,-87.6085,26.9886,9.93401422873536,63,63,63,63,61,63,0,7817,1.11627530284214,27,-88,0.001869,51,2025-06-05 06:39:52.0007,792,1.037,0.0011,"aoml_navis",1031.03762050277
"7901009",72,0,1,0.031773,1,0.009345,1,139.452194889272,1,4.8494374902564,794,1,6.22399997711182,34.8709983825684,0.0317730009555817,0,134.473602294922,-87.6085,26.9886,9.93401422873536,63,63,63,63,61,63,0,7817,1.11627530284214,27,-88,0.001869,51,2025-06-05 06:39:52.0007,794,1.037,0.0011,"aoml_navis",1031.04741736461
"7901009",72,0,1,0.031773,1,0.009345,1,139.70958339735,1,4.84939210971549,796,1,6.21999979019165,34.8709983825684,0.0317730009555817,0,134.721801757812,-87.6085,26.9886,9.93401422873536,63,63,63,63,61,63,0,7817,1.11627530284214,27,-88,0.001869,51,2025-06-05 06:39:52.0007,796,1.037,0.0011,"aoml_navis",1031.05706589137
"7901009",72,0,1,0.026166,1,0.003738,1,140.187538634437,1,4.84933837375784,798,1,6.2039999961853,34.8709983825684,0.0261659994721413,0,135.182693481445,-87.6085,26.9886,9.93401422873536,63,63,63,63,61,63,0,7817,1.11627530284214,27,-88,0.001869,51,2025-06-05 06:39:52.0007,798,1.037,0.0011,"aoml_navis",1031.06849112808
"7901009",72,0,1,0.031773,1,0.009345,1,140.724405553289,1,4.84927769371378,800,1,6.17799997329712,34.8709983825684,0.0317730009555817,0,135.700393676758,-87.6085,26.9886,9.93401422873536,63,63,63,63,61,63,0,7817,1.11627530284214,27,-88,0.001869,51,2025-06-05 06:39:52.0007,800,1.037,0.0011,"aoml_navis",1031.0813931076
"7901009",72,0,1,0.028035,1,0.005607,1,141.212329729273,1,4.84921912212021,802,1,6.15500020980835,34.8709983825684,0.0280349999666214,0,136.1708984375,-87.6085,26.9886,9.93401422873536,63,63,63,63,61,63,0,7817,1.11627530284214,27,-88,0.001869,51,2025-06-05 06:39:52.0007,802,1.037,0.0011,"aoml_navis",1031.09384708808
"7901009",72,0,1,0.031773,1,0.009345,1,141.363525302534,1,4.84915894983835,804,1,6.13500022888184,34.8720016479492,0.0317730009555817,0,136.316696166992,-87.6085,26.9886,9.93401422873536,63,63,63,63,61,63,0,7817,1.11627530284214,27,-88,0.001869,51,2025-06-05 06:39:52.0007,804,1.037,0.0011,"aoml_navis",1031.10664173355
"7901009",72,0,1,0.026166,1,0.003738,1,141.465683190653,1,4.84911149888925,806,1,6.12799978256226,34.8720016479492,0.0261659994721413,0,136.41520690918,-87.6085,26.9886,9.93401422873536,63,63,63,63,61,63,0,7817,1.11627530284214,27,-88,0.001869,51,2025-06-05 06:39:52.0007,806,1.037,0.0011,"aoml_navis",1031.1167316209
"7901009",72,0,1,0.026166,1,0.003738,1,141.666549397559,1,4.84906058643694,808,1,6.11600017547607,34.8720016479492,0.0261659994721413,0,136.608901977539,-87.6085,26.9886,9.93401422873536,63,63,63,63,61,63,0,7817,1.11627530284214,27,-88,0.001869,51,2025-06-05 06:39:52.0007,808,1.037,0.0011,"aoml_navis",1031.12755777588
"7901009",72,0,1,0.031773,1,0.009345,1,142.023279172924,1,4.84901037104335,810,1,6.10500001907349,34.8720016479492,0.0317730009555817,0,136.952896118164,-87.6085,26.9886,9.93401422873536,63,63,63,63,61,63,0,7817,1.11627530284214,27,-88,0.001869,51,2025-06-05 06:39:52.0007,810,1.037,0.0011,"aoml_navis",1031.13823592919
"7901009",72,0,1,0.031773,1,0.009345,1,142.345386665265,1,4.84896223647638,812,1,6.09700012207031,34.8720016479492,0.0317730009555817,0,137.26350402832,-87.6085,26.9886,9.93401422873536,63,63,63,63,61,63,0,7817,1.11627530284214,27,-88,0.001869,51,2025-06-05 06:39:52.0007,812,1.037,0.0011,"aoml_navis",1031.14847180855
"7901009",72,0,1,0.029904,1,0.007476,1,142.602458699092,1,4.84890718706228,814,1,6.0789999961853,34.8720016479492,0.0299040004611015,0,137.51139831543,-87.6085,26.9886,9.93401422873536,63,63,63,63,61,63,0,7817,1.11627530284214,27,-88,0.001869,51,2025-06-05 06:39:52.0007,814,1.037,0.0011,"aoml_navis",1031.16017838841
"7901009",72,0,1,0.028035,1,0.005607,1,142.640926144262,1,4.84885975105805,816,1,6.07200002670288,34.8720016479492,0.0280349999666214,0,137.548492431641,-87.6085,26.9886,9.93401422873536,63,63,63,63,61,63,0,7817,1.11627530284214,27,-88,0.001869,51,2025-06-05 06:39:52.0007,816,1.037,0.0011,"aoml_navis",1031.17026614535
"7901009",72,0,1,0.028035,1,0.005607,1,142.71010741546,1,4.84881300846957,818,1,6.06599998474121,34.8720016479492,0.0280349999666214,0,137.615203857422,-87.6085,26.9886,9.93401422873536,63,63,63,63,61,63,0,7817,1.11627530284214,27,-88,0.001869,51,2025-06-05 06:39:52.0007,818,1.037,0.0011,"aoml_navis",1031.18020663332
"7901009",72,0,1,0.031773,1,0.009345,1,142.782801550841,1,4.84875912693964,820,1,6.05499982833862,34.8730010986328,0.0317730009555817,0,137.685302734375,-87.6085,26.9886,9.93401422873536,63,63,63,63,61,63,0,7817,1.11627530284214,27,-88,0.001869,51,2025-06-05 06:39:52.0007,820,1.037,0.0011,"aoml_navis",1031.19166555832
"7901009",72,0,1,0.031773,1,0.009345,1,142.942921697972,1,4.8487140028895,822,1,6.0460000038147,34.8720016479492,0.0317730009555817,0,137.839706420898,-87.6085,26.9886,9.93401422873536,63,63,63,63,61,63,0,7817,1.11627530284214,27,-88,0.001869,51,2025-06-05 06:39:52.0007,822,1.037,0.0011,"aoml_navis",1031.20126223579
"7901009",72,0,1,0.029904,1,0.007476,1,143.087582077957,1,4.84866012932207,824,1,6.03499984741211,34.8730010986328,0.0299040004611015,0,137.979202270508,-87.6085,26.9886,9.93401422873536,63,63,63,63,61,63,0,7817,1.11627530284214,27,-88,0.001869,51,2025-06-05 06:39:52.0007,824,1.037,0.0011,"aoml_navis",1031.21271993529
"7901009",72,0,1,0.033642,1,0.011214,1,143.279428768719,1,4.84861132608336,826,1,6.02600002288818,34.8730010986328,0.0336420014500618,0,138.164199829102,-87.6085,26.9886,9.93401422873536,63,63,63,63,61,63,0,7817,1.11627530284214,27,-88,0.001869,51,2025-06-05 06:39:52.0007,826,1.037,0.0011,"aoml_navis",1031.22309950939
"7901009",72,0,1,0.031773,1,0.009345,1,143.538067350086,1,4.84856459527892,828,1,6.01999998092651,34.8730010986328,0.0317730009555817,0,138.413604736328,-87.6085,26.9886,9.93401422873536,63,63,63,63,61,63,0,7817,1.11627530284214,27,-88,0.001869,51,2025-06-05 06:39:52.0007,828,1.037,0.0011,"aoml_navis",1031.23303850969
"7901009",72,0,1,0.029904,1,0.007476,1,143.828638183347,1,4.84851510786482,830,1,6.01000022888184,34.8730010986328,0.0299040004611015,0,138.693801879883,-87.6085,26.9886,9.93401422873536,63,63,63,63,61,63,0,7817,1.11627530284214,27,-88,0.001869,51,2025-06-05 06:39:52.0007,830,1.037,0.0011,"aoml_navis",1031.24356401189
"7901009",72,0,1,0.031773,1,0.009345,1,144.145444731989,1,4.84846286683829,832,1,5.99599981307983,34.8730010986328,0.0317730009555817,0,138.999298095703,-87.6085,26.9886,9.93401422873536,63,63,63,63,61,63,0,7817,1.11627530284214,27,-88,0.001869,51,2025-06-05 06:39:52.0007,832,1.037,0.0011,"aoml_navis",1031.25467541438
"7901009",72,0,1,0.029904,1,0.007476,1,144.408751308553,1,4.84841269920518,834,1,5.9850001335144,34.8730010986328,0.0299040004611015,0,139.253204345703,-87.6085,26.9886,9.93401422873536,63,63,63,63,61,63,0,7817,1.11627530284214,27,-88,0.001869,51,2025-06-05 06:39:52.0007,834,1.037,0.0011,"aoml_navis",1031.26534604195
"7901009",72,0,1,0.026166,1,0.003738,1,144.723690659116,1,4.84836597819624,836,1,5.97900009155273,34.8730010986328,0.0261659994721413,0,139.556900024414,-87.6085,26.9886,9.93401422873536,63,63,63,63,61,63,0,7817,1.11627530284214,27,-88,0.001869,51,2025-06-05 06:39:52.0007,836,1.037,0.0011,"aoml_navis",1031.27528377306
"7901009",72,0,1,0.029904,1,0.007476,1,145.128239693759,1,4.84831925918938,838,1,5.97300004959106,34.8730010986328,0.0299040004611015,0,139.947006225586,-87.6085,26.9886,9.93401422873536,63,63,63,63,61,63,0,7817,1.11627530284214,27,-88,0.001869,51,2025-06-05 06:39:52.0007,838,1.037,0.0011,"aoml_navis",1031.28522126985
"7901009",72,0,1,0.029904,1,0.007476,1,145.608473545451,1,4.84826566021741,840,1,5.95699977874756,34.8730010986328,0.0299040004611015,0,140.410095214844,-87.6085,26.9886,9.93401422873536,63,63,63,63,61,63,0,7817,1.11627530284214,27,-88,0.001869,51,2025-06-05 06:39:52.0007,840,1.037,0.0011,"aoml_navis",1031.29662242473
"7901009",72,0,1,0.029904,1,0.007476,1,145.998290703725,1,4.84820563597257,842,1,5.93699979782104,34.8740005493164,0.0299040004611015,0,140.785995483398,-87.6085,26.9886,9.93401422873536,63,63,63,63,61,63,0,7817,1.11627530284214,27,-88,0.001869,51,2025-06-05 06:39:52.0007,842,1.037,0.0011,"aoml_navis",1031.30939061272
"7901009",72,0,1,0.031773,1,0.009345,1,146.37006882971,1,4.84815823858933,844,1,5.92999982833862,34.8740005493164,0.0317730009555817,0,141.144500732422,-87.6085,26.9886,9.93401422873536,63,63,63,63,61,63,0,7817,1.11627530284214,27,-88,0.001869,51,2025-06-05 06:39:52.0007,844,1.037,0.0011,"aoml_navis",1031.31947307373
"7901009",72,0,1,0.029904,1,0.007476,1,146.753145086444,1,4.84810329160132,846,1,5.91200017929077,34.8740005493164,0.0299040004611015,0,141.513900756836,-87.6085,26.9886,9.93401422873536,63,63,63,63,61,63,0,7817,1.11627530284214,27,-88,0.001869,51,2025-06-05 06:39:52.0007,846,1.037,0.0011,"aoml_navis",1031.33116174769
"7901009",72,0,1,0.029904,1,0.007476,1,146.978079160114,1,4.8480483559907,848,1,5.89400005340576,34.8740005493164,0.0299040004611015,0,141.730804443359,-87.6085,26.9886,9.93401422873536,63,63,63,63,61,63,0,7817,1.11627530284214,27,-88,0.001869,51,2025-06-05 06:39:52.0007,848,1.037,0.0011,"aoml_navis",1031.34284826626
"7901009",72,0,1,0.028035,1,0.005607,1,147.133309780072,1,4.84799043119136,850,1,5.8769998550415,34.875,0.0280349999666214,0,141.880493164062,-87.6085,26.9886,9.93401422873536,63,63,63,63,61,63,0,7817,1.11627530284214,27,-88,0.001869,51,2025-06-05 06:39:52.0007,850,1.037,0.0011,"aoml_navis",1031.3551709654
"7901009",72,0,1,0.029904,1,0.007476,1,147.429070791044,1,4.84793688700761,852,1,5.86100006103516,34.875,0.0299040004611015,0,142.16569519043,-87.6085,26.9886,9.93401422873536,63,63,63,63,61,63,0,7817,1.11627530284214,27,-88,0.001869,51,2025-06-05 06:39:52.0007,852,1.037,0.0011,"aoml_navis",1031.36656201113
"7901009",72,0,1,0.026166,1,0.003738,1,147.652549083161,1,4.84788103357133,854,1,5.84700012207031,34.8759994506836,0.0261659994721413,0,142.381195068359,-87.6085,26.9886,9.93401422873536,63,63,63,63,61,63,0,7817,1.11627530284214,27,-88,0.001869,51,2025-06-05 06:39:52.0007,854,1.037,0.0011,"aoml_navis",1031.37844459781
"7901009",72,0,1,0.033642,1,0.011214,1,147.76994520645,1,4.84783639215183,856,1,5.8439998626709,34.8759994506836,0.0336420014500618,0,142.494400024414,-87.6085,26.9886,9.93401422873536,63,63,63,63,61,63,0,7817,1.11627530284214,27,-88,0.001869,51,2025-06-05 06:39:52.0007,856,1.037,0.0011,"aoml_navis",1031.38794207134
"7901009",72,0,1,0.029904,1,0.007476,1,147.966982074922,1,4.84779106903072,858,1,5.84000015258789,34.8759994506836,0.0299040004611015,0,142.68440246582,-87.6085,26.9886,9.93401422873536,63,63,63,63,61,63,0,7817,1.11627530284214,27,-88,0.001869,51,2025-06-05 06:39:52.0007,858,1.037,0.0011,"aoml_navis",1031.397584756
"7901009",72,0,1,0.029904,1,0.007476,1,148.064155493593,1,4.84774506356739,860,1,5.83500003814697,34.8759994506836,0.0299040004611015,0,142.778106689453,-87.6085,26.9886,9.93401422873536,63,63,63,63,61,63,0,7817,1.11627530284214,27,-88,0.001869,51,2025-06-05 06:39:52.0007,860,1.037,0.0011,"aoml_navis",1031.40737279624
"7901009",72,0,1,0.033642,1,0.011214,1,148.254340694539,1,4.8476983762495,862,1,5.8289999961853,34.8759994506836,0.0336420014500618,0,142.961502075195,-87.6085,26.9886,9.93401422873536,63,63,63,63,61,63,0,7817,1.11627530284214,27,-88,0.001869,51,2025-06-05 06:39:52.0007,862,1.037,0.0011,"aoml_navis",1031.41730609658
"7901009",72,0,1,0.029904,1,0.007476,1,148.42969907684,1,4.84765313601369,863.900024414062,1,5.82200002670288,34.8759994506836,0.0299040004611015,0,143.130599975586,-87.6085,26.9886,9.93401422873536,63,63,63,63,61,63,0,7817,1.11627530284214,27,-88,0.001869,51,2025-06-05 06:39:52.0007,863.900024414062,1.037,0.0011,"aoml_navis",1031.42693169495
"7901009",72,0,1,0.029904,1,0.007476,1,148.696629283575,1,4.84759749226935,866,1,5.80600023269653,34.8759994506836,0.0299040004611015,0,143.388000488281,-87.6085,26.9886,9.93401422873536,63,63,63,63,61,63,0,7817,1.11627530284214,27,-88,0.001869,51,2025-06-05 06:39:52.0007,866,1.037,0.0011,"aoml_navis",1031.43877105591
"7901009",72,0,1,0.028035,1,0.005607,1,148.904030683757,1,4.84754234795474,868,1,5.79300022125244,34.8769989013672,0.0280349999666214,0,143.587997436523,-87.6085,26.9886,9.93401422873536,63,63,63,63,61,63,0,7817,1.11627530284214,27,-88,0.001869,51,2025-06-05 06:39:52.0007,868,1.037,0.0011,"aoml_navis",1031.45050442098
"7901009",72,0,1,0.031773,1,0.009345,1,149.123473929178,1,4.84749771784301,870,1,5.78999996185303,34.8769989013672,0.0317730009555817,0,143.799606323242,-87.6085,26.9886,9.93401422873536,63,63,63,63,61,63,0,7817,1.11627530284214,27,-88,0.001869,51,2025-06-05 06:39:52.0007,870,1.037,0.0011,"aoml_navis",1031.46000081561
"7901009",72,0,1,0.028035,1,0.005607,1,149.421307846492,1,4.84744967739978,872,1,5.78200006484985,34.8769989013672,0.0280349999666214,0,144.086807250977,-87.6085,26.9886,9.93401422873536,63,63,63,63,61,63,0,7817,1.11627530284214,27,-88,0.001869,51,2025-06-05 06:39:52.0007,872,1.037,0.0011,"aoml_navis",1031.47022305594
"7901009",72,0,1,0.029904,1,0.007476,1,149.86130199721,1,4.8474050506907,874,1,5.77899980545044,34.8769989013672,0.0299040004611015,0,144.511093139648,-87.6085,26.9886,9.93401422873536,63,63,63,63,61,63,0,7817,1.11627530284214,27,-88,0.001869,51,2025-06-05 06:39:52.0007,874,1.037,0.0011,"aoml_navis",1031.47971908961
"7901009",72,0,1,0.028035,1,0.005607,1,150.312625926103,1,4.84735769660864,876,1,5.77199983596802,34.8769989013672,0.0280349999666214,0,144.946304321289,-87.6085,26.9886,9.93401422873536,63,63,63,63,61,63,0,7817,1.11627530284214,27,-88,0.001869,51,2025-06-05 06:39:52.0007,876,1.037,0.0011,"aoml_navis",1031.48979566706
"7901009",72,0,1,0.031773,1,0.009345,1,150.454074092444,1,4.8473110268408,878,1,5.76599979400635,34.8769989013672,0.0317730009555817,0,145.082702636719,-87.6085,26.9886,9.93401422873536,63,63,63,63,61,63,0,7817,1.11627530284214,27,-88,0.001869,51,2025-06-05 06:39:52.0007,878,1.037,0.0011,"aoml_navis",1031.49972682044
"7901009",72,0,1,0.031773,1,0.009345,1,150.640429954957,1,4.84726299518033,880,1,5.75799989700317,34.8769989013672,0.0317730009555817,0,145.262405395508,-87.6085,26.9886,9.93401422873536,63,63,63,63,61,63,0,7817,1.11627530284214,27,-88,0.001869,51,2025-06-05 06:39:52.0007,880,1.037,0.0011,"aoml_navis",1031.50994797921
"7901009",72,0,1,0.033642,1,0.011214,1,150.86338606456,1,4.84721496612133,882,1,5.75,34.8769989013672,0.0336420014500618,0,145.477401733398,-87.6085,26.9886,9.93401422873536,63,63,63,63,61,63,0,7817,1.11627530284214,27,-88,0.001869,51,2025-06-05 06:39:52.0007,882,1.037,0.0011,"aoml_navis",1031.52016878693
"7901009",72,0,1,0.024297,1,0.001869,1,151.103969789926,1,4.84715780413454,884,1,5.73400020599365,34.8779983520508,0.0242970008403063,0,145.709396362305,-87.6085,26.9886,9.93401422873536,63,63,63,63,61,63,0,7817,1.11627530284214,27,-88,0.001869,51,2025-06-05 06:39:52.0007,884,1.037,0.0011,"aoml_navis",1031.53233338826
"7901009",72,0,1,0.026166,1,0.003738,1,151.323507977622,1,4.84711114383324,886,1,5.72800016403198,34.8779983520508,0.0261659994721413,0,145.921096801758,-87.6085,26.9886,9.93401422873536,63,63,63,63,61,63,0,7817,1.11627530284214,27,-88,0.001869,51,2025-06-05 06:39:52.0007,886,1.037,0.0011,"aoml_navis",1031.54226334613
"7901009",72,0,1,0.029904,1,0.007476,1,151.6337951567,1,4.84706380465608,888,1,5.72100019454956,34.8779983520508,0.0299040004611015,0,146.220306396484,-87.6085,26.9886,9.93401422873536,63,63,63,63,61,63,0,7817,1.11627530284214,27,-88,0.001869,51,2025-06-05 06:39:52.0007,888,1.037,0.0011,"aoml_navis",1031.55233797356
"7901009",72,0,1,0.033642,1,0.011214,1,151.876768262658,1,4.84701578673823,890,1,5.71299982070923,34.8779983520508,0.0336420014500618,0,146.454605102539,-87.6085,26.9886,9.93401422873536,63,63,63,63,61,63,0,7817,1.11627530284214,27,-88,0.001869,51,2025-06-05 06:39:52.0007,890,1.037,0.0011,"aoml_navis",1031.56255725025
"7901009",72,0,1,0.031773,1,0.009345,1,152.186011076709,1,4.84695931079923,892,1,5.69799995422363,34.8790016174316,0.0317730009555817,0,146.752807617188,-87.6085,26.9886,9.93401422873536,63,63,63,63,61,63,0,7817,1.11627530284214,27,-88,0.001869,51,2025-06-05 06:39:52.0007,892,1.037,0.0011,"aoml_navis",1031.57457684033
"7901009",72,0,1,0.029904,1,0.007476,1,152.418809535508,1,4.84691470025114,894,1,5.69500017166138,34.8790016174316,0.0299040004611015,0,146.977294921875,-87.6085,26.9886,9.93401422873536,63,63,63,63,61,63,0,7817,1.11627530284214,27,-88,0.001869,51,2025-06-05 06:39:52.0007,894,1.037,0.0011,"aoml_navis",1031.58407135593
"7901009",72,0,1,0.028035,1,0.005607,1,152.804069464572,1,4.84686193195663,896,1,5.67999982833862,34.8790016174316,0.0280349999666214,0,147.34880065918,-87.6085,26.9886,9.93401422873536,63,63,63,63,61,63,0,7817,1.11627530284214,27,-88,0.001869,51,2025-06-05 06:39:52.0007,896,1.037,0.0011,"aoml_navis",1031.59530231998
"7901009",72,0,1,0.033642,1,0.011214,1,153.025886266873,1,4.84680277108767,898,1,5.66099977493286,34.8800010681152,0.0336420014500618,0,147.562698364258,-87.6085,26.9886,9.93401422873536,63,63,63,63,61,63,0,7817,1.11627530284214,27,-88,0.001869,51,2025-06-05 06:39:52.0007,898,1.037,0.0011,"aoml_navis",1031.60789414131
"7901009",72,0,1,0.028035,1,0.005607,1,153.032832876675,1,4.84675680709279,900,1,5.6560001373291,34.8800010681152,0.0280349999666214,0,147.569396972656,-87.6085,26.9886,9.93401422873536,63,63,63,63,61,63,0,7817,1.11627530284214,27,-88,0.001869,51,2025-06-05 06:39:52.0007,900,1.037,0.0011,"aoml_navis",1031.61767734724
"7901009",72,0,1,0.029904,1,0.007476,1,153.206640535148,1,4.84670609437799,902,1,5.64400005340576,34.8800010681152,0.0299040004611015,0,147.736999511719,-87.6085,26.9886,9.93401422873536,63,63,63,63,61,63,0,7817,1.11627530284214,27,-88,0.001869,51,2025-06-05 06:39:52.0007,902,1.037,0.0011,"aoml_navis",1031.62847150972
"7901009",72,0,1,0.028035,1,0.005607,1,153.403772345896,1,4.84664899015103,904,1,5.62799978256226,34.8810005187988,0.0280349999666214,0,147.927093505859,-87.6085,26.9886,9.93401422873536,63,63,63,63,61,63,0,7817,1.11627530284214,27,-88,0.001869,51,2025-06-05 06:39:52.0007,904,1.037,0.0011,"aoml_navis",1031.64062637104
"7901009",72,0,1,0.028035,1,0.005607,1,153.692064564552,1,4.84660167696681,906,1,5.62099981307983,34.8810005187988,0.0280349999666214,0,148.205093383789,-87.6085,26.9886,9.93401422873536,63,63,63,63,61,63,0,7817,1.11627530284214,27,-88,0.001869,51,2025-06-05 06:39:52.0007,906,1.037,0.0011,"aoml_navis",1031.65069738704
"7901009",72,0,1,0.029904,1,0.007476,1,153.90331112688,1,4.8465530111534,908,1,5.61199998855591,34.8810005187988,0.0299040004611015,0,148.408798217773,-87.6085,26.9886,9.93401422873536,63,63,63,63,61,63,0,7817,1.11627530284214,27,-88,0.001869,51,2025-06-05 06:39:52.0007,908,1.037,0.0011,"aoml_navis",1031.66105652687
"7901009",72,0,1,0.026166,1,0.003738,1,154.10501599055,1,4.84650705729922,910,1,5.60699987411499,34.8810005187988,0.0261659994721413,0,148.603302001953,-87.6085,26.9886,9.93401422873536,63,63,63,63,61,63,0,7817,1.11627530284214,27,-88,0.001869,51,2025-06-05 06:39:52.0007,910,1.037,0.0011,"aoml_navis",1031.67083858252
"7901009",72,0,1,0.029904,1,0.007476,1,154.289599597258,1,4.84645975081455,912,1,5.59999990463257,34.8810005187988,0.0299040004611015,0,148.781295776367,-87.6085,26.9886,9.93401422873536,63,63,63,63,61,63,0,7817,1.11627530284214,27,-88,0.001869,51,2025-06-05 06:39:52.0007,912,1.037,0.0011,"aoml_navis",1031.68090876224
"7901009",72,0,1,0.033642,1,0.011214,1,154.533933542495,1,4.84641312360968,914,1,5.5939998626709,34.8810005187988,0.0336420014500618,0,149.016906738281,-87.6085,26.9886,9.93401422873536,63,63,63,63,61,63,0,7817,1.11627530284214,27,-88,0.001869,51,2025-06-05 06:39:52.0007,914,1.037,0.0011,"aoml_navis",1031.69083453536
"7901009",72,0,1,0.029904,1,0.007476,1,154.786654055374,1,4.84635672295045,916,1,5.5789999961853,34.8819999694824,0.0299040004611015,0,149.260604858398,-87.6085,26.9886,9.93401422873536,63,63,63,63,61,63,0,7817,1.11627530284214,27,-88,0.001869,51,2025-06-05 06:39:52.0007,916,1.037,0.0011,"aoml_navis",1031.70284108926
"7901009",72,0,1,0.028035,1,0.005607,1,155.043108964412,1,4.84629695050594,918,1,5.55900001525879,34.882999420166,0.0280349999666214,0,149.507904052734,-87.6085,26.9886,9.93401422873536,63,63,63,63,61,63,0,7817,1.11627530284214,27,-88,0.001869,51,2025-06-05 06:39:52.0007,918,1.037,0.0011,"aoml_navis",1031.71556573272
"7901009",72,0,1,0.028035,1,0.005607,1,155.152308404609,1,4.84625100738666,920,1,5.55399990081787,34.882999420166,0.0280349999666214,0,149.613204956055,-87.6085,26.9886,9.93401422873536,63,63,63,63,61,63,0,7817,1.11627530284214,27,-88,0.001869,51,2025-06-05 06:39:52.0007,920,1.037,0.0011,"aoml_navis",1031.72534653673
"7901009",72,0,1,0.028035,1,0.005607,1,155.289294284015,1,4.84620371492443,922,1,5.54699993133545,34.882999420166,0.0280349999666214,0,149.745300292969,-87.6085,26.9886,9.93401422873536,63,63,63,63,61,63,0,7817,1.11627530284214,27,-88,0.001869,51,2025-06-05 06:39:52.0007,922,1.037,0.0011,"aoml_navis",1031.73541479528
"7901009",72,0,1,0.031773,1,0.009345,1,155.448164357856,1,4.846160478181,924,1,5.5460000038147,34.882999420166,0.0317730009555817,0,149.898498535156,-87.6085,26.9886,9.93401422873536,63,63,63,63,61,63,0,7817,1.11627530284214,27,-88,0.001869,51,2025-06-05 06:39:52.0007,924,1.037,0.0011,"aoml_navis",1031.74461978955
"7901009",72,0,1,0.029904,1,0.007476,1,155.682845838446,1,4.84611386480909,926,1,5.53999996185303,34.882999420166,0.0299040004611015,0,150.124801635742,-87.6085,26.9886,9.93401422873536,63,63,63,63,61,63,0,7817,1.11627530284214,27,-88,0.001869,51,2025-06-05 06:39:52.0007,926,1.037,0.0011,"aoml_navis",1031.75454384355
"7901009",72,0,1,0.031773,1,0.009345,1,156.028372425338,1,4.84606387634585,928,1,5.52899980545044,34.882999420166,0.0317730009555817,0,150.457992553711,-87.6085,26.9886,9.93401422873536,63,63,63,63,61,63,0,7817,1.11627530284214,27,-88,0.001869,51,2025-06-05 06:39:52.0007,928,1.037,0.0011,"aoml_navis",1031.7651866715
"7901009",72,0,1,0.026166,1,0.003738,1,156.386257331718,1,4.84601254249173,930,1,5.51599979400635,34.882999420166,0.0261659994721413,0,150.803100585938,-87.6085,26.9886,9.93401422873536,63,63,63,63,61,63,0,7817,1.11627530284214,27,-88,0.001869,51,2025-06-05 06:39:52.0007,930,1.037,0.0011,"aoml_navis",1031.77611616933
"7901009",72,0,1,0.028035,1,0.005607,1,156.801693080584,1,4.84595550762087,932,1,5.5,34.8839988708496,0.0280349999666214,0,151.203704833984,-87.6085,26.9886,9.93401422873536,63,63,63,63,61,63,0,7817,1.11627530284214,27,-88,0.001869,51,2025-06-05 06:39:52.0007,932,1.037,0.0011,"aoml_navis",1031.78825974297
"7901009",72,0,1,0.029904,1,0.007476,1,157.220024568843,1,4.84589947168939,934,1,5.48000001907349,34.8839988708496,0.0299040004611015,0,151.60710144043,-87.6085,26.9886,9.93401422873536,63,63,63,63,61,63,0,7817,1.11627530284214,27,-88,0.001869,51,2025-06-05 06:39:52.0007,934,1.037,0.0011,"aoml_navis",1031.80019090592
"7901009",72,0,1,0.029904,1,0.007476,1,157.42339092233,1,4.84584649473005,936,1,5.46999979019165,34.8849983215332,0.0299040004611015,0,151.803207397461,-87.6085,26.9886,9.93401422873536,63,63,63,63,61,63,0,7817,1.11627530284214,27,-88,0.001869,51,2025-06-05 06:39:52.0007,936,1.037,0.0011,"aoml_navis",1031.81147100668
"7901009",72,0,1,0.031773,1,0.009345,1,157.547923539972,1,4.84580124378776,938,1,5.46600008010864,34.8849983215332,0.0317730009555817,0,151.923294067383,-87.6085,26.9886,9.93401422873536,63,63,63,63,61,63,0,7817,1.11627530284214,27,-88,0.001869,51,2025-06-05 06:39:52.0007,938,1.037,0.0011,"aoml_navis",1031.82110624325
"7901009",72,0,1,0.031773,1,0.009345,1,157.654227240775,1,4.84575532123282,940,1,5.46099996566772,34.8849983215332,0.0317730009555817,0,152.025802612305,-87.6085,26.9886,9.93401422873536,63,63,63,63,61,63,0,7817,1.11627530284214,27,-88,0.001869,51,2025-06-05 06:39:52.0007,940,1.037,0.0011,"aoml_navis",1031.83088466958
"7901009",72,0,1,0.024297,1,0.001869,1,157.856343520971,1,4.84570872754183,942,1,5.45499992370605,34.8849983215332,0.0242970008403063,0,152.220703125,-87.6085,26.9886,9.93401422873536,63,63,63,63,61,63,0,7817,1.11627530284214,27,-88,0.001869,51,2025-06-05 06:39:52.0007,942,1.037,0.0011,"aoml_navis",1031.84080619234
"7901009",72,0,1,0.029904,1,0.007476,1,158.107196835771,1,4.84566348188119,944,1,5.45100021362305,34.8849983215332,0.0299040004611015,0,152.462600708008,-87.6085,26.9886,9.93401422873536,63,63,63,63,61,63,0,7817,1.11627530284214,27,-88,0.001869,51,2025-06-05 06:39:52.0007,944,1.037,0.0011,"aoml_navis",1031.85044085209
"7901009",72,0,1,0.033642,1,0.011214,1,158.425348399979,1,4.84560781239278,946,1,5.43699979782104,34.8860015869141,0.0336420014500618,0,152.769393920898,-87.6085,26.9886,9.93401422873536,63,63,63,63,61,63,0,7817,1.11627530284214,27,-88,0.001869,51,2025-06-05 06:39:52.0007,946,1.037,0.0011,"aoml_navis",1031.86229541986
"7901009",72,0,1,0.026166,1,0.003738,1,158.647181025992,1,4.84555082029947,948,1,5.4210000038147,34.8870010375977,0.0261659994721413,0,152.983306884766,-87.6085,26.9886,9.93401422873536,63,63,63,63,61,63,0,7817,1.11627530284214,27,-88,0.001869,51,2025-06-05 06:39:52.0007,948,1.037,0.0011,"aoml_navis",1031.87443191257
"7901009",72,0,1,0.024297,1,0.001869,1,158.74164858982,1,4.84550692389974,950,1,5.41900014877319,34.8870010375977,0.0242970008403063,0,153.074401855469,-87.6085,26.9886,9.93401422873536,63,63,63,63,61,63,0,7817,1.11627530284214,27,-88,0.001869,51,2025-06-05 06:39:52.0007,950,1.037,0.0011,"aoml_navis",1031.88377986589
"7901009",72,0,1,0.029904,1,0.007476,1,158.90632596616,1,4.84546738517405,952,1,5.41800022125244,34.8860015869141,0.0299040004611015,0,153.233200073242,-87.6085,26.9886,9.93401422873536,63,63,63,63,61,63,0,7817,1.11627530284214,27,-88,0.001869,51,2025-06-05 06:39:52.0007,952,1.037,0.0011,"aoml_navis",1031.89219997616
"7901009",72,0,1,0.029904,1,0.007476,1,159.106258574027,1,4.84541308915472,954,1,5.4060001373291,34.8870010375977,0.0299040004611015,0,153.425994873047,-87.6085,26.9886,9.93401422873536,63,63,63,63,61,63,0,7817,1.11627530284214,27,-88,0.001869,51,2025-06-05 06:39:52.0007,954,1.037,0.0011,"aoml_navis",1031.90376300243
"7901009",72,0,1,0.028035,1,0.005607,1,159.372571655973,1,4.8453678539391,956,1,5.40199995040894,34.8870010375977,0.0280349999666214,0,153.682800292969,-87.6085,26.9886,9.93401422873536,63,63,63,63,61,63,0,7817,1.11627530284214,27,-88,0.001869,51,2025-06-05 06:39:52.0007,956,1.037,0.0011,"aoml_navis",1031.91339661347
"7901009",72,0,1,0.028035,1,0.005607,1,159.675896401536,1,4.84532060567164,958,1,5.39499998092651,34.8870010375977,0.0280349999666214,0,153.975296020508,-87.6085,26.9886,9.93401422873536,63,63,63,63,61,63,0,7817,1.11627530284214,27,-88,0.001869,51,2025-06-05 06:39:52.0007,958,1.037,0.0011,"aoml_navis",1031.9234591303
"7901009",72,0,1,0.024297,1,0.001869,1,159.980471220389,1,4.8452669907159,960,1,5.38399982452393,34.8880004882812,0.0242970008403063,0,154.268997192383,-87.6085,26.9886,9.93401422873536,63,63,63,63,61,63,0,7817,1.11627530284214,27,-88,0.001869,51,2025-06-05 06:39:52.0007,960,1.037,0.0011,"aoml_navis",1031.93487780562
"7901009",72,0,1,0.031773,1,0.009345,1,160.29677141023,1,4.84522243240027,962,1,5.38100004196167,34.8880004882812,0.0317730009555817,0,154.574005126953,-87.6085,26.9886,9.93401422873536,63,63,63,63,61,63,0,7817,1.11627530284214,27,-88,0.001869,51,2025-06-05 06:39:52.0007,962,1.037,0.0011,"aoml_navis",1031.9443678302
"7901009",72,0,1,0.033642,1,0.011214,1,160.796927316003,1,4.84517653310118,964,1,5.37599992752075,34.8880004882812,0.0336420014500618,0,155.056304931641,-87.6085,26.9886,9.93401422873536,63,63,63,63,61,63,0,7817,1.11627530284214,27,-88,0.001869,51,2025-06-05 06:39:52.0007,964,1.037,0.0011,"aoml_navis",1031.95414363978
"7901009",72,0,1,0.029904,1,0.007476,1,161.292209518315,1,4.84512258532747,966,1,5.35900020599365,34.8880004882812,0.0299040004611015,0,155.533905029297,-87.6085,26.9886,9.93401422873536,63,63,63,63,61,63,0,7817,1.11627530284214,27,-88,0.001869,51,2025-06-05 06:39:52.0007,966,1.037,0.0011,"aoml_navis",1031.96563388129
"7901009",72,0,1,0.029904,1,0.007476,1,161.642926282917,1,4.84506764437823,968,1,5.34600019454956,34.8889999389648,0.0299040004611015,0,155.872100830078,-87.6085,26.9886,9.93401422873536,63,63,63,63,61,63,0,7817,1.11627530284214,27,-88,0.001869,51,2025-06-05 06:39:52.0007,968,1.037,0.0011,"aoml_navis",1031.97733592049
"7901009",72,0,1,0.033642,1,0.011214,1,161.859663673495,1,4.84501974140591,970,1,5.33799982070923,34.8889999389648,0.0336420014500618,0,156.081100463867,-87.6085,26.9886,9.93401422873536,63,63,63,63,61,63,0,7817,1.11627530284214,27,-88,0.001869,51,2025-06-05 06:39:52.0007,970,1.037,0.0011,"aoml_navis",1031.98753913624
"7901009",72,0,1,0.029904,1,0.007476,1,162.107621248901,1,4.84497385091252,972,1,5.33300018310547,34.8889999389648,0.0299040004611015,0,156.320205688477,-87.6085,26.9886,9.93401422873536,63,63,63,63,61,63,0,7817,1.11627530284214,27,-88,0.001869,51,2025-06-05 06:39:52.0007,972,1.037,0.0011,"aoml_navis",1031.99731388814
"7901009",72,0,1,0.029904,1,0.007476,1,162.414775332898,1,4.84492729214661,974,1,5.3270001411438,34.8889999389648,0.0299040004611015,0,156.616394042969,-87.6085,26.9886,9.93401422873536,63,63,63,63,61,63,0,7817,1.11627530284214,27,-88,0.001869,51,2025-06-05 06:39:52.0007,974,1.037,0.0011,"aoml_navis",1032.00723117244
"7901009",72,0,1,0.031773,1,0.009345,1,162.748386664251,1,4.84487370436931,976,1,5.31599998474121,34.8899993896484,0.0317730009555817,0,156.938095092773,-87.6085,26.9886,9.93401422873536,63,63,63,63,61,63,0,7817,1.11627530284214,27,-88,0.001869,51,2025-06-05 06:39:52.0007,976,1.037,0.0011,"aoml_navis",1032.01864591244
"7901009",72,0,1,0.029904,1,0.007476,1,163.032533070223,1,4.84482380395413,978,1,5.30499982833862,34.8899993896484,0.0299040004611015,0,157.212097167969,-87.6085,26.9886,9.93401422873536,63,63,63,63,61,63,0,7817,1.11627530284214,27,-88,0.001869,51,2025-06-05 06:39:52.0007,978,1.037,0.0011,"aoml_navis",1032.02927543396
"7901009",72,0,1,0.028035,1,0.005607,1,167.151287205682,1,4.84430511706143,999.299987792969,1,5.22319984436035,34.8930015563965,0.0280349999666214,0,161.183807373047,-87.6085,26.9886,9.93401422873536,63,63,63,63,61,63,0,7817,1.11627530284214,27,-88,0.001869,51,2025-06-05 06:39:52.0007,999.299987792969,1.037,0.0011,"aoml_navis",1032.1397763304
"7901009",72,0,1,0.028035,1,0.005607,1,173.289621771847,1,4.84307826977923,1049.69995117188,1,5.02810001373291,34.9000015258789,0.0280349999666214,0,167.102996826172,-87.6085,26.9886,9.93401422873536,63,63,63,63,61,63,0,7817,1.11627530284214,27,-88,0.001869,51,2025-06-05 06:39:52.0007,1049.69995117188,1.037,0.0011,"aoml_navis",1032.4012377004
"7901009",72,0,1,0.024297,1,0.001869,1,180.724772875019,1,4.8418451397306,1099.59997558594,1,4.80490016937256,34.9070014953613,0.0242970008403063,0,174.272705078125,-87.6085,26.9886,9.93401422873536,63,63,63,63,61,63,0,7817,1.11627530284214,27,-88,0.001869,51,2025-06-05 06:39:52.0007,1099.59997558594,1.037,0.0011,"aoml_navis",1032.66417155139
"7901009",72,0,1,0.033642,1,0.011214,1,187.036392917144,1,4.84062998643116,1149.80004882812,1,4.62190008163452,34.9150009155273,0.0336420014500618,0,180.358993530273,-87.6085,26.9886,9.93401422873536,63,63,63,63,61,63,0,7817,1.11627530284214,27,-88,0.001869,51,2025-06-05 06:39:52.0007,1149.80004882812,1.037,0.0011,"aoml_navis",1032.92340336187
"7901009",72,0,1,0.035511,1,0.013083,1,190.172985039334,1,4.83952443434214,1199.19995117188,1,4.55070018768311,34.9179992675781,0.0355109982192516,0,183.383605957031,-87.6085,26.9886,9.93401422873536,63,63,63,63,61,63,0,7817,1.11627530284214,27,-88,0.001869,51,2025-06-05 06:39:52.0007,1199.19995117188,1.037,0.0011,"aoml_navis",1033.15936675908
"7901009",72,0,1,0.028035,1,0.005607,1,193.25916281339,1,4.83839887395686,1249.5,1,4.47639989852905,34.9210014343262,0.0280349999666214,0,186.359603881836,-87.6085,26.9886,9.93401422873536,63,63,63,63,61,63,0,7817,1.11627530284214,27,-88,0.001869,51,2025-06-05 06:39:52.0007,1249.5,1.037,0.0011,"aoml_navis",1033.39971140308
"7901009",72,0,1,0.026166,1,0.003738,1,195.533868961282,1,4.83731032791465,1298.90002441406,1,4.42770004272461,34.923999786377,0.0261659994721413,0,188.553100585938,-87.6085,26.9886,9.93401422873536,63,63,63,63,61,63,0,7817,1.11627530284214,27,-88,0.001869,51,2025-06-05 06:39:52.0007,1298.90002441406,1.037,0.0011,"aoml_navis",1033.6322586431
"7901009",72,0,1,0.028035,1,0.005607,1,197.014525390507,1,4.83622280025797,1349.19995117188,1,4.396399974823,34.9249992370605,0.0280349999666214,0,189.980895996094,-87.6085,26.9886,9.93401422873536,63,63,63,63,61,63,0,7817,1.11627530284214,27,-88,0.001869,51,2025-06-05 06:39:52.0007,1349.19995117188,1.037,0.0011,"aoml_navis",1033.86469286181
"7901009",72,0,1,0.031773,1,0.009345,1,198.97169709898,1,4.83512523866342,1399.90002441406,1,4.36070013046265,34.9259986877441,0.0317730009555817,0,191.868194580078,-87.6085,26.9886,9.93401422873536,63,63,63,63,61,63,0,7817,1.11627530284214,27,-88,0.001869,51,2025-06-05 06:39:52.0007,1399.90002441406,1.037,0.0011,"aoml_navis",1034.09937761657
"7901009",72,0,1,0.031773,1,0.009345,1,199.833472307291,1,4.8340702969258,1449.30004882812,1,4.34579992294312,34.9269981384277,0.0317730009555817,0,192.699203491211,-87.6085,26.9886,9.93401422873536,63,63,63,63,61,63,0,7817,1.11627530284214,27,-88,0.001869,51,2025-06-05 06:39:52.0007,1449.30004882812,1.037,0.0011,"aoml_navis",1034.32504967495
"7901009",72,0,1,0.031773,1,0.009345,1,200.57421193843,1,4.83301266810798,1498.80004882812,1,4.33339977264404,34.9290008544922,0.0317730009555817,0,193.413497924805,-87.6085,26.9886,9.93401422873536,63,63,63,63,61,63,0,7817,1.11627530284214,27,-88,0.001869,51,2025-06-05 06:39:52.0007,1498.80004882812,1.037,0.0011,"aoml_navis",1034.55139544614
"7901009",72,0,1,0.028035,1,0.005607,1,201.057468119216,1,4.83192714403989,1550,1,4.31960010528564,34.9290008544922,0.0280349999666214,0,193.879501342773,-87.6085,26.9886,9.93401422873536,63,63,63,63,61,63,0,7817,1.11627530284214,27,-88,0.001869,51,2025-06-05 06:39:52.0007,1550,1.037,0.0011,"aoml_navis",1034.78381419046
"7901009",72,0,1,0.029904,1,0.007476,1,201.76201891979,1,4.83087319170506,1599.69995117188,1,4.30910015106201,34.9300003051758,0.0299040004611015,0,194.558898925781,-87.6085,26.9886,9.93401422873536,63,63,63,63,61,63,0,7817,1.11627530284214,27,-88,0.001869,51,2025-06-05 06:39:52.0007,1599.69995117188,1.037,0.0011,"aoml_navis",1035.00957313169
"7901009",72,0,1,0.029904,1,0.007476,1,202.107972746919,1,4.8298250996946,1649.59997558594,1,4.30579996109009,34.9300003051758,0.0299040004611015,0,194.892501831055,-87.6085,26.9886,9.93401422873536,63,63,63,63,61,63,0,7817,1.11627530284214,27,-88,0.001869,51,2025-06-05 06:39:52.0007,1649.59997558594,1.037,0.0011,"aoml_navis",1035.23417448722
"7901009",72,0,1,0.033642,1,0.011214,1,202.684351475968,1,4.82878523445782,1699.09997558594,1,4.30009984970093,34.9300003051758,0.0336420014500618,0,195.448303222656,-87.6085,26.9886,9.93401422873536,63,63,63,63,61,63,0,7817,1.11627530284214,27,-88,0.001869,51,2025-06-05 06:39:52.0007,1699.09997558594,1.037,0.0011,"aoml_navis",1035.45710923741
"7901009",72,0,1,0.028035,1,0.005607,1,203.140738992872,1,4.8277386758665,1748.90002441406,1,4.29689979553223,34.9309997558594,0.0280349999666214,0,195.888397216797,-87.6085,26.9886,9.93401422873536,63,63,63,63,61,63,0,7817,1.11627530284214,27,-88,0.001869,51,2025-06-05 06:39:52.0007,1748.90002441406,1.037,0.0011,"aoml_navis",1035.68157593008
"7901009",72,0,1,0.028035,1,0.005607,1,203.537091344422,1,4.82669657521435,1798.69995117188,1,4.29269981384277,34.9309997558594,0.0280349999666214,0,196.270599365234,-87.6085,26.9886,9.93401422873536,63,63,63,63,61,63,0,7817,1.11627530284214,27,-88,0.001869,51,2025-06-05 06:39:52.0007,1798.69995117188,1.037,0.0011,"aoml_navis",1035.90518320037
"7901009",72,0,1,0.028035,1,0.005607,1,203.913220991354,1,4.82563550392922,1849.40002441406,1,4.29120016098022,34.931999206543,0.0280349999666214,0,196.63330078125,-87.6085,26.9886,9.93401422873536,63,63,63,63,61,63,0,7817,1.11627530284214,27,-88,0.001869,51,2025-06-05 06:39:52.0007,1849.40002441406,1.037,0.0011,"aoml_navis",1036.1329602969
"7901009",72,0,1,0.033642,1,0.011214,1,204.104656265589,1,4.82460294613065,1899,1,4.29029989242554,34.931999206543,0.0336420014500618,0,196.817901611328,-87.6085,26.9886,9.93401422873536,63,63,63,63,61,63,0,7817,1.11627530284214,27,-88,0.001869,51,2025-06-05 06:39:52.0007,1899,1.037,0.0011,"aoml_navis",1036.3547126733
"7901009",72,0,1,0.031773,1,0.009345,1,204.316203478455,1,4.82356424142464,1949,1,4.29029989242554,34.931999206543,0.0317730009555817,0,197.021896362305,-87.6085,26.9886,9.93401422873536,63,63,63,63,61,63,0,7817,1.11627530284214,27,-88,0.001869,51,2025-06-05 06:39:52.0007,1949,1.037,0.0011,"aoml_navis",1036.57788094956
"7901009",72,0,1,0.031773,1,0.009345,1,204.421779288482,1,4.82256246061899,1997.30004882812,1,4.29050016403198,34.931999206543,0.0317730009555817,0,197.12370300293,-87.6085,26.9886,9.93401422873536,63,63,63,63,61,63,0,7817,1.11627530284214,27,-88,0.001869,51,2025-06-05 06:39:52.0007,1997.30004882812,1.037,0.0011,"aoml_navis",1036.79320710306
"7901009",73,0.0452065900513221,5,0.061677,1,0.039249,1,192.581936148309,1,4.88799530299856,2.40000009536743,1,29.7339992523193,36.4490013122559,0.0616770014166832,0.0594979338347912,185.706497192383,-88.2597,26.6985,11.6130649058502,63,63,63,63,61,63,0.050463,7817,1.11627530284214,27,-88,0.001869,51,2025-06-15 14:27:00.001541,2.40000009536743,1.037,0.0011,"aoml_navis",1022.91423989968
"7901009",73,0.0452065900513221,5,0.057939,1,0.035511,1,192.451896838272,1,4.88795975714167,4,1,29.7299995422363,36.4480018615723,0.0579390004277229,0.0594979338347912,185.581100463867,-88.2597,26.6985,11.6130649058502,63,63,63,63,61,63,0.050463,7817,1.11627530284214,27,-88,0.001869,51,2025-06-15 14:27:00.001541,4,1.037,0.0011,"aoml_navis",1022.92167866043
"7901009",73,0.0452065900513221,5,0.063546,1,0.041118,1,192.392273070906,1,4.88790399990462,6,1,29.7229995727539,36.4490013122559,0.0635460019111633,0.0594979338347912,185.52360534668,-88.2597,26.6985,11.6130649058502,63,63,63,63,61,63,0.050463,7817,1.11627530284214,27,-88,0.001869,51,2025-06-15 14:27:00.001541,6,1.037,0.0011,"aoml_navis",1022.93334731974
"7901009",73,0.0452065900513221,5,0.067284,1,0.044856,1,192.308264954943,1,4.88785541578375,8,1,29.7159996032715,36.4480018615723,0.0672840029001236,0.0594979338347912,185.442596435547,-88.2597,26.6985,11.6130649058502,63,63,63,63,61,63,0.050463,7817,1.11627530284214,27,-88,0.001869,51,2025-06-15 14:27:00.001541,8,1.037,0.0011,"aoml_navis",1022.94351503404
"7901009",73,0.0452065900513221,5,0.072891,1,0.050463,1,192.196992573807,1,4.88780610310365,10.1000003814697,1,29.7119998931885,36.4480018615723,0.0728909969329834,0.0598080009222031,185.335296630859,-88.2597,26.6985,11.6130649058502,63,63,63,63,61,63,0.050463,7817,1.11627530284214,27,-88,0.001869,51,2025-06-15 14:27:00.001541,10.1000003814697,1.037,0.0011,"aoml_navis",1022.95383542835
"7901009",73,0.051903862651518,1,0.080367,1,0.057939,1,193.321758234151,1,4.88746766680415,12.3999996185303,1,29.4930000305176,36.4300003051758,0.0803669989109039,0.0672840029001236,186.419906616211,-88.2597,26.6985,11.6130649058502,63,63,63,63,61,63,0.057939,7817,1.11627530284214,27,-88,0.001869,51,2025-06-15 14:27:00.001541,12.3999996185303,1.037,0.0011,"aoml_navis",1023.02467062037
"7901009",73,0.0468809082013711,1,0.07476,1,0.052332,1,196.634010419046,1,4.88649029674084,14.1000003814697,1,28.878999710083,36.4169998168945,0.0747599974274635,0.0616770014166832,189.613906860352,-88.2597,26.6985,11.6130649058502,63,63,63,63,61,63,0.052332,7817,1.11627530284214,27,-88,0.001869,51,2025-06-15 14:27:00.001541,14.1000003814697,1.037,0.0011,"aoml_navis",1023.22929062908
"7901009",73,0.051903862651518,1,0.080367,1,0.057939,1,198.833016609904,1,4.88570407024367,15.6999998092651,1,28.4260005950928,36.4259986877441,0.0803669989109039,0.0672840029001236,191.734405517578,-88.2597,26.6985,11.6130649058502,63,63,63,63,61,63,0.057939,7817,1.11627530284214,27,-88,0.001869,51,2025-06-15 14:27:00.001541,15.6999998092651,1.037,0.0011,"aoml_navis",1023.39395266538
"7901009",73,0.0652984078519098,1,0.095319,1,0.072891,1,203.182386884166,1,4.88423919323619,18,1,27.5540008544922,36.439998626709,0.095319002866745,0.0822359994053841,195.928497314453,-88.2597,26.6985,11.6130649058502,63,63,63,63,61,63,0.072891,7817,1.11627530284214,27,-88,0.001869,51,2025-06-15 14:27:00.001541,18,1.037,0.0011,"aoml_navis",1023.70088813916
"7901009",73,0.0703213623020567,1,0.100926,1,0.078498,1,205.049237421948,1,4.88356472439223,20.1000003814697,1,27.2199993133545,36.4720001220703,0.100925996899605,0.0878430008888245,197.728698730469,-88.2597,26.6985,11.6130649058502,63,63,63,63,61,63,0.078498,7817,1.11627530284214,27,-88,0.001869,51,2025-06-15 14:27:00.001541,20.1000003814697,1.037,0.0011,"aoml_navis",1023.84227141011
"7901009",73,0.0820415893523994,1,0.114009,1,0.091581,1,205.483329462863,1,4.88302015469105,22,1,26.9209995269775,36.4850006103516,0.114009000360966,0.100925996899605,198.14729309082,-88.2597,26.6985,11.6130649058502,63,63,63,63,61,63,0.091581,7817,1.11627530284214,27,-88,0.001869,51,2025-06-15 14:27:00.001541,22,1.037,0.0011,"aoml_navis",1023.95645350687
"7901009",73,0.0853902256524974,1,0.117747,1,0.095319,1,204.537055335399,1,4.88280477551899,23.8999996185303,1,26.7959995269775,36.4809989929199,0.117747001349926,0.104663997888565,197.234802246094,-88.2597,26.6985,11.6130649058502,63,63,63,63,61,63,0.095319,7817,1.11627530284214,27,-88,0.001869,51,2025-06-15 14:27:00.001541,23.8999996185303,1.037,0.0011,"aoml_navis",1024.00161994364
"7901009",73,0.0920874982526932,1,0.125223,1,0.102795,1,206.063759242791,1,4.88224085905884,26,1,26.4529991149902,36.4809989929199,0.125222995877266,0.112139999866486,198.707000732422,-88.2597,26.6985,11.6130649058502,63,63,63,63,61,63,0.102795,7817,1.11627530284214,27,-88,0.001869,51,2025-06-15 14:27:00.001541,26,1.037,0.0011,"aoml_navis",1024.11989583076
"7901009",73,0.107156361603134,1,0.142044,1,0.119616,1,207.280919589349,1,4.88186698957268,28.2000007629395,1,26.2350006103516,36.4809989929199,0.142043992877007,0.128960996866226,199.880706787109,-88.2597,26.6985,11.6130649058502,63,63,63,63,61,63,0.119616,7817,1.11627530284214,27,-88,0.001869,51,2025-06-15 14:27:00.001541,28.2000007629395,1.037,0.0011,"aoml_navis",1024.19832631238
"7901009",73,0.11385363420333,1,0.14952,1,0.127092,1,206.859977057639,1,4.88149076160515,29.8999996185303,1,25.9930000305176,36.4749984741211,0.149519994854927,0.136436998844147,199.474792480469,-88.2597,26.6985,11.6130649058502,63,63,63,63,61,63,0.127092,7817,1.11627530284214,27,-88,0.001869,51,2025-06-15 14:27:00.001541,29.8999996185303,1.037,0.0011,"aoml_navis",1024.27726368489
"7901009",73,0.122225224953575,1,0.158865,1,0.136437,1,206.532600167234,1,4.8808240132998,31.8999996185303,1,25.6040000915527,36.4879989624023,0.158865004777908,0.145781993865967,199.159103393555,-88.2597,26.6985,11.6130649058502,63,63,63,63,61,63,0.136437,7817,1.11627530284214,27,-88,0.001869,51,2025-06-15 14:27:00.001541,31.8999996185303,1.037,0.0011,"aoml_navis",1024.41718578163
"7901009",73,0.133945452003917,1,0.171948,1,0.14952,1,207.820160232744,1,4.88033215117959,34,1,25.3390007019043,36.5040016174316,0.171948000788689,0.158865004777908,200.400695800781,-88.2597,26.6985,11.6130649058502,63,63,63,63,61,63,0.14952,7817,1.11627530284214,27,-88,0.001869,51,2025-06-15 14:27:00.001541,34,1.037,0.0011,"aoml_navis",1024.52043121522
"7901009",73,0.150688633504407,1,0.190638,1,0.16821,1,211.327059966041,1,4.87984250888736,36.0999984741211,1,24.9379997253418,36.4650001525879,0.19063800573349,0.177554994821548,203.78239440918,-88.2597,26.6985,11.6130649058502,63,63,63,63,61,63,0.16821,7817,1.11627530284214,27,-88,0.001869,51,2025-06-15 14:27:00.001541,36.0999984741211,1.037,0.0011,"aoml_navis",1024.62323136327
"7901009",73,0.192546587255631,1,0.237363,1,0.214935,1,207.115514270803,1,4.87897472302149,37.9000015258789,1,24.4260005950928,36.4900016784668,0.237362995743752,0.224279999732971,199.721206665039,-88.2597,26.6985,11.6130649058502,63,63,63,63,61,63,0.214935,7817,1.11627530284214,27,-88,0.001869,51,2025-06-15 14:27:00.001541,37.9000015258789,1.037,0.0011,"aoml_navis",1024.80547324983
"7901009",73,0.271239540307933,1,0.325206,1,0.302778,1,206.296367889364,1,4.87856522887779,40,1,24.1499996185303,36.4819984436035,0.325206011533737,0.312123000621796,198.931304931641,-88.2597,26.6985,11.6130649058502,63,63,63,63,61,63,0.302778,7817,1.11627530284214,27,-88,0.001869,51,2025-06-15 14:27:00.001541,40,1.037,0.0011,"aoml_navis",1024.89149276992
"7901009",73,0.269565222157884,1,0.323337,1,0.300909,1,203.096321684934,1,4.87829240185904,42,1,24.0429992675781,36.5040016174316,0.323336988687515,0.310254007577896,195.845504760742,-88.2597,26.6985,11.6130649058502,63,63,63,63,61,63,0.300909,7817,1.11627530284214,27,-88,0.001869,51,2025-06-15 14:27:00.001541,42,1.037,0.0011,"aoml_navis",1024.94881161584
"7901009",73,0.303051585158863,1,0.360717,1,0.338289,1,205.191318580967,1,4.87774423644007,44.2000007629395,1,23.6520004272461,36.4900016784668,0.360716998577118,0.347633987665176,197.865707397461,-88.2597,26.6985,11.6130649058502,63,63,63,63,61,63,0.338289,7817,1.11627530284214,27,-88,0.001869,51,2025-06-15 14:27:00.001541,44.2000007629395,1.037,0.0011,"aoml_navis",1025.06399631342
"7901009",73,0.477180672763956,1,0.555093,1,0.532665,1,199.206646226427,1,4.87727327760031,46,1,23.3579998016357,36.4959983825684,0.555092990398407,0.542010009288788,192.094696044922,-88.2597,26.6985,11.6130649058502,63,63,63,63,61,63,0.532665,7817,1.11627530284214,27,-88,0.001869,51,2025-06-15 14:27:00.001541,46,1.037,0.0011,"aoml_navis",1025.16297845424
"7901009",73,0.631217942568461,1,0.727041,1,0.704613,1,193.350066864676,1,4.87692870472497,47.9000015258789,1,23.1749992370605,36.5099983215332,0.727041006088257,0.713958024978638,186.447204589844,-88.2597,26.6985,11.6130649058502,63,63,63,63,61,63,0.704613,7817,1.11627530284214,27,-88,0.001869,51,2025-06-15 14:27:00.001541,47.9000015258789,1.037,0.0011,"aoml_navis",1025.23540997345
"7901009",73,0.855576574675023,1,0.977487,1,0.955059,1,185.297788469015,1,4.87640151047831,50,1,22.8880004882812,36.5340003967285,0.977487027645111,0.964403986930847,178.682403564453,-88.2597,26.6985,11.6130649058502,63,63,63,63,61,63,0.955059,7817,1.11627530284214,27,-88,0.001869,51,2025-06-15 14:27:00.001541,50,1.037,0.0011,"aoml_navis",1025.34624953587
"7901009",73,0.947664072927716,1,1.080282,1,1.057854,1,181.104582462306,1,4.87597170353879,52,1,22.742000579834,36.5859985351562,1.08028197288513,1.06719899177551,174.638900756836,-88.2597,26.6985,11.6130649058502,63,63,63,63,61,63,1.057854,7817,1.11627530284214,27,-88,0.001869,51,2025-06-15 14:27:00.001541,52,1.037,0.0011,"aoml_navis",1025.43663171203
"7901009",73,0.927572255127128,1,1.057854,1,1.035426,1,179.538161024104,1,4.8758380053907,54.0999984741211,1,22.7049999237061,36.5970001220703,1.05785405635834,1.04477095603943,173.128402709961,-88.2597,26.6985,11.6130649058502,63,63,63,63,61,63,1.035426,7817,1.11627530284214,27,-88,0.001869,51,2025-06-15 14:27:00.001541,54.0999984741211,1.037,0.0011,"aoml_navis",1025.464749746
"7901009",73,0.914177709926737,1,1.042902,1,1.020474,1,175.799791951891,1,4.87565757750145,55.9000015258789,1,22.6030006408691,36.5979995727539,1.04290199279785,1.02981901168823,169.523498535156,-88.2597,26.6985,11.6130649058502,63,63,63,63,61,63,1.020474,7817,1.11627530284214,27,-88,0.001869,51,2025-06-15 14:27:00.001541,55.9000015258789,1.037,0.0011,"aoml_navis",1025.50269794834
"7901009",73,0.90915475547659,1,1.037295,1,1.014867,1,163.008943127471,1,4.87513211053243,57.9000015258789,1,22.3910007476807,36.6520004272461,1.03729498386383,1.02421200275421,157.189300537109,-88.2597,26.6985,11.6130649058502,63,63,63,63,61,63,1.014867,7817,1.11627530284214,27,-88,0.001869,51,2025-06-15 14:27:00.001541,57.9000015258789,1.037,0.0011,"aoml_navis",1025.61323193638
"7901009",73,0.919200664376884,1,1.048509,1,1.026081,1,155.838235678604,1,4.87457154955907,60,1,22.1319999694824,36.6980018615723,1.04850900173187,1.03542602062225,150.274597167969,-88.2597,26.6985,11.6130649058502,63,63,63,63,61,63,1.026081,7817,1.11627530284214,27,-88,0.001869,51,2025-06-15 14:27:00.001541,60,1.037,0.0011,"aoml_navis",1025.73117435363
"7901009",73,0.868971119875414,1,0.992439,1,0.970011,1,151.237695537195,1,4.87407712300096,62,1,21.8299999237061,36.7109985351562,0.992438971996307,0.979355990886688,145.838302612305,-88.2597,26.6985,11.6130649058502,63,63,63,63,61,63,0.970011,7817,1.11627530284214,27,-88,0.001869,51,2025-06-15 14:27:00.001541,62,1.037,0.0011,"aoml_navis",1025.83522456073
"7901009",73,0.837159075024484,1,0.956928,1,0.9345,1,148.297838718861,1,4.87368995583805,64,1,21.548999786377,36.7029991149902,0.956928014755249,0.943844974040985,143.003402709961,-88.2597,26.6985,11.6130649058502,63,63,63,63,61,63,0.9345,7817,1.11627530284214,27,-88,0.001869,51,2025-06-15 14:27:00.001541,64,1.037,0.0011,"aoml_navis",1025.91671717046
"7901009",73,0.763489076422329,1,0.874692,1,0.852264,1,146.181274095938,1,4.87338849149773,66,1,21.3059997558594,36.6860008239746,0.874692022800446,0.861608982086182,140.96240234375,-88.2597,26.6985,11.6130649058502,63,63,63,63,61,63,0.852264,7817,1.11627530284214,27,-88,0.001869,51,2025-06-15 14:27:00.001541,66,1.037,0.0011,"aoml_navis",1025.98017964773
"7901009",73,0.721631122671105,1,0.827967,1,0.805539,1,145.359437682532,1,4.87303313435106,68,1,20.9729995727539,36.6520004272461,0.8279669880867,0.814884006977081,140.169906616211,-88.2597,26.6985,11.6130649058502,63,63,63,63,61,63,0.805539,7817,1.11627530284214,27,-88,0.001869,51,2025-06-15 14:27:00.001541,68,1.037,0.0011,"aoml_navis",1026.05499740068
"7901009",73,0.649635442219,1,0.7476,1,0.725172,1,144.189257953095,1,4.87278267742166,70,1,20.7259998321533,36.6209983825684,0.747600018978119,0.734516978263855,139.04150390625,-88.2597,26.6985,11.6130649058502,63,63,63,63,61,63,0.725172,7817,1.11627530284214,27,-88,0.001869,51,2025-06-15 14:27:00.001541,70,1.037,0.0011,"aoml_navis",1026.10773576417
"7901009",73,0.557547943966306,1,0.644805,1,0.622377,1,142.191434505947,1,4.87249763956808,72,1,20.4839992523193,36.6020011901855,0.644805014133453,0.631721973419189,137.115005493164,-88.2597,26.6985,11.6130649058502,63,63,63,63,61,63,0.622377,7817,1.11627530284214,27,-88,0.001869,51,2025-06-15 14:27:00.001541,72,1.037,0.0011,"aoml_navis",1026.16776238053
"7901009",73,0.450391582363172,1,0.525189,1,0.502761,1,141.374883214171,1,4.87213081612528,74,1,20.2299995422363,36.6020011901855,0.525188982486725,0.512106001377106,136.327606201172,-88.2597,26.6985,11.6130649058502,63,63,63,63,61,63,0.502761,7817,1.11627530284214,27,-88,0.001869,51,2025-06-15 14:27:00.001541,74,1.037,0.0011,"aoml_navis",1026.24502270167
"7901009",73,0.400162037861703,1,0.469119,1,0.446691,1,140.687326867079,1,4.87192693026309,76,1,20.0909996032715,36.5979995727539,0.469119012355804,0.456036001443863,135.664596557617,-88.2597,26.6985,11.6130649058502,63,63,63,63,61,63,0.446691,7817,1.11627530284214,27,-88,0.001869,51,2025-06-15 14:27:00.001541,76,1.037,0.0011,"aoml_navis",1026.28797015435
"7901009",73,0.333189311859745,1,0.394359,1,0.371931,1,140.397373068453,1,4.87159992250743,78,1,19.8309993743896,36.5859985351562,0.394358992576599,0.38127601146698,135.384994506836,-88.2597,26.6985,11.6130649058502,63,63,63,63,61,63,0.371931,7817,1.11627530284214,27,-88,0.001869,51,2025-06-15 14:27:00.001541,78,1.037,0.0011,"aoml_navis",1026.3568600737
"7901009",73,0.316446130359255,1,0.375669,1,0.353241,1,140.174100415178,1,4.87145481140097,80,1,19.7140007019043,36.5740013122559,0.375669002532959,0.362585991621017,135.169692993164,-88.2597,26.6985,11.6130649058502,63,63,63,63,61,63,0.353241,7817,1.11627530284214,27,-88,0.001869,51,2025-06-15 14:27:00.001541,80,1.037,0.0011,"aoml_navis",1026.3874332362
"7901009",73,0.286308403658374,1,0.342027,1,0.319599,1,139.914338269454,1,4.87127160077041,82,1,19.5400009155273,36.5530014038086,0.342027008533478,0.328943997621536,134.919204711914,-88.2597,26.6985,11.6130649058502,63,63,63,63,61,63,0.319599,7817,1.11627530284214,27,-88,0.001869,51,2025-06-15 14:27:00.001541,82,1.037,0.0011,"aoml_navis",1026.42603611123
"7901009",73,0.246124768057198,1,0.297171,1,0.274743,1,140.046134012128,1,4.87101107364589,84,1,19.2910003662109,36.5279998779297,0.297170996665955,0.284087985754013,135.046295166016,-88.2597,26.6985,11.6130649058502,63,63,63,63,61,63,0.274743,7817,1.11627530284214,27,-88,0.001869,51,2025-06-15 14:27:00.001541,84,1.037,0.0011,"aoml_navis",1026.48093473899
"7901009",73,0.212638405056219,1,0.259791,1,0.237363,1,139.857926716731,1,4.87083177459468,86,1,19.1560001373291,36.5200004577637,0.259790986776352,0.246708005666733,134.864807128906,-88.2597,26.6985,11.6130649058502,63,63,63,63,61,63,0.237363,7817,1.11627530284214,27,-88,0.001869,51,2025-06-15 14:27:00.001541,86,1.037,0.0011,"aoml_navis",1026.51872028901
"7901009",73,0.190872269105582,1,0.235494,1,0.213066,1,139.892770542564,1,4.87067347853851,88,1,19.0669994354248,36.5219993591309,0.235494002699852,0.222411006689072,134.898406982422,-88.2597,26.6985,11.6130649058502,63,63,63,63,61,63,0.213066,7817,1.11627530284214,27,-88,0.001869,51,2025-06-15 14:27:00.001541,88,1.037,0.0011,"aoml_navis",1026.5520819721
"7901009",73,0.180826360205289,1,0.22428,1,0.201852,1,140.105567894885,1,4.87057646841567,90,1,19.0069999694824,36.5169982910156,0.224279999732971,0.211197003722191,135.103607177734,-88.2597,26.6985,11.6130649058502,63,63,63,63,61,63,0.201852,7817,1.11627530284214,27,-88,0.001869,51,2025-06-15 14:27:00.001541,90,1.037,0.0011,"aoml_navis",1026.57252841088
"7901009",73,0.177477723905191,1,0.220542,1,0.198114,1,140.559154755702,1,4.87046724394488,92,1,18.9309997558594,36.5099983215332,0.220541998744011,0.207459002733231,135.541000366211,-88.2597,26.6985,11.6130649058502,63,63,63,63,61,63,0.198114,7817,1.11627530284214,27,-88,0.001869,51,2025-06-15 14:27:00.001541,92,1.037,0.0011,"aoml_navis",1026.59555019411
"7901009",73,0.149014315354358,1,0.188769,1,0.166341,1,140.866213992896,1,4.87033232681432,94,1,18.8099994659424,36.4949989318848,0.188768997788429,0.175686001777649,135.837097167969,-88.2597,26.6985,11.6130649058502,63,63,63,63,61,63,0.166341,7817,1.11627530284214,27,-88,0.001869,51,2025-06-15 14:27:00.001541,94,1.037,0.0011,"aoml_navis",1026.62398877214
"7901009",73,0.128922497553771,4,0.166341,1,0.143913,1,141.104946418124,1,4.87021265251161,96,1,18.7129993438721,36.484001159668,0.166341006755829,0.153257995843887,136.067306518555,-88.2597,26.6985,11.6130649058502,63,63,63,63,61,63,0.143913,7817,1.11627530284214,27,-88,0.001869,51,2025-06-15 14:27:00.001541,96,1.037,0.0011,"aoml_navis",1026.64921570138
"7901009",73,0.142317042754162,1,0.181293,1,0.158865,1,141.238308708826,1,4.87009821786173,98,1,18.6200008392334,36.4729995727539,0.181292995810509,0.168209999799728,136.195907592773,-88.2597,26.6985,11.6130649058502,63,63,63,63,61,63,0.158865,7817,1.11627530284214,27,-88,0.001869,51,2025-06-15 14:27:00.001541,98,1.037,0.0011,"aoml_navis",1026.67333928951
"7901009",73,0.127248179403722,1,0.164472,1,0.142044,1,141.436374180197,1,4.86996722653827,100,1,18.5009994506836,36.4580001831055,0.164471998810768,0.151389002799988,136.386901855469,-88.2597,26.6985,11.6130649058502,63,63,63,63,61,63,0.142044,7817,1.11627530284214,27,-88,0.001869,51,2025-06-15 14:27:00.001541,100,1.037,0.0011,"aoml_navis",1026.70095452658
"7901009",73,0.11385363420333,1,0.14952,1,0.127092,1,141.641591971857,1,4.86986321165743,102,1,18.4160003662109,36.4469985961914,0.149519994854927,0.136436998844147,136.58479309082,-88.2597,26.6985,11.6130649058502,63,63,63,63,61,63,0.127092,7817,1.11627530284214,27,-88,0.001869,51,2025-06-15 14:27:00.001541,102,1.037,0.0011,"aoml_navis",1026.72288372106
"7901009",73,0.100459089002938,1,0.134568,1,0.11214,1,141.826191459675,1,4.86977994810598,104,1,18.3419990539551,36.4339981079102,0.134568005800247,0.121485002338886,136.762802124023,-88.2597,26.6985,11.6130649058502,63,63,63,63,61,63,0.11214,7817,1.11627530284214,27,-88,0.001869,51,2025-06-15 14:27:00.001541,104,1.037,0.0011,"aoml_navis",1026.74043864029
"7901009",73,0.0853902256524974,1,0.117747,1,0.095319,1,141.998859864532,1,4.86963143553258,106,1,18.1889991760254,36.4129981994629,0.117747001349926,0.104663997888565,136.929306030273,-88.2597,26.6985,11.6130649058502,63,63,63,63,61,63,0.095319,7817,1.11627530284214,27,-88,0.001869,51,2025-06-15 14:27:00.001541,106,1.037,0.0011,"aoml_navis",1026.77175186528
"7901009",73,0.0686470441520077,1,0.099057,1,0.076629,1,142.181987746627,1,4.86941452093587,108,1,17.9500007629395,36.382999420166,0.0990569964051247,0.0859740003943443,137.105895996094,-88.2597,26.6985,11.6130649058502,63,63,63,63,61,63,0.076629,7817,1.11627530284214,27,-88,0.001869,51,2025-06-15 14:27:00.001541,108,1.037,0.0011,"aoml_navis",1026.81749078923
"7901009",73,0.0669727260019587,1,0.097188,1,0.07476,1,142.152429042423,1,4.86931966183873,110,1,17.8649997711182,36.3699989318848,0.0971880033612251,0.0841049998998642,137.077392578125,-88.2597,26.6985,11.6130649058502,63,63,63,63,61,63,0.07476,7817,1.11627530284214,27,-88,0.001869,51,2025-06-15 14:27:00.001541,110,1.037,0.0011,"aoml_navis",1026.83749419563
"7901009",73,0.0636240897018608,1,0.09345,1,0.071022,1,142.04095095296,1,4.86923078003933,112,1,17.7910003662109,36.359001159668,0.0934500023722649,0.0803669989109039,136.96989440918,-88.2597,26.6985,11.6130649058502,63,63,63,63,61,63,0.071022,7817,1.11627530284214,27,-88,0.001869,51,2025-06-15 14:27:00.001541,112,1.037,0.0011,"aoml_navis",1026.856237847
"7901009",73,0.0602754534017628,1,0.089712,1,0.067284,1,141.979459986934,1,4.86914662241385,114,1,17.7269992828369,36.3499984741211,0.0897120013833046,0.0766289979219437,136.910598754883,-88.2597,26.6985,11.6130649058502,63,63,63,63,61,63,0.067284,7817,1.11627530284214,27,-88,0.001869,51,2025-06-15 14:27:00.001541,114,1.037,0.0011,"aoml_navis",1026.87398588159
"7901009",73,0.0552524989516159,1,0.084105,1,0.061677,1,141.820384155369,1,4.86906155542549,116,1,17.6590003967285,36.3400001525879,0.0841049998998642,0.0710219964385033,136.757202148438,-88.2597,26.6985,11.6130649058502,63,63,63,63,61,63,0.061677,7817,1.11627530284214,27,-88,0.001869,51,2025-06-15 14:27:00.001541,116,1.037,0.0011,"aoml_navis",1026.89192631558
"7901009",73,0.0552524989516159,1,0.084105,1,0.061677,1,141.803895841782,1,4.86895027991081,118,1,17.5559997558594,36.326000213623,0.0841049998998642,0.0710219964385033,136.741302490234,-88.2597,26.6985,11.6130649058502,63,63,63,63,61,63,0.061677,7817,1.11627530284214,27,-88,0.001869,51,2025-06-15 14:27:00.001541,118,1.037,0.0011,"aoml_navis",1026.91539501438
"7901009",73,0.0485552263514201,1,0.076629,1,0.054201,1,141.850765692881,1,4.86885168949636,120,1,17.4759998321533,36.3160018920898,0.0766289979219437,0.0635460019111633,136.786499023438,-88.2597,26.6985,11.6130649058502,63,63,63,63,61,63,0.054201,7817,1.11627530284214,27,-88,0.001869,51,2025-06-15 14:27:00.001541,120,1.037,0.0011,"aoml_navis",1026.93618924285
"7901009",73,0.0468809082013711,1,0.07476,1,0.052332,1,141.755570208678,1,4.8687868098757,122,1,17.4309997558594,36.3079986572266,0.0747599974274635,0.0616770014166832,136.694702148438,-88.2597,26.6985,11.6130649058502,63,63,63,63,61,63,0.052332,7817,1.11627530284214,27,-88,0.001869,51,2025-06-15 14:27:00.001541,122,1.037,0.0011,"aoml_navis",1026.94987380802
"7901009",73,0.0452065900513221,1,0.072891,1,0.050463,1,141.646987859509,1,4.86869573496809,124,1,17.3540000915527,36.2970008850098,0.0728909969329834,0.0598080009222031,136.589996337891,-88.2597,26.6985,11.6130649058502,63,63,63,63,61,63,0.050463,7817,1.11627530284214,27,-88,0.001869,51,2025-06-15 14:27:00.001541,124,1.037,0.0011,"aoml_navis",1026.96908416126
"7901009",73,0.0401836356011752,1,0.067284,1,0.044856,1,141.687116806972,1,4.8686049133442,126,1,17.2770004272461,36.2859992980957,0.0672840029001236,0.0542009994387627,136.628692626953,-88.2597,26.6985,11.6130649058502,63,63,63,63,61,63,0.044856,7817,1.11627530284214,27,-88,0.001869,51,2025-06-15 14:27:00.001541,126,1.037,0.0011,"aoml_navis",1026.9882418053
"7901009",73,0.0401836356011752,1,0.067284,1,0.044856,1,141.497248021242,1,4.86853888355926,128,1,17.2369995117188,36.2799987792969,0.0672840029001236,0.0542009994387627,136.445602416992,-88.2597,26.6985,11.6130649058502,63,63,63,63,61,63,0.044856,7817,1.11627530284214,27,-88,0.001869,51,2025-06-15 14:27:00.001541,128,1.037,0.0011,"aoml_navis",1027.00217038107
"7901009",73,0.0401836356011752,1,0.067284,1,0.044856,1,141.274908967297,1,4.8684808147765,130,1,17.2070007324219,36.2750015258789,0.0672840029001236,0.0542009994387627,136.231201171875,-88.2597,26.6985,11.6130649058502,63,63,63,63,61,63,0.044856,7817,1.11627530284214,27,-88,0.001869,51,2025-06-15 14:27:00.001541,130,1.037,0.0011,"aoml_navis",1027.01441994478
"7901009",73,0.0401836356011752,1,0.067284,1,0.044856,1,140.889237501792,1,4.86842181222812,132,1,17.1730003356934,36.2690010070801,0.0672840029001236,0.0542009994387627,135.859298706055,-88.2597,26.6985,11.6130649058502,63,63,63,63,61,63,0.044856,7817,1.11627530284214,27,-88,0.001869,51,2025-06-15 14:27:00.001541,132,1.037,0.0011,"aoml_navis",1027.02686678492
"7901009",73,0.0351606811510283,1,0.061677,1,0.039249,1,140.500353821643,1,4.86834401511485,134,1,17.1100006103516,36.2589988708496,0.0616770014166832,0.0485940016806126,135.484298706055,-88.2597,26.6985,11.6130649058502,63,63,63,63,61,63,0.039249,7817,1.11627530284214,27,-88,0.001869,51,2025-06-15 14:27:00.001541,134,1.037,0.0011,"aoml_navis",1027.04327888013
"7901009",73,0.0334863630009794,1,0.059808,1,0.03738,1,140.102450622546,1,4.86825373352141,136,1,17.0359992980957,36.2490005493164,0.0598080009222031,0.0467250011861324,135.100601196289,-88.2597,26.6985,11.6130649058502,63,63,63,63,61,63,0.03738,7817,1.11627530284214,27,-88,0.001869,51,2025-06-15 14:27:00.001541,136,1.037,0.0011,"aoml_navis",1027.06232536144
"7901009",73,0.0385093174511263,1,0.065415,1,0.042987,1,139.657677572351,1,4.86816200593403,138,1,16.951000213623,36.2360000610352,0.0654150024056435,0.0523319989442825,134.67170715332,-88.2597,26.6985,11.6130649058502,63,63,63,63,61,63,0.042987,7817,1.11627530284214,27,-88,0.001869,51,2025-06-15 14:27:00.001541,138,1.037,0.0011,"aoml_navis",1027.08167762397
"7901009",73,0.0318120448509304,1,0.057939,1,0.035511,1,139.116553906578,1,4.86809046683471,140,1,16.8929996490479,36.226001739502,0.0579390004277229,0.0448560006916523,134.14990234375,-88.2597,26.6985,11.6130649058502,63,63,63,63,61,63,0.035511,7817,1.11627530284214,27,-88,0.001869,51,2025-06-15 14:27:00.001541,140,1.037,0.0011,"aoml_navis",1027.09677111877
"7901009",73,0.0334863630009794,1,0.059808,1,0.03738,1,138.411164229916,1,4.86803323613188,142,1,16.8570003509521,36.2190017700195,0.0598080009222031,0.0467250011861324,133.469696044922,-88.2597,26.6985,11.6130649058502,63,63,63,63,61,63,0.03738,7817,1.11627530284214,27,-88,0.001869,51,2025-06-15 14:27:00.001541,142,1.037,0.0011,"aoml_navis",1027.10884611235
"7901009",73,0.0301377267008814,1,0.05607,1,0.033642,1,138.168396756737,1,4.86790220382856,144,1,16.7080001831055,36.1969985961914,0.0560699999332428,0.0429870001971722,133.235595703125,-88.2597,26.6985,11.6130649058502,63,63,63,63,61,63,0.033642,7817,1.11627530284214,27,-88,0.001869,51,2025-06-15 14:27:00.001541,144,1.037,0.0011,"aoml_navis",1027.13649342987
"7901009",73,0.0284634085508325,1,0.054201,1,0.031773,1,137.731915334488,1,4.86782592112058,146,1,16.6259994506836,36.1809997558594,0.0542009994387627,0.041117999702692,132.814697265625,-88.2597,26.6985,11.6130649058502,63,63,63,63,61,63,0.031773,7817,1.11627530284214,27,-88,0.001869,51,2025-06-15 14:27:00.001541,146,1.037,0.0011,"aoml_navis",1027.15258947653
"7901009",73,0.0318120448509304,1,0.057939,1,0.035511,1,137.028503622507,1,4.8677497739137,148,1,16.5599994659424,36.1699981689453,0.0579390004277229,0.0448560006916523,132.13639831543,-88.2597,26.6985,11.6130649058502,63,63,63,63,61,63,0.035511,7817,1.11627530284214,27,-88,0.001869,51,2025-06-15 14:27:00.001541,148,1.037,0.0011,"aoml_navis",1027.16865743491
"7901009",73,0.0318120448509304,1,0.057939,1,0.035511,1,136.124114875144,1,4.86763910453901,150,1,16.4340000152588,36.1500015258789,0.0579390004277229,0.0448560006916523,131.264297485352,-88.2597,26.6985,11.6130649058502,63,63,63,63,61,63,0.035511,7817,1.11627530284214,27,-88,0.001869,51,2025-06-15 14:27:00.001541,150,1.037,0.0011,"aoml_navis",1027.19201087393
"7901009",73,0.0418579537512242,1,0.069153,1,0.046725,1,135.517037955024,1,4.86755064054639,152,1,16.3239994049072,36.1290016174316,0.0691530033946037,0.0560699999332428,130.678894042969,-88.2597,26.6985,11.6130649058502,63,63,63,63,61,63,0.046725,7817,1.11627530284214,27,-88,0.001869,51,2025-06-15 14:27:00.001541,152,1.037,0.0011,"aoml_navis",1027.21067929942
"7901009",73,0.0368349993010773,1,0.063546,1,0.041118,1,135.012846845788,1,4.86744427983842,154,1,16.2040004730225,36.1100006103516,0.0635460019111633,0.0504629984498024,130.19270324707,-88.2597,26.6985,11.6130649058502,63,63,63,63,61,63,0.041118,7817,1.11627530284214,27,-88,0.001869,51,2025-06-15 14:27:00.001541,154,1.037,0.0011,"aoml_navis",1027.23312534067
"7901009",73,0.0334863630009794,1,0.059808,1,0.03738,1,134.61296568201,1,4.86735911484287,156,1,16.1189994812012,36.0960006713867,0.0598080009222031,0.0467250011861324,129.807098388672,-88.2597,26.6985,11.6130649058502,63,63,63,63,61,63,0.03738,7817,1.11627530284214,27,-88,0.001869,51,2025-06-15 14:27:00.001541,156,1.037,0.0011,"aoml_navis",1027.25109901027
"7901009",73,0.0267890904007835,1,0.052332,1,0.029904,1,134.097666323122,1,4.86730109560761,158,1,16.0779991149902,36.0880012512207,0.0523319989442825,0.0392489992082119,129.310195922852,-88.2597,26.6985,11.6130649058502,63,63,63,63,61,63,0.029904,7817,1.11627530284214,27,-88,0.001869,51,2025-06-15 14:27:00.001541,158,1.037,0.0011,"aoml_navis",1027.26334405573
"7901009",73,0.0284634085508325,1,0.054201,1,0.031773,1,133.906958880367,1,4.86717349580976,160,1,15.9309997558594,36.0670013427734,0.0542009994387627,0.041117999702692,129.12629699707,-88.2597,26.6985,11.6130649058502,63,63,63,63,61,63,0.031773,7817,1.11627530284214,27,-88,0.001869,51,2025-06-15 14:27:00.001541,160,1.037,0.0011,"aoml_navis",1027.29027520893
"7901009",73,0.0200918178005876,1,0.044856,1,0.022428,1,133.825973094437,1,4.86705960823688,162,1,15.798999786377,36.0470008850098,0.0448560006916523,0.0317730009555817,129.048202514648,-88.2597,26.6985,11.6130649058502,63,63,63,63,61,63,0.022428,7817,1.11627530284214,27,-88,0.001869,51,2025-06-15 14:27:00.001541,162,1.037,0.0011,"aoml_navis",1027.31431345902
"7901009",73,0.0217661359506366,1,0.046725,1,0.024297,1,133.871909346206,1,4.86695082471026,164,1,15.6709995269775,36.0270004272461,0.0467250011861324,0.0336420014500618,129.092498779297,-88.2597,26.6985,11.6130649058502,63,63,63,63,61,63,0.024297,7817,1.11627530284214,27,-88,0.001869,51,2025-06-15 14:27:00.001541,164,1.037,0.0011,"aoml_navis",1027.33727544857
"7901009",73,0.0200918178005876,1,0.044856,1,0.022428,1,133.601766841832,1,4.86686430223715,166,1,15.5830001831055,36.0130004882812,0.0448560006916523,0.0317730009555817,128.832000732422,-88.2597,26.6985,11.6130649058502,63,63,63,63,61,63,0.022428,7817,1.11627530284214,27,-88,0.001869,51,2025-06-15 14:27:00.001541,166,1.037,0.0011,"aoml_navis",1027.35553931546
"7901009",73,0.0184174996505387,1,0.042987,1,0.020559,1,133.31067373555,1,4.86678312590176,168,1,15.5030002593994,36,0.0429870001971722,0.0299040004611015,128.551300048828,-88.2597,26.6985,11.6130649058502,63,63,63,63,61,63,0.020559,7817,1.11627530284214,27,-88,0.001869,51,2025-06-15 14:27:00.001541,168,1.037,0.0011,"aoml_navis",1027.37267526659
"7901009",73,0.0217661359506366,1,0.046725,1,0.024297,1,132.960463220859,1,4.86670802126008,170,1,15.4250001907349,35.9860000610352,0.0467250011861324,0.0336420014500618,128.213592529297,-88.2597,26.6985,11.6130649058502,63,63,63,63,61,63,0.024297,7817,1.11627530284214,27,-88,0.001869,51,2025-06-15 14:27:00.001541,170,1.037,0.0011,"aoml_navis",1027.38853002022
"7901009",73,0.0184174996505387,1,0.042987,1,0.020559,1,132.428066335262,1,4.86659957665227,172,1,15.3090000152588,35.9700012207031,0.0429870001971722,0.0299040004611015,127.700202941895,-88.2597,26.6985,11.6130649058502,63,63,63,63,61,63,0.020559,7817,1.11627530284214,27,-88,0.001869,51,2025-06-15 14:27:00.001541,172,1.037,0.0011,"aoml_navis",1027.41142377682
"7901009",73,0.0251147722507345,1,0.050463,1,0.028035,1,132.071534245448,1,4.86653776435743,174,1,15.2530002593994,35.9589996337891,0.0504629984498024,0.0373799987137318,127.356399536133,-88.2597,26.6985,11.6130649058502,63,63,63,63,61,63,0.028035,7817,1.11627530284214,27,-88,0.001869,51,2025-06-15 14:27:00.001541,174,1.037,0.0011,"aoml_navis",1027.42447343572
"7901009",73,0.0234404541006856,1,0.048594,1,0.026166,1,131.990643401824,1,4.86642740394231,176,1,15.1309995651245,35.9420013427734,0.0485940016806126,0.0355109982192516,127.278396606445,-88.2597,26.6985,11.6130649058502,63,63,63,63,61,63,0.026166,7817,1.11627530284214,27,-88,0.001869,51,2025-06-15 14:27:00.001541,176,1.037,0.0011,"aoml_navis",1027.44777327809
"7901009",73,0.0167431815004897,1,0.041118,1,0.01869,1,131.774325272369,1,4.86636023102486,178,1,15.0729999542236,35.931999206543,0.041117999702692,0.0280349999666214,127.069801330566,-88.2597,26.6985,11.6130649058502,63,63,63,63,61,63,0.01869,7817,1.11627530284214,27,-88,0.001869,51,2025-06-15 14:27:00.001541,178,1.037,0.0011,"aoml_navis",1027.4619556775
"7901009",73,0.0184174996505387,1,0.042987,1,0.020559,1,131.460517219681,1,4.86631429747923,180,1,15.0520000457764,35.9269981384277,0.0429870001971722,0.0299040004611015,126.767196655273,-88.2597,26.6985,11.6130649058502,63,63,63,63,61,63,0.020559,7817,1.11627530284214,27,-88,0.001869,51,2025-06-15 14:27:00.001541,180,1.037,0.0011,"aoml_navis",1027.4716539764
"7901009",73,0.0200918178005876,1,0.044856,1,0.022428,1,131.170571332914,1,4.86624849789381,182,1,15.0019998550415,35.9189987182617,0.0448560006916523,0.0317730009555817,126.487602233887,-88.2597,26.6985,11.6130649058502,63,63,63,63,61,63,0.022428,7817,1.11627530284214,27,-88,0.001869,51,2025-06-15 14:27:00.001541,182,1.037,0.0011,"aoml_navis",1027.4855470624
"7901009",73,0.0133945452003917,1,0.03738,1,0.014952,1,130.92634807773,1,4.8661683115863,184,1,14.9280004501343,35.9080009460449,0.0373799987137318,0.0242970008403063,126.252098083496,-88.2597,26.6985,11.6130649058502,63,63,63,63,61,63,0.014952,7817,1.11627530284214,27,-88,0.001869,51,2025-06-15 14:27:00.001541,184,1.037,0.0011,"aoml_navis",1027.50247830414
"7901009",73,0.0117202270503428,1,0.035511,1,0.013083,1,130.624471108002,1,4.86608894324113,186,1,14.8579998016357,35.8979988098145,0.0355109982192516,0.0224280003458261,125.960998535156,-88.2597,26.6985,11.6130649058502,63,63,63,63,61,63,0.013083,7817,1.11627530284214,27,-88,0.001869,51,2025-06-15 14:27:00.001541,186,1.037,0.0011,"aoml_navis",1027.51923738362
"7901009",73,0.0100459089002938,1,0.033642,1,0.011214,1,130.422774093475,1,4.86601187196609,188,1,14.789999961853,35.8880004882812,0.0336420014500618,0.020558999851346,125.766502380371,-88.2597,26.6985,11.6130649058502,63,63,63,63,61,63,0.011214,7817,1.11627530284214,27,-88,0.001869,51,2025-06-15 14:27:00.001541,188,1.037,0.0011,"aoml_navis",1027.53551194682
"7901009",73,0.0133945452003917,1,0.03738,1,0.014952,1,129.91255414789,1,4.86597205235234,190,1,14.7849998474121,35.8860015869141,0.0373799987137318,0.0242970008403063,125.27449798584,-88.2597,26.6985,11.6130649058502,63,63,63,63,61,63,0.014952,7817,1.11627530284214,27,-88,0.001869,51,2025-06-15 14:27:00.001541,190,1.037,0.0011,"aoml_navis",1027.54392055804
"7901009",73,0.0100459089002938,1,0.033642,1,0.011214,1,129.257159506524,1,4.86592263272034,192,1,14.7569999694824,35.8800010681152,0.0336420014500618,0.020558999851346,124.642501831055,-88.2597,26.6985,11.6130649058502,63,63,63,63,61,63,0.011214,7817,1.11627530284214,27,-88,0.001869,51,2025-06-15 14:27:00.001541,192,1.037,0.0011,"aoml_navis",1027.55435657322
"7901009",73,0.0100459089002938,1,0.033642,1,0.011214,1,128.859462015754,1,4.86585839334904,194,1,14.6940002441406,35.8680000305176,0.0336420014500618,0.020558999851346,124.259002685547,-88.2597,26.6985,11.6130649058502,63,63,63,63,61,63,0.011214,7817,1.11627530284214,27,-88,0.001869,51,2025-06-15 14:27:00.001541,194,1.037,0.0011,"aoml_navis",1027.56792241104
"7901009",73,0.0100459089002938,1,0.033642,1,0.011214,1,128.950195211635,1,4.86575142183507,196,1,14.5690002441406,35.8499984741211,0.0336420014500618,0.020558999851346,124.346496582031,-88.2597,26.6985,11.6130649058502,63,63,63,63,61,63,0.011214,7817,1.11627530284214,27,-88,0.001869,51,2025-06-15 14:27:00.001541,196,1.037,0.0011,"aoml_navis",1027.59051306289
"7901009",73,0.0050229544501469,1,0.028035,1,0.005607,1,128.920438710962,1,4.86568194983428,198,1,14.4969997406006,35.8370018005371,0.0280349999666214,0.0149520002305508,124.317802429199,-88.2597,26.6985,11.6130649058502,63,63,63,63,61,63,0.005607,7817,1.11627530284214,27,-88,0.001869,51,2025-06-15 14:27:00.001541,198,1.037,0.0011,"aoml_navis",1027.60518495671
"7901009",73,0.00837159075024484,1,0.031773,1,0.009345,1,128.875325292501,1,4.86558476986374,200,1,14.3909997940063,35.8219985961914,0.0317730009555817,0.0186899993568659,124.274299621582,-88.2597,26.6985,11.6130649058502,63,63,63,63,61,63,0.009345,7817,1.11627530284214,27,-88,0.001869,51,2025-06-15 14:27:00.001541,200,1.037,0.0011,"aoml_navis",1027.62570924029
"7901009",73,0.00334863630009794,1,0.026166,1,0.003738,1,128.954863208284,1,4.86550552942562,202,1,14.3090000152588,35.8089981079102,0.0261659994721413,0.0130829997360706,124.350997924805,-88.2597,26.6985,11.6130649058502,63,63,63,63,61,63,0.003738,7817,1.11627530284214,27,-88,0.001869,51,2025-06-15 14:27:00.001541,202,1.037,0.0011,"aoml_navis",1027.64244532474
"7901009",73,0.00669727260019587,1,0.029904,1,0.007476,1,128.60684427846,1,4.86544988321357,204,1,14.2779998779297,35.8040008544922,0.0299040004611015,0.0168210007250309,124.015403747559,-88.2597,26.6985,11.6130649058502,63,63,63,63,61,63,0.007476,7817,1.11627530284214,27,-88,0.001869,51,2025-06-15 14:27:00.001541,204,1.037,0.0011,"aoml_navis",1027.65419848443
"7901009",73,0.0100459089002938,1,0.033642,1,0.011214,1,127.942002877774,1,4.86540394818522,206,1,14.2670001983643,35.8019981384277,0.0336420014500618,0.020558999851346,123.374298095703,-88.2597,26.6985,11.6130649058502,63,63,63,63,61,63,0.011214,7817,1.11627530284214,27,-88,0.001869,51,2025-06-15 14:27:00.001541,206,1.037,0.0011,"aoml_navis",1027.66390072606
"7901009",73,0.0050229544501469,1,0.028035,1,0.005607,1,127.18031241441,1,4.86535350060035,208,1,14.2410001754761,35.7970008850098,0.0280349999666214,0.0149520002305508,122.639801025391,-88.2597,26.6985,11.6130649058502,63,63,63,63,61,63,0.005607,7817,1.11627530284214,27,-88,0.001869,51,2025-06-15 14:27:00.001541,208,1.037,0.0011,"aoml_navis",1027.67455630573
"7901009",73,0.00669727260019587,1,0.029904,1,0.007476,1,126.338039669913,1,4.86530730757626,210,1,14.2119998931885,35.7900009155273,0.0299040004611015,0.0168210007250309,121.827598571777,-88.2597,26.6985,11.6130649058502,63,63,63,63,61,63,0.007476,7817,1.11627530284214,27,-88,0.001869,51,2025-06-15 14:27:00.001541,210,1.037,0.0011,"aoml_navis",1027.68431342744
"7901009",73,0.00334863630009794,1,0.026166,1,0.003738,1,125.617514607506,1,4.86521459690647,212,1,14.1020002365112,35.7729988098145,0.0261659994721413,0.0130829997360706,121.132797241211,-88.2597,26.6985,11.6130649058502,63,63,63,63,61,63,0.003738,7817,1.11627530284214,27,-88,0.001869,51,2025-06-15 14:27:00.001541,212,1.037,0.0011,"aoml_navis",1027.70389679815
"7901009",73,0.00837159075024484,1,0.031773,1,0.009345,1,125.202086641329,1,4.86511934095455,214,1,13.9890003204346,35.7560005187988,0.0317730009555817,0.0186899993568659,120.732200622559,-88.2597,26.6985,11.6130649058502,63,63,63,63,61,63,0.009345,7817,1.11627530284214,27,-88,0.001869,51,2025-06-15 14:27:00.001541,214,1.037,0.0011,"aoml_navis",1027.72401858882
"7901009",73,0,1,0.022428,1,0,1,125.227285911374,1,4.86503356723443,216,1,13.8920001983643,35.7410011291504,0.0224280003458261,0.00934499967843294,120.756500244141,-88.2597,26.6985,11.6130649058502,63,63,63,63,61,63,0,7817,1.11627530284214,27,-88,0.001869,51,2025-06-15 14:27:00.001541,216,1.037,0.0011,"aoml_navis",1027.74213803468
"7901009",73,0.00334863630009794,1,0.026166,1,0.003738,1,125.187568380565,1,4.8649588662003,218,1,13.8199996948242,35.7299995422363,0.0261659994721413,0.0130829997360706,120.718200683594,-88.2597,26.6985,11.6130649058502,63,63,63,63,61,63,0.003738,7817,1.11627530284214,27,-88,0.001869,51,2025-06-15 14:27:00.001541,218,1.037,0.0011,"aoml_navis",1027.75791892875
"7901009",73,0.00167431815004897,1,0.024297,1,0.001869,1,124.809057147208,1,4.86491230258019,220,1,13.8009996414185,35.726001739502,0.0242970008403063,0.0112140001729131,120.353202819824,-88.2597,26.6985,11.6130649058502,63,63,63,63,61,63,0.001869,7817,1.11627530284214,27,-88,0.001869,51,2025-06-15 14:27:00.001541,220,1.037,0.0011,"aoml_navis",1027.76775592608
"7901009",73,-0.00334863630009794,1,0.01869,1,-0.003738,1,124.356807390515,1,4.86486475655985,222,1,13.7810001373291,35.7220001220703,0.0186899993568659,0.00560700008645654,119.917098999023,-88.2597,26.6985,11.6130649058502,63,63,63,63,61,63,-0.003738,7817,1.11627530284214,27,-88,0.001869,51,2025-06-15 14:27:00.001541,222,1.037,0.0011,"aoml_navis",1027.77780065888
"7901009",73,0.00167431815004897,1,0.024297,1,0.001869,1,124.00494329735,1,4.86481002266275,224,1,13.7430000305176,35.7150001525879,0.0242970008403063,0.0112140001729131,119.577796936035,-88.2597,26.6985,11.6130649058502,63,63,63,63,61,63,0.001869,7817,1.11627530284214,27,-88,0.001869,51,2025-06-15 14:27:00.001541,224,1.037,0.0011,"aoml_navis",1027.78936416992
"7901009",73,0,1,0.022428,1,0,1,124.529887212026,1,4.86472087572816,226,1,13.6379995346069,35.6990013122559,0.0224280003458261,0,120.083999633789,-88.2597,26.6985,11.6130649058502,63,63,63,63,61,63,0,7817,1.11627530284214,27,-88,0.001869,51,2025-06-15 14:27:00.001541,226,1.037,0.0011,"aoml_navis",1027.80819860535
"7901009",73,0,1,0.028035,1,0.005607,1,124.948115976193,1,4.86464824784501,228,1,13.5600004196167,35.6860008239746,0.0280349999666214,0,120.487297058105,-88.2597,26.6985,11.6130649058502,63,63,63,63,61,63,0,7817,1.11627530284214,27,-88,0.001869,51,2025-06-15 14:27:00.001541,228,1.037,0.0011,"aoml_navis",1027.82354350388
"7901009",73,0,1,0.020559,1,-0.001869,1,125.008475546421,1,4.86459585928038,230,1,13.5240001678467,35.6790008544922,0.020558999851346,0,120.545501708984,-88.2597,26.6985,11.6130649058502,63,63,63,63,61,63,0,7817,1.11627530284214,27,-88,0.001869,51,2025-06-15 14:27:00.001541,230,1.037,0.0011,"aoml_navis",1027.83461250153
"7901009",73,0,1,0.024297,1,0.001869,1,124.919910199831,1,4.8645442101708,232,1,13.5069999694824,35.6769981384277,0.0242970008403063,0,120.460098266602,-88.2597,26.6985,11.6130649058502,63,63,63,63,61,63,0,7817,1.11627530284214,27,-88,0.001869,51,2025-06-15 14:27:00.001541,232,1.037,0.0011,"aoml_navis",1027.84552549569
"7901009",73,0,1,0.026166,1,0.003738,1,124.829382712277,1,4.86449055511216,234,1,13.4770002365112,35.6720008850098,0.0261659994721413,0,120.372802734375,-88.2597,26.6985,11.6130649058502,63,63,63,63,61,63,0,7817,1.11627530284214,27,-88,0.001869,51,2025-06-15 14:27:00.001541,234,1.037,0.0011,"aoml_navis",1027.85686257432
"7901009",73,0,1,0.054201,1,0.031773,1,124.669990406363,1,4.86444358765085,236,1,13.4610004425049,35.6689987182617,0.0542009994387627,0,120.219100952148,-88.2597,26.6985,11.6130649058502,63,63,63,63,61,63,0,7817,1.11627530284214,27,-88,0.001869,51,2025-06-15 14:27:00.001541,236,1.037,0.0011,"aoml_navis",1027.86678679824
"7901009",73,0,1,0.024297,1,0.001869,1,124.48592101308,1,4.86439960340367,238,1,13.4479999542236,35.6660003662109,0.0242970008403063,0,120.041603088379,-88.2597,26.6985,11.6130649058502,63,63,63,63,61,63,0,7817,1.11627530284214,27,-88,0.001869,51,2025-06-15 14:27:00.001541,238,1.037,0.0011,"aoml_navis",1027.87608084283
"7901009",73,0,1,0.022428,1,0,1,124.430640856155,1,4.8643278403587,240,1,13.3850002288818,35.6570014953613,0.0224280003458261,0,119.988296508789,-88.2597,26.6985,11.6130649058502,63,63,63,63,61,63,0,7817,1.11627530284214,27,-88,0.001869,51,2025-06-15 14:27:00.001541,240,1.037,0.0011,"aoml_navis",1027.89124501758
"7901009",73,0,1,0.026166,1,0.003738,1,124.332336011472,1,4.86427074053929,242,1,13.3439998626709,35.6500015258789,0.0261659994721413,0,119.893501281738,-88.2597,26.6985,11.6130649058502,63,63,63,63,61,63,0,7817,1.11627530284214,27,-88,0.001869,51,2025-06-15 14:27:00.001541,242,1.037,0.0011,"aoml_navis",1027.90331104096
"7901009",73,0,1,0.028035,1,0.005607,1,124.101286001069,1,4.86421493274481,244,1,13.3190002441406,35.6469993591309,0.0280349999666214,0,119.670700073242,-88.2597,26.6985,11.6130649058502,63,63,63,63,61,63,0,7817,1.11627530284214,27,-88,0.001869,51,2025-06-15 14:27:00.001541,244,1.037,0.0011,"aoml_navis",1027.91510431439
"7901009",73,0,1,0.029904,1,0.007476,1,123.568564729264,1,4.86417033014887,246,1,13.3090000152588,35.6450004577637,0.0299040004611015,0,119.156997680664,-88.2597,26.6985,11.6130649058502,63,63,63,63,61,63,0,7817,1.11627530284214,27,-88,0.001869,51,2025-06-15 14:27:00.001541,246,1.037,0.0011,"aoml_navis",1027.9245299058
"7901009",73,0,1,0.024297,1,0.001869,1,122.906737746752,1,4.86410505179143,248,1,13.2670001983643,35.6399993896484,0.0242970008403063,0,118.518798828125,-88.2597,26.6985,11.6130649058502,63,63,63,63,61,63,0,7817,1.11627530284214,27,-88,0.001869,51,2025-06-15 14:27:00.001541,248,1.037,0.0011,"aoml_navis",1027.93832508994
"7901009",73,0,1,0.022428,1,0,1,121.979744819006,1,4.86404262957772,250,1,13.2130002975464,35.6310005187988,0.0224280003458261,0,117.624900817871,-88.2597,26.6985,11.6130649058502,63,63,63,63,61,63,0,7817,1.11627530284214,27,-88,0.001869,51,2025-06-15 14:27:00.001541,250,1.037,0.0011,"aoml_navis",1027.95151703555
"7901009",73,0,1,0.028035,1,0.005607,1,121.074731034804,1,4.86396208681975,252,1,13.1330003738403,35.6199989318848,0.0280349999666214,0,116.752197265625,-88.2597,26.6985,11.6130649058502,63,63,63,63,61,63,0,7817,1.11627530284214,27,-88,0.001869,51,2025-06-15 14:27:00.001541,252,1.037,0.0011,"aoml_navis",1027.96853897132
"7901009",73,0,1,0.029904,1,0.007476,1,120.326103050199,1,4.86391325773753,254,1,13.1000003814697,35.6129989624023,0.0299040004611015,0,116.030296325684,-88.2597,26.6985,11.6130649058502,63,63,63,63,61,63,0,7817,1.11627530284214,27,-88,0.001869,51,2025-06-15 14:27:00.001541,254,1.037,0.0011,"aoml_navis",1027.97885880181
"7901009",73,0,1,0.028035,1,0.005607,1,119.97476113971,1,4.86383580982267,256,1,13.0340003967285,35.6049995422363,0.0280349999666214,0,115.691497802734,-88.2597,26.6985,11.6130649058502,63,63,63,63,61,63,0,7817,1.11627530284214,27,-88,0.001869,51,2025-06-15 14:27:00.001541,256,1.037,0.0011,"aoml_navis",1027.99522753263
"7901009",73,0,1,0.026166,1,0.003738,1,119.956097064973,1,4.86377879783662,258,1,12.9849996566772,35.5960006713867,0.0261659994721413,0,115.673500061035,-88.2597,26.6985,11.6130649058502,63,63,63,63,61,63,0,7817,1.11627530284214,27,-88,0.001869,51,2025-06-15 14:27:00.001541,258,1.037,0.0011,"aoml_navis",1028.00727743292
"7901009",73,0,1,0.024297,1,0.001869,1,119.954957757317,1,4.86372602146696,260,1,12.9589996337891,35.5919990539551,0.0242970008403063,0,115.672401428223,-88.2597,26.6985,11.6130649058502,63,63,63,63,61,63,0,7817,1.11627530284214,27,-88,0.001869,51,2025-06-15 14:27:00.001541,260,1.037,0.0011,"aoml_navis",1028.0184323565
"7901009",73,0,1,0.024297,1,0.001869,1,119.970615325737,1,4.86367279338681,262,1,12.9250001907349,35.5859985351562,0.0242970008403063,0,115.6875,-88.2597,26.6985,11.6130649058502,63,63,63,63,61,63,0,7817,1.11627530284214,27,-88,0.001869,51,2025-06-15 14:27:00.001541,262,1.037,0.0011,"aoml_navis",1028.02968299976
"7901009",73,0,1,0.024297,1,0.001869,1,119.921878275979,1,4.86362395556584,264,1,12.9029998779297,35.5820007324219,0.0242970008403063,0,115.640502929688,-88.2597,26.6985,11.6130649058502,63,63,63,63,61,63,0,7817,1.11627530284214,27,-88,0.001869,51,2025-06-15 14:27:00.001541,264,1.037,0.0011,"aoml_navis",1028.04000590508
"7901009",73,0,1,0.028035,1,0.005607,1,120.118598731367,1,4.86357320551614,266,1,12.878999710083,35.5779991149902,0.0280349999666214,0,115.830200195312,-88.2597,26.6985,11.6130649058502,63,63,63,63,61,63,0,7817,1.11627530284214,27,-88,0.001869,51,2025-06-15 14:27:00.001541,266,1.037,0.0011,"aoml_navis",1028.05073322
"7901009",73,0,1,0.022428,1,0,1,120.513495424147,1,4.86352471257166,268,1,12.8459997177124,35.5709991455078,0.0224280003458261,0,116.210998535156,-88.2597,26.6985,11.6130649058502,63,63,63,63,61,63,0,7817,1.11627530284214,27,-88,0.001869,51,2025-06-15 14:27:00.001541,268,1.037,0.0011,"aoml_navis",1028.06098364743
"7901009",73,0,1,0.024297,1,0.001869,1,120.874481890424,1,4.86344394244687,270,1,12.7379999160767,35.5530014038086,0.0242970008403063,0,116.559097290039,-88.2597,26.6985,11.6130649058502,63,63,63,63,61,63,0,7817,1.11627530284214,27,-88,0.001869,51,2025-06-15 14:27:00.001541,270,1.037,0.0011,"aoml_navis",1028.07805727158
"7901009",73,0,1,0.024297,1,0.001869,1,120.713127443546,1,4.86335775684945,272,1,12.6199998855591,35.5340003967285,0.0242970008403063,0,116.403503417969,-88.2597,26.6985,11.6130649058502,63,63,63,63,61,63,0,7817,1.11627530284214,27,-88,0.001869,51,2025-06-15 14:27:00.001541,272,1.037,0.0011,"aoml_navis",1028.09627627293
"7901009",73,0,1,0.028035,1,0.005607,1,120.544193436008,1,4.86328081633803,274,1,12.5340003967285,35.5209999084473,0.0280349999666214,0,116.240600585938,-88.2597,26.6985,11.6130649058502,63,63,63,63,61,63,0,7817,1.11627530284214,27,-88,0.001869,51,2025-06-15 14:27:00.001541,274,1.037,0.0011,"aoml_navis",1028.11254147666
"7901009",73,0,1,0.028035,1,0.005607,1,120.33212397469,1,4.86320625858361,276,1,12.4540004730225,35.5089988708496,0.0280349999666214,0,116.036102294922,-88.2597,26.6985,11.6130649058502,63,63,63,63,61,63,0,7817,1.11627530284214,27,-88,0.001869,51,2025-06-15 14:27:00.001541,276,1.037,0.0011,"aoml_navis",1028.1283034572
"7901009",73,0,1,0.028035,1,0.005607,1,119.966675220091,1,4.86314188872487,278,1,12.3959999084473,35.5,0.0280349999666214,0,115.683700561523,-88.2597,26.6985,11.6130649058502,63,63,63,63,61,63,0,7817,1.11627530284214,27,-88,0.001869,51,2025-06-15 14:27:00.001541,278,1.037,0.0011,"aoml_navis",1028.14191204094
"7901009",73,0,1,0.031773,1,0.009345,1,119.581525937262,1,4.86305916315289,280,1,12.3030004501343,35.4869995117188,0.0317730009555817,0,115.312301635742,-88.2597,26.6985,11.6130649058502,63,63,63,63,61,63,0,7817,1.11627530284214,27,-88,0.001869,51,2025-06-15 14:27:00.001541,280,1.037,0.0011,"aoml_navis",1028.15940177835
"7901009",73,0,1,0.028035,1,0.005607,1,119.344360060062,1,4.86298656390144,282,1,12.2320003509521,35.4770011901855,0.0280349999666214,0,115.083602905273,-88.2597,26.6985,11.6130649058502,63,63,63,63,61,63,0,7817,1.11627530284214,27,-88,0.001869,51,2025-06-15 14:27:00.001541,282,1.037,0.0011,"aoml_navis",1028.17475111192
"7901009",73,0,1,0.024297,1,0.001869,1,118.865771725668,1,4.8629354060685,284,1,12.2030000686646,35.4720001220703,0.0242970008403063,0,114.622100830078,-88.2597,26.6985,11.6130649058502,63,63,63,63,61,63,0,7817,1.11627530284214,27,-88,0.001869,51,2025-06-15 14:27:00.001541,284,1.037,0.0011,"aoml_navis",1028.18556745797
"7901009",73,0,1,0.031773,1,0.009345,1,118.093289487001,1,4.8628831388662,286,1,12.164999961853,35.4650001525879,0.0317730009555817,0,113.877197265625,-88.2597,26.6985,11.6130649058502,63,63,63,63,61,63,0,7817,1.11627530284214,27,-88,0.001869,51,2025-06-15 14:27:00.001541,286,1.037,0.0011,"aoml_navis",1028.196618594
"7901009",73,0,1,0.026166,1,0.003738,1,116.98969596061,1,4.86281633611609,288,1,12.0880002975464,35.4519996643066,0.0261659994721413,0,112.813003540039,-88.2597,26.6985,11.6130649058502,63,63,63,63,61,63,0,7817,1.11627530284214,27,-88,0.001869,51,2025-06-15 14:27:00.001541,288,1.037,0.0011,"aoml_navis",1028.21074340502
"7901009",73,0,1,0.026166,1,0.003738,1,117.13642929256,1,4.86265205898286,290,1,11.8229999542236,35.4179992675781,0.0261659994721413,0,112.954498291016,-88.2597,26.6985,11.6130649058502,63,63,63,63,61,63,0,7817,1.11627530284214,27,-88,0.001869,51,2025-06-15 14:27:00.001541,290,1.037,0.0011,"aoml_navis",1028.24547990503
"7901009",73,0,1,0.028035,1,0.005607,1,117.162562161936,1,4.86256697956769,292,1,11.6809997558594,35.3940010070801,0.0280349999666214,0,112.979698181152,-88.2597,26.6985,11.6130649058502,63,63,63,63,61,63,0,7817,1.11627530284214,27,-88,0.001869,51,2025-06-15 14:27:00.001541,292,1.037,0.0011,"aoml_navis",1028.2634709218
"7901009",73,0,1,0.028035,1,0.005607,1,116.513077679038,1,4.8625146518263,294,1,11.6499996185303,35.3889999389648,0.0280349999666214,0,112.353401184082,-88.2597,26.6985,11.6130649058502,63,63,63,63,61,63,0,7817,1.11627530284214,27,-88,0.001869,51,2025-06-15 14:27:00.001541,294,1.037,0.0011,"aoml_navis",1028.27453653473
"7901009",73,0,1,0.026166,1,0.003738,1,115.930060721306,1,4.86245869650712,296,1,11.6190004348755,35.3849983215332,0.0261659994721413,0,111.791198730469,-88.2597,26.6985,11.6130649058502,63,63,63,63,61,63,0,7817,1.11627530284214,27,-88,0.001869,51,2025-06-15 14:27:00.001541,296,1.037,0.0011,"aoml_navis",1028.28636952571
"7901009",73,0,1,0.029904,1,0.007476,1,115.269270192288,1,4.86240097930437,298,1,11.5740003585815,35.3779983520508,0.0299040004611015,0,111.153999328613,-88.2597,26.6985,11.6130649058502,63,63,63,63,61,63,0,7817,1.11627530284214,27,-88,0.001869,51,2025-06-15 14:27:00.001541,298,1.037,0.0011,"aoml_navis",1028.29857539131
"7901009",73,0,1,0.026166,1,0.003738,1,113.953805001048,1,4.86233791862191,300,1,11.5150003433228,35.3689994812012,0.0261659994721413,0,109.885498046875,-88.2597,26.6985,11.6130649058502,63,63,63,63,61,63,0,7817,1.11627530284214,27,-88,0.001869,51,2025-06-15 14:27:00.001541,300,1.037,0.0011,"aoml_navis",1028.31191161167
"7901009",73,0,1,0.028035,1,0.005607,1,111.672151533928,1,4.86226847275479,302,1,11.4689998626709,35.3650016784668,0.0280349999666214,0,107.685302734375,-88.2597,26.6985,11.6130649058502,63,63,63,63,61,63,0,7817,1.11627530284214,27,-88,0.001869,51,2025-06-15 14:27:00.001541,302,1.037,0.0011,"aoml_navis",1028.32659858603
"7901009",73,0,1,0.026166,1,0.003738,1,109.967905516703,1,4.86219163159885,304,1,11.4390001296997,35.367000579834,0.0261659994721413,0,106.041900634766,-88.2597,26.6985,11.6130649058502,63,63,63,63,61,63,0,7817,1.11627530284214,27,-88,0.001869,51,2025-06-15 14:27:00.001541,304,1.037,0.0011,"aoml_navis",1028.34285006489
"7901009",73,0,1,0.029904,1,0.007476,1,109.413925080498,1,4.86211528103726,306,1,11.3690004348755,35.359001159668,0.0299040004611015,0,105.507698059082,-88.2597,26.6985,11.6130649058502,63,63,63,63,61,63,0,7817,1.11627530284214,27,-88,0.001869,51,2025-06-15 14:27:00.001541,306,1.037,0.0011,"aoml_navis",1028.35899829453
"7901009",73,0,1,0.026166,1,0.003738,1,108.591257921926,1,4.86205707700326,308,1,11.3269996643066,35.3530006408691,0.0261659994721413,0,104.714401245117,-88.2597,26.6985,11.6130649058502,63,63,63,63,61,63,0,7817,1.11627530284214,27,-88,0.001869,51,2025-06-15 14:27:00.001541,308,1.037,0.0011,"aoml_navis",1028.37130885386
"7901009",73,0,1,0.028035,1,0.005607,1,108.229124236134,1,4.86197049897546,310,1,11.2329998016357,35.3419990539551,0.0280349999666214,0,104.365196228027,-88.2597,26.6985,11.6130649058502,63,63,63,63,61,63,0,7817,1.11627530284214,27,-88,0.001869,51,2025-06-15 14:27:00.001541,310,1.037,0.0011,"aoml_navis",1028.38962125616
"7901009",73,0,1,0.026166,1,0.003738,1,108.199779152116,1,4.86188459430808,312,1,11.1269998550415,35.3279991149902,0.0261659994721413,0,104.336898803711,-88.2597,26.6985,11.6130649058502,63,63,63,63,61,63,0,7817,1.11627530284214,27,-88,0.001869,51,2025-06-15 14:27:00.001541,312,1.037,0.0011,"aoml_navis",1028.4077918784
"7901009",73,0,1,0.028035,1,0.005607,1,108.124909232982,1,4.86182346498852,314,1,11.0729999542236,35.3199996948242,0.0280349999666214,0,104.264701843262,-88.2597,26.6985,11.6130649058502,63,63,63,63,61,63,0,7817,1.11627530284214,27,-88,0.001869,51,2025-06-15 14:27:00.001541,314,1.037,0.0011,"aoml_navis",1028.42072239079
"7901009",73,0,1,0.028035,1,0.005607,1,108.030853056436,1,4.86175867722563,316,1,11.0229997634888,35.3139991760254,0.0280349999666214,0,104.174003601074,-88.2597,26.6985,11.6130649058502,63,63,63,63,61,63,0,7817,1.11627530284214,27,-88,0.001869,51,2025-06-15 14:27:00.001541,316,1.037,0.0011,"aoml_navis",1028.43442711831
"7901009",73,0,1,0.026166,1,0.003738,1,107.893550660088,1,4.86170883612454,318,1,10.9980001449585,35.310001373291,0.0261659994721413,0,104.041603088379,-88.2597,26.6985,11.6130649058502,63,63,63,63,61,63,0,7817,1.11627530284214,27,-88,0.001869,51,2025-06-15 14:27:00.001541,318,1.037,0.0011,"aoml_navis",1028.44497038735
"7901009",73,0,1,0.026166,1,0.003738,1,107.758629733217,1,4.86165471910434,320,1,10.96399974823,35.3050003051758,0.0261659994721413,0,103.911499023438,-88.2597,26.6985,11.6130649058502,63,63,63,63,61,63,0,7817,1.11627530284214,27,-88,0.001869,51,2025-06-15 14:27:00.001541,320,1.037,0.0011,"aoml_navis",1028.45641841902
"7901009",73,0,1,0.026166,1,0.003738,1,107.726689559536,1,4.86158702325883,322,1,10.8979997634888,35.2960014343262,0.0261659994721413,0,103.880699157715,-88.2597,26.6985,11.6130649058502,63,63,63,63,61,63,0,7817,1.11627530284214,27,-88,0.001869,51,2025-06-15 14:27:00.001541,322,1.037,0.0011,"aoml_navis",1028.47073930364
"7901009",73,0,1,0.026166,1,0.003738,1,107.732496863842,1,4.86152436992853,324,1,10.8500003814697,35.2900009155273,0.0261659994721413,0,103.886299133301,-88.2597,26.6985,11.6130649058502,63,63,63,63,61,63,0,7817,1.11627530284214,27,-88,0.001869,51,2025-06-15 14:27:00.001541,324,1.037,0.0011,"aoml_navis",1028.48399381232
"7901009",73,0,1,0.033642,1,0.011214,1,107.630141147491,1,4.86147559701304,326,1,10.826000213623,35.2859992980957,0.0336420014500618,0,103.78759765625,-88.2597,26.6985,11.6130649058502,63,63,63,63,61,63,0,7817,1.11627530284214,27,-88,0.001869,51,2025-06-15 14:27:00.001541,326,1.037,0.0011,"aoml_navis",1028.49431211216
"7901009",73,0,1,0.024297,1,0.001869,1,107.569995197448,1,4.86141836076813,328,1,10.7840003967285,35.2799987792969,0.0242970008403063,0,103.729598999023,-88.2597,26.6985,11.6130649058502,63,63,63,63,61,63,0,7817,1.11627530284214,27,-88,0.001869,51,2025-06-15 14:27:00.001541,328,1.037,0.0011,"aoml_navis",1028.506421161
"7901009",73,0,1,0.026166,1,0.003738,1,107.559314188167,1,4.86135873118554,330,1,10.7349996566772,35.2729988098145,0.0261659994721413,0,103.719299316406,-88.2597,26.6985,11.6130649058502,63,63,63,63,61,63,0,7817,1.11627530284214,27,-88,0.001869,51,2025-06-15 14:27:00.001541,330,1.037,0.0011,"aoml_navis",1028.51903685385
"7901009",73,0,1,0.029904,1,0.007476,1,107.682406886241,1,4.86129518492891,332,1,10.6730003356934,35.2639999389648,0.0299040004611015,0,103.837997436523,-88.2597,26.6985,11.6130649058502,63,63,63,63,61,63,0,7817,1.11627530284214,27,-88,0.001869,51,2025-06-15 14:27:00.001541,332,1.037,0.0011,"aoml_navis",1028.53248152902
"7901009",73,0,1,0.026166,1,0.003738,1,107.957114533101,1,4.86123249082474,334,1,10.6160001754761,35.2560005187988,0.0261659994721413,0,104.102897644043,-88.2597,26.6985,11.6130649058502,63,63,63,63,61,63,0,7817,1.11627530284214,27,-88,0.001869,51,2025-06-15 14:27:00.001541,334,1.037,0.0011,"aoml_navis",1028.54574625615
"7901009",73,0,1,0.028035,1,0.005607,1,108.733948294067,1,4.86117602203066,336,1,10.5659999847412,35.2480010986328,0.0280349999666214,0,104.851997375488,-88.2597,26.6985,11.6130649058502,63,63,63,63,61,63,0,7817,1.11627530284214,27,-88,0.001869,51,2025-06-15 14:27:00.001541,336,1.037,0.0011,"aoml_navis",1028.55769413413
"7901009",73,0,1,0.031773,1,0.009345,1,110.052625699951,1,4.86110621499928,338,1,10.4750003814697,35.234001159668,0.0317730009555817,0,106.123596191406,-88.2597,26.6985,11.6130649058502,63,63,63,63,61,63,0,7817,1.11627530284214,27,-88,0.001869,51,2025-06-15 14:27:00.001541,338,1.037,0.0011,"aoml_navis",1028.57246454977
"7901009",73,0,1,0.029904,1,0.007476,1,111.755938117846,1,4.86101525780576,340,1,10.3290004730225,35.2130012512207,0.0299040004611015,0,107.766098022461,-88.2597,26.6985,11.6130649058502,63,63,63,63,61,63,0,7817,1.11627530284214,27,-88,0.001869,51,2025-06-15 14:27:00.001541,340,1.037,0.0011,"aoml_navis",1028.5917107483
"7901009",73,0,1,0.028035,1,0.005607,1,113.305459825807,1,4.86095637690779,342,1,10.2410001754761,35.1969985961914,0.0280349999666214,0,109.260299682617,-88.2597,26.6985,11.6130649058502,63,63,63,63,61,63,0,7817,1.11627530284214,27,-88,0.001869,51,2025-06-15 14:27:00.001541,342,1.037,0.0011,"aoml_navis",1028.60417010791
"7901009",73,0,1,0.026166,1,0.003738,1,114.381686232861,1,4.86090634319803,344,1,10.1630001068115,35.1809997558594,0.0261659994721413,0,110.29810333252,-88.2597,26.6985,11.6130649058502,63,63,63,63,61,63,0,7817,1.11627530284214,27,-88,0.001869,51,2025-06-15 14:27:00.001541,344,1.037,0.0011,"aoml_navis",1028.61475761544
"7901009",73,0,1,0.024297,1,0.001869,1,115.054605641308,1,4.86081539451101,346,1,9.99699974060059,35.1559982299805,0.0242970008403063,0,110.946998596191,-88.2597,26.6985,11.6130649058502,63,63,63,63,61,63,0,7817,1.11627530284214,27,-88,0.001869,51,2025-06-15 14:27:00.001541,346,1.037,0.0011,"aoml_navis",1028.63400359663
"7901009",73,0,1,0.028035,1,0.005607,1,115.066742432595,1,4.86075895529337,348,1,9.94099998474121,35.1469993591309,0.0280349999666214,0,110.958702087402,-88.2597,26.6985,11.6130649058502,63,63,63,63,61,63,0,7817,1.11627530284214,27,-88,0.001869,51,2025-06-15 14:27:00.001541,348,1.037,0.0011,"aoml_navis",1028.64594726611
"7901009",73,0,1,0.028035,1,0.005607,1,115.073791898721,1,4.86070837513108,350,1,9.90499973297119,35.140998840332,0.0280349999666214,0,110.96549987793,-88.2597,26.6985,11.6130649058502,63,63,63,63,61,63,0,7817,1.11627530284214,27,-88,0.001869,51,2025-06-15 14:27:00.001541,350,1.037,0.0011,"aoml_navis",1028.65665127774
"7901009",73,0,1,0.029904,1,0.007476,1,114.927264275097,1,4.86066420074423,352,1,9.88099956512451,35.1360015869141,0.0299040004611015,0,110.824203491211,-88.2597,26.6985,11.6130649058502,63,63,63,63,61,63,0,7817,1.11627530284214,27,-88,0.001869,51,2025-06-15 14:27:00.001541,352,1.037,0.0011,"aoml_navis",1028.6659998513
"7901009",73,0,1,0.024297,1,0.001869,1,114.879555766973,1,4.8606204260479,354,1,9.83100032806396,35.125,0.0242970008403063,0,110.778198242188,-88.2597,26.6985,11.6130649058502,63,63,63,63,61,63,0,7817,1.11627530284214,27,-88,0.001869,51,2025-06-15 14:27:00.001541,354,1.037,0.0011,"aoml_navis",1028.67526400646
"7901009",73,0,1,0.028035,1,0.005607,1,114.889200322762,1,4.86056869277091,356,1,9.78899955749512,35.1180000305176,0.0280349999666214,0,110.787498474121,-88.2597,26.6985,11.6130649058502,63,63,63,63,61,63,0,7817,1.11627530284214,27,-88,0.001869,51,2025-06-15 14:27:00.001541,356,1.037,0.0011,"aoml_navis",1028.68621267229
"7901009",73,0,1,0.028035,1,0.005607,1,114.976832070022,1,4.86051418795785,358,1,9.7480001449585,35.1119995117188,0.0280349999666214,0,110.872001647949,-88.2597,26.6985,11.6130649058502,63,63,63,63,61,63,0,7817,1.11627530284214,27,-88,0.001869,51,2025-06-15 14:27:00.001541,358,1.037,0.0011,"aoml_navis",1028.69774814931
"7901009",73,0,1,0.028035,1,0.005607,1,114.885260217116,1,4.86046909504632,360,1,9.73600006103516,35.1100006103516,0.0280349999666214,0,110.783699035645,-88.2597,26.6985,11.6130649058502,63,63,63,63,61,63,0,7817,1.11627530284214,27,-88,0.001869,51,2025-06-15 14:27:00.001541,360,1.037,0.0011,"aoml_navis",1028.70729187351
"7901009",73,0,1,0.024297,1,0.001869,1,114.894596210413,1,4.86041929148648,362,1,9.70499992370605,35.1049995422363,0.0242970008403063,0,110.792701721191,-88.2597,26.6985,11.6130649058502,63,63,63,63,61,63,0,7817,1.11627530284214,27,-88,0.001869,51,2025-06-15 14:27:00.001541,362,1.037,0.0011,"aoml_navis",1028.71783279233
"7901009",73,0,1,0.029904,1,0.007476,1,114.947067657491,1,4.86036878028301,364,1,9.68200016021729,35.1020011901855,0.0299040004611015,0,110.843299865723,-88.2597,26.6985,11.6130649058502,63,63,63,63,61,63,0,7817,1.11627530284214,27,-88,0.001869,51,2025-06-15 14:27:00.001541,364,1.037,0.0011,"aoml_navis",1028.7285237045
"7901009",73,0,1,0.026166,1,0.003738,1,114.958057229262,1,4.86031010128395,366,1,9.65799999237061,35.101001739502,0.0261659994721413,0,110.853897094727,-88.2597,26.6985,11.6130649058502,63,63,63,63,61,63,0,7817,1.11627530284214,27,-88,0.001869,51,2025-06-15 14:27:00.001541,366,1.037,0.0011,"aoml_navis",1028.74094364455
"7901009",73,0,1,0.024297,1,0.001869,1,114.953183524287,1,4.86026055434841,368,1,9.64500045776367,35.0999984741211,0.0242970008403063,0,110.849197387695,-88.2597,26.6985,11.6130649058502,63,63,63,63,61,63,0,7817,1.11627530284214,27,-88,0.001869,51,2025-06-15 14:27:00.001541,368,1.037,0.0011,"aoml_navis",1028.75143093441
"7901009",73,0,1,0.028035,1,0.005607,1,114.958887974429,1,4.86021881285702,370,1,9.63700008392334,35.0979995727539,0.0280349999666214,0,110.854698181152,-88.2597,26.6985,11.6130649058502,63,63,63,63,61,63,0,7817,1.11627530284214,27,-88,0.001869,51,2025-06-15 14:27:00.001541,370,1.037,0.0011,"aoml_navis",1028.76026626069
"7901009",73,0,1,0.029904,1,0.007476,1,114.934622303713,1,4.86017174085008,372,1,9.6269998550415,35.0970001220703,0.0299040004611015,0,110.831298828125,-88.2597,26.6985,11.6130649058502,63,63,63,63,61,63,0,7817,1.11627530284214,27,-88,0.001869,51,2025-06-15 14:27:00.001541,372,1.037,0.0011,"aoml_navis",1028.77023006711
"7901009",73,0,1,0.028035,1,0.005607,1,114.919486917968,1,4.86012054271204,374,1,9.61200046539307,35.0960006713867,0.0280349999666214,0,110.816703796387,-88.2597,26.6985,11.6130649058502,63,63,63,63,61,63,0,7817,1.11627530284214,27,-88,0.001869,51,2025-06-15 14:27:00.001541,374,1.037,0.0011,"aoml_navis",1028.78106747737
"7901009",73,0,1,0.028035,1,0.005607,1,114.879658621137,1,4.86007513135531,376,1,9.60400009155273,35.0950012207031,0.0280349999666214,0,110.778297424316,-88.2597,26.6985,11.6130649058502,63,63,63,63,61,63,0,7817,1.11627530284214,27,-88,0.001869,51,2025-06-15 14:27:00.001541,376,1.037,0.0011,"aoml_navis",1028.79068015676
"7901009",73,0,1,0.029904,1,0.007476,1,114.821277015591,1,4.8600280718375,378,1,9.5939998626709,35.0940017700195,0.0299040004611015,0,110.72200012207,-88.2597,26.6985,11.6130649058502,63,63,63,63,61,63,0,7817,1.11627530284214,27,-88,0.001869,51,2025-06-15 14:27:00.001541,378,1.037,0.0011,"aoml_navis",1028.80064190855
"7901009",73,0,1,0.028035,1,0.005607,1,114.829157226883,1,4.85998096595791,380,1,9.57499980926514,35.0909996032715,0.0280349999666214,0,110.729598999023,-88.2597,26.6985,11.6130649058502,63,63,63,63,61,63,0,7817,1.11627530284214,27,-88,0.001869,51,2025-06-15 14:27:00.001541,380,1.037,0.0011,"aoml_navis",1028.8106136676
"7901009",73,0,1,0.031773,1,0.009345,1,114.79057900373,1,4.85992853183275,382,1,9.55399990081787,35.0890007019043,0.0317730009555817,0,110.692398071289,-88.2597,26.6985,11.6130649058502,63,63,63,63,61,63,0,7817,1.11627530284214,27,-88,0.001869,51,2025-06-15 14:27:00.001541,382,1.037,0.0011,"aoml_navis",1028.82171358072
"7901009",73,0,1,0.026166,1,0.003738,1,114.77025343866,1,4.85988227809836,384,1,9.53600025177002,35.0859985351562,0.0261659994721413,0,110.672798156738,-88.2597,26.6985,11.6130649058502,63,63,63,63,61,63,0,7817,1.11627530284214,27,-88,0.001869,51,2025-06-15 14:27:00.001541,384,1.037,0.0011,"aoml_navis",1028.83150535006
"7901009",73,0,1,0.026166,1,0.003738,1,114.779692286122,1,4.85983069678875,386,1,9.51599979400635,35.0839996337891,0.0261659994721413,0,110.681900024414,-88.2597,26.6985,11.6130649058502,63,63,63,63,61,63,0,7817,1.11627530284214,27,-88,0.001869,51,2025-06-15 14:27:00.001541,386,1.037,0.0011,"aoml_navis",1028.84242517005
"7901009",73,0,1,0.031773,1,0.009345,1,114.759263866889,1,4.85978449070034,388,1,9.50699996948242,35.0830001831055,0.0317730009555817,0,110.662200927734,-88.2597,26.6985,11.6130649058502,63,63,63,63,61,63,0,7817,1.11627530284214,27,-88,0.001869,51,2025-06-15 14:27:00.001541,388,1.037,0.0011,"aoml_navis",1028.85220724663
"7901009",73,0,1,0.028035,1,0.005607,1,114.725456494548,1,4.85974157522136,390,1,9.5019998550415,35.0820007324219,0.0280349999666214,0,110.629600524902,-88.2597,26.6985,11.6130649058502,63,63,63,63,61,63,0,7817,1.11627530284214,27,-88,0.001869,51,2025-06-15 14:27:00.001541,390,1.037,0.0011,"aoml_navis",1028.86129285018
"7901009",73,0,1,0.028035,1,0.005607,1,114.610552570256,1,4.85969537455686,392,1,9.49300003051758,35.0810012817383,0.0280349999666214,0,110.518798828125,-88.2597,26.6985,11.6130649058502,63,63,63,63,61,63,0,7817,1.11627530284214,27,-88,0.001869,51,2025-06-15 14:27:00.001541,392,1.037,0.0011,"aoml_navis",1028.87107413722
"7901009",73,0,1,0.029904,1,0.007476,1,114.441207146064,1,4.85965492847644,394,1,9.49100017547607,35.0800018310547,0.0299040004611015,0,110.355499267578,-88.2597,26.6985,11.6130649058502,63,63,63,63,61,63,0,7817,1.11627530284214,27,-88,0.001869,51,2025-06-15 14:27:00.001541,394,1.037,0.0011,"aoml_navis",1028.87963725597
"7901009",73,0,1,0.028035,1,0.005607,1,114.165771608202,1,4.85960956756355,396,1,9.48299980163574,35.0789985656738,0.0280349999666214,0,110.089897155762,-88.2597,26.6985,11.6130649058502,63,63,63,63,61,63,0,7817,1.11627530284214,27,-88,0.001869,51,2025-06-15 14:27:00.001541,396,1.037,0.0011,"aoml_navis",1028.88924109737
"7901009",73,0,1,0.028035,1,0.005607,1,113.69984224777,1,4.85956374195077,398,1,9.46100044250488,35.0750007629395,0.0280349999666214,0,109.640602111816,-88.2597,26.6985,11.6130649058502,63,63,63,63,61,63,0,7817,1.11627530284214,27,-88,0.001869,51,2025-06-15 14:27:00.001541,398,1.037,0.0011,"aoml_navis",1028.8989435074
"7901009",73,0,1,0.028035,1,0.005607,1,113.610446156014,1,4.85947538664389,400,1,9.38700008392334,35.0709991455078,0.0280349999666214,0,109.554397583008,-88.2597,26.6985,11.6130649058502,63,63,63,63,61,63,0,7817,1.11627530284214,27,-88,0.001869,51,2025-06-15 14:27:00.001541,400,1.037,0.0011,"aoml_navis",1028.91765101689
"7901009",73,0,1,0.031773,1,0.009345,1,113.640732751221,1,4.8594227183082,402,1,9.35200023651123,35.0660018920898,0.0317730009555817,0,109.583602905273,-88.2597,26.6985,11.6130649058502,63,63,63,63,61,63,0,7817,1.11627530284214,27,-88,0.001869,51,2025-06-15 14:27:00.001541,402,1.037,0.0011,"aoml_navis",1028.92880283128
"7901009",73,0,1,0.026166,1,0.003738,1,113.582865416492,1,4.85936848630413,404,1,9.3149995803833,35.0610008239746,0.0261659994721413,0,109.527801513672,-88.2597,26.6985,11.6130649058502,63,63,63,63,61,63,0,7817,1.11627530284214,27,-88,0.001869,51,2025-06-15 14:27:00.001541,404,1.037,0.0011,"aoml_navis",1028.94028598412
"7901009",73,0,1,0.026166,1,0.003738,1,113.41445359163,1,4.85930770094748,406,1,9.28800010681152,35.060001373291,0.0261659994721413,0,109.36540222168,-88.2597,26.6985,11.6130649058502,63,63,63,63,61,63,0,7817,1.11627530284214,27,-88,0.001869,51,2025-06-15 14:27:00.001541,406,1.037,0.0011,"aoml_navis",1028.95315705673
"7901009",73,0,1,0.029904,1,0.007476,1,113.298821776335,1,4.85925458488441,408,1,9.28400039672852,35.0620002746582,0.0299040004611015,0,109.253898620605,-88.2597,26.6985,11.6130649058502,63,63,63,63,61,63,0,7817,1.11627530284214,27,-88,0.001869,51,2025-06-15 14:27:00.001541,408,1.037,0.0011,"aoml_navis",1028.96440444866
"7901009",73,0,1,0.031773,1,0.009345,1,113.236183590794,1,4.85920716196429,410,1,9.28699970245361,35.0639991760254,0.0317730009555817,0,109.193496704102,-88.2597,26.6985,11.6130649058502,63,63,63,63,61,63,0,7817,1.11627530284214,27,-88,0.001869,51,2025-06-15 14:27:00.001541,410,1.037,0.0011,"aoml_navis",1028.97444651831
"7901009",73,0,1,0.029904,1,0.007476,1,113.158932202183,1,4.85916505223169,412,1,9.29199981689453,35.064998626709,0.0299040004611015,0,109.119003295898,-88.2597,26.6985,11.6130649058502,63,63,63,63,61,63,0,7817,1.11627530284214,27,-88,0.001869,51,2025-06-15 14:27:00.001541,412,1.037,0.0011,"aoml_navis",1028.98336365496
"7901009",73,0,1,0.029904,1,0.007476,1,113.121184724197,1,4.85912255881079,414,1,9.29199981689453,35.064998626709,0.0299040004611015,0,109.08260345459,-88.2597,26.6985,11.6130649058502,63,63,63,63,61,63,0,7817,1.11627530284214,27,-88,0.001869,51,2025-06-15 14:27:00.001541,414,1.037,0.0011,"aoml_navis",1028.99236219794
"7901009",73,0,1,0.028035,1,0.005607,1,113.015608881344,1,4.85907631546183,416.100006103516,1,9.28999996185303,35.064998626709,0.0280349999666214,0,108.980796813965,-88.2597,26.6985,11.6130649058502,63,63,63,63,61,63,0,7817,1.11627530284214,27,-88,0.001869,51,2025-06-15 14:27:00.001541,416.100006103516,1.037,0.0011,"aoml_navis",1029.00215501653
"7901009",73,0,1,0.028035,1,0.005607,1,112.970084046229,1,4.85903474835739,418,1,9.28400039672852,35.0639991760254,0.0280349999666214,0,108.936897277832,-88.2597,26.6985,11.6130649058502,63,63,63,63,61,63,0,7817,1.11627530284214,27,-88,0.001869,51,2025-06-15 14:27:00.001541,418,1.037,0.0011,"aoml_navis",1029.01095771959
"7901009",73,0,1,0.024297,1,0.001869,1,112.917818307479,1,4.85898010028855,420,1,9.26000022888184,35.0620002746582,0.0242970008403063,0,108.886497497559,-88.2597,26.6985,11.6130649058502,63,63,63,63,61,63,0,7817,1.11627530284214,27,-88,0.001869,51,2025-06-15 14:27:00.001541,420,1.037,0.0011,"aoml_navis",1029.02253081939
"7901009",73,0,1,0.029904,1,0.007476,1,112.851453636477,1,4.85892785882214,422,1,9.2480001449585,35.0620002746582,0.0299040004611015,0,108.82250213623,-88.2597,26.6985,11.6130649058502,63,63,63,63,61,63,0,7817,1.11627530284214,27,-88,0.001869,51,2025-06-15 14:27:00.001541,422,1.037,0.0011,"aoml_navis",1029.03359450413
"7901009",73,0,1,0.028035,1,0.005607,1,112.790057612756,1,4.85888293240977,424,1,9.24499988555908,35.0620002746582,0.0280349999666214,0,108.763298034668,-88.2597,26.6985,11.6130649058502,63,63,63,63,61,63,0,7817,1.11627530284214,27,-88,0.001869,51,2025-06-15 14:27:00.001541,424,1.037,0.0011,"aoml_navis",1029.04310919881
"7901009",73,0,1,0.029904,1,0.007476,1,112.746605684627,1,4.85883638323309,426,1,9.23999977111816,35.0620002746582,0.0299040004611015,0,108.721397399902,-88.2597,26.6985,11.6130649058502,63,63,63,63,61,63,0,7817,1.11627530284214,27,-88,0.001869,51,2025-06-15 14:27:00.001541,426,1.037,0.0011,"aoml_navis",1029.05296775459
"7901009",73,0,1,0.026166,1,0.003738,1,112.794211338587,1,4.85879232395384,428,1,9.22900009155273,35.060001373291,0.0261659994721413,0,108.767303466797,-88.2597,26.6985,11.6130649058502,63,63,63,63,61,63,0,7817,1.11627530284214,27,-88,0.001869,51,2025-06-15 14:27:00.001541,428,1.037,0.0011,"aoml_navis",1029.06229915405
"7901009",73,0,1,0.028035,1,0.005607,1,112.786323215437,1,4.85874665939258,430,1,9.21599960327148,35.0579986572266,0.0280349999666214,0,108.759696960449,-88.2597,26.6985,11.6130649058502,63,63,63,63,61,63,0,7817,1.11627530284214,27,-88,0.001869,51,2025-06-15 14:27:00.001541,430,1.037,0.0011,"aoml_navis",1029.07197071787
"7901009",73,0,1,0.029904,1,0.007476,1,112.871779201547,1,4.85869007730322,432,1,9.1850004196167,35.0550003051758,0.0299040004611015,0,108.842102050781,-88.2597,26.6985,11.6130649058502,63,63,63,63,61,63,0,7817,1.11627530284214,27,-88,0.001869,51,2025-06-15 14:27:00.001541,432,1.037,0.0011,"aoml_navis",1029.08395482085
"7901009",73,0,1,0.028035,1,0.005607,1,112.934520241251,1,4.85863597350692,434,1,9.1569995880127,35.0519981384277,0.0280349999666214,0,108.902603149414,-88.2597,26.6985,11.6130649058502,63,63,63,63,61,63,0,7817,1.11627530284214,27,-88,0.001869,51,2025-06-15 14:27:00.001541,434,1.037,0.0011,"aoml_navis",1029.09541428168
"7901009",73,0,1,0.029904,1,0.007476,1,113.012918849377,1,4.85857507175435,436,1,9.11600017547607,35.0480003356934,0.0299040004611015,0,108.978202819824,-88.2597,26.6985,11.6130649058502,63,63,63,63,61,63,0,7817,1.11627530284214,27,-88,0.001869,51,2025-06-15 14:27:00.001541,436,1.037,0.0011,"aoml_navis",1029.10831388977
"7901009",73,0,1,0.029904,1,0.007476,1,112.998503442777,1,4.85853383499878,438,1,9.11299991607666,35.0470008850098,0.0299040004611015,0,108.964302062988,-88.2597,26.6985,11.6130649058502,63,63,63,63,61,63,0,7817,1.11627530284214,27,-88,0.001869,51,2025-06-15 14:27:00.001541,438,1.037,0.0011,"aoml_navis",1029.11704843592
"7901009",73,0,1,0.031773,1,0.009345,1,112.999437042106,1,4.85848142319502,440,1,9.08699989318848,35.0439987182617,0.0317730009555817,0,108.965202331543,-88.2597,26.6985,11.6130649058502,63,63,63,63,61,63,0,7817,1.11627530284214,27,-88,0.001869,51,2025-06-15 14:27:00.001541,440,1.037,0.0011,"aoml_navis",1029.12815023422
"7901009",73,0,1,0.028035,1,0.005607,1,113.072859091093,1,4.85841775931551,442,1,9.04699993133545,35.0410003662109,0.0280349999666214,0,109.036003112793,-88.2597,26.6985,11.6130649058502,63,63,63,63,61,63,0,7817,1.11627530284214,27,-88,0.001869,51,2025-06-15 14:27:00.001541,442,1.037,0.0011,"aoml_navis",1029.14163575436
"7901009",73,0,1,0.029904,1,0.007476,1,113.082709355208,1,4.85837250516349,444,1,9.03899955749512,35.0400009155273,0.0299040004611015,0,109.045501708984,-88.2597,26.6985,11.6130649058502,63,63,63,63,61,63,0,7817,1.11627530284214,27,-88,0.001869,51,2025-06-15 14:27:00.001541,444,1.037,0.0011,"aoml_navis",1029.15122187234
"7901009",73,0,1,0.028035,1,0.005607,1,113.101681992435,1,4.8583197004923,446,1,9.01700019836426,35.0379981994629,0.0280349999666214,0,109.06379699707,-88.2597,26.6985,11.6130649058502,63,63,63,63,61,63,0,7817,1.11627530284214,27,-88,0.001869,51,2025-06-15 14:27:00.001541,446,1.037,0.0011,"aoml_navis",1029.16240763105
"7901009",73,0,1,0.028035,1,0.005607,1,113.159446473001,1,4.85827412166742,448,1,9.00399971008301,35.0359992980957,0.0280349999666214,0,109.119499206543,-88.2597,26.6985,11.6130649058502,63,63,63,63,61,63,0,7817,1.11627530284214,27,-88,0.001869,51,2025-06-15 14:27:00.001541,448,1.037,0.0011,"aoml_navis",1029.17206291438
"7901009",73,0,1,0.031773,1,0.009345,1,113.305459825807,1,4.85821572041372,450,1,8.97500038146973,35.0340003967285,0.0317730009555817,0,109.260299682617,-88.2597,26.6985,11.6130649058502,63,63,63,63,61,63,0,7817,1.11627530284214,27,-88,0.001869,51,2025-06-15 14:27:00.001541,450,1.037,0.0011,"aoml_navis",1029.18443472786
"7901009",73,0,1,0.031773,1,0.009345,1,113.35938705489,1,4.85816936083636,452,1,8.96100044250488,35.0320014953613,0.0317730009555817,0,109.312301635742,-88.2597,26.6985,11.6130649058502,63,63,63,63,61,63,0,7817,1.11627530284214,27,-88,0.001869,51,2025-06-15 14:27:00.001541,452,1.037,0.0011,"aoml_navis",1029.19425582545
"7901009",73,0,1,0.028035,1,0.005607,1,113.443070784645,1,4.85811854047905,454,1,8.94600009918213,35.0309982299805,0.0280349999666214,0,109.392997741699,-88.2597,26.6985,11.6130649058502,63,63,63,63,61,63,0,7817,1.11627530284214,27,-88,0.001869,51,2025-06-15 14:27:00.001541,454,1.037,0.0011,"aoml_navis",1029.20502213743
"7901009",73,0,1,0.028035,1,0.005607,1,113.496792305401,1,4.85807379534702,456,1,8.93400001525879,35.0289993286133,0.0280349999666214,0,109.444801330566,-88.2597,26.6985,11.6130649058502,63,63,63,63,61,63,0,7817,1.11627530284214,27,-88,0.001869,51,2025-06-15 14:27:00.001541,456,1.037,0.0011,"aoml_navis",1029.2145015971
"7901009",73,0,1,0.031773,1,0.009345,1,113.552792441471,1,4.85803017282156,458,1,8.92800045013428,35.0279998779297,0.0317730009555817,0,109.498802185059,-88.2597,26.6985,11.6130649058502,63,63,63,63,61,63,0,7817,1.11627530284214,27,-88,0.001869,51,2025-06-15 14:27:00.001541,458,1.037,0.0011,"aoml_navis",1029.22374339556
"7901009",73,0,1,0.029904,1,0.007476,1,113.666865620596,1,4.85799135111902,460,1,8.92800045013428,35.0270004272461,0.0299040004611015,0,109.60880279541,-88.2597,26.6985,11.6130649058502,63,63,63,63,61,63,0,7817,1.11627530284214,27,-88,0.001869,51,2025-06-15 14:27:00.001541,460,1.037,0.0011,"aoml_navis",1029.23196823895
"7901009",73,0,1,0.028035,1,0.005607,1,113.830087266134,1,4.85794261671546,462,1,8.91100025177002,35.0250015258789,0.0280349999666214,0,109.76619720459,-88.2597,26.6985,11.6130649058502,63,63,63,63,61,63,0,7817,1.11627530284214,27,-88,0.001869,51,2025-06-15 14:27:00.001541,462,1.037,0.0011,"aoml_navis",1029.24229339304
"7901009",73,0,1,0.028035,1,0.005607,1,114.153120546098,1,4.8578838965382,464,1,8.86299991607666,35.0190010070801,0.0280349999666214,0,110.077697753906,-88.2597,26.6985,11.6130649058502,63,63,63,63,61,63,0,7817,1.11627530284214,27,-88,0.001869,51,2025-06-15 14:27:00.001541,464,1.037,0.0011,"aoml_navis",1029.25473446639
"7901009",73,0,1,0.029904,1,0.007476,1,114.309300637368,1,4.85783226721284,465.899993896484,1,8.83500003814697,35.015998840332,0.0299040004611015,0,110.228302001953,-88.2597,26.6985,11.6130649058502,63,63,63,63,61,63,0,7817,1.11627530284214,27,-88,0.001869,51,2025-06-15 14:27:00.001541,465.899993896484,1.037,0.0011,"aoml_navis",1029.26567344589
"7901009",73,0,1,0.026166,1,0.003738,1,114.508924744908,1,4.85777719808207,468,1,8.80799961090088,35.0130004882812,0.0261659994721413,0,110.420799255371,-88.2597,26.6985,11.6130649058502,63,63,63,63,61,63,0,7817,1.11627530284214,27,-88,0.001869,51,2025-06-15 14:27:00.001541,468,1.037,0.0011,"aoml_navis",1029.27734149151
"7901009",73,0,1,0.029904,1,0.007476,1,114.685944672066,1,4.85773144302656,470,1,8.78999996185303,35.0099983215332,0.0299040004611015,0,110.591499328613,-88.2597,26.6985,11.6130649058502,63,63,63,63,61,63,0,7817,1.11627530284214,27,-88,0.001869,51,2025-06-15 14:27:00.001541,470,1.037,0.0011,"aoml_navis",1029.28703627239
"7901009",73,0,1,0.026166,1,0.003738,1,114.994356837102,1,4.85765923984986,472,1,8.72000026702881,35.0029983520508,0.0261659994721413,0,110.888900756836,-88.2597,26.6985,11.6130649058502,63,63,63,63,61,63,0,7817,1.11627530284214,27,-88,0.001869,51,2025-06-15 14:27:00.001541,472,1.037,0.0011,"aoml_navis",1029.30233536812
"7901009",73,0,1,0.031773,1,0.009345,1,115.055127823984,1,4.85759248588543,474,1,8.66600036621094,34.9980010986328,0.0317730009555817,0,110.94750213623,-88.2597,26.6985,11.6130649058502,63,63,63,63,61,63,0,7817,1.11627530284214,27,-88,0.001869,51,2025-06-15 14:27:00.001541,474,1.037,0.0011,"aoml_navis",1029.31648023756
"7901009",73,0,1,0.026166,1,0.003738,1,115.060832274126,1,4.85754417783885,476,1,8.6540002822876,34.9970016479492,0.0261659994721413,0,110.953002929688,-88.2597,26.6985,11.6130649058502,63,63,63,63,61,63,0,7817,1.11627530284214,27,-88,0.001869,51,2025-06-15 14:27:00.001541,476,1.037,0.0011,"aoml_navis",1029.32671674116
"7901009",73,0,1,0.031773,1,0.009345,1,115.043924632026,1,4.85749642158979,478,1,8.63799953460693,34.9949989318848,0.0317730009555817,0,110.936698913574,-88.2597,26.6985,11.6130649058502,63,63,63,63,61,63,0,7817,1.11627530284214,27,-88,0.001869,51,2025-06-15 14:27:00.001541,478,1.037,0.0011,"aoml_navis",1029.33683651867
"7901009",73,0,1,0.026166,1,0.003738,1,114.899675623716,1,4.85745388933452,480,1,8.63799953460693,34.9949989318848,0.0261659994721413,0,110.79759979248,-88.2597,26.6985,11.6130649058502,63,63,63,63,61,63,0,7817,1.11627530284214,27,-88,0.001869,51,2025-06-15 14:27:00.001541,480,1.037,0.0011,"aoml_navis",1029.34584947445
"7901009",73,0,1,0.026166,1,0.003738,1,114.71674553809,1,4.85741608678938,482,1,8.64400005340576,34.9949989318848,0.0261659994721413,0,110.621200561523,-88.2597,26.6985,11.6130649058502,63,63,63,63,61,63,0,7817,1.11627530284214,27,-88,0.001869,51,2025-06-15 14:27:00.001541,482,1.037,0.0011,"aoml_navis",1029.35386029589
"7901009",73,0,1,0.026166,1,0.003738,1,114.2295491014,1,4.85737434909584,484,1,8.64500045776367,34.9949989318848,0.0261659994721413,0,110.151397705078,-88.2597,26.6985,11.6130649058502,63,63,63,63,61,63,0,7817,1.11627530284214,27,-88,0.001869,51,2025-06-15 14:27:00.001541,484,1.037,0.0011,"aoml_navis",1029.36270516822
"7901009",73,0,1,0.031773,1,0.009345,1,113.745675645376,1,4.85732290001626,486,1,8.62899971008301,34.9939994812012,0.0317730009555817,0,109.684799194336,-88.2597,26.6985,11.6130649058502,63,63,63,63,61,63,0,7817,1.11627530284214,27,-88,0.001869,51,2025-06-15 14:27:00.001541,486,1.037,0.0011,"aoml_navis",1029.37360824483
"7901009",73,0,1,0.026166,1,0.003738,1,113.293948071359,1,4.85727303489126,488,1,8.61499977111816,34.9930000305176,0.0261659994721413,0,109.249198913574,-88.2597,26.6985,11.6130649058502,63,63,63,63,61,63,0,7817,1.11627530284214,27,-88,0.001869,51,2025-06-15 14:27:00.001541,488,1.037,0.0011,"aoml_navis",1029.38417587059
"7901009",73,0,1,0.029904,1,0.007476,1,112.570005085982,1,4.85722868377436,490,1,8.60799980163574,34.992000579834,0.0299040004611015,0,108.55110168457,-88.2597,26.6985,11.6130649058502,63,63,63,63,61,63,0,7817,1.11627530284214,27,-88,0.001869,51,2025-06-15 14:27:00.001541,490,1.037,0.0011,"aoml_navis",1029.39357512702
"7901009",73,0,1,0.026166,1,0.003738,1,111.633153982262,1,4.85717618450625,492,1,8.60000038146973,34.9930000305176,0.0261659994721413,0,107.64769744873,-88.2597,26.6985,11.6130649058502,63,63,63,63,61,63,0,7817,1.11627530284214,27,-88,0.001869,51,2025-06-15 14:27:00.001541,492,1.037,0.0011,"aoml_navis",1029.40470142906
"7901009",73,0,1,0.028035,1,0.005607,1,110.934615975258,1,4.85710494266014,494,1,8.61499977111816,35.0040016174316,0.0280349999666214,0,106.974098205566,-88.2597,26.6985,11.6130649058502,63,63,63,63,61,63,0,7817,1.11627530284214,27,-88,0.001869,51,2025-06-15 14:27:00.001541,494,1.037,0.0011,"aoml_navis",1029.41980027749
"7901009",73,0,1,0.026166,1,0.003738,1,111.179875683935,1,4.85703985118738,496,1,8.59099960327148,35.0050010681152,0.0261659994721413,0,107.210601806641,-88.2597,26.6985,11.6130649058502,63,63,63,63,61,63,0,7817,1.11627530284214,27,-88,0.001869,51,2025-06-15 14:27:00.001541,496,1.037,0.0011,"aoml_navis",1029.43359601583
"7901009",73,0,1,0.033642,1,0.011214,1,111.75697457134,1,4.85695876505731,498,1,8.50899982452393,34.9980010986328,0.0336420014500618,0,107.767097473145,-88.2597,26.6985,11.6130649058502,63,63,63,63,61,63,0,7817,1.11627530284214,27,-88,0.001869,51,2025-06-15 14:27:00.001541,498,1.037,0.0011,"aoml_navis",1029.45078224089
"7901009",73,0,1,0.024297,1,0.001869,1,112.198226844402,1,4.85689691529406,500,1,8.45600032806396,34.992000579834,0.0242970008403063,0,108.192596435547,-88.2597,26.6985,11.6130649058502,63,63,63,63,61,63,0,7817,1.11627530284214,27,-88,0.001869,51,2025-06-15 14:27:00.001541,500,1.037,0.0011,"aoml_navis",1029.4638916991
"7901009",73,0,1,0.028035,1,0.005607,1,112.78518390778,1,4.85683752344267,502,1,8.4060001373291,34.9860000610352,0.0280349999666214,0,108.758598327637,-88.2597,26.6985,11.6130649058502,63,63,63,63,61,63,0,7817,1.11627530284214,27,-88,0.001869,51,2025-06-15 14:27:00.001541,502,1.037,0.0011,"aoml_navis",1029.47648050122
"7901009",73,0,1,0.026166,1,0.003738,1,113.256825630212,1,4.85678425325813,504,1,8.35900020599365,34.9790000915527,0.0261659994721413,0,109.213401794434,-88.2597,26.6985,11.6130649058502,63,63,63,63,61,63,0,7817,1.11627530284214,27,-88,0.001869,51,2025-06-15 14:27:00.001541,504,1.037,0.0011,"aoml_navis",1029.48777200589
"7901009",73,0,1,0.024297,1,0.001869,1,113.656390319642,1,4.85673491615022,506,1,8.33600044250488,34.976001739502,0.0242970008403063,0,109.598701477051,-88.2597,26.6985,11.6130649058502,63,63,63,63,61,63,0,7817,1.11627530284214,27,-88,0.001869,51,2025-06-15 14:27:00.001541,506,1.037,0.0011,"aoml_navis",1029.49823005027
"7901009",73,0,1,0.028035,1,0.005607,1,114.326825404448,1,4.85667982977889,508,1,8.29599952697754,34.9710006713867,0.0280349999666214,0,110.24520111084,-88.2597,26.6985,11.6130649058502,63,63,63,63,61,63,0,7817,1.11627530284214,27,-88,0.001869,51,2025-06-15 14:27:00.001541,508,1.037,0.0011,"aoml_navis",1029.50990702379
"7901009",73,0,1,0.029904,1,0.007476,1,114.966768185721,1,4.85662232833298,510,1,8.2480001449585,34.9650001525879,0.0299040004611015,0,110.862297058105,-88.2597,26.6985,11.6130649058502,63,63,63,63,61,63,0,7817,1.11627530284214,27,-88,0.001869,51,2025-06-15 14:27:00.001541,510,1.037,0.0011,"aoml_navis",1029.52209621707
"7901009",73,0,1,0.031773,1,0.009345,1,115.711661773007,1,4.8565735488645,512,1,8.21599960327148,34.9599990844727,0.0317730009555817,0,111.580596923828,-88.2597,26.6985,11.6130649058502,63,63,63,63,61,63,0,7817,1.11627530284214,27,-88,0.001869,51,2025-06-15 14:27:00.001541,512,1.037,0.0011,"aoml_navis",1029.53243674628
"7901009",73,0,1,0.028035,1,0.005607,1,116.458422558952,1,4.85652818868316,514,1,8.17399978637695,34.9519996643066,0.0280349999666214,0,112.30069732666,-88.2597,26.6985,11.6130649058502,63,63,63,63,61,63,0,7817,1.11627530284214,27,-88,0.001869,51,2025-06-15 14:27:00.001541,514,1.037,0.0011,"aoml_navis",1029.54205262335
"7901009",73,0,1,0.026166,1,0.003738,1,117.287735678855,1,4.85647386303474,516,1,8.125,34.9449996948242,0.0261659994721413,0,113.100402832031,-88.2597,26.6985,11.6130649058502,63,63,63,63,61,63,0,7817,1.11627530284214,27,-88,0.001869,51,2025-06-15 14:27:00.001541,516,1.037,0.0011,"aoml_navis",1029.55356932068
"7901009",73,0,1,0.026166,1,0.003738,1,117.973931186246,1,4.85642078576784,518,1,8.0629997253418,34.935001373291,0.0261659994721413,0,113.762100219727,-88.2597,26.6985,11.6130649058502,63,63,63,63,61,63,0,7817,1.11627530284214,27,-88,0.001869,51,2025-06-15 14:27:00.001541,518,1.037,0.0011,"aoml_navis",1029.56482161779
"7901009",73,0,1,0.031773,1,0.009345,1,118.525213678624,1,4.85636366504015,520,1,8.01000022888184,34.9280014038086,0.0317730009555817,0,114.293701171875,-88.2597,26.6985,11.6130649058502,63,63,63,63,61,63,0,7817,1.11627530284214,27,-88,0.001869,51,2025-06-15 14:27:00.001541,520,1.037,0.0011,"aoml_navis",1029.57693139701
"7901009",73,0,1,0.026166,1,0.003738,1,119.048076774455,1,4.85630687366462,522,1,7.96700000762939,34.9230003356934,0.0261659994721413,0,114.797897338867,-88.2597,26.6985,11.6130649058502,63,63,63,63,61,63,0,7817,1.11627530284214,27,-88,0.001869,51,2025-06-15 14:27:00.001541,522,1.037,0.0011,"aoml_navis",1029.58897163493
"7901009",73,0,1,0.031773,1,0.009345,1,119.528840869999,1,4.85623656386237,524,1,7.9060001373291,34.9179992675781,0.0317730009555817,0,115.261497497559,-88.2597,26.6985,11.6130649058502,63,63,63,63,61,63,0,7817,1.11627530284214,27,-88,0.001869,51,2025-06-15 14:27:00.001541,524,1.037,0.0011,"aoml_navis",1029.60387828044
"7901009",73,0,1,0.031773,1,0.009345,1,119.941373095882,1,4.85617469841131,526,1,7.85599994659424,34.9129981994629,0.0317730009555817,0,115.659301757812,-88.2597,26.6985,11.6130649058502,63,63,63,63,61,63,0,7817,1.11627530284214,27,-88,0.001869,51,2025-06-15 14:27:00.001541,526,1.037,0.0011,"aoml_navis",1029.61699496432
"7901009",73,0,1,0.029904,1,0.007476,1,120.242213612117,1,4.85609262924068,528,1,7.77400016784668,34.9070014953613,0.0299040004611015,0,115.949401855469,-88.2597,26.6985,11.6130649058502,63,63,63,63,61,63,0,7817,1.11627530284214,27,-88,0.001869,51,2025-06-15 14:27:00.001541,528,1.037,0.0011,"aoml_navis",1029.63439574706
"7901009",73,0,1,0.024297,1,0.001869,1,120.421409300424,1,4.85602807393488,530,1,7.71999979019165,34.9020004272461,0.0242970008403063,0,116.122200012207,-88.2597,26.6985,11.6130649058502,63,63,63,63,61,63,0,7817,1.11627530284214,27,-88,0.001869,51,2025-06-15 14:27:00.001541,530,1.037,0.0011,"aoml_navis",1029.64808355164
"7901009",73,0,1,0.028035,1,0.005607,1,120.502402998212,1,4.85597345369901,532,1,7.69899988174438,34.9010009765625,0.0280349999666214,0,116.200302124023,-88.2597,26.6985,11.6130649058502,63,63,63,63,61,63,0,7817,1.11627530284214,27,-88,0.001869,51,2025-06-15 14:27:00.001541,532,1.037,0.0011,"aoml_navis",1029.65966508554
"7901009",73,0,1,0.029904,1,0.007476,1,120.605684402034,1,4.85591957460845,534,1,7.67399978637695,34.898998260498,0.0299040004611015,0,116.299896240234,-88.2597,26.6985,11.6130649058502,63,63,63,63,61,63,0,7817,1.11627530284214,27,-88,0.001869,51,2025-06-15 14:27:00.001541,534,1.037,0.0011,"aoml_navis",1029.67108972417
"7901009",73,0,1,0.029904,1,0.007476,1,120.720279763836,1,4.85586945342671,536,1,7.65899991989136,34.8979988098145,0.0299040004611015,0,116.410400390625,-88.2597,26.6985,11.6130649058502,63,63,63,63,61,63,0,7817,1.11627530284214,27,-88,0.001869,51,2025-06-15 14:27:00.001541,536,1.037,0.0011,"aoml_navis",1029.68171775532
"7901009",73,0,1,0.031773,1,0.009345,1,120.865984554152,1,4.85582826319708,538,1,7.6560001373291,34.8969993591309,0.0317730009555817,0,116.550903320312,-88.2597,26.6985,11.6130649058502,63,63,63,63,61,63,0,7817,1.11627530284214,27,-88,0.001869,51,2025-06-15 14:27:00.001541,538,1.037,0.0011,"aoml_navis",1029.6904521718
"7901009",73,0,1,0.033642,1,0.011214,1,121.249994529324,1,4.85576253093775,540,1,7.61499977111816,34.8950004577637,0.0336420014500618,0,116.921203613281,-88.2597,26.6985,11.6130649058502,63,63,63,63,61,63,0,7817,1.11627530284214,27,-88,0.001869,51,2025-06-15 14:27:00.001541,540,1.037,0.0011,"aoml_navis",1029.70439104945
"7901009",73,0,1,0.029904,1,0.007476,1,121.603203638472,1,4.85570501523503,542,1,7.57999992370605,34.8919982910156,0.0299040004611015,0,117.26180267334,-88.2597,26.6985,11.6130649058502,63,63,63,63,61,63,0,7817,1.11627530284214,27,-88,0.001869,51,2025-06-15 14:27:00.001541,542,1.037,0.0011,"aoml_navis",1029.71658787184
"7901009",73,0,1,0.028035,1,0.005607,1,122.01583080666,1,4.85565344258624,544,1,7.5479998588562,34.8880004882812,0.0280349999666214,0,117.659698486328,-88.2597,26.6985,11.6130649058502,63,63,63,63,61,63,0,7817,1.11627530284214,27,-88,0.001869,51,2025-06-15 14:27:00.001541,544,1.037,0.0011,"aoml_navis",1029.72752465153
"7901009",73,0,1,0.028035,1,0.005607,1,122.465794036181,1,4.8555665952059,546,1,7.46299982070923,34.882999420166,0.0280349999666214,0,118.093597412109,-88.2597,26.6985,11.6130649058502,63,63,63,63,61,63,0,7817,1.11627530284214,27,-88,0.001869,51,2025-06-15 14:27:00.001541,546,1.037,0.0011,"aoml_navis",1029.74594250992
"7901009",73,0,1,0.031773,1,0.009345,1,122.601751416545,1,4.85550921182891,548,1,7.44799995422363,34.8839988708496,0.0317730009555817,0,118.224700927734,-88.2597,26.6985,11.6130649058502,63,63,63,63,61,63,0,7817,1.11627530284214,27,-88,0.001869,51,2025-06-15 14:27:00.001541,548,1.037,0.0011,"aoml_navis",1029.758112253
"7901009",73,0,1,0.026166,1,0.003738,1,122.833632172115,1,4.85545772797536,550,1,7.43599987030029,34.8839988708496,0.0261659994721413,0,118.448303222656,-88.2597,26.6985,11.6130649058502,63,63,63,63,61,63,0,7817,1.11627530284214,27,-88,0.001869,51,2025-06-15 14:27:00.001541,550,1.037,0.0011,"aoml_navis",1029.76903108266
"7901009",73,0,1,0.031773,1,0.009345,1,123.167963586341,1,4.85539823541115,552,1,7.40299987792969,34.8819999694824,0.0317730009555817,0,118.770698547363,-88.2597,26.6985,11.6130649058502,63,63,63,63,61,63,0,7817,1.11627530284214,27,-88,0.001869,51,2025-06-15 14:27:00.001541,552,1.037,0.0011,"aoml_navis",1029.78164870891
"7901009",73,0,1,0.029904,1,0.007476,1,123.625917793176,1,4.85533290479283,554,1,7.36700010299683,34.8810005187988,0.0299040004611015,0,119.212303161621,-88.2597,26.6985,11.6130649058502,63,63,63,63,61,63,0,7817,1.11627530284214,27,-88,0.001869,51,2025-06-15 14:27:00.001541,554,1.037,0.0011,"aoml_navis",1029.79550486937
"7901009",73,0,1,0.029904,1,0.007476,1,123.986073514286,1,4.85527200434043,556,1,7.33699989318848,34.8800010681152,0.0299040004611015,0,119.559600830078,-88.2597,26.6985,11.6130649058502,63,63,63,63,61,63,0,7817,1.11627530284214,27,-88,0.001869,51,2025-06-15 14:27:00.001541,556,1.037,0.0011,"aoml_navis",1029.8084217589
"7901009",73,0,1,0.031773,1,0.009345,1,124.538392460158,1,4.85522014484373,558,1,7.29400014877319,34.8740005493164,0.0317730009555817,0,120.09220123291,-88.2597,26.6985,11.6130649058502,63,63,63,63,61,63,0,7817,1.11627530284214,27,-88,0.001869,51,2025-06-15 14:27:00.001541,558,1.037,0.0011,"aoml_navis",1029.8194213315
"7901009",73,0,1,0.028035,1,0.005607,1,125.032946925463,1,4.85516540136402,560,1,7.2519998550415,34.8689994812012,0.0280349999666214,0,120.56909942627,-88.2597,26.6985,11.6130649058502,63,63,63,63,61,63,0,7817,1.11627530284214,27,-88,0.001869,51,2025-06-15 14:27:00.001541,560,1.037,0.0011,"aoml_navis",1029.83103286147
"7901009",73,0,1,0.029904,1,0.007476,1,125.403680801692,1,4.85509450880309,562,1,7.20800018310547,34.8680000305176,0.0299040004611015,0,120.926597595215,-88.2597,26.6985,11.6130649058502,63,63,63,63,61,63,0,7817,1.11627530284214,27,-88,0.001869,51,2025-06-15 14:27:00.001541,562,1.037,0.0011,"aoml_navis",1029.84607012987
"7901009",73,0,1,0.029904,1,0.007476,1,125.620631879844,1,4.8550476151421,564,1,7.19199991226196,34.8660011291504,0.0299040004611015,0,121.135803222656,-88.2597,26.6985,11.6130649058502,63,63,63,63,61,63,0,7817,1.11627530284214,27,-88,0.001869,51,2025-06-15 14:27:00.001541,564,1.037,0.0011,"aoml_navis",1029.85601714921
"7901009",73,0,1,0.028035,1,0.005607,1,125.855202667382,1,4.85499776215416,566,1,7.17700004577637,34.8650016784668,0.0280349999666214,0,121.361999511719,-88.2597,26.6985,11.6130649058502,63,63,63,63,61,63,0,7817,1.11627530284214,27,-88,0.001869,51,2025-06-15 14:27:00.001541,566,1.037,0.0011,"aoml_navis",1029.86659210766
"7901009",73,0,1,0.031773,1,0.009345,1,126.144017158351,1,4.85494053443273,568,1,7.16200017929077,34.8660011291504,0.0317730009555817,0,121.640502929688,-88.2597,26.6985,11.6130649058502,63,63,63,63,61,63,0,7817,1.11627530284214,27,-88,0.001869,51,2025-06-15 14:27:00.001541,568,1.037,0.0011,"aoml_navis",1029.87873168342
"7901009",73,0,1,0.031773,1,0.009345,1,126.449414905212,1,4.85487241212133,570,1,7.13700008392334,34.8680000305176,0.0317730009555817,0,121.934997558594,-88.2597,26.6985,11.6130649058502,63,63,63,63,61,63,0,7817,1.11627530284214,27,-88,0.001869,51,2025-06-15 14:27:00.001541,570,1.037,0.0011,"aoml_navis",1029.89318267486
"7901009",73,0,1,0.028035,1,0.005607,1,126.886940692814,1,4.85482619095576,572,1,7.1269998550415,34.867000579834,0.0280349999666214,0,122.356903076172,-88.2597,26.6985,11.6130649058502,63,63,63,63,61,63,0,7817,1.11627530284214,27,-88,0.001869,51,2025-06-15 14:27:00.001541,572,1.037,0.0011,"aoml_navis",1029.90298794109
"7901009",73,0,1,0.028035,1,0.005607,1,127.694258845456,1,4.85476423788681,574,1,7.09000015258789,34.8650016784668,0.0280349999666214,0,123.135398864746,-88.2597,26.6985,11.6130649058502,63,63,63,63,61,63,0,7817,1.11627530284214,27,-88,0.001869,51,2025-06-15 14:27:00.001541,574,1.037,0.0011,"aoml_navis",1029.91613083489
"7901009",73,0,1,0.031773,1,0.009345,1,128.532172155795,1,4.8546694182883,576,1,7.00699996948242,34.8629989624023,0.0317730009555817,0,123.943397521973,-88.2597,26.6985,11.6130649058502,63,63,63,63,61,63,0,7817,1.11627530284214,27,-88,0.001869,51,2025-06-15 14:27:00.001541,576,1.037,0.0011,"aoml_navis",1029.93624677392
"7901009",73,0,1,0.031773,1,0.009345,1,129.067797079752,1,4.85459242969417,578,1,6.95900011062622,34.8629989624023,0.0317730009555817,0,124.459899902344,-88.2597,26.6985,11.6130649058502,63,63,63,63,61,63,0,7817,1.11627530284214,27,-88,0.001869,51,2025-06-15 14:27:00.001541,578,1.037,0.0011,"aoml_navis",1029.95258045071
"7901009",73,0,1,0.031773,1,0.009345,1,129.502933486018,1,4.85452464407167,580,1,6.92899990081787,34.8639984130859,0.0317730009555817,0,124.879501342773,-88.2597,26.6985,11.6130649058502,63,63,63,63,61,63,0,7817,1.11627530284214,27,-88,0.001869,51,2025-06-15 14:27:00.001541,580,1.037,0.0011,"aoml_navis",1029.96696208062
"7901009",73,0,1,0.029904,1,0.007476,1,129.892022874494,1,4.85447280506794,582,1,6.91099977493286,34.8629989624023,0.0299040004611015,0,125.254699707031,-88.2597,26.6985,11.6130649058502,63,63,63,63,61,63,0,7817,1.11627530284214,27,-88,0.001869,51,2025-06-15 14:27:00.001541,582,1.037,0.0011,"aoml_navis",1029.97796069228
"7901009",73,0,1,0.029904,1,0.007476,1,130.381806488987,1,4.8544123168524,584,1,6.88600015640259,34.8629989624023,0.0299040004611015,0,125.726997375488,-88.2597,26.6985,11.6130649058502,63,63,63,63,61,63,0,7817,1.11627530284214,27,-88,0.001869,51,2025-06-15 14:27:00.001541,584,1.037,0.0011,"aoml_navis",1029.99079469253
"7901009",73,0,1,0.031773,1,0.009345,1,130.843495093141,1,4.85432371205798,586,1,6.81599998474121,34.8619995117188,0.0317730009555817,0,126.172203063965,-88.2597,26.6985,11.6130649058502,63,63,63,63,61,63,0,7817,1.11627530284214,27,-88,0.001869,51,2025-06-15 14:27:00.001541,586,1.037,0.0011,"aoml_navis",1030.00959486492
"7901009",73,0,1,0.029904,1,0.007476,1,131.128155858279,1,4.85426983522399,588,1,6.79500007629395,34.8610000610352,0.0299040004611015,0,126.446701049805,-88.2597,26.6985,11.6130649058502,63,63,63,63,61,63,0,7817,1.11627530284214,27,-88,0.001869,51,2025-06-15 14:27:00.001541,588,1.037,0.0011,"aoml_navis",1030.02102679141
"7901009",73,0,1,0.031773,1,0.009345,1,131.415308858916,1,4.85421298583883,590,1,6.77500009536743,34.8610000610352,0.0317730009555817,0,126.723602294922,-88.2597,26.6985,11.6130649058502,63,63,63,63,61,63,0,7817,1.11627530284214,27,-88,0.001869,51,2025-06-15 14:27:00.001541,590,1.037,0.0011,"aoml_navis",1030.03308972772
"7901009",73,0,1,0.028035,1,0.005607,1,131.744869422329,1,4.85416758981969,592,1,6.76599979400635,34.8600006103516,0.0280349999666214,0,127.041397094727,-88.2597,26.6985,11.6130649058502,63,63,63,63,61,63,0,7817,1.11627530284214,27,-88,0.001869,51,2025-06-15 14:27:00.001541,592,1.037,0.0011,"aoml_navis",1030.04272256404
"7901009",73,0,1,0.033642,1,0.011214,1,132.305590762168,1,4.85411885313192,594,1,6.74700021743774,34.8580017089844,0.0336420014500618,0,127.582099914551,-88.2597,26.6985,11.6130649058502,63,63,63,63,61,63,0,7817,1.11627530284214,27,-88,0.001869,51,2025-06-15 14:27:00.001541,594,1.037,0.0011,"aoml_navis",1030.05306447615
"7901009",73,0,1,0.028035,1,0.005607,1,132.885901864216,1,4.85404908301434,596,1,6.69799995422363,34.8559989929199,0.0280349999666214,0,128.141693115234,-88.2597,26.6985,11.6130649058502,63,63,63,63,61,63,0,7817,1.11627530284214,27,-88,0.001869,51,2025-06-15 14:27:00.001541,596,1.037,0.0011,"aoml_navis",1030.0678700379
"7901009",73,0,1,0.029904,1,0.007476,1,133.305277847898,1,4.85398180650238,598,1,6.66300010681152,34.8559989929199,0.0299040004611015,0,128.546096801758,-88.2597,26.6985,11.6130649058502,63,63,63,63,61,63,0,7817,1.11627530284214,27,-88,0.001869,51,2025-06-15 14:27:00.001541,598,1.037,0.0011,"aoml_navis",1030.08214684736
"7901009",73,0,1,0.029904,1,0.007476,1,133.538915036105,1,4.85392066489467,600,1,6.64200019836426,34.8569984436035,0.0299040004611015,0,128.771392822266,-88.2597,26.6985,11.6130649058502,63,63,63,63,61,63,0,7817,1.11627530284214,27,-88,0.001869,51,2025-06-15 14:27:00.001541,600,1.037,0.0011,"aoml_navis",1030.09512210651
"7901009",73,0,1,0.033642,1,0.011214,1,133.693433637043,1,4.85387021665854,602,1,6.63100004196167,34.8569984436035,0.0336420014500618,0,128.920394897461,-88.2597,26.6985,11.6130649058502,63,63,63,63,61,63,0,7817,1.11627530284214,27,-88,0.001869,51,2025-06-15 14:27:00.001541,602,1.037,0.0011,"aoml_navis",1030.1058283017
"7901009",73,0,1,0.029904,1,0.007476,1,133.783660473966,1,4.85381927950565,604,1,6.61399984359741,34.8559989929199,0.0299040004611015,0,129.007400512695,-88.2597,26.6985,11.6130649058502,63,63,63,63,61,63,0,7817,1.11627530284214,27,-88,0.001869,51,2025-06-15 14:27:00.001541,604,1.037,0.0011,"aoml_navis",1030.11663848128
"7901009",73,0,1,0.029904,1,0.007476,1,133.833742539707,1,4.85375908309947,606,1,6.58900022506714,34.8559989929199,0.0299040004611015,0,129.055694580078,-88.2597,26.6985,11.6130649058502,63,63,63,63,61,63,0,7817,1.11627530284214,27,-88,0.001869,51,2025-06-15 14:27:00.001541,606,1.037,0.0011,"aoml_navis",1030.12941400609
"7901009",73,0,1,0.031773,1,0.009345,1,133.642528737994,1,4.85368965195744,608,1,6.55600023269653,34.8569984436035,0.0317730009555817,0,128.871307373047,-88.2597,26.6985,11.6130649058502,63,63,63,63,61,63,0,7817,1.11627530284214,27,-88,0.001869,51,2025-06-15 14:27:00.001541,608,1.037,0.0011,"aoml_navis",1030.1441498188
"7901009",73,0,1,0.031773,1,0.009345,1,133.117687677481,1,4.85363391758521,610,1,6.5479998588562,34.859001159668,0.0317730009555817,0,128.365203857422,-88.2597,26.6985,11.6130649058502,63,63,63,63,61,63,0,7817,1.11627530284214,27,-88,0.001869,51,2025-06-15 14:27:00.001541,610,1.037,0.0011,"aoml_navis",1030.15597898401
"7901009",73,0,1,0.029904,1,0.007476,1,132.633600601271,1,4.85358128092848,612,1,6.57100009918213,34.8660011291504,0.0299040004611015,0,127.898399353027,-88.2597,26.6985,11.6130649058502,63,63,63,63,61,63,0,7817,1.11627530284214,27,-88,0.001869,51,2025-06-15 14:27:00.001541,612,1.037,0.0011,"aoml_navis",1030.16715093386
"7901009",73,0,1,0.029904,1,0.007476,1,132.662328560309,1,4.85352911288656,614,1,6.58400011062622,34.8709983825684,0.0299040004611015,0,127.92610168457,-88.2597,26.6985,11.6130649058502,63,63,63,63,61,63,0,7817,1.11627530284214,27,-88,0.001869,51,2025-06-15 14:27:00.001541,614,1.037,0.0011,"aoml_navis",1030.17822366091
"7901009",73,0,1,0.031773,1,0.009345,1,132.883528306598,1,4.85347149587226,616,1,6.56799983978271,34.8720016479492,0.0317730009555817,0,128.139404296875,-88.2597,26.6985,11.6130649058502,63,63,63,63,61,63,0,7817,1.11627530284214,27,-88,0.001869,51,2025-06-15 14:27:00.001541,616,1.037,0.0011,"aoml_navis",1030.19045321526
"7901009",73,0,1,0.033642,1,0.011214,1,133.117165494805,1,4.8534203821052,618,1,6.55600023269653,34.8720016479492,0.0336420014500618,0,128.364700317383,-88.2597,26.6985,11.6130649058502,63,63,63,63,61,63,0,7817,1.11627530284214,27,-88,0.001869,51,2025-06-15 14:27:00.001541,618,1.037,0.0011,"aoml_navis",1030.20130265972
"7901009",73,0,1,0.029904,1,0.007476,1,133.360866567313,1,4.85337437344181,620,1,6.5460000038147,34.8709983825684,0.0299040004611015,0,128.599700927734,-88.2597,26.6985,11.6130649058502,63,63,63,63,61,63,0,7817,1.11627530284214,27,-88,0.001869,51,2025-06-15 14:27:00.001541,620,1.037,0.0011,"aoml_navis",1030.21106868667
"7901009",73,0,1,0.031773,1,0.009345,1,133.620217296384,1,4.85332326885538,622,1,6.53399991989136,34.8709983825684,0.0317730009555817,0,128.849792480469,-88.2597,26.6985,11.6130649058502,63,63,63,63,61,63,0,7817,1.11627530284214,27,-88,0.001869,51,2025-06-15 14:27:00.001541,622,1.037,0.0011,"aoml_navis",1030.22191661657
"7901009",73,0,1,0.031773,1,0.009345,1,133.870247855874,1,4.8532707790944,624,1,6.51999998092651,34.8709983825684,0.0317730009555817,0,129.090896606445,-88.2597,26.6985,11.6130649058502,63,63,63,63,61,63,0,7817,1.11627530284214,27,-88,0.001869,51,2025-06-15 14:27:00.001541,624,1.037,0.0011,"aoml_navis",1030.2330588142
"7901009",73,0,1,0.031773,1,0.009345,1,134.079943759573,1,4.85321968566871,626,1,6.50799989700317,34.8709983825684,0.0317730009555817,0,129.293106079102,-88.2597,26.6985,11.6130649058502,63,63,63,63,61,63,0,7817,1.11627530284214,27,-88,0.001869,51,2025-06-15 14:27:00.001541,626,1.037,0.0011,"aoml_navis",1030.243904838
"7901009",73,0,1,0.026166,1,0.003738,1,134.320116143089,1,4.85316720890879,628,1,6.49399995803833,34.8709983825684,0.0261659994721413,0,129.524703979492,-88.2597,26.6985,11.6130649058502,63,63,63,63,61,63,0,7817,1.11627530284214,27,-88,0.001869,51,2025-06-15 14:27:00.001541,628,1.037,0.0011,"aoml_navis",1030.25504475133
"7901009",73,0,1,0.029904,1,0.007476,1,134.521504595126,1,4.85312190268528,630,1,6.4850001335144,34.8699989318848,0.0299040004611015,0,129.718902587891,-88.2597,26.6985,11.6130649058502,63,63,63,63,61,63,0,7817,1.11627530284214,27,-88,0.001869,51,2025-06-15 14:27:00.001541,630,1.037,0.0011,"aoml_navis",1030.26466267691
"7901009",73,0,1,0.031773,1,0.009345,1,134.773703003907,1,4.85305811791759,632,1,6.46000003814697,34.8709983825684,0.0317730009555817,0,129.962097167969,-88.2597,26.6985,11.6130649058502,63,63,63,63,61,63,0,7817,1.11627530284214,27,-88,0.001869,51,2025-06-15 14:27:00.001541,632,1.037,0.0011,"aoml_navis",1030.27820366294
"7901009",73,0,1,0.028035,1,0.005607,1,134.97001204264,1,4.85300705008257,634,1,6.44799995422363,34.8709983825684,0.0280349999666214,0,130.151397705078,-88.2597,26.6985,11.6130649058502,63,63,63,63,61,63,0,7817,1.11627530284214,27,-88,0.001869,51,2025-06-15 14:27:00.001541,634,1.037,0.0011,"aoml_navis",1030.28904520444
"7901009",73,0,1,0.029904,1,0.007476,1,135.149943533809,1,4.8529659127431,636,1,6.44500017166138,34.8699989318848,0.0299040004611015,0,130.324905395508,-88.2597,26.6985,11.6130649058502,63,63,63,63,61,63,0,7817,1.11627530284214,27,-88,0.001869,51,2025-06-15 14:27:00.001541,636,1.037,0.0011,"aoml_navis",1030.29777869876
"7901009",73,0,1,0.029904,1,0.007476,1,135.52607329769,1,4.85291623580741,638,1,6.43499994277954,34.8699989318848,0.0299040004611015,0,130.687606811523,-88.2597,26.6985,11.6130649058502,63,63,63,63,61,63,0,7817,1.11627530284214,27,-88,0.001869,51,2025-06-15 14:27:00.001541,638,1.037,0.0011,"aoml_navis",1030.30832535442
"7901009",73,0,1,0.033642,1,0.011214,1,135.94440491602,1,4.85284627667662,640,1,6.40100002288818,34.8709983825684,0.0336420014500618,0,131.091003417969,-88.2597,26.6985,11.6130649058502,63,63,63,63,61,63,0,7817,1.11627530284214,27,-88,0.001869,51,2025-06-15 14:27:00.001541,640,1.037,0.0011,"aoml_navis",1030.32317838515
"7901009",73,0,1,0.029904,1,0.007476,1,136.276149152442,1,4.85278764340381,642,1,6.37799978256226,34.8709983825684,0.0299040004611015,0,131.410903930664,-88.2597,26.6985,11.6130649058502,63,63,63,63,61,63,0,7817,1.11627530284214,27,-88,0.001869,51,2025-06-15 14:27:00.001541,642,1.037,0.0011,"aoml_navis",1030.3356271516
"7901009",73,0,1,0.029904,1,0.007476,1,136.5851705306,1,4.852745821451,644,1,6.37400007247925,34.8699989318848,0.0299040004611015,0,131.708892822266,-88.2597,26.6985,11.6130649058502,63,63,63,63,61,63,0,7817,1.11627530284214,27,-88,0.001869,51,2025-06-15 14:27:00.001541,644,1.037,0.0011,"aoml_navis",1030.34450679409
"7901009",73,0,1,0.029904,1,0.007476,1,136.873162188262,1,4.85269341183605,646,1,6.3600001335144,34.8699989318848,0.0299040004611015,0,131.986602783203,-88.2597,26.6985,11.6130649058502,63,63,63,63,61,63,0,7817,1.11627530284214,27,-88,0.001869,51,2025-06-15 14:27:00.001541,646,1.037,0.0011,"aoml_navis",1030.35563462647
"7901009",73,0,1,0.029904,1,0.007476,1,137.161660204882,1,4.85263618938352,648,1,6.33900022506714,34.8699989318848,0.0299040004611015,0,132.264801025391,-88.2597,26.6985,11.6130649058502,63,63,63,63,61,63,0,7817,1.11627530284214,27,-88,0.001869,51,2025-06-15 14:27:00.001541,648,1.037,0.0011,"aoml_navis",1030.36778461548
"7901009",73,0,1,0.029904,1,0.007476,1,137.341275221702,1,4.85258173380271,650,1,6.32200002670288,34.8699989318848,0.0299040004611015,0,132.438003540039,-88.2597,26.6985,11.6130649058502,63,63,63,63,61,63,0,7817,1.11627530284214,27,-88,0.001869,51,2025-06-15 14:27:00.001541,650,1.037,0.0011,"aoml_navis",1030.37934738335
"7901009",73,0,1,0.029904,1,0.007476,1,137.522646671159,1,4.85253003747172,652,1,6.30900001525879,34.8699989318848,0.0299040004611015,0,132.612899780273,-88.2597,26.6985,11.6130649058502,63,63,63,63,61,63,0,7817,1.11627530284214,27,-88,0.001869,51,2025-06-15 14:27:00.001541,652,1.037,0.0011,"aoml_navis",1030.39032450897
"7901009",73,0,1,0.031773,1,0.009345,1,137.683906175732,1,4.85247671318972,654,1,6.29899978637695,34.8709983825684,0.0317730009555817,0,132.768402099609,-88.2597,26.6985,11.6130649058502,63,63,63,63,61,63,0,7817,1.11627530284214,27,-88,0.001869,51,2025-06-15 14:27:00.001541,654,1.037,0.0011,"aoml_navis",1030.40164755645
"7901009",73,0,1,0.029904,1,0.007476,1,137.856669522895,1,4.85243120819048,656,1,6.29500007629395,34.8709983825684,0.0299040004611015,0,132.934997558594,-88.2597,26.6985,11.6130649058502,63,63,63,63,61,63,0,7817,1.11627530284214,27,-88,0.001869,51,2025-06-15 14:27:00.001541,656,1.037,0.0011,"aoml_navis",1030.41131042939
"7901009",73,0,1,0.028035,1,0.005607,1,138.05682372497,1,4.85238707887693,658,1,6.29300022125244,34.8709983825684,0.0280349999666214,0,133.128005981445,-88.2597,26.6985,11.6130649058502,63,63,63,63,61,63,0,7817,1.11627530284214,27,-88,0.001869,51,2025-06-15 14:27:00.001541,658,1.037,0.0011,"aoml_navis",1030.420681352
"7901009",73,0,1,0.029904,1,0.007476,1,138.366572994131,1,4.85234389744049,660,1,6.28700017929077,34.8699989318848,0.0299040004611015,0,133.426696777344,-88.2597,26.6985,11.6130649058502,63,63,63,63,61,63,0,7817,1.11627530284214,27,-88,0.001869,51,2025-06-15 14:27:00.001541,660,1.037,0.0011,"aoml_navis",1030.42985115655
"7901009",73,0,1,0.028035,1,0.005607,1,138.783037413801,1,4.8522908443468,662,1,6.27199983596802,34.8699989318848,0.0280349999666214,0,133.82829284668,-88.2597,26.6985,11.6130649058502,63,63,63,63,61,63,0,7817,1.11627530284214,27,-88,0.001869,51,2025-06-15 14:27:00.001541,662,1.037,0.0011,"aoml_navis",1030.44111748274
"7901009",73,0,1,0.031773,1,0.009345,1,139.114892416245,1,4.85223779964294,664,1,6.25699996948242,34.8699989318848,0.0317730009555817,0,134.148300170898,-88.2597,26.6985,11.6130649058502,63,63,63,63,61,63,0,7817,1.11627530284214,27,-88,0.001869,51,2025-06-15 14:27:00.001541,664,1.037,0.0011,"aoml_navis",1030.45238227358
"7901009",73,0,1,0.026166,1,0.003738,1,139.548683806528,1,4.85217996760764,666,1,6.2350001335144,34.8699989318848,0.0261659994721413,0,134.566604614258,-88.2597,26.6985,11.6130649058502,63,63,63,63,61,63,0,7817,1.11627530284214,27,-88,0.001869,51,2025-06-15 14:27:00.001541,666,1.037,0.0011,"aoml_navis",1030.4646640024
"7901009",73,0,1,0.029904,1,0.007476,1,139.970021931174,1,4.85211640770654,668,1,6.21000003814697,34.8709983825684,0.0299040004611015,0,134.972900390625,-88.2597,26.6985,11.6130649058502,63,63,63,63,61,63,0,7817,1.11627530284214,27,-88,0.001869,51,2025-06-15 14:27:00.001541,668,1.037,0.0011,"aoml_navis",1030.47816248979
"7901009",73,0,1,0.031773,1,0.009345,1,140.296481045967,1,4.85205422334461,670,1,6.18699979782104,34.8720016479492,0.0317730009555817,0,135.287704467773,-88.2597,26.6985,11.6130649058502,63,63,63,63,61,63,0,7817,1.11627530284214,27,-88,0.001869,51,2025-06-15 14:27:00.001541,670,1.037,0.0011,"aoml_navis",1030.49136919031
"7901009",73,0,1,0.031773,1,0.009345,1,140.519437224893,1,4.85200971082037,672,1,6.17899990081787,34.8709983825684,0.0317730009555817,0,135.502700805664,-88.2597,26.6985,11.6130649058502,63,63,63,63,61,63,0,7817,1.11627530284214,27,-88,0.001869,51,2025-06-15 14:27:00.001541,672,1.037,0.0011,"aoml_navis",1030.50082295788
"7901009",73,0,1,0.035511,1,0.013083,1,140.814992619498,1,4.85196012766526,674,1,6.16900014877319,34.8709983825684,0.0355109982192516,0,135.787704467773,-88.2597,26.6985,11.6130649058502,63,63,63,63,61,63,0,7817,1.11627530284214,27,-88,0.001869,51,2025-06-15 14:27:00.001541,674,1.037,0.0011,"aoml_navis",1030.51135385277
"7901009",73,0,1,0.033642,1,0.011214,1,141.198686120321,1,4.85189320862087,676,1,6.13899993896484,34.8720016479492,0.0336420014500618,0,136.157699584961,-88.2597,26.6985,11.6130649058502,63,63,63,63,61,63,0,7817,1.11627530284214,27,-88,0.001869,51,2025-06-15 14:27:00.001541,676,1.037,0.0011,"aoml_navis",1030.5255670335
"7901009",73,0,1,0.033642,1,0.011214,1,141.488529152925,1,4.85184363908269,678,1,6.12900018692017,34.8720016479492,0.0336420014500618,0,136.437194824219,-88.2597,26.6985,11.6130649058502,63,63,63,63,61,63,0,7817,1.11627530284214,27,-88,0.001869,51,2025-06-15 14:27:00.001541,678,1.037,0.0011,"aoml_navis",1030.53609554188
"7901009",73,0,1,0.028035,1,0.005607,1,141.805857982747,1,4.85180118429314,680,1,6.12400007247925,34.8709983825684,0.0280349999666214,0,136.743194580078,-88.2597,26.6985,11.6130649058502,63,63,63,63,61,63,0,7817,1.11627530284214,27,-88,0.001869,51,2025-06-15 14:27:00.001541,680,1.037,0.0011,"aoml_navis",1030.54511305752
"7901009",73,0,1,0.031773,1,0.009345,1,142.077250560799,1,4.85174179062619,682,1,6.10500001907349,34.8720016479492,0.0317730009555817,0,137.004898071289,-88.2597,26.6985,11.6130649058502,63,63,63,63,61,63,0,7817,1.11627530284214,27,-88,0.001869,51,2025-06-15 14:27:00.001541,682,1.037,0.0011,"aoml_navis",1030.55772870276
"7901009",73,0,1,0.028035,1,0.005607,1,142.233952834746,1,4.85169359260458,684,1,6.09700012207031,34.8720016479492,0.0280349999666214,0,137.156005859375,-88.2597,26.6985,11.6130649058502,63,63,63,63,61,63,0,7817,1.11627530284214,27,-88,0.001869,51,2025-06-15 14:27:00.001541,684,1.037,0.0011,"aoml_navis",1030.56796653884
"7901009",73,0,1,0.028035,1,0.005607,1,142.323341014643,1,4.8516481153969,686,1,6.09299993515015,34.8720016479492,0.0280349999666214,0,137.242202758789,-88.2597,26.6985,11.6130649058502,63,63,63,63,61,63,0,7817,1.11627530284214,27,-88,0.001869,51,2025-06-15 14:27:00.001541,686,1.037,0.0011,"aoml_navis",1030.57762662801
"7901009",73,0,1,0.029904,1,0.007476,1,142.421020822486,1,4.85160331997277,688,1,6.09000015258789,34.8720016479492,0.0299040004611015,0,137.336395263672,-88.2597,26.6985,11.6130649058502,63,63,63,63,61,63,0,7817,1.11627530284214,27,-88,0.001869,51,2025-06-15 14:27:00.001541,688,1.037,0.0011,"aoml_navis",1030.58714207246
"7901009",73,0,1,0.031773,1,0.009345,1,142.538306216255,1,4.85155716670674,690,1,6.08500003814697,34.8720016479492,0.0317730009555817,0,137.449493408203,-88.2597,26.6985,11.6130649058502,63,63,63,63,61,63,0,7817,1.11627530284214,27,-88,0.001869,51,2025-06-15 14:27:00.001541,690,1.037,0.0011,"aoml_navis",1030.59694613349
"7901009",73,0,1,0.029904,1,0.007476,1,142.675102253644,1,4.85151305456771,692,1,6.08300018310547,34.8720016479492,0.0299040004611015,0,137.581405639648,-88.2597,26.6985,11.6130649058502,63,63,63,63,61,63,0,7817,1.11627530284214,27,-88,0.001869,51,2025-06-15 14:27:00.001541,692,1.037,0.0011,"aoml_navis",1030.60631678451
"7901009",73,0,1,0.028035,1,0.005607,1,142.8889281476,1,4.85146758454794,694,1,6.0789999961853,34.8720016479492,0.0280349999666214,0,137.78759765625,-88.2597,26.6985,11.6130649058502,63,63,63,63,61,63,0,7817,1.11627530284214,27,-88,0.001869,51,2025-06-15 14:27:00.001541,694,1.037,0.0011,"aoml_navis",1030.6159760657
"7901009",73,0,1,0.028035,1,0.005607,1,143.178565471877,1,4.85141939788975,696,1,6.07100009918213,34.8720016479492,0.0280349999666214,0,138.06689453125,-88.2597,26.6985,11.6130649058502,63,63,63,63,61,63,0,7817,1.11627530284214,27,-88,0.001869,51,2025-06-15 14:27:00.001541,696,1.037,0.0011,"aoml_navis",1030.62621264508
"7901009",73,0,1,0.029904,1,0.007476,1,143.507303201982,1,4.85136713866896,698,1,6.05700016021729,34.8720016479492,0.0299040004611015,0,138.383895874023,-88.2597,26.6985,11.6130649058502,63,63,63,63,61,63,0,7817,1.11627530284214,27,-88,0.001869,51,2025-06-15 14:27:00.001541,698,1.037,0.0011,"aoml_navis",1030.6373146131
"7901009",73,0,1,0.028035,1,0.005607,1,143.958832979531,1,4.85130810343207,700,1,6.03299999237061,34.8720016479492,0.0280349999666214,0,138.819305419922,-88.2597,26.6985,11.6130649058502,63,63,63,63,61,63,0,7817,1.11627530284214,27,-88,0.001869,51,2025-06-15 14:27:00.001541,700,1.037,0.0011,"aoml_navis",1030.64985636817
"7901009",73,0,1,0.029904,1,0.007476,1,144.197755289368,1,4.85123155228975,702,1,5.99399995803833,34.8740005493164,0.0299040004611015,0,139.049697875977,-88.2597,26.6985,11.6130649058502,63,63,63,63,61,63,0,7817,1.11627530284214,27,-88,0.001869,51,2025-06-15 14:27:00.001541,702,1.037,0.0011,"aoml_navis",1030.66611974851
"7901009",73,0,1,0.028035,1,0.005607,1,144.253660483133,1,4.85118744471139,704,1,5.99200010299683,34.8740005493164,0.0280349999666214,0,139.103607177734,-88.2597,26.6985,11.6130649058502,63,63,63,63,61,63,0,7817,1.11627530284214,27,-88,0.001869,51,2025-06-15 14:27:00.001541,704,1.037,0.0011,"aoml_navis",1030.67549068854
"7901009",73,0,1,0.031773,1,0.009345,1,144.363888498917,1,4.85114770967753,706,1,5.99100017547607,34.8730010986328,0.0317730009555817,0,139.209899902344,-88.2597,26.6985,11.6130649058502,63,63,63,63,61,63,0,7817,1.11627530284214,27,-88,0.001869,51,2025-06-15 14:27:00.001541,706,1.037,0.0011,"aoml_navis",1030.68393279915
"7901009",73,0,1,0.026166,1,0.003738,1,144.483658216326,1,4.85110292918253,708,1,5.98799991607666,34.8730010986328,0.0261659994721413,0,139.325393676758,-88.2597,26.6985,11.6130649058502,63,63,63,63,61,63,0,7817,1.11627530284214,27,-88,0.001869,51,2025-06-15 14:27:00.001541,708,1.037,0.0011,"aoml_navis",1030.69344703485
"7901009",73,0,1,0.026166,1,0.003738,1,144.623144285683,1,4.85105544473503,710,1,5.98099994659424,34.8730010986328,0.0261659994721413,0,139.459899902344,-88.2597,26.6985,11.6130649058502,63,63,63,63,61,63,0,7817,1.11627530284214,27,-88,0.001869,51,2025-06-15 14:27:00.001541,710,1.037,0.0011,"aoml_navis",1030.70353595456
"7901009",73,0,1,0.031773,1,0.009345,1,144.747787708067,1,4.85100088798325,712,1,5.9689998626709,34.8740005493164,0.0317730009555817,0,139.580093383789,-88.2597,26.6985,11.6130649058502,63,63,63,63,61,63,0,7817,1.11627530284214,27,-88,0.001869,51,2025-06-15 14:27:00.001541,712,1.037,0.0011,"aoml_navis",1030.71512775556
"7901009",73,0,1,0.029904,1,0.007476,1,144.808044424132,1,4.85095678884676,714,1,5.96700000762939,34.8740005493164,0.0299040004611015,0,139.638198852539,-88.2597,26.6985,11.6130649058502,63,63,63,63,61,63,0,7817,1.11627530284214,27,-88,0.001869,51,2025-06-15 14:27:00.001541,714,1.037,0.0011,"aoml_navis",1030.72449779308
"7901009",73,0,1,0.031773,1,0.009345,1,144.907085071676,1,4.85091133918871,716,1,5.96299982070923,34.8740005493164,0.0317730009555817,0,139.733703613281,-88.2597,26.6985,11.6130649058502,63,63,63,63,61,63,0,7817,1.11627530284214,27,-88,0.001869,51,2025-06-15 14:27:00.001541,716,1.037,0.0011,"aoml_navis",1030.73415496318
"7901009",73,0,1,0.028035,1,0.005607,1,144.995745360571,1,4.85086791996703,718,1,5.96199989318848,34.8740005493164,0.0280349999666214,0,139.819198608398,-88.2597,26.6985,11.6130649058502,63,63,63,63,61,63,0,7817,1.11627530284214,27,-88,0.001869,51,2025-06-15 14:27:00.001541,718,1.037,0.0011,"aoml_navis",1030.74338087399
"7901009",73,0,1,0.031773,1,0.009345,1,145.242452939395,1,4.85082752017319,720,1,5.96000003814697,34.8730010986328,0.0317730009555817,0,140.057098388672,-88.2597,26.6985,11.6130649058502,63,63,63,63,61,63,0,7817,1.11627530284214,27,-88,0.001869,51,2025-06-15 14:27:00.001541,720,1.037,0.0011,"aoml_navis",1030.75196535157
"7901009",73,0,1,0.028035,1,0.005607,1,145.641400503844,1,4.85076216539376,722,1,5.93200016021729,34.8740005493164,0.0280349999666214,0,140.441802978516,-88.2597,26.6985,11.6130649058502,63,63,63,63,61,63,0,7817,1.11627530284214,27,-88,0.001869,51,2025-06-15 14:27:00.001541,722,1.037,0.0011,"aoml_navis",1030.76585277071
"7901009",73,0,1,0.031773,1,0.009345,1,145.781187223832,1,4.85070493165117,724,1,5.91599988937378,34.875,0.0317730009555817,0,140.576599121094,-88.2597,26.6985,11.6130649058502,63,63,63,63,61,63,0,7817,1.11627530284214,27,-88,0.001869,51,2025-06-15 14:27:00.001541,724,1.037,0.0011,"aoml_navis",1030.77801483547
"7901009",73,0,1,0.029904,1,0.007476,1,145.898583383623,1,4.85066084054165,726,1,5.91400003433228,34.875,0.0299040004611015,0,140.689804077148,-88.2597,26.6985,11.6130649058502,63,63,63,63,61,63,0,7817,1.11627530284214,27,-88,0.001869,51,2025-06-15 14:27:00.001541,726,1.037,0.0011,"aoml_navis",1030.78738431064
"7901009",73,0,1,0.029904,1,0.007476,1,146.042515917584,1,4.85061540188446,728,1,5.90999984741211,34.875,0.0299040004611015,0,140.828598022461,-88.2597,26.6985,11.6130649058502,63,63,63,63,61,63,0,7817,1.11627530284214,27,-88,0.001869,51,2025-06-15 14:27:00.001541,728,1.037,0.0011,"aoml_navis",1030.79704032142
"7901009",73,0,1,0.031773,1,0.009345,1,146.342217126162,1,4.85056861603175,730,1,5.90399980545044,34.875,0.0317730009555817,0,141.117599487305,-88.2597,26.6985,11.6130649058502,63,63,63,63,61,63,0,7817,1.11627530284214,27,-88,0.001869,51,2025-06-15 14:27:00.001541,730,1.037,0.0011,"aoml_navis",1030.80698280906
"7901009",73,0,1,0.029904,1,0.007476,1,146.601884329582,1,4.85051711275348,732,1,5.89099979400635,34.875,0.0299040004611015,0,141.36799621582,-88.2597,26.6985,11.6130649058502,63,63,63,63,61,63,0,7817,1.11627530284214,27,-88,0.001869,51,2025-06-15 14:27:00.001541,732,1.037,0.0011,"aoml_navis",1030.81792802122
"7901009",73,0,1,0.029904,1,0.007476,1,146.883135083608,1,4.85046763656826,734,1,5.88100004196167,34.875,0.0299040004611015,0,141.639205932617,-88.2597,26.6985,11.6130649058502,63,63,63,63,61,63,0,7817,1.11627530284214,27,-88,0.001869,51,2025-06-15 14:27:00.001541,734,1.037,0.0011,"aoml_navis",1030.82844266487
"7901009",73,0,1,0.033642,1,0.011214,1,147.100901083209,1,4.85040975765125,736,1,5.86399984359741,34.8759994506836,0.0336420014500618,0,141.849197387695,-88.2597,26.6985,11.6130649058502,63,63,63,63,61,63,0,7817,1.11627530284214,27,-88,0.001869,51,2025-06-15 14:27:00.001541,736,1.037,0.0011,"aoml_navis",1030.84074332334
"7901009",73,0,1,0.028035,1,0.005607,1,147.282272532666,1,4.85036936796783,738,1,5.86199998855591,34.875,0.0280349999666214,0,142.02409362793,-88.2597,26.6985,11.6130649058502,63,63,63,63,61,63,0,7817,1.11627530284214,27,-88,0.001869,51,2025-06-15 14:27:00.001541,738,1.037,0.0011,"aoml_navis",1030.84932727399
"7901009",73,0,1,0.028035,1,0.005607,1,147.608731647459,1,4.85032394019019,740,1,5.85799980163574,34.875,0.0280349999666214,0,142.338897705078,-88.2597,26.6985,11.6130649058502,63,63,63,63,61,63,0,7817,1.11627530284214,27,-88,0.001869,51,2025-06-15 14:27:00.001541,740,1.037,0.0011,"aoml_navis",1030.85898213305
"7901009",73,0,1,0.031773,1,0.009345,1,148.116562211708,1,4.85027245804173,742,1,5.84499979019165,34.875,0.0317730009555817,0,142.828598022461,-88.2597,26.6985,11.6130649058502,63,63,63,63,61,63,0,7817,1.11627530284214,27,-88,0.001869,51,2025-06-15 14:27:00.001541,742,1.037,0.0011,"aoml_navis",1030.86992395861
"7901009",73,0,1,0.029904,1,0.007476,1,148.812093712397,1,4.85021560569539,744,1,5.82399988174438,34.875,0.0299040004611015,0,143.499298095703,-88.2597,26.6985,11.6130649058502,63,63,63,63,61,63,0,7817,1.11627530284214,27,-88,0.001869,51,2025-06-15 14:27:00.001541,744,1.037,0.0011,"aoml_navis",1030.88200741607
"7901009",73,0,1,0.028035,1,0.005607,1,149.329877394925,1,4.85013998358053,746,1,5.78599977493286,34.8769989013672,0.0280349999666214,0,143.998596191406,-88.2597,26.6985,11.6130649058502,63,63,63,63,61,63,0,7817,1.11627530284214,27,-88,0.001869,51,2025-06-15 14:27:00.001541,746,1.037,0.0011,"aoml_navis",1030.89808065887
"7901009",73,0,1,0.029904,1,0.007476,1,149.704978617171,1,4.85008719539478,748,1,5.77099990844727,34.8769989013672,0.0299040004611015,0,144.360305786133,-88.2597,26.6985,11.6130649058502,63,63,63,63,61,63,0,7817,1.11627530284214,27,-88,0.001869,51,2025-06-15 14:27:00.001541,748,1.037,0.0011,"aoml_navis",1030.90930091887
"7901009",73,0,1,0.035511,1,0.013083,1,150.095001604976,1,4.8500344152197,750,1,5.75600004196167,34.8769989013672,0.0355109982192516,0,144.736404418945,-88.2597,26.6985,11.6130649058502,63,63,63,63,61,63,0,7817,1.11627530284214,27,-88,0.001869,51,2025-06-15 14:27:00.001541,750,1.037,0.0011,"aoml_navis",1030.92051972038
"7901009",73,0,1,0.03738,1,0.014952,1,150.277100945436,1,4.84997327153623,752,1,5.73400020599365,34.8779983520508,0.0373799987137318,0,144.912002563477,-88.2597,26.6985,11.6130649058502,63,63,63,63,61,63,0,7817,1.11627530284214,27,-88,0.001869,51,2025-06-15 14:27:00.001541,752,1.037,0.0011,"aoml_navis",1030.93351655034
"7901009",73,0,1,0.028035,1,0.005607,1,150.427362966378,1,4.84992785698933,754,1,5.73000001907349,34.8779983520508,0.0280349999666214,0,145.056900024414,-88.2597,26.6985,11.6130649058502,63,63,63,63,61,63,0,7817,1.11627530284214,27,-88,0.001869,51,2025-06-15 14:27:00.001541,754,1.037,0.0011,"aoml_navis",1030.94317017405
"7901009",73,0,1,0.028035,1,0.005607,1,150.746970411513,1,4.8498817762145,756,1,5.72499990463257,34.8779983520508,0.0280349999666214,0,145.365097045898,-88.2597,26.6985,11.6130649058502,63,63,63,63,61,63,0,7817,1.11627530284214,27,-88,0.001869,51,2025-06-15 14:27:00.001541,756,1.037,0.0011,"aoml_navis",1030.95296560047
"7901009",73,0,1,0.026166,1,0.003738,1,151.254278793087,1,4.84983169060693,758,1,5.71400022506714,34.8779983520508,0.0261659994721413,0,145.854293823242,-88.2597,26.6985,11.6130649058502,63,63,63,63,61,63,0,7817,1.11627530284214,27,-88,0.001869,51,2025-06-15 14:27:00.001541,758,1.037,0.0011,"aoml_navis",1030.96361254844
"7901009",73,0,1,0.028035,1,0.005607,1,151.662657293138,1,4.84975953885697,760,1,5.68100023269653,34.8800010681152,0.0280349999666214,0,146.248092651367,-88.2597,26.6985,11.6130649058502,63,63,63,63,61,63,0,7817,1.11627530284214,27,-88,0.001869,51,2025-06-15 14:27:00.001541,760,1.037,0.0011,"aoml_navis",1030.97895059318
"7901009",73,0,1,0.029904,1,0.007476,1,151.869140982195,1,4.84971582684165,762,1,5.67399978637695,34.8790016174316,0.0299040004611015,0,146.447204589844,-88.2597,26.6985,11.6130649058502,63,63,63,63,61,63,0,7817,1.11627530284214,27,-88,0.001869,51,2025-06-15 14:27:00.001541,762,1.037,0.0011,"aoml_navis",1030.98824313098
"7901009",73,0,1,0.029904,1,0.007476,1,152.043154403036,1,4.84966539627534,764,1,5.66800022125244,34.8800010681152,0.0299040004611015,0,146.615005493164,-88.2597,26.6985,11.6130649058502,63,63,63,63,61,63,0,7817,1.11627530284214,27,-88,0.001869,51,2025-06-15 14:27:00.001541,764,1.037,0.0011,"aoml_navis",1030.99896414299
"7901009",73,0,1,0.028035,1,0.005607,1,152.287789074874,1,4.84961999277363,766,1,5.66400003433228,34.8800010681152,0.0280349999666214,0,146.85090637207,-88.2597,26.6985,11.6130649058502,63,63,63,63,61,63,0,7817,1.11627530284214,27,-88,0.001869,51,2025-06-15 14:27:00.001541,766,1.037,0.0011,"aoml_navis",1031.00861664428
"7901009",73,0,1,0.029904,1,0.007476,1,152.600133433698,1,4.84957059621771,768,1,5.65399980545044,34.8800010681152,0.0299040004611015,0,147.152099609375,-88.2597,26.6985,11.6130649058502,63,63,63,63,61,63,0,7817,1.11627530284214,27,-88,0.001869,51,2025-06-15 14:27:00.001541,768,1.037,0.0011,"aoml_navis",1031.01911824928
"7901009",73,0,1,0.028035,1,0.005607,1,152.865718707445,1,4.84952053836256,770,1,5.64300012588501,34.8800010681152,0.0280349999666214,0,147.408203125,-88.2597,26.6985,11.6130649058502,63,63,63,63,61,63,0,7817,1.11627530284214,27,-88,0.001869,51,2025-06-15 14:27:00.001541,770,1.037,0.0011,"aoml_navis",1031.02976066336
"7901009",73,0,1,0.029904,1,0.007476,1,153.09489360733,1,4.84946679107129,772,1,5.63199996948242,34.8810005187988,0.0299040004611015,0,147.629196166992,-88.2597,26.6985,11.6130649058502,63,63,63,63,61,63,0,7817,1.11627530284214,27,-88,0.001869,51,2025-06-15 14:27:00.001541,772,1.037,0.0011,"aoml_navis",1031.04118770457
"7901009",73,0,1,0.029904,1,0.007476,1,153.224632266735,1,4.84942206008713,774,1,5.62900018692017,34.8810005187988,0.0299040004611015,0,147.754302978516,-88.2597,26.6985,11.6130649058502,63,63,63,63,61,63,0,7817,1.11627530284214,27,-88,0.001869,51,2025-06-15 14:27:00.001541,774,1.037,0.0011,"aoml_navis",1031.05069801043
"7901009",73,0,1,0.031773,1,0.009345,1,153.428916459066,1,4.8493773306078,776,1,5.62599992752075,34.8810005187988,0.0317730009555817,0,147.951293945312,-88.2597,26.6985,11.6130649058502,63,63,63,63,61,63,0,7817,1.11627530284214,27,-88,0.001869,51,2025-06-15 14:27:00.001541,776,1.037,0.0011,"aoml_navis",1031.06020817178
"7901009",73,0,1,0.026166,1,0.003738,1,153.719281674346,1,4.84932861365264,778,1,5.61700010299683,34.8810005187988,0.0261659994721413,0,148.231292724609,-88.2597,26.6985,11.6130649058502,63,63,63,63,61,63,0,7817,1.11627530284214,27,-88,0.001869,51,2025-06-15 14:27:00.001541,778,1.037,0.0011,"aoml_navis",1031.07056633019
"7901009",73,0,1,0.031773,1,0.009345,1,153.920891658426,1,4.84927657772692,780,1,5.60300016403198,34.8810005187988,0.0317730009555817,0,148.425704956055,-88.2597,26.6985,11.6130649058502,63,63,63,63,61,63,0,7817,1.11627530284214,27,-88,0.001869,51,2025-06-15 14:27:00.001541,780,1.037,0.0011,"aoml_navis",1031.08163039521
"7901009",73,0,1,0.028035,1,0.005607,1,154.150905215337,1,4.84923199638688,781.900024414062,1,5.59700012207031,34.8810005187988,0.0280349999666214,0,148.647506713867,-88.2597,26.6985,11.6130649058502,63,63,63,63,61,63,0,7817,1.11627530284214,27,-88,0.001869,51,2025-06-15 14:27:00.001541,781.900024414062,1.037,0.0011,"aoml_navis",1031.09110962838
"7901009",73,0,1,0.031773,1,0.009345,1,154.504312120954,1,4.84917613209167,784,1,5.58599996566772,34.8819999694824,0.0317730009555817,0,148.988296508789,-88.2597,26.6985,11.6130649058502,63,63,63,63,61,63,0,7817,1.11627530284214,27,-88,0.001869,51,2025-06-15 14:27:00.001541,784,1.037,0.0011,"aoml_navis",1031.10298817776
"7901009",73,0,1,0.024297,1,0.001869,1,154.773220375366,1,4.84912344805739,786,1,5.57100009918213,34.8819999694824,0.0242970008403063,0,149.247604370117,-88.2597,26.6985,11.6130649058502,63,63,63,63,61,63,0,7817,1.11627530284214,27,-88,0.001869,51,2025-06-15 14:27:00.001541,786,1.037,0.0011,"aoml_navis",1031.11419075195
"7901009",73,0,1,0.031773,1,0.009345,1,154.971808029413,1,4.84907276017255,788,1,5.55900001525879,34.8819999694824,0.0317730009555817,0,149.439102172852,-88.2597,26.6985,11.6130649058502,63,63,63,63,61,63,0,7817,1.11627530284214,27,-88,0.001869,51,2025-06-15 14:27:00.001541,788,1.037,0.0011,"aoml_navis",1031.12496910071
"7901009",73,0,1,0.029904,1,0.007476,1,155.182943891401,1,4.84901970914364,790,1,5.54899978637695,34.882999420166,0.0299040004611015,0,149.642700195312,-88.2597,26.6985,11.6130649058502,63,63,63,63,61,63,0,7817,1.11627530284214,27,-88,0.001869,51,2025-06-15 14:27:00.001541,790,1.037,0.0011,"aoml_navis",1031.13625019334
"7901009",73,0,1,0.028035,1,0.005607,1,155.236253995503,1,4.84897499209813,792,1,5.5460000038147,34.882999420166,0.0280349999666214,0,149.694107055664,-88.2597,26.6985,11.6130649058502,63,63,63,63,61,63,0,7817,1.11627530284214,27,-88,0.001869,51,2025-06-15 14:27:00.001541,792,1.037,0.0011,"aoml_navis",1031.14575928892
"7901009",73,0,1,0.026166,1,0.003738,1,155.35497934756,1,4.84893226488405,794,1,5.5460000038147,34.882999420166,0.0261659994721413,0,149.80859375,-88.2597,26.6985,11.6130649058502,63,63,63,63,61,63,0,7817,1.11627530284214,27,-88,0.001869,51,2025-06-15 14:27:00.001541,794,1.037,0.0011,"aoml_navis",1031.15484540999
"7901009",73,0,1,0.035511,1,0.013083,1,155.537300220065,1,4.84888755161862,796,1,5.54300022125244,34.882999420166,0.0355109982192516,0,149.984405517578,-88.2597,26.6985,11.6130649058502,63,63,63,63,61,63,0,7817,1.11627530284214,27,-88,0.001869,51,2025-06-15 14:27:00.001541,796,1.037,0.0011,"aoml_navis",1031.16435404466
"7901009",73,0,1,0.029904,1,0.007476,1,155.772899549237,1,4.84884085155734,798,1,5.53700017929077,34.882999420166,0.0299040004611015,0,150.21159362793,-88.2597,26.6985,11.6130649058502,63,63,63,63,61,63,0,7817,1.11627530284214,27,-88,0.001869,51,2025-06-15 14:27:00.001541,798,1.037,0.0011,"aoml_navis",1031.17428537464
"7901009",73,0,1,0.033642,1,0.011214,1,156.155770216752,1,4.84879680423248,800,1,5.53499984741211,34.882999420166,0.0336420014500618,0,150.580795288086,-88.2597,26.6985,11.6130649058502,63,63,63,63,61,63,0,7817,1.11627530284214,27,-88,0.001869,51,2025-06-15 14:27:00.001541,800,1.037,0.0011,"aoml_navis",1031.18365274361
"7901009",73,0,1,0.031773,1,0.009345,1,156.589878081384,1,4.84874613222442,802,1,5.52299976348877,34.882999420166,0.0317730009555817,0,150.999404907227,-88.2597,26.6985,11.6130649058502,63,63,63,63,61,63,0,7817,1.11627530284214,27,-88,0.001869,51,2025-06-15 14:27:00.001541,802,1.037,0.0011,"aoml_navis",1031.19442916806
"7901009",73,0,1,0.029904,1,0.007476,1,156.911352725179,1,4.84868449368652,804,1,5.5,34.8839988708496,0.0299040004611015,0,151.30940246582,-88.2597,26.6985,11.6130649058502,63,63,63,63,61,63,0,7817,1.11627530284214,27,-88,0.001869,51,2025-06-15 14:27:00.001541,804,1.037,0.0011,"aoml_navis",1031.20753814988
"7901009",73,0,1,0.029904,1,0.007476,1,157.174960034244,1,4.8486351584462,806,1,5.48999977111816,34.8839988708496,0.0299040004611015,0,151.563598632812,-88.2597,26.6985,11.6130649058502,63,63,63,63,61,63,0,7817,1.11627530284214,27,-88,0.001869,51,2025-06-15 14:27:00.001541,806,1.037,0.0011,"aoml_navis",1031.21803076689
"7901009",73,0,1,0.031773,1,0.009345,1,157.43992818301,1,4.84858477854132,808,1,5.48400020599365,34.8849983215332,0.0317730009555817,0,151.819107055664,-88.2597,26.6985,11.6130649058502,63,63,63,63,61,63,0,7817,1.11627530284214,27,-88,0.001869,51,2025-06-15 14:27:00.001541,808,1.037,0.0011,"aoml_navis",1031.22874578347
"7901009",73,0,1,0.029904,1,0.007476,1,157.674799621179,1,4.84854244637587,810,1,5.47900009155273,34.8839988708496,0.0299040004611015,0,152.045593261719,-88.2597,26.6985,11.6130649058502,63,63,63,63,61,63,0,7817,1.11627530284214,27,-88,0.001869,51,2025-06-15 14:27:00.001541,810,1.037,0.0011,"aoml_navis",1031.2377493441
"7901009",73,0,1,0.026166,1,0.003738,1,158.115537623424,1,4.84849074854565,812,1,5.47100019454956,34.8849983215332,0.0261659994721413,0,152.470596313477,-88.2597,26.6985,11.6130649058502,63,63,63,63,61,63,0,7817,1.11627530284214,27,-88,0.001869,51,2025-06-15 14:27:00.001541,812,1.037,0.0011,"aoml_navis",1031.24874508625
"7901009",73,0,1,0.031773,1,0.009345,1,158.531701392463,1,4.84844076404817,814,1,5.46000003814697,34.8849983215332,0.0317730009555817,0,152.87190246582,-88.2597,26.6985,11.6130649058502,63,63,63,63,61,63,0,7817,1.11627530284214,27,-88,0.001869,51,2025-06-15 14:27:00.001541,814,1.037,0.0011,"aoml_navis",1031.25937663829
"7901009",73,0,1,0.031773,1,0.009345,1,158.925870194241,1,4.8483817982005,816,1,5.44099998474121,34.8860015869141,0.0317730009555817,0,153.251998901367,-88.2597,26.6985,11.6130649058502,63,63,63,63,61,63,0,7817,1.11627530284214,27,-88,0.001869,51,2025-06-15 14:27:00.001541,816,1.037,0.0011,"aoml_navis",1031.2719187783
"7901009",73,0,1,0.026166,1,0.003738,1,159.335593710276,1,4.84833446306675,818,1,5.43400001525879,34.8860015869141,0.0261659994721413,0,153.647094726562,-88.2597,26.6985,11.6130649058502,63,63,63,63,61,63,0,7817,1.11627530284214,27,-88,0.001869,51,2025-06-15 14:27:00.001541,818,1.037,0.0011,"aoml_navis",1031.28198726565
"7901009",73,0,1,0.029904,1,0.007476,1,159.930438896805,1,4.84828581159092,820,1,5.42500019073486,34.8860015869141,0.0299040004611015,0,154.220703125,-88.2597,26.6985,11.6130649058502,63,63,63,63,61,63,0,7817,1.11627530284214,27,-88,0.001869,51,2025-06-15 14:27:00.001541,820,1.037,0.0011,"aoml_navis",1031.2923359523
"7901009",73,0,1,0.033642,1,0.011214,1,160.498304645075,1,4.84822556561058,822,1,5.40399980545044,34.8870010375977,0.0336420014500618,0,154.768295288086,-88.2597,26.6985,11.6130649058502,63,63,63,63,61,63,0,7817,1.11627530284214,27,-88,0.001869,51,2025-06-15 14:27:00.001541,822,1.037,0.0011,"aoml_navis",1031.30515120129
"7901009",73,0,1,0.031773,1,0.009345,1,160.991925511051,1,4.84817165964754,824,1,5.38700008392334,34.8870010375977,0.0317730009555817,0,155.244293212891,-88.2597,26.6985,11.6130649058502,63,63,63,63,61,63,0,7817,1.11627530284214,27,-88,0.001869,51,2025-06-15 14:27:00.001541,824,1.037,0.0011,"aoml_navis",1031.31661810083
"7901009",73,0,1,0.028035,1,0.005607,1,161.418675347066,1,4.84811275718727,826,1,5.36800003051758,34.8880004882812,0.0280349999666214,0,155.655807495117,-88.2597,26.6985,11.6130649058502,63,63,63,63,61,63,0,7817,1.11627530284214,27,-88,0.001869,51,2025-06-15 14:27:00.001541,826,1.037,0.0011,"aoml_navis",1031.32914814895
"7901009",73,0,1,0.033642,1,0.011214,1,161.705195399005,1,4.84806018603931,828,1,5.35300016403198,34.8880004882812,0.0336420014500618,0,155.932098388672,-88.2597,26.6985,11.6130649058502,63,63,63,63,61,63,0,7817,1.11627530284214,27,-88,0.001869,51,2025-06-15 14:27:00.001541,828,1.037,0.0011,"aoml_navis",1031.3403316234
"7901009",73,0,1,0.026166,1,0.003738,1,161.929718125959,1,4.84800917903523,830,1,5.34600019454956,34.8889999389648,0.0261659994721413,0,156.14860534668,-88.2597,26.6985,11.6130649058502,63,63,63,63,61,63,0,7817,1.11627530284214,27,-88,0.001869,51,2025-06-15 14:27:00.001541,830,1.037,0.0011,"aoml_navis",1031.35118258894
"7901009",73,0,1,0.029904,1,0.007476,1,162.211364472922,1,4.84795989844706,832,1,5.33599996566772,34.8889999389648,0.0299040004611015,0,156.420196533203,-88.2597,26.6985,11.6130649058502,63,63,63,63,61,63,0,7817,1.11627530284214,27,-88,0.001869,51,2025-06-15 14:27:00.001541,832,1.037,0.0011,"aoml_navis",1031.36166650257
"7901009",73,0,1,0.031773,1,0.009345,1,162.498928890212,1,4.84791521290189,834,1,5.33300018310547,34.8889999389648,0.0317730009555817,0,156.697494506836,-88.2597,26.6985,11.6130649058502,63,63,63,63,61,63,0,7817,1.11627530284214,27,-88,0.001869,51,2025-06-15 14:27:00.001541,834,1.037,0.0011,"aoml_navis",1031.37117305463
"7901009",73,0,1,0.024297,1,0.001869,1,162.945474196763,1,4.84786659312628,836,1,5.32399988174438,34.8889999389648,0.0242970008403063,0,157.12809753418,-88.2597,26.6985,11.6130649058502,63,63,63,63,61,63,0,7817,1.11627530284214,27,-88,0.001869,51,2025-06-15 14:27:00.001541,836,1.037,0.0011,"aoml_navis",1031.38151678708
"7901009",73,0,1,0.029904,1,0.007476,1,163.524764669034,1,4.84780314721973,838,1,5.2979998588562,34.8899993896484,0.0299040004611015,0,157.686706542969,-88.2597,26.6985,11.6130649058502,63,63,63,63,61,63,0,7817,1.11627530284214,27,-88,0.001869,51,2025-06-15 14:27:00.001541,838,1.037,0.0011,"aoml_navis",1031.39501505286
"7901009",73,0,1,0.028035,1,0.005607,1,163.944852720002,1,4.84775257501711,840,1,5.28599977493286,34.8899993896484,0.0280349999666214,0,158.091796875,-88.2597,26.6985,11.6130649058502,63,63,63,63,61,63,0,7817,1.11627530284214,27,-88,0.001869,51,2025-06-15 14:27:00.001541,840,1.037,0.0011,"aoml_navis",1031.40577466092
"7901009",73,0,1,0.029904,1,0.007476,1,164.286043715744,1,4.84769439328455,842,1,5.26800012588501,34.890998840332,0.0299040004611015,0,158.420806884766,-88.2597,26.6985,11.6130649058502,63,63,63,63,61,63,0,7817,1.11627530284214,27,-88,0.001869,51,2025-06-15 14:27:00.001541,842,1.037,0.0011,"aoml_navis",1031.41815353015
"7901009",73,0,1,0.031773,1,0.009345,1,164.609385558198,1,4.84764513997177,844,1,5.25799989700317,34.890998840332,0.0317730009555817,0,158.732604980469,-88.2597,26.6985,11.6130649058502,63,63,63,63,61,63,0,7817,1.11627530284214,27,-88,0.001869,51,2025-06-15 14:27:00.001541,844,1.037,0.0011,"aoml_navis",1031.42863300203
"7901009",73,0,1,0.028035,1,0.005607,1,164.861378258652,1,4.847588933788,846,1,5.24300003051758,34.8919982910156,0.0280349999666214,0,158.975601196289,-88.2597,26.6985,11.6130649058502,63,63,63,63,61,63,0,7817,1.11627530284214,27,-88,0.001869,51,2025-06-15 14:27:00.001541,846,1.037,0.0011,"aoml_navis",1031.44059207448
"7901009",73,0,1,0.028035,1,0.005607,1,164.986448921408,1,4.84754099440267,848,1,5.2350001335144,34.8919982910156,0.0280349999666214,0,159.096206665039,-88.2597,26.6985,11.6130649058502,63,63,63,63,61,63,0,7817,1.11627530284214,27,-88,0.001869,51,2025-06-15 14:27:00.001541,848,1.037,0.0011,"aoml_navis",1031.45079242721
"7901009",73,0,1,0.029904,1,0.007476,1,165.161174409535,1,4.84749631954755,850,1,5.23199987411499,34.8919982910156,0.0299040004611015,0,159.264694213867,-88.2597,26.6985,11.6130649058502,63,63,63,63,61,63,0,7817,1.11627530284214,27,-88,0.001869,51,2025-06-15 14:27:00.001541,850,1.037,0.0011,"aoml_navis",1031.46029834772
"7901009",73,0,1,0.028035,1,0.005607,1,165.406742680702,1,4.84744755382033,852.099975585938,1,5.22599983215332,34.8919982910156,0.0280349999666214,0,159.501495361328,-88.2597,26.6985,11.6130649058502,63,63,63,63,61,63,0,7817,1.11627530284214,27,-88,0.001869,51,2025-06-15 14:27:00.001541,852.099975585938,1.037,0.0011,"aoml_navis",1031.47067492446
"7901009",73,0,1,0.035511,1,0.013083,1,165.571420108246,1,4.84739804960917,854,1,5.21799993515015,34.8930015563965,0.0355109982192516,0,159.660293579102,-88.2597,26.6985,11.6130649058502,63,63,63,63,61,63,0,7817,1.11627530284214,27,-88,0.001869,51,2025-06-15 14:27:00.001541,854,1.037,0.0011,"aoml_navis",1031.48120885248
"7901009",73,0,1,0.031773,1,0.009345,1,165.713295558938,1,4.84735011917893,856,1,5.21000003814697,34.8930015563965,0.0317730009555817,0,159.797103881836,-88.2597,26.6985,11.6130649058502,63,63,63,63,61,63,0,7817,1.11627530284214,27,-88,0.001869,51,2025-06-15 14:27:00.001541,856,1.037,0.0011,"aoml_navis",1031.49140810298
"7901009",73,0,1,0.029904,1,0.007476,1,165.914684010974,1,4.8473041469875,858,1,5.20499992370605,34.8930015563965,0.0299040004611015,0,159.991302490234,-88.2597,26.6985,11.6130649058502,63,63,63,63,61,63,0,7817,1.11627530284214,27,-88,0.001869,51,2025-06-15 14:27:00.001541,858,1.037,0.0011,"aoml_navis",1031.50119084386
"7901009",73,0,1,0.029904,1,0.007476,1,166.080706454501,1,4.84725882885344,860,1,5.20100021362305,34.8930015563965,0.0299040004611015,0,160.151397705078,-88.2597,26.6985,11.6130649058502,63,63,63,63,61,63,0,7817,1.11627530284214,27,-88,0.001869,51,2025-06-15 14:27:00.001541,860,1.037,0.0011,"aoml_navis",1031.51083458498
"7901009",73,0,1,0.029904,1,0.007476,1,166.294848822805,1,4.8472148161859,862,1,5.19899988174438,34.8930015563965,0.0299040004611015,0,160.357894897461,-88.2597,26.6985,11.6130649058502,63,63,63,63,61,63,0,7817,1.11627530284214,27,-88,0.001869,51,2025-06-15 14:27:00.001541,862,1.037,0.0011,"aoml_navis",1031.5202006942
"7901009",73,0,1,0.026166,1,0.003738,1,166.576400227463,1,4.84716819723704,864,1,5.19299983978271,34.8930015563965,0.0261659994721413,0,160.62939453125,-88.2597,26.6985,11.6130649058502,63,63,63,63,61,63,0,7817,1.11627530284214,27,-88,0.001869,51,2025-06-15 14:27:00.001541,864,1.037,0.0011,"aoml_navis",1031.53012161824
"7901009",73,0,1,0.029904,1,0.007476,1,166.928778591445,1,4.84711528141008,866,1,5.18300008773804,34.8940010070801,0.0299040004611015,0,160.969192504883,-88.2597,26.6985,11.6130649058502,63,63,63,63,61,63,0,7817,1.11627530284214,27,-88,0.001869,51,2025-06-15 14:27:00.001541,866,1.037,0.0011,"aoml_navis",1031.54138280479
"7901009",73,0,1,0.031773,1,0.009345,1,167.235220703659,1,4.84706410689591,868,1,5.17000007629395,34.8940010070801,0.0317730009555817,0,161.264694213867,-88.2597,26.6985,11.6130649058502,63,63,63,63,61,63,0,7817,1.11627530284214,27,-88,0.001869,51,2025-06-15 14:27:00.001541,868,1.037,0.0011,"aoml_navis",1031.55227365087
"7901009",73,0,1,0.033642,1,0.011214,1,167.441593626693,1,4.84701554166176,870,1,5.16099977493286,34.8940010070801,0.0336420014500618,0,161.46369934082,-88.2597,26.6985,11.6130649058502,63,63,63,63,61,63,0,7817,1.11627530284214,27,-88,0.001869,51,2025-06-15 14:27:00.001541,870,1.037,0.0011,"aoml_navis",1031.56260940847
"7901009",73,0,1,0.031773,1,0.009345,1,167.784841705704,1,4.8469639387495,872,1,5.15299987792969,34.8950004577637,0.0317730009555817,0,161.794692993164,-88.2597,26.6985,11.6130649058502,63,63,63,63,61,63,0,7817,1.11627530284214,27,-88,0.001869,51,2025-06-15 14:27:00.001541,872,1.037,0.0011,"aoml_navis",1031.57359187821
"7901009",73,0,1,0.029904,1,0.007476,1,168.070649690357,1,4.84691212751809,874,1,5.13899993896484,34.8950004577637,0.0299040004611015,0,162.070297241211,-88.2597,26.6985,11.6130649058502,63,63,63,63,61,63,0,7817,1.11627530284214,27,-88,0.001869,51,2025-06-15 14:27:00.001541,874,1.037,0.0011,"aoml_navis",1031.58461891908
"7901009",73,0,1,0.029904,1,0.007476,1,168.316423669852,1,4.84685793097001,876,1,5.1269998550415,34.8959999084473,0.0299040004611015,0,162.30729675293,-88.2597,26.6985,11.6130649058502,63,63,63,63,61,63,0,7817,1.11627530284214,27,-88,0.001869,51,2025-06-15 14:27:00.001541,876,1.037,0.0011,"aoml_navis",1031.59615388177
"7901009",73,0,1,0.028035,1,0.005607,1,168.456004681513,1,4.84681067934155,878,1,5.11999988555908,34.8959999084473,0.0280349999666214,0,162.44189453125,-88.2597,26.6985,11.6130649058502,63,63,63,63,61,63,0,7817,1.11627530284214,27,-88,0.001869,51,2025-06-15 14:27:00.001541,878,1.037,0.0011,"aoml_navis",1031.60621092781
"7901009",73,0,1,0.028035,1,0.005607,1,168.68747402043,1,4.84676602880563,880,1,5.11700010299683,34.8959999084473,0.0280349999666214,0,162.665100097656,-88.2597,26.6985,11.6130649058502,63,63,63,63,61,63,0,7817,1.11627530284214,27,-88,0.001869,51,2025-06-15 14:27:00.001541,880,1.037,0.0011,"aoml_navis",1031.615714537
"7901009",73,0,1,0.029904,1,0.007476,1,168.814095407496,1,4.84672202958152,882,1,5.11499977111816,34.8959999084473,0.0299040004611015,0,162.787200927734,-88.2597,26.6985,11.6130649058502,63,63,63,63,61,63,0,7817,1.11627530284214,27,-88,0.001869,51,2025-06-15 14:27:00.001541,882,1.037,0.0011,"aoml_navis",1031.62507968952
"7901009",73,0,1,0.028035,1,0.005607,1,169.157865669183,1,4.8466708859922,884,1,5.10200023651123,34.8959999084473,0.0280349999666214,0,163.118698120117,-88.2597,26.6985,11.6130649058502,63,63,63,63,61,63,0,7817,1.11627530284214,27,-88,0.001869,51,2025-06-15 14:27:00.001541,884,1.037,0.0011,"aoml_navis",1031.6359657205
"7901009",73,0,1,0.026166,1,0.003738,1,169.341942974325,1,4.84662060062031,886,1,5.09600019454956,34.8969993591309,0.0261659994721413,0,163.296203613281,-88.2597,26.6985,11.6130649058502,63,63,63,63,61,63,0,7817,1.11627530284214,27,-88,0.001869,51,2025-06-15 14:27:00.001541,886,1.037,0.0011,"aoml_navis",1031.64666930192
"7901009",73,0,1,0.028035,1,0.005607,1,169.56801642559,1,4.84658029714629,888,1,5.0939998626709,34.8959999084473,0.0280349999666214,0,163.514205932617,-88.2597,26.6985,11.6130649058502,63,63,63,63,61,63,0,7817,1.11627530284214,27,-88,0.001869,51,2025-06-15 14:27:00.001541,888,1.037,0.0011,"aoml_navis",1031.65524832923
"7901009",73,0,1,0.028035,1,0.005607,1,169.980224265265,1,4.84652806781609,890,1,5.08500003814697,34.8969993591309,0.0280349999666214,0,163.911697387695,-88.2597,26.6985,11.6130649058502,63,63,63,63,61,63,0,7817,1.11627530284214,27,-88,0.001869,51,2025-06-15 14:27:00.001541,890,1.037,0.0011,"aoml_navis",1031.66636611538
"7901009",73,0,1,0.029904,1,0.007476,1,170.330735430587,1,4.84647434273811,892,1,5.06799983978271,34.8969993591309,0.0299040004611015,0,164.249694824219,-88.2597,26.6985,11.6130649058502,63,63,63,63,61,63,0,7817,1.11627530284214,27,-88,0.001869,51,2025-06-15 14:27:00.001541,892,1.037,0.0011,"aoml_navis",1031.6778025436
"7901009",73,0,1,0.031773,1,0.009345,1,170.503514601467,1,4.84642406646908,894,1,5.06199979782104,34.8979988098145,0.0317730009555817,0,164.416305541992,-88.2597,26.6985,11.6130649058502,63,63,63,63,61,63,0,7817,1.11627530284214,27,-88,0.001869,51,2025-06-15 14:27:00.001541,894,1.037,0.0011,"aoml_navis",1031.6885050554
"7901009",73,0,1,0.029904,1,0.007476,1,170.728749395707,1,4.84637813207151,896,1,5.05700016021729,34.8979988098145,0.0299040004611015,0,164.633499145508,-88.2597,26.6985,11.6130649058502,63,63,63,63,61,63,0,7817,1.11627530284214,27,-88,0.001869,51,2025-06-15 14:27:00.001541,896,1.037,0.0011,"aoml_navis",1031.69828348966
"7901009",73,0,1,0.028035,1,0.005607,1,170.976501339883,1,4.84632895807621,898,1,5.04699993133545,34.8979988098145,0.0280349999666214,0,164.872406005859,-88.2597,26.6985,11.6130649058502,63,63,63,63,61,63,0,7817,1.11627530284214,27,-88,0.001869,51,2025-06-15 14:27:00.001541,898,1.037,0.0011,"aoml_navis",1031.70875176925
"7901009",73,0,1,0.029904,1,0.007476,1,171.179646224557,1,4.84627674464925,900,1,5.03800010681152,34.898998260498,0.0299040004611015,0,165.068298339844,-88.2597,26.6985,11.6130649058502,63,63,63,63,61,63,0,7817,1.11627530284214,27,-88,0.001869,51,2025-06-15 14:27:00.001541,900,1.037,0.0011,"aoml_navis",1031.71986732299
"7901009",73,0,1,0.024297,1,0.001869,1,171.398361647205,1,4.84623081588972,902,1,5.03299999237061,34.898998260498,0.0242970008403063,0,165.279205322266,-88.2597,26.6985,11.6130649058502,63,63,63,63,61,63,0,7817,1.11627530284214,27,-88,0.001869,51,2025-06-15 14:27:00.001541,902,1.037,0.0011,"aoml_navis",1031.72964515147
"7901009",73,0,1,0.033642,1,0.011214,1,171.727510793965,1,4.84618229860759,904,1,5.02400016784668,34.898998260498,0.0336420014500618,0,165.596603393555,-88.2597,26.6985,11.6130649058502,63,63,63,63,61,63,0,7817,1.11627530284214,27,-88,0.001869,51,2025-06-15 14:27:00.001541,904,1.037,0.0011,"aoml_navis",1031.73997425491
"7901009",73,0,1,0.031773,1,0.009345,1,171.963125946854,1,4.84613248969328,906,1,5.01300001144409,34.898998260498,0.0317730009555817,0,165.823806762695,-88.2597,26.6985,11.6130649058502,63,63,63,63,61,63,0,7817,1.11627530284214,27,-88,0.001869,51,2025-06-15 14:27:00.001541,906,1.037,0.0011,"aoml_navis",1031.75057855598
"7901009",73,0,1,0.029904,1,0.007476,1,172.160574293245,1,4.84608221484563,908,1,5.00699996948242,34.9000015258789,0.0299040004611015,0,166.014205932617,-88.2597,26.6985,11.6130649058502,63,63,63,63,61,63,0,7817,1.11627530284214,27,-88,0.001869,51,2025-06-15 14:27:00.001541,908,1.037,0.0011,"aoml_navis",1031.76128227517
"7901009",73,0,1,0.029904,1,0.007476,1,172.366108559254,1,4.84603370641495,910,1,4.9980001449585,34.9000015258789,0.0299040004611015,0,166.21240234375,-88.2597,26.6985,11.6130649058502,63,63,63,63,61,63,0,7817,1.11627530284214,27,-88,0.001869,51,2025-06-15 14:27:00.001541,910,1.037,0.0011,"aoml_navis",1031.77161012752
"7901009",73,0,1,0.031773,1,0.009345,1,172.611676830422,1,4.84598843425226,912,1,4.99399995803833,34.9000015258789,0.0317730009555817,0,166.449203491211,-88.2597,26.6985,11.6130649058502,63,63,63,63,61,63,0,7817,1.11627530284214,27,-88,0.001869,51,2025-06-15 14:27:00.001541,912,1.037,0.0011,"aoml_navis",1031.78124913777
"7901009",73,0,1,0.033642,1,0.011214,1,173.002316943208,1,4.84594057713745,914,1,4.98600006103516,34.9000015258789,0.0336420014500618,0,166.825897216797,-88.2597,26.6985,11.6130649058502,63,63,63,63,61,63,0,7817,1.11627530284214,27,-88,0.001869,51,2025-06-15 14:27:00.001541,914,1.037,0.0011,"aoml_navis",1031.79143871251
"7901009",73,0,1,0.031773,1,0.009345,1,173.375962383448,1,4.84588709272841,916,1,4.97499990463257,34.9010009765625,0.0317730009555817,0,167.18620300293,-88.2597,26.6985,11.6130649058502,63,63,63,63,61,63,0,7817,1.11627530284214,27,-88,0.001869,51,2025-06-15 14:27:00.001541,916,1.037,0.0011,"aoml_navis",1031.80282666983
"7901009",73,0,1,0.031773,1,0.009345,1,173.600469286684,1,4.84583988744393,918,1,4.96799993515015,34.9010009765625,0.0317730009555817,0,167.402694702148,-88.2597,26.6985,11.6130649058502,63,63,63,63,61,63,0,7817,1.11627530284214,27,-88,0.001869,51,2025-06-15 14:27:00.001541,918,1.037,0.0011,"aoml_navis",1031.8128778781
"7901009",73,0,1,0.031773,1,0.009345,1,173.926406218801,1,4.84579203846614,920,1,4.96000003814697,34.9010009765625,0.0317730009555817,0,167.716995239258,-88.2597,26.6985,11.6130649058502,63,63,63,63,61,63,0,7817,1.11627530284214,27,-88,0.001869,51,2025-06-15 14:27:00.001541,920,1.037,0.0011,"aoml_navis",1031.82306634493
"7901009",73,0,1,0.029904,1,0.007476,1,174.269464413202,1,4.84574290050526,922,1,4.94999980926514,34.9010009765625,0.0299040004611015,0,168.047805786133,-88.2597,26.6985,11.6130649058502,63,63,63,63,61,63,0,7817,1.11627530284214,27,-88,0.001869,51,2025-06-15 14:27:00.001541,922,1.037,0.0011,"aoml_navis",1031.83352948392
"7901009",73,0,1,0.031773,1,0.009345,1,174.543547023222,1,4.8456907212234,924,1,4.94099998474121,34.9020004272461,0.0317730009555817,0,168.312103271484,-88.2597,26.6985,11.6130649058502,63,63,63,63,61,63,0,7817,1.11627530284214,27,-88,0.001869,51,2025-06-15 14:27:00.001541,924,1.037,0.0011,"aoml_navis",1031.84464045564
"7901009",73,0,1,0.031773,1,0.009345,1,174.809432947601,1,4.84564288057847,926,1,4.93300008773804,34.9020004272461,0.0317730009555817,0,168.568496704102,-88.2597,26.6985,11.6130649058502,63,63,63,63,61,63,0,7817,1.11627530284214,27,-88,0.001869,51,2025-06-15 14:27:00.001541,926,1.037,0.0011,"aoml_navis",1031.85482777532
"7901009",73,0,1,0.031773,1,0.009345,1,175.122204546796,1,4.84559439729201,928,1,4.92399978637695,34.9020004272461,0.0317730009555817,0,168.870101928711,-88.2597,26.6985,11.6130649058502,63,63,63,63,61,63,0,7817,1.11627530284214,27,-88,0.001869,51,2025-06-15 14:27:00.001541,928,1.037,0.0011,"aoml_navis",1031.8651521461
"7901009",73,0,1,0.029904,1,0.007476,1,175.315507079213,1,4.8455383598449,930,1,4.90899991989136,34.9029998779297,0.0299040004611015,0,169.056503295898,-88.2597,26.6985,11.6130649058502,63,63,63,63,61,63,0,7817,1.11627530284214,27,-88,0.001869,51,2025-06-15 14:27:00.001541,930,1.037,0.0011,"aoml_navis",1031.87708541018
"7901009",73,0,1,0.031773,1,0.009345,1,175.456844523512,1,4.8454924611085,932,1,4.90399980545044,34.9029998779297,0.0317730009555817,0,169.192794799805,-88.2597,26.6985,11.6130649058502,63,63,63,63,61,63,0,7817,1.11627530284214,27,-88,0.001869,51,2025-06-15 14:27:00.001541,932,1.037,0.0011,"aoml_navis",1031.88685982522
"7901009",73,0,1,0.026166,1,0.003738,1,175.582231660617,1,4.84544914173918,934,1,4.90299987792969,34.9029998779297,0.0261659994721413,0,169.313705444336,-88.2597,26.6985,11.6130649058502,63,63,63,63,61,63,0,7817,1.11627530284214,27,-88,0.001869,51,2025-06-15 14:27:00.001541,934,1.037,0.0011,"aoml_navis",1031.8960851182
"7901009",73,0,1,0.028035,1,0.005607,1,175.695466182717,1,4.84540195775162,936,1,4.89599990844727,34.9029998779297,0.0280349999666214,0,169.422897338867,-88.2597,26.6985,11.6130649058502,63,63,63,63,61,63,0,7817,1.11627530284214,27,-88,0.001869,51,2025-06-15 14:27:00.001541,936,1.037,0.0011,"aoml_navis",1031.90613360798
"7901009",73,0,1,0.029904,1,0.007476,1,175.812656634181,1,4.84535735313242,938,1,4.89300012588501,34.9029998779297,0.0299040004611015,0,169.535903930664,-88.2597,26.6985,11.6130649058502,63,63,63,63,61,63,0,7817,1.11627530284214,27,-88,0.001869,51,2025-06-15 14:27:00.001541,938,1.037,0.0011,"aoml_navis",1031.91563296515
"7901009",73,0,1,0.029904,1,0.007476,1,175.929625553601,1,4.84530841569011,940,1,4.88899993896484,34.9039993286133,0.0299040004611015,0,169.648696899414,-88.2597,26.6985,11.6130649058502,63,63,63,63,61,63,0,7817,1.11627530284214,27,-88,0.001869,51,2025-06-15 14:27:00.001541,940,1.037,0.0011,"aoml_navis",1031.92605527627
"7901009",73,0,1,0.026166,1,0.003738,1,176.08009328287,1,4.84526510357125,942,1,4.88800001144409,34.9039993286133,0.0261659994721413,0,169.793792724609,-88.2597,26.6985,11.6130649058502,63,63,63,63,61,63,0,7817,1.11627530284214,27,-88,0.001869,51,2025-06-15 14:27:00.001541,942,1.037,0.0011,"aoml_navis",1031.93527972591
"7901009",73,0,1,0.029904,1,0.007476,1,176.325772320061,1,4.84521921521324,944,1,4.88299989700317,34.9039993286133,0.0299040004611015,0,170.030700683594,-88.2597,26.6985,11.6130649058502,63,63,63,63,61,63,0,7817,1.11627530284214,27,-88,0.001869,51,2025-06-15 14:27:00.001541,944,1.037,0.0011,"aoml_navis",1031.94505303305
"7901009",73,0,1,0.029904,1,0.007476,1,176.625267820311,1,4.84517075152657,946,1,4.87400007247925,34.9039993286133,0.0299040004611015,0,170.31950378418,-88.2597,26.6985,11.6130649058502,63,63,63,63,61,63,0,7817,1.11627530284214,27,-88,0.001869,51,2025-06-15 14:27:00.001541,946,1.037,0.0011,"aoml_navis",1031.95537503496
"7901009",73,0,1,0.026166,1,0.003738,1,177.082177661794,1,4.84512551110381,948,1,4.86999988555908,34.9039993286133,0.0261659994721413,0,170.760101318359,-88.2597,26.6985,11.6130649058502,63,63,63,63,61,63,0,7817,1.11627530284214,27,-88,0.001869,51,2025-06-15 14:27:00.001541,948,1.037,0.0011,"aoml_navis",1031.96501071876
"7901009",73,0,1,0.029904,1,0.007476,1,177.604217924317,1,4.8450662817407,950,1,4.84999990463257,34.9049987792969,0.0299040004611015,0,171.26350402832,-88.2597,26.6985,11.6130649058502,63,63,63,63,61,63,0,7817,1.11627530284214,27,-88,0.001869,51,2025-06-15 14:27:00.001541,950,1.037,0.0011,"aoml_navis",1031.97762615616
"7901009",73,0,1,0.028035,1,0.005607,1,177.944253788685,1,4.84501654248719,952,1,4.83900022506714,34.9049987792969,0.0280349999666214,0,171.591400146484,-88.2597,26.6985,11.6130649058502,63,63,63,63,61,63,0,7817,1.11627530284214,27,-88,0.001869,51,2025-06-15 14:27:00.001541,952,1.037,0.0011,"aoml_navis",1031.98822050528
"7901009",73,0,1,0.031773,1,0.009345,1,178.219475706362,1,4.8449687353727,954,1,4.83099985122681,34.9049987792969,0.0317730009555817,0,171.856796264648,-88.2597,26.6985,11.6130649058502,63,63,63,63,61,63,0,7817,1.11627530284214,27,-88,0.001869,51,2025-06-15 14:27:00.001541,954,1.037,0.0011,"aoml_navis",1031.99840351815
"7901009",73,0,1,0.031773,1,0.009345,1,178.486311053788,1,4.84491659891933,956,1,4.82200002670288,34.9059982299805,0.0317730009555817,0,172.114105224609,-88.2597,26.6985,11.6130649058502,63,63,63,63,61,63,0,7817,1.11627530284214,27,-88,0.001869,51,2025-06-15 14:27:00.001541,956,1.037,0.0011,"aoml_navis",1032.00950891812
"7901009",73,0,1,0.029904,1,0.007476,1,178.812754344863,1,4.84486687026018,958,1,4.81099987030029,34.9059982299805,0.0299040004611015,0,172.428894042969,-88.2597,26.6985,11.6130649058502,63,63,63,63,61,63,0,7817,1.11627530284214,27,-88,0.001869,51,2025-06-15 14:27:00.001541,958,1.037,0.0011,"aoml_navis",1032.02010166514
"7901009",73,0,1,0.029904,1,0.007476,1,179.031881184165,1,4.84481665248847,960,1,4.80499982833862,34.9070014953613,0.0299040004611015,0,172.640197753906,-88.2597,26.6985,11.6130649058502,63,63,63,63,61,63,0,7817,1.11627530284214,27,-88,0.001869,51,2025-06-15 14:27:00.001541,960,1.037,0.0011,"aoml_navis",1032.03079881915
"7901009",73,0,1,0.029904,1,0.007476,1,179.299745073226,1,4.84476949831437,962,1,4.7979998588562,34.9070014953613,0.0299040004611015,0,172.898498535156,-88.2597,26.6985,11.6130649058502,63,63,63,63,61,63,0,7817,1.11627530284214,27,-88,0.001869,51,2025-06-15 14:27:00.001541,962,1.037,0.0011,"aoml_navis",1032.04084358185
"7901009",73,0,1,0.029904,1,0.007476,1,179.578495679894,1,4.84472042107993,964,1,4.78800010681152,34.9070014953613,0.0299040004611015,0,173.167297363281,-88.2597,26.6985,11.6130649058502,63,63,63,63,61,63,0,7817,1.11627530284214,27,-88,0.001869,51,2025-06-15 14:27:00.001541,964,1.037,0.0011,"aoml_navis",1032.05129820173
"7901009",73,0,1,0.031773,1,0.009345,1,179.818256646757,1,4.84467391328442,966,1,4.78200006484985,34.9070014953613,0.0317730009555817,0,173.398498535156,-88.2597,26.6985,11.6130649058502,63,63,63,63,61,63,0,7817,1.11627530284214,27,-88,0.001869,51,2025-06-15 14:27:00.001541,966,1.037,0.0011,"aoml_navis",1032.06120566539
"7901009",73,0,1,0.031773,1,0.009345,1,180.033744031044,1,4.84462500120911,968,1,4.77799987792969,34.9080009460449,0.0317730009555817,0,173.606292724609,-88.2597,26.6985,11.6130649058502,63,63,63,63,61,63,0,7817,1.11627530284214,27,-88,0.001869,51,2025-06-15 14:27:00.001541,968,1.037,0.0011,"aoml_navis",1032.07162551325
"7901009",73,0,1,0.031773,1,0.009345,1,180.35999743751,1,4.84457849715178,970,1,4.77199983596802,34.9080009460449,0.0317730009555817,0,173.9208984375,-88.2597,26.6985,11.6130649058502,63,63,63,63,61,63,0,7817,1.11627530284214,27,-88,0.001869,51,2025-06-15 14:27:00.001541,970,1.037,0.0011,"aoml_navis",1032.08153257081
"7901009",73,0,1,0.035511,1,0.013083,1,180.658654280736,1,4.84453220324836,971.900024414062,1,4.76300001144409,34.9080009460449,0.0355109982192516,0,174.208892822266,-88.2597,26.6985,11.6130649058502,63,63,63,63,61,63,0,7817,1.11627530284214,27,-88,0.001869,51,2025-06-15 14:27:00.001541,971.900024414062,1.037,0.0011,"aoml_navis",1032.09139504685
"7901009",73,0,1,0.029904,1,0.007476,1,180.970175806252,1,4.8444842123751,974,1,4.75799989700317,34.9080009460449,0.0299040004611015,0,174.509292602539,-88.2597,26.6985,11.6130649058502,63,63,63,63,61,63,0,7817,1.11627530284214,27,-88,0.001869,51,2025-06-15 14:27:00.001541,974,1.037,0.0011,"aoml_navis",1032.10161924517
"7901009",73,0,1,0.028035,1,0.005607,1,181.503830677386,1,4.84443643226019,976,1,4.75,34.9080009460449,0.0280349999666214,0,175.023895263672,-88.2597,26.6985,11.6130649058502,63,63,63,63,61,63,0,7817,1.11627530284214,27,-88,0.001869,51,2025-06-15 14:27:00.001541,976,1.037,0.0011,"aoml_navis",1032.11179874379
"7901009",73,0,1,0.029904,1,0.007476,1,181.905468273802,1,4.84438304327278,978,1,4.73899984359741,34.9090003967285,0.0299040004611015,0,175.411193847656,-88.2597,26.6985,11.6130649058502,63,63,63,63,61,63,0,7817,1.11627530284214,27,-88,0.001869,51,2025-06-15 14:27:00.001541,978,1.037,0.0011,"aoml_navis",1032.12317344379
"7901009",73,0,1,0.026166,1,0.003738,1,184.442026005388,1,4.84388191490011,999.5,1,4.6838002204895,34.9109992980957,0.0261659994721413,0,177.857192993164,-88.2597,26.6985,11.6130649058502,63,63,63,63,61,63,0,7817,1.11627530284214,27,-88,0.001869,51,2025-06-15 14:27:00.001541,999.5,1.037,0.0011,"aoml_navis",1032.22995272029
"7901009",73,0,1,0.033642,1,0.011214,1,188.962735492241,1,4.84274243531661,1049,1,4.58010005950928,34.9160003662109,0.0336420014500618,0,182.216506958008,-88.2597,26.6985,11.6130649058502,63,63,63,63,61,63,0,7817,1.11627530284214,27,-88,0.001869,51,2025-06-15 14:27:00.001541,1049,1.037,0.0011,"aoml_navis",1032.47283265295
"7901009",73,0,1,0.029904,1,0.007476,1,192.979111456403,1,4.84157564852487,1100.30004882812,1,4.48610019683838,34.9199981689453,0.0299040004611015,0,186.089492797852,-88.2597,26.6985,11.6130649058502,63,63,63,63,61,63,0,7817,1.11627530284214,27,-88,0.001869,51,2025-06-15 14:27:00.001541,1100.30004882812,1.037,0.0011,"aoml_navis",1032.72165158122
"7901009",73,0,1,0.029904,1,0.007476,1,195.741441988621,1,4.84047350582406,1149.59997558594,1,4.41909980773926,34.9230003356934,0.0299040004611015,0,188.753204345703,-88.2597,26.6985,11.6130649058502,63,63,63,63,61,63,0,7817,1.11627530284214,27,-88,0.001869,51,2025-06-15 14:27:00.001541,1149.59997558594,1.037,0.0011,"aoml_navis",1032.95679523584
"7901009",73,0,4,0.022428,1,0,1,197.266690114008,1,4.83937635225131,1199.90002441406,1,4.38530015945435,34.9249992370605,0.0224280003458261,0,190.223999023438,-88.2597,26.6985,11.6130649058502,63,63,63,63,61,63,0,7817,1.11627530284214,27,-88,0.001869,51,2025-06-15 14:27:00.001541,1199.90002441406,1.037,0.0011,"aoml_navis",1033.19098083247
"7901009",73,0,1,0.028035,1,0.005607,1,198.613889770602,1,4.83830887745797,1249.09997558594,1,4.353600025177,34.9259986877441,0.0280349999666214,0,191.523101806641,-88.2597,26.6985,11.6130649058502,63,63,63,63,61,63,0,7817,1.11627530284214,27,-88,0.001869,51,2025-06-15 14:27:00.001541,1249.09997558594,1.037,0.0011,"aoml_navis",1033.41893348218
"7901009",73,0,1,0.029904,1,0.007476,1,199.539640536528,1,4.83722929952001,1299.5,1,4.3403000831604,34.9269981384277,0.0299040004611015,0,192.415802001953,-88.2597,26.6985,11.6130649058502,63,63,63,63,61,63,0,7817,1.11627530284214,27,-88,0.001869,51,2025-06-15 14:27:00.001541,1299.5,1.037,0.0011,"aoml_navis",1033.64957300994
"7901009",73,0,1,0.026166,1,0.003738,1,200.633075236313,1,4.83615589667746,1349.5,1,4.32130002975464,34.9280014038086,0.0261659994721413,0,193.470199584961,-88.2597,26.6985,11.6130649058502,63,63,63,63,61,63,0,7817,1.11627530284214,27,-88,0.001869,51,2025-06-15 14:27:00.001541,1349.5,1.037,0.0011,"aoml_navis",1033.87899538869
"7901009",73,0,1,0.031773,1,0.009345,1,201.76820543159,1,4.83509111784146,1399.30004882812,1,4.30679988861084,34.9290008544922,0.0317730009555817,0,194.564804077148,-88.2597,26.6985,11.6130649058502,63,63,63,63,61,63,0,7817,1.11627530284214,27,-88,0.001869,51,2025-06-15 14:27:00.001541,1399.30004882812,1.037,0.0011,"aoml_navis",1034.10667516689
"7901009",73,0,1,0.028035,1,0.005607,1,202.292112892772,1,4.83402813715125,1449.19995117188,1,4.2960000038147,34.9300003051758,0.0280349999666214,0,195.070007324219,-88.2597,26.6985,11.6130649058502,63,63,63,63,61,63,0,7817,1.11627530284214,27,-88,0.001869,51,2025-06-15 14:27:00.001541,1449.19995117188,1.037,0.0011,"aoml_navis",1034.33407049769
"7901009",73,0,1,0.031773,1,0.009345,1,202.787600957408,1,4.83296679156878,1499.40002441406,1,4.28940010070801,34.9300003051758,0.0317730009555817,0,195.547805786133,-88.2597,26.6985,11.6130649058502,63,63,63,63,61,63,0,7817,1.11627530284214,27,-88,0.001869,51,2025-06-15 14:27:00.001541,1499.40002441406,1.037,0.0011,"aoml_navis",1034.56121584005
"7901009",73,0,1,0.028035,1,0.005607,1,203.283816913046,1,4.83190696793124,1549.5,1,4.28509998321533,34.9309997558594,0.0280349999666214,0,196.026306152344,-88.2597,26.6985,11.6130649058502,63,63,63,63,61,63,0,7817,1.11627530284214,27,-88,0.001869,51,2025-06-15 14:27:00.001541,1549.5,1.037,0.0011,"aoml_navis",1034.78813503331
"7901009",73,0,1,0.026166,1,0.003738,1,204.003194755938,1,4.83084001911168,1600,1,4.28039979934692,34.931999206543,0.0261659994721413,0,196.720001220703,-88.2597,26.6985,11.6130649058502,63,63,63,63,61,63,0,7817,1.11627530284214,27,-88,0.001869,51,2025-06-15 14:27:00.001541,1600,1.037,0.0011,"aoml_navis",1035.01668037424
"7901009",73,0,1,0.022428,1,0,1,204.401620137711,1,4.82980979663838,1649.09997558594,1,4.27890014648438,34.931999206543,0.0224280003458261,0,197.104202270508,-88.2597,26.6985,11.6130649058502,63,63,63,63,61,63,0,7817,1.11627530284214,27,-88,0.001869,51,2025-06-15 14:27:00.001541,1649.09997558594,1.037,0.0011,"aoml_navis",1035.23745458467
"7901009",73,0,1,0.028035,1,0.005607,1,204.406810317036,1,4.82875435860081,1699.5,1,4.27810001373291,34.931999206543,0.0280349999666214,0,197.10920715332,-88.2597,26.6985,11.6130649058502,63,63,63,63,61,63,0,7817,1.11627530284214,27,-88,0.001869,51,2025-06-15 14:27:00.001541,1699.5,1.037,0.0011,"aoml_navis",1035.46373012207
"7901009",73,0,1,0.024297,1,0.001869,1,204.798067554802,1,4.82770919756853,1749.40002441406,1,4.27479982376099,34.931999206543,0.0242970008403063,0,197.48649597168,-88.2597,26.6985,11.6130649058502,63,63,63,63,61,63,0,7817,1.11627530284214,27,-88,0.001869,51,2025-06-15 14:27:00.001541,1749.40002441406,1.037,0.0011,"aoml_navis",1035.68789986734
"7901009",73,0,1,0.029904,1,0.007476,1,205.018017227412,1,4.82668232533195,1798.59997558594,1,4.2746000289917,34.931999206543,0.0299040004611015,0,197.698593139648,-88.2597,26.6985,11.6130649058502,63,63,63,63,61,63,0,7817,1.11627530284214,27,-88,0.001869,51,2025-06-15 14:27:00.001541,1798.59997558594,1.037,0.0011,"aoml_navis",1035.90824151787
"7901009",73,0,1,0.033642,1,0.011214,1,205.28993198814,1,4.82562942243058,1848.90002441406,1,4.27299976348877,34.9329986572266,0.0336420014500618,0,197.960800170898,-88.2597,26.6985,11.6130649058502,63,63,63,63,61,63,0,7817,1.11627530284214,27,-88,0.001869,51,2025-06-15 14:27:00.001541,1848.90002441406,1.037,0.0011,"aoml_navis",1036.13426608328
"7901009",73,0,1,0.029904,1,0.007476,1,205.522018452038,1,4.8246017034455,1898.30004882812,1,4.27320003509521,34.9329986572266,0.0299040004611015,0,198.184600830078,-88.2597,26.6985,11.6130649058502,63,63,63,63,61,63,0,7817,1.11627530284214,27,-88,0.001869,51,2025-06-15 14:27:00.001541,1898.30004882812,1.037,0.0011,"aoml_navis",1036.35497960987
"7901009",73,0,1,0.026166,1,0.003738,1,205.602592821313,1,4.8235439253277,1949.30004882812,1,4.27570009231567,34.9329986572266,0.0261659994721413,0,198.262298583984,-88.2597,26.6985,11.6130649058502,63,63,63,63,61,63,0,7817,1.11627530284214,27,-88,0.001869,51,2025-06-15 14:27:00.001541,1949.30004882812,1.037,0.0011,"aoml_navis",1036.58224687159
"7901009",73,0,1,0.028035,1,0.005607,1,205.768314614208,1,4.82250208605162,1999.40002441406,1,4.27720022201538,34.9339981079102,0.0280349999666214,0,198.422103881836,-88.2597,26.6985,11.6130649058502,63,63,63,63,61,63,0,7817,1.11627530284214,27,-88,0.001869,51,2025-06-15 14:27:00.001541,1999.40002441406,1.037,0.0011,"aoml_navis",1036.80618707491
"7901009",74,0.0516030195569048,5,0.052332,1,0.029904,1,191.421262526345,1,4.88903911894132,2.29999995231628,1,30.4009990692139,36.4640007019043,0.0523319989442825,0.0392489992082119,184.587203979492,-87.764,27.6435,15.8934088627571,63,63,63,63,61,63,0.048594,7591,0.941689079772035,28,-88,0.001869,51,2025-06-25 21:31:44.002298,2.29999995231628,1.037,0.0011,"aoml_navis",1022.6958464351
"7901009",74,0.0516030195569048,5,0.057939,1,0.035511,1,191.923080233545,1,4.88862522051128,4,1,30.1690006256104,36.4630012512207,0.0579390004277229,0.0448560006916523,185.071105957031,-87.764,27.6435,15.8934088627571,63,63,63,63,61,63,0.048594,7591,0.941689079772035,28,-88,0.001869,51,2025-06-25 21:31:44.002298,4,1.037,0.0011,"aoml_navis",1022.78243360146
"7901009",74,0.0516030195569048,5,0.063546,1,0.041118,1,192.137317610576,1,4.88838300490732,6,1,30.05299949646,36.4659996032715,0.0635460019111633,0.0504629984498024,185.277694702148,-87.764,27.6435,15.8934088627571,63,63,63,63,61,63,0.048594,7591,0.941689079772035,28,-88,0.001869,51,2025-06-25 21:31:44.002298,6,1.037,0.0011,"aoml_navis",1022.83311168143
"7901009",74,0.0516030195569048,5,0.067284,1,0.044856,1,192.050208018985,1,4.88830945808271,8.10000038146973,1,30.0429992675781,36.4700012207031,0.0672840029001236,0.0542009994387627,185.193695068359,-87.764,27.6435,15.8934088627571,63,63,63,63,61,63,0.048594,7591,0.941689079772035,28,-88,0.001869,51,2025-06-25 21:31:44.002298,8.10000038146973,1.037,0.0011,"aoml_navis",1022.84850066777
"7901009",74,0.0516030195569048,5,0.065415,1,0.042987,1,191.914567070915,1,4.88825374088304,10,1,30.0370006561279,36.4720001220703,0.0654150024056435,0.0523319989442825,185.062896728516,-87.764,27.6435,15.8934088627571,63,63,63,63,61,63,0.048594,7591,0.941689079772035,28,-88,0.001869,51,2025-06-25 21:31:44.002298,10,1.037,0.0011,"aoml_navis",1022.86015927986
"7901009",74,0.0516030195569048,5,0.071022,1,0.048594,1,191.912399220952,1,4.88819044696788,12,1,30.0319995880127,36.476001739502,0.0710219964385033,0.0579390004277229,185.060806274414,-87.764,27.6435,15.8934088627571,63,63,63,63,61,63,0.048594,7591,0.941689079772035,28,-88,0.001869,51,2025-06-25 21:31:44.002298,12,1.037,0.0011,"aoml_navis",1022.87340361329
"7901009",74,0.0516030195569048,5,0.071022,1,0.048594,1,191.924219541555,1,4.8881162874108,14,1,30.0160007476807,36.4780006408691,0.0710219964385033,0.0579390004277229,185.072204589844,-87.764,27.6435,15.8934088627571,63,63,63,63,61,63,0.048594,7591,0.941689079772035,28,-88,0.001869,51,2025-06-25 21:31:44.002298,14,1.037,0.0011,"aoml_navis",1022.88892203268
"7901009",74,0.0615266771640018,1,0.080367,1,0.057939,1,192.683204384549,1,4.8880065576585,16,1,29.9629993438721,36.4729995727539,0.0803669989109039,0.0672840029001236,185.804092407227,-87.764,27.6435,15.8934088627571,63,63,63,63,61,63,0.057939,7591,0.941689079772035,28,-88,0.001869,51,2025-06-25 21:31:44.002298,16,1.037,0.0011,"aoml_navis",1022.91188463445
"7901009",74,0.057557214121163,1,0.076629,1,0.054201,1,194.274517023675,1,4.88769878773026,18,1,29.8020000457764,36.4739990234375,0.0766289979219437,0.0635460019111633,187.338592529297,-87.764,27.6435,15.8934088627571,63,63,63,63,61,63,0.054201,7591,0.941689079772035,28,-88,0.001869,51,2025-06-25 21:31:44.002298,18,1.037,0.0011,"aoml_navis",1022.97629562436
"7901009",74,0.0654961402068407,1,0.084105,1,0.061677,1,196.190121028846,1,4.88723119785787,20.1000003814697,1,29.5389995574951,36.4729995727539,0.0841049998998642,0.0710219964385033,189.185806274414,-87.764,27.6435,15.8934088627571,63,63,63,63,61,63,0.061677,7591,0.941689079772035,28,-88,0.001869,51,2025-06-25 21:31:44.002298,20.1000003814697,1.037,0.0011,"aoml_navis",1023.07416972448
"7901009",74,0.0694656032496795,1,0.087843,1,0.065415,1,199.968098037168,1,4.88637434105137,22.1000003814697,1,28.9979991912842,36.4570007324219,0.0878430008888245,0.0747599974274635,192.828903198242,-87.764,27.6435,15.8934088627571,63,63,63,63,61,63,0.065415,7591,0.941689079772035,28,-88,0.001869,51,2025-06-25 21:31:44.002298,22.1000003814697,1.037,0.0011,"aoml_navis",1023.25357228447
"7901009",74,0.0734350662925183,1,0.091581,1,0.069153,1,204.217922622541,1,4.885116493518,23.8999996185303,1,28.1849994659424,36.4370002746582,0.0915810018777847,0.0784979984164238,196.927001953125,-87.764,27.6435,15.8934088627571,63,63,63,63,61,63,0.069153,7591,0.941689079772035,28,-88,0.001869,51,2025-06-25 21:31:44.002298,23.8999996185303,1.037,0.0011,"aoml_navis",1023.51704542449
"7901009",74,0.081373992378196,1,0.099057,1,0.076629,1,206.122212666224,1,4.8841317478688,25.7999992370605,1,27.5550003051758,36.4259986877441,0.0990569964051247,0.0859740003943443,198.763305664062,-87.764,27.6435,15.8934088627571,63,63,63,63,61,63,0.076629,7591,0.941689079772035,28,-88,0.001869,51,2025-06-25 21:31:44.002298,25.7999992370605,1.037,0.0011,"aoml_navis",1023.72340839941
"7901009",74,0.0992365760709707,1,0.115878,1,0.09345,1,207.192940663431,1,4.88304661720691,28,1,26.9080009460449,36.4379997253418,0.115878000855446,0.102794997394085,199.795806884766,-87.764,27.6435,15.8934088627571,63,63,63,63,61,63,0.09345,7591,0.941689079772035,28,-88,0.001869,51,2025-06-25 21:31:44.002298,28,1.037,0.0011,"aoml_navis",1023.95090441712
"7901009",74,0.10122130759239,1,0.117747,1,0.095319,1,206.938653445107,1,4.88241606664932,29.8999996185303,1,26.5429992675781,36.4480018615723,0.117747001349926,0.104663997888565,199.550598144531,-87.764,27.6435,15.8934088627571,63,63,63,63,61,63,0.095319,7591,0.941689079772035,28,-88,0.001869,51,2025-06-25 21:31:44.002298,29.8999996185303,1.037,0.0011,"aoml_navis",1024.08314484992
"7901009",74,0.105190770635229,1,0.121485,1,0.099057,1,207.180487393934,1,4.88199583147749,32.2000007629395,1,26.3080005645752,36.4529991149902,0.121485002338886,0.108401998877525,199.783798217773,-87.764,27.6435,15.8934088627571,63,63,63,63,61,63,0.099057,7591,0.941689079772035,28,-88,0.001869,51,2025-06-25 21:31:44.002298,32.2000007629395,1.037,0.0011,"aoml_navis",1024.1712964525
"7901009",74,0.111144965199487,1,0.127092,1,0.104664,1,211.017581828993,1,4.88145612994439,33.9000015258789,1,25.8680000305176,36.4099998474121,0.127092003822327,0.114009000360966,203.483901977539,-87.764,27.6435,15.8934088627571,63,63,63,63,61,63,0.104664,7591,0.941689079772035,28,-88,0.001869,51,2025-06-25 21:31:44.002298,33.9000015258789,1.037,0.0011,"aoml_navis",1024.28453045566
"7901009",74,0.146870132585037,1,0.160734,1,0.138306,1,210.904964396957,1,4.88079557017569,35.9000015258789,1,25.4599990844727,36.4140014648438,0.160733997821808,0.147651001811028,203.375305175781,-87.764,27.6435,15.8934088627571,63,63,63,63,61,63,0.138306,7591,0.941689079772035,28,-88,0.001869,51,2025-06-25 21:31:44.002298,35.9000015258789,1.037,0.0011,"aoml_navis",1024.42315563321
"7901009",74,0.130992280413681,4,0.145782,1,0.123354,1,210.643841330574,1,4.8804037217607,38,1,25.2450008392334,36.4230003356934,0.145781993865967,0.132698997855186,203.123504638672,-87.764,27.6435,15.8934088627571,63,63,63,63,61,63,0.123354,7591,0.941689079772035,28,-88,0.001869,51,2025-06-25 21:31:44.002298,38,1.037,0.0011,"aoml_navis",1024.50540673634
"7901009",74,0.142900669542198,1,0.156996,1,0.134568,1,210.669444113352,1,4.87974959275536,40.2000007629395,1,24.8700008392334,36.439998626709,0.156995996832848,0.143913000822067,203.148193359375,-87.764,27.6435,15.8934088627571,63,63,63,63,61,63,0.134568,7591,0.941689079772035,28,-88,0.001869,51,2025-06-25 21:31:44.002298,40.2000007629395,1.037,0.0011,"aoml_navis",1024.6427413864
"7901009",74,0.148854864106456,1,0.162603,1,0.140175,1,210.180079675649,1,4.87942768606305,41.9000015258789,1,24.6870002746582,36.4459991455078,0.162603005766869,0.149519994854927,202.676300048828,-87.764,27.6435,15.8934088627571,63,63,63,63,61,63,0.140175,7591,0.941689079772035,28,-88,0.001869,51,2025-06-25 21:31:44.002298,41.9000015258789,1.037,0.0011,"aoml_navis",1024.71033934601
"7901009",74,0.164732716277811,1,0.177555,1,0.155127,1,208.987809666995,1,4.87918804974036,43.9000015258789,1,24.5319995880127,36.4389991760254,0.177554994821548,0.164471998810768,201.526596069336,-87.764,27.6435,15.8934088627571,63,63,63,63,61,63,0.155127,7591,0.941689079772035,28,-88,0.001869,51,2025-06-25 21:31:44.002298,43.9000015258789,1.037,0.0011,"aoml_navis",1024.76066694459
"7901009",74,0.182595299970586,1,0.194376,1,0.171948,1,207.584403730893,1,4.87872937720598,45.9000015258789,1,24.2259998321533,36.4329986572266,0.19437600672245,0.181292995810509,200.173294067383,-87.764,27.6435,15.8934088627571,63,63,63,63,61,63,0.171948,7591,0.941689079772035,28,-88,0.001869,51,2025-06-25 21:31:44.002298,45.9000015258789,1.037,0.0011,"aoml_navis",1024.85700956495
"7901009",74,0.228244124963233,1,0.237363,1,0.214935,1,205.622467866653,1,4.87806667551801,48.0999984741211,1,23.8120002746582,36.4410018920898,0.237362995743752,0.224279999732971,198.281402587891,-87.764,27.6435,15.8934088627571,63,63,63,63,61,63,0.214935,7591,0.941689079772035,28,-88,0.001869,51,2025-06-25 21:31:44.002298,48.0999984741211,1.037,0.0011,"aoml_navis",1024.99623982057
"7901009",74,0.254045634741685,1,0.26166,1,0.239232,1,203.901938710736,1,4.87764608103251,50,1,23.57200050354,36.4529991149902,0.261660009622574,0.248576998710632,196.622299194336,-87.764,27.6435,15.8934088627571,63,63,63,63,61,63,0.239232,7591,0.941689079772035,28,-88,0.001869,51,2025-06-25 21:31:44.002298,50,1.037,0.0011,"aoml_navis",1025.08462420906
"7901009",74,0.325495969512784,1,0.328944,1,0.306516,1,200.952222801899,1,4.87709362078154,52,1,23.2269992828369,36.4609985351562,0.328943997621536,0.315860986709595,193.777893066406,-87.764,27.6435,15.8934088627571,63,63,63,63,61,63,0.306516,7591,0.941689079772035,28,-88,0.001869,51,2025-06-25 21:31:44.002298,52,1.037,0.0011,"aoml_navis",1025.20074224016
"7901009",74,0.359236405376914,1,0.360717,1,0.338289,1,198.67555309992,1,4.87681861368002,54,1,23.0690002441406,36.4650001525879,0.360716998577118,0.347633987665176,191.582504272461,-87.764,27.6435,15.8934088627571,63,63,63,63,61,63,0.338289,7591,0.941689079772035,28,-88,0.001869,51,2025-06-25 21:31:44.002298,54,1.037,0.0011,"aoml_navis",1025.25855400372
"7901009",74,0.452518786883627,1,0.44856,1,0.426132,1,197.134939667235,1,4.87639265014527,56,1,22.8269996643066,36.4790000915527,0.448559999465942,0.435476988554001,190.096893310547,-87.764,27.6435,15.8934088627571,63,63,63,63,61,63,0.426132,7591,0.941689079772035,28,-88,0.001869,51,2025-06-25 21:31:44.002298,56,1.037,0.0011,"aoml_navis",1025.34811257478
"7901009",74,0.452518786883627,1,0.44856,1,0.426132,1,196.440768791027,1,4.87629167457473,58,1,22.7940006256104,36.4830017089844,0.448559999465942,0.435476988554001,189.427505493164,-87.764,27.6435,15.8934088627571,63,63,63,63,61,63,0.426132,7591,0.941689079772035,28,-88,0.001869,51,2025-06-25 21:31:44.002298,58,1.037,0.0011,"aoml_navis",1025.3693449205
"7901009",74,0.488243954269176,1,0.482202,1,0.459774,1,195.504131017098,1,4.87610423255331,60.2000007629395,1,22.701000213623,36.4869995117188,0.482201993465424,0.469119012355804,188.524307250977,-87.764,27.6435,15.8934088627571,63,63,63,63,61,63,0.459774,7591,0.941689079772035,28,-88,0.001869,51,2025-06-25 21:31:44.002298,60.2000007629395,1.037,0.0011,"aoml_navis",1025.40876108012
"7901009",74,0.547785899911758,1,0.538272,1,0.515844,1,194.185650998902,1,4.87597176029665,62,1,22.6340007781982,36.4879989624023,0.538272023200989,0.525188982486725,187.252899169922,-87.764,27.6435,15.8934088627571,63,63,63,63,61,63,0.515844,7591,0.941689079772035,28,-88,0.001869,51,2025-06-25 21:31:44.002298,62,1.037,0.0011,"aoml_navis",1025.43661977563
"7901009",74,0.871297137903123,1,0.842919,1,0.820491,1,190.596720001613,1,4.87569975468339,64,1,22.4729995727539,36.4910011291504,0.842918992042542,0.829836010932922,183.792098999023,-87.764,27.6435,15.8934088627571,63,63,63,63,61,63,0.820491,7591,0.941689079772035,28,-88,0.001869,51,2025-06-25 21:31:44.002298,64,1.037,0.0011,"aoml_navis",1025.49382684962
"7901009",74,1.27022817370843,1,1.218588,1,1.19616,1,186.44042943911,1,4.87527737553847,66,1,22.2509994506836,36.5130004882812,1.2185879945755,1.20550501346588,179.784194946289,-87.764,27.6435,15.8934088627571,63,63,63,63,61,63,1.19616,7591,0.941689079772035,28,-88,0.001869,51,2025-06-25 21:31:44.002298,66,1.037,0.0011,"aoml_navis",1025.58267250338
"7901009",74,1.22060988567294,1,1.171863,1,1.149435,1,185.524947981976,1,4.8750437811743,68,1,22.0979995727539,36.5089988708496,1.17186295986176,1.15877997875214,178.901397705078,-87.764,27.6435,15.8934088627571,63,63,63,63,61,63,1.149435,7591,0.941689079772035,28,-88,0.001869,51,2025-06-25 21:31:44.002298,68,1.037,0.0011,"aoml_navis",1025.63181469431
"7901009",74,1.22259461719436,4,1.173732,1,1.151304,1,183.265795140649,1,4.87480676561842,70,1,21.8610000610352,36.4749984741211,1.17373204231262,1.16064894199371,176.722900390625,-87.764,27.6435,15.8934088627571,63,63,63,63,61,63,1.151304,7591,0.941689079772035,28,-88,0.001869,51,2025-06-25 21:31:44.002298,70,1.037,0.0011,"aoml_navis",1025.6816814288
"7901009",74,1.42305250085772,1,1.362501,1,1.340073,1,173.725182394455,1,4.87452580123071,72,1,21.7059993743896,36.484001159668,1.36250102519989,1.34941804409027,167.522903442383,-87.764,27.6435,15.8934088627571,63,63,63,63,61,63,1.340073,7591,0.941689079772035,28,-88,0.001869,51,2025-06-25 21:31:44.002298,72,1.037,0.0011,"aoml_navis",1025.74080103086
"7901009",74,1.42503723237914,1,1.36437,1,1.341942,1,162.439149777072,1,4.87414786225311,74,1,21.5970001220703,36.5369987487793,1.36436998844147,1.35128700733185,156.639801025391,-87.764,27.6435,15.8934088627571,63,63,63,63,61,63,1.341942,7591,0.941689079772035,28,-88,0.001869,51,2025-06-25 21:31:44.002298,74,1.037,0.0011,"aoml_navis",1025.82033645748
"7901009",74,1.34564797152236,1,1.28961,1,1.267182,1,154.876755505427,1,4.87364671206982,76,1,21.3810005187988,36.5849990844727,1.28961002826691,1.27652704715729,149.347396850586,-87.764,27.6435,15.8934088627571,63,63,63,63,61,63,1.267182,7591,0.941689079772035,28,-88,0.001869,51,2025-06-25 21:31:44.002298,76,1.037,0.0011,"aoml_navis",1025.92582010864
"7901009",74,1.1650374030732,1,1.119531,1,1.097103,1,150.086440035406,1,4.87323839442857,78,1,21.1270008087158,36.5940017700195,1.11953103542328,1.10644805431366,144.728103637695,-87.764,27.6435,15.8934088627571,63,63,63,63,61,63,1.097103,7591,0.941689079772035,28,-88,0.001869,51,2025-06-25 21:31:44.002298,78,1.037,0.0011,"aoml_navis",1026.01178011655
"7901009",74,1.022136733531,1,0.984963,1,0.962535,1,147.876119201282,1,4.87289016126429,80,1,20.8950004577637,36.5950012207031,0.984962999820709,0.97188001871109,142.596694946289,-87.764,27.6435,15.8934088627571,63,63,63,63,61,63,0.962535,7591,0.941689079772035,28,-88,0.001869,51,2025-06-25 21:31:44.002298,80,1.037,0.0011,"aoml_navis",1026.08510237849
"7901009",74,1.01618253896674,1,0.979356,1,0.956928,1,146.112865994992,1,4.87262497791186,82,1,20.6919994354248,36.5839996337891,0.979355990886688,0.966273009777069,140.896392822266,-87.764,27.6435,15.8934088627571,63,63,63,63,61,63,0.956928,7591,0.941689079772035,28,-88,0.001869,51,2025-06-25 21:31:44.002298,82,1.037,0.0011,"aoml_navis",1026.14094510978
"7901009",74,0.988396297666868,1,0.95319,1,0.930762,1,144.173637172339,1,4.87250531241292,84,1,20.636999130249,36.5859985351562,0.95319002866745,0.940106987953186,139.026397705078,-87.764,27.6435,15.8934088627571,63,63,63,63,61,63,0.930762,7591,0.941689079772035,28,-88,0.001869,51,2025-06-25 21:31:44.002298,84,1.037,0.0011,"aoml_navis",1026.16614645084
"7901009",74,0.918930694417189,1,0.887775,1,0.865347,1,141.251201360851,1,4.87238731838206,86,1,20.57200050354,36.5839996337891,0.887775003910065,0.874692022800446,136.208297729492,-87.764,27.6435,15.8934088627571,63,63,63,63,61,63,0.865347,7591,0.941689079772035,28,-88,0.001869,51,2025-06-25 21:31:44.002298,86,1.037,0.0011,"aoml_navis",1026.19099699576
"7901009",74,0.770075830310733,1,0.7476,1,0.725172,1,140.20069608082,1,4.87182840906591,88,1,20.1940002441406,36.5929985046387,0.747600018978119,0.734516978263855,135.195297241211,-87.764,27.6435,15.8934088627571,63,63,63,63,61,63,0.725172,7591,0.941689079772035,28,-88,0.001869,51,2025-06-25 21:31:44.002298,88,1.037,0.0011,"aoml_navis",1026.30872439915
"7901009",74,0.698625495539634,4,0.680316,1,0.657888,1,140.164617993839,1,4.87152495743012,90,1,20.0049991607666,36.5989990234375,0.680315971374512,0.667232990264893,135.160507202148,-87.764,27.6435,15.8934088627571,63,63,63,63,61,63,0.657888,7591,0.941689079772035,28,-88,0.001869,51,2025-06-25 21:31:44.002298,90,1.037,0.0011,"aoml_navis",1026.37265408523
"7901009",74,0.660915596632665,4,0.644805,1,0.622377,1,140.485776262856,1,4.87137763437449,92,1,19.9069995880127,36.5940017700195,0.644805014133453,0.631721973419189,135.470199584961,-87.764,27.6435,15.8934088627571,63,63,63,63,61,63,0.622377,7591,0.941689079772035,28,-88,0.001869,51,2025-06-25 21:31:44.002298,92,1.037,0.0011,"aoml_navis",1026.40369424819
"7901009",74,0.803816266174863,1,0.779373,1,0.756945,1,141.591759513481,1,4.87122817418472,94,1,19.806999206543,36.5890007019043,0.779372990131378,0.766290009021759,136.536697387695,-87.764,27.6435,15.8934088627571,63,63,63,63,61,63,0.756945,7591,0.941689079772035,28,-88,0.001869,51,2025-06-25 21:31:44.002298,94,1.037,0.0011,"aoml_navis",1026.43518661222
"7901009",74,0.662900328154084,1,0.646674,1,0.624246,1,142.527463687791,1,4.87108391867131,96,1,19.7310009002686,36.5909996032715,0.646673977375031,0.633590996265411,137.438995361328,-87.764,27.6435,15.8934088627571,63,63,63,63,61,63,0.624246,7591,0.941689079772035,28,-88,0.001869,51,2025-06-25 21:31:44.002298,96,1.037,0.0011,"aoml_navis",1026.46558414536
"7901009",74,0.593434724904405,1,0.581259,1,0.558831,1,144.440472602494,1,4.87094253421347,98,1,19.6079998016357,36.576000213623,0.58125901222229,0.568175971508026,139.283706665039,-87.764,27.6435,15.8934088627571,63,63,63,63,61,63,0.558831,7591,0.941689079772035,28,-88,0.001869,51,2025-06-25 21:31:44.002298,98,1.037,0.0011,"aoml_navis",1026.49537843652
"7901009",74,0.569617946647372,1,0.558831,1,0.536403,1,147.856624375334,1,4.8708279925014,100,1,19.5639991760254,36.5810012817383,0.558830976486206,0.545747995376587,142.577896118164,-87.764,27.6435,15.8934088627571,63,63,63,63,61,63,0.536403,7591,0.941689079772035,28,-88,0.001869,51,2025-06-25 21:31:44.002298,100,1.037,0.0011,"aoml_navis",1026.51951735874
"7901009",74,0.47633556514066,1,0.470988,1,0.44856,1,150.75054583913,1,4.87061482772553,102,1,19.5279998779297,36.6160011291504,0.470988005399704,0.457904994487762,145.368499755859,-87.764,27.6435,15.8934088627571,63,63,63,63,61,63,0.44856,7591,0.941689079772035,28,-88,0.001869,51,2025-06-25 21:31:44.002298,102,1.037,0.0011,"aoml_navis",1026.56444347394
"7901009",74,0.432671471669432,4,0.42987,1,0.407442,1,149.806961451085,1,4.87044553748452,104,1,19.4400005340576,36.6209983825684,0.429870009422302,0.416786998510361,144.458602905273,-87.764,27.6435,15.8934088627571,63,63,63,63,61,63,0.407442,7591,0.941689079772035,28,-88,0.001869,51,2025-06-25 21:31:44.002298,104,1.037,0.0011,"aoml_navis",1026.60012549538
"7901009",74,0.414808887976658,4,0.413049,1,0.390621,1,148.279734887516,1,4.87031435205284,106,1,19.2919998168945,36.5950012207031,0.413049012422562,0.39996600151062,142.985900878906,-87.764,27.6435,15.8934088627571,63,63,63,63,61,63,0.390621,7591,0.941689079772035,28,-88,0.001869,51,2025-06-25 21:31:44.002298,106,1.037,0.0011,"aoml_navis",1026.62777771059
"7901009",74,0.446564592319368,1,0.442953,1,0.420525,1,146.959814910585,1,4.8701914010835,108,1,19.1469993591309,36.568000793457,0.442952990531921,0.429870009422302,141.713104248047,-87.764,27.6435,15.8934088627571,63,63,63,63,61,63,0.420525,7591,0.941689079772035,28,-88,0.001869,51,2025-06-25 21:31:44.002298,108,1.037,0.0011,"aoml_navis",1026.65369555858
"7901009",74,0.351297479291236,1,0.353241,1,0.330813,1,146.810897859456,1,4.87001858971476,110,1,18.9400005340576,36.5340003967285,0.353240996599197,0.340157985687256,141.56950378418,-87.764,27.6435,15.8934088627571,63,63,63,63,61,63,0.330813,7591,0.941689079772035,28,-88,0.001869,51,2025-06-25 21:31:44.002298,110,1.037,0.0011,"aoml_navis",1026.69012610337
"7901009",74,0.285801339084396,1,0.291564,1,0.269136,1,145.790774126356,1,4.86992050965864,112,1,18.8729991912842,36.5270004272461,0.291563987731934,0.278481006622314,140.585800170898,-87.764,27.6435,15.8934088627571,63,63,63,63,61,63,0.269136,7591,0.941689079772035,28,-88,0.001869,51,2025-06-25 21:31:44.002298,112,1.037,0.0011,"aoml_navis",1026.71080361237
"7901009",74,0.230228856484652,1,0.239232,1,0.216804,1,143.842003599119,1,4.86979790802648,114,1,18.7590007781982,36.5110015869141,0.239232003688812,0.226148992776871,138.706604003906,-87.764,27.6435,15.8934088627571,63,63,63,63,61,63,0.216804,7591,0.941689079772035,28,-88,0.001869,51,2025-06-25 21:31:44.002298,114,1.037,0.0011,"aoml_navis",1026.73665199924
"7901009",74,0.224274661920394,1,0.233625,1,0.211197,1,142.447727950819,1,4.86971840066831,116,1,18.6860008239746,36.4970016479492,0.233624994754791,0.220541998744011,137.362106323242,-87.764,27.6435,15.8934088627571,63,63,63,63,61,63,0.211197,7591,0.941689079772035,28,-88,0.001869,51,2025-06-25 21:31:44.002298,116,1.037,0.0011,"aoml_navis",1026.75341541593
"7901009",74,0.218320467356136,1,0.228018,1,0.20559,1,141.777292658151,1,4.86962696650118,118,1,18.5970001220703,36.4809989929199,0.228018000721931,0.214935004711151,136.715606689453,-87.764,27.6435,15.8934088627571,63,63,63,63,61,63,0.20559,7591,0.941689079772035,28,-88,0.001869,51,2025-06-25 21:31:44.002298,118,1.037,0.0011,"aoml_navis",1026.77269417055
"7901009",74,0.194503689099103,1,0.20559,1,0.183162,1,141.577043451686,1,4.86949839397597,120,1,18.4710006713867,36.4630012512207,0.20558999478817,0.19250699877739,136.522506713867,-87.764,27.6435,15.8934088627571,63,63,63,63,61,63,0.183162,7591,0.941689079772035,28,-88,0.001869,51,2025-06-25 21:31:44.002298,120,1.037,0.0011,"aoml_navis",1026.79980471612
"7901009",74,0.188549494534844,1,0.199983,1,0.177555,1,140.373886722049,1,4.86943531191018,122,1,18.4290008544922,36.4550018310547,0.19998300075531,0.18690000474453,135.3623046875,-87.764,27.6435,15.8934088627571,63,63,63,63,61,63,0.177555,7591,0.941689079772035,28,-88,0.001869,51,2025-06-25 21:31:44.002298,122,1.037,0.0011,"aoml_navis",1026.8131065979
"7901009",74,0.176641105406328,1,0.188769,1,0.166341,1,139.024091557302,1,4.86932681946644,124,1,18.3190002441406,36.4370002746582,0.188768997788429,0.175686001777649,134.060699462891,-87.764,27.6435,15.8934088627571,63,63,63,63,61,63,0.166341,7591,0.941689079772035,28,-88,0.001869,51,2025-06-25 21:31:44.002298,124,1.037,0.0011,"aoml_navis",1026.83598480413
"7901009",74,0.144885401063617,1,0.158865,1,0.136437,1,137.840429653613,1,4.86915941960877,126,1,18.1350002288818,36.4109992980957,0.158865004777908,0.145781993865967,132.919296264648,-87.764,27.6435,15.8934088627571,63,63,63,63,61,63,0.136437,7591,0.941689079772035,28,-88,0.001869,51,2025-06-25 21:31:44.002298,126,1.037,0.0011,"aoml_navis",1026.87128703659
"7901009",74,0.130992280413681,1,0.145782,1,0.123354,1,136.600672654157,1,4.86900736690529,128,1,17.9750003814697,36.3889999389648,0.145781993865967,0.132698997855186,131.72380065918,-87.764,27.6435,15.8934088627571,63,63,63,63,61,63,0.123354,7591,0.941689079772035,28,-88,0.001869,51,2025-06-25 21:31:44.002298,128,1.037,0.0011,"aoml_navis",1026.90335487785
"7901009",74,0.127022817370843,1,0.142044,1,0.119616,1,135.345772352403,1,4.86889340551544,130,1,17.8740005493164,36.3759994506836,0.142043992877007,0.128960996866226,130.513702392578,-87.764,27.6435,15.8934088627571,63,63,63,63,61,63,0.119616,7591,0.941689079772035,28,-88,0.001869,51,2025-06-25 21:31:44.002298,130,1.037,0.0011,"aoml_navis",1026.92739059271
"7901009",74,0.109160233678068,1,0.125223,1,0.102795,1,134.181288800213,1,4.86882903595307,132,1,17.8269996643066,36.367000579834,0.125222995877266,0.112139999866486,129.39079284668,-87.764,27.6435,15.8934088627571,63,63,63,63,61,63,0.102795,7591,0.941689079772035,28,-88,0.001869,51,2025-06-25 21:31:44.002298,132,1.037,0.0011,"aoml_navis",1026.94096734108
"7901009",74,0.0853434554210348,1,0.102795,1,0.080367,1,133.720343767869,1,4.86867996299155,134,1,17.673999786377,36.3470001220703,0.102794997394085,0.0897120013833046,128.946304321289,-87.764,27.6435,15.8934088627571,63,63,63,63,61,63,0.080367,7591,0.941689079772035,28,-88,0.001869,51,2025-06-25 21:31:44.002298,134,1.037,0.0011,"aoml_navis",1026.97241100394
"7901009",74,0.0754197978139377,4,0.09345,1,0.071022,1,133.197781160654,1,4.86859065605277,136,1,17.5930004119873,36.3339996337891,0.0934500023722649,0.0803669989109039,128.442398071289,-87.764,27.6435,15.8934088627571,63,63,63,63,61,63,0.071022,7591,0.941689079772035,28,-88,0.001869,51,2025-06-25 21:31:44.002298,136,1.037,0.0011,"aoml_navis",1026.99124926099
"7901009",74,0.0833587238996154,1,0.100926,1,0.078498,1,132.627731562638,1,4.86851862656482,138,1,17.5389995574951,36.3250007629395,0.100925996899605,0.0878430008888245,127.892700195312,-87.764,27.6435,15.8934088627571,63,63,63,63,61,63,0.078498,7591,0.941689079772035,28,-88,0.001869,51,2025-06-25 21:31:44.002298,138,1.037,0.0011,"aoml_navis",1027.00644354481
"7901009",74,0.0734350662925183,1,0.091581,1,0.069153,1,132.372415802361,1,4.86844321307088,140,1,17.4820003509521,36.3160018920898,0.0915810018777847,0.0784979984164238,127.646499633789,-87.764,27.6435,15.8934088627571,63,63,63,63,61,63,0.069153,7591,0.941689079772035,28,-88,0.001869,51,2025-06-25 21:31:44.002298,140,1.037,0.0011,"aoml_navis",1027.02235215067
"7901009",74,0.0635114086854213,1,0.082236,1,0.059808,1,132.299618767644,1,4.86836328193329,142,1,17.4209995269775,36.306999206543,0.0822359994053841,0.0691530033946037,127.576301574707,-87.764,27.6435,15.8934088627571,63,63,63,63,61,63,0.059808,7591,0.941689079772035,28,-88,0.001869,51,2025-06-25 21:31:44.002298,142,1.037,0.0011,"aoml_navis",1027.03921429923
"7901009",74,0.0516030195569048,1,0.071022,1,0.048594,1,132.14530582719,1,4.8682759589736,144,1,17.3409996032715,36.2939987182617,0.0710219964385033,0.0579390004277229,127.42749786377,-87.764,27.6435,15.8934088627571,63,63,63,63,61,63,0.048594,7591,0.941689079772035,28,-88,0.001869,51,2025-06-25 21:31:44.002298,144,1.037,0.0011,"aoml_navis",1027.05763644799
"7901009",74,0.0595419456425824,1,0.078498,1,0.05607,1,132.006349809286,1,4.86815400845349,146,1,17.2119998931885,36.2750015258789,0.0784979984164238,0.0654150024056435,127.293502807617,-87.764,27.6435,15.8934088627571,63,63,63,63,61,63,0.05607,7591,0.941689079772035,28,-88,0.001869,51,2025-06-25 21:31:44.002298,146,1.037,0.0011,"aoml_navis",1027.08336493003
"7901009",74,0.0456488249926465,1,0.065415,1,0.042987,1,131.743153835273,1,4.86808298908123,148,1,17.1550006866455,36.2649993896484,0.0654150024056435,0.0523319989442825,127.039703369141,-87.764,27.6435,15.8934088627571,63,63,63,63,61,63,0.042987,7591,0.941689079772035,28,-88,0.001869,51,2025-06-25 21:31:44.002298,148,1.037,0.0011,"aoml_navis",1027.09834881917
"7901009",74,0.0337404358641301,1,0.054201,1,0.031773,1,131.521534691761,1,4.86800095243991,150,1,17.0820007324219,36.2529983520508,0.0542009994387627,0.041117999702692,126.825996398926,-87.764,27.6435,15.8934088627571,63,63,63,63,61,63,0.031773,7591,0.941689079772035,28,-88,0.001869,51,2025-06-25 21:31:44.002298,150,1.037,0.0011,"aoml_navis",1027.11565771036
"7901009",74,0.0277862412998718,1,0.048594,1,0.026166,1,131.589252311601,1,4.86791930957828,152,1,17.0060005187988,36.2400016784668,0.0485940016806126,0.0355109982192516,126.891296386719,-87.764,27.6435,15.8934088627571,63,63,63,63,61,63,0.026166,7591,0.941689079772035,28,-88,0.001869,51,2025-06-25 21:31:44.002298,152,1.037,0.0011,"aoml_navis",1027.13288409728
"7901009",74,0.0198473152141941,1,0.041118,1,0.01869,1,132.244860776417,1,4.86780351412143,154,1,16.8840007781982,36.2220001220703,0.041117999702692,0.0280349999666214,127.523498535156,-87.764,27.6435,15.8934088627571,63,63,63,63,61,63,0.01869,7591,0.941689079772035,28,-88,0.001869,51,2025-06-25 21:31:44.002298,154,1.037,0.0011,"aoml_navis",1027.15731756532
"7901009",74,0.0198473152141941,1,0.041118,1,0.01869,1,132.70592448668,1,4.86770905419513,156,1,16.7929992675781,36.2080001831055,0.041117999702692,0.0280349999666214,127.968101501465,-87.764,27.6435,15.8934088627571,63,63,63,63,61,63,0.01869,7591,0.941689079772035,28,-88,0.001869,51,2025-06-25 21:31:44.002298,156,1.037,0.0011,"aoml_navis",1027.17724998187
"7901009",74,0.0178625836927747,1,0.039249,1,0.016821,1,132.998465553809,1,4.86760632721942,158,1,16.6879997253418,36.1920013427734,0.0392489992082119,0.0261659994721413,128.250198364258,-87.764,27.6435,15.8934088627571,63,63,63,63,61,63,0.016821,7591,0.941689079772035,28,-88,0.001869,51,2025-06-25 21:31:44.002298,158,1.037,0.0011,"aoml_navis",1027.19892774406
"7901009",74,0.0198473152141941,1,0.041118,1,0.01869,1,133.067330393519,1,4.86755182246634,160,1,16.6669998168945,36.1889991760254,0.041117999702692,0.0280349999666214,128.316604614258,-87.764,27.6435,15.8934088627571,63,63,63,63,61,63,0.01869,7591,0.941689079772035,28,-88,0.001869,51,2025-06-25 21:31:44.002298,160,1.037,0.0011,"aoml_navis",1027.21042987613
"7901009",74,0.0258015097784524,1,0.046725,1,0.024297,1,133.284368569408,1,4.86746911474087,162,1,16.6049995422363,36.1809997558594,0.0467250011861324,0.0336420014500618,128.525894165039,-87.764,27.6435,15.8934088627571,63,63,63,63,61,63,0.024297,7591,0.941689079772035,28,-88,0.001869,51,2025-06-25 21:31:44.002298,162,1.037,0.0011,"aoml_navis",1027.22788417039
"7901009",74,0.0138931206499359,1,0.035511,1,0.013083,1,133.345970320555,1,4.8673984748973,164,1,16.5599994659424,36.1749992370605,0.0355109982192516,0.0224280003458261,128.585296630859,-87.764,27.6435,15.8934088627571,63,63,63,63,61,63,0.013083,7591,0.941689079772035,28,-88,0.001869,51,2025-06-25 21:31:44.002298,164,1.037,0.0011,"aoml_navis",1027.24279217873
"7901009",74,0.0158778521713553,1,0.03738,1,0.014952,1,133.250157681666,1,4.86735822801435,166,1,16.5580005645752,36.173999786377,0.0373799987137318,0.0242970008403063,128.492904663086,-87.764,27.6435,15.8934088627571,63,63,63,63,61,63,0.014952,7591,0.941689079772035,28,-88,0.001869,51,2025-06-25 21:31:44.002298,166,1.037,0.0011,"aoml_navis",1027.25128617455
"7901009",74,0.00992365760709707,1,0.031773,1,0.009345,1,133.163459506856,1,4.86731371482745,168,1,16.548999786377,36.1720008850098,0.0317730009555817,0.0186899993568659,128.409301757812,-87.764,27.6435,15.8934088627571,63,63,63,63,61,63,0.009345,7591,0.941689079772035,28,-88,0.001869,51,2025-06-25 21:31:44.002298,168,1.037,0.0011,"aoml_navis",1027.26068072587
"7901009",74,0.0138931206499359,1,0.035511,1,0.013083,1,133.060383779403,1,4.8672717274403,170,1,16.5389995574951,36.1689987182617,0.0355109982192516,0.0224280003458261,128.309906005859,-87.764,27.6435,15.8934088627571,63,63,63,63,61,63,0.013083,7591,0.941689079772035,28,-88,0.001869,51,2025-06-25 21:31:44.002298,170,1.037,0.0011,"aoml_navis",1027.26954236219
"7901009",74,0.00595419456425824,1,0.028035,1,0.005607,1,132.929505771764,1,4.86722096002149,172,1,16.5179996490479,36.1650009155273,0.0280349999666214,0.0149520002305508,128.183700561523,-87.764,27.6435,15.8934088627571,63,63,63,63,61,63,0.005607,7591,0.941689079772035,28,-88,0.001869,51,2025-06-25 21:31:44.002298,172,1.037,0.0011,"aoml_navis",1027.28025726983
"7901009",74,0.0178625836927747,1,0.039249,1,0.016821,1,133.4392036927,1,4.86715409931108,174,1,16.4729995727539,36.1580009460449,0.0392489992082119,0.0261659994721413,128.675201416016,-87.764,27.6435,15.8934088627571,63,63,63,63,61,63,0.016821,7591,0.941689079772035,28,-88,0.001869,51,2025-06-25 21:31:44.002298,174,1.037,0.0011,"aoml_navis",1027.29436914844
"7901009",74,0.00793892608567766,1,0.029904,1,0.007476,1,134.39315261889,1,4.86704962324712,176,1,16.3619995117188,36.140998840332,0.0299040004611015,0.0168210007250309,129.595092773438,-87.764,27.6435,15.8934088627571,63,63,63,63,61,63,0.007476,7591,0.941689079772035,28,-88,0.001869,51,2025-06-25 21:31:44.002298,176,1.037,0.0011,"aoml_navis",1027.31642104446
"7901009",74,0.0138931206499359,1,0.035511,1,0.013083,1,135.236161427616,1,4.86697045852644,178,1,16.2959995269775,36.1310005187988,0.0355109982192516,0.0224280003458261,130.408004760742,-87.764,27.6435,15.8934088627571,63,63,63,63,61,63,0.013083,7591,0.941689079772035,28,-88,0.001869,51,2025-06-25 21:31:44.002298,178,1.037,0.0011,"aoml_navis",1027.33313107346
"7901009",74,0.00595419456425824,1,0.028035,1,0.005607,1,135.186791413853,1,4.86691542602386,180,1,16.2709999084473,36.1269989013672,0.0280349999666214,0.0149520002305508,130.360397338867,-87.764,27.6435,15.8934088627571,63,63,63,63,61,63,0.005607,7591,0.941689079772035,28,-88,0.001869,51,2025-06-25 21:31:44.002298,180,1.037,0.0011,"aoml_navis",1027.34474761253
"7901009",74,0.0119083891285165,1,0.033642,1,0.011214,1,134.599319897518,1,4.86687074099715,182,1,16.2520008087158,36.1220016479492,0.0336420014500618,0.020558999851346,129.793899536133,-87.764,27.6435,15.8934088627571,63,63,63,63,61,63,0.011214,7591,0.941689079772035,28,-88,0.001869,51,2025-06-25 21:31:44.002298,182,1.037,0.0011,"aoml_navis",1027.3541801473
"7901009",74,0.00595419456425824,1,0.028035,1,0.005607,1,133.923077298744,1,4.86678860824517,184,1,16.1700000762939,36.1080017089844,0.0280349999666214,0.0149520002305508,129.141799926758,-87.764,27.6435,15.8934088627571,63,63,63,63,61,63,0.005607,7591,0.941689079772035,28,-88,0.001869,51,2025-06-25 21:31:44.002298,184,1.037,0.0011,"aoml_navis",1027.37151795111
"7901009",74,0.0138931206499359,1,0.035511,1,0.013083,1,132.973685604593,1,4.86665797077963,186,1,16.0209999084473,36.0870018005371,0.0355109982192516,0.0224280003458261,128.226303100586,-87.764,27.6435,15.8934088627571,63,63,63,63,61,63,0.013083,7591,0.941689079772035,28,-88,0.001869,51,2025-06-25 21:31:44.002298,186,1.037,0.0011,"aoml_navis",1027.3990960575
"7901009",74,0.0138931206499359,1,0.035511,1,0.013083,1,131.332180118141,1,4.86658967641699,188,1,15.96399974823,36.0769996643066,0.0355109982192516,0.0224280003458261,126.643402099609,-87.764,27.6435,15.8934088627571,63,63,63,63,61,63,0.013083,7591,0.941689079772035,28,-88,0.001869,51,2025-06-25 21:31:44.002298,188,1.037,0.0011,"aoml_navis",1027.41351386773
"7901009",74,0.00595419456425824,1,0.028035,1,0.005607,1,129.578468616435,1,4.86651632259533,190,1,15.8990001678467,36.0660018920898,0.0280349999666214,0.0149520002305508,124.952301025391,-87.764,27.6435,15.8934088627571,63,63,63,63,61,63,0.005607,7591,0.941689079772035,28,-88,0.001869,51,2025-06-25 21:31:44.002298,190,1.037,0.0011,"aoml_navis",1027.42900024498
"7901009",74,0.00793892608567766,1,0.029904,1,0.007476,1,127.92493710099,1,4.86645490872359,192,1,15.8479995727539,36.0559997558594,0.0299040004611015,0.0168210007250309,123.357803344727,-87.764,27.6435,15.8934088627571,63,63,63,63,61,63,0.007476,7591,0.941689079772035,28,-88,0.001869,51,2025-06-25 21:31:44.002298,192,1.037,0.0011,"aoml_navis",1027.44196623234
"7901009",74,0.00198473152141941,1,0.024297,1,0.001869,1,127.063272123602,1,4.86637454665748,194,1,15.7729997634888,36.0439987182617,0.0242970008403063,0.0112140001729131,122.526901245117,-87.764,27.6435,15.8934088627571,63,63,63,63,61,63,0.001869,7591,0.941689079772035,28,-88,0.001869,51,2025-06-25 21:31:44.002298,194,1.037,0.0011,"aoml_navis",1027.4589331465
"7901009",74,-0.00396946304283883,1,0.01869,1,-0.003738,1,126.375826329397,1,4.86626381844768,196,1,15.6499996185303,36.0260009765625,0.0186899993568659,0.00560700008645654,121.863998413086,-87.764,27.6435,15.8934088627571,63,63,63,63,61,63,-0.003738,7591,0.941689079772035,28,-88,0.001869,51,2025-06-25 21:31:44.002298,196,1.037,0.0011,"aoml_navis",1027.48231220949
"7901009",74,0,1,0.022428,1,0,1,125.863952646637,1,4.86619131983983,198,1,15.585000038147,36.0149993896484,0.0224280003458261,0.00934499967843294,121.370399475098,-87.764,27.6435,15.8934088627571,63,63,63,63,61,63,0,7591,0.941689079772035,28,-88,0.001869,51,2025-06-25 21:31:44.002298,198,1.037,0.0011,"aoml_navis",1027.49762008218
"7901009",74,0.00198473152141941,1,0.024297,1,0.001869,1,125.044086031864,1,4.86613777545974,200,1,15.543999671936,36.0060005187988,0.0242970008403063,0.0112140001729131,120.579803466797,-87.764,27.6435,15.8934088627571,63,63,63,63,61,63,0.001869,7591,0.941689079772035,28,-88,0.001869,51,2025-06-25 21:31:44.002298,200,1.037,0.0011,"aoml_navis",1027.508926117
"7901009",74,0.00198473152141941,1,0.024297,1,0.001869,1,124.397916417435,1,4.86602932615212,202,1,15.4219999313354,35.9879989624023,0.0242970008403063,0.0112140001729131,119.956703186035,-87.764,27.6435,15.8934088627571,63,63,63,63,61,63,0.001869,7591,0.941689079772035,28,-88,0.001869,51,2025-06-25 21:31:44.002298,202,1.037,0.0011,"aoml_navis",1027.53182623209
"7901009",74,0.00198473152141941,1,0.024297,1,0.001869,1,123.866128580085,1,4.86594355797976,204,1,15.3339996337891,35.9739990234375,0.0242970008403063,0.0112140001729131,119.443901062012,-87.764,27.6435,15.8934088627571,63,63,63,63,61,63,0.001869,7591,0.941689079772035,28,-88,0.001869,51,2025-06-25 21:31:44.002298,204,1.037,0.0011,"aoml_navis",1027.54993773004
"7901009",74,0,1,0.022428,1,0,1,123.318058132426,1,4.86585722946225,206,1,15.2349996566772,35.9570007324219,0.0224280003458261,0.00934499967843294,118.915397644043,-87.764,27.6435,15.8934088627571,63,63,63,63,61,63,0,7591,0.941689079772035,28,-88,0.001869,51,2025-06-25 21:31:44.002298,206,1.037,0.0011,"aoml_navis",1027.56816819974
"7901009",74,0,1,0.024297,1,0.001869,1,122.860317403859,1,4.86576762366901,207.899993896484,1,15.1339998245239,35.9410018920898,0.0242970008403063,0,118.473999023438,-87.764,27.6435,15.8934088627571,63,63,63,63,61,63,0,7591,0.941689079772035,28,-88,0.001869,51,2025-06-25 21:31:44.002298,207.899993896484,1.037,0.0011,"aoml_navis",1027.58709143405
"7901009",74,0,1,0.022428,1,0,1,122.610808949688,1,4.86566453758678,210,1,15.0170001983643,35.9230003356934,0.0224280003458261,0,118.2333984375,-87.764,27.6435,15.8934088627571,63,63,63,63,61,63,0,7591,0.941689079772035,28,-88,0.001869,51,2025-06-25 21:31:44.002298,210,1.037,0.0011,"aoml_navis",1027.60886234049
"7901009",74,0,1,0.022428,1,0,1,122.232400453173,1,4.86558664462156,212,1,14.9350004196167,35.9090003967285,0.0224280003458261,0,117.868499755859,-87.764,27.6435,15.8934088627571,63,63,63,63,61,63,0,7591,0.941689079772035,28,-88,0.001869,51,2025-06-25 21:31:44.002298,212,1.037,0.0011,"aoml_navis",1027.62531328612
"7901009",74,0,1,0.026166,1,0.003738,1,122.107954788673,1,4.86550750421539,214,1,14.8549995422363,35.8959999084473,0.0261659994721413,0,117.748497009277,-87.764,27.6435,15.8934088627571,63,63,63,63,61,63,0,7591,0.941689079772035,28,-88,0.001869,51,2025-06-25 21:31:44.002298,214,1.037,0.0011,"aoml_navis",1027.64202822996
"7901009",74,0,1,0.024297,1,0.001869,1,121.659241493712,1,4.86541316520344,216,1,14.7430000305176,35.8779983520508,0.0242970008403063,0,117.315803527832,-87.764,27.6435,15.8934088627571,63,63,63,63,61,63,0,7591,0.941689079772035,28,-88,0.001869,51,2025-06-25 21:31:44.002298,216,1.037,0.0011,"aoml_navis",1027.66195392389
"7901009",74,0,1,0.024297,1,0.001869,1,120.978117276591,1,4.86531734302616,218,1,14.6429996490479,35.8639984130859,0.0242970008403063,0,116.658996582031,-87.764,27.6435,15.8934088627571,63,63,63,63,61,63,0,7591,0.941689079772035,28,-88,0.001869,51,2025-06-25 21:31:44.002298,218,1.037,0.0011,"aoml_navis",1027.68219367374
"7901009",74,0,1,0.026166,1,0.003738,1,120.416675783538,1,4.86523446561551,220,1,14.5480003356934,35.8479995727539,0.0261659994721413,0,116.117599487305,-87.764,27.6435,15.8934088627571,63,63,63,63,61,63,0,7591,0.941689079772035,28,-88,0.001869,51,2025-06-25 21:31:44.002298,220,1.037,0.0011,"aoml_navis",1027.69969984734
"7901009",74,0,1,0.024297,1,0.001869,1,119.894018233989,1,4.8651529930384,222,1,14.4680004119873,35.8359985351562,0.0242970008403063,0,115.61360168457,-87.764,27.6435,15.8934088627571,63,63,63,63,61,63,0,7591,0.941689079772035,28,-88,0.001869,51,2025-06-25 21:31:44.002298,222,1.037,0.0011,"aoml_navis",1027.71690985968
"7901009",74,0,1,0.026166,1,0.003738,1,119.226692302765,1,4.86508524126288,224,1,14.4079999923706,35.826000213623,0.0261659994721413,0,114.970100402832,-87.764,27.6435,15.8934088627571,63,63,63,63,61,63,0,7591,0.941689079772035,28,-88,0.001869,51,2025-06-25 21:31:44.002298,224,1.037,0.0011,"aoml_navis",1027.73122197179
"7901009",74,0,1,0.022428,1,0,1,118.592659483387,1,4.86501508713123,226,1,14.3420000076294,35.814998626709,0.0224280003458261,0,114.358703613281,-87.764,27.6435,15.8934088627571,63,63,63,63,61,63,0,7591,0.941689079772035,28,-88,0.001869,51,2025-06-25 21:31:44.002298,226,1.037,0.0011,"aoml_navis",1027.74604198573
"7901009",74,0,1,0.020559,1,-0.001869,1,118.279990641416,1,4.8649404190642,228,1,14.2749996185303,35.8050003051758,0.020558999851346,0,114.057197570801,-87.764,27.6435,15.8934088627571,63,63,63,63,61,63,0,7591,0.941689079772035,28,-88,0.001869,51,2025-06-25 21:31:44.002298,228,1.037,0.0011,"aoml_navis",1027.7618160351
"7901009",74,0,1,0.024297,1,0.001869,1,117.92813435102,1,4.86487728603893,230,1,14.2189998626709,35.7949981689453,0.0242970008403063,0,113.717903137207,-87.764,27.6435,15.8934088627571,63,63,63,63,61,63,0,7591,0.941689079772035,28,-88,0.001869,51,2025-06-25 21:31:44.002298,230,1.037,0.0011,"aoml_navis",1027.77515361977
"7901009",74,0,1,0.020559,1,-0.001869,1,117.513117672825,1,4.86478663874571,232,1,14.128999710083,35.7830009460449,0.020558999851346,0,113.31770324707,-87.764,27.6435,15.8934088627571,63,63,63,63,61,63,0,7591,0.941689079772035,28,-88,0.001869,51,2025-06-25 21:31:44.002298,232,1.037,0.0011,"aoml_navis",1027.79430451839
"7901009",74,0,1,0.022428,1,0,1,117.106495479342,1,4.86472545024856,234,1,14.0710000991821,35.7719993591309,0.0224280003458261,0,112.925598144531,-87.764,27.6435,15.8934088627571,63,63,63,63,61,63,0,7591,0.941689079772035,28,-88,0.001869,51,2025-06-25 21:31:44.002298,234,1.037,0.0011,"aoml_navis",1027.80723211102
"7901009",74,0,1,0.024297,1,0.001869,1,117.129416141181,1,4.86464150555034,236,1,13.9870004653931,35.7599983215332,0.0242970008403063,0,112.947700500488,-87.764,27.6435,15.8934088627571,63,63,63,63,61,63,0,7591,0.941689079772035,28,-88,0.001869,51,2025-06-25 21:31:44.002298,236,1.037,0.0011,"aoml_navis",1027.82496804651
"7901009",74,0,1,0.01869,1,-0.003738,1,116.931034133954,1,4.8645932025001,238,1,13.9700002670288,35.7569999694824,0.0186899993568659,0,112.756401062012,-87.764,27.6435,15.8934088627571,63,63,63,63,61,63,0,7591,0.941689079772035,28,-88,0.001869,51,2025-06-25 21:31:44.002298,238,1.037,0.0011,"aoml_navis",1027.83517384975
"7901009",74,0,1,0.026166,1,0.003738,1,116.772575378242,1,4.86454431715917,240,1,13.956000328064,35.7550010681152,0.0261659994721413,0,112.60359954834,-87.764,27.6435,15.8934088627571,63,63,63,63,61,63,0,7591,0.941689079772035,28,-88,0.001869,51,2025-06-25 21:31:44.002298,240,1.037,0.0011,"aoml_navis",1027.84550288976
"7901009",74,0,1,0.028035,1,0.005607,1,116.637448701149,1,4.86449502813152,242,1,13.9379997253418,35.7519989013672,0.0280349999666214,0,112.473297119141,-87.764,27.6435,15.8934088627571,63,63,63,63,61,63,0,7591,0.941689079772035,28,-88,0.001869,51,2025-06-25 21:31:44.002298,242,1.037,0.0011,"aoml_navis",1027.85591743539
"7901009",74,0,1,0.024297,1,0.001869,1,116.572737588558,1,4.86444633495939,244,1,13.9169998168945,35.7480010986328,0.0242970008403063,0,112.41089630127,-87.764,27.6435,15.8934088627571,63,63,63,63,61,63,0,7591,0.941689079772035,28,-88,0.001869,51,2025-06-25 21:31:44.002298,244,1.037,0.0011,"aoml_navis",1027.86620628671
"7901009",74,0,1,0.022428,1,0,1,116.448094127529,1,4.86440377590647,246,1,13.9020004272461,35.7439994812012,0.0224280003458261,0,112.290702819824,-87.764,27.6435,15.8934088627571,63,63,63,63,61,63,0,7591,0.941689079772035,28,-88,0.001869,51,2025-06-25 21:31:44.002298,246,1.037,0.0011,"aoml_navis",1027.87519916935
"7901009",74,0,1,0.026166,1,0.003738,1,116.432847971035,1,4.86432261051095,248,1,13.831000328064,35.7350006103516,0.0261659994721413,0,112.276000976562,-87.764,27.6435,15.8934088627571,63,63,63,63,61,63,0,7591,0.941689079772035,28,-88,0.001869,51,2025-06-25 21:31:44.002298,248,1.037,0.0011,"aoml_navis",1027.89235014879
"7901009",74,0,1,0.024297,1,0.001869,1,116.301867109201,1,4.86426189016317,250,1,13.7799997329712,35.726001739502,0.0242970008403063,0,112.149696350098,-87.764,27.6435,15.8934088627571,63,63,63,63,61,63,0,7591,0.941689079772035,28,-88,0.001869,51,2025-06-25 21:31:44.002298,250,1.037,0.0011,"aoml_navis",1027.90518127968
"7901009",74,0,1,0.020559,1,-0.001869,1,116.108572428713,1,4.86419927262048,252,1,13.7270002365112,35.7169990539551,0.020558999851346,0,111.963302612305,-87.764,27.6435,15.8934088627571,63,63,63,63,61,63,0,7591,0.941689079772035,28,-88,0.001869,51,2025-06-25 21:31:44.002298,252,1.037,0.0011,"aoml_navis",1027.91841365215
"7901009",74,0,1,0.022428,1,0,1,116.143724827936,1,4.86410397352665,254,1,13.6160001754761,35.701000213623,0.0224280003458261,0,111.997200012207,-87.764,27.6435,15.8934088627571,63,63,63,63,61,63,0,7591,0.941689079772035,28,-88,0.001869,51,2025-06-25 21:31:44.002298,254,1.037,0.0011,"aoml_navis",1027.93855296124
"7901009",74,0,1,0.01869,1,-0.003738,1,116.059724597788,1,4.86403669429692,256,1,13.5579996109009,35.6920013427734,0.0186899993568659,0,111.916198730469,-87.764,27.6435,15.8934088627571,63,63,63,63,61,63,0,7591,0.941689079772035,28,-88,0.001869,51,2025-06-25 21:31:44.002298,256,1.037,0.0011,"aoml_navis",1027.95277138071
"7901009",74,0,1,0.026166,1,0.003738,1,116.015544764959,1,4.86398461246224,258,1,13.5260000228882,35.6860008239746,0.0261659994721413,0,111.873596191406,-87.764,27.6435,15.8934088627571,63,63,63,63,61,63,0,7591,0.941689079772035,28,-88,0.001869,51,2025-06-25 21:31:44.002298,258,1.037,0.0011,"aoml_navis",1027.96377833706
"7901009",74,0,1,0.024297,1,0.001869,1,115.915064127974,1,4.86392957120755,260,1,13.4910001754761,35.6800003051758,0.0242970008403063,0,111.776702880859,-87.764,27.6435,15.8934088627571,63,63,63,63,61,63,0,7591,0.941689079772035,28,-88,0.001869,51,2025-06-25 21:31:44.002298,260,1.037,0.0011,"aoml_navis",1027.97541099236
"7901009",74,0,1,0.022428,1,0,1,115.658292585239,1,4.86388356491433,262,1,13.4650001525879,35.673999786377,0.0224280003458261,0,111.529098510742,-87.764,27.6435,15.8934088627571,63,63,63,63,61,63,0,7591,0.941689079772035,28,-88,0.001869,51,2025-06-25 21:31:44.002298,262,1.037,0.0011,"aoml_navis",1027.98513436209
"7901009",74,0,1,0.022428,1,0,1,115.538728539088,1,4.86377632441239,264,1,13.326000213623,35.6539993286133,0.0224280003458261,0,111.413803100586,-87.764,27.6435,15.8934088627571,63,63,63,63,61,63,0,7591,0.941689079772035,28,-88,0.001869,51,2025-06-25 21:31:44.002298,264,1.037,0.0011,"aoml_navis",1028.00780021562
"7901009",74,0,1,0.022428,1,0,1,115.504501827623,1,4.86369212886839,266,1,13.2279996871948,35.6389999389648,0.0224280003458261,0,111.380798339844,-87.764,27.6435,15.8934088627571,63,63,63,63,61,63,0,7591,0.941689079772035,28,-88,0.001869,51,2025-06-25 21:31:44.002298,266,1.037,0.0011,"aoml_navis",1028.02559609449
"7901009",74,0,1,0.028035,1,0.005607,1,115.309332036036,1,4.86362834751473,268,1,13.1800003051758,35.6319999694824,0.0280349999666214,0,111.192596435547,-87.764,27.6435,15.8934088627571,63,63,63,63,61,63,0,7591,0.941689079772035,28,-88,0.001869,51,2025-06-25 21:31:44.002298,268,1.037,0.0011,"aoml_navis",1028.03907756541
"7901009",74,0,1,0.022428,1,0,1,115.155027007443,1,4.86357450387768,270,1,13.1420001983643,35.625,0.0224280003458261,0,111.043800354004,-87.764,27.6435,15.8934088627571,63,63,63,63,61,63,0,7591,0.941689079772035,28,-88,0.001869,51,2025-06-25 21:31:44.002298,270,1.037,0.0011,"aoml_navis",1028.05045877544
"7901009",74,0,1,0.026166,1,0.003738,1,114.857920796413,1,4.86352071861141,272,1,13.1040000915527,35.6180000305176,0.0261659994721413,0,110.757301330566,-87.764,27.6435,15.8934088627571,63,63,63,63,61,63,0,7591,0.941689079772035,28,-88,0.001869,51,2025-06-25 21:31:44.002298,272,1.037,0.0011,"aoml_navis",1028.06182789894
"7901009",74,0,1,0.022428,1,0,1,114.61141884949,1,4.86343549719276,274,1,13.003999710083,35.6030006408691,0.0224280003458261,0,110.519599914551,-87.764,27.6435,15.8934088627571,63,63,63,63,61,63,0,7591,0.941689079772035,28,-88,0.001869,51,2025-06-25 21:31:44.002298,274,1.037,0.0011,"aoml_navis",1028.07984250764
"7901009",74,0,1,0.024297,1,0.001869,1,114.509996701024,1,4.8633580182341,276,1,12.918999671936,35.5900001525879,0.0242970008403063,0,110.421798706055,-87.764,27.6435,15.8934088627571,63,63,63,63,61,63,0,7591,0.941689079772035,28,-88,0.001869,51,2025-06-25 21:31:44.002298,276,1.037,0.0011,"aoml_navis",1028.09622101716
"7901009",74,0,1,0.028035,1,0.005607,1,114.349053620901,1,4.8632936505909,278,1,12.8660001754761,35.5820007324219,0.0280349999666214,0,110.2666015625,-87.764,27.6435,15.8934088627571,63,63,63,63,61,63,0,7591,0.941689079772035,28,-88,0.001869,51,2025-06-25 21:31:44.002298,278,1.037,0.0011,"aoml_navis",1028.10982828324
"7901009",74,0,1,0.020559,1,-0.001869,1,114.302492317857,1,4.86321205137707,280,1,12.7799997329712,35.5699996948242,0.020558999851346,0,110.221702575684,-87.764,27.6435,15.8934088627571,63,63,63,63,61,63,0,7591,0.941689079772035,28,-88,0.001869,51,2025-06-25 21:31:44.002298,280,1.037,0.0011,"aoml_navis",1028.12707880673
"7901009",74,0,1,0.024297,1,0.001869,1,114.251982996084,1,4.86315905006096,282,1,12.746000289917,35.5639991760254,0.0242970008403063,0,110.172996520996,-87.764,27.6435,15.8934088627571,63,63,63,63,61,63,0,7591,0.941689079772035,28,-88,0.001869,51,2025-06-25 21:31:44.002298,282,1.037,0.0011,"aoml_navis",1028.13828388716
"7901009",74,0,1,0.026166,1,0.003738,1,114.10866754267,1,4.86311388560526,284,1,12.7390003204346,35.5629997253418,0.0261659994721413,0,110.034797668457,-87.764,27.6435,15.8934088627571,63,63,63,63,61,63,0,7591,0.941689079772035,28,-88,0.001869,51,2025-06-25 21:31:44.002298,284,1.037,0.0011,"aoml_navis",1028.147832359
"7901009",74,0,1,0.026166,1,0.003738,1,113.81799367478,1,4.86307197722523,286,1,12.7239999771118,35.5589981079102,0.0261659994721413,0,109.754501342773,-87.764,27.6435,15.8934088627571,63,63,63,63,61,63,0,7591,0.941689079772035,28,-88,0.001869,51,2025-06-25 21:31:44.002298,286,1.037,0.0011,"aoml_navis",1028.15669260419
"7901009",74,0,1,0.026166,1,0.003738,1,113.646780998845,1,4.86300108792012,288,1,12.6599998474121,35.5499992370605,0.0261659994721413,0,109.589401245117,-87.764,27.6435,15.8934088627571,63,63,63,63,61,63,0,7591,0.941689079772035,28,-88,0.001869,51,2025-06-25 21:31:44.002298,288,1.037,0.0011,"aoml_navis",1028.17168032723
"7901009",74,0,1,0.024297,1,0.001869,1,113.621376012596,1,4.8629181330994,290,1,12.5679998397827,35.5369987487793,0.0242970008403063,0,109.564903259277,-87.764,27.6435,15.8934088627571,63,63,63,63,61,63,0,7591,0.941689079772035,28,-88,0.001869,51,2025-06-25 21:31:44.002298,290,1.037,0.0011,"aoml_navis",1028.18921954856
"7901009",74,0,1,0.026166,1,0.003738,1,113.541418743512,1,4.86286480005958,292,1,12.5410003662109,35.5330009460449,0.0261659994721413,0,109.487800598145,-87.764,27.6435,15.8934088627571,63,63,63,63,61,63,0,7591,0.941689079772035,28,-88,0.001869,51,2025-06-25 21:31:44.002298,292,1.037,0.0011,"aoml_navis",1028.20049612293
"7901009",74,0,1,0.026166,1,0.003738,1,113.30082695689,1,4.86282334969196,294,1,12.5340003967285,35.5309982299805,0.0261659994721413,0,109.255798339844,-87.764,27.6435,15.8934088627571,63,63,63,63,61,63,0,7591,0.941689079772035,28,-88,0.001869,51,2025-06-25 21:31:44.002298,294,1.037,0.0011,"aoml_navis",1028.20926043236
"7901009",74,0,1,0.026166,1,0.003738,1,113.093631136309,1,4.86276078263078,296,1,12.4820003509521,35.5229988098145,0.0261659994721413,0,109.055999755859,-87.764,27.6435,15.8934088627571,63,63,63,63,61,63,0,7591,0.941689079772035,28,-88,0.001869,51,2025-06-25 21:31:44.002298,296,1.037,0.0011,"aoml_navis",1028.22248996073
"7901009",74,0,1,0.028035,1,0.005607,1,113.063763860355,1,4.8626886385015,298,1,12.4160003662109,35.5139999389648,0.0280349999666214,0,109.027198791504,-87.764,27.6435,15.8934088627571,63,63,63,63,61,63,0,7591,0.941689079772035,28,-88,0.001869,51,2025-06-25 21:31:44.002298,298,1.037,0.0011,"aoml_navis",1028.23774494038
"7901009",74,0,1,0.022428,1,0,1,113.009947380609,1,4.86263137716058,300,1,12.3769998550415,35.507999420166,0.0224280003458261,0,108.975303649902,-87.764,27.6435,15.8934088627571,63,63,63,63,61,63,0,7591,0.941689079772035,28,-88,0.001869,51,2025-06-25 21:31:44.002298,300,1.037,0.0011,"aoml_navis",1028.2498532553
"7901009",74,0,1,0.028035,1,0.005607,1,112.936003126021,1,4.86257906979741,302,1,12.3470001220703,35.5029983520508,0.0280349999666214,0,108.903999328613,-87.764,27.6435,15.8934088627571,63,63,63,63,61,63,0,7591,0.941689079772035,28,-88,0.001869,51,2025-06-25 21:31:44.002298,302,1.037,0.0011,"aoml_navis",1028.26091426588
"7901009",74,0,1,0.026166,1,0.003738,1,112.863823216476,1,4.86253180564799,304,1,12.3299999237061,35.5,0.0261659994721413,0,108.834396362305,-87.764,27.6435,15.8934088627571,63,63,63,63,61,63,0,7591,0.941689079772035,28,-88,0.001869,51,2025-06-25 21:31:44.002298,304,1.037,0.0011,"aoml_navis",1028.27090903392
"7901009",74,0,1,0.028035,1,0.005607,1,112.821929911528,1,4.86246860152677,306,1,12.2729997634888,35.4910011291504,0.0280349999666214,0,108.793998718262,-87.764,27.6435,15.8934088627571,63,63,63,63,61,63,0,7591,0.941689079772035,28,-88,0.001869,51,2025-06-25 21:31:44.002298,306,1.037,0.0011,"aoml_navis",1028.28427487019
"7901009",74,0,1,0.022428,1,0,1,112.705989497797,1,4.86240259857858,308,1,12.2089996337891,35.4809989929199,0.0224280003458261,0,108.682197570801,-87.764,27.6435,15.8934088627571,63,63,63,63,61,63,0,7591,0.941689079772035,28,-88,0.001869,51,2025-06-25 21:31:44.002298,308,1.037,0.0011,"aoml_navis",1028.29823294798
"7901009",74,0,1,0.026166,1,0.003738,1,112.595650681781,1,4.86235121493646,310,1,12.1719999313354,35.4739990234375,0.0261659994721413,0,108.575798034668,-87.764,27.6435,15.8934088627571,63,63,63,63,61,63,0,7591,0.941689079772035,28,-88,0.001869,51,2025-06-25 21:31:44.002298,310,1.037,0.0011,"aoml_navis",1028.30909964724
"7901009",74,0,1,0.026166,1,0.003738,1,112.330278945944,1,4.86227879809247,312,1,12.0970001220703,35.4630012512207,0.0261659994721413,0,108.319900512695,-87.764,27.6435,15.8934088627571,63,63,63,63,61,63,0,7591,0.941689079772035,28,-88,0.001869,51,2025-06-25 21:31:44.002298,312,1.037,0.0011,"aoml_navis",1028.32441487345
"7901009",74,0,1,0.028035,1,0.005607,1,112.003099750569,1,4.86221249897591,314,1,12.039999961853,35.4550018310547,0.0280349999666214,0,108.004402160645,-87.764,27.6435,15.8934088627571,63,63,63,63,61,63,0,7591,0.941689079772035,28,-88,0.001869,51,2025-06-25 21:31:44.002298,314,1.037,0.0011,"aoml_navis",1028.33843667942
"7901009",74,0,1,0.024297,1,0.001869,1,111.810525049448,1,4.86214246587344,316,1,11.9709997177124,35.4449996948242,0.0242970008403063,0,107.818702697754,-87.764,27.6435,15.8934088627571,63,63,63,63,61,63,0,7591,0.941689079772035,28,-88,0.001869,51,2025-06-25 21:31:44.002298,316,1.037,0.0011,"aoml_navis",1028.35324861296
"7901009",74,0,1,0.026166,1,0.003738,1,111.796212492574,1,4.86206600772615,318,1,11.8870000839233,35.4329986572266,0.0261659994721413,0,107.804901123047,-87.764,27.6435,15.8934088627571,63,63,63,63,61,63,0,7591,0.941689079772035,28,-88,0.001869,51,2025-06-25 21:31:44.002298,318,1.037,0.0011,"aoml_navis",1028.36941992451
"7901009",74,0,1,0.028035,1,0.005607,1,112.041986548268,1,4.86198704000107,320,1,11.7959995269775,35.4199981689453,0.0280349999666214,0,108.041900634766,-87.764,27.6435,15.8934088627571,63,63,63,63,61,63,0,7591,0.941689079772035,28,-88,0.001869,51,2025-06-25 21:31:44.002298,320,1.037,0.0011,"aoml_navis",1028.38612255924
"7901009",74,0,1,0.024297,1,0.001869,1,112.590571266903,1,4.8619066321926,322,1,11.7110004425049,35.4090003967285,0.0242970008403063,0,108.570899963379,-87.764,27.6435,15.8934088627571,63,63,63,63,61,63,0,7591,0.941689079772035,28,-88,0.001869,51,2025-06-25 21:31:44.002298,322,1.037,0.0011,"aoml_navis",1028.40313034665
"7901009",74,0,1,0.029904,1,0.007476,1,113.13387086227,1,4.86186533107933,324,1,11.7040004730225,35.4070014953613,0.0299040004611015,0,109.094802856445,-87.764,27.6435,15.8934088627571,63,63,63,63,61,63,0,7591,0.941689079772035,28,-88,0.001869,51,2025-06-25 21:31:44.002298,324,1.037,0.0011,"aoml_navis",1028.41186653971
"7901009",74,0,1,0.026166,1,0.003738,1,113.831372632035,1,4.86182215760573,326,1,11.6870002746582,35.4029998779297,0.0261659994721413,0,109.767402648926,-87.764,27.6435,15.8934088627571,63,63,63,63,61,63,0,7591,0.941689079772035,28,-88,0.001869,51,2025-06-25 21:31:44.002298,326,1.037,0.0011,"aoml_navis",1028.42099894133
"7901009",74,0,1,0.024297,1,0.001869,1,114.155228845714,1,4.86178268484161,328,1,11.6780004501343,35.4000015258789,0.0242970008403063,0,110.079696655273,-87.764,27.6435,15.8934088627571,63,63,63,63,61,63,0,7591,0.941689079772035,28,-88,0.001869,51,2025-06-25 21:31:44.002298,328,1.037,0.0011,"aoml_navis",1028.42934868095
"7901009",74,0,1,0.028035,1,0.005607,1,114.573149176962,1,4.86174232727298,330,1,11.6719999313354,35.3979988098145,0.0280349999666214,0,110.482696533203,-87.764,27.6435,15.8934088627571,63,63,63,63,61,63,0,7591,0.941689079772035,28,-88,0.001869,51,2025-06-25 21:31:44.002298,330,1.037,0.0011,"aoml_navis",1028.43788572493
"7901009",74,0,1,0.031773,1,0.009345,1,115.146316048284,1,4.86169731870622,332,1,11.6529998779297,35.3940010070801,0.0317730009555817,0,111.035400390625,-87.764,27.6435,15.8934088627571,63,63,63,63,61,63,0,7591,0.941689079772035,28,-88,0.001869,51,2025-06-25 21:31:44.002298,332,1.037,0.0011,"aoml_navis",1028.44740678562
"7901009",74,0,1,0.028035,1,0.005607,1,115.367096534511,1,4.86164035690058,334,1,11.6090002059937,35.3870010375977,0.0280349999666214,0,111.24829864502,-87.764,27.6435,15.8934088627571,63,63,63,63,61,63,0,7591,0.941689079772035,28,-88,0.001869,51,2025-06-25 21:31:44.002298,334,1.037,0.0011,"aoml_navis",1028.45945667351
"7901009",74,0,1,0.024297,1,0.001869,1,115.391678687197,1,4.86159790296546,336.100006103516,1,11.6029996871948,35.3849983215332,0.0242970008403063,0,111.272003173828,-87.764,27.6435,15.8934088627571,63,63,63,63,61,63,0,7591,0.941689079772035,28,-88,0.001869,51,2025-06-25 21:31:44.002298,336.100006103516,1.037,0.0011,"aoml_navis",1028.46843770237
"7901009",74,0,1,0.026166,1,0.003738,1,115.47598747993,1,4.86155690149187,338,1,11.5939998626709,35.382999420166,0.0261659994721413,0,111.353302001953,-87.764,27.6435,15.8934088627571,63,63,63,63,61,63,0,7591,0.941689079772035,28,-88,0.001869,51,2025-06-25 21:31:44.002298,338,1.037,0.0011,"aoml_navis",1028.47711161534
"7901009",74,0,1,0.026166,1,0.003738,1,115.807731819206,1,4.86151471003683,340,1,11.5740003585815,35.3779983520508,0.0261659994721413,0,111.673202514648,-87.764,27.6435,15.8934088627571,63,63,63,63,61,63,0,7591,0.941689079772035,28,-88,0.001869,51,2025-06-25 21:31:44.002298,340,1.037,0.0011,"aoml_navis",1028.48603742312
"7901009",74,0,1,0.022428,1,0,1,116.234260255418,1,4.86144968446759,342,1,11.5010004043579,35.3660011291504,0.0224280003458261,0,112.084503173828,-87.764,27.6435,15.8934088627571,63,63,63,63,61,63,0,7591,0.941689079772035,28,-88,0.001869,51,2025-06-25 21:31:44.002298,342,1.037,0.0011,"aoml_navis",1028.49979420235
"7901009",74,0,1,0.022428,1,0,1,116.303845074496,1,4.86140208795816,344,1,11.4750003814697,35.3610000610352,0.0224280003458261,0,112.15160369873,-87.764,27.6435,15.8934088627571,63,63,63,63,61,63,0,7591,0.941689079772035,28,-88,0.001869,51,2025-06-25 21:31:44.002298,344,1.037,0.0011,"aoml_navis",1028.50986393106
"7901009",74,0,1,0.026166,1,0.003738,1,116.16011029244,1,4.86136084013463,346,1,11.4680004119873,35.359001159668,0.0261659994721413,0,112.013000488281,-87.764,27.6435,15.8934088627571,63,63,63,63,61,63,0,7591,0.941689079772035,28,-88,0.001869,51,2025-06-25 21:31:44.002298,346,1.037,0.0011,"aoml_navis",1028.51859066309
"7901009",74,0,1,0.022428,1,0,1,116.005908118042,1,4.861310486187,348,1,11.451000213623,35.3569984436035,0.0224280003458261,0,111.864303588867,-87.764,27.6435,15.8934088627571,63,63,63,63,61,63,0,7591,0.941689079772035,28,-88,0.001869,51,2025-06-25 21:31:44.002298,348,1.037,0.0011,"aoml_navis",1028.52924416309
"7901009",74,0,1,0.026166,1,0.003738,1,115.827329499349,1,4.86125553321766,350,1,11.4370002746582,35.3569984436035,0.0261659994721413,0,111.692100524902,-87.764,27.6435,15.8934088627571,63,63,63,63,61,63,0,7591,0.941689079772035,28,-88,0.001869,51,2025-06-25 21:31:44.002298,350,1.037,0.0011,"aoml_navis",1028.5408709405
"7901009",74,0,1,0.024297,1,0.001869,1,115.809599018445,1,4.861190792938,352,1,11.3800001144409,35.3489990234375,0.0242970008403063,0,111.675003051758,-87.764,27.6435,15.8934088627571,63,63,63,63,61,63,0,7591,0.941689079772035,28,-88,0.001869,51,2025-06-25 21:31:44.002298,352,1.037,0.0011,"aoml_navis",1028.55456882368
"7901009",74,0,1,0.022428,1,0,1,115.780562487914,1,4.8611315935677,354,1,11.3330001831055,35.3419990539551,0.0224280003458261,0,111.647003173828,-87.764,27.6435,15.8934088627571,63,63,63,63,61,63,0,7591,0.941689079772035,28,-88,0.001869,51,2025-06-25 21:31:44.002298,354,1.037,0.0011,"aoml_navis",1028.56709466908
"7901009",74,0,1,0.026166,1,0.003738,1,115.755980335228,1,4.8610696664523,356,1,11.2910003662109,35.3370018005371,0.0261659994721413,0,111.62329864502,-87.764,27.6435,15.8934088627571,63,63,63,63,61,63,0,7591,0.941689079772035,28,-88,0.001869,51,2025-06-25 21:31:44.002298,356,1.037,0.0011,"aoml_navis",1028.58019799768
"7901009",74,0,1,0.024297,1,0.001869,1,115.734104039066,1,4.86100516952782,358,1,11.2419996261597,35.3310012817383,0.0242970008403063,0,111.602203369141,-87.764,27.6435,15.8934088627571,63,63,63,63,61,63,0,7591,0.941689079772035,28,-88,0.001869,51,2025-06-25 21:31:44.002298,358,1.037,0.0011,"aoml_navis",1028.59384543417
"7901009",74,0,1,0.026166,1,0.003738,1,115.500664574951,1,4.86095591909423,360,1,11.2220001220703,35.3279991149902,0.0261659994721413,0,111.377098083496,-87.764,27.6435,15.8934088627571,63,63,63,63,61,63,0,7591,0.941689079772035,28,-88,0.001869,51,2025-06-25 21:31:44.002298,360,1.037,0.0011,"aoml_navis",1028.6042669837
"7901009",74,0,1,0.029904,1,0.007476,1,115.675097378385,1,4.86088779090133,362,1,11.1280002593994,35.3120002746582,0.0299040004611015,0,111.545303344727,-87.764,27.6435,15.8934088627571,63,63,63,63,61,63,0,7591,0.941689079772035,28,-88,0.001869,51,2025-06-25 21:31:44.002298,362,1.037,0.0011,"aoml_navis",1028.61868347569
"7901009",74,0,1,0.028035,1,0.005607,1,115.665864236388,1,4.86082607387641,364,1,11.0939998626709,35.3089981079102,0.0280349999666214,0,111.536399841309,-87.764,27.6435,15.8934088627571,63,63,63,63,61,63,0,7591,0.941689079772035,28,-88,0.001869,51,2025-06-25 21:31:44.002298,364,1.037,0.0011,"aoml_navis",1028.63174366011
"7901009",74,0,1,0.031773,1,0.009345,1,115.278325452071,1,4.86078482239307,366,1,11.0909996032715,35.3079986572266,0.0317730009555817,0,111.162696838379,-87.764,27.6435,15.8934088627571,63,63,63,63,61,63,0,7591,0.941689079772035,28,-88,0.001869,51,2025-06-25 21:31:44.002298,366,1.037,0.0011,"aoml_navis",1028.64047323502
"7901009",74,0,1,0.029904,1,0.007476,1,115.222436064696,1,4.86070543404518,368,1,10.9919996261597,35.2939987182617,0.0299040004611015,0,111.10880279541,-87.764,27.6435,15.8934088627571,63,63,63,63,61,63,0,7591,0.941689079772035,28,-88,0.001869,51,2025-06-25 21:31:44.002298,368,1.037,0.0011,"aoml_navis",1028.65727369101
"7901009",74,0,1,0.024297,1,0.001869,1,115.077356266239,1,4.86063431786412,370,1,10.9390001296997,35.2890014648438,0.0242970008403063,0,110.968902587891,-87.764,27.6435,15.8934088627571,63,63,63,63,61,63,0,7591,0.941689079772035,28,-88,0.001869,51,2025-06-25 21:31:44.002298,370,1.037,0.0011,"aoml_navis",1028.67232402645
"7901009",74,0,1,0.029904,1,0.007476,1,114.827119920839,1,4.86058008535699,372,1,10.9090003967285,35.2849998474121,0.0299040004611015,0,110.727600097656,-87.764,27.6435,15.8934088627571,63,63,63,63,61,63,0,7591,0.941689079772035,28,-88,0.001869,51,2025-06-25 21:31:44.002298,372,1.037,0.0011,"aoml_navis",1028.68380156167
"7901009",74,0,1,0.024297,1,0.001869,1,114.645534794898,1,4.86052130876071,374,1,10.8489999771118,35.2750015258789,0.0242970008403063,0,110.55249786377,-87.764,27.6435,15.8934088627571,63,63,63,63,61,63,0,7591,0.941689079772035,28,-88,0.001869,51,2025-06-25 21:31:44.002298,374,1.037,0.0011,"aoml_navis",1028.69624107766
"7901009",74,0,1,0.028035,1,0.005607,1,114.618159755215,1,4.86044402363838,376,1,10.7469997406006,35.2599983215332,0.0280349999666214,0,110.526100158691,-87.764,27.6435,15.8934088627571,63,63,63,63,61,63,0,7591,0.941689079772035,28,-88,0.001869,51,2025-06-25 21:31:44.002298,376,1.037,0.0011,"aoml_navis",1028.71259820767
"7901009",74,0,1,0.024297,1,0.001869,1,114.335049626613,1,4.86039136564825,378,1,10.706000328064,35.2529983520508,0.0242970008403063,0,110.25309753418,-87.764,27.6435,15.8934088627571,63,63,63,63,61,63,0,7591,0.941689079772035,28,-88,0.001869,51,2025-06-25 21:31:44.002298,378,1.037,0.0011,"aoml_navis",1028.72374338792
"7901009",74,0,1,0.024297,1,0.001869,1,113.946482300342,1,4.86033893887688,380,1,10.66100025177,35.2449989318848,0.0242970008403063,0,109.878402709961,-87.764,27.6435,15.8934088627571,63,63,63,63,61,63,0,7591,0.941689079772035,28,-88,0.001869,51,2025-06-25 21:31:44.002298,380,1.037,0.0011,"aoml_navis",1028.73483987012
"7901009",74,0,1,0.026166,1,0.003738,1,113.40556417519,1,4.86029308592745,382,1,10.6359996795654,35.2400016784668,0.0261659994721413,0,109.356796264648,-87.764,27.6435,15.8934088627571,63,63,63,63,61,63,0,7591,0.941689079772035,28,-88,0.001869,51,2025-06-25 21:31:44.002298,382,1.037,0.0011,"aoml_navis",1028.7445451545
"7901009",74,0,1,0.028035,1,0.005607,1,113.118933268363,1,4.86023660279024,384,1,10.6029996871948,35.2360000610352,0.0280349999666214,0,109.08039855957,-87.764,27.6435,15.8934088627571,63,63,63,63,61,63,0,7591,0.941689079772035,28,-88,0.001869,51,2025-06-25 21:31:44.002298,384,1.037,0.0011,"aoml_navis",1028.75650068754
"7901009",74,0,1,0.028035,1,0.005607,1,113.383062841995,1,4.86017633702714,386,1,10.5530004501343,35.2290000915527,0.0280349999666214,0,109.335098266602,-87.764,27.6435,15.8934088627571,63,63,63,63,61,63,0,7591,0.941689079772035,28,-88,0.001869,51,2025-06-25 21:31:44.002298,386,1.037,0.0011,"aoml_navis",1028.76925717851
"7901009",74,0,1,0.029904,1,0.007476,1,114.015442082387,1,4.86010834757755,388,1,10.4940004348755,35.2220001220703,0.0299040004611015,0,109.944900512695,-87.764,27.6435,15.8934088627571,63,63,63,63,61,63,0,7591,0.941689079772035,28,-88,0.001869,51,2025-06-25 21:31:44.002298,388,1.037,0.0011,"aoml_navis",1028.78364892671
"7901009",74,0,1,0.026166,1,0.003738,1,114.366159064772,1,4.86005025199385,390,1,10.4420003890991,35.2140007019043,0.0261659994721413,0,110.283096313477,-87.764,27.6435,15.8934088627571,63,63,63,63,61,63,0,7591,0.941689079772035,28,-88,0.001869,51,2025-06-25 21:31:44.002298,390,1.037,0.0011,"aoml_navis",1028.79594669803
"7901009",74,0,1,0.028035,1,0.005607,1,114.357448105613,1,4.86000657361555,392,1,10.414999961853,35.2080001831055,0.0280349999666214,0,110.274696350098,-87.764,27.6435,15.8934088627571,63,63,63,63,61,63,0,7591,0.941689079772035,28,-88,0.001869,51,2025-06-25 21:31:44.002298,392,1.037,0.0011,"aoml_navis",1028.80519280457
"7901009",74,0,1,0.022428,1,0,1,114.365336231209,1,4.85992544289867,394.100006103516,1,10.3129997253418,35.1940002441406,0.0224280003458261,0,110.282302856445,-87.764,27.6435,15.8934088627571,63,63,63,63,61,63,0,7591,0.941689079772035,28,-88,0.001869,51,2025-06-25 21:31:44.002298,394.100006103516,1.037,0.0011,"aoml_navis",1028.82236749249
"7901009",74,0,1,0.026166,1,0.003738,1,114.058791169792,1,4.85986370011741,396.100006103516,1,10.2519998550415,35.185001373291,0.0261659994721413,0,109.986701965332,-87.764,27.6435,15.8934088627571,63,63,63,63,61,63,0,7591,0.941689079772035,28,-88,0.001869,51,2025-06-25 21:31:44.002298,396.100006103516,1.037,0.0011,"aoml_navis",1028.83543830235
"7901009",74,0,1,0.028035,1,0.005607,1,113.609547780132,1,4.85981280975195,398,1,10.2309999465942,35.1829986572266,0.0280349999666214,0,109.553497314453,-87.764,27.6435,15.8934088627571,63,63,63,63,61,63,0,7591,0.941689079772035,28,-88,0.001869,51,2025-06-25 21:31:44.002298,398,1.037,0.0011,"aoml_navis",1028.84621192955
"7901009",74,0,1,0.026166,1,0.003738,1,113.136458040876,1,4.85976446417216,400,1,10.2239999771118,35.1829986572266,0.0261659994721413,0,109.097297668457,-87.764,27.6435,15.8934088627571,63,63,63,63,61,63,0,7591,0.941689079772035,28,-88,0.001869,51,2025-06-25 21:31:44.002298,400,1.037,0.0011,"aoml_navis",1028.85644702777
"7901009",74,0,1,0.031773,1,0.009345,1,113.086993084779,1,4.85970620828407,402,1,10.1840000152588,35.1780014038086,0.0317730009555817,0,109.049598693848,-87.764,27.6435,15.8934088627571,63,63,63,63,61,63,0,7591,0.941689079772035,28,-88,0.001869,51,2025-06-25 21:31:44.002298,402,1.037,0.0011,"aoml_navis",1028.86878047829
"7901009",74,0,1,0.028035,1,0.005607,1,112.934555255425,1,4.85964284356303,404,1,10.125,35.1699981689453,0.0280349999666214,0,108.902603149414,-87.764,27.6435,15.8934088627571,63,63,63,63,61,63,0,7591,0.941689079772035,28,-88,0.001869,51,2025-06-25 21:31:44.002298,404,1.037,0.0011,"aoml_navis",1028.88219586402
"7901009",74,0,1,0.028035,1,0.005607,1,112.750272184821,1,4.85959157034797,406,1,10.0930004119873,35.1650009155273,0.0280349999666214,0,108.724899291992,-87.764,27.6435,15.8934088627571,63,63,63,63,61,63,0,7591,0.941689079772035,28,-88,0.001869,51,2025-06-25 21:31:44.002298,406,1.037,0.0011,"aoml_navis",1028.89305152901
"7901009",74,0,1,0.028035,1,0.005607,1,112.807308792067,1,4.85951768005064,408,1,10.0170001983643,35.1559982299805,0.0280349999666214,0,108.779899597168,-87.764,27.6435,15.8934088627571,63,63,63,63,61,63,0,7591,0.941689079772035,28,-88,0.001869,51,2025-06-25 21:31:44.002298,408,1.037,0.0011,"aoml_navis",1028.90869612967
"7901009",74,0,1,0.031773,1,0.009345,1,112.855943002741,1,4.8594637513555,410,1,9.97299957275391,35.148998260498,0.0317730009555817,0,108.826797485352,-87.764,27.6435,15.8934088627571,63,63,63,63,61,63,0,7591,0.941689079772035,28,-88,0.001869,51,2025-06-25 21:31:44.002298,410,1.037,0.0011,"aoml_navis",1028.9201146125
"7901009",74,0,1,0.029904,1,0.007476,1,113.036388820672,1,4.85939645734298,412,1,9.89999961853027,35.1389999389648,0.0299040004611015,0,109.000801086426,-87.764,27.6435,15.8934088627571,63,63,63,63,61,63,0,7591,0.941689079772035,28,-88,0.001869,51,2025-06-25 21:31:44.002298,412,1.037,0.0011,"aoml_navis",1028.93436332912
"7901009",74,0,1,0.028035,1,0.005607,1,113.056508683653,1,4.85933845967192,414,1,9.86400032043457,35.1349983215332,0.0280349999666214,0,109.020202636719,-87.764,27.6435,15.8934088627571,63,63,63,63,61,63,0,7591,0.941689079772035,28,-88,0.001869,51,2025-06-25 21:31:44.002298,414,1.037,0.0011,"aoml_navis",1028.94664397128
"7901009",74,0,1,0.028035,1,0.005607,1,113.002992854631,1,4.8592980654289,416,1,9.86200046539307,35.1339988708496,0.0280349999666214,0,108.968597412109,-87.764,27.6435,15.8934088627571,63,63,63,63,61,63,0,7591,0.941689079772035,28,-88,0.001869,51,2025-06-25 21:31:44.002298,416,1.037,0.0011,"aoml_navis",1028.95519737143
"7901009",74,0,1,0.029904,1,0.007476,1,112.98588741076,1,4.85925019070767,418,1,9.83800029754639,35.1300010681152,0.0299040004611015,0,108.952102661133,-87.764,27.6435,15.8934088627571,63,63,63,63,61,63,0,7591,0.941689079772035,28,-88,0.001869,51,2025-06-25 21:31:44.002298,418,1.037,0.0011,"aoml_navis",1028.96533493202
"7901009",74,0,1,0.031773,1,0.009345,1,113.044996925636,1,4.85919124112851,420,1,9.79199981689453,35.1240005493164,0.0317730009555817,0,109.009101867676,-87.764,27.6435,15.8934088627571,63,63,63,63,61,63,0,7591,0.941689079772035,28,-88,0.001869,51,2025-06-25 21:31:44.002298,420,1.037,0.0011,"aoml_navis",1028.97781788864
"7901009",74,0,1,0.026166,1,0.003738,1,113.137913823333,1,4.85913824021497,422,1,9.75300025939941,35.1180000305176,0.0261659994721413,0,109.098701477051,-87.764,27.6435,15.8934088627571,63,63,63,63,61,63,0,7591,0.941689079772035,28,-88,0.001869,51,2025-06-25 21:31:44.002298,422,1.037,0.0011,"aoml_navis",1028.98904143521
"7901009",74,0,1,0.029904,1,0.007476,1,113.0760035096,1,4.85908512302014,424,1,9.72700023651123,35.1150016784668,0.0299040004611015,0,109.039001464844,-87.764,27.6435,15.8934088627571,63,63,63,63,61,63,0,7591,0.941689079772035,28,-88,0.001869,51,2025-06-25 21:31:44.002298,424,1.037,0.0011,"aoml_navis",1029.00028985133
"7901009",74,0,1,0.029904,1,0.007476,1,113.157305795085,1,4.8590385449146,426,1,9.72200012207031,35.1150016784668,0.0299040004611015,0,109.117401123047,-87.764,27.6435,15.8934088627571,63,63,63,63,61,63,0,7591,0.941689079772035,28,-88,0.001869,51,2025-06-25 21:31:44.002298,426,1.037,0.0011,"aoml_navis",1029.01015371301
"7901009",74,0,1,0.029904,1,0.007476,1,113.369683884739,1,4.85898914728207,428,1,9.69600009918213,35.1110000610352,0.0299040004611015,0,109.322196960449,-87.764,27.6435,15.8934088627571,63,63,63,63,61,63,0,7591,0.941689079772035,28,-88,0.001869,51,2025-06-25 21:31:44.002298,428,1.037,0.0011,"aoml_navis",1029.02061487353
"7901009",74,0,1,0.024297,1,0.001869,1,113.695106646932,1,4.85893997190484,430,1,9.6569995880127,35.1040000915527,0.0242970008403063,0,109.636001586914,-87.764,27.6435,15.8934088627571,63,63,63,63,61,63,0,7591,0.941689079772035,28,-88,0.001869,51,2025-06-25 21:31:44.002298,430,1.037,0.0011,"aoml_navis",1029.03102917731
"7901009",74,0,1,0.026166,1,0.003738,1,113.852940365611,1,4.85888172228304,432,1,9.60700035095215,35.0970001220703,0.0261659994721413,0,109.788200378418,-87.764,27.6435,15.8934088627571,63,63,63,63,61,63,0,7591,0.941689079772035,28,-88,0.001869,51,2025-06-25 21:31:44.002298,432,1.037,0.0011,"aoml_navis",1029.04336548671
"7901009",74,0,1,0.029904,1,0.007476,1,113.944195772461,1,4.85880392472565,434,1,9.51099967956543,35.0849990844727,0.0299040004611015,0,109.876197814941,-87.764,27.6435,15.8934088627571,63,63,63,63,61,63,0,7591,0.941689079772035,28,-88,0.001869,51,2025-06-25 21:31:44.002298,434,1.037,0.0011,"aoml_navis",1029.05984218787
"7901009",74,0,1,0.028035,1,0.005607,1,113.589744391599,1,4.85873035369139,436,1,9.44200038909912,35.0779991149902,0.0280349999666214,0,109.534400939941,-87.764,27.6435,15.8934088627571,63,63,63,63,61,63,0,7591,0.941689079772035,28,-88,0.001869,51,2025-06-25 21:31:44.002298,436,1.037,0.0011,"aoml_navis",1029.0754242415
"7901009",74,0,1,0.029904,1,0.007476,1,113.066873221798,1,4.85865176589421,438,1,9.4069995880127,35.0800018310547,0.0299040004611015,0,109.030197143555,-87.764,27.6435,15.8934088627571,63,63,63,63,61,63,0,7591,0.941689079772035,28,-88,0.001869,51,2025-06-25 21:31:44.002298,438,1.037,0.0011,"aoml_navis",1029.09206934689
"7901009",74,0,1,0.031773,1,0.009345,1,112.54173134784,1,4.85860357610441,440,1,9.39999961853027,35.0800018310547,0.0317730009555817,0,108.523803710938,-87.764,27.6435,15.8934088627571,63,63,63,63,61,63,0,7591,0.941689079772035,28,-88,0.001869,51,2025-06-25 21:31:44.002298,440,1.037,0.0011,"aoml_navis",1029.10227633944
"7901009",74,0,1,0.026166,1,0.003738,1,111.962029279184,1,4.85855128340445,442,1,9.38799953460693,35.0800018310547,0.0261659994721413,0,107.964797973633,-87.764,27.6435,15.8934088627571,63,63,63,63,61,63,0,7591,0.941689079772035,28,-88,0.001869,51,2025-06-25 21:31:44.002298,442,1.037,0.0011,"aoml_navis",1029.11335259107
"7901009",74,0,1,0.029904,1,0.007476,1,111.423919864751,1,4.85848710710704,444,1,9.35700035095215,35.0789985656738,0.0299040004611015,0,107.445899963379,-87.764,27.6435,15.8934088627571,63,63,63,63,61,63,0,7591,0.941689079772035,28,-88,0.001869,51,2025-06-25 21:31:44.002298,444,1.037,0.0011,"aoml_navis",1029.12694626398
"7901009",74,0,1,0.029904,1,0.007476,1,111.145683442635,1,4.85842950158118,446,1,9.33399963378906,35.0779991149902,0.0299040004611015,0,107.177597045898,-87.764,27.6435,15.8934088627571,63,63,63,63,61,63,0,7591,0.941689079772035,28,-88,0.001869,51,2025-06-25 21:31:44.002298,446,1.037,0.0011,"aoml_navis",1029.13914843732
"7901009",74,0,1,0.029904,1,0.007476,1,110.897322208335,1,4.85837887414494,448,1,9.32400035858154,35.0779991149902,0.0299040004611015,0,106.938102722168,-87.764,27.6435,15.8934088627571,63,63,63,63,61,63,0,7591,0.941689079772035,28,-88,0.001869,51,2025-06-25 21:31:44.002298,448,1.037,0.0011,"aoml_navis",1029.14987272992
"7901009",74,0,1,0.035511,1,0.013083,1,111.043224840354,1,4.85832661023541,450,1,9.30300045013428,35.076000213623,0.0355109982192516,0,107.078796386719,-87.764,27.6435,15.8934088627571,63,63,63,63,61,63,0,7591,0.941689079772035,28,-88,0.001869,51,2025-06-25 21:31:44.002298,450,1.037,0.0011,"aoml_navis",1029.16094390734
"7901009",74,0,1,0.026166,1,0.003738,1,111.373521309034,1,4.85827846645709,452,1,9.27799987792969,35.0719985961914,0.0261659994721413,0,107.397300720215,-87.764,27.6435,15.8934088627571,63,63,63,63,61,63,0,7591,0.941689079772035,28,-88,0.001869,51,2025-06-25 21:31:44.002298,452,1.037,0.0011,"aoml_navis",1029.17114251918
"7901009",74,0,1,0.028035,1,0.005607,1,111.820889587594,1,4.85821976313805,454,1,9.23099994659424,35.0660018920898,0.0280349999666214,0,107.82869720459,-87.764,27.6435,15.8934088627571,63,63,63,63,61,63,0,7591,0.941689079772035,28,-88,0.001869,51,2025-06-25 21:31:44.002298,454,1.037,0.0011,"aoml_navis",1029.18357830119
"7901009",74,0,1,0.028035,1,0.005607,1,112.331315399758,1,4.85817298702626,456,1,9.19400024414062,35.0589981079102,0.0280349999666214,0,108.320899963379,-87.764,27.6435,15.8934088627571,63,63,63,63,61,63,0,7591,0.941689079772035,28,-88,0.001869,51,2025-06-25 21:31:44.002298,456,1.037,0.0011,"aoml_navis",1029.19348762436
"7901009",74,0,1,0.031773,1,0.009345,1,113.025604953884,1,4.85812263628174,458,1,9.14799976348877,35.0509986877441,0.0317730009555817,0,108.99040222168,-87.764,27.6435,15.8934088627571,63,63,63,63,61,63,0,7591,0.941689079772035,28,-88,0.001869,51,2025-06-25 21:31:44.002298,458,1.037,0.0011,"aoml_navis",1029.20415443173
"7901009",74,0,1,0.026166,1,0.003738,1,113.74135938739,1,4.85805123385842,460,1,9.05300045013428,35.0379981994629,0.0261659994721413,0,109.680603027344,-87.764,27.6435,15.8934088627571,63,63,63,63,61,63,0,7591,0.941689079772035,28,-88,0.001869,51,2025-06-25 21:31:44.002298,460,1.037,0.0011,"aoml_navis",1029.21928141726
"7901009",74,0,1,0.026166,1,0.003738,1,114.345944259457,1,4.85797399388069,462,1,8.94099998474121,35.0229988098145,0.0261659994721413,0,110.263603210449,-87.764,27.6435,15.8934088627571,63,63,63,63,61,63,0,7591,0.941689079772035,28,-88,0.001869,51,2025-06-25 21:31:44.002298,462,1.037,0.0011,"aoml_navis",1029.23564562063
"7901009",74,0,1,0.026166,1,0.003738,1,114.748824142602,1,4.85791097055211,464,1,8.85999965667725,35.0110015869141,0.0261659994721413,0,110.652099609375,-87.764,27.6435,15.8934088627571,63,63,63,63,61,63,0,7591,0.941689079772035,28,-88,0.001869,51,2025-06-25 21:31:44.002298,464,1.037,0.0011,"aoml_navis",1029.24899824414
"7901009",74,0,1,0.029904,1,0.007476,1,114.900439138394,1,4.85786199589607,466,1,8.83800029754639,35.007999420166,0.0299040004611015,0,110.798301696777,-87.764,27.6435,15.8934088627571,63,63,63,63,61,63,0,7591,0.941689079772035,28,-88,0.001869,51,2025-06-25 21:31:44.002298,466,1.037,0.0011,"aoml_navis",1029.25937464342
"7901009",74,0,1,0.028035,1,0.005607,1,115.048936860881,1,4.85780581012358,468,1,8.79300022125244,35.0019989013672,0.0280349999666214,0,110.941497802734,-87.764,27.6435,15.8934088627571,63,63,63,63,61,63,0,7591,0.941689079772035,28,-88,0.001869,51,2025-06-25 21:31:44.002298,468,1.037,0.0011,"aoml_navis",1029.27127914008
"7901009",74,0,1,0.029904,1,0.007476,1,115.128166238737,1,4.85775501102,470,1,8.76399993896484,34.9980010986328,0.0299040004611015,0,111.01789855957,-87.764,27.6435,15.8934088627571,63,63,63,63,61,63,0,7591,0.941689079772035,28,-88,0.001869,51,2025-06-25 21:31:44.002298,470,1.037,0.0011,"aoml_navis",1029.28204256026
"7901009",74,0,1,0.026166,1,0.003738,1,115.178461940258,1,4.8577121771713,472,1,8.74499988555908,34.9939994812012,0.0261659994721413,0,111.066398620605,-87.764,27.6435,15.8934088627571,63,63,63,63,61,63,0,7591,0.941689079772035,28,-88,0.001869,51,2025-06-25 21:31:44.002298,472,1.037,0.0011,"aoml_navis",1029.29111846053
"7901009",74,0,1,0.026166,1,0.003738,1,115.180637702082,1,4.85766301578617,474,1,8.7180004119873,34.9900016784668,0.0261659994721413,0,111.068496704102,-87.764,27.6435,15.8934088627571,63,63,63,63,61,63,0,7591,0.941689079772035,28,-88,0.001869,51,2025-06-25 21:31:44.002298,474,1.037,0.0011,"aoml_navis",1029.30153527556
"7901009",74,0,1,0.028035,1,0.005607,1,115.172140363175,1,4.85760182277112,476,1,8.6569995880127,34.9819984436035,0.0280349999666214,0,111.060302734375,-87.764,27.6435,15.8934088627571,63,63,63,63,61,63,0,7591,0.941689079772035,28,-88,0.001869,51,2025-06-25 21:31:44.002298,476,1.037,0.0011,"aoml_navis",1029.31450176944
"7901009",74,0,1,0.026166,1,0.003738,1,114.982255694856,1,4.8575498637204,478,1,8.63099956512451,34.9790000915527,0.0261659994721413,0,110.877197265625,-87.764,27.6435,15.8934088627571,63,63,63,63,61,63,0,7591,0.941689079772035,28,-88,0.001869,51,2025-06-25 21:31:44.002298,478,1.037,0.0011,"aoml_navis",1029.32551188893
"7901009",74,0,1,0.029904,1,0.007476,1,114.623033461702,1,4.85750232432461,480,1,8.63399982452393,34.9809989929199,0.0299040004611015,0,110.530799865723,-87.764,27.6435,15.8934088627571,63,63,63,63,61,63,0,7591,0.941689079772035,28,-88,0.001869,51,2025-06-25 21:31:44.002298,480,1.037,0.0011,"aoml_navis",1029.33558569016
"7901009",74,0,1,0.029904,1,0.007476,1,113.894833670559,1,4.85745320075952,482,1,8.63500022888184,34.9830017089844,0.0299040004611015,0,109.828598022461,-87.764,27.6435,15.8934088627571,63,63,63,63,61,63,0,7591,0.941689079772035,28,-88,0.001869,51,2025-06-25 21:31:44.002298,482,1.037,0.0011,"aoml_navis",1029.34599539079
"7901009",74,0,1,0.028035,1,0.005607,1,113.169331824079,1,4.85739223057433,484,1,8.64900016784668,34.9910011291504,0.0280349999666214,0,109.128997802734,-87.764,27.6435,15.8934088627571,63,63,63,63,61,63,0,7591,0.941689079772035,28,-88,0.001869,51,2025-06-25 21:31:44.002298,484,1.037,0.0011,"aoml_navis",1029.35891578367
"7901009",74,0,1,0.024297,1,0.001869,1,112.814880443217,1,4.85733892251688,486,1,8.6540002822876,34.9949989318848,0.0242970008403063,0,108.787200927734,-87.764,27.6435,15.8934088627571,63,63,63,63,61,63,0,7591,0.941689079772035,28,-88,0.001869,51,2025-06-25 21:31:44.002298,486,1.037,0.0011,"aoml_navis",1029.37021273558
"7901009",74,0,1,0.028035,1,0.005607,1,112.509577544004,1,4.85727852740667,488,1,8.63599967956543,34.9959983825684,0.0280349999666214,0,108.492797851562,-87.764,27.6435,15.8934088627571,63,63,63,63,61,63,0,7591,0.941689079772035,28,-88,0.001869,51,2025-06-25 21:31:44.002298,488,1.037,0.0011,"aoml_navis",1029.38301186313
"7901009",74,0,1,0.029904,1,0.007476,1,112.493714262338,1,4.85721576857636,490,1,8.61499977111816,34.9970016479492,0.0299040004611015,0,108.477500915527,-87.764,27.6435,15.8934088627571,63,63,63,63,61,63,0,7591,0.941689079772035,28,-88,0.001869,51,2025-06-25 21:31:44.002298,490,1.037,0.0011,"aoml_navis",1029.39631225514
"7901009",74,0,1,0.031773,1,0.009345,1,112.590365558513,1,4.85716852429481,492,1,8.60900020599365,34.9970016479492,0.0317730009555817,0,108.570701599121,-87.764,27.6435,15.8934088627571,63,63,63,63,61,63,0,7591,0.941689079772035,28,-88,0.001869,51,2025-06-25 21:31:44.002298,492,1.037,0.0011,"aoml_navis",1029.40632489706
"7901009",74,0,1,0.029904,1,0.007476,1,113.242136770657,1,4.85711135723886,494,1,8.58100032806396,34.9949989318848,0.0299040004611015,0,109.199203491211,-87.764,27.6435,15.8934088627571,63,63,63,63,61,63,0,7591,0.941689079772035,28,-88,0.001869,51,2025-06-25 21:31:44.002298,494,1.037,0.0011,"aoml_navis",1029.41844076689
"7901009",74,0,1,0.028035,1,0.005607,1,114.30539597091,1,4.85703680852211,496,1,8.47900009155273,34.9819984436035,0.0280349999666214,0,110.224502563477,-87.764,27.6435,15.8934088627571,63,63,63,63,61,63,0,7591,0.941689079772035,28,-88,0.001869,51,2025-06-25 21:31:44.002298,496,1.037,0.0011,"aoml_navis",1029.43424089911
"7901009",74,0,1,0.031773,1,0.009345,1,115.051943368129,1,4.8569586765924,498,1,8.36699962615967,34.9679985046387,0.0317730009555817,0,110.944396972656,-87.764,27.6435,15.8934088627571,63,63,63,63,61,63,0,7591,0.941689079772035,28,-88,0.001869,51,2025-06-25 21:31:44.002298,498,1.037,0.0011,"aoml_navis",1029.45080099136
"7901009",74,0,1,0.033642,1,0.011214,1,115.63288759899,1,4.85689415336272,500,1,8.29100036621094,34.9580001831055,0.0336420014500618,0,111.504600524902,-87.764,27.6435,15.8934088627571,63,63,63,63,61,63,0,7591,0.941689079772035,28,-88,0.001869,51,2025-06-25 21:31:44.002298,500,1.037,0.0011,"aoml_navis",1029.46447711614
"7901009",74,0,1,0.031773,1,0.009345,1,115.998233612698,1,4.85684918704408,502,1,8.26399993896484,34.9529991149902,0.0317730009555817,0,111.856903076172,-87.764,27.6435,15.8934088627571,63,63,63,63,61,63,0,7591,0.941689079772035,28,-88,0.001869,51,2025-06-25 21:31:44.002298,502,1.037,0.0011,"aoml_navis",1029.47400823929
"7901009",74,0,1,0.031773,1,0.009345,1,116.347914141268,1,4.8567845567438,504,1,8.19699954986572,34.9449996948242,0.0317730009555817,0,112.19409942627,-87.764,27.6435,15.8934088627571,63,63,63,63,61,63,0,7591,0.941689079772035,28,-88,0.001869,51,2025-06-25 21:31:44.002298,504,1.037,0.0011,"aoml_navis",1029.48770767634
"7901009",74,0,1,0.031773,1,0.009345,1,116.391888265707,1,4.85673231345862,506,1,8.17000007629395,34.9420013427734,0.0317730009555817,0,112.236503601074,-87.764,27.6435,15.8934088627571,63,63,63,63,61,63,0,7591,0.941689079772035,28,-88,0.001869,51,2025-06-25 21:31:44.002298,506,1.037,0.0011,"aoml_navis",1029.49878175175
"7901009",74,0,1,0.029904,1,0.007476,1,116.486672362643,1,4.85668727942011,508,1,8.16199970245361,34.9410018920898,0.0299040004611015,0,112.327903747559,-87.764,27.6435,15.8934088627571,63,63,63,63,61,63,0,7591,0.941689079772035,28,-88,0.001869,51,2025-06-25 21:31:44.002298,508,1.037,0.0011,"aoml_navis",1029.5083278652
"7901009",74,0,1,0.033642,1,0.011214,1,116.804515561825,1,4.85664100846194,510,1,8.16199970245361,34.9420013427734,0.0336420014500618,0,112.634399414062,-87.764,27.6435,15.8934088627571,63,63,63,63,61,63,0,7591,0.941689079772035,28,-88,0.001869,51,2025-06-25 21:31:44.002298,510,1.037,0.0011,"aoml_navis",1029.51813635974
"7901009",74,0,1,0.026166,1,0.003738,1,117.323960895735,1,4.85657679713823,512,1,8.10000038146973,34.935001373291,0.0261659994721413,0,113.135299682617,-87.764,27.6435,15.8934088627571,63,63,63,63,61,63,0,7591,0.941689079772035,28,-88,0.001869,51,2025-06-25 21:31:44.002298,512,1.037,0.0011,"aoml_navis",1029.53174815361
"7901009",74,0,1,0.026166,1,0.003738,1,117.757855274705,1,4.85651645987657,514,1,8.03800010681152,34.9269981384277,0.0261659994721413,0,113.553703308105,-87.764,27.6435,15.8934088627571,63,63,63,63,61,63,0,7591,0.941689079772035,28,-88,0.001869,51,2025-06-25 21:31:44.002298,514,1.037,0.0011,"aoml_navis",1029.5445390351
"7901009",74,0,1,0.031773,1,0.009345,1,118.099655589541,1,4.85645683629593,516.099975585938,1,7.99900007247925,34.9230003356934,0.0317730009555817,0,113.88330078125,-87.764,27.6435,15.8934088627571,63,63,63,63,61,63,0,7591,0.941689079772035,28,-88,0.001869,51,2025-06-25 21:31:44.002298,516.099975585938,1.037,0.0011,"aoml_navis",1029.55717893573
"7901009",74,0,1,0.031773,1,0.009345,1,118.199724809745,1,4.85640550712523,518,1,8.00899982452393,34.9280014038086,0.0317730009555817,0,113.979797363281,-87.764,27.6435,15.8934088627571,63,63,63,63,61,63,0,7591,0.941689079772035,28,-88,0.001869,51,2025-06-25 21:31:44.002298,518,1.037,0.0011,"aoml_navis",1029.56806071159
"7901009",74,0,1,0.029904,1,0.007476,1,118.227827740656,1,4.85635781266053,520,1,8.01200008392334,34.9300003051758,0.0299040004611015,0,114.006896972656,-87.764,27.6435,15.8934088627571,63,63,63,63,61,63,0,7591,0.941689079772035,28,-88,0.001869,51,2025-06-25 21:31:44.002298,520,1.037,0.0011,"aoml_navis",1029.57817213653
"7901009",74,0,1,0.029904,1,0.007476,1,118.291193836846,1,4.85631141335148,522,1,8.00699996948242,34.9300003051758,0.0299040004611015,0,114.068000793457,-87.764,27.6435,15.8934088627571,63,63,63,63,61,63,0,7591,0.941689079772035,28,-88,0.001869,51,2025-06-25 21:31:44.002298,522,1.037,0.0011,"aoml_navis",1029.58800917369
"7901009",74,0,1,0.031773,1,0.009345,1,118.376847645981,1,4.85626653573197,524,1,8.00399971008301,34.9300003051758,0.0317730009555817,0,114.150596618652,-87.764,27.6435,15.8934088627571,63,63,63,63,61,63,0,7591,0.941689079772035,28,-88,0.001869,51,2025-06-25 21:31:44.002298,524,1.037,0.0011,"aoml_navis",1029.5975237789
"7901009",74,0,1,0.028035,1,0.005607,1,118.389609478064,1,4.85622090043951,526,1,8,34.9300003051758,0.0280349999666214,0,114.162902832031,-87.764,27.6435,15.8934088627571,63,63,63,63,61,63,0,7591,0.941689079772035,28,-88,0.001869,51,2025-06-25 21:31:44.002298,526,1.037,0.0011,"aoml_navis",1029.60719920041
"7901009",74,0,1,0.029904,1,0.007476,1,118.381104227296,1,4.85617386123585,528,1,7.99900007247925,34.9309997558594,0.0299040004611015,0,114.15470123291,-87.764,27.6435,15.8934088627571,63,63,63,63,61,63,0,7591,0.941689079772035,28,-88,0.001869,51,2025-06-25 21:31:44.002298,528,1.037,0.0011,"aoml_navis",1029.61717246416
"7901009",74,0,1,0.029904,1,0.007476,1,118.502124055904,1,4.85612485383902,530,1,7.97599983215332,34.9280014038086,0.0299040004611015,0,114.27140045166,-87.764,27.6435,15.8934088627571,63,63,63,63,61,63,0,7591,0.941689079772035,28,-88,0.001869,51,2025-06-25 21:31:44.002298,530,1.037,0.0011,"aoml_navis",1029.62756323022
"7901009",74,0,1,0.031773,1,0.009345,1,118.666904388699,1,4.856074365426,532,1,7.95100021362305,34.9249992370605,0.0317730009555817,0,114.430297851562,-87.764,27.6435,15.8934088627571,63,63,63,63,61,63,0,7591,0.941689079772035,28,-88,0.001869,51,2025-06-25 21:31:44.002298,532,1.037,0.0011,"aoml_navis",1029.63826822726
"7901009",74,0,1,0.029904,1,0.007476,1,118.845380153197,1,4.8560147116614,534,1,7.90899991989136,34.9210014343262,0.0299040004611015,0,114.602401733398,-87.764,27.6435,15.8934088627571,63,63,63,63,61,63,0,7591,0.941689079772035,28,-88,0.001869,51,2025-06-25 21:31:44.002298,534,1.037,0.0011,"aoml_navis",1029.65091682956
"7901009",74,0,1,0.031773,1,0.009345,1,118.852223913118,1,4.85596287008574,536,1,7.88700008392334,34.9189987182617,0.0317730009555817,0,114.609001159668,-87.764,27.6435,15.8934088627571,63,63,63,63,61,63,0,7591,0.941689079772035,28,-88,0.001869,51,2025-06-25 21:31:44.002298,536,1.037,0.0011,"aoml_navis",1029.66190923773
"7901009",74,0,1,0.028035,1,0.005607,1,118.837397085266,1,4.85591564696766,538,1,7.87599992752075,34.9179992675781,0.0280349999666214,0,114.594703674316,-87.764,27.6435,15.8934088627571,63,63,63,63,61,63,0,7591,0.941689079772035,28,-88,0.001869,51,2025-06-25 21:31:44.002298,538,1.037,0.0011,"aoml_navis",1029.67192255951
"7901009",74,0,1,0.031773,1,0.009345,1,118.948669500901,1,4.85586314802578,540,1,7.85799980163574,34.9169998168945,0.0317730009555817,0,114.702003479004,-87.764,27.6435,15.8934088627571,63,63,63,63,61,63,0,7591,0.941689079772035,28,-88,0.001869,51,2025-06-25 21:31:44.002298,540,1.037,0.0011,"aoml_navis",1029.68305481031
"7901009",74,0,1,0.028035,1,0.005607,1,119.06305127798,1,4.8558120079673,542,1,7.83199977874756,34.9140014648438,0.0280349999666214,0,114.812301635742,-87.764,27.6435,15.8934088627571,63,63,63,63,61,63,0,7591,0.941689079772035,28,-88,0.001869,51,2025-06-25 21:31:44.002298,542,1.037,0.0011,"aoml_navis",1029.69389914521
"7901009",74,0,1,0.029904,1,0.007476,1,119.053201010811,1,4.85575810966134,544,1,7.81699991226196,34.9140014648438,0.0299040004611015,0,114.802803039551,-87.764,27.6435,15.8934088627571,63,63,63,63,61,63,0,7591,0.941689079772035,28,-88,0.001869,51,2025-06-25 21:31:44.002298,544,1.037,0.0011,"aoml_navis",1029.70532861834
"7901009",74,0,1,0.028035,1,0.005607,1,119.133150368035,1,4.85570346761639,546,1,7.80100011825562,34.9140014648438,0.0280349999666214,0,114.879898071289,-87.764,27.6435,15.8934088627571,63,63,63,63,61,63,0,7591,0.941689079772035,28,-88,0.001869,51,2025-06-25 21:31:44.002298,546,1.037,0.0011,"aoml_navis",1029.71691606498
"7901009",74,0,1,0.029904,1,0.007476,1,119.096233623769,1,4.85564877958806,548,1,7.78000020980835,34.9129981994629,0.0299040004611015,0,114.844299316406,-87.764,27.6435,15.8934088627571,63,63,63,63,61,63,0,7591,0.941689079772035,28,-88,0.001869,51,2025-06-25 21:31:44.002298,548,1.037,0.0011,"aoml_navis",1029.72851352403
"7901009",74,0,1,0.028035,1,0.005607,1,119.033389710417,1,4.85560166553319,550,1,7.77400016784668,34.9129981994629,0.0280349999666214,0,114.783699035645,-87.764,27.6435,15.8934088627571,63,63,63,63,61,63,0,7591,0.941689079772035,28,-88,0.001869,51,2025-06-25 21:31:44.002298,550,1.037,0.0011,"aoml_navis",1029.73850501202
"7901009",74,0,1,0.029904,1,0.007476,1,118.955616115017,1,4.85555598764842,552,1,7.7649998664856,34.9119987487793,0.0299040004611015,0,114.708702087402,-87.764,27.6435,15.8934088627571,63,63,63,63,61,63,0,7591,0.941689079772035,28,-88,0.001869,51,2025-06-25 21:31:44.002298,552,1.037,0.0011,"aoml_navis",1029.74819211621
"7901009",74,0,1,0.031773,1,0.009345,1,118.969612197445,1,4.855509498335,554,1,7.75,34.9099998474121,0.0317730009555817,0,114.722198486328,-87.764,27.6435,15.8934088627571,63,63,63,63,61,63,0,7591,0.941689079772035,28,-88,0.001869,51,2025-06-25 21:31:44.002298,554,1.037,0.0011,"aoml_navis",1029.75805149069
"7901009",74,0,1,0.029904,1,0.007476,1,119.12413084629,1,4.85545120839119,556,1,7.73400020599365,34.9109992980957,0.0299040004611015,0,114.871200561523,-87.764,27.6435,15.8934088627571,63,63,63,63,61,63,0,7591,0.941689079772035,28,-88,0.001869,51,2025-06-25 21:31:44.002298,556,1.037,0.0011,"aoml_navis",1029.77041378956
"7901009",74,0,1,0.029904,1,0.007476,1,119.275848696277,1,4.85540860219051,558,1,7.73400020599365,34.9109992980957,0.0299040004611015,0,115.017501831055,-87.764,27.6435,15.8934088627571,63,63,63,63,61,63,0,7591,0.941689079772035,28,-88,0.001869,51,2025-06-25 21:31:44.002298,558,1.037,0.0011,"aoml_navis",1029.77945002286
"7901009",74,0,1,0.026166,1,0.003738,1,119.465416890148,1,4.85535550529227,560,1,7.71999979019165,34.9109992980957,0.0261659994721413,0,115.200302124023,-87.764,27.6435,15.8934088627571,63,63,63,63,61,63,0,7591,0.941689079772035,28,-88,0.001869,51,2025-06-25 21:31:44.002298,560,1.037,0.0011,"aoml_navis",1029.79071142166
"7901009",74,0,1,0.026166,1,0.003738,1,119.73711811493,1,4.85528212307091,562,1,7.66900014877319,34.9090003967285,0.0261659994721413,0,115.462303161621,-87.764,27.6435,15.8934088627571,63,63,63,63,61,63,0,7591,0.941689079772035,28,-88,0.001869,51,2025-06-25 21:31:44.002298,562,1.037,0.0011,"aoml_navis",1029.80627556974
"7901009",74,0,1,0.028035,1,0.005607,1,119.934352902285,1,4.85520963428924,564,1,7.62400007247925,34.9080009460449,0.0280349999666214,0,115.652496337891,-87.764,27.6435,15.8934088627571,63,63,63,63,61,63,0,7591,0.941689079772035,28,-88,0.001869,51,2025-06-25 21:31:44.002298,564,1.037,0.0011,"aoml_navis",1029.82165068388
"7901009",74,0,1,0.031773,1,0.009345,1,120.054549897331,1,4.85516552801451,566,1,7.62200021743774,34.9080009460449,0.0317730009555817,0,115.768402099609,-87.764,27.6435,15.8934088627571,63,63,63,63,61,63,0,7591,0.941689079772035,28,-88,0.001869,51,2025-06-25 21:31:44.002298,566,1.037,0.0011,"aoml_navis",1029.83100599759
"7901009",74,0,1,0.031773,1,0.009345,1,120.214045106858,1,4.85512136443502,568,1,7.6100001335144,34.9059982299805,0.0317730009555817,0,115.922203063965,-87.764,27.6435,15.8934088627571,63,63,63,63,61,63,0,7591,0.941689079772035,28,-88,0.001869,51,2025-06-25 21:31:44.002298,568,1.037,0.0011,"aoml_navis",1029.84037363644
"7901009",74,0,1,0.028035,1,0.005607,1,120.486466311006,1,4.85505041636748,570,1,7.55700016021729,34.9029998779297,0.0280349999666214,0,116.184898376465,-87.764,27.6435,15.8934088627571,63,63,63,63,61,63,0,7591,0.941689079772035,28,-88,0.001869,51,2025-06-25 21:31:44.002298,570,1.037,0.0011,"aoml_navis",1029.85542295171
"7901009",74,0,1,0.031773,1,0.009345,1,120.68308397319,1,4.85498775781147,572,1,7.52500009536743,34.9020004272461,0.0317730009555817,0,116.374496459961,-87.764,27.6435,15.8934088627571,63,63,63,63,61,63,0,7591,0.941689079772035,28,-88,0.001869,51,2025-06-25 21:31:44.002298,572,1.037,0.0011,"aoml_navis",1029.86871428362
"7901009",74,0,1,0.033642,1,0.011214,1,120.855649577386,1,4.85492810769992,574,1,7.5019998550415,34.9020004272461,0.0336420014500618,0,116.540901184082,-87.764,27.6435,15.8934088627571,63,63,63,63,61,63,0,7591,0.941689079772035,28,-88,0.001869,51,2025-06-25 21:31:44.002298,574,1.037,0.0011,"aoml_navis",1029.8813677735
"7901009",74,0,1,0.031773,1,0.009345,1,120.975324389594,1,4.85487364305284,576,1,7.48099994659424,34.9010009765625,0.0317730009555817,0,116.656303405762,-87.764,27.6435,15.8934088627571,63,63,63,63,61,63,0,7591,0.941689079772035,28,-88,0.001869,51,2025-06-25 21:31:44.002298,576,1.037,0.0011,"aoml_navis",1029.89292155004
"7901009",74,0,1,0.031773,1,0.009345,1,121.116044752541,1,4.85482067089166,578,1,7.46199989318848,34.9000015258789,0.0317730009555817,0,116.791999816895,-87.764,27.6435,15.8934088627571,63,63,63,63,61,63,0,7591,0.941689079772035,28,-88,0.001869,51,2025-06-25 21:31:44.002298,578,1.037,0.0011,"aoml_navis",1029.904158969
"7901009",74,0,1,0.029904,1,0.007476,1,121.197655600612,1,4.85477066194338,580,1,7.4520001411438,34.9000015258789,0.0299040004611015,0,116.870697021484,-87.764,27.6435,15.8934088627571,63,63,63,63,61,63,0,7591,0.941689079772035,28,-88,0.001869,51,2025-06-25 21:31:44.002298,580,1.037,0.0011,"aoml_navis",1029.91476800234
"7901009",74,0,1,0.031773,1,0.009345,1,121.305612946413,1,4.85472139378248,582,1,7.44299983978271,34.9000015258789,0.0317730009555817,0,116.974800109863,-87.764,27.6435,15.8934088627571,63,63,63,63,61,63,0,7591,0.941689079772035,28,-88,0.001869,51,2025-06-25 21:31:44.002298,582,1.037,0.0011,"aoml_navis",1029.92522009679
"7901009",74,0,1,0.033642,1,0.011214,1,121.508868660126,1,4.85467657001799,584,1,7.42999982833862,34.8979988098145,0.0336420014500618,0,117.170799255371,-87.764,27.6435,15.8934088627571,63,63,63,63,61,63,0,7591,0.941689079772035,28,-88,0.001869,51,2025-06-25 21:31:44.002298,584,1.037,0.0011,"aoml_navis",1029.93472951
"7901009",74,0,1,0.029904,1,0.007476,1,121.707456375743,1,4.85462436299531,586,1,7.41699981689453,34.8979988098145,0.0299040004611015,0,117.362297058105,-87.764,27.6435,15.8934088627571,63,63,63,63,61,63,0,7591,0.941689079772035,28,-88,0.001869,51,2025-06-25 21:31:44.002298,586,1.037,0.0011,"aoml_navis",1029.9458055113
"7901009",74,0,1,0.028035,1,0.005607,1,121.981855545187,1,4.85457511368789,588,1,7.40299987792969,34.8969993591309,0.0280349999666214,0,117.626899719238,-87.764,27.6435,15.8934088627571,63,63,63,63,61,63,0,7591,0.941689079772035,28,-88,0.001869,51,2025-06-25 21:31:44.002298,588,1.037,0.0011,"aoml_navis",1029.95625423574
"7901009",74,0,1,0.029904,1,0.007476,1,122.340144178721,1,4.85453249261184,590,1,7.39799976348877,34.8959999084473,0.0299040004611015,0,117.972396850586,-87.764,27.6435,15.8934088627571,63,63,63,63,61,63,0,7591,0.941689079772035,28,-88,0.001869,51,2025-06-25 21:31:44.002298,590,1.037,0.0011,"aoml_navis",1029.96529688689
"7901009",74,0,1,0.028035,1,0.005607,1,123.057037920238,1,4.85446857102384,592,1,7.35900020599365,34.8940010070801,0.0280349999666214,0,118.663696289062,-87.764,27.6435,15.8934088627571,63,63,63,63,61,63,0,7591,0.941689079772035,28,-88,0.001869,51,2025-06-25 21:31:44.002298,592,1.037,0.0011,"aoml_navis",1029.97885903409
"7901009",74,0,1,0.029904,1,0.007476,1,123.735875609479,1,4.85439896226639,594.099975585938,1,7.30999994277954,34.890998840332,0.0299040004611015,0,119.318298339844,-87.764,27.6435,15.8934088627571,63,63,63,63,61,63,0,7591,0.941689079772035,28,-88,0.001869,51,2025-06-25 21:31:44.002298,594.099975585938,1.037,0.0011,"aoml_navis",1029.99362822574
"7901009",74,0,1,0.029904,1,0.007476,1,124.411501083081,1,4.85434319728191,596,1,7.27400016784668,34.8880004882812,0.0299040004611015,0,119.969802856445,-87.764,27.6435,15.8934088627571,63,63,63,63,61,63,0,7591,0.941689079772035,28,-88,0.001869,51,2025-06-25 21:31:44.002298,596,1.037,0.0011,"aoml_navis",1030.00546042967
"7901009",74,0,1,0.029904,1,0.007476,1,125.030390600161,1,4.8542890131233,598,1,7.24300003051758,34.8849983215332,0.0299040004611015,0,120.566596984863,-87.764,27.6435,15.8934088627571,63,63,63,63,61,63,0,7591,0.941689079772035,28,-88,0.001869,51,2025-06-25 21:31:44.002298,598,1.037,0.0011,"aoml_navis",1030.01695747467
"7901009",74,0,1,0.029904,1,0.007476,1,125.605424670721,1,4.85423043826422,600,1,7.21099996566772,34.882999420166,0.0299040004611015,0,121.121101379395,-87.764,27.6435,15.8934088627571,63,63,63,63,61,63,0,7591,0.941689079772035,28,-88,0.001869,51,2025-06-25 21:31:44.002298,600,1.037,0.0011,"aoml_navis",1030.02938644749
"7901009",74,0,1,0.024297,1,0.001869,1,126.092510492404,1,4.85415745837572,602,1,7.15399980545044,34.8800010681152,0.0242970008403063,0,121.590797424316,-87.764,27.6435,15.8934088627571,63,63,63,63,61,63,0,7591,0.941689079772035,28,-88,0.001869,51,2025-06-25 21:31:44.002298,602,1.037,0.0011,"aoml_navis",1030.04487243664
"7901009",74,0,1,0.028035,1,0.005607,1,126.465531011456,1,4.85409540123992,604,1,7.11700010299683,34.8779983520508,0.0280349999666214,0,121.950500488281,-87.764,27.6435,15.8934088627571,63,63,63,63,61,63,0,7591,0.941689079772035,28,-88,0.001869,51,2025-06-25 21:31:44.002298,604,1.037,0.0011,"aoml_navis",1030.05804103537
"7901009",74,0,1,0.029904,1,0.007476,1,126.87256462172,1,4.85402337783841,606,1,7.06099987030029,34.875,0.0299040004611015,0,122.343002319336,-87.764,27.6435,15.8934088627571,63,63,63,63,61,63,0,7591,0.941689079772035,28,-88,0.001869,51,2025-06-25 21:31:44.002298,606,1.037,0.0011,"aoml_navis",1030.07332490982
"7901009",74,0,1,0.031773,1,0.009345,1,126.985909944984,1,4.85396198387035,608,1,7.03499984741211,34.875,0.0317730009555817,0,122.452301025391,-87.764,27.6435,15.8934088627571,63,63,63,63,61,63,0,7591,0.941689079772035,28,-88,0.001869,51,2025-06-25 21:31:44.002298,608,1.037,0.0011,"aoml_navis",1030.08635350152
"7901009",74,0,1,0.033642,1,0.011214,1,127.062235669788,1,4.85392012155167,610,1,7.0310001373291,34.8740005493164,0.0336420014500618,0,122.525901794434,-87.764,27.6435,15.8934088627571,63,63,63,63,61,63,0,7591,0.941689079772035,28,-88,0.001869,51,2025-06-25 21:31:44.002298,610,1.037,0.0011,"aoml_navis",1030.09523741434
"7901009",74,0,1,0.028035,1,0.005607,1,127.164480651816,1,4.8538760094845,612,1,7.02899980545044,34.8740005493164,0.0280349999666214,0,122.624496459961,-87.764,27.6435,15.8934088627571,63,63,63,63,61,63,0,7591,0.941689079772035,28,-88,0.001869,51,2025-06-25 21:31:44.002298,612,1.037,0.0011,"aoml_navis",1030.10459892877
"7901009",74,0,1,0.031773,1,0.009345,1,127.338810601056,1,4.85382336408349,614,1,7.01000022888184,34.8730010986328,0.0317730009555817,0,122.792602539062,-87.764,27.6435,15.8934088627571,63,63,63,63,61,63,0,7591,0.941689079772035,28,-88,0.001869,51,2025-06-25 21:31:44.002298,614,1.037,0.0011,"aoml_navis",1030.11577161999
"7901009",74,0,1,0.026166,1,0.003738,1,127.507428186523,1,4.85373693058693,616,1,6.94899988174438,34.8730010986328,0.0261659994721413,0,122.955200195312,-87.764,27.6435,15.8934088627571,63,63,63,63,61,63,0,7591,0.941689079772035,28,-88,0.001869,51,2025-06-25 21:31:44.002298,616,1.037,0.0011,"aoml_navis",1030.13411552887
"7901009",74,0,1,0.029904,1,0.007476,1,127.515514108649,1,4.85368615342545,618,1,6.94799995422363,34.875,0.0299040004611015,0,122.962997436523,-87.764,27.6435,15.8934088627571,63,63,63,63,61,63,0,7591,0.941689079772035,28,-88,0.001869,51,2025-06-25 21:31:44.002298,618,1.037,0.0011,"aoml_navis",1030.14489234564
"7901009",74,0,1,0.029904,1,0.007476,1,127.768654107102,1,4.85363620458361,620,1,6.94299983978271,34.8759994506836,0.0299040004611015,0,123.207099914551,-87.764,27.6435,15.8934088627571,63,63,63,63,61,63,0,7591,0.941689079772035,28,-88,0.001869,51,2025-06-25 21:31:44.002298,620,1.037,0.0011,"aoml_navis",1030.15549358194
"7901009",74,0,1,0.033642,1,0.011214,1,128.047301945999,1,4.85358290477013,622,1,6.9229998588562,34.875,0.0336420014500618,0,123.475799560547,-87.764,27.6435,15.8934088627571,63,63,63,63,61,63,0,7591,0.941689079772035,28,-88,0.001869,51,2025-06-25 21:31:44.002298,622,1.037,0.0011,"aoml_navis",1030.16680627542
"7901009",74,0,1,0.028035,1,0.005607,1,128.321803969638,1,4.85353307606756,624,1,6.91300010681152,34.875,0.0280349999666214,0,123.740501403809,-87.764,27.6435,15.8934088627571,63,63,63,63,61,63,0,7591,0.941689079772035,28,-88,0.001869,51,2025-06-25 21:31:44.002298,624,1.037,0.0011,"aoml_navis",1030.17738246282
"7901009",74,0,1,0.029904,1,0.007476,1,128.649188873404,1,4.85348563053737,626,1,6.89599990844727,34.8730010986328,0.0299040004611015,0,124.056198120117,-87.764,27.6435,15.8934088627571,63,63,63,63,61,63,0,7591,0.941689079772035,28,-88,0.001869,51,2025-06-25 21:31:44.002298,626,1.037,0.0011,"aoml_navis",1030.18745302155
"7901009",74,0,1,0.028035,1,0.005607,1,129.13555471572,1,4.85342380821632,628,1,6.86399984359741,34.8720016479492,0.0280349999666214,0,124.525199890137,-87.764,27.6435,15.8934088627571,63,63,63,63,61,63,0,7591,0.941689079772035,28,-88,0.001869,51,2025-06-25 21:31:44.002298,628,1.037,0.0011,"aoml_navis",1030.2005754238
"7901009",74,0,1,0.029904,1,0.007476,1,129.487102443529,1,4.85335122602355,630,1,6.82200002670288,34.8720016479492,0.0299040004611015,0,124.864196777344,-87.764,27.6435,15.8934088627571,63,63,63,63,61,63,0,7591,0.941689079772035,28,-88,0.001869,51,2025-06-25 21:31:44.002298,630,1.037,0.0011,"aoml_navis",1030.21598214243
"7901009",74,0,1,0.029904,1,0.007476,1,129.609578054595,1,4.85329787871717,632,1,6.80700016021729,34.8720016479492,0.0299040004611015,0,124.982299804688,-87.764,27.6435,15.8934088627571,63,63,63,63,61,63,0,7591,0.941689079772035,28,-88,0.001869,51,2025-06-25 21:31:44.002298,632,1.037,0.0011,"aoml_navis",1030.22730624595
"7901009",74,0,1,0.029904,1,0.007476,1,129.697724100001,1,4.85324808864021,634,1,6.79699993133545,34.8720016479492,0.0299040004611015,0,125.06729888916,-87.764,27.6435,15.8934088627571,63,63,63,63,61,63,0,7591,0.941689079772035,28,-88,0.001869,51,2025-06-25 21:31:44.002298,634,1.037,0.0011,"aoml_navis",1030.23787547628
"7901009",74,0,1,0.033642,1,0.011214,1,129.784936545787,1,4.85320626645631,636,1,6.79300022125244,34.8709983825684,0.0336420014500618,0,125.151397705078,-87.764,27.6435,15.8934088627571,63,63,63,63,61,63,0,7591,0.941689079772035,28,-88,0.001869,51,2025-06-25 21:31:44.002298,636,1.037,0.0011,"aoml_navis",1030.24675348301
"7901009",74,0,1,0.031773,1,0.009345,1,129.900568396933,1,4.85314922939218,638,1,6.77799987792969,34.8720016479492,0.0317730009555817,0,125.262901306152,-87.764,27.6435,15.8934088627571,63,63,63,63,61,63,0,7591,0.941689079772035,28,-88,0.001869,51,2025-06-25 21:31:44.002298,638,1.037,0.0011,"aoml_navis",1030.25886154879
"7901009",74,0,1,0.029904,1,0.007476,1,129.964963035076,1,4.85310370626807,640,1,6.77400016784668,34.8720016479492,0.0299040004611015,0,125.324996948242,-87.764,27.6435,15.8934088627571,63,63,63,63,61,63,0,7591,0.941689079772035,28,-88,0.001869,51,2025-06-25 21:31:44.002298,640,1.037,0.0011,"aoml_navis",1030.26852559161
"7901009",74,0,1,0.031773,1,0.009345,1,130.064209421718,1,4.85306117982306,642,1,6.76900005340576,34.8709983825684,0.0317730009555817,0,125.420700073242,-87.764,27.6435,15.8934088627571,63,63,63,63,61,63,0,7591,0.941689079772035,28,-88,0.001869,51,2025-06-25 21:31:44.002298,642,1.037,0.0011,"aoml_navis",1030.27755363725
"7901009",74,0,1,0.033642,1,0.011214,1,130.224843939255,1,4.85300998676992,644,1,6.75699996948242,34.8709983825684,0.0336420014500618,0,125.57559967041,-87.764,27.6435,15.8934088627571,63,63,63,63,61,63,0,7591,0.941689079772035,28,-88,0.001869,51,2025-06-25 21:31:44.002298,644,1.037,0.0011,"aoml_navis",1030.28842174873
"7901009",74,0,1,0.031773,1,0.009345,1,130.460562019389,1,4.85296163359617,646,1,6.74900007247925,34.8709983825684,0.0317730009555817,0,125.80290222168,-87.764,27.6435,15.8934088627571,63,63,63,63,61,63,0,7591,0.941689079772035,28,-88,0.001869,51,2025-06-25 21:31:44.002298,646,1.037,0.0011,"aoml_navis",1030.29868717401
"7901009",74,0,1,0.031773,1,0.009345,1,130.797282919347,1,4.85290178758232,648,1,6.73000001907349,34.8720016479492,0.0317730009555817,0,126.127601623535,-87.764,27.6435,15.8934088627571,63,63,63,63,61,63,0,7591,0.941689079772035,28,-88,0.001869,51,2025-06-25 21:31:44.002298,648,1.037,0.0011,"aoml_navis",1030.31139282358
"7901009",74,0,1,0.029904,1,0.007476,1,131.053318658992,1,4.85284653529818,650,1,6.70699977874756,34.8709983825684,0.0299040004611015,0,126.374496459961,-87.764,27.6435,15.8934088627571,63,63,63,63,61,63,0,7591,0.941689079772035,28,-88,0.001869,51,2025-06-25 21:31:44.002298,650,1.037,0.0011,"aoml_navis",1030.32312347639
"7901009",74,0,1,0.031773,1,0.009345,1,131.341611056668,1,4.85279819562821,652,1,6.69899988174438,34.8709983825684,0.0317730009555817,0,126.652496337891,-87.764,27.6435,15.8934088627571,63,63,63,63,61,63,0,7591,0.941689079772035,28,-88,0.001869,51,2025-06-25 21:31:44.002298,652,1.037,0.0011,"aoml_navis",1030.33338672612
"7901009",74,0,1,0.031773,1,0.009345,1,131.700738347488,1,4.85274366157281,654,1,6.67700004577637,34.8699989318848,0.0317730009555817,0,126.998802185059,-87.764,27.6435,15.8934088627571,63,63,63,63,61,63,0,7591,0.941689079772035,28,-88,0.001869,51,2025-06-25 21:31:44.002298,654,1.037,0.0011,"aoml_navis",1030.34496538386
"7901009",74,0,1,0.031773,1,0.009345,1,131.900156808529,1,4.85267840769139,656,1,6.64499998092651,34.8699989318848,0.0317730009555817,0,127.191101074219,-87.764,27.6435,15.8934088627571,63,63,63,63,61,63,0,7591,0.941689079772035,28,-88,0.001869,51,2025-06-25 21:31:44.002298,656,1.037,0.0011,"aoml_navis",1030.35882041454
"7901009",74,0,1,0.031773,1,0.009345,1,131.997219521484,1,4.85263729679553,658,1,6.64200019836426,34.8689994812012,0.0317730009555817,0,127.284698486328,-87.764,27.6435,15.8934088627571,63,63,63,63,61,63,0,7591,0.941689079772035,28,-88,0.001869,51,2025-06-25 21:31:44.002298,658,1.037,0.0011,"aoml_navis",1030.36754947702
"7901009",74,0,1,0.031773,1,0.009345,1,132.070230176453,1,4.85259320117871,660,1,6.6399998664856,34.8689994812012,0.0317730009555817,0,127.355102539062,-87.764,27.6435,15.8934088627571,63,63,63,63,61,63,0,7591,0.941689079772035,28,-88,0.001869,51,2025-06-25 21:31:44.002298,660,1.037,0.0011,"aoml_navis",1030.37691244869
"7901009",74,0,1,0.029904,1,0.007476,1,132.154538969187,1,4.85254488047966,662,1,6.63199996948242,34.8689994812012,0.0299040004611015,0,127.436401367188,-87.764,27.6435,15.8934088627571,63,63,63,63,61,63,0,7591,0.941689079772035,28,-88,0.001869,51,2025-06-25 21:31:44.002298,662,1.037,0.0011,"aoml_navis",1030.38717274177
"7901009",74,0,1,0.026166,1,0.003738,1,132.249528774513,1,4.85250149309782,664,1,6.63100004196167,34.8689994812012,0.0261659994721413,0,127.52799987793,-87.764,27.6435,15.8934088627571,63,63,63,63,61,63,0,7591,0.941689079772035,28,-88,0.001869,51,2025-06-25 21:31:44.002298,664,1.037,0.0011,"aoml_navis",1030.39638568107
"7901009",74,0,1,0.028035,1,0.005607,1,132.4012466245,1,4.85246038870586,666,1,6.62799978256226,34.8680000305176,0.0280349999666214,0,127.674301147461,-87.764,27.6435,15.8934088627571,63,63,63,63,61,63,0,7591,0.941689079772035,28,-88,0.001869,51,2025-06-25 21:31:44.002298,666,1.037,0.0011,"aoml_navis",1030.40511399898
"7901009",74,0,1,0.029904,1,0.007476,1,132.623269272933,1,4.85240925660957,668,1,6.61600017547607,34.8680000305176,0.0299040004611015,0,127.888397216797,-87.764,27.6435,15.8934088627571,63,63,63,63,61,63,0,7591,0.941689079772035,28,-88,0.001869,51,2025-06-25 21:31:44.002298,668,1.037,0.0011,"aoml_navis",1030.41597185757
"7901009",74,0,1,0.033642,1,0.011214,1,132.865720346931,1,4.8523546110246,670,1,6.59899997711182,34.8680000305176,0.0336420014500618,0,128.122192382812,-87.764,27.6435,15.8934088627571,63,63,63,63,61,63,0,7591,0.941689079772035,28,-88,0.001869,51,2025-06-25 21:31:44.002298,670,1.037,0.0011,"aoml_navis",1030.42757605554
"7901009",74,0,1,0.026166,1,0.003738,1,133.120324039703,1,4.85229716507378,672,1,6.57800006866455,34.8680000305176,0.0261659994721413,0,128.367706298828,-87.764,27.6435,15.8934088627571,63,63,63,63,61,63,0,7591,0.941689079772035,28,-88,0.001869,51,2025-06-25 21:31:44.002298,672,1.037,0.0011,"aoml_navis",1030.43977520366
"7901009",74,0,1,0.026166,1,0.003738,1,133.434852169051,1,4.85224745830263,674,1,6.56799983978271,34.8680000305176,0.0261659994721413,0,128.671005249023,-87.764,27.6435,15.8934088627571,63,63,63,63,61,63,0,7591,0.941689079772035,28,-88,0.001869,51,2025-06-25 21:31:44.002298,674,1.037,0.0011,"aoml_navis",1030.45033110266
"7901009",74,0,1,0.026166,1,0.003738,1,133.86873863616,1,4.85219705360995,676,1,6.55700016021729,34.8680000305176,0.0261659994721413,0,129.089401245117,-87.764,27.6435,15.8934088627571,63,63,63,63,61,63,0,7591,0.941689079772035,28,-88,0.001869,51,2025-06-25 21:31:44.002298,676,1.037,0.0011,"aoml_navis",1030.4610354355
"7901009",74,0,1,0.031773,1,0.009345,1,134.48815824794,1,4.85214262830758,678,1,6.53499984741211,34.867000579834,0.0317730009555817,0,129.686706542969,-87.764,27.6435,15.8934088627571,63,63,63,63,61,63,0,7591,0.941689079772035,28,-88,0.001869,51,2025-06-25 21:31:44.002298,678,1.037,0.0011,"aoml_navis",1030.47259386602
"7901009",74,0,1,0.031773,1,0.009345,1,135.208264205095,1,4.85206723941521,680,1,6.48299980163574,34.8660011291504,0.0317730009555817,0,130.381103515625,-87.764,27.6435,15.8934088627571,63,63,63,63,61,63,0,7591,0.941689079772035,28,-88,0.001869,51,2025-06-25 21:31:44.002298,680,1.037,0.0011,"aoml_navis",1030.48860481221
"7901009",74,0,1,0.031773,1,0.009345,1,135.588017718011,1,4.85199872753872,682,1,6.44600009918213,34.8660011291504,0.0317730009555817,0,130.747299194336,-87.764,27.6435,15.8934088627571,63,63,63,63,61,63,0,7591,0.941689079772035,28,-88,0.001869,51,2025-06-25 21:31:44.002298,682,1.037,0.0011,"aoml_navis",1030.50315566269
"7901009",74,0,1,0.028035,1,0.005607,1,135.86043892216,1,4.851946278366,684,1,6.43200016021729,34.8660011291504,0.0280349999666214,0,131.009994506836,-87.764,27.6435,15.8934088627571,63,63,63,63,61,63,0,7591,0.941689079772035,28,-88,0.001869,51,2025-06-25 21:31:44.002298,684,1.037,0.0011,"aoml_navis",1030.51429532395
"7901009",74,0,1,0.033642,1,0.011214,1,136.169064803068,1,4.85189174826837,686,1,6.41499996185303,34.8660011291504,0.0336420014500618,0,131.307601928711,-87.764,27.6435,15.8934088627571,63,63,63,63,61,63,0,7591,0.941689079772035,28,-88,0.001869,51,2025-06-25 21:31:44.002298,686,1.037,0.0011,"aoml_navis",1030.52587720748
"7901009",74,0,1,0.031773,1,0.009345,1,136.502976992307,1,4.85183514350775,688,1,6.39499998092651,34.8660011291504,0.0317730009555817,0,131.629592895508,-87.764,27.6435,15.8934088627571,63,63,63,63,61,63,0,7591,0.941689079772035,28,-88,0.001869,51,2025-06-25 21:31:44.002298,688,1.037,0.0011,"aoml_navis",1030.53790001305
"7901009",74,0,1,0.029904,1,0.007476,1,136.73050629612,1,4.85177416820249,690,1,6.37400007247925,34.867000579834,0.0299040004611015,0,131.848999023438,-87.764,27.6435,15.8934088627571,63,63,63,63,61,63,0,7591,0.941689079772035,28,-88,0.001869,51,2025-06-25 21:31:44.002298,690,1.037,0.0011,"aoml_navis",1030.55085143265
"7901009",74,0,1,0.033642,1,0.011214,1,136.856510597272,1,4.85172522373077,692,1,6.36499977111816,34.867000579834,0.0336420014500618,0,131.970504760742,-87.764,27.6435,15.8934088627571,63,63,63,63,61,63,0,7591,0.941689079772035,28,-88,0.001869,51,2025-06-25 21:31:44.002298,692,1.037,0.0011,"aoml_navis",1030.56124768649
"7901009",74,0,1,0.029904,1,0.007476,1,136.946927346837,1,4.85167697635446,694,1,6.35699987411499,34.867000579834,0.0299040004611015,0,132.057693481445,-87.764,27.6435,15.8934088627571,63,63,63,63,61,63,0,7591,0.941689079772035,28,-88,0.001869,51,2025-06-25 21:31:44.002298,694,1.037,0.0011,"aoml_navis",1030.57149607619
"7901009",74,0,1,0.029904,1,0.007476,1,137.048452349498,1,4.85163150616804,696,1,6.35300016403198,34.867000579834,0.0299040004611015,0,132.15559387207,-87.764,27.6435,15.8934088627571,63,63,63,63,61,63,0,7591,0.941689079772035,28,-88,0.001869,51,2025-06-25 21:31:44.002298,696,1.037,0.0011,"aoml_navis",1030.58115474008
"7901009",74,0,1,0.031773,1,0.009345,1,137.138995688842,1,4.85158881275436,698,1,6.35300016403198,34.867000579834,0.0317730009555817,0,132.242904663086,-87.764,27.6435,15.8934088627571,63,63,63,63,61,63,0,7591,0.941689079772035,28,-88,0.001869,51,2025-06-25 21:31:44.002298,698,1.037,0.0011,"aoml_navis",1030.59022373361
"7901009",74,0,1,0.028035,1,0.005607,1,137.279304635007,1,4.85154126454533,700,1,6.34600019454956,34.867000579834,0.0280349999666214,0,132.378204345703,-87.764,27.6435,15.8934088627571,63,63,63,63,61,63,0,7591,0.941689079772035,28,-88,0.001869,51,2025-06-25 21:31:44.002298,700,1.037,0.0011,"aoml_navis",1030.60032417731
"7901009",74,0,1,0.029904,1,0.007476,1,137.411527659047,1,4.85149371863697,702,1,6.33900022506714,34.867000579834,0.0299040004611015,0,132.505706787109,-87.764,27.6435,15.8934088627571,63,63,63,63,61,63,0,7591,0.941689079772035,28,-88,0.001869,51,2025-06-25 21:31:44.002298,702,1.037,0.0011,"aoml_navis",1030.61042433025
"7901009",74,0,1,0.026166,1,0.003738,1,137.51936632693,1,4.85144686842285,704,1,6.33300018310547,34.867000579834,0.0261659994721413,0,132.60969543457,-87.764,27.6435,15.8934088627571,63,63,63,63,61,63,0,7591,0.941689079772035,28,-88,0.001869,51,2025-06-25 21:31:44.002298,704,1.037,0.0011,"aoml_navis",1030.62037689087
"7901009",74,0,1,0.029904,1,0.007476,1,137.804130034519,1,4.85140002024342,706,1,6.3270001411438,34.867000579834,0.0299040004611015,0,132.884292602539,-87.764,27.6435,15.8934088627571,63,63,63,63,61,63,0,7591,0.941689079772035,28,-88,0.001869,51,2025-06-25 21:31:44.002298,706,1.037,0.0011,"aoml_navis",1030.63032921147
"7901009",74,0,1,0.024297,1,0.001869,1,138.158075056266,1,4.85134762973358,708,1,6.31300020217896,34.867000579834,0.0242970008403063,0,133.225601196289,-87.764,27.6435,15.8934088627571,63,63,63,63,61,63,0,7591,0.941689079772035,28,-88,0.001869,51,2025-06-25 21:31:44.002298,708,1.037,0.0011,"aoml_navis",1030.64145915979
"7901009",74,0,1,0.029904,1,0.007476,1,138.448756836018,1,4.85128532607921,710,1,6.28999996185303,34.8680000305176,0.0299040004611015,0,133.505905151367,-87.764,27.6435,15.8934088627571,63,63,63,63,61,63,0,7591,0.941689079772035,28,-88,0.001869,51,2025-06-25 21:31:44.002298,710,1.037,0.0011,"aoml_navis",1030.65469538997
"7901009",74,0,1,0.031773,1,0.009345,1,138.695765142056,1,4.85123572016322,712,1,6.28000020980835,34.8680000305176,0.0317730009555817,0,133.744094848633,-87.764,27.6435,15.8934088627571,63,63,63,63,61,63,0,7591,0.941689079772035,28,-88,0.001869,51,2025-06-25 21:31:44.002298,712,1.037,0.0011,"aoml_navis",1030.66523426567
"7901009",74,0,1,0.033642,1,0.011214,1,138.935526183254,1,4.85118704351933,714,1,6.26599979400635,34.867000579834,0.0336420014500618,0,133.975296020508,-87.764,27.6435,15.8934088627571,63,63,63,63,61,63,0,7591,0.941689079772035,28,-88,0.001869,51,2025-06-25 21:31:44.002298,714,1.037,0.0011,"aoml_navis",1030.67557592517
"7901009",74,0,1,0.028035,1,0.005607,1,139.093162105403,1,4.85113813692919,716,1,6.25699996948242,34.867000579834,0.0280349999666214,0,134.127304077148,-87.764,27.6435,15.8934088627571,63,63,63,63,61,63,0,7591,0.941689079772035,28,-88,0.001869,51,2025-06-25 21:31:44.002298,716,1.037,0.0011,"aoml_navis",1030.68596664721
"7901009",74,0,1,0.028035,1,0.005607,1,139.239800540513,1,4.85109268665392,718,1,6.25299978256226,34.867000579834,0.0280349999666214,0,134.268707275391,-87.764,27.6435,15.8934088627571,63,63,63,63,61,63,0,7591,0.941689079772035,28,-88,0.001869,51,2025-06-25 21:31:44.002298,718,1.037,0.0011,"aoml_navis",1030.69562322644
"7901009",74,0,1,0.028035,1,0.005607,1,139.397009222159,1,4.85104240411008,720,1,6.24200010299683,34.867000579834,0.0280349999666214,0,134.420303344727,-87.764,27.6435,15.8934088627571,63,63,63,63,61,63,0,7591,0.941689079772035,28,-88,0.001869,51,2025-06-25 21:31:44.002298,720,1.037,0.0011,"aoml_navis",1030.70630670301
"7901009",74,0,1,0.031773,1,0.009345,1,139.609284457617,1,4.85099050569778,722,1,6.23400020599365,34.8680000305176,0.0317730009555817,0,134.625,-87.764,27.6435,15.8934088627571,63,63,63,63,61,63,0,7591,0.941689079772035,28,-88,0.001869,51,2025-06-25 21:31:44.002298,722,1.037,0.0011,"aoml_navis",1030.71733373364
"7901009",74,0,1,0.029904,1,0.007476,1,139.870613232391,1,4.85094737120702,724,1,6.22800016403198,34.867000579834,0.0299040004611015,0,134.876998901367,-87.764,27.6435,15.8934088627571,63,63,63,63,61,63,0,7591,0.941689079772035,28,-88,0.001869,51,2025-06-25 21:31:44.002298,724,1.037,0.0011,"aoml_navis",1030.72649884385
"7901009",74,0,1,0.035511,1,0.013083,1,140.181818380044,1,4.85089778828477,726,1,6.21799993515015,34.867000579834,0.0355109982192516,0,135.177093505859,-87.764,27.6435,15.8934088627571,63,63,63,63,61,63,0,7591,0.941689079772035,28,-88,0.001869,51,2025-06-25 21:31:44.002298,726,1.037,0.0011,"aoml_navis",1030.73703430225
"7901009",74,0,1,0.029904,1,0.007476,1,140.40312896097,1,4.8508420054575,728,1,6.19899988174438,34.867000579834,0.0299040004611015,0,135.390502929688,-87.764,27.6435,15.8934088627571,63,63,63,63,61,63,0,7591,0.941689079772035,28,-88,0.001869,51,2025-06-25 21:31:44.002298,728,1.037,0.0011,"aoml_navis",1030.74888738382
"7901009",74,0,1,0.026166,1,0.003738,1,140.500919565155,1,4.85079012003402,730,1,6.19099998474121,34.8680000305176,0.0261659994721413,0,135.484802246094,-87.764,27.6435,15.8934088627571,63,63,63,63,61,63,0,7591,0.941689079772035,28,-88,0.001869,51,2025-06-25 21:31:44.002298,730,1.037,0.0011,"aoml_navis",1030.75991256553
"7901009",74,0,1,0.031773,1,0.009345,1,140.609486124266,1,4.85074468270137,732,1,6.18699979782104,34.8680000305176,0.0317730009555817,0,135.589492797852,-87.764,27.6435,15.8934088627571,63,63,63,63,61,63,0,7591,0.941689079772035,28,-88,0.001869,51,2025-06-25 21:31:44.002298,732,1.037,0.0011,"aoml_navis",1030.76956778016
"7901009",74,0,1,0.031773,1,0.009345,1,140.756852450604,1,4.85069855870539,734,1,6.18200016021729,34.8680000305176,0.0317730009555817,0,135.731597900391,-87.764,27.6435,15.8934088627571,63,63,63,63,61,63,0,7591,0.941689079772035,28,-88,0.001869,51,2025-06-25 21:31:44.002298,734,1.037,0.0011,"aoml_navis",1030.77936909245
"7901009",74,0,1,0.028035,1,0.005607,1,140.999303524603,1,4.85065406028755,736,1,6.17399978637695,34.867000579834,0.0280349999666214,0,135.965393066406,-87.764,27.6435,15.8934088627571,63,63,63,63,61,63,0,7591,0.941689079772035,28,-88,0.001869,51,2025-06-25 21:31:44.002298,736,1.037,0.0011,"aoml_navis",1030.78882514734
"7901009",74,0,1,0.031773,1,0.009345,1,141.187004519236,1,4.85060312155607,738,1,6.16200017929077,34.867000579834,0.0317730009555817,0,136.146392822266,-87.764,27.6435,15.8934088627571,63,63,63,63,61,63,0,7591,0.941689079772035,28,-88,0.001869,51,2025-06-25 21:31:44.002298,738,1.037,0.0011,"aoml_navis",1030.79965000229
"7901009",74,0,1,0.031773,1,0.009345,1,141.299115592156,1,4.85055631523629,740,1,6.1560001373291,34.867000579834,0.0317730009555817,0,136.254501342773,-87.764,27.6435,15.8934088627571,63,63,63,63,61,63,0,7591,0.941689079772035,28,-88,0.001869,51,2025-06-25 21:31:44.002298,740,1.037,0.0011,"aoml_navis",1030.8095968898
"7901009",74,0,1,0.033642,1,0.011214,1,141.418378987583,1,4.8505108868957,742,1,6.15199995040894,34.867000579834,0.0336420014500618,0,136.369506835938,-87.764,27.6435,15.8934088627571,63,63,63,63,61,63,0,7591,0.941689079772035,28,-88,0.001869,51,2025-06-25 21:31:44.002298,742,1.037,0.0011,"aoml_navis",1030.81925112428
"7901009",74,0,1,0.031773,1,0.009345,1,141.609592848581,1,4.85046133312031,744,1,6.14200019836426,34.867000579834,0.0317730009555817,0,136.553894042969,-87.764,27.6435,15.8934088627571,63,63,63,63,61,63,0,7591,0.941689079772035,28,-88,0.001869,51,2025-06-25 21:31:44.002298,744,1.037,0.0011,"aoml_navis",1030.82978228454
"7901009",74,0,1,0.029904,1,0.007476,1,141.78640712223,1,4.85041590840958,746,1,6.13800001144409,34.867000579834,0.0299040004611015,0,136.724395751953,-87.764,27.6435,15.8934088627571,63,63,63,63,61,63,0,7591,0.941689079772035,28,-88,0.001869,51,2025-06-25 21:31:44.002298,746,1.037,0.0011,"aoml_navis",1030.83943612569
"7901009",74,0,1,0.031773,1,0.009345,1,141.951401075277,1,4.8503663598134,748,1,6.12799978256226,34.867000579834,0.0317730009555817,0,136.883499145508,-87.764,27.6435,15.8934088627571,63,63,63,63,61,63,0,7591,0.941689079772035,28,-88,0.001869,51,2025-06-25 21:31:44.002298,748,1.037,0.0011,"aoml_navis",1030.84996659765
"7901009",74,0,1,0.028035,1,0.005607,1,142.12448095045,1,4.85032093905825,750,1,6.12400007247925,34.867000579834,0.0280349999666214,0,137.050399780273,-87.764,27.6435,15.8934088627571,63,63,63,63,61,63,0,7591,0.941689079772035,28,-88,0.001869,51,2025-06-25 21:31:44.002298,750,1.037,0.0011,"aoml_navis",1030.85961997616
"7901009",74,0,1,0.029904,1,0.007476,1,142.462855429395,1,4.85027483239926,752,1,6.11899995803833,34.867000579834,0.0299040004611015,0,137.376693725586,-87.764,27.6435,15.8934088627571,63,63,63,63,61,63,0,7591,0.941689079772035,28,-88,0.001869,51,2025-06-25 21:31:44.002298,752,1.037,0.0011,"aoml_navis",1030.86941931632
"7901009",74,0,1,0.033642,1,0.011214,1,142.957520814089,1,4.85022185687328,754,1,6.10400009155273,34.867000579834,0.0336420014500618,0,137.853698730469,-87.764,27.6435,15.8934088627571,63,63,63,63,61,63,0,7591,0.941689079772035,28,-88,0.001869,51,2025-06-25 21:31:44.002298,754,1.037,0.0011,"aoml_navis",1030.88067877028
"7901009",74,0,1,0.028035,1,0.005607,1,143.573000319,1,4.85016108265167,756,1,6.08300018310547,34.8680000305176,0.0280349999666214,0,138.447204589844,-87.764,27.6435,15.8934088627571,63,63,63,63,61,63,0,7591,0.941689079772035,28,-88,0.001869,51,2025-06-25 21:31:44.002298,756,1.037,0.0011,"aoml_navis",1030.89359606721
"7901009",74,0,1,0.03738,1,0.014952,1,144.244986336459,1,4.85010332934506,758,1,6.06099987030029,34.8680000305176,0.0373799987137318,0,139.095199584961,-87.764,27.6435,15.8934088627571,63,63,63,63,61,63,0,7591,0.941689079772035,28,-88,0.001869,51,2025-06-25 21:31:44.002298,758,1.037,0.0011,"aoml_navis",1030.90587158175
"7901009",74,0,1,0.026166,1,0.003738,1,145.125006831785,1,4.85003069134655,760,1,6.02799987792969,34.8699989318848,0.0261659994721413,0,139.943801879883,-87.764,27.6435,15.8934088627571,63,63,63,63,61,63,0,7591,0.941689079772035,28,-88,0.001869,51,2025-06-25 21:31:44.002298,760,1.037,0.0011,"aoml_navis",1030.92131126531
"7901009",74,0,1,0.028035,1,0.005607,1,145.850302969874,1,4.84997257956992,762,1,6,34.8689994812012,0.0280349999666214,0,140.643203735352,-87.764,27.6435,15.8934088627571,63,63,63,63,61,63,0,7591,0.941689079772035,28,-88,0.001869,51,2025-06-25 21:31:44.002298,762,1.037,0.0011,"aoml_navis",1030.93366363803
"7901009",74,0,1,0.029904,1,0.007476,1,146.264488902645,1,4.84992608647336,764,1,5.98899984359741,34.8680000305176,0.0299040004611015,0,141.042602539062,-87.764,27.6435,15.8934088627571,63,63,63,63,61,63,0,7591,0.941689079772035,28,-88,0.001869,51,2025-06-25 21:31:44.002298,764,1.037,0.0011,"aoml_navis",1030.94354653057
"7901009",74,0,1,0.028035,1,0.005607,1,146.736020005249,1,4.84988368901013,766,1,5.98400020599365,34.867000579834,0.0280349999666214,0,141.497299194336,-87.764,27.6435,15.8934088627571,63,63,63,63,61,63,0,7591,0.941689079772035,28,-88,0.001869,51,2025-06-25 21:31:44.002298,766,1.037,0.0011,"aoml_navis",1030.9525589923
"7901009",74,0,1,0.028035,1,0.005607,1,147.277555255573,1,4.8498341936732,768,1,5.97399997711182,34.867000579834,0.0280349999666214,0,142.019500732422,-87.764,27.6435,15.8934088627571,63,63,63,63,61,63,0,7591,0.941689079772035,28,-88,0.001869,51,2025-06-25 21:31:44.002298,768,1.037,0.0011,"aoml_navis",1030.96308045391
"7901009",74,0,1,0.031773,1,0.009345,1,147.991853906622,1,4.84978566734609,770,1,5.96000003814697,34.8660011291504,0.0317730009555817,0,142.708297729492,-87.764,27.6435,15.8934088627571,63,63,63,63,61,63,0,7591,0.941689079772035,28,-88,0.001869,51,2025-06-25 21:31:44.002298,770,1.037,0.0011,"aoml_navis",1030.97339613693
"7901009",74,0,1,0.029904,1,0.007476,1,148.727831057305,1,4.84971684402621,772,1,5.92700004577637,34.867000579834,0.0299040004611015,0,143.417999267578,-87.764,27.6435,15.8934088627571,63,63,63,63,61,63,0,7591,0.941689079772035,28,-88,0.001869,51,2025-06-25 21:31:44.002298,772,1.037,0.0011,"aoml_navis",1030.98802689046
"7901009",74,0,1,0.029904,1,0.007476,1,149.187953256087,1,4.84965281365152,774,1,5.90100002288818,34.8680000305176,0.0299040004611015,0,143.861694335938,-87.764,27.6435,15.8934088627571,63,63,63,63,61,63,0,7591,0.941689079772035,28,-88,0.001869,51,2025-06-25 21:31:44.002298,774,1.037,0.0011,"aoml_navis",1031.00163911224
"7901009",74,0,1,0.033642,1,0.011214,1,149.481119360249,1,4.84960131167472,776,1,5.88800001144409,34.8680000305176,0.0336420014500618,0,144.144393920898,-87.764,27.6435,15.8934088627571,63,63,63,63,61,63,0,7591,0.941689079772035,28,-88,0.001869,51,2025-06-25 21:31:44.002298,776,1.037,0.0011,"aoml_navis",1031.01258818188
"7901009",74,0,1,0.033642,1,0.011214,1,149.854559207943,1,4.8495484604795,778,1,5.8730001449585,34.8680000305176,0.0336420014500618,0,144.504501342773,-87.764,27.6435,15.8934088627571,63,63,63,63,61,63,0,7591,0.941689079772035,28,-88,0.001869,51,2025-06-25 21:31:44.002298,778,1.037,0.0011,"aoml_navis",1031.02382433057
"7901009",74,0,1,0.029904,1,0.007476,1,150.210877788044,1,4.84949192634367,780,1,5.85799980163574,34.8689994812012,0.0299040004611015,0,144.848098754883,-87.764,27.6435,15.8934088627571,63,63,63,63,61,63,0,7591,0.941689079772035,28,-88,0.001869,51,2025-06-25 21:31:44.002298,780,1.037,0.0011,"aoml_navis",1031.03584374246
"7901009",74,0,1,0.031773,1,0.009345,1,150.509439781531,1,4.84942525893852,782,1,5.82800006866455,34.8699989318848,0.0317730009555817,0,145.136001586914,-87.764,27.6435,15.8934088627571,63,63,63,63,61,63,0,7591,0.941689079772035,28,-88,0.001869,51,2025-06-25 21:31:44.002298,782,1.037,0.0011,"aoml_navis",1031.05001789314
"7901009",74,0,1,0.028035,1,0.005607,1,150.680446749075,1,4.84937716744386,784,1,5.82000017166138,34.8699989318848,0.0280349999666214,0,145.300903320312,-87.764,27.6435,15.8934088627571,63,63,63,63,61,63,0,7591,0.941689079772035,28,-88,0.001869,51,2025-06-25 21:31:44.002298,784,1.037,0.0011,"aoml_navis",1031.06024286322
"7901009",74,0,1,0.029904,1,0.007476,1,150.877689448292,1,4.84932673856373,786,1,5.81400012969971,34.8709983825684,0.0299040004611015,0,145.491104125977,-87.764,27.6435,15.8934088627571,63,63,63,63,61,63,0,7591,0.941689079772035,28,-88,0.001869,51,2025-06-25 21:31:44.002298,786,1.037,0.0011,"aoml_navis",1031.07096501419
"7901009",74,0,1,0.028035,1,0.005607,1,151.218247600922,1,4.849274601496,788,1,5.80000019073486,34.8709983825684,0.0280349999666214,0,145.81950378418,-87.764,27.6435,15.8934088627571,63,63,63,63,61,63,0,7591,0.941689079772035,28,-88,0.001869,51,2025-06-25 21:31:44.002298,788,1.037,0.0011,"aoml_navis",1031.0820505932
"7901009",74,0,1,0.029904,1,0.007476,1,151.61075503406,1,4.84920900785977,790,1,5.77699995040894,34.8730010986328,0.0299040004611015,0,146.197998046875,-87.764,27.6435,15.8934088627571,63,63,63,63,61,63,0,7591,0.941689079772035,28,-88,0.001869,51,2025-06-25 21:31:44.002298,790,1.037,0.0011,"aoml_navis",1031.09599769691
"7901009",74,0,1,0.029904,1,0.007476,1,151.869599484424,1,4.84915890965654,792,1,5.76599979400635,34.8730010986328,0.0299040004611015,0,146.447601318359,-87.764,27.6435,15.8934088627571,63,63,63,63,61,63,0,7591,0.941689079772035,28,-88,0.001869,51,2025-06-25 21:31:44.002298,792,1.037,0.0011,"aoml_navis",1031.10665027766
"7901009",74,0,1,0.029904,1,0.007476,1,152.328788083587,1,4.84911420374572,794,1,5.76300001144409,34.8730010986328,0.0299040004611015,0,146.890396118164,-87.764,27.6435,15.8934088627571,63,63,63,63,61,63,0,7591,0.941689079772035,28,-88,0.001869,51,2025-06-25 21:31:44.002298,794,1.037,0.0011,"aoml_navis",1031.11615645961
"7901009",74,0,1,0.026166,1,0.003738,1,153.04485899154,1,4.84905705495793,796,1,5.74700021743774,34.8740005493164,0.0261659994721413,0,147.580902099609,-87.764,27.6435,15.8934088627571,63,63,63,63,61,63,0,7591,0.941689079772035,28,-88,0.001869,51,2025-06-25 21:31:44.002298,796,1.037,0.0011,"aoml_navis",1031.1283087271
"7901009",74,0,1,0.033642,1,0.011214,1,153.784048357862,1,4.84899553968973,798,1,5.7189998626709,34.8740005493164,0.0336420014500618,0,148.293701171875,-87.764,27.6435,15.8934088627571,63,63,63,63,61,63,0,7591,0.941689079772035,28,-88,0.001869,51,2025-06-25 21:31:44.002298,798,1.037,0.0011,"aoml_navis",1031.1413898145
"7901009",74,0,1,0.029904,1,0.007476,1,154.321437792928,1,4.84891394040017,800,1,5.67199993133545,34.8759994506836,0.0299040004611015,0,148.811904907227,-87.764,27.6435,15.8934088627571,63,63,63,63,61,63,0,7591,0.941689079772035,28,-88,0.001869,51,2025-06-25 21:31:44.002298,800,1.037,0.0011,"aoml_navis",1031.15874223731
"7901009",74,0,1,0.028035,1,0.005607,1,154.314997537927,1,4.84885751370054,802,1,5.65700006484985,34.8769989013672,0.0280349999666214,0,148.805694580078,-87.764,27.6435,15.8934088627571,63,63,63,63,61,63,0,7591,0.941689079772035,28,-88,0.001869,51,2025-06-25 21:31:44.002298,802,1.037,0.0011,"aoml_navis",1031.17074194744
"7901009",74,0,1,0.033642,1,0.011214,1,154.27404574446,1,4.84880912151217,804,1,5.65399980545044,34.8779983520508,0.0336420014500618,0,148.766204833984,-87.764,27.6435,15.8934088627571,63,63,63,63,61,63,0,7591,0.941689079772035,28,-88,0.001869,51,2025-06-25 21:31:44.002298,804,1.037,0.0011,"aoml_navis",1031.18103325971
"7901009",74,0,1,0.028035,1,0.005607,1,154.397866371926,1,4.84876811363402,806,1,5.65100002288818,34.8769989013672,0.0280349999666214,0,148.885604858398,-87.764,27.6435,15.8934088627571,63,63,63,63,61,63,0,7591,0.941689079772035,28,-88,0.001869,51,2025-06-25 21:31:44.002298,806,1.037,0.0011,"aoml_navis",1031.18975435034
"7901009",74,0,1,0.033642,1,0.011214,1,154.605362843232,1,4.8487116975782,808,1,5.63600015640259,34.8779983520508,0.0336420014500618,0,149.085693359375,-87.764,27.6435,15.8934088627571,63,63,63,63,61,63,0,7591,0.941689079772035,28,-88,0.001869,51,2025-06-25 21:31:44.002298,808,1.037,0.0011,"aoml_navis",1031.20175251858
"7901009",74,0,1,0.035511,1,0.013083,1,155.027223281348,1,4.848640232859,810,1,5.60400009155273,34.8800010681152,0.0355109982192516,0,149.492492675781,-87.764,27.6435,15.8934088627571,63,63,63,63,61,63,0,7591,0.941689079772035,28,-88,0.001869,51,2025-06-25 21:31:44.002298,810,1.037,0.0011,"aoml_navis",1031.21695153112
"7901009",74,0,1,0.029904,1,0.007476,1,155.15208827449,1,4.84857984236757,812,1,5.58300018310547,34.8810005187988,0.0299040004611015,0,149.612899780273,-87.764,27.6435,15.8934088627571,63,63,63,63,61,63,0,7591,0.941689079772035,28,-88,0.001869,51,2025-06-25 21:31:44.002298,812,1.037,0.0011,"aoml_navis",1031.22979564228
"7901009",74,0,1,0.029904,1,0.007476,1,155.238375032518,1,4.84853514798379,814,1,5.57999992370605,34.8810005187988,0.0299040004611015,0,149.696105957031,-87.764,27.6435,15.8934088627571,63,63,63,63,61,63,0,7591,0.941689079772035,28,-88,0.001869,51,2025-06-25 21:31:44.002298,814,1.037,0.0011,"aoml_navis",1031.23930164334
"7901009",74,0,1,0.029904,1,0.007476,1,155.33990003518,1,4.8484854314444,816,1,5.57499980926514,34.8819999694824,0.0299040004611015,0,149.794006347656,-87.764,27.6435,15.8934088627571,63,63,63,63,61,63,0,7591,0.941689079772035,28,-88,0.001869,51,2025-06-25 21:31:44.002298,816,1.037,0.0011,"aoml_navis",1031.24987600725
"7901009",74,0,1,0.024297,1,0.001869,1,155.38335197678,1,4.84844140749277,818,1,5.57299995422363,34.8819999694824,0.0242970008403063,0,149.835906982422,-87.764,27.6435,15.8934088627571,63,63,63,63,61,63,0,7591,0.941689079772035,28,-88,0.001869,51,2025-06-25 21:31:44.002298,818,1.037,0.0011,"aoml_navis",1031.25923977817
"7901009",74,0,1,0.029904,1,0.007476,1,155.428354643172,1,4.84840240964463,820,1,5.57299995422363,34.8810005187988,0.0299040004611015,0,149.879302978516,-87.764,27.6435,15.8934088627571,63,63,63,63,61,63,0,7591,0.941689079772035,28,-88,0.001869,51,2025-06-25 21:31:44.002298,820,1.037,0.0011,"aoml_navis",1031.26753465302
"7901009",74,0,1,0.029904,1,0.007476,1,155.530401828671,1,4.84835905651163,822,1,5.57200002670288,34.8810005187988,0.0299040004611015,0,149.97770690918,-87.764,27.6435,15.8934088627571,63,63,63,63,61,63,0,7591,0.941689079772035,28,-88,0.001869,51,2025-06-25 21:31:44.002298,822,1.037,0.0011,"aoml_navis",1031.27675605723
"7901009",74,0,1,0.028035,1,0.005607,1,155.65960252174,1,4.84831170427931,824,1,5.56500005722046,34.8810005187988,0.0280349999666214,0,150.102294921875,-87.764,27.6435,15.8934088627571,63,63,63,63,61,63,0,7591,0.941689079772035,28,-88,0.001869,51,2025-06-25 21:31:44.002298,824,1.037,0.0011,"aoml_navis",1031.28682827608
"7901009",74,0,1,0.031773,1,0.009345,1,155.874678556056,1,4.84826066368685,826,1,5.55800008773804,34.8819999694824,0.0317730009555817,0,150.309692382812,-87.764,27.6435,15.8934088627571,63,63,63,63,61,63,0,7591,0.941689079772035,28,-88,0.001869,51,2025-06-25 21:31:44.002298,826,1.037,0.0011,"aoml_navis",1031.29768526054
"7901009",74,0,1,0.035511,1,0.013083,1,156.149188491556,1,4.84820998441328,828,1,5.5460000038147,34.8819999694824,0.0355109982192516,0,150.574401855469,-87.764,27.6435,15.8934088627571,63,63,63,63,61,63,0,7591,0.941689079772035,28,-88,0.001869,51,2025-06-25 21:31:44.002298,828,1.037,0.0011,"aoml_navis",1031.30846561405
"7901009",74,0,1,0.026166,1,0.003738,1,156.323296908682,1,4.84815162581321,830,1,5.52799987792969,34.882999420166,0.0261659994721413,0,150.742294311523,-87.764,27.6435,15.8934088627571,63,63,63,63,61,63,0,7591,0.941689079772035,28,-88,0.001869,51,2025-06-25 21:31:44.002298,830,1.037,0.0011,"aoml_navis",1031.32087977164
"7901009",74,0,1,0.029904,1,0.007476,1,156.355450712518,1,4.84810561579989,832,1,5.52299976348877,34.882999420166,0.0299040004611015,0,150.773300170898,-87.764,27.6435,15.8934088627571,63,63,63,63,61,63,0,7591,0.941689079772035,28,-88,0.001869,51,2025-06-25 21:31:44.002298,832,1.037,0.0011,"aoml_navis",1031.33066732397
"7901009",74,0,1,0.028035,1,0.005607,1,156.424521260619,1,4.84806226961935,834,1,5.52199983596802,34.882999420166,0.0280349999666214,0,150.839904785156,-87.764,27.6435,15.8934088627571,63,63,63,63,61,63,0,7591,0.941689079772035,28,-88,0.001869,51,2025-06-25 21:31:44.002298,834,1.037,0.0011,"aoml_navis",1031.33988837824
"7901009",74,0,1,0.028035,1,0.005607,1,156.508624344962,1,4.84801759440358,836,1,5.51900005340576,34.882999420166,0.0280349999666214,0,150.921005249023,-87.764,27.6435,15.8934088627571,63,63,63,63,61,63,0,7591,0.941689079772035,28,-88,0.001869,51,2025-06-25 21:31:44.002298,836,1.037,0.0011,"aoml_navis",1031.34939233139
"7901009",74,0,1,0.031773,1,0.009345,1,156.641670202564,1,4.847968564844,838,1,5.5149998664856,34.8839988708496,0.0317730009555817,0,151.049301147461,-87.764,27.6435,15.8934088627571,63,63,63,63,61,63,0,7591,0.941689079772035,28,-88,0.001869,51,2025-06-25 21:31:44.002298,838,1.037,0.0011,"aoml_navis",1031.35982280465
"7901009",74,0,1,0.031773,1,0.009345,1,156.739460806748,1,4.84792322770996,840,1,5.51100015640259,34.8839988708496,0.0317730009555817,0,151.143600463867,-87.764,27.6435,15.8934088627571,63,63,63,63,61,63,0,7591,0.941689079772035,28,-88,0.001869,51,2025-06-25 21:31:44.002298,840,1.037,0.0011,"aoml_navis",1031.3694679447
"7901009",74,0,1,0.029904,1,0.007476,1,156.896368837669,1,4.84787855762634,842,1,5.50799989700317,34.8839988708496,0.0299040004611015,0,151.294906616211,-87.764,27.6435,15.8934088627571,63,63,63,63,61,63,0,7591,0.941689079772035,28,-88,0.001869,51,2025-06-25 21:31:44.002298,842,1.037,0.0011,"aoml_navis",1031.37897135116
"7901009",74,0,1,0.031773,1,0.009345,1,157.115796395634,1,4.84783189256844,844,1,5.5019998550415,34.8839988708496,0.0317730009555817,0,151.506500244141,-87.764,27.6435,15.8934088627571,63,63,63,63,61,63,0,7591,0.941689079772035,28,-88,0.001869,51,2025-06-25 21:31:44.002298,844,1.037,0.0011,"aoml_navis",1031.38889936857
"7901009",74,0,1,0.026166,1,0.003738,1,157.401493702843,1,4.84777990745965,846,1,5.48799991607666,34.8839988708496,0.0261659994721413,0,151.781997680664,-87.764,27.6435,15.8934088627571,63,63,63,63,61,63,0,7591,0.941689079772035,28,-88,0.001869,51,2025-06-25 21:31:44.002298,846,1.037,0.0011,"aoml_navis",1031.39995945487
"7901009",74,0,1,0.031773,1,0.009345,1,157.552388719267,1,4.84772224590404,848,1,5.47100019454956,34.8849983215332,0.0317730009555817,0,151.927505493164,-87.764,27.6435,15.8934088627571,63,63,63,63,61,63,0,7591,0.941689079772035,28,-88,0.001869,51,2025-06-25 21:31:44.002298,848,1.037,0.0011,"aoml_navis",1031.41222751048
"7901009",74,0,1,0.024297,1,0.001869,1,157.705245877264,1,4.84767492459368,850,1,5.46400022506714,34.8849983215332,0.0242970008403063,0,152.074905395508,-87.764,27.6435,15.8934088627571,63,63,63,63,61,63,0,7591,0.941689079772035,28,-88,0.001869,51,2025-06-25 21:31:44.002298,850,1.037,0.0011,"aoml_navis",1031.42229579659
"7901009",74,0,1,0.031773,1,0.009345,1,157.861520959291,1,4.84762760520323,852,1,5.45699977874756,34.8849983215332,0.0317730009555817,0,152.225601196289,-87.764,27.6435,15.8934088627571,63,63,63,63,61,63,0,7591,0.941689079772035,28,-88,0.001869,51,2025-06-25 21:31:44.002298,852,1.037,0.0011,"aoml_navis",1031.43236387078
"7901009",74,0,1,0.029904,1,0.007476,1,158.101598474936,1,4.84758161658406,854,1,5.4520001411438,34.8849983215332,0.0299040004611015,0,152.457107543945,-87.764,27.6435,15.8934088627571,63,63,63,63,61,63,0,7591,0.941689079772035,28,-88,0.001869,51,2025-06-25 21:31:44.002298,854,1.037,0.0011,"aoml_navis",1031.44214898714
"7901009",74,0,1,0.026166,1,0.003738,1,158.45324905694,1,4.84752528793889,856,1,5.43699979782104,34.8860015869141,0.0261659994721413,0,152.796203613281,-87.764,27.6435,15.8934088627571,63,63,63,63,61,63,0,7591,0.941689079772035,28,-88,0.001869,51,2025-06-25 21:31:44.002298,856,1.037,0.0011,"aoml_navis",1031.4541344303
"7901009",74,0,1,0.026166,1,0.003738,1,158.847417980926,1,4.84747864019635,858,1,5.43100023269653,34.8860015869141,0.0261659994721413,0,153.176300048828,-87.764,27.6435,15.8934088627571,63,63,63,63,61,63,0,7591,0.941689079772035,28,-88,0.001869,51,2025-06-25 21:31:44.002298,858,1.037,0.0011,"aoml_navis",1031.46406021038
"7901009",74,0,1,0.026166,1,0.003738,1,159.475540640003,1,4.84743066740533,860,1,5.4229998588562,34.8860015869141,0.0261659994721413,0,153.781997680664,-87.764,27.6435,15.8934088627571,63,63,63,63,61,63,0,7591,0.941689079772035,28,-88,0.001869,51,2025-06-25 21:31:44.002298,860,1.037,0.0011,"aoml_navis",1031.4742681356
"7901009",74,0,1,0.031773,1,0.009345,1,160.230806908243,1,4.8473740829304,862,1,5.40199995040894,34.8860015869141,0.0317730009555817,0,154.510299682617,-87.764,27.6435,15.8934088627571,63,63,63,63,61,63,0,7591,0.941689079772035,28,-88,0.001869,51,2025-06-25 21:31:44.002298,862,1.037,0.0011,"aoml_navis",1031.48630876397
"7901009",74,0,1,0.028035,1,0.005607,1,160.813515484147,1,4.84731184062391,864,1,5.37799978256226,34.8870010375977,0.0280349999666214,0,155.072204589844,-87.764,27.6435,15.8934088627571,63,63,63,63,61,63,0,7591,0.941689079772035,28,-88,0.001869,51,2025-06-25 21:31:44.002298,864,1.037,0.0011,"aoml_navis",1031.49955364878
"7901009",74,0,1,0.031773,1,0.009345,1,161.346236921117,1,4.84724896023813,866,1,5.35300016403198,34.8880004882812,0.0317730009555817,0,155.585906982422,-87.764,27.6435,15.8934088627571,63,63,63,63,61,63,0,7591,0.941689079772035,28,-88,0.001869,51,2025-06-25 21:31:44.002298,866,1.037,0.0011,"aoml_navis",1031.51293465941
"7901009",74,0,1,0.029904,1,0.007476,1,161.690307940111,1,4.84719440931854,868,1,5.33500003814697,34.8880004882812,0.0299040004611015,0,155.917694091797,-87.764,27.6435,15.8934088627571,63,63,63,63,61,63,0,7591,0.941689079772035,28,-88,0.001869,51,2025-06-25 21:31:44.002298,868,1.037,0.0011,"aoml_navis",1031.52454343232
"7901009",74,0,1,0.029904,1,0.007476,1,162.037512056132,1,4.84713947498642,870,1,5.32200002670288,34.8889999389648,0.0299040004611015,0,156.252502441406,-87.764,27.6435,15.8934088627571,63,63,63,63,61,63,0,7591,0.941689079772035,28,-88,0.001869,51,2025-06-25 21:31:44.002298,870,1.037,0.0011,"aoml_navis",1031.53623406185
"7901009",74,0,1,0.033642,1,0.011214,1,162.429718838546,1,4.84709153066018,872,1,5.31400012969971,34.8889999389648,0.0336420014500618,0,156.630706787109,-87.764,27.6435,15.8934088627571,63,63,63,63,61,63,0,7591,0.941689079772035,28,-88,0.001869,51,2025-06-25 21:31:44.002298,872,1.037,0.0011,"aoml_navis",1031.54643735787
"7901009",74,0,1,0.031773,1,0.009345,1,163.293345957506,1,4.84703963756331,874,1,5.30000019073486,34.8889999389648,0.0317730009555817,0,157.463500976562,-87.764,27.6435,15.8934088627571,63,63,63,63,61,63,0,7591,0.941689079772035,28,-88,0.001869,51,2025-06-25 21:31:44.002298,874,1.037,0.0011,"aoml_navis",1031.55748124098
"7901009",74,0,1,0.035511,1,0.013083,1,164.326524261553,1,4.8469689426733,876,1,5.26300001144409,34.8899993896484,0.0355109982192516,0,158.45979309082,-87.764,27.6435,15.8934088627571,63,63,63,63,61,63,0,7591,0.941689079772035,28,-88,0.001869,51,2025-06-25 21:31:44.002298,876,1.037,0.0011,"aoml_navis",1031.57252690014
"7901009",74,0,1,0.033642,1,0.011214,1,164.900830440884,1,4.84689526914228,878,1,5.22700023651123,34.8919982910156,0.0336420014500618,0,159.013595581055,-87.764,27.6435,15.8934088627571,63,63,63,63,61,63,0,7591,0.941689079772035,28,-88,0.001869,51,2025-06-25 21:31:44.002298,878,1.037,0.0011,"aoml_navis",1031.58820695641
"7901009",74,0,1,0.029904,1,0.007476,1,165.361680530894,1,4.84683447907481,880,1,5.20499992370605,34.8930015563965,0.0299040004611015,0,159.457992553711,-87.764,27.6435,15.8934088627571,63,63,63,63,61,63,0,7591,0.941689079772035,28,-88,0.001869,51,2025-06-25 21:31:44.002298,880,1.037,0.0011,"aoml_navis",1031.60114536332
"7901009",74,0,1,0.028035,1,0.005607,1,165.631633234355,1,4.84678133305775,882,1,5.18900012969971,34.8930015563965,0.0280349999666214,0,159.718307495117,-87.764,27.6435,15.8934088627571,63,63,63,63,61,63,0,7591,0.941689079772035,28,-88,0.001869,51,2025-06-25 21:31:44.002298,882,1.037,0.0011,"aoml_navis",1031.61245709544
"7901009",74,0,1,0.029904,1,0.007476,1,165.888800370148,1,4.8467353821091,884,1,5.18400001525879,34.8930015563965,0.0299040004611015,0,159.966293334961,-87.764,27.6435,15.8934088627571,63,63,63,63,61,63,0,7591,0.941689079772035,28,-88,0.001869,51,2025-06-25 21:31:44.002298,884,1.037,0.0011,"aoml_navis",1031.62223761104
"7901009",74,0,1,0.029904,1,0.007476,1,166.197109776609,1,4.8466887795245,886,1,5.17799997329712,34.8930015563965,0.0299040004611015,0,160.263595581055,-87.764,27.6435,15.8934088627571,63,63,63,63,61,63,0,7591,0.941689079772035,28,-88,0.001869,51,2025-06-25 21:31:44.002298,886,1.037,0.0011,"aoml_navis",1031.63215701474
"7901009",74,0,1,0.031773,1,0.009345,1,166.542747344117,1,4.84663326312272,888,1,5.16400003433228,34.8940010070801,0.0317730009555817,0,160.596893310547,-87.764,27.6435,15.8934088627571,63,63,63,63,61,63,0,7591,0.941689079772035,28,-88,0.001869,51,2025-06-25 21:31:44.002298,888,1.037,0.0011,"aoml_navis",1031.64397398174
"7901009",74,0,1,0.024297,1,0.001869,1,166.859569913207,1,4.84658666535202,890,1,5.15799999237061,34.8940010070801,0.0242970008403063,0,160.902404785156,-87.764,27.6435,15.8934088627571,63,63,63,63,61,63,0,7591,0.941689079772035,28,-88,0.001869,51,2025-06-25 21:31:44.002298,890,1.037,0.0011,"aoml_navis",1031.65389277875
"7901009",74,0,1,0.031773,1,0.009345,1,167.075468781086,1,4.84653311581595,892,1,5.14699983596802,34.8950004577637,0.0317730009555817,0,161.110595703125,-87.764,27.6435,15.8934088627571,63,63,63,63,61,63,0,7591,0.941689079772035,28,-88,0.001869,51,2025-06-25 21:31:44.002298,892,1.037,0.0011,"aoml_navis",1031.66529156341
"7901009",74,0,1,0.028035,1,0.005607,1,167.182073198625,1,4.8464878277012,894,1,5.14300012588501,34.8950004577637,0.0280349999666214,0,161.213394165039,-87.764,27.6435,15.8934088627571,63,63,63,63,61,63,0,7591,0.941689079772035,28,-88,0.001869,51,2025-06-25 21:31:44.002298,894,1.037,0.0011,"aoml_navis",1031.67493198298
"7901009",74,0,1,0.031773,1,0.009345,1,167.292728489088,1,4.84644188858312,896,1,5.13800001144409,34.8950004577637,0.0317730009555817,0,161.320098876953,-87.764,27.6435,15.8934088627571,63,63,63,63,61,63,0,7591,0.941689079772035,28,-88,0.001869,51,2025-06-25 21:31:44.002298,896,1.037,0.0011,"aoml_navis",1031.68471116483
"7901009",74,0,1,0.029904,1,0.007476,1,167.351323732987,1,4.84639725641989,898,1,5.13500022888184,34.8950004577637,0.0299040004611015,0,161.376602172852,-87.764,27.6435,15.8934088627571,63,63,63,63,61,63,0,7591,0.941689079772035,28,-88,0.001869,51,2025-06-25 21:31:44.002298,898,1.037,0.0011,"aoml_navis",1031.69421230928
"7901009",74,0,1,0.028035,1,0.005607,1,167.425885112747,1,4.8463532782928,900,1,5.13299989700317,34.8950004577637,0.0280349999666214,0,161.448501586914,-87.764,27.6435,15.8934088627571,63,63,63,63,61,63,0,7591,0.941689079772035,28,-88,0.001869,51,2025-06-25 21:31:44.002298,900,1.037,0.0011,"aoml_navis",1031.70357439591
"7901009",74,0,1,0.029904,1,0.007476,1,167.530511564991,1,4.84630864978316,902,1,5.13000011444092,34.8950004577637,0.0299040004611015,0,161.549392700195,-87.764,27.6435,15.8934088627571,63,63,63,63,61,63,0,7591,0.941689079772035,28,-88,0.001869,51,2025-06-25 21:31:44.002298,902,1.037,0.0011,"aoml_navis",1031.71307511
"7901009",74,0,1,0.028035,1,0.005607,1,167.594708406605,1,4.84626402276376,904,1,5.1269998550415,34.8950004577637,0.0280349999666214,0,161.611297607422,-87.764,27.6435,15.8934088627571,63,63,63,63,61,63,0,7591,0.941689079772035,28,-88,0.001869,51,2025-06-25 21:31:44.002298,904,1.037,0.0011,"aoml_navis",1031.72257568183
"7901009",74,0,1,0.031773,1,0.009345,1,167.658288123047,1,4.84621939785682,906,1,5.12400007247925,34.8950004577637,0.0317730009555817,0,161.672607421875,-87.764,27.6435,15.8934088627571,63,63,63,63,61,63,0,7591,0.941689079772035,28,-88,0.001869,51,2025-06-25 21:31:44.002298,906,1.037,0.0011,"aoml_navis",1031.73207597889
"7901009",74,0,1,0.028035,1,0.005607,1,167.676216400481,1,4.84617673329243,908,1,5.12400007247925,34.8950004577637,0.0280349999666214,0,161.689895629883,-87.764,27.6435,15.8934088627571,63,63,63,63,61,63,0,7591,0.941689079772035,28,-88,0.001869,51,2025-06-25 21:31:44.002298,908,1.037,0.0011,"aoml_navis",1031.74115909782
"7901009",74,0,1,0.029904,1,0.007476,1,167.794340487898,1,4.84613276513645,910,1,5.12200021743774,34.8950004577637,0.0299040004611015,0,161.803802490234,-87.764,27.6435,15.8934088627571,63,63,63,63,61,63,0,7591,0.941689079772035,28,-88,0.001869,51,2025-06-25 21:31:44.002298,910,1.037,0.0011,"aoml_navis",1031.75051991363
"7901009",74,0,1,0.028035,1,0.005607,1,167.88051647987,1,4.84608814552108,912,1,5.11899995803833,34.8950004577637,0.0280349999666214,0,161.886901855469,-87.764,27.6435,15.8934088627571,63,63,63,63,61,63,0,7591,0.941689079772035,28,-88,0.001869,51,2025-06-25 21:31:44.002298,912,1.037,0.0011,"aoml_navis",1031.76001959873
"7901009",74,0,1,0.029904,1,0.007476,1,167.991583187114,1,4.84603983869234,914,1,5.11600017547607,34.8959999084473,0.0299040004611015,0,161.994003295898,-87.764,27.6435,15.8934088627571,63,63,63,63,61,63,0,7591,0.941689079772035,28,-88,0.001869,51,2025-06-25 21:31:44.002298,914,1.037,0.0011,"aoml_navis",1031.77030450274
"7901009",74,0,1,0.029904,1,0.007476,1,168.109691450809,1,4.84599522277944,916,1,5.11299991607666,34.8959999084473,0.0299040004611015,0,162.107894897461,-87.764,27.6435,15.8934088627571,63,63,63,63,61,63,0,7591,0.941689079772035,28,-88,0.001869,51,2025-06-25 21:31:44.002298,916,1.037,0.0011,"aoml_navis",1031.77980376386
"7901009",74,0,1,0.031773,1,0.009345,1,168.286711432849,1,4.84595126223865,918,1,5.11100006103516,34.8959999084473,0.0317730009555817,0,162.278594970703,-87.764,27.6435,15.8934088627571,63,63,63,63,61,63,0,7591,0.941689079772035,28,-88,0.001869,51,2025-06-25 21:31:44.002298,918,1.037,0.0011,"aoml_navis",1031.78916365952
"7901009",74,0,1,0.029904,1,0.007476,1,168.520775933997,1,4.84590534340481,920,1,5.10599994659424,34.8959999084473,0.0299040004611015,0,162.504302978516,-87.764,27.6435,15.8934088627571,63,63,63,63,61,63,0,7591,0.941689079772035,28,-88,0.001869,51,2025-06-25 21:31:44.002298,920,1.037,0.0011,"aoml_navis",1031.79894068812
"7901009",74,0,1,0.031773,1,0.009345,1,168.612553523685,1,4.8458548550184,922,1,5.0939998626709,34.8959999084473,0.0317730009555817,0,162.592803955078,-87.764,27.6435,15.8934088627571,63,63,63,63,61,63,0,7591,0.941689079772035,28,-88,0.001869,51,2025-06-25 21:31:44.002298,922,1.037,0.0011,"aoml_navis",1031.80969087879
"7901009",74,0,1,0.029904,1,0.007476,1,168.786456232421,1,4.84581351145279,924,1,5.09600019454956,34.8959999084473,0.0299040004611015,0,162.760498046875,-87.764,27.6435,15.8934088627571,63,63,63,63,61,63,0,7591,0.941689079772035,28,-88,0.001869,51,2025-06-25 21:31:44.002298,924,1.037,0.0011,"aoml_navis",1031.81849408418
"7901009",74,0,1,0.029904,1,0.007476,1,169.030473854933,1,4.84576194987907,926,1,5.08799982070923,34.8969993591309,0.0299040004611015,0,162.995803833008,-87.764,27.6435,15.8934088627571,63,63,63,63,61,63,0,7591,0.941689079772035,28,-88,0.001869,51,2025-06-25 21:31:44.002298,926,1.037,0.0011,"aoml_navis",1031.82947320076
"7901009",74,0,1,0.028035,1,0.005607,1,169.157601640373,1,4.84571277467274,928,1,5.07800006866455,34.8969993591309,0.0280349999666214,0,163.118392944336,-87.764,27.6435,15.8934088627571,63,63,63,63,61,63,0,7591,0.941689079772035,28,-88,0.001869,51,2025-06-25 21:31:44.002298,928,1.037,0.0011,"aoml_navis",1031.83994440068
"7901009",74,0,1,0.031773,1,0.009345,1,169.117472680468,1,4.8456668653314,930,1,5.07299995422363,34.8969993591309,0.0317730009555817,0,163.079696655273,-87.764,27.6435,15.8934088627571,63,63,63,63,61,63,0,7591,0.941689079772035,28,-88,0.001869,51,2025-06-25 21:31:44.002298,930,1.037,0.0011,"aoml_navis",1031.84972037033
"7901009",74,0,1,0.028035,1,0.005607,1,169.103262977789,1,4.8456255270756,932,1,5.07499980926514,34.8969993591309,0.0280349999666214,0,163.065994262695,-87.764,27.6435,15.8934088627571,63,63,63,63,61,63,0,7591,0.941689079772035,28,-88,0.001869,51,2025-06-25 21:31:44.002298,932,1.037,0.0011,"aoml_navis",1031.85852312809
"7901009",74,0,1,0.033642,1,0.011214,1,169.093721273206,1,4.84558484591777,934,1,5.07800006866455,34.8969993591309,0.0336420014500618,0,163.056793212891,-87.764,27.6435,15.8934088627571,63,63,63,63,61,63,0,7591,0.941689079772035,28,-88,0.001869,51,2025-06-25 21:31:44.002298,934,1.037,0.0011,"aoml_navis",1031.86718610702
"7901009",74,0,1,0.028035,1,0.005607,1,169.09891145414,1,4.8455422081124,936,1,5.07800006866455,34.8969993591309,0.0280349999666214,0,163.061798095703,-87.764,27.6435,15.8934088627571,63,63,63,63,61,63,0,7591,0.941689079772035,28,-88,0.001869,51,2025-06-25 21:31:44.002298,936,1.037,0.0011,"aoml_navis",1031.87626590663
"7901009",74,0,1,0.029904,1,0.007476,1,169.209155327821,1,4.84549891924108,938,1,5.0770001411438,34.8969993591309,0.0299040004611015,0,163.168106079102,-87.764,27.6435,15.8934088627571,63,63,63,63,61,63,0,7591,0.941689079772035,28,-88,0.001869,51,2025-06-25 21:31:44.002298,938,1.037,0.0011,"aoml_navis",1031.88548451541
"7901009",74,0,1,0.029904,1,0.007476,1,169.332042355669,1,4.84545628634536,940,1,5.0770001411438,34.8969993591309,0.0299040004611015,0,163.286605834961,-87.764,27.6435,15.8934088627571,63,63,63,63,61,63,0,7591,0.941689079772035,28,-88,0.001869,51,2025-06-25 21:31:44.002298,940,1.037,0.0011,"aoml_navis",1031.89456359149
"7901009",74,0,1,0.033642,1,0.011214,1,169.446004804105,1,4.84540842499093,942,1,5.06899976730347,34.8969993591309,0.0336420014500618,0,163.396499633789,-87.764,27.6435,15.8934088627571,63,63,63,63,61,63,0,7591,0.941689079772035,28,-88,0.001869,51,2025-06-25 21:31:44.002298,942,1.037,0.0011,"aoml_navis",1031.90475630738
"7901009",74,0,1,0.029904,1,0.007476,1,169.505422881566,1,4.84536383441931,944,1,5.06599998474121,34.8969993591309,0.0299040004611015,0,163.453796386719,-87.764,27.6435,15.8934088627571,63,63,63,63,61,63,0,7591,0.941689079772035,28,-88,0.001869,51,2025-06-25 21:31:44.002298,944,1.037,0.0011,"aoml_navis",1031.91425264749
"7901009",74,0,1,0.031773,1,0.009345,1,169.556960745293,1,4.84531924564456,946,1,5.06300020217896,34.8969993591309,0.0317730009555817,0,163.503494262695,-87.764,27.6435,15.8934088627571,63,63,63,63,61,63,0,7591,0.941689079772035,28,-88,0.001869,51,2025-06-25 21:31:44.002298,946,1.037,0.0011,"aoml_navis",1031.92374877971
"7901009",74,0,1,0.039249,1,0.016821,1,169.554682129273,1,4.84527662013758,948,1,5.06300020217896,34.8969993591309,0.0392489992082119,0,163.50129699707,-87.764,27.6435,15.8934088627571,63,63,63,63,61,63,0,7591,0.941689079772035,28,-88,0.001869,51,2025-06-25 21:31:44.002298,948,1.037,0.0011,"aoml_navis",1031.93282695551
"7901009",74,0,1,0.029904,1,0.007476,1,169.564951725084,1,4.84523268877111,950,1,5.06099987030029,34.8969993591309,0.0299040004611015,0,163.511199951172,-87.764,27.6435,15.8934088627571,63,63,63,63,61,63,0,7591,0.941689079772035,28,-88,0.001869,51,2025-06-25 21:31:44.002298,950,1.037,0.0011,"aoml_navis",1031.94218341414
"7901009",74,0,1,0.029904,1,0.007476,1,169.566929690379,1,4.84519137678891,952,1,5.06300020217896,34.8969993591309,0.0299040004611015,0,163.513107299805,-87.764,27.6435,15.8934088627571,63,63,63,63,61,63,0,7591,0.941689079772035,28,-88,0.001869,51,2025-06-25 21:31:44.002298,952,1.037,0.0011,"aoml_navis",1031.95098215371
"7901009",74,0,1,0.031773,1,0.009345,1,169.645003936503,1,4.84515006806132,954,1,5.06500005722046,34.8969993591309,0.0317730009555817,0,163.588394165039,-87.764,27.6435,15.8934088627571,63,63,63,63,61,63,0,7591,0.941689079772035,28,-88,0.001869,51,2025-06-25 21:31:44.002298,954,1.037,0.0011,"aoml_navis",1031.95978035013
"7901009",74,0,1,0.033642,1,0.011214,1,169.816422320828,1,4.84510548866332,956,1,5.06199979782104,34.8969993591309,0.0336420014500618,0,163.753692626953,-87.764,27.6435,15.8934088627571,63,63,63,63,61,63,0,7591,0.941689079772035,28,-88,0.001869,51,2025-06-25 21:31:44.002298,956,1.037,0.0011,"aoml_navis",1031.96927532313
"7901009",74,0,1,0.031773,1,0.009345,1,170.022700365512,1,4.84505960205671,958,1,5.05700016021729,34.8969993591309,0.0317730009555817,0,163.952606201172,-87.764,27.6435,15.8934088627571,63,63,63,63,61,63,0,7591,0.941689079772035,28,-88,0.001869,51,2025-06-25 21:31:44.002298,958,1.037,0.0011,"aoml_navis",1031.97904890118
"7901009",74,0,1,0.026166,1,0.003738,1,170.281228341429,1,4.84501437151605,960,1,5.05299997329712,34.8969993591309,0.0261659994721413,0,164.201904296875,-87.764,27.6435,15.8934088627571,63,63,63,63,61,63,0,7591,0.941689079772035,28,-88,0.001869,51,2025-06-25 21:31:44.002298,960,1.037,0.0011,"aoml_navis",1031.98868292221
"7901009",74,0,1,0.029904,1,0.007476,1,170.571387938343,1,4.84496652469393,962,1,5.04500007629395,34.8969993591309,0.0299040004611015,0,164.481704711914,-87.764,27.6435,15.8934088627571,63,63,63,63,61,63,0,7591,0.941689079772035,28,-88,0.001869,51,2025-06-25 21:31:44.002298,962,1.037,0.0011,"aoml_navis",1031.9988744021
"7901009",74,0,1,0.029904,1,0.007476,1,170.830944456213,1,4.84491237684857,964,1,5.03299999237061,34.8979988098145,0.0299040004611015,0,164.731994628906,-87.764,27.6435,15.8934088627571,63,63,63,63,61,63,0,7591,0.941689079772035,28,-88,0.001869,51,2025-06-25 21:31:44.002298,964,1.037,0.0011,"aoml_navis",1032.01040825682
"7901009",74,0,1,0.033642,1,0.011214,1,170.996982774936,1,4.8448658437097,966,1,5.02699995040894,34.8979988098145,0.0336420014500618,0,164.892105102539,-87.764,27.6435,15.8934088627571,63,63,63,63,61,63,0,7591,0.941689079772035,28,-88,0.001869,51,2025-06-25 21:31:44.002298,966,1.037,0.0011,"aoml_navis",1032.02032033389
"7901009",74,0,1,0.028035,1,0.005607,1,171.170363300833,1,4.84481627964842,968,1,5.02199983596802,34.898998260498,0.0280349999666214,0,165.059295654297,-87.764,27.6435,15.8934088627571,63,63,63,63,61,63,0,7591,0.941689079772035,28,-88,0.001869,51,2025-06-25 21:31:44.002298,968,1.037,0.0011,"aoml_navis",1032.03087824062
"7901009",74,0,1,0.026166,1,0.003738,1,171.331828563794,1,4.84476975036859,970,1,5.01599979400635,34.898998260498,0.0261659994721413,0,165.214996337891,-87.764,27.6435,15.8934088627571,63,63,63,63,61,63,0,7591,0.941689079772035,28,-88,0.001869,51,2025-06-25 21:31:44.002298,970,1.037,0.0011,"aoml_navis",1032.04078988885
"7901009",74,0,1,0.031773,1,0.009345,1,171.47857776496,1,4.84472518457797,972,1,5.01300001144409,34.898998260498,0.0317730009555817,0,165.356506347656,-87.764,27.6435,15.8934088627571,63,63,63,63,61,63,0,7591,0.941689079772035,28,-88,0.001869,51,2025-06-25 21:31:44.002298,972,1.037,0.0011,"aoml_navis",1032.05028345391
"7901009",74,0,1,0.029904,1,0.007476,1,171.648128950047,1,4.84467539060714,974,1,5.0019998550415,34.898998260498,0.0299040004611015,0,165.520004272461,-87.764,27.6435,15.8934088627571,63,63,63,63,61,63,0,7591,0.941689079772035,28,-88,0.001869,51,2025-06-25 21:31:44.002298,974,1.037,0.0011,"aoml_navis",1032.06089095133
"7901009",74,0,1,0.029904,1,0.007476,1,171.757534166443,1,4.84463213513228,976,1,5.00099992752075,34.898998260498,0.0299040004611015,0,165.625503540039,-87.764,27.6435,15.8934088627571,63,63,63,63,61,63,0,7591,0.941689079772035,28,-88,0.001869,51,2025-06-25 21:31:44.002298,976,1.037,0.0011,"aoml_navis",1032.07010574467
"7901009",74,0,1,0.031773,1,0.009345,1,172.001330256843,1,4.84458888185638,978,1,5,34.898998260498,0.0317730009555817,0,165.860595703125,-87.764,27.6435,15.8934088627571,63,63,63,63,61,63,0,7591,0.941689079772035,28,-88,0.001869,51,2025-06-25 21:31:44.002298,978,1.037,0.0011,"aoml_navis",1032.0793202341
"7901009",74,0,1,0.026166,1,0.003738,1,176.095196234636,1,4.84407324882391,999.900024414062,1,4.93590021133423,34.9010009765625,0.0261659994721413,0,169.808303833008,-87.764,27.6435,15.8934088627571,63,63,63,63,61,63,0,7591,0.941689079772035,28,-88,0.001869,51,2025-06-25 21:31:44.002298,999.900024414062,1.037,0.0011,"aoml_navis",1032.1891811223
"7901009",74,0,1,0.033642,1,0.011214,1,181.67707759199,1,4.84290069185565,1049.59997558594,1,4.79370021820068,34.9070014953613,0.0336420014500618,0,175.190902709961,-87.764,27.6435,15.8934088627571,63,63,63,63,61,63,0,7591,0.941689079772035,28,-88,0.001869,51,2025-06-25 21:31:44.002298,1049.59997558594,1.037,0.0011,"aoml_navis",1032.43909345664
"7901009",74,0,1,0.029904,1,0.007476,1,185.388278491954,1,4.84172833654644,1100.19995117188,1,4.66809988021851,34.9109992980957,0.0299040004611015,0,178.769607543945,-87.764,27.6435,15.8934088627571,63,63,63,63,61,63,0,7591,0.941689079772035,28,-88,0.001869,51,2025-06-25 21:31:44.002298,1100.19995117188,1.037,0.0011,"aoml_navis",1032.68908382548
"7901009",74,0,1,0.028035,1,0.005607,1,187.948366885122,1,4.84062064807891,1149.5,1,4.59779977798462,34.9150009155273,0.0280349999666214,0,181.238296508789,-87.764,27.6435,15.8934088627571,63,63,63,63,61,63,0,7591,0.941689079772035,28,-88,0.001869,51,2025-06-25 21:31:44.002298,1149.5,1.037,0.0011,"aoml_navis",1032.92539604076
"7901009",74,0,1,0.035511,1,0.013083,1,190.84934572909,1,4.83949971702283,1199.5,1,4.5226001739502,34.9179992675781,0.0355109982192516,0,184.035705566406,-87.764,27.6435,15.8934088627571,63,63,63,63,61,63,0,7591,0.941689079772035,28,-88,0.001869,51,2025-06-25 21:31:44.002298,1199.5,1.037,0.0011,"aoml_navis",1033.1646435297
"7901009",74,0,1,0.033642,1,0.011214,1,194.002934476812,1,4.8383798411509,1249.69995117188,1,4.45380020141602,34.9210014343262,0.0336420014500618,0,187.076705932617,-87.764,27.6435,15.8934088627571,63,63,63,63,61,63,0,7591,0.941689079772035,28,-88,0.001869,51,2025-06-25 21:31:44.002298,1249.69995117188,1.037,0.0011,"aoml_navis",1033.40377650273
"7901009",74,0,1,0.035511,1,0.013083,1,196.459424959689,1,4.83729254189082,1299.19995117188,1,4.41029977798462,34.923999786377,0.0355109982192516,0,189.445495605469,-87.764,27.6435,15.8934088627571,63,63,63,63,61,63,0,7591,0.941689079772035,28,-88,0.001869,51,2025-06-25 21:31:44.002298,1299.19995117188,1.037,0.0011,"aoml_navis",1033.63605915916
"7901009",74,0,1,0.026166,1,0.003738,1,198.367132927402,1,4.83618920651899,1349.69995117188,1,4.36709976196289,34.9259986877441,0.0261659994721413,0,191.285095214844,-87.764,27.6435,15.8934088627571,63,63,63,63,61,63,0,7591,0.941689079772035,28,-88,0.001869,51,2025-06-25 21:31:44.002298,1349.69995117188,1.037,0.0011,"aoml_navis",1033.87187442133
"7901009",74,0,1,0.028035,1,0.005607,1,199.491060279183,1,4.8351306011104,1399.40002441406,1,4.35290002822876,34.9259986877441,0.0280349999666214,0,192.368896484375,-87.764,27.6435,15.8934088627571,63,63,63,63,61,63,0,7591,0.941689079772035,28,-88,0.001869,51,2025-06-25 21:31:44.002298,1399.40002441406,1.037,0.0011,"aoml_navis",1034.09823073894
"7901009",74,0,1,0.029904,1,0.007476,1,200.593942080225,1,4.83405926210781,1449.30004882812,1,4.33479976654053,34.9280014038086,0.0299040004611015,0,193.432403564453,-87.764,27.6435,15.8934088627571,63,63,63,63,61,63,0,7591,0.941689079772035,28,-88,0.001869,51,2025-06-25 21:31:44.002298,1449.30004882812,1.037,0.0011,"aoml_navis",1034.32741075248
"7901009",74,0,1,0.035511,1,0.013083,1,201.292891720586,1,4.83299096435414,1499.5,1,4.31759977340698,34.9280014038086,0.0355109982192516,0,194.106399536133,-87.764,27.6435,15.8934088627571,63,63,63,63,61,63,0,7591,0.941689079772035,28,-88,0.001869,51,2025-06-25 21:31:44.002298,1499.5,1.037,0.0011,"aoml_navis",1034.55604135775
"7901009",74,0,1,0.035511,1,0.013083,1,201.80921978119,1,4.83193737273896,1549.09997558594,1,4.30679988861084,34.9290008544922,0.0355109982192516,0,194.604293823242,-87.764,27.6435,15.8934088627571,63,63,63,63,61,63,0,7591,0.941689079772035,28,-88,0.001869,51,2025-06-25 21:31:44.002298,1549.09997558594,1.037,0.0011,"aoml_navis",1034.78162366284
"7901009",74,0,1,0.028035,1,0.005607,1,202.258771733436,1,4.8308663869359,1600,1,4.30299997329712,34.9290008544922,0.0280349999666214,0,195.037796020508,-87.764,27.6435,15.8934088627571,63,63,63,63,61,63,0,7591,0.941689079772035,28,-88,0.001869,51,2025-06-25 21:31:44.002298,1600,1.037,0.0011,"aoml_navis",1035.01103104848
"7901009",74,0,1,0.033642,1,0.011214,1,202.660520220432,1,4.82981547942332,1649.80004882812,1,4.29790019989014,34.9300003051758,0.0336420014500618,0,195.425201416016,-87.764,27.6435,15.8934088627571,63,63,63,63,61,63,0,7591,0.941689079772035,28,-88,0.001869,51,2025-06-25 21:31:44.002298,1649.80004882812,1.037,0.0011,"aoml_navis",1035.23623651912
"7901009",74,0,1,0.028035,1,0.005607,1,203.126149074595,1,4.82877067666493,1699.40002441406,1,4.29339981079102,34.9309997558594,0.0280349999666214,0,195.874206542969,-87.764,27.6435,15.8934088627571,63,63,63,63,61,63,0,7591,0.941689079772035,28,-88,0.001869,51,2025-06-25 21:31:44.002298,1699.40002441406,1.037,0.0011,"aoml_navis",1035.46023093673
"7901009",74,0,1,0.024297,1,0.001869,1,203.400326711926,1,4.82772718615431,1749.30004882812,1,4.29239988327026,34.9309997558594,0.0242970008403063,0,196.138595581055,-87.764,27.6435,15.8934088627571,63,63,63,63,61,63,0,7591,0.941689079772035,28,-88,0.001869,51,2025-06-25 21:31:44.002298,1749.30004882812,1.037,0.0011,"aoml_navis",1035.68404079248
"7901009",74,0,1,0.033642,1,0.011214,1,203.834640419539,1,4.82667577349202,1799.59997558594,1,4.28980016708374,34.9309997558594,0.0336420014500618,0,196.557403564453,-87.764,27.6435,15.8934088627571,63,63,63,63,61,63,0,7591,0.941689079772035,28,-88,0.001869,51,2025-06-25 21:31:44.002298,1799.59997558594,1.037,0.0011,"aoml_navis",1035.90964768337
"7901009",74,0,1,0.028035,1,0.005607,1,203.949330759204,1,4.82564439769816,1849.09997558594,1,4.28980016708374,34.9309997558594,0.0280349999666214,0,196.667999267578,-87.764,27.6435,15.8934088627571,63,63,63,63,61,63,0,7591,0.941689079772035,28,-88,0.001869,51,2025-06-25 21:31:44.002298,1849.09997558594,1.037,0.0011,"aoml_navis",1036.13105068103
"7901009",74,0,1,0.028035,1,0.005607,1,204.175198572169,1,4.82460915562414,1898.90002441406,1,4.29099988937378,34.9309997558594,0.0280349999666214,0,196.885803222656,-87.764,27.6435,15.8934088627571,63,63,63,63,61,63,0,7591,0.941689079772035,28,-88,0.001869,51,2025-06-25 21:31:44.002298,1898.90002441406,1.037,0.0011,"aoml_navis",1036.35337883721
"7901009",74,0,1,0.029904,1,0.007476,1,204.326394239318,1,4.82357961216603,1948.5,1,4.29220008850098,34.9309997558594,0.0299040004611015,0,197.031600952148,-87.764,27.6435,15.8934088627571,63,63,63,63,61,63,0,7591,0.941689079772035,28,-88,0.001869,51,2025-06-25 21:31:44.002298,1948.5,1.037,0.0011,"aoml_navis",1036.57457780711
"7901009",74,0,1,0.035511,1,0.013083,1,204.122204925986,1,4.82255247692905,1997.90002441406,1,4.29390001296997,34.931999206543,0.0355109982192516,0,196.834701538086,-87.764,27.6435,15.8934088627571,63,63,63,63,61,63,0,7591,0.941689079772035,28,-88,0.001869,51,2025-06-25 21:31:44.002298,1997.90002441406,1.037,0.0011,"aoml_navis",1036.79535348135
"7901009",75,0.184580031492006,1,0.196245,1,0.173817,1,192.450766027392,1,4.88833078739769,2.20000004768372,1,28.8880004882812,35.976001739502,0.19624499976635,0.183162003755569,185.579895019531,-88.2984,27.5815,9.93357174349209,63,63,63,63,61,63,0.173817,7591,0.941689079772035,28,-88,0.001869,51,2025-07-06 04:18:37.000455,2.20000004768372,1.037,0.0011,"aoml_navis",1022.84403766009
"7901009",75,0.192518957577683,1,0.203721,1,0.181293,1,192.503031798532,1,4.88829209488227,4,1,28.9069995880127,35.9850006103516,0.20372100174427,0.19063800573349,185.630294799805,-88.2984,27.5815,9.93357174349209,63,63,63,63,61,63,0.181293,7591,0.941689079772035,28,-88,0.001869,51,2025-07-06 04:18:37.000455,4,1.037,0.0011,"aoml_navis",1022.85213382291
"7901009",75,0.188549494534844,1,0.199983,1,0.177555,1,192.457206284387,1,4.88822400589502,6,1,28.9640007019043,36.0180015563965,0.19998300075531,0.18690000474453,185.58610534668,-88.2984,27.5815,9.93357174349209,63,63,63,63,61,63,0.177555,7591,0.941689079772035,28,-88,0.001869,51,2025-07-06 04:18:37.000455,6,1.037,0.0011,"aoml_navis",1022.86638132176
"7901009",75,0.194503689099103,1,0.20559,1,0.183162,1,192.131158384194,1,4.88799494854469,8,1,29.0659999847412,36.1160011291504,0.20558999478817,0.19250699877739,185.271697998047,-88.2984,27.5815,9.93357174349209,63,63,63,63,61,63,0.183162,7591,0.941689079772035,28,-88,0.001869,51,2025-07-06 04:18:37.000455,8,1.037,0.0011,"aoml_navis",1022.9143140765
"7901009",75,0.190534226056264,1,0.201852,1,0.179424,1,191.769855219667,1,4.88773644026652,10,1,29.1650009155273,36.2210006713867,0.20185199379921,0.188768997788429,184.923294067383,-88.2984,27.5815,9.93357174349209,63,63,63,63,61,63,0.179424,7591,0.941689079772035,28,-88,0.001869,51,2025-07-06 04:18:37.000455,10,1.037,0.0011,"aoml_navis",1022.96841515607
"7901009",75,0.2044273467062,1,0.214935,1,0.192507,1,191.518384546051,1,4.88750536999927,12,1,29.2339992523193,36.3050003051758,0.214935004711151,0.20185199379921,184.680801391602,-88.2984,27.5815,9.93357174349209,63,63,63,63,61,63,0.192507,7591,0.941689079772035,28,-88,0.001869,51,2025-07-06 04:18:37.000455,12,1.037,0.0011,"aoml_navis",1023.0167788032
"7901009",75,0.210381541270458,1,0.220542,1,0.198114,1,191.243051691727,1,4.8872844254988,14,1,29.2980003356934,36.3839988708496,0.220541998744011,0.207459002733231,184.415298461914,-88.2984,27.5815,9.93357174349209,63,63,63,63,61,63,0.198114,7591,0.941689079772035,28,-88,0.001869,51,2025-07-06 04:18:37.000455,14,1.037,0.0011,"aoml_navis",1023.06302737633
"7901009",75,0.208396809749039,1,0.218673,1,0.196245,1,191.08490936149,1,4.88718535872625,16,1,29.3129997253418,36.4070014953613,0.218673005700111,0.20558999478817,184.262802124023,-88.2984,27.5815,9.93357174349209,63,63,63,63,61,63,0.196245,7591,0.941689079772035,28,-88,0.001869,51,2025-07-06 04:18:37.000455,16,1.037,0.0011,"aoml_navis",1023.08376560188
"7901009",75,0.212366272791877,1,0.222411,1,0.199983,1,190.997483268379,1,4.88713974300167,18,1,29.3099994659424,36.4070014953613,0.222411006689072,0.20932799577713,184.178497314453,-88.2984,27.5815,9.93357174349209,63,63,63,63,61,63,0.199983,7591,0.941689079772035,28,-88,0.001869,51,2025-07-06 04:18:37.000455,18,1.037,0.0011,"aoml_navis",1023.09331489036
"7901009",75,0.222289930398974,1,0.231756,1,0.209328,1,191.105954918746,1,4.88708312298399,20.1000003814697,1,29.2970008850098,36.4049987792969,0.231756001710892,0.218673005700111,184.283096313477,-88.2984,27.5815,9.93357174349209,63,63,63,63,61,63,0.209328,7591,0.941689079772035,28,-88,0.001869,51,2025-07-06 04:18:37.000455,20.1000003814697,1.037,0.0011,"aoml_navis",1023.10516808788
"7901009",75,0.252060903220266,1,0.259791,1,0.237363,1,193.678085961132,1,4.88669356028538,22,1,29.1149997711182,36.4210014343262,0.259790986776352,0.246708005666733,186.763397216797,-88.2984,27.5815,9.93357174349209,63,63,63,63,61,63,0.237363,7591,0.941689079772035,28,-88,0.001869,51,2025-07-06 04:18:37.000455,22,1.037,0.0011,"aoml_navis",1023.18672908722
"7901009",75,0.289770802127234,1,0.295302,1,0.272874,1,196.59492107815,1,4.88616592154512,24.6000003814697,1,28.8369998931885,36.4290008544922,0.295302003622055,0.282218992710114,189.576095581055,-88.2984,27.5815,9.93357174349209,63,63,63,63,61,63,0.272874,7591,0.941689079772035,28,-88,0.001869,51,2025-07-06 04:18:37.000455,24.6000003814697,1.037,0.0011,"aoml_navis",1023.2972191863
"7901009",75,0.293740265170073,1,0.29904,1,0.276612,1,203.141972408247,1,4.88482811886904,25.7999992370605,1,28.007999420166,36.4290008544922,0.299039989709854,0.285957008600235,195.889404296875,-88.2984,27.5815,9.93357174349209,63,63,63,63,61,63,0.276612,7591,0.941689079772035,28,-88,0.001869,51,2025-07-06 04:18:37.000455,25.7999992370605,1.037,0.0011,"aoml_navis",1023.57746850623
"7901009",75,0.295724996691493,1,0.300909,1,0.278481,1,203.929693374977,1,4.88393777371684,28.6000003814697,1,27.4899997711182,36.4360008239746,0.300909012556076,0.287826001644135,196.649002075195,-88.2984,27.5815,9.93357174349209,63,63,63,63,61,63,0.278481,7591,0.941689079772035,28,-88,0.001869,51,2025-07-06 04:18:37.000455,28.6000003814697,1.037,0.0011,"aoml_navis",1023.76406736952
"7901009",75,0.291755533648654,1,0.297171,1,0.274743,1,205.274188009078,1,4.88304918211946,29.7000007629395,1,26.9769992828369,36.4570007324219,0.297170996665955,0.284087985754013,197.945495605469,-88.2984,27.5815,9.93357174349209,63,63,63,63,61,63,0.274743,7591,0.941689079772035,28,-88,0.001869,51,2025-07-06 04:18:37.000455,29.7000007629395,1.037,0.0011,"aoml_navis",1023.95036656784
"7901009",75,0.273892949955879,4,0.28035,1,0.257922,1,208.906271421975,1,4.88213185133259,32,1,26.3740005493164,36.4440002441406,0.280349999666214,0.267266988754272,201.447906494141,-88.2984,27.5815,9.93357174349209,63,63,63,63,61,63,0.257922,7591,0.941689079772035,28,-88,0.001869,51,2025-07-06 04:18:37.000455,32,1.037,0.0011,"aoml_navis",1024.14276227203
"7901009",75,0.327480701034203,1,0.330813,1,0.308385,1,202.018456125333,1,4.88179132553012,34.2999992370605,1,26.2700004577637,36.4819984436035,0.330812990665436,0.317730009555817,194.805999755859,-88.2984,27.5815,9.93357174349209,63,63,63,63,61,63,0.308385,7591,0.941689079772035,28,-88,0.001869,51,2025-07-06 04:18:37.000455,34.2999992370605,1.037,0.0011,"aoml_navis",1024.21420060536
"7901009",75,0.331450164077042,1,0.334551,1,0.312123,1,203.397383189951,1,4.88111174411538,35.7999992370605,1,25.8610000610352,36.492000579834,0.334551006555557,0.321467995643616,196.135696411133,-88.2984,27.5815,9.93357174349209,63,63,63,63,61,63,0.312123,7591,0.941689079772035,28,-88,0.001869,51,2025-07-06 04:18:37.000455,35.7999992370605,1.037,0.0011,"aoml_navis",1024.35679863874
"7901009",75,0.347328016248398,1,0.349503,1,0.327075,1,200.811881098031,1,4.880481974439,38.2000007629395,1,25.5330009460449,36.5180015563965,0.349503010511398,0.336419999599457,193.642501831055,-88.2984,27.5815,9.93357174349209,63,63,63,63,61,63,0.327075,7591,0.941689079772035,28,-88,0.001869,51,2025-07-06 04:18:37.000455,38.2000007629395,1.037,0.0011,"aoml_navis",1024.4889800202
"7901009",75,0.400915767326722,1,0.399966,1,0.377538,1,197.332670714193,1,4.87973232002257,39.7000007629395,1,25.1030006408691,36.5419998168945,0.39996600151062,0.386882990598679,190.287506103516,-88.2984,27.5815,9.93357174349209,63,63,63,63,61,63,0.377538,7591,0.941689079772035,28,-88,0.001869,51,2025-07-06 04:18:37.000455,39.7000007629395,1.037,0.0011,"aoml_navis",1024.64636830261
"7901009",75,0.422747814062335,1,0.420525,1,0.398097,1,196.238918862254,1,4.87901177053529,41.9000015258789,1,24.6560001373291,36.548999786377,0.420525014400482,0.407442003488541,189.232803344727,-88.2984,27.5815,9.93357174349209,63,63,63,63,61,63,0.398097,7591,0.941689079772035,28,-88,0.001869,51,2025-07-06 04:18:37.000455,41.9000015258789,1.037,0.0011,"aoml_navis",1024.79769165456
"7901009",75,0.496182880354854,1,0.489678,1,0.46725,1,194.67083496197,1,4.8781231751779,44.0999984741211,1,24.0049991607666,36.523998260498,0.489677995443344,0.476595014333725,187.720703125,-88.2984,27.5815,9.93357174349209,63,63,63,63,61,63,0.46725,7591,0.941689079772035,28,-88,0.001869,51,2025-07-06 04:18:37.000455,44.0999984741211,1.037,0.0011,"aoml_navis",1024.98436805414
"7901009",75,0.662900328154084,1,0.646674,1,0.624246,1,193.401613798445,1,4.87744861139278,46,1,23.5450000762939,36.5200004577637,0.646673977375031,0.633590996265411,186.496795654297,-88.2984,27.5815,9.93357174349209,63,63,63,63,61,63,0.624246,7591,0.941689079772035,28,-88,0.001869,51,2025-07-06 04:18:37.000455,46,1.037,0.0011,"aoml_navis",1025.12612604897
"7901009",75,0.579541604254469,4,0.568176,1,0.545748,1,190.146499040063,1,4.87667954171744,48,1,23.0879993438721,36.5449981689453,0.568175971508026,0.555092990398407,183.357894897461,-88.2984,27.5815,9.93357174349209,63,63,63,63,61,63,0.545748,7591,0.941689079772035,28,-88,0.001869,51,2025-07-06 04:18:37.000455,48,1.037,0.0011,"aoml_navis",1025.28779207812
"7901009",75,0.77801475639641,1,0.755076,1,0.732648,1,180.408118396169,1,4.87597071849362,49.9000015258789,1,22.7229995727539,36.5909996032715,0.755075991153717,0.741993010044098,173.967193603516,-88.2984,27.5815,9.93357174349209,63,63,63,63,61,63,0.732648,7591,0.941689079772035,28,-88,0.001869,51,2025-07-06 04:18:37.000455,49.9000015258789,1.037,0.0011,"aoml_navis",1025.43683887107
"7901009",75,0.684732374889698,1,0.667233,1,0.644805,1,179.968424486795,1,4.87550530899476,52,1,22.3850002288818,36.5800018310547,0.667232990264893,0.654150009155273,173.543197631836,-88.2984,27.5815,9.93357174349209,63,63,63,63,61,63,0.644805,7591,0.941689079772035,28,-88,0.001869,51,2025-07-06 04:18:37.000455,52,1.037,0.0011,"aoml_navis",1025.53472575972
"7901009",75,0.650991939025568,4,0.63546,1,0.613032,1,175.831849001395,1,4.87506275710924,54,1,22.0939998626709,36.5820007324219,0.635460019111633,0.622376978397369,169.554306030273,-88.2984,27.5815,9.93357174349209,63,63,63,63,61,63,0.613032,7591,0.941689079772035,28,-88,0.001869,51,2025-07-06 04:18:37.000455,54,1.037,0.0011,"aoml_navis",1025.6278224744
"7901009",75,0.680762911846859,1,0.663495,1,0.641067,1,168.500083212747,1,4.87469333819233,56,1,21.8659992218018,36.5880012512207,0.663495004177094,0.650412023067474,162.484298706055,-88.2984,27.5815,9.93357174349209,63,63,63,63,61,63,0.641067,7591,0.941689079772035,28,-88,0.001869,51,2025-07-06 04:18:37.000455,56,1.037,0.0011,"aoml_navis",1025.70554763433
"7901009",75,0.680762911846859,1,0.663495,1,0.641067,1,162.696177409687,1,4.87442170106317,58,1,21.7180004119873,36.5970001220703,0.663495004177094,0.650412023067474,156.887603759766,-88.2984,27.5815,9.93357174349209,63,63,63,63,61,63,0.641067,7591,0.941689079772035,28,-88,0.001869,51,2025-07-06 04:18:37.000455,58,1.037,0.0011,"aoml_navis",1025.762707176
"7901009",75,0.627175160768535,1,0.613032,1,0.590604,1,153.989108189963,1,4.87412452961095,60,1,21.5419998168945,36.6030006408691,0.613031983375549,0.59994900226593,148.491394042969,-88.2984,27.5815,9.93357174349209,63,63,63,63,61,63,0.590604,7591,0.941689079772035,28,-88,0.001869,51,2025-07-06 04:18:37.000455,60,1.037,0.0011,"aoml_navis",1025.82524710322
"7901009",75,0.599388919468663,1,0.586866,1,0.564438,1,149.335365826525,1,4.87351940958377,62,1,21.1669998168945,36.6220016479492,0.586866021156311,0.573782980442047,144.003799438477,-88.2984,27.5815,9.93357174349209,63,63,63,63,61,63,0.564438,7591,0.941689079772035,28,-88,0.001869,51,2025-07-06 04:18:37.000455,62,1.037,0.0011,"aoml_navis",1025.95261858761
"7901009",75,0.535877510783242,1,0.527058,1,0.50463,1,147.136152564475,1,4.87328472726243,64,1,21,36.6150016784668,0.527058005332947,0.513975024223328,141.883102416992,-88.2984,27.5815,9.93357174349209,63,63,63,63,61,63,0.50463,7591,0.941689079772035,28,-88,0.001869,51,2025-07-06 04:18:37.000455,64,1.037,0.0011,"aoml_navis",1026.00202529286
"7901009",75,0.50809126948337,1,0.500892,1,0.478464,1,144.836648519052,1,4.87305050874084,66,1,20.8519992828369,36.6150016784668,0.500891983509064,0.487809002399445,139.66569519043,-88.2984,27.5815,9.93357174349209,63,63,63,63,61,63,0.478464,7591,0.941689079772035,28,-88,0.001869,51,2025-07-06 04:18:37.000455,66,1.037,0.0011,"aoml_navis",1026.05133910093
"7901009",75,0.450534055362207,1,0.446691,1,0.424263,1,142.0870860229,1,4.87278502923813,68,1,20.681999206543,36.6160011291504,0.446691006422043,0.433607995510101,137.014297485352,-88.2984,27.5815,9.93357174349209,63,63,63,63,61,63,0.424263,7591,0.941689079772035,28,-88,0.001869,51,2025-07-06 04:18:37.000455,68,1.037,0.0011,"aoml_navis",1026.10724052027
"7901009",75,0.404885230369561,1,0.403704,1,0.381276,1,141.127013018854,1,4.87213949777907,70,1,20.2430000305176,36.6269989013672,0.403703987598419,0.3906210064888,136.088500976562,-88.2984,27.5815,9.93357174349209,63,63,63,63,61,63,0.381276,7591,0.941689079772035,28,-88,0.001869,51,2025-07-06 04:18:37.000455,70,1.037,0.0011,"aoml_navis",1026.24319403811
"7901009",75,0.398931035805302,4,0.398097,1,0.375669,1,140.778669486952,1,4.87192085908938,72,1,20.1009998321533,36.6259994506836,0.398097008466721,0.385013997554779,135.752593994141,-88.2984,27.5815,9.93357174349209,63,63,63,63,61,63,0.375669,7591,0.941689079772035,28,-88,0.001869,51,2025-07-06 04:18:37.000455,72,1.037,0.0011,"aoml_navis",1026.28924906932
"7901009",75,0.40686996189098,1,0.405573,1,0.383145,1,140.403583855981,1,4.87180765217649,74,1,20.0330009460449,36.6220016479492,0.405573010444641,0.3924899995327,135.390899658203,-88.2984,27.5815,9.93357174349209,63,63,63,63,61,63,0.383145,7591,0.941689079772035,28,-88,0.001869,51,2025-07-06 04:18:37.000455,74,1.037,0.0011,"aoml_navis",1026.31309710396
"7901009",75,0.37312952602685,1,0.3738,1,0.351372,1,139.276855356433,1,4.87168903563208,76,1,19.9519996643066,36.6150016784668,0.373800009489059,0.360716998577118,134.304397583008,-88.2984,27.5815,9.93357174349209,63,63,63,63,61,63,0.351372,7591,0.941689079772035,28,-88,0.001869,51,2025-07-06 04:18:37.000455,76,1.037,0.0011,"aoml_navis",1026.33808591424
"7901009",75,0.313587580384267,1,0.31773,1,0.295302,1,138.944383022973,1,4.87143506657449,78,1,19.7490005493164,36.6030006408691,0.317730009555817,0.304646998643875,133.983795166016,-88.2984,27.5815,9.93357174349209,63,63,63,63,61,63,0.295302,7591,0.941689079772035,28,-88,0.001869,51,2025-07-06 04:18:37.000455,78,1.037,0.0011,"aoml_navis",1026.39159337413
"7901009",75,0.309618117341429,1,0.313992,1,0.291564,1,138.67787980846,1,4.87129951318125,80,1,19.6480007171631,36.5940017700195,0.313991993665695,0.300909012556076,133.726806640625,-88.2984,27.5815,9.93357174349209,63,63,63,63,61,63,0.291564,7591,0.941689079772035,28,-88,0.001869,51,2025-07-06 04:18:37.000455,80,1.037,0.0011,"aoml_navis",1026.42015471857
"7901009",75,0.309618117341429,1,0.313992,1,0.291564,1,138.543678777568,1,4.87112582811532,82,1,19.4899997711182,36.576000213623,0.313991993665695,0.300909012556076,133.597396850586,-88.2984,27.5815,9.93357174349209,63,63,63,63,61,63,0.291564,7591,0.941689079772035,28,-88,0.001869,51,2025-07-06 04:18:37.000455,82,1.037,0.0011,"aoml_navis",1026.45675279847
"7901009",75,0.265954023870202,1,0.272874,1,0.250446,1,138.608287055971,1,4.87096059313315,84,1,19.3379993438721,36.5579986572266,0.272873997688293,0.259790986776352,133.659698486328,-88.2984,27.5815,9.93357174349209,63,63,63,63,61,63,0.250446,7591,0.941689079772035,28,-88,0.001869,51,2025-07-06 04:18:37.000455,84,1.037,0.0011,"aoml_navis",1026.49157274004
"7901009",75,0.252060903220266,1,0.259791,1,0.237363,1,138.775353968382,1,4.87087213337855,86,1,19.261999130249,36.5449981689453,0.259790986776352,0.246708005666733,133.82080078125,-88.2984,27.5815,9.93357174349209,63,63,63,63,61,63,0.237363,7591,0.941689079772035,28,-88,0.001869,51,2025-07-06 04:18:37.000455,86,1.037,0.0011,"aoml_navis",1026.51021482099
"7901009",75,0.23816778257033,1,0.246708,1,0.22428,1,138.955174804964,1,4.87069870868472,88,1,19.1140003204346,36.5309982299805,0.246708005666733,0.233624994754791,133.994201660156,-88.2984,27.5815,9.93357174349209,63,63,63,63,61,63,0.22428,7591,0.941689079772035,28,-88,0.001869,51,2025-07-06 04:18:37.000455,88,1.037,0.0011,"aoml_navis",1026.54676444772
"7901009",75,0.226259393441813,1,0.235494,1,0.213066,1,139.028280424906,1,4.87057821185464,90,1,19.0349998474121,36.5260009765625,0.235494002699852,0.222411006689072,134.064697265625,-88.2984,27.5815,9.93357174349209,63,63,63,63,61,63,0.213066,7591,0.941689079772035,28,-88,0.001869,51,2025-07-06 04:18:37.000455,90,1.037,0.0011,"aoml_navis",1026.57216094598
"7901009",75,0.216335735834716,1,0.226149,1,0.203721,1,139.101180336392,1,4.87050101770284,92,1,18.9969997406006,36.5229988098145,0.226148992776871,0.21306599676609,134.134994506836,-88.2984,27.5815,9.93357174349209,63,63,63,63,61,63,0.203721,7591,0.941689079772035,28,-88,0.001869,51,2025-07-06 04:18:37.000455,92,1.037,0.0011,"aoml_navis",1026.58843142142
"7901009",75,0.196488420620522,1,0.207459,1,0.185031,1,139.099835319575,1,4.87040528746759,94,1,18.931999206543,36.515998840332,0.207459002733231,0.19437600672245,134.133697509766,-88.2984,27.5815,9.93357174349209,63,63,63,63,61,63,0.185031,7591,0.941689079772035,28,-88,0.001869,51,2025-07-06 04:18:37.000455,94,1.037,0.0011,"aoml_navis",1026.60860952699
"7901009",75,0.186564763013425,1,0.198114,1,0.175686,1,138.800038982907,1,4.87028883011013,96,1,18.8409996032715,36.5060005187988,0.198113992810249,0.185030996799469,133.844604492188,-88.2984,27.5815,9.93357174349209,63,63,63,63,61,63,0.175686,7591,0.941689079772035,28,-88,0.001869,51,2025-07-06 04:18:37.000455,96,1.037,0.0011,"aoml_navis",1026.63315758358
"7901009",75,0.180610568449167,1,0.192507,1,0.170079,1,138.429399819296,1,4.87017880275447,98,1,18.7549991607666,36.4959983825684,0.19250699877739,0.179424002766609,133.487197875977,-88.2984,27.5815,9.93357174349209,63,63,63,63,61,63,0.170079,7591,0.941689079772035,28,-88,0.001869,51,2025-07-06 04:18:37.000455,98,1.037,0.0011,"aoml_navis",1026.65635133809
"7901009",75,0.172671642363489,1,0.185031,1,0.162603,1,137.923436140158,1,4.87011657533191,100,1,18.7259998321533,36.492000579834,0.185030996799469,0.171948000788689,132.999298095703,-88.2984,27.5815,9.93357174349209,63,63,63,63,61,63,0.162603,7591,0.941689079772035,28,-88,0.001869,51,2025-07-06 04:18:37.000455,100,1.037,0.0011,"aoml_navis",1026.6694693359
"7901009",75,0.162747984756392,1,0.175686,1,0.153258,1,137.624573403398,1,4.87002999748911,102,1,18.6590003967285,36.4819984436035,0.175686001777649,0.162603005766869,132.71110534668,-88.2984,27.5815,9.93357174349209,63,63,63,63,61,63,0.153258,7591,0.941689079772035,28,-88,0.001869,51,2025-07-06 04:18:37.000455,102,1.037,0.0011,"aoml_navis",1026.68772113886
"7901009",75,0.152824327149295,1,0.166341,1,0.143913,1,138.68596573309,1,4.8699266189268,104,1,18.5659999847412,36.4679985046387,0.166341006755829,0.153257995843887,133.734603881836,-88.2984,27.5815,9.93357174349209,63,63,63,63,61,63,0.143913,7591,0.941689079772035,28,-88,0.001869,51,2025-07-06 04:18:37.000455,104,1.037,0.0011,"aoml_navis",1026.70951561522
"7901009",75,0.13694647497794,1,0.151389,1,0.128961,1,139.382114790166,1,4.86978983030642,106,1,18.4419994354248,36.4529991149902,0.151389002799988,0.138306006789207,134.405899047852,-88.2984,27.5815,9.93357174349209,63,63,63,63,61,63,0.128961,7591,0.941689079772035,28,-88,0.001869,51,2025-07-06 04:18:37.000455,106,1.037,0.0011,"aoml_navis",1026.73835508942
"7901009",75,0.119083891285165,1,0.134568,1,0.11214,1,139.965757146424,1,4.8696456471136,108.099998474121,1,18.306999206543,36.4360008239746,0.134568005800247,0.121485002338886,134.968704223633,-88.2984,27.5815,9.93357174349209,63,63,63,63,61,63,0.11214,7591,0.941689079772035,28,-88,0.001869,51,2025-07-06 04:18:37.000455,108.099998474121,1.037,0.0011,"aoml_navis",1026.76875533308
"7901009",75,0.105190770635229,1,0.121485,1,0.099057,1,139.8721123285,1,4.86957183968307,110,1,18.2479991912842,36.4259986877441,0.121485002338886,0.108401998877525,134.878402709961,-88.2984,27.5815,9.93357174349209,63,63,63,63,61,63,0.099057,7591,0.941689079772035,28,-88,0.001869,51,2025-07-06 04:18:37.000455,110,1.037,0.0011,"aoml_navis",1026.78431792587
"7901009",75,0.0932823815067125,1,0.110271,1,0.087843,1,139.810304849822,1,4.86943436824693,112,1,18.1159992218018,36.4090003967285,0.110270999372005,0.0971880033612251,134.818801879883,-88.2984,27.5815,9.93357174349209,63,63,63,63,61,63,0.087843,7591,0.941689079772035,28,-88,0.001869,51,2025-07-06 04:18:37.000455,112,1.037,0.0011,"aoml_navis",1026.81330558729
"7901009",75,0.081373992378196,1,0.099057,1,0.076629,1,139.561318501386,1,4.86935217632473,114,1,18.0330009460449,36.3930015563965,0.0990569964051247,0.0859740003943443,134.578704833984,-88.2984,27.5815,9.93357174349209,63,63,63,63,61,63,0.076629,7591,0.941689079772035,28,-88,0.001869,51,2025-07-06 04:18:37.000455,114,1.037,0.0011,"aoml_navis",1026.83063761756
"7901009",75,0.0615266771640018,1,0.080367,1,0.057939,1,139.405755438693,1,4.86918228165278,116,1,17.8479995727539,36.3680000305176,0.0803669989109039,0.0672840029001236,134.428695678711,-88.2984,27.5815,9.93357174349209,63,63,63,63,61,63,0.057939,7591,0.941689079772035,28,-88,0.001869,51,2025-07-06 04:18:37.000455,116,1.037,0.0011,"aoml_navis",1026.86646561583
"7901009",75,0.0496182880354854,1,0.069153,1,0.046725,1,139.111861352293,1,4.86902894631269,118,1,17.6790008544922,36.3440017700195,0.0691530033946037,0.0560699999332428,134.145294189453,-88.2984,27.5815,9.93357174349209,63,63,63,63,61,63,0.046725,7591,0.941689079772035,28,-88,0.001869,51,2025-07-06 04:18:37.000455,118,1.037,0.0011,"aoml_navis",1026.89880366936
"7901009",75,0.0357251673855495,1,0.05607,1,0.033642,1,138.974875345403,1,4.86889406299836,120,1,17.5310001373291,36.3219985961914,0.0560699999332428,0.0429870001971722,134.013198852539,-88.2984,27.5815,9.93357174349209,63,63,63,63,61,63,0.033642,7591,0.941689079772035,28,-88,0.001869,51,2025-07-06 04:18:37.000455,120,1.037,0.0011,"aoml_navis",1026.92725191907
"7901009",75,0.0337404358641301,1,0.054201,1,0.031773,1,138.970935237315,1,4.86877110027206,122,1,17.4050006866455,36.3040008544922,0.0542009994387627,0.041117999702692,134.009399414062,-88.2984,27.5815,9.93357174349209,63,63,63,63,61,63,0.031773,7591,0.941689079772035,28,-88,0.001869,51,2025-07-06 04:18:37.000455,122,1.037,0.0011,"aoml_navis",1026.95318737014
"7901009",75,0.0317557043427106,1,0.052332,1,0.029904,1,138.760938552848,1,4.86869519816654,124,1,17.3409996032715,36.2929992675781,0.0523319989442825,0.0392489992082119,133.806900024414,-88.2984,27.5815,9.93357174349209,63,63,63,63,61,63,0.029904,7591,0.941689079772035,28,-88,0.001869,51,2025-07-06 04:18:37.000455,124,1.037,0.0011,"aoml_navis",1026.96919739049
"7901009",75,0.0218320467356136,1,0.042987,1,0.020559,1,138.26253861534,1,4.8686272320488,126,1,17.2900009155273,36.2840003967285,0.0429870001971722,0.0299040004611015,133.326293945312,-88.2984,27.5815,9.93357174349209,63,63,63,63,61,63,0.020559,7591,0.941689079772035,28,-88,0.001869,51,2025-07-06 04:18:37.000455,126,1.037,0.0011,"aoml_navis",1026.98353389769
"7901009",75,0.0198473152141941,1,0.041118,1,0.01869,1,137.972489694664,1,4.86848665394634,128,1,17.1350002288818,36.2620010375977,0.041117999702692,0.0280349999666214,133.046600341797,-88.2984,27.5815,9.93357174349209,63,63,63,63,61,63,0.01869,7591,0.941689079772035,28,-88,0.001869,51,2025-07-06 04:18:37.000455,128,1.037,0.0011,"aoml_navis",1027.01318816332
"7901009",75,0.0198473152141941,1,0.041118,1,0.01869,1,137.714167347144,1,4.86836347193938,130,1,17.0069999694824,36.2439994812012,0.041117999702692,0.0280349999666214,132.797500610352,-88.2984,27.5815,9.93357174349209,63,63,63,63,61,63,0.01869,7591,0.941689079772035,28,-88,0.001869,51,2025-07-06 04:18:37.000455,130,1.037,0.0011,"aoml_navis",1027.03917421519
"7901009",75,0.0158778521713553,1,0.03738,1,0.014952,1,137.233616573985,1,4.86830003048076,132,1,16.9529991149902,36.2330017089844,0.0373799987137318,0.0242970008403063,132.334106445312,-88.2984,27.5815,9.93357174349209,63,63,63,63,61,63,0.014952,7591,0.941689079772035,28,-88,0.001869,51,2025-07-06 04:18:37.000455,132,1.037,0.0011,"aoml_navis",1027.05255811981
"7901009",75,0.0198473152141941,1,0.041118,1,0.01869,1,136.499189920667,1,4.86823765326676,134,1,16.9029998779297,36.2229995727539,0.041117999702692,0.0280349999666214,131.625900268555,-88.2984,27.5815,9.93357174349209,63,63,63,63,61,63,0.01869,7591,0.941689079772035,28,-88,0.001869,51,2025-07-06 04:18:37.000455,134,1.037,0.0011,"aoml_navis",1027.06571784654
"7901009",75,0.0158778521713553,1,0.03738,1,0.014952,1,136.435831716718,1,4.86807870678318,136,1,16.7199993133545,36.1980018615723,0.0373799987137318,0.0242970008403063,131.564804077148,-88.2984,27.5815,9.93357174349209,63,63,63,63,61,63,0.014952,7591,0.941689079772035,28,-88,0.001869,51,2025-07-06 04:18:37.000455,136,1.037,0.0011,"aoml_navis",1027.09925232577
"7901009",75,0.0138931206499359,1,0.035511,1,0.013083,1,136.315539742087,1,4.86799263836904,138,1,16.6389999389648,36.185001373291,0.0355109982192516,0.0224280003458261,131.448806762695,-88.2984,27.5815,9.93357174349209,63,63,63,63,61,63,0.013083,7591,0.941689079772035,28,-88,0.001869,51,2025-07-06 04:18:37.000455,138,1.037,0.0011,"aoml_navis",1027.11741192673
"7901009",75,0.00793892608567766,4,0.029904,1,0.007476,1,136.037295321948,1,4.86793916926436,140,1,16.6060009002686,36.1780014038086,0.0299040004611015,0.0168210007250309,131.18049621582,-88.2984,27.5815,9.93357174349209,63,63,63,63,61,63,0.007476,7591,0.941689079772035,28,-88,0.001869,51,2025-07-06 04:18:37.000455,140,1.037,0.0011,"aoml_navis",1027.12869371283
"7901009",75,0.0158778521713553,1,0.03738,1,0.014952,1,135.87760226644,1,4.86784784464654,142,1,16.5200004577637,36.1650009155273,0.0373799987137318,0.0242970008403063,131.026504516602,-88.2984,27.5815,9.93357174349209,63,63,63,63,61,63,0.014952,7591,0.941689079772035,28,-88,0.001869,51,2025-07-06 04:18:37.000455,142,1.037,0.0011,"aoml_navis",1027.14796344729
"7901009",75,0.0119083891285165,1,0.033642,1,0.011214,1,135.53900615053,1,4.86779002955266,144,1,16.4829998016357,36.1580009460449,0.0336420014500618,0.020558999851346,130.699996948242,-88.2984,27.5815,9.93357174349209,63,63,63,63,61,63,0.011214,7591,0.941689079772035,28,-88,0.001869,51,2025-07-06 04:18:37.000455,144,1.037,0.0011,"aoml_navis",1027.16016295787
"7901009",75,0.00992365760709707,1,0.031773,1,0.009345,1,135.471597072403,1,4.86769381013464,146,1,16.3889999389648,36.1440010070801,0.0317730009555817,0.0186899993568659,130.634994506836,-88.2984,27.5815,9.93357174349209,63,63,63,63,61,63,0.009345,7591,0.941689079772035,28,-88,0.001869,51,2025-07-06 04:18:37.000455,146,1.037,0.0011,"aoml_navis",1027.18046677256
"7901009",75,0.00793892608567766,1,0.029904,1,0.007476,1,135.282028819828,1,4.867627518972,148,1,16.3409996032715,36.1360015869141,0.0299040004611015,0.0168210007250309,130.452194213867,-88.2984,27.5815,9.93357174349209,63,63,63,63,61,63,0.007476,7591,0.941689079772035,28,-88,0.001869,51,2025-07-06 04:18:37.000455,148,1.037,0.0011,"aoml_navis",1027.19445572038
"7901009",75,0.00595419456425824,1,0.028035,1,0.005607,1,135.118917839232,1,4.86754323350076,150,1,16.2670001983643,36.125,0.0280349999666214,0.0149520002305508,130.294906616211,-88.2984,27.5815,9.93357174349209,63,63,63,63,61,63,0.005607,7591,0.941689079772035,28,-88,0.001869,51,2025-07-06 04:18:37.000455,150,1.037,0.0011,"aoml_navis",1027.21224242809
"7901009",75,0.00595419456425824,1,0.028035,1,0.005607,1,134.690522071122,1,4.86749165757209,152,1,16.2320003509521,36.117000579834,0.0280349999666214,0.0149520002305508,129.881805419922,-88.2984,27.5815,9.93357174349209,63,63,63,63,61,63,0.005607,7591,0.941689079772035,28,-88,0.001869,51,2025-07-06 04:18:37.000455,152,1.037,0.0011,"aoml_navis",1027.22312676628
"7901009",75,0.00793892608567766,1,0.029904,1,0.007476,1,134.411977000164,1,4.86740195720371,154,1,16.1429996490479,36.1030006408691,0.0299040004611015,0.0168210007250309,129.613204956055,-88.2984,27.5815,9.93357174349209,63,63,63,63,61,63,0.007476,7591,0.941689079772035,28,-88,0.001869,51,2025-07-06 04:18:37.000455,154,1.037,0.0011,"aoml_navis",1027.24205725398
"7901009",75,0.00793892608567766,1,0.029904,1,0.007476,1,134.456156846674,1,4.86727176528643,156,1,15.9940004348755,36.0820007324219,0.0299040004611015,0.0168210007250309,129.655807495117,-88.2984,27.5815,9.93357174349209,63,63,63,63,61,63,0.007476,7591,0.941689079772035,28,-88,0.001869,51,2025-07-06 04:18:37.000455,156,1.037,0.0011,"aoml_navis",1027.26953437451
"7901009",75,0.0119083891285165,1,0.033642,1,0.011214,1,134.215462131322,1,4.86721836674964,158,1,15.9569997787476,36.0740013122559,0.0336420014500618,0.020558999851346,129.423706054688,-88.2984,27.5815,9.93357174349209,63,63,63,63,61,63,0.011214,7591,0.941689079772035,28,-88,0.001869,51,2025-07-06 04:18:37.000455,158,1.037,0.0011,"aoml_navis",1027.28080460853
"7901009",75,0.00198473152141941,4,0.024297,1,0.001869,1,134.243454304845,1,4.86711732351877,160.100006103516,1,15.8520002365112,36.0579986572266,0.0242970008403063,0.0112140001729131,129.450698852539,-88.2984,27.5815,9.93357174349209,63,63,63,63,61,63,0.001869,7591,0.941689079772035,28,-88,0.001869,51,2025-07-06 04:18:37.000455,160.100006103516,1.037,0.0011,"aoml_navis",1027.30213135383
"7901009",75,0.00793892608567766,1,0.029904,1,0.007476,1,134.02339372984,1,4.86702929475705,162,1,15.7580003738403,36.0429992675781,0.0299040004611015,0.0168210007250309,129.238494873047,-88.2984,27.5815,9.93357174349209,63,63,63,63,61,63,0.007476,7591,0.941689079772035,28,-88,0.001869,51,2025-07-06 04:18:37.000455,162,1.037,0.0011,"aoml_navis",1027.3207119148
"7901009",75,0.00793892608567766,1,0.029904,1,0.007476,1,133.612942068443,1,4.86695695438547,164,1,15.6999998092651,36.0340003967285,0.0299040004611015,0.0168210007250309,128.842697143555,-88.2984,27.5815,9.93357174349209,63,63,63,63,61,63,0.007476,7591,0.941689079772035,28,-88,0.001869,51,2025-07-06 04:18:37.000455,164,1.037,0.0011,"aoml_navis",1027.33598157153
"7901009",75,0.00198473152141941,4,0.024297,1,0.001869,1,132.910874937371,1,4.86688337872639,166,1,15.6239995956421,36.0200004577637,0.0242970008403063,0.0112140001729131,128.16569519043,-88.2984,27.5815,9.93357174349209,63,63,63,63,61,63,0.001869,7591,0.941689079772035,28,-88,0.001869,51,2025-07-06 04:18:37.000455,166,1.037,0.0011,"aoml_navis",1027.35151243925
"7901009",75,0.00396946304283883,1,0.026166,1,0.003738,1,132.231522766781,1,4.86679593964295,168,1,15.5349998474121,36.0060005187988,0.0261659994721413,0.0130829997360706,127.510597229004,-88.2984,27.5815,9.93357174349209,63,63,63,63,61,63,0.003738,7591,0.941689079772035,28,-88,0.001869,51,2025-07-06 04:18:37.000455,168,1.037,0.0011,"aoml_navis",1027.36997030675
"7901009",75,0.00793892608567766,1,0.029904,1,0.007476,1,131.364263834979,1,4.86672100989389,170,1,15.46399974823,35.9939994812012,0.0299040004611015,0.0168210007250309,126.674301147461,-88.2984,27.5815,9.93357174349209,63,63,63,63,61,63,0.007476,7591,0.941689079772035,28,-88,0.001869,51,2025-07-06 04:18:37.000455,170,1.037,0.0011,"aoml_navis",1027.3857880563
"7901009",75,0.00595419456425824,1,0.028035,1,0.005607,1,129.786843935611,1,4.86666489059532,172,1,15.4169998168945,35.984001159668,0.0280349999666214,0.0149520002305508,125.153198242188,-88.2984,27.5815,9.93357174349209,63,63,63,63,61,63,0.005607,7591,0.941689079772035,28,-88,0.001869,51,2025-07-06 04:18:37.000455,172,1.037,0.0011,"aoml_navis",1027.3976352188
"7901009",75,0,1,0.022428,1,0,1,128.112155584776,1,4.86656419802376,174,1,15.2980003356934,35.9650001525879,0.0224280003458261,0.00934499967843294,123.538299560547,-88.2984,27.5815,9.93357174349209,63,63,63,63,61,63,0,7591,0.941689079772035,28,-88,0.001869,51,2025-07-06 04:18:37.000455,174,1.037,0.0011,"aoml_navis",1027.41889278486
"7901009",75,0.00396946304283883,1,0.026166,1,0.003738,1,127.38499202227,1,4.86642599511166,176,1,15.1160001754761,35.9379997253418,0.0261659994721413,0.0130829997360706,122.837097167969,-88.2984,27.5815,9.93357174349209,63,63,63,63,61,63,0.003738,7591,0.941689079772035,28,-88,0.001869,51,2025-07-06 04:18:37.000455,176,1.037,0.0011,"aoml_navis",1027.44807072429
"7901009",75,0.00396946304283883,1,0.026166,1,0.003738,1,127.332211979995,1,4.86632140299929,178,1,14.9849996566772,35.9169998168945,0.0261659994721413,0.0130829997360706,122.786201477051,-88.2984,27.5815,9.93357174349209,63,63,63,63,61,63,0.003738,7591,0.941689079772035,28,-88,0.001869,51,2025-07-06 04:18:37.000455,178,1.037,0.0011,"aoml_navis",1027.47015372193
"7901009",75,0.00396946304283883,1,0.026166,1,0.003738,1,127.272271701134,1,4.86623156764867,180,1,14.8879995346069,35.9020004272461,0.0261659994721413,0.0130829997360706,122.728401184082,-88.2984,27.5815,9.93357174349209,63,63,63,63,61,63,0.003738,7591,0.941689079772035,28,-88,0.001869,51,2025-07-06 04:18:37.000455,180,1.037,0.0011,"aoml_navis",1027.48912181669
"7901009",75,0.00396946304283883,1,0.026166,1,0.003738,1,127.202995423189,1,4.86615801106435,182,1,14.8129997253418,35.8889999389648,0.0261659994721413,0.0130829997360706,122.661598205566,-88.2984,27.5815,9.93357174349209,63,63,63,63,61,63,0.003738,7591,0.941689079772035,28,-88,0.001869,51,2025-07-06 04:18:37.000455,182,1.037,0.0011,"aoml_navis",1027.50465328732
"7901009",75,0.00198473152141941,1,0.024297,1,0.001869,1,127.44721882972,1,4.86608159754435,184,1,14.7419996261597,35.8779983520508,0.0242970008403063,0.0112140001729131,122.897102355957,-88.2984,27.5815,9.93357174349209,63,63,63,63,61,63,0.001869,7591,0.941689079772035,28,-88,0.001869,51,2025-07-06 04:18:37.000455,184,1.037,0.0011,"aoml_navis",1027.5207884971
"7901009",75,0.00396946304283883,1,0.026166,1,0.003738,1,127.693198669977,1,4.86602277378099,186,1,14.7049999237061,35.8720016479492,0.0261659994721413,0.0130829997360706,123.134300231934,-88.2984,27.5815,9.93357174349209,63,63,63,63,61,63,0.003738,7591,0.941689079772035,28,-88,0.001869,51,2025-07-06 04:18:37.000455,186,1.037,0.0011,"aoml_navis",1027.53320986102
"7901009",75,0.00396946304283883,1,0.026166,1,0.003738,1,127.764025673193,1,4.86595717262005,188,1,14.6510000228882,35.8629989624023,0.0261659994721413,0.0130829997360706,123.202598571777,-88.2984,27.5815,9.93357174349209,63,63,63,63,61,63,0.003738,7591,0.941689079772035,28,-88,0.001869,51,2025-07-06 04:18:37.000455,188,1.037,0.0011,"aoml_navis",1027.54706271033
"7901009",75,0,1,0.022428,1,0,1,127.644975861152,1,4.86589010335915,190,1,14.5920000076294,35.8530006408691,0.0224280003458261,0.00934499967843294,123.087799072266,-88.2984,27.5815,9.93357174349209,63,63,63,63,61,63,0,7591,0.941689079772035,28,-88,0.001869,51,2025-07-06 04:18:37.000455,190,1.037,0.0011,"aoml_navis",1027.56122596116
"7901009",75,-0.00198473152141941,1,0.020559,1,-0.001869,1,127.813284936153,1,4.86580603821746,192,1,14.4989995956421,35.8380012512207,0.020558999851346,0.00747600011527538,123.250099182129,-88.2984,27.5815,9.93357174349209,63,63,63,63,61,63,-0.001869,7591,0.941689079772035,28,-88,0.001869,51,2025-07-06 04:18:37.000455,192,1.037,0.0011,"aoml_navis",1027.57897884308
"7901009",75,0,1,0.024297,1,0.001869,1,128.188275624761,1,4.86574250779699,194,1,14.4359998703003,35.826000213623,0.0242970008403063,0,123.611701965332,-88.2984,27.5815,9.93357174349209,63,63,63,63,61,63,0,7591,0.941689079772035,28,-88,0.001869,51,2025-07-06 04:18:37.000455,194,1.037,0.0011,"aoml_navis",1027.59239560825
"7901009",75,0,1,0.024297,1,0.001869,1,128.644877186712,1,4.86567231936723,196,1,14.3769998550415,35.8170013427734,0.0242970008403063,0,124.052001953125,-88.2984,27.5815,9.93357174349209,63,63,63,63,61,63,0,7591,0.941689079772035,28,-88,0.001869,51,2025-07-06 04:18:37.000455,196,1.037,0.0011,"aoml_navis",1027.60721886225
"7901009",75,0,1,0.022428,1,0,1,128.875508011526,1,4.8656033223356,198,1,14.3190002441406,35.8079986572266,0.0224280003458261,0,124.274398803711,-88.2984,27.5815,9.93357174349209,63,63,63,63,61,63,0,7591,0.941689079772035,28,-88,0.001869,51,2025-07-06 04:18:37.000455,198,1.037,0.0011,"aoml_navis",1027.62179091901
"7901009",75,0,4,0.014952,1,-0.007476,1,128.984398990666,1,4.86554467041403,200,1,14.2779998779297,35.8009986877441,0.0149520002305508,0,124.379402160645,-88.2984,27.5815,9.93357174349209,63,63,63,63,61,63,0,7591,0.941689079772035,28,-88,0.001869,51,2025-07-06 04:18:37.000455,200,1.037,0.0011,"aoml_navis",1027.63417843095
"7901009",75,0,1,0.024297,1,0.001869,1,128.890445610059,1,4.86549159575606,202,1,14.2530002593994,35.7970008850098,0.0242970008403063,0,124.288803100586,-88.2984,27.5815,9.93357174349209,63,63,63,63,61,63,0,7591,0.941689079772035,28,-88,0.001869,51,2025-07-06 04:18:37.000455,202,1.037,0.0011,"aoml_navis",1027.64538826072
"7901009",75,0,1,0.022428,1,0,1,128.704089574118,1,4.86543659977063,204,1,14.2189998626709,35.7910003662109,0.0224280003458261,0,124.109100341797,-88.2984,27.5815,9.93357174349209,63,63,63,63,61,63,0,7591,0.941689079772035,28,-88,0.001869,51,2025-07-06 04:18:37.000455,204,1.037,0.0011,"aoml_navis",1027.65700414958
"7901009",75,0,1,0.024297,1,0.001869,1,128.211188381833,1,4.865387706359,206,1,14.1979999542236,35.7869987487793,0.0242970008403063,0,123.633796691895,-88.2984,27.5815,9.93357174349209,63,63,63,63,61,63,0,7591,0.941689079772035,28,-88,0.001869,51,2025-07-06 04:18:37.000455,206,1.037,0.0011,"aoml_navis",1027.66733131361
"7901009",75,0,1,0.022428,1,0,1,127.802398211798,1,4.86530811226027,208,1,14.1149997711182,35.773998260498,0.0224280003458261,0,123.239601135254,-88.2984,27.5815,9.93357174349209,63,63,63,63,61,63,0,7591,0.941689079772035,28,-88,0.001869,51,2025-07-06 04:18:37.000455,208,1.037,0.0011,"aoml_navis",1027.68414345647
"7901009",75,0,1,0.024297,1,0.001869,1,127.630979774391,1,4.86523144505431,210,1,14.0310001373291,35.7599983215332,0.0242970008403063,0,123.07430267334,-88.2984,27.5815,9.93357174349209,63,63,63,63,61,63,0,7591,0.941689079772035,28,-88,0.001869,51,2025-07-06 04:18:37.000455,210,1.037,0.0011,"aoml_navis",1027.70033789095
"7901009",75,0,1,0.020559,1,-0.001869,1,127.462457079072,1,4.86516098652856,212,1,13.960000038147,35.7480010986328,0.020558999851346,0,122.911796569824,-88.2984,27.5815,9.93357174349209,63,63,63,63,61,63,0,7591,0.941689079772035,28,-88,0.001869,51,2025-07-06 04:18:37.000455,212,1.037,0.0011,"aoml_navis",1027.71522131432
"7901009",75,0,1,0.024297,1,0.001869,1,127.320178035413,1,4.86508162745569,214,1,13.8800001144409,35.7360000610352,0.0242970008403063,0,122.774597167969,-88.2984,27.5815,9.93357174349209,63,63,63,63,61,63,0,7591,0.941689079772035,28,-88,0.001869,51,2025-07-06 04:18:37.000455,214,1.037,0.0011,"aoml_navis",1027.73198537573
"7901009",75,0,1,0.01869,1,-0.003738,1,127.002437592033,1,4.86502674817731,216,1,13.8420000076294,35.7290000915527,0.0186899993568659,0,122.468200683594,-88.2984,27.5815,9.93357174349209,63,63,63,63,61,63,0,7591,0.941689079772035,28,-88,0.001869,51,2025-07-06 04:18:37.000455,216,1.037,0.0011,"aoml_navis",1027.74357856784
"7901009",75,0,1,0.022428,1,0,1,126.807267740008,1,4.86495498345759,218,1,13.7799997329712,35.7200012207031,0.0224280003458261,0,122.279998779297,-88.2984,27.5815,9.93357174349209,63,63,63,63,61,63,0,7591,0.941689079772035,28,-88,0.001869,51,2025-07-06 04:18:37.000455,218,1.037,0.0011,"aoml_navis",1027.75873918702
"7901009",75,0,1,0.026166,1,0.003738,1,126.483617134495,1,4.86490467310369,220,1,13.75,35.7140007019043,0.0261659994721413,0,121.967903137207,-88.2984,27.5815,9.93357174349209,63,63,63,63,61,63,0,7591,0.941689079772035,28,-88,0.001869,51,2025-07-06 04:18:37.000455,220,1.037,0.0011,"aoml_navis",1027.76936774182
"7901009",75,0,1,0.026166,1,0.003738,1,126.245303890096,1,4.86484961988874,222,1,13.7080001831055,35.7060012817383,0.0261659994721413,0,121.738098144531,-88.2984,27.5815,9.93357174349209,63,63,63,63,61,63,0,7591,0.941689079772035,28,-88,0.001869,51,2025-07-06 04:18:37.000455,222,1.037,0.0011,"aoml_navis",1027.78099852434
"7901009",75,0,1,0.029904,1,0.007476,1,125.985945088441,1,4.86477548141623,224,1,13.6359996795654,35.6949996948242,0.0299040004611015,0,121.487998962402,-88.2984,27.5815,9.93357174349209,63,63,63,63,61,63,0,7591,0.941689079772035,28,-88,0.001869,51,2025-07-06 04:18:37.000455,224,1.037,0.0011,"aoml_navis",1027.79666175764
"7901009",75,0,1,0.026166,1,0.003738,1,125.726894849468,1,4.8647146151797,226,1,13.5880002975464,35.6870002746582,0.0261659994721413,0,121.23819732666,-88.2984,27.5815,9.93357174349209,63,63,63,63,61,63,0,7591,0.941689079772035,28,-88,0.001869,51,2025-07-06 04:18:37.000455,226,1.037,0.0011,"aoml_navis",1027.80952132283
"7901009",75,0,1,0.022428,1,0,1,125.489317408386,1,4.86465349990492,228,1,13.53600025177,35.6780014038086,0.0224280003458261,0,121.009101867676,-88.2984,27.5815,9.93357174349209,63,63,63,63,61,63,0,7591,0.941689079772035,28,-88,0.001869,51,2025-07-06 04:18:37.000455,228,1.037,0.0011,"aoml_navis",1027.82243382755
"7901009",75,0,1,0.020559,1,-0.001869,1,125.249967709851,1,4.86459085037774,230,1,13.4860000610352,35.6699981689453,0.020558999851346,0,120.778297424316,-88.2984,27.5815,9.93357174349209,63,63,63,63,61,63,0,7591,0.941689079772035,28,-88,0.001869,51,2025-07-06 04:18:37.000455,230,1.037,0.0011,"aoml_navis",1027.83567082764
"7901009",75,0,1,0.022428,1,0,1,125.178934998181,1,4.86451538447516,232,1,13.4119997024536,35.6590003967285,0.0224280003458261,0,120.709800720215,-88.2984,27.5815,9.93357174349209,63,63,63,63,61,63,0,7591,0.941689079772035,28,-88,0.001869,51,2025-07-06 04:18:37.000455,232,1.037,0.0011,"aoml_navis",1027.8516162077
"7901009",75,0,1,0.022428,1,0,1,124.906402943582,1,4.86446615142577,234,1,13.3900003433228,35.6549987792969,0.0224280003458261,0,120.446998596191,-88.2984,27.5815,9.93357174349209,63,63,63,63,61,63,0,7591,0.941689079772035,28,-88,0.001869,51,2025-07-06 04:18:37.000455,234,1.037,0.0011,"aoml_navis",1027.862019049
"7901009",75,0,1,0.026166,1,0.003738,1,124.663018194596,1,4.86439524963037,236,1,13.3240003585815,35.6450004577637,0.0261659994721413,0,120.212303161621,-88.2984,27.5815,9.93357174349209,63,63,63,63,61,63,0,7591,0.941689079772035,28,-88,0.001869,51,2025-07-06 04:18:37.000455,236,1.037,0.0011,"aoml_navis",1027.87700082141
"7901009",75,0,4,0.020559,1,-0.001869,1,124.419419825292,1,4.86433314121425,238,1,13.2629995346069,35.6339988708496,0.020558999851346,0,119.977401733398,-88.2984,27.5815,9.93357174349209,63,63,63,63,61,63,0,7591,0.941689079772035,28,-88,0.001869,51,2025-07-06 04:18:37.000455,238,1.037,0.0011,"aoml_navis",1027.89012488398
"7901009",75,0,1,0.026166,1,0.003738,1,124.084463166652,1,4.86427104709159,240,1,13.2130002975464,35.6259994506836,0.0261659994721413,0,119.654403686523,-88.2984,27.5815,9.93357174349209,63,63,63,63,61,63,0,7591,0.941689079772035,28,-88,0.001869,51,2025-07-06 04:18:37.000455,240,1.037,0.0011,"aoml_navis",1027.90324626124
"7901009",75,0,1,0.028035,1,0.005607,1,123.479253070139,1,4.86421776301218,242,1,13.1829996109009,35.6209983825684,0.0280349999666214,0,119.07080078125,-88.2984,27.5815,9.93357174349209,63,63,63,63,61,63,0,7591,0.941689079772035,28,-88,0.001869,51,2025-07-06 04:18:37.000455,242,1.037,0.0011,"aoml_navis",1027.91450621728
"7901009",75,0,1,0.024297,1,0.001869,1,122.955448138515,1,4.8641577974376,244,1,13.1350002288818,35.6129989624023,0.0242970008403063,0,118.565696716309,-88.2984,27.5815,9.93357174349209,63,63,63,63,61,63,0,7591,0.941689079772035,28,-88,0.001869,51,2025-07-06 04:18:37.000455,244,1.037,0.0011,"aoml_navis",1027.92717839745
"7901009",75,0,1,0.022428,1,0,1,122.581398961679,1,4.86409426885935,246,1,13.0869998931885,35.6059989929199,0.0224280003458261,0,118.205001831055,-88.2984,27.5815,9.93357174349209,63,63,63,63,61,63,0,7591,0.941689079772035,28,-88,0.001869,51,2025-07-06 04:18:37.000455,246,1.037,0.0011,"aoml_navis",1027.94060386756
"7901009",75,0,1,0.020559,1,-0.001869,1,122.518349320412,1,4.8640220031932,248,1,13.0150003433228,35.5950012207031,0.020558999851346,0,118.144203186035,-88.2984,27.5815,9.93357174349209,63,63,63,63,61,63,0,7591,0.941689079772035,28,-88,0.001869,51,2025-07-06 04:18:37.000455,248,1.037,0.0011,"aoml_navis",1027.95587616946
"7901009",75,0,1,0.024297,1,0.001869,1,122.410803358089,1,4.86396749280506,250,1,12.9759998321533,35.5880012512207,0.0242970008403063,0,118.040496826172,-88.2984,27.5815,9.93357174349209,63,63,63,63,61,63,0,7591,0.941689079772035,28,-88,0.001869,51,2025-07-06 04:18:37.000455,250,1.037,0.0011,"aoml_navis",1027.96739645077
"7901009",75,0,1,0.022428,1,0,1,122.448139442559,1,4.86389820871404,252,1,12.9180002212524,35.5800018310547,0.0224280003458261,0,118.076499938965,-88.2984,27.5815,9.93357174349209,63,63,63,63,61,63,0,7591,0.941689079772035,28,-88,0.001869,51,2025-07-06 04:18:37.000455,252,1.037,0.0011,"aoml_navis",1027.98203939427
"7901009",75,0,1,0.022428,1,0,1,122.329192484746,1,4.86385569397283,254,1,12.9099998474121,35.5779991149902,0.0224280003458261,0,117.961799621582,-88.2984,27.5815,9.93357174349209,63,63,63,63,61,63,0,7591,0.941689079772035,28,-88,0.001869,51,2025-07-06 04:18:37.000455,254,1.037,0.0011,"aoml_navis",1027.99102493848
"7901009",75,0,1,0.020559,1,-0.001869,1,122.178099625004,1,4.86381219610252,256,1,12.9010000228882,35.576000213623,0.020558999851346,0,117.816101074219,-88.2984,27.5815,9.93357174349209,63,63,63,63,61,63,0,7591,0.941689079772035,28,-88,0.001869,51,2025-07-06 04:18:37.000455,256,1.037,0.0011,"aoml_navis",1028.00021843085
"7901009",75,0,1,0.026166,1,0.003738,1,122.036857035481,1,4.86375495055169,258,1,12.8590002059937,35.5690002441406,0.0261659994721413,0,117.679901123047,-88.2984,27.5815,9.93357174349209,63,63,63,63,61,63,0,7591,0.941689079772035,28,-88,0.001869,51,2025-07-06 04:18:37.000455,258,1.037,0.0011,"aoml_navis",1028.01231781483
"7901009",75,0,1,0.020559,1,-0.001869,1,121.819082989065,1,4.86369799407802,260,1,12.8210000991821,35.5629997253418,0.020558999851346,0,117.469902038574,-88.2984,27.5815,9.93357174349209,63,63,63,63,61,63,0,7591,0.941689079772035,28,-88,0.001869,51,2025-07-06 04:18:37.000455,260,1.037,0.0011,"aoml_navis",1028.02435638231
"7901009",75,0,1,0.026166,1,0.003738,1,121.485162784561,1,4.8636449660193,262,1,12.7869997024536,35.556999206543,0.0261659994721413,0,117.147903442383,-88.2984,27.5815,9.93357174349209,63,63,63,63,61,63,0,7591,0.941689079772035,28,-88,0.001869,51,2025-07-06 04:18:37.000455,262,1.037,0.0011,"aoml_navis",1028.03556487642
"7901009",75,0,1,0.022428,1,0,1,120.997966045953,1,4.86357709150747,264,1,12.7299995422363,35.548999786377,0.0224280003458261,0,116.678100585938,-88.2984,27.5815,9.93357174349209,63,63,63,63,61,63,0,7591,0.941689079772035,28,-88,0.001869,51,2025-07-06 04:18:37.000455,264,1.037,0.0011,"aoml_navis",1028.04991180889
"7901009",75,0,1,0.020559,1,-0.001869,1,120.428636251002,1,4.86350858284074,266,1,12.6759996414185,35.5419998168945,0.020558999851346,0,116.129096984863,-88.2984,27.5815,9.93357174349209,63,63,63,63,61,63,0,7591,0.941689079772035,28,-88,0.001869,51,2025-07-06 04:18:37.000455,266,1.037,0.0011,"aoml_navis",1028.06439319154
"7901009",75,0,1,0.024297,1,0.001869,1,119.946423986481,1,4.86345420567518,268,1,12.6479997634888,35.5379981994629,0.0242970008403063,0,115.664100646973,-88.2984,27.5815,9.93357174349209,63,63,63,63,61,63,0,7591,0.941689079772035,28,-88,0.001869,51,2025-07-06 04:18:37.000455,268,1.037,0.0011,"aoml_navis",1028.07588774363
"7901009",75,0,1,0.024297,1,0.001869,1,119.659579370575,1,4.86339870247891,270,1,12.6149997711182,35.5330009460449,0.0242970008403063,0,115.387496948242,-88.2984,27.5815,9.93357174349209,63,63,63,63,61,63,0,7591,0.941689079772035,28,-88,0.001869,51,2025-07-06 04:18:37.000455,270,1.037,0.0011,"aoml_navis",1028.08762058753
"7901009",75,0,1,0.024297,1,0.001869,1,119.553805665705,1,4.86333907250422,272,1,12.5699996948242,35.5260009765625,0.0242970008403063,0,115.285499572754,-88.2984,27.5815,9.93357174349209,63,63,63,63,61,63,0,7591,0.941689079772035,28,-88,0.001869,51,2025-07-06 04:18:37.000455,272,1.037,0.0011,"aoml_navis",1028.10022609125
"7901009",75,0,1,0.024297,1,0.001869,1,119.678868494105,1,4.86327395300884,274,1,12.5229997634888,35.5200004577637,0.0242970008403063,0,115.406097412109,-88.2984,27.5815,9.93357174349209,63,63,63,63,61,63,0,7591,0.941689079772035,28,-88,0.001869,51,2025-07-06 04:18:37.000455,274,1.037,0.0011,"aoml_navis",1028.11399240764
"7901009",75,0,1,0.026166,1,0.003738,1,119.919460355229,1,4.86321974497925,276,1,12.4949998855591,35.515998840332,0.0261659994721413,0,115.63809967041,-88.2984,27.5815,9.93357174349209,63,63,63,63,61,63,0,7591,0.941689079772035,28,-88,0.001869,51,2025-07-06 04:18:37.000455,276,1.037,0.0011,"aoml_navis",1028.12545231211
"7901009",75,0,1,0.028035,1,0.005607,1,119.897576140429,1,4.86317032463547,278,1,12.4720001220703,35.5120010375977,0.0280349999666214,0,115.616996765137,-88.2984,27.5815,9.93357174349209,63,63,63,63,61,63,0,7591,0.941689079772035,28,-88,0.001869,51,2025-07-06 04:18:37.000455,278,1.037,0.0011,"aoml_navis",1028.13590029356
"7901009",75,0,1,0.022428,1,0,1,119.350344180596,1,4.86312570611169,280,1,12.4540004730225,35.507999420166,0.0224280003458261,0,115.089302062988,-88.2984,27.5815,9.93357174349209,63,63,63,63,61,63,0,7591,0.941689079772035,28,-88,0.001869,51,2025-07-06 04:18:37.000455,280,1.037,0.0011,"aoml_navis",1028.14533330206
"7901009",75,0,1,0.024297,1,0.001869,1,118.893639764418,1,4.86307932978903,282,1,12.4379997253418,35.5050010681152,0.0242970008403063,0,114.648902893066,-88.2984,27.5815,9.93357174349209,63,63,63,63,61,63,0,7591,0.941689079772035,28,-88,0.001869,51,2025-07-06 04:18:37.000455,282,1.037,0.0011,"aoml_navis",1028.1551381184
"7901009",75,0,1,0.026166,1,0.003738,1,118.692243275717,1,4.86301840549721,284,1,12.3990001678467,35.5,0.0261659994721413,0,114.454696655273,-88.2984,27.5815,9.93357174349209,63,63,63,63,61,63,0,7591,0.941689079772035,28,-88,0.001869,51,2025-07-06 04:18:37.000455,284,1.037,0.0011,"aoml_navis",1028.16801892996
"7901009",75,0,1,0.024297,1,0.001869,1,118.761005282525,1,4.86296296491289,286,1,12.3579998016357,35.4930000305176,0.0242970008403063,0,114.521003723145,-88.2984,27.5815,9.93357174349209,63,63,63,63,61,63,0,7591,0.941689079772035,28,-88,0.001869,51,2025-07-06 04:18:37.000455,286,1.037,0.0011,"aoml_navis",1028.17974063875
"7901009",75,0,1,0.026166,1,0.003738,1,118.978051437487,1,4.86290108932737,288,1,12.3140001296997,35.4869995117188,0.0261659994721413,0,114.73030090332,-88.2984,27.5815,9.93357174349209,63,63,63,63,61,63,0,7591,0.941689079772035,28,-88,0.001869,51,2025-07-06 04:18:37.000455,288,1.037,0.0011,"aoml_navis",1028.19282320455
"7901009",75,0,1,0.028035,1,0.005607,1,119.042968278571,1,4.86285159309203,290,1,12.2829999923706,35.4809989929199,0.0280349999666214,0,114.792900085449,-88.2984,27.5815,9.93357174349209,63,63,63,63,61,63,0,7591,0.941689079772035,28,-88,0.001869,51,2025-07-06 04:18:37.000455,290,1.037,0.0011,"aoml_navis",1028.20328860186
"7901009",75,0,1,0.026166,1,0.003738,1,119.224450606516,1,4.86277807059037,292,1,12.2110004425049,35.4710006713867,0.0261659994721413,0,114.967903137207,-88.2984,27.5815,9.93357174349209,63,63,63,63,61,63,0,7591,0.941689079772035,28,-88,0.001869,51,2025-07-06 04:18:37.000455,292,1.037,0.0011,"aoml_navis",1028.2188344641
"7901009",75,0,1,0.024297,1,0.001869,1,119.180895797233,1,4.86273352217098,294,1,12.1890001296997,35.4659996032715,0.0242970008403063,0,114.925903320312,-88.2984,27.5815,9.93357174349209,63,63,63,63,61,63,0,7591,0.941689079772035,28,-88,0.001869,51,2025-07-06 04:18:37.000455,294,1.037,0.0011,"aoml_navis",1028.22825417086
"7901009",75,0,1,0.026166,1,0.003738,1,118.908672305315,1,4.86268060899174,296,1,12.1619997024536,35.4620018005371,0.0261659994721413,0,114.663398742676,-88.2984,27.5815,9.93357174349209,63,63,63,63,61,63,0,7591,0.941689079772035,28,-88,0.001869,51,2025-07-06 04:18:37.000455,296,1.037,0.0011,"aoml_navis",1028.23944281974
"7901009",75,0,1,0.022428,1,0,1,118.583874479576,1,4.86262360806444,298,1,12.1149997711182,35.4539985656738,0.0224280003458261,0,114.350196838379,-88.2984,27.5815,9.93357174349209,63,63,63,63,61,63,0,7591,0.941689079772035,28,-88,0.001869,51,2025-07-06 04:18:37.000455,298,1.037,0.0011,"aoml_navis",1028.25149610752
"7901009",75,0,1,0.028035,1,0.005607,1,117.896436384357,1,4.86257921963289,300,1,12.0970001220703,35.4500007629395,0.0280349999666214,0,113.687301635742,-88.2984,27.5815,9.93357174349209,63,63,63,63,61,63,0,7591,0.941689079772035,28,-88,0.001869,51,2025-07-06 04:18:37.000455,300,1.037,0.0011,"aoml_navis",1028.26088258105
"7901009",75,0,1,0.024297,1,0.001869,1,116.850495924334,1,4.86251032225225,302,1,12.0450000762939,35.4440002441406,0.0242970008403063,0,112.678703308105,-88.2984,27.5815,9.93357174349209,63,63,63,63,61,63,0,7591,0.941689079772035,28,-88,0.001869,51,2025-07-06 04:18:37.000455,302,1.037,0.0011,"aoml_navis",1028.27545210929
"7901009",75,0,1,0.028035,1,0.005607,1,116.007289057967,1,4.8624434795196,304,1,11.9989995956421,35.4389991760254,0.0280349999666214,0,111.865600585938,-88.2984,27.5815,9.93357174349209,63,63,63,63,61,63,0,7591,0.941689079772035,28,-88,0.001869,51,2025-07-06 04:18:37.000455,304,1.037,0.0011,"aoml_navis",1028.28958754169
"7901009",75,0,1,0.024297,1,0.001869,1,115.864590685536,1,4.86237398036309,306,1,11.9540004730225,35.435001373291,0.0242970008403063,0,111.727996826172,-88.2984,27.5815,9.93357174349209,63,63,63,63,61,63,0,7591,0.941689079772035,28,-88,0.001869,51,2025-07-06 04:18:37.000455,306,1.037,0.0011,"aoml_navis",1028.3042851481
"7901009",75,0,1,0.022428,1,0,1,115.900265278644,1,4.86232779002632,308,1,11.9300003051758,35.4300003051758,0.0224280003458261,0,111.762397766113,-88.2984,27.5815,9.93357174349209,63,63,63,63,61,63,0,7591,0.941689079772035,28,-88,0.001869,51,2025-07-06 04:18:37.000455,308,1.037,0.0011,"aoml_navis",1028.31405366295
"7901009",75,0,1,0.024297,1,0.001869,1,115.828196112838,1,4.8622656499869,310,1,11.8769998550415,35.4220008850098,0.0242970008403063,0,111.692901611328,-88.2984,27.5815,9.93357174349209,63,63,63,63,61,63,0,7591,0.941689079772035,28,-88,0.001869,51,2025-07-06 04:18:37.000455,310,1.037,0.0011,"aoml_navis",1028.32719557671
"7901009",75,0,1,0.024297,1,0.001869,1,115.879939700978,1,4.86220640998397,312,1,11.8269996643066,35.4140014648438,0.0242970008403063,0,111.742797851562,-88.2984,27.5815,9.93357174349209,63,63,63,63,61,63,0,7591,0.941689079772035,28,-88,0.001869,51,2025-07-06 04:18:37.000455,312,1.037,0.0011,"aoml_navis",1028.33972447839
"7901009",75,0,1,0.024297,1,0.001869,1,115.962389231867,1,4.8621398620954,314,1,11.7650003433228,35.4049987792969,0.0242970008403063,0,111.822303771973,-88.2984,27.5815,9.93357174349209,63,63,63,63,61,63,0,7591,0.941689079772035,28,-88,0.001869,51,2025-07-06 04:18:37.000455,314,1.037,0.0011,"aoml_navis",1028.35379931773
"7901009",75,0,1,0.028035,1,0.005607,1,116.128206069824,1,4.86206237631872,316,1,11.6829996109009,35.3940010070801,0.0280349999666214,0,111.982200622559,-88.2984,27.5815,9.93357174349209,63,63,63,63,61,63,0,7591,0.941689079772035,28,-88,0.001869,51,2025-07-06 04:18:37.000455,316,1.037,0.0011,"aoml_navis",1028.37018799946
"7901009",75,0,1,0.026166,1,0.003738,1,116.140334956769,1,4.86201276973215,318,1,11.6549997329712,35.3889999389648,0.0261659994721413,0,111.993896484375,-88.2984,27.5815,9.93357174349209,63,63,63,63,61,63,0,7591,0.941689079772035,28,-88,0.001869,51,2025-07-06 04:18:37.000455,318,1.037,0.0011,"aoml_navis",1028.38068034845
"7901009",75,0,1,0.024297,1,0.001869,1,116.188557765594,1,4.86196687056311,320,1,11.6389999389648,35.3860015869141,0.0242970008403063,0,112.040397644043,-88.2984,27.5815,9.93357174349209,63,63,63,63,61,63,0,7591,0.941689079772035,28,-88,0.001869,51,2025-07-06 04:18:37.000455,320,1.037,0.0011,"aoml_navis",1028.39038872778
"7901009",75,0,1,0.026166,1,0.003738,1,116.155581117984,1,4.8619255709136,322,1,11.6199998855591,35.3810005187988,0.0261659994721413,0,112.008598327637,-88.2984,27.5815,9.93357174349209,63,63,63,63,61,63,0,7591,0.941689079772035,28,-88,0.001869,51,2025-07-06 04:18:37.000455,322,1.037,0.0011,"aoml_navis",1028.39912439475
"7901009",75,0,1,0.026166,1,0.003738,1,116.105807583888,1,4.86187878300594,324,1,11.5950002670288,35.3759994506836,0.0261659994721413,0,111.960601806641,-88.2984,27.5815,9.93357174349209,63,63,63,63,61,63,0,7591,0.941689079772035,28,-88,0.001869,51,2025-07-06 04:18:37.000455,324,1.037,0.0011,"aoml_navis",1028.40902111275
"7901009",75,0,1,0.026166,1,0.003738,1,116.018175782322,1,4.86180822887788,326,1,11.539999961853,35.3699989318848,0.0261659994721413,0,111.876098632812,-88.2984,27.5815,9.93357174349209,63,63,63,63,61,63,0,7591,0.941689079772035,28,-88,0.001869,51,2025-07-06 04:18:37.000455,326,1.037,0.0011,"aoml_navis",1028.42394529288
"7901009",75,0,1,0.024297,1,0.001869,1,115.768564396659,1,4.86175967908979,328,1,11.5129995346069,35.3650016784668,0.0242970008403063,0,111.635398864746,-88.2984,27.5815,9.93357174349209,63,63,63,63,61,63,0,7591,0.941689079772035,28,-88,0.001869,51,2025-07-06 04:18:37.000455,328,1.037,0.0011,"aoml_navis",1028.43421518854
"7901009",75,0,1,0.026166,1,0.003738,1,115.29858387331,1,4.8617093150154,330,1,11.4919996261597,35.3619995117188,0.0261659994721413,0,111.182197570801,-88.2984,27.5815,9.93357174349209,63,63,63,63,61,63,0,7591,0.941689079772035,28,-88,0.001869,51,2025-07-06 04:18:37.000455,330,1.037,0.0011,"aoml_navis",1028.44486908287
"7901009",75,0,1,0.022428,1,0,1,114.805690592888,1,4.86164530545259,332,1,11.4519996643066,35.3580017089844,0.0224280003458261,0,110.706901550293,-88.2984,27.5815,9.93357174349209,63,63,63,63,61,63,0,7591,0.941689079772035,28,-88,0.001869,51,2025-07-06 04:18:37.000455,332,1.037,0.0011,"aoml_navis",1028.45840982933
"7901009",75,0,1,0.026166,1,0.003738,1,114.62182679399,1,4.86158228459065,334,1,11.4130001068115,35.3540000915527,0.0261659994721413,0,110.529602050781,-88.2984,27.5815,9.93357174349209,63,63,63,63,61,63,0,7591,0.941689079772035,28,-88,0.001869,51,2025-07-06 04:18:37.000455,334,1.037,0.0011,"aoml_navis",1028.47174177183
"7901009",75,0,1,0.024297,1,0.001869,1,114.677929818991,1,4.86153842515969,336,1,11.3909997940063,35.3489990234375,0.0242970008403063,0,110.583702087402,-88.2984,27.5815,9.93357174349209,63,63,63,63,61,63,0,7591,0.941689079772035,28,-88,0.001869,51,2025-07-06 04:18:37.000455,336,1.037,0.0011,"aoml_navis",1028.48102035433
"7901009",75,0,1,0.029904,1,0.007476,1,114.846958873582,1,4.86146153826455,338,1,11.2919998168945,35.3339996337891,0.0299040004611015,0,110.746696472168,-88.2984,27.5815,9.93357174349209,63,63,63,63,61,63,0,7591,0.941689079772035,28,-88,0.001869,51,2025-07-06 04:18:37.000455,338,1.037,0.0011,"aoml_navis",1028.49728639114
"7901009",75,0,1,0.028035,1,0.005607,1,114.930025529833,1,4.86138786435727,340,1,11.1920003890991,35.318000793457,0.0280349999666214,0,110.826797485352,-88.2984,27.5815,9.93357174349209,63,63,63,63,61,63,0,7591,0.941689079772035,28,-88,0.001869,51,2025-07-06 04:18:37.000455,340,1.037,0.0011,"aoml_navis",1028.51287317743
"7901009",75,0,1,0.026166,1,0.003738,1,114.961451452172,1,4.86130909694589,342,1,11.0939998626709,35.3040008544922,0.0261659994721413,0,110.85710144043,-88.2984,27.5815,9.93357174349209,63,63,63,63,61,63,0,7591,0.941689079772035,28,-88,0.001869,51,2025-07-06 04:18:37.000455,342,1.037,0.0011,"aoml_navis",1028.52953809114
"7901009",75,0,1,0.024297,1,0.001869,1,114.708208521103,1,4.86126533665527,344,1,11.0799999237061,35.3009986877441,0.0242970008403063,0,110.612899780273,-88.2984,27.5815,9.93357174349209,63,63,63,63,61,63,0,7591,0.941689079772035,28,-88,0.001869,51,2025-07-06 04:18:37.000455,344,1.037,0.0011,"aoml_navis",1028.53879674056
"7901009",75,0,1,0.024297,1,0.001869,1,114.59745825401,1,4.86120727705167,346,1,11.0500001907349,35.2980003356934,0.0242970008403063,0,110.506103515625,-88.2984,27.5815,9.93357174349209,63,63,63,63,61,63,0,7591,0.941689079772035,28,-88,0.001869,51,2025-07-06 04:18:37.000455,346,1.037,0.0011,"aoml_navis",1028.55108104596
"7901009",75,0,1,0.028035,1,0.005607,1,114.714743720461,1,4.86113766666372,348,1,10.9739999771118,35.2869987487793,0.0280349999666214,0,110.619201660156,-88.2984,27.5815,9.93357174349209,63,63,63,63,61,63,0,7591,0.941689079772035,28,-88,0.001869,51,2025-07-06 04:18:37.000455,348,1.037,0.0011,"aoml_navis",1028.56580966397
"7901009",75,0,1,0.028035,1,0.005607,1,114.819892388104,1,4.86107171993889,350,1,10.9060001373291,35.2770004272461,0.0280349999666214,0,110.720596313477,-88.2984,27.5815,9.93357174349209,63,63,63,63,61,63,0,7591,0.941689079772035,28,-88,0.001869,51,2025-07-06 04:18:37.000455,350,1.037,0.0011,"aoml_navis",1028.57976348945
"7901009",75,0,1,0.029904,1,0.007476,1,114.933245658331,1,4.86100910635859,352,1,10.8540000915527,35.2700004577637,0.0299040004611015,0,110.829902648926,-88.2984,27.5815,9.93357174349209,63,63,63,63,61,63,0,7591,0.941689079772035,28,-88,0.001869,51,2025-07-06 04:18:37.000455,352,1.037,0.0011,"aoml_navis",1028.59301239728
"7901009",75,0,1,0.028035,1,0.005607,1,114.857434181028,1,4.86096485968389,354,1,10.831000328064,35.2649993896484,0.0280349999666214,0,110.756797790527,-88.2984,27.5815,9.93357174349209,63,63,63,63,61,63,0,7591,0.941689079772035,28,-88,0.001869,51,2025-07-06 04:18:37.000455,354,1.037,0.0011,"aoml_navis",1028.6023751106
"7901009",75,0,4,0.022428,1,0,1,114.735480715035,1,4.86091534078555,356,1,10.8020000457764,35.2599983215332,0.0224280003458261,0,110.639198303223,-88.2984,27.5815,9.93357174349209,63,63,63,63,61,63,0,7591,0.941689079772035,28,-88,0.001869,51,2025-07-06 04:18:37.000455,356,1.037,0.0011,"aoml_navis",1028.61285364249
"7901009",75,0,1,0.024297,1,0.001869,1,114.644225279927,1,4.86085542731441,358,1,10.7569999694824,35.2540016174316,0.0242970008403063,0,110.551200866699,-88.2984,27.5815,9.93357174349209,63,63,63,63,61,63,0,7591,0.941689079772035,28,-88,0.001869,51,2025-07-06 04:18:37.000455,358,1.037,0.0011,"aoml_navis",1028.62553202132
"7901009",75,0,1,0.028035,1,0.005607,1,114.607719941138,1,4.86078454283587,360,1,10.6909999847412,35.2459983825684,0.0280349999666214,0,110.515998840332,-88.2984,27.5815,9.93357174349209,63,63,63,63,61,63,0,7591,0.941689079772035,28,-88,0.001869,51,2025-07-06 04:18:37.000455,360,1.037,0.0011,"aoml_navis",1028.64053239498
"7901009",75,0,1,0.022428,1,0,1,114.14417176292,1,4.86073993459496,362,1,10.6800003051758,35.2439994812012,0.0224280003458261,0,110.069000244141,-88.2984,27.5815,9.93357174349209,63,63,63,63,61,63,0,7591,0.941689079772035,28,-88,0.001869,51,2025-07-06 04:18:37.000455,362,1.037,0.0011,"aoml_navis",1028.64997248956
"7901009",75,0,1,0.026166,1,0.003738,1,113.49779623994,1,4.86069236990182,364,1,10.673999786377,35.2439994812012,0.0261659994721413,0,109.445701599121,-88.2984,27.5815,9.93357174349209,63,63,63,63,61,63,0,7591,0.941689079772035,28,-88,0.001869,51,2025-07-06 04:18:37.000455,364,1.037,0.0011,"aoml_navis",1028.66003842596
"7901009",75,0,1,0.026166,1,0.003738,1,113.264048140855,1,4.86062360184626,366,1,10.6269998550415,35.2400016784668,0.0261659994721413,0,109.22029876709,-88.2984,27.5815,9.93357174349209,63,63,63,63,61,63,0,7591,0.941689079772035,28,-88,0.001869,51,2025-07-06 04:18:37.000455,366,1.037,0.0011,"aoml_navis",1028.67459189821
"7901009",75,0,1,0.028035,1,0.005607,1,113.11990189738,1,4.86057396565146,368,1,10.6059999465942,35.2369995117188,0.0280349999666214,0,109.081298828125,-88.2984,27.5815,9.93357174349209,63,63,63,63,61,63,0,7591,0.941689079772035,28,-88,0.001869,51,2025-07-06 04:18:37.000455,368,1.037,0.0011,"aoml_navis",1028.68509672599
"7901009",75,0,1,0.029904,1,0.007476,1,113.121041205743,1,4.8605274656394,370,1,10.5970001220703,35.2360000610352,0.0299040004611015,0,109.082397460938,-88.2984,27.5815,9.93357174349209,63,63,63,63,61,63,0,7591,0.941689079772035,28,-88,0.001869,51,2025-07-06 04:18:37.000455,370,1.037,0.0011,"aoml_navis",1028.69493801785
"7901009",75,0,1,0.026166,1,0.003738,1,113.079559304731,1,4.86048119988266,372,1,10.5629997253418,35.2290000915527,0.0261659994721413,0,109.04239654541,-88.2984,27.5815,9.93357174349209,63,63,63,63,61,63,0,7591,0.941689079772035,28,-88,0.001869,51,2025-07-06 04:18:37.000455,372,1.037,0.0011,"aoml_navis",1028.70472991866
"7901009",75,0,1,0.031773,1,0.009345,1,112.759120915852,1,4.86040841918453,374,1,10.4899997711182,35.2200012207031,0.0317730009555817,0,108.7333984375,-88.2984,27.5815,9.93357174349209,63,63,63,63,61,63,0,7591,0.941689079772035,28,-88,0.001869,51,2025-07-06 04:18:37.000455,374,1.037,0.0011,"aoml_navis",1028.72013394275
"7901009",75,0,1,0.024297,1,0.001869,1,112.04565278929,1,4.86035847998083,376,1,10.4770002365112,35.2190017700195,0.0242970008403063,0,108.045402526855,-88.2984,27.5815,9.93357174349209,63,63,63,63,61,63,0,7591,0.941689079772035,28,-88,0.001869,51,2025-07-06 04:18:37.000455,376,1.037,0.0011,"aoml_navis",1028.73070383478
"7901009",75,0,1,0.028035,1,0.005607,1,111.838346138456,1,4.86030053674945,378,1,10.4589996337891,35.2190017700195,0.0280349999666214,0,107.845497131348,-88.2984,27.5815,9.93357174349209,63,63,63,63,61,63,0,7591,0.941689079772035,28,-88,0.001869,51,2025-07-06 04:18:37.000455,378,1.037,0.0011,"aoml_navis",1028.74296809308
"7901009",75,0,1,0.026166,1,0.003738,1,112.054569459601,1,4.86023565417488,380,1,10.3990001678467,35.2109985351562,0.0261659994721413,0,108.054000854492,-88.2984,27.5815,9.93357174349209,63,63,63,63,61,63,0,7591,0.941689079772035,28,-88,0.001869,51,2025-07-06 04:18:37.000455,380,1.037,0.0011,"aoml_navis",1028.75670147909
"7901009",75,0,1,0.026166,1,0.003738,1,112.087134690302,1,4.86017931347119,382,1,10.3529996871948,35.2039985656738,0.0261659994721413,0,108.085403442383,-88.2984,27.5815,9.93357174349209,63,63,63,63,61,63,0,7591,0.941689079772035,28,-88,0.001869,51,2025-07-06 04:18:37.000455,382,1.037,0.0011,"aoml_navis",1028.76862714535
"7901009",75,0,1,0.024297,1,0.001869,1,112.397928517415,1,4.86011532127872,384,1,10.2980003356934,35.1969985961914,0.0242970008403063,0,108.385101318359,-88.2984,27.5815,9.93357174349209,63,63,63,63,61,63,0,7591,0.941689079772035,28,-88,0.001869,51,2025-07-06 04:18:37.000455,384,1.037,0.0011,"aoml_navis",1028.78217274163
"7901009",75,0,1,0.028035,1,0.005607,1,112.772294168796,1,4.86006961368239,386,1,10.2770004272461,35.193000793457,0.0280349999666214,0,108.746101379395,-88.2984,27.5815,9.93357174349209,63,63,63,63,61,63,0,7591,0.941689079772035,28,-88,0.001869,51,2025-07-06 04:18:37.000455,386,1.037,0.0011,"aoml_navis",1028.79184815042
"7901009",75,0,1,0.028035,1,0.005607,1,113.280639318887,1,4.86000338005329,388,1,10.2019996643066,35.181999206543,0.0280349999666214,0,109.236297607422,-88.2984,27.5815,9.93357174349209,63,63,63,63,61,63,0,7591,0.941689079772035,28,-88,0.001869,51,2025-07-06 04:18:37.000455,388,1.037,0.0011,"aoml_navis",1028.8058688439
"7901009",75,0,1,0.026166,1,0.003738,1,113.506404347569,1,4.85995545714818,390,1,10.173999786377,35.1769981384277,0.0261659994721413,0,109.454002380371,-88.2984,27.5815,9.93357174349209,63,63,63,63,61,63,0,7591,0.941689079772035,28,-88,0.001869,51,2025-07-06 04:18:37.000455,390,1.037,0.0011,"aoml_navis",1028.8160136624
"7901009",75,0,1,0.028035,1,0.005607,1,113.675433402161,1,4.85990152926803,392,1,10.1260004043579,35.1689987182617,0.0280349999666214,0,109.616996765137,-88.2984,27.5815,9.93357174349209,63,63,63,63,61,63,0,7591,0.941689079772035,28,-88,0.001869,51,2025-07-06 04:18:37.000455,392,1.037,0.0011,"aoml_navis",1028.82742991566
"7901009",75,0,1,0.024297,1,0.001869,1,113.727390610619,1,4.8598471559814,394,1,10.0860004425049,35.1629981994629,0.0242970008403063,0,109.667098999023,-88.2984,27.5815,9.93357174349209,63,63,63,63,61,63,0,7591,0.941689079772035,28,-88,0.001869,51,2025-07-06 04:18:37.000455,394,1.037,0.0011,"aoml_navis",1028.83894071568
"7901009",75,0,1,0.028035,1,0.005607,1,113.63861950069,1,4.85979965052869,396,1,10.0670003890991,35.1599998474121,0.0280349999666214,0,109.581497192383,-88.2984,27.5815,9.93357174349209,63,63,63,63,61,63,0,7591,0.941689079772035,28,-88,0.001869,51,2025-07-06 04:18:37.000455,396,1.037,0.0011,"aoml_navis",1028.84899780921
"7901009",75,0,1,0.026166,1,0.003738,1,113.629702830379,1,4.85974451717493,398,1,10.0389995574951,35.1570014953613,0.0261659994721413,0,109.572898864746,-88.2984,27.5815,9.93357174349209,63,63,63,63,61,63,0,7591,0.941689079772035,28,-88,0.001869,51,2025-07-06 04:18:37.000455,398,1.037,0.0011,"aoml_navis",1028.86067000629
"7901009",75,0,1,0.028035,1,0.005607,1,113.50588216457,1,4.85969592945088,400,1,10.0229997634888,35.1549987792969,0.0280349999666214,0,109.453498840332,-88.2984,27.5815,9.93357174349209,63,63,63,63,61,63,0,7591,0.941689079772035,28,-88,0.001869,51,2025-07-06 04:18:37.000455,400,1.037,0.0011,"aoml_navis",1028.87095665777
"7901009",75,0,1,0.028035,1,0.005607,1,113.417633237641,1,4.85965355471172,402,1,10.0100002288818,35.1520004272461,0.0280349999666214,0,109.36840057373,-88.2984,27.5815,9.93357174349209,63,63,63,63,61,63,0,7591,0.941689079772035,28,-88,0.001869,51,2025-07-06 04:18:37.000455,402,1.037,0.0011,"aoml_navis",1028.87992810767
"7901009",75,0,1,0.028035,1,0.005607,1,113.290489589107,1,4.85960781111797,404,1,9.99300003051758,35.148998260498,0.0280349999666214,0,109.245796203613,-88.2984,27.5815,9.93357174349209,63,63,63,63,61,63,0,7591,0.941689079772035,28,-88,0.001869,51,2025-07-06 04:18:37.000455,404,1.037,0.0011,"aoml_navis",1028.88961297676
"7901009",75,0,1,0.028035,1,0.005607,1,113.306360787548,1,4.85952692577019,406,1,9.91699981689453,35.1419982910156,0.0280349999666214,0,109.261100769043,-88.2984,27.5815,9.93357174349209,63,63,63,63,61,63,0,7591,0.941689079772035,28,-88,0.001869,51,2025-07-06 04:18:37.000455,406,1.037,0.0011,"aoml_navis",1028.90673853146
"7901009",75,0,1,0.024297,1,0.001869,1,113.206394390583,1,4.85946699022847,408,1,9.86999988555908,35.1360015869141,0.0242970008403063,0,109.164703369141,-88.2984,27.5815,9.93357174349209,63,63,63,63,61,63,0,7591,0.941689079772035,28,-88,0.001869,51,2025-07-06 04:18:37.000455,408,1.037,0.0011,"aoml_navis",1028.91942882915
"7901009",75,0,1,0.029904,1,0.007476,1,112.896526251514,1,4.85942102644762,410,1,9.85700035095215,35.1339988708496,0.0299040004611015,0,108.865898132324,-88.2984,27.5815,9.93357174349209,63,63,63,63,61,63,0,7591,0.941689079772035,28,-88,0.001869,51,2025-07-06 04:18:37.000455,410,1.037,0.0011,"aoml_navis",1028.9291610641
"7901009",75,0,1,0.029904,1,0.007476,1,112.546948468887,1,4.85937221939184,412,1,9.84500026702881,35.132999420166,0.0299040004611015,0,108.528800964355,-88.2984,27.5815,9.93357174349209,63,63,63,63,61,63,0,7591,0.941689079772035,28,-88,0.001869,51,2025-07-06 04:18:37.000455,412,1.037,0.0011,"aoml_navis",1028.93949552721
"7901009",75,0,1,0.026166,1,0.003738,1,111.972847820166,1,4.85932268686501,414,1,9.81900024414062,35.1290016174316,0.0261659994721413,0,107.975196838379,-88.2984,27.5815,9.93357174349209,63,63,63,63,61,63,0,7591,0.941689079772035,28,-88,0.001869,51,2025-07-06 04:18:37.000455,414,1.037,0.0011,"aoml_navis",1028.94998381467
"7901009",75,0,4,0.022428,1,0,1,111.346069983398,1,4.8592539639086,416,1,9.79199981689453,35.1300010681152,0.0224280003458261,0,107.370796203613,-88.2984,27.5815,9.93357174349209,63,63,63,63,61,63,0,7591,0.941689079772035,28,-88,0.001869,51,2025-07-06 04:18:37.000455,416,1.037,0.0011,"aoml_navis",1028.96453594251
"7901009",75,0,1,0.029904,1,0.007476,1,111.034136847921,1,4.85919899582977,418,1,9.77700042724609,35.1300010681152,0.0299040004611015,0,107.069999694824,-88.2984,27.5815,9.93357174349209,63,63,63,63,61,63,0,7591,0.941689079772035,28,-88,0.001869,51,2025-07-06 04:18:37.000455,418,1.037,0.0011,"aoml_navis",1028.97617576293
"7901009",75,0,1,0.028035,1,0.005607,1,110.819780726594,1,4.85914152326812,420,1,9.75899982452393,35.1300010681152,0.0280349999666214,0,106.863296508789,-88.2984,27.5815,9.93357174349209,63,63,63,63,61,63,0,7591,0.941689079772035,28,-88,0.001869,51,2025-07-06 04:18:37.000455,420,1.037,0.0011,"aoml_navis",1028.98834620424
"7901009",75,0,1,0.029904,1,0.007476,1,110.801947385972,1,4.85907922101771,422,1,9.72200012207031,35.1269989013672,0.0299040004611015,0,106.846099853516,-88.2984,27.5815,9.93357174349209,63,63,63,63,61,63,0,7591,0.941689079772035,28,-88,0.001869,51,2025-07-06 04:18:37.000455,422,1.037,0.0011,"aoml_navis",1029.00153970998
"7901009",75,0,1,0.028035,1,0.005607,1,110.64784801805,1,4.8590311436942,424,1,9.70199966430664,35.1240005493164,0.0280349999666214,0,106.69750213623,-88.2984,27.5815,9.93357174349209,63,63,63,63,61,63,0,7591,0.941689079772035,28,-88,0.001869,51,2025-07-06 04:18:37.000455,424,1.037,0.0011,"aoml_navis",1029.01172108945
"7901009",75,0,1,0.029904,1,0.007476,1,110.493740738265,1,4.85897760170517,426,1,9.67099952697754,35.1199989318848,0.0299040004611015,0,106.548896789551,-88.2984,27.5815,9.93357174349209,63,63,63,63,61,63,0,7591,0.941689079772035,28,-88,0.001869,51,2025-07-06 04:18:37.000455,426,1.037,0.0011,"aoml_navis",1029.02305996334
"7901009",75,0,1,0.029904,1,0.007476,1,110.363076310416,1,4.85891066556571,428,1,9.61499977111816,35.1139984130859,0.0299040004611015,0,106.422897338867,-88.2984,27.5815,9.93357174349209,63,63,63,63,61,63,0,7591,0.941689079772035,28,-88,0.001869,51,2025-07-06 04:18:37.000455,428,1.037,0.0011,"aoml_navis",1029.03723573972
"7901009",75,0,1,0.029904,1,0.007476,1,110.092625075951,1,4.85885603337877,430,1,9.58699989318848,35.1110000610352,0.0299040004611015,0,106.162101745605,-88.2984,27.5815,9.93357174349209,63,63,63,63,61,63,0,7591,0.941689079772035,28,-88,0.001869,51,2025-07-06 04:18:37.000455,430,1.037,0.0011,"aoml_navis",1029.04880606703
"7901009",75,0,1,0.031773,1,0.009345,1,109.814807896448,1,4.85878901020656,432,1,9.54399967193604,35.1080017089844,0.0317730009555817,0,105.894203186035,-88.2984,27.5815,9.93357174349209,63,63,63,63,61,63,0,7591,0.941689079772035,28,-88,0.001869,51,2025-07-06 04:18:37.000455,432,1.037,0.0011,"aoml_navis",1029.0630009858
"7901009",75,0,1,0.031773,1,0.009345,1,109.618285115742,1,4.85872629175497,434,1,9.51500034332275,35.1069984436035,0.0317730009555817,0,105.704696655273,-88.2984,27.5815,9.93357174349209,63,63,63,63,61,63,0,7591,0.941689079772035,28,-88,0.001869,51,2025-07-06 04:18:37.000455,434,1.037,0.0011,"aoml_navis",1029.07628455728
"7901009",75,0,1,0.028035,1,0.005607,1,109.434421316845,1,4.85868100447029,436,1,9.51599979400635,35.1080017089844,0.0280349999666214,0,105.527397155762,-88.2984,27.5815,9.93357174349209,63,63,63,63,61,63,0,7591,0.941689079772035,28,-88,0.001869,51,2025-07-06 04:18:37.000455,436,1.037,0.0011,"aoml_navis",1029.08587647546
"7901009",75,0,1,0.031773,1,0.009345,1,109.302103309496,1,4.85863731515644,438,1,9.51000022888184,35.1069984436035,0.0317730009555817,0,105.399803161621,-88.2984,27.5815,9.93357174349209,63,63,63,63,61,63,0,7591,0.941689079772035,28,-88,0.001869,51,2025-07-06 04:18:37.000455,438,1.037,0.0011,"aoml_navis",1029.09513011037
"7901009",75,0,1,0.029904,1,0.007476,1,109.289135765007,1,4.85859030762622,440,1,9.5,35.1059989929199,0.0299040004611015,0,105.387298583984,-88.2984,27.5815,9.93357174349209,63,63,63,63,61,63,0,7591,0.941689079772035,28,-88,0.001869,51,2025-07-06 04:18:37.000455,440,1.037,0.0011,"aoml_navis",1029.10508674745
"7901009",75,0,1,0.026166,1,0.003738,1,109.317032996166,1,4.85854195035318,442,1,9.47500038146973,35.1020011901855,0.0261659994721413,0,105.414199829102,-88.2984,27.5815,9.93357174349209,63,63,63,63,61,63,0,7591,0.941689079772035,28,-88,0.001869,51,2025-07-06 04:18:37.000455,442,1.037,0.0011,"aoml_navis",1029.1153294738
"7901009",75,0,1,0.028035,1,0.005607,1,109.268193061978,1,4.85848868682439,444,1,9.44400024414062,35.0979995727539,0.0280349999666214,0,105.36710357666,-88.2984,27.5815,9.93357174349209,63,63,63,63,61,63,0,7591,0.941689079772035,28,-88,0.001869,51,2025-07-06 04:18:37.000455,444,1.037,0.0011,"aoml_navis",1029.12661164764
"7901009",75,0,1,0.028035,1,0.005607,1,109.108594948834,1,4.8584165183061,446,1,9.38099956512451,35.0919990539551,0.0280349999666214,0,105.213203430176,-88.2984,27.5815,9.93357174349209,63,63,63,63,61,63,0,7591,0.941689079772035,28,-88,0.001869,51,2025-07-06 04:18:37.000455,446,1.037,0.0011,"aoml_navis",1029.14189863311
"7901009",75,0,1,0.029904,1,0.007476,1,108.915703713534,1,4.85835516783112,448,1,9.34000015258789,35.0880012512207,0.0299040004611015,0,105.027198791504,-88.2984,27.5815,9.93357174349209,63,63,63,63,61,63,0,7591,0.941689079772035,28,-88,0.001869,51,2025-07-06 04:18:37.000455,448,1.037,0.0011,"aoml_navis",1029.15489446032
"7901009",75,0,1,0.031773,1,0.009345,1,108.862923671259,1,4.85829962999226,450,1,9.3149995803833,35.0859985351562,0.0317730009555817,0,104.976303100586,-88.2984,27.5815,9.93357174349209,63,63,63,63,61,63,0,7591,0.941689079772035,28,-88,0.001869,51,2025-07-06 04:18:37.000455,450,1.037,0.0011,"aoml_navis",1029.16665928403
"7901009",75,0,1,0.029904,1,0.007476,1,108.829219132195,1,4.85824900653821,452,1,9.29599952697754,35.0839996337891,0.0299040004611015,0,104.943801879883,-88.2984,27.5815,9.93357174349209,63,63,63,63,61,63,0,7591,0.941689079772035,28,-88,0.001869,51,2025-07-06 04:18:37.000455,452,1.037,0.0011,"aoml_navis",1029.17738330642
"7901009",75,0,1,0.029904,1,0.007476,1,108.829219132195,1,4.85819146212295,454,1,9.26399993896484,35.0810012817383,0.0299040004611015,0,104.943801879883,-88.2984,27.5815,9.93357174349209,63,63,63,63,61,63,0,7591,0.941689079772035,28,-88,0.001869,51,2025-07-06 04:18:37.000455,454,1.037,0.0011,"aoml_navis",1029.18957372978
"7901009",75,0,1,0.028035,1,0.005607,1,108.795411738904,1,4.8581457825676,456,1,9.25100040435791,35.0789985656738,0.0280349999666214,0,104.911201477051,-88.2984,27.5815,9.93357174349209,63,63,63,63,61,63,0,7591,0.941689079772035,28,-88,0.001869,51,2025-07-06 04:18:37.000455,456,1.037,0.0011,"aoml_navis",1029.19925086263
"7901009",75,0,1,0.029904,1,0.007476,1,108.825999003698,1,4.85809234102488,458,1,9.23299980163574,35.0779991149902,0.0299040004611015,0,104.940696716309,-88.2984,27.5815,9.93357174349209,63,63,63,63,61,63,0,7591,0.941689079772035,28,-88,0.001869,51,2025-07-06 04:18:37.000455,458,1.037,0.0011,"aoml_navis",1029.21057258973
"7901009",75,0,1,0.031773,1,0.009345,1,108.889159411056,1,4.85804789692584,460,1,9.21700000762939,35.0750007629395,0.0317730009555817,0,105.001602172852,-88.2984,27.5815,9.93357174349209,63,63,63,63,61,63,0,7591,0.941689079772035,28,-88,0.001869,51,2025-07-06 04:18:37.000455,460,1.037,0.0011,"aoml_navis",1029.21998837516
"7901009",75,0,1,0.035511,1,0.013083,1,108.903780535044,1,4.85800343063476,462,1,9.21000003814697,35.0740013122559,0.0355109982192516,0,105.015701293945,-88.2984,27.5815,9.93357174349209,63,63,63,63,61,63,0,7591,0.941689079772035,28,-88,0.001869,51,2025-07-06 04:18:37.000455,462,1.037,0.0011,"aoml_navis",1029.22940903454
"7901009",75,0,1,0.029904,1,0.007476,1,109.000012532376,1,4.85795657330258,464,1,9.19099998474121,35.0709991455078,0.0299040004611015,0,105.108497619629,-88.2984,27.5815,9.93357174349209,63,63,63,63,61,63,0,7591,0.941689079772035,28,-88,0.001869,51,2025-07-06 04:18:37.000455,464,1.037,0.0011,"aoml_navis",1029.23933644818
"7901009",75,0,1,0.029904,1,0.007476,1,109.09241518771,1,4.85790522435052,466,1,9.17099952697754,35.0690002441406,0.0299040004611015,0,105.197601318359,-88.2984,27.5815,9.93357174349209,63,63,63,63,61,63,0,7591,0.941689079772035,28,-88,0.001869,51,2025-07-06 04:18:37.000455,466,1.037,0.0011,"aoml_navis",1029.25021569734
"7901009",75,0,1,0.031773,1,0.009345,1,109.307285580174,1,4.85785270034386,468,1,9.14500045776367,35.0660018920898,0.0317730009555817,0,105.404800415039,-88.2984,27.5815,9.93357174349209,63,63,63,63,61,63,0,7591,0.941689079772035,28,-88,0.001869,51,2025-07-06 04:18:37.000455,468,1.037,0.0011,"aoml_navis",1029.26134414205
"7901009",75,0,1,0.031773,1,0.009345,1,109.566019344602,1,4.85779947213832,470,1,9.10900020599365,35.0610008239746,0.0317730009555817,0,105.654296875,-88.2984,27.5815,9.93357174349209,63,63,63,63,61,63,0,7591,0.941689079772035,28,-88,0.001869,51,2025-07-06 04:18:37.000455,470,1.037,0.0011,"aoml_navis",1029.27262203334
"7901009",75,0,1,0.028035,1,0.005607,1,109.772598103982,1,4.85775107021803,472,1,9.08800029754639,35.0579986572266,0.0280349999666214,0,105.853500366211,-88.2984,27.5815,9.93357174349209,63,63,63,63,61,63,0,7591,0.941689079772035,28,-88,0.001869,51,2025-07-06 04:18:37.000455,472,1.037,0.0011,"aoml_navis",1029.28287755502
"7901009",75,0,1,0.028035,1,0.005607,1,109.936444887895,1,4.85770114173157,474,1,9.05599975585938,35.0530014038086,0.0280349999666214,0,106.011497497559,-88.2984,27.5815,9.93357174349209,63,63,63,63,61,63,0,7591,0.941689079772035,28,-88,0.001869,51,2025-07-06 04:18:37.000455,474,1.037,0.0011,"aoml_navis",1029.29345674355
"7901009",75,0,1,0.029904,1,0.007476,1,109.994517966939,1,4.85764920361768,476,1,9.02600002288818,35.048999786377,0.0299040004611015,0,106.067497253418,-88.2984,27.5815,9.93357174349209,63,63,63,63,61,63,0,7591,0.941689079772035,28,-88,0.001869,51,2025-07-06 04:18:37.000455,476,1.037,0.0011,"aoml_navis",1029.30446197645
"7901009",75,0,1,0.031773,1,0.009345,1,110.014637836151,1,4.85759959314678,478,1,9.00800037384033,35.0470008850098,0.0317730009555817,0,106.086898803711,-88.2984,27.5815,9.93357174349209,63,63,63,63,61,63,0,7591,0.941689079772035,28,-88,0.001869,51,2025-07-06 04:18:37.000455,478,1.037,0.0011,"aoml_navis",1029.31497422186
"7901009",75,0,1,0.028035,1,0.005607,1,110.472695181009,1,4.85755207752718,480,1,8.98799991607666,35.0439987182617,0.0280349999666214,0,106.528602600098,-88.2984,27.5815,9.93357174349209,63,63,63,63,61,63,0,7591,0.941689079772035,28,-88,0.001869,51,2025-07-06 04:18:37.000455,480,1.037,0.0011,"aoml_navis",1029.32504277861
"7901009",75,0,1,0.028035,1,0.005607,1,111.06680493285,1,4.85748218502755,482,1,8.90799999237061,35.0340003967285,0.0280349999666214,0,107.101501464844,-88.2984,27.5815,9.93357174349209,63,63,63,63,61,63,0,7591,0.941689079772035,28,-88,0.001869,51,2025-07-06 04:18:37.000455,482,1.037,0.0011,"aoml_navis",1029.33985335278
"7901009",75,0,1,0.031773,1,0.009345,1,111.560117542044,1,4.85742100701414,484,1,8.85700035095215,35.0279998779297,0.0317730009555817,0,107.577201843262,-88.2984,27.5815,9.93357174349209,63,63,63,63,61,63,0,7591,0.941689079772035,28,-88,0.001869,51,2025-07-06 04:18:37.000455,484,1.037,0.0011,"aoml_navis",1029.35281763306
"7901009",75,0,1,0.029904,1,0.007476,1,112.12477142559,1,4.85736760505185,486,1,8.81099987030029,35.0209999084473,0.0299040004611015,0,108.121696472168,-88.2984,27.5815,9.93357174349209,63,63,63,63,61,63,0,7591,0.941689079772035,28,-88,0.001869,51,2025-07-06 04:18:37.000455,486,1.037,0.0011,"aoml_navis",1029.36413435125
"7901009",75,0,1,0.029904,1,0.007476,1,112.794384092051,1,4.85730101834811,488,1,8.73900032043457,35.0120010375977,0.0299040004611015,0,108.767402648926,-88.2984,27.5815,9.93357174349209,63,63,63,63,61,63,0,7591,0.941689079772035,28,-88,0.001869,51,2025-07-06 04:18:37.000455,488,1.037,0.0011,"aoml_navis",1029.37824547271
"7901009",75,0,1,0.031773,1,0.009345,1,113.010805209786,1,4.85723599404934,490,1,8.66399955749512,35.0019989013672,0.0317730009555817,0,108.976097106934,-88.2984,27.5815,9.93357174349209,63,63,63,63,61,63,0,7591,0.941689079772035,28,-88,0.001869,51,2025-07-06 04:18:37.000455,490,1.037,0.0011,"aoml_navis",1029.39202586112
"7901009",75,0,1,0.031773,1,0.009345,1,113.089520341041,1,4.85718505883808,492,1,8.64400005340576,35,0.0317730009555817,0,109.052001953125,-88.2984,27.5815,9.93357174349209,63,63,63,63,61,63,0,7591,0.941689079772035,28,-88,0.001869,51,2025-07-06 04:18:37.000455,492,1.037,0.0011,"aoml_navis",1029.40282065269
"7901009",75,0,1,0.031773,1,0.009345,1,113.248287708504,1,4.8571396554724,494,1,8.63099956512451,34.9980010986328,0.0317730009555817,0,109.205101013184,-88.2984,27.5815,9.93357174349209,63,63,63,63,61,63,0,7591,0.941689079772035,28,-88,0.001869,51,2025-07-06 04:18:37.000455,494,1.037,0.0011,"aoml_navis",1029.41244326105
"7901009",75,0,1,0.026166,1,0.003738,1,113.460563009697,1,4.85709688258815,496,1,8.62600040435791,34.9970016479492,0.0261659994721413,0,109.409797668457,-88.2984,27.5815,9.93357174349209,63,63,63,63,61,63,0,7591,0.941689079772035,28,-88,0.001869,51,2025-07-06 04:18:37.000455,496,1.037,0.0011,"aoml_navis",1029.42150854024
"7901009",75,0,1,0.029904,1,0.007476,1,114.032487895919,1,4.85704497523459,498,1,8.58600044250488,34.9910011291504,0.0299040004611015,0,109.961303710938,-88.2984,27.5815,9.93357174349209,63,63,63,63,61,63,0,7591,0.941689079772035,28,-88,0.001869,51,2025-07-06 04:18:37.000455,498,1.037,0.0011,"aoml_navis",1029.43250999205
"7901009",75,0,1,0.029904,1,0.007476,1,114.646923225425,1,4.8569635619678,500,1,8.47999954223633,34.9790000915527,0.0299040004611015,0,110.553802490234,-88.2984,27.5815,9.93357174349209,63,63,63,63,61,63,0,7591,0.941689079772035,28,-88,0.001869,51,2025-07-06 04:18:37.000455,500,1.037,0.0011,"aoml_navis",1029.44976551857
"7901009",75,0,1,0.029904,1,0.007476,1,114.846341748219,1,4.8569097906158,502,1,8.44200038909912,34.9739990234375,0.0299040004611015,0,110.746101379395,-88.2984,27.5815,9.93357174349209,63,63,63,63,61,63,0,7591,0.941689079772035,28,-88,0.001869,51,2025-07-06 04:18:37.000455,502,1.037,0.0011,"aoml_navis",1029.46116266369
"7901009",75,0,1,0.028035,1,0.005607,1,114.942787365869,1,4.85685373180186,504,1,8.40100002288818,34.9690017700195,0.0280349999666214,0,110.83910369873,-88.2984,27.5815,9.93357174349209,63,63,63,63,61,63,0,7591,0.941689079772035,28,-88,0.001869,51,2025-07-06 04:18:37.000455,504,1.037,0.0011,"aoml_navis",1029.47304491812
"7901009",75,0,1,0.029904,1,0.007476,1,114.932620621104,1,4.85680555132713,506,1,8.38899993896484,34.9679985046387,0.0299040004611015,0,110.829299926758,-88.2984,27.5815,9.93357174349209,63,63,63,63,61,63,0,7591,0.941689079772035,28,-88,0.001869,51,2025-07-06 04:18:37.000455,506,1.037,0.0011,"aoml_navis",1029.48325749499
"7901009",75,0,1,0.029904,1,0.007476,1,115.084852789209,1,4.85674648811017,508,1,8.36299991607666,34.9669990539551,0.0299040004611015,0,110.976097106934,-88.2984,27.5815,9.93357174349209,63,63,63,63,61,63,0,7591,0.941689079772035,28,-88,0.001869,51,2025-07-06 04:18:37.000455,508,1.037,0.0011,"aoml_navis",1029.49577710933
"7901009",75,0,4,0.024297,1,0.001869,1,115.22755116164,1,4.85669695144139,510,1,8.33500003814697,34.9630012512207,0.0242970008403063,0,111.113700866699,-88.2984,27.5815,9.93357174349209,63,63,63,63,61,63,0,7591,0.941689079772035,28,-88,0.001869,51,2025-07-06 04:18:37.000455,510,1.037,0.0011,"aoml_navis",1029.50627761859
"7901009",75,0,1,0.029904,1,0.007476,1,115.398138853366,1,4.8566532576093,512,1,8.32400035858154,34.9609985351562,0.0299040004611015,0,111.278198242188,-88.2984,27.5815,9.93357174349209,63,63,63,63,61,63,0,7591,0.941689079772035,28,-88,0.001869,51,2025-07-06 04:18:37.000455,512,1.037,0.0011,"aoml_navis",1029.51553977342
"7901009",75,0,1,0.033642,1,0.011214,1,115.62929186118,1,4.85659698538525,514,1,8.29199981689453,34.9580001831055,0.0336420014500618,0,111.501098632812,-88.2984,27.5815,9.93357174349209,63,63,63,63,61,63,0,7591,0.941689079772035,28,-88,0.001869,51,2025-07-06 04:18:37.000455,514,1.037,0.0011,"aoml_navis",1029.52746852298
"7901009",75,0,1,0.029904,1,0.007476,1,115.808487660536,1,4.85655681118846,516,1,8.27600002288818,34.9539985656738,0.0299040004611015,0,111.673896789551,-88.2984,27.5815,9.93357174349209,63,63,63,63,61,63,0,7591,0.941689079772035,28,-88,0.001869,51,2025-07-06 04:18:37.000455,516,1.037,0.0011,"aoml_navis",1029.53598493506
"7901009",75,0,1,0.029904,1,0.007476,1,116.02595314427,1,4.85650008869445,518,1,8.22900009155273,34.9480018615723,0.0299040004611015,0,111.883598327637,-88.2984,27.5815,9.93357174349209,63,63,63,63,61,63,0,7591,0.941689079772035,28,-88,0.001869,51,2025-07-06 04:18:37.000455,518,1.037,0.0011,"aoml_navis",1029.54800961285
"7901009",75,0,1,0.033642,1,0.011214,1,116.194887256498,1,4.856449670589,520,1,8.21399974822998,34.9469985961914,0.0336420014500618,0,112.046501159668,-88.2984,27.5815,9.93357174349209,63,63,63,63,61,63,0,7591,0.941689079772035,28,-88,0.001869,51,2025-07-06 04:18:37.000455,520,1.037,0.0011,"aoml_navis",1029.55869805063
"7901009",75,0,1,0.029904,1,0.007476,1,116.412764157141,1,4.85639307133324,522,1,8.16699981689453,34.9410018920898,0.0299040004611015,0,112.25659942627,-88.2984,27.5815,9.93357174349209,63,63,63,63,61,63,0,7591,0.941689079772035,28,-88,0.001869,51,2025-07-06 04:18:37.000455,522,1.037,0.0011,"aoml_navis",1029.57069713209
"7901009",75,0,1,0.028035,1,0.005607,1,116.431428243444,1,4.85634159978348,524,1,8.16499996185303,34.943000793457,0.0280349999666214,0,112.274597167969,-88.2984,27.5815,9.93357174349209,63,63,63,63,61,63,0,7591,0.941689079772035,28,-88,0.001869,51,2025-07-06 04:18:37.000455,524,1.037,0.0011,"aoml_navis",1029.58160937915
"7901009",75,0,1,0.031773,1,0.009345,1,116.622032950154,1,4.85628875001054,526,1,8.14200019836426,34.9410018920898,0.0317730009555817,0,112.458396911621,-88.2984,27.5815,9.93357174349209,63,63,63,63,61,63,0,7591,0.941689079772035,28,-88,0.001869,51,2025-07-06 04:18:37.000455,526,1.037,0.0011,"aoml_navis",1029.59281405768
"7901009",75,0,1,0.028035,1,0.005607,1,116.609073317528,1,4.85624053143877,528,1,8.125,34.9389991760254,0.0280349999666214,0,112.445899963379,-88.2984,27.5815,9.93357174349209,63,63,63,63,61,63,0,7591,0.941689079772035,28,-88,0.001869,51,2025-07-06 04:18:37.000455,528,1.037,0.0011,"aoml_navis",1029.60303708816
"7901009",75,0,1,0.031773,1,0.009345,1,116.440867096755,1,4.85619015629779,530,1,8.10999965667725,34.9379997253418,0.0317730009555817,0,112.283699035645,-88.2984,27.5815,9.93357174349209,63,63,63,63,61,63,0,7591,0.941689079772035,28,-88,0.001869,51,2025-07-06 04:18:37.000455,530,1.037,0.0011,"aoml_navis",1029.61371755917
"7901009",75,0,1,0.026166,1,0.003738,1,116.40260532424,1,4.85613792295988,532,1,8.10700035095215,34.939998626709,0.0261659994721413,0,112.246803283691,-88.2984,27.5815,9.93357174349209,63,63,63,63,61,63,0,7591,0.941689079772035,28,-88,0.001869,51,2025-07-06 04:18:37.000455,532,1.037,0.0011,"aoml_navis",1029.62479223663
"7901009",75,0,1,0.026166,1,0.003738,1,116.613947025524,1,4.85607275453824,534,1,8.0629997253418,34.9370002746582,0.0261659994721413,0,112.45059967041,-88.2984,27.5815,9.93357174349209,63,63,63,63,61,63,0,7591,0.941689079772035,28,-88,0.001869,51,2025-07-06 04:18:37.000455,534,1.037,0.0011,"aoml_navis",1029.6386097855
"7901009",75,0,1,0.029904,1,0.007476,1,116.565929925154,1,4.85601835406769,536,1,8.03299999237061,34.9339981079102,0.0299040004611015,0,112.404296875,-88.2984,27.5815,9.93357174349209,63,63,63,63,61,63,0,7591,0.941689079772035,28,-88,0.001869,51,2025-07-06 04:18:37.000455,536,1.037,0.0011,"aoml_navis",1029.65014450814
"7901009",75,0,1,0.028035,1,0.005607,1,116.273910950434,1,4.85595836059188,538,1,8.01500034332275,34.935001373291,0.0280349999666214,0,112.122703552246,-88.2984,27.5815,9.93357174349209,63,63,63,63,61,63,0,7591,0.941689079772035,28,-88,0.001869,51,2025-07-06 04:18:37.000455,538,1.037,0.0011,"aoml_navis",1029.66286543498
"7901009",75,0,1,0.031773,1,0.009345,1,115.897883807691,1,4.85590879788478,540,1,8.02999973297119,34.939998626709,0.0317730009555817,0,111.760101318359,-88.2984,27.5815,9.93357174349209,63,63,63,63,61,63,0,7591,0.941689079772035,28,-88,0.001869,51,2025-07-06 04:18:37.000455,540,1.037,0.0011,"aoml_navis",1029.67337487434
"7901009",75,0,1,0.026166,1,0.003738,1,115.690062885722,1,4.85585681928314,542,1,8.03699970245361,34.9440002441406,0.0261659994721413,0,111.559700012207,-88.2984,27.5815,9.93357174349209,63,63,63,63,61,63,0,7591,0.941689079772035,28,-88,0.001869,51,2025-07-06 04:18:37.000455,542,1.037,0.0011,"aoml_navis",1029.68439681838
"7901009",75,0,1,0.026166,1,0.003738,1,115.821763767707,1,4.85581043748842,544,1,8.0319995880127,34.9440002441406,0.0261659994721413,0,111.686698913574,-88.2984,27.5815,9.93357174349209,63,63,63,63,61,63,0,7591,0.941689079772035,28,-88,0.001869,51,2025-07-06 04:18:37.000455,544,1.037,0.0011,"aoml_navis",1029.6942321715
"7901009",75,0,1,0.033642,1,0.011214,1,116.128831107051,1,4.85576061920072,546,1,8.00800037384033,34.9410018920898,0.0336420014500618,0,111.982803344727,-88.2984,27.5815,9.93357174349209,63,63,63,63,61,63,0,7591,0.941689079772035,28,-88,0.001869,51,2025-07-06 04:18:37.000455,546,1.037,0.0011,"aoml_navis",1029.70479644918
"7901009",75,0,1,0.029904,1,0.007476,1,116.541980713946,1,4.85570767202358,548,1,7.97499990463257,34.9370002746582,0.0299040004611015,0,112.381202697754,-88.2984,27.5815,9.93357174349209,63,63,63,63,61,63,0,7591,0.941689079772035,28,-88,0.001869,51,2025-07-06 04:18:37.000455,548,1.037,0.0011,"aoml_navis",1029.71602446493
"7901009",75,0,1,0.031773,1,0.009345,1,116.951601629662,1,4.85565704889193,550,1,7.94500017166138,34.9329986572266,0.0317730009555817,0,112.77619934082,-88.2984,27.5815,9.93357174349209,63,63,63,63,61,63,0,7591,0.941689079772035,28,-88,0.001869,51,2025-07-06 04:18:37.000455,550,1.037,0.0011,"aoml_navis",1029.72675987094
"7901009",75,0,1,0.029904,1,0.007476,1,117.362053291059,1,4.85560872313099,552,1,7.91800022125244,34.9290008544922,0.0299040004611015,0,113.171997070312,-88.2984,27.5815,9.93357174349209,63,63,63,63,61,63,0,7591,0.941689079772035,28,-88,0.001869,51,2025-07-06 04:18:37.000455,552,1.037,0.0011,"aoml_navis",1029.73700829335
"7901009",75,0,1,0.031773,1,0.009345,1,117.896847801265,1,4.85556639729196,554,1,7.89400005340576,34.923999786377,0.0317730009555817,0,113.687698364258,-88.2984,27.5815,9.93357174349209,63,63,63,63,61,63,0,7591,0.941689079772035,28,-88,0.001869,51,2025-07-06 04:18:37.000455,554,1.037,0.0011,"aoml_navis",1029.74598448259
"7901009",75,0,1,0.029904,1,0.007476,1,118.562828922321,1,4.85548384275989,556,1,7.80200004577637,34.9160003662109,0.0299040004611015,0,114.329902648926,-88.2984,27.5815,9.93357174349209,63,63,63,63,61,63,0,7591,0.941689079772035,28,-88,0.001869,51,2025-07-06 04:18:37.000455,556,1.037,0.0011,"aoml_navis",1029.76349256225
"7901009",75,0,1,0.029904,1,0.007476,1,118.882333711291,1,4.85542004155524,558,1,7.76399993896484,34.9140014648438,0.0299040004611015,0,114.638000488281,-88.2984,27.5815,9.93357174349209,63,63,63,63,61,63,0,7591,0.941689079772035,28,-88,0.001869,51,2025-07-06 04:18:37.000455,558,1.037,0.0011,"aoml_navis",1029.77702386351
"7901009",75,0,1,0.029904,1,0.007476,1,119.096373358073,1,4.85535850242911,560,1,7.72399997711182,34.9109992980957,0.0299040004611015,0,114.844398498535,-88.2984,27.5815,9.93357174349209,63,63,63,63,61,63,0,7591,0.941689079772035,28,-88,0.001869,51,2025-07-06 04:18:37.000455,560,1.037,0.0011,"aoml_navis",1029.79007574797
"7901009",75,0,1,0.029904,1,0.007476,1,119.13381229677,1,4.85531059486602,562,1,7.71199989318848,34.9099998474121,0.0299040004611015,0,114.880500793457,-88.2984,27.5815,9.93357174349209,63,63,63,63,61,63,0,7591,0.941689079772035,28,-88,0.001869,51,2025-07-06 04:18:37.000455,562,1.037,0.0011,"aoml_navis",1029.80023673191
"7901009",75,0,1,0.029904,1,0.007476,1,119.196861938038,1,4.85526131009397,564,1,7.70800018310547,34.9109992980957,0.0299040004611015,0,114.941299438477,-88.2984,27.5815,9.93357174349209,63,63,63,63,61,63,0,7591,0.941689079772035,28,-88,0.001869,51,2025-07-06 04:18:37.000455,564,1.037,0.0011,"aoml_navis",1029.81069002509
"7901009",75,0,1,0.029904,1,0.007476,1,119.309795879493,1,4.85521945837336,566,1,7.70900011062622,34.9109992980957,0.0299040004611015,0,115.050201416016,-88.2984,27.5815,9.93357174349209,63,63,63,63,61,63,0,7591,0.941689079772035,28,-88,0.001869,51,2025-07-06 04:18:37.000455,566,1.037,0.0011,"aoml_navis",1029.81956693573
"7901009",75,0,1,0.029904,1,0.007476,1,119.604932128482,1,4.85517754913032,568,1,7.70499992370605,34.9099998474121,0.0299040004611015,0,115.334800720215,-88.2984,27.5815,9.93357174349209,63,63,63,63,61,63,0,7591,0.941689079772035,28,-88,0.001869,51,2025-07-06 04:18:37.000455,568,1.037,0.0011,"aoml_navis",1029.82845620046
"7901009",75,0,1,0.031773,1,0.009345,1,120.189919501557,1,4.85512271719042,570,1,7.66400003433228,34.9049987792969,0.0317730009555817,0,115.898902893066,-88.2984,27.5815,9.93357174349209,63,63,63,63,61,63,0,7591,0.941689079772035,28,-88,0.001869,51,2025-07-06 04:18:37.000455,570,1.037,0.0011,"aoml_navis",1029.84008669783
"7901009",75,0,1,0.029904,1,0.007476,1,120.624328286026,1,4.8550670981125,572,1,7.60699987411499,34.8969993591309,0.0299040004611015,0,116.317802429199,-88.2984,27.5815,9.93357174349209,63,63,63,63,61,63,0,7591,0.941689079772035,28,-88,0.001869,51,2025-07-06 04:18:37.000455,572,1.037,0.0011,"aoml_navis",1029.8518844248
"7901009",75,0,4,0.026166,1,0.003738,1,120.97877977665,1,4.85501843147138,574,1,7.58400011062622,34.8940010070801,0.0261659994721413,0,116.659599304199,-88.2984,27.5815,9.93357174349209,63,63,63,63,61,63,0,7591,0.941689079772035,28,-88,0.001869,51,2025-07-06 04:18:37.000455,574,1.037,0.0011,"aoml_navis",1029.86220764659
"7901009",75,0,1,0.033642,1,0.011214,1,121.372228843106,1,4.85496979923581,576,1,7.56099987030029,34.890998840332,0.0336420014500618,0,117.039001464844,-88.2984,27.5815,9.93357174349209,63,63,63,63,61,63,0,7591,0.941689079772035,28,-88,0.001869,51,2025-07-06 04:18:37.000455,576,1.037,0.0011,"aoml_navis",1029.87252377698
"7901009",75,0,1,0.031773,1,0.009345,1,121.658448421785,1,4.85490854232835,578,1,7.51100015640259,34.8860015869141,0.0317730009555817,0,117.315002441406,-88.2984,27.5815,9.93357174349209,63,63,63,63,61,63,0,7591,0.941689079772035,28,-88,0.001869,51,2025-07-06 04:18:37.000455,578,1.037,0.0011,"aoml_navis",1029.88551821453
"7901009",75,0,1,0.033642,1,0.011214,1,121.868753668934,1,4.85485185563943,580,1,7.48199987411499,34.8839988708496,0.0336420014500618,0,117.517799377441,-88.2984,27.5815,9.93357174349209,63,63,63,63,61,63,0,7591,0.941689079772035,28,-88,0.001869,51,2025-07-06 04:18:37.000455,580,1.037,0.0011,"aoml_navis",1029.89754346303
"7901009",75,0,4,0.026166,1,0.003738,1,121.952856779321,1,4.85479667568641,582,1,7.46999979019165,34.8849983215332,0.0261659994721413,0,117.598899841309,-88.2984,27.5815,9.93357174349209,63,63,63,63,61,63,0,7591,0.941689079772035,28,-88,0.001869,51,2025-07-06 04:18:37.000455,582,1.037,0.0011,"aoml_navis",1029.90924934937
"7901009",75,0,1,0.031773,1,0.009345,1,122.082279044581,1,4.85474961099151,584,1,7.4539999961853,34.882999420166,0.0317730009555817,0,117.723701477051,-88.2984,27.5815,9.93357174349209,63,63,63,63,61,63,0,7591,0.941689079772035,28,-88,0.001869,51,2025-07-06 04:18:37.000455,584,1.037,0.0011,"aoml_navis",1029.91923387349
"7901009",75,0,1,0.033642,1,0.011214,1,122.13578697831,1,4.85469739325067,586,1,7.43599987030029,34.8819999694824,0.0336420014500618,0,117.775299072266,-88.2984,27.5815,9.93357174349209,63,63,63,63,61,63,0,7591,0.941689079772035,28,-88,0.001869,51,2025-07-06 04:18:37.000455,586,1.037,0.0011,"aoml_navis",1029.93031181538
"7901009",75,0,1,0.029904,1,0.007476,1,122.123547325275,1,4.85464444398042,588,1,7.42700004577637,34.882999420166,0.0299040004611015,0,117.763496398926,-88.2984,27.5815,9.93357174349209,63,63,63,63,61,63,0,7591,0.941689079772035,28,-88,0.001869,51,2025-07-06 04:18:37.000455,588,1.037,0.0011,"aoml_navis",1029.94154519386
"7901009",75,0,1,0.031773,1,0.009345,1,122.047846614063,1,4.85459813272644,590,1,7.42199993133545,34.882999420166,0.0317730009555817,0,117.690498352051,-88.2984,27.5815,9.93357174349209,63,63,63,63,61,63,0,7591,0.941689079772035,28,-88,0.001869,51,2025-07-06 04:18:37.000455,590,1.037,0.0011,"aoml_navis",1029.95137049416
"7901009",75,0,1,0.029904,1,0.007476,1,122.077816753493,1,4.85453853701616,592,1,7.41400003433228,34.8860015869141,0.0299040004611015,0,117.719398498535,-88.2984,27.5815,9.93357174349209,63,63,63,63,61,63,0,7591,0.941689079772035,28,-88,0.001869,51,2025-07-06 04:18:37.000455,592,1.037,0.0011,"aoml_navis",1029.9640144732
"7901009",75,0,1,0.033642,1,0.011214,1,122.153414610478,1,4.85447896924093,594,1,7.39599990844727,34.8870010375977,0.0336420014500618,0,117.792297363281,-88.2984,27.5815,9.93357174349209,63,63,63,63,61,63,0,7591,0.941689079772035,28,-88,0.001869,51,2025-07-06 04:18:37.000455,594,1.037,0.0011,"aoml_navis",1029.97665283568
"7901009",75,0,1,0.028035,1,0.005607,1,122.195624402944,1,4.8544267700194,596,1,7.38800001144409,34.8880004882812,0.0280349999666214,0,117.833000183105,-88.2984,27.5815,9.93357174349209,63,63,63,63,61,63,0,7591,0.941689079772035,28,-88,0.001869,51,2025-07-06 04:18:37.000455,596,1.037,0.0011,"aoml_navis",1029.9877280835
"7901009",75,0,1,0.031773,1,0.009345,1,122.266348551933,1,4.85438489104917,598,1,7.38399982452393,34.8870010375977,0.0317730009555817,0,117.90119934082,-88.2984,27.5815,9.93357174349209,63,63,63,63,61,63,0,7591,0.941689079772035,28,-88,0.001869,51,2025-07-06 04:18:37.000455,598,1.037,0.0011,"aoml_navis",1029.99661382832
"7901009",75,0,1,0.028035,1,0.005607,1,122.468465020225,1,4.85433417709543,600,1,7.3730001449585,34.8870010375977,0.0280349999666214,0,118.096099853516,-88.2984,27.5815,9.93357174349209,63,63,63,63,61,63,0,7591,0.941689079772035,28,-88,0.001869,51,2025-07-06 04:18:37.000455,600,1.037,0.0011,"aoml_navis",1030.00737435669
"7901009",75,0,1,0.028035,1,0.005607,1,122.716414914525,1,4.85427758749647,602,1,7.35400009155273,34.8870010375977,0.0280349999666214,0,118.33519744873,-88.2984,27.5815,9.93357174349209,63,63,63,63,61,63,0,7591,0.941689079772035,28,-88,0.001869,51,2025-07-06 04:18:37.000455,602,1.037,0.0011,"aoml_navis",1030.01938184971
"7901009",75,0,1,0.029904,1,0.007476,1,123.090574857452,1,4.85422473035116,604,1,7.32999992370605,34.8849983215332,0.0299040004611015,0,118.695999145508,-88.2984,27.5815,9.93357174349209,63,63,63,63,61,63,0,7591,0.941689079772035,28,-88,0.001869,51,2025-07-06 04:18:37.000455,604,1.037,0.0011,"aoml_navis",1030.03059762301
"7901009",75,0,1,0.029904,1,0.007476,1,123.464837654605,1,4.85414250164095,606,1,7.2810001373291,34.8860015869141,0.0299040004611015,0,119.056900024414,-88.2984,27.5815,9.93357174349209,63,63,63,63,61,63,0,7591,0.941689079772035,28,-88,0.001869,51,2025-07-06 04:18:37.000455,606,1.037,0.0011,"aoml_navis",1030.04804624292
"7901009",75,0,1,0.028035,1,0.005607,1,123.730209472619,1,4.85408460222477,608,1,7.25,34.8839988708496,0.0280349999666214,0,119.312797546387,-88.2984,27.5815,9.93357174349209,63,63,63,63,61,63,0,7591,0.941689079772035,28,-88,0.001869,51,2025-07-06 04:18:37.000455,608,1.037,0.0011,"aoml_navis",1030.06033263375
"7901009",75,0,1,0.031773,1,0.009345,1,123.953482264258,1,4.85402887225913,610,1,7.22700023651123,34.882999420166,0.0317730009555817,0,119.528099060059,-88.2984,27.5815,9.93357174349209,63,63,63,63,61,63,0,7591,0.941689079772035,28,-88,0.001869,51,2025-07-06 04:18:37.000455,610,1.037,0.0011,"aoml_navis",1030.07215893896
"7901009",75,0,1,0.031773,1,0.009345,1,124.172814947808,1,4.85397530178123,612,1,7.21199989318848,34.882999420166,0.0317730009555817,0,119.739601135254,-88.2984,27.5815,9.93357174349209,63,63,63,63,61,63,0,7591,0.941689079772035,28,-88,0.001869,51,2025-07-06 04:18:37.000455,612,1.037,0.0011,"aoml_navis",1030.0835272411
"7901009",75,0,1,0.033642,1,0.011214,1,124.485270266284,1,4.85390936902587,614,1,7.17999982833862,34.882999420166,0.0336420014500618,0,120.040901184082,-88.2984,27.5815,9.93357174349209,63,63,63,63,61,63,0,7591,0.941689079772035,28,-88,0.001869,51,2025-07-06 04:18:37.000455,614,1.037,0.0011,"aoml_navis",1030.09751931224
"7901009",75,0,1,0.029904,1,0.007476,1,124.744320505258,1,4.85385951266402,616,1,7.16499996185303,34.8819999694824,0.0299040004611015,0,120.290702819824,-88.2984,27.5815,9.93357174349209,63,63,63,63,61,63,0,7591,0.941689079772035,28,-88,0.001869,51,2025-07-06 04:18:37.000455,616,1.037,0.0011,"aoml_navis",1030.108099947
"7901009",75,0,1,0.033642,1,0.011214,1,125.095971196157,1,4.8538089967678,618,1,7.14400005340576,34.8800010681152,0.0336420014500618,0,120.62979888916,-88.2984,27.5815,9.93357174349209,63,63,63,63,61,63,0,7591,0.941689079772035,28,-88,0.001869,51,2025-07-06 04:18:37.000455,618,1.037,0.0011,"aoml_navis",1030.11882077139
"7901009",75,0,1,0.029904,1,0.007476,1,125.453539961051,1,4.8537410440386,620,1,7.10400009155273,34.8790016174316,0.0299040004611015,0,120.974601745605,-88.2984,27.5815,9.93357174349209,63,63,63,63,61,63,0,7591,0.941689079772035,28,-88,0.001869,51,2025-07-06 04:18:37.000455,620,1.037,0.0011,"aoml_navis",1030.13324251013
"7901009",75,0,1,0.029904,1,0.007476,1,125.605147091929,1,4.85368184293056,622,1,7.07600021362305,34.8779983520508,0.0299040004611015,0,121.120796203613,-88.2984,27.5815,9.93357174349209,63,63,63,63,61,63,0,7591,0.941689079772035,28,-88,0.001869,51,2025-07-06 04:18:37.000455,622,1.037,0.0011,"aoml_navis",1030.1458072046
"7901009",75,0,1,0.031773,1,0.009345,1,125.723579778607,1,4.85363341180321,624,1,7.06799983978271,34.8779983520508,0.0317730009555817,0,121.235000610352,-88.2984,27.5815,9.93357174349209,63,63,63,63,61,63,0,7591,0.941689079772035,28,-88,0.001869,51,2025-07-06 04:18:37.000455,624,1.037,0.0011,"aoml_navis",1030.15608633335
"7901009",75,0,1,0.031773,1,0.009345,1,125.812968013898,1,4.85358281694459,626,1,7.05700016021729,34.8779983520508,0.0317730009555817,0,121.321197509766,-88.2984,27.5815,9.93357174349209,63,63,63,63,61,63,0,7591,0.941689079772035,28,-88,0.001869,51,2025-07-06 04:18:37.000455,626,1.037,0.0011,"aoml_navis",1030.16682491628
"7901009",75,0,4,0.024297,1,0.001869,1,125.907965760504,1,4.85353366991461,628,1,7.0479998588562,34.8779983520508,0.0242970008403063,0,121.412803649902,-88.2984,27.5815,9.93357174349209,63,63,63,63,61,63,0,7591,0.941689079772035,28,-88,0.001869,51,2025-07-06 04:18:37.000455,628,1.037,0.0011,"aoml_navis",1030.17725641697
"7901009",75,0,1,0.028035,1,0.005607,1,125.981174234672,1,4.85348596985074,630,1,7.04099988937378,34.8779983520508,0.0280349999666214,0,121.4833984375,-88.2984,27.5815,9.93357174349209,63,63,63,63,61,63,0,7591,0.941689079772035,28,-88,0.001869,51,2025-07-06 04:18:37.000455,630,1.037,0.0011,"aoml_navis",1030.18738099984
"7901009",75,0,1,0.029904,1,0.007476,1,126.030124934951,1,4.85343601295129,632,1,7.03599977493286,34.8790016174316,0.0299040004611015,0,121.530601501465,-88.2984,27.5815,9.93357174349209,63,63,63,63,61,63,0,7591,0.941689079772035,28,-88,0.001869,51,2025-07-06 04:18:37.000455,632,1.037,0.0011,"aoml_navis",1030.19798482098
"7901009",75,0,1,0.029904,1,0.007476,1,126.191590247912,1,4.85339490670489,634,1,7.03299999237061,34.8779983520508,0.0299040004611015,0,121.686302185059,-88.2984,27.5815,9.93357174349209,63,63,63,63,61,63,0,7591,0.941689079772035,28,-88,0.001869,51,2025-07-06 04:18:37.000455,634,1.037,0.0011,"aoml_navis",1030.20671017159
"7901009",75,0,1,0.033642,1,0.011214,1,126.576842623648,1,4.85334576962983,636,1,7.02400016784668,34.8779983520508,0.0336420014500618,0,122.057800292969,-88.2984,27.5815,9.93357174349209,63,63,63,63,61,63,0,7591,0.941689079772035,28,-88,0.001869,51,2025-07-06 04:18:37.000455,636,1.037,0.0011,"aoml_navis",1030.21714036693
"7901009",75,0,1,0.028035,1,0.005607,1,127.159440613906,1,4.85328815612924,638,1,6.99300003051758,34.8759994506836,0.0280349999666214,0,122.619598388672,-88.2984,27.5815,9.93357174349209,63,63,63,63,61,63,0,7591,0.941689079772035,28,-88,0.001869,51,2025-07-06 04:18:37.000455,638,1.037,0.0011,"aoml_navis",1030.22937009942
"7901009",75,0,1,0.028035,1,0.005607,1,127.708128356647,1,4.85323777259624,640,1,6.97200012207031,34.8740005493164,0.0280349999666214,0,123.148696899414,-88.2984,27.5815,9.93357174349209,63,63,63,63,61,63,0,7591,0.941689079772035,28,-88,0.001869,51,2025-07-06 04:18:37.000455,640,1.037,0.0011,"aoml_navis",1030.24006535028
"7901009",75,0,1,0.026166,1,0.003738,1,128.406358233858,1,4.85316587524837,642,1,6.9210000038147,34.8720016479492,0.0261659994721413,0,123.821998596191,-88.2984,27.5815,9.93357174349209,63,63,63,63,61,63,0,7591,0.941689079772035,28,-88,0.001869,51,2025-07-06 04:18:37.000455,642,1.037,0.0011,"aoml_navis",1030.25532786763
"7901009",75,0,1,0.031773,1,0.009345,1,128.835379039195,1,4.85310053938235,644,1,6.87900018692017,34.8699989318848,0.0317730009555817,0,124.235702514648,-88.2984,27.5815,9.93357174349209,63,63,63,63,61,63,0,7591,0.941689079772035,28,-88,0.001869,51,2025-07-06 04:18:37.000455,644,1.037,0.0011,"aoml_navis",1030.26919789227
"7901009",75,0,1,0.029904,1,0.007476,1,129.266678461257,1,4.85304097094345,646,1,6.84499979019165,34.8680000305176,0.0299040004611015,0,124.65160369873,-88.2984,27.5815,9.93357174349209,63,63,63,63,61,63,0,7591,0.941689079772035,28,-88,0.001869,51,2025-07-06 04:18:37.000455,646,1.037,0.0011,"aoml_navis",1030.28184388643
"7901009",75,0,1,0.031773,1,0.009345,1,129.561498235702,1,4.85299201086836,648,1,6.83099985122681,34.867000579834,0.0317730009555817,0,124.935897827148,-88.2984,27.5815,9.93357174349209,63,63,63,63,61,63,0,7591,0.941689079772035,28,-88,0.001869,51,2025-07-06 04:18:37.000455,648,1.037,0.0011,"aoml_navis",1030.29223802603
"7901009",75,0,1,0.031773,1,0.009345,1,129.991033312174,1,4.85293295821504,650,1,6.80800008773804,34.867000579834,0.0317730009555817,0,125.35009765625,-88.2984,27.5815,9.93357174349209,63,63,63,63,61,63,0,7591,0.941689079772035,28,-88,0.001869,51,2025-07-06 04:18:37.000455,650,1.037,0.0011,"aoml_navis",1030.30477508163
"7901009",75,0,1,0.029904,1,0.007476,1,130.592200446373,1,4.85288401680449,652,1,6.79400014877319,34.8660011291504,0.0299040004611015,0,125.929801940918,-88.2984,27.5815,9.93357174349209,63,63,63,63,61,63,0,7591,0.941689079772035,28,-88,0.001869,51,2025-07-06 04:18:37.000455,652,1.037,0.0011,"aoml_navis",1030.31516572127
"7901009",75,0,1,0.028035,1,0.005607,1,131.319775425787,1,4.85281053232426,654,1,6.7350001335144,34.8629989624023,0.0280349999666214,0,126.631401062012,-88.2984,27.5815,9.93357174349209,63,63,63,63,61,63,0,7591,0.941689079772035,28,-88,0.001869,51,2025-07-06 04:18:37.000455,654,1.037,0.0011,"aoml_navis",1030.33076743782
"7901009",75,0,1,0.029904,1,0.007476,1,131.665001683419,1,4.85274181762816,656,1,6.69299983978271,34.8619995117188,0.0299040004611015,0,126.964302062988,-88.2984,27.5815,9.93357174349209,63,63,63,63,61,63,0,7591,0.941689079772035,28,-88,0.001869,51,2025-07-06 04:18:37.000455,656,1.037,0.0011,"aoml_navis",1030.3453568943
"7901009",75,0,1,0.028035,1,0.005607,1,131.879041330201,1,4.85268257034549,658,1,6.67999982833862,34.8639984130859,0.0280349999666214,0,127.170700073242,-88.2984,27.5815,9.93357174349209,63,63,63,63,61,63,0,7591,0.941689079772035,28,-88,0.001869,51,2025-07-06 04:18:37.000455,658,1.037,0.0011,"aoml_navis",1030.35793656786
"7901009",75,0,1,0.029904,1,0.007476,1,132.163085146382,1,4.85262982957933,660,1,6.6710000038147,34.8650016784668,0.0299040004611015,0,127.444602966309,-88.2984,27.5815,9.93357174349209,63,63,63,63,61,63,0,7591,0.941689079772035,28,-88,0.001869,51,2025-07-06 04:18:37.000455,660,1.037,0.0011,"aoml_navis",1030.36913500436
"7901009",75,0,1,0.031773,1,0.009345,1,132.565134408604,1,4.85258308883681,662,1,6.65999984741211,34.8639984130859,0.0317730009555817,0,127.832298278809,-88.2984,27.5815,9.93357174349209,63,63,63,63,61,63,0,7591,0.941689079772035,28,-88,0.001869,51,2025-07-06 04:18:37.000455,662,1.037,0.0011,"aoml_navis",1030.37905966048
"7901009",75,0,1,0.033642,1,0.011214,1,133.082926323869,1,4.85253156788662,664,1,6.63700008392334,34.8619995117188,0.0336420014500618,0,128.331604003906,-88.2984,27.5815,9.93357174349209,63,63,63,63,61,63,0,7591,0.941689079772035,28,-88,0.001869,51,2025-07-06 04:18:37.000455,664,1.037,0.0011,"aoml_navis",1030.38999953948
"7901009",75,0,1,0.029904,1,0.007476,1,133.509549834526,1,4.85247285851853,666,1,6.60900020599365,34.8610000610352,0.0299040004611015,0,128.74299621582,-88.2984,27.5815,9.93357174349209,63,63,63,63,61,63,0,7591,0.941689079772035,28,-88,0.001869,51,2025-07-06 04:18:37.000455,666,1.037,0.0011,"aoml_navis",1030.40246607923
"7901009",75,0,1,0.031773,1,0.009345,1,133.848968784253,1,4.85241329941204,668,1,6.58500003814697,34.8610000610352,0.0317730009555817,0,129.070297241211,-88.2984,27.5815,9.93357174349209,63,63,63,63,61,63,0,7591,0.941689079772035,28,-88,0.001869,51,2025-07-06 04:18:37.000455,668,1.037,0.0011,"aoml_navis",1030.41511336346
"7901009",75,0,1,0.031773,1,0.009345,1,134.176567409717,1,4.85236166335503,670,1,6.56699991226196,34.8600006103516,0.0317730009555817,0,129.386199951172,-88.2984,27.5815,9.93357174349209,63,63,63,63,61,63,0,7591,0.941689079772035,28,-88,0.001869,51,2025-07-06 04:18:37.000455,670,1.037,0.0011,"aoml_navis",1030.42607845164
"7901009",75,0,1,0.029904,1,0.007476,1,134.584012562935,1,4.85230354459317,672,1,6.54500007629395,34.8600006103516,0.0299040004611015,0,129.779098510742,-88.2984,27.5815,9.93357174349209,63,63,63,63,61,63,0,7591,0.941689079772035,28,-88,0.001869,51,2025-07-06 04:18:37.000455,672,1.037,0.0011,"aoml_navis",1030.43842044289
"7901009",75,0,1,0.029904,1,0.007476,1,134.898540789682,1,4.85224194457741,674,1,6.51800012588501,34.8600006103516,0.0299040004611015,0,130.082397460938,-88.2984,27.5815,9.93357174349209,63,63,63,63,61,63,0,7591,0.941689079772035,28,-88,0.001869,51,2025-07-06 04:18:37.000455,674,1.037,0.0011,"aoml_navis",1030.45150202943
"7901009",75,0,1,0.035511,1,0.013083,1,135.20404949189,1,4.8521873616766,676,1,6.50099992752075,34.8600006103516,0.0355109982192516,0,130.376998901367,-88.2984,27.5815,9.93357174349209,63,63,63,63,61,63,0,7591,0.941689079772035,28,-88,0.001869,51,2025-07-06 04:18:37.000455,676,1.037,0.0011,"aoml_navis",1030.46309371539
"7901009",75,0,1,0.028035,1,0.005607,1,135.530192334446,1,4.85213997317875,678,1,6.48899984359741,34.859001159668,0.0280349999666214,0,130.691497802734,-88.2984,27.5815,9.93357174349209,63,63,63,63,61,63,0,7591,0.941689079772035,28,-88,0.001869,51,2025-07-06 04:18:37.000455,678,1.037,0.0011,"aoml_navis",1030.47315774866
"7901009",75,0,1,0.031773,1,0.009345,1,135.840479802288,1,4.85208471035294,680,1,6.47100019454956,34.859001159668,0.0317730009555817,0,130.990707397461,-88.2984,27.5815,9.93357174349209,63,63,63,63,61,63,0,7591,0.941689079772035,28,-88,0.001869,51,2025-07-06 04:18:37.000455,680,1.037,0.0011,"aoml_navis",1030.48489432418
"7901009",75,0,1,0.028035,1,0.005607,1,136.143488355589,1,4.85203155094494,682,1,6.45599985122681,34.859001159668,0.0280349999666214,0,131.282897949219,-88.2984,27.5815,9.93357174349209,63,63,63,63,61,63,0,7591,0.941689079772035,28,-88,0.001869,51,2025-07-06 04:18:37.000455,682,1.037,0.0011,"aoml_navis",1030.49618443356
"7901009",75,0,1,0.031773,1,0.009345,1,136.540252492907,1,4.85198327920106,684,1,6.44799995422363,34.859001159668,0.0317730009555817,0,131.665496826172,-88.2984,27.5815,9.93357174349209,63,63,63,63,61,63,0,7591,0.941689079772035,28,-88,0.001869,51,2025-07-06 04:18:37.000455,684,1.037,0.0011,"aoml_navis",1030.50643670464
"7901009",75,0,1,0.028035,1,0.005607,1,136.933598705136,1,4.85192734592176,686,1,6.42899990081787,34.859001159668,0.0280349999666214,0,132.044799804688,-88.2984,27.5815,9.93357174349209,63,63,63,63,61,63,0,7591,0.941689079772035,28,-88,0.001869,51,2025-07-06 04:18:37.000455,686,1.037,0.0011,"aoml_navis",1030.51831643825
"7901009",75,0,1,0.031773,1,0.009345,1,137.409703010935,1,4.85186217084971,688,1,6.40199995040894,34.8600006103516,0.0317730009555817,0,132.50390625,-88.2984,27.5815,9.93357174349209,63,63,63,63,61,63,0,7591,0.941689079772035,28,-88,0.001869,51,2025-07-06 04:18:37.000455,688,1.037,0.0011,"aoml_navis",1030.53215939239
"7901009",75,0,1,0.031773,1,0.009345,1,137.77130682628,1,4.85180696472959,690,1,6.38399982452393,34.8600006103516,0.0317730009555817,0,132.852600097656,-88.2984,27.5815,9.93357174349209,63,63,63,63,61,63,0,7591,0.941689079772035,28,-88,0.001869,51,2025-07-06 04:18:37.000455,690,1.037,0.0011,"aoml_navis",1030.54388526743
"7901009",75,0,1,0.031773,1,0.009345,1,138.122134683362,1,4.85176101463794,692,1,6.37400007247925,34.859001159668,0.0317730009555817,0,133.190902709961,-88.2984,27.5815,9.93357174349209,63,63,63,63,61,63,0,7591,0.941689079772035,28,-88,0.001869,51,2025-07-06 04:18:37.000455,692,1.037,0.0011,"aoml_navis",1030.55364534956
"7901009",75,0,1,0.029904,1,0.007476,1,138.579456224903,1,4.85170929515224,694,1,6.36100006103516,34.859001159668,0.0299040004611015,0,133.631896972656,-88.2984,27.5815,9.93357174349209,63,63,63,63,61,63,0,7591,0.941689079772035,28,-88,0.001869,51,2025-07-06 04:18:37.000455,694,1.037,0.0011,"aoml_navis",1030.56463110762
"7901009",75,0,1,0.028035,1,0.005607,1,139.216709369118,1,4.85164718690851,696,1,6.33300018310547,34.859001159668,0.0280349999666214,0,134.246398925781,-88.2984,27.5815,9.93357174349209,63,63,63,63,61,63,0,7591,0.941689079772035,28,-88,0.001869,51,2025-07-06 04:18:37.000455,696,1.037,0.0011,"aoml_navis",1030.57782385574
"7901009",75,0,1,0.028035,1,0.005607,1,139.837062772619,1,4.85158925872881,698,1,6.31099987030029,34.859001159668,0.0280349999666214,0,134.844604492188,-88.2984,27.5815,9.93357174349209,63,63,63,63,61,63,0,7591,0.941689079772035,28,-88,0.001869,51,2025-07-06 04:18:37.000455,698,1.037,0.0011,"aoml_navis",1030.59012899828
"7901009",75,0,1,0.031773,1,0.009345,1,140.186640555247,1,4.85151616402666,700,1,6.26700019836426,34.859001159668,0.0317730009555817,0,135.181701660156,-88.2984,27.5815,9.93357174349209,63,63,63,63,61,63,0,7591,0.941689079772035,28,-88,0.001869,51,2025-07-06 04:18:37.000455,700,1.037,0.0011,"aoml_navis",1030.60565624296
"7901009",75,0,1,0.031773,1,0.009345,1,140.411780546702,1,4.85146173712276,702,1,6.25,34.859001159668,0.0317730009555817,0,135.398803710938,-88.2984,27.5815,9.93357174349209,63,63,63,63,61,63,0,7591,0.941689079772035,28,-88,0.001869,51,2025-07-06 04:18:37.000455,702,1.037,0.0011,"aoml_navis",1030.61721825829
"7901009",75,0,1,0.028035,1,0.005607,1,140.502513798811,1,4.85141007469158,704,1,6.23699998855591,34.859001159668,0.0280349999666214,0,135.486297607422,-88.2984,27.5815,9.93357174349209,63,63,63,63,61,63,0,7591,0.941689079772035,28,-88,0.001869,51,2025-07-06 04:18:37.000455,704,1.037,0.0011,"aoml_navis",1030.62819325119
"7901009",75,0,1,0.028035,1,0.005607,1,140.548355136683,1,4.85136530202258,706,1,6.23400020599365,34.859001159668,0.0280349999666214,0,135.530502319336,-88.2984,27.5815,9.93357174349209,63,63,63,63,61,63,0,7591,0.941689079772035,28,-88,0.001869,51,2025-07-06 04:18:37.000455,706,1.037,0.0011,"aoml_navis",1030.63770479528
"7901009",75,0,1,0.031773,1,0.009345,1,140.499618056722,1,4.85132259723817,708,1,6.23400020599365,34.859001159668,0.0317730009555817,0,135.483505249023,-88.2984,27.5815,9.93357174349209,63,63,63,63,61,63,0,7591,0.941689079772035,28,-88,0.001869,51,2025-07-06 04:18:37.000455,708,1.037,0.0011,"aoml_navis",1030.64677719978
"7901009",75,0,1,0.028035,1,0.005607,1,140.530727504515,1,4.85127989500779,710,1,6.23400020599365,34.859001159668,0.0280349999666214,0,135.51350402832,-88.2984,27.5815,9.93357174349209,63,63,63,63,61,63,0,7591,0.941689079772035,28,-88,0.001869,51,2025-07-06 04:18:37.000455,710,1.037,0.0011,"aoml_navis",1030.65584922141
"7901009",75,0,1,0.028035,1,0.005607,1,140.587028326106,1,4.85123650588209,712,1,6.23299980163574,34.859001159668,0.0280349999666214,0,135.567794799805,-88.2984,27.5815,9.93357174349209,63,63,63,63,61,63,0,7591,0.941689079772035,28,-88,0.001869,51,2025-07-06 04:18:37.000455,712,1.037,0.0011,"aoml_navis",1030.66506733645
"7901009",75,0,1,0.029904,1,0.007476,1,140.642411371516,1,4.85119311930007,714,1,6.23199987411499,34.859001159668,0.0299040004611015,0,135.621200561523,-88.2984,27.5815,9.93357174349209,63,63,63,63,61,63,0,7591,0.941689079772035,28,-88,0.001869,51,2025-07-06 04:18:37.000455,714,1.037,0.0011,"aoml_navis",1030.67428507596
"7901009",75,0,1,0.029904,1,0.007476,1,140.775773744864,1,4.85114973493299,716,1,6.23099994659424,34.859001159668,0.0299040004611015,0,135.749801635742,-88.2984,27.5815,9.93357174349209,63,63,63,63,61,63,0,7591,0.941689079772035,28,-88,0.001869,51,2025-07-06 04:18:37.000455,716,1.037,0.0011,"aoml_navis",1030.68350250975
"7901009",75,0,1,0.031773,1,0.009345,1,141.008271769495,1,4.85110221618921,718,1,6.22399997711182,34.859001159668,0.0317730009555817,0,135.973999023438,-88.2984,27.5815,9.93357174349209,63,63,63,63,61,63,0,7591,0.941689079772035,28,-88,0.001869,51,2025-07-06 04:18:37.000455,718,1.037,0.0011,"aoml_navis",1030.69359852157
"7901009",75,0,1,0.029904,1,0.007476,1,141.227193036137,1,4.85103698652763,720,1,6.2020001411438,34.8610000610352,0.0299040004611015,0,136.185104370117,-88.2984,27.5815,9.93357174349209,63,63,63,63,61,63,0,7591,0.941689079772035,28,-88,0.001869,51,2025-07-06 04:18:37.000455,720,1.037,0.0011,"aoml_navis",1030.70745778399
"7901009",75,0,1,0.035511,1,0.013083,1,141.494740616649,1,4.85098440722476,722,1,6.19299983978271,34.8619995117188,0.0355109982192516,0,136.443099975586,-88.2984,27.5815,9.93357174349209,63,63,63,63,61,63,0,7591,0.941689079772035,28,-88,0.001869,51,2025-07-06 04:18:37.000455,722,1.037,0.0011,"aoml_navis",1030.71862951225
"7901009",75,0,1,0.029904,1,0.007476,1,141.774741470515,1,4.8509313960294,724,1,6.17799997329712,34.8619995117188,0.0299040004611015,0,136.713104248047,-88.2984,27.5815,9.93357174349209,63,63,63,63,61,63,0,7591,0.941689079772035,28,-88,0.001869,51,2025-07-06 04:18:37.000455,724,1.037,0.0011,"aoml_navis",1030.72989325156
"7901009",75,0,1,0.028035,1,0.005607,1,142.09020329717,1,4.85088182866378,726,1,6.16800022125244,34.8619995117188,0.0280349999666214,0,137.017303466797,-88.2984,27.5815,9.93357174349209,63,63,63,63,61,63,0,7591,0.941689079772035,28,-88,0.001869,51,2025-07-06 04:18:37.000455,726,1.037,0.0011,"aoml_navis",1030.74042547379
"7901009",75,0,1,0.028035,1,0.005607,1,142.370188327309,1,4.85081758863467,728,1,6.14200019836426,34.8629989624023,0.0280349999666214,0,137.287292480469,-88.2984,27.5815,9.93357174349209,63,63,63,63,61,63,0,7591,0.941689079772035,28,-88,0.001869,51,2025-07-06 04:18:37.000455,728,1.037,0.0011,"aoml_navis",1030.75407570774
"7901009",75,0,1,0.028035,1,0.005607,1,142.584235885955,1,4.85076297059073,730,1,6.13000011444092,34.8639984130859,0.0280349999666214,0,137.493698120117,-88.2984,27.5815,9.93357174349209,63,63,63,63,61,63,0,7591,0.941689079772035,28,-88,0.001869,51,2025-07-06 04:18:37.000455,730,1.037,0.0011,"aoml_navis",1030.76568166989
"7901009",75,0,1,0.033642,1,0.011214,1,142.835817325661,1,4.85070697304323,732,1,6.11600017547607,34.8650016784668,0.0336420014500618,0,137.736297607422,-88.2984,27.5815,9.93357174349209,63,63,63,63,61,63,0,7591,0.941689079772035,28,-88,0.001869,51,2025-07-06 04:18:37.000455,732,1.037,0.0011,"aoml_navis",1030.77758103848
"7901009",75,0,1,0.029904,1,0.007476,1,142.946789124936,1,4.85065674203934,734,1,6.10500001907349,34.8650016784668,0.0299040004611015,0,137.843307495117,-88.2984,27.5815,9.93357174349209,63,63,63,63,61,63,0,7591,0.941689079772035,28,-88,0.001869,51,2025-07-06 04:18:37.000455,734,1.037,0.0011,"aoml_navis",1030.78825526167
"7901009",75,0,1,0.029904,1,0.007476,1,143.003817837981,1,4.85060624782631,736,1,6.09899997711182,34.8660011291504,0.0299040004611015,0,137.898300170898,-88.2984,27.5815,9.93357174349209,63,63,63,63,61,63,0,7591,0.941689079772035,28,-88,0.001869,51,2025-07-06 04:18:37.000455,736,1.037,0.0011,"aoml_navis",1030.79898564033
"7901009",75,0,1,0.028035,1,0.005607,1,143.113112322166,1,4.85056081618681,738,1,6.09499979019165,34.8660011291504,0.0280349999666214,0,138.003692626953,-88.2984,27.5815,9.93357174349209,63,63,63,63,61,63,0,7591,0.941689079772035,28,-88,0.001869,51,2025-07-06 04:18:37.000455,738,1.037,0.0011,"aoml_navis",1030.80864037711
"7901009",75,0,1,0.029904,1,0.007476,1,143.247724769966,1,4.8505096413961,740,1,6.08799982070923,34.867000579834,0.0299040004611015,0,138.133499145508,-88.2984,27.5815,9.93357174349209,63,63,63,63,61,63,0,7591,0.941689079772035,28,-88,0.001869,51,2025-07-06 04:18:37.000455,740,1.037,0.0011,"aoml_navis",1030.81951581502
"7901009",75,0,1,0.028035,1,0.005607,1,143.366782493871,1,4.85046079102145,742,1,6.0789999961853,34.867000579834,0.0280349999666214,0,138.248306274414,-88.2984,27.5815,9.93357174349209,63,63,63,63,61,63,0,7591,0.941689079772035,28,-88,0.001869,51,2025-07-06 04:18:37.000455,742,1.037,0.0011,"aoml_navis",1030.82989749249
"7901009",75,0,1,0.033642,1,0.011214,1,143.491742468043,1,4.8504068844899,744,1,6.06799983978271,34.8680000305176,0.0336420014500618,0,138.368804931641,-88.2984,27.5815,9.93357174349209,63,63,63,63,61,63,0,7591,0.941689079772035,28,-88,0.001869,51,2025-07-06 04:18:37.000455,744,1.037,0.0011,"aoml_navis",1030.84135394671
"7901009",75,0,1,0.028035,1,0.005607,1,143.546903981271,1,4.85036077664337,746,1,6.06300020217896,34.8680000305176,0.0280349999666214,0,138.421997070312,-88.2984,27.5815,9.93357174349209,63,63,63,63,61,63,0,7591,0.941689079772035,28,-88,0.001869,51,2025-07-06 04:18:37.000455,746,1.037,0.0011,"aoml_navis",1030.85115319199
"7901009",75,0,4,0.026166,1,0.003738,1,143.665233813721,1,4.85031740633725,748,1,6.06199979782104,34.8680000305176,0.0261659994721413,0,138.536102294922,-88.2984,27.5815,9.93357174349209,63,63,63,63,61,63,0,7591,0.941689079772035,28,-88,0.001869,51,2025-07-06 04:18:37.000455,748,1.037,0.0011,"aoml_navis",1030.86037080113
"7901009",75,0,1,0.031773,1,0.009345,1,143.787804405077,1,4.8502719860508,750,1,6.05800008773804,34.8680000305176,0.0317730009555817,0,138.654296875,-88.2984,27.5815,9.93357174349209,63,63,63,63,61,63,0,7591,0.941689079772035,28,-88,0.001869,51,2025-07-06 04:18:37.000455,750,1.037,0.0011,"aoml_navis",1030.87002427489
"7901009",75,0,1,0.031773,1,0.009345,1,143.968353133114,1,4.85022656723173,752,1,6.05399990081787,34.8680000305176,0.0317730009555817,0,138.828399658203,-88.2984,27.5815,9.93357174349209,63,63,63,63,61,63,0,7591,0.941689079772035,28,-88,0.001869,51,2025-07-06 04:18:37.000455,752,1.037,0.0011,"aoml_navis",1030.87967761757
"7901009",75,0,1,0.031773,1,0.009345,1,144.341476621905,1,4.8501811505322,754,1,6.05000019073486,34.8680000305176,0.0317730009555817,0,139.188201904297,-88.2984,27.5815,9.93357174349209,63,63,63,63,61,63,0,7591,0.941689079772035,28,-88,0.001869,51,2025-07-06 04:18:37.000455,754,1.037,0.0011,"aoml_navis",1030.88933069054
"7901009",75,0,1,0.028035,1,0.005607,1,144.761359224749,1,4.85012821279619,756,1,6.03499984741211,34.8680000305176,0.0280349999666214,0,139.59309387207,-88.2984,27.5815,9.93357174349209,63,63,63,63,61,63,0,7591,0.941689079772035,28,-88,0.001869,51,2025-07-06 04:18:37.000455,756,1.037,0.0011,"aoml_navis",1030.90058254716
"7901009",75,0,1,0.029904,1,0.007476,1,145.148898129074,1,4.85007255157964,758,1,6.01599979400635,34.8680000305176,0.0299040004611015,0,139.966796875,-88.2984,27.5815,9.93357174349209,63,63,63,63,61,63,0,7591,0.941689079772035,28,-88,0.001869,51,2025-07-06 04:18:37.000455,758,1.037,0.0011,"aoml_navis",1030.91241354143
"7901009",75,0,1,0.031773,1,0.009345,1,145.398311718146,1,4.85002509200899,760,1,6.00899982452393,34.8680000305176,0.0317730009555817,0,140.207305908203,-88.2984,27.5815,9.93357174349209,63,63,63,63,61,63,0,7591,0.941689079772035,28,-88,0.001869,51,2025-07-06 04:18:37.000455,760,1.037,0.0011,"aoml_navis",1030.92250146048
"7901009",75,0,1,0.029904,1,0.007476,1,145.758159099765,1,4.84997285842724,762,1,5.99499988555908,34.8680000305176,0.0299040004611015,0,140.554306030273,-88.2984,27.5815,9.93357174349209,63,63,63,63,61,63,0,7591,0.941689079772035,28,-88,0.001869,51,2025-07-06 04:18:37.000455,762,1.037,0.0011,"aoml_navis",1030.93360436277
"7901009",75,0,1,0.028035,1,0.005607,1,146.046863003624,1,4.84992131339194,764,1,5.98199987411499,34.8680000305176,0.0280349999666214,0,140.832702636719,-88.2984,27.5815,9.93357174349209,63,63,63,63,61,63,0,7591,0.941689079772035,28,-88,0.001869,51,2025-07-06 04:18:37.000455,764,1.037,0.0011,"aoml_navis",1030.94456114033
"7901009",75,0,1,0.029904,1,0.007476,1,146.290564227155,1,4.84988027965058,766,1,5.97900009155273,34.867000579834,0.0299040004611015,0,141.06770324707,-88.2984,27.5815,9.93357174349209,63,63,63,63,61,63,0,7591,0.941689079772035,28,-88,0.001869,51,2025-07-06 04:18:37.000455,766,1.037,0.0011,"aoml_navis",1030.95328372935
"7901009",75,0,1,0.029904,1,0.007476,1,146.552921625126,1,4.84982573292293,768,1,5.96700000762939,34.8680000305176,0.0299040004611015,0,141.320693969727,-88.2984,27.5815,9.93357174349209,63,63,63,63,61,63,0,7591,0.941689079772035,28,-88,0.001869,51,2025-07-06 04:18:37.000455,768,1.037,0.0011,"aoml_navis",1030.96487901774
"7901009",75,0,1,0.033642,1,0.011214,1,146.767285658317,1,4.84977828690807,770,1,5.96000003814697,34.8680000305176,0.0336420014500618,0,141.527404785156,-88.2984,27.5815,9.93357174349209,63,63,63,63,61,63,0,7591,0.941689079772035,28,-88,0.001869,51,2025-07-06 04:18:37.000455,770,1.037,0.0011,"aoml_navis",1030.9749650819
"7901009",75,0,1,0.031773,1,0.009345,1,147.001951533583,1,4.84972811935484,772,1,5.94899988174438,34.8680000305176,0.0317730009555817,0,141.753692626953,-88.2984,27.5815,9.93357174349209,63,63,63,63,61,63,0,7591,0.941689079772035,28,-88,0.001869,51,2025-07-06 04:18:37.000455,772,1.037,0.0011,"aoml_navis",1030.98562990479
"7901009",75,0,1,0.029904,1,0.007476,1,147.156264521823,1,4.84967591511064,774,1,5.93499994277954,34.8680000305176,0.0299040004611015,0,141.902496337891,-88.2984,27.5815,9.93357174349209,63,63,63,63,61,63,0,7591,0.941689079772035,28,-88,0.001869,51,2025-07-06 04:18:37.000455,774,1.037,0.0011,"aoml_navis",1030.99672793
"7901009",75,0,1,0.029904,1,0.007476,1,147.17140782881,1,4.84962206708916,776,1,5.92399978637695,34.8689994812012,0.0299040004611015,0,141.917098999023,-88.2984,27.5815,9.93357174349209,63,63,63,63,61,63,0,7591,0.941689079772035,28,-88,0.001869,51,2025-07-06 04:18:37.000455,776,1.037,0.0011,"aoml_navis",1031.0081756538
"7901009",75,0,1,0.029904,1,0.007476,1,147.16944568663,1,4.84957463255563,778,1,5.91699981689453,34.8689994812012,0.0299040004611015,0,141.91520690918,-88.2984,27.5815,9.93357174349209,63,63,63,63,61,63,0,7591,0.941689079772035,28,-88,0.001869,51,2025-07-06 04:18:37.000455,778,1.037,0.0011,"aoml_navis",1031.01826012421
"7901009",75,0,1,0.029904,1,0.007476,1,147.223151416951,1,4.84951302611699,780,1,5.90000009536743,34.8709983825684,0.0299040004611015,0,141.966995239258,-88.2984,27.5815,9.93357174349209,63,63,63,63,61,63,0,7591,0.941689079772035,28,-88,0.001869,51,2025-07-06 04:18:37.000455,780,1.037,0.0011,"aoml_navis",1031.03135780285
"7901009",75,0,1,0.031773,1,0.009345,1,147.230319565399,1,4.84945782034358,782,1,5.88700008392334,34.8720016479492,0.0317730009555817,0,141.973907470703,-88.2984,27.5815,9.93357174349209,63,63,63,63,61,63,0,7591,0.941689079772035,28,-88,0.001869,51,2025-07-06 04:18:37.000455,782,1.037,0.0011,"aoml_navis",1031.04309496721
"7901009",75,0,1,0.028035,1,0.005607,1,147.258833921922,1,4.84940030102863,784,1,5.87599992752075,34.8740005493164,0.0280349999666214,0,142.001403808594,-88.2984,27.5815,9.93357174349209,63,63,63,63,61,63,0,7591,0.941689079772035,28,-88,0.001869,51,2025-07-06 04:18:37.000455,784,1.037,0.0011,"aoml_navis",1031.05532429225
"7901009",75,0,1,0.029904,1,0.007476,1,147.286003261627,1,4.84935694930488,786,1,5.875,34.8740005493164,0.0299040004611015,0,142.027603149414,-88.2984,27.5815,9.93357174349209,63,63,63,63,61,63,0,7591,0.941689079772035,28,-88,0.001869,51,2025-07-06 04:18:37.000455,786,1.037,0.0011,"aoml_navis",1031.0645416021
"7901009",75,0,1,0.031773,1,0.009345,1,147.348839282577,1,4.84931292118594,788,1,5.8730001449585,34.8740005493164,0.0317730009555817,0,142.088195800781,-88.2984,27.5815,9.93357174349209,63,63,63,63,61,63,0,7591,0.941689079772035,28,-88,0.001869,51,2025-07-06 04:18:37.000455,788,1.037,0.0011,"aoml_navis",1031.07390289369
"7901009",75,0,1,0.029904,1,0.007476,1,147.423717159971,1,4.84926889471111,790,1,5.87099981307983,34.8740005493164,0.0299040004611015,0,142.160400390625,-88.2984,27.5815,9.93357174349209,63,63,63,63,61,63,0,7591,0.941689079772035,28,-88,0.001869,51,2025-07-06 04:18:37.000455,790,1.037,0.0011,"aoml_navis",1031.08326400569
"7901009",75,0,1,0.029904,1,0.007476,1,147.603126579645,1,4.84922147696933,792,1,5.86399984359741,34.8740005493164,0.0299040004611015,0,142.333404541016,-88.2984,27.5815,9.93357174349209,63,63,63,63,61,63,0,7591,0.941689079772035,28,-88,0.001869,51,2025-07-06 04:18:37.000455,792,1.037,0.0011,"aoml_navis",1031.09334637462
"7901009",75,0,1,0.029904,1,0.007476,1,147.810733881296,1,4.84916698058334,794,1,5.85200023651123,34.875,0.0299040004611015,0,142.533599853516,-88.2984,27.5815,9.93357174349209,63,63,63,63,61,63,0,7591,0.941689079772035,28,-88,0.001869,51,2025-07-06 04:18:37.000455,794,1.037,0.0011,"aoml_navis",1031.10493410943
"7901009",75,0,1,0.028035,1,0.005607,1,148.161245263833,1,4.84911888993907,796,1,5.8439998626709,34.875,0.0280349999666214,0,142.871597290039,-88.2984,27.5815,9.93357174349209,63,63,63,63,61,63,0,7591,0.941689079772035,28,-88,0.001869,51,2025-07-06 04:18:37.000455,796,1.037,0.0011,"aoml_navis",1031.11515998793
"7901009",75,0,1,0.033642,1,0.011214,1,148.647619168623,1,4.84906809146932,798,1,5.83199977874756,34.875,0.0336420014500618,0,143.340606689453,-88.2984,27.5815,9.93357174349209,63,63,63,63,61,63,0,7591,0.941689079772035,28,-88,0.001869,51,2025-07-06 04:18:37.000455,798,1.037,0.0011,"aoml_navis",1031.12596187218
"7901009",75,0,1,0.028035,1,0.005607,1,149.233017958607,1,4.8490000755618,800,1,5.80000019073486,34.8759994506836,0.0280349999666214,0,143.90510559082,-88.2984,27.5815,9.93357174349209,63,63,63,63,61,63,0,7591,0.941689079772035,28,-88,0.001869,51,2025-07-06 04:18:37.000455,800,1.037,0.0011,"aoml_navis",1031.14042525988
"7901009",75,0,1,0.029904,1,0.007476,1,149.691795283056,1,4.84893885032046,802,1,5.77799987792969,34.8769989013672,0.0299040004611015,0,144.347503662109,-88.2984,27.5815,9.93357174349209,63,63,63,63,61,63,0,7591,0.941689079772035,28,-88,0.001869,51,2025-07-06 04:18:37.000455,802,1.037,0.0011,"aoml_navis",1031.15344497891
"7901009",75,0,1,0.033642,1,0.011214,1,150.024884741879,1,4.84887831780047,804,1,5.75699996948242,34.8779983520508,0.0336420014500618,0,144.668701171875,-88.2984,27.5815,9.93357174349209,63,63,63,63,61,63,0,7591,0.941689079772035,28,-88,0.001869,51,2025-07-06 04:18:37.000455,804,1.037,0.0011,"aoml_navis",1031.16631771203
"7901009",75,0,1,0.029904,1,0.007476,1,150.108149194721,1,4.84883529039212,806,1,5.75099992752075,34.8769989013672,0.0299040004611015,0,144.748992919922,-88.2984,27.5815,9.93357174349209,63,63,63,63,61,63,0,7591,0.941689079772035,28,-88,0.001869,51,2025-07-06 04:18:37.000455,806,1.037,0.0011,"aoml_navis",1031.17546803609
"7901009",75,0,1,0.029904,1,0.007476,1,150.247841058972,1,4.84878690808227,808,1,5.7480001449585,34.8779983520508,0.0299040004611015,0,144.883697509766,-88.2984,27.5815,9.93357174349209,63,63,63,63,61,63,0,7591,0.941689079772035,28,-88,0.001869,51,2025-07-06 04:18:37.000455,808,1.037,0.0011,"aoml_navis",1031.18575734184
"7901009",75,0,1,0.028035,1,0.005607,1,150.394479539491,1,4.84874086862741,810,1,5.74300003051758,34.8779983520508,0.0280349999666214,0,145.025100708008,-88.2984,27.5815,9.93357174349209,63,63,63,63,61,63,0,7591,0.941689079772035,28,-88,0.001869,51,2025-07-06 04:18:37.000455,810,1.037,0.0011,"aoml_navis",1031.19554859103
"7901009",75,0,1,0.029904,1,0.007476,1,150.623765347488,1,4.84869550522474,812,1,5.73899984359741,34.8779983520508,0.0299040004611015,0,145.246200561523,-88.2984,27.5815,9.93357174349209,63,63,63,63,61,63,0,7591,0.941689079772035,28,-88,0.001869,51,2025-07-06 04:18:37.000455,812,1.037,0.0011,"aoml_navis",1031.20519624551
"7901009",75,0,1,0.031773,1,0.009345,1,150.893290893908,1,4.84864407718973,814,1,5.72599983215332,34.8779983520508,0.0317730009555817,0,145.506103515625,-88.2984,27.5815,9.93357174349209,63,63,63,63,61,63,0,7591,0.941689079772035,28,-88,0.001869,51,2025-07-06 04:18:37.000455,814,1.037,0.0011,"aoml_navis",1031.21613391305
"7901009",75,0,1,0.031773,1,0.009345,1,151.072178130582,1,4.84859400215655,816,1,5.71500015258789,34.8779983520508,0.0317730009555817,0,145.678604125977,-88.2984,27.5815,9.93357174349209,63,63,63,63,61,63,0,7591,0.941689079772035,28,-88,0.001869,51,2025-07-06 04:18:37.000455,816,1.037,0.0011,"aoml_navis",1031.22678404835
"7901009",75,0,1,0.031773,1,0.009345,1,151.191014322305,1,4.84854595053856,818,1,5.70699977874756,34.8779983520508,0.0317730009555817,0,145.793197631836,-88.2984,27.5815,9.93357174349209,63,63,63,63,61,63,0,7591,0.941689079772035,28,-88,0.001869,51,2025-07-06 04:18:37.000455,818,1.037,0.0011,"aoml_navis",1031.23700404337
"7901009",75,0,1,0.028035,1,0.005607,1,151.277918232417,1,4.84849352522193,820,1,5.69799995422363,34.8790016174316,0.0280349999666214,0,145.876998901367,-88.2984,27.5815,9.93357174349209,63,63,63,63,61,63,0,7591,0.941689079772035,28,-88,0.001869,51,2025-07-06 04:18:37.000455,820,1.037,0.0011,"aoml_navis",1031.248154502
"7901009",75,0,4,0.022428,1,0,1,151.332779094827,1,4.84844817089181,822,1,5.69399976730347,34.8790016174316,0.0224280003458261,0,145.929901123047,-88.2984,27.5815,9.93357174349209,63,63,63,63,61,63,0,7591,0.941689079772035,28,-88,0.001869,51,2025-07-06 04:18:37.000455,822,1.037,0.0011,"aoml_navis",1031.25780121113
"7901009",75,0,1,0.029904,1,0.007476,1,151.330595420465,1,4.84840416469738,824,1,5.69199991226196,34.8790016174316,0.0299040004611015,0,145.927795410156,-88.2984,27.5815,9.93357174349209,63,63,63,63,61,63,0,7591,0.941689079772035,28,-88,0.001869,51,2025-07-06 04:18:37.000455,824,1.037,0.0011,"aoml_navis",1031.26716134897
"7901009",75,0,1,0.026166,1,0.003738,1,151.383794791513,1,4.84836083365835,826,1,5.69099998474121,34.8790016174316,0.0261659994721413,0,145.979095458984,-88.2984,27.5815,9.93357174349209,63,63,63,63,61,63,0,7591,0.941689079772035,28,-88,0.001869,51,2025-07-06 04:18:37.000455,826,1.037,0.0011,"aoml_navis",1031.27637804698
"7901009",75,0,1,0.031773,1,0.009345,1,151.512188514501,1,4.8483161581982,828,1,5.68800020217896,34.8790016174316,0.0317730009555817,0,146.102905273438,-88.2984,27.5815,9.93357174349209,63,63,63,63,61,63,0,7591,0.941689079772035,28,-88,0.001869,51,2025-07-06 04:18:37.000455,828,1.037,0.0011,"aoml_navis",1031.28588088162
"7901009",75,0,1,0.031773,1,0.009345,1,151.714099274339,1,4.84827451407008,830,1,5.68400001525879,34.8779983520508,0.0317730009555817,0,146.297607421875,-88.2984,27.5815,9.93357174349209,63,63,63,63,61,63,0,7591,0.941689079772035,28,-88,0.001869,51,2025-07-06 04:18:37.000455,830,1.037,0.0011,"aoml_navis",1031.29473908493
"7901009",75,0,1,0.031773,1,0.009345,1,152.081826872134,1,4.84821604417193,832,1,5.66599988937378,34.8790016174316,0.0317730009555817,0,146.652206420898,-88.2984,27.5815,9.93357174349209,63,63,63,63,61,63,0,7591,0.941689079772035,28,-88,0.001869,51,2025-07-06 04:18:37.000455,832,1.037,0.0011,"aoml_navis",1031.30717658726
"7901009",75,0,1,0.028035,1,0.005607,1,152.327601003936,1,4.84816464930606,834,1,5.65299987792969,34.8790016174316,0.0280349999666214,0,146.889205932617,-88.2984,27.5815,9.93357174349209,63,63,63,63,61,63,0,7591,0.941689079772035,28,-88,0.001869,51,2025-07-06 04:18:37.000455,834,1.037,0.0011,"aoml_navis",1031.31810936241
"7901009",75,0,1,0.031773,1,0.009345,1,152.537597688403,1,4.84811527581781,836,1,5.64300012588501,34.8790016174316,0.0317730009555817,0,147.091705322266,-88.2984,27.5815,9.93357174349209,63,63,63,63,61,63,0,7591,0.941689079772035,28,-88,0.001869,51,2025-07-06 04:18:37.000455,836,1.037,0.0011,"aoml_navis",1031.32861236608
"7901009",75,0,1,0.028035,1,0.005607,1,152.844134932884,1,4.84806221660306,838,1,5.63299989700317,34.8800010681152,0.0280349999666214,0,147.387298583984,-88.2984,27.5815,9.93357174349209,63,63,63,63,61,63,0,7591,0.941689079772035,28,-88,0.001869,51,2025-07-06 04:18:37.000455,838,1.037,0.0011,"aoml_navis",1031.33989965653
"7901009",75,0,1,0.031773,1,0.009345,1,153.206988822683,1,4.84801721060505,840,1,5.62400007247925,34.8790016174316,0.0317730009555817,0,147.737197875977,-88.2984,27.5815,9.93357174349209,63,63,63,63,61,63,0,7591,0.941689079772035,28,-88,0.001869,51,2025-07-06 04:18:37.000455,840,1.037,0.0011,"aoml_navis",1031.34947397928
"7901009",75,0,1,0.029904,1,0.007476,1,153.749869257519,1,4.84795946278884,842,1,5.60699987411499,34.8800010681152,0.0299040004611015,0,148.260696411133,-88.2984,27.5815,9.93357174349209,63,63,63,63,61,63,0,7591,0.941689079772035,28,-88,0.001869,51,2025-07-06 04:18:37.000455,842,1.037,0.0011,"aoml_navis",1031.36175918511
"7901009",75,0,1,0.026166,1,0.003738,1,154.13160085394,1,4.8479047447639,844,1,5.58900022506714,34.8800010681152,0.0261659994721413,0,148.628799438477,-88.2984,27.5815,9.93357174349209,63,63,63,63,61,63,0,7591,0.941689079772035,28,-88,0.001869,51,2025-07-06 04:18:37.000455,844,1.037,0.0011,"aoml_navis",1031.37340010659
"7901009",75,0,1,0.028035,1,0.005607,1,154.628228533995,1,4.84784969582976,846,1,5.57600021362305,34.8810005187988,0.0280349999666214,0,149.107696533203,-88.2984,27.5815,9.93357174349209,63,63,63,63,61,63,0,7591,0.941689079772035,28,-88,0.001869,51,2025-07-06 04:18:37.000455,846,1.037,0.0011,"aoml_navis",1031.38511169212
"7901009",75,0,1,0.029904,1,0.007476,1,155.114175198149,1,4.84779834189315,848,1,5.56300020217896,34.8810005187988,0.0299040004611015,0,149.576293945312,-88.2984,27.5815,9.93357174349209,63,63,63,63,61,63,0,7591,0.941689079772035,28,-88,0.001869,51,2025-07-06 04:18:37.000455,848,1.037,0.0011,"aoml_navis",1031.39603741178
"7901009",75,0,4,0.024297,1,0.001869,1,155.576275505323,1,4.84773461762404,850,1,5.53700017929077,34.8819999694824,0.0242970008403063,0,150.021896362305,-88.2984,27.5815,9.93357174349209,63,63,63,63,61,63,0,7591,0.941689079772035,28,-88,0.001869,51,2025-07-06 04:18:37.000455,850,1.037,0.0011,"aoml_navis",1031.40959528238
"7901009",75,0,1,0.029904,1,0.007476,1,155.706742136582,1,4.84767825716152,852,1,5.52199983596802,34.882999420166,0.0299040004611015,0,150.147705078125,-88.2984,27.5815,9.93357174349209,63,63,63,63,61,63,0,7591,0.941689079772035,28,-88,0.001869,51,2025-07-06 04:18:37.000455,852,1.037,0.0011,"aoml_navis",1031.42158673865
"7901009",75,0,1,0.029904,1,0.007476,1,155.882512098986,1,4.84763226493339,854,1,5.51700019836426,34.882999420166,0.0299040004611015,0,150.317199707031,-88.2984,27.5815,9.93357174349209,63,63,63,63,61,63,0,7591,0.941689079772035,28,-88,0.001869,51,2025-07-06 04:18:37.000455,854,1.037,0.0011,"aoml_navis",1031.43137241841
"7901009",75,0,1,0.031773,1,0.009345,1,155.956551318835,1,4.84758627421081,856,1,5.51200008392334,34.882999420166,0.0317730009555817,0,150.388595581055,-88.2984,27.5815,9.93357174349209,63,63,63,63,61,63,0,7591,0.941689079772035,28,-88,0.001869,51,2025-07-06 04:18:37.000455,856,1.037,0.0011,"aoml_navis",1031.44115796351
"7901009",75,0,1,0.028035,1,0.005607,1,156.108997107258,1,4.84754161972931,858,1,5.50899982452393,34.882999420166,0.0280349999666214,0,150.535598754883,-88.2984,27.5815,9.93357174349209,63,63,63,63,61,63,0,7591,0.941689079772035,28,-88,0.001869,51,2025-07-06 04:18:37.000455,858,1.037,0.0011,"aoml_navis",1031.45065937138
"7901009",75,0,1,0.031773,1,0.009345,1,156.297109576925,1,4.8474956328652,860,1,5.50400018692017,34.882999420166,0.0317730009555817,0,150.716995239258,-88.2984,27.5815,9.93357174349209,63,63,63,63,61,63,0,7591,0.941689079772035,28,-88,0.001869,51,2025-07-06 04:18:37.000455,860,1.037,0.0011,"aoml_navis",1031.46044446143
"7901009",75,0,1,0.031773,1,0.009345,1,156.556159815899,1,4.84744964750555,862,1,5.49900007247925,34.882999420166,0.0317730009555817,0,150.966796875,-88.2984,27.5815,9.93357174349209,63,63,63,63,61,63,0,7591,0.941689079772035,28,-88,0.001869,51,2025-07-06 04:18:37.000455,862,1.037,0.0011,"aoml_navis",1031.47022941702
"7901009",75,0,1,0.033642,1,0.011214,1,156.872666008553,1,4.84740366396817,864,1,5.49399995803833,34.882999420166,0.0336420014500618,0,151.272003173828,-88.2984,27.5815,9.93357174349209,63,63,63,63,61,63,0,7591,0.941689079772035,28,-88,0.001869,51,2025-07-06 04:18:37.000455,864,1.037,0.0011,"aoml_navis",1031.4800141705
"7901009",75,0,1,0.033642,1,0.011214,1,157.313704934744,1,4.84734665869697,866,1,5.47800016403198,34.8839988708496,0.0336420014500618,0,151.697296142578,-88.2984,27.5815,9.93357174349209,63,63,63,63,61,63,0,7591,0.941689079772035,28,-88,0.001869,51,2025-07-06 04:18:37.000455,866,1.037,0.0011,"aoml_navis",1031.49214447643
"7901009",75,0,1,0.026166,1,0.003738,1,157.667650066096,1,4.84729268506608,868,1,5.46099996566772,34.8839988708496,0.0261659994721413,0,152.038604736328,-88.2984,27.5815,9.93357174349209,63,63,63,63,61,63,0,7591,0.941689079772035,28,-88,0.001869,51,2025-07-06 04:18:37.000455,868,1.037,0.0011,"aoml_navis",1031.50362993437
"7901009",75,0,1,0.029904,1,0.007476,1,157.876301733746,1,4.84723769444408,870,1,5.44799995422363,34.8849983215332,0.0299040004611015,0,152.239807128906,-88.2984,27.5815,9.93357174349209,63,63,63,63,61,63,0,7591,0.941689079772035,28,-88,0.001869,51,2025-07-06 04:18:37.000455,870,1.037,0.0011,"aoml_navis",1031.51533206862
"7901009",75,0,1,0.029904,1,0.007476,1,157.989330617564,1,4.84719105466974,872,1,5.44199991226196,34.8849983215332,0.0299040004611015,0,152.34880065918,-88.2984,27.5815,9.93357174349209,63,63,63,63,61,63,0,7591,0.941689079772035,28,-88,0.001869,51,2025-07-06 04:18:37.000455,872,1.037,0.0011,"aoml_navis",1031.52525733085
"7901009",75,0,1,0.028035,1,0.005607,1,158.160432580426,1,4.84714707835752,874,1,5.44000005722046,34.8849983215332,0.0280349999666214,0,152.513793945312,-88.2984,27.5815,9.93357174349209,63,63,63,63,61,63,0,7591,0.941689079772035,28,-88,0.001869,51,2025-07-06 04:18:37.000455,874,1.037,0.0011,"aoml_navis",1031.53461596513
"7901009",75,0,1,0.031773,1,0.009345,1,158.426429435667,1,4.8471017728016,876,1,5.43599987030029,34.8849983215332,0.0317730009555817,0,152.770294189453,-88.2984,27.5815,9.93357174349209,63,63,63,63,61,63,0,7591,0.941689079772035,28,-88,0.001869,51,2025-07-06 04:18:37.000455,876,1.037,0.0011,"aoml_navis",1031.54425765441
"7901009",75,0,1,0.035511,1,0.013083,1,158.714927631071,1,4.84705447306911,878,1,5.42899990081787,34.8849983215332,0.0355109982192516,0,153.048492431641,-88.2984,27.5815,9.93357174349209,63,63,63,63,61,63,0,7591,0.941689079772035,28,-88,0.001869,51,2025-07-06 04:18:37.000455,878,1.037,0.0011,"aoml_navis",1031.55432392614
"7901009",75,0,1,0.031773,1,0.009345,1,159.162723288802,1,4.84699735154468,880.099975585938,1,5.41599988937378,34.8860015869141,0.0317730009555817,0,153.48030090332,-88.2984,27.5815,9.93357174349209,63,63,63,63,61,63,0,7591,0.941689079772035,28,-88,0.001869,51,2025-07-06 04:18:37.000455,880.099975585938,1.037,0.0011,"aoml_navis",1031.56648072163
"7901009",75,0,4,0.026166,1,0.003738,1,159.467187625012,1,4.84694953065778,882,1,5.40500020980835,34.8860015869141,0.0261659994721413,0,153.773895263672,-88.2984,27.5815,9.93357174349209,63,63,63,63,61,63,0,7591,0.941689079772035,28,-88,0.001869,51,2025-07-06 04:18:37.000455,882,1.037,0.0011,"aoml_navis",1031.57665834442
"7901009",75,0,1,0.031773,1,0.009345,1,159.668686967941,1,4.84690157463454,884,1,5.39699983596802,34.8860015869141,0.0317730009555817,0,153.968200683594,-88.2984,27.5815,9.93357174349209,63,63,63,63,61,63,0,7591,0.941689079772035,28,-88,0.001869,51,2025-07-06 04:18:37.000455,884,1.037,0.0011,"aoml_navis",1031.58686492969
"7901009",75,0,1,0.028035,1,0.005607,1,159.783899526121,1,4.84685325429981,886,1,5.39400005340576,34.8870010375977,0.0280349999666214,0,154.079299926758,-88.2984,27.5815,9.93357174349209,63,63,63,63,61,63,0,7591,0.941689079772035,28,-88,0.001869,51,2025-07-06 04:18:37.000455,886,1.037,0.0011,"aoml_navis",1031.59714925644
"7901009",75,0,1,0.033642,1,0.011214,1,159.972945595696,1,4.84680795954723,888,1,5.3899998664856,34.8870010375977,0.0336420014500618,0,154.261596679688,-88.2984,27.5815,9.93357174349209,63,63,63,63,61,63,0,7591,0.941689079772035,28,-88,0.001869,51,2025-07-06 04:18:37.000455,888,1.037,0.0011,"aoml_navis",1031.60678981535
"7901009",75,0,1,0.029904,1,0.007476,1,160.218830493589,1,4.84676266687261,890,1,5.38600015640259,34.8870010375977,0.0299040004611015,0,154.49870300293,-88.2984,27.5815,9.93357174349209,63,63,63,63,61,63,0,7591,0.941689079772035,28,-88,0.001869,51,2025-07-06 04:18:37.000455,890,1.037,0.0011,"aoml_navis",1031.61643011216
"7901009",75,0,1,0.028035,1,0.005607,1,160.589659541927,1,4.84671671138155,892,1,5.38100004196167,34.8870010375977,0.0280349999666214,0,154.856292724609,-88.2984,27.5815,9.93357174349209,63,63,63,63,61,63,0,7591,0.941689079772035,28,-88,0.001869,51,2025-07-06 04:18:37.000455,892,1.037,0.0011,"aoml_navis",1031.62621166995
"7901009",75,0,1,0.031773,1,0.009345,1,160.893000393501,1,4.84666544553973,894,1,5.36800003051758,34.8870010375977,0.0317730009555817,0,155.148803710938,-88.2984,27.5815,9.93357174349209,63,63,63,63,61,63,0,7591,0.941689079772035,28,-88,0.001869,51,2025-07-06 04:18:37.000455,894,1.037,0.0011,"aoml_navis",1031.63712374688
"7901009",75,0,1,0.031773,1,0.009345,1,161.163238007648,1,4.84661816674264,896,1,5.36100006103516,34.8870010375977,0.0317730009555817,0,155.409393310547,-88.2984,27.5815,9.93357174349209,63,63,63,63,61,63,0,7591,0.941689079772035,28,-88,0.001869,51,2025-07-06 04:18:37.000455,896,1.037,0.0011,"aoml_navis",1031.64718737487
"7901009",75,0,4,0.024297,1,0.001869,1,161.530047829262,1,4.84656956332508,898,1,5.35200023651123,34.8870010375977,0.0242970008403063,0,155.763107299805,-88.2984,27.5815,9.93357174349209,63,63,63,63,61,63,0,7591,0.941689079772035,28,-88,0.001869,51,2025-07-06 04:18:37.000455,898,1.037,0.0011,"aoml_navis",1031.65753316242
"7901009",75,0,1,0.026166,1,0.003738,1,161.795522501503,1,4.84650865769495,900,1,5.32999992370605,34.8880004882812,0.0261659994721413,0,156.019104003906,-88.2984,27.5815,9.93357174349209,63,63,63,63,61,63,0,7591,0.941689079772035,28,-88,0.001869,51,2025-07-06 04:18:37.000455,900,1.037,0.0011,"aoml_navis",1031.67049790809
"7901009",75,0,1,0.031773,1,0.009345,1,161.981878537444,1,4.84645770025698,902,1,5.32299995422363,34.8889999389648,0.0317730009555817,0,156.198806762695,-88.2984,27.5815,9.93357174349209,63,63,63,63,61,63,0,7591,0.941689079772035,28,-88,0.001869,51,2025-07-06 04:18:37.000455,902,1.037,0.0011,"aoml_navis",1031.68134527098
"7901009",75,0,1,0.029904,1,0.007476,1,162.232732085697,1,4.84641241983015,904,1,5.31899976730347,34.8889999389648,0.0299040004611015,0,156.440704345703,-88.2984,27.5815,9.93357174349209,63,63,63,63,61,63,0,7591,0.941689079772035,28,-88,0.001869,51,2025-07-06 04:18:37.000455,904,1.037,0.0011,"aoml_navis",1031.690984354
"7901009",75,0,1,0.028035,1,0.005607,1,162.496656032666,1,4.8463671414768,906,1,5.31500005722046,34.8889999389648,0.0280349999666214,0,156.695205688477,-88.2984,27.5815,9.93357174349209,63,63,63,63,61,63,0,7591,0.941689079772035,28,-88,0.001869,51,2025-07-06 04:18:37.000455,906,1.037,0.0011,"aoml_navis",1031.70062317573
"7901009",75,0,1,0.029904,1,0.007476,1,163.087545656009,1,4.84632488997571,908,1,5.30999994277954,34.8880004882812,0.0299040004611015,0,157.264999389648,-88.2984,27.5815,9.93357174349209,63,63,63,63,61,63,0,7591,0.941689079772035,28,-88,0.001869,51,2025-07-06 04:18:37.000455,908,1.037,0.0011,"aoml_navis",1031.70961780589
"7901009",75,0,1,0.035511,1,0.013083,1,163.819060743512,1,4.84624974947501,910,1,5.27199983596802,34.8899993896484,0.0355109982192516,0,157.970397949219,-88.2984,27.5815,9.93357174349209,63,63,63,63,61,63,0,7591,0.941689079772035,28,-88,0.001869,51,2025-07-06 04:18:37.000455,910,1.037,0.0011,"aoml_navis",1031.72561433542
"7901009",75,0,1,0.028035,1,0.005607,1,164.084123998844,1,4.84618626696743,912,1,5.24599981307983,34.890998840332,0.0280349999666214,0,158.225997924805,-88.2984,27.5815,9.93357174349209,63,63,63,63,61,63,0,7591,0.941689079772035,28,-88,0.001869,51,2025-07-06 04:18:37.000455,912,1.037,0.0011,"aoml_navis",1031.73912940181
"7901009",75,0,1,0.029904,1,0.007476,1,164.256064619251,1,4.84613901741993,914,1,5.23899984359741,34.890998840332,0.0299040004611015,0,158.391799926758,-88.2984,27.5815,9.93357174349209,63,63,63,63,61,63,0,7591,0.941689079772035,28,-88,0.001869,51,2025-07-06 04:18:37.000455,914,1.037,0.0011,"aoml_navis",1031.74918879277
"7901009",75,0,1,0.029904,1,0.007476,1,164.446677237825,1,4.84609308881948,916,1,5.23400020599365,34.890998840332,0.0299040004611015,0,158.575607299805,-88.2984,27.5815,9.93357174349209,63,63,63,63,61,63,0,7591,0.941689079772035,28,-88,0.001869,51,2025-07-06 04:18:37.000455,916,1.037,0.0011,"aoml_navis",1031.75896714316
"7901009",75,0,1,0.029904,1,0.007476,1,164.57225433736,1,4.84604215549415,918,1,5.22700023651123,34.8919982910156,0.0299040004611015,0,158.696701049805,-88.2984,27.5815,9.93357174349209,63,63,63,63,61,63,0,7591,0.941689079772035,28,-88,0.001869,51,2025-07-06 04:18:37.000455,918,1.037,0.0011,"aoml_navis",1031.76981123272
"7901009",75,0,1,0.029904,1,0.007476,1,164.800606545449,1,4.8459955713362,920,1,5.22100019454956,34.8919982910156,0.0299040004611015,0,158.916900634766,-88.2984,27.5815,9.93357174349209,63,63,63,63,61,63,0,7591,0.941689079772035,28,-88,0.001869,51,2025-07-06 04:18:37.000455,920,1.037,0.0011,"aoml_navis",1031.77972955129
"7901009",75,0,1,0.031773,1,0.009345,1,164.953669459235,1,4.84595030706398,922,1,5.21700000762939,34.8919982910156,0.0317730009555817,0,159.064498901367,-88.2984,27.5815,9.93357174349209,63,63,63,63,61,63,0,7591,0.941689079772035,28,-88,0.001869,51,2025-07-06 04:18:37.000455,922,1.037,0.0011,"aoml_navis",1031.78936703322
"7901009",75,0,1,0.029904,1,0.007476,1,165.275666485249,1,4.84590240889799,924,1,5.20900011062622,34.8919982910156,0.0299040004611015,0,159.375,-88.2984,27.5815,9.93357174349209,63,63,63,63,61,63,0,7591,0.941689079772035,28,-88,0.001869,51,2025-07-06 04:18:37.000455,924,1.037,0.0011,"aoml_navis",1031.79956550901
"7901009",75,0,1,0.029904,1,0.007476,1,165.444901248295,1,4.84584751881325,926,1,5.19600009918213,34.8930015563965,0.0299040004611015,0,159.538192749023,-88.2984,27.5815,9.93357174349209,63,63,63,63,61,63,0,7591,0.941689079772035,28,-88,0.001869,51,2025-07-06 04:18:37.000455,926,1.037,0.0011,"aoml_navis",1031.81125295179
"7901009",75,0,1,0.031773,1,0.009345,1,165.689441129371,1,4.84580094327383,928,1,5.19000005722046,34.8930015563965,0.0317730009555817,0,159.774002075195,-88.2984,27.5815,9.93357174349209,63,63,63,63,61,63,0,7591,0.941689079772035,28,-88,0.001869,51,2025-07-06 04:18:37.000455,928,1.037,0.0011,"aoml_navis",1031.82117023197
"7901009",75,0,1,0.028035,1,0.005607,1,165.844371242973,1,4.84575568611562,930,1,5.18599987030029,34.8930015563965,0.0280349999666214,0,159.923400878906,-88.2984,27.5815,9.93357174349209,63,63,63,63,61,63,0,7591,0.941689079772035,28,-88,0.001869,51,2025-07-06 04:18:37.000455,930,1.037,0.0011,"aoml_navis",1031.83080697327
"7901009",75,0,1,0.031773,1,0.009345,1,166.000440664939,1,4.84570977278606,932,1,5.18100023269653,34.8930015563965,0.0317730009555817,0,160.07389831543,-88.2984,27.5815,9.93357174349209,63,63,63,63,61,63,0,7591,0.941689079772035,28,-88,0.001869,51,2025-07-06 04:18:37.000455,932,1.037,0.0011,"aoml_navis",1031.84058361903
"7901009",75,0,1,0.028035,1,0.005607,1,166.166368268987,1,4.84566451913101,934,1,5.17700004577637,34.8930015563965,0.0280349999666214,0,160.233901977539,-88.2984,27.5815,9.93357174349209,63,63,63,63,61,63,0,7591,0.941689079772035,28,-88,0.001869,51,2025-07-06 04:18:37.000455,934,1.037,0.0011,"aoml_navis",1031.85021997698
"7901009",75,0,1,0.028035,1,0.005607,1,166.432776541137,1,4.84560965771193,936,1,5.16400003433228,34.8940010070801,0.0280349999666214,0,160.490798950195,-88.2984,27.5815,9.93357174349209,63,63,63,63,61,63,0,7591,0.941689079772035,28,-88,0.001869,51,2025-07-06 04:18:37.000455,936,1.037,0.0011,"aoml_navis",1031.86190246306
"7901009",75,0,1,0.033642,1,0.011214,1,166.522370484883,1,4.84556243458764,938,1,5.15700006484985,34.8940010070801,0.0336420014500618,0,160.577194213867,-88.2984,27.5815,9.93357174349209,63,63,63,63,61,63,0,7591,0.941689079772035,28,-88,0.001869,51,2025-07-06 04:18:37.000455,938,1.037,0.0011,"aoml_navis",1031.87195862135
"7901009",75,0,1,0.028035,1,0.005607,1,166.496039802722,1,4.8455198174514,940,1,5.15700006484985,34.8940010070801,0.0280349999666214,0,160.551803588867,-88.2984,27.5815,9.93357174349209,63,63,63,63,61,63,0,7591,0.941689079772035,28,-88,0.001869,51,2025-07-06 04:18:37.000455,940,1.037,0.0011,"aoml_navis",1031.88103410335
"7901009",75,0,1,0.029904,1,0.007476,1,166.63199726734,1,4.84547720286893,942,1,5.15700006484985,34.8940010070801,0.0299040004611015,0,160.682907104492,-88.2984,27.5815,9.93357174349209,63,63,63,63,61,63,0,7591,0.941689079772035,28,-88,0.001869,51,2025-07-06 04:18:37.000455,942,1.037,0.0011,"aoml_navis",1031.89010920113
"7901009",75,0,1,0.029904,1,0.007476,1,166.689753871839,1,4.84543393264721,944,1,5.1560001373291,34.8940010070801,0.0299040004611015,0,160.73860168457,-88.2984,27.5815,9.93357174349209,63,63,63,63,61,63,0,7591,0.941689079772035,28,-88,0.001869,51,2025-07-06 04:18:37.000455,944,1.037,0.0011,"aoml_navis",1031.89932408558
"7901009",75,0,1,0.033642,1,0.011214,1,166.769505457229,1,4.84538368651586,946,1,5.15000009536743,34.8950004577637,0.0336420014500618,0,160.815505981445,-88.2984,27.5815,9.93357174349209,63,63,63,63,61,63,0,7591,0.941689079772035,28,-88,0.001869,51,2025-07-06 04:18:37.000455,946,1.037,0.0011,"aoml_navis",1031.91002477563
"7901009",75,0,1,0.028035,1,0.005607,1,166.859099400975,1,4.84534107831585,948,1,5.15000009536743,34.8950004577637,0.0280349999666214,0,160.901901245117,-88.2984,27.5815,9.93357174349209,63,63,63,63,61,63,0,7591,0.941689079772035,28,-88,0.001869,51,2025-07-06 04:18:37.000455,948,1.037,0.0011,"aoml_navis",1031.91909902407
"7901009",75,0,1,0.031773,1,0.009345,1,166.864701000426,1,4.84529715549668,950,1,5.14799976348877,34.8950004577637,0.0317730009555817,0,160.907302856445,-88.2984,27.5815,9.93357174349209,63,63,63,63,61,63,0,7591,0.941689079772035,28,-88,0.001869,51,2025-07-06 04:18:37.000455,950,1.037,0.0011,"aoml_navis",1031.92845341339
"7901009",75,0,1,0.031773,1,0.009345,1,166.990388866052,1,4.84525389344451,952,1,5.14699983596802,34.8950004577637,0.0317730009555817,0,161.028503417969,-88.2984,27.5815,9.93357174349209,63,63,63,63,61,63,0,7591,0.941689079772035,28,-88,0.001869,51,2025-07-06 04:18:37.000455,952,1.037,0.0011,"aoml_navis",1031.93766724275
"7901009",75,0,1,0.028035,1,0.005607,1,167.07044110226,1,4.84520931633201,954,1,5.14400005340576,34.8950004577637,0.0280349999666214,0,161.105697631836,-88.2984,27.5815,9.93357174349209,63,63,63,63,61,63,0,7591,0.941689079772035,28,-88,0.001869,51,2025-07-06 04:18:37.000455,954,1.037,0.0011,"aoml_navis",1031.94716132206
"7901009",75,0,1,0.031773,1,0.009345,1,167.189071585528,1,4.84516474070311,956,1,5.14099979400635,34.8950004577637,0.0317730009555817,0,161.220092773438,-88.2984,27.5815,9.93357174349209,63,63,63,63,61,63,0,7591,0.941689079772035,28,-88,0.001869,51,2025-07-06 04:18:37.000455,956,1.037,0.0011,"aoml_navis",1031.95665526007
"7901009",75,0,1,0.029904,1,0.007476,1,167.370553913473,1,4.84512082589089,958,1,5.13899993896484,34.8950004577637,0.0299040004611015,0,161.395095825195,-88.2984,27.5815,9.93357174349209,63,63,63,63,61,63,0,7591,0.941689079772035,28,-88,0.001869,51,2025-07-06 04:18:37.000455,958,1.037,0.0011,"aoml_navis",1031.9660086249
"7901009",75,0,1,0.031773,1,0.009345,1,167.631059935355,1,4.84507427779239,960,1,5.13299989700317,34.8950004577637,0.0317730009555817,0,161.646301269531,-88.2984,27.5815,9.93357174349209,63,63,63,63,61,63,0,7591,0.941689079772035,28,-88,0.001869,51,2025-07-06 04:18:37.000455,960,1.037,0.0011,"aoml_navis",1031.97592303542
"7901009",75,0,1,0.028035,1,0.005607,1,167.81709949675,1,4.84502575628811,962,1,5.12400007247925,34.8950004577637,0.0280349999666214,0,161.825698852539,-88.2984,27.5815,9.93357174349209,63,63,63,63,61,63,0,7591,0.941689079772035,28,-88,0.001869,51,2025-07-06 04:18:37.000455,962,1.037,0.0011,"aoml_navis",1031.98625796999
"7901009",75,0,1,0.033642,1,0.011214,1,168.034042797485,1,4.84497987069407,964,1,5.11899995803833,34.8950004577637,0.0336420014500618,0,162.034896850586,-88.2984,27.5815,9.93357174349209,63,63,63,63,61,63,0,7591,0.941689079772035,28,-88,0.001869,51,2025-07-06 04:18:37.000455,964,1.037,0.0011,"aoml_navis",1031.99603165404
"7901009",75,0,1,0.028035,1,0.005607,1,168.29527671082,1,4.84493267044859,966,1,5.11199998855591,34.8950004577637,0.0280349999666214,0,162.286804199219,-88.2984,27.5815,9.93357174349209,63,63,63,63,61,63,0,7591,0.941689079772035,28,-88,0.001869,51,2025-07-06 04:18:37.000455,966,1.037,0.0011,"aoml_navis",1032.00608555352
"7901009",75,0,1,0.031773,1,0.009345,1,168.531714843539,1,4.84488310273287,968,1,5.10699987411499,34.8959999084473,0.0317730009555817,0,162.514801025391,-88.2984,27.5815,9.93357174349209,63,63,63,63,61,63,0,7591,0.941689079772035,28,-88,0.001869,51,2025-07-06 04:18:37.000455,968,1.037,0.0011,"aoml_navis",1032.01664394743
"7901009",75,0,1,0.028035,1,0.005607,1,168.760794943082,1,4.84483327512124,970,1,5.09600019454956,34.8959999084473,0.0280349999666214,0,162.735702514648,-88.2984,27.5815,9.93357174349209,63,63,63,63,61,63,0,7591,0.941689079772035,28,-88,0.001869,51,2025-07-06 04:18:37.000455,970,1.037,0.0011,"aoml_navis",1032.02725791939
"7901009",75,0,1,0.029904,1,0.007476,1,168.902860366423,1,4.84478542392412,972,1,5.08799982070923,34.8959999084473,0.0299040004611015,0,162.872695922852,-88.2984,27.5815,9.93357174349209,63,63,63,63,61,63,0,7591,0.941689079772035,28,-88,0.001869,51,2025-07-06 04:18:37.000455,972,1.037,0.0011,"aoml_navis",1032.03745109317
"7901009",75,0,1,0.029904,1,0.007476,1,168.996204533529,1,4.8447378354392,974,1,5.08599996566772,34.8969993591309,0.0299040004611015,0,162.962707519531,-88.2984,27.5815,9.93357174349209,63,63,63,63,61,63,0,7591,0.941689079772035,28,-88,0.001869,51,2025-07-06 04:18:37.000455,974,1.037,0.0011,"aoml_navis",1032.04758850418
"7901009",75,0,1,0.028035,1,0.005607,1,169.166990021846,1,4.8446952503297,976,1,5.08599996566772,34.8969993591309,0.0280349999666214,0,163.127395629883,-88.2984,27.5815,9.93357174349209,63,63,63,63,61,63,0,7591,0.941689079772035,28,-88,0.001869,51,2025-07-06 04:18:37.000455,976,1.037,0.0011,"aoml_navis",1032.05666025324
"7901009",75,0,1,0.026166,1,0.003738,1,169.395136521481,1,4.84465635313987,978,1,5.08599996566772,34.8959999084473,0.0261659994721413,0,163.347396850586,-88.2984,27.5815,9.93357174349209,63,63,63,63,61,63,0,7591,0.941689079772035,28,-88,0.001869,51,2025-07-06 04:18:37.000455,978,1.037,0.0011,"aoml_navis",1032.06494651771
"7901009",75,0,1,0.029904,1,0.007476,1,174.221863871326,1,4.84410397161674,1000,1,4.98050022125244,34.9000015258789,0.0299040004611015,0,168.001800537109,-88.2984,27.5815,9.93357174349209,63,63,63,63,61,63,0,7591,0.941689079772035,28,-88,0.001869,51,2025-07-06 04:18:37.000455,1000,1.037,0.0011,"aoml_navis",1032.18263466199
"7901009",75,0,1,0.031773,1,0.009345,1,179.543035226865,1,4.8429294435568,1049.19995117188,1,4.81909990310669,34.9059982299805,0.0317730009555817,0,173.132995605469,-88.2984,27.5815,9.93357174349209,63,63,63,63,61,63,0,7591,0.941689079772035,28,-88,0.001869,51,2025-07-06 04:18:37.000455,1049.19995117188,1.037,0.0011,"aoml_navis",1032.4329640301
"7901009",75,0,4,0.022428,1,0,1,185.730239175343,1,4.84173015222514,1099.69995117188,1,4.66020011901855,34.9119987487793,0.0224280003458261,0,179.099304199219,-88.2984,27.5815,9.93357174349209,63,63,63,63,61,63,0,7591,0.941689079772035,28,-88,0.001869,51,2025-07-06 04:18:37.000455,1099.69995117188,1.037,0.0011,"aoml_navis",1032.6886965607
"7901009",75,0,1,0.031773,1,0.009345,1,190.082618653115,1,4.84057445967809,1150,1,4.5543999671936,34.9169998168945,0.0317730009555817,0,183.296295166016,-88.2984,27.5815,9.93357174349209,63,63,63,63,61,63,0,7591,0.941689079772035,28,-88,0.001869,51,2025-07-06 04:18:37.000455,1150,1.037,0.0011,"aoml_navis",1032.93525213793
"7901009",75,0,1,0.031773,1,0.009345,1,192.934022657912,1,4.8394687645352,1199.19995117188,1,4.4766001701355,34.9199981689453,0.0317730009555817,0,186.0458984375,-88.2984,27.5815,9.93357174349209,63,63,63,63,61,63,0,7591,0.941689079772035,28,-88,0.001869,51,2025-07-06 04:18:37.000455,1199.19995117188,1.037,0.0011,"aoml_navis",1033.17125148967
"7901009",75,0,1,0.033642,1,0.011214,1,194.681721686325,1,4.8383678233257,1249.59997558594,1,4.43779993057251,34.9220008850098,0.0336420014500618,0,187.731201171875,-88.2984,27.5815,9.93357174349209,63,63,63,63,61,63,0,7591,0.941689079772035,28,-88,0.001869,51,2025-07-06 04:18:37.000455,1249.59997558594,1.037,0.0011,"aoml_navis",1033.40634333237
"7901009",75,0,1,0.029904,1,0.007476,1,196.683802954169,1,4.83726488483358,1300.19995117188,1,4.40040016174316,34.923999786377,0.0299040004611015,0,189.661804199219,-88.2984,27.5815,9.93357174349209,63,63,63,63,61,63,0,7591,0.941689079772035,28,-88,0.001869,51,2025-07-06 04:18:37.000455,1300.19995117188,1.037,0.0011,"aoml_navis",1033.64196897231
"7901009",75,0,1,0.031773,1,0.009345,1,198.564437115293,1,4.83618095380336,1349.90002441406,1,4.36100006103516,34.9259986877441,0.0317730009555817,0,191.475296020508,-88.2984,27.5815,9.93357174349209,63,63,63,63,61,63,0,7591,0.941689079772035,28,-88,0.001869,51,2025-07-06 04:18:37.000455,1349.90002441406,1.037,0.0011,"aoml_navis",1033.87363867512
"7901009",75,0,1,0.031773,1,0.009345,1,199.609135412725,1,4.83511230587245,1399.69995117188,1,4.34040021896362,34.9269981384277,0.0317730009555817,0,192.482696533203,-88.2984,27.5815,9.93357174349209,63,63,63,63,61,63,0,7591,0.941689079772035,28,-88,0.001869,51,2025-07-06 04:18:37.000455,1399.69995117188,1.037,0.0011,"aoml_navis",1034.10214358978
"7901009",75,0,1,0.031773,1,0.009345,1,200.62864233636,1,4.83405221424241,1449.19995117188,1,4.32110023498535,34.9280014038086,0.0317730009555817,0,193.465805053711,-88.2984,27.5815,9.93357174349209,63,63,63,63,61,63,0,7591,0.941689079772035,28,-88,0.001869,51,2025-07-06 04:18:37.000455,1449.19995117188,1.037,0.0011,"aoml_navis",1034.32891876274
"7901009",75,0,1,0.029904,1,0.007476,1,200.953946521371,1,4.83299082989862,1499.5,1,4.3173999786377,34.9280014038086,0.0299040004611015,0,193.779495239258,-88.2984,27.5815,9.93357174349209,63,63,63,63,61,63,0,7591,0.941689079772035,28,-88,0.001869,51,2025-07-06 04:18:37.000455,1499.5,1.037,0.0011,"aoml_navis",1034.55607013947
"7901009",75,0,1,0.026166,1,0.003738,1,201.619508313654,1,4.83191846773599,1550.09997558594,1,4.30989980697632,34.9290008544922,0.0261659994721413,0,194.421295166016,-88.2984,27.5815,9.93357174349209,63,63,63,63,61,63,0,7591,0.941689079772035,28,-88,0.001869,51,2025-07-06 04:18:37.000455,1550.09997558594,1.037,0.0011,"aoml_navis",1034.78567227207
"7901009",75,0,1,0.026166,1,0.003738,1,202.323442644542,1,4.8308756460183,1599.5,1,4.3011999130249,34.9290008544922,0.0261659994721413,0,195.10009765625,-88.2984,27.5815,9.93357174349209,63,63,63,63,61,63,0,7591,0.941689079772035,28,-88,0.001869,51,2025-07-06 04:18:37.000455,1599.5,1.037,0.0011,"aoml_navis",1035.00904729789
"7901009",75,0,1,0.028035,1,0.005607,1,202.912480891796,1,4.82980894459069,1649.80004882812,1,4.29370021820068,34.9309997558594,0.0280349999666214,0,195.668106079102,-88.2984,27.5815,9.93357174349209,63,63,63,63,61,63,0,7591,0.941689079772035,28,-88,0.001869,51,2025-07-06 04:18:37.000455,1649.80004882812,1.037,0.0011,"aoml_navis",1035.23763721543
"7901009",75,0,1,0.029904,1,0.007476,1,203.43088202056,1,4.82878035233565,1698.90002441406,1,4.28700017929077,34.9300003051758,0.0299040004611015,0,196.167999267578,-88.2984,27.5815,9.93357174349209,63,63,63,63,61,63,0,7591,0.941689079772035,28,-88,0.001869,51,2025-07-06 04:18:37.000455,1698.90002441406,1.037,0.0011,"aoml_navis",1035.45815613285
"7901009",75,0,1,0.031773,1,0.009345,1,203.913299993536,1,4.82773135903327,1748.69995117188,1,4.28039979934692,34.9309997558594,0.0317730009555817,0,196.633193969727,-88.2984,27.5815,9.93357174349209,63,63,63,63,61,63,0,7591,0.941689079772035,28,-88,0.001869,51,2025-07-06 04:18:37.000455,1748.69995117188,1.037,0.0011,"aoml_navis",1035.68314559268
"7901009",75,0,4,0.024297,1,0.001869,1,204.397600990056,1,4.82667396012601,1799.30004882812,1,4.2782998085022,34.9309997558594,0.0242970008403063,0,197.100204467773,-88.2984,27.5815,9.93357174349209,63,63,63,63,61,63,0,7591,0.941689079772035,28,-88,0.001869,51,2025-07-06 04:18:37.000455,1799.30004882812,1.037,0.0011,"aoml_navis",1035.91003687133
"7901009",75,0,1,0.026166,1,0.003738,1,204.607692616887,1,4.82562638985627,1849.40002441406,1,4.2782998085022,34.931999206543,0.0261659994721413,0,197.302795410156,-88.2984,27.5815,9.93357174349209,63,63,63,63,61,63,0,7591,0.941689079772035,28,-88,0.001869,51,2025-07-06 04:18:37.000455,1849.40002441406,1.037,0.0011,"aoml_navis",1036.13491722241
"7901009",75,0,1,0.033642,1,0.011214,1,204.886348453935,1,4.82458925675673,1899.19995117188,1,4.27689981460571,34.931999206543,0.0336420014500618,0,197.571502685547,-88.2984,27.5815,9.93357174349209,63,63,63,63,61,63,0,7591,0.941689079772035,28,-88,0.001869,51,2025-07-06 04:18:37.000455,1899.19995117188,1.037,0.0011,"aoml_navis",1036.35765324429
"7901009",75,0,1,0.026166,1,0.003738,1,205.234881870564,1,4.82353505058321,1949.69995117188,1,4.27489995956421,34.9329986572266,0.0261659994721413,0,197.907592773438,-88.2984,27.5815,9.93357174349209,63,63,63,63,61,63,0,7591,0.941689079772035,28,-88,0.001869,51,2025-07-06 04:18:37.000455,1949.69995117188,1.037,0.0011,"aoml_navis",1036.58415406258
"7901009",75,0,1,0.026166,1,0.003738,1,205.22162158712,1,4.82250412645153,1999.40002441406,1,4.27500009536743,34.9329986572266,0.0261659994721413,0,197.894805908203,-88.2984,27.5815,9.93357174349209,63,63,63,63,61,63,0,7591,0.941689079772035,28,-88,0.001869,51,2025-07-06 04:18:37.000455,1999.40002441406,1.037,0.0011,"aoml_navis",1036.80574840256
"7901009",76,0.120550906803526,1,0.156996,1,0.134568,1,191.562623720738,1,4.89347124225649,2.5,1,30.8309993743896,35.4259986877441,0.156995996832848,0.141194552183151,184.723403930664,-88.2982,27.1841,9.93386904626232,63,63,63,63,61,63,0.134568,7817,1.11627530284214,27,-88,0.001869,51,2025-07-16 11:07:26.00119,2.5,1.037,0.0011,"aoml_navis",1021.76956856793
"7901009",76,0.112179316053281,1,0.147651,1,0.125223,1,191.737254428864,1,4.89153721685716,3.90000009536743,1,30.8409996032715,35.9620018005371,0.147651001811028,0.141194552183151,184.891799926758,-88.2982,27.1841,9.93386904626232,63,63,63,63,61,63,0.125223,7817,1.11627530284214,27,-88,0.001869,51,2025-07-16 11:07:26.00119,3.90000009536743,1.037,0.0011,"aoml_navis",1022.17355778651
"7901009",76,0.122225224953575,1,0.158865,1,0.136437,1,191.79874545204,1,4.89035086218034,6.09999990463257,1,30.7390003204346,36.2330017089844,0.158865004777908,0.145781993865967,184.951095581055,-88.2982,27.1841,9.93386904626232,63,63,63,63,61,63,0.136437,7817,1.11627530284214,27,-88,0.001869,51,2025-07-16 11:07:26.00119,6.09999990463257,1.037,0.0011,"aoml_navis",1022.42152780236
"7901009",76,0.115527952353379,1,0.151389,1,0.128961,1,192.080407884501,1,4.89003588379042,7.90000009536743,1,30.6040000915527,36.2480010986328,0.151389002799988,0.138306006789207,185.222702026367,-88.2982,27.1841,9.93386904626232,63,63,63,63,61,63,0.128961,7817,1.11627530284214,27,-88,0.001869,51,2025-07-16 11:07:26.00119,7.90000009536743,1.037,0.0011,"aoml_navis",1022.48738431022
"7901009",76,0.120550906803526,1,0.156996,1,0.134568,1,191.034047771641,1,4.88960322093024,10,1,30.6389999389648,36.3730010986328,0.156995996832848,0.143913000822067,184.21369934082,-88.2982,27.1841,9.93386904626232,63,63,63,63,61,63,0.134568,7817,1.11627530284214,27,-88,0.001869,51,2025-07-16 11:07:26.00119,10,1.037,0.0011,"aoml_navis",1022.57786042786
"7901009",76,0.107156361603134,1,0.142044,1,0.119616,1,191.089937193633,1,4.88916594426876,12,1,30.5879993438721,36.4599990844727,0.142043992877007,0.128960996866226,184.267593383789,-88.2982,27.1841,9.93386904626232,63,63,63,63,61,63,0.119616,7817,1.11627530284214,27,-88,0.001869,51,2025-07-16 11:07:26.00119,12,1.037,0.0011,"aoml_navis",1022.66931762894
"7901009",76,0.103807725303036,1,0.138306,1,0.115878,1,192.572051242734,1,4.88881883526781,14,1,30.3490009307861,36.435001373291,0.138306006789207,0.125222995877266,185.696792602539,-88.2982,27.1841,9.93386904626232,63,63,63,63,61,63,0.115878,7817,1.11627530284214,27,-88,0.001869,51,2025-07-16 11:07:26.00119,14,1.037,0.0011,"aoml_navis",1022.74192774953
"7901009",76,0.107156361603134,1,0.142044,1,0.119616,1,193.573614369846,1,4.88841666028417,16.2000007629395,1,30.117000579834,36.4280014038086,0.142043992877007,0.128960996866226,186.66259765625,-88.2982,27.1841,9.93386904626232,63,63,63,63,61,63,0.119616,7817,1.11627530284214,27,-88,0.001869,51,2025-07-16 11:07:26.00119,16.2000007629395,1.037,0.0011,"aoml_navis",1022.8260697625
"7901009",76,0.107156361603134,1,0.142044,1,0.119616,1,193.938541280937,1,4.88834446898771,17.7999992370605,1,30.0820007324219,36.4230003356934,0.142043992877007,0.128960996866226,187.014495849609,-88.2982,27.1841,9.93386904626232,63,63,63,63,61,63,0.119616,7817,1.11627530284214,27,-88,0.001869,51,2025-07-16 11:07:26.00119,17.7999992370605,1.037,0.0011,"aoml_navis",1022.84117490505
"7901009",76,0.107156361603134,1,0.142044,1,0.119616,1,196.540959743284,1,4.88784860746643,20,1,29.7430000305176,36.3940010070801,0.142043992877007,0.128960996866226,189.524002075195,-88.2982,27.1841,9.93386904626232,63,63,63,63,61,63,0.119616,7817,1.11627530284214,27,-88,0.001869,51,2025-07-16 11:07:26.00119,20,1.037,0.0011,"aoml_navis",1022.94493989897
"7901009",76,0.117202270503428,1,0.153258,1,0.13083,1,196.209943090214,1,4.88748396000206,22,1,29.6079998016357,36.4230003356934,0.153257995843887,0.140174999833107,189.204803466797,-88.2982,27.1841,9.93386904626232,63,63,63,63,61,63,0.13083,7817,1.11627530284214,27,-88,0.001869,51,2025-07-16 11:07:26.00119,22,1.037,0.0011,"aoml_navis",1023.02126020643
"7901009",76,0.123899543103624,1,0.160734,1,0.138306,1,198.214192829422,1,4.88700456698415,24.2999992370605,1,29.3279991149902,36.4169998168945,0.160733997821808,0.147651001811028,191.137496948242,-88.2982,27.1841,9.93386904626232,63,63,63,63,61,63,0.138306,7817,1.11627530284214,27,-88,0.001869,51,2025-07-16 11:07:26.00119,24.2999992370605,1.037,0.0011,"aoml_navis",1023.12161395944
"7901009",76,0.13059681570382,1,0.16821,1,0.145782,1,199.529556389013,1,4.8864925930743,25.7999992370605,1,28.9890003204346,36.398998260498,0.168209999799728,0.155127003788948,192.405899047852,-88.2982,27.1841,9.93386904626232,63,63,63,63,61,63,0.145782,7817,1.11627530284214,27,-88,0.001869,51,2025-07-16 11:07:26.00119,25.7999992370605,1.037,0.0011,"aoml_navis",1023.22880977791
"7901009",76,0.127248179403722,1,0.164472,1,0.142044,1,198.090372125264,1,4.88553640890003,28,1,28.4740009307861,36.423999786377,0.164471998810768,0.151389002799988,191.018096923828,-88.2982,27.1841,9.93386904626232,63,63,63,63,61,63,0.142044,7817,1.11627530284214,27,-88,0.001869,51,2025-07-16 11:07:26.00119,28,1.037,0.0011,"aoml_navis",1023.42907339539
"7901009",76,0.137294088304015,1,0.175686,1,0.153258,1,199.041425899319,1,4.88472440681817,30.1000003814697,1,28.0389995574951,36.4469985961914,0.175686001777649,0.162603005766869,191.935195922852,-88.2982,27.1841,9.93386904626232,63,63,63,63,61,63,0.153258,7817,1.11627530284214,27,-88,0.001869,51,2025-07-16 11:07:26.00119,30.1000003814697,1.037,0.0011,"aoml_navis",1023.5992010155
"7901009",76,0.133945452003917,1,0.171948,1,0.14952,1,199.829780059298,1,4.88452915108733,32,1,27.9529991149902,36.4529991149902,0.171948000788689,0.158865004777908,192.695404052734,-88.2982,27.1841,9.93386904626232,63,63,63,63,61,63,0.14952,7817,1.11627530284214,27,-88,0.001869,51,2025-07-16 11:07:26.00119,32,1.037,0.0011,"aoml_navis",1023.64011869741
"7901009",76,0.135619770153966,1,0.173817,1,0.151389,1,203.841602521468,1,4.88427969090602,34,1,27.7759990692139,36.4339981079102,0.173816993832588,0.160733997821808,196.563995361328,-88.2982,27.1841,9.93386904626232,63,63,63,63,61,63,0.151389,7817,1.11627530284214,27,-88,0.001869,51,2025-07-16 11:07:26.00119,34,1.037,0.0011,"aoml_navis",1023.69240019351
"7901009",76,0.167431815004897,1,0.209328,1,0.1869,1,208.750978719257,1,4.88396899583883,36,1,27.5009994506836,36.3899993896484,0.20932799577713,0.19624499976635,201.298095703125,-88.2982,27.1841,9.93386904626232,63,63,63,63,61,63,0.1869,7817,1.11627530284214,27,-88,0.001869,51,2025-07-16 11:07:26.00119,36,1.037,0.0011,"aoml_navis",1023.7575226747
"7901009",76,0.239427495457002,1,0.289695,1,0.267267,1,210.638370196458,1,4.88349942783575,38.2000007629395,1,27.1749992370605,36.3680000305176,0.289694994688034,0.276612013578415,203.118103027344,-88.2982,27.1841,9.93386904626232,63,63,63,63,61,63,0.267267,7817,1.11627530284214,27,-88,0.001869,51,2025-07-16 11:07:26.00119,38.2000007629395,1.037,0.0011,"aoml_navis",1023.85596105535
"7901009",76,0.232730222856807,1,0.282219,1,0.259791,1,210.62944561152,1,4.88310649356898,39.9000015258789,1,27.011999130249,36.3979988098145,0.282218992710114,0.269136011600494,203.109497070312,-88.2982,27.1841,9.93386904626232,63,63,63,63,61,63,0.259791,7817,1.11627530284214,27,-88,0.001869,51,2025-07-16 11:07:26.00119,39.9000015258789,1.037,0.0011,"aoml_navis",1023.9383487919
"7901009",76,0.209289768756121,4,0.256053,1,0.233625,1,208.959313976885,1,4.88262833360706,41.9000015258789,1,26.8059997558594,36.431999206543,0.256053000688553,0.242970004677773,201.498992919922,-88.2982,27.1841,9.93386904626232,63,63,63,63,61,63,0.233625,7817,1.11627530284214,27,-88,0.001869,51,2025-07-16 11:07:26.00119,41.9000015258789,1.037,0.0011,"aoml_navis",1024.03862394872
"7901009",76,0.207615450606072,4,0.254184,1,0.231756,1,207.465490365985,1,4.88192024522074,44.0999984741211,1,26.4309997558594,36.4580001831055,0.254184007644653,0.241100996732712,200.058502197266,-88.2982,27.1841,9.93386904626232,63,63,63,63,61,63,0.231756,7817,1.11627530284214,27,-88,0.001869,51,2025-07-16 11:07:26.00119,44.0999984741211,1.037,0.0011,"aoml_navis",1024.18715358877
"7901009",76,0.214312723206268,1,0.26166,1,0.239232,1,204.146177718097,1,4.88113919698875,45.9000015258789,1,25.9839992523193,36.4780006408691,0.261660009622574,0.248576998710632,196.857696533203,-88.2982,27.1841,9.93386904626232,63,63,63,63,61,63,0.239232,7817,1.11627530284214,27,-88,0.001869,51,2025-07-16 11:07:26.00119,45.9000015258789,1.037,0.0011,"aoml_navis",1024.35103737353
"7901009",76,0.237753177306954,1,0.287826,1,0.265398,1,201.014376296313,1,4.8804238039415,48,1,25.617000579834,36.5130004882812,0.287826001644135,0.274742990732193,193.837707519531,-88.2982,27.1841,9.93386904626232,63,63,63,63,61,63,0.265398,7817,1.11627530284214,27,-88,0.001869,51,2025-07-16 11:07:26.00119,48,1.037,0.0011,"aoml_navis",1024.5011910568
"7901009",76,0.25951931325759,1,0.312123,1,0.289695,1,202.078458989193,1,4.87989767912214,50,1,25.2810001373291,36.5099983215332,0.312123000621796,0.299039989709854,194.863800048828,-88.2982,27.1841,9.93386904626232,63,63,63,63,61,63,0.289695,7817,1.11627530284214,27,-88,0.001869,51,2025-07-16 11:07:26.00119,50,1.037,0.0011,"aoml_navis",1024.61164736951
"7901009",76,0.257844995107541,1,0.310254,1,0.287826,1,200.367581244244,1,4.87939767217216,51.9000015258789,1,24.9710006713867,36.5120010375977,0.310254007577896,0.297170996665955,193.214004516602,-88.2982,27.1841,9.93386904626232,63,63,63,63,61,63,0.287826,7817,1.11627530284214,27,-88,0.001869,51,2025-07-16 11:07:26.00119,51.9000015258789,1.037,0.0011,"aoml_navis",1024.71664248964
"7901009",76,0.257844995107541,1,0.310254,1,0.287826,1,199.575919924244,1,4.87854877501882,54,1,24.4370002746582,36.5209999084473,0.310254007577896,0.297170996665955,192.450607299805,-88.2982,27.1841,9.93386904626232,63,63,63,63,61,63,0.287826,7817,1.11627530284214,27,-88,0.001869,51,2025-07-16 11:07:26.00119,54,1.037,0.0011,"aoml_navis",1024.89494941674
"7901009",76,0.25951931325759,1,0.312123,1,0.289695,1,200.286785267832,1,4.87797649258356,56,1,24,36.4949989318848,0.312123000621796,0.299039989709854,193.136093139648,-88.2982,27.1841,9.93386904626232,63,63,63,63,61,63,0.289695,7817,1.11627530284214,27,-88,0.001869,51,2025-07-16 11:07:26.00119,56,1.037,0.0011,"aoml_navis",1025.01518972098
"7901009",76,0.301377267008814,1,0.358848,1,0.33642,1,196.310835206471,1,4.87765283854092,58.2000007629395,1,23.8519992828369,36.5139999389648,0.358848005533218,0.345764994621277,189.302093505859,-88.2982,27.1841,9.93386904626232,63,63,63,63,61,63,0.33642,7817,1.11627530284214,27,-88,0.001869,51,2025-07-16 11:07:26.00119,58.2000007629395,1.037,0.0011,"aoml_navis",1025.0832040551
"7901009",76,0.366675674860724,1,0.431739,1,0.409311,1,191.933880124693,1,4.87752216283554,60,1,23.9130001068115,36.5639991760254,0.431739002466202,0.41865599155426,185.081405639648,-88.2982,27.1841,9.93386904626232,63,63,63,63,61,63,0.409311,7817,1.11627530284214,27,-88,0.001869,51,2025-07-16 11:07:26.00119,60,1.037,0.0011,"aoml_navis",1025.11066748147
"7901009",76,0.425276810112438,1,0.497154,1,0.474726,1,188.940615477976,1,4.87742267953418,61.9000015258789,1,23.9109992980957,36.5800018310547,0.497153997421265,0.484070986509323,182.195007324219,-88.2982,27.1841,9.93386904626232,63,63,63,63,61,63,0.474726,7817,1.11627530284214,27,-88,0.001869,51,2025-07-16 11:07:26.00119,61.9000015258789,1.037,0.0011,"aoml_navis",1025.1315763508
"7901009",76,0.534107489865621,1,0.618639,1,0.596211,1,185.729252330888,1,4.87692593827021,64.0999984741211,1,23.617000579834,36.5900001525879,0.61863899230957,0.605556011199951,179.098297119141,-88.2982,27.1841,9.93386904626232,63,63,63,63,61,63,0.596211,7817,1.11627530284214,27,-88,0.001869,51,2025-07-16 11:07:26.00119,64.0999984741211,1.037,0.0011,"aoml_navis",1025.23599154213
"7901009",76,0.656332714819195,1,0.755076,1,0.732648,1,182.328858879408,1,4.87610946913323,65.6999969482422,1,23.0769996643066,36.5979995727539,0.755075991153717,0.741993010044098,175.819305419922,-88.2982,27.1841,9.93386904626232,63,63,63,63,61,63,0.732648,7817,1.11627530284214,27,-88,0.001869,51,2025-07-16 11:07:26.00119,65.6999969482422,1.037,0.0011,"aoml_navis",1025.40765986716
"7901009",76,0.652984078519097,1,0.751338,1,0.72891,1,182.241844176257,1,4.87524232541672,67.9000015258789,1,22.371000289917,36.556999206543,0.751338005065918,0.738255023956299,175.735397338867,-88.2982,27.1841,9.93386904626232,63,63,63,63,61,63,0.72891,7817,1.11627530284214,27,-88,0.001869,51,2025-07-16 11:07:26.00119,67.9000015258789,1.037,0.0011,"aoml_navis",1025.59004583892
"7901009",76,0.602754534017628,4,0.695268,1,0.67284,1,182.800912457227,1,4.87475654323829,70,1,21.8990001678467,36.5029983520508,0.695267975330353,0.682184994220734,176.274505615234,-88.2982,27.1841,9.93386904626232,63,63,63,63,61,63,0.67284,7817,1.11627530284214,27,-88,0.001869,51,2025-07-16 11:07:26.00119,70,1.037,0.0011,"aoml_navis",1025.69224855658
"7901009",76,0.629543624418412,1,0.725172,1,0.702744,1,178.677801686771,1,4.87446161907471,72,1,21.6469993591309,36.4799995422363,0.725171983242035,0.712089002132416,172.298599243164,-88.2982,27.1841,9.93386904626232,63,63,63,63,61,63,0.702744,7817,1.11627530284214,27,-88,0.001869,51,2025-07-16 11:07:26.00119,72,1.037,0.0011,"aoml_navis",1025.75430698521
"7901009",76,0.587685670667188,1,0.678447,1,0.656019,1,173.539867501652,1,4.87432160336654,74,1,21.5699996948242,36.4790000915527,0.678447008132935,0.665364027023315,167.344100952148,-88.2982,27.1841,9.93386904626232,63,63,63,63,61,63,0.656019,7817,1.11627530284214,27,-88,0.001869,51,2025-07-16 11:07:26.00119,74,1.037,0.0011,"aoml_navis",1025.78377195027
"7901009",76,0.557547943966306,1,0.644805,1,0.622377,1,167.5715829714,1,4.87409588568691,76,1,21.4799995422363,36.4970016479492,0.644805014133453,0.631721973419189,161.588897705078,-88.2982,27.1841,9.93386904626232,63,63,63,63,61,63,0.622377,7817,1.11627530284214,27,-88,0.001869,51,2025-07-16 11:07:26.00119,76,1.037,0.0011,"aoml_navis",1025.83127563879
"7901009",76,0.529084535415474,4,0.613032,1,0.590604,1,164.533932755972,1,4.87389075699341,78,1,21.4190006256104,36.5200004577637,0.613031983375549,0.59994900226593,158.659698486328,-88.2982,27.1841,9.93386904626232,63,63,63,63,61,63,0.590604,7817,1.11627530284214,27,-88,0.001869,51,2025-07-16 11:07:26.00119,78,1.037,0.0011,"aoml_navis",1025.87445006346
"7901009",76,0.544153398765915,1,0.629853,1,0.607425,1,162.264714621733,1,4.87376544192352,80,1,21.3799991607666,36.5289993286133,0.629853010177612,0.616770029067993,156.471496582031,-88.2982,27.1841,9.93386904626232,63,63,63,63,61,63,0.607425,7817,1.11627530284214,27,-88,0.001869,51,2025-07-16 11:07:26.00119,80,1.037,0.0011,"aoml_navis",1025.90082751842
"7901009",76,0.537456126165719,1,0.622377,1,0.599949,1,159.760403298783,1,4.87362903911134,82,1,21.2749996185303,36.5169982910156,0.622376978397369,0.60929399728775,154.056594848633,-88.2982,27.1841,9.93386904626232,63,63,63,63,61,63,0.599949,7817,1.11627530284214,27,-88,0.001869,51,2025-07-16 11:07:26.00119,82,1.037,0.0011,"aoml_navis",1025.92954036397
"7901009",76,0.495598172414495,1,0.575652,1,0.553224,1,156.515873609086,1,4.87346279655993,84,1,21.1909999847412,36.5209999084473,0.575652003288269,0.56256902217865,150.92790222168,-88.2982,27.1841,9.93386904626232,63,63,63,63,61,63,0.553224,7817,1.11627530284214,27,-88,0.001869,51,2025-07-16 11:07:26.00119,84,1.037,0.0011,"aoml_navis",1025.96453665952
"7901009",76,0.443694309762977,1,0.517713,1,0.495285,1,154.253602093265,1,4.87305285480204,86,1,20.9260005950928,36.5270004272461,0.517713010311127,0.504630029201508,148.746398925781,-88.2982,27.1841,9.93386904626232,63,63,63,63,61,63,0.495285,7817,1.11627530284214,27,-88,0.001869,51,2025-07-16 11:07:26.00119,86,1.037,0.0011,"aoml_navis",1026.05084512327
"7901009",76,0.413556583062095,1,0.484071,1,0.461643,1,154.206210015444,1,4.8727327483921,88,1,20.7450008392334,36.5390014648438,0.484070986509323,0.470988005399704,148.700698852539,-88.2982,27.1841,9.93386904626232,63,63,63,63,61,63,0.461643,7817,1.11627530284214,27,-88,0.001869,51,2025-07-16 11:07:26.00119,88,1.037,0.0011,"aoml_navis",1026.11824989784
"7901009",76,0.396813401561605,1,0.465381,1,0.442953,1,155.62735522453,1,4.87249741356738,90,1,20.55299949646,36.523998260498,0.465380996465683,0.452297985553741,150.071105957031,-88.2982,27.1841,9.93386904626232,63,63,63,63,61,63,0.442953,7817,1.11627530284214,27,-88,0.001869,51,2025-07-16 11:07:26.00119,90,1.037,0.0011,"aoml_navis",1026.1678099772
"7901009",76,0.35662976596043,1,0.420525,1,0.398097,1,154.459136550301,1,4.87224444488772,92,1,20.3320007324219,36.5040016174316,0.420525014400482,0.407442003488541,148.944595336914,-88.2982,27.1841,9.93386904626232,63,63,63,63,61,63,0.398097,7817,1.11627530284214,27,-88,0.001869,51,2025-07-16 11:07:26.00119,92,1.037,0.0011,"aoml_navis",1026.22108897806
"7901009",76,0.351606811510283,1,0.414918,1,0.39249,1,145.993914556285,1,4.87202437565067,94,1,20.2119998931885,36.5110015869141,0.414918005466461,0.40183499455452,140.781600952148,-88.2982,27.1841,9.93386904626232,63,63,63,63,61,63,0.39249,7817,1.11627530284214,27,-88,0.001869,51,2025-07-16 11:07:26.00119,94,1.037,0.0011,"aoml_navis",1026.26744336275
"7901009",76,0.348258175210185,1,0.41118,1,0.388752,1,138.612586567813,1,4.87176247043482,96,1,20.2150001525879,36.5730018615723,0.41117998957634,0.398097008466721,133.663803100586,-88.2982,27.1841,9.93386904626232,63,63,63,63,61,63,0.388752,7817,1.11627530284214,27,-88,0.001869,51,2025-07-16 11:07:26.00119,96,1.037,0.0011,"aoml_navis",1026.32261534576
"7901009",76,0.343235220760038,1,0.405573,1,0.383145,1,136.944432899699,1,4.87151198445352,98,1,20.1019992828369,36.5909996032715,0.405573010444641,0.3924899995327,132.055206298828,-88.2982,27.1841,9.93386904626232,63,63,63,63,61,63,0.383145,7817,1.11627530284214,27,-88,0.001869,51,2025-07-16 11:07:26.00119,98,1.037,0.0011,"aoml_navis",1026.37538734515
"7901009",76,0.309748857759059,1,0.368193,1,0.345765,1,137.43700985813,1,4.87129056182505,100,1,19.9629993438721,36.5919990539551,0.368193000555038,0.355109989643097,132.530197143555,-88.2982,27.1841,9.93386904626232,63,63,63,63,61,63,0.345765,7817,1.11627530284214,27,-88,0.001869,51,2025-07-16 11:07:26.00119,100,1.037,0.0011,"aoml_navis",1026.42204084142
"7901009",76,0.293005676258569,1,0.349503,1,0.327075,1,136.24132118487,1,4.87105489860903,102,1,19.8150005340576,36.5940017700195,0.349503010511398,0.336419999599457,131.377197265625,-88.2982,27.1841,9.93386904626232,63,63,63,63,61,63,0.327075,7817,1.11627530284214,27,-88,0.001869,51,2025-07-16 11:07:26.00119,102,1.037,0.0011,"aoml_navis",1026.47169947269
"7901009",76,0.25951931325759,1,0.312123,1,0.289695,1,134.988904431814,1,4.87092497993606,104,1,19.7129993438721,36.5830001831055,0.312123000621796,0.299039989709854,130.169494628906,-88.2982,27.1841,9.93386904626232,63,63,63,63,61,63,0.289695,7817,1.11627530284214,27,-88,0.001869,51,2025-07-16 11:07:26.00119,104,1.037,0.0011,"aoml_navis",1026.49907781286
"7901009",76,0.25951931325759,1,0.312123,1,0.289695,1,134.791978085074,1,4.87081691223723,106,1,19.6310005187988,36.5730018615723,0.312123000621796,0.299039989709854,129.979598999023,-88.2982,27.1841,9.93386904626232,63,63,63,63,61,63,0.289695,7817,1.11627530284214,27,-88,0.001869,51,2025-07-16 11:07:26.00119,106,1.037,0.0011,"aoml_navis",1026.52185251271
"7901009",76,0.239427495457002,1,0.289695,1,0.267267,1,135.361410910609,1,4.87068612935857,108,1,19.5480003356934,36.5690002441406,0.289694994688034,0.276612013578415,130.528701782227,-88.2982,27.1841,9.93386904626232,63,63,63,63,61,63,0.267267,7817,1.11627530284214,27,-88,0.001869,51,2025-07-16 11:07:26.00119,108,1.037,0.0011,"aoml_navis",1026.54941566897
"7901009",76,0.229381586556709,1,0.278481,1,0.256053,1,134.983302830629,1,4.87060078899163,110,1,19.5069999694824,36.5670013427734,0.278481006622314,0.265397995710373,130.164093017578,-88.2982,27.1841,9.93386904626232,63,63,63,63,61,63,0.256053,7817,1.11627530284214,27,-88,0.001869,51,2025-07-16 11:07:26.00119,110,1.037,0.0011,"aoml_navis",1026.56740238306
"7901009",76,0.207615450606072,1,0.254184,1,0.231756,1,134.751738334189,1,4.87045184277967,112,1,19.3799991607666,36.5530014038086,0.254184007644653,0.241100996732712,129.940795898438,-88.2982,27.1841,9.93386904626232,63,63,63,63,61,63,0.231756,7817,1.11627530284214,27,-88,0.001869,51,2025-07-16 11:07:26.00119,112,1.037,0.0011,"aoml_navis",1026.59879645713
"7901009",76,0.17915204205524,1,0.222411,1,0.199983,1,134.011931384479,1,4.87029000836165,114,1,19.2450008392334,36.5400009155273,0.222411006689072,0.20932799577713,129.227401733398,-88.2982,27.1841,9.93386904626232,63,63,63,63,61,63,0.199983,7817,1.11627530284214,27,-88,0.001869,51,2025-07-16 11:07:26.00119,114,1.037,0.0011,"aoml_navis",1026.63290921396
"7901009",76,0.160734542404701,4,0.201852,1,0.179424,1,133.124235833996,1,4.87013992014756,116,1,19.1159992218018,36.5260009765625,0.20185199379921,0.188768997788429,128.371398925781,-88.2982,27.1841,9.93386904626232,63,63,63,63,61,63,0.179424,7817,1.11627530284214,27,-88,0.001869,51,2025-07-16 11:07:26.00119,116,1.037,0.0011,"aoml_navis",1026.66454803798
"7901009",76,0.165757496854848,1,0.207459,1,0.185031,1,132.559471009448,1,4.87002799343368,118,1,18.988000869751,36.5019989013672,0.207459002733231,0.19437600672245,127.826797485352,-88.2982,27.1841,9.93386904626232,63,63,63,63,61,63,0.185031,7817,1.11627530284214,27,-88,0.001869,51,2025-07-16 11:07:26.00119,118,1.037,0.0011,"aoml_navis",1026.68814362906
"7901009",76,0.147339997204309,4,0.1869,1,0.164472,1,132.766461249842,1,4.86989396863008,120,1,18.8740005493164,36.4889984130859,0.18690000474453,0.173816993832588,128.026397705078,-88.2982,27.1841,9.93386904626232,63,63,63,63,61,63,0.164472,7817,1.11627530284214,27,-88,0.001869,51,2025-07-16 11:07:26.00119,120,1.037,0.0011,"aoml_navis",1026.71639920869
"7901009",76,0.152362951654456,1,0.192507,1,0.170079,1,132.623976453601,1,4.86977393333009,122,1,18.7770004272461,36.4780006408691,0.19250699877739,0.179424002766609,127.888999938965,-88.2982,27.1841,9.93386904626232,63,63,63,63,61,63,0.170079,7817,1.11627530284214,27,-88,0.001869,51,2025-07-16 11:07:26.00119,122,1.037,0.0011,"aoml_navis",1026.7417067923
"7901009",76,0.14566567905426,1,0.185031,1,0.162603,1,132.865391223311,1,4.86970671653701,124,1,18.7350006103516,36.4710006713867,0.185030996799469,0.171948000788689,128.121795654297,-88.2982,27.1841,9.93386904626232,63,63,63,63,61,63,0.162603,7817,1.11627530284214,27,-88,0.001869,51,2025-07-16 11:07:26.00119,124,1.037,0.0011,"aoml_navis",1026.75587895684
"7901009",76,0.14566567905426,1,0.185031,1,0.162603,1,134.384643571793,1,4.86958113694014,126,1,18.6299991607666,36.4589996337891,0.185030996799469,0.171948000788689,129.586807250977,-88.2982,27.1841,9.93386904626232,63,63,63,63,61,63,0.162603,7817,1.11627530284214,27,-88,0.001869,51,2025-07-16 11:07:26.00119,126,1.037,0.0011,"aoml_navis",1026.78235753595
"7901009",76,0.120550906803526,1,0.156996,1,0.134568,1,136.895379330001,1,4.86947173036861,128,1,18.5440006256104,36.4490013122559,0.156995996832848,0.143913000822067,132.007904052734,-88.2982,27.1841,9.93386904626232,63,63,63,63,61,63,0.134568,7817,1.11627530284214,27,-88,0.001869,51,2025-07-16 11:07:26.00119,128,1.037,0.0011,"aoml_navis",1026.80542713029
"7901009",76,0.0904131801026443,1,0.123354,1,0.100926,1,138.438889459885,1,4.86931803255666,130,1,18.4090003967285,36.435001373291,0.123354002833366,0.110270999372005,133.496307373047,-88.2982,27.1841,9.93386904626232,63,63,63,63,61,63,0.100926,7817,1.11627530284214,27,-88,0.001869,51,2025-07-16 11:07:26.00119,130,1.037,0.0011,"aoml_navis",1026.8378377772
"7901009",76,0.0803672712023505,1,0.11214,1,0.089712,1,138.03247272307,1,4.86922516368057,132,1,18.318000793457,36.4189987182617,0.112139999866486,0.0990569964051247,133.104400634766,-88.2982,27.1841,9.93386904626232,63,63,63,63,61,63,0.089712,7817,1.11627530284214,27,-88,0.001869,51,2025-07-16 11:07:26.00119,132,1.037,0.0011,"aoml_navis",1026.85742226399
"7901009",76,0.051903862651518,1,0.080367,1,0.057939,1,138.150691826042,1,4.86900884622847,134,1,18.0900001525879,36.3919982910156,0.0803669989109039,0.0672840029001236,133.218399047852,-88.2982,27.1841,9.93386904626232,63,63,63,63,61,63,0.057939,7817,1.11627530284214,27,-88,0.001869,51,2025-07-16 11:07:26.00119,134,1.037,0.0011,"aoml_navis",1026.90304287966
"7901009",76,0.0385093174511263,1,0.065415,1,0.042987,1,137.519451502687,1,4.86885469740412,136,1,17.9769992828369,36.3860015869141,0.0654150024056435,0.0523319989442825,132.60969543457,-88.2982,27.1841,9.93386904626232,63,63,63,63,61,63,0.042987,7817,1.11627530284214,27,-88,0.001869,51,2025-07-16 11:07:26.00119,136,1.037,0.0011,"aoml_navis",1026.93555481658
"7901009",76,0.0351606811510283,1,0.061677,1,0.039249,1,136.303540099726,1,4.86876849417853,138,1,17.923999786377,36.3810005187988,0.0616770014166832,0.0485940016806126,131.437194824219,-88.2982,27.1841,9.93386904626232,63,63,63,63,61,63,0.039249,7817,1.11627530284214,27,-88,0.001869,51,2025-07-16 11:07:26.00119,138,1.037,0.0011,"aoml_navis",1026.9537370648
"7901009",76,0.0301377267008814,4,0.05607,1,0.033642,1,134.706846406049,1,4.86867917206984,140,1,17.8560009002686,36.3720016479492,0.0560699999332428,0.0429870001971722,129.897506713867,-88.2982,27.1841,9.93386904626232,63,63,63,63,61,63,0.033642,7817,1.11627530284214,27,-88,0.001869,51,2025-07-16 11:07:26.00119,140,1.037,0.0011,"aoml_navis",1026.97257783662
"7901009",76,0.0368349993010773,1,0.063546,1,0.041118,1,131.696879810037,1,4.86859069733414,142,1,17.7670001983643,36.3559989929199,0.0635460019111633,0.0504629984498024,126.995002746582,-88.2982,27.1841,9.93386904626232,63,63,63,63,61,63,0.041118,7817,1.11627530284214,27,-88,0.001869,51,2025-07-16 11:07:26.00119,142,1.037,0.0011,"aoml_navis",1026.991240553
"7901009",76,0.0385093174511263,1,0.065415,1,0.042987,1,130.087930635802,1,4.86851311278948,144,1,17.6870002746582,36.3400001525879,0.0654150024056435,0.0523319989442825,125.443496704102,-88.2982,27.1841,9.93386904626232,63,63,63,63,61,63,0.042987,7817,1.11627530284214,27,-88,0.001869,51,2025-07-16 11:07:26.00119,144,1.037,0.0011,"aoml_navis",1027.00760666847
"7901009",76,0.0334863630009794,1,0.059808,1,0.03738,1,130.729543415588,1,4.86840871706249,146,1,17.5869998931885,36.3250007629395,0.0598080009222031,0.0467250011861324,126.062202453613,-88.2982,27.1841,9.93386904626232,63,63,63,63,61,63,0.03738,7817,1.11627530284214,27,-88,0.001869,51,2025-07-16 11:07:26.00119,146,1.037,0.0011,"aoml_navis",1027.02962930707
"7901009",76,0.0301377267008814,1,0.05607,1,0.033642,1,131.533752955192,1,4.86830927219065,148,1,17.4939994812012,36.3110008239746,0.0560699999332428,0.0429870001971722,126.837699890137,-88.2982,27.1841,9.93386904626232,63,63,63,63,61,63,0.033642,7817,1.11627530284214,27,-88,0.001869,51,2025-07-16 11:07:26.00119,148,1.037,0.0011,"aoml_navis",1027.05060842408
"7901009",76,0.0284634085508325,1,0.054201,1,0.031773,1,131.164055188855,1,4.86820582097589,150,1,17.3910007476807,36.2949981689453,0.0542009994387627,0.041117999702692,126.481201171875,-88.2982,27.1841,9.93386904626232,63,63,63,63,61,63,0.031773,7817,1.11627530284214,27,-88,0.001869,51,2025-07-16 11:07:26.00119,150,1.037,0.0011,"aoml_navis",1027.07243363792
"7901009",76,0.0267890904007835,1,0.052332,1,0.029904,1,130.85834068351,1,4.86810480016867,152,1,17.2959995269775,36.2809982299805,0.0523319989442825,0.0392489992082119,126.186401367188,-88.2982,27.1841,9.93386904626232,63,63,63,63,61,63,0.029904,7817,1.11627530284214,27,-88,0.001869,51,2025-07-16 11:07:26.00119,152,1.037,0.0011,"aoml_navis",1027.09374700125
"7901009",76,0.0150688633504407,1,0.039249,1,0.016821,1,131.169443169656,1,4.86800678329552,154,1,17.2189998626709,36.2719993591309,0.0392489992082119,0.0261659994721413,126.486396789551,-88.2982,27.1841,9.93386904626232,63,63,63,63,61,63,0.016821,7817,1.11627530284214,27,-88,0.001869,51,2025-07-16 11:07:26.00119,154,1.037,0.0011,"aoml_navis",1027.11442744028
"7901009",76,0.0184174996505387,1,0.042987,1,0.020559,1,131.667218224102,1,4.86793999278521,156,1,17.1720008850098,36.2639999389648,0.0429870001971722,0.0299040004611015,126.966400146484,-88.2982,27.1841,9.93386904626232,63,63,63,63,61,63,0.020559,7817,1.11627530284214,27,-88,0.001869,51,2025-07-16 11:07:26.00119,156,1.037,0.0011,"aoml_navis",1027.12851995105
"7901009",76,0.0150688633504407,1,0.039249,1,0.016821,1,132.673338586076,1,4.86785617716624,158,1,17.1070003509521,36.2550010681152,0.0392489992082119,0.0261659994721413,127.936599731445,-88.2982,27.1841,9.93386904626232,63,63,63,63,61,63,0.016821,7817,1.11627530284214,27,-88,0.001869,51,2025-07-16 11:07:26.00119,158,1.037,0.0011,"aoml_navis",1027.14620523376
"7901009",76,0.0133945452003917,1,0.03738,1,0.014952,1,134.13108408765,1,4.8677790337005,160,1,17.0349998474121,36.242000579834,0.0373799987137318,0.0242970008403063,129.342300415039,-88.2982,27.1841,9.93386904626232,63,63,63,63,61,63,0.014952,7817,1.11627530284214,27,-88,0.001869,51,2025-07-16 11:07:26.00119,160,1.037,0.0011,"aoml_navis",1027.16248321547
"7901009",76,0.00837159075024484,1,0.031773,1,0.009345,1,135.378215714164,1,4.86764743215042,162,1,16.8929996490479,36.2220001220703,0.0317730009555817,0.0186899993568659,130.544906616211,-88.2982,27.1841,9.93386904626232,63,63,63,63,61,63,0.009345,7817,1.11627530284214,27,-88,0.001869,51,2025-07-16 11:07:26.00119,162,1.037,0.0011,"aoml_navis",1027.19025354536
"7901009",76,0.00837159075024484,1,0.031773,1,0.009345,1,137.697405194567,1,4.86757526844941,164,1,16.8279991149902,36.2099990844727,0.0317730009555817,0.0186899993568659,132.781295776367,-88.2982,27.1841,9.93386904626232,63,63,63,63,61,63,0.009345,7817,1.11627530284214,27,-88,0.001869,51,2025-07-16 11:07:26.00119,164,1.037,0.0011,"aoml_navis",1027.20548204132
"7901009",76,0.00837159075024484,1,0.031773,1,0.009345,1,139.326363478119,1,4.86748189102971,166,1,16.7409992218018,36.1969985961914,0.0317730009555817,0.0186899993568659,134.352096557617,-88.2982,27.1841,9.93386904626232,63,63,63,63,61,63,0.009345,7817,1.11627530284214,27,-88,0.001869,51,2025-07-16 11:07:26.00119,166,1.037,0.0011,"aoml_navis",1027.22518787682
"7901009",76,0.00669727260019587,1,0.029904,1,0.007476,1,139.816361168207,1,4.86739084253052,168,1,16.6590003967285,36.185001373291,0.0299040004611015,0.0168210007250309,134.824600219727,-88.2982,27.1841,9.93386904626232,63,63,63,63,61,63,0.007476,7817,1.11627530284214,27,-88,0.001869,51,2025-07-16 11:07:26.00119,168,1.037,0.0011,"aoml_navis",1027.24440295831
"7901009",76,-0.00334863630009794,4,0.01869,1,-0.003738,1,140.230025174353,1,4.86727974671669,170,1,16.5590000152588,36.1730003356934,0.0186899993568659,0.00560700008645654,135.223495483398,-88.2982,27.1841,9.93386904626232,63,63,63,63,61,63,-0.003738,7817,1.11627530284214,27,-88,0.001869,51,2025-07-16 11:07:26.00119,170,1.037,0.0011,"aoml_navis",1027.26784984423
"7901009",76,0,1,0.022428,1,0,1,140.230135940478,1,4.86719954317103,172,1,16.4990005493164,36.1650009155273,0.0224280003458261,0.00934499967843294,135.223602294922,-88.2982,27.1841,9.93386904626232,63,63,63,63,61,63,0,7817,1.11627530284214,27,-88,0.001869,51,2025-07-16 11:07:26.00119,172,1.037,0.0011,"aoml_navis",1027.28477755043
"7901009",76,0,1,0.026166,1,0.003738,1,139.924516377526,1,4.86714907899464,174,1,16.4750003814697,36.1599998474121,0.0261659994721413,0,134.928894042969,-88.2982,27.1841,9.93386904626232,63,63,63,63,61,63,0,7817,1.11627530284214,27,-88,0.001869,51,2025-07-16 11:07:26.00119,174,1.037,0.0011,"aoml_navis",1027.29542877138
"7901009",76,0,4,0.016821,1,-0.005607,1,139.460042367413,1,4.86707158586526,176,1,16.4139995574951,36.1510009765625,0.0168210007250309,0,134.481002807617,-88.2982,27.1841,9.93386904626232,63,63,63,63,61,63,0,7817,1.11627530284214,27,-88,0.001869,51,2025-07-16 11:07:26.00119,176,1.037,0.0011,"aoml_navis",1027.31178528805
"7901009",76,0,1,0.01869,1,-0.003738,1,138.657177845042,1,4.86698975719278,178,1,16.3360004425049,36.1380004882812,0.0186899993568659,0,133.706802368164,-88.2982,27.1841,9.93386904626232,63,63,63,63,61,63,0,7817,1.11627530284214,27,-88,0.001869,51,2025-07-16 11:07:26.00119,178,1.037,0.0011,"aoml_navis",1027.32905747555
"7901009",76,0,1,0.024297,1,0.001869,1,137.337146284464,1,4.86692436673655,180,1,16.2789993286133,36.1269989013672,0.0242970008403063,0,132.433898925781,-88.2982,27.1841,9.93386904626232,63,63,63,63,61,63,0,7817,1.11627530284214,27,-88,0.001869,51,2025-07-16 11:07:26.00119,180,1.037,0.0011,"aoml_navis",1027.34286034379
"7901009",76,0,1,0.022428,1,0,1,136.424354294773,1,4.86685077314294,182,1,16.2080001831055,36.1139984130859,0.0224280003458261,0,131.553695678711,-88.2982,27.1841,9.93386904626232,63,63,63,63,61,63,0,7817,1.11627530284214,27,-88,0.001869,51,2025-07-16 11:07:26.00119,182,1.037,0.0011,"aoml_navis",1027.35839520534
"7901009",76,0,1,0.024297,1,0.001869,1,136.062639601311,1,4.86676021027292,184,1,16.1149997711182,36.0989990234375,0.0242970008403063,0,131.204895019531,-88.2982,27.1841,9.93386904626232,63,63,63,63,61,63,0,7817,1.11627530284214,27,-88,0.001869,51,2025-07-16 11:07:26.00119,184,1.037,0.0011,"aoml_navis",1027.37751275393
"7901009",76,0,1,0.024297,1,0.001869,1,135.716701168814,1,4.8666788674146,186,1,16.0300006866455,36.0839996337891,0.0242970008403063,0,130.871307373047,-88.2982,27.1841,9.93386904626232,63,63,63,63,61,63,0,7817,1.11627530284214,27,-88,0.001869,51,2025-07-16 11:07:26.00119,186,1.037,0.0011,"aoml_navis",1027.39468459242
"7901009",76,0,1,0.024297,1,0.001869,1,135.095825390024,1,4.86661919807982,188,1,15.9940004348755,36.0779991149902,0.0242970008403063,0,130.272598266602,-88.2982,27.1841,9.93386904626232,63,63,63,63,61,63,0,7817,1.11627530284214,27,-88,0.001869,51,2025-07-16 11:07:26.00119,188,1.037,0.0011,"aoml_navis",1027.40728141886
"7901009",76,0,1,0.024297,1,0.001869,1,134.378725495965,1,4.8665369365635,190,1,15.9209995269775,36.0670013427734,0.0242970008403063,0,129.581100463867,-88.2982,27.1841,9.93386904626232,63,63,63,63,61,63,0,7817,1.11627530284214,27,-88,0.001869,51,2025-07-16 11:07:26.00119,190,1.037,0.0011,"aoml_navis",1027.42464819978
"7901009",76,0,1,0.020559,1,-0.001869,1,134.158664852806,1,4.86645643004071,192,1,15.8559999465942,36.0579986572266,0.020558999851346,0,129.368896484375,-88.2982,27.1841,9.93386904626232,63,63,63,63,61,63,0,7817,1.11627530284214,27,-88,0.001869,51,2025-07-16 11:07:26.00119,192,1.037,0.0011,"aoml_navis",1027.44164504072
"7901009",76,0,1,0.024297,1,0.001869,1,134.502024016961,1,4.86640805905142,194,1,15.8400001525879,36.0550003051758,0.0242970008403063,0,129.699996948242,-88.2982,27.1841,9.93386904626232,63,63,63,63,61,63,0,7817,1.11627530284214,27,-88,0.001869,51,2025-07-16 11:07:26.00119,194,1.037,0.0011,"aoml_navis",1027.45185757699
"7901009",76,0,1,0.024297,1,0.001869,1,134.73504429676,1,4.86633723571678,196,1,15.7770004272461,36.0439987182617,0.0242970008403063,0,129.924697875977,-88.2982,27.1841,9.93386904626232,63,63,63,63,61,63,0,7817,1.11627530284214,27,-88,0.001869,51,2025-07-16 11:07:26.00119,196,1.037,0.0011,"aoml_navis",1027.46681082893
"7901009",76,0,1,0.024297,1,0.001869,1,134.363692950412,1,4.86624212788015,198,1,15.6750001907349,36.0279998779297,0.0242970008403063,0,129.566604614258,-88.2982,27.1841,9.93386904626232,63,63,63,63,61,63,0,7817,1.11627530284214,27,-88,0.001869,51,2025-07-16 11:07:26.00119,198,1.037,0.0011,"aoml_navis",1027.48689206267
"7901009",76,0,1,0.024297,1,0.001869,1,133.507312565874,1,4.86618442161101,200,1,15.6370000839233,36.0209999084473,0.0242970008403063,0,128.740798950195,-88.2982,27.1841,9.93386904626232,63,63,63,63,61,63,0,7817,1.11627530284214,27,-88,0.001869,51,2025-07-16 11:07:26.00119,200,1.037,0.0011,"aoml_navis",1027.49907664714
"7901009",76,0,1,0.022428,1,0,1,132.74220346844,1,4.86611009199348,202,1,15.5769996643066,36.0120010375977,0.0224280003458261,0,128.003005981445,-88.2982,27.1841,9.93386904626232,63,63,63,63,61,63,0,7817,1.11627530284214,27,-88,0.001869,51,2025-07-16 11:07:26.00119,202,1.037,0.0011,"aoml_navis",1027.51477165032
"7901009",76,0,1,0.024297,1,0.001869,1,131.792597565877,1,4.86604173734973,204,1,15.5190000534058,36.0019989013672,0.0242970008403063,0,127.087303161621,-88.2982,27.1841,9.93386904626232,63,63,63,63,61,63,0,7817,1.11627530284214,27,-88,0.001869,51,2025-07-16 11:07:26.00119,204,1.037,0.0011,"aoml_navis",1027.52920543654
"7901009",76,0,1,0.022428,1,0,1,130.856576337374,1,4.8659601101835,206,1,15.4519996643066,35.9930000305176,0.0224280003458261,0,126.184700012207,-88.2982,27.1841,9.93386904626232,63,63,63,63,61,63,0,7817,1.11627530284214,27,-88,0.001869,51,2025-07-16 11:07:26.00119,206,1.037,0.0011,"aoml_navis",1027.54644238369
"7901009",76,0,1,0.024297,1,0.001869,1,129.256448893819,1,4.86590519707525,208,1,15.4230003356934,35.9879989624023,0.0242970008403063,0,124.641700744629,-88.2982,27.1841,9.93386904626232,63,63,63,63,61,63,0,7817,1.11627530284214,27,-88,0.001869,51,2025-07-16 11:07:26.00119,208,1.037,0.0011,"aoml_navis",1027.5580385342
"7901009",76,0,4,0.01869,1,-0.003738,1,127.552826330066,1,4.86584826985506,210,1,15.3819999694824,35.9799995422363,0.0186899993568659,0,122.998901367188,-88.2982,27.1841,9.93386904626232,63,63,63,63,61,63,0,7817,1.11627530284214,27,-88,0.001869,51,2025-07-16 11:07:26.00119,210,1.037,0.0011,"aoml_navis",1027.57006028651
"7901009",76,0,1,0.028035,1,0.005607,1,126.074960953051,1,4.86579599697498,212,1,15.3520002365112,35.9739990234375,0.0280349999666214,0,121.573799133301,-88.2982,27.1841,9.93386904626232,63,63,63,63,61,63,0,7817,1.11627530284214,27,-88,0.001869,51,2025-07-16 11:07:26.00119,212,1.037,0.0011,"aoml_navis",1027.58109939431
"7901009",76,0,1,0.024297,1,0.001869,1,124.554577207719,1,4.86573297780043,214,1,15.3120002746582,35.9679985046387,0.0242970008403063,0,120.107696533203,-88.2982,27.1841,9.93386904626232,63,63,63,63,61,63,0,7817,1.11627530284214,27,-88,0.001869,51,2025-07-16 11:07:26.00119,214,1.037,0.0011,"aoml_navis",1027.59440824479
"7901009",76,0,1,0.022428,1,0,1,124.949687887906,1,4.86564649453678,216,1,15.2229995727539,35.9539985656738,0.0224280003458261,0,120.488700866699,-88.2982,27.1841,9.93386904626232,63,63,63,63,61,63,0,7817,1.11627530284214,27,-88,0.001869,51,2025-07-16 11:07:26.00119,216,1.037,0.0011,"aoml_navis",1027.61267297451
"7901009",76,0,1,0.022428,1,0,1,124.809995980391,1,4.86559161584582,218,1,15.1870002746582,35.9469985961914,0.0224280003458261,0,120.353996276855,-88.2982,27.1841,9.93386904626232,63,63,63,63,61,63,0,7817,1.11627530284214,27,-88,0.001869,51,2025-07-16 11:07:26.00119,218,1.037,0.0011,"aoml_navis",1027.62426335093
"7901009",76,0,1,0.024297,1,0.001869,1,123.755138523362,1,4.86550302108189,220,1,15.0989999771118,35.9339981079102,0.0242970008403063,0,119.336799621582,-88.2982,27.1841,9.93386904626232,63,63,63,63,61,63,0,7817,1.11627530284214,27,-88,0.001869,51,2025-07-16 11:07:26.00119,220,1.037,0.0011,"aoml_navis",1027.64297511179
"7901009",76,0,1,0.020559,1,-0.001869,1,122.494532988912,1,4.86540468356176,222,1,14.9809999465942,35.9150009155273,0.020558999851346,0,118.121200561523,-88.2982,27.1841,9.93386904626232,63,63,63,63,61,63,0,7817,1.11627530284214,27,-88,0.001869,51,2025-07-16 11:07:26.00119,222,1.037,0.0011,"aoml_navis",1027.66374540087
"7901009",76,0,1,0.028035,1,0.005607,1,122.8550055194,1,4.86531791617595,224,1,14.8940000534058,35.9020004272461,0.0280349999666214,0,118.468803405762,-88.2982,27.1841,9.93386904626232,63,63,63,63,61,63,0,7817,1.11627530284214,27,-88,0.001869,51,2025-07-16 11:07:26.00119,224,1.037,0.0011,"aoml_navis",1027.68207260954
"7901009",76,0,1,0.022428,1,0,1,123.415925177032,1,4.86524272557335,226,1,14.8280000686646,35.8919982910156,0.0224280003458261,0,119.009696960449,-88.2982,27.1841,9.93386904626232,63,63,63,63,61,63,0,7817,1.11627530284214,27,-88,0.001869,51,2025-07-16 11:07:26.00119,226,1.037,0.0011,"aoml_navis",1027.69795507187
"7901009",76,0,1,0.01869,1,-0.003738,1,123.286091454654,1,4.86515643475008,228,1,14.7340002059937,35.8769989013672,0.0186899993568659,0,118.884498596191,-88.2982,27.1841,9.93386904626232,63,63,63,63,61,63,0,7817,1.11627530284214,27,-88,0.001869,51,2025-07-16 11:07:26.00119,228,1.037,0.0011,"aoml_navis",1027.71618283161
"7901009",76,0,1,0.024297,1,0.001869,1,122.837583590291,1,4.86508902542012,230,1,14.6750001907349,35.867000579834,0.0242970008403063,0,118.452003479004,-88.2982,27.1841,9.93386904626232,63,63,63,63,61,63,0,7817,1.11627530284214,27,-88,0.001869,51,2025-07-16 11:07:26.00119,230,1.037,0.0011,"aoml_navis",1027.73042258322
"7901009",76,0,1,0.020559,1,-0.001869,1,122.79868885664,1,4.86501385053646,232,1,14.5979995727539,35.8540000915527,0.020558999851346,0,118.414497375488,-88.2982,27.1841,9.93386904626232,63,63,63,63,61,63,0,7817,1.11627530284214,27,-88,0.001869,51,2025-07-16 11:07:26.00119,232,1.037,0.0011,"aoml_navis",1027.7463032194
"7901009",76,0,1,0.031773,1,0.009345,1,123.278939127717,1,4.86493057441755,234,1,14.5129995346069,35.8409996032715,0.0317730009555817,0,118.877601623535,-88.2982,27.1841,9.93386904626232,63,63,63,63,61,63,0,7817,1.11627530284214,27,-88,0.001869,51,2025-07-16 11:07:26.00119,234,1.037,0.0011,"aoml_navis",1027.76389580824
"7901009",76,0,1,0.01869,1,-0.003738,1,123.915148102971,1,4.86486318559209,236,1,14.4569997787476,35.8320007324219,0.0186899993568659,0,119.491096496582,-88.2982,27.1841,9.93386904626232,63,63,63,63,61,63,0,7817,1.11627530284214,27,-88,0.001869,51,2025-07-16 11:07:26.00119,236,1.037,0.0011,"aoml_navis",1027.77813255019
"7901009",76,0,1,0.020559,1,-0.001869,1,124.524820679391,1,4.86482447411294,238,1,14.4530000686646,35.8300018310547,0.020558999851346,0,120.079002380371,-88.2982,27.1841,9.93386904626232,63,63,63,63,61,63,0,7817,1.11627530284214,27,-88,0.001869,51,2025-07-16 11:07:26.00119,238,1.037,0.0011,"aoml_navis",1027.78631101828
"7901009",76,0,1,0.022428,1,0,1,125.16652840157,1,4.86474995979852,240,1,14.3900003433228,35.8209991455078,0.0224280003458261,0,120.697799682617,-88.2982,27.1841,9.93386904626232,63,63,63,63,61,63,0,7817,1.11627530284214,27,-88,0.001869,51,2025-07-16 11:07:26.00119,240,1.037,0.0011,"aoml_navis",1027.80205381966
"7901009",76,0,1,0.024297,1,0.001869,1,125.023837896811,1,4.86468442411625,242,1,14.3319997787476,35.8110008239746,0.0242970008403063,0,120.560203552246,-88.2982,27.1841,9.93386904626232,63,63,63,63,61,63,0,7817,1.11627530284214,27,-88,0.001869,51,2025-07-16 11:07:26.00119,242,1.037,0.0011,"aoml_navis",1027.81590008448
"7901009",76,0,1,0.026166,1,0.003738,1,123.692191716826,1,4.8646170369165,244,1,14.2650003433228,35.798999786377,0.0261659994721413,0,119.276100158691,-88.2982,27.1841,9.93386904626232,63,63,63,63,61,63,0,7817,1.11627530284214,27,-88,0.001869,51,2025-07-16 11:07:26.00119,244,1.037,0.0011,"aoml_navis",1027.83013792373
"7901009",76,0,1,0.024297,1,0.001869,1,122.441230747129,1,4.86453897594231,246,1,14.1909999847412,35.7879981994629,0.0242970008403063,0,118.069801330566,-88.2982,27.1841,9.93386904626232,63,63,63,63,61,63,0,7817,1.11627530284214,27,-88,0.001869,51,2025-07-16 11:07:26.00119,246,1.037,0.0011,"aoml_navis",1027.84663145421
"7901009",76,0,1,0.026166,1,0.003738,1,121.202090105356,1,4.86447232909693,248,1,14.1350002288818,35.7789993286133,0.0261659994721413,0,116.874900817871,-88.2982,27.1841,9.93386904626232,63,63,63,63,61,63,0,7817,1.11627530284214,27,-88,0.001869,51,2025-07-16 11:07:26.00119,248,1.037,0.0011,"aoml_navis",1027.86071370833
"7901009",76,0,1,0.020559,1,-0.001869,1,118.845034433893,1,4.86439408293763,250,1,14.0640001296997,35.7690010070801,0.020558999851346,0,114.601997375488,-88.2982,27.1841,9.93386904626232,63,63,63,63,61,63,0,7817,1.11627530284214,27,-88,0.001869,51,2025-07-16 11:07:26.00119,250,1.037,0.0011,"aoml_navis",1027.87724735091
"7901009",76,0,1,0.020559,1,-0.001869,1,116.875731407162,1,4.86431197568059,252,1,13.9890003204346,35.7589988708496,0.020558999851346,0,112.703002929688,-88.2982,27.1841,9.93386904626232,63,63,63,63,61,63,0,7817,1.11627530284214,27,-88,0.001869,51,2025-07-16 11:07:26.00119,252,1.037,0.0011,"aoml_navis",1027.89459742669
"7901009",76,0,1,0.020559,1,-0.001869,1,116.77202266658,1,4.86426469026237,254,1,13.9729995727539,35.7560005187988,0.020558999851346,0,112.602996826172,-88.2982,27.1841,9.93386904626232,63,63,63,63,61,63,0,7817,1.11627530284214,27,-88,0.001869,51,2025-07-16 11:07:26.00119,254,1.037,0.0011,"aoml_navis",1027.90458956918
"7901009",76,0,1,0.022428,1,0,1,116.470248270544,1,4.86420143559649,256,1,13.9270000457764,35.7490005493164,0.0224280003458261,0,112.311996459961,-88.2982,27.1841,9.93386904626232,63,63,63,63,61,63,0,7817,1.11627530284214,27,-88,0.001869,51,2025-07-16 11:07:26.00119,256,1.037,0.0011,"aoml_navis",1027.91795656523
"7901009",76,0,1,0.020559,1,-0.001869,1,115.963873017669,1,4.86414844031353,258,1,13.8909997940063,35.742000579834,0.020558999851346,0,111.823699951172,-88.2982,27.1841,9.93386904626232,63,63,63,63,61,63,0,7817,1.11627530284214,27,-88,0.001869,51,2025-07-16 11:07:26.00119,258,1.037,0.0011,"aoml_navis",1027.92915581287
"7901009",76,0,1,0.016821,1,-0.005607,1,115.899889756677,1,4.864075378407,260,1,13.8280000686646,35.7330017089844,0.0168210007250309,0,111.762001037598,-88.2982,27.1841,9.93386904626232,63,63,63,63,61,63,0,7817,1.11627530284214,27,-88,0.001869,51,2025-07-16 11:07:26.00119,260,1.037,0.0011,"aoml_navis",1027.94459604726
"7901009",76,0,1,0.020559,1,-0.001869,1,115.991042365789,1,4.86401746005479,262,1,13.7869997024536,35.726001739502,0.020558999851346,0,111.849899291992,-88.2982,27.1841,9.93386904626232,63,63,63,63,61,63,0,7817,1.11627530284214,27,-88,0.001869,51,2025-07-16 11:07:26.00119,262,1.037,0.0011,"aoml_navis",1027.95683631113
"7901009",76,0,1,0.022428,1,0,1,116.685640912715,1,4.8639289934077,264,1,13.6940002441406,35.7130012512207,0.0224280003458261,0,112.51969909668,-88.2982,27.1841,9.93386904626232,63,63,63,63,61,63,0,7817,1.11627530284214,27,-88,0.001869,51,2025-07-16 11:07:26.00119,264,1.037,0.0011,"aoml_navis",1027.97553310847
"7901009",76,0,1,0.022428,1,0,1,117.607863846774,1,4.86387696766793,266,1,13.6549997329712,35.7050018310547,0.0224280003458261,0,113.408996582031,-88.2982,27.1841,9.93386904626232,63,63,63,63,61,63,0,7817,1.11627530284214,27,-88,0.001869,51,2025-07-16 11:07:26.00119,266,1.037,0.0011,"aoml_navis",1027.98652869654
"7901009",76,0,1,0.022428,1,0,1,118.449828811313,1,4.86383078098525,268,1,13.628999710083,35.6990013122559,0.0224280003458261,0,114.220901489258,-88.2982,27.1841,9.93386904626232,63,63,63,63,61,63,0,7817,1.11627530284214,27,-88,0.001869,51,2025-07-16 11:07:26.00119,268,1.037,0.0011,"aoml_navis",1027.99629040284
"7901009",76,0,1,0.026166,1,0.003738,1,119.25984566062,1,4.86376098578849,270,1,13.5539999008179,35.6860008239746,0.0261659994721413,0,115.001998901367,-88.2982,27.1841,9.93386904626232,63,63,63,63,61,63,0,7817,1.11627530284214,27,-88,0.001869,51,2025-07-16 11:07:26.00119,270,1.037,0.0011,"aoml_navis",1028.01104219751
"7901009",76,0,1,0.024297,1,0.001869,1,119.481773504174,1,4.86366342028843,272,1,13.4289999008179,35.6669998168945,0.0242970008403063,0,115.216003417969,-88.2982,27.1841,9.93386904626232,63,63,63,63,61,63,0,7817,1.11627530284214,27,-88,0.001869,51,2025-07-16 11:07:26.00119,272,1.037,0.0011,"aoml_navis",1028.03166418606
"7901009",76,0,1,0.024297,1,0.001869,1,119.313978648342,1,4.86360950047314,274,1,13.3839998245239,35.6580009460449,0.0242970008403063,0,115.05419921875,-88.2982,27.1841,9.93386904626232,63,63,63,63,61,63,0,7817,1.11627530284214,27,-88,0.001869,51,2025-07-16 11:07:26.00119,274,1.037,0.0011,"aoml_navis",1028.0430613341
"7901009",76,0,1,0.022428,1,0,1,119.148470321807,1,4.86355432161633,276,1,13.3450002670288,35.6510009765625,0.0224280003458261,0,114.894599914551,-88.2982,27.1841,9.93386904626232,63,63,63,63,61,63,0,7817,1.11627530284214,27,-88,0.001869,51,2025-07-16 11:07:26.00119,276,1.037,0.0011,"aoml_navis",1028.05472487009
"7901009",76,0,1,0.024297,1,0.001869,1,119.005566196663,1,4.86347561585069,278,1,13.2489995956421,35.6349983215332,0.0242970008403063,0,114.756797790527,-88.2982,27.1841,9.93386904626232,63,63,63,63,61,63,0,7817,1.11627530284214,27,-88,0.001869,51,2025-07-16 11:07:26.00119,278,1.037,0.0011,"aoml_navis",1028.07136190924
"7901009",76,0,1,0.022428,1,0,1,119.048812456658,1,4.86337226246312,280,1,13.1090002059937,35.6139984130859,0.0224280003458261,0,114.798500061035,-88.2982,27.1841,9.93386904626232,63,63,63,63,61,63,0,7817,1.11627530284214,27,-88,0.001869,51,2025-07-16 11:07:26.00119,280,1.037,0.0011,"aoml_navis",1028.0932098477
"7901009",76,0,1,0.026166,1,0.003738,1,119.101283952503,1,4.86330315885903,282,1,13.0329999923706,35.601001739502,0.0261659994721413,0,114.849098205566,-88.2982,27.1841,9.93386904626232,63,63,63,63,61,63,0,7817,1.11627530284214,27,-88,0.001869,51,2025-07-16 11:07:26.00119,282,1.037,0.0011,"aoml_navis",1028.10781822062
"7901009",76,0,1,0.028035,1,0.005607,1,119.20851347349,1,4.86322650484467,284,1,12.9490003585815,35.5880012512207,0.0280349999666214,0,114.952499389648,-88.2982,27.1841,9.93386904626232,63,63,63,63,61,63,0,7817,1.11627530284214,27,-88,0.001869,51,2025-07-16 11:07:26.00119,284,1.037,0.0011,"aoml_navis",1028.12402322184
"7901009",76,0,1,0.026166,1,0.003738,1,119.409284987146,1,4.86315113023203,286,1,12.8660001754761,35.5750007629395,0.0261659994721413,0,115.146102905273,-88.2982,27.1841,9.93386904626232,63,63,63,63,61,63,0,7817,1.11627530284214,27,-88,0.001869,51,2025-07-16 11:07:26.00119,286,1.037,0.0011,"aoml_navis",1028.13995824996
"7901009",76,0,1,0.026166,1,0.003738,1,119.523666835069,1,4.86309439828873,288,1,12.8170003890991,35.5660018920898,0.0261659994721413,0,115.256401062012,-88.2982,27.1841,9.93386904626232,63,63,63,63,61,63,0,7817,1.11627530284214,27,-88,0.001869,51,2025-07-16 11:07:26.00119,288,1.037,0.0011,"aoml_navis",1028.15195233707
"7901009",76,0,1,0.024297,1,0.001869,1,119.60569706259,1,4.86304274416459,290,1,12.7919998168945,35.5620002746582,0.0242970008403063,0,115.335502624512,-88.2982,27.1841,9.93386904626232,63,63,63,63,61,63,0,7817,1.11627530284214,27,-88,0.001869,51,2025-07-16 11:07:26.00119,290,1.037,0.0011,"aoml_navis",1028.16287313118
"7901009",76,0,1,0.024297,1,0.001869,1,119.910477967738,1,4.86298112425417,292,1,12.7340002059937,35.5519981384277,0.0242970008403063,0,115.629402160645,-88.2982,27.1841,9.93386904626232,63,63,63,63,61,63,0,7817,1.11627530284214,27,-88,0.001869,51,2025-07-16 11:07:26.00119,292,1.037,0.0011,"aoml_navis",1028.17590121056
"7901009",76,0,1,0.028035,1,0.005607,1,120.002769885565,1,4.86291963249509,294,1,12.6759996414185,35.5419998168945,0.0280349999666214,0,115.718399047852,-88.2982,27.1841,9.93386904626232,63,63,63,63,61,63,0,7817,1.11627530284214,27,-88,0.001869,51,2025-07-16 11:07:26.00119,294,1.037,0.0011,"aoml_navis",1028.18890252451
"7901009",76,0,1,0.022428,1,0,1,119.920019678231,1,4.86285501046533,296,1,12.6260004043579,35.5349998474121,0.0224280003458261,0,115.638603210449,-88.2982,27.1841,9.93386904626232,63,63,63,63,61,63,0,7817,1.11627530284214,27,-88,0.001869,51,2025-07-16 11:07:26.00119,296,1.037,0.0011,"aoml_navis",1028.20256603158
"7901009",76,0,1,0.022428,1,0,1,119.7989918628,1,4.86279607113297,298,1,12.5780000686646,35.5270004272461,0.0224280003458261,0,115.521896362305,-88.2982,27.1841,9.93386904626232,63,63,63,63,61,63,0,7817,1.11627530284214,27,-88,0.001869,51,2025-07-16 11:07:26.00119,298,1.037,0.0011,"aoml_navis",1028.21502832116
"7901009",76,0,1,0.020559,1,-0.001869,1,119.831351395068,1,4.86274141681274,300,1,12.5419998168945,35.5209999084473,0.020558999851346,0,115.553100585938,-88.2982,27.1841,9.93386904626232,63,63,63,63,61,63,0,7817,1.11627530284214,27,-88,0.001869,51,2025-07-16 11:07:26.00119,300,1.037,0.0011,"aoml_navis",1028.2265848463
"7901009",76,0,1,0.020559,1,-0.001869,1,119.809989356651,1,4.86269594540293,302,1,12.5270004272461,35.5180015563965,0.020558999851346,0,115.532501220703,-88.2982,27.1841,9.93386904626232,63,63,63,63,61,63,0,7817,1.11627530284214,27,-88,0.001869,51,2025-07-16 11:07:26.00119,302,1.037,0.0011,"aoml_navis",1028.23619986499
"7901009",76,0,1,0.022428,1,0,1,119.637945828734,1,4.86263449628427,304,1,12.4799995422363,35.5110015869141,0.0224280003458261,0,115.366600036621,-88.2982,27.1841,9.93386904626232,63,63,63,63,61,63,0,7817,1.11627530284214,27,-88,0.001869,51,2025-07-16 11:07:26.00119,304,1.037,0.0011,"aoml_navis",1028.24919368723
"7901009",76,0,1,0.022428,1,0,1,119.382321347544,1,4.86257027682938,306,1,12.4300003051758,35.5040016174316,0.0224280003458261,0,115.120101928711,-88.2982,27.1841,9.93386904626232,63,63,63,63,61,63,0,7817,1.11627530284214,27,-88,0.001869,51,2025-07-16 11:07:26.00119,306,1.037,0.0011,"aoml_navis",1028.26277366632
"7901009",76,0,1,0.020559,1,-0.001869,1,119.075673242001,1,4.86251774300214,308,1,12.3959999084473,35.4980010986328,0.020558999851346,0,114.824401855469,-88.2982,27.1841,9.93386904626232,63,63,63,63,61,63,0,7817,1.11627530284214,27,-88,0.001869,51,2025-07-16 11:07:26.00119,308,1.037,0.0011,"aoml_navis",1028.2738828451
"7901009",76,0,1,0.024297,1,0.001869,1,118.633067629734,1,4.86245969295286,310,1,12.3599996566772,35.4930000305176,0.0242970008403063,0,114.397598266602,-88.2982,27.1841,9.93386904626232,63,63,63,63,61,63,0,7817,1.11627530284214,27,-88,0.001869,51,2025-07-16 11:07:26.00119,310,1.037,0.0011,"aoml_navis",1028.28615880281
"7901009",76,0,1,0.024297,1,0.001869,1,117.837466200426,1,4.86240725547434,312,1,12.326000213623,35.4869995117188,0.0242970008403063,0,113.630401611328,-88.2982,27.1841,9.93386904626232,63,63,63,63,61,63,0,7817,1.11627530284214,27,-88,0.001869,51,2025-07-16 11:07:26.00119,312,1.037,0.0011,"aoml_navis",1028.29724811116
"7901009",76,0,1,0.026166,1,0.003738,1,117.000897128553,1,4.86234822426986,314,1,12.2849998474121,35.4809989929199,0.0261659994721413,0,112.823699951172,-88.2982,27.1841,9.93386904626232,63,63,63,63,61,63,0,7817,1.11627530284214,27,-88,0.001869,51,2025-07-16 11:07:26.00119,314,1.037,0.0011,"aoml_navis",1028.30973212553
"7901009",76,0,1,0.024297,1,0.001869,1,117.44899357588,1,4.86226525199276,316,1,12.2069997787476,35.4720001220703,0.0242970008403063,0,113.255798339844,-88.2982,27.1841,9.93386904626232,63,63,63,63,61,63,0,7817,1.11627530284214,27,-88,0.001869,51,2025-07-16 11:07:26.00119,316,1.037,0.0011,"aoml_navis",1028.32727974904
"7901009",76,0,1,0.028035,1,0.005607,1,118.148885161214,1,4.86219699454789,318,1,12.121000289917,35.4570007324219,0.0280349999666214,0,113.930702209473,-88.2982,27.1841,9.93386904626232,63,63,63,63,61,63,0,7817,1.11627530284214,27,-88,0.001869,51,2025-07-16 11:07:26.00119,318,1.037,0.0011,"aoml_navis",1028.3417158142
"7901009",76,0,1,0.022428,1,0,1,118.250821643794,1,4.86214874878702,320,1,12.0950002670288,35.4519996643066,0.0224280003458261,0,114.028999328613,-88.2982,27.1841,9.93386904626232,63,63,63,63,61,63,0,7817,1.11627530284214,27,-88,0.001869,51,2025-07-16 11:07:26.00119,320,1.037,0.0011,"aoml_navis",1028.35191976539
"7901009",76,0,1,0.020559,1,-0.001869,1,118.204774583206,1,4.86210841673646,322,1,12.0930004119873,35.451000213623,0.020558999851346,0,113.984596252441,-88.2982,27.1841,9.93386904626232,63,63,63,63,61,63,0,7817,1.11627530284214,27,-88,0.001869,51,2025-07-16 11:07:26.00119,322,1.037,0.0011,"aoml_navis",1028.36045012672
"7901009",76,0,1,0.022428,1,0,1,118.234333314882,1,4.86207174671919,324,1,12.0909996032715,35.4490013122559,0.0224280003458261,0,114.01309967041,-88.2982,27.1841,9.93386904626232,63,63,63,63,61,63,0,7817,1.11627530284214,27,-88,0.001869,51,2025-07-16 11:07:26.00119,324,1.037,0.0011,"aoml_navis",1028.36820607879
"7901009",76,0,1,0.024297,1,0.001869,1,118.278616029334,1,4.86200236686742,326,1,12.0190000534058,35.4379997253418,0.0242970008403063,0,114.055801391602,-88.2982,27.1841,9.93386904626232,63,63,63,63,61,63,0,7817,1.11627530284214,27,-88,0.001869,51,2025-07-16 11:07:26.00119,326,1.037,0.0011,"aoml_navis",1028.38288069808
"7901009",76,0,1,0.024297,1,0.001869,1,118.065818479237,1,4.86193723288583,328,1,11.9670000076294,35.4309997558594,0.0242970008403063,0,113.850601196289,-88.2982,27.1841,9.93386904626232,63,63,63,63,61,63,0,7817,1.11627530284214,27,-88,0.001869,51,2025-07-16 11:07:26.00119,328,1.037,0.0011,"aoml_navis",1028.3966576492
"7901009",76,0,1,0.026166,1,0.003738,1,117.725877241228,1,4.86188274012686,330,1,11.9420003890991,35.4280014038086,0.0261659994721413,0,113.522796630859,-88.2982,27.1841,9.93386904626232,63,63,63,63,61,63,0,7817,1.11627530284214,27,-88,0.001869,51,2025-07-16 11:07:26.00119,330,1.037,0.0011,"aoml_navis",1028.40818408334
"7901009",76,0,1,0.028035,1,0.005607,1,117.262226065187,1,4.86184134451485,332,1,11.9309997558594,35.4249992370605,0.0280349999666214,0,113.075698852539,-88.2982,27.1841,9.93386904626232,63,63,63,63,61,63,0,7817,1.11627530284214,27,-88,0.001869,51,2025-07-16 11:07:26.00119,332,1.037,0.0011,"aoml_navis",1028.41694035142
"7901009",76,0,1,0.024297,1,0.001869,1,116.920939809945,1,4.86178215970763,334,1,11.8970003128052,35.4210014343262,0.0242970008403063,0,112.746597290039,-88.2982,27.1841,9.93386904626232,63,63,63,63,61,63,0,7817,1.11627530284214,27,-88,0.001869,51,2025-07-16 11:07:26.00119,334,1.037,0.0011,"aoml_navis",1028.42945976433
"7901009",76,0,1,0.026166,1,0.003738,1,116.897813425392,1,4.86171631203279,336,1,11.8400001525879,35.4129981994629,0.0261659994721413,0,112.724296569824,-88.2982,27.1841,9.93386904626232,63,63,63,63,61,63,0,7817,1.11627530284214,27,-88,0.001869,51,2025-07-16 11:07:26.00119,336,1.037,0.0011,"aoml_navis",1028.44338893756
"7901009",76,0,1,0.026166,1,0.003738,1,116.639910326771,1,4.86166560401692,338,1,11.8149995803833,35.4090003967285,0.0261659994721413,0,112.475601196289,-88.2982,27.1841,9.93386904626232,63,63,63,63,61,63,0,7817,1.11627530284214,27,-88,0.001869,51,2025-07-16 11:07:26.00119,338,1.037,0.0011,"aoml_navis",1028.45411578056
"7901009",76,0,1,0.026166,1,0.003738,1,116.360534423607,1,4.86160831398661,340,1,11.7709999084473,35.4020004272461,0.0261659994721413,0,112.206199645996,-88.2982,27.1841,9.93386904626232,63,63,63,63,61,63,0,7817,1.11627530284214,27,-88,0.001869,51,2025-07-16 11:07:26.00119,340,1.037,0.0011,"aoml_navis",1028.46623526113
"7901009",76,0,1,0.026166,1,0.003738,1,116.122229017267,1,4.86154097153105,342,1,11.7200002670288,35.3959999084473,0.0261659994721413,0,111.976402282715,-88.2982,27.1841,9.93386904626232,63,63,63,63,61,63,0,7817,1.11627530284214,27,-88,0.001869,51,2025-07-16 11:07:26.00119,342,1.037,0.0011,"aoml_navis",1028.48048165793
"7901009",76,0,1,0.028035,1,0.005607,1,115.785088579851,1,4.86149502931252,344,1,11.7040004730225,35.3930015563965,0.0280349999666214,0,111.651298522949,-88.2982,27.1841,9.93386904626232,63,63,63,63,61,63,0,7817,1.11627530284214,27,-88,0.001869,51,2025-07-16 11:07:26.00119,344,1.037,0.0011,"aoml_navis",1028.49020102918
"7901009",76,0,4,0.020559,1,-0.001869,1,115.656916349349,1,4.86143335458648,346,1,11.6590003967285,35.3870010375977,0.020558999851346,0,111.527702331543,-88.2982,27.1841,9.93386904626232,63,63,63,63,61,63,0,7817,1.11627530284214,27,-88,0.001869,51,2025-07-16 11:07:26.00119,346,1.037,0.0011,"aoml_navis",1028.50324900223
"7901009",76,0,1,0.024297,1,0.001869,1,115.571460283815,1,4.86138189950633,348,1,11.628999710083,35.3819999694824,0.0242970008403063,0,111.445297241211,-88.2982,27.1841,9.93386904626232,63,63,63,63,61,63,0,7817,1.11627530284214,27,-88,0.001869,51,2025-07-16 11:07:26.00119,348,1.037,0.0011,"aoml_navis",1028.51413514905
"7901009",76,0,1,0.026166,1,0.003738,1,115.505712676687,1,4.86132035446494,350,1,11.5799999237061,35.375,0.0261659994721413,0,111.381896972656,-88.2982,27.1841,9.93386904626232,63,63,63,63,61,63,0,7817,1.11627530284214,27,-88,0.001869,51,2025-07-16 11:07:26.00119,350,1.037,0.0011,"aoml_navis",1028.52715629154
"7901009",76,0,1,0.028035,1,0.005607,1,115.505506968169,1,4.86125158832626,352,1,11.5150003433228,35.3660011291504,0.0280349999666214,0,111.381698608398,-88.2982,27.1841,9.93386904626232,63,63,63,63,61,63,0,7817,1.11627530284214,27,-88,0.001869,51,2025-07-16 11:07:26.00119,352,1.037,0.0011,"aoml_navis",1028.54170559839
"7901009",76,0,1,0.028035,1,0.005607,1,115.403048302429,1,4.86120761659468,354,1,11.4969997406006,35.3619995117188,0.0280349999666214,0,111.282897949219,-88.2982,27.1841,9.93386904626232,63,63,63,63,61,63,0,7817,1.11627530284214,27,-88,0.001869,51,2025-07-16 11:07:26.00119,354,1.037,0.0011,"aoml_navis",1028.55100920428
"7901009",76,0,1,0.026166,1,0.003738,1,115.353171898658,1,4.86114815409302,356,1,11.4540004730225,35.3559989929199,0.0261659994721413,0,111.234802246094,-88.2982,27.1841,9.93386904626232,63,63,63,63,61,63,0,7817,1.11627530284214,27,-88,0.001869,51,2025-07-16 11:07:26.00119,356,1.037,0.0011,"aoml_navis",1028.56359063858
"7901009",76,0,1,0.022428,1,0,1,115.17749682421,1,4.86110966837769,358,1,11.4460000991821,35.3530006408691,0.0224280003458261,0,111.065399169922,-88.2982,27.1841,9.93386904626232,63,63,63,63,61,63,0,7817,1.11627530284214,27,-88,0.001869,51,2025-07-16 11:07:26.00119,358,1.037,0.0011,"aoml_navis",1028.57173384213
"7901009",76,0,1,0.028035,1,0.005607,1,115.230593357475,1,4.86102325690006,360,1,11.3409996032715,35.3390007019043,0.0280349999666214,0,111.116600036621,-88.2982,27.1841,9.93386904626232,63,63,63,63,61,63,0,7817,1.11627530284214,27,-88,0.001869,51,2025-07-16 11:07:26.00119,360,1.037,0.0011,"aoml_navis",1028.59001814128
"7901009",76,0,1,0.024297,1,0.001869,1,115.42026452302,1,4.86095521623868,362,1,11.2720003128052,35.3289985656738,0.0242970008403063,0,111.299499511719,-88.2982,27.1841,9.93386904626232,63,63,63,63,61,63,0,7817,1.11627530284214,27,-88,0.001869,51,2025-07-16 11:07:26.00119,362,1.037,0.0011,"aoml_navis",1028.60441571171
"7901009",76,0,1,0.026166,1,0.003738,1,115.466825854902,1,4.86090151149472,364,1,11.2390003204346,35.3240013122559,0.0261659994721413,0,111.344398498535,-88.2982,27.1841,9.93386904626232,63,63,63,63,61,63,0,7817,1.11627530284214,27,-88,0.001869,51,2025-07-16 11:07:26.00119,364,1.037,0.0011,"aoml_navis",1028.61578005157
"7901009",76,0,1,0.026166,1,0.003738,1,115.385729227579,1,4.86086038370509,366,1,11.2279996871948,35.3209991455078,0.0261659994721413,0,111.26619720459,-88.2982,27.1841,9.93386904626232,63,63,63,63,61,63,0,7817,1.11627530284214,27,-88,0.001869,51,2025-07-16 11:07:26.00119,366,1.037,0.0011,"aoml_navis",1028.62448318025
"7901009",76,0,1,0.028035,1,0.005607,1,115.290636509159,1,4.86081143873932,368,1,11.1879997253418,35.3129997253418,0.0280349999666214,0,111.174499511719,-88.2982,27.1841,9.93386904626232,63,63,63,63,61,63,0,7817,1.11627530284214,27,-88,0.001869,51,2025-07-16 11:07:26.00119,368,1.037,0.0011,"aoml_navis",1028.63484070815
"7901009",76,0,1,0.028035,1,0.005607,1,115.305051929157,1,4.8607305372698,370,1,11.0959997177124,35.3009986877441,0.0280349999666214,0,111.188400268555,-88.2982,27.1841,9.93386904626232,63,63,63,63,61,63,0,7817,1.11627530284214,27,-88,0.001869,51,2025-07-16 11:07:26.00119,370,1.037,0.0011,"aoml_navis",1028.65196119438
"7901009",76,0,1,0.024297,1,0.001869,1,115.447022454103,1,4.86066062442431,372,1,11.0200004577637,35.2900009155273,0.0242970008403063,0,111.325302124023,-88.2982,27.1841,9.93386904626232,63,63,63,63,61,63,0,7817,1.11627530284214,27,-88,0.001869,51,2025-07-16 11:07:26.00119,372,1.037,0.0011,"aoml_navis",1028.66675671112
"7901009",76,0,1,0.022428,1,0,1,115.534543516684,1,4.86059532579156,374,1,10.9530000686646,35.2799987792969,0.0224280003458261,0,111.409698486328,-88.2982,27.1841,9.93386904626232,63,63,63,63,61,63,0,7817,1.11627530284214,27,-88,0.001869,51,2025-07-16 11:07:26.00119,374,1.037,0.0011,"aoml_navis",1028.68057611559
"7901009",76,0,1,0.022428,1,0,1,115.713122245984,1,4.86052766820519,376,1,10.878999710083,35.2690010070801,0.0224280003458261,0,111.581901550293,-88.2982,27.1841,9.93386904626232,63,63,63,63,61,63,0,7817,1.11627530284214,27,-88,0.001869,51,2025-07-16 11:07:26.00119,376,1.037,0.0011,"aoml_navis",1028.69489514629
"7901009",76,0,1,0.024297,1,0.001869,1,115.81060434796,1,4.86046680444352,378,1,10.8290004730225,35.2620010375977,0.0242970008403063,0,111.675903320312,-88.2982,27.1841,9.93386904626232,63,63,63,63,61,63,0,7817,1.11627530284214,27,-88,0.001869,51,2025-07-16 11:07:26.00119,378,1.037,0.0011,"aoml_navis",1028.70777667464
"7901009",76,0,1,0.024297,1,0.001869,1,115.837045804401,1,4.86042065749188,380,1,10.8079996109009,35.257999420166,0.0242970008403063,0,111.701400756836,-88.2982,27.1841,9.93386904626232,63,63,63,63,61,63,0,7817,1.11627530284214,27,-88,0.001869,51,2025-07-16 11:07:26.00119,380,1.037,0.0011,"aoml_navis",1028.71754367453
"7901009",76,0,1,0.029904,1,0.007476,1,115.828540548364,1,4.86037172892522,382,1,10.7880001068115,35.2550010681152,0.0299040004611015,0,111.693199157715,-88.2982,27.1841,9.93386904626232,63,63,63,63,61,63,0,7817,1.11627530284214,27,-88,0.001869,51,2025-07-16 11:07:26.00119,382,1.037,0.0011,"aoml_navis",1028.72789960567
"7901009",76,0,1,0.026166,1,0.003738,1,115.822938947179,1,4.86032518765372,384,1,10.7790002822876,35.2540016174316,0.0261659994721413,0,111.687797546387,-88.2982,27.1841,9.93386904626232,63,63,63,63,61,63,0,7817,1.11627530284214,27,-88,0.001869,51,2025-07-16 11:07:26.00119,384,1.037,0.0011,"aoml_navis",1028.73775044951
"7901009",76,0,1,0.026166,1,0.003738,1,115.732411375488,1,4.86028572657802,386,1,10.7779998779297,35.2529983520508,0.0261659994721413,0,111.60050201416,-88.2982,27.1841,9.93386904626232,63,63,63,63,61,63,0,7817,1.11627530284214,27,-88,0.001869,51,2025-07-16 11:07:26.00119,386,1.037,0.0011,"aoml_navis",1028.74610285934
"7901009",76,0,1,0.026166,1,0.003738,1,115.747032504004,1,4.86023946547436,388,1,10.7609996795654,35.25,0.0261659994721413,0,111.614601135254,-88.2982,27.1841,9.93386904626232,63,63,63,63,61,63,0,7817,1.11627530284214,27,-88,0.001869,51,2025-07-16 11:07:26.00119,388,1.037,0.0011,"aoml_navis",1028.75589474931
"7901009",76,0,1,0.026166,1,0.003738,1,115.743298103214,1,4.86018690170595,390,1,10.7410001754761,35.2480010986328,0.0261659994721413,0,111.611000061035,-88.2982,27.1841,9.93386904626232,63,63,63,63,61,63,0,7817,1.11627530284214,27,-88,0.001869,51,2025-07-16 11:07:26.00119,390,1.037,0.0011,"aoml_navis",1028.76702092361
"7901009",76,0,1,0.022428,1,0,1,115.729816283413,1,4.86014141487538,392,1,10.7290000915527,35.2459983825684,0.0224280003458261,0,111.597999572754,-88.2982,27.1841,9.93386904626232,63,63,63,63,61,63,0,7817,1.11627530284214,27,-88,0.001869,51,2025-07-16 11:07:26.00119,392,1.037,0.0011,"aoml_navis",1028.77664931653
"7901009",76,0,1,0.024297,1,0.001869,1,115.72338393629,1,4.86009415785059,394,1,10.7150001525879,35.2439994812012,0.0242970008403063,0,111.591796875,-88.2982,27.1841,9.93386904626232,63,63,63,63,61,63,0,7817,1.11627530284214,27,-88,0.001869,51,2025-07-16 11:07:26.00119,394,1.037,0.0011,"aoml_navis",1028.78665260495
"7901009",76,0,1,0.024297,1,0.001869,1,115.702338372516,1,4.86004793590603,396,1,10.6979999542236,35.2410011291504,0.0242970008403063,0,111.571502685547,-88.2982,27.1841,9.93386904626232,63,63,63,63,61,63,0,7817,1.11627530284214,27,-88,0.001869,51,2025-07-16 11:07:26.00119,396,1.037,0.0011,"aoml_navis",1028.7964369775
"7901009",76,0,1,0.029904,1,0.007476,1,115.648822510349,1,4.85999878507817,398,1,10.6859998703003,35.2400016784668,0.0299040004611015,0,111.519897460938,-88.2982,27.1841,9.93386904626232,63,63,63,63,61,63,0,7817,1.11627530284214,27,-88,0.001869,51,2025-07-16 11:07:26.00119,398,1.037,0.0011,"aoml_navis",1028.8068415473
"7901009",76,0,1,0.026166,1,0.003738,1,115.587640049949,1,4.85995420189261,400,1,10.6750001907349,35.2379989624023,0.0261659994721413,0,111.460899353027,-88.2982,27.1841,9.93386904626232,63,63,63,63,61,63,0,7817,1.11627530284214,27,-88,0.001869,51,2025-07-16 11:07:26.00119,400,1.037,0.0011,"aoml_navis",1028.81627939063
"7901009",76,0,1,0.028035,1,0.005607,1,115.497001712133,1,4.85990433584581,402,1,10.6579999923706,35.2360000610352,0.0280349999666214,0,111.373497009277,-88.2982,27.1841,9.93386904626232,63,63,63,63,61,63,0,7817,1.11627530284214,27,-88,0.001869,51,2025-07-16 11:07:26.00119,402,1.037,0.0011,"aoml_navis",1028.82683577141
"7901009",76,0,1,0.026166,1,0.003738,1,115.406371286182,1,4.85985959455506,404,1,10.6510000228882,35.2350006103516,0.0261659994721413,0,111.286102294922,-88.2982,27.1841,9.93386904626232,63,63,63,63,61,63,0,7817,1.11627530284214,27,-88,0.001869,51,2025-07-16 11:07:26.00119,404,1.037,0.0011,"aoml_navis",1028.83630745258
"7901009",76,0,1,0.026166,1,0.003738,1,115.288144271344,1,4.85981485567171,406,1,10.6440000534058,35.234001159668,0.0261659994721413,0,111.172096252441,-88.2982,27.1841,9.93386904626232,63,63,63,63,61,63,0,7817,1.11627530284214,27,-88,0.001869,51,2025-07-16 11:07:26.00119,406,1.037,0.0011,"aoml_navis",1028.84577879848
"7901009",76,0,1,0.028035,1,0.005607,1,115.152922568164,1,4.85976502236422,408,1,10.6269998550415,35.2319984436035,0.0280349999666214,0,111.041702270508,-88.2982,27.1841,9.93386904626232,63,63,63,63,61,63,0,7817,1.11627530284214,27,-88,0.001869,51,2025-07-16 11:07:26.00119,408,1.037,0.0011,"aoml_navis",1028.85632885344
"7901009",76,0,1,0.031773,1,0.009345,1,114.87302448184,1,4.85972132598112,410,1,10.6169996261597,35.2299995422363,0.0317730009555817,0,110.771797180176,-88.2982,27.1841,9.93386904626232,63,63,63,63,61,63,0,7817,1.11627530284214,27,-88,0.001869,51,2025-07-16 11:07:26.00119,410,1.037,0.0011,"aoml_navis",1028.86557985721
"7901009",76,0,4,0.020559,1,-0.001869,1,114.483001131542,1,4.85967292795709,412,1,10.6099996566772,35.2299995422363,0.020558999851346,0,110.395698547363,-88.2982,27.1841,9.93386904626232,63,63,63,63,61,63,0,7817,1.11627530284214,27,-88,0.001869,51,2025-07-16 11:07:26.00119,412,1.037,0.0011,"aoml_navis",1028.87582644413
"7901009",76,0,1,0.028035,1,0.005607,1,114.283479692728,1,4.85961609091397,414,1,10.585000038147,35.2280006408691,0.0280349999666214,0,110.203300476074,-88.2982,27.1841,9.93386904626232,63,63,63,63,61,63,0,7817,1.11627530284214,27,-88,0.001869,51,2025-07-16 11:07:26.00119,414,1.037,0.0011,"aoml_navis",1028.88785995843
"7901009",76,0,1,0.028035,1,0.005607,1,114.074416543421,1,4.85956208494051,416,1,10.5590000152588,35.2249984741211,0.0280349999666214,0,110.00170135498,-88.2982,27.1841,9.93386904626232,63,63,63,63,61,63,0,7817,1.11627530284214,27,-88,0.001869,51,2025-07-16 11:07:26.00119,416,1.037,0.0011,"aoml_navis",1028.89929434068
"7901009",76,0,1,0.026166,1,0.003738,1,113.873850738284,1,4.85950983916099,418,1,10.5349998474121,35.2220001220703,0.0261659994721413,0,109.808296203613,-88.2982,27.1841,9.93386904626232,63,63,63,63,61,63,0,7817,1.11627530284214,27,-88,0.001869,51,2025-07-16 11:07:26.00119,418,1.037,0.0011,"aoml_navis",1028.91035628879
"7901009",76,0,1,0.029904,1,0.007476,1,113.638551841054,1,4.8594562388586,420,1,10.5010004043579,35.2169990539551,0.0299040004611015,0,109.581398010254,-88.2982,27.1841,9.93386904626232,63,63,63,63,61,63,0,7817,1.11627530284214,27,-88,0.001869,51,2025-07-16 11:07:26.00119,420,1.037,0.0011,"aoml_navis",1028.9217052759
"7901009",76,0,1,0.028035,1,0.005607,1,113.383235922641,1,4.8593922196189,422,1,10.4549999237061,35.2120018005371,0.0280349999666214,0,109.33519744873,-88.2982,27.1841,9.93386904626232,63,63,63,63,61,63,0,7817,1.11627530284214,27,-88,0.001869,51,2025-07-16 11:07:26.00119,422,1.037,0.0011,"aoml_navis",1028.93526063063
"7901009",76,0,1,0.024297,1,0.001869,1,113.22954792403,1,4.85931894937521,424,1,10.3940000534058,35.2060012817383,0.0242970008403063,0,109.186996459961,-88.2982,27.1841,9.93386904626232,63,63,63,63,61,63,0,7817,1.11627530284214,27,-88,0.001869,51,2025-07-16 11:07:26.00119,424,1.037,0.0011,"aoml_navis",1028.95077521982
"7901009",76,0,1,0.028035,1,0.005607,1,113.038840304029,1,4.85926661804658,426,1,10.3570003509521,35.2000007629395,0.0280349999666214,0,109.00309753418,-88.2982,27.1841,9.93386904626232,63,63,63,63,61,63,0,7817,1.11627530284214,27,-88,0.001869,51,2025-07-16 11:07:26.00119,426,1.037,0.0011,"aoml_navis",1028.96185639017
"7901009",76,0,1,0.029904,1,0.007476,1,112.863790267001,1,4.85921759194736,428,1,10.3280000686646,35.1949996948242,0.0299040004611015,0,108.834297180176,-88.2982,27.1841,9.93386904626232,63,63,63,63,61,63,0,7817,1.11627530284214,27,-88,0.001869,51,2025-07-16 11:07:26.00119,428,1.037,0.0011,"aoml_navis",1028.97223789401
"7901009",76,0,1,0.029904,1,0.007476,1,112.810590879477,1,4.85914681884515,430,1,10.2609996795654,35.1870002746582,0.0299040004611015,0,108.782997131348,-88.2982,27.1841,9.93386904626232,63,63,63,63,61,63,0,7817,1.11627530284214,27,-88,0.001869,51,2025-07-16 11:07:26.00119,430,1.037,0.0011,"aoml_navis",1028.98722479604
"7901009",76,0,1,0.026166,1,0.003738,1,112.704294958687,1,4.85908070115559,432,1,10.2119998931885,35.181999206543,0.0261659994721413,0,108.68049621582,-88.2982,27.1841,9.93386904626232,63,63,63,63,61,63,0,7817,1.11627530284214,27,-88,0.001869,51,2025-07-16 11:07:26.00119,432,1.037,0.0011,"aoml_navis",1029.001226263
"7901009",76,0,1,0.028035,1,0.005607,1,112.563471654323,1,4.85901688185358,434,1,10.1569995880127,35.1749992370605,0.0280349999666214,0,108.544700622559,-88.2982,27.1841,9.93386904626232,63,63,63,63,61,63,0,7817,1.11627530284214,27,-88,0.001869,51,2025-07-16 11:07:26.00119,434,1.037,0.0011,"aoml_navis",1029.01474137144
"7901009",76,0,4,0.022428,1,0,1,112.568859635124,1,4.85895123280239,436,1,10.1040000915527,35.1689987182617,0.0224280003458261,0,108.549896240234,-88.2982,27.1841,9.93386904626232,63,63,63,63,61,63,0,7817,1.11627530284214,27,-88,0.001869,51,2025-07-16 11:07:26.00119,436,1.037,0.0011,"aoml_navis",1029.02864433901
"7901009",76,0,1,0.028035,1,0.005607,1,112.643215352547,1,4.85890447381549,438,1,10.0729999542236,35.1629981994629,0.0280349999666214,0,108.621597290039,-88.2982,27.1841,9.93386904626232,63,63,63,63,61,63,0,7817,1.11627530284214,27,-88,0.001869,51,2025-07-16 11:07:26.00119,438,1.037,0.0011,"aoml_navis",1029.03854705209
"7901009",76,0,1,0.029904,1,0.007476,1,112.774402004025,1,4.85884666390657,440,1,10.0290002822876,35.1570014953613,0.0299040004611015,0,108.748100280762,-88.2982,27.1841,9.93386904626232,63,63,63,63,61,63,0,7817,1.11627530284214,27,-88,0.001869,51,2025-07-16 11:07:26.00119,440,1.037,0.0011,"aoml_navis",1029.05079041534
"7901009",76,0,1,0.026166,1,0.003738,1,113.015096793922,1,4.85878697738319,442,1,9.98700046539307,35.1520004272461,0.0261659994721413,0,108.980201721191,-88.2982,27.1841,9.93386904626232,63,63,63,63,61,63,0,7817,1.11627530284214,27,-88,0.001869,51,2025-07-16 11:07:26.00119,442,1.037,0.0011,"aoml_navis",1029.06343152604
"7901009",76,0,1,0.033642,1,0.011214,1,113.10116998501,1,4.85873330139413,444,1,9.95199966430664,35.1469993591309,0.0336420014500618,0,109.063201904297,-88.2982,27.1841,9.93386904626232,63,63,63,63,61,63,0,7817,1.11627530284214,27,-88,0.001869,51,2025-07-16 11:07:26.00119,444,1.037,0.0011,"aoml_navis",1029.07479992066
"7901009",76,0,1,0.026166,1,0.003738,1,112.93068509471,1,4.85867742258219,446,1,9.90999984741211,35.140998840332,0.0261659994721413,0,108.898803710938,-88.2982,27.1841,9.93386904626232,63,63,63,63,61,63,0,7817,1.11627530284214,27,-88,0.001869,51,2025-07-16 11:07:26.00119,446,1.037,0.0011,"aoml_navis",1029.08663513263
"7901009",76,0,1,0.026166,1,0.003738,1,112.269268914125,1,4.85861539742669,448,1,9.86499977111816,35.1360015869141,0.0261659994721413,0,108.261001586914,-88.2982,27.1841,9.93386904626232,63,63,63,63,61,63,0,7817,1.11627530284214,27,-88,0.001869,51,2025-07-16 11:07:26.00119,448,1.037,0.0011,"aoml_navis",1029.09977246773
"7901009",76,0,1,0.028035,1,0.005607,1,111.107387644626,1,4.85855895321334,450,1,9.85700035095215,35.1380004882812,0.0280349999666214,0,107.140602111816,-88.2982,27.1841,9.93386904626232,63,63,63,63,61,63,0,7817,1.11627530284214,27,-88,0.001869,51,2025-07-16 11:07:26.00119,450,1.037,0.0011,"aoml_navis",1029.11172801415
"7901009",76,0,1,0.028035,1,0.005607,1,110.503941706812,1,4.85850554353304,452,1,9.86999988555908,35.1440010070801,0.0280349999666214,0,106.558700561523,-88.2982,27.1841,9.93386904626232,63,63,63,63,61,63,0,7817,1.11627530284214,27,-88,0.001869,51,2025-07-16 11:07:26.00119,452,1.037,0.0011,"aoml_navis",1029.12304106667
"7901009",76,0,1,0.028035,1,0.005607,1,110.519907852562,1,4.85845058958419,454,1,9.84200000762939,35.140998840332,0.0280349999666214,0,106.574096679688,-88.2982,27.1841,9.93386904626232,63,63,63,63,61,63,0,7817,1.11627530284214,27,-88,0.001869,51,2025-07-16 11:07:26.00119,454,1.037,0.0011,"aoml_navis",1029.1346814804
"7901009",76,0,1,0.028035,1,0.005607,1,110.67214797968,1,4.85839435428425,456,1,9.79500007629395,35.1339988708496,0.0280349999666214,0,106.720901489258,-88.2982,27.1841,9.93386904626232,63,63,63,63,61,63,0,7817,1.11627530284214,27,-88,0.001869,51,2025-07-16 11:07:26.00119,456,1.037,0.0011,"aoml_navis",1029.14659358413
"7901009",76,0,1,0.028035,1,0.005607,1,110.706888983639,1,4.8583412597855,458,1,9.75599956512451,35.1279983520508,0.0280349999666214,0,106.754402160645,-88.2982,27.1841,9.93386904626232,63,63,63,63,61,63,0,7817,1.11627530284214,27,-88,0.001869,51,2025-07-16 11:07:26.00119,458,1.037,0.0011,"aoml_navis",1029.15784063731
"7901009",76,0,1,0.029904,1,0.007476,1,110.813699175724,1,4.85829250405537,460,1,9.74400043487549,35.1269989013672,0.0299040004611015,0,106.857398986816,-88.2982,27.1841,9.93386904626232,63,63,63,63,61,63,0,7817,1.11627530284214,27,-88,0.001869,51,2025-07-16 11:07:26.00119,460,1.037,0.0011,"aoml_navis",1029.16816882193
"7901009",76,0,1,0.033642,1,0.011214,1,111.401898947601,1,4.85824019203154,462,1,9.7189998626709,35.1240005493164,0.0336420014500618,0,107.424598693848,-88.2982,27.1841,9.93386904626232,63,63,63,63,61,63,0,7817,1.11627530284214,27,-88,0.001869,51,2025-07-16 11:07:26.00119,462,1.037,0.0011,"aoml_navis",1029.17925058563
"7901009",76,0,1,0.029904,1,0.007476,1,112.167015956902,1,4.85817967798234,464,1,9.64900016784668,35.1129989624023,0.0299040004611015,0,108.162399291992,-88.2982,27.1841,9.93386904626232,63,63,63,63,61,63,0,7817,1.11627530284214,27,-88,0.001869,51,2025-07-16 11:07:26.00119,464,1.037,0.0011,"aoml_navis",1029.19207016167
"7901009",76,0,1,0.033642,1,0.011214,1,112.646016153139,1,4.85811508773934,466,1,9.5649995803833,35.0999984741211,0.0336420014500618,0,108.624298095703,-88.2982,27.1841,9.93386904626232,63,63,63,63,61,63,0,7817,1.11627530284214,27,-88,0.001869,51,2025-07-16 11:07:26.00119,466,1.037,0.0011,"aoml_navis",1029.20575360982
"7901009",76,0,1,0.031773,1,0.009345,1,112.809348716502,1,4.85806615690972,468,1,9.53499984741211,35.0950012207031,0.0317730009555817,0,108.781799316406,-88.2982,27.1841,9.93386904626232,63,63,63,63,61,63,0,7817,1.11627530284214,27,-88,0.001869,51,2025-07-16 11:07:26.00119,468,1.037,0.0011,"aoml_navis",1029.21611985222
"7901009",76,0,4,0.026166,1,0.003738,1,112.892826815516,1,4.85801302618606,470,1,9.49100017547607,35.0880012512207,0.0261659994721413,0,108.862297058105,-88.2982,27.1841,9.93386904626232,63,63,63,63,61,63,0,7817,1.11627530284214,27,-88,0.001869,51,2025-07-16 11:07:26.00119,470,1.037,0.0011,"aoml_navis",1029.22737609977
"7901009",76,0,1,0.028035,1,0.005607,1,112.910462365009,1,4.85796052570443,472,1,9.46100044250488,35.0839996337891,0.0280349999666214,0,108.879302978516,-88.2982,27.1841,9.93386904626232,63,63,63,63,61,63,0,7817,1.11627530284214,27,-88,0.001869,51,2025-07-16 11:07:26.00119,472,1.037,0.0011,"aoml_navis",1029.23849906643
"7901009",76,0,1,0.031773,1,0.009345,1,112.760295146804,1,4.85789890794645,474,1,9.41100025177002,35.0779991149902,0.0317730009555817,0,108.734497070312,-88.2982,27.1841,9.93386904626232,63,63,63,63,61,63,0,7817,1.11627530284214,27,-88,0.001869,51,2025-07-16 11:07:26.00119,474,1.037,0.0011,"aoml_navis",1029.2515539632
"7901009",76,0,1,0.031773,1,0.009345,1,112.553415672535,1,4.8578416106263,476,1,9.38399982452393,35.076000213623,0.0317730009555817,0,108.535003662109,-88.2982,27.1841,9.93386904626232,63,63,63,63,61,63,0,7817,1.11627530284214,27,-88,0.001869,51,2025-07-16 11:07:26.00119,476,1.037,0.0011,"aoml_navis",1029.26369379
"7901009",76,0,1,0.031773,1,0.009345,1,112.409680801453,1,4.85778884035742,478,1,9.35799980163574,35.0730018615723,0.0317730009555817,0,108.39640045166,-88.2982,27.1841,9.93386904626232,63,63,63,63,61,63,0,7817,1.11627530284214,27,-88,0.001869,51,2025-07-16 11:07:26.00119,478,1.037,0.0011,"aoml_navis",1029.27487470454
"7901009",76,0,1,0.029904,1,0.007476,1,112.188172286801,1,4.85773239600742,480,1,9.32299995422363,35.0690002441406,0.0299040004611015,0,108.182800292969,-88.2982,27.1841,9.93386904626232,63,63,63,63,61,63,0,7817,1.11627530284214,27,-88,0.001869,51,2025-07-16 11:07:26.00119,480,1.037,0.0011,"aoml_navis",1029.28683434878
"7901009",76,0,1,0.029904,1,0.007476,1,111.788915788788,1,4.85767230545954,482,1,9.2790002822876,35.0639991760254,0.0299040004611015,0,107.797798156738,-88.2982,27.1841,9.93386904626232,63,63,63,63,61,63,0,7817,1.11627530284214,27,-88,0.001869,51,2025-07-16 11:07:26.00119,482,1.037,0.0011,"aoml_navis",1029.29956686879
"7901009",76,0,1,0.029904,1,0.007476,1,110.922898751365,1,4.85762170822916,484,1,9.26900005340576,35.0639991760254,0.0299040004611015,0,106.962699890137,-88.2982,27.1841,9.93386904626232,63,63,63,63,61,63,0,7817,1.11627530284214,27,-88,0.001869,51,2025-07-16 11:07:26.00119,484,1.037,0.0011,"aoml_navis",1029.31028810449
"7901009",76,0,1,0.026166,1,0.003738,1,109.926422954142,1,4.8575670866762,486,1,9.28999996185303,35.0719985961914,0.0261659994721413,0,106.001800537109,-88.2982,27.1841,9.93386904626232,63,63,63,63,61,63,0,7817,1.11627530284214,27,-88,0.001869,51,2025-07-16 11:07:26.00119,486,1.037,0.0011,"aoml_navis",1029.32186231961
"7901009",76,0,1,0.026166,1,0.003738,1,109.083532301271,1,4.85751784709361,488,1,9.32199954986572,35.0810012817383,0.0261659994721413,0,105.189002990723,-88.2982,27.1841,9.93386904626232,63,63,63,63,61,63,0,7817,1.11627530284214,27,-88,0.001869,51,2025-07-16 11:07:26.00119,488,1.037,0.0011,"aoml_navis",1029.33229632736
"7901009",76,0,1,0.028035,1,0.005607,1,108.794203270579,1,4.85746028021812,490.100006103516,1,9.32400035858154,35.0849990844727,0.0280349999666214,0,104.910003662109,-88.2982,27.1841,9.93386904626232,63,63,63,63,61,63,0,7817,1.11627530284214,27,-88,0.001869,51,2025-07-16 11:07:26.00119,490.100006103516,1.037,0.0011,"aoml_navis",1029.34449518041
"7901009",76,0,1,0.033642,1,0.011214,1,108.809544378909,1,4.8574072533751,492,1,9.30399990081787,35.0839996337891,0.0336420014500618,0,104.924797058105,-88.2982,27.1841,9.93386904626232,63,63,63,63,61,63,0,7817,1.11627530284214,27,-88,0.001869,51,2025-07-16 11:07:26.00119,492,1.037,0.0011,"aoml_navis",1029.35573222233
"7901009",76,0,1,0.026166,1,0.003738,1,108.893030389788,1,4.85735455133299,494,1,9.27799987792969,35.0810012817383,0.0261659994721413,0,105.005302429199,-88.2982,27.1841,9.93386904626232,63,63,63,63,61,63,0,7817,1.11627530284214,27,-88,0.001869,51,2025-07-16 11:07:26.00119,494,1.037,0.0011,"aoml_navis",1029.36690067804
"7901009",76,0,1,0.026166,1,0.003738,1,108.94342897672,1,4.85730886616921,496,1,9.26500034332275,35.0789985656738,0.0261659994721413,0,105.053901672363,-88.2982,27.1841,9.93386904626232,63,63,63,63,61,63,0,7817,1.11627530284214,27,-88,0.001869,51,2025-07-16 11:07:26.00119,496,1.037,0.0011,"aoml_navis",1029.37658233443
"7901009",76,0,1,0.028035,1,0.005607,1,108.952867832954,1,4.85726563029426,498,1,9.25500011444092,35.0769996643066,0.0280349999666214,0,105.063003540039,-88.2982,27.1841,9.93386904626232,63,63,63,63,61,63,0,7817,1.11627530284214,27,-88,0.001869,51,2025-07-16 11:07:26.00119,498,1.037,0.0011,"aoml_navis",1029.38574510225
"7901009",76,0,1,0.031773,1,0.009345,1,109.051694952164,1,4.85722076033645,500,1,9.24300003051758,35.0750007629395,0.0317730009555817,0,105.158302307129,-88.2982,27.1841,9.93386904626232,63,63,63,63,61,63,0,7817,1.11627530284214,27,-88,0.001869,51,2025-07-16 11:07:26.00119,500,1.037,0.0011,"aoml_navis",1029.39525434575
"7901009",76,0,1,0.026166,1,0.003738,1,109.370266239889,1,4.85715015948291,502,1,9.17700004577637,35.068000793457,0.0261659994721413,0,105.46549987793,-88.2982,27.1841,9.93386904626232,63,63,63,63,61,63,0,7817,1.11627530284214,27,-88,0.001869,51,2025-07-16 11:07:26.00119,502,1.037,0.0011,"aoml_navis",1029.41021706694
"7901009",76,0,1,0.026166,1,0.003738,1,109.616871193748,1,4.85710048326184,504,1,9.14099979400635,35.0620002746582,0.0261659994721413,0,105.703300476074,-88.2982,27.1841,9.93386904626232,63,63,63,63,61,63,0,7817,1.11627530284214,27,-88,0.001869,51,2025-07-16 11:07:26.00119,504,1.037,0.0011,"aoml_navis",1029.4207454078
"7901009",76,0,1,0.029904,1,0.007476,1,109.816289778303,1,4.85702898938092,506,1,9.06900024414062,35.0540008544922,0.0299040004611015,0,105.895599365234,-88.2982,27.1841,9.93386904626232,63,63,63,63,61,63,0,7817,1.11627530284214,27,-88,0.001869,51,2025-07-16 11:07:26.00119,506,1.037,0.0011,"aoml_navis",1029.43589814507
"7901009",76,0,1,0.028035,1,0.005607,1,109.96126681236,1,4.85697971034227,508,1,9.05599975585938,35.0530014038086,0.0280349999666214,0,106.035400390625,-88.2982,27.1841,9.93386904626232,63,63,63,63,61,63,0,7817,1.11627530284214,27,-88,0.001869,51,2025-07-16 11:07:26.00119,508,1.037,0.0011,"aoml_navis",1029.44634282766
"7901009",76,0,1,0.029904,1,0.007476,1,110.540130582263,1,4.85693562353771,510.100006103516,1,9.05200004577637,35.0519981384277,0.0299040004611015,0,106.593597412109,-88.2982,27.1841,9.93386904626232,63,63,63,63,61,63,0,7817,1.11627530284214,27,-88,0.001869,51,2025-07-16 11:07:26.00119,510.100006103516,1.037,0.0011,"aoml_navis",1029.45568719688
"7901009",76,0,1,0.028035,1,0.005607,1,111.449291025423,1,4.85688186369036,512,1,8.99899959564209,35.0439987182617,0.0280349999666214,0,107.47029876709,-88.2982,27.1841,9.93386904626232,63,63,63,63,61,63,0,7817,1.11627530284214,27,-88,0.001869,51,2025-07-16 11:07:26.00119,512,1.037,0.0011,"aoml_navis",1029.46708203458
"7901009",76,0,1,0.024297,1,0.001869,1,112.063315128187,1,4.85681278842604,514,1,8.90200042724609,35.0299987792969,0.0242970008403063,0,108.062400817871,-88.2982,27.1841,9.93386904626232,63,63,63,63,61,63,0,7817,1.11627530284214,27,-88,0.001869,51,2025-07-16 11:07:26.00119,514,1.037,0.0011,"aoml_navis",1029.48172347001
"7901009",76,0,1,0.028035,1,0.005607,1,112.196574688579,1,4.85676320362752,516,1,8.86100006103516,35.0229988098145,0.0280349999666214,0,108.190902709961,-88.2982,27.1841,9.93386904626232,63,63,63,63,61,63,0,7817,1.11627530284214,27,-88,0.001869,51,2025-07-16 11:07:26.00119,516,1.037,0.0011,"aoml_navis",1029.49223389468
"7901009",76,0,1,0.028035,1,0.005607,1,112.270511077099,1,4.85672010226436,518,1,8.85099983215332,35.0209999084473,0.0280349999666214,0,108.262199401855,-88.2982,27.1841,9.93386904626232,63,63,63,63,61,63,0,7817,1.11627530284214,27,-88,0.001869,51,2025-07-16 11:07:26.00119,518,1.037,0.0011,"aoml_navis",1029.50137020843
"7901009",76,0,1,0.028035,1,0.005607,1,112.375461980655,1,4.85666484661605,520,1,8.8120002746582,35.015998840332,0.0280349999666214,0,108.363403320312,-88.2982,27.1841,9.93386904626232,63,63,63,63,61,63,0,7817,1.11627530284214,27,-88,0.001869,51,2025-07-16 11:07:26.00119,520,1.037,0.0011,"aoml_navis",1029.51308313643
"7901009",76,0,1,0.029904,1,0.007476,1,112.355444959472,1,4.85660246244146,522,1,8.76399993896484,35.0110015869141,0.0299040004611015,0,108.344100952148,-88.2982,27.1841,9.93386904626232,63,63,63,63,61,63,0,7817,1.11627530284214,27,-88,0.001869,51,2025-07-16 11:07:26.00119,522,1.037,0.0011,"aoml_navis",1029.52630746855
"7901009",76,0,1,0.029904,1,0.007476,1,112.253500565027,1,4.85653979843168,524,1,8.73400020599365,35.0099983215332,0.0299040004611015,0,108.245796203613,-88.2982,27.1841,9.93386904626232,63,63,63,63,61,63,0,7817,1.11627530284214,27,-88,0.001869,51,2025-07-16 11:07:26.00119,524,1.037,0.0011,"aoml_navis",1029.53959146276
"7901009",76,0,1,0.031773,1,0.009345,1,112.405740692145,1,4.85649117087258,526,1,8.71700000762939,35.007999420166,0.0317730009555817,0,108.392601013184,-88.2982,27.1841,9.93386904626232,63,63,63,63,61,63,0,7817,1.11627530284214,27,-88,0.001869,51,2025-07-16 11:07:26.00119,526,1.037,0.0011,"aoml_navis",1029.54990013945
"7901009",76,0,1,0.029904,1,0.007476,1,112.586700893135,1,4.85643460853781,528,1,8.6899995803833,35.0060005187988,0.0299040004611015,0,108.567100524902,-88.2982,27.1841,9.93386904626232,63,63,63,63,61,63,0,7817,1.11627530284214,27,-88,0.001869,51,2025-07-16 11:07:26.00119,528,1.037,0.0011,"aoml_navis",1029.56189118861
"7901009",76,0,1,0.029904,1,0.007476,1,112.862033832731,1,4.85639049570852,530,1,8.67399978637695,35.0029983520508,0.0299040004611015,0,108.83260345459,-88.2982,27.1841,9.93386904626232,63,63,63,63,61,63,0,7817,1.11627530284214,27,-88,0.001869,51,2025-07-16 11:07:26.00119,530,1.037,0.0011,"aoml_navis",1029.57124317297
"7901009",76,0,1,0.031773,1,0.009345,1,113.291774750752,1,4.85633341429921,532,1,8.63700008392334,34.9990005493164,0.0317730009555817,0,109.247001647949,-88.2982,27.1841,9.93386904626232,63,63,63,63,61,63,0,7817,1.11627530284214,27,-88,0.001869,51,2025-07-16 11:07:26.00119,532,1.037,0.0011,"aoml_navis",1029.58334476743
"7901009",76,0,1,0.026166,1,0.003738,1,113.738937597881,1,4.85627112274082,534,1,8.58399963378906,34.9930000305176,0.0261659994721413,0,109.678199768066,-88.2982,27.1841,9.93386904626232,63,63,63,63,61,63,0,7817,1.11627530284214,27,-88,0.001869,51,2025-07-16 11:07:26.00119,534,1.037,0.0011,"aoml_navis",1029.59655126876
"7901009",76,0,1,0.028035,1,0.005607,1,114.013439791539,1,4.85621919227443,536,1,8.54399967193604,34.9869995117188,0.0280349999666214,0,109.942901611328,-88.2982,27.1841,9.93386904626232,63,63,63,63,61,63,0,7817,1.11627530284214,27,-88,0.001869,51,2025-07-16 11:07:26.00119,536,1.037,0.0011,"aoml_navis",1029.60756136261
"7901009",76,0,1,0.029904,1,0.007476,1,114.241792070351,1,4.85617751608351,538,1,8.5310001373291,34.984001159668,0.0299040004611015,0,110.163101196289,-88.2982,27.1841,9.93386904626232,63,63,63,63,61,63,0,7817,1.11627530284214,27,-88,0.001869,51,2025-07-16 11:07:26.00119,538,1.037,0.0011,"aoml_navis",1029.61639755552
"7901009",76,0,1,0.029904,1,0.007476,1,114.543875029165,1,4.85612670670267,540,1,8.49699974060059,34.9790000915527,0.0299040004611015,0,110.454399108887,-88.2982,27.1841,9.93386904626232,63,63,63,63,61,63,0,7817,1.11627530284214,27,-88,0.001869,51,2025-07-16 11:07:26.00119,540,1.037,0.0011,"aoml_navis",1029.62717037402
"7901009",76,0,1,0.029904,1,0.007476,1,114.764758506396,1,4.85606786762535,542,1,8.44799995422363,34.9729995727539,0.0299040004611015,0,110.66739654541,-88.2982,27.1841,9.93386904626232,63,63,63,63,61,63,0,7817,1.11627530284214,27,-88,0.001869,51,2025-07-16 11:07:26.00119,542,1.037,0.0011,"aoml_navis",1029.63964596422
"7901009",76,0,1,0.029904,1,0.007476,1,114.878420374506,1,4.85601762564146,544,1,8.42399978637695,34.9700012207031,0.0299040004611015,0,110.777000427246,-88.2982,27.1841,9.93386904626232,63,63,63,63,61,63,0,7817,1.11627530284214,27,-88,0.001869,51,2025-07-16 11:07:26.00119,544,1.037,0.0011,"aoml_navis",1029.65029896067
"7901009",76,0,1,0.029904,1,0.007476,1,115.046729501634,1,4.85596172593339,546,1,8.38799953460693,34.9659996032715,0.0299040004611015,0,110.939300537109,-88.2982,27.1841,9.93386904626232,63,63,63,63,61,63,0,7817,1.11627530284214,27,-88,0.001869,51,2025-07-16 11:07:26.00119,546,1.037,0.0011,"aoml_navis",1029.66215184468
"7901009",76,0,1,0.029904,1,0.007476,1,115.106044761638,1,4.85591800396963,548,1,8.3769998550415,34.9640007019043,0.0299040004611015,0,110.99649810791,-88.2982,27.1841,9.93386904626232,63,63,63,63,61,63,0,7817,1.11627530284214,27,-88,0.001869,51,2025-07-16 11:07:26.00119,548,1.037,0.0011,"aoml_navis",1029.67142276962
"7901009",76,0,1,0.028035,1,0.005607,1,115.198858862627,1,4.85586139356379,550,1,8.34000015258789,34.9599990844727,0.0280349999666214,0,111.085998535156,-88.2982,27.1841,9.93386904626232,63,63,63,63,61,63,0,7817,1.11627530284214,27,-88,0.001869,51,2025-07-16 11:07:26.00119,550,1.037,0.0011,"aoml_navis",1029.68342684313
"7901009",76,0,1,0.031773,1,0.009345,1,115.130832638068,1,4.85581478731188,552,1,8.32999992370605,34.9589996337891,0.0317730009555817,0,111.020401000977,-88.2982,27.1841,9.93386904626232,63,63,63,63,61,63,0,7817,1.11627530284214,27,-88,0.001869,51,2025-07-16 11:07:26.00119,552,1.037,0.0011,"aoml_navis",1029.69330977468
"7901009",76,0,1,0.029904,1,0.007476,1,115.006181187972,1,4.85576917501268,554,1,8.32600021362305,34.9589996337891,0.0299040004611015,0,110.900199890137,-88.2982,27.1841,9.93386904626232,63,63,63,63,61,63,0,7817,1.11627530284214,27,-88,0.001869,51,2025-07-16 11:07:26.00119,554,1.037,0.0011,"aoml_navis",1029.70298212063
"7901009",76,0,1,0.029904,1,0.007476,1,114.820861548772,1,4.85572299838304,556,1,8.32600021362305,34.9599990844727,0.0299040004611015,0,110.721496582031,-88.2982,27.1841,9.93386904626232,63,63,63,63,61,63,0,7817,1.11627530284214,27,-88,0.001869,51,2025-07-16 11:07:26.00119,556,1.037,0.0011,"aoml_navis",1029.71277432115
"7901009",76,0,1,0.028035,1,0.005607,1,114.786539873715,1,4.85566944948294,558,1,8.32600021362305,34.9630012512207,0.0280349999666214,0,110.688400268555,-88.2982,27.1841,9.93386904626232,63,63,63,63,61,63,0,7817,1.11627530284214,27,-88,0.001869,51,2025-07-16 11:07:26.00119,558,1.037,0.0011,"aoml_navis",1029.72413011607
"7901009",76,0,1,0.026166,1,0.003738,1,115.110609908367,1,4.85560611044535,560,1,8.28499984741211,34.9599990844727,0.0261659994721413,0,111.000900268555,-88.2982,27.1841,9.93386904626232,63,63,63,63,61,63,0,7817,1.11627530284214,27,-88,0.001869,51,2025-07-16 11:07:26.00119,560,1.037,0.0011,"aoml_navis",1029.73756237023
"7901009",76,0,1,0.028035,1,0.005607,1,115.316872257081,1,4.85554071320439,562,1,8.22700023651123,34.9539985656738,0.0280349999666214,0,111.199798583984,-88.2982,27.1841,9.93386904626232,63,63,63,63,61,63,0,7817,1.11627530284214,27,-88,0.001869,51,2025-07-16 11:07:26.00119,562,1.037,0.0011,"aoml_navis",1029.75143147348
"7901009",76,0,1,0.029904,1,0.007476,1,115.472633164605,1,4.85547985216873,564,1,8.18900012969971,34.951000213623,0.0299040004611015,0,111.349998474121,-88.2982,27.1841,9.93386904626232,63,63,63,63,61,63,0,7817,1.11627530284214,27,-88,0.001869,51,2025-07-16 11:07:26.00119,564,1.037,0.0011,"aoml_navis",1029.76433889777
"7901009",76,0,1,0.031773,1,0.009345,1,115.702441226775,1,4.85542043407233,566,1,8.14799976348877,34.9469985961914,0.0317730009555817,0,111.571601867676,-88.2982,27.1841,9.93386904626232,63,63,63,63,61,63,0,7817,1.11627530284214,27,-88,0.001869,51,2025-07-16 11:07:26.00119,566,1.037,0.0011,"aoml_navis",1029.7769406153
"7901009",76,0,1,0.029904,1,0.007476,1,115.873756863013,1,4.85537218171563,568,1,8.13099956512451,34.9449996948242,0.0299040004611015,0,111.736801147461,-88.2982,27.1841,9.93386904626232,63,63,63,63,61,63,0,7817,1.11627530284214,27,-88,0.001869,51,2025-07-16 11:07:26.00119,568,1.037,0.0011,"aoml_navis",1029.78717446811
"7901009",76,0,1,0.029904,1,0.007476,1,116.062288719842,1,4.85531592227795,570,1,8.0939998626709,34.9410018920898,0.0299040004611015,0,111.918601989746,-88.2982,27.1841,9.93386904626232,63,63,63,63,61,63,0,7817,1.11627530284214,27,-88,0.001869,51,2025-07-16 11:07:26.00119,570,1.037,0.0011,"aoml_navis",1029.79910680131
"7901009",76,0,1,0.029904,1,0.007476,1,116.049321171336,1,4.85525559237155,572,1,8.06599998474121,34.939998626709,0.0299040004611015,0,111.906097412109,-88.2982,27.1841,9.93386904626232,63,63,63,63,61,63,0,7817,1.11627530284214,27,-88,0.001869,51,2025-07-16 11:07:26.00119,572,1.037,0.0011,"aoml_navis",1029.81190276695
"7901009",76,0,1,0.031773,1,0.009345,1,116.045586770547,1,4.85519173255049,574,1,8.04300022125244,34.9410018920898,0.0317730009555817,0,111.902496337891,-88.2982,27.1841,9.93386904626232,63,63,63,63,61,63,0,7817,1.11627530284214,27,-88,0.001869,51,2025-07-16 11:07:26.00119,574,1.037,0.0011,"aoml_navis",1029.8254477735
"7901009",76,0,1,0.028035,1,0.005607,1,116.216490989748,1,4.85513388519882,576,1,8.02299976348877,34.9410018920898,0.0280349999666214,0,112.06729888916,-88.2982,27.1841,9.93386904626232,63,63,63,63,61,63,0,7817,1.11627530284214,27,-88,0.001869,51,2025-07-16 11:07:26.00119,576,1.037,0.0011,"aoml_navis",1029.837717811
"7901009",76,0,1,0.026166,1,0.003738,1,116.74558121014,1,4.85509059515491,578,1,8.02200031280518,34.9410018920898,0.0261659994721413,0,112.577499389648,-88.2982,27.1841,9.93386904626232,63,63,63,63,61,63,0,7817,1.11627530284214,27,-88,0.001869,51,2025-07-16 11:07:26.00119,578,1.037,0.0011,"aoml_navis",1029.84690028023
"7901009",76,0,1,0.028035,1,0.005607,1,117.826990889735,1,4.85503282258972,580,1,7.94899988174438,34.9300003051758,0.0280349999666214,0,113.620300292969,-88.2982,27.1841,9.93386904626232,63,63,63,63,61,63,0,7817,1.11627530284214,27,-88,0.001869,51,2025-07-16 11:07:26.00119,580,1.037,0.0011,"aoml_navis",1029.85915496509
"7901009",76,0,1,0.033642,1,0.011214,1,118.359293327755,1,4.85498190696938,582,1,7.875,34.9169998168945,0.0336420014500618,0,114.133598327637,-88.2982,27.1841,9.93386904626232,63,63,63,63,61,63,0,7817,1.11627530284214,27,-88,0.001869,51,2025-07-16 11:07:26.00119,582,1.037,0.0011,"aoml_navis",1029.86995540034
"7901009",76,0,1,0.028035,1,0.005607,1,118.616065029527,1,4.85492378893651,584,1,7.83500003814697,34.9129981994629,0.0280349999666214,0,114.381202697754,-88.2982,27.1841,9.93386904626232,63,63,63,63,61,63,0,7817,1.11627530284214,27,-88,0.001869,51,2025-07-16 11:07:26.00119,584,1.037,0.0011,"aoml_navis",1029.88228391846
"7901009",76,0,1,0.028035,1,0.005607,1,118.749633152696,1,4.85487715452133,586,1,7.81500005722046,34.9099998474121,0.0280349999666214,0,114.51000213623,-88.2982,27.1841,9.93386904626232,63,63,63,63,61,63,0,7817,1.11627530284214,27,-88,0.001869,51,2025-07-16 11:07:26.00119,586,1.037,0.0011,"aoml_navis",1029.8921766421
"7901009",76,0,1,0.029904,1,0.007476,1,118.833633434871,1,4.85482316772463,588,1,7.79500007629395,34.9090003967285,0.0299040004611015,0,114.591003417969,-88.2982,27.1841,9.93386904626232,63,63,63,63,61,63,0,7817,1.11627530284214,27,-88,0.001869,51,2025-07-16 11:07:26.00119,588,1.037,0.0011,"aoml_navis",1029.90362928984
"7901009",76,0,1,0.031773,1,0.009345,1,118.860589162607,1,4.85477022363981,590,1,7.79099988937378,34.9109992980957,0.0317730009555817,0,114.616996765137,-88.2982,27.1841,9.93386904626232,63,63,63,63,61,63,0,7817,1.11627530284214,27,-88,0.001869,51,2025-07-16 11:07:26.00119,590,1.037,0.0011,"aoml_navis",1029.91486098621
"7901009",76,0,1,0.028035,1,0.005607,1,119.08936077032,1,4.8547185177096,592,1,7.77400016784668,34.9099998474121,0.0280349999666214,0,114.837600708008,-88.2982,27.1841,9.93386904626232,63,63,63,63,61,63,0,7817,1.11627530284214,27,-88,0.001869,51,2025-07-16 11:07:26.00119,592,1.037,0.0011,"aoml_navis",1029.92583025369
"7901009",76,0,1,0.031773,1,0.009345,1,119.226038256858,1,4.8546650760207,594,1,7.73999977111816,34.9059982299805,0.0317730009555817,0,114.969398498535,-88.2982,27.1841,9.93386904626232,63,63,63,63,61,63,0,7817,1.11627530284214,27,-88,0.001869,51,2025-07-16 11:07:26.00119,594,1.037,0.0011,"aoml_navis",1029.93716800304
"7901009",76,0,1,0.029904,1,0.007476,1,119.291477301209,1,4.85461731401176,596,1,7.73799991607666,34.9070014953613,0.0299040004611015,0,115.032501220703,-88.2982,27.1841,9.93386904626232,63,63,63,63,61,63,0,7817,1.11627530284214,27,-88,0.001869,51,2025-07-16 11:07:26.00119,596,1.037,0.0011,"aoml_navis",1029.94730100942
"7901009",76,0,1,0.033642,1,0.011214,1,119.421002460811,1,4.85456647386907,598,1,7.72700023651123,34.9070014953613,0.0336420014500618,0,115.157402038574,-88.2982,27.1841,9.93386904626232,63,63,63,63,61,63,0,7817,1.11627530284214,27,-88,0.001869,51,2025-07-16 11:07:26.00119,598,1.037,0.0011,"aoml_navis",1029.95808728004
"7901009",76,0,1,0.029904,1,0.007476,1,119.700584072492,1,4.85449978572222,600,1,7.69000005722046,34.9059982299805,0.0299040004611015,0,115.427001953125,-88.2982,27.1841,9.93386904626232,63,63,63,63,61,63,0,7817,1.11627530284214,27,-88,0.001869,51,2025-07-16 11:07:26.00119,600,1.037,0.0011,"aoml_navis",1029.97223621386
"7901009",76,0,1,0.029904,1,0.007476,1,119.99178030358,1,4.85443532517255,602,1,7.65100002288818,34.9039993286133,0.0299040004611015,0,115.707801818848,-88.2982,27.1841,9.93386904626232,63,63,63,63,61,63,0,7817,1.11627530284214,27,-88,0.001869,51,2025-07-16 11:07:26.00119,602,1.037,0.0011,"aoml_navis",1029.98591289756
"7901009",76,0,1,0.031773,1,0.009345,1,120.120577571502,1,4.85437921477178,604,1,7.62799978256226,34.9029998779297,0.0317730009555817,0,115.832000732422,-88.2982,27.1841,9.93386904626232,63,63,63,63,61,63,0,7817,1.11627530284214,27,-88,0.001869,51,2025-07-16 11:07:26.00119,604,1.037,0.0011,"aoml_navis",1029.99781821435
"7901009",76,0,1,0.029904,1,0.007476,1,120.203849961997,1,4.85432317937872,606,1,7.6100001335144,34.9029998779297,0.0299040004611015,0,115.912300109863,-88.2982,27.1841,9.93386904626232,63,63,63,63,61,63,0,7817,1.11627530284214,27,-88,0.001869,51,2025-07-16 11:07:26.00119,606,1.037,0.0011,"aoml_navis",1030.00970789092
"7901009",76,0,1,0.029904,1,0.007476,1,120.270736877841,1,4.85426715544564,608,1,7.59200000762939,34.9029998779297,0.0299040004611015,0,115.97679901123,-88.2982,27.1841,9.93386904626232,63,63,63,63,61,63,0,7817,1.11627530284214,27,-88,0.001869,51,2025-07-16 11:07:26.00119,608,1.037,0.0011,"aoml_navis",1030.02159541031
"7901009",76,0,1,0.031773,1,0.009345,1,120.423285567736,1,4.85421492642915,610,1,7.58400011062622,34.9039993286133,0.0317730009555817,0,116.123901367188,-88.2982,27.1841,9.93386904626232,63,63,63,63,61,63,0,7817,1.11627530284214,27,-88,0.001869,51,2025-07-16 11:07:26.00119,610,1.037,0.0011,"aoml_navis",1030.03267794697
"7901009",76,0,1,0.035511,1,0.013083,1,120.635252371895,1,4.85417002004784,612,1,7.57100009918213,34.9020004272461,0.0355109982192516,0,116.328300476074,-88.2982,27.1841,9.93386904626232,63,63,63,63,61,63,0,7817,1.11627530284214,27,-88,0.001869,51,2025-07-16 11:07:26.00119,612,1.037,0.0011,"aoml_navis",1030.04220687571
"7901009",76,0,1,0.028035,1,0.005607,1,120.909232382392,1,4.85410648391161,614,1,7.53299999237061,34.9000015258789,0.0280349999666214,0,116.592498779297,-88.2982,27.1841,9.93386904626232,63,63,63,63,61,63,0,7817,1.11627530284214,27,-88,0.001869,51,2025-07-16 11:07:26.00119,614,1.037,0.0011,"aoml_navis",1030.05568925444
"7901009",76,0,1,0.029904,1,0.007476,1,120.989292555259,1,4.85405718658813,616,1,7.51900005340576,34.898998260498,0.0299040004611015,0,116.669700622559,-88.2982,27.1841,9.93386904626232,63,63,63,63,61,63,0,7817,1.11627530284214,27,-88,0.001869,51,2025-07-16 11:07:26.00119,616,1.037,0.0011,"aoml_navis",1030.06615039788
"7901009",76,0,1,0.029904,1,0.007476,1,121.132813805956,1,4.85401085755892,618,1,7.50899982452393,34.8979988098145,0.0299040004611015,0,116.808097839355,-88.2982,27.1841,9.93386904626232,63,63,63,63,61,63,0,7817,1.11627530284214,27,-88,0.001869,51,2025-07-16 11:07:26.00119,618,1.037,0.0011,"aoml_navis",1030.07598184782
"7901009",76,0,1,0.028035,1,0.005607,1,121.257884584955,1,4.85396899552241,620,1,7.50500011444092,34.8969993591309,0.0280349999666214,0,116.928703308105,-88.2982,27.1841,9.93386904626232,63,63,63,63,61,63,0,7817,1.11627530284214,27,-88,0.001869,51,2025-07-16 11:07:26.00119,620,1.037,0.0011,"aoml_navis",1030.08486552186
"7901009",76,0,1,0.029904,1,0.007476,1,121.500652283764,1,4.8539122966772,622,1,7.48600006103516,34.8969993591309,0.0299040004611015,0,117.162803649902,-88.2982,27.1841,9.93386904626232,63,63,63,63,61,63,0,7817,1.11627530284214,27,-88,0.001869,51,2025-07-16 11:07:26.00119,622,1.037,0.0011,"aoml_navis",1030.09689800593
"7901009",76,0,1,0.031773,1,0.009345,1,121.671445736841,1,4.85386003817134,624,1,7.46799993515015,34.8959999084473,0.0317730009555817,0,117.327499389648,-88.2982,27.1841,9.93386904626232,63,63,63,63,61,63,0,7817,1.11627530284214,27,-88,0.001869,51,2025-07-16 11:07:26.00119,624,1.037,0.0011,"aoml_navis",1030.10798842146
"7901009",76,0,1,0.029904,1,0.007476,1,121.926453092477,1,4.85381298533578,626,1,7.45699977874756,34.8950004577637,0.0299040004611015,0,117.573402404785,-88.2982,27.1841,9.93386904626232,63,63,63,63,61,63,0,7817,1.11627530284214,27,-88,0.001869,51,2025-07-16 11:07:26.00119,626,1.037,0.0011,"aoml_navis",1030.11797428246
"7901009",76,0,1,0.029904,1,0.007476,1,122.18788488337,1,4.85375405562913,628,1,7.42500019073486,34.8930015563965,0.0299040004611015,0,117.825500488281,-88.2982,27.1841,9.93386904626232,63,63,63,63,61,63,0,7817,1.11627530284214,27,-88,0.001869,51,2025-07-16 11:07:26.00119,628,1.037,0.0011,"aoml_navis",1030.13048100393
"7901009",76,0,1,0.035511,1,0.013083,1,122.418001508317,1,4.85370997778078,630,1,7.41300010681152,34.890998840332,0.0355109982192516,0,118.047401428223,-88.2982,27.1841,9.93386904626232,63,63,63,63,61,63,0,7817,1.11627530284214,27,-88,0.001869,51,2025-07-16 11:07:26.00119,630,1.037,0.0011,"aoml_navis",1030.13983589644
"7901009",76,0,1,0.029904,1,0.007476,1,122.799416748319,1,4.85364002518556,632,1,7.36600017547607,34.8889999389648,0.0299040004611015,0,118.415199279785,-88.2982,27.1841,9.93386904626232,63,63,63,63,61,63,0,7817,1.11627530284214,27,-88,0.001869,51,2025-07-16 11:07:26.00119,632,1.037,0.0011,"aoml_navis",1030.15468268248
"7901009",76,0,1,0.033642,1,0.011214,1,122.936307855241,1,4.85358637191358,634,1,7.34100008010864,34.8870010375977,0.0336420014500618,0,118.547203063965,-88.2982,27.1841,9.93386904626232,63,63,63,63,61,63,0,7817,1.11627530284214,27,-88,0.001869,51,2025-07-16 11:07:26.00119,634,1.037,0.0011,"aoml_navis",1030.16607037915
"7901009",76,0,1,0.028035,1,0.005607,1,123.071426704162,1,4.85353936639066,636,1,7.33500003814697,34.8870010375977,0.0280349999666214,0,118.67749786377,-88.2982,27.1841,9.93386904626232,63,63,63,63,61,63,0,7817,1.11627530284214,27,-88,0.001869,51,2025-07-16 11:07:26.00119,636,1.037,0.0011,"aoml_navis",1030.17604732405
"7901009",76,0,1,0.029904,1,0.007476,1,123.269911688519,1,4.8534879425136,638,1,7.32299995422363,34.8870010375977,0.0299040004611015,0,118.868896484375,-88.2982,27.1841,9.93386904626232,63,63,63,63,61,63,0,7817,1.11627530284214,27,-88,0.001869,51,2025-07-16 11:07:26.00119,638,1.037,0.0011,"aoml_navis",1030.1869622881
"7901009",76,0,1,0.033642,1,0.011214,1,123.583720032865,1,4.85342917202514,640,1,7.2960000038147,34.8860015869141,0.0336420014500618,0,119.171501159668,-88.2982,27.1841,9.93386904626232,63,63,63,63,61,63,0,7817,1.11627530284214,27,-88,0.001869,51,2025-07-16 11:07:26.00119,640,1.037,0.0011,"aoml_navis",1030.19943688881
"7901009",76,0,1,0.031773,1,0.009345,1,123.820680421971,1,4.85336825721485,642,1,7.26100015640259,34.8839988708496,0.0317730009555817,0,119.400001525879,-88.2982,27.1841,9.93386904626232,63,63,63,63,61,63,0,7817,1.11627530284214,27,-88,0.001869,51,2025-07-16 11:07:26.00119,642,1.037,0.0011,"aoml_navis",1030.21236696127
"7901009",76,0,1,0.028035,1,0.005607,1,124.021546878019,1,4.85331541673302,644,1,7.24200010299683,34.882999420166,0.0280349999666214,0,119.593696594238,-88.2982,27.1841,9.93386904626232,63,63,63,63,61,63,0,7817,1.11627530284214,27,-88,0.001869,51,2025-07-16 11:07:26.00119,644,1.037,0.0011,"aoml_navis",1030.22358340059
"7901009",76,0,1,0.035511,1,0.013083,1,124.261624542362,1,4.85325966045639,646,1,7.2189998626709,34.8819999694824,0.0355109982192516,0,119.825202941895,-88.2982,27.1841,9.93386904626232,63,63,63,63,61,63,0,7817,1.11627530284214,27,-88,0.001869,51,2025-07-16 11:07:26.00119,646,1.037,0.0011,"aoml_navis",1030.23541903995
"7901009",76,0,1,0.031773,1,0.009345,1,124.481368710877,1,4.85320392477379,648,1,7.19600009918213,34.8810005187988,0.0317730009555817,0,120.037101745605,-88.2982,27.1841,9.93386904626232,63,63,63,63,61,63,0,7817,1.11627530284214,27,-88,0.001869,51,2025-07-16 11:07:26.00119,648,1.037,0.0011,"aoml_navis",1030.24725057953
"7901009",76,0,1,0.031773,1,0.009345,1,124.695716986726,1,4.85315840687059,650,1,7.19199991226196,34.8810005187988,0.0317730009555817,0,120.243797302246,-88.2982,27.1841,9.93386904626232,63,63,63,63,61,63,0,7817,1.11627530284214,27,-88,0.001869,51,2025-07-16 11:07:26.00119,650,1.037,0.0011,"aoml_navis",1030.2569132962
"7901009",76,0,1,0.035511,1,0.013083,1,125.118511286329,1,4.85310637918092,652,1,7.16900014877319,34.8790016174316,0.0355109982192516,0,120.651496887207,-88.2982,27.1841,9.93386904626232,63,63,63,63,61,63,0,7817,1.11627530284214,27,-88,0.001869,51,2025-07-16 11:07:26.00119,652,1.037,0.0011,"aoml_navis",1030.26795815753
"7901009",76,0,1,0.028035,1,0.005607,1,125.730565334439,1,4.85303981043592,654,1,7.12599992752075,34.8769989013672,0.0280349999666214,0,121.24169921875,-88.2982,27.1841,9.93386904626232,63,63,63,63,61,63,0,7817,1.11627530284214,27,-88,0.001869,51,2025-07-16 11:07:26.00119,654,1.037,0.0011,"aoml_navis",1030.28209025775
"7901009",76,0,1,0.029904,1,0.007476,1,126.19920098611,1,4.85298358506542,656,1,7.08699989318848,34.8730010986328,0.0299040004611015,0,121.693603515625,-88.2982,27.1841,9.93386904626232,63,63,63,63,61,63,0,7817,1.11627530284214,27,-88,0.001869,51,2025-07-16 11:07:26.00119,656,1.037,0.0011,"aoml_navis",1030.29402683063
"7901009",76,0,1,0.029904,1,0.007476,1,126.614732192651,1,4.85293680536768,658,1,7.06599998474121,34.8699989318848,0.0299040004611015,0,122.094299316406,-88.2982,27.1841,9.93386904626232,63,63,63,63,61,63,0,7817,1.11627530284214,27,-88,0.001869,51,2025-07-16 11:07:26.00119,658,1.037,0.0011,"aoml_navis",1030.30395831029
"7901009",76,0,1,0.028035,1,0.005607,1,127.062931494237,1,4.85286961792999,660,1,7.02699995040894,34.8689994812012,0.0280349999666214,0,122.526496887207,-88.2982,27.1841,9.93386904626232,63,63,63,63,61,63,0,7817,1.11627530284214,27,-88,0.001869,51,2025-07-16 11:07:26.00119,660,1.037,0.0011,"aoml_navis",1030.31822275348
"7901009",76,0,1,0.029904,1,0.007476,1,127.488320885913,1,4.85279736315305,662,1,6.98600006103516,34.8689994812012,0.0299040004611015,0,122.936698913574,-88.2982,27.1841,9.93386904626232,63,63,63,63,61,63,0,7817,1.11627530284214,27,-88,0.001869,51,2025-07-16 11:07:26.00119,662,1.037,0.0011,"aoml_navis",1030.33356347509
"7901009",76,0,1,0.029904,1,0.007476,1,127.89701624016,1,4.85273840102287,664,1,6.94799995422363,34.8660011291504,0.0299040004611015,0,123.33080291748,-88.2982,27.1841,9.93386904626232,63,63,63,63,61,63,0,7817,1.11627530284214,27,-88,0.001869,51,2025-07-16 11:07:26.00119,664,1.037,0.0011,"aoml_navis",1030.34608231635
"7901009",76,0,1,0.029904,1,0.007476,1,128.117899717391,1,4.85269020822599,666,1,6.92999982833862,34.8639984130859,0.0299040004611015,0,123.543800354004,-88.2982,27.1841,9.93386904626232,63,63,63,63,61,63,0,7817,1.11627530284214,27,-88,0.001869,51,2025-07-16 11:07:26.00119,666,1.037,0.0011,"aoml_navis",1030.35631483838
"7901009",76,0,1,0.033642,1,0.011214,1,128.389498256198,1,4.85264345140527,668,1,6.91400003433228,34.8619995117188,0.0336420014500618,0,123.805702209473,-88.2982,27.1841,9.93386904626232,63,63,63,63,61,63,0,7817,1.11627530284214,27,-88,0.001869,51,2025-07-16 11:07:26.00119,668,1.037,0.0011,"aoml_navis",1030.36624266142
"7901009",76,0,1,0.028035,1,0.005607,1,128.561953201151,1,4.85259086158514,670,1,6.89499998092651,34.8610000610352,0.0280349999666214,0,123.97200012207,-88.2982,27.1841,9.93386904626232,63,63,63,63,61,63,0,7817,1.11627530284214,27,-88,0.001869,51,2025-07-16 11:07:26.00119,670,1.037,0.0011,"aoml_navis",1030.37740922727
"7901009",76,0,1,0.026166,1,0.003738,1,128.655075864917,1,4.85253818554826,672,1,6.88100004196167,34.8610000610352,0.0261659994721413,0,124.061798095703,-88.2982,27.1841,9.93386904626232,63,63,63,63,61,63,0,7817,1.11627530284214,27,-88,0.001869,51,2025-07-16 11:07:26.00119,672,1.037,0.0011,"aoml_navis",1030.38859434242
"7901009",76,0,1,0.029904,1,0.007476,1,128.713773999367,1,4.85248541568892,674,1,6.87200021743774,34.8619995117188,0.0299040004611015,0,124.11840057373,-88.2982,27.1841,9.93386904626232,63,63,63,63,61,63,0,7817,1.11627530284214,27,-88,0.001869,51,2025-07-16 11:07:26.00119,674,1.037,0.0011,"aoml_navis",1030.39979962313
"7901009",76,0,1,0.035511,1,0.013083,1,128.746544948672,1,4.85243848797047,676,1,6.86600017547607,34.8619995117188,0.0355109982192516,0,124.150001525879,-88.2982,27.1841,9.93386904626232,63,63,63,63,61,63,0,7817,1.11627530284214,27,-88,0.001869,51,2025-07-16 11:07:26.00119,676,1.037,0.0011,"aoml_navis",1030.40976457411
"7901009",76,0,1,0.035511,1,0.013083,1,128.830125901945,1,4.85239443135006,678,1,6.86399984359741,34.8619995117188,0.0355109982192516,0,124.230598449707,-88.2982,27.1841,9.93386904626232,63,63,63,63,61,63,0,7817,1.11627530284214,27,-88,0.001869,51,2025-07-16 11:07:26.00119,678,1.037,0.0011,"aoml_navis",1030.41912003202
"7901009",76,0,4,0.026166,1,0.003738,1,128.919933493823,1,4.85234965963349,680,1,6.86100006103516,34.8619995117188,0.0261659994721413,0,124.317199707031,-88.2982,27.1841,9.93386904626232,63,63,63,63,61,63,0,7817,1.11627530284214,27,-88,0.001869,51,2025-07-16 11:07:26.00119,680,1.037,0.0011,"aoml_navis",1030.4286275152
"7901009",76,0,1,0.031773,1,0.009345,1,129.066983436793,1,4.85230345465099,682,1,6.85599994659424,34.8619995117188,0.0317730009555817,0,124.458999633789,-88.2982,27.1841,9.93386904626232,63,63,63,63,61,63,0,7817,1.11627530284214,27,-88,0.001869,51,2025-07-16 11:07:26.00119,682,1.037,0.0011,"aoml_navis",1030.43843954307
"7901009",76,0,1,0.029904,1,0.007476,1,129.259352548671,1,4.8522536657753,684,1,6.84600019454956,34.8619995117188,0.0299040004611015,0,124.644500732422,-88.2982,27.1841,9.93386904626232,63,63,63,63,61,63,0,7817,1.11627530284214,27,-88,0.001869,51,2025-07-16 11:07:26.00119,684,1.037,0.0011,"aoml_navis",1030.44901285083
"7901009",76,0,1,0.031773,1,0.009345,1,129.462086205114,1,4.85219743140701,686,1,6.8270001411438,34.8619995117188,0.0317730009555817,0,124.839996337891,-88.2982,27.1841,9.93386904626232,63,63,63,63,61,63,0,7817,1.11627530284214,27,-88,0.001869,51,2025-07-16 11:07:26.00119,686,1.037,0.0011,"aoml_navis",1030.46095520275
"7901009",76,0,1,0.026166,1,0.003738,1,129.749136618375,1,4.85214765238843,688,1,6.81699991226196,34.8619995117188,0.0261659994721413,0,125.116798400879,-88.2982,27.1841,9.93386904626232,63,63,63,63,61,63,0,7817,1.11627530284214,27,-88,0.001869,51,2025-07-16 11:07:26.00119,688,1.037,0.0011,"aoml_navis",1030.47152687919
"7901009",76,0,1,0.029904,1,0.007476,1,130.05412323204,1,4.85209000741572,690,1,6.7960000038147,34.8619995117188,0.0299040004611015,0,125.41089630127,-88.2982,27.1841,9.93386904626232,63,63,63,63,61,63,0,7817,1.11627530284214,27,-88,0.001869,51,2025-07-16 11:07:26.00119,690,1.037,0.0011,"aoml_navis",1030.48376933615
"7901009",76,0,1,0.026166,1,0.003738,1,130.320230935787,1,4.8520352363813,692,1,6.77899980545044,34.8619995117188,0.0261659994721413,0,125.667503356934,-88.2982,27.1841,9.93386904626232,63,63,63,63,61,63,0,7817,1.11627530284214,27,-88,0.001869,51,2025-07-16 11:07:26.00119,692,1.037,0.0011,"aoml_navis",1030.49540170468
"7901009",76,0,1,0.031773,1,0.009345,1,130.596695272233,1,4.85197381572648,694,1,6.76300001144409,34.8639984130859,0.0317730009555817,0,125.934097290039,-88.2982,27.1841,9.93386904626232,63,63,63,63,61,63,0,7817,1.11627530284214,27,-88,0.001869,51,2025-07-16 11:07:26.00119,694,1.037,0.0011,"aoml_navis",1030.50844664366
"7901009",76,0,1,0.031773,1,0.009345,1,130.962144366485,1,4.85191193470755,696,1,6.73600006103516,34.8639984130859,0.0317730009555817,0,126.286499023438,-88.2982,27.1841,9.93386904626232,63,63,63,63,61,63,0,7817,1.11627530284214,27,-88,0.001869,51,2025-07-16 11:07:26.00119,696,1.037,0.0011,"aoml_navis",1030.52158969192
"7901009",76,0,1,0.029904,1,0.007476,1,131.220672502526,1,4.85186801193317,698,1,6.72900009155273,34.8629989624023,0.0299040004611015,0,126.535797119141,-88.2982,27.1841,9.93386904626232,63,63,63,63,61,63,0,7817,1.11627530284214,27,-88,0.001869,51,2025-07-16 11:07:26.00119,698,1.037,0.0011,"aoml_navis",1030.53091875181
"7901009",76,0,1,0.028035,1,0.005607,1,131.660374459942,1,4.85180687645574,700,1,6.70300006866455,34.8629989624023,0.0280349999666214,0,126.959800720215,-88.2982,27.1841,9.93386904626232,63,63,63,63,61,63,0,7817,1.11627530284214,27,-88,0.001869,51,2025-07-16 11:07:26.00119,700,1.037,0.0011,"aoml_navis",1030.54390401716
"7901009",76,0,1,0.033642,1,0.011214,1,132.054235065288,1,4.85174434660318,702,1,6.67500019073486,34.8629989624023,0.0336420014500618,0,127.339599609375,-88.2982,27.1841,9.93386904626232,63,63,63,63,61,63,0,7817,1.11627530284214,27,-88,0.001869,51,2025-07-16 11:07:26.00119,702,1.037,0.0011,"aoml_navis",1030.55718578837
"7901009",76,0,1,0.029904,1,0.007476,1,132.410553866083,1,4.85168979042089,704,1,6.65299987792969,34.8619995117188,0.0299040004611015,0,127.683197021484,-88.2982,27.1841,9.93386904626232,63,63,63,63,61,63,0,7817,1.11627530284214,27,-88,0.001869,51,2025-07-16 11:07:26.00119,704,1.037,0.0011,"aoml_navis",1030.56877417677
"7901009",76,0,1,0.028035,1,0.005607,1,132.730478082909,1,4.8516386525947,706,1,6.64099979400635,34.8619995117188,0.0280349999666214,0,127.99169921875,-88.2982,27.1841,9.93386904626232,63,63,63,63,61,63,0,7817,1.11627530284214,27,-88,0.001869,51,2025-07-16 11:07:26.00119,706,1.037,0.0011,"aoml_navis",1030.57963670191
"7901009",76,0,1,0.031773,1,0.009345,1,133.206788244678,1,4.85158624898805,708,1,6.62200021743774,34.8610000610352,0.0317730009555817,0,128.45100402832,-88.2982,27.1841,9.93386904626232,63,63,63,63,61,63,0,7817,1.11627530284214,27,-88,0.001869,51,2025-07-16 11:07:26.00119,708,1.037,0.0011,"aoml_navis",1030.59076833745
"7901009",76,0,1,0.029904,1,0.007476,1,133.564357120314,1,4.85152097778826,710,1,6.59000015258789,34.8610000610352,0.0299040004611015,0,128.795806884766,-88.2982,27.1841,9.93386904626232,63,63,63,63,61,63,0,7817,1.11627530284214,27,-88,0.001869,51,2025-07-16 11:07:26.00119,710,1.037,0.0011,"aoml_navis",1030.6046336585
"7901009",76,0,1,0.028035,1,0.005607,1,133.829926817167,1,4.85147269218195,712,1,6.58199977874756,34.8610000610352,0.0280349999666214,0,129.051895141602,-88.2982,27.1841,9.93386904626232,63,63,63,63,61,63,0,7817,1.11627530284214,27,-88,0.001869,51,2025-07-16 11:07:26.00119,712,1.037,0.0011,"aoml_navis",1030.61489103245
"7901009",76,0,1,0.031773,1,0.009345,1,134.136369214191,1,4.8514231537189,714,1,6.56699991226196,34.8600006103516,0.0317730009555817,0,129.347396850586,-88.2982,27.1841,9.93386904626232,63,63,63,63,61,63,0,7817,1.11627530284214,27,-88,0.001869,51,2025-07-16 11:07:26.00119,714,1.037,0.0011,"aoml_navis",1030.62541476457
"7901009",76,0,4,0.024297,1,0.001869,1,134.370006619544,1,4.85137134650441,716,1,6.55399990081787,34.8600006103516,0.0242970008403063,0,129.572692871094,-88.2982,27.1841,9.93386904626232,63,63,63,63,61,63,0,7817,1.11627530284214,27,-88,0.001869,51,2025-07-16 11:07:26.00119,716,1.037,0.0011,"aoml_navis",1030.63642069014
"7901009",76,0,1,0.033642,1,0.011214,1,134.633724939735,1,4.85132534885337,718,1,6.54400014877319,34.859001159668,0.0336420014500618,0,129.826995849609,-88.2982,27.1841,9.93386904626232,63,63,63,63,61,63,0,7817,1.11627530284214,27,-88,0.001869,51,2025-07-16 11:07:26.00119,718,1.037,0.0011,"aoml_navis",1030.64619262894
"7901009",76,0,1,0.031773,1,0.009345,1,135.031628508648,1,4.85127425704071,720,1,6.53200006484985,34.859001159668,0.0317730009555817,0,130.210693359375,-88.2982,27.1841,9.93386904626232,63,63,63,63,61,63,0,7817,1.11627530284214,27,-88,0.001869,51,2025-07-16 11:07:26.00119,720,1.037,0.0011,"aoml_navis",1030.65704701058
"7901009",76,0,4,0.026166,1,0.003738,1,135.457745792004,1,4.8512175362744,722,1,6.51200008392334,34.859001159668,0.0261659994721413,0,130.621597290039,-88.2982,27.1841,9.93386904626232,63,63,63,63,61,63,0,7817,1.11627530284214,27,-88,0.001869,51,2025-07-16 11:07:26.00119,722,1.037,0.0011,"aoml_navis",1030.66909752306
"7901009",76,0,1,0.031773,1,0.009345,1,135.993062651001,1,4.8511595966608,724,1,6.4850001335144,34.8580017089844,0.0317730009555817,0,131.137802124023,-88.2982,27.1841,9.93386904626232,63,63,63,63,61,63,0,7817,1.11627530284214,27,-88,0.001869,51,2025-07-16 11:07:26.00119,724,1.037,0.0011,"aoml_navis",1030.68140727459
"7901009",76,0,1,0.028035,1,0.005607,1,136.594949951198,1,4.85110080496642,726,1,6.46199989318848,34.8580017089844,0.0280349999666214,0,131.718200683594,-88.2982,27.1841,9.93386904626232,63,63,63,63,61,63,0,7817,1.11627530284214,27,-88,0.001869,51,2025-07-16 11:07:26.00119,726,1.037,0.0011,"aoml_navis",1030.69389835832
"7901009",76,0,1,0.029904,1,0.007476,1,137.054866726449,1,4.85103942887722,728,1,6.42999982833862,34.8569984436035,0.0299040004611015,0,132.161697387695,-88.2982,27.1841,9.93386904626232,63,63,63,63,61,63,0,7817,1.11627530284214,27,-88,0.001869,51,2025-07-16 11:07:26.00119,728,1.037,0.0011,"aoml_navis",1030.70693885439
"7901009",76,0,1,0.033642,1,0.011214,1,137.39314647258,1,4.85097348658192,730,1,6.40199995040894,34.8580017089844,0.0336420014500618,0,132.487899780273,-88.2982,27.1841,9.93386904626232,63,63,63,63,61,63,0,7817,1.11627530284214,27,-88,0.001869,51,2025-07-16 11:07:26.00119,730,1.037,0.0011,"aoml_navis",1030.72094989393
"7901009",76,0,1,0.028035,1,0.005607,1,137.690869993184,1,4.85091983202973,732.099975585938,1,6.38399982452393,34.8569984436035,0.0280349999666214,0,132.774993896484,-88.2982,27.1841,9.93386904626232,63,63,63,63,61,63,0,7817,1.11627530284214,27,-88,0.001869,51,2025-07-16 11:07:26.00119,732.099975585938,1.037,0.0011,"aoml_navis",1030.73235038557
"7901009",76,0,1,0.029904,1,0.007476,1,137.922545255749,1,4.85086723641855,734,1,6.37200021743774,34.8580017089844,0.0299040004611015,0,132.998397827148,-88.2982,27.1841,9.93386904626232,63,63,63,63,61,63,0,7817,1.11627530284214,27,-88,0.001869,51,2025-07-16 11:07:26.00119,734,1.037,0.0011,"aoml_navis",1030.74352611876
"7901009",76,0,1,0.026166,1,0.003738,1,138.229810486846,1,4.85082319696312,736,1,6.36999988555908,34.8580017089844,0.0261659994721413,0,133.294692993164,-88.2982,27.1841,9.93386904626232,63,63,63,63,61,63,0,7817,1.11627530284214,27,-88,0.001869,51,2025-07-16 11:07:26.00119,736,1.037,0.0011,"aoml_navis",1030.75288399096
"7901009",76,0,1,0.033642,1,0.011214,1,138.815003749613,1,4.85077078239173,738,1,6.35599994659424,34.8580017089844,0.0336420014500618,0,133.858993530273,-88.2982,27.1841,9.93386904626232,63,63,63,63,61,63,0,7817,1.11627530284214,27,-88,0.001869,51,2025-07-16 11:07:26.00119,738,1.037,0.0011,"aoml_navis",1030.76402169939
"7901009",76,0,1,0.031773,1,0.009345,1,139.434218036526,1,4.8507023497306,740,1,6.31899976730347,34.8580017089844,0.0317730009555817,0,134.456100463867,-88.2982,27.1841,9.93386904626232,63,63,63,63,61,63,0,7817,1.11627530284214,27,-88,0.001869,51,2025-07-16 11:07:26.00119,740,1.037,0.0011,"aoml_navis",1030.77856349559
"7901009",76,0,1,0.033642,1,0.011214,1,139.859085245041,1,4.85063445327378,742,1,6.28800010681152,34.859001159668,0.0336420014500618,0,134.865798950195,-88.2982,27.1841,9.93386904626232,63,63,63,63,61,63,0,7817,1.11627530284214,27,-88,0.001869,51,2025-07-16 11:07:26.00119,742,1.037,0.0011,"aoml_navis",1030.79299175501
"7901009",76,0,1,0.029904,1,0.007476,1,140.226923722849,1,4.85057444533306,744,1,6.26300001144409,34.859001159668,0.0299040004611015,0,135.220504760742,-88.2982,27.1841,9.93386904626232,63,63,63,63,61,63,0,7817,1.11627530284214,27,-88,0.001869,51,2025-07-16 11:07:26.00119,744,1.037,0.0011,"aoml_navis",1030.80574401053
"7901009",76,0,1,0.028035,1,0.005607,1,140.349383586041,1,4.85051723285098,746,1,6.24200010299683,34.859001159668,0.0280349999666214,0,135.338592529297,-88.2982,27.1841,9.93386904626232,63,63,63,63,61,63,0,7817,1.11627530284214,27,-88,0.001869,51,2025-07-16 11:07:26.00119,746,1.037,0.0011,"aoml_navis",1030.81790249844
"7901009",76,0,1,0.028035,1,0.005607,1,140.347532209378,1,4.85046881257933,748,1,6.23899984359741,34.8600006103516,0.0280349999666214,0,135.336807250977,-88.2982,27.1841,9.93386904626232,63,63,63,63,61,63,0,7817,1.11627530284214,27,-88,0.001869,51,2025-07-16 11:07:26.00119,748,1.037,0.0011,"aoml_navis",1030.82819273734
"7901009",76,0,1,0.029904,1,0.007476,1,140.481306041065,1,4.85041900887358,750,1,6.23400020599365,34.8610000610352,0.0299040004611015,0,135.465805053711,-88.2982,27.1841,9.93386904626232,63,63,63,63,61,63,0,7817,1.11627530284214,27,-88,0.001869,51,2025-07-16 11:07:26.00119,750,1.037,0.0011,"aoml_navis",1030.83877719693
"7901009",76,0,1,0.028035,1,0.005607,1,140.732254609402,1,4.85036089611061,752,1,6.21700000762939,34.8619995117188,0.0280349999666214,0,135.707794189453,-88.2982,27.1841,9.93386904626232,63,63,63,63,61,63,0,7817,1.11627530284214,27,-88,0.001869,51,2025-07-16 11:07:26.00119,752,1.037,0.0011,"aoml_navis",1030.85112780152
"7901009",76,0,1,0.033642,1,0.011214,1,140.912597684837,1,4.85030556066445,754,1,6.2039999961853,34.8629989624023,0.0336420014500618,0,135.881698608398,-88.2982,27.1841,9.93386904626232,63,63,63,63,61,63,0,7817,1.11627530284214,27,-88,0.001869,51,2025-07-16 11:07:26.00119,754,1.037,0.0011,"aoml_navis",1030.86288842286
"7901009",76,0,1,0.029904,1,0.007476,1,141.133481162069,1,4.85026014407583,756,1,6.19999980926514,34.8629989624023,0.0299040004611015,0,136.094696044922,-88.2982,27.1841,9.93386904626232,63,63,63,63,61,63,0,7817,1.11627530284214,27,-88,0.001869,51,2025-07-16 11:07:26.00119,756,1.037,0.0011,"aoml_navis",1030.87254115783
"7901009",76,0,1,0.031773,1,0.009345,1,141.500797456715,1,4.85020919689681,758,1,6.18800020217896,34.8629989624023,0.0317730009555817,0,136.44889831543,-88.2982,27.1841,9.93386904626232,63,63,63,63,61,63,0,7817,1.11627530284214,27,-88,0.001869,51,2025-07-16 11:07:26.00119,758,1.037,0.0011,"aoml_navis",1030.88336956662
"7901009",76,0,1,0.028035,1,0.005607,1,141.967660850385,1,4.85015549079134,760,1,6.17199993133545,34.8629989624023,0.0280349999666214,0,136.89909362793,-88.2982,27.1841,9.93386904626232,63,63,63,63,61,63,0,7817,1.11627530284214,27,-88,0.001869,51,2025-07-16 11:07:26.00119,760,1.037,0.0011,"aoml_navis",1030.8947846091
"7901009",76,0,1,0.029904,1,0.007476,1,142.333948602441,1,4.8500992731796,762,1,6.14699983596802,34.8619995117188,0.0299040004611015,0,137.252304077148,-88.2982,27.1841,9.93386904626232,63,63,63,63,61,63,0,7817,1.11627530284214,27,-88,0.001869,51,2025-07-16 11:07:26.00119,762,1.037,0.0011,"aoml_navis",1030.90673373416
"7901009",76,0,1,0.029904,1,0.007476,1,142.577855609966,1,4.85004534865717,764,1,6.13600015640259,34.8629989624023,0.0299040004611015,0,137.487503051758,-88.2982,27.1841,9.93386904626232,63,63,63,63,61,63,0,7817,1.11627530284214,27,-88,0.001869,51,2025-07-16 11:07:26.00119,764,1.037,0.0011,"aoml_navis",1030.91819572045
"7901009",76,0,1,0.028035,1,0.005607,1,142.890200259086,1,4.84999673914237,766,1,6.12200021743774,34.8619995117188,0.0280349999666214,0,137.788696289062,-88.2982,27.1841,9.93386904626232,63,63,63,63,61,63,0,7817,1.11627530284214,27,-88,0.001869,51,2025-07-16 11:07:26.00119,766,1.037,0.0011,"aoml_navis",1030.92852818787
"7901009",76,0,1,0.028035,1,0.005607,1,142.919553282245,1,4.84994213559401,768,1,6.1100001335144,34.8629989624023,0.0280349999666214,0,137.817001342773,-88.2982,27.1841,9.93386904626232,63,63,63,63,61,63,0,7817,1.11627530284214,27,-88,0.001869,51,2025-07-16 11:07:26.00119,768,1.037,0.0011,"aoml_navis",1030.94013499763
"7901009",76,0,1,0.031773,1,0.009345,1,143.185866694509,1,4.84988658710711,770,1,6.10200023651123,34.8650016784668,0.0317730009555817,0,138.073806762695,-88.2982,27.1841,9.93386904626232,63,63,63,63,61,63,0,7817,1.11627530284214,27,-88,0.001869,51,2025-07-16 11:07:26.00119,770,1.037,0.0011,"aoml_navis",1030.95194293655
"7901009",76,0,1,0.031773,1,0.009345,1,143.716404786394,1,4.84983086712933,772,1,6.08300018310547,34.8650016784668,0.0317730009555817,0,138.585403442383,-88.2982,27.1841,9.93386904626232,63,63,63,63,61,63,0,7817,1.11627530284214,27,-88,0.001869,51,2025-07-16 11:07:26.00119,772,1.037,0.0011,"aoml_navis",1030.96378760102
"7901009",76,0,1,0.028035,1,0.005607,1,144.103627336099,1,4.84976460612796,774,1,6.05399990081787,34.8660011291504,0.0280349999666214,0,138.958801269531,-88.2982,27.1841,9.93386904626232,63,63,63,63,61,63,0,7817,1.11627530284214,27,-88,0.001869,51,2025-07-16 11:07:26.00119,774,1.037,0.0011,"aoml_navis",1030.977873376
"7901009",76,0,1,0.033642,1,0.011214,1,144.178600179076,1,4.84970797371783,776,1,6.03900003433228,34.867000579834,0.0336420014500618,0,139.031097412109,-88.2982,27.1841,9.93386904626232,63,63,63,63,61,63,0,7817,1.11627530284214,27,-88,0.001869,51,2025-07-16 11:07:26.00119,776,1.037,0.0011,"aoml_navis",1030.98991260848
"7901009",76,0,1,0.028035,1,0.005607,1,144.297452231335,1,4.84966257792362,778,1,6.03499984741211,34.867000579834,0.0280349999666214,0,139.145706176758,-88.2982,27.1841,9.93386904626232,63,63,63,63,61,63,0,7817,1.11627530284214,27,-88,0.001869,51,2025-07-16 11:07:26.00119,778,1.037,0.0011,"aoml_navis",1030.99956330173
"7901009",76,0,1,0.035511,1,0.013083,1,144.579937497868,1,4.84961512715543,780,1,6.02799987792969,34.867000579834,0.0355109982192516,0,139.418106079102,-88.2982,27.1841,9.93386904626232,63,63,63,63,61,63,0,7817,1.11627530284214,27,-88,0.001869,51,2025-07-16 11:07:26.00119,780,1.037,0.0011,"aoml_navis",1031.00965105509
"7901009",76,0,1,0.029904,1,0.007476,1,144.819271446799,1,4.8495612487981,782,1,6.01700019836426,34.8680000305176,0.0299040004611015,0,139.648895263672,-88.2982,27.1841,9.93386904626232,63,63,63,63,61,63,0,7817,1.11627530284214,27,-88,0.001869,51,2025-07-16 11:07:26.00119,782,1.037,0.0011,"aoml_navis",1031.02110551531
"7901009",76,0,1,0.028035,1,0.005607,1,145.063289220449,1,4.84951174812514,784,1,6.00699996948242,34.8680000305176,0.0280349999666214,0,139.884201049805,-88.2982,27.1841,9.93386904626232,63,63,63,63,61,63,0,7817,1.11627530284214,27,-88,0.001869,51,2025-07-16 11:07:26.00119,784,1.037,0.0011,"aoml_navis",1031.03162951055
"7901009",76,0,1,0.031773,1,0.009345,1,145.244455129957,1,4.84946088210141,786,1,5.99499988555908,34.8680000305176,0.0317730009555817,0,140.058898925781,-88.2982,27.1841,9.93386904626232,63,63,63,63,61,63,0,7817,1.11627530284214,27,-88,0.001869,51,2025-07-16 11:07:26.00119,786,1.037,0.0011,"aoml_navis",1031.04244400737
"7901009",76,0,1,0.028035,1,0.005607,1,145.379684745003,1,4.84941207385366,788,1,5.98600006103516,34.8680000305176,0.0280349999666214,0,140.189300537109,-88.2982,27.1841,9.93386904626232,63,63,63,63,61,63,0,7817,1.11627530284214,27,-88,0.001869,51,2025-07-16 11:07:26.00119,788,1.037,0.0011,"aoml_navis",1031.05282121894
"7901009",76,0,1,0.026166,1,0.003738,1,145.55960057967,1,4.8493616320703,790,1,5.98000001907349,34.8689994812012,0.0261659994721413,0,140.36279296875,-88.2982,27.1841,9.93386904626232,63,63,63,63,61,63,0,7817,1.11627530284214,27,-88,0.001869,51,2025-07-16 11:07:26.00119,790,1.037,0.0011,"aoml_navis",1031.06354595902
"7901009",76,0,1,0.031773,1,0.009345,1,146.061212889164,1,4.84930914064393,792,1,5.97100019454956,34.8699989318848,0.0317730009555817,0,140.846496582031,-88.2982,27.1841,9.93386904626232,63,63,63,63,61,63,0,7817,1.11627530284214,27,-88,0.001869,51,2025-07-16 11:07:26.00119,792,1.037,0.0011,"aoml_navis",1031.07470672329
"7901009",76,0,1,0.028035,1,0.005607,1,146.532332866785,1,4.84924940881138,794,1,5.94600009918213,34.8699989318848,0.0280349999666214,0,141.300796508789,-88.2982,27.1841,9.93386904626232,63,63,63,63,61,63,0,7817,1.11627530284214,27,-88,0.001869,51,2025-07-16 11:07:26.00119,794,1.037,0.0011,"aoml_navis",1031.08740724177
"7901009",76,0,1,0.028035,1,0.005607,1,146.747203325796,1,4.84920498761388,796,1,5.93800020217896,34.8689994812012,0.0280349999666214,0,141.507995605469,-88.2982,27.1841,9.93386904626232,63,63,63,63,61,63,0,7817,1.11627530284214,27,-88,0.001869,51,2025-07-16 11:07:26.00119,796,1.037,0.0011,"aoml_navis",1031.0968525297
"7901009",76,0,1,0.033642,1,0.011214,1,147.077507910918,1,4.84915824513706,798,1,5.93200016021729,34.8689994812012,0.0336420014500618,0,141.826507568359,-88.2982,27.1841,9.93386904626232,63,63,63,63,61,63,0,7817,1.11627530284214,27,-88,0.001869,51,2025-07-16 11:07:26.00119,798,1.037,0.0011,"aoml_navis",1031.10679157856
"7901009",76,0,1,0.031773,1,0.009345,1,147.341004698859,1,4.8490941775214,800,1,5.9060001373291,34.8699989318848,0.0317730009555817,0,142.080596923828,-88.2982,27.1841,9.93386904626232,63,63,63,63,61,63,0,7817,1.11627530284214,27,-88,0.001869,51,2025-07-16 11:07:26.00119,800,1.037,0.0011,"aoml_navis",1031.12041485565
"7901009",76,0,1,0.031773,1,0.009345,1,147.428225110528,1,4.84904375252831,802,1,5.90000009536743,34.8709983825684,0.0317730009555817,0,142.164703369141,-88.2982,27.1841,9.93386904626232,63,63,63,63,61,63,0,7817,1.11627530284214,27,-88,0.001869,51,2025-07-16 11:07:26.00119,802,1.037,0.0011,"aoml_navis",1031.13113743158
"7901009",76,0,1,0.028035,1,0.005607,1,147.479446531533,1,4.84899429367368,804,1,5.8899998664856,34.8709983825684,0.0280349999666214,0,142.214096069336,-88.2982,27.1841,9.93386904626232,63,63,63,63,61,63,0,7817,1.11627530284214,27,-88,0.001869,51,2025-07-16 11:07:26.00119,804,1.037,0.0011,"aoml_navis",1031.14165478052
"7901009",76,0,1,0.029904,1,0.007476,1,147.407590963791,1,4.84894658346011,806,1,5.88800001144409,34.8720016479492,0.0299040004611015,0,142.144805908203,-88.2982,27.1841,9.93386904626232,63,63,63,63,61,63,0,7817,1.11627530284214,27,-88,0.001869,51,2025-07-16 11:07:26.00119,806,1.037,0.0011,"aoml_navis",1031.15180048696
"7901009",76,0,1,0.029904,1,0.007476,1,147.438383946576,1,4.84890257795706,808,1,5.88600015640259,34.8720016479492,0.0299040004611015,0,142.174499511719,-88.2982,27.1841,9.93386904626232,63,63,63,63,61,63,0,7817,1.11627530284214,27,-88,0.001869,51,2025-07-16 11:07:26.00119,808,1.037,0.0011,"aoml_navis",1031.16115855365
"7901009",76,0,1,0.029904,1,0.007476,1,147.454555800844,1,4.84885857409536,810,1,5.88399982452393,34.8720016479492,0.0299040004611015,0,142.190093994141,-88.2982,27.1841,9.93386904626232,63,63,63,63,61,63,0,7817,1.11627530284214,27,-88,0.001869,51,2025-07-16 11:07:26.00119,810,1.037,0.0011,"aoml_navis",1031.17051644115
"7901009",76,0,1,0.029904,1,0.007476,1,147.531823084985,1,4.8488138911784,812,1,5.88100004196167,34.8720016479492,0.0299040004611015,0,142.264602661133,-88.2982,27.1841,9.93386904626232,63,63,63,63,61,63,0,7817,1.11627530284214,27,-88,0.001869,51,2025-07-16 11:07:26.00119,812,1.037,0.0011,"aoml_navis",1031.18001891074
"7901009",76,0,1,0.028035,1,0.005607,1,147.645785604006,1,4.84876347773381,814,1,5.875,34.8730010986328,0.0280349999666214,0,142.374496459961,-88.2982,27.1841,9.93386904626232,63,63,63,63,61,63,0,7817,1.11627530284214,27,-88,0.001869,51,2025-07-16 11:07:26.00119,814,1.037,0.0011,"aoml_navis",1031.19074027032
"7901009",76,0,1,0.029904,1,0.007476,1,147.68477528005,1,4.84871675451306,816,1,5.86899995803833,34.8730010986328,0.0299040004611015,0,142.412094116211,-88.2982,27.1841,9.93386904626232,63,63,63,63,61,63,0,7817,1.11627530284214,27,-88,0.001869,51,2025-07-16 11:07:26.00119,816,1.037,0.0011,"aoml_navis",1031.20067703401
"7901009",76,0,1,0.029904,1,0.007476,1,147.732072415478,1,4.84866089834977,818,1,5.85500001907349,34.8740005493164,0.0299040004611015,0,142.457702636719,-88.2982,27.1841,9.93386904626232,63,63,63,63,61,63,0,7817,1.11627530284214,27,-88,0.001869,51,2025-07-16 11:07:26.00119,818,1.037,0.0011,"aoml_navis",1031.21255637855
"7901009",76,0,1,0.033642,1,0.011214,1,147.760491838439,1,4.8486162221508,820,1,5.85200023651123,34.8740005493164,0.0336420014500618,0,142.485107421875,-88.2982,27.1841,9.93386904626232,63,63,63,63,61,63,0,7817,1.11627530284214,27,-88,0.001869,51,2025-07-16 11:07:26.00119,820,1.037,0.0011,"aoml_navis",1031.22205819417
"7901009",76,0,1,0.028035,1,0.005607,1,147.84427850023,1,4.84857290898552,822,1,5.85099983215332,34.8740005493164,0.0280349999666214,0,142.565902709961,-88.2982,27.1841,9.93386904626232,63,63,63,63,61,63,0,7817,1.11627530284214,27,-88,0.001869,51,2025-07-16 11:07:26.00119,822,1.037,0.0011,"aoml_navis",1031.23127028447
"7901009",76,0,1,0.029904,1,0.007476,1,147.994429894703,1,4.84852891741298,824,1,5.84899997711182,34.8740005493164,0.0299040004611015,0,142.710693359375,-88.2982,27.1841,9.93386904626232,63,63,63,63,61,63,0,7817,1.11627530284214,27,-88,0.001869,51,2025-07-16 11:07:26.00119,824,1.037,0.0011,"aoml_navis",1031.24062683075
"7901009",76,0,1,0.033642,1,0.011214,1,148.202575267545,1,4.848480161638,826,1,5.84000015258789,34.8740005493164,0.0336420014500618,0,142.911407470703,-88.2982,27.1841,9.93386904626232,63,63,63,63,61,63,0,7817,1.11627530284214,27,-88,0.001869,51,2025-07-16 11:07:26.00119,826,1.037,0.0011,"aoml_navis",1031.25099687132
"7901009",76,0,1,0.031773,1,0.009345,1,148.473746565583,1,4.84842227891585,828,1,5.82299995422363,34.875,0.0317730009555817,0,143.172897338867,-88.2982,27.1841,9.93386904626232,63,63,63,63,61,63,0,7817,1.11627530284214,27,-88,0.001869,51,2025-07-16 11:07:26.00119,828,1.037,0.0011,"aoml_navis",1031.26330842578
"7901009",76,0,1,0.033642,1,0.011214,1,148.893439413682,1,4.84836372714347,830,1,5.80499982833862,34.8759994506836,0.0336420014500618,0,143.577606201172,-88.2982,27.1841,9.93386904626232,63,63,63,63,61,63,0,7817,1.11627530284214,27,-88,0.001869,51,2025-07-16 11:07:26.00119,830,1.037,0.0011,"aoml_navis",1031.27576258514
"7901009",76,0,1,0.035511,1,0.013083,1,149.260439233685,1,4.84831430597676,832,1,5.79500007629395,34.8759994506836,0.0355109982192516,0,143.931503295898,-88.2982,27.1841,9.93386904626232,63,63,63,63,61,63,0,7817,1.11627530284214,27,-88,0.001869,51,2025-07-16 11:07:26.00119,832,1.037,0.0011,"aoml_navis",1031.286274868
"7901009",76,0,4,0.024297,1,0.001869,1,149.687490117238,1,4.8482537372283,834,1,5.77400016784668,34.8769989013672,0.0242970008403063,0,144.343307495117,-88.2982,27.1841,9.93386904626232,63,63,63,63,61,63,0,7817,1.11627530284214,27,-88,0.001869,51,2025-07-16 11:07:26.00119,834,1.037,0.0011,"aoml_navis",1031.29915862416
"7901009",76,0,1,0.035511,1,0.013083,1,150.011765860408,1,4.84820025982774,836,1,5.75799989700317,34.8769989013672,0.0355109982192516,0,144.656005859375,-88.2982,27.1841,9.93386904626232,63,63,63,63,61,63,0,7817,1.11627530284214,27,-88,0.001869,51,2025-07-16 11:07:26.00119,836,1.037,0.0011,"aoml_navis",1031.3105342265
"7901009",76,0,1,0.026166,1,0.003738,1,150.121993978639,1,4.84815153205391,838,1,5.74900007247925,34.8769989013672,0.0261659994721413,0,144.762298583984,-88.2982,27.1841,9.93386904626232,63,63,63,63,61,63,0,7817,1.11627530284214,27,-88,0.001869,51,2025-07-16 11:07:26.00119,838,1.037,0.0011,"aoml_navis",1031.32089971655
"7901009",76,0,1,0.033642,1,0.011214,1,150.210875882186,1,4.8481075482273,840,1,5.74700021743774,34.8769989013672,0.0336420014500618,0,144.848007202148,-88.2982,27.1841,9.93386904626232,63,63,63,63,61,63,0,7817,1.11627530284214,27,-88,0.001869,51,2025-07-16 11:07:26.00119,840,1.037,0.0011,"aoml_navis",1031.33025624158
"7901009",76,0,1,0.029904,1,0.007476,1,150.535974459428,1,4.84806153378194,842,1,5.74200010299683,34.8769989013672,0.0299040004611015,0,145.161499023438,-88.2982,27.1841,9.93386904626232,63,63,63,63,61,63,0,7817,1.11627530284214,27,-88,0.001869,51,2025-07-16 11:07:26.00119,842,1.037,0.0011,"aoml_navis",1031.34004491472
"7901009",76,0,1,0.028035,1,0.005607,1,151.06496182556,1,4.84801078104723,844,1,5.73000001907349,34.8769989013672,0.0280349999666214,0,145.671600341797,-88.2982,27.1841,9.93386904626232,63,63,63,63,61,63,0,7817,1.11627530284214,27,-88,0.001869,51,2025-07-16 11:07:26.00119,844,1.037,0.0011,"aoml_navis",1031.35084178174
"7901009",76,0,1,0.029904,1,0.007476,1,151.62651443248,1,4.84795025855809,846,1,5.70900011062622,34.8779983520508,0.0299040004611015,0,146.213104248047,-88.2982,27.1841,9.93386904626232,63,63,63,63,61,63,0,7817,1.11627530284214,27,-88,0.001869,51,2025-07-16 11:07:26.00119,846,1.037,0.0011,"aoml_navis",1031.36371730991
"7901009",76,0,1,0.031773,1,0.009345,1,152.047441531687,1,4.84789681691975,848,1,5.69299983978271,34.8779983520508,0.0317730009555817,0,146.619003295898,-88.2982,27.1841,9.93386904626232,63,63,63,63,61,63,0,7817,1.11627530284214,27,-88,0.001869,51,2025-07-16 11:07:26.00119,848,1.037,0.0011,"aoml_navis",1031.37508672821
"7901009",76,0,1,0.031773,1,0.009345,1,152.345576469327,1,4.84784676003671,850,1,5.68200016021729,34.8779983520508,0.0317730009555817,0,146.906494140625,-88.2982,27.1841,9.93386904626232,63,63,63,63,61,63,0,7817,1.11627530284214,27,-88,0.001869,51,2025-07-16 11:07:26.00119,850,1.037,0.0011,"aoml_navis",1031.38573628555
"7901009",76,0,1,0.031773,1,0.009345,1,152.55973486039,1,4.84778760834649,852,1,5.66300010681152,34.8790016174316,0.0317730009555817,0,147.113006591797,-88.2982,27.1841,9.93386904626232,63,63,63,63,61,63,0,7817,1.11627530284214,27,-88,0.001869,51,2025-07-16 11:07:26.00119,852,1.037,0.0011,"aoml_navis",1031.39832103854
"7901009",76,0,1,0.029904,1,0.007476,1,152.76588644298,1,4.84773320078733,854,1,5.65100002288818,34.8800010681152,0.0299040004611015,0,147.311798095703,-88.2982,27.1841,9.93386904626232,63,63,63,63,61,63,0,7817,1.11627530284214,27,-88,0.001869,51,2025-07-16 11:07:26.00119,854,1.037,0.0011,"aoml_navis",1031.40989673028
"7901009",76,0,1,0.029904,1,0.007476,1,152.970487299818,1,4.84768450735159,856,1,5.64200019836426,34.8800010681152,0.0299040004611015,0,147.509094238281,-88.2982,27.1841,9.93386904626232,63,63,63,63,61,63,0,7817,1.11627530284214,27,-88,0.001869,51,2025-07-16 11:07:26.00119,856,1.037,0.0011,"aoml_navis",1031.42025691181
"7901009",76,0,1,0.033642,1,0.011214,1,153.217195107935,1,4.84763514320398,858,1,5.63199996948242,34.8800010681152,0.0336420014500618,0,147.746994018555,-88.2982,27.1841,9.93386904626232,63,63,63,63,61,63,0,7817,1.11627530284214,27,-88,0.001869,51,2025-07-16 11:07:26.00119,858,1.037,0.0011,"aoml_navis",1031.43076000875
"7901009",76,0,1,0.028035,1,0.005607,1,153.465975824966,1,4.84758074883204,860,1,5.61999988555908,34.8810005187988,0.0280349999666214,0,147.986892700195,-88.2982,27.1841,9.93386904626232,63,63,63,63,61,63,0,7817,1.11627530284214,27,-88,0.001869,51,2025-07-16 11:07:26.00119,860,1.037,0.0011,"aoml_navis",1031.44233362274
"7901009",76,0,1,0.028035,1,0.005607,1,153.614592317419,1,4.84753408418998,862,1,5.61399984359741,34.8810005187988,0.0280349999666214,0,148.13020324707,-88.2982,27.1841,9.93386904626232,63,63,63,63,61,63,0,7817,1.11627530284214,27,-88,0.001869,51,2025-07-16 11:07:26.00119,862,1.037,0.0011,"aoml_navis",1031.45226277156
"7901009",76,0,1,0.031773,1,0.009345,1,153.868974635635,1,4.84748540328621,864,1,5.60500001907349,34.8810005187988,0.0317730009555817,0,148.375503540039,-88.2982,27.1841,9.93386904626232,63,63,63,63,61,63,0,7817,1.11627530284214,27,-88,0.001869,51,2025-07-16 11:07:26.00119,864,1.037,0.0011,"aoml_navis",1031.46262113763
"7901009",76,0,1,0.028035,1,0.005607,1,154.159023646141,1,4.84743807037702,866,1,5.59800004959106,34.8810005187988,0.0280349999666214,0,148.655197143555,-88.2982,27.1841,9.93386904626232,63,63,63,63,61,63,0,7817,1.11627530284214,27,-88,0.001869,51,2025-07-16 11:07:26.00119,866,1.037,0.0011,"aoml_navis",1031.47269287571
"7901009",76,0,1,0.029904,1,0.007476,1,154.38457512436,1,4.84738872251772,868,1,5.58799982070923,34.8810005187988,0.0299040004611015,0,148.872695922852,-88.2982,27.1841,9.93386904626232,63,63,63,63,61,63,0,7817,1.11627530284214,27,-88,0.001869,51,2025-07-16 11:07:26.00119,868,1.037,0.0011,"aoml_navis",1031.48319357458
"7901009",76,0,1,0.031773,1,0.009345,1,154.689783270275,1,4.84733300352694,870,1,5.57399988174438,34.8819999694824,0.0317730009555817,0,149.167007446289,-88.2982,27.1841,9.93386904626232,63,63,63,63,61,63,0,7817,1.11627530284214,27,-88,0.001869,51,2025-07-16 11:07:26.00119,870,1.037,0.0011,"aoml_navis",1031.49505023937
"7901009",76,0,1,0.029904,1,0.007476,1,154.942804747525,1,4.84728232141745,872,1,5.56199979782104,34.8819999694824,0.0299040004611015,0,149.410995483398,-88.2982,27.1841,9.93386904626232,63,63,63,63,61,63,0,7817,1.11627530284214,27,-88,0.001869,51,2025-07-16 11:07:26.00119,872,1.037,0.0011,"aoml_navis",1031.50583532298
"7901009",76,0,1,0.031773,1,0.009345,1,155.128021532466,1,4.84723701385381,874,1,5.55800008773804,34.8819999694824,0.0317730009555817,0,149.589599609375,-88.2982,27.1841,9.93386904626232,63,63,63,63,61,63,0,7817,1.11627530284214,27,-88,0.001869,51,2025-07-16 11:07:26.00119,874,1.037,0.0011,"aoml_navis",1031.5154769015
"7901009",76,0,1,0.031773,1,0.009345,1,155.535150337229,1,4.84718265116648,876,1,5.5460000038147,34.882999420166,0.0317730009555817,0,149.982192993164,-88.2982,27.1841,9.93386904626232,63,63,63,63,61,63,0,7817,1.11627530284214,27,-88,0.001869,51,2025-07-16 11:07:26.00119,876,1.037,0.0011,"aoml_navis",1031.527045674
"7901009",76,0,1,0.028035,1,0.005607,1,155.919587910074,1,4.84713131043233,878,1,5.53299999237061,34.882999420166,0.0280349999666214,0,150.352905273438,-88.2982,27.1841,9.93386904626232,63,63,63,63,61,63,0,7817,1.11627530284214,27,-88,0.001869,51,2025-07-16 11:07:26.00119,878,1.037,0.0011,"aoml_navis",1031.53797159129
"7901009",76,0,1,0.028035,1,0.005607,1,156.308566894048,1,4.84708466717126,880,1,5.52699995040894,34.882999420166,0.0280349999666214,0,150.727996826172,-88.2982,27.1841,9.93386904626232,63,63,63,63,61,63,0,7817,1.11627530284214,27,-88,0.001869,51,2025-07-16 11:07:26.00119,880,1.037,0.0011,"aoml_navis",1031.54789803125
"7901009",76,0,1,0.029904,1,0.007476,1,156.716534356616,1,4.84702161174796,882,1,5.5019998550415,34.8839988708496,0.0299040004611015,0,151.121398925781,-88.2982,27.1841,9.93386904626232,63,63,63,63,61,63,0,7817,1.11627530284214,27,-88,0.001869,51,2025-07-16 11:07:26.00119,882,1.037,0.0011,"aoml_navis",1031.56131754834
"7901009",76,0,1,0.029904,1,0.007476,1,157.083945593655,1,4.84697095983483,884,1,5.48999977111816,34.8839988708496,0.0299040004611015,0,151.475692749023,-88.2982,27.1841,9.93386904626232,63,63,63,63,61,63,0,7817,1.11627530284214,27,-88,0.001869,51,2025-07-16 11:07:26.00119,884,1.037,0.0011,"aoml_navis",1031.57209759111
"7901009",76,0,1,0.028035,1,0.005607,1,157.451372654427,1,4.84691964479521,886,1,5.47700023651123,34.8839988708496,0.0280349999666214,0,151.830001831055,-88.2982,27.1841,9.93386904626232,63,63,63,63,61,63,0,7817,1.11627530284214,27,-88,0.001869,51,2025-07-16 11:07:26.00119,886,1.037,0.0011,"aoml_navis",1031.58301899417
"7901009",76,0,1,0.026166,1,0.003738,1,157.716641700369,1,4.84686264378091,888,1,5.46099996566772,34.8849983215332,0.0261659994721413,0,152.085800170898,-88.2982,27.1841,9.93386904626232,63,63,63,63,61,63,0,7817,1.11627530284214,27,-88,0.001869,51,2025-07-16 11:07:26.00119,888,1.037,0.0011,"aoml_navis",1031.59515081691
"7901009",76,0,1,0.028035,1,0.005607,1,157.904754228296,1,4.84681601486833,890,1,5.45499992370605,34.8849983215332,0.0280349999666214,0,152.267196655273,-88.2982,27.1841,9.93386904626232,63,63,63,63,61,63,0,7817,1.11627530284214,27,-88,0.001869,51,2025-07-16 11:07:26.00119,890,1.037,0.0011,"aoml_navis",1031.60507530341
"7901009",76,0,1,0.031773,1,0.009345,1,158.063418790671,1,4.84677072363567,892,1,5.45100021362305,34.8849983215332,0.0317730009555817,0,152.420196533203,-88.2982,27.1841,9.93386904626232,63,63,63,63,61,63,0,7817,1.11627530284214,27,-88,0.001869,51,2025-07-16 11:07:26.00119,892,1.037,0.0011,"aoml_navis",1031.61471526125
"7901009",76,0,1,0.029904,1,0.007476,1,158.293337618967,1,4.84672209544624,894,1,5.44199991226196,34.8849983215332,0.0299040004611015,0,152.641906738281,-88.2982,27.1841,9.93386904626232,63,63,63,63,61,63,0,7817,1.11627530284214,27,-88,0.001869,51,2025-07-16 11:07:26.00119,894,1.037,0.0011,"aoml_navis",1031.62506567021
"7901009",76,0,1,0.028035,1,0.005607,1,158.504774328098,1,4.84667280340642,896,1,5.43200016021729,34.8849983215332,0.0280349999666214,0,152.845794677734,-88.2982,27.1841,9.93386904626232,63,63,63,63,61,63,0,7817,1.11627530284214,27,-88,0.001869,51,2025-07-16 11:07:26.00119,896,1.037,0.0011,"aoml_navis",1031.63555759032
"7901009",76,0,1,0.033642,1,0.011214,1,158.659198130254,1,4.84662048027646,898,1,5.4229998588562,34.8860015869141,0.0336420014500618,0,152.994705200195,-88.2982,27.1841,9.93386904626232,63,63,63,63,61,63,0,7817,1.11627530284214,27,-88,0.001869,51,2025-07-16 11:07:26.00119,898,1.037,0.0011,"aoml_navis",1031.64669491818
"7901009",76,0,1,0.029904,1,0.007476,1,158.816818326307,1,4.84657452930012,900,1,5.41800022125244,34.8860015869141,0.0299040004611015,0,153.146697998047,-88.2982,27.1841,9.93386904626232,63,63,63,63,61,63,0,7817,1.11627530284214,27,-88,0.001869,51,2025-07-16 11:07:26.00119,900,1.037,0.0011,"aoml_navis",1031.6564760889
"7901009",76,0,1,0.026166,1,0.003738,1,159.058335950276,1,4.84652657921549,902,1,5.40999984741211,34.8860015869141,0.0261659994721413,0,153.379592895508,-88.2982,27.1841,9.93386904626232,63,63,63,63,61,63,0,7817,1.11627530284214,27,-88,0.001869,51,2025-07-16 11:07:26.00119,902,1.037,0.0011,"aoml_navis",1031.66668298956
"7901009",76,0,1,0.031773,1,0.009345,1,159.156443089673,1,4.84647729916456,904,1,5.40000009536743,34.8860015869141,0.0317730009555817,0,153.474197387695,-88.2982,27.1841,9.93386904626232,63,63,63,63,61,63,0,7817,1.11627530284214,27,-88,0.001869,51,2025-07-16 11:07:26.00119,904,1.037,0.0011,"aoml_navis",1031.67717320411
"7901009",76,0,1,0.028035,1,0.005607,1,159.315218418173,1,4.84642633418943,906,1,5.39300012588501,34.8870010375977,0.0280349999666214,0,153.627304077148,-88.2982,27.1841,9.93386904626232,63,63,63,63,61,63,0,7817,1.11627530284214,27,-88,0.001869,51,2025-07-16 11:07:26.00119,906,1.037,0.0011,"aoml_navis",1031.68802231186
"7901009",76,0,1,0.031773,1,0.009345,1,159.451175924898,1,4.84638172323293,908,1,5.3899998664856,34.8870010375977,0.0317730009555817,0,153.758407592773,-88.2982,27.1841,9.93386904626232,63,63,63,63,61,63,0,7817,1.11627530284214,27,-88,0.001869,51,2025-07-16 11:07:26.00119,908,1.037,0.0011,"aoml_navis",1031.69751900281
"7901009",76,0,1,0.028035,1,0.005607,1,159.545849314416,1,4.84633511529721,910,1,5.38399982452393,34.8870010375977,0.0280349999666214,0,153.849700927734,-88.2982,27.1841,9.93386904626232,63,63,63,63,61,63,0,7817,1.11627530284214,27,-88,0.001869,51,2025-07-16 11:07:26.00119,910,1.037,0.0011,"aoml_navis",1031.70744099345
"7901009",76,0,1,0.033642,1,0.011214,1,159.616676339567,1,4.84629184069546,912,1,5.38299989700317,34.8870010375977,0.0336420014500618,0,153.917999267578,-88.2982,27.1841,9.93386904626232,63,63,63,63,61,63,0,7817,1.11627530284214,27,-88,0.001869,51,2025-07-16 11:07:26.00119,912,1.037,0.0011,"aoml_navis",1031.71665354815
"7901009",76,0,1,0.029904,1,0.007476,1,159.732616825108,1,4.84624790183589,914,1,5.38100004196167,34.8870010375977,0.0299040004611015,0,154.029800415039,-88.2982,27.1841,9.93386904626232,63,63,63,63,61,63,0,7817,1.11627530284214,27,-88,0.001869,51,2025-07-16 11:07:26.00119,914,1.037,0.0011,"aoml_navis",1031.72600768233
"7901009",76,0,1,0.029904,1,0.007476,1,159.893560004915,1,4.84620129887946,916,1,5.375,34.8870010375977,0.0299040004611015,0,154.184997558594,-88.2982,27.1841,9.93386904626232,63,63,63,63,61,63,0,7817,1.11627530284214,27,-88,0.001869,51,2025-07-16 11:07:26.00119,916,1.037,0.0011,"aoml_navis",1031.73592916087
"7901009",76,0,1,0.031773,1,0.009345,1,159.995195836583,1,4.84615603045014,918,1,5.37099981307983,34.8870010375977,0.0317730009555817,0,154.283004760742,-88.2982,27.1841,9.93386904626232,63,63,63,63,61,63,0,7817,1.11627530284214,27,-88,0.001869,51,2025-07-16 11:07:26.00119,918,1.037,0.0011,"aoml_navis",1031.74556670961
"7901009",76,0,1,0.026166,1,0.003738,1,160.207882620555,1,4.84611209685563,920,1,5.36899995803833,34.8870010375977,0.0261659994721413,0,154.488098144531,-88.2982,27.1841,9.93386904626232,63,63,63,63,61,63,0,7817,1.11627530284214,27,-88,0.001869,51,2025-07-16 11:07:26.00119,920,1.037,0.0011,"aoml_navis",1031.75492024714
"7901009",76,0,1,0.033642,1,0.011214,1,160.442880866874,1,4.84606470256165,922.099975585938,1,5.36499977111816,34.8870010375977,0.0336420014500618,0,154.714706420898,-88.2982,27.1841,9.93386904626232,63,63,63,63,61,63,0,7817,1.11627530284214,27,-88,0.001869,51,2025-07-16 11:07:26.00119,922.099975585938,1.037,0.0011,"aoml_navis",1031.76501076368
"7901009",76,0,1,0.028035,1,0.005607,1,160.789863665694,1,4.84601255277761,924,1,5.35300016403198,34.8880004882812,0.0280349999666214,0,155.049301147461,-88.2982,27.1841,9.93386904626232,63,63,63,63,61,63,0,7817,1.11627530284214,27,-88,0.001869,51,2025-07-16 11:07:26.00119,924,1.037,0.0011,"aoml_navis",1031.77611397934
"7901009",76,0,1,0.028035,1,0.005607,1,161.140691631429,1,4.84596462743245,926,1,5.34499979019165,34.8880004882812,0.0280349999666214,0,155.387603759766,-88.2982,27.1841,9.93386904626232,63,63,63,63,61,63,0,7817,1.11627530284214,27,-88,0.001869,51,2025-07-16 11:07:26.00119,926,1.037,0.0011,"aoml_navis",1031.78631798003
"7901009",76,0,1,0.031773,1,0.009345,1,161.460821556773,1,4.84591005089434,928,1,5.3270001411438,34.8880004882812,0.0317730009555817,0,155.696304321289,-88.2982,27.1841,9.93386904626232,63,63,63,63,61,63,0,7817,1.11627530284214,27,-88,0.001869,51,2025-07-16 11:07:26.00119,928,1.037,0.0011,"aoml_navis",1031.7979383619
"7901009",76,0,1,0.033642,1,0.011214,1,161.69331965341,1,4.84586279798952,930,1,5.32000017166138,34.8880004882812,0.0336420014500618,0,155.920501708984,-88.2982,27.1841,9.93386904626232,63,63,63,63,61,63,0,7817,1.11627530284214,27,-88,0.001869,51,2025-07-16 11:07:26.00119,930,1.037,0.0011,"aoml_navis",1031.80799961452
"7901009",76,0,1,0.029904,1,0.007476,1,162.025269906677,1,4.84581119609825,932,1,5.31199979782104,34.8889999389648,0.0299040004611015,0,156.240600585938,-88.2982,27.1841,9.93386904626232,63,63,63,63,61,63,0,7817,1.11627530284214,27,-88,0.001869,51,2025-07-16 11:07:26.00119,932,1.037,0.0011,"aoml_navis",1031.81898709258
"7901009",76,0,1,0.033642,1,0.011214,1,162.455121590823,1,4.84575796791338,934,1,5.2960000038147,34.8889999389648,0.0336420014500618,0,156.65510559082,-88.2982,27.1841,9.93386904626232,63,63,63,63,61,63,0,7817,1.11627530284214,27,-88,0.001869,51,2025-07-16 11:07:26.00119,934,1.037,0.0011,"aoml_navis",1031.83032109898
"7901009",76,0,1,0.031773,1,0.009345,1,162.665213282721,1,4.84570238987005,936,1,5.28200006484985,34.8899993896484,0.0317730009555817,0,156.857696533203,-88.2982,27.1841,9.93386904626232,63,63,63,63,61,63,0,7817,1.11627530284214,27,-88,0.001869,51,2025-07-16 11:07:26.00119,936,1.037,0.0011,"aoml_navis",1031.84215573216
"7901009",76,0,1,0.029904,1,0.007476,1,162.766643405871,1,4.84565647569243,938,1,5.27699995040894,34.8899993896484,0.0299040004611015,0,156.955505371094,-88.2982,27.1841,9.93386904626232,63,63,63,63,61,63,0,7817,1.11627530284214,27,-88,0.001869,51,2025-07-16 11:07:26.00119,938,1.037,0.0011,"aoml_navis",1031.85193277357
"7901009",76,0,1,0.029904,1,0.007476,1,162.86732981361,1,4.84561189089125,940,1,5.27400016784668,34.8899993896484,0.0299040004611015,0,157.052597045898,-88.2982,27.1841,9.93386904626232,63,63,63,63,61,63,0,7817,1.11627530284214,27,-88,0.001869,51,2025-07-16 11:07:26.00119,940,1.037,0.0011,"aoml_navis",1031.86142691266
"7901009",76,0,1,0.028035,1,0.005607,1,162.954028042118,1,4.84556730757499,942,1,5.27099990844727,34.8899993896484,0.0280349999666214,0,157.136199951172,-88.2982,27.1841,9.93386904626232,63,63,63,63,61,63,0,7817,1.11627530284214,27,-88,0.001869,51,2025-07-16 11:07:26.00119,942,1.037,0.0011,"aoml_navis",1031.87092091025
"7901009",76,0,1,0.029904,1,0.007476,1,163.085111839338,1,4.84552206262553,944,1,5.26700019836426,34.8899993896484,0.0299040004611015,0,157.262603759766,-88.2982,27.1841,9.93386904626232,63,63,63,63,61,63,0,7817,1.11627530284214,27,-88,0.001869,51,2025-07-16 11:07:26.00119,944,1.037,0.0011,"aoml_navis",1031.88055598095
"7901009",76,0,1,0.029904,1,0.007476,1,163.10761318647,1,4.84547814666234,946,1,5.2649998664856,34.8899993896484,0.0299040004611015,0,157.284301757812,-88.2982,27.1841,9.93386904626232,63,63,63,63,61,63,0,7817,1.11627530284214,27,-88,0.001869,51,2025-07-16 11:07:26.00119,946,1.037,0.0011,"aoml_navis",1031.88990821145
"7901009",76,0,1,0.029904,1,0.007476,1,163.25591320428,1,4.84542988352367,948,1,5.26200008392334,34.890998840332,0.0299040004611015,0,157.427307128906,-88.2982,27.1841,9.93386904626232,63,63,63,63,61,63,0,7817,1.11627530284214,27,-88,0.001869,51,2025-07-16 11:07:26.00119,948,1.037,0.0011,"aoml_navis",1031.90018640078
"7901009",76,0,1,0.029904,1,0.007476,1,163.36261263024,1,4.84538530751254,950,1,5.25899982452393,34.890998840332,0.0299040004611015,0,157.530197143555,-88.2982,27.1841,9.93386904626232,63,63,63,63,61,63,0,7817,1.11627530284214,27,-88,0.001869,51,2025-07-16 11:07:26.00119,950,1.037,0.0011,"aoml_navis",1031.90967955587
"7901009",76,0,1,0.028035,1,0.005607,1,163.549902324094,1,4.84534006965928,952,1,5.25500011444092,34.890998840332,0.0280349999666214,0,157.710800170898,-88.2982,27.1841,9.93386904626232,63,63,63,63,61,63,0,7817,1.11627530284214,27,-88,0.001869,51,2025-07-16 11:07:26.00119,952,1.037,0.0011,"aoml_navis",1031.91931383912
"7901009",76,0,1,0.028035,1,0.005607,1,163.707744052397,1,4.84529416933313,954,1,5.25,34.890998840332,0.0280349999666214,0,157.863006591797,-88.2982,27.1841,9.93386904626232,63,63,63,63,61,63,0,7817,1.11627530284214,27,-88,0.001869,51,2025-07-16 11:07:26.00119,954,1.037,0.0011,"aoml_navis",1031.92908939276
"7901009",76,0,1,0.031773,1,0.009345,1,163.88952708746,1,4.84524893466688,956,1,5.24599981307983,34.890998840332,0.0317730009555817,0,158.038299560547,-88.2982,27.1841,9.93386904626232,63,63,63,63,61,63,0,7817,1.11627530284214,27,-88,0.001869,51,2025-07-16 11:07:26.00119,956,1.037,0.0011,"aoml_navis",1031.93872335968
"7901009",76,0,1,0.029904,1,0.007476,1,164.128560385479,1,4.84520237409034,958,1,5.23999977111816,34.890998840332,0.0299040004611015,0,158.268798828125,-88.2982,27.1841,9.93386904626232,63,63,63,63,61,63,0,7817,1.11627530284214,27,-88,0.001869,51,2025-07-16 11:07:26.00119,958,1.037,0.0011,"aoml_navis",1031.94863990356
"7901009",76,0,1,0.029904,1,0.007476,1,164.301118184692,1,4.84515780704838,960,1,5.23699998855591,34.890998840332,0.0299040004611015,0,158.435195922852,-88.2982,27.1841,9.93386904626232,63,63,63,63,61,63,0,7817,1.11627530284214,27,-88,0.001869,51,2025-07-16 11:07:26.00119,960,1.037,0.0011,"aoml_navis",1031.95813203986
"7901009",76,0,1,0.029904,1,0.007476,1,164.603826180926,1,4.84510822891044,962,1,5.23199987411499,34.8919982910156,0.0299040004611015,0,158.727096557617,-88.2982,27.1841,9.93386904626232,63,63,63,63,61,63,0,7817,1.11627530284214,27,-88,0.001869,51,2025-07-16 11:07:26.00119,962,1.037,0.0011,"aoml_navis",1031.96869167242
"7901009",76,0,1,0.031773,1,0.009345,1,164.985969312607,1,4.84505901951394,964,1,5.22200012207031,34.8919982910156,0.0317730009555817,0,159.095596313477,-88.2982,27.1841,9.93386904626232,63,63,63,63,61,63,0,7817,1.11627530284214,27,-88,0.001869,51,2025-07-16 11:07:26.00119,964,1.037,0.0011,"aoml_navis",1031.97917298056
"7901009",76,0,1,0.031773,1,0.009345,1,165.356497824883,1,4.84500915021273,966,1,5.21099996566772,34.8919982910156,0.0317730009555817,0,159.452896118164,-88.2982,27.1841,9.93386904626232,63,63,63,63,61,63,0,7817,1.11627530284214,27,-88,0.001869,51,2025-07-16 11:07:26.00119,966,1.037,0.0011,"aoml_navis",1031.98979506168
"7901009",76,0,1,0.031773,1,0.009345,1,165.742280414961,1,4.84495928513664,968,1,5.19999980926514,34.8919982910156,0.0317730009555817,0,159.824905395508,-88.2982,27.1841,9.93386904626232,63,63,63,63,61,63,0,7817,1.11627530284214,27,-88,0.001869,51,2025-07-16 11:07:26.00119,968,1.037,0.0011,"aoml_navis",1032.0004164615
"7901009",76,0,4,0.026166,1,0.003738,1,166.068217650007,1,4.84490440061089,970,1,5.18699979782104,34.8930015563965,0.0261659994721413,0,160.139205932617,-88.2982,27.1841,9.93386904626232,63,63,63,63,61,63,0,7817,1.11627530284214,27,-88,0.001869,51,2025-07-16 11:07:26.00119,970,1.037,0.0011,"aoml_navis",1032.0121072708
"7901009",76,0,1,0.028035,1,0.005607,1,166.254051560503,1,4.84485255898018,972,1,5.1729998588562,34.8930015563965,0.0280349999666214,0,160.318405151367,-88.2982,27.1841,9.93386904626232,63,63,63,63,61,63,0,7817,1.11627530284214,27,-88,0.001869,51,2025-07-16 11:07:26.00119,972,1.037,0.0011,"aoml_navis",1032.02315016424
"7901009",76,0,1,0.031773,1,0.009345,1,166.512579696544,1,4.8448029939885,974,1,5.16800022125244,34.8940010070801,0.0317730009555817,0,160.56770324707,-88.2982,27.1841,9.93386904626232,63,63,63,63,61,63,0,7817,1.11627530284214,27,-88,0.001869,51,2025-07-16 11:07:26.00119,974,1.037,0.0011,"aoml_navis",1032.03370832706
"7901009",76,0,1,0.028035,1,0.005607,1,166.808230308235,1,4.84475947637092,976,1,5.16099977493286,34.8930015563965,0.0280349999666214,0,160.852798461914,-88.2982,27.1841,9.93386904626232,63,63,63,63,61,63,0,7817,1.11627530284214,27,-88,0.001869,51,2025-07-16 11:07:26.00119,976,1.037,0.0011,"aoml_navis",1032.04297847731
"7901009",76,0,1,0.026166,1,0.003738,1,167.231958208035,1,4.84470396231153,978,1,5.14699983596802,34.8940010070801,0.0261659994721413,0,161.26139831543,-88.2982,27.1841,9.93386904626232,63,63,63,63,61,63,0,7817,1.11627530284214,27,-88,0.001869,51,2025-07-16 11:07:26.00119,978,1.037,0.0011,"aoml_navis",1032.05480435886
"7901009",76,0,1,0.028035,1,0.005607,1,171.271899442254,1,4.84417625997654,999.900024414062,1,5.07040023803711,34.8969993591309,0.0280349999666214,0,165.157104492188,-88.2982,27.1841,9.93386904626232,63,63,63,63,61,63,0,7817,1.11627530284214,27,-88,0.001869,51,2025-07-16 11:07:26.00119,999.900024414062,1.037,0.0011,"aoml_navis",1032.16723167381
"7901009",76,0,1,0.031773,1,0.009345,1,176.643471032725,1,4.84298724494492,1049.40002441406,1,4.89709997177124,34.9029998779297,0.0317730009555817,0,170.336898803711,-88.2982,27.1841,9.93386904626232,63,63,63,63,61,63,0,7817,1.11627530284214,27,-88,0.001869,51,2025-07-16 11:07:26.00119,1049.40002441406,1.037,0.0011,"aoml_navis",1032.42064187119
"7901009",76,0,1,0.029904,1,0.007476,1,182.008096004779,1,4.84181776831132,1099,1,4.7548999786377,34.9090003967285,0.0299040004611015,0,175.509994506836,-88.2982,27.1841,9.93386904626232,63,63,63,63,61,63,0,7817,1.11627530284214,27,-88,0.001869,51,2025-07-16 11:07:26.00119,1099,1.037,0.0011,"aoml_navis",1032.67000933491
"7901009",76,0,1,0.026166,1,0.003738,1,186.545709439184,1,4.84064809906137,1149.5,1,4.62860012054443,34.9129981994629,0.0261659994721413,0,179.885604858398,-88.2982,27.1841,9.93386904626232,63,63,63,63,61,63,0,7817,1.11627530284214,27,-88,0.001869,51,2025-07-16 11:07:26.00119,1149.5,1.037,0.0011,"aoml_navis",1032.91953839188
"7901009",76,0,1,0.033642,1,0.011214,1,189.368061954833,1,4.83954177090634,1199,1,4.56510019302368,34.9169998168945,0.0336420014500618,0,182.607192993164,-88.2982,27.1841,9.93386904626232,63,63,63,63,61,63,0,7817,1.11627530284214,27,-88,0.001869,51,2025-07-16 11:07:26.00119,1199,1.037,0.0011,"aoml_navis",1033.15566569924
"7901009",76,0,1,0.028035,1,0.005607,1,192.39420831698,1,4.83840842527805,1249.69995117188,1,4.49179983139038,34.9199981689453,0.0280349999666214,0,185.525299072266,-88.2982,27.1841,9.93386904626232,63,63,63,63,61,63,0,7817,1.11627530284214,27,-88,0.001869,51,2025-07-16 11:07:26.00119,1249.69995117188,1.037,0.0011,"aoml_navis",1033.39767140734
"7901009",76,0,1,0.033642,1,0.011214,1,193.852776652626,1,4.83732219915378,1299.80004882812,1,4.45790004730225,34.9210014343262,0.0336420014500618,0,186.931793212891,-88.2982,27.1841,9.93386904626232,63,63,63,63,61,63,0,7817,1.11627530284214,27,-88,0.001869,51,2025-07-16 11:07:26.00119,1299.80004882812,1.037,0.0011,"aoml_navis",1033.62972201328
"7901009",76,0,1,0.028035,1,0.005607,1,195.456860029221,1,4.83623520904628,1349.80004882812,1,4.42320013046265,34.9230003356934,0.0280349999666214,0,188.478607177734,-88.2982,27.1841,9.93386904626232,63,63,63,63,61,63,0,7817,1.11627530284214,27,-88,0.001869,51,2025-07-16 11:07:26.00119,1349.80004882812,1.037,0.0011,"aoml_navis",1033.86204017691
"7901009",76,0,1,0.028035,1,0.005607,1,197.139318351209,1,4.83517749646703,1398.90002441406,1,4.39650011062622,34.923999786377,0.0280349999666214,0,190.100997924805,-88.2982,27.1841,9.93386904626232,63,63,63,63,61,63,0,7817,1.11627530284214,27,-88,0.001869,51,2025-07-16 11:07:26.00119,1398.90002441406,1.037,0.0011,"aoml_navis",1034.08820124047
"7901009",76,0,1,0.029904,1,0.007476,1,198.290210038722,1,4.83407826022375,1449.69995117188,1,4.36479997634888,34.9259986877441,0.0299040004611015,0,191.210800170898,-88.2982,27.1841,9.93386904626232,63,63,63,63,61,63,0,7817,1.11627530284214,27,-88,0.001869,51,2025-07-16 11:07:26.00119,1449.69995117188,1.037,0.0011,"aoml_navis",1034.32334580545
"7901009",76,0,1,0.029904,1,0.007476,1,199.041742373963,1,4.83302941193501,1499,1,4.353600025177,34.9269981384277,0.0299040004611015,0,191.935501098633,-88.2982,27.1841,9.93386904626232,63,63,63,63,61,63,0,7817,1.11627530284214,27,-88,0.001869,51,2025-07-16 11:07:26.00119,1499,1.037,0.0011,"aoml_navis",1034.54781128637
"7901009",76,0,1,0.035511,1,0.013083,1,200.107280850201,1,4.8319579996244,1549.5,1,4.33879995346069,34.9269981384277,0.0355109982192516,0,192.962997436523,-88.2982,27.1841,9.93386904626232,63,63,63,63,61,63,0,7817,1.11627530284214,27,-88,0.001869,51,2025-07-16 11:07:26.00119,1549.5,1.037,0.0011,"aoml_navis",1034.77720633927
"7901009",76,0,1,0.028035,1,0.005607,1,200.836422604434,1,4.83089365859918,1599.59997558594,1,4.3253002166748,34.9280014038086,0.0280349999666214,0,193.666107177734,-88.2982,27.1841,9.93386904626232,63,63,63,63,61,63,0,7817,1.11627530284214,27,-88,0.001869,51,2025-07-16 11:07:26.00119,1599.59997558594,1.037,0.0011,"aoml_navis",1035.00518813943
"7901009",76,0,4,0.022428,1,0,1,201.444417865245,1,4.82983755328047,1649.59997558594,1,4.31860017776489,34.9290008544922,0.0224280003458261,0,194.252395629883,-88.2982,27.1841,9.93386904626232,63,63,63,63,61,63,0,7817,1.11627530284214,27,-88,0.001869,51,2025-07-16 11:07:26.00119,1649.59997558594,1.037,0.0011,"aoml_navis",1035.23150516811
"7901009",76,0,1,0.029904,1,0.007476,1,202.034595603643,1,4.82879008481667,1699.40002441406,1,4.31090021133423,34.9290008544922,0.0299040004611015,0,194.821502685547,-88.2982,27.1841,9.93386904626232,63,63,63,63,61,63,0,7817,1.11627530284214,27,-88,0.001869,51,2025-07-16 11:07:26.00119,1699.40002441406,1.037,0.0011,"aoml_navis",1035.45606915523
"7901009",76,0,1,0.028035,1,0.005607,1,202.275701810576,1,4.8277368618449,1749.80004882812,1,4.31080007553101,34.9290008544922,0.0280349999666214,0,195.054000854492,-88.2982,27.1841,9.93386904626232,63,63,63,63,61,63,0,7817,1.11627530284214,27,-88,0.001869,51,2025-07-16 11:07:26.00119,1749.80004882812,1.037,0.0011,"aoml_navis",1035.68196508732
"7901009",76,0,1,0.029904,1,0.007476,1,202.449398918504,1,4.82669352778524,1799.59997558594,1,4.30989980697632,34.9300003051758,0.0299040004611015,0,195.221496582031,-88.2982,27.1841,9.93386904626232,63,63,63,63,61,63,0,7817,1.11627530284214,27,-88,0.001869,51,2025-07-16 11:07:26.00119,1799.59997558594,1.037,0.0011,"aoml_navis",1035.90583723974
"7901009",76,0,1,0.028035,1,0.005607,1,203.075354115318,1,4.82564141720124,1849.90002441406,1,4.30399990081787,34.9300003051758,0.0280349999666214,0,195.825103759766,-88.2982,27.1841,9.93386904626232,63,63,63,63,61,63,0,7817,1.11627530284214,27,-88,0.001869,51,2025-07-16 11:07:26.00119,1849.90002441406,1.037,0.0011,"aoml_navis",1036.13169063438
"7901009",76,0,1,0.024297,1,0.001869,1,203.39796836661,1,4.8246106094892,1899.19995117188,1,4.30179977416992,34.9309997558594,0.0242970008403063,0,196.136199951172,-88.2982,27.1841,9.93386904626232,63,63,63,63,61,63,0,7817,1.11627530284214,27,-88,0.001869,51,2025-07-16 11:07:26.00119,1899.19995117188,1.037,0.0011,"aoml_navis",1036.35306653885
"7901009",76,0,1,0.028035,1,0.005607,1,203.873028453539,1,4.82356795061473,1949.30004882812,1,4.29909992218018,34.9309997558594,0.0280349999666214,0,196.594299316406,-88.2982,27.1841,9.93386904626232,63,63,63,63,61,63,0,7817,1.11627530284214,27,-88,0.001869,51,2025-07-16 11:07:26.00119,1949.30004882812,1.037,0.0011,"aoml_navis",1036.57708384989
"7901009",76,0,1,0.033642,1,0.011214,1,203.856856599271,1,4.82253000775782,1999.19995117188,1,4.30009984970093,34.931999206543,0.0336420014500618,0,196.578704833984,-88.2982,27.1841,9.93386904626232,63,63,63,63,61,63,0,7817,1.11627530284214,27,-88,0.001869,51,2025-07-16 11:07:26.00119,1999.19995117188,1.037,0.0011,"aoml_navis",1036.80018412673
"7901009",77,0.0351606811510283,5,0.026166,1,0.003738,1,190.88705692558,1,4.88902713197346,2.29999995231628,1,30.0389995574951,36.3009986877441,0.0261659994721413,0.0207285657525063,184.071899414062,-88.1318,27.3149,9.93377151386352,63,63,63,63,61,63,0.039249,7817,1.11627530284214,27,-88,0.001869,51,2025-07-26 17:50:44.001896,2.29999995231628,1.037,0.0011,"aoml_navis",1022.69835389147
"7901009",77,0.0351606811510283,5,0.029904,1,0.007476,1,190.894525729472,1,4.88887862404801,4.09999990463257,1,29.9729995727539,36.3019981384277,0.0299040004611015,0.0207285657525063,184.0791015625,-88.1318,27.3149,9.93377151386352,63,63,63,63,61,63,0.039249,7817,1.11627530284214,27,-88,0.001869,51,2025-07-26 17:50:44.001896,4.09999990463257,1.037,0.0011,"aoml_navis",1022.72942007711
"7901009",77,0.0351606811510283,5,0.029904,1,0.007476,1,190.819964280447,1,4.88877632053396,6,1,29.931999206543,36.3009986877441,0.0299040004611015,0.0207285657525063,184.007202148438,-88.1318,27.3149,9.93377151386352,63,63,63,63,61,63,0.039249,7817,1.11627530284214,27,-88,0.001869,51,2025-07-26 17:50:44.001896,6,1.037,0.0011,"aoml_navis",1022.75082191813
"7901009",77,0.0351606811510283,5,0.061677,1,0.039249,1,190.833968287745,1,4.88862656171174,8,1,29.8610000610352,36.298999786377,0.0616770014166832,0.0485940016806126,184.020706176758,-88.1318,27.3149,9.93377151386352,63,63,63,63,61,63,0.039249,7817,1.11627530284214,27,-88,0.001869,51,2025-07-26 17:50:44.001896,8,1.037,0.0011,"aoml_navis",1022.78215299989
"7901009",77,0.0100459089002938,1,0.033642,1,0.011214,1,191.09176861192,1,4.88853478001208,10,1,29.8209991455078,36.2949981689453,0.0336420014500618,0.020558999851346,184.269302368164,-88.1318,27.3149,9.93377151386352,63,63,63,63,61,63,0.011214,7817,1.11627530284214,27,-88,0.001869,51,2025-07-26 17:50:44.001896,10,1.037,0.0011,"aoml_navis",1022.80135562166
"7901009",77,0.0133945452003917,4,0.03738,1,0.014952,1,193.416148996079,1,4.88789968183667,12,1,29.4379997253418,36.2869987487793,0.0373799987137318,0.0242970008403063,186.510696411133,-88.1318,27.3149,9.93377151386352,63,63,63,63,61,63,0.014952,7817,1.11627530284214,27,-88,0.001869,51,2025-07-26 17:50:44.001896,12,1.037,0.0011,"aoml_navis",1022.93425099944
"7901009",77,0.0200918178005876,1,0.044856,1,0.022428,1,193.45192646557,1,4.88743505023972,14,1,29.2089996337891,36.3019981384277,0.0448560006916523,0.0317730009555817,186.545196533203,-88.1318,27.3149,9.93377151386352,63,63,63,63,61,63,0.022428,7817,1.11627530284214,27,-88,0.001869,51,2025-07-26 17:50:44.001896,14,1.037,0.0011,"aoml_navis",1023.03149783131
"7901009",77,0.0184174996505387,1,0.042987,1,0.020559,1,193.352474278151,1,4.88707240204354,16,1,29.0289993286133,36.3110008239746,0.0429870001971722,0.0299040004611015,186.449295043945,-88.1318,27.3149,9.93377151386352,63,63,63,63,61,63,0.020559,7817,1.11627530284214,27,-88,0.001869,51,2025-07-26 17:50:44.001896,16,1.037,0.0011,"aoml_navis",1023.10741250922
"7901009",77,0.0150688633504407,4,0.039249,1,0.016821,1,193.448508538365,1,4.88690355576588,18,1,28.9290008544922,36.3019981384277,0.0392489992082119,0.0261659994721413,186.541900634766,-88.1318,27.3149,9.93377151386352,63,63,63,63,61,63,0.016821,7817,1.11627530284214,27,-88,0.001869,51,2025-07-26 17:50:44.001896,18,1.037,0.0011,"aoml_navis",1023.14276165747
"7901009",77,0.0200918178005876,1,0.044856,1,0.022428,1,193.497862774254,1,4.8868203382218,20,1,28.9069995880127,36.3040008544922,0.0448560006916523,0.0317730009555817,186.589492797852,-88.1318,27.3149,9.93377151386352,63,63,63,63,61,63,0.022428,7817,1.11627530284214,27,-88,0.001869,51,2025-07-26 17:50:44.001896,20,1.037,0.0011,"aoml_navis",1023.16018473054
"7901009",77,0.0234404541006856,1,0.048594,1,0.026166,1,193.514667583012,1,4.8867431720875,22,1,28.8910007476807,36.306999206543,0.0485940016806126,0.0355109982192516,186.605697631836,-88.1318,27.3149,9.93377151386352,63,63,63,63,61,63,0.026166,7817,1.11627530284214,27,-88,0.001869,51,2025-07-26 17:50:44.001896,22,1.037,0.0011,"aoml_navis",1023.17634136359
"7901009",77,0.0251147722507345,1,0.050463,1,0.028035,1,193.414076086524,1,4.88668759059889,24,1,28.8840007781982,36.3079986572266,0.0504629984498024,0.0373799987137318,186.508697509766,-88.1318,27.3149,9.93377151386352,63,63,63,63,61,63,0.028035,7817,1.11627530284214,27,-88,0.001869,51,2025-07-26 17:50:44.001896,24,1.037,0.0011,"aoml_navis",1023.18797903494
"7901009",77,0.0234404541006856,1,0.048594,1,0.026166,1,193.468936982909,1,4.88656123209764,26,1,28.8349990844727,36.310001373291,0.0485940016806126,0.0355109982192516,186.561599731445,-88.1318,27.3149,9.93377151386352,63,63,63,63,61,63,0.026166,7817,1.11627530284214,27,-88,0.001869,51,2025-07-26 17:50:44.001896,26,1.037,0.0011,"aoml_navis",1023.21443700679
"7901009",77,0.0301377267008814,1,0.05607,1,0.033642,1,193.717306359797,1,4.88633402900329,28,1,28.7339992523193,36.3170013427734,0.0560699999332428,0.0429870001971722,186.80110168457,-88.1318,27.3149,9.93377151386352,63,63,63,63,61,63,0.033642,7817,1.11627530284214,27,-88,0.001869,51,2025-07-26 17:50:44.001896,28,1.037,0.0011,"aoml_navis",1023.26201408296
"7901009",77,0.0318120448509304,1,0.057939,1,0.035511,1,193.767293545168,1,4.88627051325667,30,1,28.7220001220703,36.318000793457,0.0579390004277229,0.0448560006916523,186.849304199219,-88.1318,27.3149,9.93377151386352,63,63,63,63,61,63,0.035511,7817,1.11627530284214,27,-88,0.001869,51,2025-07-26 17:50:44.001896,30,1.037,0.0011,"aoml_navis",1023.2753152808
"7901009",77,0.0368349993010773,1,0.063546,1,0.041118,1,193.860621946346,1,4.88620735517529,32.0999984741211,1,28.7070007324219,36.3170013427734,0.0635460019111633,0.0504629984498024,186.939300537109,-88.1318,27.3149,9.93377151386352,63,63,63,63,61,63,0.041118,7817,1.11627530284214,27,-88,0.001869,51,2025-07-26 17:50:44.001896,32.0999984741211,1.037,0.0011,"aoml_navis",1023.2885419208
"7901009",77,0.0385093174511263,1,0.065415,1,0.042987,1,194.059004137862,1,4.88615427456666,34,1,28.6889991760254,36.3129997253418,0.0654150024056435,0.0523319989442825,187.130599975586,-88.1318,27.3149,9.93377151386352,63,63,63,63,61,63,0.042987,7817,1.11627530284214,27,-88,0.001869,51,2025-07-26 17:50:44.001896,34,1.037,0.0011,"aoml_navis",1023.299658389
"7901009",77,0.0435322719012732,1,0.071022,1,0.048594,1,194.161668543904,1,4.88602317733329,36,1,28.6119995117188,36.3040008544922,0.0710219964385033,0.0579390004277229,187.229598999023,-88.1318,27.3149,9.93377151386352,63,63,63,63,61,63,0.048594,7817,1.11627530284214,27,-88,0.001869,51,2025-07-26 17:50:44.001896,36,1.037,0.0011,"aoml_navis",1023.32711461449
"7901009",77,0.0468809082013711,1,0.07476,1,0.052332,1,194.157000541472,1,4.88577704076249,38,1,28.4850006103516,36.3050003051758,0.0747599974274635,0.0616770014166832,187.22509765625,-88.1318,27.3149,9.93377151386352,63,63,63,63,61,63,0.052332,7817,1.11627530284214,27,-88,0.001869,51,2025-07-26 17:50:44.001896,38,1.037,0.0011,"aoml_navis",1023.37866797534
"7901009",77,0.0552524989516159,1,0.084105,1,0.061677,1,193.999269530462,1,4.88554979965856,40,1,28.423999786377,36.3300018310547,0.0841049998998642,0.0710219964385033,187.072998046875,-88.1318,27.3149,9.93377151386352,63,63,63,63,61,63,0.061677,7817,1.11627530284214,27,-88,0.001869,51,2025-07-26 17:50:44.001896,40,1.037,0.0011,"aoml_navis",1023.42626828805
"7901009",77,0.0636240897018608,1,0.09345,1,0.071022,1,193.441245443055,1,4.88546372485377,42,1,28.4090003967285,36.3359985351562,0.0934500023722649,0.0803669989109039,186.534896850586,-88.1318,27.3149,9.93377151386352,63,63,63,63,61,63,0.071022,7817,1.11627530284214,27,-88,0.001869,51,2025-07-26 17:50:44.001896,42,1.037,0.0011,"aoml_navis",1023.44429957868
"7901009",77,0.0837159075024484,1,0.115878,1,0.09345,1,192.451613103611,1,4.88527448347927,44.2000007629395,1,28.3449993133545,36.3479995727539,0.115878000855446,0.102794997394085,185.580596923828,-88.1318,27.3149,9.93377151386352,63,63,63,63,61,63,0.09345,7817,1.11627530284214,27,-88,0.001869,51,2025-07-26 17:50:44.001896,44.2000007629395,1.037,0.0011,"aoml_navis",1023.48394484459
"7901009",77,0.0937618164027422,1,0.127092,1,0.104664,1,191.604362750229,1,4.88508353111891,45.9000015258789,1,28.261999130249,36.3549995422363,0.127092003822327,0.114009000360966,184.763595581055,-88.1318,27.3149,9.93377151386352,63,63,63,63,61,63,0.104664,7817,1.11627530284214,27,-88,0.001869,51,2025-07-26 17:50:44.001896,45.9000015258789,1.037,0.0011,"aoml_navis",1023.52395166818
"7901009",77,0.112179316053281,1,0.147651,1,0.125223,1,190.548476423716,1,4.88460741474958,48,1,28.0370006561279,36.3769989013672,0.147651001811028,0.134568005800247,183.745407104492,-88.1318,27.3149,9.93377151386352,63,63,63,63,61,63,0.125223,7817,1.11627530284214,27,-88,0.001869,51,2025-07-26 17:50:44.001896,48,1.037,0.0011,"aoml_navis",1023.62371741524
"7901009",77,0.120550906803526,1,0.156996,1,0.134568,1,190.040945881266,1,4.88434313257075,50,1,27.9220008850098,36.3889999389648,0.156995996832848,0.143913000822067,183.255996704102,-88.1318,27.3149,9.93377151386352,63,63,63,63,61,63,0.134568,7817,1.11627530284214,27,-88,0.001869,51,2025-07-26 17:50:44.001896,50,1.037,0.0011,"aoml_navis",1023.67910367681
"7901009",77,0.138968406454064,1,0.177555,1,0.155127,1,189.549713787988,1,4.88413431905925,52,1,27.8330001831055,36.3969993591309,0.177554994821548,0.164471998810768,182.782302856445,-88.1318,27.3149,9.93377151386352,63,63,63,63,61,63,0.155127,7817,1.11627530284214,27,-88,0.001869,51,2025-07-26 17:50:44.001896,52,1.037,0.0011,"aoml_navis",1023.72286947323
"7901009",77,0.152362951654456,1,0.192507,1,0.170079,1,189.158440241716,1,4.88401319354462,54.2000007629395,1,27.7980003356934,36.4029998779297,0.19250699877739,0.179424002766609,182.404998779297,-88.1318,27.3149,9.93377151386352,63,63,63,63,61,63,0.170079,7817,1.11627530284214,27,-88,0.001869,51,2025-07-26 17:50:44.001896,54.2000007629395,1.037,0.0011,"aoml_navis",1023.74825821697
"7901009",77,0.301377267008814,1,0.358848,1,0.33642,1,186.28878970222,1,4.88330738059755,56,1,27.4650001525879,36.4449996948242,0.358848005533218,0.345764994621277,179.637802124023,-88.1318,27.3149,9.93377151386352,63,63,63,63,61,63,0.33642,7817,1.11627530284214,27,-88,0.001869,51,2025-07-26 17:50:44.001896,56,1.037,0.0011,"aoml_navis",1023.89622653411
"7901009",77,0.671401578169636,1,0.771897,1,0.749469,1,185.242017848254,1,4.88259476669994,57.9000015258789,1,27.1030006408691,36.4770011901855,0.77189701795578,0.758813977241516,178.628402709961,-88.1318,27.3149,9.93377151386352,63,63,63,63,61,63,0.749469,7817,1.11627530284214,27,-88,0.001869,51,2025-07-26 17:50:44.001896,57.9000015258789,1.037,0.0011,"aoml_navis",1024.04566401881
"7901009",77,0.900783164726345,1,1.02795,1,1.005522,1,181.602368439702,1,4.88183095260043,60.0999984741211,1,26.7390003204346,36.5219993591309,1.02795004844666,1.01486694812775,175.118698120117,-88.1318,27.3149,9.93377151386352,63,63,63,63,61,63,1.005522,7817,1.11627530284214,27,-88,0.001869,51,2025-07-26 17:50:44.001896,60.0999984741211,1.037,0.0011,"aoml_navis",1024.20588679676
"7901009",77,0.880691346925757,1,1.005522,1,0.983094,1,179.5076854227,1,4.88155022294601,61.9000015258789,1,26.6849994659424,36.5670013427734,1.00552201271057,0.992438971996307,173.09880065918,-88.1318,27.3149,9.93377151386352,63,63,63,63,61,63,0.983094,7817,1.11627530284214,27,-88,0.001869,51,2025-07-26 17:50:44.001896,61.9000015258789,1.037,0.0011,"aoml_navis",1024.2647871361
"7901009",77,0.937618164027422,1,1.069068,1,1.04664,1,178.732512191625,1,4.88134350234327,64,1,26.6079998016357,36.5800018310547,1.06906795501709,1.05598497390747,172.351303100586,-88.1318,27.3149,9.93377151386352,63,63,63,63,61,63,1.04664,7817,1.11627530284214,27,-88,0.001869,51,2025-07-26 17:50:44.001896,64,1.037,0.0011,"aoml_navis",1024.3081638487
"7901009",77,0.8103699846237,4,0.927024,1,0.904596,1,177.819719919342,1,4.88119621741692,66,1,26.5450000762939,36.5830001831055,0.927024006843567,0.913941025733948,171.471099853516,-88.1318,27.3149,9.93377151386352,63,63,63,63,61,63,0.904596,7817,1.11627530284214,27,-88,0.001869,51,2025-07-26 17:50:44.001896,66,1.037,0.0011,"aoml_navis",1024.33907126273
"7901009",77,0.82711316612419,4,0.945714,1,0.923286,1,177.176041943232,1,4.88093458120875,68,1,26.4039993286133,36.5849990844727,0.945713996887207,0.932631015777588,170.850402832031,-88.1318,27.3149,9.93377151386352,63,63,63,63,61,63,0.923286,7817,1.11627530284214,27,-88,0.001869,51,2025-07-26 17:50:44.001896,68,1.037,0.0011,"aoml_navis",1024.39397963858
"7901009",77,0.934269527727324,1,1.06533,1,1.042902,1,176.231206603403,1,4.88067184852592,70.0999984741211,1,26.2560005187988,36.5839996337891,1.06533002853394,1.05224704742432,169.939300537109,-88.1318,27.3149,9.93377151386352,63,63,63,63,61,63,1.042902,7817,1.11627530284214,27,-88,0.001869,51,2025-07-26 17:50:44.001896,70.0999984741211,1.037,0.0011,"aoml_navis",1024.44912405044
"7901009",77,1.12514179683291,1,1.278396,1,1.255968,1,175.079064484357,1,4.88016010425138,72,1,25.9529991149902,36.5890007019043,1.27839601039886,1.26531302928925,168.82829284668,-88.1318,27.3149,9.93377151386352,63,63,63,63,61,63,1.255968,7817,1.11627530284214,27,-88,0.001869,51,2025-07-26 17:50:44.001896,72,1.037,0.0011,"aoml_navis",1024.5565500288
"7901009",77,0.912503391776688,1,1.041033,1,1.018605,1,176.14398616473,1,4.87968511286849,73.9000015258789,1,25.6410007476807,36.5810012817383,1.04103302955627,1.02795004844666,169.855194091797,-88.1318,27.3149,9.93377151386352,63,63,63,63,61,63,1.018605,7817,1.11627530284214,27,-88,0.001869,51,2025-07-26 17:50:44.001896,73.9000015258789,1.037,0.0011,"aoml_navis",1024.65628095842
"7901009",77,0.771860667172574,1,0.884037,1,0.861609,1,182.804481920382,1,4.8793510108066,76,1,25.4200000762939,36.5709991455078,0.884037017822266,0.870953977108002,176.277893066406,-88.1318,27.3149,9.93377151386352,63,63,63,63,61,63,0.861609,7817,1.11627530284214,27,-88,0.001869,51,2025-07-26 17:50:44.001896,76,1.037,0.0011,"aoml_navis",1024.72644188258
"7901009",77,0.637915215168657,1,0.734517,1,0.712089,1,190.463328894598,1,4.87898032581436,77.9000015258789,1,24.9930000305176,36.4889984130859,0.734516978263855,0.721433997154236,183.663299560547,-88.1318,27.3149,9.93377151386352,63,63,63,63,61,63,0.712089,7817,1.11627530284214,27,-88,0.001869,51,2025-07-26 17:50:44.001896,77.9000015258789,1.037,0.0011,"aoml_navis",1024.80429641114
"7901009",77,0.622846351818216,1,0.717696,1,0.695268,1,173.498747864215,1,4.87825128429258,80,1,24.7070007324219,36.5639991760254,0.717696011066437,0.704612970352173,167.304397583008,-88.1318,27.3149,9.93377151386352,63,63,63,63,61,63,0.695268,7817,1.11627530284214,27,-88,0.001869,51,2025-07-26 17:50:44.001896,80,1.037,0.0011,"aoml_navis",1024.95745065438
"7901009",77,0.565919534716551,1,0.65415,1,0.631722,1,167.358109342182,1,4.87782714368927,82,1,24.5939998626709,36.625,0.654150009155273,0.641067028045654,161.382995605469,-88.1318,27.3149,9.93377151386352,63,63,63,63,61,63,0.631722,7817,1.11627530284214,27,-88,0.001869,51,2025-07-26 17:50:44.001896,82,1.037,0.0011,"aoml_navis",1025.04657354839
"7901009",77,0.445368627913026,1,0.519582,1,0.497154,1,161.866133273433,1,4.87744264654759,84.3000030517578,1,24.4549999237061,36.6629981994629,0.519581973552704,0.506498992443085,156.087097167969,-88.1318,27.3149,9.93377151386352,63,63,63,63,61,63,0.497154,7817,1.11627530284214,27,-88,0.001869,51,2025-07-26 17:50:44.001896,84.3000030517578,1.037,0.0011,"aoml_navis",1025.12737972207
"7901009",77,0.388441810811361,1,0.456036,1,0.433608,1,158.02322796235,1,4.87689394784594,85.8000030517578,1,24.2700004577637,36.7330017089844,0.456036001443863,0.442952990531921,152.381393432617,-88.1318,27.3149,9.93377151386352,63,63,63,63,61,63,0.433608,7817,1.11627530284214,27,-88,0.001869,51,2025-07-26 17:50:44.001896,85.8000030517578,1.037,0.0011,"aoml_navis",1025.24271666978
"7901009",77,0.344909538910087,1,0.407442,1,0.385014,1,154.562054484093,1,4.87621091861349,88,1,24,36.8030014038086,0.407442003488541,0.394358992576599,149.043792724609,-88.1318,27.3149,9.93377151386352,63,63,63,63,61,63,0.385014,7817,1.11627530284214,27,-88,0.001869,51,2025-07-26 17:50:44.001896,88,1.037,0.0011,"aoml_navis",1025.38632627928
"7901009",77,0.334863630009794,4,0.396228,1,0.3738,1,153.091871073886,1,4.87579649605117,90,1,23.8640003204346,36.8530006408691,0.396227985620499,0.38314500451088,147.626098632812,-88.1318,27.3149,9.93377151386352,63,63,63,63,61,63,0.3738,7817,1.11627530284214,27,-88,0.001869,51,2025-07-26 17:50:44.001896,90,1.037,0.0011,"aoml_navis",1025.47347988158
"7901009",77,0.339886584459941,1,0.401835,1,0.379407,1,152.54971819475,1,4.87558085669284,92,1,23.7280006408691,36.8479995727539,0.40183499455452,0.388752013444901,147.103302001953,-88.1318,27.3149,9.93377151386352,63,63,63,63,61,63,0.379407,7817,1.11627530284214,27,-88,0.001869,51,2025-07-26 17:50:44.001896,92,1.037,0.0011,"aoml_navis",1025.51883497868
"7901009",77,0.294679994408618,1,0.351372,1,0.328944,1,152.001758004113,1,4.8753545445728,94,1,23.5429992675781,36.8269996643066,0.351372003555298,0.338288992643356,146.574905395508,-88.1318,27.3149,9.93377151386352,63,63,63,63,61,63,0.328944,7817,1.11627530284214,27,-88,0.001869,51,2025-07-26 17:50:44.001896,94,1.037,0.0011,"aoml_navis",1025.5664391764
"7901009",77,0.267890904007835,1,0.321468,1,0.29904,1,150.801084483505,1,4.87503905264949,96,1,23.2830009460449,36.8019981384277,0.321467995643616,0.308385014533997,145.417098999023,-88.1318,27.3149,9.93377151386352,63,63,63,63,61,63,0.29904,7817,1.11627530284214,27,-88,0.001869,51,2025-07-26 17:50:44.001896,96,1.037,0.0011,"aoml_navis",1025.63280950182
"7901009",77,0.251147722507345,1,0.302778,1,0.28035,1,149.158438163085,1,4.87460050106054,98,1,23.0259990692139,36.8129997253418,0.302778005599976,0.289694994688034,143.833099365234,-88.1318,27.3149,9.93377151386352,63,63,63,63,61,63,0.28035,7817,1.11627530284214,27,-88,0.001869,51,2025-07-26 17:50:44.001896,98,1.037,0.0011,"aoml_navis",1025.72508227334
"7901009",77,0.204266814305974,1,0.250446,1,0.228018,1,146.64116642417,1,4.87420127689477,99.9000015258789,1,22.8229999542236,36.8349990844727,0.250445991754532,0.237362995743752,141.405700683594,-88.1318,27.3149,9.93377151386352,63,63,63,63,61,63,0.228018,7817,1.11627530284214,27,-88,0.001869,51,2025-07-26 17:50:44.001896,99.9000015258789,1.037,0.0011,"aoml_navis",1025.80909485654
"7901009",77,0.127248179403722,1,0.164472,1,0.142044,1,145.638875095078,1,4.87331155449908,102,1,22.3369998931885,36.8849983215332,0.164471998810768,0.151389002799988,140.439193725586,-88.1318,27.3149,9.93377151386352,63,63,63,63,61,63,0.142044,7817,1.11627530284214,27,-88,0.001869,51,2025-07-26 17:50:44.001896,102,1.037,0.0011,"aoml_navis",1025.99637722402
"7901009",77,0.107156361603134,4,0.142044,1,0.119616,1,145.454607677019,1,4.87306128340852,104,1,22.1989994049072,36.890998840332,0.142043992877007,0.128960996866226,140.261505126953,-88.1318,27.3149,9.93377151386352,63,63,63,63,61,63,0.119616,7817,1.11627530284214,27,-88,0.001869,51,2025-07-26 17:50:44.001896,104,1.037,0.0011,"aoml_navis",1026.04907043211
"7901009",77,0.118876588653477,1,0.155127,1,0.132699,1,145.579773437161,1,4.87288755882459,106,1,22.0450000762939,36.8699989318848,0.155127003788948,0.142043992877007,140.382202148438,-88.1318,27.3149,9.93377151386352,63,63,63,63,61,63,0.132699,7817,1.11627530284214,27,-88,0.001869,51,2025-07-26 17:50:44.001896,106,1.037,0.0011,"aoml_navis",1026.08565037484
"7901009",77,0.118876588653477,1,0.155127,1,0.132699,1,145.255386827439,1,4.87275786113285,108,1,21.9150009155273,36.8460006713867,0.155127003788948,0.142043992877007,140.069396972656,-88.1318,27.3149,9.93377151386352,63,63,63,63,61,63,0.132699,7817,1.11627530284214,27,-88,0.001869,51,2025-07-26 17:50:44.001896,108,1.037,0.0011,"aoml_navis",1026.11296159041
"7901009",77,0.107156361603134,1,0.142044,1,0.119616,1,144.734801701915,1,4.87259035921026,110,1,21.8719997406006,36.8650016784668,0.142043992877007,0.128960996866226,139.567398071289,-88.1318,27.3149,9.93377151386352,63,63,63,63,61,63,0.119616,7817,1.11627530284214,27,-88,0.001869,51,2025-07-26 17:50:44.001896,110,1.037,0.0011,"aoml_navis",1026.14823561946
"7901009",77,0.0987847708528891,1,0.132699,1,0.110271,1,144.691666194691,1,4.87249638421575,112,1,21.8379993438721,36.867000579834,0.132698997855186,0.119616001844406,139.525802612305,-88.1318,27.3149,9.93377151386352,63,63,63,63,61,63,0.110271,7817,1.11627530284214,27,-88,0.001869,51,2025-07-26 17:50:44.001896,112,1.037,0.0011,"aoml_navis",1026.16802676289
"7901009",77,0.0904131801026443,1,0.123354,1,0.100926,1,144.469849048589,1,4.87240131434452,114,1,21.7870006561279,36.8629989624023,0.123354002833366,0.110270999372005,139.311904907227,-88.1318,27.3149,9.93377151386352,63,63,63,63,61,63,0.100926,7817,1.11627530284214,27,-88,0.001869,51,2025-07-26 17:50:44.001896,114,1.037,0.0011,"aoml_navis",1026.1880492643
"7901009",77,0.0753443167522036,1,0.106533,1,0.084105,1,144.279964203874,1,4.87226442931359,116,1,21.7019996643066,36.8580017089844,0.106532998383045,0.0934500023722649,139.128799438477,-88.1318,27.3149,9.93377151386352,63,63,63,63,61,63,0.084105,7817,1.11627530284214,27,-88,0.001869,51,2025-07-26 17:50:44.001896,116,1.037,0.0011,"aoml_navis",1026.21687975675
"7901009",77,0.0719956804521056,1,0.102795,1,0.080367,1,144.223552581257,1,4.87213254769155,118,1,21.6070003509521,36.8479995727539,0.102794997394085,0.0897120013833046,139.074401855469,-88.1318,27.3149,9.93377151386352,63,63,63,63,61,63,0.080367,7817,1.11627530284214,27,-88,0.001869,51,2025-07-26 17:50:44.001896,118,1.037,0.0011,"aoml_navis",1026.24465797201
"7901009",77,0.0586011352517139,1,0.087843,1,0.065415,1,144.481463671591,1,4.87201524887049,120,1,21.5200004577637,36.8370018005371,0.0878430008888245,0.0747599974274635,139.323104858398,-88.1318,27.3149,9.93377151386352,63,63,63,63,61,63,0.065415,7817,1.11627530284214,27,-88,0.001869,51,2025-07-26 17:50:44.001896,120,1.037,0.0011,"aoml_navis",1026.26936587671
"7901009",77,0.0284634085508325,1,0.054201,1,0.031773,1,145.088841994887,1,4.87175717623153,122,1,21.3320007324219,36.8279991149902,0.0542009994387627,0.041117999702692,139.908798217773,-88.1318,27.3149,9.93377151386352,63,63,63,63,61,63,0.031773,7817,1.11627530284214,27,-88,0.001869,51,2025-07-26 17:50:44.001896,122,1.037,0.0011,"aoml_navis",1026.32373066419
"7901009",77,0.0184174996505387,1,0.042987,1,0.020559,1,145.345708718575,1,4.87154888097686,124,1,21.1889991760254,36.8219985961914,0.0429870001971722,0.0299040004611015,140.156494140625,-88.1318,27.3149,9.93377151386352,63,63,63,63,61,63,0.020559,7817,1.11627530284214,27,-88,0.001869,51,2025-07-26 17:50:44.001896,124,1.037,0.0011,"aoml_navis",1026.36761370182
"7901009",77,0.0167431815004897,1,0.041118,1,0.01869,1,145.358889891546,1,4.87139487437525,126,1,21.0729999542236,36.8110008239746,0.041117999702692,0.0280349999666214,140.169204711914,-88.1318,27.3149,9.93377151386352,63,63,63,63,61,63,0.01869,7817,1.11627530284214,27,-88,0.001869,51,2025-07-26 17:50:44.001896,126,1.037,0.0011,"aoml_navis",1026.40006177722
"7901009",77,0.0167431815004897,1,0.041118,1,0.01869,1,145.814755932496,1,4.87121337848375,128,1,20.9190006256104,36.7939987182617,0.041117999702692,0.0280349999666214,140.608795166016,-88.1318,27.3149,9.93377151386352,63,63,63,63,61,63,0.01869,7817,1.11627530284214,27,-88,0.001869,51,2025-07-26 17:50:44.001896,128,1.037,0.0011,"aoml_navis",1026.43830428063
"7901009",77,0.0133945452003917,1,0.03738,1,0.014952,1,146.661705634874,1,4.87100605579762,130,1,20.75,36.7789993286133,0.0373799987137318,0.0242970008403063,141.425506591797,-88.1318,27.3149,9.93377151386352,63,63,63,63,61,63,0.014952,7817,1.11627530284214,27,-88,0.001869,51,2025-07-26 17:50:44.001896,130,1.037,0.0011,"aoml_navis",1026.4819921644
"7901009",77,0.00669727260019587,1,0.029904,1,0.007476,1,147.767689912917,1,4.87081365703437,132,1,20.6140003204346,36.7719993591309,0.0299040004611015,0.0168210007250309,142.492004394531,-88.1318,27.3149,9.93377151386352,63,63,63,63,61,63,0.007476,7817,1.11627530284214,27,-88,0.001869,51,2025-07-26 17:50:44.001896,132,1.037,0.0011,"aoml_navis",1026.52253854529
"7901009",77,0,1,0.022428,1,0,1,147.938174855997,1,4.87071457651811,134,1,20.6000003814697,36.7830009460449,0.0224280003458261,0.00934499967843294,142.656402587891,-88.1318,27.3149,9.93377151386352,63,63,63,63,61,63,0,7817,1.11627530284214,27,-88,0.001869,51,2025-07-26 17:50:44.001896,134,1.037,0.0011,"aoml_navis",1026.54342015958
"7901009",77,0,1,0.022428,1,0,1,147.954663190014,1,4.87060894361299,136,1,20.5389995574951,36.7789993286133,0.0224280003458261,0.00934499967843294,142.672302246094,-88.1318,27.3149,9.93377151386352,63,63,63,63,61,63,0,7817,1.11627530284214,27,-88,0.001869,51,2025-07-26 17:50:44.001896,136,1.037,0.0011,"aoml_navis",1026.56568365167
"7901009",77,-0.00334863630009794,1,0.01869,1,-0.003738,1,147.989602001441,1,4.87054345767677,138,1,20.5090007781982,36.7750015258789,0.0186899993568659,0.00560700008645654,142.705993652344,-88.1318,27.3149,9.93377151386352,63,63,63,63,61,63,-0.003738,7817,1.11627530284214,27,-88,0.001869,51,2025-07-26 17:50:44.001896,138,1.037,0.0011,"aoml_navis",1026.57948613911
"7901009",77,-0.00167431815004897,1,0.020559,1,-0.001869,1,148.010457686886,1,4.87048808075671,140,1,20.4839992523193,36.7700004577637,0.020558999851346,0.00747600011527538,142.726104736328,-88.1318,27.3149,9.93377151386352,63,63,63,63,61,63,-0.001869,7817,1.11627530284214,27,-88,0.001869,51,2025-07-26 17:50:44.001896,140,1.037,0.0011,"aoml_navis",1026.59115823627
"7901009",77,-0.00334863630009794,1,0.01869,1,-0.003738,1,148.152428255784,1,4.87042782651804,142,1,20.4580001831055,36.765998840332,0.0186899993568659,0.00560700008645654,142.863006591797,-88.1318,27.3149,9.93377151386352,63,63,63,63,61,63,-0.003738,7817,1.11627530284214,27,-88,0.001869,51,2025-07-26 17:50:44.001896,142,1.037,0.0011,"aoml_navis",1026.60385865416
"7901009",77,-0.0050229544501469,1,0.016821,1,-0.005607,1,148.49401526769,1,4.87028582500985,144,1,20.3460006713867,36.7540016174316,0.0168210007250309,0.00373800005763769,143.192398071289,-88.1318,27.3149,9.93377151386352,63,63,63,63,61,63,-0.005607,7817,1.11627530284214,27,-88,0.001869,51,2025-07-26 17:50:44.001896,144,1.037,0.0011,"aoml_navis",1026.63379104447
"7901009",77,-0.00334863630009794,1,0.01869,1,-0.003738,1,148.578735555907,1,4.8701579586894,146,1,20.2390003204346,36.7400016784668,0.0186899993568659,0.00560700008645654,143.27409362793,-88.1318,27.3149,9.93377151386352,63,63,63,63,61,63,-0.003738,7817,1.11627530284214,27,-88,0.001869,51,2025-07-26 17:50:44.001896,146,1.037,0.0011,"aoml_navis",1026.66074538279
"7901009",77,-0.00334863630009794,1,0.01869,1,-0.003738,1,148.821408387453,1,4.86998270754708,148,1,20.0860004425049,36.7229995727539,0.0186899993568659,0.00560700008645654,143.508102416992,-88.1318,27.3149,9.93377151386352,63,63,63,63,61,63,-0.003738,7817,1.11627530284214,27,-88,0.001869,51,2025-07-26 17:50:44.001896,148,1.037,0.0011,"aoml_navis",1026.6976907847
"7901009",77,-0.0050229544501469,1,0.016821,1,-0.005607,1,149.096424937549,1,4.86989888702636,150,1,20.0270004272461,36.7140007019043,0.0168210007250309,0.00373800005763769,143.773300170898,-88.1318,27.3149,9.93377151386352,63,63,63,63,61,63,-0.005607,7817,1.11627530284214,27,-88,0.001869,51,2025-07-26 17:50:44.001896,150,1.037,0.0011,"aoml_navis",1026.71536226763
"7901009",77,-0.00167431815004897,1,0.020559,1,-0.001869,1,149.472555167455,1,4.86983652459204,152,1,19.9990005493164,36.7099990844727,0.020558999851346,0.00747600011527538,144.136001586914,-88.1318,27.3149,9.93377151386352,63,63,63,63,61,63,-0.001869,7817,1.11627530284214,27,-88,0.001869,51,2025-07-26 17:50:44.001896,152,1.037,0.0011,"aoml_navis",1026.72851023862
"7901009",77,-0.0050229544501469,1,0.016821,1,-0.005607,1,149.441540642819,1,4.86974274257877,154,1,19.931999206543,36.701000213623,0.0168210007250309,0.00373800005763769,144.106094360352,-88.1318,27.3149,9.93377151386352,63,63,63,63,61,63,-0.005607,7817,1.11627530284214,27,-88,0.001869,51,2025-07-26 17:50:44.001896,154,1.037,0.0011,"aoml_navis",1026.74828308328
"7901009",77,-0.0050229544501469,1,0.016821,1,-0.005607,1,149.466842798377,1,4.86960901635308,156,1,19.8190002441406,36.6870002746582,0.0168210007250309,0.00373800005763769,144.130493164062,-88.1318,27.3149,9.93377151386352,63,63,63,63,61,63,-0.005607,7817,1.11627530284214,27,-88,0.001869,51,2025-07-26 17:50:44.001896,156,1.037,0.0011,"aoml_navis",1026.77647901691
"7901009",77,0.00167431815004897,1,0.024297,1,0.001869,1,150.184670806349,1,4.86951916442067,158,1,19.7490005493164,36.6759986877441,0.0242970008403063,0.0112140001729131,144.822692871094,-88.1318,27.3149,9.93377151386352,63,63,63,63,61,63,0.001869,7817,1.11627530284214,27,-88,0.001869,51,2025-07-26 17:50:44.001896,158,1.037,0.0011,"aoml_navis",1026.79542500473
"7901009",77,-0.0050229544501469,1,0.016821,1,-0.005607,1,151.016888609524,1,4.86940840524917,160,1,19.6679992675781,36.6669998168945,0.0168210007250309,0.00373800005763769,145.625198364258,-88.1318,27.3149,9.93377151386352,63,63,63,63,61,63,-0.005607,7817,1.11627530284214,27,-88,0.001869,51,2025-07-26 17:50:44.001896,160,1.037,0.0011,"aoml_navis",1026.81878041079
"7901009",77,0,1,0.022428,1,0,1,150.864347784269,1,4.86930138443244,162,1,19.5839996337891,36.6559982299805,0.0224280003458261,0.00934499967843294,145.478103637695,-88.1318,27.3149,9.93377151386352,63,63,63,63,61,63,0,7817,1.11627530284214,27,-88,0.001869,51,2025-07-26 17:50:44.001896,162,1.037,0.0011,"aoml_navis",1026.84134853213
"7901009",77,-0.0050229544501469,1,0.016821,1,-0.005607,1,150.821623694209,1,4.86917545457395,164,1,19.4759998321533,36.6419982910156,0.0168210007250309,0.00373800005763769,145.436904907227,-88.1318,27.3149,9.93377151386352,63,63,63,63,61,63,-0.005607,7817,1.11627530284214,27,-88,0.001869,51,2025-07-26 17:50:44.001896,164,1.037,0.0011,"aoml_navis",1026.86790538697
"7901009",77,-0.0050229544501469,1,0.016821,1,-0.005607,1,151.243073107054,1,4.86903680282855,166,1,19.3400001525879,36.6220016479492,0.0168210007250309,0.00373800005763769,145.843307495117,-88.1318,27.3149,9.93377151386352,63,63,63,63,61,63,-0.005607,7817,1.11627530284214,27,-88,0.001869,51,2025-07-26 17:50:44.001896,166,1.037,0.0011,"aoml_navis",1026.8971466996
"7901009",77,-0.00669727260019587,1,0.014952,1,-0.007476,1,151.479305677617,1,4.86897097854428,168,1,19.2970008850098,36.6139984130859,0.0149520002305508,0.00186900002881885,146.071105957031,-88.1318,27.3149,9.93377151386352,63,63,63,63,61,63,-0.007476,7817,1.11627530284214,27,-88,0.001869,51,2025-07-26 17:50:44.001896,168,1.037,0.0011,"aoml_navis",1026.91102946251
"7901009",77,-0.00334863630009794,1,0.01869,1,-0.003738,1,151.840593242161,1,4.86887799417799,170,1,19.2350006103516,36.6069984436035,0.0186899993568659,0.00560700008645654,146.419494628906,-88.1318,27.3149,9.93377151386352,63,63,63,63,61,63,-0.003738,7817,1.11627530284214,27,-88,0.001869,51,2025-07-26 17:50:44.001896,170,1.037,0.0011,"aoml_navis",1026.93064110023
"7901009",77,-0.00669727260019587,1,0.014952,1,-0.007476,1,151.967847735595,1,4.86880354763472,172,1,19.181999206543,36.5979995727539,0.0149520002305508,0.00186900002881885,146.542205810547,-88.1318,27.3149,9.93377151386352,63,63,63,63,61,63,-0.007476,7817,1.11627530284214,27,-88,0.001869,51,2025-07-26 17:50:44.001896,172,1.037,0.0011,"aoml_navis",1026.94634340484
"7901009",77,-0.00334863630009794,1,0.01869,1,-0.003738,1,151.977167916723,1,4.86873311193497,174,1,19.1380004882812,36.5909996032715,0.0186899993568659,0.00560700008645654,146.551193237305,-88.1318,27.3149,9.93377151386352,63,63,63,63,61,63,-0.003738,7817,1.11627530284214,27,-88,0.001869,51,2025-07-26 17:50:44.001896,174,1.037,0.0011,"aoml_navis",1026.96120018229
"7901009",77,-0.0100459089002938,1,0.011214,1,-0.011214,1,152.386385580821,1,4.8686364589669,176,1,19.0610008239746,36.5800018310547,0.0112140001729131,-0.00186900002881885,146.94580078125,-88.1318,27.3149,9.93377151386352,63,63,63,63,61,63,-0.011214,7817,1.11627530284214,27,-88,0.001869,51,2025-07-26 17:50:44.001896,176,1.037,0.0011,"aoml_navis",1026.98158758417
"7901009",77,-0.00669727260019587,1,0.014952,1,-0.007476,1,153.590160553893,1,4.86853266244428,178,1,18.9780006408691,36.5690002441406,0.0149520002305508,0.00186900002881885,148.106597900391,-88.1318,27.3149,9.93377151386352,63,63,63,63,61,63,-0.007476,7817,1.11627530284214,27,-88,0.001869,51,2025-07-26 17:50:44.001896,178,1.037,0.0011,"aoml_navis",1027.00348270637
"7901009",77,-0.0050229544501469,1,0.016821,1,-0.005607,1,155.159590442938,1,4.86846769827414,180,1,18.94700050354,36.564998626709,0.0168210007250309,0.00373800005763769,149.619995117188,-88.1318,27.3149,9.93377151386352,63,63,63,63,61,63,-0.005607,7817,1.11627530284214,27,-88,0.001869,51,2025-07-26 17:50:44.001896,180,1.037,0.0011,"aoml_navis",1027.01718690102
"7901009",77,-0.00334863630009794,1,0.01869,1,-0.003738,1,156.325625803123,1,4.86837475810647,182,1,18.9050006866455,36.564998626709,0.0186899993568659,0.00560700008645654,150.744400024414,-88.1318,27.3149,9.93377151386352,63,63,63,63,61,63,-0.003738,7817,1.11627530284214,27,-88,0.001869,51,2025-07-26 17:50:44.001896,182,1.037,0.0011,"aoml_navis",1027.03679326953
"7901009",77,-0.00669727260019587,1,0.014952,1,-0.007476,1,156.643888626602,1,4.86826777040299,184,1,18.8190002441406,36.5540008544922,0.0149520002305508,0.00186900002881885,151.051300048828,-88.1318,27.3149,9.93377151386352,63,63,63,63,61,63,-0.007476,7817,1.11627530284214,27,-88,0.001869,51,2025-07-26 17:50:44.001896,184,1.037,0.0011,"aoml_navis",1027.05936398936
"7901009",77,-0.00669727260019587,1,0.014952,1,-0.007476,1,156.685995590918,1,4.86817824362277,186,1,18.75,36.5439987182617,0.0149520002305508,0.00186900002881885,151.091903686523,-88.1318,27.3149,9.93377151386352,63,63,63,63,61,63,-0.007476,7817,1.11627530284214,27,-88,0.001869,51,2025-07-26 17:50:44.001896,186,1.037,0.0011,"aoml_navis",1027.07825181831
"7901009",77,-0.00669727260019587,1,0.014952,1,-0.007476,1,156.576273798147,1,4.86810360854516,188,1,18.6989994049072,36.5359992980957,0.0149520002305508,0.00186900002881885,150.986099243164,-88.1318,27.3149,9.93377151386352,63,63,63,63,61,63,-0.007476,7817,1.11627530284214,27,-88,0.001869,51,2025-07-26 17:50:44.001896,188,1.037,0.0011,"aoml_navis",1027.09399841518
"7901009",77,-0.0050229544501469,1,0.016821,1,-0.005607,1,156.05371070549,1,4.86803276438879,190,1,18.6539993286133,36.5289993286133,0.0168210007250309,0.00373800005763769,150.482192993164,-88.1318,27.3149,9.93377151386352,63,63,63,63,61,63,-0.005607,7817,1.11627530284214,27,-88,0.001869,51,2025-07-26 17:50:44.001896,190,1.037,0.0011,"aoml_navis",1027.10894564568
"7901009",77,-0.0117202270503428,4,0.009345,1,-0.013083,1,155.049979416326,1,4.86797051702994,192,1,18.6159992218018,36.5219993591309,0.00934499967843294,-0.00373800005763769,149.514297485352,-88.1318,27.3149,9.93377151386352,63,63,63,63,61,63,-0.013083,7817,1.11627530284214,27,-88,0.001869,51,2025-07-26 17:50:44.001896,192,1.037,0.0011,"aoml_navis",1027.12207941855
"7901009",77,0,1,0.014952,1,-0.007476,1,154.357152912909,1,4.86788057784683,194.100006103516,1,18.5330009460449,36.5069999694824,0.0149520002305508,0,148.846206665039,-88.1318,27.3149,9.93377151386352,63,63,63,63,61,63,0,7817,1.11627530284214,27,-88,0.001869,51,2025-07-26 17:50:44.001896,194.100006103516,1.037,0.0011,"aoml_navis",1027.14105657284
"7901009",77,0,1,0.013083,1,-0.009345,1,154.355491420517,1,4.86778053779532,196,1,18.4440002441406,36.4939994812012,0.0130829997360706,0,148.844604492188,-88.1318,27.3149,9.93377151386352,63,63,63,63,61,63,0,7817,1.11627530284214,27,-88,0.001869,51,2025-07-26 17:50:44.001896,196,1.037,0.0011,"aoml_navis",1027.16216583268
"7901009",77,0,1,0.013083,1,-0.009345,1,154.17546476399,1,4.86772464648643,198,1,18.4139995574951,36.4879989624023,0.0130829997360706,0,148.671005249023,-88.1318,27.3149,9.93377151386352,63,63,63,63,61,63,0,7817,1.11627530284214,27,-88,0.001869,51,2025-07-26 17:50:44.001896,198,1.037,0.0011,"aoml_navis",1027.17395972861
"7901009",77,0,1,0.01869,1,-0.003738,1,153.964012165663,1,4.86765550284997,200,1,18.3729991912842,36.4819984436035,0.0186899993568659,0,148.467102050781,-88.1318,27.3149,9.93377151386352,63,63,63,63,61,63,0,7817,1.11627530284214,27,-88,0.001869,51,2025-07-26 17:50:44.001896,200,1.037,0.0011,"aoml_navis",1027.18855043718
"7901009",77,0,1,0.013083,1,-0.009345,1,153.864670744403,1,4.86756355723483,202,1,18.2980003356934,36.4710006713867,0.0130829997360706,0,148.371307373047,-88.1318,27.3149,9.93377151386352,63,63,63,63,61,63,0,7817,1.11627530284214,27,-88,0.001869,51,2025-07-26 17:50:44.001896,202,1.037,0.0011,"aoml_navis",1027.20795346746
"7901009",77,0,1,0.014952,1,-0.007476,1,153.607582488395,1,4.86749821844525,204,1,18.2569999694824,36.4640007019043,0.0149520002305508,0,148.123397827148,-88.1318,27.3149,9.93377151386352,63,63,63,63,61,63,0,7817,1.11627530284214,27,-88,0.001869,51,2025-07-26 17:50:44.001896,204,1.037,0.0011,"aoml_navis",1027.22174217807
"7901009",77,0,1,0.016821,1,-0.005607,1,153.157618701369,1,4.86742102971934,206,1,18.1940002441406,36.4529991149902,0.0168210007250309,0,147.689498901367,-88.1318,27.3149,9.93377151386352,63,63,63,63,61,63,0,7817,1.11627530284214,27,-88,0.001869,51,2025-07-26 17:50:44.001896,206,1.037,0.0011,"aoml_navis",1027.23803210595
"7901009",77,0,1,0.014952,1,-0.007476,1,152.713351459683,1,4.86732605060754,208,1,18.113000869751,36.4410018920898,0.0149520002305508,0,147.261093139648,-88.1318,27.3149,9.93377151386352,63,63,63,63,61,63,0,7817,1.11627530284214,27,-88,0.001869,51,2025-07-26 17:50:44.001896,208,1.037,0.0011,"aoml_navis",1027.25807723029
"7901009",77,0,1,0.014952,1,-0.007476,1,152.210504743404,1,4.8672669461485,210,1,18.0799999237061,36.435001373291,0.0149520002305508,0,146.77619934082,-88.1318,27.3149,9.93377151386352,63,63,63,63,61,63,0,7817,1.11627530284214,27,-88,0.001869,51,2025-07-26 17:50:44.001896,210,1.037,0.0011,"aoml_navis",1027.27055148609
"7901009",77,0,1,0.014952,1,-0.007476,1,151.452231263508,1,4.86721150846124,212,1,18.0470008850098,36.4280014038086,0.0149520002305508,0,146.044998168945,-88.1318,27.3149,9.93377151386352,63,63,63,63,61,63,0,7817,1.11627530284214,27,-88,0.001869,51,2025-07-26 17:50:44.001896,212,1.037,0.0011,"aoml_navis",1027.28225212895
"7901009",77,0,1,0.013083,1,-0.009345,1,151.067492920641,1,4.86709947394522,214,1,17.9330005645752,36.4099998474121,0.0130829997360706,0,145.67399597168,-88.1318,27.3149,9.93377151386352,63,63,63,63,61,63,0,7817,1.11627530284214,27,-88,0.001869,51,2025-07-26 17:50:44.001896,214,1.037,0.0011,"aoml_navis",1027.30589887596
"7901009",77,0,1,0.016821,1,-0.005607,1,150.903653947125,1,4.86700653311813,216,1,17.8530006408691,36.3979988098145,0.0168210007250309,0,145.516006469727,-88.1318,27.3149,9.93377151386352,63,63,63,63,61,63,0,7817,1.11627530284214,27,-88,0.001869,51,2025-07-26 17:50:44.001896,216,1.037,0.0011,"aoml_navis",1027.32551640868
"7901009",77,0,1,0.013083,1,-0.009345,1,150.88559906314,1,4.86691738296248,218,1,17.7759990692139,36.3860015869141,0.0130829997360706,0,145.498596191406,-88.1318,27.3149,9.93377151386352,63,63,63,63,61,63,0,7817,1.11627530284214,27,-88,0.001869,51,2025-07-26 17:50:44.001896,218,1.037,0.0011,"aoml_navis",1027.34433452752
"7901009",77,0,1,0.013083,1,-0.009345,1,150.829393149105,1,4.86686335904931,220,1,17.75,36.3810005187988,0.0130829997360706,0,145.444396972656,-88.1318,27.3149,9.93377151386352,63,63,63,63,61,63,0,7817,1.11627530284214,27,-88,0.001869,51,2025-07-26 17:50:44.001896,220,1.037,0.0011,"aoml_navis",1027.35573841479
"7901009",77,0,1,0.016821,1,-0.005607,1,150.699875861272,1,4.86681274548083,222,1,17.7329998016357,36.3779983520508,0.0168210007250309,0,145.31950378418,-88.1318,27.3149,9.93377151386352,63,63,63,63,61,63,0,7817,1.11627530284214,27,-88,0.001869,51,2025-07-26 17:50:44.001896,222,1.037,0.0011,"aoml_navis",1027.36642264341
"7901009",77,0,1,0.014952,1,-0.007476,1,150.507918107002,1,4.86675976691876,224,1,17.7140007019043,36.375,0.0149520002305508,0,145.134399414062,-88.1318,27.3149,9.93377151386352,63,63,63,63,61,63,0,7817,1.11627530284214,27,-88,0.001869,51,2025-07-26 17:50:44.001896,224,1.037,0.0011,"aoml_navis",1027.37760634641
"7901009",77,0,1,0.01869,1,-0.003738,1,150.197329795996,1,4.86671043818036,226,1,17.6949996948242,36.3709983825684,0.0186899993568659,0,144.834899902344,-88.1318,27.3149,9.93377151386352,63,63,63,63,61,63,0,7817,1.11627530284214,27,-88,0.001869,51,2025-07-26 17:50:44.001896,226,1.037,0.0011,"aoml_navis",1027.38801979546
"7901009",77,0,1,0.016821,1,-0.005607,1,149.735434911227,1,4.86665302393219,228,1,17.6630001068115,36.3650016784668,0.0168210007250309,0,144.389495849609,-88.1318,27.3149,9.93377151386352,63,63,63,63,61,63,0,7817,1.11627530284214,27,-88,0.001869,51,2025-07-26 17:50:44.001896,228,1.037,0.0011,"aoml_navis",1027.40014038644
"7901009",77,0,1,0.014952,1,-0.007476,1,149.595331543301,1,4.86655386306597,230,1,17.5769996643066,36.3530006408691,0.0149520002305508,0,144.25439453125,-88.1318,27.3149,9.93377151386352,63,63,63,63,61,63,0,7817,1.11627530284214,27,-88,0.001869,51,2025-07-26 17:50:44.001896,230,1.037,0.0011,"aoml_navis",1027.42107468425
"7901009",77,0,1,0.014952,1,-0.007476,1,149.386996221174,1,4.86649308234015,232,1,17.5419998168945,36.3470001220703,0.0149520002305508,0,144.053497314453,-88.1318,27.3149,9.93377151386352,63,63,63,63,61,63,0,7817,1.11627530284214,27,-88,0.001869,51,2025-07-26 17:50:44.001896,232,1.037,0.0011,"aoml_navis",1027.4339067992
"7901009",77,0,1,0.014952,1,-0.007476,1,149.10212148289,1,4.86644045704426,234,1,17.5170001983643,36.3419990539551,0.0149520002305508,0,143.778793334961,-88.1318,27.3149,9.93377151386352,63,63,63,63,61,63,0,7817,1.11627530284214,27,-88,0.001869,51,2025-07-26 17:50:44.001896,234,1.037,0.0011,"aoml_navis",1027.44501738687
"7901009",77,0,1,0.014952,1,-0.007476,1,148.676019891349,1,4.86637294082158,236,1,17.4699993133545,36.3339996337891,0.0149520002305508,0,143.367904663086,-88.1318,27.3149,9.93377151386352,63,63,63,63,61,63,0,7817,1.11627530284214,27,-88,0.001869,51,2025-07-26 17:50:44.001896,236,1.037,0.0011,"aoml_navis",1027.45927219377
"7901009",77,0,1,0.01869,1,-0.003738,1,148.01667641555,1,4.8663183841133,238,1,17.4340000152588,36.326000213623,0.0186899993568659,0,142.73210144043,-88.1318,27.3149,9.93377151386352,63,63,63,63,61,63,0,7817,1.11627530284214,27,-88,0.001869,51,2025-07-26 17:50:44.001896,238,1.037,0.0011,"aoml_navis",1027.47079112685
"7901009",77,0,1,0.016821,1,-0.005607,1,147.593676276473,1,4.86622141761361,240,1,17.3430004119873,36.3120002746582,0.0168210007250309,0,142.324203491211,-88.1318,27.3149,9.93377151386352,63,63,63,63,61,63,0,7817,1.11627530284214,27,-88,0.001869,51,2025-07-26 17:50:44.001896,240,1.037,0.0011,"aoml_navis",1027.49126496837
"7901009",77,0,1,0.014952,1,-0.007476,1,147.17554984841,1,4.86614984231228,242,1,17.2859992980957,36.3019981384277,0.0149520002305508,0,141.921005249023,-88.1318,27.3149,9.93377151386352,63,63,63,63,61,63,0,7817,1.11627530284214,27,-88,0.001869,51,2025-07-26 17:50:44.001896,242,1.037,0.0011,"aoml_navis",1027.50637814805
"7901009",77,0,1,0.016821,1,-0.005607,1,146.807711256723,1,4.86607605863438,244,1,17.2269992828369,36.2919998168945,0.0168210007250309,0,141.566299438477,-88.1318,27.3149,9.93377151386352,63,63,63,63,61,63,0,7817,1.11627530284214,27,-88,0.001869,51,2025-07-26 17:50:44.001896,244,1.037,0.0011,"aoml_navis",1027.52195809352
"7901009",77,0,1,0.016821,1,-0.005607,1,146.585894110621,1,4.86600559726939,246,1,17.1770000457764,36.2840003967285,0.0168210007250309,0,141.352401733398,-88.1318,27.3149,9.93377151386352,63,63,63,63,61,63,0,7817,1.11627530284214,27,-88,0.001869,51,2025-07-26 17:50:44.001896,246,1.037,0.0011,"aoml_navis",1027.53683695017
"7901009",77,0,1,0.016821,1,-0.005607,1,146.433131753048,1,4.86593208108278,248,1,17.1180000305176,36.273998260498,0.0168210007250309,0,141.205093383789,-88.1318,27.3149,9.93377151386352,63,63,63,63,61,63,0,7817,1.11627530284214,27,-88,0.001869,51,2025-07-26 17:50:44.001896,248,1.037,0.0011,"aoml_navis",1027.55236133246
"7901009",77,0,1,0.014952,1,-0.007476,1,146.197215657226,1,4.86587952580274,250,1,17.0990009307861,36.2709999084473,0.0149520002305508,0,140.977600097656,-88.1318,27.3149,9.93377151386352,63,63,63,63,61,63,0,7817,1.11627530284214,27,-88,0.001869,51,2025-07-26 17:50:44.001896,250,1.037,0.0011,"aoml_navis",1027.56345969645
"7901009",77,0,1,0.016821,1,-0.005607,1,145.995209829924,1,4.86581245157936,252,1,17.0580005645752,36.2649993896484,0.0168210007250309,0,140.782806396484,-88.1318,27.3149,9.93377151386352,63,63,63,63,61,63,0,7817,1.11627530284214,27,-88,0.001869,51,2025-07-26 17:50:44.001896,252,1.037,0.0011,"aoml_navis",1027.5776244473
"7901009",77,0,1,0.013083,1,-0.009345,1,145.655157720513,1,4.86577132214563,254,1,17.0520000457764,36.2630004882812,0.0130829997360706,0,140.454895019531,-88.1318,27.3149,9.93377151386352,63,63,63,63,61,63,0,7817,1.11627530284214,27,-88,0.001869,51,2025-07-26 17:50:44.001896,254,1.037,0.0011,"aoml_navis",1027.58631036429
"7901009",77,0,1,0.016821,1,-0.005607,1,145.202709606768,1,4.86571487001643,256,1,17.0170001983643,36.2560005187988,0.0168210007250309,0,140.018600463867,-88.1318,27.3149,9.93377151386352,63,63,63,63,61,63,0,7817,1.11627530284214,27,-88,0.001869,51,2025-07-26 17:50:44.001896,256,1.037,0.0011,"aoml_navis",1027.5982324429
"7901009",77,0,4,0.011214,1,-0.011214,1,144.91742345132,1,4.86562497824135,258,1,16.9340000152588,36.2430000305176,0.0112140001729131,0,139.743499755859,-88.1318,27.3149,9.93377151386352,63,63,63,63,61,63,0,7817,1.11627530284214,27,-88,0.001869,51,2025-07-26 17:50:44.001896,258,1.037,0.0011,"aoml_navis",1027.61721718373
"7901009",77,0,1,0.01869,1,-0.003738,1,144.499297023257,1,4.86556868616927,260,1,16.8990001678467,36.2360000610352,0.0186899993568659,0,139.340301513672,-88.1318,27.3149,9.93377151386352,63,63,63,63,61,63,0,7817,1.11627530284214,27,-88,0.001869,51,2025-07-26 17:50:44.001896,260,1.037,0.0011,"aoml_navis",1027.62910617475
"7901009",77,0,1,0.016821,1,-0.005607,1,143.865983594921,1,4.86550403654945,262,1,16.863000869751,36.2309989929199,0.0168210007250309,0,138.729598999023,-88.1318,27.3149,9.93377151386352,63,63,63,63,61,63,0,7817,1.11627530284214,27,-88,0.001869,51,2025-07-26 17:50:44.001896,262,1.037,0.0011,"aoml_navis",1027.64276063492
"7901009",77,0,1,0.01869,1,-0.003738,1,143.146905511722,1,4.86543161351279,264,1,16.7980003356934,36.2190017700195,0.0186899993568659,0,138.036193847656,-88.1318,27.3149,9.93377151386352,63,63,63,63,61,63,0,7817,1.11627530284214,27,-88,0.001869,51,2025-07-26 17:50:44.001896,264,1.037,0.0011,"aoml_navis",1027.65805732701
"7901009",77,0,1,0.016821,1,-0.005607,1,142.430438345137,1,4.86534059077623,266,1,16.7070007324219,36.2039985656738,0.0168210007250309,0,137.345306396484,-88.1318,27.3149,9.93377151386352,63,63,63,63,61,63,0,7817,1.11627530284214,27,-88,0.001869,51,2025-07-26 17:50:44.001896,266,1.037,0.0011,"aoml_navis",1027.67728316473
"7901009",77,0,1,0.01869,1,-0.003738,1,141.78125370853,1,4.86527064058313,268,1,16.6469993591309,36.193000793457,0.0186899993568659,0,136.719299316406,-88.1318,27.3149,9.93377151386352,63,63,63,63,61,63,0,7817,1.11627530284214,27,-88,0.001869,51,2025-07-26 17:50:44.001896,268,1.037,0.0011,"aoml_navis",1027.69205854512
"7901009",77,0,1,0.014952,1,-0.007476,1,140.945728744309,1,4.86520950356446,270,1,16.6009998321533,36.1839981079102,0.0149520002305508,0,135.913604736328,-88.1318,27.3149,9.93377151386352,63,63,63,63,61,63,0,7817,1.11627530284214,27,-88,0.001869,51,2025-07-26 17:50:44.001896,270,1.037,0.0011,"aoml_navis",1027.70497269168
"7901009",77,0,1,0.016821,1,-0.005607,1,140.616262714992,1,4.86511715904509,272,1,16.5049991607666,36.1679992675781,0.0168210007250309,0,135.595901489258,-88.1318,27.3149,9.93377151386352,63,63,63,63,61,63,0,7817,1.11627530284214,27,-88,0.001869,51,2025-07-26 17:50:44.001896,272,1.037,0.0011,"aoml_navis",1027.72447950285
"7901009",77,0,1,0.013083,1,-0.009345,1,140.631912390943,1,4.86503802187914,274,1,16.4300003051758,36.1549987792969,0.0130829997360706,0,135.610992431641,-88.1318,27.3149,9.93377151386352,63,63,63,63,61,63,0,7817,1.11627530284214,27,-88,0.001869,51,2025-07-26 17:50:44.001896,274,1.037,0.0011,"aoml_navis",1027.74119698837
"7901009",77,0,1,0.016821,1,-0.005607,1,140.659508988375,1,4.86497652871606,276,1,16.3929996490479,36.148998260498,0.0168210007250309,0,135.637603759766,-88.1318,27.3149,9.93377151386352,63,63,63,63,61,63,0,7817,1.11627530284214,27,-88,0.001869,51,2025-07-26 17:50:44.001896,276,1.037,0.0011,"aoml_navis",1027.75418760747
"7901009",77,0,1,0.016821,1,-0.005607,1,140.798773698237,1,4.86492609736359,278,1,16.3689994812012,36.1440010070801,0.0168210007250309,0,135.771896362305,-88.1318,27.3149,9.93377151386352,63,63,63,63,61,63,0,7817,1.11627530284214,27,-88,0.001869,51,2025-07-26 17:50:44.001896,278,1.037,0.0011,"aoml_navis",1027.7648416303
"7901009",77,0,1,0.020559,1,-0.001869,1,140.811226979303,1,4.86487370079273,280,1,16.3400001525879,36.1380004882812,0.020558999851346,0,135.783905029297,-88.1318,27.3149,9.93377151386352,63,63,63,63,61,63,0,7817,1.11627530284214,27,-88,0.001869,51,2025-07-26 17:50:44.001896,280,1.037,0.0011,"aoml_navis",1027.77591105505
"7901009",77,0,1,0.01869,1,-0.003738,1,140.571671423958,1,4.86481085680013,282,1,16.2919998168945,36.1290016174316,0.0186899993568659,0,135.55290222168,-88.1318,27.3149,9.93377151386352,63,63,63,63,61,63,0,7817,1.11627530284214,27,-88,0.001869,51,2025-07-26 17:50:44.001896,282,1.037,0.0011,"aoml_navis",1027.78918794158
"7901009",77,0,1,0.01869,1,-0.003738,1,139.941475271822,1,4.86472535875912,284,1,16.2140007019043,36.117000579834,0.0186899993568659,0,134.945205688477,-88.1318,27.3149,9.93377151386352,63,63,63,63,61,63,0,7817,1.11627530284214,27,-88,0.001869,51,2025-07-26 17:50:44.001896,284,1.037,0.0011,"aoml_navis",1027.80725144068
"7901009",77,0,1,0.016821,1,-0.005607,1,139.539932120198,1,4.86466723278232,286,1,16.1700000762939,36.1080017089844,0.0168210007250309,0,134.557998657227,-88.1318,27.3149,9.93377151386352,63,63,63,63,61,63,0,7817,1.11627530284214,27,-88,0.001869,51,2025-07-26 17:50:44.001896,286,1.037,0.0011,"aoml_navis",1027.81953230134
"7901009",77,0,1,0.014952,1,-0.007476,1,138.998507132966,1,4.86461646513874,288,1,16.1520004272461,36.1049995422363,0.0149520002305508,0,134.035903930664,-88.1318,27.3149,9.93377151386352,63,63,63,63,61,63,0,7817,1.11627530284214,27,-88,0.001869,51,2025-07-26 17:50:44.001896,288,1.037,0.0011,"aoml_navis",1027.83025873293
"7901009",77,0,1,0.014952,1,-0.007476,1,138.402316191772,1,4.86456849925435,290,1,16.1299991607666,36.0999984741211,0.0149520002305508,0,133.460998535156,-88.1318,27.3149,9.93377151386352,63,63,63,63,61,63,0,7817,1.11627530284214,27,-88,0.001869,51,2025-07-26 17:50:44.001896,290,1.037,0.0011,"aoml_navis",1027.84039340106
"7901009",77,0,1,0.01869,1,-0.003738,1,137.988746999982,1,4.86451383694255,292,1,16.1019992828369,36.0950012207031,0.0186899993568659,0,133.062194824219,-88.1318,27.3149,9.93377151386352,63,63,63,63,61,63,0,7817,1.11627530284214,27,-88,0.001869,51,2025-07-26 17:50:44.001896,292,1.037,0.0011,"aoml_navis",1027.85194319492
"7901009",77,0,1,0.016821,1,-0.005607,1,138.105526179482,1,4.86444137214647,294,1,16.0580005645752,36.0900001525879,0.0168210007250309,0,133.1748046875,-88.1318,27.3149,9.93377151386352,63,63,63,63,61,63,0,7817,1.11627530284214,27,-88,0.001869,51,2025-07-26 17:50:44.001896,294,1.037,0.0011,"aoml_navis",1027.86725493902
"7901009",77,0,1,0.016821,1,-0.005607,1,137.982639037477,1,4.86435569043412,296,1,15.9890003204346,36.0810012817383,0.0168210007250309,0,133.056304931641,-88.1318,27.3149,9.93377151386352,63,63,63,63,61,63,0,7817,1.11627530284214,27,-88,0.001869,51,2025-07-26 17:50:44.001896,296,1.037,0.0011,"aoml_navis",1027.88535999385
"7901009",77,0,1,0.016821,1,-0.005607,1,137.72555078147,1,4.86428765442636,298,1,15.9390001296997,36.0730018615723,0.0168210007250309,0,132.808395385742,-88.1318,27.3149,9.93377151386352,63,63,63,63,61,63,0,7817,1.11627530284214,27,-88,0.001869,51,2025-07-26 17:50:44.001896,298,1.037,0.0011,"aoml_navis",1027.89973686078
"7901009",77,0,1,0.016821,1,-0.005607,1,137.393505483011,1,4.86421529893469,300,1,15.8850002288818,36.064998626709,0.0168210007250309,0,132.488204956055,-88.1318,27.3149,9.93377151386352,63,63,63,63,61,63,0,7817,1.11627530284214,27,-88,0.001869,51,2025-07-26 17:50:44.001896,300,1.037,0.0011,"aoml_navis",1027.91502693046
"7901009",77,0,1,0.014952,1,-0.007476,1,137.005649863944,1,4.86414778399483,302,1,15.8319997787476,36.0559997558594,0.0149520002305508,0,132.114196777344,-88.1318,27.3149,9.93377151386352,63,63,63,63,61,63,0,7817,1.11627530284214,27,-88,0.001869,51,2025-07-26 17:50:44.001896,302,1.037,0.0011,"aoml_navis",1027.92929451119
"7901009",77,0,1,0.016821,1,-0.005607,1,136.538374908574,1,4.86409551689069,304,1,15.7959995269775,36.0480003356934,0.0168210007250309,0,131.663604736328,-88.1318,27.3149,9.93377151386352,63,63,63,63,61,63,0,7817,1.11627530284214,27,-88,0.001869,51,2025-07-26 17:50:44.001896,304,1.037,0.0011,"aoml_navis",1027.94034011819
"7901009",77,0,1,0.014952,1,-0.007476,1,136.044753431,1,4.86403590685429,306,1,15.75,36.0390014648438,0.0149520002305508,0,131.187606811523,-88.1318,27.3149,9.93377151386352,63,63,63,63,61,63,0,7817,1.11627530284214,27,-88,0.001869,51,2025-07-26 17:50:44.001896,306,1.037,0.0011,"aoml_navis",1027.9529377968
"7901009",77,0,1,0.01869,1,-0.003738,1,135.602036915546,1,4.86393993669549,308,1,15.6510000228882,36.023998260498,0.0186899993568659,0,130.760696411133,-88.1318,27.3149,9.93377151386352,63,63,63,63,61,63,0,7817,1.11627530284214,27,-88,0.001869,51,2025-07-26 17:50:44.001896,308,1.037,0.0011,"aoml_navis",1027.97322028548
"7901009",77,0,1,0.01869,1,-0.003738,1,135.236698474314,1,4.8638721697026,310,1,15.5939998626709,36.0139999389648,0.0186899993568659,0,130.408401489258,-88.1318,27.3149,9.93377151386352,63,63,63,63,61,63,0,7817,1.11627530284214,27,-88,0.001869,51,2025-07-26 17:50:44.001896,310,1.037,0.0011,"aoml_navis",1027.98754275356
"7901009",77,0,1,0.020559,1,-0.001869,1,134.986778371195,1,4.86380344063473,312,1,15.53600025177,36.0040016174316,0.020558999851346,0,130.167404174805,-88.1318,27.3149,9.93377151386352,63,63,63,63,61,63,0,7817,1.11627530284214,27,-88,0.001869,51,2025-07-26 17:50:44.001896,312,1.037,0.0011,"aoml_navis",1028.00206896262
"7901009",77,0,1,0.016821,1,-0.005607,1,134.911900447429,1,4.86371776889616,314,1,15.4589996337891,35.9930000305176,0.0168210007250309,0,130.095199584961,-88.1318,27.3149,9.93377151386352,63,63,63,63,61,63,0,7817,1.11627530284214,27,-88,0.001869,51,2025-07-26 17:50:44.001896,314,1.037,0.0011,"aoml_navis",1028.02017665897
"7901009",77,0,1,0.01869,1,-0.003738,1,134.786323270124,1,4.86366203025937,316,1,15.4259996414185,35.9869995117188,0.0186899993568659,0,129.974105834961,-88.1318,27.3149,9.93377151386352,63,63,63,63,61,63,0,7817,1.11627530284214,27,-88,0.001869,51,2025-07-26 17:50:44.001896,316,1.037,0.0011,"aoml_navis",1028.03195799634
"7901009",77,0,1,0.014952,1,-0.007476,1,134.611059558452,1,4.86360524605453,318,1,15.3920001983643,35.9809989929199,0.0149520002305508,0,129.805099487305,-88.1318,27.3149,9.93377151386352,63,63,63,63,61,63,0,7817,1.11627530284214,27,-88,0.001869,51,2025-07-26 17:50:44.001896,318,1.037,0.0011,"aoml_navis",1028.04396061052
"7901009",77,0,1,0.020559,1,-0.001869,1,134.415889585559,1,4.86354524572288,320,1,15.3549995422363,35.9749984741211,0.020558999851346,0,129.616897583008,-88.1318,27.3149,9.93377151386352,63,63,63,63,61,63,0,7817,1.11627530284214,27,-88,0.001869,51,2025-07-26 17:50:44.001896,320,1.037,0.0011,"aoml_navis",1028.0566433297
"7901009",77,0,1,0.01869,1,-0.003738,1,134.08787934005,1,4.86348924444413,322,1,15.3249998092651,35.9700012207031,0.0186899993568659,0,129.300598144531,-88.1318,27.3149,9.93377151386352,63,63,63,63,61,63,0,7817,1.11627530284214,27,-88,0.001869,51,2025-07-26 17:50:44.001896,322,1.037,0.0011,"aoml_navis",1028.06848102148
"7901009",77,0,1,0.01869,1,-0.003738,1,133.572373634123,1,4.86343801031569,324,1,15.2959995269775,35.9640007019043,0.0186899993568659,0,128.803497314453,-88.1318,27.3149,9.93377151386352,63,63,63,63,61,63,0,7817,1.11627530284214,27,-88,0.001869,51,2025-07-26 17:50:44.001896,324,1.037,0.0011,"aoml_navis",1028.07931125978
"7901009",77,0,1,0.020559,1,-0.001869,1,132.95690938119,1,4.8633695778881,326,1,15.2410001754761,35.9550018310547,0.020558999851346,0,128.210006713867,-88.1318,27.3149,9.93377151386352,63,63,63,63,61,63,0,7817,1.11627530284214,27,-88,0.001869,51,2025-07-26 17:50:44.001896,326,1.037,0.0011,"aoml_navis",1028.0937773541
"7901009",77,0,1,0.01869,1,-0.003738,1,132.705628436683,1,4.86326919492655,328,1,15.1359996795654,35.939998626709,0.0186899993568659,0,127.967697143555,-88.1318,27.3149,9.93377151386352,63,63,63,63,61,63,0,7817,1.11627530284214,27,-88,0.001869,51,2025-07-26 17:50:44.001896,328,1.037,0.0011,"aoml_navis",1028.11499828471
"7901009",77,0,1,0.01869,1,-0.003738,1,132.515340086673,1,4.86320782572528,330,1,15.0939998626709,35.9329986572266,0.0186899993568659,0,127.784202575684,-88.1318,27.3149,9.93377151386352,63,63,63,63,61,63,0,7817,1.11627530284214,27,-88,0.001869,51,2025-07-26 17:50:44.001896,330,1.037,0.0011,"aoml_navis",1028.12797214857
"7901009",77,0,1,0.016821,1,-0.005607,1,132.258259742534,1,4.86316353611533,332,1,15.0780000686646,35.9290008544922,0.0168210007250309,0,127.53630065918,-88.1318,27.3149,9.93377151386352,63,63,63,63,61,63,0,7817,1.11627530284214,27,-88,0.001869,51,2025-07-26 17:50:44.001896,332,1.037,0.0011,"aoml_navis",1028.13733547484
"7901009",77,0,1,0.016821,1,-0.005607,1,131.826754344788,1,4.86312166705607,334,1,15.0710000991821,35.9269981384277,0.0168210007250309,0,127.12020111084,-88.1318,27.3149,9.93377151386352,63,63,63,63,61,63,0,7817,1.11627530284214,27,-88,0.001869,51,2025-07-26 17:50:44.001896,334,1.037,0.0011,"aoml_navis",1028.14618722603
"7901009",77,0,1,0.022428,1,0,1,131.421690411668,1,4.86305521966855,336,1,15.0139999389648,35.9169998168945,0.0224280003458261,0,126.729598999023,-88.1318,27.3149,9.93377151386352,63,63,63,63,61,63,0,7817,1.11627530284214,27,-88,0.001869,51,2025-07-26 17:50:44.001896,336,1.037,0.0011,"aoml_navis",1028.16023551976
"7901009",77,0,1,0.01869,1,-0.003738,1,131.173012471907,1,4.86297693929829,338,1,14.9390001296997,35.9049987792969,0.0186899993568659,0,126.489799499512,-88.1318,27.3149,9.93377151386352,63,63,63,63,61,63,0,7817,1.11627530284214,27,-88,0.001869,51,2025-07-26 17:50:44.001896,338,1.037,0.0011,"aoml_navis",1028.17678603294
"7901009",77,0,1,0.01869,1,-0.003738,1,130.723982285367,1,4.8629173977273,340,1,14.8950004577637,35.8969993591309,0.0186899993568659,0,126.056800842285,-88.1318,27.3149,9.93377151386352,63,63,63,63,61,63,0,7817,1.11627530284214,27,-88,0.001869,51,2025-07-26 17:50:44.001896,340,1.037,0.0011,"aoml_navis",1028.1893750317
"7901009",77,0,4,0.011214,1,-0.011214,1,130.332819505254,1,4.8628513584934,342,1,14.8380002975464,35.8870010375977,0.0112140001729131,0,125.67960357666,-88.1318,27.3149,9.93377151386352,63,63,63,63,61,63,0,7817,1.11627530284214,27,-88,0.001869,51,2025-07-26 17:50:44.001896,342,1.037,0.0011,"aoml_navis",1028.20333820549
"7901009",77,0,1,0.01869,1,-0.003738,1,129.920286768242,1,4.8627784784183,344,1,14.7709999084473,35.8759994506836,0.0186899993568659,0,125.281799316406,-88.1318,27.3149,9.93377151386352,63,63,63,63,61,63,0,7817,1.11627530284214,27,-88,0.001869,51,2025-07-26 17:50:44.001896,344,1.037,0.0011,"aoml_navis",1028.2187482302
"7901009",77,0,1,0.020559,1,-0.001869,1,129.737981493578,1,4.86267564714199,346,1,14.6479997634888,35.8569984436035,0.020558999851346,0,125.106002807617,-88.1318,27.3149,9.93377151386352,63,63,63,63,61,63,0,7817,1.11627530284214,27,-88,0.001869,51,2025-07-26 17:50:44.001896,346,1.037,0.0011,"aoml_navis",1028.24049203009
"7901009",77,0,1,0.020559,1,-0.001869,1,129.650555346324,1,4.86259169052165,348,1,14.5699996948242,35.8460006713867,0.020558999851346,0,125.021697998047,-88.1318,27.3149,9.93377151386352,63,63,63,63,61,63,0,7817,1.11627530284214,27,-88,0.001869,51,2025-07-26 17:50:44.001896,348,1.037,0.0011,"aoml_navis",1028.25824544269
"7901009",77,0,1,0.01869,1,-0.003738,1,129.348163731115,1,4.86254723989394,350,1,14.5570001602173,35.8429985046387,0.0186899993568659,0,124.730102539062,-88.1318,27.3149,9.93377151386352,63,63,63,63,61,63,0,7817,1.11627530284214,27,-88,0.001869,51,2025-07-26 17:50:44.001896,350,1.037,0.0011,"aoml_navis",1028.26764519188
"7901009",77,0,1,0.022428,1,0,1,128.868641203261,1,4.86250804550692,352,1,14.548999786377,35.8400001525879,0.0224280003458261,0,124.267700195312,-88.1318,27.3149,9.93377151386352,63,63,63,63,61,63,0,7817,1.11627530284214,27,-88,0.001869,51,2025-07-26 17:50:44.001896,352,1.037,0.0011,"aoml_navis",1028.27593357303
"7901009",77,0,1,0.01869,1,-0.003738,1,128.314248663509,1,4.86244806452548,354,1,14.4969997406006,35.8300018310547,0.0186899993568659,0,123.733100891113,-88.1318,27.3149,9.93377151386352,63,63,63,63,61,63,0,7817,1.11627530284214,27,-88,0.001869,51,2025-07-26 17:50:44.001896,354,1.037,0.0011,"aoml_navis",1028.28861792438
"7901009",77,0,1,0.01869,1,-0.003738,1,128.112029215756,1,4.86236244999882,356,1,14.4099998474121,35.8170013427734,0.0186899993568659,0,123.538101196289,-88.1318,27.3149,9.93377151386352,63,63,63,63,61,63,0,7817,1.11627530284214,27,-88,0.001869,51,2025-07-26 17:50:44.001896,356,1.037,0.0011,"aoml_navis",1028.3067236177
"7901009",77,0,1,0.022428,1,0,1,128.039849239159,1,4.86229388381024,358,1,14.3459997177124,35.8059997558594,0.0224280003458261,0,123.46849822998,-88.1318,27.3149,9.93377151386352,63,63,63,63,61,63,0,7817,1.11627530284214,27,-88,0.001869,51,2025-07-26 17:50:44.001896,358,1.037,0.0011,"aoml_navis",1028.32122440157
"7901009",77,0,1,0.022428,1,0,1,127.694417059148,1,4.86223852370772,360,1,14.3050003051758,35.7980003356934,0.0224280003458261,0,123.135398864746,-88.1318,27.3149,9.93377151386352,63,63,63,63,61,63,0,7817,1.11627530284214,27,-88,0.001869,51,2025-07-26 17:50:44.001896,360,1.037,0.0011,"aoml_navis",1028.33293258251
"7901009",77,0,1,0.01869,1,-0.003738,1,127.369104760808,1,4.86214021182012,362,1,14.1700000762939,35.7750015258789,0.0186899993568659,0,122.821701049805,-88.1318,27.3149,9.93377151386352,63,63,63,63,61,63,0,7817,1.11627530284214,27,-88,0.001869,51,2025-07-26 17:50:44.001896,362,1.037,0.0011,"aoml_navis",1028.35372535015
"7901009",77,0,1,0.01869,1,-0.003738,1,126.655944755269,1,4.86205804329952,364,1,14.0640001296997,35.7560005187988,0.0186899993568659,0,122.134002685547,-88.1318,27.3149,9.93377151386352,63,63,63,63,61,63,0,7817,1.11627530284214,27,-88,0.001869,51,2025-07-26 17:50:44.001896,364,1.037,0.0011,"aoml_navis",1028.37110447305
"7901009",77,0,1,0.020559,1,-0.001869,1,126.116893328597,1,4.86197944423981,366,1,13.9610004425049,35.7369995117188,0.020558999851346,0,121.614196777344,-88.1318,27.3149,9.93377151386352,63,63,63,63,61,63,0,7817,1.11627530284214,27,-88,0.001869,51,2025-07-26 17:50:44.001896,366,1.037,0.0011,"aoml_navis",1028.38772918378
"7901009",77,0,1,0.022428,1,0,1,125.503288364768,1,4.86190912513107,368,1,13.8870000839233,35.7239990234375,0.0224280003458261,0,121.022499084473,-88.1318,27.3149,9.93377151386352,63,63,63,63,61,63,0,7817,1.11627530284214,27,-88,0.001869,51,2025-07-26 17:50:44.001896,368,1.037,0.0011,"aoml_navis",1028.40260303409
"7901009",77,0,1,0.022428,1,0,1,125.025324475015,1,4.86182094772574,370,1,13.7810001373291,35.7070007324219,0.0224280003458261,0,120.561599731445,-88.1318,27.3149,9.93377151386352,63,63,63,63,61,63,0,7817,1.11627530284214,27,-88,0.001869,51,2025-07-26 17:50:44.001896,370,1.037,0.0011,"aoml_navis",1028.42125486725
"7901009",77,0,1,0.022428,1,0,1,124.640586132147,1,4.86173815522148,372,1,13.6870002746582,35.6920013427734,0.0224280003458261,0,120.19059753418,-88.1318,27.3149,9.93377151386352,63,63,63,63,61,63,0,7817,1.11627530284214,27,-88,0.001869,51,2025-07-26 17:50:44.001896,372,1.037,0.0011,"aoml_navis",1028.43876826851
"7901009",77,0,1,0.020559,1,-0.001869,1,124.534606653191,1,4.86165513193629,374,1,13.5959997177124,35.6780014038086,0.020558999851346,0,120.088401794434,-88.1318,27.3149,9.93377151386352,63,63,63,63,61,63,0,7817,1.11627530284214,27,-88,0.001869,51,2025-07-26 17:50:44.001896,374,1.037,0.0011,"aoml_navis",1028.4563310867
"7901009",77,0,1,0.020559,1,-0.001869,1,124.280018547639,1,4.86160829818699,376,1,13.5729999542236,35.6730003356934,0.020558999851346,0,119.842903137207,-88.1318,27.3149,9.93377151386352,63,63,63,63,61,63,0,7817,1.11627530284214,27,-88,0.001869,51,2025-07-26 17:50:44.001896,376,1.037,0.0011,"aoml_navis",1028.46623860351
"7901009",77,0,1,0.026166,1,0.003738,1,124.081422735672,1,4.86155845309554,378,1,13.5469999313354,35.6679992675781,0.0261659994721413,0,119.651397705078,-88.1318,27.3149,9.93377151386352,63,63,63,63,61,63,0,7817,1.11627530284214,27,-88,0.001869,51,2025-07-26 17:50:44.001896,378,1.037,0.0011,"aoml_navis",1028.47678336898
"7901009",77,0,1,0.026166,1,0.003738,1,123.681446134017,1,4.86151973704756,380,1,13.5319995880127,35.6629981994629,0.0261659994721413,0,119.265701293945,-88.1318,27.3149,9.93377151386352,63,63,63,63,61,63,0,7817,1.11627530284214,27,-88,0.001869,51,2025-07-26 17:50:44.001896,380,1.037,0.0011,"aoml_navis",1028.48497392639
"7901009",77,0,1,0.024297,1,0.001869,1,123.327405841046,1,4.86145188122921,382,1,13.4700002670288,35.6529998779297,0.0242970008403063,0,118.924301147461,-88.1318,27.3149,9.93377151386352,63,63,63,63,61,63,0,7817,1.11627530284214,27,-88,0.001869,51,2025-07-26 17:50:44.001896,382,1.037,0.0011,"aoml_navis",1028.49932945048
"7901009",77,0,1,0.020559,1,-0.001869,1,123.068252587352,1,4.86136931263162,384,1,13.375,35.6380004882812,0.020558999851346,0,118.67440032959,-88.1318,27.3149,9.93377151386352,63,63,63,63,61,63,0,7817,1.11627530284214,27,-88,0.001869,51,2025-07-26 17:50:44.001896,384,1.037,0.0011,"aoml_navis",1028.51679813919
"7901009",77,0,1,0.022428,1,0,1,122.814495227996,1,4.8612898287403,386,1,13.289999961853,35.625,0.0224280003458261,0,118.429702758789,-88.1318,27.3149,9.93377151386352,63,63,63,63,61,63,0,7817,1.11627530284214,27,-88,0.001869,51,2025-07-26 17:50:44.001896,386,1.037,0.0011,"aoml_navis",1028.53361477023
"7901009",77,0,1,0.022428,1,0,1,122.727899826937,1,4.86118711054959,388,1,13.173999786377,35.6100006103516,0.0224280003458261,0,118.346199035645,-88.1318,27.3149,9.93377151386352,63,63,63,63,61,63,0,7817,1.11627530284214,27,-88,0.001869,51,2025-07-26 17:50:44.001896,388,1.037,0.0011,"aoml_navis",1028.55534796206
"7901009",77,0,1,0.024297,1,0.001869,1,122.550879680451,1,4.86113670557546,390,1,13.1359996795654,35.6020011901855,0.0242970008403063,0,118.175498962402,-88.1318,27.3149,9.93377151386352,63,63,63,63,61,63,0,7817,1.11627530284214,27,-88,0.001869,51,2025-07-26 17:50:44.001896,390,1.037,0.0011,"aoml_navis",1028.56601302022
"7901009",77,0,1,0.024297,1,0.001869,1,122.518733758615,1,4.86104394801146,392,1,13.0329999923706,35.5880012512207,0.0242970008403063,0,118.144500732422,-88.1318,27.3149,9.93377151386352,63,63,63,63,61,63,0,7817,1.11627530284214,27,-88,0.001869,51,2025-07-26 17:50:44.001896,392,1.037,0.0011,"aoml_navis",1028.58563993139
"7901009",77,0,1,0.022428,1,0,1,122.486065653455,1,4.860966868242,394,1,12.96399974823,35.5789985656738,0.0224280003458261,0,118.112998962402,-88.1318,27.3149,9.93377151386352,63,63,63,63,61,63,0,7817,1.11627530284214,27,-88,0.001869,51,2025-07-26 17:50:44.001896,394,1.037,0.0011,"aoml_navis",1028.6019500907
"7901009",77,0,1,0.026166,1,0.003738,1,122.303966087373,1,4.86092157171701,396,1,12.9420003890991,35.5740013122559,0.0261659994721413,0,117.937400817871,-88.1318,27.3149,9.93377151386352,63,63,63,63,61,63,0,7817,1.11627530284214,27,-88,0.001869,51,2025-07-26 17:50:44.001896,396,1.037,0.0011,"aoml_navis",1028.61153512375
"7901009",77,0,1,0.024297,1,0.001869,1,122.000324396937,1,4.86087195751893,398,1,12.9230003356934,35.5709991455078,0.0242970008403063,0,117.644599914551,-88.1318,27.3149,9.93377151386352,63,63,63,63,61,63,0,7817,1.11627530284214,27,-88,0.001869,51,2025-07-26 17:50:44.001896,398,1.037,0.0011,"aoml_navis",1028.62203400891
"7901009",77,0,1,0.026166,1,0.003738,1,121.549118446551,1,4.86082446268301,400,1,12.8950004577637,35.564998626709,0.0261659994721413,0,117.209503173828,-88.1318,27.3149,9.93377151386352,63,63,63,63,61,63,0,7817,1.11627530284214,27,-88,0.001869,51,2025-07-26 17:50:44.001896,400,1.037,0.0011,"aoml_navis",1028.63208461557
"7901009",77,0,1,0.028035,1,0.005607,1,121.258333542475,1,4.86074846749623,402,1,12.8229999542236,35.5550003051758,0.0280349999666214,0,116.929100036621,-88.1318,27.3149,9.93377151386352,63,63,63,63,61,63,0,7817,1.11627530284214,27,-88,0.001869,51,2025-07-26 17:50:44.001896,402,1.037,0.0011,"aoml_navis",1028.64816672472
"7901009",77,0,1,0.024297,1,0.001869,1,121.061818551932,1,4.86068003847072,404,1,12.7659997940063,35.5470008850098,0.0242970008403063,0,116.739601135254,-88.1318,27.3149,9.93377151386352,63,63,63,63,61,63,0,7817,1.11627530284214,27,-88,0.001869,51,2025-07-26 17:50:44.001896,404,1.037,0.0011,"aoml_navis",1028.66264811232
"7901009",77,0,1,0.028035,1,0.005607,1,120.791675712851,1,4.86062566958392,406,1,12.7419996261597,35.5439987182617,0.0280349999666214,0,116.479103088379,-88.1318,27.3149,9.93377151386352,63,63,63,63,61,63,0,7817,1.11627530284214,27,-88,0.001869,51,2025-07-26 17:50:44.001896,406,1.037,0.0011,"aoml_navis",1028.67415429422
"7901009",77,0,1,0.031773,1,0.009345,1,120.515306233236,1,4.86055206464725,408,1,12.7019996643066,35.5419998168945,0.0317730009555817,0,116.212600708008,-88.1318,27.3149,9.93377151386352,63,63,63,63,61,63,0,7817,1.11627530284214,27,-88,0.001869,51,2025-07-26 17:50:44.001896,408,1.037,0.0011,"aoml_navis",1028.68973184487
"7901009",77,0,1,0.028035,1,0.005607,1,120.30686014495,1,4.86050066361991,410,1,12.6960000991821,35.5429992675781,0.0280349999666214,0,116.011596679688,-88.1318,27.3149,9.93377151386352,63,63,63,63,61,63,0,7817,1.11627530284214,27,-88,0.001869,51,2025-07-26 17:50:44.001896,410,1.037,0.0011,"aoml_navis",1028.7006104997
"7901009",77,0,1,0.029904,1,0.007476,1,120.228564293979,1,4.86045656545559,412,1,12.6899995803833,35.5419998168945,0.0299040004611015,0,115.936096191406,-88.1318,27.3149,9.93377151386352,63,63,63,63,61,63,0,7817,1.11627530284214,27,-88,0.001869,51,2025-07-26 17:50:44.001896,412,1.037,0.0011,"aoml_navis",1028.70994373989
"7901009",77,0,1,0.029904,1,0.007476,1,120.07809637828,1,4.86041125226463,414,1,12.6789999008179,35.5400009155273,0.0299040004611015,0,115.791000366211,-88.1318,27.3149,9.93377151386352,63,63,63,63,61,63,0,7817,1.11627530284214,27,-88,0.001869,51,2025-07-26 17:50:44.001896,414,1.037,0.0011,"aoml_navis",1028.71953431314
"7901009",77,0,1,0.028035,1,0.005607,1,119.986318703334,1,4.8603606099217,416,1,12.6549997329712,35.5359992980957,0.0280349999666214,0,115.702499389648,-88.1318,27.3149,9.93377151386352,63,63,63,63,61,63,0,7817,1.11627530284214,27,-88,0.001869,51,2025-07-26 17:50:44.001896,416,1.037,0.0011,"aoml_navis",1028.73025301729
"7901009",77,0,1,0.028035,1,0.005607,1,119.869650289993,1,4.8603039259172,418,1,12.621000289917,35.5309982299805,0.0280349999666214,0,115.589996337891,-88.1318,27.3149,9.93377151386352,63,63,63,63,61,63,0,7817,1.11627530284214,27,-88,0.001869,51,2025-07-26 17:50:44.001896,418,1.037,0.0011,"aoml_navis",1028.74225073413
"7901009",77,0,1,0.029904,1,0.007476,1,119.660175658798,1,4.86025646486843,420,1,12.6040000915527,35.5279998779297,0.0299040004611015,0,115.388000488281,-88.1318,27.3149,9.93377151386352,63,63,63,63,61,63,0,7817,1.11627530284214,27,-88,0.001869,51,2025-07-26 17:50:44.001896,420,1.037,0.0011,"aoml_navis",1028.75229653861
"7901009",77,0,1,0.029904,1,0.007476,1,119.249304414178,1,4.86020954128973,422,1,12.5799999237061,35.5229988098145,0.0299040004611015,0,114.991798400879,-88.1318,27.3149,9.93377151386352,63,63,63,63,61,63,0,7817,1.11627530284214,27,-88,0.001869,51,2025-07-26 17:50:44.001896,422,1.037,0.0011,"aoml_navis",1028.76222877279
"7901009",77,0,1,0.029904,1,0.007476,1,118.691596801512,1,4.86013692113152,424,1,12.5030002593994,35.5110015869141,0.0299040004611015,0,114.454002380371,-88.1318,27.3149,9.93377151386352,63,63,63,63,61,63,0,7817,1.11627530284214,27,-88,0.001869,51,2025-07-26 17:50:44.001896,424,1.037,0.0011,"aoml_navis",1028.77760053639
"7901009",77,0,1,0.028035,1,0.005607,1,117.643060600863,1,4.86006923008596,426,1,12.4460000991821,35.5029983520508,0.0280349999666214,0,113.442901611328,-88.1318,27.3149,9.93377151386352,63,63,63,63,61,63,0,7817,1.11627530284214,27,-88,0.001869,51,2025-07-26 17:50:44.001896,426,1.037,0.0011,"aoml_navis",1028.79192935109
"7901009",77,0,1,0.028035,1,0.005607,1,116.098102121181,1,4.85999954594709,428,1,12.3830003738403,35.4939994812012,0.0280349999666214,0,111.953102111816,-88.1318,27.3149,9.93377151386352,63,63,63,63,61,63,0,7817,1.11627530284214,27,-88,0.001869,51,2025-07-26 17:50:44.001896,428,1.037,0.0011,"aoml_navis",1028.80668047997
"7901009",77,0,1,0.028035,1,0.005607,1,113.923564615108,1,4.85993628781077,430,1,12.3570003509521,35.4930000305176,0.0280349999666214,0,109.856201171875,-88.1318,27.3149,9.93377151386352,63,63,63,63,61,63,0,7817,1.11627530284214,27,-88,0.001869,51,2025-07-26 17:50:44.001896,430,1.037,0.0011,"aoml_navis",1028.82007168294
"7901009",77,0,1,0.031773,1,0.009345,1,111.730774428338,1,4.85987818907837,432,1,12.3629999160767,35.4990005493164,0.0317730009555817,0,107.74169921875,-88.1318,27.3149,9.93377151386352,63,63,63,63,61,63,0,7817,1.11627530284214,27,-88,0.001869,51,2025-07-26 17:50:44.001896,432,1.037,0.0011,"aoml_navis",1028.83237099163
"7901009",77,0,1,0.024297,1,0.001869,1,110.684524757694,1,4.85981204597878,434,1,12.3529996871948,35.5029983520508,0.0242970008403063,0,106.732803344727,-88.1318,27.3149,9.93377151386352,63,63,63,63,61,63,0,7817,1.11627530284214,27,-88,0.001869,51,2025-07-26 17:50:44.001896,434,1.037,0.0011,"aoml_navis",1028.8463736241
"7901009",77,0,1,0.022428,1,0,1,110.341062632947,1,4.85975571661006,436,1,12.3380002975464,35.5029983520508,0.0224280003458261,0,106.40160369873,-88.1318,27.3149,9.93377151386352,63,63,63,63,61,63,0,7817,1.11627530284214,27,-88,0.001869,51,2025-07-26 17:50:44.001896,436,1.037,0.0011,"aoml_navis",1028.85829896976
"7901009",77,0,1,0.026166,1,0.003738,1,110.316377603134,1,4.85970039644591,438,1,12.3050003051758,35.4980010986328,0.0261659994721413,0,106.377799987793,-88.1318,27.3149,9.93377151386352,63,63,63,63,61,63,0,7817,1.11627530284214,27,-88,0.001869,51,2025-07-26 17:50:44.001896,438,1.037,0.0011,"aoml_navis",1028.87001092839
"7901009",77,0,1,0.029904,1,0.007476,1,110.25467294047,1,4.85965636637603,440,1,12.298999786377,35.4970016479492,0.0299040004611015,0,106.318298339844,-88.1318,27.3149,9.93377151386352,63,63,63,63,61,63,0,7817,1.11627530284214,27,-88,0.001869,51,2025-07-26 17:50:44.001896,440,1.037,0.0011,"aoml_navis",1028.87933282588
"7901009",77,0,1,0.026166,1,0.003738,1,110.255400832375,1,4.85961103621279,442,1,12.2840003967285,35.4939994812012,0.0261659994721413,0,106.319000244141,-88.1318,27.3149,9.93377151386352,63,63,63,63,61,63,0,7817,1.11627530284214,27,-88,0.001869,51,2025-07-26 17:50:44.001896,442,1.037,0.0011,"aoml_navis",1028.88893015121
"7901009",77,0,1,0.026166,1,0.003738,1,110.37828797438,1,4.85955719148349,444,1,12.2410001754761,35.4860000610352,0.0261659994721413,0,106.4375,-88.1318,27.3149,9.93377151386352,63,63,63,63,61,63,0,7817,1.11627530284214,27,-88,0.001869,51,2025-07-26 17:50:44.001896,444,1.037,0.0011,"aoml_navis",1028.90033041748
"7901009",77,0,1,0.022428,1,0,1,110.488935455769,1,4.85949467690844,446,1,12.1850004196167,35.4770011901855,0.0224280003458261,0,106.54419708252,-88.1318,27.3149,9.93377151386352,63,63,63,63,61,63,0,7817,1.11627530284214,27,-88,0.001869,51,2025-07-26 17:50:44.001896,446,1.037,0.0011,"aoml_navis",1028.91356662231
"7901009",77,0,1,0.024297,1,0.001869,1,110.606126052432,1,4.85945004404355,448,1,12.1630001068115,35.4720001220703,0.0242970008403063,0,106.657203674316,-88.1318,27.3149,9.93377151386352,63,63,63,63,61,63,0,7817,1.11627530284214,27,-88,0.001869,51,2025-07-26 17:50:44.001896,448,1.037,0.0011,"aoml_navis",1028.92301694278
"7901009",77,0,1,0.028035,1,0.005607,1,111.256339231948,1,4.85935664298437,450,1,12.0550003051758,35.4580001831055,0.0280349999666214,0,107.284202575684,-88.1318,27.3149,9.93377151386352,63,63,63,63,61,63,0,7817,1.11627530284214,27,-88,0.001869,51,2025-07-26 17:50:44.001896,450,1.037,0.0011,"aoml_navis",1028.94279373766
"7901009",77,0,1,0.026166,1,0.003738,1,112.042604902703,1,4.85930578650611,452,1,12.0069999694824,35.4480018615723,0.0261659994721413,0,108.04239654541,-88.1318,27.3149,9.93377151386352,63,63,63,63,61,63,0,7817,1.11627530284214,27,-88,0.001869,51,2025-07-26 17:50:44.001896,452,1.037,0.0011,"aoml_navis",1028.95356243778
"7901009",77,0,4,0.020559,1,-0.001869,1,113.069059078285,1,4.85926603219931,454,1,11.9899997711182,35.443000793457,0.020558999851346,0,109.032203674316,-88.1318,27.3149,9.93377151386352,63,63,63,63,61,63,0,7817,1.11627530284214,27,-88,0.001869,51,2025-07-26 17:50:44.001896,454,1.037,0.0011,"aoml_navis",1028.96198044481
"7901009",77,0,1,0.026166,1,0.003738,1,114.499422054181,1,4.85921425814865,456,1,11.9370002746582,35.431999206543,0.0261659994721413,0,110.411499023438,-88.1318,27.3149,9.93377151386352,63,63,63,63,61,63,0,7817,1.11627530284214,27,-88,0.001869,51,2025-07-26 17:50:44.001896,456,1.037,0.0011,"aoml_navis",1028.97294384895
"7901009",77,0,1,0.024297,1,0.001869,1,115.925330648096,1,4.8591286696408,458,1,11.8050003051758,35.4099998474121,0.0242970008403063,0,111.786499023438,-88.1318,27.3149,9.93377151386352,63,63,63,63,61,63,0,7817,1.11627530284214,27,-88,0.001869,51,2025-07-26 17:50:44.001896,458,1.037,0.0011,"aoml_navis",1028.9910681393
"7901009",77,0,1,0.026166,1,0.003738,1,116.66494003013,1,4.85905825736919,460,1,11.7119998931885,35.3940010070801,0.0261659994721413,0,112.499702453613,-88.1318,27.3149,9.93377151386352,63,63,63,63,61,63,0,7817,1.11627530284214,27,-88,0.001869,51,2025-07-26 17:50:44.001896,460,1.037,0.0011,"aoml_navis",1029.00597917653
"7901009",77,0,1,0.026166,1,0.003738,1,116.871511005574,1,4.85901110125852,462,1,11.6789999008179,35.3870010375977,0.0261659994721413,0,112.69889831543,-88.1318,27.3149,9.93377151386352,63,63,63,63,61,63,0,7817,1.11627530284214,27,-88,0.001869,51,2025-07-26 17:50:44.001896,462,1.037,0.0011,"aoml_navis",1029.01596555418
"7901009",77,0,1,0.026166,1,0.003738,1,117.033182127112,1,4.85895946664125,464,1,11.6490001678467,35.3819999694824,0.0261659994721413,0,112.854797363281,-88.1318,27.3149,9.93377151386352,63,63,63,63,61,63,0,7817,1.11627530284214,27,-88,0.001869,51,2025-07-26 17:50:44.001896,464,1.037,0.0011,"aoml_navis",1029.02690057965
"7901009",77,0,1,0.028035,1,0.005607,1,117.139897409842,1,4.85891344023214,466,1,11.625,35.3769989013672,0.0280349999666214,0,112.957702636719,-88.1318,27.3149,9.93377151386352,63,63,63,63,61,63,0,7817,1.11627530284214,27,-88,0.001869,51,2025-07-26 17:50:44.001896,466,1.037,0.0011,"aoml_navis",1029.03664811142
"7901009",77,0,1,0.026166,1,0.003738,1,117.119152490557,1,4.85885897815754,468,1,11.5839996337891,35.3699989318848,0.0261659994721413,0,112.937698364258,-88.1318,27.3149,9.93377151386352,63,63,63,63,61,63,0,7817,1.11627530284214,27,-88,0.001869,51,2025-07-26 17:50:44.001896,468,1.037,0.0011,"aoml_navis",1029.04818239775
"7901009",77,0,1,0.024297,1,0.001869,1,117.058903611703,1,4.8588129993811,470,1,11.5600004196167,35.3650016784668,0.0242970008403063,0,112.879600524902,-88.1318,27.3149,9.93377151386352,63,63,63,63,61,63,0,7817,1.11627530284214,27,-88,0.001869,51,2025-07-26 17:50:44.001896,470,1.037,0.0011,"aoml_navis",1029.05792024449
"7901009",77,0,1,0.024297,1,0.001869,1,116.824221767372,1,4.8587632684287,472,1,11.5240001678467,35.3580017089844,0.0242970008403063,0,112.653297424316,-88.1318,27.3149,9.93377151386352,63,63,63,63,61,63,0,7817,1.11627530284214,27,-88,0.001869,51,2025-07-26 17:50:44.001896,472,1.037,0.0011,"aoml_navis",1029.06845297218
"7901009",77,0,1,0.024297,1,0.001869,1,116.596494455479,1,4.85868491858463,474,1,11.4449996948242,35.3479995727539,0.0242970008403063,0,112.433700561523,-88.1318,27.3149,9.93377151386352,63,63,63,63,61,63,0,7817,1.11627530284214,27,-88,0.001869,51,2025-07-26 17:50:44.001896,474,1.037,0.0011,"aoml_navis",1029.08504745283
"7901009",77,0,1,0.024297,1,0.001869,1,115.98569029311,1,4.85862715598922,476,1,11.4160003662109,35.3450012207031,0.0242970008403063,0,111.844703674316,-88.1318,27.3149,9.93377151386352,63,63,63,63,61,63,0,7817,1.11627530284214,27,-88,0.001869,51,2025-07-26 17:50:44.001896,476,1.037,0.0011,"aoml_navis",1029.09728190123
"7901009",77,0,1,0.024297,1,0.001869,1,115.097788759221,1,4.85858141684534,478,1,11.4079999923706,35.3440017700195,0.0242970008403063,0,110.988502502441,-88.1318,27.3149,9.93377151386352,63,63,63,63,61,63,0,7817,1.11627530284214,27,-88,0.001869,51,2025-07-26 17:50:44.001896,478,1.037,0.0011,"aoml_navis",1029.10696992014
"7901009",77,0,1,0.028035,1,0.005607,1,114.006211993771,1,4.85854229749594,480,1,11.4350004196167,35.3499984741211,0.0280349999666214,0,109.935897827148,-88.1318,27.3149,9.93377151386352,63,63,63,63,61,63,0,7817,1.11627530284214,27,-88,0.001869,51,2025-07-26 17:50:44.001896,480,1.037,0.0011,"aoml_navis",1029.11525594353
"7901009",77,0,1,0.028035,1,0.005607,1,113.900335369105,1,4.85846710634275,482,1,11.3950004577637,35.3489990234375,0.0280349999666214,0,109.833801269531,-88.1318,27.3149,9.93377151386352,63,63,63,63,61,63,0,7817,1.11627530284214,27,-88,0.001869,51,2025-07-26 17:50:44.001896,482,1.037,0.0011,"aoml_navis",1029.1311828524
"7901009",77,0,1,0.024297,1,0.001869,1,114.035351405566,1,4.85841390942157,484,1,11.3470001220703,35.3400001525879,0.0242970008403063,0,109.963996887207,-88.1318,27.3149,9.93377151386352,63,63,63,63,61,63,0,7817,1.11627530284214,27,-88,0.001869,51,2025-07-26 17:50:44.001896,484,1.037,0.0011,"aoml_navis",1029.14245126457
"7901009",77,0,1,0.029904,1,0.007476,1,114.103899834508,1,4.85834984075179,486,1,11.2790002822876,35.3289985656738,0.0299040004611015,0,110.030097961426,-88.1318,27.3149,9.93377151386352,63,63,63,63,61,63,0,7817,1.11627530284214,27,-88,0.001869,51,2025-07-26 17:50:44.001896,486,1.037,0.0011,"aoml_navis",1029.15602290721
"7901009",77,0,1,0.026166,1,0.003738,1,114.405674323972,1,4.85828504769592,488,1,11.210000038147,35.318000793457,0.0261659994721413,0,110.321098327637,-88.1318,27.3149,9.93377151386352,63,63,63,63,61,63,0,7817,1.11627530284214,27,-88,0.001869,51,2025-07-26 17:50:44.001896,488,1.037,0.0011,"aoml_navis",1029.16974836034
"7901009",77,0,1,0.029904,1,0.007476,1,114.739808355722,1,4.8582195939903,490,1,11.1359996795654,35.3059997558594,0.0299040004611015,0,110.64330291748,-88.1318,27.3149,9.93377151386352,63,63,63,63,61,63,0,7817,1.11627530284214,27,-88,0.001869,51,2025-07-26 17:50:44.001896,490,1.037,0.0011,"aoml_navis",1029.18361413409
"7901009",77,0,1,0.026166,1,0.003738,1,114.714292579714,1,4.85816417700985,492,1,11.08899974823,35.2980003356934,0.0261659994721413,0,110.618698120117,-88.1318,27.3149,9.93377151386352,63,63,63,63,61,63,0,7817,1.11627530284214,27,-88,0.001869,51,2025-07-26 17:50:44.001896,492,1.037,0.0011,"aoml_navis",1029.19535401075
"7901009",77,0,1,0.028035,1,0.005607,1,114.497246290336,1,4.85809891195594,494,1,11.0310001373291,35.2900009155273,0.0280349999666214,0,110.409400939941,-88.1318,27.3149,9.93377151386352,63,63,63,63,61,63,0,7817,1.11627530284214,27,-88,0.001869,51,2025-07-26 17:50:44.001896,494,1.037,0.0011,"aoml_navis",1029.2091805078
"7901009",77,0,1,0.029904,1,0.007476,1,113.750278870569,1,4.85804534907891,496,1,10.9980001449585,35.2849998474121,0.0299040004611015,0,109.689102172852,-88.1318,27.3149,9.93377151386352,63,63,63,63,61,63,0,7817,1.11627530284214,27,-88,0.001869,51,2025-07-26 17:50:44.001896,496,1.037,0.0011,"aoml_navis",1029.22052815913
"7901009",77,0,1,0.026166,1,0.003738,1,112.39198510511,1,4.85798186577945,498,1,10.9580001831055,35.2809982299805,0.0261659994721413,0,108.379302978516,-88.1318,27.3149,9.93377151386352,63,63,63,63,61,63,0,7817,1.11627530284214,27,-88,0.001869,51,2025-07-26 17:50:44.001896,498,1.037,0.0011,"aoml_navis",1029.2339778419
"7901009",77,0,1,0.028035,1,0.005607,1,111.217444486256,1,4.85791780566116,500,1,10.9580001831055,35.2869987487793,0.0280349999666214,0,107.246696472168,-88.1318,27.3149,9.93377151386352,63,63,63,63,61,63,0,7817,1.11627530284214,27,-88,0.001869,51,2025-07-26 17:50:44.001896,500,1.037,0.0011,"aoml_navis",1029.24755008684
"7901009",77,0,1,0.028035,1,0.005607,1,111.051002507994,1,4.85786208404362,502,1,10.951000213623,35.2890014648438,0.0280349999666214,0,107.086196899414,-88.1318,27.3149,9.93377151386352,63,63,63,63,61,63,0,7817,1.11627530284214,27,-88,0.001869,51,2025-07-26 17:50:44.001896,502,1.037,0.0011,"aoml_navis",1029.25935596715
"7901009",77,0,1,0.026166,1,0.003738,1,111.24648104376,1,4.85780682163675,504,1,10.9160003662109,35.2840003967285,0.0261659994721413,0,107.274696350098,-88.1318,27.3149,9.93377151386352,63,63,63,63,61,63,0,7817,1.11627530284214,27,-88,0.001869,51,2025-07-26 17:50:44.001896,504,1.037,0.0011,"aoml_navis",1029.27106482084
"7901009",77,0,1,0.028035,1,0.005607,1,111.714697511485,1,4.85775257610718,506,1,10.8780002593994,35.2779998779297,0.0280349999666214,0,107.726196289062,-88.1318,27.3149,9.93377151386352,63,63,63,63,61,63,0,7817,1.11627530284214,27,-88,0.001869,51,2025-07-26 17:50:44.001896,506,1.037,0.0011,"aoml_navis",1029.28255848033
"7901009",77,0,1,0.028035,1,0.005607,1,111.951452265371,1,4.85770041579317,508,1,10.8299999237061,35.2690010070801,0.0280349999666214,0,107.954498291016,-88.1318,27.3149,9.93377151386352,63,63,63,63,61,63,0,7817,1.11627530284214,27,-88,0.001869,51,2025-07-26 17:50:44.001896,508,1.037,0.0011,"aoml_navis",1029.29361056194
"7901009",77,0,1,0.028035,1,0.005607,1,111.854286607956,1,4.85764094486913,510,1,10.78600025177,35.2630004882812,0.0280349999666214,0,107.860801696777,-88.1318,27.3149,9.93377151386352,63,63,63,63,61,63,0,7817,1.11627530284214,27,-88,0.001869,51,2025-07-26 17:50:44.001896,510,1.037,0.0011,"aoml_navis",1029.30621195484
"7901009",77,0,1,0.024297,1,0.001869,1,111.385033685454,1,4.8575738271915,512,1,10.7209997177124,35.2540016174316,0.0242970008403063,0,107.408302307129,-88.1318,27.3149,9.93377151386352,63,63,63,63,61,63,0,7817,1.11627530284214,27,-88,0.001869,51,2025-07-26 17:50:44.001896,512,1.037,0.0011,"aoml_navis",1029.32043400169
"7901009",77,0,1,0.026166,1,0.003738,1,110.91546428821,1,4.85750880035409,514,1,10.6870002746582,35.2519989013672,0.0261659994721413,0,106.955497741699,-88.1318,27.3149,9.93377151386352,63,63,63,63,61,63,0,7817,1.11627530284214,27,-88,0.001869,51,2025-07-26 17:50:44.001896,514,1.037,0.0011,"aoml_navis",1029.33421338023
"7901009",77,0,1,0.026166,1,0.003738,1,110.559453939975,1,4.85746256148842,516,1,10.6700000762939,35.2490005493164,0.0261659994721413,0,106.612197875977,-88.1318,27.3149,9.93377151386352,63,63,63,63,61,63,0,7817,1.11627530284214,27,-88,0.001869,51,2025-07-26 17:50:44.001896,516,1.037,0.0011,"aoml_navis",1029.3440117566
"7901009",77,0,1,0.028035,1,0.005607,1,110.058055095636,1,4.85740048959918,518,1,10.6309995651245,35.2449989318848,0.0280349999666214,0,106.128700256348,-88.1318,27.3149,9.93377151386352,63,63,63,63,61,63,0,7817,1.11627530284214,27,-88,0.001869,51,2025-07-26 17:50:44.001896,518,1.037,0.0011,"aoml_navis",1029.3571655675
"7901009",77,0,1,0.028035,1,0.005607,1,109.346445816329,1,4.85735062527367,520,1,10.6140003204346,35.2430000305176,0.0280349999666214,0,105.442497253418,-88.1318,27.3149,9.93377151386352,63,63,63,63,61,63,0,7817,1.11627530284214,27,-88,0.001869,51,2025-07-26 17:50:44.001896,520,1.037,0.0011,"aoml_navis",1029.36773268623
"7901009",77,0,1,0.026166,1,0.003738,1,108.905192996553,1,4.85727020642232,522,1,10.5500001907349,35.2379989624023,0.0261659994721413,0,105.016998291016,-88.1318,27.3149,9.93377151386352,63,63,63,63,61,63,0,7817,1.11627530284214,27,-88,0.001869,51,2025-07-26 17:50:44.001896,522,1.037,0.0011,"aoml_navis",1029.38477529806
"7901009",77,0,1,0.026166,1,0.003738,1,109.107206735725,1,4.85717970724528,524,1,10.4409999847412,35.2249984741211,0.0261659994721413,0,105.211799621582,-88.1318,27.3149,9.93377151386352,63,63,63,63,61,63,0,7817,1.11627530284214,27,-88,0.001869,51,2025-07-26 17:50:44.001896,524,1.037,0.0011,"aoml_navis",1029.40395483858
"7901009",77,0,1,0.028035,1,0.005607,1,109.260997636207,1,4.85712724234355,526,1,10.3999996185303,35.2179985046387,0.0280349999666214,0,105.36009979248,-88.1318,27.3149,9.93377151386352,63,63,63,63,61,63,0,7817,1.11627530284214,27,-88,0.001869,51,2025-07-26 17:50:44.001896,526,1.037,0.0011,"aoml_navis",1029.41507408143
"7901009",77,0,1,0.029904,1,0.007476,1,109.446934458526,1,4.85707856033826,528,1,10.3800001144409,35.2150001525879,0.0299040004611015,0,105.539398193359,-88.1318,27.3149,9.93377151386352,63,63,63,63,61,63,0,7817,1.11627530284214,27,-88,0.001869,51,2025-07-26 17:50:44.001896,528,1.037,0.0011,"aoml_navis",1029.4253918042
"7901009",77,0,1,0.028035,1,0.005607,1,109.656725564462,1,4.85703215016692,530,1,10.3500003814697,35.2089996337891,0.0280349999666214,0,105.74169921875,-88.1318,27.3149,9.93377151386352,63,63,63,63,61,63,0,7817,1.11627530284214,27,-88,0.001869,51,2025-07-26 17:50:44.001896,530,1.037,0.0011,"aoml_navis",1029.43522822433
"7901009",77,0,1,0.026166,1,0.003738,1,109.869008908985,1,4.85697704681417,532,1,10.3100004196167,35.2029991149902,0.0261659994721413,0,105.946403503418,-88.1318,27.3149,9.93377151386352,63,63,63,63,61,63,0,7817,1.11627530284214,27,-88,0.001869,51,2025-07-26 17:50:44.001896,532,1.037,0.0011,"aoml_navis",1029.44690736796
"7901009",77,0,1,0.029904,1,0.007476,1,109.980692845152,1,4.85692636426734,534,1,10.2749996185303,35.1969985961914,0.0299040004611015,0,106.054100036621,-88.1318,27.3149,9.93377151386352,63,63,63,63,61,63,0,7817,1.11627530284214,27,-88,0.001869,51,2025-07-26 17:50:44.001896,534,1.037,0.0011,"aoml_navis",1029.4576497567
"7901009",77,0,1,0.024297,1,0.001869,1,109.683689212412,1,4.85687361009998,536,1,10.246000289917,35.193000793457,0.0242970008403063,0,105.767700195312,-88.1318,27.3149,9.93377151386352,63,63,63,63,61,63,0,7817,1.11627530284214,27,-88,0.001869,51,2025-07-26 17:50:44.001896,536,1.037,0.0011,"aoml_navis",1029.46883147266
"7901009",77,0,1,0.026166,1,0.003738,1,109.386163396348,1,4.85681541955808,538,1,10.2360000610352,35.1949996948242,0.0261659994721413,0,105.480796813965,-88.1318,27.3149,9.93377151386352,63,63,63,63,61,63,0,7817,1.11627530284214,27,-88,0.001869,51,2025-07-26 17:50:44.001896,538,1.037,0.0011,"aoml_navis",1029.4811657584
"7901009",77,0,1,0.028035,1,0.005607,1,109.420184431027,1,4.85677226316888,540,1,10.2180004119873,35.1910018920898,0.0280349999666214,0,105.513603210449,-88.1318,27.3149,9.93377151386352,63,63,63,63,61,63,0,7817,1.11627530284214,27,-88,0.001869,51,2025-07-26 17:50:44.001896,540,1.037,0.0011,"aoml_navis",1029.49031353957
"7901009",77,0,1,0.031773,1,0.009345,1,109.598446740871,1,4.85669265695446,542,1,10.1409997940063,35.1829986572266,0.0317730009555817,0,105.685501098633,-88.1318,27.3149,9.93377151386352,63,63,63,63,61,63,0,7817,1.11627530284214,27,-88,0.001869,51,2025-07-26 17:50:44.001896,542,1.037,0.0011,"aoml_navis",1029.50718795029
"7901009",77,0,1,0.031773,1,0.009345,1,109.454608971,1,4.85664676616823,544,1,10.1239995956421,35.1800003051758,0.0317730009555817,0,105.546798706055,-88.1318,27.3149,9.93377151386352,63,63,63,63,61,63,0,7817,1.11627530284214,27,-88,0.001869,51,2025-07-26 17:50:44.001896,544,1.037,0.0011,"aoml_navis",1029.51691583386
"7901009",77,0,4,0.024297,1,0.001869,1,109.27976458836,1,4.85659701468242,546,1,10.1110000610352,35.1790008544922,0.0242970008403063,0,105.378196716309,-88.1318,27.3149,9.93377151386352,63,63,63,63,61,63,0,7817,1.11627530284214,27,-88,0.001869,51,2025-07-26 17:50:44.001896,546,1.037,0.0011,"aoml_navis",1029.52746231241
"7901009",77,0,1,0.026166,1,0.003738,1,109.1846718405,1,4.85654165822772,548,1,10.0830001831055,35.1759986877441,0.0261659994721413,0,105.286499023438,-88.1318,27.3149,9.93377151386352,63,63,63,63,61,63,0,7817,1.11627530284214,27,-88,0.001869,51,2025-07-26 17:50:44.001896,548,1.037,0.0011,"aoml_navis",1029.53919720409
"7901009",77,0,1,0.029904,1,0.007476,1,109.192552061556,1,4.85649407858166,550,1,10.0640001296997,35.1730003356934,0.0299040004611015,0,105.294097900391,-88.1318,27.3149,9.93377151386352,63,63,63,63,61,63,0,7817,1.11627530284214,27,-88,0.001869,51,2025-07-26 17:50:44.001896,550,1.037,0.0011,"aoml_navis",1029.5492837212
"7901009",77,0,1,0.029904,1,0.007476,1,109.581436223532,1,4.85641456454765,552,1,9.97799968719482,35.1629981994629,0.0299040004611015,0,105.669097900391,-88.1318,27.3149,9.93377151386352,63,63,63,63,61,63,0,7817,1.11627530284214,27,-88,0.001869,51,2025-07-26 17:50:44.001896,552,1.037,0.0011,"aoml_navis",1029.56614052279
"7901009",77,0,1,0.028035,1,0.005607,1,109.774533286871,1,4.8563669108347,554,1,9.94600009918213,35.1570014953613,0.0280349999666214,0,105.85530090332,-88.1318,27.3149,9.93377151386352,63,63,63,63,61,63,0,7817,1.11627530284214,27,-88,0.001869,51,2025-07-26 17:50:44.001896,554,1.037,0.0011,"aoml_navis",1029.57624327043
"7901009",77,0,1,0.028035,1,0.005607,1,109.915467400992,1,4.85631100088188,556,1,9.89999961853027,35.1500015258789,0.0280349999666214,0,105.991203308105,-88.1318,27.3149,9.93377151386352,63,63,63,63,61,63,0,7817,1.11627530284214,27,-88,0.001869,51,2025-07-26 17:50:44.001896,556,1.037,0.0011,"aoml_navis",1029.58809662149
"7901009",77,0,1,0.029904,1,0.007476,1,110.2434776465,1,4.85624632732123,558,1,9.83500003814697,35.140998840332,0.0299040004611015,0,106.307502746582,-88.1318,27.3149,9.93377151386352,63,63,63,63,61,63,0,7817,1.11627530284214,27,-88,0.001869,51,2025-07-26 17:50:44.001896,558,1.037,0.0011,"aoml_navis",1029.60180826702
"7901009",77,0,1,0.029904,1,0.007476,1,110.521603560928,1,4.8561843734507,560,1,9.77299976348877,35.1319999694824,0.0299040004611015,0,106.575698852539,-88.1318,27.3149,9.93377151386352,63,63,63,63,61,63,0,7817,1.11627530284214,27,-88,0.001869,51,2025-07-26 17:50:44.001896,560,1.037,0.0011,"aoml_navis",1029.61494364496
"7901009",77,0,1,0.029904,1,0.007476,1,110.391872652645,1,4.8561234455067,562,1,9.72500038146973,35.1259994506836,0.0299040004611015,0,106.45059967041,-88.1318,27.3149,9.93377151386352,63,63,63,63,61,63,0,7817,1.11627530284214,27,-88,0.001869,51,2025-07-26 17:50:44.001896,562,1.037,0.0011,"aoml_navis",1029.6278618342
"7901009",77,0,4,0.024297,1,0.001869,1,109.817257376932,1,4.85606625675025,564,1,9.6899995803833,35.1220016479492,0.0242970008403063,0,105.896499633789,-88.1318,27.3149,9.93377151386352,63,63,63,63,61,63,0,7817,1.11627530284214,27,-88,0.001869,51,2025-07-26 17:50:44.001896,564,1.037,0.0011,"aoml_navis",1029.6399875207
"7901009",77,0,1,0.029904,1,0.007476,1,109.048722203553,1,4.85601161576503,566,1,9.69699954986572,35.1269989013672,0.0299040004611015,0,105.155403137207,-88.1318,27.3149,9.93377151386352,63,63,63,63,61,63,0,7817,1.11627530284214,27,-88,0.001869,51,2025-07-26 17:50:44.001896,566,1.037,0.0011,"aoml_navis",1029.65157327209
"7901009",77,0,1,0.028035,1,0.005607,1,108.792369751319,1,4.85595952088151,568,1,9.68099975585938,35.1259994506836,0.0280349999666214,0,104.908203125,-88.1318,27.3149,9.93377151386352,63,63,63,63,61,63,0,7817,1.11627530284214,27,-88,0.001869,51,2025-07-26 17:50:44.001896,568,1.037,0.0011,"aoml_navis",1029.66261940593
"7901009",77,0,1,0.029904,1,0.007476,1,108.715110355125,1,4.85589281224413,570,1,9.63899993896484,35.1230010986328,0.0299040004611015,0,104.833702087402,-88.1318,27.3149,9.93377151386352,63,63,63,63,61,63,0,7817,1.11627530284214,27,-88,0.001869,51,2025-07-26 17:50:44.001896,570,1.037,0.0011,"aoml_navis",1029.67676456789
"7901009",77,0,1,0.028035,1,0.005607,1,108.685345905716,1,4.85584249402404,572,1,9.61200046539307,35.1189994812012,0.0280349999666214,0,104.805000305176,-88.1318,27.3149,9.93377151386352,63,63,63,63,61,63,0,7817,1.11627530284214,27,-88,0.001869,51,2025-07-26 17:50:44.001896,572,1.037,0.0011,"aoml_navis",1029.68743449842
"7901009",77,0,1,0.028035,1,0.005607,1,108.651435637197,1,4.85578768015935,574,1,9.58399963378906,35.1160011291504,0.0280349999666214,0,104.772300720215,-88.1318,27.3149,9.93377151386352,63,63,63,63,61,63,0,7817,1.11627530284214,27,-88,0.001869,51,2025-07-26 17:50:44.001896,574,1.037,0.0011,"aoml_navis",1029.69905797774
"7901009",77,0,1,0.031773,1,0.009345,1,108.917946928623,1,4.85573383324753,576,1,9.54399967193604,35.1100006103516,0.0317730009555817,0,105.029296875,-88.1318,27.3149,9.93377151386352,63,63,63,63,61,63,0,7817,1.11627530284214,27,-88,0.001869,51,2025-07-26 17:50:44.001896,576,1.037,0.0011,"aoml_navis",1029.71047666671
"7901009",77,0,1,0.028035,1,0.005607,1,109.584964916897,1,4.85566864419287,578,1,9.48600006103516,35.1030006408691,0.0280349999666214,0,105.672500610352,-88.1318,27.3149,9.93377151386352,63,63,63,63,61,63,0,7817,1.11627530284214,27,-88,0.001869,51,2025-07-26 17:50:44.001896,578,1.037,0.0011,"aoml_navis",1029.72430089103
"7901009",77,0,1,0.028035,1,0.005607,1,110.361277457041,1,4.85561812338717,580,1,9.44099998474121,35.0950012207031,0.0280349999666214,0,106.421096801758,-88.1318,27.3149,9.93377151386352,63,63,63,63,61,63,0,7817,1.11627530284214,27,-88,0.001869,51,2025-07-26 17:50:44.001896,580,1.037,0.0011,"aoml_navis",1029.73501476926
"7901009",77,0,1,0.028035,1,0.005607,1,111.483552272387,1,4.85556655741275,582,1,9.3769998550415,35.0830001831055,0.0280349999666214,0,107.503303527832,-88.1318,27.3149,9.93377151386352,63,63,63,63,61,63,0,7817,1.11627530284214,27,-88,0.001869,51,2025-07-26 17:50:44.001896,582,1.037,0.0011,"aoml_navis",1029.74595052492
"7901009",77,0,1,0.029904,1,0.007476,1,112.452233983964,1,4.8554787272131,584,1,9.22900009155273,35.0620002746582,0.0299040004611015,0,108.437400817871,-88.1318,27.3149,9.93377151386352,63,63,63,63,61,63,0,7817,1.11627530284214,27,-88,0.001869,51,2025-07-26 17:50:44.001896,584,1.037,0.0011,"aoml_navis",1029.7645774817
"7901009",77,0,1,0.028035,1,0.005607,1,112.55966924673,1,4.85543246038421,586,1,9.19299983978271,35.0550003051758,0.0280349999666214,0,108.541000366211,-88.1318,27.3149,9.93377151386352,63,63,63,63,61,63,0,7817,1.11627530284214,27,-88,0.001869,51,2025-07-26 17:50:44.001896,586,1.037,0.0011,"aoml_navis",1029.77438998386
"7901009",77,0,1,0.033642,1,0.011214,1,112.531771998294,1,4.85538675004254,588,1,9.17099952697754,35.0509986877441,0.0336420014500618,0,108.514099121094,-88.1318,27.3149,9.93377151386352,63,63,63,63,61,63,0,7817,1.11627530284214,27,-88,0.001869,51,2025-07-26 17:50:44.001896,588,1.037,0.0011,"aoml_navis",1029.78408464706
"7901009",77,0,1,0.026166,1,0.003738,1,112.578230490301,1,4.85532959495884,590,1,9.14400005340576,35.048999786377,0.0261659994721413,0,108.558898925781,-88.1318,27.3149,9.93377151386352,63,63,63,63,61,63,0,7817,1.11627530284214,27,-88,0.001869,51,2025-07-26 17:50:44.001896,590,1.037,0.0011,"aoml_navis",1029.79620687159
"7901009",77,0,1,0.028035,1,0.005607,1,112.69178953931,1,4.85526916078508,592,1,9.10400009155273,35.0449981689453,0.0280349999666214,0,108.668403625488,-88.1318,27.3149,9.93377151386352,63,63,63,63,61,63,0,7817,1.11627530284214,27,-88,0.001869,51,2025-07-26 17:50:44.001896,592,1.037,0.0011,"aoml_navis",1029.80902488041
"7901009",77,0,1,0.026166,1,0.003738,1,112.735233609407,1,4.855221512208,594,1,9.0930004119873,35.0439987182617,0.0261659994721413,0,108.710296630859,-88.1318,27.3149,9.93377151386352,63,63,63,63,61,63,0,7817,1.11627530284214,27,-88,0.001869,51,2025-07-26 17:50:44.001896,594,1.037,0.0011,"aoml_navis",1029.81913130595
"7901009",77,0,1,0.029904,1,0.007476,1,112.730359898392,1,4.85517796377239,596,1,9.08699989318848,35.0429992675781,0.0299040004611015,0,108.705596923828,-88.1318,27.3149,9.93377151386352,63,63,63,63,61,63,0,7817,1.11627530284214,27,-88,0.001869,51,2025-07-26 17:50:44.001896,596,1.037,0.0011,"aoml_navis",1029.82836825101
"7901009",77,0,1,0.029904,1,0.007476,1,112.793306724415,1,4.8551344181362,598,1,9.08100032806396,35.0419998168945,0.0299040004611015,0,108.766296386719,-88.1318,27.3149,9.93377151386352,63,63,63,63,61,63,0,7817,1.11627530284214,27,-88,0.001869,51,2025-07-26 17:50:44.001896,598,1.037,0.0011,"aoml_navis",1029.83760476799
"7901009",77,0,1,0.033642,1,0.011214,1,112.85657002518,1,4.85508923564134,600,1,9.07299995422363,35.0410003662109,0.0336420014500618,0,108.827301025391,-88.1318,27.3149,9.93377151386352,63,63,63,63,61,63,0,7817,1.11627530284214,27,-88,0.001869,51,2025-07-26 17:50:44.001896,600,1.037,0.0011,"aoml_navis",1029.84718865616
"7901009",77,0,1,0.028035,1,0.005607,1,112.942018205302,1,4.85504487503948,602,1,9.06599998474121,35.0400009155273,0.0280349999666214,0,108.909698486328,-88.1318,27.3149,9.93377151386352,63,63,63,63,61,63,0,7817,1.11627530284214,27,-88,0.001869,51,2025-07-26 17:50:44.001896,602,1.037,0.0011,"aoml_navis",1029.85659838198
"7901009",77,0,1,0.026166,1,0.003738,1,113.022489820118,1,4.85499683494059,604,1,9.05000019073486,35.0379981994629,0.0261659994721413,0,108.987297058105,-88.1318,27.3149,9.93377151386352,63,63,63,63,61,63,0,7817,1.11627530284214,27,-88,0.001869,51,2025-07-26 17:50:44.001896,604,1.037,0.0011,"aoml_navis",1029.86678879291
"7901009",77,0,1,0.028035,1,0.005607,1,113.22035774018,1,4.85495451496852,606,1,9.04100036621094,35.0359992980957,0.0280349999666214,0,109.178100585938,-88.1318,27.3149,9.93377151386352,63,63,63,63,61,63,0,7817,1.11627530284214,27,-88,0.001869,51,2025-07-26 17:50:44.001896,606,1.037,0.0011,"aoml_navis",1029.87576600034
"7901009",77,0,1,0.029904,1,0.007476,1,113.49599932789,1,4.85490074349913,608,1,9.00899982452393,35.0320014953613,0.0299040004611015,0,109.443901062012,-88.1318,27.3149,9.93377151386352,63,63,63,63,61,63,0,7817,1.11627530284214,27,-88,0.001869,51,2025-07-26 17:50:44.001896,608,1.037,0.0011,"aoml_navis",1029.88717260495
"7901009",77,0,1,0.028035,1,0.005607,1,113.646886572621,1,4.85485436862301,610,1,8.99499988555908,35.0299987792969,0.0280349999666214,0,109.589401245117,-88.1318,27.3149,9.93377151386352,63,63,63,63,61,63,0,7817,1.11627530284214,27,-88,0.001869,51,2025-07-26 17:50:44.001896,610,1.037,0.0011,"aoml_navis",1029.89701036453
"7901009",77,0,1,0.028035,1,0.005607,1,113.948455353503,1,4.85480676508228,612,1,8.97500038146973,35.0270004272461,0.0280349999666214,0,109.88020324707,-88.1318,27.3149,9.93377151386352,63,63,63,63,61,63,0,7817,1.11627530284214,27,-88,0.001869,51,2025-07-26 17:50:44.001896,612,1.037,0.0011,"aoml_navis",1029.90710896302
"7901009",77,0,1,0.029904,1,0.007476,1,114.181467793574,1,4.85475430383384,614,1,8.94900035858154,35.023998260498,0.0299040004611015,0,110.10489654541,-88.1318,27.3149,9.93377151386352,63,63,63,63,61,63,0,7817,1.11627530284214,27,-88,0.001869,51,2025-07-26 17:50:44.001896,614,1.037,0.0011,"aoml_navis",1029.91823830332
"7901009",77,0,1,0.029904,1,0.007476,1,114.544013345215,1,4.85470471248556,616,1,8.92199993133545,35.0200004577637,0.0299040004611015,0,110.454498291016,-88.1318,27.3149,9.93377151386352,63,63,63,63,61,63,0,7817,1.11627530284214,27,-88,0.001869,51,2025-07-26 17:50:44.001896,616,1.037,0.0011,"aoml_navis",1029.92875903261
"7901009",77,0,1,0.029904,1,0.007476,1,114.774549370437,1,4.85465152979048,618,1,8.88599967956543,35.0149993896484,0.0299040004611015,0,110.676803588867,-88.1318,27.3149,9.93377151386352,63,63,63,63,61,63,0,7817,1.11627530284214,27,-88,0.001869,51,2025-07-26 17:50:44.001896,618,1.037,0.0011,"aoml_navis",1029.94004189952
"7901009",77,0,1,0.033642,1,0.011214,1,114.839149776982,1,4.85459759132526,620,1,8.84899997711182,35.0099983215332,0.0336420014500618,0,110.739097595215,-88.1318,27.3149,9.93377151386352,63,63,63,63,61,63,0,7817,1.11627530284214,27,-88,0.001869,51,2025-07-26 17:50:44.001896,620,1.037,0.0011,"aoml_navis",1029.95148535783
"7901009",77,0,1,0.031773,1,0.009345,1,114.572844194138,1,4.85453767199249,622,1,8.80000019073486,35.0040016174316,0.0317730009555817,0,110.482299804688,-88.1318,27.3149,9.93377151386352,63,63,63,63,61,63,0,7817,1.11627530284214,27,-88,0.001869,51,2025-07-26 17:50:44.001896,622,1.037,0.0011,"aoml_navis",1029.96419800113
"7901009",77,0,1,0.028035,1,0.005607,1,113.965457958974,1,4.85445477657816,624,1,8.73600006103516,35.0009994506836,0.0280349999666214,0,109.896598815918,-88.1318,27.3149,9.93377151386352,63,63,63,63,61,63,0,7817,1.11627530284214,27,-88,0.001869,51,2025-07-26 17:50:44.001896,624,1.037,0.0011,"aoml_navis",1029.98178582774
"7901009",77,0,1,0.029904,1,0.007476,1,113.935384946692,1,4.85438053038555,626,1,8.67800045013428,34.9970016479492,0.0299040004611015,0,109.867599487305,-88.1318,27.3149,9.93377151386352,63,63,63,63,61,63,0,7817,1.11627530284214,27,-88,0.001869,51,2025-07-26 17:50:44.001896,626,1.037,0.0011,"aoml_navis",1029.99753906867
"7901009",77,0,1,0.028035,1,0.005607,1,113.994185953605,1,4.85433078277179,628,1,8.65499973297119,34.9939994812012,0.0280349999666214,0,109.924301147461,-88.1318,27.3149,9.93377151386352,63,63,63,63,61,63,0,7817,1.11627530284214,27,-88,0.001869,51,2025-07-26 17:50:44.001896,628,1.037,0.0011,"aoml_navis",1030.00809457509
"7901009",77,0,1,0.029904,1,0.007476,1,114.070408895021,1,4.85427929933744,630,1,8.63899993896484,34.9930000305176,0.0299040004611015,0,109.997802734375,-88.1318,27.3149,9.93377151386352,63,63,63,63,61,63,0,7817,1.11627530284214,27,-88,0.001869,51,2025-07-26 17:50:44.001896,630,1.037,0.0011,"aoml_navis",1030.01901861775
"7901009",77,0,1,0.031773,1,0.009345,1,114.185415815971,1,4.85423597039273,632,1,8.62399959564209,34.9900016784668,0.0317730009555817,0,110.108703613281,-88.1318,27.3149,9.93377151386352,63,63,63,63,61,63,0,7817,1.11627530284214,27,-88,0.001869,51,2025-07-26 17:50:44.001896,632,1.037,0.0011,"aoml_navis",1030.02821257482
"7901009",77,0,1,0.028035,1,0.005607,1,114.321056890045,1,4.85418866753564,634,1,8.60400009155273,34.9869995117188,0.0280349999666214,0,110.239501953125,-88.1318,27.3149,9.93377151386352,63,63,63,63,61,63,0,7817,1.11627530284214,27,-88,0.001869,51,2025-07-26 17:50:44.001896,634,1.037,0.0011,"aoml_navis",1030.03824994268
"7901009",77,0,1,0.031773,1,0.009345,1,114.397279831462,1,4.85412545875262,636,1,8.54100036621094,34.9790000915527,0.0317730009555817,0,110.313003540039,-88.1318,27.3149,9.93377151386352,63,63,63,63,61,63,0,7817,1.11627530284214,27,-88,0.001869,51,2025-07-26 17:50:44.001896,636,1.037,0.0011,"aoml_navis",1030.05166275304
"7901009",77,0,1,0.028035,1,0.005607,1,113.713876363463,1,4.85405846020019,638,1,8.47299957275391,34.9710006713867,0.0280349999666214,0,109.653999328613,-88.1318,27.3149,9.93377151386352,63,63,63,63,61,63,0,7817,1.11627530284214,27,-88,0.001869,51,2025-07-26 17:50:44.001896,638,1.037,0.0011,"aoml_navis",1030.06588012823
"7901009",77,0,1,0.024297,1,0.001869,1,112.17016004714,1,4.85400406335526,640,1,8.48099994659424,34.976001739502,0.0242970008403063,0,108.165397644043,-88.1318,27.3149,9.93377151386352,63,63,63,63,61,63,0,7817,1.11627530284214,27,-88,0.001869,51,2025-07-26 17:50:44.001896,640,1.037,0.0011,"aoml_navis",1030.07742365667
"7901009",77,0,1,0.028035,1,0.005607,1,110.952072503898,1,4.85394952391669,642,1,8.53499984741211,34.9910011291504,0.0280349999666214,0,106.990798950195,-88.1318,27.3149,9.93377151386352,63,63,63,63,61,63,0,7817,1.11627530284214,27,-88,0.001869,51,2025-07-26 17:50:44.001896,642,1.037,0.0011,"aoml_navis",1030.08899770459
"7901009",77,0,1,0.028035,1,0.005607,1,110.400377911315,1,4.85389371763631,644,1,8.57800006866455,35.0040016174316,0.0280349999666214,0,106.458801269531,-88.1318,27.3149,9.93377151386352,63,63,63,63,61,63,0,7817,1.11627530284214,27,-88,0.001869,51,2025-07-26 17:50:44.001896,644,1.037,0.0011,"aoml_navis",1030.10084086366
"7901009",77,0,1,0.028035,1,0.005607,1,110.325499987549,1,4.85384020113711,646,1,8.56400012969971,35.0040016174316,0.0280349999666214,0,106.386596679688,-88.1318,27.3149,9.93377151386352,63,63,63,63,61,63,0,7817,1.11627530284214,27,-88,0.001869,51,2025-07-26 17:50:44.001896,646,1.037,0.0011,"aoml_navis",1030.11219834321
"7901009",77,0,1,0.028035,1,0.005607,1,110.516001958009,1,4.85378336634841,648,1,8.5319995880127,35.0009994506836,0.0280349999666214,0,106.570297241211,-88.1318,27.3149,9.93377151386352,63,63,63,63,61,63,0,7817,1.11627530284214,27,-88,0.001869,51,2025-07-26 17:50:44.001896,648,1.037,0.0011,"aoml_navis",1030.12426031729
"7901009",77,0,1,0.029904,1,0.007476,1,110.770700829721,1,4.85372815101405,650,1,8.5019998550415,34.9980010986328,0.0299040004611015,0,106.815902709961,-88.1318,27.3149,9.93377151386352,63,63,63,63,61,63,0,7817,1.11627530284214,27,-88,0.001869,51,2025-07-26 17:50:44.001896,650,1.037,0.0011,"aoml_navis",1030.13597886717
"7901009",77,0,1,0.029904,1,0.007476,1,111.156578481656,1,4.85367934320186,652,1,8.47999954223633,34.9949989318848,0.0299040004611015,0,107.188003540039,-88.1318,27.3149,9.93377151386352,63,63,63,63,61,63,0,7817,1.11627530284214,27,-88,0.001869,51,2025-07-26 17:50:44.001896,652,1.037,0.0011,"aoml_navis",1030.14633774748
"7901009",77,0,1,0.028035,1,0.005607,1,111.733575229797,1,4.85362280852684,654,1,8.43900012969971,34.9900016784668,0.0280349999666214,0,107.744400024414,-88.1318,27.3149,9.93377151386352,63,63,63,63,61,63,0,7817,1.11627530284214,27,-88,0.001869,51,2025-07-26 17:50:44.001896,654,1.037,0.0011,"aoml_navis",1030.15833682337
"7901009",77,0,1,0.031773,1,0.009345,1,112.34936386934,1,4.85355867947802,656,1,8.37899971008301,34.9830017089844,0.0317730009555817,0,108.338203430176,-88.1318,27.3149,9.93377151386352,63,63,63,63,61,63,0,7817,1.11627530284214,27,-88,0.001869,51,2025-07-26 17:50:44.001896,656,1.037,0.0011,"aoml_navis",1030.17194808856
"7901009",77,0,1,0.026166,1,0.003738,1,112.769666061248,1,4.85350022536898,658,1,8.32600021362305,34.976001739502,0.0261659994721413,0,108.743499755859,-88.1318,27.3149,9.93377151386352,63,63,63,63,61,63,0,7817,1.11627530284214,27,-88,0.001869,51,2025-07-26 17:50:44.001896,658,1.037,0.0011,"aoml_navis",1030.18435517223
"7901009",77,0,1,0.031773,1,0.009345,1,112.80689931455,1,4.85344265973021,660,1,8.28800010681152,34.9720001220703,0.0317730009555817,0,108.779403686523,-88.1318,27.3149,9.93377151386352,63,63,63,63,61,63,0,7817,1.11627530284214,27,-88,0.001869,51,2025-07-26 17:50:44.001896,660,1.037,0.0011,"aoml_navis",1030.19657396714
"7901009",77,0,1,0.028035,1,0.005607,1,113.212271810542,1,4.85339032783079,662,1,8.27999973297119,34.9729995727539,0.0280349999666214,0,109.170303344727,-88.1318,27.3149,9.93377151386352,63,63,63,63,61,63,0,7817,1.11627530284214,27,-88,0.001869,51,2025-07-26 17:50:44.001896,662,1.037,0.0011,"aoml_navis",1030.20768210801
"7901009",77,0,4,0.026166,1,0.003738,1,114.172756826323,1,4.85334645635436,664,1,8.25,34.9669990539551,0.0261659994721413,0,110.096496582031,-88.1318,27.3149,9.93377151386352,63,63,63,63,61,63,0,7817,1.11627530284214,27,-88,0.001869,51,2025-07-26 17:50:44.001896,664,1.037,0.0011,"aoml_navis",1030.2169945963
"7901009",77,0,1,0.033642,1,0.011214,1,115.359117776761,1,4.85325605626974,666,1,8.11800003051758,34.9519996643066,0.0336420014500618,0,111.240501403809,-88.1318,27.3149,9.93377151386352,63,63,63,63,61,63,0,7817,1.11627530284214,27,-88,0.001869,51,2025-07-26 17:50:44.001896,666,1.037,0.0011,"aoml_navis",1030.23618412647
"7901009",77,0,1,0.031773,1,0.009345,1,116.027892199848,1,4.85320597216784,668,1,8.07499980926514,34.9449996948242,0.0317730009555817,0,111.885398864746,-88.1318,27.3149,9.93377151386352,63,63,63,63,61,63,0,7817,1.11627530284214,27,-88,0.001869,51,2025-07-26 17:50:44.001896,668,1.037,0.0011,"aoml_navis",1030.24681595506
"7901009",77,0,1,0.031773,1,0.009345,1,116.921909608109,1,4.85314687175519,670,1,8.02499961853027,34.9389991760254,0.0317730009555817,0,112.747497558594,-88.1318,27.3149,9.93377151386352,63,63,63,63,61,63,0,7817,1.11627530284214,27,-88,0.001869,51,2025-07-26 17:50:44.001896,670,1.037,0.0011,"aoml_navis",1030.25936204393
"7901009",77,0,1,0.028035,1,0.005607,1,117.616405515786,1,4.85307269510707,672,1,7.94099998474121,34.9300003051758,0.0280349999666214,0,113.417198181152,-88.1318,27.3149,9.93377151386352,63,63,63,63,61,63,0,7817,1.11627530284214,27,-88,0.001869,51,2025-07-26 17:50:44.001896,672,1.037,0.0011,"aoml_navis",1030.27510901311
"7901009",77,0,1,0.029904,1,0.007476,1,117.95084811041,1,4.85303036811055,674,1,7.92199993133545,34.9259986877441,0.0299040004611015,0,113.739700317383,-88.1318,27.3149,9.93377151386352,63,63,63,63,61,63,0,7817,1.11627530284214,27,-88,0.001869,51,2025-07-26 17:50:44.001896,674,1.037,0.0011,"aoml_navis",1030.2840948318
"7901009",77,0,1,0.028035,1,0.005607,1,118.249513235541,1,4.85296377908362,676,1,7.85699987411499,34.9189987182617,0.0280349999666214,0,114.027702331543,-88.1318,27.3149,9.93377151386352,63,63,63,63,61,63,0,7817,1.11627530284214,27,-88,0.001869,51,2025-07-26 17:50:44.001896,676,1.037,0.0011,"aoml_navis",1030.29823168063
"7901009",77,0,1,0.028035,1,0.005607,1,118.034017672395,1,4.85290084644644,678,1,7.81099987030029,34.9150009155273,0.0280349999666214,0,113.819900512695,-88.1318,27.3149,9.93377151386352,63,63,63,63,61,63,0,7817,1.11627530284214,27,-88,0.001869,51,2025-07-26 17:50:44.001896,678,1.037,0.0011,"aoml_navis",1030.31159263459
"7901009",77,0,1,0.031773,1,0.009345,1,117.586641066377,1,4.85284222578091,680,1,7.78499984741211,34.9140014648438,0.0317730009555817,0,113.388496398926,-88.1318,27.3149,9.93377151386352,63,63,63,63,61,63,0,7817,1.11627530284214,27,-88,0.001869,51,2025-07-26 17:50:44.001896,680,1.037,0.0011,"aoml_navis",1030.32403844438
"7901009",77,0,1,0.028035,1,0.005607,1,117.091983134026,1,4.85277201819129,682,1,7.79199981689453,34.9230003356934,0.0280349999666214,0,112.911499023438,-88.1318,27.3149,9.93377151386352,63,63,63,63,61,63,0,7817,1.11627530284214,27,-88,0.001869,51,2025-07-26 17:50:44.001896,682,1.037,0.0011,"aoml_navis",1030.33894468086
"7901009",77,0,1,0.028035,1,0.005607,1,117.085867259652,1,4.85271473144587,684,1,7.78700017929077,34.9259986877441,0.0280349999666214,0,112.905601501465,-88.1318,27.3149,9.93377151386352,63,63,63,63,61,63,0,7817,1.11627530284214,27,-88,0.001869,51,2025-07-26 17:50:44.001896,684,1.037,0.0011,"aoml_navis",1030.35110792722
"7901009",77,0,1,0.029904,1,0.007476,1,117.326973541229,1,4.85264316903149,686,1,7.74399995803833,34.9249992370605,0.0299040004611015,0,113.13809967041,-88.1318,27.3149,9.93377151386352,63,63,63,63,61,63,0,7817,1.11627530284214,27,-88,0.001869,51,2025-07-26 17:50:44.001896,686,1.037,0.0011,"aoml_navis",1030.36630261811
"7901009",77,0,1,0.031773,1,0.009345,1,117.677382286546,1,4.85258740281709,688,1,7.71199989318848,34.9220008850098,0.0317730009555817,0,113.475997924805,-88.1318,27.3149,9.93377151386352,63,63,63,63,61,63,0,7817,1.11627530284214,27,-88,0.001869,51,2025-07-26 17:50:44.001896,688,1.037,0.0011,"aoml_navis",1030.37814364711
"7901009",77,0,1,0.028035,1,0.005607,1,117.898170889738,1,4.85252789764515,690,1,7.67500019073486,34.9189987182617,0.0280349999666214,0,113.688903808594,-88.1318,27.3149,9.93377151386352,63,63,63,63,61,63,0,7817,1.11627530284214,27,-88,0.001869,51,2025-07-26 17:50:44.001896,690,1.037,0.0011,"aoml_navis",1030.39077888175
"7901009",77,0,1,0.031773,1,0.009345,1,118.197555994906,1,4.85247710453157,692,1,7.66400003433228,34.9189987182617,0.0317730009555817,0,113.977600097656,-88.1318,27.3149,9.93377151386352,63,63,63,63,61,63,0,7817,1.11627530284214,27,-88,0.001869,51,2025-07-26 17:50:44.001896,692,1.037,0.0011,"aoml_navis",1030.40156445677
"7901009",77,0,1,0.029904,1,0.007476,1,118.707151535042,1,4.85242144041331,694,1,7.63199996948242,34.9160003662109,0.0299040004611015,0,114.46900177002,-88.1318,27.3149,9.93377151386352,63,63,63,63,61,63,0,7817,1.11627530284214,27,-88,0.001869,51,2025-07-26 17:50:44.001896,694,1.037,0.0011,"aoml_navis",1030.4133846161
"7901009",77,0,1,0.029904,1,0.007476,1,118.91300253045,1,4.8523627114275,696,1,7.59100008010864,34.9119987487793,0.0299040004611015,0,114.667503356934,-88.1318,27.3149,9.93377151386352,63,63,63,63,61,63,0,7817,1.11627530284214,27,-88,0.001869,51,2025-07-26 17:50:44.001896,696,1.037,0.0011,"aoml_navis",1030.42585588765
"7901009",77,0,1,0.031773,1,0.009345,1,118.698646276372,1,4.85231553271717,698,1,7.57499980926514,34.9099998474121,0.0317730009555817,0,114.460800170898,-88.1318,27.3149,9.93377151386352,63,63,63,63,61,63,0,7817,1.11627530284214,27,-88,0.001869,51,2025-07-26 17:50:44.001896,698,1.037,0.0011,"aoml_navis",1030.43587464316
"7901009",77,0,1,0.029904,1,0.007476,1,118.641403907559,1,4.85225683910797,700,1,7.57299995422363,34.9140014648438,0.0299040004611015,0,114.405601501465,-88.1318,27.3149,9.93377151386352,63,63,63,63,61,63,0,7817,1.11627530284214,27,-88,0.001869,51,2025-07-26 17:50:44.001896,700,1.037,0.0011,"aoml_navis",1030.44833894638
"7901009",77,0,1,0.028035,1,0.005607,1,119.327291702276,1,4.85219385756438,702,1,7.53599977493286,34.9119987487793,0.0280349999666214,0,115.067001342773,-88.1318,27.3149,9.93377151386352,63,63,63,63,61,63,0,7817,1.11627530284214,27,-88,0.001869,51,2025-07-26 17:50:44.001896,702,1.037,0.0011,"aoml_navis",1030.46171418011
"7901009",77,0,1,0.029904,1,0.007476,1,120.004468529741,1,4.85213970170265,704,1,7.49599981307983,34.9070014953613,0.0299040004611015,0,115.720001220703,-88.1318,27.3149,9.93377151386352,63,63,63,63,61,63,0,7817,1.11627530284214,27,-88,0.001869,51,2025-07-26 17:50:44.001896,704,1.037,0.0011,"aoml_navis",1030.47321540339
"7901009",77,0,1,0.029904,1,0.007476,1,120.646382159169,1,4.85206771677047,706,1,7.43699979782104,34.9029998779297,0.0299040004611015,0,116.338996887207,-88.1318,27.3149,9.93377151386352,63,63,63,63,61,63,0,7817,1.11627530284214,27,-88,0.001869,51,2025-07-26 17:50:44.001896,706,1.037,0.0011,"aoml_navis",1030.48850343086
"7901009",77,0,1,0.031773,1,0.009345,1,121.094692365673,1,4.85201454790694,708,1,7.40299987792969,34.898998260498,0.0317730009555817,0,116.771301269531,-88.1318,27.3149,9.93377151386352,63,63,63,63,61,63,0,7817,1.11627530284214,27,-88,0.001869,51,2025-07-26 17:50:44.001896,708,1.037,0.0011,"aoml_navis",1030.49979562755
"7901009",77,0,4,0.026166,1,0.003738,1,121.427576322196,1,4.85196519148404,710,1,7.37900018692017,34.8959999084473,0.0261659994721413,0,117.092300415039,-88.1318,27.3149,9.93377151386352,63,63,63,63,61,63,0,7817,1.11627530284214,27,-88,0.001869,51,2025-07-26 17:50:44.001896,710,1.037,0.0011,"aoml_navis",1030.51027834573
"7901009",77,0,1,0.031773,1,0.009345,1,121.759835241105,1,4.85191217715921,712,1,7.35500001907349,34.8940010070801,0.0317730009555817,0,117.412696838379,-88.1318,27.3149,9.93377151386352,63,63,63,63,61,63,0,7817,1.11627530284214,27,-88,0.001869,51,2025-07-26 17:50:44.001896,712,1.037,0.0011,"aoml_navis",1030.52153819641
"7901009",77,0,1,0.033642,1,0.011214,1,122.013806220912,1,4.85185101773631,714,1,7.32000017166138,34.8919982910156,0.0336420014500618,0,117.657600402832,-88.1318,27.3149,9.93377151386352,63,63,63,63,61,63,0,7817,1.11627530284214,27,-88,0.001869,51,2025-07-26 17:50:44.001896,714,1.037,0.0011,"aoml_navis",1030.53452831138
"7901009",77,0,1,0.031773,1,0.009345,1,122.281773296147,1,4.8517929808891,716,1,7.30900001525879,34.8940010070801,0.0317730009555817,0,117.916000366211,-88.1318,27.3149,9.93377151386352,63,63,63,63,61,63,0,7817,1.11627530284214,27,-88,0.001869,51,2025-07-26 17:50:44.001896,716,1.037,0.0011,"aoml_navis",1030.5468555016
"7901009",77,0,1,0.028035,1,0.005607,1,122.869973250127,1,4.85173930278282,718,1,7.28399991989136,34.8919982910156,0.0280349999666214,0,118.483200073242,-88.1318,27.3149,9.93377151386352,63,63,63,63,61,63,0,7817,1.11627530284214,27,-88,0.001869,51,2025-07-26 17:50:44.001896,718,1.037,0.0011,"aoml_navis",1030.55825714546
"7901009",77,0,1,0.031773,1,0.009345,1,123.517282773892,1,4.85167446730273,720,1,7.22900009155273,34.8870010375977,0.0317730009555817,0,119.107398986816,-88.1318,27.3149,9.93377151386352,63,63,63,63,61,63,0,7817,1.11627530284214,27,-88,0.001869,51,2025-07-26 17:50:44.001896,720,1.037,0.0011,"aoml_navis",1030.57202903799
"7901009",77,0,1,0.028035,1,0.005607,1,123.692957902728,1,4.85162234693978,722,1,7.20599985122681,34.8849983215332,0.0280349999666214,0,119.276802062988,-88.1318,27.3149,9.93377151386352,63,63,63,63,61,63,0,7817,1.11627530284214,27,-88,0.001869,51,2025-07-26 17:50:44.001896,722,1.037,0.0011,"aoml_navis",1030.58310034247
"7901009",77,0,1,0.031773,1,0.009345,1,123.874123868323,1,4.85156729824899,724,1,7.18900012969971,34.8849983215332,0.0317730009555817,0,119.451499938965,-88.1318,27.3149,9.93377151386352,63,63,63,63,61,63,0,7817,1.11627530284214,27,-88,0.001869,51,2025-07-26 17:50:44.001896,724,1.037,0.0011,"aoml_navis",1030.59479393486
"7901009",77,0,1,0.029904,1,0.007476,1,124.087332901464,1,4.85152552960907,726,1,7.18499994277954,34.8839988708496,0.0299040004611015,0,119.657096862793,-88.1318,27.3149,9.93377151386352,63,63,63,63,61,63,0,7817,1.11627530284214,27,-88,0.001869,51,2025-07-26 17:50:44.001896,726,1.037,0.0011,"aoml_navis",1030.60366671984
"7901009",77,0,1,0.029904,1,0.007476,1,124.411197327863,1,4.85148154923212,728,1,7.17799997329712,34.882999420166,0.0299040004611015,0,119.969398498535,-88.1318,27.3149,9.93377151386352,63,63,63,63,61,63,0,7817,1.11627530284214,27,-88,0.001869,51,2025-07-26 17:50:44.001896,728,1.037,0.0011,"aoml_navis",1030.61300950251
"7901009",77,0,1,0.029904,1,0.007476,1,124.778616590518,1,4.8514250365254,730,1,7.14900016784668,34.8810005187988,0.0299040004611015,0,120.323699951172,-88.1318,27.3149,9.93377151386352,63,63,63,63,61,63,0,7817,1.11627530284214,27,-88,0.001869,51,2025-07-26 17:50:44.001896,730,1.037,0.0011,"aoml_navis",1030.62501478555
"7901009",77,0,1,0.031773,1,0.009345,1,124.99494289986,1,4.8513692922949,732,1,7.12099981307983,34.8790016174316,0.0317730009555817,0,120.532302856445,-88.1318,27.3149,9.93377151386352,63,63,63,63,61,63,0,7817,1.11627530284214,27,-88,0.001869,51,2025-07-26 17:50:44.001896,732,1.037,0.0011,"aoml_navis",1030.63685709129
"7901009",77,0,1,0.028035,1,0.005607,1,125.201616729596,1,4.85131356110436,734,1,7.10300016403198,34.8790016174316,0.0280349999666214,0,120.731597900391,-88.1318,27.3149,9.93377151386352,63,63,63,63,61,63,0,7817,1.11627530284214,27,-88,0.001869,51,2025-07-26 17:50:44.001896,734,1.037,0.0011,"aoml_navis",1030.64869689886
"7901009",77,0,1,0.029904,1,0.007476,1,125.338191404157,1,4.85126300426757,736,1,7.08699989318848,34.8779983520508,0.0299040004611015,0,120.863296508789,-88.1318,27.3149,9.93377151386352,63,63,63,63,61,63,0,7817,1.11627530284214,27,-88,0.001869,51,2025-07-26 17:50:44.001896,736,1.037,0.0011,"aoml_navis",1030.65943767666
"7901009",77,0,1,0.028035,1,0.005607,1,125.581481361448,1,4.85120652068143,738,1,7.07800006866455,34.8800010681152,0.0280349999666214,0,121.097900390625,-88.1318,27.3149,9.93377151386352,63,63,63,63,61,63,0,7817,1.11627530284214,27,-88,0.001869,51,2025-07-26 17:50:44.001896,738,1.037,0.0011,"aoml_navis",1030.67143785453
"7901009",77,0,1,0.029904,1,0.007476,1,126.030820110861,1,4.85115526120713,740,1,7.05600023269653,34.8779983520508,0.0299040004611015,0,121.531196594238,-88.1318,27.3149,9.93377151386352,63,63,63,63,61,63,0,7817,1.11627530284214,27,-88,0.001869,51,2025-07-26 17:50:44.001896,740,1.037,0.0011,"aoml_navis",1030.68232838951
"7901009",77,0,4,0.024297,1,0.001869,1,126.416594908506,1,4.85110181029477,742,1,7.0310001373291,34.8759994506836,0.0242970008403063,0,121.903198242188,-88.1318,27.3149,9.93377151386352,63,63,63,63,61,63,0,7817,1.11627530284214,27,-88,0.001869,51,2025-07-26 17:50:44.001896,742,1.037,0.0011,"aoml_navis",1030.69368476028
"7901009",77,0,1,0.031773,1,0.009345,1,126.664758576811,1,4.85103891982004,744,1,6.98799991607666,34.8730010986328,0.0317730009555817,0,122.142501831055,-88.1318,27.3149,9.93377151386352,63,63,63,63,61,63,0,7817,1.11627530284214,27,-88,0.001869,51,2025-07-26 17:50:44.001896,744,1.037,0.0011,"aoml_navis",1030.70704701448
"7901009",77,0,1,0.033642,1,0.011214,1,126.678960380822,1,4.8509883161908,746,1,6.98699998855591,34.875,0.0336420014500618,0,122.156196594238,-88.1318,27.3149,9.93377151386352,63,63,63,63,61,63,0,7817,1.11627530284214,27,-88,0.001869,51,2025-07-26 17:50:44.001896,746,1.037,0.0011,"aoml_navis",1030.71779895075
"7901009",77,0,1,0.031773,1,0.009345,1,126.834207065114,1,4.85093923840301,748,1,6.97800016403198,34.875,0.0317730009555817,0,122.30590057373,-88.1318,27.3149,9.93377151386352,63,63,63,63,61,63,0,7817,1.11627530284214,27,-88,0.001869,51,2025-07-26 17:50:44.001896,748,1.037,0.0011,"aoml_navis",1030.72822690025
"7901009",77,0,1,0.033642,1,0.011214,1,126.981565616481,1,4.85088801053411,750,1,6.96099996566772,34.8740005493164,0.0336420014500618,0,122.447998046875,-88.1318,27.3149,9.93377151386352,63,63,63,63,61,63,0,7817,1.11627530284214,27,-88,0.001869,51,2025-07-26 17:50:44.001896,750,1.037,0.0011,"aoml_navis",1030.73911191973
"7901009",77,0,1,0.031773,1,0.009345,1,127.103519158,1,4.850838941029,752,1,6.9520001411438,34.8740005493164,0.0317730009555817,0,122.56559753418,-88.1318,27.3149,9.93377151386352,63,63,63,63,61,63,0,7817,1.11627530284214,27,-88,0.001869,51,2025-07-26 17:50:44.001896,752,1.037,0.0011,"aoml_navis",1030.74953854051
"7901009",77,0,1,0.035511,1,0.013083,1,127.335605909453,1,4.85078109405,754,1,6.93599987030029,34.875,0.0355109982192516,0,122.789398193359,-88.1318,27.3149,9.93377151386352,63,63,63,63,61,63,0,7817,1.11627530284214,27,-88,0.001869,51,2025-07-26 17:50:44.001896,754,1.037,0.0011,"aoml_navis",1030.76183052932
"7901009",77,0,1,0.029904,1,0.007476,1,127.644327019486,1,4.85072475501564,756,1,6.91699981689453,34.875,0.0299040004611015,0,123.087097167969,-88.1318,27.3149,9.93377151386352,63,63,63,63,61,63,0,7817,1.11627530284214,27,-88,0.001869,51,2025-07-26 17:50:44.001896,756,1.037,0.0011,"aoml_navis",1030.77380237459
"7901009",77,0,1,0.028035,1,0.005607,1,127.980328252209,1,4.8506728377303,758,1,6.89900016784668,34.8740005493164,0.0280349999666214,0,123.411102294922,-88.1318,27.3149,9.93377151386352,63,63,63,63,61,63,0,7817,1.11627530284214,27,-88,0.001869,51,2025-07-26 17:50:44.001896,758,1.037,0.0011,"aoml_navis",1030.78483486006
"7901009",77,0,1,0.031773,1,0.009345,1,128.310205698691,1,4.85060787022991,760,1,6.86299991607666,34.8730010986328,0.0317730009555817,0,123.729202270508,-88.1318,27.3149,9.93377151386352,63,63,63,63,61,63,0,7817,1.11627530284214,27,-88,0.001869,51,2025-07-26 17:50:44.001896,760,1.037,0.0011,"aoml_navis",1030.79864086457
"7901009",77,0,1,0.029904,1,0.007476,1,128.500913377733,1,4.85056178673723,762,1,6.85300016403198,34.8720016479492,0.0299040004611015,0,123.913101196289,-88.1318,27.3149,9.93377151386352,63,63,63,63,61,63,0,7817,1.11627530284214,27,-88,0.001869,51,2025-07-26 17:50:44.001896,762,1.037,0.0011,"aoml_navis",1030.80843412229
"7901009",77,0,1,0.029904,1,0.007476,1,128.717651104238,1,4.85051282289722,764,1,6.83900022506714,34.8709983825684,0.0299040004611015,0,124.122100830078,-88.1318,27.3149,9.93377151386352,63,63,63,63,61,63,0,7817,1.11627530284214,27,-88,0.001869,51,2025-07-26 17:50:44.001896,764,1.037,0.0011,"aoml_navis",1030.81883968992
"7901009",77,0,1,0.029904,1,0.007476,1,128.93822608698,1,4.85046009417679,766,1,6.82999992370605,34.8720016479492,0.0299040004611015,0,124.334800720215,-88.1318,27.3149,9.93377151386352,63,63,63,63,61,63,0,7817,1.11627530284214,27,-88,0.001869,51,2025-07-26 17:50:44.001896,766,1.037,0.0011,"aoml_navis",1030.83004558737
"7901009",77,0,1,0.031773,1,0.009345,1,129.305953912508,1,4.85040599881534,768,1,6.81400012969971,34.8720016479492,0.0317730009555817,0,124.689399719238,-88.1318,27.3149,9.93377151386352,63,63,63,63,61,63,0,7817,1.11627530284214,27,-88,0.001869,51,2025-07-26 17:50:44.001896,768,1.037,0.0011,"aoml_navis",1030.8415421763
"7901009",77,0,1,0.028035,1,0.005607,1,129.658546333539,1,4.85034982629272,770,1,6.78999996185303,34.8709983825684,0.0280349999666214,0,125.029403686523,-88.1318,27.3149,9.93377151386352,63,63,63,63,61,63,0,7817,1.11627530284214,27,-88,0.001869,51,2025-07-26 17:50:44.001896,770,1.037,0.0011,"aoml_navis",1030.85348048424
"7901009",77,0,1,0.026166,1,0.003738,1,129.880672042513,1,4.85029582677323,772,1,6.76900005340576,34.8699989318848,0.0261659994721413,0,125.243598937988,-88.1318,27.3149,9.93377151386352,63,63,63,63,61,63,0,7817,1.11627530284214,27,-88,0.001869,51,2025-07-26 17:50:44.001896,772,1.037,0.0011,"aoml_navis",1030.86495722599
"7901009",77,0,1,0.028035,1,0.005607,1,130.030419978176,1,4.85024176624869,774,1,6.75299978256226,34.8699989318848,0.0280349999666214,0,125.388000488281,-88.1318,27.3149,9.93377151386352,63,63,63,63,61,63,0,7817,1.11627530284214,27,-88,0.001869,51,2025-07-26 17:50:44.001896,774,1.037,0.0011,"aoml_navis",1030.87644718938
"7901009",77,0,1,0.029904,1,0.007476,1,130.205881486562,1,4.85019124066955,776,1,6.74700021743774,34.8709983825684,0.0299040004611015,0,125.557197570801,-88.1318,27.3149,9.93377151386352,63,63,63,63,61,63,0,7817,1.11627530284214,27,-88,0.001869,51,2025-07-26 17:50:44.001896,776,1.037,0.0011,"aoml_navis",1030.88718607099
"7901009",77,0,1,0.029904,1,0.007476,1,130.688616233039,1,4.85013359099405,778,1,6.72599983215332,34.8709983825684,0.0299040004611015,0,126.02269744873,-88.1318,27.3149,9.93377151386352,63,63,63,63,61,63,0,7817,1.11627530284214,27,-88,0.001869,51,2025-07-26 17:50:44.001896,778,1.037,0.0011,"aoml_navis",1030.89943940601
"7901009",77,0,1,0.028035,1,0.005607,1,131.080095487893,1,4.85007029363265,780,1,6.69199991226196,34.8699989318848,0.0280349999666214,0,126.400199890137,-88.1318,27.3149,9.93377151386352,63,63,63,63,61,63,0,7817,1.11627530284214,27,-88,0.001869,51,2025-07-26 17:50:44.001896,780,1.037,0.0011,"aoml_navis",1030.91289348201
"7901009",77,0,1,0.031773,1,0.009345,1,131.336345085837,1,4.85001843184019,782,1,6.67899990081787,34.8699989318848,0.0317730009555817,0,126.647300720215,-88.1318,27.3149,9.93377151386352,63,63,63,63,61,63,0,7817,1.11627530284214,27,-88,0.001869,51,2025-07-26 17:50:44.001896,782,1.037,0.0011,"aoml_navis",1030.92391714951
"7901009",77,0,1,0.033642,1,0.011214,1,131.631790080476,1,4.84997312953481,784,1,6.67000007629395,34.8689994812012,0.0336420014500618,0,126.932197570801,-88.1318,27.3149,9.93377151386352,63,63,63,63,61,63,0,7817,1.11627530284214,27,-88,0.001869,51,2025-07-26 17:50:44.001896,784,1.037,0.0011,"aoml_navis",1030.93354673484
"7901009",77,0,1,0.031773,1,0.009345,1,131.937298971886,1,4.84992199526362,786,1,6.65799999237061,34.8689994812012,0.0317730009555817,0,127.22679901123,-88.1318,27.3149,9.93377151386352,63,63,63,63,61,63,0,7817,1.11627530284214,27,-88,0.001869,51,2025-07-26 17:50:44.001896,786,1.037,0.0011,"aoml_navis",1030.94441619534
"7901009",77,0,4,0.026166,1,0.003738,1,132.468667974216,1,4.84987311417036,788,1,6.64400005340576,34.8680000305176,0.0261659994721413,0,127.739196777344,-88.1318,27.3149,9.93377151386352,63,63,63,63,61,63,0,7817,1.11627530284214,27,-88,0.001869,51,2025-07-26 17:50:44.001896,788,1.037,0.0011,"aoml_navis",1030.95480691876
"7901009",77,0,1,0.029904,1,0.007476,1,133.070982701652,1,4.84980266077222,790,1,6.60500001907349,34.8680000305176,0.0299040004611015,0,128.320007324219,-88.1318,27.3149,9.93377151386352,63,63,63,63,61,63,0,7817,1.11627530284214,27,-88,0.001869,51,2025-07-26 17:50:44.001896,790,1.037,0.0011,"aoml_navis",1030.96978366618
"7901009",77,0,1,0.031773,1,0.009345,1,133.51119906665,1,4.8497417760622,792,1,6.56899976730347,34.8660011291504,0.0317730009555817,0,128.744506835938,-88.1318,27.3149,9.93377151386352,63,63,63,63,61,63,0,7817,1.11627530284214,27,-88,0.001869,51,2025-07-26 17:50:44.001896,792,1.037,0.0011,"aoml_navis",1030.98272668443
"7901009",77,0,1,0.028035,1,0.005607,1,133.823227337729,1,4.84968866176564,794,1,6.54899978637695,34.8650016784668,0.0280349999666214,0,129.045394897461,-88.1318,27.3149,9.93377151386352,63,63,63,63,61,63,0,7817,1.11627530284214,27,-88,0.001869,51,2025-07-26 17:50:44.001896,794,1.037,0.0011,"aoml_navis",1030.99401811489
"7901009",77,0,1,0.029904,1,0.007476,1,134.132992814407,1,4.84963021249952,796,1,6.53700017929077,34.867000579834,0.0299040004611015,0,129.344100952148,-88.1318,27.3149,9.93377151386352,63,63,63,63,61,63,0,7817,1.11627530284214,27,-88,0.001869,51,2025-07-26 17:50:44.001896,796,1.037,0.0011,"aoml_navis",1031.00644397853
"7901009",77,0,1,0.029904,1,0.007476,1,134.620189854735,1,4.84956916934643,798,1,6.51100015640259,34.867000579834,0.0299040004611015,0,129.813903808594,-88.1318,27.3149,9.93377151386352,63,63,63,63,61,63,0,7817,1.11627530284214,27,-88,0.001869,51,2025-07-26 17:50:44.001896,798,1.037,0.0011,"aoml_navis",1031.01942160232
"7901009",77,0,1,0.028035,1,0.005607,1,135.053143124423,1,4.84951028314508,800,1,6.48799991607666,34.867000579834,0.0280349999666214,0,130.231399536133,-88.1318,27.3149,9.93377151386352,63,63,63,63,61,63,0,7817,1.11627530284214,27,-88,0.001869,51,2025-07-26 17:50:44.001896,800,1.037,0.0011,"aoml_navis",1031.03194097308
"7901009",77,0,4,0.024297,1,0.001869,1,135.67670913073,1,4.84945935789663,802,1,6.47100019454956,34.8660011291504,0.0242970008403063,0,130.832702636719,-88.1318,27.3149,9.93377151386352,63,63,63,63,61,63,0,7817,1.11627530284214,27,-88,0.001869,51,2025-07-26 17:50:44.001896,802,1.037,0.0011,"aoml_navis",1031.0427680682
"7901009",77,0,1,0.033642,1,0.011214,1,136.409474746486,1,4.84939908856541,804,1,6.44600009918213,34.8660011291504,0.0336420014500618,0,131.539306640625,-88.1318,27.3149,9.93377151386352,63,63,63,63,61,63,0,7817,1.11627530284214,27,-88,0.001869,51,2025-07-26 17:50:44.001896,804,1.037,0.0011,"aoml_navis",1031.0555820802
"7901009",77,0,1,0.029904,1,0.007476,1,137.253291348926,1,4.84933403796596,806,1,6.40899991989136,34.8650016784668,0.0299040004611015,0,132.352996826172,-88.1318,27.3149,9.93377151386352,63,63,63,63,61,63,0,7817,1.11627530284214,27,-88,0.001869,51,2025-07-26 17:50:44.001896,806,1.037,0.0011,"aoml_navis",1031.06941300691
"7901009",77,0,1,0.029904,1,0.007476,1,137.81079325301,1,4.84928332844961,808,1,6.38700008392334,34.8629989624023,0.0299040004611015,0,132.890594482422,-88.1318,27.3149,9.93377151386352,63,63,63,63,61,63,0,7817,1.11627530284214,27,-88,0.001869,51,2025-07-26 17:50:44.001896,808,1.037,0.0011,"aoml_navis",1031.08019501896
"7901009",77,0,1,0.031773,1,0.009345,1,138.258383479478,1,4.84922416419916,810,1,6.35300016403198,34.8610000610352,0.0317730009555817,0,133.322204589844,-88.1318,27.3149,9.93377151386352,63,63,63,63,61,63,0,7817,1.11627530284214,27,-88,0.001869,51,2025-07-26 17:50:44.001896,810,1.037,0.0011,"aoml_navis",1031.09277498739
"7901009",77,0,1,0.033642,1,0.011214,1,138.445768173738,1,4.84916330659692,812,1,6.3270001411438,34.8610000610352,0.0336420014500618,0,133.502899169922,-88.1318,27.3149,9.93377151386352,63,63,63,63,61,63,0,7817,1.11627530284214,27,-88,0.001869,51,2025-07-26 17:50:44.001896,812,1.037,0.0011,"aoml_navis",1031.10571532987
"7901009",77,0,1,0.028035,1,0.005607,1,138.619053918277,1,4.84910213419883,814,1,6.31099987030029,34.8629989624023,0.0280349999666214,0,133.669998168945,-88.1318,27.3149,9.93377151386352,63,63,63,63,61,63,0,7817,1.11627530284214,27,-88,0.001869,51,2025-07-26 17:50:44.001896,814,1.037,0.0011,"aoml_navis",1031.11872293573
"7901009",77,0,1,0.028035,1,0.005607,1,139.069128471463,1,4.84903657100385,816,1,6.29400014877319,34.8660011291504,0.0280349999666214,0,134.10400390625,-88.1318,27.3149,9.93377151386352,63,63,63,63,61,63,0,7817,1.11627530284214,27,-88,0.001869,51,2025-07-26 17:50:44.001896,816,1.037,0.0011,"aoml_navis",1031.13266455833
"7901009",77,0,1,0.031773,1,0.009345,1,139.870220983843,1,4.84897717263599,818,1,6.26999998092651,34.8660011291504,0.0317730009555817,0,134.876495361328,-88.1318,27.3149,9.93377151386352,63,63,63,63,61,63,0,7817,1.11627530284214,27,-88,0.001869,51,2025-07-26 17:50:44.001896,818,1.037,0.0011,"aoml_navis",1031.1452955927
"7901009",77,0,1,0.029904,1,0.007476,1,140.425855686953,1,4.84892517824102,820,1,6.24599981307983,34.8639984130859,0.0299040004611015,0,135.412292480469,-88.1318,27.3149,9.93377151386352,63,63,63,63,61,63,0,7817,1.11627530284214,27,-88,0.001869,51,2025-07-26 17:50:44.001896,820,1.037,0.0011,"aoml_navis",1031.15635242979
"7901009",77,0,1,0.029904,1,0.007476,1,140.80198591686,1,4.84886391568315,822,1,6.21400022506714,34.8629989624023,0.0299040004611015,0,135.774993896484,-88.1318,27.3149,9.93377151386352,63,63,63,63,61,63,0,7817,1.11627530284214,27,-88,0.001869,51,2025-07-26 17:50:44.001896,822,1.037,0.0011,"aoml_navis",1031.16938048684
"7901009",77,0,4,0.022428,1,0,1,140.841814263039,1,4.84881366825103,824,1,6.20300006866455,34.8629989624023,0.0224280003458261,0,135.813400268555,-88.1318,27.3149,9.93377151386352,63,63,63,63,61,63,0,7817,1.11627530284214,27,-88,0.001869,51,2025-07-26 17:50:44.001896,824,1.037,0.0011,"aoml_navis",1031.18006631991
"7901009",77,0,1,0.031773,1,0.009345,1,140.896058033679,1,4.84875834477511,826,1,6.19000005722046,34.8639984130859,0.0317730009555817,0,135.865707397461,-88.1318,27.3149,9.93377151386352,63,63,63,63,61,63,0,7817,1.11627530284214,27,-88,0.001869,51,2025-07-26 17:50:44.001896,826,1.037,0.0011,"aoml_navis",1031.19183190226
"7901009",77,0,1,0.031773,1,0.009345,1,141.074628906397,1,4.84869704018151,828,1,6.17899990081787,34.867000579834,0.0317730009555817,0,136.037902832031,-88.1318,27.3149,9.93377151386352,63,63,63,63,61,63,0,7817,1.11627530284214,27,-88,0.001869,51,2025-07-26 17:50:44.001896,828,1.037,0.0011,"aoml_navis",1031.20486979587
"7901009",77,0,1,0.029904,1,0.007476,1,141.316463079879,1,4.84864680679484,830,1,6.16800022125244,34.867000579834,0.0299040004611015,0,136.271102905273,-88.1318,27.3149,9.93377151386352,63,63,63,63,61,63,0,7817,1.11627530284214,27,-88,0.001869,51,2025-07-26 17:50:44.001896,830,1.037,0.0011,"aoml_navis",1031.2155533773
"7901009",77,0,1,0.031773,1,0.009345,1,141.65774944078,1,4.84859588038849,832,1,6.1560001373291,34.867000579834,0.0317730009555817,0,136.600204467773,-88.1318,27.3149,9.93377151386352,63,63,63,63,61,63,0,7817,1.11627530284214,27,-88,0.001869,51,2025-07-26 17:50:44.001896,832,1.037,0.0011,"aoml_navis",1031.22638457536
"7901009",77,0,1,0.028035,1,0.005607,1,141.931832390389,1,4.84854426250482,834,1,6.14300012588501,34.867000579834,0.0280349999666214,0,136.864501953125,-88.1318,27.3149,9.93377151386352,63,63,63,63,61,63,0,7817,1.11627530284214,27,-88,0.001869,51,2025-07-26 17:50:44.001896,834,1.037,0.0011,"aoml_navis",1031.23736307131
"7901009",77,0,1,0.029904,1,0.007476,1,142.195962209388,1,4.84849404275938,836,1,6.13199996948242,34.867000579834,0.0299040004611015,0,137.119201660156,-88.1318,27.3149,9.93377151386352,63,63,63,63,61,63,0,7817,1.11627530284214,27,-88,0.001869,51,2025-07-26 17:50:44.001896,836,1.037,0.0011,"aoml_navis",1031.24804442461
"7901009",77,0,1,0.029904,1,0.007476,1,142.370592971578,1,4.84843457797638,838,1,6.11299991607666,34.8680000305176,0.0299040004611015,0,137.28759765625,-88.1318,27.3149,9.93377151386352,63,63,63,63,61,63,0,7817,1.11627530284214,27,-88,0.001869,51,2025-07-26 17:50:44.001896,838,1.037,0.0011,"aoml_navis",1031.26069241237
"7901009",77,0,1,0.028035,1,0.005607,1,142.609214926437,1,4.84838993245688,840,1,6.1100001335144,34.8680000305176,0.0280349999666214,0,137.517700195312,-88.1318,27.3149,9.93377151386352,63,63,63,63,61,63,0,7817,1.11627530284214,27,-88,0.001869,51,2025-07-26 17:50:44.001896,840,1.037,0.0011,"aoml_navis",1031.27018858945
"7901009",77,0,1,0.028035,1,0.005607,1,142.974252716665,1,4.84833625037936,842,1,6.0939998626709,34.8680000305176,0.0280349999666214,0,137.869705200195,-88.1318,27.3149,9.93377151386352,63,63,63,63,61,63,0,7817,1.11627530284214,27,-88,0.001869,51,2025-07-26 17:50:44.001896,842,1.037,0.0011,"aoml_navis",1031.28160708919
"7901009",77,0,1,0.029904,1,0.007476,1,143.442160621517,1,4.84827958790179,844,1,6.0789999961853,34.8689994812012,0.0299040004611015,0,138.320907592773,-88.1318,27.3149,9.93377151386352,63,63,63,63,61,63,0,7817,1.11627530284214,27,-88,0.001869,51,2025-07-26 17:50:44.001896,844,1.037,0.0011,"aoml_navis",1031.2936598122
"7901009",77,0,1,0.031773,1,0.009345,1,143.943962971151,1,4.84822176196156,846,1,6.05700016021729,34.8689994812012,0.0317730009555817,0,138.804794311523,-88.1318,27.3149,9.93377151386352,63,63,63,63,61,63,0,7817,1.11627530284214,27,-88,0.001869,51,2025-07-26 17:50:44.001896,846,1.037,0.0011,"aoml_navis",1031.30596030678
"7901009",77,0,1,0.031773,1,0.009345,1,144.130524831083,1,4.84817110154808,848,1,6.03999996185303,34.8680000305176,0.0317730009555817,0,138.98469543457,-88.1318,27.3149,9.93377151386352,63,63,63,63,61,63,0,7817,1.11627530284214,27,-88,0.001869,51,2025-07-26 17:50:44.001896,848,1.037,0.0011,"aoml_navis",1031.31673682132
"7901009",77,0,1,0.031773,1,0.009345,1,144.232461345221,1,4.8481193146839,850,1,6.03200006484985,34.8689994812012,0.0317730009555817,0,139.082992553711,-88.1318,27.3149,9.93377151386352,63,63,63,63,61,63,0,7817,1.11627530284214,27,-88,0.001869,51,2025-07-26 17:50:44.001896,850,1.037,0.0011,"aoml_navis",1031.32775318794
"7901009",77,0,1,0.029904,1,0.007476,1,144.338654444628,1,4.84807190704618,852,1,6.02500009536743,34.8689994812012,0.0299040004611015,0,139.185394287109,-88.1318,27.3149,9.93377151386352,63,63,63,63,61,63,0,7817,1.11627530284214,27,-88,0.001869,51,2025-07-26 17:50:44.001896,852,1.037,0.0011,"aoml_navis",1031.33783818945
"7901009",77,0,1,0.031773,1,0.009345,1,144.406380039243,1,4.84801528080078,854,1,6.01000022888184,34.8699989318848,0.0317730009555817,0,139.250701904297,-88.1318,27.3149,9.93377151386352,63,63,63,63,61,63,0,7817,1.11627530284214,27,-88,0.001869,51,2025-07-26 17:50:44.001896,854,1.037,0.0011,"aoml_navis",1031.34988451895
"7901009",77,0,1,0.031773,1,0.009345,1,144.576247856578,1,4.84796281124554,856,1,6.00099992752075,34.8709983825684,0.0317730009555817,0,139.414505004883,-88.1318,27.3149,9.93377151386352,63,63,63,63,61,63,0,7817,1.11627530284214,27,-88,0.001869,51,2025-07-26 17:50:44.001896,856,1.037,0.0011,"aoml_navis",1031.36104683018
"7901009",77,0,1,0.029904,1,0.007476,1,144.817037663414,1,4.84791333788459,858,1,5.99100017547607,34.8709983825684,0.0299040004611015,0,139.646697998047,-88.1318,27.3149,9.93377151386352,63,63,63,63,61,63,0,7817,1.11627530284214,27,-88,0.001869,51,2025-07-26 17:50:44.001896,858,1.037,0.0011,"aoml_navis",1031.3715719559
"7901009",77,0,1,0.029904,1,0.007476,1,145.085012650518,1,4.84786016974114,860,1,5.98099994659424,34.8720016479492,0.0299040004611015,0,139.90510559082,-88.1318,27.3149,9.93377151386352,63,63,63,63,61,63,0,7817,1.11627530284214,27,-88,0.001869,51,2025-07-26 17:50:44.001896,860,1.037,0.0011,"aoml_navis",1031.3828833613
"7901009",77,0,1,0.028035,1,0.005607,1,145.385220590013,1,4.8478100126515,862,1,5.96999979019165,34.8720016479492,0.0280349999666214,0,140.194595336914,-88.1318,27.3149,9.93377151386352,63,63,63,63,61,63,0,7817,1.11627530284214,27,-88,0.001869,51,2025-07-26 17:50:44.001896,862,1.037,0.0011,"aoml_navis",1031.39355439906
"7901009",77,0,1,0.026166,1,0.003738,1,145.736665790107,1,4.84775571886528,864,1,5.95300006866455,34.8720016479492,0.0261659994721413,0,140.533493041992,-88.1318,27.3149,9.93377151386352,63,63,63,63,61,63,0,7817,1.11627530284214,27,-88,0.001869,51,2025-07-26 17:50:44.001896,864,1.037,0.0011,"aoml_navis",1031.40510577756
"7901009",77,0,1,0.031773,1,0.009345,1,146.077651500004,1,4.84770488283373,866,1,5.94099998474121,34.8720016479492,0.0317730009555817,0,140.8623046875,-88.1318,27.3149,9.93377151386352,63,63,63,63,61,63,0,7817,1.11627530284214,27,-88,0.001869,51,2025-07-26 17:50:44.001896,866,1.037,0.0011,"aoml_navis",1031.41592172939
"7901009",77,0,1,0.028035,1,0.005607,1,146.443100707395,1,4.84764692202862,868,1,5.92399978637695,34.8730010986328,0.0280349999666214,0,141.214706420898,-88.1318,27.3149,9.93377151386352,63,63,63,63,61,63,0,7817,1.11627530284214,27,-88,0.001869,51,2025-07-26 17:50:44.001896,868,1.037,0.0011,"aoml_navis",1031.4282538357
"7901009",77,0,1,0.031773,1,0.009345,1,146.770905244322,1,4.84758759524358,870,1,5.90500020980835,34.8740005493164,0.0317730009555817,0,141.530807495117,-88.1318,27.3149,9.93377151386352,63,63,63,63,61,63,0,7817,1.11627530284214,27,-88,0.001869,51,2025-07-26 17:50:44.001896,870,1.037,0.0011,"aoml_navis",1031.44087688193
"7901009",77,0,1,0.026166,1,0.003738,1,146.97487321502,1,4.84753609139568,872,1,5.89200019836426,34.8740005493164,0.0261659994721413,0,141.727493286133,-88.1318,27.3149,9.93377151386352,63,63,63,63,61,63,0,7817,1.11627530284214,27,-88,0.001869,51,2025-07-26 17:50:44.001896,872,1.037,0.0011,"aoml_navis",1031.45183568101
"7901009",77,0,1,0.029904,1,0.007476,1,147.224809141877,1,4.84748459344235,874,1,5.87900018692017,34.8740005493164,0.0299040004611015,0,141.968505859375,-88.1318,27.3149,9.93377151386352,63,63,63,63,61,63,0,7817,1.11627530284214,27,-88,0.001869,51,2025-07-26 17:50:44.001896,874,1.037,0.0011,"aoml_navis",1031.46279345869
"7901009",77,0,1,0.033642,1,0.011214,1,147.443825486519,1,4.84743516220452,876,1,5.86899995803833,34.8740005493164,0.0336420014500618,0,142.179702758789,-88.1318,27.3149,9.93377151386352,63,63,63,63,61,63,0,7817,1.11627530284214,27,-88,0.001869,51,2025-07-26 17:50:44.001896,876,1.037,0.0011,"aoml_navis",1031.47331169791
"7901009",77,0,1,0.031773,1,0.009345,1,147.729728767711,1,4.84737793108519,878,1,5.85300016403198,34.875,0.0317730009555817,0,142.45539855957,-88.1318,27.3149,9.93377151386352,63,63,63,63,61,63,0,7817,1.11627530284214,27,-88,0.001869,51,2025-07-26 17:50:44.001896,878,1.037,0.0011,"aoml_navis",1031.48548990498
"7901009",77,0,1,0.031773,1,0.009345,1,147.991374259992,1,4.84732576486314,880,1,5.83900022506714,34.875,0.0317730009555817,0,142.707702636719,-88.1318,27.3149,9.93377151386352,63,63,63,63,61,63,0,7817,1.11627530284214,27,-88,0.001869,51,2025-07-26 17:50:44.001896,880,1.037,0.0011,"aoml_navis",1031.49659060333
"7901009",77,0,1,0.028035,1,0.005607,1,148.116540020133,1,4.84727540667679,882,1,5.83300018310547,34.8759994506836,0.0280349999666214,0,142.828399658203,-88.1318,27.3149,9.93377151386352,63,63,63,63,61,63,0,7817,1.11627530284214,27,-88,0.001869,51,2025-07-26 17:50:44.001896,882,1.037,0.0011,"aoml_navis",1031.50730678782
"7901009",77,0,1,0.031773,1,0.009345,1,148.337740040489,1,4.84723241861167,884,1,5.8270001411438,34.875,0.0317730009555817,0,143.041702270508,-88.1318,27.3149,9.93377151386352,63,63,63,63,61,63,0,7817,1.11627530284214,27,-88,0.001869,51,2025-07-26 17:50:44.001896,884,1.037,0.0011,"aoml_navis",1031.51645479217
"7901009",77,0,1,0.028035,1,0.005607,1,148.53954015921,1,4.84718574847022,886,1,5.82100009918213,34.875,0.0280349999666214,0,143.236297607422,-88.1318,27.3149,9.93377151386352,63,63,63,63,61,63,0,7817,1.11627530284214,27,-88,0.001869,51,2025-07-26 17:50:44.001896,886,1.037,0.0011,"aoml_navis",1031.52638653842
"7901009",77,0,1,0.029904,1,0.007476,1,148.801707834814,1,4.84713428267923,888,1,5.80800008773804,34.875,0.0299040004611015,0,143.489105224609,-88.1318,27.3149,9.93377151386352,63,63,63,63,61,63,0,7817,1.11627530284214,27,-88,0.001869,51,2025-07-26 17:50:44.001896,888,1.037,0.0011,"aoml_navis",1031.53733905558
"7901009",77,0,1,0.029904,1,0.007476,1,148.986291727614,1,4.84707982358487,890,1,5.7960000038147,34.8759994506836,0.0299040004611015,0,143.667098999023,-88.1318,27.3149,9.93377151386352,63,63,63,63,61,63,0,7817,1.11627530284214,27,-88,0.001869,51,2025-07-26 17:50:44.001896,890,1.037,0.0011,"aoml_navis",1031.54892883568
"7901009",77,0,1,0.028035,1,0.005607,1,149.114669706379,1,4.84703316082421,892,1,5.78999996185303,34.8759994506836,0.0280349999666214,0,143.790893554688,-88.1318,27.3149,9.93377151386352,63,63,63,63,61,63,0,7817,1.11627530284214,27,-88,0.001869,51,2025-07-26 17:50:44.001896,892,1.037,0.0011,"aoml_navis",1031.55885963647
"7901009",77,0,1,0.029904,1,0.007476,1,149.311611937822,1,4.8469837622275,894,1,5.78000020980835,34.8759994506836,0.0299040004611015,0,143.980804443359,-88.1318,27.3149,9.93377151386352,63,63,63,63,61,63,0,7817,1.11627530284214,27,-88,0.001869,51,2025-07-26 17:50:44.001896,894,1.037,0.0011,"aoml_navis",1031.56937288814
"7901009",77,0,1,0.029904,1,0.007476,1,149.442790718046,1,4.84693710385325,896,1,5.77400016784668,34.8759994506836,0.0299040004611015,0,144.107299804688,-88.1318,27.3149,9.93377151386352,63,63,63,63,61,63,0,7817,1.11627530284214,27,-88,0.001869,51,2025-07-26 17:50:44.001896,896,1.037,0.0011,"aoml_navis",1031.57930314901
"7901009",77,0,1,0.031773,1,0.009345,1,149.690954386352,1,4.84689044746455,898,1,5.76800012588501,34.8759994506836,0.0317730009555817,0,144.346603393555,-88.1318,27.3149,9.93377151386352,63,63,63,63,61,63,0,7817,1.11627530284214,27,-88,0.001869,51,2025-07-26 17:50:44.001896,898,1.037,0.0011,"aoml_navis",1031.58923317847
"7901009",77,0,1,0.035511,1,0.013083,1,150.048206897947,1,4.84683532196712,900,1,5.75500011444092,34.8769989013672,0.0355109982192516,0,144.691101074219,-88.1318,27.3149,9.93377151386352,63,63,63,63,61,63,0,7817,1.11627530284214,27,-88,0.001869,51,2025-07-26 17:50:44.001896,900,1.037,0.0011,"aoml_navis",1031.60096596199
"7901009",77,0,1,0.029904,1,0.007476,1,150.319694754678,1,4.84678251928447,902,1,5.73999977111816,34.8769989013672,0.0299040004611015,0,144.952896118164,-88.1318,27.3149,9.93377151386352,63,63,63,63,61,63,0,7817,1.11627530284214,27,-88,0.001869,51,2025-07-26 17:50:44.001896,902,1.037,0.0011,"aoml_navis",1031.61220461325
"7901009",77,0,1,0.029904,1,0.007476,1,150.572526425416,1,4.84672740675354,904,1,5.72700023651123,34.8779983520508,0.0299040004611015,0,145.196701049805,-88.1318,27.3149,9.93377151386352,63,63,63,63,61,63,0,7817,1.11627530284214,27,-88,0.001869,51,2025-07-26 17:50:44.001896,904,1.037,0.0011,"aoml_navis",1031.6239351594
"7901009",77,0,1,0.029904,1,0.007476,1,150.936203374257,1,4.84668076081556,906,1,5.72100019454956,34.8779983520508,0.0299040004611015,0,145.547393798828,-88.1318,27.3149,9.93377151386352,63,63,63,63,61,63,0,7817,1.11627530284214,27,-88,0.001869,51,2025-07-26 17:50:44.001896,906,1.037,0.0011,"aoml_navis",1031.63386382367
"7901009",77,0,1,0.029904,1,0.007476,1,151.374251887278,1,4.84662865777124,908,1,5.70699977874756,34.8779983520508,0.0299040004611015,0,145.969802856445,-88.1318,27.3149,9.93377151386352,63,63,63,63,61,63,0,7817,1.11627530284214,27,-88,0.001869,51,2025-07-26 17:50:44.001896,908,1.037,0.0011,"aoml_navis",1031.64495426792
"7901009",77,0,1,0.029904,1,0.007476,1,151.660566585634,1,4.84657724350837,910,1,5.69399976730347,34.8779983520508,0.0299040004611015,0,146.245895385742,-88.1318,27.3149,9.93377151386352,63,63,63,63,61,63,0,7817,1.11627530284214,27,-88,0.001869,51,2025-07-26 17:50:44.001896,910,1.037,0.0011,"aoml_navis",1031.65589833467
"7901009",77,0,1,0.029904,1,0.007476,1,151.927196555088,1,4.84652213775372,912,1,5.68100023269653,34.8790016174316,0.0299040004611015,0,146.503005981445,-88.1318,27.3149,9.93377151386352,63,63,63,63,61,63,0,7817,1.11627530284214,27,-88,0.001869,51,2025-07-26 17:50:44.001896,912,1.037,0.0011,"aoml_navis",1031.66762843209
"7901009",77,0,1,0.028035,1,0.005607,1,152.041269875551,1,4.84647413963882,914,1,5.6729998588562,34.8790016174316,0.0280349999666214,0,146.613006591797,-88.1318,27.3149,9.93377151386352,63,63,63,63,61,63,0,7817,1.11627530284214,27,-88,0.001869,51,2025-07-26 17:50:44.001896,914,1.037,0.0011,"aoml_navis",1031.67784577772
"7901009",77,0,1,0.035511,1,0.013083,1,152.251361632491,1,4.84642954940632,916,1,5.67000007629395,34.8790016174316,0.0355109982192516,0,146.81559753418,-88.1318,27.3149,9.93377151386352,63,63,63,63,61,63,0,7817,1.11627530284214,27,-88,0.001869,51,2025-07-26 17:50:44.001896,916,1.037,0.0011,"aoml_navis",1031.68733786969
"7901009",77,0,1,0.028035,1,0.005607,1,152.597315995825,1,4.84637446835469,918,1,5.65700006484985,34.8800010681152,0.0280349999666214,0,147.149200439453,-88.1318,27.3149,9.93377151386352,63,63,63,63,61,63,0,7817,1.11627530284214,27,-88,0.001869,51,2025-07-26 17:50:44.001896,918,1.037,0.0011,"aoml_navis",1031.69906342327
"7901009",77,0,1,0.029904,1,0.007476,1,152.819038199504,1,4.84632307664367,920,1,5.64400005340576,34.8800010681152,0.0299040004611015,0,147.363006591797,-88.1318,27.3149,9.93377151386352,63,63,63,63,61,63,0,7817,1.11627530284214,27,-88,0.001869,51,2025-07-26 17:50:44.001896,920,1.037,0.0011,"aoml_navis",1031.71000383713
"7901009",77,0,1,0.029904,1,0.007476,1,153.113755302239,1,4.84627101111844,922,1,5.63000011444092,34.8800010681152,0.0299040004611015,0,147.647201538086,-88.1318,27.3149,9.93377151386352,63,63,63,63,61,63,0,7817,1.11627530284214,27,-88,0.001869,51,2025-07-26 17:50:44.001896,922,1.037,0.0011,"aoml_navis",1031.72108793109
"7901009",77,0,1,0.028035,1,0.005607,1,153.329353719677,1,4.8462196315913,924,1,5.61700010299683,34.8800010681152,0.0280349999666214,0,147.855102539062,-88.1318,27.3149,9.93377151386352,63,63,63,63,61,63,0,7817,1.11627530284214,27,-88,0.001869,51,2025-07-26 17:50:44.001896,924,1.037,0.0011,"aoml_navis",1031.73202621818
"7901009",77,0,1,0.031773,1,0.009345,1,153.683394012648,1,4.8461723316503,926,1,5.6100001335144,34.8800010681152,0.0317730009555817,0,148.196502685547,-88.1318,27.3149,9.93377151386352,63,63,63,63,61,63,0,7817,1.11627530284214,27,-88,0.001869,51,2025-07-26 17:50:44.001896,926,1.037,0.0011,"aoml_navis",1031.74209619931
"7901009",77,0,1,0.029904,1,0.007476,1,154.037117830878,1,4.84611795633804,928,1,5.59800004959106,34.8810005187988,0.0299040004611015,0,148.53759765625,-88.1318,27.3149,9.93377151386352,63,63,63,63,61,63,0,7817,1.11627530284214,27,-88,0.001869,51,2025-07-26 17:50:44.001896,928,1.037,0.0011,"aoml_navis",1031.7536727435
"7901009",77,0,1,0.026166,1,0.003738,1,154.370207495983,1,4.84606998319958,930,1,5.59000015258789,34.8810005187988,0.0261659994721413,0,148.858795166016,-88.1318,27.3149,9.93377151386352,63,63,63,63,61,63,0,7817,1.11627530284214,27,-88,0.001869,51,2025-07-26 17:50:44.001896,930,1.037,0.0011,"aoml_navis",1031.76388647586
"7901009",77,0,1,0.029904,1,0.007476,1,154.730988700942,1,4.84601455424986,932,1,5.57100009918213,34.8810005187988,0.0299040004611015,0,149.206695556641,-88.1318,27.3149,9.93377151386352,63,63,63,63,61,63,0,7817,1.11627530284214,27,-88,0.001869,51,2025-07-26 17:50:44.001896,932,1.037,0.0011,"aoml_navis",1031.77568784128
"7901009",77,0,1,0.028035,1,0.005607,1,155.05216309204,1,4.84596154988659,934,1,5.56099987030029,34.8819999694824,0.0280349999666214,0,149.516403198242,-88.1318,27.3149,9.93377151386352,63,63,63,63,61,63,0,7817,1.11627530284214,27,-88,0.001869,51,2025-07-26 17:50:44.001896,934,1.037,0.0011,"aoml_navis",1031.78697324105
"7901009",77,0,1,0.029904,1,0.007476,1,155.383069081431,1,4.84591087842754,936,1,5.54899978637695,34.8819999694824,0.0299040004611015,0,149.835494995117,-88.1318,27.3149,9.93377151386352,63,63,63,63,61,63,0,7817,1.11627530284214,27,-88,0.001869,51,2025-07-26 17:50:44.001896,936,1.037,0.0011,"aoml_navis",1031.79776216241
"7901009",77,0,1,0.029904,1,0.007476,1,155.676235457934,1,4.84586156560102,938,1,5.53900003433228,34.8819999694824,0.0299040004611015,0,150.118194580078,-88.1318,27.3149,9.93377151386352,63,63,63,63,61,63,0,7817,1.11627530284214,27,-88,0.001869,51,2025-07-26 17:50:44.001896,938,1.037,0.0011,"aoml_navis",1031.80826202159
"7901009",77,0,1,0.028035,1,0.005607,1,155.870994013663,1,4.84580586746699,940,1,5.52500009536743,34.882999420166,0.0280349999666214,0,150.305999755859,-88.1318,27.3149,9.93377151386352,63,63,63,63,61,63,0,7817,1.11627530284214,27,-88,0.001869,51,2025-07-26 17:50:44.001896,940,1.037,0.0011,"aoml_navis",1031.82012171974
"7901009",77,0,1,0.031773,1,0.009345,1,156.089709707301,1,4.84575656273522,942,1,5.5149998664856,34.882999420166,0.0317730009555817,0,150.516906738281,-88.1318,27.3149,9.93377151386352,63,63,63,63,61,63,0,7817,1.11627530284214,27,-88,0.001869,51,2025-07-26 17:50:44.001896,942,1.037,0.0011,"aoml_navis",1031.83062031034
"7901009",77,0,1,0.031773,1,0.009345,1,156.259150283735,1,4.84570928895948,944,1,5.50799989700317,34.882999420166,0.0317730009555817,0,150.680297851562,-88.1318,27.3149,9.93377151386352,63,63,63,63,61,63,0,7817,1.11627530284214,27,-88,0.001869,51,2025-07-26 17:50:44.001896,944,1.037,0.0011,"aoml_navis",1031.84068664459
"7901009",77,0,4,0.026166,1,0.003738,1,156.375502222334,1,4.84566336871637,946,1,5.50299978256226,34.882999420166,0.0261659994721413,0,150.792495727539,-88.1318,27.3149,9.93377151386352,63,63,63,63,61,63,0,7817,1.11627530284214,27,-88,0.001869,51,2025-07-26 17:50:44.001896,946,1.037,0.0011,"aoml_navis",1031.85046494976
"7901009",77,0,1,0.026166,1,0.003738,1,156.501823115281,1,4.84561241594749,948,1,5.49599981307983,34.8839988708496,0.0261659994721413,0,150.914306640625,-88.1318,27.3149,9.93377151386352,63,63,63,63,61,63,0,7817,1.11627530284214,27,-88,0.001869,51,2025-07-26 17:50:44.001896,948,1.037,0.0011,"aoml_navis",1031.86131510321
"7901009",77,0,1,0.031773,1,0.009345,1,156.601370245123,1,4.84556717537437,950,1,5.49200010299683,34.8839988708496,0.0317730009555817,0,151.010299682617,-88.1318,27.3149,9.93377151386352,63,63,63,63,61,63,0,7817,1.11627530284214,27,-88,0.001869,51,2025-07-26 17:50:44.001896,950,1.037,0.0011,"aoml_navis",1031.87094906257
"7901009",77,0,1,0.029904,1,0.007476,1,156.784514177851,1,4.84552328745711,952,1,5.48999977111816,34.8839988708496,0.0299040004611015,0,151.186904907227,-88.1318,27.3149,9.93377151386352,63,63,63,63,61,63,0,7817,1.11627530284214,27,-88,0.001869,51,2025-07-26 17:50:44.001896,952,1.037,0.0011,"aoml_navis",1031.8802951464
"7901009",77,0,1,0.029904,1,0.007476,1,157.095308197438,1,4.84547872608046,954,1,5.48699998855591,34.8839988708496,0.0299040004611015,0,151.486602783203,-88.1318,27.3149,9.93377151386352,63,63,63,63,61,63,0,7817,1.11627530284214,27,-88,0.001869,51,2025-07-26 17:50:44.001896,954,1.037,0.0011,"aoml_navis",1031.88978481896
"7901009",77,0,1,0.029904,1,0.007476,1,157.492389055212,1,4.84542741080593,956,1,5.47399997711182,34.8839988708496,0.0299040004611015,0,151.869506835938,-88.1318,27.3149,9.93377151386352,63,63,63,63,61,63,0,7817,1.11627530284214,27,-88,0.001869,51,2025-07-26 17:50:44.001896,956,1.037,0.0011,"aoml_navis",1031.90071299992
"7901009",77,0,1,0.028035,1,0.005607,1,157.669298435538,1,4.84536837024575,958,1,5.45499992370605,34.8849983215332,0.0280349999666214,0,152.040100097656,-88.1318,27.3149,9.93377151386352,63,63,63,63,61,63,0,7817,1.11627530284214,27,-88,0.001869,51,2025-07-26 17:50:44.001896,958,1.037,0.0011,"aoml_navis",1031.91328665614
"7901009",77,0,1,0.029904,1,0.007476,1,157.81862704217,1,4.84532111495984,960,1,5.44799995422363,34.8849983215332,0.0299040004611015,0,152.184097290039,-88.1318,27.3149,9.93377151386352,63,63,63,63,61,63,0,7817,1.11627530284214,27,-88,0.001869,51,2025-07-26 17:50:44.001896,960,1.037,0.0011,"aoml_navis",1031.92335066557
"7901009",77,0,1,0.028035,1,0.005607,1,157.967132814474,1,4.84527723388582,962,1,5.44600009918213,34.8849983215332,0.0280349999666214,0,152.327301025391,-88.1318,27.3149,9.93377151386352,63,63,63,63,61,63,0,7817,1.11627530284214,27,-88,0.001869,51,2025-07-26 17:50:44.001896,962,1.037,0.0011,"aoml_navis",1031.93269624122
"7901009",77,0,1,0.029904,1,0.007476,1,158.17557890276,1,4.84523200542383,964,1,5.44199991226196,34.8849983215332,0.0299040004611015,0,152.528305053711,-88.1318,27.3149,9.93377151386352,63,63,63,63,61,63,0,7817,1.11627530284214,27,-88,0.001869,51,2025-07-26 17:50:44.001896,964,1.037,0.0011,"aoml_navis",1031.9423289541
"7901009",77,0,1,0.031773,1,0.009345,1,158.496215286799,1,4.84518340706066,966,1,5.43300008773804,34.8849983215332,0.0317730009555817,0,152.837493896484,-88.1318,27.3149,9.93377151386352,63,63,63,63,61,63,0,7817,1.11627530284214,27,-88,0.001869,51,2025-07-26 17:50:44.001896,966,1.037,0.0011,"aoml_navis",1031.95267958561
"7901009",77,0,1,0.031773,1,0.009345,1,158.756610703851,1,4.84513548569971,968,1,5.42500019073486,34.8849983215332,0.0317730009555817,0,153.088592529297,-88.1318,27.3149,9.93377151386352,63,63,63,63,61,63,0,7817,1.11627530284214,27,-88,0.001869,51,2025-07-26 17:50:44.001896,968,1.037,0.0011,"aoml_navis",1031.9628862304
"7901009",77,0,1,0.029904,1,0.007476,1,159.217983405298,1,4.84508621908033,970,1,5.41499996185303,34.8849983215332,0.0299040004611015,0,153.533493041992,-88.1318,27.3149,9.93377151386352,63,63,63,63,61,63,0,7817,1.11627530284214,27,-88,0.001869,51,2025-07-26 17:50:44.001896,970,1.037,0.0011,"aoml_navis",1031.97337960873
"7901009",77,0,1,0.029904,1,0.007476,1,159.526087389586,1,4.84502652757492,972,1,5.39499998092651,34.8860015869141,0.0299040004611015,0,153.830596923828,-88.1318,27.3149,9.93377151386352,63,63,63,63,61,63,0,7817,1.11627530284214,27,-88,0.001869,51,2025-07-26 17:50:44.001896,972,1.037,0.0011,"aoml_navis",1031.9860936866
"7901009",77,0,1,0.029904,1,0.007476,1,159.783476296597,1,4.84498130802552,974,1,5.39099979400635,34.8860015869141,0.0299040004611015,0,154.078796386719,-88.1318,27.3149,9.93377151386352,63,63,63,63,61,63,0,7817,1.11627530284214,27,-88,0.001869,51,2025-07-26 17:50:44.001896,974,1.037,0.0011,"aoml_navis",1031.99572549799
"7901009",77,0,1,0.029904,1,0.007476,1,160.261448098219,1,4.84492904387116,976,1,5.38199996948242,34.8870010375977,0.0299040004611015,0,154.539703369141,-88.1318,27.3149,9.93377151386352,63,63,63,63,61,63,0,7817,1.11627530284214,27,-88,0.001869,51,2025-07-26 17:50:44.001896,976,1.037,0.0011,"aoml_navis",1032.00685804161
"7901009",77,99999,9,99999,9,99999,9,160.566956989629,1,4.84487575921367,978,1,5.36600017547607,34.8870010375977,99999,99999,154.83430480957,-88.1318,27.3149,9.93377151386352,63,63,63,63,61,63,0,7817,1.11627530284214,27,-88,0.001869,51,2025-07-26 17:50:44.001896,978,1.037,0.0011,"aoml_navis",1032.0182082051
"7901009",77,0,1,0.028035,1,0.005607,1,165.276085314828,1,4.84435204155629,999.099975585938,1,5.27050018310547,34.8899993896484,0.0280349999666214,0,159.375305175781,-88.1318,27.3149,9.93377151386352,63,63,63,63,61,63,0,7817,1.11627530284214,27,-88,0.001869,51,2025-07-26 17:50:44.001896,999.099975585938,1.037,0.0011,"aoml_navis",1032.12977857689
"7901009",77,0,1,0.033642,1,0.011214,1,172.470015070496,1,4.84311507187812,1049,1,5.04449987411499,34.8969993591309,0.0336420014500618,0,166.312393188477,-88.1318,27.3149,9.93377151386352,63,63,63,63,61,63,0,7817,1.11627530284214,27,-88,0.001869,51,2025-07-26 17:50:44.001896,1049,1.037,0.0011,"aoml_navis",1032.39339263955
"7901009",77,0,1,0.031773,1,0.009345,1,178.811630876923,1,4.84190693700257,1098,1,4.84159994125366,34.9059982299805,0.0317730009555817,0,172.427597045898,-88.1318,27.3149,9.93377151386352,63,63,63,63,61,63,0,7817,1.11627530284214,27,-88,0.001869,51,2025-07-26 17:50:44.001896,1098,1.037,0.0011,"aoml_navis",1032.65099165563
"7901009",77,0,1,0.029904,1,0.007476,1,183.004636370449,1,4.84071767633796,1149.90002441406,1,4.73089981079102,34.9099998474121,0.0299040004611015,0,176.470901489258,-88.1318,27.3149,9.93377151386352,63,63,63,63,61,63,0,7817,1.11627530284214,27,-88,0.001869,51,2025-07-26 17:50:44.001896,1149.90002441406,1.037,0.0011,"aoml_navis",1032.9046918891
"7901009",77,0,1,0.028035,1,0.005607,1,186.617005656311,1,4.8395849996687,1199.90002441406,1,4.63759994506836,34.9129981994629,0.0280349999666214,0,179.954299926758,-88.1318,27.3149,9.93377151386352,63,63,63,63,61,63,0,7817,1.11627530284214,27,-88,0.001869,51,2025-07-26 17:50:44.001896,1199.90002441406,1.037,0.0011,"aoml_navis",1033.14643721358
"7901009",77,0,1,0.033642,1,0.011214,1,189.990658044891,1,4.83846888315343,1249.30004882812,1,4.55410003662109,34.9169998168945,0.0336420014500618,0,183.207504272461,-88.1318,27.3149,9.93377151386352,63,63,63,63,61,63,0,7817,1.11627530284214,27,-88,0.001869,51,2025-07-26 17:50:44.001896,1249.30004882812,1.037,0.0011,"aoml_navis",1033.38475884571
"7901009",77,0,1,0.028035,1,0.005607,1,192.697181679039,1,4.83740298683486,1297.19995117188,1,4.49139976501465,34.9199981689453,0.0280349999666214,0,185.817398071289,-88.1318,27.3149,9.93377151386352,63,63,63,63,61,63,0,7817,1.11627530284214,27,-88,0.001869,51,2025-07-26 17:50:44.001896,1297.19995117188,1.037,0.0011,"aoml_navis",1033.61245974496
"7901009",77,0,1,0.029904,1,0.007476,1,195.295233595643,1,4.83625568140424,1349.40002441406,1,4.43580007553101,34.9220008850098,0.0299040004611015,0,188.322692871094,-88.1318,27.3149,9.93377151386352,63,63,63,63,61,63,0,7817,1.11627530284214,27,-88,0.001869,51,2025-07-26 17:50:44.001896,1349.40002441406,1.037,0.0011,"aoml_navis",1033.85766373465
"7901009",77,0,1,0.026166,1,0.003738,1,197.171944634648,1,4.83515164932165,1399.80004882812,1,4.39169979095459,34.9249992370605,0.0261659994721413,0,190.132400512695,-88.1318,27.3149,9.93377151386352,63,63,63,63,61,63,0,7817,1.11627530284214,27,-88,0.001869,51,2025-07-26 17:50:44.001896,1399.80004882812,1.037,0.0011,"aoml_navis",1034.09372913908
"7901009",77,0,1,0.029904,1,0.007476,1,198.498923224466,1,4.83408911026649,1449.40002441406,1,4.36609983444214,34.9249992370605,0.0299040004611015,0,191.412002563477,-88.1318,27.3149,9.93377151386352,63,63,63,63,61,63,0,7817,1.11627530284214,27,-88,0.001869,51,2025-07-26 17:50:44.001896,1449.40002441406,1.037,0.0011,"aoml_navis",1034.32102428173
"7901009",77,0,1,0.029904,1,0.007476,1,199.783684083809,1,4.83301968829483,1499.09997558594,1,4.3422999382019,34.9269981384277,0.0299040004611015,0,192.650894165039,-88.1318,27.3149,9.93377151386352,63,63,63,63,61,63,0,7817,1.11627530284214,27,-88,0.001869,51,2025-07-26 17:50:44.001896,1499.09997558594,1.037,0.0011,"aoml_navis",1034.54989271192
"7901009",77,0,1,0.031773,1,0.009345,1,200.641821168288,1,4.83194313893154,1549.69995117188,1,4.32849979400635,34.9280014038086,0.0317730009555817,0,193.478393554688,-88.1318,27.3149,9.93377151386352,63,63,63,63,61,63,0,7817,1.11627530284214,27,-88,0.001869,51,2025-07-26 17:50:44.001896,1549.69995117188,1.037,0.0011,"aoml_navis",1034.78038880764
"7901009",77,0,4,0.024297,1,0.001869,1,201.618905284244,1,4.8308831742116,1599.59997558594,1,4.31529998779297,34.9290008544922,0.0242970008403063,0,194.420593261719,-88.1318,27.3149,9.93377151386352,63,63,63,63,61,63,0,7817,1.11627530284214,27,-88,0.001869,51,2025-07-26 17:50:44.001896,1599.59997558594,1.037,0.0011,"aoml_navis",1035.00743439444
"7901009",77,0,1,0.026166,1,0.003738,1,202.066495510712,1,4.82981977842589,1649.90002441406,1,4.30719995498657,34.9300003051758,0.0261659994721413,0,194.852203369141,-88.1318,27.3149,9.93377151386352,63,63,63,63,61,63,0,7817,1.11627530284214,27,-88,0.001869,51,2025-07-26 17:50:44.001896,1649.90002441406,1.037,0.0011,"aoml_navis",1035.23531505964
"7901009",77,0,1,0.035511,1,0.013083,1,202.539894252324,1,4.82879506949494,1698.90002441406,1,4.30299997329712,34.9290008544922,0.0355109982192516,0,195.308700561523,-88.1318,27.3149,9.93377151386352,63,63,63,63,61,63,0,7817,1.11627530284214,27,-88,0.001869,51,2025-07-26 17:50:44.001896,1698.90002441406,1.037,0.0011,"aoml_navis",1035.45500027256
"7901009",77,0,1,0.028035,1,0.005607,1,203.028958493625,1,4.82771879154233,1750,1,4.29610013961792,34.9300003051758,0.0280349999666214,0,195.780303955078,-88.1318,27.3149,9.93377151386352,63,63,63,63,61,63,0,7817,1.11627530284214,27,-88,0.001869,51,2025-07-26 17:50:44.001896,1750,1.037,0.0011,"aoml_navis",1035.68584167734
"7901009",77,0,1,0.028035,1,0.005607,1,203.503290835723,1,4.82668865552284,1799.09997558594,1,4.29330015182495,34.9309997558594,0.0280349999666214,0,196.237701416016,-88.1318,27.3149,9.93377151386352,63,63,63,63,61,63,0,7817,1.11627530284214,27,-88,0.001869,51,2025-07-26 17:50:44.001896,1799.09997558594,1.037,0.0011,"aoml_navis",1035.90688292663
"7901009",77,0,1,0.028035,1,0.005607,1,203.935516213506,1,4.82562880042771,1849.90002441406,1,4.29129981994629,34.9309997558594,0.0280349999666214,0,196.654495239258,-88.1318,27.3149,9.93377151386352,63,63,63,63,61,63,0,7817,1.11627530284214,27,-88,0.001869,51,2025-07-26 17:50:44.001896,1849.90002441406,1.037,0.0011,"aoml_navis",1036.13439963655
"7901009",77,0,1,0.024297,1,0.001869,1,204.143645827051,1,4.82459941607535,1899.30004882812,1,4.28900003433228,34.9309997558594,0.0242970008403063,0,196.855194091797,-88.1318,27.3149,9.93377151386352,63,63,63,63,61,63,0,7817,1.11627530284214,27,-88,0.001869,51,2025-07-26 17:50:44.001896,1899.30004882812,1.037,0.0011,"aoml_navis",1036.35547095169
"7901009",77,0,1,0.031773,1,0.009345,1,204.471972547301,1,4.82355529268853,1949.40002441406,1,4.28940010070801,34.931999206543,0.0317730009555817,0,197.171798706055,-88.1318,27.3149,9.93377151386352,63,63,63,63,61,63,0,7817,1.11627530284214,27,-88,0.001869,51,2025-07-26 17:50:44.001896,1949.40002441406,1.037,0.0011,"aoml_navis",1036.57980402524
"7901009",77,0,1,0.035511,1,0.013083,1,204.564478114151,1,4.8225199939552,1999.30004882812,1,4.2891001701355,34.931999206543,0.0355109982192516,0,197.261001586914,-88.1318,27.3149,9.93377151386352,63,63,63,63,61,63,0,7817,1.11627530284214,27,-88,0.001869,51,2025-07-26 17:50:44.001896,1999.30004882812,1.037,0.0011,"aoml_navis",1036.80233700788
"7901009",78,0.119083891285165,1,0.134568,1,0.11214,1,190.227471717324,1,4.89120018761089,2.29999995231628,1,31.3470001220703,36.3019981384277,0.134568005800247,0.121485002338886,183.435806274414,-88.1547,27.5395,16.5391823513399,63,63,63,63,61,63,0.11214,7591,0.941689079772035,28,-88,0.001869,51,2025-08-06 00:40:32.000058,2.29999995231628,1.037,0.0011,"aoml_navis",1022.24399088483
"7901009",78,0.10122130759239,1,0.117747,1,0.095319,1,190.345374418673,1,4.89112194201209,4,1,31.3020000457764,36.2929992675781,0.117747001349926,0.104663997888565,183.549499511719,-88.1547,27.5395,16.5391823513399,63,63,63,63,61,63,0.095319,7591,0.941689079772035,28,-88,0.001869,51,2025-08-06 00:40:32.000058,4,1.037,0.0011,"aoml_navis",1022.26034420706
"7901009",78,0.121068622806584,1,0.136437,1,0.114009,1,190.737375978263,1,4.89095314534423,6,1,31.1940002441406,36.2779998779297,0.136436998844147,0.123354002833366,183.927505493164,-88.1547,27.5395,16.5391823513399,63,63,63,63,61,63,0.114009,7591,0.941689079772035,28,-88,0.001869,51,2025-08-06 00:40:32.000058,6,1.037,0.0011,"aoml_navis",1022.29562447548
"7901009",78,0.127022817370843,1,0.142044,1,0.119616,1,191.243229361261,1,4.89078025913199,8,1,31.0939998626709,36.2680015563965,0.142043992877007,0.128960996866226,184.415298461914,-88.1547,27.5395,16.5391823513399,63,63,63,63,61,63,0.119616,7591,0.941689079772035,28,-88,0.001869,51,2025-08-06 00:40:32.000058,8,1.037,0.0011,"aoml_navis",1022.33176202592
"7901009",78,0.125038085849423,1,0.140175,1,0.117747,1,191.132162516439,1,4.8906872484158,10,1,31.0970001220703,36.2840003967285,0.140174999833107,0.127092003822327,184.308197021484,-88.1547,27.5395,16.5391823513399,63,63,63,63,61,63,0.117747,7591,0.941689079772035,28,-88,0.001869,51,2025-08-06 00:40:32.000058,10,1.037,0.0011,"aoml_navis",1022.35120465321
"7901009",78,0.148854864106456,1,0.162603,1,0.140175,1,190.942799796396,1,4.8906168661742,12,1,31.0900001525879,36.2890014648438,0.162603005766869,0.149519994854927,184.125595092773,-88.1547,27.5395,16.5391823513399,63,63,63,63,61,63,0.140175,7591,0.941689079772035,28,-88,0.001869,51,2025-08-06 00:40:32.000058,12,1.037,0.0011,"aoml_navis",1022.36591759668
"7901009",78,0.13694647497794,1,0.151389,1,0.128961,1,190.830087282411,1,4.8905574687704,14,1,31.0809993743896,36.2900009155273,0.151389002799988,0.138306006789207,184.016906738281,-88.1547,27.5395,16.5391823513399,63,63,63,63,61,63,0.128961,7591,0.941689079772035,28,-88,0.001869,51,2025-08-06 00:40:32.000058,14,1.037,0.0011,"aoml_navis",1022.37833456175
"7901009",78,0.121068622806584,4,0.136437,1,0.114009,1,190.852161402446,1,4.89046524033505,16,1,31.0930004119873,36.310001373291,0.136436998844147,0.123354002833366,184.038192749023,-88.1547,27.5395,16.5391823513399,63,63,63,63,61,63,0.114009,7591,0.941689079772035,28,-88,0.001869,51,2025-08-06 00:40:32.000058,16,1.037,0.0011,"aoml_navis",1022.39761541735
"7901009",78,0.121068622806584,4,0.136437,1,0.114009,1,190.697864094588,1,4.89037538648268,18,1,31.1000003814697,36.3269996643066,0.136436998844147,0.123354002833366,183.889404296875,-88.1547,27.5395,16.5391823513399,63,63,63,63,61,63,0.114009,7591,0.941689079772035,28,-88,0.001869,51,2025-08-06 00:40:32.000058,18,1.037,0.0011,"aoml_navis",1022.41640055288
"7901009",78,0.129007548892262,1,0.143913,1,0.121485,1,190.703671407887,1,4.89032706452722,20,1,31.1040000915527,36.3310012817383,0.143913000822067,0.130830004811287,183.895004272461,-88.1547,27.5395,16.5391823513399,63,63,63,63,61,63,0.121485,7591,0.941689079772035,28,-88,0.001869,51,2025-08-06 00:40:32.000058,20,1.037,0.0011,"aoml_navis",1022.42650318182
"7901009",78,0.129007548892262,1,0.143913,1,0.121485,1,190.639363720559,1,4.89027797325304,22,1,31.0990009307861,36.3310012817383,0.143913000822067,0.130830004811287,183.832992553711,-88.1547,27.5395,16.5391823513399,63,63,63,63,61,63,0.121485,7591,0.941689079772035,28,-88,0.001869,51,2025-08-06 00:40:32.000058,22,1.037,0.0011,"aoml_navis",1022.43676685601
"7901009",78,0.129007548892262,1,0.143913,1,0.121485,1,190.746189802536,1,4.89022071230565,24,1,31.0869998931885,36.3300018310547,0.143913000822067,0.130830004811287,183.936004638672,-88.1547,27.5395,16.5391823513399,63,63,63,63,61,63,0.121485,7591,0.941689079772035,28,-88,0.001869,51,2025-08-06 00:40:32.000058,24,1.037,0.0011,"aoml_navis",1022.44873885101
"7901009",78,0.150839595627875,1,0.164472,1,0.142044,1,190.656579951812,1,4.89016994704849,26,1,31.0809993743896,36.3300018310547,0.164471998810768,0.151389002799988,183.849594116211,-88.1547,27.5395,16.5391823513399,63,63,63,63,61,63,0.142044,7591,0.941689079772035,28,-88,0.001869,51,2025-08-06 00:40:32.000058,26,1.037,0.0011,"aoml_navis",1022.45935297562
"7901009",78,0.140915938020778,1,0.155127,1,0.132699,1,190.983973172978,1,4.89011873990328,28,1,31.0790004730225,36.3320007324219,0.155127003788948,0.142043992877007,184.165298461914,-88.1547,27.5395,16.5391823513399,63,63,63,63,61,63,0.132699,7591,0.941689079772035,28,-88,0.001869,51,2025-08-06 00:40:32.000058,28,1.037,0.0011,"aoml_navis",1022.47005971452
"7901009",78,0.142900669542198,4,0.156996,1,0.134568,1,191.178209605545,1,4.89004704060339,30.1000003814697,1,31.0659999847412,36.3339996337891,0.156995996832848,0.143913000822067,184.352600097656,-88.1547,27.5395,16.5391823513399,63,63,63,63,61,63,0.134568,7591,0.941689079772035,28,-88,0.001869,51,2025-08-06 00:40:32.000058,30.1000003814697,1.037,0.0011,"aoml_navis",1022.48505146958
"7901009",78,0.154809058670714,1,0.16821,1,0.145782,1,191.847300710608,1,4.88994224873361,32.0999984741211,1,31.0470008850098,36.3429985046387,0.168209999799728,0.155127003788948,184.997802734375,-88.1547,27.5395,16.5391823513399,63,63,63,63,61,63,0.145782,7591,0.941689079772035,28,-88,0.001869,51,2025-08-06 00:40:32.000058,32.0999984741211,1.037,0.0011,"aoml_navis",1022.50696340941
"7901009",78,0.166717447799231,1,0.179424,1,0.156996,1,193.410813006255,1,4.88972401193361,33.7999992370605,1,30.9930000305176,36.3689994812012,0.179424002766609,0.166341006755829,186.505493164062,-88.1547,27.5395,16.5391823513399,63,63,63,63,61,63,0.156996,7591,0.941689079772035,28,-88,0.001869,51,2025-08-06 00:40:32.000058,33.7999992370605,1.037,0.0011,"aoml_navis",1022.55259965537
"7901009",78,0.194503689099103,1,0.20559,1,0.183162,1,195.815784428142,1,4.88929446725988,36.0999984741211,1,30.8519992828369,36.4099998474121,0.20558999478817,0.19250699877739,188.824600219727,-88.1547,27.5395,16.5391823513399,63,63,63,63,61,63,0.183162,7591,0.941689079772035,28,-88,0.001869,51,2025-08-06 00:40:32.000058,36.0999984741211,1.037,0.0011,"aoml_navis",1022.64243511644
"7901009",78,0.252060903220266,1,0.259791,1,0.237363,1,206.519738853671,1,4.88729467649721,37.9000015258789,1,29.75,36.4500007629395,0.259790986776352,0.246708005666733,199.146392822266,-88.1547,27.5395,16.5391823513399,63,63,63,63,61,63,0.237363,7591,0.941689079772035,28,-88,0.001869,51,2025-08-06 00:40:32.000058,37.9000015258789,1.037,0.0011,"aoml_navis",1023.06088152302
"7901009",78,0.263969292348782,1,0.271005,1,0.248577,1,209.646589383803,1,4.88653426411801,39.7999992370605,1,29.2789993286133,36.4379997253418,0.271005004644394,0.257921993732452,202.161605834961,-88.1547,27.5395,16.5391823513399,63,63,63,63,61,63,0.248577,7591,0.941689079772035,28,-88,0.001869,51,2025-08-06 00:40:32.000058,39.7999992370605,1.037,0.0011,"aoml_navis",1023.22008395913
"7901009",78,0.281831876041557,1,0.287826,1,0.265398,1,213.501205454187,1,4.88560886909074,41.9000015258789,1,28.7450008392334,36.4449996948242,0.287826001644135,0.274742990732193,205.878601074219,-88.1547,27.5395,16.5391823513399,63,63,63,63,61,63,0.265398,7591,0.941689079772035,28,-88,0.001869,51,2025-08-06 00:40:32.000058,41.9000015258789,1.037,0.0011,"aoml_navis",1023.41389455733
"7901009",78,0.279847144520137,1,0.285957,1,0.263529,1,215.95698691151,1,4.88434147906424,44,1,27.9780006408691,36.4480018615723,0.285957008600235,0.272873997688293,208.246704101562,-88.1547,27.5395,16.5391823513399,63,63,63,63,61,63,0.263529,7591,0.941689079772035,28,-88,0.001869,51,2025-08-06 00:40:32.000058,44,1.037,0.0011,"aoml_navis",1023.67945022507
"7901009",78,0.275877681477299,1,0.282219,1,0.259791,1,216.417315388887,1,4.88369709985592,46,1,27.6100006103516,36.4560012817383,0.282218992710114,0.269136011600494,208.69059753418,-88.1547,27.5395,16.5391823513399,63,63,63,63,61,63,0.259791,7591,0.941689079772035,28,-88,0.001869,51,2025-08-06 00:40:32.000058,46,1.037,0.0011,"aoml_navis",1023.81451956705
"7901009",78,0.319541774948526,1,0.323337,1,0.300909,1,214.761708915029,1,4.88238348082113,48,1,26.8120002746582,36.4679985046387,0.323336988687515,0.310254007577896,207.094100952148,-88.1547,27.5395,16.5391823513399,63,63,63,63,61,63,0.300909,7591,0.941689079772035,28,-88,0.001869,51,2025-08-06 00:40:32.000058,48,1.037,0.0011,"aoml_navis",1024.0899797488
"7901009",78,0.379083720591108,1,0.379407,1,0.356979,1,209.616714158981,1,4.88155467428055,49.7000007629395,1,26.3600006103516,36.4980010986328,0.379406988620758,0.366324007511139,202.132797241211,-88.1547,27.5395,16.5391823513399,63,63,63,63,61,63,0.356979,7591,0.941689079772035,28,-88,0.001869,51,2025-08-06 00:40:32.000058,49.7000007629395,1.037,0.0011,"aoml_navis",1024.2638531416
"7901009",78,0.424732545583755,1,0.422394,1,0.399966,1,201.540165496079,1,4.88087589999552,52,1,26.0380001068115,36.5390014648438,0.422394007444382,0.40931099653244,194.344604492188,-88.1547,27.5395,16.5391823513399,63,63,63,63,61,63,0.399966,7591,0.941689079772035,28,-88,0.001869,51,2025-08-06 00:40:32.000058,52,1.037,0.0011,"aoml_navis",1024.40629560047
"7901009",78,0.446564592319368,1,0.442953,1,0.420525,1,200.081786142019,1,4.88030045916014,54,1,25.7740001678467,36.5779991149902,0.442952990531921,0.429870009422302,192.938293457031,-88.1547,27.5395,16.5391823513399,63,63,63,63,61,63,0.420525,7591,0.941689079772035,28,-88,0.001869,51,2025-08-06 00:40:32.000058,54,1.037,0.0011,"aoml_navis",1024.52708431408
"7901009",78,0.438625666233691,4,0.435477,1,0.413049,1,205.968566273698,1,4.87978955406161,56,1,25.378999710083,36.5460014343262,0.435476988554001,0.422394007444382,198.614898681641,-88.1547,27.5395,16.5391823513399,63,63,63,63,61,63,0.413049,7591,0.941689079772035,28,-88,0.001869,51,2025-08-06 00:40:32.000058,56,1.037,0.0011,"aoml_navis",1024.63435043799
"7901009",78,0.500152343397692,1,0.493416,1,0.470988,1,207.585293813558,1,4.87932971841396,58.0999984741211,1,25.0410003662109,36.523998260498,0.493416011333466,0.480333000421524,200.173904418945,-88.1547,27.5395,16.5391823513399,63,63,63,63,61,63,0.470988,7591,0.941689079772035,28,-88,0.001869,51,2025-08-06 00:40:32.000058,58.0999984741211,1.037,0.0011,"aoml_navis",1024.73091357828
"7901009",78,0.456488249926465,1,0.452298,1,0.42987,1,207.197438074361,1,4.87905523140517,59.9000015258789,1,24.882999420166,36.5260009765625,0.452297985553741,0.439215004444122,199.799896240234,-88.1547,27.5395,16.5391823513399,63,63,63,63,61,63,0.42987,7591,0.941689079772035,28,-88,0.001869,51,2025-08-06 00:40:32.000058,59.9000015258789,1.037,0.0011,"aoml_navis",1024.78856312516
"7901009",78,0.454503518405046,1,0.450429,1,0.428001,1,205.856265177004,1,4.87876726450622,61.9000015258789,1,24.6979999542236,36.5200004577637,0.450428992509842,0.437346011400223,198.506607055664,-88.1547,27.5395,16.5391823513399,63,63,63,63,61,63,0.428001,7591,0.941689079772035,28,-88,0.001869,51,2025-08-06 00:40:32.000058,61.9000015258789,1.037,0.0011,"aoml_navis",1024.84905077882
"7901009",78,0.438625666233691,1,0.435477,1,0.413049,1,202.09382240354,1,4.8782129550866,64,1,24.371000289917,36.5309982299805,0.435476988554001,0.422394007444382,194.878494262695,-88.1547,27.5395,16.5391823513399,63,63,63,63,61,63,0.413049,7591,0.941689079772035,28,-88,0.001869,51,2025-08-06 00:40:32.000058,64,1.037,0.0011,"aoml_navis",1024.96550397342
"7901009",78,0.428702008626594,4,0.426132,1,0.403704,1,200.804804559684,1,4.87773277819846,66,1,24.0639991760254,36.5309982299805,0.426131993532181,0.413049012422562,193.635498046875,-88.1547,27.5395,16.5391823513399,63,63,63,63,61,63,0.403704,7591,0.941689079772035,28,-88,0.001869,51,2025-08-06 00:40:32.000058,66,1.037,0.0011,"aoml_navis",1025.06640428275
"7901009",78,0.436640934712271,1,0.433608,1,0.41118,1,198.673093337716,1,4.87731126781311,68.0999984741211,1,23.7999992370605,36.5320014953613,0.433607995510101,0.420525014400482,191.579895019531,-88.1547,27.5395,16.5391823513399,63,63,63,63,61,63,0.41118,7591,0.941689079772035,28,-88,0.001869,51,2025-08-06 00:40:32.000058,68.0999984741211,1.037,0.0011,"aoml_navis",1025.15499328422
"7901009",78,0.460457712969304,1,0.456036,1,0.433608,1,196.603300418039,1,4.87693346656896,70,1,23.6110000610352,36.5519981384277,0.456036001443863,0.442952990531921,189.583999633789,-88.1547,27.5395,16.5391823513399,63,63,63,63,61,63,0.433608,7591,0.941689079772035,28,-88,0.001869,51,2025-08-06 00:40:32.000058,70,1.037,0.0011,"aoml_navis",1025.2344089323
"7901009",78,0.47435083361924,1,0.469119,1,0.446691,1,194.761749152402,1,4.87680378268249,72,1,23.5890007019043,36.568000793457,0.469119012355804,0.456036001443863,187.808197021484,-88.1547,27.5395,16.5391823513399,63,63,63,63,61,63,0.446691,7591,0.941689079772035,28,-88,0.001869,51,2025-08-06 00:40:32.000058,72,1.037,0.0011,"aoml_navis",1025.26167194895
"7901009",78,0.494198148833434,1,0.487809,1,0.465381,1,193.071710216038,1,4.87671414361164,74,1,23.5979995727539,36.5849990844727,0.487809002399445,0.474725991487503,186.178497314453,-88.1547,27.5395,16.5391823513399,63,63,63,63,61,63,0.465381,7591,0.941689079772035,28,-88,0.001869,51,2025-08-06 00:40:32.000058,74,1.037,0.0011,"aoml_navis",1025.2805173233
"7901009",78,0.555724825997436,1,0.545748,1,0.52332,1,192.149375944637,1,4.8766358408946,76,1,23.5919990539551,36.5929985046387,0.545747995376587,0.532665014266968,185.289093017578,-88.1547,27.5395,16.5391823513399,63,63,63,63,61,63,0.52332,7591,0.941689079772035,28,-88,0.001869,51,2025-08-06 00:40:32.000058,76,1.037,0.0011,"aoml_navis",1025.29697995304
"7901009",78,0.496182880354854,4,0.489678,1,0.46725,1,193.660749010523,1,4.87612547418403,78,1,23.2259998321533,36.5810012817383,0.489677995443344,0.476595014333725,186.746505737305,-88.1547,27.5395,16.5391823513399,63,63,63,63,61,63,0.46725,7591,0.941689079772035,28,-88,0.001869,51,2025-08-06 00:40:32.000058,78,1.037,0.0011,"aoml_navis",1025.40429414128
"7901009",78,0.516030195569048,4,0.508368,1,0.48594,1,193.337501609751,1,4.87560258977396,80.0999984741211,1,22.8330001831055,36.5629997253418,0.508368015289307,0.495285004377365,186.434799194336,-88.1547,27.5395,16.5391823513399,63,63,63,63,61,63,0.48594,7591,0.941689079772035,28,-88,0.001869,51,2025-08-06 00:40:32.000058,80.0999984741211,1.037,0.0011,"aoml_navis",1025.51426371111
"7901009",78,0.527938584697564,1,0.519582,1,0.497154,1,191.392257363046,1,4.87521627479209,82,1,22.5960006713867,36.5690002441406,0.519581973552704,0.506498992443085,184.559005737305,-88.1547,27.5395,16.5391823513399,63,63,63,63,61,63,0.497154,7591,0.941689079772035,28,-88,0.001869,51,2025-08-06 00:40:32.000058,82,1.037,0.0011,"aoml_navis",1025.59552605966
"7901009",78,0.537862242304661,1,0.528927,1,0.506499,1,188.053969992837,1,4.87502409094206,83.9000015258789,1,22.4839992523193,36.5690002441406,0.528927028179169,0.515843987464905,181.339904785156,-88.1547,27.5395,16.5391823513399,63,63,63,63,61,63,0.506499,7591,0.941689079772035,28,-88,0.001869,51,2025-08-06 00:40:32.000058,83.9000015258789,1.037,0.0011,"aoml_navis",1025.6359572233
"7901009",78,0.557709557518856,1,0.547617,1,0.525189,1,181.058815855525,1,4.87469600588462,86,1,22.2800006866455,36.5709991455078,0.547617018222809,0.534533977508545,174.594497680664,-88.1547,27.5395,16.5391823513399,63,63,63,63,61,63,0.525189,7591,0.941689079772035,28,-88,0.001869,51,2025-08-06 00:40:32.000058,86,1.037,0.0011,"aoml_navis",1025.70498631384
"7901009",78,0.593434724904405,1,0.581259,1,0.558831,1,174.381418280525,1,4.87425807998406,88,1,22.0240001678467,36.5849990844727,0.58125901222229,0.568175971508026,168.155502319336,-88.1547,27.5395,16.5391823513399,63,63,63,63,61,63,0.558831,7591,0.941689079772035,28,-88,0.001869,51,2025-08-06 00:40:32.000058,88,1.037,0.0011,"aoml_navis",1025.79714039605
"7901009",78,0.631144623811374,1,0.61677,1,0.594342,1,166.15335728835,1,4.87401744893069,90,1,21.9160003662109,36.5999984741211,0.616770029067993,0.603686988353729,160.221206665039,-88.1547,27.5395,16.5391823513399,63,63,63,63,61,63,0.594342,7591,0.941689079772035,28,-88,0.001869,51,2025-08-06 00:40:32.000058,90,1.037,0.0011,"aoml_navis",1025.84778417175
"7901009",78,0.740304857489442,1,0.719565,1,0.697137,1,157.881828477009,1,4.87361518295487,92,1,21.7490005493164,36.6380004882812,0.719564974308014,0.706481993198395,152.244995117188,-88.1547,27.5395,16.5391823513399,63,63,63,63,61,63,0.697137,7591,0.941689079772035,28,-88,0.001869,51,2025-08-06 00:40:32.000058,92,1.037,0.0011,"aoml_navis",1025.93245718028
"7901009",78,0.670839254239762,1,0.65415,1,0.631722,1,154.598924203662,1,4.87317766589707,94,1,21.5330009460449,36.6679992675781,0.654150009155273,0.641067028045654,149.079299926758,-88.1547,27.5395,16.5391823513399,63,63,63,63,61,63,0.631722,7591,0.941689079772035,28,-88,0.001869,51,2025-08-06 00:40:32.000058,94,1.037,0.0011,"aoml_navis",1026.02456606301
"7901009",78,0.684732374889698,1,0.667233,1,0.644805,1,153.23793998137,1,4.87299622036317,96,1,21.5090007781982,36.6980018615723,0.667232990264893,0.654150009155273,147.766906738281,-88.1547,27.5395,16.5391823513399,63,63,63,63,61,63,0.644805,7591,0.941689079772035,28,-88,0.001869,51,2025-08-06 00:40:32.000058,96,1.037,0.0011,"aoml_navis",1026.06276998659
"7901009",78,0.617251503161438,1,0.603687,1,0.581259,1,151.588330705716,1,4.87291981183834,98,1,21.4769992828369,36.6959991455078,0.603686988353729,0.59060400724411,146.176193237305,-88.1547,27.5395,16.5391823513399,63,63,63,63,61,63,0.581259,7591,0.941689079772035,28,-88,0.001869,51,2025-08-06 00:40:32.000058,98,1.037,0.0011,"aoml_navis",1026.07885889132
"7901009",78,0.531908047740403,1,0.52332,1,0.500892,1,149.312069600936,1,4.87267562785124,100,1,21.257999420166,36.6720008850098,0.523320019245148,0.510236978530884,143.981201171875,-88.1547,27.5395,16.5391823513399,63,63,63,63,61,63,0.500892,7591,0.941689079772035,28,-88,0.001869,51,2025-08-06 00:40:32.000058,100,1.037,0.0011,"aoml_navis",1026.13027869555
"7901009",78,0.488243954269176,1,0.482202,1,0.459774,1,147.072408811312,1,4.87250379888509,102,1,21.1009998321533,36.6510009765625,0.482201993465424,0.469119012355804,141.821502685547,-88.1547,27.5395,16.5391823513399,63,63,63,63,61,63,0.459774,7591,0.941689079772035,28,-88,0.001869,51,2025-08-06 00:40:32.000058,102,1.037,0.0011,"aoml_navis",1026.16646520503
"7901009",78,0.450534055362207,4,0.446691,1,0.424263,1,143.760467971467,1,4.87227880972184,104,1,20.9330005645752,36.640998840332,0.446691006422043,0.433607995510101,138.627807617188,-88.1547,27.5395,16.5391823513399,63,63,63,63,61,63,0.424263,7591,0.941689079772035,28,-88,0.001869,51,2025-08-06 00:40:32.000058,104,1.037,0.0011,"aoml_navis",1026.21385090346
"7901009",78,0.460457712969304,1,0.456036,1,0.433608,1,141.343565448142,1,4.87198486263145,106,1,20.6720008850098,36.617000579834,0.456036001443863,0.442952990531921,136.29719543457,-88.1547,27.5395,16.5391823513399,63,63,63,63,61,63,0.433608,7591,0.941689079772035,28,-88,0.001869,51,2025-08-06 00:40:32.000058,106,1.037,0.0011,"aoml_navis",1026.27576664912
"7901009",78,0.452518786883627,1,0.44856,1,0.426132,1,139.316702340404,1,4.8716917382653,108,1,20.386999130249,36.5849990844727,0.448559999465942,0.435476988554001,134.342697143555,-88.1547,27.5395,16.5391823513399,63,63,63,63,61,63,0.426132,7591,0.941689079772035,28,-88,0.001869,51,2025-08-06 00:40:32.000058,108,1.037,0.0011,"aoml_navis",1026.33751654007
"7901009",78,0.442595129276529,4,0.439215,1,0.416787,1,139.087115668297,1,4.87137583082376,110,1,20.0729999542236,36.5499992370605,0.439215004444122,0.426131993532181,134.121307373047,-88.1547,27.5395,16.5391823513399,63,63,63,63,61,63,0.416787,7591,0.941689079772035,28,-88,0.001869,51,2025-08-06 00:40:32.000058,110,1.037,0.0011,"aoml_navis",1026.40407425811
"7901009",78,0.438625666233691,1,0.435477,1,0.413049,1,137.837498941924,1,4.87121935132042,112,1,19.988000869751,36.5519981384277,0.435476988554001,0.422394007444382,132.916305541992,-88.1547,27.5395,16.5391823513399,63,63,63,63,61,63,0.413049,7591,0.941689079772035,28,-88,0.001869,51,2025-08-06 00:40:32.000058,112,1.037,0.0011,"aoml_navis",1026.43704571519
"7901009",78,0.454503518405046,1,0.450429,1,0.428001,1,136.595651672853,1,4.87102925174177,114,1,19.9220008850098,36.5699996948242,0.450428992509842,0.437346011400223,131.718795776367,-88.1547,27.5395,16.5391823513399,63,63,63,63,61,63,0.428001,7591,0.941689079772035,28,-88,0.001869,51,2025-08-06 00:40:32.000058,114,1.037,0.0011,"aoml_navis",1026.47710403548
"7901009",78,0.416793619498077,4,0.414918,1,0.39249,1,135.841318069848,1,4.87087948484643,116,1,19.8619995117188,36.5789985656738,0.414918005466461,0.40183499455452,130.991394042969,-88.1547,27.5395,16.5391823513399,63,63,63,63,61,63,0.39249,7591,0.941689079772035,28,-88,0.001869,51,2025-08-06 00:40:32.000058,116,1.037,0.0011,"aoml_navis",1026.50866554085
"7901009",78,0.478320296662079,1,0.472857,1,0.450429,1,135.281331665603,1,4.87078690349852,118,1,19.8299999237061,36.5820007324219,0.472856998443604,0.459773987531662,130.451400756836,-88.1547,27.5395,16.5391823513399,63,63,63,63,61,63,0.450429,7591,0.941689079772035,28,-88,0.001869,51,2025-08-06 00:40:32.000058,118,1.037,0.0011,"aoml_navis",1026.52817687603
"7901009",78,0.420763082540916,1,0.418656,1,0.396228,1,135.21972983815,1,4.87064866473257,120,1,19.7329998016357,36.5750007629395,0.41865599155426,0.405573010444641,130.391998291016,-88.1547,27.5395,16.5391823513399,63,63,63,63,61,63,0.396228,7591,0.941689079772035,28,-88,0.001869,51,2025-08-06 00:40:32.000058,120,1.037,0.0011,"aoml_navis",1026.55731180203
"7901009",78,0.412824156455238,1,0.41118,1,0.388752,1,135.807407790826,1,4.87051677638003,122,1,19.6350002288818,36.5660018920898,0.41117998957634,0.398097008466721,130.958694458008,-88.1547,27.5395,16.5391823513399,63,63,63,63,61,63,0.388752,7591,0.941689079772035,28,-88,0.001869,51,2025-08-06 00:40:32.000058,122,1.037,0.0011,"aoml_navis",1026.58510986923
"7901009",78,0.37312952602685,4,0.3738,1,0.351372,1,136.409295463783,1,4.87040022957845,124,1,19.5200004577637,36.5470008850098,0.373800009489059,0.360716998577118,131.539093017578,-88.1547,27.5395,16.5391823513399,63,63,63,63,61,63,0.351372,7591,0.941689079772035,28,-88,0.001869,51,2025-08-06 00:40:32.000058,124,1.037,0.0011,"aoml_navis",1026.6096756555
"7901009",78,0.389007378198205,4,0.388752,1,0.366324,1,137.335474904481,1,4.87020963517947,126,1,19.3129997253418,36.5169982910156,0.388752013444901,0.375669002532959,132.432205200195,-88.1547,27.5395,16.5391823513399,63,63,63,63,61,63,0.366324,7591,0.941689079772035,28,-88,0.001869,51,2025-08-06 00:40:32.000058,126,1.037,0.0011,"aoml_navis",1026.64985176059
"7901009",78,0.410839424933819,1,0.409311,1,0.386883,1,137.967854928196,1,4.8701021345026,128,1,19.2479991912842,36.5130004882812,0.40931099653244,0.396227985620499,133.042007446289,-88.1547,27.5395,16.5391823513399,63,63,63,63,61,63,0.386883,7591,0.941689079772035,28,-88,0.001869,51,2025-08-06 00:40:32.000058,128,1.037,0.0011,"aoml_navis",1026.67251361673
"7901009",78,0.454503518405046,1,0.450429,1,0.428001,1,138.411584300256,1,4.86998773104471,130,1,19.1889991760254,36.5130004882812,0.450428992509842,0.437346011400223,133.46989440918,-88.1547,27.5395,16.5391823513399,63,63,63,63,61,63,0.428001,7591,0.941689079772035,28,-88,0.001869,51,2025-08-06 00:40:32.000058,130,1.037,0.0011,"aoml_navis",1026.69663172383
"7901009",78,0.426717277105174,1,0.424263,1,0.401835,1,138.670745546087,1,4.8698500844826,132,1,19.1140003204346,36.5139999389648,0.424263000488281,0.41117998957634,133.719802856445,-88.1547,27.5395,16.5391823513399,63,63,63,63,61,63,0.401835,7591,0.941689079772035,28,-88,0.001869,51,2025-08-06 00:40:32.000058,132,1.037,0.0011,"aoml_navis",1026.72565135673
"7901009",78,0.381068452112528,1,0.381276,1,0.358848,1,138.513220194869,1,4.86964446548008,134,1,19.0160007476807,36.5260009765625,0.38127601146698,0.368193000555038,133.567901611328,-88.1547,27.5395,16.5391823513399,63,63,63,63,61,63,0.358848,7591,0.941689079772035,28,-88,0.001869,51,2025-08-06 00:40:32.000058,134,1.037,0.0011,"aoml_navis",1026.76900448154
"7901009",78,0.357251673855495,4,0.358848,1,0.33642,1,137.134181083,1,4.86957488455301,136,1,18.996000289917,36.5270004272461,0.358848005533218,0.345764994621277,132.238098144531,-88.1547,27.5395,16.5391823513399,63,63,63,63,61,63,0.33642,7591,0.941689079772035,28,-88,0.001869,51,2025-08-06 00:40:32.000058,136,1.037,0.0011,"aoml_navis",1026.7836758935
"7901009",78,0.371144794505431,1,0.371931,1,0.349503,1,134.540685599393,1,4.86949071122662,138,1,18.9080009460449,36.5089988708496,0.371930986642838,0.358848005533218,129.737197875977,-88.1547,27.5395,16.5391823513399,63,63,63,63,61,63,0.349503,7591,0.941689079772035,28,-88,0.001869,51,2025-08-06 00:40:32.000058,138,1.037,0.0011,"aoml_navis",1026.80142473062
"7901009",78,0.323511237991365,1,0.327075,1,0.304647,1,133.081071993461,1,4.86939511821367,140,1,18.753999710083,36.4720001220703,0.327075004577637,0.313991993665695,128.329696655273,-88.1547,27.5395,16.5391823513399,63,63,63,63,61,63,0.304647,7591,0.941689079772035,28,-88,0.001869,51,2025-08-06 00:40:32.000058,140,1.037,0.0011,"aoml_navis",1026.8215822737
"7901009",78,0.256030366263104,1,0.263529,1,0.241101,1,133.3168932199,1,4.8692981973564,142,1,18.6189994812012,36.4420013427734,0.263529002666473,0.250445991754532,128.557098388672,-88.1547,27.5395,16.5391823513399,63,63,63,63,61,63,0.241101,7591,0.941689079772035,28,-88,0.001869,51,2025-08-06 00:40:32.000058,142,1.037,0.0011,"aoml_navis",1026.84202062518
"7901009",78,0.23618305104891,1,0.244839,1,0.222411,1,133.85553339624,1,4.86917061247724,144,1,18.4729995727539,36.4169998168945,0.244838997721672,0.231756001710892,129.076507568359,-88.1547,27.5395,16.5391823513399,63,63,63,63,61,63,0.222411,7591,0.941689079772035,28,-88,0.001869,51,2025-08-06 00:40:32.000058,144,1.037,0.0011,"aoml_navis",1026.86892654521
"7901009",78,0.109160233678068,1,0.125223,1,0.102795,1,133.398717789578,1,4.8689763894958,146,1,18.2980003356934,36.4010009765625,0.125222995877266,0.112139999866486,128.636001586914,-88.1547,27.5395,16.5391823513399,63,63,63,63,61,63,0.102795,7591,0.941689079772035,28,-88,0.001869,51,2025-08-06 00:40:32.000058,146,1.037,0.0011,"aoml_navis",1026.90988824404
"7901009",78,0.0754197978139377,1,0.09345,1,0.071022,1,132.757001758107,1,4.8687558428817,148,1,18.0389995574951,36.3650016784668,0.0934500023722649,0.0803669989109039,128.017196655273,-88.1547,27.5395,16.5391823513399,63,63,63,63,61,63,0.071022,7591,0.941689079772035,28,-88,0.001869,51,2025-08-06 00:40:32.000058,148,1.037,0.0011,"aoml_navis",1026.95640556924
"7901009",78,0.0694656032496795,1,0.087843,1,0.065415,1,131.90944257934,1,4.86864715532988,150,1,17.9060001373291,36.3400001525879,0.0878430008888245,0.0747599974274635,127.199897766113,-88.1547,27.5395,16.5391823513399,63,63,63,63,61,63,0.065415,7591,0.941689079772035,28,-88,0.001869,51,2025-08-06 00:40:32.000058,150,1.037,0.0011,"aoml_navis",1026.97933131719
"7901009",78,0.057557214121163,1,0.076629,1,0.054201,1,131.052341684172,1,4.86851717372436,152,1,17.742000579834,36.3110008239746,0.0766289979219437,0.0635460019111633,126.373397827148,-88.1547,27.5395,16.5391823513399,63,63,63,63,61,63,0.054201,7591,0.941689079772035,28,-88,0.001869,51,2025-08-06 00:40:32.000058,152,1.037,0.0011,"aoml_navis",1027.00675001934
"7901009",78,0.0535877510783242,1,0.072891,1,0.050463,1,130.506145671045,1,4.86836502939492,154,1,17.5550003051758,36.2809982299805,0.0728909969329834,0.0598080009222031,125.846702575684,-88.1547,27.5395,16.5391823513399,63,63,63,63,61,63,0.050463,7591,0.941689079772035,28,-88,0.001869,51,2025-08-06 00:40:32.000058,154,1.037,0.0011,"aoml_navis",1027.03884565152
"7901009",78,0.0516030195569048,1,0.071022,1,0.048594,1,129.866502549771,1,4.86821215900436,156,1,17.363000869751,36.25,0.0710219964385033,0.0579390004277229,125.22989654541,-88.1547,27.5395,16.5391823513399,63,63,63,63,61,63,0.048594,7591,0.941689079772035,28,-88,0.001869,51,2025-08-06 00:40:32.000058,156,1.037,0.0011,"aoml_navis",1027.07109647058
"7901009",78,0.0456488249926465,1,0.065415,1,0.042987,1,129.566286605422,1,4.86801188754507,158,1,17.0970001220703,36.2089996337891,0.0654150024056435,0.0523319989442825,124.940399169922,-88.1547,27.5395,16.5391823513399,63,63,63,63,61,63,0.042987,7591,0.941689079772035,28,-88,0.001869,51,2025-08-06 00:40:32.000058,158,1.037,0.0011,"aoml_navis",1027.11335048146
"7901009",78,0.0377098989069689,1,0.057939,1,0.035511,1,129.548453248233,1,4.86781625565657,160,1,16.8419990539551,36.1710014343262,0.0579390004277229,0.0448560006916523,124.923202514648,-88.1547,27.5395,16.5391823513399,63,63,63,63,61,63,0.035511,7591,0.941689079772035,28,-88,0.001869,51,2025-08-06 00:40:32.000058,160,1.037,0.0011,"aoml_navis",1027.15462897554
"7901009",78,0.0377098989069689,1,0.057939,1,0.035511,1,129.551562613528,1,4.8676761745013,162,1,16.6690006256104,36.1440010070801,0.0579390004277229,0.0448560006916523,124.926200866699,-88.1547,27.5395,16.5391823513399,63,63,63,63,61,63,0.035511,7591,0.941689079772035,28,-88,0.001869,51,2025-08-06 00:40:32.000058,162,1.037,0.0011,"aoml_navis",1027.18418825637
"7901009",78,0.0357251673855495,1,0.05607,1,0.033642,1,129.754818579012,1,4.8674720879538,164,1,16.4249992370605,36.1129989624023,0.0560699999332428,0.0429870001971722,125.122200012207,-88.1547,27.5395,16.5391823513399,63,63,63,63,61,63,0.033642,7591,0.941689079772035,28,-88,0.001869,51,2025-08-06 00:40:32.000058,164,1.037,0.0011,"aoml_navis",1027.22725670563
"7901009",78,0.0277862412998718,1,0.048594,1,0.026166,1,130.159566162753,1,4.86729939819587,166,1,16.2199993133545,36.0859985351562,0.0485940016806126,0.0355109982192516,125.512496948242,-88.1547,27.5395,16.5391823513399,63,63,63,63,61,63,0.026166,7591,0.941689079772035,28,-88,0.001869,51,2025-08-06 00:40:32.000058,166,1.037,0.0011,"aoml_navis",1027.26370230139
"7901009",78,0.0357251673855495,1,0.05607,1,0.033642,1,130.35494190474,1,4.86718194183738,168,1,16.1060009002686,36.0719985961914,0.0560699999332428,0.0429870001971722,125.700897216797,-88.1547,27.5395,16.5391823513399,63,63,63,63,61,63,0.033642,7591,0.941689079772035,28,-88,0.001869,51,2025-08-06 00:40:32.000058,168,1.037,0.0011,"aoml_navis",1027.28849255068
"7901009",78,0.0178625836927747,1,0.039249,1,0.016821,1,130.361065692879,1,4.86703245796874,170,1,15.9460000991821,36.0530014038086,0.0392489992082119,0.0261659994721413,125.706802368164,-88.1547,27.5395,16.5391823513399,63,63,63,63,61,63,0.016821,7591,0.941689079772035,28,-88,0.001869,51,2025-08-06 00:40:32.000058,170,1.037,0.0011,"aoml_navis",1027.3200442322
"7901009",78,0.0218320467356136,1,0.042987,1,0.020559,1,130.383464199625,1,4.86689098474958,172,1,15.7790002822876,36.0299987792969,0.0429870001971722,0.0299040004611015,125.728401184082,-88.1547,27.5395,16.5391823513399,63,63,63,63,61,63,0.020559,7591,0.941689079772035,28,-88,0.001869,51,2025-08-06 00:40:32.000058,172,1.037,0.0011,"aoml_navis",1027.3499068846
"7901009",78,0.0178625836927747,1,0.039249,1,0.016821,1,130.268971514668,1,4.86676229184157,174,1,15.6260004043579,36.007999420166,0.0392489992082119,0.0261659994721413,125.61799621582,-88.1547,27.5395,16.5391823513399,63,63,63,63,61,63,0.016821,7591,0.941689079772035,28,-88,0.001869,51,2025-08-06 00:40:32.000058,174,1.037,0.0011,"aoml_navis",1027.37707333308
"7901009",78,0.0158778521713553,1,0.03738,1,0.014952,1,129.649978376652,1,4.86669141018194,176,1,15.5590000152588,35.9959983825684,0.0373799987137318,0.0242970008403063,125.021102905273,-88.1547,27.5395,16.5391823513399,63,63,63,63,61,63,0.014952,7591,0.941689079772035,28,-88,0.001869,51,2025-08-06 00:40:32.000058,176,1.037,0.0011,"aoml_navis",1027.39203672112
"7901009",78,0.0119083891285165,1,0.033642,1,0.011214,1,129.506449125198,1,4.8665408814946,178,1,15.3540000915527,35.9650001525879,0.0336420014500618,0.020558999851346,124.882698059082,-88.1547,27.5395,16.5391823513399,63,63,63,63,61,63,0.011214,7591,0.941689079772035,28,-88,0.001869,51,2025-08-06 00:40:32.000058,178,1.037,0.0011,"aoml_navis",1027.42381534549
"7901009",78,0.0119083891285165,1,0.033642,1,0.011214,1,129.484256327099,1,4.86638187748689,180,1,15.1529998779297,35.9379997253418,0.0336420014500618,0.020558999851346,124.861297607422,-88.1547,27.5395,16.5391823513399,63,63,63,63,61,63,0.011214,7591,0.941689079772035,28,-88,0.001869,51,2025-08-06 00:40:32.000058,180,1.037,0.0011,"aoml_navis",1027.45738535877
"7901009",78,0.00992365760709707,1,0.031773,1,0.009345,1,129.132811018153,1,4.86629664287863,182,1,15.0609998703003,35.9230003356934,0.0317730009555817,0.0186899993568659,124.522399902344,-88.1547,27.5395,16.5391823513399,63,63,63,63,61,63,0.009345,7591,0.941689079772035,28,-88,0.001869,51,2025-08-06 00:40:32.000058,182,1.037,0.0011,"aoml_navis",1027.47538157523
"7901009",78,0.00992365760709707,1,0.031773,1,0.009345,1,128.164848986808,1,4.86624949982185,184,1,15.0319995880127,35.9160003662109,0.0317730009555817,0.0186899993568659,123.588996887207,-88.1547,27.5395,16.5391823513399,63,63,63,63,61,63,0.009345,7591,0.941689079772035,28,-88,0.001869,51,2025-08-06 00:40:32.000058,184,1.037,0.0011,"aoml_navis",1027.48533551004
"7901009",78,0.00992365760709707,1,0.031773,1,0.009345,1,126.425345033075,1,4.86617936848987,186,1,14.9709997177124,35.9059982299805,0.0317730009555817,0.0186899993568659,121.911598205566,-88.1547,27.5395,16.5391823513399,63,63,63,63,61,63,0.009345,7591,0.941689079772035,28,-88,0.001869,51,2025-08-06 00:40:32.000058,186,1.037,0.0011,"aoml_navis",1027.50014361917
"7901009",78,0.0317557043427106,1,0.052332,1,0.029904,1,125.076901126287,1,4.86603223128788,188,1,14.7919998168945,35.882999420166,0.0523319989442825,0.0392489992082119,120.611297607422,-88.1547,27.5395,16.5391823513399,63,63,63,63,61,63,0.029904,7591,0.941689079772035,28,-88,0.001869,51,2025-08-06 00:40:32.000058,188,1.037,0.0011,"aoml_navis",1027.53121277141
"7901009",78,0.00595419456425824,1,0.028035,1,0.005607,1,123.527693493373,1,4.86597067665018,190,1,14.7489995956421,35.8759994506836,0.0280349999666214,0.0149520002305508,119.117401123047,-88.1547,27.5395,16.5391823513399,63,63,63,63,61,63,0.005607,7591,0.941689079772035,28,-88,0.001869,51,2025-08-06 00:40:32.000058,190,1.037,0.0011,"aoml_navis",1027.54421106419
"7901009",78,0,1,0.022428,1,0,1,123.140984975468,1,4.86590125418786,192,1,14.6879997253418,35.8660011291504,0.0224280003458261,0.00934499967843294,118.744499206543,-88.1547,27.5395,16.5391823513399,63,63,63,63,61,63,0,7591,0.941689079772035,28,-88,0.001869,51,2025-08-06 00:40:32.000058,192,1.037,0.0011,"aoml_navis",1027.55887117453
"7901009",78,0,1,0.022428,1,0,1,124.554551492295,1,4.86583986294048,194,1,14.6379995346069,35.8569984436035,0.0224280003458261,0.00934499967843294,120.107597351074,-88.1547,27.5395,16.5391823513399,63,63,63,63,61,63,0,7591,0.941689079772035,28,-88,0.001869,51,2025-08-06 00:40:32.000058,194,1.037,0.0011,"aoml_navis",1027.57183566219
"7901009",78,0,1,0.022428,1,0,1,126.751907507788,1,4.86577385353513,196,1,14.5799999237061,35.8470001220703,0.0224280003458261,0.00934499967843294,122.226501464844,-88.1547,27.5395,16.5391823513399,63,63,63,63,61,63,0,7591,0.941689079772035,28,-88,0.001869,51,2025-08-06 00:40:32.000058,196,1.037,0.0011,"aoml_navis",1027.58577576871
"7901009",78,0.00396946304283883,1,0.026166,1,0.003738,1,127.596151612614,1,4.86567168427945,198,1,14.4519996643066,35.8269996643066,0.0261659994721413,0.0130829997360706,123.040603637695,-88.1547,27.5395,16.5391823513399,63,63,63,63,61,63,0.003738,7591,0.941689079772035,28,-88,0.001869,51,2025-08-06 00:40:32.000058,198,1.037,0.0011,"aoml_navis",1027.60735298984
"7901009",78,0.00198473152141941,1,0.024297,1,0.001869,1,127.535277677291,1,4.8656185269393,200,1,14.4130001068115,35.8190002441406,0.0242970008403063,0.0112140001729131,122.981903076172,-88.1547,27.5395,16.5391823513399,63,63,63,63,61,63,0.001869,7591,0.941689079772035,28,-88,0.001869,51,2025-08-06 00:40:32.000058,200,1.037,0.0011,"aoml_navis",1027.61857969684
"7901009",78,0.00396946304283883,1,0.026166,1,0.003738,1,127.248852124062,1,4.86556848703114,202,1,14.3839998245239,35.8129997253418,0.0261659994721413,0.0130829997360706,122.705703735352,-88.1547,27.5395,16.5391823513399,63,63,63,63,61,63,0.003738,7591,0.941689079772035,28,-88,0.001869,51,2025-08-06 00:40:32.000058,202,1.037,0.0011,"aoml_navis",1027.62914823359
"7901009",78,0.00992365760709707,1,0.031773,1,0.009345,1,126.866597989519,1,4.86550710004957,204,1,14.3439998626709,35.806999206543,0.0317730009555817,0.0186899993568659,122.337097167969,-88.1547,27.5395,16.5391823513399,63,63,63,63,61,63,0.009345,7591,0.941689079772035,28,-88,0.001869,51,2025-08-06 00:40:32.000058,204,1.037,0.0011,"aoml_navis",1027.64211359368
"7901009",78,0.00396946304283883,1,0.026166,1,0.003738,1,126.403255089298,1,4.86545149244899,206,1,14.3059997558594,35.7999992370605,0.0261659994721413,0.0130829997360706,121.890296936035,-88.1547,27.5395,16.5391823513399,63,63,63,63,61,63,0.003738,7591,0.941689079772035,28,-88,0.001869,51,2025-08-06 00:40:32.000058,206,1.037,0.0011,"aoml_navis",1027.65385859048
"7901009",78,0.00793892608567766,1,0.029904,1,0.007476,1,125.883603403311,1,4.8653949119086,208,1,14.2670001983643,35.7929992675781,0.0299040004611015,0.0168210007250309,121.389198303223,-88.1547,27.5395,16.5391823513399,63,63,63,63,61,63,0.007476,7591,0.941689079772035,28,-88,0.001869,51,2025-08-06 00:40:32.000058,208,1.037,0.0011,"aoml_navis",1027.66580935947
"7901009",78,0.00793892608567766,1,0.029904,1,0.007476,1,125.10687129356,1,4.86534569285537,210,1,14.2279996871948,35.7840003967285,0.0299040004611015,0.0168210007250309,120.640197753906,-88.1547,27.5395,16.5391823513399,63,63,63,63,61,63,0.007476,7591,0.941689079772035,28,-88,0.001869,51,2025-08-06 00:40:32.000058,210,1.037,0.0011,"aoml_navis",1027.67620548369
"7901009",78,0.00992365760709707,1,0.031773,1,0.009345,1,124.302455547249,1,4.86524821924033,212,1,14.1169996261597,35.7680015563965,0.0317730009555817,0.0186899993568659,119.864501953125,-88.1547,27.5395,16.5391823513399,63,63,63,63,61,63,0.009345,7591,0.941689079772035,28,-88,0.001869,51,2025-08-06 00:40:32.000058,212,1.037,0.0011,"aoml_navis",1027.69679463152
"7901009",78,0.00396946304283883,1,0.026166,1,0.003738,1,123.88027811174,1,4.86512244742341,214,1,13.9309997558594,35.7389984130859,0.0261659994721413,0.0130829997360706,119.457397460938,-88.1547,27.5395,16.5391823513399,63,63,63,63,61,63,0.003738,7591,0.941689079772035,28,-88,0.001869,51,2025-08-06 00:40:32.000058,214,1.037,0.0011,"aoml_navis",1027.72336236841
"7901009",78,0.00595419456425824,1,0.028035,1,0.005607,1,123.880175257417,1,4.86499342104746,216,1,13.7329998016357,35.7080001831055,0.0280349999666214,0.0149520002305508,119.457298278809,-88.1547,27.5395,16.5391823513399,63,63,63,63,61,63,0.005607,7591,0.941689079772035,28,-88,0.001869,51,2025-08-06 00:40:32.000058,216,1.037,0.0011,"aoml_navis",1027.75061901799
"7901009",78,0.00396946304283883,1,0.026166,1,0.003738,1,123.888055480913,1,4.8648913016808,218,1,13.6040000915527,35.6889991760254,0.0261659994721413,0.0130829997360706,119.464897155762,-88.1547,27.5395,16.5391823513399,63,63,63,63,61,63,0.003738,7591,0.941689079772035,28,-88,0.001869,51,2025-08-06 00:40:32.000058,218,1.037,0.0011,"aoml_navis",1027.77219262279
"7901009",78,0.00198473152141941,1,0.024297,1,0.001869,1,123.828328766883,1,4.86482748961764,220,1,13.5419998168945,35.6780014038086,0.0242970008403063,0.0112140001729131,119.407302856445,-88.1547,27.5395,16.5391823513399,63,63,63,63,61,63,0.001869,7591,0.941689079772035,28,-88,0.001869,51,2025-08-06 00:40:32.000058,220,1.037,0.0011,"aoml_navis",1027.7856739362
"7901009",78,0.00793892608567766,1,0.029904,1,0.007476,1,124.023807363194,1,4.86475191451342,222,1,13.4569997787476,35.6640014648438,0.0299040004611015,0.0168210007250309,119.595802307129,-88.1547,27.5395,16.5391823513399,63,63,63,63,61,63,0.007476,7591,0.941689079772035,28,-88,0.001869,51,2025-08-06 00:40:32.000058,222,1.037,0.0011,"aoml_navis",1027.80164083662
"7901009",78,0.00198473152141941,1,0.024297,1,0.001869,1,124.255997040853,1,4.86467597249018,224,1,13.375,35.6510009765625,0.0242970008403063,0.0112140001729131,119.819702148438,-88.1547,27.5395,16.5391823513399,63,63,63,63,61,63,0.001869,7591,0.941689079772035,28,-88,0.001869,51,2025-08-06 00:40:32.000058,224,1.037,0.0011,"aoml_navis",1027.81768575648
"7901009",78,0,1,0.022428,1,0,1,124.377017019368,1,4.86459706199653,226,1,13.28600025177,35.6370010375977,0.0224280003458261,0.00934499967843294,119.936401367188,-88.1547,27.5395,16.5391823513399,63,63,63,63,61,63,0,7591,0.941689079772035,28,-88,0.001869,51,2025-08-06 00:40:32.000058,226,1.037,0.0011,"aoml_navis",1027.83435838114
"7901009",78,-0.00198473152141941,1,0.020559,1,-0.001869,1,124.294986741044,1,4.86455485269845,228,1,13.2709999084473,35.632999420166,0.020558999851346,0.00747600011527538,119.857299804688,-88.1547,27.5395,16.5391823513399,63,63,63,63,61,63,-0.001869,7591,0.941689079772035,28,-88,0.001869,51,2025-08-06 00:40:32.000058,228,1.037,0.0011,"aoml_navis",1027.84327680598
"7901009",78,0,1,0.022428,1,0,1,124.197923907857,1,4.86451025829487,230,1,13.2609996795654,35.6310005187988,0.0224280003458261,0,119.763702392578,-88.1547,27.5395,16.5391823513399,63,63,63,63,61,63,0,7591,0.941689079772035,28,-88,0.001869,51,2025-08-06 00:40:32.000058,230,1.037,0.0011,"aoml_navis",1027.85269934915
"7901009",78,0,1,0.01869,1,-0.003738,1,123.916055592313,1,4.86446539245066,232,1,13.2469997406006,35.6279983520508,0.0186899993568659,0,119.491897583008,-88.1547,27.5395,16.5391823513399,63,63,63,63,61,63,0,7591,0.941689079772035,28,-88,0.001869,51,2025-08-06 00:40:32.000058,232,1.037,0.0011,"aoml_navis",1027.86217942051
"7901009",78,0,1,0.020559,1,-0.001869,1,123.649022034856,1,4.86440418068723,234,1,13.2089996337891,35.6230010986328,0.020558999851346,0,119.234397888184,-88.1547,27.5395,16.5391823513399,63,63,63,63,61,63,0,7591,0.941689079772035,28,-88,0.001869,51,2025-08-06 00:40:32.000058,234,1.037,0.0011,"aoml_navis",1027.87511363696
"7901009",78,0,1,0.024297,1,0.001869,1,123.431042077477,1,4.86434374882052,236,1,13.1680002212524,35.617000579834,0.0242970008403063,0,119.024200439453,-88.1547,27.5395,16.5391823513399,63,63,63,63,61,63,0,7591,0.941689079772035,28,-88,0.001869,51,2025-08-06 00:40:32.000058,236,1.037,0.0011,"aoml_navis",1027.88788337839
"7901009",78,0,1,0.022428,1,0,1,123.160685534209,1,4.86429838430653,238,1,13.1459999084473,35.6119995117188,0.0224280003458261,0,118.763496398926,-88.1547,27.5395,16.5391823513399,63,63,63,63,61,63,0,7591,0.941689079772035,28,-88,0.001869,51,2025-08-06 00:40:32.000058,238,1.037,0.0011,"aoml_navis",1027.897469475
"7901009",78,0,1,0.026166,1,0.003738,1,123.028573112579,1,4.86420614869729,240,1,13.0500001907349,35.5999984741211,0.0261659994721413,0,118.636100769043,-88.1547,27.5395,16.5391823513399,63,63,63,63,61,63,0,7591,0.941689079772035,28,-88,0.001869,51,2025-08-06 00:40:32.000058,240,1.037,0.0011,"aoml_navis",1027.91696057929
"7901009",78,0,1,0.024297,1,0.001869,1,122.989369791872,1,4.86412891435465,242,1,12.9689998626709,35.5880012512207,0.0242970008403063,0,118.598297119141,-88.1547,27.5395,16.5391823513399,63,63,63,63,61,63,0,7591,0.941689079772035,28,-88,0.001869,51,2025-08-06 00:40:32.000058,242,1.037,0.0011,"aoml_navis",1027.93328220483
"7901009",78,0,1,0.022428,1,0,1,122.919476323632,1,4.86408006362054,244,1,12.9469995498657,35.5839996337891,0.0224280003458261,0,118.530899047852,-88.1547,27.5395,16.5391823513399,63,63,63,63,61,63,0,7591,0.941689079772035,28,-88,0.001869,51,2025-08-06 00:40:32.000058,244,1.037,0.0011,"aoml_navis",1027.94360590321
"7901009",78,0,1,0.022428,1,0,1,122.782593043801,1,4.86403460443431,246,1,12.9359998703003,35.5820007324219,0.0224280003458261,0,118.398902893066,-88.1547,27.5395,16.5391823513399,63,63,63,63,61,63,0,7591,0.941689079772035,28,-88,0.001869,51,2025-08-06 00:40:32.000058,246,1.037,0.0011,"aoml_navis",1027.95321304699
"7901009",78,0,1,0.022428,1,0,1,122.679612131122,1,4.86398434784215,248,1,12.9049997329712,35.576000213623,0.0224280003458261,0,118.299598693848,-88.1547,27.5395,16.5391823513399,63,63,63,63,61,63,0,7591,0.941689079772035,28,-88,0.001869,51,2025-08-06 00:40:32.000058,248,1.037,0.0011,"aoml_navis",1027.96383426238
"7901009",78,0,1,0.020559,1,-0.001869,1,122.582857860903,1,4.86393099400615,250,1,12.8669996261597,35.5690002441406,0.020558999851346,0,118.206298828125,-88.1547,27.5395,16.5391823513399,63,63,63,63,61,63,0,7591,0.941689079772035,28,-88,0.001869,51,2025-08-06 00:40:32.000058,250,1.037,0.0011,"aoml_navis",1027.97511028868
"7901009",78,0,1,0.022428,1,0,1,122.493366688245,1,4.86386855427219,252,1,12.8120002746582,35.560001373291,0.0224280003458261,0,118.120002746582,-88.1547,27.5395,16.5391823513399,63,63,63,63,61,63,0,7591,0.941689079772035,28,-88,0.001869,51,2025-08-06 00:40:32.000058,252,1.037,0.0011,"aoml_navis",1027.98830688141
"7901009",78,0,1,0.024297,1,0.001869,1,122.447216744817,1,4.86380142735886,254,1,12.7519998550415,35.5509986877441,0.0242970008403063,0,118.075500488281,-88.1547,27.5395,16.5391823513399,63,63,63,63,61,63,0,7591,0.941689079772035,28,-88,0.001869,51,2025-08-06 00:40:32.000058,254,1.037,0.0011,"aoml_navis",1028.00249448405
"7901009",78,0,1,0.022428,1,0,1,122.304415385493,1,4.86374579952262,256,1,12.7189998626709,35.5460014343262,0.0224280003458261,0,117.937797546387,-88.1547,27.5395,16.5391823513399,63,63,63,63,61,63,0,7591,0.941689079772035,28,-88,0.001869,51,2025-08-06 00:40:32.000058,256,1.037,0.0011,"aoml_navis",1028.01425199704
"7901009",78,0,1,0.022428,1,0,1,122.210256208956,1,4.86368083046901,258,1,12.66100025177,35.5369987487793,0.0224280003458261,0,117.84700012207,-88.1547,27.5395,16.5391823513399,63,63,63,63,61,63,0,7591,0.941689079772035,28,-88,0.001869,51,2025-08-06 00:40:32.000058,258,1.037,0.0011,"aoml_navis",1028.02798421249
"7901009",78,0,1,0.026166,1,0.003738,1,122.155292441256,1,4.86362707846869,260,1,12.6260004043579,35.5309982299805,0.0261659994721413,0,117.793998718262,-88.1547,27.5395,16.5391823513399,63,63,63,63,61,63,0,7591,0.941689079772035,28,-88,0.001869,51,2025-08-06 00:40:32.000058,260,1.037,0.0011,"aoml_navis",1028.03934580738
"7901009",78,0,1,0.022428,1,0,1,122.075857256614,1,4.86357179259087,262,1,12.5970001220703,35.5270004272461,0.0224280003458261,0,117.717399597168,-88.1547,27.5395,16.5391823513399,63,63,63,63,61,63,0,7591,0.941689079772035,28,-88,0.001869,51,2025-08-06 00:40:32.000058,262,1.037,0.0011,"aoml_navis",1028.05103188092
"7901009",78,0,1,0.024297,1,0.001869,1,121.982315206013,1,4.86351942706696,264,1,12.5710000991821,35.5229988098145,0.0242970008403063,0,117.627197265625,-88.1547,27.5395,16.5391823513399,63,63,63,63,61,63,0,7591,0.941689079772035,28,-88,0.001869,51,2025-08-06 00:40:32.000058,264,1.037,0.0011,"aoml_navis",1028.06210090855
"7901009",78,0,1,0.020559,1,-0.001869,1,121.807059351928,1,4.8634709008966,266,1,12.548999786377,35.5190010070801,0.020558999851346,0,117.458198547363,-88.1547,27.5395,16.5391823513399,63,63,63,63,61,63,0,7591,0.941689079772035,28,-88,0.001869,51,2025-08-06 00:40:32.000058,266,1.037,0.0011,"aoml_navis",1028.07235858617
"7901009",78,0,1,0.026166,1,0.003738,1,121.671315381519,1,4.86341650981369,268,1,12.5170001983643,35.5139999389648,0.0261659994721413,0,117.327301025391,-88.1547,27.5395,16.5391823513399,63,63,63,63,61,63,0,7591,0.941689079772035,28,-88,0.001869,51,2025-08-06 00:40:32.000058,268,1.037,0.0011,"aoml_navis",1028.08385625839
"7901009",78,0,1,0.022428,1,0,1,121.287613374587,1,4.86337265925562,270,1,12.496000289917,35.5089988708496,0.0224280003458261,0,116.957298278809,-88.1547,27.5395,16.5391823513399,63,63,63,63,61,63,0,7591,0.941689079772035,28,-88,0.001869,51,2025-08-06 00:40:32.000058,270,1.037,0.0011,"aoml_navis",1028.09312596771
"7901009",78,0,1,0.024297,1,0.001869,1,120.891157431634,1,4.86330996122116,272,1,12.4359998703003,35.4990005493164,0.0242970008403063,0,116.574996948242,-88.1547,27.5395,16.5391823513399,63,63,63,63,61,63,0,7591,0.941689079772035,28,-88,0.001869,51,2025-08-06 00:40:32.000058,272,1.037,0.0011,"aoml_navis",1028.10638019554
"7901009",78,0,1,0.024297,1,0.001869,1,120.690393705508,1,4.86323253596045,274,1,12.3409996032715,35.484001159668,0.0242970008403063,0,116.381401062012,-88.1547,27.5395,16.5391823513399,63,63,63,63,61,63,0,7591,0.941689079772035,28,-88,0.001869,51,2025-08-06 00:40:32.000058,274,1.037,0.0011,"aoml_navis",1028.1227481985
"7901009",78,0,1,0.022428,1,0,1,120.650470404542,1,4.86315962940419,276,1,12.2620000839233,35.4720001220703,0.0224280003458261,0,116.342903137207,-88.1547,27.5395,16.5391823513399,63,63,63,63,61,63,0,7591,0.941689079772035,28,-88,0.001869,51,2025-08-06 00:40:32.000058,276,1.037,0.0011,"aoml_navis",1028.1381614061
"7901009",78,0,1,0.022428,1,0,1,120.607224117763,1,4.8631066669441,278,1,12.2349996566772,35.4679985046387,0.0224280003458261,0,116.301200866699,-88.1547,27.5395,16.5391823513399,63,63,63,63,61,63,0,7591,0.941689079772035,28,-88,0.001869,51,2025-08-06 00:40:32.000058,278,1.037,0.0011,"aoml_navis",1028.14935851323
"7901009",78,0,1,0.022428,1,0,1,120.555472569681,1,4.86305958927716,280,1,12.2220001220703,35.4659996032715,0.0224280003458261,0,116.25129699707,-88.1547,27.5395,16.5391823513399,63,63,63,63,61,63,0,7591,0.941689079772035,28,-88,0.001869,51,2025-08-06 00:40:32.000058,280,1.037,0.0011,"aoml_navis",1028.15931168616
"7901009",78,0,1,0.026166,1,0.003738,1,120.500405947658,1,4.86301922387288,282,1,12.2200002670288,35.4650001525879,0.0261659994721413,0,116.198196411133,-88.1547,27.5395,16.5391823513399,63,63,63,63,61,63,0,7591,0.941689079772035,28,-88,0.001869,51,2025-08-06 00:40:32.000058,282,1.037,0.0011,"aoml_navis",1028.16784590418
"7901009",78,0,1,0.024297,1,0.001869,1,120.324841530605,1,4.86297226088161,284,1,12.2110004425049,35.4640007019043,0.0242970008403063,0,116.028900146484,-88.1547,27.5395,16.5391823513399,63,63,63,63,61,63,0,7591,0.941689079772035,28,-88,0.001869,51,2025-08-06 00:40:32.000058,284,1.037,0.0011,"aoml_navis",1028.17777518919
"7901009",78,0,1,0.022428,1,0,1,120.159538810213,1,4.86292510267694,286,1,12.1940002441406,35.4609985351562,0.0224280003458261,0,115.869499206543,-88.1547,27.5395,16.5391823513399,63,63,63,63,61,63,0,7591,0.941689079772035,28,-88,0.001869,51,2025-08-06 00:40:32.000058,286,1.037,0.0011,"aoml_navis",1028.18774594073
"7901009",78,0,1,0.024297,1,0.001869,1,119.905884226584,1,4.86287407423298,288,1,12.168999671936,35.4570007324219,0.0242970008403063,0,115.624900817871,-88.1547,27.5395,16.5391823513399,63,63,63,63,61,63,0,7591,0.941689079772035,28,-88,0.001869,51,2025-08-06 00:40:32.000058,288,1.037,0.0011,"aoml_navis",1028.19853520238
"7901009",78,0,1,0.028035,1,0.005607,1,119.698371674512,1,4.86281631604117,290,1,12.128999710083,35.451000213623,0.0280349999666214,0,115.424797058105,-88.1547,27.5395,16.5391823513399,63,63,63,63,61,63,0,7591,0.941689079772035,28,-88,0.001869,51,2025-08-06 00:40:32.000058,290,1.037,0.0011,"aoml_navis",1028.21074764973
"7901009",78,0,1,0.028035,1,0.005607,1,119.641334996615,1,4.86275385072929,292,1,12.0799999237061,35.4440002441406,0.0280349999666214,0,115.36979675293,-88.1547,27.5395,16.5391823513399,63,63,63,63,61,63,0,7591,0.941689079772035,28,-88,0.001869,51,2025-08-06 00:40:32.000058,292,1.037,0.0011,"aoml_navis",1028.22395570159
"7901009",78,0,1,0.022428,1,0,1,119.546970111433,1,4.86270482149552,294,1,12.0570001602173,35.439998626709,0.0224280003458261,0,115.278800964355,-88.1547,27.5395,16.5391823513399,63,63,63,63,61,63,0,7591,0.941689079772035,28,-88,0.001869,51,2025-08-06 00:40:32.000058,294,1.037,0.0011,"aoml_navis",1028.2343229837
"7901009",78,0,1,0.022428,1,0,1,119.348999275763,1,4.86265790697851,296,1,12.0480003356934,35.4389991760254,0.0224280003458261,0,115.087898254395,-88.1547,27.5395,16.5391823513399,63,63,63,63,61,63,0,7591,0.941689079772035,28,-88,0.001869,51,2025-08-06 00:40:32.000058,296,1.037,0.0011,"aoml_navis",1028.24424330249
"7901009",78,0,1,0.026166,1,0.003738,1,119.139935996979,1,4.86261457930888,298,1,12.0349998474121,35.4360008239746,0.0261659994721413,0,114.886299133301,-88.1547,27.5395,16.5391823513399,63,63,63,63,61,63,0,7591,0.941689079772035,28,-88,0.001869,51,2025-08-06 00:40:32.000058,298,1.037,0.0011,"aoml_navis",1028.25340533377
"7901009",78,0,1,0.022428,1,0,1,118.704490353836,1,4.8625676095109,300,1,12.0220003128052,35.4339981079102,0.0224280003458261,0,114.466400146484,-88.1547,27.5395,16.5391823513399,63,63,63,63,61,63,0,7591,0.941689079772035,28,-88,0.001869,51,2025-08-06 00:40:32.000058,300,1.037,0.0011,"aoml_navis",1028.26333771078
"7901009",78,0,1,0.024297,1,0.001869,1,118.13868872442,1,4.862511215115,302,1,11.9949998855591,35.4309997558594,0.0242970008403063,0,113.920799255371,-88.1547,27.5395,16.5391823513399,63,63,63,63,61,63,0,7591,0.941689079772035,28,-88,0.001869,51,2025-08-06 00:40:32.000058,302,1.037,0.0011,"aoml_navis",1028.27526329556
"7901009",78,0,1,0.026166,1,0.003738,1,117.614266180232,1,4.86246051606261,304,1,11.9779996871948,35.4290008544922,0.0261659994721413,0,113.415100097656,-88.1547,27.5395,16.5391823513399,63,63,63,63,61,63,0,7591,0.941689079772035,28,-88,0.001869,51,2025-08-06 00:40:32.000058,304,1.037,0.0011,"aoml_navis",1028.28598473613
"7901009",78,0,1,0.029904,1,0.007476,1,117.42894642626,1,4.86239275335043,306,1,11.9230003356934,35.4220008850098,0.0299040004611015,0,113.236396789551,-88.1547,27.5395,16.5391823513399,63,63,63,63,61,63,0,7591,0.941689079772035,28,-88,0.001869,51,2025-08-06 00:40:32.000058,306,1.037,0.0011,"aoml_navis",1028.30031501564
"7901009",78,0,1,0.026166,1,0.003738,1,117.753016661614,1,4.8623277698783,308,1,11.8590002059937,35.4119987487793,0.0261659994721413,0,113.548896789551,-88.1547,27.5395,16.5391823513399,63,63,63,63,61,63,0,7591,0.941689079772035,28,-88,0.001869,51,2025-08-06 00:40:32.000058,308,1.037,0.0011,"aoml_navis",1028.31405792398
"7901009",78,0,1,0.026166,1,0.003738,1,118.00148896975,1,4.86227042999937,310,1,11.8109998703003,35.4039993286133,0.0261659994721413,0,113.788497924805,-88.1547,27.5395,16.5391823513399,63,63,63,63,61,63,0,7591,0.941689079772035,28,-88,0.001869,51,2025-08-06 00:40:32.000058,310,1.037,0.0011,"aoml_navis",1028.32618464635
"7901009",78,0,1,0.024297,1,0.001869,1,118.05862850197,1,4.86222153696863,312,1,11.7760000228882,35.3969993591309,0.0242970008403063,0,113.843597412109,-88.1547,27.5395,16.5391823513399,63,63,63,63,61,63,0,7591,0.941689079772035,28,-88,0.001869,51,2025-08-06 00:40:32.000058,312,1.037,0.0011,"aoml_navis",1028.33652518377
"7901009",78,0,1,0.024297,1,0.001869,1,118.02109458604,1,4.86215875885215,314,1,11.706000328064,35.3849983215332,0.0242970008403063,0,113.807403564453,-88.1547,27.5395,16.5391823513399,63,63,63,63,61,63,0,7591,0.941689079772035,28,-88,0.001869,51,2025-08-06 00:40:32.000058,314,1.037,0.0011,"aoml_navis",1028.34980262561
"7901009",78,0,1,0.026166,1,0.003738,1,117.987492869986,1,4.86209162318004,316,1,11.6470003128052,35.3769989013672,0.0261659994721413,0,113.775001525879,-88.1547,27.5395,16.5391823513399,63,63,63,63,61,63,0,7591,0.941689079772035,28,-88,0.001869,51,2025-08-06 00:40:32.000058,316,1.037,0.0011,"aoml_navis",1028.36400206086
"7901009",78,0,1,0.026166,1,0.003738,1,117.875595278712,1,4.86204755216947,318,1,11.625,35.3720016479492,0.0261659994721413,0,113.667098999023,-88.1547,27.5395,16.5391823513399,63,63,63,63,61,63,0,7591,0.941689079772035,28,-88,0.001869,51,2025-08-06 00:40:32.000058,318,1.037,0.0011,"aoml_navis",1028.37332345073
"7901009",78,0,1,0.026166,1,0.003738,1,117.774275858938,1,4.86198976531594,320,1,11.5920000076294,35.3680000305176,0.0261659994721413,0,113.569396972656,-88.1547,27.5395,16.5391823513399,63,63,63,63,61,63,0,7591,0.941689079772035,28,-88,0.001869,51,2025-08-06 00:40:32.000058,320,1.037,0.0011,"aoml_navis",1028.38554611295
"7901009",78,0,1,0.026166,1,0.003738,1,117.687585488606,1,4.86193386475498,322,1,11.5530004501343,35.3619995117188,0.0261659994721413,0,113.485801696777,-88.1547,27.5395,16.5391823513399,63,63,63,63,61,63,0,7591,0.941689079772035,28,-88,0.001869,51,2025-08-06 00:40:32.000058,322,1.037,0.0011,"aoml_navis",1028.39737007652
"7901009",78,0,1,0.026166,1,0.003738,1,117.585538176702,1,4.86188346699418,324,1,11.5279998779297,35.3580017089844,0.0261659994721413,0,113.387397766113,-88.1547,27.5395,16.5391823513399,63,63,63,63,61,63,0,7591,0.941689079772035,28,-88,0.001869,51,2025-08-06 00:40:32.000058,324,1.037,0.0011,"aoml_navis",1028.40803033299
"7901009",78,0,1,0.024297,1,0.001869,1,117.537109614432,1,4.86182582558161,326,1,11.4910001754761,35.3530006408691,0.0242970008403063,0,113.340698242188,-88.1547,27.5395,16.5391823513399,63,63,63,63,61,63,0,7591,0.941689079772035,28,-88,0.001869,51,2025-08-06 00:40:32.000058,326,1.037,0.0011,"aoml_navis",1028.42022305517
"7901009",78,0,1,0.024297,1,0.001869,1,117.517306201368,1,4.86177094841615,328,1,11.4610004425049,35.3489990234375,0.0242970008403063,0,113.321601867676,-88.1547,27.5395,16.5391823513399,63,63,63,63,61,63,0,7591,0.941689079772035,28,-88,0.001869,51,2025-08-06 00:40:32.000058,328,1.037,0.0011,"aoml_navis",1028.43183133275
"7901009",78,0,1,0.026166,1,0.003738,1,117.415781072949,1,4.8617269610895,330,1,11.451000213623,35.3470001220703,0.0261659994721413,0,113.223701477051,-88.1547,27.5395,16.5391823513399,63,63,63,63,61,63,0,7591,0.941689079772035,28,-88,0.001869,51,2025-08-06 00:40:32.000058,330,1.037,0.0011,"aoml_navis",1028.44113624997
"7901009",78,0,1,0.029904,1,0.007476,1,117.32556200816,1,4.86167481543612,332,1,11.4280004501343,35.3440017700195,0.0299040004611015,0,113.136703491211,-88.1547,27.5395,16.5391823513399,63,63,63,63,61,63,0,7591,0.941689079772035,28,-88,0.001869,51,2025-08-06 00:40:32.000058,332,1.037,0.0011,"aoml_navis",1028.45216716772
"7901009",78,0,1,0.026166,1,0.003738,1,117.357082902146,1,4.8616209520419,334,1,11.3950004577637,35.3390007019043,0.0261659994721413,0,113.167098999023,-88.1547,27.5395,16.5391823513399,63,63,63,63,61,63,0,7591,0.941689079772035,28,-88,0.001869,51,2025-08-06 00:40:32.000058,334,1.037,0.0011,"aoml_navis",1028.46356170569
"7901009",78,0,1,0.020559,1,-0.001869,1,117.290093090555,1,4.86157335588699,336,1,11.3809995651245,35.3370018005371,0.020558999851346,0,113.102500915527,-88.1547,27.5395,16.5391823513399,63,63,63,63,61,63,0,7591,0.941689079772035,28,-88,0.001869,51,2025-08-06 00:40:32.000058,336,1.037,0.0011,"aoml_navis",1028.47363064992
"7901009",78,0,1,0.024297,1,0.001869,1,117.237202233052,1,4.86152672746262,338,1,11.3640003204346,35.3339996337891,0.0242970008403063,0,113.051498413086,-88.1547,27.5395,16.5391823513399,63,63,63,63,61,63,0,7591,0.941689079772035,28,-88,0.001869,51,2025-08-06 00:40:32.000058,338,1.037,0.0011,"aoml_navis",1028.48349506239
"7901009",78,0,1,0.026166,1,0.003738,1,117.153929790984,1,4.86147461570821,340,1,11.3450002670288,35.3320007324219,0.0261659994721413,0,112.971199035645,-88.1547,27.5395,16.5391823513399,63,63,63,63,61,63,0,7591,0.941689079772035,28,-88,0.001869,51,2025-08-06 00:40:32.000058,340,1.037,0.0011,"aoml_navis",1028.49451971716
"7901009",78,0,1,0.026166,1,0.003738,1,117.114734382148,1,4.86142438692416,342,1,11.3240003585815,35.3289985656738,0.0261659994721413,0,112.933403015137,-88.1547,27.5395,16.5391823513399,63,63,63,63,61,63,0,7591,0.941689079772035,28,-88,0.001869,51,2025-08-06 00:40:32.000058,342,1.037,0.0011,"aoml_navis",1028.50514623833
"7901009",78,0,1,0.026166,1,0.003738,1,117.004703992424,1,4.86138316371999,344,1,11.3170003890991,35.3269996643066,0.0261659994721413,0,112.827301025391,-88.1547,27.5395,16.5391823513399,63,63,63,63,61,63,0,7591,0.941689079772035,28,-88,0.001869,51,2025-08-06 00:40:32.000058,344,1.037,0.0011,"aoml_navis",1028.51386768163
"7901009",78,0,1,0.020559,1,-0.001869,1,116.910544815887,1,4.86133022892397,346,1,11.2930002212524,35.3240013122559,0.020558999851346,0,112.736503601074,-88.1547,27.5395,16.5391823513399,63,63,63,63,61,63,0,7591,0.941689079772035,28,-88,0.001869,51,2025-08-06 00:40:32.000058,346,1.037,0.0011,"aoml_navis",1028.52506712072
"7901009",78,0,1,0.024297,1,0.001869,1,116.853191663151,1,4.86128370728535,348,1,11.2720003128052,35.3199996948242,0.0242970008403063,0,112.681198120117,-88.1547,27.5395,16.5391823513399,63,63,63,63,61,63,0,7591,0.941689079772035,28,-88,0.001869,51,2025-08-06 00:40:32.000058,348,1.037,0.0011,"aoml_navis",1028.53490992652
"7901009",78,0,1,0.026166,1,0.003738,1,116.797191440352,1,4.86123352162267,350,1,11.2510004043579,35.3170013427734,0.0261659994721413,0,112.627197265625,-88.1547,27.5395,16.5391823513399,63,63,63,63,61,63,0,7591,0.941689079772035,28,-88,0.001869,51,2025-08-06 00:40:32.000058,350,1.037,0.0011,"aoml_navis",1028.54552815867
"7901009",78,0,1,0.029904,1,0.007476,1,116.648384970955,1,4.86118601360172,352,1,11.2370004653931,35.314998626709,0.0299040004611015,0,112.483703613281,-88.1547,27.5395,16.5391823513399,63,63,63,63,61,63,0,7591,0.941689079772035,28,-88,0.001869,51,2025-08-06 00:40:32.000058,352,1.037,0.0011,"aoml_navis",1028.55558006007
"7901009",78,0,1,0.026166,1,0.003738,1,116.549447024346,1,4.86114216458066,354,1,11.2229995727539,35.3120002746582,0.0261659994721413,0,112.388298034668,-88.1547,27.5395,16.5391823513399,63,63,63,63,61,63,0,7591,0.941689079772035,28,-88,0.001869,51,2025-08-06 00:40:32.000058,354,1.037,0.0011,"aoml_navis",1028.56485795274
"7901009",78,0,1,0.028035,1,0.005607,1,116.470431168865,1,4.86108232591486,356,1,11.1789999008179,35.3059997558594,0.0280349999666214,0,112.312103271484,-88.1547,27.5395,16.5391823513399,63,63,63,63,61,63,0,7591,0.941689079772035,28,-88,0.001869,51,2025-08-06 00:40:32.000058,356,1.037,0.0011,"aoml_navis",1028.57751932004
"7901009",78,0,1,0.026166,1,0.003738,1,116.530988629349,1,4.86100918575042,358,1,11.1160001754761,35.298999786377,0.0261659994721413,0,112.370498657227,-88.1547,27.5395,16.5391823513399,63,63,63,63,61,63,0,7591,0.941689079772035,28,-88,0.001869,51,2025-08-06 00:40:32.000058,358,1.037,0.0011,"aoml_navis",1028.59299559791
"7901009",78,0,1,0.028035,1,0.005607,1,116.490440290575,1,4.86095904294828,360,1,11.0989999771118,35.2970008850098,0.0280349999666214,0,112.331398010254,-88.1547,27.5395,16.5391823513399,63,63,63,63,61,63,0,7591,0.941689079772035,28,-88,0.001869,51,2025-08-06 00:40:32.000058,360,1.037,0.0011,"aoml_navis",1028.6036059599
"7901009",78,0,1,0.024297,1,0.001869,1,116.339869473948,1,4.86091868321295,362,1,11.0970001220703,35.2960014343262,0.0242970008403063,0,112.18620300293,-88.1547,27.5395,16.5391823513399,63,63,63,63,61,63,0,7591,0.941689079772035,28,-88,0.001869,51,2025-08-06 00:40:32.000058,362,1.037,0.0011,"aoml_navis",1028.61214635566
"7901009",78,0,1,0.024297,1,0.001869,1,116.159629141146,1,4.86087573310875,364,1,11.0880002975464,35.2939987182617,0.0242970008403063,0,112.012397766113,-88.1547,27.5395,16.5391823513399,63,63,63,63,61,63,0,7591,0.941689079772035,28,-88,0.001869,51,2025-08-06 00:40:32.000058,364,1.037,0.0011,"aoml_navis",1028.62123504694
"7901009",78,0,1,0.026166,1,0.003738,1,116.001383809668,1,4.86083025563902,366,1,11.0679998397827,35.2900009155273,0.0261659994721413,0,111.859802246094,-88.1547,27.5395,16.5391823513399,63,63,63,63,61,63,0,7591,0.941689079772035,28,-88,0.001869,51,2025-08-06 00:40:32.000058,366,1.037,0.0011,"aoml_navis",1028.63085873026
"7901009",78,0,1,0.026166,1,0.003738,1,115.821459951705,1,4.86076899772395,368,1,11.0179996490479,35.2830009460449,0.0261659994721413,0,111.686302185059,-88.1547,27.5395,16.5391823513399,63,63,63,63,61,63,0,7591,0.941689079772035,28,-88,0.001869,51,2025-08-06 00:40:32.000058,368,1.037,0.0011,"aoml_navis",1028.64382206627
"7901009",78,0,1,0.026166,1,0.003738,1,115.729057210526,1,4.86070461735316,370,1,10.9519996643066,35.2729988098145,0.0261659994721413,0,111.597198486328,-88.1547,27.5395,16.5391823513399,63,63,63,63,61,63,0,7591,0.941689079772035,28,-88,0.001869,51,2025-08-06 00:40:32.000058,370,1.037,0.0011,"aoml_navis",1028.65744652525
"7901009",78,0,1,0.024297,1,0.001869,1,115.763901090323,1,4.86062762655253,372,1,10.8549995422363,35.2589988708496,0.0242970008403063,0,111.630798339844,-88.1547,27.5395,16.5391823513399,63,63,63,63,61,63,0,7591,0.941689079772035,28,-88,0.001869,51,2025-08-06 00:40:32.000058,372,1.037,0.0011,"aoml_navis",1028.67374013309
"7901009",78,0,1,0.022428,1,0,1,115.782881668805,1,4.86056227880275,374,1,10.8039999008179,35.2529983520508,0.0224280003458261,0,111.649101257324,-88.1547,27.5395,16.5391823513399,63,63,63,63,61,63,0,7591,0.941689079772035,28,-88,0.001869,51,2025-08-06 00:40:32.000058,374,1.037,0.0011,"aoml_navis",1028.6875701203
"7901009",78,0,1,0.024297,1,0.001869,1,115.742847601644,1,4.86051586677607,376,1,10.7910003662109,35.2509994506836,0.0242970008403063,0,111.610496520996,-88.1547,27.5395,16.5391823513399,63,63,63,63,61,63,0,7591,0.941689079772035,28,-88,0.001869,51,2025-08-06 00:40:32.000058,376,1.037,0.0011,"aoml_navis",1028.69739283794
"7901009",78,0,1,0.028035,1,0.005607,1,115.570495404209,1,4.86047373471579,378,1,10.7869997024536,35.25,0.0280349999666214,0,111.444297790527,-88.1547,27.5395,16.5391823513399,63,63,63,63,61,63,0,7591,0.941689079772035,28,-88,0.001869,51,2025-08-06 00:40:32.000058,378,1.037,0.0011,"aoml_navis",1028.7063098989
"7901009",78,0,1,0.026166,1,0.003738,1,115.559086486256,1,4.86041292800168,380,1,10.7410001754761,35.2439994812012,0.0261659994721413,0,111.433296203613,-88.1547,27.5395,16.5391823513399,63,63,63,63,61,63,0,7591,0.941689079772035,28,-88,0.001869,51,2025-08-06 00:40:32.000058,380,1.037,0.0011,"aoml_navis",1028.71917963886
"7901009",78,0,1,0.026166,1,0.003738,1,115.61747609409,1,4.86035908946629,382,1,10.7069997787476,35.2389984130859,0.0261659994721413,0,111.489601135254,-88.1547,27.5395,16.5391823513399,63,63,63,63,61,63,0,7591,0.941689079772035,28,-88,0.001869,51,2025-08-06 00:40:32.000058,382,1.037,0.0011,"aoml_navis",1028.7305748327
"7901009",78,0,1,0.024297,1,0.001869,1,115.594349695215,1,4.86031096513268,384,1,10.6920003890991,35.2369995117188,0.0242970008403063,0,111.467300415039,-88.1547,27.5395,16.5391823513399,63,63,63,63,61,63,0,7591,0.941689079772035,28,-88,0.001869,51,2025-08-06 00:40:32.000058,384,1.037,0.0011,"aoml_navis",1028.74076080099
"7901009",78,0,1,0.024297,1,0.001869,1,115.556807867413,1,4.86026497096628,386.100006103516,1,10.6859998703003,35.2360000610352,0.0242970008403063,0,111.431098937988,-88.1547,27.5395,16.5391823513399,63,63,63,63,61,63,0,7591,0.941689079772035,28,-88,0.001869,51,2025-08-06 00:40:32.000058,386.100006103516,1.037,0.0011,"aoml_navis",1028.75049608786
"7901009",78,0,1,0.029904,1,0.007476,1,115.509621468887,1,4.86022336251814,388,1,10.6759996414185,35.234001159668,0.0299040004611015,0,111.385597229004,-88.1547,27.5395,16.5391823513399,63,63,63,63,61,63,0,7591,0.941689079772035,28,-88,0.001869,51,2025-08-06 00:40:32.000058,388,1.037,0.0011,"aoml_navis",1028.75930323693
"7901009",78,0,1,0.026166,1,0.003738,1,115.546957588043,1,4.86016489944805,390,1,10.6450004577637,35.2309989929199,0.0261659994721413,0,111.421600341797,-88.1547,27.5395,16.5391823513399,63,63,63,63,61,63,0,7591,0.941689079772035,28,-88,0.001869,51,2025-08-06 00:40:32.000058,390,1.037,0.0011,"aoml_navis",1028.7716782136
"7901009",78,0,1,0.024297,1,0.001869,1,115.545818278622,1,4.86011083915745,392,1,10.6190004348755,35.2280006408691,0.0242970008403063,0,111.420501708984,-88.1547,27.5395,16.5391823513399,63,63,63,63,61,63,0,7591,0.941689079772035,28,-88,0.001869,51,2025-08-06 00:40:32.000058,392,1.037,0.0011,"aoml_navis",1028.78312151144
"7901009",78,0,1,0.024297,1,0.001869,1,115.480173485098,1,4.86006872496837,394,1,10.6149997711182,35.2270011901855,0.0242970008403063,0,111.357200622559,-88.1547,27.5395,16.5391823513399,63,63,63,63,61,63,0,7591,0.941689079772035,28,-88,0.001869,51,2025-08-06 00:40:32.000058,394,1.037,0.0011,"aoml_navis",1028.79203627569
"7901009",78,0,1,0.026166,1,0.003738,1,115.398451769742,1,4.86001803858329,396,1,10.5970001220703,35.2249984741211,0.0261659994721413,0,111.278396606445,-88.1547,27.5395,16.5391823513399,63,63,63,63,61,63,0,7591,0.941689079772035,28,-88,0.001869,51,2025-08-06 00:40:32.000058,396,1.037,0.0011,"aoml_navis",1028.80276581391
"7901009",78,0,1,0.026166,1,0.003738,1,115.334262760479,1,4.8599661191368,398,1,10.5649995803833,35.2200012207031,0.0261659994721413,0,111.216499328613,-88.1547,27.5395,16.5391823513399,63,63,63,63,61,63,0,7591,0.941689079772035,28,-88,0.001869,51,2025-08-06 00:40:32.000058,398,1.037,0.0011,"aoml_navis",1028.81375660456
"7901009",78,0,1,0.026166,1,0.003738,1,115.360292816004,1,4.85989631222069,400,1,10.503999710083,35.2130012512207,0.0261659994721413,0,111.241600036621,-88.1547,27.5395,16.5391823513399,63,63,63,63,61,63,0,7591,0.941689079772035,28,-88,0.001869,51,2025-08-06 00:40:32.000058,400,1.037,0.0011,"aoml_navis",1028.82853435103
"7901009",78,0,1,0.024297,1,0.001869,1,115.268000841019,1,4.85984763098343,402,1,10.4840002059937,35.2099990844727,0.0242970008403063,0,111.152603149414,-88.1547,27.5395,16.5391823513399,63,63,63,63,61,63,0,7591,0.941689079772035,28,-88,0.001869,51,2025-08-06 00:40:32.000058,402,1.037,0.0011,"aoml_navis",1028.83884015685
"7901009",78,0,1,0.029904,1,0.007476,1,115.250056717635,1,4.85979238378394,404,1,10.4479999542236,35.2050018310547,0.0299040004611015,0,111.135299682617,-88.1547,27.5395,16.5391823513399,63,63,63,63,61,63,0,7591,0.941689079772035,28,-88,0.001869,51,2025-08-06 00:40:32.000058,404,1.037,0.0011,"aoml_navis",1028.85053622536
"7901009",78,0,1,0.026166,1,0.003738,1,115.226724610114,1,4.85974047303456,406,1,10.4200000762939,35.201000213623,0.0261659994721413,0,111.112800598145,-88.1547,27.5395,16.5391823513399,63,63,63,63,61,63,0,7591,0.941689079772035,28,-88,0.001869,51,2025-08-06 00:40:32.000058,406,1.037,0.0011,"aoml_navis",1028.86152619542
"7901009",78,0,1,0.031773,1,0.009345,1,115.19271147677,1,4.85969010778722,408,1,10.3979997634888,35.1980018615723,0.0317730009555817,0,111.080001831055,-88.1547,27.5395,16.5391823513399,63,63,63,63,61,63,0,7591,0.941689079772035,28,-88,0.001869,51,2025-08-06 00:40:32.000058,408,1.037,0.0011,"aoml_navis",1028.87218919329
"7901009",78,0,1,0.024297,1,0.001869,1,115.151435245866,1,4.85964649796135,410,1,10.3879995346069,35.1959991455078,0.0242970008403063,0,111.040199279785,-88.1547,27.5395,16.5391823513399,63,63,63,63,61,63,0,7591,0.941689079772035,28,-88,0.001869,51,2025-08-06 00:40:32.000058,410,1.037,0.0011,"aoml_navis",1028.88142215643
"7901009",78,0,1,0.029904,1,0.007476,1,115.092950695579,1,4.8595950858867,412,1,10.3690004348755,35.1940002441406,0.0299040004611015,0,110.98380279541,-88.1547,27.5395,16.5391823513399,63,63,63,63,61,63,0,7591,0.941689079772035,28,-88,0.001869,51,2025-08-06 00:40:32.000058,412,1.037,0.0011,"aoml_navis",1028.89230720499
"7901009",78,0,1,0.028035,1,0.005607,1,115.037464744394,1,4.8595499514666,414,1,10.3529996871948,35.1910018920898,0.0280349999666214,0,110.930297851562,-88.1547,27.5395,16.5391823513399,63,63,63,63,61,63,0,7591,0.941689079772035,28,-88,0.001869,51,2025-08-06 00:40:32.000058,414,1.037,0.0011,"aoml_navis",1028.90186332811
"7901009",78,0,1,0.026166,1,0.003738,1,114.919142713884,1,4.85950808808352,416,1,10.3450002670288,35.1889991760254,0.0261659994721413,0,110.816200256348,-88.1547,27.5395,16.5391823513399,63,63,63,63,61,63,0,7591,0.941689079772035,28,-88,0.001869,51,2025-08-06 00:40:32.000058,416,1.037,0.0011,"aoml_navis",1028.91072704684
"7901009",78,0,1,0.029904,1,0.007476,1,114.938012526172,1,4.85944528090831,418,1,10.3000001907349,35.1839981079102,0.0299040004611015,0,110.834396362305,-88.1547,27.5395,16.5391823513399,63,63,63,63,61,63,0,7591,0.941689079772035,28,-88,0.001869,51,2025-08-06 00:40:32.000058,418,1.037,0.0011,"aoml_navis",1028.92402547342
"7901009",78,0,1,0.026166,1,0.003738,1,114.906697340831,1,4.85939673908271,420,1,10.2799997329712,35.1809997558594,0.0261659994721413,0,110.80419921875,-88.1547,27.5395,16.5391823513399,63,63,63,63,61,63,0,7591,0.941689079772035,28,-88,0.001869,51,2025-08-06 00:40:32.000058,420,1.037,0.0011,"aoml_navis",1028.93430367322
"7901009",78,0,1,0.029904,1,0.007476,1,114.87278706181,1,4.85935017584576,422,1,10.2580003738403,35.1769981384277,0.0299040004611015,0,110.771499633789,-88.1547,27.5395,16.5391823513399,63,63,63,63,61,63,0,7591,0.941689079772035,28,-88,0.001869,51,2025-08-06 00:40:32.000058,422,1.037,0.0011,"aoml_navis",1028.94416312151
"7901009",78,0,1,0.028035,1,0.005607,1,114.839501820596,1,4.85930166568407,424,1,10.2379999160767,35.173999786377,0.0280349999666214,0,110.739402770996,-88.1547,27.5395,16.5391823513399,63,63,63,63,61,63,0,7591,0.941689079772035,28,-88,0.001869,51,2025-08-06 00:40:32.000058,424,1.037,0.0011,"aoml_navis",1028.95443501883
"7901009",78,0,1,0.029904,1,0.007476,1,114.841155401631,1,4.85924396816809,426,1,10.2030000686646,35.1699981689453,0.0299040004611015,0,110.740997314453,-88.1547,27.5395,16.5391823513399,63,63,63,63,61,63,0,7591,0.941689079772035,28,-88,0.001869,51,2025-08-06 00:40:32.000058,426,1.037,0.0011,"aoml_navis",1028.96665258093
"7901009",78,0,1,0.029904,1,0.007476,1,114.73631519927,1,4.85919845765161,428,1,10.1949996948242,35.1689987182617,0.0299040004611015,0,110.63990020752,-88.1547,27.5395,16.5391823513399,63,63,63,63,61,63,0,7591,0.941689079772035,28,-88,0.001869,51,2025-08-06 00:40:32.000058,428,1.037,0.0011,"aoml_navis",1028.97628972669
"7901009",78,0,1,0.028035,1,0.005607,1,114.673471208074,1,4.85915404670278,430,1,10.1840000152588,35.1669998168945,0.0280349999666214,0,110.579299926758,-88.1547,27.5395,16.5391823513399,63,63,63,63,61,63,0,7591,0.941689079772035,28,-88,0.001869,51,2025-08-06 00:40:32.000058,430,1.037,0.0011,"aoml_navis",1028.98569420593
"7901009",78,0,1,0.028035,1,0.005607,1,114.616434530177,1,4.85910327593183,432,1,10.1569995880127,35.1629981994629,0.0280349999666214,0,110.524299621582,-88.1547,27.5395,16.5391823513399,63,63,63,63,61,63,0,7591,0.941689079772035,28,-88,0.001869,51,2025-08-06 00:40:32.000058,432,1.037,0.0011,"aoml_navis",1028.99644565409
"7901009",78,0,1,0.024297,1,0.001869,1,114.60855430668,1,4.85905166437162,434,1,10.128999710083,35.1590003967285,0.0242970008403063,0,110.516700744629,-88.1547,27.5395,16.5391823513399,63,63,63,63,61,63,0,7591,0.941689079772035,28,-88,0.001869,51,2025-08-06 00:40:32.000058,434,1.037,0.0011,"aoml_navis",1029.00737538188
"7901009",78,0,1,0.024297,1,0.001869,1,114.611869380621,1,4.85899693342182,436,1,10.0930004119873,35.1539993286133,0.0242970008403063,0,110.519897460938,-88.1547,27.5395,16.5391823513399,63,63,63,63,61,63,0,7591,0.941689079772035,28,-88,0.001869,51,2025-08-06 00:40:32.000058,436,1.037,0.0011,"aoml_navis",1029.01896595331
"7901009",78,0,1,0.026166,1,0.003738,1,114.66423805464,1,4.85893032027639,438,1,10.0430002212524,35.148998260498,0.0261659994721413,0,110.57039642334,-88.1547,27.5395,16.5391823513399,63,63,63,63,61,63,0,7591,0.941689079772035,28,-88,0.001869,51,2025-08-06 00:40:32.000058,438,1.037,0.0011,"aoml_navis",1029.03307321262
"7901009",78,0,1,0.028035,1,0.005607,1,114.674610517495,1,4.8588876707581,440,1,10.0340003967285,35.1469993591309,0.0280349999666214,0,110.58039855957,-88.1547,27.5395,16.5391823513399,63,63,63,63,61,63,0,7591,0.941689079772035,28,-88,0.001869,51,2025-08-06 00:40:32.000058,440,1.037,0.0011,"aoml_navis",1029.04210568422
"7901009",78,0,1,0.026166,1,0.003738,1,114.629188466197,1,4.85884279079518,442,1,10.0310001373291,35.1469993591309,0.0261659994721413,0,110.536598205566,-88.1547,27.5395,16.5391823513399,63,63,63,63,61,63,0,7591,0.941689079772035,28,-88,0.001869,51,2025-08-06 00:40:32.000058,442,1.037,0.0011,"aoml_navis",1029.05161069879
"7901009",78,0,1,0.028035,1,0.005607,1,114.634892925174,1,4.85879844299934,444,1,10.0200004577637,35.1450004577637,0.0280349999666214,0,110.542098999023,-88.1547,27.5395,16.5391823513399,63,63,63,63,61,63,0,7591,0.941689079772035,28,-88,0.001869,51,2025-08-06 00:40:32.000058,444,1.037,0.0011,"aoml_navis",1029.06100317952
"7901009",78,0,1,0.031773,1,0.009345,1,114.606062067321,1,4.85875127857932,446,1,10.0100002288818,35.1440010070801,0.0317730009555817,0,110.514297485352,-88.1547,27.5395,16.5391823513399,63,63,63,63,61,63,0,7591,0.941689079772035,28,-88,0.001869,51,2025-08-06 00:40:32.000058,446,1.037,0.0011,"aoml_navis",1029.0709923851
"7901009",78,0,1,0.026166,1,0.003738,1,114.498318208311,1,4.85870299941673,448,1,10.0030002593994,35.1440010070801,0.0261659994721413,0,110.410400390625,-88.1547,27.5395,16.5391823513399,63,63,63,63,61,63,0,7591,0.941689079772035,28,-88,0.001869,51,2025-08-06 00:40:32.000058,448,1.037,0.0011,"aoml_navis",1029.08121788886
"7901009",78,0,1,0.026166,1,0.003738,1,114.372938788886,1,4.85865129363086,450,1,9.97900009155273,35.140998840332,0.0261659994721413,0,110.289497375488,-88.1547,27.5395,16.5391823513399,63,63,63,63,61,63,0,7591,0.941689079772035,28,-88,0.001869,51,2025-08-06 00:40:32.000058,450,1.037,0.0011,"aoml_navis",1029.09216937516
"7901009",78,0,1,0.026166,1,0.003738,1,114.228380994205,1,4.85858489022999,452,1,9.94200038909912,35.1389999389648,0.0261659994721413,0,110.150100708008,-88.1547,27.5395,16.5391823513399,63,63,63,63,61,63,0,7591,0.941689079772035,28,-88,0.001869,51,2025-08-06 00:40:32.000058,452,1.037,0.0011,"aoml_navis",1029.10623421531
"7901009",78,0,1,0.028035,1,0.005607,1,113.887719565405,1,4.85853238485073,454,1,9.93000030517578,35.1389999389648,0.0280349999666214,0,109.821601867676,-88.1547,27.5395,16.5391823513399,63,63,63,63,61,63,0,7591,0.941689079772035,28,-88,0.001869,51,2025-08-06 00:40:32.000058,454,1.037,0.0011,"aoml_navis",1029.11735560112
"7901009",78,0,1,0.031773,1,0.009345,1,113.618296622913,1,4.85848525209587,456,1,9.92000007629395,35.1380004882812,0.0317730009555817,0,109.561798095703,-88.1547,27.5395,16.5391823513399,63,63,63,63,61,63,0,7591,0.941689079772035,28,-88,0.001869,51,2025-08-06 00:40:32.000058,456,1.037,0.0011,"aoml_navis",1029.12733919344
"7901009",78,0,1,0.028035,1,0.005607,1,113.386731983061,1,4.85843784122468,458,1,9.91399955749512,35.1380004882812,0.0280349999666214,0,109.338500976562,-88.1547,27.5395,16.5391823513399,63,63,63,63,61,63,0,7591,0.941689079772035,28,-88,0.001869,51,2025-08-06 00:40:32.000058,458,1.037,0.0011,"aoml_navis",1029.13738189138
"7901009",78,0,1,0.028035,1,0.005607,1,113.089103220523,1,4.85839495309606,460,1,9.90900039672852,35.1370010375977,0.0280349999666214,0,109.051498413086,-88.1547,27.5395,16.5391823513399,63,63,63,63,61,63,0,7591,0.941689079772035,28,-88,0.001869,51,2025-08-06 00:40:32.000058,460,1.037,0.0011,"aoml_navis",1029.14646673871
"7901009",78,0,1,0.026166,1,0.003738,1,112.695653788543,1,4.85834782903578,462,1,9.89900016784668,35.1360015869141,0.0261659994721413,0,108.672096252441,-88.1547,27.5395,16.5391823513399,63,63,63,63,61,63,0,7591,0.941689079772035,28,-88,0.001869,51,2025-08-06 00:40:32.000058,462,1.037,0.0011,"aoml_navis",1029.15644905407
"7901009",78,0,1,0.031773,1,0.009345,1,112.525271646982,1,4.85827929750658,464,1,9.85499954223633,35.132999420166,0.0317730009555817,0,108.507797241211,-88.1547,27.5395,16.5391823513399,63,63,63,63,61,63,0,7591,0.941689079772035,28,-88,0.001869,51,2025-08-06 00:40:32.000058,464,1.037,0.0011,"aoml_navis",1029.17096647081
"7901009",78,0,1,0.026166,1,0.003738,1,112.46916856986,1,4.85822348992219,466,1,9.82600021362305,35.1300010681152,0.0261659994721413,0,108.45369720459,-88.1547,27.5395,16.5391823513399,63,63,63,63,61,63,0,7591,0.941689079772035,28,-88,0.001869,51,2025-08-06 00:40:32.000058,466,1.037,0.0011,"aoml_navis",1029.18278880581
"7901009",78,0,1,0.026166,1,0.003738,1,112.395232135549,1,4.8581615277807,468,1,9.79399967193604,35.1279983520508,0.0261659994721413,0,108.382400512695,-88.1547,27.5395,16.5391823513399,63,63,63,63,61,63,0,7591,0.941689079772035,28,-88,0.001869,51,2025-08-06 00:40:32.000058,468,1.037,0.0011,"aoml_navis",1029.19591524658
"7901009",78,0,1,0.028035,1,0.005607,1,112.247351355056,1,4.85811221962922,470,1,9.77700042724609,35.1259994506836,0.0280349999666214,0,108.239799499512,-88.1547,27.5395,16.5391823513399,63,63,63,63,61,63,0,7591,0.941689079772035,28,-88,0.001869,51,2025-08-06 00:40:32.000058,470,1.037,0.0011,"aoml_navis",1029.20636122762
"7901009",78,0,1,0.026166,1,0.003738,1,112.104241432764,1,4.85806154542143,472,1,9.75399971008301,35.1230010986328,0.0261659994721413,0,108.10179901123,-88.1547,27.5395,16.5391823513399,63,63,63,63,61,63,0,7591,0.941689079772035,28,-88,0.001869,51,2025-08-06 00:40:32.000058,472,1.037,0.0011,"aoml_navis",1029.21709682998
"7901009",78,0,1,0.029904,1,0.007476,1,111.97160682765,1,4.85801647877286,474,1,9.74199962615967,35.1209983825684,0.0299040004611015,0,107.973899841309,-88.1547,27.5395,16.5391823513399,63,63,63,63,61,63,0,7591,0.941689079772035,28,-88,0.001869,51,2025-08-06 00:40:32.000058,474,1.037,0.0011,"aoml_navis",1029.22664462904
"7901009",78,0,1,0.028035,1,0.005607,1,111.9523176862,1,4.85796363060312,476,1,9.71199989318848,35.117000579834,0.0280349999666214,0,107.955299377441,-88.1547,27.5395,16.5391823513399,63,63,63,63,61,63,0,7591,0.941689079772035,28,-88,0.001869,51,2025-08-06 00:40:32.000058,476,1.037,0.0011,"aoml_navis",1029.23784124321
"7901009",78,0,1,0.029904,1,0.007476,1,111.944746025672,1,4.85791805978229,478,1,9.69499969482422,35.1139984130859,0.0299040004611015,0,107.947998046875,-88.1547,27.5395,16.5391823513399,63,63,63,63,61,63,0,7591,0.941689079772035,28,-88,0.001869,51,2025-08-06 00:40:32.000058,478,1.037,0.0011,"aoml_navis",1029.24749624617
"7901009",78,0,1,0.029904,1,0.007476,1,112.125397775766,1,4.85784367345045,480,1,9.62600040435791,35.1069984436035,0.0299040004611015,0,108.122200012207,-88.1547,27.5395,16.5391823513399,63,63,63,63,61,63,0,7591,0.941689079772035,28,-88,0.001869,51,2025-08-06 00:40:32.000058,480,1.037,0.0011,"aoml_navis",1029.26325672571
"7901009",78,0,1,0.028035,1,0.005607,1,112.166776860993,1,4.85778429346464,482,1,9.58800029754639,35.1030006408691,0.0280349999666214,0,108.162101745605,-88.1547,27.5395,16.5391823513399,63,63,63,63,61,63,0,7591,0.941689079772035,28,-88,0.001869,51,2025-08-06 00:40:32.000058,482,1.037,0.0011,"aoml_navis",1029.27583810724
"7901009",78,0,1,0.028035,1,0.005607,1,112.164387475957,1,4.85772949267195,484,1,9.55099964141846,35.0979995727539,0.0280349999666214,0,108.159797668457,-88.1547,27.5395,16.5391823513399,63,63,63,63,61,63,0,7591,0.941689079772035,28,-88,0.001869,51,2025-08-06 00:40:32.000058,484,1.037,0.0011,"aoml_navis",1029.2874495261
"7901009",78,0,1,0.026166,1,0.003738,1,112.062759493214,1,4.85768234893855,486,1,9.5319995880127,35.0950012207031,0.0261659994721413,0,108.061798095703,-88.1547,27.5395,16.5391823513399,63,63,63,63,61,63,0,7591,0.941689079772035,28,-88,0.001869,51,2025-08-06 00:40:32.000058,486,1.037,0.0011,"aoml_navis",1029.29743874515
"7901009",78,0,1,0.029904,1,0.007476,1,111.984052200702,1,4.85762941792546,488,1,9.50599956512451,35.0919990539551,0.0299040004611015,0,107.985900878906,-88.1547,27.5395,16.5391823513399,63,63,63,63,61,63,0,7591,0.941689079772035,28,-88,0.001869,51,2025-08-06 00:40:32.000058,488,1.037,0.0011,"aoml_navis",1029.30865445379
"7901009",78,0,1,0.031773,1,0.009345,1,111.962167965571,1,4.85757033788405,490,1,9.47700023651123,35.0900001525879,0.0317730009555817,0,107.964797973633,-88.1547,27.5395,16.5391823513399,63,63,63,63,61,63,0,7591,0.941689079772035,28,-88,0.001869,51,2025-08-06 00:40:32.000058,490,1.037,0.0011,"aoml_navis",1029.32117338686
"7901009",78,0,1,0.028035,1,0.005607,1,112.030091377937,1,4.85751699630129,492,1,9.44600009918213,35.0859985351562,0.0280349999666214,0,108.030296325684,-88.1547,27.5395,16.5391823513399,63,63,63,63,61,63,0,7591,0.941689079772035,28,-88,0.001869,51,2025-08-06 00:40:32.000058,492,1.037,0.0011,"aoml_navis",1029.33247661453
"7901009",78,0,1,0.029904,1,0.007476,1,112.123119156923,1,4.85746248562904,494,1,9.41800022125244,35.0830001831055,0.0299040004611015,0,108.120002746582,-88.1547,27.5395,16.5391823513399,63,63,63,63,61,63,0,7591,0.941689079772035,28,-88,0.001869,51,2025-08-06 00:40:32.000058,494,1.037,0.0011,"aoml_navis",1029.34402783195
"7901009",78,0,1,0.024297,1,0.001869,1,112.20162074079,1,4.85740965708301,496,1,9.39200019836426,35.0800018310547,0.0242970008403063,0,108.195701599121,-88.1547,27.5395,16.5391823513399,63,63,63,63,61,63,0,7591,0.941689079772035,28,-88,0.001869,51,2025-08-06 00:40:32.000058,496,1.037,0.0011,"aoml_navis",1029.35522284168
"7901009",78,0,1,0.031773,1,0.009345,1,112.23366381826,1,4.85736346683179,498,1,9.37399959564209,35.0769996643066,0.0317730009555817,0,108.226600646973,-88.1547,27.5395,16.5391823513399,63,63,63,63,61,63,0,7591,0.941689079772035,28,-88,0.001869,51,2025-08-06 00:40:32.000058,498,1.037,0.0011,"aoml_navis",1029.36501131575
"7901009",78,0,1,0.028035,1,0.005607,1,112.266537642183,1,4.85731809998342,500,1,9.35700035095215,35.0740013122559,0.0280349999666214,0,108.25830078125,-88.1547,27.5395,16.5391823513399,63,63,63,63,61,63,0,7591,0.941689079772035,28,-88,0.001869,51,2025-08-06 00:40:32.000058,500,1.037,0.0011,"aoml_navis",1029.37462547842
"7901009",78,0,1,0.029904,1,0.007476,1,112.29992573772,1,4.85726496478253,502,1,9.33500003814697,35.0719985961914,0.0299040004611015,0,108.290496826172,-88.1547,27.5395,16.5391823513399,63,63,63,63,61,63,0,7591,0.941689079772035,28,-88,0.001869,51,2025-08-06 00:40:32.000058,502,1.037,0.0011,"aoml_navis",1029.38588614217
"7901009",78,0,1,0.029904,1,0.007476,1,112.326058647568,1,4.85720931608296,504,1,9.30099964141846,35.068000793457,0.0299040004611015,0,108.315696716309,-88.1547,27.5395,16.5391823513399,63,63,63,63,61,63,0,7591,0.941689079772035,28,-88,0.001869,51,2025-08-06 00:40:32.000058,504,1.037,0.0011,"aoml_navis",1029.39767974261
"7901009",78,0,1,0.026166,1,0.003738,1,112.270683462577,1,4.85716154592728,506,1,9.2810001373291,35.064998626709,0.0261659994721413,0,108.262298583984,-88.1547,27.5395,16.5391823513399,63,63,63,63,61,63,0,7591,0.941689079772035,28,-88,0.001869,51,2025-08-06 00:40:32.000058,506,1.037,0.0011,"aoml_navis",1029.40780386283
"7901009",78,0,1,0.028035,1,0.005607,1,112.190108968514,1,4.85711295615376,508,1,9.26000022888184,35.0620002746582,0.0280349999666214,0,108.184600830078,-88.1547,27.5395,16.5391823513399,63,63,63,63,61,63,0,7591,0.941689079772035,28,-88,0.001869,51,2025-08-06 00:40:32.000058,508,1.037,0.0011,"aoml_navis",1029.41810189224
"7901009",78,0,1,0.029904,1,0.007476,1,112.06514887825,1,4.85705332955025,510,1,9.2209997177124,35.0579986572266,0.0299040004611015,0,108.064102172852,-88.1547,27.5395,16.5391823513399,63,63,63,63,61,63,0,7591,0.941689079772035,28,-88,0.001869,51,2025-08-06 00:40:32.000058,510,1.037,0.0011,"aoml_navis",1029.43073932915
"7901009",78,0,1,0.028035,1,0.005607,1,112.12736783164,1,4.85697415460006,512,1,9.16699981689453,35.0559997558594,0.0280349999666214,0,108.124099731445,-88.1547,27.5395,16.5391823513399,63,63,63,63,61,63,0,7591,0.941689079772035,28,-88,0.001869,51,2025-08-06 00:40:32.000058,512,1.037,0.0011,"aoml_navis",1029.44752037943
"7901009",78,0,1,0.028035,1,0.005607,1,112.309158891154,1,4.85691835645811,514,1,9.12800025939941,35.0509986877441,0.0280349999666214,0,108.29940032959,-88.1547,27.5395,16.5391823513399,63,63,63,63,61,63,0,7591,0.941689079772035,28,-88,0.001869,51,2025-08-06 00:40:32.000058,514,1.037,0.0011,"aoml_navis",1029.4593470676
"7901009",78,0,1,0.028035,1,0.005607,1,112.484517599562,1,4.85684149348663,516,1,9.0629997253418,35.0460014343262,0.0280349999666214,0,108.46849822998,-88.1547,27.5395,16.5391823513399,63,63,63,63,61,63,0,7591,0.941689079772035,28,-88,0.001869,51,2025-08-06 00:40:32.000058,516,1.037,0.0011,"aoml_navis",1029.47563899406
"7901009",78,0,1,0.033642,1,0.011214,1,112.556389035547,1,4.8567813818803,518,1,9.02299976348877,35.0419998168945,0.0336420014500618,0,108.537803649902,-88.1547,27.5395,16.5391823513399,63,63,63,63,61,63,0,7591,0.941689079772035,28,-88,0.001869,51,2025-08-06 00:40:32.000058,518,1.037,0.0011,"aoml_navis",1029.48838064938
"7901009",78,0,1,0.029904,1,0.007476,1,112.588115638178,1,4.85672896215986,520,1,8.99699974060059,35.0390014648438,0.0299040004611015,0,108.568397521973,-88.1547,27.5395,16.5391823513399,63,63,63,63,61,63,0,7591,0.941689079772035,28,-88,0.001869,51,2025-08-06 00:40:32.000058,520,1.037,0.0011,"aoml_navis",1029.49949213893
"7901009",78,0,1,0.029904,1,0.007476,1,112.691713676795,1,4.85667783791216,522,1,8.9680004119873,35.0349998474121,0.0299040004611015,0,108.668296813965,-88.1547,27.5395,16.5391823513399,63,63,63,63,61,63,0,7591,0.941689079772035,28,-88,0.001869,51,2025-08-06 00:40:32.000058,522,1.037,0.0011,"aoml_navis",1029.51032925615
"7901009",78,0,1,0.029904,1,0.007476,1,112.798634701223,1,4.85662628045862,524,1,8.94299983978271,35.0320014953613,0.0299040004611015,0,108.77140045166,-88.1547,27.5395,16.5391823513399,63,63,63,63,61,63,0,7591,0.941689079772035,28,-88,0.001869,51,2025-08-06 00:40:32.000058,524,1.037,0.0011,"aoml_navis",1029.52125843371
"7901009",78,0,1,0.024297,1,0.001869,1,113.075107120759,1,4.85657154107751,526,1,8.91399955749512,35.0289993286133,0.0242970008403063,0,109.03800201416,-88.1547,27.5395,16.5391823513399,63,63,63,63,61,63,0,7591,0.941689079772035,28,-88,0.001869,51,2025-08-06 00:40:32.000058,526,1.037,0.0011,"aoml_navis",1029.53286237202
"7901009",78,0,1,0.028035,1,0.005607,1,113.466270022026,1,4.85652419007606,528,1,8.88500022888184,35.023998260498,0.0280349999666214,0,109.415199279785,-88.1547,27.5395,16.5391823513399,63,63,63,63,61,63,0,7591,0.941689079772035,28,-88,0.001869,51,2025-08-06 00:40:32.000058,528,1.037,0.0011,"aoml_navis",1029.54290029423
"7901009",78,0,1,0.028035,1,0.005607,1,113.849972028958,1,4.85645777004549,530,1,8.82299995422363,35.0169982910156,0.0280349999666214,0,109.785202026367,-88.1547,27.5395,16.5391823513399,63,63,63,63,61,63,0,7591,0.941689079772035,28,-88,0.001869,51,2025-08-06 00:40:32.000058,530,1.037,0.0011,"aoml_navis",1029.55698098311
"7901009",78,0,1,0.028035,1,0.005607,1,113.904722176142,1,4.85639724406845,532,1,8.7819995880127,35.0130004882812,0.0280349999666214,0,109.837997436523,-88.1547,27.5395,16.5391823513399,63,63,63,63,61,63,0,7591,0.941689079772035,28,-88,0.001869,51,2025-08-06 00:40:32.000058,532,1.037,0.0011,"aoml_navis",1029.56981249978
"7901009",78,0,1,0.031773,1,0.009345,1,113.653971249163,1,4.85635417297764,534,1,8.77200031280518,35.0110015869141,0.0317730009555817,0,109.596199035645,-88.1547,27.5395,16.5391823513399,63,63,63,63,61,63,0,7591,0.941689079772035,28,-88,0.001869,51,2025-08-06 00:40:32.000058,534,1.037,0.0011,"aoml_navis",1029.57894377261
"7901009",78,0,1,0.026166,1,0.003738,1,113.207536017228,1,4.85630424791165,536,1,8.75800037384033,35.0099983215332,0.0261659994721413,0,109.165702819824,-88.1547,27.5395,16.5391823513399,63,63,63,63,61,63,0,7591,0.941689079772035,28,-88,0.001869,51,2025-08-06 00:40:32.000058,536,1.037,0.0011,"aoml_navis",1029.58952832293
"7901009",78,0,1,0.029904,1,0.007476,1,112.581066161135,1,4.8562509352117,538,1,8.74899959564209,35.0110015869141,0.0299040004611015,0,108.561599731445,-88.1547,27.5395,16.5391823513399,63,63,63,63,61,63,0,7591,0.941689079772035,28,-88,0.001869,51,2025-08-06 00:40:32.000058,538,1.037,0.0011,"aoml_navis",1029.60083132155
"7901009",78,0,1,0.026166,1,0.003738,1,112.467926406116,1,4.85620242862286,540,1,8.74600028991699,35.0120010375977,0.0261659994721413,0,108.452499389648,-88.1547,27.5395,16.5391823513399,63,63,63,63,61,63,0,7591,0.941689079772035,28,-88,0.001869,51,2025-08-06 00:40:32.000058,540,1.037,0.0011,"aoml_navis",1029.61111557656
"7901009",78,0,1,0.029904,1,0.007476,1,112.498102282035,1,4.8561442360374,542,1,8.71700000762939,35.0099983215332,0.0299040004611015,0,108.481597900391,-88.1547,27.5395,16.5391823513399,63,63,63,63,61,63,0,7591,0.941689079772035,28,-88,0.001869,51,2025-08-06 00:40:32.000058,542,1.037,0.0011,"aoml_navis",1029.62345370532
"7901009",78,0,1,0.029904,1,0.007476,1,112.536886273581,1,4.85608526759388,544,1,8.6870002746582,35.007999420166,0.0299040004611015,0,108.518997192383,-88.1547,27.5395,16.5391823513399,63,63,63,63,61,63,0,7591,0.941689079772035,28,-88,0.001869,51,2025-08-06 00:40:32.000058,544,1.037,0.0011,"aoml_navis",1029.63595663497
"7901009",78,0,1,0.026166,1,0.003738,1,112.618916551905,1,4.8560446155784,546,1,8.68000030517578,35.0060005187988,0.0261659994721413,0,108.598098754883,-88.1547,27.5395,16.5391823513399,63,63,63,63,61,63,0,7591,0.941689079772035,28,-88,0.001869,51,2025-08-06 00:40:32.000058,546,1.037,0.0011,"aoml_navis",1029.64457615562
"7901009",78,0,1,0.026166,1,0.003738,1,112.786711511655,1,4.85598908948081,548,1,8.64500045776367,35.0019989013672,0.0261659994721413,0,108.759902954102,-88.1547,27.5395,16.5391823513399,63,63,63,63,61,63,0,7591,0.941689079772035,28,-88,0.001869,51,2025-08-06 00:40:32.000058,548,1.037,0.0011,"aoml_navis",1029.65634968809
"7901009",78,0,1,0.031773,1,0.009345,1,113.096469172406,1,4.8559172237297,550,1,8.57999992370605,34.9959983825684,0.0317730009555817,0,109.058601379395,-88.1547,27.5395,16.5391823513399,63,63,63,63,61,63,0,7591,0.941689079772035,28,-88,0.001869,51,2025-08-06 00:40:32.000058,550,1.037,0.0011,"aoml_navis",1029.67158821534
"7901009",78,0,1,0.026166,1,0.003738,1,113.259382507762,1,4.85586868918518,552,1,8.5629997253418,34.9939994812012,0.0261659994721413,0,109.215698242188,-88.1547,27.5395,16.5391823513399,63,63,63,63,61,63,0,7591,0.941689079772035,28,-88,0.001869,51,2025-08-06 00:40:32.000058,552,1.037,0.0011,"aoml_navis",1029.68187981191
"7901009",78,0,1,0.026166,1,0.003738,1,113.595589553199,1,4.85581726358281,554,1,8.53299999237061,34.9900016784668,0.0261659994721413,0,109.539901733398,-88.1547,27.5395,16.5391823513399,63,63,63,63,61,63,0,7591,0.941689079772035,28,-88,0.001869,51,2025-08-06 00:40:32.000058,554,1.037,0.0011,"aoml_navis",1029.69278467263
"7901009",78,0,1,0.028035,1,0.005607,1,113.841878184945,1,4.8557685112516,556,1,8.51099967956543,34.9869995117188,0.0280349999666214,0,109.777397155762,-88.1547,27.5395,16.5391823513399,63,63,63,63,61,63,0,7591,0.941689079772035,28,-88,0.001869,51,2025-08-06 00:40:32.000058,556,1.037,0.0011,"aoml_navis",1029.70312287626
"7901009",78,0,1,0.029904,1,0.007476,1,114.207018942558,1,4.85571400218323,558,1,8.47700023651123,34.9830017089844,0.0299040004611015,0,110.129501342773,-88.1547,27.5395,16.5391823513399,63,63,63,63,61,63,0,7591,0.941689079772035,28,-88,0.001869,51,2025-08-06 00:40:32.000058,558,1.037,0.0011,"aoml_navis",1029.71468207392
"7901009",78,0,1,0.029904,1,0.007476,1,114.578164810245,1,4.85565279195917,560,1,8.42500019073486,34.9770011901855,0.0299040004611015,0,110.487396240234,-88.1547,27.5395,16.5391823513399,63,63,63,63,61,63,0,7591,0.941689079772035,28,-88,0.001869,51,2025-08-06 00:40:32.000058,560,1.037,0.0011,"aoml_navis",1029.72766262857
"7901009",78,0,1,0.028035,1,0.005607,1,114.891451165452,1,4.85560311583572,562,1,8.39700031280518,34.9729995727539,0.0280349999666214,0,110.789497375488,-88.1547,27.5395,16.5391823513399,63,63,63,63,61,63,0,7591,0.941689079772035,28,-88,0.001869,51,2025-08-06 00:40:32.000058,562,1.037,0.0011,"aoml_navis",1029.73819744315
"7901009",78,0,1,0.028035,1,0.005607,1,115.236266326517,1,4.85554387005584,564,1,8.35200023651123,34.9679985046387,0.0280349999666214,0,111.122001647949,-88.1547,27.5395,16.5391823513399,63,63,63,63,61,63,0,7591,0.941689079772035,28,-88,0.001869,51,2025-08-06 00:40:32.000058,564,1.037,0.0011,"aoml_navis",1029.75076197643
"7901009",78,0,1,0.028035,1,0.005607,1,115.585013687458,1,4.85548802825707,566,1,8.31599998474121,34.9640007019043,0.0280349999666214,0,111.458297729492,-88.1547,27.5395,16.5391823513399,63,63,63,63,61,63,0,7591,0.941689079772035,28,-88,0.001869,51,2025-08-06 00:40:32.000058,566,1.037,0.0011,"aoml_navis",1029.76260489202
"7901009",78,0,1,0.026166,1,0.003738,1,115.91738347547,1,4.85543225460487,568,1,8.27999973297119,34.9599990844727,0.0261659994721413,0,111.778800964355,-88.1547,27.5395,16.5391823513399,63,63,63,63,61,63,0,7591,0.941689079772035,28,-88,0.001869,51,2025-08-06 00:40:32.000058,568,1.037,0.0011,"aoml_navis",1029.774433627
"7901009",78,0,1,0.028035,1,0.005607,1,116.162746418312,1,4.85536721306773,570,1,8.23200035095215,34.9560012817383,0.0280349999666214,0,112.015403747559,-88.1547,27.5395,16.5391823513399,63,63,63,63,61,63,0,7591,0.941689079772035,28,-88,0.001869,51,2025-08-06 00:40:32.000058,570,1.037,0.0011,"aoml_navis",1029.78822828127
"7901009",78,0,1,0.033642,1,0.011214,1,116.342353801436,1,4.8553123403534,572,1,8.19699954986572,34.9519996643066,0.0336420014500618,0,112.188598632812,-88.1547,27.5395,16.5391823513399,63,63,63,63,61,63,0,7591,0.941689079772035,28,-88,0.001869,51,2025-08-06 00:40:32.000058,572,1.037,0.0011,"aoml_navis",1029.79986651818
"7901009",78,0,1,0.028035,1,0.005607,1,116.483596522177,1,4.85526792042893,574,1,8.1850004196167,34.9500007629395,0.0280349999666214,0,112.324798583984,-88.1547,27.5395,16.5391823513399,63,63,63,63,61,63,0,7591,0.941689079772035,28,-88,0.001869,51,2025-08-06 00:40:32.000058,574,1.037,0.0011,"aoml_navis",1029.80928796166
"7901009",78,0,1,0.029904,1,0.007476,1,116.663828943108,1,4.85521560965971,576,1,8.15799999237061,34.9469985961914,0.0299040004611015,0,112.498596191406,-88.1547,27.5395,16.5391823513399,63,63,63,63,61,63,0,7591,0.941689079772035,28,-88,0.001869,51,2025-08-06 00:40:32.000058,576,1.037,0.0011,"aoml_navis",1029.82038327036
"7901009",78,0,1,0.033642,1,0.011214,1,116.723982898172,1,4.85516236939015,578,1,8.125,34.943000793457,0.0336420014500618,0,112.556602478027,-88.1547,27.5395,16.5391823513399,63,63,63,63,61,63,0,7591,0.941689079772035,28,-88,0.001869,51,2025-08-06 00:40:32.000058,578,1.037,0.0011,"aoml_navis",1029.83167597504
"7901009",78,0,1,0.028035,1,0.005607,1,116.716616946289,1,4.85510242991708,580,1,8.08800029754639,34.939998626709,0.0280349999666214,0,112.549499511719,-88.1547,27.5395,16.5391823513399,63,63,63,63,61,63,0,7591,0.941689079772035,28,-88,0.001869,51,2025-08-06 00:40:32.000058,580,1.037,0.0011,"aoml_navis",1029.84438993296
"7901009",78,0,1,0.031773,1,0.009345,1,116.765567692044,1,4.85504131183443,582,1,8.05900001525879,34.9389991760254,0.0317730009555817,0,112.596702575684,-88.1547,27.5395,16.5391823513399,63,63,63,63,61,63,0,7591,0.941689079772035,28,-88,0.001869,51,2025-08-06 00:40:32.000058,582,1.037,0.0011,"aoml_navis",1029.85735421287
"7901009",78,0,1,0.028035,1,0.005607,1,116.866879199947,1,4.8549892768195,584,1,8.03699970245361,34.9370002746582,0.0280349999666214,0,112.694396972656,-88.1547,27.5395,16.5391823513399,63,63,63,63,61,63,0,7591,0.941689079772035,28,-88,0.001869,51,2025-08-06 00:40:32.000058,584,1.037,0.0011,"aoml_navis",1029.86839206275
"7901009",78,0,1,0.031773,1,0.009345,1,116.941440672066,1,4.85492870472229,586,1,7.99900007247925,34.9339981079102,0.0317730009555817,0,112.766296386719,-88.1547,27.5395,16.5391823513399,63,63,63,63,61,63,0,7591,0.941689079772035,28,-88,0.001869,51,2025-08-06 00:40:32.000058,586,1.037,0.0011,"aoml_navis",1029.88124112649
"7901009",78,0,1,0.031773,1,0.009345,1,117.015693581216,1,4.85487609764411,588,1,7.98099994659424,34.9329986572266,0.0317730009555817,0,112.837898254395,-88.1547,27.5395,16.5391823513399,63,63,63,63,61,63,0,7591,0.941689079772035,28,-88,0.001869,51,2025-08-06 00:40:32.000058,588,1.037,0.0011,"aoml_navis",1029.89240084342
"7901009",78,0,1,0.028035,1,0.005607,1,117.126246154424,1,4.85481802103158,590,1,7.95100021362305,34.9309997558594,0.0280349999666214,0,112.94450378418,-88.1547,27.5395,16.5391823513399,63,63,63,63,61,63,0,7591,0.941689079772035,28,-88,0.001869,51,2025-08-06 00:40:32.000058,590,1.037,0.0011,"aoml_navis",1029.90472111199
"7901009",78,0,1,0.026166,1,0.003738,1,117.162332197965,1,4.85476926014853,592,1,7.93800020217896,34.9300003051758,0.0261659994721413,0,112.979301452637,-88.1547,27.5395,16.5391823513399,63,63,63,63,61,63,0,7591,0.941689079772035,28,-88,0.001869,51,2025-08-06 00:40:32.000058,592,1.037,0.0011,"aoml_navis",1029.91506538604
"7901009",78,0,1,0.028035,1,0.005607,1,117.160464996414,1,4.85472139876007,594,1,7.93100023269653,34.9300003051758,0.0280349999666214,0,112.977500915527,-88.1547,27.5395,16.5391823513399,63,63,63,63,61,63,0,7591,0.941689079772035,28,-88,0.001869,51,2025-08-06 00:40:32.000058,594,1.037,0.0011,"aoml_navis",1029.92521904079
"7901009",78,0,1,0.029904,1,0.007476,1,117.140970146318,1,4.85467950944244,596,1,7.92700004577637,34.9290008544922,0.0299040004611015,0,112.958702087402,-88.1547,27.5395,16.5391823513399,63,63,63,63,61,63,0,7591,0.941689079772035,28,-88,0.001869,51,2025-08-06 00:40:32.000058,596,1.037,0.0011,"aoml_navis",1029.93410590234
"7901009",78,0,1,0.029904,1,0.007476,1,117.146049567488,1,4.85463546569581,598,1,7.92500019073486,34.9290008544922,0.0299040004611015,0,112.963600158691,-88.1547,27.5395,16.5391823513399,63,63,63,63,61,63,0,7591,0.941689079772035,28,-88,0.001869,51,2025-08-06 00:40:32.000058,598,1.037,0.0011,"aoml_navis",1029.94344999359
"7901009",78,0,1,0.028035,1,0.005607,1,117.135882813278,1,4.85458824166131,600,1,7.91400003433228,34.9280014038086,0.0280349999666214,0,112.953796386719,-88.1547,27.5395,16.5391823513399,63,63,63,63,61,63,0,7591,0.941689079772035,28,-88,0.001869,51,2025-08-06 00:40:32.000058,600,1.037,0.0011,"aoml_navis",1029.95346898647
"7901009",78,0,1,0.028035,1,0.005607,1,117.160362142091,1,4.85453810228614,602,1,7.90399980545044,34.9280014038086,0.0280349999666214,0,112.977401733398,-88.1547,27.5395,16.5391823513399,63,63,63,63,61,63,0,7591,0.941689079772035,28,-88,0.001869,51,2025-08-06 00:40:32.000058,602,1.037,0.0011,"aoml_navis",1029.96410670777
"7901009",78,0,1,0.033642,1,0.011214,1,117.178923391411,1,4.85449699661421,604,1,7.90100002288818,34.9269981384277,0.0336420014500618,0,112.995300292969,-88.1547,27.5395,16.5391823513399,63,63,63,63,61,63,0,7591,0.941689079772035,28,-88,0.001869,51,2025-08-06 00:40:32.000058,604,1.037,0.0011,"aoml_navis",1029.97282797523
"7901009",78,0,1,0.028035,1,0.005607,1,117.240833781832,1,4.85444686262757,606,1,7.89099979400635,34.9269981384277,0.0280349999666214,0,113.055000305176,-88.1547,27.5395,16.5391823513399,63,63,63,63,61,63,0,7591,0.941689079772035,28,-88,0.001869,51,2025-08-06 00:40:32.000058,606,1.037,0.0011,"aoml_navis",1029.98346495313
"7901009",78,0,1,0.029904,1,0.007476,1,117.356980047823,1,4.85440117587293,608,1,7.88199996948242,34.9259986877441,0.0299040004611015,0,113.166999816895,-88.1547,27.5395,16.5391823513399,63,63,63,63,61,63,0,7591,0.941689079772035,28,-88,0.001869,51,2025-08-06 00:40:32.000058,608,1.037,0.0011,"aoml_navis",1029.99315854872
"7901009",78,0,1,0.029904,1,0.007476,1,117.541571909665,1,4.85434864227592,610,1,7.86399984359741,34.9249992370605,0.0299040004611015,0,113.345001220703,-88.1547,27.5395,16.5391823513399,63,63,63,63,61,63,0,7591,0.941689079772035,28,-88,0.001869,51,2025-08-06 00:40:32.000058,610,1.037,0.0011,"aoml_navis",1030.00430509989
"7901009",78,0,1,0.026166,1,0.003738,1,117.881821921173,1,4.8542990421669,612,1,7.84499979019165,34.9230003356934,0.0261659994721413,0,113.67310333252,-88.1547,27.5395,16.5391823513399,63,63,63,63,61,63,0,7591,0.941689079772035,28,-88,0.001869,51,2025-08-06 00:40:32.000058,612,1.037,0.0011,"aoml_navis",1030.01482944653
"7901009",78,0,1,0.029904,1,0.007476,1,118.291031800146,1,4.85424317349459,614,1,7.80800008773804,34.9189987182617,0.0299040004611015,0,114.06770324707,-88.1547,27.5395,16.5391823513399,63,63,63,63,61,63,0,7591,0.941689079772035,28,-88,0.001869,51,2025-08-06 00:40:32.000058,614,1.037,0.0011,"aoml_navis",1030.02668413921
"7901009",78,0,1,0.029904,1,0.007476,1,118.768165091485,1,4.85418044025496,616,1,7.75699996948242,34.9140014648438,0.0299040004611015,0,114.527801513672,-88.1547,27.5395,16.5391823513399,63,63,63,63,61,63,0,7591,0.941689079772035,28,-88,0.001869,51,2025-08-06 00:40:32.000058,616,1.037,0.0011,"aoml_navis",1030.03999573971
"7901009",78,0,1,0.026166,1,0.003738,1,119.111627322612,1,4.8541185893051,618,1,7.70699977874756,34.9090003967285,0.0261659994721413,0,114.859001159668,-88.1547,27.5395,16.5391823513399,63,63,63,63,61,63,0,7591,0.941689079772035,28,-88,0.001869,51,2025-08-06 00:40:32.000058,618,1.037,0.0011,"aoml_navis",1030.0531204607
"7901009",78,0,1,0.033642,1,0.011214,1,119.371500636831,1,4.85406609389241,620,1,7.68400001525879,34.9070014953613,0.0336420014500618,0,115.109596252441,-88.1547,27.5395,16.5391823513399,63,63,63,63,61,63,0,7591,0.941689079772035,28,-88,0.001869,51,2025-08-06 00:40:32.000058,620,1.037,0.0011,"aoml_navis",1030.06426020676
"7901009",78,0,1,0.028035,1,0.005607,1,119.715485051443,1,4.85401205366279,622,1,7.65399980545044,34.9039993286133,0.0280349999666214,0,115.441299438477,-88.1547,27.5395,16.5391823513399,63,63,63,63,61,63,0,7591,0.941689079772035,28,-88,0.001869,51,2025-08-06 00:40:32.000058,622,1.037,0.0011,"aoml_navis",1030.07572802112
"7901009",78,0,1,0.028035,1,0.005607,1,120.07242911072,1,4.85395047216733,624,1,7.60900020599365,34.9000015258789,0.0280349999666214,0,115.785499572754,-88.1547,27.5395,16.5391823513399,63,63,63,63,61,63,0,7591,0.941689079772035,28,-88,0.001869,51,2025-08-06 00:40:32.000058,624,1.037,0.0011,"aoml_navis",1030.08879647003
"7901009",78,0,1,0.029904,1,0.007476,1,120.398160838979,1,4.85388990618757,626,1,7.57999992370605,34.898998260498,0.0299040004611015,0,116.099601745605,-88.1547,27.5395,16.5391823513399,63,63,63,63,61,63,0,7591,0.941689079772035,28,-88,0.001869,51,2025-08-06 00:40:32.000058,626,1.037,0.0011,"aoml_navis",1030.10164973585
"7901009",78,0,1,0.029904,1,0.007476,1,120.822403272815,1,4.85383000629066,628,1,7.54199981689453,34.8959999084473,0.0299040004611015,0,116.508697509766,-88.1547,27.5395,16.5391823513399,63,63,63,63,61,63,0,7591,0.941689079772035,28,-88,0.001869,51,2025-08-06 00:40:32.000058,628,1.037,0.0011,"aoml_navis",1030.11436196157
"7901009",78,0,1,0.031773,1,0.009345,1,121.07771934935,1,4.85376052645124,630,1,7.49599981307983,34.8940010070801,0.0317730009555817,0,116.754898071289,-88.1547,27.5395,16.5391823513399,63,63,63,63,61,63,0,7591,0.941689079772035,28,-88,0.001869,51,2025-08-06 00:40:32.000058,630,1.037,0.0011,"aoml_navis",1030.12910767884
"7901009",78,0,1,0.026166,1,0.003738,1,121.038832503481,1,4.85369416652979,632,1,7.46400022506714,34.8940010070801,0.0261659994721413,0,116.717399597168,-88.1547,27.5395,16.5391823513399,63,63,63,63,61,63,0,7591,0.941689079772035,28,-88,0.001869,51,2025-08-06 00:40:32.000058,632,1.037,0.0011,"aoml_navis",1030.14319164959
"7901009",78,0,1,0.026166,1,0.003738,1,121.028776515465,1,4.85363984203103,634,1,7.46799993515015,34.8979988098145,0.0261659994721413,0,116.707702636719,-88.1547,27.5395,16.5391823513399,63,63,63,63,61,63,0,7591,0.941689079772035,28,-88,0.001869,51,2025-08-06 00:40:32.000058,634,1.037,0.0011,"aoml_navis",1030.15472155588
"7901009",78,0,1,0.028035,1,0.005607,1,121.113085412632,1,4.85359211333583,636,1,7.46600008010864,34.898998260498,0.0280349999666214,0,116.789001464844,-88.1547,27.5395,16.5391823513399,63,63,63,63,61,63,0,7591,0.941689079772035,28,-88,0.001869,51,2025-08-06 00:40:32.000058,636,1.037,0.0011,"aoml_navis",1030.16485177275
"7901009",78,0,1,0.029904,1,0.007476,1,121.30846115462,1,4.85354509635262,638,1,7.46000003814697,34.898998260498,0.0299040004611015,0,116.977401733398,-88.1547,27.5395,16.5391823513399,63,63,63,63,61,63,0,7591,0.941689079772035,28,-88,0.001869,51,2025-08-06 00:40:32.000058,638,1.037,0.0011,"aoml_navis",1030.17483112652
"7901009",78,0,1,0.026166,1,0.003738,1,121.722750454762,1,4.85349876129804,640,1,7.44500017166138,34.8969993591309,0.0261659994721413,0,117.376899719238,-88.1547,27.5395,16.5391823513399,63,63,63,63,61,63,0,7591,0.941689079772035,28,-88,0.001869,51,2025-08-06 00:40:32.000058,640,1.037,0.0011,"aoml_navis",1030.1846659301
"7901009",78,0,1,0.029904,1,0.007476,1,122.229339641761,1,4.8534264494443,642,1,7.38500022888184,34.8930015563965,0.0299040004611015,0,117.86540222168,-88.1547,27.5395,16.5391823513399,63,63,63,63,61,63,0,7591,0.941689079772035,28,-88,0.001869,51,2025-08-06 00:40:32.000058,642,1.037,0.0011,"aoml_navis",1030.20001479006
"7901009",78,0,1,0.031773,1,0.009345,1,122.490043702433,1,4.85336464444575,644,1,7.3439998626709,34.8899993896484,0.0317730009555817,0,118.116798400879,-88.1547,27.5395,16.5391823513399,63,63,63,63,61,63,0,7591,0.941689079772035,28,-88,0.001869,51,2025-08-06 00:40:32.000058,644,1.037,0.0011,"aoml_navis",1030.21313383532
"7901009",78,0,1,0.033642,1,0.011214,1,122.706575787423,1,4.85331321470813,646,1,7.3270001411438,34.8889999389648,0.0336420014500618,0,118.32559967041,-88.1547,27.5395,16.5391823513399,63,63,63,63,61,63,0,7591,0.941689079772035,28,-88,0.001869,51,2025-08-06 00:40:32.000058,646,1.037,0.0011,"aoml_navis",1030.2240508293
"7901009",78,0,1,0.028035,1,0.005607,1,123.042672066666,1,4.85327063908729,648,1,7.31699991226196,34.8870010375977,0.0280349999666214,0,118.649696350098,-88.1547,27.5395,16.5391823513399,63,63,63,63,61,63,0,7591,0.941689079772035,28,-88,0.001869,51,2025-08-06 00:40:32.000058,648,1.037,0.0011,"aoml_navis",1030.23308853435
"7901009",78,0,1,0.026166,1,0.003738,1,123.496481162355,1,4.85322145457196,650,1,7.29300022125244,34.8839988708496,0.0261659994721413,0,119.087303161621,-88.1547,27.5395,16.5391823513399,63,63,63,63,61,63,0,7591,0.941689079772035,28,-88,0.001869,51,2025-08-06 00:40:32.000058,650,1.037,0.0011,"aoml_navis",1030.24352933447
"7901009",78,0,1,0.026166,1,0.003738,1,123.863275501003,1,4.85314515025192,652,1,7.22200012207031,34.8790016174316,0.0261659994721413,0,119.44100189209,-88.1547,27.5395,16.5391823513399,63,63,63,63,61,63,0,7591,0.941689079772035,28,-88,0.001869,51,2025-08-06 00:40:32.000058,652,1.037,0.0011,"aoml_navis",1030.2597274966
"7901009",78,0,1,0.031773,1,0.009345,1,123.972783707242,1,4.85309161613244,654,1,7.2020001411438,34.8779983520508,0.0317730009555817,0,119.546600341797,-88.1547,27.5395,16.5391823513399,63,63,63,63,61,63,0,7591,0.941689079772035,28,-88,0.001869,51,2025-08-06 00:40:32.000058,654,1.037,0.0011,"aoml_navis",1030.27109222072
"7901009",78,0,1,0.028035,1,0.005607,1,124.00254816587,1,4.85304683525483,656,1,7.19899988174438,34.8779983520508,0.0280349999666214,0,119.575302124023,-88.1547,27.5395,16.5391823513399,63,63,63,63,61,63,0,7591,0.941689079772035,28,-88,0.001869,51,2025-08-06 00:40:32.000058,656,1.037,0.0011,"aoml_navis",1030.28059891729
"7901009",78,0,1,0.028035,1,0.005607,1,124.023704508871,1,4.85300352079015,658,1,7.19799995422363,34.8779983520508,0.0280349999666214,0,119.595703125,-88.1547,27.5395,16.5391823513399,63,63,63,63,61,63,0,7591,0.941689079772035,28,-88,0.001869,51,2025-08-06 00:40:32.000058,658,1.037,0.0011,"aoml_navis",1030.2897944706
"7901009",78,0,1,0.028035,1,0.005607,1,124.054497510726,1,4.85295577720369,660,1,7.19600009918213,34.8790016174316,0.0280349999666214,0,119.625396728516,-88.1547,27.5395,16.5391823513399,63,63,63,63,61,63,0,7591,0.941689079772035,28,-88,0.001869,51,2025-08-06 00:40:32.000058,660,1.037,0.0011,"aoml_navis",1030.29993050566
"7901009",78,0,1,0.028035,1,0.005607,1,124.125332491613,1,4.85291396885661,662,1,7.19199991226196,34.8779983520508,0.0280349999666214,0,119.693702697754,-88.1547,27.5395,16.5391823513399,63,63,63,63,61,63,0,7591,0.941689079772035,28,-88,0.001869,51,2025-08-06 00:40:32.000058,662,1.037,0.0011,"aoml_navis",1030.30880664428
"7901009",78,0,1,0.031773,1,0.009345,1,124.176870419179,1,4.85286626684629,664,1,7.18499994277954,34.8779983520508,0.0317730009555817,0,119.74340057373,-88.1547,27.5395,16.5391823513399,63,63,63,63,61,63,0,7591,0.941689079772035,28,-88,0.001869,51,2025-08-06 00:40:32.000058,664,1.037,0.0011,"aoml_navis",1030.31893422633
"7901009",78,0,1,0.033642,1,0.011214,1,124.267405958807,1,4.85282298390005,666,1,7.17899990081787,34.8769989013672,0.0336420014500618,0,119.830703735352,-88.1547,27.5395,16.5391823513399,63,63,63,63,61,63,0,7591,0.941689079772035,28,-88,0.001869,51,2025-08-06 00:40:32.000058,666,1.037,0.0011,"aoml_navis",1030.32812377213
"7901009",78,0,1,0.028035,1,0.005607,1,124.383338604281,1,4.85277382287306,668,1,7.17000007629395,34.8769989013672,0.0280349999666214,0,119.942497253418,-88.1547,27.5395,16.5391823513399,63,63,63,63,61,63,0,7591,0.941689079772035,28,-88,0.001869,51,2025-08-06 00:40:32.000058,668,1.037,0.0011,"aoml_navis",1030.33856151156
"7901009",78,0,1,0.029904,1,0.007476,1,124.408648679547,1,4.85272247058788,670,1,7.15799999237061,34.8769989013672,0.0299040004611015,0,119.966903686523,-88.1547,27.5395,16.5391823513399,63,63,63,63,61,63,0,7591,0.941689079772035,28,-88,0.001869,51,2025-08-06 00:40:32.000058,670,1.037,0.0011,"aoml_navis",1030.34946471898
"7901009",78,0,1,0.029904,1,0.007476,1,124.446499070317,1,4.85266966179377,672,1,7.14400005340576,34.8769989013672,0.0299040004611015,0,120.003402709961,-88.1547,27.5395,16.5391823513399,63,63,63,63,61,63,0,7591,0.941689079772035,28,-88,0.001869,51,2025-08-06 00:40:32.000058,672,1.037,0.0011,"aoml_navis",1030.36067741561
"7901009",78,0,1,0.029904,1,0.007476,1,124.556212985201,1,4.85259192365318,674,1,7.11100006103516,34.8800010681152,0.0299040004611015,0,120.109199523926,-88.1547,27.5395,16.5391823513399,63,63,63,63,61,63,0,7591,0.941689079772035,28,-88,0.001869,51,2025-08-06 00:40:32.000058,674,1.037,0.0011,"aoml_navis",1030.37718371254
"7901009",78,0,1,0.029904,1,0.007476,1,124.474910599007,1,4.8525354139118,676,1,7.10200023651123,34.8819999694824,0.0299040004611015,0,120.030799865723,-88.1547,27.5395,16.5391823513399,63,63,63,63,61,63,0,7591,0.941689079772035,28,-88,0.001869,51,2025-08-06 00:40:32.000058,676,1.037,0.0011,"aoml_navis",1030.38918287241
"7901009",78,0,1,0.029904,1,0.007476,1,124.578302928978,1,4.85248623740773,678,1,7.09800004959106,34.882999420166,0.0299040004611015,0,120.130500793457,-88.1547,27.5395,16.5391823513399,63,63,63,63,61,63,0,7591,0.941689079772035,28,-88,0.001869,51,2025-08-06 00:40:32.000058,678,1.037,0.0011,"aoml_navis",1030.39962513548
"7901009",78,0,1,0.031773,1,0.009345,1,124.752419473642,1,4.85244147675252,680,1,7.09499979019165,34.882999420166,0.0317730009555817,0,120.298400878906,-88.1547,27.5395,16.5391823513399,63,63,63,63,61,63,0,7591,0.941689079772035,28,-88,0.001869,51,2025-08-06 00:40:32.000058,680,1.037,0.0011,"aoml_navis",1030.40912991005
"7901009",78,0,1,0.028035,1,0.005607,1,125.086545697012,1,4.85239525997607,682,1,7.09000015258789,34.882999420166,0.0280349999666214,0,120.620597839355,-88.1547,27.5395,16.5391823513399,63,63,63,63,61,63,0,7591,0.941689079772035,28,-88,0.001869,51,2025-08-06 00:40:32.000058,682,1.037,0.0011,"aoml_navis",1030.41894407107
"7901009",78,0,1,0.024297,1,0.001869,1,125.591267682459,1,4.85233092597884,684,1,7.05000019073486,34.8810005187988,0.0242970008403063,0,121.107299804688,-88.1547,27.5395,16.5391823513399,63,63,63,63,61,63,0,7591,0.941689079772035,28,-88,0.001869,51,2025-08-06 00:40:32.000058,684,1.037,0.0011,"aoml_navis",1030.43260574636
"7901009",78,0,1,0.029904,1,0.007476,1,125.870643758645,1,4.85227095839132,686,1,7.02099990844727,34.8800010681152,0.0299040004611015,0,121.37670135498,-88.1547,27.5395,16.5391823513399,63,63,63,63,61,63,0,7591,0.941689079772035,28,-88,0.001869,51,2025-08-06 00:40:32.000058,686,1.037,0.0011,"aoml_navis",1030.44534051694
"7901009",78,0,1,0.029904,1,0.007476,1,126.191810337349,1,4.85222117740867,688,1,7.00600004196167,34.8790016174316,0.0299040004611015,0,121.686401367188,-88.1547,27.5395,16.5391823513399,63,63,63,63,61,63,0,7591,0.941689079772035,28,-88,0.001869,51,2025-08-06 00:40:32.000058,688,1.037,0.0011,"aoml_navis",1030.4559122901
"7901009",78,0,1,0.031773,1,0.009345,1,126.542630608487,1,4.85216779416161,690,1,6.98600006103516,34.8779983520508,0.0317730009555817,0,122.024696350098,-88.1547,27.5395,16.5391823513399,63,63,63,63,61,63,0,7591,0.941689079772035,28,-88,0.001869,51,2025-08-06 00:40:32.000058,690,1.037,0.0011,"aoml_navis",1030.4672493017
"7901009",78,0,1,0.029904,1,0.007476,1,126.898854687505,1,4.8521157953369,692,1,6.97300004959106,34.8779983520508,0.0299040004611015,0,122.368202209473,-88.1547,27.5395,16.5391823513399,63,63,63,63,61,63,0,7591,0.941689079772035,28,-88,0.001869,51,2025-08-06 00:40:32.000058,692,1.037,0.0011,"aoml_navis",1030.47829254306
"7901009",78,0,1,0.031773,1,0.009345,1,127.451791614707,1,4.85205887497599,694,1,6.94299983978271,34.8759994506836,0.0317730009555817,0,122.901397705078,-88.1547,27.5395,16.5391823513399,63,63,63,63,61,63,0,7591,0.941689079772035,28,-88,0.001869,51,2025-08-06 00:40:32.000058,694,1.037,0.0011,"aoml_navis",1030.49038126619
"7901009",78,0,1,0.033642,1,0.011214,1,127.809463566114,1,4.85199117186895,696,1,6.89799976348877,34.8740005493164,0.0336420014500618,0,123.246299743652,-88.1547,27.5395,16.5391823513399,63,63,63,63,61,63,0,7591,0.941689079772035,28,-88,0.001869,51,2025-08-06 00:40:32.000058,696,1.037,0.0011,"aoml_navis",1030.50476039387
"7901009",78,0,1,0.028035,1,0.005607,1,127.998723431834,1,4.85194578122393,698,1,6.88899993896484,34.8730010986328,0.0280349999666214,0,123.428802490234,-88.1547,27.5395,16.5391823513399,63,63,63,63,61,63,0,7591,0.941689079772035,28,-88,0.001869,51,2025-08-06 00:40:32.000058,698,1.037,0.0011,"aoml_navis",1030.51440091293
"7901009",78,0,1,0.028035,1,0.005607,1,128.097028428765,1,4.85189166663798,700,1,6.8730001449585,34.8730010986328,0.0280349999666214,0,123.523597717285,-88.1547,27.5395,16.5391823513399,63,63,63,63,61,63,0,7591,0.941689079772035,28,-88,0.001869,51,2025-08-06 00:40:32.000058,700,1.037,0.0011,"aoml_navis",1030.52589454551
"7901009",78,0,1,0.026166,1,0.003738,1,128.22862657878,1,4.85183243656595,702,1,6.85500001907349,34.8740005493164,0.0261659994721413,0,123.650497436523,-88.1547,27.5395,16.5391823513399,63,63,63,63,61,63,0,7591,0.941689079772035,28,-88,0.001869,51,2025-08-06 00:40:32.000058,702,1.037,0.0011,"aoml_navis",1030.53847497234
"7901009",78,0,1,0.031773,1,0.009345,1,128.358151818599,1,4.85177178106851,704,1,6.83500003814697,34.875,0.0317730009555817,0,123.775398254395,-88.1547,27.5395,16.5391823513399,63,63,63,63,61,63,0,7591,0.941689079772035,28,-88,0.001869,51,2025-08-06 00:40:32.000058,704,1.037,0.0011,"aoml_navis",1030.55135847689
"7901009",78,0,1,0.029904,1,0.007476,1,128.47212232007,1,4.85172703483496,706,1,6.83199977874756,34.875,0.0299040004611015,0,123.885299682617,-88.1547,27.5395,16.5391823513399,63,63,63,63,61,63,0,7591,0.941689079772035,28,-88,0.001869,51,2025-08-06 00:40:32.000058,706,1.037,0.0011,"aoml_navis",1030.56086298764
"7901009",78,0,1,0.035511,1,0.013083,1,128.677664816268,1,4.8516822907963,708,1,6.8289999961853,34.875,0.0355109982192516,0,124.083503723145,-88.1547,27.5395,16.5391823513399,63,63,63,63,61,63,0,7591,0.941689079772035,28,-88,0.001869,51,2025-08-06 00:40:32.000058,708,1.037,0.0011,"aoml_navis",1030.57036720749
"7901009",78,0,1,0.033642,1,0.011214,1,128.984827383337,1,4.85163682966281,710,1,6.82499980926514,34.875,0.0336420014500618,0,124.379699707031,-88.1547,27.5395,16.5391823513399,63,63,63,63,61,63,0,7591,0.941689079772035,28,-88,0.001869,51,2025-08-06 00:40:32.000058,710,1.037,0.0011,"aoml_navis",1030.5800239272
"7901009",78,0,1,0.028035,1,0.005607,1,129.462380003838,1,4.85159730397577,712,1,6.81899976730347,34.8730010986328,0.0280349999666214,0,124.840202331543,-88.1547,27.5395,16.5391823513399,63,63,63,63,61,63,0,7591,0.941689079772035,28,-88,0.001869,51,2025-08-06 00:40:32.000058,712,1.037,0.0011,"aoml_navis",1030.58842000399
"7901009",78,0,1,0.029904,1,0.007476,1,130.042905625148,1,4.8515311320924,714,1,6.7810001373291,34.8720016479492,0.0299040004611015,0,125.400001525879,-88.1547,27.5395,16.5391823513399,63,63,63,63,61,63,0,7591,0.941689079772035,28,-88,0.001869,51,2025-08-06 00:40:32.000058,714,1.037,0.0011,"aoml_navis",1030.60247659249
"7901009",78,0,1,0.029904,1,0.007476,1,130.416543732193,1,4.85147229608731,716,1,6.7480001449585,34.8699989318848,0.0299040004611015,0,125.760299682617,-88.1547,27.5395,16.5391823513399,63,63,63,63,61,63,0,7591,0.941689079772035,28,-88,0.001869,51,2025-08-06 00:40:32.000058,716,1.037,0.0011,"aoml_navis",1030.61497517619
"7901009",78,0,1,0.029904,1,0.007476,1,130.612330891472,1,4.85141600592501,718,1,6.73400020599365,34.8709983825684,0.0299040004611015,0,125.949096679688,-88.1547,27.5395,16.5391823513399,63,63,63,63,61,63,0,7591,0.941689079772035,28,-88,0.001869,51,2025-08-06 00:40:32.000058,718,1.037,0.0011,"aoml_navis",1030.62693322806
"7901009",78,0,1,0.033642,1,0.011214,1,130.750155683949,1,4.85136709396551,720,1,6.71999979019165,34.8699989318848,0.0336420014500618,0,126.082000732422,-88.1547,27.5395,16.5391823513399,63,63,63,63,61,63,0,7591,0.941689079772035,28,-88,0.001869,51,2025-08-06 00:40:32.000058,720,1.037,0.0011,"aoml_navis",1030.63732411002
"7901009",78,0,1,0.033642,1,0.011214,1,130.924272228613,1,4.85132235865876,722,1,6.71700000762939,34.8699989318848,0.0336420014500618,0,126.249900817871,-88.1547,27.5395,16.5391823513399,63,63,63,63,61,63,0,7591,0.941689079772035,28,-88,0.001869,51,2025-08-06 00:40:32.000058,722,1.037,0.0011,"aoml_navis",1030.64682788516
"7901009",78,0,1,0.028035,1,0.005607,1,131.234029889364,1,4.85126762802525,724,1,6.69999980926514,34.8699989318848,0.0280349999666214,0,126.548599243164,-88.1547,27.5395,16.5391823513399,63,63,63,63,61,63,0,7591,0.941689079772035,28,-88,0.001869,51,2025-08-06 00:40:32.000058,724,1.037,0.0011,"aoml_navis",1030.65845535207
"7901009",78,0,1,0.031773,1,0.009345,1,131.581748707078,1,4.85120946572076,726,1,6.6729998588562,34.8689994812012,0.0317730009555817,0,126.883903503418,-88.1547,27.5395,16.5391823513399,63,63,63,63,61,63,0,7591,0.941689079772035,28,-88,0.001869,51,2025-08-06 00:40:32.000058,726,1.037,0.0011,"aoml_navis",1030.67081216151
"7901009",78,0,1,0.031773,1,0.009345,1,132.04954599066,1,4.85113613772539,728,1,6.63500022888184,34.8699989318848,0.0317730009555817,0,127.334999084473,-88.1547,27.5395,16.5391823513399,63,63,63,63,61,63,0,7591,0.941689079772035,28,-88,0.001869,51,2025-08-06 00:40:32.000058,728,1.037,0.0011,"aoml_navis",1030.68639140365
"7901009",78,0,1,0.031773,1,0.009345,1,132.411363762461,1,4.85107095055182,730,1,6.59800004959106,34.8689994812012,0.0317730009555817,0,127.683898925781,-88.1547,27.5395,16.5391823513399,63,63,63,63,61,63,0,7591,0.941689079772035,28,-88,0.001869,51,2025-08-06 00:40:32.000058,730,1.037,0.0011,"aoml_navis",1030.70024144488
"7901009",78,0,1,0.028035,1,0.005607,1,132.501377118604,1,4.85101785607862,732,1,6.57800006866455,34.8680000305176,0.0280349999666214,0,127.770698547363,-88.1547,27.5395,16.5391823513399,63,63,63,63,61,63,0,7591,0.941689079772035,28,-88,0.001869,51,2025-08-06 00:40:32.000058,732,1.037,0.0011,"aoml_navis",1030.71152247661
"7901009",78,0,1,0.033642,1,0.011214,1,132.389796002168,1,4.85096448189,734,1,6.56799983978271,34.8689994812012,0.0336420014500618,0,127.663101196289,-88.1547,27.5395,16.5391823513399,63,63,63,63,61,63,0,7591,0.941689079772035,28,-88,0.001869,51,2025-08-06 00:40:32.000058,734,1.037,0.0011,"aoml_navis",1030.72286318863
"7901009",78,0,1,0.031773,1,0.009345,1,132.435835179403,1,4.85091379768636,736,1,6.56699991226196,34.8709983825684,0.0317730009555817,0,127.707496643066,-88.1547,27.5395,16.5391823513399,63,63,63,63,61,63,0,7591,0.941689079772035,28,-88,0.001869,51,2025-08-06 00:40:32.000058,736,1.037,0.0011,"aoml_navis",1030.73363257553
"7901009",78,0,1,0.029904,1,0.007476,1,132.628204410418,1,4.85086340709069,738,1,6.55600023269653,34.8709983825684,0.0299040004611015,0,127.892997741699,-88.1547,27.5395,16.5391823513399,63,63,63,63,61,63,0,7591,0.941689079772035,28,-88,0.001869,51,2025-08-06 00:40:32.000058,738,1.037,0.0011,"aoml_navis",1030.74433979965
"7901009",78,0,1,0.031773,1,0.009345,1,132.846706551282,1,4.85081372803901,740,1,6.5460000038147,34.8709983825684,0.0317730009555817,0,128.103698730469,-88.1547,27.5395,16.5391823513399,63,63,63,63,61,63,0,7591,0.941689079772035,28,-88,0.001869,51,2025-08-06 00:40:32.000058,740,1.037,0.0011,"aoml_navis",1030.75489604943
"7901009",78,0,1,0.028035,1,0.005607,1,133.111358635573,1,4.85075752377846,742,1,6.53200006484985,34.8720016479492,0.0280349999666214,0,128.358901977539,-88.1547,27.5395,16.5391823513399,63,63,63,63,61,63,0,7591,0.941689079772035,28,-88,0.001869,51,2025-08-06 00:40:32.000058,742,1.037,0.0011,"aoml_navis",1030.76683909471
"7901009",78,0,1,0.031773,1,0.009345,1,133.583728980582,1,4.85071014024786,744,1,6.51999998092651,34.8709983825684,0.0317730009555817,0,128.814407348633,-88.1547,27.5395,16.5391823513399,63,63,63,63,61,63,0,7591,0.941689079772035,28,-88,0.001869,51,2025-08-06 00:40:32.000058,744,1.037,0.0011,"aoml_navis",1030.7769080064
"7901009",78,0,1,0.028035,1,0.005607,1,134.0579507034,1,4.85066062927728,746,1,6.50500011444092,34.8699989318848,0.0280349999666214,0,129.271697998047,-88.1547,27.5395,16.5391823513399,63,63,63,63,61,63,0,7591,0.941689079772035,28,-88,0.001869,51,2025-08-06 00:40:32.000058,746,1.037,0.0011,"aoml_navis",1030.78742920528
"7901009",78,0,1,0.028035,1,0.005607,1,134.482723232592,1,4.85061324310509,748,1,6.49300003051758,34.8689994812012,0.0280349999666214,0,129.681304931641,-88.1547,27.5395,16.5391823513399,63,63,63,63,61,63,0,7591,0.941689079772035,28,-88,0.001869,51,2025-08-06 00:40:32.000058,748,1.037,0.0011,"aoml_navis",1030.79749908061
"7901009",78,0,1,0.029904,1,0.007476,1,135.167464018454,1,4.85055474820504,750,1,6.46000003814697,34.867000579834,0.0299040004611015,0,130.341598510742,-88.1547,27.5395,16.5391823513399,63,63,63,63,61,63,0,7591,0.941689079772035,28,-88,0.001869,51,2025-08-06 00:40:32.000058,750,1.037,0.0011,"aoml_navis",1030.80992990549
"7901009",78,0,1,0.028035,1,0.005607,1,135.495268656911,1,4.85049840659495,752,1,6.42999982833862,34.8650016784668,0.0280349999666214,0,130.657699584961,-88.1547,27.5395,16.5391823513399,63,63,63,63,61,63,0,7591,0.941689079772035,28,-88,0.001869,51,2025-08-06 00:40:32.000058,752,1.037,0.0011,"aoml_navis",1030.82190341549
"7901009",78,0,1,0.029904,1,0.007476,1,135.64013501456,1,4.85044877062425,754,1,6.42000007629395,34.8650016784668,0.0299040004611015,0,130.797393798828,-88.1547,27.5395,16.5391823513399,63,63,63,63,61,63,0,7591,0.941689079772035,28,-88,0.001869,51,2025-08-06 00:40:32.000058,754,1.037,0.0011,"aoml_navis",1030.83245209834
"7901009",78,0,1,0.028035,1,0.005607,1,135.680169081721,1,4.85039896374767,756,1,6.41499996185303,34.8660011291504,0.0280349999666214,0,130.835998535156,-88.1547,27.5395,16.5391823513399,63,63,63,63,61,63,0,7591,0.941689079772035,28,-88,0.001869,51,2025-08-06 00:40:32.000058,756,1.037,0.0011,"aoml_navis",1030.84303731929
"7901009",78,0,1,0.028035,1,0.005607,1,135.88394723069,1,4.85035425069526,758,1,6.41200017929077,34.8660011291504,0.0280349999666214,0,131.032501220703,-88.1547,27.5395,16.5391823513399,63,63,63,63,61,63,0,7591,0.941689079772035,28,-88,0.001869,51,2025-08-06 00:40:32.000058,758,1.037,0.0011,"aoml_navis",1030.85254015896
"7901009",78,0,1,0.028035,1,0.005607,1,136.159691758096,1,4.85030093541559,760,1,6.40199995040894,34.867000579834,0.0280349999666214,0,131.298400878906,-88.1547,27.5395,16.5391823513399,63,63,63,63,61,63,0,7591,0.941689079772035,28,-88,0.001869,51,2025-08-06 00:40:32.000058,760,1.037,0.0011,"aoml_navis",1030.86387145411
"7901009",78,0,1,0.029904,1,0.007476,1,136.426005335293,1,4.85024200936686,762,1,6.38399982452393,34.8680000305176,0.0299040004611015,0,131.555206298828,-88.1547,27.5395,16.5391823513399,63,63,63,63,61,63,0,7591,0.941689079772035,28,-88,0.001869,51,2025-08-06 00:40:32.000058,762,1.037,0.0011,"aoml_navis",1030.87639551674
"7901009",78,0,1,0.033642,1,0.011214,1,136.711497287747,1,4.85019555652836,764,1,6.36800003051758,34.8660011291504,0.0336420014500618,0,131.830505371094,-88.1547,27.5395,16.5391823513399,63,63,63,63,61,63,0,7591,0.941689079772035,28,-88,0.001869,51,2025-08-06 00:40:32.000058,764,1.037,0.0011,"aoml_navis",1030.88626875467
"7901009",78,0,1,0.031773,1,0.009345,1,137.046343491376,1,4.8501457607345,766,1,6.36299991607666,34.867000579834,0.0317730009555817,0,132.153396606445,-88.1547,27.5395,16.5391823513399,63,63,63,63,61,63,0,7591,0.941689079772035,28,-88,0.001869,51,2025-08-06 00:40:32.000058,766,1.037,0.0011,"aoml_navis",1030.89685272527
"7901009",78,0,1,0.028035,1,0.005607,1,137.474423182637,1,4.8500886319936,768,1,6.33699989318848,34.8660011291504,0.0280349999666214,0,132.566192626953,-88.1547,27.5395,16.5391823513399,63,63,63,63,61,63,0,7591,0.941689079772035,28,-88,0.001869,51,2025-08-06 00:40:32.000058,768,1.037,0.0011,"aoml_navis",1030.90899556299
"7901009",78,0,1,0.031773,1,0.009345,1,137.655605028086,1,4.8500355323197,770,1,6.32200002670288,34.8660011291504,0.0317730009555817,0,132.740905761719,-88.1547,27.5395,16.5391823513399,63,63,63,63,61,63,0,7591,0.941689079772035,28,-88,0.001869,51,2025-08-06 00:40:32.000058,770,1.037,0.0011,"aoml_navis",1030.9202822703
"7901009",78,0,1,0.031773,1,0.009345,1,137.833448063982,1,4.84999381588278,772,1,6.31799983978271,34.8650016784668,0.0317730009555817,0,132.912399291992,-88.1547,27.5395,16.5391823513399,63,63,63,63,61,63,0,7591,0.941689079772035,28,-88,0.001869,51,2025-08-06 00:40:32.000058,772,1.037,0.0011,"aoml_navis",1030.92914956427
"7901009",78,0,1,0.028035,1,0.005607,1,138.055170336334,1,4.84992757085749,774,1,6.30000019073486,34.8680000305176,0.0280349999666214,0,133.126205444336,-88.1547,27.5395,16.5391823513399,63,63,63,63,61,63,0,7591,0.941689079772035,28,-88,0.001869,51,2025-08-06 00:40:32.000058,774,1.037,0.0011,"aoml_navis",1030.94323099674
"7901009",78,0,1,0.029904,1,0.007476,1,138.308508445124,1,4.84988217185444,776,1,6.2960000038147,34.8680000305176,0.0299040004611015,0,133.370498657227,-88.1547,27.5395,16.5391823513399,63,63,63,63,61,63,0,7591,0.941689079772035,28,-88,0.001869,51,2025-08-06 00:40:32.000058,776,1.037,0.0011,"aoml_navis",1030.95288149818
"7901009",78,0,1,0.031773,1,0.009345,1,138.603130696689,1,4.84983328261768,778,1,6.28700017929077,34.8680000305176,0.0317730009555817,0,133.654602050781,-88.1547,27.5395,16.5391823513399,63,63,63,63,61,63,0,7591,0.941689079772035,28,-88,0.001869,51,2025-08-06 00:40:32.000058,778,1.037,0.0011,"aoml_navis",1030.96327412337
"7901009",78,0,1,0.029904,1,0.007476,1,138.867672014787,1,4.84977672055077,780,1,6.26700019836426,34.8680000305176,0.0299040004611015,0,133.909698486328,-88.1547,27.5395,16.5391823513399,63,63,63,63,61,63,0,7591,0.941689079772035,28,-88,0.001869,51,2025-08-06 00:40:32.000058,780,1.037,0.0011,"aoml_navis",1030.97529806118
"7901009",78,0,1,0.031773,1,0.009345,1,138.854095244185,1,4.84972525316285,782,1,6.24900007247925,34.867000579834,0.0317730009555817,0,133.896606445312,-88.1547,27.5395,16.5391823513399,63,63,63,63,61,63,0,7591,0.941689079772035,28,-88,0.001869,51,2025-08-06 00:40:32.000058,782,1.037,0.0011,"aoml_navis",1030.98623921822
"7901009",78,0,1,0.029904,1,0.007476,1,138.816751213158,1,4.84965786640763,784,1,6.22399997711182,34.8689994812012,0.0299040004611015,0,133.860595703125,-88.1547,27.5395,16.5391823513399,63,63,63,63,61,63,0,7591,0.941689079772035,28,-88,0.001869,51,2025-08-06 00:40:32.000058,784,1.037,0.0011,"aoml_navis",1031.00056493341
"7901009",78,0,1,0.029904,1,0.007476,1,138.938609849997,1,4.84959814857637,786,1,6.21000003814697,34.8709983825684,0.0299040004611015,0,133.978103637695,-88.1547,27.5395,16.5391823513399,63,63,63,63,61,63,0,7591,0.941689079772035,28,-88,0.001869,51,2025-08-06 00:40:32.000058,786,1.037,0.0011,"aoml_navis",1031.01326064878
"7901009",78,0,1,0.029904,1,0.007476,1,139.099663895672,1,4.84955484730857,788,1,6.20900011062622,34.8709983825684,0.0299040004611015,0,134.133407592773,-88.1547,27.5395,16.5391823513399,63,63,63,63,61,63,0,7591,0.941689079772035,28,-88,0.001869,51,2025-08-06 00:40:32.000058,788,1.037,0.0011,"aoml_navis",1031.02246647956
"7901009",78,0,1,0.028035,1,0.005607,1,139.341798795154,1,4.84950876618685,790,1,6.2039999961853,34.8709983825684,0.0280349999666214,0,134.366897583008,-88.1547,27.5395,16.5391823513399,63,63,63,63,61,63,0,7591,0.941689079772035,28,-88,0.001869,51,2025-08-06 00:40:32.000058,790,1.037,0.0011,"aoml_navis",1031.03226348665
"7901009",78,0,1,0.033642,1,0.011214,1,139.549406289677,1,4.84946706851612,792,1,6.19999980926514,34.8699989318848,0.0336420014500618,0,134.567092895508,-88.1547,27.5395,16.5391823513399,63,63,63,63,61,63,0,7591,0.941689079772035,28,-88,0.001869,51,2025-08-06 00:40:32.000058,792,1.037,0.0011,"aoml_navis",1031.04112871725
"7901009",78,0,1,0.029904,1,0.007476,1,139.955506803355,1,4.84942029573297,794,1,6.19399976730347,34.8699989318848,0.0299040004611015,0,134.958694458008,-88.1547,27.5395,16.5391823513399,63,63,63,63,61,63,0,7591,0.941689079772035,28,-88,0.001869,51,2025-08-06 00:40:32.000058,794,1.037,0.0011,"aoml_navis",1031.05107313539
"7901009",78,0,1,0.028035,1,0.005607,1,140.399046290512,1,4.84937005006254,796,1,6.18300008773804,34.8699989318848,0.0280349999666214,0,135.38639831543,-88.1547,27.5395,16.5391823513399,63,63,63,63,61,63,0,7591,0.941689079772035,28,-88,0.001869,51,2025-08-06 00:40:32.000058,796,1.037,0.0011,"aoml_navis",1031.06175614202
"7901009",78,0,1,0.026166,1,0.003738,1,140.786379846224,1,4.84931355956142,798,1,6.16300010681152,34.8699989318848,0.0261659994721413,0,135.759902954102,-88.1547,27.5395,16.5391823513399,63,63,63,63,61,63,0,7591,0.941689079772035,28,-88,0.001869,51,2025-08-06 00:40:32.000058,798,1.037,0.0011,"aoml_navis",1031.07376716061
"7901009",78,0,1,0.031773,1,0.009345,1,141.101525491112,1,4.84925985720289,800,1,6.14699983596802,34.8699989318848,0.0317730009555817,0,136.06379699707,-88.1547,27.5395,16.5391823513399,63,63,63,63,61,63,0,7591,0.941689079772035,28,-88,0.001869,51,2025-08-06 00:40:32.000058,800,1.037,0.0011,"aoml_navis",1031.08518562337
"7901009",78,0,1,0.031773,1,0.009345,1,141.347410617438,1,4.84921032257467,802,1,6.13700008392334,34.8699989318848,0.0317730009555817,0,136.300903320312,-88.1547,27.5395,16.5391823513399,63,63,63,63,61,63,0,7591,0.941689079772035,28,-88,0.001869,51,2025-08-06 00:40:32.000058,802,1.037,0.0011,"aoml_navis",1031.0957181468
"7901009",78,0,1,0.029904,1,0.007476,1,141.572851469151,1,4.84915940569764,804,1,6.125,34.8699989318848,0.0299040004611015,0,136.518295288086,-88.1547,27.5395,16.5391823513399,63,63,63,63,61,63,0,7591,0.941689079772035,28,-88,0.001869,51,2025-08-06 00:40:32.000058,804,1.037,0.0011,"aoml_navis",1031.10654480138
"7901009",78,0,1,0.033642,1,0.011214,1,141.909580698074,1,4.84910710933129,806,1,6.11100006103516,34.8699989318848,0.0336420014500618,0,136.843002319336,-88.1547,27.5395,16.5391823513399,63,63,63,63,61,63,0,7591,0.941689079772035,28,-88,0.001869,51,2025-08-06 00:40:32.000058,806,1.037,0.0011,"aoml_navis",1031.11766501885
"7901009",78,0,1,0.026166,1,0.003738,1,142.165624666739,1,4.84905827944867,808,1,6.10200023651123,34.8699989318848,0.0261659994721413,0,137.089904785156,-88.1547,27.5395,16.5391823513399,63,63,63,63,61,63,0,7591,0.941689079772035,28,-88,0.001869,51,2025-08-06 00:40:32.000058,808,1.037,0.0011,"aoml_navis",1031.12804834519
"7901009",78,0,1,0.029904,1,0.007476,1,142.588308461991,1,4.84901291189196,810,1,6.09800004959106,34.8699989318848,0.0299040004611015,0,137.497497558594,-88.1547,27.5395,16.5391823513399,63,63,63,63,61,63,0,7591,0.941689079772035,28,-88,0.001869,51,2025-08-06 00:40:32.000058,810,1.037,0.0011,"aoml_navis",1031.13769562002
"7901009",78,0,1,0.028035,1,0.005607,1,143.390857006751,1,4.84896777302151,812,1,6.08900022506714,34.8689994812012,0.0280349999666214,0,138.271392822266,-88.1547,27.5395,16.5391823513399,63,63,63,63,61,63,0,7591,0.941689079772035,28,-88,0.001869,51,2025-08-06 00:40:32.000058,812,1.037,0.0011,"aoml_navis",1031.14729444456
"7901009",78,0,1,0.026166,1,0.003738,1,144.01649611639,1,4.84889339961855,814,1,6.04300022125244,34.8689994812012,0.0261659994721413,0,138.874694824219,-88.1547,27.5395,16.5391823513399,63,63,63,63,61,63,0,7591,0.941689079772035,28,-88,0.001869,51,2025-08-06 00:40:32.000058,814,1.037,0.0011,"aoml_navis",1031.16311041058
"7901009",78,0,1,0.029904,1,0.007476,1,144.202535850621,1,4.84884183290019,816,1,6.03000020980835,34.8689994812012,0.0299040004611015,0,139.054092407227,-88.1547,27.5395,16.5391823513399,63,63,63,63,61,63,0,7591,0.941689079772035,28,-88,0.001869,51,2025-08-06 00:40:32.000058,816,1.037,0.0011,"aoml_navis",1031.17407667831
"7901009",78,0,1,0.029904,1,0.007476,1,144.525783251393,1,4.84879096082681,818,1,6.01800012588501,34.8689994812012,0.0299040004611015,0,139.365798950195,-88.1547,27.5395,16.5391823513399,63,63,63,63,61,63,0,7591,0.941689079772035,28,-88,0.001869,51,2025-08-06 00:40:32.000058,818,1.037,0.0011,"aoml_navis",1031.18489545019
"7901009",78,0,1,0.026166,1,0.003738,1,144.795625523048,1,4.84873665242989,820,1,6.00099992752075,34.8689994812012,0.0261659994721413,0,139.626007080078,-88.1547,27.5395,16.5391823513399,63,63,63,63,61,63,0,7591,0.941689079772035,28,-88,0.001869,51,2025-08-06 00:40:32.000058,820,1.037,0.0011,"aoml_navis",1031.19644526256
"7901009",78,0,1,0.029904,1,0.007476,1,144.759848042475,1,4.84868716830589,822,1,5.99100017547607,34.8689994812012,0.0299040004611015,0,139.591506958008,-88.1547,27.5395,16.5391823513399,63,63,63,63,61,63,0,7591,0.941689079772035,28,-88,0.001869,51,2025-08-06 00:40:32.000058,822,1.037,0.0011,"aoml_navis",1031.20696931804
"7901009",78,0,1,0.029904,1,0.007476,1,144.706949273101,1,4.84863606410035,824,1,5.98400020599365,34.8699989318848,0.0299040004611015,0,139.540496826172,-88.1547,27.5395,16.5391823513399,63,63,63,63,61,63,0,7591,0.941689079772035,28,-88,0.001869,51,2025-08-06 00:40:32.000058,824,1.037,0.0011,"aoml_navis",1031.21783815048
"7901009",78,0,1,0.029904,1,0.007476,1,144.934684567398,1,4.84858564980211,826,1,5.97800016403198,34.8709983825684,0.0299040004611015,0,139.760101318359,-88.1547,27.5395,16.5391823513399,63,63,63,63,61,63,0,7591,0.941689079772035,28,-88,0.001869,51,2025-08-06 00:40:32.000058,826,1.037,0.0011,"aoml_navis",1031.22856047806
"7901009",78,0,1,0.028035,1,0.005607,1,145.243516539244,1,4.84853961134919,828,1,5.97300004959106,34.8709983825684,0.0280349999666214,0,140.057907104492,-88.1547,27.5395,16.5391823513399,63,63,63,63,61,63,0,7591,0.941689079772035,28,-88,0.001869,51,2025-08-06 00:40:32.000058,828,1.037,0.0011,"aoml_navis",1031.23835232701
"7901009",78,0,1,0.028035,1,0.005607,1,145.744084792426,1,4.84847682114066,830,1,5.94899988174438,34.8720016479492,0.0280349999666214,0,140.540603637695,-88.1547,27.5395,16.5391823513399,63,63,63,63,61,63,0,7591,0.941689079772035,28,-88,0.001869,51,2025-08-06 00:40:32.000058,830,1.037,0.0011,"aoml_navis",1031.25170738131
"7901009",78,0,1,0.031773,1,0.009345,1,145.930535943949,1,4.84842529725747,832,1,5.93599987030029,34.8720016479492,0.0317730009555817,0,140.720397949219,-88.1547,27.5395,16.5391823513399,63,63,63,63,61,63,0,7591,0.941689079772035,28,-88,0.001869,51,2025-08-06 00:40:32.000058,832,1.037,0.0011,"aoml_navis",1031.26266642249
"7901009",78,0,1,0.028035,1,0.005607,1,146.150485957201,1,4.84837720816273,834,1,5.92799997329712,34.8720016479492,0.0280349999666214,0,140.932495117188,-88.1547,27.5395,16.5391823513399,63,63,63,63,61,63,0,7591,0.941689079772035,28,-88,0.001869,51,2025-08-06 00:40:32.000058,834,1.037,0.0011,"aoml_navis",1031.27289510024
"7901009",78,0,1,0.028035,1,0.005607,1,146.398966177209,1,4.84832706469749,836,1,5.91699981689453,34.8720016479492,0.0280349999666214,0,141.172103881836,-88.1547,27.5395,16.5391823513399,63,63,63,63,61,63,0,7591,0.941689079772035,28,-88,0.001869,51,2025-08-06 00:40:32.000058,836,1.037,0.0011,"aoml_navis",1031.28356096413
"7901009",78,0,1,0.031773,1,0.009345,1,146.624407028922,1,4.84826981423924,838,1,5.90100002288818,34.8730010986328,0.0317730009555817,0,141.389495849609,-88.1547,27.5395,16.5391823513399,63,63,63,63,61,63,0,7591,0.941689079772035,28,-88,0.001869,51,2025-08-06 00:40:32.000058,838,1.037,0.0011,"aoml_navis",1031.29573880462
"7901009",78,0,1,0.031773,1,0.009345,1,146.774463573935,1,4.84822036571342,840,1,5.89099979400635,34.8730010986328,0.0317730009555817,0,141.534194946289,-88.1547,27.5395,16.5391823513399,63,63,63,63,61,63,0,7591,0.941689079772035,28,-88,0.001869,51,2025-08-06 00:40:32.000058,840,1.037,0.0011,"aoml_navis",1031.30625731453
"7901009",78,0,1,0.028035,1,0.005607,1,146.981042525231,1,4.84817578840239,841.900024414062,1,5.88500022888184,34.8730010986328,0.0280349999666214,0,141.7333984375,-88.1547,27.5395,16.5391823513399,63,63,63,63,61,63,0,7591,0.941689079772035,28,-88,0.001869,51,2025-08-06 00:40:32.000058,841.900024414062,1.037,0.0011,"aoml_navis",1031.31573982132
"7901009",78,0,1,0.033642,1,0.011214,1,147.257720653413,1,4.84812626923495,844,1,5.87799978256226,34.8730010986328,0.0336420014500618,0,142.000198364258,-88.1547,27.5395,16.5391823513399,63,63,63,63,61,63,0,7591,0.941689079772035,28,-88,0.001869,51,2025-08-06 00:40:32.000058,844,1.037,0.0011,"aoml_navis",1031.32627376659
"7901009",78,0,1,0.029904,1,0.007476,1,147.53968391141,1,4.84806972387263,846,1,5.86299991607666,34.8740005493164,0.0299040004611015,0,142.272094726562,-88.1547,27.5395,16.5391823513399,63,63,63,63,61,63,0,7591,0.941689079772035,28,-88,0.001869,51,2025-08-06 00:40:32.000058,846,1.037,0.0011,"aoml_navis",1031.33830261954
"7901009",78,0,1,0.029904,1,0.007476,1,147.79738937298,1,4.84802097312173,848,1,5.85400009155273,34.8740005493164,0.0299040004611015,0,142.520599365234,-88.1547,27.5395,16.5391823513399,63,63,63,63,61,63,0,7591,0.941689079772035,28,-88,0.001869,51,2025-08-06 00:40:32.000058,848,1.037,0.0011,"aoml_navis",1031.34867355584
"7901009",78,0,1,0.029904,1,0.007476,1,148.13369136087,1,4.84796880940675,850,1,5.84000015258789,34.8740005493164,0.0299040004611015,0,142.84489440918,-88.1547,27.5395,16.5391823513399,63,63,63,63,61,63,0,7591,0.941689079772035,28,-88,0.001869,51,2025-08-06 00:40:32.000058,850,1.037,0.0011,"aoml_navis",1031.35977077622
"7901009",78,0,1,0.031773,1,0.009345,1,148.458489488354,1,4.84790955412019,852,1,5.82100009918213,34.875,0.0317730009555817,0,143.158096313477,-88.1547,27.5395,16.5391823513399,63,63,63,63,61,63,0,7591,0.941689079772035,28,-88,0.001869,51,2025-08-06 00:40:32.000058,852,1.037,0.0011,"aoml_navis",1031.37237693524
"7901009",78,0,1,0.029904,1,0.007476,1,148.678961685091,1,4.84785467966016,854,1,5.80299997329712,34.875,0.0299040004611015,0,143.370697021484,-88.1547,27.5395,16.5391823513399,63,63,63,63,61,63,0,7591,0.941689079772035,28,-88,0.001869,51,2025-08-06 00:40:32.000058,854,1.037,0.0011,"aoml_navis",1031.38405137806
"7901009",78,0,1,0.029904,1,0.007476,1,148.845617335421,1,4.84780662867086,856,1,5.79500007629395,34.875,0.0299040004611015,0,143.531402587891,-88.1547,27.5395,16.5391823513399,63,63,63,63,61,63,0,7591,0.941689079772035,28,-88,0.001869,51,2025-08-06 00:40:32.000058,856,1.037,0.0011,"aoml_navis",1031.39427435679
"7901009",78,0,1,0.029904,1,0.007476,1,149.087546526257,1,4.84775557535473,858,1,5.78800010681152,34.8759994506836,0.0299040004611015,0,143.764694213867,-88.1547,27.5395,16.5391823513399,63,63,63,63,61,63,0,7591,0.941689079772035,28,-88,0.001869,51,2025-08-06 00:40:32.000058,858,1.037,0.0011,"aoml_navis",1031.40513631076
"7901009",78,0,1,0.033642,1,0.011214,1,149.369937025286,1,4.84770821046633,860,1,5.7810001373291,34.8759994506836,0.0336420014500618,0,144.037002563477,-88.1547,27.5395,16.5391823513399,63,63,63,63,61,63,0,7591,0.941689079772035,28,-88,0.001869,51,2025-08-06 00:40:32.000058,860,1.037,0.0011,"aoml_navis",1031.41521373025
"7901009",78,0,1,0.028035,1,0.005607,1,149.831199103439,1,4.84765948578178,862,1,5.77199983596802,34.8759994506836,0.0280349999666214,0,144.481796264648,-88.1547,27.5395,16.5391823513399,63,63,63,63,61,63,0,7591,0.941689079772035,28,-88,0.001869,51,2025-08-06 00:40:32.000058,862,1.037,0.0011,"aoml_navis",1031.42558066734
"7901009",78,0,1,0.029904,1,0.007476,1,150.260845345154,1,4.84760056114067,864,1,5.7480001449585,34.8759994506836,0.0299040004611015,0,144.896102905273,-88.1547,27.5395,16.5391823513399,63,63,63,63,61,63,0,7591,0.941689079772035,28,-88,0.001869,51,2025-08-06 00:40:32.000058,864,1.037,0.0011,"aoml_navis",1031.43811808279
"7901009",78,0,1,0.029904,1,0.007476,1,150.525497429446,1,4.84754272511012,866,1,5.73099994659424,34.8769989013672,0.0299040004611015,0,145.151306152344,-88.1547,27.5395,16.5391823513399,63,63,63,63,61,63,0,7591,0.941689079772035,28,-88,0.001869,51,2025-08-06 00:40:32.000058,866,1.037,0.0011,"aoml_navis",1031.45042417061
"7901009",78,0,1,0.031773,1,0.009345,1,150.75788490388,1,4.84749401582602,868,1,5.72200012207031,34.8769989013672,0.0317730009555817,0,145.375396728516,-88.1547,27.5395,16.5391823513399,63,63,63,63,61,63,0,7591,0.941689079772035,28,-88,0.001869,51,2025-08-06 00:40:32.000058,868,1.037,0.0011,"aoml_navis",1031.46078853859
"7901009",78,0,1,0.029904,1,0.007476,1,150.914587420516,1,4.84744598827816,870,1,5.71400022506714,34.8769989013672,0.0299040004611015,0,145.526504516602,-88.1547,27.5395,16.5391823513399,63,63,63,63,61,63,0,7591,0.941689079772035,28,-88,0.001869,51,2025-08-06 00:40:32.000058,870,1.037,0.0011,"aoml_navis",1031.47100805058
"7901009",78,0,1,0.033642,1,0.011214,1,151.098142827259,1,4.84739495551353,872,1,5.70699977874756,34.8779983520508,0.0336420014500618,0,145.703506469727,-88.1547,27.5395,16.5391823513399,63,63,63,63,61,63,0,7591,0.941689079772035,28,-88,0.001869,51,2025-08-06 00:40:32.000058,872,1.037,0.0011,"aoml_navis",1031.48186724766
"7901009",78,0,1,0.028035,1,0.005607,1,151.236584745673,1,4.84734761139302,874,1,5.69999980926514,34.8779983520508,0.0280349999666214,0,145.837005615234,-88.1547,27.5395,16.5391823513399,63,63,63,63,61,63,0,7591,0.941689079772035,28,-88,0.001869,51,2025-08-06 00:40:32.000058,874,1.037,0.0011,"aoml_navis",1031.49194174732
"7901009",78,0,1,0.033642,1,0.011214,1,151.486504926199,1,4.84729959129059,876,1,5.69199991226196,34.8779983520508,0.0336420014500618,0,146.078002929688,-88.1547,27.5395,16.5391823513399,63,63,63,63,61,63,0,7591,0.941689079772035,28,-88,0.001869,51,2025-08-06 00:40:32.000058,876,1.037,0.0011,"aoml_navis",1031.50216029225
"7901009",78,0,1,0.029904,1,0.007476,1,151.684887179159,1,4.84724750639274,878,1,5.67799997329712,34.8779983520508,0.0299040004611015,0,146.269302368164,-88.1547,27.5395,16.5391823513399,63,63,63,63,61,63,0,7591,0.941689079772035,28,-88,0.001869,51,2025-08-06 00:40:32.000058,878,1.037,0.0011,"aoml_navis",1031.51324404331
"7901009",78,0,1,0.029904,1,0.007476,1,151.757992867018,1,4.84719443787644,880,1,5.66800022125244,34.8790016174316,0.0299040004611015,0,146.339797973633,-88.1547,27.5395,16.5391823513399,63,63,63,63,61,63,0,7591,0.941689079772035,28,-88,0.001869,51,2025-08-06 00:40:32.000058,880,1.037,0.0011,"aoml_navis",1031.52453735495
"7901009",78,0,1,0.031773,1,0.009345,1,151.92080334805,1,4.84715116886078,882,1,5.66699981689453,34.8790016174316,0.0317730009555817,0,146.496795654297,-88.1547,27.5395,16.5391823513399,63,63,63,63,61,63,0,7591,0.941689079772035,28,-88,0.001869,51,2025-08-06 00:40:32.000058,882,1.037,0.0011,"aoml_navis",1031.53374545468
"7901009",78,0,1,0.029904,1,0.007476,1,152.038816815593,1,4.84710586950928,884,1,5.66300010681152,34.8790016174316,0.0299040004611015,0,146.610595703125,-88.1547,27.5395,16.5391823513399,63,63,63,63,61,63,0,7591,0.941689079772035,28,-88,0.001869,51,2025-08-06 00:40:32.000058,884,1.037,0.0011,"aoml_navis",1031.54338580729
"7901009",78,0,1,0.029904,1,0.007476,1,152.232752597062,1,4.84705921661992,886,1,5.65700006484985,34.8790016174316,0.0299040004611015,0,146.797607421875,-88.1547,27.5395,16.5391823513399,63,63,63,63,61,63,0,7591,0.941689079772035,28,-88,0.001869,51,2025-08-06 00:40:32.000058,886,1.037,0.0011,"aoml_navis",1031.55331440055
"7901009",78,0,1,0.029904,1,0.007476,1,152.521551711586,1,4.84700985643564,888,1,5.64699983596802,34.8790016174316,0.0299040004611015,0,147.076095581055,-88.1547,27.5395,16.5391823513399,63,63,63,63,61,63,0,7591,0.941689079772035,28,-88,0.001869,51,2025-08-06 00:40:32.000058,888,1.037,0.0011,"aoml_navis",1031.56381936406
"7901009",78,0,1,0.026166,1,0.003738,1,152.671924731438,1,4.84695749151628,890,1,5.63800001144409,34.8800010681152,0.0261659994721413,0,147.221099853516,-88.1547,27.5395,16.5391823513399,63,63,63,63,61,63,0,7591,0.941689079772035,28,-88,0.001869,51,2025-08-06 00:40:32.000058,890,1.037,0.0011,"aoml_navis",1031.57496403705
"7901009",78,0,1,0.029904,1,0.007476,1,152.864088253808,1,4.8469115221813,892,1,5.63299989700317,34.8800010681152,0.0299040004611015,0,147.406402587891,-88.1547,27.5395,16.5391823513399,63,63,63,63,61,63,0,7591,0.941689079772035,28,-88,0.001869,51,2025-08-06 00:40:32.000058,892,1.037,0.0011,"aoml_navis",1031.58474775496
"7901009",78,0,1,0.033642,1,0.011214,1,153.086221943451,1,4.84686081805496,894,1,5.62099981307983,34.8800010681152,0.0336420014500618,0,147.62060546875,-88.1547,27.5395,16.5391823513399,63,63,63,63,61,63,0,7591,0.941689079772035,28,-88,0.001869,51,2025-08-06 00:40:32.000058,894,1.037,0.0011,"aoml_navis",1031.59553940039
"7901009",78,0,1,0.028035,1,0.005607,1,153.304716172444,1,4.8468135000692,896,1,5.61399984359741,34.8800010681152,0.0280349999666214,0,147.831298828125,-88.1547,27.5395,16.5391823513399,63,63,63,63,61,63,0,7591,0.941689079772035,28,-88,0.001869,51,2025-08-06 00:40:32.000058,896,1.037,0.0011,"aoml_navis",1031.60561055807
"7901009",78,0,1,0.029904,1,0.007476,1,153.659690175847,1,4.84676686047498,898,1,5.60799980163574,34.8800010681152,0.0299040004611015,0,148.173599243164,-88.1547,27.5395,16.5391823513399,63,63,63,63,61,63,0,7591,0.941689079772035,28,-88,0.001869,51,2025-08-06 00:40:32.000058,898,1.037,0.0011,"aoml_navis",1031.61553751938
"7901009",78,0,1,0.031773,1,0.009345,1,153.99029561663,1,4.84671315781025,900,1,5.59700012207031,34.8810005187988,0.0317730009555817,0,148.492401123047,-88.1547,27.5395,16.5391823513399,63,63,63,63,61,63,0,7591,0.941689079772035,28,-88,0.001869,51,2025-08-06 00:40:32.000058,900,1.037,0.0011,"aoml_navis",1031.62696805003
"7901009",78,0,1,0.031773,1,0.009345,1,154.208378428332,1,4.84666246892881,902,1,5.58500003814697,34.8810005187988,0.0317730009555817,0,148.702697753906,-88.1547,27.5395,16.5391823513399,63,63,63,63,61,63,0,7591,0.941689079772035,28,-88,0.001869,51,2025-08-06 00:40:32.000058,902,1.037,0.0011,"aoml_navis",1031.63775733388
"7901009",78,0,1,0.028035,1,0.005607,1,154.415479563112,1,4.84661381070368,904,1,5.57600021362305,34.8810005187988,0.0280349999666214,0,148.902404785156,-88.1547,27.5395,16.5391823513399,63,63,63,63,61,63,0,7591,0.941689079772035,28,-88,0.001869,51,2025-08-06 00:40:32.000058,904,1.037,0.0011,"aoml_navis",1031.6481145986
"7901009",78,0,1,0.028035,1,0.005607,1,154.541468196603,1,4.84656920598978,906,1,5.57299995422363,34.8810005187988,0.0280349999666214,0,149.023895263672,-88.1547,27.5395,16.5391823513399,63,63,63,63,61,63,0,7591,0.941689079772035,28,-88,0.001869,51,2025-08-06 00:40:32.000058,906,1.037,0.0011,"aoml_navis",1031.65760922605
"7901009",78,0,1,0.031773,1,0.009345,1,154.627549352869,1,4.84652460340809,908,1,5.57000017166138,34.8810005187988,0.0317730009555817,0,149.106903076172,-88.1547,27.5395,16.5391823513399,63,63,63,63,61,63,0,7591,0.941689079772035,28,-88,0.001869,51,2025-08-06 00:40:32.000058,908,1.037,0.0011,"aoml_navis",1031.66710357438
"7901009",78,0,1,0.024297,1,0.001869,1,154.736843938591,1,4.84647641981286,909.900024414062,1,5.56400012969971,34.8819999694824,0.0242970008403063,0,149.212295532227,-88.1547,27.5395,16.5391823513399,63,63,63,63,61,63,0,7591,0.941689079772035,28,-88,0.001869,51,2025-08-06 00:40:32.000058,909.900024414062,1.037,0.0011,"aoml_navis",1031.67736039311
"7901009",78,0,1,0.026166,1,0.003738,1,154.879336734946,1,4.84642834192423,912,1,5.55900001525879,34.8819999694824,0.0261659994721413,0,149.349700927734,-88.1547,27.5395,16.5391823513399,63,63,63,63,61,63,0,7591,0.941689079772035,28,-88,0.001869,51,2025-08-06 00:40:32.000058,912,1.037,0.0011,"aoml_navis",1031.68759491341
"7901009",78,0,1,0.029904,1,0.007476,1,154.963234214822,1,4.84638374463487,914,1,5.55600023269653,34.8819999694824,0.0299040004611015,0,149.430603027344,-88.1547,27.5395,16.5391823513399,63,63,63,63,61,63,0,7591,0.941689079772035,28,-88,0.001869,51,2025-08-06 00:40:32.000058,914,1.037,0.0011,"aoml_navis",1031.69708868704
"7901009",78,0,1,0.031773,1,0.009345,1,155.135174994966,1,4.84634283350661,916,1,5.55299997329712,34.8810005187988,0.0317730009555817,0,149.596405029297,-88.1547,27.5395,16.5391823513399,63,63,63,63,61,63,0,7591,0.941689079772035,28,-88,0.001869,51,2025-08-06 00:40:32.000058,916,1.037,0.0011,"aoml_navis",1031.7057979124
"7901009",78,0,1,0.028035,1,0.005607,1,155.271955420474,1,4.84629117909609,918,1,5.54500007629395,34.8819999694824,0.0280349999666214,0,149.728302001953,-88.1547,27.5395,16.5391823513399,63,63,63,63,61,63,0,7591,0.941689079772035,28,-88,0.001869,51,2025-08-06 00:40:32.000058,918,1.037,0.0011,"aoml_navis",1031.71679439463
"7901009",78,0,1,0.028035,1,0.005607,1,155.483819501585,1,4.84624321194358,920,1,5.53700017929077,34.8819999694824,0.0280349999666214,0,149.932601928711,-88.1547,27.5395,16.5391823513399,63,63,63,63,61,63,0,7591,0.941689079772035,28,-88,0.001869,51,2025-08-06 00:40:32.000058,920,1.037,0.0011,"aoml_navis",1031.72700612249
"7901009",78,0,1,0.028035,1,0.005607,1,155.718501418603,1,4.84619929598284,922,1,5.53499984741211,34.8819999694824,0.0280349999666214,0,150.158905029297,-88.1547,27.5395,16.5391823513399,63,63,63,63,61,63,0,7591,0.941689079772035,28,-88,0.001869,51,2025-08-06 00:40:32.000058,922,1.037,0.0011,"aoml_navis",1031.73635556933
"7901009",78,0,1,0.026166,1,0.003738,1,156.163892283569,1,4.8461499834485,924,1,5.52500009536743,34.8819999694824,0.0261659994721413,0,150.588394165039,-88.1547,27.5395,16.5391823513399,63,63,63,63,61,63,0,7591,0.941689079772035,28,-88,0.001869,51,2025-08-06 00:40:32.000058,924,1.037,0.0011,"aoml_navis",1031.74685411656
"7901009",78,0,1,0.033642,1,0.011214,1,156.49149121338,1,4.84609361879951,926,1,5.51000022888184,34.882999420166,0.0336420014500618,0,150.904296875,-88.1547,27.5395,16.5391823513399,63,63,63,63,61,63,0,7591,0.941689079772035,28,-88,0.001869,51,2025-08-06 00:40:32.000058,926,1.037,0.0011,"aoml_navis",1031.75885430761
"7901009",78,0,1,0.031773,1,0.009345,1,156.813899955828,1,4.84604094613546,928,1,5.49499988555908,34.882999420166,0.0317730009555817,0,151.215194702148,-88.1547,27.5395,16.5391823513399,63,63,63,63,61,63,0,7591,0.941689079772035,28,-88,0.001869,51,2025-08-06 00:40:32.000058,928,1.037,0.0011,"aoml_navis",1031.77006871709
"7901009",78,0,1,0.031773,1,0.009345,1,157.077301964505,1,4.84599030078749,930,1,5.48299980163574,34.882999420166,0.0317730009555817,0,151.469192504883,-88.1547,27.5395,16.5391823513399,63,63,63,63,61,63,0,7591,0.941689079772035,28,-88,0.001869,51,2025-08-06 00:40:32.000058,930,1.037,0.0011,"aoml_navis",1031.78085172549
"7901009",78,0,1,0.029904,1,0.007476,1,157.316129701916,1,4.84593866759816,932,1,5.47499990463257,34.8839988708496,0.0299040004611015,0,151.699493408203,-88.1547,27.5395,16.5391823513399,63,63,63,63,61,63,0,7591,0.941689079772035,28,-88,0.001869,51,2025-08-06 00:40:32.000058,932,1.037,0.0011,"aoml_navis",1031.79184528932
"7901009",78,0,1,0.026166,1,0.003738,1,157.597175182879,1,4.8458907214494,934,1,5.46700000762939,34.8839988708496,0.0261659994721413,0,151.970504760742,-88.1547,27.5395,16.5391823513399,63,63,63,63,61,63,0,7591,0.941689079772035,28,-88,0.001869,51,2025-08-06 00:40:32.000058,934,1.037,0.0011,"aoml_navis",1031.80205403074
"7901009",78,0,1,0.031773,1,0.009345,1,157.881005642427,1,4.84584345042049,936,1,5.46000003814697,34.8839988708496,0.0317730009555817,0,152.244201660156,-88.1547,27.5395,16.5391823513399,63,63,63,63,61,63,0,7591,0.941689079772035,28,-88,0.001869,51,2025-08-06 00:40:32.000058,936,1.037,0.0011,"aoml_navis",1031.81211922274
"7901009",78,0,1,0.029904,1,0.007476,1,158.363123412484,1,4.84579483688327,938,1,5.45100021362305,34.8839988708496,0.0299040004611015,0,152.709106445312,-88.1547,27.5395,16.5391823513399,63,63,63,63,61,63,0,7591,0.941689079772035,28,-88,0.001869,51,2025-08-06 00:40:32.000058,938,1.037,0.0011,"aoml_navis",1031.82247047337
"7901009",78,0,1,0.031773,1,0.009345,1,158.991246849611,1,4.84573313709704,940,1,5.42799997329712,34.8849983215332,0.0317730009555817,0,153.314804077148,-88.1547,27.5395,16.5391823513399,63,63,63,63,61,63,0,7591,0.941689079772035,28,-88,0.001869,51,2025-08-06 00:40:32.000058,940,1.037,0.0011,"aoml_navis",1031.83560847005
"7901009",78,0,1,0.029904,1,0.007476,1,159.398993032453,1,4.84567077258301,942,1,5.40399980545044,34.8860015869141,0.0299040004611015,0,153.707992553711,-88.1547,27.5395,16.5391823513399,63,63,63,63,61,63,0,7591,0.941689079772035,28,-88,0.001869,51,2025-08-06 00:40:32.000058,942,1.037,0.0011,"aoml_navis",1031.84888835003
"7901009",78,0,1,0.031773,1,0.009345,1,159.759157223219,1,4.84562217554065,944,1,5.39499998092651,34.8860015869141,0.0317730009555817,0,154.055297851562,-88.1547,27.5395,16.5391823513399,63,63,63,63,61,63,0,7591,0.941689079772035,28,-88,0.001869,51,2025-08-06 00:40:32.000058,944,1.037,0.0011,"aoml_navis",1031.85923682589
"7901009",78,0,1,0.029904,1,0.007476,1,160.070267813907,1,4.84557023248609,946,1,5.38100004196167,34.8860015869141,0.0299040004611015,0,154.35530090332,-88.1547,27.5395,16.5391823513399,63,63,63,63,61,63,0,7591,0.941689079772035,28,-88,0.001869,51,2025-08-06 00:40:32.000058,946,1.037,0.0011,"aoml_navis",1031.87029804636
"7901009",78,0,1,0.029904,1,0.007476,1,160.267716466092,1,4.84551661937969,948,1,5.36999988555908,34.8870010375977,0.0299040004611015,0,154.545700073242,-88.1547,27.5395,16.5391823513399,63,63,63,63,61,63,0,7591,0.941689079772035,28,-88,0.001869,51,2025-08-06 00:40:32.000058,948,1.037,0.0011,"aoml_navis",1031.88171515137
"7901009",78,0,1,0.028035,1,0.005607,1,160.40813635225,1,4.84547070971811,950,1,5.36499977111816,34.8870010375977,0.0280349999666214,0,154.681106567383,-88.1547,27.5395,16.5391823513399,63,63,63,63,61,63,0,7591,0.941689079772035,28,-88,0.001869,51,2025-08-06 00:40:32.000058,950,1.037,0.0011,"aoml_navis",1031.89149198074
"7901009",78,0,1,0.028035,1,0.005607,1,160.509028530991,1,4.84542614062934,952,1,5.36199998855591,34.8870010375977,0.0280349999666214,0,154.778396606445,-88.1547,27.5395,16.5391823513399,63,63,63,63,61,63,0,7591,0.941689079772035,28,-88,0.001869,51,2025-08-06 00:40:32.000058,952,1.037,0.0011,"aoml_navis",1031.90098350165
"7901009",78,0,1,0.028035,1,0.005607,1,160.660335151619,1,4.84537721957463,954,1,5.35799980163574,34.8880004882812,0.0280349999666214,0,154.924301147461,-88.1547,27.5395,16.5391823513399,63,63,63,63,61,63,0,7591,0.941689079772035,28,-88,0.001869,51,2025-08-06 00:40:32.000058,954,1.037,0.0011,"aoml_navis",1031.91140202681
"7901009",78,0,1,0.026166,1,0.003738,1,160.759059477711,1,4.84533265414291,956,1,5.35500001907349,34.8880004882812,0.0261659994721413,0,155.019500732422,-88.1547,27.5395,16.5391823513399,63,63,63,63,61,63,0,7591,0.941689079772035,28,-88,0.001869,51,2025-08-06 00:40:32.000058,956,1.037,0.0011,"aoml_navis",1031.92089313514
"7901009",78,0,1,0.028035,1,0.005607,1,160.889510406435,1,4.84528809051303,958,1,5.35200023651123,34.8880004882812,0.0280349999666214,0,155.145294189453,-88.1547,27.5395,16.5391823513399,63,63,63,63,61,63,0,7591,0.941689079772035,28,-88,0.001869,51,2025-08-06 00:40:32.000058,958,1.037,0.0011,"aoml_navis",1031.93038403432
"7901009",78,0,1,0.031773,1,0.009345,1,161.052953837146,1,4.84524352836553,960,1,5.34899997711182,34.8880004882812,0.0317730009555817,0,155.30290222168,-88.1547,27.5395,16.5391823513399,63,63,63,63,61,63,0,7591,0.941689079772035,28,-88,0.001869,51,2025-08-06 00:40:32.000058,960,1.037,0.0011,"aoml_navis",1031.93987479236
"7901009",78,0,1,0.029904,1,0.007476,1,161.266273702518,1,4.84519829856655,962,1,5.34499979019165,34.8880004882812,0.0299040004611015,0,155.508605957031,-88.1547,27.5395,16.5391823513399,63,63,63,63,61,63,0,7591,0.941689079772035,28,-88,0.001869,51,2025-08-06 00:40:32.000058,962,1.037,0.0011,"aoml_navis",1031.94950792401
"7901009",78,0,1,0.031773,1,0.009345,1,161.611705989518,1,4.8451517320874,964,1,5.33900022506714,34.8880004882812,0.0317730009555817,0,155.841705322266,-88.1547,27.5395,16.5391823513399,63,63,63,63,61,63,0,7591,0.941689079772035,28,-88,0.001869,51,2025-08-06 00:40:32.000058,964,1.037,0.0011,"aoml_navis",1031.95942593234
"7901009",78,0,1,0.031773,1,0.009345,1,161.891074153833,1,4.84509412444931,966,1,5.32200002670288,34.8889999389648,0.0317730009555817,0,156.111099243164,-88.1547,27.5395,16.5391823513399,63,63,63,63,61,63,0,7591,0.941689079772035,28,-88,0.001869,51,2025-08-06 00:40:32.000058,966,1.037,0.0011,"aoml_navis",1031.97169581681
"7901009",78,0,1,0.031773,1,0.009345,1,162.005669693112,1,4.84504555723592,968,1,5.31300020217896,34.8889999389648,0.0317730009555817,0,156.221603393555,-88.1547,27.5395,16.5391823513399,63,63,63,63,61,63,0,7591,0.941689079772035,28,-88,0.001869,51,2025-08-06 00:40:32.000058,968,1.037,0.0011,"aoml_navis",1031.98204040263
"7901009",78,0,1,0.029904,1,0.007476,1,162.186835714819,1,4.84500033456114,970,1,5.30900001525879,34.8889999389648,0.0299040004611015,0,156.396301269531,-88.1547,27.5395,16.5391823513399,63,63,63,63,61,63,0,7591,0.941689079772035,28,-88,0.001869,51,2025-08-06 00:40:32.000058,970,1.037,0.0011,"aoml_navis",1031.99167280406
"7901009",78,0,1,0.029904,1,0.007476,1,162.416010969635,1,4.8449544452343,972,1,5.30399990081787,34.8889999389648,0.0299040004611015,0,156.617294311523,-88.1547,27.5395,16.5391823513399,63,63,63,63,61,63,0,7591,0.941689079772035,28,-88,0.001869,51,2025-08-06 00:40:32.000058,972,1.037,0.0011,"aoml_navis",1032.00144738579
"7901009",78,0,1,0.031773,1,0.009345,1,162.819737922019,1,4.84490722115647,974,1,5.29699993133545,34.8889999389648,0.0317730009555817,0,157.006607055664,-88.1547,27.5395,16.5391823513399,63,63,63,63,61,63,0,7591,0.941689079772035,28,-88,0.001869,51,2025-08-06 00:40:32.000058,974,1.037,0.0011,"aoml_navis",1032.0115064673
"7901009",78,0,1,0.028035,1,0.005607,1,163.234430727581,1,4.84485878594825,975.900024414062,1,5.28499984741211,34.8889999389648,0.0280349999666214,0,157.406494140625,-88.1547,27.5395,16.5391823513399,63,63,63,63,61,63,0,7591,0.941689079772035,28,-88,0.001869,51,2025-08-06 00:40:32.000058,975.900024414062,1.037,0.0011,"aoml_navis",1032.02182373235
"7901009",78,0,1,0.029904,1,0.007476,1,163.59283848299,1,4.84480108405819,978,1,5.27099990844727,34.8899993896484,0.0299040004611015,0,157.752105712891,-88.1547,27.5395,16.5391823513399,63,63,63,63,61,63,0,7591,0.941689079772035,28,-88,0.001869,51,2025-08-06 00:40:32.000058,978,1.037,0.0011,"aoml_navis",1032.03411517812
"7901009",78,0,1,0.029904,1,0.007476,1,166.99593990027,1,4.84428659302305,1000,1,5.21220016479492,34.8919982910156,0.0299040004611015,0,161.033706665039,-88.1547,27.5395,16.5391823513399,63,63,63,63,61,63,0,7591,0.941689079772035,28,-88,0.001869,51,2025-08-06 00:40:32.000058,1000,1.037,0.0011,"aoml_navis",1032.14372312349
"7901009",78,0,1,0.033642,1,0.011214,1,172.871817473738,1,4.84308704911847,1048.90002441406,1,5.0100998878479,34.898998260498,0.0336420014500618,0,166.699798583984,-88.1547,27.5395,16.5391823513399,63,63,63,63,61,63,0,7591,0.941689079772035,28,-88,0.001869,51,2025-08-06 00:40:32.000058,1048.90002441406,1.037,0.0011,"aoml_navis",1032.39936620798
"7901009",78,0,1,0.029904,1,0.007476,1,177.790121302459,1,4.8419183963525,1099.19995117188,1,4.88089990615845,34.9029998779297,0.0299040004611015,0,171.442504882812,-88.1547,27.5395,16.5391823513399,63,63,63,63,61,63,0,7591,0.941689079772035,28,-88,0.001869,51,2025-08-06 00:40:32.000058,1099.19995117188,1.037,0.0011,"aoml_navis",1032.64854768444
"7901009",78,0,1,0.035511,1,0.013083,1,183.270579388073,1,4.84076020337127,1148.09997558594,1,4.73190021514893,34.9090003967285,0.0355109982192516,0,176.727294921875,-88.1547,27.5395,16.5391823513399,63,63,63,63,61,63,0,7591,0.941689079772035,28,-88,0.001869,51,2025-08-06 00:40:32.000058,1148.09997558594,1.037,0.0011,"aoml_navis",1032.89561761763
"7901009",78,0,4,0.024297,1,0.001869,1,188.70885137762,1,4.83955389668808,1199.30004882812,1,4.58209991455078,34.9150009155273,0.0242970008403063,0,181.971405029297,-88.1547,27.5395,16.5391823513399,63,63,63,63,61,63,0,7591,0.941689079772035,28,-88,0.001869,51,2025-08-06 00:40:32.000058,1199.30004882812,1.037,0.0011,"aoml_navis",1033.15307706806
"7901009",78,0,1,0.031773,1,0.009345,1,191.907652462446,1,4.83843117055473,1249.09997558594,1,4.50150012969971,34.9189987182617,0.0317730009555817,0,185.055999755859,-88.1547,27.5395,16.5391823513399,63,63,63,63,61,63,0,7591,0.941689079772035,28,-88,0.001869,51,2025-08-06 00:40:32.000058,1249.09997558594,1.037,0.0011,"aoml_navis",1033.39281344509
"7901009",78,0,1,0.031773,1,0.009345,1,194.744121503858,1,4.83731871720639,1299.59997558594,1,4.44619989395142,34.9210014343262,0.0317730009555817,0,187.791198730469,-88.1547,27.5395,16.5391823513399,63,63,63,63,61,63,0,7591,0.941689079772035,28,-88,0.001869,51,2025-08-06 00:40:32.000058,1299.59997558594,1.037,0.0011,"aoml_navis",1033.63046602965
"7901009",78,0,1,0.03738,1,0.014952,1,196.831652838273,1,4.83621996614753,1349.59997558594,1,4.39379978179932,34.9230003356934,0.0373799987137318,0,189.80419921875,-88.1547,27.5395,16.5391823513399,63,63,63,63,61,63,0,7591,0.941689079772035,28,-88,0.001869,51,2025-08-06 00:40:32.000058,1349.59997558594,1.037,0.0011,"aoml_navis",1033.86529872481
"7901009",78,0,1,0.031773,1,0.009345,1,198.416131592017,1,4.83514217734073,1399.40002441406,1,4.36479997634888,34.9249992370605,0.0317730009555817,0,191.332107543945,-88.1547,27.5395,16.5391823513399,63,63,63,63,61,63,0,7591,0.941689079772035,28,-88,0.001869,51,2025-08-06 00:40:32.000058,1399.40002441406,1.037,0.0011,"aoml_navis",1034.09575491531
"7901009",78,0,1,0.033642,1,0.011214,1,199.474518396796,1,4.83407387412081,1449,1,4.34170007705688,34.9269981384277,0.0336420014500618,0,192.35270690918,-88.1547,27.5395,16.5391823513399,63,63,63,63,61,63,0,7591,0.941689079772035,28,-88,0.001869,51,2025-08-06 00:40:32.000058,1449,1.037,0.0011,"aoml_navis",1034.32428427862
"7901009",78,0,1,0.029904,1,0.007476,1,200.575202063836,1,4.83301244142655,1498.90002441406,1,4.3253002166748,34.9269981384277,0.0299040004611015,0,193.414093017578,-88.1547,27.5395,16.5391823513399,63,63,63,63,61,63,0,7591,0.941689079772035,28,-88,0.001869,51,2025-08-06 00:40:32.000058,1498.90002441406,1.037,0.0011,"aoml_navis",1034.55144396942
"7901009",78,0,1,0.028035,1,0.005607,1,201.432927996812,1,4.83192178773205,1550,1,4.31169986724854,34.9290008544922,0.0280349999666214,0,194.241195678711,-88.1547,27.5395,16.5391823513399,63,63,63,63,61,63,0,7591,0.941689079772035,28,-88,0.001869,51,2025-08-06 00:40:32.000058,1550,1.037,0.0011,"aoml_navis",1034.78496127456
"7901009",78,0,1,0.029904,1,0.007476,1,202.076400463641,1,4.83088168217599,1599.30004882812,1,4.30389976501465,34.9290008544922,0.0299040004611015,0,194.861694335938,-88.1547,27.5395,16.5391823513399,63,63,63,63,61,63,0,7591,0.941689079772035,28,-88,0.001869,51,2025-08-06 00:40:32.000058,1599.30004882812,1.037,0.0011,"aoml_navis",1035.0077540603
"7901009",78,0,1,0.026166,1,0.003738,1,202.484573887516,1,4.82981778195619,1649.69995117188,1,4.29820013046265,34.9300003051758,0.0261659994721413,0,195.255294799805,-88.1547,27.5395,16.5391823513399,63,63,63,63,61,63,0,7591,0.941689079772035,28,-88,0.001869,51,2025-08-06 00:40:32.000058,1649.69995117188,1.037,0.0011,"aoml_navis",1035.23574298798
"7901009",78,0,1,0.031773,1,0.009345,1,202.942845278438,1,4.82876533411426,1699.80004882812,1,4.29250001907349,34.9300003051758,0.0317730009555817,0,195.697204589844,-88.1547,27.5395,16.5391823513399,63,63,63,63,61,63,0,7591,0.941689079772035,28,-88,0.001869,51,2025-08-06 00:40:32.000058,1699.80004882812,1.037,0.0011,"aoml_navis",1035.46137657094
"7901009",78,0,4,0.022428,1,0,1,203.460107579389,1,4.82770971273011,1750,1,4.28830003738403,34.9309997558594,0.0224280003458261,0,196.195999145508,-88.1547,27.5395,16.5391823513399,63,63,63,63,61,63,0,7591,0.941689079772035,28,-88,0.001869,51,2025-08-06 00:40:32.000058,1750,1.037,0.0011,"aoml_navis",1035.6877893498
"7901009",78,0,1,0.029904,1,0.007476,1,203.881968540059,1,4.82666134821816,1800.09997558594,1,4.28410005569458,34.9309997558594,0.0299040004611015,0,196.602798461914,-88.1547,27.5395,16.5391823513399,63,63,63,63,61,63,0,7591,0.941689079772035,28,-88,0.001869,51,2025-08-06 00:40:32.000058,1800.09997558594,1.037,0.0011,"aoml_navis",1035.91274367029
"7901009",78,0,1,0.029904,1,0.007476,1,204.23393603249,1,4.82563069897548,1849.5,1,4.28219985961914,34.9309997558594,0.0299040004611015,0,196.942199707031,-88.1547,27.5395,16.5391823513399,63,63,63,63,61,63,0,7591,0.941689079772035,28,-88,0.001869,51,2025-08-06 00:40:32.000058,1849.5,1.037,0.0011,"aoml_navis",1036.13399199022
"7901009",78,0,4,0.020559,1,-0.001869,1,204.64885037044,1,4.82459013636183,1899.5,1,4.28179979324341,34.9309997558594,0.020558999851346,0,197.342300415039,-88.1547,27.5395,16.5391823513399,63,63,63,63,61,63,0,7591,0.941689079772035,28,-88,0.001869,51,2025-08-06 00:40:32.000058,1899.5,1.037,0.0011,"aoml_navis",1036.3574642986
"7901009",78,0,1,0.029904,1,0.007476,1,204.715120201771,1,4.823559654633,1948.90002441406,1,4.2810001373291,34.931999206543,0.0299040004611015,0,197.406204223633,-88.1547,27.5395,16.5391823513399,63,63,63,63,61,63,0,7591,0.941689079772035,28,-88,0.001869,51,2025-08-06 00:40:32.000058,1948.90002441406,1.037,0.0011,"aoml_navis",1036.57886664624
"7901009",78,0,1,0.031773,1,0.009345,1,204.430656792544,1,4.82251429538493,1999.30004882812,1,4.28119993209839,34.931999206543,0.0317730009555817,0,197.131896972656,-88.1547,27.5395,16.5391823513399,63,63,63,63,61,63,0,7591,0.941689079772035,28,-88,0.001869,51,2025-08-06 00:40:32.000058,1999.30004882812,1.037,0.0011,"aoml_navis",1036.80356215531
"7901009",79,0.0465469341086531,1,0.072891,1,0.050463,1,192.04874899653,1,4.88965151319264,2.20000004768372,1,30.0270004272461,36.1220016479492,0.0728909969329834,0.0616770014166832,185.192001342773,-88.6683,26.603,11.9211003361411,63,63,63,63,61,63,0.050463,7816,1.08413155380343,27,-89,0.001869,51,2025-08-16 07:40:08.000809,2.20000004768372,1.037,0.0011,"aoml_navis",1022.56776101725
"7901009",79,0.0482708946311958,1,0.07476,1,0.052332,1,192.006436297413,1,4.88961152634268,4,1,30.0249996185303,36.1220016479492,0.0747599974274635,0.0616770014166832,185.15119934082,-88.6683,26.603,11.9211003361411,63,63,63,63,61,63,0.052332,7816,1.08413155380343,27,-89,0.001869,51,2025-08-16 07:40:08.000809,4,1.037,0.0011,"aoml_navis",1022.57612349419
"7901009",79,0.0482708946311958,1,0.07476,1,0.052332,1,191.945040159577,1,4.88956746644699,6,1,30.0230007171631,36.1220016479492,0.0747599974274635,0.0616770014166832,185.091995239258,-88.6683,26.603,11.9211003361411,63,63,63,63,61,63,0.052332,7816,1.08413155380343,27,-89,0.001869,51,2025-08-16 07:40:08.000809,6,1.037,0.0011,"aoml_navis",1022.58533792832
"7901009",79,0.0482708946311958,1,0.07476,1,0.052332,1,191.913408489594,1,4.88952464826465,8.10000038146973,1,30.0230007171631,36.1220016479492,0.0747599974274635,0.0616770014166832,185.061492919922,-88.6683,26.603,11.9211003361411,63,63,63,63,61,63,0.052332,7816,1.08413155380343,27,-89,0.001869,51,2025-08-16 07:40:08.000809,8.10000038146973,1.037,0.0011,"aoml_navis",1022.59429283674
"7901009",79,0.0413750525410249,4,0.067284,1,0.044856,1,192.034127854427,1,4.88948098956539,10,1,30.0200004577637,36.1220016479492,0.0672840029001236,0.0542009994387627,185.17790222168,-88.6683,26.603,11.9211003361411,63,63,63,63,61,63,0.044856,7816,1.08413155380343,27,-89,0.001869,51,2025-08-16 07:40:08.000809,10,1.037,0.0011,"aoml_navis",1022.60342369067
"7901009",79,0.0482708946311958,1,0.07476,1,0.052332,1,192.573480266317,1,4.88933859811427,12,1,29.9580001831055,36.1220016479492,0.0747599974274635,0.0616770014166832,185.697998046875,-88.6683,26.603,11.9211003361411,63,63,63,63,61,63,0.052332,7816,1.08413155380343,27,-89,0.001869,51,2025-08-16 07:40:08.000809,12,1.037,0.0011,"aoml_navis",1022.63320481188
"7901009",79,0.0551667367213666,1,0.082236,1,0.059808,1,192.721258238289,1,4.88917077562822,14.1000003814697,1,29.8859996795654,36.1240005493164,0.0822359994053841,0.0691530033946037,185.84049987793,-88.6683,26.603,11.9211003361411,63,63,63,63,61,63,0.059808,7816,1.08413155380343,27,-89,0.001869,51,2025-08-16 07:40:08.000809,14.1000003814697,1.037,0.0011,"aoml_navis",1022.66830705203
"7901009",79,0.0551667367213666,1,0.082236,1,0.059808,1,192.772384764409,1,4.88901675213217,16,1,29.8439998626709,36.1370010375977,0.0822359994053841,0.0691530033946037,185.889801025391,-88.6683,26.603,11.9211003361411,63,63,63,63,61,63,0.059808,7816,1.08413155380343,27,-89,0.001869,51,2025-08-16 07:40:08.000809,16,1.037,0.0011,"aoml_navis",1022.70052517604
"7901009",79,0.0551667367213666,1,0.082236,1,0.059808,1,193.084840470004,1,4.888895987556,18,1,29.8059997558594,36.1419982910156,0.0822359994053841,0.0691530033946037,186.191101074219,-88.6683,26.603,11.9211003361411,63,63,63,63,61,63,0.059808,7816,1.08413155380343,27,-89,0.001869,51,2025-08-16 07:40:08.000809,18,1.037,0.0011,"aoml_navis",1022.72578772934
"7901009",79,0.0620625788115374,1,0.089712,1,0.067284,1,193.676664426499,1,4.88877626007086,20,1,29.7840003967285,36.1539993286133,0.0897120013833046,0.0766289979219437,186.761795043945,-88.6683,26.603,11.9211003361411,63,63,63,63,61,63,0.067284,7816,1.08413155380343,27,-89,0.001869,51,2025-08-16 07:40:08.000809,20,1.037,0.0011,"aoml_navis",1022.75083456724
"7901009",79,0.0637865393340801,1,0.091581,1,0.069153,1,194.445935880336,1,4.88853395811714,22,1,29.7000007629395,36.1720008850098,0.0915810018777847,0.0784979984164238,187.503601074219,-88.6683,26.603,11.9211003361411,63,63,63,63,61,63,0.069153,7816,1.08413155380343,27,-89,0.001869,51,2025-08-16 07:40:08.000809,22,1.037,0.0011,"aoml_navis",1022.80152758227
"7901009",79,0.0603386182889947,1,0.087843,1,0.065415,1,194.789089654849,1,4.88822004123412,24,1,29.5739994049072,36.1910018920898,0.0878430008888245,0.0747599974274635,187.834503173828,-88.6683,26.603,11.9211003361411,63,63,63,63,61,63,0.065415,7816,1.08413155380343,27,-89,0.001869,51,2025-08-16 07:40:08.000809,24,1.037,0.0011,"aoml_navis",1022.86721093219
"7901009",79,0.0620625788115374,1,0.089712,1,0.067284,1,194.821449217188,1,4.88809620596831,26,1,29.5139999389648,36.1870002746582,0.0897120013833046,0.0766289979219437,187.865707397461,-88.6683,26.603,11.9211003361411,63,63,63,63,61,63,0.067284,7816,1.08413155380343,27,-89,0.001869,51,2025-08-16 07:40:08.000809,26,1.037,0.0011,"aoml_navis",1022.89312429961
"7901009",79,0.0637865393340801,1,0.091581,1,0.069153,1,194.986744076939,1,4.88793592635876,28,1,29.4270000457764,36.1809997558594,0.0915810018777847,0.0784979984164238,188.025100708008,-88.6683,26.603,11.9211003361411,63,63,63,63,61,63,0.069153,7816,1.08413155380343,27,-89,0.001869,51,2025-08-16 07:40:08.000809,28,1.037,0.0011,"aoml_navis",1022.9266658421
"7901009",79,0.0620625788115374,1,0.089712,1,0.067284,1,194.901090135159,1,4.88782251809838,30,1,29.3910007476807,36.185001373291,0.0897120013833046,0.0766289979219437,187.942504882812,-88.6683,26.603,11.9211003361411,63,63,63,63,61,63,0.067284,7816,1.08413155380343,27,-89,0.001869,51,2025-08-16 07:40:08.000809,30,1.037,0.0011,"aoml_navis",1022.95039999637
"7901009",79,0.0637865393340801,1,0.091581,1,0.069153,1,194.779753644199,1,4.887680105977,32,1,29.3570003509521,36.1980018615723,0.0915810018777847,0.0784979984164238,187.825500488281,-88.6683,26.603,11.9211003361411,63,63,63,63,61,63,0.069153,7816,1.08413155380343,27,-89,0.001869,51,2025-08-16 07:40:08.000809,32,1.037,0.0011,"aoml_navis",1022.98020565741
"7901009",79,0.0741303024693363,1,0.102795,1,0.080367,1,194.78867823743,1,4.88751873709531,34,1,29.3290004730225,36.2190017700195,0.102794997394085,0.0897120013833046,187.834106445312,-88.6683,26.603,11.9211003361411,63,63,63,63,61,63,0.080367,7816,1.08413155380343,27,-89,0.001869,51,2025-08-16 07:40:08.000809,34,1.037,0.0011,"aoml_navis",1023.01398090834
"7901009",79,0.0706823814242509,1,0.099057,1,0.076629,1,194.865106934788,1,4.88741283124655,36,1,29.3020000457764,36.2249984741211,0.0990569964051247,0.0859740003943443,187.907806396484,-88.6683,26.603,11.9211003361411,63,63,63,63,61,63,0.076629,7816,1.08413155380343,27,-89,0.001869,51,2025-08-16 07:40:08.000809,36,1.037,0.0011,"aoml_navis",1023.03614870298
"7901009",79,0.0706823814242509,1,0.099057,1,0.076629,1,194.870281300013,1,4.88727231262515,38,1,29.257999420166,36.2330017089844,0.0990569964051247,0.0859740003943443,187.912796020508,-88.6683,26.603,11.9211003361411,63,63,63,63,61,63,0.076629,7816,1.08413155380343,27,-89,0.001869,51,2025-08-16 07:40:08.000809,38,1.037,0.0011,"aoml_navis",1023.06556298974
"7901009",79,0.0861980261271353,1,0.115878,1,0.09345,1,194.930854603012,1,4.88716186707208,40.2000007629395,1,29.2240009307861,36.2360000610352,0.115878000855446,0.102794997394085,187.971206665039,-88.6683,26.603,11.9211003361411,63,63,63,63,61,63,0.09345,7816,1.08413155380343,27,-89,0.001869,51,2025-08-16 07:40:08.000809,40.2000007629395,1.037,0.0011,"aoml_navis",1023.08868337024
"7901009",79,0.0913699076947634,1,0.121485,1,0.099057,1,195.262488689807,1,4.88705819984418,42,1,29.17799949646,36.234001159668,0.121485002338886,0.108401998877525,188.291000366211,-88.6683,26.603,11.9211003361411,63,63,63,63,61,63,0.099057,7816,1.08413155380343,27,-89,0.001869,51,2025-08-16 07:40:08.000809,42,1.037,0.0011,"aoml_navis",1023.11038574483
"7901009",79,0.0913699076947634,1,0.121485,1,0.099057,1,195.860119961401,1,4.88686776154099,44,1,29.1140003204346,36.2470016479492,0.121485002338886,0.108401998877525,188.867294311523,-88.6683,26.603,11.9211003361411,63,63,63,63,61,63,0.099057,7816,1.08413155380343,27,-89,0.001869,51,2025-08-16 07:40:08.000809,44,1.037,0.0011,"aoml_navis",1023.15025574241
"7901009",79,0.106885552397648,1,0.138306,1,0.115878,1,196.233354678703,1,4.88663270200437,46,1,29.0400009155273,36.2680015563965,0.138306006789207,0.125222995877266,189.227203369141,-88.6683,26.603,11.9211003361411,63,63,63,63,61,63,0.115878,7816,1.08413155380343,27,-89,0.001869,51,2025-08-16 07:40:08.000809,46,1.037,0.0011,"aoml_navis",1023.19947188769
"7901009",79,0.106885552397648,1,0.138306,1,0.115878,1,196.176104362546,1,4.88637247622443,48,1,28.9389991760254,36.2840003967285,0.138306006789207,0.125222995877266,189.171997070312,-88.6683,26.603,11.9211003361411,63,63,63,63,61,63,0.115878,7816,1.08413155380343,27,-89,0.001869,51,2025-08-16 07:40:08.000809,48,1.037,0.0011,"aoml_navis",1023.25396279724
"7901009",79,0.134468920758331,1,0.16821,1,0.145782,1,196.025842062317,1,4.88606861674713,50,1,28.8059997558594,36.2980003356934,0.168209999799728,0.155127003788948,189.027099609375,-88.6683,26.603,11.9211003361411,63,63,63,63,61,63,0.145782,7816,1.08413155380343,27,-89,0.001869,51,2025-08-16 07:40:08.000809,50,1.037,0.0011,"aoml_navis",1023.31759788685
"7901009",79,0.132744960235788,1,0.166341,1,0.143913,1,195.878174856574,1,4.8857171565773,52,1,28.6539993286133,36.3170013427734,0.166341006755829,0.153257995843887,188.884704589844,-88.6683,26.603,11.9211003361411,63,63,63,63,61,63,0.143913,7816,1.08413155380343,27,-89,0.001869,51,2025-08-16 07:40:08.000809,52,1.037,0.0011,"aoml_navis",1023.3912115172
"7901009",79,0.139640802325959,1,0.173817,1,0.151389,1,195.782757662978,1,4.8855979554725,54,1,28.6159992218018,36.3219985961914,0.173816993832588,0.160733997821808,188.792694091797,-88.6683,26.603,11.9211003361411,63,63,63,63,61,63,0.151389,7816,1.08413155380343,27,-89,0.001869,51,2025-08-16 07:40:08.000809,54,1.037,0.0011,"aoml_navis",1023.4161806948
"7901009",79,0.160328328596472,1,0.196245,1,0.173817,1,195.490635472105,1,4.88549750272513,56,1,28.5830001831055,36.3240013122559,0.19624499976635,0.183162003755569,188.511001586914,-88.6683,26.603,11.9211003361411,63,63,63,63,61,63,0.173817,7816,1.08413155380343,27,-89,0.001869,51,2025-08-16 07:40:08.000809,56,1.037,0.0011,"aoml_navis",1023.43722358081
"7901009",79,0.170672091731728,1,0.207459,1,0.185031,1,194.988611279069,1,4.88532872769944,58,1,28.5160007476807,36.3300018310547,0.207459002733231,0.19437600672245,188.026901245117,-88.6683,26.603,11.9211003361411,63,63,63,63,61,63,0.185031,7816,1.08413155380343,27,-89,0.001869,51,2025-08-16 07:40:08.000809,58,1.037,0.0011,"aoml_navis",1023.47258059634
"7901009",79,0.167224170686642,1,0.203721,1,0.181293,1,194.368573581914,1,4.88507876552716,60.2000007629395,1,28.4409999847412,36.3540000915527,0.20372100174427,0.19063800573349,187.429000854492,-88.6683,26.603,11.9211003361411,63,63,63,63,61,63,0.181293,7816,1.08413155380343,27,-89,0.001869,51,2025-08-16 07:40:08.000809,60.2000007629395,1.037,0.0011,"aoml_navis",1023.52495015716
"7901009",79,0.181015854866984,1,0.218673,1,0.196245,1,193.974087572571,1,4.88494406417439,62,1,28.3950004577637,36.3610000610352,0.218673005700111,0.20558999478817,187.048599243164,-88.6683,26.603,11.9211003361411,63,63,63,63,61,63,0.196245,7816,1.08413155380343,27,-89,0.001869,51,2025-08-16 07:40:08.000809,62,1.037,0.0011,"aoml_navis",1023.55317365237
"7901009",79,0.201703381137497,1,0.241101,1,0.218673,1,192.651459690868,1,4.88477399307079,63.9000015258789,1,28.3120002746582,36.3610000610352,0.241100996732712,0.228018000721931,185.773193359375,-88.6683,26.603,11.9211003361411,63,63,63,63,61,63,0.218673,7816,1.08413155380343,27,-89,0.001869,51,2025-08-16 07:40:08.000809,63.9000015258789,1.037,0.0011,"aoml_navis",1023.58881026894
"7901009",79,0.275833683606833,1,0.321468,1,0.29904,1,191.068958414401,1,4.88441434945459,66,1,28.1590003967285,36.3819999694824,0.321467995643616,0.308385014533997,184.247192382812,-88.6683,26.603,11.9211003361411,63,63,63,63,61,63,0.29904,7816,1.08413155380343,27,-89,0.001869,51,2025-08-16 07:40:08.000809,66,1.037,0.0011,"aoml_navis",1023.66417799062
"7901009",79,0.305141012490059,1,0.353241,1,0.330813,1,190.005080441432,1,4.88413677285151,68,1,28.0450000762939,36.3979988098145,0.353240996599197,0.340157985687256,183.221298217773,-88.6683,26.603,11.9211003361411,63,63,63,63,61,63,0.330813,7816,1.08413155380343,27,-89,0.001869,51,2025-08-16 07:40:08.000809,68,1.037,0.0011,"aoml_navis",1023.72235515445
"7901009",79,0.327552499283114,1,0.377538,1,0.35511,1,188.176076836304,1,4.88385873045978,70,1,27.9349994659424,36.4160003662109,0.377537995576859,0.364455014467239,181.457595825195,-88.6683,26.603,11.9211003361411,63,63,63,63,61,63,0.35511,7816,1.08413155380343,27,-89,0.001869,51,2025-08-16 07:40:08.000809,70,1.037,0.0011,"aoml_navis",1023.78063657244
"7901009",79,0.35685982816634,1,0.409311,1,0.386883,1,187.780878758353,1,4.88339868890014,72,1,27.7450008392334,36.4500007629395,0.40931099653244,0.396227985620499,181.076507568359,-88.6683,26.603,11.9211003361411,63,63,63,63,61,63,0.386883,7816,1.08413155380343,27,-89,0.001869,51,2025-08-16 07:40:08.000809,72,1.037,0.0011,"aoml_navis",1023.87708203405
"7901009",79,0.363755670256511,1,0.416787,1,0.394359,1,187.419575146186,1,4.88329830665847,74,1,27.7159996032715,36.4539985656738,0.416786998510361,0.403703987598419,180.728103637695,-88.6683,26.603,11.9211003361411,63,63,63,63,61,63,0.394359,7816,1.08413155380343,27,-89,0.001869,51,2025-08-16 07:40:08.000809,74,1.037,0.0011,"aoml_navis",1023.89812909492
"7901009",79,0.389615078094651,1,0.444822,1,0.422394,1,186.715956418091,1,4.88306593339736,76,1,27.6229991912842,36.4669990539551,0.444822013378143,0.431739002466202,180.049606323242,-88.6683,26.603,11.9211003361411,63,63,63,63,61,63,0.422394,7816,1.08413155380343,27,-89,0.001869,51,2025-08-16 07:40:08.000809,76,1.037,0.0011,"aoml_navis",1023.94685392284
"7901009",79,0.418922406977877,1,0.476595,1,0.454167,1,186.009948304219,1,4.88282824113068,78,1,27.5310001373291,36.4819984436035,0.476595014333725,0.463512003421783,179.368804931641,-88.6683,26.603,11.9211003361411,63,63,63,63,61,63,0.454167,7816,1.08413155380343,27,-89,0.001869,51,2025-08-16 07:40:08.000809,78,1.037,0.0011,"aoml_navis",1023.99669885627
"7901009",79,0.468917262131616,1,0.530796,1,0.508368,1,185.420909327173,1,4.88262437575543,80.0999984741211,1,27.4549999237061,36.4939994812012,0.530795991420746,0.517713010311127,178.800796508789,-88.6683,26.603,11.9211003361411,63,63,63,63,61,63,0.508368,7816,1.08413155380343,27,-89,0.001869,51,2025-08-16 07:40:08.000809,80.0999984741211,1.037,0.0011,"aoml_navis",1024.03945403365
"7901009",79,0.584422617141977,1,0.656019,1,0.633591,1,184.833848318484,1,4.8823804656112,82,1,27.3549995422363,36.507999420166,0.656018972396851,0.642935991287231,178.23469543457,-88.6683,26.603,11.9211003361411,63,63,63,63,61,63,0.633591,7816,1.08413155380343,27,-89,0.001869,51,2025-08-16 07:40:08.000809,82,1.037,0.0011,"aoml_navis",1024.09061219568
"7901009",79,0.615453906547746,1,0.689661,1,0.667233,1,184.111668335316,1,4.88227427948546,84,1,27.32200050354,36.5120010375977,0.689661026000977,0.676577985286713,177.538299560547,-88.6683,26.603,11.9211003361411,63,63,63,63,61,63,0.667233,7816,1.08413155380343,27,-89,0.001869,51,2025-08-16 07:40:08.000809,84,1.037,0.0011,"aoml_navis",1024.11288546594
"7901009",79,0.703375893197424,1,0.78498,1,0.762552,1,182.682863112149,1,4.88207452242029,86,1,27.2399997711182,36.5209999084473,0.784979999065399,0.77189701795578,176.160507202148,-88.6683,26.603,11.9211003361411,63,63,63,63,61,63,0.762552,7816,1.08413155380343,27,-89,0.001869,51,2025-08-16 07:40:08.000809,86,1.037,0.0011,"aoml_navis",1024.15478851012
"7901009",79,0.756818669396248,1,0.842919,1,0.820491,1,181.204466266307,1,4.88171033161411,88,1,27.0790004730225,36.5419998168945,0.842918992042542,0.829836010932922,174.734893798828,-88.6683,26.603,11.9211003361411,63,63,63,63,61,63,0.820491,7816,1.08413155380343,27,-89,0.001869,51,2025-08-16 07:40:08.000809,88,1.037,0.0011,"aoml_navis",1024.23119364946
"7901009",79,0.736131143125735,1,0.820491,1,0.798063,1,180.09257904535,1,4.88144474414976,90,1,26.9629993438721,36.5550003051758,0.820491015911102,0.807407975196838,173.662704467773,-88.6683,26.603,11.9211003361411,63,63,63,63,61,63,0.798063,7816,1.08413155380343,27,-89,0.001869,51,2025-08-16 07:40:08.000809,90,1.037,0.0011,"aoml_navis",1024.28691956256
"7901009",79,0.717167577377765,4,0.799932,1,0.777504,1,179.506451637727,1,4.88112455046744,92.0999984741211,1,26.8169994354248,36.5699996948242,0.79993200302124,0.786849021911621,173.097503662109,-88.6683,26.603,11.9211003361411,63,63,63,63,61,63,0.777504,7816,1.08413155380343,27,-89,0.001869,51,2025-08-16 07:40:08.000809,92.0999984741211,1.037,0.0011,"aoml_navis",1024.3541110872
"7901009",79,0.730959261558107,1,0.814884,1,0.792456,1,179.269174553487,1,4.88100836100419,94,1,26.7709999084473,36.5719985961914,0.814884006977081,0.801801025867462,172.868698120117,-88.6683,26.603,11.9211003361411,63,63,63,63,61,63,0.792456,7816,1.08413155380343,27,-89,0.001869,51,2025-08-16 07:40:08.000809,94,1.037,0.0011,"aoml_navis",1024.37849521965
"7901009",79,0.715443616855223,1,0.798063,1,0.775635,1,177.816206468857,1,4.88085249387582,95.9000015258789,1,26.7059993743896,36.5769996643066,0.798062980175018,0.784979999065399,171.46760559082,-88.6683,26.603,11.9211003361411,63,63,63,63,61,63,0.775635,7816,1.08413155380343,27,-89,0.001869,51,2025-08-16 07:40:08.000809,95.9000015258789,1.037,0.0011,"aoml_navis",1024.41120813909
"7901009",79,0.641313314385886,1,0.717696,1,0.695268,1,174.789946528436,1,4.88036297989475,98,1,26.4570007324219,36.5960006713867,0.717696011066437,0.704612970352173,168.549392700195,-88.6683,26.603,11.9211003361411,63,63,63,63,61,63,0.695268,7816,1.08413155380343,27,-89,0.001869,51,2025-08-16 07:40:08.000809,98,1.037,0.0011,"aoml_navis",1024.51395943255
"7901009",79,0.54821944616858,1,0.61677,1,0.594342,1,173.237209719822,1,4.87976057520064,100.300003051758,1,26.2129993438721,36.6479988098145,0.616770029067993,0.603686988353729,167.052093505859,-88.6683,26.603,11.9211003361411,63,63,63,63,61,63,0.594342,7816,1.08413155380343,27,-89,0.001869,51,2025-08-16 07:40:08.000809,100.300003051758,1.037,0.0011,"aoml_navis",1024.64043531366
"7901009",79,0.512016275195184,1,0.577521,1,0.555093,1,171.619975318987,1,4.87951335414851,101.900001525879,1,26.1110000610352,36.6650009155273,0.577521026134491,0.564437985420227,165.492599487305,-88.6683,26.603,11.9211003361411,63,63,63,63,61,63,0.555093,7816,1.08413155380343,27,-89,0.001869,51,2025-08-16 07:40:08.000809,101.900001525879,1.037,0.0011,"aoml_navis",1024.69234882799
"7901009",79,0.43960993324839,1,0.499023,1,0.476595,1,167.988203881033,1,4.87898471460032,103.900001525879,1,25.867000579834,36.6990013122559,0.499022990465164,0.485940009355545,161.990493774414,-88.6683,26.603,11.9211003361411,63,63,63,63,61,63,0.476595,7816,1.08413155380343,27,-89,0.001869,51,2025-08-16 07:40:08.000809,103.900001525879,1.037,0.0011,"aoml_navis",1024.80337457044
"7901009",79,0.377547354436853,1,0.431739,1,0.409311,1,165.089214336646,1,4.87839910937934,106,1,25.5869998931885,36.734001159668,0.431739002466202,0.41865599155426,159.195007324219,-88.6683,26.603,11.9211003361411,63,63,63,63,61,63,0.409311,7816,1.08413155380343,27,-89,0.001869,51,2025-08-16 07:40:08.000809,106,1.037,0.0011,"aoml_navis",1024.92639242797
"7901009",79,0.334448341373285,1,0.385014,1,0.362586,1,162.82507351648,1,4.87788407451965,108,1,25.3150005340576,36.7540016174316,0.385013997554779,0.371930986642838,157.011703491211,-88.6683,26.603,11.9211003361411,63,63,63,63,61,63,0.362586,7816,1.08413155380343,27,-89,0.001869,51,2025-08-16 07:40:08.000809,108,1.037,0.0011,"aoml_navis",1025.03461001016
"7901009",79,0.294797249354803,1,0.342027,1,0.319599,1,161.187822075861,1,4.8772930770484,110,1,25.003999710083,36.7799987792969,0.342027008533478,0.328943997621536,155.432907104492,-88.6683,26.603,11.9211003361411,63,63,63,63,61,63,0.319599,7816,1.08413155380343,27,-89,0.001869,51,2025-08-16 07:40:08.000809,110,1.037,0.0011,"aoml_navis",1025.15881678898
"7901009",79,0.268937841516662,1,0.313992,1,0.291564,1,159.334339134333,1,4.87670992932567,112,1,24.6959991455078,36.8059997558594,0.313991993665695,0.300909012556076,153.645599365234,-88.6683,26.603,11.9211003361411,63,63,63,63,61,63,0.291564,7816,1.08413155380343,27,-89,0.001869,51,2025-08-16 07:40:08.000809,112,1.037,0.0011,"aoml_navis",1025.28140333567
"7901009",79,0.25514615733632,1,0.29904,1,0.276612,1,158.268071775587,1,4.87619938071265,114,1,24.4309997558594,36.8300018310547,0.299039989709854,0.285957008600235,152.617401123047,-88.6683,26.603,11.9211003361411,63,63,63,63,61,63,0.276612,7816,1.08413155380343,27,-89,0.001869,51,2025-08-16 07:40:08.000809,114,1.037,0.0011,"aoml_navis",1025.38875251431
"7901009",79,0.258594078381406,1,0.302778,1,0.28035,1,156.597732880274,1,4.87590805513261,116,1,24.306999206543,36.8499984741211,0.302778005599976,0.289694994688034,151.006698608398,-88.6683,26.603,11.9211003361411,63,63,63,63,61,63,0.28035,7816,1.08413155380343,27,-89,0.001869,51,2025-08-16 07:40:08.000809,116,1.037,0.0011,"aoml_navis",1025.45001740481
"7901009",79,0.232734670543265,1,0.274743,1,0.252315,1,154.701953063376,1,4.87548367389163,118,1,24.1450004577637,36.8919982910156,0.274742990732193,0.261660009622574,149.178604125977,-88.6683,26.603,11.9211003361411,63,63,63,63,61,63,0.252315,7816,1.08413155380343,27,-89,0.001869,51,2025-08-16 07:40:08.000809,118,1.037,0.0011,"aoml_navis",1025.53927660042
"7901009",79,0.1655002101641,1,0.201852,1,0.179424,1,152.339705012647,1,4.87516866440119,120,1,24.0009994506836,36.9109992980957,0.20185199379921,0.188768997788429,146.900695800781,-88.6683,26.603,11.9211003361411,63,63,63,63,61,63,0.179424,7816,1.08413155380343,27,-89,0.001869,51,2025-08-16 07:40:08.000809,120,1.037,0.0011,"aoml_navis",1025.60554191906
"7901009",79,0.139640802325959,4,0.173817,1,0.151389,1,151.68939648774,1,4.8748622635649,122,1,23.8600006103516,36.9290008544922,0.173816993832588,0.160733997821808,146.27360534668,-88.6683,26.603,11.9211003361411,63,63,63,63,61,63,0.151389,7816,1.08413155380343,27,-89,0.001869,51,2025-08-16 07:40:08.000809,122,1.037,0.0011,"aoml_navis",1025.67000453949
"7901009",79,0.153432486506301,1,0.188769,1,0.166341,1,151.977056381997,1,4.87466998416656,124.099998474121,1,23.7700004577637,36.935001373291,0.188768997788429,0.175686001777649,146.550994873047,-88.6683,26.603,11.9211003361411,63,63,63,63,61,63,0.166341,7816,1.08413155380343,27,-89,0.001869,51,2025-08-16 07:40:08.000809,124.099998474121,1.037,0.0011,"aoml_navis",1025.71046168059
"7901009",79,0.141364762848502,1,0.175686,1,0.153258,1,151.792678083527,1,4.87452915381222,126,1,23.6979999542236,36.935001373291,0.175686001777649,0.162603005766869,146.373199462891,-88.6683,26.603,11.9211003361411,63,63,63,63,61,63,0.153258,7816,1.08413155380343,27,-89,0.001869,51,2025-08-16 07:40:08.000809,126,1.037,0.0011,"aoml_navis",1025.74009555152
"7901009",79,0.132744960235788,1,0.166341,1,0.143913,1,151.111877198411,1,4.87414114864142,128,1,23.4570007324219,36.9370002746582,0.166341006755829,0.153257995843887,145.716705322266,-88.6683,26.603,11.9211003361411,63,63,63,63,61,63,0.143913,7816,1.08413155380343,27,-89,0.001869,51,2025-08-16 07:40:08.000809,128,1.037,0.0011,"aoml_navis",1025.82174941603
"7901009",79,0.117229315532904,1,0.14952,1,0.127092,1,150.346751566251,1,4.87389696503795,130,1,23.306999206543,36.935001373291,0.149519994854927,0.136436998844147,144.978897094727,-88.6683,26.603,11.9211003361411,63,63,63,63,61,63,0.127092,7816,1.08413155380343,27,-89,0.001869,51,2025-08-16 07:40:08.000809,130,1.037,0.0011,"aoml_navis",1025.87314337308
"7901009",79,0.0810261445595072,1,0.110271,1,0.087843,1,150.120266277374,1,4.87351083330412,132,1,23.0699996948242,36.9389991760254,0.110270999372005,0.0971880033612251,144.760498046875,-88.6683,26.603,11.9211003361411,63,63,63,63,61,63,0.087843,7816,1.08413155380343,27,-89,0.001869,51,2025-08-16 07:40:08.000809,132,1.037,0.0011,"aoml_navis",1025.95442403277
"7901009",79,0.058614657766452,1,0.085974,1,0.063546,1,150.077225685901,1,4.87301695408026,134,1,22.7430000305176,36.9389991760254,0.0859740003943443,0.0728909969329834,144.718994140625,-88.6683,26.603,11.9211003361411,63,63,63,63,61,63,0.063546,7816,1.08413155380343,27,-89,0.001869,51,2025-08-16 07:40:08.000809,134,1.037,0.0011,"aoml_navis",1026.05840429375
"7901009",79,0.0499948551537385,1,0.076629,1,0.054201,1,149.837258564695,1,4.87273473853969,136,1,22.5650005340576,36.9379997253418,0.0766289979219437,0.0635460019111633,144.487594604492,-88.6683,26.603,11.9211003361411,63,63,63,63,61,63,0.054201,7816,1.08413155380343,27,-89,0.001869,51,2025-08-16 07:40:08.000809,136,1.037,0.0011,"aoml_navis",1026.11783080531
"7901009",79,0.0413750525410249,4,0.067284,1,0.044856,1,149.200321105888,1,4.87251408667576,138,1,22.4179992675781,36.931999206543,0.0672840029001236,0.0542009994387627,143.873397827148,-88.6683,26.603,11.9211003361411,63,63,63,63,61,63,0.044856,7816,1.08413155380343,27,-89,0.001869,51,2025-08-16 07:40:08.000809,138,1.037,0.0011,"aoml_navis",1026.16429856465
"7901009",79,0.0482708946311958,1,0.07476,1,0.052332,1,148.784884455697,1,4.87233589609563,140,1,22.2910003662109,36.9220008850098,0.0747599974274635,0.0616770014166832,143.472793579102,-88.6683,26.603,11.9211003361411,63,63,63,63,61,63,0.052332,7816,1.08413155380343,27,-89,0.001869,51,2025-08-16 07:40:08.000809,140,1.037,0.0011,"aoml_navis",1026.20182734254
"7901009",79,0.0430990130635676,1,0.069153,1,0.046725,1,148.08511089809,1,4.87223938278473,142,1,22.2290000915527,36.9140014648438,0.0691530033946037,0.0560699999332428,142.798004150391,-88.6683,26.603,11.9211003361411,63,63,63,63,61,63,0.046725,7816,1.08413155380343,27,-89,0.001869,51,2025-08-16 07:40:08.000809,142,1.037,0.0011,"aoml_navis",1026.2221551894
"7901009",79,0.0413750525410249,1,0.067284,1,0.044856,1,147.605999490514,1,4.87203863547472,144,1,22.0820007324219,36.9029998779297,0.0672840029001236,0.0542009994387627,142.335998535156,-88.6683,26.603,11.9211003361411,63,63,63,63,61,63,0.044856,7816,1.08413155380343,27,-89,0.001869,51,2025-08-16 07:40:08.000809,144,1.037,0.0011,"aoml_navis",1026.26443961129
"7901009",79,0.0310312894057687,1,0.05607,1,0.033642,1,147.581836629051,1,4.87181032375374,146,1,21.9300003051758,36.8979988098145,0.0560699999332428,0.0429870001971722,142.312698364258,-88.6683,26.603,11.9211003361411,63,63,63,63,61,63,0.033642,7816,1.08413155380343,27,-89,0.001869,51,2025-08-16 07:40:08.000809,146,1.037,0.0011,"aoml_navis",1026.31253429987
"7901009",79,0.0172396052254271,1,0.041118,1,0.01869,1,147.647267822338,1,4.87159975253387,148,1,21.8040008544922,36.8979988098145,0.041117999702692,0.0280349999666214,142.375793457031,-88.6683,26.603,11.9211003361411,63,63,63,63,61,63,0.01869,7816,1.08413155380343,27,-89,0.001869,51,2025-08-16 07:40:08.000809,148,1.037,0.0011,"aoml_navis",1026.35689588401
"7901009",79,0.0137916841803416,1,0.03738,1,0.014952,1,148.012210896283,1,4.87146684565842,150,1,21.7140007019043,36.8899993896484,0.0373799987137318,0.0242970008403063,142.72770690918,-88.6683,26.603,11.9211003361411,63,63,63,63,61,63,0.014952,7816,1.08413155380343,27,-89,0.001869,51,2025-08-16 07:40:08.000809,150,1.037,0.0011,"aoml_navis",1026.38489769383
"7901009",79,0.0120677236577989,1,0.035511,1,0.013083,1,148.399639514524,1,4.87125657698963,152,1,21.5550003051758,36.8779983520508,0.0355109982192516,0.0224280003458261,143.101303100586,-88.6683,26.603,11.9211003361411,63,63,63,63,61,63,0.013083,7816,1.08413155380343,27,-89,0.001869,51,2025-08-16 07:40:08.000809,152,1.037,0.0011,"aoml_navis",1026.42920178307
"7901009",79,0.0137916841803416,1,0.03738,1,0.014952,1,148.223853510601,1,4.87112756417872,154,1,21.4699993133545,36.8709983825684,0.0373799987137318,0.0242970008403063,142.931793212891,-88.6683,26.603,11.9211003361411,63,63,63,63,61,63,0.014952,7816,1.08413155380343,27,-89,0.001869,51,2025-08-16 07:40:08.000809,154,1.037,0.0011,"aoml_navis",1026.45638697064
"7901009",79,0.0103437631352562,1,0.033642,1,0.011214,1,147.928519099115,1,4.8710054613122,156,1,21.3899993896484,36.8639984130859,0.0336420014500618,0.020558999851346,142.647003173828,-88.6683,26.603,11.9211003361411,63,63,63,63,61,63,0.011214,7816,1.08413155380343,27,-89,0.001869,51,2025-08-16 07:40:08.000809,156,1.037,0.0011,"aoml_navis",1026.48211744214
"7901009",79,0.0137916841803416,1,0.03738,1,0.014952,1,147.412696598812,1,4.87087313321443,158,1,21.2830009460449,36.8499984741211,0.0373799987137318,0.0242970008403063,142.149597167969,-88.6683,26.603,11.9211003361411,63,63,63,63,61,63,0.014952,7816,1.08413155380343,27,-89,0.001869,51,2025-08-16 07:40:08.000809,158,1.037,0.0011,"aoml_navis",1026.51000411098
"7901009",79,0.0137916841803416,1,0.03738,1,0.014952,1,147.116112111323,1,4.87075213241736,160,1,21.1870002746582,36.8370018005371,0.0373799987137318,0.0242970008403063,141.86360168457,-88.6683,26.603,11.9211003361411,63,63,63,63,61,63,0.014952,7816,1.08413155380343,27,-89,0.001869,51,2025-08-16 07:40:08.000809,160,1.037,0.0011,"aoml_navis",1026.53550500393
"7901009",79,0.0137916841803416,1,0.03738,1,0.014952,1,147.031170238152,1,4.87067343896701,162,1,21.1529998779297,36.8349990844727,0.0373799987137318,0.0242970008403063,141.781692504883,-88.6683,26.603,11.9211003361411,63,63,63,63,61,63,0.014952,7816,1.08413155380343,27,-89,0.001869,51,2025-08-16 07:40:08.000809,162,1.037,0.0011,"aoml_navis",1026.55209031226
"7901009",79,0.00689584209017082,1,0.029904,1,0.007476,1,147.053370955004,1,4.87061424788979,164,1,21.1420001983643,36.8359985351562,0.0299040004611015,0.0168210007250309,141.803100585938,-88.6683,26.603,11.9211003361411,63,63,63,63,61,63,0.007476,7816,1.08413155380343,27,-89,0.001869,51,2025-08-16 07:40:08.000809,164,1.037,0.0011,"aoml_navis",1026.56456568415
"7901009",79,0.00861980261271353,1,0.031773,1,0.009345,1,146.839528839871,1,4.87056159128144,166,1,21.125,36.8330001831055,0.0317730009555817,0.0186899993568659,141.596893310547,-88.6683,26.603,11.9211003361411,63,63,63,63,61,63,0.009345,7816,1.08413155380343,27,-89,0.001869,51,2025-08-16 07:40:08.000809,166,1.037,0.0011,"aoml_navis",1026.57566407748
"7901009",79,0.00517188156762812,1,0.028035,1,0.005607,1,146.342378360869,1,4.87042475716958,168,1,21.0219993591309,36.8219985961914,0.0280349999666214,0.0149520002305508,141.117492675781,-88.6683,26.603,11.9211003361411,63,63,63,63,61,63,0.005607,7816,1.08413155380343,27,-89,0.001869,51,2025-08-16 07:40:08.000809,168,1.037,0.0011,"aoml_navis",1026.60450562134
"7901009",79,0.0103437631352562,1,0.033642,1,0.011214,1,144.122006024531,1,4.8702917210542,170,1,20.8939990997314,36.8009986877441,0.0336420014500618,0.020558999851346,138.97639465332,-88.6683,26.603,11.9211003361411,63,63,63,63,61,63,0.011214,7816,1.08413155380343,27,-89,0.001869,51,2025-08-16 07:40:08.000809,170,1.037,0.0011,"aoml_navis",1026.63254818702
"7901009",79,0.0344792104508541,1,0.059808,1,0.03738,1,142.096914548253,1,4.87012021886407,172,1,20.6860008239746,36.7620010375977,0.0598080009222031,0.0467250011861324,137.02360534668,-88.6683,26.603,11.9211003361411,63,63,63,63,61,63,0.03738,7816,1.08413155380343,27,-89,0.001869,51,2025-08-16 07:40:08.000809,172,1.037,0.0011,"aoml_navis",1026.66870124332
"7901009",79,0.0413750525410249,1,0.067284,1,0.044856,1,141.390906434381,1,4.86994972126934,174,1,20.4969997406006,36.7299995422363,0.0672840029001236,0.0542009994387627,136.342803955078,-88.6683,26.603,11.9211003361411,63,63,63,63,61,63,0.044856,7816,1.08413155380343,27,-89,0.001869,51,2025-08-16 07:40:08.000809,174,1.037,0.0011,"aoml_navis",1026.70464505263
"7901009",79,0.0499948551537385,1,0.076629,1,0.054201,1,141.712903859335,1,4.86979606418168,176,1,20.3199996948242,36.6980018615723,0.0766289979219437,0.0635460019111633,136.653305053711,-88.6683,26.603,11.9211003361411,63,63,63,63,61,63,0.054201,7816,1.08413155380343,27,-89,0.001869,51,2025-08-16 07:40:08.000809,176,1.037,0.0011,"aoml_navis",1026.73704075125
"7901009",79,0.0430990130635676,1,0.069153,1,0.046725,1,142.747128130679,1,4.86965863216673,178,1,20.2140007019043,36.6870002746582,0.0691530033946037,0.0560699999332428,137.650604248047,-88.6683,26.603,11.9211003361411,63,63,63,63,61,63,0.046725,7816,1.08413155380343,27,-89,0.001869,51,2025-08-16 07:40:08.000809,178,1.037,0.0011,"aoml_navis",1026.76601743135
"7901009",79,0.0344792104508541,1,0.059808,1,0.03738,1,144.329835115855,1,4.86952804624436,180,1,20.1299991607666,36.681999206543,0.0598080009222031,0.0467250011861324,139.176803588867,-88.6683,26.603,11.9211003361411,63,63,63,63,61,63,0.03738,7816,1.08413155380343,27,-89,0.001869,51,2025-08-16 07:40:08.000809,180,1.037,0.0011,"aoml_navis",1026.79355217109
"7901009",79,0.0120677236577989,1,0.035511,1,0.013083,1,145.387589298787,1,4.86932843696748,182,1,20.0200004577637,36.6870002746582,0.0355109982192516,0.0224280003458261,140.196792602539,-88.6683,26.603,11.9211003361411,63,63,63,63,61,63,0.013083,7816,1.08413155380343,27,-89,0.001869,51,2025-08-16 07:40:08.000809,182,1.037,0.0011,"aoml_navis",1026.83564370817
"7901009",79,0.0155156447028843,1,0.039249,1,0.016821,1,145.238893549497,1,4.86924316840687,184,1,19.9740009307861,36.6829986572266,0.0392489992082119,0.0261659994721413,140.053405761719,-88.6683,26.603,11.9211003361411,63,63,63,63,61,63,0.016821,7816,1.08413155380343,27,-89,0.001869,51,2025-08-16 07:40:08.000809,184,1.037,0.0011,"aoml_navis",1026.85362531112
"7901009",79,0.0137916841803416,1,0.03738,1,0.014952,1,145.534750144631,1,4.86910005240006,186,1,19.8509998321533,36.6679992675781,0.0373799987137318,0.0242970008403063,140.33869934082,-88.6683,26.603,11.9211003361411,63,63,63,63,61,63,0.014952,7816,1.08413155380343,27,-89,0.001869,51,2025-08-16 07:40:08.000809,186,1.037,0.0011,"aoml_navis",1026.88380731372
"7901009",79,0.00861980261271353,1,0.031773,1,0.009345,1,145.758434630313,1,4.86896419243532,188,1,19.7390003204346,36.6549987792969,0.0317730009555817,0.0186899993568659,140.554397583008,-88.6683,26.603,11.9211003361411,63,63,63,63,61,63,0.009345,7816,1.08413155380343,27,-89,0.001869,51,2025-08-16 07:40:08.000809,188,1.037,0.0011,"aoml_navis",1026.91246071768
"7901009",79,0.0120677236577989,1,0.035511,1,0.013083,1,146.239096765082,1,4.86884863905712,190,1,19.636999130249,36.6399993896484,0.0355109982192516,0.0224280003458261,141.01789855957,-88.6683,26.603,11.9211003361411,63,63,63,63,61,63,0.013083,7816,1.08413155380343,27,-89,0.001869,51,2025-08-16 07:40:08.000809,190,1.037,0.0011,"aoml_navis",1026.93683264064
"7901009",79,0.00689584209017082,1,0.029904,1,0.007476,1,147.93908936202,1,4.86874161183926,192,1,19.55299949646,36.6290016174316,0.0299040004611015,0.0168210007250309,142.657196044922,-88.6683,26.603,11.9211003361411,63,63,63,63,61,63,0.007476,7816,1.08413155380343,27,-89,0.001869,51,2025-08-16 07:40:08.000809,192,1.037,0.0011,"aoml_navis",1026.95940730179
"7901009",79,0.00861980261271353,1,0.031773,1,0.009345,1,148.638562268437,1,4.86864230373159,194,1,19.5240001678467,36.6349983215332,0.0317730009555817,0.0186899993568659,143.331695556641,-88.6683,26.603,11.9211003361411,63,63,63,63,61,63,0.009345,7816,1.08413155380343,27,-89,0.001869,51,2025-08-16 07:40:08.000809,194,1.037,0.0011,"aoml_navis",1026.98035470129
"7901009",79,0.00344792104508541,1,0.026166,1,0.003738,1,149.660238308517,1,4.86857291667788,196,1,19.4899997711182,36.6310005187988,0.0261659994721413,0.0130829997360706,144.31689453125,-88.6683,26.603,11.9211003361411,63,63,63,63,61,63,0.003738,7816,1.08413155380343,27,-89,0.001869,51,2025-08-16 07:40:08.000809,196,1.037,0.0011,"aoml_navis",1026.99499125748
"7901009",79,-0.00172396052254271,1,0.020559,1,-0.001869,1,151.067380822227,1,4.86848285029303,198,1,19.451000213623,36.6310005187988,0.020558999851346,0.00747600011527538,145.673797607422,-88.6683,26.603,11.9211003361411,63,63,63,63,61,63,-0.001869,7816,1.08413155380343,27,-89,0.001869,51,2025-08-16 07:40:08.000809,198,1.037,0.0011,"aoml_navis",1027.01399054924
"7901009",79,-0.00517188156762812,1,0.016821,1,-0.005607,1,151.877825665407,1,4.86839245027796,200,1,19.4029998779297,36.6279983520508,0.0168210007250309,0.00373800005763769,146.455307006836,-88.6683,26.603,11.9211003361411,63,63,63,63,61,63,-0.005607,7816,1.08413155380343,27,-89,0.001869,51,2025-08-16 07:40:08.000809,200,1.037,0.0011,"aoml_navis",1027.03306092641
"7901009",79,-0.00517188156762812,1,0.016821,1,-0.005607,1,151.198259032546,1,4.86829414450427,202,1,19.3369998931885,36.6209983825684,0.0168210007250309,0.00373800005763769,145.800003051758,-88.6683,26.603,11.9211003361411,63,63,63,63,61,63,-0.005607,7816,1.08413155380343,27,-89,0.001869,51,2025-08-16 07:40:08.000809,202,1.037,0.0011,"aoml_navis",1027.05379987041
"7901009",79,-0.00689584209017082,1,0.014952,1,-0.007476,1,150.203847308314,1,4.86817681179266,204,1,19.2089996337891,36.5979995727539,0.0149520002305508,0.00186900002881885,144.841094970703,-88.6683,26.603,11.9211003361411,63,63,63,63,61,63,-0.007476,7816,1.08413155380343,27,-89,0.001869,51,2025-08-16 07:40:08.000809,204,1.037,0.0011,"aoml_navis",1027.07855390297
"7901009",79,-0.00172396052254271,1,0.020559,1,-0.001869,1,149.782919817961,1,4.86806794349128,206,1,19.0990009307861,36.5789985656738,0.020558999851346,0.00747600011527538,144.435195922852,-88.6683,26.603,11.9211003361411,63,63,63,63,61,63,-0.001869,7816,1.08413155380343,27,-89,0.001869,51,2025-08-16 07:40:08.000809,206,1.037,0.0011,"aoml_navis",1027.10152324088
"7901009",79,-0.00172396052254271,1,0.020559,1,-0.001869,1,149.58360390245,1,4.86798612607341,208,1,19.0340003967285,36.568000793457,0.020558999851346,0.00747600011527538,144.24299621582,-88.6683,26.603,11.9211003361411,63,63,63,63,61,63,-0.001869,7816,1.08413155380343,27,-89,0.001869,51,2025-08-16 07:40:08.000809,208,1.037,0.0011,"aoml_navis",1027.11878598411
"7901009",79,-0.00344792104508541,1,0.01869,1,-0.003738,1,150.314613536369,1,4.8678856947838,210,1,18.9419994354248,36.5530014038086,0.0186899993568659,0.00560700008645654,144.947906494141,-88.6683,26.603,11.9211003361411,63,63,63,63,61,63,-0.003738,7816,1.08413155380343,27,-89,0.001869,51,2025-08-16 07:40:08.000809,210,1.037,0.0011,"aoml_navis",1027.13997688109
"7901009",79,-0.00517188156762812,1,0.016821,1,-0.005607,1,151.698716674643,1,4.86777584349612,212,1,18.8449993133545,36.5390014648438,0.0168210007250309,0.00373800005763769,146.282592773438,-88.6683,26.603,11.9211003361411,63,63,63,63,61,63,-0.005607,7816,1.08413155380343,27,-89,0.001869,51,2025-08-16 07:40:08.000809,212,1.037,0.0011,"aoml_navis",1027.16315638908
"7901009",79,-0.00344792104508541,1,0.01869,1,-0.003738,1,153.15916939154,1,4.86763461284595,214,1,18.7250003814697,36.5260009765625,0.0186899993568659,0.00560700008645654,147.690902709961,-88.6683,26.603,11.9211003361411,63,63,63,63,61,63,-0.003738,7816,1.08413155380343,27,-89,0.001869,51,2025-08-16 07:40:08.000809,214,1.037,0.0011,"aoml_navis",1027.19295873292
"7901009",79,-0.00344792104508541,1,0.01869,1,-0.003738,1,153.286518906309,1,4.8675111185105,216,1,18.6280002593994,36.515998840332,0.0186899993568659,0.00560700008645654,147.813705444336,-88.6683,26.603,11.9211003361411,63,63,63,63,61,63,-0.003738,7816,1.08413155380343,27,-89,0.001869,51,2025-08-16 07:40:08.000809,216,1.037,0.0011,"aoml_navis",1027.21901979549
"7901009",79,-0.00517188156762812,1,0.016821,1,-0.005607,1,153.093943906963,1,4.86744157594459,218,1,18.5839996337891,36.5089988708496,0.0168210007250309,0.00373800005763769,147.628005981445,-88.6683,26.603,11.9211003361411,63,63,63,63,61,63,-0.005607,7816,1.08413155380343,27,-89,0.001869,51,2025-08-16 07:40:08.000809,218,1.037,0.0011,"aoml_navis",1027.23369597501
"7901009",79,-0.00517188156762812,1,0.016821,1,-0.005607,1,152.743210557702,1,4.86738674053564,220,1,18.5580005645752,36.5040016174316,0.0168210007250309,0.00373800005763769,147.289794921875,-88.6683,26.603,11.9211003361411,63,63,63,63,61,63,-0.005607,7816,1.08413155380343,27,-89,0.001869,51,2025-08-16 07:40:08.000809,220,1.037,0.0011,"aoml_navis",1027.24526866952
"7901009",79,-0.00517188156762812,1,0.016821,1,-0.005607,1,152.352775427557,1,4.86732953814148,222,1,18.5330009460449,36.5,0.0168210007250309,0.00373800005763769,146.913299560547,-88.6683,26.603,11.9211003361411,63,63,63,63,61,63,-0.005607,7816,1.08413155380343,27,-89,0.001869,51,2025-08-16 07:40:08.000809,222,1.037,0.0011,"aoml_navis",1027.25734118039
"7901009",79,-0.00517188156762812,1,0.016821,1,-0.005607,1,151.781174219556,1,4.86727842992424,224,1,18.5130004882812,36.4959983825684,0.0168210007250309,0.00373800005763769,146.362106323242,-88.6683,26.603,11.9211003361411,63,63,63,63,61,63,-0.005607,7816,1.08413155380343,27,-89,0.001869,51,2025-08-16 07:40:08.000809,224,1.037,0.0011,"aoml_navis",1027.26812776105
"7901009",79,-0.00861980261271353,1,0.013083,1,-0.009345,1,151.242122458856,1,4.86719811187623,226,1,18.451000213623,36.4860000610352,0.0130829997360706,0,145.842300415039,-88.6683,26.603,11.9211003361411,63,63,63,63,61,63,-0.009345,7816,1.08413155380343,27,-89,0.001869,51,2025-08-16 07:40:08.000809,226,1.037,0.0011,"aoml_navis",1027.28507964361
"7901009",79,0,1,0.020559,1,-0.001869,1,150.497741758836,1,4.86711431266033,228,1,18.3799991607666,36.4739990234375,0.020558999851346,0,145.124496459961,-88.6683,26.603,11.9211003361411,63,63,63,63,61,63,0,7816,1.08413155380343,27,-89,0.001869,51,2025-08-16 07:40:08.000809,228,1.037,0.0011,"aoml_navis",1027.30276685592
"7901009",79,0,1,0.013083,1,-0.009345,1,149.612434769238,1,4.86704155972484,230,1,18.3239994049072,36.4640007019043,0.0130829997360706,0,144.270797729492,-88.6683,26.603,11.9211003361411,63,63,63,63,61,63,0,7816,1.08413155380343,27,-89,0.001869,51,2025-08-16 07:40:08.000809,230,1.037,0.0011,"aoml_navis",1027.31812306174
"7901009",79,0,1,0.013083,1,-0.009345,1,148.687932358656,1,4.86698699762835,232,1,18.2889995574951,36.4560012817383,0.0130829997360706,0,143.379302978516,-88.6683,26.603,11.9211003361411,63,63,63,63,61,63,0,7816,1.08413155380343,27,-89,0.001869,51,2025-08-16 07:40:08.000809,232,1.037,0.0011,"aoml_navis",1027.32963996749
"7901009",79,0,1,0.01869,1,-0.003738,1,147.887757127191,1,4.86691206094841,234,1,18.2280006408691,36.4449996948242,0.0186899993568659,0,142.607696533203,-88.6683,26.603,11.9211003361411,63,63,63,63,61,63,0,7816,1.08413155380343,27,-89,0.001869,51,2025-08-16 07:40:08.000809,234,1.037,0.0011,"aoml_navis",1027.3454579382
"7901009",79,0,1,0.01869,1,-0.003738,1,147.429501417983,1,4.86677163792976,236,1,18.076000213623,36.4220008850098,0.0186899993568659,0,142.165802001953,-88.6683,26.603,11.9211003361411,63,63,63,63,61,63,0,7816,1.08413155380343,27,-89,0.001869,51,2025-08-16 07:40:08.000809,236,1.037,0.0011,"aoml_navis",1027.37510037083
"7901009",79,0,1,0.01869,1,-0.003738,1,146.022564612982,1,4.86666391091792,238,1,17.9780006408691,36.4080009460449,0.0186899993568659,0,140.809097290039,-88.6683,26.603,11.9211003361411,63,63,63,63,61,63,0,7816,1.08413155380343,27,-89,0.001869,51,2025-08-16 07:40:08.000809,238,1.037,0.0011,"aoml_navis",1027.39784203774
"7901009",79,0,1,0.01869,1,-0.003738,1,142.981287936786,1,4.86660516084565,240,1,17.9330005645752,36.3979988098145,0.0186899993568659,0,137.876403808594,-88.6683,26.603,11.9211003361411,63,63,63,63,61,63,0,7816,1.08413155380343,27,-89,0.001869,51,2025-08-16 07:40:08.000809,240,1.037,0.0011,"aoml_navis",1027.41024487205
"7901009",79,0,1,0.01869,1,-0.003738,1,139.176642064333,1,4.86653601012185,242,1,17.867000579834,36.3839988708496,0.0186899993568659,0,134.207595825195,-88.6683,26.603,11.9211003361411,63,63,63,63,61,63,0,7816,1.08413155380343,27,-89,0.001869,51,2025-08-16 07:40:08.000809,242,1.037,0.0011,"aoml_navis",1027.42484379044
"7901009",79,0,1,0.028035,1,0.005607,1,136.933974068662,1,4.86643945304849,244.100006103516,1,17.7549991607666,36.3619995117188,0.0280349999666214,0,132.044998168945,-88.6683,26.603,11.9211003361411,63,63,63,63,61,63,0,7816,1.08413155380343,27,-89,0.001869,51,2025-08-16 07:40:08.000809,244.100006103516,1.037,0.0011,"aoml_navis",1027.44522935919
"7901009",79,0,1,0.028035,1,0.005607,1,138.081132421381,1,4.86633322604198,246,1,17.636999130249,36.3419990539551,0.0280349999666214,0,133.15119934082,-88.6683,26.603,11.9211003361411,63,63,63,63,61,63,0,7816,1.08413155380343,27,-89,0.001869,51,2025-08-16 07:40:08.000809,246,1.037,0.0011,"aoml_navis",1027.46765742278
"7901009",79,0,1,0.024297,1,0.001869,1,137.908780170529,1,4.86625684048954,248,1,17.5949993133545,36.3380012512207,0.0242970008403063,0,132.985000610352,-88.6683,26.603,11.9211003361411,63,63,63,63,61,63,0,7816,1.08413155380343,27,-89,0.001869,51,2025-08-16 07:40:08.000809,248,1.037,0.0011,"aoml_navis",1027.48378556546
"7901009",79,0,1,0.024297,1,0.001869,1,135.274015551292,1,4.86616094899791,250,1,17.5240001678467,36.3300018310547,0.0242970008403063,0,130.444305419922,-88.6683,26.603,11.9211003361411,63,63,63,63,61,63,0,7816,1.08413155380343,27,-89,0.001869,51,2025-08-16 07:40:08.000809,250,1.037,0.0011,"aoml_navis",1027.50403293373
"7901009",79,0,1,0.026166,1,0.003738,1,131.185950548741,1,4.86607950152125,252,1,17.42799949646,36.310001373291,0.0261659994721413,0,126.502197265625,-88.6683,26.603,11.9211003361411,63,63,63,63,61,63,0,7816,1.08413155380343,27,-89,0.001869,51,2025-08-16 07:40:08.000809,252,1.037,0.0011,"aoml_navis",1027.5212310931
"7901009",79,0,1,0.033642,1,0.011214,1,128.501198713159,1,4.86599972671636,254,1,17.3299999237061,36.2890014648438,0.0336420014500618,0,123.913299560547,-88.6683,26.603,11.9211003361411,63,63,63,63,61,63,0,7816,1.08413155380343,27,-89,0.001869,51,2025-08-16 07:40:08.000809,254,1.037,0.0011,"aoml_navis",1027.53807661516
"7901009",79,0,1,0.031773,1,0.009345,1,127.660174479162,1,4.86589710115384,256,1,17.2119998931885,36.2680015563965,0.0317730009555817,0,123.10230255127,-88.6683,26.603,11.9211003361411,63,63,63,63,61,63,0,7816,1.08413155380343,27,-89,0.001869,51,2025-08-16 07:40:08.000809,256,1.037,0.0011,"aoml_navis",1027.55974819409
"7901009",79,0,1,0.026166,1,0.003738,1,127.317954305714,1,4.86579443130938,258,1,17.1060009002686,36.2509994506836,0.0261659994721413,0,122.772300720215,-88.6683,26.603,11.9211003361411,63,63,63,63,61,63,0,7816,1.08413155380343,27,-89,0.001869,51,2025-08-16 07:40:08.000809,258,1.037,0.0011,"aoml_navis",1027.58143003886
"7901009",79,0,1,0.026166,1,0.003738,1,127.130561583467,1,4.86568956352126,260,1,17.003999710083,36.2360000610352,0.0261659994721413,0,122.591598510742,-88.6683,26.603,11.9211003361411,63,63,63,63,61,63,0,7816,1.08413155380343,27,-89,0.001869,51,2025-08-16 07:40:08.000809,260,1.037,0.0011,"aoml_navis",1027.60357699054
"7901009",79,0,1,0.026166,1,0.003738,1,127.120299883625,1,4.86560315803739,262,1,16.923999786377,36.2229995727539,0.0261659994721413,0,122.581703186035,-88.6683,26.603,11.9211003361411,63,63,63,63,61,63,0,7816,1.08413155380343,27,-89,0.001869,51,2025-08-16 07:40:08.000809,262,1.037,0.0011,"aoml_navis",1027.62182561901
"7901009",79,0,1,0.022428,1,0,1,127.267033488303,1,4.86550592437618,264,1,16.8279991149902,36.2080001831055,0.0224280003458261,0,122.723197937012,-88.6683,26.603,11.9211003361411,63,63,63,63,61,63,0,7816,1.08413155380343,27,-89,0.001869,51,2025-08-16 07:40:08.000809,264,1.037,0.0011,"aoml_navis",1027.64236190732
"7901009",79,0,1,0.022428,1,0,1,127.040753908135,1,4.86542176581865,266,1,16.7590007781982,36.1980018615723,0.0224280003458261,0,122.504997253418,-88.6683,26.603,11.9211003361411,63,63,63,63,61,63,0,7816,1.08413155380343,27,-89,0.001869,51,2025-08-16 07:40:08.000809,266,1.037,0.0011,"aoml_navis",1027.66013732392
"7901009",79,0,1,0.014952,1,-0.007476,1,126.502952223437,1,4.86531949593182,268,1,16.6580009460449,36.1829986572266,0.0149520002305508,0,121.986396789551,-88.6683,26.603,11.9211003361411,63,63,63,63,61,63,0,7816,1.08413155380343,27,-89,0.001869,51,2025-08-16 07:40:08.000809,268,1.037,0.0011,"aoml_navis",1027.68173892399
"7901009",79,0,1,0.016821,1,-0.005607,1,125.793731888951,1,4.86519519254931,270,1,16.5179996490479,36.1619987487793,0.0168210007250309,0,121.30249786377,-88.6683,26.603,11.9211003361411,63,63,63,63,61,63,0,7816,1.08413155380343,27,-89,0.001869,51,2025-08-16 07:40:08.000809,270,1.037,0.0011,"aoml_navis",1027.70799569504
"7901009",79,0,1,0.014952,1,-0.007476,1,124.899199654931,1,4.86513338849135,272,1,16.4680004119873,36.1520004272461,0.0149520002305508,0,120.439903259277,-88.6683,26.603,11.9211003361411,63,63,63,63,61,63,0,7816,1.08413155380343,27,-89,0.001869,51,2025-08-16 07:40:08.000809,272,1.037,0.0011,"aoml_navis",1027.72105114891
"7901009",79,0,1,0.020559,1,-0.001869,1,124.764903515288,1,4.86501593000735,274,1,16.3460006713867,36.1349983215332,0.020558999851346,0,120.310401916504,-88.6683,26.603,11.9211003361411,63,63,63,63,61,63,0,7816,1.08413155380343,27,-89,0.001869,51,2025-08-16 07:40:08.000809,274,1.037,0.0011,"aoml_navis",1027.74586392617
"7901009",79,0,1,0.016821,1,-0.005607,1,124.761374819737,1,4.86494573852063,276,1,16.2849998474121,36.1240005493164,0.0168210007250309,0,120.306999206543,-88.6683,26.603,11.9211003361411,63,63,63,63,61,63,0,7816,1.08413155380343,27,-89,0.001869,51,2025-08-16 07:40:08.000809,276,1.037,0.0011,"aoml_navis",1027.76069225398
"7901009",79,0,1,0.01869,1,-0.003738,1,124.74478362115,1,4.86485831870012,278,1,16.2019996643066,36.1110000610352,0.0186899993568659,0,120.291000366211,-88.6683,26.603,11.9211003361411,63,63,63,63,61,63,0,7816,1.08413155380343,27,-89,0.001869,51,2025-08-16 07:40:08.000809,278,1.037,0.0011,"aoml_navis",1027.77916075796
"7901009",79,0,1,0.020559,1,-0.001869,1,124.463231693182,1,4.8647753803791,280,1,16.113000869751,36.0950012207031,0.020558999851346,0,120.019500732422,-88.6683,26.603,11.9211003361411,63,63,63,63,61,63,0,7816,1.08413155380343,27,-89,0.001869,51,2025-08-16 07:40:08.000809,280,1.037,0.0011,"aoml_navis",1027.79668310408
"7901009",79,0,1,0.020559,1,-0.001869,1,123.836144516799,1,4.86465214032989,282,1,15.9580001831055,36.0699996948242,0.020558999851346,0,119.41480255127,-88.6683,26.603,11.9211003361411,63,63,63,63,61,63,0,7816,1.08413155380343,27,-89,0.001869,51,2025-08-16 07:40:08.000809,282,1.037,0.0011,"aoml_navis",1027.8227210838
"7901009",79,0,1,0.022428,1,0,1,123.134076515896,1,4.8645434344973,284,1,15.835000038147,36.0509986877441,0.0224280003458261,0,118.737800598145,-88.6683,26.603,11.9211003361411,63,63,63,63,61,63,0,7816,1.08413155380343,27,-89,0.001869,51,2025-08-16 07:40:08.000809,284,1.037,0.0011,"aoml_navis",1027.84568939031
"7901009",79,0,1,0.020559,1,-0.001869,1,122.673945692685,1,4.86441769368271,286,1,15.6859998703003,36.0289993286133,0.020558999851346,0,118.294097900391,-88.6683,26.603,11.9211003361411,63,63,63,63,61,63,0,7816,1.08413155380343,27,-89,0.001869,51,2025-08-16 07:40:08.000809,286,1.037,0.0011,"aoml_navis",1027.87225827531
"7901009",79,0,1,0.016821,1,-0.005607,1,122.493088177892,1,4.86435209854356,288,1,15.6309995651245,36.0190010070801,0.0168210007250309,0,118.119697570801,-88.6683,26.603,11.9211003361411,63,63,63,63,61,63,0,7816,1.08413155380343,27,-89,0.001869,51,2025-08-16 07:40:08.000809,288,1.037,0.0011,"aoml_navis",1027.88611899559
"7901009",79,0,1,0.016821,1,-0.005607,1,122.412205095792,1,4.86427567554524,290,1,15.5559997558594,36.0060005187988,0.0168210007250309,0,118.041702270508,-88.6683,26.603,11.9211003361411,63,63,63,63,61,63,0,7816,1.08413155380343,27,-89,0.001869,51,2025-08-16 07:40:08.000809,290,1.037,0.0011,"aoml_navis",1027.90226819115
"7901009",79,0,1,0.024297,1,0.001869,1,122.372487491162,1,4.86415966966134,292,1,15.41100025177,35.9830017089844,0.0242970008403063,0,118.003402709961,-88.6683,26.603,11.9211003361411,63,63,63,63,61,63,0,7816,1.08413155380343,27,-89,0.001869,51,2025-08-16 07:40:08.000809,292,1.037,0.0011,"aoml_navis",1027.92678274645
"7901009",79,0,1,0.014952,1,-0.007476,1,122.49050099528,1,4.86405596263838,294,1,15.289999961853,35.9640007019043,0.0149520002305508,0,118.117202758789,-88.6683,26.603,11.9211003361411,63,63,63,63,61,63,0,7816,1.08413155380343,27,-89,0.001869,51,2025-08-16 07:40:08.000809,294,1.037,0.0011,"aoml_navis",1027.94869927604
"7901009",79,0,1,0.01869,1,-0.003738,1,122.425789782476,1,4.86397737295234,296,1,15.2119998931885,35.951000213623,0.0186899993568659,0,118.054801940918,-88.6683,26.603,11.9211003361411,63,63,63,63,61,63,0,7816,1.08413155380343,27,-89,0.001869,51,2025-08-16 07:40:08.000809,296,1.037,0.0011,"aoml_navis",1027.96530835116
"7901009",79,0,1,0.022428,1,0,1,122.312024954391,1,4.86387683238874,298,1,15.0930004119873,35.931999206543,0.0224280003458261,0,117.945098876953,-88.6683,26.603,11.9211003361411,63,63,63,63,61,63,0,7816,1.08413155380343,27,-89,0.001869,51,2025-08-16 07:40:08.000809,298,1.037,0.0011,"aoml_navis",1027.98655728797
"7901009",79,0,1,0.01869,1,-0.003738,1,122.01398468219,1,4.86378647671433,300,1,15,35.9179992675781,0.0186899993568659,0,117.657699584961,-88.6683,26.603,11.9211003361411,63,63,63,63,61,63,0,7816,1.08413155380343,27,-89,0.001869,51,2025-08-16 07:40:08.000809,300,1.037,0.0011,"aoml_navis",1028.00565442949
"7901009",79,0,1,0.024297,1,0.001869,1,121.594093647256,1,4.8637292328412,302,1,14.9650001525879,35.9119987487793,0.0242970008403063,0,117.252799987793,-88.6683,26.603,11.9211003361411,63,63,63,63,61,63,0,7816,1.08413155380343,27,-89,0.001869,51,2025-08-16 07:40:08.000809,302,1.037,0.0011,"aoml_navis",1028.01775358683
"7901009",79,0,1,0.022428,1,0,1,121.105345577839,1,4.86366670297408,304,1,14.9250001907349,35.9059982299805,0.0224280003458261,0,116.78150177002,-88.6683,26.603,11.9211003361411,63,63,63,63,61,63,0,7816,1.08413155380343,27,-89,0.001869,51,2025-08-16 07:40:08.000809,304,1.037,0.0011,"aoml_navis",1028.03097032586
"7901009",79,0,1,0.014952,1,-0.007476,1,120.703493614331,1,4.86360468086228,306,1,14.8819999694824,35.898998260498,0.0149520002305508,0,116.393997192383,-88.6683,26.603,11.9211003361411,63,63,63,63,61,63,0,7816,1.08413155380343,27,-89,0.001869,51,2025-08-16 07:40:08.000809,306,1.037,0.0011,"aoml_navis",1028.04408007798
"7901009",79,0,1,0.020559,1,-0.001869,1,120.265247033034,1,4.86354774837528,308,1,14.8540000915527,35.8950004577637,0.020558999851346,0,115.971397399902,-88.6683,26.603,11.9211003361411,63,63,63,63,61,63,0,7816,1.08413155380343,27,-89,0.001869,51,2025-08-16 07:40:08.000809,308,1.037,0.0011,"aoml_navis",1028.05611431908
"7901009",79,0,1,0.020559,1,-0.001869,1,119.942529627598,1,4.86348690799963,310,1,14.8120002746582,35.8880004882812,0.020558999851346,0,115.660202026367,-88.6683,26.603,11.9211003361411,63,63,63,63,61,63,0,7816,1.08413155380343,27,-89,0.001869,51,2025-08-16 07:40:08.000809,310,1.037,0.0011,"aoml_navis",1028.06897491095
"7901009",79,0,1,0.020559,1,-0.001869,1,119.562459051649,1,4.86343855174368,312,1,14.7919998168945,35.8839988708496,0.020558999851346,0,115.293701171875,-88.6683,26.603,11.9211003361411,63,63,63,63,61,63,0,7816,1.08413155380343,27,-89,0.001869,51,2025-08-16 07:40:08.000809,312,1.037,0.0011,"aoml_navis",1028.07919680765
"7901009",79,0,1,0.020559,1,-0.001869,1,118.875431522142,1,4.86338323490714,314,1,14.7620000839233,35.8790016174316,0.020558999851346,0,114.631202697754,-88.6683,26.603,11.9211003361411,63,63,63,63,61,63,0,7816,1.08413155380343,27,-89,0.001869,51,2025-08-16 07:40:08.000809,314,1.037,0.0011,"aoml_navis",1028.09089033171
"7901009",79,0,1,0.020559,1,-0.001869,1,117.985037197927,1,4.86332289915901,316,1,14.710000038147,35.8689994812012,0.020558999851346,0,113.772598266602,-88.6683,26.603,11.9211003361411,63,63,63,63,61,63,0,7816,1.08413155380343,27,-89,0.001869,51,2025-08-16 07:40:08.000809,316,1.037,0.0011,"aoml_navis",1028.10364511569
"7901009",79,0,1,0.01869,1,-0.003738,1,117.480837239696,1,4.86320370058403,318,1,14.5640001296997,35.8479995727539,0.0186899993568659,0,113.286399841309,-88.6683,26.603,11.9211003361411,63,63,63,63,61,63,0,7816,1.08413155380343,27,-89,0.001869,51,2025-08-16 07:40:08.000809,318,1.037,0.0011,"aoml_navis",1028.12884424305
"7901009",79,0,1,0.024297,1,0.001869,1,116.906949500273,1,4.86314169203272,320.100006103516,1,14.5120000839233,35.8380012512207,0.0242970008403063,0,112.733001708984,-88.6683,26.603,11.9211003361411,63,63,63,63,61,63,0,7816,1.08413155380343,27,-89,0.001869,51,2025-08-16 07:40:08.000809,320.100006103516,1.037,0.0011,"aoml_navis",1028.14195362465
"7901009",79,0,1,0.020559,1,-0.001869,1,116.713235191153,1,4.86305981466835,322,1,14.4160003662109,35.8219985961914,0.020558999851346,0,112.546203613281,-88.6683,26.603,11.9211003361411,63,63,63,63,61,63,0,7816,1.08413155380343,27,-89,0.001869,51,2025-08-16 07:40:08.000809,322,1.037,0.0011,"aoml_navis",1028.15926403344
"7901009",79,0,1,0.020559,1,-0.001869,1,116.855300790506,1,4.86293416449404,324,1,14.2550001144409,35.798999786377,0.020558999851346,0,112.683197021484,-88.6683,26.603,11.9211003361411,63,63,63,63,61,63,0,7816,1.08413155380343,27,-89,0.001869,51,2025-08-16 07:40:08.000809,324,1.037,0.0011,"aoml_navis",1028.18582996799
"7901009",79,0,1,0.020559,1,-0.001869,1,116.794118273253,1,4.86285322189256,326,1,14.1750001907349,35.7869987487793,0.020558999851346,0,112.624198913574,-88.6683,26.603,11.9211003361411,63,63,63,63,61,63,0,7816,1.08413155380343,27,-89,0.001869,51,2025-08-16 07:40:08.000809,326,1.037,0.0011,"aoml_navis",1028.20294420773
"7901009",79,0,1,0.024297,1,0.001869,1,116.480523257884,1,4.86279925104257,328,1,14.1350002288818,35.7789993286133,0.0242970008403063,0,112.321800231934,-88.6683,26.603,11.9211003361411,63,63,63,63,61,63,0,7816,1.08413155380343,27,-89,0.001869,51,2025-08-16 07:40:08.000809,328,1.037,0.0011,"aoml_navis",1028.21435594488
"7901009",79,0,1,0.024297,1,0.001869,1,116.09578467661,1,4.86271720527347,330,1,14.0500001907349,35.765998840332,0.0242970008403063,0,111.950798034668,-88.6683,26.603,11.9211003361411,63,63,63,63,61,63,0,7816,1.08413155380343,27,-89,0.001869,51,2025-08-16 07:40:08.000809,330,1.037,0.0011,"aoml_navis",1028.23170440133
"7901009",79,0,1,0.022428,1,0,1,115.855920409758,1,4.8626197430109,332,1,13.9390001296997,35.75,0.0224280003458261,0,111.719497680664,-88.6683,26.603,11.9211003361411,63,63,63,63,61,63,0,7816,1.08413155380343,27,-89,0.001869,51,2025-08-16 07:40:08.000809,332,1.037,0.0011,"aoml_navis",1028.25231341327
"7901009",79,0,1,0.024297,1,0.001869,1,115.577588614278,1,4.86255299699889,334,1,13.878999710083,35.7400016784668,0.0242970008403063,0,111.451103210449,-88.6683,26.603,11.9211003361411,63,63,63,63,61,63,0,7816,1.08413155380343,27,-89,0.001869,51,2025-08-16 07:40:08.000809,334,1.037,0.0011,"aoml_navis",1028.26642775635
"7901009",79,0,1,0.022428,1,0,1,115.264507870682,1,4.86249688610583,336,1,13.8400001525879,35.7330017089844,0.0224280003458261,0,111.149200439453,-88.6683,26.603,11.9211003361411,63,63,63,63,61,63,0,7816,1.08413155380343,27,-89,0.001869,51,2025-08-16 07:40:08.000809,336,1.037,0.0011,"aoml_navis",1028.27829346011
"7901009",79,0,1,0.026166,1,0.003738,1,114.981713778586,1,4.86243634499064,338,1,13.7930002212524,35.7249984741211,0.0261659994721413,0,110.876502990723,-88.6683,26.603,11.9211003361411,63,63,63,63,61,63,0,7816,1.08413155380343,27,-89,0.001869,51,2025-08-16 07:40:08.000809,338,1.037,0.0011,"aoml_navis",1028.29109632481
"7901009",79,0,1,0.01869,1,-0.003738,1,114.731991317437,1,4.86236691104142,340,1,13.7299995422363,35.7150001525879,0.0186899993568659,0,110.635696411133,-88.6683,26.603,11.9211003361411,63,63,63,63,61,63,0,7816,1.08413155380343,27,-89,0.001869,51,2025-08-16 07:40:08.000809,340,1.037,0.0011,"aoml_navis",1028.30578018414
"7901009",79,0,4,0.014952,1,-0.007476,1,114.375047147532,1,4.86229482103413,342,1,13.6569995880127,35.7029991149902,0.0149520002305508,0,110.291496276855,-88.6683,26.603,11.9211003361411,63,63,63,63,61,63,0,7816,1.08413155380343,27,-89,0.001869,51,2025-08-16 07:40:08.000809,342,1.037,0.0011,"aoml_navis",1028.32102618915
"7901009",79,0,1,0.024297,1,0.001869,1,114.219911133268,1,4.86219935946812,344,1,13.5570001602173,35.689998626709,0.0242970008403063,0,110.141899108887,-88.6683,26.603,11.9211003361411,63,63,63,63,61,63,0,7816,1.08413155380343,27,-89,0.001869,51,2025-08-16 07:40:08.000809,344,1.037,0.0011,"aoml_navis",1028.34121564011
"7901009",79,0,1,0.022428,1,0,1,114.179465636282,1,4.86213394573031,346,1,13.5010004043579,35.6809997558594,0.0224280003458261,0,110.102897644043,-88.6683,26.603,11.9211003361411,63,63,63,63,61,63,0,7816,1.08413155380343,27,-89,0.001869,51,2025-08-16 07:40:08.000809,346,1.037,0.0011,"aoml_navis",1028.35505064412
"7901009",79,0,1,0.01869,1,-0.003738,1,114.142445980491,1,4.86206300526353,348,1,13.4429998397827,35.6730003356934,0.0186899993568659,0,110.067199707031,-88.6683,26.603,11.9211003361411,63,63,63,63,61,63,0,7816,1.08413155380343,27,-89,0.001869,51,2025-08-16 07:40:08.000809,348,1.037,0.0011,"aoml_navis",1028.37005497196
"7901009",79,0,1,0.020559,1,-0.001869,1,113.911498394998,1,4.86201432229346,350,1,13.4180002212524,35.6679992675781,0.020558999851346,0,109.844497680664,-88.6683,26.603,11.9211003361411,63,63,63,63,61,63,0,7816,1.08413155380343,27,-89,0.001869,51,2025-08-16 07:40:08.000809,350,1.037,0.0011,"aoml_navis",1028.38035196109
"7901009",79,0,1,0.020559,1,-0.001869,1,113.543042449248,1,4.86196023322479,352,1,13.3730001449585,35.6590003967285,0.020558999851346,0,109.489196777344,-88.6683,26.603,11.9211003361411,63,63,63,63,61,63,0,7816,1.08413155380343,27,-89,0.001869,51,2025-08-16 07:40:08.000809,352,1.037,0.0011,"aoml_navis",1028.39179264197
"7901009",79,0,1,0.020559,1,-0.001869,1,113.103142286404,1,4.86188526104059,354,1,13.3070001602173,35.6500015258789,0.020558999851346,0,109.065002441406,-88.6683,26.603,11.9211003361411,63,63,63,63,61,63,0,7816,1.08413155380343,27,-89,0.001869,51,2025-08-16 07:40:08.000809,354,1.037,0.0011,"aoml_navis",1028.40765084815
"7901009",79,0,1,0.020559,1,-0.001869,1,112.846686820964,1,4.86180783562503,356,1,13.2309999465942,35.6389999389648,0.020558999851346,0,108.81770324707,-88.6683,26.603,11.9211003361411,63,63,63,63,61,63,0,7816,1.08413155380343,27,-89,0.001869,51,2025-08-16 07:40:08.000809,356,1.037,0.0011,"aoml_navis",1028.42402847812
"7901009",79,0,1,0.024297,1,0.001869,1,112.711662788966,1,4.86173926345927,358,1,13.1599998474121,35.6269989013672,0.0242970008403063,0,108.6875,-88.6683,26.603,11.9211003361411,63,63,63,63,61,63,0,7816,1.08413155380343,27,-89,0.001869,51,2025-08-16 07:40:08.000809,358,1.037,0.0011,"aoml_navis",1028.43853383498
"7901009",79,0,1,0.024297,1,0.001869,1,112.580689636165,1,4.8616655682287,360,1,13.0909996032715,35.617000579834,0.0242970008403063,0,108.56120300293,-88.6683,26.603,11.9211003361411,63,63,63,63,61,63,0,7816,1.08413155380343,27,-89,0.001869,51,2025-08-16 07:40:08.000809,360,1.037,0.0011,"aoml_navis",1028.45412335133
"7901009",79,0,1,0.024297,1,0.001869,1,112.647054430516,1,4.86158994465432,362,1,13.0050001144409,35.6030006408691,0.0242970008403063,0,108.625198364258,-88.6683,26.603,11.9211003361411,63,63,63,63,61,63,0,7816,1.08413155380343,27,-89,0.001869,51,2025-08-16 07:40:08.000809,362,1.037,0.0011,"aoml_navis",1028.47012128159
"7901009",79,0,1,0.026166,1,0.003738,1,112.77347034422,1,4.86150706531592,364,1,12.914999961853,35.5900001525879,0.0261659994721413,0,108.747100830078,-88.6683,26.603,11.9211003361411,63,63,63,63,61,63,0,7816,1.08413155380343,27,-89,0.001869,51,2025-08-16 07:40:08.000809,364,1.037,0.0011,"aoml_navis",1028.48765471764
"7901009",79,0,1,0.024297,1,0.001869,1,112.685324162309,1,4.86145347216892,366,1,12.8769998550415,35.5830001831055,0.0242970008403063,0,108.662101745605,-88.6683,26.603,11.9211003361411,63,63,63,63,61,63,0,7816,1.08413155380343,27,-89,0.001869,51,2025-08-16 07:40:08.000809,366,1.037,0.0011,"aoml_navis",1028.49899286792
"7901009",79,0,1,0.024297,1,0.001869,1,112.648921632646,1,4.86138329728714,368,1,12.8070001602173,35.5719985961914,0.0242970008403063,0,108.626998901367,-88.6683,26.603,11.9211003361411,63,63,63,63,61,63,0,7816,1.08413155380343,27,-89,0.001869,51,2025-08-16 07:40:08.000809,368,1.037,0.0011,"aoml_navis",1028.51383942307
"7901009",79,0,1,0.024297,1,0.001869,1,112.498556478062,1,4.86132003370725,369.899993896484,1,12.7530002593994,35.5639991760254,0.0242970008403063,0,108.482002258301,-88.6683,26.603,11.9211003361411,63,63,63,63,61,63,0,7816,1.08413155380343,27,-89,0.001869,51,2025-08-16 07:40:08.000809,369.899993896484,1.037,0.0011,"aoml_navis",1028.52722415541
"7901009",79,0,1,0.024297,1,0.001869,1,112.315728906785,1,4.86124520359213,372,1,12.6800003051758,35.5530014038086,0.0242970008403063,0,108.305702209473,-88.6683,26.603,11.9211003361411,63,63,63,63,61,63,0,7816,1.08413155380343,27,-89,0.001869,51,2025-08-16 07:40:08.000809,372,1.037,0.0011,"aoml_navis",1028.54305647971
"7901009",79,0,1,0.024297,1,0.001869,1,112.081877663742,1,4.86118692456932,374,1,12.6330003738403,35.5449981689453,0.0242970008403063,0,108.080200195312,-88.6683,26.603,11.9211003361411,63,63,63,63,61,63,0,7816,1.08413155380343,27,-89,0.001869,51,2025-08-16 07:40:08.000809,374,1.037,0.0011,"aoml_navis",1028.55538731274
"7901009",79,0,1,0.026166,1,0.003738,1,111.784668138252,1,4.86112023595156,376,1,12.581000328064,35.5379981994629,0.0261659994721413,0,107.793601989746,-88.6683,26.603,11.9211003361411,63,63,63,63,61,63,0,7816,1.08413155380343,27,-89,0.001869,51,2025-08-16 07:40:08.000809,376,1.037,0.0011,"aoml_navis",1028.5694978333
"7901009",79,0,1,0.020559,1,-0.001869,1,111.503116210284,1,4.86104803590025,378,1,12.5080003738403,35.5270004272461,0.020558999851346,0,107.522102355957,-88.6683,26.603,11.9211003361411,63,63,63,63,61,63,0,7816,1.08413155380343,27,-89,0.001869,51,2025-08-16 07:40:08.000809,378,1.037,0.0011,"aoml_navis",1028.58477494432
"7901009",79,0,1,0.020559,1,-0.001869,1,111.095251222968,1,4.86098220190657,380,1,12.4490003585815,35.5180015563965,0.020558999851346,0,107.128799438477,-88.6683,26.603,11.9211003361411,63,63,63,63,61,63,0,7816,1.08413155380343,27,-89,0.001869,51,2025-08-16 07:40:08.000809,380,1.037,0.0011,"aoml_navis",1028.59870543013
"7901009",79,0,1,0.028035,1,0.005607,1,110.671831492483,1,4.86091574816901,382,1,12.3929996490479,35.5099983215332,0.0280349999666214,0,106.720497131348,-88.6683,26.603,11.9211003361411,63,63,63,63,61,63,0,7816,1.08413155380343,27,-89,0.001869,51,2025-08-16 07:40:08.000809,382,1.037,0.0011,"aoml_navis",1028.61276743654
"7901009",79,0,1,0.020559,1,-0.001869,1,110.406981529331,1,4.86084334513395,384,1,12.3229999542236,35.5,0.020558999851346,0,106.465103149414,-88.6683,26.603,11.9211003361411,63,63,63,63,61,63,0,7816,1.08413155380343,27,-89,0.001869,51,2025-08-16 07:40:08.000809,384,1.037,0.0011,"aoml_navis",1028.62808878738
"7901009",79,0,1,0.024297,1,0.001869,1,110.272788244043,1,4.860780831864,386,1,12.2670001983643,35.4910011291504,0.0242970008403063,0,106.33570098877,-88.6683,26.603,11.9211003361411,63,63,63,63,61,63,0,7816,1.08413155380343,27,-89,0.001869,51,2025-08-16 07:40:08.000809,386,1.037,0.0011,"aoml_navis",1028.64131771245
"7901009",79,0,1,0.026166,1,0.003738,1,110.218552351664,1,4.86072239933157,388,1,12.2189998626709,35.4830017089844,0.0261659994721413,0,106.283401489258,-88.6683,26.603,11.9211003361411,63,63,63,63,61,63,0,7816,1.08413155380343,27,-89,0.001869,51,2025-08-16 07:40:08.000809,388,1.037,0.0011,"aoml_navis",1028.65368338821
"7901009",79,0,1,0.024297,1,0.001869,1,110.153532575796,1,4.86063984402274,390,1,12.1300001144409,35.4710006713867,0.0242970008403063,0,106.220703125,-88.6683,26.603,11.9211003361411,63,63,63,63,61,63,0,7816,1.08413155380343,27,-89,0.001869,51,2025-08-16 07:40:08.000809,390,1.037,0.0011,"aoml_navis",1028.67115450832
"7901009",79,0,1,0.031773,1,0.009345,1,110.0075189516,1,4.86058830397497,392,1,12.08899974823,35.4630012512207,0.0317730009555817,0,106.079902648926,-88.6683,26.603,11.9211003361411,63,63,63,63,61,63,0,7816,1.08413155380343,27,-89,0.001869,51,2025-08-16 07:40:08.000809,392,1.037,0.0011,"aoml_navis",1028.68206219215
"7901009",79,0,1,0.028035,1,0.005607,1,109.959193228674,1,4.8605102319586,394,1,12.0120000839233,35.4529991149902,0.0280349999666214,0,106.033302307129,-88.6683,26.603,11.9211003361411,63,63,63,63,61,63,0,7816,1.08413155380343,27,-89,0.001869,51,2025-08-16 07:40:08.000809,394,1.037,0.0011,"aoml_navis",1028.69858541275
"7901009",79,0,1,0.028035,1,0.005607,1,109.898627837549,1,4.86044460371667,396,1,11.9479999542236,35.443000793457,0.0280349999666214,0,105.974899291992,-88.6683,26.603,11.9211003361411,63,63,63,63,61,63,0,7816,1.08413155380343,27,-89,0.001869,51,2025-08-16 07:40:08.000809,396,1.037,0.0011,"aoml_navis",1028.71247543416
"7901009",79,0,1,0.026166,1,0.003738,1,109.835783826875,1,4.86038400845115,398,1,11.8970003128052,35.435001373291,0.0261659994721413,0,105.91429901123,-88.6683,26.603,11.9211003361411,63,63,63,63,61,63,0,7816,1.08413155380343,27,-89,0.001869,51,2025-08-16 07:40:08.000809,398,1.037,0.0011,"aoml_navis",1028.72530057421
"7901009",79,0,1,0.028035,1,0.005607,1,109.852169316754,1,4.86030161911281,400,1,11.798999786377,35.4210014343262,0.0280349999666214,0,105.930099487305,-88.6683,26.603,11.9211003361411,63,63,63,63,61,63,0,7816,1.08413155380343,27,-89,0.001869,51,2025-08-16 07:40:08.000809,400,1.037,0.0011,"aoml_navis",1028.74273899748
"7901009",79,0,1,0.026166,1,0.003738,1,109.692159588456,1,4.86023950283241,402,1,11.746000289917,35.4129981994629,0.0261659994721413,0,105.775802612305,-88.6683,26.603,11.9211003361411,63,63,63,63,61,63,0,7816,1.08413155380343,27,-89,0.001869,51,2025-08-16 07:40:08.000809,402,1.037,0.0011,"aoml_navis",1028.75588684182
"7901009",79,0,1,0.028035,1,0.005607,1,109.453434631378,1,4.86017378039192,404,1,11.6890001296997,35.4049987792969,0.0280349999666214,0,105.545600891113,-88.6683,26.603,11.9211003361411,63,63,63,63,61,63,0,7816,1.08413155380343,27,-89,0.001869,51,2025-08-16 07:40:08.000809,404,1.037,0.0011,"aoml_navis",1028.76979835005
"7901009",79,0,1,0.024297,1,0.001869,1,109.146991949592,1,4.86011467186266,406,1,11.6389999389648,35.3969993591309,0.0242970008403063,0,105.250099182129,-88.6683,26.603,11.9211003361411,63,63,63,63,61,63,0,7816,1.08413155380343,27,-89,0.001869,51,2025-08-16 07:40:08.000809,406,1.037,0.0011,"aoml_navis",1028.7823102091
"7901009",79,0,1,0.024297,1,0.001869,1,108.967590219511,1,4.86004927210277,408,1,11.5900001525879,35.390998840332,0.0242970008403063,0,105.077102661133,-88.6683,26.603,11.9211003361411,63,63,63,63,61,63,0,7816,1.08413155380343,27,-89,0.001869,51,2025-08-16 07:40:08.000809,408,1.037,0.0011,"aoml_navis",1028.79615412555
"7901009",79,0,1,0.026166,1,0.003738,1,108.639057587102,1,4.86000155167205,410,1,11.5719995498657,35.3880004882812,0.0261659994721413,0,104.760299682617,-88.6683,26.603,11.9211003361411,63,63,63,63,61,63,0,7816,1.08413155380343,27,-89,0.001869,51,2025-08-16 07:40:08.000809,410,1.037,0.0011,"aoml_navis",1028.80625589097
"7901009",79,0,1,0.028035,1,0.005607,1,108.415270247065,1,4.85993906851406,412,1,11.5299997329712,35.382999420166,0.0280349999666214,0,104.544502258301,-88.6683,26.603,11.9211003361411,63,63,63,63,61,63,0,7816,1.08413155380343,27,-89,0.001869,51,2025-08-16 07:40:08.000809,412,1.037,0.0011,"aoml_navis",1028.81948302466
"7901009",79,0,1,0.028035,1,0.005607,1,108.192827925511,1,4.85988489781172,414,1,11.4890003204346,35.3759994506836,0.0280349999666214,0,104.330001831055,-88.6683,26.603,11.9211003361411,63,63,63,63,61,63,0,7816,1.08413155380343,27,-89,0.001869,51,2025-08-16 07:40:08.000809,414,1.037,0.0011,"aoml_navis",1028.83095076004
"7901009",79,0,1,0.026166,1,0.003738,1,108.140767798326,1,4.85981428718271,416,1,11.4219999313354,35.367000579834,0.0261659994721413,0,104.279800415039,-88.6683,26.603,11.9211003361411,63,63,63,63,61,63,0,7816,1.08413155380343,27,-89,0.001869,51,2025-08-16 07:40:08.000809,416,1.037,0.0011,"aoml_navis",1028.84589915031
"7901009",79,0,1,0.020559,1,-0.001869,1,108.02887017237,1,4.85975389324051,418,1,11.3819999694824,35.3619995117188,0.020558999851346,0,104.171897888184,-88.6683,26.603,11.9211003361411,63,63,63,63,61,63,0,7816,1.08413155380343,27,-89,0.001869,51,2025-08-16 07:40:08.000809,418,1.037,0.0011,"aoml_navis",1028.85868499525
"7901009",79,0,1,0.022428,1,0,1,107.869691190783,1,4.85970540902808,420,1,11.3590002059937,35.3580017089844,0.0224280003458261,0,104.018402099609,-88.6683,26.603,11.9211003361411,63,63,63,63,61,63,0,7816,1.08413155380343,27,-89,0.001869,51,2025-08-16 07:40:08.000809,420,1.037,0.0011,"aoml_navis",1028.86894969215
"7901009",79,0,1,0.026166,1,0.003738,1,107.909408795414,1,4.85962610177502,422,1,11.2779998779297,35.3479995727539,0.0261659994721413,0,104.056701660156,-88.6683,26.603,11.9211003361411,63,63,63,63,61,63,0,7816,1.08413155380343,27,-89,0.001869,51,2025-08-16 07:40:08.000809,422,1.037,0.0011,"aoml_navis",1028.88574044281
"7901009",79,0,1,0.026166,1,0.003738,1,107.870102608201,1,4.85957414816668,424,1,11.2430000305176,35.3419990539551,0.0261659994721413,0,104.018798828125,-88.6683,26.603,11.9211003361411,63,63,63,63,61,63,0,7816,1.08413155380343,27,-89,0.001869,51,2025-08-16 07:40:08.000809,424,1.037,0.0011,"aoml_navis",1028.89674023933
"7901009",79,0,1,0.026166,1,0.003738,1,107.717039504777,1,4.85953574147629,426,1,11.2349996566772,35.3390007019043,0.0261659994721413,0,103.871200561523,-88.6683,26.603,11.9211003361411,63,63,63,63,61,63,0,7816,1.08413155380343,27,-89,0.001869,51,2025-08-16 07:40:08.000809,426,1.037,0.0011,"aoml_navis",1028.90487198702
"7901009",79,0,1,0.028035,1,0.005607,1,107.764740189701,1,4.85945062710596,428,1,11.1389999389648,35.3269996643066,0.0280349999666214,0,103.917198181152,-88.6683,26.603,11.9211003361411,63,63,63,63,61,63,0,7816,1.08413155380343,27,-89,0.001869,51,2025-08-16 07:40:08.000809,428,1.037,0.0011,"aoml_navis",1028.92289348719
"7901009",79,0,1,0.022428,1,0,1,107.8200125375,1,4.85937921716973,430,1,11.0699996948242,35.318000793457,0.0224280003458261,0,103.970497131348,-88.6683,26.603,11.9211003361411,63,63,63,63,61,63,0,7816,1.08413155380343,27,-89,0.001869,51,2025-08-16 07:40:08.000809,430,1.037,0.0011,"aoml_navis",1028.93801379679
"7901009",79,0,1,0.026166,1,0.003738,1,107.813588096273,1,4.85932410694963,432,1,11.0229997634888,35.310001373291,0.0261659994721413,0,103.964302062988,-88.6683,26.603,11.9211003361411,63,63,63,63,61,63,0,7816,1.08413155380343,27,-89,0.001869,51,2025-08-16 07:40:08.000809,432,1.037,0.0011,"aoml_navis",1028.94968311523
"7901009",79,0,1,0.028035,1,0.005607,1,107.773142599286,1,4.85925924674734,434,1,10.9650001525879,35.3019981384277,0.0280349999666214,0,103.925300598145,-88.6683,26.603,11.9211003361411,63,63,63,63,61,63,0,7816,1.08413155380343,27,-89,0.001869,51,2025-08-16 07:40:08.000809,434,1.037,0.0011,"aoml_navis",1028.96341728358
"7901009",79,0,1,0.024297,1,0.001869,1,107.711335044032,1,4.85920166497804,436,1,10.914999961853,35.2939987182617,0.0242970008403063,0,103.865699768066,-88.6683,26.603,11.9211003361411,63,63,63,63,61,63,0,7816,1.08413155380343,27,-89,0.001869,51,2025-08-16 07:40:08.000809,436,1.037,0.0011,"aoml_navis",1028.97561054869
"7901009",79,0,1,0.031773,1,0.009345,1,107.619763020925,1,4.85913616832328,438,1,10.8559999465942,35.2859992980957,0.0317730009555817,0,103.777397155762,-88.6683,26.603,11.9211003361411,63,63,63,63,61,63,0,7816,1.08413155380343,27,-89,0.001869,51,2025-08-16 07:40:08.000809,438,1.037,0.0011,"aoml_navis",1028.98948018683
"7901009",79,0,4,0.022428,1,0,1,107.623497425185,1,4.85906205309414,440,1,10.7829999923706,35.2770004272461,0.0224280003458261,0,103.78099822998,-88.6683,26.603,11.9211003361411,63,63,63,63,61,63,0,7816,1.08413155380343,27,-89,0.001869,51,2025-08-16 07:40:08.000809,440,1.037,0.0011,"aoml_navis",1029.00517535398
"7901009",79,0,1,0.033642,1,0.011214,1,107.584302004201,1,4.8590047404728,442,1,10.7370004653931,35.2700004577637,0.0336420014500618,0,103.743202209473,-88.6683,26.603,11.9211003361411,63,63,63,63,61,63,0,7816,1.08413155380343,27,-89,0.001869,51,2025-08-16 07:40:08.000809,442,1.037,0.0011,"aoml_navis",1029.01731260988
"7901009",79,0,1,0.029904,1,0.007476,1,107.698992521477,1,4.85893779805275,444,1,10.6800003051758,35.2630004882812,0.0299040004611015,0,103.853797912598,-88.6683,26.603,11.9211003361411,63,63,63,63,61,63,0,7816,1.08413155380343,27,-89,0.001869,51,2025-08-16 07:40:08.000809,444,1.037,0.0011,"aoml_navis",1029.03148955802
"7901009",79,0,1,0.026166,1,0.003738,1,107.753647743149,1,4.85889674666335,446,1,10.6730003356934,35.2610015869141,0.0261659994721413,0,103.90650177002,-88.6683,26.603,11.9211003361411,63,63,63,63,61,63,0,7816,1.08413155380343,27,-89,0.001869,51,2025-08-16 07:40:08.000809,446,1.037,0.0011,"aoml_navis",1029.04018354239
"7901009",79,0,1,0.028035,1,0.005607,1,107.991644807871,1,4.85883685876262,448,1,10.6280002593994,35.2550010681152,0.0280349999666214,0,104.136001586914,-88.6683,26.603,11.9211003361411,63,63,63,63,61,63,0,7816,1.08413155380343,27,-89,0.001869,51,2025-08-16 07:40:08.000809,448,1.037,0.0011,"aoml_navis",1029.0528670422
"7901009",79,0,1,0.029904,1,0.007476,1,108.295073065879,1,4.85877943203516,450,1,10.5690002441406,35.2449989318848,0.0299040004611015,0,104.428596496582,-88.6683,26.603,11.9211003361411,63,63,63,63,61,63,0,7816,1.08413155380343,27,-89,0.001869,51,2025-08-16 07:40:08.000809,450,1.037,0.0011,"aoml_navis",1029.0650295903
"7901009",79,0,1,0.026166,1,0.003738,1,108.475930580671,1,4.85872340946742,452,1,10.5240001678467,35.2379989624023,0.0261659994721413,0,104.602996826172,-88.6683,26.603,11.9211003361411,63,63,63,63,61,63,0,7816,1.08413155380343,27,-89,0.001869,51,2025-08-16 07:40:08.000809,452,1.037,0.0011,"aoml_navis",1029.076895025
"7901009",79,0,1,0.028035,1,0.005607,1,108.684171089414,1,4.85865068999486,454,1,10.4429998397827,35.2270011901855,0.0280349999666214,0,104.803802490234,-88.6683,26.603,11.9211003361411,63,63,63,63,61,63,0,7816,1.08413155380343,27,-89,0.001869,51,2025-08-16 07:40:08.000809,454,1.037,0.0011,"aoml_navis",1029.09229722899
"7901009",79,0,1,0.029904,1,0.007476,1,108.803735320725,1,4.85859229984318,456,1,10.3950004577637,35.2200012207031,0.0299040004611015,0,104.919097900391,-88.6683,26.603,11.9211003361411,63,63,63,63,61,63,0,7816,1.08413155380343,27,-89,0.001869,51,2025-08-16 07:40:08.000809,456,1.037,0.0011,"aoml_navis",1029.10466477325
"7901009",79,0,1,0.026166,1,0.003738,1,109.102922814573,1,4.85854057372119,458,1,10.3629999160767,35.2150001525879,0.0261659994721413,0,105.20760345459,-88.6683,26.603,11.9211003361411,63,63,63,63,61,63,0,7816,1.08413155380343,27,-89,0.001869,51,2025-08-16 07:40:08.000809,458,1.037,0.0011,"aoml_navis",1029.11562106611
"7901009",79,0,1,0.028035,1,0.005607,1,109.561906416137,1,4.85849236153492,460,1,10.335000038147,35.2099990844727,0.0280349999666214,0,105.650199890137,-88.6683,26.603,11.9211003361411,63,63,63,63,61,63,0,7816,1.08413155380343,27,-89,0.001869,51,2025-08-16 07:40:08.000809,460,1.037,0.0011,"aoml_navis",1029.12583326989
"7901009",79,0,1,0.029904,1,0.007476,1,110.563984745725,1,4.8584300297995,462,1,10.2609996795654,35.1980018615723,0.0299040004611015,0,106.616500854492,-88.6683,26.603,11.9211003361411,63,63,63,63,61,63,0,7816,1.08413155380343,27,-89,0.001869,51,2025-08-16 07:40:08.000809,462,1.037,0.0011,"aoml_navis",1029.13903654723
"7901009",79,0,1,0.026166,1,0.003738,1,111.606397806072,1,4.858368421677,464,1,10.1789999008179,35.1839981079102,0.0261659994721413,0,107.621696472168,-88.6683,26.603,11.9211003361411,63,63,63,63,61,63,0,7816,1.08413155380343,27,-89,0.001869,51,2025-08-16 07:40:08.000809,464,1.037,0.0011,"aoml_navis",1029.15208687984
"7901009",79,0,1,0.028035,1,0.005607,1,112.110392055592,1,4.85831752668725,466,1,10.1219997406006,35.1730003356934,0.0280349999666214,0,108.107696533203,-88.6683,26.603,11.9211003361411,63,63,63,63,61,63,0,7816,1.08413155380343,27,-89,0.001869,51,2025-08-16 07:40:08.000809,466,1.037,0.0011,"aoml_navis",1029.16286811936
"7901009",79,0,1,0.024297,1,0.001869,1,112.437579669518,1,4.85827522009908,468,1,10.0920000076294,35.1660003662109,0.0242970008403063,0,108.423202514648,-88.6683,26.603,11.9211003361411,63,63,63,63,61,63,0,7816,1.08413155380343,27,-89,0.001869,51,2025-08-16 07:40:08.000809,468,1.037,0.0011,"aoml_navis",1029.17183022374
"7901009",79,0,1,0.026166,1,0.003738,1,112.780314114739,1,4.8582108905996,470,1,10.0190000534058,35.1549987792969,0.0261659994721413,0,108.753700256348,-88.6683,26.603,11.9211003361411,63,63,63,63,61,63,0,7816,1.08413155380343,27,-89,0.001869,51,2025-08-16 07:40:08.000809,470,1.037,0.0011,"aoml_navis",1029.1854578966
"7901009",79,0,1,0.028035,1,0.005607,1,112.891483848338,1,4.85814195595184,472,1,9.93599987030029,35.1430015563965,0.0280349999666214,0,108.860900878906,-88.6683,26.603,11.9211003361411,63,63,63,63,61,63,0,7816,1.08413155380343,27,-89,0.001869,51,2025-08-16 07:40:08.000809,472,1.037,0.0011,"aoml_navis",1029.20006153265
"7901009",79,0,1,0.029904,1,0.007476,1,112.699842450057,1,4.85809509046577,474,1,9.90900039672852,35.1380004882812,0.0299040004611015,0,108.67610168457,-88.6683,26.603,11.9211003361411,63,63,63,63,61,63,0,7816,1.08413155380343,27,-89,0.001869,51,2025-08-16 07:40:08.000809,474,1.037,0.0011,"aoml_navis",1029.20999010759
"7901009",79,0,1,0.026166,1,0.003738,1,112.420260578575,1,4.8580386500752,476,1,9.875,35.1339988708496,0.0261659994721413,0,108.40650177002,-88.6683,26.603,11.9211003361411,63,63,63,63,61,63,0,7816,1.08413155380343,27,-89,0.001869,51,2025-08-16 07:40:08.000809,476,1.037,0.0011,"aoml_navis",1029.22194740517
"7901009",79,0,1,0.026166,1,0.003738,1,112.235257242104,1,4.85797151737257,478,1,9.83699989318848,35.1319999694824,0.0261659994721413,0,108.228103637695,-88.6683,26.603,11.9211003361411,63,63,63,63,61,63,0,7816,1.08413155380343,27,-89,0.001869,51,2025-08-16 07:40:08.000809,478,1.037,0.0011,"aoml_navis",1029.23617030679
"7901009",79,0,1,0.029904,1,0.007476,1,112.204867736249,1,4.85791233541318,480,1,9.80399990081787,35.1290016174316,0.0299040004611015,0,108.198799133301,-88.6683,26.603,11.9211003361411,63,63,63,63,61,63,0,7816,1.08413155380343,27,-89,0.001869,51,2025-08-16 07:40:08.000809,480,1.037,0.0011,"aoml_navis",1029.24870907016
"7901009",79,0,1,0.029904,1,0.007476,1,112.232662147618,1,4.85785688288203,482,1,9.77099990844727,35.125,0.0299040004611015,0,108.225601196289,-88.6683,26.603,11.9211003361411,63,63,63,63,61,63,0,7816,1.08413155380343,27,-89,0.001869,51,2025-08-16 07:40:08.000809,482,1.037,0.0011,"aoml_navis",1029.26045796426
"7901009",79,0,1,0.029904,1,0.007476,1,112.354615764706,1,4.85779895031184,484,1,9.73499965667725,35.1209983825684,0.0299040004611015,0,108.343200683594,-88.6683,26.603,11.9211003361411,63,63,63,63,61,63,0,7816,1.08413155380343,27,-89,0.001869,51,2025-08-16 07:40:08.000809,484,1.037,0.0011,"aoml_navis",1029.27273259817
"7901009",79,0,1,0.031773,1,0.009345,1,112.314067413364,1,4.85775724330199,486,1,9.72700023651123,35.1189994812012,0.0317730009555817,0,108.304100036621,-88.6683,26.603,11.9211003361411,63,63,63,63,61,63,0,7816,1.08413155380343,27,-89,0.001869,51,2025-08-16 07:40:08.000809,486,1.037,0.0011,"aoml_navis",1029.28156957496
"7901009",79,0,4,0.022428,1,0,1,112.345904792056,1,4.85770377179628,488,1,9.70499992370605,35.117000579834,0.0224280003458261,0,108.334800720215,-88.6683,26.603,11.9211003361411,63,63,63,63,61,63,0,7816,1.08413155380343,27,-89,0.001869,51,2025-08-16 07:40:08.000809,488,1.037,0.0011,"aoml_navis",1029.29289946206
"7901009",79,0,1,0.031773,1,0.009345,1,112.428037950159,1,4.8576501255492,490,1,9.67399978637695,35.1129989624023,0.0317730009555817,0,108.414001464844,-88.6683,26.603,11.9211003361411,63,63,63,63,61,63,0,7816,1.08413155380343,27,-89,0.001869,51,2025-08-16 07:40:08.000809,490,1.037,0.0011,"aoml_navis",1029.30426662515
"7901009",79,0,1,0.026166,1,0.003738,1,112.342692571443,1,4.85760979475358,492,1,9.67199993133545,35.1119995117188,0.0261659994721413,0,108.331703186035,-88.6683,26.603,11.9211003361411,63,63,63,63,61,63,0,7816,1.08413155380343,27,-89,0.001869,51,2025-08-16 07:40:08.000809,492,1.037,0.0011,"aoml_navis",1029.31281252772
"7901009",79,0,1,0.029904,1,0.007476,1,112.259103628629,1,4.85756747176649,494,1,9.67199993133545,35.1119995117188,0.0299040004611015,0,108.251098632812,-88.6683,26.603,11.9211003361411,63,63,63,63,61,63,0,7816,1.08413155380343,27,-89,0.001869,51,2025-08-16 07:40:08.000809,494,1.037,0.0011,"aoml_navis",1029.32178071872
"7901009",79,0,1,0.026166,1,0.003738,1,112.161518581713,1,4.85751603975195,496,1,9.64799976348877,35.109001159668,0.0261659994721413,0,108.156997680664,-88.6683,26.603,11.9211003361411,63,63,63,63,61,63,0,7816,1.08413155380343,27,-89,0.001869,51,2025-08-16 07:40:08.000809,496,1.037,0.0011,"aoml_navis",1029.33267931223
"7901009",79,0,1,0.028035,1,0.005607,1,112.110289201238,1,4.85745543949989,498,1,9.61299991607666,35.1059989929199,0.0280349999666214,0,108.107597351074,-88.6683,26.603,11.9211003361411,63,63,63,63,61,63,0,7816,1.08413155380343,27,-89,0.001869,51,2025-08-16 07:40:08.000809,498,1.037,0.0011,"aoml_navis",1029.34552097812
"7901009",79,0,1,0.024297,1,0.001869,1,112.029406119138,1,4.85740958493303,500,1,9.60000038146973,35.1040000915527,0.0242970008403063,0,108.029602050781,-88.6683,26.603,11.9211003361411,63,63,63,63,61,63,0,7816,1.08413155380343,27,-89,0.001869,51,2025-08-16 07:40:08.000809,500,1.037,0.0011,"aoml_navis",1029.3552381313
"7901009",79,0,1,0.029904,1,0.007476,1,111.988541292859,1,4.8573620646671,502,1,9.58500003814697,35.1020011901855,0.0299040004611015,0,107.990196228027,-88.6683,26.603,11.9211003361411,63,63,63,63,61,63,0,7816,1.08413155380343,27,-89,0.001869,51,2025-08-16 07:40:08.000809,502,1.037,0.0011,"aoml_navis",1029.36530846042
"7901009",79,0,1,0.031773,1,0.009345,1,111.927778104898,1,4.85731839761336,504,1,9.57900047302246,35.101001739502,0.0317730009555817,0,107.931602478027,-88.6683,26.603,11.9211003361411,63,63,63,63,61,63,0,7816,1.08413155380343,27,-89,0.001869,51,2025-08-16 07:40:08.000809,504,1.037,0.0011,"aoml_navis",1029.37456240397
"7901009",79,0,1,0.029904,1,0.007476,1,111.770561267922,1,4.85727424204065,506,1,9.56799983978271,35.0989990234375,0.0299040004611015,0,107.779998779297,-88.6683,26.603,11.9211003361411,63,63,63,63,61,63,0,7816,1.08413155380343,27,-89,0.001869,51,2025-08-16 07:40:08.000809,506,1.037,0.0011,"aoml_navis",1029.38392004389
"7901009",79,0,1,0.031773,1,0.009345,1,111.752933613914,1,4.85720240898238,508,1,9.51500034332275,35.0950012207031,0.0317730009555817,0,107.763000488281,-88.6683,26.603,11.9211003361411,63,63,63,63,61,63,0,7816,1.08413155380343,27,-89,0.001869,51,2025-08-16 07:40:08.000809,508,1.037,0.0011,"aoml_navis",1029.39914357976
"7901009",79,0,1,0.026166,1,0.003738,1,111.597900454005,1,4.85715529389992,510,1,9.49600028991699,35.0919990539551,0.0261659994721413,0,107.613502502441,-88.6683,26.603,11.9211003361411,63,63,63,63,61,63,0,7816,1.08413155380343,27,-89,0.001869,51,2025-08-16 07:40:08.000809,510,1.037,0.0011,"aoml_navis",1029.40912889474
"7901009",79,0,1,0.028035,1,0.005607,1,111.397437316847,1,4.85710415804475,512,1,9.48099994659424,35.0909996032715,0.0280349999666214,0,107.420196533203,-88.6683,26.603,11.9211003361411,63,63,63,63,61,63,0,7816,1.08413155380343,27,-89,0.001869,51,2025-08-16 07:40:08.000809,512,1.037,0.0011,"aoml_navis",1029.41996656971
"7901009",79,0,1,0.028035,1,0.005607,1,111.269162112886,1,4.85704009688189,514,1,9.44600009918213,35.0890007019043,0.0280349999666214,0,107.296501159668,-88.6683,26.603,11.9211003361411,63,63,63,63,61,63,0,7816,1.08413155380343,27,-89,0.001869,51,2025-08-16 07:40:08.000809,514,1.037,0.0011,"aoml_navis",1029.43354394169
"7901009",79,0,1,0.026166,1,0.003738,1,111.277453756244,1,4.85697764767912,516,1,9.4040002822876,35.0849990844727,0.0261659994721413,0,107.304496765137,-88.6683,26.603,11.9211003361411,63,63,63,63,61,63,0,7816,1.08413155380343,27,-89,0.001869,51,2025-08-16 07:40:08.000809,516,1.037,0.0011,"aoml_navis",1029.44678001333
"7901009",79,0,1,0.028035,1,0.005607,1,111.095148368613,1,4.8569282168532,518,1,9.39099979400635,35.0839996337891,0.0280349999666214,0,107.128700256348,-88.6683,26.603,11.9211003361411,63,63,63,63,61,63,0,7816,1.08413155380343,27,-89,0.001869,51,2025-08-16 07:40:08.000809,518,1.037,0.0011,"aoml_navis",1029.45725708903
"7901009",79,0,1,0.024297,1,0.001869,1,111.197187800271,1,4.85686712816557,520,1,9.35499954223633,35.0810012817383,0.0242970008403063,0,107.227096557617,-88.6683,26.603,11.9211003361411,63,63,63,63,61,63,0,7816,1.08413155380343,27,-89,0.001869,51,2025-08-16 07:40:08.000809,520,1.037,0.0011,"aoml_navis",1029.47020539318
"7901009",79,0,1,0.029904,1,0.007476,1,111.286164728893,1,4.85682267437247,522,1,9.34799957275391,35.0800018310547,0.0299040004611015,0,107.312896728516,-88.6683,26.603,11.9211003361411,63,63,63,63,61,63,0,7816,1.08413155380343,27,-89,0.001869,51,2025-08-16 07:40:08.000809,522,1.037,0.0011,"aoml_navis",1029.47962798457
"7901009",79,0,1,0.026166,1,0.003738,1,111.534225696621,1,4.8567748542769,524,1,9.32800006866455,35.0769996643066,0.0261659994721413,0,107.552101135254,-88.6683,26.603,11.9211003361411,63,63,63,63,61,63,0,7816,1.08413155380343,27,-89,0.001869,51,2025-08-16 07:40:08.000809,524,1.037,0.0011,"aoml_navis",1029.48976430253
"7901009",79,0,1,0.026166,1,0.003738,1,111.831538076466,1,4.85672488743618,526,1,9.29199981689453,35.0709991455078,0.0261659994721413,0,107.838798522949,-88.6683,26.603,11.9211003361411,63,63,63,63,61,63,0,7816,1.08413155380343,27,-89,0.001869,51,2025-08-16 07:40:08.000809,526,1.037,0.0011,"aoml_navis",1029.50035587448
"7901009",79,0,1,0.029904,1,0.007476,1,111.961894103139,1,4.85667164277248,528,1,9.24300003051758,35.0629997253418,0.0299040004611015,0,107.964500427246,-88.6683,26.603,11.9211003361411,63,63,63,63,61,63,0,7816,1.08413155380343,27,-89,0.001869,51,2025-08-16 07:40:08.000809,528,1.037,0.0011,"aoml_navis",1029.51164249303
"7901009",79,0,1,0.029904,1,0.007476,1,111.799186426,1,4.85661814817193,530,1,9.21599960327148,35.060001373291,0.0299040004611015,0,107.807601928711,-88.6683,26.603,11.9211003361411,63,63,63,63,61,63,0,7816,1.08413155380343,27,-89,0.001869,51,2025-08-16 07:40:08.000809,530,1.037,0.0011,"aoml_navis",1029.52298234154
"7901009",79,0,1,0.028035,1,0.005607,1,111.571767536058,1,4.85657414925706,532,1,9.21399974822998,35.060001373291,0.0280349999666214,0,107.588302612305,-88.6683,26.603,11.9211003361411,63,63,63,63,61,63,0,7816,1.08413155380343,27,-89,0.001869,51,2025-08-16 07:40:08.000809,532,1.037,0.0011,"aoml_navis",1029.53230947063
"7901009",79,0,1,0.024297,1,0.001869,1,111.402421797109,1,4.85652608626974,534,1,9.21599960327148,35.0620002746582,0.0242970008403063,0,107.425003051758,-88.6683,26.603,11.9211003361411,63,63,63,63,61,63,0,7816,1.08413155380343,27,-89,0.001869,51,2025-08-16 07:40:08.000809,534,1.037,0.0011,"aoml_navis",1029.54249831704
"7901009",79,0,1,0.029904,1,0.007476,1,111.512135745997,1,4.856467726923,536,1,9.19200038909912,35.0610008239746,0.0299040004611015,0,107.530799865723,-88.6683,26.603,11.9211003361411,63,63,63,63,61,63,0,7816,1.08413155380343,27,-89,0.001869,51,2025-08-16 07:40:08.000809,536,1.037,0.0011,"aoml_navis",1029.55487015414
"7901009",79,0,1,0.026166,1,0.003738,1,111.557557811373,1,4.85641304703971,538,1,9.14999961853027,35.0550003051758,0.0261659994721413,0,107.574600219727,-88.6683,26.603,11.9211003361411,63,63,63,63,61,63,0,7816,1.08413155380343,27,-89,0.001869,51,2025-08-16 07:40:08.000809,538,1.037,0.0011,"aoml_navis",1029.56646223653
"7901009",79,0,1,0.028035,1,0.005607,1,111.314892741326,1,4.85635923954715,540,1,9.1269998550415,35.0530014038086,0.0280349999666214,0,107.340599060059,-88.6683,26.603,11.9211003361411,63,63,63,63,61,63,0,7816,1.08413155380343,27,-89,0.001869,51,2025-08-16 07:40:08.000809,540,1.037,0.0011,"aoml_navis",1029.57786962775
"7901009",79,0,1,0.029904,1,0.007476,1,111.128536474498,1,4.85631361083572,542,1,9.1230001449585,35.0530014038086,0.0299040004611015,0,107.16089630127,-88.6683,26.603,11.9211003361411,63,63,63,63,61,63,0,7816,1.08413155380343,27,-89,0.001869,51,2025-08-16 07:40:08.000809,542,1.037,0.0011,"aoml_navis",1029.58754328462
"7901009",79,0,1,0.026166,1,0.003738,1,110.961271558262,1,4.85626226919691,544,1,9.11200046539307,35.0530014038086,0.0261659994721413,0,106.999603271484,-88.6683,26.603,11.9211003361411,63,63,63,63,61,63,0,7816,1.08413155380343,27,-89,0.001869,51,2025-08-16 07:40:08.000809,544,1.037,0.0011,"aoml_navis",1029.59842834577
"7901009",79,0,1,0.028035,1,0.005607,1,110.817536553615,1,4.85621217147226,546,1,9.09799957275391,35.0519981384277,0.0280349999666214,0,106.861000061035,-88.6683,26.603,11.9211003361411,63,63,63,63,61,63,0,7816,1.08413155380343,27,-89,0.001869,51,2025-08-16 07:40:08.000809,546,1.037,0.0011,"aoml_navis",1029.60904990363
"7901009",79,0,1,0.031773,1,0.009345,1,110.748988082196,1,4.85615351882954,548,1,9.06900024414062,35.0499992370605,0.0317730009555817,0,106.794898986816,-88.6683,26.603,11.9211003361411,63,63,63,63,61,63,0,7816,1.08413155380343,27,-89,0.001869,51,2025-08-16 07:40:08.000809,548,1.037,0.0011,"aoml_navis",1029.62148552609
"7901009",79,0,1,0.028035,1,0.005607,1,110.834752790204,1,4.85608761588549,550,1,9.02200031280518,35.0460014343262,0.0280349999666214,0,106.877601623535,-88.6683,26.603,11.9211003361411,63,63,63,63,61,63,0,7816,1.08413155380343,27,-89,0.001869,51,2025-08-16 07:40:08.000809,550,1.037,0.0011,"aoml_navis",1029.63545872684
"7901009",79,0,1,0.028035,1,0.005607,1,110.876749014383,1,4.85603965876161,552,1,8.99699974060059,35.0419998168945,0.0280349999666214,0,106.918098449707,-88.6683,26.603,11.9211003361411,63,63,63,63,61,63,0,7816,1.08413155380343,27,-89,0.001869,51,2025-08-16 07:40:08.000809,552,1.037,0.0011,"aoml_navis",1029.64562716835
"7901009",79,0,1,0.031773,1,0.009345,1,110.890230846712,1,4.85597721521208,554,1,8.94499969482422,35.0359992980957,0.0317730009555817,0,106.931098937988,-88.6683,26.603,11.9211003361411,63,63,63,63,61,63,0,7816,1.08413155380343,27,-89,0.001869,51,2025-08-16 07:40:08.000809,554,1.037,0.0011,"aoml_navis",1029.65886749566
"7901009",79,0,1,0.028035,1,0.005607,1,110.806333340835,1,4.85591183538504,556,1,8.91199970245361,35.0349998474121,0.0280349999666214,0,106.850196838379,-88.6683,26.603,11.9211003361411,63,63,63,63,61,63,0,7816,1.08413155380343,27,-89,0.001869,51,2025-08-16 07:40:08.000809,556,1.037,0.0011,"aoml_navis",1029.67273078662
"7901009",79,0,1,0.028035,1,0.005607,1,110.650991617862,1,4.85587151364069,558,1,8.90999984741211,35.0340003967285,0.0280349999666214,0,106.700401306152,-88.6683,26.603,11.9211003361411,63,63,63,63,61,63,0,7816,1.08413155380343,27,-89,0.001869,51,2025-08-16 07:40:08.000809,558,1.037,0.0011,"aoml_navis",1029.68128088942
"7901009",79,0,1,0.029904,1,0.007476,1,110.574665774859,1,4.85581496216274,560,1,8.89700031280518,35.0349998474121,0.0299040004611015,0,106.626800537109,-88.6683,26.603,11.9211003361411,63,63,63,63,61,63,0,7816,1.08413155380343,27,-89,0.001869,51,2025-08-16 07:40:08.000809,560,1.037,0.0011,"aoml_navis",1029.69327269691
"7901009",79,0,1,0.026166,1,0.003738,1,110.8014596268,1,4.85576021360545,562,1,8.86800003051758,35.0320014953613,0.0261659994721413,0,106.845497131348,-88.6683,26.603,11.9211003361411,63,63,63,63,61,63,0,7816,1.08413155380343,27,-89,0.001869,51,2025-08-16 07:40:08.000809,562,1.037,0.0011,"aoml_navis",1029.70488245906
"7901009",79,0,1,0.029904,1,0.007476,1,111.185367461363,1,4.85570883963956,564,1,8.83399963378906,35.0270004272461,0.0299040004611015,0,107.215698242188,-88.6683,26.603,11.9211003361411,63,63,63,63,61,63,0,7816,1.08413155380343,27,-89,0.001869,51,2025-08-16 07:40:08.000809,564,1.037,0.0011,"aoml_navis",1029.71577685683
"7901009",79,0,1,0.028035,1,0.005607,1,111.467338718623,1,4.85565202368575,566,1,8.78400039672852,35.0200004577637,0.0280349999666214,0,107.487602233887,-88.6683,26.603,11.9211003361411,63,63,63,63,61,63,0,7816,1.08413155380343,27,-89,0.001869,51,2025-08-16 07:40:08.000809,566,1.037,0.0011,"aoml_navis",1029.72782555466
"7901009",79,0,1,0.029904,1,0.007476,1,111.561292215633,1,4.85560222901656,568,1,8.76099967956543,35.0169982910156,0.0299040004611015,0,107.578201293945,-88.6683,26.603,11.9211003361411,63,63,63,63,61,63,0,7816,1.08413155380343,27,-89,0.001869,51,2025-08-16 07:40:08.000809,568,1.037,0.0011,"aoml_navis",1029.73838551283
"7901009",79,0,1,0.028035,1,0.005607,1,111.523441813132,1,4.85555997475976,570,1,8.7519998550415,35.0149993896484,0.0280349999666214,0,107.541702270508,-88.6683,26.603,11.9211003361411,63,63,63,63,61,63,0,7816,1.08413155380343,27,-89,0.001869,51,2025-08-16 07:40:08.000809,570,1.037,0.0011,"aoml_navis",1029.74734654521
"7901009",79,0,1,0.029904,1,0.007476,1,111.410919149176,1,4.85550524329749,572,1,8.73200035095215,35.0139999389648,0.0299040004611015,0,107.433197021484,-88.6683,26.603,11.9211003361411,63,63,63,63,61,63,0,7816,1.08413155380343,27,-89,0.001869,51,2025-08-16 07:40:08.000809,572,1.037,0.0011,"aoml_navis",1029.75895390124
"7901009",79,0,1,0.029904,1,0.007476,1,111.260862557656,1,4.85545582445289,574,1,8.73700046539307,35.0169982910156,0.0299040004611015,0,107.288497924805,-88.6683,26.603,11.9211003361411,63,63,63,63,61,63,0,7816,1.08413155380343,27,-89,0.001869,51,2025-08-16 07:40:08.000809,574,1.037,0.0011,"aoml_navis",1029.7694347911
"7901009",79,0,1,0.028035,1,0.005607,1,111.352948852536,1,4.85540222591511,576,1,8.72299957275391,35.0169982910156,0.0280349999666214,0,107.377296447754,-88.6683,26.603,11.9211003361411,63,63,63,63,61,63,0,7816,1.08413155380343,27,-89,0.001869,51,2025-08-16 07:40:08.000809,576,1.037,0.0011,"aoml_navis",1029.78080236342
"7901009",79,0,1,0.029904,1,0.007476,1,111.470242376172,1,4.85536110997211,578,1,8.72000026702881,35.015998840332,0.0299040004611015,0,107.49040222168,-88.6683,26.603,11.9211003361411,63,63,63,63,61,63,0,7816,1.08413155380343,27,-89,0.001869,51,2025-08-16 07:40:08.000809,578,1.037,0.0011,"aoml_navis",1029.78952270529
"7901009",79,0,1,0.031773,1,0.009345,1,111.814741169168,1,4.85531167277688,580,1,8.70199966430664,35.0139999389648,0.0317730009555817,0,107.822601318359,-88.6683,26.603,11.9211003361411,63,63,63,63,61,63,0,7816,1.08413155380343,27,-89,0.001869,51,2025-08-16 07:40:08.000809,580,1.037,0.0011,"aoml_navis",1029.80000810955
"7901009",79,0,1,0.029904,1,0.007476,1,112.262838032889,1,4.85526690009277,582,1,8.67599964141846,35.0089988708496,0.0299040004611015,0,108.254699707031,-88.6683,26.603,11.9211003361411,63,63,63,63,61,63,0,7816,1.08413155380343,27,-89,0.001869,51,2025-08-16 07:40:08.000809,582,1.037,0.0011,"aoml_navis",1029.80950437647
"7901009",79,0,1,0.029904,1,0.007476,1,112.874370466104,1,4.85521596076626,584,1,8.63300037384033,35.0019989013672,0.0299040004611015,0,108.844398498535,-88.6683,26.603,11.9211003361411,63,63,63,63,61,63,0,7816,1.08413155380343,27,-89,0.001869,51,2025-08-16 07:40:08.000809,584,1.037,0.0011,"aoml_navis",1029.82030879856
"7901009",79,0,1,0.029904,1,0.007476,1,113.449611135884,1,4.85515570688089,586,1,8.55500030517578,34.9900016784668,0.0299040004611015,0,109.399101257324,-88.6683,26.603,11.9211003361411,63,63,63,63,61,63,0,7816,1.08413155380343,27,-89,0.001869,51,2025-08-16 07:40:08.000809,586,1.037,0.0011,"aoml_navis",1029.83308916619
"7901009",79,0,1,0.031773,1,0.009345,1,113.634408763646,1,4.85509734849697,588,1,8.49300003051758,34.9809989929199,0.0317730009555817,0,109.577301025391,-88.6683,26.603,11.9211003361411,63,63,63,63,61,63,0,7816,1.08413155380343,27,-89,0.001869,51,2025-08-16 07:40:08.000809,588,1.037,0.0011,"aoml_navis",1029.84546778406
"7901009",79,0,1,0.031773,1,0.009345,1,113.357421986649,1,4.85503466131479,590,1,8.44400024414062,34.976001739502,0.0317730009555817,0,109.310203552246,-88.6683,26.603,11.9211003361411,63,63,63,63,61,63,0,7816,1.08413155380343,27,-89,0.001869,51,2025-08-16 07:40:08.000809,590,1.037,0.0011,"aoml_navis",1029.85876493124
"7901009",79,0,1,0.033642,1,0.011214,1,112.900606238406,1,4.85497962853436,592,1,8.45600032806396,34.9819984436035,0.0336420014500618,0,108.869697570801,-88.6683,26.603,11.9211003361411,63,63,63,63,61,63,0,7816,1.08413155380343,27,-89,0.001869,51,2025-08-16 07:40:08.000809,592,1.037,0.0011,"aoml_navis",1029.87043871684
"7901009",79,0,1,0.028035,1,0.005607,1,112.746300970853,1,4.85493299317088,594,1,8.46000003814697,34.984001159668,0.0280349999666214,0,108.720901489258,-88.6683,26.603,11.9211003361411,63,63,63,63,61,63,0,7816,1.08413155380343,27,-89,0.001869,51,2025-08-16 07:40:08.000809,594,1.037,0.0011,"aoml_navis",1029.88033141408
"7901009",79,0,1,0.029904,1,0.007476,1,112.778549766964,1,4.85488426387473,596,1,8.45199966430664,34.984001159668,0.0299040004611015,0,108.751998901367,-88.6683,26.603,11.9211003361411,63,63,63,63,61,63,0,7816,1.08413155380343,27,-89,0.001869,51,2025-08-16 07:40:08.000809,596,1.037,0.0011,"aoml_navis",1029.89066849751
"7901009",79,0,1,0.031773,1,0.009345,1,112.839526575507,1,4.85481797679735,598,1,8.40299987792969,34.9799995422363,0.0317730009555817,0,108.81079864502,-88.6683,26.603,11.9211003361411,63,63,63,63,61,63,0,7816,1.08413155380343,27,-89,0.001869,51,2025-08-16 07:40:08.000809,598,1.037,0.0011,"aoml_navis",1029.90473049587
"7901009",79,0,1,0.031773,1,0.009345,1,112.756048398922,1,4.85476743651586,600,1,8.38799953460693,34.9790000915527,0.0317730009555817,0,108.73030090332,-88.6683,26.603,11.9211003361411,63,63,63,63,61,63,0,7816,1.08413155380343,27,-89,0.001869,51,2025-08-16 07:40:08.000809,600,1.037,0.0011,"aoml_navis",1029.91545226075
"7901009",79,0,1,0.029904,1,0.007476,1,112.776579710479,1,4.8547074851811,602,1,8.36100006103516,34.9780006408691,0.0299040004611015,0,108.750099182129,-88.6683,26.603,11.9211003361411,63,63,63,63,61,63,0,7816,1.08413155380343,27,-89,0.001869,51,2025-08-16 07:40:08.000809,602,1.037,0.0011,"aoml_navis",1029.92817080378
"7901009",79,0,1,0.026166,1,0.003738,1,112.771705996444,1,4.85465461603353,604,1,8.3430004119873,34.9770011901855,0.0261659994721413,0,108.745399475098,-88.6683,26.603,11.9211003361411,63,63,63,63,61,63,0,7816,1.08413155380343,27,-89,0.001869,51,2025-08-16 07:40:08.000809,604,1.037,0.0011,"aoml_navis",1029.93938713713
"7901009",79,0,1,0.028035,1,0.005607,1,112.745675932852,1,4.85459480179234,606,1,8.30200004577637,34.9729995727539,0.0280349999666214,0,108.72029876709,-88.6683,26.603,11.9211003361411,63,63,63,63,61,63,0,7816,1.08413155380343,27,-89,0.001869,51,2025-08-16 07:40:08.000809,606,1.037,0.0011,"aoml_navis",1029.95207718551
"7901009",79,0,1,0.031773,1,0.009345,1,112.325057005562,1,4.8545370565599,608,1,8.27299976348877,34.9710006713867,0.0317730009555817,0,108.314697265625,-88.6683,26.603,11.9211003361411,63,63,63,63,61,63,0,7816,1.08413155380343,27,-89,0.001869,51,2025-08-16 07:40:08.000809,608,1.037,0.0011,"aoml_navis",1029.96432857455
"7901009",79,0,1,0.029904,1,0.007476,1,112.063419263024,1,4.85448183566469,610,1,8.29899978637695,34.9799995422363,0.0299040004611015,0,108.062400817871,-88.6683,26.603,11.9211003361411,63,63,63,63,61,63,0,7816,1.08413155380343,27,-89,0.001869,51,2025-08-16 07:40:08.000809,610,1.037,0.0011,"aoml_navis",1029.97604466582
"7901009",79,0,1,0.033642,1,0.011214,1,112.152704754709,1,4.85443135222406,612,1,8.28400039672852,34.9790000915527,0.0336420014500618,0,108.148498535156,-88.6683,26.603,11.9211003361411,63,63,63,63,61,63,0,7816,1.08413155380343,27,-89,0.001869,51,2025-08-16 07:40:08.000809,612,1.037,0.0011,"aoml_navis",1029.9867558554
"7901009",79,0,1,0.028035,1,0.005607,1,112.144927383125,1,4.85438243874309,614,1,8.27099990844727,34.9780006408691,0.0280349999666214,0,108.140998840332,-88.6683,26.603,11.9211003361411,63,63,63,63,61,63,0,7816,1.08413155380343,27,-89,0.001869,51,2025-08-16 07:40:08.000809,614,1.037,0.0011,"aoml_navis",1029.99713415546
"7901009",79,0,1,0.029904,1,0.007476,1,112.13735572025,1,4.85433798992792,616,1,8.25899982452393,34.976001739502,0.0299040004611015,0,108.133697509766,-88.6683,26.603,11.9211003361411,63,63,63,63,61,63,0,7816,1.08413155380343,27,-89,0.001869,51,2025-08-16 07:40:08.000809,616,1.037,0.0011,"aoml_navis",1030.00656533894
"7901009",79,0,1,0.031773,1,0.009345,1,112.288765242127,1,4.85428163610374,618,1,8.22700023651123,34.9729995727539,0.0317730009555817,0,108.27970123291,-88.6683,26.603,11.9211003361411,63,63,63,63,61,63,0,7816,1.08413155380343,27,-89,0.001869,51,2025-08-16 07:40:08.000809,618,1.037,0.0011,"aoml_navis",1030.0185227846
"7901009",79,0,1,0.028035,1,0.005607,1,112.629426776509,1,4.85423543037368,620,1,8.20800018310547,34.9700012207031,0.0280349999666214,0,108.608200073242,-88.6683,26.603,11.9211003361411,63,63,63,63,61,63,0,7816,1.08413155380343,27,-89,0.001869,51,2025-08-16 07:40:08.000809,620,1.037,0.0011,"aoml_navis",1030.02832716235
"7901009",79,0,1,0.029904,1,0.007476,1,113.162149038463,1,4.85417815512234,622,1,8.17000007629395,34.9659996032715,0.0299040004611015,0,109.12190246582,-88.6683,26.603,11.9211003361411,63,63,63,63,61,63,0,7816,1.08413155380343,27,-89,0.001869,51,2025-08-16 07:40:08.000809,622,1.037,0.0011,"aoml_navis",1030.04048063703
"7901009",79,0,1,0.026166,1,0.003738,1,113.640627496164,1,4.85413178750609,624,1,8.14599990844727,34.9620018005371,0.0261659994721413,0,109.583297729492,-88.6683,26.603,11.9211003361411,63,63,63,63,61,63,0,7816,1.08413155380343,27,-89,0.001869,51,2025-08-16 07:40:08.000809,624,1.037,0.0011,"aoml_navis",1030.05031978517
"7901009",79,0,1,0.031773,1,0.009345,1,114.240442444826,1,4.8540846818564,626,1,8.12100028991699,34.9580001831055,0.0317730009555817,0,110.161697387695,-88.6683,26.603,11.9211003361411,63,63,63,63,61,63,0,7816,1.08413155380343,27,-89,0.001869,51,2025-08-16 07:40:08.000809,626,1.037,0.0011,"aoml_navis",1030.06031573553
"7901009",79,0,1,0.031773,1,0.009345,1,115.144104980787,1,4.85403199379304,628,1,8.08399963378906,34.9529991149902,0.0317730009555817,0,111.033096313477,-88.6683,26.603,11.9211003361411,63,63,63,63,61,63,0,7816,1.08413155380343,27,-89,0.001869,51,2025-08-16 07:40:08.000809,628,1.037,0.0011,"aoml_navis",1030.07149651951
"7901009",79,0,1,0.029904,1,0.007476,1,116.057206381754,1,4.85396555797703,630,1,8.01000022888184,34.9440002441406,0.0299040004611015,0,111.913597106934,-88.6683,26.603,11.9211003361411,63,63,63,63,61,63,0,7816,1.08413155380343,27,-89,0.001869,51,2025-08-16 07:40:08.000809,630,1.037,0.0011,"aoml_navis",1030.08559502096
"7901009",79,0,1,0.029904,1,0.007476,1,116.604035514038,1,4.85391426197269,632,1,7.96500015258789,34.9370002746582,0.0299040004611015,0,112.440902709961,-88.6683,26.603,11.9211003361411,63,63,63,63,61,63,0,7816,1.08413155380343,27,-89,0.001869,51,2025-08-16 07:40:08.000809,632,1.037,0.0011,"aoml_navis",1030.09648093123
"7901009",79,0,1,0.031773,1,0.009345,1,117.023926548972,1,4.853857695401,634,1,7.91300010681152,34.9300003051758,0.0317730009555817,0,112.845802307129,-88.6683,26.603,11.9211003361411,63,63,63,63,61,63,0,7816,1.08413155380343,27,-89,0.001869,51,2025-08-16 07:40:08.000809,634,1.037,0.0011,"aoml_navis",1030.10848561495
"7901009",79,0,1,0.029904,1,0.007476,1,117.189743592369,1,4.85379362083288,636,1,7.85099983215332,34.9230003356934,0.0299040004611015,0,113.005699157715,-88.6683,26.603,11.9211003361411,63,63,63,63,61,63,0,7816,1.08413155380343,27,-89,0.001869,51,2025-08-16 07:40:08.000809,636,1.037,0.0011,"aoml_navis",1030.12208400036
"7901009",79,0,1,0.033642,1,0.011214,1,116.946144921257,1,4.85373284708634,638,1,7.8270001411438,34.9230003356934,0.0336420014500618,0,112.770797729492,-88.6683,26.603,11.9211003361411,63,63,63,63,61,63,0,7816,1.08413155380343,27,-89,0.001869,51,2025-08-16 07:40:08.000809,638,1.037,0.0011,"aoml_navis",1030.13498219241
"7901009",79,0,1,0.031773,1,0.009345,1,116.794118273253,1,4.85367779927908,640,1,7.82499980926514,34.9259986877441,0.0317730009555817,0,112.624198913574,-88.6683,26.603,11.9211003361411,63,63,63,63,61,63,0,7816,1.08413155380343,27,-89,0.001869,51,2025-08-16 07:40:08.000809,640,1.037,0.0011,"aoml_navis",1030.14666543021
"7901009",79,0,1,0.031773,1,0.009345,1,116.81568604023,1,4.85362718218005,642,1,7.82399988174438,34.9280014038086,0.0317730009555817,0,112.644996643066,-88.6683,26.603,11.9211003361411,63,63,63,63,61,63,0,7816,1.08413155380343,27,-89,0.001869,51,2025-08-16 07:40:08.000809,642,1.037,0.0011,"aoml_navis",1030.15740853714
"7901009",79,0,1,0.026166,1,0.003738,1,117.066753519862,1,4.85357012316923,644,1,7.80000019073486,34.9269981384277,0.0261659994721413,0,112.887100219727,-88.6683,26.603,11.9211003361411,63,63,63,63,61,63,0,7816,1.08413155380343,27,-89,0.001869,51,2025-08-16 07:40:08.000809,644,1.037,0.0011,"aoml_navis",1030.16951916111
"7901009",79,0,1,0.029904,1,0.007476,1,117.304853438938,1,4.85351383159871,646,1,7.77699995040894,34.9259986877441,0.0299040004611015,0,113.11669921875,-88.6683,26.603,11.9211003361411,63,63,63,63,61,63,0,7816,1.08413155380343,27,-89,0.001869,51,2025-08-16 07:40:08.000809,646,1.037,0.0011,"aoml_navis",1030.18146717695
"7901009",79,0,1,0.028035,1,0.005607,1,117.539535428692,1,4.85346427663725,648,1,7.75799989700317,34.923999786377,0.0280349999666214,0,113.343002319336,-88.6683,26.603,11.9211003361411,63,63,63,63,61,63,0,7816,1.08413155380343,27,-89,0.001869,51,2025-08-16 07:40:08.000809,648,1.037,0.0011,"aoml_navis",1030.19198556135
"7901009",79,0,1,0.026166,1,0.003738,1,117.777738202123,1,4.85340866971349,650,1,7.73099994659424,34.9220008850098,0.0261659994721413,0,113.572700500488,-88.6683,26.603,11.9211003361411,63,63,63,63,61,63,0,7816,1.08413155380343,27,-89,0.001869,51,2025-08-16 07:40:08.000809,650,1.037,0.0011,"aoml_navis",1030.20378877247
"7901009",79,0,1,0.031773,1,0.009345,1,118.033568629561,1,4.85334402696905,652,1,7.69199991226196,34.9199981689453,0.0317730009555817,0,113.819396972656,-88.6683,26.603,11.9211003361411,63,63,63,63,61,63,0,7816,1.08413155380343,27,-89,0.001869,51,2025-08-16 07:40:08.000809,652,1.037,0.0011,"aoml_navis",1030.21751028075
"7901009",79,0,1,0.029904,1,0.007476,1,118.226254395135,1,4.85329075702071,654,1,7.66800022125244,34.9179992675781,0.0299040004611015,0,114.00520324707,-88.6683,26.603,11.9211003361411,63,63,63,63,61,63,0,7816,1.08413155380343,27,-89,0.001869,51,2025-08-16 07:40:08.000809,654,1.037,0.0011,"aoml_navis",1030.22881799675
"7901009",79,0,1,0.033642,1,0.011214,1,118.4192408119,1,4.8532367548113,656,1,7.64300012588501,34.9160003662109,0.0336420014500618,0,114.191299438477,-88.6683,26.603,11.9211003361411,63,63,63,63,61,63,0,7816,1.08413155380343,27,-89,0.001869,51,2025-08-16 07:40:08.000809,656,1.037,0.0011,"aoml_navis",1030.24028140461
"7901009",79,0,1,0.031773,1,0.009345,1,118.5065562471,1,4.85318286244082,658,1,7.6230001449585,34.9150009155273,0.0317730009555817,0,114.275497436523,-88.6683,26.603,11.9211003361411,63,63,63,63,61,63,0,7816,1.08413155380343,27,-89,0.001869,51,2025-08-16 07:40:08.000809,658,1.037,0.0011,"aoml_navis",1030.25172175057
"7901009",79,0,1,0.029904,1,0.007476,1,118.628201301124,1,4.85313199544413,660,1,7.60699987411499,34.9140014648438,0.0299040004611015,0,114.392799377441,-88.6683,26.603,11.9211003361411,63,63,63,63,61,63,0,7816,1.08413155380343,27,-89,0.001869,51,2025-08-16 07:40:08.000809,660,1.037,0.0011,"aoml_navis",1030.26252009913
"7901009",79,0,1,0.028035,1,0.005607,1,118.73159366314,1,4.85308717095042,662,1,7.59899997711182,34.9129981994629,0.0280349999666214,0,114.492500305176,-88.6683,26.603,11.9211003361411,63,63,63,63,61,63,0,7816,1.08413155380343,27,-89,0.001869,51,2025-08-16 07:40:08.000809,662,1.037,0.0011,"aoml_navis",1030.27203589686
"7901009",79,0,1,0.033642,1,0.011214,1,118.876467977562,1,4.8530453445921,664,1,7.59499979019165,34.9119987487793,0.0336420014500618,0,114.632202148438,-88.6683,26.603,11.9211003361411,63,63,63,63,61,63,0,7816,1.08413155380343,27,-89,0.001869,51,2025-08-16 07:40:08.000809,664,1.037,0.0011,"aoml_navis",1030.28091537856
"7901009",79,0,1,0.024297,1,0.001869,1,119.015637831238,1,4.85299599732493,666,1,7.58099985122681,34.9109992980957,0.0242970008403063,0,114.766403198242,-88.6683,26.603,11.9211003361411,63,63,63,63,61,63,0,7816,1.08413155380343,27,-89,0.001869,51,2025-08-16 07:40:08.000809,666,1.037,0.0011,"aoml_navis",1030.29139170032
"7901009",79,0,1,0.028035,1,0.005607,1,119.269189639128,1,4.8529405722426,668,1,7.55399990081787,34.9090003967285,0.0280349999666214,0,115.010902404785,-88.6683,26.603,11.9211003361411,63,63,63,63,61,63,0,7816,1.08413155380343,27,-89,0.001869,51,2025-08-16 07:40:08.000809,668,1.037,0.0011,"aoml_navis",1030.30315858359
"7901009",79,0,1,0.028035,1,0.005607,1,119.502210135461,1,4.85287393561785,670,1,7.51200008392334,34.9070014953613,0.0280349999666214,0,115.23560333252,-88.6683,26.603,11.9211003361411,63,63,63,63,61,63,0,7816,1.08413155380343,27,-89,0.001869,51,2025-08-16 07:40:08.000809,670,1.037,0.0011,"aoml_navis",1030.31730606112
"7901009",79,0,1,0.029904,1,0.007476,1,119.635256199101,1,4.85281940609861,672,1,7.49100017547607,34.9059982299805,0.0299040004611015,0,115.363899230957,-88.6683,26.603,11.9211003361411,63,63,63,63,61,63,0,7816,1.08413155380343,27,-89,0.001869,51,2025-08-16 07:40:08.000809,672,1.037,0.0011,"aoml_navis",1030.32888339435
"7901009",79,0,1,0.028035,1,0.005607,1,119.874914757244,1,4.85276871737814,674,1,7.4850001335144,34.9070014953613,0.0280349999666214,0,115.595001220703,-88.6683,26.603,11.9211003361411,63,63,63,63,61,63,0,7816,1.08413155380343,27,-89,0.001869,51,2025-08-16 07:40:08.000809,674,1.037,0.0011,"aoml_navis",1030.33964550889
"7901009",79,0,1,0.031773,1,0.009345,1,120.304861783311,1,4.85271708828374,676,1,7.45800018310547,34.9039993286133,0.0317730009555817,0,116.00959777832,-88.6683,26.603,11.9211003361411,63,63,63,63,61,63,0,7816,1.08413155380343,27,-89,0.001869,51,2025-08-16 07:40:08.000809,676,1.037,0.0011,"aoml_navis",1030.35060751262
"7901009",79,0,1,0.026166,1,0.003738,1,120.601659891382,1,4.85265950977945,678,1,7.4229998588562,34.9010009765625,0.0261659994721413,0,116.295799255371,-88.6683,26.603,11.9211003361411,63,63,63,63,61,63,0,7816,1.08413155380343,27,-89,0.001869,51,2025-08-16 07:40:08.000809,678,1.037,0.0011,"aoml_navis",1030.36283298336
"7901009",79,0,1,0.031773,1,0.009345,1,120.94948167122,1,4.85260801508959,680,1,7.4060001373291,34.9000015258789,0.0317730009555817,0,116.631202697754,-88.6683,26.603,11.9211003361411,63,63,63,63,61,63,0,7816,1.08413155380343,27,-89,0.001869,51,2025-08-16 07:40:08.000809,680,1.037,0.0011,"aoml_navis",1030.37376694184
"7901009",79,0,1,0.028035,1,0.005607,1,121.260584446458,1,4.85254751989622,682,1,7.36199998855591,34.8959999084473,0.0280349999666214,0,116.931198120117,-88.6683,26.603,11.9211003361411,63,63,63,63,61,63,0,7816,1.08413155380343,27,-89,0.001869,51,2025-08-16 07:40:08.000809,682,1.037,0.0011,"aoml_navis",1030.38661228957
"7901009",79,0,1,0.028035,1,0.005607,1,121.509365394668,1,4.85249831966483,684,1,7.35300016403198,34.8959999084473,0.0280349999666214,0,117.171096801758,-88.6683,26.603,11.9211003361411,63,63,63,63,61,63,0,7816,1.08413155380343,27,-89,0.001869,51,2025-08-16 07:40:08.000809,684,1.037,0.0011,"aoml_navis",1030.39705953888
"7901009",79,0,1,0.029904,1,0.007476,1,121.664303612096,1,4.85242828309131,686,1,7.29099988937378,34.890998840332,0.0299040004611015,0,117.320503234863,-88.6683,26.603,11.9211003361411,63,63,63,63,61,63,0,7816,1.08413155380343,27,-89,0.001869,51,2025-08-16 07:40:08.000809,686,1.037,0.0011,"aoml_navis",1030.41193157309
"7901009",79,0,1,0.031773,1,0.009345,1,121.311196700805,1,4.85237101478318,688,1,7.29099988937378,34.8950004577637,0.0317730009555817,0,116.980003356934,-88.6683,26.603,11.9211003361411,63,63,63,63,61,63,0,7816,1.08413155380343,27,-89,0.001869,51,2025-08-16 07:40:08.000809,688,1.037,0.0011,"aoml_navis",1030.42409262751
"7901009",79,0,1,0.033642,1,0.011214,1,121.447668605642,1,4.85231742914591,690,1,7.28599977493286,34.8969993591309,0.0336420014500618,0,117.111602783203,-88.6683,26.603,11.9211003361411,63,63,63,63,61,63,0,7816,1.08413155380343,27,-89,0.001869,51,2025-08-16 07:40:08.000809,690,1.037,0.0011,"aoml_navis",1030.43547191843
"7901009",79,0,1,0.028035,1,0.005607,1,121.585176965898,1,4.8522697160783,692,1,7.27400016784668,34.8959999084473,0.0280349999666214,0,117.244201660156,-88.6683,26.603,11.9211003361411,63,63,63,63,61,63,0,7816,1.08413155380343,27,-89,0.001869,51,2025-08-16 07:40:08.000809,692,1.037,0.0011,"aoml_navis",1030.44560433897
"7901009",79,0,1,0.029904,1,0.007476,1,121.794548872541,1,4.85221315486812,694,1,7.25500011444092,34.8959999084473,0.0299040004611015,0,117.446098327637,-88.6683,26.603,11.9211003361411,63,63,63,63,61,63,0,7816,1.08413155380343,27,-89,0.001869,51,2025-08-16 07:40:08.000809,694,1.037,0.0011,"aoml_navis",1030.45761602283
"7901009",79,0,1,0.028035,1,0.005607,1,121.996151319473,1,4.85216914584255,696,1,7.2480001449585,34.8950004577637,0.0280349999666214,0,117.640502929688,-88.6683,26.603,11.9211003361411,63,63,63,63,61,63,0,7816,1.08413155380343,27,-89,0.001869,51,2025-08-16 07:40:08.000809,696,1.037,0.0011,"aoml_navis",1030.46696224185
"7901009",79,0,1,0.029904,1,0.007476,1,122.305181183872,1,4.85211923482581,698,1,7.23299980163574,34.8940010070801,0.0299040004611015,0,117.938499450684,-88.6683,26.603,11.9211003361411,63,63,63,63,61,63,0,7816,1.08413155380343,27,-89,0.001869,51,2025-08-16 07:40:08.000809,698,1.037,0.0011,"aoml_navis",1030.47756207489
"7901009",79,0,1,0.028035,1,0.005607,1,122.477636289079,1,4.85206860397325,700,1,7.20699977874756,34.890998840332,0.0280349999666214,0,118.104797363281,-88.6683,26.603,11.9211003361411,63,63,63,63,61,63,0,7816,1.08413155380343,27,-89,0.001869,51,2025-08-16 07:40:08.000809,700,1.037,0.0011,"aoml_navis",1030.48831500561
"7901009",79,0,1,0.028035,1,0.005607,1,122.484171496534,1,4.85202387044085,702,1,7.2039999961853,34.890998840332,0.0280349999666214,0,118.111099243164,-88.6683,26.603,11.9211003361411,63,63,63,63,61,63,0,7816,1.08413155380343,27,-89,0.001869,51,2025-08-16 07:40:08.000809,702,1.037,0.0011,"aoml_navis",1030.49781565599
"7901009",79,0,1,0.028035,1,0.005607,1,122.785740464286,1,4.85197177345261,704,1,7.19600009918213,34.8919982910156,0.0280349999666214,0,118.401901245117,-88.6683,26.603,11.9211003361411,63,63,63,63,61,63,0,7816,1.08413155380343,27,-89,0.001869,51,2025-08-16 07:40:08.000809,704,1.037,0.0011,"aoml_navis",1030.50888040143
"7901009",79,0,1,0.029904,1,0.007476,1,123.145271816803,1,4.85192336471736,706,1,7.17799997329712,34.8899993896484,0.0299040004611015,0,118.748596191406,-88.6683,26.603,11.9211003361411,63,63,63,63,61,63,0,7816,1.08413155380343,27,-89,0.001869,51,2025-08-16 07:40:08.000809,706,1.037,0.0011,"aoml_navis",1030.51916202128
"7901009",79,0,1,0.026166,1,0.003738,1,123.485316225057,1,4.85186834597174,708,1,7.1560001373291,34.8889999389648,0.0261659994721413,0,119.076499938965,-88.6683,26.603,11.9211003361411,63,63,63,63,61,63,0,7816,1.08413155380343,27,-89,0.001869,51,2025-08-16 07:40:08.000809,708,1.037,0.0011,"aoml_navis",1030.53084780242
"7901009",79,0,1,0.029904,1,0.007476,1,123.848898456772,1,4.85181187737426,710,1,7.13199996948242,34.8880004882812,0.0299040004611015,0,119.427101135254,-88.6683,26.603,11.9211003361411,63,63,63,63,61,63,0,7816,1.08413155380343,27,-89,0.001869,51,2025-08-16 07:40:08.000809,710,1.037,0.0011,"aoml_navis",1030.54284180242
"7901009",79,0,1,0.031773,1,0.009345,1,124.163118510142,1,4.85175325189034,712,1,7.09999990463257,34.8860015869141,0.0317730009555817,0,119.730102539062,-88.6683,26.603,11.9211003361411,63,63,63,63,61,63,0,7816,1.08413155380343,27,-89,0.001869,51,2025-08-16 07:40:08.000809,712,1.037,0.0011,"aoml_navis",1030.55529422316
"7901009",79,0,1,0.029904,1,0.007476,1,124.479411474352,1,4.85169026841089,714,1,7.06699991226196,34.8849983215332,0.0299040004611015,0,120.035102844238,-88.6683,26.603,11.9211003361411,63,63,63,63,61,63,0,7816,1.08413155380343,27,-89,0.001869,51,2025-08-16 07:40:08.000809,714,1.037,0.0011,"aoml_navis",1030.56867264482
"7901009",79,0,1,0.029904,1,0.007476,1,124.674367947601,1,4.85163899509242,716,1,7.05000019073486,34.8839988708496,0.0299040004611015,0,120.223098754883,-88.6683,26.603,11.9211003361411,63,63,63,63,61,63,0,7816,1.08413155380343,27,-89,0.001869,51,2025-08-16 07:40:08.000809,716,1.037,0.0011,"aoml_navis",1030.57956394894
"7901009",79,0,1,0.033642,1,0.011214,1,124.925743990297,1,4.85158773189664,718,1,7.03299999237061,34.882999420166,0.0336420014500618,0,120.46549987793,-88.6683,26.603,11.9211003361411,63,63,63,63,61,63,0,7816,1.08413155380343,27,-89,0.001869,51,2025-08-16 07:40:08.000809,718,1.037,0.0011,"aoml_navis",1030.59045333296
"7901009",79,0,1,0.028035,1,0.005607,1,125.081813605625,1,4.85152113756285,720,1,7,34.882999420166,0.0280349999666214,0,120.615997314453,-88.6683,26.603,11.9211003361411,63,63,63,63,61,63,0,7816,1.08413155380343,27,-89,0.001869,51,2025-08-16 07:40:08.000809,720,1.037,0.0011,"aoml_navis",1030.60459971772
"7901009",79,0,1,0.026166,1,0.003738,1,125.168203351634,1,4.85146113054673,722,1,6.97599983215332,34.882999420166,0.0261659994721413,0,120.69930267334,-88.6683,26.603,11.9211003361411,63,63,63,63,61,63,0,7816,1.08413155380343,27,-89,0.001869,51,2025-08-16 07:40:08.000809,722,1.037,0.0011,"aoml_navis",1030.6173471159
"7901009",79,0,1,0.031773,1,0.009345,1,125.214764726784,1,4.85141059185708,724,1,6.96500015258789,34.882999420166,0.0317730009555817,0,120.744201660156,-88.6683,26.603,11.9211003361411,63,63,63,63,61,63,0,7816,1.08413155380343,27,-89,0.001869,51,2025-08-16 07:40:08.000809,724,1.037,0.0011,"aoml_navis",1030.62808338513
"7901009",79,0,1,0.028035,1,0.005607,1,125.317943468217,1,4.85136296406569,726,1,6.95800018310547,34.882999420166,0.0280349999666214,0,120.843696594238,-88.6683,26.603,11.9211003361411,63,63,63,63,61,63,0,7816,1.08413155380343,27,-89,0.001869,51,2025-08-16 07:40:08.000809,726,1.037,0.0011,"aoml_navis",1030.63820147766
"7901009",79,0,1,0.031773,1,0.009345,1,125.457010467539,1,4.8513117059975,728,1,6.94600009918213,34.882999420166,0.0317730009555817,0,120.977798461914,-88.6683,26.603,11.9211003361411,63,63,63,63,61,63,0,7816,1.08413155380343,27,-89,0.001869,51,2025-08-16 07:40:08.000809,728,1.037,0.0011,"aoml_navis",1030.64909101155
"7901009",79,0,1,0.031773,1,0.009345,1,125.725080563178,1,4.85125247017795,730,1,6.9229998588562,34.882999420166,0.0317730009555817,0,121.236297607422,-88.6683,26.603,11.9211003361411,63,63,63,63,61,63,0,7816,1.08413155380343,27,-89,0.001869,51,2025-08-16 07:40:08.000809,730,1.037,0.0011,"aoml_navis",1030.66167566756
"7901009",79,0,1,0.031773,1,0.009345,1,126.122058812652,1,4.85120418492756,732,1,6.90999984741211,34.8819999694824,0.0317730009555817,0,121.619102478027,-88.6683,26.603,11.9211003361411,63,63,63,63,61,63,0,7816,1.08413155380343,27,-89,0.001869,51,2025-08-16 07:40:08.000809,732,1.037,0.0011,"aoml_navis",1030.67193410138
"7901009",79,0,1,0.026166,1,0.003738,1,126.63434470553,1,4.85115077373157,734,1,6.89499998092651,34.8819999694824,0.0261659994721413,0,122.113098144531,-88.6683,26.603,11.9211003361411,63,63,63,63,61,63,0,7816,1.08413155380343,27,-89,0.001869,51,2025-08-16 07:40:08.000809,734,1.037,0.0011,"aoml_navis",1030.68328180489
"7901009",79,0,1,0.026166,1,0.003738,1,127.127246508498,1,4.85110328893137,736,1,6.87799978256226,34.8800010681152,0.0261659994721413,0,122.588401794434,-88.6683,26.603,11.9211003361411,63,63,63,63,61,63,0,7816,1.08413155380343,27,-89,0.001869,51,2025-08-16 07:40:08.000809,736,1.037,0.0011,"aoml_navis",1030.69337060053
"7901009",79,0,1,0.031773,1,0.009345,1,127.588722350193,1,4.85104932347893,738,1,6.85200023651123,34.8779983520508,0.0317730009555817,0,123.033401489258,-88.6683,26.603,11.9211003361411,63,63,63,63,61,63,0,7816,1.08413155380343,27,-89,0.001869,51,2025-08-16 07:40:08.000809,738,1.037,0.0011,"aoml_navis",1030.70483653921
"7901009",79,0,1,0.026166,1,0.003738,1,127.980193935758,1,4.85098728159368,740,1,6.82499980926514,34.8779983520508,0.0261659994721413,0,123.41089630127,-88.6683,26.603,11.9211003361411,63,63,63,63,61,63,0,7816,1.08413155380343,27,-89,0.001869,51,2025-08-16 07:40:08.000809,740,1.037,0.0011,"aoml_navis",1030.71801877769
"7901009",79,0,1,0.029904,1,0.007476,1,128.236135129424,1,4.85093111336797,742,1,6.80100011825562,34.8769989013672,0.0299040004611015,0,123.657699584961,-88.6683,26.603,11.9211003361411,63,63,63,63,61,63,0,7816,1.08413155380343,27,-89,0.001869,51,2025-08-16 07:40:08.000809,742,1.037,0.0011,"aoml_navis",1030.72995331169
"7901009",79,0,1,0.024297,1,0.001869,1,128.567468565029,1,4.85087848083681,744,1,6.78700017929077,34.8769989013672,0.0242970008403063,0,123.977203369141,-88.6683,26.603,11.9211003361411,63,63,63,63,61,63,0,7816,1.08413155380343,27,-89,0.001869,51,2025-08-16 07:40:08.000809,744,1.037,0.0011,"aoml_navis",1030.74113683785
"7901009",79,0,1,0.031773,1,0.009345,1,128.921714786094,1,4.85082234635762,746,1,6.76300001144409,34.8759994506836,0.0317730009555817,0,124.318801879883,-88.6683,26.603,11.9211003361411,63,63,63,63,61,63,0,7816,1.08413155380343,27,-89,0.001869,51,2025-08-16 07:40:08.000809,746,1.037,0.0011,"aoml_navis",1030.75306473641
"7901009",79,0,1,0.028035,1,0.005607,1,129.221725114779,1,4.85076901431154,748,1,6.7480001449585,34.8759994506836,0.0280349999666214,0,124.608100891113,-88.6683,26.603,11.9211003361411,63,63,63,63,61,63,0,7816,1.08413155380343,27,-89,0.001869,51,2025-08-16 07:40:08.000809,748,1.037,0.0011,"aoml_navis",1030.76439740754
"7901009",79,0,1,0.029904,1,0.007476,1,129.529204251985,1,4.85071076305095,750,1,6.72100019454956,34.875,0.0299040004611015,0,124.904602050781,-88.6683,26.603,11.9211003361411,63,63,63,63,61,63,0,7816,1.08413155380343,27,-89,0.001869,51,2025-08-16 07:40:08.000809,750,1.037,0.0011,"aoml_navis",1030.77677566063
"7901009",79,0,1,0.031773,1,0.009345,1,129.72115421333,1,4.85065816995415,752,1,6.70699977874756,34.875,0.0317730009555817,0,125.089698791504,-88.6683,26.603,11.9211003361411,63,63,63,63,61,63,0,7816,1.08413155380343,27,-89,0.001869,51,2025-08-16 07:40:08.000809,752,1.037,0.0011,"aoml_navis",1030.78795182289
"7901009",79,0,1,0.029904,1,0.007476,1,129.911450593127,1,4.85060486793186,754,1,6.69199991226196,34.875,0.0299040004611015,0,125.27320098877,-88.6683,26.603,11.9211003361411,63,63,63,63,61,63,0,7816,1.08413155380343,27,-89,0.001869,51,2025-08-16 07:40:08.000809,754,1.037,0.0011,"aoml_navis",1030.79927888083
"7901009",79,0,1,0.028035,1,0.005607,1,130.167281020566,1,4.85055454215911,756,1,6.67600011825562,34.8740005493164,0.0280349999666214,0,125.519897460938,-88.6683,26.603,11.9211003361411,63,63,63,63,61,63,0,7816,1.08413155380343,27,-89,0.001869,51,2025-08-16 07:40:08.000809,756,1.037,0.0011,"aoml_navis",1030.8099736931
"7901009",79,0,1,0.031773,1,0.009345,1,130.29722562982,1,4.85050554755366,758,1,6.66699981689453,34.8740005493164,0.0317730009555817,0,125.645202636719,-88.6683,26.603,11.9211003361411,63,63,63,63,61,63,0,7816,1.08413155380343,27,-89,0.001869,51,2025-08-16 07:40:08.000809,758,1.037,0.0011,"aoml_navis",1030.82038583004
"7901009",79,0,1,0.029904,1,0.007476,1,130.588936403275,1,4.85045155199102,760,1,6.65100002288818,34.8740005493164,0.0299040004611015,0,125.926498413086,-88.6683,26.603,11.9211003361411,63,63,63,63,61,63,0,7816,1.08413155380343,27,-89,0.001869,51,2025-08-16 07:40:08.000809,760,1.037,0.0011,"aoml_navis",1030.83186099397
"7901009",79,0,1,0.029904,1,0.007476,1,130.921203439944,1,4.85039827967365,762,1,6.63600015640259,34.8740005493164,0.0299040004611015,0,126.24690246582,-88.6683,26.603,11.9211003361411,63,63,63,63,61,63,0,7816,1.08413155380343,27,-89,0.001869,51,2025-08-16 07:40:08.000809,762,1.037,0.0011,"aoml_navis",1030.84318270384
"7901009",79,0,1,0.033642,1,0.011214,1,131.162309870925,1,4.85034299146484,764,1,6.61299991607666,34.8730010986328,0.0336420014500618,0,126.479400634766,-88.6683,26.603,11.9211003361411,63,63,63,63,61,63,0,7816,1.08413155380343,27,-89,0.001869,51,2025-08-16 07:40:08.000809,764,1.037,0.0011,"aoml_navis",1030.85493310442
"7901009",79,0,1,0.028035,1,0.005607,1,131.414303039749,1,4.85029401655718,766,1,6.60400009155273,34.8730010986328,0.0280349999666214,0,126.722396850586,-88.6683,26.603,11.9211003361411,63,63,63,63,61,63,0,7816,1.08413155380343,27,-89,0.001869,51,2025-08-16 07:40:08.000809,766,1.037,0.0011,"aoml_navis",1030.86534196314
"7901009",79,0,1,0.029904,1,0.007476,1,131.678227313709,1,4.85024005657959,768,1,6.58799982070923,34.8730010986328,0.0299040004611015,0,126.976898193359,-88.6683,26.603,11.9211003361411,63,63,63,63,61,63,0,7816,1.08413155380343,27,-89,0.001869,51,2025-08-16 07:40:08.000809,768,1.037,0.0011,"aoml_navis",1030.87681056472
"7901009",79,0,1,0.028035,1,0.005607,1,131.922656731531,1,4.85018468270953,770,1,6.57000017166138,34.8730010986328,0.0280349999666214,0,127.212600708008,-88.6683,26.603,11.9211003361411,63,63,63,63,61,63,0,7816,1.08413155380343,27,-89,0.001869,51,2025-08-16 07:40:08.000809,770,1.037,0.0011,"aoml_navis",1030.88857993893
"7901009",79,0,1,0.028035,1,0.005607,1,132.169056205838,1,4.85013655363218,771.900024414062,1,6.55399990081787,34.8720016479492,0.0280349999666214,0,127.450202941895,-88.6683,26.603,11.9211003361411,63,63,63,63,61,63,0,7816,1.08413155380343,27,-89,0.001869,51,2025-08-16 07:40:08.000809,771.900024414062,1.037,0.0011,"aoml_navis",1030.89880969549
"7901009",79,0,1,0.031773,1,0.009345,1,132.254710147618,1,4.85007978478412,774,1,6.53700017929077,34.8720016479492,0.0317730009555817,0,127.53279876709,-88.6683,26.603,11.9211003361411,63,63,63,63,61,63,0,7816,1.08413155380343,27,-89,0.001869,51,2025-08-16 07:40:08.000809,774,1.037,0.0011,"aoml_navis",1030.91087608213
"7901009",79,0,1,0.029904,1,0.007476,1,132.398239443556,1,4.85002643888603,776,1,6.52699995040894,34.8730010986328,0.0299040004611015,0,127.671203613281,-88.6683,26.603,11.9211003361411,63,63,63,63,61,63,0,7816,1.08413155380343,27,-89,0.001869,51,2025-08-16 07:40:08.000809,776,1.037,0.0011,"aoml_navis",1030.92221516805
"7901009",79,0,1,0.031773,1,0.009345,1,132.527345394227,1,4.84998117486782,778,1,6.51800012588501,34.8720016479492,0.0317730009555817,0,127.795700073242,-88.6683,26.603,11.9211003361411,63,63,63,63,61,63,0,7816,1.08413155380343,27,-89,0.001869,51,2025-08-16 07:40:08.000809,778,1.037,0.0011,"aoml_navis",1030.93183658311
"7901009",79,0,1,0.028035,1,0.005607,1,132.678644149876,1,4.84992357958763,780,1,6.5019998550415,34.8730010986328,0.0280349999666214,0,127.941596984863,-88.6683,26.603,11.9211003361411,63,63,63,63,61,63,0,7816,1.08413155380343,27,-89,0.001869,51,2025-08-16 07:40:08.000809,780,1.037,0.0011,"aoml_navis",1030.94407941684
"7901009",79,0,1,0.029904,1,0.007476,1,132.894139846556,1,4.84987180381587,782,1,6.48899984359741,34.8730010986328,0.0299040004611015,0,128.149398803711,-88.6683,26.603,11.9211003361411,63,63,63,63,61,63,0,7816,1.08413155380343,27,-89,0.001869,51,2025-08-16 07:40:08.000809,782,1.037,0.0011,"aoml_navis",1030.95508546556
"7901009",79,0,1,0.031773,1,0.009345,1,133.031236789393,1,4.84982867764074,784,1,6.48299980163574,34.8720016479492,0.0317730009555817,0,128.281600952148,-88.6683,26.603,11.9211003361411,63,63,63,63,61,63,0,7816,1.08413155380343,27,-89,0.001869,51,2025-08-16 07:40:08.000809,784,1.037,0.0011,"aoml_navis",1030.96425303673
"7901009",79,0,1,0.031773,1,0.009345,1,133.143237269703,1,4.84978031178341,786,1,6.48000001907349,34.8730010986328,0.0317730009555817,0,128.389602661133,-88.6683,26.603,11.9211003361411,63,63,63,63,61,63,0,7816,1.08413155380343,27,-89,0.001869,51,2025-08-16 07:40:08.000809,786,1.037,0.0011,"aoml_navis",1030.97453463028
"7901009",79,0,1,0.026166,1,0.003738,1,133.343898203697,1,4.84973860643307,788,1,6.47599983215332,34.8720016479492,0.0261659994721413,0,128.583099365234,-88.6683,26.603,11.9211003361411,63,63,63,63,61,63,0,7816,1.08413155380343,27,-89,0.001869,51,2025-08-16 07:40:08.000809,788,1.037,0.0011,"aoml_navis",1030.98340050072
"7901009",79,0,1,0.031773,1,0.009345,1,133.602015162558,1,4.84968613446002,790,1,6.46199989318848,34.8720016479492,0.0317730009555817,0,128.832000732422,-88.6683,26.603,11.9211003361411,63,63,63,63,61,63,0,7816,1.08413155380343,27,-89,0.001869,51,2025-08-16 07:40:08.000809,790,1.037,0.0011,"aoml_navis",1030.9945553944
"7901009",79,0,1,0.028035,1,0.005607,1,133.782864765477,1,4.84963366938629,792,1,6.44799995422363,34.8720016479492,0.0280349999666214,0,129.006393432617,-88.6683,26.603,11.9211003361411,63,63,63,63,61,63,0,7816,1.08413155380343,27,-89,0.001869,51,2025-08-16 07:40:08.000809,792,1.037,0.0011,"aoml_navis",1031.00570906271
"7901009",79,0,1,0.029904,1,0.007476,1,133.971404709372,1,4.84959269536499,793.900024414062,1,6.44199991226196,34.8709983825684,0.0299040004611015,0,129.188201904297,-88.6683,26.603,11.9211003361411,63,63,63,63,61,63,0,7816,1.08413155380343,27,-89,0.001869,51,2025-08-16 07:40:08.000809,793.900024414062,1.037,0.0011,"aoml_navis",1031.01441999011
"7901009",79,0,1,0.029904,1,0.007476,1,134.150592818871,1,4.8495416492023,796,1,6.43300008773804,34.8709983825684,0.0299040004611015,0,129.360992431641,-88.6683,26.603,11.9211003361411,63,63,63,63,61,63,0,7816,1.08413155380343,27,-89,0.001869,51,2025-08-16 07:40:08.000809,796,1.037,0.0011,"aoml_navis",1031.02527242393
"7901009",79,0,1,0.031773,1,0.009345,1,134.329385334697,1,4.84949061199004,798,1,6.4210000038147,34.8709983825684,0.0317730009555817,0,129.533401489258,-88.6683,26.603,11.9211003361411,63,63,63,63,61,63,0,7816,1.08413155380343,27,-89,0.001869,51,2025-08-16 07:40:08.000809,798,1.037,0.0011,"aoml_navis",1031.0361231833
"7901009",79,0,1,0.028035,1,0.005607,1,134.401035260502,1,4.8494416999047,800,1,6.41200017929077,34.8709983825684,0.0280349999666214,0,129.602493286133,-88.6683,26.603,11.9211003361411,63,63,63,63,61,63,0,7816,1.08413155380343,27,-89,0.001869,51,2025-08-16 07:40:08.000809,800,1.037,0.0011,"aoml_navis",1031.04652234468
"7901009",79,0,1,0.033642,1,0.011214,1,134.568830272257,1,4.84939491031607,802,1,6.4060001373291,34.8709983825684,0.0336420014500618,0,129.764297485352,-88.6683,26.603,11.9211003361411,63,63,63,63,61,63,0,7816,1.08413155380343,27,-89,0.001869,51,2025-08-16 07:40:08.000809,802,1.037,0.0011,"aoml_navis",1031.05647043996
"7901009",79,0,1,0.028035,1,0.005607,1,134.909088301093,1,4.84934741634457,804,1,6.39900016784668,34.8709983825684,0.0280349999666214,0,130.092407226562,-88.6683,26.603,11.9211003361411,63,63,63,63,61,63,0,7816,1.08413155380343,27,-89,0.001869,51,2025-08-16 07:40:08.000809,804,1.037,0.0011,"aoml_navis",1031.06656849284
"7901009",79,0,1,0.026166,1,0.003738,1,135.260628661444,1,4.84928140578536,806,1,6.37099981307983,34.8720016479492,0.0261659994721413,0,130.431396484375,-88.6683,26.603,11.9211003361411,63,63,63,63,61,63,0,7816,1.08413155380343,27,-89,0.001869,51,2025-08-16 07:40:08.000809,806,1.037,0.0011,"aoml_navis",1031.08060382613
"7901009",79,0,1,0.029904,1,0.007476,1,135.452792243372,1,4.84923479761786,808,1,6.3600001335144,34.8709983825684,0.0299040004611015,0,130.61669921875,-88.6683,26.603,11.9211003361411,63,63,63,63,61,63,0,7816,1.08413155380343,27,-89,0.001869,51,2025-08-16 07:40:08.000809,808,1.037,0.0011,"aoml_navis",1031.09051400361
"7901009",79,0,1,0.029904,1,0.007476,1,135.736211373469,1,4.84918238252735,810,1,6.34600019454956,34.8709983825684,0.0299040004611015,0,130.889999389648,-88.6683,26.603,11.9211003361411,63,63,63,63,61,63,0,7816,1.08413155380343,27,-89,0.001869,51,2025-08-16 07:40:08.000809,810,1.037,0.0011,"aoml_navis",1031.10165912012
"7901009",79,0,1,0.033642,1,0.011214,1,135.7572569568,1,4.84912786273326,812,1,6.3289999961853,34.8709983825684,0.0336420014500618,0,130.910293579102,-88.6683,26.603,11.9211003361411,63,63,63,63,61,63,0,7816,1.08413155380343,27,-89,0.001869,51,2025-08-16 07:40:08.000809,812,1.037,0.0011,"aoml_navis",1031.11325201924
"7901009",79,0,4,0.022428,1,0,1,135.846961777777,1,4.84907598552889,814,1,6.32100009918213,34.8720016479492,0.0224280003458261,0,130.996795654297,-88.6683,26.603,11.9211003361411,63,63,63,63,61,63,0,7816,1.08413155380343,27,-89,0.001869,51,2025-08-16 07:40:08.000809,814,1.037,0.0011,"aoml_navis",1031.12428324933
"7901009",79,0,1,0.031773,1,0.009345,1,136.080820932694,1,4.84902358957926,816,1,6.30700016021729,34.8720016479492,0.0317730009555817,0,131.222305297852,-88.6683,26.603,11.9211003361411,63,63,63,63,61,63,0,7816,1.08413155380343,27,-89,0.001869,51,2025-08-16 07:40:08.000809,816,1.037,0.0011,"aoml_navis",1031.13542502561
"7901009",79,0,1,0.028035,1,0.005607,1,136.337371340614,1,4.8489668140887,818,1,6.29199981689453,34.8730010986328,0.0280349999666214,0,131.469696044922,-88.6683,26.603,11.9211003361411,63,63,63,63,61,63,0,7816,1.08413155380343,27,-89,0.001869,51,2025-08-16 07:40:08.000809,818,1.037,0.0011,"aoml_navis",1031.14749836449
"7901009",79,0,1,0.033642,1,0.011214,1,136.789724792242,1,4.84891022134838,820,1,6.27199983596802,34.8730010986328,0.0336420014500618,0,131.905899047852,-88.6683,26.603,11.9211003361411,63,63,63,63,61,63,0,7816,1.08413155380343,27,-89,0.001869,51,2025-08-16 07:40:08.000809,820,1.037,0.0011,"aoml_navis",1031.15953312281
"7901009",79,0,1,0.029904,1,0.007476,1,137.104775592322,1,4.84885364331135,822,1,6.2519998550415,34.8730010986328,0.0299040004611015,0,132.209701538086,-88.6683,26.603,11.9211003361411,63,63,63,63,61,63,0,7816,1.08413155380343,27,-89,0.001869,51,2025-08-16 07:40:08.000809,822,1.037,0.0011,"aoml_navis",1031.1715650352
"7901009",79,0,1,0.029904,1,0.007476,1,137.394729929875,1,4.84879199614363,824,1,6.23000001907349,34.8740005493164,0.0299040004611015,0,132.489303588867,-88.6683,26.603,11.9211003361411,63,63,63,63,61,63,0,7816,1.08413155380343,27,-89,0.001869,51,2025-08-16 07:40:08.000809,824,1.037,0.0011,"aoml_navis",1031.184675271
"7901009",79,0,1,0.029904,1,0.007476,1,137.556195442885,1,4.8487461271429,826,1,6.21999979019165,34.8730010986328,0.0299040004611015,0,132.645004272461,-88.6683,26.603,11.9211003361411,63,63,63,63,61,63,0,7816,1.08413155380343,27,-89,0.001869,51,2025-08-16 07:40:08.000809,826,1.037,0.0011,"aoml_navis",1031.19443024876
"7901009",79,0,1,0.029904,1,0.007476,1,137.768471007077,1,4.84870007585493,828,1,6.21500015258789,34.8730010986328,0.0299040004611015,0,132.849700927734,-88.6683,26.603,11.9211003361411,63,63,63,63,61,63,0,7816,1.08413155380343,27,-89,0.001869,51,2025-08-16 07:40:08.000809,828,1.037,0.0011,"aoml_navis",1031.20422417928
"7901009",79,0,1,0.031773,1,0.009345,1,138.04535492972,1,4.84864913032513,830,1,6.20300006866455,34.8730010986328,0.0317730009555817,0,133.11669921875,-88.6683,26.603,11.9211003361411,63,63,63,63,61,63,0,7816,1.08413155380343,27,-89,0.001869,51,2025-08-16 07:40:08.000809,830,1.037,0.0011,"aoml_navis",1031.21505920655
"7901009",79,0,1,0.029904,1,0.007476,1,138.352731212571,1,4.84859241001318,832,1,6.18800020217896,34.8740005493164,0.0299040004611015,0,133.413101196289,-88.6683,26.603,11.9211003361411,63,63,63,63,61,63,0,7816,1.08413155380343,27,-89,0.001869,51,2025-08-16 07:40:08.000809,832,1.037,0.0011,"aoml_navis",1031.22712267464
"7901009",79,0,1,0.028035,1,0.005607,1,138.557443025762,1,4.84854217408069,834,1,6.17700004577637,34.8740005493164,0.0280349999666214,0,133.610504150391,-88.6683,26.603,11.9211003361411,63,63,63,63,61,63,0,7816,1.08413155380343,27,-89,0.001869,51,2025-08-16 07:40:08.000809,834,1.037,0.0011,"aoml_navis",1031.23780725864
"7901009",79,0,1,0.026166,1,0.003738,1,138.771174374666,1,4.84849264039981,836,1,6.16699981689453,34.8740005493164,0.0261659994721413,0,133.816604614258,-88.6683,26.603,11.9211003361411,63,63,63,63,61,63,0,7816,1.08413155380343,27,-89,0.001869,51,2025-08-16 07:40:08.000809,836,1.037,0.0011,"aoml_navis",1031.24834269888
"7901009",79,0,1,0.024297,1,0.001869,1,139.053865612408,1,4.84844171545832,838,1,6.15500020980835,34.8740005493164,0.0242970008403063,0,134.089202880859,-88.6683,26.603,11.9211003361411,63,63,63,63,61,63,0,7816,1.08413155380343,27,-89,0.001869,51,2025-08-16 07:40:08.000809,838,1.037,0.0011,"aoml_navis",1031.25917427417
"7901009",79,0,1,0.029904,1,0.007476,1,139.219571889578,1,4.84839149243343,840,1,6.14400005340576,34.8740005493164,0.0299040004611015,0,134.248992919922,-88.6683,26.603,11.9211003361411,63,63,63,63,61,63,0,7816,1.08413155380343,27,-89,0.001869,51,2025-08-16 07:40:08.000809,840,1.037,0.0011,"aoml_navis",1031.26985677687
"7901009",79,0,1,0.028035,1,0.005607,1,139.526948172428,1,4.84834266786558,842,1,6.13500022888184,34.8740005493164,0.0280349999666214,0,134.545394897461,-88.6683,26.603,11.9211003361411,63,63,63,63,61,63,0,7816,1.08413155380343,27,-89,0.001869,51,2025-08-16 07:40:08.000809,842,1.037,0.0011,"aoml_navis",1031.28024203809
"7901009",79,0,1,0.028035,1,0.005607,1,139.819086187049,1,4.84829892314178,844,1,6.12799978256226,34.8730010986328,0.0280349999666214,0,134.827102661133,-88.6683,26.603,11.9211003361411,63,63,63,63,61,63,0,7816,1.08413155380343,27,-89,0.001869,51,2025-08-16 07:40:08.000809,844,1.037,0.0011,"aoml_navis",1031.28954696546
"7901009",79,0,1,0.028035,1,0.005607,1,140.178823248276,1,4.84824731808526,846,1,6.11499977111816,34.8730010986328,0.0280349999666214,0,135.17399597168,-88.6683,26.603,11.9211003361411,63,63,63,63,61,63,0,7816,1.08413155380343,27,-89,0.001869,51,2025-08-16 07:40:08.000809,846,1.037,0.0011,"aoml_navis",1031.30052407778
"7901009",79,0,1,0.028035,1,0.005607,1,140.701275898514,1,4.8481892521542,848,1,6.09800004959106,34.8740005493164,0.0280349999666214,0,135.677795410156,-88.6683,26.603,11.9211003361411,63,63,63,63,61,63,0,7816,1.08413155380343,27,-89,0.001869,51,2025-08-16 07:40:08.000809,848,1.037,0.0011,"aoml_navis",1031.31287578725
"7901009",79,0,1,0.026166,1,0.003738,1,141.370889394597,1,4.84813279487042,850,1,6.07800006866455,34.8740005493164,0.0261659994721413,0,136.323501586914,-88.6683,26.603,11.9211003361411,63,63,63,63,61,63,0,7816,1.08413155380343,27,-89,0.001869,51,2025-08-16 07:40:08.000809,850,1.037,0.0011,"aoml_navis",1031.32488559106
"7901009",79,0,1,0.033642,1,0.011214,1,141.957111744702,1,4.84808276918281,852.099975585938,1,6.06500005722046,34.8730010986328,0.0336420014500618,0,136.888793945312,-88.6683,26.603,11.9211003361411,63,63,63,63,61,63,0,7816,1.08413155380343,27,-89,0.001869,51,2025-08-16 07:40:08.000809,852.099975585938,1.037,0.0011,"aoml_navis",1031.33552747549
"7901009",79,0,1,0.028035,1,0.005607,1,142.618845014845,1,4.84802638175275,854,1,6.04199981689453,34.8730010986328,0.0280349999666214,0,137.526901245117,-88.6683,26.603,11.9211003361411,63,63,63,63,61,63,0,7816,1.08413155380343,27,-89,0.001869,51,2025-08-16 07:40:08.000809,854,1.037,0.0011,"aoml_navis",1031.3475229465
"7901009",79,0,1,0.029904,1,0.007476,1,143.15000072586,1,4.84797135120359,856,1,6.02400016784668,34.8730010986328,0.0299040004611015,0,138.039093017578,-88.6683,26.603,11.9211003361411,63,63,63,63,61,63,0,7816,1.08413155380343,27,-89,0.001869,51,2025-08-16 07:40:08.000809,856,1.037,0.0011,"aoml_navis",1031.35923003313
"7901009",79,0,1,0.028035,1,0.005607,1,143.568238179247,1,4.84792278491895,858,1,6.01000022888184,34.8720016479492,0.0280349999666214,0,138.442398071289,-88.6683,26.603,11.9211003361411,63,63,63,63,61,63,0,7816,1.08413155380343,27,-89,0.001869,51,2025-08-16 07:40:08.000809,858,1.037,0.0011,"aoml_navis",1031.36956214611
"7901009",79,0,1,0.028035,1,0.005607,1,143.966664301558,1,4.84786984957458,860,1,5.99499988555908,34.8720016479492,0.0280349999666214,0,138.826599121094,-88.6683,26.603,11.9211003361411,63,63,63,63,61,63,0,7816,1.08413155380343,27,-89,0.001869,51,2025-08-16 07:40:08.000809,860,1.037,0.0011,"aoml_navis",1031.38082397958
"7901009",79,0,1,0.033642,1,0.011214,1,144.293535440547,1,4.84781830490514,862,1,5.98199987411499,34.8720016479492,0.0336420014500618,0,139.141799926758,-88.6683,26.603,11.9211003361411,63,63,63,63,61,63,0,7816,1.08413155380343,27,-89,0.001869,51,2025-08-16 07:40:08.000809,862,1.037,0.0011,"aoml_navis",1031.39179018753
"7901009",79,0,1,0.029904,1,0.007476,1,144.64042361932,1,4.84776308225888,864,1,5.9689998626709,34.8730010986328,0.0299040004611015,0,139.476303100586,-88.6683,26.603,11.9211003361411,63,63,63,63,61,63,0,7816,1.08413155380343,27,-89,0.001869,51,2025-08-16 07:40:08.000809,864,1.037,0.0011,"aoml_navis",1031.40353914948
"7901009",79,0,1,0.026166,1,0.003738,1,144.855294277998,1,4.84771154938897,866,1,5.95599985122681,34.8730010986328,0.0261659994721413,0,139.683502197266,-88.6683,26.603,11.9211003361411,63,63,63,63,61,63,0,7816,1.08413155380343,27,-89,0.001869,51,2025-08-16 07:40:08.000809,866,1.037,0.0011,"aoml_navis",1031.41450332997
"7901009",79,0,1,0.028035,1,0.005607,1,145.099612929592,1,4.84765702849415,868,1,5.94399976730347,34.8740005493164,0.0280349999666214,0,139.919097900391,-88.6683,26.603,11.9211003361411,63,63,63,63,61,63,0,7816,1.08413155380343,27,-89,0.001869,51,2025-08-16 07:40:08.000809,868,1.037,0.0011,"aoml_navis",1031.42610349915
"7901009",79,0,1,0.028035,1,0.005607,1,145.255999019858,1,4.84760619684253,870,1,5.93200016021729,34.8740005493164,0.0280349999666214,0,140.069900512695,-88.6683,26.603,11.9211003361411,63,63,63,63,61,63,0,7816,1.08413155380343,27,-89,0.001869,51,2025-08-16 07:40:08.000809,870,1.037,0.0011,"aoml_navis",1031.43691895945
"7901009",79,0,1,0.028035,1,0.005607,1,145.449919037688,1,4.84755806854424,872.099975585938,1,5.92700004577637,34.8740005493164,0.0280349999666214,0,140.256896972656,-88.6683,26.603,11.9211003361411,63,63,63,63,61,63,0,7816,1.08413155380343,27,-89,0.001869,51,2025-08-16 07:40:08.000809,872.099975585938,1.037,0.0011,"aoml_navis",1031.44715943579
"7901009",79,0,1,0.035511,1,0.013083,1,145.750554404375,1,4.84751350683409,874,1,5.9210000038147,34.8740005493164,0.0355109982192516,0,140.546798706055,-88.6683,26.603,11.9211003361411,63,63,63,63,61,63,0,7816,1.08413155380343,27,-89,0.001869,51,2025-08-16 07:40:08.000809,874,1.037,0.0011,"aoml_navis",1031.45664121429
"7901009",79,0,1,0.028035,1,0.005607,1,146.12533984887,1,4.84746682002305,876,1,5.91499996185303,34.8740005493164,0.0280349999666214,0,140.908203125,-88.6683,26.603,11.9211003361411,63,63,63,63,61,63,0,7816,1.08413155380343,27,-89,0.001869,51,2025-08-16 07:40:08.000809,876,1.037,0.0011,"aoml_navis",1031.46657535579
"7901009",79,0,1,0.033642,1,0.011214,1,146.669043791149,1,4.84742106237785,878,1,5.90500020980835,34.8730010986328,0.0336420014500618,0,141.432495117188,-88.6683,26.603,11.9211003361411,63,63,63,63,61,63,0,7816,1.08413155380343,27,-89,0.001869,51,2025-08-16 07:40:08.000809,878,1.037,0.0011,"aoml_navis",1031.47631197264
"7901009",79,0,1,0.033642,1,0.011214,1,147.214425050595,1,4.84736886968915,880,1,5.89099979400635,34.8730010986328,0.0336420014500618,0,141.958404541016,-88.6683,26.603,11.9211003361411,63,63,63,63,61,63,0,7816,1.08413155380343,27,-89,0.001869,51,2025-08-16 07:40:08.000809,880,1.037,0.0011,"aoml_navis",1031.48741810537
"7901009",79,0,1,0.031773,1,0.009345,1,147.613151824097,1,4.84731024894297,882,1,5.8730001449585,34.8740005493164,0.0317730009555817,0,142.342895507812,-88.6683,26.603,11.9211003361411,63,63,63,63,61,63,0,7816,1.08413155380343,27,-89,0.001869,51,2025-08-16 07:40:08.000809,882,1.037,0.0011,"aoml_navis",1031.49989235583
"7901009",79,0,1,0.031773,1,0.009345,1,147.794428668181,1,4.84725326207214,884,1,5.85200023651123,34.8740005493164,0.0317730009555817,0,142.517700195312,-88.6683,26.603,11.9211003361411,63,63,63,63,61,63,0,7816,1.08413155380343,27,-89,0.001869,51,2025-08-16 07:40:08.000809,884,1.037,0.0011,"aoml_navis",1031.51201921365
"7901009",79,0,1,0.031773,1,0.009345,1,148.028588474288,1,4.84720590212024,886,1,5.84499979019165,34.8740005493164,0.0317730009555817,0,142.743499755859,-88.6683,26.603,11.9211003361411,63,63,63,63,61,63,0,7816,1.08413155380343,27,-89,0.001869,51,2025-08-16 07:40:08.000809,886,1.037,0.0011,"aoml_navis",1031.52209767135
"7901009",79,0,1,0.031773,1,0.009345,1,148.157172241313,1,4.84715142847872,888,1,5.83300018310547,34.875,0.0317730009555817,0,142.867492675781,-88.6683,26.603,11.9211003361411,63,63,63,63,61,63,0,7816,1.08413155380343,27,-89,0.001869,51,2025-08-16 07:40:08.000809,888,1.037,0.0011,"aoml_navis",1031.53369020478
"7901009",79,0,1,0.031773,1,0.009345,1,148.307133890351,1,4.84709995724503,890,1,5.82000017166138,34.875,0.0317730009555817,0,143.012100219727,-88.6683,26.603,11.9211003361411,63,63,63,63,61,63,0,7816,1.08413155380343,27,-89,0.001869,51,2025-08-16 07:40:08.000809,890,1.037,0.0011,"aoml_navis",1031.54464403533
"7901009",79,0,1,0.028035,1,0.005607,1,148.434071987702,1,4.84705466372461,892,1,5.81599998474121,34.875,0.0280349999666214,0,143.134506225586,-88.6683,26.603,11.9211003361411,63,63,63,63,61,63,0,7816,1.08413155380343,27,-89,0.001869,51,2025-08-16 07:40:08.000809,892,1.037,0.0011,"aoml_navis",1031.55428335068
"7901009",79,0,1,0.031773,1,0.009345,1,148.601961941938,1,4.84701074429184,894,1,5.81400012969971,34.875,0.0317730009555817,0,143.296401977539,-88.6683,26.603,11.9211003361411,63,63,63,63,61,63,0,7816,1.08413155380343,27,-89,0.001869,51,2025-08-16 07:40:08.000809,894,1.037,0.0011,"aoml_navis",1031.56363040629
"7901009",79,0,1,0.026166,1,0.003738,1,148.732935094739,1,4.84696751298232,896,1,5.81300020217896,34.875,0.0261659994721413,0,143.422698974609,-88.6683,26.603,11.9211003361411,63,63,63,63,61,63,0,7816,1.08413155380343,27,-89,0.001869,51,2025-08-16 07:40:08.000809,896,1.037,0.0011,"aoml_navis",1031.57283117904
"7901009",79,0,1,0.028035,1,0.005607,1,148.970718538878,1,4.84692291097493,898,1,5.80999994277954,34.875,0.0280349999666214,0,143.651992797852,-88.6683,26.603,11.9211003361411,63,63,63,63,61,63,0,7816,1.08413155380343,27,-89,0.001869,51,2025-08-16 07:40:08.000809,898,1.037,0.0011,"aoml_navis",1031.58232384478
"7901009",79,0,1,0.031773,1,0.009345,1,149.250719739653,1,4.84687762485322,900,1,5.80600023269653,34.875,0.0317730009555817,0,143.921997070312,-88.6683,26.603,11.9211003361411,63,63,63,63,61,63,0,7816,1.08413155380343,27,-89,0.001869,51,2025-08-16 07:40:08.000809,900,1.037,0.0011,"aoml_navis",1031.59196228962
"7901009",79,0,1,0.028035,1,0.005607,1,149.54368058911,1,4.8468282233751,902,1,5.7960000038147,34.875,0.0280349999666214,0,144.204498291016,-88.6683,26.603,11.9211003361411,63,63,63,63,61,63,0,7816,1.08413155380343,27,-89,0.001869,51,2025-08-16 07:40:08.000809,902,1.037,0.0011,"aoml_navis",1031.60247682932
"7901009",79,0,1,0.026166,1,0.003738,1,149.932770700772,1,4.8467682882165,904,1,5.77600002288818,34.8759994506836,0.0261659994721413,0,144.579696655273,-88.6683,26.603,11.9211003361411,63,63,63,63,61,63,0,7816,1.08413155380343,27,-89,0.001869,51,2025-08-16 07:40:08.000809,904,1.037,0.0011,"aoml_navis",1031.61523363022
"7901009",79,0,1,0.028035,1,0.005607,1,150.141834044351,1,4.84671042083746,906,1,5.75899982452393,34.8769989013672,0.0280349999666214,0,144.781295776367,-88.6683,26.603,11.9211003361411,63,63,63,63,61,63,0,7816,1.08413155380343,27,-89,0.001869,51,2025-08-16 07:40:08.000809,906,1.037,0.0011,"aoml_navis",1031.62755061732
"7901009",79,0,1,0.028035,1,0.005607,1,150.30143235523,1,4.8466624042075,908,1,5.75099992752075,34.8769989013672,0.0280349999666214,0,144.935195922852,-88.6683,26.603,11.9211003361411,63,63,63,63,61,63,0,7816,1.08413155380343,27,-89,0.001869,51,2025-08-16 07:40:08.000809,908,1.037,0.0011,"aoml_navis",1031.63777111015
"7901009",79,0,1,0.026166,1,0.003738,1,150.417689423447,1,4.84661507428731,910,1,5.74399995803833,34.8769989013672,0.0261659994721413,0,145.047302246094,-88.6683,26.603,11.9211003361411,63,63,63,63,61,63,0,7816,1.08413155380343,27,-89,0.001869,51,2025-08-16 07:40:08.000809,910,1.037,0.0011,"aoml_navis",1031.64784563281
"7901009",79,0,1,0.026166,1,0.003738,1,150.511334357393,1,4.84656843061722,912,1,5.73799991607666,34.8769989013672,0.0261659994721413,0,145.137603759766,-88.6683,26.603,11.9211003361411,63,63,63,63,61,63,0,7816,1.08413155380343,27,-89,0.001869,51,2025-08-16 07:40:08.000809,912,1.037,0.0011,"aoml_navis",1031.65777427458
"7901009",79,0,1,0.033642,1,0.011214,1,150.674667072533,1,4.84652665167205,913.900024414062,1,5.73600006103516,34.8769989013672,0.0336420014500618,0,145.295104980469,-88.6683,26.603,11.9211003361411,63,63,63,63,61,63,0,7816,1.08413155380343,27,-89,0.001869,51,2025-08-16 07:40:08.000809,913.900024414062,1.037,0.0011,"aoml_navis",1031.66666756594
"7901009",79,0,1,0.029904,1,0.007476,1,150.869520691428,1,4.84647925343068,916,1,5.73199987411499,34.8769989013672,0.0299040004611015,0,145.483001708984,-88.6683,26.603,11.9211003361411,63,63,63,63,61,63,0,7816,1.08413155380343,27,-89,0.001869,51,2025-08-16 07:40:08.000809,916,1.037,0.0011,"aoml_navis",1031.67675719661
"7901009",79,0,1,0.029904,1,0.007476,1,151.173573987437,1,4.84643261508719,918,1,5.72599983215332,34.8769989013672,0.0299040004611015,0,145.77619934082,-88.6683,26.603,11.9211003361411,63,63,63,63,61,63,0,7816,1.08413155380343,27,-89,0.001869,51,2025-08-16 07:40:08.000809,918,1.037,0.0011,"aoml_navis",1031.68668526098
"7901009",79,0,1,0.029904,1,0.007476,1,151.484478965839,1,4.84637614230648,920,1,5.71099996566772,34.8779983520508,0.0299040004611015,0,146.07600402832,-88.6683,26.603,11.9211003361411,63,63,63,63,61,63,0,7816,1.08413155380343,27,-89,0.001869,51,2025-08-16 07:40:08.000809,920,1.037,0.0011,"aoml_navis",1031.69870707155
"7901009",79,0,1,0.031773,1,0.009345,1,151.746741746378,1,4.84632609230589,922,1,5.69999980926514,34.8779983520508,0.0317730009555817,0,146.328903198242,-88.6683,26.603,11.9211003361411,63,63,63,63,61,63,0,7816,1.08413155380343,27,-89,0.001869,51,2025-08-16 07:40:08.000809,922,1.037,0.0011,"aoml_navis",1031.70936184795
"7901009",79,0,1,0.029904,1,0.007476,1,152.021347049472,1,4.84627946141268,924,1,5.69399976730347,34.8779983520508,0.0299040004611015,0,146.593704223633,-88.6683,26.603,11.9211003361411,63,63,63,63,61,63,0,7816,1.08413155380343,27,-89,0.001869,51,2025-08-16 07:40:08.000809,924,1.037,0.0011,"aoml_navis",1031.71928895378
"7901009",79,0,1,0.029904,1,0.007476,1,152.172859425703,1,4.84622299107007,926,1,5.67899990081787,34.8790016174316,0.0299040004611015,0,146.739807128906,-88.6683,26.603,11.9211003361411,63,63,63,63,61,63,0,7816,1.08413155380343,27,-89,0.001869,51,2025-08-16 07:40:08.000809,926,1.037,0.0011,"aoml_navis",1031.73131100515
"7901009",79,0,1,0.028035,1,0.005607,1,152.361067070915,1,4.84617568276798,928,1,5.67199993133545,34.8790016174316,0.0280349999666214,0,146.921295166016,-88.6683,26.603,11.9211003361411,63,63,63,63,61,63,0,7816,1.08413155380343,27,-89,0.001869,51,2025-08-16 07:40:08.000809,928,1.037,0.0011,"aoml_navis",1031.74138275238
"7901009",79,0,1,0.031773,1,0.009345,1,152.4870715672,1,4.84612905890624,930,1,5.66599988937378,34.8790016174316,0.0317730009555817,0,147.04280090332,-88.6683,26.603,11.9211003361411,63,63,63,63,61,63,0,7816,1.08413155380343,27,-89,0.001869,51,2025-08-16 07:40:08.000809,930,1.037,0.0011,"aoml_navis",1031.75130897741
"7901009",79,0,1,0.029904,1,0.007476,1,152.586413050018,1,4.84608311917639,932,1,5.66099977493286,34.8790016174316,0.0299040004611015,0,147.138595581055,-88.6683,26.603,11.9211003361411,63,63,63,63,61,63,0,7816,1.08413155380343,27,-89,0.001869,51,2025-08-16 07:40:08.000809,932,1.037,0.0011,"aoml_navis",1031.76108973751
"7901009",79,0,1,0.028035,1,0.005607,1,152.74518852606,1,4.84603718159266,934,1,5.6560001373291,34.8790016174316,0.0280349999666214,0,147.291702270508,-88.6683,26.603,11.9211003361411,63,63,63,63,61,63,0,7816,1.08413155380343,27,-89,0.001869,51,2025-08-16 07:40:08.000809,934,1.037,0.0011,"aoml_navis",1031.77087022612
"7901009",79,0,1,0.029904,1,0.007476,1,152.95425186964,1,4.84598851727779,936,1,5.64699983596802,34.8790016174316,0.0299040004611015,0,147.493301391602,-88.6683,26.603,11.9211003361411,63,63,63,63,61,63,0,7816,1.08413155380343,27,-89,0.001869,51,2025-08-16 07:40:08.000809,936,1.037,0.0011,"aoml_navis",1031.78123146043
"7901009",79,0,1,0.029904,1,0.007476,1,153.153773493859,1,4.84594258354459,938,1,5.64200019836426,34.8790016174316,0.0299040004611015,0,147.685699462891,-88.6683,26.603,11.9211003361411,63,63,63,63,61,63,0,7816,1.08413155380343,27,-89,0.001869,51,2025-08-16 07:40:08.000809,938,1.037,0.0011,"aoml_navis",1031.79101151106
"7901009",79,0,1,0.028035,1,0.005607,1,153.367394076536,1,4.84589733310103,940,1,5.63800001144409,34.8790016174316,0.0280349999666214,0,147.891693115234,-88.6683,26.603,11.9211003361411,63,63,63,63,61,63,0,7816,1.08413155380343,27,-89,0.001869,51,2025-08-16 07:40:08.000809,940,1.037,0.0011,"aoml_navis",1031.80064625933
"7901009",79,0,1,0.028035,1,0.005607,1,153.642521563276,1,4.84584294894794,942,1,5.62599992752075,34.8800010681152,0.0280349999666214,0,148.156997680664,-88.6683,26.603,11.9211003361411,63,63,63,63,61,63,0,7816,1.08413155380343,27,-89,0.001869,51,2025-08-16 07:40:08.000809,942,1.037,0.0011,"aoml_navis",1031.81222599992
"7901009",79,0,1,0.028035,1,0.005607,1,153.734710712511,1,4.84579293305921,944,1,5.61499977111816,34.8800010681152,0.0280349999666214,0,148.245895385742,-88.6683,26.603,11.9211003361411,63,63,63,63,61,63,0,7816,1.08413155380343,27,-89,0.001869,51,2025-08-16 07:40:08.000809,944,1.037,0.0011,"aoml_navis",1031.82287585769
"7901009",79,0,1,0.031773,1,0.009345,1,153.792372446087,1,4.84574905060821,946,1,5.61299991607666,34.8800010681152,0.0317730009555817,0,148.301498413086,-88.6683,26.603,11.9211003361411,63,63,63,63,61,63,0,7816,1.08413155380343,27,-89,0.001869,51,2025-08-16 07:40:08.000809,946,1.037,0.0011,"aoml_navis",1031.83221990673
"7901009",79,0,1,0.03738,1,0.014952,1,153.823386989942,1,4.84570653275285,948,1,5.61299991607666,34.8800010681152,0.0373799987137318,0,148.331405639648,-88.6683,26.603,11.9211003361411,63,63,63,63,61,63,0,7816,1.08413155380343,27,-89,0.001869,51,2025-08-16 07:40:08.000809,948,1.037,0.0011,"aoml_navis",1031.84127354892
"7901009",79,0,1,0.031773,1,0.009345,1,153.87326344006,1,4.84566265440226,950,1,5.61100006103516,34.8800010681152,0.0317730009555817,0,148.379501342773,-88.6683,26.603,11.9211003361411,63,63,63,63,61,63,0,7816,1.08413155380343,27,-89,0.001869,51,2025-08-16 07:40:08.000809,950,1.037,0.0011,"aoml_navis",1031.85061705803
"7901009",79,0,1,0.028035,1,0.005607,1,153.995011348439,1,4.84561741464661,952,1,5.60699987411499,34.8800010681152,0.0280349999666214,0,148.49690246582,-88.6683,26.603,11.9211003361411,63,63,63,63,61,63,0,7816,1.08413155380343,27,-89,0.001869,51,2025-08-16 07:40:08.000809,952,1.037,0.0011,"aoml_navis",1031.86025064355
"7901009",79,0,1,0.033642,1,0.011214,1,154.138421966276,1,4.84557217697801,954,1,5.60300016403198,34.8800010681152,0.0336420014500618,0,148.635192871094,-88.6683,26.603,11.9211003361411,63,63,63,63,61,63,0,7816,1.08413155380343,27,-89,0.001869,51,2025-08-16 07:40:08.000809,954,1.037,0.0011,"aoml_navis",1031.86988396452
"7901009",79,0,1,0.029904,1,0.007476,1,154.393326704522,1,4.84552762223289,956,1,5.59999990463257,34.8800010681152,0.0299040004611015,0,148.880996704102,-88.6683,26.603,11.9211003361411,63,63,63,63,61,63,0,7816,1.08413155380343,27,-89,0.001869,51,2025-08-16 07:40:08.000809,956,1.037,0.0011,"aoml_navis",1031.87937203337
"7901009",79,0,1,0.028035,1,0.005607,1,154.57428707367,1,4.84547121228862,958,1,5.58500003814697,34.8810005187988,0.0280349999666214,0,149.05549621582,-88.6683,26.603,11.9211003361411,63,63,63,63,61,63,0,7816,1.08413155380343,27,-89,0.001869,51,2025-08-16 07:40:08.000809,958,1.037,0.0011,"aoml_navis",1031.89138495333
"7901009",79,0,1,0.029904,1,0.007476,1,154.709627580605,1,4.84542257547453,960,1,5.57600021362305,34.8810005187988,0.0299040004611015,0,149.186004638672,-88.6683,26.603,11.9211003361411,63,63,63,63,61,63,0,7816,1.08413155380343,27,-89,0.001869,51,2025-08-16 07:40:08.000809,960,1.037,0.0011,"aoml_navis",1031.90174275158
"7901009",79,0,1,0.028035,1,0.005607,1,154.828463919561,1,4.84537870618395,962,1,5.57399988174438,34.8810005187988,0.0280349999666214,0,149.300598144531,-88.6683,26.603,11.9211003361411,63,63,63,63,61,63,0,7816,1.08413155380343,27,-89,0.001869,51,2025-08-16 07:40:08.000809,962,1.037,0.0011,"aoml_navis",1031.91108542635
"7901009",79,0,1,0.029904,1,0.007476,1,155.072070502546,1,4.8453334774405,964,1,5.57000017166138,34.8810005187988,0.0299040004611015,0,149.535507202148,-88.6683,26.603,11.9211003361411,63,63,63,63,61,63,0,7816,1.08413155380343,27,-89,0.001869,51,2025-08-16 07:40:08.000809,964,1.037,0.0011,"aoml_navis",1031.92071779571
"7901009",79,0,1,0.029904,1,0.007476,1,155.29398272858,1,4.84527776285091,966,1,5.55600023269653,34.8819999694824,0.0299040004611015,0,149.749496459961,-88.6683,26.603,11.9211003361411,63,63,63,63,61,63,0,7816,1.08413155380343,27,-89,0.001869,51,2025-08-16 07:40:08.000809,966,1.037,0.0011,"aoml_navis",1031.93258358383
"7901009",79,0,1,0.031773,1,0.009345,1,155.48209543131,1,4.84522981620275,968,1,5.5479998588562,34.8819999694824,0.0317730009555817,0,149.930892944336,-88.6683,26.603,11.9211003361411,63,63,63,63,61,63,0,7816,1.08413155380343,27,-89,0.001869,51,2025-08-16 07:40:08.000809,968,1.037,0.0011,"aoml_navis",1031.94279521679
"7901009",79,0,1,0.029904,1,0.007476,1,155.712742365613,1,4.84518255239785,970,1,5.54099988937378,34.8819999694824,0.0299040004611015,0,150.153305053711,-88.6683,26.603,11.9211003361411,63,63,63,63,61,63,0,7816,1.08413155380343,27,-89,0.001869,51,2025-08-16 07:40:08.000809,970,1.037,0.0011,"aoml_navis",1031.95286161623
"7901009",79,0,1,0.026166,1,0.003738,1,155.89794349892,1,4.84513393127514,972,1,5.53200006484985,34.8819999694824,0.0261659994721413,0,150.331893920898,-88.6683,26.603,11.9211003361411,63,63,63,63,61,63,0,7816,1.08413155380343,27,-89,0.001869,51,2025-08-16 07:40:08.000809,972,1.037,0.0011,"aoml_navis",1031.96321730659
"7901009",79,0,1,0.031773,1,0.009345,1,156.090629264494,1,4.84508599266973,974,1,5.52400016784668,34.8819999694824,0.0317730009555817,0,150.517700195312,-88.6683,26.603,11.9211003361411,63,63,63,63,61,63,0,7816,1.08413155380343,27,-89,0.001869,51,2025-08-16 07:40:08.000809,974,1.037,0.0011,"aoml_navis",1031.97342783279
"7901009",79,0,1,0.028035,1,0.005607,1,156.348841165836,1,4.84503573431281,976,1,5.51800012588501,34.882999420166,0.0280349999666214,0,150.766693115234,-88.6683,26.603,11.9211003361411,63,63,63,63,61,63,0,7816,1.08413155380343,27,-89,0.001869,51,2025-08-16 07:40:08.000809,976,1.037,0.0011,"aoml_navis",1031.98413266382
"7901009",79,0,1,0.029904,1,0.007476,1,156.523693568693,1,4.84498847974548,978,1,5.51100015640259,34.882999420166,0.0299040004611015,0,150.935302734375,-88.6683,26.603,11.9211003361411,63,63,63,63,61,63,0,7816,1.08413155380343,27,-89,0.001869,51,2025-08-16 07:40:08.000809,978,1.037,0.0011,"aoml_navis",1031.99419790213
"7901009",79,0,1,0.033642,1,0.011214,1,160.64897602387,1,4.84445597711009,1000,1,5.42589998245239,34.8849983215332,0.0336420014500618,0,154.913299560547,-88.6683,26.603,11.9211003361411,63,63,63,63,61,63,0,7816,1.08413155380343,27,-89,0.001869,51,2025-08-16 07:40:08.000809,1000,1.037,0.0011,"aoml_navis",1032.10763471169
"7901009",79,0,1,0.029904,1,0.007476,1,166.610525183986,1,4.84322743920989,1049.90002441406,1,5.21390008926392,34.8919982910156,0.0299040004611015,0,160.662002563477,-88.6683,26.603,11.9211003361411,63,63,63,63,61,63,0,7816,1.08413155380343,27,-89,0.001869,51,2025-08-16 07:40:08.000809,1049.90002441406,1.037,0.0011,"aoml_navis",1032.36944016317
"7901009",79,0,1,0.026166,1,0.003738,1,172.866585920752,1,4.84203875650681,1099,1,5.02810001373291,34.8979988098145,0.0261659994721413,0,166.694702148438,-88.6683,26.603,11.9211003361411,63,63,63,63,61,63,0,7816,1.08413155380343,27,-89,0.001869,51,2025-08-16 07:40:08.000809,1099,1.037,0.0011,"aoml_navis",1032.62287879892
"7901009",79,0,1,0.029904,1,0.007476,1,178.580066201267,1,4.84082727592157,1149.80004882812,1,4.86009979248047,34.9039993286133,0.0299040004611015,0,172.204193115234,-88.6683,26.603,11.9211003361411,63,63,63,63,61,63,0,7816,1.08413155380343,27,-89,0.001869,51,2025-08-16 07:40:08.000809,1149.80004882812,1.037,0.0011,"aoml_navis",1032.88130623254
"7901009",79,0,1,0.028035,1,0.005607,1,183.933603711846,1,4.83965530033541,1199.69995117188,1,4.71540021896362,34.9090003967285,0.0280349999666214,0,177.366592407227,-88.6683,26.603,11.9211003361411,63,63,63,63,61,63,0,7816,1.08413155380343,27,-89,0.001869,51,2025-08-16 07:40:08.000809,1199.69995117188,1.037,0.0011,"aoml_navis",1033.13142976391
"7901009",79,0,1,0.028035,1,0.005607,1,188.676550302148,1,4.83849781389894,1249.19995117188,1,4.58360004425049,34.9150009155273,0.0280349999666214,0,181.940200805664,-88.6683,26.603,11.9211003361411,63,63,63,63,61,63,0,7816,1.08413155380343,27,-89,0.001869,51,2025-08-16 07:40:08.000809,1249.19995117188,1.037,0.0011,"aoml_navis",1033.37857994627
"7901009",79,0,1,0.022428,1,0,1,191.991609446601,1,4.83737624312953,1299.40002441406,1,4.51020002365112,34.9179992675781,0.0224280003458261,0,185.136901855469,-88.6683,26.603,11.9211003361411,63,63,63,63,61,63,0,7816,1.08413155380343,27,-89,0.001869,51,2025-08-16 07:40:08.000809,1299.40002441406,1.037,0.0011,"aoml_navis",1033.6181741293
"7901009",79,0,1,0.031773,1,0.009345,1,194.423845929713,1,4.83625705030491,1350.09997558594,1,4.45459985733032,34.9210014343262,0.0317730009555817,0,187.482299804688,-88.6683,26.603,11.9211003361411,63,63,63,63,61,63,0,7816,1.08413155380343,27,-89,0.001869,51,2025-08-16 07:40:08.000809,1350.09997558594,1.037,0.0011,"aoml_navis",1033.85737110164
"7901009",79,0,1,0.020559,1,-0.001869,1,196.680517941359,1,4.83516657937425,1399.80004882812,1,4.40310001373291,34.9230003356934,0.020558999851346,0,189.658401489258,-88.6683,26.603,11.9211003361411,63,63,63,63,61,63,0,7816,1.08413155380343,27,-89,0.001869,51,2025-08-16 07:40:08.000809,1399.80004882812,1.037,0.0011,"aoml_navis",1034.09053605907
"7901009",79,0,1,0.024297,1,0.001869,1,198.208569704863,1,4.83409503726935,1449.30004882812,1,4.3717999458313,34.9249992370605,0.0242970008403063,0,191.131896972656,-88.6683,26.603,11.9211003361411,63,63,63,63,61,63,0,7816,1.08413155380343,27,-89,0.001869,51,2025-08-16 07:40:08.000809,1449.30004882812,1.037,0.0011,"aoml_navis",1034.31975611807
"7901009",79,0,1,0.029904,1,0.007476,1,199.295376287039,1,4.83303158609156,1499,1,4.35139989852905,34.9259986877441,0.0299040004611015,0,192.179901123047,-88.6683,26.603,11.9211003361411,63,63,63,63,61,63,0,7816,1.08413155380343,27,-89,0.001869,51,2025-08-16 07:40:08.000809,1499,1.037,0.0011,"aoml_navis",1034.54734589133
"7901009",79,0,1,0.033642,1,0.011214,1,200.268615837966,1,4.83194573837698,1550.09997558594,1,4.33930015563965,34.9269981384277,0.0336420014500618,0,193.118392944336,-88.6683,26.603,11.9211003361411,63,63,63,63,61,63,0,7816,1.08413155380343,27,-89,0.001869,51,2025-08-16 07:40:08.000809,1550.09997558594,1.037,0.0011,"aoml_navis",1034.77983212607
"7901009",79,0,1,0.029904,1,0.007476,1,201.131848700688,1,4.83089517900377,1599.80004882812,1,4.32829999923706,34.9269981384277,0.0299040004611015,0,193.950805664062,-88.6683,26.603,11.9211003361411,63,63,63,63,61,63,0,7816,1.08413155380343,27,-89,0.001869,51,2025-08-16 07:40:08.000809,1599.80004882812,1.037,0.0011,"aoml_navis",1035.00486239718
"7901009",79,0,1,0.026166,1,0.003738,1,201.644237447921,1,4.82985126009472,1649.09997558594,1,4.31799983978271,34.9280014038086,0.0261659994721413,0,194.444900512695,-88.6683,26.603,11.9211003361411,63,63,63,63,61,63,0,7816,1.08413155380343,27,-89,0.001869,51,2025-08-16 07:40:08.000809,1649.09997558594,1.037,0.0011,"aoml_navis",1035.22856724618
"7901009",79,0,1,0.031773,1,0.009345,1,202.296840416123,1,4.8288046712939,1698.90002441406,1,4.31160020828247,34.9280014038086,0.0317730009555817,0,195.074203491211,-88.6683,26.603,11.9211003361411,63,63,63,63,61,63,0,7816,1.08413155380343,27,-89,0.001869,51,2025-08-16 07:40:08.000809,1698.90002441406,1.037,0.0011,"aoml_navis",1035.45294133014
"7901009",79,0,1,0.026166,1,0.003738,1,202.725236714997,1,4.82774430204982,1749.30004882812,1,4.30649995803833,34.9290008544922,0.0261659994721413,0,195.4873046875,-88.6683,26.603,11.9211003361411,63,63,63,63,61,63,0,7816,1.08413155380343,27,-89,0.001869,51,2025-08-16 07:40:08.000809,1749.30004882812,1.037,0.0011,"aoml_navis",1035.68036896176
"7901009",79,0,1,0.028035,1,0.005607,1,203.048990575853,1,4.82670835889993,1798.69995117188,1,4.30429983139038,34.9300003051758,0.0280349999666214,0,195.799499511719,-88.6683,26.603,11.9211003361411,63,63,63,63,61,63,0,7816,1.08413155380343,27,-89,0.001869,51,2025-08-16 07:40:08.000809,1798.69995117188,1.037,0.0011,"aoml_navis",1035.90265419301
"7901009",79,0,1,0.028035,1,0.005607,1,203.451878994781,1,4.8256508363296,1849.40002441406,1,4.30259990692139,34.9300003051758,0.0280349999666214,0,196.188003540039,-88.6683,26.603,11.9211003361411,63,63,63,63,61,63,0,7816,1.08413155380343,27,-89,0.001869,51,2025-08-16 07:40:08.000809,1849.40002441406,1.037,0.0011,"aoml_navis",1036.12966822171
"7901009",79,0,1,0.028035,1,0.005607,1,203.726895715293,1,4.82461761582381,1899,1,4.30070018768311,34.9300003051758,0.0280349999666214,0,196.453201293945,-88.6683,26.603,11.9211003361411,63,63,63,63,61,63,0,7816,1.08413155380343,27,-89,0.001869,51,2025-08-16 07:40:08.000809,1899,1.037,0.0011,"aoml_navis",1036.35156154158
"7901009",79,0,1,0.028035,1,0.005607,1,204.095763078461,1,4.8235928400539,1948.30004882812,1,4.29979991912842,34.9300003051758,0.0280349999666214,0,196.808898925781,-88.6683,26.603,11.9211003361411,63,63,63,63,61,63,0,7816,1.08413155380343,27,-89,0.001869,51,2025-08-16 07:40:08.000809,1948.30004882812,1.037,0.0011,"aoml_navis",1036.57173517658
"7901009",79,0,1,0.029904,1,0.007476,1,204.272166208511,1,4.82257065304939,1997.40002441406,1,4.2996997833252,34.9309997558594,0.0299040004611015,0,196.97900390625,-88.6683,26.603,11.9211003361411,63,63,63,63,61,63,0,7816,1.08413155380343,27,-89,0.001869,51,2025-08-16 07:40:08.000809,1997.40002441406,1.037,0.0011,"aoml_navis",1036.79144583157
"7901009",80,0.0619497715518118,5,0.078498,1,0.05607,1,189.121588370778,1,4.88980544710685,2.20000004768372,1,30.7770004272461,36.4249992370605,0.0784979984164238,0.0691273733973503,182.369293212891,-88.045,26.519,41.7210744760169,63,63,63,63,61,63,0.069153,7817,1.11627530284214,27,-88,0.001869,51,2025-08-26 14:06:26.001511,2.20000004768372,1.037,0.0011,"aoml_navis",1022.53556999049
"7901009",80,0.0619497715518118,5,0.076629,1,0.054201,1,189.167224070849,1,4.88977213110214,4,1,30.7789993286133,36.4249992370605,0.0766289979219437,0.0691273733973503,182.413299560547,-88.045,26.519,41.7210744760169,63,63,63,63,61,63,0.069153,7817,1.11627530284214,27,-88,0.001869,51,2025-08-26 14:06:26.001511,4,1.037,0.0011,"aoml_navis",1022.54253694088
"7901009",80,0.0619497715518118,5,0.078498,1,0.05607,1,189.08623810935,1,4.88973141211206,6,1,30.7789993286133,36.4249992370605,0.0784979984164238,0.0691273733973503,182.335205078125,-88.045,26.519,41.7210744760169,63,63,63,63,61,63,0.069153,7817,1.11627530284214,27,-88,0.001869,51,2025-08-26 14:06:26.001511,6,1.037,0.0011,"aoml_navis",1022.55105211194
"7901009",80,0.0619497715518118,5,0.082236,1,0.059808,1,189.064243094406,1,4.88969069545125,8,1,30.7789993286133,36.4249992370605,0.0822359994053841,0.0691273733973503,182.313995361328,-88.045,26.519,41.7210744760169,63,63,63,63,61,63,0.069153,7817,1.11627530284214,27,-88,0.001869,51,2025-08-26 14:06:26.001511,8,1.037,0.0011,"aoml_navis",1022.55956693771
"7901009",80,0.0619497715518118,5,0.104664,1,0.082236,1,189.122743504656,1,4.88964639950087,10,1,30.7789993286133,36.4259986877441,0.104663997888565,0.0691273733973503,182.370407104492,-88.045,26.519,41.7210744760169,63,63,63,63,61,63,0.069153,7817,1.11627530284214,27,-88,0.001869,51,2025-08-26 14:06:26.001511,10,1.037,0.0011,"aoml_navis",1022.56883043944
"7901009",80,0.0619497715518118,5,0.080367,1,0.057939,1,189.128756530324,1,4.88960735756531,12,1,30.7800006866455,36.4259986877441,0.0803669989109039,0.0691273733973503,182.376205444336,-88.045,26.519,41.7210744760169,63,63,63,63,61,63,0.069153,7817,1.11627530284214,27,-88,0.001869,51,2025-08-26 14:06:26.001511,12,1.037,0.0011,"aoml_navis",1022.57699532129
"7901009",80,0.0619497715518118,5,0.076629,1,0.054201,1,189.070477652599,1,4.88956664803587,14,1,30.7800006866455,36.4259986877441,0.0766289979219437,0.0691273733973503,182.320007324219,-88.045,26.519,41.7210744760169,63,63,63,63,61,63,0.069153,7817,1.11627530284214,27,-88,0.001869,51,2025-08-26 14:06:26.001511,14,1.037,0.0011,"aoml_navis",1022.5855090877
"7901009",80,0.0619497715518118,5,0.076629,1,0.054201,1,189.030332794389,1,4.8895276077252,16,1,30.7810001373291,36.4259986877441,0.0766289979219437,0.0691273733973503,182.281295776367,-88.045,26.519,41.7210744760169,63,63,63,63,61,63,0.069153,7817,1.11627530284214,27,-88,0.001869,51,2025-08-26 14:06:26.001511,16,1.037,0.0011,"aoml_navis",1022.59367389608
"7901009",80,0.0619497715518118,5,0.080367,1,0.057939,1,188.971326024082,1,4.88948856985344,18,1,30.7819995880127,36.4259986877441,0.0803669989109039,0.0691273733973503,182.224395751953,-88.045,26.519,41.7210744760169,63,63,63,63,61,63,0.069153,7817,1.11627530284214,27,-88,0.001869,51,2025-08-26 14:06:26.001511,18,1.037,0.0011,"aoml_navis",1022.60183832475
"7901009",80,0.0619497715518118,5,0.076629,1,0.054201,1,188.990520234965,1,4.88944786738432,20,1,30.7819995880127,36.4259986877441,0.0766289979219437,0.0691273733973503,182.242904663086,-88.045,26.519,41.7210744760169,63,63,63,63,61,63,0.069153,7817,1.11627530284214,27,-88,0.001869,51,2025-08-26 14:06:26.001511,20,1.037,0.0011,"aoml_navis",1022.61035102821
"7901009",80,0.0619497715518118,5,0.076629,1,0.054201,1,188.88940646123,1,4.88940716724296,22,1,30.7819995880127,36.4259986877441,0.0766289979219437,0.0691273733973503,182.145401000977,-88.045,26.519,41.7210744760169,63,63,63,63,61,63,0.069153,7817,1.11627530284214,27,-88,0.001869,51,2025-08-26 14:06:26.001511,22,1.037,0.0011,"aoml_navis",1022.61886338654
"7901009",80,0.0619497715518118,5,0.078498,1,0.05607,1,188.913458563903,1,4.88936813972244,24,1,30.7830009460449,36.4259986877441,0.0784979984164238,0.0691273733973503,182.168594360352,-88.045,26.519,41.7210744760169,63,63,63,63,61,63,0.069153,7817,1.11627530284214,27,-88,0.001869,51,2025-08-26 14:06:26.001511,24,1.037,0.0011,"aoml_navis",1022.62702605246
"7901009",80,0.0619497715518118,5,0.076629,1,0.054201,1,188.865560067331,1,4.88932744427389,26,1,30.7830009460449,36.4259986877441,0.0766289979219437,0.0691273733973503,182.122406005859,-88.045,26.519,41.7210744760169,63,63,63,63,61,63,0.069153,7817,1.11627530284214,27,-88,0.001869,51,2025-08-26 14:06:26.001511,26,1.037,0.0011,"aoml_navis",1022.63553770687
"7901009",80,0.0619497715518118,5,0.080367,1,0.057939,1,188.716120555726,1,4.88928675115244,28,1,30.7830009460449,36.4259986877441,0.0803669989109039,0.0691273733973503,181.978302001953,-88.045,26.519,41.7210744760169,63,63,63,63,61,63,0.069153,7817,1.11627530284214,27,-88,0.001869,51,2025-08-26 14:06:26.001511,28,1.037,0.0011,"aoml_navis",1022.64404901624
"7901009",80,0.0619497715518118,5,0.080367,1,0.057939,1,188.648505664464,1,4.88924976210855,29.8999996185303,1,30.7840003967285,36.4259986877441,0.0803669989109039,0.0691273733973503,181.913101196289,-88.045,26.519,41.7210744760169,63,63,63,63,61,63,0.069153,7817,1.11627530284214,27,-88,0.001869,51,2025-08-26 14:06:26.001511,29.8999996185303,1.037,0.0011,"aoml_navis",1022.65178570949
"7901009",80,0.0619497715518118,5,0.080367,1,0.057939,1,188.491185924484,1,4.8892070391882,32,1,30.7840003967285,36.4259986877441,0.0803669989109039,0.0691273733973503,181.76139831543,-88.045,26.519,41.7210744760169,63,63,63,63,61,63,0.069153,7817,1.11627530284214,27,-88,0.001869,51,2025-08-26 14:06:26.001511,32,1.037,0.0011,"aoml_navis",1022.66072185607
"7901009",80,0.0619497715518118,5,0.082236,1,0.059808,1,188.351493843963,1,4.88916635308466,34,1,30.7840003967285,36.4259986877441,0.0822359994053841,0.0691273733973503,181.626693725586,-88.045,26.519,41.7210744760169,63,63,63,63,61,63,0.069153,7817,1.11627530284214,27,-88,0.001869,51,2025-08-26 14:06:26.001511,34,1.037,0.0011,"aoml_navis",1022.66923211672
"7901009",80,0.0619497715518118,5,0.076629,1,0.054201,1,188.248623633783,1,4.88912566930737,36,1,30.7840003967285,36.4259986877441,0.0766289979219437,0.0635460019111633,181.527496337891,-88.045,26.519,41.7210744760169,63,63,63,63,61,63,0.069153,7817,1.11627530284214,27,-88,0.001869,51,2025-08-26 14:06:26.001511,36,1.037,0.0011,"aoml_navis",1022.67774203242
"7901009",80,0.0619497715518118,5,0.084105,1,0.061677,1,188.161513880354,1,4.88908164988573,38,1,30.7819995880127,36.4259986877441,0.0841049998998642,0.0710219964385033,181.443496704102,-88.045,26.519,41.7210744760169,63,63,63,63,61,63,0.069153,7817,1.11627530284214,27,-88,0.001869,51,2025-08-26 14:06:26.001511,38,1.037,0.0011,"aoml_navis",1022.68694983175
"7901009",80,0.0619497715518118,5,0.091581,1,0.069153,1,188.38665422037,1,4.8890428833158,40,1,30.7810001373291,36.4249992370605,0.0915810018777847,0.0784979984164238,181.660598754883,-88.045,26.519,41.7210744760169,63,63,63,63,61,63,0.069153,7817,1.11627530284214,27,-88,0.001869,51,2025-08-26 14:06:26.001511,40,1.037,0.0011,"aoml_navis",1022.69505899873
"7901009",80,0.0669727260019587,1,0.097188,1,0.07476,1,190.486007189878,1,4.88896156123664,42,1,30.7329998016357,36.4140014648438,0.0971880033612251,0.0841049998998642,183.684997558594,-88.045,26.519,41.7210744760169,63,63,63,63,61,63,0.07476,7817,1.11627530284214,27,-88,0.001869,51,2025-08-26 14:06:26.001511,42,1.037,0.0011,"aoml_navis",1022.71207031852
"7901009",80,0.0786929530523015,1,0.110271,1,0.087843,1,194.329533196932,1,4.88842103613233,44,1,30.326000213623,36.3650016784668,0.110270999372005,0.0971880033612251,187.391296386719,-88.045,26.519,41.7210744760169,63,63,63,63,61,63,0.087843,7817,1.11627530284214,27,-88,0.001869,51,2025-08-26 14:06:26.001511,44,1.037,0.0011,"aoml_navis",1022.82515418434
"7901009",80,0.0820415893523994,1,0.114009,1,0.091581,1,195.579261463289,1,4.88797883397056,46,1,30.0300006866455,36.3409996032715,0.114009000360966,0.100925996899605,188.596405029297,-88.045,26.519,41.7210744760169,63,63,63,63,61,63,0.091581,7817,1.11627530284214,27,-88,0.001869,51,2025-08-26 14:06:26.001511,46,1.037,0.0011,"aoml_navis",1022.91768639645
"7901009",80,0.0770186349022525,1,0.108402,1,0.085974,1,196.121414846028,1,4.88767246773185,48,1,29.8460006713867,36.3310012817383,0.108401998877525,0.095319002866745,189.119201660156,-88.045,26.519,41.7210744760169,63,63,63,63,61,63,0.085974,7817,1.11627530284214,27,-88,0.001869,51,2025-08-26 14:06:26.001511,48,1.037,0.0011,"aoml_navis",1022.98180432706
"7901009",80,0.0853902256524974,1,0.117747,1,0.095319,1,197.058671486416,1,4.88750783365941,50,1,29.746000289917,36.3199996948242,0.117747001349926,0.104663997888565,190.022994995117,-88.045,26.519,41.7210744760169,63,63,63,63,61,63,0.095319,7817,1.11627530284214,27,-88,0.001869,51,2025-08-26 14:06:26.001511,50,1.037,0.0011,"aoml_navis",1023.01626312819
"7901009",80,0.0770186349022525,1,0.108402,1,0.085974,1,198.385762075119,1,4.88738686476969,52,1,29.6770000457764,36.3110008239746,0.108401998877525,0.095319002866745,191.302703857422,-88.045,26.519,41.7210744760169,63,63,63,63,61,63,0.085974,7817,1.11627530284214,27,-88,0.001869,51,2025-08-26 14:06:26.001511,52,1.037,0.0011,"aoml_navis",1023.04158405017
"7901009",80,0.0803672712023505,1,0.11214,1,0.089712,1,199.095077571431,1,4.88729700722343,54,1,29.6159992218018,36.2970008850098,0.112139999866486,0.0990569964051247,191.986694335938,-88.045,26.519,41.7210744760169,63,63,63,63,61,63,0.089712,7817,1.11627530284214,27,-88,0.001869,51,2025-08-26 14:06:26.001511,54,1.037,0.0011,"aoml_navis",1023.06039363067
"7901009",80,0.0803672712023505,1,0.11214,1,0.089712,1,198.930605495657,1,4.88713643284221,56,1,29.5179996490479,36.2859992980957,0.112139999866486,0.0990569964051247,191.828094482422,-88.045,26.519,41.7210744760169,63,63,63,63,61,63,0.089712,7817,1.11627530284214,27,-88,0.001869,51,2025-08-26 14:06:26.001511,56,1.037,0.0011,"aoml_navis",1023.09400785281
"7901009",80,0.0904131801026443,1,0.123354,1,0.100926,1,198.005992032923,1,4.8868919705982,58,1,29.3990001678467,36.2890014648438,0.123354002833366,0.110270999372005,190.936492919922,-88.045,26.519,41.7210744760169,63,63,63,63,61,63,0.100926,7817,1.11627530284214,27,-88,0.001869,51,2025-08-26 14:06:26.001511,58,1.037,0.0011,"aoml_navis",1023.14518718284
"7901009",80,0.0954361345527912,1,0.128961,1,0.106533,1,198.130968024309,1,4.88664316948711,60,1,29.2770004272461,36.2919998168945,0.128960996866226,0.115878000855446,191.057006835938,-88.045,26.519,41.7210744760169,63,63,63,63,61,63,0.106533,7817,1.11627530284214,27,-88,0.001869,51,2025-08-26 14:06:26.001511,60,1.037,0.0011,"aoml_navis",1023.19728013306
"7901009",80,0.102133407152987,1,0.136437,1,0.114009,1,198.377248896673,1,4.88643891296381,62,1,29.1889991760254,36.2980003356934,0.136436998844147,0.123354002833366,191.294494628906,-88.045,26.519,41.7210744760169,63,63,63,63,61,63,0.114009,7817,1.11627530284214,27,-88,0.001869,51,2025-08-26 14:06:26.001511,62,1.037,0.0011,"aoml_navis",1023.24005048644
"7901009",80,0.117202270503428,1,0.153258,1,0.13083,1,198.757525298926,1,4.8862677103395,64,1,29.1079998016357,36.2980003356934,0.153257995843887,0.140174999833107,191.661193847656,-88.045,26.519,41.7210744760169,63,63,63,63,61,63,0.13083,7817,1.11627530284214,27,-88,0.001869,51,2025-08-26 14:06:26.001511,64,1.037,0.0011,"aoml_navis",1023.27590226377
"7901009",80,0.118876588653477,1,0.155127,1,0.132699,1,199.499944083916,1,4.886129996885,66,1,29.0410003662109,36.2949981689453,0.155127003788948,0.142043992877007,192.377105712891,-88.045,26.519,41.7210744760169,63,63,63,63,61,63,0.132699,7817,1.11627530284214,27,-88,0.001869,51,2025-08-26 14:06:26.001511,66,1.037,0.0011,"aoml_navis",1023.30474285121
"7901009",80,0.132271133853868,1,0.170079,1,0.147651,1,200.304360328294,1,4.88599073293779,68,1,28.9640007019043,36.2879981994629,0.170078992843628,0.156995996832848,193.152801513672,-88.045,26.519,41.7210744760169,63,63,63,63,61,63,0.147651,7817,1.11627530284214,27,-88,0.001869,51,2025-08-26 14:06:26.001511,68,1.037,0.0011,"aoml_navis",1023.33390980332
"7901009",80,0.140642724604113,1,0.179424,1,0.156996,1,200.732139633325,1,4.88589012191027,70,1,28.9109992980957,36.2809982299805,0.179424002766609,0.166341006755829,193.565307617188,-88.045,26.519,41.7210744760169,63,63,63,63,61,63,0.156996,7817,1.11627530284214,27,-88,0.001869,51,2025-08-26 14:06:26.001511,70,1.037,0.0011,"aoml_navis",1023.35498245816
"7901009",80,0.14566567905426,1,0.185031,1,0.162603,1,201.29244285933,1,4.88578204799035,72,1,28.8600006103516,36.2770004272461,0.185030996799469,0.171948000788689,194.105606079102,-88.045,26.519,41.7210744760169,63,63,63,63,61,63,0.162603,7817,1.11627530284214,27,-88,0.001869,51,2025-08-26 14:06:26.001511,72,1.037,0.0011,"aoml_navis",1023.37761915856
"7901009",80,0.142317042754162,1,0.181293,1,0.158865,1,201.838536356257,1,4.88568885262481,74,1,28.8159999847412,36.2719993591309,0.181292995810509,0.168209999799728,194.632202148438,-88.045,26.519,41.7210744760169,63,63,63,63,61,63,0.158865,7817,1.11627530284214,27,-88,0.001869,51,2025-08-26 14:06:26.001511,74,1.037,0.0011,"aoml_navis",1023.39714026483
"7901009",80,0.160734542404701,1,0.201852,1,0.179424,1,202.79312000482,1,4.88550151640642,76,1,28.6949996948242,36.2589988708496,0.20185199379921,0.188768997788429,195.552703857422,-88.045,26.519,41.7210744760169,63,63,63,63,61,63,0.179424,7817,1.11627530284214,27,-88,0.001869,51,2025-08-26 14:06:26.001511,76,1.037,0.0011,"aoml_navis",1023.43638277648
"7901009",80,0.17915204205524,1,0.222411,1,0.199983,1,202.667526887116,1,4.88530989291319,78,1,28.5799999237061,36.25,0.222411006689072,0.20932799577713,195.431594848633,-88.045,26.519,41.7210744760169,63,63,63,63,61,63,0.199983,7817,1.11627530284214,27,-88,0.001869,51,2025-08-26 14:06:26.001511,78,1.037,0.0011,"aoml_navis",1023.47652648467
"7901009",80,0.185849314655435,1,0.229887,1,0.207459,1,202.461058574175,1,4.88525757015825,80,1,28.5839996337891,36.2550010681152,0.229886993765831,0.216803997755051,195.232498168945,-88.045,26.519,41.7210744760169,63,63,63,63,61,63,0.207459,7817,1.11627530284214,27,-88,0.001869,51,2025-08-26 14:06:26.001511,80,1.037,0.0011,"aoml_navis",1023.48748826319
"7901009",80,0.180826360205289,1,0.22428,1,0.201852,1,202.276047268618,1,4.88518143071397,82,1,28.5639991760254,36.2560005187988,0.224279999732971,0.211197003722191,195.054092407227,-88.045,26.519,41.7210744760169,63,63,63,63,61,63,0.201852,7817,1.11627530284214,27,-88,0.001869,51,2025-08-26 14:06:26.001511,82,1.037,0.0011,"aoml_navis",1023.50344013104
"7901009",80,0.195895223555729,1,0.241101,1,0.218673,1,202.133775916561,1,4.88504699331416,84,1,28.496000289917,36.2519989013672,0.241100996732712,0.228018000721931,194.916900634766,-88.045,26.519,41.7210744760169,63,63,63,63,61,63,0.218673,7817,1.11627530284214,27,-88,0.001869,51,2025-08-26 14:06:26.001511,84,1.037,0.0011,"aoml_navis",1023.53160713565
"7901009",80,0.202592496155925,1,0.248577,1,0.226149,1,201.951153997519,1,4.88490746212016,86,1,28.4360008239746,36.2529983520508,0.248576998710632,0.235494002699852,194.740798950195,-88.045,26.519,41.7210744760169,63,63,63,63,61,63,0.226149,7817,1.11627530284214,27,-88,0.001869,51,2025-08-26 14:06:26.001511,86,1.037,0.0011,"aoml_navis",1023.56084301951
"7901009",80,0.21096408690617,1,0.257922,1,0.235494,1,201.79788513799,1,4.88474703821533,88,1,28.3649997711182,36.2550010681152,0.257921993732452,0.244838997721672,194.593002319336,-88.045,26.519,41.7210744760169,63,63,63,63,61,63,0.235494,7817,1.11627530284214,27,-88,0.001869,51,2025-08-26 14:06:26.001511,88,1.037,0.0011,"aoml_navis",1023.5944586041
"7901009",80,0.226032950256611,1,0.274743,1,0.252315,1,201.424238887724,1,4.88462285628393,90,1,28.3099994659424,36.2540016174316,0.274742990732193,0.261660009622574,194.232696533203,-88.045,26.519,41.7210744760169,63,63,63,63,61,63,0.252315,7817,1.11627530284214,27,-88,0.001869,51,2025-08-26 14:06:26.001511,90,1.037,0.0011,"aoml_navis",1023.6204814805
"7901009",80,0.226032950256611,1,0.274743,1,0.252315,1,201.020733217891,1,4.88448328881807,92,1,28.2520008087158,36.2560005187988,0.274742990732193,0.261660009622574,193.843597412109,-88.045,26.519,41.7210744760169,63,63,63,63,61,63,0.252315,7817,1.11627530284214,27,-88,0.001869,51,2025-08-26 14:06:26.001511,92,1.037,0.0011,"aoml_navis",1023.64973004338
"7901009",80,0.249473404357296,1,0.300909,1,0.278481,1,200.496824620929,1,4.88438657148615,94,1,28.2119998931885,36.2540016174316,0.300909012556076,0.287826001644135,193.338394165039,-88.045,26.519,41.7210744760169,63,63,63,63,61,63,0.278481,7817,1.11627530284214,27,-88,0.001869,51,2025-08-26 14:06:26.001511,94,1.037,0.0011,"aoml_navis",1023.66999966562
"7901009",80,0.254496358807443,1,0.306516,1,0.284088,1,199.977283379453,1,4.8841767654382,96,1,28.1070003509521,36.2550010681152,0.306515991687775,0.293433010578156,192.83740234375,-88.045,26.519,41.7210744760169,63,63,63,63,61,63,0.284088,7817,1.11627530284214,27,-88,0.001869,51,2025-08-26 14:06:26.001511,96,1.037,0.0011,"aoml_navis",1023.71397271724
"7901009",80,0.2427761317571,1,0.293433,1,0.271005,1,199.392706518251,1,4.88403043470647,98,1,28.048999786377,36.2589988708496,0.293433010578156,0.280349999666214,192.273696899414,-88.045,26.519,41.7210744760169,63,63,63,63,61,63,0.271005,7817,1.11627530284214,27,-88,0.001869,51,2025-08-26 14:06:26.001511,98,1.037,0.0011,"aoml_navis",1023.7446442736
"7901009",80,0.249473404357296,1,0.300909,1,0.278481,1,199.350393806049,1,4.88392705711284,100,1,28.0160007476807,36.2620010375977,0.300909012556076,0.287826001644135,192.232894897461,-88.045,26.519,41.7210744760169,63,63,63,63,61,63,0.278481,7817,1.11627530284214,27,-88,0.001869,51,2025-08-26 14:06:26.001511,100,1.037,0.0011,"aoml_navis",1023.76631377369
"7901009",80,0.269565222157884,1,0.323337,1,0.300909,1,198.682346654323,1,4.88380848078793,102,1,27.9710006713867,36.2639999389648,0.323336988687515,0.310254007577896,191.58869934082,-88.045,26.519,41.7210744760169,63,63,63,63,61,63,0.300909,7817,1.11627530284214,27,-88,0.001869,51,2025-08-26 14:06:26.001511,102,1.037,0.0011,"aoml_navis",1023.79117028629
"7901009",80,0.274588176608031,1,0.328944,1,0.306516,1,197.409404944136,1,4.88367586529083,104,1,27.9169998168945,36.265998840332,0.328943997621536,0.315860986709595,190.361206054688,-88.045,26.519,41.7210744760169,63,63,63,63,61,63,0.306516,7817,1.11627530284214,27,-88,0.001869,51,2025-08-26 14:06:26.001511,104,1.037,0.0011,"aoml_navis",1023.81897118437
"7901009",80,0.281285449208227,1,0.33642,1,0.313992,1,195.697369946412,1,4.88358113054326,106,1,27.8939990997314,36.2709999084473,0.336419999599457,0.323336988687515,188.710296630859,-88.045,26.519,41.7210744760169,63,63,63,63,61,63,0.313992,7817,1.11627530284214,27,-88,0.001869,51,2025-08-26 14:06:26.001511,106,1.037,0.0011,"aoml_navis",1023.83883186226
"7901009",80,0.27626249475808,1,0.330813,1,0.308385,1,194.556651505917,1,4.88343678263366,108,1,27.8369998931885,36.2750015258789,0.330812990665436,0.317730009555817,187.610305786133,-88.045,26.519,41.7210744760169,63,63,63,63,61,63,0.308385,7817,1.11627530284214,27,-88,0.001869,51,2025-08-26 14:06:26.001511,108,1.037,0.0011,"aoml_navis",1023.86909517921
"7901009",80,0.289657039958471,1,0.345765,1,0.323337,1,192.961395796169,1,4.88331838850901,110,1,27.8080005645752,36.2840003967285,0.345764994621277,0.332682013511658,186.072006225586,-88.045,26.519,41.7210744760169,63,63,63,63,61,63,0.323337,7817,1.11627530284214,27,-88,0.001869,51,2025-08-26 14:06:26.001511,110,1.037,0.0011,"aoml_navis",1023.89391848083
"7901009",80,0.309748857759059,1,0.368193,1,0.345765,1,192.449101832998,1,4.88320129476483,112,1,27.7889995574951,36.2970008850098,0.368193000555038,0.355109989643097,185.578002929688,-88.045,26.519,41.7210744760169,63,63,63,63,61,63,0.345765,7817,1.11627530284214,27,-88,0.001869,51,2025-08-26 14:06:26.001511,112,1.037,0.0011,"aoml_navis",1023.91847031995
"7901009",80,0.30807453960901,1,0.366324,1,0.343896,1,192.053270682767,1,4.88310852523659,114,1,27.757999420166,36.2980003356934,0.366324007511139,0.353240996599197,185.196304321289,-88.045,26.519,41.7210744760169,63,63,63,63,61,63,0.343896,7817,1.11627530284214,27,-88,0.001869,51,2025-08-26 14:06:26.001511,114,1.037,0.0011,"aoml_navis",1023.9379227718
"7901009",80,0.316446130359255,1,0.375669,1,0.353241,1,192.009296476631,1,4.88301642532996,116,1,27.7320003509521,36.3009986877441,0.375669002532959,0.362585991621017,185.153900146484,-88.045,26.519,41.7210744760169,63,63,63,63,61,63,0.353241,7817,1.11627530284214,27,-88,0.001869,51,2025-08-26 14:06:26.001511,116,1.037,0.0011,"aoml_navis",1023.95723554465
"7901009",80,0.314771812209206,1,0.3738,1,0.351372,1,191.638451030426,1,4.88294944635686,118,1,27.7059993743896,36.2970008850098,0.373800009489059,0.360716998577118,184.796295166016,-88.045,26.519,41.7210744760169,63,63,63,63,61,63,0.351372,7817,1.11627530284214,27,-88,0.001869,51,2025-08-26 14:06:26.001511,118,1.037,0.0011,"aoml_navis",1023.97128107285
"7901009",80,0.348258175210185,1,0.41118,1,0.388752,1,190.960767213879,1,4.88284538747952,120,1,27.6700000762939,36.298999786377,0.41117998957634,0.398097008466721,184.142807006836,-88.045,26.519,41.7210744760169,63,63,63,63,61,63,0.388752,7817,1.11627530284214,27,-88,0.001869,51,2025-08-26 14:06:26.001511,120,1.037,0.0011,"aoml_navis",1023.99310304211
"7901009",80,0.368349993010773,1,0.433608,1,0.41118,1,190.462160795979,1,4.88262786528888,122,1,27.568000793457,36.3040008544922,0.433607995510101,0.420525014400482,183.662002563477,-88.045,26.519,41.7210744760169,63,63,63,63,61,63,0.41118,7817,1.11627530284214,27,-88,0.001869,51,2025-08-26 14:06:26.001511,122,1.037,0.0011,"aoml_navis",1024.03872216958
"7901009",80,0.363327038560626,1,0.428001,1,0.405573,1,190.311581974248,1,4.88246939458409,124,1,27.4829998016357,36.2999992370605,0.42800098657608,0.414918005466461,183.516799926758,-88.045,26.519,41.7210744760169,63,63,63,63,61,63,0.405573,7817,1.11627530284214,27,-88,0.001869,51,2025-08-26 14:06:26.001511,124,1.037,0.0011,"aoml_navis",1024.07195947737
"7901009",80,0.39011612896141,1,0.457905,1,0.435477,1,188.888472859877,1,4.88234119256234,126,1,27.4220008850098,36.2980003356934,0.457904994487762,0.444822013378143,182.144500732422,-88.045,26.519,41.7210744760169,63,63,63,63,61,63,0.435477,7817,1.11627530284214,27,-88,0.001869,51,2025-08-26 14:06:26.001511,126,1.037,0.0011,"aoml_navis",1024.09884987491
"7901009",80,0.430299764562585,1,0.502761,1,0.480333,1,187.509337951641,1,4.88212109627357,128,1,27.3339996337891,36.310001373291,0.502761006355286,0.489677995443344,180.814605712891,-88.045,26.519,41.7210744760169,63,63,63,63,61,63,0.480333,7817,1.11627530284214,27,-88,0.001869,51,2025-08-26 14:06:26.001511,128,1.037,0.0011,"aoml_navis",1024.1450184053
"7901009",80,0.410207946761997,4,0.480333,1,0.457905,1,186.354393958315,1,4.88195398926826,130,1,27.2290000915527,36.2999992370605,0.480333000421524,0.467249989509583,179.700897216797,-88.045,26.519,41.7210744760169,63,63,63,63,61,63,0.457905,7817,1.11627530284214,27,-88,0.001869,51,2025-08-26 14:06:26.001511,130,1.037,0.0011,"aoml_navis",1024.18007441103
"7901009",80,0.445368627913026,1,0.519582,1,0.497154,1,184.40717053821,1,4.88176333315025,132,1,27.1830005645752,36.3219985961914,0.519581973552704,0.506498992443085,177.823196411133,-88.045,26.519,41.7210744760169,63,63,63,63,61,63,0.497154,7817,1.11627530284214,27,-88,0.001869,51,2025-08-26 14:06:26.001511,132,1.037,0.0011,"aoml_navis",1024.22007352279
"7901009",80,0.45374021866327,1,0.528927,1,0.506499,1,183.209201763853,1,4.88159173892907,134,1,27.1469993591309,36.3429985046387,0.528927028179169,0.515843987464905,176.667999267578,-88.045,26.519,41.7210744760169,63,63,63,63,61,63,0.506499,7817,1.11627530284214,27,-88,0.001869,51,2025-08-26 14:06:26.001511,134,1.037,0.0011,"aoml_navis",1024.25607617422
"7901009",80,0.435322719012732,1,0.508368,1,0.48594,1,182.123534155725,1,4.8814827843472,136,1,27.1399993896484,36.359001159668,0.508368015289307,0.495285004377365,175.62109375,-88.045,26.519,41.7210744760169,63,63,63,63,61,63,0.48594,7817,1.11627530284214,27,-88,0.001869,51,2025-08-26 14:06:26.001511,136,1.037,0.0011,"aoml_navis",1024.27893754595
"7901009",80,0.435322719012732,1,0.508368,1,0.48594,1,181.185454680245,1,4.88135999040304,138,1,27.1240005493164,36.375,0.508368015289307,0.495285004377365,174.716506958008,-88.045,26.519,41.7210744760169,63,63,63,63,61,63,0.48594,7817,1.11627530284214,27,-88,0.001869,51,2025-08-26 14:06:26.001511,138,1.037,0.0011,"aoml_navis",1024.30470398213
"7901009",80,0.430299764562585,1,0.502761,1,0.480333,1,180.132352353235,1,4.88124490570399,140,1,27.113000869751,36.390998840332,0.502761006355286,0.489677995443344,173.70100402832,-88.045,26.519,41.7210744760169,63,63,63,63,61,63,0.480333,7817,1.11627530284214,27,-88,0.001869,51,2025-08-26 14:06:26.001511,140,1.037,0.0011,"aoml_navis",1024.32885392766
"7901009",80,0.403510674161801,1,0.472857,1,0.450429,1,178.527649863687,1,4.88105496964791,142,1,27.0930004119873,36.423999786377,0.472856998443604,0.459773987531662,172.153594970703,-88.045,26.519,41.7210744760169,63,63,63,63,61,63,0.450429,7817,1.11627530284214,27,-88,0.001869,51,2025-08-26 14:06:26.001511,142,1.037,0.0011,"aoml_navis",1024.36871354486
"7901009",80,0.353281129660332,1,0.416787,1,0.394359,1,175.823085860683,1,4.8808158483462,144,1,27.0340003967285,36.4539985656738,0.416786998510361,0.403703987598419,169.545593261719,-88.045,26.519,41.7210744760169,63,63,63,63,61,63,0.394359,7817,1.11627530284214,27,-88,0.001869,51,2025-08-26 14:06:26.001511,144,1.037,0.0011,"aoml_navis",1024.41889949488
"7901009",80,0.257844995107541,1,0.310254,1,0.287826,1,173.867048610848,1,4.88025613230475,146,1,26.9249992370605,36.5519981384277,0.310254007577896,0.297170996665955,167.659393310547,-88.045,26.519,41.7210744760169,63,63,63,63,61,63,0.287826,7817,1.11627530284214,27,-88,0.001869,51,2025-08-26 14:06:26.001511,146,1.037,0.0011,"aoml_navis",1024.5363899863
"7901009",80,0.239427495457002,1,0.289695,1,0.267267,1,173.020019002984,1,4.87999895847735,148,1,26.8540000915527,36.5820007324219,0.289694994688034,0.276612013578415,166.84260559082,-88.045,26.519,41.7210744760169,63,63,63,63,61,63,0.267267,7817,1.11627530284214,27,-88,0.001869,51,2025-08-26 14:06:26.001511,148,1.037,0.0011,"aoml_navis",1024.59038260945
"7901009",80,0.231055904706758,1,0.28035,1,0.257922,1,171.67707301502,1,4.87988060307407,150,1,26.8150005340576,36.5870018005371,0.280349999666214,0.267266988754272,165.547607421875,-88.045,26.519,41.7210744760169,63,63,63,63,61,63,0.257922,7817,1.11627530284214,27,-88,0.001869,51,2025-08-26 14:06:26.001511,150,1.037,0.0011,"aoml_navis",1024.61523276825
"7901009",80,0.21096408690617,1,0.257922,1,0.235494,1,170.086374545778,1,4.87966517225492,152,1,26.7029991149902,36.5880012512207,0.257921993732452,0.244838997721672,164.013702392578,-88.045,26.519,41.7210744760169,63,63,63,63,61,63,0.235494,7817,1.11627530284214,27,-88,0.001869,51,2025-08-26 14:06:26.001511,152,1.037,0.0011,"aoml_navis",1024.6604681873
"7901009",80,0.200918178005876,1,0.246708,1,0.22428,1,169.008381457252,1,4.87937621385043,154,1,26.4619998931885,36.5550003051758,0.246708005666733,0.233624994754791,162.974197387695,-88.045,26.519,41.7210744760169,63,63,63,63,61,63,0.22428,7817,1.11627530284214,27,-88,0.001869,51,2025-08-26 14:06:26.001511,154,1.037,0.0011,"aoml_navis",1024.7211489467
"7901009",80,0.185849314655435,1,0.229887,1,0.207459,1,168.214440536537,1,4.87914556096759,156,1,26.2819995880127,36.5320014953613,0.229886993765831,0.216803997755051,162.208602905273,-88.045,26.519,41.7210744760169,63,63,63,63,61,63,0.207459,7817,1.11627530284214,27,-88,0.001869,51,2025-08-26 14:06:26.001511,156,1.037,0.0011,"aoml_navis",1024.76959080689
"7901009",80,0.174129087605093,1,0.216804,1,0.194376,1,167.280807535301,1,4.878865709363,158,1,26.121000289917,36.5309982299805,0.216803997755051,0.20372100174427,161.308303833008,-88.045,26.519,41.7210744760169,63,63,63,63,61,63,0.194376,7817,1.11627530284214,27,-88,0.001869,51,2025-08-26 14:06:26.001511,158,1.037,0.0011,"aoml_navis",1024.82837156279
"7901009",80,0.147339997204309,1,0.1869,1,0.164472,1,166.237452639374,1,4.87855588421119,160,1,26.0709991455078,36.5849990844727,0.18690000474453,0.173816993832588,160.302200317383,-88.045,26.519,41.7210744760169,63,63,63,63,61,63,0.164472,7817,1.11627530284214,27,-88,0.001869,51,2025-08-26 14:06:26.001511,160,1.037,0.0011,"aoml_navis",1024.89345590605
"7901009",80,0.138968406454064,1,0.177555,1,0.155127,1,165.326637488174,1,4.87841527683862,162,1,26.0809993743896,36.617000579834,0.177554994821548,0.164471998810768,159.423904418945,-88.045,26.519,41.7210744760169,63,63,63,63,61,63,0.155127,7817,1.11627530284214,27,-88,0.001869,51,2025-08-26 14:06:26.001511,162,1.037,0.0011,"aoml_navis",1024.92299573975
"7901009",80,0.120550906803526,1,0.156996,1,0.134568,1,163.847322407557,1,4.87824128217629,164,1,26.0639991760254,36.6469993591309,0.156995996832848,0.143913000822067,157.997406005859,-88.045,26.519,41.7210744760169,63,63,63,63,61,63,0.134568,7817,1.11627530284214,27,-88,0.001869,51,2025-08-26 14:06:26.001511,164,1.037,0.0011,"aoml_navis",1024.95955217889
"7901009",80,0.120550906803526,1,0.156996,1,0.134568,1,162.139433232794,1,4.87782945923245,166,1,25.8980007171631,36.6809997558594,0.156995996832848,0.143913000822067,156.350494384766,-88.045,26.519,41.7210744760169,63,63,63,63,61,63,0.134568,7817,1.11627530284214,27,-88,0.001869,51,2025-08-26 14:06:26.001511,166,1.037,0.0011,"aoml_navis",1025.04608695089
"7901009",80,0.125573861253673,1,0.162603,1,0.140175,1,161.540345991229,1,4.87756383967679,168,1,25.7740001678467,36.6920013427734,0.162603005766869,0.149519994854927,155.772796630859,-88.045,26.519,41.7210744760169,63,63,63,63,61,63,0.140175,7817,1.11627530284214,27,-88,0.001869,51,2025-08-26 14:06:26.001511,168,1.037,0.0011,"aoml_navis",1025.10190831891
"7901009",80,0.132271133853868,1,0.170079,1,0.147651,1,160.198127895846,1,4.87741272872543,170,1,25.7000007629395,36.6920013427734,0.170078992843628,0.156995996832848,154.478500366211,-88.045,26.519,41.7210744760169,63,63,63,63,61,63,0.147651,7817,1.11627530284214,27,-88,0.001869,51,2025-08-26 14:06:26.001511,170,1.037,0.0011,"aoml_navis",1025.1336678056
"7901009",80,0.135619770153966,1,0.173817,1,0.151389,1,158.951516908585,1,4.87706729400135,172,1,25.5410003662109,36.7109985351562,0.173816993832588,0.160733997821808,153.276397705078,-88.045,26.519,41.7210744760169,63,63,63,63,61,63,0.151389,7817,1.11627530284214,27,-88,0.001869,51,2025-08-26 14:06:26.001511,172,1.037,0.0011,"aoml_navis",1025.20627635174
"7901009",80,0.128922497553771,1,0.166341,1,0.143913,1,158.051904973629,1,4.87676121362516,174,1,25.4249992370605,36.7369995117188,0.166341006755829,0.153257995843887,152.408905029297,-88.045,26.519,41.7210744760169,63,63,63,63,61,63,0.143913,7817,1.11627530284214,27,-88,0.001869,51,2025-08-26 14:06:26.001511,174,1.037,0.0011,"aoml_navis",1025.27062141786
"7901009",80,0.115527952353379,1,0.151389,1,0.128961,1,157.871878149876,1,4.87638402164305,176,1,25.2970008850098,36.7779998779297,0.151389002799988,0.138306006789207,152.235305786133,-88.045,26.519,41.7210744760169,63,63,63,63,61,63,0.128961,7817,1.11627530284214,27,-88,0.001869,51,2025-08-26 14:06:26.001511,176,1.037,0.0011,"aoml_navis",1025.34992687374
"7901009",80,0.115527952353379,1,0.151389,1,0.128961,1,158.093284084477,1,4.87596327207255,178,1,25.1389999389648,36.8190002441406,0.151389002799988,0.138306006789207,152.448806762695,-88.045,26.519,41.7210744760169,63,63,63,63,61,63,0.128961,7817,1.11627530284214,27,-88,0.001869,51,2025-08-26 14:06:26.001511,178,1.037,0.0011,"aoml_navis",1025.43840488666
"7901009",80,0.107156361603134,4,0.142044,1,0.119616,1,158.016950305995,1,4.87569020153295,180,1,25.0149993896484,36.8330001831055,0.142043992877007,0.128960996866226,152.375198364258,-88.045,26.519,41.7210744760169,63,63,63,63,61,63,0.119616,7817,1.11627530284214,27,-88,0.001869,51,2025-08-26 14:06:26.001511,180,1.037,0.0011,"aoml_navis",1025.49583614397
"7901009",80,0.120550906803526,1,0.156996,1,0.134568,1,157.532347908401,1,4.87552896177129,182,1,24.9449996948242,36.8380012512207,0.156995996832848,0.143913000822067,151.907897949219,-88.045,26.519,41.7210744760169,63,63,63,63,61,63,0.134568,7817,1.11627530284214,27,-88,0.001869,51,2025-08-26 14:06:26.001511,182,1.037,0.0011,"aoml_navis",1025.52975055726
"7901009",80,0.107156361603134,4,0.142044,1,0.119616,1,156.595914103104,1,4.87537588194997,184,1,24.8780002593994,36.8419990539551,0.142043992877007,0.128960996866226,151.004898071289,-88.045,26.519,41.7210744760169,63,63,63,63,61,63,0.119616,7817,1.11627530284214,27,-88,0.001869,51,2025-08-26 14:06:26.001511,184,1.037,0.0011,"aoml_navis",1025.5619507229
"7901009",80,0.132271133853868,1,0.170079,1,0.147651,1,156.192614142043,1,4.87500408736137,186,1,24.6730003356934,36.851001739502,0.170078992843628,0.156995996832848,150.615997314453,-88.045,26.519,41.7210744760169,63,63,63,63,61,63,0.147651,7817,1.11627530284214,27,-88,0.001869,51,2025-08-26 14:06:26.001511,186,1.037,0.0011,"aoml_navis",1025.64016571036
"7901009",80,0.127248179403722,1,0.164472,1,0.142044,1,155.832244019503,1,4.87473807201887,188,1,24.5450000762939,36.8619995117188,0.164471998810768,0.151389002799988,150.268493652344,-88.045,26.519,41.7210744760169,63,63,63,63,61,63,0.142044,7817,1.11627530284214,27,-88,0.001869,51,2025-08-26 14:06:26.001511,188,1.037,0.0011,"aoml_navis",1025.6961350806
"7901009",80,0.128922497553771,1,0.166341,1,0.143913,1,155.401157550355,1,4.87459824972843,190,1,24.4890003204346,36.867000579834,0.166341006755829,0.153257995843887,149.852798461914,-88.045,26.519,41.7210744760169,63,63,63,63,61,63,0.143913,7817,1.11627530284214,27,-88,0.001869,51,2025-08-26 14:06:26.001511,190,1.037,0.0011,"aoml_navis",1025.72555600424
"7901009",80,0.132271133853868,1,0.170079,1,0.147651,1,154.410907165328,1,4.87436189031417,192,1,24.3759994506836,36.8759994506836,0.170078992843628,0.156995996832848,148.897903442383,-88.045,26.519,41.7210744760169,63,63,63,63,61,63,0.147651,7817,1.11627530284214,27,-88,0.001869,51,2025-08-26 14:06:26.001511,192,1.037,0.0011,"aoml_navis",1025.77529377445
"7901009",80,0.120550906803526,1,0.156996,1,0.134568,1,153.92869415425,1,4.8740268370002,194,1,24.1940002441406,36.8849983215332,0.156995996832848,0.143913000822067,148.432907104492,-88.045,26.519,41.7210744760169,63,63,63,63,61,63,0.134568,7817,1.11627530284214,27,-88,0.001869,51,2025-08-26 14:06:26.001511,194,1.037,0.0011,"aoml_navis",1025.84580824289
"7901009",80,0.11385363420333,1,0.14952,1,0.127092,1,153.77479234465,1,4.87373557788966,196,1,24.0820007324219,36.9099998474121,0.149519994854927,0.136436998844147,148.28450012207,-88.045,26.519,41.7210744760169,63,63,63,63,61,63,0.127092,7817,1.11627530284214,27,-88,0.001869,51,2025-08-26 14:06:26.001511,196,1.037,0.0011,"aoml_navis",1025.90711377186
"7901009",80,0.122225224953575,1,0.158865,1,0.136437,1,155.548413384216,1,4.87350805275065,198,1,23.9689998626709,36.9169998168945,0.158865004777908,0.145781993865967,149.99479675293,-88.045,26.519,41.7210744760169,63,63,63,63,61,63,0.136437,7817,1.11627530284214,27,-88,0.001869,51,2025-08-26 14:06:26.001511,198,1.037,0.0011,"aoml_navis",1025.95500938548
"7901009",80,0.112179316053281,1,0.147651,1,0.125223,1,155.664354013348,1,4.87329080274059,200,1,23.8729991912842,36.9280014038086,0.147651001811028,0.134568005800247,150.106597900391,-88.045,26.519,41.7210744760169,63,63,63,63,61,63,0.125223,7817,1.11627530284214,27,-88,0.001869,51,2025-08-26 14:06:26.001511,200,1.037,0.0011,"aoml_navis",1026.00074618739
"7901009",80,0.112179316053281,1,0.147651,1,0.125223,1,154.850712521695,1,4.87307133046246,202,1,23.7600002288818,36.9329986572266,0.147651001811028,0.134568005800247,149.322006225586,-88.045,26.519,41.7210744760169,63,63,63,63,61,63,0.125223,7817,1.11627530284214,27,-88,0.001869,51,2025-08-26 14:06:26.001511,202,1.037,0.0011,"aoml_navis",1026.04695497562
"7901009",80,0.120550906803526,1,0.156996,1,0.134568,1,153.643708385085,1,4.87283697250647,204,1,23.6259994506836,36.9339981079102,0.156995996832848,0.143913000822067,148.158096313477,-88.045,26.519,41.7210744760169,63,63,63,63,61,63,0.134568,7817,1.11627530284214,27,-88,0.001869,51,2025-08-26 14:06:26.001511,204,1.037,0.0011,"aoml_navis",1026.09630246425
"7901009",80,0.117202270503428,1,0.153258,1,0.13083,1,151.608346667686,1,4.87259028998864,206,1,23.4930000305176,36.9389991760254,0.153257995843887,0.140174999833107,146.195404052734,-88.045,26.519,41.7210744760169,63,63,63,63,61,63,0.13083,7817,1.11627530284214,27,-88,0.001869,51,2025-08-26 14:06:26.001511,206,1.037,0.0011,"aoml_navis",1026.14825019726
"7901009",80,0.125573861253673,1,0.162603,1,0.140175,1,149.536163079946,1,4.87221586798159,208,1,23.2299995422363,36.9290008544922,0.162603005766869,0.149519994854927,144.197204589844,-88.045,26.519,41.7210744760169,63,63,63,63,61,63,0.140175,7817,1.11627530284214,27,-88,0.001869,51,2025-08-26 14:06:26.001511,208,1.037,0.0011,"aoml_navis",1026.22710805122
"7901009",80,0.128922497553771,1,0.166341,1,0.143913,1,148.140523998627,1,4.87199419214283,210,1,23.0799999237061,36.9210014343262,0.166341006755829,0.153257995843887,142.85139465332,-88.045,26.519,41.7210744760169,63,63,63,63,61,63,0.143913,7817,1.11627530284214,27,-88,0.001869,51,2025-08-26 14:06:26.001511,210,1.037,0.0011,"aoml_navis",1026.27380140633
"7901009",80,0.120550906803526,1,0.156996,1,0.134568,1,147.050504858765,1,4.87160724556975,212,1,22.818000793457,36.9160003662109,0.156995996832848,0.143913000822067,141.80029296875,-88.045,26.519,41.7210744760169,63,63,63,63,61,63,0.134568,7817,1.11627530284214,27,-88,0.001869,51,2025-08-26 14:06:26.001511,212,1.037,0.0011,"aoml_navis",1026.35531724094
"7901009",80,0.11385363420333,1,0.14952,1,0.127092,1,147.296184428562,1,4.8713332872081,214,1,22.6310005187988,36.9090003967285,0.149519994854927,0.136436998844147,142.037200927734,-88.045,26.519,41.7210744760169,63,63,63,63,61,63,0.127092,7817,1.11627530284214,27,-88,0.001869,51,2025-08-26 14:06:26.001511,214,1.037,0.0011,"aoml_navis",1026.41303832152
"7901009",80,0.103807725303036,1,0.138306,1,0.115878,1,147.084320216272,1,4.87123478000096,216,1,22.5970001220703,36.9119987487793,0.138306006789207,0.125222995877266,141.832901000977,-88.045,26.519,41.7210744760169,63,63,63,63,61,63,0.115878,7817,1.11627530284214,27,-88,0.001869,51,2025-08-26 14:06:26.001511,216,1.037,0.0011,"aoml_navis",1026.43379467721
"7901009",80,0.0971104527028401,1,0.13083,1,0.108402,1,146.765329204579,1,4.87111993934765,218,1,22.5380001068115,36.9099998474121,0.130830004811287,0.117747001349926,141.525299072266,-88.045,26.519,41.7210744760169,63,63,63,63,61,63,0.108402,7817,1.11627530284214,27,-88,0.001869,51,2025-08-26 14:06:26.001511,218,1.037,0.0011,"aoml_navis",1026.45799369695
"7901009",80,0.0837159075024484,1,0.115878,1,0.09345,1,146.651050069381,1,4.87087376524237,220,1,22.3619995117188,36.9000015258789,0.115878000855446,0.102794997394085,141.415100097656,-88.045,26.519,41.7210744760169,63,63,63,63,61,63,0.09345,7817,1.11627530284214,27,-88,0.001869,51,2025-08-26 14:06:26.001511,220,1.037,0.0011,"aoml_navis",1026.50987091455
"7901009",80,0.0569268171016649,1,0.085974,1,0.063546,1,146.095414850145,1,4.87062165186774,222,1,22.1940002441406,36.8950004577637,0.0859740003943443,0.0728909969329834,140.879302978516,-88.045,26.519,41.7210744760169,63,63,63,63,61,63,0.063546,7817,1.11627530284214,27,-88,0.001869,51,2025-08-26 14:06:26.001511,222,1.037,0.0011,"aoml_navis",1026.56300517258
"7901009",80,0.0284634085508325,4,0.054201,1,0.031773,1,145.662872595835,1,4.87039117972557,224,1,22.0890007019043,36.9080009460449,0.0542009994387627,0.041117999702692,140.462203979492,-88.045,26.519,41.7210744760169,63,63,63,63,61,63,0.031773,7817,1.11627530284214,27,-88,0.001869,51,2025-08-26 14:06:26.001511,224,1.037,0.0011,"aoml_navis",1026.61158323667
"7901009",80,0.0368349993010773,1,0.063546,1,0.041118,1,145.517483964681,1,4.87026789747395,226,1,22.0069999694824,36.9000015258789,0.0635460019111633,0.0504629984498024,140.322006225586,-88.045,26.519,41.7210744760169,63,63,63,63,61,63,0.041118,7817,1.11627530284214,27,-88,0.001869,51,2025-08-26 14:06:26.001511,226,1.037,0.0011,"aoml_navis",1026.63757010027
"7901009",80,0.0351606811510283,1,0.061677,1,0.039249,1,145.316190018565,1,4.87012102007315,228,1,21.8939990997314,36.8870010375977,0.0616770014166832,0.0485940016806126,140.127899169922,-88.045,26.519,41.7210744760169,63,63,63,63,61,63,0.039249,7817,1.11627530284214,27,-88,0.001869,51,2025-08-26 14:06:26.001511,228,1.037,0.0011,"aoml_navis",1026.66853234068
"7901009",80,0.0418579537512242,1,0.069153,1,0.046725,1,145.115117604974,1,4.8699916535084,230,1,21.798999786377,36.8759994506836,0.0691530033946037,0.0560699999332428,139.934005737305,-88.045,26.519,41.7210744760169,63,63,63,63,61,63,0.046725,7817,1.11627530284214,27,-88,0.001869,51,2025-08-26 14:06:26.001511,230,1.037,0.0011,"aoml_navis",1026.69580478602
"7901009",80,0.0418579537512242,1,0.069153,1,0.046725,1,144.939236604182,1,4.86985724458088,232,1,21.7000007629395,36.8650016784668,0.0691530033946037,0.0560699999332428,139.764404296875,-88.045,26.519,41.7210744760169,63,63,63,63,61,63,0.046725,7817,1.11627530284214,27,-88,0.001869,51,2025-08-26 14:06:26.001511,232,1.037,0.0011,"aoml_navis",1026.72414177314
"7901009",80,0.0401836356011752,1,0.067284,1,0.044856,1,144.800272416242,1,4.86974269233195,234,1,21.628999710083,36.859001159668,0.0672840029001236,0.0542009994387627,139.630401611328,-88.045,26.519,41.7210744760169,63,63,63,63,61,63,0.044856,7817,1.11627530284214,27,-88,0.001869,51,2025-08-26 14:06:26.001511,234,1.037,0.0011,"aoml_navis",1026.74829367744
"7901009",80,0.0418579537512242,1,0.069153,1,0.046725,1,144.667321253969,1,4.86966341971044,236,1,21.5949993133545,36.8569984436035,0.0691530033946037,0.0560699999332428,139.502197265625,-88.045,26.519,41.7210744760169,63,63,63,63,61,63,0.046725,7817,1.11627530284214,27,-88,0.001869,51,2025-08-26 14:06:26.001511,236,1.037,0.0011,"aoml_navis",1026.76500798023
"7901009",80,0.0435322719012732,1,0.071022,1,0.048594,1,144.542361086335,1,4.86957214172597,238,1,21.5520000457764,36.8549995422363,0.0710219964385033,0.0579390004277229,139.381698608398,-88.045,26.519,41.7210744760169,63,63,63,63,61,63,0.048594,7817,1.11627530284214,27,-88,0.001869,51,2025-08-26 14:06:26.001511,238,1.037,0.0011,"aoml_navis",1026.78425423795
"7901009",80,0.0418579537512242,1,0.069153,1,0.046725,1,144.375705332818,1,4.86947478288328,240,1,21.4990005493164,36.851001739502,0.0691530033946037,0.0560699999332428,139.220993041992,-88.045,26.519,41.7210744760169,63,63,63,63,61,63,0.046725,7817,1.11627530284214,27,-88,0.001869,51,2025-08-26 14:06:26.001511,240,1.037,0.0011,"aoml_navis",1026.80478345951
"7901009",80,0.0368349993010773,1,0.063546,1,0.041118,1,144.182196672567,1,4.86936264615384,242,1,21.423999786377,36.8429985046387,0.0635460019111633,0.0504629984498024,139.034393310547,-88.045,26.519,41.7210744760169,63,63,63,63,61,63,0.041118,7817,1.11627530284214,27,-88,0.001869,51,2025-08-26 14:06:26.001511,242,1.037,0.0011,"aoml_navis",1026.8284297842
"7901009",80,0.0418579537512242,1,0.069153,1,0.046725,1,144.170487096266,1,4.86924899301076,244,1,21.3449993133545,36.8339996337891,0.0691530033946037,0.0560699999332428,139.023101806641,-88.045,26.519,41.7210744760169,63,63,63,63,61,63,0.046725,7817,1.11627530284214,27,-88,0.001869,51,2025-08-26 14:06:26.001511,244,1.037,0.0011,"aoml_navis",1026.85239698708
"7901009",80,0.0334863630009794,1,0.059808,1,0.03738,1,144.265793553106,1,4.86905644502526,246,1,21.2089996337891,36.826000213623,0.0598080009222031,0.0467250011861324,139.115005493164,-88.045,26.519,41.7210744760169,63,63,63,63,61,63,0.03738,7817,1.11627530284214,27,-88,0.001869,51,2025-08-26 14:06:26.001511,246,1.037,0.0011,"aoml_navis",1026.8930041073
"7901009",80,0.0234404541006856,1,0.048594,1,0.026166,1,144.164996254406,1,4.86889222056187,248,1,21.0830001831055,36.8139991760254,0.0485940016806126,0.0355109982192516,139.017807006836,-88.045,26.519,41.7210744760169,63,63,63,63,61,63,0.026166,7817,1.11627530284214,27,-88,0.001869,51,2025-08-26 14:06:26.001511,248,1.037,0.0011,"aoml_navis",1026.9276405184
"7901009",80,0.0301377267008814,1,0.05607,1,0.033642,1,143.959350776557,1,4.86875387695029,250,1,20.9680004119873,36.798999786377,0.0560699999332428,0.0429870001971722,138.81950378418,-88.045,26.519,41.7210744760169,63,63,63,63,61,63,0.033642,7817,1.11627530284214,27,-88,0.001869,51,2025-08-26 14:06:26.001511,250,1.037,0.0011,"aoml_navis",1026.95682023917
"7901009",80,0.0251147722507345,1,0.050463,1,0.028035,1,144.133158865869,1,4.86861897079994,252,1,20.8689994812012,36.7890014648438,0.0504629984498024,0.0373799987137318,138.987106323242,-88.045,26.519,41.7210744760169,63,63,63,63,61,63,0.028035,7817,1.11627530284214,27,-88,0.001869,51,2025-08-26 14:06:26.001511,252,1.037,0.0011,"aoml_navis",1026.98527652051
"7901009",80,0.0200918178005876,1,0.044856,1,0.022428,1,144.413144329478,1,4.86850339277632,254,1,20.7900009155273,36.7809982299805,0.0448560006916523,0.0317730009555817,139.257095336914,-88.045,26.519,41.7210744760169,63,63,63,63,61,63,0.022428,7817,1.11627530284214,27,-88,0.001869,51,2025-08-26 14:06:26.001511,254,1.037,0.0011,"aoml_navis",1027.00965709889
"7901009",80,0.0200918178005876,1,0.044856,1,0.022428,1,145.02156758458,1,4.86834028338656,256,1,20.6550006866455,36.765998840332,0.0448560006916523,0.0317730009555817,139.843795776367,-88.045,26.519,41.7210744760169,63,63,63,63,61,63,0.022428,7817,1.11627530284214,27,-88,0.001869,51,2025-08-26 14:06:26.001511,256,1.037,0.0011,"aoml_navis",1027.04406613949
"7901009",80,0.0251147722507345,1,0.050463,1,0.028035,1,145.481184278148,1,4.86824120370189,258,1,20.5659999847412,36.75,0.0504629984498024,0.0373799987137318,140.287002563477,-88.045,26.519,41.7210744760169,63,63,63,63,61,63,0.028035,7817,1.11627530284214,27,-88,0.001869,51,2025-08-26 14:06:26.001511,258,1.037,0.0011,"aoml_navis",1027.06496880186
"7901009",80,0.0200918178005876,1,0.044856,1,0.022428,1,145.85191895809,1,4.86803757294559,260,1,20.3819999694824,36.7290000915527,0.0448560006916523,0.0317730009555817,140.644500732422,-88.045,26.519,41.7210744760169,63,63,63,63,61,63,0.022428,7817,1.11627530284214,27,-88,0.001869,51,2025-08-26 14:06:26.001511,260,1.037,0.0011,"aoml_navis",1027.1079310866
"7901009",80,0.0167431815004897,1,0.041118,1,0.01869,1,145.939234420292,1,4.86787325117935,262,1,20.25,36.7159996032715,0.041117999702692,0.0280349999666214,140.728698730469,-88.045,26.519,41.7210744760169,63,63,63,63,61,63,0.01869,7817,1.11627530284214,27,-88,0.001869,51,2025-08-26 14:06:26.001511,262,1.037,0.0011,"aoml_navis",1027.14260252948
"7901009",80,0.0117202270503428,1,0.035511,1,0.013083,1,145.529810667301,1,4.86774645540449,264,1,20.1580009460449,36.7070007324219,0.0355109982192516,0.0224280003458261,140.333892822266,-88.045,26.519,41.7210744760169,63,63,63,63,61,63,0.013083,7817,1.11627530284214,27,-88,0.001869,51,2025-08-26 14:06:26.001511,264,1.037,0.0011,"aoml_navis",1027.1693576909
"7901009",80,0.0117202270503428,1,0.035511,1,0.013083,1,143.934982198849,1,4.86762757430612,266,1,20.0550003051758,36.6920013427734,0.0355109982192516,0.0224280003458261,138.796005249023,-88.045,26.519,41.7210744760169,63,63,63,63,61,63,0.013083,7817,1.11627530284214,27,-88,0.001869,51,2025-08-26 14:06:26.001511,266,1.037,0.0011,"aoml_navis",1027.19444404346
"7901009",80,0.0167431815004897,1,0.041118,1,0.01869,1,141.194324218085,1,4.86748131286576,268,1,19.8990001678467,36.6660003662109,0.041117999702692,0.0280349999666214,136.153198242188,-88.045,26.519,41.7210744760169,63,63,63,63,61,63,0.01869,7817,1.11627530284214,27,-88,0.001869,51,2025-08-26 14:06:26.001511,268,1.037,0.0011,"aoml_navis",1027.22530989158
"7901009",80,0.0284634085508325,1,0.054201,1,0.031773,1,137.214745593415,1,4.86740361071189,270,1,19.8020000457764,36.6419982910156,0.0542009994387627,0.041117999702692,132.315704345703,-88.045,26.519,41.7210744760169,63,63,63,63,61,63,0.031773,7817,1.11627530284214,27,-88,0.001869,51,2025-08-26 14:06:26.001511,270,1.037,0.0011,"aoml_navis",1027.24170828906
"7901009",80,0.0569268171016649,1,0.085974,1,0.063546,1,137.640436163213,1,4.86720995578081,272,1,19.5470008850098,36.5950012207031,0.0859740003943443,0.0728909969329834,132.726196289062,-88.045,26.519,41.7210744760169,63,63,63,63,61,63,0.063546,7817,1.11627530284214,27,-88,0.001869,51,2025-08-26 14:06:26.001511,272,1.037,0.0011,"aoml_navis",1027.28257984052
"7901009",80,0.0385093174511263,1,0.065415,1,0.042987,1,140.904480557131,1,4.86702408941315,274,1,19.4029998779297,36.5849990844727,0.0654150024056435,0.0523319989442825,135.87370300293,-88.045,26.519,41.7210744760169,63,63,63,63,61,63,0.042987,7817,1.11627530284214,27,-88,0.001869,51,2025-08-26 14:06:26.001511,274,1.037,0.0011,"aoml_navis",1027.32181064731
"7901009",80,0.0284634085508325,4,0.054201,1,0.031773,1,139.907584196366,1,4.86687700412207,276,1,19.3010005950928,36.5789985656738,0.0542009994387627,0.041117999702692,134.912399291992,-88.045,26.519,41.7210744760169,63,63,63,63,61,63,0.031773,7817,1.11627530284214,27,-88,0.001869,51,2025-08-26 14:06:26.001511,276,1.037,0.0011,"aoml_navis",1027.35285805768
"7901009",80,0.0318120448509304,1,0.057939,1,0.035511,1,137.018119654068,1,4.86671475735932,278,1,19.1399993896484,36.556999206543,0.0579390004277229,0.0448560006916523,132.126098632812,-88.045,26.519,41.7210744760169,63,63,63,63,61,63,0.035511,7817,1.11627530284214,27,-88,0.001869,51,2025-08-26 14:06:26.001511,278,1.037,0.0011,"aoml_navis",1027.387107995
"7901009",80,0.0401836356011752,1,0.067284,1,0.044856,1,133.350996831614,1,4.86663068236304,280,1,19.05299949646,36.5390014648438,0.0672840029001236,0.0542009994387627,128.589904785156,-88.045,26.519,41.7210744760169,63,63,63,63,61,63,0.044856,7817,1.11627530284214,27,-88,0.001869,51,2025-08-26 14:06:26.001511,280,1.037,0.0011,"aoml_navis",1027.40485694144
"7901009",80,0.0452065900513221,1,0.072891,1,0.050463,1,131.283164775607,1,4.86652786097831,282,1,18.9330005645752,36.5149993896484,0.0728909969329834,0.0598080009222031,126.595901489258,-88.045,26.519,41.7210744760169,63,63,63,63,61,63,0.050463,7817,1.11627530284214,27,-88,0.001869,51,2025-08-26 14:06:26.001511,282,1.037,0.0011,"aoml_navis",1027.42656424346
"7901009",80,0.0569268171016649,1,0.085974,1,0.063546,1,130.317275056412,1,4.86642611956537,284,1,18.8339996337891,36.4980010986328,0.0859740003943443,0.0728909969329834,125.664497375488,-88.045,26.519,41.7210744760169,63,63,63,63,61,63,0.063546,7817,1.11627530284214,27,-88,0.001869,51,2025-08-26 14:06:26.001511,284,1.037,0.0011,"aoml_navis",1027.44804444839
"7901009",80,0.0770186349022525,1,0.108402,1,0.085974,1,128.867930161626,1,4.8663493906265,286,1,18.757999420166,36.4819984436035,0.108401998877525,0.095319002866745,124.266899108887,-88.045,26.519,41.7210744760169,63,63,63,63,61,63,0.085974,7817,1.11627530284214,27,-88,0.001869,51,2025-08-26 14:06:26.001511,286,1.037,0.0011,"aoml_navis",1027.46424447676
"7901009",80,0.0552524989516159,1,0.084105,1,0.061677,1,128.543654016846,1,4.86620494111155,288,1,18.5849990844727,36.4519996643066,0.0841049998998642,0.0710219964385033,123.954200744629,-88.045,26.519,41.7210744760169,63,63,63,63,61,63,0.061677,7817,1.11627530284214,27,-88,0.001869,51,2025-08-26 14:06:26.001511,288,1.037,0.0011,"aoml_navis",1027.49474395501
"7901009",80,0.0452065900513221,1,0.072891,1,0.050463,1,128.783518357872,1,4.86608145895627,290,1,18.4640007019043,36.4339981079102,0.0728909969329834,0.0598080009222031,124.185501098633,-88.045,26.519,41.7210744760169,63,63,63,63,61,63,0.050463,7817,1.11627530284214,27,-88,0.001869,51,2025-08-26 14:06:26.001511,290,1.037,0.0011,"aoml_navis",1027.52081776133
"7901009",80,0.0284634085508325,1,0.054201,1,0.031773,1,129.072325563086,1,4.86592230166449,292,1,18.3309993743896,36.4220008850098,0.0542009994387627,0.041117999702692,124.463996887207,-88.045,26.519,41.7210744760169,63,63,63,63,61,63,0.031773,7817,1.11627530284214,27,-88,0.001869,51,2025-08-26 14:06:26.001511,292,1.037,0.0011,"aoml_navis",1027.55442648347
"7901009",80,0.0167431815004897,1,0.041118,1,0.01869,1,129.289894237885,1,4.86582416900843,294,1,18.2509994506836,36.4109992980957,0.041117999702692,0.0280349999666214,124.673797607422,-88.045,26.519,41.7210744760169,63,63,63,63,61,63,0.01869,7817,1.11627530284214,27,-88,0.001869,51,2025-08-26 14:06:26.001511,294,1.037,0.0011,"aoml_navis",1027.57514992962
"7901009",80,0.0184174996505387,1,0.042987,1,0.020559,1,129.488798797486,1,4.86573469835445,296,1,18.1809997558594,36.4010009765625,0.0429870001971722,0.0299040004611015,124.865600585938,-88.045,26.519,41.7210744760169,63,63,63,63,61,63,0.020559,7817,1.11627530284214,27,-88,0.001869,51,2025-08-26 14:06:26.001511,296,1.037,0.0011,"aoml_navis",1027.59404488102
"7901009",80,0.00669727260019587,1,0.029904,1,0.007476,1,129.623094978657,1,4.8656298001053,298,1,18.1009998321533,36.3919982910156,0.0299040004611015,0.0168210007250309,124.995101928711,-88.045,26.519,41.7210744760169,63,63,63,63,61,63,0.007476,7817,1.11627530284214,27,-88,0.001869,51,2025-08-26 14:06:26.001511,298,1.037,0.0011,"aoml_navis",1027.61619880982
"7901009",80,0.0050229544501469,1,0.028035,1,0.005607,1,130.164631235077,1,4.8655109151877,300,1,17.9939994812012,36.3779983520508,0.0280349999666214,0.0149520002305508,125.517303466797,-88.045,26.519,41.7210744760169,63,63,63,63,61,63,0.005607,7817,1.11627530284214,27,-88,0.001869,51,2025-08-26 14:06:26.001511,300,1.037,0.0011,"aoml_navis",1027.64130780027
"7901009",80,0.0133945452003917,1,0.03738,1,0.014952,1,131.15394801875,1,4.86534283888575,302,1,17.8209991455078,36.3559989929199,0.0373799987137318,0.0242970008403063,126.471298217773,-88.045,26.519,41.7210744760169,63,63,63,63,61,63,0.014952,7817,1.11627530284214,27,-88,0.001869,51,2025-08-26 14:06:26.001511,302,1.037,0.0011,"aoml_navis",1027.67680831
"7901009",80,0.00669727260019587,1,0.029904,1,0.007476,1,131.507885786201,1,4.86522665193399,304.100006103516,1,17.7169990539551,36.3419990539551,0.0299040004611015,0.0168210007250309,126.812599182129,-88.045,26.519,41.7210744760169,63,63,63,63,61,63,0.007476,7817,1.11627530284214,27,-88,0.001869,51,2025-08-26 14:06:26.001511,304.100006103516,1.037,0.0011,"aoml_navis",1027.70135035999
"7901009",80,0.0117202270503428,1,0.035511,1,0.013083,1,131.866594414807,1,4.86512779174845,306,1,17.632999420166,36.3310012817383,0.0355109982192516,0.0224280003458261,127.158500671387,-88.045,26.519,41.7210744760169,63,63,63,63,61,63,0.013083,7817,1.11627530284214,27,-88,0.001869,51,2025-08-26 14:06:26.001511,306,1.037,0.0011,"aoml_navis",1027.72223341806
"7901009",80,0.0217661359506366,1,0.046725,1,0.024297,1,131.75335173535,1,4.8650497327761,308,1,17.5620002746582,36.318000793457,0.0467250011861324,0.0336420014500618,127.049301147461,-88.045,26.519,41.7210744760169,63,63,63,63,61,63,0.024297,7817,1.11627530284214,27,-88,0.001869,51,2025-08-26 14:06:26.001511,308,1.037,0.0011,"aoml_navis",1027.73872306273
"7901009",80,0.0150688633504407,1,0.039249,1,0.016821,1,131.008250824437,1,4.86493239305322,310,1,17.4419994354248,36.2999992370605,0.0392489992082119,0.0261659994721413,126.33080291748,-88.045,26.519,41.7210744760169,63,63,63,63,61,63,0.016821,7817,1.11627530284214,27,-88,0.001869,51,2025-08-26 14:06:26.001511,310,1.037,0.0011,"aoml_navis",1027.76351160391
"7901009",80,0.0117202270503428,1,0.035511,1,0.013083,1,130.623409269802,1,4.8647959960322,312,1,17.298999786377,36.2799987792969,0.0355109982192516,0.0224280003458261,125.959701538086,-88.045,26.519,41.7210744760169,63,63,63,63,61,63,0.013083,7817,1.11627530284214,27,-88,0.001869,51,2025-08-26 14:06:26.001511,312,1.037,0.0011,"aoml_navis",1027.79232758744
"7901009",80,0.0150688633504407,1,0.039249,1,0.016821,1,130.184956844211,1,4.8647038664722,314,1,17.2119998931885,36.265998840332,0.0392489992082119,0.0261659994721413,125.536903381348,-88.045,26.519,41.7210744760169,63,63,63,63,61,63,0.016821,7817,1.11627530284214,27,-88,0.001869,51,2025-08-26 14:06:26.001511,314,1.037,0.0011,"aoml_navis",1027.81179229845
"7901009",80,0.0100459089002938,1,0.033642,1,0.011214,1,129.479462783948,1,4.86460028816871,316,1,17.1180000305176,36.2529983520508,0.0336420014500618,0.020558999851346,124.856597900391,-88.045,26.519,41.7210744760169,63,63,63,63,61,63,0.011214,7817,1.11627530284214,27,-88,0.001869,51,2025-08-26 14:06:26.001511,316,1.037,0.0011,"aoml_navis",1027.83367672789
"7901009",80,0.00837159075024484,1,0.031773,1,0.009345,1,127.966545966473,1,4.86450129965421,318,1,17.011999130249,36.2350006103516,0.0317730009555817,0.0186899993568659,123.39769744873,-88.045,26.519,41.7210744760169,63,63,63,63,61,63,0.009345,7817,1.11627530284214,27,-88,0.001869,51,2025-08-26 14:06:26.001511,318,1.037,0.0011,"aoml_navis",1027.85459227967
"7901009",80,0.00167431815004897,1,0.024297,1,0.001869,1,127.601824312199,1,4.86439275383162,320,1,16.8910007476807,36.2150001525879,0.0242970008403063,0.0112140001729131,123.045997619629,-88.045,26.519,41.7210744760169,63,63,63,63,61,63,0.001869,7817,1.11627530284214,27,-88,0.001869,51,2025-08-26 14:06:26.001511,320,1.037,0.0011,"aoml_navis",1027.8775281995
"7901009",80,0,1,0.022428,1,0,1,128.126769364901,1,4.8642639825695,322,1,16.7549991607666,36.1959991455078,0.0224280003458261,0.00934499967843294,123.552200317383,-88.045,26.519,41.7210744760169,63,63,63,63,61,63,0,7817,1.11627530284214,27,-88,0.001869,51,2025-08-26 14:06:26.001511,322,1.037,0.0011,"aoml_navis",1027.90473911714
"7901009",80,0,1,0.022428,1,0,1,128.564288189138,1,4.86417377834521,324,1,16.6679992675781,36.181999206543,0.0224280003458261,0.00934499967843294,123.974098205566,-88.045,26.519,41.7210744760169,63,63,63,63,61,63,0,7817,1.11627530284214,27,-88,0.001869,51,2025-08-26 14:06:26.001511,324,1.037,0.0011,"aoml_navis",1027.92380121357
"7901009",80,0,1,0.022428,1,0,1,128.434865723508,1,4.86408957988959,326,1,16.5860004425049,36.1679992675781,0.0224280003458261,0.00934499967843294,123.849296569824,-88.045,26.519,41.7210744760169,63,63,63,63,61,63,0,7817,1.11627530284214,27,-88,0.001869,51,2025-08-26 14:06:26.001511,326,1.037,0.0011,"aoml_navis",1027.94159479964
"7901009",80,0.00167431815004897,1,0.024297,1,0.001869,1,127.860044205265,1,4.86399953385096,328,1,16.5049991607666,36.1559982299805,0.0242970008403063,0.0112140001729131,123.294998168945,-88.045,26.519,41.7210744760169,63,63,63,63,61,63,0.001869,7817,1.11627530284214,27,-88,0.001869,51,2025-08-26 14:06:26.001511,328,1.037,0.0011,"aoml_navis",1027.960624832
"7901009",80,0,1,0.022428,1,0,1,127.253591007257,1,4.86392515179856,330,1,16.4440002441406,36.1459999084473,0.0224280003458261,0.00934499967843294,122.71019744873,-88.045,26.519,41.7210744760169,63,63,63,63,61,63,0,7817,1.11627530284214,27,-88,0.001869,51,2025-08-26 14:06:26.001511,330,1.037,0.0011,"aoml_navis",1027.97634502067
"7901009",80,0,1,0.022428,1,0,1,127.255980393772,1,4.86382611453289,332,1,16.3449993133545,36.1310005187988,0.0224280003458261,0.00934499967843294,122.712501525879,-88.045,26.519,41.7210744760169,63,63,63,63,61,63,0,7817,1.11627530284214,27,-88,0.001869,51,2025-08-26 14:06:26.001511,332,1.037,0.0011,"aoml_navis",1027.99727668311
"7901009",80,0.00167431815004897,1,0.024297,1,0.001869,1,127.200494408232,1,4.86376341191044,334,1,16.2940006256104,36.1209983825684,0.0242970008403063,0.0112140001729131,122.658996582031,-88.045,26.519,41.7210744760169,63,63,63,63,61,63,0.001869,7817,1.11627530284214,27,-88,0.001869,51,2025-08-26 14:06:26.001511,334,1.037,0.0011,"aoml_navis",1028.01052940937
"7901009",80,0.0050229544501469,1,0.028035,1,0.005607,1,127.238139113665,1,4.86365479218267,336,1,16.1730003356934,36.1020011901855,0.0280349999666214,0.0149520002305508,122.695297241211,-88.045,26.519,41.7210744760169,63,63,63,63,61,63,0.005607,7817,1.11627530284214,27,-88,0.001869,51,2025-08-26 14:06:26.001511,336,1.037,0.0011,"aoml_navis",1028.03348791047
"7901009",80,-0.00167431815004897,1,0.020559,1,-0.001869,1,127.026797085183,1,4.86352670947693,338,1,16.0209999084473,36.0789985656738,0.020558999851346,0.00747600011527538,122.491500854492,-88.045,26.519,41.7210744760169,63,63,63,63,61,63,-0.001869,7817,1.11627530284214,27,-88,0.001869,51,2025-08-26 14:06:26.001511,338,1.037,0.0011,"aoml_navis",1028.06056153802
"7901009",80,0.00334863630009794,1,0.026166,1,0.003738,1,126.523633426776,1,4.86342940180486,340,1,15.9219999313354,36.0639991760254,0.0261659994721413,0.0130829997360706,122.006301879883,-88.045,26.519,41.7210744760169,63,63,63,63,61,63,0.003738,7817,1.11627530284214,27,-88,0.001869,51,2025-08-26 14:06:26.001511,340,1.037,0.0011,"aoml_navis",1028.08113101106
"7901009",80,0,1,0.022428,1,0,1,126.228496720859,1,4.86336725620622,342,1,15.8739995956421,36.0550003051758,0.0224280003458261,0.00934499967843294,121.721702575684,-88.045,26.519,41.7210744760169,63,63,63,63,61,63,0,7817,1.11627530284214,27,-88,0.001869,51,2025-08-26 14:06:26.001511,342,1.037,0.0011,"aoml_navis",1028.09426814712
"7901009",80,0,1,0.022428,1,0,1,126.031767927125,1,4.86327956588198,344,1,15.7930002212524,36.0429992675781,0.0224280003458261,0.00934499967843294,121.531997680664,-88.045,26.519,41.7210744760169,63,63,63,63,61,63,0,7817,1.11627530284214,27,-88,0.001869,51,2025-08-26 14:06:26.001511,344,1.037,0.0011,"aoml_navis",1028.11280582699
"7901009",80,-0.00167431815004897,1,0.020559,1,-0.001869,1,125.562933898158,1,4.86321135819291,346,1,15.7360000610352,36.0330009460449,0.020558999851346,0.00747600011527538,121.079902648926,-88.045,26.519,41.7210744760169,63,63,63,63,61,63,-0.001869,7817,1.11627530284214,27,-88,0.001869,51,2025-08-26 14:06:26.001511,346,1.037,0.0011,"aoml_navis",1028.12722535216
"7901009",80,0,1,0.022428,1,0,1,125.319026588558,1,4.86311665304313,348,1,15.6350002288818,36.0169982910156,0.0224280003458261,0.00934499967843294,120.844703674316,-88.045,26.519,41.7210744760169,63,63,63,63,61,63,0,7817,1.11627530284214,27,-88,0.001869,51,2025-08-26 14:06:26.001511,348,1.037,0.0011,"aoml_navis",1028.14724727428
"7901009",80,0.00334863630009794,1,0.026166,1,0.003738,1,125.195308585436,1,4.86304400282233,350,1,15.5670003890991,36.0050010681152,0.0261659994721413,0.0130829997360706,120.725402832031,-88.045,26.519,41.7210744760169,63,63,63,63,61,63,0.003738,7817,1.11627530284214,27,-88,0.001869,51,2025-08-26 14:06:26.001511,350,1.037,0.0011,"aoml_navis",1028.16260702107
"7901009",80,0.00167431815004897,1,0.024297,1,0.001869,1,125.034254440042,1,4.86296538354861,352,1,15.5,35.9949989318848,0.0242970008403063,0.0112140001729131,120.570098876953,-88.045,26.519,41.7210744760169,63,63,63,63,61,63,0.001869,7817,1.11627530284214,27,-88,0.001869,51,2025-08-26 14:06:26.001511,352,1.037,0.0011,"aoml_navis",1028.17922926513
"7901009",80,-0.00334863630009794,1,0.01869,1,-0.003738,1,124.765772843961,1,4.86288401598146,354,1,15.4270000457764,35.984001159668,0.0186899993568659,0.00560700008645654,120.31120300293,-88.045,26.519,41.7210744760169,63,63,63,63,61,63,-0.003738,7817,1.11627530284214,27,-88,0.001869,51,2025-08-26 14:06:26.001511,354,1.037,0.0011,"aoml_navis",1028.19643313884
"7901009",80,0,1,0.022428,1,0,1,124.482559334993,1,4.86281267781266,356,1,15.3629999160767,35.9729995727539,0.0224280003458261,0.00934499967843294,120.038101196289,-88.045,26.519,41.7210744760169,63,63,63,63,61,63,0,7817,1.11627530284214,27,-88,0.001869,51,2025-08-26 14:06:26.001511,356,1.037,0.0011,"aoml_navis",1028.21151692996
"7901009",80,0,1,0.024297,1,0.001869,1,124.00386710868,1,4.86273459980035,358,1,15.2959995269775,35.9630012512207,0.0242970008403063,0,119.576499938965,-88.045,26.519,41.7210744760169,63,63,63,63,61,63,0,7817,1.11627530284214,27,-88,0.001869,51,2025-08-26 14:06:26.001511,358,1.037,0.0011,"aoml_navis",1028.22802630546
"7901009",80,0,1,0.020559,1,-0.001869,1,123.26985864775,1,4.86267801236788,360,1,15.2519998550415,35.9539985656738,0.020558999851346,0,118.868698120117,-88.045,26.519,41.7210744760169,63,63,63,63,61,63,0,7817,1.11627530284214,27,-88,0.001869,51,2025-08-26 14:06:26.001511,360,1.037,0.0011,"aoml_navis",1028.23999188983
"7901009",80,0,1,0.01869,1,-0.003738,1,122.504020710158,1,4.86260564332853,362,1,15.1899995803833,35.9440002441406,0.0186899993568659,0,118.13020324707,-88.045,26.519,41.7210744760169,63,63,63,63,61,63,0,7817,1.11627530284214,27,-88,0.001869,51,2025-08-26 14:06:26.001511,362,1.037,0.0011,"aoml_navis",1028.2552949487
"7901009",80,0,1,0.020559,1,-0.001869,1,121.842706564804,1,4.86249986882065,364,1,15.0799999237061,35.9290008544922,0.020558999851346,0,117.492500305176,-88.045,26.519,41.7210744760169,63,63,63,63,61,63,0,7817,1.11627530284214,27,-88,0.001869,51,2025-08-26 14:06:26.001511,364,1.037,0.0011,"aoml_navis",1028.27766270207
"7901009",80,0,1,0.01869,1,-0.003738,1,121.69088557856,1,4.8624160587959,366,1,14.9899997711182,35.9140014648438,0.0186899993568659,0,117.346099853516,-88.045,26.519,41.7210744760169,63,63,63,63,61,63,0,7817,1.11627530284214,27,-88,0.001869,51,2025-08-26 14:06:26.001511,366,1.037,0.0011,"aoml_navis",1028.29538639648
"7901009",80,0,1,0.020559,1,-0.001869,1,121.539895339284,1,4.86236001565992,368,1,14.9460000991821,35.9049987792969,0.020558999851346,0,117.200500488281,-88.045,26.519,41.7210744760169,63,63,63,63,61,63,0,7817,1.11627530284214,27,-88,0.001869,51,2025-08-26 14:06:26.001511,368,1.037,0.0011,"aoml_navis",1028.30723843911
"7901009",80,0,1,0.020559,1,-0.001869,1,121.44158236961,1,4.86225027301204,370,1,14.8210000991821,35.8870010375977,0.020558999851346,0,117.105697631836,-88.045,26.519,41.7210744760169,63,63,63,63,61,63,0,7817,1.11627530284214,27,-88,0.001869,51,2025-08-26 14:06:26.001511,370,1.037,0.0011,"aoml_navis",1028.33044768439
"7901009",80,0,1,0.022428,1,0,1,120.976688454831,1,4.86218052686296,372,1,14.7569999694824,35.8759994506836,0.0224280003458261,0,116.657402038574,-88.045,26.519,41.7210744760169,63,63,63,63,61,63,0,7817,1.11627530284214,27,-88,0.001869,51,2025-08-26 14:06:26.001511,372,1.037,0.0011,"aoml_navis",1028.3451986975
"7901009",80,0,1,0.020559,1,-0.001869,1,120.270260793215,1,4.86212034533446,374,1,14.7189998626709,35.8699989318848,0.020558999851346,0,115.976196289062,-88.045,26.519,41.7210744760169,63,63,63,63,61,63,0,7817,1.11627530284214,27,-88,0.001869,51,2025-08-26 14:06:26.001511,374,1.037,0.0011,"aoml_navis",1028.35792717427
"7901009",80,0,1,0.022428,1,0,1,119.406529215371,1,4.86205250998327,376,1,14.6599998474121,35.8600006103516,0.0224280003458261,0,115.14330291748,-88.045,26.519,41.7210744760169,63,63,63,63,61,63,0,7817,1.11627530284214,27,-88,0.001869,51,2025-08-26 14:06:26.001511,376,1.037,0.0011,"aoml_navis",1028.37227482292
"7901009",80,0,1,0.024297,1,0.001869,1,118.799450979168,1,4.86196780570219,378,1,14.5780000686646,35.8479995727539,0.0242970008403063,0,114.557899475098,-88.045,26.519,41.7210744760169,63,63,63,63,61,63,0,7817,1.11627530284214,27,-88,0.001869,51,2025-08-26 14:06:26.001511,378,1.037,0.0011,"aoml_navis",1028.39019092967
"7901009",80,0,1,0.020559,1,-0.001869,1,117.888216498546,1,4.86191353639659,380,1,14.5349998474121,35.8390007019043,0.020558999851346,0,113.67919921875,-88.045,26.519,41.7210744760169,63,63,63,63,61,63,0,7817,1.11627530284214,27,-88,0.001869,51,2025-08-26 14:06:26.001511,380,1.037,0.0011,"aoml_navis",1028.40166995355
"7901009",80,0,1,0.01869,1,-0.003738,1,116.977290581083,1,4.86183661269111,382,1,14.460000038147,35.8269996643066,0.0186899993568659,0,112.800796508789,-88.045,26.519,41.7210744760169,63,63,63,63,61,63,0,7817,1.11627530284214,27,-88,0.001869,51,2025-08-26 14:06:26.001511,382,1.037,0.0011,"aoml_navis",1028.41794126694
"7901009",80,0,1,0.024297,1,0.001869,1,117.055902979818,1,4.86173782852628,384,1,14.3500003814697,35.8110008239746,0.0242970008403063,0,112.876602172852,-88.045,26.519,41.7210744760169,63,63,63,63,61,63,0,7817,1.11627530284214,27,-88,0.001869,51,2025-08-26 14:06:26.001511,384,1.037,0.0011,"aoml_navis",1028.43883737672
"7901009",80,0,1,0.020559,1,-0.001869,1,117.599512147718,1,4.86164738042274,386,1,14.2510004043579,35.7960014343262,0.020558999851346,0,113.400802612305,-88.045,26.519,41.7210744760169,63,63,63,63,61,63,0,7817,1.11627530284214,27,-88,0.001869,51,2025-08-26 14:06:26.001511,386,1.037,0.0011,"aoml_navis",1028.45797087925
"7901009",80,0,1,0.024297,1,0.001869,1,118.184911844012,1,4.8615620402315,388,1,14.1529998779297,35.7799987792969,0.0242970008403063,0,113.965301513672,-88.045,26.519,41.7210744760169,63,63,63,63,61,63,0,7817,1.11627530284214,27,-88,0.001869,51,2025-08-26 14:06:26.001511,388,1.037,0.0011,"aoml_navis",1028.47602450053
"7901009",80,0,1,0.026166,1,0.003738,1,118.515928907041,1,4.86147561817981,390,1,14.0430002212524,35.7610015869141,0.0261659994721413,0,114.28450012207,-88.045,26.519,41.7210744760169,63,63,63,63,61,63,0,7817,1.11627530284214,27,-88,0.001869,51,2025-08-26 14:06:26.001511,390,1.037,0.0011,"aoml_navis",1028.49430763412
"7901009",80,0,1,0.020559,1,-0.001869,1,118.615895458774,1,4.86138545063716,392,1,13.9429998397827,35.7459983825684,0.020558999851346,0,114.380897521973,-88.045,26.519,41.7210744760169,63,63,63,63,61,63,0,7817,1.11627530284214,27,-88,0.001869,51,2025-08-26 14:06:26.001511,392,1.037,0.0011,"aoml_navis",1028.51338384301
"7901009",80,0,1,0.024297,1,0.001869,1,118.257606159589,1,4.86132306201927,394,1,13.8909997940063,35.7369995117188,0.0242970008403063,0,114.035400390625,-88.045,26.519,41.7210744760169,63,63,63,63,61,63,0,7817,1.11627530284214,27,-88,0.001869,51,2025-08-26 14:06:26.001511,394,1.037,0.0011,"aoml_navis",1028.52658344478
"7901009",80,0,1,0.020559,1,-0.001869,1,117.509910153388,1,4.86125361279417,396,1,13.8319997787476,35.7280006408691,0.020558999851346,0,113.314399719238,-88.045,26.519,41.7210744760169,63,63,63,63,61,63,0,7817,1.11627530284214,27,-88,0.001869,51,2025-08-26 14:06:26.001511,396,1.037,0.0011,"aoml_navis",1028.54127726245
"7901009",80,0,1,0.022428,1,0,1,116.916938791878,1,4.8611843067356,398,1,13.7729997634888,35.7190017700195,0.0224280003458261,0,112.742599487305,-88.045,26.519,41.7210744760169,63,63,63,63,61,63,0,7817,1.11627530284214,27,-88,0.001869,51,2025-08-26 14:06:26.001511,398,1.037,0.0011,"aoml_navis",1028.555941208
"7901009",80,0,1,0.022428,1,0,1,116.456087845673,1,4.86110695538245,400.100006103516,1,13.7080001831055,35.7099990844727,0.0224280003458261,0,112.298202514648,-88.045,26.519,41.7210744760169,63,63,63,63,61,63,0,7817,1.11627530284214,27,-88,0.001869,51,2025-08-26 14:06:26.001511,400.100006103516,1.037,0.0011,"aoml_navis",1028.57230789044
"7901009",80,0,1,0.020559,1,-0.001869,1,116.143632043456,1,4.86105250048557,402,1,13.6719999313354,35.7039985656738,0.020558999851346,0,111.99690246582,-88.045,26.519,41.7210744760169,63,63,63,63,61,63,0,7817,1.11627530284214,27,-88,0.001869,51,2025-08-26 14:06:26.001511,402,1.037,0.0011,"aoml_navis",1028.58383025087
"7901009",80,0,1,0.026166,1,0.003738,1,115.862080028422,1,4.86100412507776,404,1,13.6440000534058,35.6980018615723,0.0261659994721413,0,111.725402832031,-88.045,26.519,41.7210744760169,63,63,63,63,61,63,0,7817,1.11627530284214,27,-88,0.001869,51,2025-08-26 14:06:26.001511,404,1.037,0.0011,"aoml_navis",1028.59406644096
"7901009",80,0,1,0.026166,1,0.003738,1,115.637248251566,1,4.86094421211192,406,1,13.6009998321533,35.6910018920898,0.0261659994721413,0,111.508598327637,-88.045,26.519,41.7210744760169,63,63,63,63,61,63,0,7817,1.11627530284214,27,-88,0.001869,51,2025-08-26 14:06:26.001511,406,1.037,0.0011,"aoml_navis",1028.60674424973
"7901009",80,0,1,0.022428,1,0,1,115.644092024202,1,4.86085387243755,408,1,13.4989995956421,35.6759986877441,0.0224280003458261,0,111.515197753906,-88.045,26.519,41.7210744760169,63,63,63,63,61,63,0,7817,1.11627530284214,27,-88,0.001869,51,2025-08-26 14:06:26.001511,408,1.037,0.0011,"aoml_navis",1028.62586105529
"7901009",80,0,1,0.020559,1,-0.001869,1,115.712434808045,1,4.86077881545477,410,1,13.418999671936,35.6629981994629,0.020558999851346,0,111.581100463867,-88.045,26.519,41.7210744760169,63,63,63,63,61,63,0,7817,1.11627530284214,27,-88,0.001869,51,2025-08-26 14:06:26.001511,410,1.037,0.0011,"aoml_navis",1028.64174442634
"7901009",80,0,1,0.020559,1,-0.001869,1,115.689830578659,1,4.86073713507113,412,1,13.4010000228882,35.6580009460449,0.020558999851346,0,111.559303283691,-88.045,26.519,41.7210744760169,63,63,63,63,61,63,0,7817,1.11627530284214,27,-88,0.001869,51,2025-08-26 14:06:26.001511,412,1.037,0.0011,"aoml_navis",1028.65056493676
"7901009",80,0,1,0.01869,1,-0.003738,1,115.7345247655,1,4.86065511425936,414,1,13.3210000991821,35.6469993591309,0.0186899993568659,0,111.602401733398,-88.045,26.519,41.7210744760169,63,63,63,63,61,63,0,7817,1.11627530284214,27,-88,0.001869,51,2025-08-26 14:06:26.001511,414,1.037,0.0011,"aoml_navis",1028.66792283449
"7901009",80,0,1,0.022428,1,0,1,115.690139141818,1,4.86056827763829,416,1,13.21399974823,35.6300010681152,0.0224280003458261,0,111.559600830078,-88.045,26.519,41.7210744760169,63,63,63,63,61,63,0,7817,1.11627530284214,27,-88,0.001869,51,2025-08-26 14:06:26.001511,416,1.037,0.0011,"aoml_navis",1028.68630053057
"7901009",80,0,1,0.024297,1,0.001869,1,115.527012084943,1,4.86049186924675,418,1,13.1280002593994,35.6160011291504,0.0242970008403063,0,111.402297973633,-88.045,26.519,41.7210744760169,63,63,63,63,61,63,0,7817,1.11627530284214,27,-88,0.001869,51,2025-08-26 14:06:26.001511,418,1.037,0.0011,"aoml_navis",1028.70247178808
"7901009",80,0,1,0.020559,1,-0.001869,1,114.858442749408,1,4.8604348536687,420,1,13.0869998931885,35.609001159668,0.020558999851346,0,110.757598876953,-88.045,26.519,41.7210744760169,63,63,63,63,61,63,0,7817,1.11627530284214,27,-88,0.001869,51,2025-08-26 14:06:26.001511,420,1.037,0.0011,"aoml_navis",1028.7145390347
"7901009",80,0,1,0.01869,1,-0.003738,1,113.703403813572,1,4.86036212548129,422,1,13.0190000534058,35.5989990234375,0.0186899993568659,0,109.643798828125,-88.045,26.519,41.7210744760169,63,63,63,63,61,63,0,7817,1.11627530284214,27,-88,0.001869,51,2025-08-26 14:06:26.001511,422,1.037,0.0011,"aoml_navis",1028.72993223831
"7901009",80,0,1,0.024297,1,0.001869,1,112.685564717355,1,4.86027744459276,424,1,12.9350004196167,35.5880012512207,0.0242970008403063,0,108.662300109863,-88.045,26.519,41.7210744760169,63,63,63,63,61,63,0,7817,1.11627530284214,27,-88,0.001869,51,2025-08-26 14:06:26.001511,424,1.037,0.0011,"aoml_navis",1028.74785585804
"7901009",80,0,1,0.022428,1,0,1,112.42703626113,1,4.86019391025016,426,1,12.8629999160767,35.5800018310547,0.0224280003458261,0,108.41300201416,-88.045,26.519,41.7210744760169,63,63,63,63,61,63,0,7817,1.11627530284214,27,-88,0.001869,51,2025-08-26 14:06:26.001511,426,1.037,0.0011,"aoml_navis",1028.76553741096
"7901009",80,0,1,0.022428,1,0,1,112.34801244485,1,4.86012084486343,428,1,12.793999671936,35.5699996948242,0.0224280003458261,0,108.336799621582,-88.045,26.519,41.7210744760169,63,63,63,63,61,63,0,7817,1.11627530284214,27,-88,0.001869,51,2025-08-26 14:06:26.001511,428,1.037,0.0011,"aoml_navis",1028.78100351855
"7901009",80,0,1,0.022428,1,0,1,112.134178175466,1,4.86005683029899,430,1,12.7489995956421,35.5639991760254,0.0224280003458261,0,108.130599975586,-88.045,26.519,41.7210744760169,63,63,63,63,61,63,0,7817,1.11627530284214,27,-88,0.001869,51,2025-08-26 14:06:26.001511,430,1.037,0.0011,"aoml_navis",1028.79455417652
"7901009",80,0,1,0.029904,1,0.007476,1,111.922836146983,1,4.86000559161745,432,1,12.7170000076294,35.5579986572266,0.0299040004611015,0,107.926803588867,-88.045,26.519,41.7210744760169,63,63,63,63,61,63,0,7817,1.11627530284214,27,-88,0.001869,51,2025-08-26 14:06:26.001511,432,1.037,0.0011,"aoml_navis",1028.80540068185
"7901009",80,0,1,0.022428,1,0,1,111.697070768774,1,4.85994341621868,434,1,12.6700000762939,35.5509986877441,0.0224280003458261,0,107.709098815918,-88.045,26.519,41.7210744760169,63,63,63,63,61,63,0,7817,1.11627530284214,27,-88,0.001869,51,2025-08-26 14:06:26.001511,434,1.037,0.0011,"aoml_navis",1028.81856264291
"7901009",80,0,1,0.022428,1,0,1,111.30207036551,1,4.85988764052702,436,1,12.6370000839233,35.5460014343262,0.0224280003458261,0,107.328201293945,-88.045,26.519,41.7210744760169,63,63,63,63,61,63,0,7817,1.11627530284214,27,-88,0.001869,51,2025-08-26 14:06:26.001511,436,1.037,0.0011,"aoml_navis",1028.83037013131
"7901009",80,0,1,0.024297,1,0.001869,1,110.857597002375,1,4.85982293825796,438,1,12.5909996032715,35.5400009155273,0.0242970008403063,0,106.899597167969,-88.045,26.519,41.7210744760169,63,63,63,63,61,63,0,7817,1.11627530284214,27,-88,0.001869,51,2025-08-26 14:06:26.001511,438,1.037,0.0011,"aoml_navis",1028.84406767961
"7901009",80,0,1,0.020559,1,-0.001869,1,110.524609882252,1,4.85976026170457,440,1,12.5469999313354,35.5340003967285,0.020558999851346,0,106.578498840332,-88.045,26.519,41.7210744760169,63,63,63,63,61,63,0,7817,1.11627530284214,27,-88,0.001869,51,2025-08-26 14:06:26.001511,440,1.037,0.0011,"aoml_navis",1028.85733672925
"7901009",80,0,1,0.026166,1,0.003738,1,109.955073497096,1,4.85971694688038,442,1,12.5380001068115,35.5320014953613,0.0261659994721413,0,106.029296875,-88.045,26.519,41.7210744760169,63,63,63,63,61,63,0,7817,1.11627530284214,27,-88,0.001869,51,2025-08-26 14:06:26.001511,442,1.037,0.0011,"aoml_navis",1028.86650697006
"7901009",80,0,1,0.022428,1,0,1,109.655482405058,1,4.85965264582239,444,1,12.496000289917,35.5270004272461,0.0224280003458261,0,105.74040222168,-88.045,26.519,41.7210744760169,63,63,63,63,61,63,0,7817,1.11627530284214,27,-88,0.001869,51,2025-08-26 14:06:26.001511,444,1.037,0.0011,"aoml_navis",1028.88012053665
"7901009",80,0,1,0.020559,1,-0.001869,1,109.455232826558,1,4.85960118929694,446,1,12.4709997177124,35.5229988098145,0.020558999851346,0,105.547302246094,-88.045,26.519,41.7210744760169,63,63,63,63,61,63,0,7817,1.11627530284214,27,-88,0.001869,51,2025-08-26 14:06:26.001511,446,1.037,0.0011,"aoml_navis",1028.89101496894
"7901009",80,0,1,0.022428,1,0,1,109.279660388926,1,4.85955746959097,448,1,12.4540004730225,35.5190010070801,0.0224280003458261,0,105.377998352051,-88.045,26.519,41.7210744760169,63,63,63,63,61,63,0,7817,1.11627530284214,27,-88,0.001869,51,2025-08-26 14:06:26.001511,448,1.037,0.0011,"aoml_navis",1028.90027153457
"7901009",80,0,1,0.026166,1,0.003738,1,109.43220926775,1,4.85947669393814,450,1,12.3719997406006,35.507999420166,0.0261659994721413,0,105.525100708008,-88.045,26.519,41.7210744760169,63,63,63,63,61,63,0,7817,1.11627530284214,27,-88,0.001869,51,2025-08-26 14:06:26.001511,450,1.037,0.0011,"aoml_navis",1028.91737421792
"7901009",80,0,1,0.026166,1,0.003738,1,109.921060342691,1,4.85941268658419,452,1,12.3109998703003,35.4980010986328,0.0261659994721413,0,105.99649810791,-88.045,26.519,41.7210744760169,63,63,63,63,61,63,0,7817,1.11627530284214,27,-88,0.001869,51,2025-08-26 14:06:26.001511,452,1.037,0.0011,"aoml_navis",1028.93092694184
"7901009",80,0,1,0.022428,1,0,1,110.973229068348,1,4.85934502331759,454,1,12.246000289917,35.4879989624023,0.0224280003458261,0,107.011100769043,-88.045,26.519,41.7210744760169,63,63,63,63,61,63,0,7817,1.11627530284214,27,-88,0.001869,51,2025-08-26 14:06:26.001511,454,1.037,0.0011,"aoml_navis",1028.94525414587
"7901009",80,0,1,0.026166,1,0.003738,1,112.484175828729,1,4.8592889606549,456,1,12.1700000762939,35.4720001220703,0.0261659994721413,0,108.468101501465,-88.045,26.519,41.7210744760169,63,63,63,63,61,63,0,7817,1.11627530284214,27,-88,0.001869,51,2025-08-26 14:06:26.001511,456,1.037,0.0011,"aoml_navis",1028.95712530875
"7901009",80,0,1,0.020559,1,-0.001869,1,113.964218801926,1,4.85919815894438,458,1,12.0340003967285,35.4500007629395,0.020558999851346,0,109.895301818848,-88.045,26.519,41.7210744760169,63,63,63,63,61,63,0,7817,1.11627530284214,27,-88,0.001869,51,2025-08-26 14:06:26.001511,458,1.037,0.0011,"aoml_navis",1028.97635298047
"7901009",80,0,1,0.028035,1,0.005607,1,114.982469315689,1,4.85915640910131,460,1,11.9840002059937,35.4370002746582,0.0280349999666214,0,110.877197265625,-88.045,26.519,41.7210744760169,63,63,63,63,61,63,0,7817,1.11627530284214,27,-88,0.001869,51,2025-08-26 14:06:26.001511,460,1.037,0.0011,"aoml_navis",1028.9851939392
"7901009",80,0,1,0.022428,1,0,1,116.002286380876,1,4.85907749318858,462,1,11.875,35.4189987182617,0.0224280003458261,0,111.86060333252,-88.045,26.519,41.7210744760169,63,63,63,63,61,63,0,7817,1.11627530284214,27,-88,0.001869,51,2025-08-26 14:06:26.001511,462,1.037,0.0011,"aoml_navis",1029.00190561047
"7901009",80,0,1,0.022428,1,0,1,116.125996472121,1,4.85902005373691,464,1,11.8039999008179,35.4049987792969,0.0224280003458261,0,111.97989654541,-88.045,26.519,41.7210744760169,63,63,63,63,61,63,0,7817,1.11627530284214,27,-88,0.001869,51,2025-08-26 14:06:26.001511,464,1.037,0.0011,"aoml_navis",1029.0140696486
"7901009",80,0,1,0.031773,1,0.009345,1,116.027382851164,1,4.85896043021887,466,1,11.75,35.3959999084473,0.0317730009555817,0,111.884803771973,-88.045,26.519,41.7210744760169,63,63,63,63,61,63,0,7817,1.11627530284214,27,-88,0.001869,51,2025-08-26 14:06:26.001511,466,1.037,0.0011,"aoml_navis",1029.02669651392
"7901009",80,0,1,0.028035,1,0.005607,1,115.900341860174,1,4.85889606542254,468,1,11.6789999008179,35.3839988708496,0.0280349999666214,0,111.762298583984,-88.045,26.519,41.7210744760169,63,63,63,63,61,63,0,7817,1.11627530284214,27,-88,0.001869,51,2025-08-26 14:06:26.001511,468,1.037,0.0011,"aoml_navis",1029.04032781882
"7901009",80,0,1,0.026166,1,0.003738,1,115.852538306112,1,4.85882099686499,470,1,11.6120004653931,35.3759994506836,0.0261659994721413,0,111.716201782227,-88.045,26.519,41.7210744760169,63,63,63,63,61,63,0,7817,1.11627530284214,27,-88,0.001869,51,2025-08-26 14:06:26.001511,470,1.037,0.0011,"aoml_navis",1029.05622644384
"7901009",80,0,1,0.024297,1,0.001869,1,115.752983171926,1,4.85877318700822,472,1,11.5900001525879,35.3720016479492,0.0242970008403063,0,111.62020111084,-88.045,26.519,41.7210744760169,63,63,63,63,61,63,0,7817,1.11627530284214,27,-88,0.001869,51,2025-08-26 14:06:26.001511,472,1.037,0.0011,"aoml_navis",1029.06635225727
"7901009",80,0,1,0.020559,1,-0.001869,1,115.569633360304,1,4.85872731628885,474,1,11.5740003585815,35.3689994812012,0.020558999851346,0,111.443397521973,-88.045,26.519,41.7210744760169,63,63,63,63,61,63,0,7817,1.11627530284214,27,-88,0.001869,51,2025-08-26 14:06:26.001511,474,1.037,0.0011,"aoml_navis",1029.07606756147
"7901009",80,0,1,0.026166,1,0.003738,1,115.460125086261,1,4.85866931666871,476,1,11.5369997024536,35.3639984130859,0.0261659994721413,0,111.337799072266,-88.045,26.519,41.7210744760169,63,63,63,63,61,63,0,7817,1.11627530284214,27,-88,0.001869,51,2025-08-26 14:06:26.001511,476,1.037,0.0011,"aoml_navis",1029.08835199926
"7901009",80,0,1,0.024297,1,0.001869,1,115.266822134783,1,4.858620687671,478,1,11.5179996490479,35.3610000610352,0.0242970008403063,0,111.151397705078,-88.045,26.519,41.7210744760169,63,63,63,63,61,63,0,7817,1.11627530284214,27,-88,0.001869,51,2025-08-26 14:06:26.001511,478,1.037,0.0011,"aoml_navis",1029.09865194617
"7901009",80,0,1,0.028035,1,0.005607,1,115.015762489388,1,4.85855821396915,480,1,11.4840002059937,35.3580017089844,0.0280349999666214,0,110.909301757812,-88.045,26.519,41.7210744760169,63,63,63,63,61,63,0,7817,1.11627530284214,27,-88,0.001869,51,2025-08-26 14:06:26.001511,480,1.037,0.0011,"aoml_navis",1029.11188459658
"7901009",80,0,1,0.026166,1,0.003738,1,114.796429466268,1,4.85851336338704,482,1,11.4729995727539,35.3559989929199,0.0261659994721413,0,110.697799682617,-88.045,26.519,41.7210744760169,63,63,63,63,61,63,0,7817,1.11627530284214,27,-88,0.001869,51,2025-08-26 14:06:26.001511,482,1.037,0.0011,"aoml_navis",1029.12138467688
"7901009",80,0,1,0.028035,1,0.005607,1,114.704240288525,1,4.85845552576532,484,1,11.4399995803833,35.3520011901855,0.0280349999666214,0,110.608901977539,-88.045,26.519,41.7210744760169,63,63,63,63,61,63,0,7817,1.11627530284214,27,-88,0.001869,51,2025-08-26 14:06:26.001511,484,1.037,0.0011,"aoml_navis",1029.13363588162
"7901009",80,0,1,0.022428,1,0,1,114.664419817226,1,4.85840045780418,486,1,11.4020004272461,35.3460006713867,0.0224280003458261,0,110.570503234863,-88.045,26.519,41.7210744760169,63,63,63,63,61,63,0,7817,1.11627530284214,27,-88,0.001869,51,2025-08-26 14:06:26.001511,486,1.037,0.0011,"aoml_navis",1029.14530068602
"7901009",80,0,1,0.024297,1,0.001869,1,114.564967537425,1,4.85835099832034,488,1,11.3780002593994,35.3419990539551,0.0242970008403063,0,110.474601745605,-88.045,26.519,41.7210744760169,63,63,63,63,61,63,0,7817,1.11627530284214,27,-88,0.001869,51,2025-08-26 14:06:26.001511,488,1.037,0.0011,"aoml_navis",1029.15577769672
"7901009",80,0,1,0.024297,1,0.001869,1,114.561747403943,1,4.85828591150421,490,1,11.3210000991821,35.3339996337891,0.0242970008403063,0,110.471496582031,-88.045,26.519,41.7210744760169,63,63,63,63,61,63,0,7817,1.11627530284214,27,-88,0.001869,51,2025-08-26 14:06:26.001511,490,1.037,0.0011,"aoml_navis",1029.16956537289
"7901009",80,0,1,0.020559,1,-0.001869,1,114.579280120891,1,4.85822644945967,492,1,11.2700004577637,35.326000213623,0.020558999851346,0,110.488403320312,-88.045,26.519,41.7210744760169,63,63,63,63,61,63,0,7817,1.11627530284214,27,-88,0.001869,51,2025-08-26 14:06:26.001511,492,1.037,0.0011,"aoml_navis",1029.18216184758
"7901009",80,0,1,0.029904,1,0.007476,1,114.597944236089,1,4.85817256384934,494,1,11.2290000915527,35.3190002441406,0.0299040004611015,0,110.506401062012,-88.045,26.519,41.7210744760169,63,63,63,63,61,63,0,7817,1.11627530284214,27,-88,0.001869,51,2025-08-26 14:06:26.001511,494,1.037,0.0011,"aoml_navis",1029.19357727348
"7901009",80,0,1,0.026166,1,0.003738,1,114.558843745495,1,4.85810235739716,496,1,11.1700000762939,35.3120002746582,0.0261659994721413,0,110.468696594238,-88.045,26.519,41.7210744760169,63,63,63,63,61,63,0,7817,1.11627530284214,27,-88,0.001869,51,2025-08-26 14:06:26.001511,496,1.037,0.0011,"aoml_navis",1029.20845057675
"7901009",80,0,1,0.024297,1,0.001869,1,114.464273093112,1,4.85804405103605,498,1,11.1319999694824,35.306999206543,0.0242970008403063,0,110.377502441406,-88.045,26.519,41.7210744760169,63,63,63,63,61,63,0,7817,1.11627530284214,27,-88,0.001869,51,2025-08-26 14:06:26.001511,498,1.037,0.0011,"aoml_navis",1029.22080316124
"7901009",80,0,1,0.024297,1,0.001869,1,114.341591545731,1,4.85799312039542,500,1,11.0939998626709,35.2999992370605,0.0242970008403063,0,110.259201049805,-88.045,26.519,41.7210744760169,63,63,63,63,61,63,0,7817,1.11627530284214,27,-88,0.001869,51,2025-08-26 14:06:26.001511,500,1.037,0.0011,"aoml_navis",1029.23159339366
"7901009",80,0,1,0.026166,1,0.003738,1,114.28973711122,1,4.85792957943278,502,1,11.0419998168945,35.2929992675781,0.0261659994721413,0,110.209197998047,-88.045,26.519,41.7210744760169,63,63,63,63,61,63,0,7817,1.11627530284214,27,-88,0.001869,51,2025-08-26 14:06:26.001511,502,1.037,0.0011,"aoml_navis",1029.24505558267
"7901009",80,0,1,0.026166,1,0.003738,1,114.088245368207,1,4.85788582600332,504,1,11.0279998779297,35.2900009155273,0.0261659994721413,0,110.01490020752,-88.045,26.519,41.7210744760169,63,63,63,63,61,63,0,7817,1.11627530284214,27,-88,0.001869,51,2025-08-26 14:06:26.001511,504,1.037,0.0011,"aoml_navis",1029.25432566487
"7901009",80,0,1,0.028035,1,0.005607,1,113.904381284653,1,4.85782434806506,506,1,10.9700002670288,35.2809982299805,0.0280349999666214,0,109.837600708008,-88.045,26.519,41.7210744760169,63,63,63,63,61,63,0,7817,1.11627530284214,27,-88,0.001869,51,2025-08-26 14:06:26.001511,506,1.037,0.0011,"aoml_navis",1029.26735133838
"7901009",80,0,1,0.026166,1,0.003738,1,113.686606901081,1,4.85774599477085,508,1,10.8889999389648,35.2709999084473,0.0261659994721413,0,109.627601623535,-88.045,26.519,41.7210744760169,63,63,63,63,61,63,0,7817,1.11627530284214,27,-88,0.001869,51,2025-08-26 14:06:26.001511,508,1.037,0.0011,"aoml_navis",1029.28395296549
"7901009",80,0,1,0.029904,1,0.007476,1,113.624593617941,1,4.85768111271496,510,1,10.835000038147,35.2639999389648,0.0299040004611015,0,109.567802429199,-88.045,26.519,41.7210744760169,63,63,63,63,61,63,0,7817,1.11627530284214,27,-88,0.001869,51,2025-08-26 14:06:26.001511,510,1.037,0.0011,"aoml_navis",1029.29770068944
"7901009",80,0,4,0.016821,1,-0.005607,1,113.498383373917,1,4.85763397906133,512,1,10.8129997253418,35.2599983215332,0.0168210007250309,0,109.446098327637,-88.045,26.519,41.7210744760169,63,63,63,63,61,63,0,7817,1.11627530284214,27,-88,0.001869,51,2025-08-26 14:06:26.001511,512,1.037,0.0011,"aoml_navis",1029.30768797162
"7901009",80,0,1,0.028035,1,0.005607,1,113.502220633719,1,4.85756659042273,514,1,10.7559995651245,35.2529983520508,0.0280349999666214,0,109.449798583984,-88.045,26.519,41.7210744760169,63,63,63,63,61,63,0,7817,1.11627530284214,27,-88,0.001869,51,2025-08-26 14:06:26.001511,514,1.037,0.0011,"aoml_navis",1029.32196747608
"7901009",80,0,1,0.029904,1,0.007476,1,113.458254339459,1,4.85751495882849,516,1,10.7329998016357,35.25,0.0299040004611015,0,109.407402038574,-88.045,26.519,41.7210744760169,63,63,63,63,61,63,0,7817,1.11627530284214,27,-88,0.001869,51,2025-08-26 14:06:26.001511,516,1.037,0.0011,"aoml_navis",1029.33290836553
"7901009",80,0,1,0.026166,1,0.003738,1,113.319187297132,1,4.85747027685014,518,1,10.7259998321533,35.2490005493164,0.0261659994721413,0,109.273300170898,-88.045,26.519,41.7210744760169,63,63,63,63,61,63,0,7817,1.11627530284214,27,-88,0.001869,51,2025-08-26 14:06:26.001511,518,1.037,0.0011,"aoml_navis",1029.3423767983
"7901009",80,0,1,0.024297,1,0.001869,1,113.257379722764,1,4.85741868415479,520,1,10.7030000686646,35.2459983825684,0.0242970008403063,0,109.21369934082,-88.045,26.519,41.7210744760169,63,63,63,63,61,63,0,7817,1.11627530284214,27,-88,0.001869,51,2025-08-26 14:06:26.001511,520,1.037,0.0011,"aoml_navis",1029.35330987842
"7901009",80,0,1,0.026166,1,0.003738,1,113.088239640221,1,4.85736709740264,522,1,10.6800003051758,35.2430000305176,0.0261659994721413,0,109.050598144531,-88.045,26.519,41.7210744760169,63,63,63,63,61,63,0,7817,1.11627530284214,27,-88,0.001869,51,2025-08-26 14:06:26.001511,522,1.037,0.0011,"aoml_navis",1029.36424193132
"7901009",80,0,1,0.024297,1,0.001869,1,112.89296663165,1,4.85732197789251,524,1,10.6560001373291,35.2379989624023,0.0242970008403063,0,108.862297058105,-88.045,26.519,41.7210744760169,63,63,63,63,61,63,0,7817,1.11627530284214,27,-88,0.001869,51,2025-08-26 14:06:26.001511,524,1.037,0.0011,"aoml_navis",1029.37380366319
"7901009",80,0,1,0.022428,1,0,1,112.72881103091,1,4.8572600164445,526,1,10.6129999160767,35.2330017089844,0.0224280003458261,0,108.704002380371,-88.045,26.519,41.7210744760169,63,63,63,63,61,63,0,7817,1.11627530284214,27,-88,0.001869,51,2025-08-26 14:06:26.001511,526,1.037,0.0011,"aoml_navis",1029.38693482998
"7901009",80,0,1,0.026166,1,0.003738,1,112.587251747682,1,4.85719750943674,528,1,10.5609998703003,35.226001739502,0.0261659994721413,0,108.567497253418,-88.045,26.519,41.7210744760169,63,63,63,63,61,63,0,7817,1.11627530284214,27,-88,0.001869,51,2025-08-26 14:06:26.001511,528,1.037,0.0011,"aoml_navis",1029.40018195386
"7901009",80,0,1,0.029904,1,0.007476,1,112.534265914919,1,4.85712733378571,530,1,10.496000289917,35.2179985046387,0.0299040004611015,0,108.516403198242,-88.045,26.519,41.7210744760169,63,63,63,63,61,63,0,7817,1.11627530284214,27,-88,0.001869,51,2025-08-26 14:06:26.001511,530,1.037,0.0011,"aoml_navis",1029.41505470126
"7901009",80,0,1,0.022428,1,0,1,112.461255124307,1,4.8570753355947,532,1,10.46399974823,35.2130012512207,0.0224280003458261,0,108.445999145508,-88.045,26.519,41.7210744760169,63,63,63,63,61,63,0,7817,1.11627530284214,27,-88,0.001869,51,2025-08-26 14:06:26.001511,532,1.037,0.0011,"aoml_navis",1029.42607526754
"7901009",80,0,1,0.028035,1,0.005607,1,112.449126218584,1,4.85701022043194,534,1,10.4169998168945,35.2080001831055,0.0280349999666214,0,108.434303283691,-88.045,26.519,41.7210744760169,63,63,63,63,61,63,0,7817,1.11627530284214,27,-88,0.001869,51,2025-08-26 14:06:26.001511,534,1.037,0.0011,"aoml_navis",1029.43987619514
"7901009",80,0,1,0.024297,1,0.001869,1,112.472458340552,1,4.85695204729108,536,1,10.3819999694824,35.2039985656738,0.0242970008403063,0,108.456802368164,-88.045,26.519,41.7210744760169,63,63,63,63,61,63,0,7817,1.11627530284214,27,-88,0.001869,51,2025-08-26 14:06:26.001511,536,1.037,0.0011,"aoml_navis",1029.45220609882
"7901009",80,0,1,0.029904,1,0.007476,1,112.550651409865,1,4.85690528580914,538,1,10.3599996566772,35.2000007629395,0.0299040004611015,0,108.532203674316,-88.045,26.519,41.7210744760169,63,63,63,63,61,63,0,7817,1.11627530284214,27,-88,0.001869,51,2025-08-26 14:06:26.001511,538,1.037,0.0011,"aoml_navis",1029.46211749464
"7901009",80,0,1,0.031773,1,0.009345,1,112.662644012933,1,4.85685227091139,540,1,10.335000038147,35.1969985961914,0.0317730009555817,0,108.640197753906,-88.045,26.519,41.7210744760169,63,63,63,63,61,63,0,7817,1.11627530284214,27,-88,0.001869,51,2025-08-26 14:06:26.001511,540,1.037,0.0011,"aoml_navis",1029.47335457287
"7901009",80,0,1,0.026166,1,0.003738,1,112.628005820335,1,4.8568053808246,542,1,10.3170003890991,35.1940002441406,0.0261659994721413,0,108.606796264648,-88.045,26.519,41.7210744760169,63,63,63,63,61,63,0,7817,1.11627530284214,27,-88,0.001869,51,2025-08-26 14:06:26.001511,542,1.037,0.0011,"aoml_navis",1029.48329363593
"7901009",80,0,1,0.026166,1,0.003738,1,112.407224923929,1,4.85675466997151,544,1,10.2819995880127,35.1879997253418,0.0261659994721413,0,108.393898010254,-88.045,26.519,41.7210744760169,63,63,63,63,61,63,0,7817,1.11627530284214,27,-88,0.001869,51,2025-08-26 14:06:26.001511,544,1.037,0.0011,"aoml_navis",1029.4940427842
"7901009",80,0,1,0.026166,1,0.003738,1,112.225955935663,1,4.85668921436286,546,1,10.2299995422363,35.181999206543,0.0261659994721413,0,108.219100952148,-88.045,26.519,41.7210744760169,63,63,63,63,61,63,0,7817,1.11627530284214,27,-88,0.001869,51,2025-08-26 14:06:26.001511,546,1.037,0.0011,"aoml_navis",1029.50791770108
"7901009",80,0,1,0.028035,1,0.005607,1,112.197227914346,1,4.85662607942553,548,1,10.1890001296997,35.1780014038086,0.0280349999666214,0,108.191398620605,-88.045,26.519,41.7210744760169,63,63,63,63,61,63,0,7817,1.11627530284214,27,-88,0.001869,51,2025-08-26 14:06:26.001511,548,1.037,0.0011,"aoml_navis",1029.52130104927
"7901009",80,0,1,0.028035,1,0.005607,1,112.321673810048,1,4.85656317717836,550,1,10.1269998550415,35.1689987182617,0.0280349999666214,0,108.311401367188,-88.045,26.519,41.7210744760169,63,63,63,63,61,63,0,7817,1.11627530284214,27,-88,0.001869,51,2025-08-26 14:06:26.001511,550,1.037,0.0011,"aoml_navis",1029.53463541783
"7901009",80,0,1,0.028035,1,0.005607,1,112.289939275897,1,4.85650151725605,552,1,10.0790004730225,35.1629981994629,0.0280349999666214,0,108.280799865723,-88.045,26.519,41.7210744760169,63,63,63,63,61,63,0,7817,1.11627530284214,27,-88,0.001869,51,2025-08-26 14:06:26.001511,552,1.037,0.0011,"aoml_navis",1029.54770676671
"7901009",80,0,1,0.024297,1,0.001869,1,112.020001894655,1,4.85645738941689,554,1,10.0640001296997,35.1599998474121,0.0242970008403063,0,108.020500183105,-88.045,26.519,41.7210744760169,63,63,63,63,61,63,0,7817,1.11627530284214,27,-88,0.001869,51,2025-08-26 14:06:26.001511,554,1.037,0.0011,"aoml_navis",1029.55706167543
"7901009",80,0,1,0.020559,1,-0.001869,1,112.053809340286,1,4.85639024429956,556,1,10.0179996490479,35.1559982299805,0.020558999851346,0,108.053100585938,-88.045,26.519,41.7210744760169,63,63,63,63,61,63,0,7817,1.11627530284214,27,-88,0.001869,51,2025-08-26 14:06:26.001511,556,1.037,0.0011,"aoml_navis",1029.57129647252
"7901009",80,0,1,0.028035,1,0.005607,1,112.147137828156,1,4.85633074896681,558,1,9.9680004119873,35.148998260498,0.0280349999666214,0,108.143096923828,-88.045,26.519,41.7210744760169,63,63,63,63,61,63,0,7817,1.11627530284214,27,-88,0.001869,51,2025-08-26 14:06:26.001511,558,1.037,0.0011,"aoml_navis",1029.58390984052
"7901009",80,0,1,0.029904,1,0.007476,1,112.244208633316,1,4.85628029237618,560,1,9.9370002746582,35.1440010070801,0.0299040004611015,0,108.236701965332,-88.045,26.519,41.7210744760169,63,63,63,63,61,63,0,7817,1.11627530284214,27,-88,0.001869,51,2025-08-26 14:06:26.001511,560,1.037,0.0011,"aoml_navis",1029.59460718308
"7901009",80,0,1,0.029904,1,0.007476,1,112.34904890059,1,4.85622879090599,562,1,9.90900039672852,35.1399993896484,0.0299040004611015,0,108.337799072266,-88.045,26.519,41.7210744760169,63,63,63,63,61,63,0,7817,1.11627530284214,27,-88,0.001869,51,2025-08-26 14:06:26.001511,562,1.037,0.0011,"aoml_navis",1029.60552628065
"7901009",80,0,1,0.026166,1,0.003738,1,112.409614310444,1,4.85617525079433,564,1,9.86999988555908,35.1339988708496,0.0261659994721413,0,108.396202087402,-88.045,26.519,41.7210744760169,63,63,63,63,61,63,0,7817,1.11627530284214,27,-88,0.001869,51,2025-08-26 14:06:26.001511,564,1.037,0.0011,"aoml_navis",1029.61687784685
"7901009",80,0,1,0.026166,1,0.003738,1,112.512793083784,1,4.85611980002167,566,1,9.83300018310547,35.1290016174316,0.0261659994721413,0,108.495697021484,-88.045,26.519,41.7210744760169,63,63,63,63,61,63,0,7817,1.11627530284214,27,-88,0.001869,51,2025-08-26 14:06:26.001511,566,1.037,0.0011,"aoml_navis",1029.62863477497
"7901009",80,0,1,0.029904,1,0.007476,1,112.586215291941,1,4.85606926586722,568,1,9.80599975585938,35.125,0.0299040004611015,0,108.566497802734,-88.045,26.519,41.7210744760169,63,63,63,63,61,63,0,7817,1.11627530284214,27,-88,0.001869,51,2025-08-26 14:06:26.001511,568,1.037,0.0011,"aoml_navis",1029.6393494929
"7901009",80,0,1,0.033642,1,0.011214,1,112.769042919755,1,4.85600484732435,570,1,9.75399971008301,35.1189994812012,0.0336420014500618,0,108.742797851562,-88.045,26.519,41.7210744760169,63,63,63,63,61,63,0,7817,1.11627530284214,27,-88,0.001869,51,2025-08-26 14:06:26.001511,570,1.037,0.0011,"aoml_navis",1029.65300843038
"7901009",80,0,1,0.028035,1,0.005607,1,112.884983548888,1,4.8559645661123,572,1,9.73900032043457,35.1150016784668,0.0280349999666214,0,108.854598999023,-88.045,26.519,41.7210744760169,63,63,63,63,61,63,0,7817,1.11627530284214,27,-88,0.001869,51,2025-08-26 14:06:26.001511,572,1.037,0.0011,"aoml_navis",1029.66154961115
"7901009",80,0,1,0.028035,1,0.005607,1,113.064907518254,1,4.85590283104856,574,1,9.6899995803833,35.109001159668,0.0280349999666214,0,109.028099060059,-88.045,26.519,41.7210744760169,63,63,63,63,61,63,0,7817,1.11627530284214,27,-88,0.001869,51,2025-08-26 14:06:26.001511,574,1.037,0.0011,"aoml_navis",1029.67464011637
"7901009",80,0,1,0.031773,1,0.009345,1,113.069575525023,1,4.85586316675235,576,1,9.66699981689453,35.1030006408691,0.0317730009555817,0,109.032600402832,-88.045,26.519,41.7210744760169,63,63,63,63,61,63,0,7817,1.11627530284214,27,-88,0.001869,51,2025-08-26 14:06:26.001511,576,1.037,0.0011,"aoml_navis",1029.68305083935
"7901009",80,0,1,0.028035,1,0.005607,1,113.32623677854,1,4.85578898695353,578,1,9.59000015258789,35.0940017700195,0.0280349999666214,0,109.280097961426,-88.045,26.519,41.7210744760169,63,63,63,63,61,63,0,7817,1.11627530284214,27,-88,0.001869,51,2025-08-26 14:06:26.001511,578,1.037,0.0011,"aoml_navis",1029.69878086423
"7901009",80,0,1,0.028035,1,0.005607,1,113.536336642509,1,4.85572819679531,580,1,9.53299999237061,35.0859985351562,0.0280349999666214,0,109.482696533203,-88.045,26.519,41.7210744760169,63,63,63,63,61,63,0,7817,1.11627530284214,27,-88,0.001869,51,2025-08-26 14:06:26.001511,580,1.037,0.0011,"aoml_navis",1029.71167193829
"7901009",80,0,1,0.026166,1,0.003738,1,113.606958046606,1,4.85566418783574,582,1,9.47200012207031,35.0779991149902,0.0261659994721413,0,109.550796508789,-88.045,26.519,41.7210744760169,63,63,63,63,61,63,0,7817,1.11627530284214,27,-88,0.001869,51,2025-08-26 14:06:26.001511,582,1.037,0.0011,"aoml_navis",1029.72524593563
"7901009",80,0,1,0.033642,1,0.011214,1,113.550237808429,1,4.85560468472838,584,1,9.42500019073486,35.0719985961914,0.0336420014500618,0,109.496101379395,-88.045,26.519,41.7210744760169,63,63,63,63,61,63,0,7817,1.11627530284214,27,-88,0.001869,51,2025-08-26 14:06:26.001511,584,1.037,0.0011,"aoml_navis",1029.73786472481
"7901009",80,0,1,0.024297,1,0.001869,1,113.479197074911,1,4.85554857971012,586,1,9.4040002822876,35.0709991455078,0.0242970008403063,0,109.427597045898,-88.045,26.519,41.7210744760169,63,63,63,63,61,63,0,7817,1.11627530284214,27,-88,0.001869,51,2025-08-26 14:06:26.001511,586,1.037,0.0011,"aoml_navis",1029.74976316652
"7901009",80,0,1,0.024297,1,0.001869,1,113.48355651852,1,4.85549649628884,588,1,9.37899971008301,35.068000793457,0.0242970008403063,0,109.431800842285,-88.045,26.519,41.7210744760169,63,63,63,63,61,63,0,7817,1.11627530284214,27,-88,0.001869,51,2025-08-26 14:06:26.001511,588,1.037,0.0011,"aoml_navis",1029.7608089763
"7901009",80,0,1,0.026166,1,0.003738,1,113.299898143739,1,4.85544264395339,590,1,9.3430004119873,35.0629997253418,0.0261659994721413,0,109.254699707031,-88.045,26.519,41.7210744760169,63,63,63,63,61,63,0,7817,1.11627530284214,27,-88,0.001869,51,2025-08-26 14:06:26.001511,590,1.037,0.0011,"aoml_navis",1029.77223018516
"7901009",80,0,1,0.029904,1,0.007476,1,112.911741513111,1,4.85539158631964,592,1,9.32800006866455,35.0620002746582,0.0299040004611015,0,108.880401611328,-88.045,26.519,41.7210744760169,63,63,63,63,61,63,0,7817,1.11627530284214,27,-88,0.001869,51,2025-08-26 14:06:26.001511,592,1.037,0.0011,"aoml_navis",1029.78305891698
"7901009",80,0,1,0.033642,1,0.011214,1,112.533118692917,1,4.85533735015419,594,1,9.31799983978271,35.0629997253418,0.0336420014500618,0,108.515296936035,-88.045,26.519,41.7210744760169,63,63,63,63,61,63,0,7817,1.11627530284214,27,-88,0.001869,51,2025-08-26 14:06:26.001511,594,1.037,0.0011,"aoml_navis",1029.79456202795
"7901009",80,0,1,0.028035,1,0.005607,1,112.195566420411,1,4.85527991731075,596,1,9.3129997253418,35.0660018920898,0.0280349999666214,0,108.189796447754,-88.045,26.519,41.7210744760169,63,63,63,63,61,63,0,7817,1.11627530284214,27,-88,0.001869,51,2025-08-26 14:06:26.001511,596,1.037,0.0011,"aoml_navis",1029.80674341211
"7901009",80,0,1,0.024297,1,0.001869,1,112.090931861911,1,4.85522817794317,598,1,9.30599975585938,35.0670013427734,0.0242970008403063,0,108.088897705078,-88.045,26.519,41.7210744760169,63,63,63,63,61,63,0,7817,1.11627530284214,27,-88,0.001869,51,2025-08-26 14:06:26.001511,598,1.037,0.0011,"aoml_navis",1029.81771746888
"7901009",80,0,1,0.028035,1,0.005607,1,112.08035368386,1,4.85517917599996,600.099975585938,1,9.29599952697754,35.0660018920898,0.0280349999666214,0,108.07869720459,-88.045,26.519,41.7210744760169,63,63,63,63,61,63,0,7817,1.11627530284214,27,-88,0.001869,51,2025-08-26 14:06:26.001511,600.099975585938,1.037,0.0011,"aoml_navis",1029.82811112634
"7901009",80,0,1,0.028035,1,0.005607,1,112.125158636963,1,4.85513760755799,602,1,9.2810001373291,35.0629997253418,0.0280349999666214,0,108.12190246582,-88.045,26.519,41.7210744760169,63,63,63,63,61,63,0,7817,1.11627530284214,27,-88,0.001869,51,2025-08-26 14:06:26.001511,602,1.037,0.0011,"aoml_navis",1029.83692825029
"7901009",80,0,1,0.024297,1,0.001869,1,112.378504814488,1,4.85506677416656,604,1,9.21100044250488,35.0550003051758,0.0242970008403063,0,108.366203308105,-88.045,26.519,41.7210744760169,63,63,63,63,61,63,0,7817,1.11627530284214,27,-88,0.001869,51,2025-08-26 14:06:26.001511,604,1.037,0.0011,"aoml_navis",1029.85195313989
"7901009",80,0,1,0.028035,1,0.005607,1,112.62188994028,1,4.8549969811041,606,1,9.14200019836426,35.0470008850098,0.0280349999666214,0,108.600898742676,-88.045,26.519,41.7210744760169,63,63,63,63,61,63,0,7817,1.11627530284214,27,-88,0.001869,51,2025-08-26 14:06:26.001511,606,1.037,0.0011,"aoml_navis",1029.86675778796
"7901009",80,0,1,0.026166,1,0.003738,1,112.76116269138,1,4.85494100302367,608,1,9.10299968719482,35.0419998168945,0.0261659994721413,0,108.735198974609,-88.045,26.519,41.7210744760169,63,63,63,63,61,63,0,7817,1.11627530284214,27,-88,0.001869,51,2025-08-26 14:06:26.001511,608,1.037,0.0011,"aoml_navis",1029.87863228121
"7901009",80,0,1,0.024297,1,0.001869,1,112.827843981289,1,4.85488921204023,610,1,9.07800006866455,35.0390014648438,0.0242970008403063,0,108.799499511719,-88.045,26.519,41.7210744760169,63,63,63,63,61,63,0,7817,1.11627530284214,27,-88,0.001869,51,2025-08-26 14:06:26.001511,610,1.037,0.0011,"aoml_navis",1029.8896188197
"7901009",80,0,1,0.031773,1,0.009345,1,112.908940709049,1,4.85484198189465,612,1,9.0629997253418,35.0369987487793,0.0317730009555817,0,108.877700805664,-88.045,26.519,41.7210744760169,63,63,63,63,61,63,0,7817,1.11627530284214,27,-88,0.001869,51,2025-08-26 14:06:26.001511,612,1.037,0.0011,"aoml_navis",1029.89963806169
"7901009",80,0,1,0.029904,1,0.007476,1,113.052462137496,1,4.85479595956825,614,1,9.04500007629395,35.0340003967285,0.0299040004611015,0,109.016098022461,-88.045,26.519,41.7210744760169,63,63,63,63,61,63,0,7817,1.11627530284214,27,-88,0.001869,51,2025-08-26 14:06:26.001511,614,1.037,0.0011,"aoml_navis",1029.90940126857
"7901009",80,0,1,0.028035,1,0.005607,1,113.225439479841,1,4.85473032344961,616,1,8.98499965667725,35.0270004272461,0.0280349999666214,0,109.182899475098,-88.045,26.519,41.7210744760169,63,63,63,63,61,63,0,7817,1.11627530284214,27,-88,0.001869,51,2025-08-26 14:06:26.001511,616,1.037,0.0011,"aoml_navis",1029.92332567861
"7901009",80,0,1,0.026166,1,0.003738,1,113.405885633015,1,4.85466645486867,618,1,8.93599987030029,35.0219993591309,0.0261659994721413,0,109.356903076172,-88.045,26.519,41.7210744760169,63,63,63,63,61,63,0,7817,1.11627530284214,27,-88,0.001869,51,2025-08-26 14:06:26.001511,618,1.037,0.0011,"aoml_navis",1029.93687547485
"7901009",80,0,1,0.029904,1,0.007476,1,113.613912585504,1,4.85461970671988,620,1,8.91699981689453,35.0190010070801,0.0299040004611015,0,109.557502746582,-88.045,26.519,41.7210744760169,63,63,63,63,61,63,0,7817,1.11627530284214,27,-88,0.001869,51,2025-08-26 14:06:26.001511,620,1.037,0.0011,"aoml_navis",1029.94679337681
"7901009",80,0,1,0.028035,1,0.005607,1,113.801613928859,1,4.85455683287852,622,1,8.85999965667725,35.0120010375977,0.0280349999666214,0,109.738502502441,-88.045,26.519,41.7210744760169,63,63,63,63,61,63,0,7817,1.11627530284214,27,-88,0.001869,51,2025-08-26 14:06:26.001511,622,1.037,0.0011,"aoml_navis",1029.960132743
"7901009",80,0,1,0.028035,1,0.005607,1,113.824629575792,1,4.85451053306815,624,1,8.8459997177124,35.0099983215332,0.0280349999666214,0,109.760696411133,-88.045,26.519,41.7210744760169,63,63,63,63,61,63,0,7817,1.11627530284214,27,-88,0.001869,51,2025-08-26 14:06:26.001511,624,1.037,0.0011,"aoml_navis",1029.96995596998
"7901009",80,0,1,0.029904,1,0.007476,1,113.897118182596,1,4.85446136489218,626,1,8.83300018310547,35.0089988708496,0.0299040004611015,0,109.830596923828,-88.045,26.519,41.7210744760169,63,63,63,63,61,63,0,7817,1.11627530284214,27,-88,0.001869,51,2025-08-26 14:06:26.001511,626,1.037,0.0011,"aoml_navis",1029.98038797061
"7901009",80,0,1,0.028035,1,0.005607,1,114.04863060568,1,4.85441506454739,628,1,8.81900024414062,35.0069999694824,0.0280349999666214,0,109.976699829102,-88.045,26.519,41.7210744760169,63,63,63,63,61,63,0,7817,1.11627530284214,27,-88,0.001869,51,2025-08-26 14:06:26.001511,628,1.037,0.0011,"aoml_navis",1029.99021169736
"7901009",80,0,1,0.031773,1,0.009345,1,114.197753642249,1,4.85436282948717,630,1,8.78400039672852,35.0019989013672,0.0317730009555817,0,110.120498657227,-88.045,26.519,41.7210744760169,63,63,63,63,61,63,0,7817,1.11627530284214,27,-88,0.001869,51,2025-08-26 14:06:26.001511,630,1.037,0.0011,"aoml_navis",1030.00129484104
"7901009",80,0,1,0.029904,1,0.007476,1,114.404229867066,1,4.85430534666907,632,1,8.74699974060059,34.9980010986328,0.0299040004611015,0,110.319602966309,-88.045,26.519,41.7210744760169,63,63,63,63,61,63,0,7817,1.11627530284214,27,-88,0.001869,51,2025-08-26 14:06:26.001511,632,1.037,0.0011,"aoml_navis",1030.01349172048
"7901009",80,0,1,0.029904,1,0.007476,1,114.605199426271,1,4.85425472335211,634,1,8.72299957275391,34.9949989318848,0.0299040004611015,0,110.513397216797,-88.045,26.519,41.7210744760169,63,63,63,63,61,63,0,7817,1.11627530284214,27,-88,0.001869,51,2025-08-26 14:06:26.001511,634,1.037,0.0011,"aoml_navis",1030.02423336929
"7901009",80,0,1,0.026166,1,0.003738,1,114.848181046393,1,4.85419939863122,636,1,8.68400001525879,34.9900016784668,0.0261659994721413,0,110.747703552246,-88.045,26.519,41.7210744760169,63,63,63,63,61,63,0,7817,1.11627530284214,27,-88,0.001869,51,2025-08-26 14:06:26.001511,636,1.037,0.0011,"aoml_navis",1030.03597285474
"7901009",80,0,1,0.033642,1,0.011214,1,115.091463317799,1,4.85412987313772,638,1,8.61800003051758,34.9830017089844,0.0336420014500618,0,110.982299804688,-88.045,26.519,41.7210744760169,63,63,63,63,61,63,0,7817,1.11627530284214,27,-88,0.001869,51,2025-08-26 14:06:26.001511,638,1.037,0.0011,"aoml_navis",1030.0507260157
"7901009",80,0,1,0.029904,1,0.007476,1,115.102555767782,1,4.85408097217423,640,1,8.5959997177124,34.9799995422363,0.0299040004611015,0,110.99299621582,-88.045,26.519,41.7210744760169,63,63,63,63,61,63,0,7817,1.11627530284214,27,-88,0.001869,51,2025-08-26 14:06:26.001511,640,1.037,0.0011,"aoml_navis",1030.06110294868
"7901009",80,0,1,0.026166,1,0.003738,1,115.155968841841,1,4.8540344712034,642,1,8.57699966430664,34.9770011901855,0.0261659994721413,0,111.044502258301,-88.045,26.519,41.7210744760169,63,63,63,63,61,63,0,7817,1.11627530284214,27,-88,0.001869,51,2025-08-26 14:06:26.001511,642,1.037,0.0011,"aoml_navis",1030.07097078987
"7901009",80,0,1,0.028035,1,0.005607,1,115.282796212183,1,4.85397014841951,644,1,8.5310001373291,34.9729995727539,0.0280349999666214,0,111.166801452637,-88.045,26.519,41.7210744760169,63,63,63,63,61,63,0,7817,1.11627530284214,27,-88,0.001869,51,2025-08-26 14:06:26.001511,644,1.037,0.0011,"aoml_navis",1030.0846208599
"7901009",80,0,1,0.029904,1,0.007476,1,115.465932403156,1,4.85390431209378,646,1,8.48299980163574,34.9690017700195,0.0299040004611015,0,111.343399047852,-88.045,26.519,41.7210744760169,63,63,63,63,61,63,0,7817,1.11627530284214,27,-88,0.001869,51,2025-08-26 14:06:26.001511,646,1.037,0.0011,"aoml_navis",1030.0985924964
"7901009",80,0,1,0.028035,1,0.005607,1,115.621590649202,1,4.85384125377244,648,1,8.44299983978271,34.9659996032715,0.0280349999666214,0,111.493499755859,-88.045,26.519,41.7210744760169,63,63,63,63,61,63,0,7817,1.11627530284214,27,-88,0.001869,51,2025-08-26 14:06:26.001511,648,1.037,0.0011,"aoml_navis",1030.11197494643
"7901009",80,0,1,0.024297,1,0.001869,1,115.89391741696,1,4.85377717822489,650,1,8.39700031280518,34.9620018005371,0.0242970008403063,0,111.756103515625,-88.045,26.519,41.7210744760169,63,63,63,63,61,63,0,7817,1.11627530284214,27,-88,0.001869,51,2025-08-26 14:06:26.001511,650,1.037,0.0011,"aoml_navis",1030.12557363183
"7901009",80,0,1,0.031773,1,0.009345,1,116.007777222736,1,4.85371793790618,652,1,8.35700035095215,34.9580001831055,0.0317730009555817,0,111.865898132324,-88.045,26.519,41.7210744760169,63,63,63,63,61,63,0,7817,1.11627530284214,27,-88,0.001869,51,2025-08-26 14:06:26.001511,652,1.037,0.0011,"aoml_navis",1030.13814646117
"7901009",80,0,1,0.028035,1,0.005607,1,116.049156333583,1,4.85366767349197,654,1,8.33300018310547,34.9550018310547,0.0280349999666214,0,111.905799865723,-88.045,26.519,41.7210744760169,63,63,63,63,61,63,0,7817,1.11627530284214,27,-88,0.001869,51,2025-08-26 14:06:26.001511,654,1.037,0.0011,"aoml_navis",1030.14881453611
"7901009",80,0,1,0.029904,1,0.007476,1,116.006012874415,1,4.85361532799894,656,1,8.32499980926514,34.9560012817383,0.0299040004611015,0,111.864196777344,-88.045,26.519,41.7210744760169,63,63,63,63,61,63,0,7817,1.11627530284214,27,-88,0.001869,51,2025-08-26 14:06:26.001511,656,1.037,0.0011,"aoml_navis",1030.15992453226
"7901009",80,0,1,0.026166,1,0.003738,1,116.067923303169,1,4.85356064528626,658,1,8.30000019073486,34.9539985656738,0.0261659994721413,0,111.923896789551,-88.045,26.519,41.7210744760169,63,63,63,63,61,63,0,7817,1.11627530284214,27,-88,0.001869,51,2025-08-26 14:06:26.001511,658,1.037,0.0011,"aoml_navis",1030.17153084426
"7901009",80,0,1,0.031773,1,0.009345,1,116.229388866109,1,4.85350675766834,660,1,8.27600002288818,34.9519996643066,0.0317730009555817,0,112.079597473145,-88.045,26.519,41.7210744760169,63,63,63,63,61,63,0,7817,1.11627530284214,27,-88,0.001869,51,2025-08-26 14:06:26.001511,660,1.037,0.0011,"aoml_navis",1030.18296865461
"7901009",80,0,1,0.029904,1,0.007476,1,116.422074691268,1,4.85345132331736,662,1,8.25,34.9500007629395,0.0299040004611015,0,112.265403747559,-88.045,26.519,41.7210744760169,63,63,63,63,61,63,0,7817,1.11627530284214,27,-88,0.001869,51,2025-08-26 14:06:26.001511,662,1.037,0.0011,"aoml_navis",1030.19473502878
"7901009",80,0,1,0.028035,1,0.005607,1,116.661416848487,1,4.85339678396173,663.900024414062,1,8.21300029754639,34.9459991455078,0.0280349999666214,0,112.496200561523,-88.045,26.519,41.7210744760169,63,63,63,63,61,63,0,7817,1.11627530284214,27,-88,0.001869,51,2025-08-26 14:06:26.001511,663.900024414062,1.037,0.0011,"aoml_navis",1030.2063116955
"7901009",80,0,1,0.028035,1,0.005607,1,116.888424391209,1,4.85333492585559,666,1,8.17199993133545,34.9420013427734,0.0280349999666214,0,112.715103149414,-88.045,26.519,41.7210744760169,63,63,63,63,61,63,0,7817,1.11627530284214,27,-88,0.001869,51,2025-08-26 14:06:26.001511,666,1.037,0.0011,"aoml_navis",1030.2194421743
"7901009",80,0,1,0.031773,1,0.009345,1,117.172777210304,1,4.85327405495297,668,1,8.11999988555908,34.9360008239746,0.0317730009555817,0,112.989303588867,-88.045,26.519,41.7210744760169,63,63,63,63,61,63,0,7817,1.11627530284214,27,-88,0.001869,51,2025-08-26 14:06:26.001511,668,1.037,0.0011,"aoml_navis",1030.23236342841
"7901009",80,0,1,0.026166,1,0.003738,1,117.211347605214,1,4.85322968645658,670,1,8.10799980163574,34.9339981079102,0.0261659994721413,0,113.026496887207,-88.045,26.519,41.7210744760169,63,63,63,63,61,63,0,7817,1.11627530284214,27,-88,0.001869,51,2025-08-26 14:06:26.001511,670,1.037,0.0011,"aoml_navis",1030.24178187012
"7901009",80,0,1,0.029904,1,0.007476,1,117.33569064653,1,4.85318396726684,672,1,8.09899997711182,34.9329986572266,0.0299040004611015,0,113.14640045166,-88.045,26.519,41.7210744760169,63,63,63,63,61,63,0,7817,1.11627530284214,27,-88,0.001869,51,2025-08-26 14:06:26.001511,672,1.037,0.0011,"aoml_navis",1030.25148721404
"7901009",80,0,1,0.029904,1,0.007476,1,117.419793887125,1,4.85312560759419,674,1,8.06900024414062,34.9309997558594,0.0299040004611015,0,113.227500915527,-88.045,26.519,41.7210744760169,63,63,63,63,61,63,0,7817,1.11627530284214,27,-88,0.001869,51,2025-08-26 14:06:26.001511,674,1.037,0.0011,"aoml_navis",1030.2638761659
"7901009",80,0,1,0.031773,1,0.009345,1,117.415125880356,1,4.85308222881227,676,1,8.0629997253418,34.9300003051758,0.0317730009555817,0,113.222999572754,-88.045,26.519,41.7210744760169,63,63,63,63,61,63,0,7817,1.11627530284214,27,-88,0.001869,51,2025-08-26 14:06:26.001511,676,1.037,0.0011,"aoml_navis",1030.27308507478
"7901009",80,0,1,0.029904,1,0.007476,1,117.400710442504,1,4.853036160717,678,1,8.0629997253418,34.9309997558594,0.0299040004611015,0,113.209098815918,-88.045,26.519,41.7210744760169,63,63,63,63,61,63,0,7817,1.11627530284214,27,-88,0.001869,51,2025-08-26 14:06:26.001511,678,1.037,0.0011,"aoml_navis",1030.28286507993
"7901009",80,0,1,0.033642,1,0.011214,1,117.395528163804,1,4.85298445196026,680,1,8.05099964141846,34.9309997558594,0.0336420014500618,0,113.2041015625,-88.045,26.519,41.7210744760169,63,63,63,63,61,63,0,7817,1.11627530284214,27,-88,0.001869,51,2025-08-26 14:06:26.001511,680,1.037,0.0011,"aoml_navis",1030.29384278789
"7901009",80,0,1,0.029904,1,0.007476,1,117.500676994237,1,4.85293916382092,682,1,8.05200004577637,34.931999206543,0.0299040004611015,0,113.30549621582,-88.045,26.519,41.7210744760169,63,63,63,63,61,63,0,7817,1.11627530284214,27,-88,0.001869,51,2025-08-26 14:06:26.001511,682,1.037,0.0011,"aoml_navis",1030.30345759853
"7901009",80,0,1,0.029904,1,0.007476,1,117.712754827176,1,4.85288627684383,684,1,8.0290002822876,34.9300003051758,0.0299040004611015,0,113.51000213623,-88.045,26.519,41.7210744760169,63,63,63,63,61,63,0,7817,1.11627530284214,27,-88,0.001869,51,2025-08-26 14:06:26.001511,684,1.037,0.0011,"aoml_navis",1030.31468589283
"7901009",80,0,1,0.031773,1,0.009345,1,117.905844158005,1,4.85283495918444,686,1,8.00800037384033,34.9280014038086,0.0317730009555817,0,113.696197509766,-88.045,26.519,41.7210744760169,63,63,63,63,61,63,0,7817,1.11627530284214,27,-88,0.001869,51,2025-08-26 14:06:26.001511,686,1.037,0.0011,"aoml_navis",1030.3255812434
"7901009",80,0,1,0.026166,1,0.003738,1,118.052063536126,1,4.85278618860273,688,1,7.99499988555908,34.9269981384277,0.0261659994721413,0,113.837196350098,-88.045,26.519,41.7210744760169,63,63,63,63,61,63,0,7817,1.11627530284214,27,-88,0.001869,51,2025-08-26 14:06:26.001511,688,1.037,0.0011,"aoml_navis",1030.33593603259
"7901009",80,0,1,0.033642,1,0.011214,1,118.344818767404,1,4.85273992823046,690,1,7.97100019454956,34.9230003356934,0.0336420014500618,0,114.119499206543,-88.045,26.519,41.7210744760169,63,63,63,63,61,63,0,7817,1.11627530284214,27,-88,0.001869,51,2025-08-26 14:06:26.001511,690,1.037,0.0011,"aoml_navis",1030.34575805575
"7901009",80,0,1,0.028035,1,0.005607,1,118.756418286262,1,4.85269506301243,692,1,7.94399976730347,34.9179992675781,0.0280349999666214,0,114.516403198242,-88.045,26.519,41.7210744760169,63,63,63,63,61,63,0,7817,1.11627530284214,27,-88,0.001869,51,2025-08-26 14:06:26.001511,692,1.037,0.0011,"aoml_navis",1030.35528403801
"7901009",80,0,1,0.028035,1,0.005607,1,119.150793651331,1,4.85262458361931,694,1,7.85500001907349,34.9070014953613,0.0280349999666214,0,114.896697998047,-88.045,26.519,41.7210744760169,63,63,63,63,61,63,0,7817,1.11627530284214,27,-88,0.001869,51,2025-08-26 14:06:26.001511,694,1.037,0.0011,"aoml_navis",1030.37024889133
"7901009",80,0,1,0.024297,1,0.001869,1,119.354049742665,1,4.85257556487958,696,1,7.83199977874756,34.9039993286133,0.0242970008403063,0,115.092697143555,-88.045,26.519,41.7210744760169,63,63,63,63,61,63,0,7817,1.11627530284214,27,-88,0.001869,51,2025-08-26 14:06:26.001511,696,1.037,0.0011,"aoml_navis",1030.38065727145
"7901009",80,0,1,0.028035,1,0.005607,1,119.518735439088,1,4.8525329944787,698,1,7.8270001411438,34.9029998779297,0.0280349999666214,0,115.251502990723,-88.045,26.519,41.7210744760169,63,63,63,63,61,63,0,7817,1.11627530284214,27,-88,0.001869,51,2025-08-26 14:06:26.001511,698,1.037,0.0011,"aoml_navis",1030.38969661599
"7901009",80,0,1,0.029904,1,0.007476,1,119.755798976053,1,4.85248016338318,700,1,7.82299995422363,34.9049987792969,0.0299040004611015,0,115.480102539062,-88.045,26.519,41.7210744760169,63,63,63,63,61,63,0,7817,1.11627530284214,27,-88,0.001869,51,2025-08-26 14:06:26.001511,700,1.037,0.0011,"aoml_navis",1030.40091492388
"7901009",80,0,1,0.028035,1,0.005607,1,119.8608449521,1,4.85241814562271,702,1,7.83099985122681,34.9119987487793,0.0280349999666214,0,115.581398010254,-88.045,26.519,41.7210744760169,63,63,63,63,61,63,0,7817,1.11627530284214,27,-88,0.001869,51,2025-08-26 14:06:26.001511,702,1.037,0.0011,"aoml_navis",1030.41408426651
"7901009",80,0,1,0.026166,1,0.003738,1,120.01889258466,1,4.8523587096956,704,1,7.80399990081787,34.9109992980957,0.0261659994721413,0,115.73380279541,-88.045,26.519,41.7210744760169,63,63,63,63,61,63,0,7817,1.11627530284214,27,-88,0.001869,51,2025-08-26 14:06:26.001511,704,1.037,0.0011,"aoml_navis",1030.42670567808
"7901009",80,0,1,0.031773,1,0.009345,1,120.175373665797,1,4.85230910110315,706,1,7.78499984741211,34.9090003967285,0.0317730009555817,0,115.884696960449,-88.045,26.519,41.7210744760169,63,63,63,63,61,63,0,7817,1.11627530284214,27,-88,0.001869,51,2025-08-26 14:06:26.001511,706,1.037,0.0011,"aoml_navis",1030.43724046007
"7901009",80,0,1,0.029904,1,0.007476,1,120.45485276935,1,4.85224166123422,708,1,7.73299980163574,34.9049987792969,0.0299040004611015,0,116.154197692871,-88.045,26.519,41.7210744760169,63,63,63,63,61,63,0,7817,1.11627530284214,27,-88,0.001869,51,2025-08-26 14:06:26.001511,708,1.037,0.0011,"aoml_navis",1030.45156220191
"7901009",80,0,1,0.033642,1,0.011214,1,120.661431848553,1,4.85217673625025,710,1,7.68900012969971,34.9020004272461,0.0336420014500618,0,116.353401184082,-88.045,26.519,41.7210744760169,63,63,63,63,61,63,0,7817,1.11627530284214,27,-88,0.001869,51,2025-08-26 14:06:26.001511,710,1.037,0.0011,"aoml_navis",1030.46535025103
"7901009",80,0,1,0.028035,1,0.005607,1,120.511786628176,1,4.85213050903136,712,1,7.68400001525879,34.9020004272461,0.0280349999666214,0,116.209098815918,-88.045,26.519,41.7210744760169,63,63,63,63,61,63,0,7817,1.11627530284214,27,-88,0.001869,51,2025-08-26 14:06:26.001511,712,1.037,0.0011,"aoml_navis",1030.47516770075
"7901009",80,0,1,0.033642,1,0.011214,1,119.895174581539,1,4.85208404682349,714,1,7.69799995422363,34.9059982299805,0.0336420014500618,0,115.614501953125,-88.045,26.519,41.7210744760169,63,63,63,63,61,63,0,7817,1.11627530284214,27,-88,0.001869,51,2025-08-26 14:06:26.001511,714,1.037,0.0011,"aoml_navis",1030.48503524446
"7901009",80,0,1,0.029904,1,0.007476,1,118.685274698357,1,4.85201689309966,716,1,7.65100002288818,34.9029998779297,0.0299040004611015,0,114.447799682617,-88.045,26.519,41.7210744760169,63,63,63,63,61,63,0,7817,1.11627530284214,27,-88,0.001869,51,2025-08-26 14:06:26.001511,716,1.037,0.0011,"aoml_navis",1030.49929754177
"7901009",80,0,1,0.031773,1,0.009345,1,117.151304379168,1,4.85193599582603,718,1,7.6100001335144,34.9049987792969,0.0317730009555817,0,112.968597412109,-88.045,26.519,41.7210744760169,63,63,63,63,61,63,0,7817,1.11627530284214,27,-88,0.001869,51,2025-08-26 14:06:26.001511,718,1.037,0.0011,"aoml_navis",1030.51647925722
"7901009",80,0,1,0.029904,1,0.007476,1,116.527642851123,1,4.85186355393513,720,1,7.64799976348877,34.9210014343262,0.0299040004611015,0,112.367202758789,-88.045,26.519,41.7210744760169,63,63,63,63,61,63,0,7817,1.11627530284214,27,-88,0.001869,51,2025-08-26 14:06:26.001511,720,1.037,0.0011,"aoml_navis",1030.53186562609
"7901009",80,0,1,0.029904,1,0.007476,1,116.578350063632,1,4.85181378788472,722,1,7.64799976348877,34.9230003356934,0.0299040004611015,0,112.41609954834,-88.045,26.519,41.7210744760169,63,63,63,63,61,63,0,7817,1.11627530284214,27,-88,0.001869,51,2025-08-26 14:06:26.001511,722,1.037,0.0011,"aoml_navis",1030.54243600307
"7901009",80,0,1,0.031773,1,0.009345,1,116.728715264714,1,4.85177201167403,724,1,7.64400005340576,34.9220008850098,0.0317730009555817,0,112.561096191406,-88.045,26.519,41.7210744760169,63,63,63,63,61,63,0,7817,1.11627530284214,27,-88,0.001869,51,2025-08-26 14:06:26.001511,724,1.037,0.0011,"aoml_navis",1030.55130949462
"7901009",80,0,1,0.026166,1,0.003738,1,116.970763283483,1,4.85172351925725,726,1,7.63600015640259,34.9220008850098,0.0261659994721413,0,112.794502258301,-88.045,26.519,41.7210744760169,63,63,63,63,61,63,0,7817,1.11627530284214,27,-88,0.001869,51,2025-08-26 14:06:26.001511,726,1.037,0.0011,"aoml_navis",1030.56160973605
"7901009",80,0,1,0.029904,1,0.007476,1,117.339005722523,1,4.85167935609775,728,1,7.62400007247925,34.9199981689453,0.0299040004611015,0,113.149597167969,-88.045,26.519,41.7210744760169,63,63,63,63,61,63,0,7817,1.11627530284214,27,-88,0.001869,51,2025-08-26 14:06:26.001511,728,1.037,0.0011,"aoml_navis",1030.57099058202
"7901009",80,0,1,0.031773,1,0.009345,1,117.881269871524,1,4.85162531540539,730,1,7.59899997711182,34.9179992675781,0.0317730009555817,0,113.672500610352,-88.045,26.519,41.7210744760169,63,63,63,63,61,63,0,7817,1.11627530284214,27,-88,0.001869,51,2025-08-26 14:06:26.001511,730,1.037,0.0011,"aoml_navis",1030.58246978048
"7901009",80,0,1,0.028035,1,0.005607,1,118.548177713124,1,4.85157346009551,732,1,7.57200002670288,34.9150009155273,0.0280349999666214,0,114.31559753418,-88.045,26.519,41.7210744760169,63,63,63,63,61,63,0,7817,1.11627530284214,27,-88,0.001869,51,2025-08-26 14:06:26.001511,732,1.037,0.0011,"aoml_navis",1030.5934850055
"7901009",80,0,1,0.026166,1,0.003738,1,119.296601611907,1,4.85151030577898,734,1,7.53000020980835,34.9119987487793,0.0261659994721413,0,115.037300109863,-88.045,26.519,41.7210744760169,63,63,63,63,61,63,0,7817,1.11627530284214,27,-88,0.001869,51,2025-08-26 14:06:26.001511,734,1.037,0.0011,"aoml_navis",1030.60690070969
"7901009",80,0,1,0.033642,1,0.011214,1,119.83294767775,1,4.85145164247148,736,1,7.48899984359741,34.9080009460449,0.0336420014500618,0,115.554496765137,-88.045,26.519,41.7210744760169,63,63,63,63,61,63,0,7817,1.11627530284214,27,-88,0.001869,51,2025-08-26 14:06:26.001511,736,1.037,0.0011,"aoml_navis",1030.61936271364
"7901009",80,0,1,0.031773,1,0.009345,1,120.187510483395,1,4.85138637944377,738,1,7.44399976730347,34.9049987792969,0.0317730009555817,0,115.89640045166,-88.045,26.519,41.7210744760169,63,63,63,63,61,63,0,7817,1.11627530284214,27,-88,0.001869,51,2025-08-26 14:06:26.001511,738,1.037,0.0011,"aoml_navis",1030.63322706803
"7901009",80,0,1,0.028035,1,0.005607,1,120.466681023789,1,4.85132651293743,740,1,7.41099977493286,34.9029998779297,0.0280349999666214,0,116.165603637695,-88.045,26.519,41.7210744760169,63,63,63,63,61,63,0,7817,1.11627530284214,27,-88,0.001869,51,2025-08-26 14:06:26.001511,740,1.037,0.0011,"aoml_navis",1030.64594532363
"7901009",80,0,1,0.024297,1,0.001869,1,120.664438361387,1,4.85127200456622,742,1,7.3899998664856,34.9020004272461,0.0242970008403063,0,116.356300354004,-88.045,26.519,41.7210744760169,63,63,63,63,61,63,0,7817,1.11627530284214,27,-88,0.001869,51,2025-08-26 14:06:26.001511,742,1.037,0.0011,"aoml_navis",1030.65752555078
"7901009",80,0,1,0.031773,1,0.009345,1,120.864379376727,1,4.85120772077409,744,1,7.35099983215332,34.9000015258789,0.0317730009555817,0,116.549102783203,-88.045,26.519,41.7210744760169,63,63,63,63,61,63,0,7817,1.11627530284214,27,-88,0.001869,51,2025-08-26 14:06:26.001511,744,1.037,0.0011,"aoml_navis",1030.67118288684
"7901009",80,0,1,0.028035,1,0.005607,1,121.039738193711,1,4.85115331842292,746,1,7.33500003814697,34.9000015258789,0.0280349999666214,0,116.718200683594,-88.045,26.519,41.7210744760169,63,63,63,63,61,63,0,7817,1.11627530284214,27,-88,0.001869,51,2025-08-26 14:06:26.001511,746,1.037,0.0011,"aoml_navis",1030.68274115597
"7901009",80,0,1,0.031773,1,0.009345,1,121.220287201272,1,4.85109589893786,748,1,7.30999994277954,34.898998260498,0.0317730009555817,0,116.892303466797,-88.045,26.519,41.7210744760169,63,63,63,63,61,63,0,7817,1.11627530284214,27,-88,0.001869,51,2025-08-26 14:06:26.001511,748,1.037,0.0011,"aoml_navis",1030.69494072355
"7901009",80,0,1,0.033642,1,0.011214,1,121.729978157279,1,4.85103928330463,750,1,7.29099988937378,34.898998260498,0.0336420014500618,0,117.383796691895,-88.045,26.519,41.7210744760169,63,63,63,63,61,63,0,7817,1.11627530284214,27,-88,0.001869,51,2025-08-26 14:06:26.001511,750,1.037,0.0011,"aoml_navis",1030.7069697844
"7901009",80,0,1,0.028035,1,0.005607,1,122.159205335595,1,4.85097734349547,752,1,7.25,34.8959999084473,0.0280349999666214,0,117.797698974609,-88.045,26.519,41.7210744760169,63,63,63,63,61,63,0,7817,1.11627530284214,27,-88,0.001869,51,2025-08-26 14:06:26.001511,752,1.037,0.0011,"aoml_navis",1030.72013038864
"7901009",80,0,1,0.028035,1,0.005607,1,122.523515572324,1,4.85091999253214,754,1,7.22499990463257,34.8950004577637,0.0280349999666214,0,118.149002075195,-88.045,26.519,41.7210744760169,63,63,63,63,61,63,0,7817,1.11627530284214,27,-88,0.001869,51,2025-08-26 14:06:26.001511,754,1.037,0.0011,"aoml_navis",1030.73231628173
"7901009",80,0,1,0.029904,1,0.007476,1,122.737555550481,1,4.85086411996294,756,1,7.19700002670288,34.8930015563965,0.0299040004611015,0,118.355400085449,-88.045,26.519,41.7210744760169,63,63,63,63,61,63,0,7817,1.11627530284214,27,-88,0.001869,51,2025-08-26 14:06:26.001511,756,1.037,0.0011,"aoml_navis",1030.74418832375
"7901009",80,0,1,0.028035,1,0.005607,1,122.901505442447,1,4.8508209098609,758,1,7.19099998474121,34.8919982910156,0.0280349999666214,0,118.513496398926,-88.045,26.519,41.7210744760169,63,63,63,63,61,63,0,7817,1.11627530284214,27,-88,0.001869,51,2025-08-26 14:06:26.001511,758,1.037,0.0011,"aoml_navis",1030.75336997823
"7901009",80,0,1,0.033642,1,0.011214,1,123.133592409484,1,4.85077398235425,760,1,7.17999982833862,34.890998840332,0.0336420014500618,0,118.737297058105,-88.045,26.519,41.7210744760169,63,63,63,63,61,63,0,7817,1.11627530284214,27,-88,0.001869,51,2025-08-26 14:06:26.001511,760,1.037,0.0011,"aoml_navis",1030.76334172414
"7901009",80,0,1,0.029904,1,0.007476,1,123.436514401267,1,4.85071743640115,762,1,7.1560001373291,34.8899993896484,0.0299040004611015,0,119.029403686523,-88.045,26.519,41.7210744760169,63,63,63,63,61,63,0,7817,1.11627530284214,27,-88,0.001869,51,2025-08-26 14:06:26.001511,762,1.037,0.0011,"aoml_navis",1030.77535757465
"7901009",80,0,1,0.031773,1,0.009345,1,123.729570283828,1,4.85066017322323,764,1,7.13100004196167,34.8889999389648,0.0317730009555817,0,119.311996459961,-88.045,26.519,41.7210744760169,63,63,63,63,61,63,0,7817,1.11627530284214,27,-88,0.001869,51,2025-08-26 14:06:26.001511,764,1.037,0.0011,"aoml_navis",1030.78752611885
"7901009",80,0,1,0.029904,1,0.007476,1,124.026368483681,1,4.85059924544522,766,1,7.10099983215332,34.8880004882812,0.0299040004611015,0,119.598197937012,-88.045,26.519,41.7210744760169,63,63,63,63,61,63,0,7817,1.11627530284214,27,-88,0.001869,51,2025-08-26 14:06:26.001511,766,1.037,0.0011,"aoml_navis",1030.80047371365
"7901009",80,0,1,0.028035,1,0.005607,1,124.275774547017,1,4.85054718803168,768,1,7.07800006866455,34.8860015869141,0.0280349999666214,0,119.83869934082,-88.045,26.519,41.7210744760169,63,63,63,63,61,63,0,7817,1.11627530284214,27,-88,0.001869,51,2025-08-26 14:06:26.001511,768,1.037,0.0011,"aoml_navis",1030.81153654934
"7901009",80,0,1,0.028035,1,0.005607,1,124.515638888043,1,4.85049148538202,770,1,7.05499982833862,34.8849983215332,0.0280349999666214,0,120.069999694824,-88.045,26.519,41.7210744760169,63,63,63,63,61,63,0,7817,1.11627530284214,27,-88,0.001869,51,2025-08-26 14:06:26.001511,770,1.037,0.0011,"aoml_navis",1030.82337430517
"7901009",80,0,1,0.028035,1,0.005607,1,124.748556602048,1,4.85042770991802,772,1,7.02099990844727,34.8839988708496,0.0280349999666214,0,120.29460144043,-88.045,26.519,41.7210744760169,63,63,63,63,61,63,0,7817,1.11627530284214,27,-88,0.001869,51,2025-08-26 14:06:26.001511,772,1.037,0.0011,"aoml_navis",1030.83692800454
"7901009",80,0,1,0.026166,1,0.003738,1,124.915307298075,1,4.85036028647401,774,1,6.99200010299683,34.8849983215332,0.0261659994721413,0,120.45539855957,-88.045,26.519,41.7210744760169,63,63,63,63,61,63,0,7817,1.11627530284214,27,-88,0.001869,51,2025-08-26 14:06:26.001511,774,1.037,0.0011,"aoml_navis",1030.85125736809
"7901009",80,0,1,0.031773,1,0.009345,1,125.244457158397,1,4.85031636458939,776,1,6.9850001335144,34.8839988708496,0.0317730009555817,0,120.772796630859,-88.045,26.519,41.7210744760169,63,63,63,63,61,63,0,7817,1.11627530284214,27,-88,0.001869,51,2025-08-26 14:06:26.001511,776,1.037,0.0011,"aoml_navis",1030.86059220867
"7901009",80,0,1,0.029904,1,0.007476,1,125.663525488085,1,4.8502548756818,778,1,6.9539999961853,34.882999420166,0.0299040004611015,0,121.176902770996,-88.045,26.519,41.7210744760169,63,63,63,63,61,63,0,7817,1.11627530284214,27,-88,0.001869,51,2025-08-26 14:06:26.001511,778,1.037,0.0011,"aoml_navis",1030.87366090161
"7901009",80,0,1,0.028035,1,0.005607,1,125.849873900665,1,4.85020952400084,780,1,6.94000005722046,34.8810005187988,0.0280349999666214,0,121.356597900391,-88.045,26.519,41.7210744760169,63,63,63,63,61,63,0,7817,1.11627530284214,27,-88,0.001869,51,2025-08-26 14:06:26.001511,780,1.037,0.0011,"aoml_navis",1030.88330004259
"7901009",80,0,1,0.026166,1,0.003738,1,125.990602436926,1,4.85015316827077,782,1,6.9210000038147,34.8810005187988,0.0261659994721413,0,121.492301940918,-88.045,26.519,41.7210744760169,63,63,63,63,61,63,0,7817,1.11627530284214,27,-88,0.001869,51,2025-08-26 14:06:26.001511,782,1.037,0.0011,"aoml_navis",1030.89527825833
"7901009",80,0,1,0.029904,1,0.007476,1,126.097934945102,1,4.85010193298414,784,1,6.90899991989136,34.8810005187988,0.0299040004611015,0,121.595802307129,-88.045,26.519,41.7210744760169,63,63,63,63,61,63,0,7817,1.11627530284214,27,-88,0.001869,51,2025-08-26 14:06:26.001511,784,1.037,0.0011,"aoml_navis",1030.90616838307
"7901009",80,0,1,0.028035,1,0.005607,1,126.169387096166,1,4.85005657103243,786,1,6.90000009536743,34.8800010681152,0.0280349999666214,0,121.664703369141,-88.045,26.519,41.7210744760169,63,63,63,63,61,63,0,7817,1.11627530284214,27,-88,0.001869,51,2025-08-26 14:06:26.001511,786,1.037,0.0011,"aoml_navis",1030.9158103151
"7901009",80,0,1,0.029904,1,0.007476,1,126.30285253037,1,4.85000169961399,788,1,6.88299989700317,34.8800010681152,0.0299040004611015,0,121.793403625488,-88.045,26.519,41.7210744760169,63,63,63,63,61,63,0,7817,1.11627530284214,27,-88,0.001869,51,2025-08-26 14:06:26.001511,788,1.037,0.0011,"aoml_navis",1030.92747377758
"7901009",80,0,1,0.029904,1,0.007476,1,126.341842254703,1,4.84994975200011,790,1,6.86999988555908,34.8800010681152,0.0299040004611015,0,121.831001281738,-88.045,26.519,41.7210744760169,63,63,63,63,61,63,0,7817,1.11627530284214,27,-88,0.001869,51,2025-08-26 14:06:26.001511,790,1.037,0.0011,"aoml_navis",1030.93851599968
"7901009",80,0,1,0.026166,1,0.003738,1,126.33758566548,1,4.84989999468518,792,1,6.8600001335144,34.8800010681152,0.0261659994721413,0,121.82689666748,-88.045,26.519,41.7210744760169,63,63,63,63,61,63,0,7817,1.11627530284214,27,-88,0.001869,51,2025-08-26 14:06:26.001511,792,1.037,0.0011,"aoml_navis",1030.94909286363
"7901009",80,0,1,0.031773,1,0.009345,1,126.315187144866,1,4.84984728889183,794,1,6.85099983215332,34.8810005187988,0.0317730009555817,0,121.805297851562,-88.045,26.519,41.7210744760169,63,63,63,63,61,63,0,7817,1.11627530284214,27,-88,0.001869,51,2025-08-26 14:06:26.001511,794,1.037,0.0011,"aoml_navis",1030.96029671946
"7901009",80,0,1,0.031773,1,0.009345,1,126.309902011779,1,4.84979531427225,796,1,6.84299993515015,34.8819999694824,0.0317730009555817,0,121.800201416016,-88.045,26.519,41.7210744760169,63,63,63,63,61,63,0,7817,1.11627530284214,27,-88,0.001869,51,2025-08-26 14:06:26.001511,796,1.037,0.0011,"aoml_navis",1030.97134538559
"7901009",80,0,1,0.033642,1,0.011214,1,126.3791704851,1,4.84974770830925,798,1,6.84100008010864,34.882999420166,0.0336420014500618,0,121.866996765137,-88.045,26.519,41.7210744760169,63,63,63,63,61,63,0,7817,1.11627530284214,27,-88,0.001869,51,2025-08-26 14:06:26.001511,798,1.037,0.0011,"aoml_navis",1030.98146557878
"7901009",80,0,1,0.029904,1,0.007476,1,126.512018792986,1,4.84970305572473,800,1,6.83799982070923,34.882999420166,0.0299040004611015,0,121.995101928711,-88.045,26.519,41.7210744760169,63,63,63,63,61,63,0,7817,1.11627530284214,27,-88,0.001869,51,2025-08-26 14:06:26.001511,800,1.037,0.0011,"aoml_navis",1030.99095811605
"7901009",80,0,1,0.026166,1,0.003738,1,126.742547120475,1,4.84965767753866,802,1,6.83400011062622,34.882999420166,0.0261659994721413,0,122.217399597168,-88.045,26.519,41.7210744760169,63,63,63,63,61,63,0,7817,1.11627530284214,27,-88,0.001869,51,2025-08-26 14:06:26.001511,802,1.037,0.0011,"aoml_navis",1031.00060508552
"7901009",80,0,1,0.026166,1,0.003738,1,127.186601154189,1,4.84961015919352,804,1,6.82200002670288,34.8819999694824,0.0261659994721413,0,122.645599365234,-88.045,26.519,41.7210744760169,63,63,63,63,61,63,0,7817,1.11627530284214,27,-88,0.001869,51,2025-08-26 14:06:26.001511,804,1.037,0.0011,"aoml_navis",1031.0107072259
"7901009",80,0,1,0.029904,1,0.007476,1,127.752094570771,1,4.84956119211603,806,1,6.80800008773804,34.8810005187988,0.0299040004611015,0,123.190902709961,-88.045,26.519,41.7210744760169,63,63,63,63,61,63,0,7817,1.11627530284214,27,-88,0.001869,51,2025-08-26 14:06:26.001511,806,1.037,0.0011,"aoml_navis",1031.02111756596
"7901009",80,0,1,0.028035,1,0.005607,1,128.436424363056,1,4.84950787443685,808,1,6.78800010681152,34.8800010681152,0.0280349999666214,0,123.850799560547,-88.045,26.519,41.7210744760169,63,63,63,63,61,63,0,7817,1.11627530284214,27,-88,0.001869,51,2025-08-26 14:06:26.001511,808,1.037,0.0011,"aoml_navis",1031.03245307765
"7901009",80,0,1,0.029904,1,0.007476,1,129.047229092798,1,4.84945753975994,810,1,6.76700019836426,34.8779983520508,0.0299040004611015,0,124.439796447754,-88.045,26.519,41.7210744760169,63,63,63,63,61,63,0,7817,1.11627530284214,27,-88,0.001869,51,2025-08-26 14:06:26.001511,810,1.037,0.0011,"aoml_navis",1031.0431546221
"7901009",80,0,1,0.033642,1,0.011214,1,129.531214364073,1,4.84940648299661,812,1,6.74499988555908,34.8759994506836,0.0336420014500618,0,124.90650177002,-88.045,26.519,41.7210744760169,63,63,63,63,61,63,0,7817,1.11627530284214,27,-88,0.001869,51,2025-08-26 14:06:26.001511,812,1.037,0.0011,"aoml_navis",1031.0540099147
"7901009",80,0,1,0.033642,1,0.011214,1,129.768689318584,1,4.84935182842811,814,1,6.71799993515015,34.8740005493164,0.0336420014500618,0,125.135498046875,-88.045,26.519,41.7210744760169,63,63,63,63,61,63,0,7817,1.11627530284214,27,-88,0.001869,51,2025-08-26 14:06:26.001511,814,1.037,0.0011,"aoml_navis",1031.06563039802
"7901009",80,0,1,0.028035,1,0.005607,1,129.780098243602,1,4.84930718596222,816,1,6.71500015258789,34.8740005493164,0.0280349999666214,0,125.146499633789,-88.045,26.519,41.7210744760169,63,63,63,63,61,63,0,7817,1.11627530284214,27,-88,0.001869,51,2025-08-26 14:06:26.001511,816,1.037,0.0011,"aoml_navis",1031.07512233376
"7901009",80,0,1,0.028035,1,0.005607,1,129.847610280478,1,4.8492632682127,818,1,6.71299982070923,34.8740005493164,0.0280349999666214,0,125.211601257324,-88.045,26.519,41.7210744760169,63,63,63,63,61,63,0,7817,1.11627530284214,27,-88,0.001869,51,2025-08-26 14:06:26.001511,818,1.037,0.0011,"aoml_navis",1031.08446034996
"7901009",80,0,1,0.029904,1,0.007476,1,129.86751656019,1,4.84922007614053,820,1,6.71199989318848,34.8740005493164,0.0299040004611015,0,125.230796813965,-88.045,26.519,41.7210744760169,63,63,63,63,61,63,0,7817,1.11627530284214,27,-88,0.001869,51,2025-08-26 14:06:26.001511,820,1.037,0.0011,"aoml_navis",1031.09364423391
"7901009",80,0,1,0.029904,1,0.007476,1,129.916055918708,1,4.84917911852672,822,1,6.70900011062622,34.8730010986328,0.0299040004611015,0,125.277603149414,-88.045,26.519,41.7210744760169,63,63,63,63,61,63,0,7817,1.11627530284214,27,-88,0.001869,51,2025-08-26 14:06:26.001511,822,1.037,0.0011,"aoml_navis",1031.10235315851
"7901009",80,0,1,0.031773,1,0.009345,1,130.178105159699,1,4.84912357143299,824,1,6.69600009918213,34.8740005493164,0.0317730009555817,0,125.530296325684,-88.045,26.519,41.7210744760169,63,63,63,63,61,63,0,7817,1.11627530284214,27,-88,0.001869,51,2025-08-26 14:06:26.001511,824,1.037,0.0011,"aoml_navis",1031.11416451745
"7901009",80,0,1,0.029904,1,0.007476,1,130.405215556809,1,4.84907466617964,826,1,6.68200016021729,34.8730010986328,0.0299040004611015,0,125.749298095703,-88.045,26.519,41.7210744760169,63,63,63,63,61,63,0,7817,1.11627530284214,27,-88,0.001869,51,2025-08-26 14:06:26.001511,826,1.037,0.0011,"aoml_navis",1031.12456380039
"7901009",80,0,1,0.028035,1,0.005607,1,130.645079897835,1,4.84902497686065,828,1,6.67199993133545,34.8730010986328,0.0280349999666214,0,125.980598449707,-88.045,26.519,41.7210744760169,63,63,63,63,61,63,0,7817,1.11627530284214,27,-88,0.001869,51,2025-08-26 14:06:26.001511,828,1.037,0.0011,"aoml_navis",1031.135130023
"7901009",80,0,1,0.026166,1,0.003738,1,131.041844649419,1,4.84897384758064,830,1,6.65999984741211,34.8730010986328,0.0261659994721413,0,126.36319732666,-88.045,26.519,41.7210744760169,63,63,63,63,61,63,0,7817,1.11627530284214,27,-88,0.001869,51,2025-08-26 14:06:26.001511,830,1.037,0.0011,"aoml_navis",1031.14600267327
"7901009",80,0,1,0.031773,1,0.009345,1,131.603809369359,1,4.84892495992098,832,1,6.64599990844727,34.8720016479492,0.0317730009555817,0,126.905097961426,-88.045,26.519,41.7210744760169,63,63,63,63,61,63,0,7817,1.11627530284214,27,-88,0.001869,51,2025-08-26 14:06:26.001511,832,1.037,0.0011,"aoml_navis",1031.15639885701
"7901009",80,0,1,0.029904,1,0.007476,1,132.038013117603,1,4.84887537247041,834,1,6.63100004196167,34.8709983825684,0.0299040004611015,0,127.323799133301,-88.045,26.519,41.7210744760169,63,63,63,63,61,63,0,7817,1.11627530284214,27,-88,0.001869,51,2025-08-26 14:06:26.001511,834,1.037,0.0011,"aoml_navis",1031.16694406864
"7901009",80,0,1,0.033642,1,0.011214,1,132.554144340576,1,4.84883089851213,836,1,6.61800003051758,34.8689994812012,0.0336420014500618,0,127.821502685547,-88.045,26.519,41.7210744760169,63,63,63,63,61,63,0,7817,1.11627530284214,27,-88,0.001869,51,2025-08-26 14:06:26.001511,836,1.037,0.0011,"aoml_navis",1031.1764020342
"7901009",80,0,1,0.028035,1,0.005607,1,133.036357351654,1,4.84877348178497,838,1,6.58699989318848,34.867000579834,0.0280349999666214,0,128.286499023438,-88.045,26.519,41.7210744760169,63,63,63,63,61,63,0,7817,1.11627530284214,27,-88,0.001869,51,2025-08-26 14:06:26.001511,838,1.037,0.0011,"aoml_navis",1031.18861270446
"7901009",80,0,1,0.029904,1,0.007476,1,133.2370183477,1,4.84870802718801,840,1,6.55499982833862,34.867000579834,0.0299040004611015,0,128.479995727539,-88.045,26.519,41.7210744760169,63,63,63,63,61,63,0,7817,1.11627530284214,27,-88,0.001869,51,2025-08-26 14:06:26.001511,840,1.037,0.0011,"aoml_navis",1031.20253312092
"7901009",80,0,1,0.031773,1,0.009345,1,133.244597924792,1,4.84865541856278,842,1,6.5460000038147,34.8680000305176,0.0317730009555817,0,128.4873046875,-88.045,26.519,41.7210744760169,63,63,63,63,61,63,0,7817,1.11627530284214,27,-88,0.001869,51,2025-08-26 14:06:26.001511,842,1.037,0.0011,"aoml_navis",1031.21372182024
"7901009",80,0,1,0.033642,1,0.011214,1,133.420478925584,1,4.84859913364087,844,1,6.53700017929077,34.8699989318848,0.0336420014500618,0,128.65690612793,-88.045,26.519,41.7210744760169,63,63,63,63,61,63,0,7817,1.11627530284214,27,-88,0.001869,51,2025-08-26 14:06:26.001511,844,1.037,0.0011,"aoml_navis",1031.22569265598
"7901009",80,0,1,0.031773,1,0.009345,1,133.757809665565,1,4.84855102338247,846,1,6.52400016784668,34.8689994812012,0.0317730009555817,0,128.982192993164,-88.045,26.519,41.7210744760169,63,63,63,63,61,63,0,7817,1.11627530284214,27,-88,0.001869,51,2025-08-26 14:06:26.001511,846,1.037,0.0011,"aoml_navis",1031.23592510157
"7901009",80,0,1,0.029904,1,0.007476,1,134.067480487472,1,4.84850210434463,848,1,6.5149998664856,34.8689994812012,0.0299040004611015,0,129.280807495117,-88.045,26.519,41.7210744760169,63,63,63,63,61,63,0,7817,1.11627530284214,27,-88,0.001869,51,2025-08-26 14:06:26.001511,848,1.037,0.0011,"aoml_navis",1031.24632977257
"7901009",80,0,1,0.028035,1,0.005607,1,134.373290313951,1,4.84845185677696,850,1,6.49900007247925,34.8680000305176,0.0280349999666214,0,129.575698852539,-88.045,26.519,41.7210744760169,63,63,63,63,61,63,0,7817,1.11627530284214,27,-88,0.001869,51,2025-08-26 14:06:26.001511,850,1.037,0.0011,"aoml_navis",1031.25701722937
"7901009",80,0,1,0.028035,1,0.005607,1,134.579252266835,1,4.8484030485834,852,1,6.4850001335144,34.867000579834,0.0280349999666214,0,129.774307250977,-88.045,26.519,41.7210744760169,63,63,63,63,61,63,0,7817,1.11627530284214,27,-88,0.001869,51,2025-08-26 14:06:26.001511,852,1.037,0.0011,"aoml_navis",1031.26739874914
"7901009",80,0,1,0.028035,1,0.005607,1,134.668007690447,1,4.8483519972298,854,1,6.47300004959106,34.867000579834,0.0280349999666214,0,129.859893798828,-88.045,26.519,41.7210744760169,63,63,63,63,61,63,0,7817,1.11627530284214,27,-88,0.001869,51,2025-08-26 14:06:26.001511,854,1.037,0.0011,"aoml_navis",1031.27825761348
"7901009",80,0,1,0.031773,1,0.009345,1,134.803553948007,1,4.84830012975839,856,1,6.46500015258789,34.8680000305176,0.0317730009555817,0,129.990600585938,-88.045,26.519,41.7210744760169,63,63,63,63,61,63,0,7817,1.11627530284214,27,-88,0.001869,51,2025-08-26 14:06:26.001511,856,1.037,0.0011,"aoml_navis",1031.28929030414
"7901009",80,0,1,0.028035,1,0.005607,1,134.982235752861,1,4.84825551692206,858,1,6.46199989318848,34.8680000305176,0.0280349999666214,0,130.162902832031,-88.045,26.519,41.7210744760169,63,63,63,63,61,63,0,7817,1.11627530284214,27,-88,0.001869,51,2025-08-26 14:06:26.001511,858,1.037,0.0011,"aoml_navis",1031.29878005569
"7901009",80,0,1,0.029904,1,0.007476,1,135.373509662585,1,4.84820519012728,860,1,6.45100021362305,34.8680000305176,0.0299040004611015,0,130.54020690918,-88.045,26.519,41.7210744760169,63,63,63,63,61,63,0,7817,1.11627530284214,27,-88,0.001869,51,2025-08-26 14:06:26.001511,860,1.037,0.0011,"aoml_navis",1031.30948545285
"7901009",80,0,1,0.024297,1,0.001869,1,135.878746232472,1,4.84814344977424,862,1,6.42399978637695,34.8680000305176,0.0242970008403063,0,131.027404785156,-88.045,26.519,41.7210744760169,63,63,63,63,61,63,0,7817,1.11627530284214,27,-88,0.001869,51,2025-08-26 14:06:26.001511,862,1.037,0.0011,"aoml_navis",1031.3226190188
"7901009",80,0,1,0.029904,1,0.007476,1,136.276966769218,1,4.84810263455352,864,1,6.41599988937378,34.8660011291504,0.0299040004611015,0,131.411407470703,-88.045,26.519,41.7210744760169,63,63,63,63,61,63,0,7817,1.11627530284214,27,-88,0.001869,51,2025-08-26 14:06:26.001511,864,1.037,0.0011,"aoml_navis",1031.3313015207
"7901009",80,0,1,0.031773,1,0.009345,1,136.719256454611,1,4.84804520134815,866,1,6.39499998092651,34.8660011291504,0.0317730009555817,0,131.837905883789,-88.045,26.519,41.7210744760169,63,63,63,63,61,63,0,7817,1.11627530284214,27,-88,0.001869,51,2025-08-26 14:06:26.001511,866,1.037,0.0011,"aoml_navis",1031.34351936521
"7901009",80,0,1,0.029904,1,0.007476,1,137.108441629103,1,4.84798493955946,868,1,6.36999988555908,34.8660011291504,0.0299040004611015,0,132.213195800781,-88.045,26.519,41.7210744760169,63,63,63,63,61,63,0,7817,1.11627530284214,27,-88,0.001869,51,2025-08-26 14:06:26.001511,868,1.037,0.0011,"aoml_navis",1031.35633924934
"7901009",80,0,1,0.029904,1,0.007476,1,137.386259238721,1,4.84792683209242,870,1,6.34800004959106,34.8660011291504,0.0299040004611015,0,132.481094360352,-88.045,26.519,41.7210744760169,63,63,63,63,61,63,0,7817,1.11627530284214,27,-88,0.001869,51,2025-08-26 14:06:26.001511,870,1.037,0.0011,"aoml_navis",1031.36870113239
"7901009",80,0,1,0.028035,1,0.005607,1,137.683271059222,1,4.84788009742673,872,1,6.34200000762939,34.8660011291504,0.0280349999666214,0,132.767501831055,-88.045,26.519,41.7210744760169,63,63,63,63,61,63,0,7817,1.11627530284214,27,-88,0.001869,51,2025-08-26 14:06:26.001511,872,1.037,0.0011,"aoml_navis",1031.37864376102
"7901009",80,0,1,0.031773,1,0.009345,1,137.988052341837,1,4.84782697712572,874,1,6.3270001411438,34.8660011291504,0.0317730009555817,0,133.061401367188,-88.045,26.519,41.7210744760169,63,63,63,63,61,63,0,7817,1.11627530284214,27,-88,0.001869,51,2025-08-26 14:06:26.001511,874,1.037,0.0011,"aoml_navis",1031.38994514291
"7901009",80,0,1,0.028035,1,0.005607,1,138.151274341222,1,4.84778108957963,876,1,6.31699991226196,34.8650016784668,0.0280349999666214,0,133.218795776367,-88.045,26.519,41.7210744760169,63,63,63,63,61,63,0,7817,1.11627530284214,27,-88,0.001869,51,2025-08-26 14:06:26.001511,876,1.037,0.0011,"aoml_navis",1031.39970795042
"7901009",80,0,1,0.033642,1,0.011214,1,138.340114994704,1,4.84772572007823,878,1,6.30399990081787,34.8660011291504,0.0336420014500618,0,133.400894165039,-88.045,26.519,41.7210744760169,63,63,63,63,61,63,0,7817,1.11627530284214,27,-88,0.001869,51,2025-08-26 14:06:26.001511,878,1.037,0.0011,"aoml_navis",1031.41148833794
"7901009",80,0,1,0.031773,1,0.009345,1,138.527104269231,1,4.84767757840235,880,1,6.2960000038147,34.8660011291504,0.0317730009555817,0,133.581207275391,-88.045,26.519,41.7210744760169,63,63,63,63,61,63,0,7817,1.11627530284214,27,-88,0.001869,51,2025-08-26 14:06:26.001511,880,1.037,0.0011,"aoml_navis",1031.42173115561
"7901009",80,0,1,0.029904,1,0.007476,1,138.686386154428,1,4.847629439351,882,1,6.28800010681152,34.8660011291504,0.0299040004611015,0,133.734802246094,-88.045,26.519,41.7210744760169,63,63,63,63,61,63,0,7817,1.11627530284214,27,-88,0.001869,51,2025-08-26 14:06:26.001511,882,1.037,0.0011,"aoml_navis",1031.43197361831
"7901009",80,0,1,0.029904,1,0.007476,1,138.945642503234,1,4.84758059449319,884,1,6.27899980545044,34.8660011291504,0.0299040004611015,0,133.984802246094,-88.045,26.519,41.7210744760169,63,63,63,63,61,63,0,7817,1.11627530284214,27,-88,0.001869,51,2025-08-26 14:06:26.001511,884,1.037,0.0011,"aoml_navis",1031.44236646214
"7901009",80,0,1,0.031773,1,0.009345,1,139.205515978359,1,4.84753033751968,886,1,6.26800012588501,34.8660011291504,0.0317730009555817,0,134.235397338867,-88.045,26.519,41.7210744760169,63,63,63,63,61,63,0,7817,1.11627530284214,27,-88,0.001869,51,2025-08-26 14:06:26.001511,886,1.037,0.0011,"aoml_navis",1031.45305998401
"7901009",80,0,1,0.026166,1,0.003738,1,139.494647570484,1,4.84747499043779,888,1,6.25500011444092,34.867000579834,0.0261659994721413,0,134.514205932617,-88.045,26.519,41.7210744760169,63,63,63,63,61,63,0,7817,1.11627530284214,27,-88,0.001869,51,2025-08-26 14:06:26.001511,888,1.037,0.0011,"aoml_navis",1031.46483681981
"7901009",80,0,1,0.029904,1,0.007476,1,139.87927550447,1,4.84742191477559,890,1,6.23999977111816,34.867000579834,0.0299040004611015,0,134.885101318359,-88.045,26.519,41.7210744760169,63,63,63,63,61,63,0,7817,1.11627530284214,27,-88,0.001869,51,2025-08-26 14:06:26.001511,890,1.037,0.0011,"aoml_navis",1031.47613059209
"7901009",80,0,1,0.029904,1,0.007476,1,140.214960574268,1,4.84736319914557,892,1,6.21700000762939,34.867000579834,0.0299040004611015,0,135.208801269531,-88.045,26.519,41.7210744760169,63,63,63,63,61,63,0,7817,1.11627530284214,27,-88,0.001869,51,2025-08-26 14:06:26.001511,892,1.037,0.0011,"aoml_navis",1031.48862476023
"7901009",80,0,1,0.026166,1,0.003738,1,140.462285814248,1,4.84730788228774,893.900024414062,1,6.20100021362305,34.8680000305176,0.0261659994721413,0,135.447296142578,-88.045,26.519,41.7210744760169,63,63,63,63,61,63,0,7817,1.11627530284214,27,-88,0.001869,51,2025-08-26 14:06:26.001511,893.900024414062,1.037,0.0011,"aoml_navis",1031.50039597654
"7901009",80,0,1,0.028035,1,0.005607,1,140.719168600291,1,4.84725130290929,896,1,6.18400001525879,34.8680000305176,0.0280349999666214,0,135.695007324219,-88.045,26.519,41.7210744760169,63,63,63,63,61,63,0,7817,1.11627530284214,27,-88,0.001869,51,2025-08-26 14:06:26.001511,896,1.037,0.0011,"aoml_navis",1031.51243613035
"7901009",80,0,1,0.031773,1,0.009345,1,140.800565979335,1,4.84720178573934,898,1,6.17399978637695,34.8680000305176,0.0317730009555817,0,135.773498535156,-88.045,26.519,41.7210744760169,63,63,63,63,61,63,0,7817,1.11627530284214,27,-88,0.001869,51,2025-08-26 14:06:26.001511,898,1.037,0.0011,"aoml_navis",1031.5229736691
"7901009",80,0,1,0.029904,1,0.007476,1,140.92283610917,1,4.84715861036536,900,1,6.1729998588562,34.8680000305176,0.0299040004611015,0,135.891403198242,-88.045,26.519,41.7210744760169,63,63,63,63,61,63,0,7817,1.11627530284214,27,-88,0.001869,51,2025-08-26 14:06:26.001511,900,1.037,0.0011,"aoml_navis",1031.53216181286
"7901009",80,0,1,0.031773,1,0.009345,1,141.060961638267,1,4.84710980217656,902,1,6.16400003433228,34.8680000305176,0.0317730009555817,0,136.024597167969,-88.045,26.519,41.7210744760169,63,63,63,63,61,63,0,7817,1.11627530284214,27,-88,0.001869,51,2025-08-26 14:06:26.001511,902,1.037,0.0011,"aoml_navis",1031.54254887207
"7901009",80,0,1,0.029904,1,0.007476,1,141.1742122296,1,4.84705731768792,904,1,6.15500020980835,34.8689994812012,0.0299040004611015,0,136.133804321289,-88.045,26.519,41.7210744760169,63,63,63,63,61,63,0,7817,1.11627530284214,27,-88,0.001869,51,2025-08-26 14:06:26.001511,904,1.037,0.0011,"aoml_navis",1031.55371853227
"7901009",80,0,1,0.029904,1,0.007476,1,141.249074399168,1,4.84701273842337,906,1,6.15199995040894,34.8689994812012,0.0299040004611015,0,136.205993652344,-88.045,26.519,41.7210744760169,63,63,63,63,61,63,0,7817,1.11627530284214,27,-88,0.001869,51,2025-08-26 14:06:26.001511,906,1.037,0.0011,"aoml_navis",1031.56320600601
"7901009",80,0,1,0.029904,1,0.007476,1,141.430667774345,1,4.8469646416795,908,1,6.14400005340576,34.8689994812012,0.0299040004611015,0,136.381103515625,-88.045,26.519,41.7210744760169,63,63,63,63,61,63,0,7817,1.11627530284214,27,-88,0.001869,51,2025-08-26 14:06:26.001511,908,1.037,0.0011,"aoml_navis",1031.57344227448
"7901009",80,0,1,0.028035,1,0.005607,1,141.583825867613,1,4.84691005426959,910,1,6.13199996948242,34.8699989318848,0.0280349999666214,0,136.528793334961,-88.045,26.519,41.7210744760169,63,63,63,63,61,63,0,7817,1.11627530284214,27,-88,0.001869,51,2025-08-26 14:06:26.001511,910,1.037,0.0011,"aoml_navis",1031.58506017572
"7901009",80,0,1,0.026166,1,0.003738,1,141.690335540697,1,4.84686126049107,912,1,6.1230001449585,34.8699989318848,0.0261659994721413,0,136.631500244141,-88.045,26.519,41.7210744760169,63,63,63,63,61,63,0,7817,1.11627530284214,27,-88,0.001869,51,2025-08-26 14:06:26.001511,912,1.037,0.0011,"aoml_navis",1031.59544523323
"7901009",80,0,1,0.033642,1,0.011214,1,141.797873757645,1,4.84681317230923,914,1,6.11499977111816,34.8699989318848,0.0336420014500618,0,136.735198974609,-88.045,26.519,41.7210744760169,63,63,63,63,61,63,0,7817,1.11627530284214,27,-88,0.001869,51,2025-08-26 14:06:26.001511,914,1.037,0.0011,"aoml_navis",1031.60568031917
"7901009",80,0,1,0.029904,1,0.007476,1,141.901266151633,1,4.84675578766878,916,1,6.09899997711182,34.8709983825684,0.0299040004611015,0,136.834899902344,-88.045,26.519,41.7210744760169,63,63,63,63,61,63,0,7817,1.11627530284214,27,-88,0.001869,51,2025-08-26 14:06:26.001511,916,1.037,0.0011,"aoml_navis",1031.61789432864
"7901009",80,0,1,0.031773,1,0.009345,1,141.934970742878,1,4.84670840883694,918,1,6.09200000762939,34.8709983825684,0.0317730009555817,0,136.867401123047,-88.045,26.519,41.7210744760169,63,63,63,63,61,63,0,7817,1.11627530284214,27,-88,0.001869,51,2025-08-26 14:06:26.001511,918,1.037,0.0011,"aoml_navis",1031.62797887398
"7901009",80,0,1,0.029904,1,0.007476,1,141.970542536831,1,4.84666243635214,920,1,6.08699989318848,34.8709983825684,0.0299040004611015,0,136.901702880859,-88.045,26.519,41.7210744760169,63,63,63,63,61,63,0,7817,1.11627530284214,27,-88,0.001869,51,2025-08-26 14:06:26.001511,920,1.037,0.0011,"aoml_navis",1031.637764268
"7901009",80,0,1,0.029904,1,0.007476,1,142.013472375351,1,4.8466129561089,922,1,6.0770001411438,34.8709983825684,0.0299040004611015,0,136.943099975586,-88.045,26.519,41.7210744760169,63,63,63,63,61,63,0,7817,1.11627530284214,27,-88,0.001869,51,2025-08-26 14:06:26.001511,922,1.037,0.0011,"aoml_navis",1031.64829650731
"7901009",80,0,1,0.029904,1,0.007476,1,142.216411991649,1,4.84653788325503,924,1,6.04099988937378,34.8730010986328,0.0299040004611015,0,137.138793945312,-88.045,26.519,41.7210744760169,63,63,63,63,61,63,0,7817,1.11627530284214,27,-88,0.001869,51,2025-08-26 14:06:26.001511,924,1.037,0.0011,"aoml_navis",1031.6642767356
"7901009",80,0,1,0.028035,1,0.005607,1,142.394476670184,1,4.84647774141577,926,1,6.02099990844727,34.8740005493164,0.0280349999666214,0,137.310501098633,-88.045,26.519,41.7210744760169,63,63,63,63,61,63,0,7817,1.11627530284214,27,-88,0.001869,51,2025-08-26 14:06:26.001511,926,1.037,0.0011,"aoml_navis",1031.67707906142
"7901009",80,0,1,0.033642,1,0.011214,1,153.519586876294,1,4.84465103703796,999.400024414062,1,5.66050004959106,34.8790016174316,0.0336420014500618,0,148.03840637207,-88.045,26.519,41.7210744760169,63,63,63,63,61,63,0,7817,1.11627530284214,27,-88,0.001869,51,2025-08-26 14:06:26.001511,999.400024414062,1.037,0.0011,"aoml_navis",1032.06607901671
"7901009",80,0,1,0.029904,1,0.007476,1,158.907969943746,1,4.84341714032376,1049.90002441406,1,5.45580005645752,34.8849983215332,0.0299040004611015,0,153.234405517578,-88.045,26.519,41.7210744760169,63,63,63,63,61,63,0,7817,1.11627530284214,27,-88,0.001869,51,2025-08-26 14:06:26.001511,1049.90002441406,1.037,0.0011,"aoml_navis",1032.32900556358
"7901009",80,0,1,0.029904,1,0.007476,1,164.15677169694,1,4.84223447413861,1099.69995117188,1,5.29139995574951,34.8889999389648,0.0299040004611015,0,158.295806884766,-88.045,26.519,41.7210744760169,63,63,63,63,61,63,0,7817,1.11627530284214,27,-88,0.001869,51,2025-08-26 14:06:26.001511,1099.69995117188,1.037,0.0011,"aoml_navis",1032.58114135199
"7901009",80,0,1,0.029904,1,0.007476,1,170.671568533298,1,4.84102419905163,1149.69995117188,1,5.10139989852905,34.8950004577637,0.0299040004611015,0,164.578002929688,-88.045,26.519,41.7210744760169,63,63,63,63,61,63,0,7817,1.11627530284214,27,-88,0.001869,51,2025-08-26 14:06:26.001511,1149.69995117188,1.037,0.0011,"aoml_navis",1032.83929069793
"7901009",80,0,1,0.024297,1,0.001869,1,176.202855902879,1,4.8398193750155,1199.19995117188,1,4.90700006484985,34.9020004272461,0.0242970008403063,0,169.911804199219,-88.045,26.519,41.7210744760169,63,63,63,63,61,63,0,7817,1.11627530284214,27,-88,0.001869,51,2025-08-26 14:06:26.001511,1199.19995117188,1.037,0.0011,"aoml_navis",1033.09640558311
"7901009",80,0,1,0.029904,1,0.007476,1,179.491458759525,1,4.83870872131795,1249.30004882812,1,4.84240007400513,34.9039993286133,0.0299040004611015,0,173.082992553711,-88.045,26.519,41.7210744760169,63,63,63,63,61,63,0,7817,1.11627530284214,27,-88,0.001869,51,2025-08-26 14:06:26.001511,1249.30004882812,1.037,0.0011,"aoml_navis",1033.33353751414
"7901009",80,0,1,0.031773,1,0.009345,1,184.720971359326,1,4.83753765352132,1299,1,4.6956000328064,34.9099998474121,0.0317730009555817,0,178.125793457031,-88.045,26.519,41.7210744760169,63,63,63,63,61,63,0,7817,1.11627530284214,27,-88,0.001869,51,2025-08-26 14:06:26.001511,1299,1.037,0.0011,"aoml_navis",1033.58368618804
"7901009",80,0,1,0.026166,1,0.003738,1,188.44327160416,1,4.83638205846941,1349.80004882812,1,4.59929990768433,34.9150009155273,0.0261659994721413,0,181.715194702148,-88.045,26.519,41.7210744760169,63,63,63,63,61,63,0,7817,1.11627530284214,27,-88,0.001869,51,2025-08-26 14:06:26.001511,1349.80004882812,1.037,0.0011,"aoml_navis",1033.83064852043
"7901009",80,0,1,0.029904,1,0.007476,1,190.927157565145,1,4.83528074601712,1399.5,1,4.53119993209839,34.9169998168945,0.0299040004611015,0,184.110397338867,-88.045,26.519,41.7210744760169,63,63,63,63,61,63,0,7817,1.11627530284214,27,-88,0.001869,51,2025-08-26 14:06:26.001511,1399.5,1.037,0.0011,"aoml_navis",1034.06611997009
"7901009",80,0,1,0.031773,1,0.009345,1,193.264199109813,1,4.83418617204854,1449.5,1,4.48619985580444,34.9199981689453,0.0317730009555817,0,186.363998413086,-88.045,26.519,41.7210744760169,63,63,63,63,61,63,0,7817,1.11627530284214,27,-88,0.001869,51,2025-08-26 14:06:26.001511,1449.5,1.037,0.0011,"aoml_navis",1034.30025697194
"7901009",80,0,1,0.031773,1,0.009345,1,194.979240620371,1,4.83310916492315,1499.09997558594,1,4.44750022888184,34.9220008850098,0.0317730009555817,0,188.017807006836,-88.045,26.519,41.7210744760169,63,63,63,63,61,63,0,7817,1.11627530284214,27,-88,0.001869,51,2025-08-26 14:06:26.001511,1499.09997558594,1.037,0.0011,"aoml_navis",1034.53073981612
"7901009",80,0,1,0.026166,1,0.003738,1,196.61959402263,1,4.83202979299412,1549.30004882812,1,4.41660022735596,34.9230003356934,0.0261659994721413,0,189.599594116211,-88.045,26.519,41.7210744760169,63,63,63,63,61,63,0,7817,1.11627530284214,27,-88,0.001869,51,2025-08-26 14:06:26.001511,1549.30004882812,1.037,0.0011,"aoml_navis",1034.76183181847
"7901009",80,0,1,0.031773,1,0.009345,1,197.674769261121,1,4.83095946261316,1599.19995117188,1,4.39309978485107,34.9249992370605,0.0317730009555817,0,190.617095947266,-88.045,26.519,41.7210744760169,63,63,63,63,61,63,0,7817,1.11627530284214,27,-88,0.001869,51,2025-08-26 14:06:26.001511,1599.19995117188,1.037,0.0011,"aoml_navis",1034.99109000915
"7901009",80,0,1,0.028035,1,0.005607,1,198.615459655641,1,4.82988831113538,1649.80004882812,1,4.37709999084473,34.9249992370605,0.0280349999666214,0,191.524200439453,-88.045,26.519,41.7210744760169,63,63,63,63,61,63,0,7817,1.11627530284214,27,-88,0.001869,51,2025-08-26 14:06:26.001511,1649.80004882812,1.037,0.0011,"aoml_navis",1035.22062580048
"7901009",80,0,1,0.028035,1,0.005607,1,199.43212348388,1,4.82883579780645,1699.5,1,4.36399984359741,34.9259986877441,0.0280349999666214,0,192.311706542969,-88.045,26.519,41.7210744760169,63,63,63,63,61,63,0,7817,1.11627530284214,27,-88,0.001869,51,2025-08-26 14:06:26.001511,1699.5,1.037,0.0011,"aoml_navis",1035.44626683544
"7901009",80,0,1,0.028035,1,0.005607,1,200.257490375587,1,4.8277701627195,1749.90002441406,1,4.35099983215332,34.9269981384277,0.0280349999666214,0,193.107604980469,-88.045,26.519,41.7210744760169,63,63,63,63,61,63,0,7817,1.11627530284214,27,-88,0.001869,51,2025-08-26 14:06:26.001511,1749.90002441406,1.037,0.0011,"aoml_navis",1035.67482118566
"7901009",80,0,1,0.029904,1,0.007476,1,200.688576844735,1,4.82672243023607,1799.69995117188,1,4.34359979629517,34.9280014038086,0.0299040004611015,0,193.523300170898,-88.045,26.519,41.7210744760169,63,63,63,63,61,63,0,7817,1.11627530284214,27,-88,0.001869,51,2025-08-26 14:06:26.001511,1799.69995117188,1.037,0.0011,"aoml_navis",1035.89963422766
"7901009",80,0,1,0.033642,1,0.011214,1,201.430362679654,1,4.82569131605018,1848.90002441406,1,4.33479976654053,34.9280014038086,0.0336420014500618,0,194.23860168457,-88.045,26.519,41.7210744760169,63,63,63,63,61,63,0,7817,1.11627530284214,27,-88,0.001869,51,2025-08-26 14:06:26.001511,1848.90002441406,1.037,0.0011,"aoml_navis",1036.12097677489
"7901009",80,0,1,0.031773,1,0.009345,1,201.972516062393,1,4.82463195534402,1899.5,1,4.33029985427856,34.9290008544922,0.0317730009555817,0,194.76139831543,-88.045,26.519,41.7210744760169,63,63,63,63,61,63,0,7817,1.11627530284214,27,-88,0.001869,51,2025-08-26 14:06:26.001511,1899.5,1.037,0.0011,"aoml_navis",1036.34848135136
"7901009",80,0,1,0.028035,1,0.005607,1,202.242136968601,1,4.82361105617735,1948.59997558594,1,4.32880020141602,34.9290008544922,0.0280349999666214,0,195.021392822266,-88.045,26.519,41.7210744760169,63,63,63,63,61,63,0,7817,1.11627530284214,27,-88,0.001869,51,2025-08-26 14:06:26.001511,1948.59997558594,1.037,0.0011,"aoml_navis",1036.56782061579
"7901009",80,0,1,0.026166,1,0.003738,1,201.760034723784,1,4.82261054706087,1996.69995117188,1,4.32480001449585,34.9290008544922,0.0261659994721413,0,194.556503295898,-88.045,26.519,41.7210744760169,63,63,63,63,61,63,0,7817,1.11627530284214,27,-88,0.001869,51,2025-08-26 14:06:26.001511,1996.69995117188,1.037,0.0011,"aoml_navis",1036.78286919669
"7901009",81,0.0447187826295558,5,0.041118,1,0.01869,1,189.622709211269,1,4.88978393349857,2.20000004768372,1,30.6499996185303,36.3720016479492,0.041117999702692,0.0280349999666214,182.852493286133,-87.7243,26.4764,33.7749641596869,63,63,63,63,61,63,0.057939,8045,1.29563008188212,26,-88,0.001869,51,2025-08-31 20:34:54.002195,2.20000004768372,1.037,0.0011,"aoml_navis",1022.54006884565
"7901009",81,0.0447187826295558,5,0.044856,1,0.022428,1,189.54265683842,1,4.88971657715467,4,1,30.6380004882812,36.375,0.0448560006916523,0.0317730009555817,182.775299072266,-87.7243,26.4764,33.7749641596869,63,63,63,63,61,63,0.057939,8045,1.29563008188212,26,-88,0.001869,51,2025-08-31 20:34:54.002195,4,1.037,0.0011,"aoml_navis",1022.55415443926
"7901009",81,0.0447187826295558,5,0.044856,1,0.022428,1,189.633501011681,1,4.88965013804605,6,1,30.628999710083,36.3779983520508,0.0448560006916523,0.0317730009555817,182.862899780273,-87.7243,26.4764,33.7749641596869,63,63,63,63,61,63,0.057939,8045,1.29563008188212,26,-88,0.001869,51,2025-08-31 20:34:54.002195,6,1.037,0.0011,"aoml_navis",1022.56804860031
"7901009",81,0.0447187826295558,5,0.044856,1,0.022428,1,189.663265493462,1,4.88956962142501,8,1,30.6180000305176,36.3839988708496,0.0448560006916523,0.0317730009555817,182.8916015625,-87.7243,26.4764,33.7749641596869,63,63,63,63,61,63,0.057939,8045,1.29563008188212,26,-88,0.001869,51,2025-08-31 20:34:54.002195,8,1.037,0.0011,"aoml_navis",1022.5848872447
"7901009",81,0.0447187826295558,5,0.048594,1,0.026166,1,189.702255223982,1,4.88952032842867,10,1,30.6149997711182,36.3849983215332,0.0485940016806126,0.0355109982192516,182.92919921875,-87.7243,26.4764,33.7749641596869,63,63,63,63,61,63,0.057939,8045,1.29563008188212,26,-88,0.001869,51,2025-08-31 20:34:54.002195,10,1.037,0.0011,"aoml_navis",1022.59519628725
"7901009",81,0.0447187826295558,5,0.048594,1,0.026166,1,189.626870858642,1,4.88947960586151,12,1,30.6149997711182,36.3849983215332,0.0485940016806126,0.0355109982192516,182.856506347656,-87.7243,26.4764,33.7749641596869,63,63,63,63,61,63,0.057939,8045,1.29563008188212,26,-88,0.001869,51,2025-08-31 20:34:54.002195,12,1.037,0.0011,"aoml_navis",1022.60371308349
"7901009",81,0.0447187826295558,5,0.044856,1,0.022428,1,189.589954039932,1,4.8894300470504,14,1,30.6140003204346,36.3870010375977,0.0448560006916523,0.0317730009555817,182.820907592773,-87.7243,26.4764,33.7749641596869,63,63,63,63,61,63,0.057939,8045,1.29563008188212,26,-88,0.001869,51,2025-08-31 20:34:54.002195,14,1.037,0.0011,"aoml_navis",1022.61407810023
"7901009",81,0.0447187826295558,5,0.048594,1,0.026166,1,189.657869593256,1,4.88936477321825,16,1,30.6100006103516,36.3919982910156,0.0485940016806126,0.0355109982192516,182.88639831543,-87.7243,26.4764,33.7749641596869,63,63,63,63,61,63,0.057939,8045,1.29563008188212,26,-88,0.001869,51,2025-08-31 20:34:54.002195,16,1.037,0.0011,"aoml_navis",1022.62773016809
"7901009",81,0.0447187826295558,5,0.052332,1,0.029904,1,189.655274497556,1,4.88929808589118,18,1,30.6030006408691,36.3959999084473,0.0523319989442825,0.0392489992082119,182.883895874023,-87.7243,26.4764,33.7749641596869,63,63,63,63,61,63,0.057939,8045,1.29563008188212,26,-88,0.001869,51,2025-08-31 20:34:54.002195,18,1.037,0.0011,"aoml_navis",1022.64167824585
"7901009",81,0.0447187826295558,5,0.054201,1,0.031773,1,189.559350899174,1,4.88924216153306,20,1,30.5960006713867,36.3969993591309,0.0542009994387627,0.041117999702692,182.791397094727,-87.7243,26.4764,33.7749641596869,63,63,63,63,61,63,0.057939,8045,1.29563008188212,26,-88,0.001869,51,2025-08-31 20:34:54.002195,20,1.037,0.0011,"aoml_navis",1022.65337547368
"7901009",81,0.0447187826295558,5,0.05607,1,0.033642,1,189.425988298192,1,4.88920145115954,22,1,30.5960006713867,36.3969993591309,0.0560699999332428,0.0429870001971722,182.662796020508,-87.7243,26.4764,33.7749641596869,63,63,63,63,61,63,0.057939,8045,1.29563008188212,26,-88,0.001869,51,2025-08-31 20:34:54.002195,22,1.037,0.0011,"aoml_navis",1022.66189068855
"7901009",81,0.0447187826295558,5,0.059808,1,0.03738,1,189.399135387196,1,4.88915601620486,24,1,30.5909996032715,36.3959999084473,0.0598080009222031,0.0467250011861324,182.636901855469,-87.7243,26.4764,33.7749641596869,63,63,63,63,61,63,0.057939,8045,1.29563008188212,26,-88,0.001869,51,2025-08-31 20:34:54.002195,24,1.037,0.0011,"aoml_navis",1022.67139429132
"7901009",81,0.0447187826295558,5,0.065415,1,0.042987,1,189.379434813131,1,4.88911058705343,26,1,30.5860004425049,36.3950004577637,0.0654150024056435,0.0523319989442825,182.617904663086,-87.7243,26.4764,33.7749641596869,63,63,63,63,61,63,0.057939,8045,1.29563008188212,26,-88,0.001869,51,2025-08-31 20:34:54.002195,26,1.037,0.0011,"aoml_navis",1022.68089685682
"7901009",81,0.0447187826295558,5,0.072891,1,0.050463,1,189.345208032646,1,4.88906821969076,28,1,30.5849990844727,36.3950004577637,0.0728909969329834,0.0598080009222031,182.584899902344,-87.7243,26.4764,33.7749641596869,63,63,63,63,61,63,0.057939,8045,1.29563008188212,26,-88,0.001869,51,2025-08-31 20:34:54.002195,28,1.037,0.0011,"aoml_navis",1022.68975913702
"7901009",81,0.0447187826295558,5,0.069153,1,0.046725,1,189.14163543397,1,4.88902726049523,30,1,30.5869998931885,36.3959999084473,0.0691530033946037,0.0560699999332428,182.388595581055,-87.7243,26.4764,33.7749641596869,63,63,63,63,61,63,0.057939,8045,1.29563008188212,26,-88,0.001869,51,2025-08-31 20:34:54.002195,30,1.037,0.0011,"aoml_navis",1022.69832700698
"7901009",81,0.0447187826295558,5,0.080367,1,0.057939,1,189.204582328454,1,4.88898349815747,32,1,30.5830001831055,36.3950004577637,0.0803669989109039,0.0672840029001236,182.449295043945,-87.7243,26.4764,33.7749641596869,63,63,63,63,61,63,0.057939,8045,1.29563008188212,26,-88,0.001869,51,2025-08-31 20:34:54.002195,32,1.037,0.0011,"aoml_navis",1022.70748139861
"7901009",81,0.0490464067549967,1,0.085974,1,0.063546,1,190.137709117723,1,4.88893169312358,34,1,30.57200050354,36.3930015563965,0.0859740003943443,0.0728909969329834,183.349105834961,-87.7243,26.4764,33.7749641596869,63,63,63,63,61,63,0.063546,8045,1.29563008188212,26,-88,0.001869,51,2025-08-31 20:34:54.002195,34,1.037,0.0011,"aoml_navis",1022.7183184074
"7901009",81,0.0533740308804376,1,0.091581,1,0.069153,1,193.347399433736,1,4.88871836892511,36,1,30.4290008544922,36.375,0.0915810018777847,0.0784979984164238,186.444198608398,-87.7243,26.4764,33.7749641596869,63,63,63,63,61,63,0.069153,8045,1.29563008188212,26,-88,0.001869,51,2025-08-31 20:34:54.002195,36,1.037,0.0011,"aoml_navis",1022.76294576146
"7901009",81,0.0605867377561724,1,0.100926,1,0.078498,1,196.099878193888,1,4.88813335666573,38,1,30.0139999389648,36.3359985351562,0.100925996899605,0.0878430008888245,189.098403930664,-87.7243,26.4764,33.7749641596869,63,63,63,63,61,63,0.078498,8045,1.29563008188212,26,-88,0.001869,51,2025-08-31 20:34:54.002195,38,1.037,0.0011,"aoml_navis",1022.8853501269
"7901009",81,0.0677994446319072,1,0.110271,1,0.087843,1,196.860526061621,1,4.88793016806215,40,1,29.8929996490479,36.326000213623,0.110270999372005,0.0971880033612251,189.831893920898,-87.7243,26.4764,33.7749641596869,63,63,63,63,61,63,0.087843,8045,1.29563008188212,26,-88,0.001869,51,2025-08-31 20:34:54.002195,40,1.037,0.0011,"aoml_navis",1022.92787091561
"7901009",81,0.0677994446319072,1,0.110271,1,0.087843,1,198.072499048626,1,4.88767853791631,42,1,29.742000579834,36.3160018920898,0.110270999372005,0.0971880033612251,191.000595092773,-87.7243,26.4764,33.7749641596869,63,63,63,63,61,63,0.087843,8045,1.29563008188212,26,-88,0.001869,51,2025-08-31 20:34:54.002195,42,1.037,0.0011,"aoml_navis",1022.98053384902
"7901009",81,0.0692419860070542,1,0.11214,1,0.089712,1,199.439307471157,1,4.88740300233188,44,1,29.5779991149902,36.306999206543,0.112139999866486,0.0990569964051247,192.318603515625,-87.7243,26.4764,33.7749641596869,63,63,63,63,61,63,0.089712,8045,1.29563008188212,26,-88,0.001869,51,2025-08-31 20:34:54.002195,44,1.037,0.0011,"aoml_navis",1023.03820610136
"7901009",81,0.0735696101324951,1,0.117747,1,0.095319,1,199.68259769305,1,4.88723753696823,46,1,29.4990005493164,36.3059997558594,0.117747001349926,0.104663997888565,192.553207397461,-87.7243,26.4764,33.7749641596869,63,63,63,63,61,63,0.095319,8045,1.29563008188212,26,-88,0.001869,51,2025-08-31 20:34:54.002195,46,1.037,0.0011,"aoml_navis",1023.07284272123
"7901009",81,0.0807823170082299,1,0.127092,1,0.104664,1,199.449672030204,1,4.88714846812966,48,1,29.4669990539551,36.3050003051758,0.127092003822327,0.114009000360966,192.328598022461,-87.7243,26.4764,33.7749641596869,63,63,63,63,61,63,0.104664,8045,1.29563008188212,26,-88,0.001869,51,2025-08-31 20:34:54.002195,48,1.037,0.0011,"aoml_navis",1023.09148834055
"7901009",81,0.0793397756330829,1,0.125223,1,0.102795,1,199.036830281314,1,4.88702727833468,50,1,29.423999786377,36.3079986572266,0.125222995877266,0.112139999866486,191.93049621582,-87.7243,26.4764,33.7749641596869,63,63,63,63,61,63,0.102795,8045,1.29563008188212,26,-88,0.001869,51,2025-08-31 20:34:54.002195,50,1.037,0.0011,"aoml_navis",1023.11685923386
"7901009",81,0.0851099411336708,1,0.132699,1,0.110271,1,198.632707421027,1,4.88688982427237,52,1,29.3819999694824,36.3160018920898,0.132698997855186,0.119616001844406,191.540802001953,-87.7243,26.4764,33.7749641596869,63,63,63,63,61,63,0.110271,8045,1.29563008188212,26,-88,0.001869,51,2025-08-31 20:34:54.002195,52,1.037,0.0011,"aoml_navis",1023.145636549
"7901009",81,0.0966502721348465,1,0.147651,1,0.125223,1,198.949831280341,1,4.88669920334309,54,1,29.2759990692139,36.310001373291,0.147651001811028,0.134568005800247,191.846603393555,-87.7243,26.4764,33.7749641596869,63,63,63,63,61,63,0.125223,8045,1.29563008188212,26,-88,0.001869,51,2025-08-31 20:34:54.002195,54,1.037,0.0011,"aoml_navis",1023.18554753266
"7901009",81,0.102420437635434,1,0.155127,1,0.132699,1,198.834096341614,1,4.88654586826925,56,1,29.2040004730225,36.3089981079102,0.155127003788948,0.142043992877007,191.735000610352,-87.7243,26.4764,33.7749641596869,63,63,63,63,61,63,0.132699,8045,1.29563008188212,26,-88,0.001869,51,2025-08-31 20:34:54.002195,56,1.037,0.0011,"aoml_navis",1023.21765410358
"7901009",81,0.0952077307596995,4,0.145782,1,0.123354,1,198.330204710658,1,4.88642776534898,58,1,29.1560001373291,36.3089981079102,0.145781993865967,0.132698997855186,191.249099731445,-87.7243,26.4764,33.7749641596869,63,63,63,63,61,63,0.123354,8045,1.29563008188212,26,-88,0.001869,51,2025-08-31 20:34:54.002195,58,1.037,0.0011,"aoml_navis",1023.24238484735
"7901009",81,0.115403310011757,1,0.171948,1,0.14952,1,198.78089687976,1,4.88632495946481,60,1,29.113000869751,36.306999206543,0.171948000788689,0.158865004777908,191.683700561523,-87.7243,26.4764,33.7749641596869,63,63,63,63,61,63,0.14952,8045,1.29563008188212,26,-88,0.001869,51,2025-08-31 20:34:54.002195,60,1.037,0.0011,"aoml_navis",1023.26391336602
"7901009",81,0.126943641012933,1,0.1869,1,0.164472,1,198.795407262425,1,4.88614781185063,62,1,29.0170001983643,36.3019981384277,0.18690000474453,0.173816993832588,191.697692871094,-87.7243,26.4764,33.7749641596869,63,63,63,63,61,63,0.164472,8045,1.29563008188212,26,-88,0.001869,51,2025-08-31 20:34:54.002195,62,1.037,0.0011,"aoml_navis",1023.30101186731
"7901009",81,0.134156347888668,1,0.196245,1,0.173817,1,198.134211690276,1,4.88600000559433,64,1,28.9570007324219,36.3050003051758,0.19624499976635,0.183162003755569,191.060104370117,-87.7243,26.4764,33.7749641596869,63,63,63,63,61,63,0.173817,8045,1.29563008188212,26,-88,0.001869,51,2025-08-31 20:34:54.002195,64,1.037,0.0011,"aoml_navis",1023.33196771902
"7901009",81,0.150024303015284,1,0.216804,1,0.194376,1,197.742320592039,1,4.88589918346954,66,1,28.923999786377,36.306999206543,0.216803997755051,0.20372100174427,190.682205200195,-87.7243,26.4764,33.7749641596869,63,63,63,63,61,63,0.194376,8045,1.29563008188212,26,-88,0.001869,51,2025-08-31 20:34:54.002195,66,1.037,0.0011,"aoml_navis",1023.35308450827
"7901009",81,0.164449716766754,1,0.235494,1,0.213066,1,197.491245083046,1,4.88572316069397,68,1,28.8439998626709,36.3089981079102,0.235494002699852,0.222411006689072,190.440093994141,-87.7243,26.4764,33.7749641596869,63,63,63,63,61,63,0.213066,8045,1.29563008188212,26,-88,0.001869,51,2025-08-31 20:34:54.002195,68,1.037,0.0011,"aoml_navis",1023.38995386096
"7901009",81,0.171662423642489,1,0.244839,1,0.222411,1,197.842184305234,1,4.88556651512465,70,1,28.7759990692139,36.3110008239746,0.244838997721672,0.231756001710892,190.778503417969,-87.7243,26.4764,33.7749641596869,63,63,63,63,61,63,0.222411,8045,1.29563008188212,26,-88,0.001869,51,2025-08-31 20:34:54.002195,70,1.037,0.0011,"aoml_navis",1023.42276673976
"7901009",81,0.174547506392782,1,0.248577,1,0.226149,1,198.385477084321,1,4.88547224736778,72,1,28.7290000915527,36.3050003051758,0.248576998710632,0.235494002699852,191.302398681641,-87.7243,26.4764,33.7749641596869,63,63,63,63,61,63,0.226149,8045,1.29563008188212,26,-88,0.001869,51,2025-08-31 20:34:54.002195,72,1.037,0.0011,"aoml_navis",1023.44251422039
"7901009",81,0.188972920144252,1,0.267267,1,0.244839,1,198.548398458279,1,4.88535057069078,74,1,28.6490001678467,36.2919998168945,0.267266988754272,0.254184007644653,191.459503173828,-87.7243,26.4764,33.7749641596869,63,63,63,63,61,63,0.244839,8045,1.29563008188212,26,-88,0.001869,51,2025-08-31 20:34:54.002195,74,1.037,0.0011,"aoml_navis",1023.46800452705
"7901009",81,0.188972920144252,1,0.267267,1,0.244839,1,197.813448367481,1,4.88521426727617,76,1,28.5979995727539,36.2960014343262,0.267266988754272,0.254184007644653,190.750793457031,-87.7243,26.4764,33.7749641596869,63,63,63,63,61,63,0.244839,8045,1.29563008188212,26,-88,0.001869,51,2025-08-31 20:34:54.002195,76,1.037,0.0011,"aoml_navis",1023.49656052811
"7901009",81,0.200513251145428,1,0.282219,1,0.259791,1,197.592564581633,1,4.8850887918006,78,1,28.5559997558594,36.3009986877441,0.282218992710114,0.269136011600494,190.537796020508,-87.7243,26.4764,33.7749641596869,63,63,63,63,61,63,0.259791,8045,1.29563008188212,26,-88,0.001869,51,2025-08-31 20:34:54.002195,78,1.037,0.0011,"aoml_navis",1023.52284945
"7901009",81,0.196185627019987,4,0.276612,1,0.254184,1,197.676984310661,1,4.88498529493109,80,1,28.511999130249,36.298999786377,0.276612013578415,0.263529002666473,190.619201660156,-87.7243,26.4764,33.7749641596869,63,63,63,63,61,63,0.254184,8045,1.29563008188212,26,-88,0.001869,51,2025-08-31 20:34:54.002195,80,1.037,0.0011,"aoml_navis",1023.54453455331
"7901009",81,0.203398333895722,1,0.285957,1,0.263529,1,197.714518255788,1,4.88489698597425,82,1,28.4729995727539,36.2949981689453,0.285957008600235,0.272873997688293,190.655395507812,-87.7243,26.4764,33.7749641596869,63,63,63,63,61,63,0.263529,8045,1.29563008188212,26,-88,0.001869,51,2025-08-31 20:34:54.002195,82,1.037,0.0011,"aoml_navis",1023.56303814722
"7901009",81,0.220708830397485,1,0.308385,1,0.285957,1,197.0337170521,1,4.88481188930465,84,1,28.4360008239746,36.2910003662109,0.308385014533997,0.295302003622055,189.998901367188,-87.7243,26.4764,33.7749641596869,63,63,63,63,61,63,0.285957,8045,1.29563008188212,26,-88,0.001869,51,2025-08-31 20:34:54.002195,84,1.037,0.0011,"aoml_navis",1023.58086929561
"7901009",81,0.222151371772632,1,0.310254,1,0.287826,1,195.798309085021,1,4.88471065544004,86,1,28.4249992370605,36.3030014038086,0.310254007577896,0.297170996665955,188.807601928711,-87.7243,26.4764,33.7749641596869,63,63,63,63,61,63,0.287826,8045,1.29563008188212,26,-88,0.001869,51,2025-08-31 20:34:54.002195,86,1.037,0.0011,"aoml_navis",1023.60208263955
"7901009",81,0.24234695102469,1,0.33642,1,0.313992,1,195.614231351605,1,4.88459993825438,88,1,28.4080009460449,36.314998626709,0.336419999599457,0.323336988687515,188.630096435547,-87.7243,26.4764,33.7749641596869,63,63,63,63,61,63,0.313992,8045,1.29563008188212,26,-88,0.001869,51,2025-08-31 20:34:54.002195,88,1.037,0.0011,"aoml_navis",1023.62528420022
"7901009",81,0.245232033774984,1,0.340158,1,0.31773,1,196.33497171107,1,4.88452685726564,90,1,28.3740005493164,36.3089981079102,0.340157985687256,0.327075004577637,189.325103759766,-87.7243,26.4764,33.7749641596869,63,63,63,63,61,63,0.31773,8045,1.29563008188212,26,-88,0.001869,51,2025-08-31 20:34:54.002195,90,1.037,0.0011,"aoml_navis",1023.64059940884
"7901009",81,0.251002199275572,1,0.347634,1,0.325206,1,196.30106140567,1,4.88443683155219,92,1,28.3269996643066,36.3019981384277,0.347633987665176,0.334551006555557,189.292404174805,-87.7243,26.4764,33.7749641596869,63,63,63,63,61,63,0.325206,8045,1.29563008188212,26,-88,0.001869,51,2025-08-31 20:34:54.002195,92,1.037,0.0011,"aoml_navis",1023.65946626667
"7901009",81,0.263985071651894,1,0.364455,1,0.342027,1,195.774969047474,1,4.88433082224459,94,1,28.2880001068115,36.3030014038086,0.364455014467239,0.351372003555298,188.785095214844,-87.7243,26.4764,33.7749641596869,63,63,63,63,61,63,0.342027,8045,1.29563008188212,26,-88,0.001869,51,2025-08-31 20:34:54.002195,94,1.037,0.0011,"aoml_navis",1023.68168372802
"7901009",81,0.269755237152482,1,0.371931,1,0.349503,1,195.871620538552,1,4.8841931547174,96,1,28.2129993438721,36.2970008850098,0.371930986642838,0.358848005533218,188.878295898438,-87.7243,26.4764,33.7749641596869,63,63,63,63,61,63,0.349503,8045,1.29563008188212,26,-88,0.001869,51,2025-08-31 20:34:54.002195,96,1.037,0.0011,"aoml_navis",1023.71053756765
"7901009",81,0.297163523280274,1,0.407442,1,0.385014,1,194.38027916992,1,4.88405297386782,98,1,28.1340007781982,36.2900009155273,0.407442003488541,0.394358992576599,187.440200805664,-87.7243,26.4764,33.7749641596869,63,63,63,63,61,63,0.385014,8045,1.29563008188212,26,-88,0.001869,51,2025-08-31 20:34:54.002195,98,1.037,0.0011,"aoml_navis",1023.73991984783
"7901009",81,0.320244185282626,1,0.437346,1,0.414918,1,192.265165407986,1,4.88395196187996,100,1,28.1389999389648,36.3089981079102,0.437346011400223,0.424263000488281,185.400604248047,-87.7243,26.4764,33.7749641596869,63,63,63,63,61,63,0.414918,8045,1.29563008188212,26,-88,0.001869,51,2025-08-31 20:34:54.002195,100,1.037,0.0011,"aoml_navis",1023.76109327565
"7901009",81,0.318801643907479,1,0.435477,1,0.413049,1,192.061070625419,1,4.88382117825302,102,1,28.1159992218018,36.3240013122559,0.435476988554001,0.422394007444382,185.203796386719,-87.7243,26.4764,33.7749641596869,63,63,63,63,61,63,0.413049,8045,1.29563008188212,26,-88,0.001869,51,2025-08-31 20:34:54.002195,102,1.037,0.0011,"aoml_navis",1023.78850852777
"7901009",81,0.327456892158361,1,0.446691,1,0.424263,1,192.387736208557,1,4.88369679008137,104,1,28.0559997558594,36.3209991455078,0.446691006422043,0.433607995510101,185.518798828125,-87.7243,26.4764,33.7749641596869,63,63,63,63,61,63,0.424263,8045,1.29563008188212,26,-88,0.001869,51,2025-08-31 20:34:54.002195,104,1.037,0.0011,"aoml_navis",1023.81458450796
"7901009",81,0.314474019782038,4,0.42987,1,0.407442,1,192.051528901594,1,4.88361473540768,106,1,28.0319995880127,36.3219985961914,0.429870009422302,0.416786998510361,185.194595336914,-87.7243,26.4764,33.7749641596869,63,63,63,63,61,63,0.407442,8045,1.29563008188212,26,-88,0.001869,51,2025-08-31 20:34:54.002195,106,1.037,0.0011,"aoml_navis",1023.83178667811
"7901009",81,0.30870385428145,4,0.422394,1,0.399966,1,191.421854247951,1,4.88349342380786,108,1,27.9829998016357,36.3230018615723,0.422394007444382,0.40931099653244,184.58740234375,-87.7243,26.4764,33.7749641596869,63,63,63,63,61,63,0.399966,8045,1.29563008188212,26,-88,0.001869,51,2025-08-31 20:34:54.002195,108,1.037,0.0011,"aoml_navis",1023.8572198386
"7901009",81,0.321686726657773,1,0.439215,1,0.416787,1,190.522653587835,1,4.8833959669971,110,1,27.9559993743896,36.3269996643066,0.439215004444122,0.426131993532181,183.720306396484,-87.7243,26.4764,33.7749641596869,63,63,63,63,61,63,0.416787,8045,1.29563008188212,26,-88,0.001869,51,2025-08-31 20:34:54.002195,110,1.037,0.0011,"aoml_navis",1023.87765272178
"7901009",81,0.324571809408067,1,0.442953,1,0.420525,1,189.817673687623,1,4.88325101158298,112,1,27.9169998168945,36.3390007019043,0.442952990531921,0.429870009422302,183.040496826172,-87.7243,26.4764,33.7749641596869,63,63,63,63,61,63,0.420525,8045,1.29563008188212,26,-88,0.001869,51,2025-08-31 20:34:54.002195,112,1.037,0.0011,"aoml_navis",1023.90804571383
"7901009",81,0.336112140409242,1,0.457905,1,0.435477,1,189.364386422821,1,4.88315315449975,114,1,27.8920001983643,36.3440017700195,0.457904994487762,0.444822013378143,182.603393554688,-87.7243,26.4764,33.7749641596869,63,63,63,63,61,63,0.435477,8045,1.29563008188212,26,-88,0.001869,51,2025-08-31 20:34:54.002195,114,1.037,0.0011,"aoml_navis",1023.92856455722
"7901009",81,0.340439764534683,1,0.463512,1,0.441084,1,189.147347809261,1,4.88303405386459,116,1,27.8579998016357,36.351001739502,0.463512003421783,0.450428992509842,182.394104003906,-87.7243,26.4764,33.7749641596869,63,63,63,63,61,63,0.441084,8045,1.29563008188212,26,-88,0.001869,51,2025-08-31 20:34:54.002195,116,1.037,0.0011,"aoml_navis",1023.95353889511
"7901009",81,0.363520426537035,1,0.493416,1,0.470988,1,188.859355481557,1,4.88289604025615,118,1,27.8050003051758,36.3549995422363,0.493416011333466,0.480333000421524,182.116394042969,-87.7243,26.4764,33.7749641596869,63,63,63,63,61,63,0.470988,8045,1.29563008188212,26,-88,0.001869,51,2025-08-31 20:34:54.002195,118,1.037,0.0011,"aoml_navis",1023.98248063821
"7901009",81,0.362077885161888,1,0.491547,1,0.469119,1,188.534462158897,1,4.88284547171476,120,1,27.8010005950928,36.3559989929199,0.491546988487244,0.478464007377625,181.803100585938,-87.7243,26.4764,33.7749641596869,63,63,63,63,61,63,0.469119,8045,1.29563008188212,26,-88,0.001869,51,2025-08-31 20:34:54.002195,120,1.037,0.0011,"aoml_navis",1023.99308537694
"7901009",81,0.369290592037622,1,0.500892,1,0.478464,1,187.842663445991,1,4.88270390934191,122,1,27.7250003814697,36.351001739502,0.500891983509064,0.487809002399445,181.136001586914,-87.7243,26.4764,33.7749641596869,63,63,63,63,61,63,0.478464,8045,1.29563008188212,26,-88,0.001869,51,2025-08-31 20:34:54.002195,122,1.037,0.0011,"aoml_navis",1024.02277361805
"7901009",81,0.383716005789092,1,0.519582,1,0.497154,1,187.239525228257,1,4.88258392272807,124,1,27.6650009155273,36.3470001220703,0.519581973552704,0.506498992443085,180.554397583008,-87.7243,26.4764,33.7749641596869,63,63,63,63,61,63,0.497154,8045,1.29563008188212,26,-88,0.001869,51,2025-08-31 20:34:54.002195,124,1.037,0.0011,"aoml_navis",1024.04793837242
"7901009",81,0.409681750541737,1,0.553224,1,0.530796,1,186.053898792111,1,4.88250983588137,126,1,27.6389999389648,36.3450012207031,0.55322402715683,0.540140986442566,179.411102294922,-87.7243,26.4764,33.7749641596869,63,63,63,63,61,63,0.530796,8045,1.29563008188212,26,-88,0.001869,51,2025-08-31 20:34:54.002195,126,1.037,0.0011,"aoml_navis",1024.06347720084
"7901009",81,0.414009374667178,1,0.558831,1,0.536403,1,184.876247528116,1,4.88240052485178,128,1,27.6180000305176,36.3549995422363,0.558830976486206,0.545747995376587,178.275497436523,-87.7243,26.4764,33.7749641596869,63,63,63,63,61,63,0.536403,8045,1.29563008188212,26,-88,0.001869,51,2025-08-31 20:34:54.002195,128,1.037,0.0011,"aoml_navis",1024.08640474079
"7901009",81,0.398141419540562,4,0.538272,1,0.515844,1,183.677962088554,1,4.88220434717226,130,1,27.5550003051758,36.3709983825684,0.538272023200989,0.525188982486725,177.119995117188,-87.7243,26.4764,33.7749641596869,63,63,63,63,61,63,0.515844,8045,1.29563008188212,26,-88,0.001869,51,2025-08-31 20:34:54.002195,130,1.037,0.0011,"aoml_navis",1024.12755477881
"7901009",81,0.416894457417472,1,0.562569,1,0.540141,1,182.521894425383,1,4.88207847196132,132,1,27.5510005950928,36.3930015563965,0.56256902217865,0.549485981464386,176.00520324707,-87.7243,26.4764,33.7749641596869,63,63,63,63,61,63,0.540141,8045,1.29563008188212,26,-88,0.001869,51,2025-08-31 20:34:54.002195,132,1.037,0.0011,"aoml_navis",1024.15395998158
"7901009",81,0.416894457417472,1,0.562569,1,0.540141,1,181.47978944046,1,4.88193085035291,134,1,27.5030002593994,36.4020004272461,0.56256902217865,0.549485981464386,175.000305175781,-87.7243,26.4764,33.7749641596869,63,63,63,63,61,63,0.540141,8045,1.29563008188212,26,-88,0.001869,51,2025-08-31 20:34:54.002195,134,1.037,0.0011,"aoml_navis",1024.18492872314
"7901009",81,0.401026502290856,1,0.54201,1,0.519582,1,180.712495595935,1,4.88177468295021,136,1,27.4610004425049,36.4160003662109,0.542010009288788,0.528927028179169,174.260406494141,-87.7243,26.4764,33.7749641596869,63,63,63,63,61,63,0.519582,8045,1.29563008188212,26,-88,0.001869,51,2025-08-31 20:34:54.002195,136,1.037,0.0011,"aoml_navis",1024.21769227955
"7901009",81,0.369290592037622,1,0.500892,1,0.478464,1,180.246027143826,1,4.88166299264195,138,1,27.4060001373291,36.4119987487793,0.500891983509064,0.487809002399445,173.810592651367,-87.7243,26.4764,33.7749641596869,63,63,63,63,61,63,0.478464,8045,1.29563008188212,26,-88,0.001869,51,2025-08-31 20:34:54.002195,138,1.037,0.0011,"aoml_navis",1024.24112593115
"7901009",81,0.333227057658948,1,0.454167,1,0.431739,1,179.633568734827,1,4.88149173628879,140,1,27.3309993743896,36.4160003662109,0.454167008399963,0.441083997488022,173.220001220703,-87.7243,26.4764,33.7749641596869,63,63,63,63,61,63,0.431739,8045,1.29563008188212,26,-88,0.001869,51,2025-08-31 20:34:54.002195,140,1.037,0.0011,"aoml_navis",1024.27705916825
"7901009",81,0.28995081640454,1,0.398097,1,0.375669,1,179.083107795056,1,4.88134696526127,142,1,27.2730007171631,36.4199981689453,0.398097008466721,0.385013997554779,172.689193725586,-87.7243,26.4764,33.7749641596869,63,63,63,63,61,63,0.375669,8045,1.29563008188212,26,-88,0.001869,51,2025-08-31 20:34:54.002195,142,1.037,0.0011,"aoml_navis",1024.3074371855
"7901009",81,0.249559657900425,1,0.345765,1,0.323337,1,177.97090357872,1,4.88116773421333,144,1,27.173999786377,36.4160003662109,0.345764994621277,0.332682013511658,171.61669921875,-87.7243,26.4764,33.7749641596869,63,63,63,63,61,63,0.323337,8045,1.29563008188212,26,-88,0.001869,51,2025-08-31 20:34:54.002195,144,1.037,0.0011,"aoml_navis",1024.34504861485
"7901009",81,0.210611040771457,4,0.295302,1,0.272874,1,176.464830294863,1,4.88091110170162,146,1,27.1410007476807,36.4620018005371,0.295302003622055,0.282218992710114,170.164398193359,-87.7243,26.4764,33.7749641596869,63,63,63,63,61,63,0.272874,8045,1.29563008188212,26,-88,0.001869,51,2025-08-31 20:34:54.002195,146,1.037,0.0011,"aoml_navis",1024.39890746153
"7901009",81,0.216381206272044,1,0.302778,1,0.28035,1,175.963122341996,1,4.88080268654424,148,1,27.125,36.4739990234375,0.302778005599976,0.289694994688034,169.680603027344,-87.7243,26.4764,33.7749641596869,63,63,63,63,61,63,0.28035,8045,1.29563008188212,26,-88,0.001869,51,2025-08-31 20:34:54.002195,148,1.037,0.0011,"aoml_navis",1024.42166199104
"7901009",81,0.210611040771457,1,0.295302,1,0.272874,1,175.16335815371,1,4.88067735294792,150,1,27.1049995422363,36.4889984130859,0.295302003622055,0.282218992710114,168.909393310547,-87.7243,26.4764,33.7749641596869,63,63,63,63,61,63,0.272874,8045,1.29563008188212,26,-88,0.001869,51,2025-08-31 20:34:54.002195,150,1.037,0.0011,"aoml_navis",1024.44796867796
"7901009",81,0.203398333895722,1,0.285957,1,0.263529,1,174.243206842942,1,4.88043413200606,152.100006103516,1,27.0049991607666,36.5019989013672,0.285957008600235,0.272873997688293,168.022094726562,-87.7243,26.4764,33.7749641596869,63,63,63,63,61,63,0.263529,8045,1.29563008188212,26,-88,0.001869,51,2025-08-31 20:34:54.002195,152.100006103516,1.037,0.0011,"aoml_navis",1024.49902298851
"7901009",81,0.186087837393958,1,0.263529,1,0.241101,1,173.116175768855,1,4.88016419043446,154,1,26.8799991607666,36.5130004882812,0.263529002666473,0.250445991754532,166.935302734375,-87.7243,26.4764,33.7749641596869,63,63,63,63,61,63,0.241101,8045,1.29563008188212,26,-88,0.001869,51,2025-08-31 20:34:54.002195,154,1.037,0.0011,"aoml_navis",1024.55569216307
"7901009",81,0.160122092641313,1,0.229887,1,0.207459,1,171.823833933916,1,4.87987063837632,156,1,26.7639999389648,36.5340003967285,0.229886993765831,0.216803997755051,165.689102172852,-87.7243,26.4764,33.7749641596869,63,63,63,63,61,63,0.207459,8045,1.29563008188212,26,-88,0.001869,51,2025-08-31 20:34:54.002195,156,1.037,0.0011,"aoml_navis",1024.61732503295
"7901009",81,0.154351927140725,1,0.222411,1,0.199983,1,171.000223347946,1,4.8796821375929,158,1,26.6860008239746,36.5419998168945,0.222411006689072,0.20932799577713,164.894897460938,-87.7243,26.4764,33.7749641596869,63,63,63,63,61,63,0.199983,8045,1.29563008188212,26,-88,0.001869,51,2025-08-31 20:34:54.002195,158,1.037,0.0011,"aoml_navis",1024.65690571937
"7901009",81,0.145696678889843,1,0.211197,1,0.188769,1,169.726347834238,1,4.87954975646071,160,1,26.6399993896484,36.5480003356934,0.211197003722191,0.198113992810249,163.66650390625,-87.7243,26.4764,33.7749641596869,63,63,63,63,61,63,0.188769,8045,1.29563008188212,26,-88,0.001869,51,2025-08-31 20:34:54.002195,160,1.037,0.0011,"aoml_navis",1024.68470444016
"7901009",81,0.137041430638961,1,0.199983,1,0.177555,1,168.1191607606,1,4.87927279559822,162,1,26.5389995574951,36.5709991455078,0.19998300075531,0.18690000474453,162.11669921875,-87.7243,26.4764,33.7749641596869,63,63,63,63,61,63,0.177555,8045,1.29563008188212,26,-88,0.001869,51,2025-08-31 20:34:54.002195,162,1.037,0.0011,"aoml_navis",1024.74286834519
"7901009",81,0.111075685886316,1,0.166341,1,0.143913,1,166.704248125089,1,4.87892311062695,164,1,26.4039993286133,36.5999984741211,0.166341006755829,0.153257995843887,160.752304077148,-87.7243,26.4764,33.7749641596869,63,63,63,63,61,63,0.143913,8045,1.29563008188212,26,-88,0.001869,51,2025-08-31 20:34:54.002195,164,1.037,0.0011,"aoml_navis",1024.81631430291
"7901009",81,0.0908801066342587,1,0.140175,1,0.117747,1,164.623978270057,1,4.87867247074284,166,1,26.3080005645752,36.6180000305176,0.140174999833107,0.127092003822327,158.746307373047,-87.7243,26.4764,33.7749641596869,63,63,63,63,61,63,0.117747,8045,1.29563008188212,26,-88,0.001869,51,2025-08-31 20:34:54.002195,166,1.037,0.0011,"aoml_navis",1024.86896383899
"7901009",81,0.0750121515076421,1,0.119616,1,0.097188,1,162.629663048216,1,4.87821749055291,168,1,26.056999206543,36.6279983520508,0.119616001844406,0.106532998383045,156.823196411133,-87.7243,26.4764,33.7749641596869,63,63,63,63,61,63,0.097188,8045,1.29563008188212,26,-88,0.001869,51,2025-08-31 20:34:54.002195,168,1.037,0.0011,"aoml_navis",1024.96455102359
"7901009",81,0.0677994446319072,1,0.110271,1,0.087843,1,161.957058549239,1,4.87778923535037,170,1,25.8560009002686,36.6520004272461,0.110270999372005,0.0971880033612251,156.174606323242,-87.7243,26.4764,33.7749641596869,63,63,63,63,61,63,0.087843,8045,1.29563008188212,26,-88,0.001869,51,2025-08-31 20:34:54.002195,170,1.037,0.0011,"aoml_navis",1025.05453982389
"7901009",81,0.0692419860070542,1,0.11214,1,0.089712,1,161.22688723223,1,4.87765011020137,172,1,25.806999206543,36.6590003967285,0.112139999866486,0.0990569964051247,155.470504760742,-87.7243,26.4764,33.7749641596869,63,63,63,63,61,63,0.089712,8045,1.29563008188212,26,-88,0.001869,51,2025-08-31 20:34:54.002195,172,1.037,0.0011,"aoml_navis",1025.08377744085
"7901009",81,0.0706845273822012,1,0.114009,1,0.091581,1,160.152944853718,1,4.87743131026053,174,1,25.7310009002686,36.6769981384277,0.114009000360966,0.100925996899605,154.434906005859,-87.7243,26.4764,33.7749641596869,63,63,63,63,61,63,0.091581,8045,1.29563008188212,26,-88,0.001869,51,2025-08-31 20:34:54.002195,174,1.037,0.0011,"aoml_navis",1025.12976235701
"7901009",81,0.0634718205064664,1,0.104664,1,0.082236,1,158.85156765509,1,4.87720130106289,176,1,25.6569995880127,36.6990013122559,0.104663997888565,0.0915810018777847,153.179992675781,-87.7243,26.4764,33.7749641596869,63,63,63,63,61,63,0.082236,8045,1.29563008188212,26,-88,0.001869,51,2025-08-31 20:34:54.002195,176,1.037,0.0011,"aoml_navis",1025.17810755737
"7901009",81,0.0519314895052907,1,0.089712,1,0.067284,1,158.266278632172,1,4.87673586861413,178,1,25.492000579834,36.7490005493164,0.0897120013833046,0.0766289979219437,152.615600585938,-87.7243,26.4764,33.7749641596869,63,63,63,63,61,63,0.067284,8045,1.29563008188212,26,-88,0.001869,51,2025-08-31 20:34:54.002195,178,1.037,0.0011,"aoml_navis",1025.27594987852
"7901009",81,0.0519314895052907,1,0.089712,1,0.067284,1,157.750772365582,1,4.87660289232934,180,1,25.4540004730225,36.7589988708496,0.0897120013833046,0.0766289979219437,152.118499755859,-87.7243,26.4764,33.7749641596869,63,63,63,63,61,63,0.067284,8045,1.29563008188212,26,-88,0.001869,51,2025-08-31 20:34:54.002195,180,1.037,0.0011,"aoml_navis",1025.30390732958
"7901009",81,0.0533740308804376,1,0.091581,1,0.069153,1,157.526676357618,1,4.87639874055183,182,1,25.3799991607666,36.773998260498,0.0915810018777847,0.0784979984164238,151.902404785156,-87.7243,26.4764,33.7749641596869,63,63,63,63,61,63,0.069153,8045,1.29563008188212,26,-88,0.001869,51,2025-08-31 20:34:54.002195,182,1.037,0.0011,"aoml_navis",1025.3468319603
"7901009",81,0.0490464067549967,1,0.085974,1,0.063546,1,156.898441665613,1,4.87603396377891,184,1,25.2140007019043,36.7960014343262,0.0859740003943443,0.0728909969329834,151.296600341797,-87.7243,26.4764,33.7749641596869,63,63,63,63,61,63,0.063546,8045,1.29563008188212,26,-88,0.001869,51,2025-08-31 20:34:54.002195,184,1.037,0.0011,"aoml_navis",1025.42353829812
"7901009",81,0.0418336998792619,1,0.076629,1,0.054201,1,155.52158515912,1,4.87560273536808,186,1,25.0020008087158,36.818000793457,0.0766289979219437,0.0635460019111633,149.968902587891,-87.7243,26.4764,33.7749641596869,63,63,63,63,61,63,0.054201,8045,1.29563008188212,26,-88,0.001869,51,2025-08-31 20:34:54.002195,186,1.037,0.0011,"aoml_navis",1025.51423308744
"7901009",81,0.0346209930035271,1,0.067284,1,0.044856,1,154.222597347387,1,4.87526041521391,188,1,24.8400001525879,36.8359985351562,0.0672840029001236,0.0542009994387627,148.716293334961,-87.7243,26.4764,33.7749641596869,63,63,63,63,61,63,0.044856,8045,1.29563008188212,26,-88,0.001869,51,2025-08-31 20:34:54.002195,188,1.037,0.0011,"aoml_navis",1025.58624035689
"7901009",81,0.0346209930035271,1,0.067284,1,0.044856,1,153.564819706161,1,4.87497855196657,190,1,24.7140007019043,36.8520011901855,0.0672840029001236,0.0542009994387627,148.082000732422,-87.7243,26.4764,33.7749641596869,63,63,63,63,61,63,0.044856,8045,1.29563008188212,26,-88,0.001869,51,2025-08-31 20:34:54.002195,190,1.037,0.0011,"aoml_navis",1025.64553806765
"7901009",81,0.0346209930035271,1,0.067284,1,0.044856,1,152.695272761547,1,4.87478122243387,192,1,24.6310005187988,36.8619995117188,0.0672840029001236,0.0542009994387627,147.243499755859,-87.7243,26.4764,33.7749641596869,63,63,63,63,61,63,0.044856,8045,1.29563008188212,26,-88,0.001869,51,2025-08-31 20:34:54.002195,192,1.037,0.0011,"aoml_navis",1025.68705586004
"7901009",81,0.0302933688780862,1,0.061677,1,0.039249,1,151.606297816478,1,4.87456014833501,194,1,24.5240001678467,36.8689994812012,0.0616770014166832,0.0485940016806126,146.193405151367,-87.7243,26.4764,33.7749641596869,63,63,63,63,61,63,0.039249,8045,1.29563008188212,26,-88,0.001869,51,2025-08-31 20:34:54.002195,194,1.037,0.0011,"aoml_navis",1025.73357346054
"7901009",81,0.0302933688780862,1,0.061677,1,0.039249,1,150.350762033969,1,4.87417806044737,196,1,24.3349990844727,36.8880004882812,0.0616770014166832,0.0485940016806126,144.982696533203,-87.7243,26.4764,33.7749641596869,63,63,63,63,61,63,0.039249,8045,1.29563008188212,26,-88,0.001869,51,2025-08-31 20:34:54.002195,196,1.037,0.0011,"aoml_navis",1025.81398094043
"7901009",81,0.0274082861277923,1,0.057939,1,0.035511,1,149.866270325747,1,4.87382384419257,198,1,24.1520004272461,36.9020004272461,0.0579390004277229,0.0448560006916523,144.515502929688,-87.7243,26.4764,33.7749641596869,63,63,63,63,61,63,0.035511,8045,1.29563008188212,26,-88,0.001869,51,2025-08-31 20:34:54.002195,198,1.037,0.0011,"aoml_navis",1025.88853430921
"7901009",81,0.0259657447526453,1,0.05607,1,0.033642,1,149.17342724506,1,4.87365690104534,200,1,24.0739994049072,36.9059982299805,0.0560699999332428,0.0429870001971722,143.847396850586,-87.7243,26.4764,33.7749641596869,63,63,63,63,61,63,0.033642,8045,1.29563008188212,26,-88,0.001869,51,2025-08-31 20:34:54.002195,200,1.037,0.0011,"aoml_navis",1025.9236752853
"7901009",81,0.0216381206272044,1,0.050463,1,0.028035,1,148.877871162815,1,4.87342220285011,202,1,23.9610004425049,36.9150009155273,0.0504629984498024,0.0373799987137318,143.562393188477,-87.7243,26.4764,33.7749641596869,63,63,63,63,61,63,0.028035,8045,1.29563008188212,26,-88,0.001869,51,2025-08-31 20:34:54.002195,202,1.037,0.0011,"aoml_navis",1025.97308254472
"7901009",81,0.0144254137514696,1,0.041118,1,0.01869,1,148.755616837329,1,4.87316601114831,204.100006103516,1,23.8339996337891,36.923999786377,0.041117999702692,0.0280349999666214,143.44450378418,-87.7243,26.4764,33.7749641596869,63,63,63,63,61,63,0.01869,8045,1.29563008188212,26,-88,0.001869,51,2025-08-31 20:34:54.002195,204.100006103516,1.037,0.0011,"aoml_navis",1026.02701992124
"7901009",81,0.0158679551266166,1,0.042987,1,0.020559,1,148.442227384023,1,4.87308741625219,206,1,23.8059997558594,36.923999786377,0.0429870001971722,0.0299040004611015,143.142303466797,-87.7243,26.4764,33.7749641596869,63,63,63,63,61,63,0.020559,8045,1.29563008188212,26,-88,0.001869,51,2025-08-31 20:34:54.002195,206,1.037,0.0011,"aoml_navis",1026.04356805186
"7901009",81,0.0173104965017636,1,0.044856,1,0.022428,1,147.924853914429,1,4.87289817921048,208,1,23.7040004730225,36.9249992370605,0.0448560006916523,0.0317730009555817,142.643402099609,-87.7243,26.4764,33.7749641596869,63,63,63,63,61,63,0.022428,8045,1.29563008188212,26,-88,0.001869,51,2025-08-31 20:34:54.002195,208,1.037,0.0011,"aoml_navis",1026.08341404132
"7901009",81,0.0144254137514696,1,0.041118,1,0.01869,1,147.624740590955,1,4.87266652822982,210,1,23.5869998931885,36.931999206543,0.041117999702692,0.0280349999666214,142.35400390625,-87.7243,26.4764,33.7749641596869,63,63,63,63,61,63,0.01869,8045,1.29563008188212,26,-88,0.001869,51,2025-08-31 20:34:54.002195,210,1.037,0.0011,"aoml_navis",1026.1321949763
"7901009",81,0.0158679551266166,1,0.042987,1,0.020559,1,147.599232699073,1,4.87242814477724,212,1,23.44700050354,36.931999206543,0.0429870001971722,0.0299040004611015,142.329406738281,-87.7243,26.4764,33.7749641596869,63,63,63,63,61,63,0.020559,8045,1.29563008188212,26,-88,0.001869,51,2025-08-31 20:34:54.002195,212,1.037,0.0011,"aoml_navis",1026.18239847406
"7901009",81,0.0187530378769105,1,0.046725,1,0.024297,1,147.231710182411,1,4.87227352094568,213.899993896484,1,23.3570003509521,36.9290008544922,0.0467250011861324,0.0336420014500618,141.975006103516,-87.7243,26.4764,33.7749641596869,63,63,63,63,61,63,0.024297,8045,1.29563008188212,26,-88,0.001869,51,2025-08-31 20:34:54.002195,213.899993896484,1.037,0.0011,"aoml_navis",1026.21496484243
"7901009",81,0.0201955792520575,1,0.048594,1,0.026166,1,146.748974910913,1,4.87201768825811,216,1,23.2000007629395,36.9269981384277,0.0485940016806126,0.0355109982192516,141.509506225586,-87.7243,26.4764,33.7749641596869,63,63,63,63,61,63,0.026166,8045,1.29563008188212,26,-88,0.001869,51,2025-08-31 20:34:54.002195,216,1.037,0.0011,"aoml_navis",1026.26885203031
"7901009",81,0.0187530378769105,1,0.046725,1,0.024297,1,146.455586683003,1,4.87176178168208,218,1,23.0459995269775,36.9269981384277,0.0467250011861324,0.0336420014500618,141.226593017578,-87.7243,26.4764,33.7749641596869,63,63,63,63,61,63,0.024297,8045,1.29563008188212,26,-88,0.001869,51,2025-08-31 20:34:54.002195,218,1.037,0.0011,"aoml_navis",1026.32276044368
"7901009",81,0.0158679551266166,1,0.042987,1,0.020559,1,146.269752512863,1,4.87154822388421,220,1,22.9400005340576,36.9339981079102,0.0429870001971722,0.0299040004611015,141.047393798828,-87.7243,26.4764,33.7749641596869,63,63,63,63,61,63,0.020559,8045,1.29563008188212,26,-88,0.001869,51,2025-08-31 20:34:54.002195,220,1.037,0.0011,"aoml_navis",1026.36775214213
"7901009",81,0.0115403310011757,1,0.03738,1,0.014952,1,145.785672222252,1,4.87144213806293,222,1,22.9060001373291,36.9389991760254,0.0373799987137318,0.0242970008403063,140.580596923828,-87.7243,26.4764,33.7749641596869,63,63,63,63,61,63,0.014952,8045,1.29563008188212,26,-88,0.001869,51,2025-08-31 20:34:54.002195,222,1.037,0.0011,"aoml_navis",1026.39010344238
"7901009",81,0.0115403310011757,1,0.03738,1,0.014952,1,145.41814970559,1,4.87121472241848,224,1,22.7740001678467,36.939998626709,0.0373799987137318,0.0242970008403063,140.226196289062,-87.7243,26.4764,33.7749641596869,63,63,63,63,61,63,0.014952,8045,1.29563008188212,26,-88,0.001869,51,2025-08-31 20:34:54.002195,224,1.037,0.0011,"aoml_navis",1026.43802109335
"7901009",81,0.0115403310011757,1,0.03738,1,0.014952,1,145.250148906511,1,4.87109231886499,226,1,22.7019996643066,36.935001373291,0.0373799987137318,0.0242970008403063,140.064193725586,-87.7243,26.4764,33.7749641596869,63,63,63,63,61,63,0.014952,8045,1.29563008188212,26,-88,0.001869,51,2025-08-31 20:34:54.002195,226,1.037,0.0011,"aoml_navis",1026.46381400651
"7901009",81,0.00865524825088178,1,0.033642,1,0.011214,1,145.334885110624,1,4.87094669764311,228,1,22.613000869751,36.9300003051758,0.0336420014500618,0.020558999851346,140.145904541016,-87.7243,26.4764,33.7749641596869,63,63,63,63,61,63,0.011214,8045,1.29563008188212,26,-88,0.001869,51,2025-08-31 20:34:54.002195,228,1.037,0.0011,"aoml_navis",1026.49450104214
"7901009",81,0.00865524825088178,1,0.033642,1,0.011214,1,145.511588974551,1,4.8707754155368,230,1,22.492000579834,36.9199981689453,0.0336420014500618,0.020558999851346,140.316299438477,-87.7243,26.4764,33.7749641596869,63,63,63,63,61,63,0.011214,8045,1.29563008188212,26,-88,0.001869,51,2025-08-31 20:34:54.002195,230,1.037,0.0011,"aoml_navis",1026.53059799288
"7901009",81,0.00721270687573481,1,0.031773,1,0.009345,1,145.446885643343,1,4.87060120923663,232,1,22.378999710083,36.9140014648438,0.0317730009555817,0.0186899993568659,140.25390625,-87.7243,26.4764,33.7749641596869,63,63,63,63,61,63,0.009345,8045,1.29563008188212,26,-88,0.001869,51,2025-08-31 20:34:54.002195,232,1.037,0.0011,"aoml_navis",1026.56731380881
"7901009",81,0.00577016550058785,1,0.029904,1,0.007476,1,144.952013552321,1,4.87050633526162,234,1,22.3290004730225,36.9099998474121,0.0299040004611015,0.0168210007250309,139.776702880859,-87.7243,26.4764,33.7749641596869,63,63,63,63,61,63,0.007476,8045,1.29563008188212,26,-88,0.001869,51,2025-08-31 20:34:54.002195,234,1.037,0.0011,"aoml_navis",1026.58731060483
"7901009",81,0.00288508275029393,1,0.026166,1,0.003738,1,145.152785346492,1,4.87020395362245,236,1,22.1159992218018,36.9020004272461,0.0261659994721413,0.0130829997360706,139.970306396484,-87.7243,26.4764,33.7749641596869,63,63,63,63,61,63,0.003738,8045,1.29563008188212,26,-88,0.001869,51,2025-08-31 20:34:54.002195,236,1.037,0.0011,"aoml_navis",1026.65104944548
"7901009",81,0.00577016550058785,1,0.029904,1,0.007476,1,145.756018506751,1,4.87004896472571,238,1,22.0160007476807,36.8959999084473,0.0299040004611015,0.0168210007250309,140.552001953125,-87.7243,26.4764,33.7749641596869,63,63,63,63,61,63,0.007476,8045,1.29563008188212,26,-88,0.001869,51,2025-08-31 20:34:54.002195,238,1.037,0.0011,"aoml_navis",1026.68372252836
"7901009",81,0.00865524825088178,1,0.033642,1,0.011214,1,146.006666774379,1,4.86985699403192,240,1,21.875,36.8849983215332,0.0336420014500618,0.020558999851346,140.793701171875,-87.7243,26.4764,33.7749641596869,63,63,63,63,61,63,0.011214,8045,1.29563008188212,26,-88,0.001869,51,2025-08-31 20:34:54.002195,240,1.037,0.0011,"aoml_navis",1026.724194597
"7901009",81,0.0129828723763227,1,0.039249,1,0.016821,1,145.833997967791,1,4.86974460776914,242,1,21.8139991760254,36.8819999694824,0.0392489992082119,0.0261659994721413,140.627197265625,-87.7243,26.4764,33.7749641596869,63,63,63,63,61,63,0.016821,8045,1.29563008188212,26,-88,0.001869,51,2025-08-31 20:34:54.002195,242,1.037,0.0011,"aoml_navis",1026.7478898222
"7901009",81,0.0144254137514696,1,0.041118,1,0.01869,1,145.473327136728,1,4.8696157436592,244,1,21.746000289917,36.8810005187988,0.041117999702692,0.0280349999666214,140.279403686523,-87.7243,26.4764,33.7749641596869,63,63,63,63,61,63,0.01869,8045,1.29563008188212,26,-88,0.001869,51,2025-08-31 20:34:54.002195,244,1.037,0.0011,"aoml_navis",1026.77506053955
"7901009",81,0.0115403310011757,1,0.03738,1,0.014952,1,145.4915719254,1,4.86942778189045,246,1,21.6149997711182,36.8730010986328,0.0373799987137318,0.0242970008403063,140.296997070312,-87.7243,26.4764,33.7749641596869,63,63,63,63,61,63,0.014952,8045,1.29563008188212,26,-88,0.001869,51,2025-08-31 20:34:54.002195,246,1.037,0.0011,"aoml_navis",1026.81469444832
"7901009",81,0.0100977896260287,1,0.035511,1,0.013083,1,145.521336407181,1,4.86929255948046,248,1,21.5230007171631,36.8650016784668,0.0355109982192516,0.0224280003458261,140.325698852539,-87.7243,26.4764,33.7749641596869,63,63,63,63,61,63,0.013083,8045,1.29563008188212,26,-88,0.001869,51,2025-08-31 20:34:54.002195,248,1.037,0.0011,"aoml_navis",1026.84320954695
"7901009",81,0.00288508275029393,1,0.026166,1,0.003738,1,145.668070080522,1,4.86911331247757,250,1,21.3950004577637,36.8559989929199,0.0261659994721413,0.0130829997360706,140.467193603516,-87.7243,26.4764,33.7749641596869,63,63,63,63,61,63,0.003738,8045,1.29563008188212,26,-88,0.001869,51,2025-08-31 20:34:54.002195,250,1.037,0.0011,"aoml_navis",1026.88101079657
"7901009",81,0.00144254137514696,1,0.024297,1,0.001869,1,145.758297127366,1,4.86894396064192,252,1,21.2740001678467,36.8470001220703,0.0242970008403063,0.0112140001729131,140.55419921875,-87.7243,26.4764,33.7749641596869,63,63,63,63,61,63,0.001869,8045,1.29563008188212,26,-88,0.001869,51,2025-08-31 20:34:54.002195,252,1.037,0.0011,"aoml_navis",1026.91672781972
"7901009",81,0.00288508275029393,1,0.026166,1,0.003738,1,145.586989163645,1,4.86885207594227,254,1,21.2220001220703,36.8419990539551,0.0261659994721413,0.0130829997360706,140.389007568359,-87.7243,26.4764,33.7749641596869,63,63,63,63,61,63,0.003738,8045,1.29563008188212,26,-88,0.001869,51,2025-08-31 20:34:54.002195,254,1.037,0.0011,"aoml_navis",1026.93610773384
"7901009",81,0.00288508275029393,1,0.026166,1,0.003738,1,145.109539026073,1,4.86880469373721,256,1,21.2089996337891,36.8390007019043,0.0261659994721413,0.0130829997360706,139.928604125977,-87.7243,26.4764,33.7749641596869,63,63,63,63,61,63,0.003738,8045,1.29563008188212,26,-88,0.001869,51,2025-08-31 20:34:54.002195,256,1.037,0.0011,"aoml_navis",1026.94610166465
"7901009",81,0.00288508275029393,1,0.026166,1,0.003738,1,144.571531380912,1,4.86874336002235,258,1,21.1800003051758,36.8339996337891,0.0261659994721413,0.0130829997360706,139.409805297852,-87.7243,26.4764,33.7749641596869,63,63,63,63,61,63,0.003738,8045,1.29563008188212,26,-88,0.001869,51,2025-08-31 20:34:54.002195,258,1.037,0.0011,"aoml_navis",1026.95903855919
"7901009",81,0.00288508275029393,1,0.026166,1,0.003738,1,144.387659356301,1,4.8685422318828,260,1,21.0149993896484,36.818000793457,0.0261659994721413,0.0130829997360706,139.232498168945,-87.7243,26.4764,33.7749641596869,63,63,63,63,61,63,0.003738,8045,1.29563008188212,26,-88,0.001869,51,2025-08-31 20:34:54.002195,260,1.037,0.0011,"aoml_navis",1027.00146406378
"7901009",81,0.00288508275029393,1,0.026166,1,0.003738,1,144.46263230403,1,4.8684192428119,262,1,20.9169998168945,36.8050003051758,0.0261659994721413,0.0130829997360706,139.304794311523,-87.7243,26.4764,33.7749641596869,63,63,63,63,61,63,0.003738,8045,1.29563008188212,26,-88,0.001869,51,2025-08-31 20:34:54.002195,262,1.037,0.0011,"aoml_navis",1027.02740882112
"7901009",81,0.00288508275029393,1,0.026166,1,0.003738,1,144.4580750628,1,4.86833722761798,264,1,20.8719997406006,36.7999992370605,0.0261659994721413,0.0130829997360706,139.300399780273,-87.7243,26.4764,33.7749641596869,63,63,63,63,61,63,0.003738,8045,1.29563008188212,26,-88,0.001869,51,2025-08-31 20:34:54.002195,264,1.037,0.0011,"aoml_navis",1027.04471079676
"7901009",81,0.00288508275029393,1,0.026166,1,0.003738,1,144.510752340763,1,4.86825365237917,266,1,20.8229999542236,36.7939987182617,0.0261659994721413,0.0130829997360706,139.351196289062,-87.7243,26.4764,33.7749641596869,63,63,63,63,61,63,0.003738,8045,1.29563008188212,26,-88,0.001869,51,2025-08-31 20:34:54.002195,266,1.037,0.0011,"aoml_navis",1027.06234248013
"7901009",81,0.00288508275029393,1,0.026166,1,0.003738,1,144.593621341872,1,4.86813685058538,268,1,20.7430000305176,36.7859992980957,0.0261659994721413,0.0130829997360706,139.431106567383,-87.7243,26.4764,33.7749641596869,63,63,63,63,61,63,0.003738,8045,1.29563008188212,26,-88,0.001869,51,2025-08-31 20:34:54.002195,268,1.037,0.0011,"aoml_navis",1027.08698491062
"7901009",81,0.00144254137514696,1,0.024297,1,0.001869,1,144.911156618797,1,4.8679922826475,270.100006103516,1,20.6319999694824,36.773998260498,0.0242970008403063,0.0112140001729131,139.7373046875,-87.7243,26.4764,33.7749641596869,63,63,63,63,61,63,0.001869,8045,1.29563008188212,26,-88,0.001869,51,2025-08-31 20:34:54.002195,270.100006103516,1.037,0.0011,"aoml_navis",1027.11748698186
"7901009",81,0.00288508275029393,1,0.026166,1,0.003738,1,145.372102580666,1,4.86785588160629,272,1,20.5209999084473,36.7610015869141,0.0261659994721413,0.0130829997360706,140.181793212891,-87.7243,26.4764,33.7749641596869,63,63,63,63,61,63,0.003738,8045,1.29563008188212,26,-88,0.001869,51,2025-08-31 20:34:54.002195,272,1.037,0.0011,"aoml_navis",1027.14626759864
"7901009",81,-0.00288508275029393,1,0.01869,1,-0.003738,1,145.866041070187,1,4.8676550742055,274,1,20.3530006408691,36.7449989318848,0.0186899993568659,0.00560700008645654,140.658096313477,-87.7243,26.4764,33.7749641596869,63,63,63,63,61,63,-0.003738,8045,1.29563008188212,26,-88,0.001869,51,2025-08-31 20:34:54.002195,274,1.037,0.0011,"aoml_navis",1027.18864089114
"7901009",81,0,1,0.022428,1,0,1,145.893621873878,1,4.86755877706123,276,1,20.2849998474121,36.7360000610352,0.0224280003458261,0.00934499967843294,140.684692382812,-87.7243,26.4764,33.7749641596869,63,63,63,63,61,63,0,8045,1.29563008188212,26,-88,0.001869,51,2025-08-31 20:34:54.002195,276,1.037,0.0011,"aoml_navis",1027.2089622344
"7901009",81,0,1,0.022428,1,0,1,145.856087928751,1,4.86748786719935,278,1,20.2450008392334,36.7299995422363,0.0224280003458261,0.00934499967843294,140.648498535156,-87.7243,26.4764,33.7749641596869,63,63,63,63,61,63,0,8045,1.29563008188212,26,-88,0.001869,51,2025-08-31 20:34:54.002195,278,1.037,0.0011,"aoml_navis",1027.22392667758
"7901009",81,0,1,0.022428,1,0,1,146.230557073538,1,4.86737105197517,280,1,20.1580009460449,36.7200012207031,0.0224280003458261,0.00934499967843294,141.00959777832,-87.7243,26.4764,33.7749641596869,63,63,63,63,61,63,0,8045,1.29563008188212,26,-88,0.001869,51,2025-08-31 20:34:54.002195,280,1.037,0.0011,"aoml_navis",1027.24857969704
"7901009",81,-0.00432762412544089,4,0.016821,1,-0.005607,1,146.637907979696,1,4.86727164942823,282,1,20.0900001525879,36.7120018005371,0.0168210007250309,0.00373800005763769,141.402404785156,-87.7243,26.4764,33.7749641596869,63,63,63,63,61,63,-0.005607,8045,1.29563008188212,26,-88,0.001869,51,2025-08-31 20:34:54.002195,282,1.037,0.0011,"aoml_navis",1027.26955882714
"7901009",81,0,1,0.022428,1,0,1,147.077396930775,1,4.86720382095508,284,1,20.0550003051758,36.7070007324219,0.0224280003458261,0.00934499967843294,141.826202392578,-87.7243,26.4764,33.7749641596869,63,63,63,63,61,63,0,8045,1.29563008188212,26,-88,0.001869,51,2025-08-31 20:34:54.002195,284,1.037,0.0011,"aoml_navis",1027.28387467013
"7901009",81,-0.00432762412544089,1,0.016821,1,-0.005607,1,147.386213319098,1,4.86711107069087,286,1,19.992000579834,36.6990013122559,0.0168210007250309,0.00373800005763769,142.123992919922,-87.7243,26.4764,33.7749641596869,63,63,63,63,61,63,-0.005607,8045,1.29563008188212,26,-88,0.001869,51,2025-08-31 20:34:54.002195,286,1.037,0.0011,"aoml_navis",1027.3034511395
"7901009",81,-0.00288508275029393,1,0.01869,1,-0.003738,1,147.03342271766,1,4.8670188897224,288,1,19.9179992675781,36.6870002746582,0.0186899993568659,0.00560700008645654,141.783798217773,-87.7243,26.4764,33.7749641596869,63,63,63,63,61,63,-0.003738,8045,1.29563008188212,26,-88,0.001869,51,2025-08-31 20:34:54.002195,288,1.037,0.0011,"aoml_navis",1027.32290818891
"7901009",81,-0.00288508275029393,1,0.01869,1,-0.003738,1,146.461299058295,1,4.86694133334333,290,1,19.8610000610352,36.6769981384277,0.0186899993568659,0.00560700008645654,141.23210144043,-87.7243,26.4764,33.7749641596869,63,63,63,63,61,63,-0.003738,8045,1.29563008188212,26,-88,0.001869,51,2025-08-31 20:34:54.002195,290,1.037,0.0011,"aoml_navis",1027.33927893174
"7901009",81,0,1,0.022428,1,0,1,146.593205873885,1,4.86681193755279,292,1,19.746000289917,36.6609992980957,0.0224280003458261,0.00934499967843294,141.359298706055,-87.7243,26.4764,33.7749641596869,63,63,63,63,61,63,0,8045,1.29563008188212,26,-88,0.001869,51,2025-08-31 20:34:54.002195,292,1.037,0.0011,"aoml_navis",1027.3665931941
"7901009",81,0.00288508275029393,1,0.026166,1,0.003738,1,147.423858030505,1,4.86668540419897,294,1,19.6299991607666,36.6440010070801,0.0261659994721413,0.0130829997360706,142.160293579102,-87.7243,26.4764,33.7749641596869,63,63,63,63,61,63,0.003738,8045,1.29563008188212,26,-88,0.001869,51,2025-08-31 20:34:54.002195,294,1.037,0.0011,"aoml_navis",1027.39330462701
"7901009",81,-0.00288508275029393,1,0.01869,1,-0.003738,1,148.035920845647,1,4.86654337090482,296,1,19.5069999694824,36.6290016174316,0.0186899993568659,0.00560700008645654,142.750503540039,-87.7243,26.4764,33.7749641596869,63,63,63,63,61,63,-0.003738,8045,1.29563008188212,26,-88,0.001869,51,2025-08-31 20:34:54.002195,296,1.037,0.0011,"aoml_navis",1027.42328978163
"7901009",81,-0.00144254137514696,1,0.020559,1,-0.001869,1,148.15724156963,1,4.86642496494078,298,1,19.4109992980957,36.617000579834,0.020558999851346,0.00747600011527538,142.867492675781,-87.7243,26.4764,33.7749641596869,63,63,63,63,61,63,-0.001869,8045,1.29563008188212,26,-88,0.001869,51,2025-08-31 20:34:54.002195,298,1.037,0.0011,"aoml_navis",1027.44828822422
"7901009",81,0.00144254137514696,1,0.024297,1,0.001869,1,147.570291052514,1,4.86635491895697,300,1,19.3619995117188,36.6080017089844,0.0242970008403063,0.0112140001729131,142.301498413086,-87.7243,26.4764,33.7749641596869,63,63,63,63,61,63,0.001869,8045,1.29563008188212,26,-88,0.001869,51,2025-08-31 20:34:54.002195,300,1.037,0.0011,"aoml_navis",1027.46307724544
"7901009",81,0,1,0.022428,1,0,1,146.312998833281,1,4.86627733165236,302,1,19.3040008544922,36.5979995727539,0.0224280003458261,0.00934499967843294,141.089096069336,-87.7243,26.4764,33.7749641596869,63,63,63,63,61,63,0,8045,1.29563008188212,26,-88,0.001869,51,2025-08-31 20:34:54.002195,302,1.037,0.0011,"aoml_navis",1027.47945898559
"7901009",81,0.0129828723763227,1,0.039249,1,0.016821,1,144.450811959591,1,4.86616901683778,304,1,19.1720008850098,36.5709991455078,0.0392489992082119,0.0261659994721413,139.293395996094,-87.7243,26.4764,33.7749641596869,63,63,63,63,61,63,0.016821,8045,1.29563008188212,26,-88,0.001869,51,2025-08-31 20:34:54.002195,304,1.037,0.0011,"aoml_navis",1027.50232938871
"7901009",81,0.0519314895052907,1,0.089712,1,0.067284,1,143.593306891975,1,4.86601614996894,306,1,18.9479999542236,36.5250015258789,0.0897120013833046,0.0766289979219437,138.466506958008,-87.7243,26.4764,33.7749641596869,63,63,63,63,61,63,0.067284,8045,1.29563008188212,26,-88,0.001869,51,2025-08-31 20:34:54.002195,306,1.037,0.0011,"aoml_navis",1027.53460857953
"7901009",81,0.0620292791313194,1,0.102795,1,0.080367,1,143.486385784377,1,4.86595395463348,308,1,18.8899993896484,36.5110015869141,0.102794997394085,0.0897120013833046,138.363403320312,-87.7243,26.4764,33.7749641596869,63,63,63,63,61,63,0.080367,8045,1.29563008188212,26,-88,0.001869,51,2025-08-31 20:34:54.002195,308,1.037,0.0011,"aoml_navis",1027.54774225491
"7901009",81,0.0692419860070542,1,0.11214,1,0.089712,1,143.442000153651,1,4.86590505072304,310,1,18.8719997406006,36.5069999694824,0.112139999866486,0.0990569964051247,138.320602416992,-87.7243,26.4764,33.7749641596869,63,63,63,63,61,63,0.089712,8045,1.29563008188212,26,-88,0.001869,51,2025-08-31 20:34:54.002195,310,1.037,0.0011,"aoml_navis",1027.55806944014
"7901009",81,0.0677994446319072,1,0.110271,1,0.087843,1,143.464185057137,1,4.86585492629277,312,1,18.8530006408691,36.5029983520508,0.110270999372005,0.0971880033612251,138.341995239258,-87.7243,26.4764,33.7749641596869,63,63,63,63,61,63,0.087843,8045,1.29563008188212,26,-88,0.001869,51,2025-08-31 20:34:54.002195,312,1.037,0.0011,"aoml_navis",1027.56865458162
"7901009",81,0.0634718205064664,1,0.104664,1,0.082236,1,143.735166849001,1,4.86580110220591,314,1,18.8309993743896,36.4990005493164,0.104663997888565,0.0915810018777847,138.603302001953,-87.7243,26.4764,33.7749641596869,63,63,63,63,61,63,0.082236,8045,1.29563008188212,26,-88,0.001869,51,2025-08-31 20:34:54.002195,314,1.037,0.0011,"aoml_navis",1027.58002124938
"7901009",81,0.0620292791313194,1,0.102795,1,0.080367,1,144.353226867011,1,4.86571769712507,316,1,18.7819995880127,36.4939994812012,0.102794997394085,0.0897120013833046,139.199295043945,-87.7243,26.4764,33.7749641596869,63,63,63,63,61,63,0.080367,8045,1.29563008188212,26,-88,0.001869,51,2025-08-31 20:34:54.002195,316,1.037,0.0011,"aoml_navis",1027.59763538157
"7901009",81,0.0634718205064664,1,0.104664,1,0.082236,1,145.50391445373,1,4.86566154701519,318,1,18.7609996795654,36.4910011291504,0.104663997888565,0.0915810018777847,140.308898925781,-87.7243,26.4764,33.7749641596869,63,63,63,63,61,63,0.082236,8045,1.29563008188212,26,-88,0.001869,51,2025-08-31 20:34:54.002195,318,1.037,0.0011,"aoml_navis",1027.60949393762
"7901009",81,0.038948617128968,1,0.072891,1,0.050463,1,147.741709782515,1,4.86560433081779,320,1,18.7450008392334,36.4900016784668,0.0728909969329834,0.0598080009222031,142.466796875,-87.7243,26.4764,33.7749641596869,63,63,63,63,61,63,0.050463,8045,1.29563008188212,26,-88,0.001869,51,2025-08-31 20:34:54.002195,320,1.037,0.0011,"aoml_navis",1027.6215779263
"7901009",81,0.00432762412544089,1,0.028035,1,0.005607,1,149.700136729672,1,4.86543295226127,322,1,18.6889991760254,36.5069999694824,0.0280349999666214,0.0149520002305508,144.35530090332,-87.7243,26.4764,33.7749641596869,63,63,63,63,61,63,0.005607,8045,1.29563008188212,26,-88,0.001869,51,2025-08-31 20:34:54.002195,322,1.037,0.0011,"aoml_navis",1027.65777456171
"7901009",81,-0.00144254137514696,1,0.020559,1,-0.001869,1,150.806327919386,1,4.86532269002827,324,1,18.6089992523193,36.4990005493164,0.020558999851346,0.00747600011527538,145.421997070312,-87.7243,26.4764,33.7749641596869,63,63,63,63,61,63,-0.001869,8045,1.29563008188212,26,-88,0.001869,51,2025-08-31 20:34:54.002195,324,1.037,0.0011,"aoml_navis",1027.68106424837
"7901009",81,-0.00432762412544089,1,0.016821,1,-0.005607,1,152.523743265266,1,4.86519791112772,326,1,18.507999420166,36.4879989624023,0.0168210007250309,0.00373800005763769,147.078094482422,-87.7243,26.4764,33.7749641596869,63,63,63,63,61,63,-0.005607,8045,1.29563008188212,26,-88,0.001869,51,2025-08-31 20:34:54.002195,326,1.037,0.0011,"aoml_navis",1027.70742143171
"7901009",81,0,1,0.014952,1,-0.007476,1,153.981285094778,1,4.86504559967444,328,1,18.386999130249,36.4780006408691,0.0149520002305508,0,148.483596801758,-87.7243,26.4764,33.7749641596869,63,63,63,63,61,63,0,8045,1.29563008188212,26,-88,0.001869,51,2025-08-31 20:34:54.002195,328,1.037,0.0011,"aoml_navis",1027.73959617862
"7901009",81,0,1,0.014952,1,-0.007476,1,154.020179882773,1,4.86498487872254,330,1,18.3589992523193,36.4739990234375,0.0149520002305508,0,148.521102905273,-87.7243,26.4764,33.7749641596869,63,63,63,63,61,63,0,8045,1.29563008188212,26,-88,0.001869,51,2025-08-31 20:34:54.002195,330,1.037,0.0011,"aoml_navis",1027.75242362375
"7901009",81,0,1,0.014952,1,-0.007476,1,153.835579965465,1,4.86493635216529,332,1,18.3470001220703,36.4720001220703,0.0149520002305508,0,148.34309387207,-87.7243,26.4764,33.7749641596869,63,63,63,63,61,63,0,8045,1.29563008188212,26,-88,0.001869,51,2025-08-31 20:34:54.002195,332,1.037,0.0011,"aoml_navis",1027.76267520429
"7901009",81,0,1,0.016821,1,-0.005607,1,153.610028172109,1,4.864885380269,334,1,18.3299999237061,36.4690017700195,0.0168210007250309,0,148.125595092773,-87.7243,26.4764,33.7749641596869,63,63,63,63,61,63,0,8045,1.29563008188212,26,-88,0.001869,51,2025-08-31 20:34:54.002195,334,1.037,0.0011,"aoml_navis",1027.77344360034
"7901009",81,0,1,0.011214,1,-0.011214,1,152.540959509911,1,4.86481862005715,336,1,18.2910003662109,36.4630012512207,0.0112140001729131,0,147.094696044922,-87.7243,26.4764,33.7749641596869,63,63,63,63,61,63,0,8045,1.29563008188212,26,-88,0.001869,51,2025-08-31 20:34:54.002195,336,1.037,0.0011,"aoml_navis",1027.78754779993
"7901009",81,0,1,0.01869,1,-0.003738,1,150.825933550926,1,4.86473858797355,338,1,18.2320003509521,36.4539985656738,0.0186899993568659,0,145.440902709961,-87.7243,26.4764,33.7749641596869,63,63,63,63,61,63,0,8045,1.29563008188212,26,-88,0.001869,51,2025-08-31 20:34:54.002195,338,1.037,0.0011,"aoml_navis",1027.80445641228
"7901009",81,0,1,0.014952,1,-0.007476,1,149.040903303053,1,4.86466952288382,340,1,18.1730003356934,36.4420013427734,0.0149520002305508,0,143.719604492188,-87.7243,26.4764,33.7749641596869,63,63,63,63,61,63,0,8045,1.29563008188212,26,-88,0.001869,51,2025-08-31 20:34:54.002195,340,1.037,0.0011,"aoml_navis",1027.81904844298
"7901009",81,0,1,0.014952,1,-0.007476,1,145.872987698311,1,4.86461144504096,342,1,18.1259994506836,36.4309997558594,0.0149520002305508,0,140.664794921875,-87.7243,26.4764,33.7749641596869,63,63,63,63,61,63,0,8045,1.29563008188212,26,-88,0.001869,51,2025-08-31 20:34:54.002195,342,1.037,0.0011,"aoml_navis",1027.83131941546
"7901009",81,0,1,0.020559,1,-0.001869,1,141.485440409497,1,4.86450315825174,344,1,18.0009994506836,36.4080009460449,0.020558999851346,0,136.433898925781,-87.7243,26.4764,33.7749641596869,63,63,63,63,61,63,0,8045,1.29563008188212,26,-88,0.001869,51,2025-08-31 20:34:54.002195,344,1.037,0.0011,"aoml_navis",1027.85419956371
"7901009",81,0,1,0.022428,1,0,1,136.400287089961,1,4.86441948392258,346,1,17.8899993896484,36.382999420166,0.0224280003458261,0,131.530303955078,-87.7243,26.4764,33.7749641596869,63,63,63,63,61,63,0,8045,1.29563008188212,26,-88,0.001869,51,2025-08-31 20:34:54.002195,346,1.037,0.0011,"aoml_navis",1027.8718799901
"7901009",81,0,1,0.026166,1,0.003738,1,131.280179097243,1,4.86432931321358,348,1,17.7639999389648,36.3549995422363,0.0261659994721413,0,126.593002319336,-87.7243,26.4764,33.7749641596869,63,63,63,63,61,63,0,8045,1.29563008188212,26,-88,0.001869,51,2025-08-31 20:34:54.002195,348,1.037,0.0011,"aoml_navis",1027.89093378565
"7901009",81,0,1,0.048594,1,0.026166,1,127.555702495459,1,4.86420217696129,350,1,17.5939998626709,36.3230018615723,0.0485940016806126,0,123.001502990723,-87.7243,26.4764,33.7749641596869,63,63,63,63,61,63,0,8045,1.29563008188212,26,-88,0.001869,51,2025-08-31 20:34:54.002195,350,1.037,0.0011,"aoml_navis",1027.91779989777
"7901009",81,0,1,0.054201,1,0.031773,1,126.788092175848,1,4.86406576451563,352,1,17.4120006561279,36.2900009155273,0.0542009994387627,0,122.261299133301,-87.7243,26.4764,33.7749641596869,63,63,63,63,61,63,0,8045,1.29563008188212,26,-88,0.001869,51,2025-08-31 20:34:54.002195,352,1.037,0.0011,"aoml_navis",1027.94662779357
"7901009",81,0,1,0.05607,1,0.033642,1,128.047354452488,1,4.86396209675898,354,1,17.2940006256104,36.2690010070801,0.0560699999332428,0,123.475601196289,-87.7243,26.4764,33.7749641596869,63,63,63,63,61,63,0,8045,1.29563008188212,26,-88,0.001869,51,2025-08-31 20:34:54.002195,354,1.037,0.0011,"aoml_navis",1027.96853687073
"7901009",81,0,1,0.059808,1,0.03738,1,130.063332393923,1,4.86382132990946,356,1,17.1529998779297,36.2509994506836,0.0598080009222031,0,125.41960144043,-87.7243,26.4764,33.7749641596869,63,63,63,63,61,63,0,8045,1.29563008188212,26,-88,0.001869,51,2025-08-31 20:34:54.002195,356,1.037,0.0011,"aoml_navis",1027.99828794144
"7901009",81,0,1,0.046725,1,0.024297,1,131.920439842493,1,4.86367123569004,358,1,16.9969997406006,36.2309989929199,0.0467250011861324,0,127.210403442383,-87.7243,26.4764,33.7749641596869,63,63,63,63,61,63,0,8045,1.29563008188212,26,-88,0.001869,51,2025-08-31 20:34:54.002195,358,1.037,0.0011,"aoml_navis",1028.03001224868
"7901009",81,0,4,0.03738,1,0.014952,1,131.231536876619,1,4.86355837284645,360,1,16.8850002288818,36.2150001525879,0.0373799987137318,0,126.546096801758,-87.7243,26.4764,33.7749641596869,63,63,63,63,61,63,0,8045,1.29563008188212,26,-88,0.001869,51,2025-08-31 20:34:54.002195,360,1.037,0.0011,"aoml_navis",1028.0538685246
"7901009",81,0,1,0.042987,1,0.020559,1,129.874380944192,1,4.86347212480576,362,1,16.8020000457764,36.201000213623,0.0429870001971722,0,125.237396240234,-87.7243,26.4764,33.7749641596869,63,63,63,63,61,63,0,8045,1.29563008188212,26,-88,0.001869,51,2025-08-31 20:34:54.002195,362,1.037,0.0011,"aoml_navis",1028.0720998683
"7901009",81,0,1,0.042987,1,0.020559,1,129.227070716415,1,4.86338078571703,364,1,16.7080001831055,36.185001373291,0.0429870001971722,0,124.61319732666,-87.7243,26.4764,33.7749641596869,63,63,63,63,61,63,0,8045,1.29563008188212,26,-88,0.001869,51,2025-08-31 20:34:54.002195,364,1.037,0.0011,"aoml_navis",1028.0914080765
"7901009",81,0,1,0.046725,1,0.024297,1,128.155304104114,1,4.86328505440477,366,1,16.613000869751,36.1699981689453,0.0467250011861324,0,123.579696655273,-87.7243,26.4764,33.7749641596869,63,63,63,63,61,63,0,8045,1.29563008188212,26,-88,0.001869,51,2025-08-31 20:34:54.002195,366,1.037,0.0011,"aoml_navis",1028.11164553709
"7901009",81,0,1,0.041118,1,0.01869,1,125.958057145645,1,4.86319537143338,368,1,16.5230007171631,36.1549987792969,0.041117999702692,0,121.460899353027,-87.7243,26.4764,33.7749641596869,63,63,63,63,61,63,0,8045,1.29563008188212,26,-88,0.001869,51,2025-08-31 20:34:54.002195,368,1.037,0.0011,"aoml_navis",1028.13060511001
"7901009",81,0,1,0.03738,1,0.014952,1,124.140153048277,1,4.86307537037898,370,1,16.3899993896484,36.1349983215332,0.0373799987137318,0,119.707901000977,-87.7243,26.4764,33.7749641596869,63,63,63,63,61,63,0,8045,1.29563008188212,26,-88,0.001869,51,2025-08-31 20:34:54.002195,370,1.037,0.0011,"aoml_navis",1028.15597521993
"7901009",81,0,1,0.03738,1,0.014952,1,123.304310700257,1,4.8630025180369,372,1,16.3269996643066,36.1240005493164,0.0373799987137318,0,118.901901245117,-87.7243,26.4764,33.7749641596869,63,63,63,63,61,63,0,8045,1.29563008188212,26,-88,0.001869,51,2025-08-31 20:34:54.002195,372,1.037,0.0011,"aoml_navis",1028.17137796145
"7901009",81,0,1,0.031773,1,0.009345,1,122.584614708574,1,4.86294152643587,374,1,16.2840003967285,36.1160011291504,0.0317730009555817,0,118.207901000977,-87.7243,26.4764,33.7749641596869,63,63,63,63,61,63,0,8045,1.29563008188212,26,-88,0.001869,51,2025-08-31 20:34:54.002195,374,1.037,0.0011,"aoml_navis",1028.18427341128
"7901009",81,0,1,0.031773,1,0.009345,1,122.347131804498,1,4.86283668548527,376,1,16.1730003356934,36.0989990234375,0.0317730009555817,0,117.978897094727,-87.7243,26.4764,33.7749641596869,63,63,63,63,61,63,0,8045,1.29563008188212,26,-88,0.001869,51,2025-08-31 20:34:54.002195,376,1.037,0.0011,"aoml_navis",1028.20644068186
"7901009",81,0,1,0.026166,1,0.003738,1,122.482780937973,1,4.86270345318977,378,1,16.0069999694824,36.0730018615723,0.0261659994721413,0,118.109703063965,-87.7243,26.4764,33.7749641596869,63,63,63,63,61,63,0,8045,1.29563008188212,26,-88,0.001869,51,2025-08-31 20:34:54.002195,378,1.037,0.0011,"aoml_navis",1028.23461231636
"7901009",81,0,1,0.024297,1,0.001869,1,122.742551599937,1,4.86257132801361,380,1,15.8540000915527,36.0509986877441,0.0242970008403063,0,118.360198974609,-87.7243,26.4764,33.7749641596869,63,63,63,63,61,63,0,8045,1.29563008188212,26,-88,0.001869,51,2025-08-31 20:34:54.002195,380,1.037,0.0011,"aoml_navis",1028.26255137784
"7901009",81,0,1,0.024297,1,0.001869,1,122.940206114517,1,4.8625141793819,382,1,15.8170003890991,36.0439987182617,0.0242970008403063,0,118.550796508789,-87.7243,26.4764,33.7749641596869,63,63,63,63,61,63,0,8045,1.29563008188212,26,-88,0.001869,51,2025-08-31 20:34:54.002195,382,1.037,0.0011,"aoml_navis",1028.27463644241
"7901009",81,0,1,0.029904,1,0.007476,1,123.373895659657,1,4.8624561600976,384,1,15.7889995574951,36.0400009155273,0.0299040004611015,0,118.96900177002,-87.7243,26.4764,33.7749641596869,63,63,63,63,61,63,0,8045,1.29563008188212,26,-88,0.001869,51,2025-08-31 20:34:54.002195,384,1.037,0.0011,"aoml_navis",1028.2869059121
"7901009",81,0,1,0.024297,1,0.001869,1,124.078139755295,1,4.86238423498368,386,1,15.7320003509521,36.0309982299805,0.0242970008403063,0,119.648101806641,-87.7243,26.4764,33.7749641596869,63,63,63,63,61,63,0,8045,1.29563008188212,26,-88,0.001869,51,2025-08-31 20:34:54.002195,386,1.037,0.0011,"aoml_navis",1028.30211648561
"7901009",81,0,1,0.024297,1,0.001869,1,125.070985393177,1,4.8623097466254,388,1,15.6660003662109,36.0200004577637,0.0242970008403063,0,120.605499267578,-87.7243,26.4764,33.7749641596869,63,63,63,63,61,63,0,8045,1.29563008188212,26,-88,0.001869,51,2025-08-31 20:34:54.002195,388,1.037,0.0011,"aoml_navis",1028.31786960306
"7901009",81,0,1,0.026166,1,0.003738,1,125.980661378619,1,4.86221992194893,390,1,15.576000213623,36.0060005187988,0.0261659994721413,0,121.482696533203,-87.7243,26.4764,33.7749641596869,63,63,63,63,61,63,0,8045,1.29563008188212,26,-88,0.001869,51,2025-08-31 20:34:54.002195,390,1.037,0.0011,"aoml_navis",1028.3368667528
"7901009",81,0,1,0.024297,1,0.001869,1,126.216482788496,1,4.86213281851064,392.100006103516,1,15.5,35.9949989318848,0.0242970008403063,0,121.710098266602,-87.7243,26.4764,33.7749641596869,63,63,63,63,61,63,0,8045,1.29563008188212,26,-88,0.001869,51,2025-08-31 20:34:54.002195,392.100006103516,1.037,0.0011,"aoml_navis",1028.35528905432
"7901009",81,0,1,0.022428,1,0,1,126.049423502797,1,4.86207935240207,394,1,15.46399974823,35.9879989624023,0.0224280003458261,0,121.549003601074,-87.7243,26.4764,33.7749641596869,63,63,63,63,61,63,0,8045,1.29563008188212,26,-88,0.001869,51,2025-08-31 20:34:54.002195,394,1.037,0.0011,"aoml_navis",1028.36659741676
"7901009",81,0,1,0.026166,1,0.003738,1,125.840668624597,1,4.86202893433441,396,1,15.4259996414185,35.9790000915527,0.0261659994721413,0,121.347702026367,-87.7243,26.4764,33.7749641596869,63,63,63,63,61,63,0,8045,1.29563008188212,26,-88,0.001869,51,2025-08-31 20:34:54.002195,396,1.037,0.0011,"aoml_navis",1028.3772613304
"7901009",81,0,1,0.022428,1,0,1,125.600804245504,1,4.86192618192857,398,1,15.3199996948242,35.9640007019043,0.0224280003458261,0,121.116401672363,-87.7243,26.4764,33.7749641596869,63,63,63,63,61,63,0,8045,1.29563008188212,26,-88,0.001869,51,2025-08-31 20:34:54.002195,398,1.037,0.0011,"aoml_navis",1028.3989951523
"7901009",81,0,1,0.022428,1,0,1,125.240434065771,1,4.86184414925599,400,1,15.2360000610352,35.9500007629395,0.0224280003458261,0,120.768898010254,-87.7243,26.4764,33.7749641596869,63,63,63,63,61,63,0,8045,1.29563008188212,26,-88,0.001869,51,2025-08-31 20:34:54.002195,400,1.037,0.0011,"aoml_navis",1028.41634706969
"7901009",81,0,1,0.024297,1,0.001869,1,124.60826717083,1,4.86175947444532,402,1,15.1560001373291,35.9379997253418,0.0242970008403063,0,120.159301757812,-87.7243,26.4764,33.7749641596869,63,63,63,63,61,63,0,8045,1.29563008188212,26,-88,0.001869,51,2025-08-31 20:34:54.002195,402,1.037,0.0011,"aoml_navis",1028.43425847809
"7901009",81,0,1,0.022428,1,0,1,123.540029255731,1,4.86170481034762,404,1,15.1169996261597,35.9300003051758,0.0224280003458261,0,119.129203796387,-87.7243,26.4764,33.7749641596869,63,63,63,63,61,63,0,8045,1.29563008188212,26,-88,0.001869,51,2025-08-31 20:34:54.002195,404,1.037,0.0011,"aoml_navis",1028.44582200014
"7901009",81,0,1,0.020559,1,-0.001869,1,122.769926694823,1,4.86161513461804,406,1,15.0319995880127,35.9179992675781,0.020558999851346,0,118.386596679688,-87.7243,26.4764,33.7749641596869,63,63,63,63,61,63,0,8045,1.29563008188212,26,-88,0.001869,51,2025-08-31 20:34:54.002195,406,1.037,0.0011,"aoml_navis",1028.4647923684
"7901009",81,0,1,0.022428,1,0,1,121.681988205659,1,4.86156631342044,408,1,15.0050001144409,35.9119987487793,0.0224280003458261,0,117.337501525879,-87.7243,26.4764,33.7749641596869,63,63,63,63,61,63,0,8045,1.29563008188212,26,-88,0.001869,51,2025-08-31 20:34:54.002195,408,1.037,0.0011,"aoml_navis",1028.47512049715
"7901009",81,0,1,0.022428,1,0,1,120.108300019809,1,4.86148429199265,410,1,14.9200000762939,35.8979988098145,0.0224280003458261,0,115.819999694824,-87.7243,26.4764,33.7749641596869,63,63,63,63,61,63,0,8045,1.29563008188212,26,-88,0.001869,51,2025-08-31 20:34:54.002195,410,1.037,0.0011,"aoml_navis",1028.49247260461
"7901009",81,0,1,0.022428,1,0,1,119.504647530061,1,4.8613705264845,412,1,14.7880001068115,35.8790016174316,0.0224280003458261,0,115.237899780273,-87.7243,26.4764,33.7749641596869,63,63,63,63,61,63,0,8045,1.29563008188212,26,-88,0.001869,51,2025-08-31 20:34:54.002195,412,1.037,0.0011,"aoml_navis",1028.51654132518
"7901009",81,0,1,0.022428,1,0,1,119.896435773895,1,4.8612600877852,414,1,14.6549997329712,35.859001159668,0.0224280003458261,0,115.615699768066,-87.7243,26.4764,33.7749641596869,63,63,63,63,61,63,0,8045,1.29563008188212,26,-88,0.001869,51,2025-08-31 20:34:54.002195,414,1.037,0.0011,"aoml_navis",1028.53990728935
"7901009",81,0,1,0.024297,1,0.001869,1,120.090253028065,1,4.86115357240841,416,1,14.5249996185303,35.8390007019043,0.0242970008403063,0,115.802597045898,-87.7243,26.4764,33.7749641596869,63,63,63,63,61,63,0,8045,1.29563008188212,26,-88,0.001869,51,2025-08-31 20:34:54.002195,416,1.037,0.0011,"aoml_navis",1028.56244418602
"7901009",81,0,1,0.01869,1,-0.003738,1,119.895913590005,1,4.86108600175553,418,1,14.4589996337891,35.8269996643066,0.0186899993568659,0,115.615196228027,-87.7243,26.4764,33.7749641596869,63,63,63,63,61,63,0,8045,1.29563008188212,26,-88,0.001869,51,2025-08-31 20:34:54.002195,418,1.037,0.0011,"aoml_navis",1028.57674153354
"7901009",81,0,1,0.020559,1,-0.001869,1,119.504853238867,1,4.86101714532129,420,1,14.4020004272461,35.818000793457,0.020558999851346,0,115.238098144531,-87.7243,26.4764,33.7749641596869,63,63,63,63,61,63,0,8045,1.29563008188212,26,-88,0.001869,51,2025-08-31 20:34:54.002195,420,1.037,0.0011,"aoml_navis",1028.59131134982
"7901009",81,0,1,0.022428,1,0,1,119.462548431827,1,4.86093942802754,422,1,14.326000213623,35.8059997558594,0.0224280003458261,0,115.197303771973,-87.7243,26.4764,33.7749641596869,63,63,63,63,61,63,0,8045,1.29563008188212,26,-88,0.001869,51,2025-08-31 20:34:54.002195,422,1.037,0.0011,"aoml_navis",1028.60775659344
"7901009",81,0,1,0.022428,1,0,1,119.344637726889,1,4.86087347198613,424,1,14.2679996490479,35.7960014343262,0.0224280003458261,0,115.083602905273,-87.7243,26.4764,33.7749641596869,63,63,63,63,61,63,0,8045,1.29563008188212,26,-88,0.001869,51,2025-08-31 20:34:54.002195,424,1.037,0.0011,"aoml_navis",1028.62171352858
"7901009",81,0,1,0.020559,1,-0.001869,1,119.06806223789,1,4.86080769469639,426,1,14.2170000076294,35.7879981994629,0.020558999851346,0,114.816902160645,-87.7243,26.4764,33.7749641596869,63,63,63,63,61,63,0,8045,1.29563008188212,26,-88,0.001869,51,2025-08-31 20:34:54.002195,426,1.037,0.0011,"aoml_navis",1028.63563301537
"7901009",81,0,1,0.01869,1,-0.003738,1,118.359664406756,1,4.86073835023831,428,1,14.1520004272461,35.7770004272461,0.0186899993568659,0,114.133796691895,-87.7243,26.4764,33.7749641596869,63,63,63,63,61,63,0,8045,1.29563008188212,26,-88,0.001869,51,2025-08-31 20:34:54.002195,428,1.037,0.0011,"aoml_navis",1028.6503077778
"7901009",81,0,1,0.022428,1,0,1,117.371692485189,1,4.86066038098612,430,1,14.0749998092651,35.7649993896484,0.0224280003458261,0,113.181098937988,-87.7243,26.4764,33.7749641596869,63,63,63,63,61,63,0,8045,1.29563008188212,26,-88,0.001869,51,2025-08-31 20:34:54.002195,430,1.037,0.0011,"aoml_navis",1028.6668082302
"7901009",81,0,1,0.020559,1,-0.001869,1,117.089412532776,1,4.86056670784906,432,1,13.9720001220703,35.75,0.020558999851346,0,112.908897399902,-87.7243,26.4764,33.7749641596869,63,63,63,63,61,63,0,8045,1.29563008188212,26,-88,0.001869,51,2025-08-31 20:34:54.002195,432,1.037,0.0011,"aoml_navis",1028.68663275946
"7901009",81,0,1,0.022428,1,0,1,116.399378168472,1,4.86049042388726,434,1,13.8889999389648,35.7360000610352,0.0224280003458261,0,112.243499755859,-87.7243,26.4764,33.7749641596869,63,63,63,63,61,63,0,8045,1.29563008188212,26,-88,0.001869,51,2025-08-31 20:34:54.002195,434,1.037,0.0011,"aoml_navis",1028.70277769237
"7901009",81,0,1,0.022428,1,0,1,115.242780409532,1,4.86040976581037,436,1,13.8050003051758,35.7229995727539,0.0224280003458261,0,111.128196716309,-87.7243,26.4764,33.7749641596869,63,63,63,63,61,63,0,8045,1.29563008188212,26,-88,0.001869,51,2025-08-31 20:34:54.002195,436,1.037,0.0011,"aoml_navis",1028.7198489254
"7901009",81,0,1,0.020559,1,-0.001869,1,114.983737640265,1,4.86028941748302,438,1,13.6639995574951,35.7050018310547,0.020558999851346,0,110.878402709961,-87.7243,26.4764,33.7749641596869,63,63,63,63,61,63,0,8045,1.29563008188212,26,-88,0.001869,51,2025-08-31 20:34:54.002195,438,1.037,0.0011,"aoml_navis",1028.74532162929
"7901009",81,0,1,0.024297,1,0.001869,1,114.635504280057,1,4.86023448617942,440,1,13.6260004043579,35.6980018615723,0.0242970008403063,0,110.542602539062,-87.7243,26.4764,33.7749641596869,63,63,63,63,61,63,0,8045,1.29563008188212,26,-88,0.001869,51,2025-08-31 20:34:54.002195,440,1.037,0.0011,"aoml_navis",1028.75694870649
"7901009",81,0,1,0.022428,1,0,1,114.28000781664,1,4.86019004336667,442,1,13.6090002059937,35.6940002441406,0.0224280003458261,0,110.199798583984,-87.7243,26.4764,33.7749641596869,63,63,63,63,61,63,0,8045,1.29563008188212,26,-88,0.001869,51,2025-08-31 20:34:54.002195,442,1.037,0.0011,"aoml_navis",1028.76635592144
"7901009",81,0,1,0.022428,1,0,1,114.141771499342,1,4.86012139300018,444,1,13.5609998703003,35.6879997253418,0.0224280003458261,0,110.066497802734,-87.7243,26.4764,33.7749641596869,63,63,63,63,61,63,0,8045,1.29563008188212,26,-88,0.001869,51,2025-08-31 20:34:54.002195,444,1.037,0.0011,"aoml_navis",1028.78088749003
"7901009",81,0,1,0.026166,1,0.003738,1,114.138037093334,1,4.86005625757941,446,1,13.5019998550415,35.6780014038086,0.0261659994721413,0,110.062896728516,-87.7243,26.4764,33.7749641596869,63,63,63,63,61,63,0,8045,1.29563008188212,26,-88,0.001869,51,2025-08-31 20:34:54.002195,446,1.037,0.0011,"aoml_navis",1028.7946754119
"7901009",81,0,1,0.01869,1,-0.003738,1,114.290585996369,1,4.85999553345341,448,1,13.4399995803833,35.6660003662109,0.0186899993568659,0,110.209999084473,-87.7243,26.4764,33.7749641596869,63,63,63,63,61,63,0,8045,1.29563008188212,26,-88,0.001869,51,2025-08-31 20:34:54.002195,448,1.037,0.0011,"aoml_navis",1028.80752987999
"7901009",81,0,1,0.022428,1,0,1,114.357370151263,1,4.8598896820494,450,1,13.3039999008179,35.6459999084473,0.0224280003458261,0,110.274398803711,-87.7243,26.4764,33.7749641596869,63,63,63,63,61,63,0,8045,1.29563008188212,26,-88,0.001869,51,2025-08-31 20:34:54.002195,450,1.037,0.0011,"aoml_navis",1028.8299379445
"7901009",81,0,1,0.026166,1,0.003738,1,114.074473072434,1,4.85982547328686,452,1,13.2379999160767,35.6339988708496,0.0261659994721413,0,110.001602172852,-87.7243,26.4764,33.7749641596869,63,63,63,63,61,63,0,8045,1.29563008188212,26,-88,0.001869,51,2025-08-31 20:34:54.002195,452,1.037,0.0011,"aoml_navis",1028.84353100407
"7901009",81,0,1,0.028035,1,0.005607,1,114.19819109519,1,4.85976113821657,454,1,13.1789999008179,35.6240005493164,0.0280349999666214,0,110.120903015137,-87.7243,26.4764,33.7749641596869,63,63,63,63,61,63,0,8045,1.29563008188212,26,-88,0.001869,51,2025-08-31 20:34:54.002195,454,1.037,0.0011,"aoml_navis",1028.85715116338
"7901009",81,0,1,0.024297,1,0.001869,1,114.683830025596,1,4.85968000987176,456,1,13.0920000076294,35.6110000610352,0.0242970008403063,0,110.589202880859,-87.7243,26.4764,33.7749641596869,63,63,63,63,61,63,0,8045,1.29563008188212,26,-88,0.001869,51,2025-08-31 20:34:54.002195,456,1.037,0.0011,"aoml_navis",1028.87432708392
"7901009",81,0,1,0.022428,1,0,1,115.045648078844,1,4.85961145402896,458,1,13.0100002288818,35.5960006713867,0.0224280003458261,0,110.938102722168,-87.7243,26.4764,33.7749641596869,63,63,63,63,61,63,0,8045,1.29563008188212,26,-88,0.001869,51,2025-08-31 20:34:54.002195,458,1.037,0.0011,"aoml_navis",1028.88884169014
"7901009",81,0,1,0.024297,1,0.001869,1,115.25118282305,1,4.85952867428677,460,1,12.9169998168945,35.5820007324219,0.0242970008403063,0,111.136299133301,-87.7243,26.4764,33.7749641596869,63,63,63,63,61,63,0,8045,1.29563008188212,26,-88,0.001869,51,2025-08-31 20:34:54.002195,460,1.037,0.0011,"aoml_navis",1028.9063683185
"7901009",81,0,1,0.026166,1,0.003738,1,115.393564963966,1,4.85945373460157,462,1,12.83899974823,35.5699996948242,0.0261659994721413,0,111.273597717285,-87.7243,26.4764,33.7749641596869,63,63,63,63,61,63,0,8045,1.29563008188212,26,-88,0.001869,51,2025-08-31 20:34:54.002195,462,1.037,0.0011,"aoml_navis",1028.92223551748
"7901009",81,0,1,0.024297,1,0.001869,1,115.250454930353,1,4.85940176164909,464,1,12.798999786377,35.5620002746582,0.0242970008403063,0,111.135597229004,-87.7243,26.4764,33.7749641596869,63,63,63,63,61,63,0,8045,1.29563008188212,26,-88,0.001869,51,2025-08-31 20:34:54.002195,464,1.037,0.0011,"aoml_navis",1028.93324019029
"7901009",81,0,1,0.031773,1,0.009345,1,114.827454331222,1,4.85932249035688,466,1,12.7049999237061,35.5470008850098,0.0317730009555817,0,110.727699279785,-87.7243,26.4764,33.7749641596869,63,63,63,63,61,63,0,8045,1.29563008188212,26,-88,0.001869,51,2025-08-31 20:34:54.002195,466,1.037,0.0011,"aoml_navis",1028.9500254248
"7901009",81,0,1,0.024297,1,0.001869,1,114.386612449153,1,4.85921999900951,468,1,12.5679998397827,35.5270004272461,0.0242970008403063,0,110.302597045898,-87.7243,26.4764,33.7749641596869,63,63,63,63,61,63,0,8045,1.29563008188212,26,-88,0.001869,51,2025-08-31 20:34:54.002195,468,1.037,0.0011,"aoml_navis",1028.97172818254
"7901009",81,0,4,0.020559,1,-0.001869,1,114.204821248228,1,4.8591513039497,470,1,12.4989995956421,35.515998840332,0.020558999851346,0,110.127296447754,-87.7243,26.4764,33.7749641596869,63,63,63,63,61,63,0,8045,1.29563008188212,26,-88,0.001869,51,2025-08-31 20:34:54.002195,470,1.037,0.0011,"aoml_navis",1028.98627501799
"7901009",81,0,1,0.026166,1,0.003738,1,114.065762095709,1,4.85908279858947,472,1,12.4300003051758,35.5050010681152,0.0261659994721413,0,109.993202209473,-87.7243,26.4764,33.7749641596869,63,63,63,63,61,63,0,8045,1.29563008188212,26,-88,0.001869,51,2025-08-31 20:34:54.002195,472,1.037,0.0011,"aoml_navis",1029.00078209234
"7901009",81,0,1,0.026166,1,0.003738,1,113.934883824146,1,4.85901917566548,474,1,12.3809995651245,35.4980010986328,0.0261659994721413,0,109.866996765137,-87.7243,26.4764,33.7749641596869,63,63,63,63,61,63,0,8045,1.29563008188212,26,-88,0.001869,51,2025-08-31 20:34:54.002195,474,1.037,0.0011,"aoml_navis",1029.01425560133
"7901009",81,0,1,0.024297,1,0.001869,1,113.714102892702,1,4.85895853955163,476,1,12.335000038147,35.4910011291504,0.0242970008403063,0,109.654098510742,-87.7243,26.4764,33.7749641596869,63,63,63,63,61,63,0,8045,1.29563008188212,26,-88,0.001869,51,2025-08-31 20:34:54.002195,476,1.037,0.0011,"aoml_navis",1029.02709691805
"7901009",81,0,1,0.022428,1,0,1,113.593185674452,1,4.85887367045591,478,1,12.2370004653931,35.4770011901855,0.0224280003458261,0,109.537498474121,-87.7243,26.4764,33.7749641596869,63,63,63,63,61,63,0,8045,1.29563008188212,26,-88,0.001869,51,2025-08-31 20:34:54.002195,478,1.037,0.0011,"aoml_navis",1029.0450707542
"7901009",81,0,1,0.026166,1,0.003738,1,113.329577752077,1,4.85881089388492,480,1,12.1770000457764,35.4669990539551,0.0261659994721413,0,109.283302307129,-87.7243,26.4764,33.7749641596869,63,63,63,63,61,63,0,8045,1.29563008188212,26,-88,0.001869,51,2025-08-31 20:34:54.002195,480,1.037,0.0011,"aoml_navis",1029.05836617201
"7901009",81,0,1,0.028035,1,0.005607,1,113.062543986903,1,4.85873285812981,482,1,12.0970001220703,35.4560012817383,0.0280349999666214,0,109.025802612305,-87.7243,26.4764,33.7749641596869,63,63,63,63,61,63,0,8045,1.29563008188212,26,-88,0.001869,51,2025-08-31 20:34:54.002195,482,1.037,0.0011,"aoml_navis",1029.0748938036
"7901009",81,0,4,0.020559,1,-0.001869,1,112.385049947857,1,4.85866816582515,484,1,12.0500001907349,35.4500007629395,0.020558999851346,0,108.372497558594,-87.7243,26.4764,33.7749641596869,63,63,63,63,61,63,0,8045,1.29563008188212,26,-88,0.001869,51,2025-08-31 20:34:54.002195,484,1.037,0.0011,"aoml_navis",1029.08859575325
"7901009",81,0,1,0.022428,1,0,1,111.280931669952,1,4.85862120196254,486,1,12.0369997024536,35.4480018615723,0.0224280003458261,0,107.307800292969,-87.7243,26.4764,33.7749641596869,63,63,63,63,61,63,0,8045,1.29563008188212,26,-88,0.001869,51,2025-08-31 20:34:54.002195,486,1.037,0.0011,"aoml_navis",1029.0985430147
"7901009",81,0,1,0.026166,1,0.003738,1,110.886754039223,1,4.85856083312306,488,1,12.0059995651245,35.4449996948242,0.0261659994721413,0,106.927696228027,-87.7243,26.4764,33.7749641596869,63,63,63,63,61,63,0,8045,1.29563008188212,26,-88,0.001869,51,2025-08-31 20:34:54.002195,488,1.037,0.0011,"aoml_navis",1029.11132982275
"7901009",81,0,1,0.028035,1,0.005607,1,110.805245880982,1,4.85849050172802,490,1,11.9490003585815,35.4379997253418,0.0280349999666214,0,106.849098205566,-87.7243,26.4764,33.7749641596869,63,63,63,63,61,63,0,8045,1.29563008188212,26,-88,0.001869,51,2025-08-31 20:34:54.002195,490,1.037,0.0011,"aoml_navis",1029.12622721433
"7901009",81,0,1,0.026166,1,0.003738,1,110.522657365361,1,4.8584240786858,492,1,11.8959999084473,35.4309997558594,0.0261659994721413,0,106.576599121094,-87.7243,26.4764,33.7749641596869,63,63,63,63,61,63,0,8045,1.29563008188212,26,-88,0.001869,51,2025-08-31 20:34:54.002195,492,1.037,0.0011,"aoml_navis",1029.140297146
"7901009",81,0,1,0.022428,1,0,1,110.326347869894,1,4.85837140882683,494,1,11.8730001449585,35.4280014038086,0.0224280003458261,0,106.387298583984,-87.7243,26.4764,33.7749641596869,63,63,63,63,61,63,0,8045,1.29563008188212,26,-88,0.001869,51,2025-08-31 20:34:54.002195,494,1.037,0.0011,"aoml_navis",1029.15145410988
"7901009",81,0,1,0.026166,1,0.003738,1,110.288497449682,1,4.85831948625345,496,1,11.8430004119873,35.4230003356934,0.0261659994721413,0,106.350799560547,-87.7243,26.4764,33.7749641596869,63,63,63,63,61,63,0,8045,1.29563008188212,26,-88,0.001869,51,2025-08-31 20:34:54.002195,496,1.037,0.0011,"aoml_navis",1029.16245301435
"7901009",81,0,1,0.024297,1,0.001869,1,110.410039706225,1,4.85825141273737,498,1,11.7880001068115,35.4160003662109,0.0242970008403063,0,106.468002319336,-87.7243,26.4764,33.7749641596869,63,63,63,63,61,63,0,8045,1.29563008188212,26,-88,0.001869,51,2025-08-31 20:34:54.002195,498,1.037,0.0011,"aoml_navis",1029.17687357451
"7901009",81,0,1,0.026166,1,0.003738,1,110.545372364615,1,4.8581947090641,500,1,11.7449998855591,35.4090003967285,0.0261659994721413,0,106.598503112793,-87.7243,26.4764,33.7749641596869,63,63,63,63,61,63,0,8045,1.29563008188212,26,-88,0.001869,51,2025-08-31 20:34:54.002195,500,1.037,0.0011,"aoml_navis",1029.18888587798
"7901009",81,0,1,0.022428,1,0,1,110.749973507318,1,4.85812373346529,502,1,11.6709995269775,35.3979988098145,0.0224280003458261,0,106.795799255371,-87.7243,26.4764,33.7749641596869,63,63,63,63,61,63,0,8045,1.29563008188212,26,-88,0.001869,51,2025-08-31 20:34:54.002195,502,1.037,0.0011,"aoml_navis",1029.20392199099
"7901009",81,0,1,0.026166,1,0.003738,1,110.657784314945,1,4.85807763774354,504,1,11.6470003128052,35.3930015563965,0.0261659994721413,0,106.706901550293,-87.7243,26.4764,33.7749641596869,63,63,63,63,61,63,0,8045,1.29563008188212,26,-88,0.001869,51,2025-08-31 20:34:54.002195,504,1.037,0.0011,"aoml_navis",1029.21368756107
"7901009",81,0,1,0.024297,1,0.001869,1,110.491856427675,1,4.85802993892712,506,1,11.6330003738403,35.390998840332,0.0242970008403063,0,106.546897888184,-87.7243,26.4764,33.7749641596869,63,63,63,63,61,63,0,8045,1.29563008188212,26,-88,0.001869,51,2025-08-31 20:34:54.002195,506,1.037,0.0011,"aoml_navis",1029.22379294851
"7901009",81,0,1,0.024297,1,0.001869,1,110.530956924475,1,4.85797543730011,508,1,11.5959997177124,35.3849983215332,0.0242970008403063,0,106.584602355957,-87.7243,26.4764,33.7749641596869,63,63,63,63,61,63,0,8045,1.29563008188212,26,-88,0.001869,51,2025-08-31 20:34:54.002195,508,1.037,0.0011,"aoml_navis",1029.23533981037
"7901009",81,0,1,0.028035,1,0.005607,1,110.851293005906,1,4.85790786421603,510,1,11.5369997024536,35.3769989013672,0.0280349999666214,0,106.893501281738,-87.7243,26.4764,33.7749641596869,63,63,63,63,61,63,0,8045,1.29563008188212,26,-88,0.001869,51,2025-08-31 20:34:54.002195,510,1.037,0.0011,"aoml_navis",1029.24965638617
"7901009",81,0,1,0.028035,1,0.005607,1,111.196306232119,1,4.8578477970775,512,1,11.4820003509521,35.3680000305176,0.0280349999666214,0,107.226196289062,-87.7243,26.4764,33.7749641596869,63,63,63,63,61,63,0,8045,1.29563008188212,26,-88,0.001869,51,2025-08-31 20:34:54.002195,512,1.037,0.0011,"aoml_navis",1029.2623830265
"7901009",81,0,1,0.028035,1,0.005607,1,111.27875590374,1,4.85778978587751,514,1,11.4370002746582,35.3610000610352,0.0280349999666214,0,107.305702209473,-87.7243,26.4764,33.7749641596869,63,63,63,63,61,63,0,8045,1.29563008188212,26,-88,0.001869,51,2025-08-31 20:34:54.002195,514,1.037,0.0011,"aoml_navis",1029.2746743665
"7901009",81,0,1,0.024297,1,0.001869,1,110.644713893918,1,4.85772437565785,516,1,11.3680000305176,35.3499984741211,0.0242970008403063,0,106.694297790527,-87.7243,26.4764,33.7749641596869,63,63,63,63,61,63,0,8045,1.29563008188212,26,-88,0.001869,51,2025-08-31 20:34:54.002195,516,1.037,0.0011,"aoml_navis",1029.2885337536
"7901009",81,0,1,0.024297,1,0.001869,1,108.875238396492,1,4.85765835662111,518,1,11.326000213623,35.3460006713867,0.0242970008403063,0,104.987998962402,-87.7243,26.4764,33.7749641596869,63,63,63,63,61,63,0,8045,1.29563008188212,26,-88,0.001869,51,2025-08-31 20:34:54.002195,518,1.037,0.0011,"aoml_navis",1029.30252251784
"7901009",81,0,1,0.026166,1,0.003738,1,107.386072794072,1,4.8575980390523,520,1,11.3179998397827,35.3489990234375,0.0261659994721413,0,103.552001953125,-87.7243,26.4764,33.7749641596869,63,63,63,63,61,63,0,8045,1.29563008188212,26,-88,0.001869,51,2025-08-31 20:34:54.002195,520,1.037,0.0011,"aoml_navis",1029.31530353127
"7901009",81,0,1,0.026166,1,0.003738,1,107.001231178362,1,4.85752292991061,522,1,11.2659997940063,35.3450012207031,0.0261659994721413,0,103.18090057373,-87.7243,26.4764,33.7749641596869,63,63,63,63,61,63,0,8045,1.29563008188212,26,-88,0.001869,51,2025-08-31 20:34:54.002195,522,1.037,0.0011,"aoml_navis",1029.33121925417
"7901009",81,0,1,0.024297,1,0.001869,1,106.852005263724,1,4.85746715150822,524,1,11.2270002365112,35.3390007019043,0.0242970008403063,0,103.037002563477,-87.7243,26.4764,33.7749641596869,63,63,63,63,61,63,0,8045,1.29563008188212,26,-88,0.001869,51,2025-08-31 20:34:54.002195,524,1.037,0.0011,"aoml_navis",1029.34303908726
"7901009",81,0,1,0.024297,1,0.001869,1,106.825247295254,1,4.8574013889439,526,1,11.1770000457764,35.3330001831055,0.0242970008403063,0,103.011199951172,-87.7243,26.4764,33.7749641596869,63,63,63,63,61,63,0,8045,1.29563008188212,26,-88,0.001869,51,2025-08-31 20:34:54.002195,526,1.037,0.0011,"aoml_navis",1029.35697498269
"7901009",81,0,1,0.029904,1,0.007476,1,106.715011111136,1,4.85734213316847,528,1,11.1260004043579,35.3250007629395,0.0299040004611015,0,102.904899597168,-87.7243,26.4764,33.7749641596869,63,63,63,63,61,63,0,8045,1.29563008188212,26,-88,0.001869,51,2025-08-31 20:34:54.002195,528,1.037,0.0011,"aoml_navis",1029.36953233279
"7901009",81,0,1,0.026166,1,0.003738,1,106.597519735686,1,4.85727299553095,530,1,11.0640001296997,35.3170013427734,0.0261659994721413,0,102.791603088379,-87.7243,26.4764,33.7749641596869,63,63,63,63,61,63,0,8045,1.29563008188212,26,-88,0.001869,51,2025-08-31 20:34:54.002195,530,1.037,0.0011,"aoml_navis",1029.38418421208
"7901009",81,0,1,0.024297,1,0.001869,1,106.507506309524,1,4.85720403616141,532,1,11.0019998550415,35.3089981079102,0.0242970008403063,0,102.704803466797,-87.7243,26.4764,33.7749641596869,63,63,63,63,61,63,0,8045,1.29563008188212,26,-88,0.001869,51,2025-08-31 20:34:54.002195,532,1.037,0.0011,"aoml_navis",1029.39879872772
"7901009",81,0,1,0.026166,1,0.003738,1,106.47846972044,1,4.8571424962777,534,1,10.9440002441406,35.2999992370605,0.0261659994721413,0,102.676803588867,-87.7243,26.4764,33.7749641596869,63,63,63,63,61,63,0,8045,1.29563008188212,26,-88,0.001869,51,2025-08-31 20:34:54.002195,534,1.037,0.0011,"aoml_navis",1029.41184118683
"7901009",81,0,1,0.024297,1,0.001869,1,106.387103363288,1,4.85708711782441,536,1,10.9130001068115,35.2960014343262,0.0242970008403063,0,102.58869934082,-87.7243,26.4764,33.7749641596869,63,63,63,63,61,63,0,8045,1.29563008188212,26,-88,0.001869,51,2025-08-31 20:34:54.002195,536,1.037,0.0011,"aoml_navis",1029.42357810531
"7901009",81,0,1,0.028035,1,0.005607,1,106.290871201698,1,4.85704344247104,538,1,10.8990001678467,35.2929992675781,0.0280349999666214,0,102.495903015137,-87.7243,26.4764,33.7749641596869,63,63,63,63,61,63,0,8045,1.29563008188212,26,-88,0.001869,51,2025-08-31 20:34:54.002195,538,1.037,0.0011,"aoml_navis",1029.43283485565
"7901009",81,0,1,0.028035,1,0.005607,1,106.289723979514,1,4.85698125075182,540,1,10.8400001525879,35.2840003967285,0.0280349999666214,0,102.49479675293,-87.7243,26.4764,33.7749641596869,63,63,63,63,61,63,0,8045,1.29563008188212,26,-88,0.001869,51,2025-08-31 20:34:54.002195,540,1.037,0.0011,"aoml_navis",1029.44601633495
"7901009",81,0,1,0.026166,1,0.003738,1,106.263488194935,1,4.85691547433843,542,1,10.7849998474121,35.2770004272461,0.0261659994721413,0,102.469497680664,-87.7243,26.4764,33.7749641596869,63,63,63,63,61,63,0,8045,1.29563008188212,26,-88,0.001869,51,2025-08-31 20:34:54.002195,542,1.037,0.0011,"aoml_navis",1029.45995795429
"7901009",81,0,1,0.026166,1,0.003738,1,106.165903102355,1,4.8568454457436,544,1,10.7209997177124,35.2690010070801,0.0261659994721413,0,102.375396728516,-87.7243,26.4764,33.7749641596869,63,63,63,63,61,63,0,8045,1.29563008188212,26,-88,0.001869,51,2025-08-31 20:34:54.002195,544,1.037,0.0011,"aoml_navis",1029.47480125847
"7901009",81,0,1,0.026166,1,0.003738,1,106.196909748846,1,4.85677303658116,546,1,10.6499996185303,35.2599983215332,0.0261659994721413,0,102.405296325684,-87.7243,26.4764,33.7749641596869,63,63,63,63,61,63,0,8045,1.29563008188212,26,-88,0.001869,51,2025-08-31 20:34:54.002195,546,1.037,0.0011,"aoml_navis",1029.49014959934
"7901009",81,0,1,0.028035,1,0.005607,1,106.232378694041,1,4.85671379864372,548,1,10.6059999465942,35.2540016174316,0.0280349999666214,0,102.439498901367,-87.7243,26.4764,33.7749641596869,63,63,63,63,61,63,0,8045,1.29563008188212,26,-88,0.001869,51,2025-08-31 20:34:54.002195,548,1.037,0.0011,"aoml_navis",1029.50270641772
"7901009",81,0,1,0.026166,1,0.003738,1,106.275316451251,1,4.85665797149155,550,1,10.5740003585815,35.25,0.0261659994721413,0,102.480903625488,-87.7243,26.4764,33.7749641596869,63,63,63,63,61,63,0,8045,1.29563008188212,26,-88,0.001869,51,2025-08-31 20:34:54.002195,550,1.037,0.0011,"aoml_navis",1029.51454052352
"7901009",81,0,1,0.028035,1,0.005607,1,106.292524784019,1,4.8566023035517,552,1,10.5380001068115,35.2449989318848,0.0280349999666214,0,102.497497558594,-87.7243,26.4764,33.7749641596869,63,63,63,63,61,63,0,8045,1.29563008188212,26,-88,0.001869,51,2025-08-31 20:34:54.002195,552,1.037,0.0011,"aoml_navis",1029.52634115077
"7901009",81,0,1,0.029904,1,0.007476,1,106.258203061009,1,4.85655008422326,554,1,10.5100002288818,35.2410011291504,0.0299040004611015,0,102.464401245117,-87.7243,26.4764,33.7749641596869,63,63,63,63,61,63,0,8045,1.29563008188212,26,-88,0.001869,51,2025-08-31 20:34:54.002195,554,1.037,0.0011,"aoml_navis",1029.53741097878
"7901009",81,0,1,0.029904,1,0.007476,1,106.253843616708,1,4.85649715631917,556,1,10.4770002365112,35.2360000610352,0.0299040004611015,0,102.46019744873,-87.7243,26.4764,33.7749641596869,63,63,63,63,61,63,0,8045,1.29563008188212,26,-88,0.001869,51,2025-08-31 20:34:54.002195,556,1.037,0.0011,"aoml_navis",1029.54863125866
"7901009",81,0,1,0.026166,1,0.003738,1,106.318349150987,1,4.85643560100985,558,1,10.4300003051758,35.2299995422363,0.0261659994721413,0,102.522399902344,-87.7243,26.4764,33.7749641596869,63,63,63,63,61,63,0,8045,1.29563008188212,26,-88,0.001869,51,2025-08-31 20:34:54.002195,558,1.037,0.0011,"aoml_navis",1029.56168078504
"7901009",81,0,1,0.026166,1,0.003738,1,106.314203327369,1,4.85638086340366,560,1,10.3990001678467,35.226001739502,0.0261659994721413,0,102.518402099609,-87.7243,26.4764,33.7749641596869,63,63,63,63,61,63,0,8045,1.29563008188212,26,-88,0.001869,51,2025-08-31 20:34:54.002195,560,1.037,0.0011,"aoml_navis",1029.57328525829
"7901009",81,0,1,0.026166,1,0.003738,1,106.342203460548,1,4.85633583729732,562,1,10.378999710083,35.2220001220703,0.0261659994721413,0,102.545402526855,-87.7243,26.4764,33.7749641596869,63,63,63,63,61,63,0,8045,1.29563008188212,26,-88,0.001869,51,2025-08-31 20:34:54.002195,562,1.037,0.0011,"aoml_navis",1029.5828310718
"7901009",81,0,1,0.028035,1,0.005607,1,106.304661603544,1,4.85627709947935,564,1,10.335000038147,35.2159996032715,0.0280349999666214,0,102.509201049805,-87.7243,26.4764,33.7749641596869,63,63,63,63,61,63,0,8045,1.29563008188212,26,-88,0.001869,51,2025-08-31 20:34:54.002195,564,1.037,0.0011,"aoml_navis",1029.5952841192
"7901009",81,0,1,0.028035,1,0.005607,1,106.272618501148,1,4.85619867568318,566,1,10.2600002288818,35.2080001831055,0.0280349999666214,0,102.478302001953,-87.7243,26.4764,33.7749641596869,63,63,63,63,61,63,0,8045,1.29563008188212,26,-88,0.001869,51,2025-08-31 20:34:54.002195,566,1.037,0.0011,"aoml_navis",1029.61191127474
"7901009",81,0,1,0.026166,1,0.003738,1,106.07278030848,1,4.85614852457743,568,1,10.2340002059937,35.2039985656738,0.0261659994721413,0,102.285598754883,-87.7243,26.4764,33.7749641596869,63,63,63,63,61,63,0,8045,1.29563008188212,26,-88,0.001869,51,2025-08-31 20:34:54.002195,568,1.037,0.0011,"aoml_navis",1029.62254442889
"7901009",81,0,1,0.029904,1,0.007476,1,105.949893032823,1,4.85609559414212,570,1,10.2089996337891,35.201000213623,0.0299040004611015,0,102.167098999023,-87.7243,26.4764,33.7749641596869,63,63,63,63,61,63,0,8045,1.29563008188212,26,-88,0.001869,51,2025-08-31 20:34:54.002195,570,1.037,0.0011,"aoml_navis",1029.63376710118
"7901009",81,0,1,0.031773,1,0.009345,1,105.9751952159,1,4.85604268836917,572,1,10.1840000152588,35.1980018615723,0.0317730009555817,0,102.191497802734,-87.7243,26.4764,33.7749641596869,63,63,63,63,61,63,0,8045,1.29563008188212,26,-88,0.001869,51,2025-08-31 20:34:54.002195,572,1.037,0.0011,"aoml_navis",1029.64498478887
"7901009",81,0,1,0.028035,1,0.005607,1,105.947922975417,1,4.85599553612132,574,1,10.173999786377,35.1969985961914,0.0280349999666214,0,102.165199279785,-87.7243,26.4764,33.7749641596869,63,63,63,63,61,63,0,8045,1.29563008188212,26,-88,0.001869,51,2025-08-31 20:34:54.002195,574,1.037,0.0011,"aoml_navis",1029.65498275431
"7901009",81,0,1,0.028035,1,0.005607,1,105.962132706751,1,4.855951852299,576,1,10.1680002212524,35.1959991455078,0.0280349999666214,0,102.178901672363,-87.7243,26.4764,33.7749641596869,63,63,63,63,61,63,0,8045,1.29563008188212,26,-88,0.001869,51,2025-08-31 20:34:54.002195,576,1.037,0.0011,"aoml_navis",1029.66424546257
"7901009",81,0,1,0.026166,1,0.003738,1,105.957567553644,1,4.8559107785702,578,1,10.164999961853,35.1949996948242,0.0261659994721413,0,102.174499511719,-87.7243,26.4764,33.7749641596869,63,63,63,63,61,63,0,8045,1.29563008188212,26,-88,0.001869,51,2025-08-31 20:34:54.002195,578,1.037,0.0011,"aoml_navis",1029.67295487917
"7901009",81,0,1,0.026166,1,0.003738,1,106.003298203483,1,4.85586486022605,580,1,10.1479997634888,35.1920013427734,0.0261659994721413,0,102.218597412109,-87.7243,26.4764,33.7749641596869,63,63,63,63,61,63,0,8045,1.29563008188212,26,-88,0.001869,51,2025-08-31 20:34:54.002195,580,1.037,0.0011,"aoml_navis",1029.68269173933
"7901009",81,0,1,0.029904,1,0.007476,1,106.107007088964,1,4.85579372261323,582,1,10.085000038147,35.185001373291,0.0299040004611015,0,102.318603515625,-87.7243,26.4764,33.7749641596869,63,63,63,63,61,63,0,8045,1.29563008188212,26,-88,0.001869,51,2025-08-31 20:34:54.002195,582,1.037,0.0011,"aoml_navis",1029.69777664055
"7901009",81,0,1,0.026166,1,0.003738,1,106.155435688906,1,4.85573270697222,584,1,10.0419998168945,35.1800003051758,0.0261659994721413,0,102.365303039551,-87.7243,26.4764,33.7749641596869,63,63,63,63,61,63,0,8045,1.29563008188212,26,-88,0.001869,51,2025-08-31 20:34:54.002195,584,1.037,0.0011,"aoml_navis",1029.71071550554
"7901009",81,0,1,0.029904,1,0.007476,1,106.134382183851,1,4.85568925099641,586,1,10.0319995880127,35.1780014038086,0.0299040004611015,0,102.345001220703,-87.7243,26.4764,33.7749641596869,63,63,63,63,61,63,0,8045,1.29563008188212,26,-88,0.001869,51,2025-08-31 20:34:54.002195,586,1.037,0.0011,"aoml_navis",1029.71993089837
"7901009",81,0,1,0.031773,1,0.009345,1,106.154502087404,1,4.85563069987208,588,1,9.99600028991699,35.173999786377,0.0317730009555817,0,102.364402770996,-87.7243,26.4764,33.7749641596869,63,63,63,63,61,63,0,8045,1.29563008188212,26,-88,0.001869,51,2025-08-31 20:34:54.002195,588,1.037,0.0011,"aoml_navis",1029.73234767045
"7901009",81,0,1,0.028035,1,0.005607,1,106.160206550818,1,4.85558253432453,590,1,9.97200012207031,35.1699981689453,0.0280349999666214,0,102.369903564453,-87.7243,26.4764,33.7749641596869,63,63,63,63,61,63,0,8045,1.29563008188212,26,-88,0.001869,51,2025-08-31 20:34:54.002195,590,1.037,0.0011,"aoml_navis",1029.742562227
"7901009",81,0,1,0.031773,1,0.009345,1,106.337638307442,1,4.85553115738366,592,1,9.9399995803833,35.1650009155273,0.0317730009555817,0,102.541000366211,-87.7243,26.4764,33.7749641596869,63,63,63,63,61,63,0,8045,1.29563008188212,26,-88,0.001869,51,2025-08-31 20:34:54.002195,592,1.037,0.0011,"aoml_navis",1029.75345805302
"7901009",81,0,1,0.028035,1,0.005607,1,106.757529538858,1,4.85546376173888,594,1,9.88500022888184,35.1590003967285,0.0280349999666214,0,102.945899963379,-87.7243,26.4764,33.7749641596869,63,63,63,63,61,63,0,8045,1.29563008188212,26,-88,0.001869,51,2025-08-31 20:34:54.002195,594,1.037,0.0011,"aoml_navis",1029.76775141441
"7901009",81,0,1,0.026166,1,0.003738,1,106.8729480025,1,4.85541874540639,596,1,9.85599994659424,35.1529998779297,0.0261659994721413,0,103.057197570801,-87.7243,26.4764,33.7749641596869,63,63,63,63,61,63,0,8045,1.29563008188212,26,-88,0.001869,51,2025-08-31 20:34:54.002195,596,1.037,0.0011,"aoml_navis",1029.77729876139
"7901009",81,0,1,0.028035,1,0.005607,1,106.901153844485,1,4.85535837745947,598,1,9.80900001525879,35.1469993591309,0.0280349999666214,0,103.084396362305,-87.7243,26.4764,33.7749641596869,63,63,63,63,61,63,0,8045,1.29563008188212,26,-88,0.001869,51,2025-08-31 20:34:54.002195,598,1.037,0.0011,"aoml_navis",1029.79010225322
"7901009",81,0,1,0.029904,1,0.007476,1,107.347803044371,1,4.85529273423587,600,1,9.76000022888184,35.1419982910156,0.0299040004611015,0,103.515098571777,-87.7243,26.4764,33.7749641596869,63,63,63,63,61,63,0,8045,1.29563008188212,26,-88,0.001869,51,2025-08-31 20:34:54.002195,600,1.037,0.0011,"aoml_navis",1029.80402494452
"7901009",81,0,1,0.029904,1,0.007476,1,107.484275013068,1,4.85524104542971,602,1,9.72299957275391,35.1360015869141,0.0299040004611015,0,103.646697998047,-87.7243,26.4764,33.7749641596869,63,63,63,63,61,63,0,8045,1.29563008188212,26,-88,0.001869,51,2025-08-31 20:34:54.002195,602,1.037,0.0011,"aoml_navis",1029.81498821908
"7901009",81,0,1,0.026166,1,0.003738,1,107.583624454249,1,4.8551863442226,604,1,9.69099998474121,35.1319999694824,0.0261659994721413,0,103.742500305176,-87.7243,26.4764,33.7749641596869,63,63,63,63,61,63,0,8045,1.29563008188212,26,-88,0.001869,51,2025-08-31 20:34:54.002195,604,1.037,0.0011,"aoml_navis",1029.82659068271
"7901009",81,0,1,0.026166,1,0.003738,1,107.581654396842,1,4.85513365239655,606,1,9.6569995880127,35.1269989013672,0.0261659994721413,0,103.740600585938,-87.7243,26.4764,33.7749641596869,63,63,63,63,61,63,0,8045,1.29563008188212,26,-88,0.001869,51,2025-08-31 20:34:54.002195,606,1.037,0.0011,"aoml_navis",1029.83776719142
"7901009",81,0,1,0.028035,1,0.005607,1,107.318252183273,1,4.85507535697228,608,1,9.625,35.1240005493164,0.0280349999666214,0,103.486602783203,-87.7243,26.4764,33.7749641596869,63,63,63,63,61,63,0,8045,1.29563008188212,26,-88,0.001869,51,2025-08-31 20:34:54.002195,608,1.037,0.0011,"aoml_navis",1029.85013256686
"7901009",81,0,1,0.028035,1,0.005607,1,106.800253675386,1,4.85502922041573,610,1,9.61600017547607,35.1230010986328,0.0280349999666214,0,102.987098693848,-87.7243,26.4764,33.7749641596869,63,63,63,63,61,63,0,8045,1.29563008188212,26,-88,0.001869,51,2025-08-31 20:34:54.002195,610,1.037,0.0011,"aoml_navis",1029.85991906592
"7901009",81,0,1,0.028035,1,0.005607,1,106.328927330716,1,4.85497914103844,612,1,9.61100006103516,35.1240005493164,0.0280349999666214,0,102.532600402832,-87.7243,26.4764,33.7749641596869,63,63,63,63,61,63,0,8045,1.29563008188212,26,-88,0.001869,51,2025-08-31 20:34:54.002195,612,1.037,0.0011,"aoml_navis",1029.87054212771
"7901009",81,0,1,0.029904,1,0.007476,1,106.123701149719,1,4.85492145731453,614,1,9.58399963378906,35.1220016479492,0.0299040004611015,0,102.334701538086,-87.7243,26.4764,33.7749641596869,63,63,63,63,61,63,0,8045,1.29563008188212,26,-88,0.001869,51,2025-08-31 20:34:54.002195,614,1.037,0.0011,"aoml_navis",1029.88277852918
"7901009",81,0,1,0.028035,1,0.005607,1,106.134073620642,1,4.85486719190722,616,1,9.56099987030029,35.1199989318848,0.0280349999666214,0,102.344703674316,-87.7243,26.4764,33.7749641596869,63,63,63,63,61,63,0,8045,1.29563008188212,26,-88,0.001869,51,2025-08-31 20:34:54.002195,616,1.037,0.0011,"aoml_navis",1029.89429007135
"7901009",81,0,1,0.029904,1,0.007476,1,106.118827433404,1,4.85482191961271,618,1,9.55300045013428,35.1189994812012,0.0299040004611015,0,102.330001831055,-87.7243,26.4764,33.7749641596869,63,63,63,63,61,63,0,8045,1.29563008188212,26,-88,0.001869,51,2025-08-31 20:34:54.002195,618,1.037,0.0011,"aoml_navis",1029.90389406474
"7901009",81,0,1,0.026166,1,0.003738,1,106.125251877637,1,4.85477749238669,620,1,9.54599952697754,35.1180000305176,0.0261659994721413,0,102.336196899414,-87.7243,26.4764,33.7749641596869,63,63,63,63,61,63,0,8045,1.29563008188212,26,-88,0.001869,51,2025-08-31 20:34:54.002195,620,1.037,0.0011,"aoml_navis",1029.91331896077
"7901009",81,0,1,0.031773,1,0.009345,1,106.169740362766,1,4.85473391213444,622,1,9.53999996185303,35.117000579834,0.0317730009555817,0,102.379096984863,-87.7243,26.4764,33.7749641596869,63,63,63,63,61,63,0,8045,1.29563008188212,26,-88,0.001869,51,2025-08-31 20:34:54.002195,622,1.037,0.0011,"aoml_navis",1029.92256434538
"7901009",81,0,1,0.031773,1,0.009345,1,106.264943980328,1,4.85469568542152,624,1,9.53600025177002,35.1150016784668,0.0317730009555817,0,102.470901489258,-87.7243,26.4764,33.7749641596869,63,63,63,63,61,63,0,8045,1.29563008188212,26,-88,0.001869,51,2025-08-31 20:34:54.002195,624,1.037,0.0011,"aoml_navis",1029.93067413367
"7901009",81,0,1,0.028035,1,0.005607,1,106.511232803654,1,4.85464512106795,626,1,9.51299953460693,35.1119995117188,0.0280349999666214,0,102.708396911621,-87.7243,26.4764,33.7749641596869,63,63,63,63,61,63,0,8045,1.29563008188212,26,-88,0.001869,51,2025-08-31 20:34:54.002195,626,1.037,0.0011,"aoml_navis",1029.94140154576
"7901009",81,0,1,0.026166,1,0.003738,1,106.727250785064,1,4.85458760666213,628,1,9.47299957275391,35.1069984436035,0.0261659994721413,0,102.916702270508,-87.7243,26.4764,33.7749641596869,63,63,63,63,61,63,0,8045,1.29563008188212,26,-88,0.001869,51,2025-08-31 20:34:54.002195,628,1.037,0.0011,"aoml_navis",1029.95360370844
"7901009",81,0,1,0.029904,1,0.007476,1,107.0112871742,1,4.85452039111779,630,1,9.41699981689453,35.101001739502,0.0299040004611015,0,103.19059753418,-87.7243,26.4764,33.7749641596869,63,63,63,63,61,63,0,8045,1.29563008188212,26,-88,0.001869,51,2025-08-31 20:34:54.002195,630,1.037,0.0011,"aoml_navis",1029.96786441528
"7901009",81,0,1,0.028035,1,0.005607,1,107.216932684686,1,4.85446973174403,632,1,9.38500022888184,35.0960006713867,0.0280349999666214,0,103.388900756836,-87.7243,26.4764,33.7749641596869,63,63,63,63,61,63,0,8045,1.29563008188212,26,-88,0.001869,51,2025-08-31 20:34:54.002195,632,1.037,0.0011,"aoml_navis",1029.97861276265
"7901009",81,0,1,0.026166,1,0.003738,1,107.370304422942,1,4.85442766575673,634,1,9.37199974060059,35.0929985046387,0.0261659994721413,0,103.536796569824,-87.7243,26.4764,33.7749641596869,63,63,63,63,61,63,0,8045,1.29563008188212,26,-88,0.001869,51,2025-08-31 20:34:54.002195,634,1.037,0.0011,"aoml_navis",1029.98753803052
"7901009",81,0,1,0.026166,1,0.003738,1,107.726006595165,1,4.85435436180534,636,1,9.30399990081787,35.0859985351562,0.0261659994721413,0,103.87979888916,-87.7243,26.4764,33.7749641596869,63,63,63,63,61,63,0,8045,1.29563008188212,26,-88,0.001869,51,2025-08-31 20:34:54.002195,636,1.037,0.0011,"aoml_navis",1030.00309152142
"7901009",81,0,1,0.029904,1,0.007476,1,107.962453043336,1,4.85428790531522,638,1,9.24400043487549,35.0789985656738,0.0299040004611015,0,104.107803344727,-87.7243,26.4764,33.7749641596869,63,63,63,63,61,63,0,8045,1.29563008188212,26,-88,0.001869,51,2025-08-31 20:34:54.002195,638,1.037,0.0011,"aoml_navis",1030.01719253719
"7901009",81,0,1,0.026166,1,0.003738,1,108.117177712583,1,4.85424305511255,640,1,9.23200035095215,35.0769996643066,0.0261659994721413,0,104.25700378418,-87.7243,26.4764,33.7749641596869,63,63,63,63,61,63,0,8045,1.29563008188212,26,-88,0.001869,51,2025-08-31 20:34:54.002195,640,1.037,0.0011,"aoml_navis",1030.02670925881
"7901009",81,0,1,0.026166,1,0.003738,1,108.22429661711,1,4.85419572049317,642,1,9.21700000762939,35.0750007629395,0.0261659994721413,0,104.360298156738,-87.7243,26.4764,33.7749641596869,63,63,63,63,61,63,0,8045,1.29563008188212,26,-88,0.001869,51,2025-08-31 20:34:54.002195,642,1.037,0.0011,"aoml_navis",1030.03675333718
"7901009",81,0,1,0.029904,1,0.007476,1,108.357247800482,1,4.85415373352789,644,1,9.20400047302246,35.0719985961914,0.0299040004611015,0,104.488502502441,-87.7243,26.4764,33.7749641596869,63,63,63,63,61,63,0,8045,1.29563008188212,26,-88,0.001869,51,2025-08-31 20:34:54.002195,644,1.037,0.0011,"aoml_navis",1030.04566284433
"7901009",81,0,1,0.029904,1,0.007476,1,108.577095130424,1,4.8540942295776,646,1,9.16100025177002,35.0670013427734,0.0299040004611015,0,104.700500488281,-87.7243,26.4764,33.7749641596869,63,63,63,63,61,63,0,8045,1.29563008188212,26,-88,0.001869,51,2025-08-31 20:34:54.002195,646,1.037,0.0011,"aoml_navis",1030.05828966676
"7901009",81,0,1,0.029904,1,0.007476,1,108.814886597708,1,4.8540273014748,648,1,9.10000038146973,35.060001373291,0.0299040004611015,0,104.929801940918,-87.7243,26.4764,33.7749641596869,63,63,63,63,61,63,0,8045,1.29563008188212,26,-88,0.001869,51,2025-08-31 20:34:54.002195,648,1.037,0.0011,"aoml_navis",1030.07249227479
"7901009",81,0,1,0.026166,1,0.003738,1,108.953020060603,1,4.85396673321385,650,1,9.05099964141846,35.0540008544922,0.0261659994721413,0,105.063003540039,-87.7243,26.4764,33.7749641596869,63,63,63,63,61,63,0,8045,1.29563008188212,26,-88,0.001869,51,2025-08-31 20:34:54.002195,650,1.037,0.0011,"aoml_navis",1030.08534561782
"7901009",81,0,1,0.026166,1,0.003738,1,109.14289719996,1,4.85390096040946,652,1,9,35.048999786377,0.0261659994721413,0,105.246101379395,-87.7243,26.4764,33.7749641596869,63,63,63,63,61,63,0,8045,1.29563008188212,26,-88,0.001869,51,2025-08-31 20:34:54.002195,652,1.037,0.0011,"aoml_navis",1030.09930379342
"7901009",81,0,1,0.028035,1,0.005607,1,109.261638651998,1,4.85384390293126,654,1,8.96399974822998,35.0449981689453,0.0280349999666214,0,105.36060333252,-87.7243,26.4764,33.7749641596869,63,63,63,63,61,63,0,8045,1.29563008188212,26,-88,0.001869,51,2025-08-31 20:34:54.002195,654,1.037,0.0011,"aoml_navis",1030.111412726
"7901009",81,0,1,0.031773,1,0.009345,1,109.305810662041,1,4.85379099114076,656,1,8.94200038909912,35.0429992675781,0.0317730009555817,0,105.403198242188,-87.7243,26.4764,33.7749641596869,63,63,63,63,61,63,0,8045,1.29563008188212,26,-88,0.001869,51,2025-08-31 20:34:54.002195,656,1.037,0.0011,"aoml_navis",1030.12264210101
"7901009",81,0,1,0.028035,1,0.005607,1,109.393956885199,1,4.85374503222939,658,1,8.92399978637695,35.0400009155273,0.0280349999666214,0,105.48819732666,-87.7243,26.4764,33.7749641596869,63,63,63,63,61,63,0,8045,1.29563008188212,26,-88,0.001869,51,2025-08-31 20:34:54.002195,658,1.037,0.0011,"aoml_navis",1030.13239607756
"7901009",81,0,1,0.033642,1,0.011214,1,109.567456438886,1,4.85369134554927,660,1,8.89200019836426,35.0359992980957,0.0336420014500618,0,105.655502319336,-87.7243,26.4764,33.7749641596869,63,63,63,63,61,63,0,8045,1.29563008188212,26,-88,0.001869,51,2025-08-31 20:34:54.002195,660,1.037,0.0011,"aoml_navis",1030.14379037202
"7901009",81,0,1,0.028035,1,0.005607,1,109.770506853671,1,4.8536210281245,662,1,8.83500003814697,35.0309982299805,0.0280349999666214,0,105.851303100586,-87.7243,26.4764,33.7749641596869,63,63,63,63,61,63,0,8045,1.29563008188212,26,-88,0.001869,51,2025-08-31 20:34:54.002195,662,1.037,0.0011,"aoml_navis",1030.15871470543
"7901009",81,0,1,0.028035,1,0.005607,1,109.850978556009,1,4.85357634870911,664,1,8.82299995422363,35.0289993286133,0.0280349999666214,0,105.928901672363,-87.7243,26.4764,33.7749641596869,63,63,63,63,61,63,0,8045,1.29563008188212,26,-88,0.001869,51,2025-08-31 20:34:54.002195,664,1.037,0.0011,"aoml_navis",1030.16819779292
"7901009",81,0,1,0.029904,1,0.007476,1,110.008084700273,1,4.85351872295099,666,1,8.78600025177002,35.0250015258789,0.0299040004611015,0,106.08039855957,-87.7243,26.4764,33.7749641596869,63,63,63,63,61,63,0,8045,1.29563008188212,26,-88,0.001869,51,2025-08-31 20:34:54.002195,666,1.037,0.0011,"aoml_navis",1030.18042896514
"7901009",81,0,1,0.028035,1,0.005607,1,110.190184464405,1,4.8534595481836,668,1,8.74699974060059,35.0209999084473,0.0280349999666214,0,106.255996704102,-87.7243,26.4764,33.7749641596869,63,63,63,63,61,63,0,8045,1.29563008188212,26,-88,0.001869,51,2025-08-31 20:34:54.002195,668,1.037,0.0011,"aoml_navis",1030.19298921967
"7901009",81,0,1,0.026166,1,0.003738,1,110.261739481212,1,4.85340689872161,670,1,8.71599960327148,35.0169982910156,0.0261659994721413,0,106.324996948242,-87.7243,26.4764,33.7749641596869,63,63,63,63,61,63,0,8045,1.29563008188212,26,-88,0.001869,51,2025-08-31 20:34:54.002195,670,1.037,0.0011,"aoml_navis",1030.20416469038
"7901009",81,0,1,0.028035,1,0.005607,1,110.269833331521,1,4.85336263804029,672,1,8.70899963378906,35.015998840332,0.0280349999666214,0,106.332801818848,-87.7243,26.4764,33.7749641596869,63,63,63,63,61,63,0,8045,1.29563008188212,26,-88,0.001869,51,2025-08-31 20:34:54.002195,672,1.037,0.0011,"aoml_navis",1030.21355973081
"7901009",81,0,1,0.028035,1,0.005607,1,110.278338599441,1,4.85331881922241,674,1,8.69799995422363,35.0139999389648,0.0280349999666214,0,106.341003417969,-87.7243,26.4764,33.7749641596869,63,63,63,63,61,63,0,8045,1.29563008188212,26,-88,0.001869,51,2025-08-31 20:34:54.002195,674,1.037,0.0011,"aoml_navis",1030.22286114743
"7901009",81,0,1,0.031773,1,0.009345,1,110.398939342605,1,4.85325528991043,676,1,8.65799999237061,35.0110015869141,0.0317730009555817,0,106.457298278809,-87.7243,26.4764,33.7749641596869,63,63,63,63,61,63,0,8045,1.29563008188212,26,-88,0.001869,51,2025-08-31 20:34:54.002195,676,1.037,0.0011,"aoml_navis",1030.23634680719
"7901009",81,0,1,0.028035,1,0.005607,1,110.574306099296,1,4.8532011389126,678,1,8.625,35.0069999694824,0.0280349999666214,0,106.626403808594,-87.7243,26.4764,33.7749641596869,63,63,63,63,61,63,0,8045,1.29563008188212,26,-88,0.001869,51,2025-08-31 20:34:54.002195,678,1.037,0.0011,"aoml_navis",1030.24784196772
"7901009",81,0,1,0.029904,1,0.007476,1,110.83023950085,1,4.85314301863278,680,1,8.58699989318848,35.0029983520508,0.0299040004611015,0,106.873199462891,-87.7243,26.4764,33.7749641596869,63,63,63,63,61,63,0,8045,1.29563008188212,26,-88,0.001869,51,2025-08-31 20:34:54.002195,680,1.037,0.0011,"aoml_navis",1030.26018001188
"7901009",81,0,1,0.029904,1,0.007476,1,111.130566445007,1,4.85306748036601,682,1,8.51799964904785,34.9970016479492,0.0299040004611015,0,107.162803649902,-87.7243,26.4764,33.7749641596869,63,63,63,63,61,63,0,8045,1.29563008188212,26,-88,0.001869,51,2025-08-31 20:34:54.002195,682,1.037,0.0011,"aoml_navis",1030.2762160692
"7901009",81,0,1,0.029904,1,0.007476,1,111.268589141622,1,4.8530052284166,684,1,8.47000026702881,34.992000579834,0.0299040004611015,0,107.2958984375,-87.7243,26.4764,33.7749641596869,63,63,63,63,61,63,0,8045,1.29563008188212,26,-88,0.001869,51,2025-08-31 20:34:54.002195,684,1.037,0.0011,"aoml_navis",1030.28943194264
"7901009",81,0,1,0.026166,1,0.003738,1,111.354662452971,1,4.85295543734586,686,1,8.45600032806396,34.9910011291504,0.0261659994721413,0,107.378898620605,-87.7243,26.4764,33.7749641596869,63,63,63,63,61,63,0,8045,1.29563008188212,26,-88,0.001869,51,2025-08-31 20:34:54.002195,686,1.037,0.0011,"aoml_navis",1030.3000026587
"7901009",81,0,1,0.031773,1,0.009345,1,111.505858425015,1,4.85290456123603,688,1,8.43599987030029,34.9889984130859,0.0317730009555817,0,107.524696350098,-87.7243,26.4764,33.7749641596869,63,63,63,63,61,63,0,8045,1.29563008188212,26,-88,0.001869,51,2025-08-31 20:34:54.002195,688,1.037,0.0011,"aoml_navis",1030.31080395418
"7901009",81,0,1,0.033642,1,0.011214,1,111.747281443904,1,4.85285258734885,690,1,8.40999984741211,34.9860000610352,0.0336420014500618,0,107.757499694824,-87.7243,26.4764,33.7749641596869,63,63,63,63,61,63,0,8045,1.29563008188212,26,-88,0.001869,51,2025-08-31 20:34:54.002195,690,1.037,0.0011,"aoml_navis",1030.32183854806
"7901009",81,0,4,0.026166,1,0.003738,1,111.995445382112,1,4.85279667149087,692,1,8.37899971008301,34.9830017089844,0.0261659994721413,0,107.996803283691,-87.7243,26.4764,33.7749641596869,63,63,63,63,61,63,0,8045,1.29563008188212,26,-88,0.001869,51,2025-08-31 20:34:54.002195,692,1.037,0.0011,"aoml_navis",1030.33371032706
"7901009",81,0,1,0.031773,1,0.009345,1,112.237896945028,1,4.85273893547015,694,1,8.34099960327148,34.9790000915527,0.0317730009555817,0,108.230598449707,-87.7243,26.4764,33.7749641596869,63,63,63,63,61,63,0,8045,1.29563008188212,26,-88,0.001869,51,2025-08-31 20:34:54.002195,694,1.037,0.0011,"aoml_navis",1030.34596884112
"7901009",81,0,1,0.026166,1,0.003738,1,112.505452894093,1,4.85266361458897,696,1,8.27600002288818,34.9739990234375,0.0261659994721413,0,108.48860168457,-87.7243,26.4764,33.7749641596869,63,63,63,63,61,63,0,8045,1.29563008188212,26,-88,0.001869,51,2025-08-31 20:34:54.002195,696,1.037,0.0011,"aoml_navis",1030.36196141189
"7901009",81,0,1,0.029904,1,0.007476,1,112.601685055683,1,4.85261259578228,698,1,8.25100040435791,34.9710006713867,0.0299040004611015,0,108.581398010254,-87.7243,26.4764,33.7749641596869,63,63,63,63,61,63,0,8045,1.29563008188212,26,-88,0.001869,51,2025-08-31 20:34:54.002195,698,1.037,0.0011,"aoml_navis",1030.37279430586
"7901009",81,0,4,0.024297,1,0.001869,1,112.737120568475,1,4.85256370105593,700,1,8.23799991607666,34.9700012207031,0.0242970008403063,0,108.71199798584,-87.7243,26.4764,33.7749641596869,63,63,63,63,61,63,0,8045,1.29563008188212,26,-88,0.001869,51,2025-08-31 20:34:54.002195,700,1.037,0.0011,"aoml_navis",1030.38317640467
"7901009",81,0,1,0.029904,1,0.007476,1,112.910097938271,1,4.85251351784387,702,1,8.21399974822998,34.9669990539551,0.0299040004611015,0,108.878799438477,-87.7243,26.4764,33.7749641596869,63,63,63,63,61,63,0,8045,1.29563008188212,26,-88,0.001869,51,2025-08-31 20:34:54.002195,702,1.037,0.0011,"aoml_navis",1030.39383231263
"7901009",81,0,1,0.031773,1,0.009345,1,113.209380514646,1,4.85244215563975,704,1,8.16300010681152,34.9640007019043,0.0317730009555817,0,109.16739654541,-87.7243,26.4764,33.7749641596869,63,63,63,63,61,63,0,8045,1.29563008188212,26,-88,0.001869,51,2025-08-31 20:34:54.002195,704,1.037,0.0011,"aoml_navis",1030.40898574932
"7901009",81,0,1,0.028035,1,0.005607,1,113.350006218839,1,4.85239987716693,706,1,8.14900016784668,34.9609985351562,0.0280349999666214,0,109.303001403809,-87.7243,26.4764,33.7749641596869,63,63,63,63,61,63,0,8045,1.29563008188212,26,-88,0.001869,51,2025-08-31 20:34:54.002195,706,1.037,0.0011,"aoml_navis",1030.41796359933
"7901009",81,0,1,0.033642,1,0.011214,1,113.628757474049,1,4.85234115854549,708,1,8.11400032043457,34.9580001831055,0.0336420014500618,0,109.571800231934,-87.7243,26.4764,33.7749641596869,63,63,63,63,61,63,0,8045,1.29563008188212,26,-88,0.001869,51,2025-08-31 20:34:54.002195,708,1.037,0.0011,"aoml_navis",1030.43043278078
"7901009",81,0,1,0.031773,1,0.009345,1,113.868313289934,1,4.85227390685626,710,1,8.06799983978271,34.9550018310547,0.0317730009555817,0,109.802803039551,-87.7243,26.4764,33.7749641596869,63,63,63,63,61,63,0,8045,1.29563008188212,26,-88,0.001869,51,2025-08-31 20:34:54.002195,710,1.037,0.0011,"aoml_navis",1030.44471437093
"7901009",81,0,1,0.031773,1,0.009345,1,114.036409031539,1,4.85222588965333,712,1,8.05599975585938,34.9539985656738,0.0317730009555817,0,109.964897155762,-87.7243,26.4764,33.7749641596869,63,63,63,63,61,63,0,8045,1.29563008188212,26,-88,0.001869,51,2025-08-31 20:34:54.002195,712,1.037,0.0011,"aoml_navis",1030.45491156168
"7901009",81,0,1,0.028035,1,0.005607,1,114.238217281614,1,4.85216829863419,714,1,8.02700042724609,34.9519996643066,0.0280349999666214,0,110.15950012207,-87.7243,26.4764,33.7749641596869,63,63,63,63,61,63,0,8045,1.29563008188212,26,-88,0.001869,51,2025-08-31 20:34:54.002195,714,1.037,0.0011,"aoml_navis",1030.46714216558
"7901009",81,0,1,0.029904,1,0.007476,1,114.405490187996,1,4.85212551361547,716,1,8.01700019836426,34.9500007629395,0.0299040004611015,0,110.32080078125,-87.7243,26.4764,33.7749641596869,63,63,63,63,61,63,0,8045,1.29563008188212,26,-88,0.001869,51,2025-08-31 20:34:54.002195,716,1.037,0.0011,"aoml_navis",1030.47622860736
"7901009",81,0,1,0.028035,1,0.005607,1,114.696481117134,1,4.85207750383526,718,1,8.00500011444092,34.9490013122559,0.0280349999666214,0,110.601402282715,-87.7243,26.4764,33.7749641596869,63,63,63,63,61,63,0,8045,1.29563008188212,26,-88,0.001869,51,2025-08-31 20:34:54.002195,718,1.037,0.0011,"aoml_navis",1030.4864248454
"7901009",81,0,1,0.031773,1,0.009345,1,115.169049626514,1,4.85201801523513,720,1,7.96400022506714,34.9449996948242,0.0317730009555817,0,111.057098388672,-87.7243,26.4764,33.7749641596869,63,63,63,63,61,63,0,8045,1.29563008188212,26,-88,0.001869,51,2025-08-31 20:34:54.002195,720,1.037,0.0011,"aoml_navis",1030.49905921623
"7901009",81,0,1,0.031773,1,0.009345,1,115.61186156599,1,4.85196090526145,722,1,7.92600011825562,34.9410018920898,0.0317730009555817,0,111.484100341797,-87.7243,26.4764,33.7749641596869,63,63,63,63,61,63,0,8045,1.29563008188212,26,-88,0.001869,51,2025-08-31 20:34:54.002195,722,1.037,0.0011,"aoml_navis",1030.51118869858
"7901009",81,0,1,0.031773,1,0.009345,1,116.005722721634,1,4.85190637635956,724,1,7.89599990844727,34.9379997253418,0.0317730009555817,0,111.863899230957,-87.7243,26.4764,33.7749641596869,63,63,63,63,61,63,0,8045,1.29563008188212,26,-88,0.001869,51,2025-08-31 20:34:54.002195,724,1.037,0.0011,"aoml_navis",1030.52277025831
"7901009",81,0,1,0.031773,1,0.009345,1,116.420740236735,1,4.85185418439291,726,1,7.86899995803833,34.935001373291,0.0317730009555817,0,112.264099121094,-87.7243,26.4764,33.7749641596869,63,63,63,63,61,63,0,8045,1.29563008188212,26,-88,0.001869,51,2025-08-31 20:34:54.002195,726,1.037,0.0011,"aoml_navis",1030.53385571307
"7901009",81,0,1,0.028035,1,0.005607,1,116.936555066534,1,4.85179475300555,728,1,7.82299995422363,34.9300003051758,0.0280349999666214,0,112.761497497559,-87.7243,26.4764,33.7749641596869,63,63,63,63,61,63,0,8045,1.29563008188212,26,-88,0.001869,51,2025-08-31 20:34:54.002195,728,1.037,0.0011,"aoml_navis",1030.5464790947
"7901009",81,0,1,0.028035,1,0.005607,1,117.401868384581,1,4.85173097064428,730,1,7.77600002288818,34.9259986877441,0.0280349999666214,0,113.21019744873,-87.7243,26.4764,33.7749641596869,63,63,63,63,61,63,0,8045,1.29563008188212,26,-88,0.001869,51,2025-08-31 20:34:54.002195,730,1.037,0.0011,"aoml_navis",1030.56002697858
"7901009",81,0,1,0.029904,1,0.007476,1,117.805896302342,1,4.85166282873948,732,1,7.72800016403198,34.9230003356934,0.0299040004611015,0,113.599800109863,-87.7243,26.4764,33.7749641596869,63,63,63,63,61,63,0,8045,1.29563008188212,26,-88,0.001869,51,2025-08-31 20:34:54.002195,732,1.037,0.0011,"aoml_navis",1030.57450125797
"7901009",81,0,1,0.028035,1,0.005607,1,118.142309318111,1,4.85159250998659,734,1,7.67700004577637,34.9199981689453,0.0280349999666214,0,113.924201965332,-87.7243,26.4764,33.7749641596869,63,63,63,63,61,63,0,8045,1.29563008188212,26,-88,0.001869,51,2025-08-31 20:34:54.002195,734,1.037,0.0011,"aoml_navis",1030.58943835615
"7901009",81,0,1,0.031773,1,0.009345,1,118.339235939994,1,4.85154907847545,736,1,7.66599988937378,34.9179992675781,0.0317730009555817,0,114.114097595215,-87.7243,26.4764,33.7749641596869,63,63,63,63,61,63,0,8045,1.29563008188212,26,-88,0.001869,51,2025-08-31 20:34:54.002195,736,1.037,0.0011,"aoml_navis",1030.59866428708
"7901009",81,0,1,0.028035,1,0.005607,1,118.513977658391,1,4.85150107911629,738,1,7.64900016784668,34.9160003662109,0.0280349999666214,0,114.282600402832,-87.7243,26.4764,33.7749641596869,63,63,63,63,61,63,0,8045,1.29563008188212,26,-88,0.001869,51,2025-08-31 20:34:54.002195,738,1.037,0.0011,"aoml_navis",1030.60886073445
"7901009",81,0,1,0.031773,1,0.009345,1,118.714330123074,1,4.85144713096024,740,1,7.62900018692017,34.9150009155273,0.0317730009555817,0,114.475799560547,-87.7243,26.4764,33.7749641596869,63,63,63,63,61,63,0,8045,1.29563008188212,26,-88,0.001869,51,2025-08-31 20:34:54.002195,740,1.037,0.0011,"aoml_navis",1030.62032111857
"7901009",81,0,1,0.031773,1,0.009345,1,118.890108297376,1,4.85140208327311,742,1,7.61100006103516,34.9119987487793,0.0317730009555817,0,114.645301818848,-87.7243,26.4764,33.7749641596869,63,63,63,63,61,63,0,8045,1.29563008188212,26,-88,0.001869,51,2025-08-31 20:34:54.002195,742,1.037,0.0011,"aoml_navis",1030.62989094209
"7901009",81,0,1,0.026166,1,0.003738,1,119.0310346529,1,4.85134348575398,744,1,7.57999992370605,34.9099998474121,0.0261659994721413,0,114.781196594238,-87.7243,26.4764,33.7749641596869,63,63,63,63,61,63,0,8045,1.29563008188212,26,-88,0.001869,51,2025-08-31 20:34:54.002195,744,1.037,0.0011,"aoml_navis",1030.64233952565
"7901009",81,0,1,0.029904,1,0.007476,1,119.029278216176,1,4.85128113884928,746,1,7.54400014877319,34.9080009460449,0.0299040004611015,0,114.779502868652,-87.7243,26.4764,33.7749641596869,63,63,63,63,61,63,0,8045,1.29563008188212,26,-88,0.001869,51,2025-08-31 20:34:54.002195,746,1.037,0.0011,"aoml_navis",1030.65558496698
"7901009",81,0,1,0.028035,1,0.005607,1,118.942991284144,1,4.85121926899736,748,1,7.52799987792969,34.9099998474121,0.0280349999666214,0,114.696296691895,-87.7243,26.4764,33.7749641596869,63,63,63,63,61,63,0,8045,1.29563008188212,26,-88,0.001869,51,2025-08-31 20:34:54.002195,748,1.037,0.0011,"aoml_navis",1030.66872939623
"7901009",81,0,1,0.029904,1,0.007476,1,119.190633038461,1,4.85116865015194,750,1,7.52199983596802,34.9109992980957,0.0299040004611015,0,114.935096740723,-87.7243,26.4764,33.7749641596869,63,63,63,63,61,63,0,8045,1.29563008188212,26,-88,0.001869,51,2025-08-31 20:34:54.002195,750,1.037,0.0011,"aoml_navis",1030.67948376592
"7901009",81,0,1,0.024297,1,0.001869,1,119.573196033556,1,4.85111696001346,752,1,7.5,34.9090003967285,0.0242970008403063,0,115.304000854492,-87.7243,26.4764,33.7749641596869,63,63,63,63,61,63,0,8045,1.29563008188212,26,-88,0.001869,51,2025-08-31 20:34:54.002195,752,1.037,0.0011,"aoml_navis",1030.6904659718
"7901009",81,0,1,0.028035,1,0.005607,1,120.071794618709,1,4.85106689853211,754,1,7.4850001335144,34.9080009460449,0.0280349999666214,0,115.784797668457,-87.7243,26.4764,33.7749641596869,63,63,63,63,61,63,0,8045,1.29563008188212,26,-88,0.001869,51,2025-08-31 20:34:54.002195,754,1.037,0.0011,"aoml_navis",1030.70110237254
"7901009",81,0,1,0.029904,1,0.007476,1,121.030318533581,1,4.85101449785106,756,1,7.46199989318848,34.9059982299805,0.0299040004611015,0,116.709098815918,-87.7243,26.4764,33.7749641596869,63,63,63,63,61,63,0,8045,1.29563008188212,26,-88,0.001869,51,2025-08-31 20:34:54.002195,756,1.037,0.0011,"aoml_navis",1030.71223601062
"7901009",81,0,1,0.026166,1,0.003738,1,122.198214453068,1,4.85094814618254,758,1,7.39599990844727,34.898998260498,0.0261659994721413,0,117.835296630859,-87.7243,26.4764,33.7749641596869,63,63,63,63,61,63,0,8045,1.29563008188212,26,-88,0.001869,51,2025-08-31 20:34:54.002195,758,1.037,0.0011,"aoml_navis",1030.72633417753
"7901009",81,0,1,0.031773,1,0.009345,1,123.114742124109,1,4.85087065559954,760,1,7.30499982833862,34.8899993896484,0.0317730009555817,0,118.719100952148,-87.7243,26.4764,33.7749641596869,63,63,63,63,61,63,0,8045,1.29563008188212,26,-88,0.001869,51,2025-08-31 20:34:54.002195,760,1.037,0.0011,"aoml_navis",1030.74279958966
"7901009",81,0,1,0.029904,1,0.007476,1,123.493562801319,1,4.85081010793705,762,1,7.26100015640259,34.8860015869141,0.0299040004611015,0,119.084396362305,-87.7243,26.4764,33.7749641596869,63,63,63,63,61,63,0,8045,1.29563008188212,26,-88,0.001869,51,2025-08-31 20:34:54.002195,762,1.037,0.0011,"aoml_navis",1030.75566528956
"7901009",81,0,1,0.029904,1,0.007476,1,123.744733252838,1,4.85074903028448,764,1,7.23099994659424,34.8849983215332,0.0299040004611015,0,119.326599121094,-87.7243,26.4764,33.7749641596869,63,63,63,63,61,63,0,8045,1.29563008188212,26,-88,0.001869,51,2025-08-31 20:34:54.002195,764,1.037,0.0011,"aoml_navis",1030.76864393184
"7901009",81,0,1,0.029904,1,0.007476,1,123.847817100026,1,4.85069395244011,766,1,7.21400022506714,34.8849983215332,0.0299040004611015,0,119.426002502441,-87.7243,26.4764,33.7749641596869,63,63,63,63,61,63,0,8045,1.29563008188212,26,-88,0.001869,51,2025-08-31 20:34:54.002195,766,1.037,0.0011,"aoml_navis",1030.78034793038
"7901009",81,0,1,0.031773,1,0.009345,1,124.01467067692,1,4.85064924611811,768,1,7.20599985122681,34.8839988708496,0.0317730009555817,0,119.586898803711,-87.7243,26.4764,33.7749641596869,63,63,63,63,61,63,0,8045,1.29563008188212,26,-88,0.001869,51,2025-08-31 20:34:54.002195,768,1.037,0.0011,"aoml_navis",1030.78984818402
"7901009",81,0,1,0.029904,1,0.007476,1,124.136727205478,1,4.85060383610267,770,1,7.2020001411438,34.8839988708496,0.0299040004611015,0,119.704597473145,-87.7243,26.4764,33.7749641596869,63,63,63,63,61,63,0,8045,1.29563008188212,26,-88,0.001869,51,2025-08-31 20:34:54.002195,770,1.037,0.0011,"aoml_navis",1030.79949815431
"7901009",81,0,1,0.031773,1,0.009345,1,124.392668518909,1,4.85055393691851,772,1,7.18699979782104,34.882999420166,0.0317730009555817,0,119.951400756836,-87.7243,26.4764,33.7749641596869,63,63,63,63,61,63,0,8045,1.29563008188212,26,-88,0.001869,51,2025-08-31 20:34:54.002195,772,1.037,0.0011,"aoml_navis",1030.81010231512
"7901009",81,0,1,0.028035,1,0.005607,1,124.620815407966,1,4.85050404607032,774,1,7.17199993133545,34.8819999694824,0.0280349999666214,0,120.171401977539,-87.7243,26.4764,33.7749641596869,63,63,63,63,61,63,0,8045,1.29563008188212,26,-88,0.001869,51,2025-08-31 20:34:54.002195,774,1.037,0.0011,"aoml_navis",1030.82070492257
"7901009",81,0,1,0.029904,1,0.007476,1,124.968732293088,1,4.85045045782621,776,1,7.15199995040894,34.8810005187988,0.0299040004611015,0,120.506896972656,-87.7243,26.4764,33.7749641596869,63,63,63,63,61,63,0,8045,1.29563008188212,26,-88,0.001869,51,2025-08-31 20:34:54.002195,776,1.037,0.0011,"aoml_navis",1030.83209352906
"7901009",81,0,1,0.029904,1,0.007476,1,125.243654199765,1,4.85038948561089,778,1,7.12200021743774,34.8800010681152,0.0299040004611015,0,120.772003173828,-87.7243,26.4764,33.7749641596869,63,63,63,63,61,63,0,8045,1.29563008188212,26,-88,0.001869,51,2025-08-31 20:34:54.002195,778,1.037,0.0011,"aoml_navis",1030.84505168769
"7901009",81,0,1,0.031773,1,0.009345,1,125.582242981746,1,4.85034258637248,780,1,7.11100006103516,34.8790016174316,0.0317730009555817,0,121.098503112793,-87.7243,26.4764,33.7749641596869,63,63,63,63,61,63,0,8045,1.29563008188212,26,-88,0.001869,51,2025-08-31 20:34:54.002195,780,1.037,0.0011,"aoml_navis",1030.85501919967
"7901009",81,0,1,0.031773,1,0.009345,1,126.03127365665,1,4.85027502584408,782,1,7.06699991226196,34.8769989013672,0.0317730009555817,0,121.53150177002,-87.7243,26.4764,33.7749641596869,63,63,63,63,61,63,0,8045,1.29563008188212,26,-88,0.001869,51,2025-08-31 20:34:54.002195,782,1.037,0.0011,"aoml_navis",1030.86937820188
"7901009",81,0,1,0.033642,1,0.011214,1,126.18319752139,1,4.85021857487565,784,1,7.0479998588562,34.8769989013672,0.0336420014500618,0,121.678001403809,-87.7243,26.4764,33.7749641596869,63,63,63,63,61,63,0,8045,1.29563008188212,26,-88,0.001869,51,2025-08-31 20:34:54.002195,784,1.037,0.0011,"aoml_navis",1030.88137633636
"7901009",81,0,1,0.029904,1,0.007476,1,126.386967916995,1,4.85017464869465,786,1,7.04099988937378,34.8759994506836,0.0299040004611015,0,121.874496459961,-87.7243,26.4764,33.7749641596869,63,63,63,63,61,63,0,8045,1.29563008188212,26,-88,0.001869,51,2025-08-31 20:34:54.002195,786,1.037,0.0011,"aoml_navis",1030.89071263561
"7901009",81,0,1,0.031773,1,0.009345,1,126.633992544895,1,4.85012189341929,788,1,7.02199983596802,34.875,0.0317730009555817,0,122.112701416016,-87.7243,26.4764,33.7749641596869,63,63,63,63,61,63,0,8045,1.29563008188212,26,-88,0.001869,51,2025-08-31 20:34:54.002195,788,1.037,0.0011,"aoml_navis",1030.90192574007
"7901009",81,0,1,0.029904,1,0.007476,1,126.971339162166,1,4.85006694706912,790,1,7,34.8740005493164,0.0299040004611015,0,122.438003540039,-87.7243,26.4764,33.7749641596869,63,63,63,63,61,63,0,8045,1.29563008188212,26,-88,0.001869,51,2025-08-31 20:34:54.002195,790,1.037,0.0011,"aoml_navis",1030.9136048156
"7901009",81,0,1,0.029904,1,0.007476,1,127.224574613617,1,4.84999660478405,792,1,6.96199989318848,34.8740005493164,0.0299040004611015,0,122.682197570801,-87.7243,26.4764,33.7749641596869,63,63,63,63,61,63,0,8045,1.29563008188212,26,-88,0.001869,51,2025-08-31 20:34:54.002195,792,1.037,0.0011,"aoml_navis",1030.92855674744
"7901009",81,0,1,0.028035,1,0.005607,1,127.177910362276,1,4.84994390565924,794,1,6.94299983978271,34.8730010986328,0.0280349999666214,0,122.637199401855,-87.7243,26.4764,33.7749641596869,63,63,63,63,61,63,0,8045,1.29563008188212,26,-88,0.001869,51,2025-08-31 20:34:54.002195,794,1.037,0.0011,"aoml_navis",1030.93975873941
"7901009",81,0,1,0.031773,1,0.009345,1,126.928709968164,1,4.8498882728485,796,1,6.92500019073486,34.8730010986328,0.0317730009555817,0,122.396896362305,-87.7243,26.4764,33.7749641596869,63,63,63,63,61,63,0,8045,1.29563008188212,26,-88,0.001869,51,2025-08-31 20:34:54.002195,796,1.037,0.0011,"aoml_navis",1030.95158459461
"7901009",81,0,1,0.028035,1,0.005607,1,126.455935749979,1,4.84982012902504,798,1,6.90999984741211,34.8769989013672,0.0280349999666214,0,121.94100189209,-87.7243,26.4764,33.7749641596869,63,63,63,63,61,63,0,8045,1.29563008188212,26,-88,0.001869,51,2025-08-31 20:34:54.002195,798,1.037,0.0011,"aoml_navis",1030.96607028293
"7901009",81,0,1,0.031773,1,0.009345,1,126.247908764475,1,4.84976954835801,800,1,6.91400003433228,34.8800010681152,0.0317730009555817,0,121.74040222168,-87.7243,26.4764,33.7749641596869,63,63,63,63,61,63,0,8045,1.29563008188212,26,-88,0.001869,51,2025-08-31 20:34:54.002195,800,1.037,0.0011,"aoml_navis",1030.97682274261
"7901009",81,0,1,0.028035,1,0.005607,1,126.159137503024,1,4.84972049038884,802,1,6.90999984741211,34.8810005187988,0.0280349999666214,0,121.654800415039,-87.7243,26.4764,33.7749641596869,63,63,63,63,61,63,0,8045,1.29563008188212,26,-88,0.001869,51,2025-08-31 20:34:54.002195,802,1.037,0.0011,"aoml_navis",1030.98725172079
"7901009",81,0,1,0.029904,1,0.007476,1,126.148353614489,1,4.84966483046282,804,1,6.90199995040894,34.882999420166,0.0299040004611015,0,121.644401550293,-87.7243,26.4764,33.7749641596869,63,63,63,63,61,63,0,8045,1.29563008188212,26,-88,0.001869,51,2025-08-31 20:34:54.002195,804,1.037,0.0011,"aoml_navis",1030.9990844301
"7901009",81,0,1,0.029904,1,0.007476,1,126.200928038049,1,4.84962091794837,806,1,6.90000009536743,34.882999420166,0.0299040004611015,0,121.695098876953,-87.7243,26.4764,33.7749641596869,63,63,63,63,61,63,0,8045,1.29563008188212,26,-88,0.001869,51,2025-08-31 20:34:54.002195,806,1.037,0.0011,"aoml_navis",1031.0084199561
"7901009",81,0,1,0.028035,1,0.005607,1,126.272380200453,1,4.84957700706005,808,1,6.89799976348877,34.882999420166,0.0280349999666214,0,121.763999938965,-87.7243,26.4764,33.7749641596869,63,63,63,63,61,63,0,8045,1.29563008188212,26,-88,0.001869,51,2025-08-31 20:34:54.002195,808,1.037,0.0011,"aoml_navis",1031.01775530545
"7901009",81,0,1,0.031773,1,0.009345,1,126.564613294301,1,4.84952944097297,810,1,6.89099979400635,34.882999420166,0.0317730009555817,0,122.045799255371,-87.7243,26.4764,33.7749641596869,63,63,63,63,61,63,0,8045,1.29563008188212,26,-88,0.001869,51,2025-08-31 20:34:54.002195,810,1.037,0.0011,"aoml_navis",1031.02786793204
"7901009",81,0,1,0.029904,1,0.007476,1,126.97444852988,1,4.84947897660381,812,1,6.875,34.8819999694824,0.0299040004611015,0,122.44100189209,-87.7243,26.4764,33.7749641596869,63,63,63,63,61,63,0,8045,1.29563008188212,26,-88,0.001869,51,2025-08-31 20:34:54.002195,812,1.037,0.0011,"aoml_navis",1031.03859695493
"7901009",81,0,1,0.026166,1,0.003738,1,127.383761581567,1,4.8494263309298,814,1,6.85599994659424,34.8810005187988,0.0261659994721413,0,122.83570098877,-87.7243,26.4764,33.7749641596869,63,63,63,63,61,63,0,8045,1.29563008188212,26,-88,0.001869,51,2025-08-31 20:34:54.002195,814,1.037,0.0011,"aoml_navis",1031.04978997409
"7901009",81,0,1,0.029904,1,0.007476,1,127.892004744947,1,4.8493693237883,816,1,6.83099985122681,34.8800010681152,0.0299040004611015,0,123.325798034668,-87.7243,26.4764,33.7749641596869,63,63,63,63,61,63,0,8045,1.29563008188212,26,-88,0.001869,51,2025-08-31 20:34:54.002195,816,1.037,0.0011,"aoml_navis",1031.06191056078
"7901009",81,0,1,0.029904,1,0.007476,1,128.121290944312,1,4.84931384985685,818,1,6.80299997329712,34.8779983520508,0.0299040004611015,0,123.546897888184,-87.7243,26.4764,33.7749641596869,63,63,63,63,61,63,0,8045,1.29563008188212,26,-88,0.001869,51,2025-08-31 20:34:54.002195,818,1.037,0.0011,"aoml_navis",1031.07370543723
"7901009",81,0,1,0.026166,1,0.003738,1,128.238584522834,1,4.84926339415125,820,1,6.79199981689453,34.8779983520508,0.0261659994721413,0,123.660003662109,-87.7243,26.4764,33.7749641596869,63,63,63,63,61,63,0,8045,1.29563008188212,26,-88,0.001869,51,2025-08-31 20:34:54.002195,820,1.037,0.0011,"aoml_navis",1031.08443357203
"7901009",81,0,1,0.029904,1,0.007476,1,128.366131894123,1,4.849212943118,822,1,6.7810001373291,34.8779983520508,0.0299040004611015,0,123.782997131348,-87.7243,26.4764,33.7749641596869,63,63,63,63,61,63,0,8045,1.29563008188212,26,-88,0.001869,51,2025-08-31 20:34:54.002195,822,1.037,0.0011,"aoml_navis",1031.09516093658
"7901009",81,0,1,0.031773,1,0.009345,1,128.59220587137,1,4.84916758414764,824,1,6.77699995040894,34.8779983520508,0.0317730009555817,0,124.000999450684,-87.7243,26.4764,33.7749641596869,63,63,63,63,61,63,0,8045,1.29563008188212,26,-88,0.001869,51,2025-08-31 20:34:54.002195,824,1.037,0.0011,"aoml_navis",1031.10480577026
"7901009",81,0,1,0.029904,1,0.007476,1,128.876036551701,1,4.84911786596768,826,1,6.76700019836426,34.8779983520508,0.0299040004611015,0,124.274696350098,-87.7243,26.4764,33.7749641596869,63,63,63,63,61,63,0,8045,1.29563008188212,26,-88,0.001869,51,2025-08-31 20:34:54.002195,826,1.037,0.0011,"aoml_navis",1031.11537772494
"7901009",81,0,1,0.031773,1,0.009345,1,129.172004051557,1,4.84906897209548,828,1,6.7480001449585,34.8759994506836,0.0317730009555817,0,124.560096740723,-87.7243,26.4764,33.7749641596869,63,63,63,63,61,63,0,8045,1.29563008188212,26,-88,0.001869,51,2025-08-31 20:34:54.002195,828,1.037,0.0011,"aoml_navis",1031.12577461221
"7901009",81,0,1,0.028035,1,0.005607,1,129.350685884767,1,4.84901708691049,830,1,6.7350001335144,34.8759994506836,0.0280349999666214,0,124.732398986816,-87.7243,26.4764,33.7749641596869,63,63,63,63,61,63,0,8045,1.29563008188212,26,-88,0.001869,51,2025-08-31 20:34:54.002195,830,1.037,0.0011,"aoml_navis",1031.13680780731
"7901009",81,0,1,0.028035,1,0.005607,1,129.509144960022,1,4.84896743577933,832,1,6.71999979019165,34.875,0.0280349999666214,0,124.885200500488,-87.7243,26.4764,33.7749641596869,63,63,63,63,61,63,0,8045,1.29563008188212,26,-88,0.001869,51,2025-08-31 20:34:54.002195,832,1.037,0.0011,"aoml_navis",1031.14736616011
"7901009",81,0,1,0.029904,1,0.007476,1,129.700161409685,1,4.84892281117529,834,1,6.71700000762939,34.875,0.0299040004611015,0,125.069396972656,-87.7243,26.4764,33.7749641596869,63,63,63,63,61,63,0,8045,1.29563008188212,26,-88,0.001869,51,2025-08-31 20:34:54.002195,834,1.037,0.0011,"aoml_navis",1031.15685580239
"7901009",81,0,1,0.029904,1,0.007476,1,130.074219136861,1,4.84887534301359,836,1,6.70499992370605,34.8740005493164,0.0299040004611015,0,125.430099487305,-87.7243,26.4764,33.7749641596869,63,63,63,63,61,63,0,8045,1.29563008188212,26,-88,0.001869,51,2025-08-31 20:34:54.002195,836,1.037,0.0011,"aoml_navis",1031.16695033296
"7901009",81,0,1,0.028035,1,0.005607,1,130.364276464497,1,4.84881913338826,838,1,6.68599987030029,34.8740005493164,0.0280349999666214,0,125.709800720215,-87.7243,26.4764,33.7749641596869,63,63,63,63,61,63,0,8045,1.29563008188212,26,-88,0.001869,51,2025-08-31 20:34:54.002195,838,1.037,0.0011,"aoml_navis",1031.1789040698
"7901009",81,0,1,0.031773,1,0.009345,1,130.817144399811,1,4.8487541977501,840,1,6.65999984741211,34.875,0.0317730009555817,0,126.146499633789,-87.7243,26.4764,33.7749641596869,63,63,63,63,61,63,0,8045,1.29563008188212,26,-88,0.001869,51,2025-08-31 20:34:54.002195,840,1.037,0.0011,"aoml_navis",1031.19271385629
"7901009",81,0,1,0.031773,1,0.009345,1,131.364068730503,1,4.84869881048525,842,1,6.63700008392334,34.8740005493164,0.0317730009555817,0,126.673896789551,-87.7243,26.4764,33.7749641596869,63,63,63,63,61,63,0,8045,1.29563008188212,26,-88,0.001869,51,2025-08-31 20:34:54.002195,842,1.037,0.0011,"aoml_navis",1031.20449329366
"7901009",81,0,4,0.024297,1,0.001869,1,131.937339612053,1,4.84865065431266,844,1,6.62400007247925,34.8730010986328,0.0242970008403063,0,127.226699829102,-87.7243,26.4764,33.7749641596869,63,63,63,63,61,63,0,8045,1.29563008188212,26,-88,0.001869,51,2025-08-31 20:34:54.002195,844,1.037,0.0011,"aoml_navis",1031.21473508361
"7901009",81,0,1,0.031773,1,0.009345,1,132.424117852767,1,4.84859538879782,846,1,6.59600019454956,34.8709983825684,0.0317730009555817,0,127.696098327637,-87.7243,26.4764,33.7749641596869,63,63,63,63,61,63,0,8045,1.29563008188212,26,-88,0.001869,51,2025-08-31 20:34:54.002195,846,1.037,0.0011,"aoml_navis",1031.22648912961
"7901009",81,0,1,0.031773,1,0.009345,1,132.692710257736,1,4.84853502331601,848,1,6.56599998474121,34.8699989318848,0.0317730009555817,0,127.955101013184,-87.7243,26.4764,33.7749641596869,63,63,63,63,61,63,0,8045,1.29563008188212,26,-88,0.001869,51,2025-08-31 20:34:54.002195,848,1.037,0.0011,"aoml_navis",1031.23932815904
"7901009",81,0,1,0.033642,1,0.011214,1,132.757737975907,1,4.84848465748461,850,1,6.55499982833862,34.8699989318848,0.0336420014500618,0,128.017807006836,-87.7243,26.4764,33.7749641596869,63,63,63,63,61,63,0,8045,1.29563008188212,26,-88,0.001869,51,2025-08-31 20:34:54.002195,850,1.037,0.0011,"aoml_navis",1031.25004062486
"7901009",81,0,1,0.029904,1,0.007476,1,132.744034604709,1,4.84843860621807,852,1,6.55000019073486,34.8699989318848,0.0299040004611015,0,128.004592895508,-87.7243,26.4764,33.7749641596869,63,63,63,63,61,63,0,8045,1.29563008188212,26,-88,0.001869,51,2025-08-31 20:34:54.002195,852,1.037,0.0011,"aoml_navis",1031.25983560719
"7901009",81,0,1,0.033642,1,0.011214,1,132.777849967583,1,4.8483911198622,854,1,6.54300022125244,34.8699989318848,0.0336420014500618,0,128.037200927734,-87.7243,26.4764,33.7749641596869,63,63,63,63,61,63,0,8045,1.29563008188212,26,-88,0.001869,51,2025-08-31 20:34:54.002195,854,1.037,0.0011,"aoml_navis",1031.26993602408
"7901009",81,0,1,0.029904,1,0.007476,1,132.666371618755,1,4.84833852062017,856,1,6.53399991989136,34.8709983825684,0.0299040004611015,0,127.929702758789,-87.7243,26.4764,33.7749641596869,63,63,63,63,61,63,0,8045,1.29563008188212,26,-88,0.001869,51,2025-08-31 20:34:54.002195,856,1.037,0.0011,"aoml_navis",1031.28112419024
"7901009",81,0,1,0.031773,1,0.009345,1,132.58205474413,1,4.84829309136128,858,1,6.53499984741211,34.8720016479492,0.0317730009555817,0,127.84839630127,-87.7243,26.4764,33.7749641596869,63,63,63,63,61,63,0,8045,1.29563008188212,26,-88,0.001869,51,2025-08-31 20:34:54.002195,858,1.037,0.0011,"aoml_navis",1031.29078745446
"7901009",81,0,1,0.028035,1,0.005607,1,132.717181693714,1,4.84824336921151,860,1,6.53000020980835,34.8730010986328,0.0280349999666214,0,127.978698730469,-87.7243,26.4764,33.7749641596869,63,63,63,63,61,63,0,8045,1.29563008188212,26,-88,0.001869,51,2025-08-31 20:34:54.002195,860,1.037,0.0011,"aoml_navis",1031.3013640677
"7901009",81,0,1,0.031773,1,0.009345,1,132.79351548431,1,4.84819445456678,862,1,6.52099990844727,34.8730010986328,0.0317730009555817,0,128.052307128906,-87.7243,26.4764,33.7749641596869,63,63,63,63,61,63,0,8045,1.29563008188212,26,-88,0.001869,51,2025-08-31 20:34:54.002195,862,1.037,0.0011,"aoml_navis",1031.31176912474
"7901009",81,0,1,0.031773,1,0.009345,1,132.877397205692,1,4.84815128695608,864,1,6.51999998092651,34.8730010986328,0.0317730009555817,0,128.133193969727,-87.7243,26.4764,33.7749641596869,63,63,63,63,61,63,0,8045,1.29563008188212,26,-88,0.001869,51,2025-08-31 20:34:54.002195,864,1.037,0.0011,"aoml_navis",1031.32095185488
"7901009",81,0,1,0.029904,1,0.007476,1,133.063959268529,1,4.84811179975311,866,1,6.51900005340576,34.8720016479492,0.0299040004611015,0,128.313095092773,-87.7243,26.4764,33.7749641596869,63,63,63,63,61,63,0,8045,1.29563008188212,26,-88,0.001869,51,2025-08-31 20:34:54.002195,866,1.037,0.0011,"aoml_navis",1031.32935182201
"7901009",81,0,1,0.028035,1,0.005607,1,133.323326424759,1,4.84805786529445,868,1,6.50299978256226,34.8720016479492,0.0280349999666214,0,128.563201904297,-87.7243,26.4764,33.7749641596869,63,63,63,63,61,63,0,8045,1.29563008188212,26,-88,0.001869,51,2025-08-31 20:34:54.002195,868,1.037,0.0011,"aoml_navis",1031.34082532167
"7901009",81,0,1,0.035511,1,0.013083,1,133.626034843934,1,4.84801337068612,870,1,6.49499988555908,34.8709983825684,0.0355109982192516,0,128.855102539062,-87.7243,26.4764,33.7749641596869,63,63,63,63,61,63,0,8045,1.29563008188212,26,-88,0.001869,51,2025-08-31 20:34:54.002195,870,1.037,0.0011,"aoml_navis",1031.35029087025
"7901009",81,0,1,0.029904,1,0.007476,1,133.791029129701,1,4.84795873309201,872,1,6.47800016403198,34.8709983825684,0.0299040004611015,0,129.014205932617,-87.7243,26.4764,33.7749641596869,63,63,63,63,61,63,0,8045,1.29563008188212,26,-88,0.001869,51,2025-08-31 20:34:54.002195,872,1.037,0.0011,"aoml_navis",1031.36191442187
"7901009",81,0,1,0.029904,1,0.007476,1,133.915878550887,1,4.84790482159016,874,1,6.46199989318848,34.8709983825684,0.0299040004611015,0,129.13459777832,-87.7243,26.4764,33.7749641596869,63,63,63,63,61,63,0,8045,1.29563008188212,26,-88,0.001869,51,2025-08-31 20:34:54.002195,874,1.037,0.0011,"aoml_navis",1031.37338376209
"7901009",81,0,1,0.029904,1,0.007476,1,134.038354408933,1,4.84785295381824,876,1,6.4539999961853,34.8720016479492,0.0299040004611015,0,129.252700805664,-87.7243,26.4764,33.7749641596869,63,63,63,63,61,63,0,8045,1.29563008188212,26,-88,0.001869,51,2025-08-31 20:34:54.002195,876,1.037,0.0011,"aoml_navis",1031.38441855212
"7901009",81,0,1,0.029904,1,0.007476,1,134.332138230699,1,4.84779619440468,878,1,6.43400001525879,34.8720016479492,0.0299040004611015,0,129.535995483398,-87.7243,26.4764,33.7749641596869,63,63,63,63,61,63,0,8045,1.29563008188212,26,-88,0.001869,51,2025-08-31 20:34:54.002195,878,1.037,0.0011,"aoml_navis",1031.39649430209
"7901009",81,0,1,0.031773,1,0.009345,1,134.620636918539,1,4.84774159300992,880,1,6.41699981689453,34.8720016479492,0.0317730009555817,0,129.814193725586,-87.7243,26.4764,33.7749641596869,63,63,63,63,61,63,0,8045,1.29563008188212,26,-88,0.001869,51,2025-08-31 20:34:54.002195,880,1.037,0.0011,"aoml_navis",1031.40811119339
"7901009",81,0,1,0.031773,1,0.009345,1,134.819446567181,1,4.84769485847997,882,1,6.41099977493286,34.8720016479492,0.0317730009555817,0,130.005905151367,-87.7243,26.4764,33.7749641596869,63,63,63,63,61,63,0,8045,1.29563008188212,26,-88,0.001869,51,2025-08-31 20:34:54.002195,882,1.037,0.0011,"aoml_navis",1031.418054553
"7901009",81,0,1,0.031773,1,0.009345,1,135.133563913183,1,4.84764812630437,884,1,6.40500020980835,34.8720016479492,0.0317730009555817,0,130.308807373047,-87.7243,26.4764,33.7749641596869,63,63,63,63,61,63,0,8045,1.29563008188212,26,-88,0.001869,51,2025-08-31 20:34:54.002195,884,1.037,0.0011,"aoml_navis",1031.4279976034
"7901009",81,0,1,0.029904,1,0.007476,1,135.46644823175,1,4.84759866121853,886,1,6.3899998664856,34.8709983825684,0.0299040004611015,0,130.629806518555,-87.7243,26.4764,33.7749641596869,63,63,63,63,61,63,0,8045,1.29563008188212,26,-88,0.001869,51,2025-08-31 20:34:54.002195,886,1.037,0.0011,"aoml_navis",1031.43852233492
"7901009",81,0,1,0.028035,1,0.005607,1,135.760232053516,1,4.8475497927848,888,1,6.38100004196167,34.8709983825684,0.0280349999666214,0,130.913101196289,-87.7243,26.4764,33.7749641596869,63,63,63,63,61,63,0,8045,1.29563008188212,26,-88,0.001869,51,2025-08-31 20:34:54.002195,888,1.037,0.0011,"aoml_navis",1031.44892032715
"7901009",81,0,1,0.026166,1,0.003738,1,136.224611770061,1,4.84750389195405,890,1,6.37099981307983,34.8699989318848,0.0261659994721413,0,131.360900878906,-87.7243,26.4764,33.7749641596869,63,63,63,63,61,63,0,8045,1.29563008188212,26,-88,0.001869,51,2025-08-31 20:34:54.002195,890,1.037,0.0011,"aoml_navis",1031.45868707791
"7901009",81,0,1,0.031773,1,0.009345,1,136.554489575316,1,4.84744647715836,892,1,6.34999990463257,34.8699989318848,0.0317730009555817,0,131.679000854492,-87.7243,26.4764,33.7749641596869,63,63,63,63,61,63,0,8045,1.29563008188212,26,-88,0.001869,51,2025-08-31 20:34:54.002195,892,1.037,0.0011,"aoml_navis",1031.47090402349
"7901009",81,0,1,0.029904,1,0.007476,1,136.765420219728,1,4.84738623251062,894,1,6.32499980926514,34.8699989318848,0.0299040004611015,0,131.882400512695,-87.7243,26.4764,33.7749641596869,63,63,63,63,61,63,0,8045,1.29563008188212,26,-88,0.001869,51,2025-08-31 20:34:54.002195,894,1.037,0.0011,"aoml_navis",1031.48372342724
"7901009",81,0,1,0.031773,1,0.009345,1,136.970860021408,1,4.84734022873203,896,1,6.32000017166138,34.8699989318848,0.0317730009555817,0,132.080505371094,-87.7243,26.4764,33.7749641596869,63,63,63,63,61,63,0,8045,1.29563008188212,26,-88,0.001869,51,2025-08-31 20:34:54.002195,896,1.037,0.0011,"aoml_navis",1031.49351274398
"7901009",81,0,1,0.029904,1,0.007476,1,137.256969322354,1,4.84728640528563,898,1,6.30399990081787,34.8699989318848,0.0299040004611015,0,132.356399536133,-87.7243,26.4764,33.7749641596869,63,63,63,63,61,63,0,8045,1.29563008188212,26,-88,0.001869,51,2025-08-31 20:34:54.002195,898,1.037,0.0011,"aoml_navis",1031.50496627306
"7901009",81,0,1,0.029904,1,0.007476,1,137.398101386683,1,4.84723614258451,900,1,6.29300022125244,34.8699989318848,0.0299040004611015,0,132.492492675781,-87.7243,26.4764,33.7749641596869,63,63,63,63,61,63,0,8045,1.29563008188212,26,-88,0.001869,51,2025-08-31 20:34:54.002195,900,1.037,0.0011,"aoml_navis",1031.51566231185
"7901009",81,0,1,0.029904,1,0.007476,1,137.669811071244,1,4.84719014494451,902,1,6.28800010681152,34.8699989318848,0.0299040004611015,0,132.754501342773,-87.7243,26.4764,33.7749641596869,63,63,63,63,61,63,0,8045,1.29563008188212,26,-88,0.001869,51,2025-08-31 20:34:54.002195,902,1.037,0.0011,"aoml_navis",1031.52545092849
"7901009",81,0,1,0.028035,1,0.005607,1,137.9370584571,1,4.84713279121061,904,1,6.26700019836426,34.8699989318848,0.0280349999666214,0,133.01220703125,-87.7243,26.4764,33.7749641596869,63,63,63,63,61,63,0,8045,1.29563008188212,26,-88,0.001869,51,2025-08-31 20:34:54.002195,904,1.037,0.0011,"aoml_navis",1031.53765646087
"7901009",81,0,1,0.031773,1,0.009345,1,138.088254429145,1,4.84708537947859,906,1,6.26000022888184,34.8699989318848,0.0317730009555817,0,133.158004760742,-87.7243,26.4764,33.7749641596869,63,63,63,63,61,63,0,8045,1.29563008188212,26,-88,0.001869,51,2025-08-31 20:34:54.002195,906,1.037,0.0011,"aoml_navis",1031.5477464393
"7901009",81,0,1,0.033642,1,0.011214,1,138.199004885277,1,4.84703371578885,908,1,6.24700021743774,34.8699989318848,0.0336420014500618,0,133.264801025391,-87.7243,26.4764,33.7749641596869,63,63,63,63,61,63,0,8045,1.29563008188212,26,-88,0.001869,51,2025-08-31 20:34:54.002195,908,1.037,0.0011,"aoml_navis",1031.55874152739
"7901009",81,0,1,0.028035,1,0.005607,1,138.299074307277,1,4.84698914460919,910,1,6.24399995803833,34.8699989318848,0.0280349999666214,0,133.361297607422,-87.7243,26.4764,33.7749641596869,63,63,63,63,61,63,0,8045,1.29563008188212,26,-88,0.001869,51,2025-08-31 20:34:54.002195,910,1.037,0.0011,"aoml_navis",1031.56822737286
"7901009",81,0,1,0.029904,1,0.007476,1,138.429636103754,1,4.84694315751102,912,1,6.23899984359741,34.8699989318848,0.0299040004611015,0,133.487197875977,-87.7243,26.4764,33.7749641596869,63,63,63,63,61,63,0,8045,1.29563008188212,26,-88,0.001869,51,2025-08-31 20:34:54.002195,912,1.037,0.0011,"aoml_navis",1031.57801474354
"7901009",81,0,1,0.029904,1,0.007476,1,138.660473031037,1,4.84688995107793,914,1,6.22900009155273,34.8709983825684,0.0299040004611015,0,133.70979309082,-87.7243,26.4764,33.7749641596869,63,63,63,63,61,63,0,8045,1.29563008188212,26,-88,0.001869,51,2025-08-31 20:34:54.002195,914,1.037,0.0011,"aoml_navis",1031.58933882706
"7901009",81,0,1,0.028035,1,0.005607,1,138.928859727201,1,4.84683759339413,916,1,6.21500015258789,34.8709983825684,0.0280349999666214,0,133.968597412109,-87.7243,26.4764,33.7749641596869,63,63,63,63,61,63,0,8045,1.29563008188212,26,-88,0.001869,51,2025-08-31 20:34:54.002195,916,1.037,0.0011,"aoml_navis",1031.60048251145
"7901009",81,0,1,0.031773,1,0.009345,1,139.316193584208,1,4.84678665769461,918,1,6.20300006866455,34.8709983825684,0.0317730009555817,0,134.342102050781,-87.7243,26.4764,33.7749641596869,63,63,63,63,61,63,0,8045,1.29563008188212,26,-88,0.001869,51,2025-08-31 20:34:54.002195,918,1.037,0.0011,"aoml_navis",1031.61132377514
"7901009",81,0,1,0.035511,1,0.013083,1,139.870072454901,1,4.84673219112807,920,1,6.18599987030029,34.8709983825684,0.0355109982192516,0,134.876205444336,-87.7243,26.4764,33.7749641596869,63,63,63,63,61,63,0,8045,1.29563008188212,26,-88,0.001869,51,2025-08-31 20:34:54.002195,920,1.037,0.0011,"aoml_navis",1031.62291680825
"7901009",81,0,1,0.031773,1,0.009345,1,140.278752556418,1,4.8466770288315,922,1,6.16800022125244,34.8709983825684,0.0317730009555817,0,135.270294189453,-87.7243,26.4764,33.7749641596869,63,63,63,63,61,63,0,8045,1.29563008188212,26,-88,0.001869,51,2025-08-31 20:34:54.002195,922,1.037,0.0011,"aoml_navis",1031.63465819085
"7901009",81,0,1,0.028035,1,0.005607,1,140.869659012102,1,4.84663105537062,924,1,6.16300010681152,34.8709983825684,0.0280349999666214,0,135.840103149414,-87.7243,26.4764,33.7749641596869,63,63,63,63,61,63,0,8045,1.29563008188212,26,-88,0.001869,51,2025-08-31 20:34:54.002195,924,1.037,0.0011,"aoml_navis",1031.64444391933
"7901009",81,0,1,0.029904,1,0.007476,1,141.599102436415,1,4.8465781739217,926,1,6.14300012588501,34.8699989318848,0.0299040004611015,0,136.543502807617,-87.7243,26.4764,33.7749641596869,63,63,63,63,61,63,0,8045,1.29563008188212,26,-88,0.001869,51,2025-08-31 20:34:54.002195,926,1.037,0.0011,"aoml_navis",1031.65570028434
"7901009",81,0,1,0.029904,1,0.007476,1,141.897459323165,1,4.84651740180215,928,1,6.11700010299683,34.8699989318848,0.0299040004611015,0,136.831207275391,-87.7243,26.4764,33.7749641596869,63,63,63,63,61,63,0,8045,1.29563008188212,26,-88,0.001869,51,2025-08-31 20:34:54.002195,928,1.037,0.0011,"aoml_navis",1031.66863656381
"7901009",81,0,1,0.029904,1,0.007476,1,141.967147136968,1,4.84646650658556,930,1,6.10500001907349,34.8699989318848,0.0299040004611015,0,136.898406982422,-87.7243,26.4764,33.7749641596869,63,63,63,63,61,63,0,8045,1.29563008188212,26,-88,0.001869,51,2025-08-31 20:34:54.002195,930,1.037,0.0011,"aoml_navis",1031.67947064234
"7901009",81,0,1,0.026166,1,0.003738,1,142.029777556366,1,4.84641702356525,932,1,6.09499979019165,34.8699989318848,0.0261659994721413,0,136.958801269531,-87.7243,26.4764,33.7749641596869,63,63,63,63,61,63,0,8045,1.29563008188212,26,-88,0.001869,51,2025-08-31 20:34:54.002195,932,1.037,0.0011,"aoml_navis",1031.69000432442
"7901009",81,0,1,0.033642,1,0.011214,1,142.112535791195,1,4.84635103409015,934,1,6.07200002670288,34.8720016479492,0.0336420014500618,0,137.038604736328,-87.7243,26.4764,33.7749641596869,63,63,63,63,61,63,0,8045,1.29563008188212,26,-88,0.001869,51,2025-08-31 20:34:54.002195,934,1.037,0.0011,"aoml_navis",1031.70405214749
"7901009",81,0,1,0.028035,1,0.005607,1,142.246926936206,1,4.84630296753157,936,1,6.06400012969971,34.8720016479492,0.0280349999666214,0,137.168197631836,-87.7243,26.4764,33.7749641596869,63,63,63,63,61,63,0,8045,1.29563008188212,26,-88,0.001869,51,2025-08-31 20:34:54.002195,936,1.037,0.0011,"aoml_navis",1031.71428478536
"7901009",81,0,1,0.033642,1,0.011214,1,142.419390033988,1,4.84625349871082,938,1,6.05399990081787,34.8720016479492,0.0336420014500618,0,137.334503173828,-87.7243,26.4764,33.7749641596869,63,63,63,63,61,63,0,8045,1.29563008188212,26,-88,0.001869,51,2025-08-31 20:34:54.002195,938,1.037,0.0011,"aoml_navis",1031.72481615542
"7901009",81,0,1,0.029904,1,0.007476,1,142.600144779008,1,4.84620262976683,940,1,6.04199981689453,34.8720016479492,0.0299040004611015,0,137.508804321289,-87.7243,26.4764,33.7749641596869,63,63,63,63,61,63,0,8045,1.29563008188212,26,-88,0.001869,51,2025-08-31 20:34:54.002195,940,1.037,0.0011,"aoml_navis",1031.73564582061
"7901009",81,0,1,0.031773,1,0.009345,1,142.810442473249,1,4.84614738631578,942,1,6.02899980545044,34.8730010986328,0.0317730009555817,0,137.71159362793,-87.7243,26.4764,33.7749641596869,63,63,63,63,61,63,0,8045,1.29563008188212,26,-88,0.001869,51,2025-08-31 20:34:54.002195,942,1.037,0.0011,"aoml_navis",1031.74740704723
"7901009",81,0,1,0.028035,1,0.005607,1,142.96029342618,1,4.84610073488305,944,1,6.02299976348877,34.8730010986328,0.0280349999666214,0,137.856094360352,-87.7243,26.4764,33.7749641596869,63,63,63,63,61,63,0,8045,1.29563008188212,26,-88,0.001869,51,2025-08-31 20:34:54.002195,944,1.037,0.0011,"aoml_navis",1031.75733925817
"7901009",81,0,1,0.028035,1,0.005607,1,143.195814184727,1,4.84605408577411,946,1,6.01700019836426,34.8730010986328,0.0280349999666214,0,138.083206176758,-87.7243,26.4764,33.7749641596869,63,63,63,63,61,63,0,8045,1.29563008188212,26,-88,0.001869,51,2025-08-31 20:34:54.002195,946,1.037,0.0011,"aoml_navis",1031.76727116559
"7901009",81,0,1,0.029904,1,0.007476,1,143.442095096176,1,4.84600181174954,948.099975585938,1,6.00600004196167,34.8730010986328,0.0299040004611015,0,138.320693969727,-87.7243,26.4764,33.7749641596869,63,63,63,63,61,63,0,8045,1.29563008188212,26,-88,0.001869,51,2025-08-31 20:34:54.002195,948.099975585938,1.037,0.0011,"aoml_navis",1031.77840088237
"7901009",81,0,1,0.028035,1,0.005607,1,143.684040298956,1,4.84595868984604,950,1,6.0019998550415,34.8730010986328,0.0280349999666214,0,138.554000854492,-87.7243,26.4764,33.7749641596869,63,63,63,63,61,63,0,8045,1.29563008188212,26,-88,0.001869,51,2025-08-31 20:34:54.002195,950,1.037,0.0011,"aoml_navis",1031.7875821923
"7901009",81,0,1,0.029904,1,0.007476,1,143.958851439354,1,4.84590644221074,952,1,5.98799991607666,34.8730010986328,0.0299040004611015,0,138.819000244141,-87.7243,26.4764,33.7749641596869,63,63,63,63,61,63,0,8045,1.29563008188212,26,-88,0.001869,51,2025-08-31 20:34:54.002195,952,1.037,0.0011,"aoml_navis",1031.79870672843
"7901009",81,0,1,0.029904,1,0.007476,1,144.288840010889,1,4.8458570013822,954,1,5.97800016403198,34.8730010986328,0.0299040004611015,0,139.13720703125,-87.7243,26.4764,33.7749641596869,63,63,63,63,61,63,0,8045,1.29563008188212,26,-88,0.001869,51,2025-08-31 20:34:54.002195,954,1.037,0.0011,"aoml_navis",1031.8092338618
"7901009",81,0,1,0.028035,1,0.005607,1,144.766274324706,1,4.84580196732534,956,1,5.96000003814697,34.8730010986328,0.0280349999666214,0,139.597595214844,-87.7243,26.4764,33.7749641596869,63,63,63,63,61,63,0,8045,1.29563008188212,26,-88,0.001869,51,2025-08-31 20:34:54.002195,956,1.037,0.0011,"aoml_navis",1031.82095217972
"7901009",81,0,1,0.031773,1,0.009345,1,145.13235687973,1,4.84574694483946,958,1,5.94199991226196,34.8730010986328,0.0317730009555817,0,139.950607299805,-87.7243,26.4764,33.7749641596869,63,63,63,63,61,63,0,8045,1.29563008188212,26,-88,0.001869,51,2025-08-31 20:34:54.002195,958,1.037,0.0011,"aoml_navis",1031.83266829994
"7901009",81,0,1,0.026166,1,0.003738,1,145.390568901898,1,4.84569104841771,960,1,5.92799997329712,34.8740005493164,0.0261659994721413,0,140.199600219727,-87.7243,26.4764,33.7749641596869,63,63,63,63,61,63,0,8045,1.29563008188212,26,-88,0.001869,51,2025-08-31 20:34:54.002195,960,1.037,0.0011,"aoml_navis",1031.84457078267
"7901009",81,0,1,0.029904,1,0.007476,1,145.542492766639,1,4.84564651442604,962,1,5.92500019073486,34.8740005493164,0.0299040004611015,0,140.346099853516,-87.7243,26.4764,33.7749641596869,63,63,63,63,61,63,0,8045,1.29563008188212,26,-88,0.001869,51,2025-08-31 20:34:54.002195,962,1.037,0.0011,"aoml_navis",1031.85405396668
"7901009",81,0,1,0.028035,1,0.005607,1,145.821038313044,1,4.84559849105139,964,1,5.91699981689453,34.8740005493164,0.0280349999666214,0,140.614700317383,-87.7243,26.4764,33.7749641596869,63,63,63,63,61,63,0,8045,1.29563008188212,26,-88,0.001869,51,2025-08-31 20:34:54.002195,964,1.037,0.0011,"aoml_navis",1031.8642803843
"7901009",81,0,1,0.026166,1,0.003738,1,146.112543514196,1,4.84554698198073,966,1,5.90399980545044,34.8740005493164,0.0261659994721413,0,140.895797729492,-87.7243,26.4764,33.7749641596869,63,63,63,63,61,63,0,8045,1.29563008188212,26,-88,0.001869,51,2025-08-31 20:34:54.002195,966,1.037,0.0011,"aoml_navis",1031.87524929459
"7901009",81,0,1,0.029904,1,0.007476,1,146.311242396557,1,4.84549826781797,968,1,5.89499998092651,34.8740005493164,0.0299040004611015,0,141.08740234375,-87.7243,26.4764,33.7749641596869,63,63,63,63,61,63,0,8045,1.29563008188212,26,-88,0.001869,51,2025-08-31 20:34:54.002195,968,1.037,0.0011,"aoml_navis",1031.88562324089
"7901009",81,0,1,0.031773,1,0.009345,1,146.464416337886,1,4.8454502537525,970,1,5.88700008392334,34.8740005493164,0.0317730009555817,0,141.235107421875,-87.7243,26.4764,33.7749641596869,63,63,63,63,61,63,0,8045,1.29563008188212,26,-88,0.001869,51,2025-08-31 20:34:54.002195,970,1.037,0.0011,"aoml_navis",1031.89584830178
"7901009",81,0,1,0.033642,1,0.011214,1,146.65200694475,1,4.84539717060379,972,1,5.8769998550415,34.875,0.0336420014500618,0,141.416000366211,-87.7243,26.4764,33.7749641596869,63,63,63,63,61,63,0,8045,1.29563008188212,26,-88,0.001869,51,2025-08-31 20:34:54.002195,972,1.037,0.0011,"aoml_navis",1031.90715310897
"7901009",81,0,1,0.029904,1,0.007476,1,146.846654946018,1,4.84534916216598,974,1,5.86899995803833,34.875,0.0299040004611015,0,141.603698730469,-87.7243,26.4764,33.7749641596869,63,63,63,63,61,63,0,8045,1.29563008188212,26,-88,0.001869,51,2025-08-31 20:34:54.002195,974,1.037,0.0011,"aoml_navis",1031.91737739802
"7901009",81,0,1,0.029904,1,0.007476,1,147.03549562947,1,4.84530324570374,976,1,5.86399984359741,34.875,0.0299040004611015,0,141.785797119141,-87.7243,26.4764,33.7749641596869,63,63,63,63,61,63,0,8045,1.29563008188212,26,-88,0.001869,51,2025-08-31 20:34:54.002195,976,1.037,0.0011,"aoml_navis",1031.92715635155
"7901009",81,0,1,0.029904,1,0.007476,1,147.340688378064,1,4.84525872446561,978,1,5.86100006103516,34.875,0.0299040004611015,0,142.080093383789,-87.7243,26.4764,33.7749641596869,63,63,63,63,61,63,0,8045,1.29563008188212,26,-88,0.001869,51,2025-08-31 20:34:54.002195,978,1.037,0.0011,"aoml_navis",1031.9366383374
"7901009",81,0,1,0.031773,1,0.009345,1,151.640413830683,1,4.84471790366962,999.900024414062,1,5.75129985809326,34.875,0.0317730009555817,0,146.226303100586,-87.7243,26.4764,33.7749641596869,63,63,63,63,61,63,0,8045,1.29563008188212,26,-88,0.001869,51,2025-08-31 20:34:54.002195,999.900024414062,1.037,0.0011,"aoml_navis",1032.0518344758
"7901009",81,0,1,0.033642,1,0.011214,1,157.604655818658,1,4.8434932747218,1049.90002441406,1,5.55070018768311,34.8819999694824,0.0336420014500618,0,151.977600097656,-87.7243,26.4764,33.7749641596869,63,63,63,63,61,63,0,8045,1.29563008188212,26,-88,0.001869,51,2025-08-31 20:34:54.002195,1049.90002441406,1.037,0.0011,"aoml_navis",1032.3127784847
"7901009",81,0,1,0.033642,1,0.011214,1,165.134183578966,1,4.84223392965359,1099.69995117188,1,5.29059982299805,34.8889999389648,0.0336420014500618,0,159.238296508789,-87.7243,26.4764,33.7749641596869,63,63,63,63,61,63,0,8045,1.29563008188212,26,-88,0.001869,51,2025-08-31 20:34:54.002195,1099.69995117188,1.037,0.0011,"aoml_navis",1032.58125746058
"7901009",81,0,1,0.029904,1,0.007476,1,172.360591502489,1,4.84098117526712,1150.19995117188,1,5.0588002204895,34.8959999084473,0.0299040004611015,0,166.206695556641,-87.7243,26.4764,33.7749641596869,63,63,63,63,61,63,0,8045,1.29563008188212,26,-88,0.001869,51,2025-08-31 20:34:54.002195,1150.19995117188,1.037,0.0011,"aoml_navis",1032.84846996417
"7901009",81,0,1,0.031773,1,0.009345,1,177.769403891853,1,4.83980338223603,1199.30004882812,1,4.89179992675781,34.9029998779297,0.0317730009555817,0,171.422393798828,-87.7243,26.4764,33.7749641596869,63,63,63,63,61,63,0,8045,1.29563008188212,26,-88,0.001869,51,2025-08-31 20:34:54.002195,1199.30004882812,1.037,0.0011,"aoml_navis",1033.0998193753
"7901009",81,0,1,0.029904,1,0.007476,1,182.530913965316,1,4.83863536314392,1249.30004882812,1,4.75500011444092,34.9080009460449,0.0299040004611015,0,176.013900756836,-87.7243,26.4764,33.7749641596869,63,63,63,63,61,63,0,8045,1.29563008188212,26,-88,0.001869,51,2025-08-31 20:34:54.002195,1249.30004882812,1.037,0.0011,"aoml_navis",1033.34920380345
"7901009",81,0,1,0.028035,1,0.005607,1,186.459999621682,1,4.83750850085121,1298.90002441406,1,4.65990018844604,34.9119987487793,0.0280349999666214,0,179.802703857422,-87.7243,26.4764,33.7749641596869,63,63,63,63,61,63,0,8045,1.29563008188212,26,-88,0.001869,51,2025-08-31 20:34:54.002195,1298.90002441406,1.037,0.0011,"aoml_navis",1033.5899149573
"7901009",81,0,1,0.028035,1,0.005607,1,189.657347409365,1,4.83636393054432,1349.5,1,4.56829977035522,34.9160003662109,0.0280349999666214,0,182.885894775391,-87.7243,26.4764,33.7749641596869,63,63,63,63,61,63,0,8045,1.29563008188212,26,-88,0.001869,51,2025-08-31 20:34:54.002195,1349.5,1.037,0.0011,"aoml_navis",1033.83452358129
"7901009",81,0,1,0.033642,1,0.011214,1,192.077970394979,1,4.83526730381253,1399.59997558594,1,4.51980018615723,34.9179992675781,0.0336420014500618,0,185.220092773438,-87.7243,26.4764,33.7749641596869,63,63,63,63,61,63,0,8045,1.29563008188212,26,-88,0.001869,51,2025-08-31 20:34:54.002195,1399.59997558594,1.037,0.0011,"aoml_navis",1034.06899470844
"7901009",81,0,1,0.028035,1,0.005607,1,194.187086954044,1,4.83417680215528,1449.30004882812,1,4.46610021591187,34.9199981689453,0.0280349999666214,0,187.25390625,-87.7243,26.4764,33.7749641596869,63,63,63,63,61,63,0,8045,1.29563008188212,26,-88,0.001869,51,2025-08-31 20:34:54.002195,1449.30004882812,1.037,0.0011,"aoml_navis",1034.30226171513
"7901009",81,0,1,0.031773,1,0.009345,1,196.08068397996,1,4.8330978277862,1499,1,4.42770004272461,34.9220008850098,0.0317730009555817,0,189.079895019531,-87.7243,26.4764,33.7749641596869,63,63,63,63,61,63,0,8045,1.29563008188212,26,-88,0.001869,51,2025-08-31 20:34:54.002195,1499,1.037,0.0011,"aoml_navis",1034.53316654471
"7901009",81,0,1,0.028035,1,0.005607,1,197.445514433208,1,4.83202179291595,1549,1,4.40100002288818,34.923999786377,0.0280349999666214,0,190.39599609375,-87.7243,26.4764,33.7749641596869,63,63,63,63,61,63,0,8045,1.29563008188212,26,-88,0.001869,51,2025-08-31 20:34:54.002195,1549,1.037,0.0011,"aoml_navis",1034.76354500932
"7901009",81,0,1,0.026166,1,0.003738,1,198.504107770079,1,4.83094995076131,1599.30004882812,1,4.38229990005493,34.9249992370605,0.0261659994721413,0,191.416793823242,-87.7243,26.4764,33.7749641596869,63,63,63,63,61,63,0,8045,1.29563008188212,26,-88,0.001869,51,2025-08-31 20:34:54.002195,1599.30004882812,1.037,0.0011,"aoml_navis",1034.99312784477
"7901009",81,0,1,0.031773,1,0.009345,1,199.603463097948,1,4.82988433603445,1649.40002441406,1,4.36450004577637,34.9259986877441,0.0317730009555817,0,192.476898193359,-87.7243,26.4764,33.7749641596869,63,63,63,63,61,63,0,8045,1.29563008188212,26,-88,0.001869,51,2025-08-31 20:34:54.002195,1649.40002441406,1.037,0.0011,"aoml_navis",1035.2214778098
"7901009",81,0,1,0.026166,1,0.003738,1,200.614363639452,1,4.8288213184453,1699.40002441406,1,4.34539985656738,34.9269981384277,0.0261659994721413,0,193.451705932617,-87.7243,26.4764,33.7749641596869,63,63,63,63,61,63,0,8045,1.29563008188212,26,-88,0.001869,51,2025-08-31 20:34:54.002195,1699.40002441406,1.037,0.0011,"aoml_navis",1035.44937165118
"7901009",81,0,1,0.029904,1,0.007476,1,201.288629632627,1,4.82777271982841,1749.09997558594,1,4.33599996566772,34.9280014038086,0.0299040004611015,0,194.101898193359,-87.7243,26.4764,33.7749641596869,63,63,63,63,61,63,0,8045,1.29563008188212,26,-88,0.001869,51,2025-08-31 20:34:54.002195,1749.09997558594,1.037,0.0011,"aoml_navis",1035.67427262353
"7901009",81,0,1,0.028035,1,0.005607,1,201.672956976323,1,4.82671960122647,1799.40002441406,1,4.3306999206543,34.9280014038086,0.0280349999666214,0,194.472503662109,-87.7243,26.4764,33.7749641596869,63,63,63,63,61,63,0,8045,1.29563008188212,26,-88,0.001869,51,2025-08-31 20:34:54.002195,1799.40002441406,1.037,0.0011,"aoml_navis",1035.9002413833
"7901009",81,0,1,0.028035,1,0.005607,1,202.174253511579,1,4.82569260194261,1848.59997558594,1,4.32779979705811,34.9280014038086,0.0280349999666214,0,194.955902099609,-87.7243,26.4764,33.7749641596869,63,63,63,63,61,63,0,8045,1.29563008188212,26,-88,0.001869,51,2025-08-31 20:34:54.002195,1848.59997558594,1.037,0.0011,"aoml_navis",1036.12070068185
"7901009",81,0,1,0.03738,1,0.014952,1,202.552140587288,1,4.82463836329301,1898.90002441406,1,4.32180023193359,34.9290008544922,0.0373799987137318,0,195.320297241211,-87.7243,26.4764,33.7749641596869,63,63,63,63,61,63,0,8045,1.29563008188212,26,-88,0.001869,51,2025-08-31 20:34:54.002195,1898.90002441406,1.037,0.0011,"aoml_navis",1036.34710490245
"7901009",81,0,1,0.026166,1,0.003738,1,203.120751373206,1,4.82360458602804,1948.5,1,4.31689977645874,34.9290008544922,0.0261659994721413,0,195.868606567383,-87.7243,26.4764,33.7749641596869,63,63,63,63,61,63,0,8045,1.29563008188212,26,-88,0.001869,51,2025-08-31 20:34:54.002195,1948.5,1.037,0.0011,"aoml_navis",1036.56921101761
"7901009",81,0,1,0.035511,1,0.013083,1,203.67752599093,1,4.82256098977303,1998.40002441406,1,4.30999994277954,34.9300003051758,0.0355109982192516,0,196.405502319336,-87.7243,26.4764,33.7749641596869,63,63,63,63,61,63,0,8045,1.29563008188212,26,-88,0.001869,51,2025-08-31 20:34:54.002195,1998.40002441406,1.037,0.0011,"aoml_navis",1036.79352331744
"7901009",82,0.0350108134093423,1,0.069153,1,0.046725,1,190.521117305639,1,4.88926896624139,2.29999995231628,1,30.3339996337891,36.3689994812012,0.0691530033946037,0.0560699999332428,183.718795776367,-87.1745,26.1967,21.8554726752109,63,63,63,63,61,63,0.046725,8046,1.33458767306251,26,-87,0.001869,51,2025-09-06 03:11:44.000338,2.29999995231628,1.037,0.0011,"aoml_navis",1022.6477689248
"7901009",82,0.036411245945716,1,0.071022,1,0.048594,1,190.497998796979,1,4.88923763826816,4,1,30.3360004425049,36.3689994812012,0.0710219964385033,0.0579390004277229,183.696502685547,-87.1745,26.1967,21.8554726752109,63,63,63,63,61,63,0.048594,8046,1.33458767306251,26,-87,0.001869,51,2025-09-06 03:11:44.000338,4,1.037,0.0011,"aoml_navis",1022.65432157867
"7901009",82,0.036411245945716,1,0.071022,1,0.048594,1,190.501321785903,1,4.88919689600284,6,1,30.3360004425049,36.3689994812012,0.0710219964385033,0.0579390004277229,183.69970703125,-87.1745,26.1967,21.8554726752109,63,63,63,63,61,63,0.048594,8046,1.33458767306251,26,-87,0.001869,51,2025-09-06 03:11:44.000338,6,1.037,0.0011,"aoml_navis",1022.66284348003
"7901009",82,0.0350108134093423,1,0.069153,1,0.046725,1,190.449356568626,1,4.88915549220089,8.10000038146973,1,30.3390007019043,36.3699989318848,0.0691530033946037,0.0560699999332428,183.649597167969,-87.1745,26.1967,21.8554726752109,63,63,63,63,61,63,0.046725,8046,1.33458767306251,26,-87,0.001869,51,2025-09-06 03:11:44.000338,8.10000038146973,1.037,0.0011,"aoml_navis",1022.67150389795
"7901009",82,0.0336103808729686,1,0.067284,1,0.044856,1,190.438992007933,1,4.88911844289068,10,1,30.3400001525879,36.3699989318848,0.0672840029001236,0.0542009994387627,183.639602661133,-87.1745,26.1967,21.8554726752109,63,63,63,63,61,63,0.044856,8046,1.33458767306251,26,-87,0.001869,51,2025-09-06 03:11:44.000338,10,1.037,0.0011,"aoml_navis",1022.6792536128
"7901009",82,0.0336103808729686,1,0.067284,1,0.044856,1,190.343479811988,1,4.88907302901275,12,1,30.3349990844727,36.3689994812012,0.0672840029001236,0.0542009994387627,183.547500610352,-87.1745,26.1967,21.8554726752109,63,63,63,63,61,63,0.044856,8046,1.33458767306251,26,-87,0.001869,51,2025-09-06 03:11:44.000338,12,1.037,0.0011,"aoml_navis",1022.68875312948
"7901009",82,0.036411245945716,1,0.071022,1,0.048594,1,190.43546331017,1,4.88902322512198,14,1,30.3229999542236,36.3660011291504,0.0710219964385033,0.0579390004277229,183.636199951172,-87.1745,26.1967,21.8554726752109,63,63,63,63,61,63,0.048594,8046,1.33458767306251,26,-87,0.001869,51,2025-09-06 03:11:44.000338,14,1.037,0.0011,"aoml_navis",1022.69917113663
"7901009",82,0.0350108134093423,1,0.069153,1,0.046725,1,190.398546485594,1,4.88897480897808,16,1,30.3139991760254,36.3639984130859,0.0691530033946037,0.0560699999332428,183.600601196289,-87.1745,26.1967,21.8554726752109,63,63,63,63,61,63,0.046725,8046,1.33458767306251,26,-87,0.001869,51,2025-09-06 03:11:44.000338,16,1.037,0.0011,"aoml_navis",1022.70929905755
"7901009",82,0.0392121110184634,1,0.07476,1,0.052332,1,190.478598871162,1,4.88890800255385,18,1,30.2830009460449,36.3569984436035,0.0747599974274635,0.0616770014166832,183.677795410156,-87.1745,26.1967,21.8554726752109,63,63,63,63,61,63,0.052332,8046,1.33458767306251,26,-87,0.001869,51,2025-09-06 03:11:44.000338,18,1.037,0.0011,"aoml_navis",1022.72327427477
"7901009",82,0.0448138411639582,1,0.082236,1,0.059808,1,190.677187018795,1,4.88883519840635,20,1,30.2439994812012,36.3479995727539,0.0822359994053841,0.0691530033946037,183.869293212891,-87.1745,26.1967,21.8554726752109,63,63,63,63,61,63,0.059808,8046,1.33458767306251,26,-87,0.001869,51,2025-09-06 03:11:44.000338,20,1.037,0.0011,"aoml_navis",1022.73850458896
"7901009",82,0.0476147062367056,1,0.085974,1,0.063546,1,190.845298610862,1,4.88876168170079,22,1,30.1979999542236,36.3359985351562,0.0859740003943443,0.0728909969329834,184.031402587891,-87.1745,26.1967,21.8554726752109,63,63,63,63,61,63,0.063546,8046,1.33458767306251,26,-87,0.001869,51,2025-09-06 03:11:44.000338,22,1.037,0.0011,"aoml_navis",1022.75388442754
"7901009",82,0.0532164363822003,1,0.09345,1,0.071022,1,191.053839901512,1,4.88868841394188,24,1,30.1630001068115,36.3289985656738,0.0934500023722649,0.0803669989109039,184.232498168945,-87.1745,26.1967,21.8554726752109,63,63,63,63,61,63,0.071022,8046,1.33458767306251,26,-87,0.001869,51,2025-09-06 03:11:44.000338,24,1.037,0.0011,"aoml_navis",1022.76921264621
"7901009",82,0.0532164363822003,1,0.09345,1,0.071022,1,191.219039922331,1,4.88863180865509,26,1,30.1490001678467,36.3269996643066,0.0934500023722649,0.0803669989109039,184.391799926758,-87.1745,26.1967,21.8554726752109,63,63,63,63,61,63,0.071022,8046,1.33458767306251,26,-87,0.001869,51,2025-09-06 03:11:44.000338,26,1.037,0.0011,"aoml_navis",1022.78105525308
"7901009",82,0.054616868918574,1,0.095319,1,0.072891,1,191.688293429745,1,4.88856146609408,28,1,30.1310005187988,36.3269996643066,0.095319002866745,0.0822359994053841,184.844299316406,-87.1745,26.1967,21.8554726752109,63,63,63,63,61,63,0.072891,8046,1.33458767306251,26,-87,0.001869,51,2025-09-06 03:11:44.000338,28,1.037,0.0011,"aoml_navis",1022.79577226937
"7901009",82,0.0504155713094529,1,0.089712,1,0.067284,1,193.293819264267,1,4.8884643673316,30,1,30.0879993438721,36.3230018615723,0.0897120013833046,0.0766289979219437,186.392501831055,-87.1745,26.1967,21.8554726752109,63,63,63,63,61,63,0.067284,8046,1.33458767306251,26,-87,0.001869,51,2025-09-06 03:11:44.000338,30,1.037,0.0011,"aoml_navis",1022.81608789332
"7901009",82,0.0504155713094529,1,0.089712,1,0.067284,1,196.998287317334,1,4.88818950905758,32,1,29.9300003051758,36.3160018920898,0.0897120013833046,0.0766289979219437,189.964706420898,-87.1745,26.1967,21.8554726752109,63,63,63,63,61,63,0.067284,8046,1.33458767306251,26,-87,0.001869,51,2025-09-06 03:11:44.000338,32,1.037,0.0011,"aoml_navis",1022.87359987481
"7901009",82,0.0490151387730792,1,0.087843,1,0.065415,1,200.372972455275,1,4.88771800858576,34,1,29.6310005187988,36.2999992370605,0.0878430008888245,0.0747599974274635,193.218902587891,-87.1745,26.1967,21.8554726752109,63,63,63,63,61,63,0.065415,8046,1.33458767306251,26,-87,0.001869,51,2025-09-06 03:11:44.000338,34,1.037,0.0011,"aoml_navis",1022.97227279008
"7901009",82,0.0532164363822003,1,0.09345,1,0.071022,1,198.398673968914,1,4.88743886910919,36,1,29.4710006713867,36.2939987182617,0.0934500023722649,0.0803669989109039,191.315093994141,-87.1745,26.1967,21.8554726752109,63,63,63,63,61,63,0.071022,8046,1.33458767306251,26,-87,0.001869,51,2025-09-06 03:11:44.000338,36,1.037,0.0011,"aoml_navis",1023.03069847119
"7901009",82,0.0672207617459372,1,0.11214,1,0.089712,1,195.655752320553,1,4.88724620687714,38.0999984741211,1,29.4249992370605,36.314998626709,0.112139999866486,0.0990569964051247,188.670104980469,-87.1745,26.1967,21.8554726752109,63,63,63,63,61,63,0.089712,8046,1.33458767306251,26,-87,0.001869,51,2025-09-06 03:11:44.000338,38.0999984741211,1.037,0.0011,"aoml_navis",1023.0710278038
"7901009",82,0.072822491891432,1,0.119616,1,0.097188,1,195.725851563104,1,4.88710628748408,40,1,29.3780002593994,36.3219985961914,0.119616001844406,0.106532998383045,188.737701416016,-87.1745,26.1967,21.8554726752109,63,63,63,63,61,63,0.097188,8046,1.33458767306251,26,-87,0.001869,51,2025-09-06 03:11:44.000338,40,1.037,0.0011,"aoml_navis",1023.10031864972
"7901009",82,0.0756233569641794,1,0.123354,1,0.100926,1,195.753432371177,1,4.8869688457486,42,1,29.3159999847412,36.3209991455078,0.123354002833366,0.110270999372005,188.764297485352,-87.1745,26.1967,21.8554726752109,63,63,63,63,61,63,0.100926,8046,1.33458767306251,26,-87,0.001869,51,2025-09-06 03:11:44.000338,42,1.037,0.0011,"aoml_navis",1023.12909245365
"7901009",82,0.0784242220369268,1,0.127092,1,0.104664,1,195.676481441939,1,4.88684212595843,44,1,29.2649993896484,36.3219985961914,0.127092003822327,0.114009000360966,188.690093994141,-87.1745,26.1967,21.8554726752109,63,63,63,63,61,63,0.104664,8046,1.33458767306251,26,-87,0.001869,51,2025-09-06 03:11:44.000338,44,1.037,0.0011,"aoml_navis",1023.15562302299
"7901009",82,0.0770237895005531,1,0.125223,1,0.102795,1,195.648489216189,1,4.88675528834803,46,1,29.2320003509521,36.3199996948242,0.125222995877266,0.112139999866486,188.663101196289,-87.1745,26.1967,21.8554726752109,63,63,63,63,61,63,0.102795,8046,1.33458767306251,26,-87,0.001869,51,2025-09-06 03:11:44.000338,46,1.037,0.0011,"aoml_navis",1023.17380449191
"7901009",82,0.0798246545733005,1,0.128961,1,0.106533,1,195.493764522361,1,4.88665200517522,48,1,29.1909999847412,36.3190002441406,0.128960996866226,0.115878000855446,188.513900756836,-87.1745,26.1967,21.8554726752109,63,63,63,63,61,63,0.106533,8046,1.33458767306251,26,-87,0.001869,51,2025-09-06 03:11:44.000338,48,1.037,0.0011,"aoml_navis",1023.19543006229
"7901009",82,0.0812250871096742,1,0.13083,1,0.108402,1,195.583358633269,1,4.88654483389739,50,1,29.1520004272461,36.3199996948242,0.130830004811287,0.117747001349926,188.600296020508,-87.1745,26.1967,21.8554726752109,63,63,63,63,61,63,0.108402,8046,1.33458767306251,26,-87,0.001869,51,2025-09-06 03:11:44.000338,50,1.037,0.0011,"aoml_navis",1023.21787069579
"7901009",82,0.0896276823279163,1,0.142044,1,0.119616,1,195.812344217682,1,4.88645109078176,52,1,29.1280002593994,36.3240013122559,0.142043992877007,0.128960996866226,188.821105957031,-87.1745,26.1967,21.8554726752109,63,63,63,63,61,63,0.119616,8046,1.33458767306251,26,-87,0.001869,51,2025-09-06 03:11:44.000338,52,1.037,0.0011,"aoml_navis",1023.23750040852
"7901009",82,0.0854263847187953,4,0.136437,1,0.114009,1,195.980550752291,1,4.88637807416924,54,1,29.1280002593994,36.3330001831055,0.136436998844147,0.123354002833366,188.983306884766,-87.1745,26.1967,21.8554726752109,63,63,63,63,61,63,0.114009,8046,1.33458767306251,26,-87,0.001869,51,2025-09-06 03:11:44.000338,54,1.037,0.0011,"aoml_navis",1023.25279053444
"7901009",82,0.0952294124734111,1,0.14952,1,0.127092,1,196.198728710821,1,4.8862964960589,56,1,29.1159992218018,36.3390007019043,0.149519994854927,0.136436998844147,189.193695068359,-87.1745,26.1967,21.8554726752109,63,63,63,63,61,63,0.127092,8046,1.33458767306251,26,-87,0.001869,51,2025-09-06 03:11:44.000338,56,1.037,0.0011,"aoml_navis",1023.26987403094
"7901009",82,0.0938289799370374,1,0.147651,1,0.125223,1,196.591252821592,1,4.88614243796478,58,1,29.0790004730225,36.3540000915527,0.147651001811028,0.134568005800247,189.572204589844,-87.1745,26.1967,21.8554726752109,63,63,63,63,61,63,0.125223,8046,1.33458767306251,26,-87,0.001869,51,2025-09-06 03:11:44.000338,58,1.037,0.0011,"aoml_navis",1023.30213731605
"7901009",82,0.0994307100825322,1,0.155127,1,0.132699,1,196.473334186042,1,4.88601490146336,60,1,29.0249996185303,36.3540000915527,0.155127003788948,0.142043992877007,189.45849609375,-87.1745,26.1967,21.8554726752109,63,63,63,63,61,63,0.132699,8046,1.33458767306251,26,-87,0.001869,51,2025-09-06 03:11:44.000338,60,1.037,0.0011,"aoml_navis",1023.32884791295
"7901009",82,0.107833305300774,1,0.166341,1,0.143913,1,196.490961851098,1,4.88594798123693,62,1,29.0020008087158,36.351001739502,0.166341006755829,0.153257995843887,189.475494384766,-87.1745,26.1967,21.8554726752109,63,63,63,63,61,63,0.143913,8046,1.33458767306251,26,-87,0.001869,51,2025-09-06 03:11:44.000338,62,1.037,0.0011,"aoml_navis",1023.34286390298
"7901009",82,0.109233737837148,1,0.16821,1,0.145782,1,196.441291078555,1,4.88588958376945,64,1,28.9909992218018,36.351001739502,0.168209999799728,0.155127003788948,189.427597045898,-87.1745,26.1967,21.8554726752109,63,63,63,63,61,63,0.145782,8046,1.33458767306251,26,-87,0.001869,51,2025-09-06 03:11:44.000338,64,1.037,0.0011,"aoml_navis",1023.35509517235
"7901009",82,0.109233737837148,1,0.16821,1,0.145782,1,196.753857746299,1,4.88581468176993,66,1,28.9629993438721,36.3479995727539,0.168209999799728,0.155127003788948,189.72900390625,-87.1745,26.1967,21.8554726752109,63,63,63,63,61,63,0.145782,8046,1.33458767306251,26,-87,0.001869,51,2025-09-06 03:11:44.000338,66,1.037,0.0011,"aoml_navis",1023.37078372132
"7901009",82,0.120437198128138,1,0.183162,1,0.160734,1,196.280141939472,1,4.88567402146587,68,1,28.8850002288818,36.3409996032715,0.183162003755569,0.170078992843628,189.272201538086,-87.1745,26.1967,21.8554726752109,63,63,63,63,61,63,0.160734,8046,1.33458767306251,26,-87,0.001869,51,2025-09-06 03:11:44.000338,68,1.037,0.0011,"aoml_navis",1023.40024693253
"7901009",82,0.133041090955501,1,0.199983,1,0.177555,1,195.62920005667,1,4.88553626315311,70,1,28.8579998016357,36.3559989929199,0.19998300075531,0.18690000474453,188.644500732422,-87.1745,26.1967,21.8554726752109,63,63,63,63,61,63,0.177555,8046,1.33458767306251,26,-87,0.001869,51,2025-09-06 03:11:44.000338,70,1.037,0.0011,"aoml_navis",1023.42910392666
"7901009",82,0.133041090955501,1,0.199983,1,0.177555,1,195.498226821773,1,4.88540512241971,72,1,28.7970008850098,36.3540000915527,0.19998300075531,0.18690000474453,188.518203735352,-87.1745,26.1967,21.8554726752109,63,63,63,63,61,63,0.177555,8046,1.33458767306251,26,-87,0.001869,51,2025-09-06 03:11:44.000338,72,1.037,0.0011,"aoml_navis",1023.45657621195
"7901009",82,0.152647146464733,1,0.226149,1,0.203721,1,194.916767055008,1,4.88532041925188,74,1,28.7649993896484,36.3520011901855,0.226148992776871,0.21306599676609,187.957504272461,-87.1745,26.1967,21.8554726752109,63,63,63,63,61,63,0.203721,8046,1.33458767306251,26,-87,0.001869,51,2025-09-06 03:11:44.000338,74,1.037,0.0011,"aoml_navis",1023.47432121263
"7901009",82,0.169452336901217,1,0.248577,1,0.226149,1,193.507139329465,1,4.88516995645777,76,1,28.7029991149902,36.3549995422363,0.248576998710632,0.235494002699852,186.598205566406,-87.1745,26.1967,21.8554726752109,63,63,63,63,61,63,0.226149,8046,1.33458767306251,26,-87,0.001869,51,2025-09-06 03:11:44.000338,76,1.037,0.0011,"aoml_navis",1023.50584412942
"7901009",82,0.173653634510338,1,0.254184,1,0.231756,1,192.249119017665,1,4.88498933099904,78,1,28.6399993896484,36.3660011291504,0.254184007644653,0.241100996732712,185.385101318359,-87.1745,26.1967,21.8554726752109,63,63,63,63,61,63,0.231756,8046,1.33458767306251,26,-87,0.001869,51,2025-09-06 03:11:44.000338,78,1.037,0.0011,"aoml_navis",1023.54368888201
"7901009",82,0.186257527337701,1,0.271005,1,0.248577,1,192.401042906543,1,4.88478858121939,80,1,28.5620002746582,36.3759994506836,0.271005004644394,0.257921993732452,185.531600952148,-87.1745,26.1967,21.8554726752109,63,63,63,63,61,63,0.248577,8046,1.33458767306251,26,-87,0.001869,51,2025-09-06 03:11:44.000338,80,1.037,0.0011,"aoml_navis",1023.58575337806
"7901009",82,0.183456662264954,1,0.267267,1,0.244839,1,192.147910269278,1,4.88469733212641,82,1,28.5370006561279,36.3790016174316,0.267266988754272,0.254184007644653,185.287506103516,-87.1745,26.1967,21.8554726752109,63,63,63,63,61,63,0.244839,8046,1.33458767306251,26,-87,0.001869,51,2025-09-06 03:11:44.000338,82,1.037,0.0011,"aoml_navis",1023.60487457744
"7901009",82,0.205863582846933,1,0.297171,1,0.274743,1,192.130171837924,1,4.88461051579536,84,1,28.507999420166,36.3790016174316,0.297170996665955,0.284087985754013,185.270401000977,-87.1745,26.1967,21.8554726752109,63,63,63,63,61,63,0.274743,8046,1.33458767306251,26,-87,0.001869,51,2025-09-06 03:11:44.000338,84,1.037,0.0011,"aoml_navis",1023.62306755708
"7901009",82,0.21986790821067,1,0.315861,1,0.293433,1,192.200998973287,1,4.88451939423836,86,1,28.4740009307861,36.3779983520508,0.315860986709595,0.302778005599976,185.33869934082,-87.1745,26.1967,21.8554726752109,63,63,63,63,61,63,0.293433,8046,1.33458767306251,26,-87,0.001869,51,2025-09-06 03:11:44.000338,86,1.037,0.0011,"aoml_navis",1023.64216342305
"7901009",82,0.21986790821067,1,0.315861,1,0.293433,1,191.939669630008,1,4.88443705110303,88,1,28.4409999847412,36.375,0.315860986709595,0.302778005599976,185.086700439453,-87.1745,26.1967,21.8554726752109,63,63,63,63,61,63,0.293433,8046,1.33458767306251,26,-87,0.001869,51,2025-09-06 03:11:44.000338,88,1.037,0.0011,"aoml_navis",1023.65942025415
"7901009",82,0.250677424010891,1,0.356979,1,0.334551,1,191.358826989756,1,4.88431663550388,90,1,28.3929996490479,36.3759994506836,0.356979012489319,0.343896001577377,184.526596069336,-87.1745,26.1967,21.8554726752109,63,63,63,63,61,63,0.334551,8046,1.33458767306251,26,-87,0.001869,51,2025-09-06 03:11:44.000338,90,1.037,0.0011,"aoml_navis",1023.68465706241
"7901009",82,0.23527266611078,4,0.33642,1,0.313992,1,190.537922135343,1,4.88418702517749,92,1,28.3549995422363,36.3839988708496,0.336419999599457,0.323336988687515,183.735000610352,-87.1745,26.1967,21.8554726752109,63,63,63,63,61,63,0.313992,8046,1.33458767306251,26,-87,0.001869,51,2025-09-06 03:11:44.000338,92,1.037,0.0011,"aoml_navis",1023.71182230031
"7901009",82,0.250677424010891,1,0.356979,1,0.334551,1,189.775818361137,1,4.88408362299809,94,1,28.3290004730225,36.3899993896484,0.356979012489319,0.343896001577377,183.000106811523,-87.1745,26.1967,21.8554726752109,63,63,63,63,61,63,0.334551,8046,1.33458767306251,26,-87,0.001869,51,2025-09-06 03:11:44.000338,94,1.037,0.0011,"aoml_navis",1023.73349556426
"7901009",82,0.256279154156386,1,0.364455,1,0.342027,1,189.307276922779,1,4.88394746181813,96,1,28.2800006866455,36.3950004577637,0.364455014467239,0.351372003555298,182.548294067383,-87.1745,26.1967,21.8554726752109,63,63,63,63,61,63,0.342027,8046,1.33458767306251,26,-87,0.001869,51,2025-09-06 03:11:44.000338,96,1.037,0.0011,"aoml_navis",1023.76203656758
"7901009",82,0.266082181911002,1,0.377538,1,0.35511,1,189.024284856463,1,4.88382445509396,98,1,28.2369995117188,36.398998260498,0.377537995576859,0.364455014467239,182.275405883789,-87.1745,26.1967,21.8554726752109,63,63,63,63,61,63,0.35511,8046,1.33458767306251,26,-87,0.001869,51,2025-09-06 03:11:44.000338,98,1.037,0.0011,"aoml_navis",1023.78782160871
"7901009",82,0.292690400102102,1,0.413049,1,0.390621,1,188.807752568638,1,4.88373665032926,100,1,28.2140007019043,36.4020004272461,0.413049012422562,0.39996600151062,182.066604614258,-87.1745,26.1967,21.8554726752109,63,63,63,63,61,63,0.390621,8046,1.33458767306251,26,-87,0.001869,51,2025-09-06 03:11:44.000338,100,1.037,0.0011,"aoml_navis",1023.80622830326
"7901009",82,0.305294292929465,1,0.42987,1,0.407442,1,188.909483500999,1,4.88364184533873,102,1,28.181999206543,36.4029998779297,0.429870009422302,0.416786998510361,182.164703369141,-87.1745,26.1967,21.8554726752109,63,63,63,63,61,63,0.407442,8046,1.33458767306251,26,-87,0.001869,51,2025-09-06 03:11:44.000338,102,1.037,0.0011,"aoml_navis",1023.82610321278
"7901009",82,0.315097320684081,1,0.442953,1,0.420525,1,189.310394202865,1,4.88352858910073,104,1,28.0949993133545,36.3849983215332,0.442952990531921,0.429870009422302,182.551300048828,-87.1745,26.1967,21.8554726752109,63,63,63,63,61,63,0.420525,8046,1.33458767306251,26,-87,0.001869,51,2025-09-06 03:11:44.000338,104,1.037,0.0011,"aoml_navis",1023.84984725168
"7901009",82,0.322099483365949,1,0.452298,1,0.42987,1,189.036833095592,1,4.88344122007645,106,1,28.0380001068115,36.3730010986328,0.452297985553741,0.439215004444122,182.287506103516,-87.1745,26.1967,21.8554726752109,63,63,63,63,61,63,0.42987,8046,1.33458767306251,26,-87,0.001869,51,2025-09-06 03:11:44.000338,106,1.037,0.0011,"aoml_navis",1023.86816481877
"7901009",82,0.327701213511444,1,0.459774,1,0.437346,1,188.193316092735,1,4.88332439679116,108,1,27.9850006103516,36.3709983825684,0.459773987531662,0.446691006422043,181.474105834961,-87.1745,26.1967,21.8554726752109,63,63,63,63,61,63,0.437346,8046,1.33458767306251,26,-87,0.001869,51,2025-09-06 03:11:44.000338,108,1.037,0.0011,"aoml_navis",1023.89265871534
"7901009",82,0.343105971411555,1,0.480333,1,0.457905,1,187.537801144223,1,4.88319107677943,110,1,27.9260005950928,36.3709983825684,0.480333000421524,0.467249989509583,180.841995239258,-87.1745,26.1967,21.8554726752109,63,63,63,63,61,63,0.457905,8046,1.33458767306251,26,-87,0.001869,51,2025-09-06 03:11:44.000338,110,1.037,0.0011,"aoml_navis",1023.92061285007
"7901009",82,0.376716352284523,1,0.525189,1,0.502761,1,187.386304496778,1,4.88307464122412,112,1,27.8799991607666,36.3720016479492,0.525188982486725,0.512106001377106,180.695907592773,-87.1745,26.1967,21.8554726752109,63,63,63,63,61,63,0.502761,8046,1.33458767306251,26,-87,0.001869,51,2025-09-06 03:11:44.000338,112,1.037,0.0011,"aoml_navis",1023.94502795201
"7901009",82,0.413127598230239,1,0.573783,1,0.551355,1,187.484506731376,1,4.8829286519745,114,1,27.798999786377,36.3660011291504,0.573782980442047,0.560699999332428,180.790603637695,-87.1745,26.1967,21.8554726752109,63,63,63,63,61,63,0.551355,8046,1.33458767306251,26,-87,0.001869,51,2025-09-06 03:11:44.000338,114,1.037,0.0011,"aoml_navis",1023.97564174487
"7901009",82,0.452339709248703,1,0.626115,1,0.603687,1,186.804211779741,1,4.88274357663358,116,1,27.6790008544922,36.3540000915527,0.626115024089813,0.613031983375549,180.13459777832,-87.1745,26.1967,21.8554726752109,63,63,63,63,61,63,0.603687,8046,1.33458767306251,26,-87,0.001869,51,2025-09-06 03:11:44.000338,116,1.037,0.0011,"aoml_navis",1024.0144544816
"7901009",82,0.469144899685187,1,0.648543,1,0.626115,1,184.139681022485,1,4.88257761114305,118,1,27.6469993591309,36.375,0.648543000221252,0.635460019111633,177.565200805664,-87.1745,26.1967,21.8554726752109,63,63,63,63,61,63,0.626115,8046,1.33458767306251,26,-87,0.001869,51,2025-09-06 03:11:44.000338,118,1.037,0.0011,"aoml_navis",1024.04926213338
"7901009",82,0.478947927439803,1,0.661626,1,0.639198,1,182.85802001805,1,4.88227728260256,120,1,27.5540008544922,36.4070014953613,0.661625981330872,0.648543000221252,176.329299926758,-87.1745,26.1967,21.8554726752109,63,63,63,63,61,63,0.639198,8046,1.33458767306251,26,-87,0.001869,51,2025-09-06 03:11:44.000338,120,1.037,0.0011,"aoml_navis",1024.11225552816
"7901009",82,0.476147062367056,1,0.657888,1,0.63546,1,182.623543590033,1,4.88212708008436,122,1,27.4720001220703,36.4020004272461,0.657887995243073,0.644805014133453,176.10319519043,-87.1745,26.1967,21.8554726752109,63,63,63,63,61,63,0.63546,8046,1.33458767306251,26,-87,0.001869,51,2025-09-06 03:11:44.000338,122,1.037,0.0011,"aoml_navis",1024.1437631553
"7901009",82,0.432733653739471,4,0.599949,1,0.577521,1,182.537478176888,1,4.88197906824313,124,1,27.3819999694824,36.3930015563965,0.59994900226593,0.586866021156311,176.020202636719,-87.1745,26.1967,21.8554726752109,63,63,63,63,61,63,0.577521,8046,1.33458767306251,26,-87,0.001869,51,2025-09-06 03:11:44.000338,124,1.037,0.0011,"aoml_navis",1024.17481314588
"7901009",82,0.448138411639582,1,0.620508,1,0.59808,1,181.951556110709,1,4.88180768046959,126,1,27.2789993286133,36.3849983215332,0.620508015155792,0.607424974441528,175.455200195312,-87.1745,26.1967,21.8554726752109,63,63,63,63,61,63,0.59808,8046,1.33458767306251,26,-87,0.001869,51,2025-09-06 03:11:44.000338,126,1.037,0.0011,"aoml_navis",1024.21076930237
"7901009",82,0.421530193448481,1,0.584997,1,0.562569,1,180.218886390432,1,4.88167447695166,128,1,27.253999710083,36.4000015258789,0.584996998310089,0.57191401720047,173.784393310547,-87.1745,26.1967,21.8554726752109,63,63,63,63,61,63,0.562569,8046,1.33458767306251,26,-87,0.001869,51,2025-09-06 03:11:44.000338,128,1.037,0.0011,"aoml_navis",1024.23871636812
"7901009",82,0.392121110184634,1,0.545748,1,0.52332,1,178.239112884224,1,4.88139688848267,130,1,27.3120002746582,36.4910011291504,0.545747995376587,0.532665014266968,171.875305175781,-87.1745,26.1967,21.8554726752109,63,63,63,63,61,63,0.52332,8046,1.33458767306251,26,-87,0.001869,51,2025-09-06 03:11:44.000338,130,1.037,0.0011,"aoml_navis",1024.29696134669
"7901009",82,0.352908999166171,1,0.493416,1,0.470988,1,175.822524572008,1,4.88106110092202,132.100006103516,1,27.1919994354248,36.5209999084473,0.493416011333466,0.480333000421524,169.544998168945,-87.1745,26.1967,21.8554726752109,63,63,63,63,61,63,0.470988,8046,1.33458767306251,26,-87,0.001869,51,2025-09-06 03:11:44.000338,132.100006103516,1.037,0.0011,"aoml_navis",1024.36742679896
"7901009",82,0.351508566629797,1,0.491547,1,0.469119,1,174.922279401082,1,4.88066786331385,134.100006103516,1,27.0470008850098,36.556999206543,0.491546988487244,0.478464007377625,168.676895141602,-87.1745,26.1967,21.8554726752109,63,63,63,63,61,63,0.469119,8046,1.33458767306251,26,-87,0.001869,51,2025-09-06 03:11:44.000338,134.100006103516,1.037,0.0011,"aoml_navis",1024.44996054395
"7901009",82,0.33750424126606,1,0.472857,1,0.450429,1,174.246462572617,1,4.88052259904675,136,1,26.9939994812012,36.5639991760254,0.472856998443604,0.459773987531662,168.025207519531,-87.1745,26.1967,21.8554726752109,63,63,63,63,61,63,0.450429,8046,1.33458767306251,26,-87,0.001869,51,2025-09-06 03:11:44.000338,136,1.037,0.0011,"aoml_navis",1024.48045235496
"7901009",82,0.333302943656939,1,0.46725,1,0.444822,1,173.361772154609,1,4.88043836362362,138,1,26.9680004119873,36.564998626709,0.467249989509583,0.454167008399963,167.172103881836,-87.1745,26.1967,21.8554726752109,63,63,63,63,61,63,0.444822,8046,1.33458767306251,26,-87,0.001869,51,2025-09-06 03:11:44.000338,138,1.037,0.0011,"aoml_navis",1024.49813468961
"7901009",82,0.285688237420233,1,0.403704,1,0.381276,1,171.270599400646,1,4.88014391496551,140,1,26.8540000915527,36.5870018005371,0.403703987598419,0.3906210064888,165.15559387207,-87.1745,26.1967,21.8554726752109,63,63,63,63,61,63,0.381276,8046,1.33458767306251,26,-87,0.001869,51,2025-09-06 03:11:44.000338,140,1.037,0.0011,"aoml_navis",1024.55994887096
"7901009",82,0.233872233574407,4,0.334551,1,0.312123,1,169.820114735088,1,4.87959963734656,142,1,26.6299991607666,36.6319999694824,0.334551006555557,0.321467995643616,163.756896972656,-87.1745,26.1967,21.8554726752109,63,63,63,63,61,63,0.312123,8046,1.33458767306251,26,-87,0.001869,51,2025-09-06 03:11:44.000338,142,1.037,0.0011,"aoml_navis",1024.67422977327
"7901009",82,0.242274828792649,1,0.345765,1,0.323337,1,168.470110925106,1,4.87930226429883,144,1,26.4990005493164,36.6479988098145,0.345764994621277,0.332682013511658,162.455093383789,-87.1745,26.1967,21.8554726752109,63,63,63,63,61,63,0.323337,8046,1.33458767306251,26,-87,0.001869,51,2025-09-06 03:11:44.000338,144,1.037,0.0011,"aoml_navis",1024.73667937818
"7901009",82,0.203062717774185,1,0.293433,1,0.271005,1,166.5958977004,1,4.87892171520888,146,1,26.3150005340576,36.6650009155273,0.293433010578156,0.280349999666214,160.647796630859,-87.1745,26.1967,21.8554726752109,63,63,63,63,61,63,0.271005,8046,1.33458767306251,26,-87,0.001869,51,2025-09-06 03:11:44.000338,146,1.037,0.0011,"aoml_navis",1024.81660741014
"7901009",82,0.169452336901217,1,0.248577,1,0.226149,1,164.975861480908,1,4.87838625707701,148,1,26.0629997253418,36.6969985961914,0.248576998710632,0.235494002699852,159.085601806641,-87.1745,26.1967,21.8554726752109,63,63,63,63,61,63,0.226149,8046,1.33458767306251,26,-87,0.001869,51,2025-09-06 03:11:44.000338,148,1.037,0.0011,"aoml_navis",1024.92909263726
"7901009",82,0.138642821100996,1,0.207459,1,0.185031,1,163.611853646172,1,4.87794812011575,150,1,25.8649997711182,36.7249984741211,0.207459002733231,0.19437600672245,157.770294189453,-87.1745,26.1967,21.8554726752109,63,63,63,63,61,63,0.185031,8046,1.33458767306251,26,-87,0.001869,51,2025-09-06 03:11:44.000338,150,1.037,0.0011,"aoml_navis",1025.02115169715
"7901009",82,0.133041090955501,1,0.199983,1,0.177555,1,162.541123319662,1,4.87757162250536,152,1,25.693000793457,36.7470016479492,0.19998300075531,0.18690000474453,156.73779296875,-87.1745,26.1967,21.8554726752109,63,63,63,63,61,63,0.177555,8046,1.33458767306251,26,-87,0.001869,51,2025-09-06 03:11:44.000338,152,1.037,0.0011,"aoml_navis",1025.10027262947
"7901009",82,0.126038928273632,1,0.190638,1,0.16821,1,160.303754876775,1,4.87723664080293,154,1,25.5410003662109,36.765998840332,0.19063800573349,0.177554994821548,154.580307006836,-87.1745,26.1967,21.8554726752109,63,63,63,63,61,63,0.16821,8046,1.33458767306251,26,-87,0.001869,51,2025-09-06 03:11:44.000338,154,1.037,0.0011,"aoml_navis",1025.17067926744
"7901009",82,0.0924285474006637,1,0.145782,1,0.123354,1,159.127037027329,1,4.87663742978998,156,1,25.2630004882812,36.806999206543,0.145781993865967,0.132698997855186,153.445602416992,-87.1745,26.1967,21.8554726752109,63,63,63,63,61,63,0.123354,8046,1.33458767306251,26,-87,0.001869,51,2025-09-06 03:11:44.000338,156,1.037,0.0011,"aoml_navis",1025.29664589302
"7901009",82,0.0770237895005531,1,0.125223,1,0.102795,1,158.570673738822,1,4.87631963121841,158,1,25.1040000915527,36.8190002441406,0.125222995877266,0.112139999866486,152.909103393555,-87.1745,26.1967,21.8554726752109,63,63,63,63,61,63,0.102795,8046,1.33458767306251,26,-87,0.001869,51,2025-09-06 03:11:44.000338,158,1.037,0.0011,"aoml_navis",1025.36346633018
"7901009",82,0.072822491891432,1,0.119616,1,0.097188,1,157.977694277118,1,4.87611451747898,160,1,25.0139999389648,36.8279991149902,0.119616001844406,0.106532998383045,152.337295532227,-87.1745,26.1967,21.8554726752109,63,63,63,63,61,63,0.097188,8046,1.33458767306251,26,-87,0.001869,51,2025-09-06 03:11:44.000338,160,1.037,0.0011,"aoml_navis",1025.40659824066
"7901009",82,0.0644198966731899,1,0.108402,1,0.085974,1,157.145902678037,1,4.87596085671824,162,1,24.9589996337891,36.8370018005371,0.108401998877525,0.095319002866745,151.535202026367,-87.1745,26.1967,21.8554726752109,63,63,63,63,61,63,0.085974,8046,1.33458767306251,26,-87,0.001869,51,2025-09-06 03:11:44.000338,162,1.037,0.0011,"aoml_navis",1025.43891284747
"7901009",82,0.0588181665276951,1,0.100926,1,0.078498,1,156.350094301883,1,4.87569983837813,164,1,24.8549995422363,36.8559989929199,0.100925996899605,0.0878430008888245,150.767807006836,-87.1745,26.1967,21.8554726752109,63,63,63,63,61,63,0.078498,8046,1.33458767306251,26,-87,0.001869,51,2025-09-06 03:11:44.000338,164,1.037,0.0011,"aoml_navis",1025.49380924631
"7901009",82,0.0504155713094529,1,0.089712,1,0.067284,1,154.596378985084,1,4.87549113375133,166,1,24.761999130249,36.8650016784668,0.0897120013833046,0.0766289979219437,149.076705932617,-87.1745,26.1967,21.8554726752109,63,63,63,63,61,63,0.067284,8046,1.33458767306251,26,-87,0.001869,51,2025-09-06 03:11:44.000338,166,1.037,0.0011,"aoml_navis",1025.53770744997
"7901009",82,0.0378116784820897,1,0.072891,1,0.050463,1,152.231645123847,1,4.87502431225758,168,1,24.5179996490479,36.8849983215332,0.0728909969329834,0.0598080009222031,146.796401977539,-87.1745,26.1967,21.8554726752109,63,63,63,63,61,63,0.050463,8046,1.33458767306251,26,-87,0.001869,51,2025-09-06 03:11:44.000338,168,1.037,0.0011,"aoml_navis",1025.63591066165
"7901009",82,0.0350108134093423,1,0.069153,1,0.046725,1,150.895328863483,1,4.87458982753391,170,1,24.2849998474121,36.9010009765625,0.0691530033946037,0.0560699999332428,145.507797241211,-87.1745,26.1967,21.8554726752109,63,63,63,63,61,63,0.046725,8046,1.33458767306251,26,-87,0.001869,51,2025-09-06 03:11:44.000338,170,1.037,0.0011,"aoml_navis",1025.72732822723
"7901009",82,0.0378116784820897,1,0.072891,1,0.050463,1,150.577999244947,1,4.87430273522557,172,1,24.1359996795654,36.9099998474121,0.0728909969329834,0.0598080009222031,145.201797485352,-87.1745,26.1967,21.8554726752109,63,63,63,63,61,63,0.050463,8046,1.33458767306251,26,-87,0.001869,51,2025-09-06 03:11:44.000338,172,1.037,0.0011,"aoml_navis",1025.78774269929
"7901009",82,0.0406125435548371,1,0.076629,1,0.054201,1,150.774830955576,1,4.8740038422018,174,1,23.9580001831055,36.9109992980957,0.0766289979219437,0.0635460019111633,145.3916015625,-87.1745,26.1967,21.8554726752109,63,63,63,63,61,63,0.054201,8046,1.33458767306251,26,-87,0.001869,51,2025-09-06 03:11:44.000338,174,1.037,0.0011,"aoml_navis",1025.85064802519
"7901009",82,0.0392121110184634,1,0.07476,1,0.052332,1,150.605690819318,1,4.8738254978005,176,1,23.8640003204346,36.9119987487793,0.0747599974274635,0.0616770014166832,145.228500366211,-87.1745,26.1967,21.8554726752109,63,63,63,63,61,63,0.052332,8046,1.33458767306251,26,-87,0.001869,51,2025-09-06 03:11:44.000338,176,1.037,0.0011,"aoml_navis",1025.88818624229
"7901009",82,0.0434134086275845,1,0.080367,1,0.057939,1,150.330151742447,1,4.87361832262737,178,1,23.7520008087158,36.9140014648438,0.0803669989109039,0.0672840029001236,144.962799072266,-87.1745,26.1967,21.8554726752109,63,63,63,63,61,63,0.057939,8046,1.33458767306251,26,-87,0.001869,51,2025-09-06 03:11:44.000338,178,1.037,0.0011,"aoml_navis",1025.93179625615
"7901009",82,0.0392121110184634,1,0.07476,1,0.052332,1,150.153954210663,1,4.87337202272043,180,1,23.6119995117188,36.9160003662109,0.0747599974274635,0.0616770014166832,144.792892456055,-87.1745,26.1967,21.8554726752109,63,63,63,63,61,63,0.052332,8046,1.33458767306251,26,-87,0.001869,51,2025-09-06 03:11:44.000338,180,1.037,0.0011,"aoml_navis",1025.9836467828
"7901009",82,0.0434134086275845,1,0.080367,1,0.057939,1,149.912847628553,1,4.87321820145525,182,1,23.5319995880127,36.9160003662109,0.0803669989109039,0.0672840029001236,144.560394287109,-87.1745,26.1967,21.8554726752109,63,63,63,63,61,63,0.057939,8046,1.33458767306251,26,-87,0.001869,51,2025-09-06 03:11:44.000338,182,1.037,0.0011,"aoml_navis",1026.01603156347
"7901009",82,0.0392121110184634,1,0.07476,1,0.052332,1,149.888273334268,1,4.8730744662642,184,1,23.4589996337891,36.9160003662109,0.0747599974274635,0.0616770014166832,144.536697387695,-87.1745,26.1967,21.8554726752109,63,63,63,63,61,63,0.052332,8046,1.33458767306251,26,-87,0.001869,51,2025-09-06 03:11:44.000338,184,1.037,0.0011,"aoml_navis",1026.04629471897
"7901009",82,0.0392121110184634,1,0.07476,1,0.052332,1,149.786858877043,1,4.87298653894839,186,1,23.4230003356934,36.9150009155273,0.0747599974274635,0.0616770014166832,144.438903808594,-87.1745,26.1967,21.8554726752109,63,63,63,63,61,63,0.052332,8046,1.33458767306251,26,-87,0.001869,51,2025-09-06 03:11:44.000338,186,1.037,0.0011,"aoml_navis",1026.06480851864
"7901009",82,0.0378116784820897,1,0.072891,1,0.050463,1,150.008882008472,1,4.8728124054339,188,1,23.3229999542236,36.9129981994629,0.0728909969329834,0.0598080009222031,144.65299987793,-87.1745,26.1967,21.8554726752109,63,63,63,63,61,63,0.050463,8046,1.33458767306251,26,-87,0.001869,51,2025-09-06 03:11:44.000338,188,1.037,0.0011,"aoml_navis",1026.10147569487
"7901009",82,0.0406125435548371,1,0.076629,1,0.054201,1,150.198656323576,1,4.87266181375194,190,1,23.2369995117188,36.9099998474121,0.0766289979219437,0.0635460019111633,144.835998535156,-87.1745,26.1967,21.8554726752109,63,63,63,63,61,63,0.054201,8046,1.33458767306251,26,-87,0.001869,51,2025-09-06 03:11:44.000338,190,1.037,0.0011,"aoml_navis",1026.13318779659
"7901009",82,0.0406125435548371,1,0.076629,1,0.054201,1,149.6988154943,1,4.87253766446243,192,1,23.1620006561279,36.9039993286133,0.0766289979219437,0.0635460019111633,144.35400390625,-87.1745,26.1967,21.8554726752109,63,63,63,63,61,63,0.054201,8046,1.33458767306251,26,-87,0.001869,51,2025-09-06 03:11:44.000338,192,1.037,0.0011,"aoml_navis",1026.15933304471
"7901009",82,0.0420129760912108,1,0.078498,1,0.05607,1,148.846896076591,1,4.87223717488288,194,1,22.9419994354248,36.890998840332,0.0784979984164238,0.0654150024056435,143.532501220703,-87.1745,26.1967,21.8554726752109,63,63,63,63,61,63,0.05607,8046,1.33458767306251,26,-87,0.001869,51,2025-09-06 03:11:44.000338,194,1.037,0.0011,"aoml_navis",1026.22262023199
"7901009",82,0.0448138411639582,1,0.082236,1,0.059808,1,147.877690973603,1,4.87200200850645,196,1,22.7810001373291,36.882999420166,0.0822359994053841,0.0691530033946037,142.597900390625,-87.1745,26.1967,21.8554726752109,63,63,63,63,61,63,0.059808,8046,1.33458767306251,26,-87,0.001869,51,2025-09-06 03:11:44.000338,196,1.037,0.0011,"aoml_navis",1026.27215491087
"7901009",82,0.0406125435548371,1,0.076629,1,0.054201,1,146.380636991832,1,4.87179906885852,198,1,22.6609992980957,36.8819999694824,0.0766289979219437,0.0635460019111633,141.154296875,-87.1745,26.1967,21.8554726752109,63,63,63,63,61,63,0.054201,8046,1.33458767306251,26,-87,0.001869,51,2025-09-06 03:11:44.000338,198,1.037,0.0011,"aoml_navis",1026.31490530079
"7901009",82,0.0238073531183528,1,0.054201,1,0.031773,1,145.470438677889,1,4.87144795711926,200,1,22.4720001220703,36.8959999084473,0.0542009994387627,0.041117999702692,140.276596069336,-87.1745,26.1967,21.8554726752109,63,63,63,63,61,63,0.031773,8046,1.33458767306251,26,-87,0.001869,51,2025-09-06 03:11:44.000338,200,1.037,0.0011,"aoml_navis",1026.38887739586
"7901009",82,0.0140043253637369,1,0.041118,1,0.01869,1,144.937510373179,1,4.87121732384628,202,1,22.3649997711182,36.9080009460449,0.041117999702692,0.0280349999666214,139.7626953125,-87.1745,26.1967,21.8554726752109,63,63,63,63,61,63,0.01869,8046,1.33458767306251,26,-87,0.001869,51,2025-09-06 03:11:44.000338,202,1.037,0.0011,"aoml_navis",1026.43747293377
"7901009",82,0.0126038928273632,1,0.039249,1,0.016821,1,144.890118221612,1,4.87095176669903,204,1,22.1949996948242,36.9059982299805,0.0392489992082119,0.0261659994721413,139.716995239258,-87.1745,26.1967,21.8554726752109,63,63,63,63,61,63,0.016821,8046,1.33458767306251,26,-87,0.001869,51,2025-09-06 03:11:44.000338,204,1.037,0.0011,"aoml_navis",1026.49343279957
"7901009",82,0.00700216268186846,1,0.031773,1,0.009345,1,144.857869405287,1,4.8707590317173,206,1,22.0620002746582,36.8979988098145,0.0317730009555817,0.0186899993568659,139.685897827148,-87.1745,26.1967,21.8554726752109,63,63,63,63,61,63,0.009345,8046,1.33458767306251,26,-87,0.001869,51,2025-09-06 03:11:44.000338,206,1.037,0.0011,"aoml_navis",1026.53405094383
"7901009",82,0.00560173014549477,1,0.029904,1,0.007476,1,144.759556404392,1,4.87064670857968,208,1,21.996000289917,36.8930015563965,0.0299040004611015,0.0168210007250309,139.591094970703,-87.1745,26.1967,21.8554726752109,63,63,63,63,61,63,0.007476,8046,1.33458767306251,26,-87,0.001869,51,2025-09-06 03:11:44.000338,208,1.037,0.0011,"aoml_navis",1026.55772408877
"7901009",82,0.00280086507274739,1,0.026166,1,0.003738,1,144.786314377113,1,4.8704927120015,210,1,21.8990001678467,36.8880004882812,0.0261659994721413,0.0130829997360706,139.616897583008,-87.1745,26.1967,21.8554726752109,63,63,63,63,61,63,0.003738,8046,1.33458767306251,26,-87,0.001869,51,2025-09-06 03:11:44.000338,210,1.037,0.0011,"aoml_navis",1026.59018207324
"7901009",82,0.00280086507274739,1,0.026166,1,0.003738,1,145.02566452222,1,4.87025620042038,212,1,21.7350006103516,36.8810005187988,0.0261659994721413,0.0130829997360706,139.847702026367,-87.1745,26.1967,21.8554726752109,63,63,63,63,61,63,0.003738,8046,1.33458767306251,26,-87,0.001869,51,2025-09-06 03:11:44.000338,212,1.037,0.0011,"aoml_navis",1026.64003580929
"7901009",82,0.00140043253637369,1,0.024297,1,0.001869,1,145.095558055932,1,4.87011437939756,214,1,21.6410007476807,36.8740005493164,0.0242970008403063,0.0112140001729131,139.915100097656,-87.1745,26.1967,21.8554726752109,63,63,63,63,61,63,0.001869,8046,1.33458767306251,26,-87,0.001869,51,2025-09-06 03:11:44.000338,214,1.037,0.0011,"aoml_navis",1026.66993226112
"7901009",82,0.00420129760912108,1,0.028035,1,0.005607,1,145.272689189366,1,4.86996060743767,216,1,21.5270004272461,36.8629989624023,0.0280349999666214,0.0149520002305508,140.085906982422,-87.1745,26.1967,21.8554726752109,63,63,63,63,61,63,0.005607,8046,1.33458767306251,26,-87,0.001869,51,2025-09-06 03:11:44.000338,216,1.037,0.0011,"aoml_navis",1026.70234998692
"7901009",82,0.00280086507274739,1,0.026166,1,0.003738,1,145.371714259317,1,4.86983317276719,218,1,21.4270000457764,36.8499984741211,0.0261659994721413,0.0130829997360706,140.181396484375,-87.1745,26.1967,21.8554726752109,63,63,63,63,61,63,0.003738,8046,1.33458767306251,26,-87,0.001869,51,2025-09-06 03:11:44.000338,218,1.037,0.0011,"aoml_navis",1026.72921691871
"7901009",82,0.00560173014549477,1,0.029904,1,0.007476,1,145.499586037885,1,4.86971938315339,220,1,21.3369998931885,36.8370018005371,0.0299040004611015,0.0168210007250309,140.304702758789,-87.1745,26.1967,21.8554726752109,63,63,63,63,61,63,0.007476,8046,1.33458767306251,26,-87,0.001869,51,2025-09-06 03:11:44.000338,220,1.037,0.0011,"aoml_navis",1026.75320826438
"7901009",82,0.00140043253637369,1,0.024297,1,0.001869,1,146.067769672709,1,4.86952676541339,222,1,21.2089996337891,36.8320007324219,0.0242970008403063,0.0112140001729131,140.852600097656,-87.1745,26.1967,21.8554726752109,63,63,63,63,61,63,0.001869,8046,1.33458767306251,26,-87,0.001869,51,2025-09-06 03:11:44.000338,222,1.037,0.0011,"aoml_navis",1026.79382224846
"7901009",82,-0.00560173014549477,1,0.014952,1,-0.007476,1,146.162142558166,1,4.86941879397767,224,1,21.1720008850098,36.8370018005371,0.0149520002305508,0.00186900002881885,140.943603515625,-87.1745,26.1967,21.8554726752109,63,63,63,63,61,63,-0.007476,8046,1.33458767306251,26,-87,0.001869,51,2025-09-06 03:11:44.000338,224,1.037,0.0011,"aoml_navis",1026.81658973014
"7901009",82,-0.00280086507274739,1,0.01869,1,-0.003738,1,146.207145322458,1,4.86933577543685,226,1,21.1319999694824,36.8339996337891,0.0186899993568659,0.00560700008645654,140.986999511719,-87.1745,26.1967,21.8554726752109,63,63,63,63,61,63,-0.003738,8046,1.33458767306251,26,-87,0.001869,51,2025-09-06 03:11:44.000338,226,1.037,0.0011,"aoml_navis",1026.83409618665
"7901009",82,-0.00700216268186846,4,0.013083,1,-0.009345,1,146.396824695021,1,4.86921383123254,228,1,21.0459995269775,36.8250007629395,0.0130829997360706,0,141.169906616211,-87.1745,26.1967,21.8554726752109,63,63,63,63,61,63,-0.009345,8046,1.33458767306251,26,-87,0.001869,51,2025-09-06 03:11:44.000338,228,1.037,0.0011,"aoml_navis",1026.85981213816
"7901009",82,0,1,0.022428,1,0,1,146.757812058523,1,4.86903278080983,230,1,20.9009990692139,36.8110008239746,0.0224280003458261,0.00934499967843294,141.518005371094,-87.1745,26.1967,21.8554726752109,63,63,63,63,61,63,0,8046,1.33458767306251,26,-87,0.001869,51,2025-09-06 03:11:44.000338,230,1.037,0.0011,"aoml_navis",1026.89799495833
"7901009",82,-0.00140043253637369,1,0.020559,1,-0.001869,1,146.960340321595,1,4.86891751384784,232,1,20.8139991760254,36.7999992370605,0.020558999851346,0.00747600011527538,141.713302612305,-87.1745,26.1967,21.8554726752109,63,63,63,63,61,63,-0.001869,8046,1.33458767306251,26,-87,0.001869,51,2025-09-06 03:11:44.000338,232,1.037,0.0011,"aoml_navis",1026.92230578549
"7901009",82,-0.00140043253637369,1,0.020559,1,-0.001869,1,147.087784858729,1,4.8688529906073,234,1,20.7849998474121,36.7960014343262,0.020558999851346,0.00747600011527538,141.836196899414,-87.1745,26.1967,21.8554726752109,63,63,63,63,61,63,-0.001869,8046,1.33458767306251,26,-87,0.001869,51,2025-09-06 03:11:44.000338,234,1.037,0.0011,"aoml_navis",1026.93591481314
"7901009",82,-0.00280086507274739,1,0.01869,1,-0.003738,1,147.293541168184,1,4.86873901825389,236,1,20.7070007324219,36.7879981994629,0.0186899993568659,0.00560700008645654,142.034606933594,-87.1745,26.1967,21.8554726752109,63,63,63,63,61,63,-0.003738,8046,1.33458767306251,26,-87,0.001869,51,2025-09-06 03:11:44.000338,236,1.037,0.0011,"aoml_navis",1026.95995436477
"7901009",82,-0.00280086507274739,1,0.01869,1,-0.003738,1,147.456146092891,1,4.86867169995497,238,1,20.6730003356934,36.7830009460449,0.0186899993568659,0.00560700008645654,142.19140625,-87.1745,26.1967,21.8554726752109,63,63,63,63,61,63,-0.003738,8046,1.33458767306251,26,-87,0.001869,51,2025-09-06 03:11:44.000338,238,1.037,0.0011,"aoml_navis",1026.97415396611
"7901009",82,-0.00420129760912108,1,0.016821,1,-0.005607,1,147.659607957613,1,4.8685846281877,240,1,20.621000289917,36.7770004272461,0.0168210007250309,0.00373800005763769,142.387603759766,-87.1745,26.1967,21.8554726752109,63,63,63,63,61,63,-0.005607,8046,1.33458767306251,26,-87,0.001869,51,2025-09-06 03:11:44.000338,240,1.037,0.0011,"aoml_navis",1026.99252079371
"7901009",82,-0.00560173014549477,1,0.014952,1,-0.007476,1,147.887026990105,1,4.86848743210641,242,1,20.5499992370605,36.7669982910156,0.0149520002305508,0.00186900002881885,142.606903076172,-87.1745,26.1967,21.8554726752109,63,63,63,63,61,63,-0.007476,8046,1.33458767306251,26,-87,0.001869,51,2025-09-06 03:11:44.000338,242,1.037,0.0011,"aoml_navis",1027.01302400953
"7901009",82,-0.00140043253637369,1,0.020559,1,-0.001869,1,148.270721444591,1,4.86830240251884,244,1,20.3969993591309,36.7519989013672,0.020558999851346,0.00747600011527538,142.976898193359,-87.1745,26.1967,21.8554726752109,63,63,63,63,61,63,-0.001869,8046,1.33458767306251,26,-87,0.001869,51,2025-09-06 03:11:44.000338,244,1.037,0.0011,"aoml_navis",1027.05205769737
"7901009",82,-0.00420129760912108,1,0.016821,1,-0.005607,1,148.398276748023,1,4.86820761321949,246,1,20.3330001831055,36.7439994812012,0.0168210007250309,0.00373800005763769,143.099899291992,-87.1745,26.1967,21.8554726752109,63,63,63,63,61,63,-0.005607,8046,1.33458767306251,26,-87,0.001869,51,2025-09-06 03:11:44.000338,246,1.037,0.0011,"aoml_navis",1027.07205551847
"7901009",82,-0.00280086507274739,1,0.01869,1,-0.003738,1,148.693832877224,1,4.86805413371101,248,1,20.2119998931885,36.7319984436035,0.0186899993568659,0.00560700008645654,143.384902954102,-87.1745,26.1967,21.8554726752109,63,63,63,63,61,63,-0.003738,8046,1.33458767306251,26,-87,0.001869,51,2025-09-06 03:11:44.000338,248,1.037,0.0011,"aoml_navis",1027.10443694027
"7901009",82,-0.00560173014549477,1,0.014952,1,-0.007476,1,149.069963575968,1,4.86791424220082,250,1,20.1040000915527,36.7210006713867,0.0149520002305508,0.00186900002881885,143.747604370117,-87.1745,26.1967,21.8554726752109,63,63,63,63,61,63,-0.007476,8046,1.33458767306251,26,-87,0.001869,51,2025-09-06 03:11:44.000338,250,1.037,0.0011,"aoml_navis",1027.13395331703
"7901009",82,0,1,0.013083,1,-0.009345,1,149.391961202755,1,4.86782550567347,252,1,20.0470008850098,36.7140007019043,0.0130829997360706,0,144.05810546875,-87.1745,26.1967,21.8554726752109,63,63,63,63,61,63,0,8046,1.33458767306251,26,-87,0.001869,51,2025-09-06 03:11:44.000338,252,1.037,0.0011,"aoml_navis",1027.15267713941
"7901009",82,0,1,0.016821,1,-0.005607,1,149.596150960289,1,4.86774709838056,254,1,19.9979991912842,36.7070007324219,0.0168210007250309,0,144.255004882812,-87.1745,26.1967,21.8554726752109,63,63,63,63,61,63,0,8046,1.33458767306251,26,-87,0.001869,51,2025-09-06 03:11:44.000338,254,1.037,0.0011,"aoml_navis",1027.16922201308
"7901009",82,0,1,0.013083,1,-0.009345,1,149.749514811034,1,4.86764013449001,256,1,19.9179992675781,36.6969985961914,0.0130829997360706,0,144.402893066406,-87.1745,26.1967,21.8554726752109,63,63,63,63,61,63,0,8046,1.33458767306251,26,-87,0.001869,51,2025-09-06 03:11:44.000338,256,1.037,0.0011,"aoml_navis",1027.19179352889
"7901009",82,0,1,0.016821,1,-0.005607,1,149.870756435509,1,4.8675297924188,258,1,19.8379993438721,36.6879997253418,0.0168210007250309,0,144.519805908203,-87.1745,26.1967,21.8554726752109,63,63,63,63,61,63,0,8046,1.33458767306251,26,-87,0.001869,51,2025-09-06 03:11:44.000338,258,1.037,0.0011,"aoml_navis",1027.21507894775
"7901009",82,0,1,0.014952,1,-0.007476,1,149.936709853783,1,4.86746826654326,260,1,19.8020000457764,36.6809997558594,0.0149520002305508,0,144.583404541016,-87.1745,26.1967,21.8554726752109,63,63,63,63,61,63,0,8046,1.33458767306251,26,-87,0.001869,51,2025-09-06 03:11:44.000338,260,1.037,0.0011,"aoml_navis",1027.22806317356
"7901009",82,0,1,0.013083,1,-0.009345,1,149.913369812527,1,4.8673928465552,262,1,19.7549991607666,36.673999786377,0.0130829997360706,0,144.560897827148,-87.1745,26.1967,21.8554726752109,63,63,63,63,61,63,0,8046,1.33458767306251,26,-87,0.001869,51,2025-09-06 03:11:44.000338,262,1.037,0.0011,"aoml_navis",1027.24398001666
"7901009",82,0,1,0.020559,1,-0.001869,1,150.06000856664,1,4.8673314314464,264,1,19.7189998626709,36.6669998168945,0.020558999851346,0,144.702301025391,-87.1745,26.1967,21.8554726752109,63,63,63,63,61,63,0,8046,1.33458767306251,26,-87,0.001869,51,2025-09-06 03:11:44.000338,264,1.037,0.0011,"aoml_navis",1027.25694159565
"7901009",82,0,1,0.014952,1,-0.007476,1,150.397560946345,1,4.86724586789725,266,1,19.6609992980957,36.6590003967285,0.0149520002305508,0,145.027801513672,-87.1745,26.1967,21.8554726752109,63,63,63,63,61,63,0,8046,1.33458767306251,26,-87,0.001869,51,2025-09-06 03:11:44.000338,266,1.037,0.0011,"aoml_navis",1027.27500021693
"7901009",82,0,1,0.016821,1,-0.005607,1,150.905392772797,1,4.86712825470683,268,1,19.5659999847412,36.6469993591309,0.0168210007250309,0,145.517501831055,-87.1745,26.1967,21.8554726752109,63,63,63,63,61,63,0,8046,1.33458767306251,26,-87,0.001869,51,2025-09-06 03:11:44.000338,268,1.037,0.0011,"aoml_navis",1027.29982411388
"7901009",82,0,1,0.016821,1,-0.005607,1,151.286602897468,1,4.86701239111693,270,1,19.4750003814697,36.6360015869141,0.0168210007250309,0,145.885101318359,-87.1745,26.1967,21.8554726752109,63,63,63,63,61,63,0,8046,1.33458767306251,26,-87,0.001869,51,2025-09-06 03:11:44.000338,270,1.037,0.0011,"aoml_navis",1027.32427990646
"7901009",82,0,1,0.016821,1,-0.005607,1,151.348204782626,1,4.86690577652274,272,1,19.3939990997314,36.6259994506836,0.0168210007250309,0,145.94450378418,-87.1745,26.1967,21.8554726752109,63,63,63,63,61,63,0,8046,1.33458767306251,26,-87,0.001869,51,2025-09-06 03:11:44.000338,272,1.037,0.0011,"aoml_navis",1027.34678450511
"7901009",82,0,1,0.016821,1,-0.005607,1,151.265652243486,1,4.86680539370654,274,1,19.3120002746582,36.6139984130859,0.0168210007250309,0,145.864898681641,-87.1745,26.1967,21.8554726752109,63,63,63,63,61,63,0,8046,1.33458767306251,26,-87,0.001869,51,2025-09-06 03:11:44.000338,274,1.037,0.0011,"aoml_navis",1027.3679745785
"7901009",82,0,1,0.016821,1,-0.005607,1,150.887559398902,1,4.86675093999938,276,1,19.2840003967285,36.6080017089844,0.0168210007250309,0,145.500305175781,-87.1745,26.1967,21.8554726752109,63,63,63,63,61,63,0,8046,1.33458767306251,26,-87,0.001869,51,2025-09-06 03:11:44.000338,276,1.037,0.0011,"aoml_navis",1027.37946972085
"7901009",82,0,1,0.022428,1,0,1,150.471188886658,1,4.86669403237857,278,1,19.253999710083,36.6020011901855,0.0224280003458261,0,145.09880065918,-87.1745,26.1967,21.8554726752109,63,63,63,63,61,63,0,8046,1.33458767306251,26,-87,0.001869,51,2025-09-06 03:11:44.000338,278,1.037,0.0011,"aoml_navis",1027.39148315767
"7901009",82,0,1,0.01869,1,-0.003738,1,150.276018670491,1,4.86661038938352,280,1,19.1879997253418,36.5909996032715,0.0186899993568659,0,144.910598754883,-87.1745,26.1967,21.8554726752109,63,63,63,63,61,63,0,8046,1.33458767306251,26,-87,0.001869,51,2025-09-06 03:11:44.000338,280,1.037,0.0011,"aoml_navis",1027.4091410538
"7901009",82,0,1,0.01869,1,-0.003738,1,150.043615154612,1,4.86655766699547,282,1,19.1700000762939,36.5880012512207,0.0186899993568659,0,144.686492919922,-87.1745,26.1967,21.8554726752109,63,63,63,63,61,63,0,8046,1.33458767306251,26,-87,0.001869,51,2025-09-06 03:11:44.000338,282,1.037,0.0011,"aoml_navis",1027.42027160379
"7901009",82,0,1,0.020559,1,-0.001869,1,149.497837959393,1,4.86651877350391,284,1,19.1660003662109,36.5859985351562,0.020558999851346,0,144.160202026367,-87.1745,26.1967,21.8554726752109,63,63,63,63,61,63,0,8046,1.33458767306251,26,-87,0.001869,51,2025-09-06 03:11:44.000338,284,1.037,0.0011,"aoml_navis",1027.42848280435
"7901009",82,0,1,0.01869,1,-0.003738,1,148.94883271779,1,4.86642788233054,286,1,19.0939998626709,36.5750007629395,0.0186899993568659,0,143.630798339844,-87.1745,26.1967,21.8554726752109,63,63,63,63,61,63,0,8046,1.33458767306251,26,-87,0.001869,51,2025-09-06 03:11:44.000338,286,1.037,0.0011,"aoml_navis",1027.4476722761
"7901009",82,0,1,0.022428,1,0,1,149.33491655955,1,4.8663317611551,288,1,19.0030002593994,36.5589981079102,0.0224280003458261,0,144.00309753418,-87.1745,26.1967,21.8554726752109,63,63,63,63,61,63,0,8046,1.33458767306251,26,-87,0.001869,51,2025-09-06 03:11:44.000338,288,1.037,0.0011,"aoml_navis",1027.4679667161
"7901009",82,0,1,0.022428,1,0,1,149.940444260384,1,4.86626916358843,290,1,18.9740009307861,36.5550003051758,0.0224280003458261,0,144.587005615234,-87.1745,26.1967,21.8554726752109,63,63,63,63,61,63,0,8046,1.33458767306251,26,-87,0.001869,51,2025-09-06 03:11:44.000338,290,1.037,0.0011,"aoml_navis",1027.48118361644
"7901009",82,0,1,0.022428,1,0,1,151.072665705755,1,4.86621553098765,292,1,18.9610004425049,36.5540008544922,0.0224280003458261,0,145.678802490234,-87.1745,26.1967,21.8554726752109,63,63,63,63,61,63,0,8046,1.33458767306251,26,-87,0.001869,51,2025-09-06 03:11:44.000338,292,1.037,0.0011,"aoml_navis",1027.49250791717
"7901009",82,0,4,0.016821,1,-0.005607,1,152.76166185731,1,4.86612714659165,294,1,18.9139995574951,36.5509986877441,0.0168210007250309,0,147.307495117188,-87.1745,26.1967,21.8554726752109,63,63,63,63,61,63,0,8046,1.33458767306251,26,-87,0.001869,51,2025-09-06 03:11:44.000338,294,1.037,0.0011,"aoml_navis",1027.51117045968
"7901009",82,0,1,0.022428,1,0,1,154.336188952293,1,4.86604146799553,296,1,18.875,36.5499992370605,0.0224280003458261,0,148.825805664062,-87.1745,26.1967,21.8554726752109,63,63,63,63,61,63,0,8046,1.33458767306251,26,-87,0.001869,51,2025-09-06 03:11:44.000338,296,1.037,0.0011,"aoml_navis",1027.52926231425
"7901009",82,0,1,0.020559,1,-0.001869,1,154.509474912829,1,4.86597539122916,298,1,18.8460006713867,36.5470008850098,0.020558999851346,0,148.992904663086,-87.1745,26.1967,21.8554726752109,63,63,63,63,61,63,0,8046,1.33458767306251,26,-87,0.001869,51,2025-09-06 03:11:44.000338,298,1.037,0.0011,"aoml_navis",1027.54321549024
"7901009",82,0,1,0.013083,1,-0.009345,1,154.571171740528,1,4.8659078902289,300,1,18.806999206543,36.5410003662109,0.0130829997360706,0,149.052398681641,-87.1745,26.1967,21.8554726752109,63,63,63,63,61,63,0,8046,1.33458767306251,26,-87,0.001869,51,2025-09-06 03:11:44.000338,300,1.037,0.0011,"aoml_navis",1027.55746980751
"7901009",82,0,1,0.016821,1,-0.005607,1,154.436353332732,1,4.86581185804362,302,1,18.7299995422363,36.5299987792969,0.0168210007250309,0,148.922393798828,-87.1745,26.1967,21.8554726752109,63,63,63,63,61,63,0,8046,1.33458767306251,26,-87,0.001869,51,2025-09-06 03:11:44.000338,302,1.037,0.0011,"aoml_navis",1027.57774979206
"7901009",82,0,1,0.016821,1,-0.005607,1,154.261105226355,1,4.8657393165472,304,1,18.6720008850098,36.5190010070801,0.0168210007250309,0,148.753402709961,-87.1745,26.1967,21.8554726752109,63,63,63,63,61,63,0,8046,1.33458767306251,26,-87,0.001869,51,2025-09-06 03:11:44.000338,304,1.037,0.0011,"aoml_navis",1027.59306956627
"7901009",82,0,1,0.013083,1,-0.009345,1,154.003193814541,1,4.86561536194998,306,1,18.556999206543,36.5029983520508,0.0130829997360706,0,148.504699707031,-87.1745,26.1967,21.8554726752109,63,63,63,63,61,63,0,8046,1.33458767306251,26,-87,0.001869,51,2025-09-06 03:11:44.000338,306,1.037,0.0011,"aoml_navis",1027.61924814299
"7901009",82,0,1,0.014952,1,-0.007476,1,153.486342446723,1,4.86554451111688,308,1,18.5060005187988,36.4939994812012,0.0149520002305508,0,148.006301879883,-87.1745,26.1967,21.8554726752109,63,63,63,63,61,63,0,8046,1.33458767306251,26,-87,0.001869,51,2025-09-06 03:11:44.000338,308,1.037,0.0011,"aoml_navis",1027.63421207553
"7901009",82,0,1,0.020559,1,-0.001869,1,152.626653564433,1,4.86545053732938,310,1,18.423999786377,36.4809989929199,0.020558999851346,0,147.177307128906,-87.1745,26.1967,21.8554726752109,63,63,63,63,61,63,0,8046,1.33458767306251,26,-87,0.001869,51,2025-09-06 03:11:44.000338,310,1.037,0.0011,"aoml_navis",1027.65406032562
"7901009",82,0,1,0.01869,1,-0.003738,1,151.643539379232,1,4.8653519610729,312,1,18.3349990844727,36.4669990539551,0.0186899993568659,0,146.229293823242,-87.1745,26.1967,21.8554726752109,63,63,63,63,61,63,0,8046,1.33458767306251,26,-87,0.001869,51,2025-09-06 03:11:44.000338,312,1.037,0.0011,"aoml_navis",1027.67488148944
"7901009",82,0,1,0.016821,1,-0.005607,1,150.703893053916,1,4.86528153562875,314,1,18.2810001373291,36.4570007324219,0.0168210007250309,0,145.323196411133,-87.1745,26.1967,21.8554726752109,63,63,63,63,61,63,0,8046,1.33458767306251,26,-87,0.001869,51,2025-09-06 03:11:44.000338,314,1.037,0.0011,"aoml_navis",1027.68975718768
"7901009",82,0,1,0.020559,1,-0.001869,1,149.830105204332,1,4.8652075927823,316,1,18.2119998931885,36.443000793457,0.020558999851346,0,144.480606079102,-87.1745,26.1967,21.8554726752109,63,63,63,63,61,63,0,8046,1.33458767306251,26,-87,0.001869,51,2025-09-06 03:11:44.000338,316,1.037,0.0011,"aoml_navis",1027.70537631687
"7901009",82,0,1,0.01869,1,-0.003738,1,149.196379568911,1,4.86513143117399,318,1,18.1410007476807,36.4290008544922,0.0186899993568659,0,143.869506835938,-87.1745,26.1967,21.8554726752109,63,63,63,63,61,63,0,8046,1.33458767306251,26,-87,0.001869,51,2025-09-06 03:11:44.000338,318,1.037,0.0011,"aoml_navis",1027.72146461693
"7901009",82,0,1,0.016821,1,-0.005607,1,149.148053815694,1,4.86500390270684,320,1,18.0209999084473,36.4129981994629,0.0168210007250309,0,143.822906494141,-87.1745,26.1967,21.8554726752109,63,63,63,63,61,63,0,8046,1.33458767306251,26,-87,0.001869,51,2025-09-06 03:11:44.000338,320,1.037,0.0011,"aoml_navis",1027.7484047275
"7901009",82,0,1,0.020559,1,-0.001869,1,149.129065307554,1,4.86489841461937,322,1,17.9220008850098,36.3979988098145,0.020558999851346,0,143.804595947266,-87.1745,26.1967,21.8554726752109,63,63,63,63,61,63,0,8046,1.33458767306251,26,-87,0.001869,51,2025-09-06 03:11:44.000338,322,1.037,0.0011,"aoml_navis",1027.77068992327
"7901009",82,0,1,0.016821,1,-0.005607,1,148.337086280541,1,4.86483244043341,324,1,17.871000289917,36.3880004882812,0.0168210007250309,0,143.040893554688,-87.1745,26.1967,21.8554726752109,63,63,63,63,61,63,0,8046,1.33458767306251,26,-87,0.001869,51,2025-09-06 03:11:44.000338,324,1.037,0.0011,"aoml_navis",1027.78462798496
"7901009",82,0,1,0.01869,1,-0.003738,1,147.003270173748,1,4.86475948111625,326,1,17.8110008239746,36.3769989013672,0.0186899993568659,0,141.754699707031,-87.1745,26.1967,21.8554726752109,63,63,63,63,61,63,0,8046,1.33458767306251,26,-87,0.001869,51,2025-09-06 03:11:44.000338,326,1.037,0.0011,"aoml_navis",1027.80004220326
"7901009",82,0,1,0.020559,1,-0.001869,1,145.459235458087,1,4.86465980078749,328,1,17.7040004730225,36.3580017089844,0.020558999851346,0,140.26579284668,-87.1745,26.1967,21.8554726752109,63,63,63,63,61,63,0,8046,1.33458767306251,26,-87,0.001869,51,2025-09-06 03:11:44.000338,328,1.037,0.0011,"aoml_navis",1027.82110255492
"7901009",82,0,1,0.028035,1,0.005607,1,144.729079848827,1,4.8645523986825,330,1,17.5869998931885,36.3380012512207,0.0280349999666214,0,139.561706542969,-87.1745,26.1967,21.8554726752109,63,63,63,63,61,63,0,8046,1.33458767306251,26,-87,0.001869,51,2025-09-06 03:11:44.000338,330,1.037,0.0011,"aoml_navis",1027.84379532106
"7901009",82,0,1,0.035511,1,0.013083,1,144.547692124818,1,4.86448727508342,332,1,17.5300006866455,36.326000213623,0.0355109982192516,0,139.386795043945,-87.1745,26.1967,21.8554726752109,63,63,63,63,61,63,0,8046,1.33458767306251,26,-87,0.001869,51,2025-09-06 03:11:44.000338,332,1.037,0.0011,"aoml_navis",1027.85755563812
"7901009",82,0,1,0.03738,1,0.014952,1,144.899976422088,1,4.86438020563781,334,1,17.42799949646,36.3110008239746,0.0373799987137318,0,139.726501464844,-87.1745,26.1967,21.8554726752109,63,63,63,63,61,63,0,8046,1.33458767306251,26,-87,0.001869,51,2025-09-06 03:11:44.000338,334,1.037,0.0011,"aoml_navis",1027.88017972053
"7901009",82,0,1,0.028035,1,0.005607,1,145.21491665335,1,4.8642975405124,336,1,17.3649997711182,36.3019981384277,0.0280349999666214,0,140.030197143555,-87.1745,26.1967,21.8554726752109,63,63,63,63,61,63,0,8046,1.33458767306251,26,-87,0.001869,51,2025-09-06 03:11:44.000338,336,1.037,0.0011,"aoml_navis",1027.89764778108
"7901009",82,0,1,0.026166,1,0.003738,1,145.658551498531,1,4.86421055798405,338,1,17.2919998168945,36.2910003662109,0.0261659994721413,0,140.457992553711,-87.1745,26.1967,21.8554726752109,63,63,63,63,61,63,0,8046,1.33458767306251,26,-87,0.001869,51,2025-09-06 03:11:44.000338,338,1.037,0.0011,"aoml_navis",1027.91602879794
"7901009",82,0,1,0.026166,1,0.003738,1,146.01964962833,1,4.86411784416056,340,1,17.2169990539551,36.2809982299805,0.0261659994721413,0,140.806198120117,-87.1745,26.1967,21.8554726752109,63,63,63,63,61,63,0,8046,1.33458767306251,26,-87,0.001869,51,2025-09-06 03:11:44.000338,340,1.037,0.0011,"aoml_navis",1027.93562166726
"7901009",82,0,1,0.022428,1,0,1,145.525711060334,1,4.8640323261428,342,1,17.1480007171631,36.2709999084473,0.0224280003458261,0,140.329895019531,-87.1745,26.1967,21.8554726752109,63,63,63,63,61,63,0,8046,1.33458767306251,26,-87,0.001869,51,2025-09-06 03:11:44.000338,342,1.037,0.0011,"aoml_navis",1027.95369453579
"7901009",82,0,1,0.022428,1,0,1,144.923411405885,1,4.86394886523151,344,1,17.0650005340576,36.2560005187988,0.0224280003458261,0,139.749099731445,-87.1745,26.1967,21.8554726752109,63,63,63,63,61,63,0,8046,1.33458767306251,26,-87,0.001869,51,2025-09-06 03:11:44.000338,344,1.037,0.0011,"aoml_navis",1027.97133328046
"7901009",82,0,1,0.020559,1,-0.001869,1,144.448761997407,1,4.8638402292003,346,1,16.9599990844727,36.2410011291504,0.020558999851346,0,139.291397094727,-87.1745,26.1967,21.8554726752109,63,63,63,63,61,63,0,8046,1.33458767306251,26,-87,0.001869,51,2025-09-06 03:11:44.000338,346,1.037,0.0011,"aoml_navis",1027.99429347664
"7901009",82,0,1,0.01869,1,-0.003738,1,143.954111360356,1,4.86375773873111,348,1,16.8929996490479,36.2309989929199,0.0186899993568659,0,138.814407348633,-87.1745,26.1967,21.8554726752109,63,63,63,63,61,63,0,8046,1.33458767306251,26,-87,0.001869,51,2025-09-06 03:11:44.000338,348,1.037,0.0011,"aoml_navis",1028.01172850037
"7901009",82,0,1,0.022428,1,0,1,143.345687912031,1,4.86368479080751,350,1,16.8309993743896,36.2200012207031,0.0224280003458261,0,138.22770690918,-87.1745,26.1967,21.8554726752109,63,63,63,63,61,63,0,8046,1.33458767306251,26,-87,0.001869,51,2025-09-06 03:11:44.000338,350,1.037,0.0011,"aoml_navis",1028.02714712313
"7901009",82,0,1,0.022428,1,0,1,142.660614185847,1,4.86361660654272,352,1,16.7730007171631,36.2089996337891,0.0224280003458261,0,137.567092895508,-87.1745,26.1967,21.8554726752109,63,63,63,63,61,63,0,8046,1.33458767306251,26,-87,0.001869,51,2025-09-06 03:11:44.000338,352,1.037,0.0011,"aoml_navis",1028.04155929433
"7901009",82,0,1,0.01869,1,-0.003738,1,141.922261870574,1,4.86356695107345,354,1,16.75,36.2039985656738,0.0186899993568659,0,136.855102539062,-87.1745,26.1967,21.8554726752109,63,63,63,63,61,63,0,8046,1.33458767306251,26,-87,0.001869,51,2025-09-06 03:11:44.000338,354,1.037,0.0011,"aoml_navis",1028.05205527117
"7901009",82,0,1,0.022428,1,0,1,140.845518516485,1,4.86351959642214,356,1,16.7290000915527,36.1990013122559,0.0224280003458261,0,135.816802978516,-87.1745,26.1967,21.8554726752109,63,63,63,63,61,63,0,8046,1.33458767306251,26,-87,0.001869,51,2025-09-06 03:11:44.000338,356,1.037,0.0011,"aoml_navis",1028.06206510986
"7901009",82,0,1,0.026166,1,0.003738,1,140.611659214982,1,4.86342877856163,358,1,16.6319999694824,36.181999206543,0.0261659994721413,0,135.591293334961,-87.1745,26.1967,21.8554726752109,63,63,63,63,61,63,0,8046,1.33458767306251,26,-87,0.001869,51,2025-09-06 03:11:44.000338,358,1.037,0.0011,"aoml_navis",1028.08126275857
"7901009",82,0,1,0.022428,1,0,1,140.824156444827,1,4.86333791956842,360,1,16.5410003662109,36.1669998168945,0.0224280003458261,0,135.796203613281,-87.1745,26.1967,21.8554726752109,63,63,63,63,61,63,0,8046,1.33458767306251,26,-87,0.001869,51,2025-09-06 03:11:44.000338,360,1.037,0.0011,"aoml_navis",1028.10046981965
"7901009",82,0,1,0.024297,1,0.001869,1,140.657405695843,1,4.86325924495607,362,1,16.4699993133545,36.1549987792969,0.0242970008403063,0,135.635406494141,-87.1745,26.1967,21.8554726752109,63,63,63,63,61,63,0,8046,1.33458767306251,26,-87,0.001869,51,2025-09-06 03:11:44.000338,362,1.037,0.0011,"aoml_navis",1028.11710175347
"7901009",82,0,1,0.024297,1,0.001869,1,140.563760703198,1,4.86316829289378,364,1,16.3880004882812,36.1430015563965,0.0242970008403063,0,135.545104980469,-87.1745,26.1967,21.8554726752109,63,63,63,63,61,63,0,8046,1.33458767306251,26,-87,0.001869,51,2025-09-06 03:11:44.000338,364,1.037,0.0011,"aoml_navis",1028.1363298297
"7901009",82,0,1,0.028035,1,0.005607,1,140.267682390023,1,4.86310721922357,366,1,16.3449993133545,36.1349983215332,0.0280349999666214,0,135.25959777832,-87.1745,26.1967,21.8554726752109,63,63,63,63,61,63,0,8046,1.33458767306251,26,-87,0.001869,51,2025-09-06 03:11:44.000338,366,1.037,0.0011,"aoml_navis",1028.1492417513
"7901009",82,0,1,0.024297,1,0.001869,1,140.13452547669,1,4.86300614168137,368,1,16.2439994812012,36.1199989318848,0.0242970008403063,0,135.131195068359,-87.1745,26.1967,21.8554726752109,63,63,63,63,61,63,0,8046,1.33458767306251,26,-87,0.001869,51,2025-09-06 03:11:44.000338,368,1.037,0.0011,"aoml_navis",1028.17061182474
"7901009",82,0,1,0.024297,1,0.001869,1,139.995149826941,1,4.86293454738419,370,1,16.1849994659424,36.1100006103516,0.0242970008403063,0,134.996795654297,-87.1745,26.1967,21.8554726752109,63,63,63,63,61,63,0,8046,1.33458767306251,26,-87,0.001869,51,2025-09-06 03:11:44.000338,370,1.037,0.0011,"aoml_navis",1028.1857490123
"7901009",82,0,1,0.020559,1,-0.001869,1,139.731336153847,1,4.86288540007084,372,1,16.1620006561279,36.1049995422363,0.020558999851346,0,134.742401123047,-87.1745,26.1967,21.8554726752109,63,63,63,63,61,63,0,8046,1.33458767306251,26,-87,0.001869,51,2025-09-06 03:11:44.000338,372,1.037,0.0011,"aoml_navis",1028.19614049041
"7901009",82,0,1,0.022428,1,0,1,139.223615093692,1,4.86283773378544,374,1,16.1499996185303,36.1030006408691,0.0224280003458261,0,134.252807617188,-87.1745,26.1967,21.8554726752109,63,63,63,63,61,63,0,8046,1.33458767306251,26,-87,0.001869,51,2025-09-06 03:11:44.000338,374,1.037,0.0011,"aoml_navis",1028.20621902754
"7901009",82,0,4,0.014952,1,-0.007476,1,138.649101956155,1,4.86277790758138,376,1,16.1110000610352,36.0960006713867,0.0149520002305508,0,133.698806762695,-87.1745,26.1967,21.8554726752109,63,63,63,63,61,63,0,8046,1.33458767306251,26,-87,0.001869,51,2025-09-06 03:11:44.000338,376,1.037,0.0011,"aoml_navis",1028.21886893183
"7901009",82,0,1,0.01869,1,-0.003738,1,138.114401390684,1,4.86271671088683,378,1,16.0610008239746,36.0859985351562,0.0186899993568659,0,133.183197021484,-87.1745,26.1967,21.8554726752109,63,63,63,63,61,63,0,8046,1.33458767306251,26,-87,0.001869,51,2025-09-06 03:11:44.000338,378,1.037,0.0011,"aoml_navis",1028.23180894042
"7901009",82,0,1,0.020559,1,-0.001869,1,137.378628347766,1,4.86263826350126,380,1,15.9890003204346,36.0740013122559,0.020558999851346,0,132.473693847656,-87.1745,26.1967,21.8554726752109,63,63,63,63,61,63,0,8046,1.33458767306251,26,-87,0.001869,51,2025-09-06 03:11:44.000338,380,1.037,0.0011,"aoml_navis",1028.24839707485
"7901009",82,0,1,0.020559,1,-0.001869,1,136.547770350336,1,4.86255892621923,382,1,15.9160003662109,36.0620002746582,0.020558999851346,0,131.672500610352,-87.1745,26.1967,21.8554726752109,63,63,63,63,61,63,0,8046,1.33458767306251,26,-87,0.001869,51,2025-09-06 03:11:44.000338,382,1.037,0.0011,"aoml_navis",1028.26517392718
"7901009",82,0,1,0.022428,1,0,1,135.445614042853,1,4.86248787838855,384,1,15.8470001220703,36.048999786377,0.0224280003458261,0,130.60969543457,-87.1745,26.1967,21.8554726752109,63,63,63,63,61,63,0,8046,1.33458767306251,26,-87,0.001869,51,2025-09-06 03:11:44.000338,384,1.037,0.0011,"aoml_navis",1028.28019833687
"7901009",82,0,1,0.039249,1,0.016821,1,135.11065675926,1,4.86238963031543,386,1,15.75,36.0349998474121,0.0392489992082119,0,130.286697387695,-87.1745,26.1967,21.8554726752109,63,63,63,63,61,63,0,8046,1.33458767306251,26,-87,0.001869,51,2025-09-06 03:11:44.000338,386,1.037,0.0011,"aoml_navis",1028.30097547646
"7901009",82,0,1,0.041118,1,0.01869,1,134.862603547923,1,4.8623474962268,388,1,15.7329998016357,36.0299987792969,0.041117999702692,0,130.047500610352,-87.1745,26.1967,21.8554726752109,63,63,63,63,61,63,0,8046,1.33458767306251,26,-87,0.001869,51,2025-09-06 03:11:44.000338,388,1.037,0.0011,"aoml_navis",1028.30988609515
"7901009",82,0,1,0.035511,1,0.013083,1,134.395533718945,1,4.86229509411374,390,1,15.710000038147,36.0260009765625,0.0355109982192516,0,129.597106933594,-87.1745,26.1967,21.8554726752109,63,63,63,63,61,63,0,8046,1.33458767306251,26,-87,0.001869,51,2025-09-06 03:11:44.000338,390,1.037,0.0011,"aoml_navis",1028.32096843587
"7901009",82,0,1,0.03738,1,0.014952,1,133.728514899251,1,4.86224114415753,392,1,15.6789999008179,36.0200004577637,0.0373799987137318,0,128.953903198242,-87.1745,26.1967,21.8554726752109,63,63,63,63,61,63,0,8046,1.33458767306251,26,-87,0.001869,51,2025-09-06 03:11:44.000338,392,1.037,0.0011,"aoml_navis",1028.33237837412
"7901009",82,0,1,0.035511,1,0.013083,1,133.014420403126,1,4.86216556660545,394,1,15.6020002365112,36.0060005187988,0.0355109982192516,0,128.26530456543,-87.1745,26.1967,21.8554726752109,63,63,63,63,61,63,0,8046,1.33458767306251,26,-87,0.001869,51,2025-09-06 03:11:44.000338,394,1.037,0.0011,"aoml_navis",1028.34836278329
"7901009",82,0,1,0.035511,1,0.013083,1,132.575232033601,1,4.86203878318175,396,1,15.4350004196167,35.9790000915527,0.0355109982192516,0,127.841796875,-87.1745,26.1967,21.8554726752109,63,63,63,63,61,63,0,8046,1.33458767306251,26,-87,0.001869,51,2025-09-06 03:11:44.000338,396,1.037,0.0011,"aoml_navis",1028.37517818564
"7901009",82,0,1,0.031773,1,0.009345,1,132.510006508139,1,4.86191390640397,398,1,15.2720003128052,35.9529991149902,0.0317730009555817,0,127.778900146484,-87.1745,26.1967,21.8554726752109,63,63,63,63,61,63,0,8046,1.33458767306251,26,-87,0.001869,51,2025-09-06 03:11:44.000338,398,1.037,0.0011,"aoml_navis",1028.40159168885
"7901009",82,0,1,0.026166,1,0.003738,1,132.412318545636,1,4.86178967001646,400,1,15.1219997406006,35.9309997558594,0.0261659994721413,0,127.684700012207,-87.1745,26.1967,21.8554726752109,63,63,63,63,61,63,0,8046,1.33458767306251,26,-87,0.001869,51,2025-09-06 03:11:44.000338,400,1.037,0.0011,"aoml_navis",1028.4278710854
"7901009",82,0,1,0.01869,1,-0.003738,1,131.899090818121,1,4.86173421515653,402,1,15.0620002746582,35.9169998168945,0.0186899993568659,0,127.189796447754,-87.1745,26.1967,21.8554726752109,63,63,63,63,61,63,0,8046,1.33458767306251,26,-87,0.001869,51,2025-09-06 03:11:44.000338,402,1.037,0.0011,"aoml_navis",1028.43960173973
"7901009",82,0,1,0.01869,1,-0.003738,1,131.620236664204,1,4.86161906011916,404,1,14.9259996414185,35.8969993591309,0.0186899993568659,0,126.9208984375,-87.1745,26.1967,21.8554726752109,63,63,63,63,61,63,0,8046,1.33458767306251,26,-87,0.001869,51,2025-09-06 03:11:44.000338,404,1.037,0.0011,"aoml_navis",1028.46396193729
"7901009",82,0,1,0.020559,1,-0.001869,1,131.138434917661,1,4.86156495489602,406,1,14.8769998550415,35.8860015869141,0.020558999851346,0,126.456298828125,-87.1745,26.1967,21.8554726752109,63,63,63,63,61,63,0,8046,1.33458767306251,26,-87,0.001869,51,2025-09-06 03:11:44.000338,406,1.037,0.0011,"aoml_navis",1028.47540789608
"7901009",82,0,1,0.020559,1,-0.001869,1,130.442901688243,1,4.86149920640738,408,1,14.8170003890991,35.875,0.020558999851346,0,125.785598754883,-87.1745,26.1967,21.8554726752109,63,63,63,63,61,63,0,8046,1.33458767306251,26,-87,0.001869,51,2025-09-06 03:11:44.000338,408,1.037,0.0011,"aoml_navis",1028.48931733036
"7901009",82,0,1,0.022428,1,0,1,129.914332828526,1,4.86139412584517,410,1,14.6960000991821,35.8569984436035,0.0224280003458261,0,125.275901794434,-87.1745,26.1967,21.8554726752109,63,63,63,63,61,63,0,8046,1.33458767306251,26,-87,0.001869,51,2025-09-06 03:11:44.000338,410,1.037,0.0011,"aoml_navis",1028.51154845026
"7901009",82,0,1,0.020559,1,-0.001869,1,129.492574327098,1,4.86129659984154,412,1,14.585000038147,35.8400001525879,0.020558999851346,0,124.869201660156,-87.1745,26.1967,21.8554726752109,63,63,63,63,61,63,0,8046,1.33458767306251,26,-87,0.001869,51,2025-09-06 03:11:44.000338,412,1.037,0.0011,"aoml_navis",1028.53218216782
"7901009",82,0,1,0.020559,1,-0.001869,1,128.563395416894,1,4.86124448822761,414,1,14.5509996414185,35.8330001831055,0.020558999851346,0,123.973197937012,-87.1745,26.1967,21.8554726752109,63,63,63,63,61,63,0,8046,1.33458767306251,26,-87,0.001869,51,2025-09-06 03:11:44.000338,414,1.037,0.0011,"aoml_navis",1028.54320783668
"7901009",82,0,1,0.020559,1,-0.001869,1,127.192551719228,1,4.86118069764089,416,1,14.4989995956421,35.8240013122559,0.020558999851346,0,122.651298522949,-87.1745,26.1967,21.8554726752109,63,63,63,63,61,63,0,8046,1.33458767306251,26,-87,0.001869,51,2025-09-06 03:11:44.000338,416,1.037,0.0011,"aoml_navis",1028.55670484055
"7901009",82,0,1,0.020559,1,-0.001869,1,125.493072328804,1,4.86110440016412,418,1,14.4350004196167,35.814998626709,0.020558999851346,0,121.012496948242,-87.1745,26.1967,21.8554726752109,63,63,63,63,61,63,0,8046,1.33458767306251,26,-87,0.001869,51,2025-09-06 03:11:44.000338,418,1.037,0.0011,"aoml_navis",1028.57284855499
"7901009",82,0,1,0.022428,1,0,1,123.036157172425,1,4.86103364435145,420,1,14.3900003433228,35.810001373291,0.0224280003458261,0,118.64330291748,-87.1745,26.1967,21.8554726752109,63,63,63,63,61,63,0,8046,1.33458767306251,26,-87,0.001869,51,2025-09-06 03:11:44.000338,420,1.037,0.0011,"aoml_navis",1028.58782016661
"7901009",82,0,1,0.022428,1,0,1,119.852274893778,1,4.86096934335066,422,1,14.3579998016357,35.806999206543,0.0224280003458261,0,115.573097229004,-87.1745,26.1967,21.8554726752109,63,63,63,63,61,63,0,8046,1.33458767306251,26,-87,0.001869,51,2025-09-06 03:11:44.000338,422,1.037,0.0011,"aoml_navis",1028.6014263471
"7901009",82,0,1,0.020559,1,-0.001869,1,118.123972530373,1,4.86089150630396,424,1,14.3199996948242,35.8059997558594,0.020558999851346,0,113.90650177002,-87.1745,26.1967,21.8554726752109,63,63,63,63,61,63,0,8046,1.33458767306251,26,-87,0.001869,51,2025-09-06 03:11:44.000338,424,1.037,0.0011,"aoml_navis",1028.61789725519
"7901009",82,0,1,0.022428,1,0,1,117.009378750059,1,4.86084562460779,426,1,14.3090000152588,35.8040008544922,0.0224280003458261,0,112.831703186035,-87.1745,26.1967,21.8554726752109,63,63,63,63,61,63,0,8046,1.33458767306251,26,-87,0.001869,51,2025-09-06 03:11:44.000338,426,1.037,0.0011,"aoml_navis",1028.62760641641
"7901009",82,0,1,0.022428,1,0,1,116.415679307421,1,4.86079662027794,428,1,14.2950000762939,35.8019981384277,0.0224280003458261,0,112.259201049805,-87.1745,26.1967,21.8554726752109,63,63,63,63,61,63,0,8046,1.33458767306251,26,-87,0.001869,51,2025-09-06 03:11:44.000338,428,1.037,0.0011,"aoml_navis",1028.6379765698
"7901009",82,0,4,0.014952,1,-0.007476,1,116.171455445225,1,4.86074651319745,430,1,14.2729997634888,35.7980003356934,0.0149520002305508,0,112.023696899414,-87.1745,26.1967,21.8554726752109,63,63,63,63,61,63,0,8046,1.33458767306251,26,-87,0.001869,51,2025-09-06 03:11:44.000338,430,1.037,0.0011,"aoml_navis",1028.64858030026
"7901009",82,0,1,0.020559,1,-0.001869,1,116.338316960507,1,4.86067227857805,432,1,14.1929998397827,35.7840003967285,0.020558999851346,0,112.184600830078,-87.1745,26.1967,21.8554726752109,63,63,63,63,61,63,0,8046,1.33458767306251,26,-87,0.001869,51,2025-09-06 03:11:44.000338,432,1.037,0.0011,"aoml_navis",1028.66429033613
"7901009",82,0,1,0.022428,1,0,1,115.912199014085,1,4.86058480701957,434,1,14.1000003814697,35.7700004577637,0.0224280003458261,0,111.773696899414,-87.1745,26.1967,21.8554726752109,63,63,63,63,61,63,0,8046,1.33458767306251,26,-87,0.001869,51,2025-09-06 03:11:44.000338,434,1.037,0.0011,"aoml_navis",1028.68280227908
"7901009",82,0,1,0.022428,1,0,1,114.85806780844,1,4.86051011939968,436,1,14.0190000534058,35.7560005187988,0.0224280003458261,0,110.757202148438,-87.1745,26.1967,21.8554726752109,63,63,63,63,61,63,0,8046,1.33458767306251,26,-87,0.001869,51,2025-09-06 03:11:44.000338,436,1.037,0.0011,"aoml_navis",1028.69860923519
"7901009",82,0,1,0.022428,1,0,1,114.263023346475,1,4.86038504884987,438,1,13.8570003509521,35.7330017089844,0.0224280003458261,0,110.183403015137,-87.1745,26.1967,21.8554726752109,63,63,63,63,61,63,0,8046,1.33458767306251,26,-87,0.001869,51,2025-09-06 03:11:44.000338,438,1.037,0.0011,"aoml_navis",1028.72508036851
"7901009",82,0,1,0.022428,1,0,1,114.110885836881,1,4.86027471756305,440,1,13.7189998626709,35.7130012512207,0.0224280003458261,0,110.036697387695,-87.1745,26.1967,21.8554726752109,63,63,63,63,61,63,0,8046,1.33458767306251,26,-87,0.001869,51,2025-09-06 03:11:44.000338,440,1.037,0.0011,"aoml_navis",1028.74843307356
"7901009",82,0,1,0.024297,1,0.001869,1,114.004075478592,1,4.8601965378493,442,1,13.6440000534058,35.7019996643066,0.0242970008403063,0,109.933700561523,-87.1745,26.1967,21.8554726752109,63,63,63,63,61,63,0,8046,1.33458767306251,26,-87,0.001869,51,2025-09-06 03:11:44.000338,442,1.037,0.0011,"aoml_navis",1028.76498122287
"7901009",82,0,1,0.020559,1,-0.001869,1,113.837633292865,1,4.86013077321493,444,1,13.581000328064,35.6910018920898,0.020558999851346,0,109.77320098877,-87.1745,26.1967,21.8554726752109,63,63,63,63,61,63,0,8046,1.33458767306251,26,-87,0.001869,51,2025-09-06 03:11:44.000338,444,1.037,0.0011,"aoml_navis",1028.77890190855
"7901009",82,0,1,0.022428,1,0,1,113.740776077593,1,4.86006965625785,446,1,13.5260000228882,35.6809997558594,0.0224280003458261,0,109.679801940918,-87.1745,26.1967,21.8554726752109,63,63,63,63,61,63,0,8046,1.33458767306251,26,-87,0.001869,51,2025-09-06 03:11:44.000338,446,1.037,0.0011,"aoml_navis",1028.79183913794
"7901009",82,0,1,0.024297,1,0.001869,1,113.472808668344,1,4.86001635079644,448,1,13.4930000305176,35.6749992370605,0.0242970008403063,0,109.421401977539,-87.1745,26.1967,21.8554726752109,63,63,63,63,61,63,0,8046,1.33458767306251,26,-87,0.001869,51,2025-09-06 03:11:44.000338,448,1.037,0.0011,"aoml_navis",1028.80312309662
"7901009",82,0,1,0.026166,1,0.003738,1,113.386316013765,1,4.85992597839605,450,1,13.3979997634888,35.6619987487793,0.0261659994721413,0,109.337997436523,-87.1745,26.1967,21.8554726752109,63,63,63,63,61,63,0,8046,1.33458767306251,26,-87,0.001869,51,2025-09-06 03:11:44.000338,450,1.037,0.0011,"aoml_navis",1028.82225413034
"7901009",82,0,1,0.024297,1,0.001869,1,113.263120155327,1,4.85985582908704,452,1,13.3299999237061,35.6510009765625,0.0242970008403063,0,109.219200134277,-87.1745,26.1967,21.8554726752109,63,63,63,63,61,63,0,8046,1.33458767306251,26,-87,0.001869,51,2025-09-06 03:11:44.000338,452,1.037,0.0011,"aoml_navis",1028.8371046059
"7901009",82,0,1,0.026166,1,0.003738,1,113.084754768864,1,4.85979127106915,454,1,13.2709999084473,35.640998840332,0.0261659994721413,0,109.047203063965,-87.1745,26.1967,21.8554726752109,63,63,63,63,61,63,0,8046,1.33458767306251,26,-87,0.001869,51,2025-09-06 03:11:44.000338,454,1.037,0.0011,"aoml_navis",1028.85077179457
"7901009",82,0,1,0.024297,1,0.001869,1,112.914783885374,1,4.85970983802983,456,1,13.1949996948242,35.6310005187988,0.0242970008403063,0,108.88330078125,-87.1745,26.1967,21.8554726752109,63,63,63,63,61,63,0,8046,1.33458767306251,26,-87,0.001869,51,2025-09-06 03:11:44.000338,456,1.037,0.0011,"aoml_navis",1028.86801201017
"7901009",82,0,1,0.020559,1,-0.001869,1,112.71546784493,1,4.85964960280977,458,1,13.1400003433228,35.6209983825684,0.020558999851346,0,108.691101074219,-87.1745,26.1967,21.8554726752109,63,63,63,63,61,63,0,8046,1.33458767306251,26,-87,0.001869,51,2025-09-06 03:11:44.000338,458,1.037,0.0011,"aoml_navis",1028.88076480022
"7901009",82,0,1,0.020559,1,-0.001869,1,112.519886211086,1,4.85958617677117,460,1,13.1000003814697,35.6160011291504,0.020558999851346,0,108.502502441406,-87.1745,26.1967,21.8554726752109,63,63,63,63,61,63,0,8046,1.33458767306251,26,-87,0.001869,51,2025-09-06 03:11:44.000338,460,1.037,0.0011,"aoml_navis",1028.89419348092
"7901009",82,0,1,0.028035,1,0.005607,1,112.404562671648,1,4.85953111067215,462,1,13.0609998703003,35.609001159668,0.0280349999666214,0,108.391296386719,-87.1745,26.1967,21.8554726752109,63,63,63,63,61,63,0,8046,1.33458767306251,26,-87,0.001869,51,2025-09-06 03:11:44.000338,462,1.037,0.0011,"aoml_navis",1028.9058524637
"7901009",82,0,1,0.028035,1,0.005607,1,112.142513347435,1,4.85948669278121,464,1,13.039999961853,35.6040000915527,0.0280349999666214,0,108.138603210449,-87.1745,26.1967,21.8554726752109,63,63,63,63,61,63,0,8046,1.33458767306251,26,-87,0.001869,51,2025-09-06 03:11:44.000338,464,1.037,0.0011,"aoml_navis",1028.91525712531
"7901009",82,0,1,0.022428,1,0,1,112.130067962725,1,4.85939651373171,466,1,12.9359998703003,35.5890007019043,0.0224280003458261,0,108.126602172852,-87.1745,26.1967,21.8554726752109,63,63,63,63,61,63,0,8046,1.33458767306251,26,-87,0.001869,51,2025-09-06 03:11:44.000338,466,1.037,0.0011,"aoml_navis",1028.93435138931
"7901009",82,0,1,0.024297,1,0.001869,1,112.425719034467,1,4.85930311315956,468,1,12.8059997558594,35.568000793457,0.0242970008403063,0,108.411697387695,-87.1745,26.1967,21.8554726752109,63,63,63,63,61,63,0,8046,1.33458767306251,26,-87,0.001869,51,2025-09-06 03:11:44.000338,468,1.037,0.0011,"aoml_navis",1028.95412851679
"7901009",82,0,1,0.024297,1,0.001869,1,112.709351962933,1,4.85923467015062,470,1,12.7379999160767,35.556999206543,0.0242970008403063,0,108.685203552246,-87.1745,26.1967,21.8554726752109,63,63,63,63,61,63,0,8046,1.33458767306251,26,-87,0.001869,51,2025-09-06 03:11:44.000338,470,1.037,0.0011,"aoml_navis",1028.9686214815
"7901009",82,0,1,0.028035,1,0.005607,1,113.233355668818,1,4.85913339108418,472,1,12.6099996566772,35.5390014648438,0.0280349999666214,0,109.190498352051,-87.1745,26.1967,21.8554726752109,63,63,63,63,61,63,0,8046,1.33458767306251,26,-87,0.001869,51,2025-09-06 03:11:44.000338,472,1.037,0.0011,"aoml_navis",1028.99006830607
"7901009",82,0,1,0.026166,1,0.003738,1,113.838044710542,1,4.85909055699374,474,1,12.5640001296997,35.5270004272461,0.0261659994721413,0,109.773597717285,-87.1745,26.1967,21.8554726752109,63,63,63,63,61,63,0,8046,1.33458767306251,26,-87,0.001869,51,2025-09-06 03:11:44.000338,474,1.037,0.0011,"aoml_navis",1028.99913910916
"7901009",82,0,1,0.024297,1,0.001869,1,114.713193403209,1,4.85899716775096,476,1,12.4619998931885,35.5139999389648,0.0242970008403063,0,110.617500305176,-87.1745,26.1967,21.8554726752109,63,63,63,63,61,63,0,8046,1.33458767306251,26,-87,0.001869,51,2025-09-06 03:11:44.000338,476,1.037,0.0011,"aoml_navis",1029.01891632802
"7901009",82,0,1,0.026166,1,0.003738,1,115.249128221708,1,4.85894827683303,478,1,12.4169998168945,35.5040016174316,0.0261659994721413,0,111.134300231934,-87.1745,26.1967,21.8554726752109,63,63,63,63,61,63,0,8046,1.33458767306251,26,-87,0.001869,51,2025-09-06 03:11:44.000338,478,1.037,0.0011,"aoml_navis",1029.02927035455
"7901009",82,0,1,0.026166,1,0.003738,1,115.77707995491,1,4.85889060006194,480,1,12.3590002059937,35.4930000305176,0.0261659994721413,0,111.643402099609,-87.1745,26.1967,21.8554726752109,63,63,63,63,61,63,0,8046,1.33458767306251,26,-87,0.001869,51,2025-09-06 03:11:44.000338,480,1.037,0.0011,"aoml_navis",1029.04148530042
"7901009",82,0,1,0.024297,1,0.001869,1,115.981475421283,1,4.85881404601566,482,1,12.2659997940063,35.4780006408691,0.0242970008403063,0,111.84049987793,-87.1745,26.1967,21.8554726752109,63,63,63,63,61,63,0,8046,1.33458767306251,26,-87,0.001869,51,2025-09-06 03:11:44.000338,482,1.037,0.0011,"aoml_navis",1029.05769857567
"7901009",82,0,1,0.024297,1,0.001869,1,115.75602644651,1,4.8587534379619,484,1,12.2159996032715,35.4700012207031,0.0242970008403063,0,111.623100280762,-87.1745,26.1967,21.8554726752109,63,63,63,63,61,63,0,8046,1.33458767306251,26,-87,0.001869,51,2025-09-06 03:11:44.000338,484,1.037,0.0011,"aoml_navis",1029.07053503364
"7901009",82,0,1,0.028035,1,0.005607,1,115.395972684659,1,4.85870397013756,486,1,12.1890001296997,35.4650001525879,0.0280349999666214,0,111.275901794434,-87.1745,26.1967,21.8554726752109,63,63,63,63,61,63,0,8046,1.33458767306251,26,-87,0.001869,51,2025-09-06 03:11:44.000338,486,1.037,0.0011,"aoml_navis",1029.08101228864
"7901009",82,0,1,0.028035,1,0.005607,1,115.020467024308,1,4.85864992420034,488,1,12.16100025177,35.4609985351562,0.0280349999666214,0,110.913803100586,-87.1745,26.1967,21.8554726752109,63,63,63,63,61,63,0,8046,1.33458767306251,26,-87,0.001869,51,2025-09-06 03:11:44.000338,488,1.037,0.0011,"aoml_navis",1029.09245942903
"7901009",82,0,1,0.026166,1,0.003738,1,115.015799016057,1,4.85858285713585,490,1,12.1040000915527,35.4529991149902,0.0261659994721413,0,110.909301757812,-87.1745,26.1967,21.8554726752109,63,63,63,63,61,63,0,8046,1.33458767306251,26,-87,0.001869,51,2025-09-06 03:11:44.000338,490,1.037,0.0011,"aoml_navis",1029.10666484908
"7901009",82,0,1,0.024297,1,0.001869,1,114.985100927897,1,4.85853349252556,492,1,12.0769996643066,35.4480018615723,0.0242970008403063,0,110.879699707031,-87.1745,26.1967,21.8554726752109,63,63,63,63,61,63,0,8046,1.33458767306251,26,-87,0.001869,51,2025-09-06 03:11:44.000338,492,1.037,0.0011,"aoml_navis",1029.11712097736
"7901009",82,0,1,0.024297,1,0.001869,1,114.99059968338,1,4.85848151325043,493.899993896484,1,12.0450000762939,35.443000793457,0.0242970008403063,0,110.88500213623,-87.1745,26.1967,21.8554726752109,63,63,63,63,61,63,0,8046,1.33458767306251,26,-87,0.001869,51,2025-09-06 03:11:44.000338,493.899993896484,1.037,0.0011,"aoml_navis",1029.1281311586
"7901009",82,0,1,0.029904,1,0.007476,1,115.153513171344,1,4.85841235477218,496,1,11.9799995422363,35.4329986572266,0.0299040004611015,0,111.042098999023,-87.1745,26.1967,21.8554726752109,63,63,63,63,61,63,0,8046,1.33458767306251,26,-87,0.001869,51,2025-09-06 03:11:44.000338,496,1.037,0.0011,"aoml_navis",1029.14278058114
"7901009",82,0,1,0.026166,1,0.003738,1,115.437351808648,1,4.85834855081734,498,1,11.9259996414185,35.4249992370605,0.0261659994721413,0,111.315803527832,-87.1745,26.1967,21.8554726752109,63,63,63,63,61,63,0,8046,1.33458767306251,26,-87,0.001869,51,2025-09-06 03:11:44.000338,498,1.037,0.0011,"aoml_navis",1029.15629615723
"7901009",82,0,1,0.026166,1,0.003738,1,115.661242143377,1,4.85829454659562,500,1,11.8900003433228,35.4189987182617,0.0261659994721413,0,111.531700134277,-87.1745,26.1967,21.8554726752109,63,63,63,63,61,63,0,8046,1.33458767306251,26,-87,0.001869,51,2025-09-06 03:11:44.000338,500,1.037,0.0011,"aoml_navis",1029.16773613565
"7901009",82,0,1,0.026166,1,0.003738,1,115.88275100271,1,4.85822529533825,502,1,11.8299999237061,35.4109992980957,0.0261659994721413,0,111.745300292969,-87.1745,26.1967,21.8554726752109,63,63,63,63,61,63,0,8046,1.33458767306251,26,-87,0.001869,51,2025-09-06 03:11:44.000338,502,1.037,0.0011,"aoml_navis",1029.1824063404
"7901009",82,0,1,0.022428,1,0,1,115.817311856532,1,4.85817967537428,504,1,11.7950000762939,35.4029998779297,0.0224280003458261,0,111.682197570801,-87.1745,26.1967,21.8554726752109,63,63,63,63,61,63,0,8046,1.33458767306251,26,-87,0.001869,51,2025-09-06 03:11:44.000338,504,1.037,0.0011,"aoml_navis",1029.19207071418
"7901009",82,0,1,0.028035,1,0.005607,1,115.949740877053,1,4.85810383802981,506,1,11.7159996032715,35.3919982910156,0.0280349999666214,0,111.809898376465,-87.1745,26.1967,21.8554726752109,63,63,63,63,61,63,0,8046,1.33458767306251,26,-87,0.001869,51,2025-09-06 03:11:44.000338,506,1.037,0.0011,"aoml_navis",1029.20813689889
"7901009",82,0,1,0.024297,1,0.001869,1,115.955342486955,1,4.85804606984379,508,1,11.6599998474121,35.3819999694824,0.0242970008403063,0,111.815299987793,-87.1745,26.1967,21.8554726752109,63,63,63,63,61,63,0,8046,1.33458767306251,26,-87,0.001869,51,2025-09-06 03:11:44.000338,508,1.037,0.0011,"aoml_navis",1029.22037545864
"7901009",82,0,1,0.026166,1,0.003738,1,115.857448815614,1,4.85797255442015,510,1,11.5830001831055,35.3709983825684,0.0261659994721413,0,111.720901489258,-87.1745,26.1967,21.8554726752109,63,63,63,63,61,63,0,8046,1.33458767306251,26,-87,0.001869,51,2025-09-06 03:11:44.000338,510,1.037,0.0011,"aoml_navis",1029.23595059232
"7901009",82,0,1,0.029904,1,0.007476,1,115.445018418809,1,4.85790882767327,512,1,11.53600025177,35.3650016784668,0.0299040004611015,0,111.323196411133,-87.1745,26.1967,21.8554726752109,63,63,63,63,61,63,0,8046,1.33458767306251,26,-87,0.001869,51,2025-09-06 03:11:44.000338,512,1.037,0.0011,"aoml_navis",1029.24945225759
"7901009",82,0,1,0.026166,1,0.003738,1,114.851738305726,1,4.85785845742841,514,1,11.5229997634888,35.3639984130859,0.0261659994721413,0,110.751098632812,-87.1745,26.1967,21.8554726752109,63,63,63,63,61,63,0,8046,1.33458767306251,26,-87,0.001869,51,2025-09-06 03:11:44.000338,514,1.037,0.0011,"aoml_navis",1029.2601243567
"7901009",82,0,1,0.026166,1,0.003738,1,114.193849793696,1,4.85781370370889,516,1,11.5200004577637,35.3639984130859,0.0261659994721413,0,110.11669921875,-87.1745,26.1967,21.8554726752109,63,63,63,63,61,63,0,8046,1.33458767306251,26,-87,0.001869,51,2025-09-06 03:11:44.000338,516,1.037,0.0011,"aoml_navis",1029.26960665094
"7901009",82,0,1,0.024297,1,0.001869,1,113.538556377779,1,4.85776611032265,518,1,11.5100002288818,35.3629989624023,0.0242970008403063,0,109.484802246094,-87.1745,26.1967,21.8554726752109,63,63,63,63,61,63,0,8046,1.33458767306251,26,-87,0.001869,51,2025-09-06 03:11:44.000338,518,1.037,0.0011,"aoml_navis",1029.27969079761
"7901009",82,0,1,0.026166,1,0.003738,1,113.491884207146,1,4.85769057500734,520,1,11.4580001831055,35.359001159668,0.0261659994721413,0,109.439796447754,-87.1745,26.1967,21.8554726752109,63,63,63,63,61,63,0,8046,1.33458767306251,26,-87,0.001869,51,2025-09-06 03:11:44.000338,520,1.037,0.0011,"aoml_navis",1029.2956957211
"7901009",82,0,4,0.020559,1,-0.001869,1,113.596835274013,1,4.85764204518483,522,1,11.4429998397827,35.3569984436035,0.020558999851346,0,109.541000366211,-87.1745,26.1967,21.8554726752109,63,63,63,63,61,63,0,8046,1.33458767306251,26,-87,0.001869,51,2025-09-06 03:11:44.000338,522,1.037,0.0011,"aoml_navis",1029.30597880432
"7901009",82,0,1,0.026166,1,0.003738,1,113.815851891653,1,4.85759716461712,524,1,11.4280004501343,35.3540000915527,0.0261659994721413,0,109.752197265625,-87.1745,26.1967,21.8554726752109,63,63,63,63,61,63,0,8046,1.33458767306251,26,-87,0.001869,51,2025-09-06 03:11:44.000338,524,1.037,0.0011,"aoml_navis",1029.31548882236
"7901009",82,0,1,0.028035,1,0.005607,1,114.099999092214,1,4.85754760804966,526,1,11.3999996185303,35.3489990234375,0.0280349999666214,0,110.02619934082,-87.1745,26.1967,21.8554726752109,63,63,63,63,61,63,0,8046,1.33458767306251,26,-87,0.001869,51,2025-09-06 03:11:44.000338,526,1.037,0.0011,"aoml_navis",1029.32598987075
"7901009",82,0,1,0.028035,1,0.005607,1,114.31922933057,1,4.85748874401316,528,1,11.3459997177124,35.3400001525879,0.0280349999666214,0,110.237602233887,-87.1745,26.1967,21.8554726752109,63,63,63,63,61,63,0,8046,1.33458767306251,26,-87,0.001869,51,2025-09-06 03:11:44.000338,528,1.037,0.0011,"aoml_navis",1029.33846345243
"7901009",82,0,1,0.029904,1,0.007476,1,114.43454495813,1,4.85744391625727,530,1,11.331000328064,35.3370018005371,0.0299040004611015,0,110.34880065918,-87.1745,26.1967,21.8554726752109,63,63,63,63,61,63,0,8046,1.33458767306251,26,-87,0.001869,51,2025-09-06 03:11:44.000338,530,1.037,0.0011,"aoml_navis",1029.34796287933
"7901009",82,0,1,0.026166,1,0.003738,1,114.59010039919,1,4.85738890856872,532,1,11.2849998474121,35.3289985656738,0.0261659994721413,0,110.498802185059,-87.1745,26.1967,21.8554726752109,63,63,63,63,61,63,0,8046,1.33458767306251,26,-87,0.001869,51,2025-09-06 03:11:44.000338,532,1.037,0.0011,"aoml_navis",1029.35961977014
"7901009",82,0,1,0.026166,1,0.003738,1,114.515538857226,1,4.85733214984642,534,1,11.2449998855591,35.3230018615723,0.0261659994721413,0,110.426902770996,-87.1745,26.1967,21.8554726752109,63,63,63,63,61,63,0,8046,1.33458767306251,26,-87,0.001869,51,2025-09-06 03:11:44.000338,534,1.037,0.0011,"aoml_navis",1029.37164800601
"7901009",82,0,1,0.024297,1,0.001869,1,114.12436767766,1,4.85728371253996,536,1,11.2180004119873,35.318000793457,0.0242970008403063,0,110.049697875977,-87.1745,26.1967,21.8554726752109,63,63,63,63,61,63,0,8046,1.33458767306251,26,-87,0.001869,51,2025-09-06 03:11:44.000338,536,1.037,0.0011,"aoml_navis",1029.38191300039
"7901009",82,0,1,0.024297,1,0.001869,1,113.717649657054,1,4.85721888216675,538,1,11.1529998779297,35.3079986572266,0.0242970008403063,0,109.657501220703,-87.1745,26.1967,21.8554726752109,63,63,63,63,61,63,0,8046,1.33458767306251,26,-87,0.001869,51,2025-09-06 03:11:44.000338,538,1.037,0.0011,"aoml_navis",1029.39565238813
"7901009",82,0,1,0.024297,1,0.001869,1,113.764836099783,1,4.85711716940724,540,1,11.0190000534058,35.2910003662109,0.0242970008403063,0,109.703002929688,-87.1745,26.1967,21.8554726752109,63,63,63,63,61,63,0,8046,1.33458767306251,26,-87,0.001869,51,2025-09-06 03:11:44.000338,540,1.037,0.0011,"aoml_navis",1029.4172089347
"7901009",82,0,1,0.029904,1,0.007476,1,113.711114445503,1,4.8570546580149,542,1,10.960000038147,35.2820014953613,0.0299040004611015,0,109.65119934082,-87.1745,26.1967,21.8554726752109,63,63,63,63,61,63,0,8046,1.33458767306251,26,-87,0.001869,51,2025-09-06 03:11:44.000338,542,1.037,0.0011,"aoml_navis",1029.43045776708
"7901009",82,0,1,0.026166,1,0.003738,1,113.476543074945,1,4.85700644194809,544,1,10.9409999847412,35.2789993286133,0.0261659994721413,0,109.425003051758,-87.1745,26.1967,21.8554726752109,63,63,63,63,61,63,0,8046,1.33458767306251,26,-87,0.001869,51,2025-09-06 03:11:44.000338,544,1.037,0.0011,"aoml_navis",1029.44067704274
"7901009",82,0,1,0.028035,1,0.005607,1,113.462744759029,1,4.85693950970352,546,1,10.8850002288818,35.2719993591309,0.0280349999666214,0,109.411697387695,-87.1745,26.1967,21.8554726752109,63,63,63,63,61,63,0,8046,1.33458767306251,26,-87,0.001869,51,2025-09-06 03:11:44.000338,546,1.037,0.0011,"aoml_navis",1029.45486350214
"7901009",82,0,1,0.028035,1,0.005607,1,113.382478752745,1,4.85688599312305,548,1,10.8559999465942,35.2680015563965,0.0280349999666214,0,109.334297180176,-87.1745,26.1967,21.8554726752109,63,63,63,63,61,63,0,8046,1.33458767306251,26,-87,0.001869,51,2025-09-06 03:11:44.000338,548,1.037,0.0011,"aoml_navis",1029.46620675873
"7901009",82,0,1,0.024297,1,0.001869,1,113.313313111845,1,4.85683348690182,550,1,10.8240003585815,35.2630004882812,0.0242970008403063,0,109.267601013184,-87.1745,26.1967,21.8554726752109,63,63,63,63,61,63,0,8046,1.33458767306251,26,-87,0.001869,51,2025-09-06 03:11:44.000338,550,1.037,0.0011,"aoml_navis",1029.47733610474
"7901009",82,0,1,0.024297,1,0.001869,1,113.239582317112,1,4.85677474360717,552,1,10.7849998474121,35.257999420166,0.0242970008403063,0,109.196502685547,-87.1745,26.1967,21.8554726752109,63,63,63,63,61,63,0,8046,1.33458767306251,26,-87,0.001869,51,2025-09-06 03:11:44.000338,552,1.037,0.0011,"aoml_navis",1029.48978776118
"7901009",82,0,1,0.028035,1,0.005607,1,113.161903495062,1,4.85671622182991,554,1,10.7379999160767,35.2509994506836,0.0280349999666214,0,109.121597290039,-87.1745,26.1967,21.8554726752109,63,63,63,63,61,63,0,8046,1.33458767306251,26,-87,0.001869,51,2025-09-06 03:11:44.000338,554,1.037,0.0011,"aoml_navis",1029.50219276269
"7901009",82,0,1,0.028035,1,0.005607,1,112.944754080722,1,4.85665779256823,556,1,10.6909999847412,35.2439994812012,0.0280349999666214,0,108.912200927734,-87.1745,26.1967,21.8554726752109,63,63,63,63,61,63,0,8046,1.33458767306251,26,-87,0.001869,51,2025-09-06 03:11:44.000338,556,1.037,0.0011,"aoml_navis",1029.51457845169
"7901009",82,0,1,0.028035,1,0.005607,1,112.529008606872,1,4.85659530302631,558,1,10.6269998550415,35.234001159668,0.0280349999666214,0,108.511299133301,-87.1745,26.1967,21.8554726752109,63,63,63,63,61,63,0,8046,1.33458767306251,26,-87,0.001869,51,2025-09-06 03:11:44.000338,558,1.037,0.0011,"aoml_navis",1029.52782515857
"7901009",82,0,1,0.026166,1,0.003738,1,112.249948744117,1,4.85651073484117,560,1,10.5419998168945,35.2249984741211,0.0261659994721413,0,108.242202758789,-87.1745,26.1967,21.8554726752109,63,63,63,63,61,63,0,8046,1.33458767306251,26,-87,0.001869,51,2025-09-06 03:11:44.000338,560,1.037,0.0011,"aoml_navis",1029.54575270048
"7901009",82,0,1,0.026166,1,0.003738,1,112.314137813509,1,4.85642748576778,562,1,10.4540004730225,35.2150001525879,0.0261659994721413,0,108.304100036621,-87.1745,26.1967,21.8554726752109,63,63,63,63,61,63,0,8046,1.33458767306251,26,-87,0.001869,51,2025-09-06 03:11:44.000338,562,1.037,0.0011,"aoml_navis",1029.56340121478
"7901009",82,0,1,0.028035,1,0.005607,1,112.440553806452,1,4.85636434902375,564,1,10.4010000228882,35.2080001831055,0.0280349999666214,0,108.426002502441,-87.1745,26.1967,21.8554726752109,63,63,63,63,61,63,0,8046,1.33458767306251,26,-87,0.001869,51,2025-09-06 03:11:44.000338,564,1.037,0.0011,"aoml_navis",1029.57678638859
"7901009",82,0,1,0.028035,1,0.005607,1,112.468759652918,1,4.85630659583065,566,1,10.3540000915527,35.201000213623,0.0280349999666214,0,108.453201293945,-87.1745,26.1967,21.8554726752109,63,63,63,63,61,63,0,8046,1.33458767306251,26,-87,0.001869,51,2025-09-06 03:11:44.000338,566,1.037,0.0011,"aoml_navis",1029.5890305387
"7901009",82,0,1,0.024297,1,0.001869,1,112.444699630729,1,4.85625299635178,568,1,10.3199996948242,35.1959991455078,0.0242970008403063,0,108.430000305176,-87.1745,26.1967,21.8554726752109,63,63,63,63,61,63,0,8046,1.33458767306251,26,-87,0.001869,51,2025-09-06 03:11:44.000338,568,1.037,0.0011,"aoml_navis",1029.60039432793
"7901009",82,0,1,0.026166,1,0.003738,1,112.353958297454,1,4.85619418353843,570,1,10.2799997329712,35.1910018920898,0.0261659994721413,0,108.342498779297,-87.1745,26.1967,21.8554726752109,63,63,63,63,61,63,0,8046,1.33458767306251,26,-87,0.001869,51,2025-09-06 03:11:44.000338,570,1.037,0.0011,"aoml_navis",1029.61286370077
"7901009",82,0,1,0.028035,1,0.005607,1,112.192492683236,1,4.85615015461675,572,1,10.2819995880127,35.1920013427734,0.0280349999666214,0,108.186798095703,-87.1745,26.1967,21.8554726752109,63,63,63,63,61,63,0,8046,1.33458767306251,26,-87,0.001869,51,2025-09-06 03:11:44.000338,572,1.037,0.0011,"aoml_navis",1029.6221988207
"7901009",82,0,1,0.028035,1,0.005607,1,112.14499767725,1,4.85611082819372,574,1,10.2810001373291,35.1910018920898,0.0280349999666214,0,108.140998840332,-87.1745,26.1967,21.8554726752109,63,63,63,63,61,63,0,8046,1.33458767306251,26,-87,0.001869,51,2025-09-06 03:11:44.000338,574,1.037,0.0011,"aoml_navis",1029.63053704847
"7901009",82,0,1,0.026166,1,0.003738,1,112.199755787599,1,4.85604894976578,576,1,10.2290000915527,35.1839981079102,0.0261659994721413,0,108.193801879883,-87.1745,26.1967,21.8554726752109,63,63,63,63,61,63,0,8046,1.33458767306251,26,-87,0.001869,51,2025-09-06 03:11:44.000338,576,1.037,0.0011,"aoml_navis",1029.64365716313
"7901009",82,0,1,0.029904,1,0.007476,1,112.252433073932,1,4.85599326365098,578,1,10.1840000152588,35.1769981384277,0.0299040004611015,0,108.244598388672,-87.1745,26.1967,21.8554726752109,63,63,63,63,61,63,0,8046,1.33458767306251,26,-87,0.001869,51,2025-09-06 03:11:44.000338,578,1.037,0.0011,"aoml_navis",1029.65546460432
"7901009",82,0,1,0.028035,1,0.005607,1,112.232004603924,1,4.85594161785388,580,1,10.1520004272461,35.1720008850098,0.0280349999666214,0,108.224899291992,-87.1745,26.1967,21.8554726752109,63,63,63,63,61,63,0,8046,1.33458767306251,26,-87,0.001869,51,2025-09-06 03:11:44.000338,580,1.037,0.0011,"aoml_navis",1029.6664155962
"7901009",82,0,1,0.028035,1,0.005607,1,112.243619241403,1,4.85588376116399,582,1,10.1169996261597,35.1679992675781,0.0280349999666214,0,108.236099243164,-87.1745,26.1967,21.8554726752109,63,63,63,63,61,63,0,8046,1.33458767306251,26,-87,0.001869,51,2025-09-06 03:11:44.000338,582,1.037,0.0011,"aoml_navis",1029.67868382448
"7901009",82,0,1,0.029904,1,0.007476,1,112.309058387581,1,4.85582635337333,584,1,10.0740003585815,35.1619987487793,0.0299040004611015,0,108.299201965332,-87.1745,26.1967,21.8554726752109,63,63,63,63,61,63,0,8046,1.33458767306251,26,-87,0.001869,51,2025-09-06 03:11:44.000338,584,1.037,0.0011,"aoml_navis",1029.69085715483
"7901009",82,0,1,0.026166,1,0.003738,1,112.33322126419,1,4.85577484887008,586,1,10.0419998168945,35.1570014953613,0.0261659994721413,0,108.32250213623,-87.1745,26.1967,21.8554726752109,63,63,63,63,61,63,0,8046,1.33458767306251,26,-87,0.001869,51,2025-09-06 03:11:44.000338,586,1.037,0.0011,"aoml_navis",1029.70177893719
"7901009",82,0,1,0.028035,1,0.005607,1,112.31973942341,1,4.85571908627019,588,1,10.0050001144409,35.1520004272461,0.0280349999666214,0,108.309501647949,-87.1745,26.1967,21.8554726752109,63,63,63,63,61,63,0,8046,1.33458767306251,26,-87,0.001869,51,2025-09-06 03:11:44.000338,588,1.037,0.0011,"aoml_navis",1029.71360393104
"7901009",82,0,1,0.029904,1,0.007476,1,112.357589849636,1,4.85566359813868,590,1,9.96399974822998,35.1459999084473,0.0299040004611015,0,108.346000671387,-87.1745,26.1967,21.8554726752109,63,63,63,63,61,63,0,8046,1.33458767306251,26,-87,0.001869,51,2025-09-06 03:11:44.000338,590,1.037,0.0011,"aoml_navis",1029.72537099083
"7901009",82,0,1,0.028035,1,0.005607,1,112.403842690714,1,4.85559724637514,592,1,9.9060001373291,35.1389999389648,0.0280349999666214,0,108.390602111816,-87.1745,26.1967,21.8554726752109,63,63,63,63,61,63,0,8046,1.33458767306251,26,-87,0.001869,51,2025-09-06 03:11:44.000338,592,1.037,0.0011,"aoml_navis",1029.73944219378
"7901009",82,0,1,0.029904,1,0.007476,1,112.470626856219,1,4.85553702980534,594,1,9.85499954223633,35.1319999694824,0.0299040004611015,0,108.455001831055,-87.1745,26.1967,21.8554726752109,63,63,63,63,61,63,0,8046,1.33458767306251,26,-87,0.001869,51,2025-09-06 03:11:44.000338,594,1.037,0.0011,"aoml_navis",1029.75221264051
"7901009",82,0,1,0.028035,1,0.005607,1,112.491363889484,1,4.85547813716258,596,1,9.81400012969971,35.1269989013672,0.0280349999666214,0,108.474998474121,-87.1745,26.1967,21.8554726752109,63,63,63,63,61,63,0,8046,1.33458767306251,26,-87,0.001869,51,2025-09-06 03:11:44.000338,596,1.037,0.0011,"aoml_navis",1029.76470262141
"7901009",82,0,1,0.026166,1,0.003738,1,112.370652360861,1,4.85543023806855,598,1,9.80300045013428,35.1259994506836,0.0261659994721413,0,108.358596801758,-87.1745,26.1967,21.8554726752109,63,63,63,63,61,63,0,8046,1.33458767306251,26,-87,0.001869,51,2025-09-06 03:11:44.000338,598,1.037,0.0011,"aoml_navis",1029.77486130847
"7901009",82,0,1,0.028035,1,0.005607,1,112.177871531968,1,4.85538294693693,600,1,9.79699993133545,35.1259994506836,0.0280349999666214,0,108.172698974609,-87.1745,26.1967,21.8554726752109,63,63,63,63,61,63,0,8046,1.33458767306251,26,-87,0.001869,51,2025-09-06 03:11:44.000338,600,1.037,0.0011,"aoml_navis",1029.78489125236
"7901009",82,0,1,0.029904,1,0.007476,1,112.095010429571,1,4.85533871888732,602,1,9.78600025177002,35.1240005493164,0.0299040004611015,0,108.092796325684,-87.1745,26.1967,21.8554726752109,63,63,63,63,61,63,0,8046,1.33458767306251,26,-87,0.001869,51,2025-09-06 03:11:44.000338,602,1.037,0.0011,"aoml_navis",1029.79427172608
"7901009",82,0,1,0.031773,1,0.009345,1,111.966426581949,1,4.85529108290404,604,1,9.77099990844727,35.1220016479492,0.0317730009555817,0,107.968803405762,-87.1745,26.1967,21.8554726752109,63,63,63,63,61,63,0,8046,1.33458767306251,26,-87,0.001869,51,2025-09-06 03:11:44.000338,604,1.037,0.0011,"aoml_navis",1029.80437519091
"7901009",82,0,1,0.029904,1,0.007476,1,111.764412590972,1,4.85524287275511,606,1,9.75100040435791,35.1189994812012,0.0299040004611015,0,107.774002075195,-87.1745,26.1967,21.8554726752109,63,63,63,63,61,63,0,8046,1.33458767306251,26,-87,0.001869,51,2025-09-06 03:11:44.000338,606,1.037,0.0011,"aoml_navis",1029.8146006366
"7901009",82,0,1,0.033642,1,0.011214,1,111.807761772681,1,4.8551580380948,608,1,9.66199970245361,35.1100006103516,0.0336420014500618,0,107.815803527832,-87.1745,26.1967,21.8554726752109,63,63,63,63,61,63,0,8046,1.33458767306251,26,-87,0.001869,51,2025-09-06 03:11:44.000338,608,1.037,0.0011,"aoml_navis",1029.83259468976
"7901009",82,0,1,0.028035,1,0.005607,1,111.771050656943,1,4.85510044367923,609.900024414062,1,9.62399959564209,35.1059989929199,0.0280349999666214,0,107.780403137207,-87.1745,26.1967,21.8554726752109,63,63,63,63,61,63,0,8046,1.33458767306251,26,-87,0.001869,51,2025-09-06 03:11:44.000338,609.900024414062,1.037,0.0011,"aoml_navis",1029.84481124575
"7901009",82,0,1,0.028035,1,0.005607,1,111.457764008265,1,4.85505684609092,611.900024414062,1,9.61800003051758,35.1049995422363,0.0280349999666214,0,107.478302001953,-87.1745,26.1967,21.8554726752109,63,63,63,63,61,63,0,8046,1.33458767306251,26,-87,0.001869,51,2025-09-06 03:11:44.000338,611.900024414062,1.037,0.0011,"aoml_navis",1029.85405907776
"7901009",82,0,1,0.028035,1,0.005607,1,111.098849556903,1,4.85500071302788,614,1,9.59099960327148,35.1020011901855,0.0280349999666214,0,107.132202148438,-87.1745,26.1967,21.8554726752109,63,63,63,63,61,63,0,8046,1.33458767306251,26,-87,0.001869,51,2025-09-06 03:11:44.000338,614,1.037,0.0011,"aoml_navis",1029.86596615383
"7901009",82,0,1,0.028035,1,0.005607,1,110.785357199387,1,4.85493403474657,616,1,9.5620002746582,35.1020011901855,0.0280349999666214,0,106.829902648926,-87.1745,26.1967,21.8554726752109,63,63,63,63,61,63,0,8046,1.33458767306251,26,-87,0.001869,51,2025-09-06 03:11:44.000338,616,1.037,0.0011,"aoml_navis",1029.88011046395
"7901009",82,0,1,0.028035,1,0.005607,1,110.346279596159,1,4.85488311788809,618,1,9.55599975585938,35.1030006408691,0.0280349999666214,0,106.40650177002,-87.1745,26.1967,21.8554726752109,63,63,63,63,61,63,0,8046,1.33458767306251,26,-87,0.001869,51,2025-09-06 03:11:44.000338,618,1.037,0.0011,"aoml_navis",1029.8909116014
"7901009",82,0,1,0.028035,1,0.005607,1,109.771972167459,1,4.85484119984157,620,1,9.5649995803833,35.1049995422363,0.0280349999666214,0,105.852699279785,-87.1745,26.1967,21.8554726752109,63,63,63,63,61,63,0,8046,1.33458767306251,26,-87,0.001869,51,2025-09-06 03:11:44.000338,620,1.037,0.0011,"aoml_navis",1029.8998039654
"7901009",82,0,1,0.026166,1,0.003738,1,109.116053713149,1,4.85479645875246,622,1,9.57499980926514,35.1080017089844,0.0261659994721413,0,105.220199584961,-87.1745,26.1967,21.8554726752109,63,63,63,63,61,63,0,8046,1.33458767306251,26,-87,0.001869,51,2025-09-06 03:11:44.000338,622,1.037,0.0011,"aoml_navis",1029.90929537031
"7901009",82,0,1,0.022428,1,0,1,108.591108493735,1,4.85474864308942,624,1,9.57699966430664,35.1100006103516,0.0224280003458261,0,104.713996887207,-87.1745,26.1967,21.8554726752109,63,63,63,63,61,63,0,8046,1.33458767306251,26,-87,0.001869,51,2025-09-06 03:11:44.000338,624,1.037,0.0011,"aoml_navis",1029.91943921079
"7901009",82,0,1,0.029904,1,0.007476,1,108.597746559706,1,4.85465202490136,626,1,9.48200035095215,35.1030006408691,0.0299040004611015,0,104.720397949219,-87.1745,26.1967,21.8554726752109,63,63,63,63,61,63,0,8046,1.33458767306251,26,-87,0.001869,51,2025-09-06 03:11:44.000338,626,1.037,0.0011,"aoml_navis",1029.93993685914
"7901009",82,0,1,0.026166,1,0.003738,1,108.776017003629,1,4.85458407138519,628,1,9.41199970245361,35.0940017700195,0.0261659994721413,0,104.892303466797,-87.1745,26.1967,21.8554726752109,63,63,63,63,61,63,0,8046,1.33458767306251,26,-87,0.001869,51,2025-09-06 03:11:44.000338,628,1.037,0.0011,"aoml_navis",1029.95435375647
"7901009",82,0,1,0.028035,1,0.005607,1,109.062545679586,1,4.85449183968312,630,1,9.29500007629395,35.0810012817383,0.0280349999666214,0,105.168601989746,-87.1745,26.1967,21.8554726752109,63,63,63,63,61,63,0,8046,1.33458767306251,26,-87,0.001869,51,2025-09-06 03:11:44.000338,630,1.037,0.0011,"aoml_navis",1029.9739221163
"7901009",82,0,1,0.031773,1,0.009345,1,109.115120111499,1,4.85443041393282,632,1,9.24100017547607,35.0740013122559,0.0317730009555817,0,105.219299316406,-87.1745,26.1967,21.8554726752109,63,63,63,63,61,63,0,8046,1.33458767306251,26,-87,0.001869,51,2025-09-06 03:11:44.000338,632,1.037,0.0011,"aoml_navis",1029.98695493695
"7901009",82,0,1,0.029904,1,0.007476,1,109.178169870402,1,4.85437041305446,634,1,9.19299983978271,35.068000793457,0.0299040004611015,0,105.280097961426,-87.1745,26.1967,21.8554726752109,63,63,63,63,61,63,0,8046,1.33458767306251,26,-87,0.001869,51,2025-09-06 03:11:44.000338,634,1.037,0.0011,"aoml_navis",1029.9996857582
"7901009",82,0,1,0.028035,1,0.005607,1,109.25418719799,1,4.854316393438,636,1,9.16100025177002,35.0639991760254,0.0280349999666214,0,105.353401184082,-87.1745,26.1967,21.8554726752109,63,63,63,63,61,63,0,8046,1.33458767306251,26,-87,0.001869,51,2025-09-06 03:11:44.000338,636,1.037,0.0011,"aoml_navis",1030.01114776098
"7901009",82,0,1,0.031773,1,0.009345,1,109.427781721783,1,4.85424739861362,638.099975585938,1,9.10000038146973,35.056999206543,0.0317730009555817,0,105.520797729492,-87.1745,26.1967,21.8554726752109,63,63,63,63,61,63,0,8046,1.33458767306251,26,-87,0.001869,51,2025-09-06 03:11:44.000338,638.099975585938,1.037,0.0011,"aoml_navis",1030.02578760778
"7901009",82,0,1,0.029904,1,0.007476,1,109.645453320097,1,4.85418317479372,640,1,9.03499984741211,35.048999786377,0.0299040004611015,0,105.730697631836,-87.1745,26.1967,21.8554726752109,63,63,63,63,61,63,0,8046,1.33458767306251,26,-87,0.001869,51,2025-09-06 03:11:44.000338,640,1.037,0.0011,"aoml_navis",1030.03941548054
"7901009",82,0,1,0.026166,1,0.003738,1,110.064308162156,1,4.85409087640252,642,1,8.92899990081787,35.0390014648438,0.0261659994721413,0,106.13459777832,-87.1745,26.1967,21.8554726752109,63,63,63,63,61,63,0,8046,1.33458767306251,26,-87,0.001869,51,2025-09-06 03:11:44.000338,642,1.037,0.0011,"aoml_navis",1030.05900122447
"7901009",82,0,1,0.029904,1,0.007476,1,110.415136673802,1,4.85402993071694,644,1,8.86999988555908,35.0309982299805,0.0299040004611015,0,106.472900390625,-87.1745,26.1967,21.8554726752109,63,63,63,63,61,63,0,8046,1.33458767306251,26,-87,0.001869,51,2025-09-06 03:11:44.000338,644,1.037,0.0011,"aoml_navis",1030.07193432396
"7901009",82,0,4,0.024297,1,0.001869,1,110.830154254841,1,4.85395411318722,646,1,8.79699993133545,35.023998260498,0.0242970008403063,0,106.873100280762,-87.1745,26.1967,21.8554726752109,63,63,63,63,61,63,0,8046,1.33458767306251,26,-87,0.001869,51,2025-09-06 03:11:44.000338,646,1.037,0.0011,"aoml_navis",1030.08802378581
"7901009",82,0,1,0.029904,1,0.007476,1,111.132862722109,1,4.85388856485303,648,1,8.74100017547607,35.0180015563965,0.0299040004611015,0,107.165000915527,-87.1745,26.1967,21.8554726752109,63,63,63,63,61,63,0,8046,1.33458767306251,26,-87,0.001869,51,2025-09-06 03:11:44.000338,648,1.037,0.0011,"aoml_navis",1030.10193439647
"7901009",82,0,1,0.029904,1,0.007476,1,111.62638196055,1,4.85382844767337,650,1,8.6870002746582,35.0110015869141,0.0299040004611015,0,107.640899658203,-87.1745,26.1967,21.8554726752109,63,63,63,63,61,63,0,8046,1.33458767306251,26,-87,0.001869,51,2025-09-06 03:11:44.000338,650,1.037,0.0011,"aoml_navis",1030.11469274253
"7901009",82,0,1,0.031773,1,0.009345,1,112.004894134689,1,4.85376960122362,652,1,8.63899993896484,35.0050010681152,0.0317730009555817,0,108.005897521973,-87.1745,26.1967,21.8554726752109,63,63,63,63,61,63,0,8046,1.33458767306251,26,-87,0.001869,51,2025-09-06 03:11:44.000338,652,1.037,0.0011,"aoml_navis",1030.1271817145
"7901009",82,0,1,0.033642,1,0.011214,1,112.235739010525,1,4.85370812423185,654,1,8.58300018310547,34.9980010986328,0.0336420014500618,0,108.228500366211,-87.1745,26.1967,21.8554726752109,63,63,63,63,61,63,0,8046,1.33458767306251,26,-87,0.001869,51,2025-09-06 03:11:44.000338,654,1.037,0.0011,"aoml_navis",1030.1402292894
"7901009",82,0,4,0.026166,1,0.003738,1,112.382583473476,1,4.85365364696482,656,1,8.55399990081787,34.9949989318848,0.0261659994721413,0,108.370101928711,-87.1745,26.1967,21.8554726752109,63,63,63,63,61,63,0,8046,1.33458767306251,26,-87,0.001869,51,2025-09-06 03:11:44.000338,656,1.037,0.0011,"aoml_navis",1030.1517915533
"7901009",82,0,1,0.029904,1,0.007476,1,112.485762279582,1,4.85360349551518,658,1,8.53499984741211,34.9930000305176,0.0299040004611015,0,108.469596862793,-87.1745,26.1967,21.8554726752109,63,63,63,63,61,63,0,8046,1.33458767306251,26,-87,0.001869,51,2025-09-06 03:11:44.000338,658,1.037,0.0011,"aoml_navis",1030.16243593447
"7901009",82,0,1,0.031773,1,0.009345,1,112.374908951436,1,4.85355335735145,660,1,8.51599979400635,34.9910011291504,0.0317730009555817,0,108.362701416016,-87.1745,26.1967,21.8554726752109,63,63,63,63,61,63,0,8046,1.33458767306251,26,-87,0.001869,51,2025-09-06 03:11:44.000338,660,1.037,0.0011,"aoml_navis",1030.17307771568
"7901009",82,0,1,0.029904,1,0.007476,1,112.256064626113,1,4.85350992044221,662,1,8.51000022888184,34.9900016784668,0.0299040004611015,0,108.248100280762,-87.1745,26.1967,21.8554726752109,63,63,63,63,61,63,0,8046,1.33458767306251,26,-87,0.001869,51,2025-09-06 03:11:44.000338,662,1.037,0.0011,"aoml_navis",1030.18229733925
"7901009",82,0,1,0.031773,1,0.009345,1,112.442207389036,1,4.85344767658012,664,1,8.48499965667725,34.9900016784668,0.0317730009555817,0,108.427597045898,-87.1745,26.1967,21.8554726752109,63,63,63,63,61,63,0,8046,1.33458767306251,26,-87,0.001869,51,2025-09-06 03:11:44.000338,664,1.037,0.0011,"aoml_navis",1030.19550908668
"7901009",82,0,1,0.033642,1,0.011214,1,112.764205015823,1,4.85338635052677,666,1,8.4379997253418,34.9850006103516,0.0336420014500618,0,108.738098144531,-87.1745,26.1967,21.8554726752109,63,63,63,63,61,63,0,8046,1.33458767306251,26,-87,0.001869,51,2025-09-06 03:11:44.000338,666,1.037,0.0011,"aoml_navis",1030.20852635342
"7901009",82,0,1,0.029904,1,0.007476,1,112.861892978326,1,4.85333174643681,668,1,8.4040002822876,34.9809989929199,0.0299040004611015,0,108.832298278809,-87.1745,26.1967,21.8554726752109,63,63,63,63,61,63,0,8046,1.33458767306251,26,-87,0.001869,51,2025-09-06 03:11:44.000338,668,1.037,0.0011,"aoml_navis",1030.2201170713
"7901009",82,0,1,0.028035,1,0.005607,1,113.121046555047,1,4.85327796637043,670,1,8.37100028991699,34.9770011901855,0.0280349999666214,0,109.08219909668,-87.1745,26.1967,21.8554726752109,63,63,63,63,61,63,0,8046,1.33458767306251,26,-87,0.001869,51,2025-09-06 03:11:44.000338,670,1.037,0.0011,"aoml_navis",1030.23153313003
"7901009",82,0,1,0.029904,1,0.007476,1,113.391814769247,1,4.85320740158657,672,1,8.3120002746582,34.9720001220703,0.0299040004611015,0,109.343299865723,-87.1745,26.1967,21.8554726752109,63,63,63,63,61,63,0,8046,1.33458767306251,26,-87,0.001869,51,2025-09-06 03:11:44.000338,672,1.037,0.0011,"aoml_navis",1030.24651251571
"7901009",82,0,1,0.035511,1,0.013083,1,113.584389889302,1,4.85314510727178,674,1,8.26799964904785,34.9679985046387,0.0355109982192516,0,109.528999328613,-87.1745,26.1967,21.8554726752109,63,63,63,63,61,63,0,8046,1.33458767306251,26,-87,0.001869,51,2025-09-06 03:11:44.000338,674,1.037,0.0011,"aoml_navis",1030.25973662073
"7901009",82,0,1,0.028035,1,0.005607,1,113.844991339769,1,4.85308338207689,676,1,8.23400020599365,34.9659996032715,0.0280349999666214,0,109.780296325684,-87.1745,26.1967,21.8554726752109,63,63,63,63,61,63,0,8046,1.33458767306251,26,-87,0.001869,51,2025-09-06 03:11:44.000338,676,1.037,0.0011,"aoml_navis",1030.27284024538
"7901009",82,0,1,0.026166,1,0.003738,1,114.136915916789,1,4.8530272551273,678,1,8.19299983978271,34.9609985351562,0.0261659994721413,0,110.061798095703,-87.1745,26.1967,21.8554726752109,63,63,63,63,61,63,0,8046,1.33458767306251,26,-87,0.001869,51,2025-09-06 03:11:44.000338,678,1.037,0.0011,"aoml_navis",1030.28475570942
"7901009",82,0,1,0.029904,1,0.007476,1,114.382904127867,1,4.85297008966754,680,1,8.15999984741211,34.9580001831055,0.0299040004611015,0,110.299003601074,-87.1745,26.1967,21.8554726752109,63,63,63,63,61,63,0,8046,1.33458767306251,26,-87,0.001869,51,2025-09-06 03:11:44.000338,680,1.037,0.0011,"aoml_navis",1030.29689192717
"7901009",82,0,1,0.033642,1,0.011214,1,114.596738465161,1,4.85290750738702,682,1,8.11999988555908,34.9550018310547,0.0336420014500618,0,110.50520324707,-87.1745,26.1967,21.8554726752109,63,63,63,63,61,63,0,8046,1.33458767306251,26,-87,0.001869,51,2025-09-06 03:11:44.000338,682,1.037,0.0011,"aoml_navis",1030.31017846293
"7901009",82,0,1,0.031773,1,0.009345,1,114.735591930936,1,4.85285846374814,684,1,8.10200023651123,34.9529991149902,0.0317730009555817,0,110.639099121094,-87.1745,26.1967,21.8554726752109,63,63,63,63,61,63,0,8046,1.33458767306251,26,-87,0.001869,51,2025-09-06 03:11:44.000338,684,1.037,0.0011,"aoml_navis",1030.32059091586
"7901009",82,0,1,0.028035,1,0.005607,1,114.938333814724,1,4.85280730054844,686,1,8.08600044250488,34.9519996643066,0.0280349999666214,0,110.834602355957,-87.1745,26.1967,21.8554726752109,63,63,63,63,61,63,0,8046,1.33458767306251,26,-87,0.001869,51,2025-09-06 03:11:44.000338,686,1.037,0.0011,"aoml_navis",1030.33145359696
"7901009",82,0,1,0.031773,1,0.009345,1,115.165230663242,1,4.85274949793033,688,1,8.05200004577637,34.9490013122559,0.0317730009555817,0,111.053398132324,-87.1745,26.1967,21.8554726752109,63,63,63,63,61,63,0,8046,1.33458767306251,26,-87,0.001869,51,2025-09-06 03:11:44.000338,688,1.037,0.0011,"aoml_navis",1030.34372619738
"7901009",82,0,1,0.029904,1,0.007476,1,115.425840025588,1,4.85270205268547,690,1,8.03600025177002,34.9469985961914,0.0299040004611015,0,111.304702758789,-87.1745,26.1967,21.8554726752109,63,63,63,63,61,63,0,8046,1.33458767306251,26,-87,0.001869,51,2025-09-06 03:11:44.000338,690,1.037,0.0011,"aoml_navis",1030.35379994801
"7901009",82,0,1,0.031773,1,0.009345,1,115.725850542324,1,4.85265072330648,692,1,8.01500034332275,34.9449996948242,0.0317730009555817,0,111.59400177002,-87.1745,26.1967,21.8554726752109,63,63,63,63,61,63,0,8046,1.33458767306251,26,-87,0.001869,51,2025-09-06 03:11:44.000338,692,1.037,0.0011,"aoml_navis",1030.36469861427
"7901009",82,0,1,0.028035,1,0.005607,1,116.174050541338,1,4.85259998574269,694,1,7.98999977111816,34.9420013427734,0.0280349999666214,0,112.02619934082,-87.1745,26.1967,21.8554726752109,63,63,63,63,61,63,0,8046,1.33458767306251,26,-87,0.001869,51,2025-09-06 03:11:44.000338,694,1.037,0.0011,"aoml_navis",1030.37547184816
"7901009",82,0,1,0.031773,1,0.009345,1,116.553709937843,1,4.85253962953965,696,1,7.94299983978271,34.9370002746582,0.0317730009555817,0,112.392303466797,-87.1745,26.1967,21.8554726752109,63,63,63,63,61,63,0,8046,1.33458767306251,26,-87,0.001869,51,2025-09-06 03:11:44.000338,696,1.037,0.0011,"aoml_navis",1030.38828772519
"7901009",82,0,1,0.031773,1,0.009345,1,116.83256409176,1,4.85247415248847,698,1,7.89400005340576,34.9329986572266,0.0317730009555817,0,112.661201477051,-87.1745,26.1967,21.8554726752109,63,63,63,63,61,63,0,8046,1.33458767306251,26,-87,0.001869,51,2025-09-06 03:11:44.000338,698,1.037,0.0011,"aoml_navis",1030.40219131015
"7901009",82,0,1,0.028035,1,0.005607,1,116.849258155167,1,4.85242773034844,700,1,7.88399982452393,34.931999206543,0.0280349999666214,0,112.677299499512,-87.1745,26.1967,21.8554726752109,63,63,63,63,61,63,0,8046,1.33458767306251,26,-87,0.001869,51,2025-09-06 03:11:44.000338,700,1.037,0.0011,"aoml_navis",1030.41204894791
"7901009",82,0,1,0.033642,1,0.011214,1,116.919254543299,1,4.85238285163732,702,1,7.87599992752075,34.9309997558594,0.0336420014500618,0,112.74479675293,-87.1745,26.1967,21.8554726752109,63,63,63,63,61,63,0,8046,1.33458767306251,26,-87,0.001869,51,2025-09-06 03:11:44.000338,702,1.037,0.0011,"aoml_navis",1030.4215790213
"7901009",82,0,1,0.028035,1,0.005607,1,117.009481604478,1,4.85233737895666,704,1,7.87200021743774,34.9309997558594,0.0280349999666214,0,112.831802368164,-87.1745,26.1967,21.8554726752109,63,63,63,63,61,63,0,8046,1.33458767306251,26,-87,0.001869,51,2025-09-06 03:11:44.000338,704,1.037,0.0011,"aoml_navis",1030.43123540497
"7901009",82,0,1,0.033642,1,0.011214,1,117.023897046908,1,4.85229558310502,706,1,7.86800003051758,34.9300003051758,0.0336420014500618,0,112.845703125,-87.1745,26.1967,21.8554726752109,63,63,63,63,61,63,0,8046,1.33458767306251,26,-87,0.001869,51,2025-09-06 03:11:44.000338,706,1.037,0.0011,"aoml_navis",1030.4401111526
"7901009",82,0,1,0.029904,1,0.007476,1,117.138587636074,1,4.85225301927039,708,1,7.86299991607666,34.9290008544922,0.0299040004611015,0,112.956298828125,-87.1745,26.1967,21.8554726752109,63,63,63,63,61,63,0,8046,1.33458767306251,26,-87,0.001869,51,2025-09-06 03:11:44.000338,708,1.037,0.0011,"aoml_navis",1030.44915014589
"7901009",82,0,1,0.031773,1,0.009345,1,117.289063651207,1,4.85221122715166,710,1,7.85900020599365,34.9280014038086,0.0317730009555817,0,113.101402282715,-87.1745,26.1967,21.8554726752109,63,63,63,63,61,63,0,8046,1.33458767306251,26,-87,0.001869,51,2025-09-06 03:11:44.000338,710,1.037,0.0011,"aoml_navis",1030.4580254094
"7901009",82,0,1,0.028035,1,0.005607,1,117.579121024926,1,4.85216235538835,712,1,7.84100008010864,34.9259986877441,0.0280349999666214,0,113.381103515625,-87.1745,26.1967,21.8554726752109,63,63,63,63,61,63,0,8046,1.33458767306251,26,-87,0.001869,51,2025-09-06 03:11:44.000338,712,1.037,0.0011,"aoml_navis",1030.46840434914
"7901009",82,0,1,0.026166,1,0.003738,1,117.767542408826,1,4.85209167404916,714,1,7.78499984741211,34.9220008850098,0.0261659994721413,0,113.562797546387,-87.1745,26.1967,21.8554726752109,63,63,63,63,61,63,0,8046,1.33458767306251,26,-87,0.001869,51,2025-09-06 03:11:44.000338,714,1.037,0.0011,"aoml_navis",1030.48341537773
"7901009",82,0,1,0.031773,1,0.009345,1,117.859842382144,1,4.85202434451207,716,1,7.73799991607666,34.9189987182617,0.0317730009555817,0,113.651802062988,-87.1745,26.1967,21.8554726752109,63,63,63,63,61,63,0,8046,1.33458767306251,26,-87,0.001869,51,2025-09-06 03:11:44.000338,716,1.037,0.0011,"aoml_navis",1030.49771497031
"7901009",82,0,1,0.028035,1,0.005607,1,117.810788736115,1,4.85196437279041,718,1,7.71500015258789,34.9189987182617,0.0280349999666214,0,113.604499816895,-87.1745,26.1967,21.8554726752109,63,63,63,63,61,63,0,8046,1.33458767306251,26,-87,0.001869,51,2025-09-06 03:11:44.000338,718,1.037,0.0011,"aoml_navis",1030.51045222833
"7901009",82,0,1,0.028035,1,0.005607,1,117.940211242847,1,4.85190365815714,720,1,7.69099998474121,34.9189987182617,0.0280349999666214,0,113.729301452637,-87.1745,26.1967,21.8554726752109,63,63,63,63,61,63,0,8046,1.33458767306251,26,-87,0.001869,51,2025-09-06 03:11:44.000338,720,1.037,0.0011,"aoml_navis",1030.52334759242
"7901009",82,0,1,0.029904,1,0.007476,1,117.976297320192,1,4.85185518598186,722.099975585938,1,7.68100023269653,34.9179992675781,0.0299040004611015,0,113.764099121094,-87.1745,26.1967,21.8554726752109,63,63,63,63,61,63,0,8046,1.33458767306251,26,-87,0.001869,51,2025-09-06 03:11:44.000338,722.099975585938,1.037,0.0011,"aoml_navis",1030.53364297561
"7901009",82,0,1,0.028035,1,0.005607,1,117.922686432209,1,4.85181112223568,724.099975585938,1,7.67399978637695,34.9169998168945,0.0280349999666214,0,113.71240234375,-87.1745,26.1967,21.8554726752109,63,63,63,63,61,63,0,8046,1.33458767306251,26,-87,0.001869,51,2025-09-06 03:11:44.000338,724.099975585938,1.037,0.0011,"aoml_navis",1030.54300219668
"7901009",82,0,1,0.031773,1,0.009345,1,117.875808552738,1,4.85176550476136,726,1,7.66699981689453,34.9169998168945,0.0317730009555817,0,113.667198181152,-87.1745,26.1967,21.8554726752109,63,63,63,63,61,63,0,8046,1.33458767306251,26,-87,0.001869,51,2025-09-06 03:11:44.000338,726,1.037,0.0011,"aoml_navis",1030.55269161157
"7901009",82,0,1,0.031773,1,0.009345,1,117.961367605666,1,4.8516957048839,728,1,7.63100004196167,34.9169998168945,0.0317730009555817,0,113.749702453613,-87.1745,26.1967,21.8554726752109,63,63,63,63,61,63,0,8046,1.33458767306251,26,-87,0.001869,51,2025-09-06 03:11:44.000338,728,1.037,0.0011,"aoml_navis",1030.56751786119
"7901009",82,0,1,0.029904,1,0.007476,1,118.183185028257,1,4.85163039221163,730,1,7.59600019454956,34.9160003662109,0.0299040004611015,0,113.963600158691,-87.1745,26.1967,21.8554726752109,63,63,63,63,61,63,0,8046,1.33458767306251,26,-87,0.001869,51,2025-09-06 03:11:44.000338,730,1.037,0.0011,"aoml_navis",1030.5813913662
"7901009",82,0,1,0.029904,1,0.007476,1,118.454467514553,1,4.8515764912307,732,1,7.57600021362305,34.9150009155273,0.0299040004611015,0,114.225196838379,-87.1745,26.1967,21.8554726752109,63,63,63,63,61,63,0,8046,1.33458767306251,26,-87,0.001869,51,2025-09-06 03:11:44.000338,732,1.037,0.0011,"aoml_navis",1030.59284111826
"7901009",82,0,1,0.031773,1,0.009345,1,118.731565231467,1,4.85152856676623,734,1,7.55900001525879,34.9129981994629,0.0317730009555817,0,114.492401123047,-87.1745,26.1967,21.8554726752109,63,63,63,63,61,63,0,8046,1.33458767306251,26,-87,0.001869,51,2025-09-06 03:11:44.000338,734,1.037,0.0011,"aoml_navis",1030.60302154064
"7901009",82,0,1,0.029904,1,0.007476,1,119.041948220775,1,4.85146184125622,736,1,7.52199983596802,34.9119987487793,0.0299040004611015,0,114.791702270508,-87.1745,26.1967,21.8554726752109,63,63,63,63,61,63,0,8046,1.33458767306251,26,-87,0.001869,51,2025-09-06 03:11:44.000338,736,1.037,0.0011,"aoml_navis",1030.61719613677
"7901009",82,0,1,0.031773,1,0.009345,1,119.443483961034,1,4.8514162020387,738,1,7.50799989700317,34.9099998474121,0.0317730009555817,0,115.178901672363,-87.1745,26.1967,21.8554726752109,63,63,63,63,61,63,0,8046,1.33458767306251,26,-87,0.001869,51,2025-09-06 03:11:44.000338,738,1.037,0.0011,"aoml_navis",1030.62689156599
"7901009",82,0,1,0.029904,1,0.007476,1,120.054811068729,1,4.8513605966528,740,1,7.47100019454956,34.9059982299805,0.0299040004611015,0,115.768402099609,-87.1745,26.1967,21.8554726752109,63,63,63,63,61,63,0,8046,1.33458767306251,26,-87,0.001869,51,2025-09-06 03:11:44.000338,740,1.037,0.0011,"aoml_navis",1030.63870441825
"7901009",82,0,1,0.028035,1,0.005607,1,120.456346808988,1,4.85129158830688,742,1,7.4210000038147,34.9029998779297,0.0280349999666214,0,116.155601501465,-87.1745,26.1967,21.8554726752109,63,63,63,63,61,63,0,8046,1.33458767306251,26,-87,0.001869,51,2025-09-06 03:11:44.000338,742,1.037,0.0011,"aoml_navis",1030.65336498254
"7901009",82,0,1,0.029904,1,0.007476,1,120.651303404439,1,4.85123999726903,744,1,7.39900016784668,34.9010009765625,0.0299040004611015,0,116.343597412109,-87.1745,26.1967,21.8554726752109,63,63,63,63,61,63,0,8046,1.33458767306251,26,-87,0.001869,51,2025-09-06 03:11:44.000338,744,1.037,0.0011,"aoml_navis",1030.66432557752
"7901009",82,0,1,0.029904,1,0.007476,1,120.819098521371,1,4.85118624563679,746,1,7.37900018692017,34.9000015258789,0.0299040004611015,0,116.505401611328,-87.1745,26.1967,21.8554726752109,63,63,63,63,61,63,0,8046,1.33458767306251,26,-87,0.001869,51,2025-09-06 03:11:44.000338,746,1.037,0.0011,"aoml_navis",1030.67574544207
"7901009",82,0,1,0.029904,1,0.007476,1,120.976829728988,1,4.8511333234776,748,1,7.36499977111816,34.9000015258789,0.0299040004611015,0,116.657501220703,-87.1745,26.1967,21.8554726752109,63,63,63,63,61,63,0,8046,1.33458767306251,26,-87,0.001869,51,2025-09-06 03:11:44.000338,748,1.037,0.0011,"aoml_navis",1030.6869893272
"7901009",82,0,1,0.029904,1,0.007476,1,121.235358267317,1,4.85108628111995,750,1,7.34899997711182,34.8979988098145,0.0299040004611015,0,116.906799316406,-87.1745,26.1967,21.8554726752109,63,63,63,63,61,63,0,8046,1.33458767306251,26,-87,0.001869,51,2025-09-06 03:11:44.000338,750,1.037,0.0011,"aoml_navis",1030.69698419086
"7901009",82,0,1,0.031773,1,0.009345,1,121.533604435172,1,4.85101842781376,752,1,7.31500005722046,34.8979988098145,0.0317730009555817,0,117.194396972656,-87.1745,26.1967,21.8554726752109,63,63,63,63,61,63,0,8046,1.33458767306251,26,-87,0.001869,51,2025-09-06 03:11:44.000338,752,1.037,0.0011,"aoml_navis",1030.7114009982
"7901009",82,0,1,0.029904,1,0.007476,1,121.821794605591,1,4.85095877177843,754,1,7.28700017929077,34.8969993591309,0.0299040004611015,0,117.472297668457,-87.1745,26.1967,21.8554726752109,63,63,63,63,61,63,0,8046,1.33458767306251,26,-87,0.001869,51,2025-09-06 03:11:44.000338,754,1.037,0.0011,"aoml_navis",1030.72407646271
"7901009",82,0,1,0.028035,1,0.005607,1,122.081881783962,1,4.85091399649682,756,1,7.27400016784668,34.8950004577637,0.0280349999666214,0,117.723098754883,-87.1745,26.1967,21.8554726752109,63,63,63,63,61,63,0,8046,1.33458767306251,26,-87,0.001869,51,2025-09-06 03:11:44.000338,756,1.037,0.0011,"aoml_navis",1030.73359033181
"7901009",82,0,1,0.031773,1,0.009345,1,122.331185072086,1,4.85086778346653,758,1,7.26399993896484,34.8940010070801,0.0317730009555817,0,117.963500976562,-87.1745,26.1967,21.8554726752109,63,63,63,63,61,63,0,8046,1.33458767306251,26,-87,0.001869,51,2025-09-06 03:11:44.000338,758,1.037,0.0011,"aoml_navis",1030.74340987849
"7901009",82,0,1,0.029904,1,0.007476,1,122.715923894519,1,4.85081707924112,760,1,7.24300003051758,34.8919982910156,0.0299040004611015,0,118.334503173828,-87.1745,26.1967,21.8554726752109,63,63,63,63,61,63,0,8046,1.33458767306251,26,-87,0.001869,51,2025-09-06 03:11:44.000338,760,1.037,0.0011,"aoml_navis",1030.7541839492
"7901009",82,0,1,0.028035,1,0.005607,1,123.174907783781,1,4.85075594482906,762,1,7.20300006866455,34.8889999389648,0.0280349999666214,0,118.777099609375,-87.1745,26.1967,21.8554726752109,63,63,63,63,61,63,0,8046,1.33458767306251,26,-87,0.001869,51,2025-09-06 03:11:44.000338,762,1.037,0.0011,"aoml_navis",1030.76717461534
"7901009",82,0,1,0.029904,1,0.007476,1,123.478138435023,1,4.85068678045276,764,1,7.16200017929077,34.8880004882812,0.0299040004611015,0,119.06950378418,-87.1745,26.1967,21.8554726752109,63,63,63,63,61,63,0,8046,1.33458767306251,26,-87,0.001869,51,2025-09-06 03:11:44.000338,764,1.037,0.0011,"aoml_navis",1030.7818719916
"7901009",82,0,1,0.031773,1,0.009345,1,123.691039170666,1,4.85062509110984,766,1,7.13600015640259,34.8880004882812,0.0317730009555817,0,119.274803161621,-87.1745,26.1967,21.8554726752109,63,63,63,63,61,63,0,8046,1.33458767306251,26,-87,0.001869,51,2025-09-06 03:11:44.000338,766,1.037,0.0011,"aoml_navis",1030.79498128271
"7901009",82,0,1,0.031773,1,0.009345,1,123.76466711098,1,4.85057522935715,768,1,7.12099981307983,34.8870010375977,0.0317730009555817,0,119.345802307129,-87.1745,26.1967,21.8554726752109,63,63,63,63,61,63,0,8046,1.33458767306251,26,-87,0.001869,51,2025-09-06 03:11:44.000338,768,1.037,0.0011,"aoml_navis",1030.80557739595
"7901009",82,0,1,0.028035,1,0.005607,1,123.849078941541,1,4.85053203670891,770,1,7.11999988555908,34.8870010375977,0.0280349999666214,0,119.427200317383,-87.1745,26.1967,21.8554726752109,63,63,63,63,61,63,0,8046,1.33458767306251,26,-87,0.001869,51,2025-09-06 03:11:44.000338,770,1.037,0.0011,"aoml_navis",1030.81475643495
"7901009",82,0,1,0.029904,1,0.007476,1,123.914929505396,1,4.85048589046785,772,1,7.11499977111816,34.8870010375977,0.0299040004611015,0,119.490699768066,-87.1745,26.1967,21.8554726752109,63,63,63,63,61,63,0,8046,1.33458767306251,26,-87,0.001869,51,2025-09-06 03:11:44.000338,772,1.037,0.0011,"aoml_navis",1030.82456333416
"7901009",82,0,1,0.031773,1,0.009345,1,124.054305155144,1,4.85044047008934,774,1,7.10599994659424,34.8860015869141,0.0317730009555817,0,119.625099182129,-87.1745,26.1967,21.8554726752109,63,63,63,63,61,63,0,8046,1.33458767306251,26,-87,0.001869,51,2025-09-06 03:11:44.000338,774,1.037,0.0011,"aoml_navis",1030.83421615685
"7901009",82,0,1,0.028035,1,0.005607,1,124.238897189902,1,4.85039358936631,776,1,7.09999990463257,34.8860015869141,0.0280349999666214,0,119.803100585938,-87.1745,26.1967,21.8554726752109,63,63,63,63,61,63,0,8046,1.33458767306251,26,-87,0.001869,51,2025-09-06 03:11:44.000338,776,1.037,0.0011,"aoml_navis",1030.84417952425
"7901009",82,0,1,0.028035,1,0.005607,1,124.443917694667,1,4.85034228457419,778,1,7.08300018310547,34.8849983215332,0.0280349999666214,0,120.000801086426,-87.1745,26.1967,21.8554726752109,63,63,63,63,61,63,0,8046,1.33458767306251,26,-87,0.001869,51,2025-09-06 03:11:44.000338,778,1.037,0.0011,"aoml_navis",1030.8550833416
"7901009",82,0,1,0.028035,1,0.005607,1,124.635456358653,1,4.85028877167237,780,1,7.06799983978271,34.8849983215332,0.0280349999666214,0,120.185501098633,-87.1745,26.1967,21.8554726752109,63,63,63,63,61,63,0,8046,1.33458767306251,26,-87,0.001869,51,2025-09-06 03:11:44.000338,780,1.037,0.0011,"aoml_navis",1030.8664566947
"7901009",82,0,1,0.028035,1,0.005607,1,124.883406715571,1,4.8502448404548,782,1,7.06099987030029,34.8839988708496,0.0280349999666214,0,120.424598693848,-87.1745,26.1967,21.8554726752109,63,63,63,63,61,63,0,8046,1.33458767306251,26,-87,0.001869,51,2025-09-06 03:11:44.000338,782,1.037,0.0011,"aoml_navis",1030.87579379419
"7901009",82,0,1,0.031773,1,0.009345,1,125.282869543692,1,4.85018471131182,784,1,7.03200006484985,34.882999420166,0.0317730009555817,0,120.809799194336,-87.1745,26.1967,21.8554726752109,63,63,63,63,61,63,0,8046,1.33458767306251,26,-87,0.001869,51,2025-09-06 03:11:44.000338,784,1.037,0.0011,"aoml_navis",1030.88857385963
"7901009",82,0,1,0.029904,1,0.007476,1,125.593355387419,1,4.85011432701229,786,1,6.99399995803833,34.882999420166,0.0299040004611015,0,121.109199523926,-87.1745,26.1967,21.8554726752109,63,63,63,63,61,63,0,8046,1.33458767306251,26,-87,0.001869,51,2025-09-06 03:11:44.000338,786,1.037,0.0011,"aoml_navis",1030.90353399567
"7901009",82,0,1,0.029904,1,0.007476,1,125.70950176221,1,4.85005647405279,788,1,6.96799993515015,34.8819999694824,0.0299040004611015,0,121.221199035645,-87.1745,26.1967,21.8554726752109,63,63,63,63,61,63,0,8046,1.33458767306251,26,-87,0.001869,51,2025-09-06 03:11:44.000338,788,1.037,0.0011,"aoml_navis",1030.91583092885
"7901009",82,0,1,0.031773,1,0.009345,1,125.687103234483,1,4.85001329648073,790,1,6.96199989318848,34.8810005187988,0.0317730009555817,0,121.199600219727,-87.1745,26.1967,21.8554726752109,63,63,63,63,61,63,0,8046,1.33458767306251,26,-87,0.001869,51,2025-09-06 03:11:44.000338,790,1.037,0.0011,"aoml_navis",1030.92500872691
"7901009",82,0,1,0.028035,1,0.005607,1,125.776705257269,1,4.84994226276138,792,1,6.92799997329712,34.8819999694824,0.0280349999666214,0,121.286003112793,-87.1745,26.1967,21.8554726752109,63,63,63,63,61,63,0,8046,1.33458767306251,26,-87,0.001869,51,2025-09-06 03:11:44.000338,792,1.037,0.0011,"aoml_navis",1030.94010796598
"7901009",82,0,1,0.026166,1,0.003738,1,125.825750991419,1,4.84988807819011,794,1,6.91699981689453,34.882999420166,0.0261659994721413,0,121.333297729492,-87.1745,26.1967,21.8554726752109,63,63,63,63,61,63,0,8046,1.33458767306251,26,-87,0.001869,51,2025-09-06 03:11:44.000338,794,1.037,0.0011,"aoml_navis",1030.95162597359
"7901009",82,0,1,0.029904,1,0.007476,1,125.933605717656,1,4.84983538494905,796,1,6.90299987792969,34.882999420166,0.0299040004611015,0,121.437301635742,-87.1745,26.1967,21.8554726752109,63,63,63,63,61,63,0,8046,1.33458767306251,26,-87,0.001869,51,2025-09-06 03:11:44.000338,796,1.037,0.0011,"aoml_navis",1030.96282721615
"7901009",82,0,1,0.028035,1,0.005607,1,126.053897916724,1,4.84978854123772,798,1,6.89699983596802,34.882999420166,0.0280349999666214,0,121.553298950195,-87.1745,26.1967,21.8554726752109,63,63,63,63,61,63,0,8046,1.33458767306251,26,-87,0.001869,51,2025-09-06 03:11:44.000338,798,1.037,0.0011,"aoml_navis",1030.97278520188
"7901009",82,0,1,0.029904,1,0.007476,1,126.200330961998,1,4.8497475700567,800,1,6.89400005340576,34.8819999694824,0.0299040004611015,0,121.69450378418,-87.1745,26.1967,21.8554726752109,63,63,63,63,61,63,0,8046,1.33458767306251,26,-87,0.001869,51,2025-09-06 03:11:44.000338,800,1.037,0.0011,"aoml_navis",1030.98149496914
"7901009",82,0,1,0.033642,1,0.011214,1,126.364280906032,1,4.84970219095376,802,1,6.8899998664856,34.8819999694824,0.0336420014500618,0,121.852600097656,-87.1745,26.1967,21.8554726752109,63,63,63,63,61,63,0,8046,1.33458767306251,26,-87,0.001869,51,2025-09-06 03:11:44.000338,802,1.037,0.0011,"aoml_navis",1030.99114195643
"7901009",82,0,1,0.029904,1,0.007476,1,126.64873666985,1,4.84965903140052,804,1,6.88399982452393,34.8810005187988,0.0299040004611015,0,122.126899719238,-87.1745,26.1967,21.8554726752109,63,63,63,63,61,63,0,8046,1.33458767306251,26,-87,0.001869,51,2025-09-06 03:11:44.000338,804,1.037,0.0011,"aoml_navis",1031.00031726479
"7901009",82,0,1,0.028035,1,0.005607,1,126.936198947457,1,4.84960565405481,806,1,6.86399984359741,34.8800010681152,0.0280349999666214,0,122.404098510742,-87.1745,26.1967,21.8554726752109,63,63,63,63,61,63,0,8046,1.33458767306251,26,-87,0.001869,51,2025-09-06 03:11:44.000338,806,1.037,0.0011,"aoml_navis",1031.01166500403
"7901009",82,0,1,0.026166,1,0.003738,1,127.107617704692,1,4.84955520734769,808,1,6.84800004959106,34.8790016174316,0.0261659994721413,0,122.569396972656,-87.1745,26.1967,21.8554726752109,63,63,63,63,61,63,0,8046,1.33458767306251,26,-87,0.001869,51,2025-09-06 03:11:44.000338,808,1.037,0.0011,"aoml_navis",1031.02238993472
"7901009",82,0,1,0.028035,1,0.005607,1,127.145990314892,1,4.8495040049327,810,1,6.83599996566772,34.8790016174316,0.0280349999666214,0,122.606399536133,-87.1745,26.1967,21.8554726752109,63,63,63,63,61,63,0,8046,1.33458767306251,26,-87,0.001869,51,2025-09-06 03:11:44.000338,810,1.037,0.0011,"aoml_navis",1031.03327575649
"7901009",82,0,1,0.028035,1,0.005607,1,127.46207776852,1,4.84944403243651,812,1,6.81699991226196,34.8800010681152,0.0280349999666214,0,122.911201477051,-87.1745,26.1967,21.8554726752109,63,63,63,63,61,63,0,8046,1.33458767306251,26,-87,0.001869,51,2025-09-06 03:11:44.000338,812,1.037,0.0011,"aoml_navis",1031.04602642209
"7901009",82,0,1,0.033642,1,0.011214,1,127.786559725122,1,4.84938484373949,814,1,6.79400014877319,34.8800010681152,0.0336420014500618,0,123.224098205566,-87.1745,26.1967,21.8554726752109,63,63,63,63,61,63,0,8046,1.33458767306251,26,-87,0.001869,51,2025-09-06 03:11:44.000338,814,1.037,0.0011,"aoml_navis",1031.05861075451
"7901009",82,0,1,0.024297,1,0.001869,1,128.16414620949,1,4.84933371044519,816,1,6.77699995040894,34.8790016174316,0.0242970008403063,0,123.588203430176,-87.1745,26.1967,21.8554726752109,63,63,63,63,61,63,0,8046,1.33458767306251,26,-87,0.001869,51,2025-09-06 03:11:44.000338,816,1.037,0.0011,"aoml_navis",1031.06948264465
"7901009",82,0,1,0.028035,1,0.005607,1,128.626342321378,1,4.84928477892767,818,1,6.76300001144409,34.8779983520508,0.0280349999666214,0,124.033897399902,-87.1745,26.1967,21.8554726752109,63,63,63,63,61,63,0,8046,1.33458767306251,26,-87,0.001869,51,2025-09-06 03:11:44.000338,818,1.037,0.0011,"aoml_navis",1031.07988661075
"7901009",82,0,1,0.029904,1,0.007476,1,128.9930341492,1,4.84923226874207,820,1,6.73899984359741,34.8759994506836,0.0299040004611015,0,124.387496948242,-87.1745,26.1967,21.8554726752109,63,63,63,63,61,63,0,8046,1.33458767306251,26,-87,0.001869,51,2025-09-06 03:11:44.000338,820,1.037,0.0011,"aoml_navis",1031.09105171756
"7901009",82,0,1,0.035511,1,0.013083,1,129.324779210166,1,4.84917387040308,822,1,6.71700000762939,34.8759994506836,0.0355109982192516,0,124.707397460938,-87.1745,26.1967,21.8554726752109,63,63,63,63,61,63,0,8046,1.33458767306251,26,-87,0.001869,51,2025-09-06 03:11:44.000338,822,1.037,0.0011,"aoml_navis",1031.1034690914
"7901009",82,0,1,0.033642,1,0.011214,1,129.684215845503,1,4.84910681755397,824,1,6.68300008773804,34.8759994506836,0.0336420014500618,0,125.054000854492,-87.1745,26.1967,21.8554726752109,63,63,63,63,61,63,0,8046,1.33458767306251,26,-87,0.001869,51,2025-09-06 03:11:44.000338,824,1.037,0.0011,"aoml_navis",1031.1177270626
"7901009",82,0,4,0.026166,1,0.003738,1,129.864448435266,1,4.84905791889513,826,1,6.66900014877319,34.875,0.0261659994721413,0,125.227798461914,-87.1745,26.1967,21.8554726752109,63,63,63,63,61,63,0,8046,1.33458767306251,26,-87,0.001869,51,2025-09-06 03:11:44.000338,826,1.037,0.0011,"aoml_navis",1031.12812501511
"7901009",82,0,1,0.029904,1,0.007476,1,130.038256579776,1,4.84900679058042,828,1,6.65700006484985,34.875,0.0299040004611015,0,125.395401000977,-87.1745,26.1967,21.8554726752109,63,63,63,63,61,63,0,8046,1.33458767306251,26,-87,0.001869,51,2025-09-06 03:11:44.000338,828,1.037,0.0011,"aoml_navis",1031.13899731238
"7901009",82,0,1,0.035511,1,0.013083,1,130.142266133114,1,4.84895638840796,830,1,6.64599990844727,34.875,0.0355109982192516,0,125.495697021484,-87.1745,26.1967,21.8554726752109,63,63,63,63,61,63,0,8046,1.33458767306251,26,-87,0.001869,51,2025-09-06 03:11:44.000338,830,1.037,0.0011,"aoml_navis",1031.14971542189
"7901009",82,0,1,0.029904,1,0.007476,1,130.222532139398,1,4.848908874266,832,1,6.63899993896484,34.875,0.0299040004611015,0,125.573097229004,-87.1745,26.1967,21.8554726752109,63,63,63,63,61,63,0,8046,1.33458767306251,26,-87,0.001869,51,2025-09-06 03:11:44.000338,832,1.037,0.0011,"aoml_navis",1031.15981959073
"7901009",82,0,1,0.028035,1,0.005607,1,130.33183473938,1,4.84886280408429,834,1,6.63399982452393,34.875,0.0280349999666214,0,125.678497314453,-87.1745,26.1967,21.8554726752109,63,63,63,63,61,63,0,8046,1.33458767306251,26,-87,0.001869,51,2025-09-06 03:11:44.000338,834,1.037,0.0011,"aoml_navis",1031.1696168818
"7901009",82,0,1,0.024297,1,0.001869,1,130.38171913264,1,4.84881673611346,836,1,6.62900018692017,34.875,0.0242970008403063,0,125.726600646973,-87.1745,26.1967,21.8554726752109,63,63,63,63,61,63,0,8046,1.33458767306251,26,-87,0.001869,51,2025-09-06 03:11:44.000338,836,1.037,0.0011,"aoml_navis",1031.17941388887
"7901009",82,0,1,0.029904,1,0.007476,1,130.427244080906,1,4.84877139046122,838,1,6.625,34.875,0.0299040004611015,0,125.770500183105,-87.1745,26.1967,21.8554726752109,63,63,63,63,61,63,0,8046,1.33458767306251,26,-87,0.001869,51,2025-09-06 03:11:44.000338,838,1.037,0.0011,"aoml_navis",1031.18905746645
"7901009",82,0,1,0.028035,1,0.005607,1,130.512905988253,1,4.84872748867947,840,1,6.6230001449585,34.875,0.0280349999666214,0,125.853103637695,-87.1745,26.1967,21.8554726752109,63,63,63,63,61,63,0,8046,1.33458767306251,26,-87,0.001869,51,2025-09-06 03:11:44.000338,840,1.037,0.0011,"aoml_navis",1031.19839415057
"7901009",82,0,1,0.028035,1,0.005607,1,130.712324883117,1,4.84868286754606,842,1,6.61999988555908,34.875,0.0280349999666214,0,126.045402526855,-87.1745,26.1967,21.8554726752109,63,63,63,63,61,63,0,8046,1.33458767306251,26,-87,0.001869,51,2025-09-06 03:11:44.000338,842,1.037,0.0011,"aoml_navis",1031.20788399397
"7901009",82,0,1,0.031773,1,0.009345,1,131.014511166411,1,4.8486390433728,844,1,6.61299991607666,34.8740005493164,0.0317730009555817,0,126.336799621582,-87.1745,26.1967,21.8554726752109,63,63,63,63,61,63,0,8046,1.33458767306251,26,-87,0.001869,51,2025-09-06 03:11:44.000338,844,1.037,0.0011,"aoml_navis",1031.21720451311
"7901009",82,0,1,0.028035,1,0.005607,1,131.545050083848,1,4.84857929835432,846,1,6.58900022506714,34.8740005493164,0.0280349999666214,0,126.84839630127,-87.1745,26.1967,21.8554726752109,63,63,63,63,61,63,0,8046,1.33458767306251,26,-87,0.001869,51,2025-09-06 03:11:44.000338,846,1.037,0.0011,"aoml_navis",1031.22991134683
"7901009",82,0,1,0.031773,1,0.009345,1,132.095819674332,1,4.84851391277497,848,1,6.55200004577637,34.8730010986328,0.0317730009555817,0,127.379501342773,-87.1745,26.1967,21.8554726752109,63,63,63,63,61,63,0,8046,1.33458767306251,26,-87,0.001869,51,2025-09-06 03:11:44.000338,848,1.037,0.0011,"aoml_navis",1031.24381819879
"7901009",82,0,1,0.029904,1,0.007476,1,132.444986691516,1,4.84845494110579,850,1,6.52899980545044,34.8730010986328,0.0299040004611015,0,127.716201782227,-87.1745,26.1967,21.8554726752109,63,63,63,63,61,63,0,8046,1.33458767306251,26,-87,0.001869,51,2025-09-06 03:11:44.000338,850,1.037,0.0011,"aoml_navis",1031.25636119857
"7901009",82,0,1,0.029904,1,0.007476,1,132.723635136595,1,4.84839087788607,852,1,6.50400018692017,34.8740005493164,0.0299040004611015,0,127.984901428223,-87.1745,26.1967,21.8554726752109,63,63,63,63,61,63,0,8046,1.33458767306251,26,-87,0.001869,51,2025-09-06 03:11:44.000338,852,1.037,0.0011,"aoml_navis",1031.26998749326
"7901009",82,0,1,0.028035,1,0.005607,1,132.971490550973,1,4.84833910324021,854,1,6.49100017547607,34.8740005493164,0.0280349999666214,0,128.223907470703,-87.1745,26.1967,21.8554726752109,63,63,63,63,61,63,0,8046,1.33458767306251,26,-87,0.001869,51,2025-09-06 03:11:44.000338,854,1.037,0.0011,"aoml_navis",1031.28100026222
"7901009",82,0,1,0.028035,1,0.005607,1,133.295244614762,1,4.84829602224722,856,1,6.4850001335144,34.8730010986328,0.0280349999666214,0,128.536102294922,-87.1745,26.1967,21.8554726752109,63,63,63,63,61,63,0,8046,1.33458767306251,26,-87,0.001869,51,2025-09-06 03:11:44.000338,856,1.037,0.0011,"aoml_navis",1031.29016401983
"7901009",82,0,1,0.029904,1,0.007476,1,133.742819575383,1,4.84823782103937,858,1,6.46299982070923,34.8730010986328,0.0299040004611015,0,128.967697143555,-87.1745,26.1967,21.8554726752109,63,63,63,63,61,63,0,8046,1.33458767306251,26,-87,0.001869,51,2025-09-06 03:11:44.000338,858,1.037,0.0011,"aoml_navis",1031.30254425681
"7901009",82,0,1,0.033642,1,0.011214,1,134.0521740205,1,4.84818249423685,860,1,6.44500017166138,34.8730010986328,0.0336420014500618,0,129.266006469727,-87.1745,26.1967,21.8554726752109,63,63,63,63,61,63,0,8046,1.33458767306251,26,-87,0.001869,51,2025-09-06 03:11:44.000338,860,1.037,0.0011,"aoml_navis",1031.31431334188
"7901009",82,0,1,0.031773,1,0.009345,1,134.341701298367,1,4.84813228486316,862,1,6.42899990081787,34.8720016479492,0.0317730009555817,0,129.545196533203,-87.1745,26.1967,21.8554726752109,63,63,63,63,61,63,0,8046,1.33458767306251,26,-87,0.001869,51,2025-09-06 03:11:44.000338,862,1.037,0.0011,"aoml_navis",1031.32499408298
"7901009",82,0,1,0.028035,1,0.005607,1,134.669300535056,1,4.84807911838646,864,1,6.41400003433228,34.8720016479492,0.0280349999666214,0,129.861099243164,-87.1745,26.1967,21.8554726752109,63,63,63,63,61,63,0,8046,1.33458767306251,26,-87,0.001869,51,2025-09-06 03:11:44.000338,864,1.037,0.0011,"aoml_navis",1031.33630411215
"7901009",82,0,1,0.026166,1,0.003738,1,134.978338505037,1,4.84801871900044,866,1,6.39400005340576,34.8730010986328,0.0261659994721413,0,130.159103393555,-87.1745,26.1967,21.8554726752109,63,63,63,63,61,63,0,8046,1.33458767306251,26,-87,0.001869,51,2025-09-06 03:11:44.000338,866,1.037,0.0011,"aoml_navis",1031.34915308885
"7901009",82,0,1,0.028035,1,0.005607,1,135.227736735701,1,4.8479648591875,868,1,6.37799978256226,34.8730010986328,0.0280349999666214,0,130.399597167969,-87.1745,26.1967,21.8554726752109,63,63,63,63,61,63,0,8046,1.33458767306251,26,-87,0.001869,51,2025-09-06 03:11:44.000338,868,1.037,0.0011,"aoml_navis",1031.3606111489
"7901009",82,0,1,0.028035,1,0.005607,1,135.339737286215,1,4.84791824363986,870,1,6.36700010299683,34.8720016479492,0.0280349999666214,0,130.507598876953,-87.1745,26.1967,21.8554726752109,63,63,63,63,61,63,0,8046,1.33458767306251,26,-87,0.001869,51,2025-09-06 03:11:44.000338,870,1.037,0.0011,"aoml_navis",1031.37052827977
"7901009",82,0,1,0.026166,1,0.003738,1,135.565399881704,1,4.84787150741398,872,1,6.36100006103516,34.8720016479492,0.0261659994721413,0,130.725204467773,-87.1745,26.1967,21.8554726752109,63,63,63,63,61,63,0,8046,1.33458767306251,26,-87,0.001869,51,2025-09-06 03:11:44.000338,872,1.037,0.0011,"aoml_navis",1031.38047127556
"7901009",82,0,1,0.029904,1,0.007476,1,135.88002363783,1,4.8478247732011,874,1,6.35500001907349,34.8720016479492,0.0299040004611015,0,131.028594970703,-87.1745,26.1967,21.8554726752109,63,63,63,63,61,63,0,8046,1.33458767306251,26,-87,0.001869,51,2025-09-06 03:11:44.000338,874,1.037,0.0011,"aoml_navis",1031.39041403479
"7901009",82,0,1,0.031773,1,0.009345,1,136.208240001033,1,4.84777448719777,876,1,6.3439998626709,34.8720016479492,0.0317730009555817,0,131.345092773438,-87.1745,26.1967,21.8554726752109,63,63,63,63,61,63,0,8046,1.33458767306251,26,-87,0.001869,51,2025-09-06 03:11:44.000338,876,1.037,0.0011,"aoml_navis",1031.40111265576
"7901009",82,0,1,0.029904,1,0.007476,1,136.650640593185,1,4.8477314508043,878,1,6.33799982070923,34.8709983825684,0.0299040004611015,0,131.771697998047,-87.1745,26.1967,21.8554726752109,63,63,63,63,61,63,0,8046,1.33458767306251,26,-87,0.001869,51,2025-09-06 03:11:44.000338,878,1.037,0.0011,"aoml_navis",1031.41026905903
"7901009",82,0,1,0.031773,1,0.009345,1,137.006548530759,1,4.84766697872272,880,1,6.30700016021729,34.8709983825684,0.0317730009555817,0,132.114898681641,-87.1745,26.1967,21.8554726752109,63,63,63,63,61,63,0,8046,1.33458767306251,26,-87,0.001869,51,2025-09-06 03:11:44.000338,880,1.037,0.0011,"aoml_navis",1031.42398641365
"7901009",82,0,1,0.031773,1,0.009345,1,137.196639320999,1,4.84761812846599,882,1,6.2979998588562,34.8709983825684,0.0317730009555817,0,132.298202514648,-87.1745,26.1967,21.8554726752109,63,63,63,63,61,63,0,8046,1.33458767306251,26,-87,0.001869,51,2025-09-06 03:11:44.000338,882,1.037,0.0011,"aoml_navis",1031.43438024526
"7901009",82,0,1,0.026166,1,0.003738,1,137.244126415106,1,4.84756999026357,884,1,6.28999996185303,34.8709983825684,0.0261659994721413,0,132.343994140625,-87.1745,26.1967,21.8554726752109,63,63,63,63,61,63,0,8046,1.33458767306251,26,-87,0.001869,51,2025-09-06 03:11:44.000338,884,1.037,0.0011,"aoml_navis",1031.44462277855
"7901009",82,0,1,0.028035,1,0.005607,1,137.329274050358,1,4.84752610665914,886,1,6.28800010681152,34.8709983825684,0.0280349999666214,0,132.42610168457,-87.1745,26.1967,21.8554726752109,63,63,63,63,61,63,0,8046,1.33458767306251,26,-87,0.001869,51,2025-09-06 03:11:44.000338,886,1.037,0.0011,"aoml_navis",1031.45396022342
"7901009",82,0,1,0.029904,1,0.007476,1,137.38195133669,1,4.84748293389001,888,1,6.28700017929077,34.8709983825684,0.0299040004611015,0,132.476898193359,-87.1745,26.1967,21.8554726752109,63,63,63,63,61,63,0,8046,1.33458767306251,26,-87,0.001869,51,2025-09-06 03:11:44.000338,888,1.037,0.0011,"aoml_navis",1031.4631465835
"7901009",82,0,1,0.031773,1,0.009345,1,137.540616145958,1,4.84743905396702,890,1,6.28499984741211,34.8709983825684,0.0317730009555817,0,132.629898071289,-87.1745,26.1967,21.8554726752109,63,63,63,63,61,63,0,8046,1.33458767306251,26,-87,0.001869,51,2025-09-06 03:11:44.000338,890,1.037,0.0011,"aoml_navis",1031.4724835804
"7901009",82,0,1,0.026166,1,0.003738,1,137.828909170797,1,4.84739446728678,892,1,6.28200006484985,34.8709983825684,0.0261659994721413,0,132.907897949219,-87.1745,26.1967,21.8554726752109,63,63,63,63,61,63,0,8046,1.33458767306251,26,-87,0.001869,51,2025-09-06 03:11:44.000338,892,1.037,0.0011,"aoml_navis",1031.48197113792
"7901009",82,0,1,0.031773,1,0.009345,1,138.305220073736,1,4.84735214283077,894,1,6.27699995040894,34.8699989318848,0.0317730009555817,0,133.367202758789,-87.1745,26.1967,21.8554726752109,63,63,63,63,61,63,0,8046,1.33458767306251,26,-87,0.001869,51,2025-09-06 03:11:44.000338,894,1.037,0.0011,"aoml_navis",1031.49097748035
"7901009",82,0,1,0.029904,1,0.007476,1,138.907108310509,1,4.84729905433861,896,1,6.26200008392334,34.8699989318848,0.0299040004611015,0,133.947601318359,-87.1745,26.1967,21.8554726752109,63,63,63,63,61,63,0,8046,1.33458767306251,26,-87,0.001869,51,2025-09-06 03:11:44.000338,896,1.037,0.0011,"aoml_navis",1031.50227455529
"7901009",82,0,1,0.031773,1,0.009345,1,139.451034126184,1,4.84723903916644,898,1,6.23199987411499,34.8689994812012,0.0317730009555817,0,134.472106933594,-87.1745,26.1967,21.8554726752109,63,63,63,63,61,63,0,8046,1.33458767306251,26,-87,0.001869,51,2025-09-06 03:11:44.000338,898,1.037,0.0011,"aoml_navis",1031.51504590536
"7901009",82,0,1,0.029904,1,0.007476,1,139.805169802999,1,4.84718526812403,900,1,6.21600008010864,34.8689994812012,0.0299040004611015,0,134.813598632812,-87.1745,26.1967,21.8554726752109,63,63,63,63,61,63,0,8046,1.33458767306251,26,-87,0.001869,51,2025-09-06 03:11:44.000338,900,1.037,0.0011,"aoml_navis",1031.52648876058
"7901009",82,0,1,0.031773,1,0.009345,1,140.091706390834,1,4.84711653739629,902,1,6.18400001525879,34.8699989318848,0.0317730009555817,0,135.089904785156,-87.1745,26.1967,21.8554726752109,63,63,63,63,61,63,0,8046,1.33458767306251,26,-87,0.001869,51,2025-09-06 03:11:44.000338,902,1.037,0.0011,"aoml_navis",1031.5411155115
"7901009",82,0,1,0.028035,1,0.005607,1,140.25825143098,1,4.84706702211046,904,1,6.17399978637695,34.8699989318848,0.0280349999666214,0,135.250503540039,-87.1745,26.1967,21.8554726752109,63,63,63,63,61,63,0,8046,1.33458767306251,26,-87,0.001869,51,2025-09-06 03:11:44.000338,904,1.037,0.0011,"aoml_navis",1031.55165323523
"7901009",82,0,1,0.031773,1,0.009345,1,140.365678915783,1,4.84702173926429,906,1,6.17000007629395,34.8699989318848,0.0317730009555817,0,135.354095458984,-87.1745,26.1967,21.8554726752109,63,63,63,63,61,63,0,8046,1.33458767306251,26,-87,0.001869,51,2025-09-06 03:11:44.000338,906,1.037,0.0011,"aoml_navis",1031.56129040984
"7901009",82,0,1,0.029904,1,0.007476,1,140.493028510376,1,4.84697786796809,908,1,6.16800022125244,34.8699989318848,0.0299040004611015,0,135.476898193359,-87.1745,26.1967,21.8554726752109,63,63,63,63,61,63,0,8046,1.33458767306251,26,-87,0.001869,51,2025-09-06 03:11:44.000338,908,1.037,0.0011,"aoml_navis",1031.57062734765
"7901009",82,0,1,0.029904,1,0.007476,1,140.633543470614,1,4.84692413209144,910,1,6.15199995040894,34.8699989318848,0.0299040004611015,0,135.612396240234,-87.1745,26.1967,21.8554726752109,63,63,63,63,61,63,0,8046,1.33458767306251,26,-87,0.001869,51,2025-09-06 03:11:44.000338,910,1.037,0.0011,"aoml_navis",1031.58206395166
"7901009",82,0,4,0.024297,1,0.001869,1,140.797809889783,1,4.84687165431784,912,1,6.14300012588501,34.8709983825684,0.0242970008403063,0,135.770797729492,-87.1745,26.1967,21.8554726752109,63,63,63,63,61,63,0,8046,1.33458767306251,26,-87,0.001869,51,2025-09-06 03:11:44.000338,912,1.037,0.0011,"aoml_navis",1031.59323303842
"7901009",82,0,1,0.033642,1,0.011214,1,141.093460961525,1,4.84682935324021,914,1,6.13800001144409,34.8699989318848,0.0336420014500618,0,136.055892944336,-87.1745,26.1967,21.8554726752109,63,63,63,63,61,63,0,8046,1.33458767306251,26,-87,0.001869,51,2025-09-06 03:11:44.000338,914,1.037,0.0011,"aoml_navis",1031.60223634806
"7901009",82,0,1,0.024297,1,0.001869,1,141.450207558209,1,4.84677617661352,916,1,6.12799978256226,34.8709983825684,0.0242970008403063,0,136.39990234375,-87.1745,26.1967,21.8554726752109,63,63,63,63,61,63,0,8046,1.33458767306251,26,-87,0.001869,51,2025-09-06 03:11:44.000338,916,1.037,0.0011,"aoml_navis",1031.61355461921
"7901009",82,0,1,0.028035,1,0.005607,1,141.905045623193,1,4.84673106507674,918,1,6.11899995803833,34.8699989318848,0.0280349999666214,0,136.838500976562,-87.1745,26.1967,21.8554726752109,63,63,63,63,61,63,0,8046,1.33458767306251,26,-87,0.001869,51,2025-09-06 03:11:44.000338,918,1.037,0.0011,"aoml_navis",1031.6231564874
"7901009",82,0,1,0.029904,1,0.007476,1,142.239275013974,1,4.84667173395691,920,1,6.09499979019165,34.8699989318848,0.0299040004611015,0,137.160797119141,-87.1745,26.1967,21.8554726752109,63,63,63,63,61,63,0,8046,1.33458767306251,26,-87,0.001869,51,2025-09-06 03:11:44.000338,920,1.037,0.0011,"aoml_navis",1031.63578522738
"7901009",82,0,1,0.031773,1,0.009345,1,142.396911279051,1,4.84661646570514,922,1,6.08199977874756,34.8709983825684,0.0317730009555817,0,137.312805175781,-87.1745,26.1967,21.8554726752109,63,63,63,63,61,63,0,8046,1.33458767306251,26,-87,0.001869,51,2025-09-06 03:11:44.000338,922,1.037,0.0011,"aoml_navis",1031.64754945645
"7901009",82,0,1,0.029904,1,0.007476,1,142.569263637936,1,4.84657049723029,924,1,6.0770001411438,34.8709983825684,0.0299040004611015,0,137.47900390625,-87.1745,26.1967,21.8554726752109,63,63,63,63,61,63,0,8046,1.33458767306251,26,-87,0.001869,51,2025-09-06 03:11:44.000338,924,1.037,0.0011,"aoml_navis",1031.65733436817
"7901009",82,0,1,0.029904,1,0.007476,1,142.678036142066,1,4.84652312648652,926,1,6.07000017166138,34.8709983825684,0.0299040004611015,0,137.583892822266,-87.1745,26.1967,21.8554726752109,63,63,63,63,61,63,0,8046,1.33458767306251,26,-87,0.001869,51,2025-09-06 03:11:44.000338,926,1.037,0.0011,"aoml_navis",1031.66741796293
"7901009",82,0,1,0.029904,1,0.007476,1,142.933146748929,1,4.84647943670146,928,1,6.06300020217896,34.8699989318848,0.0299040004611015,0,137.829895019531,-87.1745,26.1967,21.8554726752109,63,63,63,63,61,63,0,8046,1.33458767306251,26,-87,0.001869,51,2025-09-06 03:11:44.000338,928,1.037,0.0011,"aoml_navis",1031.6767181835
"7901009",82,0,1,0.028035,1,0.005607,1,143.114312940343,1,4.84641577120504,930,1,6.03800010681152,34.8709983825684,0.0280349999666214,0,138.004592895508,-87.1745,26.1967,21.8554726752109,63,63,63,63,61,63,0,8046,1.33458767306251,26,-87,0.001869,51,2025-09-06 03:11:44.000338,930,1.037,0.0011,"aoml_navis",1031.690270923
"7901009",82,0,1,0.026166,1,0.003738,1,143.340814194942,1,4.84635911408388,932,1,6.02299976348877,34.8720016479492,0.0261659994721413,0,138.223007202148,-87.1745,26.1967,21.8554726752109,63,63,63,63,61,63,0,8046,1.33458767306251,26,-87,0.001869,51,2025-09-06 03:11:44.000338,932,1.037,0.0011,"aoml_navis",1031.70233205988
"7901009",82,0,1,0.028035,1,0.005607,1,143.503419119649,1,4.84629828233343,934,1,6.0019998550415,34.8730010986328,0.0280349999666214,0,138.379806518555,-87.1745,26.1967,21.8554726752109,63,63,63,63,61,63,0,8046,1.33458767306251,26,-87,0.001869,51,2025-09-06 03:11:44.000338,934,1.037,0.0011,"aoml_navis",1031.71528220351
"7901009",82,0,1,0.029904,1,0.007476,1,143.649947107464,1,4.84625740506558,936,1,5.99900007247925,34.8720016479492,0.0299040004611015,0,138.521102905273,-87.1745,26.1967,21.8554726752109,63,63,63,63,61,63,0,8046,1.33458767306251,26,-87,0.001869,51,2025-09-06 03:11:44.000338,936,1.037,0.0011,"aoml_navis",1031.72398452747
"7901009",82,0,1,0.033642,1,0.011214,1,143.899756755805,1,4.84619938481656,938,1,5.98199987411499,34.8730010986328,0.0336420014500618,0,138.761993408203,-87.1745,26.1967,21.8554726752109,63,63,63,63,61,63,0,8046,1.33458767306251,26,-87,0.001869,51,2025-09-06 03:11:44.000338,938,1.037,0.0011,"aoml_navis",1031.73633665699
"7901009",82,0,1,0.028035,1,0.005607,1,144.147398549466,1,4.84616619951173,940,1,5.98999977111816,34.8720016479492,0.0280349999666214,0,139.000793457031,-87.1745,26.1967,21.8554726752109,63,63,63,63,61,63,0,8046,1.33458767306251,26,-87,0.001869,51,2025-09-06 03:11:44.000338,940,1.037,0.0011,"aoml_navis",1031.74340172315
"7901009",82,0,1,0.029904,1,0.007476,1,144.683127659128,1,4.84612377072401,941.900024414062,1,5.98699998855591,34.8720016479492,0.0299040004611015,0,139.517395019531,-87.1745,26.1967,21.8554726752109,63,63,63,63,61,63,0,8046,1.33458767306251,26,-87,0.001869,51,2025-09-06 03:11:44.000338,941.900024414062,1.037,0.0011,"aoml_navis",1031.75243484402
"7901009",82,0,1,0.029904,1,0.007476,1,145.291250456073,1,4.84604548456541,944,1,5.94399976730347,34.8730010986328,0.0299040004611015,0,140.103805541992,-87.1745,26.1967,21.8554726752109,63,63,63,63,61,63,0,8046,1.33458767306251,26,-87,0.001869,51,2025-09-06 03:11:44.000338,944,1.037,0.0011,"aoml_navis",1031.76910244135
"7901009",82,0,1,0.029904,1,0.007476,1,145.672966940961,1,4.84599326640129,946,1,5.92999982833862,34.8730010986328,0.0299040004611015,0,140.471893310547,-87.1745,26.1967,21.8554726752109,63,63,63,63,61,63,0,8046,1.33458767306251,26,-87,0.001869,51,2025-09-06 03:11:44.000338,946,1.037,0.0011,"aoml_navis",1031.78022030416
"7901009",82,0,1,0.031773,1,0.009345,1,146.035726565222,1,4.84593319846375,948,1,5.90999984741211,34.8740005493164,0.0317730009555817,0,140.821701049805,-87.1745,26.1967,21.8554726752109,63,63,63,63,61,63,0,8046,1.33458767306251,26,-87,0.001869,51,2025-09-06 03:11:44.000338,948,1.037,0.0011,"aoml_navis",1031.79300977262
"7901009",82,0,1,0.028035,1,0.005607,1,146.321108018812,1,4.84588099688347,950,1,5.89599990844727,34.8740005493164,0.0280349999666214,0,141.096893310547,-87.1745,26.1967,21.8554726752109,63,63,63,63,61,63,0,8046,1.33458767306251,26,-87,0.001869,51,2025-09-06 03:11:44.000338,950,1.037,0.0011,"aoml_navis",1031.80412461958
"7901009",82,0,1,0.033642,1,0.011214,1,146.677648906658,1,4.84582810704371,952,1,5.88100004196167,34.8740005493164,0.0336420014500618,0,141.440704345703,-87.1745,26.1967,21.8554726752109,63,63,63,63,61,63,0,8046,1.33458767306251,26,-87,0.001869,51,2025-09-06 03:11:44.000338,952,1.037,0.0011,"aoml_navis",1031.81538625611
"7901009",82,0,1,0.028035,1,0.005607,1,146.960023846459,1,4.84577730872353,954,1,5.86899995803833,34.8740005493164,0.0280349999666214,0,141.712997436523,-87.1745,26.1967,21.8554726752109,63,63,63,63,61,63,0,8046,1.33458767306251,26,-87,0.001869,51,2025-09-06 03:11:44.000338,954,1.037,0.0011,"aoml_navis",1031.82620278461
"7901009",82,0,1,0.029904,1,0.007476,1,147.349114202008,1,4.8457320711796,956,1,5.86499977111816,34.8740005493164,0.0299040004611015,0,142.088195800781,-87.1745,26.1967,21.8554726752109,63,63,63,63,61,63,0,8046,1.33458767306251,26,-87,0.001869,51,2025-09-06 03:11:44.000338,956,1.037,0.0011,"aoml_navis",1031.8358354433
"7901009",82,0,1,0.028035,1,0.005607,1,147.905382547974,1,4.84566372527372,958,1,5.83300018310547,34.875,0.0280349999666214,0,142.624603271484,-87.1745,26.1967,21.8554726752109,63,63,63,63,61,63,0,8046,1.33458767306251,26,-87,0.001869,51,2025-09-06 03:11:44.000338,958,1.037,0.0011,"aoml_navis",1031.85038902334
"7901009",82,0,1,0.029904,1,0.007476,1,148.180605149709,1,4.84561156082532,960,1,5.81899976730347,34.875,0.0299040004611015,0,142.889999389648,-87.1745,26.1967,21.8554726752109,63,63,63,63,61,63,0,8046,1.33458767306251,26,-87,0.001869,51,2025-09-06 03:11:44.000338,960,1.037,0.0011,"aoml_navis",1031.86149719941
"7901009",82,0,1,0.033642,1,0.011214,1,148.478962083862,1,4.84556217322411,962,1,5.80900001525879,34.875,0.0336420014500618,0,143.177703857422,-87.1745,26.1967,21.8554726752109,63,63,63,63,61,63,0,8046,1.33458767306251,26,-87,0.001869,51,2025-09-06 03:11:44.000338,962,1.037,0.0011,"aoml_navis",1031.87201427923
"7901009",82,0,1,0.031773,1,0.009345,1,148.79982040016,1,4.84550495783942,964,1,5.79300022125244,34.8759994506836,0.0317730009555817,0,143.487106323242,-87.1745,26.1967,21.8554726752109,63,63,63,63,61,63,0,8046,1.33458767306251,26,-87,0.001869,51,2025-09-06 03:11:44.000338,964,1.037,0.0011,"aoml_navis",1031.88419855203
"7901009",82,0,1,0.028035,1,0.005607,1,149.102006683454,1,4.84545557892331,966,1,5.78299999237061,34.8759994506836,0.0280349999666214,0,143.778503417969,-87.1745,26.1967,21.8554726752109,63,63,63,63,61,63,0,8046,1.33458767306251,26,-87,0.001869,51,2025-09-06 03:11:44.000338,966,1.037,0.0011,"aoml_navis",1031.89471424502
"7901009",82,0,1,0.029904,1,0.007476,1,149.625393262825,1,4.84540896935483,968,1,5.77699995040894,34.8759994506836,0.0299040004611015,0,144.283203125,-87.1745,26.1967,21.8554726752109,63,63,63,63,61,63,0,8046,1.33458767306251,26,-87,0.001869,51,2025-09-06 03:11:44.000338,968,1.037,0.0011,"aoml_navis",1031.90464037667
"7901009",82,0,1,0.035511,1,0.013083,1,150.286383231184,1,4.84535337768975,970,1,5.75799989700317,34.8759994506836,0.0355109982192516,0,144.920593261719,-87.1745,26.1967,21.8554726752109,63,63,63,63,61,63,0,8046,1.33458767306251,26,-87,0.001869,51,2025-09-06 03:11:44.000338,970,1.037,0.0011,"aoml_navis",1031.91647961577
"7901009",82,0,4,0.024297,1,0.001869,1,150.975080597671,1,4.84528515387339,972,1,5.72599983215332,34.8769989013672,0.0242970008403063,0,145.584701538086,-87.1745,26.1967,21.8554726752109,63,63,63,63,61,63,0,8046,1.33458767306251,26,-87,0.001869,51,2025-09-06 03:11:44.000338,972,1.037,0.0011,"aoml_navis",1031.93100946864
"7901009",82,0,1,0.029904,1,0.007476,1,151.351511947793,1,4.84522454156346,974,1,5.70499992370605,34.8779983520508,0.0299040004611015,0,145.947692871094,-87.1745,26.1967,21.8554726752109,63,63,63,63,61,63,0,8046,1.33458767306251,26,-87,0.001869,51,2025-09-06 03:11:44.000338,974,1.037,0.0011,"aoml_navis",1031.94391861695
"7901009",82,0,1,0.031773,1,0.009345,1,151.657543403986,1,4.8451765688711,976,1,5.69700002670288,34.8779983520508,0.0317730009555817,0,146.242797851562,-87.1745,26.1967,21.8554726752109,63,63,63,63,61,63,0,8046,1.33458767306251,26,-87,0.001869,51,2025-09-06 03:11:44.000338,976,1.037,0.0011,"aoml_navis",1031.95413602129
"7901009",82,0,1,0.031773,1,0.009345,1,152.012929157586,1,4.84513066324113,978,1,5.69199991226196,34.8779983520508,0.0317730009555817,0,146.585494995117,-87.1745,26.1967,21.8554726752109,63,63,63,63,61,63,0,8046,1.33458767306251,26,-87,0.001869,51,2025-09-06 03:11:44.000338,978,1.037,0.0011,"aoml_navis",1031.96391336437
"7901009",82,0,1,0.029904,1,0.007476,1,156.608195598778,1,4.84458558666484,999.099975585938,1,5.56659984588623,34.8810005187988,0.0299040004611015,0,151.016693115234,-87.1745,26.1967,21.8554726752109,63,63,63,63,61,63,0,8046,1.33458767306251,26,-87,0.001869,51,2025-09-06 03:11:44.000338,999.099975585938,1.037,0.0011,"aoml_navis",1032.08002223409
"7901009",82,0,1,0.026166,1,0.003738,1,161.765015520702,1,4.84337176291517,1049.40002441406,1,5.37909984588623,34.8860015869141,0.0261659994721413,0,155.989395141602,-87.1745,26.1967,21.8554726752109,63,63,63,63,61,63,0,8046,1.33458767306251,26,-87,0.001869,51,2025-09-06 03:11:44.000338,1049.40002441406,1.037,0.0011,"aoml_navis",1032.33867742388
"7901009",82,0,1,0.028035,1,0.005607,1,165.545801552735,1,4.842214049396,1098.90002441406,1,5.24720001220703,34.890998840332,0.0280349999666214,0,159.635192871094,-87.1745,26.1967,21.8554726752109,63,63,63,63,61,63,0,8046,1.33458767306251,26,-87,0.001869,51,2025-09-06 03:11:44.000338,1098.90002441406,1.037,0.0011,"aoml_navis",1032.58549683975
"7901009",82,0,1,0.035511,1,0.013083,1,171.473649847691,1,4.84102886145514,1149.40002441406,1,5.09889984130859,34.8950004577637,0.0355109982192516,0,165.35139465332,-87.1745,26.1967,21.8554726752109,63,63,63,63,61,63,0,8046,1.33458767306251,26,-87,0.001869,51,2025-09-06 03:11:44.000338,1149.40002441406,1.037,0.0011,"aoml_navis",1032.83829596857
"7901009",82,0,1,0.031773,1,0.009345,1,176.935251149022,1,4.83980662689635,1199.80004882812,1,4.91239976882935,34.9029998779297,0.0317730009555817,0,170.61799621582,-87.1745,26.1967,21.8554726752109,63,63,63,63,61,63,0,8046,1.33458767306251,26,-87,0.001869,51,2025-09-06 03:11:44.000338,1199.80004882812,1.037,0.0011,"aoml_navis",1033.09912677366
"7901009",82,0,1,0.028035,1,0.005607,1,182.062005933058,1,4.83866598721818,1248.69995117188,1,4.77629995346069,34.9070014953613,0.0280349999666214,0,175.561706542969,-87.1745,26.1967,21.8554726752109,63,63,63,63,61,63,0,8046,1.33458767306251,26,-87,0.001869,51,2025-09-06 03:11:44.000338,1248.69995117188,1.037,0.0011,"aoml_navis",1033.34266370276
"7901009",82,0,1,0.028035,1,0.005607,1,185.442181914603,1,4.83753680057866,1298.40002441406,1,4.68090009689331,34.9109992980957,0.0280349999666214,0,178.821197509766,-87.1745,26.1967,21.8554726752109,63,63,63,63,61,63,0,8046,1.33458767306251,26,-87,0.001869,51,2025-09-06 03:11:44.000338,1298.40002441406,1.037,0.0011,"aoml_navis",1033.58386842699
"7901009",82,0,1,0.028035,1,0.005607,1,189.072183368247,1,4.83639460809423,1348.90002441406,1,4.58970022201538,34.9150009155273,0.0280349999666214,0,182.321594238281,-87.1745,26.1967,21.8554726752109,63,63,63,63,61,63,0,8046,1.33458767306251,26,-87,0.001869,51,2025-09-06 03:11:44.000338,1348.90002441406,1.037,0.0011,"aoml_navis",1033.82796590501
"7901009",82,0,1,0.024297,1,0.001869,1,191.672849443125,1,4.8352841760997,1399.19995117188,1,4.52689981460571,34.9169998168945,0.0242970008403063,0,184.829406738281,-87.1745,26.1967,21.8554726752109,63,63,63,63,61,63,0,8046,1.33458767306251,26,-87,0.001869,51,2025-09-06 03:11:44.000338,1399.19995117188,1.037,0.0011,"aoml_navis",1034.06538641813
"7901009",82,0,1,0.029904,1,0.007476,1,193.745445106624,1,4.83419101055426,1449.09997558594,1,4.48089981079102,34.9199981689453,0.0299040004611015,0,186.828002929688,-87.1745,26.1967,21.8554726752109,63,63,63,63,61,63,0,8046,1.33458767306251,26,-87,0.001869,51,2025-09-06 03:11:44.000338,1449.09997558594,1.037,0.0011,"aoml_navis",1034.29922174853
"7901009",82,0,1,0.029904,1,0.007476,1,195.593422542583,1,4.83311328861138,1498.80004882812,1,4.43889999389648,34.9210014343262,0.0299040004611015,0,188.610000610352,-87.1745,26.1967,21.8554726752109,63,63,63,63,61,63,0,8046,1.33458767306251,26,-87,0.001869,51,2025-09-06 03:11:44.000338,1498.80004882812,1.037,0.0011,"aoml_navis",1034.52985713823
"7901009",82,0,1,0.029904,1,0.007476,1,196.888454621499,1,4.83209088685546,1546.40002441406,1,4.41690015792847,34.9230003356934,0.0299040004611015,0,189.858795166016,-87.1745,26.1967,21.8554726752109,63,63,63,63,61,63,0,8046,1.33458767306251,26,-87,0.001869,51,2025-09-06 03:11:44.000338,1546.40002441406,1.037,0.0011,"aoml_navis",1034.74874895282
"7901009",82,0,1,0.028035,1,0.005607,1,197.893437238575,1,4.83094682092764,1600,1,4.39379978179932,34.923999786377,0.0280349999666214,0,190.827896118164,-87.1745,26.1967,21.8554726752109,63,63,63,63,61,63,0,8046,1.33458767306251,26,-87,0.001869,51,2025-09-06 03:11:44.000338,1600,1.037,0.0011,"aoml_navis",1034.99379838752
"7901009",82,0,1,0.031773,1,0.009345,1,199.055328227915,1,4.82989182133829,1649.80004882812,1,4.37690019607544,34.923999786377,0.0317730009555817,0,191.948303222656,-87.1745,26.1967,21.8554726752109,63,63,63,63,61,63,0,8046,1.33458767306251,26,-87,0.001869,51,2025-09-06 03:11:44.000338,1649.80004882812,1.037,0.0011,"aoml_navis",1035.21987343695
"7901009",82,0,1,0.024297,1,0.001869,1,200.227995195625,1,4.82883156277126,1699.40002441406,1,4.35489988327026,34.9259986877441,0.0242970008403063,0,193.0791015625,-87.1745,26.1967,21.8554726752109,63,63,63,63,61,63,0,8046,1.33458767306251,26,-87,0.001869,51,2025-09-06 03:11:44.000338,1699.40002441406,1.037,0.0011,"aoml_navis",1035.44717495396
"7901009",82,0,1,0.028035,1,0.005607,1,200.889412405418,1,4.82779011887829,1748.80004882812,1,4.3467001914978,34.9269981384277,0.0280349999666214,0,193.716903686523,-87.1745,26.1967,21.8554726752109,63,63,63,63,61,63,0,8046,1.33458767306251,26,-87,0.001869,51,2025-09-06 03:11:44.000338,1748.80004882812,1.037,0.0011,"aoml_navis",1035.67054011903
"7901009",82,0,1,0.028035,1,0.005607,1,201.507472521624,1,4.82671263190193,1800.19995117188,1,4.33930015563965,34.9269981384277,0.0280349999666214,0,194.312896728516,-87.1745,26.1967,21.8554726752109,63,63,63,63,61,63,0,8046,1.33458767306251,26,-87,0.001869,51,2025-09-06 03:11:44.000338,1800.19995117188,1.037,0.0011,"aoml_navis",1035.90173712699
"7901009",82,0,1,0.028035,1,0.005607,1,202.280067446577,1,4.82566483487268,1849.80004882812,1,4.3289999961853,34.9290008544922,0.0280349999666214,0,195.057907104492,-87.1745,26.1967,21.8554726752109,63,63,63,63,61,63,0,8046,1.33458767306251,26,-87,0.001869,51,2025-09-06 03:11:44.000338,1849.80004882812,1.037,0.0011,"aoml_navis",1036.12666256212
"7901009",82,0,1,0.028035,1,0.005607,1,202.738323443026,1,4.82462266276251,1899.69995117188,1,4.32310009002686,34.9290008544922,0.0280349999666214,0,195.499801635742,-87.1745,26.1967,21.8554726752109,63,63,63,63,61,63,0,8046,1.33458767306251,26,-87,0.001869,51,2025-09-06 03:11:44.000338,1899.69995117188,1.037,0.0011,"aoml_navis",1036.35047743549
"7901009",82,0,1,0.029904,1,0.007476,1,202.996851981355,1,4.82359042119241,1949.30004882812,1,4.32030010223389,34.9290008544922,0.0299040004611015,0,195.749099731445,-87.1745,26.1967,21.8554726752109,63,63,63,63,61,63,0,8046,1.33458767306251,26,-87,0.001869,51,2025-09-06 03:11:44.000338,1949.30004882812,1.037,0.0011,"aoml_navis",1036.57225498097
"7901009",82,0,1,0.028035,1,0.005607,1,202.941263123774,1,4.82255097215083,1999.40002441406,1,4.31979990005493,34.9290008544922,0.0280349999666214,0,195.695495605469,-87.1745,26.1967,21.8554726752109,63,63,63,63,61,63,0,8046,1.33458767306251,26,-87,0.001869,51,2025-09-06 03:11:44.000338,1999.40002441406,1.037,0.0011,"aoml_navis",1036.79567699209
"7901009",83,0.144377812178906,1,0.183162,1,0.160734,1,190.827289811923,1,4.89111971008449,2.09999990463257,1,30.0349998474121,35.7169990539551,0.183162003755569,0.170078992843628,184.014007568359,-86.3622,27.0554,10.2319763869979,63,63,63,63,61,63,0.160734,7819,1.11328740596807,27,-86,0.001869,51,2025-09-11 09:39:58.001022,2.09999990463257,1.037,0.0011,"aoml_navis",1022.26081068738
"7901009",83,0.107443953249418,1,0.142044,1,0.119616,1,190.721096563297,1,4.89107724482727,4.09999990463257,1,30.0340003967285,35.7169990539551,0.142043992877007,0.128960996866226,183.911605834961,-86.3622,27.0554,10.2319763869979,63,63,63,63,61,63,0.119616,7819,1.11328740596807,27,-86,0.001869,51,2025-09-11 09:39:58.001022,4.09999990463257,1.037,0.0011,"aoml_navis",1022.26968614898
"7901009",83,0.115838012097029,1,0.151389,1,0.128961,1,190.724103077563,1,4.8910400997281,6,1,30.0349998474121,35.7169990539551,0.151389002799988,0.138306006789207,183.914505004883,-86.3622,27.0554,10.2319763869979,63,63,63,63,61,63,0.128961,7819,1.11328740596807,27,-86,0.001869,51,2025-09-11 09:39:58.001022,6,1.037,0.0011,"aoml_navis",1022.277449796
"7901009",83,0.110801576788463,1,0.145782,1,0.123354,1,190.697756518337,1,4.89099275161716,8.39999961853027,1,30.0359992980957,35.7169990539551,0.145781993865967,0.132698997855186,183.889099121094,-86.3622,27.0554,10.2319763869979,63,63,63,63,61,63,0.123354,7819,1.11328740596807,27,-86,0.001869,51,2025-09-11 09:39:58.001022,8.39999961853027,1.037,0.0011,"aoml_navis",1022.28734613168
"7901009",83,0.112480388557985,1,0.147651,1,0.125223,1,190.825422608327,1,4.89093572398248,10.3000001907349,1,30.0380001068115,35.7229995727539,0.147651001811028,0.134568005800247,184.01220703125,-86.3622,27.0554,10.2319763869979,63,63,63,63,61,63,0.125223,7819,1.11328740596807,27,-86,0.001869,51,2025-09-11 09:39:58.001022,10.3000001907349,1.037,0.0011,"aoml_navis",1022.29926586087
"7901009",83,0.110801576788463,1,0.145782,1,0.123354,1,191.825626609583,1,4.89049902010702,12,1,30.0160007476807,35.8250007629395,0.145781993865967,0.132698997855186,184.976699829102,-86.3622,27.0554,10.2319763869979,63,63,63,63,61,63,0.123354,7819,1.11328740596807,27,-86,0.001869,51,2025-09-11 09:39:58.001022,12,1.037,0.0011,"aoml_navis",1022.39055348805
"7901009",83,0.114159200327507,1,0.14952,1,0.127092,1,194.043832835028,1,4.88933385385706,13.8000001907349,1,29.8239994049072,36.0519981384277,0.149519994854927,0.136436998844147,187.115707397461,-86.3622,27.0554,10.2319763869979,63,63,63,63,61,63,0.127092,7819,1.11328740596807,27,-86,0.001869,51,2025-09-11 09:39:58.001022,13.8000001907349,1.037,0.0011,"aoml_navis",1022.63419710144
"7901009",83,0.12423207094464,1,0.160734,1,0.138306,1,194.745790621099,1,4.88831669679647,15.8999996185303,1,29.576000213623,36.2109985351562,0.160733997821808,0.147651001811028,187.792602539062,-86.3622,27.0554,10.2319763869979,63,63,63,63,61,63,0.138306,7819,1.11328740596807,27,-86,0.001869,51,2025-09-11 09:39:58.001022,15.8999996185303,1.037,0.0011,"aoml_navis",1022.84698601396
"7901009",83,0.104086329710374,1,0.138306,1,0.115878,1,194.534859909701,1,4.88741295953602,18.1000003814697,1,29.2159996032715,36.2879981994629,0.138306006789207,0.125222995877266,187.589202880859,-86.3622,27.0554,10.2319763869979,63,63,63,63,61,63,0.115878,7819,1.11328740596807,27,-86,0.001869,51,2025-09-11 09:39:58.001022,18.1000003814697,1.037,0.0011,"aoml_navis",1023.03612184935
"7901009",83,0.10072870617133,1,0.134568,1,0.11214,1,194.325685635585,1,4.88717215500957,19.8999996185303,1,29.1159992218018,36.2999992370605,0.134568005800247,0.121485002338886,187.387496948242,-86.3622,27.0554,10.2319763869979,63,63,63,63,61,63,0.11214,7819,1.11328740596807,27,-86,0.001869,51,2025-09-11 09:39:58.001022,19.8999996185303,1.037,0.0011,"aoml_navis",1023.08652967643
"7901009",83,0.0990498944018076,1,0.132699,1,0.110271,1,194.762896104896,1,4.88687989644165,22,1,28.992000579834,36.3139991760254,0.132698997855186,0.119616001844406,187.809097290039,-86.3622,27.0554,10.2319763869979,63,63,63,63,61,63,0.110271,7819,1.11328740596807,27,-86,0.001869,51,2025-09-11 09:39:58.001022,22,1.037,0.0011,"aoml_navis",1023.14771509746
"7901009",83,0.144377812178906,1,0.183162,1,0.160734,1,204.506581599458,1,4.88500283010818,24.6000003814697,1,27.931999206543,36.3540000915527,0.183162003755569,0.170078992843628,197.204895019531,-86.3622,27.0554,10.2319763869979,63,63,63,63,61,63,0.160734,7819,1.11328740596807,27,-86,0.001869,51,2025-09-11 09:39:58.001022,24.6000003814697,1.037,0.0011,"aoml_navis",1023.54086044394
"7901009",83,0.134304941561773,1,0.171948,1,0.14952,1,204.799859154226,1,4.8845289796694,26,1,27.6860008239746,36.3709983825684,0.171948000788689,0.158865004777908,197.487701416016,-86.3622,27.0554,10.2319763869979,63,63,63,63,61,63,0.14952,7819,1.11328740596807,27,-86,0.001869,51,2025-09-11 09:39:58.001022,26,1.037,0.0011,"aoml_navis",1023.64015462109
"7901009",83,0.137662565100817,4,0.175686,1,0.153258,1,205.201608578958,1,4.88433162249346,27.5,1,27.5949993133545,36.3779983520508,0.175686001777649,0.162603005766869,197.875106811523,-86.3622,27.0554,10.2319763869979,63,63,63,63,61,63,0.153258,7819,1.11328740596807,27,-86,0.001869,51,2025-09-11 09:39:58.001022,27.5,1.037,0.0011,"aoml_navis",1023.68151600802
"7901009",83,0.159487118104606,1,0.199983,1,0.177555,1,210.779246373938,1,4.88293203665864,30,1,26.7490005493164,36.390998840332,0.19998300075531,0.18690000474453,203.253601074219,-86.3622,27.0554,10.2319763869979,63,63,63,63,61,63,0.177555,7819,1.11328740596807,27,-86,0.001869,51,2025-09-11 09:39:58.001022,30,1.037,0.0011,"aoml_navis",1023.97493195942
"7901009",83,0.16284474164365,1,0.203721,1,0.181293,1,210.626594568023,1,4.88286830375626,32,1,26.7339992523193,36.390998840332,0.20372100174427,0.19063800573349,203.106399536133,-86.3622,27.0554,10.2319763869979,63,63,63,63,61,63,0.181293,7819,1.11328740596807,27,-86,0.001869,51,2025-09-11 09:39:58.001022,32,1.037,0.0011,"aoml_navis",1023.98829723784
"7901009",83,0.164523553413172,1,0.20559,1,0.183162,1,210.497694224808,1,4.88279133523426,34.0999984741211,1,26.7140007019043,36.3919982910156,0.20558999478817,0.19250699877739,202.98210144043,-86.3622,27.0554,10.2319763869979,63,63,63,63,61,63,0.183162,7819,1.11328740596807,27,-86,0.001869,51,2025-09-11 09:39:58.001022,34.0999984741211,1.037,0.0011,"aoml_navis",1024.00443859232
"7901009",83,0.18634810641696,1,0.229887,1,0.207459,1,210.236364840057,1,4.8827082798413,36.2000007629395,1,26.6900005340576,36.3930015563965,0.229886993765831,0.216803997755051,202.730102539062,-86.3622,27.0554,10.2319763869979,63,63,63,63,61,63,0.207459,7819,1.11328740596807,27,-86,0.001869,51,2025-09-11 09:39:58.001022,36.2000007629395,1.037,0.0011,"aoml_navis",1024.02185701795
"7901009",83,0.196420977034093,1,0.241101,1,0.218673,1,210.155268073672,1,4.88214383749143,38,1,26.3560009002686,36.398998260498,0.241100996732712,0.228018000721931,202.651901245117,-86.3622,27.0554,10.2319763869979,63,63,63,63,61,63,0.218673,7819,1.11328740596807,27,-86,0.001869,51,2025-09-11 09:39:58.001022,38,1.037,0.0011,"aoml_navis",1024.14024789756
"7901009",83,0.218245530037881,1,0.265398,1,0.24297,1,209.645568963031,1,4.88129155539648,40,1,25.8509998321533,36.4140014648438,0.265397995710373,0.252315014600754,202.160400390625,-86.3622,27.0554,10.2319763869979,63,63,63,63,61,63,0.24297,7819,1.11328740596807,27,-86,0.001869,51,2025-09-11 09:39:58.001022,40,1.037,0.0011,"aoml_navis",1024.31906458697
"7901009",83,0.243427706580714,1,0.293433,1,0.271005,1,207.46946976107,1,4.88034379290953,41.9000015258789,1,25.2880001068115,36.435001373291,0.293433010578156,0.280349999666214,200.061996459961,-86.3622,27.0554,10.2319763869979,63,63,63,63,61,63,0.271005,7819,1.11328740596807,27,-86,0.001869,51,2025-09-11 09:39:58.001022,41.9000015258789,1.037,0.0011,"aoml_navis",1024.51798729104
"7901009",83,0.261894636045457,1,0.313992,1,0.291564,1,203.134186955832,1,4.87950698800639,44,1,24.7639999389648,36.443000793457,0.313991993665695,0.300909012556076,195.881500244141,-86.3622,27.0554,10.2319763869979,63,63,63,63,61,63,0.291564,7819,1.11328740596807,27,-86,0.001869,51,2025-09-11 09:39:58.001022,44,1.037,0.0011,"aoml_navis",1024.69368571247
"7901009",83,0.282040377279723,1,0.33642,1,0.313992,1,202.075593282778,1,4.8792952358905,46.0999984741211,1,24.6399993896484,36.439998626709,0.336419999599457,0.323336988687515,194.860702514648,-86.3622,27.0554,10.2319763869979,63,63,63,63,61,63,0.313992,7819,1.11328740596807,27,-86,0.001869,51,2025-09-11 09:39:58.001022,46.0999984741211,1.037,0.0011,"aoml_navis",1024.7381554659
"7901009",83,0.298828494974945,1,0.35511,1,0.332682,1,197.386475395952,1,4.8784007799511,47.7000007629395,1,24.0620002746582,36.4490013122559,0.355109989643097,0.342027008533478,190.339004516602,-86.3622,27.0554,10.2319763869979,63,63,63,63,61,63,0.332682,7819,1.11328740596807,27,-86,0.001869,51,2025-09-11 09:39:58.001022,47.7000007629395,1.037,0.0011,"aoml_navis",1024.92604144962
"7901009",83,0.439848683614807,1,0.512106,1,0.489678,1,191.188894359325,1,4.87749019214049,49.9000015258789,1,23.4619998931885,36.4539985656738,0.512106001377106,0.499022990465164,184.362701416016,-86.3622,27.0554,10.2319763869979,63,63,63,63,61,63,0.489678,7819,1.11328740596807,27,-86,0.001869,51,2025-09-11 09:39:58.001022,49.9000015258789,1.037,0.0011,"aoml_navis",1025.11738681851
"7901009",83,0.537219766247092,1,0.620508,1,0.59808,1,188.233063594359,1,4.87721487562356,52,1,23.3139991760254,36.4609985351562,0.620508015155792,0.607424974441528,181.512405395508,-86.3622,27.0554,10.2319763869979,63,63,63,63,61,63,0.59808,7819,1.11328740596807,27,-86,0.001869,51,2025-09-11 09:39:58.001022,52,1.037,0.0011,"aoml_navis",1025.17525421939
"7901009",83,0.688312825504087,1,0.788718,1,0.76629,1,186.549447252925,1,4.87681858260338,54,1,23.0949993133545,36.4749984741211,0.788717985153198,0.775635004043579,179.888900756836,-86.3622,27.0554,10.2319763869979,63,63,63,63,61,63,0.76629,7819,1.11328740596807,27,-86,0.001869,51,2025-09-11 09:39:58.001022,54,1.037,0.0011,"aoml_navis",1025.25856053699
"7901009",83,0.68327639019552,1,0.783111,1,0.760683,1,185.413902638421,1,4.87670426896476,56,1,23.0499992370605,36.4780006408691,0.783110976219177,0.770027995109558,178.793899536133,-86.3622,27.0554,10.2319763869979,63,63,63,63,61,63,0.760683,7819,1.11328740596807,27,-86,0.001869,51,2025-09-11 09:39:58.001022,56,1.037,0.0011,"aoml_navis",1025.28259337354
"7901009",83,0.69838569612122,1,0.799932,1,0.777504,1,184.346906549182,1,4.87660080851774,58,1,23.0179996490479,36.4830017089844,0.79993200302124,0.786849021911621,177.764999389648,-86.3622,27.0554,10.2319763869979,63,63,63,63,61,63,0.777504,7819,1.11328740596807,27,-86,0.001869,51,2025-09-11 09:39:58.001022,58,1.037,0.0011,"aoml_navis",1025.30434545036
"7901009",83,0.69838569612122,1,0.799932,1,0.777504,1,183.095943434383,1,4.87649354818936,60,1,22.9780006408691,36.4860000610352,0.79993200302124,0.786849021911621,176.558700561523,-86.3622,27.0554,10.2319763869979,63,63,63,63,61,63,0.777504,7819,1.11328740596807,27,-86,0.001869,51,2025-09-11 09:39:58.001022,60,1.037,0.0011,"aoml_navis",1025.326897409
"7901009",83,0.663130648961255,1,0.760683,1,0.738255,1,181.749357342166,1,4.87630628034479,62,1,22.8799991607666,36.4889984130859,0.760683000087738,0.747600018978119,175.260192871094,-86.3622,27.0554,10.2319763869979,63,63,63,63,61,63,0.738255,7819,1.11328740596807,27,-86,0.001869,51,2025-09-11 09:39:58.001022,62,1.037,0.0011,"aoml_navis",1025.3662736801
"7901009",83,0.653057778344121,1,0.749469,1,0.727041,1,180.1656205694,1,4.87608928196251,64.0999984741211,1,22.7590007781982,36.4910011291504,0.749468982219696,0.736386001110077,173.733001708984,-86.3622,27.0554,10.2319763869979,63,63,63,63,61,63,0.727041,7819,1.11328740596807,27,-86,0.001869,51,2025-09-11 09:39:58.001022,64.0999984741211,1.037,0.0011,"aoml_navis",1025.41190508875
"7901009",83,0.624517978262245,1,0.717696,1,0.695268,1,176.501913932387,1,4.87586736127704,66,1,22.6310005187988,36.4930000305176,0.717696011066437,0.704612970352173,170.200103759766,-86.3622,27.0554,10.2319763869979,63,63,63,63,61,63,0.695268,7819,1.11328740596807,27,-86,0.001869,51,2025-09-11 09:39:58.001022,66,1.037,0.0011,"aoml_navis",1025.4585757826
"7901009",83,0.540577389786137,1,0.624246,1,0.601818,1,171.039172453645,1,4.87526242907672,68,1,22.2569999694824,36.507999420166,0.624246001243591,0.611163020133972,164.932403564453,-86.3622,27.0554,10.2319763869979,63,63,63,63,61,63,0.601818,7819,1.11328740596807,27,-86,0.001869,51,2025-09-11 09:39:58.001022,68,1.037,0.0011,"aoml_navis",1025.58581670995
"7901009",83,0.525468083860437,1,0.607425,1,0.584997,1,167.372032060866,1,4.87496159017091,70,1,22.0890007019043,36.5169982910156,0.607424974441528,0.594341993331909,161.396194458008,-86.3622,27.0554,10.2319763869979,63,63,63,63,61,63,0.584997,7819,1.11328740596807,27,-86,0.001869,51,2025-09-11 09:39:58.001022,70,1.037,0.0011,"aoml_navis",1025.64910666808
"7901009",83,0.493570660239516,1,0.571914,1,0.549486,1,160.702823878461,1,4.87473650336874,71.9000015258789,1,21.9669990539551,36.5229988098145,0.57191401720047,0.558830976486206,154.965103149414,-86.3622,27.0554,10.2319763869979,63,63,63,63,61,63,0.549486,7819,1.11328740596807,27,-86,0.001869,51,2025-09-11 09:39:58.001022,71.9000015258789,1.037,0.0011,"aoml_navis",1025.69646514118
"7901009",83,0.448242742462418,1,0.521451,1,0.499023,1,153.06077097462,1,4.87426974102607,74,1,21.7210006713867,36.548999786377,0.521450996398926,0.508368015289307,147.595901489258,-86.3622,27.0554,10.2319763869979,63,63,63,63,61,63,0.499023,7819,1.11328740596807,27,-86,0.001869,51,2025-09-11 09:39:58.001022,74,1.037,0.0011,"aoml_navis",1025.79468631284
"7901009",83,0.424739377689107,1,0.495285,1,0.472857,1,147.869628500412,1,4.87386059615728,76,1,21.5069999694824,36.5719985961914,0.495285004377365,0.482201993465424,142.590103149414,-86.3622,27.0554,10.2319763869979,63,63,63,63,61,63,0.472857,7819,1.11328740596807,27,-86,0.001869,51,2025-09-11 09:39:58.001022,76,1.037,0.0011,"aoml_navis",1025.88079846645
"7901009",83,0.37269621283392,1,0.437346,1,0.414918,1,144.939194869114,1,4.87344808178477,78,1,21.2479991912842,36.5800018310547,0.437346011400223,0.424263000488281,139.764297485352,-86.3622,27.0554,10.2319763869979,63,63,63,63,61,63,0.414918,7819,1.11328740596807,27,-86,0.001869,51,2025-09-11 09:39:58.001022,78,1.037,0.0011,"aoml_navis",1025.96763443284
"7901009",83,0.359265718677743,1,0.422394,1,0.399966,1,142.486939419942,1,4.87326781961136,80,1,21.1450004577637,36.5810012817383,0.422394007444382,0.40931099653244,137.399597167969,-86.3622,27.0554,10.2319763869979,63,63,63,63,61,63,0.399966,7819,1.11328740596807,27,-86,0.001869,51,2025-09-11 09:39:58.001022,80,1.037,0.0011,"aoml_navis",1026.00558497496
"7901009",83,0.317295424439689,1,0.375669,1,0.353241,1,139.419725213301,1,4.87307088051354,82,1,21.0400009155273,36.5859985351562,0.375669002532959,0.362585991621017,134.44189453125,-86.3622,27.0554,10.2319763869979,63,63,63,63,61,63,0.353241,7819,1.11328740596807,27,-86,0.001869,51,2025-09-11 09:39:58.001022,82,1.037,0.0011,"aoml_navis",1026.04704971439
"7901009",83,0.288755624357812,1,0.343896,1,0.321468,1,137.637400261387,1,4.87285821703758,84,1,20.9060001373291,36.5849990844727,0.343896001577377,0.330812990665436,132.723205566406,-86.3622,27.0554,10.2319763869979,63,63,63,63,61,63,0.321468,7819,1.11328740596807,27,-86,0.001869,51,2025-09-11 09:39:58.001022,84,1.037,0.0011,"aoml_navis",1026.09182892248
"7901009",83,0.273646318432113,1,0.327075,1,0.304647,1,134.804029569602,1,4.87263447841296,86,1,20.7490005493164,36.5789985656738,0.327075004577637,0.313991993665695,129.990997314453,-86.3622,27.0554,10.2319763869979,63,63,63,63,61,63,0.304647,7819,1.11328740596807,27,-86,0.001869,51,2025-09-11 09:39:58.001022,86,1.037,0.0011,"aoml_navis",1026.1389443742
"7901009",83,0.236712459502625,1,0.285957,1,0.263529,1,132.693788853825,1,4.87221140704486,88,1,20.4449996948242,36.576000213623,0.285957008600235,0.272873997688293,127.956100463867,-86.3622,27.0554,10.2319763869979,63,63,63,63,61,63,0.263529,7819,1.11328740596807,27,-86,0.001869,51,2025-09-11 09:39:58.001022,88,1.037,0.0011,"aoml_navis",1026.22804765211
"7901009",83,0.221603153576926,1,0.269136,1,0.246708,1,131.75455379713,1,4.87191185953992,90,1,20.2350006103516,36.5730018615723,0.269136011600494,0.256053000688553,127.050399780273,-86.3622,27.0554,10.2319763869979,63,63,63,63,61,63,0.246708,7819,1.11328740596807,27,-86,0.001869,51,2025-09-11 09:39:58.001022,90,1.037,0.0011,"aoml_navis",1026.29114486324
"7901009",83,0.204815035881704,1,0.250446,1,0.228018,1,130.689424911488,1,4.87174350592845,92,1,20.1240005493164,36.5690002441406,0.250445991754532,0.237362995743752,126.023300170898,-86.3622,27.0554,10.2319763869979,63,63,63,63,61,63,0.228018,7819,1.11328740596807,27,-86,0.001869,51,2025-09-11 09:39:58.001022,92,1.037,0.0011,"aoml_navis",1026.32661056878
"7901009",83,0.193063353495049,1,0.237363,1,0.214935,1,129.589966380055,1,4.87154989234653,94,1,19.9869995117188,36.5629997253418,0.237362995743752,0.224279999732971,124.963096618652,-86.3622,27.0554,10.2319763869979,63,63,63,63,61,63,0.214935,7819,1.11328740596807,27,-86,0.001869,51,2025-09-11 09:39:58.001022,94,1.037,0.0011,"aoml_navis",1026.36740062034
"7901009",83,0.189705729956004,1,0.233625,1,0.211197,1,128.653120711015,1,4.87144438195555,96,1,19.9220008850098,36.5579986572266,0.233624994754791,0.220541998744011,124.059700012207,-86.3622,27.0554,10.2319763869979,63,63,63,63,61,63,0.211197,7819,1.11328740596807,27,-86,0.001869,51,2025-09-11 09:39:58.001022,96,1.037,0.0011,"aoml_navis",1026.38963066491
"7901009",83,0.176275235799827,1,0.218673,1,0.196245,1,127.908328008533,1,4.87131866624673,98,1,19.8379993438721,36.5519981384277,0.218673005700111,0.20558999478817,123.341499328613,-86.3622,27.0554,10.2319763869979,63,63,63,63,61,63,0.196245,7819,1.11328740596807,27,-86,0.001869,51,2025-09-11 09:39:58.001022,98,1.037,0.0011,"aoml_navis",1026.4161190367
"7901009",83,0.156129494565561,1,0.196245,1,0.173817,1,127.797680371665,1,4.8710760665646,100,1,19.6550006866455,36.5439987182617,0.19624499976635,0.183162003755569,123.234802246094,-86.3622,27.0554,10.2319763869979,63,63,63,63,61,63,0.173817,7819,1.11328740596807,27,-86,0.001869,51,2025-09-11 09:39:58.001022,100,1.037,0.0011,"aoml_navis",1026.46723879357
"7901009",83,0.146056623948428,1,0.185031,1,0.162603,1,127.726022477699,1,4.87091982476856,102,1,19.5429992675781,36.5369987487793,0.185030996799469,0.171948000788689,123.165702819824,-86.3622,27.0554,10.2319763869979,63,63,63,63,61,63,0.162603,7819,1.11328740596807,27,-86,0.001869,51,2025-09-11 09:39:58.001022,102,1.037,0.0011,"aoml_navis",1026.50016421438
"7901009",83,0.151093059256995,1,0.190638,1,0.16821,1,127.875659857469,1,4.87071281755663,104,1,19.3840007781982,36.5279998779297,0.19063800573349,0.177554994821548,123.309997558594,-86.3622,27.0554,10.2319763869979,63,63,63,63,61,63,0.16821,7819,1.11328740596807,27,-86,0.001869,51,2025-09-11 09:39:58.001022,104,1.037,0.0011,"aoml_navis",1026.5437908754
"7901009",83,0.144377812178906,1,0.183162,1,0.160734,1,128.380690959118,1,4.8705142359137,106,1,19.2310009002686,36.5190010070801,0.183162003755569,0.170078992843628,123.796997070312,-86.3622,27.0554,10.2319763869979,63,63,63,63,61,63,0.160734,7819,1.11328740596807,27,-86,0.001869,51,2025-09-11 09:39:58.001022,106,1.037,0.0011,"aoml_navis",1026.5856453373
"7901009",83,0.13934137687034,1,0.177555,1,0.155127,1,128.775382987205,1,4.87039803324865,108,1,19.1469993591309,36.5110015869141,0.177554994821548,0.164471998810768,124.177597045898,-86.3622,27.0554,10.2319763869979,63,63,63,63,61,63,0.155127,7819,1.11328740596807,27,-86,0.001869,51,2025-09-11 09:39:58.001022,108,1.037,0.0011,"aoml_navis",1026.61013861015
"7901009",83,0.149414247487473,1,0.188769,1,0.166341,1,129.180447489509,1,4.87030557739172,110,1,19.0849990844727,36.5040016174316,0.188768997788429,0.175686001777649,124.568199157715,-86.3622,27.0554,10.2319763869979,63,63,63,63,61,63,0.166341,7819,1.11328740596807,27,-86,0.001869,51,2025-09-11 09:39:58.001022,110,1.037,0.0011,"aoml_navis",1026.62962735035
"7901009",83,0.117516823866551,1,0.153258,1,0.13083,1,129.649495362522,1,4.87015402740763,112,1,18.9599990844727,36.492000579834,0.153257995843887,0.140174999833107,125.020500183105,-86.3622,27.0554,10.2319763869979,63,63,63,63,61,63,0.13083,7819,1.11328740596807,27,-86,0.001869,51,2025-09-11 09:39:58.001022,112,1.037,0.0011,"aoml_navis",1026.66157412304
"7901009",83,0.109122765018941,1,0.143913,1,0.121485,1,130.060675747794,1,4.86994561480088,114,1,18.7789993286133,36.4770011901855,0.143913000822067,0.130830004811287,125.416999816895,-86.3622,27.0554,10.2319763869979,63,63,63,63,61,63,0.121485,7819,1.11328740596807,27,-86,0.001869,51,2025-09-11 09:39:58.001022,114,1.037,0.0011,"aoml_navis",1026.70551079746
"7901009",83,0.0906558355541968,1,0.123354,1,0.100926,1,130.472789734864,1,4.86972638406627,116,1,18.576000213623,36.4580001831055,0.123354002833366,0.110270999372005,125.814399719238,-86.3622,27.0554,10.2319763869979,63,63,63,63,61,63,0.100926,7819,1.11328740596807,27,-86,0.001869,51,2025-09-11 09:39:58.001022,116,1.037,0.0011,"aoml_navis",1026.75173216302
"7901009",83,0.0889770237846747,1,0.121485,1,0.099057,1,131.010797550883,1,4.86958828864135,118,1,18.4449996948242,36.4410018920898,0.121485002338886,0.108401998877525,126.333198547363,-86.3622,27.0554,10.2319763869979,63,63,63,63,61,63,0.099057,7819,1.11328740596807,27,-86,0.001869,51,2025-09-11 09:39:58.001022,118,1.037,0.0011,"aoml_navis",1026.78084955618
"7901009",83,0.0872982120151525,1,0.119616,1,0.097188,1,131.592882448417,1,4.86951438850068,120,1,18.3999996185303,36.435001373291,0.119616001844406,0.106532998383045,126.894500732422,-86.3622,27.0554,10.2319763869979,63,63,63,63,61,63,0.097188,7819,1.11328740596807,27,-86,0.001869,51,2025-09-11 09:39:58.001022,120,1.037,0.0011,"aoml_navis",1026.79643206465
"7901009",83,0.0738677178589752,1,0.104664,1,0.082236,1,132.775502746822,1,4.86940104457619,122,1,18.306999206543,36.423999786377,0.104663997888565,0.0915810018777847,128.034896850586,-86.3622,27.0554,10.2319763869979,63,63,63,63,61,63,0.082236,7819,1.11328740596807,27,-86,0.001869,51,2025-09-11 09:39:58.001022,122,1.037,0.0011,"aoml_navis",1026.82033256827
"7901009",83,0.0789041531675417,1,0.110271,1,0.087843,1,133.93967254189,1,4.86933095103842,124,1,18.2679996490479,36.4189987182617,0.110270999372005,0.0971880033612251,129.157501220703,-86.3622,27.0554,10.2319763869979,63,63,63,63,61,63,0.087843,7819,1.11328740596807,27,-86,0.001869,51,2025-09-11 09:39:58.001022,124,1.037,0.0011,"aoml_navis",1026.83511354547
"7901009",83,0.0386126706990098,1,0.065415,1,0.042987,1,135.179432435109,1,4.86921791400555,126,1,18.1870002746582,36.4119987487793,0.0654150024056435,0.0523319989442825,130.352996826172,-86.3622,27.0554,10.2319763869979,63,63,63,63,61,63,0.042987,7819,1.11328740596807,27,-86,0.001869,51,2025-09-11 09:39:58.001022,126,1.037,0.0011,"aoml_navis",1026.85895113017
"7901009",83,0.0318974236209211,1,0.057939,1,0.035511,1,135.737045888894,1,4.8691231251242,128,1,18.1149997711182,36.4029998779297,0.0579390004277229,0.0448560006916523,130.890701293945,-86.3622,27.0554,10.2319763869979,63,63,63,63,61,63,0.035511,7819,1.11328740596807,27,-86,0.001869,51,2025-09-11 09:39:58.001022,128,1.037,0.0011,"aoml_navis",1026.87894134377
"7901009",83,0.020145741234266,1,0.044856,1,0.022428,1,136.555260834502,1,4.86898159773329,130,1,17.9759998321533,36.3849983215332,0.0448560006916523,0.0317730009555817,131.679702758789,-86.3622,27.0554,10.2319763869979,63,63,63,63,61,63,0.022428,7819,1.11328740596807,27,-86,0.001869,51,2025-09-11 09:39:58.001022,130,1.037,0.0011,"aoml_navis",1026.90878978218
"7901009",83,0.0167881176952216,1,0.041118,1,0.01869,1,137.388191876255,1,4.86879546304463,132,1,17.7770004272461,36.3600006103516,0.041117999702692,0.0280349999666214,132.482894897461,-86.3622,27.0554,10.2319763869979,63,63,63,63,61,63,0.01869,7819,1.11328740596807,27,-86,0.001869,51,2025-09-11 09:39:58.001022,132,1.037,0.0011,"aoml_navis",1026.9480486398
"7901009",83,0.0117516823866551,1,0.035511,1,0.013083,1,137.393065594118,1,4.86867688524839,134,1,17.6590003967285,36.3429985046387,0.0355109982192516,0.0224280003458261,132.487594604492,-86.3622,27.0554,10.2319763869979,63,63,63,63,61,63,0.013083,7819,1.11328740596807,27,-86,0.001869,51,2025-09-11 09:39:58.001022,134,1.037,0.0011,"aoml_navis",1026.97306020646
"7901009",83,0.00671524707808865,1,0.029904,1,0.007476,1,137.22631481867,1,4.86855222569851,136,1,17.5259990692139,36.3230018615723,0.0299040004611015,0.0168210007250309,132.326797485352,-86.3622,27.0554,10.2319763869979,63,63,63,63,61,63,0.007476,7819,1.11328740596807,27,-86,0.001869,51,2025-09-11 09:39:58.001022,136,1.037,0.0011,"aoml_navis",1026.99935590865
"7901009",83,0.00503643530856649,1,0.028035,1,0.005607,1,136.866577474865,1,4.86836627376432,138,1,17.3020000457764,36.2910003662109,0.0280349999666214,0.0149520002305508,131.979904174805,-86.3622,27.0554,10.2319763869979,63,63,63,63,61,63,0.005607,7819,1.11328740596807,27,-86,0.001869,51,2025-09-11 09:39:58.001022,138,1.037,0.0011,"aoml_navis",1027.03858313723
"7901009",83,0.00503643530856649,1,0.028035,1,0.005607,1,136.174256358205,1,4.86824714819041,140,1,17.1499996185303,36.2639999389648,0.0280349999666214,0.0149520002305508,131.312301635742,-86.3622,27.0554,10.2319763869979,63,63,63,63,61,63,0.005607,7819,1.11328740596807,27,-86,0.001869,51,2025-09-11 09:39:58.001022,140,1.037,0.0011,"aoml_navis",1027.06371467984
"7901009",83,0.00839405884761082,1,0.031773,1,0.009345,1,137.16461798118,1,4.86811979120829,142,1,17.0090007781982,36.2430000305176,0.0317730009555817,0.0186899993568659,132.267303466797,-86.3622,27.0554,10.2319763869979,63,63,63,63,61,63,0.009345,7819,1.11328740596807,27,-86,0.001869,51,2025-09-11 09:39:58.001022,142,1.037,0.0011,"aoml_navis",1027.09058413679
"7901009",83,0,1,0.022428,1,0,1,136.977438732484,1,4.86793643987123,144,1,16.7670001983643,36.2060012817383,0.0224280003458261,0.00934499967843294,132.086807250977,-86.3622,27.0554,10.2319763869979,63,63,63,63,61,63,0,7819,1.11328740596807,27,-86,0.001869,51,2025-09-11 09:39:58.001022,144,1.037,0.0011,"aoml_navis",1027.12926961147
"7901009",83,0.00167881176952216,1,0.024297,1,0.001869,1,135.899650839405,1,4.86778912822565,146,1,16.5869998931885,36.1790008544922,0.0242970008403063,0.0112140001729131,131.047500610352,-86.3622,27.0554,10.2319763869979,63,63,63,63,61,63,0.001869,7819,1.11328740596807,27,-86,0.001869,51,2025-09-11 09:39:58.001022,146,1.037,0.0011,"aoml_navis",1027.16035314836
"7901009",83,0,1,0.022428,1,0,1,134.544883863633,1,4.86771499210235,148,1,16.5130004882812,36.1650009155273,0.0224280003458261,0.00934499967843294,129.741104125977,-86.3622,27.0554,10.2319763869979,63,63,63,63,61,63,0,7819,1.11328740596807,27,-86,0.001869,51,2025-09-11 09:39:58.001022,148,1.037,0.0011,"aoml_navis",1027.17599697441
"7901009",83,0,1,0.022428,1,0,1,134.421363598579,1,4.86761804073802,150,1,16.3990001678467,36.1450004577637,0.0224280003458261,0.00934499967843294,129.621994018555,-86.3622,27.0554,10.2319763869979,63,63,63,63,61,63,0,7819,1.11328740596807,27,-86,0.001869,51,2025-09-11 09:39:58.001022,150,1.037,0.0011,"aoml_navis",1027.19645587514
"7901009",83,-0.00167881176952216,1,0.020559,1,-0.001869,1,134.843130078819,1,4.86749321342718,152,1,16.2530002593994,36.1230010986328,0.020558999851346,0.00747600011527538,130.028701782227,-86.3622,27.0554,10.2319763869979,63,63,63,63,61,63,-0.001869,7819,1.11328740596807,27,-86,0.001869,51,2025-09-11 09:39:58.001022,152,1.037,0.0011,"aoml_navis",1027.22279842266
"7901009",83,0.00503643530856649,1,0.028035,1,0.005607,1,135.268931617679,1,4.86742536436864,154,1,16.1870002746582,36.1100006103516,0.0280349999666214,0.0149520002305508,130.439300537109,-86.3622,27.0554,10.2319763869979,63,63,63,63,61,63,0.005607,7819,1.11328740596807,27,-86,0.001869,51,2025-09-11 09:39:58.001022,154,1.037,0.0011,"aoml_navis",1027.23711730679
"7901009",83,-0.00167881176952216,1,0.020559,1,-0.001869,1,135.648385365566,1,4.86729014068373,156,1,16.0370006561279,36.0900001525879,0.020558999851346,0.00747600011527538,130.805206298828,-86.3622,27.0554,10.2319763869979,63,63,63,63,61,63,-0.001869,7819,1.11328740596807,27,-86,0.001869,51,2025-09-11 09:39:58.001022,156,1.037,0.0011,"aoml_navis",1027.26565614139
"7901009",83,-0.00335762353904433,1,0.01869,1,-0.003738,1,135.041196073911,1,4.8672147256596,158,1,15.9569997787476,36.0750007629395,0.0186899993568659,0.00560700008645654,130.219696044922,-86.3622,27.0554,10.2319763869979,63,63,63,63,61,63,-0.003738,7819,1.11328740596807,27,-86,0.001869,51,2025-09-11 09:39:58.001022,158,1.037,0.0011,"aoml_navis",1027.28157310183
"7901009",83,0.00335762353904433,1,0.026166,1,0.003738,1,133.840220214723,1,4.86716282112521,160,1,15.9180002212524,36.0660018920898,0.0261659994721413,0.0130829997360706,129.061599731445,-86.3622,27.0554,10.2319763869979,63,63,63,63,61,63,0.003738,7819,1.11328740596807,27,-86,0.001869,51,2025-09-11 09:39:58.001022,160,1.037,0.0011,"aoml_navis",1027.29252826682
"7901009",83,-0.00167881176952216,1,0.020559,1,-0.001869,1,132.042538304414,1,4.86705925451662,162,1,15.8020000457764,36.0480003356934,0.020558999851346,0.00747600011527538,127.328102111816,-86.3622,27.0554,10.2319763869979,63,63,63,63,61,63,-0.001869,7819,1.11328740596807,27,-86,0.001869,51,2025-09-11 09:39:58.001022,162,1.037,0.0011,"aoml_navis",1027.31438812051
"7901009",83,-0.00503643530856649,1,0.016821,1,-0.005607,1,129.870798548137,1,4.86696314841733,164,1,15.6990003585815,36.0320014953613,0.0168210007250309,0.00373800005763769,125.233901977539,-86.3622,27.0554,10.2319763869979,63,63,63,63,61,63,-0.005607,7819,1.11328740596807,27,-86,0.001869,51,2025-09-11 09:39:58.001022,164,1.037,0.0011,"aoml_navis",1027.33467411314
"7901009",83,-0.00167881176952216,1,0.020559,1,-0.001869,1,130.758282000059,1,4.86686961097032,166,1,15.6079998016357,36.0190010070801,0.020558999851346,0.00747600011527538,126.089698791504,-86.3622,27.0554,10.2319763869979,63,63,63,63,61,63,-0.001869,7819,1.11328740596807,27,-86,0.001869,51,2025-09-11 09:39:58.001022,166,1.037,0.0011,"aoml_navis",1027.35441868621
"7901009",83,0.00167881176952216,1,0.024297,1,0.001869,1,132.211464846764,1,4.86682683260712,168,1,15.5970001220703,36.015998840332,0.0242970008403063,0.0112140001729131,127.490997314453,-86.3622,27.0554,10.2319763869979,63,63,63,63,61,63,0.001869,7819,1.11328740596807,27,-86,0.001869,51,2025-09-11 09:39:58.001022,168,1.037,0.0011,"aoml_navis",1027.36344891103
"7901009",83,-0.00167881176952216,1,0.020559,1,-0.001869,1,132.808068043451,1,4.86677146662708,170,1,15.5609998703003,36.0089988708496,0.020558999851346,0.00747600011527538,128.066299438477,-86.3622,27.0554,10.2319763869979,63,63,63,63,61,63,-0.001869,7819,1.11328740596807,27,-86,0.001869,51,2025-09-11 09:39:58.001022,170,1.037,0.0011,"aoml_navis",1027.37513653281
"7901009",83,-0.00335762353904433,1,0.01869,1,-0.003738,1,132.407980113444,1,4.8666967312972,172,1,15.4969997406006,35.9990005493164,0.0186899993568659,0.00560700008645654,127.68049621582,-86.3622,27.0554,10.2319763869979,63,63,63,63,61,63,-0.003738,7819,1.11328740596807,27,-86,0.001869,51,2025-09-11 09:39:58.001022,172,1.037,0.0011,"aoml_navis",1027.39091339831
"7901009",83,0,1,0.022428,1,0,1,132.845396291627,1,4.86662176269469,174,1,15.4359998703003,35.9900016784668,0.0224280003458261,0.00934499967843294,128.102294921875,-86.3622,27.0554,10.2319763869979,63,63,63,63,61,63,0,7819,1.11328740596807,27,-86,0.001869,51,2025-09-11 09:39:58.001022,174,1.037,0.0011,"aoml_navis",1027.40673999523
"7901009",83,0,1,0.022428,1,0,1,132.431731576146,1,4.86656082473034,176,1,15.3979997634888,35.984001159668,0.0224280003458261,0.00934499967843294,127.703399658203,-86.3622,27.0554,10.2319763869979,63,63,63,63,61,63,0,7819,1.11328740596807,27,-86,0.001869,51,2025-09-11 09:39:58.001022,176,1.037,0.0011,"aoml_navis",1027.41960494803
"7901009",83,0,1,0.022428,1,0,1,132.188860606611,1,4.8665129813887,178,1,15.3889999389648,35.9830017089844,0.0224280003458261,0.00934499967843294,127.469200134277,-86.3622,27.0554,10.2319763869979,63,63,63,63,61,63,0,7819,1.11328740596807,27,-86,0.001869,51,2025-09-11 09:39:58.001022,178,1.037,0.0011,"aoml_navis",1027.42970564793
"7901009",83,0,1,0.022428,1,0,1,132.250462501546,1,4.8664677203,180,1,15.378999710083,35.9809989929199,0.0224280003458261,0.00934499967843294,127.528602600098,-86.3622,27.0554,10.2319763869979,63,63,63,63,61,63,0,7819,1.11328740596807,27,-86,0.001869,51,2025-09-11 09:39:58.001022,180,1.037,0.0011,"aoml_navis",1027.43926136466
"7901009",83,0,1,0.022428,1,0,1,132.582207615158,1,4.86642070292283,182,1,15.3640003204346,35.9780006408691,0.0224280003458261,0.00934499967843294,127.848503112793,-86.3622,27.0554,10.2319763869979,63,63,63,63,61,63,0,7819,1.11328740596807,27,-86,0.001869,51,2025-09-11 09:39:58.001022,182,1.037,0.0011,"aoml_navis",1027.44918806484
"7901009",83,0,1,0.01869,1,-0.003738,1,132.674911108986,1,4.86638399344376,183.899993896484,1,15.3599996566772,35.976001739502,0.0186899993568659,0,127.937896728516,-86.3622,27.0554,10.2319763869979,63,63,63,63,61,63,0,7819,1.11328740596807,27,-86,0.001869,51,2025-09-11 09:39:58.001022,183.899993896484,1.037,0.0011,"aoml_navis",1027.45693860909
"7901009",83,0,1,0.016821,1,-0.005607,1,132.743570400566,1,4.86633459250064,185.899993896484,1,15.3360004425049,35.9710006713867,0.0168210007250309,0,128.004104614258,-86.3622,27.0554,10.2319763869979,63,63,63,63,61,63,0,7819,1.11328740596807,27,-86,0.001869,51,2025-09-11 09:39:58.001022,185.899993896484,1.037,0.0011,"aoml_navis",1027.46736891157
"7901009",83,0,1,0.01869,1,-0.003738,1,132.358934371511,1,4.86624929438729,188,1,15.25,35.9570007324219,0.0186899993568659,0,127.633201599121,-86.3622,27.0554,10.2319763869979,63,63,63,63,61,63,0,7819,1.11328740596807,27,-86,0.001869,51,2025-09-11 09:39:58.001022,188,1.037,0.0011,"aoml_navis",1027.48537888656
"7901009",83,0,1,0.020559,1,-0.001869,1,131.472273755073,1,4.86619398776751,190,1,15.2170000076294,35.951000213623,0.020558999851346,0,126.778198242188,-86.3622,27.0554,10.2319763869979,63,63,63,63,61,63,0,7819,1.11328740596807,27,-86,0.001869,51,2025-09-11 09:39:58.001022,190,1.037,0.0011,"aoml_navis",1027.49705674884
"7901009",83,0,1,0.022428,1,0,1,130.407564199052,1,4.86613895127572,192,1,15.173999786377,35.9420013427734,0.0224280003458261,0,125.751502990723,-86.3622,27.0554,10.2319763869979,63,63,63,63,61,63,0,7819,1.11328740596807,27,-86,0.001869,51,2025-09-11 09:39:58.001022,192,1.037,0.0011,"aoml_navis",1027.50867783773
"7901009",83,0,1,0.022428,1,0,1,128.898895340379,1,4.86605498679921,194,1,15.0970001220703,35.9309997558594,0.0224280003458261,0,124.296699523926,-86.3622,27.0554,10.2319763869979,63,63,63,63,61,63,0,7819,1.11328740596807,27,-86,0.001869,51,2025-09-11 09:39:58.001022,194,1.037,0.0011,"aoml_navis",1027.5264076473
"7901009",83,0,1,0.01869,1,-0.003738,1,127.268169914388,1,4.86596640531744,196,1,15.0120000839233,35.9189987182617,0.0186899993568659,0,122.724197387695,-86.3622,27.0554,10.2319763869979,63,63,63,63,61,63,0,7819,1.11328740596807,27,-86,0.001869,51,2025-09-11 09:39:58.001022,196,1.037,0.0011,"aoml_navis",1027.54511303984
"7901009",83,0,1,0.016821,1,-0.005607,1,126.376018453475,1,4.86590610038118,198,1,14.9739999771118,35.9129981994629,0.0168210007250309,0,121.863899230957,-86.3622,27.0554,10.2319763869979,63,63,63,63,61,63,0,7819,1.11328740596807,27,-86,0.001869,51,2025-09-11 09:39:58.001022,198,1.037,0.0011,"aoml_navis",1027.55784777851
"7901009",83,0,1,0.024297,1,0.001869,1,125.908734929624,1,4.86584830921081,200,1,14.9280004501343,35.9039993286133,0.0242970008403063,0,121.413299560547,-86.3622,27.0554,10.2319763869979,63,63,63,63,61,63,0,7819,1.11328740596807,27,-86,0.001869,51,2025-09-11 09:39:58.001022,200,1.037,0.0011,"aoml_navis",1027.57005197537
"7901009",83,0,1,0.01869,1,-0.003738,1,125.823492338303,1,4.86575398479998,202,1,14.8369998931885,35.8919982910156,0.0186899993568659,0,121.331100463867,-86.3622,27.0554,10.2319763869979,63,63,63,63,61,63,0,7819,1.11328740596807,27,-86,0.001869,51,2025-09-11 09:39:58.001022,202,1.037,0.0011,"aoml_navis",1027.58997179459
"7901009",83,0,1,0.016821,1,-0.005607,1,125.92542899568,1,4.86568323612314,204,1,14.7749996185303,35.8819999694824,0.0168210007250309,0,121.429397583008,-86.3622,27.0554,10.2319763869979,63,63,63,63,61,63,0,7819,1.11328740596807,27,-86,0.001869,51,2025-09-11 09:39:58.001022,204,1.037,0.0011,"aoml_navis",1027.60491329967
"7901009",83,0,1,0.01869,1,-0.003738,1,125.902927609963,1,4.86562701141843,206,1,14.7440004348755,35.8769989013672,0.0186899993568659,0,121.407699584961,-86.3622,27.0554,10.2319763869979,63,63,63,63,61,63,0,7819,1.11328740596807,27,-86,0.001869,51,2025-09-11 09:39:58.001022,206,1.037,0.0011,"aoml_navis",1027.61678777807
"7901009",83,0,1,0.022428,1,0,1,125.559773565898,1,4.86557984534251,208,1,14.7320003509521,35.875,0.0224280003458261,0,121.076797485352,-86.3622,27.0554,10.2319763869979,63,63,63,63,61,63,0,7819,1.11328740596807,27,-86,0.001869,51,2025-09-11 09:39:58.001022,208,1.037,0.0011,"aoml_navis",1027.62674931461
"7901009",83,0,1,0.01869,1,-0.003738,1,125.078802490257,1,4.86552206408312,210,1,14.6960000991821,35.8689994812012,0.0186899993568659,0,120.612998962402,-86.3622,27.0554,10.2319763869979,63,63,63,63,61,63,0,7819,1.11328740596807,27,-86,0.001869,51,2025-09-11 09:39:58.001022,210,1.037,0.0011,"aoml_navis",1027.63895305492
"7901009",83,0,1,0.024297,1,0.001869,1,124.312853421599,1,4.86546907976108,212,1,14.6680002212524,35.8639984130859,0.0242970008403063,0,119.874397277832,-86.3622,27.0554,10.2319763869979,63,63,63,63,61,63,0,7819,1.11328740596807,27,-86,0.001869,51,2025-09-11 09:39:58.001022,212,1.037,0.0011,"aoml_navis",1027.65014390874
"7901009",83,0,1,0.024297,1,0.001869,1,123.263595766529,1,4.86540982259546,214,1,14.6339998245239,35.859001159668,0.0242970008403063,0,118.862602233887,-86.3622,27.0554,10.2319763869979,63,63,63,63,61,63,0,7819,1.11328740596807,27,-86,0.001869,51,2025-09-11 09:39:58.001022,214,1.037,0.0011,"aoml_navis",1027.66265994274
"7901009",83,0,1,0.01869,1,-0.003738,1,122.597510442779,1,4.86535535091318,216,1,14.6079998016357,35.8549995422363,0.0186899993568659,0,118.22029876709,-86.3622,27.0554,10.2319763869979,63,63,63,63,61,63,0,7819,1.11328740596807,27,-86,0.001869,51,2025-09-11 09:39:58.001022,216,1.037,0.0011,"aoml_navis",1027.67416547725
"7901009",83,0,1,0.026166,1,0.003738,1,122.137901442186,1,4.86531350867309,218,1,14.6079998016357,35.8549995422363,0.0261659994721413,0,117.777099609375,-86.3622,27.0554,10.2319763869979,63,63,63,63,61,63,0,7819,1.11328740596807,27,-86,0.001869,51,2025-09-11 09:39:58.001022,218,1.037,0.0011,"aoml_navis",1027.68300358997
"7901009",83,0,1,0.020559,1,-0.001869,1,122.019159952439,1,4.86526481537645,220,1,14.5909996032715,35.8520011901855,0.020558999851346,0,117.66259765625,-86.3622,27.0554,10.2319763869979,63,63,63,63,61,63,0,7819,1.11328740596807,27,-86,0.001869,51,2025-09-11 09:39:58.001022,220,1.037,0.0011,"aoml_navis",1027.69328900613
"7901009",83,0,1,0.022428,1,0,1,123.070601286292,1,4.86519154529946,222,1,14.5329999923706,35.8440017700195,0.0224280003458261,0,118.676498413086,-86.3622,27.0554,10.2319763869979,63,63,63,63,61,63,0,7819,1.11328740596807,27,-86,0.001869,51,2025-09-11 09:39:58.001022,222,1.037,0.0011,"aoml_navis",1027.70876612881
"7901009",83,0,1,0.020559,1,-0.001869,1,123.431802327831,1,4.86513770210506,224,1,14.4899997711182,35.8349990844727,0.020558999851346,0,119.024803161621,-86.3622,27.0554,10.2319763869979,63,63,63,63,61,63,0,7819,1.11328740596807,27,-86,0.001869,51,2025-09-11 09:39:58.001022,224,1.037,0.0011,"aoml_navis",1027.72013993285
"7901009",83,0,1,0.024297,1,0.001869,1,123.04011681401,1,4.86509950040609,226,1,14.4829998016357,35.8320007324219,0.0242970008403063,0,118.647102355957,-86.3622,27.0554,10.2319763869979,63,63,63,63,61,63,0,7819,1.11328740596807,27,-86,0.001869,51,2025-09-11 09:39:58.001022,226,1.037,0.0011,"aoml_navis",1027.72820978947
"7901009",83,0,1,0.024297,1,0.001869,1,122.673424927996,1,4.86502235954425,228,1,14.4139995574951,35.8219985961914,0.0242970008403063,0,118.293502807617,-86.3622,27.0554,10.2319763869979,63,63,63,63,61,63,0,7819,1.11328740596807,27,-86,0.001869,51,2025-09-11 09:39:58.001022,228,1.037,0.0011,"aoml_navis",1027.74450567343
"7901009",83,0,1,0.022428,1,0,1,122.431273939509,1,4.86494698127591,230,1,14.3430004119873,35.8110008239746,0.0224280003458261,0,118.059997558594,-86.3622,27.0554,10.2319763869979,63,63,63,63,61,63,0,7819,1.11328740596807,27,-86,0.001869,51,2025-09-11 09:39:58.001022,230,1.037,0.0011,"aoml_navis",1027.76042971154
"7901009",83,0,1,0.026166,1,0.003738,1,121.930602283546,1,4.86489492329827,232,1,14.3120002746582,35.8050003051758,0.0261659994721413,0,117.577201843262,-86.3622,27.0554,10.2319763869979,63,63,63,63,61,63,0,7819,1.11328740596807,27,-86,0.001869,51,2025-09-11 09:39:58.001022,232,1.037,0.0011,"aoml_navis",1027.77142750909
"7901009",83,0,1,0.022428,1,0,1,121.649983736215,1,4.86482905870516,234,1,14.2569999694824,35.7960014343262,0.0224280003458261,0,117.306602478027,-86.3622,27.0554,10.2319763869979,63,63,63,63,61,63,0,7819,1.11328740596807,27,-86,0.001869,51,2025-09-11 09:39:58.001022,234,1.037,0.0011,"aoml_navis",1027.78534243726
"7901009",83,0,1,0.022428,1,0,1,121.971047812304,1,4.8647423696866,236,1,14.1709995269775,35.7840003967285,0.0224280003458261,0,117.616203308105,-86.3622,27.0554,10.2319763869979,63,63,63,63,61,63,0,7819,1.11328740596807,27,-86,0.001869,51,2025-09-11 09:39:58.001022,236,1.037,0.0011,"aoml_navis",1027.80365742618
"7901009",83,0,1,0.01869,1,-0.003738,1,122.167665933419,1,4.8646803647308,238,1,14.1230001449585,35.7760009765625,0.0186899993568659,0,117.805801391602,-86.3622,27.0554,10.2319763869979,63,63,63,63,61,63,0,7819,1.11328740596807,27,-86,0.001869,51,2025-09-11 09:39:58.001022,238,1.037,0.0011,"aoml_navis",1027.81675775664
"7901009",83,0,1,0.022428,1,0,1,122.692500469825,1,4.86463461289623,240,1,14.1049995422363,35.7719993591309,0.0224280003458261,0,118.311897277832,-86.3622,27.0554,10.2319763869979,63,63,63,63,61,63,0,7819,1.11328740596807,27,-86,0.001869,51,2025-09-11 09:39:58.001022,240,1.037,0.0011,"aoml_navis",1027.82642436184
"7901009",83,0,1,0.024297,1,0.001869,1,123.220974470869,1,4.86457359790771,242,1,14.039999961853,35.7589988708496,0.0242970008403063,0,118.821502685547,-86.3622,27.0554,10.2319763869979,63,63,63,63,61,63,0,7819,1.11328740596807,27,-86,0.001869,51,2025-09-11 09:39:58.001022,242,1.037,0.0011,"aoml_navis",1027.83931610173
"7901009",83,0,1,0.024297,1,0.001869,1,123.248555283319,1,4.86448310628107,244,1,13.9280004501343,35.7410011291504,0.0242970008403063,0,118.848098754883,-86.3622,27.0554,10.2319763869979,63,63,63,63,61,63,0,7819,1.11328740596807,27,-86,0.001869,51,2025-09-11 09:39:58.001022,244,1.037,0.0011,"aoml_navis",1027.85843649944
"7901009",83,0,1,0.022428,1,0,1,122.977272753972,1,4.86439053734759,246,1,13.8170003890991,35.7239990234375,0.0224280003458261,0,118.586502075195,-86.3622,27.0554,10.2319763869979,63,63,63,63,61,63,0,7819,1.11328740596807,27,-86,0.001869,51,2025-09-11 09:39:58.001022,246,1.037,0.0011,"aoml_navis",1027.87799655707
"7901009",83,0,1,0.022428,1,0,1,122.825348840984,1,4.86431492324498,248,1,13.7440004348755,35.7130012512207,0.0224280003458261,0,118.440002441406,-86.3622,27.0554,10.2319763869979,63,63,63,63,61,63,0,7819,1.11328740596807,27,-86,0.001869,51,2025-09-11 09:39:58.001022,248,1.037,0.0011,"aoml_navis",1027.89397456703
"7901009",83,0,1,0.024297,1,0.001869,1,122.636713806432,1,4.86425302413047,250,1,13.6879997253418,35.7029991149902,0.0242970008403063,0,118.258102416992,-86.3622,27.0554,10.2319763869979,63,63,63,63,61,63,0,7819,1.11328740596807,27,-86,0.001869,51,2025-09-11 09:39:58.001022,250,1.037,0.0011,"aoml_navis",1027.90705483373
"7901009",83,0,1,0.024297,1,0.001869,1,122.278313570287,1,4.86418494345615,252,1,13.6330003738403,35.6949996948242,0.0242970008403063,0,117.912498474121,-86.3622,27.0554,10.2319763869979,63,63,63,63,61,63,0,7819,1.11328740596807,27,-86,0.001869,51,2025-09-11 09:39:58.001022,252,1.037,0.0011,"aoml_navis",1027.92144174669
"7901009",83,0,1,0.026166,1,0.003738,1,121.933300234506,1,4.86412838782683,254,1,13.5930004119873,35.6879997253418,0.0261659994721413,0,117.579803466797,-86.3622,27.0554,10.2319763869979,63,63,63,63,61,63,0,7819,1.11328740596807,27,-86,0.001869,51,2025-09-11 09:39:58.001022,254,1.037,0.0011,"aoml_navis",1027.93339347563
"7901009",83,0,1,0.026166,1,0.003738,1,121.38066335302,1,4.86406882924019,256,1,13.5389995574951,35.6780014038086,0.0261659994721413,0,117.046897888184,-86.3622,27.0554,10.2319763869979,63,63,63,63,61,63,0,7819,1.11328740596807,27,-86,0.001869,51,2025-09-11 09:39:58.001022,256,1.037,0.0011,"aoml_navis",1027.94598011086
"7901009",83,0,1,0.022428,1,0,1,121.303300993828,1,4.86396981213257,258,1,13.4160003662109,35.6599998474121,0.0224280003458261,0,116.972297668457,-86.3622,27.0554,10.2319763869979,63,63,63,63,61,63,0,7819,1.11328740596807,27,-86,0.001869,51,2025-09-11 09:39:58.001022,258,1.037,0.0011,"aoml_navis",1027.96690627646
"7901009",83,0,1,0.022428,1,0,1,121.023821757165,1,4.86390966732519,260,1,13.3610000610352,35.6500015258789,0.0224280003458261,0,116.702796936035,-86.3622,27.0554,10.2319763869979,63,63,63,63,61,63,0,7819,1.11328740596807,27,-86,0.001869,51,2025-09-11 09:39:58.001022,260,1.037,0.0011,"aoml_navis",1027.97961762922
"7901009",83,0,1,0.026166,1,0.003738,1,120.342292444344,1,4.863841424694,262,1,13.293999671936,35.6389999389648,0.0261659994721413,0,116.045600891113,-86.3622,27.0554,10.2319763869979,63,63,63,63,61,63,0,7819,1.11328740596807,27,-86,0.001869,51,2025-09-11 09:39:58.001022,262,1.037,0.0011,"aoml_navis",1027.99404080378
"7901009",83,0,1,0.028035,1,0.005607,1,119.748078635311,1,4.86375739127213,264,1,13.1960000991821,35.6240005493164,0.0280349999666214,0,115.472602844238,-86.3622,27.0554,10.2319763869979,63,63,63,63,61,63,0,7819,1.11328740596807,27,-86,0.001869,51,2025-09-11 09:39:58.001022,264,1.037,0.0011,"aoml_navis",1028.01180193987
"7901009",83,0,1,0.026166,1,0.003738,1,119.546895359638,1,4.86364961574535,266,1,13.0509996414185,35.6030006408691,0.0261659994721413,0,115.278602600098,-86.3622,27.0554,10.2319763869979,63,63,63,63,61,63,0,7819,1.11328740596807,27,-86,0.001869,51,2025-09-11 09:39:58.001022,266,1.037,0.0011,"aoml_navis",1028.03458205814
"7901009",83,0,1,0.024297,1,0.001869,1,119.411246183085,1,4.86358129591856,268,1,12.9829998016357,35.5919990539551,0.0242970008403063,0,115.147796630859,-86.3622,27.0554,10.2319763869979,63,63,63,63,61,63,0,7819,1.11328740596807,27,-86,0.001869,51,2025-09-11 09:39:58.001022,268,1.037,0.0011,"aoml_navis",1028.04902309249
"7901009",83,0,1,0.022428,1,0,1,119.235578719275,1,4.86351704783845,270,1,12.9340000152588,35.5849990844727,0.0224280003458261,0,114.978401184082,-86.3622,27.0554,10.2319763869979,63,63,63,63,61,63,0,7819,1.11328740596807,27,-86,0.001869,51,2025-09-11 09:39:58.001022,270,1.037,0.0011,"aoml_navis",1028.06260383568
"7901009",83,0,1,0.028035,1,0.005607,1,119.050258762296,1,4.86345947503514,272,1,12.8879995346069,35.5769996643066,0.0280349999666214,0,114.799697875977,-86.3622,27.0554,10.2319763869979,63,63,63,63,61,63,0,7819,1.11328740596807,27,-86,0.001869,51,2025-09-11 09:39:58.001022,272,1.037,0.0011,"aoml_navis",1028.07477386534
"7901009",83,0,1,0.024297,1,0.001869,1,118.925504244017,1,4.8633978812206,274,1,12.8339996337891,35.568000793457,0.0242970008403063,0,114.679397583008,-86.3622,27.0554,10.2319763869979,63,63,63,63,61,63,0,7819,1.11328740596807,27,-86,0.001869,51,2025-09-11 09:39:58.001022,274,1.037,0.0011,"aoml_navis",1028.08779419567
"7901009",83,0,1,0.028035,1,0.005607,1,118.77690332048,1,4.86333330504138,276,1,12.7729997634888,35.5579986572266,0.0280349999666214,0,114.536102294922,-86.3622,27.0554,10.2319763869979,63,63,63,63,61,63,0,7819,1.11328740596807,27,-86,0.001869,51,2025-09-11 09:39:58.001022,276,1.037,0.0011,"aoml_navis",1028.10144532289
"7901009",83,0,1,0.024297,1,0.001869,1,118.419128122828,1,4.863261529763,278,1,12.6929998397827,35.5449981689453,0.0242970008403063,0,114.191101074219,-86.3622,27.0554,10.2319763869979,63,63,63,63,61,63,0,7819,1.11328740596807,27,-86,0.001869,51,2025-09-11 09:39:58.001022,278,1.037,0.0011,"aoml_navis",1028.11661873419
"7901009",83,0,1,0.022428,1,0,1,118.318947902733,1,4.86317526296059,280,1,12.5900001525879,35.5299987792969,0.0224280003458261,0,114.094497680664,-86.3622,27.0554,10.2319763869979,63,63,63,63,61,63,0,7819,1.11328740596807,27,-86,0.001869,51,2025-09-11 09:39:58.001022,280,1.037,0.0011,"aoml_navis",1028.13485627004
"7901009",83,0,1,0.020559,1,-0.001869,1,118.147426263859,1,4.86311688985719,282,1,12.5310001373291,35.5190010070801,0.020558999851346,0,113.929100036621,-86.3622,27.0554,10.2319763869979,63,63,63,63,61,63,0,7819,1.11328740596807,27,-86,0.001869,51,2025-09-11 09:39:58.001022,282,1.037,0.0011,"aoml_navis",1028.14719720768
"7901009",83,0,1,0.029904,1,0.007476,1,118.136223042278,1,4.8630421463376,284,1,12.4469995498657,35.5060005187988,0.0299040004611015,0,113.918296813965,-86.3622,27.0554,10.2319763869979,63,63,63,63,61,63,0,7819,1.11328740596807,27,-86,0.001869,51,2025-09-11 09:39:58.001022,284,1.037,0.0011,"aoml_navis",1028.16299952604
"7901009",83,0,1,0.026166,1,0.003738,1,118.154895078246,1,4.86296500291201,286,1,12.3640003204346,35.4939994812012,0.0261659994721413,0,113.936302185059,-86.3622,27.0554,10.2319763869979,63,63,63,63,61,63,0,7819,1.11328740596807,27,-86,0.001869,51,2025-09-11 09:39:58.001022,286,1.037,0.0011,"aoml_navis",1028.17930974332
"7901009",83,0,1,0.028035,1,0.005607,1,117.947801628477,1,4.86292356524815,288,1,12.3570003509521,35.492000579834,0.0280349999666214,0,113.736602783203,-86.3622,27.0554,10.2319763869979,63,63,63,63,61,63,0,7819,1.11328740596807,27,-86,0.001869,51,2025-09-11 09:39:58.001022,288,1.037,0.0011,"aoml_navis",1028.18807100556
"7901009",83,0,1,0.022428,1,0,1,117.620613757541,1,4.86287983811937,290,1,12.3360004425049,35.4869995117188,0.0224280003458261,0,113.421096801758,-86.3622,27.0554,10.2319763869979,63,63,63,63,61,63,0,7819,1.11328740596807,27,-86,0.001869,51,2025-09-11 09:39:58.001022,290,1.037,0.0011,"aoml_navis",1028.19731649665
"7901009",83,0,1,0.01869,1,-0.003738,1,117.250812502825,1,4.86281737217664,292,1,12.2720003128052,35.476001739502,0.0186899993568659,0,113.064498901367,-86.3622,27.0554,10.2319763869979,63,63,63,63,61,63,0,7819,1.11328740596807,27,-86,0.001869,51,2025-09-11 09:39:58.001022,292,1.037,0.0011,"aoml_navis",1028.21052433683
"7901009",83,0,1,0.029904,1,0.007476,1,117.020695483282,1,4.86272755284348,294,1,12.1709995269775,35.4630012512207,0.0299040004611015,0,112.842597961426,-86.3622,27.0554,10.2319763869979,63,63,63,63,61,63,0,7819,1.11328740596807,27,-86,0.001869,51,2025-09-11 09:39:58.001022,294,1.037,0.0011,"aoml_navis",1028.2295163907
"7901009",83,0,1,0.020559,1,-0.001869,1,116.822835197062,1,4.86265796400432,296,1,12.0950002670288,35.451000213623,0.020558999851346,0,112.651802062988,-86.3622,27.0554,10.2319763869979,63,63,63,63,61,63,0,7819,1.11328740596807,27,-86,0.001869,51,2025-09-11 09:39:58.001022,296,1.037,0.0011,"aoml_navis",1028.24423124397
"7901009",83,0,1,0.029904,1,0.007476,1,116.649549209026,1,4.86259524954087,298,1,12.0299997329712,35.439998626709,0.0299040004611015,0,112.484703063965,-86.3622,27.0554,10.2319763869979,63,63,63,63,61,63,0,7819,1.11328740596807,27,-86,0.001869,51,2025-09-11 09:39:58.001022,298,1.037,0.0011,"aoml_navis",1028.25749284235
"7901009",83,0,1,0.026166,1,0.003738,1,116.741841285112,1,4.86250651128717,300,1,11.9289999008179,35.4269981384277,0.0261659994721413,0,112.573699951172,-86.3622,27.0554,10.2319763869979,63,63,63,63,61,63,0,7819,1.11328740596807,27,-86,0.001869,51,2025-09-11 09:39:58.001022,300,1.037,0.0011,"aoml_navis",1028.27625801501
"7901009",83,0,1,0.028035,1,0.005607,1,116.270720499632,1,4.86246225318135,302,1,11.91100025177,35.4230003356934,0.0280349999666214,0,112.119400024414,-86.3622,27.0554,10.2319763869979,63,63,63,63,61,63,0,7819,1.11328740596807,27,-86,0.001869,51,2025-09-11 09:39:58.001022,302,1.037,0.0011,"aoml_navis",1028.2856173801
"7901009",83,0,1,0.026166,1,0.003738,1,115.883283665181,1,4.86240950703268,304,1,11.8719997406006,35.4160003662109,0.0261659994721413,0,111.745796203613,-86.3622,27.0554,10.2319763869979,63,63,63,63,61,63,0,7819,1.11328740596807,27,-86,0.001869,51,2025-09-11 09:39:58.001022,304,1.037,0.0011,"aoml_navis",1028.29677195397
"7901009",83,0,1,0.029904,1,0.007476,1,115.744944449548,1,4.86233452341577,306,1,11.8009996414185,35.4070014953613,0.0299040004611015,0,111.612396240234,-86.3622,27.0554,10.2319763869979,63,63,63,63,61,63,0,7819,1.11328740596807,27,-86,0.001869,51,2025-09-11 09:39:58.001022,306,1.037,0.0011,"aoml_navis",1028.3126296476
"7901009",83,0,4,0.022428,1,0,1,115.759779223887,1,4.86226067283761,308,1,11.7270002365112,35.3969993591309,0.0224280003458261,0,111.62670135498,-86.3622,27.0554,10.2319763869979,63,63,63,63,61,63,0,7819,1.11328740596807,27,-86,0.001869,51,2025-09-11 09:39:58.001022,308,1.037,0.0011,"aoml_navis",1028.32824820188
"7901009",83,0,1,0.033642,1,0.011214,1,115.705226813718,1,4.86220086948448,310,1,11.6800003051758,35.3899993896484,0.0336420014500618,0,111.574096679688,-86.3622,27.0554,10.2319763869979,63,63,63,63,61,63,0,7819,1.11328740596807,27,-86,0.001869,51,2025-09-11 09:39:58.001022,310,1.037,0.0011,"aoml_navis",1028.34089627608
"7901009",83,0,1,0.031773,1,0.009345,1,115.514416012263,1,4.86214208203487,312,1,11.6379995346069,35.3839988708496,0.0317730009555817,0,111.390098571777,-86.3622,27.0554,10.2319763869979,63,63,63,63,61,63,0,7819,1.11328740596807,27,-86,0.001869,51,2025-09-11 09:39:58.001022,312,1.037,0.0011,"aoml_navis",1028.35332979563
"7901009",83,0,1,0.026166,1,0.003738,1,115.316452871608,1,4.86209343916546,314,1,11.6149997711182,35.3800010681152,0.0261659994721413,0,111.199203491211,-86.3622,27.0554,10.2319763869979,63,63,63,63,61,63,0,7819,1.11328740596807,27,-86,0.001869,51,2025-09-11 09:39:58.001022,314,1.037,0.0011,"aoml_navis",1028.36361796827
"7901009",83,0,1,0.026166,1,0.003738,1,115.149694184281,1,4.86203567482031,316,1,11.5780000686646,35.375,0.0261659994721413,0,111.038398742676,-86.3622,27.0554,10.2319763869979,63,63,63,63,61,63,0,7819,1.11328740596807,27,-86,0.001869,51,2025-09-11 09:39:58.001022,316,1.037,0.0011,"aoml_navis",1028.37583563901
"7901009",83,0,1,0.035511,1,0.013083,1,115.02027165701,1,4.86197613766793,318,1,11.5389995574951,35.3699989318848,0.0355109982192516,0,110.913597106934,-86.3622,27.0554,10.2319763869979,63,63,63,63,61,63,0,7819,1.11328740596807,27,-86,0.001869,51,2025-09-11 09:39:58.001022,318,1.037,0.0011,"aoml_navis",1028.38842857799
"7901009",83,0,1,0.026166,1,0.003738,1,114.918746417375,1,4.86191756217914,320,1,11.5010004043579,35.3650016784668,0.0261659994721413,0,110.815696716309,-86.3622,27.0554,10.2319763869979,63,63,63,63,61,63,0,7819,1.11328740596807,27,-86,0.001869,51,2025-09-11 09:39:58.001022,320,1.037,0.0011,"aoml_navis",1028.40081841268
"7901009",83,0,1,0.029904,1,0.007476,1,114.863062608417,1,4.8618754165673,322,1,11.4890003204346,35.3619995117188,0.0299040004611015,0,110.762001037598,-86.3622,27.0554,10.2319763869979,63,63,63,63,61,63,0,7819,1.11328740596807,27,-86,0.001869,51,2025-09-11 09:39:58.001022,322,1.037,0.0011,"aoml_navis",1028.40973319926
"7901009",83,0,1,0.022428,1,0,1,114.719533199735,1,4.86181874963528,324,1,11.4530000686646,35.3569984436035,0.0224280003458261,0,110.623596191406,-86.3622,27.0554,10.2319763869979,63,63,63,63,61,63,0,7819,1.11328740596807,27,-86,0.001869,51,2025-09-11 09:39:58.001022,324,1.037,0.0011,"aoml_navis",1028.42171982966
"7901009",83,0,1,0.029904,1,0.007476,1,114.634915646907,1,4.86174589593899,326,1,11.3870000839233,35.3489990234375,0.0299040004611015,0,110.541999816895,-86.3622,27.0554,10.2319763869979,63,63,63,63,61,63,0,7819,1.11328740596807,27,-86,0.001869,51,2025-09-11 09:39:58.001022,326,1.037,0.0011,"aoml_navis",1028.43713082094
"7901009",83,0,1,0.026166,1,0.003738,1,114.551951676925,1,4.86168856572644,328,1,11.3420000076294,35.3419990539551,0.0261659994721413,0,110.46199798584,-86.3622,27.0554,10.2319763869979,63,63,63,63,61,63,0,7819,1.11328740596807,27,-86,0.001869,51,2025-09-11 09:39:58.001022,328,1.037,0.0011,"aoml_navis",1028.44925840142
"7901009",83,0,1,0.024297,1,0.001869,1,114.353157788906,1,4.8616447614526,330,1,11.3199996948242,35.3370018005371,0.0242970008403063,0,110.270301818848,-86.3622,27.0554,10.2319763869979,63,63,63,63,61,63,0,7819,1.11328740596807,27,-86,0.001869,51,2025-09-11 09:39:58.001022,330,1.037,0.0011,"aoml_navis",1028.45852491001
"7901009",83,0,1,0.028035,1,0.005607,1,114.167323559749,1,4.86158653917538,332,1,11.2819995880127,35.3320007324219,0.0280349999666214,0,110.091102600098,-86.3622,27.0554,10.2319763869979,63,63,63,63,61,63,0,7819,1.11328740596807,27,-86,0.001869,51,2025-09-11 09:39:58.001022,332,1.037,0.0011,"aoml_navis",1028.4708417117
"7901009",83,0,1,0.028035,1,0.005607,1,114.04661201197,1,4.86152406712897,334,1,11.2270002365112,35.3240013122559,0.0280349999666214,0,109.974700927734,-86.3622,27.0554,10.2319763869979,63,63,63,63,61,63,0,7819,1.11328740596807,27,-86,0.001869,51,2025-09-11 09:39:58.001022,334,1.037,0.0011,"aoml_navis",1028.48405787134
"7901009",83,0,1,0.024297,1,0.001869,1,113.797933722775,1,4.86145544015682,336,1,11.164999961853,35.3160018920898,0.0242970008403063,0,109.734901428223,-86.3622,27.0554,10.2319763869979,63,63,63,63,61,63,0,7819,1.11328740596807,27,-86,0.001869,51,2025-09-11 09:39:58.001022,336,1.037,0.0011,"aoml_navis",1028.49857651657
"7901009",83,0,1,0.026166,1,0.003738,1,113.603902786303,1,4.86139656826761,338,1,11.1260004043579,35.3110008239746,0.0261659994721413,0,109.547798156738,-86.3622,27.0554,10.2319763869979,63,63,63,63,61,63,0,7819,1.11328740596807,27,-86,0.001869,51,2025-09-11 09:39:58.001022,338,1.037,0.0011,"aoml_navis",1028.51103171404
"7901009",83,0,1,0.028035,1,0.005607,1,113.496055954831,1,4.86134562959235,340,1,11.1040000915527,35.3079986572266,0.0280349999666214,0,109.443801879883,-86.3622,27.0554,10.2319763869979,63,63,63,63,61,63,0,7819,1.11328740596807,27,-86,0.001869,51,2025-09-11 09:39:58.001022,340,1.037,0.0011,"aoml_navis",1028.52180876908
"7901009",83,0,1,0.026166,1,0.003738,1,113.463387803767,1,4.861298272791,342,1,11.0860004425049,35.3050003051758,0.0261659994721413,0,109.412300109863,-86.3622,27.0554,10.2319763869979,63,63,63,63,61,63,0,7819,1.11328740596807,27,-86,0.001869,51,2025-09-11 09:39:58.001022,342,1.037,0.0011,"aoml_navis",1028.5318282125
"7901009",83,0,1,0.024297,1,0.001869,1,113.500826818258,1,4.86124319175534,344,1,11.0469999313354,35.298999786377,0.0242970008403063,0,109.448402404785,-86.3622,27.0554,10.2319763869979,63,63,63,63,61,63,0,7819,1.11328740596807,27,-86,0.001869,51,2025-09-11 09:39:58.001022,344,1.037,0.0011,"aoml_navis",1028.54348214465
"7901009",83,0,1,0.028035,1,0.005607,1,113.601418456094,1,4.8611891709046,346,1,11.0050001144409,35.2919998168945,0.0280349999666214,0,109.545402526855,-86.3622,27.0554,10.2319763869979,63,63,63,63,61,63,0,7819,1.11328740596807,27,-86,0.001869,51,2025-09-11 09:39:58.001022,346,1.037,0.0011,"aoml_navis",1028.55491202157
"7901009",83,0,1,0.033642,1,0.011214,1,113.715594791285,1,4.86112989093538,348,1,10.9569997787476,35.2849998474121,0.0336420014500618,0,109.655502319336,-86.3622,27.0554,10.2319763869979,63,63,63,63,61,63,0,7819,1.11328740596807,27,-86,0.001869,51,2025-09-11 09:39:58.001022,348,1.037,0.0011,"aoml_navis",1028.56745492927
"7901009",83,0,1,0.029904,1,0.007476,1,113.868349451636,1,4.86106665465704,350,1,10.8920001983643,35.2750015258789,0.0299040004611015,0,109.802803039551,-86.3622,27.0554,10.2319763869979,63,63,63,63,61,63,0,7819,1.11328740596807,27,-86,0.001869,51,2025-09-11 09:39:58.001022,350,1.037,0.0011,"aoml_navis",1028.58083528023
"7901009",83,0,1,0.024297,1,0.001869,1,114.12760592392,1,4.86100125122263,352,1,10.8159999847412,35.2630004882812,0.0242970008403063,0,110.052803039551,-86.3622,27.0554,10.2319763869979,63,63,63,63,61,63,0,7819,1.11328740596807,27,-86,0.001869,51,2025-09-11 09:39:58.001022,352,1.037,0.0011,"aoml_navis",1028.59467455237
"7901009",83,0,1,0.028035,1,0.005607,1,114.28440355477,1,4.86092094052663,354,1,10.706000328064,35.2470016479492,0.0280349999666214,0,110.204002380371,-86.3622,27.0554,10.2319763869979,63,63,63,63,61,63,0,7819,1.11328740596807,27,-86,0.001869,51,2025-09-11 09:39:58.001022,354,1.037,0.0011,"aoml_navis",1028.61166868892
"7901009",83,0,1,0.024297,1,0.001869,1,114.260343528763,1,4.86086789379788,356,1,10.6560001373291,35.2379989624023,0.0242970008403063,0,110.180801391602,-86.3622,27.0554,10.2319763869979,63,63,63,63,61,63,0,7819,1.11328740596807,27,-86,0.001869,51,2025-09-11 09:39:58.001022,356,1.037,0.0011,"aoml_navis",1028.62289394444
"7901009",83,0,1,0.028035,1,0.005607,1,114.176651665853,1,4.86080148998927,358,1,10.5989999771118,35.2309989929199,0.0280349999666214,0,110.10009765625,-86.3622,27.0554,10.2319763869979,63,63,63,63,61,63,0,7819,1.11328740596807,27,-86,0.001869,51,2025-09-11 09:39:58.001022,358,1.037,0.0011,"aoml_navis",1028.63694604633
"7901009",83,0,1,0.028035,1,0.005607,1,114.118784178113,1,4.86074044732051,360,1,10.5480003356934,35.2239990234375,0.0280349999666214,0,110.044296264648,-86.3622,27.0554,10.2319763869979,63,63,63,63,61,63,0,7819,1.11328740596807,27,-86,0.001869,51,2025-09-11 09:39:58.001022,360,1.037,0.0011,"aoml_navis",1028.64986398446
"7901009",83,0,1,0.024297,1,0.001869,1,114.079177308598,1,4.86068083743102,362,1,10.5069999694824,35.2190017700195,0.0242970008403063,0,110.006103515625,-86.3622,27.0554,10.2319763869979,63,63,63,63,61,63,0,7819,1.11328740596807,27,-86,0.001869,51,2025-09-11 09:39:58.001022,362,1.037,0.0011,"aoml_navis",1028.66247902889
"7901009",83,0,1,0.022428,1,0,1,114.094004171057,1,4.86062957169392,364,1,10.4840002059937,35.2159996032715,0.0224280003458261,0,110.020401000977,-86.3622,27.0554,10.2319763869979,63,63,63,63,61,63,0,7819,1.11328740596807,27,-86,0.001869,51,2025-09-11 09:39:58.001022,364,1.037,0.0011,"aoml_navis",1028.67332847533
"7901009",83,0,1,0.029904,1,0.007476,1,113.999219852882,1,4.86058136672442,366,1,10.4729995727539,35.2150001525879,0.0299040004611015,0,109.929000854492,-86.3622,27.0554,10.2319763869979,63,63,63,63,61,63,0,7819,1.11328740596807,27,-86,0.001869,51,2025-09-11 09:39:58.001022,366,1.037,0.0011,"aoml_navis",1028.68353037561
"7901009",83,0,1,0.026166,1,0.003738,1,113.885668556184,1,4.86053510667297,368,1,10.460000038147,35.2130012512207,0.0261659994721413,0,109.81950378418,-86.3622,27.0554,10.2319763869979,63,63,63,63,61,63,0,7819,1.11328740596807,27,-86,0.001869,51,2025-09-11 09:39:58.001022,368,1.037,0.0011,"aoml_navis",1028.69332085176
"7901009",83,0,1,0.028035,1,0.005607,1,113.843039348644,1,4.86048149551504,370,1,10.4300003051758,35.2089996337891,0.0280349999666214,0,109.778396606445,-86.3622,27.0554,10.2319763869979,63,63,63,63,61,63,0,7819,1.11328740596807,27,-86,0.001869,51,2025-09-11 09:39:58.001022,370,1.037,0.0011,"aoml_navis",1028.70466734905
"7901009",83,0,1,0.024297,1,0.001869,1,113.737573992945,1,4.86043028174643,372,1,10.4069995880127,35.2060012817383,0.0242970008403063,0,109.676696777344,-86.3622,27.0554,10.2319763869979,63,63,63,63,61,63,0,7819,1.11328740596807,27,-86,0.001869,51,2025-09-11 09:39:58.001022,372,1.037,0.0011,"aoml_navis",1028.71550668626
"7901009",83,0,1,0.022428,1,0,1,113.502899730725,1,4.86038428472106,374,1,10.3900003433228,35.2029991149902,0.0224280003458261,0,109.450401306152,-86.3622,27.0554,10.2319763869979,63,63,63,63,61,63,0,7819,1.11328740596807,27,-86,0.001869,51,2025-09-11 09:39:58.001022,374,1.037,0.0011,"aoml_navis",1028.72524210026
"7901009",83,0,1,0.026166,1,0.003738,1,113.193347439524,1,4.86032879350969,376,1,10.3620004653931,35.2000007629395,0.0261659994721413,0,109.151901245117,-86.3622,27.0554,10.2319763869979,63,63,63,63,61,63,0,7819,1.11328740596807,27,-86,0.001869,51,2025-09-11 09:39:58.001022,376,1.037,0.0011,"aoml_navis",1028.73698723363
"7901009",83,0,1,0.029904,1,0.007476,1,112.913765348426,1,4.86026990167723,378,1,10.3299999237061,35.1969985961914,0.0299040004611015,0,108.882301330566,-86.3622,27.0554,10.2319763869979,63,63,63,63,61,63,0,7819,1.11328740596807,27,-86,0.001869,51,2025-09-11 09:39:58.001022,378,1.037,0.0011,"aoml_navis",1028.74945242744
"7901009",83,0,1,0.026166,1,0.003738,1,112.325873131231,1,4.86022175685941,380,1,10.3190002441406,35.1959991455078,0.0261659994721413,0,108.315399169922,-86.3622,27.0554,10.2319763869979,63,63,63,63,61,63,0,7819,1.11328740596807,27,-86,0.001869,51,2025-09-11 09:39:58.001022,380,1.037,0.0011,"aoml_navis",1028.75964310544
"7901009",83,0,1,0.026166,1,0.003738,1,111.637183567328,1,4.86016009059442,382,1,10.2880001068115,35.1940002441406,0.0261659994721413,0,107.651298522949,-86.3622,27.0554,10.2319763869979,63,63,63,63,61,63,0,7819,1.11328740596807,27,-86,0.001869,51,2025-09-11 09:39:58.001022,382,1.037,0.0011,"aoml_navis",1028.77269612501
"7901009",83,0,1,0.028035,1,0.005607,1,110.960425117935,1,4.86010828881731,384,1,10.2770004272461,35.1940002441406,0.0280349999666214,0,106.99870300293,-86.3622,27.0554,10.2319763869979,63,63,63,63,61,63,0,7819,1.11328740596807,27,-86,0.001869,51,2025-09-11 09:39:58.001022,384,1.037,0.0011,"aoml_navis",1028.78366136503
"7901009",83,0,1,0.024297,1,0.001869,1,110.005635305854,1,4.8600673375275,386,1,10.3000001907349,35.1990013122559,0.0242970008403063,0,106.078002929688,-86.3622,27.0554,10.2319763869979,63,63,63,63,61,63,0,7819,1.11328740596807,27,-86,0.001869,51,2025-09-11 09:39:58.001022,386,1.037,0.0011,"aoml_navis",1028.79232997288
"7901009",83,0,1,0.026166,1,0.003738,1,109.904727192832,1,4.86000725908909,387.899993896484,1,10.293999671936,35.2029991149902,0.0261659994721413,0,105.980697631836,-86.3622,27.0554,10.2319763869979,63,63,63,63,61,63,0,7819,1.11328740596807,27,-86,0.001869,51,2025-09-11 09:39:58.001022,387.899993896484,1.037,0.0011,"aoml_navis",1028.80504769804
"7901009",83,0,1,0.031773,1,0.009345,1,109.997130035233,1,4.85994347395408,390,1,10.2329998016357,35.1940002441406,0.0317730009555817,0,106.069801330566,-86.3622,27.0554,10.2319763869979,63,63,63,63,61,63,0,7819,1.11328740596807,27,-86,0.001869,51,2025-09-11 09:39:58.001022,390,1.037,0.0011,"aoml_navis",1028.8185504207
"7901009",83,0,1,0.026166,1,0.003738,1,110.164608703607,1,4.85989012387689,392,1,10.2030000686646,35.189998626709,0.0261659994721413,0,106.231300354004,-86.3622,27.0554,10.2319763869979,63,63,63,63,61,63,0,7819,1.11328740596807,27,-86,0.001869,51,2025-09-11 09:39:58.001022,392,1.037,0.0011,"aoml_navis",1028.82984441042
"7901009",83,0,1,0.028035,1,0.005607,1,110.628885713193,1,4.85982929124469,394,1,10.1470003128052,35.181999206543,0.0280349999666214,0,106.679000854492,-86.3622,27.0554,10.2319763869979,63,63,63,63,61,63,0,7819,1.11328740596807,27,-86,0.001869,51,2025-09-11 09:39:58.001022,394,1.037,0.0011,"aoml_navis",1028.84272272852
"7901009",83,0,1,0.029904,1,0.007476,1,111.431443048979,1,4.85976316653676,396,1,10.0629997253418,35.1689987182617,0.0299040004611015,0,107.452903747559,-86.3622,27.0554,10.2319763869979,63,63,63,63,61,63,0,7819,1.11328740596807,27,-86,0.001869,51,2025-09-11 09:39:58.001022,396,1.037,0.0011,"aoml_navis",1028.85672174909
"7901009",83,0,1,0.028035,1,0.005607,1,112.090882393825,1,4.85967335217742,398,1,9.9069995880127,35.1459999084473,0.0280349999666214,0,108.088798522949,-86.3622,27.0554,10.2319763869979,63,63,63,63,61,63,0,7819,1.11328740596807,27,-86,0.001869,51,2025-09-11 09:39:58.001022,398,1.037,0.0011,"aoml_navis",1028.87573662944
"7901009",83,0,1,0.028035,1,0.005607,1,111.966855768474,1,4.85961087673808,400,1,9.83500003814697,35.1349983215332,0.0280349999666214,0,107.969200134277,-86.3622,27.0554,10.2319763869979,63,63,63,63,61,63,0,7819,1.11328740596807,27,-86,0.001869,51,2025-09-11 09:39:58.001022,400,1.037,0.0011,"aoml_navis",1028.8889639156
"7901009",83,0,1,0.026166,1,0.003738,1,111.790246790986,1,4.85956259472216,402,1,9.82800006866455,35.1349983215332,0.0261659994721413,0,107.798896789551,-86.3622,27.0554,10.2319763869979,63,63,63,63,61,63,0,7819,1.11328740596807,27,-86,0.001869,51,2025-09-11 09:39:58.001022,402,1.037,0.0011,"aoml_navis",1028.89918640627
"7901009",83,0,1,0.028035,1,0.005607,1,111.634177053062,1,4.85951644373246,404,1,9.80599975585938,35.1310005187988,0.0280349999666214,0,107.648399353027,-86.3622,27.0554,10.2319763869979,63,63,63,63,61,63,0,7819,1.11328740596807,27,-86,0.001869,51,2025-09-11 09:39:58.001022,404,1.037,0.0011,"aoml_navis",1028.90895789616
"7901009",83,0,1,0.028035,1,0.005607,1,111.32306612157,1,4.85945342249616,406,1,9.75500011444092,35.125,0.0280349999666214,0,107.34839630127,-86.3622,27.0554,10.2319763869979,63,63,63,63,61,63,0,7819,1.11328740596807,27,-86,0.001869,51,2025-09-11 09:39:58.001022,406,1.037,0.0011,"aoml_navis",1028.92230160149
"7901009",83,0,1,0.031773,1,0.009345,1,110.569878914783,1,4.8593968409461,408,1,9.71599960327148,35.1199989318848,0.0317730009555817,0,106.622100830078,-86.3622,27.0554,10.2319763869979,63,63,63,63,61,63,0,7819,1.11328740596807,27,-86,0.001869,51,2025-09-11 09:39:58.001022,408,1.037,0.0011,"aoml_navis",1028.93428210455
"7901009",83,0,1,0.028035,1,0.005607,1,109.529324327325,1,4.85931916512026,410,1,9.6560001373291,35.1160011291504,0.0280349999666214,0,105.618698120117,-86.3622,27.0554,10.2319763869979,63,63,63,63,61,63,0,7819,1.11328740596807,27,-86,0.001869,51,2025-09-11 09:39:58.001022,410,1.037,0.0011,"aoml_navis",1028.95072953626
"7901009",83,0,1,0.026166,1,0.003738,1,108.352511348581,1,4.85925003833119,412,1,9.64599990844727,35.1209983825684,0.0261659994721413,0,104.483901977539,-86.3622,27.0554,10.2319763869979,63,63,63,63,61,63,0,7819,1.11328740596807,27,-86,0.001869,51,2025-09-11 09:39:58.001022,412,1.037,0.0011,"aoml_navis",1028.96536719834
"7901009",83,0,1,0.026166,1,0.003738,1,108.191559980915,1,4.8591719136437,414,1,9.60299968719482,35.1209983825684,0.0261659994721413,0,104.32869720459,-86.3622,27.0554,10.2319763869979,63,63,63,63,61,63,0,7819,1.11328740596807,27,-86,0.001869,51,2025-09-11 09:39:58.001022,414,1.037,0.0011,"aoml_navis",1028.98191067512
"7901009",83,0,1,0.028035,1,0.005607,1,108.368999705766,1,4.85909062781176,416,1,9.51599979400635,35.1119995117188,0.0280349999666214,0,104.499801635742,-86.3622,27.0554,10.2319763869979,63,63,63,63,61,63,0,7819,1.11328740596807,27,-86,0.001869,51,2025-09-11 09:39:58.001022,416,1.037,0.0011,"aoml_navis",1028.99912411218
"7901009",83,0,1,0.029904,1,0.007476,1,108.442730512199,1,4.85904557591666,418,1,9.49499988555908,35.1080017089844,0.0299040004611015,0,104.570899963379,-86.3622,27.0554,10.2319763869979,63,63,63,63,61,63,0,7819,1.11328740596807,27,-86,0.001869,51,2025-09-11 09:39:58.001022,418,1.037,0.0011,"aoml_navis",1029.00866474313
"7901009",83,0,1,0.028035,1,0.005607,1,108.609900617268,1,4.85899435615363,420,1,9.46199989318848,35.1030006408691,0.0280349999666214,0,104.73210144043,-86.3622,27.0554,10.2319763869979,63,63,63,63,61,63,0,7819,1.11328740596807,27,-86,0.001869,51,2025-09-11 09:39:58.001022,420,1.037,0.0011,"aoml_navis",1029.01951175716
"7901009",83,0,1,0.029904,1,0.007476,1,108.989552162145,1,4.8589193463258,422,1,9.38199996948242,35.0940017700195,0.0299040004611015,0,105.098197937012,-86.3622,27.0554,10.2319763869979,63,63,63,63,61,63,0,7819,1.11328740596807,27,-86,0.001869,51,2025-09-11 09:39:58.001022,422,1.037,0.0011,"aoml_navis",1029.03539730102
"7901009",83,0,1,0.029904,1,0.007476,1,109.441383785045,1,4.8588499524293,424,1,9.30399990081787,35.0839996337891,0.0299040004611015,0,105.533897399902,-86.3622,27.0554,10.2319763869979,63,63,63,63,61,63,0,7819,1.11328740596807,27,-86,0.001869,51,2025-09-11 09:39:58.001022,424,1.037,0.0011,"aoml_navis",1029.05009394252
"7901009",83,0,1,0.028035,1,0.005607,1,109.904624338396,1,4.85879167891393,426,1,9.26200008392334,35.0789985656738,0.0280349999666214,0,105.980598449707,-86.3622,27.0554,10.2319763869979,63,63,63,63,61,63,0,7819,1.11328740596807,27,-86,0.001869,51,2025-09-11 09:39:58.001022,426,1.037,0.0011,"aoml_navis",1029.06243576955
"7901009",83,0,1,0.028035,1,0.005607,1,110.162741500011,1,4.85875090631991,428,1,9.24600028991699,35.0750007629395,0.0280349999666214,0,106.229499816895,-86.3622,27.0554,10.2319763869979,63,63,63,63,61,63,0,7819,1.11328740596807,27,-86,0.001869,51,2025-09-11 09:39:58.001022,428,1.037,0.0011,"aoml_navis",1029.07107122869
"7901009",83,0,1,0.026166,1,0.003738,1,110.617785346047,1,4.85871253373752,430,1,9.24199962615967,35.0730018615723,0.0261659994721413,0,106.668296813965,-86.3622,27.0554,10.2319763869979,63,63,63,63,61,63,0,7819,1.11328740596807,27,-86,0.001869,51,2025-09-11 09:39:58.001022,430,1.037,0.0011,"aoml_navis",1029.07919850813
"7901009",83,0,1,0.029904,1,0.007476,1,111.379066405714,1,4.85865907101546,432,1,9.17399978637695,35.0610008239746,0.0299040004611015,0,107.402397155762,-86.3622,27.0554,10.2319763869979,63,63,63,63,61,63,0,7819,1.11328740596807,27,-86,0.001869,51,2025-09-11 09:39:58.001022,432,1.037,0.0011,"aoml_navis",1029.09052208
"7901009",83,0,1,0.028035,1,0.005607,1,111.507041059009,1,4.85857050716019,434,1,9.05300045013428,35.0470008850098,0.0280349999666214,0,107.525802612305,-86.3622,27.0554,10.2319763869979,63,63,63,63,61,63,0,7819,1.11328740596807,27,-86,0.001869,51,2025-09-11 09:39:58.001022,434,1.037,0.0011,"aoml_navis",1029.10928073008
"7901009",83,0,1,0.029904,1,0.007476,1,111.638536498748,1,4.85848977302938,436,1,8.98700046539307,35.0429992675781,0.0299040004611015,0,107.652603149414,-86.3622,27.0554,10.2319763869979,63,63,63,63,61,63,0,7819,1.11328740596807,27,-86,0.001869,51,2025-09-11 09:39:58.001022,436,1.037,0.0011,"aoml_navis",1029.12638156741
"7901009",83,0,1,0.026166,1,0.003738,1,112.137135242243,1,4.85843926996593,438,1,8.95400047302246,35.0379981994629,0.0261659994721413,0,108.133399963379,-86.3622,27.0554,10.2319763869979,63,63,63,63,61,63,0,7819,1.11328740596807,27,-86,0.001869,51,2025-09-11 09:39:58.001022,438,1.037,0.0011,"aoml_navis",1029.13707924872
"7901009",83,0,1,0.028035,1,0.005607,1,112.682714727085,1,4.85837833156867,440,1,8.89400005340576,35.0299987792969,0.0280349999666214,0,108.65950012207,-86.3622,27.0554,10.2319763869979,63,63,63,63,61,63,0,7819,1.11328740596807,27,-86,0.001869,51,2025-09-11 09:39:58.001022,440,1.037,0.0011,"aoml_navis",1029.14998766381
"7901009",83,0,1,0.028035,1,0.005607,1,112.650046576021,1,4.85833033120475,442,1,8.86400032043457,35.0250015258789,0.0280349999666214,0,108.627998352051,-86.3622,27.0554,10.2319763869979,63,63,63,63,61,63,0,7819,1.11328740596807,27,-86,0.001869,51,2025-09-11 09:39:58.001022,442,1.037,0.0011,"aoml_navis",1029.16015567845
"7901009",83,0,1,0.029904,1,0.007476,1,112.183696653968,1,4.85828693164562,444,1,8.84899997711182,35.0219993591309,0.0299040004611015,0,108.178298950195,-86.3622,27.0554,10.2319763869979,63,63,63,63,61,63,0,7819,1.11328740596807,27,-86,0.001869,51,2025-09-11 09:39:58.001022,444,1.037,0.0011,"aoml_navis",1029.16934926822
"7901009",83,0,1,0.026166,1,0.003738,1,111.38632951123,1,4.85823651479251,446,1,8.85299968719482,35.0250015258789,0.0261659994721413,0,107.409400939941,-86.3622,27.0554,10.2319763869979,63,63,63,63,61,63,0,7819,1.11328740596807,27,-86,0.001869,51,2025-09-11 09:39:58.001022,446,1.037,0.0011,"aoml_navis",1029.18002957984
"7901009",83,0,1,0.026166,1,0.003738,1,111.198422369606,1,4.85816703893453,448,1,8.83300018310547,35.0279998779297,0.0261659994721413,0,107.228202819824,-86.3622,27.0554,10.2319763869979,63,63,63,63,61,63,0,7819,1.11328740596807,27,-86,0.001869,51,2025-09-11 09:39:58.001022,448,1.037,0.0011,"aoml_navis",1029.19474771633
"7901009",83,0,1,0.026166,1,0.003738,1,111.265823672322,1,4.85811305795872,450,1,8.80000019073486,35.023998260498,0.0261659994721413,0,107.293197631836,-86.3622,27.0554,10.2319763869979,63,63,63,63,61,63,0,7819,1.11328740596807,27,-86,0.001869,51,2025-09-11 09:39:58.001022,450,1.037,0.0011,"aoml_navis",1029.2061836249
"7901009",83,0,1,0.026166,1,0.003738,1,111.269352370644,1,4.85805756058121,452,1,8.7790002822876,35.0229988098145,0.0261659994721413,0,107.296600341797,-86.3622,27.0554,10.2319763869979,63,63,63,63,61,63,0,7819,1.11328740596807,27,-86,0.001869,51,2025-09-11 09:39:58.001022,452,1.037,0.0011,"aoml_navis",1029.21794104922
"7901009",83,0,1,0.026166,1,0.003738,1,111.307202802877,1,4.85801395345851,454,1,8.77299976348877,35.0219993591309,0.0261659994721413,0,107.333099365234,-86.3622,27.0554,10.2319763869979,63,63,63,63,61,63,0,7819,1.11328740596807,27,-86,0.001869,51,2025-09-11 09:39:58.001022,454,1.037,0.0011,"aoml_navis",1029.2271796462
"7901009",83,0,1,0.024297,1,0.001869,1,111.463897579293,1,4.85797086440793,456,1,8.76299953460693,35.0200004577637,0.0242970008403063,0,107.484199523926,-86.3622,27.0554,10.2319763869979,63,63,63,63,61,63,0,7819,1.11328740596807,27,-86,0.001869,51,2025-09-11 09:39:58.001022,456,1.037,0.0011,"aoml_navis",1029.23630864743
"7901009",83,0,1,0.026166,1,0.003738,1,111.734040797971,1,4.85791565982326,458,1,8.73299980163574,35.0169982910156,0.0261659994721413,0,107.744697570801,-86.3622,27.0554,10.2319763869979,63,63,63,63,61,63,0,7819,1.11328740596807,27,-86,0.001869,51,2025-09-11 09:39:58.001022,458,1.037,0.0011,"aoml_navis",1029.24800472594
"7901009",83,0,1,0.026166,1,0.003738,1,111.963224215715,1,4.85786416074029,460,1,8.70300006866455,35.0130004882812,0.0261659994721413,0,107.965698242188,-86.3622,27.0554,10.2319763869979,63,63,63,63,61,63,0,7819,1.11328740596807,27,-86,0.001869,51,2025-09-11 09:39:58.001022,460,1.037,0.0011,"aoml_navis",1029.25891596731
"7901009",83,0,1,0.028035,1,0.005607,1,111.961151303248,1,4.8578200620633,462,1,8.6870002746582,35.0099983215332,0.0280349999666214,0,107.96369934082,-86.3622,27.0554,10.2319763869979,63,63,63,63,61,63,0,7819,1.11328740596807,27,-86,0.001869,51,2025-09-11 09:39:58.001022,462,1.037,0.0011,"aoml_navis",1029.26825944976
"7901009",83,0,1,0.033642,1,0.011214,1,111.925168074612,1,4.8577741081238,464,1,8.67800045013428,35.0089988708496,0.0336420014500618,0,107.929000854492,-86.3622,27.0554,10.2319763869979,63,63,63,63,61,63,0,7819,1.11328740596807,27,-86,0.001869,51,2025-09-11 09:39:58.001022,464,1.037,0.0011,"aoml_navis",1029.27799619961
"7901009",83,0,1,0.028035,1,0.005607,1,111.9397892282,1,4.85772788401201,466,1,8.67800045013428,35.0099983215332,0.0280349999666214,0,107.943099975586,-86.3622,27.0554,10.2319763869979,63,63,63,63,61,63,0,7819,1.11328740596807,27,-86,0.001869,51,2025-09-11 09:39:58.001022,466,1.037,0.0011,"aoml_navis",1029.28779037958
"7901009",83,0,1,0.031773,1,0.009345,1,112.064543746479,1,4.85768246478319,468,1,8.66499996185303,35.007999420166,0.0317730009555817,0,108.063400268555,-86.3622,27.0554,10.2319763869979,63,63,63,63,61,63,0,7819,1.11328740596807,27,-86,0.001869,51,2025-09-11 09:39:58.001022,468,1.037,0.0011,"aoml_navis",1029.29741419876
"7901009",83,0,1,0.028035,1,0.005607,1,112.199876447847,1,4.85763390277618,470,1,8.64799976348877,35.0060005187988,0.0280349999666214,0,108.193901062012,-86.3622,27.0554,10.2319763869979,63,63,63,63,61,63,0,7819,1.11328740596807,27,-86,0.001869,51,2025-09-11 09:39:58.001022,470,1.037,0.0011,"aoml_navis",1029.30770413605
"7901009",83,0,1,0.028035,1,0.005607,1,112.216159096161,1,4.85759140850901,472,1,8.63399982452393,35.0029983520508,0.0280349999666214,0,108.209602355957,-86.3622,27.0554,10.2319763869979,63,63,63,63,61,63,0,7819,1.11328740596807,27,-86,0.001869,51,2025-09-11 09:39:58.001022,472,1.037,0.0011,"aoml_navis",1029.31670853204
"7901009",83,0,1,0.028035,1,0.005607,1,112.32971039286,1,4.8575308393901,474,1,8.59700012207031,35,0.0280349999666214,0,108.31909942627,-86.3622,27.0554,10.2319763869979,63,63,63,63,61,63,0,7819,1.11328740596807,27,-86,0.001869,51,2025-09-11 09:39:58.001022,474,1.037,0.0011,"aoml_navis",1029.3295432022
"7901009",83,0,1,0.033642,1,0.011214,1,112.452700561977,1,4.85747715850453,476,1,8.56400012969971,34.9959983825684,0.0336420014500618,0,108.437698364258,-86.3622,27.0554,10.2319763869979,63,63,63,63,61,63,0,7819,1.11328740596807,27,-86,0.001869,51,2025-09-11 09:39:58.001022,476,1.037,0.0011,"aoml_navis",1029.34091851486
"7901009",83,0,1,0.031773,1,0.009345,1,112.594465621498,1,4.8574200526385,478,1,8.53600025177002,34.9939994812012,0.0317730009555817,0,108.574401855469,-86.3622,27.0554,10.2319763869979,63,63,63,63,61,63,0,7819,1.11328740596807,27,-86,0.001869,51,2025-09-11 09:39:58.001022,478,1.037,0.0011,"aoml_navis",1029.35301987813
"7901009",83,0,1,0.026166,1,0.003738,1,112.834116456016,1,4.85735218993868,480,1,8.47999954223633,34.9889984130859,0.0261659994721413,0,108.80549621582,-86.3622,27.0554,10.2319763869979,63,63,63,63,61,63,0,7819,1.11328740596807,27,-86,0.001869,51,2025-09-11 09:39:58.001022,480,1.037,0.0011,"aoml_navis",1029.36740110318
"7901009",83,0,1,0.031773,1,0.009345,1,112.82416331142,1,4.8572988645842,482,1,8.45199966430664,34.9860000610352,0.0317730009555817,0,108.7958984375,-86.3622,27.0554,10.2319763869979,63,63,63,63,61,63,0,7819,1.11328740596807,27,-86,0.001869,51,2025-09-11 09:39:58.001022,482,1.037,0.0011,"aoml_navis",1029.37870190699
"7901009",83,0,1,0.026166,1,0.003738,1,112.770655269365,1,4.85725630345759,484,1,8.45199966430664,34.9860000610352,0.0261659994721413,0,108.744300842285,-86.3622,27.0554,10.2319763869979,63,63,63,63,61,63,0,7819,1.11328740596807,27,-86,0.001869,51,2025-09-11 09:39:58.001022,484,1.037,0.0011,"aoml_navis",1029.38772171458
"7901009",83,0,1,0.026166,1,0.003738,1,112.649215828658,1,4.85721665210786,485.899993896484,1,8.45300006866455,34.9860000610352,0.0261659994721413,0,108.627197265625,-86.3622,27.0554,10.2319763869979,63,63,63,63,61,63,0,7819,1.11328740596807,27,-86,0.001869,51,2025-09-11 09:39:58.001022,485.899993896484,1.037,0.0011,"aoml_navis",1029.39612500714
"7901009",83,0,1,0.031773,1,0.009345,1,112.561386052693,1,4.85717118879133,488,1,8.45199966430664,34.9860000610352,0.0317730009555817,0,108.542503356934,-86.3622,27.0554,10.2319763869979,63,63,63,63,61,63,0,7819,1.11328740596807,27,-86,0.001869,51,2025-09-11 09:39:58.001022,488,1.037,0.0011,"aoml_navis",1029.40576019603
"7901009",83,0,1,0.029904,1,0.007476,1,112.352631108198,1,4.85712863525124,490,1,8.45199966430664,34.9860000610352,0.0299040004611015,0,108.341201782227,-86.3622,27.0554,10.2319763869979,63,63,63,63,61,63,0,7819,1.11328740596807,27,-86,0.001869,51,2025-09-11 09:39:58.001022,490,1.037,0.0011,"aoml_navis",1029.41477886994
"7901009",83,0,1,0.029904,1,0.007476,1,112.302643852586,1,4.85707949703544,492,1,8.45300006866455,34.9879989624023,0.0299040004611015,0,108.292999267578,-86.3622,27.0554,10.2319763869979,63,63,63,63,61,63,0,7819,1.11328740596807,27,-86,0.001869,51,2025-09-11 09:39:58.001022,492,1.037,0.0011,"aoml_navis",1029.42519327752
"7901009",83,0,1,0.028035,1,0.005607,1,112.425634021704,1,4.8570263962321,494,1,8.43000030517578,34.9860000610352,0.0280349999666214,0,108.411598205566,-86.3622,27.0554,10.2319763869979,63,63,63,63,61,63,0,7819,1.11328740596807,27,-86,0.001869,51,2025-09-11 09:39:58.001022,494,1.037,0.0011,"aoml_navis",1029.43644775717
"7901009",83,0,1,0.028035,1,0.005607,1,112.672342252867,1,4.85696534080921,496,1,8.39200019836426,34.9830017089844,0.0280349999666214,0,108.64949798584,-86.3622,27.0554,10.2319763869979,63,63,63,63,61,63,0,7819,1.11328740596807,27,-86,0.001869,51,2025-09-11 09:39:58.001022,496,1.037,0.0011,"aoml_navis",1029.44938848729
"7901009",83,0,1,0.029904,1,0.007476,1,112.922682036788,1,4.85691269552355,498,1,8.35999965667725,34.9790000915527,0.0299040004611015,0,108.890899658203,-86.3622,27.0554,10.2319763869979,63,63,63,63,61,63,0,7819,1.11328740596807,27,-86,0.001869,51,2025-09-11 09:39:58.001022,498,1.037,0.0011,"aoml_navis",1029.46054694546
"7901009",83,0,1,0.029904,1,0.007476,1,113.128430467017,1,4.85684057872877,500,1,8.29800033569336,34.9739990234375,0.0299040004611015,0,109.089302062988,-86.3622,27.0554,10.2319763869979,63,63,63,63,61,63,0,7819,1.11328740596807,27,-86,0.001869,51,2025-09-11 09:39:58.001022,500,1.037,0.0011,"aoml_navis",1029.47583288985
"7901009",83,0,4,0.020559,1,-0.001869,1,113.236483007361,1,4.85679551519196,502,1,8.28999996185303,34.9729995727539,0.020558999851346,0,109.193496704102,-86.3622,27.0554,10.2319763869979,63,63,63,63,61,63,0,7819,1.11328740596807,27,-86,0.001869,51,2025-09-11 09:39:58.001022,502,1.037,0.0011,"aoml_navis",1029.48538483041
"7901009",83,0,1,0.028035,1,0.005607,1,113.367772738229,1,4.85675259469478,504,1,8.27999973297119,34.9710006713867,0.0280349999666214,0,109.320098876953,-86.3622,27.0554,10.2319763869979,63,63,63,63,61,63,0,7819,1.11328740596807,27,-86,0.001869,51,2025-09-11 09:39:58.001022,504,1.037,0.0011,"aoml_navis",1029.49448268411
"7901009",83,0,1,0.033642,1,0.011214,1,113.581401400586,1,4.85670582067578,506,1,8.26500034332275,34.9690017700195,0.0336420014500618,0,109.526100158691,-86.3622,27.0554,10.2319763869979,63,63,63,63,61,63,0,7819,1.11328740596807,27,-86,0.001869,51,2025-09-11 09:39:58.001022,506,1.037,0.0011,"aoml_navis",1029.50439755157
"7901009",83,0,1,0.024297,1,0.001869,1,113.862225656789,1,4.85665427619858,508,1,8.23900032043457,34.9659996032715,0.0242970008403063,0,109.796897888184,-86.3622,27.0554,10.2319763869979,63,63,63,63,61,63,0,7819,1.11328740596807,27,-86,0.001869,51,2025-09-11 09:39:58.001022,508,1.037,0.0011,"aoml_navis",1029.51532385246
"7901009",83,0,1,0.033642,1,0.011214,1,114.134133224629,1,4.85659428552983,510,1,8.20199966430664,34.9630012512207,0.0336420014500618,0,110.059097290039,-86.3622,27.0554,10.2319763869979,63,63,63,63,61,63,0,7819,1.11328740596807,27,-86,0.001869,51,2025-09-11 09:39:58.001022,510,1.037,0.0011,"aoml_navis",1029.52804085312
"7901009",83,0,1,0.028035,1,0.005607,1,114.46837058033,1,4.85653053231034,512,1,8.15999984741211,34.9599990844727,0.0280349999666214,0,110.381401062012,-86.3622,27.0554,10.2319763869979,63,63,63,63,61,63,0,7819,1.11328740596807,27,-86,0.001869,51,2025-09-11 09:39:58.001022,512,1.037,0.0011,"aoml_navis",1029.54155579485
"7901009",83,0,1,0.033642,1,0.011214,1,114.689982329252,1,4.85648214739589,514,1,8.13799953460693,34.9570007324219,0.0336420014500618,0,110.595100402832,-86.3622,27.0554,10.2319763869979,63,63,63,63,61,63,0,7819,1.11328740596807,27,-86,0.001869,51,2025-09-11 09:39:58.001022,514,1.037,0.0011,"aoml_navis",1029.55181307133
"7901009",83,0,1,0.029904,1,0.007476,1,114.923833755988,1,4.85643226632965,516,1,8.11400032043457,34.9539985656738,0.0299040004611015,0,110.820602416992,-86.3622,27.0554,10.2319763869979,63,63,63,63,61,63,0,7819,1.11328740596807,27,-86,0.001869,51,2025-09-11 09:39:58.001022,516,1.037,0.0011,"aoml_navis",1029.56238773589
"7901009",83,0,1,0.035511,1,0.013083,1,115.1990564014,1,4.85637857445815,518,1,8.08500003814697,34.951000213623,0.0355109982192516,0,111.085998535156,-86.3622,27.0554,10.2319763869979,63,63,63,63,61,63,0,7819,1.11328740596807,27,-86,0.001869,51,2025-09-11 09:39:58.001022,518,1.037,0.0011,"aoml_navis",1029.57377052465
"7901009",83,0,1,0.029904,1,0.007476,1,115.508197274861,1,4.85631566384497,520,1,8.03899955749512,34.9469985961914,0.0299040004611015,0,111.384101867676,-86.3622,27.0554,10.2319763869979,63,63,63,63,61,63,0,7819,1.11328740596807,27,-86,0.001869,51,2025-09-11 09:39:58.001022,520,1.037,0.0011,"aoml_navis",1029.5871080261
"7901009",83,0,1,0.029904,1,0.007476,1,115.726074616589,1,4.85624838635658,522,1,7.99200010299683,34.9440002441406,0.0299040004611015,0,111.594200134277,-86.3622,27.0554,10.2319763869979,63,63,63,63,61,63,0,7819,1.11328740596807,27,-86,0.001869,51,2025-09-11 09:39:58.001022,522,1.037,0.0011,"aoml_navis",1029.60137171881
"7901009",83,0,1,0.029904,1,0.007476,1,115.847822620602,1,4.85619787395819,524,1,7.96700000762939,34.9410018920898,0.0299040004611015,0,111.711601257324,-86.3622,27.0554,10.2319763869979,63,63,63,63,61,63,0,7819,1.11328740596807,27,-86,0.001869,51,2025-09-11 09:39:58.001022,524,1.037,0.0011,"aoml_navis",1029.61208125661
"7901009",83,0,1,0.031773,1,0.009345,1,115.89251682873,1,4.85614760255744,526,1,7.9520001411438,34.939998626709,0.0317730009555817,0,111.754699707031,-86.3622,27.0554,10.2319763869979,63,63,63,63,61,63,0,7819,1.11328740596807,27,-86,0.001869,51,2025-09-11 09:39:58.001022,526,1.037,0.0011,"aoml_navis",1029.62273991977
"7901009",83,0,1,0.028035,1,0.005607,1,115.788293638136,1,4.85610500171081,528,1,7.9520001411438,34.939998626709,0.0280349999666214,0,111.654197692871,-86.3622,27.0554,10.2319763869979,63,63,63,63,61,63,0,7819,1.11328740596807,27,-86,0.001869,51,2025-09-11 09:39:58.001022,528,1.037,0.0011,"aoml_navis",1029.63177242636
"7901009",83,0,1,0.031773,1,0.009345,1,115.776995473999,1,4.85606088710992,530,1,7.94999980926514,34.939998626709,0.0317730009555817,0,111.64330291748,-86.3622,27.0554,10.2319763869979,63,63,63,63,61,63,0,7819,1.11328740596807,27,-86,0.001869,51,2025-09-11 09:39:58.001022,530,1.037,0.0011,"aoml_navis",1029.64112605593
"7901009",83,0,1,0.029904,1,0.007476,1,115.68096107884,1,4.85601894485496,532,1,7.94600009918213,34.9389991760254,0.0299040004611015,0,111.55069732666,-86.3622,27.0554,10.2319763869979,63,63,63,63,61,63,0,7819,1.11328740596807,27,-86,0.001869,51,2025-09-11 09:39:58.001022,532,1.037,0.0011,"aoml_navis",1029.65001924006
"7901009",83,0,1,0.028035,1,0.005607,1,115.605054505503,1,4.85596508556302,534,1,7.93599987030029,34.939998626709,0.0280349999666214,0,111.477500915527,-86.3622,27.0554,10.2319763869979,63,63,63,63,61,63,0,7819,1.11328740596807,27,-86,0.001869,51,2025-09-11 09:39:58.001022,534,1.037,0.0011,"aoml_navis",1029.66143946652
"7901009",83,0,1,0.031773,1,0.009345,1,115.539821057811,1,4.85592552380648,536,1,7.94000005722046,34.939998626709,0.0317730009555817,0,111.414596557617,-86.3622,27.0554,10.2319763869979,63,63,63,63,61,63,0,7819,1.11328740596807,27,-86,0.001869,51,2025-09-11 09:39:58.001022,536,1.037,0.0011,"aoml_navis",1029.66982823093
"7901009",83,0,1,0.026166,1,0.003738,1,115.630665259922,1,4.85587316978867,538,1,7.93200016021729,34.9410018920898,0.0261659994721413,0,111.502197265625,-86.3622,27.0554,10.2319763869979,63,63,63,63,61,63,0,7819,1.11328740596807,27,-86,0.001869,51,2025-09-11 09:39:58.001022,538,1.037,0.0011,"aoml_navis",1029.6809297055
"7901009",83,0,1,0.031773,1,0.009345,1,115.731359752193,1,4.85582807409935,539.900024414062,1,7.9210000038147,34.939998626709,0.0317730009555817,0,111.599296569824,-86.3622,27.0554,10.2319763869979,63,63,63,63,61,63,0,7819,1.11328740596807,27,-86,0.001869,51,2025-09-11 09:39:58.001022,539.900024414062,1.037,0.0011,"aoml_navis",1029.69049227044
"7901009",83,0,1,0.029904,1,0.007476,1,115.938041784221,1,4.85577795379037,542,1,7.90899991989136,34.9389991760254,0.0299040004611015,0,111.798599243164,-86.3622,27.0554,10.2319763869979,63,63,63,63,61,63,0,7819,1.11328740596807,27,-86,0.001869,51,2025-09-11 09:39:58.001022,542,1.037,0.0011,"aoml_navis",1029.70112051706
"7901009",83,0,1,0.031773,1,0.009345,1,116.188587277013,1,4.85573214021189,544,1,7.89499998092651,34.9370002746582,0.0317730009555817,0,112.040199279785,-86.3622,27.0554,10.2319763869979,63,63,63,63,61,63,0,7819,1.11328740596807,27,-86,0.001869,51,2025-09-11 09:39:58.001022,544,1.037,0.0011,"aoml_navis",1029.71083569322
"7901009",83,0,1,0.033642,1,0.011214,1,116.520640953932,1,4.85567190368333,546,1,7.85699987411499,34.9339981079102,0.0336420014500618,0,112.360397338867,-86.3622,27.0554,10.2319763869979,63,63,63,63,61,63,0,7819,1.11328740596807,27,-86,0.001869,51,2025-09-11 09:39:58.001022,546,1.037,0.0011,"aoml_navis",1029.723609663
"7901009",83,0,1,0.028035,1,0.005607,1,116.766209874426,1,4.85561028762557,548,1,7.82200002670288,34.931999206543,0.0280349999666214,0,112.597198486328,-86.3622,27.0554,10.2319763869979,63,63,63,63,61,63,0,7819,1.11328740596807,27,-86,0.001869,51,2025-09-11 09:39:58.001022,548,1.037,0.0011,"aoml_navis",1029.73667650849
"7901009",83,0,1,0.029904,1,0.007476,1,116.885157073044,1,4.85556301355741,550,1,7.80600023269653,34.9300003051758,0.0299040004611015,0,112.711898803711,-86.3622,27.0554,10.2319763869979,63,63,63,63,61,63,0,7819,1.11328740596807,27,-86,0.001869,51,2025-09-11 09:39:58.001022,550,1.037,0.0011,"aoml_navis",1029.74670208981
"7901009",83,0,1,0.028035,1,0.005607,1,117.075350747886,1,4.85551958528303,552,1,7.80000019073486,34.9290008544922,0.0280349999666214,0,112.895301818848,-86.3622,27.0554,10.2319763869979,63,63,63,63,61,63,0,7819,1.11328740596807,27,-86,0.001869,51,2025-09-11 09:39:58.001022,552,1.037,0.0011,"aoml_navis",1029.75591225188
"7901009",83,0,1,0.035511,1,0.013083,1,117.286898585896,1,4.85547992130185,554,1,7.79899978637695,34.9280014038086,0.0355109982192516,0,113.099296569824,-86.3622,27.0554,10.2319763869979,63,63,63,63,61,63,0,7819,1.11328740596807,27,-86,0.001869,51,2025-09-11 09:39:58.001022,554,1.037,0.0011,"aoml_navis",1029.76432423582
"7901009",83,0,1,0.031773,1,0.009345,1,117.545435077132,1,4.85543568241507,556,1,7.78700017929077,34.9259986877441,0.0317730009555817,0,113.348602294922,-86.3622,27.0554,10.2319763869979,63,63,63,63,61,63,0,7819,1.11328740596807,27,-86,0.001869,51,2025-09-11 09:39:58.001022,556,1.037,0.0011,"aoml_navis",1029.77370663327
"7901009",83,0,1,0.028035,1,0.005607,1,117.866807716527,1,4.85537408959699,558,1,7.74700021743774,34.9230003356934,0.0280349999666214,0,113.658500671387,-86.3622,27.0554,10.2319763869979,63,63,63,63,61,63,0,7819,1.11328740596807,27,-86,0.001869,51,2025-09-11 09:39:58.001022,558,1.037,0.0011,"aoml_navis",1029.78676982128
"7901009",83,0,1,0.029904,1,0.007476,1,118.145250496956,1,4.85531482466833,560,1,7.71000003814697,34.9199981689453,0.0299040004611015,0,113.927001953125,-86.3622,27.0554,10.2319763869979,63,63,63,63,61,63,0,7819,1.11328740596807,27,-86,0.001869,51,2025-09-11 09:39:58.001022,560,1.037,0.0011,"aoml_navis",1029.79933960133
"7901009",83,0,1,0.031773,1,0.009345,1,118.408858503046,1,4.85526692302487,562,1,7.69799995422363,34.9189987182617,0.0317730009555817,0,114.181198120117,-86.3622,27.0554,10.2319763869979,63,63,63,63,61,63,0,7819,1.11328740596807,27,-86,0.001869,51,2025-09-11 09:39:58.001022,562,1.037,0.0011,"aoml_navis",1029.80949951253
"7901009",83,0,1,0.033642,1,0.011214,1,118.919799778791,1,4.85522052275088,564,1,7.68800020217896,34.9179992675781,0.0336420014500618,0,114.673896789551,-86.3622,27.0554,10.2319763869979,63,63,63,63,61,63,0,7819,1.11328740596807,27,-86,0.001869,51,2025-09-11 09:39:58.001022,564,1.037,0.0011,"aoml_navis",1029.81934117528
"7901009",83,0,4,0.022428,1,0,1,119.309831709765,1,4.85514929051515,566,1,7.61999988555908,34.9119987487793,0.0224280003458261,0,115.050003051758,-86.3622,27.0554,10.2319763869979,63,63,63,63,61,63,0,7819,1.11328740596807,27,-86,0.001869,51,2025-09-11 09:39:58.001022,566,1.037,0.0011,"aoml_navis",1029.83445015127
"7901009",83,0,1,0.029904,1,0.007476,1,119.641260348192,1,4.85508652005882,568,1,7.58300018310547,34.9099998474121,0.0299040004611015,0,115.369598388672,-86.3622,27.0554,10.2319763869979,63,63,63,63,61,63,0,7819,1.11328740596807,27,-86,0.001869,51,2025-09-11 09:39:58.001022,568,1.037,0.0011,"aoml_navis",1029.84776467782
"7901009",83,0,1,0.029904,1,0.007476,1,119.776078777383,1,4.85503862144139,570,1,7.56099987030029,34.9070014953613,0.0299040004611015,0,115.499603271484,-86.3622,27.0554,10.2319763869979,63,63,63,63,61,63,0,7819,1.11328740596807,27,-86,0.001869,51,2025-09-11 09:39:58.001022,570,1.037,0.0011,"aoml_navis",1029.85792490268
"7901009",83,0,1,0.029904,1,0.007476,1,119.804901754938,1,4.85499080521713,572,1,7.55399990081787,34.9070014953613,0.0299040004611015,0,115.527397155762,-86.3622,27.0554,10.2319763869979,63,63,63,63,61,63,0,7819,1.11328740596807,27,-86,0.001869,51,2025-09-11 09:39:58.001022,572,1.037,0.0011,"aoml_navis",1029.86806785031
"7901009",83,0,1,0.026166,1,0.003738,1,119.910786440258,1,4.85494224208911,574,1,7.54099988937378,34.9059982299805,0.0261659994721413,0,115.629501342773,-86.3622,27.0554,10.2319763869979,63,63,63,63,61,63,0,7819,1.11328740596807,27,-86,0.001869,51,2025-09-11 09:39:58.001022,574,1.037,0.0011,"aoml_navis",1029.87836943833
"7901009",83,0,1,0.028035,1,0.005607,1,120.068723381778,1,4.85489292990776,576,1,7.52699995040894,34.9049987792969,0.0280349999666214,0,115.781799316406,-86.3622,27.0554,10.2319763869979,63,63,63,63,61,63,0,7819,1.11328740596807,27,-86,0.001869,51,2025-09-11 09:39:58.001022,576,1.037,0.0011,"aoml_navis",1029.88883013224
"7901009",83,0,1,0.026166,1,0.003738,1,120.140586984615,1,4.85484438192917,578,1,7.51900005340576,34.9049987792969,0.0261659994721413,0,115.851097106934,-86.3622,27.0554,10.2319763869979,63,63,63,63,61,63,0,7819,1.11328740596807,27,-86,0.001869,51,2025-09-11 09:39:58.001022,578,1.037,0.0011,"aoml_navis",1029.89912892185
"7901009",83,0,1,0.029904,1,0.007476,1,120.263585065613,1,4.85479582106208,580,1,7.50600004196167,34.9039993286133,0.0299040004611015,0,115.969703674316,-86.3622,27.0554,10.2319763869979,63,63,63,63,61,63,0,7819,1.11328740596807,27,-86,0.001869,51,2025-09-11 09:39:58.001022,580,1.037,0.0011,"aoml_navis",1029.90943065164
"7901009",83,0,1,0.029904,1,0.007476,1,120.448169217785,1,4.85474652640113,582,1,7.49200010299683,34.9029998779297,0.0299040004611015,0,116.14769744873,-86.3622,27.0554,10.2319763869979,63,63,63,63,61,63,0,7819,1.11328740596807,27,-86,0.001869,51,2025-09-11 09:39:58.001022,582,1.037,0.0011,"aoml_navis",1029.91988825966
"7901009",83,0,1,0.026166,1,0.003738,1,120.56763860046,1,4.85469649948919,584,1,7.47700023651123,34.9020004272461,0.0261659994721413,0,116.262901306152,-86.3622,27.0554,10.2319763869979,63,63,63,63,61,63,0,7819,1.11328740596807,27,-86,0.001869,51,2025-09-11 09:39:58.001022,584,1.037,0.0011,"aoml_navis",1029.93050142807
"7901009",83,0,1,0.026166,1,0.003738,1,120.693429574972,1,4.85465387055469,586,1,7.47200012207031,34.9010009765625,0.0261659994721413,0,116.384201049805,-86.3622,27.0554,10.2319763869979,63,63,63,63,61,63,0,7819,1.11328740596807,27,-86,0.001869,51,2025-09-11 09:39:58.001022,586,1.037,0.0011,"aoml_navis",1029.93954529424
"7901009",83,0,1,0.031773,1,0.009345,1,120.845559196831,1,4.85459942818183,588,1,7.45599985122681,34.9010009765625,0.0317730009555817,0,116.530899047852,-86.3622,27.0554,10.2319763869979,63,63,63,63,61,63,0,7819,1.11328740596807,27,-86,0.001869,51,2025-09-11 09:39:58.001022,588,1.037,0.0011,"aoml_navis",1029.95109565046
"7901009",83,0,1,0.028035,1,0.005607,1,121.152516391509,1,4.85455458829547,590,1,7.44799995422363,34.9000015258789,0.0280349999666214,0,116.82689666748,-86.3622,27.0554,10.2319763869979,63,63,63,63,61,63,0,7819,1.11328740596807,27,-86,0.001869,51,2025-09-11 09:39:58.001022,590,1.037,0.0011,"aoml_navis",1029.96060896199
"7901009",83,0,1,0.031773,1,0.009345,1,121.526265674169,1,4.8544898597193,592,1,7.40299987792969,34.8969993591309,0.0317730009555817,0,117.187301635742,-86.3622,27.0554,10.2319763869979,63,63,63,63,61,63,0,7819,1.11328740596807,27,-86,0.001869,51,2025-09-11 09:39:58.001022,592,1.037,0.0011,"aoml_navis",1029.97434220392
"7901009",83,0,1,0.035511,1,0.013083,1,121.526162819734,1,4.85444209732431,594,1,7.38600015640259,34.8950004577637,0.0355109982192516,0,117.187202453613,-86.3622,27.0554,10.2319763869979,63,63,63,63,61,63,0,7819,1.11328740596807,27,-86,0.001869,51,2025-09-11 09:39:58.001022,594,1.037,0.0011,"aoml_navis",1029.98447602371
"7901009",83,0,1,0.031773,1,0.009345,1,121.580082279531,1,4.85438623536985,596,1,7.36800003051758,34.8950004577637,0.0317730009555817,0,117.239196777344,-86.3622,27.0554,10.2319763869979,63,63,63,63,61,63,0,7819,1.11328740596807,27,-86,0.001869,51,2025-09-11 09:39:58.001022,596,1.037,0.0011,"aoml_navis",1029.99632859231
"7901009",83,0,1,0.026166,1,0.003738,1,121.596364927845,1,4.85431642248325,598,1,7.33599996566772,34.8959999084473,0.0261659994721413,0,117.254898071289,-86.3622,27.0554,10.2319763869979,63,63,63,63,61,63,0,7819,1.11328740596807,27,-86,0.001869,51,2025-09-11 09:39:58.001022,598,1.037,0.0011,"aoml_navis",1030.01114159802
"7901009",83,0,1,0.029904,1,0.007476,1,121.65703322098,1,4.85425839569559,600,1,7.31500005722046,34.8959999084473,0.0299040004611015,0,117.313400268555,-86.3622,27.0554,10.2319763869979,63,63,63,63,61,63,0,7819,1.11328740596807,27,-86,0.001869,51,2025-09-11 09:39:58.001022,600,1.037,0.0011,"aoml_navis",1030.02345413537
"7901009",83,0,1,0.031773,1,0.009345,1,121.678703859335,1,4.85420697443318,602,1,7.30299997329712,34.8959999084473,0.0317730009555817,0,117.334297180176,-86.3622,27.0554,10.2319763869979,63,63,63,63,61,63,0,7819,1.11328740596807,27,-86,0.001869,51,2025-09-11 09:39:58.001022,602,1.037,0.0011,"aoml_navis",1030.03436531131
"7901009",83,0,1,0.026166,1,0.003738,1,121.737402094438,1,4.85415772780513,604,1,7.29899978637695,34.8969993591309,0.0261659994721413,0,117.390899658203,-86.3622,27.0554,10.2319763869979,63,63,63,63,61,63,0,7819,1.11328740596807,27,-86,0.001869,51,2025-09-11 09:39:58.001022,604,1.037,0.0011,"aoml_navis",1030.04481526413
"7901009",83,0,1,0.028035,1,0.005607,1,121.990123354133,1,4.8541041182454,606,1,7.28399991989136,34.8969993591309,0.0280349999666214,0,117.63459777832,-86.3622,27.0554,10.2319763869979,63,63,63,63,61,63,0,7819,1.11328740596807,27,-86,0.001869,51,2025-09-11 09:39:58.001022,606,1.037,0.0011,"aoml_navis",1030.05619125602
"7901009",83,0,1,0.035511,1,0.013083,1,122.251452738885,1,4.85404543315508,608,1,7.25699996948242,34.8959999084473,0.0355109982192516,0,117.886596679688,-86.3622,27.0554,10.2319763869979,63,63,63,63,61,63,0,7819,1.11328740596807,27,-86,0.001869,51,2025-09-11 09:39:58.001022,608,1.037,0.0011,"aoml_navis",1030.06864456768
"7901009",83,0,1,0.035511,1,0.013083,1,122.365423365204,1,4.85400137625182,610,1,7.25,34.8950004577637,0.0355109982192516,0,117.99649810791,-86.3622,27.0554,10.2319763869979,63,63,63,63,61,63,0,7819,1.11328740596807,27,-86,0.001869,51,2025-09-11 09:39:58.001022,610,1.037,0.0011,"aoml_navis",1030.07799389231
"7901009",83,0,1,0.029904,1,0.007476,1,122.541510158636,1,4.85395728618021,612,1,7.2480001449585,34.8950004577637,0.0299040004611015,0,118.166297912598,-86.3622,27.0554,10.2319763869979,63,63,63,63,61,63,0,7819,1.11328740596807,27,-86,0.001869,51,2025-09-11 09:39:58.001022,612,1.037,0.0011,"aoml_navis",1030.08735042552
"7901009",83,0,1,0.029904,1,0.007476,1,122.822342326718,1,4.85391472939347,614,1,7.23799991607666,34.8930015563965,0.0299040004611015,0,118.437103271484,-86.3622,27.0554,10.2319763869979,63,63,63,63,61,63,0,7819,1.11328740596807,27,-86,0.001869,51,2025-09-11 09:39:58.001022,614,1.037,0.0011,"aoml_navis",1030.09638173532
"7901009",83,0,1,0.028035,1,0.005607,1,122.979139957568,1,4.85386562337007,616,1,7.2189998626709,34.890998840332,0.0280349999666214,0,118.588302612305,-86.3622,27.0554,10.2319763869979,63,63,63,63,61,63,0,7819,1.11328740596807,27,-86,0.001869,51,2025-09-11 09:39:58.001022,616,1.037,0.0011,"aoml_navis",1030.10680310685
"7901009",83,0,1,0.035511,1,0.013083,1,123.049444920115,1,4.85381716025943,618,1,7.21099996566772,34.890998840332,0.0355109982192516,0,118.656097412109,-86.3622,27.0554,10.2319763869979,63,63,63,63,61,63,0,7819,1.11328740596807,27,-86,0.001869,51,2025-09-11 09:39:58.001022,618,1.037,0.0011,"aoml_navis",1030.11708824499
"7901009",83,0,1,0.028035,1,0.005607,1,123.083568857034,1,4.85377015793316,620,1,7.20499992370605,34.890998840332,0.0280349999666214,0,118.689002990723,-86.3622,27.0554,10.2319763869979,63,63,63,63,61,63,0,7819,1.11328740596807,27,-86,0.001869,51,2025-09-11 09:39:58.001022,620,1.037,0.0011,"aoml_navis",1030.12706356271
"7901009",83,0,1,0.029904,1,0.007476,1,123.208426229748,1,4.85372757409976,622,1,7.19999980926514,34.8899993896484,0.0299040004611015,0,118.80940246582,-86.3622,27.0554,10.2319763869979,63,63,63,63,61,63,0,7819,1.11328740596807,27,-86,0.001869,51,2025-09-11 09:39:58.001022,622,1.037,0.0011,"aoml_navis",1030.13610130918
"7901009",83,0,1,0.028035,1,0.005607,1,123.355057095252,1,4.85367110387048,624,1,7.18100023269653,34.8899993896484,0.0280349999666214,0,118.950798034668,-86.3622,27.0554,10.2319763869979,63,63,63,63,61,63,0,7819,1.11328740596807,27,-86,0.001869,51,2025-09-11 09:39:58.001022,624,1.037,0.0011,"aoml_navis",1030.14808646858
"7901009",83,0,1,0.026166,1,0.003738,1,123.372795529422,1,4.85362488393049,626,1,7.1710000038147,34.8889999389648,0.0261659994721413,0,118.967903137207,-86.3622,27.0554,10.2319763869979,63,63,63,63,61,63,0,7819,1.11328740596807,27,-86,0.001869,51,2025-09-11 09:39:58.001022,626,1.037,0.0011,"aoml_navis",1030.15789632902
"7901009",83,0,1,0.028035,1,0.005607,1,123.360761560478,1,4.85357570827154,628,1,7.16200017929077,34.8889999389648,0.0280349999666214,0,118.956298828125,-86.3622,27.0554,10.2319763869979,63,63,63,63,61,63,0,7819,1.11328740596807,27,-86,0.001869,51,2025-09-11 09:39:58.001022,628,1.037,0.0011,"aoml_navis",1030.16833372537
"7901009",83,0,1,0.024297,1,0.001869,1,123.420496251815,1,4.85352357555232,630,1,7.15399980545044,34.8899993896484,0.0242970008403063,0,119.013900756836,-86.3622,27.0554,10.2319763869979,63,63,63,63,61,63,0,7819,1.11328740596807,27,-86,0.001869,51,2025-09-11 09:39:58.001022,630,1.037,0.0011,"aoml_navis",1030.17939898046
"7901009",83,0,1,0.031773,1,0.009345,1,123.45201718033,1,4.85347877063679,632,1,7.15100002288818,34.8899993896484,0.0317730009555817,0,119.044296264648,-86.3622,27.0554,10.2319763869979,63,63,63,63,61,63,0,7819,1.11328740596807,27,-86,0.001869,51,2025-09-11 09:39:58.001022,632,1.037,0.0011,"aoml_navis",1030.18890908716
"7901009",83,0,1,0.031773,1,0.009345,1,123.520051433418,1,4.85343178477769,634,1,7.14499998092651,34.8899993896484,0.0317730009555817,0,119.109901428223,-86.3622,27.0554,10.2319763869979,63,63,63,63,61,63,0,7819,1.11328740596807,27,-86,0.001869,51,2025-09-11 09:39:58.001022,634,1.037,0.0011,"aoml_navis",1030.19888230056
"7901009",83,0,1,0.029904,1,0.007476,1,123.644180913205,1,4.85338557931738,636,1,7.13500022888184,34.8889999389648,0.0299040004611015,0,119.229598999023,-86.3622,27.0554,10.2319763869979,63,63,63,63,61,63,0,7819,1.11328740596807,27,-86,0.001869,51,2025-09-11 09:39:58.001022,636,1.037,0.0011,"aoml_navis",1030.20869005492
"7901009",83,0,1,0.028035,1,0.005607,1,123.851377217409,1,4.85333205641246,638,1,7.11999988555908,34.8889999389648,0.0280349999666214,0,119.429397583008,-86.3622,27.0554,10.2319763869979,63,63,63,63,61,63,0,7819,1.11328740596807,27,-86,0.001869,51,2025-09-11 09:39:58.001022,638,1.037,0.0011,"aoml_navis",1030.22005127256
"7901009",83,0,1,0.029904,1,0.007476,1,123.968148649124,1,4.85328077722922,640,1,7.10300016403198,34.8880004882812,0.0299040004611015,0,119.541999816895,-86.3622,27.0554,10.2319763869979,63,63,63,63,61,63,0,7819,1.11328740596807,27,-86,0.001869,51,2025-09-11 09:39:58.001022,640,1.037,0.0011,"aoml_navis",1030.23093645419
"7901009",83,0,1,0.028035,1,0.005607,1,124.026744029792,1,4.85323017359196,642,1,7.09200000762939,34.8880004882812,0.0280349999666214,0,119.598503112793,-86.3622,27.0554,10.2319763869979,63,63,63,63,61,63,0,7819,1.11328740596807,27,-86,0.001869,51,2025-09-11 09:39:58.001022,642,1.037,0.0011,"aoml_navis",1030.24167846122
"7901009",83,0,1,0.031773,1,0.009345,1,124.126504920265,1,4.85318392658341,644,1,7.08699989318848,34.8880004882812,0.0317730009555817,0,119.694702148438,-86.3622,27.0554,10.2319763869979,63,63,63,63,61,63,0,7819,1.11328740596807,27,-86,0.001869,51,2025-09-11 09:39:58.001022,644,1.037,0.0011,"aoml_navis",1030.25149585047
"7901009",83,0,1,0.031773,1,0.009345,1,124.259139670673,1,4.85313701703434,646,1,7.07600021362305,34.8870010375977,0.0317730009555817,0,119.822601318359,-86.3622,27.0554,10.2319763869979,63,63,63,63,61,63,0,7819,1.11328740596807,27,-86,0.001869,51,2025-09-11 09:39:58.001022,646,1.037,0.0011,"aoml_navis",1030.26145407603
"7901009",83,0,1,0.029904,1,0.007476,1,124.425273319508,1,4.85308135214868,648,1,7.05800008773804,34.8870010375977,0.0299040004611015,0,119.982803344727,-86.3622,27.0554,10.2319763869979,63,63,63,63,61,63,0,7819,1.11328740596807,27,-86,0.001869,51,2025-09-11 09:39:58.001022,648,1.037,0.0011,"aoml_navis",1030.27327118394
"7901009",83,0,1,0.029904,1,0.007476,1,124.56184818598,1,4.85303076646199,650,1,7.04699993133545,34.8870010375977,0.0299040004611015,0,120.114501953125,-86.3622,27.0554,10.2319763869979,63,63,63,63,61,63,0,7819,1.11328740596807,27,-86,0.001869,51,2025-09-11 09:39:58.001022,650,1.037,0.0011,"aoml_navis",1030.28401026296
"7901009",83,0,1,0.031773,1,0.009345,1,124.768008033951,1,4.85298097797575,652,1,7.03200006484985,34.8860015869141,0.0317730009555817,0,120.313301086426,-86.3622,27.0554,10.2319763869979,63,63,63,63,61,63,0,7819,1.11328740596807,27,-86,0.001869,51,2025-09-11 09:39:58.001022,652,1.037,0.0011,"aoml_navis",1030.29458031908
"7901009",83,0,1,0.028035,1,0.005607,1,124.969088455188,1,4.85292678719908,654,1,7.01599979400635,34.8860015869141,0.0280349999666214,0,120.507202148438,-86.3622,27.0554,10.2319763869979,63,63,63,63,61,63,0,7819,1.11328740596807,27,-86,0.001869,51,2025-09-11 09:39:58.001022,654,1.037,0.0011,"aoml_navis",1030.30608522446
"7901009",83,0,1,0.029904,1,0.007476,1,125.102553952959,1,4.85287919696763,656,1,7.00400018692017,34.8849983215332,0.0299040004611015,0,120.635902404785,-86.3622,27.0554,10.2319763869979,63,63,63,63,61,63,0,7819,1.11328740596807,27,-86,0.001869,51,2025-09-11 09:39:58.001022,656,1.037,0.0011,"aoml_navis",1030.31618902121
"7901009",83,0,1,0.029904,1,0.007476,1,125.264431010543,1,4.85283296619859,658,1,6.99900007247925,34.8849983215332,0.0299040004611015,0,120.791999816895,-86.3622,27.0554,10.2319763869979,63,63,63,63,61,63,0,7819,1.11328740596807,27,-86,0.001869,51,2025-09-11 09:39:58.001022,658,1.037,0.0011,"aoml_navis",1030.32600438269
"7901009",83,0,1,0.031773,1,0.009345,1,125.476603887046,1,4.85278457055843,660,1,6.99100017547607,34.8849983215332,0.0317730009555817,0,120.996597290039,-86.3622,27.0554,10.2319763869979,63,63,63,63,61,63,0,7819,1.11328740596807,27,-86,0.001869,51,2025-09-11 09:39:58.001022,660,1.037,0.0011,"aoml_navis",1030.33627957332
"7901009",83,0,1,0.029904,1,0.007476,1,125.804614593465,1,4.85273986422813,662,1,6.98299980163574,34.8839988708496,0.0299040004611015,0,121.312896728516,-86.3622,27.0554,10.2319763869979,63,63,63,63,61,63,0,7819,1.11328740596807,27,-86,0.001869,51,2025-09-11 09:39:58.001022,662,1.037,0.0011,"aoml_navis",1030.34577164488
"7901009",83,0,1,0.031773,1,0.009345,1,126.309028568501,1,4.85268298048625,664,1,6.95300006866455,34.8819999694824,0.0317730009555817,0,121.799301147461,-86.3622,27.0554,10.2319763869979,63,63,63,63,61,63,0,7819,1.11328740596807,27,-86,0.001869,51,2025-09-11 09:39:58.001022,664,1.037,0.0011,"aoml_navis",1030.35784948371
"7901009",83,0,1,0.033642,1,0.011214,1,126.623035247944,1,4.85262325598419,666,1,6.91900014877319,34.8800010681152,0.0336420014500618,0,122.102096557617,-86.3622,27.0554,10.2319763869979,63,63,63,63,61,63,0,7819,1.11328740596807,27,-86,0.001869,51,2025-09-11 09:39:58.001022,666,1.037,0.0011,"aoml_navis",1030.37053079158
"7901009",83,0,1,0.026166,1,0.003738,1,126.852218665689,1,4.85256850719633,668,1,6.89699983596802,34.8790016174316,0.0261659994721413,0,122.323097229004,-86.3622,27.0554,10.2319763869979,63,63,63,63,61,63,0,7819,1.11328740596807,27,-86,0.001869,51,2025-09-11 09:39:58.001022,668,1.037,0.0011,"aoml_navis",1030.38215587993
"7901009",83,0,1,0.031773,1,0.009345,1,126.991807958307,1,4.8525085543328,670,1,6.87799978256226,34.8800010681152,0.0317730009555817,0,122.457702636719,-86.3622,27.0554,10.2319763869979,63,63,63,63,61,63,0,7819,1.11328740596807,27,-86,0.001869,51,2025-09-11 09:39:58.001022,670,1.037,0.0011,"aoml_navis",1030.39488627702
"7901009",83,0,1,0.031773,1,0.009345,1,127.212588959865,1,4.85246162478142,672,1,6.87200021743774,34.8800010681152,0.0317730009555817,0,122.670600891113,-86.3622,27.0554,10.2319763869979,63,63,63,63,61,63,0,7819,1.11328740596807,27,-86,0.001869,51,2025-09-11 09:39:58.001022,672,1.037,0.0011,"aoml_navis",1030.40485152218
"7901009",83,0,1,0.028035,1,0.005607,1,127.523383416172,1,4.85241193037831,674,1,6.85699987411499,34.8790016174316,0.0280349999666214,0,122.97029876709,-86.3622,27.0554,10.2319763869979,63,63,63,63,61,63,0,7819,1.11328740596807,27,-86,0.001869,51,2025-09-11 09:39:58.001022,674,1.037,0.0011,"aoml_navis",1030.4154040793
"7901009",83,0,1,0.028035,1,0.005607,1,127.873689799437,1,4.8523442408889,676,1,6.82200002670288,34.8790016174316,0.0280349999666214,0,123.308097839355,-86.3622,27.0554,10.2319763869979,63,63,63,63,61,63,0,7819,1.11328740596807,27,-86,0.001869,51,2025-09-11 09:39:58.001022,676,1.037,0.0011,"aoml_navis",1030.42977822284
"7901009",83,0,1,0.029904,1,0.007476,1,128.071866560844,1,4.85228445561697,678,1,6.7979998588562,34.8790016174316,0.0299040004611015,0,123.499198913574,-86.3622,27.0554,10.2319763869979,63,63,63,63,61,63,0,7819,1.11328740596807,27,-86,0.001869,51,2025-09-11 09:39:58.001022,678,1.037,0.0011,"aoml_navis",1030.44247420656
"7901009",83,0,1,0.031773,1,0.009345,1,128.295551222233,1,4.85223254183471,680,1,6.78499984741211,34.8790016174316,0.0317730009555817,0,123.714897155762,-86.3622,27.0554,10.2319763869979,63,63,63,63,61,63,0,7819,1.11328740596807,27,-86,0.001869,51,2025-09-11 09:39:58.001022,680,1.037,0.0011,"aoml_navis",1030.45349885672
"7901009",83,0,1,0.026166,1,0.003738,1,128.519346649938,1,4.85217706797934,682,1,6.76700019836426,34.8790016174316,0.0261659994721413,0,123.930702209473,-86.3622,27.0554,10.2319763869979,63,63,63,63,61,63,0,7819,1.11328740596807,27,-86,0.001869,51,2025-09-11 09:39:58.001022,682,1.037,0.0011,"aoml_navis",1030.46527980114
"7901009",83,0,1,0.028035,1,0.005607,1,128.658722321805,1,4.85213457331069,684,1,6.76200008392334,34.8779983520508,0.0280349999666214,0,124.065101623535,-86.3622,27.0554,10.2319763869979,63,63,63,63,61,63,0,7819,1.11328740596807,27,-86,0.001869,51,2025-09-11 09:39:58.001022,684,1.037,0.0011,"aoml_navis",1030.47430454684
"7901009",83,0,1,0.029904,1,0.007476,1,128.836359843647,1,4.85208410141246,686,1,6.75099992752075,34.8779983520508,0.0299040004611015,0,124.236396789551,-86.3622,27.0554,10.2319763869979,63,63,63,63,61,63,0,7819,1.11328740596807,27,-86,0.001869,51,2025-09-11 09:39:58.001022,686,1.037,0.0011,"aoml_navis",1030.48502365086
"7901009",83,0,1,0.029904,1,0.007476,1,129.048018447972,1,4.85204088404074,688,1,6.74499988555908,34.8769989013672,0.0299040004611015,0,124.440498352051,-86.3622,27.0554,10.2319763869979,63,63,63,63,61,63,0,7819,1.11328740596807,27,-86,0.001869,51,2025-09-11 09:39:58.001022,688,1.037,0.0011,"aoml_navis",1030.4942022327
"7901009",83,0,1,0.033642,1,0.011214,1,129.241732909258,1,4.85199113165083,690,1,6.7350001335144,34.8769989013672,0.0336420014500618,0,124.627296447754,-86.3622,27.0554,10.2319763869979,63,63,63,63,61,63,0,7819,1.11328740596807,27,-86,0.001869,51,2025-09-11 09:39:58.001022,690,1.037,0.0011,"aoml_navis",1030.50476893572
"7901009",83,0,1,0.029904,1,0.007476,1,129.505245972792,1,4.85195005524155,692,1,6.73199987411499,34.8759994506836,0.0299040004611015,0,124.881401062012,-86.3622,27.0554,10.2319763869979,63,63,63,63,61,63,0,7819,1.11328740596807,27,-86,0.001869,51,2025-09-11 09:39:58.001022,692,1.037,0.0011,"aoml_navis",1030.51349314664
"7901009",83,0,1,0.029904,1,0.007476,1,129.819877690727,1,4.851894032387,694,1,6.70800018310547,34.875,0.0299040004611015,0,125.184799194336,-86.3622,27.0554,10.2319763869979,63,63,63,63,61,63,0,7819,1.11328740596807,27,-86,0.001869,51,2025-09-11 09:39:58.001022,694,1.037,0.0011,"aoml_navis",1030.52539206841
"7901009",83,0,1,0.031773,1,0.009345,1,129.89475571971,1,4.8518442928791,696,1,6.69799995422363,34.875,0.0317730009555817,0,125.25700378418,-86.3622,27.0554,10.2319763869979,63,63,63,63,61,63,0,7819,1.11328740596807,27,-86,0.001869,51,2025-09-11 09:39:58.001022,696,1.037,0.0011,"aoml_navis",1030.53595667494
"7901009",83,0,1,0.033642,1,0.011214,1,130.015459355609,1,4.85180108792308,698,1,6.69199991226196,34.8740005493164,0.0336420014500618,0,125.373397827148,-86.3622,27.0554,10.2319763869979,63,63,63,63,61,63,0,7819,1.11328740596807,27,-86,0.001869,51,2025-09-11 09:39:58.001022,698,1.037,0.0011,"aoml_navis",1030.54513352697
"7901009",83,0,1,0.026166,1,0.003738,1,130.081832113971,1,4.85175704107199,700,1,6.69000005722046,34.8740005493164,0.0261659994721413,0,125.437400817871,-86.3622,27.0554,10.2319763869979,63,63,63,63,61,63,0,7819,1.11328740596807,27,-86,0.001869,51,2025-09-11 09:39:58.001022,700,1.037,0.0011,"aoml_navis",1030.55448936809
"7901009",83,0,1,0.029904,1,0.007476,1,130.204300099032,1,4.85171512947753,702,1,6.69099998474121,34.8740005493164,0.0299040004611015,0,125.55549621582,-86.3622,27.0554,10.2319763869979,63,63,63,63,61,63,0,7819,1.11328740596807,27,-86,0.001869,51,2025-09-11 09:39:58.001022,702,1.037,0.0011,"aoml_navis",1030.56339182437
"7901009",83,0,1,0.029904,1,0.007476,1,130.50317135271,1,4.85167250947622,704,1,6.69099998474121,34.8740005493164,0.0299040004611015,0,125.843696594238,-86.3622,27.0554,10.2319763869979,63,63,63,63,61,63,0,7819,1.11328740596807,27,-86,0.001869,51,2025-09-11 09:39:58.001022,704,1.037,0.0011,"aoml_navis",1030.57244491133
"7901009",83,0,1,0.031773,1,0.009345,1,130.849956949532,1,4.85161793622624,706,1,6.66900014877319,34.8730010986328,0.0317730009555817,0,126.178100585938,-86.3622,27.0554,10.2319763869979,63,63,63,63,61,63,0,7819,1.11328740596807,27,-86,0.001869,51,2025-09-11 09:39:58.001022,706,1.037,0.0011,"aoml_navis",1030.58403726844
"7901009",83,0,1,0.028035,1,0.005607,1,131.11294782901,1,4.8515689226237,708,1,6.65999984741211,34.8730010986328,0.0280349999666214,0,126.431701660156,-86.3622,27.0554,10.2319763869979,63,63,63,63,61,63,0,7819,1.11328740596807,27,-86,0.001869,51,2025-09-11 09:39:58.001022,708,1.037,0.0011,"aoml_navis",1030.59444887697
"7901009",83,0,1,0.029904,1,0.007476,1,131.31216104665,1,4.85151295576724,710,1,6.63600015640259,34.8720016479492,0.0299040004611015,0,126.623802185059,-86.3622,27.0554,10.2319763869979,63,63,63,63,61,63,0,7819,1.11328740596807,27,-86,0.001869,51,2025-09-11 09:39:58.001022,710,1.037,0.0011,"aoml_navis",1030.60633777268
"7901009",83,0,1,0.024297,1,0.001869,1,131.415553489881,1,4.85146678866257,712,1,6.63100004196167,34.8720016479492,0.0242970008403063,0,126.723503112793,-86.3622,27.0554,10.2319763869979,63,63,63,63,61,63,0,7819,1.11328740596807,27,-86,0.001869,51,2025-09-11 09:39:58.001022,712,1.037,0.0011,"aoml_navis",1030.61614513873
"7901009",83,0,1,0.031773,1,0.009345,1,131.546629599998,1,4.85142275117502,714,1,6.62900018692017,34.8720016479492,0.0317730009555817,0,126.849899291992,-86.3622,27.0554,10.2319763869979,63,63,63,63,61,63,0,7819,1.11328740596807,27,-86,0.001869,51,2025-09-11 09:39:58.001022,714,1.037,0.0011,"aoml_navis",1030.6255002801
"7901009",83,0,1,0.031773,1,0.009345,1,131.793860015218,1,4.85138028875603,716,1,6.62400007247925,34.8709983825684,0.0317730009555817,0,127.088302612305,-86.3622,27.0554,10.2319763869979,63,63,63,63,61,63,0,7819,1.11328740596807,27,-86,0.001869,51,2025-09-11 09:39:58.001022,716,1.037,0.0011,"aoml_navis",1030.63452098126
"7901009",83,0,1,0.031773,1,0.009345,1,132.023249141833,1,4.85133058191062,718,1,6.61399984359741,34.8709983825684,0.0317730009555817,0,127.309501647949,-86.3622,27.0554,10.2319763869979,63,63,63,63,61,63,0,7819,1.11328740596807,27,-86,0.001869,51,2025-09-11 09:39:58.001022,718,1.037,0.0011,"aoml_navis",1030.64508088641
"7901009",83,0,1,0.029904,1,0.007476,1,132.304381961342,1,4.85128527461203,720,1,6.60500001907349,34.8699989318848,0.0299040004611015,0,127.580596923828,-86.3622,27.0554,10.2319763869979,63,63,63,63,61,63,0,7819,1.11328740596807,27,-86,0.001869,51,2025-09-11 09:39:58.001022,720,1.037,0.0011,"aoml_navis",1030.65470632416
"7901009",83,0,1,0.031773,1,0.009345,1,132.56198485078,1,4.85122990999995,722,1,6.58699989318848,34.8699989318848,0.0317730009555817,0,127.829002380371,-86.3622,27.0554,10.2319763869979,63,63,63,63,61,63,0,7819,1.11328740596807,27,-86,0.001869,51,2025-09-11 09:39:58.001022,722,1.037,0.0011,"aoml_navis",1030.66646866053
"7901009",83,0,1,0.029904,1,0.007476,1,132.908453972416,1,4.85117950917053,724,1,6.57600021362305,34.8699989318848,0.0299040004611015,0,128.163101196289,-86.3622,27.0554,10.2319763869979,63,63,63,63,61,63,0,7819,1.11328740596807,27,-86,0.001869,51,2025-09-11 09:39:58.001022,724,1.037,0.0011,"aoml_navis",1030.67717666356
"7901009",83,0,1,0.031773,1,0.009345,1,133.277733043076,1,4.85113209221435,726,1,6.56400012969971,34.8689994812012,0.0317730009555817,0,128.519195556641,-86.3622,27.0554,10.2319763869979,63,63,63,63,61,63,0,7819,1.11328740596807,27,-86,0.001869,51,2025-09-11 09:39:58.001022,726,1.037,0.0011,"aoml_navis",1030.68725092532
"7901009",83,0,1,0.028035,1,0.005607,1,133.713187075106,1,4.85107463490419,728,1,6.54300022125244,34.8689994812012,0.0280349999666214,0,128.939102172852,-86.3622,27.0554,10.2319763869979,63,63,63,63,61,63,0,7819,1.11328740596807,27,-86,0.001869,51,2025-09-11 09:39:58.001022,728,1.037,0.0011,"aoml_navis",1030.69945863629
"7901009",83,0,1,0.029904,1,0.007476,1,134.081738252838,1,4.85100873235943,730,1,6.51000022888184,34.8689994812012,0.0299040004611015,0,129.294494628906,-86.3622,27.0554,10.2319763869979,63,63,63,63,61,63,0,7819,1.11328740596807,27,-86,0.001869,51,2025-09-11 09:39:58.001022,730,1.037,0.0011,"aoml_navis",1030.71346102651
"7901009",83,0,1,0.028035,1,0.005607,1,134.293713332349,1,4.85095993421823,732,1,6.49599981307983,34.8680000305176,0.0280349999666214,0,129.498901367188,-86.3622,27.0554,10.2319763869979,63,63,63,63,61,63,0,7819,1.11328740596807,27,-86,0.001869,51,2025-09-11 09:39:58.001022,732,1.037,0.0011,"aoml_navis",1030.72382946939
"7901009",83,0,1,0.031773,1,0.009345,1,134.470528018708,1,4.85090167732231,733.900024414062,1,6.47599983215332,34.8689994812012,0.0317730009555817,0,129.669403076172,-86.3622,27.0554,10.2319763869979,63,63,63,63,61,63,0,7819,1.11328740596807,27,-86,0.001869,51,2025-09-11 09:39:58.001022,733.900024414062,1.037,0.0011,"aoml_navis",1030.73620794557
"7901009",83,0,1,0.028035,1,0.005607,1,134.63313296922,1,4.85085200090893,736,1,6.4689998626709,34.8689994812012,0.0280349999666214,0,129.826202392578,-86.3622,27.0554,10.2319763869979,63,63,63,63,61,63,0,7819,1.11328740596807,27,-86,0.001869,51,2025-09-11 09:39:58.001022,736,1.037,0.0011,"aoml_navis",1030.74676346818
"7901009",83,0,1,0.028035,1,0.005607,1,134.869982998342,1,4.85080375425548,738,1,6.46099996566772,34.8689994812012,0.0280349999666214,0,130.054595947266,-86.3622,27.0554,10.2319763869979,63,63,63,63,61,63,0,7819,1.11328740596807,27,-86,0.001869,51,2025-09-11 09:39:58.001022,738,1.037,0.0011,"aoml_navis",1030.75701539433
"7901009",83,0,1,0.029904,1,0.007476,1,135.151851622658,1,4.85074988827463,740,1,6.44500017166138,34.8689994812012,0.0299040004611015,0,130.326400756836,-86.3622,27.0554,10.2319763869979,63,63,63,63,61,63,0,7819,1.11328740596807,27,-86,0.001869,51,2025-09-11 09:39:58.001022,740,1.037,0.0011,"aoml_navis",1030.76846161171
"7901009",83,0,1,0.029904,1,0.007476,1,135.446774848392,1,4.85069813738016,742,1,6.43200016021729,34.8689994812012,0.0299040004611015,0,130.610794067383,-86.3622,27.0554,10.2319763869979,63,63,63,63,61,63,0,7819,1.11328740596807,27,-86,0.001869,51,2025-09-11 09:39:58.001022,742,1.037,0.0011,"aoml_navis",1030.77945862458
"7901009",83,0,1,0.028035,1,0.005607,1,135.767111031553,1,4.85064727343057,744,1,6.41499996185303,34.8680000305176,0.0280349999666214,0,130.919692993164,-86.3622,27.0554,10.2319763869979,63,63,63,63,61,63,0,7819,1.11328740596807,27,-86,0.001869,51,2025-09-11 09:39:58.001022,744,1.037,0.0011,"aoml_navis",1030.79026739122
"7901009",83,0,1,0.024297,1,0.001869,1,136.009784204096,1,4.85058554222143,746,1,6.39300012588501,34.8689994812012,0.0242970008403063,0,131.153701782227,-86.3622,27.0554,10.2319763869979,63,63,63,63,61,63,0,7819,1.11328740596807,27,-86,0.001869,51,2025-09-11 09:39:58.001022,746,1.037,0.0011,"aoml_navis",1030.80338579291
"7901009",83,0,1,0.031773,1,0.009345,1,136.233263156615,1,4.85053960284981,748,1,6.38299989700317,34.8680000305176,0.0317730009555817,0,131.369201660156,-86.3622,27.0554,10.2319763869979,63,63,63,63,61,63,0,7819,1.11328740596807,27,-86,0.001869,51,2025-09-11 09:39:58.001022,748,1.037,0.0011,"aoml_navis",1030.81314851287
"7901009",83,0,1,0.029904,1,0.007476,1,136.417958075102,1,4.85049137994964,750,1,6.375,34.8680000305176,0.0299040004611015,0,131.547302246094,-86.3622,27.0554,10.2319763869979,63,63,63,63,61,63,0,7819,1.11328740596807,27,-86,0.001869,51,2025-09-11 09:39:58.001022,750,1.037,0.0011,"aoml_navis",1030.8233967116
"7901009",83,0,1,0.029904,1,0.007476,1,136.575895016622,1,4.85043966117814,752,1,6.36199998855591,34.8680000305176,0.0299040004611015,0,131.699600219727,-86.3622,27.0554,10.2319763869979,63,63,63,63,61,63,0,7819,1.11328740596807,27,-86,0.001869,51,2025-09-11 09:39:58.001022,752,1.037,0.0011,"aoml_navis",1030.83438806979
"7901009",83,0,1,0.029904,1,0.007476,1,136.691218574362,1,4.85038356202762,754,1,6.34800004959106,34.8689994812012,0.0299040004611015,0,131.810806274414,-86.3622,27.0554,10.2319763869979,63,63,63,63,61,63,0,7819,1.11328740596807,27,-86,0.001869,51,2025-09-11 09:39:58.001022,754,1.037,0.0011,"aoml_navis",1030.84631061834
"7901009",83,0,1,0.031773,1,0.009345,1,136.774166720585,1,4.85033884409865,756,1,6.34499979019165,34.8689994812012,0.0317730009555817,0,131.89079284668,-86.3622,27.0554,10.2319763869979,63,63,63,63,61,63,0,7819,1.11328740596807,27,-86,0.001869,51,2025-09-11 09:39:58.001022,756,1.037,0.0011,"aoml_navis",1030.85581455478
"7901009",83,0,1,0.028035,1,0.005607,1,136.893335451833,1,4.85029203125081,758,1,6.33900022506714,34.8689994812012,0.0280349999666214,0,132.005706787109,-86.3622,27.0554,10.2319763869979,63,63,63,63,61,63,0,7819,1.11328740596807,27,-86,0.001869,51,2025-09-11 09:39:58.001022,758,1.037,0.0011,"aoml_navis",1030.86576391372
"7901009",83,0,1,0.029904,1,0.007476,1,137.053234539505,1,4.85024312344168,760,1,6.32999992370605,34.8689994812012,0.0299040004611015,0,132.159896850586,-86.3622,27.0554,10.2319763869979,63,63,63,63,61,63,0,7819,1.11328740596807,27,-86,0.001869,51,2025-09-11 09:39:58.001022,760,1.037,0.0011,"aoml_navis",1030.87615872997
"7901009",83,0,1,0.033642,1,0.011214,1,137.243325359912,1,4.85019355571865,761.900024414062,1,6.31699991226196,34.8689994812012,0.0336420014500618,0,132.343200683594,-86.3622,27.0554,10.2319763869979,63,63,63,63,61,63,0,7819,1.11328740596807,27,-86,0.001869,51,2025-09-11 09:39:58.001022,761.900024414062,1.037,0.0011,"aoml_navis",1030.88669401754
"7901009",83,0,1,0.031773,1,0.009345,1,137.426153074803,1,4.85013255747122,764,1,6.29899978637695,34.8699989318848,0.0317730009555817,0,132.519500732422,-86.3622,27.0554,10.2319763869979,63,63,63,63,61,63,0,7819,1.11328740596807,27,-86,0.001869,51,2025-09-11 09:39:58.001022,764,1.037,0.0011,"aoml_navis",1030.89965908208
"7901009",83,0,1,0.029904,1,0.007476,1,137.549657516098,1,4.85008575513918,766,1,6.29300022125244,34.8699989318848,0.0299040004611015,0,132.638595581055,-86.3622,27.0554,10.2319763869979,63,63,63,63,61,63,0,7819,1.11328740596807,27,-86,0.001869,51,2025-09-11 09:39:58.001022,766,1.037,0.0011,"aoml_navis",1030.9096070522
"7901009",83,0,1,0.033642,1,0.011214,1,137.637400261387,1,4.85003965186039,768,1,6.28800010681152,34.8699989318848,0.0336420014500618,0,132.723205566406,-86.3622,27.0554,10.2319763869979,63,63,63,63,61,63,0,7819,1.11328740596807,27,-86,0.001869,51,2025-09-11 09:39:58.001022,768,1.037,0.0011,"aoml_navis",1030.91940662425
"7901009",83,0,1,0.029904,1,0.007476,1,137.721804193464,1,4.84999355044319,770,1,6.28299999237061,34.8699989318848,0.0299040004611015,0,132.804595947266,-86.3622,27.0554,10.2319763869979,63,63,63,63,61,63,0,7819,1.11328740596807,27,-86,0.001869,51,2025-09-11 09:39:58.001022,770,1.037,0.0011,"aoml_navis",1030.9292059869
"7901009",83,0,1,0.029904,1,0.007476,1,137.709255952344,1,4.84994904614781,772,1,6.27500009536743,34.8689994812012,0.0299040004611015,0,132.792495727539,-86.3622,27.0554,10.2319763869979,63,63,63,63,61,63,0,7819,1.11328740596807,27,-86,0.001869,51,2025-09-11 09:39:58.001022,772,1.037,0.0011,"aoml_navis",1030.9386660405
"7901009",83,0,1,0.028035,1,0.005607,1,137.653160725644,1,4.84989856472085,774,1,6.26900005340576,34.8699989318848,0.0280349999666214,0,132.738403320312,-86.3622,27.0554,10.2319763869979,63,63,63,63,61,63,0,7819,1.11328740596807,27,-86,0.001869,51,2025-09-11 09:39:58.001022,774,1.037,0.0011,"aoml_navis",1030.94939683296
"7901009",83,0,1,0.031773,1,0.009345,1,137.617905389935,1,4.84985316609744,776,1,6.2649998664856,34.8699989318848,0.0317730009555817,0,132.704406738281,-86.3622,27.0554,10.2319763869979,63,63,63,63,61,63,0,7819,1.11328740596807,27,-86,0.001869,51,2025-09-11 09:39:58.001022,776,1.037,0.0011,"aoml_navis",1030.95904736913
"7901009",83,0,1,0.031773,1,0.009345,1,137.664363947225,1,4.84979920478538,778,1,6.25400018692017,34.8709983825684,0.0317730009555817,0,132.749206542969,-86.3622,27.0554,10.2319763869979,63,63,63,63,61,63,0,7819,1.11328740596807,27,-86,0.001869,51,2025-09-11 09:39:58.001022,778,1.037,0.0011,"aoml_navis",1030.97051833948
"7901009",83,0,1,0.041118,1,0.01869,1,137.728655881239,1,4.84975311325627,780,1,6.24900007247925,34.8709983825684,0.041117999702692,0,132.81120300293,-86.3622,27.0554,10.2319763869979,63,63,63,63,61,63,0,7819,1.11328740596807,27,-86,0.001869,51,2025-09-11 09:39:58.001022,780,1.037,0.0011,"aoml_navis",1030.9803165718
"7901009",83,0,1,0.033642,1,0.011214,1,137.808913988381,1,4.84970563057711,782,1,6.24200010299683,34.8709983825684,0.0336420014500618,0,132.888595581055,-86.3622,27.0554,10.2319763869979,63,63,63,63,61,63,0,7819,1.11328740596807,27,-86,0.001869,51,2025-09-11 09:39:58.001022,782,1.037,0.0011,"aoml_navis",1030.99041073241
"7901009",83,0,1,0.026166,1,0.003738,1,137.896134549614,1,4.84965305679705,784,1,6.23299980163574,34.8720016479492,0.0261659994721413,0,132.972702026367,-86.3622,27.0554,10.2319763869979,63,63,63,63,61,63,0,7819,1.11328740596807,27,-86,0.001869,51,2025-09-11 09:39:58.001022,784,1.037,0.0011,"aoml_navis",1031.00158742123
"7901009",83,0,1,0.029904,1,0.007476,1,137.954524221411,1,4.84960697159269,786,1,6.22800016403198,34.8720016479492,0.0299040004611015,0,133.029006958008,-86.3622,27.0554,10.2319763869979,63,63,63,63,61,63,0,7819,1.11328740596807,27,-86,0.001869,51,2025-09-11 09:39:58.001022,786,1.037,0.0011,"aoml_navis",1031.01138489949
"7901009",83,0,1,0.029904,1,0.007476,1,138.087665332116,1,4.84956297643031,788,1,6.22599983215332,34.8720016479492,0.0299040004611015,0,133.15739440918,-86.3622,27.0554,10.2319763869979,63,63,63,63,61,63,0,7819,1.11328740596807,27,-86,0.001869,51,2025-09-11 09:39:58.001022,788,1.037,0.0011,"aoml_navis",1031.02073821927
"7901009",83,0,1,0.033642,1,0.011214,1,138.225173800387,1,4.84951759098883,790,1,6.22200012207031,34.8720016479492,0.0336420014500618,0,133.289993286133,-86.3622,27.0554,10.2319763869979,63,63,63,63,61,63,0,7819,1.11328740596807,27,-86,0.001869,51,2025-09-11 09:39:58.001022,790,1.037,0.0011,"aoml_navis",1031.03038728858
"7901009",83,0,1,0.028035,1,0.005607,1,138.467435555188,1,4.84947015959743,791.900024414062,1,6.21199989318848,34.8720016479492,0.0280349999666214,0,133.52360534668,-86.3622,27.0554,10.2319763869979,63,63,63,63,61,63,0,7819,1.11328740596807,27,-86,0.001869,51,2025-09-11 09:39:58.001022,791.900024414062,1.037,0.0011,"aoml_navis",1031.04047152546
"7901009",83,0,1,0.026166,1,0.003738,1,138.601304558821,1,4.84942195211239,794,1,6.20699977874756,34.8720016479492,0.0261659994721413,0,133.652694702148,-86.3622,27.0554,10.2319763869979,63,63,63,63,61,63,0,7819,1.11328740596807,27,-86,0.001869,51,2025-09-11 09:39:58.001022,794,1.037,0.0011,"aoml_navis",1031.05072096727
"7901009",83,0,1,0.029904,1,0.007476,1,138.865023331226,1,4.849372397417,796,1,6.19700002670288,34.8720016479492,0.0299040004611015,0,133.906997680664,-86.3622,27.0554,10.2319763869979,63,63,63,63,61,63,0,7819,1.11328740596807,27,-86,0.001869,51,2025-09-11 09:39:58.001022,796,1.037,0.0011,"aoml_navis",1031.06125705323
"7901009",83,0,1,0.026166,1,0.003738,1,139.159028778921,1,4.8493228460494,798,1,6.18699979782104,34.8720016479492,0.0261659994721413,0,134.190505981445,-86.3622,27.0554,10.2319763869979,63,63,63,63,61,63,0,7819,1.11328740596807,27,-86,0.001869,51,2025-09-11 09:39:58.001022,798,1.037,0.0011,"aoml_navis",1031.07179264696
"7901009",83,0,1,0.031773,1,0.009345,1,139.468683924558,1,4.8492712136709,800,1,6.17399978637695,34.8720016479492,0.0317730009555817,0,134.489105224609,-86.3622,27.0554,10.2319763869979,63,63,63,63,61,63,0,7819,1.11328740596807,27,-86,0.001869,51,2025-09-11 09:39:58.001022,800,1.037,0.0011,"aoml_navis",1031.08277093353
"7901009",83,0,1,0.029904,1,0.007476,1,139.788608689978,1,4.84922167086589,802,1,6.16400003433228,34.8720016479492,0.0299040004611015,0,134.797607421875,-86.3622,27.0554,10.2319763869979,63,63,63,63,61,63,0,7819,1.11328740596807,27,-86,0.001869,51,2025-09-11 09:39:58.001022,802,1.037,0.0011,"aoml_navis",1031.09330514626
"7901009",83,0,1,0.033642,1,0.011214,1,140.153947644573,1,4.84916866098502,804,1,6.14900016784668,34.8720016479492,0.0336420014500618,0,135.14990234375,-86.3622,27.0554,10.2319763869979,63,63,63,63,61,63,0,7819,1.11328740596807,27,-86,0.001869,51,2025-09-11 09:39:58.001022,804,1.037,0.0011,"aoml_navis",1031.10457679654
"7901009",83,0,1,0.029904,1,0.007476,1,140.437778415042,1,4.8491177394846,806,1,6.13700008392334,34.8720016479492,0.0299040004611015,0,135.423599243164,-86.3622,27.0554,10.2319763869979,63,63,63,63,61,63,0,7819,1.11328740596807,27,-86,0.001869,51,2025-09-11 09:39:58.001022,806,1.037,0.0011,"aoml_navis",1031.11540462027
"7901009",83,0,1,0.028035,1,0.005607,1,140.806551125404,1,4.84907028974176,808,1,6.13000011444092,34.8720016479492,0.0280349999666214,0,135.779205322266,-86.3622,27.0554,10.2319763869979,63,63,63,63,61,63,0,7819,1.11328740596807,27,-86,0.001869,51,2025-09-11 09:39:58.001022,808,1.037,0.0011,"aoml_navis",1031.12549442262
"7901009",83,0,1,0.028035,1,0.005607,1,141.26273428211,1,4.84902238340975,810,1,6.11700010299683,34.8709983825684,0.0280349999666214,0,136.219100952148,-86.3622,27.0554,10.2319763869979,63,63,63,63,61,63,0,7819,1.11328740596807,27,-86,0.001869,51,2025-09-11 09:39:58.001022,810,1.037,0.0011,"aoml_navis",1031.13568151527
"7901009",83,0,1,0.029904,1,0.007476,1,141.740279513863,1,4.84896732091219,812,1,6.09899997711182,34.8709983825684,0.0299040004611015,0,136.679595947266,-86.3622,27.0554,10.2319763869979,63,63,63,63,61,63,0,7819,1.11328740596807,27,-86,0.001869,51,2025-09-11 09:39:58.001022,812,1.037,0.0011,"aoml_navis",1031.14739058695
"7901009",83,0,1,0.031773,1,0.009345,1,142.081154936589,1,4.84890027457985,814,1,6.06899976730347,34.8720016479492,0.0317730009555817,0,137.00830078125,-86.3622,27.0554,10.2319763869979,63,63,63,63,61,63,0,7819,1.11328740596807,27,-86,0.001869,51,2025-09-11 09:39:58.001022,814,1.037,0.0011,"aoml_navis",1031.16164838701
"7901009",83,0,1,0.033642,1,0.011214,1,142.441620173322,1,4.84885930410036,816,1,6.06599998474121,34.8709983825684,0.0336420014500618,0,137.355895996094,-86.3622,27.0554,10.2319763869979,63,63,63,63,61,63,0,7819,1.11328740596807,27,-86,0.001869,51,2025-09-11 09:39:58.001022,816,1.037,0.0011,"aoml_navis",1031.17036119646
"7901009",83,0,1,0.033642,1,0.011214,1,142.865253857158,1,4.84879988423066,818,1,6.04699993133545,34.8720016479492,0.0336420014500618,0,137.764404296875,-86.3622,27.0554,10.2319763869979,63,63,63,63,61,63,0,7819,1.11328740596807,27,-86,0.001869,51,2025-09-11 09:39:58.001022,818,1.037,0.0011,"aoml_navis",1031.18299772714
"7901009",83,0,1,0.028035,1,0.005607,1,143.140887920312,1,4.84874486717248,820,1,6.02899980545044,34.8720016479492,0.0280349999666214,0,138.030197143555,-86.3622,27.0554,10.2319763869979,63,63,63,63,61,63,0,7819,1.11328740596807,27,-86,0.001869,51,2025-09-11 09:39:58.001022,820,1.037,0.0011,"aoml_navis",1031.19469820975
"7901009",83,0,1,0.029904,1,0.007476,1,143.40004945004,1,4.84869951110862,822,1,6.02500009536743,34.8720016479492,0.0299040004611015,0,138.28010559082,-86.3622,27.0554,10.2319763869979,63,63,63,63,61,63,0,7819,1.11328740596807,27,-86,0.001869,51,2025-09-11 09:39:58.001022,822,1.037,0.0011,"aoml_navis",1031.20434428752
"7901009",83,0,1,0.026166,1,0.003738,1,143.771717908353,1,4.84865415650207,824,1,6.02099990844727,34.8720016479492,0.0261659994721413,0,138.63850402832,-86.3622,27.0554,10.2319763869979,63,63,63,63,61,63,0,7819,1.11328740596807,27,-86,0.001869,51,2025-09-11 09:39:58.001022,824,1.037,0.0011,"aoml_navis",1031.21399023582
"7901009",83,0,1,0.029904,1,0.007476,1,144.192234311609,1,4.84860191081899,826,1,6.00699996948242,34.8720016479492,0.0299040004611015,0,139.044006347656,-86.3622,27.0554,10.2319763869979,63,63,63,63,61,63,0,7819,1.11328740596807,27,-86,0.001869,51,2025-09-11 09:39:58.001022,826,1.037,0.0011,"aoml_navis",1031.2251019914
"7901009",83,0,1,0.028035,1,0.005607,1,144.590027796518,1,4.84854554159592,828,1,5.98699998855591,34.8720016479492,0.0280349999666214,0,139.427597045898,-86.3622,27.0554,10.2319763869979,63,63,63,63,61,63,0,7819,1.11328740596807,27,-86,0.001869,51,2025-09-11 09:39:58.001022,828,1.037,0.0011,"aoml_navis",1031.23709102137
"7901009",83,0,1,0.031773,1,0.009345,1,144.688135104145,1,4.84848506331944,830,1,5.96099996566772,34.8720016479492,0.0317730009555817,0,139.522201538086,-86.3622,27.0554,10.2319763869979,63,63,63,63,61,63,0,7819,1.11328740596807,27,-86,0.001869,51,2025-09-11 09:39:58.001022,830,1.037,0.0011,"aoml_navis",1031.24995430569
"7901009",83,0,1,0.031773,1,0.009345,1,144.71696599358,1,4.84844109068752,832,1,5.95900011062622,34.8720016479492,0.0317730009555817,0,139.550003051758,-86.3622,27.0554,10.2319763869979,63,63,63,63,61,63,0,7819,1.11328740596807,27,-86,0.001869,51,2025-09-11 09:39:58.001022,832,1.037,0.0011,"aoml_navis",1031.25930716237
"7901009",83,0,1,0.031773,1,0.009345,1,144.709085761451,1,4.84839137204834,834,1,5.9539999961853,34.8730010986328,0.0317730009555817,0,139.542404174805,-86.3622,27.0554,10.2319763869979,63,63,63,63,61,63,0,7819,1.11328740596807,27,-86,0.001869,51,2025-09-11 09:39:58.001022,834,1.037,0.0011,"aoml_navis",1031.2698823832
"7901009",83,0,1,0.028035,1,0.005607,1,144.81050023477,1,4.84834740317159,836,1,5.9520001411438,34.8730010986328,0.0280349999666214,0,139.640197753906,-86.3622,27.0554,10.2319763869979,63,63,63,63,61,63,0,7819,1.11328740596807,27,-86,0.001869,51,2025-09-11 09:39:58.001022,836,1.037,0.0011,"aoml_navis",1031.27923480261
"7901009",83,0,1,0.028035,1,0.005607,1,144.996856647984,1,4.84830274862081,838,1,5.94899988174438,34.8730010986328,0.0280349999666214,0,139.819900512695,-86.3622,27.0554,10.2319763869979,63,63,63,63,61,63,0,7819,1.11328740596807,27,-86,0.001869,51,2025-09-11 09:39:58.001022,838,1.037,0.0011,"aoml_navis",1031.28873324223
"7901009",83,0,1,0.029904,1,0.007476,1,145.275085807662,1,4.8482587835774,840,1,5.94700002670288,34.8730010986328,0.0299040004611015,0,140.088195800781,-86.3622,27.0554,10.2319763869979,63,63,63,63,61,63,0,7819,1.11328740596807,27,-86,0.001869,51,2025-09-11 09:39:58.001022,840,1.037,0.0011,"aoml_navis",1031.29808518815
"7901009",83,0,1,0.028035,1,0.005607,1,145.760099853803,1,4.84821713091531,842,1,5.94299983978271,34.8720016479492,0.0280349999666214,0,140.555892944336,-86.3622,27.0554,10.2319763869979,63,63,63,63,61,63,0,7819,1.11328740596807,27,-86,0.001869,51,2025-09-11 09:39:58.001022,842,1.037,0.0011,"aoml_navis",1031.30694541646
"7901009",83,0,1,0.029904,1,0.007476,1,146.452009552721,1,4.84815942927236,844,1,5.9210000038147,34.8720016479492,0.0299040004611015,0,141.223098754883,-86.3622,27.0554,10.2319763869979,63,63,63,63,61,63,0,7819,1.11328740596807,27,-86,0.001869,51,2025-09-11 09:39:58.001022,844,1.037,0.0011,"aoml_navis",1031.31921978697
"7901009",83,0,1,0.031773,1,0.009345,1,147.063550378182,1,4.84809326191331,846,1,5.89200019836426,34.8730010986328,0.0317730009555817,0,141.812805175781,-86.3622,27.0554,10.2319763869979,63,63,63,63,61,63,0,7819,1.11328740596807,27,-86,0.001869,51,2025-09-11 09:39:58.001022,846,1.037,0.0011,"aoml_navis",1031.33329535553
"7901009",83,0,1,0.031773,1,0.009345,1,147.472341375801,1,4.84803628681088,848,1,5.87099981307983,34.8730010986328,0.0317730009555817,0,142.207000732422,-86.3622,27.0554,10.2319763869979,63,63,63,63,61,63,0,7819,1.11328740596807,27,-86,0.001869,51,2025-09-11 09:39:58.001022,848,1.037,0.0011,"aoml_navis",1031.34541579289
"7901009",83,0,1,0.031773,1,0.009345,1,147.855213055694,1,4.84798411452554,850,1,5.85699987411499,34.8730010986328,0.0317730009555817,0,142.576202392578,-86.3622,27.0554,10.2319763869979,63,63,63,63,61,63,0,7819,1.11328740596807,27,-86,0.001869,51,2025-09-11 09:39:58.001022,850,1.037,0.0011,"aoml_navis",1031.35651476641
"7901009",83,0,1,0.029904,1,0.007476,1,148.349658062375,1,4.84791733509564,852,1,5.8270001411438,34.8740005493164,0.0299040004611015,0,143.052993774414,-86.3622,27.0554,10.2319763869979,63,63,63,63,61,63,0,7819,1.11328740596807,27,-86,0.001869,51,2025-09-11 09:39:58.001022,852,1.037,0.0011,"aoml_navis",1031.37072156808
"7901009",83,0,1,0.033642,1,0.011214,1,148.833548621606,1,4.84786245645592,854,1,5.80900001525879,34.8740005493164,0.0336420014500618,0,143.519607543945,-86.3622,27.0554,10.2319763869979,63,63,63,63,61,63,0,7819,1.11328740596807,27,-86,0.001869,51,2025-09-11 09:39:58.001022,854,1.037,0.0011,"aoml_navis",1031.38239686266
"7901009",83,0,1,0.033642,1,0.011214,1,149.260995831433,1,4.84780117905357,856,1,5.78700017929077,34.875,0.0336420014500618,0,143.931793212891,-86.3622,27.0554,10.2319763869979,63,63,63,63,61,63,0,7819,1.11328740596807,27,-86,0.001869,51,2025-09-11 09:39:58.001022,856,1.037,0.0011,"aoml_navis",1031.39543379049
"7901009",83,0,1,0.026166,1,0.003738,1,149.651542034584,1,4.84774127985021,858,1,5.76700019836426,34.8759994506836,0.0261659994721413,0,144.308395385742,-86.3622,27.0554,10.2319763869979,63,63,63,63,61,63,0,7819,1.11328740596807,27,-86,0.001869,51,2025-09-11 09:39:58.001022,858,1.037,0.0011,"aoml_navis",1031.40817782142
"7901009",83,0,1,0.028035,1,0.005607,1,149.988793816432,1,4.84768711994101,860,1,5.75,34.8759994506836,0.0280349999666214,0,144.633605957031,-86.3622,27.0554,10.2319763869979,63,63,63,63,61,63,0,7819,1.11328740596807,27,-86,0.001869,51,2025-09-11 09:39:58.001022,860,1.037,0.0011,"aoml_navis",1031.41970104309
"7901009",83,0,1,0.029904,1,0.007476,1,150.320538930044,1,4.84762656890245,862,1,5.72900009155273,34.8769989013672,0.0299040004611015,0,144.953506469727,-86.3622,27.0554,10.2319763869979,63,63,63,63,61,63,0,7819,1.11328740596807,27,-86,0.001869,51,2025-09-11 09:39:58.001022,862,1.037,0.0011,"aoml_navis",1031.4325843651
"7901009",83,0,1,0.029904,1,0.007476,1,150.582168966222,1,4.84757785825637,864,1,5.71999979019165,34.8769989013672,0.0299040004611015,0,145.205795288086,-86.3622,27.0554,10.2319763869979,63,63,63,63,61,63,0,7819,1.11328740596807,27,-86,0.001869,51,2025-09-11 09:39:58.001022,864,1.037,0.0011,"aoml_navis",1031.44294866436
"7901009",83,0,1,0.028035,1,0.005607,1,150.939121328391,1,4.84752915099561,866,1,5.71099996566772,34.8769989013672,0.0280349999666214,0,145.550003051758,-86.3622,27.0554,10.2319763869979,63,63,63,63,61,63,0,7819,1.11328740596807,27,-86,0.001869,51,2025-09-11 09:39:58.001022,866,1.037,0.0011,"aoml_navis",1031.45331245158
"7901009",83,0,1,0.031773,1,0.009345,1,151.345016578059,1,4.84747269357217,868,1,5.69600009918213,34.8779983520508,0.0317730009555817,0,145.94140625,-86.3622,27.0554,10.2319763869979,63,63,63,63,61,63,0,7819,1.11328740596807,27,-86,0.001869,51,2025-09-11 09:39:58.001022,868,1.037,0.0011,"aoml_navis",1031.46532555616
"7901009",83,0,1,0.028035,1,0.005607,1,151.713773464662,1,4.84742903514543,870,1,5.68900012969971,34.8769989013672,0.0280349999666214,0,146.296997070312,-86.3622,27.0554,10.2319763869979,63,63,63,63,61,63,0,7819,1.11328740596807,27,-86,0.001869,51,2025-09-11 09:39:58.001022,870,1.037,0.0011,"aoml_navis",1031.47461546077
"7901009",83,0,1,0.028035,1,0.005607,1,151.983710974469,1,4.84737123512518,872,1,5.67199993133545,34.8779983520508,0.0280349999666214,0,146.55729675293,-86.3622,27.0554,10.2319763869979,63,63,63,63,61,63,0,7819,1.11328740596807,27,-86,0.001869,51,2025-09-11 09:39:58.001022,872,1.037,0.0011,"aoml_navis",1031.48691475677
"7901009",83,0,1,0.028035,1,0.005607,1,152.194641685867,1,4.84732524978072,874,1,5.66699981689453,34.8779983520508,0.0280349999666214,0,146.760696411133,-86.3622,27.0554,10.2319763869979,63,63,63,63,61,63,0,7819,1.11328740596807,27,-86,0.001869,51,2025-09-11 09:39:58.001022,874,1.037,0.0011,"aoml_navis",1031.49670021136
"7901009",83,0,1,0.026166,1,0.003738,1,152.196714598335,1,4.8472785895942,876,1,5.66099977493286,34.8779983520508,0.0261659994721413,0,146.7626953125,-86.3622,27.0554,10.2319763869979,63,63,63,63,61,63,0,7819,1.11328740596807,27,-86,0.001869,51,2025-09-11 09:39:58.001022,876,1.037,0.0011,"aoml_navis",1031.50662945877
"7901009",83,0,1,0.031773,1,0.009345,1,152.217348780455,1,4.84723666905144,878,1,5.66200017929077,34.8779983520508,0.0317730009555817,0,146.782592773438,-86.3622,27.0554,10.2319763869979,63,63,63,63,61,63,0,7819,1.11328740596807,27,-86,0.001869,51,2025-09-11 09:39:58.001022,878,1.037,0.0011,"aoml_navis",1031.51555027711
"7901009",83,0,1,0.031773,1,0.009345,1,152.340457627768,1,4.84719271966339,880,1,5.65999984741211,34.8779983520508,0.0317730009555817,0,146.901306152344,-86.3622,27.0554,10.2319763869979,63,63,63,63,61,63,0,7819,1.11328740596807,27,-86,0.001869,51,2025-09-11 09:39:58.001022,880,1.037,0.0011,"aoml_navis",1031.52490300555
"7901009",83,0,1,0.029904,1,0.007476,1,152.527431167594,1,4.84714877255665,882,1,5.65799999237061,34.8779983520508,0.0299040004611015,0,147.081604003906,-86.3622,27.0554,10.2319763869979,63,63,63,63,61,63,0,7819,1.11328740596807,27,-86,0.001869,51,2025-09-11 09:39:58.001022,882,1.037,0.0011,"aoml_navis",1031.5342554181
"7901009",83,0,1,0.028035,1,0.005607,1,152.749660043128,1,4.84710347281779,884,1,5.65399980545044,34.8779983520508,0.0280349999666214,0,147.2958984375,-86.3622,27.0554,10.2319763869979,63,63,63,63,61,63,0,7819,1.11328740596807,27,-86,0.001869,51,2025-09-11 09:39:58.001022,884,1.037,0.0011,"aoml_navis",1031.54389586268
"7901009",83,0,1,0.028035,1,0.005607,1,153.045833345846,1,4.84704973670017,886,1,5.64300012588501,34.8790016174316,0.0280349999666214,0,147.581497192383,-86.3622,27.0554,10.2319763869979,63,63,63,63,61,63,0,7819,1.11328740596807,27,-86,0.001869,51,2025-09-11 09:39:58.001022,886,1.037,0.0011,"aoml_navis",1031.55533192526
"7901009",83,0,1,0.031773,1,0.009345,1,153.488123241891,1,4.84700173406599,888,1,5.63500022888184,34.8790016174316,0.0317730009555817,0,148.007995605469,-86.3622,27.0554,10.2319763869979,63,63,63,63,61,63,0,7819,1.11328740596807,27,-86,0.001869,51,2025-09-11 09:39:58.001022,888,1.037,0.0011,"aoml_navis",1031.56554800851
"7901009",83,0,1,0.031773,1,0.009345,1,154.026036115354,1,4.84694629675744,890,1,5.61600017547607,34.8790016174316,0.0317730009555817,0,148.526702880859,-86.3622,27.0554,10.2319763869979,63,63,63,63,61,63,0,7819,1.11328740596807,27,-86,0.001869,51,2025-09-11 09:39:58.001022,890,1.037,0.0011,"aoml_navis",1031.57734661615
"7901009",83,0,1,0.031773,1,0.009345,1,154.304059566161,1,4.84688516157225,892,1,5.5939998626709,34.8800010681152,0.0317730009555817,0,148.794799804688,-86.3622,27.0554,10.2319763869979,63,63,63,63,61,63,0,7819,1.11328740596807,27,-86,0.001869,51,2025-09-11 09:39:58.001022,892,1.037,0.0011,"aoml_navis",1031.59035820401
"7901009",83,0,1,0.029904,1,0.007476,1,154.55087856364,1,4.84683717185668,894,1,5.58599996566772,34.8800010681152,0.0299040004611015,0,149.032806396484,-86.3622,27.0554,10.2319763869979,63,63,63,63,61,63,0,7819,1.11328740596807,27,-86,0.001869,51,2025-09-11 09:39:58.001022,894,1.037,0.0011,"aoml_navis",1031.60057223145
"7901009",83,0,1,0.028035,1,0.005607,1,154.790735107028,1,4.84679188304532,896,1,5.58199977874756,34.8800010681152,0.0280349999666214,0,149.264099121094,-86.3622,27.0554,10.2319763869979,63,63,63,63,61,63,0,7819,1.11328740596807,27,-86,0.001869,51,2025-09-11 09:39:58.001022,896,1.037,0.0011,"aoml_navis",1031.61021158978
"7901009",83,0,1,0.029904,1,0.007476,1,155.075404536739,1,4.84673346937489,898,1,5.56400012969971,34.8810005187988,0.0299040004611015,0,149.538604736328,-86.3622,27.0554,10.2319763869979,63,63,63,63,61,63,0,7819,1.11328740596807,27,-86,0.001869,51,2025-09-11 09:39:58.001022,898,1.037,0.0011,"aoml_navis",1031.62264473455
"7901009",83,0,1,0.031773,1,0.009345,1,155.245051060137,1,4.84668548870049,900,1,5.55600023269653,34.8810005187988,0.0317730009555817,0,149.702194213867,-86.3622,27.0554,10.2319763869979,63,63,63,63,61,63,0,7819,1.11328740596807,27,-86,0.001869,51,2025-09-11 09:39:58.001022,900,1.037,0.0011,"aoml_navis",1031.63285747692
"7901009",83,0,1,0.035511,1,0.013083,1,155.395329302159,1,4.84664020532377,902,1,5.55200004577637,34.8810005187988,0.0355109982192516,0,149.847106933594,-86.3622,27.0554,10.2319763869979,63,63,63,63,61,63,0,7819,1.11328740596807,27,-86,0.001869,51,2025-09-11 09:39:58.001022,902,1.037,0.0011,"aoml_navis",1031.64249628181
"7901009",83,0,1,0.028035,1,0.005607,1,155.614140245686,1,4.84659559751222,904,1,5.54899978637695,34.8810005187988,0.0280349999666214,0,150.05810546875,-86.3622,27.0554,10.2319763869979,63,63,63,63,61,63,0,7819,1.11328740596807,27,-86,0.001869,51,2025-09-11 09:39:58.001022,904,1.037,0.0011,"aoml_navis",1031.65199146521
"7901009",83,0,1,0.031773,1,0.009345,1,155.897037414356,1,4.84654897043805,906,1,5.54300022125244,34.8810005187988,0.0317730009555817,0,150.330902099609,-86.3622,27.0554,10.2319763869979,63,63,63,63,61,63,0,7819,1.11328740596807,27,-86,0.001869,51,2025-09-11 09:39:58.001022,906,1.037,0.0011,"aoml_navis",1031.66191665408
"7901009",83,0,1,0.028035,1,0.005607,1,156.191754931219,1,4.84649596520598,908,1,5.53299999237061,34.8819999694824,0.0280349999666214,0,150.615097045898,-86.3622,27.0554,10.2319763869979,63,63,63,63,61,63,0,7819,1.11328740596807,27,-86,0.001869,51,2025-09-11 09:39:58.001022,908,1.037,0.0011,"aoml_navis",1031.6731997501
"7901009",83,0,1,0.028035,1,0.005607,1,156.494669155397,1,4.84644664901483,910,1,5.52299976348877,34.8819999694824,0.0280349999666214,0,150.907196044922,-86.3622,27.0554,10.2319763869979,63,63,63,63,61,63,0,7819,1.11328740596807,27,-86,0.001869,51,2025-09-11 09:39:58.001022,910,1.037,0.0011,"aoml_navis",1031.6836977905
"7901009",83,0,1,0.029904,1,0.007476,1,156.899425094395,1,4.84639733674313,912,1,5.51300001144409,34.8819999694824,0.0299040004611015,0,151.297500610352,-86.3622,27.0554,10.2319763869979,63,63,63,63,61,63,0,7819,1.11328740596807,27,-86,0.001869,51,2025-09-11 09:39:58.001022,912,1.037,0.0011,"aoml_navis",1031.69419521019
"7901009",83,0,1,0.022428,1,0,1,157.272755047434,1,4.84634098040872,914,1,5.4980001449585,34.882999420166,0.0224280003458261,0,151.657501220703,-86.3622,27.0554,10.2319763869979,63,63,63,63,61,63,0,7819,1.11328740596807,27,-86,0.001869,51,2025-09-11 09:39:58.001022,914,1.037,0.0011,"aoml_navis",1031.70619240628
"7901009",83,0,1,0.029904,1,0.007476,1,157.482435681848,1,4.84628966085891,916,1,5.4850001335144,34.882999420166,0.0299040004611015,0,151.85969543457,-86.3622,27.0554,10.2319763869979,63,63,63,63,61,63,0,7819,1.11328740596807,27,-86,0.001869,51,2025-09-11 09:39:58.001022,916,1.037,0.0011,"aoml_navis",1031.71711760907
"7901009",83,0,1,0.028035,1,0.005607,1,157.606256598328,1,4.8462417049742,918,1,5.47700023651123,34.882999420166,0.0280349999666214,0,151.979095458984,-86.3622,27.0554,10.2319763869979,63,63,63,63,61,63,0,7819,1.11328740596807,27,-86,0.001869,51,2025-09-11 09:39:58.001022,918,1.037,0.0011,"aoml_navis",1031.7273269445
"7901009",83,0,1,0.028035,1,0.005607,1,157.663095541715,1,4.84618995245184,920.099975585938,1,5.47200012207031,34.8839988708496,0.0280349999666214,0,152.033905029297,-86.3622,27.0554,10.2319763869979,63,63,63,63,61,63,0,7819,1.11328740596807,27,-86,0.001869,51,2025-09-11 09:39:58.001022,920.099975585938,1.037,0.0011,"aoml_navis",1031.73834477337
"7901009",83,0,1,0.031773,1,0.009345,1,157.662668300214,1,4.846146702471,922.099975585938,1,5.47100019454956,34.8839988708496,0.0317730009555817,0,152.033493041992,-86.3622,27.0554,10.2319763869979,63,63,63,63,61,63,0,7819,1.11328740596807,27,-86,0.001869,51,2025-09-11 09:39:58.001022,922.099975585938,1.037,0.0011,"aoml_navis",1031.74755263817
"7901009",83,0,1,0.033642,1,0.011214,1,157.710060459301,1,4.84610625481548,924,1,5.47100019454956,34.8839988708496,0.0336420014500618,0,152.079193115234,-86.3622,27.0554,10.2319763869979,63,63,63,63,61,63,0,7819,1.11328740596807,27,-86,0.001869,51,2025-09-11 09:39:58.001022,924,1.037,0.0011,"aoml_navis",1031.75616404028
"7901009",83,0,1,0.028035,1,0.005607,1,157.852458469194,1,4.84606032104736,926,1,5.46600008010864,34.8839988708496,0.0280349999666214,0,152.216506958008,-86.3622,27.0554,10.2319763869979,63,63,63,63,61,63,0,7819,1.11328740596807,27,-86,0.001869,51,2025-09-11 09:39:58.001022,926,1.037,0.0011,"aoml_navis",1031.76594362312
"7901009",83,0,1,0.028035,1,0.005607,1,157.949822060134,1,4.84601371729633,928,1,5.46000003814697,34.8839988708496,0.0280349999666214,0,152.310394287109,-86.3622,27.0554,10.2319763869979,63,63,63,63,61,63,0,7819,1.11328740596807,27,-86,0.001869,51,2025-09-11 09:39:58.001022,928,1.037,0.0011,"aoml_navis",1031.77586603894
"7901009",83,0,1,0.029904,1,0.007476,1,157.995252073069,1,4.84597047481023,930,1,5.45900011062622,34.8839988708496,0.0299040004611015,0,152.354202270508,-86.3622,27.0554,10.2319763869979,63,63,63,63,61,63,0,7819,1.11328740596807,27,-86,0.001869,51,2025-09-11 09:39:58.001022,930,1.037,0.0011,"aoml_navis",1031.78507297773
"7901009",83,0,1,0.031773,1,0.009345,1,158.020443497866,1,4.84592656215935,932,1,5.45699977874756,34.8839988708496,0.0317730009555817,0,152.378494262695,-86.3622,27.0554,10.2319763869979,63,63,63,63,61,63,0,7819,1.11328740596807,27,-86,0.001869,51,2025-09-11 09:39:58.001022,932,1.037,0.0011,"aoml_navis",1031.79442277227
"7901009",83,0,1,0.029904,1,0.007476,1,158.183982050177,1,4.84587996371187,934,1,5.45100021362305,34.8839988708496,0.0299040004611015,0,152.536193847656,-86.3622,27.0554,10.2319763869979,63,63,63,63,61,63,0,7819,1.11328740596807,27,-86,0.001869,51,2025-09-11 09:39:58.001022,934,1.037,0.0011,"aoml_navis",1031.8043446066
"7901009",83,0,1,0.031773,1,0.009345,1,158.317661168698,1,4.8458347106411,936,1,5.44700002670288,34.8839988708496,0.0317730009555817,0,152.665100097656,-86.3622,27.0554,10.2319763869979,63,63,63,63,61,63,0,7819,1.11328740596807,27,-86,0.001869,51,2025-09-11 09:39:58.001022,936,1.037,0.0011,"aoml_navis",1031.81398016329
"7901009",83,0,1,0.033642,1,0.011214,1,158.477370371259,1,4.84579013126753,938,1,5.44399976730347,34.8839988708496,0.0336420014500618,0,152.819107055664,-86.3622,27.0554,10.2319763869979,63,63,63,63,61,63,0,7819,1.11328740596807,27,-86,0.001869,51,2025-09-11 09:39:58.001022,938,1.037,0.0011,"aoml_navis",1031.82347244827
"7901009",83,0,1,0.031773,1,0.009345,1,158.775410877574,1,4.84574353820914,940,1,5.43800020217896,34.8839988708496,0.0317730009555817,0,153.106506347656,-86.3622,27.0554,10.2319763869979,63,63,63,63,61,63,0,7819,1.11328740596807,27,-86,0.001869,51,2025-09-11 09:39:58.001022,940,1.037,0.0011,"aoml_navis",1031.83339369377
"7901009",83,0,1,0.029904,1,0.007476,1,159.144167764177,1,4.84569694679607,942,1,5.43200016021729,34.8839988708496,0.0299040004611015,0,153.462097167969,-86.3622,27.0554,10.2319763869979,63,63,63,63,61,63,0,7819,1.11328740596807,27,-86,0.001869,51,2025-09-11 09:39:58.001022,942,1.037,0.0011,"aoml_navis",1031.84331477972
"7901009",83,0,1,0.029904,1,0.007476,1,159.610414831794,1,4.84563794514626,944,1,5.41300010681152,34.8849983215332,0.0299040004611015,0,153.911697387695,-86.3622,27.0554,10.2319763869979,63,63,63,63,61,63,0,7819,1.11328740596807,27,-86,0.001869,51,2025-09-11 09:39:58.001022,944,1.037,0.0011,"aoml_navis",1031.8558787514
"7901009",83,0,1,0.024297,1,0.001869,1,160.068259483226,1,4.8455900173331,946,1,5.40500020980835,34.8849983215332,0.0242970008403063,0,154.35319519043,-86.3622,27.0554,10.2319763869979,63,63,63,63,61,63,0,7819,1.11328740596807,27,-86,0.001869,51,2025-09-11 09:39:58.001022,946,1.037,0.0011,"aoml_navis",1031.86608485542
"7901009",83,0,1,0.029904,1,0.007476,1,160.548399811504,1,4.84552967908577,948,1,5.38399982452393,34.8860015869141,0.0299040004611015,0,154.816192626953,-86.3622,27.0554,10.2319763869979,63,63,63,63,61,63,0,7819,1.11328740596807,27,-86,0.001869,51,2025-09-11 09:39:58.001022,948,1.037,0.0011,"aoml_navis",1031.87893401643
"7901009",83,0,1,0.029904,1,0.007476,1,160.839193036062,1,4.84547975002314,950,1,5.3730001449585,34.8860015869141,0.0299040004611015,0,155.096603393555,-86.3622,27.0554,10.2319763869979,63,63,63,63,61,63,0,7819,1.11328740596807,27,-86,0.001869,51,2025-09-11 09:39:58.001022,950,1.037,0.0011,"aoml_navis",1031.88956676088
"7901009",83,0,1,0.031773,1,0.009345,1,161.020454198783,1,4.84542279457265,952,1,5.35699987411499,34.8870010375977,0.0317730009555817,0,155.271392822266,-86.3622,27.0554,10.2319763869979,63,63,63,63,61,63,0,7819,1.11328740596807,27,-86,0.001869,51,2025-09-11 09:39:58.001022,952,1.037,0.0011,"aoml_navis",1031.90169609151
"7901009",83,0,1,0.028035,1,0.005607,1,161.218330308763,1,4.84537621973596,954,1,5.35099983215332,34.8870010375977,0.0280349999666214,0,155.462203979492,-86.3622,27.0554,10.2319763869979,63,63,63,63,61,63,0,7819,1.11328740596807,27,-86,0.001869,51,2025-09-11 09:39:58.001022,954,1.037,0.0011,"aoml_navis",1031.91161496072
"7901009",83,0,1,0.029904,1,0.007476,1,161.360301077154,1,4.84532964685955,956,1,5.34499979019165,34.8870010375977,0.0299040004611015,0,155.599105834961,-86.3622,27.0554,10.2319763869979,63,63,63,63,61,63,0,7819,1.11328740596807,27,-86,0.001869,51,2025-09-11 09:39:58.001022,956,1.037,0.0011,"aoml_navis",1031.92153360312
"7901009",83,0,1,0.033642,1,0.011214,1,161.502477554417,1,4.84528508263828,958,1,5.34200000762939,34.8870010375977,0.0336420014500618,0,155.736206054688,-86.3622,27.0554,10.2319763869979,63,63,63,63,61,63,0,7819,1.11328740596807,27,-86,0.001869,51,2025-09-11 09:39:58.001022,958,1.037,0.0011,"aoml_navis",1031.93102464004
"7901009",83,0,1,0.029904,1,0.007476,1,161.801958022828,1,4.84523918216691,960,1,5.33699989318848,34.8870010375977,0.0299040004611015,0,156.024993896484,-86.3622,27.0554,10.2319763869979,63,63,63,63,61,63,0,7819,1.11328740596807,27,-86,0.001869,51,2025-09-11 09:39:58.001022,960,1.037,0.0011,"aoml_navis",1031.94080044649
"7901009",83,0,1,0.026166,1,0.003738,1,162.001701336404,1,4.84518625636204,962,1,5.3270001411438,34.8880004882812,0.0261659994721413,0,156.21760559082,-86.3622,27.0554,10.2319763869979,63,63,63,63,61,63,0,7819,1.11328740596807,27,-86,0.001869,51,2025-09-11 09:39:58.001022,962,1.037,0.0011,"aoml_navis",1031.95207272676
"7901009",83,0,1,0.029904,1,0.007476,1,162.335313653614,1,4.84514102833735,964,1,5.32299995422363,34.8880004882812,0.0299040004611015,0,156.539306640625,-86.3622,27.0554,10.2319763869979,63,63,63,63,61,63,0,7819,1.11328740596807,27,-86,0.001869,51,2025-09-11 09:39:58.001022,964,1.037,0.0011,"aoml_navis",1031.96170570824
"7901009",83,0,1,0.029904,1,0.007476,1,162.609697639783,1,4.84509513356848,966,1,5.31799983978271,34.8880004882812,0.0299040004611015,0,156.803894042969,-86.3622,27.0554,10.2319763869979,63,63,63,63,61,63,0,7819,1.11328740596807,27,-86,0.001869,51,2025-09-11 09:39:58.001022,966,1.037,0.0011,"aoml_navis",1031.97148088141
"7901009",83,0,1,0.029904,1,0.007476,1,163.032081246636,1,4.84504656732454,968,1,5.30900001525879,34.8880004882812,0.0299040004611015,0,157.211196899414,-86.3622,27.0554,10.2319763869979,63,63,63,63,61,63,0,7819,1.11328740596807,27,-86,0.001869,51,2025-09-11 09:39:58.001022,968,1.037,0.0011,"aoml_navis",1031.98182525643
"7901009",83,0,1,0.033642,1,0.011214,1,163.339869188676,1,4.84498831000458,970,1,5.29099988937378,34.8889999389648,0.0336420014500618,0,157.507995605469,-86.3622,27.0554,10.2319763869979,63,63,63,63,61,63,0,7819,1.11328740596807,27,-86,0.001869,51,2025-09-11 09:39:58.001022,970,1.037,0.0011,"aoml_navis",1031.99423405735
"7901009",83,0,1,0.031773,1,0.009345,1,163.636042491395,1,4.84494108674991,972,1,5.28399991989136,34.8889999389648,0.0317730009555817,0,157.793594360352,-86.3622,27.0554,10.2319763869979,63,63,63,63,61,63,0,7819,1.11328740596807,27,-86,0.001869,51,2025-09-11 09:39:58.001022,972,1.037,0.0011,"aoml_navis",1032.00429282291
"7901009",83,0,1,0.029904,1,0.007476,1,163.882339304816,1,4.84489119689618,974,1,5.27299976348877,34.8889999389648,0.0299040004611015,0,158.031097412109,-86.3622,27.0554,10.2319763869979,63,63,63,63,61,63,0,7819,1.11328740596807,27,-86,0.001869,51,2025-09-11 09:39:58.001022,974,1.037,0.0011,"aoml_navis",1032.01491979906
"7901009",83,0,1,0.033642,1,0.011214,1,164.159951337882,1,4.84483829460516,976,1,5.26300001144409,34.8899993896484,0.0336420014500618,0,158.298797607422,-86.3622,27.0554,10.2319763869979,63,63,63,63,61,63,0,7819,1.11328740596807,27,-86,0.001869,51,2025-09-11 09:39:58.001022,976,1.037,0.0011,"aoml_navis",1032.02618868985
"7901009",83,99999,9,99999,9,99999,9,164.283250070306,1,4.84479174569652,978,1,5.25699996948242,34.8899993896484,99999,99999,158.417694091797,-86.3622,27.0554,10.2319763869979,63,63,63,63,61,63,0,7819,1.11328740596807,27,-86,0.001869,51,2025-09-11 09:39:58.001022,978,1.037,0.0011,"aoml_navis",1032.03610442933
"7901009",83,0,1,0.029904,1,0.007476,1,168.273938869384,1,4.84428595771757,999.200012207031,1,5.18569993972778,34.8919982910156,0.0299040004611015,0,162.265899658203,-86.3622,27.0554,10.2319763869979,63,63,63,63,61,63,0,7819,1.11328740596807,27,-86,0.001869,51,2025-09-11 09:39:58.001022,999.200012207031,1.037,0.0011,"aoml_navis",1032.14385848432
"7901009",83,0,1,0.033642,1,0.011214,1,174.34209737874,1,4.84304911544349,1049.59997558594,1,4.97520017623901,34.898998260498,0.0336420014500618,0,168.117401123047,-86.3622,27.0554,10.2319763869979,63,63,63,63,61,63,0,7819,1.11328740596807,27,-86,0.001869,51,2025-09-11 09:39:58.001022,1049.59997558594,1.037,0.0011,"aoml_navis",1032.40745258107
"7901009",83,0,1,0.029904,1,0.007476,1,178.820078845297,1,4.84189523238749,1099.40002441406,1,4.85780000686646,34.9039993286133,0.0299040004611015,0,172.435501098633,-86.3622,27.0554,10.2319763869979,63,63,63,63,61,63,0,7819,1.11328740596807,27,-86,0.001869,51,2025-09-11 09:39:58.001022,1099.40002441406,1.037,0.0011,"aoml_navis",1032.65348794723
"7901009",83,0,1,0.033642,1,0.011214,1,183.227961058178,1,4.84074422712,1149.19995117188,1,4.73750019073486,34.9080009460449,0.0336420014500618,0,176.686004638672,-86.3622,27.0554,10.2319763869979,63,63,63,63,61,63,0,7819,1.11328740596807,27,-86,0.001869,51,2025-09-11 09:39:58.001022,1149.19995117188,1.037,0.0011,"aoml_navis",1032.89902655624
"7901009",83,0,1,0.024297,1,0.001869,1,187.196338356651,1,4.83958623989094,1199.90002441406,1,4.63390016555786,34.9119987487793,0.0242970008403063,0,180.5126953125,-86.3622,27.0554,10.2319763869979,63,63,63,63,61,63,0,7819,1.11328740596807,27,-86,0.001869,51,2025-09-11 09:39:58.001022,1199.90002441406,1.037,0.0011,"aoml_navis",1033.1461724531
"7901009",83,0,1,0.035511,1,0.013083,1,191.271652620436,1,4.83844780327431,1249.40002441406,1,4.52530002593994,34.9169998168945,0.0355109982192516,0,184.442504882812,-86.3622,27.0554,10.2319763869979,63,63,63,63,61,63,0,7819,1.11328740596807,27,-86,0.001869,51,2025-09-11 09:39:58.001022,1249.40002441406,1.037,0.0011,"aoml_navis",1033.38926103871
"7901009",83,0,1,0.029904,1,0.007476,1,193.146688978058,1,4.83737665399338,1298.40002441406,1,4.48439979553223,34.9189987182617,0.0299040004611015,0,186.250595092773,-86.3622,27.0554,10.2319763869979,63,63,63,63,61,63,0,7819,1.11328740596807,27,-86,0.001869,51,2025-09-11 09:39:58.001022,1298.40002441406,1.037,0.0011,"aoml_navis",1033.61808633867
"7901009",83,0,1,0.029904,1,0.007476,1,194.791726994331,1,4.83625271837816,1350,1,4.44490003585815,34.9210014343262,0.0299040004611015,0,187.836898803711,-86.3622,27.0554,10.2319763869979,63,63,63,63,61,63,0,7819,1.11328740596807,27,-86,0.001869,51,2025-09-11 09:39:58.001022,1350,1.037,0.0011,"aoml_navis",1033.85829714803
"7901009",83,0,1,0.024297,1,0.001869,1,195.916590571311,1,4.83519101985083,1399.59997558594,1,4.4278998374939,34.9220008850098,0.0242970008403063,0,188.921600341797,-86.3622,27.0554,10.2319763869979,63,63,63,63,61,63,0,7819,1.11328740596807,27,-86,0.001869,51,2025-09-11 09:39:58.001022,1399.59997558594,1.037,0.0011,"aoml_navis",1034.08530903382
"7901009",83,0,1,0.031773,1,0.009345,1,197.293969699116,1,4.83412155668497,1449.30004882812,1,4.40040016174316,34.9230003356934,0.0317730009555817,0,190.249801635742,-86.3622,27.0554,10.2319763869979,63,63,63,63,61,63,0,7819,1.11328740596807,27,-86,0.001869,51,2025-09-11 09:39:58.001022,1449.30004882812,1.037,0.0011,"aoml_navis",1034.31408196297
"7901009",83,0,1,0.029904,1,0.007476,1,199.116233819489,1,4.83304106912619,1499.59997558594,1,4.37330007553101,34.923999786377,0.0299040004611015,0,192.00700378418,-86.3622,27.0554,10.2319763869979,63,63,63,63,61,63,0,7819,1.11328740596807,27,-86,0.001869,51,2025-09-11 09:39:58.001022,1499.59997558594,1.037,0.0011,"aoml_navis",1034.54531597928
"7901009",83,0,1,0.029904,1,0.007476,1,200.396644950336,1,4.83195490317347,1550.19995117188,1,4.35050010681152,34.9259986877441,0.0299040004611015,0,193.24169921875,-86.3622,27.0554,10.2319763869979,63,63,63,63,61,63,0,7819,1.11328740596807,27,-86,0.001869,51,2025-09-11 09:39:58.001022,1550.19995117188,1.037,0.0011,"aoml_navis",1034.77786945324
"7901009",83,0,1,0.033642,1,0.011214,1,201.265575044484,1,4.83089604578651,1600,1,4.33570003509521,34.9269981384277,0.0336420014500618,0,194.079605102539,-86.3622,27.0554,10.2319763869979,63,63,63,63,61,63,0,7819,1.11328740596807,27,-86,0.001869,51,2025-09-11 09:39:58.001022,1600,1.037,0.0011,"aoml_navis",1035.0046766916
"7901009",83,0,1,0.029904,1,0.007476,1,202.021349435916,1,4.82984588243857,1649.59997558594,1,4.32539987564087,34.9280014038086,0.0299040004611015,0,194.808395385742,-86.3622,27.0554,10.2319763869979,63,63,63,63,61,63,0,7819,1.11328740596807,27,-86,0.001869,51,2025-09-11 09:39:58.001022,1649.59997558594,1.037,0.0011,"aoml_navis",1035.22971989233
"7901009",83,0,1,0.029904,1,0.007476,1,202.558217941265,1,4.82879308285708,1699.59997558594,1,4.31599998474121,34.9280014038086,0.0299040004611015,0,195.326095581055,-86.3622,27.0554,10.2319763869979,63,63,63,63,61,63,0,7819,1.11328740596807,27,-86,0.001869,51,2025-09-11 09:39:58.001022,1699.59997558594,1.037,0.0011,"aoml_navis",1035.45542627426
"7901009",83,0,1,0.033642,1,0.011214,1,202.889440870821,1,4.82775705021704,1748.90002441406,1,4.31279993057251,34.9290008544922,0.0336420014500618,0,195.645492553711,-86.3622,27.0554,10.2319763869979,63,63,63,63,61,63,0,7819,1.11328740596807,27,-86,0.001869,51,2025-09-11 09:39:58.001022,1748.90002441406,1.037,0.0011,"aoml_navis",1035.67763414591
"7901009",83,0,1,0.026166,1,0.003738,1,202.992738371497,1,4.8267189771214,1798.5,1,4.30830001831055,34.9290008544922,0.0261659994721413,0,195.745101928711,-86.3622,27.0554,10.2319763869979,63,63,63,63,61,63,0,7819,1.11328740596807,27,-86,0.001869,51,2025-09-11 09:39:58.001022,1798.5,1.037,0.0011,"aoml_navis",1035.90037532741
"7901009",83,0,1,0.031773,1,0.009345,1,203.488844872903,1,4.82566958077829,1848.80004882812,1,4.30630016326904,34.9290008544922,0.0317730009555817,0,196.223495483398,-86.3622,27.0554,10.2319763869979,63,63,63,63,61,63,0,7819,1.11328740596807,27,-86,0.001869,51,2025-09-11 09:39:58.001022,1848.80004882812,1.037,0.0011,"aoml_navis",1036.12564356169
"7901009",83,0,1,0.035511,1,0.013083,1,204.36005358839,1,4.82461401344938,1899.30004882812,1,4.3043999671936,34.9300003051758,0.0355109982192516,0,197.063598632812,-86.3622,27.0554,10.2319763869979,63,63,63,63,61,63,0,7819,1.11328740596807,27,-86,0.001869,51,2025-09-11 09:39:58.001022,1899.30004882812,1.037,0.0011,"aoml_navis",1036.35233534988
"7901009",83,0,1,0.022428,1,0,1,204.534795362281,1,4.82359513462069,1948.30004882812,1,4.30299997329712,34.9300003051758,0.0224280003458261,0,197.23210144043,-86.3622,27.0554,10.2319763869979,63,63,63,63,61,63,0,7819,1.11328740596807,27,-86,0.001869,51,2025-09-11 09:39:58.001022,1948.30004882812,1.037,0.0011,"aoml_navis",1036.57124208315
"7901009",83,0,1,0.033642,1,0.011214,1,204.794463252306,1,4.822539787571,1999.19995117188,1,4.30359983444214,34.9300003051758,0.0336420014500618,0,197.482498168945,-86.3622,27.0554,10.2319763869979,63,63,63,63,61,63,0,7819,1.11328740596807,27,-86,0.001869,51,2025-09-11 09:39:58.001022,1999.19995117188,1.037,0.0011,"aoml_navis",1036.79808155992
"7901009",84,0.0609993901929747,5,0.065415,1,0.042987,1,193.467261662052,1,4.89045676651853,2.40000009536743,1,28.8610000610352,35.3709983825684,0.0654150024056435,0.0791280344128609,186.559692382812,-87.0307,27.1799,23.8404837148904,63,63,63,63,61,63,0.069153,7818,1.13366707078925,27,-87,0.001869,51,2025-09-16 16:30:15.00176,2.40000009536743,1.037,0.0011,"aoml_navis",1022.39938695122
"7901009",84,0.0609993901929747,5,0.069153,1,0.046725,1,193.654140289066,1,4.89042243766709,4,1,28.8600006103516,35.3709983825684,0.0691530033946037,0.0791280344128609,186.739898681641,-87.0307,27.1799,23.8404837148904,63,63,63,63,61,63,0.069153,7818,1.13366707078925,27,-87,0.001869,51,2025-09-16 16:30:15.00176,4,1.037,0.0011,"aoml_navis",1022.40656379476
"7901009",84,0.0609993901929747,5,0.080367,1,0.057939,1,193.866526820122,1,4.89013669019563,5.80000019073486,1,28.9650001525879,35.4869995117188,0.0803669989109039,0.0791280344128609,186.944702148438,-87.0307,27.1799,23.8404837148904,63,63,63,63,61,63,0.069153,7818,1.13366707078925,27,-87,0.001869,51,2025-09-16 16:30:15.00176,5.80000019073486,1.037,0.0011,"aoml_navis",1022.46630651954
"7901009",84,0.0609993901929747,5,0.069153,1,0.046725,1,192.806366426164,1,4.88917349021992,8,1,29.4230003356934,35.9480018615723,0.0691530033946037,0.0791280344128609,185.922393798828,-87.0307,27.1799,23.8404837148904,63,63,63,63,61,63,0.069153,7818,1.13366707078925,27,-87,0.001869,51,2025-09-16 16:30:15.00176,8,1.037,0.0011,"aoml_navis",1022.66773924095
"7901009",84,0.0609993901929747,5,0.071022,1,0.048594,1,191.739686642339,1,4.88859475363288,10,1,29.8159999847412,36.2760009765625,0.0710219964385033,0.0791280344128609,184.893798828125,-87.0307,27.1799,23.8404837148904,63,63,63,63,61,63,0.069153,7818,1.13366707078925,27,-87,0.001869,51,2025-09-16 16:30:15.00176,10,1.037,0.0011,"aoml_navis",1022.78880782342
"7901009",84,0.0609993901929747,5,0.069153,1,0.046725,1,191.639205754826,1,4.88851397514534,12,1,29.8419990539551,36.298999786377,0.0691530033946037,0.0791280344128609,184.796905517578,-87.0307,27.1799,23.8404837148904,63,63,63,63,61,63,0.069153,7818,1.13366707078925,27,-87,0.001869,51,2025-09-16 16:30:15.00176,12,1.037,0.0011,"aoml_navis",1022.8057085285
"7901009",84,0.0609993901929747,5,0.097188,1,0.07476,1,191.683686349283,1,4.88845854822786,14,1,29.8439998626709,36.3040008544922,0.0971880033612251,0.0791280344128609,184.839797973633,-87.0307,27.1799,23.8404837148904,63,63,63,63,61,63,0.069153,7818,1.13366707078925,27,-87,0.001869,51,2025-09-16 16:30:15.00176,14,1.037,0.0011,"aoml_navis",1022.81730542905
"7901009",84,0.0609993901929747,5,0.076629,1,0.054201,1,191.654760512688,1,4.88840081461054,16,1,29.8379993438721,36.3059997558594,0.0766289979219437,0.0791280344128609,184.811904907227,-87.0307,27.1799,23.8404837148904,63,63,63,63,61,63,0.069153,7818,1.13366707078925,27,-87,0.001869,51,2025-09-16 16:30:15.00176,16,1.037,0.0011,"aoml_navis",1022.82938523697
"7901009",84,0.0609993901929747,4,0.080367,1,0.057939,1,191.674350329813,1,4.8883538404568,18,1,29.8320007324219,36.3050003051758,0.0803669989109039,0.0791280344128609,184.830795288086,-87.0307,27.1799,23.8404837148904,63,63,63,63,61,63,0.069153,7818,1.13366707078925,27,-87,0.001869,51,2025-09-16 16:30:15.00176,18,1.037,0.0011,"aoml_navis",1022.83921401499
"7901009",84,0.0609993901929747,5,0.127092,1,0.104664,1,191.55738108249,1,4.88830751338286,20,1,29.82200050354,36.3019981384277,0.127092003822327,0.114009000360966,184.718002319336,-87.0307,27.1799,23.8404837148904,63,63,63,63,61,63,0.069153,7818,1.13366707078925,27,-87,0.001869,51,2025-09-16 16:30:15.00176,20,1.037,0.0011,"aoml_navis",1022.84890758435
"7901009",84,0.0609993901929747,5,0.091581,1,0.069153,1,191.60311175413,1,4.88825467774179,22,1,29.8190002441406,36.3040008544922,0.0915810018777847,0.0784979984164238,184.762100219727,-87.0307,27.1799,23.8404837148904,63,63,63,63,61,63,0.069153,7818,1.13366707078925,27,-87,0.001869,51,2025-09-16 16:30:15.00176,22,1.037,0.0011,"aoml_navis",1022.85996324353
"7901009",84,0.06429665452773,1,0.095319,1,0.072891,1,191.677151135654,1,4.88818647587361,24,1,29.7999992370605,36.3030014038086,0.095319002866745,0.0822359994053841,184.83349609375,-87.0307,27.1799,23.8404837148904,63,63,63,63,61,63,0.072891,7818,1.13366707078925,27,-87,0.001869,51,2025-09-16 16:30:15.00176,24,1.037,0.0011,"aoml_navis",1022.87423458132
"7901009",84,0.0675939188624854,1,0.099057,1,0.076629,1,191.765400255286,1,4.88812873851382,26,1,29.7830009460449,36.2999992370605,0.0990569964051247,0.0859740003943443,184.918594360352,-87.0307,27.1799,23.8404837148904,63,63,63,63,61,63,0.076629,7818,1.13366707078925,27,-87,0.001869,51,2025-09-16 16:30:15.00176,26,1.037,0.0011,"aoml_navis",1022.88631651715
"7901009",84,0.0708911831972408,1,0.102795,1,0.080367,1,191.599583055246,1,4.88807601594428,28,1,29.8129997253418,36.3170013427734,0.102794997394085,0.0897120013833046,184.758697509766,-87.0307,27.1799,23.8404837148904,63,63,63,63,61,63,0.080367,7818,1.13366707078925,27,-87,0.001869,51,2025-09-16 16:30:15.00176,28,1.037,0.0011,"aoml_navis",1022.89734932326
"7901009",84,0.0708911831972408,1,0.102795,1,0.080367,1,191.497646381645,1,4.88801919819712,30,1,29.8579998016357,36.3419990539551,0.102794997394085,0.0897120013833046,184.660400390625,-87.0307,27.1799,23.8404837148904,63,63,63,63,61,63,0.080367,7818,1.13366707078925,27,-87,0.001869,51,2025-09-16 16:30:15.00176,30,1.037,0.0011,"aoml_navis",1022.909239359
"7901009",84,0.0725398153646185,1,0.104664,1,0.082236,1,191.407530058119,1,4.88796862140637,32,1,29.8980007171631,36.3629989624023,0.104663997888565,0.0915810018777847,184.573501586914,-87.0307,27.1799,23.8404837148904,63,63,63,63,61,63,0.082236,7818,1.13366707078925,27,-87,0.001869,51,2025-09-16 16:30:15.00176,32,1.037,0.0011,"aoml_navis",1022.91982360586
"7901009",84,0.0774857118667516,1,0.110271,1,0.087843,1,191.264831374088,1,4.88792097838783,34,1,29.9309997558594,36.3800010681152,0.110270999372005,0.0971880033612251,184.435897827148,-87.0307,27.1799,23.8404837148904,63,63,63,63,61,63,0.087843,7818,1.13366707078925,27,-87,0.001869,51,2025-09-16 16:30:15.00176,34,1.037,0.0011,"aoml_navis",1022.92979410014
"7901009",84,0.0824316083688847,1,0.115878,1,0.09345,1,191.507393818922,1,4.88784269299785,36.0999984741211,1,29.9640007019043,36.4049987792969,0.115878000855446,0.102794997394085,184.669799804688,-87.0307,27.1799,23.8404837148904,63,63,63,63,61,63,0.09345,7818,1.13366707078925,27,-87,0.001869,51,2025-09-16 16:30:15.00176,36.0999984741211,1.037,0.0011,"aoml_navis",1022.94617769979
"7901009",84,0.168160481072525,1,0.213066,1,0.190638,1,193.276047324302,1,4.88766827261204,38.2000007629395,1,29.9930000305176,36.4550018310547,0.21306599676609,0.19998300075531,186.375305175781,-87.0307,27.1799,23.8404837148904,63,63,63,63,61,63,0.190638,7818,1.13366707078925,27,-87,0.001869,51,2025-09-16 16:30:15.00176,38.2000007629395,1.037,0.0011,"aoml_navis",1022.98268235948
"7901009",84,0.207727653089589,1,0.257922,1,0.235494,1,207.679088506823,1,4.88702443372783,39.9000015258789,1,29.6509990692139,36.4690017700195,0.257921993732452,0.244838997721672,200.264099121094,-87.0307,27.1799,23.8404837148904,63,63,63,63,61,63,0.235494,7818,1.13366707078925,27,-87,0.001869,51,2025-09-16 16:30:15.00176,39.9000015258789,1.037,0.0011,"aoml_navis",1023.11745476296
"7901009",84,0.398968984505402,1,0.474726,1,0.452298,1,215.059291016478,1,4.88587477663581,42,1,29.0020008087158,36.4850006103516,0.474725991487503,0.461643010377884,207.380798339844,-87.0307,27.1799,23.8404837148904,63,63,63,63,61,63,0.452298,7818,1.13366707078925,27,-87,0.001869,51,2025-09-16 16:30:15.00176,42,1.037,0.0011,"aoml_navis",1023.35819655263
"7901009",84,0.356104548153582,1,0.426132,1,0.403704,1,211.405125524728,1,4.88521956830255,43.7999992370605,1,28.5699996948242,36.4650001525879,0.426131993532181,0.413049012422562,203.85710144043,-87.0307,27.1799,23.8404837148904,63,63,63,63,61,63,0.403704,7818,1.13366707078925,27,-87,0.001869,51,2025-09-16 16:30:15.00176,43.7999992370605,1.037,0.0011,"aoml_navis",1023.49544991635
"7901009",84,0.201133124420079,1,0.250446,1,0.228018,1,206.757686680205,1,4.88447869502083,45.9000015258789,1,28.1060009002686,36.4550018310547,0.250445991754532,0.237362995743752,199.375595092773,-87.0307,27.1799,23.8404837148904,63,63,63,63,61,63,0.228018,7818,1.13366707078925,27,-87,0.001869,51,2025-09-16 16:30:15.00176,45.9000015258789,1.037,0.0011,"aoml_navis",1023.65069277443
"7901009",84,0.173106377574658,4,0.218673,1,0.196245,1,206.99475827969,1,4.88406986697354,48,1,27.8589992523193,36.4490013122559,0.218673005700111,0.20558999478817,199.604202270508,-87.0307,27.1799,23.8404837148904,63,63,63,63,61,63,0.196245,7818,1.13366707078925,27,-87,0.001869,51,2025-09-16 16:30:15.00176,48,1.037,0.0011,"aoml_navis",1023.73637891841
"7901009",84,0.186295434913679,4,0.233625,1,0.211197,1,210.710414909845,1,4.88349669209362,50.0999984741211,1,27.5580005645752,36.4659996032715,0.233624994754791,0.220541998744011,203.187194824219,-87.0307,27.1799,23.8404837148904,63,63,63,63,61,63,0.211197,7818,1.13366707078925,27,-87,0.001869,51,2025-09-16 16:30:15.00176,50.0999984741211,1.037,0.0011,"aoml_navis",1023.85653462098
"7901009",84,0.227511239098122,1,0.28035,1,0.257922,1,209.614382047857,1,4.88319431070235,52,1,27.3880004882812,36.4659996032715,0.280349999666214,0.267266988754272,202.130294799805,-87.0307,27.1799,23.8404837148904,63,63,63,63,61,63,0.257922,7818,1.13366707078925,27,-87,0.001869,51,2025-09-16 16:30:15.00176,52,1.037,0.0011,"aoml_navis",1023.91993475288
"7901009",84,0.212673549591722,4,0.263529,1,0.241101,1,208.48527752368,1,4.88271899300536,53.9000015258789,1,27.1119995117188,36.4690017700195,0.263529002666473,0.250445991754532,201.04150390625,-87.0307,27.1799,23.8404837148904,63,63,63,63,61,63,0.241101,7818,1.13366707078925,27,-87,0.001869,51,2025-09-16 16:30:15.00176,53.9000015258789,1.037,0.0011,"aoml_navis",1024.01961021362
"7901009",84,0.23575439993501,1,0.289695,1,0.267267,1,206.222068166592,1,4.88223500241368,56,1,26.8500003814697,36.4799995422363,0.289694994688034,0.276612013578415,198.859100341797,-87.0307,27.1799,23.8404837148904,63,63,63,63,61,63,0.267267,7818,1.13366707078925,27,-87,0.001869,51,2025-09-16 16:30:15.00176,56,1.037,0.0011,"aoml_navis",1024.12112434737
"7901009",84,0.252240721608787,1,0.308385,1,0.285957,1,205.982417293931,1,4.8818041943174,58.2000007629395,1,26.6180000305176,36.4889984130859,0.308385014533997,0.295302003622055,198.628005981445,-87.0307,27.1799,23.8404837148904,63,63,63,63,61,63,0.285957,7818,1.13366707078925,27,-87,0.001869,51,2025-09-16 16:30:15.00176,58.2000007629395,1.037,0.0011,"aoml_navis",1024.21150070299
"7901009",84,0.25718661811092,1,0.313992,1,0.291564,1,210.555800933169,1,4.88141012044765,59.9000015258789,1,26.3880004882812,36.492000579834,0.313991993665695,0.300909012556076,203.038101196289,-87.0307,27.1799,23.8404837148904,63,63,63,63,61,63,0.291564,7818,1.13366707078925,27,-87,0.001869,51,2025-09-16 16:30:15.00176,59.9000015258789,1.037,0.0011,"aoml_navis",1024.29418480033
"7901009",84,0.301699686630118,1,0.364455,1,0.342027,1,207.842310609926,1,4.88086478775198,61.9000015258789,1,25.988000869751,36.4650001525879,0.364455014467239,0.351372003555298,200.421493530273,-87.0307,27.1799,23.8404837148904,63,63,63,63,61,63,0.342027,7818,1.13366707078925,27,-87,0.001869,51,2025-09-16 16:30:15.00176,61.9000015258789,1.037,0.0011,"aoml_navis",1024.4086278618
"7901009",84,0.339618226479805,1,0.407442,1,0.385014,1,204.876937646141,1,4.88031307556904,64,1,25.6490001678467,36.4659996032715,0.407442003488541,0.394358992576599,197.561996459961,-87.0307,27.1799,23.8404837148904,63,63,63,63,61,63,0.385014,7818,1.13366707078925,27,-87,0.001869,51,2025-09-16 16:30:15.00176,64,1.037,0.0011,"aoml_navis",1024.52443574371
"7901009",84,0.40061761667278,1,0.476595,1,0.454167,1,201.746981735737,1,4.87963242739126,66.0999984741211,1,25.2390003204346,36.4749984741211,0.476595014333725,0.463512003421783,194.543792724609,-87.0307,27.1799,23.8404837148904,63,63,63,63,61,63,0.454167,7818,1.13366707078925,27,-87,0.001869,51,2025-09-16 16:30:15.00176,66.0999984741211,1.037,0.0011,"aoml_navis",1024.66734419033
"7901009",84,0.441833420857222,1,0.52332,1,0.500892,1,200.581055317821,1,4.87943164986923,68,1,25.1359996795654,36.4780006408691,0.523320019245148,0.510236978530884,193.419494628906,-87.0307,27.1799,23.8404837148904,63,63,63,63,61,63,0.500892,7818,1.13366707078925,27,-87,0.001869,51,2025-09-16 16:30:15.00176,68,1.037,0.0011,"aoml_navis",1024.7095069226
"7901009",84,0.478103328539531,1,0.564438,1,0.54201,1,198.848495813137,1,4.87905945847102,70,1,24.9290008544922,36.4860000610352,0.564437985420227,0.551355004310608,191.748794555664,-87.0307,27.1799,23.8404837148904,63,63,63,63,61,63,0.54201,7818,1.13366707078925,27,-87,0.001869,51,2025-09-16 16:30:15.00176,70,1.037,0.0011,"aoml_navis",1024.78767528012
"7901009",84,0.489643753711175,1,0.577521,1,0.555093,1,197.00010637198,1,4.8787231506813,71.9000015258789,1,24.7070007324219,36.4790000915527,0.577521026134491,0.564437985420227,189.966400146484,-87.0307,27.1799,23.8404837148904,63,63,63,63,61,63,0.555093,7818,1.13366707078925,27,-87,0.001869,51,2025-09-16 16:30:15.00176,71.9000015258789,1.037,0.0011,"aoml_navis",1024.85831755011
"7901009",84,0.45007658169411,1,0.532665,1,0.510237,1,194.714601334498,1,4.87797154074364,74,1,24.2350006103516,36.4869995117188,0.532665014266968,0.519581973552704,187.762496948242,-87.0307,27.1799,23.8404837148904,63,63,63,63,61,63,0.510237,7818,1.13366707078925,27,-87,0.001869,51,2025-09-16 16:30:15.00176,74,1.037,0.0011,"aoml_navis",1025.01623025824
"7901009",84,0.418752570513934,4,0.497154,1,0.474726,1,194.676339478433,1,4.87728649705428,76,1,23.7900009155273,36.4900016784668,0.497153997421265,0.484070986509323,187.725601196289,-87.0307,27.1799,23.8404837148904,63,63,63,63,61,63,0.474726,7818,1.13366707078925,27,-87,0.001869,51,2025-09-16 16:30:15.00176,76,1.037,0.0011,"aoml_navis",1025.16019984059
"7901009",84,0.413806674011801,4,0.491547,1,0.469119,1,192.657876245309,1,4.87708186598875,78,1,23.6229991912842,36.4700012207031,0.491546988487244,0.478464007377625,185.779205322266,-87.0307,27.1799,23.8404837148904,63,63,63,63,61,63,0.469119,7818,1.13366707078925,27,-87,0.001869,51,2025-09-16 16:30:15.00176,78,1.037,0.0011,"aoml_navis",1025.20321318952
"7901009",84,0.435238892187711,1,0.515844,1,0.493416,1,190.817984164247,1,4.87698196120557,80,1,23.5349998474121,36.4519996643066,0.515843987464905,0.502761006355286,184.005004882812,-87.0307,27.1799,23.8404837148904,63,63,63,63,61,63,0.493416,7818,1.13366707078925,27,-87,0.001869,51,2025-09-16 16:30:15.00176,80,1.037,0.0011,"aoml_navis",1025.22421443692
"7901009",84,0.47150879987002,1,0.556962,1,0.534534,1,187.805630451639,1,4.87673701947388,82,1,23.386999130249,36.451000213623,0.556962013244629,0.543878972530365,181.100204467773,-87.0307,27.1799,23.8404837148904,63,63,63,63,61,63,0.534534,7818,1.13366707078925,27,-87,0.001869,51,2025-09-16 16:30:15.00176,82,1.037,0.0011,"aoml_navis",1025.27570792395
"7901009",84,0.487995121543797,1,0.575652,1,0.553224,1,184.412272202093,1,4.87642536691016,84,1,23.2189998626709,36.4609985351562,0.575652003288269,0.56256902217865,177.828002929688,-87.0307,27.1799,23.8404837148904,63,63,63,63,61,63,0.553224,7818,1.13366707078925,27,-87,0.001869,51,2025-09-16 16:30:15.00176,84,1.037,0.0011,"aoml_navis",1025.34123334039
"7901009",84,0.586913051586459,1,0.687792,1,0.665364,1,179.520403708843,1,4.87606710609929,86.1999969482422,1,23.0300006866455,36.4749984741211,0.687792003154755,0.674709022045135,173.110794067383,-87.0307,27.1799,23.8404837148904,63,63,63,63,61,63,0.665364,7818,1.13366707078925,27,-87,0.001869,51,2025-09-16 16:30:15.00176,86.1999969482422,1.037,0.0011,"aoml_navis",1025.41656855905
"7901009",84,0.647912441779434,1,0.756945,1,0.734517,1,171.055482326896,1,4.87566944473283,87.9000015258789,1,22.8040008544922,36.4889984130859,0.756945013999939,0.743861973285675,164.948104858398,-87.0307,27.1799,23.8404837148904,63,63,63,63,61,63,0.734517,7818,1.13366707078925,27,-87,0.001869,51,2025-09-16 16:30:15.00176,87.9000015258789,1.037,0.0011,"aoml_navis",1025.50020190591
"7901009",84,0.583615787251703,1,0.684054,1,0.661626,1,160.804169002578,1,4.87531057994756,89.9000015258789,1,22.6909999847412,36.5340003967285,0.684054017066956,0.670970976352692,155.062805175781,-87.0307,27.1799,23.8404837148904,63,63,63,63,61,63,0.661626,7818,1.13366707078925,27,-87,0.001869,51,2025-09-16 16:30:15.00176,89.9000015258789,1.037,0.0011,"aoml_navis",1025.57568753985
"7901009",84,0.560534936908416,1,0.657888,1,0.63546,1,154.161179732036,1,4.87494840661214,91.9000015258789,1,22.4669990539551,36.5379981994629,0.657887995243073,0.644805014133453,148.656997680664,-87.0307,27.1799,23.8404837148904,63,63,63,63,61,63,0.63546,7818,1.13366707078925,27,-87,0.001869,51,2025-09-16 16:30:15.00176,91.9000015258789,1.037,0.0011,"aoml_navis",1025.65188038057
"7901009",84,0.522616397058729,1,0.614901,1,0.592473,1,152.675439264114,1,4.87442995333519,94,1,22.1089992523193,36.5349998474121,0.614901006221771,0.601818025112152,147.224304199219,-87.0307,27.1799,23.8404837148904,63,63,63,63,61,63,0.592473,7818,1.13366707078925,27,-87,0.001869,51,2025-09-16 16:30:15.00176,94,1.037,0.0011,"aoml_navis",1025.76097058875
"7901009",84,0.511075971887085,1,0.601818,1,0.57939,1,151.557617082109,1,4.87425931411706,96,1,22.0130004882812,36.5349998474121,0.601818025112152,0.588734984397888,146.146392822266,-87.0307,27.1799,23.8404837148904,63,63,63,63,61,63,0.57939,7818,1.13366707078925,27,-87,0.001869,51,2025-09-16 16:30:15.00176,96,1.037,0.0011,"aoml_navis",1025.79688067042
"7901009",84,0.48634648937642,1,0.573783,1,0.551355,1,149.039929987542,1,4.87412616192518,98,1,21.9500007629395,36.5369987487793,0.573782980442047,0.560699999332428,143.718597412109,-87.0307,27.1799,23.8404837148904,63,63,63,63,61,63,0.551355,7818,1.13366707078925,27,-87,0.001869,51,2025-09-16 16:30:15.00176,98,1.037,0.0011,"aoml_navis",1025.82490356079
"7901009",84,0.42204983484869,1,0.500892,1,0.478464,1,143.53767570611,1,4.87362483215218,100,1,21.7280006408691,36.5820007324219,0.500891983509064,0.487809002399445,138.412796020508,-87.0307,27.1799,23.8404837148904,63,63,63,63,61,63,0.478464,7818,1.13366707078925,27,-87,0.001869,51,2025-09-16 16:30:15.00176,100,1.037,0.0011,"aoml_navis",1025.93042595608
"7901009",84,0.38577992716638,1,0.459774,1,0.437346,1,140.412182096538,1,4.87316349907181,102,1,21.4640007019043,36.601001739502,0.459773987531662,0.446691006422043,135.398895263672,-87.0307,27.1799,23.8404837148904,63,63,63,63,61,63,0.437346,7818,1.13366707078925,27,-87,0.001869,51,2025-09-16 16:30:15.00176,102,1.037,0.0011,"aoml_navis",1026.0275488299
"7901009",84,0.351158651651449,1,0.420525,1,0.398097,1,138.57852457763,1,4.87288668686122,104,1,21.3159999847412,36.6119995117188,0.420525014400482,0.407442003488541,133.630706787109,-87.0307,27.1799,23.8404837148904,63,63,63,63,61,63,0.398097,7818,1.13366707078925,27,-87,0.001869,51,2025-09-16 16:30:15.00176,104,1.037,0.0011,"aoml_navis",1026.08583398451
"7901009",84,0.341266858647183,1,0.409311,1,0.386883,1,136.318638210523,1,4.8725942852026,106,1,21.1060009002686,36.6049995422363,0.40931099653244,0.396227985620499,131.451507568359,-87.0307,27.1799,23.8404837148904,63,63,63,63,61,63,0.386883,7818,1.13366707078925,27,-87,0.001869,51,2025-09-16 16:30:15.00176,106,1.037,0.0011,"aoml_navis",1026.14740882169
"7901009",84,0.334672329977672,1,0.401835,1,0.379407,1,134.470232945605,1,4.87233437614898,107.900001525879,1,20.9540004730225,36.6110000610352,0.40183499455452,0.388752013444901,129.669097900391,-87.0307,27.1799,23.8404837148904,63,63,63,63,61,63,0.379407,7818,1.13366707078925,27,-87,0.001869,51,2025-09-16 16:30:15.00176,107.900001525879,1.037,0.0011,"aoml_navis",1026.20214747082
"7901009",84,0.319834640471273,1,0.385014,1,0.362586,1,133.60794869312,1,4.87209045135373,110,1,20.8139991760254,36.6160011291504,0.385013997554779,0.371930986642838,128.837600708008,-87.0307,27.1799,23.8404837148904,63,63,63,63,61,63,0.362586,7818,1.13366707078925,27,-87,0.001869,51,2025-09-16 16:30:15.00176,110,1.037,0.0011,"aoml_navis",1026.25352503682
"7901009",84,0.306645583132251,1,0.370062,1,0.347634,1,132.42532029461,1,4.87189151377107,112,1,20.6870002746582,36.6139984130859,0.370061993598938,0.356979012489319,127.697196960449,-87.0307,27.1799,23.8404837148904,63,63,63,63,61,63,0.347634,7818,1.13366707078925,27,-87,0.001869,51,2025-09-16 16:30:15.00176,112,1.037,0.0011,"aoml_navis",1026.29543081303
"7901009",84,0.290159261458474,1,0.351372,1,0.328944,1,132.101249652677,1,4.87160594233315,114,1,20.4979991912842,36.6139984130859,0.351372003555298,0.338288992643356,127.384696960449,-87.0307,27.1799,23.8404837148904,63,63,63,63,61,63,0.328944,7818,1.13366707078925,27,-87,0.001869,51,2025-09-16 16:30:15.00176,114,1.037,0.0011,"aoml_navis",1026.35559180826
"7901009",84,0.270375675449942,1,0.328944,1,0.306516,1,132.275785745476,1,4.87135967026242,116,1,20.3159999847412,36.6059989929199,0.328943997621536,0.315860986709595,127.553001403809,-87.0307,27.1799,23.8404837148904,63,63,63,63,61,63,0.306516,7818,1.13366707078925,27,-87,0.001869,51,2025-09-16 16:30:15.00176,116,1.037,0.0011,"aoml_navis",1026.40747931689
"7901009",84,0.258835250278298,1,0.315861,1,0.293433,1,133.763401329173,1,4.87107137068607,118,1,20.1000003814697,36.5979995727539,0.315860986709595,0.302778005599976,128.987503051758,-87.0307,27.1799,23.8404837148904,63,63,63,63,61,63,0.293433,7818,1.13366707078925,27,-87,0.001869,51,2025-09-16 16:30:15.00176,118,1.037,0.0011,"aoml_navis",1026.46822834291
"7901009",84,0.23575439993501,1,0.289695,1,0.267267,1,136.463393983589,1,4.8708829817776,120,1,19.9699993133545,36.5929985046387,0.289694994688034,0.276612013578415,131.591094970703,-87.0307,27.1799,23.8404837148904,63,63,63,63,61,63,0.267267,7818,1.13366707078925,27,-87,0.001869,51,2025-09-16 16:30:15.00176,120,1.037,0.0011,"aoml_navis",1026.50792858409
"7901009",84,0.182998170578924,1,0.229887,1,0.207459,1,139.022570981631,1,4.87069651807457,122,1,19.923999786377,36.617000579834,0.229886993765831,0.216803997755051,134.058898925781,-87.0307,27.1799,23.8404837148904,63,63,63,63,61,63,0.207459,7818,1.13366707078925,27,-87,0.001869,51,2025-09-16 16:30:15.00176,122,1.037,0.0011,"aoml_navis",1026.54722614016
"7901009",84,0.141782366394482,1,0.183162,1,0.160734,1,139.750875442843,1,4.87054104595936,124,1,19.9109992980957,36.6440010070801,0.183162003755569,0.170078992843628,134.761199951172,-87.0307,27.1799,23.8404837148904,63,63,63,63,61,63,0.160734,7818,1.13366707078925,27,-87,0.001869,51,2025-09-16 16:30:15.00176,124,1.037,0.0011,"aoml_navis",1026.57999446448
"7901009",84,0.125296044720705,4,0.164472,1,0.142044,1,138.33346197843,1,4.87042030274062,126,1,19.8309993743896,36.6380004882812,0.164471998810768,0.151389002799988,133.394393920898,-87.0307,27.1799,23.8404837148904,63,63,63,63,61,63,0.142044,7818,1.13366707078925,27,-87,0.001869,51,2025-09-16 16:30:15.00176,126,1.037,0.0011,"aoml_navis",1026.60544454171
"7901009",84,0.133539205557593,4,0.173817,1,0.151389,1,135.619053877001,1,4.87030782634552,128,1,19.7199993133545,36.6189994812012,0.173816993832588,0.160733997821808,130.776901245117,-87.0307,27.1799,23.8404837148904,63,63,63,63,61,63,0.151389,7818,1.13366707078925,27,-87,0.001869,51,2025-09-16 16:30:15.00176,128,1.037,0.0011,"aoml_navis",1026.62915328533
"7901009",84,0.158268688068259,1,0.201852,1,0.179424,1,133.836712817653,1,4.87011902137756,130,1,19.4549999237061,36.568000793457,0.20185199379921,0.188768997788429,129.058197021484,-87.0307,27.1799,23.8404837148904,63,63,63,63,61,63,0.179424,7818,1.13366707078925,27,-87,0.001869,51,2025-09-16 16:30:15.00176,130,1.037,0.0011,"aoml_navis",1026.66895368518
"7901009",84,0.154971423733503,1,0.198114,1,0.175686,1,133.648188519411,1,4.86996713494057,132,1,19.2730007171631,36.5359992980957,0.198113992810249,0.185030996799469,128.876403808594,-87.0307,27.1799,23.8404837148904,63,63,63,63,61,63,0.175686,7818,1.13366707078925,27,-87,0.001869,51,2025-09-16 16:30:15.00176,132,1.037,0.0011,"aoml_navis",1026.70097383748
"7901009",84,0.135187837724971,1,0.175686,1,0.153258,1,133.929218529213,1,4.86972967457377,134,1,19.0440006256104,36.5120010375977,0.175686001777649,0.162603005766869,129.147399902344,-87.0307,27.1799,23.8404837148904,63,63,63,63,61,63,0.153258,7818,1.13366707078925,27,-87,0.001869,51,2025-09-16 16:30:15.00176,134,1.037,0.0011,"aoml_navis",1026.7510383803
"7901009",84,0.125296044720705,1,0.164472,1,0.142044,1,133.690912676307,1,4.86964687003318,136,1,18.9720001220703,36.4990005493164,0.164471998810768,0.151389002799988,128.917602539062,-87.0307,27.1799,23.8404837148904,63,63,63,63,61,63,0.142044,7818,1.13366707078925,27,-87,0.001869,51,2025-09-16 16:30:15.00176,136,1.037,0.0011,"aoml_navis",1026.76849747956
"7901009",84,0.0939720335405285,1,0.128961,1,0.106533,1,135.191385066477,1,4.86943914880906,138,1,18.7740001678467,36.4780006408691,0.128960996866226,0.115878000855446,130.364501953125,-87.0307,27.1799,23.8404837148904,63,63,63,63,61,63,0.106533,7818,1.13366707078925,27,-87,0.001869,51,2025-09-16 16:30:15.00176,138,1.037,0.0011,"aoml_navis",1026.81229751539
"7901009",84,0.0741884475319962,1,0.106533,1,0.084105,1,136.943233736811,1,4.86930386434173,140,1,18.6940002441406,36.4770011901855,0.106532998383045,0.0934500023722649,132.053802490234,-87.0307,27.1799,23.8404837148904,63,63,63,63,61,63,0.084105,7818,1.13366707078925,27,-87,0.001869,51,2025-09-16 16:30:15.00176,140,1.037,0.0011,"aoml_navis",1026.84082556757
"7901009",84,0.0675939188624854,1,0.099057,1,0.076629,1,137.562639069225,1,4.86924059609039,142,1,18.6790008544922,36.4780006408691,0.0990569964051247,0.0859740003943443,132.651092529297,-87.0307,27.1799,23.8404837148904,63,63,63,63,61,63,0.076629,7818,1.13366707078925,27,-87,0.001869,51,2025-09-16 16:30:15.00176,142,1.037,0.0011,"aoml_navis",1026.8541677761
"7901009",84,0.0675939188624854,1,0.099057,1,0.076629,1,137.650682479954,1,4.86915055918464,144,1,18.6389999389648,36.4780006408691,0.0990569964051247,0.0859740003943443,132.735992431641,-87.0307,27.1799,23.8404837148904,63,63,63,63,61,63,0.076629,7818,1.13366707078925,27,-87,0.001869,51,2025-09-16 16:30:15.00176,144,1.037,0.0011,"aoml_navis",1026.87315564078
"7901009",84,0.0774857118667516,1,0.110271,1,0.087843,1,139.405442722462,1,4.86902890128579,146,1,18.5310001373291,36.4640007019043,0.110270999372005,0.0971880033612251,134.428100585938,-87.0307,27.1799,23.8404837148904,63,63,63,63,61,63,0.087843,7818,1.13366707078925,27,-87,0.001869,51,2025-09-16 16:30:15.00176,146,1.037,0.0011,"aoml_navis",1026.89881316573
"7901009",84,0.0395671720170646,1,0.067284,1,0.044856,1,141.696438605294,1,4.86890405207477,148,1,18.4379997253418,36.4560012817383,0.0672840029001236,0.0542009994387627,136.637298583984,-87.0307,27.1799,23.8404837148904,63,63,63,63,61,63,0.044856,7818,1.13366707078925,27,-87,0.001869,51,2025-09-16 16:30:15.00176,148,1.037,0.0011,"aoml_navis",1026.92514506819
"7901009",84,0.0247294825106654,1,0.050463,1,0.028035,1,142.412400532292,1,4.86877718242613,150,1,18.3369998931885,36.4459991455078,0.0504629984498024,0.0373799987137318,137.327697753906,-87.0307,27.1799,23.8404837148904,63,63,63,63,61,63,0.028035,7818,1.13366707078925,27,-87,0.001869,51,2025-09-16 16:30:15.00176,150,1.037,0.0011,"aoml_navis",1026.95190448384
"7901009",84,0.0263781146780431,1,0.052332,1,0.029904,1,141.613791097344,1,4.86867587325975,152,1,18.2600002288818,36.4370002746582,0.0523319989442825,0.0392489992082119,136.557601928711,-87.0307,27.1799,23.8404837148904,63,63,63,63,61,63,0.029904,7818,1.13366707078925,27,-87,0.001869,51,2025-09-16 16:30:15.00176,152,1.037,0.0011,"aoml_navis",1026.97327367006
"7901009",84,0.0263781146780431,1,0.052332,1,0.029904,1,140.439145786668,1,4.8685940384427,154,1,18.193000793457,36.4259986877441,0.0523319989442825,0.0392489992082119,135.424896240234,-87.0307,27.1799,23.8404837148904,63,63,63,63,61,63,0.029904,7818,1.13366707078925,27,-87,0.001869,51,2025-09-16 16:30:15.00176,154,1.037,0.0011,"aoml_navis",1026.99053577269
"7901009",84,0.0230808503432877,1,0.048594,1,0.026166,1,139.97539879921,1,4.8685088253252,156,1,18.1200008392334,36.4140014648438,0.0485940016806126,0.0355109982192516,134.97770690918,-87.0307,27.1799,23.8404837148904,63,63,63,63,61,63,0.026166,7818,1.13366707078925,27,-87,0.001869,51,2025-09-16 16:30:15.00176,156,1.037,0.0011,"aoml_navis",1027.00851110525
"7901009",84,0.0148376895063992,1,0.039249,1,0.016821,1,139.512363881033,1,4.86844161835026,158,1,18.068000793457,36.4039993286133,0.0392489992082119,0.0261659994721413,134.531204223633,-87.0307,27.1799,23.8404837148904,63,63,63,63,61,63,0.016821,7818,1.13366707078925,27,-87,0.001869,51,2025-09-16 16:30:15.00176,158,1.037,0.0011,"aoml_navis",1027.02268856504
"7901009",84,0.0164863216737769,1,0.041118,1,0.01869,1,139.185492433259,1,4.86836260087522,160,1,18.0060005187988,36.3940010070801,0.041117999702692,0.0280349999666214,134.216003417969,-87.0307,27.1799,23.8404837148904,63,63,63,63,61,63,0.01869,7818,1.13366707078925,27,-87,0.001869,51,2025-09-16 16:30:15.00176,160,1.037,0.0011,"aoml_navis",1027.03935797656
"7901009",84,0.0148376895063992,1,0.039249,1,0.016821,1,138.999025224053,1,4.86829310993666,162,1,17.9580001831055,36.3860015869141,0.0392489992082119,0.0261659994721413,134.036193847656,-87.0307,27.1799,23.8404837148904,63,63,63,63,61,63,0.016821,7818,1.13366707078925,27,-87,0.001869,51,2025-09-16 16:30:15.00176,162,1.037,0.0011,"aoml_navis",1027.05401813102
"7901009",84,0.00989179300426616,1,0.033642,1,0.011214,1,138.941379259767,1,4.86818859745313,164,1,17.8619995117188,36.3720016479492,0.0336420014500618,0.020558999851346,133.980606079102,-87.0307,27.1799,23.8404837148904,63,63,63,63,61,63,0.011214,7818,1.13366707078925,27,-87,0.001869,51,2025-09-16 16:30:15.00176,164,1.037,0.0011,"aoml_navis",1027.07606739308
"7901009",84,0.0131890573390215,1,0.03738,1,0.014952,1,138.733755681017,1,4.86810545698148,166,1,17.7929992675781,36.3610000610352,0.0373799987137318,0.0242970008403063,133.780395507812,-87.0307,27.1799,23.8404837148904,63,63,63,63,61,63,0.014952,7818,1.13366707078925,27,-87,0.001869,51,2025-09-16 16:30:15.00176,166,1.037,0.0011,"aoml_navis",1027.09360842407
"7901009",84,0.00329726433475539,1,0.026166,1,0.003738,1,138.84513914042,1,4.86795867256349,168,1,17.6420001983643,36.3409996032715,0.0261659994721413,0.0130829997360706,133.887802124023,-87.0307,27.1799,23.8404837148904,63,63,63,63,61,63,0.003738,7818,1.13366707078925,27,-87,0.001869,51,2025-09-16 16:30:15.00176,168,1.037,0.0011,"aoml_navis",1027.12457855912
"7901009",84,0,1,0.022428,1,0,1,138.960668425418,1,4.8678003467484,170,1,17.4710006713867,36.318000793457,0.0224280003458261,0.00934499967843294,133.999206542969,-87.0307,27.1799,23.8404837148904,63,63,63,63,61,63,0,7818,1.13366707078925,27,-87,0.001869,51,2025-09-16 16:30:15.00176,170,1.037,0.0011,"aoml_navis",1027.1579859145
"7901009",84,0.00164863216737769,1,0.024297,1,0.001869,1,139.533520250577,1,4.8676968671216,172,1,17.3680000305176,36.3019981384277,0.0242970008403063,0.0112140001729131,134.551605224609,-87.0307,27.1799,23.8404837148904,63,63,63,63,61,63,0.001869,7818,1.13366707078925,27,-87,0.001869,51,2025-09-16 16:30:15.00176,172,1.037,0.0011,"aoml_navis",1027.17982168775
"7901009",84,0,1,0.022428,1,0,1,139.521272658934,1,4.86760914103537,174,1,17.2970008850098,36.2919998168945,0.0224280003458261,0.00934499967843294,134.539794921875,-87.0307,27.1799,23.8404837148904,63,63,63,63,61,63,0,7818,1.13366707078925,27,-87,0.001869,51,2025-09-16 16:30:15.00176,174,1.037,0.0011,"aoml_navis",1027.19833395178
"7901009",84,0.00164863216737769,1,0.024297,1,0.001869,1,138.923957298011,1,4.8675229447359,176,1,17.2240009307861,36.2809982299805,0.0242970008403063,0.0112140001729131,133.963806152344,-87.0307,27.1799,23.8404837148904,63,63,63,63,61,63,0.001869,7818,1.13366707078925,27,-87,0.001869,51,2025-09-16 16:30:15.00176,176,1.037,0.0011,"aoml_navis",1027.21652404482
"7901009",84,-0.00164863216737769,1,0.020559,1,-0.001869,1,138.466618934087,1,4.8674514749211,178,1,17.1730003356934,36.2729988098145,0.020558999851346,0.00747600011527538,133.522796630859,-87.0307,27.1799,23.8404837148904,63,63,63,63,61,63,-0.001869,7818,1.13366707078925,27,-87,0.001869,51,2025-09-16 16:30:15.00176,178,1.037,0.0011,"aoml_navis",1027.23160688131
"7901009",84,-0.00164863216737769,1,0.020559,1,-0.001869,1,138.449829922804,1,4.86740055056658,180,1,17.1459999084473,36.2669982910156,0.020558999851346,0.00747600011527538,133.506607055664,-87.0307,27.1799,23.8404837148904,63,63,63,63,61,63,-0.001869,7818,1.13366707078925,27,-87,0.001869,51,2025-09-16 16:30:15.00176,180,1.037,0.0011,"aoml_navis",1027.24235411815
"7901009",84,0.00164863216737769,1,0.024297,1,0.001869,1,139.673402305006,1,4.86733154207088,182,1,17.0970001220703,36.2589988708496,0.0242970008403063,0.0112140001729131,134.686492919922,-87.0307,27.1799,23.8404837148904,63,63,63,63,61,63,0.001869,7818,1.13366707078925,27,-87,0.001869,51,2025-09-16 16:30:15.00176,182,1.037,0.0011,"aoml_navis",1027.2569182482
"7901009",84,-0.00164863216737769,1,0.020559,1,-0.001869,1,141.39156218644,1,4.86722770071627,184,1,17.0049991607666,36.2470016479492,0.020558999851346,0.00747600011527538,136.343307495117,-87.0307,27.1799,23.8404837148904,63,63,63,63,61,63,-0.001869,7818,1.13366707078925,27,-87,0.001869,51,2025-09-16 16:30:15.00176,184,1.037,0.0011,"aoml_navis",1027.27883457439
"7901009",84,-0.00329726433475539,1,0.01869,1,-0.003738,1,141.998419275736,1,4.86715095052531,186,1,16.9489994049072,36.2389984130859,0.0186899993568659,0.00560700008645654,136.928497314453,-87.0307,27.1799,23.8404837148904,63,63,63,63,61,63,-0.003738,7818,1.13366707078925,27,-87,0.001869,51,2025-09-16 16:30:15.00176,186,1.037,0.0011,"aoml_navis",1027.29503375283
"7901009",84,-0.00494589650213308,1,0.016821,1,-0.005607,1,142.327569345211,1,4.86707545446665,188,1,16.8939990997314,36.2309989929199,0.0168210007250309,0.00373800005763769,137.245895385742,-87.0307,27.1799,23.8404837148904,63,63,63,63,61,63,-0.005607,7818,1.13366707078925,27,-87,0.001869,51,2025-09-16 16:30:15.00176,188,1.037,0.0011,"aoml_navis",1027.31096872792
"7901009",84,0,1,0.020559,1,-0.001869,1,142.657653016634,1,4.86702992308314,190,1,16.8810005187988,36.2280006408691,0.020558999851346,0,137.564193725586,-87.0307,27.1799,23.8404837148904,63,63,63,63,61,63,0,7818,1.13366707078925,27,-87,0.001869,51,2025-09-16 16:30:15.00176,190,1.037,0.0011,"aoml_navis",1027.32057928927
"7901009",84,0,1,0.016821,1,-0.005607,1,142.601874256242,1,4.86697754693855,192,1,16.8619995117188,36.2249984741211,0.0168210007250309,0,137.510406494141,-87.0307,27.1799,23.8404837148904,63,63,63,63,61,63,0,7818,1.13366707078925,27,-87,0.001869,51,2025-09-16 16:30:15.00176,192,1.037,0.0011,"aoml_navis",1027.33163483467
"7901009",84,0,1,0.016821,1,-0.005607,1,142.022487217454,1,4.86689809024717,194,1,16.7970008850098,36.2150001525879,0.0168210007250309,0,136.951705932617,-87.0307,27.1799,23.8404837148904,63,63,63,63,61,63,0,7818,1.13366707078925,27,-87,0.001869,51,2025-09-16 16:30:15.00176,194,1.037,0.0011,"aoml_navis",1027.34840699039
"7901009",84,0,1,0.01869,1,-0.003738,1,141.384299079767,1,4.86684569949016,196,1,16.761999130249,36.2070007324219,0.0186899993568659,0,136.336303710938,-87.0307,27.1799,23.8404837148904,63,63,63,63,61,63,0,7818,1.13366707078925,27,-87,0.001869,51,2025-09-16 16:30:15.00176,196,1.037,0.0011,"aoml_navis",1027.35946621932
"7901009",84,0,1,0.01869,1,-0.003738,1,140.852304207609,1,4.86677904580556,198,1,16.7240009307861,36.2019996643066,0.0186899993568659,0,135.823303222656,-87.0307,27.1799,23.8404837148904,63,63,63,63,61,63,0,7818,1.13366707078925,27,-87,0.001869,51,2025-09-16 16:30:15.00176,198,1.037,0.0011,"aoml_navis",1027.37353657123
"7901009",84,0,1,0.016821,1,-0.005607,1,140.220746226123,1,4.8667194864266,200,1,16.6889991760254,36.1959991455078,0.0168210007250309,0,135.214294433594,-87.0307,27.1799,23.8404837148904,63,63,63,63,61,63,0,7818,1.13366707078925,27,-87,0.001869,51,2025-09-16 16:30:15.00176,200,1.037,0.0011,"aoml_navis",1027.38610966692
"7901009",84,0,1,0.01869,1,-0.003738,1,139.804692056769,1,4.86663915182855,202,1,16.6100006103516,36.181999206543,0.0186899993568659,0,134.813095092773,-87.0307,27.1799,23.8404837148904,63,63,63,63,61,63,0,7818,1.13366707078925,27,-87,0.001869,51,2025-09-16 16:30:15.00176,202,1.037,0.0011,"aoml_navis",1027.40306893749
"7901009",84,0,1,0.01869,1,-0.003738,1,139.763107210724,1,4.86654872249304,203.899993896484,1,16.5200004577637,36.1679992675781,0.0186899993568659,0,134.772994995117,-87.0307,27.1799,23.8404837148904,63,63,63,63,61,63,0,7818,1.13366707078925,27,-87,0.001869,51,2025-09-16 16:30:15.00176,203.899993896484,1.037,0.0011,"aoml_navis",1027.42215995704
"7901009",84,0,1,0.016821,1,-0.005607,1,139.669572954647,1,4.86647433134383,206,1,16.4669990539551,36.1599998474121,0.0168210007250309,0,134.682800292969,-87.0307,27.1799,23.8404837148904,63,63,63,63,61,63,0,7818,1.13366707078925,27,-87,0.001869,51,2025-09-16 16:30:15.00176,206,1.037,0.0011,"aoml_navis",1027.43786560142
"7901009",84,0,1,0.014952,1,-0.007476,1,139.517126833339,1,4.86640180041493,208,1,16.4039993286133,36.148998260498,0.0149520002305508,0,134.535797119141,-87.0307,27.1799,23.8404837148904,63,63,63,63,61,63,0,7818,1.13366707078925,27,-87,0.001869,51,2025-09-16 16:30:15.00176,208,1.037,0.0011,"aoml_navis",1027.45317897377
"7901009",84,0,1,0.022428,1,0,1,139.32714674901,1,4.86632861372797,210,1,16.3500003814697,36.140998840332,0.0224280003458261,0,134.352600097656,-87.0307,27.1799,23.8404837148904,63,63,63,63,61,63,0,7818,1.13366707078925,27,-87,0.001869,51,2025-09-16 16:30:15.00176,210,1.037,0.0011,"aoml_navis",1027.46863125826
"7901009",84,0,1,0.01869,1,-0.003738,1,138.858003858774,1,4.86628274234384,212,1,16.3299999237061,36.1360015869141,0.0186899993568659,0,133.900207519531,-87.0307,27.1799,23.8404837148904,63,63,63,63,61,63,0,7818,1.13366707078925,27,-87,0.001869,51,2025-09-16 16:30:15.00176,212,1.037,0.0011,"aoml_navis",1027.47831655827
"7901009",84,0,1,0.020559,1,-0.001869,1,138.464229546054,1,4.86620552207235,214,1,16.2689990997314,36.1269989013672,0.020558999851346,0,133.520492553711,-87.0307,27.1799,23.8404837148904,63,63,63,63,61,63,0,7818,1.13366707078925,27,-87,0.001869,51,2025-09-16 16:30:15.00176,214,1.037,0.0011,"aoml_navis",1027.49462128568
"7901009",84,0,1,0.020559,1,-0.001869,1,138.063429483088,1,4.86611649125549,216,1,16.1809997558594,36.1129989624023,0.020558999851346,0,133.134002685547,-87.0307,27.1799,23.8404837148904,63,63,63,63,61,63,0,7818,1.13366707078925,27,-87,0.001869,51,2025-09-16 16:30:15.00176,216,1.037,0.0011,"aoml_navis",1027.51342040107
"7901009",84,0,1,0.01869,1,-0.003738,1,137.714468063823,1,4.86603334084284,218,1,16.0979995727539,36.0989990234375,0.0186899993568659,0,132.797500610352,-87.0307,27.1799,23.8404837148904,63,63,63,63,61,63,0,7818,1.13366707078925,27,-87,0.001869,51,2025-09-16 16:30:15.00176,218,1.037,0.0011,"aoml_navis",1027.53097847331
"7901009",84,0,1,0.014952,1,-0.007476,1,137.143372676224,1,4.86596156832125,220.100006103516,1,16.0400009155273,36.0890007019043,0.0149520002305508,0,132.246795654297,-87.0307,27.1799,23.8404837148904,63,63,63,63,61,63,0,7818,1.13366707078925,27,-87,0.001869,51,2025-09-16 16:30:15.00176,220.100006103516,1.037,0.0011,"aoml_navis",1027.54613446834
"7901009",84,0,1,0.016821,1,-0.005607,1,136.544696471785,1,4.86589141423045,222,1,15.9729995727539,36.0769996643066,0.0168210007250309,0,131.669494628906,-87.0307,27.1799,23.8404837148904,63,63,63,63,61,63,0,7818,1.13366707078925,27,-87,0.001869,51,2025-09-16 16:30:15.00176,222,1.037,0.0011,"aoml_navis",1027.56094913613
"7901009",84,0,1,0.020559,1,-0.001869,1,135.990405919232,1,4.86580864858682,224,1,15.8929996490479,36.0639991760254,0.020558999851346,0,131.134994506836,-87.0307,27.1799,23.8404837148904,63,63,63,63,61,63,0,7818,1.13366707078925,27,-87,0.001869,51,2025-09-16 16:30:15.00176,224,1.037,0.0011,"aoml_navis",1027.57842757589
"7901009",84,0,1,0.016821,1,-0.005607,1,135.319763246067,1,4.86573638946975,226,1,15.8190002441406,36.0499992370605,0.0168210007250309,0,130.488296508789,-87.0307,27.1799,23.8404837148904,63,63,63,63,61,63,0,7818,1.13366707078925,27,-87,0.001869,51,2025-09-16 16:30:15.00176,226,1.037,0.0011,"aoml_navis",1027.59368773467
"7901009",84,0,1,0.01869,1,-0.003738,1,134.619672552168,1,4.86565233020957,228,1,15.7440004348755,36.0390014648438,0.0186899993568659,0,129.813201904297,-87.0307,27.1799,23.8404837148904,63,63,63,63,61,63,0,7818,1.13366707078925,27,-87,0.001869,51,2025-09-16 16:30:15.00176,228,1.037,0.0011,"aoml_navis",1027.61144049613
"7901009",84,0,1,0.016821,1,-0.005607,1,134.103960330916,1,4.8655743424352,230,1,15.6709995269775,36.0270004272461,0.0168210007250309,0,129.315902709961,-87.0307,27.1799,23.8404837148904,63,63,63,63,61,63,0,7818,1.13366707078925,27,-87,0.001869,51,2025-09-16 16:30:15.00176,230,1.037,0.0011,"aoml_navis",1027.62791154837
"7901009",84,0,1,0.014952,1,-0.007476,1,133.352220878458,1,4.86551331989075,232,1,15.6199998855591,36.0169982910156,0.0149520002305508,0,128.591003417969,-87.0307,27.1799,23.8404837148904,63,63,63,63,61,63,0,7818,1.13366707078925,27,-87,0.001869,51,2025-09-16 16:30:15.00176,232,1.037,0.0011,"aoml_navis",1027.6407999048
"7901009",84,0,1,0.016821,1,-0.005607,1,132.44460946026,1,4.86543967789908,234,1,15.5539999008179,36.0060005187988,0.0168210007250309,0,127.715797424316,-87.0307,27.1799,23.8404837148904,63,63,63,63,61,63,0,7818,1.13366707078925,27,-87,0.001869,51,2025-09-16 16:30:15.00176,234,1.037,0.0011,"aoml_navis",1027.65635400068
"7901009",84,0,1,0.016821,1,-0.005607,1,131.084343511635,1,4.8653701979805,236,1,15.4949998855591,35.9959983825684,0.0168210007250309,0,126.404098510742,-87.0307,27.1799,23.8404837148904,63,63,63,63,61,63,0,7818,1.13366707078925,27,-87,0.001869,51,2025-09-16 16:30:15.00176,236,1.037,0.0011,"aoml_navis",1027.67102944713
"7901009",84,0,1,0.020559,1,-0.001869,1,129.11648466879,1,4.86529373466826,238,1,15.4160003662109,35.9819984436035,0.020558999851346,0,124.506500244141,-87.0307,27.1799,23.8404837148904,63,63,63,63,61,63,0,7818,1.13366707078925,27,-87,0.001869,51,2025-09-16 16:30:15.00176,238,1.037,0.0011,"aoml_navis",1027.6871804002
"7901009",84,0,1,0.016821,1,-0.005607,1,127.179110303077,1,4.86519349493975,240,1,15.3079996109009,35.9659996032715,0.0168210007250309,0,122.638298034668,-87.0307,27.1799,23.8404837148904,63,63,63,63,61,63,0,7818,1.13366707078925,27,-87,0.001869,51,2025-09-16 16:30:15.00176,240,1.037,0.0011,"aoml_navis",1027.70835429268
"7901009",84,0,1,0.022428,1,0,1,126.773009279904,1,4.86511723812199,242,1,15.2320003509521,35.9529991149902,0.0224280003458261,0,122.246696472168,-87.0307,27.1799,23.8404837148904,63,63,63,63,61,63,0,7818,1.13366707078925,27,-87,0.001869,51,2025-09-16 16:30:15.00176,242,1.037,0.0011,"aoml_navis",1027.72446279837
"7901009",84,0,1,0.022428,1,0,1,126.423952918068,1,4.86505950127322,244,1,15.1899995803833,35.9449996948242,0.0224280003458261,0,121.910102844238,-87.0307,27.1799,23.8404837148904,63,63,63,63,61,63,0,7818,1.13366707078925,27,-87,0.001869,51,2025-09-16 16:30:15.00176,244,1.037,0.0011,"aoml_navis",1027.73665947795
"7901009",84,0,1,0.024297,1,0.001869,1,126.150795229768,1,4.86496777567859,246,1,15.08899974823,35.9290008544922,0.0242970008403063,0,121.646697998047,-87.0307,27.1799,23.8404837148904,63,63,63,63,61,63,0,7818,1.13366707078925,27,-87,0.001869,51,2025-09-16 16:30:15.00176,246,1.037,0.0011,"aoml_navis",1027.75603674016
"7901009",84,0,1,0.020559,1,-0.001869,1,125.826621733383,1,4.86487632318854,248,1,14.9809999465942,35.9109992980957,0.020558999851346,0,121.334098815918,-87.0307,27.1799,23.8404837148904,63,63,63,63,61,63,0,7818,1.13366707078925,27,-87,0.001869,51,2025-09-16 16:30:15.00176,248,1.037,0.0011,"aoml_navis",1027.77535703578
"7901009",84,0,1,0.016821,1,-0.005607,1,125.490002848332,1,4.86479746291336,250,1,14.9049997329712,35.898998260498,0.0168210007250309,0,121.009498596191,-87.0307,27.1799,23.8404837148904,63,63,63,63,61,63,0,7818,1.13366707078925,27,-87,0.001869,51,2025-09-16 16:30:15.00176,250,1.037,0.0011,"aoml_navis",1027.79201767748
"7901009",84,0,1,0.022428,1,0,1,125.247962587638,1,4.86472942224587,252,1,14.83899974823,35.8870010375977,0.0224280003458261,0,120.776100158691,-87.0307,27.1799,23.8404837148904,63,63,63,63,61,63,0,7818,1.13366707078925,27,-87,0.001869,51,2025-09-16 16:30:15.00176,252,1.037,0.0011,"aoml_navis",1027.80639291788
"7901009",84,0,1,0.026166,1,0.003738,1,125.492700799721,1,4.86462655445055,254,1,14.7259998321533,35.8709983825684,0.0261659994721413,0,121.012100219727,-87.0307,27.1799,23.8404837148904,63,63,63,63,61,63,0,7818,1.13366707078925,27,-87,0.001869,51,2025-09-16 16:30:15.00176,254,1.037,0.0011,"aoml_navis",1027.82812699684
"7901009",84,0,1,0.022428,1,0,1,125.693053359918,1,4.86456814775696,256,1,14.6859998703003,35.8639984130859,0.0224280003458261,0,121.205299377441,-87.0307,27.1799,23.8404837148904,63,63,63,63,61,63,0,7818,1.13366707078925,27,-87,0.001869,51,2025-09-16 16:30:15.00176,256,1.037,0.0011,"aoml_navis",1027.84046766936
"7901009",84,0,1,0.024297,1,0.001869,1,125.828386082825,1,4.86450132937499,258,1,14.6309995651245,35.8549995422363,0.0242970008403063,0,121.335800170898,-87.0307,27.1799,23.8404837148904,63,63,63,63,61,63,0,7818,1.13366707078925,27,-87,0.001869,51,2025-09-16 16:30:15.00176,258,1.037,0.0011,"aoml_navis",1027.85458599976
"7901009",84,0,1,0.022428,1,0,1,125.968070340231,1,4.86444252442075,260,1,14.5869998931885,35.8470001220703,0.0224280003458261,0,121.470497131348,-87.0307,27.1799,23.8404837148904,63,63,63,63,61,63,0,7818,1.13366707078925,27,-87,0.001869,51,2025-09-16 16:30:15.00176,260,1.037,0.0011,"aoml_navis",1027.86701146097
"7901009",84,0,1,0.022428,1,0,1,125.9150844738,1,4.86436491159249,262,1,14.5109996795654,35.8349990844727,0.0224280003458261,0,121.419403076172,-87.0307,27.1799,23.8404837148904,63,63,63,63,61,63,0,7818,1.13366707078925,27,-87,0.001869,51,2025-09-16 16:30:15.00176,262,1.037,0.0011,"aoml_navis",1027.88341147768
"7901009",84,0,1,0.020559,1,-0.001869,1,125.704668001089,1,4.86431520982716,264,1,14.4860000610352,35.8300018310547,0.020558999851346,0,121.216499328613,-87.0307,27.1799,23.8404837148904,63,63,63,63,61,63,0,7818,1.13366707078925,27,-87,0.001869,51,2025-09-16 16:30:15.00176,264,1.037,0.0011,"aoml_navis",1027.89391400843
"7901009",84,0,1,0.020559,1,-0.001869,1,125.472580886576,1,4.8642556277797,266,1,14.4479999542236,35.8240013122559,0.020558999851346,0,120.992698669434,-87.0307,27.1799,23.8404837148904,63,63,63,63,61,63,0,7818,1.13366707078925,27,-87,0.001869,51,2025-09-16 16:30:15.00176,266,1.037,0.0011,"aoml_navis",1027.90650463456
"7901009",84,0,1,0.022428,1,0,1,125.283328695291,1,4.86418988057739,268,1,14.3900003433228,35.8139991760254,0.0224280003458261,0,120.810203552246,-87.0307,27.1799,23.8404837148904,63,63,63,63,61,63,0,7818,1.13366707078925,27,-87,0.001869,51,2025-09-16 16:30:15.00176,268,1.037,0.0011,"aoml_navis",1027.92039841308
"7901009",84,0,1,0.020559,1,-0.001869,1,124.724884405262,1,4.86413615061601,270,1,14.3610000610352,35.8089981079102,0.020558999851346,0,120.271697998047,-87.0307,27.1799,23.8404837148904,63,63,63,63,61,63,0,7818,1.13366707078925,27,-87,0.001869,51,2025-09-16 16:30:15.00176,270,1.037,0.0011,"aoml_navis",1027.93175297258
"7901009",84,0,1,0.022428,1,0,1,124.134610618346,1,4.86406494817919,272,1,14.2869997024536,35.7960014343262,0.0224280003458261,0,119.702499389648,-87.0307,27.1799,23.8404837148904,63,63,63,63,61,63,0,7818,1.13366707078925,27,-87,0.001869,51,2025-09-16 16:30:15.00176,272,1.037,0.0011,"aoml_navis",1027.94680031394
"7901009",84,0,1,0.020559,1,-0.001869,1,123.783576286283,1,4.86397404842227,274,1,14.1759996414185,35.7779998779297,0.020558999851346,0,119.363998413086,-87.0307,27.1799,23.8404837148904,63,63,63,63,61,63,0,7818,1.13366707078925,27,-87,0.001869,51,2025-09-16 16:30:15.00176,274,1.037,0.0011,"aoml_navis",1027.96601096625
"7901009",84,0,1,0.026166,1,0.003738,1,123.703729584173,1,4.86388597026217,276,1,14.085000038147,35.7649993896484,0.0261659994721413,0,119.287002563477,-87.0307,27.1799,23.8404837148904,63,63,63,63,61,63,0,7818,1.13366707078925,27,-87,0.001869,51,2025-09-16 16:30:15.00176,276,1.037,0.0011,"aoml_navis",1027.98462599042
"7901009",84,0,1,0.022428,1,0,1,123.622529950429,1,4.86381391423249,278,1,14.0200004577637,35.7550010681152,0.0224280003458261,0,119.208702087402,-87.0307,27.1799,23.8404837148904,63,63,63,63,61,63,0,7818,1.13366707078925,27,-87,0.001869,51,2025-09-16 16:30:15.00176,278,1.037,0.0011,"aoml_navis",1027.99985529237
"7901009",84,0,1,0.020559,1,-0.001869,1,123.68702760358,1,4.86373708472984,280,1,13.9429998397827,35.7430000305176,0.020558999851346,0,119.270896911621,-87.0307,27.1799,23.8404837148904,63,63,63,63,61,63,0,7818,1.13366707078925,27,-87,0.001869,51,2025-09-16 16:30:15.00176,280,1.037,0.0011,"aoml_navis",1028.01609398213
"7901009",84,0,1,0.020559,1,-0.001869,1,123.719695759843,1,4.86366847139685,282,1,13.8809995651245,35.7330017089844,0.020558999851346,0,119.302398681641,-87.0307,27.1799,23.8404837148904,63,63,63,63,61,63,0,7818,1.13366707078925,27,-87,0.001869,51,2025-09-16 16:30:15.00176,282,1.037,0.0011,"aoml_navis",1028.03059653529
"7901009",84,0,1,0.01869,1,-0.003738,1,123.477346935794,1,4.8636059476652,284,1,13.8319997787476,35.7249984741211,0.0186899993568659,0,119.068702697754,-87.0307,27.1799,23.8404837148904,63,63,63,63,61,63,0,7818,1.13366707078925,27,-87,0.001869,51,2025-09-16 16:30:15.00176,284,1.037,0.0011,"aoml_navis",1028.04381230767
"7901009",84,0,1,0.029904,1,0.007476,1,123.014003454262,1,4.86355792520214,286,1,13.8079996109009,35.7200012207031,0.0299040004611015,0,118.62190246582,-87.0307,27.1799,23.8404837148904,63,63,63,63,61,63,0,7818,1.13366707078925,27,-87,0.001869,51,2025-09-16 16:30:15.00176,286,1.037,0.0011,"aoml_navis",1028.05396314719
"7901009",84,0,1,0.01869,1,-0.003738,1,122.575756458966,1,4.86348298204794,288,1,13.7430000305176,35.7109985351562,0.0186899993568659,0,118.19930267334,-87.0307,27.1799,23.8404837148904,63,63,63,63,61,63,0,7818,1.13366707078925,27,-87,0.001869,51,2025-09-16 16:30:15.00176,288,1.037,0.0011,"aoml_navis",1028.06980479956
"7901009",84,0,1,0.024297,1,0.001869,1,122.372389472143,1,4.86342094498384,290,1,13.6870002746582,35.701000213623,0.0242970008403063,0,118.003196716309,-87.0307,27.1799,23.8404837148904,63,63,63,63,61,63,0,7818,1.13366707078925,27,-87,0.001869,51,2025-09-16 16:30:15.00176,290,1.037,0.0011,"aoml_navis",1028.08291870294
"7901009",84,0,1,0.020559,1,-0.001869,1,122.150160561239,1,4.86336422421615,292,1,13.6470003128052,35.6940002441406,0.020558999851346,0,117.788902282715,-87.0307,27.1799,23.8404837148904,63,63,63,63,61,63,0,7818,1.13366707078925,27,-87,0.001869,51,2025-09-16 16:30:15.00176,292,1.037,0.0011,"aoml_navis",1028.09490909677
"7901009",84,0,1,0.024297,1,0.001869,1,121.958099652232,1,4.86329875793675,294,1,13.5909996032715,35.685001373291,0.0242970008403063,0,117.603698730469,-87.0307,27.1799,23.8404837148904,63,63,63,63,61,63,0,7818,1.13366707078925,27,-87,0.001869,51,2025-09-16 16:30:15.00176,294,1.037,0.0011,"aoml_navis",1028.10874858144
"7901009",84,0,1,0.024297,1,0.001869,1,121.777139112137,1,4.86323407539709,296,1,13.5319995880127,35.6749992370605,0.0242970008403063,0,117.42919921875,-87.0307,27.1799,23.8404837148904,63,63,63,63,61,63,0,7818,1.13366707078925,27,-87,0.001869,51,2025-09-16 16:30:15.00176,296,1.037,0.0011,"aoml_navis",1028.12242275049
"7901009",84,0,1,0.020559,1,-0.001869,1,121.649069495902,1,4.86316587345935,298,1,13.4729995727539,35.6660003662109,0.020558999851346,0,117.305702209473,-87.0307,27.1799,23.8404837148904,63,63,63,63,61,63,0,7818,1.13366707078925,27,-87,0.001869,51,2025-09-16 16:30:15.00176,298,1.037,0.0011,"aoml_navis",1028.13684132952
"7901009",84,0,1,0.026166,1,0.003738,1,121.408065691607,1,4.86310447975931,300,1,13.4169998168945,35.6559982299805,0.0261659994721413,0,117.073303222656,-87.0307,27.1799,23.8404837148904,63,63,63,63,61,63,0,7818,1.13366707078925,27,-87,0.001869,51,2025-09-16 16:30:15.00176,300,1.037,0.0011,"aoml_navis",1028.14982092416
"7901009",84,0,1,0.024297,1,0.001869,1,120.852319352967,1,4.86303224304714,302,1,13.3500003814697,35.6459999084473,0.0242970008403063,0,116.537399291992,-87.0307,27.1799,23.8404837148904,63,63,63,63,61,63,0,7818,1.13366707078925,27,-87,0.001869,51,2025-09-16 16:30:15.00176,302,1.037,0.0011,"aoml_navis",1028.16509332191
"7901009",84,0,1,0.026166,1,0.003738,1,120.040948054116,1,4.86294859725211,304,1,13.2749996185303,35.6370010375977,0.0261659994721413,0,115.754997253418,-87.0307,27.1799,23.8404837148904,63,63,63,63,61,63,0,7818,1.13366707078925,27,-87,0.001869,51,2025-09-16 16:30:15.00176,304,1.037,0.0011,"aoml_navis",1028.18277841253
"7901009",84,0,1,0.024297,1,0.001869,1,118.727243524627,1,4.86288493448045,306,1,13.2309999465942,35.6310005187988,0.0242970008403063,0,114.48819732666,-87.0307,27.1799,23.8404837148904,63,63,63,63,61,63,0,7818,1.13366707078925,27,-87,0.001869,51,2025-09-16 16:30:15.00176,306,1.037,0.0011,"aoml_navis",1028.19623893367
"7901009",84,0,1,0.028035,1,0.005607,1,116.731075971897,1,4.86283840325803,308,1,13.2189998626709,35.6290016174316,0.0280349999666214,0,112.563301086426,-87.0307,27.1799,23.8404837148904,63,63,63,63,61,63,0,7818,1.13366707078925,27,-87,0.001869,51,2025-09-16 16:30:15.00176,308,1.037,0.0011,"aoml_navis",1028.2060774732
"7901009",84,0,1,0.029904,1,0.007476,1,115.178543405362,1,4.8627825915777,310,1,13.2049999237061,35.6290016174316,0.0299040004611015,0,111.066200256348,-87.0307,27.1799,23.8404837148904,63,63,63,63,61,63,0,7818,1.13366707078925,27,-87,0.001869,51,2025-09-16 16:30:15.00176,310,1.037,0.0011,"aoml_navis",1028.21787851671
"7901009",84,0,1,0.022428,1,0,1,114.850841210092,1,4.86272725761525,312,1,13.1730003356934,35.6240005493164,0.0224280003458261,0,110.750198364258,-87.0307,27.1799,23.8404837148904,63,63,63,63,61,63,0,7818,1.13366707078925,27,-87,0.001869,51,2025-09-16 16:30:15.00176,312,1.037,0.0011,"aoml_navis",1028.22957881707
"7901009",84,0,1,0.026166,1,0.003738,1,114.916383231522,1,4.86265824684492,314,1,13.1160001754761,35.6160011291504,0.0261659994721413,0,110.813400268555,-87.0307,27.1799,23.8404837148904,63,63,63,63,61,63,0,7818,1.13366707078925,27,-87,0.001869,51,2025-09-16 16:30:15.00176,314,1.037,0.0011,"aoml_navis",1028.24417143528
"7901009",84,0,1,0.026166,1,0.003738,1,114.859655045422,1,4.86259133946539,316,1,13.0609998703003,35.6080017089844,0.0261659994721413,0,110.758697509766,-87.0307,27.1799,23.8404837148904,63,63,63,63,61,63,0,7818,1.13366707078925,27,-87,0.001869,51,2025-09-16 16:30:15.00176,316,1.037,0.0011,"aoml_navis",1028.25831967811
"7901009",84,0,1,0.024297,1,0.001869,1,114.738737769527,1,4.86254475782367,318,1,13.0340003967285,35.6020011901855,0.0242970008403063,0,110.642097473145,-87.0307,27.1799,23.8404837148904,63,63,63,63,61,63,0,7818,1.13366707078925,27,-87,0.001869,51,2025-09-16 16:30:15.00176,318,1.037,0.0011,"aoml_navis",1028.26817006778
"7901009",84,0,1,0.029904,1,0.007476,1,114.670917126396,1,4.86246869306501,320,1,12.9619998931885,35.5919990539551,0.0299040004611015,0,110.576698303223,-87.0307,27.1799,23.8404837148904,63,63,63,63,61,63,0,7818,1.13366707078925,27,-87,0.001869,51,2025-09-16 16:30:15.00176,320,1.037,0.0011,"aoml_navis",1028.28425551225
"7901009",84,0,1,0.022428,1,0,1,114.337407610541,1,4.86239772068324,322,1,12.8950004577637,35.5820007324219,0.0224280003458261,0,110.255096435547,-87.0307,27.1799,23.8404837148904,63,63,63,63,61,63,0,7818,1.13366707078925,27,-87,0.001869,51,2025-09-16 16:30:15.00176,322,1.037,0.0011,"aoml_navis",1028.29926452364
"7901009",84,0,1,0.028035,1,0.005607,1,113.667287121516,1,4.86233765988835,324,1,12.8540000915527,35.576000213623,0.0280349999666214,0,109.608901977539,-87.0307,27.1799,23.8404837148904,63,63,63,63,61,63,0,7818,1.13366707078925,27,-87,0.001869,51,2025-09-16 16:30:15.00176,324,1.037,0.0011,"aoml_navis",1028.31196632996
"7901009",84,0,1,0.026166,1,0.003738,1,113.075660402965,1,4.86227934851708,326,1,12.826000213623,35.5730018615723,0.0261659994721413,0,109.038398742676,-87.0307,27.1799,23.8404837148904,63,63,63,63,61,63,0,7818,1.13366707078925,27,-87,0.001869,51,2025-09-16 16:30:15.00176,326,1.037,0.0011,"aoml_navis",1028.32429846404
"7901009",84,0,1,0.024297,1,0.001869,1,112.857157987968,1,4.86222936330951,328,1,12.798999786377,35.568000793457,0.0242970008403063,0,108.827697753906,-87.0307,27.1799,23.8404837148904,63,63,63,63,61,63,0,7818,1.13366707078925,27,-87,0.001869,51,2025-09-16 16:30:15.00176,328,1.037,0.0011,"aoml_navis",1028.33486995289
"7901009",84,0,1,0.020559,1,-0.001869,1,112.833928705626,1,4.86217677011932,330,1,12.7580003738403,35.560001373291,0.020558999851346,0,108.805297851562,-87.0307,27.1799,23.8404837148904,63,63,63,63,61,63,0,7818,1.13366707078925,27,-87,0.001869,51,2025-09-16 16:30:15.00176,330,1.037,0.0011,"aoml_navis",1028.34599324477
"7901009",84,0,1,0.029904,1,0.007476,1,113.206119407233,1,4.86209701911651,332,1,12.6700000762939,35.5470008850098,0.0299040004611015,0,109.164199829102,-87.0307,27.1799,23.8404837148904,63,63,63,63,61,63,0,7818,1.13366707078925,27,-87,0.001869,51,2025-09-16 16:30:15.00176,332,1.037,0.0011,"aoml_navis",1028.36286078647
"7901009",84,0,1,0.026166,1,0.003738,1,113.587021089718,1,4.86200413145105,334,1,12.548999786377,35.5289993286133,0.0261659994721413,0,109.53150177002,-87.0307,27.1799,23.8404837148904,63,63,63,63,61,63,0,7818,1.13366707078925,27,-87,0.001869,51,2025-09-16 16:30:15.00176,334,1.037,0.0011,"aoml_navis",1028.3825074636
"7901009",84,0,1,0.020559,1,-0.001869,1,113.504887854027,1,4.86194868307431,336,1,12.5159997940063,35.523998260498,0.020558999851346,0,109.452301025391,-87.0307,27.1799,23.8404837148904,63,63,63,63,61,63,0,7818,1.13366707078925,27,-87,0.001869,51,2025-09-16 16:30:15.00176,336,1.037,0.0011,"aoml_navis",1028.39423571176
"7901009",84,0,1,0.026166,1,0.003738,1,113.44722606598,1,4.86189291967326,338,1,12.4750003814697,35.5169982910156,0.0261659994721413,0,109.396697998047,-87.0307,27.1799,23.8404837148904,63,63,63,63,61,63,0,7818,1.13366707078925,27,-87,0.001869,51,2025-09-16 16:30:15.00176,338,1.037,0.0011,"aoml_navis",1028.40603086257
"7901009",84,0,1,0.029904,1,0.007476,1,113.320501469499,1,4.86182872925009,340,1,12.4060001373291,35.5050010681152,0.0299040004611015,0,109.27449798584,-87.0307,27.1799,23.8404837148904,63,63,63,63,61,63,0,7818,1.13366707078925,27,-87,0.001869,51,2025-09-16 16:30:15.00176,340,1.037,0.0011,"aoml_navis",1028.41960884361
"7901009",84,0,1,0.022428,1,0,1,113.215241805918,1,4.86174571274711,342,1,12.3170003890991,35.4930000305176,0.0224280003458261,0,109.172996520996,-87.0307,27.1799,23.8404837148904,63,63,63,63,61,63,0,7818,1.13366707078925,27,-87,0.001869,51,2025-09-16 16:30:15.00176,342,1.037,0.0011,"aoml_navis",1028.43716957273
"7901009",84,0,1,0.026166,1,0.003738,1,112.979633904401,1,4.86168430916058,344,1,12.2620000839233,35.484001159668,0.0261659994721413,0,108.94580078125,-87.0307,27.1799,23.8404837148904,63,63,63,63,61,63,0,7818,1.13366707078925,27,-87,0.001869,51,2025-09-16 16:30:15.00176,344,1.037,0.0011,"aoml_navis",1028.45015884285
"7901009",84,0,1,0.028035,1,0.005607,1,112.759367139962,1,4.86162588944681,346,1,12.210000038147,35.4749984741211,0.0280349999666214,0,108.7333984375,-87.0307,27.1799,23.8404837148904,63,63,63,63,61,63,0,7818,1.13366707078925,27,-87,0.001869,51,2025-09-16 16:30:15.00176,346,1.037,0.0011,"aoml_navis",1028.46251721128
"7901009",84,0,1,0.026166,1,0.003738,1,112.76310154775,1,4.86154538827363,348,1,12.1190004348755,35.4620018005371,0.0261659994721413,0,108.736999511719,-87.0307,27.1799,23.8404837148904,63,63,63,63,61,63,0,7818,1.13366707078925,27,-87,0.001869,51,2025-09-16 16:30:15.00176,348,1.037,0.0011,"aoml_navis",1028.47954727736
"7901009",84,0,1,0.028035,1,0.005607,1,112.582766046247,1,4.86148842369899,350,1,12.076000213623,35.4550018310547,0.0280349999666214,0,108.563102722168,-87.0307,27.1799,23.8404837148904,63,63,63,63,61,63,0,7818,1.13366707078925,27,-87,0.001869,51,2025-09-16 16:30:15.00176,350,1.037,0.0011,"aoml_navis",1028.49159850423
"7901009",84,0,1,0.024297,1,0.001869,1,112.305873950159,1,4.86142384357198,352,1,12.0170001983643,35.4459991455078,0.0242970008403063,0,108.296096801758,-87.0307,27.1799,23.8404837148904,63,63,63,63,61,63,0,7818,1.13366707078925,27,-87,0.001869,51,2025-09-16 16:30:15.00176,352,1.037,0.0011,"aoml_navis",1028.50526119241
"7901009",84,0,1,0.026166,1,0.003738,1,112.100030544613,1,4.86134987503777,354,1,11.9399995803833,35.435001373291,0.0261659994721413,0,108.097602844238,-87.0307,27.1799,23.8404837148904,63,63,63,63,61,63,0,7818,1.13366707078925,27,-87,0.001869,51,2025-09-16 16:30:15.00176,354,1.037,0.0011,"aoml_navis",1028.52091055494
"7901009",84,0,1,0.026166,1,0.003738,1,112.004415463857,1,4.86126394279181,356,1,11.8420000076294,35.4220008850098,0.0261659994721413,0,108.005401611328,-87.0307,27.1799,23.8404837148904,63,63,63,63,61,63,0,7818,1.13366707078925,27,-87,0.001869,51,2025-09-16 16:30:15.00176,356,1.037,0.0011,"aoml_navis",1028.53909165206
"7901009",84,0,1,0.029904,1,0.007476,1,111.885159682952,1,4.86120645880858,358,1,11.789999961853,35.4129981994629,0.0299040004611015,0,107.890403747559,-87.0307,27.1799,23.8404837148904,63,63,63,63,61,63,0,7818,1.13366707078925,27,-87,0.001869,51,2025-09-16 16:30:15.00176,358,1.037,0.0011,"aoml_navis",1028.5512541727
"7901009",84,0,1,0.028035,1,0.005607,1,111.743600309772,1,4.86114722342686,360,1,11.7360000610352,35.4039993286133,0.0280349999666214,0,107.753898620605,-87.0307,27.1799,23.8404837148904,63,63,63,63,61,63,0,7818,1.13366707078925,27,-87,0.001869,51,2025-09-16 16:30:15.00176,360,1.037,0.0011,"aoml_navis",1028.56378755697
"7901009",84,0,1,0.031773,1,0.009345,1,111.589192041999,1,4.86107343097162,362,1,11.6780004501343,35.3979988098145,0.0317730009555817,0,107.605003356934,-87.0307,27.1799,23.8404837148904,63,63,63,63,61,63,0,7818,1.13366707078925,27,-87,0.001869,51,2025-09-16 16:30:15.00176,362,1.037,0.0011,"aoml_navis",1028.57940144315
"7901009",84,0,1,0.024297,1,0.001869,1,111.405533550514,1,4.86102190208149,364,1,11.6440000534058,35.3919982910156,0.0242970008403063,0,107.42790222168,-87.0307,27.1799,23.8404837148904,63,63,63,63,61,63,0,7818,1.13366707078925,27,-87,0.001869,51,2025-09-16 16:30:15.00176,364,1.037,0.0011,"aoml_navis",1028.59030482027
"7901009",84,0,1,0.026166,1,0.003738,1,111.328685451269,1,4.86096121940661,366,1,11.6040000915527,35.3870010375977,0.0261659994721413,0,107.353797912598,-87.0307,27.1799,23.8404837148904,63,63,63,63,61,63,0,7818,1.13366707078925,27,-87,0.001869,51,2025-09-16 16:30:15.00176,366,1.037,0.0011,"aoml_navis",1028.60314541048
"7901009",84,0,1,0.028035,1,0.005607,1,111.173129960765,1,4.86091718007688,368,1,11.5860004425049,35.382999420166,0.0280349999666214,0,107.203796386719,-87.0307,27.1799,23.8404837148904,63,63,63,63,61,63,0,7818,1.13366707078925,27,-87,0.001869,51,2025-09-16 16:30:15.00176,368,1.037,0.0011,"aoml_navis",1028.61246443226
"7901009",84,0,1,0.024297,1,0.001869,1,111.042987431732,1,4.86085659397744,370,1,11.5419998168945,35.3769989013672,0.0242970008403063,0,107.078300476074,-87.0307,27.1799,23.8404837148904,63,63,63,63,61,63,0,7818,1.13366707078925,27,-87,0.001869,51,2025-09-16 16:30:15.00176,370,1.037,0.0011,"aoml_navis",1028.62528513903
"7901009",84,0,1,0.028035,1,0.005607,1,110.929847534768,1,4.860793340693,372,1,11.4949998855591,35.3709983825684,0.0280349999666214,0,106.969200134277,-87.0307,27.1799,23.8404837148904,63,63,63,63,61,63,0,7818,1.13366707078925,27,-87,0.001869,51,2025-09-16 16:30:15.00176,372,1.037,0.0011,"aoml_navis",1028.63867059346
"7901009",84,0,1,0.026166,1,0.003738,1,110.82863084233,1,4.86074204552324,374,1,11.4650001525879,35.3660011291504,0.0261659994721413,0,106.871597290039,-87.0307,27.1799,23.8404837148904,63,63,63,63,61,63,0,7818,1.13366707078925,27,-87,0.001869,51,2025-09-16 16:30:15.00176,374,1.037,0.0011,"aoml_navis",1028.64952576634
"7901009",84,0,1,0.026166,1,0.003738,1,110.863371911391,1,4.86068441788961,376,1,11.423999786377,35.3600006103516,0.0261659994721413,0,106.905097961426,-87.0307,27.1799,23.8404837148904,63,63,63,63,61,63,0,7818,1.13366707078925,27,-87,0.001869,51,2025-09-16 16:30:15.00176,376,1.037,0.0011,"aoml_navis",1028.6617212995
"7901009",84,0,1,0.028035,1,0.005607,1,110.943637943188,1,4.86063688568372,378,1,11.3940000534058,35.3540000915527,0.0280349999666214,0,106.982498168945,-87.0307,27.1799,23.8404837148904,63,63,63,63,61,63,0,7818,1.13366707078925,27,-87,0.001869,51,2025-09-16 16:30:15.00176,378,1.037,0.0011,"aoml_navis",1028.67178059047
"7901009",84,0,1,0.028035,1,0.005607,1,111.219905000684,1,4.86056403248202,380,1,11.3199996948242,35.3440017700195,0.0280349999666214,0,107.248901367188,-87.0307,27.1799,23.8404837148904,63,63,63,63,61,63,0,7818,1.13366707078925,27,-87,0.001869,51,2025-09-16 16:30:15.00176,380,1.037,0.0011,"aoml_navis",1028.68719897242
"7901009",84,0,1,0.028035,1,0.005607,1,111.394638890506,1,4.86049690912479,382,1,11.2480001449585,35.3330001831055,0.0280349999666214,0,107.41739654541,-87.0307,27.1799,23.8404837148904,63,63,63,63,61,63,0,7818,1.13366707078925,27,-87,0.001869,51,2025-09-16 16:30:15.00176,382,1.037,0.0011,"aoml_navis",1028.70140512039
"7901009",84,0,1,0.026166,1,0.003738,1,111.401071249683,1,4.86043338653169,384,1,11.1960000991821,35.326000213623,0.0261659994721413,0,107.423599243164,-87.0307,27.1799,23.8404837148904,63,63,63,63,61,63,0,7818,1.13366707078925,27,-87,0.001869,51,2025-09-16 16:30:15.00176,384,1.037,0.0011,"aoml_navis",1028.7148495554
"7901009",84,0,1,0.026166,1,0.003738,1,111.247177254169,1,4.86038151088531,386,1,11.168999671936,35.3219985961914,0.0261659994721413,0,107.275199890137,-87.0307,27.1799,23.8404837148904,63,63,63,63,61,63,0,7818,1.13366707078925,27,-87,0.001869,51,2025-09-16 16:30:15.00176,386,1.037,0.0011,"aoml_navis",1028.72582919715
"7901009",84,0,1,0.026166,1,0.003738,1,110.974027477751,1,4.86032971317581,388,1,11.1379995346069,35.3170013427734,0.0261659994721413,0,107.01180267334,-87.0307,27.1799,23.8404837148904,63,63,63,63,61,63,0,7818,1.13366707078925,27,-87,0.001869,51,2025-09-16 16:30:15.00176,388,1.037,0.0011,"aoml_navis",1028.73679257717
"7901009",84,0,1,0.026166,1,0.003738,1,110.538786997199,1,4.86027091953966,390,1,11.0909996032715,35.310001373291,0.0261659994721413,0,106.592102050781,-87.0307,27.1799,23.8404837148904,63,63,63,63,61,63,0,7818,1.13366707078925,27,-87,0.001869,51,2025-09-16 16:30:15.00176,390,1.037,0.0011,"aoml_navis",1028.74923698154
"7901009",84,0,1,0.024297,1,0.001869,1,110.444311227293,1,4.86020415468534,392,1,11.0349998474121,35.3030014038086,0.0242970008403063,0,106.500999450684,-87.0307,27.1799,23.8404837148904,63,63,63,63,61,63,0,7818,1.13366707078925,27,-87,0.001869,51,2025-09-16 16:30:15.00176,392,1.037,0.0011,"aoml_navis",1028.76336895846
"7901009",84,0,1,0.024297,1,0.001869,1,110.416413935217,1,4.86014449159553,394,1,10.9949998855591,35.2980003356934,0.0242970008403063,0,106.474098205566,-87.0307,27.1799,23.8404837148904,63,63,63,63,61,63,0,7818,1.13366707078925,27,-87,0.001869,51,2025-09-16 16:30:15.00176,394,1.037,0.0011,"aoml_navis",1028.77599804827
"7901009",84,0,1,0.026166,1,0.003738,1,110.381886486941,1,4.86008598146927,396,1,10.9479999542236,35.2910003662109,0.0261659994721413,0,106.440803527832,-87.0307,27.1799,23.8404837148904,63,63,63,63,61,63,0,7818,1.13366707078925,27,-87,0.001869,51,2025-09-16 16:30:15.00176,396,1.037,0.0011,"aoml_navis",1028.7883833875
"7901009",84,0,1,0.029904,1,0.007476,1,110.476251490513,1,4.8600188863264,398,1,10.8830003738403,35.2820014953613,0.0299040004611015,0,106.531799316406,-87.0307,27.1799,23.8404837148904,63,63,63,63,61,63,0,7818,1.13366707078925,27,-87,0.001869,51,2025-09-16 16:30:15.00176,398,1.037,0.0011,"aoml_navis",1028.80258635773
"7901009",84,0,1,0.028035,1,0.005607,1,110.50912535568,1,4.85996125230767,400,1,10.8450002670288,35.2770004272461,0.0280349999666214,0,106.563499450684,-87.0307,27.1799,23.8404837148904,63,63,63,63,61,63,0,7818,1.13366707078925,27,-87,0.001869,51,2025-09-16 16:30:15.00176,400,1.037,0.0011,"aoml_navis",1028.81478687219
"7901009",84,0,1,0.028035,1,0.005607,1,110.444002663938,1,4.85991507708192,402,1,10.8240003585815,35.2729988098145,0.0280349999666214,0,106.500701904297,-87.0307,27.1799,23.8404837148904,63,63,63,63,61,63,0,7818,1.13366707078925,27,-87,0.001869,51,2025-09-16 16:30:15.00176,402,1.037,0.0011,"aoml_navis",1028.82456188971
"7901009",84,0,1,0.024297,1,0.001869,1,110.427094974441,1,4.85984806121714,404,1,10.7670001983643,35.265998840332,0.0242970008403063,0,106.484397888184,-87.0307,27.1799,23.8404837148904,63,63,63,63,61,63,0,7818,1.13366707078925,27,-87,0.001869,51,2025-09-16 16:30:15.00176,404,1.037,0.0011,"aoml_navis",1028.83874907558
"7901009",84,0,1,0.028035,1,0.005607,1,110.386965914483,1,4.8597935320154,406,1,10.7239999771118,35.2589988708496,0.0280349999666214,0,106.445701599121,-87.0307,27.1799,23.8404837148904,63,63,63,63,61,63,0,7818,1.13366707078925,27,-87,0.001869,51,2025-09-16 16:30:15.00176,406,1.037,0.0011,"aoml_navis",1028.85029313714
"7901009",84,0,1,0.029904,1,0.007476,1,110.291350833727,1,4.85973951183905,408,1,10.6940002441406,35.2550010681152,0.0299040004611015,0,106.353500366211,-87.0307,27.1799,23.8404837148904,63,63,63,63,61,63,0,7818,1.13366707078925,27,-87,0.001869,51,2025-09-16 16:30:15.00176,408,1.037,0.0011,"aoml_navis",1028.86172969133
"7901009",84,0,1,0.028035,1,0.005607,1,110.146792857683,1,4.85968993980118,410,1,10.668999671936,35.2509994506836,0.0280349999666214,0,106.21410369873,-87.0307,27.1799,23.8404837148904,63,63,63,63,61,63,0,7818,1.13366707078925,27,-87,0.001869,51,2025-09-16 16:30:15.00176,410,1.037,0.0011,"aoml_navis",1028.87222475855
"7901009",84,0,1,0.026166,1,0.003738,1,110.134656032372,1,4.85962856178906,412,1,10.6180000305176,35.2439994812012,0.0261659994721413,0,106.20240020752,-87.0307,27.1799,23.8404837148904,63,63,63,63,61,63,0,7818,1.13366707078925,27,-87,0.001869,51,2025-09-16 16:30:15.00176,412,1.037,0.0011,"aoml_navis",1028.88521960602
"7901009",84,0,1,0.028035,1,0.005607,1,110.110493148083,1,4.85957572273685,414,1,10.585000038147,35.2389984130859,0.0280349999666214,0,106.179100036621,-87.0307,27.1799,23.8404837148904,63,63,63,63,61,63,0,7818,1.13366707078925,27,-87,0.001869,51,2025-09-16 16:30:15.00176,414,1.037,0.0011,"aoml_navis",1028.89640686246
"7901009",84,0,1,0.024297,1,0.001869,1,110.267085094986,1,4.85949515152738,416,1,10.4949998855591,35.2280006408691,0.0242970008403063,0,106.330101013184,-87.0307,27.1799,23.8404837148904,63,63,63,63,61,63,0,7818,1.13366707078925,27,-87,0.001869,51,2025-09-16 16:30:15.00176,416,1.037,0.0011,"aoml_navis",1028.91346613001
"7901009",84,0,1,0.028035,1,0.005607,1,110.319556689159,1,4.85944161221842,418,1,10.4610004425049,35.2229995727539,0.0280349999666214,0,106.380699157715,-87.0307,27.1799,23.8404837148904,63,63,63,63,61,63,0,7818,1.13366707078925,27,-87,0.001869,51,2025-09-16 16:30:15.00176,418,1.037,0.0011,"aoml_navis",1028.92480227114
"7901009",84,0,1,0.029904,1,0.007476,1,110.335111447021,1,4.8593853051801,420,1,10.4280004501343,35.2190017700195,0.0299040004611015,0,106.395698547363,-87.0307,27.1799,23.8404837148904,63,63,63,63,61,63,0,7818,1.13366707078925,27,-87,0.001869,51,2025-09-16 16:30:15.00176,420,1.037,0.0011,"aoml_navis",1028.93672470673
"7901009",84,0,1,0.031773,1,0.009345,1,110.310742853829,1,4.85933532896628,422,1,10.3979997634888,35.2140007019043,0.0317730009555817,0,106.372200012207,-87.0307,27.1799,23.8404837148904,63,63,63,63,61,63,0,7818,1.13366707078925,27,-87,0.001869,51,2025-09-16 16:30:15.00176,422,1.037,0.0011,"aoml_navis",1028.94730688685
"7901009",84,0,1,0.031773,1,0.009345,1,110.340815913155,1,4.85927239373019,424,1,10.3529996871948,35.2089996337891,0.0317730009555817,0,106.40119934082,-87.0307,27.1799,23.8404837148904,63,63,63,63,61,63,0,7818,1.13366707078925,27,-87,0.001869,51,2025-09-16 16:30:15.00176,424,1.037,0.0011,"aoml_navis",1028.96063337618
"7901009",84,0,1,0.026166,1,0.003738,1,110.297783192904,1,4.85922553616494,426,1,10.335000038147,35.2060012817383,0.0261659994721413,0,106.359703063965,-87.0307,27.1799,23.8404837148904,63,63,63,63,61,63,0,7818,1.13366707078925,27,-87,0.001869,51,2025-09-16 16:30:15.00176,426,1.037,0.0011,"aoml_navis",1028.97055565488
"7901009",84,0,1,0.029904,1,0.007476,1,110.260447026906,1,4.8591750345221,428,1,10.3170003890991,35.2039985656738,0.0299040004611015,0,106.323699951172,-87.0307,27.1799,23.8404837148904,63,63,63,63,61,63,0,7818,1.13366707078925,27,-87,0.001869,51,2025-09-16 16:30:15.00176,428,1.037,0.0011,"aoml_navis",1028.98124979598
"7901009",84,0,1,0.029904,1,0.007476,1,110.220626530303,1,4.8591256082654,430,1,10.2959995269775,35.201000213623,0.0299040004611015,0,106.285301208496,-87.0307,27.1799,23.8404837148904,63,63,63,63,61,63,0,7818,1.13366707078925,27,-87,0.001869,51,2025-09-16 16:30:15.00176,430,1.037,0.0011,"aoml_navis",1028.99171643041
"7901009",84,0,1,0.026166,1,0.003738,1,110.155290217776,1,4.85907792614006,432,1,10.2770004272461,35.1980018615723,0.0261659994721413,0,106.222297668457,-87.0307,27.1799,23.8404837148904,63,63,63,63,61,63,0,7818,1.13366707078925,27,-87,0.001869,51,2025-09-16 16:30:15.00176,432,1.037,0.0011,"aoml_navis",1029.00181392478
"7901009",84,0,1,0.028035,1,0.005607,1,110.058124408363,1,4.85902721198373,433.899993896484,1,10.2519998550415,35.1949996948242,0.0280349999666214,0,106.128601074219,-87.0307,27.1799,23.8404837148904,63,63,63,63,61,63,0,7818,1.13366707078925,27,-87,0.001869,51,2025-09-16 16:30:15.00176,433.899993896484,1.037,0.0011,"aoml_navis",1029.01255372034
"7901009",84,0,1,0.028035,1,0.005607,1,109.927973967449,1,4.85898175270556,436,1,10.2379999160767,35.1920013427734,0.0280349999666214,0,106.00309753418,-87.0307,27.1799,23.8404837148904,63,63,63,63,61,63,0,7818,1.13366707078925,27,-87,0.001869,51,2025-09-16 16:30:15.00176,436,1.037,0.0011,"aoml_navis",1029.02218087481
"7901009",84,0,1,0.031773,1,0.009345,1,109.869489343788,1,4.85892535197901,438,1,10.1960000991821,35.1860008239746,0.0317730009555817,0,105.946701049805,-87.0307,27.1799,23.8404837148904,63,63,63,63,61,63,0,7818,1.13366707078925,27,-87,0.001869,51,2025-09-16 16:30:15.00176,438,1.037,0.0011,"aoml_navis",1029.03412540873
"7901009",84,0,1,0.029904,1,0.007476,1,109.990303765231,1,4.8588520172793,440,1,10.1169996261597,35.1759986877441,0.0299040004611015,0,106.063201904297,-87.0307,27.1799,23.8404837148904,63,63,63,63,61,63,0,7818,1.13366707078925,27,-87,0.001869,51,2025-09-16 16:30:15.00176,440,1.037,0.0011,"aoml_navis",1029.04965663057
"7901009",84,0,1,0.028035,1,0.005607,1,110.112051788622,1,4.85877501599927,442,1,10.0419998168945,35.1679992675781,0.0280349999666214,0,106.180603027344,-87.0307,27.1799,23.8404837148904,63,63,63,63,61,63,0,7818,1.13366707078925,27,-87,0.001869,51,2025-09-16 16:30:15.00176,442,1.037,0.0011,"aoml_navis",1029.06596488532
"7901009",84,0,1,0.026166,1,0.003738,1,110.080000759069,1,4.85872948795094,444,1,10.0209999084473,35.1640014648438,0.0261659994721413,0,106.149696350098,-87.0307,27.1799,23.8404837148904,63,63,63,63,61,63,0,7818,1.13366707078925,27,-87,0.001869,51,2025-09-16 16:30:15.00176,444,1.037,0.0011,"aoml_navis",1029.0756076047
"7901009",84,0,1,0.026166,1,0.003738,1,110.073679166225,1,4.85867691589695,446,1,9.99600028991699,35.1609992980957,0.0261659994721413,0,106.143600463867,-87.0307,27.1799,23.8404837148904,63,63,63,63,61,63,0,7818,1.13366707078925,27,-87,0.001869,51,2025-09-16 16:30:15.00176,446,1.037,0.0011,"aoml_navis",1029.08674245053
"7901009",84,0,1,0.024297,1,0.001869,1,110.085918845987,1,4.85862292835099,448,1,9.96500015258789,35.1570014953613,0.0242970008403063,0,106.155403137207,-87.0307,27.1799,23.8404837148904,63,63,63,63,61,63,0,7818,1.13366707078925,27,-87,0.001869,51,2025-09-16 16:30:15.00176,448,1.037,0.0011,"aoml_navis",1029.09817735063
"7901009",84,0,1,0.028035,1,0.005607,1,110.008137144795,1,4.85858089284394,450,1,9.96100044250488,35.1559982299805,0.0280349999666214,0,106.08039855957,-87.0307,27.1799,23.8404837148904,63,63,63,63,61,63,0,7818,1.13366707078925,27,-87,0.001869,51,2025-09-16 16:30:15.00176,450,1.037,0.0011,"aoml_navis",1029.10708091005
"7901009",84,0,1,0.031773,1,0.009345,1,110.006269940901,1,4.8585207300489,452,1,9.92700004577637,35.1529998779297,0.0317730009555817,0,106.078598022461,-87.0307,27.1799,23.8404837148904,63,63,63,63,61,63,0,7818,1.13366707078925,27,-87,0.001869,51,2025-09-16 16:30:15.00176,452,1.037,0.0011,"aoml_navis",1029.11982428645
"7901009",84,0,1,0.026166,1,0.003738,1,109.95607696843,1,4.85847416360838,454,1,9.90900039672852,35.1500015258789,0.0261659994721413,0,106.030197143555,-87.0307,27.1799,23.8404837148904,63,63,63,63,61,63,0,7818,1.13366707078925,27,-87,0.001869,51,2025-09-16 16:30:15.00176,454,1.037,0.0011,"aoml_navis",1029.12968796905
"7901009",84,0,1,0.026166,1,0.003738,1,109.826448711656,1,4.85843072397051,456,1,9.89900016784668,35.1479988098145,0.0261659994721413,0,105.905197143555,-87.0307,27.1799,23.8404837148904,63,63,63,63,61,63,0,7818,1.13366707078925,27,-87,0.001869,51,2025-09-16 16:30:15.00176,456,1.037,0.0011,"aoml_navis",1029.13888950418
"7901009",84,0,1,0.028035,1,0.005607,1,109.685727997852,1,4.85838812098953,458,1,9.89000034332275,35.1459999084473,0.0280349999666214,0,105.769500732422,-87.0307,27.1799,23.8404837148904,63,63,63,63,61,63,0,7818,1.13366707078925,27,-87,0.001869,51,2025-09-16 16:30:15.00176,458,1.037,0.0011,"aoml_navis",1029.14791397556
"7901009",84,0,1,0.028035,1,0.005607,1,109.603072578021,1,4.85832920049026,460,1,9.85299968719482,35.1419982910156,0.0280349999666214,0,105.689796447754,-87.0307,27.1799,23.8404837148904,63,63,63,63,61,63,0,7818,1.13366707078925,27,-87,0.001869,51,2025-09-16 16:30:15.00176,460,1.037,0.0011,"aoml_navis",1029.16039520242
"7901009",84,0,1,0.028035,1,0.005607,1,109.657205667184,1,4.85826112753811,462,1,9.79199981689453,35.1349983215332,0.0280349999666214,0,105.741996765137,-87.0307,27.1799,23.8404837148904,63,63,63,63,61,63,0,7818,1.13366707078925,27,-87,0.001869,51,2025-09-16 16:30:15.00176,462,1.037,0.0011,"aoml_navis",1029.17481558545
"7901009",84,0,1,0.029904,1,0.007476,1,109.672246152787,1,4.85820380856486,464,1,9.7480001449585,35.1290016174316,0.0299040004611015,0,105.756500244141,-87.0307,27.1799,23.8404837148904,63,63,63,63,61,63,0,7818,1.13366707078925,27,-87,0.001869,51,2025-09-16 16:30:15.00176,464,1.037,0.0011,"aoml_navis",1029.18695818919
"7901009",84,0,1,0.026166,1,0.003738,1,109.775116428334,1,4.85813936496525,466,1,9.69099998474121,35.1220016479492,0.0261659994721413,0,105.855697631836,-87.0307,27.1799,23.8404837148904,63,63,63,63,61,63,0,7818,1.13366707078925,27,-87,0.001869,51,2025-09-16 16:30:15.00176,466,1.037,0.0011,"aoml_navis",1029.20061043489
"7901009",84,0,1,0.029904,1,0.007476,1,109.822097177158,1,4.85807422892686,468,1,9.63300037384033,35.1150016784668,0.0299040004611015,0,105.901000976562,-87.0307,27.1799,23.8404837148904,63,63,63,63,61,63,0,7818,1.13366707078925,27,-87,0.001869,51,2025-09-16 16:30:15.00176,468,1.037,0.0011,"aoml_navis",1029.2144097404
"7901009",84,0,1,0.028035,1,0.005607,1,109.906817597905,1,4.85800223633182,470,1,9.57100009918213,35.109001159668,0.0280349999666214,0,105.982696533203,-87.0307,27.1799,23.8404837148904,63,63,63,63,61,63,0,7818,1.13366707078925,27,-87,0.001869,51,2025-09-16 16:30:15.00176,470,1.037,0.0011,"aoml_navis",1029.22966206277
"7901009",84,0,1,0.026166,1,0.003738,1,109.945498783657,1,4.85795308696228,472,1,9.55399990081787,35.1069984436035,0.0261659994721413,0,106.019996643066,-87.0307,27.1799,23.8404837148904,63,63,63,63,61,63,0,7818,1.13366707078925,27,-87,0.001869,51,2025-09-16 16:30:15.00176,472,1.037,0.0011,"aoml_navis",1029.2400750882
"7901009",84,0,1,0.028035,1,0.005607,1,109.974432532133,1,4.85790642736293,474,1,9.53999996185303,35.1049995422363,0.0280349999666214,0,106.047897338867,-87.0307,27.1799,23.8404837148904,63,63,63,63,61,63,0,7818,1.13366707078925,27,-87,0.001869,51,2025-09-16 16:30:15.00176,474,1.037,0.0011,"aoml_navis",1029.24996081372
"7901009",84,0,1,0.031773,1,0.009345,1,109.965207278996,1,4.85786261828533,476,1,9.52499961853027,35.1020011901855,0.0317730009555817,0,106.039001464844,-87.0307,27.1799,23.8404837148904,63,63,63,63,61,63,0,7818,1.13366707078925,27,-87,0.001869,51,2025-09-16 16:30:15.00176,476,1.037,0.0011,"aoml_navis",1029.25924277472
"7901009",84,0,1,0.028035,1,0.005607,1,109.946329531153,1,4.85781598739186,478,1,9.51099967956543,35.0999984741211,0.0280349999666214,0,106.020797729492,-87.0307,27.1799,23.8404837148904,63,63,63,63,61,63,0,7818,1.13366707078925,27,-87,0.001869,51,2025-09-16 16:30:15.00176,478,1.037,0.0011,"aoml_navis",1029.26912278628
"7901009",84,0,1,0.031773,1,0.009345,1,109.980556327955,1,4.85775929007501,480,1,9.47599983215332,35.0960006713867,0.0317730009555817,0,106.053802490234,-87.0307,27.1799,23.8404837148904,63,63,63,63,61,63,0,7818,1.13366707078925,27,-87,0.001869,51,2025-09-16 16:30:15.00176,480,1.037,0.0011,"aoml_navis",1029.28113589646
"7901009",84,0,1,0.029904,1,0.007476,1,110.001190513359,1,4.85770394451865,482,1,9.44699954986572,35.0929985046387,0.0299040004611015,0,106.073699951172,-87.0307,27.1799,23.8404837148904,63,63,63,63,61,63,0,7818,1.13366707078925,27,-87,0.001869,51,2025-09-16 16:30:15.00176,482,1.037,0.0011,"aoml_navis",1029.29286286413
"7901009",84,0,1,0.028035,1,0.005607,1,109.994758154182,1,4.85765688168844,484,1,9.42800045013428,35.0900001525879,0.0280349999666214,0,106.067497253418,-87.0307,27.1799,23.8404837148904,63,63,63,63,61,63,0,7818,1.13366707078925,27,-87,0.001869,51,2025-09-16 16:30:15.00176,484,1.037,0.0011,"aoml_navis",1029.30283504546
"7901009",84,0,1,0.031773,1,0.009345,1,110.047546223591,1,4.85759904095641,486,1,9.38700008392334,35.0849990844727,0.0317730009555817,0,106.11840057373,-87.0307,27.1799,23.8404837148904,63,63,63,63,61,63,0,7818,1.13366707078925,27,-87,0.001869,51,2025-09-16 16:30:15.00176,486,1.037,0.0011,"aoml_navis",1029.31509122983
"7901009",84,0,1,0.029904,1,0.007476,1,110.121799225899,1,4.85754581282939,488,1,9.35599994659424,35.0810012817383,0.0299040004611015,0,106.190002441406,-87.0307,27.1799,23.8404837148904,63,63,63,63,61,63,0,7818,1.13366707078925,27,-87,0.001869,51,2025-09-16 16:30:15.00176,488,1.037,0.0011,"aoml_navis",1029.32637028237
"7901009",84,0,1,0.026166,1,0.003738,1,110.19293494713,1,4.85748852819739,490,1,9.31999969482422,35.0769996643066,0.0261659994721413,0,106.258598327637,-87.0307,27.1799,23.8404837148904,63,63,63,63,61,63,0,7818,1.13366707078925,27,-87,0.001869,51,2025-09-16 16:30:15.00176,490,1.037,0.0011,"aoml_navis",1029.33850918542
"7901009",84,0,1,0.024297,1,0.001869,1,110.281809105353,1,4.85743456459213,492,1,9.28800010681152,35.0730018615723,0.0242970008403063,0,106.344299316406,-87.0307,27.1799,23.8404837148904,63,63,63,63,61,63,0,7818,1.13366707078925,27,-87,0.001869,51,2025-09-16 16:30:15.00176,492,1.037,0.0011,"aoml_navis",1029.34994460802
"7901009",84,0,1,0.028035,1,0.005607,1,110.447317742038,1,4.85737163809662,494,1,9.23600006103516,35.0670013427734,0.0280349999666214,0,106.503898620605,-87.0307,27.1799,23.8404837148904,63,63,63,63,61,63,0,7818,1.13366707078925,27,-87,0.001869,51,2025-09-16 16:30:15.00176,494,1.037,0.0011,"aoml_navis",1029.36327967676
"7901009",84,0,1,0.033642,1,0.011214,1,110.618839408212,1,4.85730801327229,496,1,9.18299961090088,35.0610008239746,0.0336420014500618,0,106.669296264648,-87.0307,27.1799,23.8404837148904,63,63,63,63,61,63,0,7818,1.13366707078925,27,-87,0.001869,51,2025-09-16 16:30:15.00176,496,1.037,0.0011,"aoml_navis",1029.37676308313
"7901009",84,0,1,0.028035,1,0.005607,1,110.822103540583,1,4.8572384335476,498,1,9.11800003051758,35.0540008544922,0.0280349999666214,0,106.865303039551,-87.0307,27.1799,23.8404837148904,63,63,63,63,61,63,0,7818,1.13366707078925,27,-87,0.001869,51,2025-09-16 16:30:15.00176,498,1.037,0.0011,"aoml_navis",1029.39150885952
"7901009",84,0,1,0.028035,1,0.005607,1,110.892305659867,1,4.85719325102221,500,1,9.10099983215332,35.0509986877441,0.0280349999666214,0,106.932998657227,-87.0307,27.1799,23.8404837148904,63,63,63,63,61,63,0,7818,1.13366707078925,27,-87,0.001869,51,2025-09-16 16:30:15.00176,500,1.037,0.0011,"aoml_navis",1029.40108445299
"7901009",84,0,1,0.029904,1,0.007476,1,111.057300024292,1,4.85712867325754,502,1,9.05099964141846,35.0460014343262,0.0299040004611015,0,107.092102050781,-87.0307,27.1799,23.8404837148904,63,63,63,63,61,63,0,7818,1.13366707078925,27,-87,0.001869,51,2025-09-16 16:30:15.00176,502,1.037,0.0011,"aoml_navis",1029.41477081492
"7901009",84,0,1,0.029904,1,0.007476,1,111.258483331985,1,4.85707148691057,504,1,9.01000022888184,35.0410003662109,0.0299040004611015,0,107.286102294922,-87.0307,27.1799,23.8404837148904,63,63,63,63,61,63,0,7818,1.13366707078925,27,-87,0.001869,51,2025-09-16 16:30:15.00176,504,1.037,0.0011,"aoml_navis",1029.42689097219
"7901009",84,0,1,0.031773,1,0.009345,1,111.406253531677,1,4.85702359579965,506,1,8.98499965667725,35.0369987487793,0.0317730009555817,0,107.428596496582,-87.0307,27.1799,23.8404837148904,63,63,63,63,61,63,0,7818,1.13366707078925,27,-87,0.001869,51,2025-09-16 16:30:15.00176,506,1.037,0.0011,"aoml_navis",1029.43704130324
"7901009",84,0,1,0.028035,1,0.005607,1,111.683557045571,1,4.85696409350197,508,1,8.94099998474121,35.0320014953613,0.0280349999666214,0,107.695999145508,-87.0307,27.1799,23.8404837148904,63,63,63,63,61,63,0,7818,1.13366707078925,27,-87,0.001869,51,2025-09-16 16:30:15.00176,508,1.037,0.0011,"aoml_navis",1029.44965285813
"7901009",84,0,1,0.028035,1,0.005607,1,112.005451920256,1,4.85688686598958,510,1,8.86100006103516,35.023998260498,0.0280349999666214,0,108.006401062012,-87.0307,27.1799,23.8404837148904,63,63,63,63,61,63,0,7818,1.13366707078925,27,-87,0.001869,51,2025-09-16 16:30:15.00176,510,1.037,0.0011,"aoml_navis",1029.46602174586
"7901009",84,0,1,0.028035,1,0.005607,1,112.180502285314,1,4.85683111657847,512,1,8.82600021362305,35.0200004577637,0.0280349999666214,0,108.175201416016,-87.0307,27.1799,23.8404837148904,63,63,63,63,61,63,0,7818,1.13366707078925,27,-87,0.001869,51,2025-09-16 16:30:15.00176,512,1.037,0.0011,"aoml_navis",1029.47783852991
"7901009",84,0,1,0.028035,1,0.005607,1,112.415073730432,1,4.85677530153729,514,1,8.77700042724609,35.0130004882812,0.0280349999666214,0,108.401397705078,-87.0307,27.1799,23.8404837148904,63,63,63,63,61,63,0,7818,1.13366707078925,27,-87,0.001869,51,2025-09-16 16:30:15.00176,514,1.037,0.0011,"aoml_navis",1029.48966949683
"7901009",84,0,1,0.031773,1,0.009345,1,112.589293347995,1,4.85670825764875,516,1,8.72299957275391,35.007999420166,0.0317730009555817,0,108.569396972656,-87.0307,27.1799,23.8404837148904,63,63,63,63,61,63,0,7818,1.13366707078925,27,-87,0.001869,51,2025-09-16 16:30:15.00176,516,1.037,0.0011,"aoml_navis",1029.50388097238
"7901009",84,0,1,0.031773,1,0.009345,1,112.722972487792,1,4.85664739936914,518,1,8.67199993133545,35.0019989013672,0.0317730009555817,0,108.698303222656,-87.0307,27.1799,23.8404837148904,63,63,63,63,61,63,0,7818,1.13366707078925,27,-87,0.001869,51,2025-09-16 16:30:15.00176,518,1.037,0.0011,"aoml_navis",1029.5167816073
"7901009",84,0,1,0.026166,1,0.003738,1,112.791410257634,1,4.85659169069016,520,1,8.64599990844727,35,0.0261659994721413,0,108.764297485352,-87.0307,27.1799,23.8404837148904,63,63,63,63,61,63,0,7818,1.13366707078925,27,-87,0.001869,51,2025-09-16 16:30:15.00176,520,1.037,0.0011,"aoml_navis",1029.52859092206
"7901009",84,0,1,0.029904,1,0.007476,1,112.879247959459,1,4.85653284778692,522,1,8.61600017547607,34.9980010986328,0.0299040004611015,0,108.848999023438,-87.0307,27.1799,23.8404837148904,63,63,63,63,61,63,0,7818,1.13366707078925,27,-87,0.001869,51,2025-09-16 16:30:15.00176,522,1.037,0.0011,"aoml_navis",1029.54106493451
"7901009",84,0,1,0.031773,1,0.009345,1,112.876447153618,1,4.85649221062093,524,1,8.60900020599365,34.9959983825684,0.0317730009555817,0,108.846298217773,-87.0307,27.1799,23.8404837148904,63,63,63,63,61,63,0,7818,1.13366707078925,27,-87,0.001869,51,2025-09-16 16:30:15.00176,524,1.037,0.0011,"aoml_navis",1029.54967971847
"7901009",84,0,1,0.035511,1,0.013083,1,112.982640419146,1,4.856431044065,526,1,8.57600021362305,34.9939994812012,0.0355109982192516,0,108.948699951172,-87.0307,27.1799,23.8404837148904,63,63,63,63,61,63,0,7818,1.13366707078925,27,-87,0.001869,51,2025-09-16 16:30:15.00176,526,1.037,0.0011,"aoml_navis",1029.56264685575
"7901009",84,0,1,0.029904,1,0.007476,1,113.014477827914,1,4.85638094537626,528,1,8.55700016021729,34.992000579834,0.0299040004611015,0,108.979400634766,-87.0307,27.1799,23.8404837148904,63,63,63,63,61,63,0,7818,1.13366707078925,27,-87,0.001869,51,2025-09-16 16:30:15.00176,528,1.037,0.0011,"aoml_navis",1029.57326787975
"7901009",84,0,1,0.031773,1,0.009345,1,113.101484782244,1,4.85633400826355,530,1,8.54199981689453,34.9900016784668,0.0317730009555817,0,109.063301086426,-87.0307,27.1799,23.8404837148904,63,63,63,63,61,63,0,7818,1.13366707078925,27,-87,0.001869,51,2025-09-16 16:30:15.00176,530,1.037,0.0011,"aoml_navis",1029.58321884203
"7901009",84,0,1,0.033642,1,0.011214,1,113.362292024448,1,4.85628709410122,532,1,8.52700042724609,34.9879989624023,0.0336420014500618,0,109.314796447754,-87.0307,27.1799,23.8404837148904,63,63,63,63,61,63,0,7818,1.13366707078925,27,-87,0.001869,51,2025-09-16 16:30:15.00176,532,1.037,0.0011,"aoml_navis",1029.5931651309
"7901009",84,0,1,0.033642,1,0.011214,1,113.762071454776,1,4.85620838287577,534,1,8.44799995422363,34.9809989929199,0.0336420014500618,0,109.700302124023,-87.0307,27.1799,23.8404837148904,63,63,63,63,61,63,0,7818,1.13366707078925,27,-87,0.001869,51,2025-09-16 16:30:15.00176,534,1.037,0.0011,"aoml_navis",1029.60985315854
"7901009",84,0,1,0.026166,1,0.003738,1,114.02671595922,1,4.8561369718633,536,1,8.37800025939941,34.9739990234375,0.0261659994721413,0,109.955497741699,-87.0307,27.1799,23.8404837148904,63,63,63,63,61,63,0,7818,1.13366707078925,27,-87,0.001869,51,2025-09-16 16:30:15.00176,536,1.037,0.0011,"aoml_navis",1029.62499389335
"7901009",84,0,1,0.028035,1,0.005607,1,114.122228185525,1,4.85608312537067,538,1,8.35400009155273,34.9720001220703,0.0280349999666214,0,110.04759979248,-87.0307,27.1799,23.8404837148904,63,63,63,63,61,63,0,7818,1.13366707078925,27,-87,0.001869,51,2025-09-16 16:30:15.00176,538,1.037,0.0011,"aoml_navis",1029.63641085084
"7901009",84,0,1,0.031773,1,0.009345,1,114.253929355096,1,4.85602987286229,540,1,8.32600021362305,34.9690017700195,0.0317730009555817,0,110.174598693848,-87.0307,27.1799,23.8404837148904,63,63,63,63,61,63,0,7818,1.13366707078925,27,-87,0.001869,51,2025-09-16 16:30:15.00176,540,1.037,0.0011,"aoml_navis",1029.64770211614
"7901009",84,0,1,0.033642,1,0.011214,1,114.389467786906,1,4.8559745364609,542,1,8.30000019073486,34.9669990539551,0.0336420014500618,0,110.305297851562,-87.0307,27.1799,23.8404837148904,63,63,63,63,61,63,0,7818,1.13366707078925,27,-87,0.001869,51,2025-09-16 16:30:15.00176,542,1.037,0.0011,"aoml_navis",1029.65943549697
"7901009",84,0,1,0.029904,1,0.007476,1,114.556329355226,1,4.85592444483853,544,1,8.27600002288818,34.9640007019043,0.0299040004611015,0,110.466201782227,-87.0307,27.1799,23.8404837148904,63,63,63,63,61,63,0,7818,1.13366707078925,27,-87,0.001869,51,2025-09-16 16:30:15.00176,544,1.037,0.0011,"aoml_navis",1029.67005701965
"7901009",84,0,1,0.028035,1,0.005607,1,114.782395528369,1,4.85586664893257,546,1,8.24199962615967,34.9609985351562,0.0280349999666214,0,110.684196472168,-87.0307,27.1799,23.8404837148904,63,63,63,63,61,63,0,7818,1.13366707078925,27,-87,0.001869,51,2025-09-16 16:30:15.00176,546,1.037,0.0011,"aoml_navis",1029.68231244553
"7901009",84,0,1,0.029904,1,0.007476,1,114.974765000732,1,4.85579867534022,548,1,8.1899995803833,34.9570007324219,0.0299040004611015,0,110.869697570801,-87.0307,27.1799,23.8404837148904,63,63,63,63,61,63,0,7818,1.13366707078925,27,-87,0.001869,51,2025-09-16 16:30:15.00176,548,1.037,0.0011,"aoml_navis",1029.69672638861
"7901009",84,0,1,0.026166,1,0.003738,1,115.069446479541,1,4.85574903188403,550,1,8.17599964141846,34.9560012817383,0.0261659994721413,0,110.960998535156,-87.0307,27.1799,23.8404837148904,63,63,63,63,61,63,0,7818,1.13366707078925,27,-87,0.001869,51,2025-09-16 16:30:15.00176,550,1.037,0.0011,"aoml_navis",1029.7072536428
"7901009",84,0,1,0.046725,1,0.024297,1,115.116530082816,1,4.85570093630601,552,1,8.16399955749512,34.9550018310547,0.0467250011861324,0,111.006401062012,-87.0307,27.1799,23.8404837148904,63,63,63,63,61,63,0,7818,1.13366707078925,27,-87,0.001869,51,2025-09-16 16:30:15.00176,552,1.037,0.0011,"aoml_navis",1029.71745286351
"7901009",84,0,1,0.029904,1,0.007476,1,115.189746628725,1,4.85565209032604,554,1,8.15100002288818,34.9539985656738,0.0299040004611015,0,111.077003479004,-87.0307,27.1799,23.8404837148904,63,63,63,63,61,63,0,7818,1.13366707078925,27,-87,0.001869,51,2025-09-16 16:30:15.00176,554,1.037,0.0011,"aoml_navis",1029.72781142239
"7901009",84,0,1,0.028035,1,0.005607,1,115.249576272141,1,4.85561170459996,556,1,8.14900016784668,34.9529991149902,0.0280349999666214,0,111.134696960449,-87.0307,27.1799,23.8404837148904,63,63,63,63,61,63,0,7818,1.13366707078925,27,-87,0.001869,51,2025-09-16 16:30:15.00176,556,1.037,0.0011,"aoml_navis",1029.73637600866
"7901009",84,0,1,0.031773,1,0.009345,1,115.388540548384,1,4.8555713206625,558,1,8.14700031280518,34.9519996643066,0.0317730009555817,0,111.268699645996,-87.0307,27.1799,23.8404837148904,63,63,63,63,61,63,0,7818,1.13366707078925,27,-87,0.001869,51,2025-09-16 16:30:15.00176,558,1.037,0.0011,"aoml_navis",1029.74494035808
"7901009",84,0,1,0.024297,1,0.001869,1,115.704730956935,1,4.8555223020474,560,1,8.12899971008301,34.9500007629395,0.0242970008403063,0,111.573600769043,-87.0307,27.1799,23.8404837148904,63,63,63,63,61,63,0,7818,1.13366707078925,27,-87,0.001869,51,2025-09-16 16:30:15.00176,560,1.037,0.0011,"aoml_navis",1029.75533608232
"7901009",84,0,1,0.029904,1,0.007476,1,116.190575827765,1,4.85545426247681,562,1,8.06700038909912,34.9440002441406,0.0299040004611015,0,112.042098999023,-87.0307,27.1799,23.8404837148904,63,63,63,63,61,63,0,7818,1.13366707078925,27,-87,0.001869,51,2025-09-16 16:30:15.00176,562,1.037,0.0011,"aoml_navis",1029.76976606293
"7901009",84,0,1,0.028035,1,0.005607,1,116.664394639617,1,4.85536121936104,564,1,7.97200012207031,34.9379997253418,0.0280349999666214,0,112.499000549316,-87.0307,27.1799,23.8404837148904,63,63,63,63,61,63,0,7818,1.13366707078925,27,-87,0.001869,51,2025-09-16 16:30:15.00176,564,1.037,0.0011,"aoml_navis",1029.78949950463
"7901009",84,0,1,0.026166,1,0.003738,1,116.742065574477,1,4.85531080147753,566,1,7.9520001411438,34.9360008239746,0.0261659994721413,0,112.57389831543,-87.0307,27.1799,23.8404837148904,63,63,63,63,61,63,0,7818,1.13366707078925,27,-87,0.001869,51,2025-09-16 16:30:15.00176,566,1.037,0.0011,"aoml_navis",1029.80019291009
"7901009",84,0,1,0.031773,1,0.009345,1,116.877604006287,1,4.85526812752048,568,1,7.94700002670288,34.935001373291,0.0317730009555817,0,112.704597473145,-87.0307,27.1799,23.8404837148904,63,63,63,63,61,63,0,7818,1.13366707078925,27,-87,0.001869,51,2025-09-16 16:30:15.00176,568,1.037,0.0011,"aoml_navis",1029.80924403725
"7901009",84,0,1,0.029904,1,0.007476,1,117.007335117512,1,4.85522699166447,570,1,7.94399976730347,34.9339981079102,0.0299040004611015,0,112.829696655273,-87.0307,27.1799,23.8404837148904,63,63,63,63,61,63,0,7818,1.13366707078925,27,-87,0.001869,51,2025-09-16 16:30:15.00176,570,1.037,0.0011,"aoml_navis",1029.81796908447
"7901009",84,0,1,0.033642,1,0.011214,1,117.288475893647,1,4.85517355174665,572,1,7.92000007629395,34.931999206543,0.0336420014500618,0,113.100799560547,-87.0307,27.1799,23.8404837148904,63,63,63,63,61,63,0,7818,1.13366707078925,27,-87,0.001869,51,2025-09-16 16:30:15.00176,572,1.037,0.0011,"aoml_navis",1029.82930408353
"7901009",84,0,1,0.029904,1,0.007476,1,117.620529623415,1,4.85509414397189,574,1,7.85200023651123,34.9280014038086,0.0299040004611015,0,113.420997619629,-87.0307,27.1799,23.8404837148904,63,63,63,63,61,63,0,7818,1.13366707078925,27,-87,0.001869,51,2025-09-16 16:30:15.00176,574,1.037,0.0011,"aoml_navis",1029.84614751663
"7901009",84,0,1,0.028035,1,0.005607,1,117.800145143756,1,4.8550492257916,576,1,7.8439998626709,34.9269981384277,0.0280349999666214,0,113.594200134277,-87.0307,27.1799,23.8404837148904,63,63,63,63,61,63,0,7818,1.13366707078925,27,-87,0.001869,51,2025-09-16 16:30:15.00176,576,1.037,0.0011,"aoml_navis",1029.85567549725
"7901009",84,0,1,0.029904,1,0.007476,1,118.00029199505,1,4.8549966371213,578,1,7.82100009918213,34.9249992370605,0.0299040004611015,0,113.787200927734,-87.0307,27.1799,23.8404837148904,63,63,63,63,61,63,0,7818,1.13366707078925,27,-87,0.001869,51,2025-09-16 16:30:15.00176,578,1.037,0.0011,"aoml_navis",1029.86683075535
"7901009",84,0,1,0.026166,1,0.003738,1,118.126082989583,1,4.85494557865744,580,1,7.80000019073486,34.9230003356934,0.0261659994721413,0,113.908500671387,-87.0307,27.1799,23.8404837148904,63,63,63,63,61,63,0,7818,1.13366707078925,27,-87,0.001869,51,2025-09-16 16:30:15.00176,580,1.037,0.0011,"aoml_navis",1029.87766165294
"7901009",84,0,1,0.029904,1,0.007476,1,118.292319519311,1,4.85489679942814,582,1,7.78200006484985,34.9210014343262,0.0299040004611015,0,114.068801879883,-87.0307,27.1799,23.8404837148904,63,63,63,63,61,63,0,7818,1.13366707078925,27,-87,0.001869,51,2025-09-16 16:30:15.00176,582,1.037,0.0011,"aoml_navis",1029.88800927529
"7901009",84,0,1,0.029904,1,0.007476,1,118.442890524844,1,4.85485039209294,584,1,7.77199983596802,34.9199981689453,0.0299040004611015,0,114.213996887207,-87.0307,27.1799,23.8404837148904,63,63,63,63,61,63,0,7818,1.13366707078925,27,-87,0.001869,51,2025-09-16 16:30:15.00176,584,1.037,0.0011,"aoml_navis",1029.89785393665
"7901009",84,0,1,0.029904,1,0.007476,1,118.668553192062,1,4.8548015500422,586,1,7.74900007247925,34.9169998168945,0.0299040004611015,0,114.431602478027,-87.0307,27.1799,23.8404837148904,63,63,63,63,61,63,0,7818,1.13366707078925,27,-87,0.001869,51,2025-09-16 16:30:15.00176,586,1.037,0.0011,"aoml_navis",1029.90821529184
"7901009",84,0,1,0.033642,1,0.011214,1,118.998328300129,1,4.85472563521705,588,1,7.68499994277954,34.9129981994629,0.0336420014500618,0,114.749603271484,-87.0307,27.1799,23.8404837148904,63,63,63,63,61,63,0,7818,1.13366707078925,27,-87,0.001869,51,2025-09-16 16:30:15.00176,588,1.037,0.0011,"aoml_navis",1029.92432028066
"7901009",84,0,1,0.029904,1,0.007476,1,119.115614022688,1,4.85466495275469,590,1,7.65100002288818,34.9109992980957,0.0299040004611015,0,114.862701416016,-87.0307,27.1799,23.8404837148904,63,63,63,63,61,63,0,7818,1.13366707078925,27,-87,0.001869,51,2025-09-16 16:30:15.00176,590,1.037,0.0011,"aoml_navis",1029.93719415443
"7901009",84,0,1,0.031773,1,0.009345,1,119.123494256071,1,4.85462156816664,592,1,7.64499998092651,34.9099998474121,0.0317730009555817,0,114.870300292969,-87.0307,27.1799,23.8404837148904,63,63,63,63,61,63,0,7818,1.13366707078925,27,-87,0.001869,51,2025-09-16 16:30:15.00176,592,1.037,0.0011,"aoml_navis",1029.94639845599
"7901009",84,0,1,0.029904,1,0.007476,1,119.184059704411,1,4.85457524889137,594,1,7.6399998664856,34.9099998474121,0.0299040004611015,0,114.928703308105,-87.0307,27.1799,23.8404837148904,63,63,63,63,61,63,0,7818,1.13366707078925,27,-87,0.001869,51,2025-09-16 16:30:15.00176,594,1.037,0.0011,"aoml_navis",1029.9562255507
"7901009",84,0,1,0.028035,1,0.005607,1,119.252394619801,1,4.85452962394433,596,1,7.63100004196167,34.9090003967285,0.0280349999666214,0,114.994598388672,-87.0307,27.1799,23.8404837148904,63,63,63,63,61,63,0,7818,1.13366707078925,27,-87,0.001869,51,2025-09-16 16:30:15.00176,596,1.037,0.0011,"aoml_navis",1029.96590552011
"7901009",84,0,1,0.031773,1,0.009345,1,119.426511382912,1,4.85446830904817,598,1,7.60099983215332,34.9080009460449,0.0317730009555817,0,115.162498474121,-87.0307,27.1799,23.8404837148904,63,63,63,63,61,63,0,7818,1.13366707078925,27,-87,0.001869,51,2025-09-16 16:30:15.00176,598,1.037,0.0011,"aoml_navis",1029.97891461781
"7901009",84,0,1,0.029904,1,0.007476,1,119.490083345996,1,4.8544107585175,600,1,7.57600021362305,34.9070014953613,0.0299040004611015,0,115.22380065918,-87.0307,27.1799,23.8404837148904,63,63,63,63,61,63,0,7818,1.13366707078925,27,-87,0.001869,51,2025-09-16 16:30:15.00176,600,1.037,0.0011,"aoml_navis",1029.99112533422
"7901009",84,0,1,0.029904,1,0.007476,1,119.508747473055,1,4.85435845971512,602,1,7.55800008773804,34.9059982299805,0.0299040004611015,0,115.241798400879,-87.0307,27.1799,23.8404837148904,63,63,63,63,61,63,0,7818,1.13366707078925,27,-87,0.001869,51,2025-09-16 16:30:15.00176,602,1.037,0.0011,"aoml_navis",1030.00222202244
"7901009",84,0,1,0.033642,1,0.011214,1,119.583000475363,1,4.85428908402103,604,1,7.52199983596802,34.9059982299805,0.0336420014500618,0,115.313400268555,-87.0307,27.1799,23.8404837148904,63,63,63,63,61,63,0,7818,1.13366707078925,27,-87,0.001869,51,2025-09-16 16:30:15.00176,604,1.037,0.0011,"aoml_navis",1030.0169424311
"7901009",84,0,1,0.033642,1,0.011214,1,119.670007429693,1,4.85423980893033,606,1,7.51300001144409,34.9059982299805,0.0336420014500618,0,115.397300720215,-87.0307,27.1799,23.8404837148904,63,63,63,63,61,63,0,7818,1.13366707078925,27,-87,0.001869,51,2025-09-16 16:30:15.00176,606,1.037,0.0011,"aoml_navis",1030.02739806993
"7901009",84,0,1,0.033642,1,0.011214,1,119.807824483204,1,4.85419496520678,608,1,7.50500011444092,34.9049987792969,0.0336420014500618,0,115.530197143555,-87.0307,27.1799,23.8404837148904,63,63,63,63,61,63,0,7818,1.13366707078925,27,-87,0.001869,51,2025-09-16 16:30:15.00176,608,1.037,0.0011,"aoml_navis",1030.03691360531
"7901009",84,0,1,0.031773,1,0.009345,1,120.035560063219,1,4.85414715348883,610,1,7.49300003051758,34.9039993286133,0.0317730009555817,0,115.749801635742,-87.0307,27.1799,23.8404837148904,63,63,63,63,61,63,0,7818,1.13366707078925,27,-87,0.001869,51,2025-09-16 16:30:15.00176,610,1.037,0.0011,"aoml_navis",1030.0470591227
"7901009",84,0,1,0.029904,1,0.007476,1,120.249497322933,1,4.85409118659546,612,1,7.46999979019165,34.9029998779297,0.0299040004611015,0,115.956100463867,-87.0307,27.1799,23.8404837148904,63,63,63,63,61,63,0,7818,1.13366707078925,27,-87,0.001869,51,2025-09-16 16:30:15.00176,612,1.037,0.0011,"aoml_navis",1030.0589354002
"7901009",84,0,1,0.028035,1,0.005607,1,120.43439797972,1,4.85404561364783,614,1,7.46099996566772,34.9020004272461,0.0280349999666214,0,116.134399414062,-87.0307,27.1799,23.8404837148904,63,63,63,63,61,63,0,7818,1.13366707078925,27,-87,0.001869,51,2025-09-16 16:30:15.00176,614,1.037,0.0011,"aoml_navis",1030.06860626563
"7901009",84,0,1,0.031773,1,0.009345,1,120.789372428474,1,4.85400226697581,616,1,7.45499992370605,34.9010009765625,0.0317730009555817,0,116.476699829102,-87.0307,27.1799,23.8404837148904,63,63,63,63,61,63,0,7818,1.13366707078925,27,-87,0.001869,51,2025-09-16 16:30:15.00176,616,1.037,0.0011,"aoml_navis",1030.07780486991
"7901009",84,0,1,0.026166,1,0.003738,1,121.221914957637,1,4.85394115186658,618,1,7.42000007629395,34.898998260498,0.0261659994721413,0,116.893798828125,-87.0307,27.1799,23.8404837148904,63,63,63,63,61,63,0,7818,1.13366707078925,27,-87,0.001869,51,2025-09-16 16:30:15.00176,618,1.037,0.0011,"aoml_navis",1030.09077439623
"7901009",84,0,1,0.028035,1,0.005607,1,121.520786258883,1,4.85388376408244,620,1,7.3899998664856,34.8969993591309,0.0280349999666214,0,117.181999206543,-87.0307,27.1799,23.8404837148904,63,63,63,63,61,63,0,7818,1.13366707078925,27,-87,0.001869,51,2025-09-16 16:30:15.00176,620,1.037,0.0011,"aoml_navis",1030.10295322661
"7901009",84,0,1,0.031773,1,0.009345,1,121.816342482029,1,4.85383304793619,622,1,7.36899995803833,34.8950004577637,0.0317730009555817,0,117.467002868652,-87.0307,27.1799,23.8404837148904,63,63,63,63,61,63,0,7818,1.13366707078925,27,-87,0.001869,51,2025-09-16 16:30:15.00176,622,1.037,0.0011,"aoml_navis",1030.1137164423
"7901009",84,0,1,0.029904,1,0.007476,1,122.163223076616,1,4.85378308319907,624,1,7.35400009155273,34.8940010070801,0.0299040004611015,0,117.801498413086,-87.0307,27.1799,23.8404837148904,63,63,63,63,61,63,0,7818,1.13366707078925,27,-87,0.001869,51,2025-09-16 16:30:15.00176,624,1.037,0.0011,"aoml_navis",1030.12432041041
"7901009",84,0,1,0.029904,1,0.007476,1,122.619722781163,1,4.85372799414831,626,1,7.3270001411438,34.8919982910156,0.0299040004611015,0,118.24169921875,-87.0307,27.1799,23.8404837148904,63,63,63,63,61,63,0,7818,1.13366707078925,27,-87,0.001869,51,2025-09-16 16:30:15.00176,626,1.037,0.0011,"aoml_navis",1030.13601215973
"7901009",84,0,1,0.033642,1,0.011214,1,122.977292326855,1,4.85366190694629,628,1,7.28499984741211,34.8899993896484,0.0336420014500618,0,118.586502075195,-87.0307,27.1799,23.8404837148904,63,63,63,63,61,63,0,7818,1.13366707078925,27,-87,0.001869,51,2025-09-16 16:30:15.00176,628,1.037,0.0011,"aoml_navis",1030.15003843681
"7901009",84,0,1,0.029904,1,0.007476,1,123.155349206658,1,4.8536083227512,630,1,7.2649998664856,34.8889999389648,0.0299040004611015,0,118.758201599121,-87.0307,27.1799,23.8404837148904,63,63,63,63,61,63,0,7818,1.13366707078925,27,-87,0.001869,51,2025-09-16 16:30:15.00176,630,1.037,0.0011,"aoml_navis",1030.16141136947
"7901009",84,0,1,0.033642,1,0.011214,1,123.257705209946,1,4.85356059006007,632,1,7.25799989700317,34.8889999389648,0.0336420014500618,0,118.856903076172,-87.0307,27.1799,23.8404837148904,63,63,63,63,61,63,0,7818,1.13366707078925,27,-87,0.001869,51,2025-09-16 16:30:15.00176,632,1.037,0.0011,"aoml_navis",1030.17154256606
"7901009",84,0,1,0.031773,1,0.009345,1,123.403718972077,1,4.85351654585588,634,1,7.25099992752075,34.8880004882812,0.0317730009555817,0,118.997703552246,-87.0307,27.1799,23.8404837148904,63,63,63,63,61,63,0,7818,1.13366707078925,27,-87,0.001869,51,2025-09-16 16:30:15.00176,634,1.037,0.0011,"aoml_navis",1030.18089106324
"7901009",84,0,1,0.028035,1,0.005607,1,123.625433610722,1,4.85346369139412,636,1,7.23699998855591,34.8880004882812,0.0280349999666214,0,119.211502075195,-87.0307,27.1799,23.8404837148904,63,63,63,63,61,63,0,7818,1.13366707078925,27,-87,0.001869,51,2025-09-16 16:30:15.00176,636,1.037,0.0011,"aoml_navis",1030.19210978455
"7901009",84,0,1,0.028035,1,0.005607,1,123.881058570932,1,4.85340429170348,638,1,7.20900011062622,34.8870010375977,0.0280349999666214,0,119.458000183105,-87.0307,27.1799,23.8404837148904,63,63,63,63,61,63,0,7818,1.13366707078925,27,-87,0.001869,51,2025-09-16 16:30:15.00176,638,1.037,0.0011,"aoml_navis",1030.20471806709
"7901009",84,0,1,0.029904,1,0.007476,1,124.106919035173,1,4.8533463826148,640,1,7.18300008773804,34.8860015869141,0.0299040004611015,0,119.675796508789,-87.0307,27.1799,23.8404837148904,63,63,63,63,61,63,0,7818,1.13366707078925,27,-87,0.001869,51,2025-09-16 16:30:15.00176,640,1.037,0.0011,"aoml_navis",1030.21701024896
"7901009",84,0,1,0.029904,1,0.007476,1,124.255733603144,1,4.85329726275726,642,1,7.16900014877319,34.8849983215332,0.0299040004611015,0,119.819297790527,-87.0307,27.1799,23.8404837148904,63,63,63,63,61,63,0,7818,1.13366707078925,27,-87,0.001869,51,2025-09-16 16:30:15.00176,642,1.037,0.0011,"aoml_navis",1030.22743699804
"7901009",84,0,1,0.031773,1,0.009345,1,124.457019765289,1,4.85324449219623,644,1,7.15000009536743,34.8839988708496,0.0317730009555817,0,120.013397216797,-87.0307,27.1799,23.8404837148904,63,63,63,63,61,63,0,7818,1.13366707078925,27,-87,0.001869,51,2025-09-16 16:30:15.00176,644,1.037,0.0011,"aoml_navis",1030.23863892284
"7901009",84,0,1,0.031773,1,0.009345,1,124.696164277571,1,4.85319828733327,646,1,7.1399998664856,34.882999420166,0.0317730009555817,0,120.244003295898,-87.0307,27.1799,23.8404837148904,63,63,63,63,61,63,0,7818,1.13366707078925,27,-87,0.001869,51,2025-09-16 16:30:15.00176,646,1.037,0.0011,"aoml_navis",1030.24844730739
"7901009",84,0,1,0.028035,1,0.005607,1,124.95614077228,1,4.85314117249165,648,1,7.11499977111816,34.8819999694824,0.0280349999666214,0,120.494697570801,-87.0307,27.1799,23.8404837148904,63,63,63,63,61,63,0,7818,1.13366707078925,27,-87,0.001869,51,2025-09-16 16:30:15.00176,648,1.037,0.0011,"aoml_navis",1030.26057192417
"7901009",84,0,1,0.033642,1,0.011214,1,125.19849750821,1,4.85308911320267,650,1,7.10200023651123,34.8819999694824,0.0336420014500618,0,120.728401184082,-87.0307,27.1799,23.8404837148904,63,63,63,63,61,63,0,7818,1.13366707078925,27,-87,0.001869,51,2025-09-16 16:30:15.00176,650,1.037,0.0011,"aoml_navis",1030.27162357223
"7901009",84,0,1,0.029904,1,0.007476,1,125.518833742356,1,4.8530465580165,652,1,7.09700012207031,34.8810005187988,0.0299040004611015,0,121.037300109863,-87.0307,27.1799,23.8404837148904,63,63,63,63,61,63,0,7818,1.13366707078925,27,-87,0.001869,51,2025-09-16 16:30:15.00176,652,1.037,0.0011,"aoml_navis",1030.28065777378
"7901009",84,0,1,0.026166,1,0.003738,1,125.955735717898,1,4.85298664027213,654,1,7.06300020217896,34.8790016174316,0.0261659994721413,0,121.458602905273,-87.0307,27.1799,23.8404837148904,63,63,63,63,61,63,0,7818,1.13366707078925,27,-87,0.001869,51,2025-09-16 16:30:15.00176,654,1.037,0.0011,"aoml_navis",1030.29337820712
"7901009",84,0,1,0.029904,1,0.007476,1,126.22079955203,1,4.8529347474224,656,1,7.03999996185303,34.8769989013672,0.0299040004611015,0,121.714202880859,-87.0307,27.1799,23.8404837148904,63,63,63,63,61,63,0,7818,1.13366707078925,27,-87,0.001869,51,2025-09-16 16:30:15.00176,656,1.037,0.0011,"aoml_navis",1030.30439522306
"7901009",84,0,1,0.031773,1,0.009345,1,126.430583074268,1,4.85288568549291,658,1,7.02600002288818,34.8759994506836,0.0317730009555817,0,121.916496276855,-87.0307,27.1799,23.8404837148904,63,63,63,63,61,63,0,7818,1.13366707078925,27,-87,0.001869,51,2025-09-16 16:30:15.00176,658,1.037,0.0011,"aoml_navis",1030.31481144237
"7901009",84,0,1,0.031773,1,0.009345,1,126.747295666958,1,4.85283366688843,660,1,7.01300001144409,34.8759994506836,0.0317730009555817,0,122.221900939941,-87.0307,27.1799,23.8404837148904,63,63,63,63,61,63,0,7818,1.13366707078925,27,-87,0.001869,51,2025-09-16 16:30:15.00176,660,1.037,0.0011,"aoml_navis",1030.32585561622
"7901009",84,0,1,0.029904,1,0.007476,1,127.153183069346,1,4.8527721868316,662,1,6.99200010299683,34.8769989013672,0.0299040004611015,0,122.613296508789,-87.0307,27.1799,23.8404837148904,63,63,63,63,61,63,0,7818,1.13366707078925,27,-87,0.001869,51,2025-09-16 16:30:15.00176,662,1.037,0.0011,"aoml_navis",1030.3389088752
"7901009",84,0,1,0.031773,1,0.009345,1,127.516457081172,1,4.85271448991759,664,1,6.96600008010864,34.8759994506836,0.0317730009555817,0,122.963600158691,-87.0307,27.1799,23.8404837148904,63,63,63,63,61,63,0,7818,1.13366707078925,27,-87,0.001869,51,2025-09-16 16:30:15.00176,664,1.037,0.0011,"aoml_navis",1030.35115920964
"7901009",84,0,1,0.028035,1,0.005607,1,127.861992656005,1,4.85264881209541,666,1,6.93400001525879,34.8759994506836,0.0280349999666214,0,123.296798706055,-87.0307,27.1799,23.8404837148904,63,63,63,63,61,63,0,7818,1.13366707078925,27,-87,0.001869,51,2025-09-16 16:30:15.00176,666,1.037,0.0011,"aoml_navis",1030.36510442242
"7901009",84,0,1,0.028035,1,0.005607,1,128.165634821437,1,4.85259045599519,668,1,6.90700006484985,34.875,0.0280349999666214,0,123.589599609375,-87.0307,27.1799,23.8404837148904,63,63,63,63,61,63,0,7818,1.13366707078925,27,-87,0.001869,51,2025-09-16 16:30:15.00176,668,1.037,0.0011,"aoml_navis",1030.37749534842
"7901009",84,0,1,0.029904,1,0.007476,1,128.463983938543,1,4.85253787072253,670,1,6.88800001144409,34.8740005493164,0.0299040004611015,0,123.877296447754,-87.0307,27.1799,23.8404837148904,63,63,63,63,61,63,0,7818,1.13366707078925,27,-87,0.001869,51,2025-09-16 16:30:15.00176,670,1.037,0.0011,"aoml_navis",1030.38866119256
"7901009",84,0,1,0.029904,1,0.007476,1,128.750520617456,1,4.85248683511848,672,1,6.86600017547607,34.8720016479492,0.0299040004611015,0,124.153602600098,-87.0307,27.1799,23.8404837148904,63,63,63,63,61,63,0,7818,1.13366707078925,27,-87,0.001869,51,2025-09-16 16:30:15.00176,672,1.037,0.0011,"aoml_navis",1030.3994982148
"7901009",84,0,1,0.029904,1,0.007476,1,129.067850336857,1,4.85242784833789,674,1,6.83799982070923,34.8709983825684,0.0299040004611015,0,124.459602355957,-87.0307,27.1799,23.8404837148904,63,63,63,63,61,63,0,7818,1.13366707078925,27,-87,0.001869,51,2025-09-16 16:30:15.00176,674,1.037,0.0011,"aoml_navis",1030.41202389288
"7901009",84,0,1,0.028035,1,0.005607,1,129.328143306802,1,4.85237520083489,676,1,6.82399988174438,34.8709983825684,0.0280349999666214,0,124.710601806641,-87.0307,27.1799,23.8404837148904,63,63,63,63,61,63,0,7818,1.13366707078925,27,-87,0.001869,51,2025-09-16 16:30:15.00176,676,1.037,0.0011,"aoml_navis",1030.42320370026
"7901009",84,0,1,0.031773,1,0.009345,1,129.550791547394,1,4.85232041622195,678,1,6.80700016021729,34.8709983825684,0.0317730009555817,0,124.925300598145,-87.0307,27.1799,23.8404837148904,63,63,63,63,61,63,0,7818,1.13366707078925,27,-87,0.001869,51,2025-09-16 16:30:15.00176,678,1.037,0.0011,"aoml_navis",1030.43483758499
"7901009",84,0,1,0.029904,1,0.007476,1,129.833902381874,1,4.85226849831846,680,1,6.79400014877319,34.8709983825684,0.0299040004611015,0,125.198303222656,-87.0307,27.1799,23.8404837148904,63,63,63,63,61,63,0,7818,1.13366707078925,27,-87,0.001869,51,2025-09-16 16:30:15.00176,680,1.037,0.0011,"aoml_navis",1030.44586294694
"7901009",84,0,1,0.028035,1,0.005607,1,130.088285176783,1,4.85222027412347,682,1,6.7810001373291,34.8699989318848,0.0280349999666214,0,125.443603515625,-87.0307,27.1799,23.8404837148904,63,63,63,63,61,63,0,7818,1.13366707078925,27,-87,0.001869,51,2025-09-16 16:30:15.00176,682,1.037,0.0011,"aoml_navis",1030.4561041189
"7901009",84,0,1,0.033642,1,0.011214,1,130.502052812554,1,4.85216408933832,684,1,6.76200008392334,34.8699989318848,0.0336420014500618,0,125.842597961426,-87.0307,27.1799,23.8404837148904,63,63,63,63,61,63,0,7818,1.13366707078925,27,-87,0.001869,51,2025-09-16 16:30:15.00176,684,1.037,0.0011,"aoml_navis",1030.46803610507
"7901009",84,0,1,0.029904,1,0.007476,1,130.927854419184,1,4.85210092786621,686,1,6.72800016403198,34.8689994812012,0.0299040004611015,0,126.253196716309,-87.0307,27.1799,23.8404837148904,63,63,63,63,61,63,0,7818,1.13366707078925,27,-87,0.001869,51,2025-09-16 16:30:15.00176,686,1.037,0.0011,"aoml_navis",1030.48145006308
"7901009",84,0,1,0.033642,1,0.011214,1,131.198836340234,1,4.85204549169731,688,1,6.71000003814697,34.8689994812012,0.0336420014500618,0,126.514503479004,-87.0307,27.1799,23.8404837148904,63,63,63,63,61,63,0,7818,1.13366707078925,27,-87,0.001869,51,2025-09-16 16:30:15.00176,688,1.037,0.0011,"aoml_navis",1030.49322364266
"7901009",84,0,1,0.028035,1,0.005607,1,131.523421254427,1,4.85199077738701,690,1,6.69299983978271,34.8689994812012,0.0280349999666214,0,126.827499389648,-87.0307,27.1799,23.8404837148904,63,63,63,63,61,63,0,7818,1.13366707078925,27,-87,0.001869,51,2025-09-16 16:30:15.00176,690,1.037,0.0011,"aoml_navis",1030.50484417711
"7901009",84,0,1,0.028035,1,0.005607,1,131.763491456775,1,4.85193706682216,692,1,6.66699981689453,34.867000579834,0.0280349999666214,0,127.05899810791,-87.0307,27.1799,23.8404837148904,63,63,63,63,61,63,0,7818,1.13366707078925,27,-87,0.001869,51,2025-09-16 16:30:15.00176,692,1.037,0.0011,"aoml_navis",1030.51625178535
"7901009",84,0,1,0.026166,1,0.003738,1,131.938130404026,1,4.8518850685885,694,1,6.65899991989136,34.8680000305176,0.0261659994721413,0,127.227401733398,-87.0307,27.1799,23.8404837148904,63,63,63,63,61,63,0,7818,1.13366707078925,27,-87,0.001869,51,2025-09-16 16:30:15.00176,694,1.037,0.0011,"aoml_navis",1030.52729595151
"7901009",84,0,1,0.031773,1,0.009345,1,132.210655141853,1,4.85183463547892,696,1,6.64799976348877,34.8680000305176,0.0317730009555817,0,127.490196228027,-87.0307,27.1799,23.8404837148904,63,63,63,63,61,63,0,7818,1.13366707078925,27,-87,0.001869,51,2025-09-16 16:30:15.00176,696,1.037,0.0011,"aoml_navis",1030.53800791924
"7901009",84,0,1,0.028035,1,0.005607,1,132.499059024659,1,4.85177925168691,698,1,6.63000011444092,34.8680000305176,0.0280349999666214,0,127.76830291748,-87.0307,27.1799,23.8404837148904,63,63,63,63,61,63,0,7818,1.13366707078925,27,-87,0.001869,51,2025-09-16 16:30:15.00176,698,1.037,0.0011,"aoml_navis",1030.54977166605
"7901009",84,0,1,0.028035,1,0.005607,1,132.761219198499,1,4.85172019114972,700,1,6.61199998855591,34.8689994812012,0.0280349999666214,0,128.021102905273,-87.0307,27.1799,23.8404837148904,63,63,63,63,61,63,0,7818,1.13366707078925,27,-87,0.001869,51,2025-09-16 16:30:15.00176,700,1.037,0.0011,"aoml_navis",1030.56231666467
"7901009",84,0,1,0.028035,1,0.005607,1,132.935027398254,1,4.85167346436275,702,1,6.60099983215332,34.8680000305176,0.0280349999666214,0,128.188705444336,-87.0307,27.1799,23.8404837148904,63,63,63,63,61,63,0,7818,1.13366707078925,27,-87,0.001869,51,2025-09-16 16:30:15.00176,702,1.037,0.0011,"aoml_navis",1030.57224207828
"7901009",84,0,1,0.029904,1,0.007476,1,133.283878051187,1,4.85162164128677,704,1,6.58799982070923,34.8680000305176,0.0299040004611015,0,128.525100708008,-87.0307,27.1799,23.8404837148904,63,63,63,63,61,63,0,7818,1.13366707078925,27,-87,0.001869,51,2025-09-16 16:30:15.00176,704,1.037,0.0011,"aoml_navis",1030.58325023752
"7901009",84,0,1,0.029904,1,0.007476,1,133.572376876565,1,4.85157053028207,706,1,6.57600021362305,34.8680000305176,0.0299040004611015,0,128.803298950195,-87.0307,27.1799,23.8404837148904,63,63,63,63,61,63,0,7818,1.13366707078925,27,-87,0.001869,51,2025-09-16 16:30:15.00176,706,1.037,0.0011,"aoml_navis",1030.59410737028
"7901009",84,0,1,0.029904,1,0.007476,1,133.872078925306,1,4.85150901421831,708,1,6.54400014877319,34.867000579834,0.0299040004611015,0,129.092300415039,-87.0307,27.1799,23.8404837148904,63,63,63,63,61,63,0,7818,1.13366707078925,27,-87,0.001869,51,2025-09-16 16:30:15.00176,708,1.037,0.0011,"aoml_navis",1030.60717507615
"7901009",84,0,1,0.029904,1,0.007476,1,134.048371455666,1,4.8514551055366,710,1,6.52799987792969,34.867000579834,0.0299040004611015,0,129.262298583984,-87.0307,27.1799,23.8404837148904,63,63,63,63,61,63,0,7818,1.13366707078925,27,-87,0.001869,51,2025-09-16 16:30:15.00176,710,1.037,0.0011,"aoml_navis",1030.61862703705
"7901009",84,0,1,0.029904,1,0.007476,1,134.260963695626,1,4.85140472302866,712,1,6.51700019836426,34.867000579834,0.0299040004611015,0,129.467300415039,-87.0307,27.1799,23.8404837148904,63,63,63,63,61,63,0,7818,1.13366707078925,27,-87,0.001869,51,2025-09-16 16:30:15.00176,712,1.037,0.0011,"aoml_navis",1030.6293301538
"7901009",84,0,1,0.029904,1,0.007476,1,134.40334590442,1,4.85134995316924,714,1,6.50500011444092,34.8680000305176,0.0299040004611015,0,129.604598999023,-87.0307,27.1799,23.8404837148904,63,63,63,63,61,63,0,7818,1.13366707078925,27,-87,0.001869,51,2025-09-16 16:30:15.00176,714,1.037,0.0011,"aoml_navis",1030.64096555921
"7901009",84,0,1,0.029904,1,0.007476,1,134.456133973829,1,4.85130449943841,716,1,6.50099992752075,34.8680000305176,0.0299040004611015,0,129.655502319336,-87.0307,27.1799,23.8404837148904,63,63,63,63,61,63,0,7818,1.13366707078925,27,-87,0.001869,51,2025-09-16 16:30:15.00176,716,1.037,0.0011,"aoml_navis",1030.65062202935
"7901009",84,0,1,0.029904,1,0.007476,1,134.537119986789,1,4.85126045390806,718,1,6.49900007247925,34.8680000305176,0.0299040004611015,0,129.733596801758,-87.0307,27.1799,23.8404837148904,63,63,63,63,61,63,0,7818,1.13366707078925,27,-87,0.001869,51,2025-09-16 16:30:15.00176,718,1.037,0.0011,"aoml_navis",1030.65997950535
"7901009",84,0,1,0.028035,1,0.005607,1,134.641968232563,1,4.85121359774173,720,1,6.49300003051758,34.8680000305176,0.0280349999666214,0,129.834701538086,-87.0307,27.1799,23.8404837148904,63,63,63,63,61,63,0,7818,1.13366707078925,27,-87,0.001869,51,2025-09-16 16:30:15.00176,720,1.037,0.0011,"aoml_navis",1030.66993428769
"7901009",84,0,1,0.029904,1,0.007476,1,134.69247768027,1,4.85116674361453,722,1,6.48699998855591,34.8680000305176,0.0299040004611015,0,129.883407592773,-87.0307,27.1799,23.8404837148904,63,63,63,63,61,63,0,7818,1.13366707078925,27,-87,0.001869,51,2025-09-16 16:30:15.00176,722,1.037,0.0011,"aoml_navis",1030.67988882909
"7901009",84,0,1,0.028035,1,0.005607,1,134.72939451658,1,4.85112357947835,724,1,6.48099994659424,34.867000579834,0.0280349999666214,0,129.919006347656,-87.0307,27.1799,23.8404837148904,63,63,63,63,61,63,0,7818,1.13366707078925,27,-87,0.001869,51,2025-09-16 16:30:15.00176,724,1.037,0.0011,"aoml_navis",1030.68905957198
"7901009",84,0,1,0.026166,1,0.003738,1,134.834954831636,1,4.85107391920144,726,1,6.47100019454956,34.867000579834,0.0261659994721413,0,130.020797729492,-87.0307,27.1799,23.8404837148904,63,63,63,63,61,63,0,7818,1.13366707078925,27,-87,0.001869,51,2025-09-16 16:30:15.00176,726,1.037,0.0011,"aoml_navis",1030.69961070044
"7901009",84,0,1,0.029904,1,0.007476,1,135.071915664788,1,4.85102285811686,728,1,6.45900011062622,34.867000579834,0.0299040004611015,0,130.249298095703,-87.0307,27.1799,23.8404837148904,63,63,63,63,61,63,0,7818,1.13366707078925,27,-87,0.001869,51,2025-09-16 16:30:15.00176,728,1.037,0.0011,"aoml_navis",1030.71045967839
"7901009",84,0,1,0.031773,1,0.009345,1,135.322263400434,1,4.85097531123966,730,1,6.4520001411438,34.867000579834,0.0317730009555817,0,130.490707397461,-87.0307,27.1799,23.8404837148904,63,63,63,63,61,63,0,7818,1.13366707078925,27,-87,0.001869,51,2025-09-16 16:30:15.00176,730,1.037,0.0011,"aoml_navis",1030.72056219603
"7901009",84,0,1,0.029904,1,0.007476,1,135.626411926244,1,4.85092584171061,732,1,6.43699979782104,34.8660011291504,0.0299040004611015,0,130.783996582031,-87.0307,27.1799,23.8404837148904,63,63,63,63,61,63,0,7818,1.13366707078925,27,-87,0.001869,51,2025-09-16 16:30:15.00176,732,1.037,0.0011,"aoml_navis",1030.73107343913
"7901009",84,0,1,0.028035,1,0.005607,1,135.847501526298,1,4.85087199193569,734,1,6.4210000038147,34.8660011291504,0.0280349999666214,0,130.997192382812,-87.0307,27.1799,23.8404837148904,63,63,63,63,61,63,0,7818,1.13366707078925,27,-87,0.001869,51,2025-09-16 16:30:15.00176,734,1.037,0.0011,"aoml_navis",1030.74251563682
"7901009",84,0,1,0.029904,1,0.007476,1,136.07783220325,1,4.85082585575551,736,1,6.41599988937378,34.8660011291504,0.0299040004611015,0,131.219299316406,-87.0307,27.1799,23.8404837148904,63,63,63,63,61,63,0,7818,1.13366707078925,27,-87,0.001869,51,2025-09-16 16:30:15.00176,736,1.037,0.0011,"aoml_navis",1030.75231902367
"7901009",84,0,1,0.029904,1,0.007476,1,136.404814417357,1,4.85077570549329,738,1,6.40000009536743,34.8650016784668,0.0299040004611015,0,131.534606933594,-87.0307,27.1799,23.8404837148904,63,63,63,63,61,63,0,7818,1.13366707078925,27,-87,0.001869,51,2025-09-16 16:30:15.00176,738,1.037,0.0011,"aoml_navis",1030.76297556651
"7901009",84,0,1,0.031773,1,0.009345,1,136.625271066938,1,4.85072047748192,740,1,6.38199996948242,34.8650016784668,0.0317730009555817,0,131.747192382812,-87.0307,27.1799,23.8404837148904,63,63,63,63,61,63,0,7818,1.13366707078925,27,-87,0.001869,51,2025-09-16 16:30:15.00176,740,1.037,0.0011,"aoml_navis",1030.77471134671
"7901009",84,0,1,0.031773,1,0.009345,1,136.91948227033,1,4.85066856276016,742,1,6.37400007247925,34.8660011291504,0.0317730009555817,0,132.030899047852,-87.0307,27.1799,23.8404837148904,63,63,63,63,61,63,0,7818,1.13366707078925,27,-87,0.001869,51,2025-09-16 16:30:15.00176,742,1.037,0.0011,"aoml_navis",1030.78574330687
"7901009",84,0,1,0.031773,1,0.009345,1,137.206636075953,1,4.85061404965273,744,1,6.35699987411499,34.8660011291504,0.0317730009555817,0,132.307800292969,-87.0307,27.1799,23.8404837148904,63,63,63,63,61,63,0,7818,1.13366707078925,27,-87,0.001869,51,2025-09-16 16:30:15.00176,744,1.037,0.0011,"aoml_navis",1030.79732768225
"7901009",84,0,1,0.028035,1,0.005607,1,137.392264625783,1,4.85056583000835,746,1,6.34899997711182,34.8660011291504,0.0280349999666214,0,132.486801147461,-87.0307,27.1799,23.8404837148904,63,63,63,63,61,63,0,7818,1.13366707078925,27,-87,0.001869,51,2025-09-16 16:30:15.00176,746,1.037,0.0011,"aoml_navis",1030.8075748745
"7901009",84,0,1,0.029904,1,0.007476,1,137.691033072577,1,4.8505169149845,748,1,6.34000015258789,34.8660011291504,0.0299040004611015,0,132.77490234375,-87.0307,27.1799,23.8404837148904,63,63,63,63,61,63,0,7818,1.13366707078925,27,-87,0.001869,51,2025-09-16 16:30:15.00176,748,1.037,0.0011,"aoml_navis",1030.81797005051
"7901009",84,0,1,0.028035,1,0.005607,1,138.032620618838,1,4.85046381678765,750,1,6.32499980926514,34.8660011291504,0.0280349999666214,0,133.104293823242,-87.0307,27.1799,23.8404837148904,63,63,63,63,61,63,0,7818,1.13366707078925,27,-87,0.001869,51,2025-09-16 16:30:15.00176,750,1.037,0.0011,"aoml_navis",1030.82925445084
"7901009",84,0,1,0.035511,1,0.013083,1,138.426600640462,1,4.85040724271387,752,1,6.30499982833862,34.8660011291504,0.0355109982192516,0,133.48420715332,-87.0307,27.1799,23.8404837148904,63,63,63,63,61,63,0,7818,1.13366707078925,27,-87,0.001869,51,2025-09-16 16:30:15.00176,752,1.037,0.0011,"aoml_navis",1030.84127781453
"7901009",84,0,1,0.028035,1,0.005607,1,138.686679989623,1,4.8503534675426,754,1,6.28900003433228,34.8660011291504,0.0280349999666214,0,133.735000610352,-87.0307,27.1799,23.8404837148904,63,63,63,63,61,63,0,7818,1.13366707078925,27,-87,0.001869,51,2025-09-16 16:30:15.00176,754,1.037,0.0011,"aoml_navis",1030.85270660351
"7901009",84,0,1,0.031773,1,0.009345,1,139.094331741453,1,4.85029970119039,756,1,6.27299976348877,34.8660011291504,0.0317730009555817,0,134.12809753418,-87.0307,27.1799,23.8404837148904,63,63,63,63,61,63,0,7818,1.13366707078925,27,-87,0.001869,51,2025-09-16 16:30:15.00176,756,1.037,0.0011,"aoml_navis",1030.86413377154
"7901009",84,0,1,0.031773,1,0.009345,1,139.490273909542,1,4.85023669888412,758,1,6.24900007247925,34.867000579834,0.0317730009555817,0,134.509902954102,-87.0307,27.1799,23.8404837148904,63,63,63,63,61,63,0,7818,1.13366707078925,27,-87,0.001869,51,2025-09-16 16:30:15.00176,758,1.037,0.0011,"aoml_navis",1030.87752421451
"7901009",84,0,1,0.031773,1,0.009345,1,139.714275081769,1,4.85017948710261,760,1,6.22800016403198,34.867000579834,0.0317730009555817,0,134.72590637207,-87.0307,27.1799,23.8404837148904,63,63,63,63,61,63,0,7818,1.13366707078925,27,-87,0.001869,51,2025-09-16 16:30:15.00176,760,1.037,0.0011,"aoml_navis",1030.8896842469
"7901009",84,0,1,0.03738,1,0.014952,1,139.864426757614,1,4.8501262270445,762,1,6.21799993515015,34.8680000305176,0.0373799987137318,0,134.870697021484,-87.0307,27.1799,23.8404837148904,63,63,63,63,61,63,0,7818,1.13366707078925,27,-87,0.001869,51,2025-09-16 16:30:15.00176,762,1.037,0.0011,"aoml_navis",1030.90100462124
"7901009",84,0,1,0.031773,1,0.009345,1,140.081687007309,1,4.8500787382971,764,1,6.21099996566772,34.8680000305176,0.0317730009555817,0,135.080200195312,-87.0307,27.1799,23.8404837148904,63,63,63,63,61,63,0,7818,1.13366707078925,27,-87,0.001869,51,2025-09-16 16:30:15.00176,764,1.037,0.0011,"aoml_navis",1030.91109851869
"7901009",84,0,1,0.029904,1,0.007476,1,140.319992860215,1,4.85003333098726,766,1,6.20699977874756,34.8680000305176,0.0299040004611015,0,135.309997558594,-87.0307,27.1799,23.8404837148904,63,63,63,63,61,63,0,7818,1.13366707078925,27,-87,0.001869,51,2025-09-16 16:30:15.00176,766,1.037,0.0011,"aoml_navis",1030.92075018425
"7901009",84,0,1,0.028035,1,0.005607,1,140.668843513147,1,4.84998030384679,768,1,6.19199991226196,34.8680000305176,0.0280349999666214,0,135.646392822266,-87.0307,27.1799,23.8404837148904,63,63,63,63,61,63,0,7818,1.13366707078925,27,-87,0.001869,51,2025-09-16 16:30:15.00176,768,1.037,0.0011,"aoml_navis",1030.93202173094
"7901009",84,0,1,0.029904,1,0.007476,1,140.991980553134,1,4.84992313317413,770,1,6.1710000038147,34.8680000305176,0.0299040004611015,0,135.957992553711,-87.0307,27.1799,23.8404837148904,63,63,63,63,61,63,0,7818,1.13366707078925,27,-87,0.001869,51,2025-09-16 16:30:15.00176,770,1.037,0.0011,"aoml_navis",1030.94417431058
"7901009",84,0,1,0.029904,1,0.007476,1,141.235682308818,1,4.84987427350645,772,1,6.16200017929077,34.8680000305176,0.0299040004611015,0,136.192993164062,-87.0307,27.1799,23.8404837148904,63,63,63,63,61,63,0,7818,1.13366707078925,27,-87,0.001869,51,2025-09-16 16:30:15.00176,772,1.037,0.0011,"aoml_navis",1030.95456047462
"7901009",84,0,1,0.031773,1,0.009345,1,141.531238531964,1,4.84982679944634,774,1,6.15500020980835,34.8680000305176,0.0317730009555817,0,136.477996826172,-87.0307,27.1799,23.8404837148904,63,63,63,63,61,63,0,7818,1.13366707078925,27,-87,0.001869,51,2025-09-16 16:30:15.00176,774,1.037,0.0011,"aoml_navis",1030.96465229868
"7901009",84,0,1,0.031773,1,0.009345,1,141.92593062287,1,4.84977310872131,776,1,6.13899993896484,34.8680000305176,0.0317730009555817,0,136.858596801758,-87.0307,27.1799,23.8404837148904,63,63,63,63,61,63,0,7818,1.13366707078925,27,-87,0.001869,51,2025-09-16 16:30:15.00176,776,1.037,0.0011,"aoml_navis",1030.97606587173
"7901009",84,0,1,0.028035,1,0.005607,1,142.298959983853,1,4.84971321803239,778,1,6.11399984359741,34.8680000305176,0.0280349999666214,0,137.218307495117,-87.0307,27.1799,23.8404837148904,63,63,63,63,61,63,0,7818,1.13366707078925,27,-87,0.001869,51,2025-09-16 16:30:15.00176,778,1.037,0.0011,"aoml_navis",1030.98879773113
"7901009",84,0,1,0.028035,1,0.005607,1,142.574483324544,1,4.84966506555871,780,1,6.10599994659424,34.8680000305176,0.0280349999666214,0,137.483993530273,-87.0307,27.1799,23.8404837148904,63,63,63,63,61,63,0,7818,1.13366707078925,27,-87,0.001869,51,2025-09-16 16:30:15.00176,780,1.037,0.0011,"aoml_navis",1030.99903445063
"7901009",84,0,1,0.029904,1,0.007476,1,142.913697306532,1,4.84961346988657,782,1,6.09299993515015,34.8680000305176,0.0299040004611015,0,137.811096191406,-87.0307,27.1799,23.8404837148904,63,63,63,63,61,63,0,7818,1.13366707078925,27,-87,0.001869,51,2025-09-16 16:30:15.00176,782,1.037,0.0011,"aoml_navis",1031.01000338424
"7901009",84,0,1,0.033642,1,0.011214,1,143.211231499905,1,4.84954855693578,784,1,6.06599998474121,34.8689994812012,0.0336420014500618,0,138.098007202148,-87.0307,27.1799,23.8404837148904,63,63,63,63,61,63,0,7818,1.13366707078925,27,-87,0.001869,51,2025-09-16 16:30:15.00176,784,1.037,0.0011,"aoml_navis",1031.02380382377
"7901009",84,0,1,0.031773,1,0.009345,1,143.368234864615,1,4.84950248045856,786,1,6.06099987030029,34.8689994812012,0.0317730009555817,0,138.249404907227,-87.0307,27.1799,23.8404837148904,63,63,63,63,61,63,0,7818,1.13366707078925,27,-87,0.001869,51,2025-09-16 16:30:15.00176,786,1.037,0.0011,"aoml_navis",1031.03359986883
"7901009",84,0,1,0.029904,1,0.007476,1,143.617316699316,1,4.84945640616055,788,1,6.05600023269653,34.8689994812012,0.0299040004611015,0,138.489593505859,-87.0307,27.1799,23.8404837148904,63,63,63,63,61,63,0,7818,1.13366707078925,27,-87,0.001869,51,2025-09-16 16:30:15.00176,788,1.037,0.0011,"aoml_navis",1031.04339563672
"7901009",84,0,1,0.031773,1,0.009345,1,143.902096940667,1,4.84940208438351,790,1,6.03900003433228,34.8689994812012,0.0317730009555817,0,138.764205932617,-87.0307,27.1799,23.8404837148904,63,63,63,63,61,63,0,7818,1.13366707078925,27,-87,0.001869,51,2025-09-16 16:30:15.00176,790,1.037,0.0011,"aoml_navis",1031.05494512436
"7901009",84,0,1,0.035511,1,0.013083,1,144.120702210116,1,4.84934820460856,792,1,6.02799987792969,34.8699989318848,0.0355109982192516,0,138.975006103516,-87.0307,27.1799,23.8404837148904,63,63,63,63,61,63,0,7818,1.13366707078925,27,-87,0.001869,51,2025-09-16 16:30:15.00176,792,1.037,0.0011,"aoml_navis",1031.06640089245
"7901009",84,0,1,0.026166,1,0.003738,1,144.349054916842,1,4.84929733088735,794,1,6.01599979400635,34.8699989318848,0.0261659994721413,0,139.195205688477,-87.0307,27.1799,23.8404837148904,63,63,63,63,61,63,0,7818,1.13366707078925,27,-87,0.001869,51,2025-09-16 16:30:15.00176,794,1.037,0.0011,"aoml_navis",1031.0772177554
"7901009",84,0,1,0.031773,1,0.009345,1,144.483651834824,1,4.84924783447892,796,1,6.00600004196167,34.8699989318848,0.0317730009555817,0,139.324996948242,-87.0307,27.1799,23.8404837148904,63,63,63,63,61,63,0,7818,1.13366707078925,27,-87,0.001869,51,2025-09-16 16:30:15.00176,796,1.037,0.0011,"aoml_navis",1031.08774198943
"7901009",84,0,1,0.029904,1,0.007476,1,144.664200957112,1,4.84920108491705,798,1,6,34.8699989318848,0.0299040004611015,0,139.499099731445,-87.0307,27.1799,23.8404837148904,63,63,63,63,61,63,0,7818,1.13366707078925,27,-87,0.001869,51,2025-09-16 16:30:15.00176,798,1.037,0.0011,"aoml_navis",1031.09768236916
"7901009",84,0,1,0.029904,1,0.007476,1,144.864972846998,1,4.84915433736328,800,1,5.99399995803833,34.8699989318848,0.0299040004611015,0,139.69270324707,-87.0307,27.1799,23.8404837148904,63,63,63,63,61,63,0,7818,1.13366707078925,27,-87,0.001869,51,2025-09-16 16:30:15.00176,800,1.037,0.0011,"aoml_navis",1031.10762251357
"7901009",84,0,1,0.033642,1,0.011214,1,145.124324303115,1,4.84910416367571,802,1,5.98299980163574,34.8699989318848,0.0336420014500618,0,139.942794799805,-87.0307,27.1799,23.8404837148904,63,63,63,63,61,63,0,7818,1.13366707078925,27,-87,0.001869,51,2025-09-16 16:30:15.00176,802,1.037,0.0011,"aoml_navis",1031.11829138558
"7901009",84,0,1,0.028035,1,0.005607,1,145.369070427079,1,4.84905262423679,804,1,5.96999979019165,34.8699989318848,0.0280349999666214,0,140.178802490234,-87.0307,27.1799,23.8404837148904,63,63,63,63,61,63,0,7818,1.13366707078925,27,-87,0.001869,51,2025-09-16 16:30:15.00176,804,1.037,0.0011,"aoml_navis",1031.12925089918
"7901009",84,0,1,0.028035,1,0.005607,1,145.548891656324,1,4.84899945704402,806,1,5.96000003814697,34.8709983825684,0.0280349999666214,0,140.352203369141,-87.0307,27.1799,23.8404837148904,63,63,63,63,61,63,0,7818,1.13366707078925,27,-87,0.001869,51,2025-09-16 16:30:15.00176,806,1.037,0.0011,"aoml_navis",1031.14055678778
"7901009",84,0,1,0.029904,1,0.007476,1,145.692207467066,1,4.84895066575178,808,1,5.95100021362305,34.8709983825684,0.0299040004611015,0,140.49040222168,-87.0307,27.1799,23.8404837148904,63,63,63,63,61,63,0,7818,1.13366707078925,27,-87,0.001869,51,2025-09-16 16:30:15.00176,808,1.037,0.0011,"aoml_navis",1031.15093236875
"7901009",84,0,1,0.029904,1,0.007476,1,145.905321891165,1,4.84890529904886,810,1,5.94700002670288,34.8709983825684,0.0299040004611015,0,140.695907592773,-87.0307,27.1799,23.8404837148904,63,63,63,63,61,63,0,7818,1.13366707078925,27,-87,0.001869,51,2025-09-16 16:30:15.00176,810,1.037,0.0011,"aoml_navis",1031.16057989022
"7901009",84,0,1,0.033642,1,0.011214,1,146.117898307363,1,4.84885651265105,812,1,5.93800020217896,34.8709983825684,0.0336420014500618,0,140.900894165039,-87.0307,27.1799,23.8404837148904,63,63,63,63,61,63,0,7818,1.13366707078925,27,-87,0.001869,51,2025-09-16 16:30:15.00176,812,1.037,0.0011,"aoml_navis",1031.17095483329
"7901009",84,0,1,0.031773,1,0.009345,1,146.311106439102,1,4.84879992435883,814,1,5.9229998588562,34.8720016479492,0.0317730009555817,0,141.087203979492,-87.0307,27.1799,23.8404837148904,63,63,63,63,61,63,0,7818,1.13366707078925,27,-87,0.001869,51,2025-09-16 16:30:15.00176,814,1.037,0.0011,"aoml_navis",1031.18298919318
"7901009",84,0,1,0.033642,1,0.011214,1,146.473078465021,1,4.84875319603527,816,1,5.91699981689453,34.8720016479492,0.0336420014500618,0,141.243392944336,-87.0307,27.1799,23.8404837148904,63,63,63,63,61,63,0,7818,1.13366707078925,27,-87,0.001869,51,2025-09-16 16:30:15.00176,816,1.037,0.0011,"aoml_navis",1031.19292689271
"7901009",84,0,1,0.028035,1,0.005607,1,146.609669176992,1,4.84870715347999,818,1,5.91200017929077,34.8720016479492,0.0280349999666214,0,141.375106811523,-87.0307,27.1799,23.8404837148904,63,63,63,63,61,63,0,7818,1.13366707078925,27,-87,0.001869,51,2025-09-16 16:30:15.00176,818,1.037,0.0011,"aoml_navis",1031.20271893744
"7901009",84,0,1,0.028035,1,0.005607,1,146.834793836308,1,4.84865906210912,820,1,5.90399980545044,34.8720016479492,0.0280349999666214,0,141.592193603516,-87.0307,27.1799,23.8404837148904,63,63,63,63,61,63,0,7818,1.13366707078925,27,-87,0.001869,51,2025-09-16 16:30:15.00176,820,1.037,0.0011,"aoml_navis",1031.21294691012
"7901009",84,0,1,0.029904,1,0.007476,1,147.011719317141,1,4.84861370663232,822,1,5.90000009536743,34.8720016479492,0.0299040004611015,0,141.762802124023,-87.0307,27.1799,23.8404837148904,63,63,63,63,61,63,0,7818,1.13366707078925,27,-87,0.001869,51,2025-09-16 16:30:15.00176,822,1.037,0.0011,"aoml_navis",1031.22259320445
"7901009",84,0,1,0.029904,1,0.007476,1,147.263095597305,1,4.84856766938587,824,1,5.89499998092651,34.8720016479492,0.0299040004611015,0,142.00520324707,-87.0307,27.1799,23.8404837148904,63,63,63,63,61,63,0,7818,1.13366707078925,27,-87,0.001869,51,2025-09-16 16:30:15.00176,824,1.037,0.0011,"aoml_navis",1031.23238468348
"7901009",84,0,1,0.028035,1,0.005607,1,147.520896324764,1,4.84851384841383,826,1,5.88399982452393,34.8730010986328,0.0280349999666214,0,142.253799438477,-87.0307,27.1799,23.8404837148904,63,63,63,63,61,63,0,7818,1.13366707078925,27,-87,0.001869,51,2025-09-16 16:30:15.00176,826,1.037,0.0011,"aoml_navis",1031.24383188794
"7901009",84,0,1,0.026166,1,0.003738,1,147.85223007337,1,4.84846371935008,828,1,5.8730001449585,34.8730010986328,0.0261659994721413,0,142.573303222656,-87.0307,27.1799,23.8404837148904,63,63,63,63,61,63,0,7818,1.13366707078925,27,-87,0.001869,51,2025-09-16 16:30:15.00176,828,1.037,0.0011,"aoml_navis",1031.25449408751
"7901009",84,0,1,0.031773,1,0.009345,1,148.186253861484,1,4.84841018383355,830,1,5.85699987411499,34.8730010986328,0.0317730009555817,0,142.895401000977,-87.0307,27.1799,23.8404837148904,63,63,63,63,61,63,0,7818,1.13366707078925,27,-87,0.001869,51,2025-09-16 16:30:15.00176,830,1.037,0.0011,"aoml_navis",1031.2658810659
"7901009",84,0,1,0.028035,1,0.005607,1,148.626787390362,1,4.8483600651416,832,1,5.84600019454956,34.8730010986328,0.0280349999666214,0,143.320205688477,-87.0307,27.1799,23.8404837148904,63,63,63,63,61,63,0,7818,1.13366707078925,27,-87,0.001869,51,2025-09-16 16:30:15.00176,832,1.037,0.0011,"aoml_navis",1031.27654151528
"7901009",84,0,1,0.028035,1,0.005607,1,148.983518276678,1,4.84830314043844,834,1,5.82499980926514,34.8730010986328,0.0280349999666214,0,143.664199829102,-87.0307,27.1799,23.8404837148904,63,63,63,63,61,63,0,7818,1.13366707078925,27,-87,0.001869,51,2025-09-16 16:30:15.00176,834,1.037,0.0011,"aoml_navis",1031.28864989821
"7901009",84,0,1,0.026166,1,0.003738,1,149.331862569233,1,4.848241865249,836,1,5.80299997329712,34.8740005493164,0.0261659994721413,0,144.000106811523,-87.0307,27.1799,23.8404837148904,63,63,63,63,61,63,0,7818,1.13366707078925,27,-87,0.001869,51,2025-09-16 16:30:15.00176,836,1.037,0.0011,"aoml_navis",1031.30168398544
"7901009",84,0,1,0.029904,1,0.007476,1,149.591119082779,1,4.84819448504324,838,1,5.7960000038147,34.8740005493164,0.0299040004611015,0,144.250106811523,-87.0307,27.1799,23.8404837148904,63,63,63,63,61,63,0,7818,1.13366707078925,27,-87,0.001869,51,2025-09-16 16:30:15.00176,838,1.037,0.0011,"aoml_navis",1031.31176264176
"7901009",84,0,1,0.028035,1,0.005607,1,149.969939940586,1,4.84814303081215,840,1,5.78299999237061,34.8740005493164,0.0280349999666214,0,144.61540222168,-87.0307,27.1799,23.8404837148904,63,63,63,63,61,63,0,7818,1.13366707078925,27,-87,0.001869,51,2025-09-16 16:30:15.00176,840,1.037,0.0011,"aoml_navis",1031.32270814263
"7901009",84,0,1,0.035511,1,0.013083,1,150.22794637695,1,4.84808246657047,842,1,5.76200008392334,34.875,0.0355109982192516,0,144.864196777344,-87.0307,27.1799,23.8404837148904,63,63,63,63,61,63,0,7818,1.13366707078925,27,-87,0.001869,51,2025-09-16 16:30:15.00176,842,1.037,0.0011,"aoml_navis",1031.3355918504
"7901009",84,0,1,0.033642,1,0.011214,1,150.368888623419,1,4.8480391665396,844,1,5.76100015640259,34.875,0.0336420014500618,0,145.000106811523,-87.0307,27.1799,23.8404837148904,63,63,63,63,61,63,0,7818,1.13366707078925,27,-87,0.001869,51,2025-09-16 16:30:15.00176,844,1.037,0.0011,"aoml_navis",1031.34480317511
"7901009",84,0,1,0.029904,1,0.007476,1,150.662356110006,1,4.84799179756347,846,1,5.75400018692017,34.875,0.0299040004611015,0,145.283096313477,-87.0307,27.1799,23.8404837148904,63,63,63,63,61,63,0,7818,1.13366707078925,27,-87,0.001869,51,2025-09-16 16:30:15.00176,846,1.037,0.0011,"aoml_navis",1031.35488028526
"7901009",84,0,1,0.028035,1,0.005607,1,151.003120820652,1,4.84794104030984,848,1,5.74200010299683,34.875,0.0280349999666214,0,145.611694335938,-87.0307,27.1799,23.8404837148904,63,63,63,63,61,63,0,7818,1.13366707078925,27,-87,0.001869,51,2025-09-16 16:30:15.00176,848,1.037,0.0011,"aoml_navis",1031.36567842427
"7901009",84,0,1,0.026166,1,0.003738,1,151.332270890128,1,4.84788961061891,850,1,5.72900009155273,34.875,0.0261659994721413,0,145.929092407227,-87.0307,27.1799,23.8404837148904,63,63,63,63,61,63,0,7818,1.13366707078925,27,-87,0.001869,51,2025-09-16 16:30:15.00176,850,1.037,0.0011,"aoml_navis",1031.37661984875
"7901009",84,0,1,0.026166,1,0.003738,1,151.704572358068,1,4.8478290847458,852,1,5.70800018310547,34.8759994506836,0.0261659994721413,0,146.288101196289,-87.0307,27.1799,23.8404837148904,63,63,63,63,61,63,0,7818,1.13366707078925,27,-87,0.001869,51,2025-09-16 16:30:15.00176,852,1.037,0.0011,"aoml_navis",1031.38949674051
"7901009",84,0,1,0.026166,1,0.003738,1,151.99110903698,1,4.84776925091081,854,1,5.68800020217896,34.8769989013672,0.0261659994721413,0,146.564407348633,-87.0307,27.1799,23.8404837148904,63,63,63,63,61,63,0,7818,1.13366707078925,27,-87,0.001869,51,2025-09-16 16:30:15.00176,854,1.037,0.0011,"aoml_navis",1031.40222671708
"7901009",84,0,1,0.029904,1,0.007476,1,152.285415182943,1,4.84771987207512,856,1,5.67799997329712,34.8769989013672,0.0299040004611015,0,146.848205566406,-87.0307,27.1799,23.8404837148904,63,63,63,63,61,63,0,7818,1.13366707078925,27,-87,0.001869,51,2025-09-16 16:30:15.00176,856,1.037,0.0011,"aoml_navis",1031.41273257188
"7901009",84,0,1,0.026166,1,0.003738,1,152.56396086214,1,4.84766748507525,858,1,5.66900014877319,34.8779983520508,0.0261659994721413,0,147.116806030273,-87.0307,27.1799,23.8404837148904,63,63,63,63,61,63,0,7818,1.13366707078925,27,-87,0.001869,51,2025-09-16 16:30:15.00176,858,1.037,0.0011,"aoml_navis",1031.42387867851
"7901009",84,0,1,0.028035,1,0.005607,1,152.818122124383,1,4.84762013863922,860,1,5.66200017929077,34.8779983520508,0.0280349999666214,0,147.361892700195,-87.0307,27.1799,23.8404837148904,63,63,63,63,61,63,0,7818,1.13366707078925,27,-87,0.001869,51,2025-09-16 16:30:15.00176,860,1.037,0.0011,"aoml_navis",1031.43395253811
"7901009",84,0,1,0.028035,1,0.005607,1,153.234809244209,1,4.84757211919166,862,1,5.65399980545044,34.8779983520508,0.0280349999666214,0,147.763702392578,-87.0307,27.1799,23.8404837148904,63,63,63,63,61,63,0,7818,1.13366707078925,27,-87,0.001869,51,2025-09-16 16:30:15.00176,862,1.037,0.0011,"aoml_navis",1031.44416979479
"7901009",84,0,1,0.031773,1,0.009345,1,153.725741454462,1,4.84751668364503,864,1,5.63500022888184,34.8779983520508,0.0317730009555817,0,148.237106323242,-87.0307,27.1799,23.8404837148904,63,63,63,63,61,63,0,7818,1.13366707078925,27,-87,0.001869,51,2025-09-16 16:30:15.00176,864,1.037,0.0011,"aoml_navis",1031.45596525112
"7901009",84,0,1,0.028035,1,0.005607,1,153.992150308348,1,4.84745688582693,866,1,5.61499977111816,34.8790016174316,0.0280349999666214,0,148.494003295898,-87.0307,27.1799,23.8404837148904,63,63,63,63,61,63,0,7818,1.13366707078925,27,-87,0.001869,51,2025-09-16 16:30:15.00176,866,1.037,0.0011,"aoml_navis",1031.46868920466
"7901009",84,0,1,0.026166,1,0.003738,1,154.215217878628,1,4.84740955242161,868,1,5.60799980163574,34.8790016174316,0.0261659994721413,0,148.709106445312,-87.0307,27.1799,23.8404837148904,63,63,63,63,61,63,0,7818,1.13366707078925,27,-87,0.001869,51,2025-09-16 16:30:15.00176,868,1.037,0.0011,"aoml_navis",1031.47876116681
"7901009",84,0,1,0.029904,1,0.007476,1,154.522800160752,1,4.84736020234472,870,1,5.59800004959106,34.8790016174316,0.0299040004611015,0,149.005706787109,-87.0307,27.1799,23.8404837148904,63,63,63,63,61,63,0,7818,1.13366707078925,27,-87,0.001869,51,2025-09-16 16:30:15.00176,870,1.037,0.0011,"aoml_navis",1031.48926246113
"7901009",84,0,1,0.028035,1,0.005607,1,154.781123072352,1,4.8473024610275,872,1,5.58099985122681,34.8800010681152,0.0280349999666214,0,149.254806518555,-87.0307,27.1799,23.8404837148904,63,63,63,63,61,63,0,7818,1.13366707078925,27,-87,0.001869,51,2025-09-16 16:30:15.00176,872,1.037,0.0011,"aoml_navis",1031.50154961449
"7901009",84,0,1,0.026166,1,0.003738,1,155.117425482167,1,4.84725849782171,874,1,5.5789999961853,34.8800010681152,0.0261659994721413,0,149.5791015625,-87.0307,27.1799,23.8404837148904,63,63,63,63,61,63,0,7818,1.13366707078925,27,-87,0.001869,51,2025-09-16 16:30:15.00176,874,1.037,0.0011,"aoml_navis",1031.5109050295
"7901009",84,0,1,0.033642,1,0.011214,1,155.467209737046,1,4.8472037829441,876,1,5.56099987030029,34.8800010681152,0.0336420014500618,0,149.916397094727,-87.0307,27.1799,23.8404837148904,63,63,63,63,61,63,0,7818,1.13366707078925,27,-87,0.001869,51,2025-09-16 16:30:15.00176,876,1.037,0.0011,"aoml_navis",1031.52254864826
"7901009",84,0,1,0.028035,1,0.005607,1,155.717557472692,1,4.84715210504811,878,1,5.55299997329712,34.8810005187988,0.0280349999666214,0,150.157806396484,-87.0307,27.1799,23.8404837148904,63,63,63,63,61,63,0,7818,1.13366707078925,27,-87,0.001869,51,2025-09-16 16:30:15.00176,878,1.037,0.0011,"aoml_navis",1031.53354622247
"7901009",84,0,1,0.031773,1,0.009345,1,156.158913837185,1,4.84710545958107,880,1,5.54699993133545,34.8810005187988,0.0317730009555817,0,150.583404541016,-87.0307,27.1799,23.8404837148904,63,63,63,63,61,63,0,7818,1.13366707078925,27,-87,0.001869,51,2025-09-16 16:30:15.00176,880,1.037,0.0011,"aoml_navis",1031.54347304673
"7901009",84,0,1,0.033642,1,0.011214,1,156.549871520302,1,4.84705344746842,882,1,5.53299999237061,34.8810005187988,0.0336420014500618,0,150.960403442383,-87.0307,27.1799,23.8404837148904,63,63,63,63,61,63,0,7818,1.13366707078925,27,-87,0.001869,51,2025-09-16 16:30:15.00176,882,1.037,0.0011,"aoml_navis",1031.55454219542
"7901009",84,0,1,0.031773,1,0.009345,1,156.723252478489,1,4.84700345342448,884,1,5.52199983596802,34.8810005187988,0.0317730009555817,0,151.127593994141,-87.0307,27.1799,23.8404837148904,63,63,63,63,61,63,0,7818,1.13366707078925,27,-87,0.001869,51,2025-09-16 16:30:15.00176,884,1.037,0.0011,"aoml_navis",1031.56518208532
"7901009",84,0,1,0.031773,1,0.009345,1,157.079160529191,1,4.84694642648622,886,1,5.50600004196167,34.8819999694824,0.0317730009555817,0,151.470794677734,-87.0307,27.1799,23.8404837148904,63,63,63,63,61,63,0,7818,1.13366707078925,27,-87,0.001869,51,2025-09-16 16:30:15.00176,886,1.037,0.0011,"aoml_navis",1031.57731900593
"7901009",84,0,1,0.029904,1,0.007476,1,157.221242086511,1,4.84689778224877,888,1,5.49700021743774,34.8819999694824,0.0299040004611015,0,151.607803344727,-87.0307,27.1799,23.8404837148904,63,63,63,63,61,63,0,7818,1.13366707078925,27,-87,0.001869,51,2025-09-16 16:30:15.00176,888,1.037,0.0011,"aoml_navis",1031.58767208006
"7901009",84,0,1,0.029904,1,0.007476,1,157.493774736219,1,4.8468491407385,890,1,5.48799991607666,34.8819999694824,0.0299040004611015,0,151.87060546875,-87.0307,27.1799,23.8404837148904,63,63,63,63,61,63,0,7818,1.13366707078925,27,-87,0.001869,51,2025-09-16 16:30:15.00176,890,1.037,0.0011,"aoml_navis",1031.59802478155
"7901009",84,0,1,0.031773,1,0.009345,1,157.73736572557,1,4.84679614645119,892,1,5.47800016403198,34.882999420166,0.0317730009555817,0,152.105499267578,-87.0307,27.1799,23.8404837148904,63,63,63,63,61,63,0,7818,1.13366707078925,27,-87,0.001869,51,2025-09-16 16:30:15.00176,892,1.037,0.0011,"aoml_navis",1031.60930415053
"7901009",84,0,1,0.026166,1,0.003738,1,157.943944936041,1,4.84674751132458,894,1,5.4689998626709,34.882999420166,0.0261659994721413,0,152.304702758789,-87.0307,27.1799,23.8404837148904,63,63,63,63,61,63,0,7818,1.13366707078925,27,-87,0.001869,51,2025-09-16 16:30:15.00176,894,1.037,0.0011,"aoml_navis",1031.61965592747
"7901009",84,0,1,0.031773,1,0.009345,1,158.15155269103,1,4.84670021681304,896,1,5.46199989318848,34.882999420166,0.0317730009555817,0,152.504898071289,-87.0307,27.1799,23.8404837148904,63,63,63,63,61,63,0,7818,1.13366707078925,27,-87,0.001869,51,2025-09-16 16:30:15.00176,896,1.037,0.0011,"aoml_navis",1031.62972255952
"7901009",84,0,1,0.029904,1,0.007476,1,158.430620554367,1,4.84665292453014,898,1,5.45499992370605,34.882999420166,0.0299040004611015,0,152.774002075195,-87.0307,27.1799,23.8404837148904,63,63,63,63,61,63,0,7818,1.13366707078925,27,-87,0.001869,51,2025-09-16 16:30:15.00176,898,1.037,0.0011,"aoml_navis",1031.63978891365
"7901009",84,0,1,0.031773,1,0.009345,1,158.630348075972,1,4.84660697131642,900,1,5.44999980926514,34.882999420166,0.0317730009555817,0,152.966598510742,-87.0307,27.1799,23.8404837148904,63,63,63,63,61,63,0,7818,1.13366707078925,27,-87,0.001869,51,2025-09-16 16:30:15.00176,900,1.037,0.0011,"aoml_navis",1031.64957042966
"7901009",84,0,1,0.029904,1,0.007476,1,158.932233803844,1,4.84656168868159,902,1,5.44600009918213,34.882999420166,0.0299040004611015,0,153.257705688477,-87.0307,27.1799,23.8404837148904,63,63,63,63,61,63,0,7818,1.13366707078925,27,-87,0.001869,51,2025-09-16 16:30:15.00176,902,1.037,0.0011,"aoml_navis",1031.65920938894
"7901009",84,0,1,0.029904,1,0.007476,1,159.357608168905,1,4.84650670629766,904,1,5.43300008773804,34.8839988708496,0.0299040004611015,0,153.667892456055,-87.0307,27.1799,23.8404837148904,63,63,63,63,61,63,0,7818,1.13366707078925,27,-87,0.001869,51,2025-09-16 16:30:15.00176,904,1.037,0.0011,"aoml_navis",1031.67091329986
"7901009",84,0,1,0.031773,1,0.009345,1,159.703879548662,1,4.84645141167103,906,1,5.41400003433228,34.8839988708496,0.0317730009555817,0,154.001800537109,-87.0307,27.1799,23.8404837148904,63,63,63,63,61,63,0,7818,1.13366707078925,27,-87,0.001869,51,2025-09-16 16:30:15.00176,906,1.037,0.0011,"aoml_navis",1031.68268394463
"7901009",84,0,1,0.029904,1,0.007476,1,159.926314168469,1,4.84639777744638,908,1,5.40299987792969,34.8849983215332,0.0299040004611015,0,154.216293334961,-87.0307,27.1799,23.8404837148904,63,63,63,63,61,63,0,7818,1.13366707078925,27,-87,0.001869,51,2025-09-16 16:30:15.00176,908,1.037,0.0011,"aoml_navis",1031.69410139391
"7901009",84,0,1,0.033642,1,0.011214,1,160.207660653507,1,4.84635383603882,910,1,5.40100002288818,34.8849983215332,0.0336420014500618,0,154.487594604492,-87.0307,27.1799,23.8404837148904,63,63,63,63,61,63,0,7818,1.13366707078925,27,-87,0.001869,51,2025-09-16 16:30:15.00176,910,1.037,0.0011,"aoml_navis",1031.70345566158
"7901009",84,0,1,0.028035,1,0.005607,1,160.517015196954,1,4.84630122763569,912,1,5.38600015640259,34.8849983215332,0.0280349999666214,0,154.785903930664,-87.0307,27.1799,23.8404837148904,63,63,63,63,61,63,0,7818,1.13366707078925,27,-87,0.001869,51,2025-09-16 16:30:15.00176,912,1.037,0.0011,"aoml_navis",1031.71465518649
"7901009",84,0,1,0.029904,1,0.007476,1,160.616768191425,1,4.84625462267382,914,1,5.38000011444092,34.8849983215332,0.0299040004611015,0,154.882095336914,-87.0307,27.1799,23.8404837148904,63,63,63,63,61,63,0,7818,1.13366707078925,27,-87,0.001869,51,2025-09-16 16:30:15.00176,914,1.037,0.0011,"aoml_navis",1031.72457687363
"7901009",84,0,1,0.035511,1,0.013083,1,160.803741761009,1,4.84620032204786,916,1,5.36800003051758,34.8860015869141,0.0355109982192516,0,155.062393188477,-87.0307,27.1799,23.8404837148904,63,63,63,63,61,63,0,7818,1.13366707078925,27,-87,0.001869,51,2025-09-16 16:30:15.00176,916,1.037,0.0011,"aoml_navis",1031.73613712426
"7901009",84,0,1,0.031773,1,0.009345,1,160.908590006783,1,4.84615372170395,918,1,5.36199998855591,34.8860015869141,0.0317730009555817,0,155.163497924805,-87.0307,27.1799,23.8404837148904,63,63,63,63,61,63,0,7818,1.13366707078925,27,-87,0.001869,51,2025-09-16 16:30:15.00176,918,1.037,0.0011,"aoml_navis",1031.74605824141
"7901009",84,0,1,0.029904,1,0.007476,1,160.955159337799,1,4.846110453096,920,1,5.36100006103516,34.8860015869141,0.0299040004611015,0,155.208404541016,-87.0307,27.1799,23.8404837148904,63,63,63,63,61,63,0,7818,1.13366707078925,27,-87,0.001869,51,2025-09-16 16:30:15.00176,920,1.037,0.0011,"aoml_navis",1031.75527020968
"7901009",84,0,1,0.029904,1,0.007476,1,161.07037214756,1,4.84606718668965,922,1,5.3600001335144,34.8860015869141,0.0299040004611015,0,155.31950378418,-87.0307,27.1799,23.8404837148904,63,63,63,63,61,63,0,7818,1.13366707078925,27,-87,0.001869,51,2025-09-16 16:30:15.00176,922,1.037,0.0011,"aoml_navis",1031.7644818737
"7901009",84,0,1,0.028035,1,0.005607,1,161.200411822141,1,4.84602325587653,924,1,5.35799980163574,34.8860015869141,0.0280349999666214,0,155.444900512695,-87.0307,27.1799,23.8404837148904,63,63,63,63,61,63,0,7818,1.13366707078925,27,-87,0.001869,51,2025-09-16 16:30:15.00176,924,1.037,0.0011,"aoml_navis",1031.77383516201
"7901009",84,0,1,0.028035,1,0.005607,1,161.369029828022,1,4.84597532973539,926,1,5.34999990463257,34.8860015869141,0.0280349999666214,0,155.607498168945,-87.0307,27.1799,23.8404837148904,63,63,63,63,61,63,0,7818,1.13366707078925,27,-87,0.001869,51,2025-09-16 16:30:15.00176,926,1.037,0.0011,"aoml_navis",1031.7840392871
"7901009",84,0,1,0.031773,1,0.009345,1,161.472533054042,1,4.8459294039734,928,1,5.34499979019165,34.8860015869141,0.0317730009555817,0,155.707305908203,-87.0307,27.1799,23.8404837148904,63,63,63,63,61,63,0,7818,1.13366707078925,27,-87,0.001869,51,2025-09-16 16:30:15.00176,928,1.037,0.0011,"aoml_navis",1031.79381769373
"7901009",84,0,1,0.028035,1,0.005607,1,161.647369798315,1,4.84587713060719,930,1,5.33599996566772,34.8870010375977,0.0280349999666214,0,155.875900268555,-87.0307,27.1799,23.8404837148904,63,63,63,63,61,63,0,7818,1.13366707078925,27,-87,0.001869,51,2025-09-16 16:30:15.00176,930,1.037,0.0011,"aoml_navis",1031.80494784305
"7901009",84,0,1,0.029904,1,0.007476,1,161.804056687789,1,4.84583254060201,932,1,5.33300018310547,34.8870010375977,0.0299040004611015,0,156.026992797852,-87.0307,27.1799,23.8404837148904,63,63,63,63,61,63,0,7818,1.13366707078925,27,-87,0.001869,51,2025-09-16 16:30:15.00176,932,1.037,0.0011,"aoml_navis",1031.81444222561
"7901009",84,0,1,0.029904,1,0.007476,1,161.888792932298,1,4.84578795208258,934,1,5.32999992370605,34.8870010375977,0.0299040004611015,0,156.108703613281,-87.0307,27.1799,23.8404837148904,63,63,63,63,61,63,0,7818,1.13366707078925,27,-87,0.001869,51,2025-09-16 16:30:15.00176,934,1.037,0.0011,"aoml_navis",1031.82393646654
"7901009",84,0,1,0.028035,1,0.005607,1,162.116212037077,1,4.84574203363723,936,1,5.32499980926514,34.8870010375977,0.0280349999666214,0,156.328002929688,-87.0307,27.1799,23.8404837148904,63,63,63,63,61,63,0,7818,1.13366707078925,27,-87,0.001869,51,2025-09-16 16:30:15.00176,936,1.037,0.0011,"aoml_navis",1031.83371407144
"7901009",84,0,1,0.026166,1,0.003738,1,162.142970018303,1,4.84568976869819,938,1,5.31599998474121,34.8880004882812,0.0261659994721413,0,156.353805541992,-87.0307,27.1799,23.8404837148904,63,63,63,63,61,63,0,7818,1.13366707078925,27,-87,0.001869,51,2025-09-16 16:30:15.00176,938,1.037,0.0011,"aoml_navis",1031.84484328704
"7901009",84,0,1,0.029904,1,0.007476,1,162.142337067831,1,4.84564385415551,940,1,5.31099987030029,34.8880004882812,0.0299040004611015,0,156.35319519043,-87.0307,27.1799,23.8404837148904,63,63,63,63,61,63,0,7818,1.13366707078925,27,-87,0.001869,51,2025-09-16 16:30:15.00176,940,1.037,0.0011,"aoml_navis",1031.85462045712
"7901009",84,0,1,0.029904,1,0.007476,1,162.273009692884,1,4.84559860723087,942,1,5.30700016021729,34.8880004882812,0.0299040004611015,0,156.479202270508,-87.0307,27.1799,23.8404837148904,63,63,63,63,61,63,0,7818,1.13366707078925,27,-87,0.001869,51,2025-09-16 16:30:15.00176,942,1.037,0.0011,"aoml_navis",1031.86425564402
"7901009",84,0,1,0.029904,1,0.007476,1,162.338852365788,1,4.84555469287881,944,1,5.30499982833862,34.8880004882812,0.0299040004611015,0,156.542694091797,-87.0307,27.1799,23.8404837148904,63,63,63,63,61,63,0,7818,1.13366707078925,27,-87,0.001869,51,2025-09-16 16:30:15.00176,944,1.037,0.0011,"aoml_navis",1031.87360723596
"7901009",84,0,1,0.033642,1,0.011214,1,162.573851052475,1,4.84550944945955,946,1,5.30100011825562,34.8880004882812,0.0336420014500618,0,156.769302368164,-87.0307,27.1799,23.8404837148904,63,63,63,63,61,63,0,7818,1.13366707078925,27,-87,0.001869,51,2025-09-16 16:30:15.00176,946,1.037,0.0011,"aoml_navis",1031.88324203097
"7901009",84,0,1,0.029904,1,0.007476,1,162.81755280816,1,4.84546487311753,948,1,5.2979998588562,34.8880004882812,0.0299040004611015,0,157.004302978516,-87.0307,27.1799,23.8404837148904,63,63,63,63,61,63,0,7818,1.13366707078925,27,-87,0.001869,51,2025-09-16 16:30:15.00176,948,1.037,0.0011,"aoml_navis",1031.89273494476
"7901009",84,0,1,0.031773,1,0.009345,1,163.161118324647,1,4.84541963320376,950,1,5.29400014877319,34.8880004882812,0.0317730009555817,0,157.335601806641,-87.0307,27.1799,23.8404837148904,63,63,63,63,61,63,0,7818,1.13366707078925,27,-87,0.001869,51,2025-09-16 16:30:15.00176,950,1.037,0.0011,"aoml_navis",1031.90236935042
"7901009",84,0,1,0.029904,1,0.007476,1,163.528530250186,1,4.8453717321536,952,1,5.28599977493286,34.8880004882812,0.0299040004611015,0,157.689895629883,-87.0307,27.1799,23.8404837148904,63,63,63,63,61,63,0,7818,1.13366707078925,27,-87,0.001869,51,2025-09-16 16:30:15.00176,952,1.037,0.0011,"aoml_navis",1031.91257067446
"7901009",84,0,1,0.029904,1,0.007476,1,163.989808730802,1,4.84532383398669,954,1,5.27799987792969,34.8880004882812,0.0299040004611015,0,158.134704589844,-87.0307,27.1799,23.8404837148904,63,63,63,63,61,63,0,7818,1.13366707078925,27,-87,0.001869,51,2025-09-16 16:30:15.00176,954,1.037,0.0011,"aoml_navis",1031.92277158616
"7901009",84,0,1,0.029904,1,0.007476,1,164.317186538954,1,4.84525859735815,956,1,5.25500011444092,34.8899993896484,0.0299040004611015,0,158.450393676758,-87.0307,27.1799,23.8404837148904,63,63,63,63,61,63,0,7818,1.13366707078925,27,-87,0.001869,51,2025-09-16 16:30:15.00176,956,1.037,0.0011,"aoml_navis",1031.93666540857
"7901009",84,0,1,0.028035,1,0.005607,1,164.505410185722,1,4.84521203579752,958,1,5.24900007247925,34.8899993896484,0.0280349999666214,0,158.631896972656,-87.0307,27.1799,23.8404837148904,63,63,63,63,61,63,0,7818,1.13366707078925,27,-87,0.001869,51,2025-09-16 16:30:15.00176,958,1.037,0.0011,"aoml_navis",1031.94658212249
"7901009",84,0,1,0.029904,1,0.007476,1,164.78737379747,1,4.84516746878313,960,1,5.24599981307983,34.8899993896484,0.0299040004611015,0,158.903793334961,-87.0307,27.1799,23.8404837148904,63,63,63,63,61,63,0,7818,1.13366707078925,27,-87,0.001869,51,2025-09-16 16:30:15.00176,960,1.037,0.0011,"aoml_navis",1031.95607421507
"7901009",84,0,1,0.031773,1,0.009345,1,165.213396936766,1,4.84512526017577,962,1,5.24100017547607,34.8889999389648,0.0317730009555817,0,159.314605712891,-87.0307,27.1799,23.8404837148904,63,63,63,63,61,63,0,7818,1.13366707078925,27,-87,0.001869,51,2025-09-16 16:30:15.00176,962,1.037,0.0011,"aoml_navis",1031.96506416402
"7901009",84,0,1,0.033642,1,0.011214,1,165.762386529111,1,4.84507037131768,964,1,5.22800016403198,34.8899993896484,0.0336420014500618,0,159.843994140625,-87.0307,27.1799,23.8404837148904,63,63,63,63,61,63,0,7818,1.13366707078925,27,-87,0.001869,51,2025-09-16 16:30:15.00176,964,1.037,0.0011,"aoml_navis",1031.97675509514
"7901009",84,0,1,0.029904,1,0.007476,1,166.188504610978,1,4.84499589666939,966,1,5.19099998474121,34.8919982910156,0.0299040004611015,0,160.254898071289,-87.0307,27.1799,23.8404837148904,63,63,63,63,61,63,0,7818,1.13366707078925,27,-87,0.001869,51,2025-09-16 16:30:15.00176,966,1.037,0.0011,"aoml_navis",1031.99261808192
"7901009",84,0,1,0.026166,1,0.003738,1,166.353704684307,1,4.84495067261656,968,1,5.18699979782104,34.8919982910156,0.0261659994721413,0,160.414199829102,-87.0307,27.1799,23.8404837148904,63,63,63,63,61,63,0,7818,1.13366707078925,27,-87,0.001869,51,2025-09-16 16:30:15.00176,968,1.037,0.0011,"aoml_navis",1032.00225097435
"7901009",84,0,1,0.028035,1,0.005607,1,166.46508814371,1,4.84490677497847,970,1,5.18499994277954,34.8919982910156,0.0280349999666214,0,160.521606445312,-87.0307,27.1799,23.8404837148904,63,63,63,63,61,63,0,7818,1.13366707078925,27,-87,0.001869,51,2025-09-16 16:30:15.00176,970,1.037,0.0011,"aoml_navis",1032.01160150749
"7901009",84,0,1,0.026166,1,0.003738,1,166.737304318181,1,4.84486287928779,972,1,5.18300008773804,34.8919982910156,0.0261659994721413,0,160.784103393555,-87.0307,27.1799,23.8404837148904,63,63,63,63,61,63,0,7818,1.13366707078925,27,-87,0.001869,51,2025-09-16 16:30:15.00176,972,1.037,0.0011,"aoml_navis",1032.02095179524
"7901009",84,0,1,0.029904,1,0.007476,1,167.136347943585,1,4.84482267020067,974,1,5.18100023269653,34.890998840332,0.0299040004611015,0,161.168899536133,-87.0307,27.1799,23.8404837148904,63,63,63,63,61,63,0,7818,1.13366707078925,27,-87,0.001869,51,2025-09-16 16:30:15.00176,974,1.037,0.0011,"aoml_navis",1032.02951694265
"7901009",84,0,1,0.029904,1,0.007476,1,167.607263095145,1,4.84476317516376,976,1,5.16099977493286,34.8919982910156,0.0299040004611015,0,161.623001098633,-87.0307,27.1799,23.8404837148904,63,63,63,63,61,63,0,7818,1.13366707078925,27,-87,0.001869,51,2025-09-16 16:30:15.00176,976,1.037,0.0011,"aoml_navis",1032.04219055165
"7901009",84,99999,9,99999,9,99999,9,167.79599310229,1,4.84471796016761,978,1,5.15700006484985,34.8919982910156,99999,99999,161.804992675781,-87.0307,27.1799,23.8404837148904,63,63,63,63,61,63,0,7818,1.13366707078925,27,-87,0.001869,51,2025-09-16 16:30:15.00176,978,1.037,0.0011,"aoml_navis",1032.05182244025
"7901009",84,0,1,0.028035,1,0.005607,1,172.068551205698,1,4.84418807015553,999.400024414062,1,5.06099987030029,34.8950004577637,0.0280349999666214,0,165.925003051758,-87.0307,27.1799,23.8404837148904,63,63,63,63,61,63,0,7818,1.13366707078925,27,-87,0.001869,51,2025-09-16 16:30:15.00176,999.400024414062,1.037,0.0011,"aoml_navis",1032.16471523978
"7901009",84,0,1,0.031773,1,0.009345,1,177.419498676672,1,4.84299167017139,1049.59997558594,1,4.89909982681274,34.9010009765625,0.0317730009555817,0,171.084899902344,-87.0307,27.1799,23.8404837148904,63,63,63,63,61,63,0,7818,1.13366707078925,27,-87,0.001869,51,2025-09-16 16:30:15.00176,1049.59997558594,1.037,0.0011,"aoml_navis",1032.41969850901
"7901009",84,0,1,0.028035,1,0.005607,1,183.492120452659,1,4.84177632002907,1100.30004882812,1,4.72809982299805,34.9080009460449,0.0280349999666214,0,176.940704345703,-87.0307,27.1799,23.8404837148904,63,63,63,63,61,63,0,7818,1.13366707078925,27,-87,0.001869,51,2025-09-16 16:30:15.00176,1100.30004882812,1.037,0.0011,"aoml_navis",1032.67884956114
"7901009",84,0,1,0.031773,1,0.009345,1,188.062386810819,1,4.84063824148873,1149.59997558594,1,4.61110019683838,34.9119987487793,0.0317730009555817,0,181.347793579102,-87.0307,27.1799,23.8404837148904,63,63,63,63,61,63,0,7818,1.13366707078925,27,-87,0.001869,51,2025-09-16 16:30:15.00176,1149.59997558594,1.037,0.0011,"aoml_navis",1032.92164184991
"7901009",84,0,1,0.031773,1,0.009345,1,191.639094988493,1,4.83950519015734,1199.19995117188,1,4.51560020446777,34.9169998168945,0.0317730009555817,0,184.796798706055,-87.0307,27.1799,23.8404837148904,63,63,63,63,61,63,0,7818,1.13366707078925,27,-87,0.001869,51,2025-09-16 16:30:15.00176,1199.19995117188,1.037,0.0011,"aoml_navis",1033.16347509433
"7901009",84,0,4,0.020559,1,-0.001869,1,194.318358514934,1,4.83840499630785,1248.90002441406,1,4.45510005950928,34.9189987182617,0.020558999851346,0,187.380401611328,-87.0307,27.1799,23.8404837148904,63,63,63,63,61,63,0,7818,1.13366707078925,27,-87,0.001869,51,2025-09-16 16:30:15.00176,1248.90002441406,1.037,0.0011,"aoml_navis",1033.39840377469
"7901009",84,0,1,0.026166,1,0.003738,1,195.99874707692,1,4.83728975337142,1299.80004882812,1,4.41419982910156,34.9220008850098,0.0261659994721413,0,189.000793457031,-87.0307,27.1799,23.8404837148904,63,63,63,63,61,63,0,7818,1.13366707078925,27,-87,0.001869,51,2025-09-16 16:30:15.00176,1299.80004882812,1.037,0.0011,"aoml_navis",1033.63665501228
"7901009",84,0,1,0.029904,1,0.007476,1,197.756719543076,1,4.83621988820058,1349.30004882812,1,4.38409996032715,34.9230003356934,0.0299040004611015,0,190.695999145508,-87.0307,27.1799,23.8404837148904,63,63,63,63,61,63,0,7818,1.13366707078925,27,-87,0.001869,51,2025-09-16 16:30:15.00176,1349.30004882812,1.037,0.0011,"aoml_navis",1033.86531538796
"7901009",84,0,1,0.031773,1,0.009345,1,198.957189233031,1,4.83514220377628,1399.5,1,4.36250019073486,34.923999786377,0.0317730009555817,0,191.853607177734,-87.0307,27.1799,23.8404837148904,63,63,63,63,61,63,0,7818,1.13366707078925,27,-87,0.001869,51,2025-09-16 16:30:15.00176,1399.5,1.037,0.0011,"aoml_navis",1034.09574926151
"7901009",84,0,1,0.029904,1,0.007476,1,200.212298372527,1,4.83407012969435,1449.5,1,4.34089994430542,34.9249992370605,0.0299040004611015,0,193.063903808594,-87.0307,27.1799,23.8404837148904,63,63,63,63,61,63,0,7818,1.13366707078925,27,-87,0.001869,51,2025-09-16 16:30:15.00176,1449.5,1.037,0.0011,"aoml_navis",1034.32508545674
"7901009",84,0,1,0.031773,1,0.009345,1,201.148938481771,1,4.83299388298101,1500,1,4.33209991455078,34.9269981384277,0.0317730009555817,0,193.967102050781,-87.0307,27.1799,23.8404837148904,63,63,63,63,61,63,0,7818,1.13366707078925,27,-87,0.001869,51,2025-09-16 16:30:15.00176,1500,1.037,0.0011,"aoml_navis",1034.55541659324
"7901009",84,0,1,0.028035,1,0.005607,1,201.652719586616,1,4.83194592299713,1549.59997558594,1,4.32410001754761,34.9269981384277,0.0280349999666214,0,194.452896118164,-87.0307,27.1799,23.8404837148904,63,63,63,63,61,63,0,7818,1.13366707078925,27,-87,0.001869,51,2025-09-16 16:30:15.00176,1549.59997558594,1.037,0.0011,"aoml_navis",1034.77979258895
"7901009",84,0,1,0.028035,1,0.005607,1,202.248911460451,1,4.83089313578486,1599.5,1,4.31610012054443,34.9269981384277,0.0280349999666214,0,195.027801513672,-87.0307,27.1799,23.8404837148904,63,63,63,63,61,63,0,7818,1.13366707078925,27,-87,0.001869,51,2025-09-16 16:30:15.00176,1599.5,1.037,0.0011,"aoml_navis",1035.00530015091
"7901009",84,0,1,0.022428,1,0,1,202.863348131655,1,4.82982652613176,1649.90002441406,1,4.30639982223511,34.9280014038086,0.0224280003458261,0,195.620300292969,-87.0307,27.1799,23.8404837148904,63,63,63,63,61,63,0,7818,1.13366707078925,27,-87,0.001869,51,2025-09-16 16:30:15.00176,1649.90002441406,1.037,0.0011,"aoml_navis",1035.23386874197
"7901009",84,0,1,0.033642,1,0.011214,1,203.339959837467,1,4.82877688710066,1699.69995117188,1,4.30089998245239,34.9290008544922,0.0336420014500618,0,196.079895019531,-87.0307,27.1799,23.8404837148904,63,63,63,63,61,63,0,7818,1.13366707078925,27,-87,0.001869,51,2025-09-16 16:30:15.00176,1699.69995117188,1.037,0.0011,"aoml_navis",1035.45889920007
"7901009",84,0,1,0.028035,1,0.005607,1,203.827996299309,1,4.82774422198261,1749,1,4.29739999771118,34.9290008544922,0.0280349999666214,0,196.550506591797,-87.0307,27.1799,23.8404837148904,63,63,63,63,61,63,0,7818,1.13366707078925,27,-87,0.001869,51,2025-09-16 16:30:15.00176,1749,1.037,0.0011,"aoml_navis",1035.68038613832
"7901009",84,0,1,0.024297,1,0.001869,1,203.874138388756,1,4.82669255592155,1799.40002441406,1,4.29739999771118,34.9290008544922,0.0242970008403063,0,196.595001220703,-87.0307,27.1799,23.8404837148904,63,63,63,63,61,63,0,7818,1.13366707078925,27,-87,0.001869,51,2025-09-16 16:30:15.00176,1799.40002441406,1.037,0.0011,"aoml_navis",1035.90604582134
"7901009",84,0,1,0.029904,1,0.007476,1,204.535033624644,1,4.82563819341488,1849.90002441406,1,4.2943000793457,34.9290008544922,0.0299040004611015,0,197.232299804688,-87.0307,27.1799,23.8404837148904,63,63,63,63,61,63,0,7818,1.13366707078925,27,-87,0.001869,51,2025-09-16 16:30:15.00176,1849.90002441406,1.037,0.0011,"aoml_navis",1036.13238282618
"7901009",84,0,1,0.022428,1,0,1,204.784226225678,1,4.82461328668124,1898.90002441406,1,4.29169988632202,34.9300003051758,0.0224280003458261,0,197.472595214844,-87.0307,27.1799,23.8404837148904,63,63,63,63,61,63,0,7818,1.13366707078925,27,-87,0.001869,51,2025-09-16 16:30:15.00176,1898.90002441406,1.037,0.0011,"aoml_navis",1036.3524914635
"7901009",84,0,1,0.024297,1,0.001869,1,205.055303089299,1,4.82356212471166,1949.5,1,4.29169988632202,34.9300003051758,0.0242970008403063,0,197.733993530273,-87.0307,27.1799,23.8404837148904,63,63,63,63,61,63,0,7818,1.13366707078925,27,-87,0.001869,51,2025-09-16 16:30:15.00176,1949.5,1.037,0.0011,"aoml_navis",1036.57833582871
"7901009",84,0,1,0.028035,1,0.005607,1,205.058309604043,1,4.82253791927569,1998.90002441406,1,4.29239988327026,34.9300003051758,0.0280349999666214,0,197.736892700195,-87.0307,27.1799,23.8404837148904,63,63,63,63,61,63,0,7818,1.13366707078925,27,-87,0.001869,51,2025-09-16 16:30:15.00176,1998.90002441406,1.037,0.0011,"aoml_navis",1036.79848322498
"7901009",85,0.103863826544795,1,0.140175,1,0.117747,1,194.679994304568,1,4.89292332567653,2.40000009536743,1,28.9540004730225,34.726001739502,0.140174999833107,0.127092003822327,187.729095458984,-86.9462,27.0891,9.93393968454273,63,63,63,63,61,63,0.117747,7818,1.13366707078925,27,-87,0.001869,51,2025-09-22 00:09:35.000013,2.40000009536743,1.037,0.0011,"aoml_navis",1021.88398779142
"7901009",85,0.102215194377417,1,0.138306,1,0.115878,1,194.687146646053,1,4.89284301906166,4,1,28.9759998321533,34.7490005493164,0.138306006789207,0.125222995877266,187.735992431641,-86.9462,27.0891,9.93393968454273,63,63,63,63,61,63,0.115878,7818,1.13366707078925,27,-87,0.001869,51,2025-09-22 00:09:35.000013,4,1.037,0.0011,"aoml_navis",1021.90076005318
"7901009",85,0.0972692978752839,1,0.132699,1,0.110271,1,194.603881998055,1,4.8925963628261,6.30000019073486,1,29.0400009155273,34.8330001831055,0.132698997855186,0.119616001844406,187.655700683594,-86.9462,27.0891,9.93393968454273,63,63,63,63,61,63,0.110271,7818,1.13366707078925,27,-87,0.001869,51,2025-09-22 00:09:35.000013,6.30000019073486,1.037,0.0011,"aoml_navis",1021.95227834243
"7901009",85,0.0873775048710178,1,0.121485,1,0.099057,1,194.62679480883,1,4.89185348474118,8.10000038146973,1,29.1889991760254,35.0960006713867,0.121485002338886,0.108401998877525,187.677795410156,-86.9462,27.0891,9.93393968454273,63,63,63,63,61,63,0.099057,7818,1.13366707078925,27,-87,0.001869,51,2025-09-22 00:09:35.000013,8.10000038146973,1.037,0.0011,"aoml_navis",1022.10747226918
"7901009",85,0.0692425510298631,1,0.100926,1,0.078498,1,193.090338938181,1,4.88903463615211,10,1,29.7029991149902,36.1020011901855,0.100925996899605,0.0878430008888245,186.196197509766,-86.9462,27.0891,9.93393968454273,63,63,63,63,61,63,0.078498,7818,1.13366707078925,27,-87,0.001869,51,2025-09-22 00:09:35.000013,10,1.037,0.0011,"aoml_navis",1022.6967841519
"7901009",85,0.0609993901929747,1,0.091581,1,0.069153,1,192.66838243808,1,4.8885744875681,12,1,29.7999992370605,36.2630004882812,0.0915810018777847,0.0784979984164238,185.789306640625,-86.9462,27.0891,9.93393968454273,63,63,63,63,61,63,0.069153,7818,1.13366707078925,27,-87,0.001869,51,2025-09-22 00:09:35.000013,12,1.037,0.0011,"aoml_navis",1022.79304789469
"7901009",85,0.0609993901929747,1,0.091581,1,0.069153,1,192.254084639924,1,4.88820012534469,14,1,29.8680000305176,36.3870010375977,0.0915810018777847,0.0784979984164238,185.389801025391,-86.9462,27.0891,9.93393968454273,63,63,63,63,61,63,0.069153,7818,1.13366707078925,27,-87,0.001869,51,2025-09-22 00:09:35.000013,14,1.037,0.0011,"aoml_navis",1022.87137837824
"7901009",85,0.0560534936908416,1,0.085974,1,0.063546,1,192.153287261028,1,4.88808627897121,16,1,29.8540000915527,36.4010009765625,0.0859740003943443,0.0728909969329834,185.292602539062,-86.9462,27.0891,9.93393968454273,63,63,63,63,61,63,0.063546,7818,1.13366707078925,27,-87,0.001869,51,2025-09-22 00:09:35.000013,16,1.037,0.0011,"aoml_navis",1022.89520164778
"7901009",85,0.0577021258582193,1,0.087843,1,0.065415,1,192.38122858646,1,4.88799603545731,18,1,29.7819995880127,36.3819999694824,0.0878430008888245,0.0747599974274635,185.512405395508,-86.9462,27.0891,9.93393968454273,63,63,63,63,61,63,0.065415,7818,1.13366707078925,27,-87,0.001869,51,2025-09-22 00:09:35.000013,18,1.037,0.0011,"aoml_navis",1022.91408661755
"7901009",85,0.059350758025597,1,0.089712,1,0.067284,1,192.347207493112,1,4.88794905761944,20,1,29.7649993896484,36.3759994506836,0.0897120013833046,0.0766289979219437,185.479598999023,-86.9462,27.0891,9.93393968454273,63,63,63,63,61,63,0.067284,7818,1.13366707078925,27,-87,0.001869,51,2025-09-22 00:09:35.000013,20,1.037,0.0011,"aoml_navis",1022.9239177945
"7901009",85,0.0659452866951077,1,0.097188,1,0.07476,1,192.451422805107,1,4.88789783992874,22,1,29.7409992218018,36.3680000305176,0.0971880033612251,0.0841049998998642,185.580093383789,-86.9462,27.0891,9.93393968454273,63,63,63,63,61,63,0.07476,7818,1.13366707078925,27,-87,0.001869,51,2025-09-22 00:09:35.000013,22,1.037,0.0011,"aoml_navis",1022.93463647204
"7901009",85,0.06429665452773,1,0.095319,1,0.072891,1,192.561983446605,1,4.88784632186863,24,1,29.7299995422363,36.3660011291504,0.095319002866745,0.0822359994053841,185.686706542969,-86.9462,27.0891,9.93393968454273,63,63,63,63,61,63,0.072891,7818,1.13366707078925,27,-87,0.001869,51,2025-09-22 00:09:35.000013,24,1.037,0.0011,"aoml_navis",1022.94541823657
"7901009",85,0.0708911831972408,1,0.102795,1,0.080367,1,192.482753858515,1,4.88780036355221,26,1,29.7290000915527,36.367000579834,0.102794997394085,0.0897120013833046,185.610305786133,-86.9462,27.0891,9.93393968454273,63,63,63,63,61,63,0.080367,7818,1.13366707078925,27,-87,0.001869,51,2025-09-22 00:09:35.000013,26,1.037,0.0011,"aoml_navis",1022.95503664275
"7901009",85,0.0692425510298631,1,0.100926,1,0.078498,1,192.333836412238,1,4.88775214174396,28,1,29.742000579834,36.375,0.100925996899605,0.0878430008888245,185.466705322266,-86.9462,27.0891,9.93393968454273,63,63,63,63,61,63,0.078498,7818,1.13366707078925,27,-87,0.001869,51,2025-09-22 00:09:35.000013,28,1.037,0.0011,"aoml_navis",1022.96512895926
"7901009",85,0.0741884475319962,1,0.106533,1,0.084105,1,192.37551620753,1,4.88770521087831,30,1,29.7469997406006,36.3790016174316,0.106532998383045,0.0934500023722649,185.506896972656,-86.9462,27.0891,9.93393968454273,63,63,63,63,61,63,0.084105,7818,1.13366707078925,27,-87,0.001869,51,2025-09-22 00:09:35.000013,30,1.037,0.0011,"aoml_navis",1022.97495128629
"7901009",85,0.0791343440341293,1,0.11214,1,0.089712,1,192.21924071083,1,4.88766025105319,32,1,29.7509994506836,36.3819999694824,0.112139999866486,0.0990569964051247,185.356201171875,-86.9462,27.0891,9.93393968454273,63,63,63,63,61,63,0.089712,7818,1.13366707078925,27,-87,0.001869,51,2025-09-22 00:09:35.000013,32,1.037,0.0011,"aoml_navis",1022.98436126419
"7901009",85,0.0824316083688847,1,0.115878,1,0.09345,1,192.148935725833,1,4.88761299221436,34,1,29.7469997406006,36.3819999694824,0.115878000855446,0.102794997394085,185.28840637207,-86.9462,27.0891,9.93393968454273,63,63,63,63,61,63,0.09345,7818,1.13366707078925,27,-87,0.001869,51,2025-09-22 00:09:35.000013,34,1.037,0.0011,"aoml_navis",1022.99425260647
"7901009",85,0.0840802405362624,1,0.117747,1,0.095319,1,192.18564685912,1,4.88756442442463,36,1,29.7399997711182,36.3810005187988,0.117747001349926,0.104663997888565,185.323806762695,-86.9462,27.0891,9.93393968454273,63,63,63,63,61,63,0.095319,7818,1.13366707078925,27,-87,0.001869,51,2025-09-22 00:09:35.000013,36,1.037,0.0011,"aoml_navis",1023.00441811334
"7901009",85,0.0857288727036401,1,0.119616,1,0.097188,1,192.350736192561,1,4.88751123209247,38.0999984741211,1,29.738000869751,36.382999420166,0.119616001844406,0.106532998383045,185.483001708984,-86.9462,27.0891,9.93393968454273,63,63,63,63,61,63,0.097188,7818,1.13366707078925,27,-87,0.001869,51,2025-09-22 00:09:35.000013,38.0999984741211,1.037,0.0011,"aoml_navis",1023.01555179432
"7901009",85,0.113755619549061,1,0.151389,1,0.128961,1,193.577536818687,1,4.88741578535482,40,1,29.701000213623,36.3819999694824,0.151389002799988,0.138306006789207,186.666000366211,-86.9462,27.0891,9.93393968454273,63,63,63,63,61,63,0.128961,7818,1.13366707078925,27,-87,0.001869,51,2025-09-22 00:09:35.000013,40,1.037,0.0011,"aoml_navis",1023.03553034766
"7901009",85,0.105512458712172,4,0.142044,1,0.119616,1,201.949036051872,1,4.88677033006612,41.9000015258789,1,29.5219993591309,36.4700012207031,0.142043992877007,0.128960996866226,194.73860168457,-86.9462,27.0891,9.93393968454273,63,63,63,63,61,63,0.119616,7818,1.13366707078925,27,-87,0.001869,51,2025-09-22 00:09:35.000013,41.9000015258789,1.037,0.0011,"aoml_navis",1023.17065511289
"7901009",85,0.113755619549061,1,0.151389,1,0.128961,1,207.083357046061,1,4.88627882634783,44,1,29.3579998016357,36.5209999084473,0.151389002799988,0.138306006789207,199.689605712891,-86.9462,27.0891,9.93393968454273,63,63,63,63,61,63,0.128961,7818,1.13366707078925,27,-87,0.001869,51,2025-09-22 00:09:35.000013,44,1.037,0.0011,"aoml_navis",1023.2735743689
"7901009",85,0.117052883883816,1,0.155127,1,0.132699,1,209.789062511904,1,4.88573690827425,46.2000007629395,1,29.1100006103516,36.5480003356934,0.155127003788948,0.142043992877007,202.298706054688,-86.9462,27.0891,9.93393968454273,63,63,63,63,61,63,0.132699,7818,1.13366707078925,27,-87,0.001869,51,2025-09-22 00:09:35.000013,46.2000007629395,1.037,0.0011,"aoml_navis",1023.38707422666
"7901009",85,0.133539205557593,1,0.173817,1,0.151389,1,219.162522503595,1,4.88485966346926,47.9000015258789,1,28.5090007781982,36.5149993896484,0.173816993832588,0.160733997821808,211.337493896484,-86.9462,27.0891,9.93393968454273,63,63,63,63,61,63,0.151389,7818,1.13366707078925,27,-87,0.001869,51,2025-09-22 00:09:35.000013,47.9000015258789,1.037,0.0011,"aoml_navis",1023.57085862503
"7901009",85,0.219268078261233,1,0.271005,1,0.248577,1,226.596242166467,1,4.88413153182878,50.2000007629395,1,28.0139999389648,36.4869995117188,0.271005004644394,0.257921993732452,218.505798339844,-86.9462,27.0891,9.93393968454273,63,63,63,63,61,63,0.248577,7818,1.13366707078925,27,-87,0.001869,51,2025-09-22 00:09:35.000013,50.2000007629395,1.037,0.0011,"aoml_navis",1023.72345368181
"7901009",85,0.367644973325226,1,0.439215,1,0.416787,1,225.137259446065,1,4.88340385158927,51.7999992370605,1,27.5459995269775,36.4770011901855,0.439215004444122,0.426131993532181,217.098907470703,-86.9462,27.0891,9.93393968454273,63,63,63,63,61,63,0.416787,7818,1.13366707078925,27,-87,0.001869,51,2025-09-22 00:09:35.000013,51.7999992370605,1.037,0.0011,"aoml_navis",1023.87599960073
"7901009",85,0.525913661393484,1,0.618639,1,0.596211,1,225.126151163492,1,4.88241050633698,54,1,26.9309997558594,36.4770011901855,0.61863899230957,0.605556011199951,217.088195800781,-86.9462,27.0891,9.93393968454273,63,63,63,63,61,63,0.596211,7818,1.13366707078925,27,-87,0.001869,51,2025-09-22 00:09:35.000013,54,1.037,0.0011,"aoml_navis",1024.08431112263
"7901009",85,0.468211535535265,1,0.553224,1,0.530796,1,223.419004346822,1,4.8819127237799,56.0999984741211,1,26.6469993591309,36.4830017089844,0.55322402715683,0.540140986442566,215.442001342773,-86.9462,27.0891,9.93393968454273,63,63,63,63,61,63,0.530796,7818,1.13366707078925,27,-87,0.001869,51,2025-09-22 00:09:35.000013,56.0999984741211,1.037,0.0011,"aoml_navis",1024.1887315283
"7901009",85,0.463265639033132,1,0.547617,1,0.525189,1,221.401980752928,1,4.8816276715843,58,1,26.4799995422363,36.4809989929199,0.547617018222809,0.534533977508545,213.496994018555,-86.9462,27.0891,9.93393968454273,63,63,63,63,61,63,0.525189,7818,1.13366707078925,27,-87,0.001869,51,2025-09-22 00:09:35.000013,58,1.037,0.0011,"aoml_navis",1024.24853683634
"7901009",85,0.461617006865754,1,0.545748,1,0.52332,1,218.824352835717,1,4.88141042989604,60,1,26.3610000610352,36.4799995422363,0.545747995376587,0.532665014266968,211.01139831543,-86.9462,27.0891,9.93393968454273,63,63,63,63,61,63,0.52332,7818,1.13366707078925,27,-87,0.001869,51,2025-09-22 00:09:35.000013,60,1.037,0.0011,"aoml_navis",1024.29411986701
"7901009",85,0.389077191501136,1,0.463512,1,0.441084,1,212.329868529477,1,4.88117880354219,62,1,26.2129993438721,36.4710006713867,0.463512003421783,0.450428992509842,204.748794555664,-86.9462,27.0891,9.93393968454273,63,63,63,63,61,63,0.441084,7818,1.13366707078925,27,-87,0.001869,51,2025-09-22 00:09:35.000013,62,1.037,0.0011,"aoml_navis",1024.34272564889
"7901009",85,0.346212755149316,4,0.414918,1,0.39249,1,209.681096967758,1,4.88080626575037,64,1,25.992000579834,36.4710006713867,0.414918005466461,0.40183499455452,202.194595336914,-86.9462,27.0891,9.93393968454273,63,63,63,63,61,63,0.39249,7818,1.13366707078925,27,-87,0.001869,51,2025-09-22 00:09:35.000013,64,1.037,0.0011,"aoml_navis",1024.42091075936
"7901009",85,0.344564122981938,4,0.413049,1,0.390621,1,210.850251620365,1,4.88029091131164,66.1999969482422,1,25.7369995117188,36.4959983825684,0.413049012422562,0.39996600151062,203.322006225586,-86.9462,27.0891,9.93393968454273,63,63,63,63,61,63,0.390621,7818,1.13366707078925,27,-87,0.001869,51,2025-09-22 00:09:35.000013,66.1999969482422,1.037,0.0011,"aoml_navis",1024.52908870881
"7901009",85,0.377536766329492,1,0.450429,1,0.428001,1,204.607871527716,1,4.87997095461057,67.8000030517578,1,25.5580005645752,36.5019989013672,0.450428992509842,0.437346011400223,197.302505493164,-86.9462,27.0891,9.93393968454273,63,63,63,63,61,63,0.428001,7818,1.13366707078925,27,-87,0.001869,51,2025-09-22 00:09:35.000013,67.8000030517578,1.037,0.0011,"aoml_navis",1024.59626225358
"7901009",85,0.708911831972408,1,0.826098,1,0.80367,1,197.459122036985,1,4.87934236168616,70,1,25.2110004425049,36.5219993591309,0.826098024845123,0.813014984130859,190.408996582031,-86.9462,27.0891,9.93393968454273,63,63,63,63,61,63,0.80367,7818,1.13366707078925,27,-87,0.001869,51,2025-09-22 00:09:35.000013,70,1.037,0.0011,"aoml_navis",1024.72825831228
"7901009",85,0.60010210892548,4,0.702744,1,0.680316,1,198.911063182252,1,4.87888491256934,72,1,24.9459991455078,36.5299987792969,0.702744007110596,0.689661026000977,191.809097290039,-86.9462,27.0891,9.93393968454273,63,63,63,63,61,63,0.680316,7818,1.13366707078925,27,-87,0.001869,51,2025-09-22 00:09:35.000013,72,1.037,0.0011,"aoml_navis",1024.8243378561
"7901009",85,0.766613957830627,1,0.891513,1,0.869085,1,194.08339091736,1,4.87841978643338,74,1,24.6590003967285,36.5320014953613,0.891512989997864,0.878430008888245,187.153793334961,-86.9462,27.0891,9.93393968454273,63,63,63,63,61,63,0.869085,7818,1.13366707078925,27,-87,0.001869,51,2025-09-22 00:09:35.000013,74,1.037,0.0011,"aoml_navis",1024.9220483044
"7901009",85,0.6429665452773,1,0.751338,1,0.72891,1,196.166367961057,1,4.87802676391131,76,1,24.4099998474121,36.5299987792969,0.751338005065918,0.738255023956299,189.162399291992,-86.9462,27.0891,9.93393968454273,63,63,63,63,61,63,0.72891,7818,1.13366707078925,27,-87,0.001869,51,2025-09-22 00:09:35.000013,76,1.037,0.0011,"aoml_navis",1025.00462625402
"7901009",85,0.519319132723973,4,0.611163,1,0.588735,1,197.938123207559,1,4.87770460550503,78,1,24.1509990692139,36.5050010681152,0.611163020133972,0.598079979419708,190.870895385742,-86.9462,27.0891,9.93393968454273,63,63,63,63,61,63,0.588735,7818,1.13366707078925,27,-87,0.001869,51,2025-09-22 00:09:35.000013,78,1.037,0.0011,"aoml_navis",1025.0723248712
"7901009",85,0.530859557895617,4,0.624246,1,0.601818,1,197.222271932226,1,4.87742041116577,80,1,23.9549999237061,36.4949989318848,0.624246001243591,0.611163020133972,190.180603027344,-86.9462,27.0891,9.93393968454273,63,63,63,63,61,63,0.601818,7818,1.13366707078925,27,-87,0.001869,51,2025-09-22 00:09:35.000013,80,1.037,0.0011,"aoml_navis",1025.13205311431
"7901009",85,0.629777487938279,1,0.736386,1,0.713958,1,195.216862981362,1,4.87716950889159,82,1,23.806999206543,36.4949989318848,0.736386001110077,0.723303020000458,188.246795654297,-86.9462,27.0891,9.93393968454273,63,63,63,63,61,63,0.713958,7818,1.13366707078925,27,-87,0.001869,51,2025-09-22 00:09:35.000013,82,1.037,0.0011,"aoml_navis",1025.18479025272
"7901009",85,0.611642534097124,4,0.715827,1,0.693399,1,192.399267677816,1,4.87683032550209,84,1,23.6060009002686,36.4990005493164,0.715826988220215,0.702744007110596,185.529800415039,-86.9462,27.0891,9.93393968454273,63,63,63,63,61,63,0.693399,7818,1.13366707078925,27,-87,0.001869,51,2025-09-22 00:09:35.000013,84,1.037,0.0011,"aoml_navis",1025.25609182133
"7901009",85,0.641317913109923,1,0.749469,1,0.727041,1,189.524216285923,1,4.87654384714078,86.0999984741211,1,23.443000793457,36.5029983520508,0.749468982219696,0.736386001110077,182.757400512695,-86.9462,27.0891,9.93393968454273,63,63,63,63,61,63,0.727041,7818,1.13366707078925,27,-87,0.001869,51,2025-09-22 00:09:35.000013,86.0999984741211,1.037,0.0011,"aoml_navis",1025.31632170838
"7901009",85,0.66439876345321,1,0.775635,1,0.753207,1,183.601856003445,1,4.87639961164288,88,1,23.3729991912842,36.5050010681152,0.775635004043579,0.76255202293396,177.046493530273,-86.9462,27.0891,9.93393968454273,63,63,63,63,61,63,0.753207,7818,1.13366707078925,27,-87,0.001869,51,2025-09-22 00:09:35.000013,88,1.037,0.0011,"aoml_navis",1025.34664879843
"7901009",85,0.590210315921214,1,0.69153,1,0.669102,1,176.237207071951,1,4.87602199435017,90,1,23.1550006866455,36.5139999389648,0.691529989242554,0.678447008132935,169.944793701172,-86.9462,27.0891,9.93393968454273,63,63,63,63,61,63,0.669102,7818,1.13366707078925,27,-87,0.001869,51,2025-09-22 00:09:35.000013,90,1.037,0.0011,"aoml_navis",1025.42605545945
"7901009",85,0.47150879987002,4,0.556962,1,0.534534,1,166.726444277013,1,4.87569751823651,92,1,23.0860004425049,36.5660018920898,0.556962013244629,0.543878972530365,160.77360534668,-86.9462,27.0891,9.93393968454273,63,63,63,63,61,63,0.534534,7818,1.13366707078925,27,-87,0.001869,51,2025-09-22 00:09:35.000013,92,1.037,0.0011,"aoml_navis",1025.49429723615
"7901009",85,0.481400592874286,4,0.568176,1,0.545748,1,161.766960055103,1,4.87538709446455,94,1,23.05299949646,36.6279983520508,0.568175971508026,0.555092990398407,155.991195678711,-86.9462,27.0891,9.93393968454273,63,63,63,63,61,63,0.545748,7818,1.13366707078925,27,-87,0.001869,51,2025-09-22 00:09:35.000013,94,1.037,0.0011,"aoml_navis",1025.55959211463
"7901009",85,0.565480833410549,1,0.663495,1,0.641067,1,158.241599419805,1,4.87507404232583,96,1,22.6520004272461,36.5499992370605,0.663495004177094,0.650412023067474,152.591705322266,-86.9462,27.0891,9.93393968454273,63,63,63,63,61,63,0.641067,7818,1.13366707078925,27,-87,0.001869,51,2025-09-22 00:09:35.000013,96,1.037,0.0011,"aoml_navis",1025.62544826798
"7901009",85,0.537454086565128,1,0.631722,1,0.609294,1,155.475320584039,1,4.87470012643457,98,1,22.5170001983643,36.5909996032715,0.631721973419189,0.61863899230957,149.924194335938,-86.9462,27.0891,9.93393968454273,63,63,63,63,61,63,0.609294,7818,1.13366707078925,27,-87,0.001869,51,2025-09-22 00:09:35.000013,98,1.037,0.0011,"aoml_navis",1025.70411929258
"7901009",85,0.502832811050197,1,0.592473,1,0.570045,1,154.209941620433,1,4.87447687199968,100,1,22.3570003509521,36.5810012817383,0.592472970485687,0.579389989376068,148.703994750977,-86.9462,27.0891,9.93393968454273,63,63,63,63,61,63,0.570045,7818,1.13366707078925,27,-87,0.001869,51,2025-09-22 00:09:35.000013,100,1.037,0.0011,"aoml_navis",1025.75109725545
"7901009",85,0.461617006865754,1,0.545748,1,0.52332,1,150.553607687627,1,4.87434593773087,102,1,22.2670001983643,36.5719985961914,0.545747995376587,0.532665014266968,145.178207397461,-86.9462,27.0891,9.93393968454273,63,63,63,63,61,63,0.52332,7818,1.13366707078925,27,-87,0.001869,51,2025-09-22 00:09:35.000013,102,1.037,0.0011,"aoml_navis",1025.77865089477
"7901009",85,0.390725823668513,1,0.465381,1,0.442953,1,145.070325218274,1,4.87387381951751,104,1,22.0820007324219,36.6220016479492,0.465380996465683,0.452297985553741,139.890701293945,-86.9462,27.0891,9.93393968454273,63,63,63,63,61,63,0.442953,7818,1.13366707078925,27,-87,0.001869,51,2025-09-22 00:09:35.000013,104,1.037,0.0011,"aoml_navis",1025.87801513806
"7901009",85,0.336320962145049,1,0.403704,1,0.381276,1,141.859272014218,1,4.87341475929422,106,1,21.9379997253418,36.6839981079102,0.403703987598419,0.3906210064888,136.794296264648,-86.9462,27.0891,9.93393968454273,63,63,63,63,61,63,0.381276,7818,1.13366707078925,27,-87,0.001869,51,2025-09-22 00:09:35.000013,106,1.037,0.0011,"aoml_navis",1025.97464959541
"7901009",85,0.303348318797496,1,0.366324,1,0.343896,1,139.310063577776,1,4.87307765039103,108,1,21.7740001678467,36.7050018310547,0.366324007511139,0.353240996599197,134.33610534668,-86.9462,27.0891,9.93393968454273,63,63,63,63,61,63,0.343896,7818,1.13366707078925,27,-87,0.001869,51,2025-09-22 00:09:35.000013,108,1.037,0.0011,"aoml_navis",1026.04562428813
"7901009",85,0.308294215299629,1,0.371931,1,0.349503,1,136.578011544294,1,4.87286529076782,110,1,21.6079998016357,36.6910018920898,0.371930986642838,0.358848005533218,131.701599121094,-86.9462,27.0891,9.93393968454273,63,63,63,63,61,63,0.349503,7818,1.13366707078925,27,-87,0.001869,51,2025-09-22 00:09:35.000013,110,1.037,0.0011,"aoml_navis",1026.09033938883
"7901009",85,0.303348318797496,1,0.366324,1,0.343896,1,134.962642560841,1,4.87254157480637,112,1,21.2970008850098,36.6549987792969,0.366324007511139,0.353240996599197,130.143905639648,-86.9462,27.0891,9.93393968454273,63,63,63,63,61,63,0.343896,7818,1.13366707078925,27,-87,0.001869,51,2025-09-22 00:09:35.000013,112,1.037,0.0011,"aoml_navis",1026.15850952461
"7901009",85,0.280267468454208,1,0.340158,1,0.31773,1,134.436454924982,1,4.87213648413294,114,1,21.0009994506836,36.6479988098145,0.340157985687256,0.327075004577637,129.636505126953,-86.9462,27.0891,9.93393968454273,63,63,63,63,61,63,0.31773,7818,1.13366707078925,27,-87,0.001869,51,2025-09-22 00:09:35.000013,114,1.037,0.0011,"aoml_navis",1026.24382881791
"7901009",85,0.253889353776165,1,0.310254,1,0.287826,1,134.836226507466,1,4.87188448311594,116,1,20.8589992523193,36.6549987792969,0.310254007577896,0.297170996665955,130.022003173828,-86.9462,27.0891,9.93393968454273,63,63,63,63,61,63,0.287826,7818,1.13366707078925,27,-87,0.001869,51,2025-09-22 00:09:35.000013,116,1.037,0.0011,"aoml_navis",1026.2969118681
"7901009",85,0.225862606930744,1,0.278481,1,0.256053,1,135.582981594571,1,4.87149825137295,118,1,20.6380004882812,36.6710014343262,0.278481006622314,0.265397995710373,130.742095947266,-86.9462,27.0891,9.93393968454273,63,63,63,63,61,63,0.256053,7818,1.13366707078925,27,-87,0.001869,51,2025-09-22 00:09:35.000013,118,1.037,0.0011,"aoml_navis",1026.37828076626
"7901009",85,0.212673549591722,1,0.263529,1,0.241101,1,135.554055753343,1,4.87126296466443,120,1,20.4850006103516,36.6699981689453,0.263529002666473,0.250445991754532,130.714202880859,-86.9462,27.0891,9.93393968454273,63,63,63,63,61,63,0.241101,7818,1.13366707078925,27,-87,0.001869,51,2025-09-22 00:09:35.000013,120,1.037,0.0011,"aoml_navis",1026.42785582906
"7901009",85,0.2143221817591,1,0.265398,1,0.24297,1,135.736677817682,1,4.87105635014814,122,1,20.3169994354248,36.6559982299805,0.265397995710373,0.252315014600754,130.89030456543,-86.9462,27.0891,9.93393968454273,63,63,63,63,61,63,0.24297,7818,1.13366707078925,27,-87,0.001869,51,2025-09-22 00:09:35.000013,122,1.037,0.0011,"aoml_navis",1026.47139359165
"7901009",85,0.207727653089589,1,0.257922,1,0.235494,1,135.737912071301,1,4.87088086485494,124,1,20.2150001525879,36.6570014953613,0.257921993732452,0.244838997721672,130.891494750977,-86.9462,27.0891,9.93393968454273,63,63,63,63,61,63,0.235494,7818,1.13366707078925,27,-87,0.001869,51,2025-09-22 00:09:35.000013,124,1.037,0.0011,"aoml_navis",1026.50837471241
"7901009",85,0.202781756587456,1,0.252315,1,0.229887,1,134.513500833591,1,4.87073280861956,126,1,20.1200008392334,36.6529998779297,0.252315014600754,0.239232003688812,129.710800170898,-86.9462,27.0891,9.93393968454273,63,63,63,63,61,63,0.229887,7818,1.13366707078925,27,-87,0.001869,51,2025-09-22 00:09:35.000013,126,1.037,0.0011,"aoml_navis",1026.53957760764
"7901009",85,0.189592699248435,1,0.237363,1,0.214935,1,132.614601640554,1,4.87061580268592,128,1,20.0149993896484,36.6370010375977,0.237362995743752,0.224279999732971,127.879699707031,-86.9462,27.0891,9.93393968454273,63,63,63,63,61,63,0.214935,7818,1.13366707078925,27,-87,0.001869,51,2025-09-22 00:09:35.000013,128,1.037,0.0011,"aoml_navis",1026.5642379846
"7901009",85,0.191241331415812,1,0.239232,1,0.216804,1,131.893243695227,1,4.87045175638987,130,1,19.8409996032715,36.6100006103516,0.239232003688812,0.226148992776871,127.184097290039,-86.9462,27.0891,9.93393968454273,63,63,63,63,61,63,0.216804,7818,1.13366707078925,27,-87,0.001869,51,2025-09-22 00:09:35.000013,130,1.037,0.0011,"aoml_navis",1026.59881466646
"7901009",85,0.161565952403014,1,0.20559,1,0.183162,1,132.852084695887,1,4.87019868660274,132,1,19.5979995727539,36.5839996337891,0.20558999478817,0.19250699877739,128.108703613281,-86.9462,27.0891,9.93393968454273,63,63,63,63,61,63,0.183162,7818,1.13366707078925,27,-87,0.001869,51,2025-09-22 00:09:35.000013,132,1.037,0.0011,"aoml_navis",1026.65215974747
"7901009",85,0.145079630729237,1,0.1869,1,0.164472,1,134.189635848683,1,4.87003940399334,134,1,19.4689998626709,36.5719985961914,0.18690000474453,0.173816993832588,129.398498535156,-86.9462,27.0891,9.93393968454273,63,63,63,63,61,63,0.164472,7818,1.13366707078925,27,-87,0.001869,51,2025-09-22 00:09:35.000013,134,1.037,0.0011,"aoml_navis",1026.68573808666
"7901009",85,0.136836469892349,1,0.177555,1,0.155127,1,135.697165878105,1,4.86990225648799,136,1,19.3659992218018,36.5629997253418,0.177554994821548,0.164471998810768,130.852203369141,-86.9462,27.0891,9.93393968454273,63,63,63,63,61,63,0.155127,7818,1.13366707078925,27,-87,0.001869,51,2025-09-22 00:09:35.000013,136,1.037,0.0011,"aoml_navis",1026.71465188828
"7901009",85,0.121998780385949,1,0.160734,1,0.138306,1,138.157919471843,1,4.86975903692402,138,1,19.2490005493164,36.5509986877441,0.160733997821808,0.147651001811028,133.22509765625,-86.9462,27.0891,9.93393968454273,63,63,63,63,61,63,0.138306,7818,1.13366707078925,27,-87,0.001869,51,2025-09-22 00:09:35.000013,138,1.037,0.0011,"aoml_navis",1026.74484755579
"7901009",85,0.0758370796993739,1,0.108402,1,0.085974,1,139.391571787932,1,4.8696076508315,140,1,19.1660003662109,36.5530014038086,0.108401998877525,0.095319002866745,134.414703369141,-86.9462,27.0891,9.93393968454273,63,63,63,63,61,63,0.085974,7818,1.13366707078925,27,-87,0.001869,51,2025-09-22 00:09:35.000013,140,1.037,0.0011,"aoml_navis",1026.77676694266
"7901009",85,0.06429665452773,1,0.095319,1,0.072891,1,139.310569938235,1,4.86947798055401,142,1,19.0709991455078,36.5449981689453,0.095319002866745,0.0822359994053841,134.33659362793,-86.9462,27.0891,9.93393968454273,63,63,63,63,61,63,0.072891,7818,1.13366707078925,27,-87,0.001869,51,2025-09-22 00:09:35.000013,142,1.037,0.0011,"aoml_navis",1026.80410918115
"7901009",85,0.0659452866951077,1,0.097188,1,0.07476,1,138.876682319816,1,4.86935668489307,144,1,18.9559993743896,36.5279998779297,0.0971880033612251,0.0841049998998642,133.918197631836,-86.9462,27.0891,9.93393968454273,63,63,63,63,61,63,0.07476,7818,1.13366707078925,27,-87,0.001869,51,2025-09-22 00:09:35.000013,144,1.037,0.0011,"aoml_navis",1026.82968686854
"7901009",85,0.0544048615234639,1,0.084105,1,0.061677,1,139.114371084086,1,4.86922862618458,146,1,18.8379993438721,36.5120010375977,0.0841049998998642,0.0710219964385033,134.147399902344,-86.9462,27.0891,9.93393968454273,63,63,63,63,61,63,0.061677,7818,1.13366707078925,27,-87,0.001869,51,2025-09-22 00:09:35.000013,146,1.037,0.0011,"aoml_navis",1026.85669206662
"7901009",85,0.0560534936908416,1,0.085974,1,0.063546,1,140.027465582015,1,4.8691084778003,148,1,18.7290000915527,36.4970016479492,0.0859740003943443,0.0728909969329834,135.027893066406,-86.9462,27.0891,9.93393968454273,63,63,63,63,61,63,0.063546,7818,1.13366707078925,27,-87,0.001869,51,2025-09-22 00:09:35.000013,148,1.037,0.0011,"aoml_navis",1026.88203041614
"7901009",85,0.0511075971887085,1,0.080367,1,0.057939,1,141.393657748282,1,4.86897179422914,150,1,18.6030006408691,36.4809989929199,0.0803669989109039,0.0672840029001236,136.345306396484,-86.9462,27.0891,9.93393968454273,63,63,63,63,61,63,0.057939,7818,1.13366707078925,27,-87,0.001869,51,2025-09-22 00:09:35.000013,150,1.037,0.0011,"aoml_navis",1026.91085742706
"7901009",85,0.0395671720170646,1,0.067284,1,0.044856,1,141.672915541493,1,4.86886119201974,152,1,18.5249996185303,36.4739990234375,0.0672840029001236,0.0542009994387627,136.614593505859,-86.9462,27.0891,9.93393968454273,63,63,63,63,61,63,0.044856,7818,1.13366707078925,27,-87,0.001869,51,2025-09-22 00:09:35.000013,152,1.037,0.0011,"aoml_navis",1026.93418497845
"7901009",85,0.0346212755149316,1,0.061677,1,0.039249,1,141.571706744724,1,4.86873393450615,154,1,18.4179992675781,36.4620018005371,0.0616770014166832,0.0485940016806126,136.516998291016,-86.9462,27.0891,9.93393968454273,63,63,63,63,61,63,0.039249,7818,1.13366707078925,27,-87,0.001869,51,2025-09-22 00:09:35.000013,154,1.037,0.0011,"aoml_navis",1026.9610266775
"7901009",85,0.0329726433475539,1,0.059808,1,0.03738,1,141.515295024824,1,4.86865284161841,156,1,18.3579998016357,36.4529991149902,0.0598080009222031,0.0467250011861324,136.462600708008,-86.9462,27.0891,9.93393968454273,63,63,63,63,61,63,0.03738,7818,1.13366707078925,27,-87,0.001869,51,2025-09-22 00:09:35.000013,156,1.037,0.0011,"aoml_navis",1026.97813186818
"7901009",85,0.0263781146780431,1,0.052332,1,0.029904,1,141.253126897108,1,4.86857664865555,158,1,18.3080005645752,36.4459991455078,0.0523319989442825,0.0392489992082119,136.20979309082,-86.9462,27.0891,9.93393968454273,63,63,63,63,61,63,0.029904,7818,1.13366707078925,27,-87,0.001869,51,2025-09-22 00:09:35.000013,158,1.037,0.0011,"aoml_navis",1026.99420402075
"7901009",85,0.0313240111801762,1,0.057939,1,0.035511,1,140.614843714608,1,4.8685161833184,160,1,18.2679996490479,36.4379997253418,0.0579390004277229,0.0448560006916523,135.594299316406,-86.9462,27.0891,9.93393968454273,63,63,63,63,61,63,0.035511,7818,1.13366707078925,27,-87,0.001869,51,2025-09-22 00:09:35.000013,160,1.037,0.0011,"aoml_navis",1027.00695894411
"7901009",85,0.0230808503432877,1,0.048594,1,0.026166,1,140.096947731267,1,4.8683949248921,162,1,18.1560001373291,36.4230003356934,0.0485940016806126,0.0355109982192516,135.09489440918,-86.9462,27.0891,9.93393968454273,63,63,63,63,61,63,0.026166,7818,1.13366707078925,27,-87,0.001869,51,2025-09-22 00:09:35.000013,162,1.037,0.0011,"aoml_navis",1027.03253888361
"7901009",85,0.0230808503432877,1,0.048594,1,0.026166,1,139.012529336743,1,4.8683157755751,164,1,18.0879993438721,36.4109992980957,0.0485940016806126,0.0355109982192516,134.049194335938,-86.9462,27.0891,9.93393968454273,63,63,63,63,61,63,0.026166,7818,1.13366707078925,27,-87,0.001869,51,2025-09-22 00:09:35.000013,164,1.037,0.0011,"aoml_navis",1027.04923642907
"7901009",85,0.02143221817591,1,0.046725,1,0.024297,1,137.63143118446,1,4.86822643247944,166,1,17.9930000305176,36.3930015563965,0.0467250011861324,0.0336420014500618,132.717407226562,-86.9462,27.0891,9.93393968454273,63,63,63,63,61,63,0.024297,7818,1.13366707078925,27,-87,0.001869,51,2025-09-22 00:09:35.000013,166,1.037,0.0011,"aoml_navis",1027.0680851329
"7901009",85,0.0181349538411546,1,0.042987,1,0.020559,1,136.201564190458,1,4.86812777469358,168,1,17.8990001678467,36.3779983520508,0.0429870001971722,0.0299040004611015,131.338592529297,-86.9462,27.0891,9.93393968454273,63,63,63,63,61,63,0.020559,7818,1.13366707078925,27,-87,0.001869,51,2025-09-22 00:09:35.000013,168,1.037,0.0011,"aoml_navis",1027.08889975977
"7901009",85,0.0181349538411546,1,0.042987,1,0.020559,1,134.63887251852,1,4.86801687811499,170,1,17.7789993286133,36.3580017089844,0.0429870001971722,0.0299040004611015,129.831695556641,-86.9462,27.0891,9.93393968454273,63,63,63,63,61,63,0.020559,7818,1.13366707078925,27,-87,0.001869,51,2025-09-22 00:09:35.000013,170,1.037,0.0011,"aoml_navis",1027.11229751038
"7901009",85,0.0329726433475539,1,0.059808,1,0.03738,1,133.567635319697,1,4.86788447239418,172,1,17.6340007781982,36.3359985351562,0.0598080009222031,0.0467250011861324,128.798706054688,-86.9462,27.0891,9.93393968454273,63,63,63,63,61,63,0.03738,7818,1.13366707078925,27,-87,0.001869,51,2025-09-22 00:09:35.000013,172,1.037,0.0011,"aoml_navis",1027.1402348094
"7901009",85,0.0230808503432877,1,0.048594,1,0.026166,1,132.789865654471,1,4.86780157869146,174,1,17.5429992675781,36.318000793457,0.0485940016806126,0.0355109982192516,128.048706054688,-86.9462,27.0891,9.93393968454273,63,63,63,63,61,63,0.026166,7818,1.13366707078925,27,-87,0.001869,51,2025-09-22 00:09:35.000013,174,1.037,0.0011,"aoml_navis",1027.15772596139
"7901009",85,0.0280267468454208,1,0.054201,1,0.031773,1,133.054929531062,1,4.86768727146134,176,1,17.4309997558594,36.3019981384277,0.0542009994387627,0.041117999702692,128.304306030273,-86.9462,27.0891,9.93393968454273,63,63,63,63,61,63,0.031773,7818,1.13366707078925,27,-87,0.001869,51,2025-09-22 00:09:35.000013,176,1.037,0.0011,"aoml_navis",1027.18184656488
"7901009",85,0.0164863216737769,1,0.041118,1,0.01869,1,133.175316730221,1,4.867587994184,178,1,17.3439998626709,36.2900009155273,0.041117999702692,0.0280349999666214,128.420394897461,-86.9462,27.0891,9.93393968454273,63,63,63,63,61,63,0.01869,7818,1.13366707078925,27,-87,0.001869,51,2025-09-22 00:09:35.000013,178,1.037,0.0011,"aoml_navis",1027.20279653377
"7901009",85,0.0181349538411546,1,0.042987,1,0.020559,1,132.465787048744,1,4.86750860716599,180,1,17.2770004272461,36.2789993286133,0.0429870001971722,0.0299040004611015,127.736198425293,-86.9462,27.0891,9.93393968454273,63,63,63,63,61,63,0.020559,7818,1.13366707078925,27,-87,0.001869,51,2025-09-22 00:09:35.000013,180,1.037,0.0011,"aoml_navis",1027.21954977932
"7901009",85,0.0181349538411546,1,0.042987,1,0.020559,1,132.301631317399,1,4.86741367648367,182,1,17.1870002746582,36.2649993896484,0.0429870001971722,0.0299040004611015,127.577903747559,-86.9462,27.0891,9.93393968454273,63,63,63,63,61,63,0.020559,7818,1.13366707078925,27,-87,0.001869,51,2025-09-22 00:09:35.000013,182,1.037,0.0011,"aoml_navis",1027.23958396158
"7901009",85,0.0115404251716439,1,0.035511,1,0.013083,1,132.256929183117,1,4.86731544467363,184,1,17.0970001220703,36.2519989013672,0.0355109982192516,0.0224280003458261,127.534797668457,-86.9462,27.0891,9.93393968454273,63,63,63,63,61,63,0.013083,7818,1.13366707078925,27,-87,0.001869,51,2025-09-22 00:09:35.000013,184,1.037,0.0011,"aoml_navis",1027.26031563694
"7901009",85,0.0131890573390215,1,0.03738,1,0.014952,1,131.966982437088,1,4.86725883856195,186,1,17.0650005340576,36.2459983825684,0.0373799987137318,0.0242970008403063,127.25520324707,-86.9462,27.0891,9.93393968454273,63,63,63,63,61,63,0.014952,7818,1.13366707078925,27,-87,0.001869,51,2025-09-22 00:09:35.000013,186,1.037,0.0011,"aoml_navis",1027.27226265149
"7901009",85,0.0131890573390215,1,0.03738,1,0.014952,1,131.779383798862,1,4.8671432574638,188,1,16.9500007629395,36.2299995422363,0.0373799987137318,0.0242970008403063,127.07430267334,-86.9462,27.0891,9.93393968454273,63,63,63,63,61,63,0.014952,7818,1.13366707078925,27,-87,0.001869,51,2025-09-22 00:09:35.000013,188,1.037,0.0011,"aoml_navis",1027.29665750694
"7901009",85,0.00659452866951077,1,0.029904,1,0.007476,1,132.012404552649,1,4.86704286948902,190,1,16.8509998321533,36.2150001525879,0.0299040004611015,0.0168210007250309,127.299003601074,-86.9462,27.0891,9.93393968454273,63,63,63,63,61,63,0.007476,7818,1.13366707078925,27,-87,0.001869,51,2025-09-22 00:09:35.000013,190,1.037,0.0011,"aoml_navis",1027.31784660137
"7901009",85,0.00824316083688847,1,0.031773,1,0.009345,1,132.545016636834,1,4.86698128047892,192,1,16.8080005645752,36.2070007324219,0.0317730009555817,0.0186899993568659,127.812599182129,-86.9462,27.0891,9.93393968454273,63,63,63,63,61,63,0.009345,7818,1.13366707078925,27,-87,0.001869,51,2025-09-22 00:09:35.000013,192,1.037,0.0011,"aoml_navis",1027.33084675189
"7901009",85,0.00989179300426616,1,0.033642,1,0.011214,1,134.356497443732,1,4.8668785260168,194,1,16.7159996032715,36.1949996948242,0.0336420014500618,0.020558999851346,129.55940246582,-86.9462,27.0891,9.93393968454273,63,63,63,63,61,63,0.011214,7818,1.13366707078925,27,-87,0.001869,51,2025-09-22 00:09:35.000013,194,1.037,0.0011,"aoml_navis",1027.35253679983
"7901009",85,0.00659452866951077,1,0.029904,1,0.007476,1,136.195756868942,1,4.86681535162194,196,1,16.6809997558594,36.189998626709,0.0299040004611015,0.0168210007250309,131.332992553711,-86.9462,27.0891,9.93393968454273,63,63,63,63,61,63,0.007476,7818,1.13366707078925,27,-87,0.001869,51,2025-09-22 00:09:35.000013,196,1.037,0.0011,"aoml_navis",1027.36587249682
"7901009",85,0.00164863216737769,1,0.024297,1,0.001869,1,138.182398835289,1,4.86674678251355,198,1,16.6380004882812,36.1839981079102,0.0242970008403063,0.0112140001729131,133.24870300293,-86.9462,27.0891,9.93393968454273,63,63,63,63,61,63,0.001869,7818,1.13366707078925,27,-87,0.001869,51,2025-09-22 00:09:35.000013,198,1.037,0.0011,"aoml_navis",1027.38034737399
"7901009",85,0,1,0.022428,1,0,1,138.818514162073,1,4.86667762412433,200,1,16.5879993438721,36.1759986877441,0.0224280003458261,0.00934499967843294,133.862106323242,-86.9462,27.0891,9.93393968454273,63,63,63,63,61,63,0,7818,1.13366707078925,27,-87,0.001869,51,2025-09-22 00:09:35.000013,200,1.037,0.0011,"aoml_navis",1027.39494706097
"7901009",85,0,1,0.022428,1,0,1,138.631113320902,1,4.86661058308913,202,1,16.5429992675781,36.1689987182617,0.0224280003458261,0.00934499967843294,133.681396484375,-86.9462,27.0891,9.93393968454273,63,63,63,63,61,63,0,7818,1.13366707078925,27,-87,0.001869,51,2025-09-22 00:09:35.000013,202,1.037,0.0011,"aoml_navis",1027.40910015985
"7901009",85,0,1,0.022428,1,0,1,138.279461805799,1,4.86655089029405,204,1,16.4979991912842,36.1599998474121,0.0224280003458261,0.00934499967843294,133.342300415039,-86.9462,27.0891,9.93393968454273,63,63,63,63,61,63,0,7818,1.13366707078925,27,-87,0.001869,51,2025-09-22 00:09:35.000013,204,1.037,0.0011,"aoml_navis",1027.42170229271
"7901009",85,0,1,0.01869,1,-0.003738,1,138.032959204788,1,4.86645854172152,206,1,16.4109992980957,36.1469993591309,0.0186899993568659,0,133.104598999023,-86.9462,27.0891,9.93393968454273,63,63,63,63,61,63,0,7818,1.13366707078925,27,-87,0.001869,51,2025-09-22 00:09:35.000013,206,1.037,0.0011,"aoml_navis",1027.44119920751
"7901009",85,0,1,0.01869,1,-0.003738,1,137.120798308955,1,4.86634742451617,208,1,16.2940006256104,36.1300010681152,0.0186899993568659,0,132.225006103516,-86.9462,27.0891,9.93393968454273,63,63,63,63,61,63,0,7818,1.13366707078925,27,-87,0.001869,51,2025-09-22 00:09:35.000013,208,1.037,0.0011,"aoml_navis",1027.46465959469
"7901009",85,0,1,0.016821,1,-0.005607,1,135.973733631377,1,4.86626809314248,210,1,16.2180004119873,36.117000579834,0.0168210007250309,0,131.118896484375,-86.9462,27.0891,9.93393968454273,63,63,63,63,61,63,0,7818,1.13366707078925,27,-87,0.001869,51,2025-09-22 00:09:35.000013,210,1.037,0.0011,"aoml_navis",1027.48140963421
"7901009",85,0,1,0.020559,1,-0.001869,1,135.004116647197,1,4.8661878860231,212,1,16.1410007476807,36.1040000915527,0.020558999851346,0,130.183898925781,-86.9462,27.0891,9.93393968454273,63,63,63,63,61,63,0,7818,1.13366707078925,27,-87,0.001869,51,2025-09-22 00:09:35.000013,212,1.037,0.0011,"aoml_navis",1027.49834513403
"7901009",85,0,1,0.01869,1,-0.003738,1,133.922388292612,1,4.86611921684969,214,1,16.0839996337891,36.0940017700195,0.0186899993568659,0,129.14079284668,-86.9462,27.0891,9.93393968454273,63,63,63,63,61,63,0,7818,1.13366707078925,27,-87,0.001869,51,2025-09-22 00:09:35.000013,214,1.037,0.0011,"aoml_navis",1027.51284487374
"7901009",85,0,1,0.020559,1,-0.001869,1,132.572811078911,1,4.86606036879116,216,1,16.0389995574951,36.0849990844727,0.020558999851346,0,127.839401245117,-86.9462,27.0891,9.93393968454273,63,63,63,63,61,63,0,7818,1.13366707078925,27,-87,0.001869,51,2025-09-22 00:09:35.000013,216,1.037,0.0011,"aoml_navis",1027.52527117581
"7901009",85,0,1,0.022428,1,0,1,132.213690747036,1,4.86597883059598,218,1,15.9569997787476,36.0709991455078,0.0224280003458261,0,127.493103027344,-86.9462,27.0891,9.93393968454273,63,63,63,63,61,63,0,7818,1.13366707078925,27,-87,0.001869,51,2025-09-22 00:09:35.000013,218,1.037,0.0011,"aoml_navis",1027.54248920306
"7901009",85,0,1,0.020559,1,-0.001869,1,131.906416979047,1,4.86592772992195,220,1,15.9320001602173,36.0660018920898,0.020558999851346,0,127.196800231934,-86.9462,27.0891,9.93393968454273,63,63,63,63,61,63,0,7818,1.13366707078925,27,-87,0.001869,51,2025-09-22 00:09:35.000013,220,1.037,0.0011,"aoml_navis",1027.55328017998
"7901009",85,0,1,0.01869,1,-0.003738,1,131.568658729042,1,4.86583740315546,222,1,15.8450002670288,36.0530014038086,0.0186899993568659,0,126.871101379395,-86.9462,27.0891,9.93393968454273,63,63,63,63,61,63,0,7818,1.13366707078925,27,-87,0.001869,51,2025-09-22 00:09:35.000013,222,1.037,0.0011,"aoml_navis",1027.57235512176
"7901009",85,0,1,0.024297,1,0.001869,1,131.159962543465,1,4.86575283068843,224,1,15.7530002593994,36.0369987487793,0.0242970008403063,0,126.476997375488,-86.9462,27.0891,9.93393968454273,63,63,63,63,61,63,0,7818,1.13366707078925,27,-87,0.001869,51,2025-09-22 00:09:35.000013,224,1.037,0.0011,"aoml_navis",1027.59021552942
"7901009",85,0,1,0.020559,1,-0.001869,1,130.793373394818,1,4.86566714772028,226,1,15.6630001068115,36.0219993591309,0.020558999851346,0,126.123497009277,-86.9462,27.0891,9.93393968454273,63,63,63,63,61,63,0,7818,1.13366707078925,27,-87,0.001869,51,2025-09-22 00:09:35.000013,226,1.037,0.0011,"aoml_navis",1027.60831109104
"7901009",85,0,1,0.020559,1,-0.001869,1,130.625791818491,1,4.8655796075242,228,1,15.581000328064,36.0099983215332,0.020558999851346,0,125.961898803711,-86.9462,27.0891,9.93393968454273,63,63,63,63,61,63,0,7818,1.13366707078925,27,-87,0.001869,51,2025-09-22 00:09:35.000013,228,1.037,0.0011,"aoml_navis",1027.62679954263
"7901009",85,0,1,0.01869,1,-0.003738,1,130.302654726744,1,4.86551224038438,230,1,15.5240001678467,36,0.0186899993568659,0,125.650299072266,-86.9462,27.0891,9.93393968454273,63,63,63,63,61,63,0,7818,1.13366707078925,27,-87,0.001869,51,2025-09-22 00:09:35.000013,230,1.037,0.0011,"aoml_navis",1027.64102790645
"7901009",85,0,1,0.016821,1,-0.005607,1,130.210362621185,1,4.86543237810542,232,1,15.4519996643066,35.9889984130859,0.0168210007250309,0,125.561302185059,-86.9462,27.0891,9.93393968454273,63,63,63,63,61,63,0,7818,1.13366707078925,27,-87,0.001869,51,2025-09-22 00:09:35.000013,232,1.037,0.0011,"aoml_navis",1027.65789583268
"7901009",85,0,1,0.01869,1,-0.003738,1,129.925281682693,1,4.86536058833937,234,1,15.3940000534058,35.9799995422363,0.0186899993568659,0,125.286399841309,-86.9462,27.0891,9.93393968454273,63,63,63,63,61,63,0,7818,1.13366707078925,27,-87,0.001869,51,2025-09-22 00:09:35.000013,234,1.037,0.0011,"aoml_navis",1027.67305921442
"7901009",85,0,1,0.026166,1,0.003738,1,129.56740351632,1,4.8652925759395,236,1,15.3360004425049,35.9700012207031,0.0261659994721413,0,124.941299438477,-86.9462,27.0891,9.93393968454273,63,63,63,63,61,63,0,7818,1.13366707078925,27,-87,0.001869,51,2025-09-22 00:09:35.000013,236,1.037,0.0011,"aoml_navis",1027.68742515644
"7901009",85,0,1,0.016821,1,-0.005607,1,129.05843213607,1,4.86522229752716,238,1,15.2690000534058,35.9580001831055,0.0168210007250309,0,124.450500488281,-86.9462,27.0891,9.93393968454273,63,63,63,63,61,63,0,7818,1.13366707078925,27,-87,0.001869,51,2025-09-22 00:09:35.000013,238,1.037,0.0011,"aoml_navis",1027.70227015965
"7901009",85,0,1,0.024297,1,0.001869,1,128.715594457709,1,4.86513800516951,240,1,15.1820001602173,35.9440002441406,0.0242970008403063,0,124.119903564453,-86.9462,27.0891,9.93393968454273,63,63,63,63,61,63,0,7818,1.13366707078925,27,-87,0.001869,51,2025-09-22 00:09:35.000013,240,1.037,0.0011,"aoml_navis",1027.72007591299
"7901009",85,0,1,0.022428,1,0,1,128.422736139041,1,4.86505981318877,242,1,15.0970001220703,35.9290008544922,0.0224280003458261,0,123.837501525879,-86.9462,27.0891,9.93393968454273,63,63,63,63,61,63,0,7818,1.13366707078925,27,-87,0.001869,51,2025-09-22 00:09:35.000013,242,1.037,0.0011,"aoml_navis",1027.73659358625
"7901009",85,0,1,0.01869,1,-0.003738,1,128.073363246005,1,4.86497250764875,244,1,15.0100002288818,35.9160003662109,0.0186899993568659,0,123.500602722168,-86.9462,27.0891,9.93393968454273,63,63,63,63,61,63,0,7818,1.13366707078925,27,-87,0.001869,51,2025-09-22 00:09:35.000013,244,1.037,0.0011,"aoml_navis",1027.7550370817
"7901009",85,0,1,0.022428,1,0,1,127.459029330845,1,4.86491487811649,246,1,14.9779996871948,35.9109992980957,0.0224280003458261,0,122.908203125,-86.9462,27.0891,9.93393968454273,63,63,63,63,61,63,0,7818,1.13366707078925,27,-87,0.001869,51,2025-09-22 00:09:35.000013,246,1.037,0.0011,"aoml_navis",1027.76721181519
"7901009",85,0,1,0.020559,1,-0.001869,1,126.698681630165,1,4.86484392839504,248,1,14.9060001373291,35.8979988098145,0.020558999851346,0,122.175003051758,-86.9462,27.0891,9.93393968454273,63,63,63,63,61,63,0,7818,1.13366707078925,27,-87,0.001869,51,2025-09-22 00:09:35.000013,248,1.037,0.0011,"aoml_navis",1027.78220094916
"7901009",85,0,1,0.020559,1,-0.001869,1,125.7382899006,1,4.8647465008245,250,1,14.7950000762939,35.8810005187988,0.020558999851346,0,121.248901367188,-86.9462,27.0891,9.93393968454273,63,63,63,63,61,63,0,7818,1.13366707078925,27,-87,0.001869,51,2025-09-22 00:09:35.000013,250,1.037,0.0011,"aoml_navis",1027.80278461634
"7901009",85,0,1,0.024297,1,0.001869,1,125.287906007849,1,4.86466978104657,252,1,14.7170000076294,35.8680000305176,0.0242970008403063,0,120.814598083496,-86.9462,27.0891,9.93393968454273,63,63,63,63,61,63,0,7818,1.13366707078925,27,-87,0.001869,51,2025-09-22 00:09:35.000013,252,1.037,0.0011,"aoml_navis",1027.81899389773
"7901009",85,0,1,0.020559,1,-0.001869,1,125.702512369409,1,4.86457534686291,254,1,14.6079998016357,35.851001739502,0.020558999851346,0,121.214401245117,-86.9462,27.0891,9.93393968454273,63,63,63,63,61,63,0,7818,1.13366707078925,27,-87,0.001869,51,2025-09-22 00:09:35.000013,254,1.037,0.0011,"aoml_navis",1027.83894656384
"7901009",85,0,1,0.022428,1,0,1,126.131114850536,1,4.86452761728423,256,1,14.5780000686646,35.8440017700195,0.0224280003458261,0,121.627700805664,-86.9462,27.0891,9.93393968454273,63,63,63,63,61,63,0,7818,1.13366707078925,27,-87,0.001869,51,2025-09-22 00:09:35.000013,256,1.037,0.0011,"aoml_navis",1027.84903147315
"7901009",85,0,1,0.022428,1,0,1,126.320477838487,1,4.86444852118036,258,1,14.5109996795654,35.8349990844727,0.0224280003458261,0,121.810302734375,-86.9462,27.0891,9.93393968454273,63,63,63,63,61,63,0,7818,1.13366707078925,27,-87,0.001869,51,2025-09-22 00:09:35.000013,258,1.037,0.0011,"aoml_navis",1027.86574433452
"7901009",85,0,1,0.024297,1,0.001869,1,126.305025932601,1,4.86439413177175,260,1,14.4849996566772,35.8310012817383,0.0242970008403063,0,121.795402526855,-86.9462,27.0891,9.93393968454273,63,63,63,63,61,63,0,7818,1.13366707078925,27,-87,0.001869,51,2025-09-22 00:09:35.000013,260,1.037,0.0011,"aoml_navis",1027.87723703196
"7901009",85,0,1,0.020559,1,-0.001869,1,126.494175299733,1,4.86433977188002,262,1,14.4519996643066,35.8250007629395,0.020558999851346,0,121.977798461914,-86.9462,27.0891,9.93393968454273,63,63,63,63,61,63,0,7818,1.13366707078925,27,-87,0.001869,51,2025-09-22 00:09:35.000013,262,1.037,0.0011,"aoml_navis",1027.88872374915
"7901009",85,0,1,0.020559,1,-0.001869,1,126.559511622726,1,4.86428649824657,264,1,14.4130001068115,35.8170013427734,0.020558999851346,0,122.040802001953,-86.9462,27.0891,9.93393968454273,63,63,63,63,61,63,0,7818,1.13366707078925,27,-87,0.001869,51,2025-09-22 00:09:35.000013,264,1.037,0.0011,"aoml_navis",1027.89998117963
"7901009",85,0,1,0.01869,1,-0.003738,1,126.377617451547,1,4.86420941990873,266,1,14.3439998626709,35.806999206543,0.0186899993568659,0,121.86540222168,-86.9462,27.0891,9.93393968454273,63,63,63,63,61,63,0,7818,1.13366707078925,27,-87,0.001869,51,2025-09-22 00:09:35.000013,266,1.037,0.0011,"aoml_navis",1027.91626929866
"7901009",85,0,1,0.024297,1,0.001869,1,126.0427628623,1,4.8641356926853,268,1,14.2709999084473,35.7949981689453,0.0242970008403063,0,121.542503356934,-86.9462,27.0891,9.93393968454273,63,63,63,63,61,63,0,7818,1.13366707078925,27,-87,0.001869,51,2025-09-22 00:09:35.000013,268,1.037,0.0011,"aoml_navis",1027.93184974651
"7901009",85,0,1,0.024297,1,0.001869,1,125.461919944382,1,4.86408422791787,270,1,14.2370004653931,35.7879981994629,0.0242970008403063,0,120.982398986816,-86.9462,27.0891,9.93393968454273,63,63,63,63,61,63,0,7818,1.13366707078925,27,-87,0.001869,51,2025-09-22 00:09:35.000013,270,1.037,0.0011,"aoml_navis",1027.94272584797
"7901009",85,0,1,0.020559,1,-0.001869,1,124.919141091604,1,4.86402042094354,272,1,14.1909999847412,35.7809982299805,0.020558999851346,0,120.458999633789,-86.9462,27.0891,9.93393968454273,63,63,63,63,61,63,0,7818,1.13366707078925,27,-87,0.001869,51,2025-09-22 00:09:35.000013,272,1.037,0.0011,"aoml_navis",1027.95621056009
"7901009",85,0,1,0.022428,1,0,1,124.095324272125,1,4.86396185013357,274,1,14.1499996185303,35.773998260498,0.0224280003458261,0,119.664596557617,-86.9462,27.0891,9.93393968454273,63,63,63,63,61,63,0,7818,1.13366707078925,27,-87,0.001869,51,2025-09-22 00:09:35.000013,274,1.037,0.0011,"aoml_navis",1027.9685889935
"7901009",85,0,1,0.020559,1,-0.001869,1,123.067736927256,1,4.86388812904212,276,1,14.0799999237061,35.7630004882812,0.020558999851346,0,118.673698425293,-86.9462,27.0891,9.93393968454273,63,63,63,63,61,63,0,7818,1.13366707078925,27,-87,0.001869,51,2025-09-22 00:09:35.000013,276,1.037,0.0011,"aoml_navis",1027.98416973145
"7901009",85,0,1,0.020559,1,-0.001869,1,122.386515960198,1,4.86379895712862,278,1,13.9840002059937,35.7490005493164,0.020558999851346,0,118.016799926758,-86.9462,27.0891,9.93393968454273,63,63,63,63,61,63,0,7818,1.13366707078925,27,-87,0.001869,51,2025-09-22 00:09:35.000013,278,1.037,0.0011,"aoml_navis",1028.00301658681
"7901009",85,0,1,0.01869,1,-0.003738,1,122.022419054436,1,4.86372923335428,280,1,13.9209995269775,35.7389984130859,0.0186899993568659,0,117.665702819824,-86.9462,27.0891,9.93393968454273,63,63,63,63,61,63,0,7818,1.13366707078925,27,-87,0.001869,51,2025-09-22 00:09:35.000013,280,1.037,0.0011,"aoml_navis",1028.01775347838
"7901009",85,0,1,0.022428,1,0,1,121.746049098218,1,4.86366932526421,282,1,13.8889999389648,35.7350006103516,0.0224280003458261,0,117.399200439453,-86.9462,27.0891,9.93393968454273,63,63,63,63,61,63,0,7818,1.13366707078925,27,-87,0.001869,51,2025-09-22 00:09:35.000013,282,1.037,0.0011,"aoml_navis",1028.03041605391
"7901009",85,0,1,0.020559,1,-0.001869,1,121.399477011471,1,4.86362372461743,284,1,13.871000289917,35.7309989929199,0.020558999851346,0,117.065002441406,-86.9462,27.0891,9.93393968454273,63,63,63,63,61,63,0,7818,1.13366707078925,27,-87,0.001869,51,2025-09-22 00:09:35.000013,284,1.037,0.0011,"aoml_navis",1028.0400547214
"7901009",85,0,1,0.022428,1,0,1,121.185326096669,1,4.86356263534057,286,1,13.8269996643066,35.7239990234375,0.0224280003458261,0,116.858497619629,-86.9462,27.0891,9.93393968454273,63,63,63,63,61,63,0,7818,1.13366707078925,27,-87,0.001869,51,2025-09-22 00:09:35.000013,286,1.037,0.0011,"aoml_navis",1028.05296752385
"7901009",85,0,1,0.024297,1,0.001869,1,120.990266553553,1,4.86348215111752,288,1,13.7530002593994,35.7140007019043,0.0242970008403063,0,116.670402526855,-86.9462,27.0891,9.93393968454273,63,63,63,63,61,63,0,7818,1.13366707078925,27,-87,0.001869,51,2025-09-22 00:09:35.000013,288,1.037,0.0011,"aoml_navis",1028.06998044623
"7901009",85,0,1,0.022428,1,0,1,120.843730583809,1,4.86339833483256,290,1,13.66100025177,35.7000007629395,0.0224280003458261,0,116.529098510742,-86.9462,27.0891,9.93393968454273,63,63,63,63,61,63,0,7818,1.13366707078925,27,-87,0.001869,51,2025-09-22 00:09:35.000013,290,1.037,0.0011,"aoml_navis",1028.08769830533
"7901009",85,0,1,0.024297,1,0.001869,1,120.464284626629,1,4.86333825496901,292,1,13.6140003204346,35.6920013427734,0.0242970008403063,0,116.163200378418,-86.9462,27.0891,9.93393968454273,63,63,63,63,61,63,0,7818,1.13366707078925,27,-87,0.001869,51,2025-09-22 00:09:35.000013,292,1.037,0.0011,"aoml_navis",1028.1003989166
"7901009",85,0,1,0.024297,1,0.001869,1,119.770309705507,1,4.86328504483028,294,1,13.581000328064,35.6860008239746,0.0242970008403063,0,115.494003295898,-86.9462,27.0891,9.93393968454273,63,63,63,63,61,63,0,7818,1.13366707078925,27,-87,0.001869,51,2025-09-22 00:09:35.000013,294,1.037,0.0011,"aoml_navis",1028.11164756116
"7901009",85,0,1,0.020559,1,-0.001869,1,118.945037099708,1,4.86321372537446,296,1,13.5190000534058,35.6769981384277,0.020558999851346,0,114.698196411133,-86.9462,27.0891,9.93393968454273,63,63,63,63,61,63,0,7818,1.13366707078925,27,-87,0.001869,51,2025-09-22 00:09:35.000013,296,1.037,0.0011,"aoml_navis",1028.12672490864
"7901009",85,0,1,0.022428,1,0,1,117.555014344334,1,4.86315697551759,298,1,13.4860000610352,35.6720008850098,0.0224280003458261,0,113.357803344727,-86.9462,27.0891,9.93393968454273,63,63,63,63,61,63,0,7818,1.13366707078925,27,-87,0.001869,51,2025-09-22 00:09:35.000013,298,1.037,0.0011,"aoml_navis",1028.13872247417
"7901009",85,0,1,0.022428,1,0,1,116.350501490291,1,4.86308292790234,300,1,13.4320001602173,35.6660003662109,0.0224280003458261,0,112.196296691895,-86.9462,27.0891,9.93393968454273,63,63,63,63,61,63,0,7818,1.13366707078925,27,-87,0.001869,51,2025-09-22 00:09:35.000013,300,1.037,0.0011,"aoml_navis",1028.1543774037
"7901009",85,0,1,0.028035,1,0.005607,1,116.027989437235,1,4.86302562250877,302,1,13.3909997940063,35.6590003967285,0.0280349999666214,0,111.885299682617,-86.9462,27.0891,9.93393968454273,63,63,63,63,61,63,0,7818,1.13366707078925,27,-87,0.001869,51,2025-09-22 00:09:35.000013,302,1.037,0.0011,"aoml_navis",1028.1664930691
"7901009",85,0,1,0.022428,1,0,1,115.818720153735,1,4.86296805784233,304,1,13.3570003509521,35.6539993286133,0.0224280003458261,0,111.683502197266,-86.9462,27.0891,9.93393968454273,63,63,63,63,61,63,0,7818,1.13366707078925,27,-87,0.001869,51,2025-09-22 00:09:35.000013,304,1.037,0.0011,"aoml_navis",1028.17866383816
"7901009",85,0,1,0.026166,1,0.003738,1,115.946995499421,1,4.8629025914221,306,1,13.3039999008179,35.6459999084473,0.0261659994721413,0,111.807197570801,-86.9462,27.0891,9.93393968454273,63,63,63,63,61,63,0,7818,1.13366707078925,27,-87,0.001869,51,2025-09-22 00:09:35.000013,306,1.037,0.0011,"aoml_navis",1028.1925056076
"7901009",85,0,1,0.026166,1,0.003738,1,116.162491434192,1,4.86284256214358,308,1,13.2489995956421,35.6360015869141,0.0261659994721413,0,112.014999389648,-86.9462,27.0891,9.93393968454273,63,63,63,63,61,63,0,7818,1.13366707078925,27,-87,0.001869,51,2025-09-22 00:09:35.000013,308,1.037,0.0011,"aoml_navis",1028.20519811276
"7901009",85,0,1,0.029904,1,0.007476,1,116.253027101909,1,4.86278892135406,310,1,13.2040004730225,35.6269989013672,0.0299040004611015,0,112.10230255127,-86.9462,27.0891,9.93393968454273,63,63,63,63,61,63,0,7818,1.13366707078925,27,-87,0.001869,51,2025-09-22 00:09:35.000013,310,1.037,0.0011,"aoml_navis",1028.21654011002
"7901009",85,0,1,0.024297,1,0.001869,1,116.337336118354,1,4.86268538961851,312,1,13.0749998092651,35.609001159668,0.0242970008403063,0,112.183601379395,-86.9462,27.0891,9.93393968454273,63,63,63,63,61,63,0,7818,1.13366707078925,27,-87,0.001869,51,2025-09-22 00:09:35.000013,312,1.037,0.0011,"aoml_navis",1028.238431932
"7901009",85,0,1,0.028035,1,0.005607,1,116.148075984871,1,4.86261304547208,314,1,12.9919996261597,35.5950012207031,0.0280349999666214,0,112.001098632812,-86.9462,27.0891,9.93393968454273,63,63,63,63,61,63,0,7818,1.13366707078925,27,-87,0.001869,51,2025-09-22 00:09:35.000013,314,1.037,0.0011,"aoml_navis",1028.25372968056
"7901009",85,0,1,0.022428,1,0,1,115.774334494739,1,4.86256778818501,316,1,12.9700002670288,35.5900001525879,0.0224280003458261,0,111.640701293945,-86.9462,27.0891,9.93393968454273,63,63,63,63,61,63,0,7818,1.13366707078925,27,-87,0.001869,51,2025-09-22 00:09:35.000013,316,1.037,0.0011,"aoml_navis",1028.26329992744
"7901009",85,0,1,0.024297,1,0.001869,1,115.410229677094,1,4.86249633989537,318,1,12.9099998474121,35.5820007324219,0.0242970008403063,0,111.289596557617,-86.9462,27.0891,9.93393968454273,63,63,63,63,61,63,0,7818,1.13366707078925,27,-87,0.001869,51,2025-09-22 00:09:35.000013,318,1.037,0.0011,"aoml_navis",1028.27840896793
"7901009",85,0,1,0.026166,1,0.003738,1,114.995734081884,1,4.86241240172945,320,1,12.8219995498657,35.5699996948242,0.0261659994721413,0,110.88990020752,-86.9462,27.0891,9.93393968454273,63,63,63,63,61,63,0,7818,1.13366707078925,27,-87,0.001869,51,2025-09-22 00:09:35.000013,320,1.037,0.0011,"aoml_navis",1028.29615978719
"7901009",85,0,1,0.028035,1,0.005607,1,114.454300249075,1,4.8623520126725,322,1,12.7729997634888,35.5620002746582,0.0280349999666214,0,110.367797851562,-86.9462,27.0891,9.93393968454273,63,63,63,63,61,63,0,7818,1.13366707078925,27,-87,0.001869,51,2025-09-22 00:09:35.000013,322,1.037,0.0011,"aoml_navis",1028.30893093893
"7901009",85,0,1,0.026166,1,0.003738,1,114.257579210702,1,4.86228687736984,324,1,12.7189998626709,35.5540008544922,0.0261659994721413,0,110.178100585938,-86.9462,27.0891,9.93393968454273,63,63,63,63,61,63,0,7818,1.13366707078925,27,-87,0.001869,51,2025-09-22 00:09:35.000013,324,1.037,0.0011,"aoml_navis",1028.32270618813
"7901009",85,0,1,0.024297,1,0.001869,1,114.084087458392,1,4.86221993077175,326,1,12.6630001068115,35.5460014343262,0.0242970008403063,0,110.010803222656,-86.9462,27.0891,9.93393968454273,63,63,63,63,61,63,0,7818,1.13366707078925,27,-87,0.001869,51,2025-09-22 00:09:35.000013,326,1.037,0.0011,"aoml_navis",1028.33686488681
"7901009",85,0,1,0.026166,1,0.003738,1,113.644693169981,1,4.86216199748395,328,1,12.6199998855591,35.5390014648438,0.0261659994721413,0,109.587097167969,-86.9462,27.0891,9.93393968454273,63,63,63,63,61,63,0,7818,1.13366707078925,27,-87,0.001869,51,2025-09-22 00:09:35.000013,328,1.037,0.0011,"aoml_navis",1028.34911765329
"7901009",85,0,1,0.028035,1,0.005607,1,113.562559921133,1,4.86210299615786,330,1,12.5719995498657,35.5309982299805,0.0280349999666214,0,109.50789642334,-86.9462,27.0891,9.93393968454273,63,63,63,63,61,63,0,7818,1.13366707078925,27,-87,0.001869,51,2025-09-22 00:09:35.000013,330,1.037,0.0011,"aoml_navis",1028.36159660771
"7901009",85,0,1,0.026166,1,0.003738,1,113.365736028292,1,4.86205866210664,332,1,12.5620002746582,35.5289993286133,0.0261659994721413,0,109.318099975586,-86.9462,27.0891,9.93393968454273,63,63,63,63,61,63,0,7818,1.13366707078925,27,-87,0.001869,51,2025-09-22 00:09:35.000013,332,1.037,0.0011,"aoml_navis",1028.37097358953
"7901009",85,0,1,0.024297,1,0.001869,1,113.158333948984,1,4.86199935434043,334,1,12.5249996185303,35.523998260498,0.0242970008403063,0,109.118103027344,-86.9462,27.0891,9.93393968454273,63,63,63,63,61,63,0,7818,1.13366707078925,27,-87,0.001869,51,2025-09-22 00:09:35.000013,334,1.037,0.0011,"aoml_navis",1028.38351789092
"7901009",85,0,1,0.028035,1,0.005607,1,113.417171174305,1,4.86192902128138,336,1,12.4650001525879,35.515998840332,0.0280349999666214,0,109.367698669434,-86.9462,27.0891,9.93393968454273,63,63,63,63,61,63,0,7818,1.13366707078925,27,-87,0.001869,51,2025-09-22 00:09:35.000013,336,1.037,0.0011,"aoml_navis",1028.39839457019
"7901009",85,0,1,0.028035,1,0.005607,1,113.910690648668,1,4.86187683711921,338,1,12.4200000762939,35.5069999694824,0.0280349999666214,0,109.843597412109,-86.9462,27.0891,9.93393968454273,63,63,63,63,61,63,0,7818,1.13366707078925,27,-87,0.001869,51,2025-09-22 00:09:35.000013,338,1.037,0.0011,"aoml_navis",1028.40943271665
"7901009",85,0,1,0.024297,1,0.001869,1,114.439987654222,1,4.8618094732088,340,1,12.3590002059937,35.4980010986328,0.0242970008403063,0,110.353996276855,-86.9462,27.0891,9.93393968454273,63,63,63,63,61,63,0,7818,1.13366707078925,27,-87,0.001869,51,2025-09-22 00:09:35.000013,340,1.037,0.0011,"aoml_navis",1028.42368207819
"7901009",85,0,1,0.024297,1,0.001869,1,114.829394671059,1,4.8617523048115,342,1,12.2969999313354,35.4860000610352,0.0242970008403063,0,110.729499816895,-86.9462,27.0891,9.93393968454273,63,63,63,63,61,63,0,7818,1.13366707078925,27,-87,0.001869,51,2025-09-22 00:09:35.000013,342,1.037,0.0011,"aoml_navis",1028.43577511172
"7901009",85,0,1,0.022428,1,0,1,114.785839759692,1,4.86167350612614,344,1,12.2119998931885,35.4739990234375,0.0224280003458261,0,110.6875,-86.9462,27.0891,9.93393968454273,63,63,63,63,61,63,0,7818,1.13366707078925,27,-87,0.001869,51,2025-09-22 00:09:35.000013,344,1.037,0.0011,"aoml_navis",1028.45244414286
"7901009",85,0,1,0.029904,1,0.007476,1,114.51746080447,1,4.86159795522498,346,1,12.1339998245239,35.4630012512207,0.0299040004611015,0,110.428703308105,-86.9462,27.0891,9.93393968454273,63,63,63,63,61,63,0,7818,1.13366707078925,27,-87,0.001869,51,2025-09-22 00:09:35.000013,346,1.037,0.0011,"aoml_navis",1028.4684266469
"7901009",85,0,1,0.026166,1,0.003738,1,113.912454998393,1,4.861544122563,348,1,12.1059999465942,35.4589996337891,0.0261659994721413,0,109.84529876709,-86.9462,27.0891,9.93393968454273,63,63,63,63,61,63,0,7818,1.13366707078925,27,-87,0.001869,51,2025-09-22 00:09:35.000013,348,1.037,0.0011,"aoml_navis",1028.47981504362
"7901009",85,0,1,0.028035,1,0.005607,1,113.271782427477,1,4.86147465881055,350,1,12.0380001068115,35.4490013122559,0.0280349999666214,0,109.227500915527,-86.9462,27.0891,9.93393968454273,63,63,63,63,61,63,0,7818,1.13366707078925,27,-87,0.001869,51,2025-09-22 00:09:35.000013,350,1.037,0.0011,"aoml_navis",1028.49451059842
"7901009",85,0,1,0.022428,1,0,1,112.790708343773,1,4.86141990188398,352,1,12.0050001144409,35.4440002441406,0.0224280003458261,0,108.763603210449,-86.9462,27.0891,9.93393968454273,63,63,63,63,61,63,0,7818,1.13366707078925,27,-87,0.001869,51,2025-09-22 00:09:35.000013,352,1.037,0.0011,"aoml_navis",1028.50609511479
"7901009",85,0,1,0.026166,1,0.003738,1,112.347168229102,1,4.86137378659291,354,1,11.9890003204346,35.4410018920898,0.0261659994721413,0,108.335899353027,-86.9462,27.0891,9.93393968454273,63,63,63,63,61,63,0,7818,1.13366707078925,27,-87,0.001869,51,2025-09-22 00:09:35.000013,354,1.037,0.0011,"aoml_navis",1028.51585158693
"7901009",85,0,1,0.026166,1,0.003738,1,111.945529442424,1,4.86131432806095,356,1,11.9469995498657,35.435001373291,0.0261659994721413,0,107.948600769043,-86.9462,27.0891,9.93393968454273,63,63,63,63,61,63,0,7818,1.13366707078925,27,-87,0.001869,51,2025-09-22 00:09:35.000013,356,1.037,0.0011,"aoml_navis",1028.52843132124
"7901009",85,0,1,0.028035,1,0.005607,1,111.566392048649,1,4.86125206656759,358,1,11.8979997634888,35.4280014038086,0.0280349999666214,0,107.583000183105,-86.9462,27.0891,9.93393968454273,63,63,63,63,61,63,0,7818,1.13366707078925,27,-87,0.001869,51,2025-09-22 00:09:35.000013,358,1.037,0.0011,"aoml_navis",1028.54160441229
"7901009",85,0,1,0.026166,1,0.003738,1,111.37558118626,1,4.86117966157834,360,1,11.8380002975464,35.4210014343262,0.0261659994721413,0,107.399002075195,-86.9462,27.0891,9.93393968454273,63,63,63,63,61,63,0,7818,1.13366707078925,27,-87,0.001869,51,2025-09-22 00:09:35.000013,360,1.037,0.0011,"aoml_navis",1028.5569240567
"7901009",85,0,1,0.026166,1,0.003738,1,111.309627736458,1,4.86112877383839,362,1,11.8009996414185,35.4140014648438,0.0261659994721413,0,107.335403442383,-86.9462,27.0891,9.93393968454273,63,63,63,63,61,63,0,7818,1.13366707078925,27,-87,0.001869,51,2025-09-22 00:09:35.000013,362,1.037,0.0011,"aoml_navis",1028.5676912961
"7901009",85,0,1,0.029904,1,0.007476,1,111.557475357439,1,4.86106121594671,364,1,11.7419996261597,35.4059982299805,0.0299040004611015,0,107.574401855469,-86.9462,27.0891,9.93393968454273,63,63,63,63,61,63,0,7818,1.13366707078925,27,-87,0.001869,51,2025-09-22 00:09:35.000013,364,1.037,0.0011,"aoml_navis",1028.58198608927
"7901009",85,0,1,0.028035,1,0.005607,1,112.293035131268,1,4.86098899526347,366,1,11.6540002822876,35.3919982910156,0.0280349999666214,0,108.283699035645,-86.9462,27.0891,9.93393968454273,63,63,63,63,61,63,0,7818,1.13366707078925,27,-87,0.001869,51,2025-09-22 00:09:35.000013,366,1.037,0.0011,"aoml_navis",1028.59726793704
"7901009",85,0,1,0.026166,1,0.003738,1,112.790289014017,1,4.86092171428344,368,1,11.5749998092651,35.3790016174316,0.0261659994721413,0,108.763198852539,-86.9462,27.0891,9.93393968454273,63,63,63,63,61,63,0,7818,1.13366707078925,27,-87,0.001869,51,2025-09-22 00:09:35.000013,368,1.037,0.0011,"aoml_navis",1028.61150495551
"7901009",85,0,1,0.031773,1,0.009345,1,112.941485082361,1,4.86086573856638,370,1,11.5279998779297,35.3709983825684,0.0317730009555817,0,108.908996582031,-86.9462,27.0891,9.93393968454273,63,63,63,63,61,63,0,7818,1.13366707078925,27,-87,0.001869,51,2025-09-22 00:09:35.000013,370,1.037,0.0011,"aoml_navis",1028.62335001967
"7901009",85,0,1,0.026166,1,0.003738,1,112.931951264342,1,4.8608007078069,372,1,11.4589996337891,35.3600006103516,0.0261659994721413,0,108.899803161621,-86.9462,27.0891,9.93393968454273,63,63,63,63,61,63,0,7818,1.13366707078925,27,-87,0.001869,51,2025-09-22 00:09:35.000013,372,1.037,0.0011,"aoml_navis",1028.63711157084
"7901009",85,0,1,0.026166,1,0.003738,1,113.007652152982,1,4.86073490294904,374,1,11.4049997329712,35.3530006408691,0.0261659994721413,0,108.972801208496,-86.9462,27.0891,9.93393968454273,63,63,63,63,61,63,0,7818,1.13366707078925,27,-87,0.001869,51,2025-09-22 00:09:35.000013,374,1.037,0.0011,"aoml_navis",1028.65103730847
"7901009",85,0,1,0.026166,1,0.003738,1,113.032020750078,1,4.86068375697152,376,1,11.371000289917,35.3470001220703,0.0261659994721413,0,108.996299743652,-86.9462,27.0891,9.93393968454273,63,63,63,63,61,63,0,7818,1.13366707078925,27,-87,0.001869,51,2025-09-22 00:09:35.000013,376,1.037,0.0011,"aoml_navis",1028.66186116895
"7901009",85,0,1,0.024297,1,0.001869,1,113.03948956685,1,4.86062444851455,378,1,11.3319997787476,35.3419990539551,0.0242970008403063,0,109.00350189209,-86.9462,27.0891,9.93393968454273,63,63,63,63,61,63,0,7818,1.13366707078925,27,-87,0.001869,51,2025-09-22 00:09:35.000013,378,1.037,0.0011,"aoml_navis",1028.6744127142
"7901009",85,0,1,0.024297,1,0.001869,1,112.880096788574,1,4.86056894120025,380,1,11.2849998474121,35.3339996337891,0.0242970008403063,0,108.849800109863,-86.9462,27.0891,9.93393968454273,63,63,63,63,61,63,0,7818,1.13366707078925,27,-87,0.001869,51,2025-09-22 00:09:35.000013,380,1.037,0.0011,"aoml_navis",1028.68616009494
"7901009",85,0,1,0.028035,1,0.005607,1,112.71572743641,1,4.86050891217705,382,1,11.2410001754761,35.3279991149902,0.0280349999666214,0,108.691299438477,-86.9462,27.0891,9.93393968454273,63,63,63,63,61,63,0,7818,1.13366707078925,27,-87,0.001869,51,2025-09-22 00:09:35.000013,382,1.037,0.0011,"aoml_navis",1028.69886473688
"7901009",85,0,1,0.028035,1,0.005607,1,112.631315565496,1,4.86045262790606,384,1,11.1969995498657,35.3209991455078,0.0280349999666214,0,108.609901428223,-86.9462,27.0891,9.93393968454273,63,63,63,63,61,63,0,7818,1.13366707078925,27,-87,0.001869,51,2025-09-22 00:09:35.000013,384,1.037,0.0011,"aoml_navis",1028.71077711832
"7901009",85,0,1,0.031773,1,0.009345,1,112.69290956822,1,4.86038118221396,386,1,11.1319999694824,35.3129997253418,0.0317730009555817,0,108.669296264648,-86.9462,27.0891,9.93393968454273,63,63,63,63,61,63,0,7818,1.13366707078925,27,-87,0.001869,51,2025-09-22 00:09:35.000013,386,1.037,0.0011,"aoml_navis",1028.72589876221
"7901009",85,0,1,0.029904,1,0.007476,1,112.627684011579,1,4.86032944829521,388,1,11.1009998321533,35.3079986572266,0.0299040004611015,0,108.606399536133,-86.9462,27.0891,9.93393968454273,63,63,63,63,61,63,0,7818,1.13366707078925,27,-87,0.001869,51,2025-09-22 00:09:35.000013,388,1.037,0.0011,"aoml_navis",1028.73684864177
"7901009",85,0,1,0.024297,1,0.001869,1,112.583401207051,1,4.86026983752305,390,1,11.0530004501343,35.3009986877441,0.0242970008403063,0,108.563697814941,-86.9462,27.0891,9.93393968454273,63,63,63,63,61,63,0,7818,1.13366707078925,27,-87,0.001869,51,2025-09-22 00:09:35.000013,390,1.037,0.0011,"aoml_navis",1028.74946600664
"7901009",85,0,1,0.028035,1,0.005607,1,112.596677345339,1,4.86020951807431,392,1,11,35.2929992675781,0.0280349999666214,0,108.576499938965,-86.9462,27.0891,9.93393968454273,63,63,63,63,61,63,0,7818,1.13366707078925,27,-87,0.001869,51,2025-09-22 00:09:35.000013,392,1.037,0.0011,"aoml_navis",1028.76223368681
"7901009",85,0,1,0.028035,1,0.005607,1,112.546587219296,1,4.86015001505383,394,1,10.956000328064,35.2869987487793,0.0280349999666214,0,108.528198242188,-86.9462,27.0891,9.93393968454273,63,63,63,63,61,63,0,7818,1.13366707078925,27,-87,0.001869,51,2025-09-22 00:09:35.000013,394,1.037,0.0011,"aoml_navis",1028.77482886598
"7901009",85,0,1,0.029904,1,0.007476,1,112.58143114839,1,4.8600846850117,396,1,10.8929996490479,35.2779998779297,0.0299040004611015,0,108.561798095703,-86.9462,27.0891,9.93393968454273,63,63,63,63,61,63,0,7818,1.13366707078925,27,-87,0.001869,51,2025-09-22 00:09:35.000013,396,1.037,0.0011,"aoml_navis",1028.78865782314
"7901009",85,0,1,0.028035,1,0.005607,1,112.55188026847,1,4.86003325602453,398,1,10.8620004653931,35.2729988098145,0.0280349999666214,0,108.533302307129,-86.9462,27.0891,9.93393968454273,63,63,63,63,61,63,0,7818,1.13366707078925,27,-87,0.001869,51,2025-09-22 00:09:35.000013,398,1.037,0.0011,"aoml_navis",1028.79954448912
"7901009",85,0,1,0.033642,1,0.011214,1,112.568780048794,1,4.85998362426845,400,1,10.8330001831055,35.2680015563965,0.0336420014500618,0,108.549598693848,-86.9462,27.0891,9.93393968454273,63,63,63,63,61,63,0,7818,1.13366707078925,27,-87,0.001869,51,2025-09-22 00:09:35.000013,400,1.037,0.0011,"aoml_navis",1028.81005092947
"7901009",85,0,1,0.026166,1,0.003738,1,112.612334960161,1,4.85991585523943,402,1,10.7709999084473,35.2599983215332,0.0261659994721413,0,108.591598510742,-86.9462,27.0891,9.93393968454273,63,63,63,63,61,63,0,7818,1.13366707078925,27,-87,0.001869,51,2025-09-22 00:09:35.000013,402,1.037,0.0011,"aoml_navis",1028.82439715691
"7901009",85,0,1,0.026166,1,0.003738,1,112.723924146342,1,4.85985162389991,404,1,10.7170000076294,35.2529983520508,0.0261659994721413,0,108.699203491211,-86.9462,27.0891,9.93393968454273,63,63,63,63,61,63,0,7818,1.13366707078925,27,-87,0.001869,51,2025-09-22 00:09:35.000013,404,1.037,0.0011,"aoml_navis",1028.83799484965
"7901009",85,0,1,0.029904,1,0.007476,1,112.759701677533,1,4.85980319185235,406,1,10.6850004196167,35.2470016479492,0.0299040004611015,0,108.733703613281,-86.9462,27.0891,9.93393968454273,63,63,63,63,61,63,0,7818,1.13366707078925,27,-87,0.001869,51,2025-09-22 00:09:35.000013,406,1.037,0.0011,"aoml_navis",1028.84824809011
"7901009",85,0,1,0.026166,1,0.003738,1,112.753997210485,1,4.85974163505314,408,1,10.6379995346069,35.2410011291504,0.0261659994721413,0,108.728202819824,-86.9462,27.0891,9.93393968454273,63,63,63,63,61,63,0,7818,1.13366707078925,27,-87,0.001869,51,2025-09-22 00:09:35.000013,408,1.037,0.0011,"aoml_navis",1028.86128018312
"7901009",85,0,1,0.028035,1,0.005607,1,112.673731165831,1,4.85968949140008,410,1,10.6099996566772,35.2369995117188,0.0280349999666214,0,108.650802612305,-86.9462,27.0891,9.93393968454273,63,63,63,63,61,63,0,7818,1.13366707078925,27,-87,0.001869,51,2025-09-22 00:09:35.000013,410,1.037,0.0011,"aoml_navis",1028.87231969207
"7901009",85,0,1,0.029904,1,0.007476,1,112.487477547574,1,4.85964580213646,412,1,10.6000003814697,35.2350006103516,0.0299040004611015,0,108.471199035645,-86.9462,27.0891,9.93393968454273,63,63,63,63,61,63,0,7818,1.13366707078925,27,-87,0.001869,51,2025-09-22 00:09:35.000013,412,1.037,0.0011,"aoml_navis",1028.88156947608
"7901009",85,0,1,0.024297,1,0.001869,1,112.40586648295,1,4.85959403273721,414,1,10.5640001296997,35.2290000915527,0.0242970008403063,0,108.392501831055,-86.9462,27.0891,9.93393968454273,63,63,63,63,61,63,0,7818,1.13366707078925,27,-87,0.001869,51,2025-09-22 00:09:35.000013,414,1.037,0.0011,"aoml_navis",1028.89253018193
"7901009",85,0,1,0.028035,1,0.005607,1,112.37827774981,1,4.85952466304212,416.100006103516,1,10.5059995651245,35.2220001220703,0.0280349999666214,0,108.365898132324,-86.9462,27.0891,9.93393968454273,63,63,63,63,61,63,0,7818,1.13366707078925,27,-87,0.001869,51,2025-09-22 00:09:35.000013,416.100006103516,1.037,0.0011,"aoml_navis",1028.90721761868
"7901009",85,0,1,0.026166,1,0.003738,1,112.34519817044,1,4.85946886701511,418,1,10.4670000076294,35.2169990539551,0.0261659994721413,0,108.333999633789,-86.9462,27.0891,9.93393968454273,63,63,63,63,61,63,0,7818,1.13366707078925,27,-87,0.001869,51,2025-09-22 00:09:35.000013,418,1.037,0.0011,"aoml_navis",1028.91903144782
"7901009",85,0,1,0.026166,1,0.003738,1,112.300298239103,1,4.85941932069638,420,1,10.4460000991821,35.2140007019043,0.0261659994721413,0,108.290702819824,-86.9462,27.0891,9.93393968454273,63,63,63,63,61,63,0,7818,1.13366707078925,27,-87,0.001869,51,2025-09-22 00:09:35.000013,420,1.037,0.0011,"aoml_navis",1028.92952223836
"7901009",85,0,1,0.031773,1,0.009345,1,112.226875972529,1,4.85937589078237,422,1,10.4320001602173,35.2109985351562,0.0317730009555817,0,108.219902038574,-86.9462,27.0891,9.93393968454273,63,63,63,63,61,63,0,7818,1.13366707078925,27,-87,0.001869,51,2025-09-22 00:09:35.000013,422,1.037,0.0011,"aoml_navis",1028.93871813547
"7901009",85,0,1,0.026166,1,0.003738,1,112.158121716438,1,4.85932029190734,424,1,10.4040002822876,35.2080001831055,0.0261659994721413,0,108.153602600098,-86.9462,27.0891,9.93393968454273,63,63,63,63,61,63,0,7818,1.13366707078925,27,-87,0.001869,51,2025-09-22 00:09:35.000013,424,1.037,0.0011,"aoml_navis",1028.95049094149
"7901009",85,0,1,0.026166,1,0.003738,1,112.137171052441,1,4.8592644766841,426,1,10.3629999160767,35.2019996643066,0.0261659994721413,0,108.133399963379,-86.9462,27.0891,9.93393968454273,63,63,63,63,61,63,0,7818,1.13366707078925,27,-87,0.001869,51,2025-09-22 00:09:35.000013,426,1.037,0.0011,"aoml_navis",1028.96230982923
"7901009",85,0,1,0.029904,1,0.007476,1,112.128665779104,1,4.85921175895154,428,1,10.3339996337891,35.1980018615723,0.0299040004611015,0,108.125198364258,-86.9462,27.0891,9.93393968454273,63,63,63,63,61,63,0,7818,1.13366707078925,27,-87,0.001869,51,2025-09-22 00:09:35.000013,428,1.037,0.0011,"aoml_navis",1028.97347307186
"7901009",85,0,1,0.029904,1,0.007476,1,112.095997617608,1,4.85914980235951,430,1,10.289999961853,35.193000793457,0.0299040004611015,0,108.093696594238,-86.9462,27.0891,9.93393968454273,63,63,63,63,61,63,0,7818,1.13366707078925,27,-87,0.001869,51,2025-09-22 00:09:35.000013,430,1.037,0.0011,"aoml_navis",1028.98659299865
"7901009",85,0,1,0.028035,1,0.005607,1,112.078472798593,1,4.85909913005576,432,1,10.2589998245239,35.1879997253418,0.0280349999666214,0,108.076797485352,-86.9462,27.0891,9.93393968454273,63,63,63,63,61,63,0,7818,1.13366707078925,27,-87,0.001869,51,2025-09-22 00:09:35.000013,432,1.037,0.0011,"aoml_navis",1028.99732361349
"7901009",85,0,1,0.029904,1,0.007476,1,111.940450014068,1,4.85904654757273,434,1,10.2299995422363,35.1839981079102,0.0299040004611015,0,107.943702697754,-86.9462,27.0891,9.93393968454273,63,63,63,63,61,63,0,7818,1.13366707078925,27,-87,0.001869,51,2025-09-22 00:09:35.000013,434,1.037,0.0011,"aoml_navis",1029.00845897385
"7901009",85,0,1,0.026166,1,0.003738,1,111.901555201301,1,4.85898010131322,436,1,10.1719999313354,35.1769981384277,0.0261659994721413,0,107.906196594238,-86.9462,27.0891,9.93393968454273,63,63,63,63,61,63,0,7818,1.13366707078925,27,-87,0.001869,51,2025-09-22 00:09:35.000013,436,1.037,0.0011,"aoml_navis",1029.02253060239
"7901009",85,0,1,0.028035,1,0.005607,1,111.82534004032,1,4.8589240728172,438,1,10.1260004043579,35.1699981689453,0.0280349999666214,0,107.832702636719,-86.9462,27.0891,9.93393968454273,63,63,63,63,61,63,0,7818,1.13366707078925,27,-87,0.001869,51,2025-09-22 00:09:35.000013,438,1.037,0.0011,"aoml_navis",1029.03439631256
"7901009",85,0,1,0.029904,1,0.007476,1,111.754924288972,1,4.85885736082098,440,1,10.076000213623,35.1650009155273,0.0299040004611015,0,107.764801025391,-86.9462,27.0891,9.93393968454273,63,63,63,63,61,63,0,7818,1.13366707078925,27,-87,0.001869,51,2025-09-22 00:09:35.000013,440,1.037,0.0011,"aoml_navis",1029.04852493039
"7901009",85,0,1,0.028035,1,0.005607,1,111.618032903598,1,4.85879391356506,442,1,10.0340003967285,35.1609992980957,0.0280349999666214,0,107.632797241211,-86.9462,27.0891,9.93393968454273,63,63,63,63,61,63,0,7818,1.13366707078925,27,-87,0.001869,51,2025-09-22 00:09:35.000013,442,1.037,0.0011,"aoml_navis",1029.06196248429
"7901009",85,0,1,0.028035,1,0.005607,1,111.560379018197,1,4.85874328537404,444,1,10.0069999694824,35.1570014953613,0.0280349999666214,0,107.577201843262,-86.9462,27.0891,9.93393968454273,63,63,63,63,61,63,0,7818,1.13366707078925,27,-87,0.001869,51,2025-09-22 00:09:35.000013,444,1.037,0.0011,"aoml_navis",1029.07268532815
"7901009",85,0,1,0.028035,1,0.005607,1,111.539634063137,1,4.8586904239587,446,1,9.97299957275391,35.1520004272461,0.0280349999666214,0,107.557197570801,-86.9462,27.0891,9.93393968454273,63,63,63,63,61,63,0,7818,1.13366707078925,27,-87,0.001869,51,2025-09-22 00:09:35.000013,446,1.037,0.0011,"aoml_navis",1029.08388139826
"7901009",85,0,1,0.031773,1,0.009345,1,111.544721403375,1,4.8586364831417,448,1,9.94200038909912,35.1479988098145,0.0317730009555817,0,107.562103271484,-86.9462,27.0891,9.93393968454273,63,63,63,63,61,63,0,7818,1.13366707078925,27,-87,0.001869,51,2025-09-22 00:09:35.000013,448,1.037,0.0011,"aoml_navis",1029.09530633724
"7901009",85,0,1,0.028035,1,0.005607,1,111.628096817724,1,4.85857354008249,450,1,9.89599990844727,35.1430015563965,0.0280349999666214,0,107.642501831055,-86.9462,27.0891,9.93393968454273,63,63,63,63,61,63,0,7818,1.13366707078925,27,-87,0.001869,51,2025-09-22 00:09:35.000013,450,1.037,0.0011,"aoml_navis",1029.10863831756
"7901009",85,0,1,0.028035,1,0.005607,1,111.633484809484,1,4.85851213939978,452,1,9.8430004119873,35.1360015869141,0.0280349999666214,0,107.64769744873,-86.9462,27.0891,9.93393968454273,63,63,63,63,61,63,0,7818,1.13366707078925,27,-87,0.001869,51,2025-09-22 00:09:35.000013,452,1.037,0.0011,"aoml_navis",1029.12164393968
"7901009",85,0,1,0.029904,1,0.007476,1,111.558408959535,1,4.8584625765395,454,1,9.81700038909912,35.1319999694824,0.0299040004611015,0,107.575302124023,-86.9462,27.0891,9.93393968454273,63,63,63,63,61,63,0,7818,1.13366707078925,27,-87,0.001869,51,2025-09-22 00:09:35.000013,454,1.037,0.0011,"aoml_navis",1029.13214236618
"7901009",85,0,1,0.026166,1,0.003738,1,111.439873140806,1,4.85840577606263,456,1,9.77799987792969,35.1269989013672,0.0261659994721413,0,107.460998535156,-86.9462,27.0891,9.93393968454273,63,63,63,63,61,63,0,7818,1.13366707078925,27,-87,0.001869,51,2025-09-22 00:09:35.000013,456,1.037,0.0011,"aoml_navis",1029.14417413115
"7901009",85,0,1,0.029904,1,0.007476,1,111.234441120159,1,4.85835122849175,458,1,9.74600028991699,35.1230010986328,0.0299040004611015,0,107.262901306152,-86.9462,27.0891,9.93393968454273,63,63,63,63,61,63,0,7818,1.13366707078925,27,-87,0.001869,51,2025-09-22 00:09:35.000013,458,1.037,0.0011,"aoml_navis",1029.15572893898
"7901009",85,0,1,0.031773,1,0.009345,1,111.243769229242,1,4.85829254485811,460,1,9.70899963378906,35.1189994812012,0.0317730009555817,0,107.271896362305,-86.9462,27.0891,9.93393968454273,63,63,63,63,61,63,0,7818,1.13366707078925,27,-87,0.001869,51,2025-09-22 00:09:35.000013,460,1.037,0.0011,"aoml_navis",1029.16816017839
"7901009",85,0,1,0.028035,1,0.005607,1,111.34591953999,1,4.8582143626637,462,1,9.63099956512451,35.1110000610352,0.0280349999666214,0,107.370399475098,-86.9462,27.0891,9.93393968454273,63,63,63,63,61,63,0,7818,1.13366707078925,27,-87,0.001869,51,2025-09-22 00:09:35.000013,462,1.037,0.0011,"aoml_navis",1029.1847223593
"7901009",85,0,4,0.020559,1,-0.001869,1,111.372677525502,1,4.85817085841196,464,1,9.61200046539307,35.1069984436035,0.020558999851346,0,107.396202087402,-86.9462,27.0891,9.93393968454273,63,63,63,63,61,63,0,7818,1.13366707078925,27,-87,0.001869,51,2025-09-22 00:09:35.000013,464,1.037,0.0011,"aoml_navis",1029.19393856691
"7901009",85,0,1,0.029904,1,0.007476,1,111.393833898435,1,4.85811985821667,466,1,9.58399963378906,35.1030006408691,0.0299040004611015,0,107.416603088379,-86.9462,27.0891,9.93393968454273,63,63,63,63,61,63,0,7818,1.13366707078925,27,-87,0.001869,51,2025-09-22 00:09:35.000013,466,1.037,0.0011,"aoml_navis",1029.20474297137
"7901009",85,0,1,0.033642,1,0.011214,1,111.463830320028,1,4.85805382705775,468,1,9.5290002822876,35.0970001220703,0.0336420014500618,0,107.484100341797,-86.9462,27.0891,9.93393968454273,63,63,63,63,61,63,0,7818,1.13366707078925,27,-87,0.001869,51,2025-09-22 00:09:35.000013,468,1.037,0.0011,"aoml_navis",1029.21873202632
"7901009",85,0,1,0.029904,1,0.007476,1,111.548139336474,1,4.85799796435487,470,1,9.49499988555908,35.0929985046387,0.0299040004611015,0,107.565399169922,-86.9462,27.0891,9.93393968454273,63,63,63,63,61,63,0,7818,1.13366707078925,27,-87,0.001869,51,2025-09-22 00:09:35.000013,470,1.037,0.0011,"aoml_navis",1029.23056713631
"7901009",85,0,1,0.031773,1,0.009345,1,111.555813862182,1,4.85795252621987,472,1,9.47799968719482,35.0900001525879,0.0317730009555817,0,107.572799682617,-86.9462,27.0891,9.93393968454273,63,63,63,63,61,63,0,7818,1.13366707078925,27,-87,0.001869,51,2025-09-22 00:09:35.000013,472,1.037,0.0011,"aoml_navis",1029.24019389104
"7901009",85,0,1,0.029904,1,0.007476,1,111.559026086345,1,4.8579050787987,474,1,9.46300029754639,35.0880012512207,0.0299040004611015,0,107.575897216797,-86.9462,27.0891,9.93393968454273,63,63,63,63,61,63,0,7818,1.13366707078925,27,-87,0.001869,51,2025-09-22 00:09:35.000013,474,1.037,0.0011,"aoml_navis",1029.25024653558
"7901009",85,0,1,0.022428,1,0,1,111.655163366641,1,4.8578450984905,476,1,9.41499996185303,35.0820007324219,0.0224280003458261,0,107.668601989746,-86.9462,27.0891,9.93393968454273,63,63,63,63,61,63,0,7818,1.13366707078925,27,-87,0.001869,51,2025-09-22 00:09:35.000013,476,1.037,0.0011,"aoml_navis",1029.2629547932
"7901009",85,0,1,0.026166,1,0.003738,1,111.760628756019,1,4.85779433538401,478,1,9.38700008392334,35.0779991149902,0.0261659994721413,0,107.770301818848,-86.9462,27.0891,9.93393968454273,63,63,63,63,61,63,0,7818,1.13366707078925,27,-87,0.001869,51,2025-09-22 00:09:35.000013,478,1.037,0.0011,"aoml_navis",1029.27371041219
"7901009",85,0,1,0.026166,1,0.003738,1,111.825648603725,1,4.85774649679062,480,1,9.36699962615967,35.0750007629395,0.0261659994721413,0,107.833000183105,-86.9462,27.0891,9.93393968454273,63,63,63,63,61,63,0,7818,1.13366707078925,27,-87,0.001869,51,2025-09-22 00:09:35.000013,480,1.037,0.0011,"aoml_navis",1029.28384659499
"7901009",85,0,1,0.029904,1,0.007476,1,111.975499652099,1,4.85768753047403,482,1,9.31999969482422,35.0690002441406,0.0299040004611015,0,107.977500915527,-86.9462,27.0891,9.93393968454273,63,63,63,63,61,63,0,7818,1.13366707078925,27,-87,0.001869,51,2025-09-22 00:09:35.000013,482,1.037,0.0011,"aoml_navis",1029.29634082744
"7901009",85,0,1,0.033642,1,0.011214,1,112.197317180727,1,4.85761514990202,484,1,9.2519998550415,35.0620002746582,0.0336420014500618,0,108.191398620605,-86.9462,27.0891,9.93393968454273,63,63,63,63,61,63,0,7818,1.13366707078925,27,-87,0.001869,51,2025-09-22 00:09:35.000013,484,1.037,0.0011,"aoml_navis",1029.31167778922
"7901009",85,0,1,0.028035,1,0.005607,1,112.334517129506,1,4.85755234065949,486,1,9.19999980926514,35.0559997558594,0.0280349999666214,0,108.323699951172,-86.9462,27.0891,9.93393968454273,63,63,63,63,61,63,0,7818,1.13366707078925,27,-87,0.001869,51,2025-09-22 00:09:35.000013,486,1.037,0.0011,"aoml_navis",1029.32498702035
"7901009",85,0,1,0.028035,1,0.005607,1,112.535075430733,1,4.85748194712801,488,1,9.13399982452393,35.048999786377,0.0280349999666214,0,108.517097473145,-86.9462,27.0891,9.93393968454273,63,63,63,63,61,63,0,7818,1.13366707078925,27,-87,0.001869,51,2025-09-22 00:09:35.000013,488,1.037,0.0011,"aoml_navis",1029.33990376562
"7901009",85,0,1,0.028035,1,0.005607,1,112.632977060753,1,4.85743232033322,490,1,9.10700035095215,35.0449981689453,0.0280349999666214,0,108.611503601074,-86.9462,27.0891,9.93393968454273,63,63,63,63,61,63,0,7818,1.13366707078925,27,-87,0.001869,51,2025-09-22 00:09:35.000013,490,1.037,0.0011,"aoml_navis",1029.35042019422
"7901009",85,0,1,0.031773,1,0.009345,1,112.812481843515,1,4.85737379912233,492,1,9.06900024414062,35.0410003662109,0.0317730009555817,0,108.784599304199,-86.9462,27.0891,9.93393968454273,63,63,63,63,61,63,0,7818,1.13366707078925,27,-87,0.001869,51,2025-09-22 00:09:35.000013,492,1.037,0.0011,"aoml_navis",1029.36282171725
"7901009",85,0,1,0.028035,1,0.005607,1,112.90923625062,1,4.8573218169076,494,1,9.03899955749512,35.0369987487793,0.0280349999666214,0,108.877899169922,-86.9462,27.0891,9.93393968454273,63,63,63,63,61,63,0,7818,1.13366707078925,27,-87,0.001869,51,2025-09-22 00:09:35.000013,494,1.037,0.0011,"aoml_navis",1029.37383777944
"7901009",85,0,1,0.028035,1,0.005607,1,113.096312704623,1,4.85725901721299,496,1,8.99100017547607,35.0320014953613,0.0280349999666214,0,109.058296203613,-86.9462,27.0891,9.93393968454273,63,63,63,63,61,63,0,7818,1.13366707078925,27,-87,0.001869,51,2025-09-22 00:09:35.000013,496,1.037,0.0011,"aoml_navis",1029.38714659465
"7901009",85,0,1,0.026166,1,0.003738,1,113.203542443726,1,4.85720471756764,498,1,8.95800018310547,35.0279998779297,0.0261659994721413,0,109.161697387695,-86.9462,27.0891,9.93393968454273,63,63,63,63,61,63,0,7818,1.13366707078925,27,-87,0.001869,51,2025-09-22 00:09:35.000013,498,1.037,0.0011,"aoml_navis",1029.3986543157
"7901009",85,0,1,0.022428,1,0,1,113.240047868077,1,4.85714577566773,500,1,8.90999984741211,35.0219993591309,0.0224280003458261,0,109.196899414062,-86.9462,27.0891,9.93393968454273,63,63,63,63,61,63,0,7818,1.13366707078925,27,-87,0.001869,51,2025-09-22 00:09:35.000013,500,1.037,0.0011,"aoml_navis",1029.41114616076
"7901009",85,0,1,0.028035,1,0.005607,1,113.304862006846,1,4.85708036272533,502,1,8.86299991607666,35.0180015563965,0.0280349999666214,0,109.259399414062,-86.9462,27.0891,9.93393968454273,63,63,63,63,61,63,0,7818,1.13366707078925,27,-87,0.001869,51,2025-09-22 00:09:35.000013,502,1.037,0.0011,"aoml_navis",1029.42500980043
"7901009",85,0,1,0.028035,1,0.005607,1,113.380254332081,1,4.85702847287164,504,1,8.84200000762939,35.015998840332,0.0280349999666214,0,109.332099914551,-86.9462,27.0891,9.93393968454273,63,63,63,63,61,63,0,7818,1.13366707078925,27,-87,0.001869,51,2025-09-22 00:09:35.000013,504,1.037,0.0011,"aoml_navis",1029.43600761801
"7901009",85,0,1,0.031773,1,0.009345,1,113.469128504541,1,4.8569842590046,506,1,8.82600021362305,35.0130004882812,0.0317730009555817,0,109.41780090332,-86.9462,27.0891,9.93393968454273,63,63,63,63,61,63,0,7818,1.13366707078925,27,-87,0.001869,51,2025-09-22 00:09:35.000013,506,1.037,0.0011,"aoml_navis",1029.44537873069
"7901009",85,0,1,0.028035,1,0.005607,1,113.5497031126,1,4.8569323842412,508,1,8.80500030517578,35.0110015869141,0.0280349999666214,0,109.495498657227,-86.9462,27.0891,9.93393968454273,63,63,63,63,61,63,0,7818,1.13366707078925,27,-87,0.001869,51,2025-09-22 00:09:35.000013,508,1.037,0.0011,"aoml_navis",1029.45637378503
"7901009",85,0,1,0.028035,1,0.005607,1,113.611922154016,1,4.85688740849561,510,1,8.78800010681152,35.007999420166,0.0280349999666214,0,109.55549621582,-86.9462,27.0891,9.93393968454273,63,63,63,63,61,63,0,7818,1.13366707078925,27,-87,0.001869,51,2025-09-22 00:09:35.000013,510,1.037,0.0011,"aoml_navis",1029.46590675626
"7901009",85,0,1,0.028035,1,0.005607,1,113.722158408346,1,4.85682570794514,512,1,8.75,35.0050010681152,0.0280349999666214,0,109.661796569824,-86.9462,27.0891,9.93393968454273,63,63,63,63,61,63,0,7818,1.13366707078925,27,-87,0.001869,51,2025-09-22 00:09:35.000013,512,1.037,0.0011,"aoml_navis",1029.47898497174
"7901009",85,0,1,0.029904,1,0.007476,1,113.722055553877,1,4.85678424590809,514,1,8.74199962615967,35.0029983520508,0.0299040004611015,0,109.661697387695,-86.9462,27.0891,9.93393968454273,63,63,63,63,61,63,0,7818,1.13366707078925,27,-87,0.001869,51,2025-09-22 00:09:35.000013,514,1.037,0.0011,"aoml_navis",1029.48777356387
"7901009",85,0,1,0.024297,1,0.001869,1,113.798800810965,1,4.85673720728192,516,1,8.72700023651123,35.0009994506836,0.0242970008403063,0,109.735702514648,-86.9462,27.0891,9.93393968454273,63,63,63,63,61,63,0,7818,1.13366707078925,27,-87,0.001869,51,2025-09-22 00:09:35.000013,516,1.037,0.0011,"aoml_navis",1029.49774439171
"7901009",85,0,1,0.028035,1,0.005607,1,113.868591523621,1,4.85669017605394,518,1,8.71199989318848,34.9990005493164,0.0280349999666214,0,109.803001403809,-86.9462,27.0891,9.93393968454273,63,63,63,63,61,63,0,7818,1.13366707078925,27,-87,0.001869,51,2025-09-22 00:09:35.000013,518,1.037,0.0011,"aoml_navis",1029.50771384443
"7901009",85,0,1,0.029904,1,0.007476,1,113.949996879308,1,4.85661932447454,520,1,8.65299987792969,34.9939994812012,0.0299040004611015,0,109.881500244141,-86.9462,27.0891,9.93393968454273,63,63,63,63,61,63,0,7818,1.13366707078925,27,-87,0.001869,51,2025-09-22 00:09:35.000013,520,1.037,0.0011,"aoml_navis",1029.52273298484
"7901009",85,0,1,0.024297,1,0.001869,1,113.984010060774,1,4.85656549074264,522,1,8.63399982452393,34.9930000305176,0.0242970008403063,0,109.91429901123,-86.9462,27.0891,9.93393968454273,63,63,63,63,61,63,0,7818,1.13366707078925,27,-87,0.001869,51,2025-09-22 00:09:35.000013,522,1.037,0.0011,"aoml_navis",1029.53414496948
"7901009",85,0,1,0.029904,1,0.007476,1,113.987538760224,1,4.85650982017113,524,1,8.60799980163574,34.9910011291504,0.0299040004611015,0,109.917701721191,-86.9462,27.0891,9.93393968454273,63,63,63,63,61,63,0,7818,1.13366707078925,27,-87,0.001869,51,2025-09-22 00:09:35.000013,524,1.037,0.0011,"aoml_navis",1029.54594660406
"7901009",85,0,1,0.028035,1,0.005607,1,113.925628282213,1,4.85646208017723,526,1,8.59200000762939,34.9889984130859,0.0280349999666214,0,109.858001708984,-86.9462,27.0891,9.93393968454273,63,63,63,63,61,63,0,7818,1.13366707078925,27,-87,0.001869,51,2025-09-22 00:09:35.000013,526,1.037,0.0011,"aoml_navis",1029.5560672467
"7901009",85,0,1,0.035511,1,0.013083,1,113.887564217074,1,4.8564124970596,528,1,8.58300018310547,34.9889984130859,0.0355109982192516,0,109.821296691895,-86.9462,27.0891,9.93393968454273,63,63,63,63,61,63,0,7818,1.13366707078925,27,-87,0.001869,51,2025-09-22 00:09:35.000013,528,1.037,0.0011,"aoml_navis",1029.56657883311
"7901009",85,0,1,0.029904,1,0.007476,1,113.925525427744,1,4.85635713602259,530,1,8.5620002746582,34.9879989624023,0.0299040004611015,0,109.857902526855,-86.9462,27.0891,9.93393968454273,63,63,63,63,61,63,0,7818,1.13366707078925,27,-87,0.001869,51,2025-09-22 00:09:35.000013,530,1.037,0.0011,"aoml_navis",1029.57831558802
"7901009",85,0,1,0.028035,1,0.005607,1,113.973020456435,1,4.85630468403882,532,1,8.53999996185303,34.9860000610352,0.0280349999666214,0,109.903701782227,-86.9462,27.0891,9.93393968454273,63,63,63,63,61,63,0,7818,1.13366707078925,27,-87,0.001869,51,2025-09-22 00:09:35.000013,532,1.037,0.0011,"aoml_navis",1029.58943585922
"7901009",85,0,1,0.024297,1,0.001869,1,113.952591976662,1,4.85624335598955,534,1,8.5019998550415,34.9830017089844,0.0242970008403063,0,109.884002685547,-86.9462,27.0891,9.93393968454273,63,63,63,63,61,63,0,7818,1.13366707078925,27,-87,0.001869,51,2025-09-22 00:09:35.000013,534,1.037,0.0011,"aoml_navis",1029.60243823719
"7901009",85,0,1,0.033642,1,0.011214,1,113.952591976662,1,4.85618366986217,536,1,8.46599960327148,34.9799995422363,0.0336420014500618,0,109.884002685547,-86.9462,27.0891,9.93393968454273,63,63,63,63,61,63,0,7818,1.13366707078925,27,-87,0.001869,51,2025-09-22 00:09:35.000013,536,1.037,0.0011,"aoml_navis",1029.6150928208
"7901009",85,0,1,0.031773,1,0.009345,1,114.07796366159,1,4.85612660339826,538,1,8.4379997253418,34.9780006408691,0.0317730009555817,0,110.004898071289,-86.9462,27.0891,9.93393968454273,63,63,63,63,61,63,0,7818,1.13366707078925,27,-87,0.001869,51,2025-09-22 00:09:35.000013,538,1.037,0.0011,"aoml_navis",1029.62719227729
"7901009",85,0,1,0.031773,1,0.009345,1,114.258409958331,1,4.85607013725059,540,1,8.4060001373291,34.9749984741211,0.0317730009555817,0,110.178901672363,-86.9462,27.0891,9.93393968454273,63,63,63,63,61,63,0,7818,1.13366707078925,27,-87,0.001869,51,2025-09-22 00:09:35.000013,540,1.037,0.0011,"aoml_navis",1029.63916473227
"7901009",85,0,1,0.033642,1,0.011214,1,114.351738520454,1,4.85602250334909,542,1,8.39000034332275,34.9729995727539,0.0336420014500618,0,110.268898010254,-86.9462,27.0891,9.93393968454273,63,63,63,63,61,63,0,7818,1.13366707078925,27,-87,0.001869,51,2025-09-22 00:09:35.000013,542,1.037,0.0011,"aoml_navis",1029.64926471235
"7901009",85,0,1,0.031773,1,0.009345,1,114.572733213337,1,4.85596998079351,544,1,8.36299991607666,34.9700012207031,0.0317730009555817,0,110.482002258301,-86.9462,27.0891,9.93393968454273,63,63,63,63,61,63,0,7818,1.13366707078925,27,-87,0.001869,51,2025-09-22 00:09:35.000013,544,1.037,0.0011,"aoml_navis",1029.66040148027
"7901009",85,0,1,0.026166,1,0.003738,1,114.827218903461,1,4.85591008316871,546,1,8.31700038909912,34.9650001525879,0.0261659994721413,0,110.727401733398,-86.9462,27.0891,9.93393968454273,63,63,63,63,61,63,0,7818,1.13366707078925,27,-87,0.001869,51,2025-09-22 00:09:35.000013,546,1.037,0.0011,"aoml_navis",1029.6731023358
"7901009",85,0,1,0.028035,1,0.005607,1,115.146930150228,1,4.85585124858216,548,1,8.27700042724609,34.9609985351562,0.0280349999666214,0,111.035697937012,-86.9462,27.0891,9.93393968454273,63,63,63,63,61,63,0,7818,1.13366707078925,27,-87,0.001869,51,2025-09-22 00:09:35.000013,548,1.037,0.0011,"aoml_navis",1029.68557808683
"7901009",85,0,1,0.024297,1,0.001869,1,115.573254009288,1,4.8557664372092,550,1,8.18900012969971,34.9539985656738,0.0242970008403063,0,111.446800231934,-86.9462,27.0891,9.93393968454273,63,63,63,63,61,63,0,7818,1.13366707078925,27,-87,0.001869,51,2025-09-22 00:09:35.000013,550,1.037,0.0011,"aoml_navis",1029.70356269312
"7901009",85,0,1,0.029904,1,0.007476,1,115.754111723902,1,4.8557101211364,552,1,8.15200042724609,34.9500007629395,0.0299040004611015,0,111.621200561523,-86.9462,27.0891,9.93393968454273,63,63,63,63,61,63,0,7818,1.13366707078925,27,-87,0.001869,51,2025-09-22 00:09:35.000013,552,1.037,0.0011,"aoml_navis",1029.71550509894
"7901009",85,0,1,0.028035,1,0.005607,1,115.843500168704,1,4.85565648806591,554,1,8.12800025939941,34.9480018615723,0.0280349999666214,0,111.707397460938,-86.9462,27.0891,9.93393968454273,63,63,63,63,61,63,0,7818,1.13366707078925,27,-87,0.001869,51,2025-09-22 00:09:35.000013,554,1.037,0.0011,"aoml_navis",1029.7268788039
"7901009",85,0,1,0.028035,1,0.005607,1,115.907174996439,1,4.85560765803536,556,1,8.11499977111816,34.9469985961914,0.0280349999666214,0,111.768798828125,-86.9462,27.0891,9.93393968454273,63,63,63,63,61,63,0,7818,1.13366707078925,27,-87,0.001869,51,2025-09-22 00:09:35.000013,556,1.037,0.0011,"aoml_navis",1029.73723417
"7901009",85,0,1,0.033642,1,0.011214,1,115.964108900563,1,4.85556128293653,558,1,8.10999965667725,34.9469985961914,0.0336420014500618,0,111.823699951172,-86.9462,27.0891,9.93393968454273,63,63,63,63,61,63,0,7818,1.13366707078925,27,-87,0.001869,51,2025-09-22 00:09:35.000013,558,1.037,0.0011,"aoml_navis",1029.74706911249
"7901009",85,0,1,0.026166,1,0.003738,1,116.016896978427,1,4.85552012958968,560,1,8.10700035095215,34.9459991455078,0.0261659994721413,0,111.874603271484,-86.9462,27.0891,9.93393968454273,63,63,63,63,61,63,0,7818,1.13366707078925,27,-87,0.001869,51,2025-09-22 00:09:35.000013,560,1.037,0.0011,"aoml_navis",1029.75579681564
"7901009",85,0,1,0.033642,1,0.011214,1,116.13999004129,1,4.85547497790527,562,1,8.0939998626709,34.9440002441406,0.0336420014500618,0,111.993301391602,-86.9462,27.0891,9.93393968454273,63,63,63,63,61,63,0,7818,1.13366707078925,27,-87,0.001869,51,2025-09-22 00:09:35.000013,562,1.037,0.0011,"aoml_navis",1029.76537264683
"7901009",85,0,1,0.026166,1,0.003738,1,116.323332086906,1,4.85541204668044,564,1,8.05300045013428,34.9410018920898,0.0261659994721413,0,112.170097351074,-86.9462,27.0891,9.93393968454273,63,63,63,63,61,63,0,7818,1.13366707078925,27,-87,0.001869,51,2025-09-22 00:09:35.000013,564,1.037,0.0011,"aoml_navis",1029.77871948446
"7901009",85,0,1,0.031773,1,0.009345,1,116.41677141538,1,4.85535928069985,566,1,8.02999973297119,34.9389991760254,0.0317730009555817,0,112.260200500488,-86.9462,27.0891,9.93393968454273,63,63,63,63,61,63,0,7818,1.13366707078925,27,-87,0.001869,51,2025-09-22 00:09:35.000013,566,1.037,0.0011,"aoml_navis",1029.78991068181
"7901009",85,0,1,0.029904,1,0.007476,1,116.574296989463,1,4.85530422933093,568,1,8.00399971008301,34.9370002746582,0.0299040004611015,0,112.412101745605,-86.9462,27.0891,9.93393968454273,63,63,63,63,61,63,0,7818,1.13366707078925,27,-87,0.001869,51,2025-09-22 00:09:35.000013,568,1.037,0.0011,"aoml_navis",1029.80158684907
"7901009",85,0,1,0.029904,1,0.007476,1,116.729124611725,1,4.85524920488711,570,1,7.97800016403198,34.935001373291,0.0299040004611015,0,112.561401367188,-86.9462,27.0891,9.93393968454273,63,63,63,63,61,63,0,7818,1.13366707078925,27,-87,0.001869,51,2025-09-22 00:09:35.000013,570,1.037,0.0011,"aoml_navis",1029.81325757022
"7901009",85,0,1,0.029904,1,0.007476,1,116.853048422216,1,4.85520031653669,572,1,7.96000003814697,34.9329986572266,0.0299040004611015,0,112.68090057373,-86.9462,27.0891,9.93393968454273,63,63,63,63,61,63,0,7818,1.13366707078925,27,-87,0.001869,51,2025-09-22 00:09:35.000013,572,1.037,0.0011,"aoml_navis",1029.8236270438
"7901009",85,0,1,0.031773,1,0.009345,1,116.999790100896,1,4.85515447253572,574,1,7.94600009918213,34.9309997558594,0.0317730009555817,0,112.822402954102,-86.9462,27.0891,9.93393968454273,63,63,63,63,61,63,0,7818,1.13366707078925,27,-87,0.001869,51,2025-09-22 00:09:35.000013,574,1.037,0.0011,"aoml_navis",1029.83335098474
"7901009",85,0,1,0.029904,1,0.007476,1,117.192776730882,1,4.85510723591705,576,1,7.93499994277954,34.9300003051758,0.0299040004611015,0,113.008499145508,-86.9462,27.0891,9.93393968454273,63,63,63,63,61,63,0,7818,1.13366707078925,27,-87,0.001869,51,2025-09-22 00:09:35.000013,576,1.037,0.0011,"aoml_navis",1029.84337050499
"7901009",85,0,1,0.028035,1,0.005607,1,117.570774813624,1,4.8550513001209,578,1,7.89799976348877,34.9259986877441,0.0280349999666214,0,113.373001098633,-86.9462,27.0891,9.93393968454273,63,63,63,63,61,63,0,7818,1.13366707078925,27,-87,0.001869,51,2025-09-22 00:09:35.000013,578,1.037,0.0011,"aoml_navis",1029.85523548958
"7901009",85,0,1,0.029904,1,0.007476,1,117.971899327961,1,4.85497874487761,580,1,7.83900022506714,34.9220008850098,0.0299040004611015,0,113.759803771973,-86.9462,27.0891,9.93393968454273,63,63,63,63,61,63,0,7818,1.13366707078925,27,-87,0.001869,51,2025-09-22 00:09:35.000013,580,1.037,0.0011,"aoml_navis",1029.870626164
"7901009",85,0,1,0.029904,1,0.007476,1,118.409418500297,1,4.8549109722815,582,1,7.79099988937378,34.9189987182617,0.0299040004611015,0,114.181701660156,-86.9462,27.0891,9.93393968454273,63,63,63,63,61,63,0,7818,1.13366707078925,27,-87,0.001869,51,2025-09-22 00:09:35.000013,582,1.037,0.0011,"aoml_navis",1029.88500274194
"7901009",85,0,1,0.031773,1,0.009345,1,118.797369730814,1,4.85484621779706,584,1,7.74200010299683,34.9150009155273,0.0317730009555817,0,114.555801391602,-86.9462,27.0891,9.93393968454273,63,63,63,63,61,63,0,7818,1.13366707078925,27,-87,0.001869,51,2025-09-22 00:09:35.000013,584,1.037,0.0011,"aoml_navis",1029.89873946384
"7901009",85,0,1,0.029904,1,0.007476,1,118.940582710044,1,4.85479298306644,586,1,7.71799993515015,34.9129981994629,0.0299040004611015,0,114.693901062012,-86.9462,27.0891,9.93393968454273,63,63,63,63,61,63,0,7818,1.13366707078925,27,-87,0.001869,51,2025-09-22 00:09:35.000013,586,1.037,0.0011,"aoml_navis",1029.91003271201
"7901009",85,0,1,0.026166,1,0.003738,1,119.15991590767,1,4.85473825600764,588,1,7.69199991226196,34.9109992980957,0.0261659994721413,0,114.905403137207,-86.9462,27.0891,9.93393968454273,63,63,63,63,61,63,0,7818,1.13366707078925,27,-87,0.001869,51,2025-09-22 00:09:35.000013,588,1.037,0.0011,"aoml_navis",1029.92164280177
"7901009",85,0,1,0.031773,1,0.009345,1,119.271291473033,1,4.85468580367842,590,1,7.66900014877319,34.9090003967285,0.0317730009555817,0,115.012802124023,-86.9462,27.0891,9.93393968454273,63,63,63,63,61,63,0,7818,1.13366707078925,27,-87,0.001869,51,2025-09-22 00:09:35.000013,590,1.037,0.0011,"aoml_navis",1029.93277056395
"7901009",85,0,1,0.031773,1,0.009345,1,119.443746768778,1,4.85463873197788,592,1,7.66300010681152,34.9090003967285,0.0317730009555817,0,115.179100036621,-86.9462,27.0891,9.93393968454273,63,63,63,63,61,63,0,7818,1.13366707078925,27,-87,0.001869,51,2025-09-22 00:09:35.000013,592,1.037,0.0011,"aoml_navis",1029.94275703043
"7901009",85,0,1,0.029904,1,0.007476,1,119.68464775721,1,4.85459079425997,594,1,7.64599990844727,34.9070014953613,0.0299040004611015,0,115.411399841309,-86.9462,27.0891,9.93393968454273,63,63,63,63,61,63,0,7818,1.13366707078925,27,-87,0.001869,51,2025-09-22 00:09:35.000013,594,1.037,0.0011,"aoml_navis",1029.95292742531
"7901009",85,0,1,0.026166,1,0.003738,1,119.945771516478,1,4.85453236495823,596,1,7.6100001335144,34.9039993286133,0.0261659994721413,0,115.663200378418,-86.9462,27.0891,9.93393968454273,63,63,63,63,61,63,0,7818,1.13366707078925,27,-87,0.001869,51,2025-09-22 00:09:35.000013,596,1.037,0.0011,"aoml_navis",1029.96532397061
"7901009",85,0,1,0.026166,1,0.003738,1,120.087742330208,1,4.85447928371779,598,1,7.59100008010864,34.9029998779297,0.0261659994721413,0,115.800102233887,-86.9462,27.0891,9.93393968454273,63,63,63,63,61,63,0,7818,1.13366707078925,27,-87,0.001869,51,2025-09-22 00:09:35.000013,598,1.037,0.0011,"aoml_navis",1029.97658611301
"7901009",85,0,1,0.033642,1,0.011214,1,120.350313963914,1,4.85442170390531,600,1,7.56099987030029,34.9010009765625,0.0336420014500618,0,116.053298950195,-86.9462,27.0891,9.93393968454273,63,63,63,63,61,63,0,7818,1.13366707078925,27,-87,0.001869,51,2025-09-22 00:09:35.000013,600,1.037,0.0011,"aoml_navis",1029.98880298709
"7901009",85,0,1,0.026166,1,0.003738,1,120.538434786364,1,4.8543656818243,602,1,7.53800010681152,34.9000015258789,0.0261659994721413,0,116.234703063965,-86.9462,27.0891,9.93393968454273,63,63,63,63,61,63,0,7818,1.13366707078925,27,-87,0.001869,51,2025-09-22 00:09:35.000013,602,1.037,0.0011,"aoml_navis",1030.00068963098
"7901009",85,0,1,0.031773,1,0.009345,1,120.795926991714,1,4.85432006834581,604,1,7.52400016784668,34.8979988098145,0.0317730009555817,0,116.483001708984,-86.9462,27.0891,9.93393968454273,63,63,63,63,61,63,0,7818,1.13366707078925,27,-87,0.001869,51,2025-09-22 00:09:35.000013,604,1.037,0.0011,"aoml_navis",1030.01036800275
"7901009",85,0,1,0.031773,1,0.009345,1,121.05311063366,1,4.85426482034833,606,1,7.5019998550415,34.8969993591309,0.0317730009555817,0,116.731002807617,-86.9462,27.0891,9.93393968454273,63,63,63,63,61,63,0,7818,1.13366707078925,27,-87,0.001869,51,2025-09-22 00:09:35.000013,606,1.037,0.0011,"aoml_navis",1030.02209089228
"7901009",85,0,1,0.028035,1,0.005607,1,121.398337700438,1,4.85420956912635,608,1,7.47499990463257,34.8950004577637,0.0280349999666214,0,117.063903808594,-86.9462,27.0891,9.93393968454273,63,63,63,63,61,63,0,7818,1.13366707078925,27,-87,0.001869,51,2025-09-22 00:09:35.000013,608,1.037,0.0011,"aoml_navis",1030.03381473287
"7901009",85,0,1,0.029904,1,0.007476,1,121.706845722046,1,4.85414768713313,610,1,7.43900012969971,34.8930015563965,0.0299040004611015,0,117.361396789551,-86.9462,27.0891,9.93393968454273,63,63,63,63,61,63,0,7818,1.13366707078925,27,-87,0.001869,51,2025-09-22 00:09:35.000013,610,1.037,0.0011,"aoml_navis",1030.04694588372
"7901009",85,0,1,0.028035,1,0.005607,1,121.851720196533,1,4.85409621171454,612,1,7.41699981689453,34.890998840332,0.0280349999666214,0,117.501098632812,-86.9462,27.0891,9.93393968454273,63,63,63,63,61,63,0,7818,1.13366707078925,27,-87,0.001869,51,2025-09-22 00:09:35.000013,612,1.037,0.0011,"aoml_navis",1030.05786904952
"7901009",85,0,1,0.031773,1,0.009345,1,122.100295710674,1,4.85403957944657,614,1,7.39300012588501,34.8899993896484,0.0317730009555817,0,117.740798950195,-86.9462,27.0891,9.93393968454273,63,63,63,63,61,63,0,7818,1.13366707078925,27,-87,0.001869,51,2025-09-22 00:09:35.000013,614,1.037,0.0011,"aoml_navis",1030.06988677461
"7901009",85,0,1,0.031773,1,0.009345,1,122.306661333417,1,4.85398517996328,616,1,7.37200021743774,34.8889999389648,0.0317730009555817,0,117.939796447754,-86.9462,27.0891,9.93393968454273,63,63,63,63,61,63,0,7818,1.13366707078925,27,-87,0.001869,51,2025-09-22 00:09:35.000013,616,1.037,0.0011,"aoml_navis",1030.08143095275
"7901009",85,0,1,0.029904,1,0.007476,1,122.523090870285,1,4.85392343817994,618,1,7.34100008010864,34.8880004882812,0.0299040004611015,0,118.148498535156,-86.9462,27.0891,9.93393968454273,63,63,63,63,61,63,0,7818,1.13366707078925,27,-87,0.001869,51,2025-09-22 00:09:35.000013,618,1.037,0.0011,"aoml_navis",1030.09453356249
"7901009",85,0,1,0.028035,1,0.005607,1,122.668479617113,1,4.85387349009102,620,1,7.32600021362305,34.8870010375977,0.0280349999666214,0,118.288696289062,-86.9462,27.0891,9.93393968454273,63,63,63,63,61,63,0,7818,1.13366707078925,27,-87,0.001869,51,2025-09-22 00:09:35.000013,620,1.037,0.0011,"aoml_navis",1030.10513360253
"7901009",85,0,1,0.029904,1,0.007476,1,122.797593622309,1,4.85381544262385,622,1,7.30999994277954,34.8880004882812,0.0299040004611015,0,118.413200378418,-86.9462,27.0891,9.93393968454273,63,63,63,63,61,63,0,7818,1.13366707078925,27,-87,0.001869,51,2025-09-22 00:09:35.000013,622,1.037,0.0011,"aoml_navis",1030.1174527759
"7901009",85,0,1,0.029904,1,0.007476,1,122.919650228607,1,4.85376402670971,624,1,7.2979998588562,34.8880004882812,0.0299040004611015,0,118.530899047852,-86.9462,27.0891,9.93393968454273,63,63,63,63,61,63,0,7818,1.13366707078925,27,-87,0.001869,51,2025-09-22 00:09:35.000013,624,1.037,0.0011,"aoml_navis",1030.12836480834
"7901009",85,0,1,0.033642,1,0.011214,1,123.046271990918,1,4.85371701886367,626,1,7.29199981689453,34.8880004882812,0.0336420014500618,0,118.65299987793,-86.9462,27.0891,9.93393968454273,63,63,63,63,61,63,0,7818,1.13366707078925,27,-87,0.001869,51,2025-09-22 00:09:35.000013,626,1.037,0.0011,"aoml_navis",1030.13834151596
"7901009",85,0,1,0.029904,1,0.007476,1,123.396578486051,1,4.85366491774392,628,1,7.26900005340576,34.8860015869141,0.0299040004611015,0,118.990798950195,-86.9462,27.0891,9.93393968454273,63,63,63,63,61,63,0,7818,1.13366707078925,27,-87,0.001869,51,2025-09-22 00:09:35.000013,628,1.037,0.0011,"aoml_navis",1030.14939942004
"7901009",85,0,1,0.031773,1,0.009345,1,123.530669065135,1,4.85361209300608,630,1,7.25,34.8849983215332,0.0317730009555817,0,119.120101928711,-86.9462,27.0891,9.93393968454273,63,63,63,63,61,63,0,7818,1.13366707078925,27,-87,0.001869,51,2025-09-22 00:09:35.000013,630,1.037,0.0011,"aoml_navis",1030.16061114667
"7901009",85,0,1,0.031773,1,0.009345,1,123.742430591521,1,4.85356436245286,632,1,7.24300003051758,34.8849983215332,0.0317730009555817,0,119.32430267334,-86.9462,27.0891,9.93393968454273,63,63,63,63,61,63,0,7818,1.13366707078925,27,-87,0.001869,51,2025-09-22 00:09:35.000013,632,1.037,0.0011,"aoml_navis",1030.17074187374
"7901009",85,0,1,0.033642,1,0.011214,1,123.96010229389,1,4.85350061156681,634,1,7.2039999961853,34.882999420166,0.0336420014500618,0,119.534202575684,-86.9462,27.0891,9.93393968454273,63,63,63,63,61,63,0,7818,1.13366707078925,27,-87,0.001869,51,2025-09-22 00:09:35.000013,634,1.037,0.0011,"aoml_navis",1030.18427319944
"7901009",85,0,1,0.029904,1,0.007476,1,124.047829243435,1,4.85344632143857,636,1,7.18800020217896,34.882999420166,0.0299040004611015,0,119.618797302246,-86.9462,27.0891,9.93393968454273,63,63,63,63,61,63,0,7818,1.13366707078925,27,-87,0.001869,51,2025-09-22 00:09:35.000013,636,1.037,0.0011,"aoml_navis",1030.19579672986
"7901009",85,0,1,0.029904,1,0.007476,1,124.165534314536,1,4.85339422789883,638,1,7.17500019073486,34.882999420166,0.0299040004611015,0,119.732299804688,-86.9462,27.0891,9.93393968454273,63,63,63,63,61,63,0,7818,1.13366707078925,27,-87,0.001869,51,2025-09-22 00:09:35.000013,638,1.037,0.0011,"aoml_navis",1030.2068542585
"7901009",85,0,1,0.028035,1,0.005607,1,124.361535371631,1,4.85334947132254,640,1,7.16699981689453,34.8819999694824,0.0280349999666214,0,119.92130279541,-86.9462,27.0891,9.93393968454273,63,63,63,63,61,63,0,7818,1.13366707078925,27,-87,0.001869,51,2025-09-22 00:09:35.000013,640,1.037,0.0011,"aoml_navis",1030.21635461118
"7901009",85,0,1,0.028035,1,0.005607,1,124.621409053516,1,4.85329451916413,642,1,7.14499998092651,34.8810005187988,0.0280349999666214,0,120.171897888184,-86.9462,27.0891,9.93393968454273,63,63,63,63,61,63,0,7818,1.13366707078925,27,-87,0.001869,51,2025-09-22 00:09:35.000013,642,1.037,0.0011,"aoml_navis",1030.22801939107
"7901009",85,0,1,0.031773,1,0.009345,1,124.648269893497,1,4.85323389143482,644,1,7.10500001907349,34.8779983520508,0.0317730009555817,0,120.197799682617,-86.9462,27.0891,9.93393968454273,63,63,63,63,61,63,0,7818,1.13366707078925,27,-87,0.001869,51,2025-09-22 00:09:35.000013,644,1.037,0.0011,"aoml_navis",1030.24088923969
"7901009",85,0,1,0.031773,1,0.009345,1,124.34566413599,1,4.85318546607504,646,1,7.09700012207031,34.8779983520508,0.0317730009555817,0,119.90599822998,-86.9462,27.0891,9.93393968454273,63,63,63,63,61,63,0,7818,1.13366707078925,27,-87,0.001869,51,2025-09-22 00:09:35.000013,646,1.037,0.0011,"aoml_navis",1030.2511690417
"7901009",85,0,1,0.028035,1,0.005607,1,123.858054837611,1,4.85313530462642,648,1,7.11199998855591,34.882999420166,0.0280349999666214,0,119.43579864502,-86.9462,27.0891,9.93393968454273,63,63,63,63,61,63,0,7818,1.13366707078925,27,-87,0.001869,51,2025-09-22 00:09:35.000013,648,1.037,0.0011,"aoml_navis",1030.26181759935
"7901009",85,0,1,0.028035,1,0.005607,1,124.115341334025,1,4.85308662178576,650,1,7.12900018692017,34.8880004882812,0.0280349999666214,0,119.683898925781,-86.9462,27.0891,9.93393968454273,63,63,63,63,61,63,0,7818,1.13366707078925,27,-87,0.001869,51,2025-09-22 00:09:35.000013,650,1.037,0.0011,"aoml_navis",1030.27215248018
"7901009",85,0,1,0.029904,1,0.007476,1,124.806206885453,1,4.85303751423464,652,1,7.11499977111816,34.8870010375977,0.0299040004611015,0,120.35009765625,-86.9462,27.0891,9.93393968454273,63,63,63,63,61,63,0,7818,1.13366707078925,27,-87,0.001869,51,2025-09-22 00:09:35.000013,652,1.037,0.0011,"aoml_navis",1030.28257773287
"7901009",85,0,1,0.033642,1,0.011214,1,125.524866878958,1,4.85298707933643,654,1,7.08900022506714,34.8839988708496,0.0336420014500618,0,121.043098449707,-86.9462,27.0891,9.93393968454273,63,63,63,63,61,63,0,7818,1.13366707078925,27,-87,0.001869,51,2025-09-22 00:09:35.000013,654,1.037,0.0011,"aoml_navis",1030.29328499339
"7901009",85,0,1,0.031773,1,0.009345,1,126.220606149805,1,4.85292164998742,656,1,7.02699995040894,34.8779983520508,0.0317730009555817,0,121.713996887207,-86.9462,27.0891,9.93393968454273,63,63,63,63,61,63,0,7818,1.13366707078925,27,-87,0.001869,51,2025-09-22 00:09:35.000013,656,1.037,0.0011,"aoml_navis",1030.30717588712
"7901009",85,0,1,0.029904,1,0.007476,1,126.32161714952,1,4.85286776110058,658,1,6.99100017547607,34.8740005493164,0.0299040004611015,0,121.811401367188,-86.9462,27.0891,9.93393968454273,63,63,63,63,61,63,0,7818,1.13366707078925,27,-87,0.001869,51,2025-09-22 00:09:35.000013,658,1.037,0.0011,"aoml_navis",1030.31861697918
"7901009",85,0,1,0.029904,1,0.007476,1,126.495314610766,1,4.85280822728464,660,1,6.98799991607666,34.8779983520508,0.0299040004611015,0,121.978897094727,-86.9462,27.0891,9.93393968454273,63,63,63,63,61,63,0,7818,1.13366707078925,27,-87,0.001869,51,2025-09-22 00:09:35.000013,660,1.037,0.0011,"aoml_navis",1030.33125683553
"7901009",85,0,1,0.024297,1,0.001869,1,126.986041190723,1,4.85274108428862,662,1,6.9539999961853,34.8779983520508,0.0242970008403063,0,122.452102661133,-86.9462,27.0891,9.93393968454273,63,63,63,63,61,63,0,7818,1.13366707078925,27,-87,0.001869,51,2025-09-22 00:09:35.000013,662,1.037,0.0011,"aoml_navis",1030.34551259867
"7901009",85,0,1,0.029904,1,0.007476,1,127.352836048306,1,4.85268639748141,664,1,6.92700004577637,34.8759994506836,0.0299040004611015,0,122.805801391602,-86.9462,27.0891,9.93393968454273,63,63,63,63,61,63,0,7818,1.13366707078925,27,-87,0.001869,51,2025-09-22 00:09:35.000013,664,1.037,0.0011,"aoml_navis",1030.35712396232
"7901009",85,0,1,0.029904,1,0.007476,1,127.623398683008,1,4.85263676820081,666,1,6.90700006484985,34.8740005493164,0.0299040004611015,0,123.066703796387,-86.9462,27.0891,9.93393968454273,63,63,63,63,61,63,0,7818,1.13366707078925,27,-87,0.001869,51,2025-09-22 00:09:35.000013,666,1.037,0.0011,"aoml_navis",1030.36766171432
"7901009",85,0,1,0.029904,1,0.007476,1,127.702936834503,1,4.85258849168141,668,1,6.89400005340576,34.8730010986328,0.0299040004611015,0,123.143402099609,-86.9462,27.0891,9.93393968454273,63,63,63,63,61,63,0,7818,1.13366707078925,27,-87,0.001869,51,2025-09-22 00:09:35.000013,668,1.037,0.0011,"aoml_navis",1030.37791244225
"7901009",85,0,1,0.029904,1,0.007476,1,127.935435404066,1,4.85253643499696,670,1,6.88600015640259,34.8740005493164,0.0299040004611015,0,123.367599487305,-86.9462,27.0891,9.93393968454273,63,63,63,63,61,63,0,7818,1.13366707078925,27,-87,0.001869,51,2025-09-22 00:09:35.000013,670,1.037,0.0011,"aoml_navis",1030.38896605485
"7901009",85,0,1,0.026166,1,0.003738,1,128.277553101149,1,4.85247669593914,672,1,6.85699987411499,34.8730010986328,0.0261659994721413,0,123.69750213623,-86.9462,27.0891,9.93393968454273,63,63,63,63,61,63,0,7818,1.13366707078925,27,-87,0.001869,51,2025-09-22 00:09:35.000013,672,1.037,0.0011,"aoml_navis",1030.40165121953
"7901009",85,0,1,0.029904,1,0.007476,1,128.811201641899,1,4.85241462410483,674,1,6.83500003814697,34.8740005493164,0.0299040004611015,0,124.212097167969,-86.9462,27.0891,9.93393968454273,63,63,63,63,61,63,0,7818,1.13366707078925,27,-87,0.001869,51,2025-09-22 00:09:35.000013,674,1.037,0.0011,"aoml_navis",1030.41483206361
"7901009",85,0,1,0.033642,1,0.011214,1,129.488696112453,1,4.85236220391546,676,1,6.81099987030029,34.8720016479492,0.0336420014500618,0,124.86540222168,-86.9462,27.0891,9.93393968454273,63,63,63,63,61,63,0,7818,1.13366707078925,27,-87,0.001869,51,2025-09-22 00:09:35.000013,676,1.037,0.0011,"aoml_navis",1030.42596366063
"7901009",85,0,1,0.031773,1,0.009345,1,130.081770800212,1,4.85230566120792,678,1,6.77600002288818,34.8689994812012,0.0317730009555817,0,125.437301635742,-86.9462,27.0891,9.93393968454273,63,63,63,63,61,63,0,7818,1.13366707078925,27,-87,0.001869,51,2025-09-22 00:09:35.000013,678,1.037,0.0011,"aoml_navis",1030.43797095736
"7901009",85,0,1,0.028035,1,0.005607,1,130.330654877757,1,4.85224177941692,680,1,6.74100017547607,34.8680000305176,0.0280349999666214,0,125.677299499512,-86.9462,27.0891,9.93393968454273,63,63,63,63,61,63,0,7818,1.13366707078925,27,-87,0.001869,51,2025-09-22 00:09:35.000013,680,1.037,0.0011,"aoml_navis",1030.45153710392
"7901009",85,0,1,0.028035,1,0.005607,1,130.388103054222,1,4.85218335930594,682,1,6.72399997711182,34.8689994812012,0.0280349999666214,0,125.732696533203,-86.9462,27.0891,9.93393968454273,63,63,63,63,61,63,0,7818,1.13366707078925,27,-87,0.001869,51,2025-09-22 00:09:35.000013,682,1.037,0.0011,"aoml_navis",1030.4639437029
"7901009",85,0,1,0.028035,1,0.005607,1,130.232658305151,1,4.8521380099861,684,1,6.71500015258789,34.8680000305176,0.0280349999666214,0,125.582801818848,-86.9462,27.0891,9.93393968454273,63,63,63,63,61,63,0,7818,1.13366707078925,27,-87,0.001869,51,2025-09-22 00:09:35.000013,684,1.037,0.0011,"aoml_navis",1030.47357468184
"7901009",85,0,1,0.026166,1,0.003738,1,130.036760102524,1,4.85208146338725,686,1,6.71099996566772,34.8709983825684,0.0261659994721413,0,125.393898010254,-86.9462,27.0891,9.93393968454273,63,63,63,63,61,63,0,7818,1.13366707078925,27,-87,0.001869,51,2025-09-22 00:09:35.000013,686,1.037,0.0011,"aoml_navis",1030.48558391464
"7901009",85,0,1,0.028035,1,0.005607,1,130.15903032964,1,4.85202717201048,688,1,6.70499992370605,34.8730010986328,0.0280349999666214,0,125.51180267334,-86.9462,27.0891,9.93393968454273,63,63,63,63,61,63,0,7818,1.13366707078925,27,-87,0.001869,51,2025-09-22 00:09:35.000013,688,1.037,0.0011,"aoml_navis",1030.4971144521
"7901009",85,0,1,0.031773,1,0.009345,1,130.329721275661,1,4.85197814201087,690,1,6.69600009918213,34.8730010986328,0.0317730009555817,0,125.676399230957,-86.9462,27.0891,9.93393968454273,63,63,63,63,61,63,0,7818,1.13366707078925,27,-87,0.001869,51,2025-09-22 00:09:35.000013,690,1.037,0.0011,"aoml_navis",1030.50752778696
"7901009",85,0,1,0.031773,1,0.009345,1,130.639273665716,1,4.85192627519623,692,1,6.68300008773804,34.8730010986328,0.0317730009555817,0,125.974899291992,-86.9462,27.0891,9.93393968454273,63,63,63,63,61,63,0,7818,1.13366707078925,27,-87,0.001869,51,2025-09-22 00:09:35.000013,692,1.037,0.0011,"aoml_navis",1030.51854385355
"7901009",85,0,1,0.028035,1,0.005607,1,130.940320782434,1,4.85187952117399,694,1,6.67199993133545,34.8720016479492,0.0280349999666214,0,126.265197753906,-86.9462,27.0891,9.93393968454273,63,63,63,63,61,63,0,7818,1.13366707078925,27,-87,0.001869,51,2025-09-22 00:09:35.000013,694,1.037,0.0011,"aoml_navis",1030.52847420873
"7901009",85,0,1,0.029904,1,0.007476,1,131.276528303533,1,4.85182782293262,696,1,6.65399980545044,34.8709983825684,0.0299040004611015,0,126.589401245117,-86.9462,27.0891,9.93393968454273,63,63,63,63,61,63,0,7818,1.13366707078925,27,-87,0.001869,51,2025-09-22 00:09:35.000013,696,1.037,0.0011,"aoml_navis",1030.5394549178
"7901009",85,0,1,0.033642,1,0.011214,1,131.575193943717,1,4.85176306927479,698,1,6.62799978256226,34.8720016479492,0.0336420014500618,0,126.877403259277,-86.9462,27.0891,9.93393968454273,63,63,63,63,61,63,0,7818,1.13366707078925,27,-87,0.001869,51,2025-09-22 00:09:35.000013,698,1.037,0.0011,"aoml_navis",1030.5532089281
"7901009",85,0,1,0.033642,1,0.011214,1,131.897603142305,1,4.85170786650863,700,1,6.60500001907349,34.8709983825684,0.0336420014500618,0,127.188301086426,-86.9462,27.0891,9.93393968454273,63,63,63,63,61,63,0,7818,1.13366707078925,27,-87,0.001869,51,2025-09-22 00:09:35.000013,700,1.037,0.0011,"aoml_navis",1030.56493456975
"7901009",85,0,1,0.029904,1,0.007476,1,132.074726448533,1,4.85165462922793,702,1,6.59000015258789,34.8709983825684,0.0299040004611015,0,127.359100341797,-86.9462,27.0891,9.93393968454273,63,63,63,63,61,63,0,7818,1.13366707078925,27,-87,0.001869,51,2025-09-22 00:09:35.000013,702,1.037,0.0011,"aoml_navis",1030.57624297459
"7901009",85,0,1,0.028035,1,0.005607,1,132.170135835669,1,4.85160634007135,704,1,6.58199977874756,34.8709983825684,0.0280349999666214,0,127.451103210449,-86.9462,27.0891,9.93393968454273,63,63,63,63,61,63,0,7818,1.13366707078925,27,-87,0.001869,51,2025-09-22 00:09:35.000013,704,1.037,0.0011,"aoml_navis",1030.58650053757
"7901009",85,0,1,0.029904,1,0.007476,1,132.31313519408,1,4.85156017157592,706,1,6.5770001411438,34.8709983825684,0.0299040004611015,0,127.588996887207,-86.9462,27.0891,9.93393968454273,63,63,63,63,61,63,0,7818,1.13366707078925,27,-87,0.001869,51,2025-09-22 00:09:35.000013,706,1.037,0.0011,"aoml_navis",1030.5963078215
"7901009",85,0,1,0.031773,1,0.009345,1,132.461641222485,1,4.85151486965343,708,1,6.56799983978271,34.8699989318848,0.0317730009555817,0,127.732200622559,-86.9462,27.0891,9.93393968454273,63,63,63,63,61,63,0,7818,1.13366707078925,27,-87,0.001869,51,2025-09-22 00:09:35.000013,708,1.037,0.0011,"aoml_navis",1030.60593120622
"7901009",85,0,1,0.026166,1,0.003738,1,132.649856987521,1,4.85146799923254,710,1,6.56199979782104,34.8699989318848,0.0261659994721413,0,127.913696289062,-86.9462,27.0891,9.93393968454273,63,63,63,63,61,63,0,7818,1.13366707078925,27,-87,0.001869,51,2025-09-22 00:09:35.000013,710,1.037,0.0011,"aoml_navis",1030.61588797266
"7901009",85,0,1,0.028035,1,0.005607,1,132.938783100749,1,4.85141972022765,712,1,6.55399990081787,34.8699989318848,0.0280349999666214,0,128.192306518555,-86.9462,27.0891,9.93393968454273,63,63,63,63,61,63,0,7818,1.13366707078925,27,-87,0.001869,51,2025-09-22 00:09:35.000013,712,1.037,0.0011,"aoml_navis",1030.62614416824
"7901009",85,0,1,0.028035,1,0.005607,1,133.300387763626,1,4.85136157731094,714,1,6.53200006484985,34.8699989318848,0.0280349999666214,0,128.541000366211,-86.9462,27.0891,9.93393968454273,63,63,63,63,61,63,0,7818,1.13366707078925,27,-87,0.001869,51,2025-09-22 00:09:35.000013,714,1.037,0.0011,"aoml_navis",1030.63849608411
"7901009",85,0,1,0.031773,1,0.009345,1,133.583601497924,1,4.85130081116354,716,1,6.50099992752075,34.8689994812012,0.0317730009555817,0,128.814102172852,-86.9462,27.0891,9.93393968454273,63,63,63,63,61,63,0,7818,1.13366707078925,27,-87,0.001869,51,2025-09-22 00:09:35.000013,716,1.037,0.0011,"aoml_navis",1030.65140559709
"7901009",85,0,1,0.029904,1,0.007476,1,133.786952693559,1,4.85123481256366,718,1,6.47300004959106,34.8699989318848,0.0299040004611015,0,129.010192871094,-86.9462,27.0891,9.93393968454273,63,63,63,63,61,63,0,7818,1.13366707078925,27,-87,0.001869,51,2025-09-22 00:09:35.000013,718,1.037,0.0011,"aoml_navis",1030.66542708901
"7901009",85,0,1,0.029904,1,0.007476,1,133.979116487799,1,4.8511744513529,720,1,6.45300006866455,34.8709983825684,0.0299040004611015,0,129.195495605469,-86.9462,27.0891,9.93393968454273,63,63,63,63,61,63,0,7818,1.13366707078925,27,-87,0.001869,51,2025-09-22 00:09:35.000013,720,1.037,0.0011,"aoml_navis",1030.678251244
"7901009",85,0,1,0.028035,1,0.005607,1,134.150851802267,1,4.85111899377206,722,1,6.44000005722046,34.8720016479492,0.0280349999666214,0,129.361099243164,-86.9462,27.0891,9.93393968454273,63,63,63,63,61,63,0,7818,1.13366707078925,27,-87,0.001869,51,2025-09-22 00:09:35.000013,722,1.037,0.0011,"aoml_navis",1030.69003387035
"7901009",85,0,1,0.029904,1,0.007476,1,134.390613479666,1,4.85107584949634,724,1,6.43400001525879,34.8709983825684,0.0299040004611015,0,129.592300415039,-86.9462,27.0891,9.93393968454273,63,63,63,63,61,63,0,7818,1.13366707078925,27,-87,0.001869,51,2025-09-22 00:09:35.000013,724,1.037,0.0011,"aoml_navis",1030.69920057406
"7901009",85,0,1,0.029904,1,0.007476,1,134.723292301315,1,4.85102270337475,726,1,6.41900014877319,34.8709983825684,0.0299040004611015,0,129.913101196289,-86.9462,27.0891,9.93393968454273,63,63,63,63,61,63,0,7818,1.13366707078925,27,-87,0.001869,51,2025-09-22 00:09:35.000013,726,1.037,0.0011,"aoml_navis",1030.71049255688
"7901009",85,0,1,0.033642,1,0.011214,1,134.897306237849,1,4.85097535189403,728,1,6.40700006484985,34.8699989318848,0.0336420014500618,0,130.080902099609,-86.9462,27.0891,9.93393968454273,63,63,63,63,61,63,0,7818,1.13366707078925,27,-87,0.001869,51,2025-09-22 00:09:35.000013,728,1.037,0.0011,"aoml_navis",1030.72055355791
"7901009",85,0,1,0.029904,1,0.007476,1,135.137273624185,1,4.85091643481625,730,1,6.38899993896484,34.8709983825684,0.0299040004611015,0,130.312301635742,-86.9462,27.0891,9.93393968454273,63,63,63,63,61,63,0,7818,1.13366707078925,27,-87,0.001869,51,2025-09-22 00:09:35.000013,730,1.037,0.0011,"aoml_navis",1030.73307223224
"7901009",85,0,1,0.029904,1,0.007476,1,135.43510851674,1,4.85086470924225,732,1,6.37599992752075,34.8709983825684,0.0299040004611015,0,130.599502563477,-86.9462,27.0891,9.93393968454273,63,63,63,63,61,63,0,7818,1.13366707078925,27,-87,0.001869,51,2025-09-22 00:09:35.000013,732,1.037,0.0011,"aoml_navis",1030.74406310974
"7901009",85,0,1,0.028035,1,0.005607,1,135.715521444749,1,4.85081508378058,734,1,6.36600017547607,34.8709983825684,0.0280349999666214,0,130.869903564453,-86.9462,27.0891,9.93393968454273,63,63,63,63,61,63,0,7818,1.13366707078925,27,-87,0.001869,51,2025-09-22 00:09:35.000013,734,1.037,0.0011,"aoml_navis",1030.75460796645
"7901009",85,0,1,0.028035,1,0.005607,1,136.13904449752,1,4.85075988131865,736,1,6.34800004959106,34.8709983825684,0.0280349999666214,0,131.278305053711,-86.9462,27.0891,9.93393968454273,63,63,63,63,61,63,0,7818,1.13366707078925,27,-87,0.001869,51,2025-09-22 00:09:35.000013,736,1.037,0.0011,"aoml_navis",1030.76633812696
"7901009",85,0,1,0.029904,1,0.007476,1,136.493386052561,1,4.85070538726791,738,1,6.33099985122681,34.8709983825684,0.0299040004611015,0,131.619995117188,-86.9462,27.0891,9.93393968454273,63,63,63,63,61,63,0,7818,1.13366707078925,27,-87,0.001869,51,2025-09-22 00:09:35.000013,738,1.037,0.0011,"aoml_navis",1030.77791801662
"7901009",85,0,1,0.028035,1,0.005607,1,136.9087123954,1,4.8506594659624,740,1,6.32100009918213,34.8699989318848,0.0280349999666214,0,132.020492553711,-86.9462,27.0891,9.93393968454273,63,63,63,63,61,63,0,7818,1.13366707078925,27,-87,0.001869,51,2025-09-22 00:09:35.000013,740,1.037,0.0011,"aoml_navis",1030.78767641504
"7901009",85,0,1,0.031773,1,0.009345,1,137.642935061141,1,4.85061194810042,742,1,6.31400012969971,34.8699989318848,0.0317730009555817,0,132.728500366211,-86.9462,27.0891,9.93393968454273,63,63,63,63,61,63,0,7818,1.13366707078925,27,-87,0.001869,51,2025-09-22 00:09:35.000013,742,1.037,0.0011,"aoml_navis",1030.79777428044
"7901009",85,0,1,0.031773,1,0.009345,1,138.390117389883,1,4.85054726156981,744,1,6.27699995040894,34.8689994812012,0.0317730009555817,0,133.449005126953,-86.9462,27.0891,9.93393968454273,63,63,63,63,61,63,0,7818,1.13366707078925,27,-87,0.001869,51,2025-09-22 00:09:35.000013,744,1.037,0.0011,"aoml_navis",1030.81152092142
"7901009",85,0,1,0.029904,1,0.007476,1,138.788433186048,1,4.8504941994003,746,1,6.26200008392334,34.8689994812012,0.0299040004611015,0,133.833099365234,-86.9462,27.0891,9.93393968454273,63,63,63,63,61,63,0,7818,1.13366707078925,27,-87,0.001869,51,2025-09-22 00:09:35.000013,746,1.037,0.0011,"aoml_navis",1030.82279752405
"7901009",85,0,1,0.033642,1,0.011214,1,139.237669855884,1,4.85044691433167,748,1,6.25,34.8680000305176,0.0336420014500618,0,134.266296386719,-86.9462,27.0891,9.93393968454273,63,63,63,63,61,63,0,7818,1.13366707078925,27,-87,0.001869,51,2025-09-22 00:09:35.000013,748,1.037,0.0011,"aoml_navis",1030.83284660357
"7901009",85,0,1,0.031773,1,0.009345,1,139.513003355537,1,4.85037840326124,750,1,6.21799993515015,34.8689994812012,0.0317730009555817,0,134.531799316406,-86.9462,27.0891,9.93393968454273,63,63,63,63,61,63,0,7818,1.13366707078925,27,-87,0.001869,51,2025-09-22 00:09:35.000013,750,1.037,0.0011,"aoml_navis",1030.84740700605
"7901009",85,0,1,0.028035,1,0.005607,1,139.775472134775,1,4.85032468132009,752,1,6.2020001411438,34.8689994812012,0.0280349999666214,0,134.784896850586,-86.9462,27.0891,9.93393968454273,63,63,63,63,61,63,0,7818,1.13366707078925,27,-87,0.001869,51,2025-09-22 00:09:35.000013,752,1.037,0.0011,"aoml_navis",1030.85882461773
"7901009",85,0,1,0.028035,1,0.005607,1,140.121316328362,1,4.85027165915224,754,1,6.18699979782104,34.8689994812012,0.0280349999666214,0,135.118392944336,-86.9462,27.0891,9.93393968454273,63,63,63,63,61,63,0,7818,1.13366707078925,27,-87,0.001869,51,2025-09-22 00:09:35.000013,754,1.037,0.0011,"aoml_navis",1030.87009375346
"7901009",85,0,1,0.031773,1,0.009345,1,140.246292419182,1,4.8502227890197,756,1,6.17799997329712,34.8689994812012,0.0317730009555817,0,135.238906860352,-86.9462,27.0891,9.93393968454273,63,63,63,63,61,63,0,7818,1.13366707078925,27,-87,0.001869,51,2025-09-22 00:09:35.000013,756,1.037,0.0011,"aoml_navis",1030.88048064913
"7901009",85,0,1,0.028035,1,0.005607,1,140.396649828015,1,4.85017599359547,758,1,6.17199993133545,34.8689994812012,0.0280349999666214,0,135.383895874023,-86.9462,27.0891,9.93393968454273,63,63,63,63,61,63,0,7818,1.13366707078925,27,-87,0.001869,51,2025-09-22 00:09:35.000013,758,1.037,0.0011,"aoml_navis",1030.89042678088
"7901009",85,0,1,0.029904,1,0.007476,1,140.522448754581,1,4.85013058162541,760,1,6.16800022125244,34.8689994812012,0.0299040004611015,0,135.50520324707,-86.9462,27.0891,9.93393968454273,63,63,63,63,61,63,0,7818,1.13366707078925,27,-87,0.001869,51,2025-09-22 00:09:35.000013,760,1.037,0.0011,"aoml_navis",1030.9000790499
"7901009",85,0,1,0.029904,1,0.007476,1,140.775265037567,1,4.8500830992294,762,1,6.16099977493286,34.8689994812012,0.0299040004611015,0,135.748992919922,-86.9462,27.0891,9.93393968454273,63,63,63,63,61,63,0,7818,1.13366707078925,27,-87,0.001869,51,2025-09-22 00:09:35.000013,762,1.037,0.0011,"aoml_navis",1030.91017157921
"7901009",85,0,1,0.029904,1,0.007476,1,141.063558200221,1,4.85003078831377,764,1,6.14699983596802,34.8689994812012,0.0299040004611015,0,136.026992797852,-86.9462,27.0891,9.93393968454273,63,63,63,63,61,63,0,7818,1.13366707078925,27,-87,0.001869,51,2025-09-22 00:09:35.000013,764,1.037,0.0011,"aoml_navis",1030.92129065399
"7901009",85,0,1,0.029904,1,0.007476,1,141.364921792226,1,4.84996928135341,766,1,6.125,34.8699989318848,0.0299040004611015,0,136.317596435547,-86.9462,27.0891,9.93393968454273,63,63,63,63,61,63,0,7818,1.13366707078925,27,-87,0.001869,51,2025-09-22 00:09:35.000013,766,1.037,0.0011,"aoml_navis",1030.93436472338
"7901009",85,0,1,0.028035,1,0.005607,1,141.500262448693,1,4.84991492261631,768,1,6.10799980163574,34.8699989318848,0.0280349999666214,0,136.448104858398,-86.9462,27.0891,9.93393968454273,63,63,63,63,61,63,0,7818,1.13366707078925,27,-87,0.001869,51,2025-09-22 00:09:35.000013,768,1.037,0.0011,"aoml_navis",1030.94591962506
"7901009",85,0,1,0.026166,1,0.003738,1,141.610395848555,1,4.8498651428754,770,1,6.10300016403198,34.8709983825684,0.0261659994721413,0,136.554306030273,-86.9462,27.0891,9.93393968454273,63,63,63,63,61,63,0,7818,1.13366707078925,27,-87,0.001869,51,2025-09-22 00:09:35.000013,770,1.037,0.0011,"aoml_navis",1030.95650140812
"7901009",85,0,1,0.026166,1,0.003738,1,141.859999907378,1,4.84982136568938,772,1,6.09600019454956,34.8699989318848,0.0261659994721413,0,136.794998168945,-86.9462,27.0891,9.93393968454273,63,63,63,63,61,63,0,7818,1.13366707078925,27,-87,0.001869,51,2025-09-22 00:09:35.000013,772,1.037,0.0011,"aoml_navis",1030.96580739511
"7901009",85,0,1,0.028035,1,0.005607,1,142.285184455405,1,4.84976608583901,774,1,6.08300018310547,34.8709983825684,0.0280349999666214,0,137.205001831055,-86.9462,27.0891,9.93393968454273,63,63,63,63,61,63,0,7818,1.13366707078925,27,-87,0.001869,51,2025-09-22 00:09:35.000013,774,1.037,0.0011,"aoml_navis",1030.97755881457
"7901009",85,0,1,0.029904,1,0.007476,1,142.753599527631,1,4.84972025129879,776,1,6.07299995422363,34.8699989318848,0.0299040004611015,0,137.656692504883,-86.9462,27.0891,9.93393968454273,63,63,63,63,61,63,0,7818,1.13366707078925,27,-87,0.001869,51,2025-09-22 00:09:35.000013,776,1.037,0.0011,"aoml_navis",1030.98730254822
"7901009",85,0,1,0.031773,1,0.009345,1,143.101010273888,1,4.84965536878104,778,1,6.0460000038147,34.8709983825684,0.0317730009555817,0,137.99169921875,-86.9462,27.0891,9.93393968454273,63,63,63,63,61,63,0,7818,1.13366707078925,27,-87,0.001869,51,2025-09-22 00:09:35.000013,778,1.037,0.0011,"aoml_navis",1031.00109591019
"7901009",85,0,1,0.029904,1,0.007476,1,143.442708641216,1,4.84960997508506,780,1,6.04199981689453,34.8709983825684,0.0299040004611015,0,138.321197509766,-86.9462,27.0891,9.93393968454273,63,63,63,63,61,63,0,7818,1.13366707078925,27,-87,0.001869,51,2025-09-22 00:09:35.000013,780,1.037,0.0011,"aoml_navis",1031.01074636673
"7901009",85,0,1,0.031773,1,0.009345,1,143.820390248671,1,4.84955635145324,782,1,6.02600002288818,34.8709983825684,0.0317730009555817,0,138.685394287109,-86.9462,27.0891,9.93393968454273,63,63,63,63,61,63,0,7818,1.13366707078925,27,-87,0.001869,51,2025-09-22 00:09:35.000013,782,1.037,0.0011,"aoml_navis",1031.0221466963
"7901009",85,0,1,0.033642,1,0.011214,1,143.991714145266,1,4.84950848104291,784,1,6.01300001144409,34.8699989318848,0.0336420014500618,0,138.850601196289,-86.9462,27.0891,9.93393968454273,63,63,63,63,61,63,0,7818,1.13366707078925,27,-87,0.001869,51,2025-09-22 00:09:35.000013,784,1.037,0.0011,"aoml_navis",1031.03232410983
"7901009",85,0,1,0.028035,1,0.005607,1,144.088887882126,1,4.84946446351578,786,1,6.01100015640259,34.8699989318848,0.0280349999666214,0,138.944305419922,-86.9462,27.0891,9.93393968454273,63,63,63,63,61,63,0,7818,1.13366707078925,27,-87,0.001869,51,2025-09-22 00:09:35.000013,786,1.037,0.0011,"aoml_navis",1031.04168256449
"7901009",85,0,1,0.029904,1,0.007476,1,144.254594342377,1,4.84941976228357,788,1,6.00799989700317,34.8699989318848,0.0299040004611015,0,139.104095458984,-86.9462,27.0891,9.93393968454273,63,63,63,63,61,63,0,7818,1.13366707078925,27,-87,0.001869,51,2025-09-22 00:09:35.000013,788,1.037,0.0011,"aoml_navis",1031.05118655382
"7901009",85,0,1,0.033642,1,0.011214,1,144.446963845554,1,4.84936889627889,790,1,5.99599981307983,34.8699989318848,0.0336420014500618,0,139.289596557617,-86.9462,27.0891,9.93393968454273,63,63,63,63,61,63,0,7818,1.13366707078925,27,-87,0.001869,51,2025-09-22 00:09:35.000013,790,1.037,0.0011,"aoml_navis",1031.06200145687
"7901009",85,0,1,0.029904,1,0.007476,1,144.662151216921,1,4.84931503172669,792,1,5.9850001335144,34.8709983825684,0.0299040004611015,0,139.497100830078,-86.9462,27.0891,9.93393968454273,63,63,63,63,61,63,0,7818,1.13366707078925,27,-87,0.001869,51,2025-09-22 00:09:35.000013,792,1.037,0.0011,"aoml_navis",1031.07345414506
"7901009",85,0,1,0.029904,1,0.007476,1,144.894760552834,1,4.84926622819993,794,1,5.97599983215332,34.8709983825684,0.0299040004611015,0,139.721405029297,-86.9462,27.0891,9.93393968454273,63,63,63,63,61,63,0,7818,1.13366707078925,27,-87,0.001869,51,2025-09-22 00:09:35.000013,794,1.037,0.0011,"aoml_navis",1031.08383097705
"7901009",85,0,1,0.024297,1,0.001869,1,145.277315879709,1,4.84921332431739,796,1,5.96099996566772,34.8709983825684,0.0242970008403063,0,140.090301513672,-86.9462,27.0891,9.93393968454273,63,63,63,63,61,63,0,7818,1.13366707078925,27,-87,0.001869,51,2025-09-22 00:09:35.000013,796,1.037,0.0011,"aoml_navis",1031.09507988161
"7901009",85,0,1,0.031773,1,0.009345,1,145.614140527617,1,4.84915194426437,798,1,5.93900012969971,34.8720016479492,0.0317730009555817,0,140.415100097656,-86.9462,27.0891,9.93393968454273,63,63,63,63,61,63,0,7818,1.13366707078925,27,-87,0.001869,51,2025-09-22 00:09:35.000013,798,1.037,0.0011,"aoml_navis",1031.1081313742
"7901009",85,0,1,0.029904,1,0.007476,1,145.882100153084,1,4.8491095886052,800,1,5.93400001525879,34.8709983825684,0.0299040004611015,0,140.673492431641,-86.9462,27.0891,9.93393968454273,63,63,63,63,61,63,0,7818,1.13366707078925,27,-87,0.001869,51,2025-09-22 00:09:35.000013,800,1.037,0.0011,"aoml_navis",1031.11713782451
"7901009",85,0,1,0.026166,1,0.003738,1,146.273073722591,1,4.84905436896399,802,1,5.9210000038147,34.8720016479492,0.0261659994721413,0,141.050506591797,-86.9462,27.0891,9.93393968454273,63,63,63,63,61,63,0,7818,1.13366707078925,27,-87,0.001869,51,2025-09-22 00:09:35.000013,802,1.037,0.0011,"aoml_navis",1031.12887989092
"7901009",85,0,1,0.028035,1,0.005607,1,146.739621590624,1,4.84900013032521,804,1,5.90399980545044,34.8720016479492,0.0280349999666214,0,141.500396728516,-86.9462,27.0891,9.93393968454273,63,63,63,63,61,63,0,7818,1.13366707078925,27,-87,0.001869,51,2025-09-22 00:09:35.000013,804,1.037,0.0011,"aoml_navis",1031.14041361444
"7901009",85,0,1,0.028035,1,0.005607,1,147.204413020814,1,4.84894085185613,806,1,5.88500022888184,34.8730010986328,0.0280349999666214,0,141.948593139648,-86.9462,27.0891,9.93393968454273,63,63,63,63,61,63,0,7818,1.13366707078925,27,-87,0.001869,51,2025-09-22 00:09:35.000013,806,1.037,0.0011,"aoml_navis",1031.15301934154
"7901009",85,0,1,0.033642,1,0.011214,1,147.414932381698,1,4.84888459431577,808,1,5.86499977111816,34.8730010986328,0.0336420014500618,0,142.151596069336,-86.9462,27.0891,9.93393968454273,63,63,63,63,61,63,0,7818,1.13366707078925,27,-87,0.001869,51,2025-09-22 00:09:35.000013,808,1.037,0.0011,"aoml_navis",1031.16498294502
"7901009",85,0,1,0.024297,1,0.001869,1,147.615292885871,1,4.84883854840755,810,1,5.8600001335144,34.8730010986328,0.0242970008403063,0,142.344802856445,-86.9462,27.0891,9.93393968454273,63,63,63,63,61,63,0,7818,1.13366707078925,27,-87,0.001869,51,2025-09-22 00:09:35.000013,810,1.037,0.0011,"aoml_navis",1031.17477517211
"7901009",85,0,1,0.031773,1,0.009345,1,147.817299061536,1,4.84878978399203,812,1,5.85099983215332,34.8730010986328,0.0317730009555817,0,142.539596557617,-86.9462,27.0891,9.93393968454273,63,63,63,63,61,63,0,7818,1.13366707078925,27,-87,0.001869,51,2025-09-22 00:09:35.000013,812,1.037,0.0011,"aoml_navis",1031.18514572588
"7901009",85,0,1,0.026166,1,0.003738,1,147.962276390491,1,4.84874238222031,814,1,5.8439998626709,34.8730010986328,0.0261659994721413,0,142.679397583008,-86.9462,27.0891,9.93393968454273,63,63,63,63,61,63,0,7818,1.13366707078925,27,-87,0.001869,51,2025-09-22 00:09:35.000013,814,1.037,0.0011,"aoml_navis",1031.19522669101
"7901009",85,0,1,0.028035,1,0.005607,1,148.228479578115,1,4.84869265377492,816,1,5.83900022506714,34.8740005493164,0.0280349999666214,0,142.936096191406,-86.9462,27.0891,9.93393968454273,63,63,63,63,61,63,0,7818,1.13366707078925,27,-87,0.001869,51,2025-09-22 00:09:35.000013,816,1.037,0.0011,"aoml_navis",1031.20580268318
"7901009",85,0,1,0.029904,1,0.007476,1,148.601920416725,1,4.84864758545391,818,1,5.82999992370605,34.8730010986328,0.0299040004611015,0,143.296203613281,-86.9462,27.0891,9.93393968454273,63,63,63,63,61,63,0,7818,1.13366707078925,27,-87,0.001869,51,2025-09-22 00:09:35.000013,818,1.037,0.0011,"aoml_navis",1031.21538777125
"7901009",85,0,1,0.028035,1,0.005607,1,148.887412773089,1,4.84859174857441,820,1,5.81599998474121,34.8740005493164,0.0280349999666214,0,143.571502685547,-86.9462,27.0891,9.93393968454273,63,63,63,63,61,63,0,7818,1.13366707078925,27,-87,0.001869,51,2025-09-22 00:09:35.000013,820,1.037,0.0011,"aoml_navis",1031.22726335335
"7901009",85,0,1,0.026166,1,0.003738,1,149.073452770527,1,4.84854435698027,822,1,5.80900001525879,34.8740005493164,0.0261659994721413,0,143.750900268555,-86.9462,27.0891,9.93393968454273,63,63,63,63,61,63,0,7818,1.13366707078925,27,-87,0.001869,51,2025-09-22 00:09:35.000013,822,1.037,0.0011,"aoml_navis",1031.23734297732
"7901009",85,0,1,0.031773,1,0.009345,1,149.276598257225,1,4.8484949318844,824,1,5.79899978637695,34.8740005493164,0.0317730009555817,0,143.946792602539,-86.9462,27.0891,9.93393968454273,63,63,63,63,61,63,0,7818,1.13366707078925,27,-87,0.001869,51,2025-09-22 00:09:35.000013,824,1.037,0.0011,"aoml_navis",1031.24785531264
"7901009",85,0,1,0.028035,1,0.005607,1,149.573404605098,1,4.8484411444316,826,1,5.78800010681152,34.875,0.0280349999666214,0,144.233001708984,-86.9462,27.0891,9.93393968454273,63,63,63,63,61,63,0,7818,1.13366707078925,27,-87,0.001869,51,2025-09-22 00:09:35.000013,826,1.037,0.0011,"aoml_navis",1031.25929573106
"7901009",85,0,1,0.029904,1,0.007476,1,150.007292223517,1,4.84839880481774,828,1,5.78299999237061,34.8740005493164,0.0299040004611015,0,144.651397705078,-86.9462,27.0891,9.93393968454273,63,63,63,63,61,63,0,7818,1.13366707078925,27,-87,0.001869,51,2025-09-22 00:09:35.000013,828,1.037,0.0011,"aoml_navis",1031.26830140945
"7901009",85,0,1,0.029904,1,0.007476,1,150.377932255837,1,4.84834299088421,830,1,5.76900005340576,34.875,0.0299040004611015,0,145.008804321289,-86.9462,27.0891,9.93393968454273,63,63,63,63,61,63,0,7818,1.13366707078925,27,-87,0.001869,51,2025-09-22 00:09:35.000013,830,1.037,0.0011,"aoml_navis",1031.28017332951
"7901009",85,0,1,0.029904,1,0.007476,1,150.751262328097,1,4.84829154901158,832,1,5.75600004196167,34.875,0.0299040004611015,0,145.368804931641,-86.9462,27.0891,9.93393968454273,63,63,63,63,61,63,0,7818,1.13366707078925,27,-87,0.001869,51,2025-09-22 00:09:35.000013,832,1.037,0.0011,"aoml_navis",1031.29111553107
"7901009",85,0,1,0.028035,1,0.005607,1,151.162537787262,1,4.84823875998917,834,1,5.74100017547607,34.875,0.0280349999666214,0,145.765396118164,-86.9462,27.0891,9.93393968454273,63,63,63,63,61,63,0,7818,1.13366707078925,27,-87,0.001869,51,2025-09-22 00:09:35.000013,834,1.037,0.0011,"aoml_navis",1031.30234452628
"7901009",85,0,1,0.029904,1,0.007476,1,151.521040992327,1,4.84817958702376,836,1,5.72200012207031,34.8759994506836,0.0299040004611015,0,146.111099243164,-86.9462,27.0891,9.93393968454273,63,63,63,63,61,63,0,7818,1.13366707078925,27,-87,0.001869,51,2025-09-22 00:09:35.000013,836,1.037,0.0011,"aoml_navis",1031.31493176998
"7901009",85,0,1,0.033642,1,0.011214,1,151.709058960309,1,4.84811975217459,838,1,5.7020001411438,34.8769989013672,0.0336420014500618,0,146.292404174805,-86.9462,27.0891,9.93393968454273,63,63,63,63,61,63,0,7818,1.13366707078925,27,-87,0.001869,51,2025-09-22 00:09:35.000013,838,1.037,0.0011,"aoml_navis",1031.3276601217
"7901009",85,0,1,0.031773,1,0.009345,1,151.800108900367,1,4.84807373859008,840,1,5.69700002670288,34.8769989013672,0.0317730009555817,0,146.38020324707,-86.9462,27.0891,9.93393968454273,63,63,63,63,61,63,0,7818,1.13366707078925,27,-87,0.001869,51,2025-09-22 00:09:35.000013,840,1.037,0.0011,"aoml_navis",1031.33744856243
"7901009",85,0,4,0.024297,1,0.001869,1,151.906713600778,1,4.84802975187594,842,1,5.69500017166138,34.8769989013672,0.0242970008403063,0,146.483001708984,-86.9462,27.0891,9.93393968454273,63,63,63,63,61,63,0,7818,1.13366707078925,27,-87,0.001869,51,2025-09-22 00:09:35.000013,842,1.037,0.0011,"aoml_navis",1031.34680600202
"7901009",85,0,1,0.028035,1,0.005607,1,152.044111346611,1,4.84798576680175,844,1,5.69299983978271,34.8769989013672,0.0280349999666214,0,146.615493774414,-86.9462,27.0891,9.93393968454273,63,63,63,63,61,63,0,7818,1.13366707078925,27,-87,0.001869,51,2025-09-22 00:09:35.000013,844,1.037,0.0011,"aoml_navis",1031.35616326253
"7901009",85,0,1,0.031773,1,0.009345,1,152.229233565716,1,4.84793840844135,846,1,5.68599987030029,34.8769989013672,0.0317730009555817,0,146.794006347656,-86.9462,27.0891,9.93393968454273,63,63,63,63,61,63,0,7818,1.13366707078925,27,-87,0.001869,51,2025-09-22 00:09:35.000013,846,1.037,0.0011,"aoml_navis",1031.36623833625
"7901009",85,0,1,0.026166,1,0.003738,1,152.464216466282,1,4.84789105232785,848,1,5.67899990081787,34.8769989013672,0.0261659994721413,0,147.020599365234,-86.9462,27.0891,9.93393968454273,63,63,63,63,61,63,0,7818,1.13366707078925,27,-87,0.001869,51,2025-09-22 00:09:35.000013,848,1.037,0.0011,"aoml_navis",1031.3763131288
"7901009",85,0,1,0.033642,1,0.011214,1,152.720150030845,1,4.8478436984606,850,1,5.67199993133545,34.8769989013672,0.0336420014500618,0,147.267395019531,-86.9462,27.0891,9.93393968454273,63,63,63,63,61,63,0,7818,1.13366707078925,27,-87,0.001869,51,2025-09-22 00:09:35.000013,850,1.037,0.0011,"aoml_navis",1031.38638764028
"7901009",85,0,1,0.028035,1,0.005607,1,153.064443495526,1,4.84779364907526,852,1,5.66099977493286,34.8769989013672,0.0280349999666214,0,147.599395751953,-86.9462,27.0891,9.93393968454273,63,63,63,63,61,63,0,7818,1.13366707078925,27,-87,0.001869,51,2025-09-22 00:09:35.000013,852,1.037,0.0011,"aoml_navis",1031.39703583583
"7901009",85,0,1,0.035511,1,0.013083,1,153.245404064608,1,4.84773722091444,854,1,5.64599990844727,34.8779983520508,0.0355109982192516,0,147.773895263672,-86.9462,27.0891,9.93393968454273,63,63,63,63,61,63,0,7818,1.13366707078925,27,-87,0.001869,51,2025-09-22 00:09:35.000013,854,1.037,0.0011,"aoml_navis",1031.40904140362
"7901009",85,0,1,0.029904,1,0.007476,1,153.498125405008,1,4.84768650820162,856,1,5.63399982452393,34.8779983520508,0.0299040004611015,0,148.017593383789,-86.9462,27.0891,9.93393968454273,63,63,63,63,61,63,0,7818,1.13366707078925,27,-87,0.001869,51,2025-09-22 00:09:35.000013,856,1.037,0.0011,"aoml_navis",1031.41983120004
"7901009",85,0,1,0.031773,1,0.009345,1,153.852071365941,1,4.84763714675697,858,1,5.62400007247925,34.8779983520508,0.0317730009555817,0,148.358901977539,-86.9462,27.0891,9.93393968454273,63,63,63,63,61,63,0,7818,1.13366707078925,27,-87,0.001869,51,2025-09-22 00:09:35.000013,858,1.037,0.0011,"aoml_navis",1031.43033371319
"7901009",85,0,1,0.029904,1,0.007476,1,154.200922074754,1,4.84757870638553,860,1,5.60599994659424,34.8790016174316,0.0299040004611015,0,148.695297241211,-86.9462,27.0891,9.93393968454273,63,63,63,63,61,63,0,7818,1.13366707078925,27,-87,0.001869,51,2025-09-22 00:09:35.000013,860,1.037,0.0011,"aoml_navis",1031.44276820378
"7901009",85,0,1,0.026166,1,0.003738,1,154.580993070626,1,4.84752465155501,862,1,5.58900022506714,34.8790016174316,0.0261659994721413,0,149.061798095703,-86.9462,27.0891,9.93393968454273,63,63,63,63,61,63,0,7818,1.13366707078925,27,-87,0.001869,51,2025-09-22 00:09:35.000013,862,1.037,0.0011,"aoml_navis",1031.45426983978
"7901009",85,0,1,0.029904,1,0.007476,1,154.701285327198,1,4.84746960354763,864,1,5.57600021362305,34.8800010681152,0.0299040004611015,0,149.177795410156,-86.9462,27.0891,9.93393968454273,63,63,63,63,61,63,0,7818,1.13366707078925,27,-87,0.001869,51,2025-09-22 00:09:35.000013,864,1.037,0.0011,"aoml_navis",1031.4659830648
"7901009",85,0,1,0.029904,1,0.007476,1,154.874682136922,1,4.84742160369712,866,1,5.56799983978271,34.8800010681152,0.0299040004611015,0,149.345001220703,-86.9462,27.0891,9.93393968454273,63,63,63,63,61,63,0,7818,1.13366707078925,27,-87,0.001869,51,2025-09-22 00:09:35.000013,866,1.037,0.0011,"aoml_navis",1031.47619678604
"7901009",85,0,1,0.031773,1,0.009345,1,155.163291774863,1,4.84737092398879,868,1,5.55600023269653,34.8800010681152,0.0317730009555817,0,149.623306274414,-86.9462,27.0891,9.93393968454273,63,63,63,63,61,63,0,7818,1.13366707078925,27,-87,0.001869,51,2025-09-22 00:09:35.000013,868,1.037,0.0011,"aoml_navis",1031.48698096444
"7901009",85,0,1,0.029904,1,0.007476,1,155.590644178606,1,4.84731790166427,870,1,5.5460000038147,34.8810005187988,0.0299040004611015,0,150.035400390625,-86.9462,27.0891,9.93393968454273,63,63,63,63,61,63,0,7818,1.13366707078925,27,-87,0.001869,51,2025-09-22 00:09:35.000013,870,1.037,0.0011,"aoml_navis",1031.49826387151
"7901009",85,0,1,0.029904,1,0.007476,1,155.961901337736,1,4.84726589121676,872,1,5.53200006484985,34.8810005187988,0.0299040004611015,0,150.393402099609,-86.9462,27.0891,9.93393968454273,63,63,63,63,61,63,0,7818,1.13366707078925,27,-87,0.001869,51,2025-09-22 00:09:35.000013,872,1.037,0.0011,"aoml_navis",1031.50933169563
"7901009",85,0,1,0.029904,1,0.007476,1,156.180712351138,1,4.84721656517149,874,1,5.52199983596802,34.8810005187988,0.0299040004611015,0,150.604400634766,-86.9462,27.0891,9.93393968454273,63,63,63,63,61,63,0,7818,1.13366707078925,27,-87,0.001869,51,2025-09-22 00:09:35.000013,874,1.037,0.0011,"aoml_navis",1031.51982849834
"7901009",85,0,1,0.029904,1,0.007476,1,156.418812533281,1,4.84716221701384,876,1,5.51000022888184,34.8819999694824,0.0299040004611015,0,150.833999633789,-86.9462,27.0891,9.93393968454273,63,63,63,63,61,63,0,7818,1.13366707078925,27,-87,0.001869,51,2025-09-22 00:09:35.000013,876,1.037,0.0011,"aoml_navis",1031.53139427636
"7901009",85,0,1,0.029904,1,0.007476,1,156.390915236735,1,4.84711691277691,878,1,5.50600004196167,34.8819999694824,0.0299040004611015,0,150.807098388672,-86.9462,27.0891,9.93393968454273,63,63,63,63,61,63,0,7818,1.13366707078925,27,-87,0.001869,51,2025-09-22 00:09:35.000013,878,1.037,0.0011,"aoml_navis",1031.54103562472
"7901009",85,0,1,0.031773,1,0.009345,1,156.611909929618,1,4.8470722794179,880,1,5.50299978256226,34.8819999694824,0.0317730009555817,0,151.020202636719,-86.9462,27.0891,9.93393968454273,63,63,63,63,61,63,0,7818,1.13366707078925,27,-87,0.001869,51,2025-09-22 00:09:35.000013,880,1.037,0.0011,"aoml_navis",1031.55053437752
"7901009",85,0,1,0.033642,1,0.011214,1,156.884331856631,1,4.8470249715306,882,1,5.49599981307983,34.8819999694824,0.0336420014500618,0,151.282897949219,-86.9462,27.0891,9.93393968454273,63,63,63,63,61,63,0,7818,1.13366707078925,27,-87,0.001869,51,2025-09-22 00:09:35.000013,882,1.037,0.0011,"aoml_navis",1031.56060250729
"7901009",85,0,1,0.026166,1,0.003738,1,157.179682418184,1,4.84697699707042,884,1,5.48799991607666,34.8819999694824,0.0261659994721413,0,151.56770324707,-86.9462,27.0891,9.93393968454273,63,63,63,63,61,63,0,7818,1.13366707078925,27,-87,0.001869,51,2025-09-22 00:09:35.000013,884,1.037,0.0011,"aoml_navis",1031.57081269873
"7901009",85,0,1,0.033642,1,0.011214,1,157.458845268809,1,4.84693036245288,886,1,5.48199987411499,34.8819999694824,0.0336420014500618,0,151.836898803711,-86.9462,27.0891,9.93393968454273,63,63,63,63,61,63,0,7818,1.13366707078925,27,-87,0.001869,51,2025-09-22 00:09:35.000013,886,1.037,0.0011,"aoml_navis",1031.58073793114
"7901009",85,0,1,0.028035,1,0.005607,1,157.770051242239,1,4.84688506737798,888,1,5.47800016403198,34.8819999694824,0.0280349999666214,0,152.136993408203,-86.9462,27.0891,9.93393968454273,63,63,63,63,61,63,0,7818,1.13366707078925,27,-87,0.001869,51,2025-09-22 00:09:35.000013,888,1.037,0.0011,"aoml_navis",1031.59037825191
"7901009",85,0,1,0.028035,1,0.005607,1,158.182893254075,1,4.84682940189909,890,1,5.46400022506714,34.882999420166,0.0280349999666214,0,152.535095214844,-86.9462,27.0891,9.93393968454273,63,63,63,63,61,63,0,7818,1.13366707078925,27,-87,0.001869,51,2025-09-22 00:09:35.000013,890,1.037,0.0011,"aoml_navis",1031.60222599147
"7901009",85,0,1,0.028035,1,0.005607,1,158.544719449653,1,4.84677542746313,892,1,5.44700002670288,34.882999420166,0.0280349999666214,0,152.884002685547,-86.9462,27.0891,9.93393968454273,63,63,63,63,61,63,0,7818,1.13366707078925,27,-87,0.001869,51,2025-09-22 00:09:35.000013,892,1.037,0.0011,"aoml_navis",1031.61371407238
"7901009",85,0,1,0.029904,1,0.007476,1,158.813818386153,1,4.84671310874416,894,1,5.4229998588562,34.8839988708496,0.0299040004611015,0,153.143493652344,-86.9462,27.0891,9.93393968454273,63,63,63,63,61,63,0,7818,1.13366707078925,27,-87,0.001869,51,2025-09-22 00:09:35.000013,894,1.037,0.0011,"aoml_navis",1031.62697849379
"7901009",85,0,1,0.029904,1,0.007476,1,159.06976777448,1,4.84666715449797,896,1,5.41800022125244,34.8839988708496,0.0299040004611015,0,153.39030456543,-86.9462,27.0891,9.93393968454273,63,63,63,63,61,63,0,7818,1.13366707078925,27,-87,0.001869,51,2025-09-22 00:09:35.000013,896,1.037,0.0011,"aoml_navis",1031.63675998665
"7901009",85,0,1,0.029904,1,0.007476,1,159.300810557723,1,4.84661151798769,898,1,5.40399980545044,34.8849983215332,0.0299040004611015,0,153.613098144531,-86.9462,27.0891,9.93393968454273,63,63,63,63,61,63,0,7818,1.13366707078925,27,-87,0.001869,51,2025-09-22 00:09:35.000013,898,1.037,0.0011,"aoml_navis",1031.64860262536
"7901009",85,0,1,0.029904,1,0.007476,1,159.332758737941,1,4.84656689986897,900,1,5.40100002288818,34.8849983215332,0.0299040004611015,0,153.643905639648,-86.9462,27.0891,9.93393968454273,63,63,63,63,61,63,0,7818,1.13366707078925,27,-87,0.001869,51,2025-09-22 00:09:35.000013,900,1.037,0.0011,"aoml_navis",1031.65810011519
"7901009",85,0,1,0.026166,1,0.003738,1,159.402019354492,1,4.8465236158015,902,1,5.40000009536743,34.8849983215332,0.0261659994721413,0,153.710693359375,-86.9462,27.0891,9.93393968454273,63,63,63,63,61,63,0,7818,1.13366707078925,27,-87,0.001869,51,2025-09-22 00:09:35.000013,902,1.037,0.0011,"aoml_navis",1031.66731380367
"7901009",85,0,1,0.029904,1,0.007476,1,159.521283066382,1,4.84647900107645,904,1,5.39699983596802,34.8849983215332,0.0299040004611015,0,153.825698852539,-86.9462,27.0891,9.93393968454273,63,63,63,63,61,63,0,7818,1.13366707078925,27,-87,0.001869,51,2025-09-22 00:09:35.000013,904,1.037,0.0011,"aoml_navis",1031.67681091561
"7901009",85,0,1,0.028035,1,0.005607,1,159.664915375368,1,4.84643372223145,906,1,5.39300012588501,34.8849983215332,0.0280349999666214,0,153.964202880859,-86.9462,27.0891,9.93393968454273,63,63,63,63,61,63,0,7818,1.13366707078925,27,-87,0.001869,51,2025-09-22 00:09:35.000013,906,1.037,0.0011,"aoml_navis",1031.68644957716
"7901009",85,0,1,0.033642,1,0.011214,1,159.856968403258,1,4.84638777863618,908,1,5.38800001144409,34.8849983215332,0.0336420014500618,0,154.149398803711,-86.9462,27.0891,9.93393968454273,63,63,63,63,61,63,0,7818,1.13366707078925,27,-87,0.001869,51,2025-09-22 00:09:35.000013,908,1.037,0.0011,"aoml_navis",1031.69622993046
"7901009",85,0,1,0.029904,1,0.007476,1,160.045287022762,1,4.84634183685419,910,1,5.38299989700317,34.8849983215332,0.0299040004611015,0,154.330993652344,-86.9462,27.0891,9.93393968454273,63,63,63,63,61,63,0,7818,1.13366707078925,27,-87,0.001869,51,2025-09-22 00:09:35.000013,910,1.037,0.0011,"aoml_navis",1031.70601008317
"7901009",85,0,1,0.029904,1,0.007476,1,160.316996880379,1,4.84629589688506,912,1,5.37799978256226,34.8849983215332,0.0299040004611015,0,154.593002319336,-86.9462,27.0891,9.93393968454273,63,63,63,63,61,63,0,7818,1.13366707078925,27,-87,0.001869,51,2025-09-22 00:09:35.000013,912,1.037,0.0011,"aoml_navis",1031.71579003538
"7901009",85,0,1,0.029904,1,0.007476,1,160.599071303644,1,4.84623560746838,914,1,5.35699987411499,34.8860015869141,0.0299040004611015,0,154.865005493164,-86.9462,27.0891,9.93393968454273,63,63,63,63,61,63,0,7818,1.13366707078925,27,-87,0.001869,51,2025-09-22 00:09:35.000013,914,1.037,0.0011,"aoml_navis",1031.7286250579
"7901009",85,0,1,0.029904,1,0.007476,1,160.650704246711,1,4.84618900689905,916,1,5.35099983215332,34.8860015869141,0.0299040004611015,0,154.914794921875,-86.9462,27.0891,9.93393968454273,63,63,63,63,61,63,0,7818,1.13366707078925,27,-87,0.001869,51,2025-09-22 00:09:35.000013,916,1.037,0.0011,"aoml_navis",1031.73854607857
"7901009",85,0,1,0.029904,1,0.007476,1,160.75482461612,1,4.84614573429365,918,1,5.34999990463257,34.8860015869141,0.0299040004611015,0,155.015197753906,-86.9462,27.0891,9.93393968454273,63,63,63,63,61,63,0,7818,1.13366707078925,27,-87,0.001869,51,2025-09-22 00:09:35.000013,918,1.037,0.0011,"aoml_navis",1031.74775876375
"7901009",85,0,1,0.028035,1,0.005607,1,160.87543334798,1,4.84610179850335,920,1,5.34800004959106,34.8860015869141,0.0280349999666214,0,155.131500244141,-86.9462,27.0891,9.93393968454273,63,63,63,63,61,63,0,7818,1.13366707078925,27,-87,0.001869,51,2025-09-22 00:09:35.000013,920,1.037,0.0011,"aoml_navis",1031.75711280852
"7901009",85,0,1,0.028035,1,0.005607,1,161.06905292854,1,4.84605653352753,922,1,5.3439998626709,34.8860015869141,0.0280349999666214,0,155.318206787109,-86.9462,27.0891,9.93393968454273,63,63,63,63,61,63,0,7818,1.13366707078925,27,-87,0.001869,51,2025-09-22 00:09:35.000013,922,1.037,0.0011,"aoml_navis",1031.76675001775
"7901009",85,0,1,0.028035,1,0.005607,1,161.463222898446,1,4.84600927445941,924,1,5.33699989318848,34.8860015869141,0.0280349999666214,0,155.698303222656,-86.9462,27.0891,9.93393968454273,63,63,63,63,61,63,0,7818,1.13366707078925,27,-87,0.001869,51,2025-09-22 00:09:35.000013,924,1.037,0.0011,"aoml_navis",1031.77681197438
"7901009",85,0,1,0.031773,1,0.009345,1,161.891714613222,1,4.84595301207169,926,1,5.32200002670288,34.8870010375977,0.0317730009555817,0,156.11149597168,-86.9462,27.0891,9.93393968454273,63,63,63,63,61,63,0,7818,1.13366707078925,27,-87,0.001869,51,2025-09-22 00:09:35.000013,926,1.037,0.0011,"aoml_navis",1031.78879108909
"7901009",85,0,1,0.028035,1,0.005607,1,162.224599143808,1,4.84589977985652,928,1,5.30600023269653,34.8870010375977,0.0280349999666214,0,156.432495117188,-86.9462,27.0891,9.93393968454273,63,63,63,63,61,63,0,7818,1.13366707078925,27,-87,0.001869,51,2025-09-22 00:09:35.000013,928,1.037,0.0011,"aoml_navis",1031.80012529026
"7901009",85,0,1,0.029904,1,0.007476,1,162.376111687439,1,4.8458475156852,930,1,5.29699993133545,34.8880004882812,0.0299040004611015,0,156.578598022461,-86.9462,27.0891,9.93393968454273,63,63,63,63,61,63,0,7818,1.13366707078925,27,-87,0.001869,51,2025-09-22 00:09:35.000013,930,1.037,0.0011,"aoml_navis",1031.81125361783
"7901009",85,0,1,0.031773,1,0.009345,1,162.573354910035,1,4.84579960486742,932,1,5.28900003433228,34.8880004882812,0.0317730009555817,0,156.768798828125,-86.9462,27.0891,9.93393968454273,63,63,63,63,61,63,0,7818,1.13366707078925,27,-87,0.001869,51,2025-09-22 00:09:35.000013,932,1.037,0.0011,"aoml_navis",1031.82145522025
"7901009",85,0,1,0.029904,1,0.007476,1,162.737937883017,1,4.84575302353614,934,1,5.28299999237061,34.8880004882812,0.0299040004611015,0,156.927505493164,-86.9462,27.0891,9.93393968454273,63,63,63,63,61,63,0,7818,1.13366707078925,27,-87,0.001869,51,2025-09-22 00:09:35.000013,934,1.037,0.0011,"aoml_navis",1031.83137392985
"7901009",85,0,1,0.026166,1,0.003738,1,162.898675681263,1,4.84570777107898,936,1,5.27899980545044,34.8880004882812,0.0261659994721413,0,157.082504272461,-86.9462,27.0891,9.93393968454273,63,63,63,63,61,63,0,7818,1.13366707078925,27,-87,0.001869,51,2025-09-22 00:09:35.000013,936,1.037,0.0011,"aoml_navis",1031.8410098607
"7901009",85,0,1,0.028035,1,0.005607,1,163.271894987172,1,4.84566384780532,938,1,5.27699995040894,34.8880004882812,0.0280349999666214,0,157.442398071289,-86.9462,27.0891,9.93393968454273,63,63,63,63,61,63,0,7818,1.13366707078925,27,-87,0.001869,51,2025-09-22 00:09:35.000013,938,1.037,0.0011,"aoml_navis",1031.85036293109
"7901009",85,0,1,0.031773,1,0.009345,1,163.625113054945,1,4.84560827892409,940,1,5.26300001144409,34.8889999389648,0.0317730009555817,0,157.783004760742,-86.9462,27.0891,9.93393968454273,63,63,63,63,61,63,0,7818,1.13366707078925,27,-87,0.001869,51,2025-09-22 00:09:35.000013,940,1.037,0.0011,"aoml_navis",1031.86219607298
"7901009",85,0,1,0.029904,1,0.007476,1,163.84713629251,1,4.84555971689873,942,1,5.25400018692017,34.8889999389648,0.0299040004611015,0,157.997100830078,-86.9462,27.0891,9.93393968454273,63,63,63,63,61,63,0,7818,1.13366707078925,27,-87,0.001869,51,2025-09-22 00:09:35.000013,942,1.037,0.0011,"aoml_navis",1031.87253735882
"7901009",85,0,1,0.029904,1,0.007476,1,164.147566282419,1,4.84551579737633,944,1,5.2519998550415,34.8889999389648,0.0299040004611015,0,158.286804199219,-86.9462,27.0891,9.93393968454273,63,63,63,63,61,63,0,7818,1.13366707078925,27,-87,0.001869,51,2025-09-22 00:09:35.000013,944,1.037,0.0011,"aoml_navis",1031.88189020193
"7901009",85,0,1,0.031773,1,0.009345,1,164.58040953239,1,4.84546922797011,946,1,5.24599981307983,34.8889999389648,0.0317730009555817,0,158.704193115234,-86.9462,27.0891,9.93393968454273,63,63,63,63,61,63,0,7818,1.13366707078925,27,-87,0.001869,51,2025-09-22 00:09:35.000013,946,1.037,0.0011,"aoml_navis",1031.89180753391
"7901009",85,0,1,0.031773,1,0.009345,1,165.040232300575,1,4.84541301157166,948,1,5.23099994659424,34.8899993896484,0.0317730009555817,0,159.147598266602,-86.9462,27.0891,9.93393968454273,63,63,63,63,61,63,0,7818,1.13366707078925,27,-87,0.001869,51,2025-09-22 00:09:35.000013,948,1.037,0.0011,"aoml_navis",1031.90377952491
"7901009",85,0,1,0.031773,1,0.009345,1,165.491035523082,1,4.84535850352793,950,1,5.21299982070923,34.8899993896484,0.0317730009555817,0,159.582305908203,-86.9462,27.0891,9.93393968454273,63,63,63,63,61,63,0,7818,1.13366707078925,27,-87,0.001869,51,2025-09-22 00:09:35.000013,950,1.037,0.0011,"aoml_navis",1031.91538796551
"7901009",85,0,1,0.029904,1,0.007476,1,165.787414629317,1,4.84530362665651,952,1,5.19999980926514,34.890998840332,0.0299040004611015,0,159.868103027344,-86.9462,27.0891,9.93393968454273,63,63,63,63,61,63,0,7818,1.13366707078925,27,-87,0.001869,51,2025-09-22 00:09:35.000013,952,1.037,0.0011,"aoml_navis",1031.92707521824
"7901009",85,0,1,0.029904,1,0.007476,1,166.10401650639,1,4.8452537633859,954,1,5.18900012969971,34.890998840332,0.0299040004611015,0,160.173400878906,-86.9462,27.0891,9.93393968454273,63,63,63,63,61,63,0,7818,1.13366707078925,27,-87,0.001869,51,2025-09-22 00:09:35.000013,954,1.037,0.0011,"aoml_navis",1031.93769494252
"7901009",85,0,1,0.028035,1,0.005607,1,166.428704327044,1,4.84520720724934,956,1,5.18300008773804,34.890998840332,0.0280349999666214,0,160.48649597168,-86.9462,27.0891,9.93393968454273,63,63,63,63,61,63,0,7818,1.13366707078925,27,-87,0.001869,51,2025-09-22 00:09:35.000013,956,1.037,0.0011,"aoml_navis",1031.94761052098
"7901009",85,0,1,0.033642,1,0.011214,1,166.860012671874,1,4.84515168367211,958,1,5.16900014877319,34.8919982910156,0.0336420014500618,0,160.902404785156,-86.9462,27.0891,9.93393968454273,63,63,63,63,61,63,0,7818,1.13366707078925,27,-87,0.001869,51,2025-09-22 00:09:35.000013,958,1.037,0.0011,"aoml_navis",1031.95943624422
"7901009",85,0,1,0.031773,1,0.009345,1,167.1287001905,1,4.845101172248,960,1,5.15700006484985,34.8919982910156,0.0317730009555817,0,161.161499023438,-86.9462,27.0891,9.93393968454273,63,63,63,63,61,63,0,7818,1.13366707078925,27,-87,0.001869,51,2025-09-22 00:09:35.000013,960,1.037,0.0011,"aoml_navis",1031.97019468638
"7901009",85,0,1,0.031773,1,0.009345,1,167.30706566223,1,4.84504894438269,962,1,5.14799976348877,34.8930015563965,0.0317730009555817,0,161.33349609375,-86.9462,27.0891,9.93393968454273,63,63,63,63,61,63,0,7818,1.13366707078925,27,-87,0.001869,51,2025-09-22 00:09:35.000013,962,1.037,0.0011,"aoml_navis",1031.98131894972
"7901009",85,0,1,0.029904,1,0.007476,1,167.480351705603,1,4.84500371726372,964,1,5.14400005340576,34.8930015563965,0.0299040004611015,0,161.500595092773,-86.9462,27.0891,9.93393968454273,63,63,63,63,61,63,0,7818,1.13366707078925,27,-87,0.001869,51,2025-09-22 00:09:35.000013,964,1.037,0.0011,"aoml_navis",1031.99095228431
"7901009",85,0,1,0.029904,1,0.007476,1,167.604172661625,1,4.84495849157737,966,1,5.1399998664856,34.8930015563965,0.0299040004611015,0,161.619995117188,-86.9462,27.0891,9.93393968454273,63,63,63,63,61,63,0,7818,1.13366707078925,27,-87,0.001869,51,2025-09-22 00:09:35.000013,966,1.037,0.0011,"aoml_navis",1032.00058549359
"7901009",85,0,1,0.029904,1,0.007476,1,167.864267876211,1,4.8449139275431,968,1,5.13700008392334,34.8930015563965,0.0299040004611015,0,161.870803833008,-86.9462,27.0891,9.93393968454273,63,63,63,63,61,63,0,7818,1.13366707078925,27,-87,0.001869,51,2025-09-22 00:09:35.000013,968,1.037,0.0011,"aoml_navis",1032.01007794488
"7901009",85,0,1,0.031773,1,0.009345,1,168.192800871602,1,4.84486474824954,970,1,5.1269998550415,34.8930015563965,0.0317730009555817,0,162.187606811523,-86.9462,27.0891,9.93393968454273,63,63,63,63,61,63,0,7818,1.13366707078925,27,-87,0.001869,51,2025-09-22 00:09:35.000013,970,1.037,0.0011,"aoml_navis",1032.0205536814
"7901009",85,0,1,0.028035,1,0.005607,1,168.441471328329,1,4.84481755009283,972,1,5.11999988555908,34.8930015563965,0.0280349999666214,0,162.427398681641,-86.9462,27.0891,9.93393968454273,63,63,63,63,61,63,0,7818,1.13366707078925,27,-87,0.001869,51,2025-09-22 00:09:35.000013,972,1.037,0.0011,"aoml_navis",1032.03060761374
"7901009",85,0,1,0.026166,1,0.003738,1,168.757772553878,1,4.84476535083443,974,1,5.11100006103516,34.8940010070801,0.0261659994721413,0,162.732406616211,-86.9462,27.0891,9.93393968454273,63,63,63,63,61,63,0,7818,1.13366707078925,27,-87,0.001869,51,2025-09-22 00:09:35.000013,974,1.037,0.0011,"aoml_navis",1032.04172708568
"7901009",85,0,1,0.029904,1,0.007476,1,169.043154143892,1,4.84471684000607,976,1,5.10200023651123,34.8940010070801,0.0299040004611015,0,163.007598876953,-86.9462,27.0891,9.93393968454273,63,63,63,63,61,63,0,7818,1.13366707078925,27,-87,0.001869,51,2025-09-22 00:09:35.000013,976,1.037,0.0011,"aoml_navis",1032.05206106406
"7901009",85,99999,9,99999,9,99999,9,169.297331270612,1,4.84467096624809,978,1,5.09700012207031,34.8940010070801,99999,99999,163.252700805664,-86.9462,27.0891,9.93393968454273,63,63,63,63,61,63,0,7818,1.13366707078925,27,-87,0.001869,51,2025-09-22 00:09:35.000013,978,1.037,0.0011,"aoml_navis",1032.06183347312
"7901009",85,0,1,0.028035,1,0.005607,1,173.173219933744,1,4.844154749705,999.5,1,5.02479982376099,34.8969993591309,0.0280349999666214,0,166.990203857422,-86.9462,27.0891,9.93393968454273,63,63,63,63,61,63,0,7818,1.13366707078925,27,-87,0.001869,51,2025-09-22 00:09:35.000013,999.5,1.037,0.0011,"aoml_navis",1032.1718149703
"7901009",85,0,1,0.029904,1,0.007476,1,180.095262352663,1,4.84292257070795,1049.90002441406,1,4.82009983062744,34.9039993286133,0.0299040004611015,0,173.665100097656,-86.9462,27.0891,9.93393968454273,63,63,63,63,61,63,0,7818,1.13366707078925,27,-87,0.001869,51,2025-09-22 00:09:35.000013,1049.90002441406,1.037,0.0011,"aoml_navis",1032.4344292106
"7901009",85,0,1,0.029904,1,0.007476,1,185.023731996451,1,4.8417691975996,1099.59997558594,1,4.69999980926514,34.9090003967285,0.0299040004611015,0,178.417602539062,-86.9462,27.0891,9.93393968454273,63,63,63,63,61,63,0,7818,1.13366707078925,27,-87,0.001869,51,2025-09-22 00:09:35.000013,1099.59997558594,1.037,0.0011,"aoml_navis",1032.68036867161
"7901009",85,0,1,0.022428,1,0,1,189.627814471108,1,4.84060659316903,1149.90002441406,1,4.58360004425049,34.9140014648438,0.0224280003458261,0,182.857299804688,-86.9462,27.0891,9.93393968454273,63,63,63,63,61,63,0,7818,1.13366707078925,27,-87,0.001869,51,2025-09-22 00:09:35.000013,1149.90002441406,1.037,0.0011,"aoml_navis",1032.92839518417
"7901009",85,0,1,0.022428,1,0,1,193.236977762392,1,4.83947914076798,1199.80004882812,1,4.50080013275146,34.9179992675781,0.0224280003458261,0,186.337600708008,-86.9462,27.0891,9.93393968454273,63,63,63,63,61,63,0,7818,1.13366707078925,27,-87,0.001869,51,2025-09-22 00:09:35.000013,1199.80004882812,1.037,0.0011,"aoml_navis",1033.16903628735
"7901009",85,0,1,0.028035,1,0.005607,1,195.863342873795,1,4.83838729025012,1249.30004882812,1,4.44659996032715,34.9199981689453,0.0280349999666214,0,188.870193481445,-86.9462,27.0891,9.93393968454273,63,63,63,63,61,63,0,7818,1.13366707078925,27,-87,0.001869,51,2025-09-22 00:09:35.000013,1249.30004882812,1.037,0.0011,"aoml_navis",1033.40218549175
"7901009",85,0,1,0.031773,1,0.009345,1,197.595396295548,1,4.83728594154191,1299.80004882812,1,4.40840005874634,34.9220008850098,0.0317730009555817,0,190.540405273438,-86.9462,27.0891,9.93393968454273,63,63,63,63,61,63,0,7818,1.13366707078925,27,-87,0.001869,51,2025-09-22 00:09:35.000013,1299.80004882812,1.037,0.0011,"aoml_navis",1033.63746952826
"7901009",85,0,1,0.031773,1,0.009345,1,199.165556784259,1,4.83619218634541,1350.09997558594,1,4.37330007553101,34.923999786377,0.0317730009555817,0,192.054504394531,-86.9462,27.0891,9.93393968454273,63,63,63,63,61,63,0,7818,1.13366707078925,27,-87,0.001869,51,2025-09-22 00:09:35.000013,1350.09997558594,1.037,0.0011,"aoml_navis",1033.87123739976
"7901009",85,0,1,0.028035,1,0.005607,1,199.968929300201,1,4.83513471398555,1399.30004882812,1,4.3503999710083,34.9249992370605,0.0280349999666214,0,192.829193115234,-86.9462,27.0891,9.93393968454273,63,63,63,63,61,63,0,7818,1.13366707078925,27,-87,0.001869,51,2025-09-22 00:09:35.000013,1399.30004882812,1.037,0.0011,"aoml_navis",1034.09735111156
"7901009",85,0,1,0.031773,1,0.009345,1,201.088413156519,1,4.83406436010612,1449.40002441406,1,4.33459997177124,34.9259986877441,0.0317730009555817,0,193.908706665039,-86.9462,27.0891,9.93393968454273,63,63,63,63,61,63,0,7818,1.13366707078925,27,-87,0.001869,51,2025-09-22 00:09:35.000013,1449.40002441406,1.037,0.0011,"aoml_navis",1034.32631995207
"7901009",85,0,1,0.029904,1,0.007476,1,201.958261306486,1,4.83300017300937,1499.40002441406,1,4.32270002365112,34.9269981384277,0.0299040004611015,0,194.747497558594,-86.9462,27.0891,9.93393968454273,63,63,63,63,61,63,0,7818,1.13366707078925,27,-87,0.001869,51,2025-09-22 00:09:35.000013,1499.40002441406,1.037,0.0011,"aoml_navis",1034.55407014535
"7901009",85,0,1,0.029904,1,0.007476,1,202.551858178468,1,4.83192992610352,1550,1,4.31290006637573,34.9269981384277,0.0299040004611015,0,195.319900512695,-86.9462,27.0891,9.93393968454273,63,63,63,63,61,63,0,7818,1.13366707078925,27,-87,0.001869,51,2025-09-22 00:09:35.000013,1550,1.037,0.0011,"aoml_navis",1034.78321839655
"7901009",85,0,1,0.026166,1,0.003738,1,203.232153455312,1,4.8308809548339,1599.59997558594,1,4.30670022964478,34.9280014038086,0.0261659994721413,0,195.97590637207,-86.9462,27.0891,9.93393968454273,63,63,63,63,61,63,0,7818,1.13366707078925,27,-87,0.001869,51,2025-09-22 00:09:35.000013,1599.59997558594,1.037,0.0011,"aoml_navis",1035.00790989206
"7901009",85,0,1,0.029904,1,0.007476,1,203.612224451183,1,4.8298334833956,1649.19995117188,1,4.30049991607666,34.9290008544922,0.0299040004611015,0,196.342407226562,-86.9462,27.0891,9.93393968454273,63,63,63,63,61,63,0,7818,1.13366707078925,27,-87,0.001869,51,2025-09-22 00:09:35.000013,1649.19995117188,1.037,0.0011,"aoml_navis",1035.23237751144
"7901009",85,0,1,0.029904,1,0.007476,1,203.897194623324,1,4.82877131861143,1699.90002441406,1,4.29890012741089,34.9290008544922,0.0299040004611015,0,196.617202758789,-86.9462,27.0891,9.93393968454273,63,63,63,63,61,63,0,7818,1.13366707078925,27,-87,0.001869,51,2025-09-22 00:09:35.000013,1699.90002441406,1.037,0.0011,"aoml_navis",1035.46009328058
"7901009",85,0,1,0.026166,1,0.003738,1,204.005049401119,1,4.82772723661919,1749.80004882812,1,4.29699993133545,34.9290008544922,0.0261659994721413,0,196.721206665039,-86.9462,27.0891,9.93393968454273,63,63,63,63,61,63,0,7818,1.13366707078925,27,-87,0.001869,51,2025-09-22 00:09:35.000013,1749.80004882812,1.037,0.0011,"aoml_navis",1035.68402996633
"7901009",85,0,1,0.029904,1,0.007476,1,204.548659001526,1,4.82668945660464,1799.30004882812,1,4.29519987106323,34.9300003051758,0.0299040004611015,0,197.245407104492,-86.9462,27.0891,9.93393968454273,63,63,63,63,61,63,0,7818,1.13366707078925,27,-87,0.001869,51,2025-09-22 00:09:35.000013,1799.30004882812,1.037,0.0011,"aoml_navis",1035.90671099799
"7901009",85,0,1,0.028035,1,0.005607,1,204.984936008361,1,4.82564168413261,1849.5,1,4.29260015487671,34.9300003051758,0.0280349999666214,0,197.666107177734,-86.9462,27.0891,9.93393968454273,63,63,63,63,61,63,0,7818,1.13366707078925,27,-87,0.001869,51,2025-09-22 00:09:35.000013,1849.5,1.037,0.0011,"aoml_navis",1036.13163332054
"7901009",85,0,1,0.026166,1,0.003738,1,205.072251540033,1,4.82459958944317,1899.59997558594,1,4.29290008544922,34.9300003051758,0.0261659994721413,0,197.750305175781,-86.9462,27.0891,9.93393968454273,63,63,63,63,61,63,0,7818,1.13366707078925,27,-87,0.001869,51,2025-09-22 00:09:35.000013,1899.59997558594,1.037,0.0011,"aoml_navis",1036.35543371115
"7901009",85,0,1,0.028035,1,0.005607,1,205.382413145015,1,4.82357794475025,1948.80004882812,1,4.29349994659424,34.9300003051758,0.0280349999666214,0,198.049392700195,-86.9462,27.0891,9.93393968454273,63,63,63,63,61,63,0,7818,1.13366707078925,27,-87,0.001869,51,2025-09-22 00:09:35.000013,1948.80004882812,1.037,0.0011,"aoml_navis",1036.5749361305
"7901009",85,0,1,0.029904,1,0.007476,1,205.445676554878,1,4.82253692955624,1999,1,4.29390001296997,34.9300003051758,0.0299040004611015,0,198.110397338867,-86.9462,27.0891,9.93393968454273,63,63,63,63,61,63,0,7818,1.13366707078925,27,-87,0.001869,51,2025-09-22 00:09:35.000013,1999,1.037,0.0011,"aoml_navis",1036.79869600503
"7901009",86,0.125296044720705,1,0.164472,1,0.142044,1,191.940614791917,1,4.88958278022228,2.29999995231628,1,29.242000579834,35.7849998474121,0.164471998810768,0.151389002799988,185.087493896484,-87.0689,26.5195,11.2158569139865,63,63,63,63,61,63,0.142044,7818,1.13366707078925,27,-87,0.001869,51,2025-09-27 07:05:25.000758,2.29999995231628,1.037,0.0011,"aoml_navis",1022.58213527427
"7901009",86,0.146728262896615,1,0.188769,1,0.166341,1,191.946532880725,1,4.88955164252531,4,1,29.242000579834,35.7840003967285,0.188768997788429,0.175686001777649,185.093200683594,-87.0689,26.5195,11.2158569139865,63,63,63,63,61,63,0.166341,7818,1.13366707078925,27,-87,0.001869,51,2025-09-27 07:05:25.000758,4,1.037,0.0011,"aoml_navis",1022.58864729316
"7901009",86,0.135187837724971,1,0.175686,1,0.153258,1,192.117951747209,1,4.88950756666248,6,1,29.2399997711182,35.7840003967285,0.175686001777649,0.162603005766869,185.258499145508,-87.0689,26.5195,11.2158569139865,63,63,63,63,61,63,0.153258,7818,1.13366707078925,27,-87,0.001869,51,2025-09-27 07:05:25.000758,6,1.037,0.0011,"aoml_navis",1022.59786529238
"7901009",86,0.130241941222838,1,0.170079,1,0.147651,1,192.424600525347,1,4.88946042163427,8,1,29.2450008392334,35.7879981994629,0.170078992843628,0.156995996832848,185.55419921875,-87.0689,26.5195,11.2158569139865,63,63,63,63,61,63,0.147651,7818,1.13366707078925,27,-87,0.001869,51,2025-09-27 07:05:25.000758,8,1.037,0.0011,"aoml_navis",1022.60772535894
"7901009",86,0.112106987381683,1,0.14952,1,0.127092,1,192.955978440548,1,4.88927367684658,9.89999961853027,1,29.3579998016357,35.8800010681152,0.149519994854927,0.136436998844147,186.066604614258,-87.0689,26.5195,11.2158569139865,63,63,63,63,61,63,0.127092,7818,1.13366707078925,27,-87,0.001869,51,2025-09-27 07:05:25.000758,9.89999961853027,1.037,0.0011,"aoml_navis",1022.64678364759
"7901009",86,0.0923234013731508,1,0.127092,1,0.104664,1,192.86896354654,1,4.88874964848175,11.8999996185303,1,29.7059993743896,36.1720008850098,0.127092003822327,0.114009000360966,185.982696533203,-87.0689,26.5195,11.2158569139865,63,63,63,63,61,63,0.104664,7818,1.13366707078925,27,-87,0.001869,51,2025-09-27 07:05:25.000758,11.8999996185303,1.037,0.0011,"aoml_navis",1022.75640184455
"7901009",86,0.0758370796993739,1,0.108402,1,0.085974,1,192.103124877653,1,4.88831017830109,14,1,29.8980007171631,36.3699989318848,0.108401998877525,0.095319002866745,185.244201660156,-87.0689,26.5195,11.2158569139865,63,63,63,63,61,63,0.085974,7818,1.13366707078925,27,-87,0.001869,51,2025-09-27 07:05:25.000758,14,1.037,0.0011,"aoml_navis",1022.84834996656
"7901009",86,0.0791343440341293,1,0.11214,1,0.089712,1,192.053248364485,1,4.88820801868602,16,1,29.8780002593994,36.3779983520508,0.112139999866486,0.0990569964051247,185.196105957031,-87.0689,26.5195,11.2158569139865,63,63,63,63,61,63,0.089712,7818,1.13366707078925,27,-87,0.001869,51,2025-09-27 07:05:25.000758,16,1.037,0.0011,"aoml_navis",1022.8697266742
"7901009",86,0.0774857118667516,1,0.110271,1,0.087843,1,192.082696394626,1,4.88811367059531,18,1,29.8540000915527,36.3819999694824,0.110270999372005,0.0971880033612251,185.224502563477,-87.0689,26.5195,11.2158569139865,63,63,63,63,61,63,0.087843,7818,1.13366707078925,27,-87,0.001869,51,2025-09-27 07:05:25.000758,18,1.037,0.0011,"aoml_navis",1022.88946962869
"7901009",86,0.0758370796993739,1,0.108402,1,0.085974,1,192.129044207783,1,4.88802843534012,20,1,29.818000793457,36.3779983520508,0.108401998877525,0.095319002866745,185.269195556641,-87.0689,26.5195,11.2158569139865,63,63,63,63,61,63,0.085974,7818,1.13366707078925,27,-87,0.001869,51,2025-09-27 07:05:25.000758,20,1.037,0.0011,"aoml_navis",1022.90730631809
"7901009",86,0.0824316083688847,1,0.115878,1,0.09345,1,192.077616965462,1,4.88796775625827,22,1,29.8080005645752,36.3790016174316,0.115878000855446,0.102794997394085,185.219604492188,-87.0689,26.5195,11.2158569139865,63,63,63,63,61,63,0.09345,7818,1.13366707078925,27,-87,0.001869,51,2025-09-27 07:05:25.000758,22,1.037,0.0011,"aoml_navis",1022.92000465803
"7901009",86,0.0840802405362624,1,0.117747,1,0.095319,1,192.088915135006,1,4.88790774529849,24,1,29.7940006256104,36.3779983520508,0.117747001349926,0.104663997888565,185.230499267578,-87.0689,26.5195,11.2158569139865,63,63,63,63,61,63,0.095319,7818,1.13366707078925,27,-87,0.001869,51,2025-09-27 07:05:25.000758,24,1.037,0.0011,"aoml_navis",1022.93256348984
"7901009",86,0.0840802405362624,1,0.117747,1,0.095319,1,192.143253950431,1,4.88783108281373,26,1,29.7719993591309,36.3779983520508,0.117747001349926,0.104663997888565,185.282897949219,-87.0689,26.5195,11.2158569139865,63,63,63,63,61,63,0.095319,7818,1.13366707078925,27,-87,0.001869,51,2025-09-27 07:05:25.000758,26,1.037,0.0011,"aoml_navis",1022.94860752874
"7901009",86,0.0890261370383954,1,0.123354,1,0.100926,1,192.261473312703,1,4.88776975156153,28,1,29.7439994812012,36.3709983825684,0.123354002833366,0.110270999372005,185.396896362305,-87.0689,26.5195,11.2158569139865,63,63,63,63,61,63,0.100926,7818,1.13366707078925,27,-87,0.001869,51,2025-09-27 07:05:25.000758,28,1.037,0.0011,"aoml_navis",1022.96144338686
"7901009",86,0.100566562210039,1,0.136437,1,0.114009,1,192.290098506968,1,4.8877142270241,30.1000003814697,1,29.7229995727539,36.3650016784668,0.136436998844147,0.123354002833366,185.424499511719,-87.0689,26.5195,11.2158569139865,63,63,63,63,61,63,0.114009,7818,1.13366707078925,27,-87,0.001869,51,2025-09-27 07:05:25.000758,30.1000003814697,1.037,0.0011,"aoml_navis",1022.97306425058
"7901009",86,0.102215194377417,1,0.138306,1,0.115878,1,192.45965016896,1,4.88765954782569,32,1,29.7000007629395,36.359001159668,0.138306006789207,0.125222995877266,185.587997436523,-87.0689,26.5195,11.2158569139865,63,63,63,63,61,63,0.115878,7818,1.13366707078925,27,-87,0.001869,51,2025-09-27 07:05:25.000758,32,1.037,0.0011,"aoml_navis",1022.9845084493
"7901009",86,0.103863826544795,1,0.140175,1,0.117747,1,192.526948649451,1,4.88759926357569,34,1,29.6770000457764,36.3540000915527,0.140174999833107,0.127092003822327,185.652893066406,-87.0689,26.5195,11.2158569139865,63,63,63,63,61,63,0.117747,7818,1.13366707078925,27,-87,0.001869,51,2025-09-27 07:05:25.000758,34,1.037,0.0011,"aoml_navis",1022.99712606595
"7901009",86,0.105512458712172,1,0.142044,1,0.119616,1,192.426056311899,1,4.88754321616739,36,1,29.6720008850098,36.3559989929199,0.142043992877007,0.128960996866226,185.555603027344,-87.0689,26.5195,11.2158569139865,63,63,63,63,61,63,0.119616,7818,1.13366707078925,27,-87,0.001869,51,2025-09-27 07:05:25.000758,36,1.037,0.0011,"aoml_navis",1023.0088571822
"7901009",86,0.110458355214305,1,0.147651,1,0.125223,1,192.368600214401,1,4.88748519953094,38,1,29.6679992675781,36.359001159668,0.147651001811028,0.134568005800247,185.500198364258,-87.0689,26.5195,11.2158569139865,63,63,63,63,61,63,0.125223,7818,1.13366707078925,27,-87,0.001869,51,2025-09-27 07:05:25.000758,38,1.037,0.0011,"aoml_navis",1023.02100075512
"7901009",86,0.112106987381683,1,0.14952,1,0.127092,1,192.331477657328,1,4.88742981121527,40,1,29.6590003967285,36.359001159668,0.149519994854927,0.136436998844147,185.464401245117,-87.0689,26.5195,11.2158569139865,63,63,63,63,61,63,0.127092,7818,1.13366707078925,27,-87,0.001869,51,2025-09-27 07:05:25.000758,40,1.037,0.0011,"aoml_navis",1023.03259445822
"7901009",86,0.12859330905546,1,0.16821,1,0.145782,1,192.380737043589,1,4.88736497622133,42,1,29.6529998779297,36.3629989624023,0.168209999799728,0.155127003788948,185.511901855469,-87.0689,26.5195,11.2158569139865,63,63,63,63,61,63,0.145782,7818,1.13366707078925,27,-87,0.001869,51,2025-09-27 07:05:25.000758,42,1.037,0.0011,"aoml_navis",1023.04616584329
"7901009",86,0.135187837724971,1,0.175686,1,0.153258,1,193.403759395384,1,4.88729852645266,44,1,29.6350002288818,36.3619995117188,0.175686001777649,0.162603005766869,186.498397827148,-87.0689,26.5195,11.2158569139865,63,63,63,63,61,63,0.153258,7818,1.13366707078925,27,-87,0.001869,51,2025-09-27 07:05:25.000758,44,1.037,0.0011,"aoml_navis",1023.06007560973
"7901009",86,0.138485102059726,1,0.179424,1,0.156996,1,198.161428084577,1,4.8870331395856,46,1,29.4570007324219,36.3440017700195,0.179424002766609,0.166341006755829,191.086196899414,-87.0689,26.5195,11.2158569139865,63,63,63,63,61,63,0.156996,7818,1.13366707078925,27,-87,0.001869,51,2025-09-27 07:05:25.000758,46,1.037,0.0011,"aoml_navis",1023.11563216123
"7901009",86,0.135187837724971,1,0.175686,1,0.153258,1,203.177324825292,1,4.88652302524233,48,1,29.0729999542236,36.3019981384277,0.175686001777649,0.162603005766869,195.923004150391,-87.0689,26.5195,11.2158569139865,63,63,63,63,61,63,0.153258,7818,1.13366707078925,27,-87,0.001869,51,2025-09-27 07:05:25.000758,48,1.037,0.0011,"aoml_navis",1023.22243733867
"7901009",86,0.143430998561859,1,0.185031,1,0.162603,1,202.419461334907,1,4.88633584229325,50,1,28.9549999237061,36.2900009155273,0.185030996799469,0.171948000788689,195.192199707031,-87.0689,26.5195,11.2158569139865,63,63,63,63,61,63,0.162603,7818,1.13366707078925,27,-87,0.001869,51,2025-09-27 07:05:25.000758,50,1.037,0.0011,"aoml_navis",1023.26163435655
"7901009",86,0.15002552723137,1,0.192507,1,0.170079,1,199.733456027865,1,4.88619389032027,52,1,28.9589996337891,36.3199996948242,0.19250699877739,0.179424002766609,192.602096557617,-87.0689,26.5195,11.2158569139865,63,63,63,63,61,63,0.170079,7818,1.13366707078925,27,-87,0.001869,51,2025-09-27 07:05:25.000758,52,1.037,0.0011,"aoml_navis",1023.29136179086
"7901009",86,0.15002552723137,1,0.192507,1,0.170079,1,198.436033734808,1,4.88606168757558,54,1,28.9400005340576,36.3370018005371,0.19250699877739,0.179424002766609,191.350997924805,-87.0689,26.5195,11.2158569139865,63,63,63,63,61,63,0.170079,7818,1.13366707078925,27,-87,0.001869,51,2025-09-27 07:05:25.000758,54,1.037,0.0011,"aoml_navis",1023.31904910537
"7901009",86,0.158268688068259,1,0.201852,1,0.179424,1,196.989076844846,1,4.88595729494124,56,1,28.9069995880127,36.3400001525879,0.20185199379921,0.188768997788429,189.955703735352,-87.0689,26.5195,11.2158569139865,63,63,63,63,61,63,0.179424,7818,1.13366707078925,27,-87,0.001869,51,2025-09-27 07:05:25.000758,56,1.037,0.0011,"aoml_navis",1023.34091318744
"7901009",86,0.17145774540728,1,0.216804,1,0.194376,1,195.380638413995,1,4.88577138083002,58,1,28.8320007324219,36.3470001220703,0.216803997755051,0.20372100174427,188.404693603516,-87.0689,26.5195,11.2158569139865,63,63,63,63,61,63,0.194376,7818,1.13366707078925,27,-87,0.001869,51,2025-09-27 07:05:25.000758,58,1.037,0.0011,"aoml_navis",1023.37985351058
"7901009",86,0.164863216737769,1,0.209328,1,0.1869,1,194.914090471653,1,4.88561760368182,60,1,28.7770004272461,36.3540000915527,0.20932799577713,0.19624499976635,187.954803466797,-87.0689,26.5195,11.2158569139865,63,63,63,63,61,63,0.1869,7818,1.13366707078925,27,-87,0.001869,51,2025-09-27 07:05:25.000758,60,1.037,0.0011,"aoml_navis",1023.41206488039
"7901009",86,0.164863216737769,4,0.209328,1,0.1869,1,194.868771203343,1,4.8855253579914,62,1,28.7469997406006,36.3549995422363,0.20932799577713,0.19624499976635,187.911102294922,-87.0689,26.5195,11.2158569139865,63,63,63,63,61,63,0.1869,7818,1.13366707078925,27,-87,0.001869,51,2025-09-27 07:05:25.000758,62,1.037,0.0011,"aoml_navis",1023.43138836059
"7901009",86,0.181349538411546,1,0.228018,1,0.20559,1,194.324750098414,1,4.88539645826785,64,1,28.6940002441406,36.3559989929199,0.228018000721931,0.214935004711151,187.386505126953,-87.0689,26.5195,11.2158569139865,63,63,63,63,61,63,0.20559,7818,1.13366707078925,27,-87,0.001869,51,2025-09-27 07:05:25.000758,64,1.037,0.0011,"aoml_navis",1023.4583912915
"7901009",86,0.184646802746302,1,0.231756,1,0.209328,1,194.179867688969,1,4.88522145084068,66,1,28.621000289917,36.3610000610352,0.231756001710892,0.218673005700111,187.246795654297,-87.0689,26.5195,11.2158569139865,63,63,63,63,61,63,0.209328,7818,1.13366707078925,27,-87,0.001869,51,2025-09-27 07:05:25.000758,66,1.037,0.0011,"aoml_navis",1023.4950555086
"7901009",86,0.191241331415812,1,0.239232,1,0.216804,1,194.593754135173,1,4.88505304873145,68.0999984741211,1,28.5330009460449,36.3569984436035,0.239232003688812,0.226148992776871,187.645904541016,-87.0689,26.5195,11.2158569139865,63,63,63,63,61,63,0.216804,7818,1.13366707078925,27,-87,0.001869,51,2025-09-27 07:05:25.000758,68.0999984741211,1.037,0.0011,"aoml_navis",1023.53033838566
"7901009",86,0.204430388754834,1,0.254184,1,0.231756,1,194.484443553648,1,4.88485685249161,70,1,28.4270000457764,36.3540000915527,0.254184007644653,0.241100996732712,187.540496826172,-87.0689,26.5195,11.2158569139865,63,63,63,63,61,63,0.231756,7818,1.13366707078925,27,-87,0.001869,51,2025-09-27 07:05:25.000758,70,1.037,0.0011,"aoml_navis",1023.57144763611
"7901009",86,0.239051664269766,1,0.293433,1,0.271005,1,193.749920119393,1,4.88464206164207,72,1,28.3080005645752,36.3499984741211,0.293433010578156,0.280349999666214,186.83219909668,-87.0689,26.5195,11.2158569139865,63,63,63,63,61,63,0.271005,7818,1.13366707078925,27,-87,0.001869,51,2025-09-27 07:05:25.000758,72,1.037,0.0011,"aoml_navis",1023.61645682573
"7901009",86,0.242348928604521,1,0.297171,1,0.274743,1,192.271331519462,1,4.88444062402159,74,1,28.2290000915527,36.3600006103516,0.297170996665955,0.284087985754013,185.406402587891,-87.0689,26.5195,11.2158569139865,63,63,63,63,61,63,0.274743,7818,1.13366707078925,27,-87,0.001869,51,2025-09-27 07:05:25.000758,74,1.037,0.0011,"aoml_navis",1023.65867145771
"7901009",86,0.240700296437143,1,0.295302,1,0.272874,1,191.108711896355,1,4.8842444013167,76,1,28.1599998474121,36.3730010986328,0.295302003622055,0.282218992710114,184.285293579102,-87.0689,26.5195,11.2158569139865,63,63,63,63,61,63,0.272874,7818,1.13366707078925,27,-87,0.001869,51,2025-09-27 07:05:25.000758,76,1.037,0.0011,"aoml_navis",1023.69979656466
"7901009",86,0.245646192939276,1,0.300909,1,0.278481,1,190.778533176883,1,4.88408619470661,78,1,28.0739994049072,36.3680000305176,0.300909012556076,0.287826001644135,183.966903686523,-87.0689,26.5195,11.2158569139865,63,63,63,63,61,63,0.278481,7818,1.13366707078925,27,-87,0.001869,51,2025-09-27 07:05:25.000758,78,1.037,0.0011,"aoml_navis",1023.73295651887
"7901009",86,0.272024307617319,1,0.330813,1,0.308385,1,189.832445979601,1,4.88392017208398,80,1,27.992000579834,36.367000579834,0.330812990665436,0.317730009555817,183.054595947266,-87.0689,26.5195,11.2158569139865,63,63,63,63,61,63,0.308385,7818,1.13366707078925,27,-87,0.001869,51,2025-09-27 07:05:25.000758,80,1.037,0.0011,"aoml_navis",1023.76775701199
"7901009",86,0.286861997123719,1,0.347634,1,0.325206,1,188.060579684535,1,4.88368999174174,82,1,27.9169998168945,36.3870010375977,0.347633987665176,0.334551006555557,181.345993041992,-87.0689,26.5195,11.2158569139865,63,63,63,63,61,63,0.325206,7818,1.13366707078925,27,-87,0.001869,51,2025-09-27 07:05:25.000758,82,1.037,0.0011,"aoml_navis",1023.81600970884
"7901009",86,0.303348318797496,1,0.366324,1,0.343896,1,187.201095963322,1,4.88348273779784,84,1,27.8290004730225,36.3950004577637,0.366324007511139,0.353240996599197,180.517196655273,-87.0689,26.5195,11.2158569139865,63,63,63,63,61,63,0.343896,7818,1.13366707078925,27,-87,0.001869,51,2025-09-27 07:05:25.000758,84,1.037,0.0011,"aoml_navis",1023.85946023733
"7901009",86,0.328077801308161,1,0.394359,1,0.371931,1,186.486478827787,1,4.88324719604902,86,1,27.7479991912842,36.4140014648438,0.394358992576599,0.38127601146698,179.828094482422,-87.0689,26.5195,11.2158569139865,63,63,63,63,61,63,0.371931,7818,1.13366707078925,27,-87,0.001869,51,2025-09-27 07:05:25.000758,86,1.037,0.0011,"aoml_navis",1023.90884574622
"7901009",86,0.323131904806028,1,0.388752,1,0.366324,1,185.591328336054,1,4.88313121490636,88,1,27.7320003509521,36.4280014038086,0.388752013444901,0.375669002532959,178.964904785156,-87.0689,26.5195,11.2158569139865,63,63,63,63,61,63,0.366324,7818,1.13366707078925,27,-87,0.001869,51,2025-09-27 07:05:25.000758,88,1.037,0.0011,"aoml_navis",1023.93316500218
"7901009",86,0.351158651651449,1,0.420525,1,0.398097,1,184.675417062189,1,4.88294986676043,90,1,27.7040004730225,36.4550018310547,0.420525014400482,0.407442003488541,178.081695556641,-87.0689,26.5195,11.2158569139865,63,63,63,63,61,63,0.398097,7818,1.13366707078925,27,-87,0.001869,51,2025-09-27 07:05:25.000758,90,1.037,0.0011,"aoml_navis",1023.97119291278
"7901009",86,0.382482662831625,1,0.456036,1,0.433608,1,183.593071408404,1,4.8827135922841,92.0999984741211,1,27.6189994812012,36.4720001220703,0.456036001443863,0.442952990531921,177.037994384766,-87.0689,26.5195,11.2158569139865,63,63,63,63,61,63,0.433608,7818,1.13366707078925,27,-87,0.001869,51,2025-09-27 07:05:25.000758,92.0999984741211,1.037,0.0011,"aoml_navis",1024.0207428716
"7901009",86,0.415455306179179,1,0.493416,1,0.470988,1,182.15638414314,1,4.88242202599172,94,1,27.4909992218018,36.4869995117188,0.493416011333466,0.480333000421524,175.652603149414,-87.0689,26.5195,11.2158569139865,63,63,63,63,61,63,0.470988,7818,1.13366707078925,27,-87,0.001869,51,2025-09-27 07:05:25.000758,94,1.037,0.0011,"aoml_navis",1024.0818948838
"7901009",86,0.453373846028866,1,0.536403,1,0.513975,1,181.094561914984,1,4.88221043046473,96,1,27.4039993286133,36.4970016479492,0.536403000354767,0.523320019245148,174.628692626953,-87.0689,26.5195,11.2158569139865,63,63,63,63,61,63,0.513975,7818,1.13366707078925,27,-87,0.001869,51,2025-09-27 07:05:25.000758,96,1.037,0.0011,"aoml_navis",1024.12627870365
"7901009",86,0.537454086565128,1,0.631722,1,0.609294,1,178.703907216537,1,4.88188998708905,98,1,27.257999420166,36.5120010375977,0.631721973419189,0.61863899230957,172.323394775391,-87.0689,26.5195,11.2158569139865,63,63,63,63,61,63,0.609294,7818,1.13366707078925,27,-87,0.001869,51,2025-09-27 07:05:25.000758,98,1.037,0.0011,"aoml_navis",1024.19350153799
"7901009",86,0.558886304741038,1,0.656019,1,0.633591,1,175.948324806576,1,4.88159390693724,100,1,27.1319999694824,36.5289993286133,0.656018972396851,0.642935991287231,169.666198730469,-87.0689,26.5195,11.2158569139865,63,63,63,63,61,63,0.633591,7818,1.13366707078925,27,-87,0.001869,51,2025-09-27 07:05:25.000758,100,1.037,0.0011,"aoml_navis",1024.25562128273
"7901009",86,0.52921092572824,1,0.622377,1,0.599949,1,174.174591307019,1,4.88125718933357,102,1,26.9300003051758,36.5250015258789,0.622376978397369,0.60929399728775,167.955795288086,-87.0689,26.5195,11.2158569139865,63,63,63,63,61,63,0.599949,7818,1.13366707078925,27,-87,0.001869,51,2025-09-27 07:05:25.000758,102,1.037,0.0011,"aoml_navis",1024.32627621546
"7901009",86,0.502832811050197,1,0.592473,1,0.570045,1,179.443320194754,1,4.88101728969943,104,1,26.7740001678467,36.5139999389648,0.592472970485687,0.579389989376068,173.036407470703,-87.0689,26.5195,11.2158569139865,63,63,63,63,61,63,0.570045,7818,1.13366707078925,27,-87,0.001869,51,2025-09-27 07:05:25.000758,104,1.037,0.0011,"aoml_navis",1024.37662135548
"7901009",86,0.433590260020333,1,0.513975,1,0.491547,1,194.884642441511,1,4.88077611368027,106,1,26.6849994659424,36.5320014953613,0.513975024223328,0.500891983509064,187.926406860352,-87.0689,26.5195,11.2158569139865,63,63,63,63,61,63,0.491547,7818,1.13366707078925,27,-87,0.001869,51,2025-09-27 07:05:25.000758,106,1.037,0.0011,"aoml_navis",1024.42723934531
"7901009",86,0.239051664269766,1,0.293433,1,0.271005,1,210.099890531023,1,4.88038858557693,108,1,26.3689994812012,36.4949989318848,0.293433010578156,0.280349999666214,202.598403930664,-87.0689,26.5195,11.2158569139865,63,63,63,63,61,63,0.271005,7818,1.13366707078925,27,-87,0.001869,51,2025-09-27 07:05:25.000758,108,1.037,0.0011,"aoml_navis",1024.50858416819
"7901009",86,0.196187227917946,4,0.244839,1,0.222411,1,209.071155799388,1,4.8800558703985,110,1,26.1539993286133,36.4860000610352,0.244838997721672,0.231756001710892,201.606399536133,-87.0689,26.5195,11.2158569139865,63,63,63,63,61,63,0.222411,7818,1.13366707078925,27,-87,0.001869,51,2025-09-27 07:05:25.000758,110,1.037,0.0011,"aoml_navis",1024.57843368742
"7901009",86,0.166511848905147,4,0.211197,1,0.188769,1,199.648624813684,1,4.87969279321545,112,1,25.9559993743896,36.4930000305176,0.211197003722191,0.198113992810249,192.520294189453,-87.0689,26.5195,11.2158569139865,63,63,63,63,61,63,0.188769,7818,1.13366707078925,27,-87,0.001869,51,2025-09-27 07:05:25.000758,112,1.037,0.0011,"aoml_navis",1024.65466821023
"7901009",86,0.222565342595989,1,0.274743,1,0.252315,1,184.116664030306,1,4.87938175814305,114,1,25.8570003509521,36.5270004272461,0.274742990732193,0.261660009622574,177.542892456055,-87.0689,26.5195,11.2158569139865,63,63,63,63,61,63,0.252315,7818,1.13366707078925,27,-87,0.001869,51,2025-09-27 07:05:25.000758,114,1.037,0.0011,"aoml_navis",1024.71998458732
"7901009",86,0.275321571952075,1,0.334551,1,0.312123,1,169.742765625176,1,4.87895238200448,116,1,25.7700004577637,36.5989990234375,0.334551006555557,0.321467995643616,163.682205200195,-87.0689,26.5195,11.2158569139865,63,63,63,63,61,63,0.312123,7818,1.13366707078925,27,-87,0.001869,51,2025-09-27 07:05:25.000758,116,1.037,0.0011,"aoml_navis",1024.81016589586
"7901009",86,0.319834640471273,1,0.385014,1,0.362586,1,162.516652599613,1,4.87852765643305,118,1,25.7679996490479,36.7050018310547,0.385013997554779,0.371930986642838,156.714096069336,-87.0689,26.5195,11.2158569139865,63,63,63,63,61,63,0.362586,7818,1.13366707078925,27,-87,0.001869,51,2025-09-27 07:05:25.000758,118,1.037,0.0011,"aoml_navis",1024.89938606923
"7901009",86,0.285213364956341,1,0.345765,1,0.323337,1,163.424778580178,1,4.87825440562682,120.099998474121,1,25.7049999237061,36.7430000305176,0.345764994621277,0.332682013511658,157.589797973633,-87.0689,26.5195,11.2158569139865,63,63,63,63,61,63,0.323337,7818,1.13366707078925,27,-87,0.001869,51,2025-09-27 07:05:25.000758,120.099998474121,1.037,0.0011,"aoml_navis",1024.9567948389
"7901009",86,0.217619446093856,1,0.269136,1,0.246708,1,171.825837943239,1,4.87793378750041,122,1,25.4740009307861,36.726001739502,0.269136011600494,0.256053000688553,165.690902709961,-87.0689,26.5195,11.2158569139865,63,63,63,63,61,63,0.246708,7818,1.13366707078925,27,-87,0.001869,51,2025-09-27 07:05:25.000758,122,1.037,0.0011,"aoml_navis",1025.02416347109
"7901009",86,0.179700906244169,1,0.226149,1,0.203721,1,183.72830132006,1,4.87748055861581,124,1,24.8799991607666,36.5979995727539,0.226148992776871,0.21306599676609,177.168395996094,-87.0689,26.5195,11.2158569139865,63,63,63,63,61,63,0.203721,7818,1.13366707078925,27,-87,0.001869,51,2025-09-27 07:05:25.000758,124,1.037,0.0011,"aoml_navis",1025.11941153056
"7901009",86,0.159917320235636,1,0.203721,1,0.181293,1,184.579809862771,1,4.87717287470276,126,1,24.5400009155273,36.5349998474121,0.20372100174427,0.19063800573349,177.989501953125,-87.0689,26.5195,11.2158569139865,63,63,63,63,61,63,0.181293,7818,1.13366707078925,27,-87,0.001869,51,2025-09-27 07:05:25.000758,126,1.037,0.0011,"aoml_navis",1025.18408275711
"7901009",86,0.133539205557593,1,0.173817,1,0.151389,1,175.275925481045,1,4.87686746149695,128,1,24.3589992523193,36.5359992980957,0.173816993832588,0.160733997821808,169.017807006836,-87.0689,26.5195,11.2158569139865,63,63,63,63,61,63,0.151389,7818,1.13366707078925,27,-87,0.001869,51,2025-09-27 07:05:25.000758,128,1.037,0.0011,"aoml_navis",1025.24828478018
"7901009",86,0.126944676888082,4,0.166341,1,0.143913,1,163.346893999653,1,4.87646788319028,130,1,24.5319995880127,36.7050018310547,0.166341006755829,0.153257995843887,157.514694213867,-87.0689,26.5195,11.2158569139865,63,63,63,63,61,63,0.143913,7818,1.13366707078925,27,-87,0.001869,51,2025-09-27 07:05:25.000758,130,1.037,0.0011,"aoml_navis",1025.33229373571
"7901009",86,0.126944676888082,4,0.166341,1,0.143913,1,167.486296469772,1,4.87620311852913,132,1,24.5090007781982,36.757999420166,0.166341006755829,0.153257995843887,161.506301879883,-87.0689,26.5195,11.2158569139865,63,63,63,63,61,63,0.143913,7818,1.13366707078925,27,-87,0.001869,51,2025-09-27 07:05:25.000758,132,1.037,0.0011,"aoml_navis",1025.38796651035
"7901009",86,0.141782366394482,1,0.183162,1,0.160734,1,173.191286610062,1,4.87572751709478,134.100006103516,1,23.8449993133545,36.6139984130859,0.183162003755569,0.170078992843628,167.007598876953,-87.0689,26.5195,11.2158569139865,63,63,63,63,61,63,0.160734,7818,1.13366707078925,27,-87,0.001869,51,2025-09-27 07:05:25.000758,134.100006103516,1.037,0.0011,"aoml_navis",1025.48798768379
"7901009",86,0.138485102059726,1,0.179424,1,0.156996,1,168.226421517498,1,4.87556810077705,136,1,23.7040004730225,36.5919990539551,0.179424002766609,0.166341006755829,162.220001220703,-87.0689,26.5195,11.2158569139865,63,63,63,63,61,63,0.156996,7818,1.13366707078925,27,-87,0.001869,51,2025-09-27 07:05:25.000758,136,1.037,0.0011,"aoml_navis",1025.52151803666
"7901009",86,0.145079630729237,1,0.1869,1,0.164472,1,162.946916644526,1,4.87515552361597,138.100006103516,1,23.681999206543,36.6860008239746,0.18690000474453,0.173816993832588,157.128997802734,-87.0689,26.5195,11.2158569139865,63,63,63,63,61,63,0.164472,7818,1.13366707078925,27,-87,0.001869,51,2025-09-27 07:05:25.000758,138.100006103516,1.037,0.0011,"aoml_navis",1025.60830639746
"7901009",86,0.154971423733503,1,0.198114,1,0.175686,1,162.203895847463,1,4.87488935468147,140,1,23.548999786377,36.6969985961914,0.198113992810249,0.185030996799469,156.412506103516,-87.0689,26.5195,11.2158569139865,63,63,63,63,61,63,0.175686,7818,1.13366707078925,27,-87,0.001869,51,2025-09-27 07:05:25.000758,140,1.037,0.0011,"aoml_navis",1025.66430460588
"7901009",86,0.174755009742036,1,0.220542,1,0.198114,1,167.711120549435,1,4.87454424469079,142,1,23.0949993133545,36.6049995422363,0.220541998744011,0.207459002733231,161.723098754883,-87.0689,26.5195,11.2158569139865,63,63,63,63,61,63,0.198114,7818,1.13366707078925,27,-87,0.001869,51,2025-09-27 07:05:25.000758,142,1.037,0.0011,"aoml_navis",1025.73692000967
"7901009",86,0.178052274076791,1,0.22428,1,0.201852,1,165.237406898697,1,4.87417557293223,144,1,22.6100006103516,36.5099983215332,0.224279999732971,0.211197003722191,159.337707519531,-87.0689,26.5195,11.2158569139865,63,63,63,63,61,63,0.201852,7818,1.13366707078925,27,-87,0.001869,51,2025-09-27 07:05:25.000758,144,1.037,0.0011,"aoml_navis",1025.81450446031
"7901009",86,0.173106377574658,1,0.218673,1,0.196245,1,159.717618125831,1,4.87369188413901,146,1,22.2779998779297,36.5069999694824,0.218673005700111,0.20558999478817,154.014999389648,-87.0689,26.5195,11.2158569139865,63,63,63,63,61,63,0.196245,7818,1.13366707078925,27,-87,0.001869,51,2025-09-27 07:05:25.000758,146,1.037,0.0011,"aoml_navis",1025.91631126129
"7901009",86,0.153322791566125,1,0.196245,1,0.173817,1,155.648330766706,1,4.8732194396489,148,1,21.9780006408691,36.5139999389648,0.19624499976635,0.183162003755569,150.091003417969,-87.0689,26.5195,11.2158569139865,63,63,63,63,61,63,0.173817,7818,1.13366707078925,27,-87,0.001869,51,2025-09-27 07:05:25.000758,148,1.037,0.0011,"aoml_navis",1026.01577087204
"7901009",86,0.136836469892349,1,0.177555,1,0.155127,1,151.968956846979,1,4.87287591765015,150,1,21.7609996795654,36.5169982910156,0.177554994821548,0.164471998810768,146.542999267578,-87.0689,26.5195,11.2158569139865,63,63,63,63,61,63,0.155127,7818,1.13366707078925,27,-87,0.001869,51,2025-09-27 07:05:25.000758,150,1.037,0.0011,"aoml_navis",1026.0881016669
"7901009",86,0.121998780385949,1,0.160734,1,0.138306,1,148.286687177916,1,4.87252750111278,152,1,21.5200004577637,36.5130004882812,0.160733997821808,0.147651001811028,142.992202758789,-87.0689,26.5195,11.2158569139865,63,63,63,63,61,63,0.138306,7818,1.13366707078925,27,-87,0.001869,51,2025-09-27 07:05:25.000758,152,1.037,0.0011,"aoml_navis",1026.16147345666
"7901009",86,0.113755619549061,1,0.151389,1,0.128961,1,144.923614534118,1,4.87209711805314,154,1,21.2590007781982,36.5250015258789,0.151389002799988,0.138306006789207,139.749206542969,-87.0689,26.5195,11.2158569139865,63,63,63,63,61,63,0.128961,7818,1.13366707078925,27,-87,0.001869,51,2025-09-27 07:05:25.000758,154,1.037,0.0011,"aoml_navis",1026.25212077011
"7901009",86,0.0989179300426616,1,0.134568,1,0.11214,1,142.993700455572,1,4.87173224931764,156,1,21.0900001525879,36.5530014038086,0.134568005800247,0.121485002338886,137.888198852539,-87.0689,26.5195,11.2158569139865,63,63,63,63,61,63,0.11214,7818,1.13366707078925,27,-87,0.001869,51,2025-09-27 07:05:25.000758,156,1.037,0.0011,"aoml_navis",1026.32898199615
"7901009",86,0.100566562210039,1,0.136437,1,0.114009,1,137.697912926493,1,4.87155521895915,158,1,21.113000869751,36.5989990234375,0.136436998844147,0.123354002833366,132.781494140625,-87.0689,26.5195,11.2158569139865,63,63,63,63,61,63,0.114009,7818,1.13366707078925,27,-87,0.001869,51,2025-09-27 07:05:25.000758,158,1.037,0.0011,"aoml_navis",1026.36627837882
"7901009",86,0.100566562210039,1,0.136437,1,0.114009,1,132.243468398909,1,4.87137788721272,160,1,21.132999420166,36.6440010070801,0.136436998844147,0.123354002833366,127.521797180176,-87.0689,26.5195,11.2158569139865,63,63,63,63,61,63,0.114009,7818,1.13366707078925,27,-87,0.001869,51,2025-09-27 07:05:25.000758,160,1.037,0.0011,"aoml_navis",1026.40364097495
"7901009",86,0.100566562210039,1,0.136437,1,0.114009,1,129.340107830166,1,4.8711179981762,162,1,21.0380001068115,36.6699981689453,0.136436998844147,0.123354002833366,124.722099304199,-87.0689,26.5195,11.2158569139865,63,63,63,63,61,63,0.114009,7818,1.13366707078925,27,-87,0.001869,51,2025-09-27 07:05:25.000758,162,1.037,0.0011,"aoml_navis",1026.45840274698
"7901009",86,0.0890261370383954,1,0.123354,1,0.100926,1,128.220948182763,1,4.87085071605549,164,1,20.8570003509521,36.6669998168945,0.123354002833366,0.110270999372005,123.64289855957,-87.0689,26.5195,11.2158569139865,63,63,63,63,61,63,0.100926,7818,1.13366707078925,27,-87,0.001869,51,2025-09-27 07:05:25.000758,164,1.037,0.0011,"aoml_navis",1026.51472842697
"7901009",86,0.0675939188624854,1,0.099057,1,0.076629,1,127.288042183281,1,4.87066530150797,166,1,20.7129993438721,36.6549987792969,0.0990569964051247,0.0859740003943443,122.743301391602,-87.0689,26.5195,11.2158569139865,63,63,63,63,61,63,0.076629,7818,1.13366707078925,27,-87,0.001869,51,2025-09-27 07:05:25.000758,166,1.037,0.0011,"aoml_navis",1026.55380538096
"7901009",86,0.059350758025597,1,0.089712,1,0.067284,1,126.396610276762,1,4.87048015125104,168,1,20.5629997253418,36.640998840332,0.0897120013833046,0.0766289979219437,121.883697509766,-87.0689,26.5195,11.2158569139865,63,63,63,63,61,63,0.067284,7818,1.13366707078925,27,-87,0.001869,51,2025-09-27 07:05:25.000758,168,1.037,0.0011,"aoml_navis",1026.5928296034
"7901009",86,0.0626480223603524,1,0.09345,1,0.071022,1,125.895835526684,1,4.87032450495813,170,1,20.423999786377,36.6230010986328,0.0934500023722649,0.0803669989109039,121.400802612305,-87.0689,26.5195,11.2158569139865,63,63,63,63,61,63,0.071022,7818,1.13366707078925,27,-87,0.001869,51,2025-09-27 07:05:25.000758,170,1.037,0.0011,"aoml_navis",1026.62563755451
"7901009",86,0.0577021258582193,1,0.087843,1,0.065415,1,126.774814128678,1,4.87010574568665,172,1,20.238000869751,36.6059989929199,0.0878430008888245,0.0747599974274635,122.248397827148,-87.0689,26.5195,11.2158569139865,63,63,63,63,61,63,0.065415,7818,1.13366707078925,27,-87,0.001869,51,2025-09-27 07:05:25.000758,172,1.037,0.0011,"aoml_navis",1026.67175233893
"7901009",86,0.04286443635182,1,0.071022,1,0.048594,1,126.782591510094,1,4.86991926137511,174,1,20.1809997558594,36.6259994506836,0.0710219964385033,0.0579390004277229,122.255897521973,-87.0689,26.5195,11.2158569139865,63,63,63,63,61,63,0.048594,7818,1.13366707078925,27,-87,0.001869,51,2025-09-27 07:05:25.000758,174,1.037,0.0011,"aoml_navis",1026.71106678433
"7901009",86,0.0362699076823093,1,0.063546,1,0.041118,1,125.382298908627,1,4.86973253505524,176,1,20.0330009460449,36.6139984130859,0.0635460019111633,0.0504629984498024,120.905601501465,-87.0689,26.5195,11.2158569139865,63,63,63,63,61,63,0.041118,7818,1.13366707078925,27,-87,0.001869,51,2025-09-27 07:05:25.000758,176,1.037,0.0011,"aoml_navis",1026.75043526662
"7901009",86,0.0412158041844423,1,0.069153,1,0.046725,1,124.951306970438,1,4.86959771429977,178,1,19.9109992980957,36.5970001220703,0.0691530033946037,0.0560699999332428,120.48999786377,-87.0689,26.5195,11.2158569139865,63,63,63,63,61,63,0.046725,7818,1.13366707078925,27,-87,0.001869,51,2025-09-27 07:05:25.000758,178,1.037,0.0011,"aoml_navis",1026.77886210545
"7901009",86,0.0362699076823093,1,0.063546,1,0.041118,1,124.872393845066,1,4.86950394605507,180,1,19.8409996032715,36.5870018005371,0.0635460019111633,0.0504629984498024,120.413902282715,-87.0689,26.5195,11.2158569139865,63,63,63,63,61,63,0.041118,7818,1.13366707078925,27,-87,0.001869,51,2025-09-27 07:05:25.000758,180,1.037,0.0011,"aoml_navis",1026.79863398625
"7901009",86,0.0412158041844423,1,0.069153,1,0.046725,1,124.974433405716,1,4.86933684030787,182,1,19.7070007324219,36.5750007629395,0.0691530033946037,0.0560699999332428,120.512298583984,-87.0689,26.5195,11.2158569139865,63,63,63,63,61,63,0.046725,7818,1.13366707078925,27,-87,0.001869,51,2025-09-27 07:05:25.000758,182,1.037,0.0011,"aoml_navis",1026.8338716292
"7901009",86,0.0346212755149316,1,0.061677,1,0.039249,1,125.433211878525,1,4.86917184359755,184,1,19.5769996643066,36.5639991760254,0.0616770014166832,0.0485940016806126,120.954696655273,-87.0689,26.5195,11.2158569139865,63,63,63,63,61,63,0.039249,7818,1.13366707078925,27,-87,0.001869,51,2025-09-27 07:05:25.000758,184,1.037,0.0011,"aoml_navis",1026.86866691191
"7901009",86,0.0296753790127985,1,0.05607,1,0.033642,1,125.989583433494,1,4.86898823219467,186,1,19.4200000762939,36.548999786377,0.0560699999332428,0.0429870001971722,121.491203308105,-87.0689,26.5195,11.2158569139865,63,63,63,63,61,63,0.033642,7818,1.13366707078925,27,-87,0.001869,51,2025-09-27 07:05:25.000758,186,1.037,0.0011,"aoml_navis",1026.9073905209
"7901009",86,0.0230808503432877,1,0.048594,1,0.026166,1,127.212649846038,1,4.86883217325078,188,1,19.2959995269775,36.5379981994629,0.0485940016806126,0.0355109982192516,122.670600891113,-87.0689,26.5195,11.2158569139865,63,63,63,63,61,63,0.026166,7818,1.13366707078925,27,-87,0.001869,51,2025-09-27 07:05:25.000758,188,1.037,0.0011,"aoml_navis",1026.94030561781
"7901009",86,0.00989179300426616,1,0.033642,1,0.011214,1,128.075140082956,1,4.86868960506899,190,1,19.19700050354,36.5320014953613,0.0336420014500618,0.020558999851346,123.502296447754,-87.0689,26.5195,11.2158569139865,63,63,63,63,61,63,0.011214,7818,1.13366707078925,27,-87,0.001869,51,2025-09-27 07:05:25.000758,190,1.037,0.0011,"aoml_navis",1026.9703771615
"7901009",86,0.0115404251716439,1,0.035511,1,0.013083,1,128.174798166692,1,4.8685519356028,192,1,19.0869998931885,36.5209999084473,0.0355109982192516,0.0224280003458261,123.59839630127,-87.0689,26.5195,11.2158569139865,63,63,63,63,61,63,0.013083,7818,1.13366707078925,27,-87,0.001869,51,2025-09-27 07:05:25.000758,192,1.037,0.0011,"aoml_navis",1026.99941710305
"7901009",86,0.00824316083688847,1,0.031773,1,0.009345,1,128.303500774514,1,4.86844947875896,194,1,19.0139999389648,36.5130004882812,0.0317730009555817,0.0186899993568659,123.722503662109,-87.0689,26.5195,11.2158569139865,63,63,63,63,61,63,0.009345,7818,1.13366707078925,27,-87,0.001869,51,2025-09-27 07:05:25.000758,194,1.037,0.0011,"aoml_navis",1027.02103037425
"7901009",86,0.00329726433475539,1,0.026166,1,0.003738,1,128.581002174082,1,4.86836083963482,196,1,18.9549999237061,36.5060005187988,0.0261659994721413,0.0130829997360706,123.990097045898,-87.0689,26.5195,11.2158569139865,63,63,63,63,61,63,0.003738,7818,1.13366707078925,27,-87,0.001869,51,2025-09-27 07:05:25.000758,196,1.037,0.0011,"aoml_navis",1027.03972953144
"7901009",86,0.00659452866951077,1,0.029904,1,0.007476,1,128.890657467925,1,4.86825991792493,198,1,18.8799991607666,36.4970016479492,0.0299040004611015,0.0168210007250309,124.288696289062,-87.0689,26.5195,11.2158569139865,63,63,63,63,61,63,0.007476,7818,1.13366707078925,27,-87,0.001869,51,2025-09-27 07:05:25.000758,198,1.037,0.0011,"aoml_navis",1027.0610206308
"7901009",86,0.00164863216737769,1,0.024297,1,0.001869,1,129.54087978419,1,4.86812122121414,200,1,18.7709999084473,36.4869995117188,0.0242970008403063,0.0112140001729131,124.915702819824,-87.0689,26.5195,11.2158569139865,63,63,63,63,61,63,0.001869,7818,1.13366707078925,27,-87,0.001869,51,2025-09-27 07:05:25.000758,200,1.037,0.0011,"aoml_navis",1027.09028242994
"7901009",86,0.00329726433475539,1,0.026166,1,0.003738,1,130.346024689977,1,4.86802942903085,202,1,18.7059993743896,36.4790000915527,0.0261659994721413,0.0130829997360706,125.692100524902,-87.0689,26.5195,11.2158569139865,63,63,63,63,61,63,0.003738,7818,1.13366707078925,27,-87,0.001869,51,2025-09-27 07:05:25.000758,202,1.037,0.0011,"aoml_navis",1027.10964937519
"7901009",86,0.00329726433475539,1,0.026166,1,0.003738,1,130.663148801783,1,4.86792676847502,204,1,18.6259994506836,36.4690017700195,0.0261659994721413,0.0130829997360706,125.997901916504,-87.0689,26.5195,11.2158569139865,63,63,63,63,61,63,0.003738,7818,1.13366707078925,27,-87,0.001869,51,2025-09-27 07:05:25.000758,204,1.037,0.0011,"aoml_navis",1027.13131026956
"7901009",86,0.00164863216737769,1,0.024297,1,0.001869,1,130.724331396379,1,4.86782925658242,206,1,18.55299949646,36.4599990844727,0.0242970008403063,0.0112140001729131,126.056900024414,-87.0689,26.5195,11.2158569139865,63,63,63,63,61,63,0.001869,7818,1.13366707078925,27,-87,0.001869,51,2025-09-27 07:05:25.000758,206,1.037,0.0011,"aoml_navis",1027.15188566626
"7901009",86,0,1,0.022428,1,0,1,130.972495532173,1,4.86773074325136,208,1,18.4820003509521,36.4519996643066,0.0224280003458261,0.00934499967843294,126.296203613281,-87.0689,26.5195,11.2158569139865,63,63,63,63,61,63,0,7818,1.13366707078925,27,-87,0.001869,51,2025-09-27 07:05:25.000758,208,1.037,0.0011,"aoml_navis",1027.17267320754
"7901009",86,-0.00164863216737769,1,0.020559,1,-0.001869,1,131.499197524264,1,4.86763362393197,210,1,18.3999996185303,36.439998626709,0.020558999851346,0.00747600011527538,126.804100036621,-87.0689,26.5195,11.2158569139865,63,63,63,63,61,63,-0.001869,7818,1.13366707078925,27,-87,0.001869,51,2025-09-27 07:05:25.000758,210,1.037,0.0011,"aoml_navis",1027.19316741861
"7901009",86,0,1,0.022428,1,0,1,131.349971490813,1,4.86750184411895,212,1,18.2830009460449,36.4259986877441,0.0224280003458261,0.00934499967843294,126.660202026367,-87.0689,26.5195,11.2158569139865,63,63,63,63,61,63,0,7818,1.13366707078925,27,-87,0.001869,51,2025-09-27 07:05:25.000758,212,1.037,0.0011,"aoml_navis",1027.2209770277
"7901009",86,-0.00164863216737769,1,0.020559,1,-0.001869,1,130.163924780858,1,4.8673898551339,214,1,18.1760005950928,36.4099998474121,0.020558999851346,0.00747600011527538,125.516502380371,-87.0689,26.5195,11.2158569139865,63,63,63,63,61,63,-0.001869,7818,1.13366707078925,27,-87,0.001869,51,2025-09-27 07:05:25.000758,214,1.037,0.0011,"aoml_navis",1027.24461134467
"7901009",86,-0.00164863216737769,1,0.020559,1,-0.001869,1,129.172834790602,1,4.86728314669016,216,1,18.0699996948242,36.3930015563965,0.020558999851346,0.00747600011527538,124.56079864502,-87.0689,26.5195,11.2158569139865,63,63,63,63,61,63,-0.001869,7818,1.13366707078925,27,-87,0.001869,51,2025-09-27 07:05:25.000758,216,1.037,0.0011,"aoml_navis",1027.26713226045
"7901009",86,-0.00494589650213308,1,0.016821,1,-0.005607,1,128.869089673684,1,4.86718384979396,218,1,17.9820003509521,36.3800010681152,0.0168210007250309,0.00373800005763769,124.26789855957,-87.0689,26.5195,11.2158569139865,63,63,63,63,61,63,-0.005607,7818,1.13366707078925,27,-87,0.001869,51,2025-09-27 07:05:25.000758,218,1.037,0.0011,"aoml_navis",1027.28808984926
"7901009",86,-0.00494589650213308,1,0.016821,1,-0.005607,1,128.800754736464,1,4.86710722762475,220,1,17.9249992370605,36.3709983825684,0.0168210007250309,0.00373800005763769,124.202003479004,-87.0689,26.5195,11.2158569139865,63,63,63,63,61,63,-0.005607,7818,1.13366707078925,27,-87,0.001869,51,2025-09-27 07:05:25.000758,220,1.037,0.0011,"aoml_navis",1027.30426229794
"7901009",86,-0.00164863216737769,1,0.020559,1,-0.001869,1,129.167755361438,1,4.86700271012839,222,1,17.8229999542236,36.3549995422363,0.020558999851346,0.00747600011527538,124.55590057373,-87.0689,26.5195,11.2158569139865,63,63,63,63,61,63,-0.001869,7818,1.13366707078925,27,-87,0.001869,51,2025-09-27 07:05:25.000758,222,1.037,0.0011,"aoml_navis",1027.32632336424
"7901009",86,-0.00164863216737769,1,0.020559,1,-0.001869,1,129.293237832702,1,4.86690758152488,224,1,17.7469997406006,36.3450012207031,0.020558999851346,0.00747600011527538,124.676902770996,-87.0689,26.5195,11.2158569139865,63,63,63,63,61,63,-0.001869,7818,1.13366707078925,27,-87,0.001869,51,2025-09-27 07:05:25.000758,224,1.037,0.0011,"aoml_navis",1027.34640349045
"7901009",86,0.00164863216737769,1,0.024297,1,0.001869,1,129.030349681838,1,4.86681295971268,226,1,17.6620006561279,36.3320007324219,0.0242970008403063,0.0112140001729131,124.423400878906,-87.0689,26.5195,11.2158569139865,63,63,63,63,61,63,0.001869,7818,1.13366707078925,27,-87,0.001869,51,2025-09-27 07:05:25.000758,226,1.037,0.0011,"aoml_navis",1027.36637741985
"7901009",86,0.00164863216737769,1,0.024297,1,0.001869,1,128.748069504676,1,4.8667150001427,228,1,17.5769996643066,36.3199996948242,0.0242970008403063,0.0112140001729131,124.15119934082,-87.0689,26.5195,11.2158569139865,63,63,63,63,61,63,0.001869,7818,1.13366707078925,27,-87,0.001869,51,2025-09-27 07:05:25.000758,228,1.037,0.0011,"aoml_navis",1027.38705674226
"7901009",86,0.00824316083688847,1,0.031773,1,0.009345,1,128.583391562879,1,4.86660220763163,230,1,17.4759998321533,36.306999206543,0.0317730009555817,0.0186899993568659,123.992401123047,-87.0689,26.5195,11.2158569139865,63,63,63,63,61,63,0.009345,7818,1.13366707078925,27,-87,0.001869,51,2025-09-27 07:05:25.000758,230,1.037,0.0011,"aoml_navis",1027.41086833832
"7901009",86,0.00494589650213308,1,0.028035,1,0.005607,1,128.177187555489,1,4.86652098788382,232,1,17.4109992980957,36.2970008850098,0.0280349999666214,0.0149520002305508,123.600700378418,-87.0689,26.5195,11.2158569139865,63,63,63,63,61,63,0.005607,7818,1.13366707078925,27,-87,0.001869,51,2025-09-27 07:05:25.000758,232,1.037,0.0011,"aoml_navis",1027.42801530056
"7901009",86,0.00329726433475539,1,0.026166,1,0.003738,1,127.791103467672,1,4.86643878383662,234,1,17.3449993133545,36.2869987487793,0.0261659994721413,0.0130829997360706,123.228401184082,-87.0689,26.5195,11.2158569139865,63,63,63,63,61,63,0.003738,7818,1.13366707078925,27,-87,0.001869,51,2025-09-27 07:05:25.000758,234,1.037,0.0011,"aoml_navis",1027.44537064906
"7901009",86,-0.00329726433475539,1,0.01869,1,-0.003738,1,127.521268683152,1,4.86633971993376,236,1,17.2549991607666,36.273998260498,0.0186899993568659,0.00560700008645654,122.968200683594,-87.0689,26.5195,11.2158569139865,63,63,63,63,61,63,-0.003738,7818,1.13366707078925,27,-87,0.001869,51,2025-09-27 07:05:25.000758,236,1.037,0.0011,"aoml_navis",1027.46628631757
"7901009",86,-0.00329726433475539,1,0.01869,1,-0.003738,1,127.079184284388,1,4.86624345361266,238,1,17.1639995574951,36.2599983215332,0.0186899993568659,0.00560700008645654,122.541900634766,-87.0689,26.5195,11.2158569139865,63,63,63,63,61,63,-0.003738,7818,1.13366707078925,27,-87,0.001869,51,2025-09-27 07:05:25.000758,238,1.037,0.0011,"aoml_navis",1027.48661213981
"7901009",86,-0.00164863216737769,1,0.020559,1,-0.001869,1,126.636680555802,1,4.86614752389654,240,1,17.0729999542236,36.2459983825684,0.020558999851346,0.00747600011527538,122.115196228027,-87.0689,26.5195,11.2158569139865,63,63,63,63,61,63,-0.001869,7818,1.13366707078925,27,-87,0.001869,51,2025-09-27 07:05:25.000758,240,1.037,0.0011,"aoml_navis",1027.50686769074
"7901009",86,-0.00164863216737769,1,0.020559,1,-0.001869,1,126.602255950981,1,4.86605750052622,242,1,16.9899997711182,36.2330017089844,0.020558999851346,0.00747600011527538,122.082000732422,-87.0689,26.5195,11.2158569139865,63,63,63,63,61,63,-0.001869,7818,1.13366707078925,27,-87,0.001869,51,2025-09-27 07:05:25.000758,242,1.037,0.0011,"aoml_navis",1027.52587684369
"7901009",86,-0.00494589650213308,1,0.016821,1,-0.005607,1,126.470760448306,1,4.86598905311575,244,1,16.9349994659424,36.2229995727539,0.0168210007250309,0.00373800005763769,121.955200195312,-87.0689,26.5195,11.2158569139865,63,63,63,63,61,63,-0.005607,7818,1.13366707078925,27,-87,0.001869,51,2025-09-27 07:05:25.000758,244,1.037,0.0011,"aoml_navis",1027.54033053125
"7901009",86,0,1,0.020559,1,-0.001869,1,126.395993149854,1,4.8658962612824,246,1,16.8460006713867,36.2089996337891,0.020558999851346,0,121.883102416992,-87.0689,26.5195,11.2158569139865,63,63,63,63,61,63,0,7818,1.13366707078925,27,-87,0.001869,51,2025-09-27 07:05:25.000758,246,1.037,0.0011,"aoml_navis",1027.55992555465
"7901009",86,0,1,0.016821,1,-0.005607,1,126.358142699505,1,4.86581459516923,248,1,16.7759990692139,36.1980018615723,0.0168210007250309,0,121.846603393555,-87.0689,26.5195,11.2158569139865,63,63,63,63,61,63,0,7818,1.13366707078925,27,-87,0.001869,51,2025-09-27 07:05:25.000758,248,1.037,0.0011,"aoml_navis",1027.57717175743
"7901009",86,0,1,0.016821,1,-0.005607,1,126.049626716876,1,4.86572588138668,250,1,16.7059993743896,36.1889991760254,0.0168210007250309,0,121.549102783203,-87.0689,26.5195,11.2158569139865,63,63,63,63,61,63,0,7818,1.13366707078925,27,-87,0.001869,51,2025-09-27 07:05:25.000758,250,1.037,0.0011,"aoml_navis",1027.59590693898
"7901009",86,0,1,0.016821,1,-0.005607,1,125.701393079407,1,4.86564894268185,252,1,16.6429996490479,36.1790008544922,0.0168210007250309,0,121.213302612305,-87.0689,26.5195,11.2158569139865,63,63,63,63,61,63,0,7818,1.13366707078925,27,-87,0.001869,51,2025-09-27 07:05:25.000758,252,1.037,0.0011,"aoml_navis",1027.6121559325
"7901009",86,0,1,0.01869,1,-0.003738,1,125.172610261973,1,4.86559761254956,254,1,16.6119995117188,36.1720008850098,0.0186899993568659,0,120.703399658203,-87.0689,26.5195,11.2158569139865,63,63,63,63,61,63,0,7818,1.13366707078925,27,-87,0.001869,51,2025-09-27 07:05:25.000758,254,1.037,0.0011,"aoml_navis",1027.62299683471
"7901009",86,0,1,0.01869,1,-0.003738,1,124.648701164734,1,4.86551028189746,256,1,16.5300006866455,36.1590003967285,0.0186899993568659,0,120.198196411133,-87.0689,26.5195,11.2158569139865,63,63,63,63,61,63,0,7818,1.13366707078925,27,-87,0.001869,51,2025-09-27 07:05:25.000758,256,1.037,0.0011,"aoml_navis",1027.6414415571
"7901009",86,0,1,0.014952,1,-0.007476,1,124.192209226237,1,4.86538709562421,258,1,16.386999130249,36.1370010375977,0.0149520002305508,0,119.758003234863,-87.0689,26.5195,11.2158569139865,63,63,63,63,61,63,0,7818,1.13366707078925,27,-87,0.001869,51,2025-09-27 07:05:25.000758,258,1.037,0.0011,"aoml_navis",1027.66746031305
"7901009",86,0,1,0.014952,1,-0.007476,1,124.009167802989,1,4.86527742288207,260,1,16.2649993896484,36.1180000305176,0.0149520002305508,0,119.581497192383,-87.0689,26.5195,11.2158569139865,63,63,63,63,61,63,0,7818,1.13366707078925,27,-87,0.001869,51,2025-09-27 07:05:25.000758,260,1.037,0.0011,"aoml_navis",1027.6906259208
"7901009",86,0,1,0.01869,1,-0.003738,1,124.377315651061,1,4.8651904260537,262,1,16.1790008544922,36.1040000915527,0.0186899993568659,0,119.936500549316,-87.0689,26.5195,11.2158569139865,63,63,63,63,61,63,0,7818,1.13366707078925,27,-87,0.001869,51,2025-09-27 07:05:25.000758,262,1.037,0.0011,"aoml_navis",1027.70900255504
"7901009",86,0,1,0.016821,1,-0.005607,1,124.589180065659,1,4.86511314617778,264,1,16.121000289917,36.0960006713867,0.0168210007250309,0,120.140800476074,-87.0689,26.5195,11.2158569139865,63,63,63,63,61,63,0,7818,1.13366707078925,27,-87,0.001869,51,2025-09-27 07:05:25.000758,264,1.037,0.0011,"aoml_navis",1027.72532719577
"7901009",86,0,1,0.022428,1,0,1,124.495432158849,1,4.86505406855362,266,1,16.0890007019043,36.0909996032715,0.0224280003458261,0,120.050399780273,-87.0689,26.5195,11.2158569139865,63,63,63,63,61,63,0,7818,1.13366707078925,27,-87,0.001869,51,2025-09-27 07:05:25.000758,266,1.037,0.0011,"aoml_navis",1027.73780713325
"7901009",86,0,1,0.014952,1,-0.007476,1,123.975882509382,1,4.86498478190605,268,1,16.0380001068115,36.0830001831055,0.0149520002305508,0,119.54940032959,-87.0689,26.5195,11.2158569139865,63,63,63,63,61,63,0,7818,1.13366707078925,27,-87,0.001869,51,2025-09-27 07:05:25.000758,268,1.037,0.0011,"aoml_navis",1027.75244407672
"7901009",86,0,1,0.014952,1,-0.007476,1,123.099079675332,1,4.86489555549496,270,1,15.9460000991821,36.068000793457,0.0149520002305508,0,118.703903198242,-87.0689,26.5195,11.2158569139865,63,63,63,63,61,63,0,7818,1.13366707078925,27,-87,0.001869,51,2025-09-27 07:05:25.000758,270,1.037,0.0011,"aoml_navis",1027.77129394945
"7901009",86,0,1,0.01869,1,-0.003738,1,122.322757760895,1,4.86480714628364,272,1,15.8610000610352,36.0550003051758,0.0186899993568659,0,117.955299377441,-87.0689,26.5195,11.2158569139865,63,63,63,63,61,63,0,7818,1.13366707078925,27,-87,0.001869,51,2025-09-27 07:05:25.000758,272,1.037,0.0011,"aoml_navis",1027.78997186346
"7901009",86,0,1,0.01869,1,-0.003738,1,121.432678786442,1,4.86474340587613,274,1,15.8079996109009,36.0449981689453,0.0186899993568659,0,117.09700012207,-87.0689,26.5195,11.2158569139865,63,63,63,63,61,63,0,7818,1.13366707078925,27,-87,0.001869,51,2025-09-27 07:05:25.000758,274,1.037,0.0011,"aoml_navis",1027.80343850418
"7901009",86,0,1,0.01869,1,-0.003738,1,120.573400774198,1,4.86465182852533,276,1,15.7229995727539,36.0330009460449,0.0186899993568659,0,116.268402099609,-87.0689,26.5195,11.2158569139865,63,63,63,63,61,63,0,7818,1.13366707078925,27,-87,0.001869,51,2025-09-27 07:05:25.000758,276,1.037,0.0011,"aoml_navis",1027.82278696309
"7901009",86,0,1,0.014952,1,-0.007476,1,120.059555592688,1,4.86456165922455,278,1,15.6389999389648,36.0209999084473,0.0149520002305508,0,115.772903442383,-87.0689,26.5195,11.2158569139865,63,63,63,63,61,63,0,7818,1.13366707078925,27,-87,0.001869,51,2025-09-27 07:05:25.000758,278,1.037,0.0011,"aoml_navis",1027.84183864103
"7901009",86,0,1,0.014952,1,-0.007476,1,119.753112523518,1,4.86449255842584,280,1,15.5839996337891,36.0120010375977,0.0149520002305508,0,115.477401733398,-87.0689,26.5195,11.2158569139865,63,63,63,63,61,63,0,7818,1.13366707078925,27,-87,0.001869,51,2025-09-27 07:05:25.000758,280,1.037,0.0011,"aoml_navis",1027.85643927843
"7901009",86,0,1,0.020559,1,-0.001869,1,119.405393158473,1,4.86444873544633,282,1,15.5719995498657,36.0089988708496,0.020558999851346,0,115.142097473145,-87.0689,26.5195,11.2158569139865,63,63,63,63,61,63,0,7818,1.13366707078925,27,-87,0.001869,51,2025-09-27 07:05:25.000758,282,1.037,0.0011,"aoml_navis",1027.86569905978
"7901009",86,0,1,0.020559,1,-0.001869,1,118.895179531458,1,4.8643943357947,284,1,15.5469999313354,36.0050010681152,0.020558999851346,0,114.650100708008,-87.0689,26.5195,11.2158569139865,63,63,63,63,61,63,0,7818,1.13366707078925,27,-87,0.001869,51,2025-09-27 07:05:25.000758,284,1.037,0.0011,"aoml_navis",1027.87719392062
"7901009",86,0,1,0.020559,1,-0.001869,1,118.41140741888,1,4.86433198759786,286,1,15.4980001449585,35.9959983825684,0.020558999851346,0,114.183601379395,-87.0689,26.5195,11.2158569139865,63,63,63,63,61,63,0,7818,1.13366707078925,27,-87,0.001869,51,2025-09-27 07:05:25.000758,286,1.037,0.0011,"aoml_navis",1027.89036865659
"7901009",86,0,1,0.016821,1,-0.005607,1,118.048758329795,1,4.86425339994438,288,1,15.4340000152588,35.9869995117188,0.0168210007250309,0,113.83390045166,-87.0689,26.5195,11.2158569139865,63,63,63,63,61,63,0,7818,1.13366707078925,27,-87,0.001869,51,2025-09-27 07:05:25.000758,288,1.037,0.0011,"aoml_navis",1027.90697541727
"7901009",86,0,1,0.014952,1,-0.007476,1,117.548394997656,1,4.86419919031385,290,1,15.3990001678467,35.9799995422363,0.0149520002305508,0,113.351402282715,-87.0689,26.5195,11.2158569139865,63,63,63,63,61,63,0,7818,1.13366707078925,27,-87,0.001869,51,2025-09-27 07:05:25.000758,290,1.037,0.0011,"aoml_navis",1027.91843104546
"7901009",86,0,1,0.01869,1,-0.003738,1,117.160752268802,1,4.8641307790654,292,1,15.3240003585815,35.9650001525879,0.0186899993568659,0,112.977600097656,-87.0689,26.5195,11.2158569139865,63,63,63,63,61,63,0,7818,1.13366707078925,27,-87,0.001869,51,2025-09-27 07:05:25.000758,292,1.037,0.0011,"aoml_navis",1027.93288813684
"7901009",86,0,1,0.01869,1,-0.003738,1,116.91902049424,1,4.86401392845842,294,1,15.1870002746582,35.9449996948242,0.0186899993568659,0,112.744499206543,-87.0689,26.5195,11.2158569139865,63,63,63,63,61,63,0,7818,1.13366707078925,27,-87,0.001869,51,2025-09-27 07:05:25.000758,294,1.037,0.0011,"aoml_navis",1027.95758267589
"7901009",86,0,1,0.026166,1,0.003738,1,116.909273053849,1,4.86388544969338,296,1,15.0349998474121,35.923999786377,0.0261659994721413,0,112.73509979248,-87.0689,26.5195,11.2158569139865,63,63,63,63,61,63,0,7818,1.13366707078925,27,-87,0.001869,51,2025-09-27 07:05:25.000758,296,1.037,0.0011,"aoml_navis",1027.98473601289
"7901009",86,0,1,0.01869,1,-0.003738,1,116.955937342344,1,4.86380644851285,298,1,14.9490003585815,35.9090003967285,0.0186899993568659,0,112.780097961426,-87.0689,26.5195,11.2158569139865,63,63,63,63,61,63,0,7818,1.13366707078925,27,-87,0.001869,51,2025-09-27 07:05:25.000758,298,1.037,0.0011,"aoml_navis",1028.00143322496
"7901009",86,0,1,0.016821,1,-0.005607,1,117.325327356115,1,4.86371757625496,300,1,14.8500003814697,35.8930015563965,0.0168210007250309,0,113.136299133301,-87.0689,26.5195,11.2158569139865,63,63,63,63,61,63,0,7818,1.13366707078925,27,-87,0.001869,51,2025-09-27 07:05:25.000758,300,1.037,0.0011,"aoml_navis",1028.0202173766
"7901009",86,0,1,0.020559,1,-0.001869,1,118.174446510029,1,4.86363853343934,302,1,14.7530002593994,35.875,0.020558999851346,0,113.955101013184,-87.0689,26.5195,11.2158569139865,63,63,63,63,61,63,0,7818,1.13366707078925,27,-87,0.001869,51,2025-09-27 07:05:25.000758,302,1.037,0.0011,"aoml_navis",1028.03692454181
"7901009",86,0,1,0.020559,1,-0.001869,1,119.099994457917,1,4.86351384822629,304,1,14.5950002670288,35.8520011901855,0.020558999851346,0,114.847602844238,-87.0689,26.5195,11.2158569139865,63,63,63,63,61,63,0,7818,1.13366707078925,27,-87,0.001869,51,2025-09-27 07:05:25.000758,304,1.037,0.0011,"aoml_navis",1028.06328017828
"7901009",86,0,1,0.020559,1,-0.001869,1,119.246419684632,1,4.86342908096779,306,1,14.4949998855591,35.8349990844727,0.020558999851346,0,114.988800048828,-87.0689,26.5195,11.2158569139865,63,63,63,63,61,63,0,7818,1.13366707078925,27,-87,0.001869,51,2025-09-27 07:05:25.000758,306,1.037,0.0011,"aoml_navis",1028.08119883287
"7901009",86,0,1,0.020559,1,-0.001869,1,119.037458931254,1,4.86336304482657,308,1,14.4300003051758,35.8230018615723,0.020558999851346,0,114.787300109863,-87.0689,26.5195,11.2158569139865,63,63,63,63,61,63,0,7818,1.13366707078925,27,-87,0.001869,51,2025-09-27 07:05:25.000758,308,1.037,0.0011,"aoml_navis",1028.09515841487
"7901009",86,0,1,0.022428,1,0,1,118.706750115592,1,4.86328312996055,310,1,14.3479995727539,35.810001373291,0.0224280003458261,0,114.468399047852,-87.0689,26.5195,11.2158569139865,63,63,63,63,61,63,0,7818,1.13366707078925,27,-87,0.001869,51,2025-09-27 07:05:25.000758,310,1.037,0.0011,"aoml_navis",1028.11205236997
"7901009",86,0,1,0.022428,1,0,1,117.979584732931,1,4.863200364363,312,1,14.2700004577637,35.798999786377,0.0224280003458261,0,113.767196655273,-87.0689,26.5195,11.2158569139865,63,63,63,63,61,63,0,7818,1.13366707078925,27,-87,0.001869,51,2025-09-27 07:05:25.000758,312,1.037,0.0011,"aoml_navis",1028.12954955331
"7901009",86,0,1,0.020559,1,-0.001869,1,117.307493970854,1,4.86313536073356,314,1,14.2229995727539,35.7919998168945,0.020558999851346,0,113.119102478027,-87.0689,26.5195,11.2158569139865,63,63,63,63,61,63,0,7818,1.13366707078925,27,-87,0.001869,51,2025-09-27 07:05:25.000758,314,1.037,0.0011,"aoml_navis",1028.14329215911
"7901009",86,0,1,0.024297,1,0.001869,1,117.324599462839,1,4.86304844694207,316,1,14.1300001144409,35.7779998779297,0.0242970008403063,0,113.135597229004,-87.0689,26.5195,11.2158569139865,63,63,63,63,61,63,0,7818,1.13366707078925,27,-87,0.001869,51,2025-09-27 07:05:25.000758,316,1.037,0.0011,"aoml_navis",1028.16166742983
"7901009",86,0,1,0.020559,1,-0.001869,1,116.849957663744,1,4.86297059694141,318,1,14.048999786377,35.7649993896484,0.020558999851346,0,112.67790222168,-87.0689,26.5195,11.2158569139865,63,63,63,63,61,63,0,7818,1.13366707078925,27,-87,0.001869,51,2025-09-27 07:05:25.000758,318,1.037,0.0011,"aoml_navis",1028.17812699603
"7901009",86,0,1,0.024297,1,0.001869,1,115.863638539199,1,4.86291182466226,320,1,13.9969997406006,35.7550010681152,0.0242970008403063,0,111.72679901123,-87.0689,26.5195,11.2158569139865,63,63,63,63,61,63,0,7818,1.13366707078925,27,-87,0.001869,51,2025-09-27 07:05:25.000758,320,1.037,0.0011,"aoml_navis",1028.19055337226
"7901009",86,0,1,0.020559,1,-0.001869,1,114.741780939545,1,4.86283487594207,322,1,13.9200000762939,35.7430000305176,0.020558999851346,0,110.644996643066,-87.0689,26.5195,11.2158569139865,63,63,63,63,61,63,0,7818,1.13366707078925,27,-87,0.001869,51,2025-09-27 07:05:25.000758,322,1.037,0.0011,"aoml_navis",1028.20682329489
"7901009",86,0,1,0.022428,1,0,1,113.598877729956,1,4.86274492203124,324,1,13.8299999237061,35.7309989929199,0.0224280003458261,0,109.542900085449,-87.0689,26.5195,11.2158569139865,63,63,63,63,61,63,0,7818,1.13366707078925,27,-87,0.001869,51,2025-09-27 07:05:25.000758,324,1.037,0.0011,"aoml_navis",1028.22584366844
"7901009",86,0,1,0.022428,1,0,1,113.232810707227,1,4.86265527946382,326,1,13.7220001220703,35.7140007019043,0.0224280003458261,0,109.189903259277,-87.0689,26.5195,11.2158569139865,63,63,63,63,61,63,0,7818,1.13366707078925,27,-87,0.001869,51,2025-09-27 07:05:25.000758,326,1.037,0.0011,"aoml_navis",1028.24479890981
"7901009",86,0,1,0.020559,1,-0.001869,1,113.400495164729,1,4.86255699287281,328,1,13.6230001449585,35.7019996643066,0.020558999851346,0,109.351600646973,-87.0689,26.5195,11.2158569139865,63,63,63,63,61,63,0,7818,1.13366707078925,27,-87,0.001869,51,2025-09-27 07:05:25.000758,328,1.037,0.0011,"aoml_navis",1028.2655827641
"7901009",86,0,1,0.024297,1,0.001869,1,113.738562031985,1,4.86249650838627,330,1,13.5719995498657,35.693000793457,0.0242970008403063,0,109.677597045898,-87.0689,26.5195,11.2158569139865,63,63,63,63,61,63,0,7818,1.13366707078925,27,-87,0.001869,51,2025-09-27 07:05:25.000758,330,1.037,0.0011,"aoml_navis",1028.27837333694
"7901009",86,0,1,0.020559,1,-0.001869,1,114.363062815205,1,4.86245073194849,332,1,13.5500001907349,35.6879997253418,0.020558999851346,0,110.279800415039,-87.0689,26.5195,11.2158569139865,63,63,63,63,61,63,0,7818,1.13366707078925,27,-87,0.001869,51,2025-09-27 07:05:25.000758,332,1.037,0.0011,"aoml_navis",1028.28805383009
"7901009",86,0,1,0.026166,1,0.003738,1,115.259985568828,1,4.8623684854784,334,1,13.4589996337891,35.673999786377,0.0261659994721413,0,111.14469909668,-87.0689,26.5195,11.2158569139865,63,63,63,63,61,63,0,7818,1.13366707078925,27,-87,0.001869,51,2025-09-27 07:05:25.000758,334,1.037,0.0011,"aoml_navis",1028.30544721829
"7901009",86,0,1,0.022428,1,0,1,115.923476113611,1,4.86231399991645,336,1,13.4099998474121,35.6640014648438,0.0224280003458261,0,111.78450012207,-87.0689,26.5195,11.2158569139865,63,63,63,63,61,63,0,7818,1.13366707078925,27,-87,0.001869,51,2025-09-27 07:05:25.000758,336,1.037,0.0011,"aoml_navis",1028.31697008583
"7901009",86,0,1,0.022428,1,0,1,116.624611399774,1,4.86222631555926,338,1,13.3020000457764,35.6469993591309,0.0224280003458261,0,112.460601806641,-87.0689,26.5195,11.2158569139865,63,63,63,63,61,63,0,7818,1.13366707078925,27,-87,0.001869,51,2025-09-27 07:05:25.000758,338,1.037,0.0011,"aoml_navis",1028.33551453577
"7901009",86,0,1,0.026166,1,0.003738,1,116.731524680619,1,4.86216853232834,340,1,13.2419996261597,35.6349983215332,0.0261659994721413,0,112.563697814941,-87.0689,26.5195,11.2158569139865,63,63,63,63,61,63,0,7818,1.13366707078925,27,-87,0.001869,51,2025-09-27 07:05:25.000758,340,1.037,0.0011,"aoml_navis",1028.34773553307
"7901009",86,0,1,0.024297,1,0.001869,1,116.495916703835,1,4.8620926834743,342,1,13.1709995269775,35.625,0.0242970008403063,0,112.336502075195,-87.0689,26.5195,11.2158569139865,63,63,63,63,61,63,0,7818,1.13366707078925,27,-87,0.001869,51,2025-09-27 07:05:25.000758,342,1.037,0.0011,"aoml_navis",1028.36377780177
"7901009",86,0,1,0.024297,1,0.001869,1,116.127040962487,1,4.86202071451624,344,1,13.1000003814697,35.6139984130859,0.0242970008403063,0,111.980796813965,-87.0689,26.5195,11.2158569139865,63,63,63,63,61,63,0,7818,1.13366707078925,27,-87,0.001869,51,2025-09-27 07:05:25.000758,344,1.037,0.0011,"aoml_navis",1028.37899992318
"7901009",86,0,1,0.022428,1,0,1,115.866542200419,1,4.86195954089998,346.100006103516,1,13.0530004501343,35.6059989929199,0.0224280003458261,0,111.729598999023,-87.0689,26.5195,11.2158569139865,63,63,63,63,61,63,0,7818,1.13366707078925,27,-87,0.001869,51,2025-09-27 07:05:25.000758,346.100006103516,1.037,0.0011,"aoml_navis",1028.3919390811
"7901009",86,0,1,0.022428,1,0,1,115.651046231325,1,4.86190617170495,348,1,13.0170001983643,35.5999984741211,0.0224280003458261,0,111.521797180176,-87.0689,26.5195,11.2158569139865,63,63,63,63,61,63,0,7818,1.13366707078925,27,-87,0.001869,51,2025-09-27 07:05:25.000758,348,1.037,0.0011,"aoml_navis",1028.4032277502
"7901009",86,0,1,0.024297,1,0.001869,1,115.492175611968,1,4.86184949599266,350,1,12.9759998321533,35.5929985046387,0.0242970008403063,0,111.368598937988,-87.0689,26.5195,11.2158569139865,63,63,63,63,61,63,0,7818,1.13366707078925,27,-87,0.001869,51,2025-09-27 07:05:25.000758,350,1.037,0.0011,"aoml_navis",1028.41521608622
"7901009",86,0,1,0.024297,1,0.001869,1,115.297733164692,1,4.86180197803951,352,1,12.9479999542236,35.5870018005371,0.0242970008403063,0,111.181098937988,-87.0689,26.5195,11.2158569139865,63,63,63,63,61,63,0,7818,1.13366707078925,27,-87,0.001869,51,2025-09-27 07:05:25.000758,352,1.037,0.0011,"aoml_navis",1028.42526754169
"7901009",86,0,1,0.022428,1,0,1,114.942347184599,1,4.86175077544148,354,1,12.9049997329712,35.5779991149902,0.0224280003458261,0,110.838401794434,-87.0689,26.5195,11.2158569139865,63,63,63,63,61,63,0,7818,1.13366707078925,27,-87,0.001869,51,2025-09-27 07:05:25.000758,354,1.037,0.0011,"aoml_navis",1028.43609862868
"7901009",86,0,1,0.020559,1,-0.001869,1,114.303747425099,1,4.86162742538157,356,1,12.7580003738403,35.5610008239746,0.020558999851346,0,110.222602844238,-87.0689,26.5195,11.2158569139865,63,63,63,63,61,63,0,7818,1.13366707078925,27,-87,0.001869,51,2025-09-27 07:05:25.000758,356,1.037,0.0011,"aoml_navis",1028.46219228895
"7901009",86,0,1,0.020559,1,-0.001869,1,113.309959482593,1,4.86157387108472,358,1,12.7159996032715,35.5530014038086,0.020558999851346,0,109.264297485352,-87.0689,26.5195,11.2158569139865,63,63,63,63,61,63,0,7818,1.13366707078925,27,-87,0.001869,51,2025-09-27 07:05:25.000758,358,1.037,0.0011,"aoml_navis",1028.47352165902
"7901009",86,0,1,0.024297,1,0.001869,1,112.416248953644,1,4.86151599126482,360,1,12.6770000457764,35.5470008850098,0.0242970008403063,0,108.402496337891,-87.0689,26.5195,11.2158569139865,63,63,63,63,61,63,0,7818,1.13366707078925,27,-87,0.001869,51,2025-09-27 07:05:25.000758,360,1.037,0.0011,"aoml_navis",1028.48576637082
"7901009",86,0,1,0.026166,1,0.003738,1,111.980185498174,1,4.86143970414045,362,1,12.6000003814697,35.5359992980957,0.0261659994721413,0,107.982002258301,-87.0689,26.5195,11.2158569139865,63,63,63,63,61,63,0,7818,1.13366707078925,27,-87,0.001869,51,2025-09-27 07:05:25.000758,362,1.037,0.0011,"aoml_navis",1028.5019056683
"7901009",86,0,1,0.020559,1,-0.001869,1,111.940467843334,1,4.86134673042821,364,1,12.4940004348755,35.5219993591309,0.020558999851346,0,107.943702697754,-87.0689,26.5195,11.2158569139865,63,63,63,63,61,63,0,7818,1.13366707078925,27,-87,0.001869,51,2025-09-27 07:05:25.000758,364,1.037,0.0011,"aoml_navis",1028.52157586373
"7901009",86,0,1,0.022428,1,0,1,111.947825894928,1,4.86125920882521,366,1,12.3970003128052,35.5089988708496,0.0224280003458261,0,107.950798034668,-87.0689,26.5195,11.2158569139865,63,63,63,63,61,63,0,7818,1.13366707078925,27,-87,0.001869,51,2025-09-27 07:05:25.000758,366,1.037,0.0011,"aoml_navis",1028.54009325874
"7901009",86,0,1,0.024297,1,0.001869,1,111.801194959244,1,4.86120662432567,368,1,12.3629999160767,35.5029983520508,0.0242970008403063,0,107.80940246582,-87.0689,26.5195,11.2158569139865,63,63,63,63,61,63,0,7818,1.13366707078925,27,-87,0.001869,51,2025-09-27 07:05:25.000758,368,1.037,0.0011,"aoml_navis",1028.55121915201
"7901009",86,0,1,0.022428,1,0,1,111.627695267418,1,4.86115201637558,370,1,12.3229999542236,35.4959983825684,0.0224280003458261,0,107.642097473145,-87.0689,26.5195,11.2158569139865,63,63,63,63,61,63,0,7818,1.13366707078925,27,-87,0.001869,51,2025-09-27 07:05:25.000758,370,1.037,0.0011,"aoml_navis",1028.56277342422
"7901009",86,0,1,0.028035,1,0.005607,1,111.579891667709,1,4.86107184425688,372,1,12.2329998016357,35.4830017089844,0.0280349999666214,0,107.596000671387,-87.0689,26.5195,11.2158569139865,63,63,63,63,61,63,0,7818,1.13366707078925,27,-87,0.001869,51,2025-09-27 07:05:25.000758,372,1.037,0.0011,"aoml_navis",1028.57973718435
"7901009",86,0,1,0.026166,1,0.003738,1,111.477432777237,1,4.86098731068979,374,1,12.1379995346069,35.4700012207031,0.0261659994721413,0,107.497200012207,-87.0689,26.5195,11.2158569139865,63,63,63,63,61,63,0,7818,1.13366707078925,27,-87,0.001869,51,2025-09-27 07:05:25.000758,374,1.037,0.0011,"aoml_navis",1028.59762439711
"7901009",86,0,1,0.026166,1,0.003738,1,111.411582171415,1,4.86093201791272,376,1,12.0930004119873,35.4620018005371,0.0261659994721413,0,107.433700561523,-87.0689,26.5195,11.2158569139865,63,63,63,63,61,63,0,7818,1.13366707078925,27,-87,0.001869,51,2025-09-27 07:05:25.000758,376,1.037,0.0011,"aoml_navis",1028.60932462639
"7901009",86,0,1,0.024297,1,0.001869,1,111.130654926321,1,4.86089163916194,378,1,12.0869998931885,35.4599990844727,0.0242970008403063,0,107.162803649902,-87.0689,26.5195,11.2158569139865,63,63,63,63,61,63,0,7818,1.13366707078925,27,-87,0.001869,51,2025-09-27 07:05:25.000758,378,1.037,0.0011,"aoml_navis",1028.61786914099
"7901009",86,0,1,0.026166,1,0.003738,1,110.911835966184,1,4.86084220122954,380,1,12.0520000457764,35.4529991149902,0.0261659994721413,0,106.951797485352,-87.0689,26.5195,11.2158569139865,63,63,63,63,61,63,0,7818,1.13366707078925,27,-87,0.001869,51,2025-09-27 07:05:25.000758,380,1.037,0.0011,"aoml_navis",1028.62833085494
"7901009",86,0,1,0.029904,1,0.007476,1,110.772665936578,1,4.86076139348051,382,1,11.9680004119873,35.4420013427734,0.0299040004611015,0,106.817596435547,-87.0689,26.5195,11.2158569139865,63,63,63,63,61,63,0,7818,1.13366707078925,27,-87,0.001869,51,2025-09-27 07:05:25.000758,382,1.037,0.0011,"aoml_navis",1028.64543129112
"7901009",86,0,1,0.029904,1,0.007476,1,110.67311861921,1,4.86068269621057,384,1,11.8819999694824,35.4300003051758,0.0299040004611015,0,106.721603393555,-87.0689,26.5195,11.2158569139865,63,63,63,63,61,63,0,7818,1.13366707078925,27,-87,0.001869,51,2025-09-27 07:05:25.000758,384,1.037,0.0011,"aoml_navis",1028.66208565682
"7901009",86,0,1,0.026166,1,0.003738,1,110.513622961062,1,4.86061363700027,386,1,11.8059997558594,35.4179992675781,0.0261659994721413,0,106.567802429199,-87.0689,26.5195,11.2158569139865,63,63,63,63,61,63,0,7818,1.13366707078925,27,-87,0.001869,51,2025-09-27 07:05:25.000758,386,1.037,0.0011,"aoml_navis",1028.67670080557
"7901009",86,0,1,0.029904,1,0.007476,1,110.601974963371,1,4.86053564066608,388,1,11.7279996871948,35.4080009460449,0.0299040004611015,0,106.65299987793,-87.0689,26.5195,11.2158569139865,63,63,63,63,61,63,0,7818,1.13366707078925,27,-87,0.001869,51,2025-09-27 07:05:25.000758,388,1.037,0.0011,"aoml_navis",1028.69320783641
"7901009",86,0,1,0.026166,1,0.003738,1,110.676742261823,1,4.86047750943397,390,1,11.6870002746582,35.4020004272461,0.0261659994721413,0,106.72509765625,-87.0689,26.5195,11.2158569139865,63,63,63,63,61,63,0,7818,1.13366707078925,27,-87,0.001869,51,2025-09-27 07:05:25.000758,390,1.037,0.0011,"aoml_navis",1028.70551099048
"7901009",86,0,1,0.024297,1,0.001869,1,110.669898482653,1,4.86043810429882,392,1,11.6820001602173,35.4000015258789,0.0242970008403063,0,106.71849822998,-87.0689,26.5195,11.2158569139865,63,63,63,63,61,63,0,7818,1.13366707078925,27,-87,0.001869,51,2025-09-27 07:05:25.000758,392,1.037,0.0011,"aoml_navis",1028.71385103696
"7901009",86,0,1,0.022428,1,0,1,110.709616137492,1,4.86037819721117,394,1,11.6389999389648,35.3940010070801,0.0224280003458261,0,106.756797790527,-87.0689,26.5195,11.2158569139865,63,63,63,63,61,63,0,7818,1.13366707078925,27,-87,0.001869,51,2025-09-27 07:05:25.000758,394,1.037,0.0011,"aoml_navis",1028.72653055454
"7901009",86,0,1,0.026166,1,0.003738,1,110.669692773683,1,4.86031185609814,396,1,11.581000328064,35.3860015869141,0.0261659994721413,0,106.718299865723,-87.0689,26.5195,11.2158569139865,63,63,63,63,61,63,0,7818,1.13366707078925,27,-87,0.001869,51,2025-09-27 07:05:25.000758,396,1.037,0.0011,"aoml_navis",1028.74057221793
"7901009",86,0,1,0.026166,1,0.003738,1,110.513520106578,1,4.86025122888137,398,1,11.5410003662109,35.3810005187988,0.0261659994721413,0,106.56770324707,-87.0689,26.5195,11.2158569139865,63,63,63,63,61,63,0,7818,1.13366707078925,27,-87,0.001869,51,2025-09-27 07:05:25.000758,398,1.037,0.0011,"aoml_navis",1028.75340482158
"7901009",86,0,1,0.026166,1,0.003738,1,110.335771733347,1,4.86020080230691,400,1,11.5200004577637,35.3779983520508,0.0261659994721413,0,106.396301269531,-87.0689,26.5195,11.2158569139865,63,63,63,63,61,63,0,7818,1.13366707078925,27,-87,0.001869,51,2025-09-27 07:05:25.000758,400,1.037,0.0011,"aoml_navis",1028.76407855962
"7901009",86,0,1,0.029904,1,0.007476,1,109.984215104837,1,4.86015772674572,402,1,11.5069999694824,35.375,0.0299040004611015,0,106.05729675293,-87.0689,26.5195,11.2158569139865,63,63,63,63,61,63,0,7818,1.13366707078925,27,-87,0.001869,51,2025-09-27 07:05:25.000758,402,1.037,0.0011,"aoml_navis",1028.77319649211
"7901009",86,0,1,0.024297,1,0.001869,1,109.610473555177,1,4.86010639822997,404,1,11.4809999465942,35.3709983825684,0.0242970008403063,0,105.696899414062,-87.0689,26.5195,11.2158569139865,63,63,63,63,61,63,0,7818,1.13366707078925,27,-87,0.001869,51,2025-09-27 07:05:25.000758,404,1.037,0.0011,"aoml_navis",1028.78406156313
"7901009",86,0,1,0.026166,1,0.003738,1,109.251970293011,1,4.86004683057908,406,1,11.4420003890991,35.3660011291504,0.0261659994721413,0,105.351196289062,-87.0689,26.5195,11.2158569139865,63,63,63,63,61,63,0,7818,1.13366707078925,27,-87,0.001869,51,2025-09-27 07:05:25.000758,406,1.037,0.0011,"aoml_navis",1028.79667095805
"7901009",86,0,1,0.022428,1,0,1,109.152106500306,1,4.85998734795229,408,1,11.3950004577637,35.359001159668,0.0224280003458261,0,105.254898071289,-87.0689,26.5195,11.2158569139865,63,63,63,63,61,63,0,7818,1.13366707078925,27,-87,0.001869,51,2025-09-27 07:05:25.000758,408,1.037,0.0011,"aoml_navis",1028.80926266335
"7901009",86,0,1,0.024297,1,0.001869,1,109.102435696107,1,4.85993159282365,410,1,11.3559999465942,35.3530006408691,0.0242970008403063,0,105.207000732422,-87.0689,26.5195,11.2158569139865,63,63,63,63,61,63,0,7818,1.13366707078925,27,-87,0.001869,51,2025-09-27 07:05:25.000758,410,1.037,0.0011,"aoml_navis",1028.8210655852
"7901009",86,0,1,0.028035,1,0.005607,1,109.13126659934,1,4.85985144714082,412,1,11.2740001678467,35.3429985046387,0.0280349999666214,0,105.234802246094,-87.0689,26.5195,11.2158569139865,63,63,63,63,61,63,0,7818,1.13366707078925,27,-87,0.001869,51,2025-09-27 07:05:25.000758,412,1.037,0.0011,"aoml_navis",1028.83803226982
"7901009",86,0,1,0.028035,1,0.005607,1,109.133648076254,1,4.85978335190562,414,1,11.2049999237061,35.3330001831055,0.0280349999666214,0,105.237098693848,-87.0689,26.5195,11.2158569139865,63,63,63,63,61,63,0,7818,1.13366707078925,27,-87,0.001869,51,2025-09-27 07:05:25.000758,414,1.037,0.0011,"aoml_navis",1028.85244833793
"7901009",86,0,1,0.026166,1,0.003738,1,109.143814846467,1,4.85971360636277,416,1,11.1379995346069,35.3240013122559,0.0261659994721413,0,105.24690246582,-87.0689,26.5195,11.2158569139865,63,63,63,63,61,63,0,7818,1.13366707078925,27,-87,0.001869,51,2025-09-27 07:05:25.000758,416,1.037,0.0011,"aoml_navis",1028.86721420241
"7901009",86,0,1,0.028035,1,0.005607,1,109.062923750237,1,4.85965929571087,418,1,11.0920000076294,35.3160018920898,0.0280349999666214,0,105.168899536133,-87.0689,26.5195,11.2158569139865,63,63,63,63,61,63,0,7818,1.13366707078925,27,-87,0.001869,51,2025-09-27 07:05:25.000758,418,1.037,0.0011,"aoml_navis",1028.87871263177
"7901009",86,0,1,0.028035,1,0.005607,1,108.98598068384,1,4.85959954365162,420,1,11.0480003356934,35.310001373291,0.0280349999666214,0,105.094703674316,-87.0689,26.5195,11.2158569139865,63,63,63,63,61,63,0,7818,1.13366707078925,27,-87,0.001869,51,2025-09-27 07:05:25.000758,420,1.037,0.0011,"aoml_navis",1028.89136339059
"7901009",86,0,1,0.028035,1,0.005607,1,109.101399239377,1,4.85952407994188,422,1,10.9700002670288,35.2999992370605,0.0280349999666214,0,105.206001281738,-87.0689,26.5195,11.2158569139865,63,63,63,63,61,63,0,7818,1.13366707078925,27,-87,0.001869,51,2025-09-27 07:05:25.000758,422,1.037,0.0011,"aoml_navis",1028.90734107851
"7901009",86,0,1,0.026166,1,0.003738,1,109.245648698147,1,4.85946286093849,424,1,10.9200000762939,35.2929992675781,0.0261659994721413,0,105.345100402832,-87.0689,26.5195,11.2158569139865,63,63,63,63,61,63,0,7818,1.13366707078925,27,-87,0.001869,51,2025-09-27 07:05:25.000758,424,1.037,0.0011,"aoml_navis",1028.92030314527
"7901009",86,0,1,0.028035,1,0.005607,1,109.366874576124,1,4.85941550791027,426,1,10.9060001373291,35.2910003662109,0.0280349999666214,0,105.46199798584,-87.0689,26.5195,11.2158569139865,63,63,63,63,61,63,0,7818,1.13366707078925,27,-87,0.001869,51,2025-09-27 07:05:25.000758,426,1.037,0.0011,"aoml_navis",1028.93032955525
"7901009",86,0,1,0.028035,1,0.005607,1,109.693540419351,1,4.85936837116637,428,1,10.8839998245239,35.2869987487793,0.0280349999666214,0,105.777000427246,-87.0689,26.5195,11.2158569139865,63,63,63,63,61,63,0,7818,1.13366707078925,27,-87,0.001869,51,2025-09-27 07:05:25.000758,428,1.037,0.0011,"aoml_navis",1028.94031036381
"7901009",86,0,1,0.031773,1,0.009345,1,110.150245978701,1,4.85931622339789,430,1,10.8439998626709,35.2799987792969,0.0317730009555817,0,106.217399597168,-87.0689,26.5195,11.2158569139865,63,63,63,63,61,63,0,7818,1.13366707078925,27,-87,0.001869,51,2025-09-27 07:05:25.000758,430,1.037,0.0011,"aoml_navis",1028.95135244023
"7901009",86,0,1,0.024297,1,0.001869,1,110.515593020038,1,4.85925029042344,432,1,10.7760000228882,35.2700004577637,0.0242970008403063,0,106.569702148438,-87.0689,26.5195,11.2158569139865,63,63,63,63,61,63,0,7818,1.13366707078925,27,-87,0.001869,51,2025-09-27 07:05:25.000758,432,1.037,0.0011,"aoml_navis",1028.96531381681
"7901009",86,0,1,0.026166,1,0.003738,1,110.622403446398,1,4.85920048696684,434,1,10.7550001144409,35.2669982910156,0.0261659994721413,0,106.672698974609,-87.0689,26.5195,11.2158569139865,63,63,63,63,61,63,0,7818,1.13366707078925,27,-87,0.001869,51,2025-09-27 07:05:25.000758,434,1.037,0.0011,"aoml_navis",1028.97586000224
"7901009",86,0,1,0.022428,1,0,1,110.595542602139,1,4.85915853044149,436,1,10.7469997406006,35.2649993896484,0.0224280003458261,0,106.646797180176,-87.0689,26.5195,11.2158569139865,63,63,63,63,61,63,0,7818,1.13366707078925,27,-87,0.001869,51,2025-09-27 07:05:25.000758,436,1.037,0.0011,"aoml_navis",1028.98474471993
"7901009",86,0,1,0.022428,1,0,1,110.616081851534,1,4.8591110286746,438,1,10.7119998931885,35.257999420166,0.0224280003458261,0,106.666603088379,-87.0689,26.5195,11.2158569139865,63,63,63,63,61,63,0,7818,1.13366707078925,27,-87,0.001869,51,2025-09-27 07:05:25.000758,438,1.037,0.0011,"aoml_navis",1028.99480388367
"7901009",86,0,1,0.024297,1,0.001869,1,110.699662988132,1,4.85905108636775,440,1,10.6669998168945,35.2519989013672,0.0242970008403063,0,106.747200012207,-87.0689,26.5195,11.2158569139865,63,63,63,63,61,63,0,7818,1.13366707078925,27,-87,0.001869,51,2025-09-27 07:05:25.000758,440,1.037,0.0011,"aoml_navis",1029.00749778649
"7901009",86,0,1,0.024297,1,0.001869,1,110.620852717245,1,4.85900400100621,442,1,10.6490001678467,35.2490005493164,0.0242970008403063,0,106.671203613281,-87.0689,26.5195,11.2158569139865,63,63,63,63,61,63,0,7818,1.13366707078925,27,-87,0.001869,51,2025-09-27 07:05:25.000758,442,1.037,0.0011,"aoml_navis",1029.01746921068
"7901009",86,0,1,0.029904,1,0.007476,1,110.459173379269,1,4.85894241562096,444,1,10.6020002365112,35.2430000305176,0.0299040004611015,0,106.515296936035,-87.0689,26.5195,11.2158569139865,63,63,63,63,61,63,0,7818,1.13366707078925,27,-87,0.001869,51,2025-09-27 07:05:25.000758,444,1.037,0.0011,"aoml_navis",1029.030511645
"7901009",86,0,1,0.028035,1,0.005607,1,110.100361553649,1,4.85889290392227,446,1,10.5769996643066,35.2389984130859,0.0280349999666214,0,106.169296264648,-87.0689,26.5195,11.2158569139865,63,63,63,63,61,63,0,7818,1.13366707078925,27,-87,0.001869,51,2025-09-27 07:05:25.000758,446,1.037,0.0011,"aoml_navis",1029.04099737696
"7901009",86,0,1,0.028035,1,0.005607,1,109.883520564371,1,4.8588323214858,448,1,10.5310001373291,35.2330017089844,0.0280349999666214,0,105.96019744873,-87.0689,26.5195,11.2158569139865,63,63,63,63,61,63,0,7818,1.13366707078925,27,-87,0.001869,51,2025-09-27 07:05:25.000758,448,1.037,0.0011,"aoml_navis",1029.05382799278
"7901009",86,0,1,0.026166,1,0.003738,1,109.86278351789,1,4.85876222591888,450,1,10.4739999771118,35.2270011901855,0.0261659994721413,0,105.940200805664,-87.0689,26.5195,11.2158569139865,63,63,63,63,61,63,0,7818,1.13366707078925,27,-87,0.001869,51,2025-09-27 07:05:25.000758,450,1.037,0.0011,"aoml_navis",1029.06867377203
"7901009",86,0,1,0.029904,1,0.007476,1,109.674354102024,1,4.85871476379793,452,1,10.4469995498657,35.2220001220703,0.0299040004611015,0,105.758499145508,-87.0689,26.5195,11.2158569139865,63,63,63,63,61,63,0,7818,1.13366707078925,27,-87,0.001869,51,2025-09-27 07:05:25.000758,452,1.037,0.0011,"aoml_navis",1029.07872617977
"7901009",86,0,1,0.026166,1,0.003738,1,109.378489221006,1,4.85865339136886,454,1,10.4040002822876,35.2169990539551,0.0261659994721413,0,105.473197937012,-87.0689,26.5195,11.2158569139865,63,63,63,63,61,63,0,7818,1.13366707078925,27,-87,0.001869,51,2025-09-27 07:05:25.000758,454,1.037,0.0011,"aoml_navis",1029.09172506156
"7901009",86,0,1,0.028035,1,0.005607,1,109.108345873032,1,4.85859034332895,456,1,10.3590002059937,35.2120018005371,0.0280349999666214,0,105.212699890137,-87.0689,26.5195,11.2158569139865,63,63,63,63,61,63,0,7818,1.13366707078925,27,-87,0.001869,51,2025-09-27 07:05:25.000758,456,1.037,0.0011,"aoml_navis",1029.1050791852
"7901009",86,0,1,0.028035,1,0.005607,1,108.86350472828,1,4.85853847088216,458,1,10.331000328064,35.2080001831055,0.0280349999666214,0,104.976600646973,-87.0689,26.5195,11.2158569139865,63,63,63,63,61,63,0,7818,1.13366707078925,27,-87,0.001869,51,2025-09-27 07:05:25.000758,458,1.037,0.0011,"aoml_navis",1029.11606648082
"7901009",86,0,1,0.028035,1,0.005607,1,108.613995572303,1,4.85847664361947,460,1,10.2829999923706,35.2019996643066,0.0280349999666214,0,104.736000061035,-87.0689,26.5195,11.2158569139865,63,63,63,63,61,63,0,7818,1.13366707078925,27,-87,0.001869,51,2025-09-27 07:05:25.000758,460,1.037,0.0011,"aoml_navis",1029.12916264945
"7901009",86,0,1,0.024297,1,0.001869,1,108.476487038218,1,4.85839356190709,462,1,10.206000328064,35.1949996948242,0.0242970008403063,0,104.603401184082,-87.0689,26.5195,11.2158569139865,63,63,63,63,61,63,0,7818,1.13366707078925,27,-87,0.001869,51,2025-09-27 07:05:25.000758,462,1.037,0.0011,"aoml_navis",1029.14676143226
"7901009",86,0,1,0.026166,1,0.003738,1,108.341462835532,1,4.85834593131227,464,1,10.1870002746582,35.1920013427734,0.0261659994721413,0,104.473197937012,-87.0689,26.5195,11.2158569139865,63,63,63,63,61,63,0,7818,1.13366707078925,27,-87,0.001869,51,2025-09-27 07:05:25.000758,464,1.037,0.0011,"aoml_navis",1029.15685105393
"7901009",86,0,1,0.029904,1,0.007476,1,108.199911329012,1,4.85829230486532,466,1,10.16100025177,35.1889991760254,0.0299040004611015,0,104.336700439453,-87.0689,26.5195,11.2158569139865,63,63,63,63,61,63,0,7818,1.13366707078925,27,-87,0.001869,51,2025-09-27 07:05:25.000758,466,1.037,0.0011,"aoml_navis",1029.16821101784
"7901009",86,0,1,0.022428,1,0,1,108.096210272841,1,4.85823181792682,468,1,10.1269998550415,35.1860008239746,0.0224280003458261,0,104.236701965332,-87.0689,26.5195,11.2158569139865,63,63,63,63,61,63,0,7818,1.13366707078925,27,-87,0.001869,51,2025-09-27 07:05:25.000758,468,1.037,0.0011,"aoml_navis",1029.18102457566
"7901009",86,0,1,0.028035,1,0.005607,1,107.988458332352,1,4.85818745552661,470,1,10.1160001754761,35.1839981079102,0.0280349999666214,0,104.132797241211,-87.0689,26.5195,11.2158569139865,63,63,63,63,61,63,0,7818,1.13366707078925,27,-87,0.001869,51,2025-09-27 07:05:25.000758,470,1.037,0.0011,"aoml_navis",1029.19042251284
"7901009",86,0,1,0.028035,1,0.005607,1,107.865365249885,1,4.8581353616928,472,1,10.0959997177124,35.181999206543,0.0280349999666214,0,104.014099121094,-87.0689,26.5195,11.2158569139865,63,63,63,63,61,63,0,7818,1.13366707078925,27,-87,0.001869,51,2025-09-27 07:05:25.000758,472,1.037,0.0011,"aoml_navis",1029.20145853198
"7901009",86,0,1,0.026166,1,0.003738,1,107.801278994069,1,4.85808695284109,474,1,10.076000213623,35.1790008544922,0.0261659994721413,0,103.952301025391,-87.0689,26.5195,11.2158569139865,63,63,63,63,61,63,0,7818,1.13366707078925,27,-87,0.001869,51,2025-09-27 07:05:25.000758,474,1.037,0.0011,"aoml_navis",1029.21171410403
"7901009",86,0,1,0.026166,1,0.003738,1,107.845142475827,1,4.85802391905498,476,1,10.0260000228882,35.1730003356934,0.0261659994721413,0,103.994598388672,-87.0689,26.5195,11.2158569139865,63,63,63,63,61,63,0,7818,1.13366707078925,27,-87,0.001869,51,2025-09-27 07:05:25.000758,476,1.037,0.0011,"aoml_navis",1029.22506832215
"7901009",86,0,1,0.029904,1,0.007476,1,107.580078557018,1,4.85796840849308,478,1,9.98900032043457,35.1679992675781,0.0299040004611015,0,103.738998413086,-87.0689,26.5195,11.2158569139865,63,63,63,63,61,63,0,7818,1.13366707078925,27,-87,0.001869,51,2025-09-27 07:05:25.000758,478,1.037,0.0011,"aoml_navis",1029.23682897127
"7901009",86,0,1,0.031773,1,0.009345,1,107.208718484272,1,4.8579086967489,480,1,9.94699954986572,35.1629981994629,0.0317730009555817,0,103.380897521973,-87.0689,26.5195,11.2158569139865,63,63,63,63,61,63,0,7818,1.13366707078925,27,-87,0.001869,51,2025-09-27 07:05:25.000758,480,1.037,0.0011,"aoml_navis",1029.24947999665
"7901009",86,0,1,0.029904,1,0.007476,1,106.851465299689,1,4.85784568087456,482,1,9.91399955749512,35.1609992980957,0.0299040004611015,0,103.036399841309,-87.0689,26.5195,11.2158569139865,63,63,63,63,61,63,0,7818,1.13366707078925,27,-87,0.001869,51,2025-09-27 07:05:25.000758,482,1.037,0.0011,"aoml_navis",1029.26283139975
"7901009",86,0,1,0.028035,1,0.005607,1,106.951645567731,1,4.85779062154728,484,1,9.88599967956543,35.1580009460449,0.0280349999666214,0,103.133003234863,-87.0689,26.5195,11.2158569139865,63,63,63,63,61,63,0,7818,1.13366707078925,27,-87,0.001869,51,2025-09-27 07:05:25.000758,484,1.037,0.0011,"aoml_navis",1029.27449730376
"7901009",86,0,1,0.029904,1,0.007476,1,107.103775262402,1,4.8577401253627,486,1,9.85900020599365,35.1539993286133,0.0299040004611015,0,103.27970123291,-87.0689,26.5195,11.2158569139865,63,63,63,63,61,63,0,7818,1.13366707078925,27,-87,0.001869,51,2025-09-27 07:05:25.000758,486,1.037,0.0011,"aoml_navis",1029.28519660707
"7901009",86,0,1,0.029904,1,0.007476,1,107.23785795096,1,4.8576851265058,488,1,9.83100032806396,35.1510009765625,0.0299040004611015,0,103.408996582031,-87.0689,26.5195,11.2158569139865,63,63,63,63,61,63,0,7818,1.13366707078925,27,-87,0.001869,51,2025-09-27 07:05:25.000758,488,1.037,0.0011,"aoml_navis",1029.29685020498
"7901009",86,0,1,0.024297,1,0.001869,1,107.317404027006,1,4.85763439815372,490,1,9.80799961090088,35.1479988098145,0.0242970008403063,0,103.485702514648,-87.0689,26.5195,11.2158569139865,63,63,63,63,61,63,0,7818,1.13366707078925,27,-87,0.001869,51,2025-09-27 07:05:25.000758,490,1.037,0.0011,"aoml_navis",1029.3075991681
"7901009",86,0,1,0.024297,1,0.001869,1,107.335759596573,1,4.85758029956223,492,1,9.7810001373291,35.1450004577637,0.0242970008403063,0,103.503402709961,-87.0689,26.5195,11.2158569139865,63,63,63,63,61,63,0,7818,1.13366707078925,27,-87,0.001869,51,2025-09-27 07:05:25.000758,492,1.037,0.0011,"aoml_navis",1029.31906250744
"7901009",86,0,1,0.029904,1,0.007476,1,107.318543338221,1,4.85753267898464,494,1,9.76599979400635,35.1430015563965,0.0299040004611015,0,103.486801147461,-87.0689,26.5195,11.2158569139865,63,63,63,63,61,63,0,7818,1.13366707078925,27,-87,0.001869,51,2025-09-27 07:05:25.000758,494,1.037,0.0011,"aoml_navis",1029.32915338516
"7901009",86,0,1,0.029904,1,0.007476,1,107.266483145224,1,4.85749182767427,496,1,9.75899982452393,35.140998840332,0.0299040004611015,0,103.436599731445,-87.0689,26.5195,11.2158569139865,63,63,63,63,61,63,0,7818,1.13366707078925,27,-87,0.001869,51,2025-09-27 07:05:25.000758,496,1.037,0.0011,"aoml_navis",1029.33781000183
"7901009",86,0,1,0.028035,1,0.005607,1,107.250200489117,1,4.85743807931867,498,1,9.72799968719482,35.1370010375977,0.0280349999666214,0,103.4208984375,-87.0689,26.5195,11.2158569139865,63,63,63,63,61,63,0,7818,1.13366707078925,27,-87,0.001869,51,2025-09-27 07:05:25.000758,498,1.037,0.0011,"aoml_navis",1029.34919979491
"7901009",86,0,1,0.029904,1,0.007476,1,107.199596082672,1,4.85738102062776,500,1,9.69299983978271,35.132999420166,0.0299040004611015,0,103.372100830078,-87.0689,26.5195,11.2158569139865,63,63,63,63,61,63,0,7818,1.13366707078925,27,-87,0.001869,51,2025-09-27 07:05:25.000758,500,1.037,0.0011,"aoml_navis",1029.36129135569
"7901009",86,0,1,0.026166,1,0.003738,1,107.108957546051,1,4.85732704188839,502,1,9.66600036621094,35.1300010681152,0.0261659994721413,0,103.284698486328,-87.0689,26.5195,11.2158569139865,63,63,63,63,61,63,0,7818,1.13366707078925,27,-87,0.001869,51,2025-09-27 07:05:25.000758,502,1.037,0.0011,"aoml_navis",1029.37273049174
"7901009",86,0,1,0.029904,1,0.007476,1,107.099107251176,1,4.8572695525823,504,1,9.62600040435791,35.125,0.0299040004611015,0,103.275199890137,-87.0689,26.5195,11.2158569139865,63,63,63,63,61,63,0,7818,1.13366707078925,27,-87,0.001869,51,2025-09-27 07:05:25.000758,504,1.037,0.0011,"aoml_navis",1029.38491386417
"7901009",86,0,1,0.031773,1,0.009345,1,107.128349572348,1,4.85722150288092,506,1,9.60599994659424,35.1220016479492,0.0317730009555817,0,103.303398132324,-87.0689,26.5195,11.2158569139865,63,63,63,63,61,63,0,7818,1.13366707078925,27,-87,0.001869,51,2025-09-27 07:05:25.000758,506,1.037,0.0011,"aoml_navis",1029.39509697764
"7901009",86,0,1,0.026166,1,0.003738,1,107.210277125308,1,4.85717682794912,508,1,9.59000015258789,35.1189994812012,0.0261659994721413,0,103.382400512695,-87.0689,26.5195,11.2158569139865,63,63,63,63,61,63,0,7818,1.13366707078925,27,-87,0.001869,51,2025-09-27 07:05:25.000758,508,1.037,0.0011,"aoml_navis",1029.40456506114
"7901009",86,0,1,0.026166,1,0.003738,1,107.567949639714,1,4.85710629229078,510,1,9.52099990844727,35.1110000610352,0.0261659994721413,0,103.72730255127,-87.0689,26.5195,11.2158569139865,63,63,63,63,61,63,0,7818,1.13366707078925,27,-87,0.001869,51,2025-09-27 07:05:25.000758,510,1.037,0.0011,"aoml_navis",1029.41951423547
"7901009",86,0,1,0.026166,1,0.003738,1,108.102429013221,1,4.85704392172646,512,1,9.46599960327148,35.1040000915527,0.0261659994721413,0,104.242698669434,-87.0689,26.5195,11.2158569139865,63,63,63,63,61,63,0,7818,1.13366707078925,27,-87,0.001869,51,2025-09-27 07:05:25.000758,512,1.037,0.0011,"aoml_navis",1029.4327332792
"7901009",86,0,1,0.026166,1,0.003738,1,108.815590362203,1,4.85697818001106,514,1,9.38899993896484,35.0929985046387,0.0261659994721413,0,104.930397033691,-87.0689,26.5195,11.2158569139865,63,63,63,63,61,63,0,7818,1.13366707078925,27,-87,0.001869,51,2025-09-27 07:05:25.000758,514,1.037,0.0011,"aoml_navis",1029.44666718445
"7901009",86,0,1,0.028035,1,0.005607,1,109.420279789305,1,4.85690566449024,516,1,9.29899978637695,35.0810012817383,0.0280349999666214,0,105.513496398926,-87.0689,26.5195,11.2158569139865,63,63,63,63,61,63,0,7818,1.13366707078925,27,-87,0.001869,51,2025-09-27 07:05:25.000758,516,1.037,0.0011,"aoml_navis",1029.46203722999
"7901009",86,0,1,0.026166,1,0.003738,1,109.9093449519,1,4.85685865928924,518,1,9.27099990844727,35.076000213623,0.0261659994721413,0,105.98509979248,-87.0689,26.5195,11.2158569139865,63,63,63,63,61,63,0,7818,1.13366707078925,27,-87,0.001869,51,2025-09-27 07:05:25.000758,518,1.037,0.0011,"aoml_navis",1029.47200047442
"7901009",86,0,1,0.026166,1,0.003738,1,110.530419889593,1,4.85679811301161,520,1,9.21300029754639,35.068000793457,0.0261659994721413,0,106.583999633789,-87.0689,26.5195,11.2158569139865,63,63,63,63,61,63,0,7818,1.13366707078925,27,-87,0.001869,51,2025-09-27 07:05:25.000758,520,1.037,0.0011,"aoml_navis",1029.48483417599
"7901009",86,0,1,0.029904,1,0.007476,1,110.939836121657,1,4.85674833350995,522,1,9.16800022125244,35.060001373291,0.0299040004611015,0,106.978797912598,-87.0689,26.5195,11.2158569139865,63,63,63,63,61,63,0,7818,1.13366707078925,27,-87,0.001869,51,2025-09-27 07:05:25.000758,522,1.037,0.0011,"aoml_navis",1029.49538593582
"7901009",86,0,1,0.028035,1,0.005607,1,111.338784931938,1,4.85670188564057,524,1,9.14500045776367,35.0559997558594,0.0280349999666214,0,107.363502502441,-87.0689,26.5195,11.2158569139865,63,63,63,63,61,63,0,7818,1.13366707078925,27,-87,0.001869,51,2025-09-27 07:05:25.000758,524,1.037,0.0011,"aoml_navis",1029.50523168472
"7901009",86,0,1,0.033642,1,0.011214,1,111.69541307773,1,4.85663433747561,526,1,9.07800006866455,35.0480003356934,0.0336420014500618,0,107.707397460938,-87.0689,26.5195,11.2158569139865,63,63,63,63,61,63,0,7818,1.13366707078925,27,-87,0.001869,51,2025-09-27 07:05:25.000758,526,1.037,0.0011,"aoml_navis",1029.51955048749
"7901009",86,0,1,0.029904,1,0.007476,1,111.899397256428,1,4.85658596530795,528,1,9.04800033569336,35.0429992675781,0.0299040004611015,0,107.904098510742,-87.0689,26.5195,11.2158569139865,63,63,63,63,61,63,0,7818,1.13366707078925,27,-87,0.001869,51,2025-09-27 07:05:25.000758,528,1.037,0.0011,"aoml_navis",1029.52980462335
"7901009",86,0,1,0.028035,1,0.005607,1,112.143929837726,1,4.85653681902235,530,1,9.01700019836426,35.0379981994629,0.0280349999666214,0,108.13990020752,-87.0689,26.5195,11.2158569139865,63,63,63,63,61,63,0,7818,1.13366707078925,27,-87,0.001869,51,2025-09-27 07:05:25.000758,530,1.037,0.0011,"aoml_navis",1029.54022306919
"7901009",86,0,1,0.026166,1,0.003738,1,112.264847152249,1,4.85647277895634,532,1,8.96300029754639,35.0320014953613,0.0261659994721413,0,108.256500244141,-87.0689,26.5195,11.2158569139865,63,63,63,63,61,63,0,7818,1.13366707078925,27,-87,0.001869,51,2025-09-27 07:05:25.000758,532,1.037,0.0011,"aoml_navis",1029.55379914113
"7901009",86,0,1,0.029904,1,0.007476,1,112.362226613556,1,4.85640726895329,534,1,8.9069995880127,35.0260009765625,0.0299040004611015,0,108.350402832031,-87.0689,26.5195,11.2158569139865,63,63,63,63,61,63,0,7818,1.13366707078925,27,-87,0.001869,51,2025-09-27 07:05:25.000758,534,1.037,0.0011,"aoml_navis",1029.56768720051
"7901009",86,0,1,0.029904,1,0.007476,1,112.359940079243,1,4.85635416975954,536,1,8.88000011444092,35.0229988098145,0.0299040004611015,0,108.348197937012,-87.0689,26.5195,11.2158569139865,63,63,63,63,61,63,0,7818,1.13366707078925,27,-87,0.001869,51,2025-09-27 07:05:25.000758,536,1.037,0.0011,"aoml_navis",1029.57894445486
"7901009",86,0,1,0.028035,1,0.005607,1,112.296787425672,1,4.85630028190965,538,1,8.85200023651123,35.0200004577637,0.0280349999666214,0,108.287300109863,-87.0689,26.5195,11.2158569139865,63,63,63,63,61,63,0,7818,1.13366707078925,27,-87,0.001869,51,2025-09-27 07:05:25.000758,538,1.037,0.0011,"aoml_navis",1029.59036915935
"7901009",86,0,1,0.029904,1,0.007476,1,112.125985686097,1,4.85625157136724,540,1,8.83500003814697,35.0180015563965,0.0299040004611015,0,108.122596740723,-87.0689,26.5195,11.2158569139865,63,63,63,63,61,63,0,7818,1.13366707078925,27,-87,0.001869,51,2025-09-27 07:05:25.000758,540,1.037,0.0011,"aoml_navis",1029.60069644668
"7901009",86,0,1,0.028035,1,0.005607,1,111.965564337587,1,4.85619006415508,542,1,8.80200004577637,35.015998840332,0.0280349999666214,0,107.967903137207,-87.0689,26.5195,11.2158569139865,63,63,63,63,61,63,0,7818,1.13366707078925,27,-87,0.001869,51,2025-09-27 07:05:25.000758,542,1.037,0.0011,"aoml_navis",1029.61373709535
"7901009",86,0,1,0.035511,1,0.013083,1,111.967431542078,1,4.85612586895312,544,1,8.76099967956543,35.0130004882812,0.0355109982192516,0,107.969703674316,-87.0689,26.5195,11.2158569139865,63,63,63,63,61,63,0,7818,1.13366707078925,27,-87,0.001869,51,2025-09-27 07:05:25.000758,544,1.037,0.0011,"aoml_navis",1029.62734799909
"7901009",86,0,1,0.026166,1,0.003738,1,112.013992976088,1,4.85607372359069,546,1,8.73499965667725,35.0099983215332,0.0261659994721413,0,108.014602661133,-87.0689,26.5195,11.2158569139865,63,63,63,63,61,63,0,7818,1.13366707078925,27,-87,0.001869,51,2025-09-27 07:05:25.000758,546,1.037,0.0011,"aoml_navis",1029.63840431625
"7901009",86,0,1,0.031773,1,0.009345,1,112.212684104768,1,4.85601570836774,548,1,8.69699954986572,35.0060005187988,0.0317730009555817,0,108.206199645996,-87.0689,26.5195,11.2158569139865,63,63,63,63,61,63,0,7818,1.13366707078925,27,-87,0.001869,51,2025-09-27 07:05:25.000758,548,1.037,0.0011,"aoml_navis",1029.65070549178
"7901009",86,0,1,0.029904,1,0.007476,1,112.556771915317,1,4.85594527203023,550,1,8.63399982452393,35,0.0299040004611015,0,108.53800201416,-87.0689,26.5195,11.2158569139865,63,63,63,63,61,63,0,7818,1.13366707078925,27,-87,0.001869,51,2025-09-27 07:05:25.000758,550,1.037,0.0011,"aoml_navis",1029.66564075578
"7901009",86,0,1,0.029904,1,0.007476,1,112.952081259218,1,4.85586841749533,552,1,8.55799961090088,34.9930000305176,0.0299040004611015,0,108.91919708252,-87.0689,26.5195,11.2158569139865,63,63,63,63,61,63,0,7818,1.13366707078925,27,-87,0.001869,51,2025-09-27 07:05:25.000758,552,1.037,0.0011,"aoml_navis",1029.68193742346
"7901009",86,0,1,0.029904,1,0.007476,1,113.262986630644,1,4.85580939563006,554,1,8.50899982452393,34.9869995117188,0.0299040004611015,0,109.21900177002,-87.0689,26.5195,11.2158569139865,63,63,63,63,61,63,0,7818,1.13366707078925,27,-87,0.001869,51,2025-09-27 07:05:25.000758,554,1.037,0.0011,"aoml_navis",1029.69445310183
"7901009",86,0,1,0.029904,1,0.007476,1,113.502534725379,1,4.85574522870535,556,1,8.45800018310547,34.9819984436035,0.0299040004611015,0,109.449996948242,-87.0689,26.5195,11.2158569139865,63,63,63,63,61,63,0,7818,1.13366707078925,27,-87,0.001869,51,2025-09-27 07:05:25.000758,556,1.037,0.0011,"aoml_navis",1029.70806014324
"7901009",86,0,1,0.029904,1,0.007476,1,113.766562187458,1,4.85569103980398,558,1,8.42899990081787,34.9790000915527,0.0299040004611015,0,109.704597473145,-87.0689,26.5195,11.2158569139865,63,63,63,63,61,63,0,7818,1.13366707078925,27,-87,0.001869,51,2025-09-27 07:05:25.000758,558,1.037,0.0011,"aoml_navis",1029.7195515557
"7901009",86,0,1,0.029904,1,0.007476,1,114.079746181313,1,4.85563531913756,560,1,8.39799976348877,34.976001739502,0.0299040004611015,0,110.00659942627,-87.0689,26.5195,11.2158569139865,63,63,63,63,61,63,0,7818,1.13366707078925,27,-87,0.001869,51,2025-09-27 07:05:25.000758,560,1.037,0.0011,"aoml_navis",1029.73136806495
"7901009",86,0,1,0.031773,1,0.009345,1,114.36897299213,1,4.85558020629702,562,1,8.36299991607666,34.9720001220703,0.0317730009555817,0,110.285499572754,-87.0689,26.5195,11.2158569139865,63,63,63,63,61,63,0,7818,1.13366707078925,27,-87,0.001869,51,2025-09-27 07:05:25.000758,562,1.037,0.0011,"aoml_navis",1029.74305594122
"7901009",86,0,1,0.028035,1,0.005607,1,114.595877897137,1,4.85552514437757,564,1,8.32800006866455,34.9679985046387,0.0280349999666214,0,110.504302978516,-87.0689,26.5195,11.2158569139865,63,63,63,63,61,63,0,7818,1.13366707078925,27,-87,0.001869,51,2025-09-27 07:05:25.000758,564,1.037,0.0011,"aoml_navis",1029.75473328353
"7901009",86,0,1,0.028035,1,0.005607,1,114.845695616568,1,4.85547478848864,566,1,8.29899978637695,34.9640007019043,0.0280349999666214,0,110.74520111084,-87.0689,26.5195,11.2158569139865,63,63,63,63,61,63,0,7818,1.13366707078925,27,-87,0.001869,51,2025-09-27 07:05:25.000758,566,1.037,0.0011,"aoml_navis",1029.76541281895
"7901009",86,0,1,0.028035,1,0.005607,1,115.114074614536,1,4.85541728624952,568,1,8.25599956512451,34.9589996337891,0.0280349999666214,0,111.003997802734,-87.0689,26.5195,11.2158569139865,63,63,63,63,61,63,0,7818,1.13366707078925,27,-87,0.001869,51,2025-09-27 07:05:25.000758,568,1.037,0.0011,"aoml_navis",1029.77760823152
"7901009",86,0,1,0.026166,1,0.003738,1,115.228251004374,1,4.85534460269885,570,1,8.17899990081787,34.951000213623,0.0261659994721413,0,111.114097595215,-87.0689,26.5195,11.2158569139865,63,63,63,63,61,63,0,7818,1.13366707078925,27,-87,0.001869,51,2025-09-27 07:05:25.000758,570,1.037,0.0011,"aoml_navis",1029.79302379912
"7901009",86,0,1,0.033642,1,0.011214,1,115.168413429962,1,4.85528564674066,572,1,8.17199993133545,34.9539985656738,0.0336420014500618,0,111.056396484375,-87.0689,26.5195,11.2158569139865,63,63,63,63,61,63,0,7818,1.13366707078925,27,-87,0.001869,51,2025-09-27 07:05:25.000758,572,1.037,0.0011,"aoml_navis",1029.80552819925
"7901009",86,0,1,0.031773,1,0.009345,1,115.325939029134,1,4.85522983511792,574,1,8.14999961853027,34.9529991149902,0.0317730009555817,0,111.208297729492,-87.0689,26.5195,11.2158569139865,63,63,63,63,61,63,0,7818,1.13366707078925,27,-87,0.001869,51,2025-09-27 07:05:25.000758,574,1.037,0.0011,"aoml_navis",1029.8173659741
"7901009",86,0,1,0.026166,1,0.003738,1,115.511464783781,1,4.85517909240942,576,1,8.125,34.9500007629395,0.0261659994721413,0,111.387199401855,-87.0689,26.5195,11.2158569139865,63,63,63,63,61,63,0,7818,1.13366707078925,27,-87,0.001869,51,2025-09-27 07:05:25.000758,576,1.037,0.0011,"aoml_navis",1029.82812885667
"7901009",86,0,1,0.029904,1,0.007476,1,115.786798327287,1,4.85511699841316,578,1,8.09000015258789,34.9480018615723,0.0299040004611015,0,111.652702331543,-87.0689,26.5195,11.2158569139865,63,63,63,63,61,63,0,7818,1.13366707078925,27,-87,0.001869,51,2025-09-27 07:05:25.000758,578,1.037,0.0011,"aoml_navis",1029.84129973267
"7901009",86,0,1,0.029904,1,0.007476,1,116.006954395724,1,4.85506617095384,580,1,8.0600004196167,34.9440002441406,0.0299040004611015,0,111.86499786377,-87.0689,26.5195,11.2158569139865,63,63,63,63,61,63,0,7818,1.13366707078925,27,-87,0.001869,51,2025-09-27 07:05:25.000758,580,1.037,0.0011,"aoml_navis",1029.85208109279
"7901009",86,0,1,0.028035,1,0.005607,1,116.058080986476,1,4.85501490284649,582,1,8.03899955749512,34.9420013427734,0.0280349999666214,0,111.91429901123,-87.0689,26.5195,11.2158569139865,63,63,63,63,61,63,0,7818,1.13366707078925,27,-87,0.001869,51,2025-09-27 07:05:25.000758,582,1.037,0.0011,"aoml_navis",1029.86295615046
"7901009",86,0,1,0.028035,1,0.005607,1,116.082449587453,1,4.85495907051881,584,1,8.01200008392334,34.939998626709,0.0280349999666214,0,111.937797546387,-87.0689,26.5195,11.2158569139865,63,63,63,63,61,63,0,7818,1.13366707078925,27,-87,0.001869,51,2025-09-27 07:05:25.000758,584,1.037,0.0011,"aoml_navis",1029.87479963774
"7901009",86,0,1,0.029904,1,0.007476,1,116.289653902708,1,4.85489866513212,586,1,7.97900009155273,34.9379997253418,0.0299040004611015,0,112.137603759766,-87.0689,26.5195,11.2158569139865,63,63,63,63,61,63,0,7818,1.13366707078925,27,-87,0.001869,51,2025-09-27 07:05:25.000758,586,1.037,0.0011,"aoml_navis",1029.88761349645
"7901009",86,0,1,0.031773,1,0.009345,1,116.539052292318,1,4.85484517269513,588,1,7.95499992370605,34.9360008239746,0.0317730009555817,0,112.37809753418,-87.0689,26.5195,11.2158569139865,63,63,63,63,61,63,0,7818,1.13366707078925,27,-87,0.001869,51,2025-09-27 07:05:25.000758,588,1.037,0.0011,"aoml_navis",1029.89896117002
"7901009",86,0,1,0.029904,1,0.007476,1,116.729451767159,1,4.8547877775616,590,1,7.9210000038147,34.9329986572266,0.0299040004611015,0,112.561698913574,-87.0689,26.5195,11.2158569139865,63,63,63,63,61,63,0,7818,1.13366707078925,27,-87,0.001869,51,2025-09-27 07:05:25.000758,590,1.037,0.0011,"aoml_navis",1029.91113702427
"7901009",86,0,1,0.031773,1,0.009345,1,116.866343174336,1,4.85473522382846,592,1,7.90299987792969,34.931999206543,0.0317730009555817,0,112.693702697754,-87.0689,26.5195,11.2158569139865,63,63,63,63,61,63,0,7818,1.13366707078925,27,-87,0.001869,51,2025-09-27 07:05:25.000758,592,1.037,0.0011,"aoml_navis",1029.92228607207
"7901009",86,0,1,0.031773,1,0.009345,1,117.063997846287,1,4.85469016757624,594,1,7.8899998664856,34.9300003051758,0.0317730009555817,0,112.884300231934,-87.0689,26.5195,11.2158569139865,63,63,63,63,61,63,0,7818,1.13366707078925,27,-87,0.001869,51,2025-09-27 07:05:25.000758,594,1.037,0.0011,"aoml_navis",1029.93184475381
"7901009",86,0,1,0.026166,1,0.003738,1,117.211776005069,1,4.85463979677418,596,1,7.86999988555908,34.9280014038086,0.0261659994721413,0,113.026802062988,-87.0689,26.5195,11.2158569139865,63,63,63,63,61,63,0,7818,1.13366707078925,27,-87,0.001869,51,2025-09-27 07:05:25.000758,596,1.037,0.0011,"aoml_navis",1029.94253112711
"7901009",86,0,1,0.028035,1,0.005607,1,117.311014758983,1,4.85459564515272,598,1,7.86299991607666,34.9269981384277,0.0280349999666214,0,113.122497558594,-87.0689,26.5195,11.2158569139865,63,63,63,63,61,63,0,7818,1.13366707078925,27,-87,0.001869,51,2025-09-27 07:05:25.000758,598,1.037,0.0011,"aoml_navis",1029.95189825799
"7901009",86,0,1,0.029904,1,0.007476,1,117.493122579985,1,4.85455072223686,600,1,7.85500001907349,34.9259986877441,0.0299040004611015,0,113.29810333252,-87.0689,26.5195,11.2158569139865,63,63,63,63,61,63,0,7818,1.13366707078925,27,-87,0.001869,51,2025-09-27 07:05:25.000758,600,1.037,0.0011,"aoml_navis",1029.96142920021
"7901009",86,0,1,0.028035,1,0.005607,1,117.749681224103,1,4.85449734147521,602,1,7.83099985122681,34.923999786377,0.0280349999666214,0,113.545501708984,-87.0689,26.5195,11.2158569139865,63,63,63,63,61,63,0,7818,1.13366707078925,27,-87,0.001869,51,2025-09-27 07:05:25.000758,602,1.037,0.0011,"aoml_navis",1029.97275480649
"7901009",86,0,1,0.031773,1,0.009345,1,117.957914084205,1,4.85443111253109,604,1,7.78999996185303,34.9220008850098,0.0317730009555817,0,113.746299743652,-87.0689,26.5195,11.2158569139865,63,63,63,63,61,63,0,7818,1.13366707078925,27,-87,0.001869,51,2025-09-27 07:05:25.000758,604,1.037,0.0011,"aoml_navis",1029.98680671215
"7901009",86,0,1,0.026166,1,0.003738,1,118.046060377544,1,4.8543854517637,606,1,7.7810001373291,34.9210014343262,0.0261659994721413,0,113.831298828125,-87.0689,26.5195,11.2158569139865,63,63,63,63,61,63,0,7818,1.13366707078925,27,-87,0.001869,51,2025-09-27 07:05:25.000758,606,1.037,0.0011,"aoml_navis",1029.99649485671
"7901009",86,0,1,0.028035,1,0.005607,1,118.139183245563,1,4.85433678382208,608,1,7.76800012588501,34.9199981689453,0.0280349999666214,0,113.921096801758,-87.0689,26.5195,11.2158569139865,63,63,63,63,61,63,0,7818,1.13366707078925,27,-87,0.001869,51,2025-09-27 07:05:25.000758,608,1.037,0.0011,"aoml_navis",1030.0068212538
"7901009",86,0,1,0.029904,1,0.007476,1,118.315167268788,1,4.85428735245394,610,1,7.75400018692017,34.9189987182617,0.0299040004611015,0,114.090797424316,-87.0689,26.5195,11.2158569139865,63,63,63,63,61,63,0,7818,1.13366707078925,27,-87,0.001869,51,2025-09-27 07:05:25.000758,610,1.037,0.0011,"aoml_navis",1030.01730984722
"7901009",86,0,1,0.028035,1,0.005607,1,118.567271522532,1,4.85424085561696,612,1,7.73899984359741,34.9169998168945,0.0280349999666214,0,114.33390045166,-87.0689,26.5195,11.2158569139865,63,63,63,63,61,63,0,7818,1.13366707078925,27,-87,0.001869,51,2025-09-27 07:05:25.000758,612,1.037,0.0011,"aoml_navis",1030.0271759722
"7901009",86,0,1,0.028035,1,0.005607,1,118.898083192679,1,4.85417477176723,614,1,7.69799995422363,34.9150009155273,0.0280349999666214,0,114.652900695801,-87.0689,26.5195,11.2158569139865,63,63,63,63,61,63,0,7818,1.13366707078925,27,-87,0.001869,51,2025-09-27 07:05:25.000758,614,1.037,0.0011,"aoml_navis",1030.04119857425
"7901009",86,0,1,0.028035,1,0.005607,1,119.30698515232,1,4.85411854244825,616,1,7.67000007629395,34.9129981994629,0.0280349999666214,0,115.047203063965,-87.0689,26.5195,11.2158569139865,63,63,63,63,61,63,0,7818,1.13366707078925,27,-87,0.001869,51,2025-09-27 07:05:25.000758,616,1.037,0.0011,"aoml_navis",1030.05313040381
"7901009",86,0,1,0.031773,1,0.009345,1,119.657805975671,1,4.85405925977058,618,1,7.63299989700317,34.9099998474121,0.0317730009555817,0,115.385498046875,-87.0689,26.5195,11.2158569139865,63,63,63,63,61,63,0,7818,1.13366707078925,27,-87,0.001869,51,2025-09-27 07:05:25.000758,618,1.037,0.0011,"aoml_navis",1030.06571045371
"7901009",86,0,1,0.026166,1,0.003738,1,119.975966544206,1,4.85399255187488,620,1,7.58599996566772,34.9070014953613,0.0261659994721413,0,115.69229888916,-87.0689,26.5195,11.2158569139865,63,63,63,63,61,63,0,7818,1.13366707078925,27,-87,0.001869,51,2025-09-27 07:05:25.000758,620,1.037,0.0011,"aoml_navis",1030.07986653559
"7901009",86,0,1,0.029904,1,0.007476,1,120.182332199818,1,4.85393047733144,622,1,7.55000019073486,34.9049987792969,0.0299040004611015,0,115.891296386719,-87.0689,26.5195,11.2158569139865,63,63,63,63,61,63,0,7818,1.13366707078925,27,-87,0.001869,51,2025-09-27 07:05:25.000758,622,1.037,0.0011,"aoml_navis",1030.09303972332
"7901009",86,0,1,0.031773,1,0.009345,1,120.236053888335,1,4.85388637913977,624,1,7.54300022125244,34.9039993286133,0.0317730009555817,0,115.943099975586,-87.0689,26.5195,11.2158569139865,63,63,63,63,61,63,0,7818,1.13366707078925,27,-87,0.001869,51,2025-09-27 07:05:25.000758,624,1.037,0.0011,"aoml_navis",1030.10239825311
"7901009",86,0,1,0.028035,1,0.005607,1,120.345150849008,1,4.85383105479595,626,1,7.51599979400635,34.9020004272461,0.0280349999666214,0,116.048301696777,-87.0689,26.5195,11.2158569139865,63,63,63,63,61,63,0,7818,1.13366707078925,27,-87,0.001869,51,2025-09-27 07:05:25.000758,626,1.037,0.0011,"aoml_navis",1030.11413944036
"7901009",86,0,1,0.028035,1,0.005607,1,120.336748428801,1,4.85376176754105,628.099975585938,1,7.47800016403198,34.9010009765625,0.0280349999666214,0,116.040199279785,-87.0689,26.5195,11.2158569139865,63,63,63,63,61,63,0,7818,1.13366707078925,27,-87,0.001869,51,2025-09-27 07:05:25.000758,628.099975585938,1.037,0.0011,"aoml_navis",1030.12884427845
"7901009",86,0,1,0.026166,1,0.003738,1,120.391190098711,1,4.85371315536311,630,1,7.46700000762939,34.9010009765625,0.0261659994721413,0,116.092697143555,-87.0689,26.5195,11.2158569139865,63,63,63,63,61,63,0,7818,1.13366707078925,27,-87,0.001869,51,2025-09-27 07:05:25.000758,630,1.037,0.0011,"aoml_navis",1030.13916149438
"7901009",86,0,1,0.028035,1,0.005607,1,120.666001457911,1,4.85364980124057,632,1,7.43900012969971,34.9010009765625,0.0280349999666214,0,116.357696533203,-87.0689,26.5195,11.2158569139865,63,63,63,63,61,63,0,7818,1.13366707078925,27,-87,0.001869,51,2025-09-27 07:05:25.000758,632,1.037,0.0011,"aoml_navis",1030.15260778024
"7901009",86,0,1,0.029904,1,0.007476,1,120.952641082845,1,4.85359757130615,634,1,7.4210000038147,34.9000015258789,0.0299040004611015,0,116.634101867676,-87.0689,26.5195,11.2158569139865,63,63,63,63,61,63,0,7818,1.13366707078925,27,-87,0.001869,51,2025-09-27 07:05:25.000758,634,1.037,0.0011,"aoml_navis",1030.16369333118
"7901009",86,0,1,0.035511,1,0.013083,1,121.271418778288,1,4.85355349537608,636,1,7.40899991989136,34.8979988098145,0.0355109982192516,0,116.941497802734,-87.0689,26.5195,11.2158569139865,63,63,63,63,61,63,0,7818,1.13366707078925,27,-87,0.001869,51,2025-09-27 07:05:25.000758,636,1.037,0.0011,"aoml_navis",1030.17304841977
"7901009",86,0,1,0.029904,1,0.007476,1,121.705314377698,1,4.85350718996431,638,1,7.39400005340576,34.8959999084473,0.0299040004611015,0,117.359901428223,-87.0689,26.5195,11.2158569139865,63,63,63,63,61,63,0,7818,1.13366707078925,27,-87,0.001869,51,2025-09-27 07:05:25.000758,638,1.037,0.0011,"aoml_navis",1030.18287689747
"7901009",86,0,1,0.031773,1,0.009345,1,122.165232161722,1,4.85344241811911,640,1,7.35400009155273,34.8940010070801,0.0317730009555817,0,117.803398132324,-87.0689,26.5195,11.2158569139865,63,63,63,63,61,63,0,7818,1.13366707078925,27,-87,0.001869,51,2025-09-27 07:05:25.000758,640,1.037,0.0011,"aoml_navis",1030.19662525175
"7901009",86,0,1,0.031773,1,0.009345,1,122.419615037895,1,4.85339025625725,642,1,7.33099985122681,34.8919982910156,0.0317730009555817,0,118.048698425293,-87.0689,26.5195,11.2158569139865,63,63,63,63,61,63,0,7818,1.13366707078925,27,-87,0.001869,51,2025-09-27 07:05:25.000758,642,1.037,0.0011,"aoml_navis",1030.20769730061
"7901009",86,0,1,0.031773,1,0.009345,1,122.788071449421,1,4.85332853160296,644,1,7.29500007629395,34.8899993896484,0.0317730009555817,0,118.403999328613,-87.0689,26.5195,11.2158569139865,63,63,63,63,61,63,0,7818,1.13366707078925,27,-87,0.001869,51,2025-09-27 07:05:25.000758,644,1.037,0.0011,"aoml_navis",1030.22079948678
"7901009",86,0,1,0.031773,1,0.009345,1,122.916038252084,1,4.85327786058028,646,1,7.28399991989136,34.8899993896484,0.0317730009555817,0,118.527397155762,-87.0689,26.5195,11.2158569139865,63,63,63,63,61,63,0,7818,1.13366707078925,27,-87,0.001869,51,2025-09-27 07:05:25.000758,646,1.037,0.0011,"aoml_navis",1030.23155558668
"7901009",86,0,1,0.029904,1,0.007476,1,123.21906338761,1,4.85323455503284,648,1,7.27799987792969,34.8889999389648,0.0299040004611015,0,118.819602966309,-87.0689,26.5195,11.2158569139865,63,63,63,63,61,63,0,7818,1.13366707078925,27,-87,0.001869,51,2025-09-27 07:05:25.000758,648,1.037,0.0011,"aoml_navis",1030.24074837161
"7901009",86,0,1,0.029904,1,0.007476,1,123.585541828277,1,4.85317435501328,650,1,7.24900007247925,34.8880004882812,0.0299040004611015,0,119.172996520996,-87.0689,26.5195,11.2158569139865,63,63,63,63,61,63,0,7818,1.13366707078925,27,-87,0.001869,51,2025-09-27 07:05:25.000758,650,1.037,0.0011,"aoml_navis",1030.25352774212
"7901009",86,0,1,0.031773,1,0.009345,1,123.895307888489,1,4.85311937471709,652,1,7.21700000762939,34.8849983215332,0.0317730009555817,0,119.471702575684,-87.0689,26.5195,11.2158569139865,63,63,63,63,61,63,0,7818,1.13366707078925,27,-87,0.001869,51,2025-09-27 07:05:25.000758,652,1.037,0.0011,"aoml_navis",1030.26519933717
"7901009",86,0,1,0.029904,1,0.007476,1,124.081759333497,1,4.85307095422465,654,1,7.2039999961853,34.8839988708496,0.0299040004611015,0,119.651496887207,-87.0689,26.5195,11.2158569139865,63,63,63,63,61,63,0,7818,1.13366707078925,27,-87,0.001869,51,2025-09-27 07:05:25.000758,654,1.037,0.0011,"aoml_navis",1030.27547859102
"7901009",86,0,1,0.033642,1,0.011214,1,124.308039199712,1,4.85301885445234,656,1,7.19099998474121,34.8839988708496,0.0336420014500618,0,119.869697570801,-87.0689,26.5195,11.2158569139865,63,63,63,63,61,63,0,7818,1.13366707078925,27,-87,0.001869,51,2025-09-27 07:05:25.000758,656,1.037,0.0011,"aoml_navis",1030.28653915342
"7901009",86,0,1,0.029904,1,0.007476,1,124.589694338082,1,4.8529667902045,658,1,7.1729998588562,34.882999420166,0.0299040004611015,0,120.141296386719,-87.0689,26.5195,11.2158569139865,63,63,63,63,61,63,0,7818,1.13366707078925,27,-87,0.001869,51,2025-09-27 07:05:25.000758,658,1.037,0.0011,"aoml_navis",1030.29759241136
"7901009",86,0,1,0.029904,1,0.007476,1,124.795442866786,1,4.85290448171493,660,1,7.14599990844727,34.882999420166,0.0299040004611015,0,120.339698791504,-87.0689,26.5195,11.2158569139865,63,63,63,63,61,63,0,7818,1.13366707078925,27,-87,0.001869,51,2025-09-27 07:05:25.000758,660,1.037,0.0011,"aoml_navis",1030.31082083715
"7901009",86,0,1,0.029904,1,0.007476,1,124.942390277808,1,4.85285167929747,662,1,7.13199996948242,34.882999420166,0.0299040004611015,0,120.481399536133,-87.0689,26.5195,11.2158569139865,63,63,63,63,61,63,0,7818,1.13366707078925,27,-87,0.001869,51,2025-09-27 07:05:25.000758,662,1.037,0.0011,"aoml_navis",1030.32203133887
"7901009",86,0,1,0.022428,1,0,1,125.015915410561,1,4.85280986021068,664,1,7.12799978256226,34.8819999694824,0.0224280003458261,0,120.552299499512,-87.0689,26.5195,11.2158569139865,63,63,63,63,61,63,0,7818,1.13366707078925,27,-87,0.001869,51,2025-09-27 07:05:25.000758,664,1.037,0.0011,"aoml_navis",1030.33091013851
"7901009",86,0,1,0.028035,1,0.005607,1,125.154357546891,1,4.85276372644032,666.099975585938,1,7.12099981307983,34.8810005187988,0.0280349999666214,0,120.68579864502,-87.0689,26.5195,11.2158569139865,63,63,63,63,61,63,0,7818,1.13366707078925,27,-87,0.001869,51,2025-09-27 07:05:25.000758,666.099975585938,1.037,0.0011,"aoml_navis",1030.34070518568
"7901009",86,0,1,0.028035,1,0.005607,1,125.412997016351,1,4.85271830709036,668.099975585938,1,7.10699987411499,34.8790016174316,0.0280349999666214,0,120.935203552246,-87.0689,26.5195,11.2158569139865,63,63,63,63,61,63,0,7818,1.13366707078925,27,-87,0.001869,51,2025-09-27 07:05:25.000758,668.099975585938,1.037,0.0011,"aoml_navis",1030.35034873021
"7901009",86,0,1,0.031773,1,0.009345,1,125.753136797066,1,4.85266698420373,670,1,7.08699989318848,34.8779983520508,0.0317730009555817,0,121.263198852539,-87.0689,26.5195,11.2158569139865,63,63,63,63,61,63,0,7818,1.13366707078925,27,-87,0.001869,51,2025-09-27 07:05:25.000758,670,1.037,0.0011,"aoml_navis",1030.36124594493
"7901009",86,0,1,0.031773,1,0.009345,1,126.05076602809,1,4.8526054865074,672,1,7.06099987030029,34.8779983520508,0.0317730009555817,0,121.550201416016,-87.0689,26.5195,11.2158569139865,63,63,63,63,61,63,0,7818,1.13366707078925,27,-87,0.001869,51,2025-09-27 07:05:25.000758,672,1.037,0.0011,"aoml_navis",1030.37430384613
"7901009",86,0,1,0.033642,1,0.011214,1,126.466195291565,1,4.85254340756935,674,1,7.02400016784668,34.8759994506836,0.0336420014500618,0,121.950798034668,-87.0689,26.5195,11.2158569139865,63,63,63,63,61,63,0,7818,1.13366707078925,27,-87,0.001869,51,2025-09-27 07:05:25.000758,674,1.037,0.0011,"aoml_navis",1030.38748549897
"7901009",86,0,1,0.028035,1,0.005607,1,126.6783761815,1,4.85248566046869,676,1,6.9980001449585,34.875,0.0280349999666214,0,122.155403137207,-87.0689,26.5195,11.2158569139865,63,63,63,63,61,63,0,7818,1.13366707078925,27,-87,0.001869,51,2025-09-27 07:05:25.000758,676,1.037,0.0011,"aoml_navis",1030.39974764543
"7901009",86,0,1,0.028035,1,0.005607,1,126.839011150863,1,4.85243148493867,678,1,6.98199987411499,34.875,0.0280349999666214,0,122.310302734375,-87.0689,26.5195,11.2158569139865,63,63,63,63,61,63,0,7818,1.13366707078925,27,-87,0.001869,51,2025-09-27 07:05:25.000758,678,1.037,0.0011,"aoml_navis",1030.41125166205
"7901009",86,0,1,0.029904,1,0.007476,1,126.9701901782,1,4.8523786936788,680,1,6.97300004959106,34.8759994506836,0.0299040004611015,0,122.436798095703,-87.0689,26.5195,11.2158569139865,63,63,63,63,61,63,0,7818,1.13366707078925,27,-87,0.001869,51,2025-09-27 07:05:25.000758,680,1.037,0.0011,"aoml_navis",1030.42246198004
"7901009",86,0,1,0.031773,1,0.009345,1,127.082815838884,1,4.85233465286625,682,1,6.97100019454956,34.8759994506836,0.0317730009555817,0,122.545402526855,-87.0689,26.5195,11.2158569139865,63,63,63,63,61,63,0,7818,1.13366707078925,27,-87,0.001869,51,2025-09-27 07:05:25.000758,682,1.037,0.0011,"aoml_navis",1030.4318143116
"7901009",86,0,1,0.029904,1,0.007476,1,127.290115096741,1,4.85228490059576,684,1,6.95599985122681,34.875,0.0299040004611015,0,122.745300292969,-87.0689,26.5195,11.2158569139865,63,63,63,63,61,63,0,7818,1.13366707078925,27,-87,0.001869,51,2025-09-27 07:05:25.000758,684,1.037,0.0011,"aoml_navis",1030.44237970984
"7901009",86,0,1,0.031773,1,0.009345,1,127.526870296623,1,4.85223371273958,686,1,6.93900012969971,34.8740005493164,0.0317730009555817,0,122.973602294922,-87.0689,26.5195,11.2158569139865,63,63,63,63,61,63,0,7818,1.13366707078925,27,-87,0.001869,51,2025-09-27 07:05:25.000758,686,1.037,0.0011,"aoml_navis",1030.45325019536
"7901009",86,0,1,0.029904,1,0.007476,1,127.803026676007,1,4.8521795704782,688,1,6.9229998588562,34.8740005493164,0.0299040004611015,0,123.239898681641,-87.0689,26.5195,11.2158569139865,63,63,63,63,61,63,0,7818,1.13366707078925,27,-87,0.001869,51,2025-09-27 07:05:25.000758,688,1.037,0.0011,"aoml_navis",1030.46474834138
"7901009",86,0,1,0.029904,1,0.007476,1,128.080330278488,1,4.85212407940552,690,1,6.90000009536743,34.8730010986328,0.0299040004611015,0,123.507301330566,-87.0689,26.5195,11.2158569139865,63,63,63,63,61,63,0,7818,1.13366707078925,27,-87,0.001869,51,2025-09-27 07:05:25.000758,690,1.037,0.0011,"aoml_navis",1030.47653319958
"7901009",86,0,1,0.029904,1,0.007476,1,128.326413588939,1,4.85206060610084,692,1,6.87099981307983,34.8730010986328,0.0299040004611015,0,123.744598388672,-87.0689,26.5195,11.2158569139865,63,63,63,63,61,63,0,7818,1.13366707078925,27,-87,0.001869,51,2025-09-27 07:05:25.000758,692,1.037,0.0011,"aoml_navis",1030.49001360641
"7901009",86,0,1,0.033642,1,0.011214,1,128.447750233285,1,4.85201234576851,694,1,6.85799980163574,34.8720016479492,0.0336420014500618,0,123.861602783203,-87.0689,26.5195,11.2158569139865,63,63,63,63,61,63,0,7818,1.13366707078925,27,-87,0.001869,51,2025-09-27 07:05:25.000758,694,1.037,0.0011,"aoml_navis",1030.50026333106
"7901009",86,0,1,0.031773,1,0.009345,1,128.56254375003,1,4.85196615330487,696,1,6.85300016403198,34.8720016479492,0.0317730009555817,0,123.972297668457,-87.0689,26.5195,11.2158569139865,63,63,63,63,61,63,0,7818,1.13366707078925,27,-87,0.001869,51,2025-09-27 07:05:25.000758,696,1.037,0.0011,"aoml_navis",1030.51007406437
"7901009",86,0,1,0.029904,1,0.007476,1,128.730647537354,1,4.85191780660527,698,1,6.84499979019165,34.8720016479492,0.0299040004611015,0,124.134399414062,-87.0689,26.5195,11.2158569139865,63,63,63,63,61,63,0,7818,1.13366707078925,27,-87,0.001869,51,2025-09-27 07:05:25.000758,698,1.037,0.0011,"aoml_navis",1030.52034253201
"7901009",86,0,1,0.033642,1,0.011214,1,128.938571834002,1,4.85186946293584,700,1,6.83699989318848,34.8720016479492,0.0336420014500618,0,124.334899902344,-87.0689,26.5195,11.2158569139865,63,63,63,63,61,63,0,7818,1.13366707078925,27,-87,0.001869,51,2025-09-27 07:05:25.000758,700,1.037,0.0011,"aoml_navis",1030.53061056068
"7901009",86,0,1,0.029904,1,0.007476,1,129.274462933313,1,4.85181692643674,702,1,6.81799983978271,34.8709983825684,0.0299040004611015,0,124.658798217773,-87.0689,26.5195,11.2158569139865,63,63,63,63,61,63,0,7818,1.13366707078925,27,-87,0.001869,51,2025-09-27 07:05:25.000758,702,1.037,0.0011,"aoml_navis",1030.54176936393
"7901009",86,0,1,0.031773,1,0.009345,1,129.576032282287,1,4.85175998649232,704,1,6.7979998588562,34.8709983825684,0.0317730009555817,0,124.949600219727,-87.0689,26.5195,11.2158569139865,63,63,63,63,61,63,0,7818,1.13366707078925,27,-87,0.001869,51,2025-09-27 07:05:25.000758,704,1.037,0.0011,"aoml_navis",1030.55386373613
"7901009",86,0,1,0.033642,1,0.011214,1,129.847939980267,1,4.8517044934465,706,1,6.78000020980835,34.8709983825684,0.0336420014500618,0,125.211799621582,-87.0689,26.5195,11.2158569139865,63,63,63,63,61,63,0,7818,1.13366707078925,27,-87,0.001869,51,2025-09-27 07:05:25.000758,706,1.037,0.0011,"aoml_navis",1030.56565105188
"7901009",86,0,1,0.029904,1,0.007476,1,130.109997383371,1,4.85165187315666,708,1,6.76599979400635,34.8709983825684,0.0299040004611015,0,125.464500427246,-87.0689,26.5195,11.2158569139865,63,63,63,63,61,63,0,7818,1.13366707078925,27,-87,0.001869,51,2025-09-27 07:05:25.000758,708,1.037,0.0011,"aoml_navis",1030.57682841263
"7901009",86,0,1,0.031773,1,0.009345,1,130.470779267966,1,4.85159211306178,710,1,6.74200010299683,34.8709983825684,0.0317730009555817,0,125.812400817871,-87.0689,26.5195,11.2158569139865,63,63,63,63,61,63,0,7818,1.13366707078925,27,-87,0.001869,51,2025-09-27 07:05:25.000758,710,1.037,0.0011,"aoml_navis",1030.58952267209
"7901009",86,0,1,0.029904,1,0.007476,1,130.668228230947,1,4.85154319831437,712,1,6.72800016403198,34.8699989318848,0.0299040004611015,0,126.002799987793,-87.0689,26.5195,11.2158569139865,63,63,63,63,61,63,0,7818,1.13366707078925,27,-87,0.001869,51,2025-09-27 07:05:25.000758,712,1.037,0.0011,"aoml_navis",1030.59991339193
"7901009",86,0,1,0.026166,1,0.003738,1,130.976119174785,1,4.85149571743267,714,1,6.71600008010864,34.8689994812012,0.0261659994721413,0,126.299697875977,-87.0689,26.5195,11.2158569139865,63,63,63,63,61,63,0,7818,1.13366707078925,27,-87,0.001869,51,2025-09-27 07:05:25.000758,714,1.037,0.0011,"aoml_navis",1030.60999972312
"7901009",86,0,1,0.035511,1,0.013083,1,131.175435342257,1,4.85143813925831,716,1,6.69500017166138,34.8689994812012,0.0355109982192516,0,126.491897583008,-87.0689,26.5195,11.2158569139865,63,63,63,63,61,63,0,7818,1.13366707078925,27,-87,0.001869,51,2025-09-27 07:05:25.000758,716,1.037,0.0011,"aoml_navis",1030.62223128015
"7901009",86,0,1,0.031773,1,0.009345,1,131.423393769082,1,4.85138627380661,718,1,6.68200016021729,34.8689994812012,0.0317730009555817,0,126.731002807617,-87.0689,26.5195,11.2158569139865,63,63,63,63,61,63,0,7818,1.13366707078925,27,-87,0.001869,51,2025-09-27 07:05:25.000758,718,1.037,0.0011,"aoml_navis",1030.63324950969
"7901009",86,0,1,0.028035,1,0.005607,1,131.708466841096,1,4.85133299062911,720,1,6.66699981689453,34.8689994812012,0.0280349999666214,0,127.005897521973,-87.0689,26.5195,11.2158569139865,63,63,63,63,61,63,0,7818,1.13366707078925,27,-87,0.001869,51,2025-09-27 07:05:25.000758,720,1.037,0.0011,"aoml_navis",1030.64456916441
"7901009",86,0,1,0.029904,1,0.007476,1,131.984631132363,1,4.85128766982367,722,1,6.65799999237061,34.8680000305176,0.0299040004611015,0,127.272201538086,-87.0689,26.5195,11.2158569139865,63,63,63,63,61,63,0,7818,1.13366707078925,27,-87,0.001869,51,2025-09-27 07:05:25.000758,722,1.037,0.0011,"aoml_navis",1030.65419746212
"7901009",86,0,1,0.028035,1,0.005607,1,132.371957385879,1,4.85121451461691,724,1,6.61499977111816,34.8680000305176,0.0280349999666214,0,127.645698547363,-87.0689,26.5195,11.2158569139865,63,63,63,63,61,63,0,7818,1.13366707078925,27,-87,0.001869,51,2025-09-27 07:05:25.000758,724,1.037,0.0011,"aoml_navis",1030.669739492
"7901009",86,0,1,0.028035,1,0.005607,1,132.55654953828,1,4.85116268618305,726,1,6.60200023651123,34.8680000305176,0.0280349999666214,0,127.823699951172,-87.0689,26.5195,11.2158569139865,63,63,63,63,61,63,0,7818,1.13366707078925,27,-87,0.001869,51,2025-09-27 07:05:25.000758,726,1.037,0.0011,"aoml_navis",1030.68075087254
"7901009",86,0,1,0.031773,1,0.009345,1,132.739068777221,1,4.85111596710302,728,1,6.59100008010864,34.867000579834,0.0317730009555817,0,127.999702453613,-87.0689,26.5195,11.2158569139865,63,63,63,63,61,63,0,7818,1.13366707078925,27,-87,0.001869,51,2025-09-27 07:05:25.000758,728,1.037,0.0011,"aoml_navis",1030.69067693014
"7901009",86,0,1,0.026166,1,0.003738,1,132.889845539825,1,4.85106769108296,730,1,6.58300018310547,34.867000579834,0.0261659994721413,0,128.145095825195,-87.0689,26.5195,11.2158569139865,63,63,63,63,61,63,0,7818,1.13366707078925,27,-87,0.001869,51,2025-09-27 07:05:25.000758,730,1.037,0.0011,"aoml_navis",1030.70093398012
"7901009",86,0,1,0.031773,1,0.009345,1,133.107422334263,1,4.85101658502968,732,1,6.57100009918213,34.867000579834,0.0317730009555817,0,128.354904174805,-87.0689,26.5195,11.2158569139865,63,63,63,63,61,63,0,7818,1.13366707078925,27,-87,0.001869,51,2025-09-27 07:05:25.000758,732,1.037,0.0011,"aoml_navis",1030.71179254057
"7901009",86,0,1,0.026166,1,0.003738,1,133.401206389937,1,4.85096689936554,734,1,6.56099987030029,34.867000579834,0.0261659994721413,0,128.638198852539,-87.0689,26.5195,11.2158569139865,63,63,63,63,61,63,0,7818,1.13366707078925,27,-87,0.001869,51,2025-09-27 07:05:25.000758,734,1.037,0.0011,"aoml_navis",1030.7223495287
"7901009",86,0,1,0.028035,1,0.005607,1,133.753063670019,1,4.85091509547876,736,1,6.5479998588562,34.867000579834,0.0280349999666214,0,128.977493286133,-87.0689,26.5195,11.2158569139865,63,63,63,63,61,63,0,7818,1.13366707078925,27,-87,0.001869,51,2025-09-27 07:05:25.000758,736,1.037,0.0011,"aoml_navis",1030.7333568176
"7901009",86,0,1,0.031773,1,0.009345,1,134.170162340897,1,4.85085764461753,738,1,6.52699995040894,34.867000579834,0.0317730009555817,0,129.379699707031,-87.0689,26.5195,11.2158569139865,63,63,63,63,61,63,0,7818,1.13366707078925,27,-87,0.001869,51,2025-09-27 07:05:25.000758,738,1.037,0.0011,"aoml_navis",1030.74556425047
"7901009",86,0,1,0.028035,1,0.005607,1,134.626456482309,1,4.85079315676694,740,1,6.49599981307983,34.867000579834,0.0280349999666214,0,129.819702148438,-87.0689,26.5195,11.2158569139865,63,63,63,63,61,63,0,7818,1.13366707078925,27,-87,0.001869,51,2025-09-27 07:05:25.000758,740,1.037,0.0011,"aoml_navis",1030.75926728084
"7901009",86,0,1,0.029904,1,0.007476,1,134.970955710796,1,4.85073732188585,742,1,6.47200012207031,34.8660011291504,0.0299040004611015,0,130.151901245117,-87.0689,26.5195,11.2158569139865,63,63,63,63,61,63,0,7818,1.13366707078925,27,-87,0.001869,51,2025-09-27 07:05:25.000758,742,1.037,0.0011,"aoml_navis",1030.77113193508
"7901009",86,0,1,0.029904,1,0.007476,1,135.248884352069,1,4.85068485520379,744,1,6.45800018310547,34.8660011291504,0.0299040004611015,0,130.419906616211,-87.0689,26.5195,11.2158569139865,63,63,63,63,61,63,0,7818,1.13366707078925,27,-87,0.001869,51,2025-09-27 07:05:25.000758,744,1.037,0.0011,"aoml_navis",1030.78228111151
"7901009",86,0,1,0.028035,1,0.005607,1,135.568698504242,1,4.85063450468769,746,1,6.44700002670288,34.8660011291504,0.0280349999666214,0,130.728302001953,-87.0689,26.5195,11.2158569139865,63,63,63,63,61,63,0,7818,1.13366707078925,27,-87,0.001869,51,2025-09-27 07:05:25.000758,746,1.037,0.0011,"aoml_navis",1030.7929808292
"7901009",86,0,1,0.031773,1,0.009345,1,135.963802139174,1,4.85057853739934,748,1,6.42799997329712,34.8660011291504,0.0317730009555817,0,131.109298706055,-87.0689,26.5195,11.2158569139865,63,63,63,63,61,63,0,7818,1.13366707078925,27,-87,0.001869,51,2025-09-27 07:05:25.000758,748,1.037,0.0011,"aoml_navis",1030.80487439768
"7901009",86,0,1,0.026166,1,0.003738,1,136.344601088857,1,4.85052960294263,750,1,6.41900014877319,34.8660011291504,0.0261659994721413,0,131.476501464844,-87.0689,26.5195,11.2158569139865,63,63,63,63,61,63,0,7818,1.13366707078925,27,-87,0.001869,51,2025-09-27 07:05:25.000758,750,1.037,0.0011,"aoml_navis",1030.81527364902
"7901009",86,0,1,0.029904,1,0.007476,1,136.918592408234,1,4.85047032953383,752,1,6.3899998664856,34.8650016784668,0.0299040004611015,0,132.029998779297,-87.0689,26.5195,11.2158569139865,63,63,63,63,61,63,0,7818,1.13366707078925,27,-87,0.001869,51,2025-09-27 07:05:25.000758,752,1.037,0.0011,"aoml_navis",1030.82787035222
"7901009",86,0,1,0.031773,1,0.009345,1,137.428402529194,1,4.85040740289342,754,1,6.36100006103516,34.8650016784668,0.0317730009555817,0,132.521606445312,-87.0689,26.5195,11.2158569139865,63,63,63,63,61,63,0,7818,1.13366707078925,27,-87,0.001869,51,2025-09-27 07:05:25.000758,754,1.037,0.0011,"aoml_navis",1030.84124377209
"7901009",86,0,1,0.028035,1,0.005607,1,137.675617238975,1,4.85033872695565,756,1,6.3289999961853,34.8660011291504,0.0280349999666214,0,132.759994506836,-87.0689,26.5195,11.2158569139865,63,63,63,63,61,63,0,7818,1.13366707078925,27,-87,0.001869,51,2025-09-27 07:05:25.000758,756,1.037,0.0011,"aoml_navis",1030.8558394515
"7901009",86,0,1,0.026166,1,0.003738,1,137.825056893279,1,4.85028772706866,758,1,6.31699991226196,34.8660011291504,0.0261659994721413,0,132.904098510742,-87.0689,26.5195,11.2158569139865,63,63,63,63,61,63,0,7818,1.13366707078925,27,-87,0.001869,51,2025-09-27 07:05:25.000758,758,1.037,0.0011,"aoml_navis",1030.86667871183
"7901009",86,0,1,0.033642,1,0.011214,1,138.018360029341,1,4.85023812755741,760,1,6.30700016021729,34.8660011291504,0.0336420014500618,0,133.09049987793,-87.0689,26.5195,11.2158569139865,63,63,63,63,61,63,0,7818,1.13366707078925,27,-87,0.001869,51,2025-09-27 07:05:25.000758,760,1.037,0.0011,"aoml_navis",1030.87722056195
"7901009",86,0,1,0.029904,1,0.007476,1,138.137418051257,1,4.85018295493142,762,1,6.28900003433228,34.8660011291504,0.0299040004611015,0,133.205307006836,-87.0689,26.5195,11.2158569139865,63,63,63,63,61,63,0,7818,1.13366707078925,27,-87,0.001869,51,2025-09-27 07:05:25.000758,762,1.037,0.0011,"aoml_navis",1030.88894717183
"7901009",86,0,1,0.029904,1,0.007476,1,138.11148289736,1,4.85012967752787,764,1,6.27899980545044,34.867000579834,0.0299040004611015,0,133.180297851562,-87.0689,26.5195,11.2158569139865,63,63,63,63,61,63,0,7818,1.13366707078925,27,-87,0.001869,51,2025-09-27 07:05:25.000758,764,1.037,0.0011,"aoml_navis",1030.90027121677
"7901009",86,0,1,0.026166,1,0.003738,1,138.284041075058,1,4.85007202066672,766,1,6.26800012588501,34.8689994812012,0.0261659994721413,0,133.346694946289,-87.0689,26.5195,11.2158569139865,63,63,63,63,61,63,0,7818,1.13366707078925,27,-87,0.001869,51,2025-09-27 07:05:25.000758,766,1.037,0.0011,"aoml_navis",1030.91252639021
"7901009",86,0,1,0.031773,1,0.009345,1,138.533550231035,1,4.85002522261028,768,1,6.26200008392334,34.8689994812012,0.0317730009555817,0,133.587295532227,-87.0689,26.5195,11.2158569139865,63,63,63,63,61,63,0,7818,1.13366707078925,27,-87,0.001869,51,2025-09-27 07:05:25.000758,768,1.037,0.0011,"aoml_navis",1030.92247369984
"7901009",86,0,1,0.028035,1,0.005607,1,138.988293643293,1,4.84997793855737,770,1,6.25,34.8680000305176,0.0280349999666214,0,134.025802612305,-87.0689,26.5195,11.2158569139865,63,63,63,63,61,63,0,7818,1.13366707078925,27,-87,0.001869,51,2025-09-27 07:05:25.000758,770,1.037,0.0011,"aoml_navis",1030.93252450696
"7901009",86,0,1,0.029904,1,0.007476,1,139.399790700701,1,4.84991216656188,772,1,6.22200012207031,34.8689994812012,0.0299040004611015,0,134.422607421875,-87.0689,26.5195,11.2158569139865,63,63,63,63,61,63,0,7818,1.13366707078925,27,-87,0.001869,51,2025-09-27 07:05:25.000758,772,1.037,0.0011,"aoml_navis",1030.94650547961
"7901009",86,0,1,0.026166,1,0.003738,1,139.513231285379,1,4.84985566071158,774,1,6.2020001411438,34.8689994812012,0.0261659994721413,0,134.531997680664,-87.0689,26.5195,11.2158569139865,63,63,63,63,61,63,0,7818,1.13366707078925,27,-87,0.001869,51,2025-09-27 07:05:25.000758,774,1.037,0.0011,"aoml_navis",1030.95851707603
"7901009",86,0,1,0.029904,1,0.007476,1,139.625026198303,1,4.84981095608898,776,1,6.19899988174438,34.8689994812012,0.0299040004611015,0,134.639801025391,-87.0689,26.5195,11.2158569139865,63,63,63,63,61,63,0,7818,1.13366707078925,27,-87,0.001869,51,2025-09-27 07:05:25.000758,776,1.037,0.0011,"aoml_navis",1030.96802025292
"7901009",86,0,1,0.028035,1,0.005607,1,139.804230358085,1,4.84976486589942,778,1,6.19399976730347,34.8689994812012,0.0280349999666214,0,134.812606811523,-87.0689,26.5195,11.2158569139865,63,63,63,63,61,63,0,7818,1.13366707078925,27,-87,0.001869,51,2025-09-27 07:05:25.000758,778,1.037,0.0011,"aoml_navis",1030.97781815299
"7901009",86,0,1,0.029904,1,0.007476,1,140.17309818755,1,4.84972016518634,780,1,6.19099998474121,34.8689994812012,0.0299040004611015,0,135.168304443359,-87.0689,26.5195,11.2158569139865,63,63,63,63,61,63,0,7818,1.13366707078925,27,-87,0.001869,51,2025-09-27 07:05:25.000758,780,1.037,0.0011,"aoml_navis",1030.9873208546
"7901009",86,0,1,0.028035,1,0.005607,1,140.782867043815,1,4.84966506485995,782,1,6.1729998588562,34.8689994812012,0.0280349999666214,0,135.756301879883,-87.0689,26.5195,11.2158569139865,63,63,63,63,61,63,0,7818,1.13366707078925,27,-87,0.001869,51,2025-09-27 07:05:25.000758,782,1.037,0.0011,"aoml_navis",1030.99903459919
"7901009",86,0,1,0.028035,1,0.005607,1,141.104864875816,1,4.8496067430141,784,1,6.14499998092651,34.8680000305176,0.0280349999666214,0,136.066802978516,-87.0689,26.5195,11.2158569139865,63,63,63,63,61,63,0,7818,1.13366707078925,27,-87,0.001869,51,2025-09-27 07:05:25.000758,784,1.037,0.0011,"aoml_navis",1031.01143349459
"7901009",86,0,1,0.029904,1,0.007476,1,141.045952991766,1,4.84955005965024,786,1,6.13000011444092,34.8689994812012,0.0299040004611015,0,136.009994506836,-87.0689,26.5195,11.2158569139865,63,63,63,63,61,63,0,7818,1.13366707078925,27,-87,0.001869,51,2025-09-27 07:05:25.000758,786,1.037,0.0011,"aoml_navis",1031.02348434374
"7901009",86,0,1,0.031773,1,0.009345,1,141.075828263613,1,4.84949960271039,788,1,6.12400007247925,34.8699989318848,0.0317730009555817,0,136.038803100586,-87.0689,26.5195,11.2158569139865,63,63,63,63,61,63,0,7818,1.13366707078925,27,-87,0.001869,51,2025-09-27 07:05:25.000758,788,1.037,0.0011,"aoml_navis",1031.03421169588
"7901009",86,0,1,0.035511,1,0.013083,1,141.176514892196,1,4.84945007115586,790,1,6.11399984359741,34.8699989318848,0.0355109982192516,0,136.135894775391,-87.0689,26.5195,11.2158569139865,63,63,63,63,61,63,0,7818,1.13366707078925,27,-87,0.001869,51,2025-09-27 07:05:25.000758,790,1.037,0.0011,"aoml_navis",1031.04474252444
"7901009",86,0,4,0.024297,1,0.001869,1,141.425818339204,1,4.84939616581308,792,1,6.10300016403198,34.8709983825684,0.0242970008403063,0,136.37629699707,-87.0689,26.5195,11.2158569139865,63,63,63,63,61,63,0,7818,1.13366707078925,27,-87,0.001869,51,2025-09-27 07:05:25.000758,792,1.037,0.0011,"aoml_navis",1031.05620350192
"7901009",86,0,1,0.028035,1,0.005607,1,141.68518570194,1,4.8493459517606,794,1,6.09200000762939,34.8709983825684,0.0280349999666214,0,136.626403808594,-87.0689,26.5195,11.2158569139865,63,63,63,63,61,63,0,7818,1.13366707078925,27,-87,0.001869,51,2025-09-27 07:05:25.000758,794,1.037,0.0011,"aoml_navis",1031.06687989227
"7901009",86,0,1,0.033642,1,0.011214,1,141.917067181627,1,4.84929712199488,796,1,6.08300018310547,34.8709983825684,0.0336420014500618,0,136.850006103516,-87.0689,26.5195,11.2158569139865,63,63,63,63,61,63,0,7818,1.13366707078925,27,-87,0.001869,51,2025-09-27 07:05:25.000758,796,1.037,0.0011,"aoml_navis",1031.07726217096
"7901009",86,0,1,0.033642,1,0.011214,1,142.190422754275,1,4.84925243391098,798,1,6.07999992370605,34.8709983825684,0.0336420014500618,0,137.11360168457,-87.0689,26.5195,11.2158569139865,63,63,63,63,61,63,0,7818,1.13366707078925,27,-87,0.001869,51,2025-09-27 07:05:25.000758,798,1.037,0.0011,"aoml_navis",1031.08676402054
"7901009",86,0,1,0.033642,1,0.011214,1,142.648267624839,1,4.84920636783778,800,1,6.07499980926514,34.8709983825684,0.0336420014500618,0,137.555099487305,-87.0689,26.5195,11.2158569139865,63,63,63,63,61,63,0,7818,1.13366707078925,27,-87,0.001869,51,2025-09-27 07:05:25.000758,800,1.037,0.0011,"aoml_navis",1031.09655904982
"7901009",86,0,1,0.028035,1,0.005607,1,143.403536017458,1,4.84916330080175,802,1,6.06899976730347,34.8699989318848,0.0280349999666214,0,138.283401489258,-87.0689,26.5195,11.2158569139865,63,63,63,63,61,63,0,7818,1.13366707078925,27,-87,0.001869,51,2025-09-27 07:05:25.000758,802,1.037,0.0011,"aoml_navis",1031.10571656214
"7901009",86,0,1,0.029904,1,0.007476,1,144.265820545407,1,4.84909725715928,804,1,6.03499984741211,34.8699989318848,0.0299040004611015,0,139.114898681641,-87.0689,26.5195,11.2158569139865,63,63,63,63,61,63,0,7818,1.13366707078925,27,-87,0.001869,51,2025-09-27 07:05:25.000758,804,1.037,0.0011,"aoml_navis",1031.11975999614
"7901009",86,0,1,0.026166,1,0.003738,1,144.687270752174,1,4.84904319296466,806,1,6.01300001144409,34.8689994812012,0.0261659994721413,0,139.521301269531,-87.0689,26.5195,11.2158569139865,63,63,63,63,61,63,0,7818,1.13366707078925,27,-87,0.001869,51,2025-09-27 07:05:25.000758,806,1.037,0.0011,"aoml_navis",1031.13125642072
"7901009",86,0,1,0.026166,1,0.003738,1,145.220721580835,1,4.84898520515683,808,1,5.99599981307983,34.8699989318848,0.0261659994721413,0,140.035705566406,-87.0689,26.5195,11.2158569139865,63,63,63,63,61,63,0,7818,1.13366707078925,27,-87,0.001869,51,2025-09-27 07:05:25.000758,808,1.037,0.0011,"aoml_navis",1031.14358746291
"7901009",86,0,1,0.031773,1,0.009345,1,145.486814044491,1,4.84893871997798,810,1,5.9850001335144,34.8689994812012,0.0317730009555817,0,140.292297363281,-87.0689,26.5195,11.2158569139865,63,63,63,63,61,63,0,7818,1.13366707078925,27,-87,0.001869,51,2025-09-27 07:05:25.000758,810,1.037,0.0011,"aoml_navis",1031.15347269695
"7901009",86,0,1,0.028035,1,0.005607,1,145.881094843545,1,4.84888855146115,812,1,5.97399997711182,34.8689994812012,0.0280349999666214,0,140.672500610352,-87.0689,26.5195,11.2158569139865,63,63,63,63,61,63,0,7818,1.13366707078925,27,-87,0.001869,51,2025-09-27 07:05:25.000758,812,1.037,0.0011,"aoml_navis",1031.16414141821
"7901009",86,0,1,0.026166,1,0.003738,1,146.225277596696,1,4.84883016334717,814,1,5.95100021362305,34.8689994812012,0.0261659994721413,0,141.00439453125,-87.0689,26.5195,11.2158569139865,63,63,63,63,61,63,0,7818,1.13366707078925,27,-87,0.001869,51,2025-09-27 07:05:25.000758,814,1.037,0.0011,"aoml_navis",1031.17655837805
"7901009",86,0,1,0.033642,1,0.011214,1,146.468251536957,1,4.84877632034675,816,1,5.94000005722046,34.8699989318848,0.0336420014500618,0,141.238693237305,-87.0689,26.5195,11.2158569139865,63,63,63,63,61,63,0,7818,1.13366707078925,27,-87,0.001869,51,2025-09-27 07:05:25.000758,816,1.037,0.0011,"aoml_navis",1031.1880090279
"7901009",86,0,1,0.028035,1,0.005607,1,146.73415411541,1,4.84872206382941,818,1,5.9229998588562,34.8699989318848,0.0280349999666214,0,141.495101928711,-87.0689,26.5195,11.2158569139865,63,63,63,63,61,63,0,7818,1.13366707078925,27,-87,0.001869,51,2025-09-27 07:05:25.000758,818,1.037,0.0011,"aoml_navis",1031.19954787656
"7901009",86,0,1,0.029904,1,0.007476,1,146.936998982893,1,4.84866071411957,820,1,5.90100002288818,34.8709983825684,0.0299040004611015,0,141.690704345703,-87.0689,26.5195,11.2158569139865,63,63,63,63,61,63,0,7818,1.13366707078925,27,-87,0.001869,51,2025-09-27 07:05:25.000758,820,1.037,0.0011,"aoml_navis",1031.21259556061
"7901009",86,0,1,0.028035,1,0.005607,1,147.222380618361,1,4.8486068759312,822,1,5.8899998664856,34.8720016479492,0.0280349999666214,0,141.965896606445,-87.0689,26.5195,11.2158569139865,63,63,63,63,61,63,0,7818,1.13366707078925,27,-87,0.001869,51,2025-09-27 07:05:25.000758,822,1.037,0.0011,"aoml_navis",1031.22404598738
"7901009",86,0,1,0.033642,1,0.011214,1,147.719642492194,1,4.84855401441557,824,1,5.875,34.8720016479492,0.0336420014500618,0,142.445404052734,-87.0689,26.5195,11.2158569139865,63,63,63,63,61,63,0,7818,1.13366707078925,27,-87,0.001869,51,2025-09-27 07:05:25.000758,824,1.037,0.0011,"aoml_navis",1031.23528894061
"7901009",86,0,1,0.026166,1,0.003738,1,148.347039024751,1,4.84850116084635,826,1,5.8600001335144,34.8720016479492,0.0261659994721413,0,143.050399780273,-87.0689,26.5195,11.2158569139865,63,63,63,63,61,63,0,7818,1.13366707078925,27,-87,0.001869,51,2025-09-27 07:05:25.000758,826,1.037,0.0011,"aoml_navis",1031.24653044885
"7901009",86,0,1,0.029904,1,0.007476,1,149.011257462811,1,4.8484476338369,828,1,5.8439998626709,34.8720016479492,0.0299040004611015,0,143.690902709961,-87.0689,26.5195,11.2158569139865,63,63,63,63,61,63,0,7818,1.13366707078925,27,-87,0.001869,51,2025-09-27 07:05:25.000758,828,1.037,0.0011,"aoml_navis",1031.25791544193
"7901009",86,0,1,0.029904,1,0.007476,1,149.460494204199,1,4.8483775084205,830,1,5.80900001525879,34.8730010986328,0.0299040004611015,0,144.124099731445,-87.0689,26.5195,11.2158569139865,63,63,63,63,61,63,0,7818,1.13366707078925,27,-87,0.001869,51,2025-09-27 07:05:25.000758,830,1.037,0.0011,"aoml_navis",1031.27283123399
"7901009",86,0,1,0.029904,1,0.007476,1,149.765687195785,1,4.84832507742242,832,1,5.80000019073486,34.8740005493164,0.0299040004611015,0,144.418395996094,-87.0689,26.5195,11.2158569139865,63,63,63,63,61,63,0,7818,1.13366707078925,27,-87,0.001869,51,2025-09-27 07:05:25.000758,832,1.037,0.0011,"aoml_navis",1031.28398367591
"7901009",86,0,1,0.028035,1,0.005607,1,150.234434641722,1,4.8482813830034,834,1,5.79300022125244,34.8730010986328,0.0280349999666214,0,144.870407104492,-87.0689,26.5195,11.2158569139865,63,63,63,63,61,63,0,7818,1.13366707078925,27,-87,0.001869,51,2025-09-27 07:05:25.000758,834,1.037,0.0011,"aoml_navis",1031.29327797031
"7901009",86,0,1,0.028035,1,0.005607,1,150.530291610857,1,4.84821742389662,836,1,5.76700019836426,34.8740005493164,0.0280349999666214,0,145.155700683594,-87.0689,26.5195,11.2158569139865,63,63,63,63,61,63,0,7818,1.13366707078925,27,-87,0.001869,51,2025-09-27 07:05:25.000758,836,1.037,0.0011,"aoml_navis",1031.30688309383
"7901009",86,0,1,0.028035,1,0.005607,1,150.780623602712,1,4.84815890774442,838,1,5.74900007247925,34.875,0.0280349999666214,0,145.397094726562,-87.0689,26.5195,11.2158569139865,63,63,63,63,61,63,0,7818,1.13366707078925,27,-87,0.001869,51,2025-09-27 07:05:25.000758,838,1.037,0.0011,"aoml_navis",1031.31933072842
"7901009",86,0,1,0.028035,1,0.005607,1,150.985747092624,1,4.84810882868773,840,1,5.73799991607666,34.875,0.0280349999666214,0,145.59489440918,-87.0689,26.5195,11.2158569139865,63,63,63,63,61,63,0,7818,1.13366707078925,27,-87,0.001869,51,2025-09-27 07:05:25.000758,840,1.037,0.0011,"aoml_navis",1031.32998385133
"7901009",86,0,1,0.028035,1,0.005607,1,151.163400523253,1,4.84806281456544,842,1,5.73299980163574,34.875,0.0280349999666214,0,145.766204833984,-87.0689,26.5195,11.2158569139865,63,63,63,63,61,63,0,7818,1.13366707078925,27,-87,0.001869,51,2025-09-27 07:05:25.000758,842,1.037,0.0011,"aoml_navis",1031.33977245057
"7901009",86,0,1,0.028035,1,0.005607,1,151.489955600112,1,4.84801206578721,844,1,5.72100019454956,34.875,0.0280349999666214,0,146.081100463867,-87.0689,26.5195,11.2158569139865,63,63,63,63,61,63,0,7818,1.13366707078925,27,-87,0.001869,51,2025-09-27 07:05:25.000758,844,1.037,0.0011,"aoml_navis",1031.35056847019
"7901009",86,0,1,0.031773,1,0.009345,1,151.750873692002,1,4.84795492980519,846,1,5.70499992370605,34.8759994506836,0.0317730009555817,0,146.332702636719,-87.0689,26.5195,11.2158569139865,63,63,63,63,61,63,0,7818,1.13366707078925,27,-87,0.001869,51,2025-09-27 07:05:25.000758,846,1.037,0.0011,"aoml_navis",1031.36272353937
"7901009",86,0,1,0.029904,1,0.007476,1,151.896578937324,1,4.84790351699472,848,1,5.69199991226196,34.8759994506836,0.0299040004611015,0,146.473205566406,-87.0689,26.5195,11.2158569139865,63,63,63,63,61,63,0,7818,1.13366707078925,27,-87,0.001869,51,2025-09-27 07:05:25.000758,848,1.037,0.0011,"aoml_navis",1031.3736613099
"7901009",86,0,1,0.029904,1,0.007476,1,152.071210028481,1,4.8478524733534,850,1,5.68499994277954,34.8769989013672,0.0299040004611015,0,146.6416015625,-87.0689,26.5195,11.2158569139865,63,63,63,63,61,63,0,7818,1.13366707078925,27,-87,0.001869,51,2025-09-27 07:05:25.000758,850,1.037,0.0011,"aoml_navis",1031.38452077139
"7901009",86,0,1,0.028035,1,0.005607,1,152.309927375455,1,4.84780444463739,852,1,5.67700004577637,34.8769989013672,0.0280349999666214,0,146.871795654297,-87.0689,26.5195,11.2158569139865,63,63,63,63,61,63,0,7818,1.13366707078925,27,-87,0.001869,51,2025-09-27 07:05:25.000758,852,1.037,0.0011,"aoml_navis",1031.39473902066
"7901009",86,0,1,0.033642,1,0.011214,1,152.618854776023,1,4.84775304453124,854,1,5.66400003433228,34.8769989013672,0.0336420014500618,0,147.169692993164,-87.0689,26.5195,11.2158569139865,63,63,63,63,61,63,0,7818,1.13366707078925,27,-87,0.001869,51,2025-09-27 07:05:25.000758,854,1.037,0.0011,"aoml_navis",1031.40567476731
"7901009",86,0,1,0.029904,1,0.007476,1,152.971661482116,1,4.84768920215727,856,1,5.63800001144409,34.8779983520508,0.0299040004611015,0,147.509902954102,-87.0689,26.5195,11.2158569139865,63,63,63,63,61,63,0,7818,1.13366707078925,27,-87,0.001869,51,2025-09-27 07:05:25.000758,856,1.037,0.0011,"aoml_navis",1031.41925801987
"7901009",86,0,1,0.031773,1,0.009345,1,153.189016743818,1,4.84764320614277,858,1,5.63299989700317,34.8779983520508,0.0317730009555817,0,147.719497680664,-87.0689,26.5195,11.2158569139865,63,63,63,63,61,63,0,7818,1.13366707078925,27,-87,0.001869,51,2025-09-27 07:05:25.000758,858,1.037,0.0011,"aoml_navis",1031.42904446106
"7901009",86,0,1,0.028035,1,0.005607,1,153.392178086638,1,4.84758947068237,860,1,5.62200021743774,34.8790016174316,0.0280349999666214,0,147.915405273438,-87.0689,26.5195,11.2158569139865,63,63,63,63,61,63,0,7818,1.13366707078925,27,-87,0.001869,51,2025-09-27 07:05:25.000758,860,1.037,0.0011,"aoml_navis",1031.44047783737
"7901009",86,0,1,0.031773,1,0.009345,1,153.486440265872,1,4.84754347872421,862,1,5.61700010299683,34.8790016174316,0.0317730009555817,0,148.006301879883,-87.0689,26.5195,11.2158569139865,63,63,63,63,61,63,0,7818,1.13366707078925,27,-87,0.001869,51,2025-09-27 07:05:25.000758,862,1.037,0.0011,"aoml_navis",1031.45026381814
"7901009",86,0,1,0.033642,1,0.011214,1,153.535288234194,1,4.84749883470203,864,1,5.61399984359741,34.8790016174316,0.0336420014500618,0,148.053405761719,-87.0689,26.5195,11.2158569139865,63,63,63,63,61,63,0,7818,1.13366707078925,27,-87,0.001869,51,2025-09-27 07:05:25.000758,864,1.037,0.0011,"aoml_navis",1031.45976316822
"7901009",86,0,1,0.031773,1,0.009345,1,153.627778151539,1,4.84745351968805,866,1,5.6100001335144,34.8790016174316,0.0317730009555817,0,148.142593383789,-87.0689,26.5195,11.2158569139865,63,63,63,63,61,63,0,7818,1.13366707078925,27,-87,0.001869,51,2025-09-27 07:05:25.000758,866,1.037,0.0011,"aoml_navis",1031.46940547081
"7901009",86,0,1,0.031773,1,0.009345,1,153.615451437149,1,4.84740048073084,868,1,5.59999990463257,34.8800010681152,0.0317730009555817,0,148.130706787109,-87.0689,26.5195,11.2158569139865,63,63,63,63,61,63,0,7818,1.13366707078925,27,-87,0.001869,51,2025-09-27 07:05:25.000758,868,1.037,0.0011,"aoml_navis",1031.48069153266
"7901009",86,0,1,0.029904,1,0.007476,1,153.630373249305,1,4.84735516936467,870,1,5.59600019454956,34.8800010681152,0.0299040004611015,0,148.145095825195,-87.0689,26.5195,11.2158569139865,63,63,63,63,61,63,0,7818,1.13366707078925,27,-87,0.001869,51,2025-09-27 07:05:25.000758,870,1.037,0.0011,"aoml_navis",1031.4903334503
"7901009",86,0,1,0.029904,1,0.007476,1,153.746725407087,1,4.84731120515108,872,1,5.5939998626709,34.8800010681152,0.0299040004611015,0,148.257293701172,-87.0689,26.5195,11.2158569139865,63,63,63,63,61,63,0,7818,1.13366707078925,27,-87,0.001869,51,2025-09-27 07:05:25.000758,872,1.037,0.0011,"aoml_navis",1031.49968887631
"7901009",86,0,1,0.029904,1,0.007476,1,153.825021405551,1,4.84726522444238,874,1,5.58900022506714,34.8800010681152,0.0299040004611015,0,148.332794189453,-87.0689,26.5195,11.2158569139865,63,63,63,63,61,63,0,7818,1.13366707078925,27,-87,0.001869,51,2025-09-27 07:05:25.000758,874,1.037,0.0011,"aoml_navis",1031.50947358677
"7901009",86,0,1,0.031773,1,0.009345,1,153.976233321743,1,4.84721924523711,876,1,5.58400011062622,34.8800010681152,0.0317730009555817,0,148.478607177734,-87.0689,26.5195,11.2158569139865,63,63,63,63,61,63,0,7818,1.13366707078925,27,-87,0.001869,51,2025-09-27 07:05:25.000758,876,1.037,0.0011,"aoml_navis",1031.51925816292
"7901009",86,0,1,0.028035,1,0.005607,1,154.160295377954,1,4.8471739406242,878,1,5.57999992370605,34.8800010681152,0.0280349999666214,0,148.656097412109,-87.0689,26.5195,11.2158569139865,63,63,63,63,61,63,0,7818,1.13366707078925,27,-87,0.001869,51,2025-09-27 07:05:25.000758,878,1.037,0.0011,"aoml_navis",1031.52889936442
"7901009",86,0,1,0.029904,1,0.007476,1,154.336493022032,1,4.84712796501337,880,1,5.57499980926514,34.8800010681152,0.0299040004611015,0,148.82600402832,-87.0689,26.5195,11.2158569139865,63,63,63,63,61,63,0,7818,1.13366707078925,27,-87,0.001869,51,2025-09-27 07:05:25.000758,880,1.037,0.0011,"aoml_navis",1031.53868354416
"7901009",86,0,1,0.029904,1,0.007476,1,154.620118219377,1,4.84708064595113,882,1,5.56799983978271,34.8800010681152,0.0299040004611015,0,149.099502563477,-87.0689,26.5195,11.2158569139865,63,63,63,63,61,63,0,7818,1.13366707078925,27,-87,0.001869,51,2025-09-27 07:05:25.000758,882,1.037,0.0011,"aoml_navis",1031.54875382084
"7901009",86,0,1,0.029904,1,0.007476,1,155.006408016164,1,4.84703601958159,884,1,5.56500005722046,34.8800010681152,0.0299040004611015,0,149.47200012207,-87.0689,26.5195,11.2158569139865,63,63,63,63,61,63,0,7818,1.13366707078925,27,-87,0.001869,51,2025-09-27 07:05:25.000758,884,1.037,0.0011,"aoml_navis",1031.55825122827
"7901009",86,0,1,0.029904,1,0.007476,1,155.589418882655,1,4.84697359170585,886,1,5.54099988937378,34.8810005187988,0.0299040004611015,0,150.034194946289,-87.0689,26.5195,11.2158569139865,63,63,63,63,61,63,0,7818,1.13366707078925,27,-87,0.001869,51,2025-09-27 07:05:25.000758,886,1.037,0.0011,"aoml_navis",1031.57153745504
"7901009",86,0,1,0.033642,1,0.011214,1,155.867141814959,1,4.84692158193257,888,1,5.52699995040894,34.8810005187988,0.0336420014500618,0,150.302001953125,-87.0689,26.5195,11.2158569139865,63,63,63,63,61,63,0,7818,1.13366707078925,27,-87,0.001869,51,2025-09-27 07:05:25.000758,888,1.037,0.0011,"aoml_navis",1031.58260670815
"7901009",86,0,1,0.028035,1,0.005607,1,156.096317430511,1,4.84687427493658,890,1,5.51999998092651,34.8810005187988,0.0280349999666214,0,150.522994995117,-87.0689,26.5195,11.2158569139865,63,63,63,63,61,63,0,7818,1.13366707078925,27,-87,0.001869,51,2025-09-27 07:05:25.000758,890,1.037,0.0011,"aoml_navis",1031.5926752743
"7901009",86,0,1,0.029904,1,0.007476,1,156.3571405798,1,4.84682898287255,892,1,5.51599979400635,34.8810005187988,0.0299040004611015,0,150.774505615234,-87.0689,26.5195,11.2158569139865,63,63,63,63,61,63,0,7818,1.13366707078925,27,-87,0.001869,51,2025-09-27 07:05:25.000758,892,1.037,0.0011,"aoml_navis",1031.60231517735
"7901009",86,0,1,0.029904,1,0.007476,1,156.754317128191,1,4.84678033833688,894,1,5.50699996948242,34.8810005187988,0.0299040004611015,0,151.157501220703,-87.0689,26.5195,11.2158569139865,63,63,63,63,61,63,0,7818,1.13366707078925,27,-87,0.001869,51,2025-09-27 07:05:25.000758,894,1.037,0.0011,"aoml_navis",1031.6126688167
"7901009",86,0,1,0.031773,1,0.009345,1,157.218491505503,1,4.84672197736902,896,1,5.48899984359741,34.8819999694824,0.0317730009555817,0,151.605102539062,-87.0689,26.5195,11.2158569139865,63,63,63,63,61,63,0,7818,1.13366707078925,27,-87,0.001869,51,2025-09-27 07:05:25.000758,896,1.037,0.0011,"aoml_navis",1031.62509080296
"7901009",86,0,1,0.029904,1,0.007476,1,157.671984840178,1,4.84667401104312,898,1,5.48099994659424,34.8819999694824,0.0299040004611015,0,152.042404174805,-87.0689,26.5195,11.2158569139865,63,63,63,63,61,63,0,7818,1.13366707078925,27,-87,0.001869,51,2025-09-27 07:05:25.000758,898,1.037,0.0011,"aoml_navis",1031.63530053961
"7901009",86,0,1,0.029904,1,0.007476,1,158.186241439628,1,4.84661365918091,900,1,5.46000003814697,34.882999420166,0.0299040004611015,0,152.538299560547,-87.0689,26.5195,11.2158569139865,63,63,63,63,61,63,0,7818,1.13366707078925,27,-87,0.001869,51,2025-09-27 07:05:25.000758,900,1.037,0.0011,"aoml_navis",1031.64814685167
"7901009",86,0,1,0.029904,1,0.007476,1,158.575537752119,1,4.84656369431484,902,1,5.44899988174438,34.882999420166,0.0299040004611015,0,152.913696289062,-87.0689,26.5195,11.2158569139865,63,63,63,63,61,63,0,7818,1.13366707078925,27,-87,0.001869,51,2025-09-27 07:05:25.000758,902,1.037,0.0011,"aoml_navis",1031.65878246171
"7901009",86,0,1,0.031773,1,0.009345,1,158.896507039274,1,4.84651440231552,904,1,5.43900012969971,34.882999420166,0.0317730009555817,0,153.223205566406,-87.0689,26.5195,11.2158569139865,63,63,63,63,61,63,0,7818,1.13366707078925,27,-87,0.001869,51,2025-09-27 07:05:25.000758,904,1.037,0.0011,"aoml_navis",1031.66927505903
"7901009",86,0,1,0.029904,1,0.007476,1,159.162504560328,1,4.84646377767227,906,1,5.42700004577637,34.882999420166,0.0299040004611015,0,153.479705810547,-87.0689,26.5195,11.2158569139865,63,63,63,63,61,63,0,7818,1.13366707078925,27,-87,0.001869,51,2025-09-27 07:05:25.000758,906,1.037,0.0011,"aoml_navis",1031.68005155327
"7901009",86,0,1,0.029904,1,0.007476,1,159.281546758478,1,4.8464054668988,908,1,5.40899991989136,34.8839988708496,0.0299040004611015,0,153.594497680664,-87.0689,26.5195,11.2158569139865,63,63,63,63,61,63,0,7818,1.13366707078925,27,-87,0.001869,51,2025-09-27 07:05:25.000758,908,1.037,0.0011,"aoml_navis",1031.69246447708
"7901009",86,0,1,0.028035,1,0.005607,1,159.400604780394,1,4.84635316904223,910,1,5.40000009536743,34.8849983215332,0.0280349999666214,0,153.70930480957,-87.0689,26.5195,11.2158569139865,63,63,63,63,61,63,0,7818,1.13366707078925,27,-87,0.001869,51,2025-09-27 07:05:25.000758,910,1.037,0.0011,"aoml_navis",1031.70359765344
"7901009",86,0,1,0.026166,1,0.003738,1,159.639638602705,1,4.84631224867626,912,1,5.39699983596802,34.8839988708496,0.0261659994721413,0,153.939804077148,-87.0689,26.5195,11.2158569139865,63,63,63,63,61,63,0,7818,1.13366707078925,27,-87,0.001869,51,2025-09-27 07:05:25.000758,912,1.037,0.0011,"aoml_navis",1031.71230895527
"7901009",86,0,1,0.029904,1,0.007476,1,159.950021789824,1,4.84626262329822,914,1,5.39200019836426,34.8849983215332,0.0299040004611015,0,154.239105224609,-87.0689,26.5195,11.2158569139865,63,63,63,63,61,63,0,7818,1.13366707078925,27,-87,0.001869,51,2025-09-27 07:05:25.000758,914,1.037,0.0011,"aoml_navis",1031.72287361454
"7901009",86,0,1,0.026166,1,0.003738,1,160.265484406109,1,4.84621268505823,916,1,5.38100004196167,34.8849983215332,0.0261659994721413,0,154.543304443359,-87.0689,26.5195,11.2158569139865,63,63,63,63,61,63,0,7818,1.13366707078925,27,-87,0.001869,51,2025-09-27 07:05:25.000758,916,1.037,0.0011,"aoml_navis",1031.73350509686
"7901009",86,0,1,0.028035,1,0.005607,1,160.551071750546,1,4.84616674984932,918,1,5.37599992752075,34.8849983215332,0.0280349999666214,0,154.818695068359,-87.0689,26.5195,11.2158569139865,63,63,63,63,61,63,0,7818,1.13366707078925,27,-87,0.001869,51,2025-09-27 07:05:25.000758,918,1.037,0.0011,"aoml_navis",1031.7432845569
"7901009",86,0,1,0.028035,1,0.005607,1,160.823398778348,1,4.84611748453327,920,1,5.36600017547607,34.8849983215332,0.0280349999666214,0,155.081298828125,-87.0689,26.5195,11.2158569139865,63,63,63,63,61,63,0,7818,1.13366707078925,27,-87,0.001869,51,2025-09-27 07:05:25.000758,920,1.037,0.0011,"aoml_navis",1031.75377319222
"7901009",86,0,1,0.031773,1,0.009345,1,161.10153312859,1,4.84606119259976,922,1,5.35099983215332,34.8860015869141,0.0317730009555817,0,155.349502563477,-87.0689,26.5195,11.2158569139865,63,63,63,63,61,63,0,7818,1.13366707078925,27,-87,0.001869,51,2025-09-27 07:05:25.000758,922,1.037,0.0011,"aoml_navis",1031.76575806251
"7901009",86,0,1,0.031773,1,0.009345,1,161.264343865897,1,4.8460152640018,924,1,5.34600019454956,34.8860015869141,0.0317730009555817,0,155.506500244141,-87.0689,26.5195,11.2158569139865,63,63,63,63,61,63,0,7818,1.13366707078925,27,-87,0.001869,51,2025-09-27 07:05:25.000758,924,1.037,0.0011,"aoml_navis",1031.77553672644
"7901009",86,0,1,0.028035,1,0.005607,1,161.451428261579,1,4.8459673399785,926,1,5.33799982070923,34.8860015869141,0.0280349999666214,0,155.686904907227,-87.0689,26.5195,11.2158569139865,63,63,63,63,61,63,0,7818,1.13366707078925,27,-87,0.001869,51,2025-09-27 07:05:25.000758,926,1.037,0.0011,"aoml_navis",1031.78574043427
"7901009",86,0,1,0.029904,1,0.007476,1,161.589759631541,1,4.84591440223862,928,1,5.32800006866455,34.8870010375977,0.0299040004611015,0,155.820297241211,-87.0689,26.5195,11.2158569139865,63,63,63,63,61,63,0,7818,1.13366707078925,27,-87,0.001869,51,2025-09-27 07:05:25.000758,928,1.037,0.0011,"aoml_navis",1031.79701186843
"7901009",86,0,1,0.033642,1,0.011214,1,161.696364348932,1,4.84586980957362,930,1,5.32499980926514,34.8870010375977,0.0336420014500618,0,155.923095703125,-87.0689,26.5195,11.2158569139865,63,63,63,63,61,63,0,7818,1.13366707078925,27,-87,0.001869,51,2025-09-27 07:05:25.000758,930,1.037,0.0011,"aoml_navis",1031.80650667128
"7901009",86,0,1,0.031773,1,0.009345,1,161.818745361891,1,4.84582455379144,932,1,5.32100009918213,34.8870010375977,0.0317730009555817,0,156.041107177734,-87.0689,26.5195,11.2158569139865,63,63,63,63,61,63,0,7818,1.13366707078925,27,-87,0.001869,51,2025-09-27 07:05:25.000758,932,1.037,0.0011,"aoml_navis",1031.81614284569
"7901009",86,0,1,0.033642,1,0.011214,1,161.958010334098,1,4.84577796912566,934,1,5.31500005722046,34.8870010375977,0.0336420014500618,0,156.175399780273,-87.0689,26.5195,11.2158569139865,63,63,63,63,61,63,0,7818,1.13366707078925,27,-87,0.001869,51,2025-09-27 07:05:25.000758,934,1.037,0.0011,"aoml_navis",1031.82606216317
"7901009",86,0,1,0.033642,1,0.011214,1,162.103921288389,1,4.84573138642135,936,1,5.30900001525879,34.8870010375977,0.0336420014500618,0,156.316101074219,-87.0689,26.5195,11.2158569139865,63,63,63,63,61,63,0,7818,1.13366707078925,27,-87,0.001869,51,2025-09-27 07:05:25.000758,936,1.037,0.0011,"aoml_navis",1031.83598125372
"7901009",86,0,1,0.029904,1,0.007476,1,162.447692623601,1,4.8456784603056,938,1,5.29899978637695,34.8880004882812,0.0299040004611015,0,156.647598266602,-87.0689,26.5195,11.2158569139865,63,63,63,63,61,63,0,7818,1.13366707078925,27,-87,0.001869,51,2025-09-27 07:05:25.000758,938,1.037,0.0011,"aoml_navis",1031.84725131033
"7901009",86,0,1,0.028035,1,0.005607,1,162.583444719563,1,4.84563121741215,940,1,5.29199981689453,34.8880004882812,0.0280349999666214,0,156.778503417969,-87.0689,26.5195,11.2158569139865,63,63,63,63,61,63,0,7818,1.13366707078925,27,-87,0.001869,51,2025-09-27 07:05:25.000758,940,1.037,0.0011,"aoml_navis",1031.85731139282
"7901009",86,0,1,0.029904,1,0.007476,1,162.661329300088,1,4.84558597050922,942,1,5.28800010681152,34.8880004882812,0.0299040004611015,0,156.853607177734,-87.0689,26.5195,11.2158569139865,63,63,63,63,61,63,0,7818,1.13366707078925,27,-87,0.001869,51,2025-09-27 07:05:25.000758,942,1.037,0.0011,"aoml_navis",1031.86694662535
"7901009",86,0,1,0.033642,1,0.011214,1,162.763360948855,1,4.84554072504276,944,1,5.28399991989136,34.8880004882812,0.0336420014500618,0,156.951995849609,-87.0689,26.5195,11.2158569139865,63,63,63,63,61,63,0,7818,1.13366707078925,27,-87,0.001869,51,2025-09-27 07:05:25.000758,944,1.037,0.0011,"aoml_navis",1031.87658173193
"7901009",86,0,1,0.028035,1,0.005607,1,162.95148971315,1,4.84549614623151,946,1,5.2810001373291,34.8880004882812,0.0280349999666214,0,157.133407592773,-87.0689,26.5195,11.2158569139865,63,63,63,63,61,63,0,7818,1.13366707078925,27,-87,0.001869,51,2025-09-27 07:05:25.000758,946,1.037,0.0011,"aoml_navis",1031.88607504902
"7901009",86,0,1,0.028035,1,0.005607,1,163.184083262346,1,4.84545023968575,948,1,5.27600002288818,34.8880004882812,0.0280349999666214,0,157.357696533203,-87.0689,26.5195,11.2158569139865,63,63,63,63,61,63,0,7818,1.13366707078925,27,-87,0.001869,51,2025-09-27 07:05:25.000758,948,1.037,0.0011,"aoml_navis",1031.89585129746
"7901009",86,0,1,0.028035,1,0.005607,1,163.479956055248,1,4.84540367046244,950,1,5.26999998092651,34.8880004882812,0.0280349999666214,0,157.643005371094,-87.0689,26.5195,11.2158569139865,63,63,63,63,61,63,0,7818,1.13366707078925,27,-87,0.001869,51,2025-09-27 07:05:25.000758,950,1.037,0.0011,"aoml_navis",1031.90576885884
"7901009",86,0,1,0.031773,1,0.009345,1,163.671281220451,1,4.84535142506199,952,1,5.26100015640259,34.8889999389648,0.0317730009555817,0,157.827499389648,-87.0689,26.5195,11.2158569139865,63,63,63,63,61,63,0,7818,1.13366707078925,27,-87,0.001869,51,2025-09-27 07:05:25.000758,952,1.037,0.0011,"aoml_navis",1031.91689546771
"7901009",86,0,1,0.028035,1,0.005607,1,163.923796892134,1,4.84530685269512,954,1,5.25799989700317,34.8889999389648,0.0280349999666214,0,158.070999145508,-87.0689,26.5195,11.2158569139865,63,63,63,63,61,63,0,7818,1.13366707078925,27,-87,0.001869,51,2025-09-27 07:05:25.000758,954,1.037,0.0011,"aoml_navis",1031.9263881541
"7901009",86,0,1,0.028035,1,0.005607,1,164.240604528602,1,4.84525962527521,956,1,5.25099992752075,34.8889999389648,0.0280349999666214,0,158.376495361328,-87.0689,26.5195,11.2158569139865,63,63,63,63,61,63,0,7818,1.13366707078925,27,-87,0.001869,51,2025-09-27 07:05:25.000758,956,1.037,0.0011,"aoml_navis",1031.93644648423
"7901009",86,0,1,0.029904,1,0.007476,1,164.500177600308,1,4.84521173612908,958,1,5.24300003051758,34.8889999389648,0.0299040004611015,0,158.626800537109,-87.0689,26.5195,11.2158569139865,63,63,63,63,61,63,0,7818,1.13366707078925,27,-87,0.001869,51,2025-09-27 07:05:25.000758,958,1.037,0.0011,"aoml_navis",1031.9466459467
"7901009",86,0,1,0.031773,1,0.009345,1,164.860342357995,1,4.84516451327901,960,1,5.23600006103516,34.8889999389648,0.0317730009555817,0,158.974105834961,-87.0689,26.5195,11.2158569139865,63,63,63,63,61,63,0,7818,1.13366707078925,27,-87,0.001869,51,2025-09-27 07:05:25.000758,960,1.037,0.0011,"aoml_navis",1031.95670369843
"7901009",86,0,1,0.029904,1,0.007476,1,165.231694518857,1,4.84510830003402,962,1,5.22100019454956,34.8899993896484,0.0299040004611015,0,159.33219909668,-87.0689,26.5195,11.2158569139865,63,63,63,63,61,63,0,7818,1.13366707078925,27,-87,0.001869,51,2025-09-27 07:05:25.000758,962,1.037,0.0011,"aoml_navis",1031.96867652368
"7901009",86,0,1,0.028035,1,0.005607,1,165.542489123916,1,4.84505909359546,964,1,5.21099996566772,34.8899993896484,0.0280349999666214,0,159.631896972656,-87.0689,26.5195,11.2158569139865,63,63,63,63,61,63,0,7818,1.13366707078925,27,-87,0.001869,51,2025-09-27 07:05:25.000758,964,1.037,0.0011,"aoml_navis",1031.97915720148
"7901009",86,0,1,0.028035,1,0.005607,1,165.846131386349,1,4.84500989104291,966,1,5.20100021362305,34.8899993896484,0.0280349999666214,0,159.924697875977,-87.0689,26.5195,11.2158569139865,63,63,63,63,61,63,0,7818,1.13366707078925,27,-87,0.001869,51,2025-09-27 07:05:25.000758,966,1.037,0.0011,"aoml_navis",1031.98963726444
"7901009",86,0,1,0.029904,1,0.007476,1,166.212404118048,1,4.84495435760934,968,1,5.18699979782104,34.890998840332,0.0299040004611015,0,160.277893066406,-87.0689,26.5195,11.2158569139865,63,63,63,63,61,63,0,7818,1.13366707078925,27,-87,0.001869,51,2025-09-27 07:05:25.000758,968,1.037,0.0011,"aoml_navis",1032.00146605038
"7901009",86,0,1,0.033642,1,0.011214,1,166.426562978842,1,4.8449001549231,970,1,5.17500019073486,34.8919982910156,0.0336420014500618,0,160.484405517578,-87.0689,26.5195,11.2158569139865,63,63,63,63,61,63,0,7818,1.13366707078925,27,-87,0.001869,51,2025-09-27 07:05:25.000758,970,1.037,0.0011,"aoml_navis",1032.01301164469
"7901009",86,0,1,0.029904,1,0.007476,1,166.531300491742,1,4.8448562579139,972,1,5.1729998588562,34.8919982910156,0.0299040004611015,0,160.585403442383,-87.0689,26.5195,11.2158569139865,63,63,63,63,61,63,0,7818,1.13366707078925,27,-87,0.001869,51,2025-09-27 07:05:25.000758,972,1.037,0.0011,"aoml_navis",1032.02236223885
"7901009",86,0,1,0.026166,1,0.003738,1,166.772612936482,1,4.84481103942267,974,1,5.16900014877319,34.8919982910156,0.0261659994721413,0,160.818099975586,-87.0689,26.5195,11.2158569139865,63,63,63,63,61,63,0,7818,1.13366707078925,27,-87,0.001869,51,2025-09-27 07:05:25.000758,974,1.037,0.0011,"aoml_navis",1032.03199450186
"7901009",86,0,1,0.028035,1,0.005607,1,166.934395128943,1,4.84476714610682,976,1,5.16699981689453,34.8919982910156,0.0280349999666214,0,160.974105834961,-87.0689,26.5195,11.2158569139865,63,63,63,63,61,63,0,7818,1.13366707078925,27,-87,0.001869,51,2025-09-27 07:05:25.000758,976,1.037,0.0011,"aoml_navis",1032.04134465326
"7901009",86,99999,9,99999,9,99999,9,167.168650173659,1,4.84472325505337,978,1,5.16499996185303,34.8919982910156,99999,99999,161.199996948242,-87.0689,26.5195,11.2158569139865,63,63,63,63,61,63,0,7818,1.13366707078925,27,-87,0.001869,51,2025-09-27 07:05:25.000758,978,1.037,0.0011,"aoml_navis",1032.05069449213
"7901009",86,0,1,0.029904,1,0.007476,1,171.317689317801,1,4.84421380784114,999.299987792969,1,5.09119987487793,34.8940010070801,0.0299040004611015,0,165.200897216797,-87.0689,26.5195,11.2158569139865,63,63,63,63,61,63,0,7818,1.13366707078925,27,-87,0.001869,51,2025-09-27 07:05:25.000758,999.299987792969,1.037,0.0011,"aoml_navis",1032.15923126818
"7901009",86,0,4,0.022428,1,0,1,178.354645034222,1,4.84299454130854,1048.69995117188,1,4.8798999786377,34.9020004272461,0.0224280003458261,0,171.986602783203,-87.0689,26.5195,11.2158569139865,63,63,63,63,61,63,0,7818,1.13366707078925,27,-87,0.001869,51,2025-09-27 07:05:25.000758,1048.69995117188,1.037,0.0011,"aoml_navis",1032.41908644585
"7901009",86,0,1,0.029904,1,0.007476,1,183.938820714474,1,4.84179335637693,1099.40002441406,1,4.72489976882935,34.9080009460449,0.0299040004611015,0,177.371398925781,-87.0689,26.5195,11.2158569139865,63,63,63,63,61,63,0,7818,1.13366707078925,27,-87,0.001869,51,2025-09-27 07:05:25.000758,1099.40002441406,1.037,0.0011,"aoml_navis",1032.67521597441
"7901009",86,0,1,0.031773,1,0.009345,1,189.07728835335,1,4.84063718313121,1149.09997558594,1,4.60449981689453,34.9140014648438,0.0317730009555817,0,182.326400756836,-87.0689,26.5195,11.2158569139865,63,63,63,63,61,63,0,7818,1.13366707078925,27,-87,0.001869,51,2025-09-27 07:05:25.000758,1149.09997558594,1.037,0.0011,"aoml_navis",1032.92186768803
"7901009",86,0,1,0.026166,1,0.003738,1,192.814735497483,1,4.83950179954446,1199.19995117188,1,4.51039981842041,34.9169998168945,0.0261659994721413,0,185.930404663086,-87.0689,26.5195,11.2158569139865,63,63,63,63,61,63,0,7818,1.13366707078925,27,-87,0.001869,51,2025-09-27 07:05:25.000758,1199.19995117188,1.037,0.0011,"aoml_navis",1033.16419894103
"7901009",86,0,1,0.029904,1,0.007476,1,195.336474280666,1,4.83841662484404,1248.30004882812,1,4.46470022201538,34.9210014343262,0.0299040004611015,0,188.362106323242,-87.0689,26.5195,11.2158569139865,63,63,63,63,61,63,0,7818,1.13366707078925,27,-87,0.001869,51,2025-09-27 07:05:25.000758,1248.30004882812,1.037,0.0011,"aoml_navis",1033.39592012938
"7901009",86,0,1,0.024297,1,0.001869,1,196.983269522406,1,4.83729753661837,1299.5,1,4.41079998016357,34.9210014343262,0.0242970008403063,0,189.950103759766,-87.0689,26.5195,11.2158569139865,63,63,63,63,61,63,0,7818,1.13366707078925,27,-87,0.001869,51,2025-09-27 07:05:25.000758,1299.5,1.037,0.0011,"aoml_navis",1033.63499188338
"7901009",86,0,1,0.028035,1,0.005607,1,198.987840133035,1,4.83621575357735,1349,1,4.3737998008728,34.923999786377,0.0280349999666214,0,191.883102416992,-87.0689,26.5195,11.2158569139865,63,63,63,63,61,63,0,7818,1.13366707078925,27,-87,0.001869,51,2025-09-27 07:05:25.000758,1349,1.037,0.0011,"aoml_navis",1033.86619926985
"7901009",86,0,1,0.026166,1,0.003738,1,200.106786159586,1,4.83513734046918,1399.09997558594,1,4.34800004959106,34.9249992370605,0.0261659994721413,0,192.962097167969,-87.0689,26.5195,11.2158569139865,63,63,63,63,61,63,0,7818,1.13366707078925,27,-87,0.001869,51,2025-09-27 07:05:25.000758,1399.09997558594,1.037,0.0011,"aoml_navis",1034.09678938196
"7901009",86,0,1,0.028035,1,0.005607,1,201.343128712532,1,4.83405500021463,1449.59997558594,1,4.32690000534058,34.9259986877441,0.0280349999666214,0,194.154296875,-87.0689,26.5195,11.2158569139865,63,63,63,63,61,63,0,7818,1.13366707078925,27,-87,0.001869,51,2025-09-27 07:05:25.000758,1449.59997558594,1.037,0.0011,"aoml_navis",1034.32832265624
"7901009",86,0,1,0.024297,1,0.001869,1,202.107416652266,1,4.83300595385362,1499.19995117188,1,4.31960010528564,34.9259986877441,0.0242970008403063,0,194.891296386719,-87.0689,26.5195,11.2158569139865,63,63,63,63,61,63,0,7818,1.13366707078925,27,-87,0.001869,51,2025-09-27 07:05:25.000758,1499.19995117188,1.037,0.0011,"aoml_navis",1034.55283269685
"7901009",86,0,1,0.029904,1,0.007476,1,202.852114768617,1,4.83194367985223,1549.30004882812,1,4.31150007247925,34.9269981384277,0.0299040004611015,0,195.609405517578,-87.0689,26.5195,11.2158569139865,63,63,63,63,61,63,0,7818,1.13366707078925,27,-87,0.001869,51,2025-09-27 07:05:25.000758,1549.30004882812,1.037,0.0011,"aoml_navis",1034.78027296728
"7901009",86,0,1,0.029904,1,0.007476,1,203.217343131702,1,4.83089427096094,1598.90002441406,1,4.30469989776611,34.9280014038086,0.0299040004611015,0,195.96159362793,-87.0689,26.5195,11.2158569139865,63,63,63,63,61,63,0,7818,1.13366707078925,27,-87,0.001869,51,2025-09-27 07:05:25.000758,1598.90002441406,1.037,0.0011,"aoml_navis",1035.00505694268
"7901009",86,0,1,0.033642,1,0.011214,1,203.68805272473,1,4.82982899292339,1649.5,1,4.29780006408691,34.9280014038086,0.0336420014500618,0,196.415496826172,-87.0689,26.5195,11.2158569139865,63,63,63,63,61,63,0,7818,1.13366707078925,27,-87,0.001869,51,2025-09-27 07:05:25.000758,1649.5,1.037,0.0011,"aoml_navis",1035.23334000561
"7901009",86,0,1,0.028035,1,0.005607,1,204.201486488302,1,4.82878061281589,1699.30004882812,1,4.29419994354248,34.9290008544922,0.0280349999666214,0,196.910598754883,-87.0689,26.5195,11.2158569139865,63,63,63,63,61,63,0,7818,1.13366707078925,27,-87,0.001869,51,2025-09-27 07:05:25.000758,1699.30004882812,1.037,0.0011,"aoml_navis",1035.45810027684
"7901009",86,0,1,0.028035,1,0.005607,1,204.746551961844,1,4.82772275399996,1749.59997558594,1,4.28980016708374,34.9300003051758,0.0280349999666214,0,197.43620300293,-87.0689,26.5195,11.2158569139865,63,63,63,63,61,63,0,7818,1.13366707078925,27,-87,0.001869,51,2025-09-27 07:05:25.000758,1749.59997558594,1.037,0.0011,"aoml_navis",1035.68499161583
"7901009",86,0,1,0.022428,1,0,1,204.939950040507,1,4.82668161737606,1799.40002441406,1,4.28700017929077,34.9300003051758,0.0224280003458261,0,197.622695922852,-87.0689,26.5195,11.2158569139865,63,63,63,63,61,63,0,7818,1.13366707078925,27,-87,0.001869,51,2025-09-27 07:05:25.000758,1799.40002441406,1.037,0.0011,"aoml_navis",1035.90839346022
"7901009",86,0,1,0.029904,1,0.007476,1,205.141861305745,1,4.82564287884523,1849.30004882812,1,4.28840017318726,34.9300003051758,0.0299040004611015,0,197.817398071289,-87.0689,26.5195,11.2158569139865,63,63,63,63,61,63,0,7818,1.13366707078925,27,-87,0.001869,51,2025-09-27 07:05:25.000758,1849.30004882812,1.037,0.0011,"aoml_navis",1036.13137679937
"7901009",86,0,1,0.03738,1,0.014952,1,205.361305304673,1,4.82459832265797,1899.5,1,4.28819990158081,34.9300003051758,0.0373799987137318,0,198.029006958008,-87.0689,26.5195,11.2158569139865,63,63,63,63,61,63,0,7818,1.13366707078925,27,-87,0.001869,51,2025-09-27 07:05:25.000758,1899.5,1.037,0.0011,"aoml_navis",1036.35570582494
"7901009",86,0,1,0.026166,1,0.003738,1,205.613915918957,1,4.82357686973783,1948.69995117188,1,4.2891001701355,34.9300003051758,0.0261659994721413,0,198.272598266602,-87.0689,26.5195,11.2158569139865,63,63,63,63,61,63,0,7818,1.13366707078925,27,-87,0.001869,51,2025-09-27 07:05:25.000758,1948.69995117188,1.037,0.0011,"aoml_navis",1036.57516714806
"7901009",86,0,1,0.026166,1,0.003738,1,205.580211295528,1,4.82253811579492,1998.80004882812,1,4.28980016708374,34.9300003051758,0.0261659994721413,0,198.240097045898,-87.0689,26.5195,11.2158569139865,63,63,63,63,61,63,0,7818,1.13366707078925,27,-87,0.001869,51,2025-09-27 07:05:25.000758,1998.80004882812,1.037,0.0011,"aoml_navis",1036.79844097527
"7901009",87,0.0448138411639582,5,0.065415,1,0.042987,1,192.371336642147,1,4.88800317061706,2,1,29.5,36.3429985046387,0.0654150024056435,0.530763924121857,185.502807617188,-87.2831,26.4338,53.5408383279193,63,63,63,63,61,63,0.059808,8046,1.33458767306251,26,-87,0.001869,51,2025-10-02 13:42:18.001455,2,1.037,0.0011,"aoml_navis",1022.91259344024
"7901009",87,0.0448138411639582,5,0.054201,1,0.031773,1,192.35742754886,1,4.88796238802499,4,1,29.5,36.3429985046387,0.0542009994387627,0.530763924121857,185.489395141602,-87.2831,26.4338,53.5408383279193,63,63,63,63,61,63,0.059808,8046,1.33458767306251,26,-87,0.001869,51,2025-10-02 13:42:18.001455,4,1.037,0.0011,"aoml_navis",1022.92112808591
"7901009",87,0.0448138411639582,5,0.05607,1,0.033642,1,192.369564379976,1,4.8879216077676,6,1,29.5,36.3429985046387,0.0560699999332428,0.530763924121857,185.501098632812,-87.2831,26.4338,53.5408383279193,63,63,63,63,61,63,0.059808,8046,1.33458767306251,26,-87,0.001869,51,2025-10-02 13:42:18.001455,6,1.037,0.0011,"aoml_navis",1022.9296623854
"7901009",87,0.0448138411639582,5,0.059808,1,0.03738,1,192.333375419399,1,4.8878808298447,8,1,29.5,36.3429985046387,0.0598080009222031,0.530763924121857,185.466201782227,-87.2831,26.4338,53.5408383279193,63,63,63,63,61,63,0.059808,8046,1.33458767306251,26,-87,0.001869,51,2025-10-02 13:42:18.001455,8,1.037,0.0011,"aoml_navis",1022.93819633873
"7901009",87,0.0448138411639582,5,0.067284,1,0.044856,1,192.289511930671,1,4.88784005425605,10,1,29.5,36.3429985046387,0.0672840029001236,0.530763924121857,185.423904418945,-87.2831,26.4338,53.5408383279193,63,63,63,63,61,63,0.059808,8046,1.33458767306251,26,-87,0.001869,51,2025-10-02 13:42:18.001455,10,1.037,0.0011,"aoml_navis",1022.94672994594
"7901009",87,0.0448138411639582,5,0.069153,1,0.046725,1,192.311396203727,1,4.88779928100145,12,1,29.5,36.3429985046387,0.0691530033946037,0.530763924121857,185.445007324219,-87.2831,26.4338,53.5408383279193,63,63,63,63,61,63,0.059808,8046,1.33458767306251,26,-87,0.001869,51,2025-10-02 13:42:18.001455,12,1.037,0.0011,"aoml_navis",1022.95526320704
"7901009",87,0.0448138411639582,5,0.063546,1,0.041118,1,192.312630457739,1,4.88776013151475,14,1,29.5009994506836,36.3429985046387,0.0635460019111633,0.530763924121857,185.446197509766,-87.2831,26.4338,53.5408383279193,63,63,63,63,61,63,0.059808,8046,1.33458767306251,26,-87,0.001869,51,2025-10-02 13:42:18.001455,14,1.037,0.0011,"aoml_navis",1022.96345677063
"7901009",87,0.0448138411639582,5,0.069153,1,0.046725,1,192.353598196669,1,4.88771936297169,16,1,29.5009994506836,36.3429985046387,0.0691530033946037,0.530763924121857,185.485702514648,-87.2831,26.4338,53.5408383279193,63,63,63,63,61,63,0.059808,8046,1.33458767306251,26,-87,0.001869,51,2025-10-02 13:42:18.001455,16,1.037,0.0011,"aoml_navis",1022.9719893247
"7901009",87,0.0448138411639582,5,0.072891,1,0.050463,1,192.29698074982,1,4.88768022141444,18,1,29.5020008087158,36.3429985046387,0.0728909969329834,0.530763924121857,185.431106567383,-87.2831,26.4338,53.5408383279193,63,63,63,63,61,63,0.059808,8046,1.33458767306251,26,-87,0.001869,51,2025-10-02 13:42:18.001455,18,1.037,0.0011,"aoml_navis",1022.98018149662
"7901009",87,0.0448138411639582,5,0.076629,1,0.054201,1,192.365829970402,1,4.88763783288555,20,1,29.5009994506836,36.3429985046387,0.0766289979219437,0.530763924121857,185.497497558594,-87.2831,26.4338,53.5408383279193,63,63,63,63,61,63,0.059808,8046,1.33458767306251,26,-87,0.001869,51,2025-10-02 13:42:18.001455,20,1.037,0.0011,"aoml_navis",1022.98905339476
"7901009",87,0.0448138411639582,5,0.076629,1,0.054201,1,192.366763572795,1,4.88759707134205,22,1,29.5009994506836,36.3429985046387,0.0766289979219437,0.530763924121857,185.498397827148,-87.2831,26.4338,53.5408383279193,63,63,63,63,61,63,0.059808,8046,1.33458767306251,26,-87,0.001869,51,2025-10-02 13:42:18.001455,22,1.037,0.0011,"aoml_navis",1022.9975849108
"7901009",87,0.0448138411639582,5,0.078498,1,0.05607,1,192.354009614673,1,4.8875563121313,24,1,29.5009994506836,36.3429985046387,0.0784979984164238,0.530763924121857,185.486099243164,-87.2831,26.4338,53.5408383279193,63,63,63,63,61,63,0.059808,8046,1.33458767306251,26,-87,0.001869,51,2025-10-02 13:42:18.001455,24,1.037,0.0011,"aoml_navis",1023.00611608087
"7901009",87,0.0448138411639582,5,0.078498,1,0.05607,1,192.350480914101,1,4.88751393355455,26,1,29.5,36.3429985046387,0.0784979984164238,0.530763924121857,185.482696533203,-87.2831,26.4338,53.5408383279193,63,63,63,63,61,63,0.059808,8046,1.33458767306251,26,-87,0.001869,51,2025-10-02 13:42:18.001455,26,1.037,0.0011,"aoml_navis",1023.01498634576
"7901009",87,0.0448138411639582,5,0.084105,1,0.061677,1,192.388853554853,1,4.88747155725754,28,1,29.4990005493164,36.3429985046387,0.0841049998998642,0.530763924121857,185.51969909668,-87.2831,26.4338,53.5408383279193,63,63,63,63,61,63,0.059808,8046,1.33458767306251,26,-87,0.001869,51,2025-10-02 13:42:18.001455,28,1.037,0.0011,"aoml_navis",1023.02385628728
"7901009",87,0.0448138411639582,5,0.078498,1,0.05607,1,192.330463845832,1,4.88743438949351,30,1,29.4990005493164,36.3419990539551,0.0784979984164238,0.530763924121857,185.463394165039,-87.2831,26.4338,53.5408383279193,63,63,63,63,61,63,0.059808,8046,1.33458767306251,26,-87,0.001869,51,2025-10-02 13:42:18.001455,30,1.037,0.0011,"aoml_navis",1023.03163613786
"7901009",87,0.0448138411639582,5,0.078498,1,0.05607,1,192.344673590738,1,4.88739005498566,32,1,29.4990005493164,36.3429985046387,0.0784979984164238,0.530763924121857,185.477096557617,-87.2831,26.4338,53.5408383279193,63,63,63,63,61,63,0.059808,8046,1.33458767306251,26,-87,0.001869,51,2025-10-02 13:42:18.001455,32,1.037,0.0011,"aoml_navis",1023.04091626562
"7901009",87,0.0448138411639582,5,0.085974,1,0.063546,1,192.209443657597,1,4.88735417606698,34,1,29.5020008087158,36.3429985046387,0.0859740003943443,0.530763924121857,185.346694946289,-87.2831,26.4338,53.5408383279193,63,63,63,63,61,63,0.059808,8046,1.33458767306251,26,-87,0.001869,51,2025-10-02 13:42:18.001455,34,1.037,0.0011,"aoml_navis",1023.04842658726
"7901009",87,0.0448138411639582,5,0.080367,1,0.057939,1,192.186420073146,1,4.8873118058427,36,1,29.5009994506836,36.3429985046387,0.0803669989109039,0.530763924121857,185.324493408203,-87.2831,26.4338,53.5408383279193,63,63,63,63,61,63,0.059808,8046,1.33458767306251,26,-87,0.001869,51,2025-10-02 13:42:18.001455,36,1.037,0.0011,"aoml_navis",1023.05729583748
"7901009",87,0.0448138411639582,5,0.078498,1,0.05607,1,192.258196691064,1,4.88727106295525,38,1,29.5009994506836,36.3429985046387,0.0784979984164238,0.530763924121857,185.393707275391,-87.2831,26.4338,53.5408383279193,63,63,63,63,61,63,0.059808,8046,1.33458767306251,26,-87,0.001869,51,2025-10-02 13:42:18.001455,38,1.037,0.0011,"aoml_navis",1023.06582458649
"7901009",87,0.0448138411639582,5,0.07476,1,0.052332,1,192.172321094626,1,4.88723032239884,40,1,29.5009994506836,36.3429985046387,0.0747599974274635,0.530763924121857,185.310897827148,-87.2831,26.4338,53.5408383279193,63,63,63,63,61,63,0.059808,8046,1.33458767306251,26,-87,0.001869,51,2025-10-02 13:42:18.001455,40,1.037,0.0011,"aoml_navis",1023.07435298973
"7901009",87,0.0448138411639582,5,0.07476,1,0.052332,1,192.161228632289,1,4.88719120935533,42,1,29.5020008087158,36.3429985046387,0.0747599974274635,0.530763924121857,185.300201416016,-87.2831,26.4338,53.5408383279193,63,63,63,63,61,63,0.059808,8046,1.33458767306251,26,-87,0.001869,51,2025-10-02 13:42:18.001455,42,1.037,0.0011,"aoml_navis",1023.08254083219
"7901009",87,0.0448138411639582,5,0.084105,1,0.061677,1,192.117570852564,1,4.88715047350448,44,1,29.5020008087158,36.3429985046387,0.0841049998998642,0.530763924121857,185.258102416992,-87.2831,26.4338,53.5408383279193,63,63,63,63,61,63,0.059808,8046,1.33458767306251,26,-87,0.001869,51,2025-10-02 13:42:18.001455,44,1.037,0.0011,"aoml_navis",1023.09106852906
"7901009",87,0.0448138411639582,5,0.082236,1,0.059808,1,192.248338482739,1,4.887103584964,46,1,29.496000289917,36.3419990539551,0.0822359994053841,0.530763924121857,185.384201049805,-87.2831,26.4338,53.5408383279193,63,63,63,63,61,63,0.059808,8046,1.33458767306251,26,-87,0.001869,51,2025-10-02 13:42:18.001455,46,1.037,0.0011,"aoml_navis",1023.1008844141
"7901009",87,0.0448138411639582,5,0.084105,1,0.061677,1,192.231739348657,1,4.88705345579129,48,1,29.488000869751,36.3409996032715,0.0841049998998642,0.530763924121857,185.368194580078,-87.2831,26.4338,53.5408383279193,63,63,63,63,61,63,0.059808,8046,1.33458767306251,26,-87,0.001869,51,2025-10-02 13:42:18.001455,48,1.037,0.0011,"aoml_navis",1023.11137891788
"7901009",87,0.0448138411639582,5,0.084105,1,0.061677,1,192.073185179446,1,4.88701110124434,50,1,29.4869995117188,36.3409996032715,0.0841049998998642,0.530763924121857,185.215301513672,-87.2831,26.4338,53.5408383279193,63,63,63,63,61,63,0.059808,8046,1.33458767306251,26,-87,0.001869,51,2025-10-02 13:42:18.001455,50,1.037,0.0011,"aoml_navis",1023.12024597752
"7901009",87,0.0448138411639582,5,0.082236,1,0.059808,1,192.307867503155,1,4.88697524244961,52,1,29.4899997711182,36.3409996032715,0.0822359994053841,0.530763924121857,185.441604614258,-87.2831,26.4338,53.5408383279193,63,63,63,63,61,63,0.059808,8046,1.33458767306251,26,-87,0.001869,51,2025-10-02 13:42:18.001455,52,1.037,0.0011,"aoml_navis",1023.12775325085
"7901009",87,0.0602185990640688,1,0.102795,1,0.080367,1,196.152426336035,1,4.88689130621913,53.9000015258789,1,29.4400005340576,36.3310012817383,0.102794997394085,0.530763924121857,189.148895263672,-87.2831,26.4338,53.5408383279193,63,63,63,63,61,63,0.080367,8046,1.33458767306251,26,-87,0.001869,51,2025-10-02 13:42:18.001455,53.9000015258789,1.037,0.0011,"aoml_navis",1023.14532628072
"7901009",87,0.0966298450097848,1,0.151389,1,0.128961,1,202.434953317638,1,4.88616038224747,56,1,28.9330005645752,36.2949981689453,0.151389002799988,0.530763924121857,195.207107543945,-87.2831,26.4338,53.5408383279193,63,63,63,63,61,63,0.128961,8046,1.33458767306251,26,-87,0.001869,51,2025-10-02 13:42:18.001455,56,1.037,0.0011,"aoml_navis",1023.29837926854
"7901009",87,0.109233737837148,1,0.16821,1,0.145782,1,203.462849552939,1,4.88592826919547,58,1,28.7999992370605,36.2890014648438,0.168209999799728,0.530763924121857,196.198303222656,-87.2831,26.4338,53.5408383279193,63,63,63,63,61,63,0.145782,8046,1.33458767306251,26,-87,0.001869,51,2025-10-02 13:42:18.001455,58,1.037,0.0011,"aoml_navis",1023.34699253031
"7901009",87,0.113435035446269,1,0.173817,1,0.151389,1,202.30708143726,1,4.88573067254934,60,1,28.6949996948242,36.2859992980957,0.173816993832588,0.530763924121857,195.083801269531,-87.2831,26.4338,53.5408383279193,63,63,63,63,61,63,0.151389,8046,1.33458767306251,26,-87,0.001869,51,2025-10-02 13:42:18.001455,60,1.037,0.0011,"aoml_navis",1023.38838038959
"7901009",87,0.116235900519016,1,0.177555,1,0.155127,1,200.323666887811,1,4.88551901460454,62,1,28.617000579834,36.298999786377,0.177554994821548,0.530763924121857,193.171203613281,-87.2831,26.4338,53.5408383279193,63,63,63,63,61,63,0.155127,8046,1.33458767306251,26,-87,0.001869,51,2025-10-02 13:42:18.001455,62,1.037,0.0011,"aoml_navis",1023.43271718997
"7901009",87,0.127439360810006,1,0.192507,1,0.170079,1,199.584475324889,1,4.88528785756099,64,1,28.503999710083,36.3019981384277,0.19250699877739,0.530763924121857,192.458404541016,-87.2831,26.4338,53.5408383279193,63,63,63,63,61,63,0.170079,8046,1.33458767306251,26,-87,0.001869,51,2025-10-02 13:42:18.001455,64,1.037,0.0011,"aoml_navis",1023.48114293029
"7901009",87,0.137242388564622,1,0.20559,1,0.183162,1,199.72250606521,1,4.88508267333488,66,1,28.3889999389648,36.2970008850098,0.20558999478817,0.530763924121857,192.591506958008,-87.2831,26.4338,53.5408383279193,63,63,63,63,61,63,0.183162,8046,1.33458767306251,26,-87,0.001869,51,2025-10-02 13:42:18.001455,66,1.037,0.0011,"aoml_navis",1023.52413139135
"7901009",87,0.138642821100996,1,0.207459,1,0.185031,1,200.014312196388,1,4.88494592307724,68,1,28.3169994354248,36.2919998168945,0.207459002733231,0.530763924121857,192.872894287109,-87.2831,26.4338,53.5408383279193,63,63,63,63,61,63,0.185031,8046,1.33458767306251,26,-87,0.001869,51,2025-10-02 13:42:18.001455,68,1.037,0.0011,"aoml_navis",1023.55278415248
"7901009",87,0.156848444073854,1,0.231756,1,0.209328,1,199.334032526876,1,4.88478336698855,70,1,28.2490005493164,36.2960014343262,0.231756001710892,0.530763924121857,192.216903686523,-87.2831,26.4338,53.5408383279193,63,63,63,63,61,63,0.209328,8046,1.33458767306251,26,-87,0.001869,51,2025-10-02 13:42:18.001455,70,1.037,0.0011,"aoml_navis",1023.58684599814
"7901009",87,0.161049741682975,1,0.237363,1,0.214935,1,197.259568008402,1,4.88463674776469,72,1,28.1909999847412,36.2999992370605,0.237362995743752,0.530763924121857,190.216506958008,-87.2831,26.4338,53.5408383279193,63,63,63,63,61,63,0.214935,8046,1.33458767306251,26,-87,0.001869,51,2025-10-02 13:42:18.001455,72,1.037,0.0011,"aoml_navis",1023.61757039315
"7901009",87,0.170852769437591,1,0.250446,1,0.228018,1,194.957162091977,1,4.88450492577502,74,1,28.1560001373291,36.310001373291,0.250445991754532,0.530763924121857,187.996307373047,-87.2831,26.4338,53.5408383279193,63,63,63,63,61,63,0.228018,8046,1.33458767306251,26,-87,0.001869,51,2025-10-02 13:42:18.001455,74,1.037,0.0011,"aoml_navis",1023.64519556844
"7901009",87,0.175054067046712,1,0.256053,1,0.233625,1,193.833642818299,1,4.8843852476423,76,1,28.1149997711182,36.3139991760254,0.256053000688553,0.530763924121857,186.912902832031,-87.2831,26.4338,53.5408383279193,63,63,63,63,61,63,0.233625,8046,1.33458767306251,26,-87,0.001869,51,2025-10-02 13:42:18.001455,76,1.037,0.0011,"aoml_navis",1023.67027711696
"7901009",87,0.196060555092317,1,0.284088,1,0.26166,1,192.137793629834,1,4.88427234761208,78,1,28.076000213623,36.3170013427734,0.284087985754013,0.530763924121857,185.277603149414,-87.2831,26.4338,53.5408383279193,63,63,63,63,61,63,0.26166,8046,1.33458767306251,26,-87,0.001869,51,2025-10-02 13:42:18.001455,78,1.037,0.0011,"aoml_navis",1023.69393927112
"7901009",87,0.233872233574407,1,0.334551,1,0.312123,1,189.452405023051,1,4.88399665516273,80,1,27.9950008392334,36.3470001220703,0.334551006555557,0.530763924121857,182.688095092773,-87.2831,26.4338,53.5408383279193,63,63,63,63,61,63,0.312123,8046,1.33458767306251,26,-87,0.001869,51,2025-10-02 13:42:18.001455,80,1.037,0.0011,"aoml_navis",1023.75172487365
"7901009",87,0.268883046983749,1,0.381276,1,0.358848,1,188.017268258928,1,4.88372729720423,82,1,27.8950004577637,36.367000579834,0.38127601146698,0.530763924121857,181.30419921875,-87.2831,26.4338,53.5408383279193,63,63,63,63,61,63,0.358848,8046,1.33458767306251,26,-87,0.001869,51,2025-10-02 13:42:18.001455,82,1.037,0.0011,"aoml_navis",1023.80818905723
"7901009",87,0.291289967565728,1,0.41118,1,0.388752,1,187.523440064047,1,4.88350291788803,84,1,27.7959995269775,36.375,0.41117998957634,0.530763924121857,180.828002929688,-87.2831,26.4338,53.5408383279193,63,63,63,63,61,63,0.388752,8046,1.33458767306251,26,-87,0.001869,51,2025-10-02 13:42:18.001455,84,1.037,0.0011,"aoml_navis",1023.85522934475
"7901009",87,0.312296455611334,1,0.439215,1,0.416787,1,186.797002459246,1,4.88328588903819,86,1,27.7129993438721,36.3880004882812,0.439215004444122,0.530763924121857,180.127502441406,-87.2831,26.4338,53.5408383279193,63,63,63,63,61,63,0.416787,8046,1.33458767306251,26,-87,0.001869,51,2025-10-02 13:42:18.001455,86,1.037,0.0011,"aoml_navis",1023.90073274715
"7901009",87,0.352908999166171,1,0.493416,1,0.470988,1,185.730005689801,1,4.88306685656199,88.0999984741211,1,27.6459999084473,36.4080009460449,0.493416011333466,0.530763924121857,179.098602294922,-87.2831,26.4338,53.5408383279193,63,63,63,63,61,63,0.470988,8046,1.33458767306251,26,-87,0.001869,51,2025-10-02 13:42:18.001455,88.0999984741211,1.037,0.0011,"aoml_navis",1023.94666034131
"7901009",87,0.392121110184634,1,0.545748,1,0.52332,1,184.124889994974,1,4.88287876758056,90,1,27.6100006103516,36.4339981079102,0.545747995376587,0.530763924121857,177.550796508789,-87.2831,26.4338,53.5408383279193,63,63,63,63,61,63,0.52332,8046,1.33458767306251,26,-87,0.001869,51,2025-10-02 13:42:18.001455,90,1.037,0.0011,"aoml_navis",1023.98610286969
"7901009",87,0.511157875776398,1,0.704613,1,0.682185,1,181.547672675688,1,4.8826189340793,92,1,27.5429992675781,36.4659996032715,0.704612970352173,0.530763924121857,175.06559753418,-87.2831,26.4338,53.5408383279193,63,63,63,63,61,63,0.682185,8046,1.33458767306251,26,-87,0.001869,51,2025-10-02 13:42:18.001455,92,1.037,0.0011,"aoml_navis",1024.04059532507
"7901009",87,0.565774744694972,1,0.777504,1,0.755076,1,178.919945884533,1,4.88232778795544,94,1,27.4209995269775,36.4830017089844,0.777504026889801,0.530763924121857,172.531692504883,-87.2831,26.4338,53.5408383279193,63,63,63,63,61,63,0.755076,8046,1.33458767306251,26,-87,0.001869,51,2025-10-02 13:42:18.001455,94,1.037,0.0011,"aoml_navis",1024.10166157521
"7901009",87,0.568575609767719,1,0.781242,1,0.758814,1,175.342001741975,1,4.88197024551834,96,1,27.257999420166,36.5009994506836,0.7812420129776,0.530763924121857,169.081497192383,-87.2831,26.4338,53.5408383279193,63,63,63,63,61,63,0.758814,8046,1.33458767306251,26,-87,0.001869,51,2025-10-02 13:42:18.001455,96,1.037,0.0011,"aoml_navis",1024.17666404051
"7901009",87,0.523761768603761,1,0.721434,1,0.699006,1,171.995306165168,1,4.88146703378436,98,1,27.0300006866455,36.5320014953613,0.721433997154236,0.530763924121857,165.854293823242,-87.2831,26.4338,53.5408383279193,63,63,63,63,61,63,0.699006,8046,1.33458767306251,26,-87,0.001869,51,2025-10-02 13:42:18.001455,98,1.037,0.0011,"aoml_navis",1024.28224248884
"7901009",87,0.497153550412661,1,0.685923,1,0.663495,1,169.161427306502,1,4.88101098552422,100,1,26.8339996337891,36.5639991760254,0.685922980308533,0.504155695438385,163.121597290039,-87.2831,26.4338,53.5408383279193,63,63,63,63,61,63,0.663495,8046,1.33458767306251,26,-87,0.001869,51,2025-10-02 13:42:18.001455,100,1.037,0.0011,"aoml_navis",1024.37794441124
"7901009",87,0.427131923593976,1,0.592473,1,0.570045,1,166.503018226515,1,4.88054253757542,102,1,26.6030006408691,36.5849990844727,0.592472970485687,0.434134066104889,160.55810546875,-87.2831,26.4338,53.5408383279193,63,63,63,63,61,63,0.570045,8046,1.33458767306251,26,-87,0.001869,51,2025-10-02 13:42:18.001455,102,1.037,0.0011,"aoml_navis",1024.47626703484
"7901009",87,0.372515054675402,1,0.519582,1,0.497154,1,165.17831554891,1,4.8800784461997,104,1,26.3759994506836,36.6069984436035,0.519581973552704,0.379517197608948,159.280700683594,-87.2831,26.4338,53.5408383279193,63,63,63,63,61,63,0.497154,8046,1.33458767306251,26,-87,0.001869,51,2025-10-02 13:42:18.001455,104,1.037,0.0011,"aoml_navis",1024.57369387037
"7901009",87,0.316497753220455,1,0.444822,1,0.422394,1,163.846982711935,1,4.87967513027644,106,1,26.2430000305176,36.6520004272461,0.444822013378143,0.323499917984009,157.99690246582,-87.2831,26.4338,53.5408383279193,63,63,63,63,61,63,0.422394,8046,1.33458767306251,26,-87,0.001869,51,2025-10-02 13:42:18.001455,106,1.037,0.0011,"aoml_navis",1024.6583771483
"7901009",87,0.270283479520123,1,0.383145,1,0.360717,1,163.213984465337,1,4.87937386634904,108,1,26.1009998321533,36.6650009155273,0.38314500451088,0.277285635471344,157.386505126953,-87.2831,26.4338,53.5408383279193,63,63,63,63,61,63,0.360717,8046,1.33458767306251,26,-87,0.001869,51,2025-10-02 13:42:18.001455,108,1.037,0.0011,"aoml_navis",1024.72164194731
"7901009",87,0.228270503428912,1,0.327075,1,0.304647,1,164.347868307961,1,4.87888141927876,110,1,25.8980007171631,36.7060012817383,0.327075004577637,0.235272660851479,158.479904174805,-87.2831,26.4338,53.5408383279193,63,63,63,63,61,63,0.304647,8046,1.33458767306251,26,-87,0.001869,51,2025-10-02 13:42:18.001455,110,1.037,0.0011,"aoml_navis",1024.82507163274
"7901009",87,0.201662285237812,1,0.291564,1,0.269136,1,168.14710786533,1,4.87845813542635,112,1,25.7259998321533,36.7410011291504,0.291563987731934,0.208664447069168,162.143493652344,-87.2831,26.4338,53.5408383279193,63,63,63,63,61,63,0.269136,8046,1.33458767306251,26,-87,0.001869,51,2025-10-02 13:42:18.001455,112,1.037,0.0011,"aoml_navis",1024.91399151118
"7901009",87,0.152647146464733,1,0.226149,1,0.203721,1,176.975315393841,1,4.8781609439303,114,1,25.4710006713867,36.7070007324219,0.226148992776871,0.159649297595024,170.656494140625,-87.2831,26.4338,53.5408383279193,63,63,63,63,61,63,0.203721,8046,1.33458767306251,26,-87,0.001869,51,2025-10-02 13:42:18.001455,114,1.037,0.0011,"aoml_navis",1024.97643219855
"7901009",87,0.0980302775461585,1,0.153258,1,0.13083,1,187.692263859586,1,4.87772526599024,116,1,25.011999130249,36.6290016174316,0.153257995843887,0.105032436549664,180.990798950195,-87.2831,26.4338,53.5408383279193,63,63,63,63,61,63,0.13083,8046,1.33458767306251,26,-87,0.001869,51,2025-10-02 13:42:18.001455,116,1.037,0.0011,"aoml_navis",1025.06798299247
"7901009",87,0.0784242220369268,1,0.127092,1,0.104664,1,194.413852970238,1,4.87721886516946,118,1,24.4559993743896,36.5340003967285,0.127092003822327,0.0854263827204704,187.472396850586,-87.2831,26.4338,53.5408383279193,63,63,63,63,61,63,0.104664,8046,1.33458767306251,26,-87,0.001869,51,2025-10-02 13:42:18.001455,118,1.037,0.0011,"aoml_navis",1025.17441563006
"7901009",87,0.0854263847187953,1,0.136437,1,0.114009,1,196.329241135112,1,4.87687972586711,120,1,24.1529998779297,36.4959983825684,0.136436998844147,0.0924285501241684,189.319396972656,-87.2831,26.4338,53.5408383279193,63,63,63,63,61,63,0.114009,8046,1.33458767306251,26,-87,0.001869,51,2025-10-02 13:42:18.001455,120,1.037,0.0011,"aoml_navis",1025.24570648726
"7901009",87,0.0882272497915426,1,0.140175,1,0.117747,1,195.299477695023,1,4.8766307347381,122,1,23.9869995117188,36.4879989624023,0.140174999833107,0.0952294170856476,188.326400756836,-87.2831,26.4338,53.5408383279193,63,63,63,63,61,63,0.117747,8046,1.33458767306251,26,-87,0.001869,51,2025-10-02 13:42:18.001455,122,1.037,0.0011,"aoml_navis",1025.29805350713
"7901009",87,0.0826255196460479,1,0.132699,1,0.110271,1,193.846602485423,1,4.87645458980408,124,1,23.8969993591309,36.4900016784668,0.132698997855186,0.0896276831626892,186.925399780273,-87.2831,26.4338,53.5408383279193,63,63,63,63,61,63,0.110271,8046,1.33458767306251,26,-87,0.001869,51,2025-10-02 13:42:18.001455,124,1.037,0.0011,"aoml_navis",1025.33508882749
"7901009",87,0.103632007691653,1,0.160734,1,0.138306,1,192.040524919442,1,4.87623510007642,126,1,23.7660007476807,36.4879989624023,0.160733997821808,0.110634170472622,185.183807373047,-87.2831,26.4338,53.5408383279193,63,63,63,63,61,63,0.138306,8046,1.33458767306251,26,-87,0.001869,51,2025-10-02 13:42:18.001455,126,1.037,0.0011,"aoml_navis",1025.38124134368
"7901009",87,0.10223157515528,1,0.158865,1,0.136437,1,189.830102574435,1,4.87603822000078,128,1,23.6709995269775,36.4939994812012,0.158865004777908,0.109233744442463,183.052307128906,-87.2831,26.4338,53.5408383279193,63,63,63,63,61,63,0.136437,8046,1.33458767306251,26,-87,0.001869,51,2025-10-02 13:42:18.001455,128,1.037,0.0011,"aoml_navis",1025.42264322104
"7901009",87,0.10223157515528,1,0.158865,1,0.136437,1,187.943118075602,1,4.87583321865325,130,1,23.5699996948242,36.5,0.158865004777908,0.109233744442463,181.232696533203,-87.2831,26.4338,53.5408383279193,63,63,63,63,61,63,0.136437,8046,1.33458767306251,26,-87,0.001869,51,2025-10-02 13:42:18.001455,130,1.037,0.0011,"aoml_navis",1025.4657564725
"7901009",87,0.123238063200885,1,0.1869,1,0.164472,1,186.61324102541,1,4.87566669698538,132,1,23.4909992218018,36.5040016174316,0.18690000474453,0.130240231752396,179.950302124023,-87.2831,26.4338,53.5408383279193,63,63,63,63,61,63,0.164472,8046,1.33458767306251,26,-87,0.001869,51,2025-10-02 13:42:18.001455,132,1.037,0.0011,"aoml_navis",1025.50077984032
"7901009",87,0.121837630664511,1,0.185031,1,0.162603,1,184.892390281322,1,4.87553768808504,134,1,23.4360008239746,36.5069999694824,0.185030996799469,0.128839790821075,178.290893554688,-87.2831,26.4338,53.5408383279193,63,63,63,63,61,63,0.162603,8046,1.33458767306251,26,-87,0.001869,51,2025-10-02 13:42:18.001455,134,1.037,0.0011,"aoml_navis",1025.52791504804
"7901009",87,0.119036765591764,1,0.181293,1,0.158865,1,182.244140061278,1,4.8754309931964,136,1,23.3840007781982,36.5050010681152,0.181292995810509,0.126038923859596,175.737197875977,-87.2831,26.4338,53.5408383279193,63,63,63,63,61,63,0.158865,8046,1.33458767306251,26,-87,0.001869,51,2025-10-02 13:42:18.001455,136,1.037,0.0011,"aoml_navis",1025.55035790219
"7901009",87,0.116235900519016,1,0.177555,1,0.155127,1,177.695012072884,1,4.87530761675612,138,1,23.3199996948242,36.5029983520508,0.177554994821548,0.123238056898117,171.350494384766,-87.2831,26.4338,53.5408383279193,63,63,63,63,61,63,0.155127,8046,1.33458767306251,26,-87,0.001869,51,2025-10-02 13:42:18.001455,138,1.037,0.0011,"aoml_navis",1025.57631088043
"7901009",87,0.09102811486429,1,0.143913,1,0.121485,1,171.439781093466,1,4.87497978528837,140,1,23.117000579834,36.5040016174316,0.143913000822067,0.0980302765965462,165.318603515625,-87.2831,26.4338,53.5408383279193,63,63,63,63,61,63,0.121485,8046,1.33458767306251,26,-87,0.001869,51,2025-10-02 13:42:18.001455,140,1.037,0.0011,"aoml_navis",1025.64527858945
"7901009",87,0.0686211942823109,1,0.114009,1,0.091581,1,165.665197109033,1,4.8746609223041,142,1,22.9610004425049,36.5209999084473,0.114009000360966,0.0756233558058739,159.750198364258,-87.2831,26.4338,53.5408383279193,63,63,63,63,61,63,0.091581,8046,1.33458767306251,26,-87,0.001869,51,2025-10-02 13:42:18.001455,142,1.037,0.0011,"aoml_navis",1025.71236844852
"7901009",87,0.0602185990640688,1,0.102795,1,0.080367,1,156.621802140693,1,4.87438492200909,144,1,23.0279998779297,36.6119995117188,0.102794997394085,0.0672207623720169,151.029693603516,-87.2831,26.4338,53.5408383279193,63,63,63,63,61,63,0.080367,8046,1.33458767306251,26,-87,0.001869,51,2025-10-02 13:42:18.001455,144,1.037,0.0011,"aoml_navis",1025.77044693859
"7901009",87,0.0574177339913214,1,0.099057,1,0.076629,1,149.734712226072,1,4.8738228875186,146,1,23.2590007781982,36.8460006713867,0.0990569964051247,0.0644198954105377,144.38850402832,-87.2831,26.4338,53.5408383279193,63,63,63,63,61,63,0.076629,8046,1.33458767306251,26,-87,0.001869,51,2025-10-02 13:42:18.001455,146,1.037,0.0011,"aoml_navis",1025.88873567903
"7901009",87,0.0448138411639582,1,0.082236,1,0.059808,1,147.505823542197,1,4.87356532088779,148,1,23.238000869751,36.8979988098145,0.0822359994053841,0.0518160052597523,142.239196777344,-87.2831,26.4338,53.5408383279193,63,63,63,63,61,63,0.059808,8046,1.33458767306251,26,-87,0.001869,51,2025-10-02 13:42:18.001455,148,1.037,0.0011,"aoml_navis",1025.94295362582
"7901009",87,0.0406125435548371,1,0.076629,1,0.054201,1,146.446089882898,1,4.87337596136559,150,1,23.1730003356934,36.9140014648438,0.0766289979219437,0.0476147085428238,141.217300415039,-87.2831,26.4338,53.5408383279193,63,63,63,63,61,63,0.054201,8046,1.33458767306251,26,-87,0.001869,51,2025-10-02 13:42:18.001455,150,1.037,0.0011,"aoml_navis",1025.98281758646
"7901009",87,0.0280086507274739,1,0.059808,1,0.03738,1,145.597492778467,1,4.87317830948923,152,1,23.0890007019043,36.9249992370605,0.0598080009222031,0.035010814666748,140.399002075195,-87.2831,26.4338,53.5408383279193,63,63,63,63,61,63,0.03738,8046,1.33458767306251,26,-87,0.001869,51,2025-10-02 13:42:18.001455,152,1.037,0.0011,"aoml_navis",1026.02443055774
"7901009",87,0.0266082181911002,1,0.057939,1,0.035511,1,145.885991741844,1,4.87286540599322,154,1,22.8880004882812,36.9230003356934,0.0579390004277229,0.0336103811860085,140.677200317383,-87.2831,26.4338,53.5408383279193,63,63,63,63,61,63,0.035511,8046,1.33458767306251,26,-87,0.001869,51,2025-10-02 13:42:18.001455,154,1.037,0.0011,"aoml_navis",1026.09031512556
"7901009",87,0.0350108134093423,1,0.069153,1,0.046725,1,145.663129773865,1,4.87267282187046,156,1,22.7000007629395,36.8930015563965,0.0691530033946037,0.0420129746198654,140.462295532227,-87.2831,26.4338,53.5408383279193,63,63,63,63,61,63,0.046725,8046,1.33458767306251,26,-87,0.001869,51,2025-10-02 13:42:18.001455,156,1.037,0.0011,"aoml_navis",1026.13086960365
"7901009",87,0.0336103808729686,1,0.067284,1,0.044856,1,145.341242657091,1,4.87249682565259,158,1,22.5520000457764,36.8740005493164,0.0672840029001236,0.0406125411391258,140.151901245117,-87.2831,26.4338,53.5408383279193,63,63,63,63,61,63,0.044856,8046,1.33458767306251,26,-87,0.001869,51,2025-10-02 13:42:18.001455,158,1.037,0.0011,"aoml_navis",1026.16793379446
"7901009",87,0.0294090832638475,1,0.061677,1,0.039249,1,144.380534146587,1,4.87240703779193,160,1,22.4979991912842,36.867000579834,0.0616770014166832,0.0364112481474876,139.225494384766,-87.2831,26.4338,53.5408383279193,63,63,63,63,61,63,0.039249,8046,1.33458767306251,26,-87,0.001869,51,2025-10-02 13:42:18.001455,160,1.037,0.0011,"aoml_navis",1026.18684383682
"7901009",87,0.0308095158002212,1,0.063546,1,0.041118,1,143.537855131905,1,4.87218683629306,162,1,22.2849998474121,36.8359985351562,0.0635460019111633,0.0378116779029369,138.412902832031,-87.2831,26.4338,53.5408383279193,63,63,63,63,61,63,0.041118,8046,1.33458767306251,26,-87,0.001869,51,2025-10-02 13:42:18.001455,162,1.037,0.0011,"aoml_navis",1026.23322298621
"7901009",87,0.0378116784820897,1,0.072891,1,0.050463,1,143.001397702308,1,4.87193276904824,164,1,22.0109996795654,36.7919998168945,0.0728909969329834,0.0448138415813446,137.895599365234,-87.2831,26.4338,53.5408383279193,63,63,63,63,61,63,0.050463,8046,1.33458767306251,26,-87,0.001869,51,2025-10-02 13:42:18.001455,164,1.037,0.0011,"aoml_navis",1026.28674019588
"7901009",87,0.0378116784820897,1,0.072891,1,0.050463,1,142.963135827941,1,4.87169641107652,166,1,21.7479991912842,36.7480010986328,0.0728909969329834,0.0448138415813446,137.858703613281,-87.2831,26.4338,53.5408383279193,63,63,63,63,61,63,0.050463,8046,1.33458767306251,26,-87,0.001869,51,2025-10-02 13:42:18.001455,166,1.037,0.0011,"aoml_navis",1026.3365321024
"7901009",87,0.0350108134093423,1,0.069153,1,0.046725,1,143.27465837577,1,4.87158004442356,168,1,21.6809997558594,36.7439994812012,0.0691530033946037,0.0420129746198654,138.159103393555,-87.2831,26.4338,53.5408383279193,63,63,63,63,61,63,0.046725,8046,1.33458767306251,26,-87,0.001869,51,2025-10-02 13:42:18.001455,168,1.037,0.0011,"aoml_navis",1026.36104803891
"7901009",87,0.0308095158002212,1,0.063546,1,0.041118,1,143.980873203299,1,4.8714329069997,170,1,21.7229995727539,36.7890014648438,0.0635460019111633,0.0378116779029369,138.840103149414,-87.2831,26.4338,53.5408383279193,63,63,63,63,61,63,0.041118,8046,1.33458767306251,26,-87,0.001869,51,2025-10-02 13:42:18.001455,170,1.037,0.0011,"aoml_navis",1026.39204838797
"7901009",87,0.0266082181911002,1,0.057939,1,0.035511,1,144.258580355958,1,4.87122901969216,172,1,21.7709999084473,36.8520011901855,0.0579390004277229,0.0336103811860085,139.107894897461,-87.2831,26.4338,53.5408383279193,63,63,63,63,61,63,0.035511,8046,1.33458767306251,26,-87,0.001869,51,2025-10-02 13:42:18.001455,172,1.037,0.0011,"aoml_navis",1026.43500845213
"7901009",87,0.018205622972858,1,0.046725,1,0.024297,1,144.212849662443,1,4.87107051743406,174,1,21.7129993438721,36.8629989624023,0.0467250011861324,0.0252077858895063,139.06379699707,-87.2831,26.4338,53.5408383279193,63,63,63,63,61,63,0.024297,8046,1.33458767306251,26,-87,0.001869,51,2025-10-02 13:42:18.001455,174,1.037,0.0011,"aoml_navis",1026.46840814652
"7901009",87,0.00560173014549477,1,0.029904,1,0.007476,1,144.350263275759,1,4.87078750545829,176,1,21.4860000610352,36.8460006713867,0.0299040004611015,0.0126038929447532,139.196304321289,-87.2831,26.4338,53.5408383279193,63,63,63,63,61,63,0.007476,8046,1.33458767306251,26,-87,0.001869,51,2025-10-02 13:42:18.001455,176,1.037,0.0011,"aoml_navis",1026.52805001181
"7901009",87,0.00140043253637369,1,0.024297,1,0.001869,1,144.619362297873,1,4.87058704219323,178,1,21.3279991149902,36.8320007324219,0.0242970008403063,0.00840259529650211,139.455795288086,-87.2831,26.4338,53.5408383279193,63,63,63,63,61,63,0.001869,8046,1.33458767306251,26,-87,0.001869,51,2025-10-02 13:42:18.001455,178,1.037,0.0011,"aoml_navis",1026.57029977817
"7901009",87,0.00140043253637369,1,0.024297,1,0.001869,1,144.881530508998,1,4.87043323462028,180,1,21.2210006713867,36.8240013122559,0.0242970008403063,0.00840259529650211,139.708602905273,-87.2831,26.4338,53.5408383279193,63,63,63,63,61,63,0.001869,8046,1.33458767306251,26,-87,0.001869,51,2025-10-02 13:42:18.001455,180,1.037,0.0011,"aoml_navis",1026.60271871889
"7901009",87,-0.00420129760912108,1,0.016821,1,-0.005607,1,145.206329199338,1,4.87028330943945,182,1,21.1439990997314,36.826000213623,0.0168210007250309,0.00280086509883404,140.02180480957,-87.2831,26.4338,53.5408383279193,63,63,63,63,61,63,-0.005607,8046,1.33458767306251,26,-87,0.001869,51,2025-10-02 13:42:18.001455,182,1.037,0.0011,"aoml_navis",1026.63432131538
"7901009",87,-0.00420129760912108,1,0.016821,1,-0.005607,1,145.59075185271,1,4.87011482015858,184,1,21.0389995574951,36.8230018615723,0.0168210007250309,0.00280086509883404,140.392501831055,-87.2831,26.4338,53.5408383279193,63,63,63,63,61,63,-0.005607,8046,1.33458767306251,26,-87,0.001869,51,2025-10-02 13:42:18.001455,184,1.037,0.0011,"aoml_navis",1026.6698393442
"7901009",87,-0.00560173014549477,1,0.014952,1,-0.007476,1,145.777203327341,1,4.87001660149815,186,1,20.9790000915527,36.8170013427734,0.0149520002305508,0.00140043254941702,140.572296142578,-87.2831,26.4338,53.5408383279193,63,63,63,63,61,63,-0.007476,8046,1.33458767306251,26,-87,0.001869,51,2025-10-02 13:42:18.001455,186,1.037,0.0011,"aoml_navis",1026.69054525643
"7901009",87,-0.00280086507274739,1,0.01869,1,-0.003738,1,146.110815857227,1,4.8698881278987,188,1,20.8819999694824,36.8059997558594,0.0186899993568659,0.00420129764825106,140.893997192383,-87.2831,26.4338,53.5408383279193,63,63,63,63,61,63,-0.003738,8046,1.33458767306251,26,-87,0.001869,51,2025-10-02 13:42:18.001455,188,1.037,0.0011,"aoml_navis",1026.71763060755
"7901009",87,-0.00280086507274739,1,0.01869,1,-0.003738,1,146.482073134474,1,4.86971376843892,190,1,20.7439994812012,36.7929992675781,0.0186899993568659,0.00420129764825106,141.251998901367,-87.2831,26.4338,53.5408383279193,63,63,63,63,61,63,-0.003738,8046,1.33458767306251,26,-87,0.001869,51,2025-10-02 13:42:18.001455,190,1.037,0.0011,"aoml_navis",1026.75439209702
"7901009",87,-0.00280086507274739,1,0.01869,1,-0.003738,1,146.59282369638,1,4.86959108347959,192,1,20.6480007171631,36.7809982299805,0.0186899993568659,0.00420129764825106,141.358795166016,-87.2831,26.4338,53.5408383279193,63,63,63,63,61,63,-0.003738,8046,1.33458767306251,26,-87,0.001869,51,2025-10-02 13:42:18.001455,192,1.037,0.0011,"aoml_navis",1026.78026024872
"7901009",87,-0.00280086507274739,1,0.01869,1,-0.003738,1,146.519512172832,1,4.86947521588683,194,1,20.556999206543,36.7690010070801,0.0186899993568659,0.00420129764825106,141.288101196289,-87.2831,26.4338,53.5408383279193,63,63,63,63,61,63,-0.003738,8046,1.33458767306251,26,-87,0.001869,51,2025-10-02 13:42:18.001455,194,1.037,0.0011,"aoml_navis",1026.80469215396
"7901009",87,0.00140043253637369,1,0.024297,1,0.001869,1,146.260049826271,1,4.86940160344037,196,1,20.503999710083,36.7589988708496,0.0242970008403063,0.00840259529650211,141.037902832031,-87.2831,26.4338,53.5408383279193,63,63,63,63,61,63,0.001869,8046,1.33458767306251,26,-87,0.001869,51,2025-10-02 13:42:18.001455,196,1.037,0.0011,"aoml_navis",1026.82021471948
"7901009",87,-0.00140043253637369,1,0.020559,1,-0.001869,1,145.966677141924,1,4.86928753183115,198,1,20.4139995574951,36.7470016479492,0.020558999851346,0.00560173019766808,140.755004882812,-87.2831,26.4338,53.5408383279193,63,63,63,63,61,63,-0.001869,8046,1.33458767306251,26,-87,0.001869,51,2025-10-02 13:42:18.001455,198,1.037,0.0011,"aoml_navis",1026.84426978575
"7901009",87,-0.00280086507274739,1,0.01869,1,-0.003738,1,145.836843114143,1,4.86918383420282,200,1,20.3290004730225,36.734001159668,0.0186899993568659,0.00420129764825106,140.629806518555,-87.2831,26.4338,53.5408383279193,63,63,63,63,61,63,-0.003738,8046,1.33458767306251,26,-87,0.001869,51,2025-10-02 13:42:18.001455,200,1.037,0.0011,"aoml_navis",1026.86613819718
"7901009",87,0,1,0.022428,1,0,1,145.796903920222,1,4.86908579001772,202,1,20.2509994506836,36.7220001220703,0.0224280003458261,0.00700216321274638,140.591293334961,-87.2831,26.4338,53.5408383279193,63,63,63,63,61,63,0,8046,1.33458767306251,26,-87,0.001869,51,2025-10-02 13:42:18.001455,202,1.037,0.0011,"aoml_navis",1026.88681523145
"7901009",87,0,1,0.022428,1,0,1,146.17376281183,1,4.86896237048479,204,1,20.1529998779297,36.7099990844727,0.0224280003458261,0.00700216321274638,140.954696655273,-87.2831,26.4338,53.5408383279193,63,63,63,63,61,63,0,8046,1.33458767306251,26,-87,0.001869,51,2025-10-02 13:42:18.001455,204,1.037,0.0011,"aoml_navis",1026.91284498511
"7901009",87,-0.00140043253637369,1,0.020559,1,-0.001869,1,146.934427229804,1,4.86882081329769,206,1,20.0319995880127,36.6949996948242,0.020558999851346,0.00560173019766808,141.688201904297,-87.2831,26.4338,53.5408383279193,63,63,63,63,61,63,-0.001869,8046,1.33458767306251,26,-87,0.001869,51,2025-10-02 13:42:18.001455,206,1.037,0.0011,"aoml_navis",1026.94270167923
"7901009",87,-0.00140043253637369,1,0.020559,1,-0.001869,1,147.376511698805,1,4.86864553813048,208,1,19.8840007781982,36.6800003051758,0.020558999851346,0.00560173019766808,142.114501953125,-87.2831,26.4338,53.5408383279193,63,63,63,63,61,63,-0.001869,8046,1.33458767306251,26,-87,0.001869,51,2025-10-02 13:42:18.001455,208,1.037,0.0011,"aoml_navis",1026.97967244499
"7901009",87,-0.00420129760912108,1,0.016821,1,-0.005607,1,147.383774808952,1,4.86854577796127,210,1,19.8150005340576,36.6720008850098,0.0168210007250309,0.00280086509883404,142.121505737305,-87.2831,26.4338,53.5408383279193,63,63,63,63,61,63,-0.005607,8046,1.33458767306251,26,-87,0.001869,51,2025-10-02 13:42:18.001455,210,1.037,0.0011,"aoml_navis",1027.00071603184
"7901009",87,-0.00140043253637369,1,0.020559,1,-0.001869,1,147.234857315295,1,4.86847022669585,212,1,19.7649993896484,36.6640014648438,0.020558999851346,0.00560173019766808,141.977905273438,-87.2831,26.4338,53.5408383279193,63,63,63,63,61,63,-0.001869,8046,1.33458767306251,26,-87,0.001869,51,2025-10-02 13:42:18.001455,212,1.037,0.0011,"aoml_navis",1027.01665352351
"7901009",87,0,1,0.022428,1,0,1,146.933588570027,1,4.86840776066281,214,1,19.7310009002686,36.6580009460449,0.0224280003458261,0.00700216321274638,141.687393188477,-87.2831,26.4338,53.5408383279193,63,63,63,63,61,63,0,8046,1.33458767306251,26,-87,0.001869,51,2025-10-02 13:42:18.001455,214,1.037,0.0011,"aoml_navis",1027.02983106725
"7901009",87,-0.00140043253637369,1,0.020559,1,-0.001869,1,146.543675068679,1,4.86831328938302,216,1,19.6630001068115,36.648998260498,0.020558999851346,0.00560173019766808,141.311401367188,-87.2831,26.4338,53.5408383279193,63,63,63,63,61,63,-0.001869,8046,1.33458767306251,26,-87,0.001869,51,2025-10-02 13:42:18.001455,216,1.037,0.0011,"aoml_navis",1027.0497609314
"7901009",87,-0.00280086507274739,1,0.01869,1,-0.003738,1,145.668209203837,1,4.86823392424518,218,1,19.6040000915527,36.6389999389648,0.0186899993568659,0.00420129764825106,140.467193603516,-87.2831,26.4338,53.5408383279193,63,63,63,63,61,63,-0.003738,8046,1.33458767306251,26,-87,0.001869,51,2025-10-02 13:42:18.001455,218,1.037,0.0011,"aoml_navis",1027.06650456926
"7901009",87,-0.00420129760912108,1,0.016821,1,-0.005607,1,144.669349585352,1,4.86811612811888,220,1,19.4969997406006,36.6230010986328,0.0168210007250309,0.00280086509883404,139.503997802734,-87.2831,26.4338,53.5408383279193,63,63,63,63,61,63,-0.005607,8046,1.33458767306251,26,-87,0.001869,51,2025-10-02 13:42:18.001455,220,1.037,0.0011,"aoml_navis",1027.09135698702
"7901009",87,0,1,0.022428,1,0,1,143.568648187122,1,4.86801406823715,222,1,19.4080009460449,36.609001159668,0.0224280003458261,0.00700216321274638,138.442596435547,-87.2831,26.4338,53.5408383279193,63,63,63,63,61,63,0,8046,1.33458767306251,26,-87,0.001869,51,2025-10-02 13:42:18.001455,222,1.037,0.0011,"aoml_navis",1027.11289037228
"7901009",87,0,1,0.022428,1,0,1,142.954527697397,1,4.86790720127137,224,1,19.3120002746582,36.5940017700195,0.0224280003458261,0.00700216321274638,137.850402832031,-87.2831,26.4338,53.5408383279193,63,63,63,63,61,63,0,8046,1.33458767306251,26,-87,0.001869,51,2025-10-02 13:42:18.001455,224,1.037,0.0011,"aoml_navis",1027.13543896115
"7901009",87,-0.00140043253637369,1,0.020559,1,-0.001869,1,142.343097248467,1,4.86783511844716,226,1,19.2639999389648,36.5859985351562,0.020558999851346,0.00560173019766808,137.260803222656,-87.2831,26.4338,53.5408383279193,63,63,63,63,61,63,-0.001869,8046,1.33458767306251,26,-87,0.001869,51,2025-10-02 13:42:18.001455,226,1.037,0.0011,"aoml_navis",1027.15064876622
"7901009",87,-0.00280086507274739,1,0.01869,1,-0.003738,1,141.619254741846,1,4.86776921299002,228,1,19.2180004119873,36.5769996643066,0.0186899993568659,0.00420129764825106,136.562805175781,-87.2831,26.4338,53.5408383279193,63,63,63,63,61,63,-0.003738,8046,1.33458767306251,26,-87,0.001869,51,2025-10-02 13:42:18.001455,228,1.037,0.0011,"aoml_navis",1027.16455551284
"7901009",87,0.00140043253637369,1,0.024297,1,0.001869,1,140.982411319288,1,4.86765656903681,230,1,19.1079998016357,36.5589981079102,0.0242970008403063,0.00840259529650211,135.948699951172,-87.2831,26.4338,53.5408383279193,63,63,63,63,61,63,0.001869,8046,1.33458767306251,26,-87,0.001869,51,2025-10-02 13:42:18.001455,230,1.037,0.0011,"aoml_navis",1027.188325447
"7901009",87,-0.00140043253637369,1,0.020559,1,-0.001869,1,139.817006528055,1,4.86756530155202,232,1,19.011999130249,36.5400009155273,0.020558999851346,0.00560173019766808,134.824905395508,-87.2831,26.4338,53.5408383279193,63,63,63,63,61,63,-0.001869,8046,1.33458767306251,26,-87,0.001869,51,2025-10-02 13:42:18.001455,232,1.037,0.0011,"aoml_navis",1027.20758536218
"7901009",87,-0.00280086507274739,1,0.01869,1,-0.003738,1,139.653040629716,1,4.86738908773875,234,1,18.826000213623,36.5139999389648,0.0186899993568659,0.00420129764825106,134.666793823242,-87.2831,26.4338,53.5408383279193,63,63,63,63,61,63,-0.003738,8046,1.33458767306251,26,-87,0.001869,51,2025-10-02 13:42:18.001455,234,1.037,0.0011,"aoml_navis",1027.2447733006
"7901009",87,0,1,0.022428,1,0,1,140.452283397444,1,4.86727464711843,236,1,18.7220001220703,36.4990005493164,0.0224280003458261,0.00700216321274638,135.4375,-87.2831,26.4338,53.5408383279193,63,63,63,63,61,63,0,8046,1.33458767306251,26,-87,0.001869,51,2025-10-02 13:42:18.001455,236,1.037,0.0011,"aoml_navis",1027.26892614538
"7901009",87,0.00420129760912108,1,0.028035,1,0.005607,1,140.835566739421,1,4.86719514355528,238,1,18.6700000762939,36.492000579834,0.0280349999666214,0.0112034603953362,135.807098388672,-87.2831,26.4338,53.5408383279193,63,63,63,63,61,63,0.005607,8046,1.33458767306251,26,-87,0.001869,51,2025-10-02 13:42:18.001455,238,1.037,0.0011,"aoml_navis",1027.2857061465
"7901009",87,0,1,0.022428,1,0,1,141.751478158804,1,4.86709975543785,240,1,18.5930004119873,36.4809989929199,0.0224280003458261,0.00700216321274638,136.690307617188,-87.2831,26.4338,53.5408383279193,63,63,63,63,61,63,0,8046,1.33458767306251,26,-87,0.001869,51,2025-10-02 13:42:18.001455,240,1.037,0.0011,"aoml_navis",1027.3058394609
"7901009",87,0.00280086507274739,1,0.026166,1,0.003738,1,143.600897029124,1,4.86694983863088,242,1,18.4559993743896,36.4650001525879,0.0261659994721413,0.00980302784591913,138.473693847656,-87.2831,26.4338,53.5408383279193,63,63,63,63,61,63,0.003738,8046,1.33458767306251,26,-87,0.001869,51,2025-10-02 13:42:18.001455,242,1.037,0.0011,"aoml_navis",1027.33748359456
"7901009",87,-0.00280086507274739,1,0.01869,1,-0.003738,1,145.033343752451,1,4.86683211529474,244,1,18.363000869751,36.4550018310547,0.0186899993568659,0.00420129764825106,139.854995727539,-87.2831,26.4338,53.5408383279193,63,63,63,63,61,63,-0.003738,8046,1.33458767306251,26,-87,0.001869,51,2025-10-02 13:42:18.001455,244,1.037,0.0011,"aoml_navis",1027.36233376261
"7901009",87,-0.00420129760912108,1,0.016821,1,-0.005607,1,145.932561095136,1,4.86672921149918,246,1,18.2880001068115,36.4469985961914,0.0168210007250309,0.00280086509883404,140.722106933594,-87.2831,26.4338,53.5408383279193,63,63,63,63,61,63,-0.005607,8046,1.33458767306251,26,-87,0.001869,51,2025-10-02 13:42:18.001455,246,1.037,0.0011,"aoml_navis",1027.38405666498
"7901009",87,-0.00560173014549477,1,0.014952,1,-0.007476,1,146.618553145396,1,4.86664696932528,248,1,18.2329998016357,36.439998626709,0.0149520002305508,0.00140043254941702,141.383605957031,-87.2831,26.4338,53.5408383279193,63,63,63,63,61,63,-0.007476,8046,1.33458767306251,26,-87,0.001869,51,2025-10-02 13:42:18.001455,248,1.037,0.0011,"aoml_navis",1027.40141857736
"7901009",87,-0.00420129760912108,1,0.016821,1,-0.005607,1,146.280684021546,1,4.86656123718362,250,1,18.1749992370605,36.4329986572266,0.0168210007250309,0.00280086509883404,141.057800292969,-87.2831,26.4338,53.5408383279193,63,63,63,63,61,63,-0.005607,8046,1.33458767306251,26,-87,0.001869,51,2025-10-02 13:42:18.001455,250,1.037,0.0011,"aoml_navis",1027.41951787164
"7901009",87,0,1,0.01869,1,-0.003738,1,146.159553066925,1,4.86646251532627,252,1,18.0970001220703,36.4230003356934,0.0186899993568659,0.00420129764825106,140.940994262695,-87.2831,26.4338,53.5408383279193,63,63,63,63,61,63,0,8046,1.33458767306251,26,-87,0.001869,51,2025-10-02 13:42:18.001455,252,1.037,0.0011,"aoml_navis",1027.44036027261
"7901009",87,0,1,0.013083,1,-0.009345,1,146.182893126764,1,4.86637708916633,254,1,18.0389995574951,36.4160003662109,0.0130829997360706,0,140.963500976562,-87.2831,26.4338,53.5408383279193,63,63,63,63,61,63,0,8046,1.33458767306251,26,-87,0.001869,51,2025-10-02 13:42:18.001455,254,1.037,0.0011,"aoml_navis",1027.45839633578
"7901009",87,0,1,0.013083,1,-0.009345,1,145.959825449782,1,4.86632514367301,256,1,18.0179996490479,36.4119987487793,0.0130829997360706,0,140.748397827148,-87.2831,26.4338,53.5408383279193,63,63,63,63,61,63,0,8046,1.33458767306251,26,-87,0.001869,51,2025-10-02 13:42:18.001455,256,1.037,0.0011,"aoml_navis",1027.46936392049
"7901009",87,0,1,0.014952,1,-0.007476,1,145.710521963165,1,4.86625545035331,258,1,17.9699993133545,36.4039993286133,0.0149520002305508,0.00140043254941702,140.507995605469,-87.2831,26.4338,53.5408383279193,63,63,63,63,61,63,0,8046,1.33458767306251,26,-87,0.001869,51,2025-10-02 13:42:18.001455,258,1.037,0.0011,"aoml_navis",1027.48407908528
"7901009",87,0,1,0.016821,1,-0.005607,1,145.222501091647,1,4.86619653168354,260,1,17.9340000152588,36.3969993591309,0.0168210007250309,0.00280086509883404,140.037399291992,-87.2831,26.4338,53.5408383279193,63,63,63,63,61,63,0,8046,1.33458767306251,26,-87,0.001869,51,2025-10-02 13:42:18.001455,260,1.037,0.0011,"aoml_navis",1027.49651960115
"7901009",87,0,1,0.016821,1,-0.005607,1,144.594265799633,1,4.86611519419268,262,1,17.8700008392334,36.3870010375977,0.0168210007250309,0.00280086509883404,139.431594848633,-87.2831,26.4338,53.5408383279193,63,63,63,63,61,63,0,8046,1.33458767306251,26,-87,0.001869,51,2025-10-02 13:42:18.001455,262,1.037,0.0011,"aoml_navis",1027.51369428473
"7901009",87,0,1,0.014952,1,-0.007476,1,142.99570114533,1,4.86603890039066,264,1,17.8040008544922,36.375,0.0149520002305508,0.00140043254941702,137.890106201172,-87.2831,26.4338,53.5408383279193,63,63,63,63,61,63,0,8046,1.33458767306251,26,-87,0.001869,51,2025-10-02 13:42:18.001455,264,1.037,0.0011,"aoml_navis",1027.52980449839
"7901009",87,0,1,0.020559,1,-0.001869,1,140.538981829889,1,4.86598048571498,266,1,17.7560005187988,36.3639984130859,0.020558999851346,0.00560173019766808,135.521102905273,-87.2831,26.4338,53.5408383279193,63,63,63,63,61,63,0,8046,1.33458767306251,26,-87,0.001869,51,2025-10-02 13:42:18.001455,266,1.037,0.0011,"aoml_navis",1027.54213969383
"7901009",87,0,1,0.020559,1,-0.001869,1,138.359669015489,1,4.86588493772048,268,1,17.6520004272461,36.3450012207031,0.020558999851346,0.00560173019766808,133.41960144043,-87.2831,26.4338,53.5408383279193,63,63,63,63,61,63,0,8046,1.33458767306251,26,-87,0.001869,51,2025-10-02 13:42:18.001455,268,1.037,0.0011,"aoml_navis",1027.56231682337
"7901009",87,0,1,0.020559,1,-0.001869,1,138.925780188908,1,4.86576103446261,270,1,17.5049991607666,36.3199996948242,0.020558999851346,0.00560173019766808,133.96549987793,-87.2831,26.4338,53.5408383279193,63,63,63,63,61,63,0,8046,1.33458767306251,26,-87,0.001869,51,2025-10-02 13:42:18.001455,270,1.037,0.0011,"aoml_navis",1027.58848299097
"7901009",87,0,1,0.020559,1,-0.001869,1,141.094728434363,1,4.8656599248887,272,1,17.4169998168945,36.3079986572266,0.020558999851346,0.00560173019766808,136.057006835938,-87.2831,26.4338,53.5408383279193,63,63,63,63,61,63,0,8046,1.33458767306251,26,-87,0.001869,51,2025-10-02 13:42:18.001455,272,1.037,0.0011,"aoml_navis",1027.60983652477
"7901009",87,0,1,0.014952,1,-0.007476,1,141.385822495919,1,4.8655518624656,274,1,17.3290004730225,36.2980003356934,0.0149520002305508,0.00140043254941702,136.337707519531,-87.2831,26.4338,53.5408383279193,63,63,63,63,61,63,0,8046,1.33458767306251,26,-87,0.001869,51,2025-10-02 13:42:18.001455,274,1.037,0.0011,"aoml_navis",1027.63265942587
"7901009",87,0,1,0.016821,1,-0.005607,1,139.887928662426,1,4.86549512804056,276,1,17.2910003662109,36.2900009155273,0.0168210007250309,0.00280086509883404,134.893295288086,-87.2831,26.4338,53.5408383279193,63,63,63,63,61,63,0,8046,1.33458767306251,26,-87,0.001869,51,2025-10-02 13:42:18.001455,276,1.037,0.0011,"aoml_navis",1027.64464220389
"7901009",87,0,1,0.01869,1,-0.003738,1,137.609068514842,1,4.86542268819793,278,1,17.2269992828369,36.2779998779297,0.0186899993568659,0.00420129764825106,132.69580078125,-87.2831,26.4338,53.5408383279193,63,63,63,63,61,63,0,8046,1.33458767306251,26,-87,0.001869,51,2025-10-02 13:42:18.001455,278,1.037,0.0011,"aoml_navis",1027.65994250171
"7901009",87,0,1,0.014952,1,-0.007476,1,135.446861195143,1,4.86531693778982,280,1,17.1060009002686,36.2569999694824,0.0149520002305508,0.00140043254941702,130.610794067383,-87.2831,26.4338,53.5408383279193,63,63,63,63,61,63,0,8046,1.33458767306251,26,-87,0.001869,51,2025-10-02 13:42:18.001455,280,1.037,0.0011,"aoml_navis",1027.68227927025
"7901009",87,0,1,0.022428,1,0,1,133.344499371249,1,4.86523652398231,282,1,17.0189990997314,36.2400016784668,0.0224280003458261,0.00700216321274638,128.58349609375,-87.2831,26.4338,53.5408383279193,63,63,63,63,61,63,0,8046,1.33458767306251,26,-87,0.001869,51,2025-10-02 13:42:18.001455,282,1.037,0.0011,"aoml_navis",1027.69926505184
"7901009",87,0,1,0.022428,1,0,1,131.993980213897,1,4.86511475377154,284,1,16.8799991607666,36.2179985046387,0.0224280003458261,0.00700216321274638,127.281196594238,-87.2831,26.4338,53.5408383279193,63,63,63,63,61,63,0,8046,1.33458767306251,26,-87,0.001869,51,2025-10-02 13:42:18.001455,284,1.037,0.0011,"aoml_navis",1027.72498760156
"7901009",87,0,1,0.020559,1,-0.001869,1,131.507517983664,1,4.86502045080266,286,1,16.7770004272461,36.2000007629395,0.020558999851346,0.00560173019766808,126.812103271484,-87.2831,26.4338,53.5408383279193,63,63,63,63,61,63,0,8046,1.33458767306251,26,-87,0.001869,51,2025-10-02 13:42:18.001455,286,1.037,0.0011,"aoml_navis",1027.7449088986
"7901009",87,0,1,0.022428,1,0,1,131.012234001999,1,4.86490657205172,288,1,16.6660003662109,36.185001373291,0.0224280003458261,0.00700216321274638,126.334503173828,-87.2831,26.4338,53.5408383279193,63,63,63,63,61,63,0,8046,1.33458767306251,26,-87,0.001869,51,2025-10-02 13:42:18.001455,288,1.037,0.0011,"aoml_navis",1027.76896656646
"7901009",87,0,1,0.022428,1,0,1,130.166121229361,1,4.86485675028857,290,1,16.6299991607666,36.1759986877441,0.0224280003458261,0.00700216321274638,125.518600463867,-87.2831,26.4338,53.5408383279193,63,63,63,63,61,63,0,8046,1.33458767306251,26,-87,0.001869,51,2025-10-02 13:42:18.001455,290,1.037,0.0011,"aoml_navis",1027.7794921101
"7901009",87,0,1,0.024297,1,0.001869,1,129.374038717279,1,4.86475012106499,292,1,16.5279998779297,36.1619987487793,0.0242970008403063,0.00840259529650211,124.75479888916,-87.2831,26.4338,53.5408383279193,63,63,63,63,61,63,0,8046,1.33458767306251,26,-87,0.001869,51,2025-10-02 13:42:18.001455,292,1.037,0.0011,"aoml_navis",1027.80201974801
"7901009",87,0,1,0.022428,1,0,1,128.61555797948,1,4.86466498496879,294,1,16.4349994659424,36.1450004577637,0.0224280003458261,0.00700216321274638,124.023399353027,-87.2831,26.4338,53.5408383279193,63,63,63,63,61,63,0,8046,1.33458767306251,26,-87,0.001869,51,2025-10-02 13:42:18.001455,294,1.037,0.0011,"aoml_navis",1027.82000722545
"7901009",87,0,1,0.01869,1,-0.003738,1,128.19867286322,1,4.8645692004196,296,1,16.3290004730225,36.1269989013672,0.0186899993568659,0.00420129764825106,123.621398925781,-87.2831,26.4338,53.5408383279193,63,63,63,63,61,63,0,8046,1.33458767306251,26,-87,0.001869,51,2025-10-02 13:42:18.001455,296,1.037,0.0011,"aoml_navis",1027.84024525105
"7901009",87,0,1,0.020559,1,-0.001869,1,128.38347075395,1,4.86443933320367,298,1,16.1760005950928,36.1040000915527,0.020558999851346,0.00560173019766808,123.799598693848,-87.2831,26.4338,53.5408383279193,63,63,63,63,61,63,0,8046,1.33458767306251,26,-87,0.001869,51,2025-10-02 13:42:18.001455,298,1.037,0.0011,"aoml_navis",1027.86768577234
"7901009",87,0,1,0.01869,1,-0.003738,1,128.519325725981,1,4.8643446626635,300,1,16.0830001831055,36.0900001525879,0.0186899993568659,0.00420129764825106,123.930603027344,-87.2831,26.4338,53.5408383279193,63,63,63,63,61,63,0,8046,1.33458767306251,26,-87,0.001869,51,2025-10-02 13:42:18.001455,300,1.037,0.0011,"aoml_navis",1027.88769027362
"7901009",87,0,1,0.020559,1,-0.001869,1,128.699764168247,1,4.86428786027271,302,1,16.0400009155273,36.0810012817383,0.020558999851346,0.00560173019766808,124.104598999023,-87.2831,26.4338,53.5408383279193,63,63,63,63,61,63,0,8046,1.33458767306251,26,-87,0.001869,51,2025-10-02 13:42:18.001455,302,1.037,0.0011,"aoml_navis",1027.89969336224
"7901009",87,0,1,0.01869,1,-0.003738,1,128.909967120721,1,4.86421867498607,304,1,15.9759998321533,36.0690002441406,0.0186899993568659,0.00420129764825106,124.30729675293,-87.2831,26.4338,53.5408383279193,63,63,63,63,61,63,0,8046,1.33458767306251,26,-87,0.001869,51,2025-10-02 13:42:18.001455,304,1.037,0.0011,"aoml_navis",1027.91431349749
"7901009",87,0,1,0.020559,1,-0.001869,1,129.121008732972,1,4.86407245558835,306,1,15.7930002212524,36.0419998168945,0.020558999851346,0.00560173019766808,124.510803222656,-87.2831,26.4338,53.5408383279193,63,63,63,63,61,63,0,8046,1.33458767306251,26,-87,0.001869,51,2025-10-02 13:42:18.001455,306,1.037,0.0011,"aoml_navis",1027.94521373864
"7901009",87,0,1,0.020559,1,-0.001869,1,128.850857430194,1,4.86398127598956,308,1,15.6820001602173,36.0219993591309,0.020558999851346,0.00560173019766808,124.250297546387,-87.2831,26.4338,53.5408383279193,63,63,63,63,61,63,0,8046,1.33458767306251,26,-87,0.001869,51,2025-10-02 13:42:18.001455,308,1.037,0.0011,"aoml_navis",1027.96448347404
"7901009",87,0,1,0.020559,1,-0.001869,1,128.741246179683,1,4.86387974697749,310,1,15.581000328064,36.007999420166,0.020558999851346,0.00560173019766808,124.144599914551,-87.2831,26.4338,53.5408383279193,63,63,63,63,61,63,0,8046,1.33458767306251,26,-87,0.001869,51,2025-10-02 13:42:18.001455,310,1.037,0.0011,"aoml_navis",1027.98594128629
"7901009",87,0,1,0.026166,1,0.003738,1,128.190586917065,1,4.86380703429373,312,1,15.5159997940063,35.9970016479492,0.0261659994721413,0.00980302784591913,123.61360168457,-87.2831,26.4338,53.5408383279193,63,63,63,63,61,63,0,8046,1.33458767306251,26,-87,0.001869,51,2025-10-02 13:42:18.001455,312,1.037,0.0011,"aoml_navis",1028.00130941585
"7901009",87,0,1,0.022428,1,0,1,127.651748010176,1,4.86372905370048,314,1,15.456000328064,35.9889984130859,0.0224280003458261,0.00700216321274638,123.09400177002,-87.2831,26.4338,53.5408383279193,63,63,63,63,61,63,0,8046,1.33458767306251,26,-87,0.001869,51,2025-10-02 13:42:18.001455,314,1.037,0.0011,"aoml_navis",1028.01779145075
"7901009",87,0,1,0.01869,1,-0.003738,1,126.959948636554,1,4.86368092961521,316,1,15.4300003051758,35.9830017089844,0.0186899993568659,0.00420129764825106,122.426902770996,-87.2831,26.4338,53.5408383279193,63,63,63,63,61,63,0,8046,1.33458767306251,26,-87,0.001869,51,2025-10-02 13:42:18.001455,316,1.037,0.0011,"aoml_navis",1028.02796325613
"7901009",87,0,1,0.016821,1,-0.005607,1,125.908712341414,1,4.8636230521378,318,1,15.3950004577637,35.9770011901855,0.0168210007250309,0.00280086509883404,121.413200378418,-87.2831,26.4338,53.5408383279193,63,63,63,63,61,63,0,8046,1.33458767306251,26,-87,0.001869,51,2025-10-02 13:42:18.001455,318,1.037,0.0011,"aoml_navis",1028.04019686564
"7901009",87,0,1,0.020559,1,-0.001869,1,125.040509586718,1,4.86353246234443,320,1,15.3030004501343,35.9630012512207,0.020558999851346,0.00560173019766808,120.575996398926,-87.2831,26.4338,53.5408383279193,63,63,63,63,61,63,0,8046,1.33458767306251,26,-87,0.001869,51,2025-10-02 13:42:18.001455,320,1.037,0.0011,"aoml_navis",1028.05934548852
"7901009",87,0,1,0.020559,1,-0.001869,1,124.351613874777,1,4.86343695153209,322,1,15.1960000991821,35.9459991455078,0.020558999851346,0.00560173019766808,119.911697387695,-87.2831,26.4338,53.5408383279193,63,63,63,63,61,63,0,8046,1.33458767306251,26,-87,0.001869,51,2025-10-02 13:42:18.001455,322,1.037,0.0011,"aoml_navis",1028.07953507548
"7901009",87,0,1,0.020559,1,-0.001869,1,123.665004697512,1,4.86333612295478,324,1,15.0869998931885,35.9300003051758,0.020558999851346,0.00560173019766808,119.249603271484,-87.2831,26.4338,53.5408383279193,63,63,63,63,61,63,0,8046,1.33458767306251,26,-87,0.001869,51,2025-10-02 13:42:18.001455,324,1.037,0.0011,"aoml_navis",1028.10084962053
"7901009",87,0,1,0.022428,1,0,1,122.719336679806,1,4.86327568317513,326,1,15.0389995574951,35.9210014343262,0.0224280003458261,0.00700216321274638,118.337699890137,-87.2831,26.4338,53.5408383279193,63,63,63,63,61,63,0,8046,1.33458767306251,26,-87,0.001869,51,2025-10-02 13:42:18.001455,326,1.037,0.0011,"aoml_navis",1028.11362664425
"7901009",87,0,1,0.022428,1,0,1,121.953284268357,1,4.86318218587603,328,1,14.9429998397827,35.9070014953613,0.0224280003458261,0.00700216321274638,117.598999023438,-87.2831,26.4338,53.5408383279193,63,63,63,63,61,63,0,8046,1.33458767306251,26,-87,0.001869,51,2025-10-02 13:42:18.001455,328,1.037,0.0011,"aoml_navis",1028.13339268295
"7901009",87,0,1,0.01869,1,-0.003738,1,121.632014278589,1,4.86311909164804,330,1,14.8819999694824,35.8950004577637,0.0186899993568659,0.00420129764825106,117.289199829102,-87.2831,26.4338,53.5408383279193,63,63,63,63,61,63,0,8046,1.33458767306251,26,-87,0.001869,51,2025-10-02 13:42:18.001455,330,1.037,0.0011,"aoml_navis",1028.14673171114
"7901009",87,0,1,0.022428,1,0,1,121.565641477915,1,4.8630435546274,332,1,14.8159999847412,35.8849983215332,0.0224280003458261,0.00700216321274638,117.225196838379,-87.2831,26.4338,53.5408383279193,63,63,63,63,61,63,0,8046,1.33458767306251,26,-87,0.001869,51,2025-10-02 13:42:18.001455,332,1.037,0.0011,"aoml_navis",1028.1627017801
"7901009",87,0,1,0.020559,1,-0.001869,1,121.9312971408,1,4.86298333030944,334,1,14.7779998779297,35.8790016174316,0.020558999851346,0.00560173019766808,117.577796936035,-87.2831,26.4338,53.5408383279193,63,63,63,63,61,63,0,8046,1.33458767306251,26,-87,0.001869,51,2025-10-02 13:42:18.001455,334,1.037,0.0011,"aoml_navis",1028.17543478642
"7901009",87,0,1,0.016821,1,-0.005607,1,122.659087677883,1,4.86293530078897,336,1,14.7480001449585,35.8720016479492,0.0168210007250309,0.00280086509883404,118.279602050781,-87.2831,26.4338,53.5408383279193,63,63,63,63,61,63,0,8046,1.33458767306251,26,-87,0.001869,51,2025-10-02 13:42:18.001455,336,1.037,0.0011,"aoml_navis",1028.18558971755
"7901009",87,0,1,0.020559,1,-0.001869,1,123.725870826441,1,4.86284307723027,338,1,14.6590003967285,35.8600006103516,0.020558999851346,0.00560173019766808,119.308296203613,-87.2831,26.4338,53.5408383279193,63,63,63,63,61,63,0,8046,1.33458767306251,26,-87,0.001869,51,2025-10-02 13:42:18.001455,338,1.037,0.0011,"aoml_navis",1028.20508920223
"7901009",87,0,1,0.022428,1,0,1,124.121813183923,1,4.86277484379148,340,1,14.58899974823,35.8470001220703,0.0224280003458261,0.00700216321274638,119.690101623535,-87.2831,26.4338,53.5408383279193,63,63,63,63,61,63,0,8046,1.33458767306251,26,-87,0.001869,51,2025-10-02 13:42:18.001455,340,1.037,0.0011,"aoml_navis",1028.21951676083
"7901009",87,0,1,0.022428,1,0,1,123.804791876235,1,4.86270317538579,342,1,14.5190000534058,35.8349990844727,0.0224280003458261,0.00700216321274638,119.384399414062,-87.2831,26.4338,53.5408383279193,63,63,63,63,61,63,0,8046,1.33458767306251,26,-87,0.001869,51,2025-10-02 13:42:18.001455,342,1.037,0.0011,"aoml_navis",1028.23467105893
"7901009",87,0,1,0.020559,1,-0.001869,1,122.955466878412,1,4.86262013291611,344,1,14.4309997558594,35.8209991455078,0.020558999851346,0.00560173019766808,118.565399169922,-87.2831,26.4338,53.5408383279193,63,63,63,63,61,63,0,8046,1.33458767306251,26,-87,0.001869,51,2025-10-02 13:42:18.001455,344,1.037,0.0011,"aoml_navis",1028.2522309637
"7901009",87,0,1,0.01869,1,-0.003738,1,122.218142520277,1,4.86252749661908,346,1,14.3299999237061,35.8059997558594,0.0186899993568659,0.00420129764825106,117.854400634766,-87.2831,26.4338,53.5408383279193,63,63,63,63,61,63,0,8046,1.33458767306251,26,-87,0.001869,51,2025-10-02 13:42:18.001455,346,1.037,0.0011,"aoml_navis",1028.27182025737
"7901009",87,0,1,0.024297,1,0.001869,1,121.353990650543,1,4.86245084920644,348,1,14.2650003433228,35.7970008850098,0.0242970008403063,0.00840259529650211,117.021102905273,-87.2831,26.4338,53.5408383279193,63,63,63,63,61,63,0,8046,1.33458767306251,26,-87,0.001869,51,2025-10-02 13:42:18.001455,348,1.037,0.0011,"aoml_navis",1028.28802903293
"7901009",87,0,1,0.026166,1,0.003738,1,120.278385750554,1,4.86238788112594,350,1,14.2130002975464,35.7879981994629,0.0261659994721413,0.00980302784591913,115.983901977539,-87.2831,26.4338,53.5408383279193,63,63,63,63,61,63,0,8046,1.33458767306251,26,-87,0.001869,51,2025-10-02 13:42:18.001455,350,1.037,0.0011,"aoml_navis",1028.3013453962
"7901009",87,0,1,0.024297,1,0.001869,1,119.164827539702,1,4.86231829453346,352,1,14.1510000228882,35.7779998779297,0.0242970008403063,0.00840259529650211,114.910102844238,-87.2831,26.4338,53.5408383279193,63,63,63,63,61,63,0,8046,1.33458767306251,26,-87,0.001869,51,2025-10-02 13:42:18.001455,352,1.037,0.0011,"aoml_navis",1028.31606183029
"7901009",87,0,1,0.022428,1,0,1,118.369422036049,1,4.86225299941004,354,1,14.0930004119873,35.7680015563965,0.0224280003458261,0.00700216321274638,114.143096923828,-87.2831,26.4338,53.5408383279193,63,63,63,63,61,63,0,8046,1.33458767306251,26,-87,0.001869,51,2025-10-02 13:42:18.001455,354,1.037,0.0011,"aoml_navis",1028.32987107143
"7901009",87,0,1,0.020559,1,-0.001869,1,117.791181943399,1,4.862169312324,356,1,14.0170001983643,35.757999420166,0.020558999851346,0.00560173019766808,113.585502624512,-87.2831,26.4338,53.5408383279193,63,63,63,63,61,63,0,8046,1.33458767306251,26,-87,0.001869,51,2025-10-02 13:42:18.001455,356,1.037,0.0011,"aoml_navis",1028.34757056416
"7901009",87,0,1,0.022428,1,0,1,117.295478631846,1,4.86210770391092,358,1,13.9799995422363,35.7529983520508,0.0224280003458261,0.00700216321274638,113.107498168945,-87.2831,26.4338,53.5408383279193,63,63,63,63,61,63,0,8046,1.33458767306251,26,-87,0.001869,51,2025-10-02 13:42:18.001455,358,1.037,0.0011,"aoml_navis",1028.36060089293
"7901009",87,0,1,0.029904,1,0.007476,1,116.599011246255,1,4.86205332475536,360,1,13.9499998092651,35.7480010986328,0.0299040004611015,0.0126038929447532,112.435897827148,-87.2831,26.4338,53.5408383279193,63,63,63,63,61,63,0,8046,1.33458767306251,26,-87,0.001869,51,2025-10-02 13:42:18.001455,360,1.037,0.0011,"aoml_navis",1028.37210249058
"7901009",87,0,1,0.022428,1,0,1,115.563440482804,1,4.8619959161344,362,1,13.9169998168945,35.7430000305176,0.0224280003458261,0.00700216321274638,111.437301635742,-87.2831,26.4338,53.5408383279193,63,63,63,63,61,63,0,8046,1.33458767306251,26,-87,0.001869,51,2025-10-02 13:42:18.001455,362,1.037,0.0011,"aoml_navis",1028.38424512197
"7901009",87,0,1,0.020559,1,-0.001869,1,114.254189716001,1,4.86193252413535,364,1,13.871000289917,35.7360000610352,0.020558999851346,0.00560173019766808,110.174797058105,-87.2831,26.4338,53.5408383279193,63,63,63,63,61,63,0,8046,1.33458767306251,26,-87,0.001869,51,2025-10-02 13:42:18.001455,364,1.037,0.0011,"aoml_navis",1028.39765364477
"7901009",87,0,1,0.020559,1,-0.001869,1,113.216957456764,1,4.86185709577924,366,1,13.8059997558594,35.7270011901855,0.020558999851346,0.00560173019766808,109.174598693848,-87.2831,26.4338,53.5408383279193,63,63,63,63,61,63,0,8046,1.33458767306251,26,-87,0.001869,51,2025-10-02 13:42:18.001455,366,1.037,0.0011,"aoml_navis",1028.41360852434
"7901009",87,0,1,0.024297,1,0.001869,1,113.10423683557,1,4.86177532068887,368,1,13.7309999465942,35.7169990539551,0.0242970008403063,0.00840259529650211,109.065902709961,-87.2831,26.4338,53.5408383279193,63,63,63,63,61,63,0,8046,1.33458767306251,26,-87,0.001869,51,2025-10-02 13:42:18.001455,368,1.037,0.0011,"aoml_navis",1028.43090644747
"7901009",87,0,1,0.026166,1,0.003738,1,113.009966729475,1,4.86171879354369,370,1,13.6949996948242,35.7109985351562,0.0261659994721413,0.00980302784591913,108.974998474121,-87.2831,26.4338,53.5408383279193,63,63,63,63,61,63,0,8046,1.33458767306251,26,-87,0.001869,51,2025-10-02 13:42:18.001455,370,1.037,0.0011,"aoml_navis",1028.44286400109
"7901009",87,0,1,0.020559,1,-0.001869,1,112.913940184979,1,4.8616440352227,372,1,13.6230001449585,35.7000007629395,0.020558999851346,0.00560173019766808,108.882400512695,-87.2831,26.4338,53.5408383279193,63,63,63,63,61,63,0,8046,1.33458767306251,26,-87,0.001869,51,2025-10-02 13:42:18.001455,372,1.037,0.0011,"aoml_navis",1028.45867854061
"7901009",87,0,1,0.024297,1,0.001869,1,112.783900448196,1,4.86157736172194,374,1,13.5659999847412,35.6910018920898,0.0242970008403063,0.00840259529650211,108.75700378418,-87.2831,26.4338,53.5408383279193,63,63,63,63,61,63,0,8046,1.33458767306251,26,-87,0.001869,51,2025-10-02 13:42:18.001455,374,1.037,0.0011,"aoml_navis",1028.47278320982
"7901009",87,0,1,0.020559,1,-0.001869,1,112.550563144885,1,4.86150439936825,376,1,13.4989995956421,35.6809997558594,0.020558999851346,0.00560173019766808,108.531997680664,-87.2831,26.4338,53.5408383279193,63,63,63,63,61,63,0,8046,1.33458767306251,26,-87,0.001869,51,2025-10-02 13:42:18.001455,376,1.037,0.0011,"aoml_navis",1028.48821871883
"7901009",87,0,1,0.022428,1,0,1,112.20502740477,1,4.86145563769279,378,1,13.4739999771118,35.6759986877441,0.0224280003458261,0.00700216321274638,108.198799133301,-87.2831,26.4338,53.5408383279193,63,63,63,63,61,63,0,8046,1.33458767306251,26,-87,0.001869,51,2025-10-02 13:42:18.001455,378,1.037,0.0011,"aoml_navis",1028.49853472549
"7901009",87,0,1,0.020559,1,-0.001869,1,111.697820212876,1,4.86138894179091,380,1,13.4130001068115,35.6660003662109,0.020558999851346,0.00560173019766808,107.709701538086,-87.2831,26.4338,53.5408383279193,63,63,63,63,61,63,0,8046,1.33458767306251,26,-87,0.001869,51,2025-10-02 13:42:18.001455,380,1.037,0.0011,"aoml_navis",1028.51264522728
"7901009",87,0,1,0.024297,1,0.001869,1,111.205748456396,1,4.86128831707171,382,1,13.3070001602173,35.6529998779297,0.0242970008403063,0.00840259529650211,107.235198974609,-87.2831,26.4338,53.5408383279193,63,63,63,63,61,63,0,8046,1.33458767306251,26,-87,0.001869,51,2025-10-02 13:42:18.001455,382,1.037,0.0011,"aoml_navis",1028.53393460354
"7901009",87,0,1,0.01869,1,-0.003738,1,110.154409306755,1,4.86124169736839,384,1,13.2729997634888,35.6450004577637,0.0186899993568659,0.00420129764825106,106.221397399902,-87.2831,26.4338,53.5408383279193,63,63,63,63,61,63,0,8046,1.33458767306251,26,-87,0.001869,51,2025-10-02 13:42:18.001455,384,1.037,0.0011,"aoml_navis",1028.54379832764
"7901009",87,0,1,0.020559,1,-0.001869,1,109.50917137454,1,4.86114865754616,386,1,13.1850004196167,35.6349983215332,0.020558999851346,0.00560173019766808,105.599197387695,-87.2831,26.4338,53.5408383279193,63,63,63,63,61,63,0,8046,1.33458767306251,26,-87,0.001869,51,2025-10-02 13:42:18.001455,386,1.037,0.0011,"aoml_navis",1028.56348411364
"7901009",87,0,1,0.01869,1,-0.003738,1,109.074452870186,1,4.86109919570204,388,1,13.1590003967285,35.6300010681152,0.0186899993568659,0.00420129764825106,105.180000305176,-87.2831,26.4338,53.5408383279193,63,63,63,63,61,63,0,8046,1.33458767306251,26,-87,0.001869,51,2025-10-02 13:42:18.001455,388,1.037,0.0011,"aoml_navis",1028.5739497809
"7901009",87,0,1,0.026166,1,0.003738,1,108.854391709387,1,4.86105108786504,390,1,13.1379995346069,35.6259994506836,0.0261659994721413,0.00980302784591913,104.967796325684,-87.2831,26.4338,53.5408383279193,63,63,63,63,61,63,0,8046,1.33458767306251,26,-87,0.001869,51,2025-10-02 13:42:18.001455,390,1.037,0.0011,"aoml_navis",1028.58412915713
"7901009",87,0,1,0.024297,1,0.001869,1,108.923359608239,1,4.86097633431505,392,1,13.0679998397827,35.6160011291504,0.0242970008403063,0.00840259529650211,105.034301757812,-87.2831,26.4338,53.5408383279193,63,63,63,63,61,63,0,8046,1.33458767306251,26,-87,0.001869,51,2025-10-02 13:42:18.001455,392,1.037,0.0011,"aoml_navis",1028.59994703195
"7901009",87,0,1,0.01869,1,-0.003738,1,109.141442797866,1,4.86090249043375,394,1,12.9949998855591,35.6049995422363,0.0186899993568659,0.00420129764825106,105.244598388672,-87.2831,26.4338,53.5408383279193,63,63,63,63,61,63,0,8046,1.33458767306251,26,-87,0.001869,51,2025-10-02 13:42:18.001455,394,1.037,0.0011,"aoml_navis",1028.61557289824
"7901009",87,0,1,0.024297,1,0.001869,1,109.327277145491,1,4.86082984317643,396,1,12.9230003356934,35.5940017700195,0.0242970008403063,0.00840259529650211,105.423797607422,-87.2831,26.4338,53.5408383279193,63,63,63,63,61,63,0,8046,1.33458767306251,26,-87,0.001869,51,2025-10-02 13:42:18.001455,396,1.037,0.0011,"aoml_navis",1028.63094601407
"7901009",87,0,1,0.022428,1,0,1,109.483252040292,1,4.8607630404474,398,1,12.8529996871948,35.5820007324219,0.0224280003458261,0.00700216321274638,105.574203491211,-87.2831,26.4338,53.5408383279193,63,63,63,63,61,63,0,8046,1.33458767306251,26,-87,0.001869,51,2025-10-02 13:42:18.001455,398,1.037,0.0011,"aoml_navis",1028.64508275634
"7901009",87,0,1,0.022428,1,0,1,109.760033502441,1,4.86068446556152,400,1,12.7670001983643,35.5690002441406,0.0224280003458261,0.00700216321274638,105.841102600098,-87.2831,26.4338,53.5408383279193,63,63,63,63,61,63,0,8046,1.33458767306251,26,-87,0.001869,51,2025-10-02 13:42:18.001455,400,1.037,0.0011,"aoml_navis",1028.66171121074
"7901009",87,0,1,0.028035,1,0.005607,1,109.764907223411,1,4.86059211863569,402,1,12.6590003967285,35.5540008544922,0.0280349999666214,0.0112034603953362,105.845802307129,-87.2831,26.4338,53.5408383279193,63,63,63,63,61,63,0,8046,1.33458767306251,26,-87,0.001869,51,2025-10-02 13:42:18.001455,402,1.037,0.0011,"aoml_navis",1028.68125486807
"7901009",87,0,1,0.024297,1,0.001869,1,109.453171054696,1,4.86054298047303,404,1,12.628999710083,35.5480003356934,0.0242970008403063,0.00840259529650211,105.545196533203,-87.2831,26.4338,53.5408383279193,63,63,63,63,61,63,0,8046,1.33458767306251,26,-87,0.001869,51,2025-10-02 13:42:18.001455,404,1.037,0.0011,"aoml_navis",1028.69165442775
"7901009",87,0,1,0.028035,1,0.005607,1,109.074555724687,1,4.86047653084722,406,1,12.5659999847412,35.5379981994629,0.0280349999666214,0.0112034603953362,105.180099487305,-87.2831,26.4338,53.5408383279193,63,63,63,63,61,63,0,8046,1.33458767306251,26,-87,0.001869,51,2025-10-02 13:42:18.001455,406,1.037,0.0011,"aoml_navis",1028.70571810548
"7901009",87,0,1,0.024297,1,0.001869,1,108.774236405581,1,4.86040230787154,408,1,12.4910001754761,35.5270004272461,0.0242970008403063,0.00840259529650211,104.890502929688,-87.2831,26.4338,53.5408383279193,63,63,63,63,61,63,0,8046,1.33458767306251,26,-87,0.001869,51,2025-10-02 13:42:18.001455,408,1.037,0.0011,"aoml_navis",1028.72142742225
"7901009",87,0,1,0.028035,1,0.005607,1,108.695726773791,1,4.86032930132863,410,1,12.4169998168945,35.515998840332,0.0280349999666214,0.0112034603953362,104.814796447754,-87.2831,26.4338,53.5408383279193,63,63,63,63,61,63,0,8046,1.33458767306251,26,-87,0.001869,51,2025-10-02 13:42:18.001455,410,1.037,0.0011,"aoml_navis",1028.7368797487
"7901009",87,0,1,0.026166,1,0.003738,1,108.714913094167,1,4.86025382141398,412,1,12.3439998626709,35.5060005187988,0.0261659994721413,0.00980302784591913,104.833297729492,-87.2831,26.4338,53.5408383279193,63,63,63,63,61,63,0,8046,1.33458767306251,26,-87,0.001869,51,2025-10-02 13:42:18.001455,412,1.037,0.0011,"aoml_navis",1028.75285606902
"7901009",87,0,1,0.024297,1,0.001869,1,108.672711101225,1,4.86019436930223,414,1,12.298999786377,35.4990005493164,0.0242970008403063,0.00840259529650211,104.792602539062,-87.2831,26.4338,53.5408383279193,63,63,63,63,61,63,0,8046,1.33458767306251,26,-87,0.001869,51,2025-10-02 13:42:18.001455,414,1.037,0.0011,"aoml_navis",1028.76544024264
"7901009",87,0,1,0.022428,1,0,1,108.487913210494,1,4.86015078175042,416,1,12.2819995880127,35.4949989318848,0.0224280003458261,0.00700216321274638,104.614402770996,-87.2831,26.4338,53.5408383279193,63,63,63,63,61,63,0,8046,1.33458767306251,26,-87,0.001869,51,2025-10-02 13:42:18.001455,416,1.037,0.0011,"aoml_navis",1028.7746665751
"7901009",87,0,1,0.026166,1,0.003738,1,108.340032173732,1,4.86008858079584,418,1,12.2340002059937,35.4879989624023,0.0261659994721413,0.00980302784591913,104.471801757812,-87.2831,26.4338,53.5408383279193,63,63,63,63,61,63,0,8046,1.33458767306251,26,-87,0.001869,51,2025-10-02 13:42:18.001455,418,1.037,0.0011,"aoml_navis",1028.78783315946
"7901009",87,0,1,0.022428,1,0,1,108.233427439404,1,4.86001461084431,420,1,12.1619997024536,35.4780006408691,0.0224280003458261,0.00700216321274638,104.369003295898,-87.2831,26.4338,53.5408383279193,63,63,63,63,61,63,0,8046,1.33458767306251,26,-87,0.001869,51,2025-10-02 13:42:18.001455,420,1.037,0.0011,"aoml_navis",1028.8034914223
"7901009",87,0,1,0.020559,1,-0.001869,1,108.079114040388,1,4.85995644438015,422,1,12.1180000305176,35.4710006713867,0.020558999851346,0.00560173019766808,104.220199584961,-87.2831,26.4338,53.5408383279193,63,63,63,63,61,63,0,8046,1.33458767306251,26,-87,0.001869,51,2025-10-02 13:42:18.001455,422,1.037,0.0011,"aoml_navis",1028.81580467286
"7901009",87,0,1,0.022428,1,0,1,107.925845010152,1,4.85989362398869,424,1,12.0690002441406,35.4640007019043,0.0224280003458261,0.00700216321274638,104.072402954102,-87.2831,26.4338,53.5408383279193,63,63,63,63,61,63,0,8046,1.33458767306251,26,-87,0.001869,51,2025-10-02 13:42:18.001455,424,1.037,0.0011,"aoml_navis",1028.82910344369
"7901009",87,0,1,0.028035,1,0.005607,1,107.911010226356,1,4.85981922941724,426,1,11.996000289917,35.4539985656738,0.0280349999666214,0.0112034603953362,104.058097839355,-87.2831,26.4338,53.5408383279193,63,63,63,63,61,63,0,8046,1.33458767306251,26,-87,0.001869,51,2025-10-02 13:42:18.001455,426,1.037,0.0011,"aoml_navis",1028.84485285671
"7901009",87,0,1,0.028035,1,0.005607,1,107.816850886647,1,4.85975937373859,428,1,11.9460000991821,35.4459991455078,0.0280349999666214,0.0112034603953362,103.967300415039,-87.2831,26.4338,53.5408383279193,63,63,63,63,61,63,0,8046,1.33458767306251,26,-87,0.001869,51,2025-10-02 13:42:18.001455,428,1.037,0.0011,"aoml_navis",1028.8575247201
"7901009",87,0,1,0.026166,1,0.003738,1,107.721963653546,1,4.85970170335324,430,1,11.9060001373291,35.439998626709,0.0261659994721413,0.00980302784591913,103.875801086426,-87.2831,26.4338,53.5408383279193,63,63,63,63,61,63,0,8046,1.33458767306251,26,-87,0.001869,51,2025-10-02 13:42:18.001455,430,1.037,0.0011,"aoml_navis",1028.86973423697
"7901009",87,0,1,0.022428,1,0,1,107.720824342151,1,4.85963435619744,432,1,11.8400001525879,35.4300003051758,0.0224280003458261,0.00700216321274638,103.874702453613,-87.2831,26.4338,53.5408383279193,63,63,63,63,61,63,0,8046,1.33458767306251,26,-87,0.001869,51,2025-10-02 13:42:18.001455,432,1.037,0.0011,"aoml_navis",1028.88399280978
"7901009",87,0,1,0.026166,1,0.003738,1,107.829501990268,1,4.85955887148528,434,1,11.7690000534058,35.4210014343262,0.0261659994721413,0.00980302784591913,103.979499816895,-87.2831,26.4338,53.5408383279193,63,63,63,63,61,63,0,8046,1.33458767306251,26,-87,0.001869,51,2025-10-02 13:42:18.001455,434,1.037,0.0011,"aoml_navis",1028.89997471556
"7901009",87,0,1,0.028035,1,0.005607,1,107.785424880654,1,4.85950902211965,436,1,11.7410001754761,35.4160003662109,0.0280349999666214,0.0112034603953362,103.936996459961,-87.2831,26.4338,53.5408383279193,63,63,63,63,61,63,0,8046,1.33458767306251,26,-87,0.001869,51,2025-10-02 13:42:18.001455,436,1.037,0.0011,"aoml_navis",1028.91052928204
"7901009",87,0,1,0.026166,1,0.003738,1,107.681929517009,1,4.85945355091715,438,1,11.7030000686646,35.4099998474121,0.0261659994721413,0.00980302784591913,103.837196350098,-87.2831,26.4338,53.5408383279193,63,63,63,63,61,63,0,8046,1.33458767306251,26,-87,0.001869,51,2025-10-02 13:42:18.001455,438,1.037,0.0011,"aoml_navis",1028.92227441012
"7901009",87,0,1,0.029904,1,0.007476,1,107.516317946655,1,4.85939715071136,440,1,11.6599998474121,35.4029998779297,0.0299040004611015,0.0126038929447532,103.67749786377,-87.2831,26.4338,53.5408383279193,63,63,63,63,61,63,0,8046,1.33458767306251,26,-87,0.001869,51,2025-10-02 13:42:18.001455,440,1.037,0.0011,"aoml_navis",1028.9342165145
"7901009",87,0,1,0.028035,1,0.005607,1,107.460942665702,1,4.85932878001609,442,1,11.6040000915527,35.3959999084473,0.0280349999666214,0.0112034603953362,103.624099731445,-87.2831,26.4338,53.5408383279193,63,63,63,63,61,63,0,8046,1.33458767306251,26,-87,0.001869,51,2025-10-02 13:42:18.001455,442,1.037,0.0011,"aoml_navis",1028.94869360608
"7901009",87,0,1,0.026166,1,0.003738,1,107.426929473414,1,4.85926878124308,444,1,11.548999786377,35.3870010375977,0.0261659994721413,0.00980302784591913,103.591300964355,-87.2831,26.4338,53.5408383279193,63,63,63,63,61,63,0,8046,1.33458767306251,26,-87,0.001869,51,2025-10-02 13:42:18.001455,444,1.037,0.0011,"aoml_navis",1028.96139832811
"7901009",87,0,1,0.024297,1,0.001869,1,107.528763341274,1,4.85919416154888,446,1,11.4739999771118,35.3769989013672,0.0242970008403063,0.00840259529650211,103.689498901367,-87.2831,26.4338,53.5408383279193,63,63,63,63,61,63,0,8046,1.33458767306251,26,-87,0.001869,51,2025-10-02 13:42:18.001455,446,1.037,0.0011,"aoml_navis",1028.97719946351
"7901009",87,0,1,0.026166,1,0.003738,1,107.70060156488,1,4.85913352498879,448,1,11.4099998474121,35.3660011291504,0.0261659994721413,0.00980302784591913,103.855201721191,-87.2831,26.4338,53.5408383279193,63,63,63,63,61,63,0,8046,1.33458767306251,26,-87,0.001869,51,2025-10-02 13:42:18.001455,448,1.037,0.0011,"aoml_navis",1028.99003994988
"7901009",87,0,1,0.026166,1,0.003738,1,107.809382067499,1,4.85905205239377,450,1,11.3190002441406,35.3540000915527,0.0261659994721413,0.00980302784591913,103.960098266602,-87.2831,26.4338,53.5408383279193,63,63,63,63,61,63,0,8046,1.33458767306251,26,-87,0.001869,51,2025-10-02 13:42:18.001455,450,1.037,0.0011,"aoml_navis",1029.00729320996
"7901009",87,0,1,0.024297,1,0.001869,1,107.642836894751,1,4.85900090857514,452,1,11.2810001373291,35.3470001220703,0.0242970008403063,0.00840259529650211,103.799499511719,-87.2831,26.4338,53.5408383279193,63,63,63,63,61,63,0,8046,1.33458767306251,26,-87,0.001869,51,2025-10-02 13:42:18.001455,452,1.037,0.0011,"aoml_navis",1029.0181241119
"7901009",87,0,1,0.022428,1,0,1,107.433876108173,1,4.85894159285365,454,1,11.2419996261597,35.3419990539551,0.0224280003458261,0.00700216321274638,103.597999572754,-87.2831,26.4338,53.5408383279193,63,63,63,63,61,63,0,8046,1.33458767306251,26,-87,0.001869,51,2025-10-02 13:42:18.001455,454,1.037,0.0011,"aoml_navis",1029.03068589131
"7901009",87,0,1,0.024297,1,0.001869,1,107.118824859773,1,4.85889327230074,456,1,11.2110004425049,35.3359985351562,0.0242970008403063,0.00840259529650211,103.29419708252,-87.2831,26.4338,53.5408383279193,63,63,63,63,61,63,0,8046,1.33458767306251,26,-87,0.001869,51,2025-10-02 13:42:18.001455,456,1.037,0.0011,"aoml_navis",1029.0409193599
"7901009",87,0,1,0.029904,1,0.007476,1,106.901983836043,1,4.85882143450344,458,1,11.1499996185303,35.3289985656738,0.0299040004611015,0.0126038929447532,103.085098266602,-87.2831,26.4338,53.5408383279193,63,63,63,63,61,63,0,8046,1.33458767306251,26,-87,0.001869,51,2025-10-02 13:42:18.001455,458,1.037,0.0011,"aoml_navis",1029.05613375582
"7901009",87,0,1,0.024297,1,0.001869,1,106.892964287495,1,4.85876145252892,460,1,11.1059999465942,35.3230018615723,0.0242970008403063,0.00840259529650211,103.076400756836,-87.2831,26.4338,53.5408383279193,63,63,63,63,61,63,0,8046,1.33458767306251,26,-87,0.001869,51,2025-10-02 13:42:18.001455,460,1.037,0.0011,"aoml_navis",1029.06883757332
"7901009",87,0,1,0.024297,1,0.001869,1,106.988579413987,1,4.85869975964935,462,1,11.0600004196167,35.3170013427734,0.0242970008403063,0.00840259529650211,103.168601989746,-87.2831,26.4338,53.5408383279193,63,63,63,63,61,63,0,8046,1.33458767306251,26,-87,0.001869,51,2025-10-02 13:42:18.001455,462,1.037,0.0011,"aoml_navis",1029.08190407733
"7901009",87,0,1,0.024297,1,0.001869,1,107.00413417929,1,4.85865330623706,464,1,11.0430002212524,35.3139991760254,0.0242970008403063,0.00840259529650211,103.183601379395,-87.2831,26.4338,53.5408383279193,63,63,63,63,61,63,0,8046,1.33458767306251,26,-87,0.001869,51,2025-10-02 13:42:18.001455,464,1.037,0.0011,"aoml_navis",1029.09174309299
"7901009",87,0,1,0.029904,1,0.007476,1,106.985153567916,1,4.85860504704673,466,1,11.0240001678467,35.3110008239746,0.0299040004611015,0.0126038929447532,103.165298461914,-87.2831,26.4338,53.5408383279193,63,63,63,63,61,63,0,8046,1.33458767306251,26,-87,0.001869,51,2025-10-02 13:42:18.001455,466,1.037,0.0011,"aoml_navis",1029.1019647788
"7901009",87,0,1,0.024297,1,0.001869,1,106.863199777287,1,4.85855699739826,468,1,10.9930000305176,35.3050003051758,0.0242970008403063,0.00840259529650211,103.047698974609,-87.2831,26.4338,53.5408383279193,63,63,63,63,61,63,0,8046,1.33458767306251,26,-87,0.001869,51,2025-10-02 13:42:18.001455,468,1.037,0.0011,"aoml_navis",1029.1121422837
"7901009",87,0,1,0.026166,1,0.003738,1,106.654658320599,1,4.85848847647824,470,1,10.9309997558594,35.2970008850098,0.0261659994721413,0.00980302784591913,102.846603393555,-87.2831,26.4338,53.5408383279193,63,63,63,63,61,63,0,8046,1.33458767306251,26,-87,0.001869,51,2025-10-02 13:42:18.001455,470,1.037,0.0011,"aoml_navis",1029.12665620323
"7901009",87,0,1,0.026166,1,0.003738,1,106.503248583265,1,4.8584077066487,472,1,10.8509998321533,35.2879981994629,0.0261659994721413,0.00980302784591913,102.70059967041,-87.2831,26.4338,53.5408383279193,63,63,63,63,61,63,0,8046,1.33458767306251,26,-87,0.001869,51,2025-10-02 13:42:18.001455,472,1.037,0.0011,"aoml_navis",1029.14376518
"7901009",87,0,1,0.028035,1,0.005607,1,106.409192098056,1,4.8583439240073,474,1,10.7980003356934,35.2809982299805,0.0280349999666214,0.0112034603953362,102.609901428223,-87.2831,26.4338,53.5408383279193,63,63,63,63,61,63,0,8046,1.33458767306251,26,-87,0.001869,51,2025-10-02 13:42:18.001455,474,1.037,0.0011,"aoml_navis",1029.15727626707
"7901009",87,0,1,0.026166,1,0.003738,1,106.365945736335,1,4.85828358969225,476,1,10.7569999694824,35.2760009765625,0.0261659994721413,0.00980302784591913,102.568199157715,-87.2831,26.4338,53.5408383279193,63,63,63,63,61,63,0,8046,1.33458767306251,26,-87,0.001869,51,2025-10-02 13:42:18.001455,476,1.037,0.0011,"aoml_navis",1029.17005722112
"7901009",87,0,1,0.026166,1,0.003738,1,106.347795872853,1,4.85823821891152,478,1,10.7410001754761,35.2729988098145,0.0261659994721413,0.00980302784591913,102.55069732666,-87.2831,26.4338,53.5408383279193,63,63,63,63,61,63,0,8046,1.33458767306251,26,-87,0.001869,51,2025-10-02 13:42:18.001455,478,1.037,0.0011,"aoml_navis",1029.17966857546
"7901009",87,0,1,0.028035,1,0.005607,1,106.406699854379,1,4.85818940187055,480,1,10.7170000076294,35.2690010070801,0.0280349999666214,0.0112034603953362,102.607498168945,-87.2831,26.4338,53.5408383279193,63,63,63,63,61,63,0,8046,1.33458767306251,26,-87,0.001869,51,2025-10-02 13:42:18.001455,480,1.037,0.0011,"aoml_navis",1029.19001018669
"7901009",87,0,1,0.031773,1,0.009345,1,106.583617507957,1,4.85812401938769,482,1,10.6660003662109,35.2630004882812,0.0317730009555817,0.0140043264254928,102.778099060059,-87.2831,26.4338,53.5408383279193,63,63,63,63,61,63,0,8046,1.33458767306251,26,-87,0.001869,51,2025-10-02 13:42:18.001455,482,1.037,0.0011,"aoml_navis",1029.20386141772
"7901009",87,0,1,0.024297,1,0.001869,1,106.658804148177,1,4.85807275940944,484,1,10.6350002288818,35.257999420166,0.0242970008403063,0.00840259529650211,102.850601196289,-87.2831,26.4338,53.5408383279193,63,63,63,63,61,63,0,8046,1.33458767306251,26,-87,0.001869,51,2025-10-02 13:42:18.001455,484,1.037,0.0011,"aoml_navis",1029.21472106725
"7901009",87,0,1,0.024297,1,0.001869,1,106.670213085901,1,4.85802997033521,486,1,10.6260004043579,35.2560005187988,0.0242970008403063,0.00840259529650211,102.861602783203,-87.2831,26.4338,53.5408383279193,63,63,63,63,61,63,0,8046,1.33458767306251,26,-87,0.001869,51,2025-10-02 13:42:18.001455,486,1.037,0.0011,"aoml_navis",1029.22378629439
"7901009",87,0,1,0.026166,1,0.003738,1,106.709099999158,1,4.85798099842543,488,1,10.6099996566772,35.2540016174316,0.0261659994721413,0.00980302784591913,102.899101257324,-87.2831,26.4338,53.5408383279193,63,63,63,63,61,63,0,8046,1.33458767306251,26,-87,0.001869,51,2025-10-02 13:42:18.001455,488,1.037,0.0011,"aoml_navis",1029.23416160347
"7901009",87,0,1,0.026166,1,0.003738,1,106.854694501244,1,4.85793822284158,489.899993896484,1,10.5819997787476,35.2480010986328,0.0261659994721413,0.00980302784591913,103.039497375488,-87.2831,26.4338,53.5408383279193,63,63,63,63,61,63,0,8046,1.33458767306251,26,-87,0.001869,51,2025-10-02 13:42:18.001455,489.899993896484,1.037,0.0011,"aoml_navis",1029.24322431489
"7901009",87,0,1,0.022428,1,0,1,107.136246829863,1,4.85786281610874,492,1,10.5050001144409,35.2379989624023,0.0224280003458261,0.00700216321274638,103.310997009277,-87.2831,26.4338,53.5408383279193,63,63,63,63,61,63,0,8046,1.33458767306251,26,-87,0.001869,51,2025-10-02 13:42:18.001455,492,1.037,0.0011,"aoml_navis",1029.25920086091
"7901009",87,0,1,0.031773,1,0.009345,1,107.50273324064,1,4.85780608624438,494,1,10.4549999237061,35.2299995422363,0.0317730009555817,0.0140043264254928,103.664398193359,-87.2831,26.4338,53.5408383279193,63,63,63,63,61,63,0,8046,1.33458767306251,26,-87,0.001869,51,2025-10-02 13:42:18.001455,494,1.037,0.0011,"aoml_navis",1029.27122063564
"7901009",87,0,1,0.029904,1,0.007476,1,107.998333697692,1,4.85773844275133,496,1,10.3839998245239,35.2200012207031,0.0299040004611015,0.0126038929447532,104.142303466797,-87.2831,26.4338,53.5408383279193,63,63,63,63,61,63,0,8046,1.33458767306251,26,-87,0.001869,51,2025-10-02 13:42:18.001455,496,1.037,0.0011,"aoml_navis",1029.28555312832
"7901009",87,0,1,0.028035,1,0.005607,1,108.301762387481,1,4.85768235232826,498,1,10.326000213623,35.2099990844727,0.0280349999666214,0.0112034603953362,104.434898376465,-87.2831,26.4338,53.5408383279193,63,63,63,63,61,63,0,8046,1.33458767306251,26,-87,0.001869,51,2025-10-02 13:42:18.001455,498,1.037,0.0011,"aoml_navis",1029.29743802691
"7901009",87,0,1,0.026166,1,0.003738,1,108.519331304603,1,4.85762629262531,500,1,10.2889995574951,35.2050018310547,0.0261659994721413,0.00980302784591913,104.64469909668,-87.2831,26.4338,53.5408383279193,63,63,63,63,61,63,0,8046,1.33458767306251,26,-87,0.001869,51,2025-10-02 13:42:18.001455,500,1.037,0.0011,"aoml_navis",1029.30931669051
"7901009",87,0,1,0.031773,1,0.009345,1,108.720000436024,1,4.85757676864565,502,1,10.2510004043579,35.1980018615723,0.0317730009555817,0.0140043264254928,104.838203430176,-87.2831,26.4338,53.5408383279193,63,63,63,63,61,63,0,8046,1.33458767306251,26,-87,0.001869,51,2025-10-02 13:42:18.001455,502,1.037,0.0011,"aoml_navis",1029.31981070761
"7901009",87,0,1,0.028035,1,0.005607,1,108.82100355599,1,4.85751864789408,504,1,10.2030000686646,35.1910018920898,0.0280349999666214,0.0112034603953362,104.935600280762,-87.2831,26.4338,53.5408383279193,63,63,63,63,61,63,0,8046,1.33458767306251,26,-87,0.001869,51,2025-10-02 13:42:18.001455,504,1.037,0.0011,"aoml_navis",1029.33212663377
"7901009",87,0,1,0.026166,1,0.003738,1,108.872335863866,1,4.85746818515025,506,1,10.1680002212524,35.185001373291,0.0261659994721413,0.00980302784591913,104.98509979248,-87.2831,26.4338,53.5408383279193,63,63,63,63,61,63,0,8046,1.33458767306251,26,-87,0.001869,51,2025-10-02 13:42:18.001455,506,1.037,0.0011,"aoml_navis",1029.34282004882
"7901009",87,0,1,0.028035,1,0.005607,1,108.936216420863,1,4.85742079092494,508,1,10.1450004577637,35.1809997558594,0.0280349999666214,0.0112034603953362,105.046699523926,-87.2831,26.4338,53.5408383279193,63,63,63,63,61,63,0,8046,1.33458767306251,26,-87,0.001869,51,2025-10-02 13:42:18.001455,508,1.037,0.0011,"aoml_navis",1029.35286342527
"7901009",87,0,1,0.028035,1,0.005607,1,109.013270265869,1,4.85737255465806,510,1,10.121000289917,35.1769981384277,0.0280349999666214,0.0112034603953362,105.121002197266,-87.2831,26.4338,53.5408383279193,63,63,63,63,61,63,0,8046,1.33458767306251,26,-87,0.001869,51,2025-10-02 13:42:18.001455,510,1.037,0.0011,"aoml_navis",1029.36308544115
"7901009",87,0,1,0.022428,1,0,1,109.38556400001,1,4.85728495506627,512,1,10.0170001983643,35.1650009155273,0.0224280003458261,0.00700216321274638,105.480003356934,-87.2831,26.4338,53.5408383279193,63,63,63,63,61,63,0,8046,1.33458767306251,26,-87,0.001869,51,2025-10-02 13:42:18.001455,512,1.037,0.0011,"aoml_navis",1029.38164967754
"7901009",87,0,1,0.029904,1,0.007476,1,109.744890155142,1,4.85722902222717,514,1,9.9709997177124,35.1580009460449,0.0299040004611015,0.0126038929447532,105.826499938965,-87.2831,26.4338,53.5408383279193,63,63,63,63,61,63,0,8046,1.33458767306251,26,-87,0.001869,51,2025-10-02 13:42:18.001455,514,1.037,0.0011,"aoml_navis",1029.39350339864
"7901009",87,0,1,0.026166,1,0.003738,1,110.223891478112,1,4.85718206091291,516,1,9.94400024414062,35.1529998779297,0.0261659994721413,0.00980302784591913,106.288398742676,-87.2831,26.4338,53.5408383279193,63,63,63,63,61,63,0,8046,1.33458767306251,26,-87,0.001869,51,2025-10-02 13:42:18.001455,516,1.037,0.0011,"aoml_navis",1029.40345601545
"7901009",87,0,1,0.029904,1,0.007476,1,110.888315730703,1,4.85713709025259,518,1,9.91499996185303,35.1469993591309,0.0299040004611015,0.0126038929447532,106.929100036621,-87.2831,26.4338,53.5408383279193,63,63,63,63,61,63,0,8046,1.33458767306251,26,-87,0.001869,51,2025-10-02 13:42:18.001455,518,1.037,0.0011,"aoml_navis",1029.41298692889
"7901009",87,0,1,0.028035,1,0.005607,1,111.589965400766,1,4.85706855907057,520,1,9.84099960327148,35.1370010375977,0.0280349999666214,0.0112034603953362,107.605697631836,-87.2831,26.4338,53.5408383279193,63,63,63,63,61,63,0,8046,1.33458767306251,26,-87,0.001869,51,2025-10-02 13:42:18.001455,520,1.037,0.0011,"aoml_navis",1029.42751151052
"7901009",87,0,1,0.026166,1,0.003738,1,111.939029841454,1,4.85700705621514,522,1,9.77499961853027,35.1269989013672,0.0261659994721413,0.00980302784591913,107.94229888916,-87.2831,26.4338,53.5408383279193,63,63,63,63,61,63,0,8046,1.33458767306251,26,-87,0.001869,51,2025-10-02 13:42:18.001455,522,1.037,0.0011,"aoml_navis",1029.44054684909
"7901009",87,0,1,0.026166,1,0.003738,1,111.850052786218,1,4.856954425877,524,1,9.72799968719482,35.1189994812012,0.0261659994721413,0.00980302784591913,107.856498718262,-87.2831,26.4338,53.5408383279193,63,63,63,63,61,63,0,8046,1.33458767306251,26,-87,0.001869,51,2025-10-02 13:42:18.001455,524,1.037,0.0011,"aoml_navis",1029.45170194739
"7901009",87,0,1,0.029904,1,0.007476,1,111.743448051889,1,4.85689125156858,526,1,9.66399955749512,35.1100006103516,0.0299040004611015,0.0126038929447532,107.753700256348,-87.2831,26.4338,53.5408383279193,63,63,63,63,61,63,0,8046,1.33458767306251,26,-87,0.001869,51,2025-10-02 13:42:18.001455,526,1.037,0.0011,"aoml_navis",1029.46509217912
"7901009",87,0,1,0.029904,1,0.007476,1,111.949402322284,1,4.85682395696534,528,1,9.60799980163574,35.1040000915527,0.0299040004611015,0.0126038929447532,107.952301025391,-87.2831,26.4338,53.5408383279193,63,63,63,63,61,63,0,8046,1.33458767306251,26,-87,0.001869,51,2025-10-02 13:42:18.001455,528,1.037,0.0011,"aoml_navis",1029.479356119
"7901009",87,0,1,0.029904,1,0.007476,1,112.171528484987,1,4.85676902509381,530,1,9.57100009918213,35.0989990234375,0.0299040004611015,0.0126038929447532,108.166496276855,-87.2831,26.4338,53.5408383279193,63,63,63,63,61,63,0,8046,1.33458767306251,26,-87,0.001869,51,2025-10-02 13:42:18.001455,530,1.037,0.0011,"aoml_navis",1029.490999915
"7901009",87,0,1,0.029904,1,0.007476,1,112.269533000656,1,4.85671831343536,532,1,9.53899955749512,35.0940017700195,0.0299040004611015,0.0126038929447532,108.261001586914,-87.2831,26.4338,53.5408383279193,63,63,63,63,61,63,0,8046,1.33458767306251,26,-87,0.001869,51,2025-10-02 13:42:18.001455,532,1.037,0.0011,"aoml_navis",1029.50174939491
"7901009",87,0,1,0.029904,1,0.007476,1,112.315888733062,1,4.85664652140126,534,1,9.46399974822998,35.0849990844727,0.0299040004611015,0.0126038929447532,108.305702209473,-87.2831,26.4338,53.5408383279193,63,63,63,63,61,63,0,8046,1.33458767306251,26,-87,0.001869,51,2025-10-02 13:42:18.001455,534,1.037,0.0011,"aoml_navis",1029.51696771981
"7901009",87,0,1,0.028035,1,0.005607,1,111.974498820524,1,4.85657768433912,536,1,9.40999984741211,35.0800018310547,0.0280349999666214,0.0112034603953362,107.976501464844,-87.2831,26.4338,53.5408383279193,63,63,63,63,61,63,0,8046,1.33458767306251,26,-87,0.001869,51,2025-10-02 13:42:18.001455,536,1.037,0.0011,"aoml_navis",1029.53156007848
"7901009",87,0,1,0.026166,1,0.003738,1,111.132848350852,1,4.85651323257005,538,1,9.36999988555908,35.0769996643066,0.0261659994721413,0.00980302784591913,107.164901733398,-87.2831,26.4338,53.5408383279193,63,63,63,63,61,63,0,8046,1.33458767306251,26,-87,0.001869,51,2025-10-02 13:42:18.001455,538,1.037,0.0011,"aoml_navis",1029.54522319998
"7901009",87,0,1,0.026166,1,0.003738,1,110.149329876783,1,4.85646392768601,540,1,9.36600017547607,35.0779991149902,0.0261659994721413,0.00980302784591913,106.216499328613,-87.2831,26.4338,53.5408383279193,63,63,63,63,61,63,0,8046,1.33458767306251,26,-87,0.001869,51,2025-10-02 13:42:18.001455,540,1.037,0.0011,"aoml_navis",1029.55567558027
"7901009",87,0,1,0.028035,1,0.005607,1,109.289426689128,1,4.85640252221191,542,1,9.37399959564209,35.0849990844727,0.0280349999666214,0.0112034603953362,105.387298583984,-87.2831,26.4338,53.5408383279193,63,63,63,63,61,63,0,8046,1.33458767306251,26,-87,0.001869,51,2025-10-02 13:42:18.001455,542,1.037,0.0011,"aoml_navis",1029.56869351981
"7901009",87,0,1,0.029904,1,0.007476,1,108.730570713971,1,4.85635405107537,544,1,9.37100028991699,35.0859985351562,0.0299040004611015,0.0126038929447532,104.84839630127,-87.2831,26.4338,53.5408383279193,63,63,63,63,61,63,0,8046,1.33458767306251,26,-87,0.001869,51,2025-10-02 13:42:18.001455,544,1.037,0.0011,"aoml_navis",1029.57896961669
"7901009",87,0,1,0.024297,1,0.001869,1,108.717713901348,1,4.85628678849631,546,1,9.33199977874756,35.0839996337891,0.0242970008403063,0.00840259529650211,104.835998535156,-87.2831,26.4338,53.5408383279193,63,63,63,63,61,63,0,8046,1.33458767306251,26,-87,0.001869,51,2025-10-02 13:42:18.001455,546,1.037,0.0011,"aoml_navis",1029.59322992294
"7901009",87,0,1,0.024297,1,0.001869,1,109.003206348542,1,4.85622356385957,548,1,9.27999973297119,35.0779991149902,0.0242970008403063,0.00840259529650211,105.111297607422,-87.2831,26.4338,53.5408383279193,63,63,63,63,61,63,0,8046,1.33458767306251,26,-87,0.001869,51,2025-10-02 13:42:18.001455,548,1.037,0.0011,"aoml_navis",1029.6066345072
"7901009",87,0,1,0.029904,1,0.007476,1,109.395928568956,1,4.85615136263241,550,1,9.20800018310547,35.0699996948242,0.0299040004611015,0.0126038929447532,105.48999786377,-87.2831,26.4338,53.5408383279193,63,63,63,63,61,63,0,8046,1.33458767306251,26,-87,0.001869,51,2025-10-02 13:42:18.001455,550,1.037,0.0011,"aoml_navis",1029.621942692
"7901009",87,0,1,0.028035,1,0.005607,1,109.645129201072,1,4.85610483468041,552,1,9.1850004196167,35.0660018920898,0.0280349999666214,0.0112034603953362,105.73030090332,-87.2831,26.4338,53.5408383279193,63,63,63,63,61,63,0,8046,1.33458767306251,26,-87,0.001869,51,2025-10-02 13:42:18.001455,552,1.037,0.0011,"aoml_navis",1029.63180784153
"7901009",87,0,1,0.028035,1,0.005607,1,109.988069843009,1,4.85605916030017,554,1,9.16300010681152,35.0620002746582,0.0280349999666214,0.0112034603953362,106.060997009277,-87.2831,26.4338,53.5408383279193,63,63,63,63,61,63,0,8046,1.33458767306251,26,-87,0.001869,51,2025-10-02 13:42:18.001455,554,1.037,0.0011,"aoml_navis",1029.64149219528
"7901009",87,0,1,0.029904,1,0.007476,1,110.445709077313,1,4.85599793835936,556,1,9.10400009155273,35.0540008544922,0.0299040004611015,0.0126038929447532,106.502296447754,-87.2831,26.4338,53.5408383279193,63,63,63,63,61,63,0,8046,1.33458767306251,26,-87,0.001869,51,2025-10-02 13:42:18.001455,556,1.037,0.0011,"aoml_navis",1029.65447338911
"7901009",87,0,1,0.026166,1,0.003738,1,110.872555256399,1,4.855943785326,558,1,9.05799961090088,35.0470008850098,0.0261659994721413,0.00980302784591913,106.913902282715,-87.2831,26.4338,53.5408383279193,63,63,63,63,61,63,0,8046,1.33458767306251,26,-87,0.001869,51,2025-10-02 13:42:18.001455,558,1.037,0.0011,"aoml_navis",1029.66595600001
"7901009",87,0,1,0.029904,1,0.007476,1,111.457022002301,1,4.85588361252956,560,1,9.00899982452393,35.0410003662109,0.0299040004611015,0.0126038929447532,107.477500915527,-87.2831,26.4338,53.5408383279193,63,63,63,63,61,63,0,8046,1.33458767306251,26,-87,0.001869,51,2025-10-02 13:42:18.001455,560,1.037,0.0011,"aoml_navis",1029.67871534206
"7901009",87,0,1,0.031773,1,0.009345,1,111.930627419912,1,4.85581955120054,562,1,8.94600009918213,35.0330009460449,0.0317730009555817,0.0140043264254928,107.934196472168,-87.2831,26.4338,53.5408383279193,63,63,63,63,61,63,0,8046,1.33458767306251,26,-87,0.001869,51,2025-10-02 13:42:18.001455,562,1.037,0.0011,"aoml_navis",1029.69229957563
"7901009",87,0,1,0.029904,1,0.007476,1,112.324805427109,1,4.85574771002363,564,1,8.86400032043457,35.0229988098145,0.0299040004611015,0.0126038929447532,108.314300537109,-87.2831,26.4338,53.5408383279193,63,63,63,63,61,63,0,8046,1.33458767306251,26,-87,0.001869,51,2025-10-02 13:42:18.001455,564,1.037,0.0011,"aoml_navis",1029.70753395581
"7901009",87,0,1,0.028035,1,0.005607,1,112.472480754868,1,4.85569586844517,566,1,8.83399963378906,35.0190010070801,0.0280349999666214,0.0112034603953362,108.456703186035,-87.2831,26.4338,53.5408383279193,63,63,63,63,61,63,0,8046,1.33458767306251,26,-87,0.001869,51,2025-10-02 13:42:18.001455,566,1.037,0.0011,"aoml_navis",1029.71852757348
"7901009",87,0,1,0.029904,1,0.007476,1,112.68185295945,1,4.85564568453716,568,1,8.80599975585938,35.0149993896484,0.0299040004611015,0.0126038929447532,108.658599853516,-87.2831,26.4338,53.5408383279193,63,63,63,63,61,63,0,8046,1.33458767306251,26,-87,0.001869,51,2025-10-02 13:42:18.001455,568,1.037,0.0011,"aoml_navis",1029.72916988621
"7901009",87,0,1,0.026166,1,0.003738,1,112.948159086268,1,4.85557963957126,570,1,8.74899959564209,35.0089988708496,0.0261659994721413,0.00980302784591913,108.915397644043,-87.2831,26.4338,53.5408383279193,63,63,63,63,61,63,0,8046,1.33458767306251,26,-87,0.001869,51,2025-10-02 13:42:18.001455,570,1.037,0.0011,"aoml_navis",1029.74317612912
"7901009",87,0,1,0.028035,1,0.005607,1,113.082455417015,1,4.85552394352457,572,1,8.71399974822998,35.0050010681152,0.0280349999666214,0.0112034603953362,109.044898986816,-87.2831,26.4338,53.5408383279193,63,63,63,63,61,63,0,8046,1.33458767306251,26,-87,0.001869,51,2025-10-02 13:42:18.001455,572,1.037,0.0011,"aoml_navis",1029.75498795925
"7901009",87,0,1,0.029904,1,0.007476,1,113.210422240009,1,4.85548091863373,574,1,8.70400047302246,35.0029983520508,0.0299040004611015,0.0126038929447532,109.168296813965,-87.2831,26.4338,53.5408383279193,63,63,63,63,61,63,0,8046,1.33458767306251,26,-87,0.001869,51,2025-10-02 13:42:18.001455,574,1.037,0.0011,"aoml_navis",1029.76411271882
"7901009",87,0,1,0.029904,1,0.007476,1,113.211775172292,1,4.85543357468217,576,1,8.68400001525879,35,0.0299040004611015,0.0126038929447532,109.16960144043,-87.2831,26.4338,53.5408383279193,63,63,63,63,61,63,0,8046,1.33458767306251,26,-87,0.001869,51,2025-10-02 13:42:18.001455,576,1.037,0.0011,"aoml_navis",1029.77415365574
"7901009",87,0,1,0.026166,1,0.003738,1,113.083183310407,1,4.85538544894313,578,1,8.66300010681152,34.9970016479492,0.0261659994721413,0.00980302784591913,109.045600891113,-87.2831,26.4338,53.5408383279193,63,63,63,63,61,63,0,8046,1.33458767306251,26,-87,0.001869,51,2025-10-02 13:42:18.001455,578,1.037,0.0011,"aoml_navis",1029.78436059867
"7901009",87,0,1,0.026166,1,0.003738,1,112.770307830296,1,4.85531477519151,580,1,8.60900020599365,34.9930000305176,0.0261659994721413,0.00980302784591913,108.743896484375,-87.2831,26.4338,53.5408383279193,63,63,63,63,61,63,0,8046,1.33458767306251,26,-87,0.001869,51,2025-10-02 13:42:18.001455,580,1.037,0.0011,"aoml_navis",1029.79935009523
"7901009",87,0,1,0.028035,1,0.005607,1,112.128907162156,1,4.85524933152415,582,1,8.57999992370605,34.9930000305176,0.0280349999666214,0.0112034603953362,108.125396728516,-87.2831,26.4338,53.5408383279193,63,63,63,63,61,63,0,8046,1.33458767306251,26,-87,0.001869,51,2025-10-02 13:42:18.001455,582,1.037,0.0011,"aoml_navis",1029.81323071011
"7901009",87,0,1,0.031773,1,0.009345,1,111.715345037467,1,4.85519408207864,584,1,8.58699989318848,34.9980010986328,0.0317730009555817,0.0140043264254928,107.726600646973,-87.2831,26.4338,53.5408383279193,63,63,63,63,61,63,0,8046,1.33458767306251,26,-87,0.001869,51,2025-10-02 13:42:18.001455,584,1.037,0.0011,"aoml_navis",1029.82494941981
"7901009",87,0,1,0.028035,1,0.005607,1,111.556474392869,1,4.85514432261019,586,1,8.58699989318848,35,0.0280349999666214,0.0112034603953362,107.573402404785,-87.2831,26.4338,53.5408383279193,63,63,63,63,61,63,0,8046,1.33458767306251,26,-87,0.001869,51,2025-10-02 13:42:18.001455,586,1.037,0.0011,"aoml_navis",1029.83550390361
"7901009",87,0,1,0.028035,1,0.005607,1,111.45629410891,1,4.85509744810993,588,1,8.58600044250488,35.0009994506836,0.0280349999666214,0.0112034603953362,107.47679901123,-87.2831,26.4338,53.5408383279193,63,63,63,63,61,63,0,8046,1.33458767306251,26,-87,0.001869,51,2025-10-02 13:42:18.001455,588,1.037,0.0011,"aoml_navis",1029.84544665452
"7901009",87,0,1,0.029904,1,0.007476,1,111.39967666206,1,4.85505266218491,590,1,8.58300018310547,35.0009994506836,0.0299040004611015,0.0126038929447532,107.422203063965,-87.2831,26.4338,53.5408383279193,63,63,63,63,61,63,0,8046,1.33458767306251,26,-87,0.001869,51,2025-10-02 13:42:18.001455,590,1.037,0.0011,"aoml_navis",1029.85494656815
"7901009",87,0,1,0.029904,1,0.007476,1,111.386091956045,1,4.85500708407577,592,1,8.57900047302246,35.0009994506836,0.0299040004611015,0.0126038929447532,107.409103393555,-87.2831,26.4338,53.5408383279193,63,63,63,63,61,63,0,8046,1.33458767306251,26,-87,0.001869,51,2025-10-02 13:42:18.001455,592,1.037,0.0011,"aoml_navis",1029.86461469846
"7901009",87,0,1,0.028035,1,0.005607,1,111.467394483131,1,4.8549593284055,594,1,8.5629997253418,34.9990005493164,0.0280349999666214,0.0112034603953362,107.487503051758,-87.2831,26.4338,53.5408383279193,63,63,63,63,61,63,0,8046,1.33458767306251,26,-87,0.001869,51,2025-10-02 13:42:18.001455,594,1.037,0.0011,"aoml_navis",1029.87474493265
"7901009",87,0,1,0.029904,1,0.007476,1,111.64326776793,1,4.85491078919505,596,1,8.54599952697754,34.9970016479492,0.0299040004611015,0.0126038929447532,107.657096862793,-87.2831,26.4338,53.5408383279193,63,63,63,63,61,63,0,8046,1.33458767306251,26,-87,0.001869,51,2025-10-02 13:42:18.001455,596,1.037,0.0011,"aoml_navis",1029.88504158055
"7901009",87,0,1,0.029904,1,0.007476,1,111.83398374841,1,4.85485141059949,598,1,8.50599956512451,34.9930000305176,0.0299040004611015,0.0126038929447532,107.841003417969,-87.2831,26.4338,53.5408383279193,63,63,63,63,61,63,0,8046,1.33458767306251,26,-87,0.001869,51,2025-10-02 13:42:18.001455,598,1.037,0.0011,"aoml_navis",1029.89763787283
"7901009",87,0,1,0.029904,1,0.007476,1,112.063990148266,1,4.85479131000054,600,1,8.46500015258789,34.9889984130859,0.0299040004611015,0.0126038929447532,108.062797546387,-87.2831,26.4338,53.5408383279193,63,63,63,63,61,63,0,8046,1.33458767306251,26,-87,0.001869,51,2025-10-02 13:42:18.001455,600,1.037,0.0011,"aoml_navis",1029.91038764124
"7901009",87,0,1,0.028035,1,0.005607,1,112.315785878561,1,4.85473862264909,602,1,8.4379997253418,34.9860000610352,0.0280349999666214,0.0112034603953362,108.305603027344,-87.2831,26.4338,53.5408383279193,63,63,63,63,61,63,0,8046,1.33458767306251,26,-87,0.001869,51,2025-10-02 13:42:18.001455,602,1.037,0.0011,"aoml_navis",1029.92156501963
"7901009",87,0,1,0.029904,1,0.007476,1,112.718358395414,1,4.8546665913414,604,1,8.3769998550415,34.9809989929199,0.0299040004611015,0.0126038929447532,108.693801879883,-87.2831,26.4338,53.5408383279193,63,63,63,63,61,63,0,8046,1.33458767306251,26,-87,0.001869,51,2025-10-02 13:42:18.001455,604,1.037,0.0011,"aoml_navis",1029.93684652162
"7901009",87,0,1,0.028035,1,0.005607,1,113.078515298439,1,4.85461351311973,606,1,8.34000015258789,34.976001739502,0.0280349999666214,0.0112034603953362,109.04109954834,-87.2831,26.4338,53.5408383279193,63,63,63,63,61,63,0,8046,1.33458767306251,26,-87,0.001869,51,2025-10-02 13:42:18.001455,606,1.037,0.0011,"aoml_navis",1029.9481074008
"7901009",87,0,1,0.029904,1,0.007476,1,113.499649096778,1,4.85454073429007,608,1,8.27299976348877,34.9700012207031,0.0299040004611015,0.0126038929447532,109.447196960449,-87.2831,26.4338,53.5408383279193,63,63,63,63,61,63,0,8046,1.33458767306251,26,-87,0.001869,51,2025-10-02 13:42:18.001455,608,1.037,0.0011,"aoml_navis",1029.9635482884
"7901009",87,0,1,0.029904,1,0.007476,1,113.744284571428,1,4.85448805414842,610,1,8.24100017547607,34.9659996032715,0.0299040004611015,0.0126038929447532,109.683097839355,-87.2831,26.4338,53.5408383279193,63,63,63,63,61,63,0,8046,1.33458767306251,26,-87,0.001869,51,2025-10-02 13:42:18.001455,610,1.037,0.0011,"aoml_navis",1029.97472529101
"7901009",87,0,1,0.028035,1,0.005607,1,113.983532052603,1,4.85443384517044,612,1,8.20699977874756,34.9620018005371,0.0280349999666214,0.0112034603953362,109.913803100586,-87.2831,26.4338,53.5408383279193,63,63,63,63,61,63,0,8046,1.33458767306251,26,-87,0.001869,51,2025-10-02 13:42:18.001455,612,1.037,0.0011,"aoml_navis",1029.98622691591
"7901009",87,0,1,0.026166,1,0.003738,1,114.252844695604,1,4.85436475478953,614,1,8.14900016784668,34.9570007324219,0.0261659994721413,0.00980302784591913,110.173500061035,-87.2831,26.4338,53.5408383279193,63,63,63,63,61,63,0,8046,1.33458767306251,26,-87,0.001869,51,2025-10-02 13:42:18.001455,614,1.037,0.0011,"aoml_navis",1030.00088632952
"7901009",87,0,1,0.029904,1,0.007476,1,114.323363323856,1,4.85431745298251,616,1,8.13799953460693,34.9560012817383,0.0299040004611015,0.0126038929447532,110.241500854492,-87.2831,26.4338,53.5408383279193,63,63,63,63,61,63,0,8046,1.33458767306251,26,-87,0.001869,51,2025-10-02 13:42:18.001455,616,1.037,0.0011,"aoml_navis",1030.01092294201
"7901009",87,0,1,0.026166,1,0.003738,1,114.504015387008,1,4.85427384886323,618,1,8.1269998550415,34.9539985656738,0.0261659994721413,0.00980302784591913,110.415702819824,-87.2831,26.4338,53.5408383279193,63,63,63,63,61,63,0,8046,1.33458767306251,26,-87,0.001869,51,2025-10-02 13:42:18.001455,618,1.037,0.0011,"aoml_navis",1030.02017514337
"7901009",87,0,1,0.028035,1,0.005607,1,114.697729971786,1,4.85422307914481,620,1,8.10200023651123,34.951000213623,0.0280349999666214,0.0112034603953362,110.602500915527,-87.2831,26.4338,53.5408383279193,63,63,63,63,61,63,0,8046,1.33458767306251,26,-87,0.001869,51,2025-10-02 13:42:18.001455,620,1.037,0.0011,"aoml_navis",1030.03094799691
"7901009",87,0,1,0.029904,1,0.007476,1,114.953980093162,1,4.85416652141522,622,1,8.07900047302246,34.9500007629395,0.0299040004611015,0.0126038929447532,110.849601745605,-87.2831,26.4338,53.5408383279193,63,63,63,63,61,63,0,8046,1.33458767306251,26,-87,0.001869,51,2025-10-02 13:42:18.001455,622,1.037,0.0011,"aoml_navis",1030.04294927696
"7901009",87,0,1,0.031773,1,0.009345,1,115.247044214006,1,4.85410620706006,624,1,8.0319995880127,34.9449996948242,0.0317730009555817,0.0140043264254928,111.132202148438,-87.2831,26.4338,53.5408383279193,63,63,63,63,61,63,0,8046,1.33458767306251,26,-87,0.001869,51,2025-10-02 13:42:18.001455,624,1.037,0.0011,"aoml_navis",1030.05574800315
"7901009",87,0,1,0.029904,1,0.007476,1,115.342967904001,1,4.8540543308623,626,1,8.01500034332275,34.9440002441406,0.0299040004611015,0.0126038929447532,111.224700927734,-87.2831,26.4338,53.5408383279193,63,63,63,63,61,63,0,8046,1.33458767306251,26,-87,0.001869,51,2025-10-02 13:42:18.001455,626,1.037,0.0011,"aoml_navis",1030.06675640398
"7901009",87,0,1,0.029904,1,0.007476,1,115.501427130595,1,4.85400537447005,628,1,7.99700021743774,34.9420013427734,0.0299040004611015,0.0126038929447532,111.377502441406,-87.2831,26.4338,53.5408383279193,63,63,63,63,61,63,0,8046,1.33458767306251,26,-87,0.001869,51,2025-10-02 13:42:18.001455,628,1.037,0.0011,"aoml_navis",1030.07714542259
"7901009",87,0,1,0.031773,1,0.009345,1,115.609582594322,1,4.85396043706509,630,1,7.98899984359741,34.9410018920898,0.0317730009555817,0.0140043264254928,111.481796264648,-87.2831,26.4338,53.5408383279193,63,63,63,63,61,63,0,8046,1.33458767306251,26,-87,0.001869,51,2025-10-02 13:42:18.001455,630,1.037,0.0011,"aoml_navis",1030.0866817578
"7901009",87,0,1,0.028035,1,0.005607,1,115.812016076029,1,4.85390459994789,632,1,7.96199989318848,34.9389991760254,0.0280349999666214,0.0112034603953362,111.677001953125,-87.2831,26.4338,53.5408383279193,63,63,63,63,61,63,0,8046,1.33458767306251,26,-87,0.001869,51,2025-10-02 13:42:18.001455,632,1.037,0.0011,"aoml_navis",1030.09853140782
"7901009",87,0,1,0.029904,1,0.007476,1,116.118973466391,1,4.85383636936572,634,1,7.91400003433228,34.9360008239746,0.0299040004611015,0.0126038929447532,111.972999572754,-87.2831,26.4338,53.5408383279193,63,63,63,63,61,63,0,8046,1.33458767306251,26,-87,0.001869,51,2025-10-02 13:42:18.001455,634,1.037,0.0011,"aoml_navis",1030.11301154624
"7901009",87,0,1,0.031773,1,0.009345,1,116.280542063668,1,4.85379117499094,636,1,7.89599990844727,34.9329986572266,0.0317730009555817,0.0140043264254928,112.128799438477,-87.2831,26.4338,53.5408383279193,63,63,63,63,61,63,0,8046,1.33458767306251,26,-87,0.001869,51,2025-10-02 13:42:18.001455,636,1.037,0.0011,"aoml_navis",1030.12260308239
"7901009",87,0,1,0.029904,1,0.007476,1,116.482136885598,1,4.85372702608328,638,1,7.85799980163574,34.9309997558594,0.0299040004611015,0.0126038929447532,112.323196411133,-87.2831,26.4338,53.5408383279193,63,63,63,63,61,63,0,8046,1.33458767306251,26,-87,0.001869,51,2025-10-02 13:42:18.001455,638,1.037,0.0011,"aoml_navis",1030.13621761806
"7901009",87,0,1,0.024297,1,0.001869,1,116.731440372215,1,4.85367449668572,640,1,7.84000015258789,34.9300003051758,0.0242970008403063,0.00840259529650211,112.563598632812,-87.2831,26.4338,53.5408383279193,63,63,63,63,61,63,0,8046,1.33458767306251,26,-87,0.001869,51,2025-10-02 13:42:18.001455,640,1.037,0.0011,"aoml_navis",1030.14736637453
"7901009",87,0,1,0.028035,1,0.005607,1,116.91012237608,1,4.85362413542862,642,1,7.82000017166138,34.9280014038086,0.0280349999666214,0.0112034603953362,112.735900878906,-87.2831,26.4338,53.5408383279193,63,63,63,63,61,63,0,8046,1.33458767306251,26,-87,0.001869,51,2025-10-02 13:42:18.001455,642,1.037,0.0011,"aoml_navis",1030.15805519486
"7901009",87,0,1,0.031773,1,0.009345,1,117.139203085427,1,4.85356923902433,644,1,7.79400014877319,34.9259986877441,0.0317730009555817,0.0140043264254928,112.956802368164,-87.2831,26.4338,53.5408383279193,63,63,63,63,61,63,0,8046,1.33458767306251,26,-87,0.001869,51,2025-10-02 13:42:18.001455,644,1.037,0.0011,"aoml_navis",1030.16970682077
"7901009",87,0,1,0.031773,1,0.009345,1,117.299315895921,1,4.85352195169545,646,1,7.77799987792969,34.923999786377,0.0317730009555817,0.0140043264254928,113.111198425293,-87.2831,26.4338,53.5408383279193,63,63,63,63,61,63,0,8046,1.33458767306251,26,-87,0.001869,51,2025-10-02 13:42:18.001455,646,1.037,0.0011,"aoml_navis",1030.17974365056
"7901009",87,0,1,0.031773,1,0.009345,1,117.558778242481,1,4.85346784193057,648,1,7.75299978256226,34.9220008850098,0.0317730009555817,0.0140043264254928,113.361396789551,-87.2831,26.4338,53.5408383279193,63,63,63,63,61,63,0,8046,1.33458767306251,26,-87,0.001869,51,2025-10-02 13:42:18.001455,648,1.037,0.0011,"aoml_navis",1030.19122879593
"7901009",87,0,1,0.033642,1,0.011214,1,117.787550388325,1,4.85340619491982,650,1,7.71799993515015,34.9199981689453,0.0336420014500618,0.0154047571122646,113.582000732422,-87.2831,26.4338,53.5408383279193,63,63,63,63,61,63,0,8046,1.33458767306251,26,-87,0.001869,51,2025-10-02 13:42:18.001455,650,1.037,0.0011,"aoml_navis",1030.20431408227
"7901009",87,0,1,0.029904,1,0.007476,1,118.105505298407,1,4.85333844369281,652,1,7.67000007629395,34.9169998168945,0.0299040004611015,0.0126038929447532,113.888603210449,-87.2831,26.4338,53.5408383279193,63,63,63,63,61,63,0,8046,1.33458767306251,26,-87,0.001869,51,2025-10-02 13:42:18.001455,652,1.037,0.0011,"aoml_navis",1030.21869544206
"7901009",87,0,1,0.024297,1,0.001869,1,118.208067059659,1,4.85328226907377,654,1,7.64699983596802,34.9160003662109,0.0242970008403063,0.00840259529650211,113.987503051758,-87.2831,26.4338,53.5408383279193,63,63,63,63,61,63,0,8046,1.33458767306251,26,-87,0.001869,51,2025-10-02 13:42:18.001455,654,1.037,0.0011,"aoml_navis",1030.23061977276
"7901009",87,0,1,0.033642,1,0.011214,1,118.32047911735,1,4.85323741912846,656,1,7.63899993896484,34.9150009155273,0.0336420014500618,0.0154047571122646,114.095901489258,-87.2831,26.4338,53.5408383279193,63,63,63,63,61,63,0,8046,1.33458767306251,26,-87,0.001869,51,2025-10-02 13:42:18.001455,656,1.037,0.0011,"aoml_navis",1030.24014038404
"7901009",87,0,1,0.029904,1,0.007476,1,118.497911043433,1,4.85319332554889,658,1,7.63199996948242,34.9140014648438,0.0299040004611015,0.0126038929447532,114.266998291016,-87.2831,26.4338,53.5408383279193,63,63,63,63,61,63,0,8046,1.33458767306251,26,-87,0.001869,51,2025-10-02 13:42:18.001455,658,1.037,0.0011,"aoml_navis",1030.24950060783
"7901009",87,0,1,0.026166,1,0.003738,1,118.748148132444,1,4.85314397393272,660,1,7.61800003051758,34.9129981994629,0.0261659994721413,0.00980302784591913,114.50830078125,-87.2831,26.4338,53.5408383279193,63,63,63,63,61,63,0,8046,1.33458767306251,26,-87,0.001869,51,2025-10-02 13:42:18.001455,660,1.037,0.0011,"aoml_navis",1030.25997721396
"7901009",87,0,1,0.031773,1,0.009345,1,119.04411591497,1,4.85309227537217,662,1,7.59600019454956,34.9109992980957,0.0317730009555817,0.0140043264254928,114.793701171875,-87.2831,26.4338,53.5408383279193,63,63,63,63,61,63,0,8046,1.33458767306251,26,-87,0.001869,51,2025-10-02 13:42:18.001455,662,1.037,0.0011,"aoml_navis",1030.27095226962
"7901009",87,0,1,0.033642,1,0.011214,1,119.466808354593,1,4.85303240578383,664,1,7.56799983978271,34.9099998474121,0.0336420014500618,0.0154047571122646,115.201301574707,-87.2831,26.4338,53.5408383279193,63,63,63,63,61,63,0,8046,1.33458767306251,26,-87,0.001869,51,2025-10-02 13:42:18.001455,664,1.037,0.0011,"aoml_navis",1030.28366223993
"7901009",87,0,1,0.031773,1,0.009345,1,120.041005474166,1,4.85297992969203,666,1,7.53999996185303,34.9070014953613,0.0317730009555817,0.0140043264254928,115.754997253418,-87.2831,26.4338,53.5408383279193,63,63,63,63,61,63,0,8046,1.33458767306251,26,-87,0.001869,51,2025-10-02 13:42:18.001455,666,1.037,0.0011,"aoml_navis",1030.29480287121
"7901009",87,0,1,0.029904,1,0.007476,1,120.621017828988,1,4.85292600171124,668,1,7.51000022888184,34.9039993286133,0.0299040004611015,0.0126038929447532,116.314300537109,-87.2831,26.4338,53.5408383279193,63,63,63,63,61,63,0,8046,1.33458767306251,26,-87,0.001869,51,2025-10-02 13:42:18.001455,668,1.037,0.0011,"aoml_navis",1030.30625198837
"7901009",87,0,1,0.028035,1,0.005607,1,121.158400949094,1,4.85285856623605,670,1,7.4520001411438,34.898998260498,0.0280349999666214,0.0112034603953362,116.832496643066,-87.2831,26.4338,53.5408383279193,63,63,63,63,61,63,0,8046,1.33458767306251,26,-87,0.001869,51,2025-10-02 13:42:18.001455,670,1.037,0.0011,"aoml_navis",1030.32056915643
"7901009",87,0,1,0.028035,1,0.005607,1,121.408329474602,1,4.85279580129561,672,1,7.40999984741211,34.8959999084473,0.0280349999666214,0.0112034603953362,117.073501586914,-87.2831,26.4338,53.5408383279193,63,63,63,63,61,63,0,8046,1.33458767306251,26,-87,0.001869,51,2025-10-02 13:42:18.001455,672,1.037,0.0011,"aoml_navis",1030.33389508479
"7901009",87,0,1,0.029904,1,0.007476,1,121.560253484441,1,4.85274283052762,674,1,7.39099979400635,34.8950004577637,0.0299040004611015,0.0126038929447532,117.220001220703,-87.2831,26.4338,53.5408383279193,63,63,63,63,61,63,0,8046,1.33458767306251,26,-87,0.001869,51,2025-10-02 13:42:18.001455,674,1.037,0.0011,"aoml_navis",1030.34514183319
"7901009",87,0,1,0.033642,1,0.011214,1,121.722130645221,1,4.85268690338696,676,1,7.36800003051758,34.8940010070801,0.0336420014500618,0.0154047571122646,117.376098632812,-87.2831,26.4338,53.5408383279193,63,63,63,63,61,63,0,8046,1.33458767306251,26,-87,0.001869,51,2025-10-02 13:42:18.001455,676,1.037,0.0011,"aoml_navis",1030.35701654484
"7901009",87,0,1,0.028035,1,0.005607,1,121.846054495138,1,4.85263692928441,678,1,7.35300016403198,34.8930015563965,0.0280349999666214,0.0112034603953362,117.495597839355,-87.2831,26.4338,53.5408383279193,63,63,63,63,61,63,0,8046,1.33458767306251,26,-87,0.001869,51,2025-10-02 13:42:18.001455,678,1.037,0.0011,"aoml_navis",1030.3676275112
"7901009",87,0,1,0.028035,1,0.005607,1,121.951108500067,1,4.85259290883701,680,1,7.34600019454956,34.8919982910156,0.0280349999666214,0.0112034603953362,117.596900939941,-87.2831,26.4338,53.5408383279193,63,63,63,63,61,63,0,8046,1.33458767306251,26,-87,0.001869,51,2025-10-02 13:42:18.001455,680,1.037,0.0011,"aoml_navis",1030.37697452316
"7901009",87,0,1,0.026166,1,0.003738,1,122.016959116351,1,4.85254739345013,682,1,7.33699989318848,34.890998840332,0.0261659994721413,0.00980302784591913,117.660400390625,-87.2831,26.4338,53.5408383279193,63,63,63,63,61,63,0,8046,1.33458767306251,26,-87,0.001869,51,2025-10-02 13:42:18.001455,682,1.037,0.0011,"aoml_navis",1030.38663913904
"7901009",87,0,1,0.029904,1,0.007476,1,122.142647316554,1,4.85249004985423,684,1,7.31699991226196,34.890998840332,0.0299040004611015,0.0126038929447532,117.781600952148,-87.2831,26.4338,53.5408383279193,63,63,63,63,61,63,0,8046,1.33458767306251,26,-87,0.001869,51,2025-10-02 13:42:18.001455,684,1.037,0.0011,"aoml_navis",1030.39881558339
"7901009",87,0,1,0.031773,1,0.009345,1,122.458940730851,1,4.8524246007624,686,1,7.29099988937378,34.8919982910156,0.0317730009555817,0.0140043264254928,118.086601257324,-87.2831,26.4338,53.5408383279193,63,63,63,63,61,63,0,8046,1.33458767306251,26,-87,0.001869,51,2025-10-02 13:42:18.001455,686,1.037,0.0011,"aoml_navis",1030.4127135153
"7901009",87,0,1,0.033642,1,0.011214,1,122.805307218859,1,4.8523598920968,688,1,7.25099992752075,34.8899993896484,0.0336420014500618,0.0154047571122646,118.420600891113,-87.2831,26.4338,53.5408383279193,63,63,63,63,61,63,0,8046,1.33458767306251,26,-87,0.001869,51,2025-10-02 13:42:18.001455,688,1.037,0.0011,"aoml_navis",1030.42645458835
"7901009",87,0,1,0.031773,1,0.009345,1,123.049214800117,1,4.85231145566128,690,1,7.23799991607666,34.8889999389648,0.0317730009555817,0.0140043264254928,118.655799865723,-87.2831,26.4338,53.5408383279193,63,63,63,63,61,63,0,8046,1.33458767306251,26,-87,0.001869,51,2025-10-02 13:42:18.001455,690,1.037,0.0011,"aoml_navis",1030.43674044592
"7901009",87,0,1,0.029904,1,0.007476,1,123.304119901096,1,4.85225860591405,692,1,7.22399997711182,34.8889999389648,0.0299040004611015,0.0126038929447532,118.90160369873,-87.2831,26.4338,53.5408383279193,63,63,63,63,61,63,0,8046,1.33458767306251,26,-87,0.001869,51,2025-10-02 13:42:18.001455,692,1.037,0.0011,"aoml_navis",1030.44796373917
"7901009",87,0,1,0.029904,1,0.007476,1,123.704097319771,1,4.85219767201597,694,1,7.19399976730347,34.8880004882812,0.0299040004611015,0.0126038929447532,119.287300109863,-87.2831,26.4338,53.5408383279193,63,63,63,63,61,63,0,8046,1.33458767306251,26,-87,0.001869,51,2025-10-02 13:42:18.001455,694,1.037,0.0011,"aoml_navis",1030.46090410464
"7901009",87,0,1,0.029904,1,0.007476,1,124.172836928297,1,4.85212283427574,696,1,7.14499998092651,34.8870010375977,0.0299040004611015,0.0126038929447532,119.739303588867,-87.2831,26.4338,53.5408383279193,63,63,63,63,61,63,0,8046,1.33458767306251,26,-87,0.001869,51,2025-10-02 13:42:18.001455,696,1.037,0.0011,"aoml_navis",1030.4767976358
"7901009",87,0,1,0.028035,1,0.005607,1,124.436967286825,1,4.85206423060181,698,1,7.11299991607666,34.8849983215332,0.0280349999666214,0.0112034603953362,119.994003295898,-87.2831,26.4338,53.5408383279193,63,63,63,63,61,63,0,8046,1.33458767306251,26,-87,0.001869,51,2025-10-02 13:42:18.001455,698,1.037,0.0011,"aoml_navis",1030.48924382846
"7901009",87,0,1,0.028035,1,0.005607,1,124.625602441631,1,4.85201290594129,700,1,7.10099983215332,34.8849983215332,0.0280349999666214,0.0112034603953362,120.175903320312,-87.2831,26.4338,53.5408383279193,63,63,63,63,61,63,0,8046,1.33458767306251,26,-87,0.001869,51,2025-10-02 13:42:18.001455,700,1.037,0.0011,"aoml_navis",1030.50014435813
"7901009",87,0,1,0.029904,1,0.007476,1,124.814546159939,1,4.85196307709572,702,1,7.08599996566772,34.8839988708496,0.0299040004611015,0.0126038929447532,120.358100891113,-87.2831,26.4338,53.5408383279193,63,63,63,63,61,63,0,8046,1.33458767306251,26,-87,0.001869,51,2025-10-02 13:42:18.001455,702,1.037,0.0011,"aoml_navis",1030.51072742146
"7901009",87,0,1,0.029904,1,0.007476,1,124.921459457771,1,4.85191471685907,704,1,7.07299995422363,34.882999420166,0.0299040004611015,0.0126038929447532,120.461196899414,-87.2831,26.4338,53.5408383279193,63,63,63,63,61,63,0,8046,1.33458767306251,26,-87,0.001869,51,2025-10-02 13:42:18.001455,704,1.037,0.0011,"aoml_navis",1030.52099877732
"7901009",87,0,1,0.031773,1,0.009345,1,125.061048839376,1,4.85185976017366,706,1,7.05600023269653,34.882999420166,0.0317730009555817,0.0140043264254928,120.595802307129,-87.2831,26.4338,53.5408383279193,63,63,63,63,61,63,0,8046,1.33458767306251,26,-87,0.001869,51,2025-10-02 13:42:18.001455,706,1.037,0.0011,"aoml_navis",1030.53267141856
"7901009",87,0,1,0.029904,1,0.007476,1,125.184869834792,1,4.8518106477366,708,1,7.04699993133545,34.882999420166,0.0299040004611015,0.0126038929447532,120.715202331543,-87.2831,26.4338,53.5408383279193,63,63,63,63,61,63,0,8046,1.33458767306251,26,-87,0.001869,51,2025-10-02 13:42:18.001455,708,1.037,0.0011,"aoml_navis",1030.54310298208
"7901009",87,0,1,0.031773,1,0.009345,1,125.350275696145,1,4.85175643546321,710,1,7.0310001373291,34.882999420166,0.0317730009555817,0.0140043264254928,120.874702453613,-87.2831,26.4338,53.5408383279193,63,63,63,63,61,63,0,8046,1.33458767306251,26,-87,0.001869,51,2025-10-02 13:42:18.001455,710,1.037,0.0011,"aoml_navis",1030.55461800457
"7901009",87,0,1,0.029904,1,0.007476,1,125.514431479716,1,4.85170154659913,712,1,7.00899982452393,34.8819999694824,0.0299040004611015,0.0126038929447532,121.032997131348,-87.2831,26.4338,53.5408383279193,63,63,63,63,61,63,0,8046,1.33458767306251,26,-87,0.001869,51,2025-10-02 13:42:18.001455,712,1.037,0.0011,"aoml_navis",1030.56627700128
"7901009",87,0,1,0.029904,1,0.007476,1,125.719665768604,1,4.85165103971212,714,1,6.99300003051758,34.8810005187988,0.0299040004611015,0.0126038929447532,121.230903625488,-87.2831,26.4338,53.5408383279193,63,63,63,63,61,63,0,8046,1.33458767306251,26,-87,0.001869,51,2025-10-02 13:42:18.001455,714,1.037,0.0011,"aoml_navis",1030.57700545105
"7901009",87,0,1,0.028035,1,0.005607,1,126.016559241638,1,4.85159690880419,716,1,6.97200012207031,34.8800010681152,0.0280349999666214,0.0112034603953362,121.517196655273,-87.2831,26.4338,53.5408383279193,63,63,63,63,61,63,0,8046,1.33458767306251,26,-87,0.001869,51,2025-10-02 13:42:18.001455,716,1.037,0.0011,"aoml_navis",1030.58850394733
"7901009",87,0,1,0.031773,1,0.009345,1,126.337006395398,1,4.85154497145245,718,1,6.9539999961853,34.8790016174316,0.0317730009555817,0.0140043264254928,121.826202392578,-87.2831,26.4338,53.5408383279193,63,63,63,63,61,63,0,8046,1.33458767306251,26,-87,0.001869,51,2025-10-02 13:42:18.001455,718,1.037,0.0011,"aoml_navis",1030.59953672925
"7901009",87,0,1,0.026166,1,0.003738,1,126.668957429499,1,4.85149451052032,720,1,6.93800020217896,34.8779983520508,0.0261659994721413,0.00980302784591913,122.146301269531,-87.2831,26.4338,53.5408383279193,63,63,63,63,61,63,0,8046,1.33458767306251,26,-87,0.001869,51,2025-10-02 13:42:18.001455,720,1.037,0.0011,"aoml_navis",1030.61025610926
"7901009",87,0,1,0.033642,1,0.011214,1,127.065516913988,1,4.85144917715852,722,1,6.92399978637695,34.8759994506836,0.0336420014500618,0.0154047571122646,122.528701782227,-87.2831,26.4338,53.5408383279193,63,63,63,63,61,63,0,8046,1.33458767306251,26,-87,0.001869,51,2025-10-02 13:42:18.001455,722,1.037,0.0011,"aoml_navis",1030.61988643329
"7901009",87,0,1,0.031773,1,0.009345,1,127.465082914659,1,4.85138562708023,724,1,6.89499998092651,34.8759994506836,0.0317730009555817,0.0140043264254928,122.914001464844,-87.2831,26.4338,53.5408383279193,63,63,63,63,61,63,0,8046,1.33458767306251,26,-87,0.001869,51,2025-10-02 13:42:18.001455,724,1.037,0.0011,"aoml_navis",1030.63338690089
"7901009",87,0,1,0.031773,1,0.009345,1,127.781059853568,1,4.85132283227069,726,1,6.86700010299683,34.8759994506836,0.0317730009555817,0.0140043264254928,123.218696594238,-87.2831,26.4338,53.5408383279193,63,63,63,63,61,63,0,8046,1.33458767306251,26,-87,0.001869,51,2025-10-02 13:42:18.001455,726,1.037,0.0011,"aoml_navis",1030.64672726794
"7901009",87,0,1,0.029904,1,0.007476,1,128.023938889816,1,4.85127746027657,728,1,6.85799980163574,34.875,0.0299040004611015,0.0126038929447532,123.452903747559,-87.2831,26.4338,53.5408383279193,63,63,63,63,61,63,0,8046,1.33458767306251,26,-87,0.001869,51,2025-10-02 13:42:18.001455,728,1.037,0.0011,"aoml_navis",1030.65636648104
"7901009",87,0,1,0.029904,1,0.007476,1,128.264523479504,1,4.85122848374681,730,1,6.8439998626709,34.8740005493164,0.0299040004611015,0.0126038929447532,123.684898376465,-87.2831,26.4338,53.5408383279193,63,63,63,63,61,63,0,8046,1.33458767306251,26,-87,0.001869,51,2025-10-02 13:42:18.001455,730,1.037,0.0011,"aoml_navis",1030.66677167477
"7901009",87,0,1,0.028035,1,0.005607,1,128.502623737399,1,4.85117438856949,732,1,6.82800006866455,34.8740005493164,0.0280349999666214,0.0112034603953362,123.914497375488,-87.2831,26.4338,53.5408383279193,63,63,63,63,61,63,0,8046,1.33458767306251,26,-87,0.001869,51,2025-10-02 13:42:18.001455,732,1.037,0.0011,"aoml_navis",1030.67826458294
"7901009",87,0,1,0.029904,1,0.007476,1,128.790094155766,1,4.85112246333742,734,1,6.81500005722046,34.8740005493164,0.0299040004611015,0.0126038929447532,124.191703796387,-87.2831,26.4338,53.5408383279193,63,63,63,63,61,63,0,8046,1.33458767306251,26,-87,0.001869,51,2025-10-02 13:42:18.001455,734,1.037,0.0011,"aoml_navis",1030.68929671179
"7901009",87,0,1,0.031773,1,0.009345,1,129.189660156437,1,4.8510576825039,736,1,6.77899980545044,34.8730010986328,0.0317730009555817,0.0140043264254928,124.577003479004,-87.2831,26.4338,53.5408383279193,63,63,63,63,61,63,0,8046,1.33458767306251,26,-87,0.001869,51,2025-10-02 13:42:18.001455,736,1.037,0.0011,"aoml_navis",1030.70306049612
"7901009",87,0,1,0.031773,1,0.009345,1,129.511966603099,1,4.85099572777458,738,1,6.7519998550415,34.8730010986328,0.0317730009555817,0.0140043264254928,124.887802124023,-87.2831,26.4338,53.5408383279193,63,63,63,63,61,63,0,8046,1.33458767306251,26,-87,0.001869,51,2025-10-02 13:42:18.001455,738,1.037,0.0011,"aoml_navis",1030.7162241707
"7901009",87,0,1,0.028035,1,0.005607,1,129.859266693501,1,4.85094598923862,740,1,6.74200010299683,34.8730010986328,0.0280349999666214,0.0112034603953362,125.222702026367,-87.2831,26.4338,53.5408383279193,63,63,63,63,61,63,0,8046,1.33458767306251,26,-87,0.001869,51,2025-10-02 13:42:18.001455,740,1.037,0.0011,"aoml_navis",1030.72679248378
"7901009",87,0,1,0.028035,1,0.005607,1,130.27002801101,1,4.85089922133918,742,1,6.73099994659424,34.8720016479492,0.0280349999666214,0.0112034603953362,125.618797302246,-87.2831,26.4338,53.5408383279193,63,63,63,63,61,63,0,8046,1.33458767306251,26,-87,0.001869,51,2025-10-02 13:42:18.001455,742,1.037,0.0011,"aoml_navis",1030.73672980154
"7901009",87,0,1,0.029904,1,0.007476,1,130.86455867424,1,4.85085032235458,744,1,6.71700000762939,34.8709983825684,0.0299040004611015,0.0126038929447532,126.192100524902,-87.2831,26.4338,53.5408383279193,63,63,63,63,61,63,0,8046,1.33458767306251,26,-87,0.001869,51,2025-10-02 13:42:18.001455,744,1.037,0.0011,"aoml_navis",1030.74712014058
"7901009",87,0,1,0.029904,1,0.007476,1,131.562062516724,1,4.85079007671432,746,1,6.68200016021729,34.8689994812012,0.0299040004611015,0.0126038929447532,126.864700317383,-87.2831,26.4338,53.5408383279193,63,63,63,63,61,63,0,8046,1.33458767306251,26,-87,0.001869,51,2025-10-02 13:42:18.001455,746,1.037,0.0011,"aoml_navis",1030.75992177067
"7901009",87,0,1,0.026166,1,0.003738,1,132.016695234846,1,4.85072833726661,748,1,6.65000009536743,34.8680000305176,0.0261659994721413,0.00980302784591913,127.303100585938,-87.2831,26.4338,53.5408383279193,63,63,63,63,61,63,0,8046,1.33458767306251,26,-87,0.001869,51,2025-10-02 13:42:18.001455,748,1.037,0.0011,"aoml_navis",1030.77304115066
"7901009",87,0,1,0.028035,1,0.005607,1,132.255934804136,1,4.85067875217809,750,1,6.63500022888184,34.867000579834,0.0280349999666214,0.0112034603953362,127.533798217773,-87.2831,26.4338,53.5408383279193,63,63,63,63,61,63,0,8046,1.33458767306251,26,-87,0.001869,51,2025-10-02 13:42:18.001455,750,1.037,0.0011,"aoml_navis",1030.78357802088
"7901009",87,0,1,0.028035,1,0.005607,1,132.574823316612,1,4.85062335328677,752,1,6.61700010299683,34.867000579834,0.0280349999666214,0.0112034603953362,127.841300964355,-87.2831,26.4338,53.5408383279193,63,63,63,63,61,63,0,8046,1.33458767306251,26,-87,0.001869,51,2025-10-02 13:42:18.001455,752,1.037,0.0011,"aoml_navis",1030.79535058355
"7901009",87,0,1,0.028035,1,0.005607,1,132.796854536699,1,4.85056855152314,754,1,6.60500001907349,34.8680000305176,0.0280349999666214,0.0112034603953362,128.055404663086,-87.2831,26.4338,53.5408383279193,63,63,63,63,61,63,0,8046,1.33458767306251,26,-87,0.001869,51,2025-10-02 13:42:18.001455,754,1.037,0.0011,"aoml_navis",1030.80699651795
"7901009",87,0,1,0.028035,1,0.005607,1,133.084831315686,1,4.85051756773984,756,1,6.58799982070923,34.867000579834,0.0280349999666214,0.0112034603953362,128.333099365234,-87.2831,26.4338,53.5408383279193,63,63,63,63,61,63,0,8046,1.33458767306251,26,-87,0.001869,51,2025-10-02 13:42:18.001455,756,1.037,0.0011,"aoml_navis",1030.81783132883
"7901009",87,0,1,0.031773,1,0.009345,1,133.352490374787,1,4.85045638327264,758,1,6.56699991226196,34.8680000305176,0.0317730009555817,0.0140043264254928,128.591201782227,-87.2831,26.4338,53.5408383279193,63,63,63,63,61,63,0,8046,1.33458767306251,26,-87,0.001869,51,2025-10-02 13:42:18.001455,758,1.037,0.0011,"aoml_navis",1030.83083423718
"7901009",87,0,1,0.024297,1,0.001869,1,133.64160646517,1,4.8504045773723,760,1,6.55399990081787,34.8680000305176,0.0242970008403063,0.00840259529650211,128.869995117188,-87.2831,26.4338,53.5408383279193,63,63,63,63,61,63,0,8046,1.33458767306251,26,-87,0.001869,51,2025-10-02 13:42:18.001455,760,1.037,0.0011,"aoml_navis",1030.84184427121
"7901009",87,0,1,0.029904,1,0.007476,1,133.870386522898,1,4.85034653532561,762,1,6.52699995040894,34.867000579834,0.0299040004611015,0.0126038929447532,129.090606689453,-87.2831,26.4338,53.5408383279193,63,63,63,63,61,63,0,8046,1.33458767306251,26,-87,0.001869,51,2025-10-02 13:42:18.001455,762,1.037,0.0011,"aoml_navis",1030.85417991981
"7901009",87,0,1,0.029904,1,0.007476,1,134.103090875434,1,4.85029262327013,764,1,6.51100015640259,34.867000579834,0.0299040004611015,0.0126038929447532,129.315002441406,-87.2831,26.4338,53.5408383279193,63,63,63,63,61,63,0,8046,1.33458767306251,26,-87,0.001869,51,2025-10-02 13:42:18.001455,764,1.037,0.0011,"aoml_navis",1030.86563808782
"7901009",87,0,1,0.026166,1,0.003738,1,134.322107667453,1,4.85024650581566,766,1,6.50600004196167,34.867000579834,0.0261659994721413,0.00980302784591913,129.52619934082,-87.2831,26.4338,53.5408383279193,63,63,63,63,61,63,0,8046,1.33458767306251,26,-87,0.001869,51,2025-10-02 13:42:18.001455,766,1.037,0.0011,"aoml_navis",1030.87543983688
"7901009",87,0,1,0.029904,1,0.007476,1,134.667018368678,1,4.8501876540615,768,1,6.48299980163574,34.867000579834,0.0299040004611015,0.0126038929447532,129.858795166016,-87.2831,26.4338,53.5408383279193,63,63,63,63,61,63,0,8046,1.33458767306251,26,-87,0.001869,51,2025-10-02 13:42:18.001455,768,1.037,0.0011,"aoml_navis",1030.88794838959
"7901009",87,0,1,0.031773,1,0.009345,1,134.968904240953,1,4.85013376698094,770,1,6.46700000762939,34.867000579834,0.0317730009555817,0.0140043264254928,130.14990234375,-87.2831,26.4338,53.5408383279193,63,63,63,63,61,63,0,8046,1.33458767306251,26,-87,0.001869,51,2025-10-02 13:42:18.001455,770,1.037,0.0011,"aoml_navis",1030.89940199986
"7901009",87,0,1,0.029904,1,0.007476,1,135.257197495328,1,4.85008427998999,772,1,6.4520001411438,34.8660011291504,0.0299040004611015,0.0126038929447532,130.42790222168,-87.2831,26.4338,53.5408383279193,63,63,63,63,61,63,0,8046,1.33458767306251,26,-87,0.001869,51,2025-10-02 13:42:18.001455,772,1.037,0.0011,"aoml_navis",1030.90992060252
"7901009",87,0,1,0.028035,1,0.005607,1,135.565080576198,1,4.85002319924988,774,1,6.43100023269653,34.867000579834,0.0280349999666214,0.0112034603953362,130.724792480469,-87.2831,26.4338,53.5408383279193,63,63,63,63,61,63,0,8046,1.33458767306251,26,-87,0.001869,51,2025-10-02 13:42:18.001455,774,1.037,0.0011,"aoml_navis",1030.92290378597
"7901009",87,0,1,0.028035,1,0.005607,1,135.791154769362,1,4.84997427433175,776,1,6.42199993133545,34.867000579834,0.0280349999666214,0.0112034603953362,130.942794799805,-87.2831,26.4338,53.5408383279193,63,63,63,63,61,63,0,8046,1.33458767306251,26,-87,0.001869,51,2025-10-02 13:42:18.001455,776,1.037,0.0011,"aoml_navis",1030.93330339137
"7901009",87,0,1,0.029904,1,0.007476,1,136.09500278904,1,4.84992323912153,778,1,6.40999984741211,34.867000579834,0.0299040004611015,0.0126038929447532,131.235794067383,-87.2831,26.4338,53.5408383279193,63,63,63,63,61,63,0,8046,1.33458767306251,26,-87,0.001869,51,2025-10-02 13:42:18.001455,778,1.037,0.0011,"aoml_navis",1030.94415178943
"7901009",87,0,1,0.029904,1,0.007476,1,136.481514179971,1,4.84987009725801,780,1,6.39499998092651,34.867000579834,0.0299040004611015,0.0126038929447532,131.608505249023,-87.2831,26.4338,53.5408383279193,63,63,63,63,61,63,0,8046,1.33458767306251,26,-87,0.001869,51,2025-10-02 13:42:18.001455,780,1.037,0.0011,"aoml_navis",1030.95544823497
"7901009",87,0,1,0.033642,1,0.011214,1,136.781833499077,1,4.84982064850684,782,1,6.38000011444092,34.8660011291504,0.0336420014500618,0.0154047571122646,131.898101806641,-87.2831,26.4338,53.5408383279193,63,63,63,63,61,63,0,8046,1.33458767306251,26,-87,0.001869,51,2025-10-02 13:42:18.001455,782,1.037,0.0011,"aoml_navis",1030.96595985243
"7901009",87,0,1,0.031773,1,0.009345,1,137.148834182359,1,4.84977244320732,784,1,6.37200021743774,34.8660011291504,0.0317730009555817,0.0140043264254928,132.251998901367,-87.2831,26.4338,53.5408383279193,63,63,63,63,61,63,0,8046,1.33458767306251,26,-87,0.001869,51,2025-10-02 13:42:18.001455,784,1.037,0.0011,"aoml_navis",1030.97620734826
"7901009",87,0,1,0.029904,1,0.007476,1,137.529949667931,1,4.84971212390971,786,1,6.35200023651123,34.867000579834,0.0299040004611015,0.0126038929447532,132.619506835938,-87.2831,26.4338,53.5408383279193,63,63,63,63,61,63,0,8046,1.33458767306251,26,-87,0.001869,51,2025-10-02 13:42:18.001455,786,1.037,0.0011,"aoml_navis",1030.98903032808
"7901009",87,0,1,0.026166,1,0.003738,1,137.86065062425,1,4.84965690750319,788,1,6.33400011062622,34.867000579834,0.0261659994721413,0.00980302784591913,132.938400268555,-87.2831,26.4338,53.5408383279193,63,63,63,63,61,63,0,8046,1.33458767306251,26,-87,0.001869,51,2025-10-02 13:42:18.001455,788,1.037,0.0011,"aoml_navis",1031.00076878927
"7901009",87,0,1,0.028035,1,0.005607,1,138.169989491904,1,4.84960310467354,790,1,6.31799983978271,34.867000579834,0.0280349999666214,0.0112034603953362,133.236694335938,-87.2831,26.4338,53.5408383279193,63,63,63,63,61,63,0,8046,1.33458767306251,26,-87,0.001869,51,2025-10-02 13:42:18.001455,790,1.037,0.0011,"aoml_navis",1031.01220699515
"7901009",87,0,1,0.031773,1,0.009345,1,138.467001643209,1,4.84955071213307,792,1,6.30399990081787,34.867000579834,0.0317730009555817,0.0140043264254928,133.523101806641,-87.2831,26.4338,53.5408383279193,63,63,63,63,61,63,0,8046,1.33458767306251,26,-87,0.001869,51,2025-10-02 13:42:18.001455,792,1.037,0.0011,"aoml_navis",1031.02334562468
"7901009",87,0,1,0.033642,1,0.011214,1,138.778207715649,1,4.849490629223,794,1,6.27899980545044,34.867000579834,0.0336420014500618,0.0154047571122646,133.823196411133,-87.2831,26.4338,53.5408383279193,63,63,63,63,61,63,0,8046,1.33458767306251,26,-87,0.001869,51,2025-10-02 13:42:18.001455,794,1.037,0.0011,"aoml_navis",1031.03611951945
"7901009",87,0,1,0.024297,1,0.001869,1,139.019630965114,1,4.84943685829996,796,1,6.26300001144409,34.867000579834,0.0242970008403063,0.00840259529650211,134.055999755859,-87.2831,26.4338,53.5408383279193,63,63,63,63,61,63,0,8046,1.33458767306251,26,-87,0.001869,51,2025-10-02 13:42:18.001455,796,1.037,0.0011,"aoml_navis",1031.047551726
"7901009",87,0,1,0.031773,1,0.009345,1,139.217396434853,1,4.84938150594308,798,1,6.25,34.8680000305176,0.0317730009555817,0.0140043264254928,134.246704101562,-87.2831,26.4338,53.5408383279193,63,63,63,63,61,63,0,8046,1.33458767306251,26,-87,0.001869,51,2025-10-02 13:42:18.001455,798,1.037,0.0011,"aoml_navis",1031.05932042516
"7901009",87,0,1,0.029904,1,0.007476,1,139.294030949972,1,4.84933263731849,800,1,6.24100017547607,34.8680000305176,0.0299040004611015,0.0126038929447532,134.320602416992,-87.2831,26.4338,53.5408383279193,63,63,63,63,61,63,0,8046,1.33458767306251,26,-87,0.001869,51,2025-10-02 13:42:18.001455,800,1.037,0.0011,"aoml_navis",1031.06971081382
"7901009",87,0,1,0.028035,1,0.005607,1,139.386837357399,1,4.84928935626257,802,1,6.23999977111816,34.8680000305176,0.0280349999666214,0.0112034603953362,134.410095214844,-87.2831,26.4338,53.5408383279193,63,63,63,63,61,63,0,8046,1.33458767306251,26,-87,0.001869,51,2025-10-02 13:42:18.001455,802,1.037,0.0011,"aoml_navis",1031.07891335517
"7901009",87,0,1,0.028035,1,0.005607,1,139.666427538613,1,4.84924557307965,804,1,6.23299980163574,34.867000579834,0.0280349999666214,0.0112034603953362,134.679702758789,-87.2831,26.4338,53.5408383279193,63,63,63,63,61,63,0,8046,1.33458767306251,26,-87,0.001869,51,2025-10-02 13:42:18.001455,804,1.037,0.0011,"aoml_navis",1031.08822282733
"7901009",87,0,1,0.033642,1,0.011214,1,139.983963118807,1,4.84918834003327,806,1,6.21199989318848,34.867000579834,0.0336420014500618,0.0154047571122646,134.985900878906,-87.2831,26.4338,53.5408383279193,63,63,63,63,61,63,0,8046,1.33458767306251,26,-87,0.001869,51,2025-10-02 13:42:18.001455,806,1.037,0.0011,"aoml_navis",1031.10039235261
"7901009",87,0,1,0.028035,1,0.005607,1,140.353036715879,1,4.84912674166568,808,1,6.19000005722046,34.8680000305176,0.0280349999666214,0.0112034603953362,135.341796875,-87.2831,26.4338,53.5408383279193,63,63,63,63,61,63,0,8046,1.33458767306251,26,-87,0.001869,51,2025-10-02 13:42:18.001455,808,1.037,0.0011,"aoml_navis",1031.11349040188
"7901009",87,0,1,0.029904,1,0.007476,1,140.640190658858,1,4.84906794348285,810,1,6.17199993133545,34.8689994812012,0.0299040004611015,0.0126038929447532,135.618698120117,-87.2831,26.4338,53.5408383279193,63,63,63,63,61,63,0,8046,1.33458767306251,26,-87,0.001869,51,2025-10-02 13:42:18.001455,810,1.037,0.0011,"aoml_navis",1031.12599334064
"7901009",87,0,1,0.024297,1,0.001869,1,140.77667066978,1,4.8490234803695,812,1,6.16400003433228,34.8680000305176,0.0242970008403063,0.00840259529650211,135.750305175781,-87.2831,26.4338,53.5408383279193,63,63,63,63,61,63,0,8046,1.33458767306251,26,-87,0.001869,51,2025-10-02 13:42:18.001455,812,1.037,0.0011,"aoml_navis",1031.13544824885
"7901009",87,0,1,0.029904,1,0.007476,1,140.81431541714,1,4.84897672506085,814,1,6.15799999237061,34.8680000305176,0.0299040004611015,0.0126038929447532,135.786605834961,-87.2831,26.4338,53.5408383279193,63,63,63,63,61,63,0,8046,1.33458767306251,26,-87,0.001869,51,2025-10-02 13:42:18.001455,814,1.037,0.0011,"aoml_navis",1031.14539077051
"7901009",87,0,1,0.031773,1,0.009345,1,140.863147569454,1,4.84892698182527,816,1,6.15299987792969,34.8689994812012,0.0317730009555817,0.0140043264254928,135.833694458008,-87.2831,26.4338,53.5408383279193,63,63,63,63,61,63,0,8046,1.33458767306251,26,-87,0.001869,51,2025-10-02 13:42:18.001455,816,1.037,0.0011,"aoml_navis",1031.15596888569
"7901009",87,0,1,0.029904,1,0.007476,1,140.881613908323,1,4.84888252538247,818,1,6.14499998092651,34.8680000305176,0.0299040004611015,0.0126038929447532,135.851501464844,-87.2831,26.4338,53.5408383279193,63,63,63,63,61,63,0,8046,1.33458767306251,26,-87,0.001869,51,2025-10-02 13:42:18.001455,818,1.037,0.0011,"aoml_navis",1031.16542292507
"7901009",87,0,1,0.031773,1,0.009345,1,140.937614228167,1,4.84882792184178,820,1,6.13299989700317,34.8689994812012,0.0317730009555817,0.0140043264254928,135.905502319336,-87.2831,26.4338,53.5408383279193,63,63,63,63,61,63,0,8046,1.33458767306251,26,-87,0.001869,51,2025-10-02 13:42:18.001455,820,1.037,0.0011,"aoml_navis",1031.17703506805
"7901009",87,0,1,0.033642,1,0.011214,1,141.009786440319,1,4.84876915824945,822,1,6.11499977111816,34.8699989318848,0.0336420014500618,0.0154047571122646,135.97509765625,-87.2831,26.4338,53.5408383279193,63,63,63,63,61,63,0,8046,1.33458767306251,26,-87,0.001869,51,2025-10-02 13:42:18.001455,822,1.037,0.0011,"aoml_navis",1031.18953219154
"7901009",87,0,1,0.033642,1,0.011214,1,141.161188265769,1,4.84871456758567,824,1,6.10300016403198,34.8709983825684,0.0336420014500618,0.0154047571122646,136.12109375,-87.2831,26.4338,53.5408383279193,63,63,63,63,61,63,0,8046,1.33458767306251,26,-87,0.001869,51,2025-10-02 13:42:18.001455,824,1.037,0.0011,"aoml_navis",1031.20114213893
"7901009",87,0,1,0.024297,1,0.001869,1,141.317273926955,1,4.84866921425603,826,1,6.09899997711182,34.8709983825684,0.0242970008403063,0.00840259529650211,136.271606445312,-87.2831,26.4338,53.5408383279193,63,63,63,63,61,63,0,8046,1.33458767306251,26,-87,0.001869,51,2025-10-02 13:42:18.001455,826,1.037,0.0011,"aoml_navis",1031.21078775575
"7901009",87,0,1,0.031773,1,0.009345,1,141.486303431496,1,4.84862247565168,828,1,6.09299993515015,34.8709983825684,0.0317730009555817,0.0140043264254928,136.434600830078,-87.2831,26.4338,53.5408383279193,63,63,63,63,61,63,0,8046,1.33458767306251,26,-87,0.001869,51,2025-10-02 13:42:18.001455,828,1.037,0.0011,"aoml_navis",1031.22072817764
"7901009",87,0,1,0.029904,1,0.007476,1,141.744009339656,1,4.84857851329117,830,1,6.09100008010864,34.8709983825684,0.0299040004611015,0.0126038929447532,136.68310546875,-87.2831,26.4338,53.5408383279193,63,63,63,63,61,63,0,8046,1.33458767306251,26,-87,0.001869,51,2025-10-02 13:42:18.001455,830,1.037,0.0011,"aoml_navis",1031.2300783196
"7901009",87,0,1,0.031773,1,0.009345,1,142.135267861401,1,4.84853338261186,832,1,6.08199977874756,34.8699989318848,0.0317730009555817,0.0140043264254928,137.060394287109,-87.2831,26.4338,53.5408383279193,63,63,63,63,61,63,0,8046,1.33458767306251,26,-87,0.001869,51,2025-10-02 13:42:18.001455,832,1.037,0.0011,"aoml_navis",1031.23967712202
"7901009",87,0,1,0.029904,1,0.007476,1,142.59893595184,1,4.84847049459189,834,1,6.05800008773804,34.8709983825684,0.0299040004611015,0.0126038929447532,137.507507324219,-87.2831,26.4338,53.5408383279193,63,63,63,63,61,63,0,8046,1.33458767306251,26,-87,0.001869,51,2025-10-02 13:42:18.001455,834,1.037,0.0011,"aoml_navis",1031.25305301479
"7901009",87,0,1,0.029904,1,0.007476,1,142.919683757218,1,4.84841684548834,836,1,6.04199981689453,34.8709983825684,0.0299040004611015,0.0126038929447532,137.816802978516,-87.2831,26.4338,53.5408383279193,63,63,63,63,61,63,0,8046,1.33458767306251,26,-87,0.001869,51,2025-10-02 13:42:18.001455,836,1.037,0.0011,"aoml_navis",1031.26446412146
"7901009",87,0,1,0.031773,1,0.009345,1,143.347352772312,1,4.84837011974587,838,1,6.03599977493286,34.8709983825684,0.0317730009555817,0.0140043264254928,138.229202270508,-87.2831,26.4338,53.5408383279193,63,63,63,63,61,63,0,8046,1.33458767306251,26,-87,0.001869,51,2025-10-02 13:42:18.001455,838,1.037,0.0011,"aoml_navis",1031.27440284243
"7901009",87,0,1,0.029904,1,0.007476,1,143.830705631862,1,4.84831441031516,840,1,6.01700019836426,34.8709983825684,0.0299040004611015,0.0126038929447532,138.695297241211,-87.2831,26.4338,53.5408383279193,63,63,63,63,61,63,0,8046,1.33458767306251,26,-87,0.001869,51,2025-10-02 13:42:18.001455,840,1.037,0.0011,"aoml_navis",1031.28625267415
"7901009",87,0,1,0.031773,1,0.009345,1,144.386246527334,1,4.84826354599265,842,1,6.00500011444092,34.8709983825684,0.0317730009555817,0.0140043264254928,139.231002807617,-87.2831,26.4338,53.5408383279193,63,63,63,63,61,63,0,8046,1.33458767306251,26,-87,0.001869,51,2025-10-02 13:42:18.001455,842,1.037,0.0011,"aoml_navis",1031.29707215128
"7901009",87,0,1,0.028035,1,0.005607,1,144.805196645498,1,4.84821130672567,844,1,5.99100017547607,34.8709983825684,0.0280349999666214,0.0112034603953362,139.634994506836,-87.2831,26.4338,53.5408383279193,63,63,63,63,61,63,0,8046,1.33458767306251,26,-87,0.001869,51,2025-10-02 13:42:18.001455,844,1.037,0.0011,"aoml_navis",1031.30818433259
"7901009",87,0,1,0.028035,1,0.005607,1,145.111339111736,1,4.8481668968326,846,1,5.98299980163574,34.8699989318848,0.0280349999666214,0.0112034603953362,139.930206298828,-87.2831,26.4338,53.5408383279193,63,63,63,63,61,63,0,8046,1.33458767306251,26,-87,0.001869,51,2025-10-02 13:42:18.001455,846,1.037,0.0011,"aoml_navis",1031.31763126113
"7901009",87,0,1,0.026166,1,0.003738,1,145.536935213041,1,4.84810615955224,848,1,5.96199989318848,34.8709983825684,0.0261659994721413,0.00980302784591913,140.340606689453,-87.2831,26.4338,53.5408383279193,63,63,63,63,61,63,0,8046,1.33458767306251,26,-87,0.001869,51,2025-10-02 13:42:18.001455,848,1.037,0.0011,"aoml_navis",1031.33055165232
"7901009",87,0,1,0.029904,1,0.007476,1,145.917512690454,1,4.84804705968452,850,1,5.93800020217896,34.8709983825684,0.0299040004611015,0.0126038929447532,140.707595825195,-87.2831,26.4338,53.5408383279193,63,63,63,63,61,63,0,8046,1.33458767306251,26,-87,0.001869,51,2025-10-02 13:42:18.001455,850,1.037,0.0011,"aoml_navis",1031.34312403423
"7901009",87,0,1,0.028035,1,0.005607,1,146.196264211892,1,4.8479918416497,852,1,5.92500019073486,34.8720016479492,0.0280349999666214,0.0112034603953362,140.97639465332,-87.2831,26.4338,53.5408383279193,63,63,63,63,61,63,0,8046,1.33458767306251,26,-87,0.001869,51,2025-10-02 13:42:18.001455,852,1.037,0.0011,"aoml_navis",1031.35487090642
"7901009",87,0,1,0.029904,1,0.007476,1,146.590956491593,1,4.84794582656068,854,1,5.92000007629395,34.8720016479492,0.0299040004611015,0.0126038929447532,141.356994628906,-87.2831,26.4338,53.5408383279193,63,63,63,63,61,63,0,8046,1.33458767306251,26,-87,0.001869,51,2025-10-02 13:42:18.001455,854,1.037,0.0011,"aoml_navis",1031.36466018375
"7901009",87,0,1,0.029904,1,0.007476,1,146.984414517282,1,4.84788882167702,856,1,5.89900016784668,34.8720016479492,0.0299040004611015,0.0126038929447532,141.736404418945,-87.2831,26.4338,53.5408383279193,63,63,63,63,61,63,0,8046,1.33458767306251,26,-87,0.001869,51,2025-10-02 13:42:18.001455,856,1.037,0.0011,"aoml_navis",1031.37678769423
"7901009",87,0,1,0.029904,1,0.007476,1,147.261915960939,1,4.8478434976394,858,1,5.89499998092651,34.8720016479492,0.0299040004611015,0.0126038929447532,142.003997802734,-87.2831,26.4338,53.5408383279193,63,63,63,63,61,63,0,8046,1.33458767306251,26,-87,0.001869,51,2025-10-02 13:42:18.001455,858,1.037,0.0011,"aoml_navis",1031.38643036531
"7901009",87,0,1,0.029904,1,0.007476,1,147.69529735678,1,4.84779474336568,860,1,5.88600015640259,34.8720016479492,0.0299040004611015,0.0126038929447532,142.421905517578,-87.2831,26.4338,53.5408383279193,63,63,63,63,61,63,0,8046,1.33458767306251,26,-87,0.001869,51,2025-10-02 13:42:18.001455,860,1.037,0.0011,"aoml_navis",1031.39680301907
"7901009",87,0,1,0.03738,1,0.014952,1,148.143489800763,1,4.84773776249071,862,1,5.86499977111816,34.8720016479492,0.0373799987137318,0.0182056240737438,142.854095458984,-87.2831,26.4338,53.5408383279193,63,63,63,63,61,63,0,8046,1.33458767306251,26,-87,0.001869,51,2025-10-02 13:42:18.001455,862,1.037,0.0011,"aoml_navis",1031.40892617736
"7901009",87,0,1,0.028035,1,0.005607,1,148.454284455199,1,4.84767505963572,864,1,5.84100008010864,34.8730010986328,0.0280349999666214,0.0112034603953362,143.153793334961,-87.2831,26.4338,53.5408383279193,63,63,63,63,61,63,0,8046,1.33458767306251,26,-87,0.001869,51,2025-10-02 13:42:18.001455,864,1.037,0.0011,"aoml_navis",1031.42226706419
"7901009",87,0,1,0.028035,1,0.005607,1,148.729317390832,1,4.84761853177641,866,1,5.82600021362305,34.8740005493164,0.0280349999666214,0.0112034603953362,143.419006347656,-87.2831,26.4338,53.5408383279193,63,63,63,63,61,63,0,8046,1.33458767306251,26,-87,0.001869,51,2025-10-02 13:42:18.001455,866,1.037,0.0011,"aoml_navis",1031.43429443235
"7901009",87,0,1,0.028035,1,0.005607,1,148.925722016405,1,4.84756638004644,868,1,5.81199979782104,34.8740005493164,0.0280349999666214,0.0112034603953362,143.6083984375,-87.2831,26.4338,53.5408383279193,63,63,63,63,61,63,0,8046,1.33458767306251,26,-87,0.001869,51,2025-10-02 13:42:18.001455,868,1.037,0.0011,"aoml_navis",1031.44539094524
"7901009",87,0,1,0.031773,1,0.009345,1,149.045080708855,1,4.84751765083937,870,1,5.80299997329712,34.8740005493164,0.0317730009555817,0.0140043264254928,143.723495483398,-87.2831,26.4338,53.5408383279193,63,63,63,63,61,63,0,8046,1.33458767306251,26,-87,0.001869,51,2025-10-02 13:42:18.001455,870,1.037,0.0011,"aoml_navis",1031.45575945128
"7901009",87,0,1,0.029904,1,0.007476,1,149.169328946044,1,4.84747370636828,872,1,5.80100011825562,34.8740005493164,0.0299040004611015,0.0126038929447532,143.843307495117,-87.2831,26.4338,53.5408383279193,63,63,63,63,61,63,0,8046,1.33458767306251,26,-87,0.001869,51,2025-10-02 13:42:18.001455,872,1.037,0.0011,"aoml_navis",1031.46511004925
"7901009",87,0,1,0.028035,1,0.005607,1,149.365939280619,1,4.84742908023566,874,1,5.7979998588562,34.8740005493164,0.0280349999666214,0.0112034603953362,144.032897949219,-87.2831,26.4338,53.5408383279193,63,63,63,63,61,63,0,8046,1.33458767306251,26,-87,0.001869,51,2025-10-02 13:42:18.001455,874,1.037,0.0011,"aoml_navis",1031.47460586611
"7901009",87,0,1,0.029904,1,0.007476,1,149.601650149337,1,4.84737530604274,876,1,5.78700017929077,34.875,0.0299040004611015,0.0126038929447532,144.260192871094,-87.2831,26.4338,53.5408383279193,63,63,63,63,61,63,0,8046,1.33458767306251,26,-87,0.001869,51,2025-10-02 13:42:18.001455,876,1.037,0.0011,"aoml_navis",1031.48604849453
"7901009",87,0,1,0.029904,1,0.007476,1,149.826173613101,1,4.84732453821072,878,1,5.77500009536743,34.875,0.0299040004611015,0.0126038929447532,144.476699829102,-87.2831,26.4338,53.5408383279193,63,63,63,63,61,63,0,8046,1.33458767306251,26,-87,0.001869,51,2025-10-02 13:42:18.001455,878,1.037,0.0011,"aoml_navis",1031.4968516314
"7901009",87,0,1,0.026166,1,0.003738,1,150.041155343929,1,4.84727855180146,880,1,5.76999998092651,34.875,0.0261659994721413,0.00980302784591913,144.684005737305,-87.2831,26.4338,53.5408383279193,63,63,63,63,61,63,0,8046,1.33458767306251,26,-87,0.001869,51,2025-10-02 13:42:18.001455,880,1.037,0.0011,"aoml_navis",1031.50663750112
"7901009",87,0,1,0.029904,1,0.007476,1,150.290237297775,1,4.84723188483111,882,1,5.76399993896484,34.875,0.0299040004611015,0.0126038929447532,144.924194335938,-87.2831,26.4338,53.5408383279193,63,63,63,63,61,63,0,8046,1.33458767306251,26,-87,0.001869,51,2025-10-02 13:42:18.001455,882,1.037,0.0011,"aoml_navis",1031.51656838349
"7901009",87,0,1,0.028035,1,0.005607,1,150.413646875187,1,4.84718017069782,884,1,5.75600004196167,34.8759994506836,0.0280349999666214,0.0112034603953362,145.043197631836,-87.2831,26.4338,53.5408383279193,63,63,63,63,61,63,0,8046,1.33458767306251,26,-87,0.001869,51,2025-10-02 13:42:18.001455,884,1.037,0.0011,"aoml_navis",1031.52757354183
"7901009",87,0,1,0.029904,1,0.007476,1,150.631635122197,1,4.84713419007341,886,1,5.75099992752075,34.8759994506836,0.0299040004611015,0.0126038929447532,145.253402709961,-87.2831,26.4338,53.5408383279193,63,63,63,63,61,63,0,8046,1.33458767306251,26,-87,0.001869,51,2025-10-02 13:42:18.001455,886,1.037,0.0011,"aoml_navis",1031.53735876338
"7901009",87,0,1,0.029904,1,0.007476,1,150.911731664032,1,4.84709189584006,888,1,5.74599981307983,34.875,0.0299040004611015,0.0126038929447532,145.523498535156,-87.2831,26.4338,53.5408383279193,63,63,63,63,61,63,0,8046,1.33458767306251,26,-87,0.001869,51,2025-10-02 13:42:18.001455,888,1.037,0.0011,"aoml_navis",1031.54635964116
"7901009",87,0,1,0.029904,1,0.007476,1,151.18893245607,1,4.84703541635843,890,1,5.73099994659424,34.8759994506836,0.0299040004611015,0.0126038929447532,145.790802001953,-87.2831,26.4338,53.5408383279193,63,63,63,63,61,63,0,8046,1.33458767306251,26,-87,0.001869,51,2025-10-02 13:42:18.001455,890,1.037,0.0011,"aoml_navis",1031.55837960773
"7901009",87,0,1,0.029904,1,0.007476,1,151.506578802649,1,4.84698262933736,892,1,5.71600008010864,34.8759994506836,0.0299040004611015,0.0126038929447532,146.097106933594,-87.2831,26.4338,53.5408383279193,63,63,63,63,61,63,0,8046,1.33458767306251,26,-87,0.001869,51,2025-10-02 13:42:18.001455,892,1.037,0.0011,"aoml_navis",1031.56961399789
"7901009",87,0,1,0.029904,1,0.007476,1,151.679342716764,1,4.84692888765207,894,1,5.70499992370605,34.8769989013672,0.0299040004611015,0.0126038929447532,146.263702392578,-87.2831,26.4338,53.5408383279193,63,63,63,63,61,63,0,8046,1.33458767306251,26,-87,0.001869,51,2025-10-02 13:42:18.001455,894,1.037,0.0011,"aoml_navis",1031.58105181569
"7901009",87,0,1,0.033642,1,0.011214,1,151.94969181666,1,4.84688155660914,896,1,5.69799995422363,34.8769989013672,0.0336420014500618,0.0154047571122646,146.524398803711,-87.2831,26.4338,53.5408383279193,63,63,63,63,61,63,0,8046,1.33458767306251,26,-87,0.001869,51,2025-10-02 13:42:18.001455,896,1.037,0.0011,"aoml_navis",1031.59112546954
"7901009",87,0,1,0.028035,1,0.005607,1,152.093624822961,1,4.846833547521,898,1,5.69000005722046,34.8769989013672,0.0280349999666214,0.0112034603953362,146.663192749023,-87.2831,26.4338,53.5408383279193,63,63,63,63,61,63,0,8046,1.33458767306251,26,-87,0.001869,51,2025-10-02 13:42:18.001455,898,1.037,0.0011,"aoml_navis",1031.60134363544
"7901009",87,0,1,0.029904,1,0.007476,1,152.362122541839,1,4.84678622110838,900,1,5.68300008773804,34.8769989013672,0.0299040004611015,0.0126038929447532,146.922103881836,-87.2831,26.4338,53.5408383279193,63,63,63,63,61,63,0,8046,1.33458767306251,26,-87,0.001869,51,2025-10-02 13:42:18.001455,900,1.037,0.0011,"aoml_navis",1031.61141670007
"7901009",87,0,1,0.028035,1,0.005607,1,152.582595120642,1,4.84673821700565,902,1,5.67500019073486,34.8769989013672,0.0280349999666214,0.0112034603953362,147.134704589844,-87.2831,26.4338,53.5408383279193,63,63,63,63,61,63,0,8046,1.33458767306251,26,-87,0.001869,51,2025-10-02 13:42:18.001455,902,1.037,0.0011,"aoml_navis",1031.62163420682
"7901009",87,0,1,0.031773,1,0.009345,1,152.887788160717,1,4.84669157499518,904,1,5.66900014877319,34.8769989013672,0.0317730009555817,0.0140043264254928,147.429000854492,-87.2831,26.4338,53.5408383279193,63,63,63,63,61,63,0,8046,1.33458767306251,26,-87,0.001869,51,2025-10-02 13:42:18.001455,904,1.037,0.0011,"aoml_navis",1031.63156199082
"7901009",87,0,1,0.026166,1,0.003738,1,153.244519217671,1,4.84663105980522,906,1,5.64799976348877,34.8779983520508,0.0261659994721413,0.00980302784591913,147.772994995117,-87.2831,26.4338,53.5408383279193,63,63,63,63,61,63,0,8046,1.33458767306251,26,-87,0.001869,51,2025-10-02 13:42:18.001455,906,1.037,0.0011,"aoml_navis",1031.6444429754
"7901009",87,0,1,0.028035,1,0.005607,1,153.425179192708,1,4.84658442369358,908,1,5.64200019836426,34.8779983520508,0.0280349999666214,0.0112034603953362,147.947204589844,-87.2831,26.4338,53.5408383279193,63,63,63,63,61,63,0,8046,1.33458767306251,26,-87,0.001869,51,2025-10-02 13:42:18.001455,908,1.037,0.0011,"aoml_navis",1031.65436994276
"7901009",87,0,1,0.029904,1,0.007476,1,153.674783330943,1,4.84653846801178,910,1,5.63700008392334,34.8779983520508,0.0299040004611015,0.0126038929447532,148.187896728516,-87.2831,26.4338,53.5408383279193,63,63,63,63,61,63,0,8046,1.33458767306251,26,-87,0.001869,51,2025-10-02 13:42:18.001455,910,1.037,0.0011,"aoml_navis",1031.66415226065
"7901009",87,0,1,0.033642,1,0.011214,1,154.047385628587,1,4.84649047813549,912,1,5.62900018692017,34.8779983520508,0.0336420014500618,0.0154047571122646,148.54719543457,-87.2831,26.4338,53.5408383279193,63,63,63,63,61,63,0,8046,1.33458767306251,26,-87,0.001869,51,2025-10-02 13:42:18.001455,912,1.037,0.0011,"aoml_navis",1031.67436778367
"7901009",87,0,1,0.026166,1,0.003738,1,154.364509790777,1,4.8464360791303,914,1,5.61700010299683,34.8790016174316,0.0261659994721413,0.00980302784591913,148.852996826172,-87.2831,26.4338,53.5408383279193,63,63,63,63,61,63,0,8046,1.33458767306251,26,-87,0.001869,51,2025-10-02 13:42:18.001455,914,1.037,0.0011,"aoml_navis",1031.68594785166
"7901009",87,0,1,0.035511,1,0.013083,1,154.699055923056,1,4.84638402786324,916,1,5.60300016403198,34.8790016174316,0.0355109982192516,0.0168051905930042,149.175598144531,-87.2831,26.4338,53.5408383279193,63,63,63,63,61,63,0,8046,1.33458767306251,26,-87,0.001869,51,2025-10-02 13:42:18.001455,916,1.037,0.0011,"aoml_navis",1031.69702839345
"7901009",87,0,1,0.026166,1,0.003738,1,154.970243682729,1,4.84633198342138,918,1,5.58900022506714,34.8790016174316,0.0261659994721413,0.00980302784591913,149.437103271484,-87.2831,26.4338,53.5408383279193,63,63,63,63,61,63,0,8046,1.33458767306251,26,-87,0.001869,51,2025-10-02 13:42:18.001455,918,1.037,0.0011,"aoml_navis",1031.70810772029
"7901009",87,0,1,0.029904,1,0.007476,1,155.266828592261,1,4.84627693834424,920,1,5.57600021362305,34.8800010681152,0.0299040004611015,0.0126038929447532,149.723098754883,-87.2831,26.4338,53.5408383279193,63,63,63,63,61,63,0,8046,1.33458767306251,26,-87,0.001869,51,2025-10-02 13:42:18.001455,920,1.037,0.0011,"aoml_navis",1031.71982608742
"7901009",87,0,1,0.031773,1,0.009345,1,155.573382476503,1,4.84622558330986,922,1,5.56300020217896,34.8800010681152,0.0317730009555817,0.0140043264254928,150.018707275391,-87.2831,26.4338,53.5408383279193,63,63,63,63,61,63,0,8046,1.33458767306251,26,-87,0.001869,51,2025-10-02 13:42:18.001455,922,1.037,0.0011,"aoml_navis",1031.7307591334
"7901009",87,0,1,0.026166,1,0.003738,1,155.777050212222,1,4.84617761400618,924,1,5.55499982833862,34.8800010681152,0.0261659994721413,0.00980302784591913,150.215103149414,-87.2831,26.4338,53.5408383279193,63,63,63,63,61,63,0,8046,1.33458767306251,26,-87,0.001869,51,2025-10-02 13:42:18.001455,924,1.037,0.0011,"aoml_navis",1031.74097159569
"7901009",87,0,1,0.031773,1,0.009345,1,156.044598504937,1,4.84613167584324,926,1,5.55000019073486,34.8800010681152,0.0317730009555817,0.0140043264254928,150.473098754883,-87.2831,26.4338,53.5408383279193,63,63,63,63,61,63,0,8046,1.33458767306251,26,-87,0.001869,51,2025-10-02 13:42:18.001455,926,1.037,0.0011,"aoml_navis",1031.7507518262
"7901009",87,0,1,0.029904,1,0.007476,1,156.309567523243,1,4.84607867549478,928,1,5.53999996185303,34.8810005187988,0.0299040004611015,0.0126038929447532,150.728607177734,-87.2831,26.4338,53.5408383279193,63,63,63,63,61,63,0,8046,1.33458767306251,26,-87,0.001869,51,2025-10-02 13:42:18.001455,928,1.037,0.0011,"aoml_navis",1031.7620358257
"7901009",87,0,1,0.026166,1,0.003738,1,156.620567886681,1,4.84602801198396,930,1,5.52799987792969,34.8810005187988,0.0261659994721413,0.00980302784591913,151.028503417969,-87.2831,26.4338,53.5408383279193,63,63,63,63,61,63,0,8046,1.33458767306251,26,-87,0.001869,51,2025-10-02 13:42:18.001455,930,1.037,0.0011,"aoml_navis",1031.77282253327
"7901009",87,0,1,0.031773,1,0.009345,1,156.838856785309,1,4.84597937886646,932,1,5.51900005340576,34.8810005187988,0.0317730009555817,0.0140043264254928,151.238998413086,-87.2831,26.4338,53.5408383279193,63,63,63,63,61,63,0,8046,1.33458767306251,26,-87,0.001869,51,2025-10-02 13:42:18.001455,932,1.037,0.0011,"aoml_navis",1031.7831771644
"7901009",87,0,1,0.033642,1,0.011214,1,157.129634371477,1,4.84592706485933,934,1,5.51000022888184,34.8819999694824,0.0336420014500618,0.0154047571122646,151.519393920898,-87.2831,26.4338,53.5408383279193,63,63,63,63,61,63,0,8046,1.33458767306251,26,-87,0.001869,51,2025-10-02 13:42:18.001455,934,1.037,0.0011,"aoml_navis",1031.79431573742
"7901009",87,0,1,0.029904,1,0.007476,1,157.384333763454,1,4.84587911215709,936,1,5.5019998550415,34.8819999694824,0.0299040004611015,0.0126038929447532,151.764999389648,-87.2831,26.4338,53.5408383279193,63,63,63,63,61,63,0,8046,1.33458767306251,26,-87,0.001869,51,2025-10-02 13:42:18.001455,936,1.037,0.0011,"aoml_navis",1031.80452592312
"7901009",87,0,1,0.033642,1,0.011214,1,157.614870259584,1,4.8458291392296,938,1,5.49100017547607,34.8819999694824,0.0336420014500618,0.0154047571122646,151.9873046875,-87.2831,26.4338,53.5408383279193,63,63,63,63,61,63,0,8046,1.33458767306251,26,-87,0.001869,51,2025-10-02 13:42:18.001455,938,1.037,0.0011,"aoml_navis",1031.81516647426
"7901009",87,0,1,0.029904,1,0.007476,1,157.76201549107,1,4.84578321513086,940,1,5.48600006103516,34.8819999694824,0.0299040004611015,0.0126038929447532,152.129196166992,-87.2831,26.4338,53.5408383279193,63,63,63,63,61,63,0,8046,1.33458767306251,26,-87,0.001869,51,2025-10-02 13:42:18.001455,940,1.037,0.0011,"aoml_navis",1031.82494511674
"7901009",87,0,1,0.026166,1,0.003738,1,158.024911595586,1,4.84573729284565,942,1,5.48099994659424,34.8819999694824,0.0261659994721413,0.00980302784591913,152.382705688477,-87.2831,26.4338,53.5408383279193,63,63,63,63,61,63,0,8046,1.33458767306251,26,-87,0.001869,51,2025-10-02 13:42:18.001455,942,1.037,0.0011,"aoml_navis",1031.8347235584
"7901009",87,0,1,0.029904,1,0.007476,1,158.317239911154,1,4.84568431861891,944,1,5.47100019454956,34.882999420166,0.0299040004611015,0.0126038929447532,152.664596557617,-87.2831,26.4338,53.5408383279193,63,63,63,63,61,63,0,8046,1.33458767306251,26,-87,0.001869,51,2025-10-02 13:42:18.001455,944,1.037,0.0011,"aoml_navis",1031.84600383235
"7901009",87,0,1,0.031773,1,0.009345,1,158.535228158164,1,4.845637052697,946,1,5.46400022506714,34.882999420166,0.0317730009555817,0.0140043264254928,152.874801635742,-87.2831,26.4338,53.5408383279193,63,63,63,63,61,63,0,8046,1.33458767306251,26,-87,0.001869,51,2025-10-02 13:42:18.001455,946,1.037,0.0011,"aoml_navis",1031.85606879432
"7901009",87,0,1,0.031773,1,0.009345,1,158.78275938261,1,4.84558709467773,948,1,5.45300006866455,34.882999420166,0.0317730009555817,0.0140043264254928,153.113494873047,-87.2831,26.4338,53.5408383279193,63,63,63,63,61,63,0,8046,1.33458767306251,26,-87,0.001869,51,2025-10-02 13:42:18.001455,948,1.037,0.0011,"aoml_navis",1031.86670723386
"7901009",87,0,1,0.031773,1,0.009345,1,159.095421241834,1,4.84553983380414,950,1,5.44600009918213,34.882999420166,0.0317730009555817,0.0140043264254928,153.414993286133,-87.2831,26.4338,53.5408383279193,63,63,63,63,61,63,0,8046,1.33458767306251,26,-87,0.001869,51,2025-10-02 13:42:18.001455,950,1.037,0.0011,"aoml_navis",1031.87677152467
"7901009",87,0,1,0.031773,1,0.009345,1,159.421786485343,1,4.84548485364138,952,1,5.43300008773804,34.8839988708496,0.0317730009555817,0.0140043264254928,153.729705810547,-87.2831,26.4338,53.5408383279193,63,63,63,63,61,63,0,8046,1.33458767306251,26,-87,0.001869,51,2025-10-02 13:42:18.001455,952,1.037,0.0011,"aoml_navis",1031.88847989949
"7901009",87,0,1,0.031773,1,0.009345,1,159.731441828384,1,4.84543558012486,954,1,5.4229998588562,34.8839988708496,0.0317730009555817,0.0140043264254928,154.028305053711,-87.2831,26.4338,53.5408383279193,63,63,63,63,61,63,0,8046,1.33458767306251,26,-87,0.001869,51,2025-10-02 13:42:18.001455,954,1.037,0.0011,"aoml_navis",1031.89897323352
"7901009",87,0,1,0.029904,1,0.007476,1,160.07427961582,1,4.84538496589004,956,1,5.41099977493286,34.8839988708496,0.0299040004611015,0.0126038929447532,154.358901977539,-87.2831,26.4338,53.5408383279193,63,63,63,63,61,63,0,8046,1.33458767306251,26,-87,0.001869,51,2025-10-02 13:42:18.001455,956,1.037,0.0011,"aoml_navis",1031.90975231037
"7901009",87,0,1,0.033642,1,0.011214,1,160.381339860682,1,4.84533000149078,958,1,5.39799976348877,34.8849983215332,0.0336420014500618,0.0154047571122646,154.654998779297,-87.2831,26.4338,53.5408383279193,63,63,63,63,61,63,0,8046,1.33458767306251,26,-87,0.001869,51,2025-10-02 13:42:18.001455,958,1.037,0.0011,"aoml_navis",1031.92145807646
"7901009",87,0,1,0.028035,1,0.005607,1,160.548201508818,1,4.84528275486266,960,1,5.39099979400635,34.8849983215332,0.0280349999666214,0.0112034603953362,154.815902709961,-87.2831,26.4338,53.5408383279193,63,63,63,63,61,63,0,8046,1.33458767306251,26,-87,0.001869,51,2025-10-02 13:42:18.001455,960,1.037,0.0011,"aoml_navis",1031.93152040138
"7901009",87,0,1,0.035511,1,0.013083,1,160.776870800161,1,4.84523551044927,962,1,5.38399982452393,34.8849983215332,0.0355109982192516,0.0168051905930042,155.036407470703,-87.2831,26.4338,53.5408383279193,63,63,63,63,61,63,0,8046,1.33458767306251,26,-87,0.001869,51,2025-10-02 13:42:18.001455,962,1.037,0.0011,"aoml_navis",1031.94158245084
"7901009",87,0,1,0.031773,1,0.009345,1,161.056445157607,1,4.84518826824996,964,1,5.3769998550415,34.8849983215332,0.0317730009555817,0.0140043264254928,155.305999755859,-87.2831,26.4338,53.5408383279193,63,63,63,63,61,63,0,8046,1.33458767306251,26,-87,0.001869,51,2025-10-02 13:42:18.001455,964,1.037,0.0011,"aoml_navis",1031.95164422495
"7901009",87,0,1,0.031773,1,0.009345,1,161.267581712474,1,4.84513665993259,966,1,5.36899995803833,34.8860015869141,0.0317730009555817,0.0140043264254928,155.50959777832,-87.2831,26.4338,53.5408383279193,63,63,63,63,61,63,0,8046,1.33458767306251,26,-87,0.001869,51,2025-10-02 13:42:18.001455,966,1.037,0.0011,"aoml_navis",1031.96263613121
"7901009",87,0,1,0.031773,1,0.009345,1,161.583977981272,1,4.84508741002237,968,1,5.35900020599365,34.8860015869141,0.0317730009555817,0.0140043264254928,155.814697265625,-87.2831,26.4338,53.5408383279193,63,63,63,63,61,63,0,8046,1.33458767306251,26,-87,0.001869,51,2025-10-02 13:42:18.001455,968,1.037,0.0011,"aoml_navis",1031.97312594551
"7901009",87,0,1,0.028035,1,0.005607,1,161.739019273679,1,4.84504017512828,970,1,5.35200023651123,34.8860015869141,0.0280349999666214,0.0112034603953362,155.964202880859,-87.2831,26.4338,53.5408383279193,63,63,63,63,61,63,0,8046,1.33458767306251,26,-87,0.001869,51,2025-10-02 13:42:18.001455,970,1.037,0.0011,"aoml_navis",1031.98318677876
"7901009",87,0,1,0.029904,1,0.007476,1,161.982816088551,1,4.84498925902984,972,1,5.34499979019165,34.8870010375977,0.0299040004611015,0.0126038929447532,156.199295043945,-87.2831,26.4338,53.5408383279193,63,63,63,63,61,63,0,8046,1.33458767306251,26,-87,0.001869,51,2025-10-02 13:42:18.001455,972,1.037,0.0011,"aoml_navis",1031.99403191271
"7901009",87,0,1,0.029904,1,0.007476,1,162.207545261318,1,4.8449426992259,974,1,5.33900022506714,34.8870010375977,0.0299040004611015,0.0126038929447532,156.416000366211,-87.2831,26.4338,53.5408383279193,63,63,63,63,61,63,0,8046,1.33458767306251,26,-87,0.001869,51,2025-10-02 13:42:18.001455,974,1.037,0.0011,"aoml_navis",1032.00394935504
"7901009",87,0,1,0.028035,1,0.005607,1,162.333328404138,1,4.84489748158399,976,1,5.33500003814697,34.8870010375977,0.0280349999666214,0.0112034603953362,156.537292480469,-87.2831,26.4338,53.5408383279193,63,63,63,63,61,63,0,8046,1.33458767306251,26,-87,0.001869,51,2025-10-02 13:42:18.001455,976,1.037,0.0011,"aoml_navis",1032.01358109342
"7901009",87,0,1,0.026166,1,0.003738,1,162.563864900267,1,4.84485092517147,978,1,5.3289999961853,34.8870010375977,0.0261659994721413,0.00980302784591913,156.75959777832,-87.2831,26.4338,53.5408383279193,63,63,63,63,61,63,0,8046,1.33458767306251,26,-87,0.001869,51,2025-10-02 13:42:18.001455,978,1.037,0.0011,"aoml_navis",1032.02349818907
"7901009",87,0,1,0.035511,1,0.013083,1,167.014474100488,1,4.84433596421756,998.900024414062,1,5.24009990692139,34.8899993896484,0.0355109982192516,0.0168051905930042,161.051300048828,-87.2831,26.4338,53.5408383279193,63,63,63,63,61,63,0,8046,1.33458767306251,26,-87,0.001869,51,2025-10-02 13:42:18.001455,998.900024414062,1.037,0.0011,"aoml_navis",1032.13320399994
"7901009",87,0,1,0.031773,1,0.009345,1,174.31649489585,1,4.84309897601042,1049.59997558594,1,5.03389978408813,34.8959999084473,0.0317730009555817,0.0140043264254928,168.09260559082,-87.2831,26.4338,53.5408383279193,63,63,63,63,61,63,0,8046,1.33458767306251,26,-87,0.001869,51,2025-10-02 13:42:18.001455,1049.59997558594,1.037,0.0011,"aoml_navis",1032.39682376238
"7901009",87,0,1,0.029904,1,0.007476,1,180.989236030419,1,4.84186632892924,1099.5,1,4.82270002365112,34.9049987792969,0.0299040004611015,0.0126038929447532,174.527099609375,-87.2831,26.4338,53.5408383279193,63,63,63,63,61,63,0,8046,1.33458767306251,26,-87,0.001869,51,2025-10-02 13:42:18.001455,1099.5,1.037,0.0011,"aoml_navis",1032.65965235883
"7901009",87,0,1,0.026166,1,0.003738,1,186.67370364822,1,4.84069253665738,1149.30004882812,1,4.67320013046265,34.9099998474121,0.0261659994721413,0.00980302784591913,180.008605957031,-87.2831,26.4338,53.5408383279193,63,63,63,63,61,63,0,8046,1.33458767306251,26,-87,0.001869,51,2025-10-02 13:42:18.001455,1149.30004882812,1.037,0.0011,"aoml_navis",1032.9100561823
"7901009",87,0,1,0.033642,1,0.011214,1,190.990839353701,1,4.83954285454658,1199.19995117188,1,4.56199979782104,34.9150009155273,0.0336420014500618,0.0154047571122646,184.171600341797,-87.2831,26.4338,53.5408383279193,63,63,63,63,61,63,0,8046,1.33458767306251,26,-87,0.001869,51,2025-10-02 13:42:18.001455,1199.19995117188,1.037,0.0011,"aoml_navis",1033.15543436147
"7901009",87,0,1,0.029904,1,0.007476,1,194.409090015654,1,4.83842060689763,1249.09997558594,1,4.48540019989014,34.9189987182617,0.0299040004611015,0.0126038929447532,187.467803955078,-87.2831,26.4338,53.5408383279193,63,63,63,63,61,63,0,8046,1.33458767306251,26,-87,0.001869,51,2025-10-02 13:42:18.001455,1249.09997558594,1.037,0.0011,"aoml_navis",1033.3950696374
"7901009",87,0,1,0.029904,1,0.007476,1,196.853672499978,1,4.83731795786637,1299.19995117188,1,4.43219995498657,34.9210014343262,0.0299040004611015,0.0126038929447532,189.825103759766,-87.2831,26.4338,53.5408383279193,63,63,63,63,61,63,0,8046,1.33458767306251,26,-87,0.001869,51,2025-10-02 13:42:18.001455,1299.19995117188,1.037,0.0011,"aoml_navis",1033.63062828423
"7901009",87,0,1,0.031773,1,0.009345,1,198.731510860108,1,4.83622224195249,1349.40002441406,1,4.396399974823,34.923999786377,0.0317730009555817,0.0140043264254928,191.635894775391,-87.2831,26.4338,53.5408383279193,63,63,63,63,61,63,0,8046,1.33458767306251,26,-87,0.001869,51,2025-10-02 13:42:18.001455,1349.40002441406,1.037,0.0011,"aoml_navis",1033.86481221371
"7901009",87,0,1,0.031773,1,0.009345,1,199.217047399833,1,4.83515274121307,1399.30004882812,1,4.37200021743774,34.923999786377,0.0317730009555817,0.0140043264254928,192.104095458984,-87.2831,26.4338,53.5408383279193,63,63,63,63,61,63,0,8046,1.33458767306251,26,-87,0.001869,51,2025-10-02 13:42:18.001455,1399.30004882812,1.037,0.0011,"aoml_navis",1034.09349561635
"7901009",87,0,1,0.031773,1,0.009345,1,199.871518501483,1,4.83409531628121,1448.80004882812,1,4.35650014877319,34.9249992370605,0.0317730009555817,0.0140043264254928,192.735198974609,-87.2831,26.4338,53.5408383279193,63,63,63,63,61,63,0,8046,1.33458767306251,26,-87,0.001869,51,2025-10-02 13:42:18.001455,1448.80004882812,1.037,0.0011,"aoml_navis",1034.31969641973
"7901009",87,0,1,0.031773,1,0.009345,1,200.602829827253,1,4.83300525700828,1499.90002441406,1,4.33500003814697,34.9249992370605,0.0317730009555817,0.0140043264254928,193.440399169922,-87.2831,26.4338,53.5408383279193,63,63,63,63,61,63,0,8046,1.33458767306251,26,-87,0.001869,51,2025-10-02 13:42:18.001455,1499.90002441406,1.037,0.0011,"aoml_navis",1034.55298186352
"7901009",87,0,1,0.035511,1,0.013083,1,201.626058050586,1,4.83194991681615,1549.30004882812,1,4.32070016860962,34.9269981384277,0.0355109982192516,0.0168051905930042,194.427093505859,-87.2831,26.4338,53.5408383279193,63,63,63,63,61,63,0,8046,1.33458767306251,26,-87,0.001869,51,2025-10-02 13:42:18.001455,1549.30004882812,1.037,0.0011,"aoml_navis",1034.77893729796
"7901009",87,0,1,0.028035,1,0.005607,1,202.623477706058,1,4.83089870663243,1599,1,4.30889987945557,34.9269981384277,0.0280349999666214,0.0112034603953362,195.388900756836,-87.2831,26.4338,53.5408383279193,63,63,63,63,61,63,0,8046,1.33458767306251,26,-87,0.001869,51,2025-10-02 13:42:18.001455,1599,1.037,0.0011,"aoml_navis",1035.00410661383
"7901009",87,0,1,0.028035,1,0.005607,1,203.209083763356,1,4.82983037268507,1649.69995117188,1,4.30590009689331,34.9280014038086,0.0280349999666214,0.0112034603953362,195.953598022461,-87.2831,26.4338,53.5408383279193,63,63,63,63,61,63,0,8046,1.33458767306251,26,-87,0.001869,51,2025-10-02 13:42:18.001455,1649.69995117188,1.037,0.0011,"aoml_navis",1035.23304426535
"7901009",87,0,1,0.029904,1,0.007476,1,203.71743817853,1,4.8287820006788,1699.59997558594,1,4.30000019073486,34.9280014038086,0.0299040004611015,0.0126038929447532,196.443801879883,-87.2831,26.4338,53.5408383279193,63,63,63,63,61,63,0,8046,1.33458767306251,26,-87,0.001869,51,2025-10-02 13:42:18.001455,1699.59997558594,1.037,0.0011,"aoml_navis",1035.45780267097
"7901009",87,0,1,0.033642,1,0.011214,1,203.659681420285,1,4.82772737504486,1749.69995117188,1,4.29419994354248,34.9290008544922,0.0336420014500618,0.0154047571122646,196.388107299805,-87.2831,26.4338,53.5408383279193,63,63,63,63,61,63,0,8046,1.33458767306251,26,-87,0.001869,51,2025-10-02 13:42:18.001455,1749.69995117188,1.037,0.0011,"aoml_navis",1035.68400027012
"7901009",87,0,1,0.026166,1,0.003738,1,204.103838803075,1,4.82669787825899,1799,1,4.29309988021851,34.9290008544922,0.0261659994721413,0.00980302784591913,196.81640625,-87.2831,26.4338,53.5408383279193,63,63,63,63,61,63,0,8046,1.33458767306251,26,-87,0.001869,51,2025-10-02 13:42:18.001455,1799,1.037,0.0011,"aoml_navis",1035.90490354112
"7901009",87,0,1,0.022428,1,0,1,204.522899687625,1,4.82565523559992,1849,1,4.29190015792847,34.9290008544922,0.0224280003458261,0.00700216321274638,197.220504760742,-87.2831,26.4338,53.5408383279193,63,63,63,63,61,63,0,8046,1.33458767306251,26,-87,0.001869,51,2025-10-02 13:42:18.001455,1849,1.037,0.0011,"aoml_navis",1036.12872364231
"7901009",87,0,1,0.031773,1,0.009345,1,204.766902211499,1,4.82461673452088,1898.69995117188,1,4.29069995880127,34.9300003051758,0.0317730009555817,0.0140043264254928,197.455795288086,-87.2831,26.4338,53.5408383279193,63,63,63,63,61,63,0,8046,1.33458767306251,26,-87,0.001869,51,2025-10-02 13:42:18.001455,1898.69995117188,1.037,0.0011,"aoml_navis",1036.35175084981
"7901009",87,0,1,0.024297,1,0.001869,1,204.885548834327,1,4.82358180875949,1948.5,1,4.29020023345947,34.9300003051758,0.0242970008403063,0.00840259529650211,197.570205688477,-87.2831,26.4338,53.5408383279193,63,63,63,63,61,63,0,8046,1.33458767306251,26,-87,0.001869,51,2025-10-02 13:42:18.001455,1948.5,1.037,0.0011,"aoml_navis",1036.57410576517
"7901009",87,0,1,0.031773,1,0.009345,1,204.899331337459,1,4.82254869632386,1998.30004882812,1,4.29010009765625,34.9300003051758,0.0317730009555817,0.0140043264254928,197.58349609375,-87.2831,26.4338,53.5408383279193,63,63,63,63,61,63,0,8046,1.33458767306251,26,-87,0.001869,51,2025-10-02 13:42:18.001455,1998.30004882812,1.037,0.0011,"aoml_navis",1036.79616627022
"7901009",88,0.103632007691653,5,0.059808,1,0.03738,1,191.643995891217,1,4.88892870293856,2.29999995231628,1,29.9330005645752,36.2799987792969,0.0598080009222031,0.61198902130127,184.801406860352,-87.4602,26.471,46.0617266935557,63,63,63,63,61,63,0.138306,8046,1.33458767306251,26,-87,0.001869,51,2025-10-07 20:21:14.002176,2.29999995231628,1.037,0.0011,"aoml_navis",1022.71894392624
"7901009",88,0.103632007691653,5,0.061677,1,0.039249,1,191.585495406514,1,4.88889855847331,4.09999990463257,1,29.9370002746582,36.2799987792969,0.0616770014166832,0.61198902130127,184.744995117188,-87.4602,26.471,46.0617266935557,63,63,63,63,61,63,0.138306,8046,1.33458767306251,26,-87,0.001869,51,2025-10-07 20:21:14.002176,4.09999990463257,1.037,0.0011,"aoml_navis",1022.72524991015
"7901009",88,0.103632007691653,5,0.067284,1,0.044856,1,191.550034333693,1,4.88881064579649,6,1,29.8959999084473,36.2750015258789,0.0672840029001236,0.61198902130127,184.710800170898,-87.4602,26.471,46.0617266935557,63,63,63,63,61,63,0.138306,8046,1.33458767306251,26,-87,0.001869,51,2025-10-07 20:21:14.002176,6,1.037,0.0011,"aoml_navis",1022.74364099152
"7901009",88,0.103632007691653,5,0.071022,1,0.048594,1,191.849530864387,1,4.88865764526252,8,1,29.7900009155273,36.257999420166,0.0710219964385033,0.61198902130127,184.999603271484,-87.4602,26.471,46.0617266935557,63,63,63,63,61,63,0.138306,8046,1.33458767306251,26,-87,0.001869,51,2025-10-07 20:21:14.002176,8,1.037,0.0011,"aoml_navis",1022.77564984437
"7901009",88,0.103632007691653,5,0.071022,1,0.048594,1,192.050192115813,1,4.88852684933162,10,1,29.7040004730225,36.2439994812012,0.0710219964385033,0.61198902130127,185.193099975586,-87.4602,26.471,46.0617266935557,63,63,63,63,61,63,0.138306,8046,1.33458767306251,26,-87,0.001869,51,2025-10-07 20:21:14.002176,10,1.037,0.0011,"aoml_navis",1022.80301491719
"7901009",88,0.103632007691653,5,0.072891,1,0.050463,1,192.046568472048,1,4.88847010975901,12,1,29.6919994354248,36.2430000305176,0.0728909969329834,0.61198902130127,185.189605712891,-87.4602,26.471,46.0617266935557,63,63,63,63,61,63,0.138306,8046,1.33458767306251,26,-87,0.001869,51,2025-10-07 20:21:14.002176,12,1.037,0.0011,"aoml_navis",1022.81488640349
"7901009",88,0.103632007691653,5,0.082236,1,0.059808,1,192.050508591251,1,4.88842315148469,14,1,29.6860008239746,36.242000579834,0.0822359994053841,0.61198902130127,185.193405151367,-87.4602,26.471,46.0617266935557,63,63,63,63,61,63,0.138306,8046,1.33458767306251,26,-87,0.001869,51,2025-10-07 20:21:14.002176,14,1.037,0.0011,"aoml_navis",1022.82471158034
"7901009",88,0.103632007691653,5,0.084105,1,0.061677,1,192.075905745145,1,4.88837586314363,16,1,29.681999206543,36.242000579834,0.0841049998998642,0.61198902130127,185.217895507812,-87.4602,26.471,46.0617266935557,63,63,63,63,61,63,0.138306,8046,1.33458767306251,26,-87,0.001869,51,2025-10-07 20:21:14.002176,16,1.037,0.0011,"aoml_navis",1022.83460600851
"7901009",88,0.103632007691653,5,0.084105,1,0.061677,1,192.067724855075,1,4.88833021111488,18,1,29.6790008544922,36.242000579834,0.0841049998998642,0.61198902130127,185.210006713867,-87.4602,26.471,46.0617266935557,63,63,63,63,61,63,0.138306,8046,1.33458767306251,26,-87,0.001869,51,2025-10-07 20:21:14.002176,18,1.037,0.0011,"aoml_navis",1022.84415824267
"7901009",88,0.103632007691653,5,0.102795,1,0.080367,1,192.104214473069,1,4.88828455837345,20,1,29.6760005950928,36.242000579834,0.102794997394085,0.61198902130127,185.245193481445,-87.4602,26.471,46.0617266935557,63,63,63,63,61,63,0.138306,8046,1.33458767306251,26,-87,0.001869,51,2025-10-07 20:21:14.002176,20,1.037,0.0011,"aoml_navis",1022.85371080437
"7901009",88,0.103632007691653,5,0.09345,1,0.071022,1,192.098628681589,1,4.88824053547828,22,1,29.673999786377,36.242000579834,0.0934500023722649,0.61198902130127,185.239807128906,-87.4602,26.471,46.0617266935557,63,63,63,63,61,63,0.138306,8046,1.33458767306251,26,-87,0.001869,51,2025-10-07 20:21:14.002176,22,1.037,0.0011,"aoml_navis",1022.86292249953
"7901009",88,0.103632007691653,5,0.097188,1,0.07476,1,192.070304129894,1,4.88819618830623,24,1,29.673999786377,36.2430000305176,0.0971880033612251,0.61198902130127,185.212493896484,-87.4602,26.471,46.0617266935557,63,63,63,63,61,63,0.138306,8046,1.33458767306251,26,-87,0.001869,51,2025-10-07 20:21:14.002176,24,1.037,0.0011,"aoml_navis",1022.87220221669
"7901009",88,0.103632007691653,5,0.100926,1,0.078498,1,192.032358724885,1,4.88815380067378,26,1,29.6730003356934,36.2430000305176,0.100925996899605,0.61198902130127,185.175903320312,-87.4602,26.471,46.0617266935557,63,63,63,63,61,63,0.138306,8046,1.33458767306251,26,-87,0.001869,51,2025-10-07 20:21:14.002176,26,1.037,0.0011,"aoml_navis",1022.8810720544
"7901009",88,0.103632007691653,5,0.09345,1,0.071022,1,192.021772621486,1,4.88810652977839,28,1,29.6690006256104,36.2430000305176,0.0934500023722649,0.61198902130127,185.16569519043,-87.4602,26.471,46.0617266935557,63,63,63,63,61,63,0.138306,8046,1.33458767306251,26,-87,0.001869,51,2025-10-07 20:21:14.002176,28,1.037,0.0011,"aoml_navis",1022.89096392232
"7901009",88,0.103632007691653,5,0.097188,1,0.07476,1,192.009335136775,1,4.88806577413699,30,1,29.6690006256104,36.2430000305176,0.0971880033612251,0.61198902130127,185.153701782227,-87.4602,26.471,46.0617266935557,63,63,63,63,61,63,0.138306,8046,1.33458767306251,26,-87,0.001869,51,2025-10-07 20:21:14.002176,30,1.037,0.0011,"aoml_navis",1022.89949256724
"7901009",88,0.103632007691653,5,0.106533,1,0.084105,1,191.949806106898,1,4.88802110749294,32,1,29.6709995269775,36.2449989318848,0.106532998383045,0.61198902130127,185.096298217773,-87.4602,26.471,46.0617266935557,63,63,63,63,61,63,0.138306,8046,1.33458767306251,26,-87,0.001869,51,2025-10-07 20:21:14.002176,32,1.037,0.0011,"aoml_navis",1022.90883980337
"7901009",88,0.103632007691653,5,0.114009,1,0.091581,1,191.973652531147,1,4.88797968888055,34,1,29.6749992370605,36.2470016479492,0.114009000360966,0.61198902130127,185.119293212891,-87.4602,26.471,46.0617266935557,63,63,63,63,61,63,0.138306,8046,1.33458767306251,26,-87,0.001869,51,2025-10-07 20:21:14.002176,34,1.037,0.0011,"aoml_navis",1022.91750748766
"7901009",88,0.103632007691653,5,0.117747,1,0.095319,1,191.935089999034,1,4.88793535694789,36,1,29.6749992370605,36.2480010986328,0.117747001349926,0.61198902130127,185.082107543945,-87.4602,26.471,46.0617266935557,63,63,63,63,61,63,0.138306,8046,1.33458767306251,26,-87,0.001869,51,2025-10-07 20:21:14.002176,36,1.037,0.0011,"aoml_navis",1022.92678500603
"7901009",88,0.103632007691653,5,0.123354,1,0.100926,1,191.94089732332,1,4.88789265856299,38,1,29.6760005950928,36.2490005493164,0.123354002833366,0.61198902130127,185.087707519531,-87.4602,26.471,46.0617266935557,63,63,63,63,61,63,0.138306,8046,1.33458767306251,26,-87,0.001869,51,2025-10-07 20:21:14.002176,38,1.037,0.0011,"aoml_navis",1022.93572082452
"7901009",88,0.103632007691653,5,0.134568,1,0.11214,1,191.975108318162,1,4.88784605142929,40,1,29.6790008544922,36.2519989013672,0.134568005800247,0.61198902130127,185.120697021484,-87.4602,26.471,46.0617266935557,63,63,63,63,61,63,0.138306,8046,1.33458767306251,26,-87,0.001869,51,2025-10-07 20:21:14.002176,40,1.037,0.0011,"aoml_navis",1022.94547483506
"7901009",88,0.103632007691653,5,0.140175,1,0.117747,1,191.981121351482,1,4.88780138655426,42,1,29.6809997558594,36.2540016174316,0.140174999833107,0.61198902130127,185.126495361328,-87.4602,26.471,46.0617266935557,63,63,63,63,61,63,0.138306,8046,1.33458767306251,26,-87,0.001869,51,2025-10-07 20:21:14.002176,42,1.037,0.0011,"aoml_navis",1022.95482254135
"7901009",88,0.103632007691653,5,0.14952,1,0.127092,1,192.302913576779,1,4.88775609123688,44,1,29.6870002746582,36.257999420166,0.149519994854927,0.61198902130127,185.436798095703,-87.4602,26.471,46.0617266935557,63,63,63,63,61,63,0.138306,8046,1.33458767306251,26,-87,0.001869,51,2025-10-07 20:21:14.002176,44,1.037,0.0011,"aoml_navis",1022.96430236451
"7901009",88,0.103632007691653,5,0.160734,1,0.138306,1,192.654881735084,1,4.88767918832336,46,1,29.7220001220703,36.2840003967285,0.160733997821808,0.61198902130127,185.77619934082,-87.4602,26.471,46.0617266935557,63,63,63,63,61,63,0.138306,8046,1.33458767306251,26,-87,0.001869,51,2025-10-07 20:21:14.002176,46,1.037,0.0011,"aoml_navis",1022.98039772025
"7901009",88,0.109233737837148,1,0.16821,1,0.145782,1,192.952400294291,1,4.88760495116973,48,1,29.7520008087158,36.306999206543,0.168209999799728,0.61198902130127,186.063095092773,-87.4602,26.471,46.0617266935557,63,63,63,63,61,63,0.145782,8046,1.33458767306251,26,-87,0.001869,51,2025-10-07 20:21:14.002176,48,1.037,0.0011,"aoml_navis",1022.99593562761
"7901009",88,0.105032440228027,1,0.162603,1,0.140175,1,193.443237874763,1,4.88750498793071,50.0999984741211,1,29.7959995269775,36.3429985046387,0.162603005766869,0.61198902130127,186.536407470703,-87.4602,26.471,46.0617266935557,63,63,63,63,61,63,0.140175,8046,1.33458767306251,26,-87,0.001869,51,2025-10-07 20:21:14.002176,50.0999984741211,1.037,0.0011,"aoml_navis",1023.016858775
"7901009",88,0.127439360810006,1,0.192507,1,0.170079,1,195.178377758354,1,4.88739158062323,52,1,29.8379993438721,36.382999420166,0.19250699877739,0.61198902130127,188.209594726562,-87.4602,26.471,46.0617266935557,63,63,63,63,61,63,0.170079,8046,1.33458767306251,26,-87,0.001869,51,2025-10-07 20:21:14.002176,52,1.037,0.0011,"aoml_navis",1023.04059691538
"7901009",88,0.154047579001106,1,0.228018,1,0.20559,1,199.464420438141,1,4.88706754649377,54,1,29.8969993591309,36.4889984130859,0.228018000721931,0.61198902130127,192.34260559082,-87.4602,26.471,46.0617266935557,63,63,63,63,61,63,0.20559,8046,1.33458767306251,26,-87,0.001869,51,2025-10-07 20:21:14.002176,54,1.037,0.0011,"aoml_navis",1023.10842901839
"7901009",88,0.172253201973964,1,0.252315,1,0.229887,1,201.596547111084,1,4.88675852391306,56,1,29.8250007629395,36.5309982299805,0.252315014600754,0.61198902130127,194.39860534668,-87.4602,26.471,46.0617266935557,63,63,63,63,61,63,0.229887,8046,1.33458767306251,26,-87,0.001869,51,2025-10-07 20:21:14.002176,56,1.037,0.0011,"aoml_navis",1023.17312703969
"7901009",88,0.215666610601549,1,0.310254,1,0.287826,1,203.510369026936,1,4.88639375334893,58,1,29.6219997406006,36.5289993286133,0.310254007577896,0.61198902130127,196.244094848633,-87.4602,26.471,46.0617266935557,63,63,63,63,61,63,0.287826,8046,1.33458767306251,26,-87,0.001869,51,2025-10-07 20:21:14.002176,58,1.037,0.0011,"aoml_navis",1023.24950717965
"7901009",88,0.282887372347486,1,0.399966,1,0.377538,1,202.4223264713,1,4.88573100159477,59.9000015258789,1,29.117000579834,36.4749984741211,0.39996600151062,0.61198902130127,195.194900512695,-87.4602,26.471,46.0617266935557,63,63,63,63,61,63,0.377538,8046,1.33458767306251,26,-87,0.001869,51,2025-10-07 20:21:14.002176,59.9000015258789,1.037,0.0011,"aoml_navis",1023.38831146617
"7901009",88,0.306694725465839,1,0.431739,1,0.409311,1,196.910115530988,1,4.88509855870182,61.9000015258789,1,28.6040000915527,36.4109992980957,0.431739002466202,0.61198902130127,189.879501342773,-87.4602,26.471,46.0617266935557,63,63,63,63,61,63,0.409311,8046,1.33458767306251,26,-87,0.001869,51,2025-10-07 20:21:14.002176,61.9000015258789,1.037,0.0011,"aoml_navis",1023.52080309485
"7901009",88,0.296891697711223,1,0.418656,1,0.396228,1,195.732368012467,1,4.8848391876223,64,1,28.4270000457764,36.3930015563965,0.41865599155426,0.61198902130127,188.743804931641,-87.4602,26.471,46.0617266935557,63,63,63,63,61,63,0.396228,8046,1.33458767306251,26,-87,0.001869,51,2025-10-07 20:21:14.002176,64,1.037,0.0011,"aoml_navis",1023.57514914094
"7901009",88,0.289889535029354,1,0.409311,1,0.386883,1,196.324398614221,1,4.88463806068879,66,1,28.3619995117188,36.4090003967285,0.40931099653244,0.61198902130127,189.314697265625,-87.4602,26.471,46.0617266935557,63,63,63,63,61,63,0.386883,8046,1.33458767306251,26,-87,0.001869,51,2025-10-07 20:21:14.002176,66,1.037,0.0011,"aoml_navis",1023.61729525871
"7901009",88,0.313696888147707,1,0.441084,1,0.418656,1,195.668693154354,1,4.88445471987601,68,1,28.2900009155273,36.4169998168945,0.441083997488022,0.61198902130127,188.682403564453,-87.4602,26.471,46.0617266935557,63,63,63,63,61,63,0.418656,8046,1.33458767306251,26,-87,0.001869,51,2025-10-07 20:21:14.002176,68,1.037,0.0011,"aoml_navis",1023.65571732169
"7901009",88,0.369714189602655,1,0.515844,1,0.493416,1,198.147803497453,1,4.88417228475743,70.0999984741211,1,28.1700000762939,36.4309997558594,0.515843987464905,0.61198902130127,191.072998046875,-87.4602,26.471,46.0617266935557,63,63,63,63,61,63,0.493416,8046,1.33458767306251,26,-87,0.001869,51,2025-10-07 20:21:14.002176,70.0999984741211,1.037,0.0011,"aoml_navis",1023.7149118601
"7901009",88,0.427131923593976,1,0.592473,1,0.570045,1,204.280986718319,1,4.88378511176801,72.1999969482422,1,28.0149993896484,36.4589996337891,0.592472970485687,0.61198902130127,196.987197875977,-87.4602,26.471,46.0617266935557,63,63,63,63,61,63,0.570045,8046,1.33458767306251,26,-87,0.001869,51,2025-10-07 20:21:14.002176,72.1999969482422,1.037,0.0011,"aoml_navis",1023.79606914972
"7901009",88,0.509757443240024,1,0.702744,1,0.680316,1,212.331109138099,1,4.88339905809044,73.6999969482422,1,27.8729991912842,36.4959983825684,0.702744007110596,0.61198902130127,204.749893188477,-87.4602,26.471,46.0617266935557,63,63,63,63,61,63,0.680316,8046,1.33458767306251,26,-87,0.001869,51,2025-10-07 20:21:14.002176,73.6999969482422,1.037,0.0011,"aoml_navis",1023.87700462783
"7901009",88,0.530763931285629,1,0.730779,1,0.708351,1,217.348051841808,1,4.88266311767405,76,1,27.4769992828369,36.515998840332,0.730778992176056,0.61198902130127,209.587707519531,-87.4602,26.471,46.0617266935557,63,63,63,63,61,63,0.708351,8046,1.33458767306251,26,-87,0.001869,51,2025-10-07 20:21:14.002176,76,1.037,0.0011,"aoml_navis",1024.03132870282
"7901009",88,0.527963066212882,1,0.727041,1,0.704613,1,218.390664348328,1,4.88224527730906,77.9000015258789,1,27.2250003814697,36.5130004882812,0.727041006088257,0.61198902130127,210.59309387207,-87.4602,26.471,46.0617266935557,63,63,63,63,61,63,0.704613,8046,1.33458767306251,26,-87,0.001869,51,2025-10-07 20:21:14.002176,77.9000015258789,1.037,0.0011,"aoml_navis",1024.11896904038
"7901009",88,0.470545332221561,1,0.650412,1,0.627984,1,220.727914576371,1,4.88190347669,80,1,27.0049991607666,36.5019989013672,0.650412023067474,0.61198902130127,212.846893310547,-87.4602,26.471,46.0617266935557,63,63,63,63,61,63,0.627984,8046,1.33458767306251,26,-87,0.001869,51,2025-10-07 20:21:14.002176,80,1.037,0.0011,"aoml_navis",1024.19067150219
"7901009",88,0.441136248957713,1,0.611163,1,0.588735,1,220.207850489205,1,4.88163297154841,82,1,26.8479995727539,36.4990005493164,0.611163020133972,0.61198902130127,212.345397949219,-87.4602,26.471,46.0617266935557,63,63,63,63,61,63,0.588735,8046,1.33458767306251,26,-87,0.001869,51,2025-10-07 20:21:14.002176,82,1.037,0.0011,"aoml_navis",1024.24742481491
"7901009",88,0.483149225048924,1,0.667233,1,0.644805,1,215.827450657596,1,4.88144000187738,84,1,26.746000289917,36.4980010986328,0.667232990264893,0.61198902130127,208.121398925781,-87.4602,26.471,46.0617266935557,63,63,63,63,61,63,0.644805,8046,1.33458767306251,26,-87,0.001869,51,2025-10-07 20:21:14.002176,84,1.037,0.0011,"aoml_navis",1024.28791464753
"7901009",88,0.59938512556794,1,0.82236,1,0.799932,1,211.509997790593,1,4.88096925478254,86,1,26.4750003814697,36.5029983520508,0.822359979152679,0.61198902130127,203.958099365234,-87.4602,26.471,46.0617266935557,63,63,63,63,61,63,0.799932,8046,1.33458767306251,26,-87,0.001869,51,2025-10-07 20:21:14.002176,86,1.037,0.0011,"aoml_navis",1024.38670251832
"7901009",88,0.774439192614652,1,1.055985,1,1.033557,1,207.601652722215,1,4.88058502063704,88.1999969482422,1,26.2600002288818,36.5069999694824,1.05598497390747,0.61198902130127,200.189300537109,-87.4602,26.471,46.0617266935557,63,63,63,63,61,63,1.033557,8046,1.33458767306251,26,-87,0.001869,51,2025-10-07 20:21:14.002176,88.1999969482422,1.037,0.0011,"aoml_navis",1024.46734947922
"7901009",88,0.732426216523441,1,0.999915,1,0.977487,1,205.529877915287,1,4.88014523976127,89.9000015258789,1,25.9759998321533,36.5009994506836,0.99991500377655,0.61198902130127,198.191497802734,-87.4602,26.471,46.0617266935557,63,63,63,63,61,63,0.977487,8046,1.33458767306251,26,-87,0.001869,51,2025-10-07 20:21:14.002176,89.9000015258789,1.037,0.0011,"aoml_navis",1024.5596707373
"7901009",88,0.604986855713435,1,0.829836,1,0.807408,1,205.599265155056,1,4.87972061909909,91.9000015258789,1,25.7140007019043,36.4990005493164,0.829836010932922,0.61198902130127,198.258407592773,-87.4602,26.471,46.0617266935557,63,63,63,63,61,63,0.807408,8046,1.33458767306251,26,-87,0.001869,51,2025-10-07 20:21:14.002176,91.9000015258789,1.037,0.0011,"aoml_navis",1024.64882526884
"7901009",88,0.581179502595082,1,0.798063,1,0.775635,1,206.041761112383,1,4.87942496782723,94,1,25.5340003967285,36.4949989318848,0.798062980175018,0.588181674480438,198.685104370117,-87.4602,26.471,46.0617266935557,63,63,63,63,61,63,0.775635,8046,1.33458767306251,26,-87,0.001869,51,2025-10-07 20:21:14.002176,94,1.037,0.0011,"aoml_navis",1024.71091019286
"7901009",88,0.467744467148813,1,0.646674,1,0.624246,1,205.972484639018,1,4.87919171581293,96,1,25.3990001678467,36.4930000305176,0.646673977375031,0.474746614694595,198.618301391602,-87.4602,26.471,46.0617266935557,63,63,63,63,61,63,0.624246,8046,1.33458767306251,26,-87,0.001869,51,2025-10-07 20:21:14.002176,96,1.037,0.0011,"aoml_navis",1024.75989697137
"7901009",88,0.449538844175955,1,0.622377,1,0.599949,1,204.40979222156,1,4.87890930118704,98,1,25.2350006103516,36.4930000305176,0.622376978397369,0.456541001796722,197.111404418945,-87.4602,26.471,46.0617266935557,63,63,63,63,61,63,0.599949,8046,1.33458767306251,26,-87,0.001869,51,2025-10-07 20:21:14.002176,98,1.037,0.0011,"aoml_navis",1024.81921497977
"7901009",88,0.45514057432145,1,0.629853,1,0.607425,1,202.05947155793,1,4.87868498093344,100,1,25.1100006103516,36.4930000305176,0.629853010177612,0.462142765522003,194.845001220703,-87.4602,26.471,46.0617266935557,63,63,63,63,61,63,0.607425,8046,1.33458767306251,26,-87,0.001869,51,2025-10-07 20:21:14.002176,100,1.037,0.0011,"aoml_navis",1024.86633581399
"7901009",88,0.404725003011997,1,0.562569,1,0.540141,1,200.643623743676,1,4.8784440221802,102,1,24.988000869751,36.4990005493164,0.56256902217865,0.411727160215378,193.479705810547,-87.4602,26.471,46.0617266935557,63,63,63,63,61,63,0.540141,8046,1.33458767306251,26,-87,0.001869,51,2025-10-07 20:21:14.002176,102,1.037,0.0011,"aoml_navis",1024.91695656794
"7901009",88,0.322099483365949,1,0.452298,1,0.42987,1,199.11047430835,1,4.87807685600594,104,1,24.7639999389648,36.4990005493164,0.452297985553741,0.329101651906967,192.00129699707,-87.4602,26.471,46.0617266935557,63,63,63,63,61,63,0.42987,8046,1.33458767306251,26,-87,0.001869,51,2025-10-07 20:21:14.002176,104,1.037,0.0011,"aoml_navis",1024.99410066571
"7901009",88,0.295491265174849,1,0.416787,1,0.394359,1,198.325235451734,1,4.87773527210108,106,1,24.5340003967285,36.4900016784668,0.416786998510361,0.302493423223495,191.244094848633,-87.4602,26.471,46.0617266935557,63,63,63,63,61,63,0.394359,8046,1.33458767306251,26,-87,0.001869,51,2025-10-07 20:21:14.002176,106,1.037,0.0011,"aoml_navis",1025.06588018383
"7901009",88,0.281486939811112,1,0.398097,1,0.375669,1,196.81045741558,1,4.87746312074737,108,1,24.3659992218018,36.4869995117188,0.398097008466721,0.288489103317261,189.783401489258,-87.4602,26.471,46.0617266935557,63,63,63,63,61,63,0.375669,8046,1.33458767306251,26,-87,0.001869,51,2025-10-07 20:21:14.002176,108,1.037,0.0011,"aoml_navis",1025.12307652956
"7901009",88,0.24647612640177,1,0.351372,1,0.328944,1,195.290172706806,1,4.87717261921565,110,1,24.1919994354248,36.4869995117188,0.351372003555298,0.253478288650513,188.317398071289,-87.4602,26.471,46.0617266935557,63,63,63,63,61,63,0.328944,8046,1.33458767306251,26,-87,0.001869,51,2025-10-07 20:21:14.002176,110,1.037,0.0011,"aoml_navis",1025.18413646063
"7901009",88,0.21986790821067,1,0.315861,1,0.293433,1,193.120512046924,1,4.87691180980646,112,1,24.0330009460449,36.4850006103516,0.315860986709595,0.226870074868202,186.225204467773,-87.4602,26.471,46.0617266935557,63,63,63,63,61,63,0.293433,8046,1.33458767306251,26,-87,0.001869,51,2025-10-07 20:21:14.002176,112,1.037,0.0011,"aoml_navis",1025.23896166136
"7901009",88,0.203062717774185,1,0.293433,1,0.271005,1,190.936119455406,1,4.87663348855772,114,1,23.8610000610352,36.4830017089844,0.293433010578156,0.210064873099327,184.118804931641,-87.4602,26.471,46.0617266935557,63,63,63,63,61,63,0.271005,8046,1.33458767306251,26,-87,0.001869,51,2025-10-07 20:21:14.002176,114,1.037,0.0011,"aoml_navis",1025.29747452454
"7901009",88,0.186257527337701,1,0.271005,1,0.248577,1,186.470049722747,1,4.87638730709422,116,1,23.7390003204346,36.492000579834,0.271005004644394,0.193259686231613,179.812194824219,-87.4602,26.471,46.0617266935557,63,63,63,63,61,63,0.248577,8046,1.33458767306251,26,-87,0.001869,51,2025-10-07 20:21:14.002176,116,1.037,0.0011,"aoml_navis",1025.34923604734
"7901009",88,0.183456662264954,1,0.267267,1,0.244839,1,181.199167127636,1,4.87610534794795,118,1,23.5809993743896,36.4970016479492,0.267266988754272,0.190458834171295,174.729507446289,-87.4602,26.471,46.0617266935557,63,63,63,63,61,63,0.244839,8046,1.33458767306251,26,-87,0.001869,51,2025-10-07 20:21:14.002176,118,1.037,0.0011,"aoml_navis",1025.4085265209
"7901009",88,0.211465312992428,1,0.304647,1,0.282219,1,177.145211710261,1,4.87587067230021,120,1,23.4740009307861,36.5089988708496,0.304646998643875,0.218467488884926,170.820297241211,-87.4602,26.471,46.0617266935557,63,63,63,63,61,63,0.282219,8046,1.33458767306251,26,-87,0.001869,51,2025-10-07 20:21:14.002176,120,1.037,0.0011,"aoml_navis",1025.45787943166
"7901009",88,0.18205622972858,1,0.265398,1,0.24297,1,177.361222020427,1,4.87558465878635,122,1,23.3120002746582,36.5139999389648,0.265397995710373,0.189058393239975,171.028594970703,-87.4602,26.471,46.0617266935557,63,63,63,63,61,63,0.24297,8046,1.33458767306251,26,-87,0.001869,51,2025-10-07 20:21:14.002176,122,1.037,0.0011,"aoml_navis",1025.51803525541
"7901009",88,0.175054067046712,1,0.256053,1,0.233625,1,175.453413137896,1,4.87539440782686,124,1,23.1870002746582,36.5069999694824,0.256053000688553,0.182056233286858,169.188903808594,-87.4602,26.471,46.0617266935557,63,63,63,63,61,63,0.233625,8046,1.33458767306251,26,-87,0.001869,51,2025-10-07 20:21:14.002176,124,1.037,0.0011,"aoml_navis",1025.5580537183
"7901009",88,0.191859257483196,1,0.278481,1,0.256053,1,168.503770758463,1,4.87518931990312,126,1,23.0949993133545,36.5169982910156,0.278481006622314,0.198861420154572,162.487396240234,-87.4602,26.471,46.0617266935557,63,63,63,63,61,63,0.256053,8046,1.33458767306251,26,-87,0.001869,51,2025-10-07 20:21:14.002176,126,1.037,0.0011,"aoml_navis",1025.60119657043
"7901009",88,0.170852769437591,1,0.250446,1,0.228018,1,162.991876293589,1,4.87488390071359,128,1,22.9589996337891,36.5379981994629,0.250445991754532,0.177854940295219,157.172302246094,-87.4602,26.471,46.0617266935557,63,63,63,63,61,63,0.228018,8046,1.33458767306251,26,-87,0.001869,51,2025-10-07 20:21:14.002176,128,1.037,0.0011,"aoml_navis",1025.66545210812
"7901009",88,0.140043253637369,1,0.209328,1,0.1869,1,155.76566602894,1,4.87458487947552,130,1,22.8950004577637,36.5849990844727,0.20932799577713,0.14704541862011,150.2041015625,-87.4602,26.471,46.0617266935557,63,63,63,63,61,63,0.1869,8046,1.33458767306251,26,-87,0.001869,51,2025-10-07 20:21:14.002176,130,1.037,0.0011,"aoml_navis",1025.72836941511
"7901009",88,0.140043253637369,1,0.209328,1,0.1869,1,149.47495715884,1,4.87416738328962,132,1,22.6270008087158,36.5870018005371,0.20932799577713,0.14704541862011,144.138000488281,-87.4602,26.471,46.0617266935557,63,63,63,63,61,63,0.1869,8046,1.33458767306251,26,-87,0.001869,51,2025-10-07 20:21:14.002176,132,1.037,0.0011,"aoml_navis",1025.81622804785
"7901009",88,0.123238063200885,1,0.1869,1,0.164472,1,144.824303127003,1,4.87368383722061,134,1,22.2740001678467,36.576000213623,0.18690000474453,0.130240231752396,139.653396606445,-87.4602,26.471,46.0617266935557,63,63,63,63,61,63,0.164472,8046,1.33458767306251,26,-87,0.001869,51,2025-10-07 20:21:14.002176,134,1.037,0.0011,"aoml_navis",1025.9180051473
"7901009",88,0.110634170373522,1,0.170079,1,0.147651,1,143.16464263536,1,4.87328714340965,136,1,21.9979991912842,36.5709991455078,0.170078992843628,0.117636330425739,138.052993774414,-87.4602,26.471,46.0617266935557,63,63,63,63,61,63,0.147651,8046,1.33458767306251,26,-87,0.001869,51,2025-10-07 20:21:14.002176,136,1.037,0.0011,"aoml_navis",1026.00151660706
"7901009",88,0.113435035446269,1,0.173817,1,0.151389,1,141.753874251885,1,4.8730740027004,138,1,21.8460006713867,36.5620002746582,0.173816993832588,0.120437197387218,136.692596435547,-87.4602,26.471,46.0617266935557,63,63,63,63,61,63,0.151389,8046,1.33458767306251,26,-87,0.001869,51,2025-10-07 20:21:14.002176,138,1.037,0.0011,"aoml_navis",1026.04639232428
"7901009",88,0.109233737837148,1,0.16821,1,0.145782,1,139.167636973043,1,4.87284777063291,140,1,21.7509994506836,36.5779991149902,0.168209999799728,0.11623590439558,134.198699951172,-87.4602,26.471,46.0617266935557,63,63,63,63,61,63,0.145782,8046,1.33458767306251,26,-87,0.001869,51,2025-10-07 20:21:14.002176,140,1.037,0.0011,"aoml_navis",1026.09402865679
"7901009",88,0.100831142618906,1,0.156996,1,0.134568,1,138.757912047315,1,4.87256196422615,142,1,21.6490001678467,36.6080017089844,0.156995996832848,0.107833303511143,133.803604125977,-87.4602,26.471,46.0617266935557,63,63,63,63,61,63,0.134568,8046,1.33458767306251,26,-87,0.001869,51,2025-10-07 20:21:14.002176,142,1.037,0.0011,"aoml_navis",1026.15421552553
"7901009",88,0.109233737837148,1,0.16821,1,0.145782,1,138.701183825064,1,4.87231497643886,144,1,21.451000213623,36.5919990539551,0.168209999799728,0.11623590439558,133.748901367188,-87.4602,26.471,46.0617266935557,63,63,63,63,61,63,0.145782,8046,1.33458767306251,26,-87,0.001869,51,2025-10-07 20:21:14.002176,144,1.037,0.0011,"aoml_navis",1026.20623341853
"7901009",88,0.112034602909895,1,0.171948,1,0.14952,1,137.101258072333,1,4.87214105948043,146,1,21.3889999389648,36.6059989929199,0.171948000788689,0.119036763906479,132.206100463867,-87.4602,26.471,46.0617266935557,63,63,63,63,61,63,0.14952,8046,1.33458767306251,26,-87,0.001869,51,2025-10-07 20:21:14.002176,146,1.037,0.0011,"aoml_navis",1026.24286508922
"7901009",88,0.103632007691653,1,0.160734,1,0.138306,1,135.839502148812,1,4.87191800560342,148,1,21.246000289917,36.6040000915527,0.160733997821808,0.110634170472622,130.989395141602,-87.4602,26.471,46.0617266935557,63,63,63,63,61,63,0.138306,8046,1.33458767306251,26,-87,0.001869,51,2025-10-07 20:21:14.002176,148,1.037,0.0011,"aoml_navis",1026.28985016769
"7901009",88,0.105032440228027,1,0.162603,1,0.140175,1,134.100928506719,1,4.87168887904799,150,1,21.1280002593994,36.6129989624023,0.162603005766869,0.112034611403942,129.312896728516,-87.4602,26.471,46.0617266935557,63,63,63,63,61,63,0.140175,8046,1.33458767306251,26,-87,0.001869,51,2025-10-07 20:21:14.002176,150,1.037,0.0011,"aoml_navis",1026.33811890243
"7901009",88,0.0924285474006637,1,0.145782,1,0.123354,1,132.198199054967,1,4.87143363998371,152,1,21.0200004577637,36.632999420166,0.145781993865967,0.0994307100772858,127.478103637695,-87.4602,26.471,46.0617266935557,63,63,63,63,61,63,0.123354,8046,1.33458767306251,26,-87,0.001869,51,2025-10-07 20:21:14.002176,152,1.037,0.0011,"aoml_navis",1026.3918939511
"7901009",88,0.0840259521824216,1,0.134568,1,0.11214,1,130.972323534222,1,4.87121299978439,154,1,20.9740009307861,36.6660003662109,0.134568005800247,0.0910281166434288,126.295997619629,-87.4602,26.471,46.0617266935557,63,63,63,63,61,63,0.11214,8046,1.33458767306251,26,-87,0.001869,51,2025-10-07 20:21:14.002176,154,1.037,0.0011,"aoml_navis",1026.43838407832
"7901009",88,0.0868268172551689,1,0.138306,1,0.115878,1,129.881891589029,1,4.87099557569796,156,1,20.8169994354248,36.6580009460449,0.138306006789207,0.0938289761543274,125.244499206543,-87.4602,26.471,46.0617266935557,63,63,63,63,61,63,0.115878,8046,1.33458767306251,26,-87,0.001869,51,2025-10-07 20:21:14.002176,156,1.037,0.0011,"aoml_navis",1026.48420067258
"7901009",88,0.0966298450097848,1,0.151389,1,0.128961,1,128.85855243668,1,4.87087063879896,158,1,20.7110004425049,36.6430015563965,0.151389002799988,0.103632010519505,124.257698059082,-87.4602,26.471,46.0617266935557,63,63,63,63,61,63,0.128961,8046,1.33458767306251,26,-87,0.001869,51,2025-10-07 20:21:14.002176,158,1.037,0.0011,"aoml_navis",1026.51052979573
"7901009",88,0.0924285474006637,1,0.145782,1,0.123354,1,127.858134017923,1,4.87068943951017,160,1,20.5639991760254,36.6290016174316,0.145781993865967,0.0994307100772858,123.292999267578,-87.4602,26.471,46.0617266935557,63,63,63,63,61,63,0.123354,8046,1.33458767306251,26,-87,0.001869,51,2025-10-07 20:21:14.002176,160,1.037,0.0011,"aoml_navis",1026.54871801944
"7901009",88,0.0868268172551689,1,0.138306,1,0.115878,1,127.315252051682,1,4.8705253089829,162,1,20.4379997253418,36.6180000305176,0.138306006789207,0.0938289761543274,122.769500732422,-87.4602,26.471,46.0617266935557,63,63,63,63,61,63,0.115878,8046,1.33458767306251,26,-87,0.001869,51,2025-10-07 20:21:14.002176,162,1.037,0.0011,"aoml_navis",1026.58331140961
"7901009",88,0.0854263847187953,1,0.136437,1,0.114009,1,127.020217824663,1,4.8703436152488,164,1,20.326000213623,36.617000579834,0.136436998844147,0.0924285501241684,122.485000610352,-87.4602,26.471,46.0617266935557,63,63,63,63,61,63,0.114009,8046,1.33458767306251,26,-87,0.001869,51,2025-10-07 20:21:14.002176,164,1.037,0.0011,"aoml_navis",1026.62160927316
"7901009",88,0.0840259521824216,1,0.134568,1,0.11214,1,126.79643013061,1,4.87012287641542,166,1,20.1520004272461,36.6049995422363,0.134568005800247,0.0910281166434288,122.269203186035,-87.4602,26.471,46.0617266935557,63,63,63,63,61,63,0.11214,8046,1.33458767306251,26,-87,0.001869,51,2025-10-07 20:21:14.002176,166,1.037,0.0011,"aoml_navis",1026.66814100596
"7901009",88,0.0826255196460479,1,0.132699,1,0.110271,1,126.64916619745,1,4.86997817700305,168,1,20.0340003967285,36.5919990539551,0.132698997855186,0.0896276831626892,122.127197265625,-87.4602,26.471,46.0617266935557,63,63,63,63,61,63,0.110271,8046,1.33458767306251,26,-87,0.001869,51,2025-10-07 20:21:14.002176,168,1.037,0.0011,"aoml_navis",1026.69864592226
"7901009",88,0.0798246545733005,1,0.128961,1,0.106533,1,126.824533149499,1,4.86978584708903,170,1,19.8780002593994,36.5789985656738,0.128960996866226,0.08682681620121,122.29630279541,-87.4602,26.471,46.0617266935557,63,63,63,63,61,63,0.106533,8046,1.33458767306251,26,-87,0.001869,51,2025-10-07 20:21:14.002176,170,1.037,0.0011,"aoml_navis",1026.73919490501
"7901009",88,0.0770237895005531,1,0.125223,1,0.102795,1,126.57730253738,1,4.86966330168256,172,1,19.7880001068115,36.5699996948242,0.125222995877266,0.0840259492397308,122.057899475098,-87.4602,26.471,46.0617266935557,63,63,63,63,61,63,0.102795,8046,1.33458767306251,26,-87,0.001869,51,2025-10-07 20:21:14.002176,172,1.037,0.0011,"aoml_navis",1026.76503286632
"7901009",88,0.0770237895005531,1,0.125223,1,0.102795,1,126.601054018998,1,4.86950298477551,174,1,19.6620006561279,36.5589981079102,0.125222995877266,0.0840259492397308,122.08080291748,-87.4602,26.471,46.0617266935557,63,63,63,63,61,63,0.102795,8046,1.33458767306251,26,-87,0.001869,51,2025-10-07 20:21:14.002176,174,1.037,0.0011,"aoml_navis",1026.79883668467
"7901009",88,0.0686211942823109,1,0.114009,1,0.091581,1,127.063464193257,1,4.86934940022117,176,1,19.5380001068115,36.5470008850098,0.114009000360966,0.0756233558058739,122.526702880859,-87.4602,26.471,46.0617266935557,63,63,63,63,61,63,0.091581,8046,1.33458767306251,26,-87,0.001869,51,2025-10-07 20:21:14.002176,176,1.037,0.0011,"aoml_navis",1026.83122303216
"7901009",88,0.0602185990640688,1,0.102795,1,0.080367,1,127.361916355006,1,4.86913989222109,178,1,19.3889999389648,36.5419998168945,0.102794997394085,0.0672207623720169,122.814498901367,-87.4602,26.471,46.0617266935557,63,63,63,63,61,63,0.080367,8046,1.33458767306251,26,-87,0.001869,51,2025-10-07 20:21:14.002176,178,1.037,0.0011,"aoml_navis",1026.87540524107
"7901009",88,0.0602185990640688,1,0.102795,1,0.080367,1,127.490199673775,1,4.86895854802798,180,1,19.2269992828369,36.5250015258789,0.102794997394085,0.0672207623720169,122.938201904297,-87.4602,26.471,46.0617266935557,63,63,63,63,61,63,0.080367,8046,1.33458767306251,26,-87,0.001869,51,2025-10-07 20:21:14.002176,180,1.037,0.0011,"aoml_navis",1026.91365118011
"7901009",88,0.0588181665276951,1,0.100926,1,0.078498,1,127.818210641427,1,4.86884050283122,182,1,19.1299991607666,36.5130004882812,0.100925996899605,0.0658203288912773,123.254501342773,-87.4602,26.471,46.0617266935557,63,63,63,63,61,63,0.078498,8046,1.33458767306251,26,-87,0.001869,51,2025-10-07 20:21:14.002176,182,1.037,0.0011,"aoml_navis",1026.93854873507
"7901009",88,0.054616868918574,1,0.095319,1,0.072891,1,128.184697110447,1,4.86869932123283,184,1,19.0109996795654,36.5,0.095319002866745,0.0616190284490585,123.607902526855,-87.4602,26.471,46.0617266935557,63,63,63,63,61,63,0.072891,8046,1.33458767306251,26,-87,0.001869,51,2025-10-07 20:21:14.002176,184,1.037,0.0011,"aoml_navis",1026.96832769988
"7901009",88,0.0476147062367056,1,0.085974,1,0.063546,1,128.281348709194,1,4.86855747497321,186,1,18.8910007476807,36.4869995117188,0.0859740003943443,0.0546168722212315,123.701103210449,-87.4602,26.471,46.0617266935557,63,63,63,63,61,63,0.063546,8046,1.33458767306251,26,-87,0.001869,51,2025-10-07 20:21:14.002176,186,1.037,0.0011,"aoml_navis",1026.99824859878
"7901009",88,0.0392121110184634,1,0.07476,1,0.052332,1,128.471226060072,1,4.86841505858064,188,1,18.7759990692139,36.476001739502,0.0747599974274635,0.0462142750620842,123.884201049805,-87.4602,26.471,46.0617266935557,63,63,63,63,61,63,0.052332,8046,1.33458767306251,26,-87,0.001869,51,2025-10-07 20:21:14.002176,188,1.037,0.0011,"aoml_navis",1027.02829151501
"7901009",88,0.036411245945716,1,0.071022,1,0.048594,1,128.626781649705,1,4.86831604783881,190,1,18.7110004425049,36.4700012207031,0.0710219964385033,0.043413408100605,124.034202575684,-87.4602,26.471,46.0617266935557,63,63,63,63,61,63,0.048594,8046,1.33458767306251,26,-87,0.001869,51,2025-10-07 20:21:14.002176,190,1.037,0.0011,"aoml_navis",1027.04917899068
"7901009",88,0.036411245945716,1,0.071022,1,0.048594,1,128.438249319438,1,4.86826725361644,192,1,18.693000793457,36.4659996032715,0.0710219964385033,0.043413408100605,123.852401733398,-87.4602,26.471,46.0617266935557,63,63,63,63,61,63,0.048594,8046,1.33458767306251,26,-87,0.001869,51,2025-10-07 20:21:14.002176,192,1.037,0.0011,"aoml_navis",1027.05947301593
"7901009",88,0.0322099483365949,1,0.065415,1,0.042987,1,128.403713937273,1,4.86819273680722,194,1,18.6420001983643,36.4580001831055,0.0654150024056435,0.0392121113836765,123.81909942627,-87.4602,26.471,46.0617266935557,63,63,63,63,61,63,0.042987,8046,1.33458767306251,26,-87,0.001869,51,2025-10-07 20:21:14.002176,194,1.037,0.0011,"aoml_navis",1027.07519408511
"7901009",88,0.0266082181911002,1,0.057939,1,0.035511,1,129.337870311211,1,4.86802468288782,196,1,18.4869995117188,36.4410018920898,0.0579390004277229,0.0336103811860085,124.719902038574,-87.4602,26.471,46.0617266935557,63,63,63,63,61,63,0.035511,8046,1.33458767306251,26,-87,0.001869,51,2025-10-07 20:21:14.002176,196,1.037,0.0011,"aoml_navis",1027.11065076891
"7901009",88,0.0196060555092317,1,0.048594,1,0.026166,1,132.379365419415,1,4.8679179430439,198,1,18.4090003967285,36.4329986572266,0.0485940016806126,0.0266082193702459,127.652801513672,-87.4602,26.471,46.0617266935557,63,63,63,63,61,63,0.026166,8046,1.33458767306251,26,-87,0.001869,51,2025-10-07 20:21:14.002176,198,1.037,0.0011,"aoml_navis",1027.13317243666
"7901009",88,0.0140043253637369,1,0.041118,1,0.01869,1,138.613551776299,1,4.86781980595731,200,1,18.371000289917,36.4360008239746,0.041117999702692,0.0210064873099327,133.664398193359,-87.4602,26.471,46.0617266935557,63,63,63,63,61,63,0.01869,8046,1.33458767306251,26,-87,0.001869,51,2025-10-07 20:21:14.002176,200,1.037,0.0011,"aoml_navis",1027.15387982951
"7901009",88,0.00560173014549477,1,0.029904,1,0.007476,1,139.825114695363,1,4.86770480897664,202,1,18.3369998931885,36.4449996948242,0.0299040004611015,0.0126038929447532,134.832702636719,-87.4602,26.471,46.0617266935557,63,63,63,63,61,63,0.007476,8046,1.33458767306251,26,-87,0.001869,51,2025-10-07 20:21:14.002176,202,1.037,0.0011,"aoml_navis",1027.1781458028
"7901009",88,0.00840259521824216,1,0.033642,1,0.011214,1,138.74276869761,1,4.86759750554236,204,1,18.2250003814697,36.4259986877441,0.0336420014500618,0.0154047571122646,133.789001464844,-87.4602,26.471,46.0617266935557,63,63,63,63,61,63,0.011214,8046,1.33458767306251,26,-87,0.001869,51,2025-10-07 20:21:14.002176,204,1.037,0.0011,"aoml_navis",1027.20078936413
"7901009",88,0.00840259521824216,1,0.033642,1,0.011214,1,137.776458419177,1,4.86747749872487,206,1,18.1049995422363,36.4080009460449,0.0336420014500618,0.0154047571122646,132.857192993164,-87.4602,26.471,46.0617266935557,63,63,63,63,61,63,0.011214,8046,1.33458767306251,26,-87,0.001869,51,2025-10-07 20:21:14.002176,206,1.037,0.0011,"aoml_navis",1027.22611482228
"7901009",88,0.00840259521824216,1,0.033642,1,0.011214,1,136.85807834582,1,4.86740194098255,208,1,18.0400009155273,36.3959999084473,0.0336420014500618,0.0154047571122646,131.971603393555,-87.4602,26.471,46.0617266935557,63,63,63,63,61,63,0.011214,8046,1.33458767306251,26,-87,0.001869,51,2025-10-07 20:21:14.002176,208,1.037,0.0011,"aoml_navis",1027.24206067738
"7901009",88,0.00840259521824216,1,0.033642,1,0.011214,1,135.542300065043,1,4.86730278123652,210,1,17.9519996643066,36.382999420166,0.0336420014500618,0.0154047571122646,130.70280456543,-87.4602,26.471,46.0617266935557,63,63,63,63,61,63,0.011214,8046,1.33458767306251,26,-87,0.001869,51,2025-10-07 20:21:14.002176,210,1.037,0.0011,"aoml_navis",1027.26298829714
"7901009",88,0.0168051904364843,1,0.044856,1,0.022428,1,134.660093134242,1,4.86722780430421,212,1,17.8780002593994,36.3680000305176,0.0448560006916523,0.0238073542714119,129.852096557617,-87.4602,26.471,46.0617266935557,63,63,63,63,61,63,0.022428,8046,1.33458767306251,26,-87,0.001869,51,2025-10-07 20:21:14.002176,212,1.037,0.0011,"aoml_navis",1027.27881271108
"7901009",88,0.0168051904364843,1,0.044856,1,0.022428,1,134.108603036089,1,4.86714816489117,214,1,17.8059997558594,36.3549995422363,0.0448560006916523,0.0238073542714119,129.320297241211,-87.4602,26.471,46.0617266935557,63,63,63,63,61,63,0.022428,8046,1.33458767306251,26,-87,0.001869,51,2025-10-07 20:21:14.002176,214,1.037,0.0011,"aoml_navis",1027.29562170865
"7901009",88,0.0126038928273632,1,0.039249,1,0.016821,1,133.895282767146,1,4.86703709999347,216,1,17.6979999542236,36.3390007019043,0.0392489992082119,0.0196060556918383,129.114593505859,-87.4602,26.471,46.0617266935557,63,63,63,63,61,63,0.016821,8046,1.33458767306251,26,-87,0.001869,51,2025-10-07 20:21:14.002176,216,1.037,0.0011,"aoml_navis",1027.31906440711
"7901009",88,0.0126038928273632,1,0.039249,1,0.016821,1,132.793758357853,1,4.86697852957885,218,1,17.6650009155273,36.3330001831055,0.0392489992082119,0.0196060556918383,128.052398681641,-87.4602,26.471,46.0617266935557,63,63,63,63,61,63,0.016821,8046,1.33458767306251,26,-87,0.001869,51,2025-10-07 20:21:14.002176,218,1.037,0.0011,"aoml_navis",1027.33142741697
"7901009",88,0.0140043253637369,1,0.041118,1,0.01869,1,130.677708637158,1,4.86689439186236,220,1,17.6009998321533,36.3240013122559,0.041117999702692,0.0210064873099327,126.011901855469,-87.4602,26.471,46.0617266935557,63,63,63,63,61,63,0.01869,8046,1.33458767306251,26,-87,0.001869,51,2025-10-07 20:21:14.002176,220,1.037,0.0011,"aoml_navis",1027.34918767915
"7901009",88,0.0168051904364843,1,0.044856,1,0.022428,1,128.857207416069,1,4.86677753813204,222,1,17.4780006408691,36.3050003051758,0.0448560006916523,0.0238073542714119,124.256401062012,-87.4602,26.471,46.0617266935557,63,63,63,63,61,63,0.022428,8046,1.33458767306251,26,-87,0.001869,51,2025-10-07 20:21:14.002176,222,1.037,0.0011,"aoml_navis",1027.37385484012
"7901009",88,0.0140043253637369,1,0.041118,1,0.01869,1,127.151816223644,1,4.86669659456686,224,1,17.4069995880127,36.2929992675781,0.041117999702692,0.0210064873099327,122.61190032959,-87.4602,26.471,46.0617266935557,63,63,63,63,61,63,0.01869,8046,1.33458767306251,26,-87,0.001869,51,2025-10-07 20:21:14.002176,224,1.037,0.0011,"aoml_navis",1027.39094226296
"7901009",88,0.0238073531183528,1,0.054201,1,0.031773,1,124.340232609217,1,4.86659452837492,226,1,17.298999786377,36.2750015258789,0.0542009994387627,0.0308095142245293,119.900703430176,-87.4602,26.471,46.0617266935557,63,63,63,63,61,63,0.031773,8046,1.33458767306251,26,-87,0.001869,51,2025-10-07 20:21:14.002176,226,1.037,0.0011,"aoml_navis",1027.41248954423
"7901009",88,0.0308095158002212,1,0.063546,1,0.041118,1,123.579568070357,1,4.86648151430671,228,1,17.17799949646,36.2560005187988,0.0635460019111633,0.0378116779029369,119.167198181152,-87.4602,26.471,46.0617266935557,63,63,63,63,61,63,0.041118,8046,1.33458767306251,26,-87,0.001869,51,2025-10-07 20:21:14.002176,228,1.037,0.0011,"aoml_navis",1027.43634909549
"7901009",88,0.0294090832638475,1,0.061677,1,0.039249,1,123.712202926398,1,4.86639119460655,230,1,17.0949993133545,36.2430000305176,0.0616770014166832,0.0364112481474876,119.295097351074,-87.4602,26.471,46.0617266935557,63,63,63,63,61,63,0.039249,8046,1.33458767306251,26,-87,0.001869,51,2025-10-07 20:21:14.002176,230,1.037,0.0011,"aoml_navis",1027.45541820426
"7901009",88,0.0266082181911002,1,0.057939,1,0.035511,1,123.708990700703,1,4.86632466616596,232,1,17.0450000762939,36.234001159668,0.0579390004277229,0.0336103811860085,119.291999816895,-87.4602,26.471,46.0617266935557,63,63,63,63,61,63,0.035511,8046,1.33458767306251,26,-87,0.001869,51,2025-10-07 20:21:14.002176,232,1.037,0.0011,"aoml_navis",1027.4694647407
"7901009",88,0.0210064880456054,1,0.050463,1,0.028035,1,123.595645022605,1,4.86623673328943,234,1,16.9699993133545,36.2229995727539,0.0504629984498024,0.0280086528509855,119.18270111084,-87.4602,26.471,46.0617266935557,63,63,63,63,61,63,0.028035,8046,1.33458767306251,26,-87,0.001869,51,2025-10-07 20:21:14.002176,234,1.037,0.0011,"aoml_navis",1027.48803110944
"7901009",88,0.0196060555092317,1,0.048594,1,0.026166,1,123.455849909781,1,4.86612590040642,236,1,16.8589992523193,36.2070007324219,0.0485940016806126,0.0266082193702459,119.047897338867,-87.4602,26.471,46.0617266935557,63,63,63,63,61,63,0.026166,8046,1.33458767306251,26,-87,0.001869,51,2025-10-07 20:21:14.002176,236,1.037,0.0011,"aoml_navis",1027.51143359904
"7901009",88,0.0126038928273632,1,0.039249,1,0.016821,1,123.495678343646,1,4.86601422755601,238,1,16.75,36.1920013427734,0.0392489992082119,0.0196060556918383,119.086303710938,-87.4602,26.471,46.0617266935557,63,63,63,63,61,63,0.016821,8046,1.33458767306251,26,-87,0.001869,51,2025-10-07 20:21:14.002176,238,1.037,0.0011,"aoml_navis",1027.53501452693
"7901009",88,0.0140043253637369,1,0.041118,1,0.01869,1,123.317099165902,1,4.86592876556465,240,1,16.6700000762939,36.1790008544922,0.041117999702692,0.0210064873099327,118.914100646973,-87.4602,26.471,46.0617266935557,63,63,63,63,61,63,0.01869,8046,1.33458767306251,26,-87,0.001869,51,2025-10-07 20:21:14.002176,240,1.037,0.0011,"aoml_navis",1027.55306148009
"7901009",88,0.00840259521824216,1,0.033642,1,0.011214,1,122.96668964913,1,4.86585945491176,242,1,16.6200008392334,36.1710014343262,0.0336420014500618,0.0154047571122646,118.576202392578,-87.4602,26.471,46.0617266935557,63,63,63,63,61,63,0.011214,8046,1.33458767306251,26,-87,0.001869,51,2025-10-07 20:21:14.002176,242,1.037,0.0011,"aoml_navis",1027.56769823116
"7901009",88,0.00980302775461585,1,0.035511,1,0.013083,1,122.768409875375,1,4.86576421990808,244,1,16.5310001373291,36.1580009460449,0.0355109982192516,0.0168051905930042,118.38500213623,-87.4602,26.471,46.0617266935557,63,63,63,63,61,63,0.013083,8046,1.33458767306251,26,-87,0.001869,51,2025-10-07 20:21:14.002176,244,1.037,0.0011,"aoml_navis",1027.58781026477
"7901009",88,0.00980302775461585,1,0.035511,1,0.013083,1,122.565976361497,1,4.86567849094961,246,1,16.4629993438721,36.148998260498,0.0355109982192516,0.0168051905930042,118.189796447754,-87.4602,26.471,46.0617266935557,63,63,63,63,61,63,0.013083,8046,1.33458767306251,26,-87,0.001869,51,2025-10-07 20:21:14.002176,246,1.037,0.0011,"aoml_navis",1027.60591545459
"7901009",88,0.00980302775461585,1,0.035511,1,0.013083,1,122.155942872216,1,4.86561435137226,248,1,16.4139995574951,36.1399993896484,0.0355109982192516,0.0168051905930042,117.794403076172,-87.4602,26.471,46.0617266935557,63,63,63,63,61,63,0.013083,8046,1.33458767306251,26,-87,0.001869,51,2025-10-07 20:21:14.002176,248,1.037,0.0011,"aoml_navis",1027.61946157731
"7901009",88,0.00700216268186846,1,0.031773,1,0.009345,1,121.856343487005,1,4.86553818537479,250,1,16.3509998321533,36.1300010681152,0.0317730009555817,0.0140043264254928,117.505500793457,-87.4602,26.471,46.0617266935557,63,63,63,63,61,63,0.009345,8046,1.33458767306251,26,-87,0.001869,51,2025-10-07 20:21:14.002176,250,1.037,0.0011,"aoml_navis",1027.63554811457
"7901009",88,0.00700216268186846,1,0.031773,1,0.009345,1,121.65743867426,1,4.86544531482927,252,1,16.2600002288818,36.1160011291504,0.0317730009555817,0.0140043264254928,117.313697814941,-87.4602,26.471,46.0617266935557,63,63,63,63,61,63,0.009345,8046,1.33458767306251,26,-87,0.001869,51,2025-10-07 20:21:14.002176,252,1.037,0.0011,"aoml_navis",1027.65516339494
"7901009",88,0.00420129760912108,1,0.028035,1,0.005607,1,121.243773629329,1,4.86535083164975,254,1,16.1639995574951,36.101001739502,0.0280349999666214,0.0112034603953362,116.91480255127,-87.4602,26.471,46.0617266935557,63,63,63,63,61,63,0.005607,8046,1.33458767306251,26,-87,0.001869,51,2025-10-07 20:21:14.002176,254,1.037,0.0011,"aoml_navis",1027.67512004979
"7901009",88,0.00420129760912108,1,0.028035,1,0.005607,1,120.76134638362,1,4.86528089425423,256,1,16.1060009002686,36.0909996032715,0.0280349999666214,0.0112034603953362,116.449600219727,-87.4602,26.471,46.0617266935557,63,63,63,63,61,63,0.005607,8046,1.33458767306251,26,-87,0.001869,51,2025-10-07 20:21:14.002176,256,1.037,0.0011,"aoml_navis",1027.68989266475
"7901009",88,0.00420129760912108,1,0.028035,1,0.005607,1,120.289188765872,1,4.86517530790065,258,1,16.0060005187988,36.0779991149902,0.0280349999666214,0.0112034603953362,115.994300842285,-87.4602,26.471,46.0617266935557,63,63,63,63,61,63,0.005607,8046,1.33458767306251,26,-87,0.001869,51,2025-10-07 20:21:14.002176,258,1.037,0.0011,"aoml_navis",1027.71219608067
"7901009",88,0,1,0.022428,1,0,1,119.781981493372,1,4.86509338074629,260,1,15.9270000457764,36.064998626709,0.0224280003458261,0.00700216321274638,115.50520324707,-87.4602,26.471,46.0617266935557,63,63,63,63,61,63,0,8046,1.33458767306251,26,-87,0.001869,51,2025-10-07 20:21:14.002176,260,1.037,0.0011,"aoml_navis",1027.72950253897
"7901009",88,0,1,0.022428,1,0,1,119.362912630339,1,4.86501910452626,262,1,15.8579998016357,36.0530014038086,0.0224280003458261,0.00700216321274638,115.101097106934,-87.4602,26.471,46.0617266935557,63,63,63,63,61,63,0,8046,1.33458767306251,26,-87,0.001869,51,2025-10-07 20:21:14.002176,262,1.037,0.0011,"aoml_navis",1027.74519330215
"7901009",88,0.00140043253637369,1,0.024297,1,0.001869,1,119.146902320173,1,4.86493292164687,264,1,15.7779998779297,36.0410003662109,0.0242970008403063,0.00840259529650211,114.892799377441,-87.4602,26.471,46.0617266935557,63,63,63,63,61,63,0.001869,8046,1.33458767306251,26,-87,0.001869,51,2025-10-07 20:21:14.002176,264,1.037,0.0011,"aoml_navis",1027.76339993346
"7901009",88,0.00140043253637369,1,0.024297,1,0.001869,1,118.946858195851,1,4.86487302398497,266,1,15.7250003814697,36.0299987792969,0.0242970008403063,0.00840259529650211,114.699897766113,-87.4602,26.471,46.0617266935557,63,63,63,63,61,63,0.001869,8046,1.33458767306251,26,-87,0.001869,51,2025-10-07 20:21:14.002176,266,1.037,0.0011,"aoml_navis",1027.77605404063
"7901009",88,0.00140043253637369,1,0.024297,1,0.001869,1,119.084366773636,1,4.86475581938815,268,1,15.5930004119873,36.0110015869141,0.0242970008403063,0.00840259529650211,114.832496643066,-87.4602,26.471,46.0617266935557,63,63,63,63,61,63,0.001869,8046,1.33458767306251,26,-87,0.001869,51,2025-10-07 20:21:14.002176,268,1.037,0.0011,"aoml_navis",1027.80081583393
"7901009",88,0.00140043253637369,1,0.024297,1,0.001869,1,119.086550454158,1,4.86464660801402,270,1,15.4709997177124,35.9930000305176,0.0242970008403063,0.00840259529650211,114.834602355957,-87.4602,26.471,46.0617266935557,63,63,63,63,61,63,0.001869,8046,1.33458767306251,26,-87,0.001869,51,2025-10-07 20:21:14.002176,270,1.037,0.0011,"aoml_navis",1027.82388997445
"7901009",88,-0.00280086507274739,1,0.01869,1,-0.003738,1,119.035115283607,1,4.86455303301235,272,1,15.3830003738403,35.9809989929199,0.0186899993568659,0.00420129764825106,114.785003662109,-87.4602,26.471,46.0617266935557,63,63,63,63,61,63,-0.003738,8046,1.33458767306251,26,-87,0.001869,51,2025-10-07 20:21:14.002176,272,1.037,0.0011,"aoml_navis",1027.84366129189
"7901009",88,-0.00280086507274739,1,0.01869,1,-0.003738,1,118.752835016737,1,4.86449575595738,274,1,15.335000038147,35.9710006713867,0.0186899993568659,0.00420129764825106,114.512802124023,-87.4602,26.471,46.0617266935557,63,63,63,63,61,63,-0.003738,8046,1.33458767306251,26,-87,0.001869,51,2025-10-07 20:21:14.002176,274,1.037,0.0011,"aoml_navis",1027.85576364758
"7901009",88,-0.00140043253637369,1,0.020559,1,-0.001869,1,118.565441998047,1,4.86441980861692,276,1,15.2729997634888,35.9620018005371,0.020558999851346,0.00560173019766808,114.332099914551,-87.4602,26.471,46.0617266935557,63,63,63,63,61,63,-0.001869,8046,1.33458767306251,26,-87,0.001869,51,2025-10-07 20:21:14.002176,276,1.037,0.0011,"aoml_navis",1027.87181138086
"7901009",88,-0.00140043253637369,1,0.020559,1,-0.001869,1,118.59033279124,1,4.86435265259009,278,1,15.2189998626709,35.9529991149902,0.020558999851346,0.00560173019766808,114.356101989746,-87.4602,26.471,46.0617266935557,63,63,63,63,61,63,-0.001869,8046,1.33458767306251,26,-87,0.001869,51,2025-10-07 20:21:14.002176,278,1.037,0.0011,"aoml_navis",1027.88600192005
"7901009",88,0,1,0.022428,1,0,1,118.680757735746,1,4.86430199429467,280,1,15.1870002746582,35.9459991455078,0.0224280003458261,0.00700216321274638,114.443298339844,-87.4602,26.471,46.0617266935557,63,63,63,63,61,63,0,8046,1.33458767306251,26,-87,0.001869,51,2025-10-07 20:21:14.002176,280,1.037,0.0011,"aoml_navis",1027.89670663221
"7901009",88,0,1,0.01869,1,-0.003738,1,118.908176985449,1,4.86425352486424,282,1,15.1569995880127,35.9389991760254,0.0186899993568659,0.00420129764825106,114.66259765625,-87.4602,26.471,46.0617266935557,63,63,63,63,61,63,0,8046,1.33458767306251,26,-87,0.001869,51,2025-10-07 20:21:14.002176,282,1.037,0.0011,"aoml_navis",1027.90694901939
"7901009",88,0,1,0.01869,1,-0.003738,1,119.320916339724,1,4.86418487936802,284,1,15.0979995727539,35.9290008544922,0.0186899993568659,0.00420129764825106,115.060600280762,-87.4602,26.471,46.0617266935557,63,63,63,63,61,63,0,8046,1.33458767306251,26,-87,0.001869,51,2025-10-07 20:21:14.002176,284,1.037,0.0011,"aoml_navis",1027.92145529008
"7901009",88,0,1,0.01869,1,-0.003738,1,119.372660073827,1,4.86405940973565,286,1,14.9549999237061,35.9099998474121,0.0186899993568659,0.00420129764825106,115.110496520996,-87.4602,26.471,46.0617266935557,63,63,63,63,61,63,0,8046,1.33458767306251,26,-87,0.001869,51,2025-10-07 20:21:14.002176,286,1.037,0.0011,"aoml_navis",1027.94797078183
"7901009",88,0,1,0.022428,1,0,1,118.877898197924,1,4.86399019472443,288,1,14.8950004577637,35.9000015258789,0.0224280003458261,0.00700216321274638,114.633399963379,-87.4602,26.471,46.0617266935557,63,63,63,63,61,63,0,8046,1.33458767306251,26,-87,0.001869,51,2025-10-07 20:21:14.002176,288,1.037,0.0011,"aoml_navis",1027.96259857248
"7901009",88,0,1,0.016821,1,-0.005607,1,119.289703949657,1,4.86392461658581,290,1,14.8520002365112,35.8940010070801,0.0168210007250309,0.00280086509883404,115.030502319336,-87.4602,26.471,46.0617266935557,63,63,63,63,61,63,0,8046,1.33458767306251,26,-87,0.001869,51,2025-10-07 20:21:14.002176,290,1.037,0.0011,"aoml_navis",1027.97645813633
"7901009",88,0,1,0.020559,1,-0.001869,1,120.511528584796,1,4.86386911720146,292,1,14.8149995803833,35.8870010375977,0.020558999851346,0.00560173019766808,116.208702087402,-87.4602,26.471,46.0617266935557,63,63,63,63,61,63,0,8046,1.33458767306251,26,-87,0.001869,51,2025-10-07 20:21:14.002176,292,1.037,0.0011,"aoml_navis",1027.9881879052
"7901009",88,0,1,0.01869,1,-0.003738,1,122.286085484183,1,4.86380554878256,294,1,14.7600002288818,35.8769989013672,0.0186899993568659,0.00420129764825106,117.919898986816,-87.4602,26.471,46.0617266935557,63,63,63,63,61,63,0,8046,1.33458767306251,26,-87,0.001869,51,2025-10-07 20:21:14.002176,294,1.037,0.0011,"aoml_navis",1028.00162338964
"7901009",88,0,1,0.020559,1,-0.001869,1,123.705984184042,1,4.86371656168588,296,1,14.6669998168945,35.8629989624023,0.020558999851346,0.00560173019766808,119.289100646973,-87.4602,26.471,46.0617266935557,63,63,63,63,61,63,0,8046,1.33458767306251,26,-87,0.001869,51,2025-10-07 20:21:14.002176,296,1.037,0.0011,"aoml_navis",1028.02043182115
"7901009",88,0,1,0.020559,1,-0.001869,1,124.147760159748,1,4.86366230382744,298,1,14.6239995956421,35.8540000915527,0.020558999851346,0.00560173019766808,119.715103149414,-87.4602,26.471,46.0617266935557,63,63,63,63,61,63,0,8046,1.33458767306251,26,-87,0.001869,51,2025-10-07 20:21:14.002176,298,1.037,0.0011,"aoml_navis",1028.03190017228
"7901009",88,0,1,0.020559,1,-0.001869,1,124.133550412585,1,4.86359396931451,300,1,14.5710000991821,35.8460006713867,0.020558999851346,0.00560173019766808,119.701400756836,-87.4602,26.471,46.0617266935557,63,63,63,63,61,63,0,8046,1.33458767306251,26,-87,0.001869,51,2025-10-07 20:21:14.002176,300,1.037,0.0011,"aoml_navis",1028.04634423558
"7901009",88,0,1,0.022428,1,0,1,123.889539938047,1,4.86352675789829,302,1,14.5120000839233,35.8359985351562,0.0224280003458261,0.00700216321274638,119.466102600098,-87.4602,26.471,46.0617266935557,63,63,63,63,61,63,0,8046,1.33458767306251,26,-87,0.001869,51,2025-10-07 20:21:14.002176,302,1.037,0.0011,"aoml_navis",1028.06055130263
"7901009",88,0,1,0.01869,1,-0.003738,1,123.624990207588,1,4.86346072202163,304,1,14.4540004730225,35.826000213623,0.0186899993568659,0.00420129764825106,119.210998535156,-87.4602,26.471,46.0617266935557,63,63,63,63,61,63,0,8046,1.33458767306251,26,-87,0.001869,51,2025-10-07 20:21:14.002176,304,1.037,0.0011,"aoml_navis",1028.07451026799
"7901009",88,0,1,0.026166,1,0.003738,1,123.56774771275,1,4.86337865708154,306,1,14.3699998855591,35.8129997253418,0.0261659994721413,0.00980302784591913,119.155799865723,-87.4602,26.471,46.0617266935557,63,63,63,63,61,63,0,8046,1.33458767306251,26,-87,0.001869,51,2025-10-07 20:21:14.002176,306,1.037,0.0011,"aoml_navis",1028.09185805829
"7901009",88,0,1,0.020559,1,-0.001869,1,123.42681328835,1,4.86330935752505,308,1,14.2980003356934,35.7999992370605,0.020558999851346,0.00560173019766808,119.019897460938,-87.4602,26.471,46.0617266935557,63,63,63,63,61,63,0,8046,1.33458767306251,26,-87,0.001869,51,2025-10-07 20:21:14.002176,308,1.037,0.0011,"aoml_navis",1028.10650781724
"7901009",88,0,1,0.024297,1,0.001869,1,123.199813368602,1,4.86324845792257,310,1,14.2550001144409,35.7929992675781,0.0242970008403063,0.00840259529650211,118.801002502441,-87.4602,26.471,46.0617266935557,63,63,63,63,61,63,0,8046,1.33458767306251,26,-87,0.001869,51,2025-10-07 20:21:14.002176,310,1.037,0.0011,"aoml_navis",1028.11938219086
"7901009",88,0,1,0.024297,1,0.001869,1,122.910997883938,1,4.86317777531063,312,1,14.206000328064,35.7869987487793,0.0242970008403063,0.00840259529650211,118.522499084473,-87.4602,26.471,46.0617266935557,63,63,63,63,61,63,0,8046,1.33458767306251,26,-87,0.001869,51,2025-10-07 20:21:14.002176,312,1.037,0.0011,"aoml_navis",1028.13432512872
"7901009",88,0,1,0.022428,1,0,1,122.775047947685,1,4.86310985906199,314,1,14.1490001678467,35.7779998779297,0.0224280003458261,0.00700216321274638,118.391403198242,-87.4602,26.471,46.0617266935557,63,63,63,63,61,63,0,8046,1.33458767306251,26,-87,0.001869,51,2025-10-07 20:21:14.002176,314,1.037,0.0011,"aoml_navis",1028.14868364179
"7901009",88,0,1,0.020559,1,-0.001869,1,122.558618307564,1,4.86305389383061,316,1,14.1070003509521,35.7700004577637,0.020558999851346,0.00560173019766808,118.18270111084,-87.4602,26.471,46.0617266935557,63,63,63,63,61,63,0,8046,1.33458767306251,26,-87,0.001869,51,2025-10-07 20:21:14.002176,316,1.037,0.0011,"aoml_navis",1028.16051583206
"7901009",88,0,1,0.024297,1,0.001869,1,122.55415600389,1,4.86300409421296,318,1,14.0780000686646,35.7639999389648,0.0242970008403063,0.00840259529650211,118.178398132324,-87.4602,26.471,46.0617266935557,63,63,63,63,61,63,0,8046,1.33458767306251,26,-87,0.001869,51,2025-10-07 20:21:14.002176,318,1.037,0.0011,"aoml_navis",1028.17104471495
"7901009",88,0,1,0.016821,1,-0.005607,1,122.894715222656,1,4.86293899542112,320,1,14.0270004272461,35.7560005187988,0.0168210007250309,0.00280086509883404,118.506797790527,-87.4602,26.471,46.0617266935557,63,63,63,63,61,63,0,8046,1.33458767306251,26,-87,0.001869,51,2025-10-07 20:21:14.002176,320,1.037,0.0011,"aoml_navis",1028.18480855054
"7901009",88,0,1,0.020559,1,-0.001869,1,122.964300259573,1,4.86286194622831,322,1,13.9499998092651,35.7439994812012,0.020558999851346,0.00560173019766808,118.57389831543,-87.4602,26.471,46.0617266935557,63,63,63,63,61,63,0,8046,1.33458767306251,26,-87,0.001869,51,2025-10-07 20:21:14.002176,322,1.037,0.0011,"aoml_navis",1028.20109953524
"7901009",88,0,1,0.020559,1,-0.001869,1,122.591697902715,1,4.8628104106711,324,1,13.9119997024536,35.7360000610352,0.020558999851346,0.00560173019766808,118.214599609375,-87.4602,26.471,46.0617266935557,63,63,63,63,61,63,0,8046,1.33458767306251,26,-87,0.001869,51,2025-10-07 20:21:14.002176,324,1.037,0.0011,"aoml_navis",1028.21199630318
"7901009",88,0,1,0.024297,1,0.001869,1,122.173981972179,1,4.86274682742225,326,1,13.8549995422363,35.726001739502,0.0242970008403063,0.00840259529650211,117.811798095703,-87.4602,26.471,46.0617266935557,63,63,63,63,61,63,0,8046,1.33458767306251,26,-87,0.001869,51,2025-10-07 20:21:14.002176,326,1.037,0.0011,"aoml_navis",1028.22544077429
"7901009",88,0,1,0.020559,1,-0.001869,1,121.880814950243,1,4.86266705222161,328,1,13.7639999389648,35.7109985351562,0.020558999851346,0.00560173019766808,117.529098510742,-87.4602,26.471,46.0617266935557,63,63,63,63,61,63,0,8046,1.33458767306251,26,-87,0.001869,51,2025-10-07 20:21:14.002176,328,1.037,0.0011,"aoml_navis",1028.24230947822
"7901009",88,0,1,0.024297,1,0.001869,1,121.488820560926,1,4.8625776740658,330,1,13.673999786377,35.6990013122559,0.0242970008403063,0.00840259529650211,117.151100158691,-87.4602,26.471,46.0617266935557,63,63,63,63,61,63,0,8046,1.33458767306251,26,-87,0.001869,51,2025-10-07 20:21:14.002176,330,1.037,0.0011,"aoml_navis",1028.26120941309
"7901009",88,0,1,0.022428,1,0,1,121.010024870867,1,4.86249571812421,332,1,13.5909996032715,35.6870002746582,0.0224280003458261,0.00700216321274638,116.689399719238,-87.4602,26.471,46.0617266935557,63,63,63,63,61,63,0,8046,1.33458767306251,26,-87,0.001869,51,2025-10-07 20:21:14.002176,332,1.037,0.0011,"aoml_navis",1028.2785404547
"7901009",88,0,1,0.022428,1,0,1,120.764875084753,1,4.86243556026616,334,1,13.5329999923706,35.6759986877441,0.0224280003458261,0.00700216321274638,116.453002929688,-87.4602,26.471,46.0617266935557,63,63,63,63,61,63,0,8046,1.33458767306251,26,-87,0.001869,51,2025-10-07 20:21:14.002176,334,1.037,0.0011,"aoml_navis",1028.29126227563
"7901009",88,0,1,0.020559,1,-0.001869,1,121.005673333595,1,4.86237653320608,336,1,13.4759998321533,35.6650009155273,0.020558999851346,0.00560173019766808,116.685203552246,-87.4602,26.471,46.0617266935557,63,63,63,63,61,63,0,8046,1.33458767306251,26,-87,0.001869,51,2025-10-07 20:21:14.002176,336,1.037,0.0011,"aoml_navis",1028.3037452682
"7901009",88,0,1,0.020559,1,-0.001869,1,121.220647186701,1,4.8622705523991,338,1,13.3500003814697,35.6479988098145,0.020558999851346,0.00560173019766808,116.892501831055,-87.4602,26.471,46.0617266935557,63,63,63,63,61,63,0,8046,1.33458767306251,26,-87,0.001869,51,2025-10-07 20:21:14.002176,338,1.037,0.0011,"aoml_navis",1028.32615875991
"7901009",88,0,1,0.01869,1,-0.003738,1,121.09650969617,1,4.86222029397651,340,1,13.3159999847412,35.640998840332,0.0186899993568659,0.00420129764825106,116.772796630859,-87.4602,26.471,46.0617266935557,63,63,63,63,61,63,0,8046,1.33458767306251,26,-87,0.001869,51,2025-10-07 20:21:14.002176,340,1.037,0.0011,"aoml_navis",1028.3367880707
"7901009",88,0,1,0.024297,1,0.001869,1,120.809672182993,1,4.86213994975057,342,1,13.2259998321533,35.6269989013672,0.0242970008403063,0.00840259529650211,116.496200561523,-87.4602,26.471,46.0617266935557,63,63,63,63,61,63,0,8046,1.33458767306251,26,-87,0.001869,51,2025-10-07 20:21:14.002176,342,1.037,0.0011,"aoml_navis",1028.35378077846
"7901009",88,0,1,0.026166,1,0.003738,1,119.857057379137,1,4.8620822452491,344,1,13.1879997253418,35.6209983825684,0.0261659994721413,0.00980302784591913,115.577598571777,-87.4602,26.471,46.0617266935557,63,63,63,63,61,63,0,8046,1.33458767306251,26,-87,0.001869,51,2025-10-07 20:21:14.002176,344,1.037,0.0011,"aoml_navis",1028.36598555807
"7901009",88,0,1,0.022428,1,0,1,118.6975625815,1,4.86203052688412,346,1,13.1560001373291,35.6150016784668,0.0224280003458261,0.00700216321274638,114.459503173828,-87.4602,26.471,46.0617266935557,63,63,63,63,61,63,0,8046,1.33458767306251,26,-87,0.001869,51,2025-10-07 20:21:14.002176,346,1.037,0.0011,"aoml_navis",1028.37692448721
"7901009",88,0,1,0.022428,1,0,1,117.776160167711,1,4.86195088344123,348,1,13.0920000076294,35.6080017089844,0.0224280003458261,0.00700216321274638,113.570999145508,-87.4602,26.471,46.0617266935557,63,63,63,63,61,63,0,8046,1.33458767306251,26,-87,0.001869,51,2025-10-07 20:21:14.002176,348,1.037,0.0011,"aoml_navis",1028.39377029269
"7901009",88,0,1,0.020559,1,-0.001869,1,117.436637406004,1,4.86190097971625,350,1,13.0579996109009,35.601001739502,0.020558999851346,0.00560173019766808,113.243598937988,-87.4602,26.471,46.0617266935557,63,63,63,63,61,63,0,8046,1.33458767306251,26,-87,0.001869,51,2025-10-07 20:21:14.002176,350,1.037,0.0011,"aoml_navis",1028.40432597453
"7901009",88,0,1,0.022428,1,0,1,117.265946378551,1,4.86180897334732,352,1,12.9700002670288,35.5909996032715,0.0224280003458261,0.00700216321274638,113.079002380371,-87.4602,26.471,46.0617266935557,63,63,63,63,61,63,0,8046,1.33458767306251,26,-87,0.001869,51,2025-10-07 20:21:14.002176,352,1.037,0.0011,"aoml_navis",1028.42378781442
"7901009",88,0,1,0.024297,1,0.001869,1,117.159230860878,1,4.8617498714265,354,1,12.918999671936,35.5820007324219,0.0242970008403063,0.00840259529650211,112.976097106934,-87.4602,26.471,46.0617266935557,63,63,63,63,61,63,0,8046,1.33458767306251,26,-87,0.001869,51,2025-10-07 20:21:14.002176,354,1.037,0.0011,"aoml_navis",1028.43628986057
"7901009",88,0,1,0.026166,1,0.003738,1,117.052626109608,1,4.8616921173382,356,1,12.8730001449585,35.5740013122559,0.0261659994721413,0.00980302784591913,112.87329864502,-87.4602,26.471,46.0617266935557,63,63,63,63,61,63,0,8046,1.33458767306251,26,-87,0.001869,51,2025-10-07 20:21:14.002176,356,1.037,0.0011,"aoml_navis",1028.44850708842
"7901009",88,0,1,0.022428,1,0,1,116.853412733311,1,4.86162185576463,358.100006103516,1,12.8050003051758,35.5629997253418,0.0224280003458261,0.00700216321274638,112.681198120117,-87.4602,26.471,46.0617266935557,63,63,63,63,61,63,0,8046,1.33458767306251,26,-87,0.001869,51,2025-10-07 20:21:14.002176,358.100006103516,1.037,0.0011,"aoml_navis",1028.46337052547
"7901009",88,0,1,0.026166,1,0.003738,1,116.173433607354,1,4.86155726729137,360.100006103516,1,12.7480001449585,35.5540008544922,0.0261659994721413,0.00980302784591913,112.025497436523,-87.4602,26.471,46.0617266935557,63,63,63,63,61,63,0,8046,1.33458767306251,26,-87,0.001869,51,2025-10-07 20:21:14.002176,360.100006103516,1.037,0.0011,"aoml_navis",1028.47703422936
"7901009",88,0,1,0.022428,1,0,1,114.779675778668,1,4.86148596961533,362,1,12.6780004501343,35.5439987182617,0.0224280003458261,0.00700216321274638,110.681503295898,-87.4602,26.471,46.0617266935557,63,63,63,63,61,63,0,8046,1.33458767306251,26,-87,0.001869,51,2025-10-07 20:21:14.002176,362,1.037,0.0011,"aoml_navis",1028.49211768797
"7901009",88,0,1,0.020559,1,-0.001869,1,113.225377872202,1,4.86141910564777,364,1,12.6409997940063,35.5410003662109,0.020558999851346,0.00560173019766808,109.18270111084,-87.4602,26.471,46.0617266935557,63,63,63,63,61,63,0,8046,1.33458767306251,26,-87,0.001869,51,2025-10-07 20:21:14.002176,364,1.037,0.0011,"aoml_navis",1028.50626357049
"7901009",88,0,1,0.022428,1,0,1,112.650033437914,1,4.86136273325624,366,1,12.6110000610352,35.5369987487793,0.0224280003458261,0.00700216321274638,108.627899169922,-87.4602,26.471,46.0617266935557,63,63,63,63,61,63,0,8046,1.33458767306251,26,-87,0.001869,51,2025-10-07 20:21:14.002176,366,1.037,0.0011,"aoml_navis",1028.51819013532
"7901009",88,0,1,0.022428,1,0,1,112.639146682848,1,4.8612926565402,368,1,12.5629997253418,35.5320014953613,0.0224280003458261,0.00700216321274638,108.617401123047,-87.4602,26.471,46.0617266935557,63,63,63,63,61,63,0,8046,1.33458767306251,26,-87,0.001869,51,2025-10-07 20:21:14.002176,368,1.037,0.0011,"aoml_navis",1028.53301647519
"7901009",88,0,1,0.029904,1,0.007476,1,112.726050838107,1,4.86123115271681,370,1,12.5010004043579,35.5209999084473,0.0299040004611015,0.0126038929447532,108.701202392578,-87.4602,26.471,46.0617266935557,63,63,63,63,61,63,0,8046,1.33458767306251,26,-87,0.001869,51,2025-10-07 20:21:14.002176,370,1.037,0.0011,"aoml_navis",1028.54602937481
"7901009",88,0,1,0.022428,1,0,1,113.105188412758,1,4.8611512277347,372,1,12.4119997024536,35.507999420166,0.0224280003458261,0.00700216321274638,109.066802978516,-87.4602,26.471,46.0617266935557,63,63,63,63,61,63,0,8046,1.33458767306251,26,-87,0.001869,51,2025-10-07 20:21:14.002176,372,1.037,0.0011,"aoml_navis",1028.56294029141
"7901009",88,0,1,0.024297,1,0.001869,1,113.668807432071,1,4.86108215185763,374,1,12.3339996337891,35.4949989318848,0.0242970008403063,0.00840259529650211,109.610298156738,-87.4602,26.471,46.0617266935557,63,63,63,63,61,63,0,8046,1.33458767306251,26,-87,0.001869,51,2025-10-07 20:21:14.002176,374,1.037,0.0011,"aoml_navis",1028.57755614957
"7901009",88,0,1,0.022428,1,0,1,114.079054542272,1,4.86102853591266,376,1,12.2950000762939,35.4879989624023,0.0224280003458261,0.00700216321274638,110.005897521973,-87.4602,26.471,46.0617266935557,63,63,63,63,61,63,0,8046,1.33458767306251,26,-87,0.001869,51,2025-10-07 20:21:14.002176,376,1.037,0.0011,"aoml_navis",1028.58890110614
"7901009",88,0,1,0.026166,1,0.003738,1,114.085589760065,1,4.86096261318423,378,1,12.2430000305176,35.4809989929199,0.0261659994721413,0.00980302784591913,110.012199401855,-87.4602,26.471,46.0617266935557,63,63,63,63,61,63,0,8046,1.33458767306251,26,-87,0.001869,51,2025-10-07 20:21:14.002176,378,1.037,0.0011,"aoml_navis",1028.60285048041
"7901009",88,0,1,0.028035,1,0.005607,1,114.072527236364,1,4.86089625455347,380,1,12.1750001907349,35.4700012207031,0.0280349999666214,0.0112034603953362,109.999603271484,-87.4602,26.471,46.0617266935557,63,63,63,63,61,63,0,8046,1.33458767306251,26,-87,0.001869,51,2025-10-07 20:21:14.002176,380,1.037,0.0011,"aoml_navis",1028.61689247456
"7901009",88,0,1,0.01869,1,-0.003738,1,114.056964556704,1,4.86084762705362,382,1,12.1409997940063,35.4630012512207,0.0186899993568659,0.00420129764825106,109.984596252441,-87.4602,26.471,46.0617266935557,63,63,63,63,61,63,0,8046,1.33458767306251,26,-87,0.001869,51,2025-10-07 20:21:14.002176,382,1.037,0.0011,"aoml_navis",1028.62718266911
"7901009",88,0,1,0.026166,1,0.003738,1,114.534209517116,1,4.8607761504593,384,1,12.0749998092651,35.4539985656738,0.0261659994721413,0.00980302784591913,110.444801330566,-87.4602,26.471,46.0617266935557,63,63,63,63,61,63,0,8046,1.33458767306251,26,-87,0.001869,51,2025-10-07 20:21:14.002176,384,1.037,0.0011,"aoml_navis",1028.64230839504
"7901009",88,0,1,0.022428,1,0,1,115.129048838382,1,4.86068958817774,386,1,11.9460000991821,35.4329986572266,0.0224280003458261,0.00700216321274638,111.018402099609,-87.4602,26.471,46.0617266935557,63,63,63,63,61,63,0,8046,1.33458767306251,26,-87,0.001869,51,2025-10-07 20:21:14.002176,386,1.037,0.0011,"aoml_navis",1028.66062711783
"7901009",88,0,1,0.026166,1,0.003738,1,115.040483187074,1,4.86063481862923,388,1,11.9090003967285,35.4269981384277,0.0261659994721413,0.00980302784591913,110.932998657227,-87.4602,26.471,46.0617266935557,63,63,63,63,61,63,0,8046,1.33458767306251,26,-87,0.001869,51,2025-10-07 20:21:14.002176,388,1.037,0.0011,"aoml_navis",1028.67221804786
"7901009",88,0,1,0.024297,1,0.001869,1,114.783615897871,1,4.86057370725186,390,1,11.8730001449585,35.4230003356934,0.0242970008403063,0.00840259529650211,110.685302734375,-87.4602,26.471,46.0617266935557,63,63,63,63,61,63,0,8046,1.33458767306251,26,-87,0.001869,51,2025-10-07 20:21:14.002176,390,1.037,0.0011,"aoml_navis",1028.68515141332
"7901009",88,0,1,0.022428,1,0,1,114.54312621258,1,4.86052573311537,392,1,11.8509998321533,35.4189987182617,0.0224280003458261,0.00700216321274638,110.453399658203,-87.4602,26.471,46.0617266935557,63,63,63,63,61,63,0,8046,1.33458767306251,26,-87,0.001869,51,2025-10-07 20:21:14.002176,392,1.037,0.0011,"aoml_navis",1028.69530469397
"7901009",88,0,1,0.029904,1,0.007476,1,114.210866562174,1,4.86047496468859,394,1,11.826000213623,35.4150009155273,0.0299040004611015,0.0126038929447532,110.133003234863,-87.4602,26.471,46.0617266935557,63,63,63,63,61,63,0,8046,1.33458767306251,26,-87,0.001869,51,2025-10-07 20:21:14.002176,394,1.037,0.0011,"aoml_navis",1028.7060495785
"7901009",88,0,1,0.024297,1,0.001869,1,113.531401708803,1,4.86042602854335,396,1,11.798999786377,35.4099998474121,0.0242970008403063,0.00840259529650211,109.477798461914,-87.4602,26.471,46.0617266935557,63,63,63,63,61,63,0,8046,1.33458767306251,26,-87,0.001869,51,2025-10-07 20:21:14.002176,396,1.037,0.0011,"aoml_navis",1028.71640688223
"7901009",88,0,1,0.024297,1,0.001869,1,112.733100328487,1,4.86035671511277,398,1,11.753999710083,35.4059982299805,0.0242970008403063,0.00840259529650211,108.708000183105,-87.4602,26.471,46.0617266935557,63,63,63,63,61,63,0,8046,1.33458767306251,26,-87,0.001869,51,2025-10-07 20:21:14.002176,398,1.037,0.0011,"aoml_navis",1028.73107738225
"7901009",88,0,1,0.026166,1,0.003738,1,111.608441564681,1,4.8603004673493,400,1,11.7229995727539,35.4020004272461,0.0261659994721413,0.00980302784591913,107.623497009277,-87.4602,26.471,46.0617266935557,63,63,63,63,61,63,0,8046,1.33458767306251,26,-87,0.001869,51,2025-10-07 20:21:14.002176,400,1.037,0.0011,"aoml_navis",1028.74298278248
"7901009",88,0,1,0.024297,1,0.001869,1,110.155360415153,1,4.86023875708669,402,1,11.6899995803833,35.398998260498,0.0242970008403063,0.00840259529650211,106.222297668457,-87.4602,26.471,46.0617266935557,63,63,63,63,61,63,0,8046,1.33458767306251,26,-87,0.001869,51,2025-10-07 20:21:14.002176,402,1.037,0.0011,"aoml_navis",1028.75604469215
"7901009",88,0,1,0.026166,1,0.003738,1,108.718767635943,1,4.86017341584706,404,1,11.6569995880127,35.3969993591309,0.0261659994721413,0.00980302784591913,104.83699798584,-87.4602,26.471,46.0617266935557,63,63,63,63,61,63,0,8046,1.33458767306251,26,-87,0.001869,51,2025-10-07 20:21:14.002176,404,1.037,0.0011,"aoml_navis",1028.76987551453
"7901009",88,0,1,0.024297,1,0.001869,1,108.32998547232,1,4.8601164409671,406,1,11.6330003738403,35.3950004577637,0.0242970008403063,0.00840259529650211,104.462097167969,-87.4602,26.471,46.0617266935557,63,63,63,63,61,63,0,8046,1.33458767306251,26,-87,0.001869,51,2025-10-07 20:21:14.002176,406,1.037,0.0011,"aoml_navis",1028.78193572767
"7901009",88,0,1,0.028035,1,0.005607,1,108.710475979469,1,4.86005843848765,408,1,11.5920000076294,35.3889999389648,0.0280349999666214,0.0112034603953362,104.829002380371,-87.4602,26.471,46.0617266935557,63,63,63,63,61,63,0,8046,1.33458767306251,26,-87,0.001869,51,2025-10-07 20:21:14.002176,408,1.037,0.0011,"aoml_navis",1028.79421374939
"7901009",88,0,1,0.026166,1,0.003738,1,109.347414445866,1,4.85999396482007,410,1,11.5279998779297,35.3790016174316,0.0261659994721413,0.00980302784591913,105.443199157715,-87.4602,26.471,46.0617266935557,63,63,63,63,61,63,0,8046,1.33458767306251,26,-87,0.001869,51,2025-10-07 20:21:14.002176,410,1.037,0.0011,"aoml_navis",1028.8078619425
"7901009",88,0,1,0.031773,1,0.009345,1,109.743562575307,1,4.85992783920233,412,1,11.4580001831055,35.3680000305176,0.0317730009555817,0.0140043264254928,105.825202941895,-87.4602,26.471,46.0617266935557,63,63,63,63,61,63,0,8046,1.33458767306251,26,-87,0.001869,51,2025-10-07 20:21:14.002176,412,1.037,0.0011,"aoml_navis",1028.82186020701
"7901009",88,0,1,0.028035,1,0.005607,1,109.940489416564,1,4.85986556079488,414,1,11.4079999923706,35.3610000610352,0.0280349999666214,0.0112034603953362,106.015098571777,-87.4602,26.471,46.0617266935557,63,63,63,63,61,63,0,8046,1.33458767306251,26,-87,0.001869,51,2025-10-07 20:21:14.002176,414,1.037,0.0011,"aoml_navis",1028.83504439621
"7901009",88,0,1,0.029904,1,0.007476,1,109.928044019967,1,4.85979337352768,416,1,11.33899974823,35.3520011901855,0.0299040004611015,0.0126038929447532,106.00309753418,-87.4602,26.471,46.0617266935557,63,63,63,63,61,63,0,8046,1.33458767306251,26,-87,0.001869,51,2025-10-07 20:21:14.002176,416,1.037,0.0011,"aoml_navis",1028.85032669003
"7901009",88,0,1,0.033642,1,0.011214,1,109.484614460098,1,4.8597404487544,418,1,11.298999786377,35.3450012207031,0.0336420014500618,0.0154047571122646,105.575500488281,-87.4602,26.471,46.0617266935557,63,63,63,63,61,63,0,8046,1.33458767306251,26,-87,0.001869,51,2025-10-07 20:21:14.002176,418,1.037,0.0011,"aoml_navis",1028.86153133581
"7901009",88,0,1,0.028035,1,0.005607,1,108.755067368674,1,4.85967669032801,420,1,11.2469997406006,35.3380012512207,0.0280349999666214,0.0112034603953362,104.872001647949,-87.4602,26.471,46.0617266935557,63,63,63,63,61,63,0,8046,1.33458767306251,26,-87,0.001869,51,2025-10-07 20:21:14.002176,420,1.037,0.0011,"aoml_navis",1028.87502988651
"7901009",88,0,1,0.029904,1,0.007476,1,108.116878824297,1,4.85961293124715,422,1,11.2069997787476,35.3339996337891,0.0299040004611015,0.0126038929447532,104.25659942627,-87.4602,26.471,46.0617266935557,63,63,63,63,61,63,0,8046,1.33458767306251,26,-87,0.001869,51,2025-10-07 20:21:14.002176,422,1.037,0.0011,"aoml_navis",1028.88852892998
"7901009",88,0,1,0.024297,1,0.001869,1,107.885416600874,1,4.85955362086589,424,1,11.1840000152588,35.3330001831055,0.0242970008403063,0.00840259529650211,104.033401489258,-87.4602,26.471,46.0617266935557,63,63,63,63,61,63,0,8046,1.33458767306251,26,-87,0.001869,51,2025-10-07 20:21:14.002176,424,1.037,0.0011,"aoml_navis",1028.90108641482
"7901009",88,0,1,0.022428,1,0,1,107.749355898218,1,4.85950880822106,426,1,11.1770000457764,35.3320007324219,0.0224280003458261,0.00700216321274638,103.902198791504,-87.4602,26.471,46.0617266935557,63,63,63,63,61,63,0,8046,1.33458767306251,26,-87,0.001869,51,2025-10-07 20:21:14.002176,426,1.037,0.0011,"aoml_navis",1028.91057457109
"7901009",88,0,1,0.022428,1,0,1,107.514159264627,1,4.8594685650405,428,1,11.1709995269775,35.3300018310547,0.0224280003458261,0.00700216321274638,103.675399780273,-87.4602,26.471,46.0617266935557,63,63,63,63,61,63,0,8046,1.33458767306251,26,-87,0.001869,51,2025-10-07 20:21:14.002176,428,1.037,0.0011,"aoml_navis",1028.91909538638
"7901009",88,0,1,0.026166,1,0.003738,1,107.431923122079,1,4.85939611286538,430,1,11.1049995422363,35.3219985961914,0.0261659994721413,0.00980302784591913,103.596099853516,-87.4602,26.471,46.0617266935557,63,63,63,63,61,63,0,8046,1.33458767306251,26,-87,0.001869,51,2025-10-07 20:21:14.002176,430,1.037,0.0011,"aoml_navis",1028.93443626922
"7901009",88,0,1,0.026166,1,0.003738,1,107.32199537871,1,4.85933462950558,432,1,11.0509996414185,35.3139991760254,0.0261659994721413,0.00980302784591913,103.490097045898,-87.4602,26.471,46.0617266935557,63,63,63,63,61,63,0,8046,1.33458767306251,26,-87,0.001869,51,2025-10-07 20:21:14.002176,432,1.037,0.0011,"aoml_navis",1028.94745499524
"7901009",88,0,1,0.029904,1,0.007476,1,107.127450015123,1,4.85927933984354,434,1,11.0159997940063,35.3089981079102,0.0299040004611015,0.0126038929447532,103.30249786377,-87.4602,26.471,46.0617266935557,63,63,63,63,61,63,0,8046,1.33458767306251,26,-87,0.001869,51,2025-10-07 20:21:14.002176,434,1.037,0.0011,"aoml_navis",1028.95916252491
"7901009",88,0,1,0.029904,1,0.007476,1,106.869649123378,1,4.85922139519134,436,1,10.9779996871948,35.3040008544922,0.0299040004611015,0.0126038929447532,103.053901672363,-87.4602,26.471,46.0617266935557,63,63,63,63,61,63,0,8046,1.33458767306251,26,-87,0.001869,51,2025-10-07 20:21:14.002176,436,1.037,0.0011,"aoml_navis",1028.97143253196
"7901009",88,0,1,0.022428,1,0,1,106.854300064637,1,4.85915295991496,438,1,10.9200000762939,35.2970008850098,0.0224280003458261,0.00700216321274638,103.039100646973,-87.4602,26.471,46.0617266935557,63,63,63,63,61,63,0,8046,1.33458767306251,26,-87,0.001869,51,2025-10-07 20:21:14.002176,438,1.037,0.0011,"aoml_navis",1028.98592434668
"7901009",88,0,1,0.022428,1,0,1,106.87700717731,1,4.85908744118838,440,1,10.8610000610352,35.2890014648438,0.0224280003458261,0.00700216321274638,103.060997009277,-87.4602,26.471,46.0617266935557,63,63,63,63,61,63,0,8046,1.33458767306251,26,-87,0.001869,51,2025-10-07 20:21:14.002176,440,1.037,0.0011,"aoml_navis",1028.99979893697
"7901009",88,0,1,0.026166,1,0.003738,1,106.725185997844,1,4.8590343100438,442,1,10.8240003585815,35.2830009460449,0.0261659994721413,0.00980302784591913,102.914596557617,-87.4602,26.471,46.0617266935557,63,63,63,63,61,63,0,8046,1.33458767306251,26,-87,0.001869,51,2025-10-07 20:21:14.002176,442,1.037,0.0011,"aoml_navis",1029.01105054246
"7901009",88,0,1,0.028035,1,0.005607,1,106.586957438438,1,4.85897401680226,444,1,10.7829999923706,35.2779998779297,0.0280349999666214,0.0112034603953362,102.781303405762,-87.4602,26.471,46.0617266935557,63,63,63,63,61,63,0,8046,1.33458767306251,26,-87,0.001869,51,2025-10-07 20:21:14.002176,444,1.037,0.0011,"aoml_navis",1029.02381916637
"7901009",88,0,1,0.024297,1,0.001869,1,106.507411337112,1,4.8589096048533,446,1,10.7290000915527,35.2709999084473,0.0242970008403063,0.00840259529650211,102.704597473145,-87.4602,26.471,46.0617266935557,63,63,63,63,61,63,0,8046,1.33458767306251,26,-87,0.001869,51,2025-10-07 20:21:14.002176,446,1.037,0.0011,"aoml_navis",1029.03746038119
"7901009",88,0,1,0.028035,1,0.005607,1,106.544122487913,1,4.85883913525441,448,1,10.6680002212524,35.2639999389648,0.0280349999666214,0.0112034603953362,102.73999786377,-87.4602,26.471,46.0617266935557,63,63,63,63,61,63,0,8046,1.33458767306251,26,-87,0.001869,51,2025-10-07 20:21:14.002176,448,1.037,0.0011,"aoml_navis",1029.05238490432
"7901009",88,0,1,0.024297,1,0.001869,1,106.472464536877,1,4.85878778571113,450,1,10.6409997940063,35.2599983215332,0.0242970008403063,0.00840259529650211,102.6708984375,-87.4602,26.471,46.0617266935557,63,63,63,63,61,63,0,8046,1.33458767306251,26,-87,0.001869,51,2025-10-07 20:21:14.002176,450,1.037,0.0011,"aoml_navis",1029.06326032681
"7901009",88,0,1,0.029904,1,0.007476,1,106.397697214664,1,4.85873719027475,452,1,10.6190004348755,35.2569999694824,0.0299040004611015,0.0126038929447532,102.59880065918,-87.4602,26.471,46.0617266935557,63,63,63,63,61,63,0,8046,1.33458767306251,26,-87,0.001869,51,2025-10-07 20:21:14.002176,452,1.037,0.0011,"aoml_navis",1029.07397626033
"7901009",88,0,1,0.022428,1,0,1,106.385457527102,1,4.85868413234587,454,1,10.5900001525879,35.2529983520508,0.0224280003458261,0.00700216321274638,102.58699798584,-87.4602,26.471,46.0617266935557,63,63,63,63,61,63,0,8046,1.33458767306251,26,-87,0.001869,51,2025-10-07 20:21:14.002176,454,1.037,0.0011,"aoml_navis",1029.08521398075
"7901009",88,0,1,0.026166,1,0.003738,1,106.385457527102,1,4.85862454411033,456,1,10.5410003662109,35.2459983825684,0.0261659994721413,0.00980302784591913,102.58699798584,-87.4602,26.471,46.0617266935557,63,63,63,63,61,63,0,8046,1.33458767306251,26,-87,0.001869,51,2025-10-07 20:21:14.002176,456,1.037,0.0011,"aoml_navis",1029.097835119
"7901009",88,0,1,0.024297,1,0.001869,1,106.372600712436,1,4.85856997146481,458,1,10.5059995651245,35.2410011291504,0.0242970008403063,0.00840259529650211,102.574600219727,-87.4602,26.471,46.0617266935557,63,63,63,63,61,63,0,8046,1.33458767306251,26,-87,0.001869,51,2025-10-07 20:21:14.002176,458,1.037,0.0011,"aoml_navis",1029.10939419743
"7901009",88,0,1,0.028035,1,0.005607,1,106.300839906883,1,4.85851721270157,460,1,10.4729995727539,35.2360000610352,0.0280349999666214,0.0112034603953362,102.505401611328,-87.4602,26.471,46.0617266935557,63,63,63,63,61,63,0,8046,1.33458767306251,26,-87,0.001869,51,2025-10-07 20:21:14.002176,460,1.037,0.0011,"aoml_navis",1029.12056932279
"7901009",88,0,1,0.026166,1,0.003738,1,106.23249703606,1,4.85846083118327,462,1,10.4399995803833,35.2319984436035,0.0261659994721413,0.00980302784591913,102.439498901367,-87.4602,26.471,46.0617266935557,63,63,63,63,61,63,0,8046,1.33458767306251,26,-87,0.001869,51,2025-10-07 20:21:14.002176,462,1.037,0.0011,"aoml_navis",1029.13251207219
"7901009",88,0,1,0.026166,1,0.003738,1,106.131905318111,1,4.85841337904267,464,1,10.4130001068115,35.2270011901855,0.0261659994721413,0.00980302784591913,102.342498779297,-87.4602,26.471,46.0617266935557,63,63,63,63,61,63,0,8046,1.33458767306251,26,-87,0.001869,51,2025-10-07 20:21:14.002176,464,1.037,0.0011,"aoml_navis",1029.14256361307
"7901009",88,0,1,0.028035,1,0.005607,1,106.146842958781,1,4.85833561415307,466,1,10.3299999237061,35.2169990539551,0.0280349999666214,0.0112034603953362,102.356903076172,-87.4602,26.471,46.0617266935557,63,63,63,63,61,63,0,8046,1.33458767306251,26,-87,0.001869,51,2025-10-07 20:21:14.002176,466,1.037,0.0011,"aoml_navis",1029.15903657093
"7901009",88,0,1,0.024297,1,0.001869,1,106.377996618652,1,4.85825921811993,468,1,10.2440004348755,35.2060012817383,0.0242970008403063,0.00840259529650211,102.579803466797,-87.4602,26.471,46.0617266935557,63,63,63,63,61,63,0,8046,1.33458767306251,26,-87,0.001869,51,2025-10-07 20:21:14.002176,468,1.037,0.0011,"aoml_navis",1029.17522007706
"7901009",88,0,1,0.029904,1,0.007476,1,106.442082894835,1,4.85819862747126,470,1,10.1929998397827,35.1990013122559,0.0299040004611015,0.0126038929447532,102.6416015625,-87.4602,26.471,46.0617266935557,63,63,63,63,61,63,0,8046,1.33458767306251,26,-87,0.001869,51,2025-10-07 20:21:14.002176,470,1.037,0.0011,"aoml_navis",1029.18805577996
"7901009",88,0,1,0.026166,1,0.003738,1,106.408583969729,1,4.85814113451144,472,1,10.1540002822876,35.1940002441406,0.0261659994721413,0.00980302784591913,102.609298706055,-87.4602,26.471,46.0617266935557,63,63,63,63,61,63,0,8046,1.33458767306251,26,-87,0.001869,51,2025-10-07 20:21:14.002176,472,1.037,0.0011,"aoml_navis",1029.20023555529
"7901009",88,0,1,0.026166,1,0.003738,1,106.379966678254,1,4.85808136213297,474,1,10.1079998016357,35.1879997253418,0.0261659994721413,0.00980302784591913,102.581703186035,-87.4602,26.471,46.0617266935557,63,63,63,63,61,63,0,8046,1.33458767306251,26,-87,0.001869,51,2025-10-07 20:21:14.002176,474,1.037,0.0011,"aoml_navis",1029.21289852682
"7901009",88,0,1,0.026166,1,0.003738,1,106.337653912201,1,4.85801911085988,476,1,10.0590000152588,35.181999206543,0.0261659994721413,0.00980302784591913,102.540901184082,-87.4602,26.471,46.0617266935557,63,63,63,63,61,63,0,8046,1.33458767306251,26,-87,0.001869,51,2025-10-07 20:21:14.002176,476,1.037,0.0011,"aoml_navis",1029.22608699145
"7901009",88,0,1,0.031773,1,0.009345,1,106.236540009779,1,4.85796901758438,478,1,10.0369997024536,35.1790008544922,0.0317730009555817,0.0140043264254928,102.443397521973,-87.4602,26.471,46.0617266935557,63,63,63,63,61,63,0,8046,1.33458767306251,26,-87,0.001869,51,2025-10-07 20:21:14.002176,478,1.037,0.0011,"aoml_navis",1029.23669992573
"7901009",88,0,1,0.026166,1,0.003738,1,106.1672714483,1,4.85791981153699,480,1,10.0159997940063,35.1759986877441,0.0261659994721413,0.00980302784591913,102.376602172852,-87.4602,26.471,46.0617266935557,63,63,63,63,61,63,0,8046,1.33458767306251,26,-87,0.001869,51,2025-10-07 20:21:14.002176,480,1.037,0.0011,"aoml_navis",1029.2471251019
"7901009",88,0,1,0.029904,1,0.007476,1,106.11354974271,1,4.85786804690585,482,1,9.99199962615967,35.1730003356934,0.0299040004611015,0.0126038929447532,102.324798583984,-87.4602,26.471,46.0617266935557,63,63,63,63,61,63,0,8046,1.33458767306251,26,-87,0.001869,51,2025-10-07 20:21:14.002176,482,1.037,0.0011,"aoml_navis",1029.25809258748
"7901009",88,0,1,0.028035,1,0.005607,1,106.082440207161,1,4.85781802434693,484,1,9.97000026702881,35.1699981689453,0.0280349999666214,0.0112034603953362,102.294799804688,-87.4602,26.471,46.0617266935557,63,63,63,63,61,63,0,8046,1.33458767306251,26,-87,0.001869,51,2025-10-07 20:21:14.002176,484,1.037,0.0011,"aoml_navis",1029.26869119849
"7901009",88,0,1,0.028035,1,0.005607,1,106.116453404853,1,4.85775546600292,486,1,9.91600036621094,35.1629981994629,0.0280349999666214,0.0112034603953362,102.327598571777,-87.4602,26.471,46.0617266935557,63,63,63,63,61,63,0,8046,1.33458767306251,26,-87,0.001869,51,2025-10-07 20:21:14.002176,486,1.037,0.0011,"aoml_navis",1029.28194615653
"7901009",88,0,1,0.028035,1,0.005607,1,106.163742747167,1,4.8576975537395,488,1,9.87600040435791,35.1580009460449,0.0280349999666214,0.0112034603953362,102.373199462891,-87.4602,26.471,46.0617266935557,63,63,63,63,61,63,0,8046,1.33458767306251,26,-87,0.001869,51,2025-10-07 20:21:14.002176,488,1.037,0.0011,"aoml_navis",1029.29421700018
"7901009",88,0,1,0.026166,1,0.003738,1,106.23976014736,1,4.85763915930089,490,1,9.83100032806396,35.1520004272461,0.0261659994721413,0.00980302784591913,102.446502685547,-87.4602,26.471,46.0617266935557,63,63,63,63,61,63,0,8046,1.33458767306251,26,-87,0.001869,51,2025-10-07 20:21:14.002176,490,1.037,0.0011,"aoml_navis",1029.30659030664
"7901009",88,0,1,0.028035,1,0.005607,1,106.288085946734,1,4.85757997636046,492,1,9.79800033569336,35.148998260498,0.0280349999666214,0.0112034603953362,102.493103027344,-87.4602,26.471,46.0617266935557,63,63,63,63,61,63,0,8046,1.33458767306251,26,-87,0.001869,51,2025-10-07 20:21:14.002176,492,1.037,0.0011,"aoml_navis",1029.31913099375
"7901009",88,0,1,0.028035,1,0.005607,1,106.329251489324,1,4.85752871311882,494,1,9.77000045776367,35.1450004577637,0.0280349999666214,0.0112034603953362,102.53279876709,-87.4602,26.471,46.0617266935557,63,63,63,63,61,63,0,8046,1.33458767306251,26,-87,0.001869,51,2025-10-07 20:21:14.002176,494,1.037,0.0011,"aoml_navis",1029.32999376749
"7901009",88,0,1,0.026166,1,0.003738,1,106.451205299334,1,4.85747189815898,496,1,9.73099994659424,35.1399993896484,0.0261659994721413,0.00980302784591913,102.650398254395,-87.4602,26.471,46.0617266935557,63,63,63,63,61,63,0,8046,1.33458767306251,26,-87,0.001869,51,2025-10-07 20:21:14.002176,496,1.037,0.0011,"aoml_navis",1029.34203322824
"7901009",88,0,1,0.028035,1,0.005607,1,106.619411994599,1,4.85741293628974,498,1,9.6850004196167,35.1339988708496,0.0280349999666214,0.0112034603953362,102.812599182129,-87.4602,26.471,46.0617266935557,63,63,63,63,61,63,0,8046,1.33458767306251,26,-87,0.001869,51,2025-10-07 20:21:14.002176,498,1.037,0.0011,"aoml_navis",1029.35452793091
"7901009",88,0,1,0.028035,1,0.005607,1,106.731309797568,1,4.85735019456318,500,1,9.63000011444092,35.1269989013672,0.0280349999666214,0.0112034603953362,102.920501708984,-87.4602,26.471,46.0617266935557,63,63,63,63,61,63,0,8046,1.33458767306251,26,-87,0.001869,51,2025-10-07 20:21:14.002176,500,1.037,0.0011,"aoml_navis",1029.36782396223
"7901009",88,0,1,0.024297,1,0.001869,1,106.775901186774,1,4.85729526834445,502,1,9.5930004119873,35.1220016479492,0.0242970008403063,0.00840259529650211,102.963500976562,-87.4602,26.471,46.0617266935557,63,63,63,63,61,63,0,8046,1.33458767306251,26,-87,0.001869,51,2025-10-07 20:21:14.002176,502,1.037,0.0011,"aoml_navis",1029.37946403744
"7901009",88,0,1,0.031773,1,0.009345,1,106.799961231943,1,4.85724057961251,504,1,9.5649995803833,35.1189994812012,0.0317730009555817,0.0140043264254928,102.986701965332,-87.4602,26.471,46.0617266935557,63,63,63,63,61,63,0,8046,1.33458767306251,26,-87,0.001869,51,2025-10-07 20:21:14.002176,504,1.037,0.0011,"aoml_navis",1029.39105404552
"7901009",88,0,1,0.029904,1,0.007476,1,106.801409107072,1,4.85719007772353,506,1,9.54199981689453,35.1160011291504,0.0299040004611015,0.0126038929447532,102.988098144531,-87.4602,26.471,46.0617266935557,63,63,63,63,61,63,0,8046,1.33458767306251,26,-87,0.001869,51,2025-10-07 20:21:14.002176,506,1.037,0.0011,"aoml_navis",1029.40175698115
"7901009",88,0,1,0.026166,1,0.003738,1,106.86528967422,1,4.85712663166102,508,1,9.49899959564209,35.1119995117188,0.0261659994721413,0.00980302784591913,103.049697875977,-87.4602,26.471,46.0617266935557,63,63,63,63,61,63,0,8046,1.33458767306251,26,-87,0.001869,51,2025-10-07 20:21:14.002176,508,1.037,0.0011,"aoml_navis",1029.41520350893
"7901009",88,0,1,0.026166,1,0.003738,1,106.876698613758,1,4.85707951376474,510,1,9.47999954223633,35.109001159668,0.0261659994721413,0.00980302784591913,103.060699462891,-87.4602,26.471,46.0617266935557,63,63,63,63,61,63,0,8046,1.33458767306251,26,-87,0.001869,51,2025-10-07 20:21:14.002176,510,1.037,0.0011,"aoml_navis",1029.42518973186
"7901009",88,0,1,0.029904,1,0.007476,1,106.971791570972,1,4.85702661157739,512,1,9.45400047302246,35.1059989929199,0.0299040004611015,0.0126038929447532,103.152397155762,-87.4602,26.471,46.0617266935557,63,63,63,63,61,63,0,8046,1.33458767306251,26,-87,0.001869,51,2025-10-07 20:21:14.002176,512,1.037,0.0011,"aoml_navis",1029.4364021152
"7901009",88,0,1,0.022428,1,0,1,107.086695890602,1,4.85697490634372,514,1,9.42500019073486,35.1020011901855,0.0224280003458261,0.00700216321274638,103.263198852539,-87.4602,26.471,46.0617266935557,63,63,63,63,61,63,0,8046,1.33458767306251,26,-87,0.001869,51,2025-10-07 20:21:14.002176,514,1.037,0.0011,"aoml_navis",1029.44736104555
"7901009",88,0,1,0.029904,1,0.007476,1,107.134918835458,1,4.85692832467419,516,1,9.41100025177002,35.0999984741211,0.0299040004611015,0.0126038929447532,103.309700012207,-87.4602,26.471,46.0617266935557,63,63,63,63,61,63,0,8046,1.33458767306251,26,-87,0.001869,51,2025-10-07 20:21:14.002176,516,1.037,0.0011,"aoml_navis",1029.45723423567
"7901009",88,0,1,0.029904,1,0.007476,1,107.185111839916,1,4.85688256355525,518,1,9.39799976348877,35.0979995727539,0.0299040004611015,0.0126038929447532,103.358100891113,-87.4602,26.471,46.0617266935557,63,63,63,63,61,63,0,8046,1.33458767306251,26,-87,0.001869,51,2025-10-07 20:21:14.002176,518,1.037,0.0011,"aoml_navis",1029.4669336909
"7901009",88,0,1,0.029904,1,0.007476,1,107.288187890053,1,4.85683174724837,520,1,9.36999988555908,35.0940017700195,0.0299040004611015,0.0126038929447532,103.457496643066,-87.4602,26.471,46.0617266935557,63,63,63,63,61,63,0,8046,1.33458767306251,26,-87,0.001869,51,2025-10-07 20:21:14.002176,520,1.037,0.0011,"aoml_navis",1029.47770485003
"7901009",88,0,1,0.029904,1,0.007476,1,107.472471537565,1,4.85676022631118,522,1,9.29899978637695,35.0859985351562,0.0299040004611015,0.0126038929447532,103.635200500488,-87.4602,26.471,46.0617266935557,63,63,63,63,61,63,0,8046,1.33458767306251,26,-87,0.001869,51,2025-10-07 20:21:14.002176,522,1.037,0.0011,"aoml_navis",1029.49286499935
"7901009",88,0,1,0.028035,1,0.005607,1,107.522458832987,1,4.85670048151895,524,1,9.26000022888184,35.0820007324219,0.0280349999666214,0.0112034603953362,103.683403015137,-87.4602,26.471,46.0617266935557,63,63,63,63,61,63,0,8046,1.33458767306251,26,-87,0.001869,51,2025-10-07 20:21:14.002176,524,1.037,0.0011,"aoml_navis",1029.50552932518
"7901009",88,0,1,0.026166,1,0.003738,1,107.527332554732,1,4.85665725513467,526,1,9.25,35.0800018310547,0.0261659994721413,0.00980302784591913,103.688102722168,-87.4602,26.471,46.0617266935557,63,63,63,63,61,63,0,8046,1.33458767306251,26,-87,0.001869,51,2025-10-07 20:21:14.002176,526,1.037,0.0011,"aoml_navis",1029.5146923769
"7901009",88,0,1,0.029904,1,0.007476,1,107.516129324229,1,4.85660873071415,528,1,9.23799991607666,35.0789985656738,0.0299040004611015,0.0126038929447532,103.677299499512,-87.4602,26.471,46.0617266935557,63,63,63,63,61,63,0,8046,1.33458767306251,26,-87,0.001869,51,2025-10-07 20:21:14.002176,528,1.037,0.0011,"aoml_navis",1029.5249786912
"7901009",88,0,1,0.028035,1,0.005607,1,107.635076617578,1,4.85655235597361,530,1,9.20300006866455,35.0750007629395,0.0280349999666214,0.0112034603953362,103.791999816895,-87.4602,26.471,46.0617266935557,63,63,63,63,61,63,0,8046,1.33458767306251,26,-87,0.001869,51,2025-10-07 20:21:14.002176,530,1.037,0.0011,"aoml_navis",1029.53692939189
"7901009",88,0,1,0.029904,1,0.007476,1,107.714717661536,1,4.85650914007016,532,1,9.18400001525879,35.0709991455078,0.0299040004611015,0.0126038929447532,103.868797302246,-87.4602,26.471,46.0617266935557,63,63,63,63,61,63,0,8046,1.33458767306251,26,-87,0.001869,51,2025-10-07 20:21:14.002176,532,1.037,0.0011,"aoml_navis",1029.54609078071
"7901009",88,0,1,0.028035,1,0.005607,1,107.976363729852,1,4.85642918220873,534,1,9.11100006103516,35.064998626709,0.0280349999666214,0.0112034603953362,104.121101379395,-87.4602,26.471,46.0617266935557,63,63,63,63,61,63,0,8046,1.33458767306251,26,-87,0.001869,51,2025-10-07 20:21:14.002176,534,1.037,0.0011,"aoml_navis",1029.56304156915
"7901009",88,0,1,0.026166,1,0.003738,1,108.036509886833,1,4.85637950479136,536,1,9.08399963378906,35.0610008239746,0.0261659994721413,0.00980302784591913,104.179100036621,-87.4602,26.471,46.0617266935557,63,63,63,63,61,63,0,8046,1.33458767306251,26,-87,0.001869,51,2025-10-07 20:21:14.002176,536,1.037,0.0011,"aoml_navis",1029.57357328993
"7901009",88,0,1,0.031773,1,0.009345,1,108.101529765557,1,4.85632375692239,538,1,9.05399990081787,35.0579986572266,0.0317730009555817,0.0140043264254928,104.241798400879,-87.4602,26.471,46.0617266935557,63,63,63,63,61,63,0,8046,1.33458767306251,26,-87,0.001869,51,2025-10-07 20:21:14.002176,538,1.037,0.0011,"aoml_navis",1029.58539221624
"7901009",88,0,1,0.024297,1,0.001869,1,108.170806238922,1,4.85626316100335,540,1,9.01799964904785,35.0550003051758,0.0242970008403063,0.00840259529650211,104.308601379395,-87.4602,26.471,46.0617266935557,63,63,63,63,61,63,0,8046,1.33458767306251,26,-87,0.001869,51,2025-10-07 20:21:14.002176,540,1.037,0.0011,"aoml_navis",1029.59823926983
"7901009",88,0,1,0.026166,1,0.003738,1,108.212802529537,1,4.8562212094118,542,1,9.01399993896484,35.0540008544922,0.0261659994721413,0.00980302784591913,104.349098205566,-87.4602,26.471,46.0617266935557,63,63,63,63,61,63,0,8046,1.33458767306251,26,-87,0.001869,51,2025-10-07 20:21:14.002176,542,1.037,0.0011,"aoml_navis",1029.60713369266
"7901009",88,0,1,0.029904,1,0.007476,1,108.195902741151,1,4.85617763696764,544,1,9.00800037384033,35.0530014038086,0.0299040004611015,0.0126038929447532,104.332801818848,-87.4602,26.471,46.0617266935557,63,63,63,63,61,63,0,8046,1.33458767306251,26,-87,0.001869,51,2025-10-07 20:21:14.002176,544,1.037,0.0011,"aoml_navis",1029.61637192542
"7901009",88,0,1,0.028035,1,0.005607,1,108.258541142205,1,4.85613045608763,546,1,8.99300003051758,35.0509986877441,0.0280349999666214,0.0112034603953362,104.393203735352,-87.4602,26.471,46.0617266935557,63,63,63,63,61,63,0,8046,1.33458767306251,26,-87,0.001869,51,2025-10-07 20:21:14.002176,546,1.037,0.0011,"aoml_navis",1029.62637540596
"7901009",88,0,1,0.028035,1,0.005607,1,108.350105398287,1,4.85607965467658,548,1,8.9689998626709,35.0480003356934,0.0280349999666214,0.0112034603953362,104.481498718262,-87.4602,26.471,46.0617266935557,63,63,63,63,61,63,0,8046,1.33458767306251,26,-87,0.001869,51,2025-10-07 20:21:14.002176,548,1.037,0.0011,"aoml_navis",1029.63714674343
"7901009",88,0,1,0.029904,1,0.007476,1,108.44914638659,1,4.85602651090422,549.900024414062,1,8.94400024414062,35.0460014343262,0.0299040004611015,0.0126038929447532,104.577003479004,-87.4602,26.471,46.0617266935557,63,63,63,63,61,63,0,8046,1.33458767306251,26,-87,0.001869,51,2025-10-07 20:21:14.002176,549.900024414062,1.037,0.0011,"aoml_navis",1029.64841496901
"7901009",88,0,1,0.029904,1,0.007476,1,108.595468805321,1,4.85596925068141,552,1,8.90999984741211,35.0419998168945,0.0299040004611015,0.0126038929447532,104.718101501465,-87.4602,26.471,46.0617266935557,63,63,63,63,61,63,0,8046,1.33458767306251,26,-87,0.001869,51,2025-10-07 20:21:14.002176,552,1.037,0.0011,"aoml_navis",1029.66055629335
"7901009",88,0,1,0.026166,1,0.003738,1,108.710056649513,1,4.855909661833,554,1,8.875,35.0390014648438,0.0261659994721413,0.00980302784591913,104.828598022461,-87.4602,26.471,46.0617266935557,63,63,63,63,61,63,0,8046,1.33458767306251,26,-87,0.001869,51,2025-10-07 20:21:14.002176,554,1.037,0.0011,"aoml_navis",1029.67319167808
"7901009",88,0,1,0.028035,1,0.005607,1,108.742099787605,1,4.85586416516125,556,1,8.86200046539307,35.0369987487793,0.0280349999666214,0.0112034603953362,104.859497070312,-87.4602,26.471,46.0617266935557,63,63,63,63,61,63,0,8046,1.33458767306251,26,-87,0.001869,51,2025-10-07 20:21:14.002176,556,1.037,0.0011,"aoml_navis",1029.68283912735
"7901009",88,0,1,0.029904,1,0.007476,1,108.79540216324,1,4.85581659388618,558,1,8.85099983215332,35.0359992980957,0.0299040004611015,0.0126038929447532,104.91089630127,-87.4602,26.471,46.0617266935557,63,63,63,63,61,63,0,8046,1.33458767306251,26,-87,0.001869,51,2025-10-07 20:21:14.002176,558,1.037,0.0011,"aoml_navis",1029.69292668413
"7901009",88,0,1,0.026166,1,0.003738,1,108.887180040242,1,4.85577270315949,560,1,8.84000015258789,35.0340003967285,0.0261659994721413,0.00980302784591913,104.999397277832,-87.4602,26.471,46.0617266935557,63,63,63,63,61,63,0,8046,1.33458767306251,26,-87,0.001869,51,2025-10-07 20:21:14.002176,560,1.037,0.0011,"aoml_navis",1029.70223395067
"7901009",88,0,1,0.029904,1,0.007476,1,109.021998576804,1,4.85573250617844,562,1,8.82900047302246,35.0309982299805,0.0299040004611015,0.0126038929447532,105.129402160645,-87.4602,26.471,46.0617266935557,63,63,63,63,61,63,0,8046,1.33458767306251,26,-87,0.001869,51,2025-10-07 20:21:14.002176,562,1.037,0.0011,"aoml_navis",1029.71075808603
"7901009",88,0,1,0.029904,1,0.007476,1,109.413265072615,1,4.85565999416594,564,1,8.76399993896484,35.0250015258789,0.0299040004611015,0.0126038929447532,105.506698608398,-87.4602,26.471,46.0617266935557,63,63,63,63,61,63,0,8046,1.33458767306251,26,-87,0.001869,51,2025-10-07 20:21:14.002176,564,1.037,0.0011,"aoml_navis",1029.7261352746
"7901009",88,0,1,0.029904,1,0.007476,1,109.755177223879,1,4.85560397663083,566,1,8.72399997711182,35.0200004577637,0.0299040004611015,0.0126038929447532,105.836402893066,-87.4602,26.471,46.0617266935557,63,63,63,63,61,63,0,8046,1.33458767306251,26,-87,0.001869,51,2025-10-07 20:21:14.002176,566,1.037,0.0011,"aoml_navis",1029.73801489251
"7901009",88,0,1,0.031773,1,0.009345,1,110.163762838031,1,4.85554005335155,568,1,8.67399978637695,35.0149993896484,0.0317730009555817,0.0140043264254928,106.230400085449,-87.4602,26.471,46.0617266935557,63,63,63,63,61,63,0,8046,1.33458767306251,26,-87,0.001869,51,2025-10-07 20:21:14.002176,568,1.037,0.0011,"aoml_navis",1029.75157141351
"7901009",88,0,1,0.026166,1,0.003738,1,110.498514732511,1,4.85548071021224,570,1,8.625,35.0089988708496,0.0261659994721413,0.00980302784591913,106.553199768066,-87.4602,26.471,46.0617266935557,63,63,63,63,61,63,0,8046,1.33458767306251,26,-87,0.001869,51,2025-10-07 20:21:14.002176,570,1.037,0.0011,"aoml_navis",1029.76415692144
"7901009",88,0,1,0.031773,1,0.009345,1,110.766688106735,1,4.85542866962298,572,1,8.59899997711182,35.0060005187988,0.0317730009555817,0.0140043264254928,106.811798095703,-87.4602,26.471,46.0617266935557,63,63,63,63,61,63,0,8046,1.33458767306251,26,-87,0.001869,51,2025-10-07 20:21:14.002176,572,1.037,0.0011,"aoml_navis",1029.77519395589
"7901009",88,0,1,0.028035,1,0.005607,1,111.087649584008,1,4.8553848741497,574,1,8.58800029754639,35.0040016174316,0.0280349999666214,0.0112034603953362,107.121299743652,-87.4602,26.471,46.0617266935557,63,63,63,63,61,63,0,8046,1.33458767306251,26,-87,0.001869,51,2025-10-07 20:21:14.002176,574,1.037,0.0011,"aoml_navis",1029.7844825073
"7901009",88,0,1,0.033642,1,0.011214,1,111.576295572072,1,4.85533497673324,576,1,8.5600004196167,35,0.0336420014500618,0.0154047571122646,107.592498779297,-87.4602,26.471,46.0617266935557,63,63,63,63,61,63,0,8046,1.33458767306251,26,-87,0.001869,51,2025-10-07 20:21:14.002176,576,1.037,0.0011,"aoml_navis",1029.79506541979
"7901009",88,0,1,0.029904,1,0.007476,1,111.9966066012,1,4.85528297705977,578,1,8.52000045776367,34.9939994812012,0.0299040004611015,0.0126038929447532,107.997802734375,-87.4602,26.471,46.0617266935557,63,63,63,63,61,63,0,8046,1.33458767306251,26,-87,0.001869,51,2025-10-07 20:21:14.002176,578,1.037,0.0011,"aoml_navis",1029.80609443857
"7901009",88,0,1,0.029904,1,0.007476,1,112.367136043939,1,4.85522079796521,580,1,8.46700000762939,34.9879989624023,0.0299040004611015,0.0126038929447532,108.355102539062,-87.4602,26.471,46.0617266935557,63,63,63,63,61,63,0,8046,1.33458767306251,26,-87,0.001869,51,2025-10-07 20:21:14.002176,580,1.037,0.0011,"aoml_navis",1029.81928280079
"7901009",88,0,1,0.029904,1,0.007476,1,112.595797459737,1,4.85516290807141,582,1,8.42399978637695,34.9830017089844,0.0299040004611015,0.0126038929447532,108.57559967041,-87.4602,26.471,46.0617266935557,63,63,63,63,61,63,0,8046,1.33458767306251,26,-87,0.001869,51,2025-10-07 20:21:14.002176,582,1.037,0.0011,"aoml_navis",1029.83156171502
"7901009",88,0,1,0.028035,1,0.005607,1,112.747515784685,1,4.85510246067449,584,1,8.38700008392334,34.9799995422363,0.0280349999666214,0.0112034603953362,108.721900939941,-87.4602,26.471,46.0617266935557,63,63,63,63,61,63,0,8046,1.33458767306251,26,-87,0.001869,51,2025-10-07 20:21:14.002176,584,1.037,0.0011,"aoml_navis",1029.84438340883
"7901009",88,0,1,0.028035,1,0.005607,1,112.810154185739,1,4.85505012377473,586,1,8.36499977111816,34.9780006408691,0.0280349999666214,0.0112034603953362,108.782302856445,-87.4602,26.471,46.0617266935557,63,63,63,63,61,63,0,8046,1.33458767306251,26,-87,0.001869,51,2025-10-07 20:21:14.002176,586,1.037,0.0011,"aoml_navis",1029.85548501661
"7901009",88,0,1,0.029904,1,0.007476,1,112.765349175613,1,4.85499702313601,588,1,8.34200000762939,34.976001739502,0.0299040004611015,0.0126038929447532,108.739097595215,-87.4602,26.471,46.0617266935557,63,63,63,63,61,63,0,8046,1.33458767306251,26,-87,0.001869,51,2025-10-07 20:21:14.002176,588,1.037,0.0011,"aoml_navis",1029.86674887193
"7901009",88,0,1,0.029904,1,0.007476,1,112.670667636467,1,4.85495099276342,590,1,8.32800006866455,34.9739990234375,0.0299040004611015,0.0126038929447532,108.647796630859,-87.4602,26.471,46.0617266935557,63,63,63,63,61,63,0,8046,1.33458767306251,26,-87,0.001869,51,2025-10-07 20:21:14.002176,590,1.037,0.0011,"aoml_navis",1029.87651316209
"7901009",88,0,1,0.029904,1,0.007476,1,112.551411779566,1,4.85489994359265,592,1,8.31700038909912,34.9739990234375,0.0299040004611015,0.0126038929447532,108.53279876709,-87.4602,26.471,46.0617266935557,63,63,63,63,61,63,0,8046,1.33458767306251,26,-87,0.001869,51,2025-10-07 20:21:14.002176,592,1.037,0.0011,"aoml_navis",1029.88734229196
"7901009",88,0,1,0.029904,1,0.007476,1,112.647438339322,1,4.85484108734119,594,1,8.29599952697754,34.9739990234375,0.0299040004611015,0.0126038929447532,108.625396728516,-87.4602,26.471,46.0617266935557,63,63,63,63,61,63,0,8046,1.33458767306251,26,-87,0.001869,51,2025-10-07 20:21:14.002176,594,1.037,0.0011,"aoml_navis",1029.89982783109
"7901009",88,0,1,0.029904,1,0.007476,1,112.766488487189,1,4.85478570656051,596,1,8.27000045776367,34.9720001220703,0.0299040004611015,0.0126038929447532,108.740196228027,-87.4602,26.471,46.0617266935557,63,63,63,63,61,63,0,8046,1.33458767306251,26,-87,0.001869,51,2025-10-07 20:21:14.002176,596,1.037,0.0011,"aoml_navis",1029.91157637365
"7901009",88,0,1,0.029904,1,0.007476,1,112.937701699115,1,4.85473013747827,598,1,8.23900032043457,34.9690017700195,0.0299040004611015,0.0126038929447532,108.905296325684,-87.4602,26.471,46.0617266935557,63,63,63,63,61,63,0,8046,1.33458767306251,26,-87,0.001869,51,2025-10-07 20:21:14.002176,598,1.037,0.0011,"aoml_navis",1029.92336513213
"7901009",88,0,1,0.028035,1,0.005607,1,113.149779801964,1,4.8546818257191,600,1,8.22200012207031,34.9669990539551,0.0280349999666214,0.0112034603953362,109.109802246094,-87.4602,26.471,46.0617266935557,63,63,63,63,61,63,0,8046,1.33458767306251,26,-87,0.001869,51,2025-10-07 20:21:14.002176,600,1.037,0.0011,"aoml_navis",1029.93361449787
"7901009",88,0,1,0.031773,1,0.009345,1,113.429362115726,1,4.85461835407562,602,1,8.17599964141846,34.9630012512207,0.0317730009555817,0.0140043264254928,109.379402160645,-87.4602,26.471,46.0617266935557,63,63,63,63,61,63,0,8046,1.33458767306251,26,-87,0.001869,51,2025-10-07 20:21:14.002176,602,1.037,0.0011,"aoml_navis",1029.9470803513
"7901009",88,0,1,0.028035,1,0.005607,1,113.713193112242,1,4.85456136874163,604,1,8.14299964904785,34.9599990844727,0.0280349999666214,0.0112034603953362,109.653099060059,-87.4602,26.471,46.0617266935557,63,63,63,63,61,63,0,8046,1.33458767306251,26,-87,0.001869,51,2025-10-07 20:21:14.002176,604,1.037,0.0011,"aoml_navis",1029.95917039897
"7901009",88,0,1,0.028035,1,0.005607,1,114.037572524244,1,4.85449882392965,606,1,8.09799957275391,34.9560012817383,0.0280349999666214,0.0112034603953362,109.965896606445,-87.4602,26.471,46.0617266935557,63,63,63,63,61,63,0,8046,1.33458767306251,26,-87,0.001869,51,2025-10-07 20:21:14.002176,606,1.037,0.0011,"aoml_navis",1029.97244027604
"7901009",88,0,1,0.031773,1,0.009345,1,114.174772538477,1,4.85444520448819,608,1,8.07400035858154,34.9539985656738,0.0317730009555817,0.0140043264254928,110.098197937012,-87.4602,26.471,46.0617266935557,63,63,63,63,61,63,0,8046,1.33458767306251,26,-87,0.001869,51,2025-10-07 20:21:14.002176,608,1.037,0.0011,"aoml_navis",1029.98381676597
"7901009",88,0,1,0.031773,1,0.009345,1,114.300777234092,1,4.85440237930027,610,1,8.06400012969971,34.9519996643066,0.0317730009555817,0.0140043264254928,110.219703674316,-87.4602,26.471,46.0617266935557,63,63,63,63,61,63,0,8046,1.33458767306251,26,-87,0.001869,51,2025-10-07 20:21:14.002176,610,1.037,0.0011,"aoml_navis",1029.99290320897
"7901009",88,0,1,0.029904,1,0.007476,1,114.471468261545,1,4.85434552898574,612,1,8.0310001373291,34.9490013122559,0.0299040004611015,0.0126038929447532,110.384300231934,-87.4602,26.471,46.0617266935557,63,63,63,63,61,63,0,8046,1.33458767306251,26,-87,0.001869,51,2025-10-07 20:21:14.002176,612,1.037,0.0011,"aoml_navis",1030.00496568375
"7901009",88,0,1,0.028035,1,0.005607,1,114.622561547503,1,4.85428182763994,614,1,7.98899984359741,34.9459991455078,0.0280349999666214,0.0112034603953362,110.529998779297,-87.4602,26.471,46.0617266935557,63,63,63,63,61,63,0,8046,1.33458767306251,26,-87,0.001869,51,2025-10-07 20:21:14.002176,614,1.037,0.0011,"aoml_navis",1030.01848214299
"7901009",88,0,1,0.029904,1,0.007476,1,114.81773195008,1,4.85422216528283,616,1,7.95699977874756,34.9440002441406,0.0299040004611015,0.0126038929447532,110.718200683594,-87.4602,26.471,46.0617266935557,63,63,63,63,61,63,0,8046,1.33458767306251,26,-87,0.001869,51,2025-10-07 20:21:14.002176,616,1.037,0.0011,"aoml_navis",1030.03114191183
"7901009",88,0,1,0.029904,1,0.007476,1,115.184946312608,1,4.85415858039351,618,1,7.91499996185303,34.9410018920898,0.0299040004611015,0.0126038929447532,111.072303771973,-87.4602,26.471,46.0617266935557,63,63,63,63,61,63,0,8046,1.33458767306251,26,-87,0.001869,51,2025-10-07 20:21:14.002176,618,1.037,0.0011,"aoml_navis",1030.04463434622
"7901009",88,0,1,0.026166,1,0.003738,1,115.61530543689,1,4.85410513310281,620,1,7.89099979400635,34.9389991760254,0.0261659994721413,0.00980302784591913,111.487297058105,-87.4602,26.471,46.0617266935557,63,63,63,63,61,63,0,8046,1.33458767306251,26,-87,0.001869,51,2025-10-07 20:21:14.002176,620,1.037,0.0011,"aoml_navis",1030.05597590012
"7901009",88,0,1,0.031773,1,0.009345,1,116.260757092568,1,4.8540508028196,622,1,7.86100006103516,34.9360008239746,0.0317730009555817,0.0140043264254928,112.109703063965,-87.4602,26.471,46.0617266935557,63,63,63,63,61,63,0,8046,1.33458767306251,26,-87,0.001869,51,2025-10-07 20:21:14.002176,622,1.037,0.0011,"aoml_navis",1030.06750508166
"7901009",88,0,1,0.031773,1,0.009345,1,117.108420729317,1,4.85397718175233,624,1,7.79099988937378,34.9300003051758,0.0317730009555817,0.0140043264254928,112.927101135254,-87.4602,26.471,46.0617266935557,63,63,63,63,61,63,0,8046,1.33458767306251,26,-87,0.001869,51,2025-10-07 20:21:14.002176,624,1.037,0.0011,"aoml_navis",1030.08312828429
"7901009",88,0,1,0.031773,1,0.009345,1,117.874053932552,1,4.85391275381484,626,1,7.72800016403198,34.9230003356934,0.0317730009555817,0.0140043264254928,113.665397644043,-87.4602,26.471,46.0617266935557,63,63,63,63,61,63,0,8046,1.33458767306251,26,-87,0.001869,51,2025-10-07 20:21:14.002176,626,1.037,0.0011,"aoml_navis",1030.09680099222
"7901009",88,0,1,0.026166,1,0.003738,1,118.448884094253,1,4.85384867059444,628,1,7.67500019073486,34.9179992675781,0.0261659994721413,0.00980302784591913,114.219703674316,-87.4602,26.471,46.0617266935557,63,63,63,63,61,63,0,8046,1.33458767306251,26,-87,0.001869,51,2025-10-07 20:21:14.002176,628,1.037,0.0011,"aoml_navis",1030.11040090536
"7901009",88,0,1,0.029904,1,0.007476,1,119.0180018743,1,4.85379987744354,630,1,7.65199995040894,34.9150009155273,0.0299040004611015,0.0126038929447532,114.768501281738,-87.4602,26.471,46.0617266935557,63,63,63,63,61,63,0,8046,1.33458767306251,26,-87,0.001869,51,2025-10-07 20:21:14.002176,630,1.037,0.0011,"aoml_navis",1030.1207561597
"7901009",88,0,1,0.028035,1,0.005607,1,119.68491056467,1,4.85374565085672,632,1,7.60699987411499,34.9090003967285,0.0280349999666214,0.0112034603953362,115.411598205566,-87.4602,26.471,46.0617266935557,63,63,63,63,61,63,0,8046,1.33458767306251,26,-87,0.001869,51,2025-10-07 20:21:14.002176,632,1.037,0.0011,"aoml_navis",1030.13226478348
"7901009",88,0,1,0.035511,1,0.013083,1,120.123054984726,1,4.8536668043309,634,1,7.52400016784668,34.9020004272461,0.0355109982192516,0.0168051905930042,115.834098815918,-87.4602,26.471,46.0617266935557,63,63,63,63,61,63,0,8046,1.33458767306251,26,-87,0.001869,51,2025-10-07 20:21:14.002176,634,1.037,0.0011,"aoml_navis",1030.14899900803
"7901009",88,0,1,0.031773,1,0.009345,1,120.090806137599,1,4.85361530387146,636,1,7.51200008392334,34.9020004272461,0.0317730009555817,0.0140043264254928,115.803001403809,-87.4602,26.471,46.0617266935557,63,63,63,63,61,63,0,8046,1.33458767306251,26,-87,0.001869,51,2025-10-07 20:21:14.002176,636,1.037,0.0011,"aoml_navis",1030.15992965322
"7901009",88,0,1,0.031773,1,0.009345,1,120.033872206314,1,4.8535705192447,638,1,7.50899982452393,34.9020004272461,0.0317730009555817,0.0140043264254928,115.748100280762,-87.4602,26.471,46.0617266935557,63,63,63,63,61,63,0,8046,1.33458767306251,26,-87,0.001869,51,2025-10-07 20:21:14.002176,638,1.037,0.0011,"aoml_navis",1030.16943509416
"7901009",88,0,1,0.031773,1,0.009345,1,120.015928048983,1,4.85351678951029,640,1,7.49399995803833,34.9020004272461,0.0317730009555817,0.0140043264254928,115.730796813965,-87.4602,26.471,46.0617266935557,63,63,63,63,61,63,0,8046,1.33458767306251,26,-87,0.001869,51,2025-10-07 20:21:14.002176,640,1.037,0.0011,"aoml_navis",1030.18083934649
"7901009",88,0,1,0.031773,1,0.009345,1,120.125444374282,1,4.85345574246996,642,1,7.48400020599365,34.9049987792969,0.0317730009555817,0.0140043264254928,115.836402893066,-87.4602,26.471,46.0617266935557,63,63,63,63,61,63,0,8046,1.33458767306251,26,-87,0.001869,51,2025-10-07 20:21:14.002176,642,1.037,0.0011,"aoml_navis",1030.19379701925
"7901009",88,0,1,0.026166,1,0.003738,1,120.489952871815,1,4.85340273166724,644,1,7.46500015258789,34.9039993286133,0.0261659994721413,0.00980302784591913,116.187896728516,-87.4602,26.471,46.0617266935557,63,63,63,63,61,63,0,8046,1.33458767306251,26,-87,0.001869,51,2025-10-07 20:21:14.002176,644,1.037,0.0011,"aoml_navis",1030.20504920728
"7901009",88,0,1,0.029904,1,0.007476,1,120.966675647755,1,4.85334669681413,646,1,7.43200016021729,34.9010009765625,0.0299040004611015,0.0126038929447532,116.647598266602,-87.4602,26.471,46.0617266935557,63,63,63,63,61,63,0,8046,1.33458767306251,26,-87,0.001869,51,2025-10-07 20:21:14.002176,646,1.037,0.0011,"aoml_navis",1030.21694355405
"7901009",88,0,1,0.029904,1,0.007476,1,121.415192550289,1,4.85327440635938,648,1,7.37200021743774,34.8969993591309,0.0299040004611015,0.0126038929447532,117.080101013184,-87.4602,26.471,46.0617266935557,63,63,63,63,61,63,0,8046,1.33458767306251,26,-87,0.001869,51,2025-10-07 20:21:14.002176,648,1.037,0.0011,"aoml_navis",1030.23228883336
"7901009",88,0,1,0.033642,1,0.011214,1,121.640333176839,1,4.85322146587022,650,1,7.34800004959106,34.8950004577637,0.0336420014500618,0.0154047571122646,117.297203063965,-87.4602,26.471,46.0617266935557,63,63,63,63,61,63,0,8046,1.33458767306251,26,-87,0.001869,51,2025-10-07 20:21:14.002176,650,1.037,0.0011,"aoml_navis",1030.24352693608
"7901009",88,0,1,0.028035,1,0.005607,1,121.877602724548,1,4.85316781606925,652,1,7.32800006866455,34.8940010070801,0.0280349999666214,0.0112034603953362,117.526000976562,-87.4602,26.471,46.0617266935557,63,63,63,63,61,63,0,8046,1.33458767306251,26,-87,0.001869,51,2025-10-07 20:21:14.002176,652,1.037,0.0011,"aoml_navis",1030.25491586023
"7901009",88,0,1,0.031773,1,0.009345,1,122.126906250785,1,4.85311639341579,654,1,7.31099987030029,34.8930015563965,0.0317730009555817,0.0140043264254928,117.766403198242,-87.4602,26.471,46.0617266935557,63,63,63,63,61,63,0,8046,1.33458767306251,26,-87,0.001869,51,2025-10-07 20:21:14.002176,654,1.037,0.0011,"aoml_navis",1030.26583223586
"7901009",88,0,1,0.031773,1,0.009345,1,122.430129279761,1,4.85305319446568,656,1,7.28299999237061,34.8930015563965,0.0317730009555817,0.0140043264254928,118.058799743652,-87.4602,26.471,46.0617266935557,63,63,63,63,61,63,0,8046,1.33458767306251,26,-87,0.001869,51,2025-10-07 20:21:14.002176,656,1.037,0.0011,"aoml_navis",1030.27924888643
"7901009",88,0,1,0.031773,1,0.009345,1,122.730765122032,1,4.85299666554621,658,1,7.25899982452393,34.8919982910156,0.0317730009555817,0.0140043264254928,118.348701477051,-87.4602,26.471,46.0617266935557,63,63,63,63,61,63,0,8046,1.33458767306251,26,-87,0.001869,51,2025-10-07 20:21:14.002176,658,1.037,0.0011,"aoml_navis",1030.29124983692
"7901009",88,0,1,0.029904,1,0.007476,1,123.098288048111,1,4.85293353781804,660,1,7.22599983215332,34.890998840332,0.0299040004611015,0.0126038929447532,118.703102111816,-87.4602,26.471,46.0617266935557,63,63,63,63,61,63,0,8046,1.33458767306251,26,-87,0.001869,51,2025-10-07 20:21:14.002176,660,1.037,0.0011,"aoml_navis",1030.3046520287
"7901009",88,0,1,0.029904,1,0.007476,1,123.543481958546,1,4.85288073334931,662,1,7.2020001411438,34.8889999389648,0.0299040004611015,0.0126038929447532,119.132400512695,-87.4602,26.471,46.0617266935557,63,63,63,63,61,63,0,8046,1.33458767306251,26,-87,0.001869,51,2025-10-07 20:21:14.002176,662,1.037,0.0011,"aoml_navis",1030.31586283167
"7901009",88,0,1,0.028035,1,0.005607,1,124.098287136912,1,4.8528111312609,664,1,7.15500020980835,34.8870010375977,0.0280349999666214,0.0112034603953362,119.66739654541,-87.4602,26.471,46.0617266935557,63,63,63,63,61,63,0,8046,1.33458767306251,26,-87,0.001869,51,2025-10-07 20:21:14.002176,664,1.037,0.0011,"aoml_navis",1030.33064027383
"7901009",88,0,1,0.029904,1,0.007476,1,124.489972962678,1,4.85274892654701,666,1,7.11800003051758,34.8849983215332,0.0299040004611015,0.0126038929447532,120.045097351074,-87.4602,26.471,46.0617266935557,63,63,63,63,61,63,0,8046,1.33458767306251,26,-87,0.001869,51,2025-10-07 20:21:14.002176,666,1.037,0.0011,"aoml_navis",1030.34384751444
"7901009",88,0,1,0.026166,1,0.003738,1,124.954044632987,1,4.85269331390759,668,1,7.09000015258789,34.882999420166,0.0261659994721413,0.00980302784591913,120.492599487305,-87.4602,26.471,46.0617266935557,63,63,63,63,61,63,0,8046,1.33458767306251,26,-87,0.001869,51,2025-10-07 20:21:14.002176,668,1.037,0.0011,"aoml_navis",1030.35565541928
"7901009",88,0,1,0.029904,1,0.007476,1,125.501388902903,1,4.85262829005911,670,1,7.04899978637695,34.8810005187988,0.0299040004611015,0.0126038929447532,121.020401000977,-87.4602,26.471,46.0617266935557,63,63,63,63,61,63,0,8046,1.33458767306251,26,-87,0.001869,51,2025-10-07 20:21:14.002176,670,1.037,0.0011,"aoml_navis",1030.36946189404
"7901009",88,0,1,0.029904,1,0.007476,1,125.825562605871,1,4.8525661714074,672,1,7.01700019836426,34.8800010681152,0.0299040004611015,0.0126038929447532,121.333000183105,-87.4602,26.471,46.0617266935557,63,63,63,63,61,63,0,8046,1.33458767306251,26,-87,0.001869,51,2025-10-07 20:21:14.002176,672,1.037,0.0011,"aoml_navis",1030.3826518557
"7901009",88,0,1,0.033642,1,0.011214,1,126.12122187188,1,4.85250915747558,674,1,6.99200010299683,34.8790016174316,0.0336420014500618,0.0154047571122646,121.618103027344,-87.4602,26.471,46.0617266935557,63,63,63,63,61,63,0,8046,1.33458767306251,26,-87,0.001869,51,2025-10-07 20:21:14.002176,674,1.037,0.0011,"aoml_navis",1030.39475820405
"7901009",88,0,1,0.031773,1,0.009345,1,126.346979625534,1,4.85245724046713,676,1,6.97399997711182,34.8779983520508,0.0317730009555817,0.0140043264254928,121.835800170898,-87.4602,26.471,46.0617266935557,63,63,63,63,61,63,0,8046,1.33458767306251,26,-87,0.001869,51,2025-10-07 20:21:14.002176,676,1.037,0.0011,"aoml_navis",1030.40578251827
"7901009",88,0,1,0.029904,1,0.007476,1,126.571186649542,1,4.85240958158449,678,1,6.96700000762939,34.8779983520508,0.0299040004611015,0.0126038929447532,122.052001953125,-87.4602,26.471,46.0617266935557,63,63,63,63,61,63,0,8046,1.33458767306251,26,-87,0.001869,51,2025-10-07 20:21:14.002176,678,1.037,0.0011,"aoml_navis",1030.41590284869
"7901009",88,0,1,0.029904,1,0.007476,1,126.936945225055,1,4.8523562226972,680,1,6.94700002670288,34.8769989013672,0.0299040004611015,0.0126038929447532,122.40470123291,-87.4602,26.471,46.0617266935557,63,63,63,63,61,63,0,8046,1.33458767306251,26,-87,0.001869,51,2025-10-07 20:21:14.002176,680,1.037,0.0011,"aoml_navis",1030.42723380699
"7901009",88,0,1,0.028035,1,0.005607,1,127.36782653381,1,4.85229783264722,682,1,6.92000007629395,34.8759994506836,0.0280349999666214,0.0112034603953362,122.820198059082,-87.4602,26.471,46.0617266935557,63,63,63,63,61,63,0,8046,1.33458767306251,26,-87,0.001869,51,2025-10-07 20:21:14.002176,682,1.037,0.0011,"aoml_navis",1030.43963343697
"7901009",88,0,1,0.031773,1,0.009345,1,127.713053765286,1,4.85223371663617,684,1,6.88500022888184,34.875,0.0317730009555817,0.0140043264254928,123.153099060059,-87.4602,26.471,46.0617266935557,63,63,63,63,61,63,0,8046,1.33458767306251,26,-87,0.001869,51,2025-10-07 20:21:14.002176,684,1.037,0.0011,"aoml_navis",1030.45324936785
"7901009",88,0,1,0.029904,1,0.007476,1,127.952609848034,1,4.85217745216237,686,1,6.86600017547607,34.875,0.0299040004611015,0.0126038929447532,123.384101867676,-87.4602,26.471,46.0617266935557,63,63,63,63,61,63,0,8046,1.33458767306251,26,-87,0.001869,51,2025-10-07 20:21:14.002176,686,1.037,0.0011,"aoml_navis",1030.46519821153
"7901009",88,0,1,0.031773,1,0.009345,1,128.099660160273,1,4.85212120094048,688,1,6.84700012207031,34.875,0.0317730009555817,0.0140043264254928,123.525901794434,-87.4602,26.471,46.0617266935557,63,63,63,63,61,63,0,8046,1.33458767306251,26,-87,0.001869,51,2025-10-07 20:21:14.002176,688,1.037,0.0011,"aoml_navis",1030.47714451792
"7901009",88,0,1,0.029904,1,0.007476,1,128.229494208687,1,4.85207141685636,690,1,6.83699989318848,34.875,0.0299040004611015,0.0126038929447532,123.651100158691,-87.4602,26.471,46.0617266935557,63,63,63,63,61,63,0,8046,1.33458767306251,26,-87,0.001869,51,2025-10-07 20:21:14.002176,690,1.037,0.0011,"aoml_navis",1030.48771760237
"7901009",88,0,1,0.029904,1,0.007476,1,128.36243762828,1,4.85202593992727,692,1,6.83300018310547,34.875,0.0299040004611015,0.0126038929447532,123.779296875,-87.4602,26.471,46.0617266935557,63,63,63,63,61,63,0,8046,1.33458767306251,26,-87,0.001869,51,2025-10-07 20:21:14.002176,692,1.037,0.0011,"aoml_navis",1030.49737612799
"7901009",88,0,1,0.029904,1,0.007476,1,128.601479438442,1,4.851976263401,694,1,6.81799983978271,34.8740005493164,0.0299040004611015,0.0126038929447532,124.009803771973,-87.4602,26.471,46.0617266935557,63,63,63,63,61,63,0,8046,1.33458767306251,26,-87,0.001869,51,2025-10-07 20:21:14.002176,694,1.037,0.0011,"aoml_navis",1030.50792678348
"7901009",88,0,1,0.033642,1,0.011214,1,128.934569836873,1,4.8519243411386,696,1,6.80499982833862,34.8740005493164,0.0336420014500618,0.0154047571122646,124.331001281738,-87.4602,26.471,46.0617266935557,63,63,63,63,61,63,0,8046,1.33458767306251,26,-87,0.001869,51,2025-10-07 20:21:14.002176,696,1.037,0.0011,"aoml_navis",1030.51895463536
"7901009",88,0,1,0.029904,1,0.007476,1,129.265175903117,1,4.85185527295792,698.099975585938,1,6.77099990844727,34.8740005493164,0.0299040004611015,0.0126038929447532,124.649803161621,-87.4602,26.471,46.0617266935557,63,63,63,63,61,63,0,8046,1.33458767306251,26,-87,0.001869,51,2025-10-07 20:21:14.002176,698.099975585938,1.037,0.0011,"aoml_navis",1030.5336245019
"7901009",88,0,1,0.031773,1,0.009345,1,129.40538243401,1,4.85180990333835,700,1,6.75899982452393,34.8730010986328,0.0317730009555817,0.0140043264254928,124.785003662109,-87.4602,26.471,46.0617266935557,63,63,63,63,61,63,0,8046,1.33458767306251,26,-87,0.001869,51,2025-10-07 20:21:14.002176,700,1.037,0.0011,"aoml_navis",1030.54326109514
"7901009",88,0,1,0.029904,1,0.007476,1,129.561658005264,1,4.85176443584823,702,1,6.75500011444092,34.8730010986328,0.0299040004611015,0.0126038929447532,124.935699462891,-87.4602,26.471,46.0617266935557,63,63,63,63,61,63,0,8046,1.33458767306251,26,-87,0.001869,51,2025-10-07 20:21:14.002176,702,1.037,0.0011,"aoml_navis",1030.55291865708
"7901009",88,0,1,0.029904,1,0.007476,1,129.848709139361,1,4.85172051365749,704,1,6.7480001449585,34.8720016479492,0.0299040004611015,0.0126038929447532,125.212501525879,-87.4602,26.471,46.0617266935557,63,63,63,63,61,63,0,8046,1.33458767306251,26,-87,0.001869,51,2025-10-07 20:21:14.002176,704,1.037,0.0011,"aoml_navis",1030.56224816024
"7901009",88,0,1,0.031773,1,0.009345,1,130.184394636384,1,4.85166006201039,706,1,6.72300004959106,34.8720016479492,0.0317730009555817,0.0140043264254928,125.536201477051,-87.4602,26.471,46.0617266935557,63,63,63,63,61,63,0,8046,1.33458767306251,26,-87,0.001869,51,2025-10-07 20:21:14.002176,706,1.037,0.0011,"aoml_navis",1030.57508895793
"7901009",88,0,1,0.031773,1,0.009345,1,130.534701298639,1,4.85159821040262,708,1,6.69600009918213,34.8720016479492,0.0317730009555817,0.0140043264254928,125.874000549316,-87.4602,26.471,46.0617266935557,63,63,63,63,61,63,0,8046,1.33458767306251,26,-87,0.001869,51,2025-10-07 20:21:14.002176,708,1.037,0.0011,"aoml_navis",1030.58822745857
"7901009",88,0,1,0.028035,1,0.005607,1,130.836270743452,1,4.85154719918078,710,1,6.67899990081787,34.8709983825684,0.0280349999666214,0.0112034603953362,126.16480255127,-87.4602,26.471,46.0617266935557,63,63,63,63,61,63,0,8046,1.33458767306251,26,-87,0.001869,51,2025-10-07 20:21:14.002176,710,1.037,0.0011,"aoml_navis",1030.59906349964
"7901009",88,0,1,0.033642,1,0.011214,1,131.027912444896,1,4.85148894487036,712,1,6.65700006484985,34.8709983825684,0.0336420014500618,0.0154047571122646,126.349601745605,-87.4602,26.471,46.0617266935557,63,63,63,63,61,63,0,8046,1.33458767306251,26,-87,0.001869,51,2025-10-07 20:21:14.002176,712,1.037,0.0011,"aoml_navis",1030.61143842998
"7901009",88,0,1,0.031773,1,0.009345,1,131.219031961868,1,4.85144135747627,714,1,6.65000009536743,34.8709983825684,0.0317730009555817,0.0140043264254928,126.533897399902,-87.4602,26.471,46.0617266935557,63,63,63,63,61,63,0,8046,1.33458767306251,26,-87,0.001869,51,2025-10-07 20:21:14.002176,714,1.037,0.0011,"aoml_navis",1030.62154761384
"7901009",88,0,1,0.029904,1,0.007476,1,131.486382499953,1,4.85139164202713,716,1,6.6399998664856,34.8709983825684,0.0299040004611015,0.0126038929447532,126.791702270508,-87.4602,26.471,46.0617266935557,63,63,63,63,61,63,0,8046,1.33458767306251,26,-87,0.001869,51,2025-10-07 20:21:14.002176,716,1.037,0.0011,"aoml_navis",1030.63210908093
"7901009",88,0,1,0.033642,1,0.011214,1,131.758290284345,1,4.85133710493761,718,1,6.61800003051758,34.8699989318848,0.0336420014500618,0.0154047571122646,127.053901672363,-87.4602,26.471,46.0617266935557,63,63,63,63,61,63,0,8046,1.33458767306251,26,-87,0.001869,51,2025-10-07 20:21:14.002176,718,1.037,0.0011,"aoml_navis",1030.64369509822
"7901009",88,0,1,0.028035,1,0.005607,1,132.00074211735,1,4.85128244040602,720,1,6.60099983215332,34.8699989318848,0.0280349999666214,0.0112034603953362,127.287696838379,-87.4602,26.471,46.0617266935557,63,63,63,63,61,63,0,8046,1.33458767306251,26,-87,0.001869,51,2025-10-07 20:21:14.002176,720,1.037,0.0011,"aoml_navis",1030.65530845109
"7901009",88,0,1,0.029904,1,0.007476,1,132.22287622724,1,4.85122778663664,722,1,6.58400011062622,34.8699989318848,0.0299040004611015,0.0126038929447532,127.501899719238,-87.4602,26.471,46.0617266935557,63,63,63,63,61,63,0,8046,1.33458767306251,26,-87,0.001869,51,2025-10-07 20:21:14.002176,722,1.037,0.0011,"aoml_navis",1030.66691977919
"7901009",88,0,1,0.031773,1,0.009345,1,132.326893791805,1,4.85117950917053,724,1,6.57600021362305,34.8699989318848,0.0317730009555817,0.0140043264254928,127.602203369141,-87.4602,26.471,46.0617266935557,63,63,63,63,61,63,0,8046,1.33458767306251,26,-87,0.001869,51,2025-10-07 20:21:14.002176,724,1.037,0.0011,"aoml_navis",1030.67717666356
"7901009",88,0,1,0.031773,1,0.009345,1,132.534295970059,1,4.85113123403745,726,1,6.56799983978271,34.8699989318848,0.0317730009555817,0.0140043264254928,127.802200317383,-87.4602,26.471,46.0617266935557,63,63,63,63,61,63,0,8046,1.33458767306251,26,-87,0.001869,51,2025-10-07 20:21:14.002176,726,1.037,0.0011,"aoml_navis",1030.6874332564
"7901009",88,0,1,0.028035,1,0.005607,1,132.75435716583,1,4.85108452777234,728,1,6.55700016021729,34.8689994812012,0.0280349999666214,0.0112034603953362,128.014404296875,-87.4602,26.471,46.0617266935557,63,63,63,63,61,63,0,8046,1.33458767306251,26,-87,0.001869,51,2025-10-07 20:21:14.002176,728,1.037,0.0011,"aoml_navis",1030.69735671995
"7901009",88,0,1,0.029904,1,0.007476,1,132.895695096414,1,4.85102621272859,730,1,6.53999996185303,34.8699989318848,0.0299040004611015,0.0126038929447532,128.150695800781,-87.4602,26.471,46.0617266935557,63,63,63,63,61,63,0,8046,1.33458767306251,26,-87,0.001869,51,2025-10-07 20:21:14.002176,730,1.037,0.0011,"aoml_navis",1030.7097469151
"7901009",88,0,1,0.029904,1,0.007476,1,133.157024689292,1,4.85097088940961,732,1,6.52199983596802,34.8699989318848,0.0299040004611015,0.0126038929447532,128.402694702148,-87.4602,26.471,46.0617266935557,63,63,63,63,61,63,0,8046,1.33458767306251,26,-87,0.001869,51,2025-10-07 20:21:14.002176,732,1.037,0.0011,"aoml_navis",1030.72150173396
"7901009",88,0,1,0.029904,1,0.007476,1,133.348982866174,1,4.85092262983362,734,1,6.51399993896484,34.8699989318848,0.0299040004611015,0.0126038929447532,128.587799072266,-87.4602,26.471,46.0617266935557,63,63,63,63,61,63,0,8046,1.33458767306251,26,-87,0.001869,51,2025-10-07 20:21:14.002176,734,1.037,0.0011,"aoml_navis",1030.73175590341
"7901009",88,0,1,0.029904,1,0.007476,1,133.558046540477,1,4.85087664960026,736,1,6.50400018692017,34.8689994812012,0.0299040004611015,0.0126038929447532,128.789398193359,-87.4602,26.471,46.0617266935557,63,63,63,63,61,63,0,8046,1.33458767306251,26,-87,0.001869,51,2025-10-07 20:21:14.002176,736,1.037,0.0011,"aoml_navis",1030.74152594914
"7901009",88,0,1,0.031773,1,0.009345,1,133.88689616804,1,4.85081836640098,738,1,6.48699998855591,34.8699989318848,0.0317730009555817,0.0140043264254928,129.106506347656,-87.4602,26.471,46.0617266935557,63,63,63,63,61,63,0,8046,1.33458767306251,26,-87,0.001869,51,2025-10-07 20:21:14.002176,738,1.037,0.0011,"aoml_navis",1030.75391043959
"7901009",88,0,1,0.028035,1,0.005607,1,134.275464710742,1,4.85077380399959,740,1,6.47900009155273,34.8689994812012,0.0280349999666214,0.0112034603953362,129.481201171875,-87.4602,26.471,46.0617266935557,63,63,63,63,61,63,0,8046,1.33458767306251,26,-87,0.001869,51,2025-10-07 20:21:14.002176,740,1.037,0.0011,"aoml_navis",1030.76337962355
"7901009",88,0,1,0.029904,1,0.007476,1,134.760067725087,1,4.8507178157032,742,1,6.46000003814697,34.8689994812012,0.0299040004611015,0.0126038929447532,129.948501586914,-87.4602,26.471,46.0617266935557,63,63,63,63,61,63,0,8046,1.33458767306251,26,-87,0.001869,51,2025-10-07 20:21:14.002176,742,1.037,0.0011,"aoml_navis",1030.77527697314
"7901009",88,0,1,0.029904,1,0.007476,1,135.205981617144,1,4.85065341124556,744,1,6.42899990081787,34.8689994812012,0.0299040004611015,0.0126038929447532,130.378494262695,-87.4602,26.471,46.0617266935557,63,63,63,63,61,63,0,8046,1.33458767306251,26,-87,0.001869,51,2025-10-07 20:21:14.002176,744,1.037,0.0011,"aoml_navis",1030.78896307211
"7901009",88,0,1,0.031773,1,0.009345,1,135.553076053704,1,4.85060254877135,746,1,6.41200017929077,34.8680000305176,0.0317730009555817,0.0140043264254928,130.713195800781,-87.4602,26.471,46.0617266935557,63,63,63,63,61,63,0,8046,1.33458767306251,26,-87,0.001869,51,2025-10-07 20:21:14.002176,746,1.037,0.0011,"aoml_navis",1030.79977172454
"7901009",88,0,1,0.033642,1,0.011214,1,136.06671568948,1,4.85055221510008,748,1,6.40100002288818,34.8680000305176,0.0336420014500618,0.0154047571122646,131.20849609375,-87.4602,26.471,46.0617266935557,63,63,63,63,61,63,0,8046,1.33458767306251,26,-87,0.001869,51,2025-10-07 20:21:14.002176,748,1.037,0.0011,"aoml_navis",1030.81046822559
"7901009",88,0,1,0.028035,1,0.005607,1,136.590007826113,1,4.8504808853469,750,1,6.3600001335144,34.8680000305176,0.0280349999666214,0.0112034603953362,131.713104248047,-87.4602,26.471,46.0617266935557,63,63,63,63,61,63,0,8046,1.33458767306251,26,-87,0.001869,51,2025-10-07 20:21:14.002176,750,1.037,0.0011,"aoml_navis",1030.82562702284
"7901009",88,0,1,0.029904,1,0.007476,1,136.980965758372,1,4.85042637841505,752,1,6.34299993515015,34.8680000305176,0.0299040004611015,0.0126038929447532,132.090103149414,-87.4602,26.471,46.0617266935557,63,63,63,63,61,63,0,8046,1.33458767306251,26,-87,0.001869,51,2025-10-07 20:21:14.002176,752,1.037,0.0011,"aoml_navis",1030.83721098223
"7901009",88,0,1,0.029904,1,0.007476,1,137.223006173308,1,4.8503697883868,754,1,6.32299995422363,34.8680000305176,0.0299040004611015,0.0126038929447532,132.323501586914,-87.4602,26.471,46.0617266935557,63,63,63,63,61,63,0,8046,1.33458767306251,26,-87,0.001869,51,2025-10-07 20:21:14.002176,754,1.037,0.0011,"aoml_navis",1030.84923792232
"7901009",88,0,1,0.033642,1,0.011214,1,137.49003232407,1,4.85032158087844,756,1,6.31500005722046,34.8680000305176,0.0336420014500618,0.0154047571122646,132.580993652344,-87.4602,26.471,46.0617266935557,63,63,63,63,61,63,0,8046,1.33458767306251,26,-87,0.001869,51,2025-10-07 20:21:14.002176,756,1.037,0.0011,"aoml_navis",1030.85948356737
"7901009",88,0,1,0.028035,1,0.005607,1,137.755207093519,1,4.85027198109272,758,1,6.30499982833862,34.8680000305176,0.0280349999666214,0.0112034603953362,132.836700439453,-87.4602,26.471,46.0617266935557,63,63,63,63,61,63,0,8046,1.33458767306251,26,-87,0.001869,51,2025-10-07 20:21:14.002176,758,1.037,0.0011,"aoml_navis",1030.87002532867
"7901009",88,0,1,0.029904,1,0.007476,1,137.971122461053,1,4.85022467900613,760,1,6.29300022125244,34.867000579834,0.0299040004611015,0.0126038929447532,133.044906616211,-87.4602,26.471,46.0617266935557,63,63,63,63,61,63,0,8046,1.33458767306251,26,-87,0.001869,51,2025-10-07 20:21:14.002176,760,1.037,0.0011,"aoml_navis",1030.88007894607
"7901009",88,0,1,0.033642,1,0.011214,1,138.170533634499,1,4.85017299779792,762,1,6.28000020980835,34.867000579834,0.0336420014500618,0.0154047571122646,133.237197875977,-87.4602,26.471,46.0617266935557,63,63,63,63,61,63,0,8046,1.33458767306251,26,-87,0.001869,51,2025-10-07 20:21:14.002176,762,1.037,0.0011,"aoml_navis",1030.8910635291
"7901009",88,0,1,0.029904,1,0.007476,1,138.285445866015,1,4.85012201849514,764,1,6.26800012588501,34.867000579834,0.0299040004611015,0.0126038929447532,133.348007202148,-87.4602,26.471,46.0617266935557,63,63,63,63,61,63,0,8046,1.33458767306251,26,-87,0.001869,51,2025-10-07 20:21:14.002176,764,1.037,0.0011,"aoml_navis",1030.90189915498
"7901009",88,0,1,0.028035,1,0.005607,1,138.430201731329,1,4.85007013986619,766,1,6.26000022888184,34.8680000305176,0.0280349999666214,0.0112034603953362,133.487594604492,-87.4602,26.471,46.0617266935557,63,63,63,63,61,63,0,8046,1.33458767306251,26,-87,0.001869,51,2025-10-07 20:21:14.002176,766,1.037,0.0011,"aoml_navis",1030.91292616604
"7901009",88,0,1,0.033642,1,0.011214,1,138.680549626511,1,4.85002195101842,768,1,6.2519998550415,34.8680000305176,0.0336420014500618,0.0154047571122646,133.72900390625,-87.4602,26.471,46.0617266935557,63,63,63,63,61,63,0,8046,1.33458767306251,26,-87,0.001869,51,2025-10-07 20:21:14.002176,768,1.037,0.0011,"aoml_navis",1030.92316911062
"7901009",88,0,1,0.033642,1,0.011214,1,138.988749231748,1,4.84997167928537,770,1,6.24100017547607,34.8680000305176,0.0336420014500618,0.0154047571122646,134.02619934082,-87.4602,26.471,46.0617266935557,63,63,63,63,61,63,0,8046,1.33458767306251,26,-87,0.001869,51,2025-10-07 20:21:14.002176,770,1.037,0.0011,"aoml_navis",1030.93385500691
"7901009",88,0,1,0.028035,1,0.005607,1,139.403347879221,1,4.84991863219157,772,1,6.22599983215332,34.8680000305176,0.0280349999666214,0.0112034603953362,134.425994873047,-87.4602,26.471,46.0617266935557,63,63,63,63,61,63,0,8046,1.33458767306251,26,-87,0.001869,51,2025-10-07 20:21:14.002176,772,1.037,0.0011,"aoml_navis",1030.94513108164
"7901009",88,0,1,0.029904,1,0.007476,1,139.710518939285,1,4.84986489932875,774,1,6.21000003814697,34.8680000305176,0.0299040004611015,0.0126038929447532,134.722198486328,-87.4602,26.471,46.0617266935557,63,63,63,63,61,63,0,8046,1.33458767306251,26,-87,0.001869,51,2025-10-07 20:21:14.002176,774,1.037,0.0011,"aoml_navis",1030.95655317987
"7901009",88,0,1,0.028035,1,0.005607,1,139.980567430479,1,4.8498118690736,776,1,6.19500017166138,34.8680000305176,0.0280349999666214,0.0112034603953362,134.982604980469,-87.4602,26.471,46.0617266935557,63,63,63,63,61,63,0,8046,1.33458767306251,26,-87,0.001869,51,2025-10-07 20:21:14.002176,776,1.037,0.0011,"aoml_navis",1030.96782617159
"7901009",88,0,1,0.031773,1,0.009345,1,140.204252270014,1,4.84976300533472,778,1,6.18599987030029,34.8680000305176,0.0317730009555817,0.0140043264254928,135.198303222656,-87.4602,26.471,46.0617266935557,63,63,63,63,61,63,0,8046,1.33458767306251,26,-87,0.001869,51,2025-10-07 20:21:14.002176,778,1.037,0.0011,"aoml_navis",1030.97821367766
"7901009",88,0,1,0.029904,1,0.007476,1,140.46380960044,1,4.84971345207056,780,1,6.17600011825562,34.8680000305176,0.0299040004611015,0.0126038929447532,135.448593139648,-87.4602,26.471,46.0617266935557,63,63,63,63,61,63,0,8046,1.33458767306251,26,-87,0.001869,51,2025-10-07 20:21:14.002176,780,1.037,0.0011,"aoml_navis",1030.98874797753
"7901009",88,0,1,0.028035,1,0.005607,1,140.782183891008,1,4.84965905463326,782,1,6.15899991989136,34.8680000305176,0.0280349999666214,0.0112034603953362,135.755599975586,-87.4602,26.471,46.0617266935557,63,63,63,63,61,63,0,8046,1.33458767306251,26,-87,0.001869,51,2025-10-07 20:21:14.002176,782,1.037,0.0011,"aoml_navis",1031.00031232569
"7901009",88,0,1,0.029904,1,0.007476,1,140.944994680056,1,4.8496115869809,784,1,6.15199995040894,34.8680000305176,0.0299040004611015,0.0126038929447532,135.91259765625,-87.4602,26.471,46.0617266935557,63,63,63,63,61,63,0,8046,1.33458767306251,26,-87,0.001869,51,2025-10-07 20:21:14.002176,784,1.037,0.0011,"aoml_navis",1031.01040368322
"7901009",88,0,1,0.028035,1,0.005607,1,141.158932076103,1,4.8495548997981,786,1,6.13700008392334,34.8689994812012,0.0280349999666214,0.0112034603953362,136.118896484375,-87.4602,26.471,46.0617266935557,63,63,63,63,61,63,0,8046,1.33458767306251,26,-87,0.001869,51,2025-10-07 20:21:14.002176,786,1.037,0.0011,"aoml_navis",1031.02245532021
"7901009",88,0,1,0.029904,1,0.007476,1,141.337724874767,1,4.84950467238931,788,1,6.12599992752075,34.8689994812012,0.0299040004611015,0.0126038929447532,136.291305541992,-87.4602,26.471,46.0617266935557,63,63,63,63,61,63,0,8046,1.33458767306251,26,-87,0.001869,51,2025-10-07 20:21:14.002176,788,1.037,0.0011,"aoml_navis",1031.03313385129
"7901009",88,0,1,0.029904,1,0.007476,1,141.509555213796,1,4.84945997849159,790,1,6.1230001449585,34.8689994812012,0.0299040004611015,0.0126038929447532,136.457000732422,-87.4602,26.471,46.0617266935557,63,63,63,63,61,63,0,8046,1.33458767306251,26,-87,0.001869,51,2025-10-07 20:21:14.002176,790,1.037,0.0011,"aoml_navis",1031.04263612363
"7901009",88,0,1,0.029904,1,0.007476,1,141.846696497833,1,4.84941182983647,792,1,6.11499977111816,34.8689994812012,0.0299040004611015,0.0126038929447532,136.782104492188,-87.4602,26.471,46.0617266935557,63,63,63,63,61,63,0,8046,1.33458767306251,26,-87,0.001869,51,2025-10-07 20:21:14.002176,792,1.037,0.0011,"aoml_navis",1031.05287310041
"7901009",88,0,1,0.031773,1,0.009345,1,142.215564444523,1,4.84935815857562,794,1,6.09899997711182,34.8689994812012,0.0317730009555817,0.0140043264254928,137.137802124023,-87.4602,26.471,46.0617266935557,63,63,63,63,61,63,0,8046,1.33458767306251,26,-87,0.001869,51,2025-10-07 20:21:14.002176,794,1.037,0.0011,"aoml_navis",1031.06428448845
"7901009",88,0,1,0.029904,1,0.007476,1,142.481973468181,1,4.84930104748776,796,1,6.07800006866455,34.8689994812012,0.0299040004611015,0.0126038929447532,137.39469909668,-87.4602,26.471,46.0617266935557,63,63,63,63,61,63,0,8046,1.33458767306251,26,-87,0.001869,51,2025-10-07 20:21:14.002176,796,1.037,0.0011,"aoml_navis",1031.07642751739
"7901009",88,0,1,0.029904,1,0.007476,1,142.710737738496,1,4.84924508830478,798,1,6.06400012969971,34.8699989318848,0.0299040004611015,0.0126038929447532,137.615295410156,-87.4602,26.471,46.0617266935557,63,63,63,63,61,63,0,8046,1.33458767306251,26,-87,0.001869,51,2025-10-07 20:21:14.002176,798,1.037,0.0011,"aoml_navis",1031.08832590434
"7901009",88,0,1,0.035511,1,0.013083,1,142.911921174394,1,4.84919695611491,800,1,6.05600023269653,34.8699989318848,0.0355109982192516,0.0168051905930042,137.809295654297,-87.4602,26.471,46.0617266935557,63,63,63,63,61,63,0,8046,1.33458767306251,26,-87,0.001869,51,2025-10-07 20:21:14.002176,800,1.037,0.0011,"aoml_navis",1031.09856028737
"7901009",88,0,1,0.028035,1,0.005607,1,143.089052477008,1,4.84914400627432,802,1,6.04099988937378,34.8699989318848,0.0280349999666214,0.0112034603953362,137.980102539062,-87.4602,26.471,46.0617266935557,63,63,63,63,61,63,0,8046,1.33458767306251,26,-87,0.001869,51,2025-10-07 20:21:14.002176,802,1.037,0.0011,"aoml_navis",1031.10981928573
"7901009",88,0,1,0.028035,1,0.005607,1,143.368832587919,1,4.84909588078434,804,1,6.03299999237061,34.8699989318848,0.0280349999666214,0.0112034603953362,138.249893188477,-87.4602,26.471,46.0617266935557,63,63,63,63,61,63,0,8046,1.33458767306251,26,-87,0.001869,51,2025-10-07 20:21:14.002176,804,1.037,0.0011,"aoml_navis",1031.12005267078
"7901009",88,0,1,0.031773,1,0.009345,1,143.742273604688,1,4.84903925607513,806,1,6.01800012588501,34.8709983825684,0.0317730009555817,0.0140043264254928,138.610000610352,-87.4602,26.471,46.0617266935557,63,63,63,63,61,63,0,8046,1.33458767306251,26,-87,0.001869,51,2025-10-07 20:21:14.002176,806,1.037,0.0011,"aoml_navis",1031.13209358653
"7901009",88,0,1,0.029904,1,0.007476,1,144.015217846139,1,4.84898632619566,808,1,6.00299978256226,34.8709983825684,0.0299040004611015,0.0126038929447532,138.873199462891,-87.4602,26.471,46.0617266935557,63,63,63,63,61,63,0,8046,1.33458767306251,26,-87,0.001869,51,2025-10-07 20:21:14.002176,808,1.037,0.0011,"aoml_navis",1031.14334907247
"7901009",88,0,1,0.028035,1,0.005607,1,144.232889652353,1,4.84893409110442,810,1,5.98899984359741,34.8709983825684,0.0280349999666214,0.0112034603953362,139.083099365234,-87.4602,26.471,46.0617266935557,63,63,63,63,61,63,0,8046,1.33458767306251,26,-87,0.001869,51,2025-10-07 20:21:14.002176,810,1.037,0.0011,"aoml_navis",1031.1544570533
"7901009",88,0,1,0.024297,1,0.001869,1,144.382946481252,1,4.8488894128631,812,1,5.98600006103516,34.8709983825684,0.0242970008403063,0.00840259529650211,139.227798461914,-87.4602,26.471,46.0617266935557,63,63,63,63,61,63,0,8046,1.33458767306251,26,-87,0.001869,51,2025-10-07 20:21:14.002176,812,1.037,0.0011,"aoml_navis",1031.16395823259
"7901009",88,0,1,0.026166,1,0.003738,1,144.741038439281,1,4.84884199003736,814,1,5.97900009155273,34.8709983825684,0.0261659994721413,0.00980302784591913,139.573104858398,-87.4602,26.471,46.0617266935557,63,63,63,63,61,63,0,8046,1.33458767306251,26,-87,0.001869,51,2025-10-07 20:21:14.002176,814,1.037,0.0011,"aoml_navis",1031.17404326089
"7901009",88,0,1,0.028035,1,0.005607,1,145.149718996064,1,4.84878202378624,815.900024414062,1,5.95599985122681,34.8720016479492,0.0280349999666214,0.0112034603953362,139.967193603516,-87.4602,26.471,46.0617266935557,63,63,63,63,61,63,0,8046,1.33458767306251,26,-87,0.001869,51,2025-10-07 20:21:14.002176,815.900024414062,1.037,0.0011,"aoml_navis",1031.18679608032
"7901009",88,0,1,0.029904,1,0.007476,1,145.487904649046,1,4.8487376239076,817.900024414062,1,5.94799995422363,34.8709983825684,0.0299040004611015,0.0126038929447532,140.293304443359,-87.4602,26.471,46.0617266935557,63,63,63,63,61,63,0,8046,1.33458767306251,26,-87,0.001869,51,2025-10-07 20:21:14.002176,817.900024414062,1.037,0.0011,"aoml_navis",1031.19623865531
"7901009",88,0,1,0.028035,1,0.005607,1,145.825346584749,1,4.84868533981394,820,1,5.93699979782104,34.8709983825684,0.0280349999666214,0.0112034603953362,140.618698120117,-87.4602,26.471,46.0617266935557,63,63,63,63,61,63,0,8046,1.33458767306251,26,-87,0.001869,51,2025-10-07 20:21:14.002176,820,1.037,0.0011,"aoml_navis",1031.2073581974
"7901009",88,0,1,0.031773,1,0.009345,1,146.126504611493,1,4.8486328587461,822,1,5.92799997329712,34.8720016479492,0.0317730009555817,0.0140043264254928,140.909103393555,-87.4602,26.471,46.0617266935557,63,63,63,63,61,63,0,8046,1.33458767306251,26,-87,0.001869,51,2025-10-07 20:21:14.002176,822,1.037,0.0011,"aoml_navis",1031.21851987223
"7901009",88,0,1,0.026166,1,0.003738,1,146.474216175157,1,4.84858408195368,824,1,5.91900014877319,34.8720016479492,0.0261659994721413,0.00980302784591913,141.244400024414,-87.4602,26.471,46.0617266935557,63,63,63,63,61,63,0,8046,1.33458767306251,26,-87,0.001869,51,2025-10-07 20:21:14.002176,824,1.037,0.0011,"aoml_navis",1031.22889393831
"7901009",88,0,1,0.033642,1,0.011214,1,146.954356885827,1,4.84853257172025,826,1,5.9060001373291,34.8720016479492,0.0336420014500618,0.0154047571122646,141.707397460938,-87.4602,26.471,46.0617266935557,63,63,63,63,61,63,0,8046,1.33458767306251,26,-87,0.001869,51,2025-10-07 20:21:14.002176,826,1.037,0.0011,"aoml_navis",1031.23984959144
"7901009",88,0,1,0.028035,1,0.005607,1,147.278633443312,1,4.84847560074137,828,1,5.88500022888184,34.8720016479492,0.0280349999666214,0.0112034603953362,142.020095825195,-87.4602,26.471,46.0617266935557,63,63,63,63,61,63,0,8046,1.33458767306251,26,-87,0.001869,51,2025-10-07 20:21:14.002176,828,1.037,0.0011,"aoml_navis",1031.25196695544
"7901009",88,0,1,0.028035,1,0.005607,1,147.51477159133,1,4.84842888600412,830,1,5.87900018692017,34.8720016479492,0.0280349999666214,0.0112034603953362,142.247802734375,-87.4602,26.471,46.0617266935557,63,63,63,63,61,63,0,8046,1.33458767306251,26,-87,0.001869,51,2025-10-07 20:21:14.002176,830,1.037,0.0011,"aoml_navis",1031.26190309472
"7901009",88,0,1,0.035511,1,0.013083,1,147.923151496447,1,4.84837302409329,832,1,5.86499977111816,34.8730010986328,0.0355109982192516,0.0168051905930042,142.6416015625,-87.4602,26.471,46.0617266935557,63,63,63,63,61,63,0,8046,1.33458767306251,26,-87,0.001869,51,2025-10-07 20:21:14.002176,832,1.037,0.0011,"aoml_navis",1031.27378507248
"7901009",88,0,1,0.033642,1,0.011214,1,148.335882938836,1,4.84832017447559,834,1,5.84999990463257,34.8730010986328,0.0336420014500618,0.0154047571122646,143.039596557617,-87.4602,26.471,46.0617266935557,63,63,63,63,61,63,0,8046,1.33458767306251,26,-87,0.001869,51,2025-10-07 20:21:14.002176,834,1.037,0.0011,"aoml_navis",1031.2850265795
"7901009",88,0,1,0.029904,1,0.007476,1,148.612878065893,1,4.8482666514415,836,1,5.83400011062622,34.8730010986328,0.0299040004611015,0.0126038929447532,143.306701660156,-87.4602,26.471,46.0617266935557,63,63,63,63,61,63,0,8046,1.33458767306251,26,-87,0.001869,51,2025-10-07 20:21:14.002176,836,1.037,0.0011,"aoml_navis",1031.29641157699
"7901009",88,0,1,0.029904,1,0.007476,1,148.754943889984,1,4.84822267289176,838,1,5.83199977874756,34.8730010986328,0.0299040004611015,0.0126038929447532,143.443695068359,-87.4602,26.471,46.0617266935557,63,63,63,63,61,63,0,8046,1.33458767306251,26,-87,0.001869,51,2025-10-07 20:21:14.002176,838,1.037,0.0011,"aoml_navis",1031.30576653521
"7901009",88,0,1,0.029904,1,0.007476,1,148.929796569446,1,4.84817741946083,839.900024414062,1,5.82499980926514,34.8730010986328,0.0299040004611015,0.0126038929447532,143.6123046875,-87.4602,26.471,46.0617266935557,63,63,63,63,61,63,0,8046,1.33458767306251,26,-87,0.001869,51,2025-10-07 20:21:14.002176,839.900024414062,1.037,0.0011,"aoml_navis",1031.31539285872
"7901009",88,0,1,0.031773,1,0.009345,1,149.233945289077,1,4.84812995190027,842,1,5.82100009918213,34.8730010986328,0.0317730009555817,0.0140043264254928,143.90559387207,-87.4602,26.471,46.0617266935557,63,63,63,63,61,63,0,8046,1.33458767306251,26,-87,0.001869,51,2025-10-07 20:21:14.002176,842,1.037,0.0011,"aoml_navis",1031.32549036566
"7901009",88,0,1,0.031773,1,0.009345,1,149.476618654889,1,4.84806867338815,844,1,5.79899978637695,34.8740005493164,0.0317730009555817,0.0140043264254928,144.139602661133,-87.4602,26.471,46.0617266935557,63,63,63,63,61,63,0,8046,1.33458767306251,26,-87,0.001869,51,2025-10-07 20:21:14.002176,844,1.037,0.0011,"aoml_navis",1031.33852609098
"7901009",88,0,1,0.029904,1,0.007476,1,149.691901071548,1,4.84801993815149,846,1,5.78999996185303,34.8740005493164,0.0299040004611015,0.0126038929447532,144.347198486328,-87.4602,26.471,46.0617266935557,63,63,63,63,61,63,0,8046,1.33458767306251,26,-87,0.001869,51,2025-10-07 20:21:14.002176,846,1.037,0.0011,"aoml_navis",1031.34889373134
"7901009",88,0,1,0.029904,1,0.007476,1,149.959876648623,1,4.84796819902483,848,1,5.78200006484985,34.875,0.0299040004611015,0.0126038929447532,144.605606079102,-87.4602,26.471,46.0617266935557,63,63,63,63,61,63,0,8046,1.33458767306251,26,-87,0.001869,51,2025-10-07 20:21:14.002176,848,1.037,0.0011,"aoml_navis",1031.35990062925
"7901009",88,0,1,0.026166,1,0.003738,1,150.270259934382,1,4.84791878974384,850,1,5.77199983596802,34.875,0.0261659994721413,0.00980302784591913,144.904907226562,-87.4602,26.471,46.0617266935557,63,63,63,63,61,63,0,8046,1.33458767306251,26,-87,0.001869,51,2025-10-07 20:21:14.002176,850,1.037,0.0011,"aoml_navis",1031.37041209888
"7901009",88,0,1,0.031773,1,0.009345,1,150.542064864257,1,4.84786802588727,852,1,5.76000022888184,34.875,0.0317730009555817,0.0140043264254928,145.167007446289,-87.4602,26.471,46.0617266935557,63,63,63,63,61,63,0,8046,1.33458767306251,26,-87,0.001869,51,2025-10-07 20:21:14.002176,852,1.037,0.0011,"aoml_navis",1031.38121196789
"7901009",88,0,1,0.029904,1,0.007476,1,150.779437266483,1,4.84781930340244,854,1,5.75099992752075,34.875,0.0299040004611015,0.0126038929447532,145.395904541016,-87.4602,26.471,46.0617266935557,63,63,63,63,61,63,0,8046,1.33458767306251,26,-87,0.001869,51,2025-10-07 20:21:14.002176,854,1.037,0.0011,"aoml_navis",1031.39157775348
"7901009",88,0,1,0.029904,1,0.007476,1,151.06627477966,1,4.84776486134107,856,1,5.73899984359741,34.8759994506836,0.0299040004611015,0.0126038929447532,145.672500610352,-87.4602,26.471,46.0617266935557,63,63,63,63,61,63,0,8046,1.33458767306251,26,-87,0.001869,51,2025-10-07 20:21:14.002176,856,1.037,0.0011,"aoml_navis",1031.40316063449
"7901009",88,0,1,0.035511,1,0.013083,1,151.322002757287,1,4.84771411141128,858,1,5.72700023651123,34.8759994506836,0.0355109982192516,0.0168051905930042,145.919097900391,-87.4602,26.471,46.0617266935557,63,63,63,63,61,63,0,8046,1.33458767306251,26,-87,0.001869,51,2025-10-07 20:21:14.002176,858,1.037,0.0011,"aoml_navis",1031.41395822626
"7901009",88,0,1,0.029904,1,0.007476,1,151.64368421618,1,4.84766539968768,860,1,5.71799993515015,34.8759994506836,0.0299040004611015,0.0126038929447532,146.229293823242,-87.4602,26.471,46.0617266935557,63,63,63,63,61,63,0,8046,1.33458767306251,26,-87,0.001869,51,2025-10-07 20:21:14.002176,860,1.037,0.0011,"aoml_navis",1031.42432238045
"7901009",88,0,1,0.029904,1,0.007476,1,151.984243434947,1,4.84761533582733,862,1,5.70699977874756,34.8759994506836,0.0299040004611015,0.0126038929447532,146.557693481445,-87.4602,26.471,46.0617266935557,63,63,63,63,61,63,0,8046,1.33458767306251,26,-87,0.001869,51,2025-10-07 20:21:14.002176,862,1.037,0.0011,"aoml_navis",1031.43497443917
"7901009",88,0,1,0.035511,1,0.013083,1,152.422704330441,1,4.84755955819229,864,1,5.69299983978271,34.8769989013672,0.0355109982192516,0.0168051905930042,146.980499267578,-87.4602,26.471,46.0617266935557,63,63,63,63,61,63,0,8046,1.33458767306251,26,-87,0.001869,51,2025-10-07 20:21:14.002176,864,1.037,0.0011,"aoml_navis",1031.44684247357
"7901009",88,0,1,0.029904,1,0.007476,1,152.780796288469,1,4.84749499572104,866,1,5.66599988937378,34.8779983520508,0.0299040004611015,0.0126038929447532,147.325805664062,-87.4602,26.471,46.0617266935557,63,63,63,63,61,63,0,8046,1.33458767306251,26,-87,0.001869,51,2025-10-07 20:21:14.002176,866,1.037,0.0011,"aoml_navis",1031.46058003434
"7901009",88,0,1,0.029904,1,0.007476,1,153.102066329293,1,4.84744495179914,868,1,5.65500020980835,34.8779983520508,0.0299040004611015,0.0126038929447532,147.635604858398,-87.4602,26.471,46.0617266935557,63,63,63,63,61,63,0,8046,1.33458767306251,26,-87,0.001869,51,2025-10-07 20:21:14.002176,868,1.037,0.0011,"aoml_navis",1031.47122859935
"7901009",88,0,1,0.029904,1,0.007476,1,153.49425851576,1,4.84739626232613,870,1,5.64599990844727,34.8779983520508,0.0299040004611015,0.0126038929447532,148.013793945312,-87.4602,26.471,46.0617266935557,63,63,63,63,61,63,0,8046,1.33458767306251,26,-87,0.001869,51,2025-10-07 20:21:14.002176,870,1.037,0.0011,"aoml_navis",1031.48158916982
"7901009",88,0,1,0.031773,1,0.009345,1,153.948796363501,1,4.84733510332804,872,1,5.62400007247925,34.8790016174316,0.0317730009555817,0.0140043264254928,148.452102661133,-87.4602,26.471,46.0617266935557,63,63,63,63,61,63,0,8046,1.33458767306251,26,-87,0.001869,51,2025-10-07 20:21:14.002176,872,1.037,0.0011,"aoml_navis",1031.49460340944
"7901009",88,0,1,0.029904,1,0.007476,1,154.203385029551,1,4.84728305321089,874,1,5.6100001335144,34.8790016174316,0.0299040004611015,0.0126038929447532,148.697601318359,-87.4602,26.471,46.0617266935557,63,63,63,63,61,63,0,8046,1.33458767306251,26,-87,0.001869,51,2025-10-07 20:21:14.002176,874,1.037,0.0011,"aoml_navis",1031.50567959673
"7901009",88,0,1,0.031773,1,0.009345,1,154.420218175855,1,4.84723235682693,876,1,5.59800004959106,34.8790016174316,0.0317730009555817,0.0140043264254928,148.906692504883,-87.4602,26.471,46.0617266935557,63,63,63,63,61,63,0,8046,1.33458767306251,26,-87,0.001869,51,2025-10-07 20:21:14.002176,876,1.037,0.0011,"aoml_navis",1031.51646794029
"7901009",88,0,1,0.028035,1,0.005607,1,154.548200842958,1,4.84718201840926,878,1,5.59200000762939,34.8800010681152,0.0280349999666214,0.0112034603953362,149.03010559082,-87.4602,26.471,46.0617266935557,63,63,63,63,61,63,0,8046,1.33458767306251,26,-87,0.001869,51,2025-10-07 20:21:14.002176,878,1.037,0.0011,"aoml_navis",1031.52718033083
"7901009",88,0,1,0.029904,1,0.007476,1,154.799260807876,1,4.84713738927143,880,1,5.58900022506714,34.8800010681152,0.0299040004611015,0.0126038929447532,149.272201538086,-87.4602,26.471,46.0617266935557,63,63,63,63,61,63,0,8046,1.33458767306251,26,-87,0.001869,51,2025-10-07 20:21:14.002176,880,1.037,0.0011,"aoml_navis",1031.53667793014
"7901009",88,0,1,0.028035,1,0.005607,1,155.161799245807,1,4.84709141474173,882,1,5.58400011062622,34.8800010681152,0.0280349999666214,0.0112034603953362,149.621795654297,-87.4602,26.471,46.0617266935557,63,63,63,63,61,63,0,8046,1.33458767306251,26,-87,0.001869,51,2025-10-07 20:21:14.002176,882,1.037,0.0011,"aoml_navis",1031.54646202736
"7901009",88,0,1,0.024297,1,0.001869,1,155.470315326483,1,4.84704005661533,884,1,5.57100009918213,34.8800010681152,0.0242970008403063,0.00840259529650211,149.919296264648,-87.4602,26.471,46.0617266935557,63,63,63,63,61,63,0,8046,1.33458767306251,26,-87,0.001869,51,2025-10-07 20:21:14.002176,884,1.037,0.0011,"aoml_navis",1031.55739205743
"7901009",88,0,1,0.028035,1,0.005607,1,155.783910837937,1,4.8469913947031,886,1,5.56199979782104,34.8800010681152,0.0280349999666214,0.0112034603953362,150.221694946289,-87.4602,26.471,46.0617266935557,63,63,63,63,61,63,0,8046,1.33458767306251,26,-87,0.001869,51,2025-10-07 20:21:14.002176,886,1.037,0.0011,"aoml_navis",1031.56774849324
"7901009",88,0,1,0.029904,1,0.007476,1,156.165121326707,1,4.84693568773837,888,1,5.5479998588562,34.8810005187988,0.0299040004611015,0.0126038929447532,150.589294433594,-87.4602,26.471,46.0617266935557,63,63,63,63,61,63,0,8046,1.33458767306251,26,-87,0.001869,51,2025-10-07 20:21:14.002176,888,1.037,0.0011,"aoml_navis",1031.57960454248
"7901009",88,0,1,0.031773,1,0.009345,1,156.396591462016,1,4.84688434590251,890,1,5.53499984741211,34.8810005187988,0.0317730009555817,0.0140043264254928,150.8125,-87.4602,26.471,46.0617266935557,63,63,63,63,61,63,0,8046,1.33458767306251,26,-87,0.001869,51,2025-10-07 20:21:14.002176,890,1.037,0.0011,"aoml_navis",1031.5905318077
"7901009",88,0,1,0.029904,1,0.007476,1,156.511076451691,1,4.84683771044291,892,1,5.52899980545044,34.8810005187988,0.0299040004611015,0.0126038929447532,150.922897338867,-87.4602,26.471,46.0617266935557,63,63,63,63,61,63,0,8046,1.33458767306251,26,-87,0.001869,51,2025-10-07 20:21:14.002176,892,1.037,0.0011,"aoml_navis",1031.60045759879
"7901009",88,0,1,0.028035,1,0.005607,1,156.633758155208,1,4.84679443553924,894,1,5.52799987792969,34.8810005187988,0.0280349999666214,0.0112034603953362,151.041198730469,-87.4602,26.471,46.0617266935557,63,63,63,63,61,63,0,8046,1.33458767306251,26,-87,0.001869,51,2025-10-07 20:21:14.002176,894,1.037,0.0011,"aoml_navis",1031.60966830724
"7901009",88,0,1,0.029904,1,0.007476,1,156.915104819536,1,4.84675049093751,896,1,5.52600002288818,34.8810005187988,0.0299040004611015,0.0126038929447532,151.3125,-87.4602,26.471,46.0617266935557,63,63,63,63,61,63,0,8046,1.33458767306251,26,-87,0.001869,51,2025-10-07 20:21:14.002176,896,1.037,0.0011,"aoml_navis",1031.61902172374
"7901009",88,0,1,0.026166,1,0.003738,1,157.345163292152,1,4.84670050192156,898,1,5.5149998664856,34.8810005187988,0.0261659994721413,0.00980302784591913,151.727203369141,-87.4602,26.471,46.0617266935557,63,63,63,63,61,63,0,8046,1.33458767306251,26,-87,0.001869,51,2025-10-07 20:21:14.002176,898,1.037,0.0011,"aoml_navis",1031.62966187361
"7901009",88,0,1,0.031773,1,0.009345,1,157.725962362853,1,4.84664146278951,900,1,5.49599981307983,34.8819999694824,0.0317730009555817,0.0140043264254928,152.09440612793,-87.4602,26.471,46.0617266935557,63,63,63,63,61,63,0,8046,1.33458767306251,26,-87,0.001869,51,2025-10-07 20:21:14.002176,900,1.037,0.0011,"aoml_navis",1031.64222862118
"7901009",88,0,1,0.028035,1,0.005607,1,158.023370155657,1,4.84659081507046,902,1,5.48400020599365,34.8819999694824,0.0280349999666214,0.0112034603953362,152.381195068359,-87.4602,26.471,46.0617266935557,63,63,63,63,61,63,0,8046,1.33458767306251,26,-87,0.001869,51,2025-10-07 20:21:14.002176,902,1.037,0.0011,"aoml_navis",1031.65300946235
"7901009",88,0,1,0.029904,1,0.007476,1,158.274746596012,1,4.84653648574063,904,1,5.47200012207031,34.882999420166,0.0299040004611015,0.0126038929447532,152.623596191406,-87.4602,26.471,46.0617266935557,63,63,63,63,61,63,0,8046,1.33458767306251,26,-87,0.001869,51,2025-10-07 20:21:14.002176,904,1.037,0.0011,"aoml_navis",1031.66457421932
"7901009",88,0,1,0.026166,1,0.003738,1,158.556409735778,1,4.84648852675286,906,1,5.46400022506714,34.882999420166,0.0261659994721413,0.00980302784591913,152.895202636719,-87.4602,26.471,46.0617266935557,63,63,63,63,61,63,0,8046,1.33458767306251,26,-87,0.001869,51,2025-10-07 20:21:14.002176,906,1.037,0.0011,"aoml_navis",1031.67478317544
"7901009",88,0,1,0.029904,1,0.007476,1,158.812659897878,1,4.8464392309897,908,1,5.4539999961853,34.882999420166,0.0299040004611015,0.0126038929447532,153.142303466797,-87.4602,26.471,46.0617266935557,63,63,63,63,61,63,0,8046,1.33458767306251,26,-87,0.001869,51,2025-10-07 20:21:14.002176,908,1.037,0.0011,"aoml_navis",1031.68527689946
"7901009",88,0,1,0.031773,1,0.009345,1,159.018305637451,1,4.84639395504148,910,1,5.44999980926514,34.882999420166,0.0317730009555817,0.0140043264254928,153.340606689453,-87.4602,26.471,46.0617266935557,63,63,63,63,61,63,0,8046,1.33458767306251,26,-87,0.001869,51,2025-10-07 20:21:14.002176,910,1.037,0.0011,"aoml_navis",1031.69491510254
"7901009",88,0,1,0.029904,1,0.007476,1,159.368295824268,1,4.84634466496727,912,1,5.44000005722046,34.882999420166,0.0299040004611015,0.0126038929447532,153.678100585938,-87.4602,26.471,46.0617266935557,63,63,63,63,61,63,0,8046,1.33458767306251,26,-87,0.001869,51,2025-10-07 20:21:14.002176,912,1.037,0.0011,"aoml_navis",1031.70540802503
"7901009",88,0,1,0.029904,1,0.007476,1,159.766611810459,1,4.84628767945762,914,1,5.42399978637695,34.8839988708496,0.0299040004611015,0.0126038929447532,154.062194824219,-87.4602,26.471,46.0617266935557,63,63,63,63,61,63,0,8046,1.33458767306251,26,-87,0.001869,51,2025-10-07 20:21:14.002176,914,1.037,0.0011,"aoml_navis",1031.71753942588
"7901009",88,0,1,0.028035,1,0.005607,1,160.02078905844,1,4.84623773018414,916,1,5.41300010681152,34.8839988708496,0.0280349999666214,0.0112034603953362,154.30729675293,-87.4602,26.471,46.0617266935557,63,63,63,63,61,63,0,8046,1.33458767306251,26,-87,0.001869,51,2025-10-07 20:21:14.002176,916,1.037,0.0011,"aoml_navis",1031.72817314722
"7901009",88,0,1,0.031773,1,0.009345,1,160.372440741307,1,4.84618276310329,918,1,5.40000009536743,34.8849983215332,0.0317730009555817,0.0140043264254928,154.646392822266,-87.4602,26.471,46.0617266935557,63,63,63,63,61,63,0,8046,1.33458767306251,26,-87,0.001869,51,2025-10-07 20:21:14.002176,918,1.037,0.0011,"aoml_navis",1031.73987536496
"7901009",88,0,1,0.026166,1,0.003738,1,160.653692463004,1,4.84613215534689,920,1,5.38800001144409,34.8849983215332,0.0261659994721413,0.00980302784591913,154.917602539062,-87.4602,26.471,46.0617266935557,63,63,63,63,61,63,0,8046,1.33458767306251,26,-87,0.001869,51,2025-10-07 20:21:14.002176,920,1.037,0.0011,"aoml_navis",1031.75064973896
"7901009",88,0,1,0.024297,1,0.001869,1,160.890954098827,1,4.84607651858559,922,1,5.37400007247925,34.8860015869141,0.0242970008403063,0.00840259529650211,155.146392822266,-87.4602,26.471,46.0617266935557,63,63,63,63,61,63,0,8046,1.33458767306251,26,-87,0.001869,51,2025-10-07 20:21:14.002176,922,1.037,0.0011,"aoml_navis",1031.76249504606
"7901009",88,0,1,0.029904,1,0.007476,1,161.033763640197,1,4.84602992168259,924,1,5.36800003051758,34.8860015869141,0.0299040004611015,0.0126038929447532,155.284103393555,-87.4602,26.471,46.0617266935557,63,63,63,63,61,63,0,8046,1.33458767306251,26,-87,0.001869,51,2025-10-07 20:21:14.002176,924,1.037,0.0011,"aoml_navis",1031.77241593753
"7901009",88,0,1,0.029904,1,0.007476,1,161.258065606837,1,4.84597999372324,926,1,5.35699987411499,34.8860015869141,0.0299040004611015,0.0126038929447532,155.500396728516,-87.4602,26.471,46.0617266935557,63,63,63,63,61,63,0,8046,1.33458767306251,26,-87,0.001869,51,2025-10-07 20:21:14.002176,926,1.037,0.0011,"aoml_navis",1031.783046252
"7901009",88,0,1,0.035511,1,0.013083,1,161.365603960649,1,4.84593473430442,928,1,5.35300016403198,34.8860015869141,0.0355109982192516,0.0168051905930042,155.604095458984,-87.4602,26.471,46.0617266935557,63,63,63,63,61,63,0,8046,1.33458767306251,26,-87,0.001869,51,2025-10-07 20:21:14.002176,928,1.037,0.0011,"aoml_navis",1031.79268276251
"7901009",88,0,1,0.029904,1,0.007476,1,161.528003331627,1,4.84588814360126,930,1,5.34700012207031,34.8860015869141,0.0299040004611015,0.0126038929447532,155.760696411133,-87.4602,26.471,46.0617266935557,63,63,63,63,61,63,0,8046,1.33458767306251,26,-87,0.001869,51,2025-10-07 20:21:14.002176,930,1.037,0.0011,"aoml_navis",1031.80260291444
"7901009",88,0,1,0.028035,1,0.005607,1,161.872296960562,1,4.84583955614294,932,1,5.33799982070923,34.8860015869141,0.0280349999666214,0.0112034603953362,156.092697143555,-87.4602,26.471,46.0617266935557,63,63,63,63,61,63,0,8046,1.33458767306251,26,-87,0.001869,51,2025-10-07 20:21:14.002176,932,1.037,0.0011,"aoml_navis",1031.81294842121
"7901009",88,0,1,0.028035,1,0.005607,1,162.287322849876,1,4.84578196101217,934,1,5.32100009918213,34.8870010375977,0.0280349999666214,0.0112034603953362,156.492904663086,-87.4602,26.471,46.0617266935557,63,63,63,63,61,63,0,8046,1.33458767306251,26,-87,0.001869,51,2025-10-07 20:21:14.002176,934,1.037,0.0011,"aoml_navis",1031.82521215949
"7901009",88,0,1,0.029904,1,0.007476,1,162.59199375398,1,4.84572806169154,936,1,5.30399990081787,34.8870010375977,0.0299040004611015,0.0126038929447532,156.786697387695,-87.4602,26.471,46.0617266935557,63,63,63,63,61,63,0,8046,1.33458767306251,26,-87,0.001869,51,2025-10-07 20:21:14.002176,936,1.037,0.0011,"aoml_navis",1031.83668921252
"7901009",88,0,1,0.029904,1,0.007476,1,162.837467927418,1,4.84567713097529,938,1,5.29699993133545,34.8880004882812,0.0299040004611015,0.0126038929447532,157.023406982422,-87.4602,26.471,46.0617266935557,63,63,63,63,61,63,0,8046,1.33458767306251,26,-87,0.001869,51,2025-10-07 20:21:14.002176,938,1.037,0.0011,"aoml_navis",1031.84753438033
"7901009",88,0,1,0.031773,1,0.009345,1,163.15229769308,1,4.84562723062241,940,1,5.28599977493286,34.8880004882812,0.0317730009555817,0.0140043264254928,157.326995849609,-87.4602,26.471,46.0617266935557,63,63,63,63,61,63,0,8046,1.33458767306251,26,-87,0.001869,51,2025-10-07 20:21:14.002176,940,1.037,0.0011,"aoml_navis",1031.85816036405
"7901009",88,0,1,0.029904,1,0.007476,1,163.416428093584,1,4.84557999085612,942,1,5.27899980545044,34.8880004882812,0.0299040004611015,0.0126038929447532,157.581695556641,-87.4602,26.471,46.0617266935557,63,63,63,63,61,63,0,8046,1.33458767306251,26,-87,0.001869,51,2025-10-07 20:21:14.002176,942,1.037,0.0011,"aoml_navis",1031.86821999333
"7901009",88,0,1,0.028035,1,0.005607,1,163.749740024822,1,4.84552906759127,944,1,5.27199983596802,34.8889999389648,0.0280349999666214,0.0112034603953362,157.903106689453,-87.4602,26.471,46.0617266935557,63,63,63,63,61,63,0,8046,1.33458767306251,26,-87,0.001869,51,2025-10-07 20:21:14.002176,944,1.037,0.0011,"aoml_navis",1031.87906423715
"7901009",88,0,1,0.031773,1,0.009345,1,164.038650452117,1,4.84547984109164,946,1,5.26200008392334,34.8889999389648,0.0317730009555817,0.0140043264254928,158.181701660156,-87.4602,26.471,46.0617266935557,63,63,63,63,61,63,0,8046,1.33458767306251,26,-87,0.001869,51,2025-10-07 20:21:14.002176,946,1.037,0.0011,"aoml_navis",1031.889547367
"7901009",88,0,1,0.028035,1,0.005607,1,164.255277889387,1,4.84543194499159,948,1,5.25400018692017,34.8889999389648,0.0280349999666214,0.0112034603953362,158.390594482422,-87.4602,26.471,46.0617266935557,63,63,63,63,61,63,0,8046,1.33458767306251,26,-87,0.001869,51,2025-10-07 20:21:14.002176,948,1.037,0.0011,"aoml_navis",1031.89974738334
"7901009",88,0,1,0.024297,1,0.001869,1,164.504787124659,1,4.84538272472333,950,1,5.24399995803833,34.8889999389648,0.0242970008403063,0.00840259529650211,158.631195068359,-87.4602,26.471,46.0617266935557,63,63,63,63,61,63,0,8046,1.33458767306251,26,-87,0.001869,51,2025-10-07 20:21:14.002176,950,1.037,0.0011,"aoml_navis",1031.91022960637
"7901009",88,0,1,0.029904,1,0.007476,1,164.759280848078,1,4.84533114860584,952,1,5.23600006103516,34.8899993896484,0.0299040004611015,0.0126038929447532,158.876602172852,-87.4602,26.471,46.0617266935557,63,63,63,63,61,63,0,8046,1.33458767306251,26,-87,0.001869,51,2025-10-07 20:21:14.002176,952,1.037,0.0011,"aoml_navis",1031.9212137727
"7901009",88,0,1,0.026166,1,0.003738,1,164.994263860748,1,4.84528326065342,954,1,5.22800016403198,34.8899993896484,0.0261659994721413,0.00980302784591913,159.10319519043,-87.4602,26.471,46.0617266935557,63,63,63,63,61,63,0,8046,1.33458767306251,26,-87,0.001869,51,2025-10-07 20:21:14.002176,954,1.037,0.0011,"aoml_navis",1031.93141267983
"7901009",88,0,1,0.029904,1,0.007476,1,165.26171725335,1,4.84523603785082,956,1,5.22100019454956,34.8899993896484,0.0299040004611015,0.0126038929447532,159.361099243164,-87.4602,26.471,46.0617266935557,63,63,63,63,61,63,0,8046,1.33458767306251,26,-87,0.001869,51,2025-10-07 20:21:14.002176,956,1.037,0.0011,"aoml_navis",1031.9414701245
"7901009",88,0,1,0.031773,1,0.009345,1,165.521496116583,1,4.8451831443756,958,1,5.21099996566772,34.890998840332,0.0317730009555817,0.0140043264254928,159.611602783203,-87.4602,26.471,46.0617266935557,63,63,63,63,61,63,0,8046,1.33458767306251,26,-87,0.001869,51,2025-10-07 20:21:14.002176,958,1.037,0.0011,"aoml_navis",1031.95273553366
"7901009",88,0,1,0.031773,1,0.009345,1,165.673008732497,1,4.84513658869661,960,1,5.20499992370605,34.890998840332,0.0317730009555817,0.0140043264254928,159.757705688477,-87.4602,26.471,46.0617266935557,63,63,63,63,61,63,0,8046,1.33458767306251,26,-87,0.001869,51,2025-10-07 20:21:14.002176,960,1.037,0.0011,"aoml_navis",1031.96265130372
"7901009",88,0,1,0.029904,1,0.007476,1,165.889952645204,1,4.84509135962109,962,1,5.20100021362305,34.890998840332,0.0299040004611015,0.0126038929447532,159.966903686523,-87.4602,26.471,46.0617266935557,63,63,63,63,61,63,0,8046,1.33458767306251,26,-87,0.001869,51,2025-10-07 20:21:14.002176,962,1.037,0.0011,"aoml_navis",1031.97228470652
"7901009",88,0,1,0.026166,1,0.003738,1,166.097671298896,1,4.84504215926842,964,1,5.19099998474121,34.890998840332,0.0261659994721413,0.00980302784591913,160.167205810547,-87.4602,26.471,46.0617266935557,63,63,63,63,61,63,0,8046,1.33458767306251,26,-87,0.001869,51,2025-10-07 20:21:14.002176,964,1.037,0.0011,"aoml_navis",1031.98276416133
"7901009",88,0,1,0.033642,1,0.011214,1,166.327258405349,1,4.84499627148936,966,1,5.18599987030029,34.890998840332,0.0336420014500618,0.0154047571122646,160.388595581055,-87.4602,26.471,46.0617266935557,63,63,63,63,61,63,0,8046,1.33458767306251,26,-87,0.001869,51,2025-10-07 20:21:14.002176,966,1.037,0.0011,"aoml_navis",1031.99253824461
"7901009",88,0,1,0.031773,1,0.009345,1,166.586720793144,1,4.844951709552,968,1,5.18300008773804,34.890998840332,0.0317730009555817,0.0140043264254928,160.638793945312,-87.4602,26.471,46.0617266935557,63,63,63,63,61,63,0,8046,1.33458767306251,26,-87,0.001869,51,2025-10-07 20:21:14.002176,968,1.037,0.0011,"aoml_navis",1032.00203010121
"7901009",88,0,1,0.033642,1,0.011214,1,166.986714099156,1,4.84489684662684,970,1,5.17000007629395,34.8919982910156,0.0336420014500618,0.0154047571122646,161.024505615234,-87.4602,26.471,46.0617266935557,63,63,63,63,61,63,0,8046,1.33458767306251,26,-87,0.001869,51,2025-10-07 20:21:14.002176,970,1.037,0.0011,"aoml_navis",1032.01371634592
"7901009",88,0,1,0.024297,1,0.001869,1,167.318143001538,1,4.84485162607572,972,1,5.16599988937378,34.8919982910156,0.0242970008403063,0.00840259529650211,161.344100952148,-87.4602,26.471,46.0617266935557,63,63,63,63,61,63,0,8046,1.33458767306251,26,-87,0.001869,51,2025-10-07 20:21:14.002176,972,1.037,0.0011,"aoml_navis",1032.02334888632
"7901009",88,0,1,0.029904,1,0.007476,1,167.682042283853,1,4.84480310055447,974,1,5.15700006484985,34.8919982910156,0.0299040004611015,0.0126038929447532,161.695007324219,-87.4602,26.471,46.0617266935557,63,63,63,63,61,63,0,8046,1.33458767306251,26,-87,0.001869,51,2025-10-07 20:21:14.002176,974,1.037,0.0011,"aoml_navis",1032.03368562652
"7901009",88,0,1,0.029904,1,0.007476,1,168.031826761635,1,4.84475457772772,976,1,5.14799976348877,34.8919982910156,0.0299040004611015,0.0126038929447532,162.032302856445,-87.4602,26.471,46.0617266935557,63,63,63,63,61,63,0,8046,1.33458767306251,26,-87,0.001869,51,2025-10-07 20:21:14.002176,976,1.037,0.0011,"aoml_navis",1032.04402199979
"7901009",88,0,1,0.028035,1,0.005607,1,172.249827222266,1,4.84418446759347,999,1,5.04820013046265,34.8959999084473,0.0280349999666214,0.0112034603953362,166.099700927734,-87.4602,26.471,46.0617266935557,63,63,63,63,61,63,0,8046,1.33458767306251,26,-87,0.001869,51,2025-10-07 20:21:14.002176,999,1.037,0.0011,"aoml_navis",1032.16548284833
"7901009",88,0,1,0.031773,1,0.009345,1,178.411224228423,1,4.84297392308917,1049.30004882812,1,4.86789989471436,34.9020004272461,0.0317730009555817,0.0140043264254928,172.041107177734,-87.4602,26.471,46.0617266935557,63,63,63,63,61,63,0,8046,1.33458767306251,26,-87,0.001869,51,2025-10-07 20:21:14.002176,1049.30004882812,1.037,0.0011,"aoml_navis",1032.42348181191
"7901009",88,0,1,0.029904,1,0.007476,1,184.380647233926,1,4.84176962965172,1099.5,1,4.69740009307861,34.9090003967285,0.0299040004611015,0.0126038929447532,177.797393798828,-87.4602,26.471,46.0617266935557,63,63,63,63,61,63,0,8046,1.33458767306251,26,-87,0.001869,51,2025-10-07 20:21:14.002176,1099.5,1.037,0.0011,"aoml_navis",1032.68027652106
"7901009",88,0,1,0.029904,1,0.007476,1,189.176278663884,1,4.84061814877096,1150.09997558594,1,4.60220003128052,34.9129981994629,0.0299040004611015,0.0126038929447532,182.421798706055,-87.4602,26.471,46.0617266935557,63,63,63,63,61,63,0,8046,1.33458767306251,26,-87,0.001869,51,2025-10-07 20:21:14.002176,1150.09997558594,1.037,0.0011,"aoml_navis",1032.9259293608
"7901009",88,0,1,0.026166,1,0.003738,1,193.049257602072,1,4.83948996950951,1199.40002441406,1,4.50439977645874,34.9179992675781,0.0261659994721413,0.00980302784591913,186.156494140625,-87.4602,26.471,46.0617266935557,63,63,63,63,61,63,0,8046,1.33458767306251,26,-87,0.001869,51,2025-10-07 20:21:14.002176,1199.40002441406,1.037,0.0011,"aoml_navis",1033.16672448993
"7901009",88,0,1,0.029904,1,0.007476,1,196.107866119583,1,4.83837498732299,1249.5,1,4.43989992141724,34.9210014343262,0.0299040004611015,0.0126038929447532,189.105895996094,-87.4602,26.471,46.0617266935557,63,63,63,63,61,63,0,8046,1.33458767306251,26,-87,0.001869,51,2025-10-07 20:21:14.002176,1249.5,1.037,0.0011,"aoml_navis",1033.40481320701
"7901009",88,0,1,0.031773,1,0.009345,1,198.492002183756,1,4.83727307521037,1299.40002441406,1,4.38149976730347,34.9230003356934,0.0317730009555817,0.0140043264254928,191.404907226562,-87.4602,26.471,46.0617266935557,63,63,63,63,61,63,0,8046,1.33458767306251,26,-87,0.001869,51,2025-10-07 20:21:14.002176,1299.40002441406,1.037,0.0011,"aoml_navis",1033.64021882981
"7901009",88,0,1,0.024297,1,0.001869,1,199.455606597195,1,4.8361885214063,1349.5,1,4.35410022735596,34.9249992370605,0.0242970008403063,0.00840259529650211,192.334106445312,-87.4602,26.471,46.0617266935557,63,63,63,63,61,63,0,8046,1.33458767306251,26,-87,0.001869,51,2025-10-07 20:21:14.002176,1349.5,1.037,0.0011,"aoml_navis",1033.87202088352
"7901009",88,0,1,0.031773,1,0.009345,1,199.872072449751,1,4.83512667869484,1399.30004882812,1,4.3383002281189,34.9249992370605,0.0317730009555817,0.0140043264254928,192.735702514648,-87.4602,26.471,46.0617266935557,63,63,63,63,61,63,0,8046,1.33458767306251,26,-87,0.001869,51,2025-10-07 20:21:14.002176,1399.30004882812,1.037,0.0011,"aoml_navis",1034.09906963382
"7901009",88,0,1,0.022428,1,0,1,200.857656082355,1,4.83406131870033,1449.30004882812,1,4.32690000534058,34.9259986877441,0.0224280003458261,0.00700216321274638,193.686096191406,-87.4602,26.471,46.0617266935557,63,63,63,63,61,63,0,8046,1.33458767306251,26,-87,0.001869,51,2025-10-07 20:21:14.002176,1449.30004882812,1.037,0.0011,"aoml_navis",1034.32697071048
"7901009",88,0,1,0.022428,1,0,1,201.635331176003,1,4.83298832519741,1499.80004882812,1,4.31759977340698,34.9269981384277,0.0224280003458261,0.00700216321274638,194.436004638672,-87.4602,26.471,46.0617266935557,63,63,63,63,61,63,0,8046,1.33458767306251,26,-87,0.001869,51,2025-10-07 20:21:14.002176,1499.80004882812,1.037,0.0011,"aoml_navis",1034.55660629922
"7901009",88,0,1,0.026166,1,0.003738,1,202.324424794573,1,4.83193080536497,1549.80004882812,1,4.30800008773804,34.9269981384277,0.0261659994721413,0.00980302784591913,195.100494384766,-87.4602,26.471,46.0617266935557,63,63,63,63,61,63,0,8046,1.33458767306251,26,-87,0.001869,51,2025-10-07 20:21:14.002176,1549.80004882812,1.037,0.0011,"aoml_navis",1034.78303009812
"7901009",88,0,1,0.029904,1,0.007476,1,203.212328283256,1,4.83089254746398,1598.80004882812,1,4.29909992218018,34.9280014038086,0.0299040004611015,0.0126038929447532,195.956695556641,-87.4602,26.471,46.0617266935557,63,63,63,63,61,63,0,8046,1.33458767306251,26,-87,0.001869,51,2025-10-07 20:21:14.002176,1598.80004882812,1.037,0.0011,"aoml_navis",1035.00542619703
"7901009",88,0,1,0.033642,1,0.011214,1,203.623825471437,1,4.82983063856979,1649.30004882812,1,4.29409980773926,34.9280014038086,0.0336420014500618,0.0154047571122646,196.353500366211,-87.4602,26.471,46.0617266935557,63,63,63,63,61,63,0,8046,1.33458767306251,26,-87,0.001869,51,2025-10-07 20:21:14.002176,1649.30004882812,1.037,0.0011,"aoml_navis",1035.23298727522
"7901009",88,0,1,0.029904,1,0.007476,1,203.760194737645,1,4.82877456311394,1699.5,1,4.29150009155273,34.9290008544922,0.0299040004611015,0.0126038929447532,196.485000610352,-87.4602,26.471,46.0617266935557,63,63,63,63,61,63,0,8046,1.33458767306251,26,-87,0.001869,51,2025-10-07 20:21:14.002176,1699.5,1.037,0.0011,"aoml_navis",1035.45939754447
"7901009",88,0,1,0.033642,1,0.011214,1,204.205491502598,1,4.82773920439723,1749,1,4.29020023345947,34.9290008544922,0.0336420014500618,0.0154047571122646,196.914398193359,-87.4602,26.471,46.0617266935557,63,63,63,63,61,63,0,8046,1.33458767306251,26,-87,0.001869,51,2025-10-07 20:21:14.002176,1749,1.037,0.0011,"aoml_navis",1035.68146254584
"7901009",88,0,1,0.024297,1,0.001869,1,204.532980285778,1,4.82668249068475,1799.59997558594,1,4.28900003433228,34.9290008544922,0.0242970008403063,0.00840259529650211,197.230194091797,-87.4602,26.471,46.0617266935557,63,63,63,63,61,63,0,8046,1.33458767306251,26,-87,0.001869,51,2025-10-07 20:21:14.002176,1799.59997558594,1.037,0.0011,"aoml_navis",1035.90820602966
"7901009",88,0,1,0.029904,1,0.007476,1,204.958275803053,1,4.82564206938652,1849.40002441406,1,4.29020023345947,34.9300003051758,0.0299040004611015,0.0126038929447532,197.64030456543,-87.4602,26.471,46.0617266935557,63,63,63,63,61,63,0,8046,1.33458767306251,26,-87,0.001869,51,2025-10-07 20:21:14.002176,1849.40002441406,1.037,0.0011,"aoml_navis",1036.13155060123
"7901009",88,0,1,0.024297,1,0.001869,1,204.911089315256,1,4.82460082797547,1899.40002441406,1,4.28879976272583,34.9300003051758,0.0242970008403063,0.00840259529650211,197.594802856445,-87.4602,26.471,46.0617266935557,63,63,63,63,61,63,0,8046,1.33458767306251,26,-87,0.001869,51,2025-10-07 20:21:14.002176,1899.40002441406,1.037,0.0011,"aoml_navis",1036.35516766641
"7901009",88,0,1,0.029904,1,0.007476,1,205.094328593823,1,4.8235829524852,1948.40002441406,1,4.28889989852905,34.9300003051758,0.0299040004611015,0.0126038929447532,197.771499633789,-87.4602,26.471,46.0617266935557,63,63,63,63,61,63,0,8046,1.33458767306251,26,-87,0.001869,51,2025-10-07 20:21:14.002176,1948.40002441406,1.037,0.0011,"aoml_navis",1036.5738599818
"7901009",88,0,1,0.029904,1,0.007476,1,205.022884263708,1,4.82257306749566,1997.09997558594,1,4.28940010070801,34.9300003051758,0.0299040004611015,0.0126038929447532,197.702606201172,-87.4602,26.471,46.0617266935557,63,63,63,63,61,63,0,8046,1.33458767306251,26,-87,0.001869,51,2025-10-07 20:21:14.002176,1997.09997558594,1.037,0.0011,"aoml_navis",1036.79092675655
"7901009",89,0.0605867377561724,1,0.100926,1,0.078498,1,192.888661179343,1,4.88730989185968,2.40000009536743,1,29.0599994659424,36.3359985351562,0.100925996899605,0.0677994415163994,186.001602172852,-87.5994,26.341,67.5450333763365,63,63,63,63,61,63,0.078498,8045,1.29563008188212,26,-88,0.001869,51,2025-10-13 03:08:02.000333,2.40000009536743,1.037,0.0011,"aoml_navis",1023.05769649026
"7901009",89,0.0634718205064664,1,0.104664,1,0.082236,1,192.901525907942,1,4.88728849468385,4,1,29.0669994354248,36.3359985351562,0.104663997888565,0.0706845298409462,186.014007568359,-87.5994,26.341,67.5450333763365,63,63,63,63,61,63,0.082236,8045,1.29563008188212,26,-88,0.001869,51,2025-10-13 03:08:02.000333,4,1.037,0.0011,"aoml_navis",1023.06217556806
"7901009",89,0.0649143618816133,1,0.106533,1,0.084105,1,192.847487718317,1,4.88724769410163,6,1,29.0669994354248,36.3359985351562,0.106532998383045,0.072127066552639,185.961898803711,-87.5994,26.341,67.5450333763365,63,63,63,63,61,63,0.084105,8045,1.29563008188212,26,-88,0.001869,51,2025-10-13 03:08:02.000333,6,1.037,0.0011,"aoml_navis",1023.07071647595
"7901009",89,0.0620292791313194,1,0.102795,1,0.080367,1,192.911779713762,1,4.88720972166369,8,1,29.0709991455078,36.3370018005371,0.102794997394085,0.0692419856786728,186.023895263672,-87.5994,26.341,67.5450333763365,63,63,63,63,61,63,0.080367,8045,1.29563008188212,26,-88,0.001869,51,2025-10-13 03:08:02.000333,8,1.037,0.0011,"aoml_navis",1023.07866548807
"7901009",89,0.0706845273822012,1,0.114009,1,0.091581,1,192.870717019157,1,4.88717696260581,10,1,29.076000213623,36.3370018005371,0.114009000360966,0.077897235751152,185.984298706055,-87.5994,26.341,67.5450333763365,63,63,63,63,61,63,0.091581,8045,1.29563008188212,26,-88,0.001869,51,2025-10-13 03:08:02.000333,10,1.037,0.0011,"aoml_navis",1023.08552324941
"7901009",89,0.0937651893845526,1,0.143913,1,0.121485,1,192.791693089732,1,4.88713616955621,12,1,29.076000213623,36.3370018005371,0.143913000822067,0.100977897644043,185.908096313477,-87.5994,26.341,67.5450333763365,63,63,63,63,61,63,0.121485,8045,1.29563008188212,26,-88,0.001869,51,2025-10-13 03:08:02.000333,12,1.037,0.0011,"aoml_navis",1023.09406297022
"7901009",89,0.0663569032567603,1,0.108402,1,0.085974,1,192.862425361364,1,4.88709537884217,14,1,29.076000213623,36.3370018005371,0.108401998877525,0.0735696107149124,185.976303100586,-87.5994,26.341,67.5450333763365,63,63,63,63,61,63,0.085974,8045,1.29563008188212,26,-88,0.001869,51,2025-10-13 03:08:02.000333,14,1.037,0.0011,"aoml_navis",1023.10260234466
"7901009",89,0.0591441963810255,1,0.099057,1,0.076629,1,192.790348068907,1,4.88705421655313,16,1,29.0779991149902,36.3380012512207,0.0990569964051247,0.0663569048047066,185.906799316406,-87.5994,26.341,67.5450333763365,63,63,63,63,61,63,0.076629,8045,1.29563008188212,26,-88,0.001869,51,2025-10-13 03:08:02.000333,16,1.037,0.0011,"aoml_navis",1023.11121965136
"7901009",89,0.0620292791313194,1,0.102795,1,0.080367,1,192.833072259825,1,4.88701343070993,18,1,29.0779991149902,36.3380012512207,0.102794997394085,0.0692419856786728,185.947998046875,-87.5994,26.341,67.5450333763365,63,63,63,63,61,63,0.080367,8045,1.29563008188212,26,-88,0.001869,51,2025-10-13 03:08:02.000333,18,1.037,0.0011,"aoml_navis",1023.11975829247
"7901009",89,0.0663569032567603,1,0.108402,1,0.085974,1,192.800617698502,1,4.88696615944974,20.1000003814697,1,29.0729999542236,36.3370018005371,0.108401998877525,0.0735696107149124,185.916702270508,-87.5994,26.341,67.5450333763365,63,63,63,63,61,63,0.085974,8045,1.29563008188212,26,-88,0.001869,51,2025-10-13 03:08:02.000333,20.1000003814697,1.037,0.0011,"aoml_navis",1023.1296548538
"7901009",89,0.0605867377561724,1,0.100926,1,0.078498,1,192.837012379655,1,4.88692741707608,22,1,29.0729999542236,36.3370018005371,0.100925996899605,0.0677994415163994,185.951797485352,-87.5994,26.341,67.5450333763365,63,63,63,63,61,63,0.078498,8045,1.29563008188212,26,-88,0.001869,51,2025-10-13 03:08:02.000333,22,1.037,0.0011,"aoml_navis",1023.13776597721
"7901009",89,0.0692419860070542,1,0.11214,1,0.089712,1,192.795949685049,1,4.88688342212194,24,1,29.0709991455078,36.3370018005371,0.112139999866486,0.0764546915888786,185.912200927734,-87.5994,26.341,67.5450333763365,63,63,63,63,61,63,0.089712,8045,1.29563008188212,26,-88,0.001869,51,2025-10-13 03:08:02.000333,24,1.037,0.0011,"aoml_navis",1023.14697693954
"7901009",89,0.0663569032567603,1,0.108402,1,0.085974,1,192.801234825704,1,4.88685229015504,26,1,29.0769996643066,36.3370018005371,0.108401998877525,0.0735696107149124,185.917297363281,-87.5994,26.341,67.5450333763365,63,63,63,63,61,63,0.085974,8045,1.29563008188212,26,-88,0.001869,51,2025-10-13 03:08:02.000333,26,1.037,0.0011,"aoml_navis",1023.1534949548
"7901009",89,0.0706845273822012,1,0.114009,1,0.091581,1,192.787658027256,1,4.88681151583006,28,1,29.0769996643066,36.3370018005371,0.114009000360966,0.077897235751152,185.904205322266,-87.5994,26.341,67.5450333763365,63,63,63,63,61,63,0.091581,8045,1.29563008188212,26,-88,0.001869,51,2025-10-13 03:08:02.000333,28,1.037,0.0011,"aoml_navis",1023.16203188997
"7901009",89,0.115403310011757,1,0.171948,1,0.14952,1,192.765045853618,1,4.88677519794013,30,1,29.0820007324219,36.3380012512207,0.171948000788689,0.122616022825241,185.882400512695,-87.5994,26.341,67.5450333763365,63,63,63,63,61,63,0.14952,8045,1.29563008188212,26,-88,0.001869,51,2025-10-13 03:08:02.000333,30,1.037,0.0011,"aoml_navis",1023.16963589968
"7901009",89,0.0663569032567603,1,0.108402,1,0.085974,1,192.684882612435,1,4.88673485709283,31.8999996185303,1,29.0809993743896,36.3380012512207,0.108401998877525,0.0735696107149124,185.805099487305,-87.5994,26.341,67.5450333763365,63,63,63,63,61,63,0.085974,8045,1.29563008188212,26,-88,0.001869,51,2025-10-13 03:08:02.000333,31.8999996185303,1.037,0.0011,"aoml_navis",1023.17808234322
"7901009",89,0.0634718205064664,1,0.104664,1,0.082236,1,192.686749817816,1,4.88670009277471,34,1,29.0860004425049,36.3380012512207,0.104663997888565,0.0706845298409462,185.806900024414,-87.5994,26.341,67.5450333763365,63,63,63,63,61,63,0.082236,8045,1.29563008188212,26,-88,0.001869,51,2025-10-13 03:08:02.000333,34,1.037,0.0011,"aoml_navis",1023.18536130196
"7901009",89,0.0634718205064664,1,0.104664,1,0.082236,1,192.642269187938,1,4.88666093546026,36,1,29.0869998931885,36.3380012512207,0.104663997888565,0.0706845298409462,185.764007568359,-87.5994,26.341,67.5450333763365,63,63,63,63,61,63,0.082236,8045,1.29563008188212,26,-88,0.001869,51,2025-10-13 03:08:02.000333,36,1.037,0.0011,"aoml_navis",1023.19356019103
"7901009",89,0.0620292791313194,1,0.102795,1,0.080367,1,192.733730604052,1,4.88662178060658,38,1,29.0879993438721,36.3380012512207,0.102794997394085,0.0692419856786728,185.852203369141,-87.5994,26.341,67.5450333763365,63,63,63,63,61,63,0.080367,8045,1.29563008188212,26,-88,0.001869,51,2025-10-13 03:08:02.000333,38,1.037,0.0011,"aoml_navis",1023.20175869624
"7901009",89,0.0663569032567603,1,0.108402,1,0.085974,1,192.644959229588,1,4.88658102089657,40,1,29.0879993438721,36.3380012512207,0.108401998877525,0.0735696107149124,185.7666015625,-87.5994,26.341,67.5450333763365,63,63,63,63,61,63,0.085974,8045,1.29563008188212,26,-88,0.001869,51,2025-10-13 03:08:02.000333,40,1.037,0.0011,"aoml_navis",1023.21029337658
"7901009",89,0.0706845273822012,1,0.114009,1,0.091581,1,192.621729928748,1,4.88654026351905,42,1,29.0879993438721,36.3380012512207,0.114009000360966,0.077897235751152,185.744201660156,-87.5994,26.341,67.5450333763365,63,63,63,63,61,63,0.091581,8045,1.29563008188212,26,-88,0.001869,51,2025-10-13 03:08:02.000333,42,1.037,0.0011,"aoml_navis",1023.21882771088
"7901009",89,0.0605867377561724,1,0.100926,1,0.078498,1,192.553497813473,1,4.88649950847382,44,1,29.0879993438721,36.3380012512207,0.100925996899605,0.0677994415163994,185.678405761719,-87.5994,26.341,67.5450333763365,63,63,63,63,61,63,0.078498,8045,1.29563008188212,26,-88,0.001869,51,2025-10-13 03:08:02.000333,44,1.037,0.0011,"aoml_navis",1023.22736169918
"7901009",89,0.0649143618816133,1,0.106533,1,0.084105,1,192.553798465187,1,4.88645678133118,46,1,29.0890007019043,36.3390007019043,0.106532998383045,0.072127066552639,185.678695678711,-87.5994,26.341,67.5450333763365,63,63,63,63,61,63,0.084105,8045,1.29563008188212,26,-88,0.001869,51,2025-10-13 03:08:02.000333,46,1.037,0.0011,"aoml_navis",1023.2363087918
"7901009",89,0.0634718205064664,1,0.104664,1,0.082236,1,192.580145049587,1,4.8864160311039,48,1,29.0890007019043,36.3390007019043,0.104663997888565,0.0706845298409462,185.7041015625,-87.5994,26.341,67.5450333763365,63,63,63,63,61,63,0.082236,8045,1.29563008188212,26,-88,0.001869,51,2025-10-13 03:08:02.000333,48,1.037,0.0011,"aoml_navis",1023.24484206279
"7901009",89,0.0677994446319072,1,0.110271,1,0.087843,1,192.50631131817,1,4.88637528320826,50,1,29.0890007019043,36.3390007019043,0.110270999372005,0.0750121548771858,185.632904052734,-87.5994,26.341,67.5450333763365,63,63,63,63,61,63,0.087843,8045,1.29563008188212,26,-88,0.001869,51,2025-10-13 03:08:02.000333,50,1.037,0.0011,"aoml_navis",1023.25337498784
"7901009",89,0.0677994446319072,1,0.110271,1,0.087843,1,192.430705324018,1,4.88632897603447,52,1,29.0900001525879,36.3409996032715,0.110270999372005,0.0750121548771858,185.559997558594,-87.5994,26.341,67.5450333763365,63,63,63,63,61,63,0.087843,8045,1.29563008188212,26,-88,0.001869,51,2025-10-13 03:08:02.000333,52,1.037,0.0011,"aoml_navis",1023.26307224156
"7901009",89,0.0677994446319072,1,0.110271,1,0.087843,1,192.44024705999,1,4.88629181757454,54,1,29.0900001525879,36.3400001525879,0.110270999372005,0.0750121548771858,185.569198608398,-87.5994,26.341,67.5450333763365,63,63,63,63,61,63,0.087843,8045,1.29563008188212,26,-88,0.001869,51,2025-10-13 03:08:02.000333,54,1.037,0.0011,"aoml_navis",1023.27085378251
"7901009",89,0.0692419860070542,1,0.11214,1,0.089712,1,192.354687911732,1,4.88625107682638,56,1,29.0900001525879,36.3400001525879,0.112139999866486,0.0764546915888786,185.486694335938,-87.5994,26.341,67.5450333763365,63,63,63,63,61,63,0.089712,8045,1.29563008188212,26,-88,0.001869,51,2025-10-13 03:08:02.000333,56,1.037,0.0011,"aoml_navis",1023.27938564457
"7901009",89,0.0677994446319072,1,0.110271,1,0.087843,1,192.410799015805,1,4.88620192782341,58,1,29.0869998931885,36.3409996032715,0.110270999372005,0.0750121548771858,185.540802001953,-87.5994,26.341,67.5450333763365,63,63,63,63,61,63,0.087843,8045,1.29563008188212,26,-88,0.001869,51,2025-10-13 03:08:02.000333,58,1.037,0.0011,"aoml_navis",1023.28967853919
"7901009",89,0.0750121515076421,1,0.119616,1,0.097188,1,192.325556343035,1,4.88615958399101,60,1,29.0860004425049,36.3409996032715,0.119616001844406,0.0822248533368111,185.458602905273,-87.5994,26.341,67.5450333763365,63,63,63,63,61,63,0.097188,8045,1.29563008188212,26,-88,0.001869,51,2025-10-13 03:08:02.000333,60,1.037,0.0011,"aoml_navis",1023.29854644576
"7901009",89,0.0692419860070542,1,0.11214,1,0.089712,1,192.203080329068,1,4.88612206571639,62,1,29.0879993438721,36.3409996032715,0.112139999866486,0.0764546915888786,185.34049987793,-87.5994,26.341,67.5450333763365,63,63,63,63,61,63,0.089712,8045,1.29563008188212,26,-88,0.001869,51,2025-10-13 03:08:02.000333,62,1.037,0.0011,"aoml_navis",1023.30640388267
"7901009",89,0.076454692882789,1,0.121485,1,0.099057,1,192.197383770279,1,4.88608294525279,64,1,29.0890007019043,36.3409996032715,0.121485002338886,0.0836673974990845,185.335006713867,-87.5994,26.341,67.5450333763365,63,63,63,63,61,63,0.099057,8045,1.29563008188212,26,-88,0.001869,51,2025-10-13 03:08:02.000333,64,1.037,0.0011,"aoml_navis",1023.31459699387
"7901009",89,0.0663569032567603,1,0.108402,1,0.085974,1,192.050634086361,1,4.88604376372068,66.0999984741211,1,29.0890007019043,36.3400001525879,0.108401998877525,0.0735696107149124,185.193496704102,-87.5994,26.341,67.5450333763365,63,63,63,63,61,63,0.085974,8045,1.29563008188212,26,-88,0.001869,51,2025-10-13 03:08:02.000333,66.0999984741211,1.037,0.0011,"aoml_navis",1023.32280302634
"7901009",89,0.0865524825088178,1,0.134568,1,0.11214,1,191.763685761132,1,4.88596190975016,68,1,29.0799999237061,36.3479995727539,0.134568005800247,0.0937651917338371,184.916793823242,-87.5994,26.341,67.5450333763365,63,63,63,63,61,63,0.11214,8045,1.29563008188212,26,-88,0.001869,51,2025-10-13 03:08:02.000333,68,1.037,0.0011,"aoml_navis",1023.3399466382
"7901009",89,0.158679551266166,1,0.228018,1,0.20559,1,194.179960290423,1,4.88542170484697,69.9000015258789,1,28.8209991455078,36.3720016479492,0.228018000721931,0.165892258286476,187.246795654297,-87.5994,26.341,67.5450333763365,63,63,63,63,61,63,0.20559,8045,1.29563008188212,26,-88,0.001869,51,2025-10-13 03:08:02.000333,69.9000015258789,1.037,0.0011,"aoml_navis",1023.45310232674
"7901009",89,0.236576785524102,1,0.328944,1,0.306516,1,194.453110284363,1,4.88440051097922,72,1,28.3050003051758,36.4160003662109,0.328943997621536,0.243789508938789,187.510192871094,-87.5994,26.341,67.5450333763365,63,63,63,63,61,63,0.306516,8045,1.29563008188212,26,-88,0.001869,51,2025-10-13 03:08:02.000333,72,1.037,0.0011,"aoml_navis",1023.66707823425
"7901009",89,0.256772364776159,1,0.35511,1,0.332682,1,197.25744705739,1,4.88400993592748,74.3000030517578,1,28.1189994812012,36.4300003051758,0.355109989643097,0.263985067605972,190.214401245117,-87.5994,26.341,67.5450333763365,63,63,63,63,61,63,0.332682,8045,1.29563008188212,26,-88,0.001869,51,2025-10-13 03:08:02.000333,74.3000030517578,1.037,0.0011,"aoml_navis",1023.74894105339
"7901009",89,0.268312695777335,1,0.370062,1,0.347634,1,202.110725260455,1,4.88360260709564,75.8000030517578,1,27.9179992675781,36.4469985961914,0.370061993598938,0.27552542090416,194.894393920898,-87.5994,26.341,67.5450333763365,63,63,63,63,61,63,0.347634,8045,1.29563008188212,26,-88,0.001869,51,2025-10-13 03:08:02.000333,75.8000030517578,1.037,0.0011,"aoml_navis",1023.83432934024
"7901009",89,0.321686726657773,1,0.439215,1,0.416787,1,207.975332533886,1,4.8828685894522,78,1,27.5200004577637,36.4659996032715,0.439215004444122,0.328899413347244,200.549606323242,-87.5994,26.341,67.5450333763365,63,63,63,63,61,63,0.416787,8045,1.29563008188212,26,-88,0.001869,51,2025-10-13 03:08:02.000333,78,1.037,0.0011,"aoml_navis",1023.98823732443
"7901009",89,0.406796667791444,1,0.549486,1,0.527058,1,202.524406194968,1,4.88243359512447,80,1,27.2910003662109,36.4770011901855,0.549485981464386,0.414009362459183,195.293304443359,-87.5994,26.341,67.5450333763365,63,63,63,63,61,63,0.527058,8045,1.29563008188212,26,-88,0.001869,51,2025-10-13 03:08:02.000333,80,1.037,0.0011,"aoml_navis",1024.07946827847
"7901009",89,0.386601088539386,1,0.52332,1,0.500892,1,198.74920174275,1,4.88203786898075,82,1,27.0909996032715,36.4900016784668,0.523320019245148,0.393813788890839,191.652893066406,-87.5994,26.341,67.5450333763365,63,63,63,63,61,63,0.500892,8045,1.29563008188212,26,-88,0.001869,51,2025-10-13 03:08:02.000333,82,1.037,0.0011,"aoml_navis",1024.16247767531
"7901009",89,0.382273464413945,1,0.517713,1,0.495285,1,206.27948280613,1,4.88160899285538,84,1,26.8120002746582,36.4790000915527,0.517713010311127,0.389486193656921,198.914306640625,-87.5994,26.341,67.5450333763365,63,63,63,63,61,63,0.495285,8045,1.29563008188212,26,-88,0.001869,51,2025-10-13 03:08:02.000333,84,1.037,0.0011,"aoml_navis",1024.25245596644
"7901009",89,0.318801643907479,1,0.435477,1,0.413049,1,213.436512678626,1,4.88116492032679,86,1,26.5590000152588,36.484001159668,0.435476988554001,0.326014339923859,205.815795898438,-87.5994,26.341,67.5450333763365,63,63,63,63,61,63,0.413049,8045,1.29563008188212,26,-88,0.001869,51,2025-10-13 03:08:02.000333,86,1.037,0.0011,"aoml_navis",1024.34563912773
"7901009",89,0.272640319902776,1,0.375669,1,0.353241,1,216.739235050606,1,4.88083881240205,88,1,26.3349990844727,36.4690017700195,0.375669002532959,0.279853016138077,209.000595092773,-87.5994,26.341,67.5450333763365,63,63,63,63,61,63,0.353241,8045,1.29563008188212,26,-88,0.001869,51,2025-10-13 03:08:02.000333,88,1.037,0.0011,"aoml_navis",1024.41407966499
"7901009",89,0.292835899154833,1,0.401835,1,0.379407,1,216.027845624262,1,4.88036929107806,90.0999984741211,1,26.0970001220703,36.4879989624023,0.40183499455452,0.300048619508743,208.314605712891,-87.5994,26.341,67.5450333763365,63,63,63,63,61,63,0.379407,8045,1.29563008188212,26,-88,0.001869,51,2025-10-13 03:08:02.000333,90.0999984741211,1.037,0.0011,"aoml_navis",1024.51263455424
"7901009",89,0.295720981905127,1,0.405573,1,0.383145,1,214.504031971938,1,4.87997230101156,92,1,25.8770008087158,36.4959983825684,0.405573010444641,0.302933692932129,206.845199584961,-87.5994,26.341,67.5450333763365,63,63,63,63,61,63,0.383145,8045,1.29563008188212,26,-88,0.001869,51,2025-10-13 03:08:02.000333,92,1.037,0.0011,"aoml_navis",1024.59597956397
"7901009",89,0.297163523280274,1,0.407442,1,0.385014,1,211.557107167663,1,4.87951955968444,93.9000015258789,1,25.6110000610352,36.5009994506836,0.407442003488541,0.304376214742661,204.003494262695,-87.5994,26.341,67.5450333763365,63,63,63,63,61,63,0.385014,8045,1.29563008188212,26,-88,0.001869,51,2025-10-13 03:08:02.000333,93.9000015258789,1.037,0.0011,"aoml_navis",1024.69104567404
"7901009",89,0.291393357779687,1,0.399966,1,0.377538,1,207.881988088616,1,4.87889577574718,96,1,25.2199993133545,36.5019989013672,0.39996600151062,0.298606067895889,200.459594726562,-87.5994,26.341,67.5450333763365,63,63,63,63,61,63,0.377538,8045,1.29563008188212,26,-88,0.001869,51,2025-10-13 03:08:02.000333,96,1.037,0.0011,"aoml_navis",1024.82205601825
"7901009",89,0.259657447526453,1,0.358848,1,0.33642,1,205.793518870092,1,4.87844497282798,98,1,24.9400005340576,36.5019989013672,0.358848005533218,0.266870141029358,198.445693969727,-87.5994,26.341,67.5450333763365,63,63,63,63,61,63,0.33642,8045,1.29563008188212,26,-88,0.001869,51,2025-10-13 03:08:02.000333,98,1.037,0.0011,"aoml_navis",1024.91675684548
"7901009",89,0.255329823401012,1,0.353241,1,0.330813,1,203.701109531739,1,4.87817746790218,99.9000015258789,1,24.7779998779297,36.5,0.353240996599197,0.262542545795441,196.427993774414,-87.5994,26.341,67.5450333763365,63,63,63,63,61,63,0.330813,8045,1.29563008188212,26,-88,0.001869,51,2025-10-13 03:08:02.000333,99.9000015258789,1.037,0.0011,"aoml_navis",1024.97296027039
"7901009",89,0.258214906151306,1,0.356979,1,0.334551,1,201.998218224369,1,4.8778974536295,102,1,24.6119995117188,36.4990005493164,0.356979012489319,0.265427619218826,194.785903930664,-87.5994,26.341,67.5450333763365,63,63,63,63,61,63,0.334551,8045,1.29563008188212,26,-88,0.001869,51,2025-10-13 03:08:02.000333,102,1.037,0.0011,"aoml_navis",1025.03179854256
"7901009",89,0.256772364776159,1,0.35511,1,0.332682,1,200.112593970062,1,4.87771708797067,104,1,24.507999420166,36.4959983825684,0.355109989643097,0.263985067605972,192.96760559082,-87.5994,26.341,67.5450333763365,63,63,63,63,61,63,0.332682,8045,1.29563008188212,26,-88,0.001869,51,2025-10-13 03:08:02.000333,104,1.037,0.0011,"aoml_navis",1025.06970162966
"7901009",89,0.263985071651894,1,0.364455,1,0.342027,1,198.679308131162,1,4.87736111267355,106,1,24.2840003967285,36.4939994812012,0.364455014467239,0.271197766065598,191.585494995117,-87.5994,26.341,67.5450333763365,63,63,63,63,61,63,0.342027,8045,1.29563008188212,26,-88,0.001869,51,2025-10-13 03:08:02.000333,106,1.037,0.0011,"aoml_navis",1025.14451657225
"7901009",89,0.2610999889016,1,0.360717,1,0.338289,1,197.623308545623,1,4.8771111966532,108,1,24.132999420166,36.492000579834,0.360716998577118,0.268312692642212,190.567199707031,-87.5994,26.341,67.5450333763365,63,63,63,63,61,63,0.338289,8045,1.29563008188212,26,-88,0.001869,51,2025-10-13 03:08:02.000333,108,1.037,0.0011,"aoml_navis",1025.19704767673
"7901009",89,0.268312695777335,1,0.370062,1,0.347634,1,196.490769363242,1,4.8768999057417,110,1,24.0060005187988,36.4889984130859,0.370061993598938,0.27552542090416,189.47509765625,-87.5994,26.341,67.5450333763365,63,63,63,63,61,63,0.347634,8045,1.29563008188212,26,-88,0.001869,51,2025-10-13 03:08:02.000333,110,1.037,0.0011,"aoml_navis",1025.2414641755
"7901009",89,0.245232033774984,1,0.340158,1,0.31773,1,195.391317693161,1,4.87667949549984,112,1,23.8950004577637,36.4949989318848,0.340157985687256,0.252444744110107,188.414901733398,-87.5994,26.341,67.5450333763365,63,63,63,63,61,63,0.31773,8045,1.29563008188212,26,-88,0.001869,51,2025-10-13 03:08:02.000333,112,1.037,0.0011,"aoml_navis",1025.28780179504
"7901009",89,0.251002199275572,1,0.347634,1,0.325206,1,194.297879057358,1,4.87655393148869,114,1,23.8430004119873,36.4980010986328,0.347633987665176,0.258214920759201,187.360504150391,-87.5994,26.341,67.5450333763365,63,63,63,63,61,63,0.325206,8045,1.29563008188212,26,-88,0.001869,51,2025-10-13 03:08:02.000333,114,1.037,0.0011,"aoml_navis",1025.3142014311
"7901009",89,0.252444740650718,1,0.349503,1,0.327075,1,193.23388846574,1,4.87638253682315,116,1,23.7560005187988,36.5,0.349503010511398,0.259657442569733,186.334503173828,-87.5994,26.341,67.5450333763365,63,63,63,63,61,63,0.327075,8045,1.29563008188212,26,-88,0.001869,51,2025-10-13 03:08:02.000333,116,1.037,0.0011,"aoml_navis",1025.35023908469
"7901009",89,0.266870154402188,1,0.368193,1,0.345765,1,191.827787871284,1,4.87622095091334,118,1,23.6630001068115,36.4970016479492,0.368193000555038,0.274082869291306,184.978607177734,-87.5994,26.341,67.5450333763365,63,63,63,63,61,63,0.345765,8045,1.29563008188212,26,-88,0.001869,51,2025-10-13 03:08:02.000333,118,1.037,0.0011,"aoml_navis",1025.38421665726
"7901009",89,0.27552540265307,1,0.379407,1,0.356979,1,189.826206998069,1,4.87601229019812,120,1,23.5440006256104,36.4970016479492,0.379406988620758,0.282738119363785,183.048492431641,-87.5994,26.341,67.5450333763365,63,63,63,63,61,63,0.356979,8045,1.29563008188212,26,-88,0.001869,51,2025-10-13 03:08:02.000333,120,1.037,0.0011,"aoml_navis",1025.42809624396
"7901009",89,0.285623192279099,1,0.39249,1,0.370062,1,186.875452840386,1,4.87583600992969,122,1,23.4400005340576,36.4939994812012,0.3924899995327,0.292835921049118,180.203094482422,-87.5994,26.341,67.5450333763365,63,63,63,63,61,63,0.370062,8045,1.29563008188212,26,-88,0.001869,51,2025-10-13 03:08:02.000333,122,1.037,0.0011,"aoml_navis",1025.46516942273
"7901009",89,0.287065733654246,1,0.394359,1,0.371931,1,183.119664159375,1,4.87566630912772,124,1,23.3430004119873,36.492000579834,0.394358992576599,0.29427844285965,176.581405639648,-87.5994,26.341,67.5450333763365,63,63,63,63,61,63,0.371931,8045,1.29563008188212,26,-88,0.001869,51,2025-10-13 03:08:02.000333,124,1.037,0.0011,"aoml_navis",1025.50086141858
"7901009",89,0.287065733654246,1,0.394359,1,0.371931,1,178.348511345521,1,4.87550870872189,126,1,23.2569999694824,36.4910011291504,0.394358992576599,0.29427844285965,171.980606079102,-87.5994,26.341,67.5450333763365,63,63,63,63,61,63,0.371931,8045,1.29563008188212,26,-88,0.001869,51,2025-10-13 03:08:02.000333,126,1.037,0.0011,"aoml_navis",1025.53401064701
"7901009",89,0.253887282025865,1,0.351372,1,0.328944,1,172.089638908782,1,4.87530691053495,128,1,23.1520004272461,36.4949989318848,0.351372003555298,0.261099994182587,165.945205688477,-87.5994,26.341,67.5450333763365,63,63,63,63,61,63,0.328944,8045,1.29563008188212,26,-88,0.001869,51,2025-10-13 03:08:02.000333,128,1.037,0.0011,"aoml_navis",1025.57645944209
"7901009",89,0.238019326899249,1,0.330813,1,0.308385,1,164.628222911653,1,4.87503337656844,130,1,23.0209999084473,36.5089988708496,0.330812990665436,0.245232045650482,158.750198364258,-87.5994,26.341,67.5450333763365,63,63,63,63,61,63,0.308385,8045,1.29563008188212,26,-88,0.001869,51,2025-10-13 03:08:02.000333,130,1.037,0.0011,"aoml_navis",1025.63400366287
"7901009",89,0.213496123521751,1,0.29904,1,0.276612,1,157.214832069871,1,4.8746637827544,132,1,22.867000579834,36.5410003662109,0.299039989709854,0.220708832144737,151.601501464844,-87.5994,26.341,67.5450333763365,63,63,63,63,61,63,0.276612,8045,1.29563008188212,26,-88,0.001869,51,2025-10-13 03:08:02.000333,132,1.037,0.0011,"aoml_navis",1025.71176656101
"7901009",89,0.230806620023514,1,0.321468,1,0.29904,1,150.515631462506,1,4.87431606301717,134,1,22.8719997406006,36.6279983520508,0.321467995643616,0.238019332289696,145.141494750977,-87.5994,26.341,67.5450333763365,63,63,63,63,61,63,0.29904,8045,1.29563008188212,26,-88,0.001869,51,2025-10-13 03:08:02.000333,134,1.037,0.0011,"aoml_navis",1025.78493789856
"7901009",89,0.222151371772632,1,0.310254,1,0.287826,1,145.611321586955,1,4.8739932098253,136,1,22.94700050354,36.7350006103516,0.310254007577896,0.229364067316055,140.412292480469,-87.5994,26.341,67.5450333763365,63,63,63,63,61,63,0.287826,8045,1.29563008188212,26,-88,0.001869,51,2025-10-13 03:08:02.000333,136,1.037,0.0011,"aoml_navis",1025.85288586793
"7901009",89,0.213496123521751,1,0.29904,1,0.276612,1,142.648747069784,1,4.87376930335896,138,1,22.9060001373291,36.7700004577637,0.299039989709854,0.220708832144737,137.55549621582,-87.5994,26.341,67.5450333763365,63,63,63,63,61,63,0.276612,8045,1.29563008188212,26,-88,0.001869,51,2025-10-13 03:08:02.000333,138,1.037,0.0011,"aoml_navis",1025.90001470813
"7901009",89,0.197628168395134,1,0.278481,1,0.256053,1,140.409809580355,1,4.87349282372138,140,1,22.7929992675781,36.7919998168945,0.278481006622314,0.204840868711472,135.396499633789,-87.5994,26.341,67.5450333763365,63,63,63,63,61,63,0.256053,8045,1.29563008188212,26,-88,0.001869,51,2025-10-13 03:08:02.000333,140,1.037,0.0011,"aoml_navis",1025.95821536104
"7901009",89,0.187530378769105,1,0.265398,1,0.24297,1,138.766115013068,1,4.87323368258119,142,1,22.6110000610352,36.7830009460449,0.265397995710373,0.194743096828461,133.811492919922,-87.5994,26.341,67.5450333763365,63,63,63,63,61,63,0.24297,8045,1.29563008188212,26,-88,0.001869,51,2025-10-13 03:08:02.000333,142,1.037,0.0011,"aoml_navis",1026.01277215003
"7901009",89,0.173104965017636,1,0.246708,1,0.22428,1,136.255783968659,1,4.87299717365591,144,1,22.4710006713867,36.7840003967285,0.246708005666733,0.180317670106888,131.39079284668,-87.5994,26.341,67.5450333763365,63,63,63,63,61,63,0.22428,8045,1.29563008188212,26,-88,0.001869,51,2025-10-13 03:08:02.000333,144,1.037,0.0011,"aoml_navis",1026.06256926039
"7901009",89,0.150024303015284,1,0.216804,1,0.194376,1,134.070773902433,1,4.87267847689583,146,1,22.1079998016357,36.7239990234375,0.216803997755051,0.157237008213997,129.283798217773,-87.5994,26.341,67.5450333763365,63,63,63,63,61,63,0.194376,8045,1.29563008188212,26,-88,0.001869,51,2025-10-13 03:08:02.000333,146,1.037,0.0011,"aoml_navis",1026.12967871939
"7901009",89,0.131271265138374,1,0.192507,1,0.170079,1,131.495422968955,1,4.87242882188683,148,1,21.7630004882812,36.6529998779297,0.19250699877739,0.138483971357346,126.800399780273,-87.5994,26.341,67.5450333763365,63,63,63,63,61,63,0.170079,8045,1.29563008188212,26,-88,0.001869,51,2025-10-13 03:08:02.000333,148,1.037,0.0011,"aoml_navis",1026.18225586798
"7901009",89,0.116845851386904,1,0.173817,1,0.151389,1,127.735369780739,1,4.87207415506694,150,1,21.4060001373291,36.6080017089844,0.173816993832588,0.124058552086353,123.174598693848,-87.5994,26.341,67.5450333763365,63,63,63,63,61,63,0.151389,8045,1.29563008188212,26,-88,0.001869,51,2025-10-13 03:08:02.000333,150,1.037,0.0011,"aoml_navis",1026.25695768609
"7901009",89,0.100977896260287,1,0.153258,1,0.13083,1,126.669203420139,1,4.87153475163819,152,1,21.0419998168945,36.6129989624023,0.153257995843887,0.108190603554249,122.146499633789,-87.5994,26.341,67.5450333763365,63,63,63,63,61,63,0.13083,8045,1.29563008188212,26,-88,0.001869,51,2025-10-13 03:08:02.000333,152,1.037,0.0011,"aoml_navis",1026.37059056565
"7901009",89,0.0980928135099935,1,0.14952,1,0.127092,1,128.142919002667,1,4.87129768078962,154,1,20.8729991912842,36.6059989929199,0.149519994854927,0.105305515229702,123.567596435547,-87.5994,26.341,67.5450333763365,63,63,63,63,61,63,0.127092,8045,1.29563008188212,26,-88,0.001869,51,2025-10-13 03:08:02.000333,154,1.037,0.0011,"aoml_navis",1026.42054081768
"7901009",89,0.0894375652591117,1,0.138306,1,0.115878,1,129.883779456744,1,4.87102590161538,156,1,20.6429996490479,36.5870018005371,0.138306006789207,0.0966502651572227,125.246299743652,-87.5994,26.341,67.5450333763365,63,63,63,63,61,63,0.115878,8045,1.29563008188212,26,-88,0.001869,51,2025-10-13 03:08:02.000333,156,1.037,0.0011,"aoml_navis",1026.47781001161
"7901009",89,0.0923226480094056,1,0.142044,1,0.119616,1,129.63095510104,1,4.87080027518335,158,1,20.4500007629395,36.5690002441406,0.142043992877007,0.0995353534817696,125.002502441406,-87.5994,26.341,67.5450333763365,63,63,63,63,61,63,0.119616,8045,1.29563008188212,26,-88,0.001869,51,2025-10-13 03:08:02.000333,158,1.037,0.0011,"aoml_navis",1026.52535877419
"7901009",89,0.0865524825088178,1,0.134568,1,0.11214,1,126.322108928361,1,4.87061762206718,160,1,20.326000213623,36.5639991760254,0.134568005800247,0.0937651917338371,121.811798095703,-87.5994,26.341,67.5450333763365,63,63,63,63,61,63,0.11214,8045,1.29563008188212,26,-88,0.001869,51,2025-10-13 03:08:02.000333,160,1.037,0.0011,"aoml_navis",1026.56385451952
"7901009",89,0.0793397756330829,1,0.125223,1,0.102795,1,124.541744421458,1,4.87037150870368,162,1,20.2479991912842,36.5929985046387,0.125222995877266,0.0865524783730507,120.095001220703,-87.5994,26.341,67.5450333763365,63,63,63,63,61,63,0.102795,8045,1.29563008188212,26,-88,0.001869,51,2025-10-13 03:08:02.000333,162,1.037,0.0011,"aoml_navis",1026.61572963472
"7901009",89,0.0793397756330829,1,0.125223,1,0.102795,1,123.629155703436,1,4.87026750774155,164,1,20.181999206543,36.5870018005371,0.125222995877266,0.0865524783730507,119.214996337891,-87.5994,26.341,67.5450333763365,63,63,63,63,61,63,0.102795,8045,1.29563008188212,26,-88,0.001869,51,2025-10-13 03:08:02.000333,164,1.037,0.0011,"aoml_navis",1026.63765225467
"7901009",89,0.077897234257936,1,0.123354,1,0.100926,1,123.541009368061,1,4.8700562228849,166,1,20.0259990692139,36.5789985656738,0.123354002833366,0.0851099416613579,119.129997253418,-87.5994,26.341,67.5450333763365,63,63,63,63,61,63,0.100926,8045,1.29563008188212,26,-88,0.001869,51,2025-10-13 03:08:02.000333,166,1.037,0.0011,"aoml_navis",1026.68219239533
"7901009",89,0.0735696101324951,1,0.117747,1,0.095319,1,122.373634146307,1,4.86982544884524,168,1,19.8309993743896,36.5629997253418,0.117747001349926,0.0807823166251183,118.004302978516,-87.5994,26.341,67.5450333763365,63,63,63,63,61,63,0.095319,8045,1.29563008188212,26,-88,0.001869,51,2025-10-13 03:08:02.000333,168,1.037,0.0011,"aoml_navis",1026.73084539111
"7901009",89,0.0577016550058785,1,0.097188,1,0.07476,1,121.252812468879,1,4.86960670747781,170,1,19.6760005950928,36.5579986572266,0.0971880033612251,0.0649143606424332,116.923500061035,-87.5994,26.341,67.5450333763365,63,63,63,63,61,63,0.07476,8045,1.29563008188212,26,-88,0.001869,51,2025-10-13 03:08:02.000333,170,1.037,0.0011,"aoml_navis",1026.77696585269
"7901009",89,0.0519314895052907,1,0.089712,1,0.067284,1,122.110326540053,1,4.86943176468492,172,1,19.5349998474121,36.5460014343262,0.0897120013833046,0.0591441951692104,117.750396728516,-87.5994,26.341,67.5450333763365,63,63,63,63,61,63,0.067284,8045,1.29563008188212,26,-88,0.001869,51,2025-10-13 03:08:02.000333,172,1.037,0.0011,"aoml_navis",1026.8138545984
"7901009",89,0.0519314895052907,1,0.089712,1,0.067284,1,124.157108024882,1,4.8692574975227,174,1,19.3910007476807,36.5330009460449,0.0897120013833046,0.0591441951692104,119.724098205566,-87.5994,26.341,67.5450333763365,63,63,63,63,61,63,0.067284,8045,1.29563008188212,26,-88,0.001869,51,2025-10-13 03:08:02.000333,174,1.037,0.0011,"aoml_navis",1026.85060351477
"7901009",89,0.0490464067549967,1,0.085974,1,0.063546,1,125.858456514247,1,4.86900160676183,176,1,19.1630001068115,36.5139999389648,0.0859740003943443,0.0562591180205345,121.364700317383,-87.5994,26.341,67.5450333763365,63,63,63,63,61,63,0.063546,8045,1.29563008188212,26,-88,0.001869,51,2025-10-13 03:08:02.000333,176,1.037,0.0011,"aoml_navis",1026.90456972868
"7901009",89,0.0548165722555846,1,0.09345,1,0.071022,1,125.589246640136,1,4.86887880977261,178,1,19.0590000152588,36.5009994506836,0.0934500023722649,0.0620292760431767,121.105102539062,-87.5994,26.341,67.5450333763365,63,63,63,63,61,63,0.071022,8045,1.29563008188212,26,-88,0.001869,51,2025-10-13 03:08:02.000333,178,1.037,0.0011,"aoml_navis",1026.93046907724
"7901009",89,0.0519314895052907,1,0.089712,1,0.067284,1,124.662970357246,1,4.8687454406541,180,1,18.9489994049072,36.4889984130859,0.0897120013833046,0.0591441951692104,120.211898803711,-87.5994,26.341,67.5450333763365,63,63,63,63,61,63,0.067284,8045,1.29563008188212,26,-88,0.001869,51,2025-10-13 03:08:02.000333,180,1.037,0.0011,"aoml_navis",1026.95859969386
"7901009",89,0.0476038653798498,1,0.084105,1,0.061677,1,123.632890114198,1,4.86856811271333,182,1,18.7819995880127,36.4700012207031,0.0841049998998642,0.0548165738582611,119.218597412109,-87.5994,26.341,67.5450333763365,63,63,63,63,61,63,0.061677,8045,1.29563008188212,26,-88,0.001869,51,2025-10-13 03:08:02.000333,182,1.037,0.0011,"aoml_navis",1026.99600462474
"7901009",89,0.0447187826295558,1,0.080367,1,0.057939,1,123.069476714289,1,4.86838700685788,184,1,18.6049995422363,36.4490013122559,0.0803669989109039,0.0519314929842949,118.675300598145,-87.5994,26.341,67.5450333763365,63,63,63,63,61,63,0.057939,8045,1.29563008188212,26,-88,0.001869,51,2025-10-13 03:08:02.000333,184,1.037,0.0011,"aoml_navis",1027.03420926823
"7901009",89,0.0432762412544089,1,0.078498,1,0.05607,1,123.129828589905,1,4.86826166967771,186,1,18.4939994812012,36.435001373291,0.0784979984164238,0.0504889488220215,118.733497619629,-87.5994,26.341,67.5450333763365,63,63,63,63,61,63,0.05607,8045,1.29563008188212,26,-88,0.001869,51,2025-10-13 03:08:02.000333,186,1.037,0.0011,"aoml_navis",1027.06065106213
"7901009",89,0.0476038653798498,1,0.084105,1,0.061677,1,124.405889406224,1,4.86815131358639,188,1,18.4039993286133,36.423999786377,0.0841049998998642,0.0548165738582611,119.963996887207,-87.5994,26.341,67.5450333763365,63,63,63,63,61,63,0.061677,8045,1.29563008188212,26,-88,0.001869,51,2025-10-13 03:08:02.000333,188,1.037,0.0011,"aoml_navis",1027.08393349353
"7901009",89,0.0432762412544089,1,0.078498,1,0.05607,1,127.636748106702,1,4.86803164668751,190,1,18.3059997558594,36.4129981994629,0.0784979984164238,0.0504889488220215,123.079498291016,-87.5994,26.341,67.5450333763365,63,63,63,63,61,63,0.05607,8045,1.29563008188212,26,-88,0.001869,51,2025-10-13 03:08:02.000333,190,1.037,0.0011,"aoml_navis",1027.10918147015
"7901009",89,0.0605867377561724,1,0.100926,1,0.078498,1,128.250568140007,1,4.86791710284336,192,1,18.2180004119873,36.4039993286133,0.100925996899605,0.0677994415163994,123.671401977539,-87.5994,26.341,67.5450333763365,63,63,63,63,61,63,0.078498,8045,1.29563008188212,26,-88,0.001869,51,2025-10-13 03:08:02.000333,192,1.037,0.0011,"aoml_navis",1027.13334971943
"7901009",89,0.0548165722555846,1,0.09345,1,0.071022,1,126.50732620788,1,4.86780544470892,194,1,18.117000579834,36.3899993896484,0.0934500023722649,0.0620292760431767,121.99040222168,-87.5994,26.341,67.5450333763365,63,63,63,63,61,63,0.071022,8045,1.29563008188212,26,-88,0.001869,51,2025-10-13 03:08:02.000333,194,1.037,0.0011,"aoml_navis",1027.15691019138
"7901009",89,0.0201955792520575,1,0.048594,1,0.026166,1,127.066902342494,1,4.86768460994792,196,1,18.0109996795654,36.3769989013672,0.0485940016806126,0.0274082869291306,122.529998779297,-87.5994,26.341,67.5450333763365,63,63,63,63,61,63,0.026166,8045,1.29563008188212,26,-88,0.001869,51,2025-10-13 03:08:02.000333,196,1.037,0.0011,"aoml_navis",1027.1824081991
"7901009",89,0.00721270687573481,1,0.031773,1,0.009345,1,127.658838095784,1,4.86755940065224,198,1,17.9039993286133,36.3650016784668,0.0317730009555817,0.0144254146143794,123.100799560547,-87.5994,26.341,67.5450333763365,63,63,63,63,61,63,0.009345,8045,1.29563008188212,26,-88,0.001869,51,2025-10-13 03:08:02.000333,198,1.037,0.0011,"aoml_navis",1027.20883063698
"7901009",89,0.00432762412544089,1,0.028035,1,0.005607,1,127.374382015025,1,4.86747004331675,200,1,17.8330001831055,36.3549995422363,0.0280349999666214,0.0115403309464455,122.826499938965,-87.5994,26.341,67.5450333763365,63,63,63,63,61,63,0.005607,8045,1.29563008188212,26,-88,0.001869,51,2025-10-13 03:08:02.000333,200,1.037,0.0011,"aoml_navis",1027.22768820431
"7901009",89,0,1,0.022428,1,0,1,126.99161282383,1,4.86735767084808,202,1,17.7269992828369,36.3400001525879,0.0224280003458261,0.0072127073071897,122.457397460938,-87.5994,26.341,67.5450333763365,63,63,63,63,61,63,0,8045,1.29563008188212,26,-88,0.001869,51,2025-10-13 03:08:02.000333,202,1.037,0.0011,"aoml_navis",1027.25140376397
"7901009",89,0.00288508275029393,1,0.026166,1,0.003738,1,126.572140387881,1,4.86724928581991,204,1,17.6240005493164,36.3250007629395,0.0261659994721413,0.0100977895781398,122.05290222168,-87.5994,26.341,67.5450333763365,63,63,63,63,61,63,0.003738,8045,1.29563008188212,26,-88,0.001869,51,2025-10-13 03:08:02.000333,204,1.037,0.0011,"aoml_navis",1027.27427883483
"7901009",89,0.00144254137514696,1,0.024297,1,0.001869,1,125.806602005491,1,4.86714239056982,206,1,17.5249996185303,36.3110008239746,0.0242970008403063,0.0086552482098341,121.314697265625,-87.5994,26.341,67.5450333763365,63,63,63,63,61,63,0.001869,8045,1.29563008188212,26,-88,0.001869,51,2025-10-13 03:08:02.000333,206,1.037,0.0011,"aoml_navis",1027.29684048028
"7901009",89,-0.00144254137514696,1,0.020559,1,-0.001869,1,125.281869822139,1,4.86704069090615,208,1,17.4270000457764,36.2960014343262,0.020558999851346,0.00577016547322273,120.808700561523,-87.5994,26.341,67.5450333763365,63,63,63,63,61,63,-0.001869,8045,1.29563008188212,26,-88,0.001869,51,2025-10-13 03:08:02.000333,208,1.037,0.0011,"aoml_navis",1027.31830644898
"7901009",89,0.00288508275029393,1,0.026166,1,0.003738,1,125.604698555852,1,4.86694959331344,210,1,17.3439998626709,36.2830009460449,0.0261659994721413,0.0100977895781398,121.120002746582,-87.5994,26.341,67.5450333763365,63,63,63,63,61,63,0.003738,8045,1.29563008188212,26,-88,0.001869,51,2025-10-13 03:08:02.000333,210,1.037,0.0011,"aoml_navis",1027.33753537726
"7901009",89,0.00432762412544089,1,0.028035,1,0.005607,1,126.496850869218,1,4.86684877529992,212,1,17.2430000305176,36.2669982910156,0.0280349999666214,0.0115403309464455,121.98030090332,-87.5994,26.341,67.5450333763365,63,63,63,63,61,63,0.005607,8045,1.29563008188212,26,-88,0.001869,51,2025-10-13 03:08:02.000333,212,1.037,0.0011,"aoml_navis",1027.3588169363
"7901009",89,0.00288508275029393,1,0.026166,1,0.003738,1,127.157952340474,1,4.86674324109539,214,1,17.1469993591309,36.2540016174316,0.0261659994721413,0.0100977895781398,122.617797851562,-87.5994,26.341,67.5450333763365,63,63,63,63,61,63,0.003738,8045,1.29563008188212,26,-88,0.001869,51,2025-10-13 03:08:02.000333,214,1.037,0.0011,"aoml_navis",1027.38109497525
"7901009",89,0.00144254137514696,1,0.024297,1,0.001869,1,127.486999817532,1,4.86666775056816,216,1,17.0830001831055,36.2430000305176,0.0242970008403063,0.0086552482098341,122.935096740723,-87.5994,26.341,67.5450333763365,63,63,63,63,61,63,0.001869,8045,1.29563008188212,26,-88,0.001869,51,2025-10-13 03:08:02.000333,216,1.037,0.0011,"aoml_navis",1027.39703145263
"7901009",89,0.00432762412544089,1,0.028035,1,0.005607,1,127.185643945699,1,4.86658046869162,218,1,16.996000289917,36.2280006408691,0.0280349999666214,0.0115403309464455,122.644500732422,-87.5994,26.341,67.5450333763365,63,63,63,63,61,63,0.005607,8045,1.29563008188212,26,-88,0.001869,51,2025-10-13 03:08:02.000333,218,1.037,0.0011,"aoml_navis",1027.41545776685
"7901009",89,0.00144254137514696,1,0.024297,1,0.001869,1,126.370434735422,1,4.8664355056435,220,1,16.8330001831055,36.2050018310547,0.0242970008403063,0.0086552482098341,121.8583984375,-87.5994,26.341,67.5450333763365,63,63,63,63,61,63,0.001869,8045,1.29563008188212,26,-88,0.001869,51,2025-10-13 03:08:02.000333,220,1.037,0.0011,"aoml_navis",1027.4460627705
"7901009",89,0.00432762412544089,1,0.028035,1,0.005607,1,125.41543830197,1,4.86631944191788,222,1,16.7040004730225,36.185001373291,0.0280349999666214,0.0115403309464455,120.9375,-87.5994,26.341,67.5450333763365,63,63,63,63,61,63,0.005607,8045,1.29563008188212,26,-88,0.001869,51,2025-10-13 03:08:02.000333,222,1.037,0.0011,"aoml_navis",1027.47056778283
"7901009",89,0.00144254137514696,1,0.024297,1,0.001869,1,123.869645426984,1,4.86622875260295,224,1,16.6159992218018,36.1710014343262,0.0242970008403063,0.0086552482098341,119.446899414062,-87.5994,26.341,67.5450333763365,63,63,63,63,61,63,0.001869,8045,1.29563008188212,26,-88,0.001869,51,2025-10-13 03:08:02.000333,224,1.037,0.0011,"aoml_navis",1027.48971620487
"7901009",89,0,1,0.01869,1,-0.003738,1,122.916199723425,1,4.86612692331283,226,1,16.5049991607666,36.1529998779297,0.0186899993568659,0.00432762410491705,118.527496337891,-87.5994,26.341,67.5450333763365,63,63,63,63,61,63,0,8045,1.29563008188212,26,-88,0.001869,51,2025-10-13 03:08:02.000333,226,1.037,0.0011,"aoml_navis",1027.51121760631
"7901009",89,0,1,0.01869,1,-0.003738,1,122.461986190749,1,4.86603808411523,228,1,16.4179992675781,36.1389999389648,0.0186899993568659,0.00432762410491705,118.089500427246,-87.5994,26.341,67.5450333763365,63,63,63,63,61,63,0,8045,1.29563008188212,26,-88,0.001869,51,2025-10-13 03:08:02.000333,228,1.037,0.0011,"aoml_navis",1027.529976866
"7901009",89,0,1,0.01869,1,-0.003738,1,121.95902752099,1,4.86593271739492,230,1,16.3159999847412,36.125,0.0186899993568659,0.00432762410491705,117.604499816895,-87.5994,26.341,67.5450333763365,63,63,63,63,61,63,0,8045,1.29563008188212,26,-88,0.001869,51,2025-10-13 03:08:02.000333,230,1.037,0.0011,"aoml_navis",1027.55222696068
"7901009",89,0,1,0.01869,1,-0.003738,1,121.472976554193,1,4.86583337066347,232,1,16.2189998626709,36.1110000610352,0.0186899993568659,0.00432762410491705,117.135803222656,-87.5994,26.341,67.5450333763365,63,63,63,63,61,63,0,8045,1.29563008188212,26,-88,0.001869,51,2025-10-13 03:08:02.000333,232,1.037,0.0011,"aoml_navis",1027.57320670811
"7901009",89,0,1,0.016821,1,-0.005607,1,120.850856951207,1,4.86576587957968,234,1,16.1599998474121,36.0999984741211,0.0168210007250309,0.00288508273661137,116.53589630127,-87.5994,26.341,67.5450333763365,63,63,63,63,61,63,0,8045,1.29563008188212,26,-88,0.001869,51,2025-10-13 03:08:02.000333,234,1.037,0.0011,"aoml_navis",1027.58745976325
"7901009",89,0,1,0.022428,1,0,1,120.279143981618,1,4.86569124453125,236,1,16.1009998321533,36.0909996032715,0.0224280003458261,0.0072127073071897,115.984596252441,-87.5994,26.341,67.5450333763365,63,63,63,63,61,63,0,8045,1.29563008188212,26,-88,0.001869,51,2025-10-13 03:08:02.000333,236,1.037,0.0011,"aoml_navis",1027.60322197174
"7901009",89,0,1,0.024297,1,0.001869,1,120.176067915083,1,4.86560163012653,238,1,16.011999130249,36.0769996643066,0.0242970008403063,0.0086552482098341,115.885200500488,-87.5994,26.341,67.5450333763365,63,63,63,63,61,63,0,8045,1.29563008188212,26,-88,0.001869,51,2025-10-13 03:08:02.000333,238,1.037,0.0011,"aoml_navis",1027.62214831591
"7901009",89,0,1,0.016821,1,-0.005607,1,120.092067408605,1,4.86552198486121,240,1,15.9350004196167,36.0639991760254,0.0168210007250309,0.00288508273661137,115.80419921875,-87.5994,26.341,67.5450333763365,63,63,63,63,61,63,0,8045,1.29563008188212,26,-88,0.001869,51,2025-10-13 03:08:02.000333,240,1.037,0.0011,"aoml_navis",1027.63896978725
"7901009",89,0,1,0.01869,1,-0.003738,1,119.786043523319,1,4.86543033261514,242,1,15.8369998931885,36.0480003356934,0.0186899993568659,0.00432762410491705,115.509101867676,-87.5994,26.341,67.5450333763365,63,63,63,63,61,63,0,8045,1.29563008188212,26,-88,0.001869,51,2025-10-13 03:08:02.000333,242,1.037,0.0011,"aoml_navis",1027.65832787344
"7901009",89,0,1,0.022428,1,0,1,119.448071437491,1,4.86531454010015,244,1,15.710000038147,36.0299987792969,0.0224280003458261,0.0072127073071897,115.183197021484,-87.5994,26.341,67.5450333763365,63,63,63,63,61,63,0,8045,1.29563008188212,26,-88,0.001869,51,2025-10-13 03:08:02.000333,244,1.037,0.0011,"aoml_navis",1027.68278572531
"7901009",89,0,1,0.020559,1,-0.001869,1,119.222622211523,1,4.86522637553646,246,1,15.621000289917,36.015998840332,0.020558999851346,0.00577016547322273,114.965797424316,-87.5994,26.341,67.5450333763365,63,63,63,63,61,63,0,8045,1.29563008188212,26,-88,0.001869,51,2025-10-13 03:08:02.000333,246,1.037,0.0011,"aoml_navis",1027.70140874456
"7901009",89,0,1,0.022428,1,0,1,119.040007942895,1,4.86513527241294,248,1,15.5290002822876,36.0019989013672,0.0224280003458261,0.0072127073071897,114.789703369141,-87.5994,26.341,67.5450333763365,63,63,63,63,61,63,0,8045,1.29563008188212,26,-88,0.001869,51,2025-10-13 03:08:02.000333,248,1.037,0.0011,"aoml_navis",1027.72065318549
"7901009",89,0,1,0.01869,1,-0.003738,1,118.943253474239,1,4.86504528848575,250,1,15.4309997558594,35.9860000610352,0.0186899993568659,0.00432762410491705,114.696403503418,-87.5994,26.341,67.5450333763365,63,63,63,63,61,63,0,8045,1.29563008188212,26,-88,0.001869,51,2025-10-13 03:08:02.000333,250,1.037,0.0011,"aoml_navis",1027.73966191716
"7901009",89,0,1,0.020559,1,-0.001869,1,118.591285259941,1,4.86496238801151,252,1,15.3559999465942,35.9749984741211,0.020558999851346,0.00577016547322273,114.357002258301,-87.5994,26.341,67.5450333763365,63,63,63,63,61,63,0,8045,1.29563008188212,26,-88,0.001869,51,2025-10-13 03:08:02.000333,252,1.037,0.0011,"aoml_navis",1027.75717492108
"7901009",89,0,1,0.020559,1,-0.001869,1,118.008163348999,1,4.86489089986633,254,1,15.2880001068115,35.9630012512207,0.020558999851346,0.00577016547322273,113.794700622559,-87.5994,26.341,67.5450333763365,63,63,63,63,61,63,0,8045,1.29563008188212,26,-88,0.001869,51,2025-10-13 03:08:02.000333,254,1.037,0.0011,"aoml_navis",1027.77227751138
"7901009",89,0,1,0.01869,1,-0.003738,1,117.999246652117,1,4.86480347479372,256,1,15.2049999237061,35.951000213623,0.0186899993568659,0.00432762410491705,113.786102294922,-87.5994,26.341,67.5450333763365,63,63,63,63,61,63,0,8045,1.29563008188212,26,-88,0.001869,51,2025-10-13 03:08:02.000333,256,1.037,0.0011,"aoml_navis",1027.79074754135
"7901009",89,0,1,0.01869,1,-0.003738,1,118.288679309929,1,4.86474080855134,258,1,15.1549997329712,35.9420013427734,0.0186899993568659,0.00432762410491705,114.065200805664,-87.5994,26.341,67.5450333763365,63,63,63,63,61,63,0,8045,1.29563008188212,26,-88,0.001869,51,2025-10-13 03:08:02.000333,258,1.037,0.0011,"aoml_navis",1027.80398725681
"7901009",89,0,1,0.022428,1,0,1,118.707115288654,1,4.86466582911846,260,1,15.0900001525879,35.931999206543,0.0224280003458261,0.0072127073071897,114.468696594238,-87.5994,26.341,67.5450333763365,63,63,63,63,61,63,0,8045,1.29563008188212,26,-88,0.001869,51,2025-10-13 03:08:02.000333,260,1.037,0.0011,"aoml_navis",1027.81982887118
"7901009",89,0,1,0.01869,1,-0.003738,1,119.11653962785,1,4.86460578420095,262,1,15.0319995880127,35.9199981689453,0.0186899993568659,0.00432762410491705,114.863502502441,-87.5994,26.341,67.5450333763365,63,63,63,63,61,63,0,8045,1.29563008188212,26,-88,0.001869,51,2025-10-13 03:08:02.000333,262,1.037,0.0011,"aoml_navis",1027.83251548127
"7901009",89,0,1,0.022428,1,0,1,119.553228330362,1,4.8645038424764,264,1,14.9139995574951,35.9020004272461,0.0224280003458261,0.0072127073071897,115.284599304199,-87.5994,26.341,67.5450333763365,63,63,63,63,61,63,0,8045,1.29563008188212,26,-88,0.001869,51,2025-10-13 03:08:02.000333,264,1.037,0.0011,"aoml_navis",1027.85405498922
"7901009",89,0,1,0.016821,1,-0.005607,1,120.047270303238,1,4.86442075745922,266,1,14.8269996643066,35.8880004882812,0.0168210007250309,0.00288508273661137,115.761001586914,-87.5994,26.341,67.5450333763365,63,63,63,63,61,63,0,8045,1.29563008188212,26,-88,0.001869,51,2025-10-13 03:08:02.000333,266,1.037,0.0011,"aoml_navis",1027.87161088664
"7901009",89,0,1,0.024297,1,0.001869,1,120.584653594235,1,4.86433445556796,268,1,14.7469997406006,35.8769989013672,0.0242970008403063,0.0086552482098341,116.279197692871,-87.5994,26.341,67.5450333763365,63,63,63,63,61,63,0,8045,1.29563008188212,26,-88,0.001869,51,2025-10-13 03:08:02.000333,268,1.037,0.0011,"aoml_navis",1027.88984714584
"7901009",89,0,1,0.020559,1,-0.001869,1,121.461876176441,1,4.86427848277246,270,1,14.6990003585815,35.867000579834,0.020558999851346,0.00577016547322273,117.125099182129,-87.5994,26.341,67.5450333763365,63,63,63,63,61,63,0,8045,1.29563008188212,26,-88,0.001869,51,2025-10-13 03:08:02.000333,270,1.037,0.0011,"aoml_navis",1027.90167497774
"7901009",89,0,1,0.022428,1,0,1,122.215380578389,1,4.86421215786064,272,1,14.6479997634888,35.859001159668,0.0224280003458261,0.0072127073071897,117.851699829102,-87.5994,26.341,67.5450333763365,63,63,63,63,61,63,0,8045,1.29563008188212,26,-88,0.001869,51,2025-10-13 03:08:02.000333,272,1.037,0.0011,"aoml_navis",1027.9156907085
"7901009",89,0,1,0.020559,1,-0.001869,1,122.316280875942,1,4.86415539226267,274,1,14.6059999465942,35.851001739502,0.020558999851346,0.00577016547322273,117.948997497559,-87.5994,26.341,67.5450333763365,63,63,63,63,61,63,0,8045,1.29563008188212,26,-88,0.001869,51,2025-10-13 03:08:02.000333,274,1.037,0.0011,"aoml_navis",1027.92768667576
"7901009",89,0,1,0.022428,1,0,1,122.075593355213,1,4.86407815731495,276,1,14.5270004272461,35.8380012512207,0.0224280003458261,0.0072127073071897,117.716903686523,-87.5994,26.341,67.5450333763365,63,63,63,63,61,63,0,8045,1.29563008188212,26,-88,0.001869,51,2025-10-13 03:08:02.000333,276,1.037,0.0011,"aoml_navis",1027.94400876981
"7901009",89,0,1,0.020559,1,-0.001869,1,121.9003292298,1,4.86399858378778,278,1,14.4490003585815,35.826000213623,0.020558999851346,0.00577016547322273,117.547897338867,-87.5994,26.341,67.5450333763365,63,63,63,63,61,63,0,8045,1.29563008188212,26,-88,0.001869,51,2025-10-13 03:08:02.000333,278,1.037,0.0011,"aoml_navis",1027.96082561897
"7901009",89,0,1,0.020559,1,-0.001869,1,121.558005606008,1,4.86393591014169,280,1,14.4079999923706,35.8199996948242,0.020558999851346,0.00577016547322273,117.217796325684,-87.5994,26.341,67.5450333763365,63,63,63,63,61,63,0,8045,1.29563008188212,26,-88,0.001869,51,2025-10-13 03:08:02.000333,280,1.037,0.0011,"aoml_navis",1027.97407128137
"7901009",89,0,1,0.022428,1,0,1,121.285164175669,1,4.86387747323164,282,1,14.3640003204346,35.8120002746582,0.0224280003458261,0.0072127073071897,116.954696655273,-87.5994,26.341,67.5450333763365,63,63,63,63,61,63,0,8045,1.29563008188212,26,-88,0.001869,51,2025-10-13 03:08:02.000333,282,1.037,0.0011,"aoml_navis",1027.98642184502
"7901009",89,0,1,0.01869,1,-0.003738,1,120.980279602142,1,4.86379528312633,284,1,14.289999961853,35.8019981384277,0.0186899993568659,0.00432762410491705,116.660697937012,-87.5994,26.341,67.5450333763365,63,63,63,63,61,63,0,8045,1.29563008188212,26,-88,0.001869,51,2025-10-13 03:08:02.000333,284,1.037,0.0011,"aoml_navis",1028.00379311732
"7901009",89,0,1,0.022428,1,0,1,120.465919902917,1,4.86374421233975,286,1,14.2670001983643,35.7980003356934,0.0224280003458261,0.0072127073071897,116.164703369141,-87.5994,26.341,67.5450333763365,63,63,63,63,61,63,0,8045,1.29563008188212,26,-88,0.001869,51,2025-10-13 03:08:02.000333,286,1.037,0.0011,"aoml_navis",1028.01458746834
"7901009",89,0,1,0.024297,1,0.001869,1,119.408456618245,1,4.8636885865772,288,1,14.2290000915527,35.7910003662109,0.0242970008403063,0.0086552482098341,115.144996643066,-87.5994,26.341,67.5450333763365,63,63,63,63,61,63,0,8045,1.29563008188212,26,-88,0.001869,51,2025-10-13 03:08:02.000333,288,1.037,0.0011,"aoml_navis",1028.02634481965
"7901009",89,0,1,0.020559,1,-0.001869,1,118.14329047061,1,4.86363046653252,290,1,14.1850004196167,35.7830009460449,0.020558999851346,0.00577016547322273,113.925003051758,-87.5994,26.341,67.5450333763365,63,63,63,63,61,63,0,8045,1.29563008188212,26,-88,0.001869,51,2025-10-13 03:08:02.000333,290,1.037,0.0011,"aoml_navis",1028.03862966273
"7901009",89,0,1,0.028035,1,0.005607,1,117.722567956483,1,4.86356053049502,292,1,14.1330003738403,35.7760009765625,0.0280349999666214,0.0115403309464455,113.519302368164,-87.5994,26.341,67.5450333763365,63,63,63,63,61,63,0,8045,1.29563008188212,26,-88,0.001869,51,2025-10-13 03:08:02.000333,292,1.037,0.0011,"aoml_navis",1028.05341244331
"7901009",89,0,1,0.024297,1,0.001869,1,117.459988243852,1,4.8634918407735,294,1,14.0749998092651,35.7669982910156,0.0242970008403063,0.0086552482098341,113.266098022461,-87.5994,26.341,67.5450333763365,63,63,63,63,61,63,0,8045,1.29563008188212,26,-88,0.001869,51,2025-10-13 03:08:02.000333,294,1.037,0.0011,"aoml_navis",1028.0679321968
"7901009",89,0,1,0.020559,1,-0.001869,1,116.965329143773,1,4.86340769952982,296,1,13.9840002059937,35.7529983520508,0.020558999851346,0.00577016547322273,112.789100646973,-87.5994,26.341,67.5450333763365,63,63,63,63,61,63,0,8045,1.29563008188212,26,-88,0.001869,51,2025-10-13 03:08:02.000333,296,1.037,0.0011,"aoml_navis",1028.08571867898
"7901009",89,0,1,0.022428,1,0,1,116.340725208204,1,4.86334286304243,298,1,13.9329996109009,35.7449989318848,0.0224280003458261,0.0072127073071897,112.186798095703,-87.5994,26.341,67.5450333763365,63,63,63,63,61,63,0,8045,1.29563008188212,26,-88,0.001869,51,2025-10-13 03:08:02.000333,298,1.037,0.0011,"aoml_navis",1028.09942477962
"7901009",89,0,1,0.022428,1,0,1,115.756361130971,1,4.86328994399977,300,1,13.8900003433228,35.7360000610352,0.0224280003458261,0.0072127073071897,111.62329864502,-87.5994,26.341,67.5450333763365,63,63,63,63,61,63,0,8045,1.29563008188212,26,-88,0.001869,51,2025-10-13 03:08:02.000333,300,1.037,0.0011,"aoml_navis",1028.11061186448
"7901009",89,0,1,0.022428,1,0,1,115.261496321825,1,4.86320489757937,302,1,13.8009996414185,35.7229995727539,0.0224280003458261,0.0072127073071897,111.146102905273,-87.5994,26.341,67.5450333763365,63,63,63,63,61,63,0,8045,1.29563008188212,26,-88,0.001869,51,2025-10-13 03:08:02.000333,302,1.037,0.0011,"aoml_navis",1028.12859118659
"7901009",89,0,1,0.020559,1,-0.001869,1,115.297788148444,1,4.86312221623181,304,1,13.71399974823,35.7099990844727,0.020558999851346,0.00577016547322273,111.181098937988,-87.5994,26.341,67.5450333763365,63,63,63,63,61,63,0,8045,1.29563008188212,26,-88,0.001869,51,2025-10-13 03:08:02.000333,304,1.037,0.0011,"aoml_navis",1028.146071121
"7901009",89,0,1,0.024297,1,0.001869,1,115.705448136793,1,4.86303922290419,306,1,13.6300001144409,35.6980018615723,0.0242970008403063,0.0086552482098341,111.574203491211,-87.5994,26.341,67.5450333763365,63,63,63,63,61,63,0,8045,1.29563008188212,26,-88,0.001869,51,2025-10-13 03:08:02.000333,306,1.037,0.0011,"aoml_navis",1028.1636176099
"7901009",89,0,1,0.01869,1,-0.003738,1,115.807076327969,1,4.86297716523156,308,1,13.581000328064,35.689998626709,0.0186899993568659,0.00432762410491705,111.672203063965,-87.5994,26.341,67.5450333763365,63,63,63,63,61,63,0,8045,1.29563008188212,26,-88,0.001869,51,2025-10-13 03:08:02.000333,308,1.037,0.0011,"aoml_navis",1028.17673826398
"7901009",89,0,1,0.022428,1,0,1,115.882777264767,1,4.86293175429764,310,1,13.5629997253418,35.6860008239746,0.0224280003458261,0.0072127073071897,111.74520111084,-87.5994,26.341,67.5450333763365,63,63,63,63,61,63,0,8045,1.29563008188212,26,-88,0.001869,51,2025-10-13 03:08:02.000333,310,1.037,0.0011,"aoml_navis",1028.18633956383
"7901009",89,0,1,0.022428,1,0,1,116.024851023346,1,4.86285705137524,312,1,13.4940004348755,35.6759986877441,0.0224280003458261,0.0072127073071897,111.882202148438,-87.5994,26.341,67.5450333763365,63,63,63,63,61,63,0,8045,1.29563008188212,26,-88,0.001869,51,2025-10-13 03:08:02.000333,312,1.037,0.0011,"aoml_navis",1028.20213450156
"7901009",89,0,1,0.022428,1,0,1,116.306300586966,1,4.86278288555407,314,1,13.4289999008179,35.6669998168945,0.0224280003458261,0.0072127073071897,112.153602600098,-87.5994,26.341,67.5450333763365,63,63,63,63,61,63,0,8045,1.29563008188212,26,-88,0.001869,51,2025-10-13 03:08:02.000333,314,1.037,0.0011,"aoml_navis",1028.21781635647
"7901009",89,0,1,0.01869,1,-0.003738,1,116.434267450654,1,4.86272920749712,316,1,13.3879995346069,35.6590003967285,0.0186899993568659,0.00432762410491705,112.277000427246,-87.5994,26.341,67.5450333763365,63,63,63,63,61,63,0,8045,1.29563008188212,26,-88,0.001869,51,2025-10-13 03:08:02.000333,316,1.037,0.0011,"aoml_navis",1028.22916651235
"7901009",89,0,1,0.020559,1,-0.001869,1,116.47450730899,1,4.86267559862544,318,1,13.3470001220703,35.6510009765625,0.020558999851346,0.00577016547322273,112.315803527832,-87.5994,26.341,67.5450333763365,63,63,63,63,61,63,0,8045,1.29563008188212,26,-88,0.001869,51,2025-10-13 03:08:02.000333,318,1.037,0.0011,"aoml_navis",1028.24050228919
"7901009",89,0,1,0.022428,1,0,1,116.378369967536,1,4.86259557756066,320,1,13.2609996795654,35.6380004882812,0.0224280003458261,0.0072127073071897,112.223098754883,-87.5994,26.341,67.5450333763365,63,63,63,63,61,63,0,8045,1.29563008188212,26,-88,0.001869,51,2025-10-13 03:08:02.000333,320,1.037,0.0011,"aoml_navis",1028.2574234784
"7901009",89,0,1,0.026166,1,0.003738,1,115.946863551145,1,4.86253492919359,322,1,13.2089996337891,35.6290016174316,0.0261659994721413,0.0100977895781398,111.806999206543,-87.5994,26.341,67.5450333763365,63,63,63,63,61,63,0,8045,1.29563008188212,26,-88,0.001869,51,2025-10-13 03:08:02.000333,322,1.037,0.0011,"aoml_navis",1028.27024850374
"7901009",89,0,1,0.022428,1,0,1,115.329831291633,1,4.86246649714298,324,1,13.1490001678467,35.6199989318848,0.0224280003458261,0.0072127073071897,111.21199798584,-87.5994,26.341,67.5450333763365,63,63,63,63,61,63,0,8045,1.29563008188212,26,-88,0.001869,51,2025-10-13 03:08:02.000333,324,1.037,0.0011,"aoml_navis",1028.28471989223
"7901009",89,0,1,0.022428,1,0,1,114.110079376568,1,4.86240697428054,326,1,13.1090002059937,35.6139984130859,0.0224280003458261,0.0072127073071897,110.035797119141,-87.5994,26.341,67.5450333763365,63,63,63,63,61,63,0,8045,1.29563008188212,26,-88,0.001869,51,2025-10-13 03:08:02.000333,326,1.037,0.0011,"aoml_navis",1028.29730757776
"7901009",89,0,1,0.024297,1,0.001869,1,113.133206574987,1,4.86234257567507,328,1,13.0640001296997,35.6080017089844,0.0242970008403063,0.0086552482098341,109.093803405762,-87.5994,26.341,67.5450333763365,63,63,63,63,61,63,0,8045,1.29563008188212,26,-88,0.001869,51,2025-10-13 03:08:02.000333,328,1.037,0.0011,"aoml_navis",1028.31092671536
"7901009",89,0,1,0.024297,1,0.001869,1,112.154142180651,1,4.86228023948373,330,1,13.0209999084473,35.6020011901855,0.0242970008403063,0.0086552482098341,108.149696350098,-87.5994,26.341,67.5450333763365,63,63,63,63,61,63,0,8045,1.29563008188212,26,-88,0.001869,51,2025-10-13 03:08:02.000333,330,1.037,0.0011,"aoml_navis",1028.32411003338
"7901009",89,0,1,0.024297,1,0.001869,1,112.021610158044,1,4.86220076256463,332,1,12.9530000686646,35.5940017700195,0.0242970008403063,0.0086552482098341,108.021896362305,-87.5994,26.341,67.5450333763365,63,63,63,63,61,63,0,8045,1.29563008188212,26,-88,0.001869,51,2025-10-13 03:08:02.000333,332,1.037,0.0011,"aoml_navis",1028.34091888931
"7901009",89,0,1,0.024297,1,0.001869,1,112.759662644276,1,4.86214568317986,334,1,12.9060001373291,35.5849990844727,0.0242970008403063,0.0086552482098341,108.733596801758,-87.5994,26.341,67.5450333763365,63,63,63,63,61,63,0,8045,1.29563008188212,26,-88,0.001869,51,2025-10-13 03:08:02.000333,334,1.037,0.0011,"aoml_navis",1028.35256814641
"7901009",89,0,1,0.024297,1,0.001869,1,113.746607278271,1,4.86206847480052,336,1,12.8249998092651,35.5730018615723,0.0242970008403063,0.0086552482098341,109.685302734375,-87.5994,26.341,67.5450333763365,63,63,63,63,61,63,0,8045,1.29563008188212,26,-88,0.001869,51,2025-10-13 03:08:02.000333,336,1.037,0.0011,"aoml_navis",1028.368898117
"7901009",89,0,1,0.024297,1,0.001869,1,114.287827834564,1,4.86199985887361,338,1,12.7449998855591,35.5589981079102,0.0242970008403063,0.0086552482098341,110.20719909668,-87.5994,26.341,67.5450333763365,63,63,63,63,61,63,0,8045,1.29563008188212,26,-88,0.001869,51,2025-10-13 03:08:02.000333,338,1.037,0.0011,"aoml_navis",1028.38341117483
"7901009",89,0,1,0.024297,1,0.001869,1,114.021213059457,1,4.86194055352016,340,1,12.6969995498657,35.5509986877441,0.0242970008403063,0.0086552482098341,109.950103759766,-87.5994,26.341,67.5450333763365,63,63,63,63,61,63,0,8045,1.29563008188212,26,-88,0.001869,51,2025-10-13 03:08:02.000333,340,1.037,0.0011,"aoml_navis",1028.39595526932
"7901009",89,0,1,0.024297,1,0.001869,1,113.351392688499,1,4.86188177216618,342,1,12.6569995880127,35.5449981689453,0.0242970008403063,0.0086552482098341,109.30419921875,-87.5994,26.341,67.5450333763365,63,63,63,63,61,63,0,8045,1.29563008188212,26,-88,0.001869,51,2025-10-13 03:08:02.000333,342,1.037,0.0011,"aoml_navis",1028.40838883095
"7901009",89,0,1,0.028035,1,0.005607,1,112.463694767631,1,4.86181724778856,344,1,12.6110000610352,35.5390014648438,0.0280349999666214,0.0115403309464455,108.448196411133,-87.5994,26.341,67.5450333763365,63,63,63,63,61,63,0,8045,1.29563008188212,26,-88,0.001869,51,2025-10-13 03:08:02.000333,344,1.037,0.0011,"aoml_navis",1028.42203751577
"7901009",89,0,1,0.020559,1,-0.001869,1,112.210245372837,1,4.86177037778955,346,1,12.5869998931885,35.5340003967285,0.020558999851346,0.00577016547322273,108.203796386719,-87.5994,26.341,67.5450333763365,63,63,63,63,61,63,0,8045,1.29563008188212,26,-88,0.001869,51,2025-10-13 03:08:02.000333,346,1.037,0.0011,"aoml_navis",1028.43195203993
"7901009",89,0,1,0.020559,1,-0.001869,1,112.462349746805,1,4.86171061512363,348,1,12.5419998168945,35.5270004272461,0.020558999851346,0.00577016547322273,108.446899414062,-87.5994,26.341,67.5450333763365,63,63,63,63,61,63,0,8045,1.29563008188212,26,-88,0.001869,51,2025-10-13 03:08:02.000333,348,1.037,0.0011,"aoml_navis",1028.44459405835
"7901009",89,0,1,0.022428,1,0,1,112.990713486386,1,4.86162796132084,350,1,12.4540004730225,35.5149993896484,0.0224280003458261,0.0072127073071897,108.956398010254,-87.5994,26.341,67.5450333763365,63,63,63,63,61,63,0,8045,1.29563008188212,26,-88,0.001869,51,2025-10-13 03:08:02.000333,350,1.037,0.0011,"aoml_navis",1028.46207891267
"7901009",89,0,1,0.028035,1,0.005607,1,113.030122596565,1,4.8615644520116,352,1,12.4010000228882,35.5069999694824,0.0280349999666214,0.0115403309464455,108.994400024414,-87.5994,26.341,67.5450333763365,63,63,63,63,61,63,0,8045,1.29563008188212,26,-88,0.001869,51,2025-10-13 03:08:02.000333,352,1.037,0.0011,"aoml_navis",1028.47551428247
"7901009",89,0,1,0.022428,1,0,1,112.731773241871,1,4.861512049206,354,1,12.371000289917,35.5019989013672,0.0224280003458261,0.0072127073071897,108.706703186035,-87.5994,26.341,67.5450333763365,63,63,63,63,61,63,0,8045,1.29563008188212,26,-88,0.001869,51,2025-10-13 03:08:02.000333,354,1.037,0.0011,"aoml_navis",1028.48660034004
"7901009",89,0,1,0.026166,1,0.003738,1,112.004813221503,1,4.8614412533208,356,1,12.3140001296997,35.4949989318848,0.0261659994721413,0.0100977895781398,108.005699157715,-87.5994,26.341,67.5450333763365,63,63,63,63,61,63,0,8045,1.29563008188212,26,-88,0.001869,51,2025-10-13 03:08:02.000333,356,1.037,0.0011,"aoml_navis",1028.5015779188
"7901009",89,0,1,0.024297,1,0.001869,1,111.102082714941,1,4.8613874862228,358,1,12.293999671936,35.4930000305176,0.0242970008403063,0.0086552482098341,107.135200500488,-87.5994,26.341,67.5450333763365,63,63,63,63,61,63,0,8045,1.29563008188212,26,-88,0.001869,51,2025-10-13 03:08:02.000333,358,1.037,0.0011,"aoml_navis",1028.5129531785
"7901009",89,0,1,0.022428,1,0,1,110.630652915702,1,4.86133849172202,360,1,12.2790002822876,35.4910011291504,0.0224280003458261,0.0072127073071897,106.680603027344,-87.5994,26.341,67.5450333763365,63,63,63,63,61,63,0,8045,1.29563008188212,26,-88,0.001869,51,2025-10-13 03:08:02.000333,360,1.037,0.0011,"aoml_navis",1028.52331894068
"7901009",89,0,1,0.028035,1,0.005607,1,110.229425291653,1,4.86129046978434,362,1,12.2650003433228,35.4889984130859,0.0280349999666214,0.0115403309464455,106.293701171875,-87.5994,26.341,67.5450333763365,63,63,63,63,61,63,0,8045,1.29563008188212,26,-88,0.001869,51,2025-10-13 03:08:02.000333,362,1.037,0.0011,"aoml_navis",1028.53347914053
"7901009",89,0,1,0.026166,1,0.003738,1,110.173424954001,1,4.86122966442029,364,1,12.2259998321533,35.484001159668,0.0261659994721413,0.0100977895781398,106.239700317383,-87.5994,26.341,67.5450333763365,63,63,63,63,61,63,0,8045,1.29563008188212,26,-88,0.001869,51,2025-10-13 03:08:02.000333,364,1.037,0.0011,"aoml_navis",1028.54634427075
"7901009",89,0,1,0.024297,1,0.001869,1,110.083308558711,1,4.86118491613353,366,1,12.1999998092651,35.4780006408691,0.0242970008403063,0.0086552482098341,106.152801513672,-87.5994,26.341,67.5450333763365,63,63,63,63,61,63,0,8045,1.29563008188212,26,-88,0.001869,51,2025-10-13 03:08:02.000333,366,1.037,0.0011,"aoml_navis",1028.55581226827
"7901009",89,0,1,0.022428,1,0,1,109.757884725994,1,4.86111167346886,368,1,12.1400003433228,35.4710006713867,0.0224280003458261,0.0072127073071897,105.838996887207,-87.5994,26.341,67.5450333763365,63,63,63,63,61,63,0,8045,1.29563008188212,26,-88,0.001869,51,2025-10-13 03:08:02.000333,368,1.037,0.0011,"aoml_navis",1028.57130958113
"7901009",89,0,1,0.029904,1,0.007476,1,109.244767193061,1,4.86105001813323,370,1,12.0959997177124,35.4650001525879,0.0299040004611015,0.0129828732460737,105.344200134277,-87.5994,26.341,67.5450333763365,63,63,63,63,61,63,0,8045,1.29563008188212,26,-88,0.001869,51,2025-10-13 03:08:02.000333,370,1.037,0.0011,"aoml_navis",1028.58435550929
"7901009",89,0,1,0.01869,1,-0.003738,1,108.952011542622,1,4.86099115924359,372,1,12.0509996414185,35.4580001831055,0.0186899993568659,0.00432762410491705,105.061897277832,-87.5994,26.341,67.5450333763365,63,63,63,63,61,63,0,8045,1.29563008188212,26,-88,0.001869,51,2025-10-13 03:08:02.000333,372,1.037,0.0011,"aoml_navis",1028.5968100337
"7901009",89,0,1,0.020559,1,-0.001869,1,108.579306271954,1,4.86093154575673,374,1,12.0089998245239,35.4519996643066,0.020558999851346,0.00577016547322273,104.702499389648,-87.5994,26.341,67.5450333763365,63,63,63,63,61,63,0,8045,1.29563008188212,26,-88,0.001869,51,2025-10-13 03:08:02.000333,374,1.037,0.0011,"aoml_navis",1028.60942453812
"7901009",89,0,1,0.026166,1,0.003738,1,108.21313622012,1,4.86086740697611,376,1,11.9659996032715,35.4469985961914,0.0261659994721413,0.0100977895781398,104.349403381348,-87.5994,26.341,67.5450333763365,63,63,63,63,61,63,0,8045,1.29563008188212,26,-88,0.001869,51,2025-10-13 03:08:02.000333,376,1.037,0.0011,"aoml_navis",1028.62299696227
"7901009",89,0,1,0.020559,1,-0.001869,1,107.920483424214,1,4.86080317264518,378,1,11.914999961853,35.439998626709,0.020558999851346,0.00577016547322273,104.067199707031,-87.5994,26.341,67.5450333763365,63,63,63,63,61,63,0,8045,1.29563008188212,26,-88,0.001869,51,2025-10-13 03:08:02.000333,378,1.037,0.0011,"aoml_navis",1028.63658996484
"7901009",89,0,1,0.026166,1,0.003738,1,107.805373377238,1,4.86072877738278,380,1,11.8529996871948,35.4329986572266,0.0261659994721413,0.0100977895781398,103.956199645996,-87.5994,26.341,67.5450333763365,63,63,63,63,61,63,0,8045,1.29563008188212,26,-88,0.001869,51,2025-10-13 03:08:02.000333,380,1.037,0.0011,"aoml_navis",1028.65233363056
"7901009",89,0,1,0.024297,1,0.001869,1,107.731951063955,1,4.8606723020089,382,1,11.8140001296997,35.4269981384277,0.0242970008403063,0.0086552482098341,103.885398864746,-87.5994,26.341,67.5450333763365,63,63,63,63,61,63,0,8045,1.29563008188212,26,-88,0.001869,51,2025-10-13 03:08:02.000333,382,1.037,0.0011,"aoml_navis",1028.66428537746
"7901009",89,0,1,0.026166,1,0.003738,1,107.573286077903,1,4.86062356766187,384,1,11.798999786377,35.4249992370605,0.0261659994721413,0.0100977895781398,103.732398986816,-87.5994,26.341,67.5450333763365,63,63,63,63,61,63,0,8045,1.29563008188212,26,-88,0.001869,51,2025-10-13 03:08:02.000333,384,1.037,0.0011,"aoml_navis",1028.6745991328
"7901009",89,0,1,0.026166,1,0.003738,1,107.41949481437,1,4.86057002280394,386,1,11.7670001983643,35.4199981689453,0.0261659994721413,0.0100977895781398,103.584098815918,-87.5994,26.341,67.5450333763365,63,63,63,63,61,63,0,8045,1.29563008188212,26,-88,0.001869,51,2025-10-13 03:08:02.000333,386,1.037,0.0011,"aoml_navis",1028.68593118542
"7901009",89,0,1,0.026166,1,0.003738,1,107.266328589927,1,4.86052027297684,388,1,11.7430000305176,35.4160003662109,0.0261659994721413,0.0100977895781398,103.436401367188,-87.5994,26.341,67.5450333763365,63,63,63,63,61,63,0,8045,1.29563008188212,26,-88,0.001869,51,2025-10-13 03:08:02.000333,388,1.037,0.0011,"aoml_navis",1028.69646029431
"7901009",89,0,1,0.026166,1,0.003738,1,107.062447168486,1,4.86046679853732,390,1,11.7110004425049,35.4109992980957,0.0261659994721413,0.0100977895781398,103.239799499512,-87.5994,26.341,67.5450333763365,63,63,63,63,61,63,0,8045,1.29563008188212,26,-88,0.001869,51,2025-10-13 03:08:02.000333,390,1.037,0.0011,"aoml_navis",1028.70777792468
"7901009",89,0,1,0.022428,1,0,1,106.883147980597,1,4.86040679766823,392,1,11.6639995574951,35.4039993286133,0.0224280003458261,0.0072127073071897,103.066902160645,-87.5994,26.341,67.5450333763365,63,63,63,63,61,63,0,8045,1.29563008188212,26,-88,0.001869,51,2025-10-13 03:08:02.000333,392,1.037,0.0011,"aoml_navis",1028.7204771417
"7901009",89,0,1,0.022428,1,0,1,106.497577981331,1,4.86035712140176,394,1,11.6359996795654,35.398998260498,0.0224280003458261,0.0072127073071897,102.695098876953,-87.5994,26.341,67.5450333763365,63,63,63,63,61,63,0,8045,1.29563008188212,26,-88,0.001869,51,2025-10-13 03:08:02.000333,394,1.037,0.0011,"aoml_navis",1028.73099138813
"7901009",89,0,1,0.029904,1,0.007476,1,106.203271600999,1,4.8602843599638,396,1,11.5749998092651,35.3919982910156,0.0299040004611015,0.0129828732460737,102.41130065918,-87.5994,26.341,67.5450333763365,63,63,63,63,61,63,0,8045,1.29563008188212,26,-88,0.001869,51,2025-10-13 03:08:02.000333,396,1.037,0.0011,"aoml_navis",1028.74639212205
"7901009",89,0,1,0.024297,1,0.001869,1,105.89309397493,1,4.86021267620744,398,1,11.5150003433228,35.3849983215332,0.0242970008403063,0.0086552482098341,102.112197875977,-87.5994,26.341,67.5450333763365,63,63,63,63,61,63,0,8045,1.29563008188212,26,-88,0.001869,51,2025-10-13 03:08:02.000333,398,1.037,0.0011,"aoml_navis",1028.76156520411
"7901009",89,0,1,0.026166,1,0.003738,1,105.95428451059,1,4.86014571695853,400,1,11.4479999542236,35.375,0.0261659994721413,0.0100977895781398,102.171203613281,-87.5994,26.341,67.5450333763365,63,63,63,63,61,63,0,8045,1.29563008188212,26,-88,0.001869,51,2025-10-13 03:08:02.000333,400,1.037,0.0011,"aoml_navis",1028.77573866838
"7901009",89,0,1,0.022428,1,0,1,106.097703289994,1,4.86009445318981,402,1,11.4219999313354,35.3709983825684,0.0224280003458261,0.0072127073071897,102.309501647949,-87.5994,26.341,67.5450333763365,63,63,63,63,61,63,0,8045,1.29563008188212,26,-88,0.001869,51,2025-10-13 03:08:02.000333,402,1.037,0.0011,"aoml_navis",1028.78659008743
"7901009",89,0,1,0.026166,1,0.003738,1,106.282398384958,1,4.8600441297801,404,1,11.3889999389648,35.3650016784668,0.0261659994721413,0.0100977895781398,102.487602233887,-87.5994,26.341,67.5450333763365,63,63,63,63,61,63,0,8045,1.29563008188212,26,-88,0.001869,51,2025-10-13 03:08:02.000333,404,1.037,0.0011,"aoml_navis",1028.7972426757
"7901009",89,0,1,0.026166,1,0.003738,1,106.486691224534,1,4.85998023667476,406,1,11.3330001831055,35.3569984436035,0.0261659994721413,0.0100977895781398,102.684600830078,-87.5994,26.341,67.5450333763365,63,63,63,63,61,63,0,8045,1.29563008188212,26,-88,0.001869,51,2025-10-13 03:08:02.000333,406,1.037,0.0011,"aoml_navis",1028.81076804976
"7901009",89,0,1,0.024297,1,0.001869,1,106.627625671355,1,4.85991192114473,408,1,11.2720003128052,35.3489990234375,0.0242970008403063,0.0086552482098341,102.820503234863,-87.5994,26.341,67.5450333763365,63,63,63,63,61,63,0,8045,1.29563008188212,26,-88,0.001869,51,2025-10-13 03:08:02.000333,408,1.037,0.0011,"aoml_navis",1028.82522998941
"7901009",89,0,1,0.024297,1,0.001869,1,106.628448507624,1,4.85986448845767,410,1,11.246000289917,35.3440017700195,0.0242970008403063,0.0086552482098341,102.821296691895,-87.5994,26.341,67.5450333763365,63,63,63,63,61,63,0,8045,1.29563008188212,26,-88,0.001869,51,2025-10-13 03:08:02.000333,410,1.037,0.0011,"aoml_navis",1028.83527141038
"7901009",89,0,1,0.024297,1,0.001869,1,106.648157018657,1,4.8598189084456,412,1,11.2220001220703,35.3390007019043,0.0242970008403063,0.0086552482098341,102.840301513672,-87.5994,26.341,67.5450333763365,63,63,63,63,61,63,0,8045,1.29563008188212,26,-88,0.001869,51,2025-10-13 03:08:02.000333,412,1.037,0.0011,"aoml_navis",1028.84492080781
"7901009",89,0,1,0.029904,1,0.007476,1,106.695343513961,1,4.85974359812085,414,1,11.1569995880127,35.3320007324219,0.0299040004611015,0.0129828732460737,102.885803222656,-87.5994,26.341,67.5450333763365,63,63,63,63,61,63,0,8045,1.29563008188212,26,-88,0.001869,51,2025-10-13 03:08:02.000333,414,1.037,0.0011,"aoml_navis",1028.86086458005
"7901009",89,0,1,0.028035,1,0.005607,1,106.591428787382,1,4.85967663754482,416,1,11.0970001220703,35.3240013122559,0.0280349999666214,0.0115403309464455,102.785598754883,-87.5994,26.341,67.5450333763365,63,63,63,63,61,63,0,8045,1.29563008188212,26,-88,0.001869,51,2025-10-13 03:08:02.000333,416,1.037,0.0011,"aoml_navis",1028.8750410616
"7901009",89,0,1,0.022428,1,0,1,106.38723880234,1,4.85963287307577,418,1,11.0830001831055,35.3209991455078,0.0224280003458261,0.0072127073071897,102.58869934082,-87.5994,26.341,67.5450333763365,63,63,63,63,61,63,0,8045,1.29563008188212,26,-88,0.001869,51,2025-10-13 03:08:02.000333,418,1.037,0.0011,"aoml_navis",1028.88430681707
"7901009",89,0,1,0.026166,1,0.003738,1,106.254081740643,1,4.85957626764551,420.100006103516,1,11.0530004501343,35.3170013427734,0.0261659994721413,0.0100977895781398,102.460296630859,-87.5994,26.341,67.5450333763365,63,63,63,63,61,63,0,8045,1.29563008188212,26,-88,0.001869,51,2025-10-13 03:08:02.000333,420.100006103516,1.037,0.0011,"aoml_navis",1028.89629149138
"7901009",89,0,1,0.024297,1,0.001869,1,106.224427987391,1,4.85952048646692,422,1,11.0109996795654,35.3110008239746,0.0242970008403063,0.0086552482098341,102.431701660156,-87.5994,26.341,67.5450333763365,63,63,63,63,61,63,0,8045,1.29563008188212,26,-88,0.001869,51,2025-10-13 03:08:02.000333,422,1.037,0.0011,"aoml_navis",1028.90810192575
"7901009",89,0,1,0.029904,1,0.007476,1,106.266946469242,1,4.85945299684995,424,1,10.9499998092651,35.3030014038086,0.0299040004611015,0.0129828732460737,102.472702026367,-87.5994,26.341,67.5450333763365,63,63,63,63,61,63,0,8045,1.29563008188212,26,-88,0.001869,51,2025-10-13 03:08:02.000333,424,1.037,0.0011,"aoml_navis",1028.92239172622
"7901009",89,0,1,0.026166,1,0.003738,1,106.319726668801,1,4.85938993510366,426,1,10.9020004272461,35.2970008850098,0.0261659994721413,0.0100977895781398,102.523597717285,-87.5994,26.341,67.5450333763365,63,63,63,63,61,63,0,8045,1.29563008188212,26,-88,0.001869,51,2025-10-13 03:08:02.000333,426,1.037,0.0011,"aoml_navis",1028.93574435766
"7901009",89,0,1,0.026166,1,0.003738,1,106.314132964546,1,4.85934359454227,428,1,10.8850002288818,35.2939987182617,0.0261659994721413,0.0100977895781398,102.518203735352,-87.5994,26.341,67.5450333763365,63,63,63,63,61,63,0,8045,1.29563008188212,26,-88,0.001869,51,2025-10-13 03:08:02.000333,428,1.037,0.0011,"aoml_navis",1028.94555668295
"7901009",89,0,1,0.026166,1,0.003738,1,106.348043313116,1,4.85929913366634,430,1,10.8660001754761,35.2900009155273,0.0261659994721413,0.0100977895781398,102.550903320312,-87.5994,26.341,67.5450333763365,63,63,63,63,61,63,0,8045,1.29563008188212,26,-88,0.001869,51,2025-10-13 03:08:02.000333,430,1.037,0.0011,"aoml_navis",1028.95497117246
"7901009",89,0,1,0.026166,1,0.003738,1,106.473003659665,1,4.85924501725926,432,1,10.8319997787476,35.2849998474121,0.0261659994721413,0.0100977895781398,102.671401977539,-87.5994,26.341,67.5450333763365,63,63,63,63,61,63,0,8045,1.29563008188212,26,-88,0.001869,51,2025-10-13 03:08:02.000333,432,1.037,0.0011,"aoml_navis",1028.96643043123
"7901009",89,0,1,0.024297,1,0.001869,1,106.678332956465,1,4.85917609213687,434,1,10.7729997634888,35.2779998779297,0.0242970008403063,0.0086552482098341,102.869400024414,-87.5994,26.341,67.5450333763365,63,63,63,63,61,63,0,8045,1.29563008188212,26,-88,0.001869,51,2025-10-13 03:08:02.000333,434,1.037,0.0011,"aoml_navis",1028.98102583502
"7901009",89,0,1,0.026166,1,0.003738,1,106.841974519571,1,4.85912400176887,436,1,10.7370004653931,35.2719993591309,0.0261659994721413,0.0100977895781398,103.027198791504,-87.5994,26.341,67.5450333763365,63,63,63,63,61,63,0,8045,1.29563008188212,26,-88,0.001869,51,2025-10-13 03:08:02.000333,436,1.037,0.0011,"aoml_navis",1028.99205662993
"7901009",89,0,1,0.028035,1,0.005607,1,107.092211688159,1,4.85906326151386,438,1,10.6870002746582,35.2649993896484,0.0280349999666214,0.0115403309464455,103.268501281738,-87.5994,26.341,67.5450333763365,63,63,63,63,61,63,0,8045,1.29563008188212,26,-88,0.001869,51,2025-10-13 03:08:02.000333,438,1.037,0.0011,"aoml_navis",1029.0049194466
"7901009",89,0,1,0.024297,1,0.001869,1,107.294740176888,1,4.85900350812145,440,1,10.6379995346069,35.257999420166,0.0242970008403063,0.0086552482098341,103.463798522949,-87.5994,26.341,67.5450333763365,63,63,63,63,61,63,0,8045,1.29563008188212,26,-88,0.001869,51,2025-10-13 03:08:02.000333,440,1.037,0.0011,"aoml_navis",1029.01757359156
"7901009",89,0,1,0.028035,1,0.005607,1,107.384959426711,1,4.85895323001353,442,1,10.6079998016357,35.2529983520508,0.0280349999666214,0.0115403309464455,103.550796508789,-87.5994,26.341,67.5450333763365,63,63,63,63,61,63,0,8045,1.29563008188212,26,-88,0.001869,51,2025-10-13 03:08:02.000333,442,1.037,0.0011,"aoml_navis",1029.02822136983
"7901009",89,0,1,0.029904,1,0.007476,1,107.521645190102,1,4.85890282098273,444,1,10.5819997787476,35.2490005493164,0.0299040004611015,0.0129828732460737,103.682601928711,-87.5994,26.341,67.5450333763365,63,63,63,63,61,63,0,8045,1.29563008188212,26,-88,0.001869,51,2025-10-13 03:08:02.000333,444,1.037,0.0011,"aoml_navis",1029.03889709585
"7901009",89,0,1,0.024297,1,0.001869,1,107.655522233534,1,4.85884941853303,446,1,10.539999961853,35.242000579834,0.0242970008403063,0.0086552482098341,103.811698913574,-87.5994,26.341,67.5450333763365,63,63,63,63,61,63,0,8045,1.29563008188212,26,-88,0.001869,51,2025-10-13 03:08:02.000333,446,1.037,0.0011,"aoml_navis",1029.0502070158
"7901009",89,0,1,0.024297,1,0.001869,1,107.69513705278,1,4.85879471573536,448,1,10.5089998245239,35.2379989624023,0.0242970008403063,0.0086552482098341,103.849899291992,-87.5994,26.341,67.5450333763365,63,63,63,63,61,63,0,8045,1.29563008188212,26,-88,0.001869,51,2025-10-13 03:08:02.000333,448,1.037,0.0011,"aoml_navis",1029.0617925897
"7901009",89,0,1,0.026166,1,0.003738,1,107.649817762858,1,4.85875123744116,450,1,10.4949998855591,35.2350006103516,0.0261659994721413,0.0100977895781398,103.806198120117,-87.5994,26.341,67.5450333763365,63,63,63,63,61,63,0,8045,1.29563008188212,26,-88,0.001869,51,2025-10-13 03:08:02.000333,450,1.037,0.0011,"aoml_navis",1029.07100109806
"7901009",89,0,1,0.033642,1,0.011214,1,107.628147103797,1,4.85869449206147,452,1,10.4490003585815,35.2280006408691,0.0336420014500618,0.0158679541200399,103.785301208496,-87.5994,26.341,67.5450333763365,63,63,63,63,61,63,0,8045,1.29563008188212,26,-88,0.001869,51,2025-10-13 03:08:02.000333,452,1.037,0.0011,"aoml_navis",1029.08301976373
"7901009",89,0,1,0.024297,1,0.001869,1,107.775814566632,1,4.85863485552062,454,1,10.4079999923706,35.2229995727539,0.0242970008403063,0.0086552482098341,103.927696228027,-87.5994,26.341,67.5450333763365,63,63,63,63,61,63,0,8045,1.29563008188212,26,-88,0.001869,51,2025-10-13 03:08:02.000333,454,1.037,0.0011,"aoml_navis",1029.09565107959
"7901009",89,0,1,0.028035,1,0.005607,1,107.960098243461,1,4.85858398453575,456,1,10.3769998550415,35.2179985046387,0.0280349999666214,0.0115403309464455,104.105400085449,-87.5994,26.341,67.5450333763365,63,63,63,63,61,63,0,8045,1.29563008188212,26,-88,0.001869,51,2025-10-13 03:08:02.000333,456,1.037,0.0011,"aoml_navis",1029.10642605219
"7901009",89,0,1,0.028035,1,0.005607,1,108.093769577826,1,4.85853921863887,458,1,10.3529996871948,35.2130012512207,0.0280349999666214,0.0115403309464455,104.234298706055,-87.5994,26.341,67.5450333763365,63,63,63,63,61,63,0,8045,1.29563008188212,26,-88,0.001869,51,2025-10-13 03:08:02.000333,458,1.037,0.0011,"aoml_navis",1029.11590809403
"7901009",89,0,1,0.026166,1,0.003738,1,108.197059265315,1,4.85847407989971,460,1,10.2969999313354,35.2060012817383,0.0261659994721413,0.0100977895781398,104.33390045166,-87.5994,26.341,67.5450333763365,63,63,63,63,61,63,0,8045,1.29563008188212,26,-88,0.001869,51,2025-10-13 03:08:02.000333,460,1.037,0.0011,"aoml_navis",1029.12970570036
"7901009",89,0,1,0.028035,1,0.005607,1,108.145624086581,1,4.85841902456773,462,1,10.2609996795654,35.201000213623,0.0280349999666214,0.0115403309464455,104.284301757812,-87.5994,26.341,67.5450333763365,63,63,63,63,61,63,0,8045,1.29563008188212,26,-88,0.001869,51,2025-10-13 03:08:02.000333,462,1.037,0.0011,"aoml_navis",1029.14136774048
"7901009",89,0,1,0.029904,1,0.007476,1,108.137743846923,1,4.85835711881203,464,1,10.2170000076294,35.1959991455078,0.0299040004611015,0.0129828732460737,104.276702880859,-87.5994,26.341,67.5450333763365,63,63,63,63,61,63,0,8045,1.29563008188212,26,-88,0.001869,51,2025-10-13 03:08:02.000333,464,1.037,0.0011,"aoml_navis",1029.15448118038
"7901009",89,0,1,0.026166,1,0.003738,1,108.216759864461,1,4.85829058446919,466,1,10.1590003967285,35.1889991760254,0.0261659994721413,0.0100977895781398,104.352897644043,-87.5994,26.341,67.5450333763365,63,63,63,63,61,63,0,8045,1.29563008188212,26,-88,0.001869,51,2025-10-13 03:08:02.000333,466,1.037,0.0011,"aoml_navis",1029.16857546229
"7901009",89,0,1,0.028035,1,0.005607,1,108.273076677601,1,4.85824103723491,468,1,10.1420001983643,35.1870002746582,0.0280349999666214,0.0115403309464455,104.407203674316,-87.5994,26.341,67.5450333763365,63,63,63,63,61,63,0,8045,1.29563008188212,26,-88,0.001869,51,2025-10-13 03:08:02.000333,468,1.037,0.0011,"aoml_navis",1029.1790715361
"7901009",89,0,1,0.026166,1,0.003738,1,108.330002706057,1,4.85818706973752,470,1,10.1070003509521,35.181999206543,0.0261659994721413,0.0100977895781398,104.462097167969,-87.5994,26.341,67.5450333763365,63,63,63,63,61,63,0,8045,1.29563008188212,26,-88,0.001869,51,2025-10-13 03:08:02.000333,470,1.037,0.0011,"aoml_navis",1029.19050424095
"7901009",89,0,1,0.031773,1,0.009345,1,108.438371825133,1,4.85813951007589,472,1,10.0880002975464,35.1790008544922,0.0317730009555817,0.0144254146143794,104.566596984863,-87.5994,26.341,67.5450333763365,63,63,63,63,61,63,0,8045,1.29563008188212,26,-88,0.001869,51,2025-10-13 03:08:02.000333,472,1.037,0.0011,"aoml_navis",1029.20057969309
"7901009",89,0,1,0.029904,1,0.007476,1,108.541661512623,1,4.85808622752581,474,1,10.0579996109009,35.1749992370605,0.0299040004611015,0.0129828732460737,104.666198730469,-87.5994,26.341,67.5450333763365,63,63,63,63,61,63,0,8045,1.29563008188212,26,-88,0.001869,51,2025-10-13 03:08:02.000333,474,1.037,0.0011,"aoml_navis",1029.21186776598
"7901009",89,0,1,0.029904,1,0.007476,1,108.681765211287,1,4.85803895206967,476,1,10.0349998474121,35.1710014343262,0.0299040004611015,0.0129828732460737,104.801300048828,-87.5994,26.341,67.5450333763365,63,63,63,63,61,63,0,8045,1.29563008188212,26,-88,0.001869,51,2025-10-13 03:08:02.000333,476,1.037,0.0011,"aoml_navis",1029.22188342476
"7901009",89,0,1,0.022428,1,0,1,108.836078659375,1,4.85798624344921,478,1,9.99699974060059,35.1650009155273,0.0224280003458261,0.0072127073071897,104.950103759766,-87.5994,26.341,67.5450333763365,63,63,63,63,61,63,0,8045,1.29563008188212,26,-88,0.001869,51,2025-10-13 03:08:02.000333,478,1.037,0.0011,"aoml_navis",1029.23305036985
"7901009",89,0,1,0.029904,1,0.007476,1,108.997536541612,1,4.85792305898841,480,1,9.9379997253418,35.1570014953613,0.0299040004611015,0.0129828732460737,105.105796813965,-87.5994,26.341,67.5450333763365,63,63,63,63,61,63,0,8045,1.29563008188212,26,-88,0.001869,51,2025-10-13 03:08:02.000333,480,1.037,0.0011,"aoml_navis",1029.24643706506
"7901009",89,0,1,0.026166,1,0.003738,1,108.975240843462,1,4.85785749762089,482,1,9.87600040435791,35.148998260498,0.0261659994721413,0.0100977895781398,105.084297180176,-87.5994,26.341,67.5450333763365,63,63,63,63,61,63,0,8045,1.29563008188212,26,-88,0.001869,51,2025-10-13 03:08:02.000333,482,1.037,0.0011,"aoml_navis",1029.26032771622
"7901009",89,0,1,0.029904,1,0.007476,1,108.984782579434,1,4.85779433657676,484,1,9.82100009918213,35.1419982910156,0.0299040004611015,0.0129828732460737,105.09349822998,-87.5994,26.341,67.5450333763365,63,63,63,63,61,63,0,8045,1.29563008188212,26,-88,0.001869,51,2025-10-13 03:08:02.000333,484,1.037,0.0011,"aoml_navis",1029.27371015947
"7901009",89,0,1,0.031773,1,0.009345,1,108.889792461625,1,4.85774504042953,486,1,9.79100036621094,35.1370010375977,0.0317730009555817,0.0144254146143794,105.001899719238,-87.5994,26.341,67.5450333763365,63,63,63,63,61,63,0,8045,1.29563008188212,26,-88,0.001869,51,2025-10-13 03:08:02.000333,486,1.037,0.0011,"aoml_navis",1029.28415517622
"7901009",89,0,1,0.026166,1,0.003738,1,108.840952381895,1,4.85768652508315,488,1,9.75,35.1319999694824,0.0261659994721413,0.0100977895781398,104.954803466797,-87.5994,26.341,67.5450333763365,63,63,63,63,61,63,0,8045,1.29563008188212,26,-88,0.001869,51,2025-10-13 03:08:02.000333,488,1.037,0.0011,"aoml_navis",1029.29655385995
"7901009",89,0,1,0.024297,1,0.001869,1,108.765868572299,1,4.85762976198511,490,1,9.71100044250488,35.1269989013672,0.0242970008403063,0.0086552482098341,104.882400512695,-87.5994,26.341,67.5450333763365,63,63,63,63,61,63,0,8045,1.29563008188212,26,-88,0.001869,51,2025-10-13 03:08:02.000333,490,1.037,0.0011,"aoml_navis",1029.30858154918
"7901009",89,0,1,0.028035,1,0.005607,1,108.701782285921,1,4.85757556468903,492,1,9.67500019073486,35.1220016479492,0.0280349999666214,0.0115403309464455,104.820602416992,-87.5994,26.341,67.5450333763365,63,63,63,63,61,63,0,8045,1.29563008188212,26,-88,0.001869,51,2025-10-13 03:08:02.000333,492,1.037,0.0011,"aoml_navis",1029.3200658259
"7901009",89,0,1,0.026166,1,0.003738,1,108.700951537764,1,4.85750200353595,494,1,9.60700035095215,35.1150016784668,0.0261659994721413,0.0100977895781398,104.819801330566,-87.5994,26.341,67.5450333763365,63,63,63,63,61,63,0,8045,1.29563008188212,26,-88,0.001869,51,2025-10-13 03:08:02.000333,494,1.037,0.0011,"aoml_navis",1029.33565366732
"7901009",89,0,1,0.028035,1,0.005607,1,108.577233357506,1,4.85742997194724,496,1,9.54500007629395,35.109001159668,0.0280349999666214,0.0115403309464455,104.700500488281,-87.5994,26.341,67.5450333763365,63,63,63,63,61,63,0,8045,1.29563008188212,26,-88,0.001869,51,2025-10-13 03:08:02.000333,496,1.037,0.0011,"aoml_navis",1029.35091784671
"7901009",89,0,1,0.029904,1,0.007476,1,108.315381538498,1,4.85738130831552,498,1,9.53299999237061,35.1080017089844,0.0299040004611015,0.0129828732460737,104.447998046875,-87.5994,26.341,67.5450333763365,63,63,63,63,61,63,0,8045,1.29563008188212,26,-88,0.001869,51,2025-10-13 03:08:02.000333,498,1.037,0.0011,"aoml_navis",1029.36123038978
"7901009",89,0,1,0.026166,1,0.003738,1,107.88366941304,1,4.85733599355405,500,1,9.52499961853027,35.1069984436035,0.0261659994721413,0.0100977895781398,104.031700134277,-87.5994,26.341,67.5450333763365,63,63,63,63,61,63,0,8045,1.29563008188212,26,-88,0.001869,51,2025-10-13 03:08:02.000333,500,1.037,0.0011,"aoml_navis",1029.37083344353
"7901009",89,0,1,0.028035,1,0.005607,1,107.374903418071,1,4.85728533112293,502,1,9.51500034332275,35.1069984436035,0.0280349999666214,0.0115403309464455,103.54109954834,-87.5994,26.341,67.5450333763365,63,63,63,63,61,63,0,8045,1.29563008188212,26,-88,0.001869,51,2025-10-13 03:08:02.000333,502,1.037,0.0011,"aoml_navis",1029.38156998162
"7901009",89,0,1,0.031773,1,0.009345,1,107.158576598053,1,4.85721589894766,504,1,9.47799968719482,35.1059989929199,0.0317730009555817,0.0144254146143794,103.332496643066,-87.5994,26.341,67.5450333763365,63,63,63,63,61,63,0,8045,1.29563008188212,26,-88,0.001869,51,2025-10-13 03:08:02.000333,504,1.037,0.0011,"aoml_navis",1029.39628462537
"7901009",89,0,1,0.028035,1,0.005607,1,107.067629454606,1,4.85716168804008,506,1,9.44600009918213,35.1020011901855,0.0280349999666214,0.0115403309464455,103.24479675293,-87.5994,26.341,67.5450333763365,63,63,63,63,61,63,0,8045,1.29563008188212,26,-88,0.001869,51,2025-10-13 03:08:02.000333,506,1.037,0.0011,"aoml_navis",1029.407773744
"7901009",89,0,1,0.029904,1,0.007476,1,107.081324931362,1,4.85708886957247,508,1,9.38700008392334,35.0970001220703,0.0299040004611015,0.0129828732460737,103.258003234863,-87.5994,26.341,67.5450333763365,63,63,63,63,61,63,0,8045,1.29563008188212,26,-88,0.001869,51,2025-10-13 03:08:02.000333,508,1.037,0.0011,"aoml_navis",1029.42320683544
"7901009",89,0,1,0.026166,1,0.003738,1,107.12311551959,1,4.85702819238463,510,1,9.34700012207031,35.0929985046387,0.0261659994721413,0.0100977895781398,103.298301696777,-87.5994,26.341,67.5450333763365,63,63,63,63,61,63,0,8045,1.29563008188212,26,-88,0.001869,51,2025-10-13 03:08:02.000333,510,1.037,0.0011,"aoml_navis",1029.43606706659
"7901009",89,0,1,0.026166,1,0.003738,1,107.116991718892,1,4.8569778936405,512,1,9.32400035858154,35.0900001525879,0.0261659994721413,0.0100977895781398,103.29239654541,-87.5994,26.341,67.5450333763365,63,63,63,63,61,63,0,8045,1.29563008188212,26,-88,0.001869,51,2025-10-13 03:08:02.000333,512,1.037,0.0011,"aoml_navis",1029.44672788129
"7901009",89,0,1,0.029904,1,0.007476,1,107.050207478976,1,4.85692350007965,514,1,9.29599952697754,35.0870018005371,0.0299040004611015,0.0129828732460737,103.227996826172,-87.5994,26.341,67.5450333763365,63,63,63,63,61,63,0,8045,1.29563008188212,26,-88,0.001869,51,2025-10-13 03:08:02.000333,514,1.037,0.0011,"aoml_navis",1029.45825684057
"7901009",89,0,1,0.028035,1,0.005607,1,107.047414582792,1,4.85687079612445,516,1,9.27000045776367,35.0839996337891,0.0280349999666214,0.0115403309464455,103.225303649902,-87.5994,26.341,67.5450333763365,63,63,63,63,61,63,0,8045,1.29563008188212,26,-88,0.001869,51,2025-10-13 03:08:02.000333,516,1.037,0.0011,"aoml_navis",1029.46942792667
"7901009",89,0,1,0.028035,1,0.005607,1,106.976168038492,1,4.85682510041022,518,1,9.25699996948242,35.0820007324219,0.0280349999666214,0.0115403309464455,103.156600952148,-87.5994,26.341,67.5450333763365,63,63,63,63,61,63,0,8045,1.29563008188212,26,-88,0.001869,51,2025-10-13 03:08:02.000333,518,1.037,0.0011,"aoml_navis",1029.47911374813
"7901009",89,0,1,0.026166,1,0.003738,1,106.92690862874,1,4.85677902048362,520,1,9.2480001449585,35.0810012817383,0.0261659994721413,0.0100977895781398,103.109100341797,-87.5994,26.341,67.5450333763365,63,63,63,63,61,63,0,8045,1.29563008188212,26,-88,0.001869,51,2025-10-13 03:08:02.000333,520,1.037,0.0011,"aoml_navis",1029.48888119314
"7901009",89,0,1,0.026166,1,0.003738,1,107.004065352784,1,4.85672141834775,522,1,9.20699977874756,35.076000213623,0.0261659994721413,0.0100977895781398,103.183502197266,-87.5994,26.341,67.5450333763365,63,63,63,63,61,63,0,8045,1.29563008188212,26,-88,0.001869,51,2025-10-13 03:08:02.000333,522,1.037,0.0011,"aoml_navis",1029.50109123224
"7901009",89,0,1,0.028035,1,0.005607,1,107.10569354396,1,4.85666878877389,524,1,9.18099975585938,35.0730018615723,0.0280349999666214,0.0115403309464455,103.28150177002,-87.5994,26.341,67.5450333763365,63,63,63,63,61,63,0,8045,1.29563008188212,26,-88,0.001869,51,2025-10-13 03:08:02.000333,524,1.037,0.0011,"aoml_navis",1029.51224748071
"7901009",89,0,1,0.024297,1,0.001869,1,107.213856953969,1,4.85661906223416,526,1,9.16300010681152,35.0709991455078,0.0242970008403063,0.0086552482098341,103.385803222656,-87.5994,26.341,67.5450333763365,63,63,63,63,61,63,0,8045,1.29563008188212,26,-88,0.001869,51,2025-10-13 03:08:02.000333,526,1.037,0.0011,"aoml_navis",1029.52278857545
"7901009",89,0,1,0.028035,1,0.005607,1,107.432145922014,1,4.85655386519023,528,1,9.10799980163574,35.064998626709,0.0280349999666214,0.0115403309464455,103.596298217773,-87.5994,26.341,67.5450333763365,63,63,63,63,61,63,0,8045,1.29563008188212,26,-88,0.001869,51,2025-10-13 03:08:02.000333,528,1.037,0.0011,"aoml_navis",1029.53660945427
"7901009",89,0,1,0.024297,1,0.001869,1,107.567170189092,1,4.85649931840731,530,1,9.07499980926514,35.0610008239746,0.0242970008403063,0.0086552482098341,103.726501464844,-87.5994,26.341,67.5450333763365,63,63,63,63,61,63,0,8045,1.29563008188212,26,-88,0.001869,51,2025-10-13 03:08:02.000333,530,1.037,0.0011,"aoml_navis",1029.54817290899
"7901009",89,0,1,0.029904,1,0.007476,1,107.817399445792,1,4.85643919633079,532,1,9.02600002288818,35.0550003051758,0.0299040004611015,0.0129828732460737,103.967796325684,-87.5994,26.341,67.5450333763365,63,63,63,63,61,63,0,8045,1.29563008188212,26,-88,0.001869,51,2025-10-13 03:08:02.000333,532,1.037,0.0011,"aoml_navis",1029.56091857954
"7901009",89,0,1,0.031773,1,0.009345,1,108.016098581113,1,4.8563730757264,534,1,8.97399997711182,35.0499992370605,0.0317730009555817,0.0144254146143794,104.159400939941,-87.5994,26.341,67.5450333763365,63,63,63,63,61,63,0,8045,1.29563008188212,26,-88,0.001869,51,2025-10-13 03:08:02.000333,534,1.037,0.0011,"aoml_navis",1029.57493628146
"7901009",89,0,1,0.029904,1,0.007476,1,108.126952032772,1,4.85632186166864,536,1,8.95400047302246,35.0480003356934,0.0299040004611015,0.0129828732460737,104.266296386719,-87.5994,26.341,67.5450333763365,63,63,63,63,61,63,0,8045,1.29563008188212,26,-88,0.001869,51,2025-10-13 03:08:02.000333,536,1.037,0.0011,"aoml_navis",1029.58579402766
"7901009",89,0,1,0.033642,1,0.011214,1,108.246112965999,1,4.85627667583894,538,1,8.94600009918213,35.0470008850098,0.0336420014500618,0.0158679541200399,104.381202697754,-87.5994,26.341,67.5450333763365,63,63,63,63,61,63,0,8045,1.29563008188212,26,-88,0.001869,51,2025-10-13 03:08:02.000333,538,1.037,0.0011,"aoml_navis",1029.5953739366
"7901009",89,0,1,0.026166,1,0.003738,1,108.405814409276,1,4.85623760550301,540,1,8.94099998474121,35.0449981689453,0.0261659994721413,0.0100977895781398,104.535202026367,-87.5994,26.341,67.5450333763365,63,63,63,63,61,63,0,8045,1.29563008188212,26,-88,0.001869,51,2025-10-13 03:08:02.000333,540,1.037,0.0011,"aoml_navis",1029.60365743515
"7901009",89,0,1,0.029904,1,0.007476,1,108.652000691614,1,4.85619008955705,542,1,8.92099952697754,35.0419998168945,0.0299040004611015,0.0129828732460737,104.772598266602,-87.5994,26.341,67.5450333763365,63,63,63,63,61,63,0,8045,1.29563008188212,26,-88,0.001869,51,2025-10-13 03:08:02.000333,542,1.037,0.0011,"aoml_navis",1029.6137317096
"7901009",89,0,1,0.026166,1,0.003738,1,108.965390543889,1,4.85612464405432,544,1,8.86499977111816,35.0359992980957,0.0261659994721413,0.0100977895781398,105.074798583984,-87.5994,26.341,67.5450333763365,63,63,63,63,61,63,0,8045,1.29563008188212,26,-88,0.001869,51,2025-10-13 03:08:02.000333,544,1.037,0.0011,"aoml_navis",1029.62760771016
"7901009",89,0,1,0.026166,1,0.003738,1,109.196338531466,1,4.85605966925266,546,1,8.81400012969971,35.0309982299805,0.0261659994721413,0.0100977895781398,105.297500610352,-87.5994,26.341,67.5450333763365,63,63,63,63,61,63,0,8045,1.29563008188212,26,-88,0.001869,51,2025-10-13 03:08:02.000333,546,1.037,0.0011,"aoml_navis",1029.64138428091
"7901009",89,0,1,0.028035,1,0.005607,1,109.317255903653,1,4.85600231686138,548,1,8.77700042724609,35.0270004272461,0.0280349999666214,0.0115403309464455,105.414100646973,-87.5994,26.341,67.5450333763365,63,63,63,63,61,63,0,8045,1.29563008188212,26,-88,0.001869,51,2025-10-13 03:08:02.000333,548,1.037,0.0011,"aoml_navis",1029.65354498259
"7901009",89,0,1,0.024297,1,0.001869,1,109.43329955332,1,4.85595765131726,550,1,8.76500034332275,35.0250015258789,0.0242970008403063,0.0086552482098341,105.526000976562,-87.5994,26.341,67.5450333763365,63,63,63,63,61,63,0,8045,1.29563008188212,26,-88,0.001869,51,2025-10-13 03:08:02.000333,550,1.037,0.0011,"aoml_navis",1029.66301583039
"7901009",89,0,1,0.029904,1,0.007476,1,109.609386515003,1,4.85590709065347,552,1,8.74100017547607,35.0219993591309,0.0299040004611015,0.0129828732460737,105.69580078125,-87.5994,26.341,67.5450333763365,63,63,63,63,61,63,0,8045,1.29563008188212,26,-88,0.001869,51,2025-10-13 03:08:02.000333,552,1.037,0.0011,"aoml_navis",1029.6737368851
"7901009",89,0,1,0.031773,1,0.009345,1,109.798749623419,1,4.85584745433414,554,1,8.70100021362305,35.0180015563965,0.0317730009555817,0.0144254146143794,105.878402709961,-87.5994,26.341,67.5450333763365,63,63,63,63,61,63,0,8045,1.29563008188212,26,-88,0.001869,51,2025-10-13 03:08:02.000333,554,1.037,0.0011,"aoml_navis",1029.68638265957
"7901009",89,0,1,0.031773,1,0.009345,1,109.933868833143,1,4.85578789927065,556,1,8.66100025177002,35.0139999389648,0.0317730009555817,0.0144254146143794,106.008697509766,-87.5994,26.341,67.5450333763365,63,63,63,63,61,63,0,8045,1.29563008188212,26,-88,0.001869,51,2025-10-13 03:08:02.000333,556,1.037,0.0011,"aoml_navis",1029.69901151387
"7901009",89,0,1,0.031773,1,0.009345,1,110.024610267521,1,4.85573662922441,558,1,8.63599967956543,35.0110015869141,0.0317730009555817,0.0144254146143794,106.096199035645,-87.5994,26.341,67.5450333763365,63,63,63,63,61,63,0,8045,1.29563008188212,26,-88,0.001869,51,2025-10-13 03:08:02.000333,558,1.037,0.0011,"aoml_navis",1029.70988375015
"7901009",89,0,1,0.026166,1,0.003738,1,110.138581002741,1,4.85568301850345,560,1,8.60799980163574,35.007999420166,0.0261659994721413,0.0100977895781398,106.206100463867,-87.5994,26.341,67.5450333763365,63,63,63,63,61,63,0,8045,1.29563008188212,26,-88,0.001869,51,2025-10-13 03:08:02.000333,560,1.037,0.0011,"aoml_navis",1029.72125259137
"7901009",89,0,1,0.031773,1,0.009345,1,110.285734192906,1,4.85560252584057,562,1,8.54599952697754,35.0050010681152,0.0317730009555817,0.0144254146143794,106.347999572754,-87.5994,26.341,67.5450333763365,63,63,63,63,61,63,0,8045,1.29563008188212,26,-88,0.001869,51,2025-10-13 03:08:02.000333,562,1.037,0.0011,"aoml_navis",1029.7383225647
"7901009",89,0,1,0.029904,1,0.007476,1,110.523834526519,1,4.85553876504896,564,1,8.49100017547607,34.9990005493164,0.0299040004611015,0.0129828732460737,106.577598571777,-87.5994,26.341,67.5450333763365,63,63,63,63,61,63,0,8045,1.29563008188212,26,-88,0.001869,51,2025-10-13 03:08:02.000333,564,1.037,0.0011,"aoml_navis",1029.75184463378
"7901009",89,0,1,0.028035,1,0.005607,1,110.852573439976,1,4.85546674763112,566,1,8.43000030517578,34.9939994812012,0.0280349999666214,0.0115403309464455,106.894599914551,-87.5994,26.341,67.5450333763365,63,63,63,63,61,63,0,8045,1.29563008188212,26,-88,0.001869,51,2025-10-13 03:08:02.000333,566,1.037,0.0011,"aoml_navis",1029.76711815386
"7901009",89,0,1,0.026166,1,0.003738,1,111.226528788822,1,4.85540115350314,568,1,8.3769998550415,34.9889984130859,0.0261659994721413,0.0100977895781398,107.25520324707,-87.5994,26.341,67.5450333763365,63,63,63,63,61,63,0,8045,1.29563008188212,26,-88,0.001869,51,2025-10-13 03:08:02.000333,568,1.037,0.0011,"aoml_navis",1029.781029811
"7901009",89,0,1,0.026166,1,0.003738,1,111.46534910417,1,4.85534213508046,570,1,8.33699989318848,34.9850006103516,0.0261659994721413,0.0100977895781398,107.485496520996,-87.5994,26.341,67.5450333763365,63,63,63,63,61,63,0,8045,1.29563008188212,26,-88,0.001869,51,2025-10-13 03:08:02.000333,570,1.037,0.0011,"aoml_navis",1029.79354716826
"7901009",89,0,1,0.031773,1,0.009345,1,111.604004927475,1,4.85528985428991,572,1,8.3149995803833,34.9830017089844,0.0317730009555817,0.0144254146143794,107.619201660156,-87.5994,26.341,67.5450333763365,63,63,63,63,61,63,0,8045,1.29563008188212,26,-88,0.001869,51,2025-10-13 03:08:02.000333,572,1.037,0.0011,"aoml_navis",1029.80463577931
"7901009",89,0,1,0.031773,1,0.009345,1,111.801556839151,1,4.85523739212544,574,1,8.28800010681152,34.9799995422363,0.0317730009555817,0.0144254146143794,107.809700012207,-87.5994,26.341,67.5450333763365,63,63,63,63,61,63,0,8045,1.29563008188212,26,-88,0.001869,51,2025-10-13 03:08:02.000333,574,1.037,0.0011,"aoml_navis",1029.81576309932
"7901009",89,0,1,0.028035,1,0.005607,1,112.067451632522,1,4.85518240556824,576,1,8.25300025939941,34.976001739502,0.0280349999666214,0.0115403309464455,108.066101074219,-87.5994,26.341,67.5450333763365,63,63,63,63,61,63,0,8045,1.29563008188212,26,-88,0.001869,51,2025-10-13 03:08:02.000333,576,1.037,0.0011,"aoml_navis",1029.8274261057
"7901009",89,0,1,0.029904,1,0.007476,1,112.403548601082,1,4.85512321562263,578,1,8.20300006866455,34.9700012207031,0.0299040004611015,0.0129828732460737,108.390197753906,-87.5994,26.341,67.5450333763365,63,63,63,63,61,63,0,8045,1.29563008188212,26,-88,0.001869,51,2025-10-13 03:08:02.000333,578,1.037,0.0011,"aoml_navis",1029.83998097333
"7901009",89,0,1,0.029904,1,0.007476,1,112.823131803452,1,4.85503062019175,580,1,8.10000038146973,34.9620018005371,0.0299040004611015,0.0129828732460737,108.794799804688,-87.5994,26.341,67.5450333763365,63,63,63,63,61,63,0,8045,1.29563008188212,26,-88,0.001869,51,2025-10-13 03:08:02.000333,580,1.037,0.0011,"aoml_navis",1029.85962214231
"7901009",89,0,1,0.024297,1,0.001869,1,112.87166331958,1,4.85498642243108,582,1,8.0930004119873,34.9609985351562,0.0242970008403063,0.0086552482098341,108.841598510742,-87.5994,26.341,67.5450333763365,63,63,63,63,61,63,0,8045,1.29563008188212,26,-88,0.001869,51,2025-10-13 03:08:02.000333,582,1.037,0.0011,"aoml_navis",1029.86899755248
"7901009",89,0,1,0.028035,1,0.005607,1,112.986156239355,1,4.85494452150543,584,1,8.08899974822998,34.9599990844727,0.0280349999666214,0.0115403309464455,108.952003479004,-87.5994,26.341,67.5450333763365,63,63,63,63,61,63,0,8045,1.29563008188212,26,-88,0.001869,51,2025-10-13 03:08:02.000333,584,1.037,0.0011,"aoml_navis",1029.87788590622
"7901009",89,0,1,0.026166,1,0.003738,1,113.220830725807,1,4.85489630088433,586,1,8.07199954986572,34.9580001831055,0.0261659994721413,0.0100977895781398,109.178298950195,-87.5994,26.341,67.5450333763365,63,63,63,63,61,63,0,8045,1.29563008188212,26,-88,0.001869,51,2025-10-13 03:08:02.000333,586,1.037,0.0011,"aoml_navis",1029.88811503332
"7901009",89,0,1,0.029904,1,0.007476,1,113.370476160443,1,4.8548465548791,588,1,8.05300045013428,34.9560012817383,0.0299040004611015,0.0129828732460737,109.322601318359,-87.5994,26.341,67.5450333763365,63,63,63,63,61,63,0,8045,1.29563008188212,26,-88,0.001869,51,2025-10-13 03:08:02.000333,588,1.037,0.0011,"aoml_navis",1029.89866795584
"7901009",89,0,1,0.028035,1,0.005607,1,113.656482971094,1,4.85479837082364,590,1,8.03600025177002,34.9539985656738,0.0280349999666214,0.0115403309464455,109.59839630127,-87.5994,26.341,67.5450333763365,63,63,63,63,61,63,0,8045,1.29563008188212,26,-88,0.001869,51,2025-10-13 03:08:02.000333,590,1.037,0.0011,"aoml_navis",1029.90888973865
"7901009",89,0,1,0.029904,1,0.007476,1,114.055946244296,1,4.85473685413032,592,1,7.99200010299683,34.9500007629395,0.0299040004611015,0.0129828732460737,109.983596801758,-87.5994,26.341,67.5450333763365,63,63,63,63,61,63,0,8045,1.29563008188212,26,-88,0.001869,51,2025-10-13 03:08:02.000333,592,1.037,0.0011,"aoml_navis",1029.92194020693
"7901009",89,0,1,0.024297,1,0.001869,1,114.307117015575,1,4.85467543461241,594,1,7.94799995422363,34.9459991455078,0.0242970008403063,0.0086552482098341,110.225799560547,-87.5994,26.341,67.5450333763365,63,63,63,63,61,63,0,8045,1.29563008188212,26,-88,0.001869,51,2025-10-13 03:08:02.000333,594,1.037,0.0011,"aoml_navis",1029.93497038988
"7901009",89,0,1,0.029904,1,0.007476,1,114.531221220717,1,4.85462043910055,596,1,7.92199993133545,34.9440002441406,0.0299040004611015,0.0129828732460737,110.441902160645,-87.5994,26.341,67.5450333763365,63,63,63,63,61,63,0,8045,1.29563008188212,26,-88,0.001869,51,2025-10-13 03:08:02.000333,596,1.037,0.0011,"aoml_navis",1029.94663799635
"7901009",89,0,1,0.028035,1,0.005607,1,114.685218193317,1,4.85457092973734,598,1,7.90799999237061,34.943000793457,0.0280349999666214,0.0115403309464455,110.590400695801,-87.5994,26.341,67.5450333763365,63,63,63,63,61,63,0,8045,1.29563008188212,26,-88,0.001869,51,2025-10-13 03:08:02.000333,598,1.037,0.0011,"aoml_navis",1029.95714191172
"7901009",89,0,1,0.029904,1,0.007476,1,115.030856897849,1,4.85451206283685,600,1,7.87200021743774,34.939998626709,0.0299040004611015,0.0129828732460737,110.923698425293,-87.5994,26.341,67.5450333763365,63,63,63,63,61,63,0,8045,1.29563008188212,26,-88,0.001869,51,2025-10-13 03:08:02.000333,600,1.037,0.0011,"aoml_navis",1029.96963140269
"7901009",89,0,1,0.029904,1,0.007476,1,115.306704845327,1,4.85445475322173,602,1,7.83799982070923,34.9370002746582,0.0299040004611015,0.0129828732460737,111.189697265625,-87.5994,26.341,67.5450333763365,63,63,63,63,61,63,0,8045,1.29563008188212,26,-88,0.001869,51,2025-10-13 03:08:02.000333,602,1.037,0.0011,"aoml_navis",1029.98179078334
"7901009",89,0,1,0.026166,1,0.003738,1,115.512659181216,1,4.85440129388455,604,1,7.80900001525879,34.9339981079102,0.0261659994721413,0.0100977895781398,111.388298034668,-87.5994,26.341,67.5450333763365,63,63,63,63,61,63,0,8045,1.29563008188212,26,-88,0.001869,51,2025-10-13 03:08:02.000333,604,1.037,0.0011,"aoml_navis",1029.99313350935
"7901009",89,0,1,0.026166,1,0.003738,1,115.700257938785,1,4.85433424584217,606,1,7.76200008392334,34.9309997558594,0.0261659994721413,0.0100977895781398,111.569198608398,-87.5994,26.341,67.5450333763365,63,63,63,63,61,63,0,8045,1.29563008188212,26,-88,0.001869,51,2025-10-13 03:08:02.000333,606,1.037,0.0011,"aoml_navis",1030.0073597698
"7901009",89,0,1,0.029904,1,0.007476,1,115.799188176423,1,4.85428557264569,608,1,7.74900007247925,34.9300003051758,0.0299040004611015,0.0129828732460737,111.664596557617,-87.5994,26.341,67.5450333763365,63,63,63,63,61,63,0,8045,1.29563008188212,26,-88,0.001869,51,2025-10-13 03:08:02.000333,608,1.037,0.0011,"aoml_navis",1030.01768749977
"7901009",89,0,1,0.028035,1,0.005607,1,115.87126546888,1,4.85423766012702,610,1,7.73699998855591,34.9290008544922,0.0280349999666214,0.0115403309464455,111.734100341797,-87.5994,26.341,67.5450333763365,63,63,63,63,61,63,0,8045,1.29563008188212,26,-88,0.001869,51,2025-10-13 03:08:02.000333,610,1.037,0.0011,"aoml_navis",1030.02785402748
"7901009",89,0,1,0.033642,1,0.011214,1,115.976833779885,1,4.85419503404001,612,1,7.73199987411499,34.9280014038086,0.0336420014500618,0.0158679541200399,111.835899353027,-87.5994,26.341,67.5450333763365,63,63,63,63,61,63,0,8045,1.29563008188212,26,-88,0.001869,51,2025-10-13 03:08:02.000333,612,1.037,0.0011,"aoml_navis",1030.03689899922
"7901009",89,0,1,0.029904,1,0.007476,1,116.203635938566,1,4.85414563477163,614,1,7.71799993515015,34.9269981384277,0.0299040004611015,0.0129828732460737,112.05460357666,-87.5994,26.341,67.5450333763365,63,63,63,63,61,63,0,8045,1.29563008188212,26,-88,0.001869,51,2025-10-13 03:08:02.000333,614,1.037,0.0011,"aoml_navis",1030.04738139366
"7901009",89,0,1,0.026166,1,0.003738,1,116.366138189914,1,4.85409472143194,616,1,7.7020001411438,34.9259986877441,0.0261659994721413,0.0100977895781398,112.211303710938,-87.5994,26.341,67.5450333763365,63,63,63,63,61,63,0,8045,1.29563008188212,26,-88,0.001869,51,2025-10-13 03:08:02.000333,616,1.037,0.0011,"aoml_navis",1030.05818529331
"7901009",89,0,1,0.029904,1,0.007476,1,116.62269695638,1,4.85404524148235,618,1,7.68300008773804,34.923999786377,0.0299040004611015,0.0129828732460737,112.458702087402,-87.5994,26.341,67.5450333763365,63,63,63,63,61,63,0,8045,1.29563008188212,26,-88,0.001869,51,2025-10-13 03:08:02.000333,618,1.037,0.0011,"aoml_navis",1030.06868524222
"7901009",89,0,1,0.028035,1,0.005607,1,116.884026590832,1,4.85398299806465,620,1,7.64699983596802,34.9220008850098,0.0280349999666214,0.0115403309464455,112.71070098877,-87.5994,26.341,67.5450333763365,63,63,63,63,61,63,0,8045,1.29563008188212,26,-88,0.001869,51,2025-10-13 03:08:02.000333,620,1.037,0.0011,"aoml_navis",1030.08189398141
"7901009",89,0,1,0.028035,1,0.005607,1,117.069030249397,1,4.85392682066808,622,1,7.61899995803833,34.9199981689453,0.0280349999666214,0.0115403309464455,112.889099121094,-87.5994,26.341,67.5450333763365,63,63,63,63,61,63,0,8045,1.29563008188212,26,-88,0.001869,51,2025-10-13 03:08:02.000333,622,1.037,0.0011,"aoml_navis",1030.09381573491
"7901009",89,0,1,0.033642,1,0.011214,1,117.184971044531,1,4.85387296860834,624,1,7.59899997711182,34.9189987182617,0.0336420014500618,0.0158679541200399,113.000900268555,-87.5994,26.341,67.5450333763365,63,63,63,63,61,63,0,8045,1.29563008188212,26,-88,0.001869,51,2025-10-13 03:08:02.000333,624,1.037,0.0011,"aoml_navis",1030.10524427333
"7901009",89,0,1,0.026166,1,0.003738,1,117.334094294611,1,4.8538266175187,626,1,7.58900022506714,34.9179992675781,0.0261659994721413,0.0100977895781398,113.14469909668,-87.5994,26.341,67.5450333763365,63,63,63,63,61,63,0,8045,1.29563008188212,26,-88,0.001869,51,2025-10-13 03:08:02.000333,626,1.037,0.0011,"aoml_navis",1030.11508115138
"7901009",89,0,1,0.029904,1,0.007476,1,117.409795231409,1,4.8537803298812,628,1,7.58400011062622,34.9179992675781,0.0299040004611015,0.0129828732460737,113.217697143555,-87.5994,26.341,67.5450333763365,63,63,63,63,61,63,0,8045,1.29563008188212,26,-88,0.001869,51,2025-10-13 03:08:02.000333,628,1.037,0.0011,"aoml_navis",1030.12490475076
"7901009",89,0,1,0.031773,1,0.009345,1,117.62498273967,1,4.85373398428411,630,1,7.57399988174438,34.9169998168945,0.0317730009555817,0.0144254146143794,113.425201416016,-87.5994,26.341,67.5450333763365,63,63,63,63,61,63,0,8045,1.29563008188212,26,-88,0.001869,51,2025-10-13 03:08:02.000333,630,1.037,0.0011,"aoml_navis",1030.1347408386
"7901009",89,0,1,0.031773,1,0.009345,1,117.946458540671,1,4.85367861455703,632,1,7.54699993133545,34.9150009155273,0.0317730009555817,0.0144254146143794,113.735198974609,-87.5994,26.341,67.5450333763365,63,63,63,63,61,63,0,8045,1.29563008188212,26,-88,0.001869,51,2025-10-13 03:08:02.000333,632,1.037,0.0011,"aoml_navis",1030.1464923953
"7901009",89,0,1,0.029904,1,0.007476,1,118.244705040832,1,4.85361881174422,634,1,7.51399993896484,34.9129981994629,0.0299040004611015,0.0129828732460737,114.022796630859,-87.5994,26.341,67.5450333763365,63,63,63,63,61,63,0,8045,1.29563008188212,26,-88,0.001869,51,2025-10-13 03:08:02.000333,634,1.037,0.0011,"aoml_navis",1030.15918512216
"7901009",89,0,1,0.031773,1,0.009345,1,118.425776491455,1,4.85357547246532,636,1,7.50799989700317,34.9119987487793,0.0317730009555817,0.0144254146143794,114.197402954102,-87.5994,26.341,67.5450333763365,63,63,63,63,61,63,0,8045,1.29563008188212,26,-88,0.001869,51,2025-10-13 03:08:02.000333,636,1.037,0.0011,"aoml_navis",1030.16838377509
"7901009",89,0,1,0.031773,1,0.009345,1,118.719046414562,1,4.85352170148006,638,1,7.48799991607666,34.9109992980957,0.0317730009555817,0.0144254146143794,114.480201721191,-87.5994,26.341,67.5450333763365,63,63,63,63,61,63,0,8045,1.29563008188212,26,-88,0.001869,51,2025-10-13 03:08:02.000333,638,1.037,0.0011,"aoml_navis",1030.1797967598
"7901009",89,0,1,0.033642,1,0.011214,1,119.04197800281,1,4.85345604597775,640,1,7.4520001411438,34.9099998474121,0.0336420014500618,0.0158679541200399,114.791603088379,-87.5994,26.341,67.5450333763365,63,63,63,63,61,63,0,8045,1.29563008188212,26,-88,0.001869,51,2025-10-13 03:08:02.000333,640,1.037,0.0011,"aoml_navis",1030.19373259673
"7901009",89,0,1,0.028035,1,0.005607,1,119.195555645388,1,4.85340822908016,642,1,7.43499994277954,34.9080009460449,0.0280349999666214,0.0115403309464455,114.939697265625,-87.5994,26.341,67.5450333763365,63,63,63,63,61,63,0,8045,1.29563008188212,26,-88,0.001869,51,2025-10-13 03:08:02.000333,642,1.037,0.0011,"aoml_navis",1030.20388230306
"7901009",89,0,1,0.029904,1,0.007476,1,119.48841415036,1,4.85335748132557,644,1,7.41900014877319,34.9070014953613,0.0299040004611015,0.0129828732460737,115.222099304199,-87.5994,26.341,67.5450333763365,63,63,63,63,61,63,0,8045,1.29563008188212,26,-88,0.001869,51,2025-10-13 03:08:02.000333,644,1.037,0.0011,"aoml_navis",1030.21465433747
"7901009",89,0,1,0.031773,1,0.009345,1,119.768415838622,1,4.85329934473643,646,1,7.39300012588501,34.9059982299805,0.0317730009555817,0.0144254146143794,115.49210357666,-87.5994,26.341,67.5450333763365,63,63,63,63,61,63,0,8045,1.29563008188212,26,-88,0.001869,51,2025-10-13 03:08:02.000333,646,1.037,0.0011,"aoml_navis",1030.22699504877
"7901009",89,0,1,0.029904,1,0.007476,1,120.176692954173,1,4.85324788095738,648,1,7.37599992752075,34.9049987792969,0.0299040004611015,0.0129828732460737,115.885803222656,-87.5994,26.341,67.5450333763365,63,63,63,63,61,63,0,8045,1.29563008188212,26,-88,0.001869,51,2025-10-13 03:08:02.000333,648,1.037,0.0011,"aoml_navis",1030.23791956278
"7901009",89,0,1,0.029904,1,0.007476,1,120.579677017182,1,4.85319124001663,650,1,7.34700012207031,34.9029998779297,0.0299040004611015,0.0129828732460737,116.274398803711,-87.5994,26.341,67.5450333763365,63,63,63,63,61,63,0,8045,1.29563008188212,26,-88,0.001869,51,2025-10-13 03:08:02.000333,650,1.037,0.0011,"aoml_navis",1030.24994333066
"7901009",89,0,1,0.028035,1,0.005607,1,121.131895096692,1,4.85314053650277,652,1,7.32600021362305,34.9010009765625,0.0280349999666214,0.0115403309464455,116.806900024414,-87.5994,26.341,67.5450333763365,63,63,63,63,61,63,0,8045,1.29563008188212,26,-88,0.001869,51,2025-10-13 03:08:02.000333,652,1.037,0.0011,"aoml_navis",1030.2607069366
"7901009",89,0,1,0.029904,1,0.007476,1,121.876894219893,1,4.85308691419014,654,1,7.2960000038147,34.8979988098145,0.0299040004611015,0.0129828732460737,117.525299072266,-87.5994,26.341,67.5450333763365,63,63,63,63,61,63,0,8045,1.29563008188212,26,-88,0.001869,51,2025-10-13 03:08:02.000333,654,1.037,0.0011,"aoml_navis",1030.27209040504
"7901009",89,0,1,0.028035,1,0.005607,1,122.687538271251,1,4.85301495572387,656,1,7.23600006103516,34.8940010070801,0.0280349999666214,0.0115403309464455,118.306999206543,-87.5994,26.341,67.5450333763365,63,63,63,63,61,63,0,8045,1.29563008188212,26,-88,0.001869,51,2025-10-13 03:08:02.000333,656,1.037,0.0011,"aoml_navis",1030.28736684662
"7901009",89,0,1,0.028035,1,0.005607,1,123.068851675199,1,4.85296146883882,658,1,7.20100021362305,34.8899993896484,0.0280349999666214,0.0115403309464455,118.674697875977,-87.5994,26.341,67.5450333763365,63,63,63,63,61,63,0,8045,1.29563008188212,26,-88,0.001869,51,2025-10-13 03:08:02.000333,658,1.037,0.0011,"aoml_navis",1030.29872215251
"7901009",89,0,1,0.031773,1,0.009345,1,123.273041660242,1,4.85289699459096,660,1,7.16099977493286,34.8880004882812,0.0317730009555817,0.0144254146143794,118.871597290039,-87.5994,26.341,67.5450333763365,63,63,63,63,61,63,0,8045,1.29563008188212,26,-88,0.001869,51,2025-10-13 03:08:02.000333,660,1.037,0.0011,"aoml_navis",1030.3124104165
"7901009",89,0,1,0.028035,1,0.005607,1,123.363268821952,1,4.85283980448486,662,1,7.14099979400635,34.8880004882812,0.0280349999666214,0.0115403309464455,118.958602905273,-87.5994,26.341,67.5450333763365,63,63,63,63,61,63,0,8045,1.29563008188212,26,-88,0.001869,51,2025-10-13 03:08:02.000333,662,1.037,0.0011,"aoml_navis",1030.32455251853
"7901009",89,0,1,0.029904,1,0.007476,1,123.532298380246,1,4.85278919297014,664,1,7.13000011444092,34.8880004882812,0.0299040004611015,0.0129828732460737,119.121597290039,-87.5994,26.341,67.5450333763365,63,63,63,63,61,63,0,8045,1.29563008188212,26,-88,0.001869,51,2025-10-13 03:08:02.000333,664,1.037,0.0011,"aoml_navis",1030.33529815042
"7901009",89,0,1,0.029904,1,0.007476,1,123.693455610768,1,4.85274372911912,666,1,7.12099981307983,34.8870010375977,0.0299040004611015,0.0129828732460737,119.277000427246,-87.5994,26.341,67.5450333763365,63,63,63,63,61,63,0,8045,1.29563008188212,26,-88,0.001869,51,2025-10-13 03:08:02.000333,666,1.037,0.0011,"aoml_navis",1030.34495104229
"7901009",89,0,1,0.028035,1,0.005607,1,123.859589418344,1,4.85269749989416,668,1,7.11600017547607,34.8870010375977,0.0280349999666214,0.0115403309464455,119.437202453613,-87.5994,26.341,67.5450333763365,63,63,63,63,61,63,0,8045,1.29563008188212,26,-88,0.001869,51,2025-10-13 03:08:02.000333,668,1.037,0.0011,"aoml_navis",1030.35476662393
"7901009",89,0,1,0.026166,1,0.003738,1,124.252208909112,1,4.85265136788905,670,1,7.10099983215332,34.8849983215332,0.0261659994721413,0.0100977895781398,119.815803527832,-87.5994,26.341,67.5450333763365,63,63,63,63,61,63,0,8045,1.29563008188212,26,-88,0.001869,51,2025-10-13 03:08:02.000333,670,1.037,0.0011,"aoml_navis",1030.36456174989
"7901009",89,0,1,0.029904,1,0.007476,1,124.610910139423,1,4.85256877700622,672,1,7.0460000038147,34.8849983215332,0.0299040004611015,0.0129828732460737,120.161697387695,-87.5994,26.341,67.5450333763365,63,63,63,63,61,63,0,8045,1.29563008188212,26,-88,0.001869,51,2025-10-13 03:08:02.000333,672,1.037,0.0011,"aoml_navis",1030.38209858918
"7901009",89,0,1,0.029904,1,0.007476,1,124.749771671796,1,4.85251680815913,674,1,7.02799987792969,34.8839988708496,0.0299040004611015,0.0129828732460737,120.295600891113,-87.5994,26.341,67.5450333763365,63,63,63,63,61,63,0,8045,1.29563008188212,26,-88,0.001869,51,2025-10-13 03:08:02.000333,674,1.037,0.0011,"aoml_navis",1030.39313364003
"7901009",89,0,1,0.026166,1,0.003738,1,124.862705949791,1,4.85246768966239,676,1,7.01900005340576,34.8839988708496,0.0261659994721413,0.0100977895781398,120.404502868652,-87.5994,26.341,67.5450333763365,63,63,63,63,61,63,0,8045,1.29563008188212,26,-88,0.001869,51,2025-10-13 03:08:02.000333,676,1.037,0.0011,"aoml_navis",1030.40356366554
"7901009",89,0,1,0.028035,1,0.005607,1,124.998964471272,1,4.85241863627501,678,1,7.00500011444092,34.882999420166,0.0280349999666214,0.0115403309464455,120.53589630127,-87.5994,26.341,67.5450333763365,63,63,63,63,61,63,0,8045,1.29563008188212,26,-88,0.001869,51,2025-10-13 03:08:02.000333,678,1.037,0.0011,"aoml_navis",1030.41398007619
"7901009",89,0,1,0.028035,1,0.005607,1,125.000831676653,1,4.85236662824182,680,1,6.99200010299683,34.882999420166,0.0280349999666214,0.0115403309464455,120.537696838379,-87.5994,26.341,67.5450333763365,63,63,63,63,61,63,0,8045,1.29563008188212,26,-88,0.001869,51,2025-10-13 03:08:02.000333,680,1.037,0.0011,"aoml_navis",1030.4250241313
"7901009",89,0,1,0.031773,1,0.009345,1,125.065756623075,1,4.85231824536423,682,1,6.98400020599365,34.882999420166,0.0317730009555817,0.0144254146143794,120.600303649902,-87.5994,26.341,67.5450333763365,63,63,63,63,61,63,0,8045,1.29563008188212,26,-88,0.001869,51,2025-10-13 03:08:02.000333,682,1.037,0.0011,"aoml_navis",1030.43529858679
"7901009",89,0,1,0.028035,1,0.005607,1,125.114699557339,1,4.85227348418342,684,1,6.98099994659424,34.882999420166,0.0280349999666214,0.0115403309464455,120.647499084473,-87.5994,26.341,67.5450333763365,63,63,63,63,61,63,0,8045,1.29563008188212,26,-88,0.001869,51,2025-10-13 03:08:02.000333,684,1.037,0.0011,"aoml_navis",1030.44480413112
"7901009",89,0,1,0.028035,1,0.005607,1,125.267351509113,1,4.85222872520492,686,1,6.97800016403198,34.882999420166,0.0280349999666214,0.0115403309464455,120.794700622559,-87.5994,26.341,67.5450333763365,63,63,63,63,61,63,0,8045,1.29563008188212,26,-88,0.001869,51,2025-10-13 03:08:02.000333,686,1.037,0.0011,"aoml_navis",1030.45430938312
"7901009",89,0,1,0.024297,1,0.001869,1,125.529511891722,1,4.85218258598453,688,1,6.96799993515015,34.8819999694824,0.0242970008403063,0.0086552482098341,121.047500610352,-87.5994,26.341,67.5450333763365,63,63,63,63,61,63,0,8045,1.29563008188212,26,-88,0.001869,51,2025-10-13 03:08:02.000333,688,1.037,0.0011,"aoml_navis",1030.46410793412
"7901009",89,0,1,0.031773,1,0.009345,1,125.976161660228,1,4.85211910368015,690,1,6.93400001525879,34.8810005187988,0.0317730009555817,0.0144254146143794,121.478202819824,-87.5994,26.341,67.5450333763365,63,63,63,63,61,63,0,8045,1.29563008188212,26,-88,0.001869,51,2025-10-13 03:08:02.000333,690,1.037,0.0011,"aoml_navis",1030.47758992719
"7901009",89,0,1,0.033642,1,0.011214,1,126.362965913899,1,4.85206135620898,692,1,6.91300010681152,34.8810005187988,0.0336420014500618,0.0158679541200399,121.851196289062,-87.5994,26.341,67.5450333763365,63,63,63,63,61,63,0,8045,1.29563008188212,26,-88,0.001869,51,2025-10-13 03:08:02.000333,692,1.037,0.0011,"aoml_navis",1030.48985429702
"7901009",89,0,1,0.029904,1,0.007476,1,126.733503327471,1,4.85200947247104,694,1,6.89499998092651,34.8800010681152,0.0299040004611015,0.0129828732460737,122.208503723145,-87.5994,26.341,67.5450333763365,63,63,63,63,61,63,0,8045,1.29563008188212,26,-88,0.001869,51,2025-10-13 03:08:02.000333,694,1.037,0.0011,"aoml_navis",1030.50087358003
"7901009",89,0,1,0.029904,1,0.007476,1,127.026978959646,1,4.85195544122508,696,1,6.87400007247925,34.8790016174316,0.0299040004611015,0.0129828732460737,122.491500854492,-87.5994,26.341,67.5450333763365,63,63,63,63,61,63,0,8045,1.29563008188212,26,-88,0.001869,51,2025-10-13 03:08:02.000333,696,1.037,0.0011,"aoml_navis",1030.51234921018
"7901009",89,0,1,0.029904,1,0.007476,1,127.369816856107,1,4.85190133565715,698,1,6.85799980163574,34.8790016174316,0.0299040004611015,0.0129828732460737,122.82209777832,-87.5994,26.341,67.5450333763365,63,63,63,63,61,63,0,8045,1.29563008188212,26,-88,0.001869,51,2025-10-13 03:08:02.000333,698,1.037,0.0011,"aoml_navis",1030.52384088161
"7901009",89,0,1,0.026166,1,0.003738,1,127.841974548968,1,4.85185165807934,700,1,6.84299993515015,34.8779983520508,0.0261659994721413,0.0100977895781398,123.277397155762,-87.5994,26.341,67.5450333763365,63,63,63,63,61,63,0,8045,1.29563008188212,26,-88,0.001869,51,2025-10-13 03:08:02.000333,700,1.037,0.0011,"aoml_navis",1030.53439230236
"7901009",89,0,1,0.029904,1,0.007476,1,128.388076739668,1,4.85179407888737,702,1,6.81699991226196,34.8769989013672,0.0299040004611015,0.0129828732460737,123.804000854492,-87.5994,26.341,67.5450333763365,63,63,63,63,61,63,0,8045,1.29563008188212,26,-88,0.001869,51,2025-10-13 03:08:02.000333,702,1.037,0.0011,"aoml_navis",1030.54662228093
"7901009",89,0,1,0.031773,1,0.009345,1,128.800816159603,1,4.85172149294991,704,1,6.76999998092651,34.8759994506836,0.0317730009555817,0.0144254146143794,124.202003479004,-87.5994,26.341,67.5450333763365,63,63,63,63,61,63,0,8045,1.29563008188212,26,-88,0.001869,51,2025-10-13 03:08:02.000333,704,1.037,0.0011,"aoml_navis",1030.5620401471
"7901009",89,0,1,0.028035,1,0.005607,1,129.060792861343,1,4.85166458991587,706,1,6.75,34.8759994506836,0.0280349999666214,0.0115403309464455,124.452697753906,-87.5994,26.341,67.5450333763365,63,63,63,63,61,63,0,8045,1.29563008188212,26,-88,0.001869,51,2025-10-13 03:08:02.000333,706,1.037,0.0011,"aoml_navis",1030.57412715472
"7901009",89,0,1,0.031773,1,0.009345,1,129.421369208922,1,4.85161352942531,708,1,6.73299980163574,34.875,0.0317730009555817,0.0144254146143794,124.800399780273,-87.5994,26.341,67.5450333763365,63,63,63,63,61,63,0,8045,1.29563008188212,26,-88,0.001869,51,2025-10-13 03:08:02.000333,708,1.037,0.0011,"aoml_navis",1030.58497336499
"7901009",89,0,1,0.029904,1,0.007476,1,129.874032011705,1,4.85156176663864,710,1,6.71500015258789,34.8740005493164,0.0299040004611015,0.0129828732460737,125.23690032959,-87.5994,26.341,67.5450333763365,63,63,63,63,61,63,0,8045,1.29563008188212,26,-88,0.001869,51,2025-10-13 03:08:02.000333,710,1.037,0.0011,"aoml_navis",1030.59596898922
"7901009",89,0,1,0.029904,1,0.007476,1,130.349196221705,1,4.85150360542084,712,1,6.68800020217896,34.8730010986328,0.0299040004611015,0.0129828732460737,125.695098876953,-87.5994,26.341,67.5450333763365,63,63,63,63,61,63,0,8045,1.29563008188212,26,-88,0.001869,51,2025-10-13 03:08:02.000333,712,1.037,0.0011,"aoml_navis",1030.60832406952
"7901009",89,0,1,0.029904,1,0.007476,1,130.687374016601,1,4.85144120872204,714,1,6.65500020980835,34.8720016479492,0.0299040004611015,0.0129828732460737,126.021202087402,-87.5994,26.341,67.5450333763365,63,63,63,63,61,63,0,8045,1.29563008188212,26,-88,0.001869,51,2025-10-13 03:08:02.000333,714,1.037,0.0011,"aoml_navis",1030.62157921462
"7901009",89,0,1,0.029904,1,0.007476,1,130.699708648757,1,4.85138084378754,716,1,6.63000011444092,34.8720016479492,0.0299040004611015,0.0129828732460737,126.033096313477,-87.5994,26.341,67.5450333763365,63,63,63,63,61,63,0,8045,1.29563008188212,26,-88,0.001869,51,2025-10-13 03:08:02.000333,716,1.037,0.0011,"aoml_navis",1030.63440306955
"7901009",89,0,1,0.029904,1,0.007476,1,130.738706340801,1,4.85132603000127,718,1,6.61800003051758,34.8730010986328,0.0299040004611015,0.0129828732460737,126.070701599121,-87.5994,26.341,67.5450333763365,63,63,63,63,61,63,0,8045,1.29563008188212,26,-88,0.001869,51,2025-10-13 03:08:02.000333,718,1.037,0.0011,"aoml_navis",1030.6460479216
"7901009",89,0,1,0.031773,1,0.009345,1,130.892600458867,1,4.85128341631264,720,1,6.61800003051758,34.8730010986328,0.0317730009555817,0.0144254146143794,126.219100952148,-87.5994,26.341,67.5450333763365,63,63,63,63,61,63,0,8045,1.29563008188212,26,-88,0.001869,51,2025-10-13 03:08:02.000333,720,1.037,0.0011,"aoml_navis",1030.6551011197
"7901009",89,0,1,0.028035,1,0.005607,1,131.426146484569,1,4.85122662542299,722,1,6.59800004959106,34.8730010986328,0.0280349999666214,0.0115403309464455,126.733596801758,-87.5994,26.341,67.5450333763365,63,63,63,63,61,63,0,8045,1.29563008188212,26,-88,0.001869,51,2025-10-13 03:08:02.000333,722,1.037,0.0011,"aoml_navis",1030.66716648473
"7901009",89,0,1,0.031773,1,0.009345,1,131.70458953105,1,4.85117778327363,724,1,6.58400011062622,34.8720016479492,0.0317730009555817,0.0144254146143794,127.002098083496,-87.5994,26.341,67.5450333763365,63,63,63,63,61,63,0,8045,1.29563008188212,26,-88,0.001869,51,2025-10-13 03:08:02.000333,724,1.037,0.0011,"aoml_navis",1030.67754334617
"7901009",89,0,1,0.026166,1,0.003738,1,132.159222393748,1,4.85113233819455,726,1,6.57999992370605,34.8720016479492,0.0261659994721413,0.0100977895781398,127.440498352051,-87.5994,26.341,67.5450333763365,63,63,63,63,61,63,0,8045,1.29563008188212,26,-88,0.001869,51,2025-10-13 03:08:02.000333,726,1.037,0.0011,"aoml_navis",1030.68719866357
"7901009",89,0,1,0.031773,1,0.009345,1,132.931604558572,1,4.85107786092368,728,1,6.55800008773804,34.8709983825684,0.0317730009555817,0.0144254146143794,128.185302734375,-87.5994,26.341,67.5450333763365,63,63,63,63,61,63,0,8045,1.29563008188212,26,-88,0.001869,51,2025-10-13 03:08:02.000333,728,1.037,0.0011,"aoml_navis",1030.69877320995
"7901009",89,0,1,0.031773,1,0.009345,1,133.605665701073,1,4.85102072158642,730,1,6.52699995040894,34.8689994812012,0.0317730009555817,0.0144254146143794,128.835296630859,-87.5994,26.341,67.5450333763365,63,63,63,63,61,63,0,8045,1.29563008188212,26,-88,0.001869,51,2025-10-13 03:08:02.000333,730,1.037,0.0011,"aoml_navis",1030.71091363322
"7901009",89,0,1,0.024297,1,0.001869,1,133.939389103471,1,4.8509634565284,732,1,6.50099992752075,34.8680000305176,0.0242970008403063,0.0086552482098341,129.157104492188,-87.5994,26.341,67.5450333763365,63,63,63,63,61,63,0,8045,1.29563008188212,26,-88,0.001869,51,2025-10-13 03:08:02.000333,732,1.037,0.0011,"aoml_navis",1030.72308105538
"7901009",89,0,1,0.029904,1,0.007476,1,134.196572909027,1,4.85091747985542,734,1,6.49100017547607,34.867000579834,0.0299040004611015,0.0129828732460737,129.40510559082,-87.5994,26.341,67.5450333763365,63,63,63,63,61,63,0,8045,1.29563008188212,26,-88,0.001869,51,2025-10-13 03:08:02.000333,734,1.037,0.0011,"aoml_navis",1030.73285018013
"7901009",89,0,1,0.029904,1,0.007476,1,134.364463155562,1,4.85086359649424,736,1,6.47499990463257,34.867000579834,0.0299040004611015,0.0129828732460737,129.567001342773,-87.5994,26.341,67.5450333763365,63,63,63,63,61,63,0,8045,1.29563008188212,26,-88,0.001869,51,2025-10-13 03:08:02.000333,736,1.037,0.0011,"aoml_navis",1030.74429955391
"7901009",89,0,1,0.029904,1,0.007476,1,134.444515630324,1,4.85081464513198,738,1,6.46600008010864,34.867000579834,0.0299040004611015,0.0129828732460737,129.644195556641,-87.5994,26.341,67.5450333763365,63,63,63,63,61,63,0,8045,1.29563008188212,26,-88,0.001869,51,2025-10-13 03:08:02.000333,738,1.037,0.0011,"aoml_navis",1030.75470117534
"7901009",89,0,1,0.029904,1,0.007476,1,134.590220945131,1,4.85077132350621,740,1,6.46500015258789,34.867000579834,0.0299040004611015,0.0129828732460737,129.784698486328,-87.5994,26.341,67.5450333763365,63,63,63,63,61,63,0,8045,1.29563008188212,26,-88,0.001869,51,2025-10-13 03:08:02.000333,740,1.037,0.0011,"aoml_navis",1030.76390671534
"7901009",89,0,1,0.031773,1,0.009345,1,134.864510250829,1,4.85071745430179,742,1,6.44899988174438,34.867000579834,0.0317730009555817,0.0144254146143794,130.049194335938,-87.5994,26.341,67.5450333763365,63,63,63,63,61,63,0,8045,1.29563008188212,26,-88,0.001869,51,2025-10-13 03:08:02.000333,742,1.037,0.0011,"aoml_navis",1030.77535377077
"7901009",89,0,1,0.026166,1,0.003738,1,135.108417909651,1,4.85066008350562,744,1,6.42799997329712,34.867000579834,0.0261659994721413,0.0100977895781398,130.284393310547,-87.5994,26.341,67.5450333763365,63,63,63,63,61,63,0,8045,1.29563008188212,26,-88,0.001869,51,2025-10-13 03:08:02.000333,744,1.037,0.0011,"aoml_navis",1030.78754518425
"7901009",89,0,1,0.026166,1,0.003738,1,135.275801795406,1,4.8506097436877,746,1,6.41699981689453,34.867000579834,0.0261659994721413,0.0100977895781398,130.44580078125,-87.5994,26.341,67.5450333763365,63,63,63,63,61,63,0,8045,1.29563008188212,26,-88,0.001869,51,2025-10-13 03:08:02.000333,746,1.037,0.0011,"aoml_navis",1030.79824273777
"7901009",89,0,1,0.031773,1,0.009345,1,135.531529813716,1,4.85055782561798,748,1,6.40899991989136,34.8680000305176,0.0317730009555817,0.0144254146143794,130.692398071289,-87.5994,26.341,67.5450333763365,63,63,63,63,61,63,0,8045,1.29563008188212,26,-88,0.001869,51,2025-10-13 03:08:02.000333,748,1.037,0.0011,"aoml_navis",1030.80927591312
"7901009",89,0,1,0.031773,1,0.009345,1,135.903404336226,1,4.85051328439544,750,1,6.40100002288818,34.867000579834,0.0317730009555817,0.0144254146143794,131.050994873047,-87.5994,26.341,67.5450333763365,63,63,63,63,61,63,0,8045,1.29563008188212,26,-88,0.001869,51,2025-10-13 03:08:02.000333,750,1.037,0.0011,"aoml_navis",1030.81874161348
"7901009",89,0,1,0.029904,1,0.007476,1,136.442662744492,1,4.8504601522756,752,1,6.38600015640259,34.867000579834,0.0299040004611015,0.0129828732460737,131.570999145508,-87.5994,26.341,67.5450333763365,63,63,63,63,61,63,0,8045,1.29563008188212,26,-88,0.001869,51,2025-10-13 03:08:02.000333,752,1.037,0.0011,"aoml_navis",1030.83003324009
"7901009",89,0,1,0.031773,1,0.009345,1,137.082101468574,1,4.85038953875678,754,1,6.34600019454956,34.867000579834,0.0317730009555817,0.0144254146143794,132.187606811523,-87.5994,26.341,67.5450333763365,63,63,63,63,61,63,0,8045,1.29563008188212,26,-88,0.001869,51,2025-10-13 03:08:02.000333,754,1.037,0.0011,"aoml_navis",1030.84504039269
"7901009",89,0,1,0.029904,1,0.007476,1,137.562542907341,1,4.85032108369434,756,1,6.30900001525879,34.867000579834,0.0299040004611015,0.0129828732460737,132.650894165039,-87.5994,26.341,67.5450333763365,63,63,63,63,61,63,0,8045,1.29563008188212,26,-88,0.001869,51,2025-10-13 03:08:02.000333,756,1.037,0.0011,"aoml_navis",1030.85958923603
"7901009",89,0,1,0.031773,1,0.009345,1,138.021432365356,1,4.85025943804167,758,1,6.28700017929077,34.8680000305176,0.0317730009555817,0.0144254146143794,133.093399047852,-87.5994,26.341,67.5450333763365,63,63,63,63,61,63,0,8045,1.29563008188212,26,-88,0.001869,51,2025-10-13 03:08:02.000333,758,1.037,0.0011,"aoml_navis",1030.8726912181
"7901009",89,0,1,0.028035,1,0.005607,1,138.389683243526,1,4.85019871647303,760,1,6.26100015640259,34.8680000305176,0.0280349999666214,0.0115403309464455,133.448501586914,-87.5994,26.341,67.5450333763365,63,63,63,63,61,63,0,8045,1.29563008188212,26,-88,0.001869,51,2025-10-13 03:08:02.000333,760,1.037,0.0011,"aoml_navis",1030.88559712372
"7901009",89,0,1,0.028035,1,0.005607,1,138.573239026732,1,4.85014704985598,762,1,6.2480001449585,34.8680000305176,0.0280349999666214,0.0115403309464455,133.625503540039,-87.5994,26.341,67.5450333763365,63,63,63,63,61,63,0,8045,1.29563008188212,26,-88,0.001869,51,2025-10-13 03:08:02.000333,762,1.037,0.0011,"aoml_navis",1030.896578723
"7901009",89,0,1,0.029904,1,0.007476,1,138.692597757139,1,4.85010233535161,764,1,6.24499988555908,34.8680000305176,0.0299040004611015,0.0129828732460737,133.740600585938,-87.5994,26.341,67.5450333763365,63,63,63,63,61,63,0,8045,1.29563008188212,26,-88,0.001869,51,2025-10-13 03:08:02.000333,764,1.037,0.0011,"aoml_navis",1030.90608285846
"7901009",89,0,1,0.029904,1,0.007476,1,139.004009637613,1,4.85005901286554,766,1,6.24399995803833,34.8680000305176,0.0299040004611015,0.0129828732460737,134.040893554688,-87.5994,26.341,67.5450333763365,63,63,63,63,61,63,0,8045,1.29563008188212,26,-88,0.001869,51,2025-10-13 03:08:02.000333,766,1.037,0.0011,"aoml_navis",1030.91529128547
"7901009",89,0,1,0.024297,1,0.001869,1,139.453468126077,1,4.850008743231,768,1,6.23299980163574,34.8680000305176,0.0242970008403063,0.0086552482098341,134.474304199219,-87.5994,26.341,67.5450333763365,63,63,63,63,61,63,0,8045,1.29563008188212,26,-88,0.001869,51,2025-10-13 03:08:02.000333,768,1.037,0.0011,"aoml_navis",1030.92597657238
"7901009",89,0,1,0.031773,1,0.009345,1,139.907373095151,1,4.84994460198588,770,1,6.2020001411438,34.8680000305176,0.0317730009555817,0.0144254146143794,134.912002563477,-87.5994,26.341,67.5450333763365,63,63,63,63,61,63,0,8045,1.29563008188212,26,-88,0.001869,51,2025-10-13 03:08:02.000333,770,1.037,0.0011,"aoml_navis",1030.93961072312
"7901009",89,0,1,0.031773,1,0.009345,1,140.080247830628,1,4.84989504106737,772,1,6.19199991226196,34.8680000305176,0.0317730009555817,0.0144254146143794,135.078704833984,-87.5994,26.341,67.5450333763365,63,63,63,63,61,63,0,8045,1.29563008188212,26,-88,0.001869,51,2025-10-13 03:08:02.000333,772,1.037,0.0011,"aoml_navis",1030.95014586122
"7901009",89,0,1,0.028035,1,0.005607,1,140.316892376994,1,4.84984756232853,774,1,6.18499994277954,34.8680000305176,0.0280349999666214,0.0115403309464455,135.306900024414,-87.5994,26.341,67.5450333763365,63,63,63,63,61,63,0,8045,1.29563008188212,26,-88,0.001869,51,2025-10-13 03:08:02.000333,774,1.037,0.0011,"aoml_navis",1030.96023859343
"7901009",89,0,1,0.031773,1,0.009345,1,140.61784474258,1,4.84980446611847,776,1,6.17899990081787,34.867000579834,0.0317730009555817,0.0144254146143794,135.597106933594,-87.5994,26.341,67.5450333763365,63,63,63,63,61,63,0,8045,1.29563008188212,26,-88,0.001869,51,2025-10-13 03:08:02.000333,776,1.037,0.0011,"aoml_navis",1030.96939988629
"7901009",89,0,1,0.031773,1,0.009345,1,140.879063610611,1,4.84974015397549,778,1,6.15299987792969,34.8680000305176,0.0317730009555817,0.0144254146143794,135.848999023438,-87.5994,26.341,67.5450333763365,63,63,63,63,61,63,0,8045,1.29563008188212,26,-88,0.001869,51,2025-10-13 03:08:02.000333,778,1.037,0.0011,"aoml_navis",1030.98307151597
"7901009",89,0,1,0.031773,1,0.009345,1,141.05079903433,1,4.84969130211347,780,1,6.14400005340576,34.8680000305176,0.0317730009555817,0.0144254146143794,136.014602661133,-87.5994,26.341,67.5450333763365,63,63,63,63,61,63,0,8045,1.29563008188212,26,-88,0.001869,51,2025-10-13 03:08:02.000333,780,1.037,0.0011,"aoml_navis",1030.99345680436
"7901009",89,0,1,0.029904,1,0.007476,1,141.344583230106,1,4.84963485385612,782,1,6.12400007247925,34.8680000305176,0.0299040004611015,0.0129828732460737,136.297897338867,-87.5994,26.341,67.5450333763365,63,63,63,63,61,63,0,8045,1.29563008188212,26,-88,0.001869,51,2025-10-13 03:08:02.000333,782,1.037,0.0011,"aoml_navis",1031.00545725094
"7901009",89,0,1,0.031773,1,0.009345,1,141.643146205755,1,4.84957473257475,784,1,6.10400009155273,34.8689994812012,0.0317730009555817,0.0144254146143794,136.585800170898,-87.5994,26.341,67.5450333763365,63,63,63,63,61,63,0,8045,1.29563008188212,26,-88,0.001869,51,2025-10-13 03:08:02.000333,784,1.037,0.0011,"aoml_navis",1031.01823886017
"7901009",89,0,1,0.028035,1,0.005607,1,142.148067023541,1,4.84952451650049,786,1,6.09299993515015,34.8689994812012,0.0280349999666214,0.0115403309464455,137.072692871094,-87.5994,26.341,67.5450333763365,63,63,63,63,61,63,0,8045,1.29563008188212,26,-88,0.001869,51,2025-10-13 03:08:02.000333,786,1.037,0.0011,"aoml_navis",1031.02891489413
"7901009",89,0,1,0.028035,1,0.005607,1,142.558947149983,1,4.84947086027188,788,1,6.0770001411438,34.8689994812012,0.0280349999666214,0.0115403309464455,137.468902587891,-87.5994,26.341,67.5450333763365,63,63,63,63,61,63,0,8045,1.29563008188212,26,-88,0.001869,51,2025-10-13 03:08:02.000333,788,1.037,0.0011,"aoml_navis",1031.04032255587
"7901009",89,0,1,0.031773,1,0.009345,1,142.802016148761,1,4.84941927789056,790,1,6.06400012969971,34.8689994812012,0.0317730009555817,0.0144254146143794,137.70329284668,-87.5994,26.341,67.5450333763365,63,63,63,63,61,63,0,8045,1.29563008188212,26,-88,0.001869,51,2025-10-13 03:08:02.000333,790,1.037,0.0011,"aoml_navis",1031.05128954223
"7901009",89,0,1,0.028035,1,0.005607,1,143.002266013974,1,4.8493738945295,792,1,6.05999994277954,34.8689994812012,0.0280349999666214,0.0115403309464455,137.896392822266,-87.5994,26.341,67.5450333763365,63,63,63,63,61,63,0,8045,1.29563008188212,26,-88,0.001869,51,2025-10-13 03:08:02.000333,792,1.037,0.0011,"aoml_navis",1031.06093874107
"7901009",89,0,1,0.028035,1,0.005607,1,143.302174010449,1,4.84932094432324,794,1,6.04500007629395,34.8689994812012,0.0280349999666214,0.0115403309464455,138.185592651367,-87.5994,26.341,67.5450333763365,63,63,63,63,61,63,0,8045,1.29563008188212,26,-88,0.001869,51,2025-10-13 03:08:02.000333,794,1.037,0.0011,"aoml_navis",1031.07219699557
"7901009",89,0,1,0.031773,1,0.009345,1,143.569010318397,1,4.84927143868935,796,1,6.03499984741211,34.8689994812012,0.0317730009555817,0.0144254146143794,138.442901611328,-87.5994,26.341,67.5450333763365,63,63,63,63,61,63,0,8045,1.29563008188212,26,-88,0.001869,51,2025-10-13 03:08:02.000333,796,1.037,0.0011,"aoml_navis",1031.08272308868
"7901009",89,0,1,0.024297,1,0.001869,1,143.829200641092,1,4.84922606111325,798,1,6.0310001373291,34.8689994812012,0.0242970008403063,0.0086552482098341,138.693801879883,-87.5994,26.341,67.5450333763365,63,63,63,63,61,63,0,8045,1.29563008188212,26,-88,0.001869,51,2025-10-13 03:08:02.000333,798,1.037,0.0011,"aoml_navis",1031.09237164582
"7901009",89,0,1,0.029904,1,0.007476,1,144.155027980057,1,4.84917587384176,800,1,6.01999998092651,34.8689994812012,0.0299040004611015,0.0129828732460737,139.007995605469,-87.5994,26.341,67.5450333763365,63,63,63,63,61,63,0,8045,1.29563008188212,26,-88,0.001869,51,2025-10-13 03:08:02.000333,800,1.037,0.0011,"aoml_navis",1031.10304309065
"7901009",89,0,1,0.026166,1,0.003738,1,144.522550964604,1,4.84911239318942,802,1,5.99499988555908,34.8699989318848,0.0261659994721413,0.0100977895781398,139.362396240234,-87.5994,26.341,67.5450333763365,63,63,63,63,61,63,0,8045,1.29563008188212,26,-88,0.001869,51,2025-10-13 03:08:02.000333,802,1.037,0.0011,"aoml_navis",1031.11654145664
"7901009",89,0,1,0.028035,1,0.005607,1,144.737216288308,1,4.84906153388608,804,1,5.98299980163574,34.8699989318848,0.0280349999666214,0.0115403309464455,139.569396972656,-87.5994,26.341,67.5450333763365,63,63,63,63,61,63,0,8045,1.29563008188212,26,-88,0.001869,51,2025-10-13 03:08:02.000333,804,1.037,0.0011,"aoml_navis",1031.12735630578
"7901009",89,0,1,0.029904,1,0.007476,1,144.948352910318,1,4.84901205053714,806,1,5.97300004959106,34.8699989318848,0.0299040004611015,0.0129828732460737,139.772994995117,-87.5994,26.341,67.5450333763365,63,63,63,63,61,63,0,8045,1.29563008188212,26,-88,0.001869,51,2025-10-13 03:08:02.000333,806,1.037,0.0011,"aoml_navis",1031.13787878628
"7901009",89,0,1,0.028035,1,0.005607,1,145.169759161924,1,4.84896051566954,808,1,5.96000003814697,34.8699989318848,0.0280349999666214,0.0115403309464455,139.98649597168,-87.5994,26.341,67.5450333763365,63,63,63,63,61,63,0,8045,1.29563008188212,26,-88,0.001869,51,2025-10-13 03:08:02.000333,808,1.037,0.0011,"aoml_navis",1031.14883774417
"7901009",89,0,1,0.029904,1,0.007476,1,145.30790071256,1,4.84890529904886,810,1,5.94700002670288,34.8709983825684,0.0299040004611015,0.0129828732460737,140.119705200195,-87.5994,26.341,67.5450333763365,63,63,63,63,61,63,0,8045,1.29563008188212,26,-88,0.001869,51,2025-10-13 03:08:02.000333,810,1.037,0.0011,"aoml_navis",1031.16057989022
"7901009",89,0,1,0.033642,1,0.011214,1,145.428493697372,1,4.84886088448153,812,1,5.93900012969971,34.8699989318848,0.0336420014500618,0.0158679541200399,140.235992431641,-87.5994,26.341,67.5450333763365,63,63,63,63,61,63,0,8045,1.29563008188212,26,-88,0.001869,51,2025-10-13 03:08:02.000333,812,1.037,0.0011,"aoml_navis",1031.17002510882
"7901009",89,0,1,0.028035,1,0.005607,1,145.525256077915,1,4.84881114954091,814,1,5.93400001525879,34.8709983825684,0.0280349999666214,0.0115403309464455,140.329299926758,-87.5994,26.341,67.5450333763365,63,63,63,63,61,63,0,8045,1.29563008188212,26,-88,0.001869,51,2025-10-13 03:08:02.000333,814,1.037,0.0011,"aoml_navis",1031.18060196537
"7901009",89,0,1,0.029904,1,0.007476,1,145.5479631942,1,4.84876715696412,816,1,5.93200016021729,34.8709983825684,0.0299040004611015,0.0129828732460737,140.351196289062,-87.5994,26.341,67.5450333763365,63,63,63,63,61,63,0,8045,1.29563008188212,26,-88,0.001869,51,2025-10-13 03:08:02.000333,816,1.037,0.0011,"aoml_navis",1031.1899578058
"7901009",89,0,1,0.029904,1,0.007476,1,145.67873086596,1,4.84872111318077,818,1,5.92700004577637,34.8709983825684,0.0299040004611015,0.0129828732460737,140.477294921875,-87.5994,26.341,67.5450333763365,63,63,63,63,61,63,0,8045,1.29563008188212,26,-88,0.001869,51,2025-10-13 03:08:02.000333,818,1.037,0.0011,"aoml_navis",1031.19975005533
"7901009",89,0,1,0.026166,1,0.003738,1,145.791981619443,1,4.84867643964489,820,1,5.92399978637695,34.8709983825684,0.0261659994721413,0.0100977895781398,140.586502075195,-87.5994,26.341,67.5450333763365,63,63,63,63,61,63,0,8045,1.29563008188212,26,-88,0.001869,51,2025-10-13 03:08:02.000333,820,1.037,0.0011,"aoml_navis",1031.20925106856
"7901009",89,0,1,0.029904,1,0.007476,1,145.971692225466,1,4.84863176825962,822,1,5.9210000038147,34.8709983825684,0.0299040004611015,0.0129828732460737,140.759796142578,-87.5994,26.341,67.5450333763365,63,63,63,63,61,63,0,8045,1.29563008188212,26,-88,0.001869,51,2025-10-13 03:08:02.000333,822,1.037,0.0011,"aoml_navis",1031.21875179948
"7901009",89,0,1,0.033642,1,0.011214,1,146.188952648175,1,4.84858641405354,824,1,5.91699981689453,34.8709983825684,0.0336420014500618,0.0158679541200399,140.969299316406,-87.5994,26.341,67.5450333763365,63,63,63,63,61,63,0,8045,1.29563008188212,26,-88,0.001869,51,2025-10-13 03:08:02.000333,824,1.037,0.0011,"aoml_navis",1031.22839793215
"7901009",89,0,1,0.029904,1,0.007476,1,146.51614083174,1,4.84854201188991,826,1,5.90899991989136,34.8699989318848,0.0299040004611015,0.0129828732460737,141.284805297852,-87.5994,26.341,67.5450333763365,63,63,63,63,61,63,0,8045,1.29563008188212,26,-88,0.001869,51,2025-10-13 03:08:02.000333,826,1.037,0.0011,"aoml_navis",1031.23784175504
"7901009",89,0,1,0.029904,1,0.007476,1,146.930423069681,1,4.84847853789663,828.099975585938,1,5.88700008392334,34.8709983825684,0.0299040004611015,0.0129828732460737,141.684295654297,-87.5994,26.341,67.5450333763365,63,63,63,63,61,63,0,8045,1.29563008188212,26,-88,0.001869,51,2025-10-13 03:08:02.000333,828.099975585938,1.037,0.0011,"aoml_navis",1031.25134223428
"7901009",89,0,1,0.029904,1,0.007476,1,147.270254449002,1,4.84842137552301,830,1,5.86800003051758,34.8720016479492,0.0299040004611015,0.0129828732460737,142.011993408203,-87.5994,26.341,67.5450333763365,63,63,63,63,61,63,0,8045,1.29563008188212,26,-88,0.001869,51,2025-10-13 03:08:02.000333,830,1.037,0.0011,"aoml_navis",1031.26350057819
"7901009",89,0,1,0.029904,1,0.007476,1,147.581159968695,1,4.84836988851696,832,1,5.85500001907349,34.8720016479492,0.0299040004611015,0.0129828732460737,142.311798095703,-87.5994,26.341,67.5450333763365,63,63,63,63,61,63,0,8045,1.29563008188212,26,-88,0.001869,51,2025-10-13 03:08:02.000333,832,1.037,0.0011,"aoml_navis",1031.27445202606
"7901009",89,0,1,0.031773,1,0.009345,1,147.785049302023,1,4.84831908897893,834,1,5.84299993515015,34.8720016479492,0.0317730009555817,0.0144254146143794,142.508407592773,-87.5994,26.341,67.5450333763365,63,63,63,63,61,63,0,8045,1.29563008188212,26,-88,0.001869,51,2025-10-13 03:08:02.000333,834,1.037,0.0011,"aoml_navis",1031.28525747529
"7901009",89,0,1,0.031773,1,0.009345,1,148.002610376446,1,4.84827101990198,836,1,5.83500003814697,34.8720016479492,0.0317730009555817,0.0144254146143794,142.718200683594,-87.5994,26.341,67.5450333763365,63,63,63,63,61,63,0,8045,1.29563008188212,26,-88,0.001869,51,2025-10-13 03:08:02.000333,836,1.037,0.0011,"aoml_navis",1031.29548234312
"7901009",89,0,1,0.031773,1,0.009345,1,148.239049213744,1,4.84822159088345,838,1,5.82499980926514,34.8720016479492,0.0317730009555817,0.0144254146143794,142.946197509766,-87.5994,26.341,67.5450333763365,63,63,63,63,61,63,0,8045,1.29563008188212,26,-88,0.001869,51,2025-10-13 03:08:02.000333,838,1.037,0.0011,"aoml_navis",1031.30599669824
"7901009",89,0,1,0.028035,1,0.005607,1,148.535539274945,1,4.84816779803137,840,1,5.81400012969971,34.8730010986328,0.0280349999666214,0.0115403309464455,143.23210144043,-87.5994,26.341,67.5450333763365,63,63,63,63,61,63,0,8045,1.29563008188212,26,-88,0.001869,51,2025-10-13 03:08:02.000333,840,1.037,0.0011,"aoml_navis",1031.31743955526
"7901009",89,0,1,0.029904,1,0.007476,1,148.838659497626,1,4.84811701588142,842,1,5.80200004577637,34.8730010986328,0.0299040004611015,0.0129828732460737,143.524398803711,-87.5994,26.341,67.5450333763365,63,63,63,63,61,63,0,8045,1.29563008188212,26,-88,0.001869,51,2025-10-13 03:08:02.000333,842,1.037,0.0011,"aoml_navis",1031.32824220642
"7901009",89,0,1,0.028035,1,0.005607,1,149.113154512391,1,4.8480598321449,844,1,5.78599977493286,34.8740005493164,0.0280349999666214,0.0115403309464455,143.789093017578,-87.5994,26.341,67.5450333763365,63,63,63,63,61,63,0,8045,1.29563008188212,26,-88,0.001869,51,2025-10-13 03:08:02.000333,844,1.037,0.0011,"aoml_navis",1031.34040690828
"7901009",89,0,1,0.029904,1,0.007476,1,149.304084174474,1,4.84801110021944,846,1,5.77699995040894,34.8740005493164,0.0299040004611015,0.0129828732460737,143.973205566406,-87.5994,26.341,67.5450333763365,63,63,63,63,61,63,0,8045,1.29563008188212,26,-88,0.001869,51,2025-10-13 03:08:02.000333,846,1.037,0.0011,"aoml_navis",1031.35077388203
"7901009",89,0,1,0.029904,1,0.007476,1,149.62285411005,1,4.84796877555936,848,1,5.77199983596802,34.8730010986328,0.0299040004611015,0.0129828732460737,144.28059387207,-87.5994,26.341,67.5450333763365,63,63,63,63,61,63,0,8045,1.29563008188212,26,-88,0.001869,51,2025-10-13 03:08:02.000333,848,1.037,0.0011,"aoml_navis",1031.35977797693
"7901009",89,0,1,0.03738,1,0.014952,1,150.035490675452,1,4.84791364525043,850,1,5.75899982452393,34.8740005493164,0.0373799987137318,0.0187530387192965,144.678497314453,-87.5994,26.341,67.5450333763365,63,63,63,63,61,63,0,8045,1.29563008188212,26,-88,0.001869,51,2025-10-13 03:08:02.000333,850,1.037,0.0011,"aoml_navis",1031.37150656521
"7901009",89,0,1,0.029904,1,0.007476,1,150.392538321337,1,4.84785745920801,852,1,5.73899984359741,34.8740005493164,0.0299040004611015,0.0129828732460737,145.022796630859,-87.5994,26.341,67.5450333763365,63,63,63,63,61,63,0,8045,1.29563008188212,26,-88,0.001869,51,2025-10-13 03:08:02.000333,852,1.037,0.0011,"aoml_navis",1031.3834600279
"7901009",89,0,1,0.029904,1,0.007476,1,150.758716285058,1,4.84780738666511,854,1,5.72800016403198,34.8740005493164,0.0299040004611015,0.0129828732460737,145.375900268555,-87.5994,26.341,67.5450333763365,63,63,63,63,61,63,0,8045,1.29563008188212,26,-88,0.001869,51,2025-10-13 03:08:02.000333,854,1.037,0.0011,"aoml_navis",1031.39411308987
"7901009",89,0,1,0.026166,1,0.003738,1,151.101459238872,1,4.84775227629791,856,1,5.71500015258789,34.875,0.0261659994721413,0.0100977895781398,145.706405639648,-87.5994,26.341,67.5450333763365,63,63,63,63,61,63,0,8045,1.29563008188212,26,-88,0.001869,51,2025-10-13 03:08:02.000333,856,1.037,0.0011,"aoml_navis",1031.4058382163
"7901009",89,0,1,0.031773,1,0.009345,1,151.39223691751,1,4.84770153575917,858,1,5.70300006866455,34.875,0.0317730009555817,0.0144254146143794,145.986801147461,-87.5994,26.341,67.5450333763365,63,63,63,63,61,63,0,8045,1.29563008188212,26,-88,0.001869,51,2025-10-13 03:08:02.000333,858,1.037,0.0011,"aoml_navis",1031.41663386605
"7901009",89,0,1,0.031773,1,0.009345,1,151.720564412832,1,4.84764576027897,860,1,5.68900012969971,34.8759994506836,0.0317730009555817,0.0144254146143794,146.303405761719,-87.5994,26.341,67.5450333763365,63,63,63,63,61,63,0,8045,1.29563008188212,26,-88,0.001869,51,2025-10-13 03:08:02.000333,860,1.037,0.0011,"aoml_navis",1031.4285010199
"7901009",89,0,1,0.029904,1,0.007476,1,152.067548138189,1,4.84759300241649,862,1,5.67399978637695,34.8759994506836,0.0299040004611015,0.0129828732460737,146.638000488281,-87.5994,26.341,67.5450333763365,63,63,63,63,61,63,0,8045,1.29563008188212,26,-88,0.001869,51,2025-10-13 03:08:02.000333,862,1.037,0.0011,"aoml_navis",1031.4397263771
"7901009",89,0,1,0.031773,1,0.009345,1,152.327627694463,1,4.84753859234002,864,1,5.66200017929077,34.8769989013672,0.0317730009555817,0.0144254146143794,146.888793945312,-87.5994,26.341,67.5450333763365,63,63,63,63,61,63,0,8045,1.29563008188212,26,-88,0.001869,51,2025-10-13 03:08:02.000333,864,1.037,0.0011,"aoml_navis",1031.4513035339
"7901009",89,0,1,0.031773,1,0.009345,1,152.544793174525,1,4.84749358648604,866,1,5.65299987792969,34.8759994506836,0.0317730009555817,0.0144254146143794,147.098205566406,-87.5994,26.341,67.5450333763365,63,63,63,63,61,63,0,8045,1.29563008188212,26,-88,0.001869,51,2025-10-13 03:08:02.000333,866,1.037,0.0011,"aoml_navis",1031.46087989453
"7901009",89,0,1,0.031773,1,0.009345,1,152.910021711781,1,4.84743581143368,868,1,5.63600015640259,34.8769989013672,0.0317730009555817,0.0144254146143794,147.450393676758,-87.5994,26.341,67.5450333763365,63,63,63,63,61,63,0,8045,1.29563008188212,26,-88,0.001869,51,2025-10-13 03:08:02.000333,868,1.037,0.0011,"aoml_navis",1031.47317355012
"7901009",89,0,1,0.028035,1,0.005607,1,153.175085756996,1,4.84738074280747,870,1,5.6230001449585,34.8779983520508,0.0280349999666214,0.0115403309464455,147.705993652344,-87.5994,26.341,67.5450333763365,63,63,63,63,61,63,0,8045,1.29563008188212,26,-88,0.001869,51,2025-10-13 03:08:02.000333,870,1.037,0.0011,"aoml_navis",1031.48489159202
"7901009",89,0,1,0.028035,1,0.005607,1,153.410907467092,1,4.84733341043765,872,1,5.61600017547607,34.8779983520508,0.0280349999666214,0.0115403309464455,147.933395385742,-87.5994,26.341,67.5450333763365,63,63,63,63,61,63,0,8045,1.29563008188212,26,-88,0.001869,51,2025-10-13 03:08:02.000333,872,1.037,0.0011,"aoml_navis",1031.49496365025
"7901009",89,0,1,0.031773,1,0.009345,1,153.811834439427,1,4.84728338505113,874,1,5.60500001907349,34.8779983520508,0.0317730009555817,0.0144254146143794,148.320007324219,-87.5994,26.341,67.5450333763365,63,63,63,63,61,63,0,8045,1.29563008188212,26,-88,0.001869,51,2025-10-13 03:08:02.000333,874,1.037,0.0011,"aoml_navis",1031.50560898087
"7901009",89,0,1,0.031773,1,0.009345,1,154.178407997509,1,4.8472326906842,876,1,5.59299993515015,34.8779983520508,0.0317730009555817,0.0144254146143794,148.673492431641,-87.5994,26.341,67.5450333763365,63,63,63,63,61,63,0,8045,1.29563008188212,26,-88,0.001869,51,2025-10-13 03:08:02.000333,876,1.037,0.0011,"aoml_navis",1031.51639689372
"7901009",89,0,1,0.028035,1,0.005607,1,154.584303635011,1,4.8471715742168,878,1,5.57100009918213,34.8790016174316,0.0280349999666214,0.0115403309464455,149.064895629883,-87.5994,26.341,67.5450333763365,63,63,63,63,61,63,0,8045,1.29563008188212,26,-88,0.001869,51,2025-10-13 03:08:02.000333,878,1.037,0.0011,"aoml_navis",1031.52940296071
"7901009",89,0,1,0.031773,1,0.009345,1,154.935449013039,1,4.8471235823957,880,1,5.56300020217896,34.8790016174316,0.0317730009555817,0.0144254146143794,149.403503417969,-87.5994,26.341,67.5450333763365,63,63,63,63,61,63,0,8045,1.29563008188212,26,-88,0.001869,51,2025-10-13 03:08:02.000333,880,1.037,0.0011,"aoml_navis",1031.53961622921
"7901009",89,0,1,0.029904,1,0.007476,1,155.400446447978,1,4.84707290555847,882,1,5.55100011825562,34.8790016174316,0.0299040004611015,0.0129828732460737,149.851898193359,-87.5994,26.341,67.5450333763365,63,63,63,63,61,63,0,8045,1.29563008188212,26,-88,0.001869,51,2025-10-13 03:08:02.000333,882,1.037,0.0011,"aoml_navis",1031.55040112274
"7901009",89,0,1,0.029904,1,0.007476,1,155.996638796586,1,4.84702290509095,884,1,5.53999996185303,34.8790016174316,0.0299040004611015,0.0129828732460737,150.426803588867,-87.5994,26.341,67.5450333763365,63,63,63,63,61,63,0,8045,1.29563008188212,26,-88,0.001869,51,2025-10-13 03:08:02.000333,884,1.037,0.0011,"aoml_navis",1031.56104229431
"7901009",89,0,1,0.028035,1,0.005607,1,156.470655782941,1,4.84696050228609,886,1,5.51599979400635,34.8800010681152,0.0280349999666214,0.0115403309464455,150.883895874023,-87.5994,26.341,67.5450333763365,63,63,63,63,61,63,0,8045,1.29563008188212,26,-88,0.001869,51,2025-10-13 03:08:02.000333,886,1.037,0.0011,"aoml_navis",1031.57432325717
"7901009",89,0,1,0.029904,1,0.007476,1,156.815155175715,1,4.84690146936426,888,1,5.49700021743774,34.8810005187988,0.0299040004611015,0.0129828732460737,151.216094970703,-87.5994,26.341,67.5450333763365,63,63,63,63,61,63,0,8045,1.29563008188212,26,-88,0.001869,51,2025-10-13 03:08:02.000333,888,1.037,0.0011,"aoml_navis",1031.58688733481
"7901009",89,0,1,0.029904,1,0.007476,1,156.933168885297,1,4.84685483646229,890,1,5.49100017547607,34.8810005187988,0.0299040004611015,0.0129828732460737,151.329895019531,-87.5994,26.341,67.5450333763365,63,63,63,63,61,63,0,8045,1.29563008188212,26,-88,0.001869,51,2025-10-13 03:08:02.000333,890,1.037,0.0011,"aoml_navis",1031.59681251141
"7901009",89,0,1,0.029904,1,0.007476,1,157.092039580416,1,4.84681021400749,892,1,5.48799991607666,34.8810005187988,0.0299040004611015,0.0129828732460737,151.483093261719,-87.5994,26.341,67.5450333763365,63,63,63,63,61,63,0,8045,1.29563008188212,26,-88,0.001869,51,2025-10-13 03:08:02.000333,892,1.037,0.0011,"aoml_navis",1031.60630997058
"7901009",89,0,1,0.028035,1,0.005607,1,157.295818147324,1,4.84676358474548,894,1,5.48199987411499,34.8810005187988,0.0280349999666214,0.0115403309464455,151.679595947266,-87.5994,26.341,67.5450333763365,63,63,63,63,61,63,0,8045,1.29563008188212,26,-88,0.001869,51,2025-10-13 03:08:02.000333,894,1.037,0.0011,"aoml_navis",1031.61623474617
"7901009",89,0,1,0.028035,1,0.005607,1,157.508616265648,1,4.84671762716212,896,1,5.47700023651123,34.8810005187988,0.0280349999666214,0.0115403309464455,151.884796142578,-87.5994,26.341,67.5450333763365,63,63,63,63,61,63,0,8045,1.29563008188212,26,-88,0.001869,51,2025-10-13 03:08:02.000333,896,1.037,0.0011,"aoml_navis",1031.62601674561
"7901009",89,0,1,0.028035,1,0.005607,1,157.670287768839,1,4.84666731502278,898,1,5.47100019454956,34.8819999694824,0.0280349999666214,0.0115403309464455,152.04069519043,-87.5994,26.341,67.5450333763365,63,63,63,63,61,63,0,8045,1.29563008188212,26,-88,0.001869,51,2025-10-13 03:08:02.000333,898,1.037,0.0011,"aoml_navis",1031.63672581816
"7901009",89,0,1,0.029904,1,0.007476,1,157.890348999618,1,4.846618014869,900,1,5.46099996566772,34.8819999694824,0.0299040004611015,0.0129828732460737,152.252899169922,-87.5994,26.341,67.5450333763365,63,63,63,63,61,63,0,8045,1.29563008188212,26,-88,0.001869,51,2025-10-13 03:08:02.000333,900,1.037,0.0011,"aoml_navis",1031.64721970257
"7901009",89,0,1,0.029904,1,0.007476,1,158.013347198141,1,4.8465727318013,902,1,5.45699977874756,34.8819999694824,0.0299040004611015,0.0129828732460737,152.371505737305,-87.5994,26.341,67.5450333763365,63,63,63,63,61,63,0,8045,1.29563008188212,26,-88,0.001869,51,2025-10-13 03:08:02.000333,902,1.037,0.0011,"aoml_navis",1031.65685871007
"7901009",89,0,1,0.029904,1,0.007476,1,158.258916353277,1,4.8465267818296,904,1,5.4520001411438,34.8819999694824,0.0299040004611015,0.0129828732460737,152.608306884766,-87.5994,26.341,67.5450333763365,63,63,63,63,61,63,0,8045,1.29563008188212,26,-88,0.001869,51,2025-10-13 03:08:02.000333,904,1.037,0.0011,"aoml_navis",1031.66663985966
"7901009",89,0,1,0.029904,1,0.007476,1,158.570011758262,1,4.84647481490706,906,1,5.43800020217896,34.8819999694824,0.0299040004611015,0.0129828732460737,152.908294677734,-87.5994,26.341,67.5450333763365,63,63,63,63,61,63,0,8045,1.29563008188212,26,-88,0.001869,51,2025-10-13 03:08:02.000333,906,1.037,0.0011,"aoml_navis",1031.67770203215
"7901009",89,0,1,0.033642,1,0.011214,1,158.791418009867,1,4.84642050429669,908,1,5.42600011825562,34.882999420166,0.0336420014500618,0.0158679541200399,153.121795654297,-87.5994,26.341,67.5450333763365,63,63,63,63,61,63,0,8045,1.29563008188212,26,-88,0.001869,51,2025-10-13 03:08:02.000333,908,1.037,0.0011,"aoml_navis",1031.6892633578
"7901009",89,0,1,0.033642,1,0.011214,1,158.980464642795,1,4.84637389238717,910,1,5.42000007629395,34.882999420166,0.0336420014500618,0.0158679541200399,153.304092407227,-87.5994,26.341,67.5450333763365,63,63,63,63,61,63,0,8045,1.29563008188212,26,-88,0.001869,51,2025-10-13 03:08:02.000333,910,1.037,0.0011,"aoml_navis",1031.69918603559
"7901009",89,0,1,0.028035,1,0.005607,1,159.215147041133,1,4.84632728244667,912,1,5.41400003433228,34.882999420166,0.0280349999666214,0.0115403309464455,153.530395507812,-87.5994,26.341,67.5450333763365,63,63,63,63,61,63,0,8045,1.29563008188212,26,-88,0.001869,51,2025-10-13 03:08:02.000333,912,1.037,0.0011,"aoml_navis",1031.70910848509
"7901009",89,0,1,0.024297,1,0.001869,1,159.528536893409,1,4.84628134225247,914,1,5.40899991989136,34.882999420166,0.0242970008403063,0.0086552482098341,153.832595825195,-87.5994,26.341,67.5450333763365,63,63,63,63,61,63,0,8045,1.29563008188212,26,-88,0.001869,51,2025-10-13 03:08:02.000333,914,1.037,0.0011,"aoml_navis",1031.71888854395
"7901009",89,0,1,0.028035,1,0.005607,1,159.951759563894,1,4.84623073053064,916,1,5.39699983596802,34.882999420166,0.0280349999666214,0.0115403309464455,154.240707397461,-87.5994,26.341,67.5450333763365,63,63,63,63,61,63,0,8045,1.29563008188212,26,-88,0.001869,51,2025-10-13 03:08:02.000333,916,1.037,0.0011,"aoml_navis",1031.72966332383
"7901009",89,0,1,0.029904,1,0.007476,1,160.42857735832,1,4.84617310314502,918,1,5.38000011444092,34.8839988708496,0.0299040004611015,0.0129828732460737,154.700500488281,-87.5994,26.341,67.5450333763365,63,63,63,63,61,63,0,8045,1.29563008188212,26,-88,0.001869,51,2025-10-13 03:08:02.000333,918,1.037,0.0011,"aoml_navis",1031.74193194939
"7901009",89,0,1,0.029904,1,0.007476,1,160.755971250952,1,4.84611282164451,920,1,5.35900020599365,34.8849983215332,0.0299040004611015,0.0129828732460737,155.016204833984,-87.5994,26.341,67.5450333763365,63,63,63,63,61,63,0,8045,1.29563008188212,26,-88,0.001869,51,2025-10-13 03:08:02.000333,920,1.037,0.0011,"aoml_navis",1031.75476593697
"7901009",89,0,1,0.028035,1,0.005607,1,161.051100467554,1,4.84606622485366,922,1,5.35300016403198,34.8849983215332,0.0280349999666214,0.0115403309464455,155.300796508789,-87.5994,26.341,67.5450333763365,63,63,63,63,61,63,0,8045,1.29563008188212,26,-88,0.001869,51,2025-10-13 03:08:02.000333,922,1.037,0.0011,"aoml_navis",1031.76468665593
"7901009",89,0,1,0.028035,1,0.005607,1,161.325911957807,1,4.84601563641217,924,1,5.34100008010864,34.8849983215332,0.0280349999666214,0.0115403309464455,155.565795898438,-87.5994,26.341,67.5450333763365,63,63,63,63,61,63,0,8045,1.29563008188212,26,-88,0.001869,51,2025-10-13 03:08:02.000333,924,1.037,0.0011,"aoml_navis",1031.77545743576
"7901009",89,0,1,0.029904,1,0.007476,1,161.541210232488,1,4.8459646785497,926,1,5.33400011062622,34.8860015869141,0.0299040004611015,0.0129828732460737,155.773406982422,-87.5994,26.341,67.5450333763365,63,63,63,63,61,63,0,8045,1.29563008188212,26,-88,0.001869,51,2025-10-13 03:08:02.000333,926,1.037,0.0011,"aoml_navis",1031.78630709632
"7901009",89,0,1,0.028035,1,0.005607,1,161.773598183537,1,4.84592444968694,928,1,5.33199977874756,34.8849983215332,0.0280349999666214,0.0115403309464455,155.997497558594,-87.5994,26.341,67.5450333763365,63,63,63,63,61,63,0,8045,1.29563008188212,26,-88,0.001869,51,2025-10-13 03:08:02.000333,928,1.037,0.0011,"aoml_navis",1031.79487255997
"7901009",89,0,1,0.028035,1,0.005607,1,162.124743561565,1,4.84586870594611,930.099975585938,1,5.32100009918213,34.8860015869141,0.0280349999666214,0.0115403309464455,156.33610534668,-87.5994,26.341,67.5450333763365,63,63,63,63,61,63,0,8045,1.29563008188212,26,-88,0.001869,51,2025-10-13 03:08:02.000333,930.099975585938,1.037,0.0011,"aoml_navis",1031.80674166115
"7901009",89,0,1,0.033642,1,0.011214,1,162.463530571775,1,4.84582291947539,932,1,5.31300020217896,34.8860015869141,0.0336420014500618,0.0158679541200399,156.662796020508,-87.5994,26.341,67.5450333763365,63,63,63,63,61,63,0,8045,1.29563008188212,26,-88,0.001869,51,2025-10-13 03:08:02.000333,932,1.037,0.0011,"aoml_navis",1031.81649083894
"7901009",89,0,1,0.029904,1,0.007476,1,162.919413512651,1,4.84577234796331,934,1,5.30100011825562,34.8860015869141,0.0299040004611015,0.0129828732460737,157.102401733398,-87.5994,26.341,67.5450333763365,63,63,63,63,61,63,0,8045,1.29563008188212,26,-88,0.001869,51,2025-10-13 03:08:02.000333,934,1.037,0.0011,"aoml_navis",1031.82725909555
"7901009",89,0,1,0.028035,1,0.005607,1,163.447357922211,1,4.84572075209949,936,1,5.29300022125244,34.8870010375977,0.0280349999666214,0.0115403309464455,157.61149597168,-87.5994,26.341,67.5450333763365,63,63,63,63,61,63,0,8045,1.29563008188212,26,-88,0.001869,51,2025-10-13 03:08:02.000333,936,1.037,0.0011,"aoml_navis",1031.83824570033
"7901009",89,0,1,0.029904,1,0.007476,1,163.979052566306,1,4.84566053008336,938,1,5.27199983596802,34.8880004882812,0.0299040004611015,0.0129828732460737,158.124206542969,-87.5994,26.341,67.5450333763365,63,63,63,63,61,63,0,8045,1.29563008188212,26,-88,0.001869,51,2025-10-13 03:08:02.000333,938,1.037,0.0011,"aoml_navis",1031.85106941736
"7901009",89,0,1,0.029904,1,0.007476,1,164.379441530311,1,4.84560997591675,940,1,5.26000022888184,34.8880004882812,0.0299040004611015,0.0129828732460737,158.510299682617,-87.5994,26.341,67.5450333763365,63,63,63,63,61,63,0,8045,1.29563008188212,26,-88,0.001869,51,2025-10-13 03:08:02.000333,940,1.037,0.0011,"aoml_navis",1031.86183470205
"7901009",89,0,1,0.031773,1,0.009345,1,164.78378643792,1,4.84556340293193,942,1,5.25400018692017,34.8880004882812,0.0317730009555817,0.0144254146143794,158.900207519531,-87.5994,26.341,67.5450333763365,63,63,63,63,61,63,0,8045,1.29563008188212,26,-88,0.001869,51,2025-10-13 03:08:02.000333,942,1.037,0.0011,"aoml_navis",1031.87175241059
"7901009",89,0,1,0.029904,1,0.007476,1,165.284039242254,1,4.84550519584664,944,1,5.23600006103516,34.8889999389648,0.0299040004611015,0.0129828732460737,159.382598876953,-87.5994,26.341,67.5450333763365,63,63,63,63,61,63,0,8045,1.29563008188212,26,-88,0.001869,51,2025-10-13 03:08:02.000333,944,1.037,0.0011,"aoml_navis",1031.88414786673
"7901009",89,0,1,0.029904,1,0.007476,1,165.528057667497,1,4.84545465635326,946,1,5.22399997711182,34.8889999389648,0.0299040004611015,0.0129828732460737,159.617904663086,-87.5994,26.341,67.5450333763365,63,63,63,63,61,63,0,8045,1.29563008188212,26,-88,0.001869,51,2025-10-13 03:08:02.000333,946,1.037,0.0011,"aoml_navis",1031.89491071681
"7901009",89,0,1,0.028035,1,0.005607,1,165.689206986132,1,4.84540875281293,948,1,5.2189998626709,34.8889999389648,0.0280349999666214,0.0115403309464455,159.773300170898,-87.5994,26.341,67.5450333763365,63,63,63,63,61,63,0,8045,1.29563008188212,26,-88,0.001869,51,2025-10-13 03:08:02.000333,948,1.037,0.0011,"aoml_navis",1031.90468649262
"7901009",89,0,1,0.033642,1,0.011214,1,165.925645823431,1,4.84535916547488,950,1,5.21400022506714,34.8899993896484,0.0336420014500618,0.0158679541200399,160.00129699707,-87.5994,26.341,67.5450333763365,63,63,63,63,61,63,0,8045,1.29563008188212,26,-88,0.001869,51,2025-10-13 03:08:02.000333,950,1.037,0.0011,"aoml_navis",1031.91524699077
"7901009",89,0,1,0.028035,1,0.005607,1,166.004353277368,1,4.84530995790772,952,1,5.2039999961853,34.8899993896484,0.0280349999666214,0.0115403309464455,160.077194213867,-87.5994,26.341,67.5450333763365,63,63,63,63,61,63,0,8045,1.29563008188212,26,-88,0.001869,51,2025-10-13 03:08:02.000333,952,1.037,0.0011,"aoml_navis",1031.92572682369
"7901009",89,0,1,0.029904,1,0.007476,1,166.127873660446,1,4.84526339883373,954,1,5.19799995422363,34.8899993896484,0.0299040004611015,0.0129828732460737,160.196304321289,-87.5994,26.341,67.5450333763365,63,63,63,63,61,63,0,8045,1.29563008188212,26,-88,0.001869,51,2025-10-13 03:08:02.000333,954,1.037,0.0011,"aoml_navis",1031.93564279777
"7901009",89,0,1,0.026166,1,0.003738,1,166.17868380009,1,4.84521816411532,956,1,5.19399976730347,34.8899993896484,0.0261659994721413,0.0100977895781398,160.245300292969,-87.5994,26.341,67.5450333763365,63,63,63,63,61,63,0,8045,1.29563008188212,26,-88,0.001869,51,2025-10-13 03:08:02.000333,956,1.037,0.0011,"aoml_navis",1031.94527689816
"7901009",89,0,1,0.031773,1,0.009345,1,166.275335414213,1,4.84517227023616,958,1,5.18900012969971,34.8899993896484,0.0317730009555817,0.0144254146143794,160.338500976562,-87.5994,26.341,67.5450333763365,63,63,63,63,61,63,0,8045,1.29563008188212,26,-88,0.001869,51,2025-10-13 03:08:02.000333,958,1.037,0.0011,"aoml_navis",1031.9550515706
"7901009",89,0,1,0.029904,1,0.007476,1,166.480047583811,1,4.84512004773048,960,1,5.17999982833862,34.890998840332,0.0299040004611015,0.0129828732460737,160.535903930664,-87.5994,26.341,67.5450333763365,63,63,63,63,61,63,0,8045,1.29563008188212,26,-88,0.001869,51,2025-10-13 03:08:02.000333,960,1.037,0.0011,"aoml_navis",1031.96617436591
"7901009",89,0,1,0.029904,1,0.007476,1,166.717103548312,1,4.84507415773651,962,1,5.17500019073486,34.890998840332,0.0299040004611015,0.0129828732460737,160.764495849609,-87.5994,26.341,67.5450333763365,63,63,63,63,61,63,0,8045,1.29563008188212,26,-88,0.001869,51,2025-10-13 03:08:02.000333,962,1.037,0.0011,"aoml_navis",1031.97594860671
"7901009",89,0,1,0.028035,1,0.005607,1,167.047393191662,1,4.84502628657009,964,1,5.16699981689453,34.890998840332,0.0280349999666214,0.0115403309464455,161.082992553711,-87.5994,26.341,67.5450333763365,63,63,63,63,61,63,0,8045,1.29563008188212,26,-88,0.001869,51,2025-10-13 03:08:02.000333,964,1.037,0.0011,"aoml_navis",1031.98614502041
"7901009",89,0,1,0.029904,1,0.007476,1,167.279907732906,1,4.84497511607788,966,1,5.15399980545044,34.890998840332,0.0299040004611015,0.0129828732460737,161.307205200195,-87.5994,26.341,67.5450333763365,63,63,63,63,61,63,0,8045,1.29563008188212,26,-88,0.001869,51,2025-10-13 03:08:02.000333,966,1.037,0.0011,"aoml_navis",1031.99704440332
"7901009",89,0,1,0.029904,1,0.007476,1,167.556380719472,1,4.84492923204043,968,1,5.14900016784668,34.890998840332,0.0299040004611015,0.0129828732460737,161.573806762695,-87.5994,26.341,67.5450333763365,63,63,63,63,61,63,0,8045,1.29563008188212,26,-88,0.001869,51,2025-10-13 03:08:02.000333,968,1.037,0.0011,"aoml_navis",1032.00681796012
"7901009",89,0,1,0.029904,1,0.007476,1,167.981549714211,1,4.84487834395642,970,1,5.14200019836426,34.8919982910156,0.0299040004611015,0.0129828732460737,161.983795166016,-87.5994,26.341,67.5450333763365,63,63,63,63,61,63,0,8045,1.29563008188212,26,-88,0.001869,51,2025-10-13 03:08:02.000333,970,1.037,0.0011,"aoml_navis",1032.01765762335
"7901009",89,0,1,0.031773,1,0.009345,1,168.435881925194,1,4.84482916365659,972,1,5.13199996948242,34.8919982910156,0.0317730009555817,0.0144254146143794,162.421905517578,-87.5994,26.341,67.5450333763365,63,63,63,63,61,63,0,8045,1.29563008188212,26,-88,0.001869,51,2025-10-13 03:08:02.000333,972,1.037,0.0011,"aoml_navis",1032.0281337281
"7901009",89,0,1,0.029904,1,0.007476,1,168.773213148158,1,4.84477694738716,974,1,5.1230001449585,34.8930015563965,0.0299040004611015,0.0129828732460737,162.747192382812,-87.5994,26.341,67.5450333763365,63,63,63,63,61,63,0,8045,1.29563008188212,26,-88,0.001869,51,2025-10-13 03:08:02.000333,974,1.037,0.0011,"aoml_navis",1032.03925677044
"7901009",89,0,1,0.031773,1,0.009345,1,169.077488506371,1,4.84472909246494,976,1,5.11499977111816,34.8930015563965,0.0317730009555817,0.0144254146143794,163.040603637695,-87.5994,26.341,67.5450333763365,63,63,63,63,61,63,0,8045,1.29563008188212,26,-88,0.001869,51,2025-10-13 03:08:02.000333,976,1.037,0.0011,"aoml_navis",1032.04945097478
"7901009",89,0,1,0.026166,1,0.003738,1,169.457971162163,1,4.84468124041058,978,1,5.10699987411499,34.8930015563965,0.0261659994721413,0.0100977895781398,163.407501220703,-87.5994,26.341,67.5450333763365,63,63,63,63,61,63,0,8045,1.29563008188212,26,-88,0.001869,51,2025-10-13 03:08:02.000333,978,1.037,0.0011,"aoml_navis",1032.05964476958
"7901009",89,0,1,0.033642,1,0.011214,1,173.555157776163,1,4.84417457474795,999.099975585938,1,5.03639984130859,34.8959999084473,0.0336420014500618,0.0158679541200399,167.3583984375,-87.5994,26.341,67.5450333763365,63,63,63,63,61,63,0,8045,1.29563008188212,26,-88,0.001869,51,2025-10-13 03:08:02.000333,999.099975585938,1.037,0.0011,"aoml_navis",1032.16759075207
"7901009",89,0,1,0.031773,1,0.009345,1,179.164021207511,1,4.84296607374332,1049.30004882812,1,4.85589981079102,34.9020004272461,0.0317730009555817,0.0144254146143794,172.766998291016,-87.5994,26.341,67.5450333763365,63,63,63,63,61,63,0,8045,1.29563008188212,26,-88,0.001869,51,2025-10-13 03:08:02.000333,1049.30004882812,1.037,0.0011,"aoml_navis",1032.42515513541
"7901009",89,0,1,0.029904,1,0.007476,1,185.245461661742,1,4.84175744149784,1100,1,4.69500017166138,34.9090003967285,0.0299040004611015,0.0129828732460737,178.631301879883,-87.5994,26.341,67.5450333763365,63,63,63,63,61,63,0,8045,1.29563008188212,26,-88,0.001869,51,2025-10-13 03:08:02.000333,1100,1.037,0.0011,"aoml_navis",1032.68287608666
"7901009",89,0,1,0.031773,1,0.009345,1,188.298991234246,1,4.84064807364719,1149.09997558594,1,4.60989999771118,34.9119987487793,0.0317730009555817,0.0144254146143794,181.575805664062,-87.5994,26.341,67.5450333763365,63,63,63,63,61,63,0,8045,1.29563008188212,26,-88,0.001869,51,2025-10-13 03:08:02.000333,1149.09997558594,1.037,0.0011,"aoml_navis",1032.91954381487
"7901009",89,0,1,0.026166,1,0.003738,1,193.313940940502,1,4.83949518016376,1199.30004882812,1,4.50349998474121,34.9169998168945,0.0261659994721413,0.0100977895781398,186.411697387695,-87.5994,26.341,67.5450333763365,63,63,63,63,61,63,0,8045,1.29563008188212,26,-88,0.001869,51,2025-10-13 03:08:02.000333,1199.30004882812,1.037,0.0011,"aoml_navis",1033.16561208577
"7901009",89,0,1,0.031773,1,0.009345,1,195.37191774573,1,4.83836876432101,1249.90002441406,1,4.43769979476929,34.9199981689453,0.0317730009555817,0.0144254146143794,188.396194458008,-87.5994,26.341,67.5450333763365,63,63,63,63,61,63,0,8045,1.29563008188212,26,-88,0.001869,51,2025-10-13 03:08:02.000333,1249.90002441406,1.037,0.0011,"aoml_navis",1033.40614234923
"7901009",89,0,1,0.024297,1,0.001869,1,196.530075618887,1,4.8373039494581,1299.19995117188,1,4.4109001159668,34.9210014343262,0.0242970008403063,0.0086552482098341,189.513000488281,-87.5994,26.341,67.5450333763365,63,63,63,63,61,63,0,8045,1.29563008188212,26,-88,0.001869,51,2025-10-13 03:08:02.000333,1299.19995117188,1.037,0.0011,"aoml_navis",1033.63362158794
"7901009",89,0,1,0.028035,1,0.005607,1,198.330773675913,1,4.83622018547104,1349.09997558594,1,4.37260007858276,34.9220008850098,0.0280349999666214,0.0115403309464455,191.249404907227,-87.5994,26.341,67.5450333763365,63,63,63,63,61,63,0,8045,1.29563008188212,26,-88,0.001869,51,2025-10-13 03:08:02.000333,1349.09997558594,1.037,0.0011,"aoml_navis",1033.86525183882
"7901009",89,0,1,0.031773,1,0.009345,1,199.7481724453,1,4.8351305900733,1399.59997558594,1,4.34819984436035,34.923999786377,0.0317730009555817,0.0144254146143794,192.616195678711,-87.5994,26.341,67.5450333763365,63,63,63,63,61,63,0,8045,1.29563008188212,26,-88,0.001869,51,2025-10-13 03:08:02.000333,1399.59997558594,1.037,0.0011,"aoml_navis",1034.09823309947
"7901009",89,0,1,0.028035,1,0.005607,1,201.202503904171,1,4.83405625191541,1449.80004882812,1,4.32959985733032,34.9249992370605,0.0280349999666214,0.0115403309464455,194.018600463867,-87.5994,26.341,67.5450333763365,63,63,63,63,61,63,0,8045,1.29563008188212,26,-88,0.001869,51,2025-10-13 03:08:02.000333,1449.80004882812,1.037,0.0011,"aoml_navis",1034.32805483363
"7901009",89,0,1,0.026166,1,0.003738,1,201.962741322132,1,4.83300723249074,1499.19995117188,1,4.32149982452393,34.9259986877441,0.0261659994721413,0.0100977895781398,194.751693725586,-87.5994,26.341,67.5450333763365,63,63,63,63,61,63,0,8045,1.29563008188212,26,-88,0.001869,51,2025-10-13 03:08:02.000333,1499.19995117188,1.037,0.0011,"aoml_navis",1034.55255899197
"7901009",89,0,1,0.031773,1,0.009345,1,202.63256169309,1,4.83194327069179,1549.5,1,4.31169986724854,34.9259986877441,0.0317730009555817,0.0144254146143794,195.397598266602,-87.5994,26.341,67.5450333763365,63,63,63,63,61,63,0,8045,1.29563008188212,26,-88,0.001869,51,2025-10-13 03:08:02.000333,1549.5,1.037,0.0011,"aoml_navis",1034.78036059065
"7901009",89,0,1,0.022428,1,0,1,203.059202298848,1,4.83089720530564,1599,1,4.30670022964478,34.9269981384277,0.0224280003458261,0.0072127073071897,195.809005737305,-87.5994,26.341,67.5450333763365,63,63,63,63,61,63,0,8045,1.29563008188212,26,-88,0.001869,51,2025-10-13 03:08:02.000333,1599,1.037,0.0011,"aoml_navis",1035.00442826824
"7901009",89,0,1,0.026166,1,0.003738,1,203.718753040211,1,4.82983248617172,1649.59997558594,1,4.30060005187988,34.9269981384277,0.0261659994721413,0.0100977895781398,196.445007324219,-87.5994,26.341,67.5450333763365,63,63,63,63,61,63,0,8045,1.29563008188212,26,-88,0.001869,51,2025-10-13 03:08:02.000333,1649.59997558594,1.037,0.0011,"aoml_navis",1035.23259125766
"7901009",89,0,1,0.031773,1,0.009345,1,204.242140202739,1,4.82877511707389,1699.80004882812,1,4.29610013961792,34.9280014038086,0.0317730009555817,0.0144254146143794,196.94970703125,-87.5994,26.341,67.5450333763365,63,63,63,63,61,63,0,8045,1.29563008188212,26,-88,0.001869,51,2025-10-13 03:08:02.000333,1699.80004882812,1.037,0.0011,"aoml_navis",1035.45927875595
"7901009",89,0,1,0.029904,1,0.007476,1,204.559153699355,1,4.82772398527217,1750,1,4.29309988021851,34.9280014038086,0.0299040004611015,0.0129828732460737,197.255401611328,-87.5994,26.341,67.5450333763365,63,63,63,63,61,63,0,8045,1.29563008188212,26,-88,0.001869,51,2025-10-13 03:08:02.000333,1750,1.037,0.0011,"aoml_navis",1035.68472747269
"7901009",89,0,1,0.035511,1,0.013083,1,204.752868345735,1,4.82669894168875,1799.09997558594,1,4.29239988327026,34.9280014038086,0.0355109982192516,0.0173104964196682,197.442199707031,-87.5994,26.341,67.5450333763365,63,63,63,63,61,63,0,8045,1.29563008188212,26,-88,0.001869,51,2025-10-13 03:08:02.000333,1799.09997558594,1.037,0.0011,"aoml_navis",1035.90467530809
"7901009",89,0,1,0.028035,1,0.005607,1,205.032031373953,1,4.8256396021144,1849.69995117188,1,4.29040002822876,34.9290008544922,0.0280349999666214,0.0115403309464455,197.711395263672,-87.5994,26.341,67.5450333763365,63,63,63,63,61,63,0,8045,1.29563008188212,26,-88,0.001869,51,2025-10-13 03:08:02.000333,1849.69995117188,1.037,0.0011,"aoml_navis",1036.13208035867
"7901009",89,0,1,0.026166,1,0.003738,1,205.272109679366,1,4.82459907964888,1899.69995117188,1,4.28999996185303,34.9290008544922,0.0261659994721413,0.0100977895781398,197.942901611328,-87.5994,26.341,67.5450333763365,63,63,63,63,61,63,0,8045,1.29563008188212,26,-88,0.001869,51,2025-10-13 03:08:02.000333,1899.69995117188,1.037,0.0011,"aoml_navis",1036.35554321829
"7901009",89,0,1,0.028035,1,0.005607,1,205.433464707069,1,4.82355465851292,1950,1,4.29069995880127,34.9290008544922,0.0280349999666214,0.0115403309464455,198.098495483398,-87.5994,26.341,67.5450333763365,63,63,63,63,61,63,0,8045,1.29563008188212,26,-88,0.001869,51,2025-10-13 03:08:02.000333,1950,1.037,0.0011,"aoml_navis",1036.57994030931
"7901009",89,0,1,0.024297,1,0.001869,1,205.241933741558,1,4.82252468935454,1999.5,1,4.29129981994629,34.9300003051758,0.0242970008403063,0.0086552482098341,197.913803100586,-87.5994,26.341,67.5450333763365,63,63,63,63,61,63,0,8045,1.29563008188212,26,-88,0.001869,51,2025-10-13 03:08:02.000333,1999.5,1.037,0.0011,"aoml_navis",1036.80132753643
"7901009",90,0.0519314895052907,1,0.089712,1,0.067284,1,192.634514682864,1,4.88692794926843,2.09999990463257,1,28.9209995269775,36.3819999694824,0.0897120013833046,0.0591441951692104,185.756500244141,-87.9314,25.8637,85.6224616632404,63,63,63,63,61,63,0.067284,8045,1.29563008188212,26,-88,0.001869,51,2025-10-18 10:31:13.001118,2.09999990463257,1.037,0.0011,"aoml_navis",1023.13765455627
"7901009",90,0.0548165722555846,1,0.09345,1,0.071022,1,192.686780618109,1,4.88689238918954,4,1,28.9230003356934,36.3819999694824,0.0934500023722649,0.0620292760431767,185.806900024414,-87.9314,25.8637,85.6224616632404,63,63,63,63,61,63,0.071022,8045,1.29563008188212,26,-88,0.001869,51,2025-10-18 10:31:13.001118,4,1.037,0.0011,"aoml_navis",1023.14509954438
"7901009",90,0.0548165722555846,1,0.09345,1,0.071022,1,192.646540753341,1,4.88686003323814,5.90000009536743,1,28.9270000457764,36.3819999694824,0.0934500023722649,0.0620292760431767,185.768096923828,-87.9314,25.8637,85.6224616632404,63,63,63,63,61,63,0.071022,8045,1.29563008188212,26,-88,0.001869,51,2025-10-18 10:31:13.001118,5.90000009536743,1.037,0.0011,"aoml_navis",1023.15187379879
"7901009",90,0.0620292791313194,1,0.102795,1,0.080367,1,192.633786789124,1,4.88681719339892,8,1,28.9270000457764,36.3819999694824,0.102794997394085,0.0692419856786728,185.755798339844,-87.9314,25.8637,85.6224616632404,63,63,63,63,61,63,0.080367,8045,1.29563008188212,26,-88,0.001869,51,2025-10-18 10:31:13.001118,8,1.037,0.0011,"aoml_navis",1023.16084316679
"7901009",90,0.0533740308804376,1,0.091581,1,0.069153,1,192.604750158433,1,4.88677639594479,10,1,28.9270000457764,36.3819999694824,0.0915810018777847,0.0605867356061935,185.727798461914,-87.9314,25.8637,85.6224616632404,63,63,63,63,61,63,0.069153,8045,1.29563008188212,26,-88,0.001869,51,2025-10-18 10:31:13.001118,10,1.037,0.0011,"aoml_navis",1023.16938506725
"7901009",90,0.0548165722555846,1,0.09345,1,0.071022,1,192.684596936891,1,4.88674641591342,11.8999996185303,1,28.92799949646,36.3800010681152,0.0934500023722649,0.0620292760431767,185.804794311523,-87.9314,25.8637,85.6224616632404,63,63,63,63,61,63,0.071022,8045,1.29563008188212,26,-88,0.001869,51,2025-10-18 10:31:13.001118,11.8999996185303,1.037,0.0011,"aoml_navis",1023.17566217837
"7901009",90,0.0577016550058785,1,0.097188,1,0.07476,1,192.6506865829,1,4.88669684763568,13.8999996185303,1,28.9270000457764,36.3819999694824,0.0971880033612251,0.0649143606424332,185.772094726562,-87.9314,25.8637,85.6224616632404,63,63,63,63,61,63,0.07476,8045,1.29563008188212,26,-88,0.001869,51,2025-10-18 10:31:13.001118,13.8999996185303,1.037,0.0011,"aoml_navis",1023.186040775
"7901009",90,0.0591441963810255,1,0.099057,1,0.076629,1,192.637410434044,1,4.88665241649446,16,1,28.9260005950928,36.3819999694824,0.0990569964051247,0.0663569048047066,185.759292602539,-87.9314,25.8637,85.6224616632404,63,63,63,63,61,63,0.076629,8045,1.29563008188212,26,-88,0.001869,51,2025-10-18 10:31:13.001118,16,1.037,0.0011,"aoml_navis",1023.1953439379
"7901009",90,0.0533740308804376,1,0.091581,1,0.069153,1,192.662206292515,1,4.8866116283361,18,1,28.9260005950928,36.3819999694824,0.0915810018777847,0.0605867356061935,185.783203125,-87.9314,25.8637,85.6224616632404,63,63,63,63,61,63,0.069153,8045,1.29563008188212,26,-88,0.001869,51,2025-10-18 10:31:13.001118,18,1.037,0.0011,"aoml_navis",1023.203884468
"7901009",90,0.0562591136307315,1,0.095319,1,0.072891,1,192.647585122619,1,4.88657084251286,20,1,28.9260005950928,36.3819999694824,0.095319002866745,0.0634718164801598,185.769104003906,-87.9314,25.8637,85.6224616632404,63,63,63,63,61,63,0.072891,8045,1.29563008188212,26,-88,0.001869,51,2025-10-18 10:31:13.001118,20,1.037,0.0011,"aoml_navis",1023.21242465172
"7901009",90,0.0548165722555846,1,0.09345,1,0.071022,1,192.622377845948,1,4.88653005902453,22,1,28.9260005950928,36.3819999694824,0.0934500023722649,0.0620292760431767,185.74479675293,-87.9314,25.8637,85.6224616632404,63,63,63,63,61,63,0.071022,8045,1.29563008188212,26,-88,0.001869,51,2025-10-18 10:31:13.001118,22,1.037,0.0011,"aoml_navis",1023.22096448909
"7901009",90,0.0562591136307315,1,0.095319,1,0.072891,1,192.584938789699,1,4.88649087916128,24,1,28.9270000457764,36.3819999694824,0.095319002866745,0.0634718164801598,185.708694458008,-87.9314,25.8637,85.6224616632404,63,63,63,63,61,63,0.072891,8045,1.29563008188212,26,-88,0.001869,51,2025-10-18 10:31:13.001118,24,1.037,0.0011,"aoml_navis",1023.22916867046
"7901009",90,0.0605867377561724,1,0.100926,1,0.078498,1,192.60973464817,1,4.88645010038898,26,1,28.9270000457764,36.3819999694824,0.100925996899605,0.0677994415163994,185.732604980469,-87.9314,25.8637,85.6224616632404,63,63,63,63,61,63,0.078498,8045,1.29563008188212,26,-88,0.001869,51,2025-10-18 10:31:13.001118,26,1.037,0.0011,"aoml_navis",1023.23770779978
"7901009",90,0.0548165722555846,1,0.09345,1,0.071022,1,192.64136637828,1,4.88641092537079,28,1,28.92799949646,36.3819999694824,0.0934500023722649,0.0620292760431767,185.763107299805,-87.9314,25.8637,85.6224616632404,63,63,63,63,61,63,0.071022,8045,1.29563008188212,26,-88,0.001869,51,2025-10-18 10:31:13.001118,28,1.037,0.0011,"aoml_navis",1023.24591123506
"7901009",90,0.0577016550058785,1,0.097188,1,0.07476,1,192.531944960715,1,4.88637015131364,30,1,28.92799949646,36.3819999694824,0.0971880033612251,0.0649143606424332,185.657592773438,-87.9314,25.8637,85.6224616632404,63,63,63,63,61,63,0.07476,8045,1.29563008188212,26,-88,0.001869,51,2025-10-18 10:31:13.001118,30,1.037,0.0011,"aoml_navis",1023.25444965642
"7901009",90,0.0533740308804376,1,0.091581,1,0.069153,1,192.626729384607,1,4.88633098419603,32,1,28.9290008544922,36.3819999694824,0.0915810018777847,0.0605867356061935,185.748992919922,-87.9314,25.8637,85.6224616632404,63,63,63,63,61,63,0.069153,8045,1.29563008188212,26,-88,0.001869,51,2025-10-18 10:31:13.001118,32,1.037,0.0011,"aoml_navis",1023.26265170567
"7901009",90,0.0562591136307315,1,0.095319,1,0.072891,1,192.587644655557,1,4.88629181648518,34,1,28.9300003051758,36.3819999694824,0.095319002866745,0.0634718164801598,185.711303710938,-87.9314,25.8637,85.6224616632404,63,63,63,63,61,63,0.072891,8045,1.29563008188212,26,-88,0.001869,51,2025-10-18 10:31:13.001118,34,1.037,0.0011,"aoml_navis",1023.27085401064
"7901009",90,0.0533740308804376,1,0.091581,1,0.069153,1,192.563687457264,1,4.88624944784383,36,1,28.9290008544922,36.3819999694824,0.0915810018777847,0.0605867356061935,185.688201904297,-87.9314,25.8637,85.6224616632404,63,63,63,63,61,63,0.069153,8045,1.29563008188212,26,-88,0.001869,51,2025-10-18 10:31:13.001118,36,1.037,0.0011,"aoml_navis",1023.27972678643
"7901009",90,0.0577016550058785,1,0.097188,1,0.07476,1,192.574368506701,1,4.88620824675405,38.0999984741211,1,28.9300003051758,36.3819999694824,0.0971880033612251,0.0649143606424332,185.698501586914,-87.9314,25.8637,85.6224616632404,63,63,63,63,61,63,0.07476,8045,1.29563008188212,26,-88,0.001869,51,2025-10-18 10:31:13.001118,38.0999984741211,1.037,0.0011,"aoml_navis",1023.28835520294
"7901009",90,0.0577016550058785,1,0.097188,1,0.07476,1,192.528226373133,1,4.88616748457425,40.0999984741211,1,28.9300003051758,36.3819999694824,0.0971880033612251,0.0649143606424332,185.654006958008,-87.9314,25.8637,85.6224616632404,63,63,63,63,61,63,0.07476,8045,1.29563008188212,26,-88,0.001869,51,2025-10-18 10:31:13.001118,40.0999984741211,1.037,0.0011,"aoml_navis",1023.29689184522
"7901009",90,0.0519314895052907,1,0.089712,1,0.067284,1,192.527909897594,1,4.88612677896074,42,1,28.9309997558594,36.382999420166,0.0897120013833046,0.0591441951692104,185.653701782227,-87.9314,25.8637,85.6224616632404,63,63,63,63,61,63,0.067284,8045,1.29563008188212,26,-88,0.001869,51,2025-10-18 10:31:13.001118,42,1.037,0.0011,"aoml_navis",1023.30541678321
"7901009",90,0.0562591136307315,1,0.095319,1,0.072891,1,192.508003586199,1,4.88609441588048,44,1,28.9340000152588,36.3819999694824,0.095319002866745,0.0634718164801598,185.634506225586,-87.9314,25.8637,85.6224616632404,63,63,63,63,61,63,0.072891,8045,1.29563008188212,26,-88,0.001869,51,2025-10-18 10:31:13.001118,44,1.037,0.0011,"aoml_navis",1023.31219465373
"7901009",90,0.0548165722555846,1,0.09345,1,0.071022,1,192.47740040159,1,4.88605483038655,46.0999984741211,1,28.9360008239746,36.3819999694824,0.0934500023722649,0.0620292760431767,185.604995727539,-87.9314,25.8637,85.6224616632404,63,63,63,63,61,63,0.071022,8045,1.29563008188212,26,-88,0.001869,51,2025-10-18 10:31:13.001118,46.0999984741211,1.037,0.0011,"aoml_navis",1023.3204852522
"7901009",90,0.0548165722555846,1,0.09345,1,0.071022,1,192.463918543634,1,4.88601654767775,47.9000015258789,1,28.9349994659424,36.3819999694824,0.0934500023722649,0.0620292760431767,185.591995239258,-87.9314,25.8637,85.6224616632404,63,63,63,63,61,63,0.071022,8045,1.29563008188212,26,-88,0.001869,51,2025-10-18 10:31:13.001118,47.9000015258789,1.037,0.0011,"aoml_navis",1023.32850312929
"7901009",90,0.0533740308804376,1,0.091581,1,0.069153,1,192.390923460593,1,4.88597579716026,49.9000015258789,1,28.9349994659424,36.3819999694824,0.0915810018777847,0.0605867356061935,185.521606445312,-87.9314,25.8637,85.6224616632404,63,63,63,63,61,63,0.069153,8045,1.29563008188212,26,-88,0.001869,51,2025-10-18 10:31:13.001118,49.9000015258789,1.037,0.0011,"aoml_navis",1023.33703799884
"7901009",90,0.0562591136307315,1,0.095319,1,0.072891,1,192.357946709442,1,4.88593461698274,52,1,28.9360008239746,36.3819999694824,0.095319002866745,0.0634718164801598,185.489807128906,-87.9314,25.8637,85.6224616632404,63,63,63,63,61,63,0.072891,8045,1.29563008188212,26,-88,0.001869,51,2025-10-18 10:31:13.001118,52,1.037,0.0011,"aoml_navis",1023.34566300187
"7901009",90,0.0577016550058785,1,0.097188,1,0.07476,1,192.296233979362,1,4.8858906636411,54,1,28.9340000152588,36.3819999694824,0.0971880033612251,0.0649143606424332,185.430297851562,-87.9314,25.8637,85.6224616632404,63,63,63,63,61,63,0.07476,8045,1.29563008188212,26,-88,0.001869,51,2025-10-18 10:31:13.001118,54,1.037,0.0011,"aoml_navis",1023.35486899207
"7901009",90,0.0519314895052907,1,0.089712,1,0.067284,1,192.288875923083,1,4.88585152251307,56,1,28.9349994659424,36.3819999694824,0.0897120013833046,0.0591441951692104,185.423202514648,-87.9314,25.8637,85.6224616632404,63,63,63,63,61,63,0.067284,8045,1.29563008188212,26,-88,0.001869,51,2025-10-18 10:31:13.001118,56,1.037,0.0011,"aoml_navis",1023.36306720762
"7901009",90,0.0577016550058785,1,0.097188,1,0.07476,1,192.311994461198,1,4.88580880225561,58,1,28.9360008239746,36.382999420166,0.0971880033612251,0.0649143606424332,185.445495605469,-87.9314,25.8637,85.6224616632404,63,63,63,63,61,63,0.07476,8045,1.29563008188212,26,-88,0.001869,51,2025-10-18 10:31:13.001118,58,1.037,0.0011,"aoml_navis",1023.37201523147
"7901009",90,0.0591441963810255,1,0.099057,1,0.076629,1,192.275710540666,1,4.88576966615899,60,1,28.9370002746582,36.382999420166,0.0990569964051247,0.0663569048047066,185.410507202148,-87.9314,25.8637,85.6224616632404,63,63,63,63,61,63,0.076629,8045,1.29563008188212,26,-88,0.001869,51,2025-10-18 10:31:13.001118,60,1.037,0.0011,"aoml_navis",1023.38021266787
"7901009",90,0.0562591136307315,1,0.095319,1,0.072891,1,192.26222868271,1,4.88572572184359,62,1,28.9349994659424,36.382999420166,0.095319002866745,0.0634718164801598,185.397506713867,-87.9314,25.8637,85.6224616632404,63,63,63,63,61,63,0.072891,8045,1.29563008188212,26,-88,0.001869,51,2025-10-18 10:31:13.001118,62,1.037,0.0011,"aoml_navis",1023.38941738901
"7901009",90,0.0591441963810255,1,0.099057,1,0.076629,1,192.252164760573,1,4.88568536720605,64,1,28.9330005645752,36.3819999694824,0.0990569964051247,0.0663569048047066,185.387802124023,-87.9314,25.8637,85.6224616632404,63,63,63,63,61,63,0.076629,8045,1.29563008188212,26,-88,0.001869,51,2025-10-18 10:31:13.001118,64,1.037,0.0011,"aoml_navis",1023.39787035024
"7901009",90,0.0577016550058785,1,0.097188,1,0.07476,1,192.205183966828,1,4.88564463535897,66,1,28.9330005645752,36.3819999694824,0.0971880033612251,0.0649143606424332,185.342498779297,-87.9314,25.8637,85.6224616632404,63,63,63,63,61,63,0.07476,8045,1.29563008188212,26,-88,0.001869,51,2025-10-18 10:31:13.001118,66,1.037,0.0011,"aoml_navis",1023.40640246599
"7901009",90,0.0591441963810255,1,0.099057,1,0.076629,1,192.186733442911,1,4.88560390584184,68,1,28.9330005645752,36.3819999694824,0.0990569964051247,0.0663569048047066,185.32470703125,-87.9314,25.8637,85.6224616632404,63,63,63,63,61,63,0.076629,8045,1.29563008188212,26,-88,0.001869,51,2025-10-18 10:31:13.001118,68,1.037,0.0011,"aoml_navis",1023.41493423594
"7901009",90,0.0548165722555846,1,0.09345,1,0.071022,1,192.148661435585,1,4.88555836796017,70,1,28.9300003051758,36.3819999694824,0.0934500023722649,0.0620292760431767,185.287994384766,-87.9314,25.8637,85.6224616632404,63,63,63,63,61,63,0.071022,8045,1.29563008188212,26,-88,0.001869,51,2025-10-18 10:31:13.001118,70,1.037,0.0011,"aoml_navis",1023.4244734011
"7901009",90,0.0577016550058785,1,0.097188,1,0.07476,1,192.034081466736,1,4.8855224537966,72,1,28.9330005645752,36.3819999694824,0.0971880033612251,0.0649143606424332,185.177505493164,-87.9314,25.8637,85.6224616632404,63,63,63,63,61,63,0.07476,8045,1.29563008188212,26,-88,0.001869,51,2025-10-18 10:31:13.001118,72,1.037,0.0011,"aoml_navis",1023.43199673853
"7901009",90,0.0577016550058785,1,0.097188,1,0.07476,1,192.021833863381,1,4.88548210669969,74,1,28.9309997558594,36.3810005187988,0.0971880033612251,0.0649143606424332,185.16569519043,-87.9314,25.8637,85.6224616632404,63,63,63,63,61,63,0.07476,8045,1.29563008188212,26,-88,0.001869,51,2025-10-18 10:31:13.001118,74,1.037,0.0011,"aoml_navis",1023.44044882352
"7901009",90,0.0548165722555846,1,0.09345,1,0.071022,1,191.909010333773,1,4.88544261382548,76,1,28.9340000152588,36.3819999694824,0.0934500023722649,0.0620292760431767,185.056900024414,-87.9314,25.8637,85.6224616632404,63,63,63,63,61,63,0.071022,8045,1.29563008188212,26,-88,0.001869,51,2025-10-18 10:31:13.001118,76,1.037,0.0011,"aoml_navis",1023.44872209743
"7901009",90,0.0562591136307315,1,0.095319,1,0.072891,1,191.841806753093,1,4.88540029319806,78,1,28.9330005645752,36.3819999694824,0.095319002866745,0.0634718164801598,184.992095947266,-87.9314,25.8637,85.6224616632404,63,63,63,63,61,63,0.072891,8045,1.29563008188212,26,-88,0.001869,51,2025-10-18 10:31:13.001118,78,1.037,0.0011,"aoml_navis",1023.4575878995
"7901009",90,0.0591441963810255,1,0.099057,1,0.076629,1,191.655450132027,1,4.88536476397684,80,1,28.9340000152588,36.3810005187988,0.0990569964051247,0.0663569048047066,184.812393188477,-87.9314,25.8637,85.6224616632404,63,63,63,63,61,63,0.076629,8045,1.29563008188212,26,-88,0.001869,51,2025-10-18 10:31:13.001118,80,1.037,0.0011,"aoml_navis",1023.46503107986
"7901009",90,0.0620292791313194,1,0.102795,1,0.080367,1,191.639689650191,1,4.88531320016001,82,1,28.9249992370605,36.3800010681152,0.102794997394085,0.0692419856786728,184.79719543457,-87.9314,25.8637,85.6224616632404,63,63,63,63,61,63,0.080367,8045,1.29563008188212,26,-88,0.001869,51,2025-10-18 10:31:13.001118,82,1.037,0.0011,"aoml_navis",1023.47583361415
"7901009",90,0.0649143618816133,1,0.106533,1,0.084105,1,191.627774346153,1,4.88526524062035,84,1,28.9160003662109,36.3779983520508,0.106532998383045,0.072127066552639,184.785705566406,-87.9314,25.8637,85.6224616632404,63,63,63,63,61,63,0.084105,8045,1.29563008188212,26,-88,0.001869,51,2025-10-18 10:31:13.001118,84,1.037,0.0011,"aoml_navis",1023.48588126304
"7901009",90,0.0721270687573481,1,0.115878,1,0.09345,1,192.018210218461,1,4.88519794867334,86,1,28.8859996795654,36.3720016479492,0.115878000855446,0.0793397799134254,185.162200927734,-87.9314,25.8637,85.6224616632404,63,63,63,63,61,63,0.09345,8045,1.29563008188212,26,-88,0.001869,51,2025-10-18 10:31:13.001118,86,1.037,0.0011,"aoml_navis",1023.49997943437
"7901009",90,0.125501099637786,1,0.185031,1,0.162603,1,193.247496154108,1,4.88484472667256,88,1,28.5960006713867,36.3300018310547,0.185030996799469,0.132713809609413,186.347595214844,-87.9314,25.8637,85.6224616632404,63,63,63,63,61,63,0.162603,8045,1.29563008188212,26,-88,0.001869,51,2025-10-18 10:31:13.001118,88,1.037,0.0011,"aoml_navis",1023.57398848292
"7901009",90,0.204840875270869,1,0.287826,1,0.265398,1,191.988762169569,1,4.88430089089236,90,1,28.2220001220703,36.3050003051758,0.287826001644135,0.212053567171097,185.133804321289,-87.9314,25.8637,85.6224616632404,63,63,63,63,61,63,0.265398,8045,1.29563008188212,26,-88,0.001869,51,2025-10-18 10:31:13.001118,90,1.037,0.0011,"aoml_navis",1023.68795692407
"7901009",90,0.230806620023514,1,0.321468,1,0.29904,1,188.625465851519,1,4.8840775126628,92,1,28.1790008544922,36.3370018005371,0.321467995643616,0.238019332289696,181.890594482422,-87.9314,25.8637,85.6224616632404,63,63,63,63,61,63,0.29904,8045,1.29563008188212,26,-88,0.001869,51,2025-10-18 10:31:13.001118,92,1.037,0.0011,"aoml_navis",1023.73477632913
"7901009",90,0.233691702773808,1,0.325206,1,0.302778,1,187.717339292721,1,4.8838764313116,94,1,28.1410007476807,36.3650016784668,0.325206011533737,0.240904405713081,181.014892578125,-87.9314,25.8637,85.6224616632404,63,63,63,63,61,63,0.302778,8045,1.29563008188212,26,-88,0.001869,51,2025-10-18 10:31:13.001118,94,1.037,0.0011,"aoml_navis",1023.77692603849
"7901009",90,0.238019326899249,1,0.330813,1,0.308385,1,187.909614006364,1,4.88373398884185,96,1,28.0650005340576,36.3600006103516,0.330812990665436,0.245232045650482,181.200302124023,-87.9314,25.8637,85.6224616632404,63,63,63,63,61,63,0.308385,8045,1.29563008188212,26,-88,0.001869,51,2025-10-18 10:31:13.001118,96,1.037,0.0011,"aoml_navis",1023.80678624671
"7901009",90,0.256772364776159,1,0.35511,1,0.332682,1,187.450930184097,1,4.883566412618,98,1,27.9500007629395,36.3450012207031,0.355109989643097,0.263985067605972,180.757995605469,-87.9314,25.8637,85.6224616632404,63,63,63,63,61,63,0.332682,8045,1.29563008188212,26,-88,0.001869,51,2025-10-18 10:31:13.001118,98,1.037,0.0011,"aoml_navis",1023.84191747268
"7901009",90,0.271197778527629,1,0.3738,1,0.351372,1,184.821445698034,1,4.88338455783861,100,1,27.8759994506836,36.3520011901855,0.373800009489059,0.278410494327545,178.222396850586,-87.9314,25.8637,85.6224616632404,63,63,63,63,61,63,0.351372,8045,1.29563008188212,26,-88,0.001869,51,2025-10-18 10:31:13.001118,100,1.037,0.0011,"aoml_navis",1023.88004482961
"7901009",90,0.297163523280274,1,0.407442,1,0.385014,1,182.559895673466,1,4.88318478903002,102,1,27.8339996337891,36.3779983520508,0.407442003488541,0.304376214742661,176.041595458984,-87.9314,25.8637,85.6224616632404,63,63,63,63,61,63,0.385014,8045,1.29563008188212,26,-88,0.001869,51,2025-10-18 10:31:13.001118,102,1.037,0.0011,"aoml_navis",1023.92193128394
"7901009",90,0.395256336790268,1,0.534534,1,0.512106,1,181.451740750323,1,4.88295282538286,104,1,27.7530002593994,36.3959999084473,0.534533977508545,0.402469038963318,174.973007202148,-87.9314,25.8637,85.6224616632404,63,63,63,63,61,63,0.512106,8045,1.29563008188212,26,-88,0.001869,51,2025-10-18 10:31:13.001118,104,1.037,0.0011,"aoml_navis",1023.97057247998
"7901009",90,0.428434788418648,1,0.577521,1,0.555093,1,181.244749924122,1,4.88273156599158,106,1,27.6580009460449,36.4049987792969,0.577521026134491,0.435647487640381,174.773406982422,-87.9314,25.8637,85.6224616632404,63,63,63,63,61,63,0.555093,8045,1.29563008188212,26,-88,0.001869,51,2025-10-18 10:31:13.001118,106,1.037,0.0011,"aoml_navis",1024.0169733731
"7901009",90,0.435647495294383,1,0.586866,1,0.564438,1,181.032774608185,1,4.88260480074492,108,1,27.6119995117188,36.4090003967285,0.586866021156311,0.442860186100006,174.569000244141,-87.9314,25.8637,85.6224616632404,63,63,63,63,61,63,0.564438,8045,1.29563008188212,26,-88,0.001869,51,2025-10-18 10:31:13.001118,108,1.037,0.0011,"aoml_navis",1024.0435595437
"7901009",90,0.428434788418648,1,0.577521,1,0.555093,1,180.817998483728,1,4.88252311135556,110,1,27.5879993438721,36.4099998474121,0.577521026134491,0.435647487640381,174.361892700195,-87.9314,25.8637,85.6224616632404,63,63,63,63,61,63,0.555093,8045,1.29563008188212,26,-88,0.001869,51,2025-10-18 10:31:13.001118,110,1.037,0.0011,"aoml_navis",1024.06069279451
"7901009",90,0.419779540167766,1,0.566307,1,0.543879,1,180.654048330815,1,4.8824181167552,112,1,27.548999786377,36.4109992980957,0.566307008266449,0.426992267370224,174.203796386719,-87.9314,25.8637,85.6224616632404,63,63,63,63,61,63,0.543879,8045,1.29563008188212,26,-88,0.001869,51,2025-10-18 10:31:13.001118,112,1.037,0.0011,"aoml_navis",1024.08271484191
"7901009",90,0.388043629914533,1,0.525189,1,0.502761,1,180.528565779651,1,4.88224349850633,114,1,27.4419994354248,36.4020004272461,0.525188982486725,0.395256340503693,174.082794189453,-87.9314,25.8637,85.6224616632404,63,63,63,63,61,63,0.502761,8045,1.29563008188212,26,-88,0.001869,51,2025-10-18 10:31:13.001118,114,1.037,0.0011,"aoml_navis",1024.11934216917
"7901009",90,0.386601088539386,1,0.52332,1,0.500892,1,179.875344443639,1,4.88198303327808,116,1,27.2490005493164,36.3800010681152,0.523320019245148,0.393813788890839,173.452896118164,-87.9314,25.8637,85.6224616632404,63,63,63,63,61,63,0.500892,8045,1.29563008188212,26,-88,0.001869,51,2025-10-18 10:31:13.001118,116,1.037,0.0011,"aoml_navis",1024.17398133452
"7901009",90,0.367848050662476,1,0.499023,1,0.476595,1,178.131801581099,1,4.88179738953164,118,1,27.1830005645752,36.3919982910156,0.499022990465164,0.375060766935349,171.771606445312,-87.9314,25.8637,85.6224616632404,63,63,63,63,61,63,0.476595,8045,1.29563008188212,26,-88,0.001869,51,2025-10-18 10:31:13.001118,118,1.037,0.0011,"aoml_navis",1024.21292836156
"7901009",90,0.340439764534683,1,0.463512,1,0.441084,1,176.343335015816,1,4.8815652129946,120,1,27.0750007629395,36.398998260498,0.463512003421783,0.347652465105057,170.046997070312,-87.9314,25.8637,85.6224616632404,63,63,63,63,61,63,0.441084,8045,1.29563008188212,26,-88,0.001869,51,2025-10-18 10:31:13.001118,120,1.037,0.0011,"aoml_navis",1024.26164187874
"7901009",90,0.315916561157185,1,0.431739,1,0.409311,1,174.372357007264,1,4.88135432458183,122,1,27.003999710083,36.4160003662109,0.431739002466202,0.323129266500473,168.146392822266,-87.9314,25.8637,85.6224616632404,63,63,63,63,61,63,0.409311,8045,1.29563008188212,26,-88,0.001869,51,2025-10-18 10:31:13.001118,122,1.037,0.0011,"aoml_navis",1024.30589289958
"7901009",90,0.281295568153658,1,0.386883,1,0.364455,1,171.755420776318,1,4.88110899090979,124,1,26.9969997406006,36.4700012207031,0.386882990598679,0.288508266210556,165.622894287109,-87.9314,25.8637,85.6224616632404,63,63,63,63,61,63,0.364455,8045,1.29563008188212,26,-88,0.001869,51,2025-10-18 10:31:13.001118,124,1.037,0.0011,"aoml_navis",1024.35737643057
"7901009",90,0.284180650903952,1,0.390621,1,0.368193,1,169.115666659018,1,4.88085460911816,126,1,26.9489994049072,36.5089988708496,0.3906210064888,0.291393339633942,163.077392578125,-87.9314,25.8637,85.6224616632404,63,63,63,63,61,63,0.368193,8045,1.29563008188212,26,-88,0.001869,51,2025-10-18 10:31:13.001118,126,1.037,0.0011,"aoml_navis",1024.41076418446
"7901009",90,0.239461868274396,1,0.332682,1,0.310254,1,167.525076424416,1,4.88036597164182,128,1,26.7759990692139,36.560001373291,0.332682013511658,0.246674567461014,161.543594360352,-87.9314,25.8637,85.6224616632404,63,63,63,63,61,63,0.310254,8045,1.29563008188212,26,-88,0.001869,51,2025-10-18 10:31:13.001118,128,1.037,0.0011,"aoml_navis",1024.51333138812
"7901009",90,0.214938664896897,1,0.300909,1,0.278481,1,166.515440336524,1,4.88011486028521,130,1,26.6639995574951,36.5709991455078,0.300909012556076,0.22215136885643,160.570007324219,-87.9314,25.8637,85.6224616632404,63,63,63,63,61,63,0.278481,8045,1.29563008188212,26,-88,0.001869,51,2025-10-18 10:31:13.001118,130,1.037,0.0011,"aoml_navis",1024.56604878103
"7901009",90,0.201955792520575,1,0.284088,1,0.26166,1,165.73641997381,1,4.87981376713282,132,1,26.5330009460449,36.5880012512207,0.284087985754013,0.209168493747711,159.818801879883,-87.9314,25.8637,85.6224616632404,63,63,63,63,61,63,0.26166,8045,1.29563008188212,26,-88,0.001869,51,2025-10-18 10:31:13.001118,132,1.037,0.0011,"aoml_navis",1024.62926632091
"7901009",90,0.196185627019987,1,0.276612,1,0.254184,1,164.747402267275,1,4.87952681485582,134,1,26.4370002746582,36.6160011291504,0.276612013578415,0.203398331999779,158.865097045898,-87.9314,25.8637,85.6224616632404,63,63,63,63,61,63,0.254184,8045,1.29563008188212,26,-88,0.001869,51,2025-10-18 10:31:13.001118,134,1.037,0.0011,"aoml_navis",1024.68952210231
"7901009",90,0.165892258141901,1,0.237363,1,0.214935,1,163.358406950936,1,4.87919259685409,136,1,26.2810001373291,36.6319999694824,0.237362995743752,0.173104956746101,157.525695800781,-87.9314,25.8637,85.6224616632404,63,63,63,63,61,63,0.214935,8045,1.29563008188212,26,-88,0.001869,51,2025-10-18 10:31:13.001118,136,1.037,0.0011,"aoml_navis",1024.75971192935
"7901009",90,0.173104965017636,1,0.246708,1,0.22428,1,161.900451614675,1,4.87885414789708,138,1,26.1240005493164,36.648998260498,0.246708005666733,0.180317670106888,156.11979675293,-87.9314,25.8637,85.6224616632404,63,63,63,63,61,63,0.22428,8045,1.29563008188212,26,-88,0.001869,51,2025-10-18 10:31:13.001118,138,1.037,0.0011,"aoml_navis",1024.83080010808
"7901009",90,0.14713922026499,1,0.213066,1,0.190638,1,160.560510006861,1,4.8786352316708,140,1,26.0149993896484,36.6529998779297,0.21306599676609,0.15435191988945,154.827697753906,-87.9314,25.8637,85.6224616632404,63,63,63,63,61,63,0.190638,8045,1.29563008188212,26,-88,0.001869,51,2025-10-18 10:31:13.001118,140,1.037,0.0011,"aoml_navis",1024.87678675818
"7901009",90,0.134156347888668,1,0.196245,1,0.173817,1,159.246914987658,1,4.87847994264772,142,1,25.9529991149902,36.6590003967285,0.19624499976635,0.141369059681892,153.561004638672,-87.9314,25.8637,85.6224616632404,63,63,63,63,61,63,0.173817,8045,1.29563008188212,26,-88,0.001869,51,2025-10-18 10:31:13.001118,142,1.037,0.0011,"aoml_navis",1024.90941005823
"7901009",90,0.0995353548851404,1,0.151389,1,0.128961,1,158.273040635659,1,4.87812171855194,144,1,25.8080005645752,36.6870002746582,0.151389002799988,0.106748066842556,152.62190246582,-87.9314,25.8637,85.6224616632404,63,63,63,63,61,63,0.128961,8045,1.29563008188212,26,-88,0.001869,51,2025-10-18 10:31:13.001118,144,1.037,0.0011,"aoml_navis",1024.98467411843
"7901009",90,0.0807823170082299,1,0.127092,1,0.104664,1,157.568486967241,1,4.87783578333056,146,1,25.6989994049072,36.7099990844727,0.127092003822327,0.0879950225353241,151.942504882812,-87.9314,25.8637,85.6224616632404,63,63,63,63,61,63,0.104664,8045,1.29563008188212,26,-88,0.001869,51,2025-10-18 10:31:13.001118,146,1.037,0.0011,"aoml_navis",1025.044757982
"7901009",90,0.0605867377561724,1,0.100926,1,0.078498,1,156.417069837934,1,4.87759509629582,148,1,25.5960006713867,36.7229995727539,0.100925996899605,0.0677994415163994,150.83219909668,-87.9314,25.8637,85.6224616632404,63,63,63,63,61,63,0.078498,8045,1.29563008188212,26,-88,0.001869,51,2025-10-18 10:31:13.001118,148,1.037,0.0011,"aoml_navis",1025.09533925789
"7901009",90,0.0331784516283801,1,0.065415,1,0.042987,1,155.530210435348,1,4.87726191397619,150,1,25.4400005340576,36.7400016784668,0.0654150024056435,0.0403911583125591,149.977005004883,-87.9314,25.8637,85.6224616632404,63,63,63,63,61,63,0.042987,8045,1.29563008188212,26,-88,0.001869,51,2025-10-18 10:31:13.001118,150,1.037,0.0011,"aoml_navis",1025.16536700071
"7901009",90,0.0158679551266166,1,0.042987,1,0.020559,1,154.847113808466,1,4.87696289025533,152,1,25.3090000152588,36.757999420166,0.0429870001971722,0.0230806618928909,149.318298339844,-87.9314,25.8637,85.6224616632404,63,63,63,63,61,63,0.020559,8045,1.29563008188212,26,-88,0.001869,51,2025-10-18 10:31:13.001118,152,1.037,0.0011,"aoml_navis",1025.22822348936
"7901009",90,0.0187530378769105,1,0.046725,1,0.024297,1,154.049737864497,1,4.87671842769653,154,1,25.2220001220703,36.7789993286133,0.0467250011861324,0.0259657464921474,148.549392700195,-87.9314,25.8637,85.6224616632404,63,63,63,63,61,63,0.024297,8045,1.29563008188212,26,-88,0.001869,51,2025-10-18 10:31:13.001118,154,1.037,0.0011,"aoml_navis",1025.27961663797
"7901009",90,0.0129828723763227,1,0.039249,1,0.016821,1,153.774103493915,1,4.87629595232694,156,1,25.0380001068115,36.810001373291,0.0392489992082119,0.0201955791562796,148.283599853516,-87.9314,25.8637,85.6224616632404,63,63,63,63,61,63,0.016821,8045,1.29563008188212,26,-88,0.001869,51,2025-10-18 10:31:13.001118,156,1.037,0.0011,"aoml_navis",1025.36844541071
"7901009",90,0.0129828723763227,1,0.039249,1,0.016821,1,154.112273430979,1,4.87597698445537,158,1,24.8969993591309,36.8300018310547,0.0392489992082119,0.0201955791562796,148.60969543457,-87.9314,25.8637,85.6224616632404,63,63,63,63,61,63,0.016821,8045,1.29563008188212,26,-88,0.001869,51,2025-10-18 10:31:13.001118,158,1.037,0.0011,"aoml_navis",1025.43552111505
"7901009",90,0.0158679551266166,1,0.042987,1,0.020559,1,154.149506778127,1,4.87573125412417,160,1,24.7910003662109,36.8440017700195,0.0429870001971722,0.0230806618928909,148.645599365234,-87.9314,25.8637,85.6224616632404,63,63,63,63,61,63,0.020559,8045,1.29563008188212,26,-88,0.001869,51,2025-10-18 10:31:13.001118,160,1.037,0.0011,"aoml_navis",1025.48720169323
"7901009",90,0.0288508275029393,1,0.059808,1,0.03738,1,153.646342318872,1,4.87558942599197,162,1,24.7290000915527,36.8470001220703,0.0598080009222031,0.0360635332763195,148.160400390625,-87.9314,25.8637,85.6224616632404,63,63,63,63,61,63,0.03738,8045,1.29563008188212,26,-88,0.001869,51,2025-10-18 10:31:13.001118,162,1.037,0.0011,"aoml_navis",1025.51703253453
"7901009",90,0.0158679551266166,1,0.042987,1,0.020559,1,152.794010397577,1,4.87540418420159,164,1,24.636999130249,36.8499984741211,0.0429870001971722,0.0230806618928909,147.338500976562,-87.9314,25.8637,85.6224616632404,63,63,63,63,61,63,0.020559,8045,1.29563008188212,26,-88,0.001869,51,2025-10-18 10:31:13.001118,164,1.037,0.0011,"aoml_navis",1025.55599722422
"7901009",90,0.0144254137514696,1,0.041118,1,0.01869,1,151.666550466563,1,4.87514729555396,166,1,24.5400009155273,36.8709983825684,0.041117999702692,0.0216381195932627,146.25129699707,-87.9314,25.8637,85.6224616632404,63,63,63,63,61,63,0.01869,8045,1.29563008188212,26,-88,0.001869,51,2025-10-18 10:31:13.001118,166,1.037,0.0011,"aoml_navis",1025.61003737465
"7901009",90,0.0100977896260287,1,0.035511,1,0.013083,1,150.086752047836,1,4.87489714634741,168,1,24.4349994659424,36.8870010375977,0.0355109982192516,0.0173104964196682,144.727905273438,-87.9314,25.8637,85.6224616632404,63,63,63,63,61,63,0.013083,8045,1.29563008188212,26,-88,0.001869,51,2025-10-18 10:31:13.001118,168,1.037,0.0011,"aoml_navis",1025.66266526184
"7901009",90,0.0100977896260287,1,0.035511,1,0.013083,1,148.652437434329,1,4.87463874021858,170,1,24.3040008544922,36.8950004577637,0.0355109982192516,0.0173104964196682,143.344802856445,-87.9314,25.8637,85.6224616632404,63,63,63,63,61,63,0.013083,8045,1.29563008188212,26,-88,0.001869,51,2025-10-18 10:31:13.001118,170,1.037,0.0011,"aoml_navis",1025.71703596148
"7901009",90,0.00577016550058785,1,0.029904,1,0.007476,1,147.912311915342,1,4.8743150414183,172,1,24.1219997406006,36.9010009765625,0.0299040004611015,0.0129828732460737,142.631103515625,-87.9314,25.8637,85.6224616632404,63,63,63,63,61,63,0.007476,8045,1.29563008188212,26,-88,0.001869,51,2025-10-18 10:31:13.001118,172,1.037,0.0011,"aoml_navis",1025.78515289097
"7901009",90,0.00288508275029393,1,0.026166,1,0.003738,1,147.055106270749,1,4.87405959797202,174,1,23.9869995117188,36.9070014953613,0.0261659994721413,0.0100977895781398,141.804504394531,-87.9314,25.8637,85.6224616632404,63,63,63,63,61,63,0.003738,8045,1.29563008188212,26,-88,0.001869,51,2025-10-18 10:31:13.001118,174,1.037,0.0011,"aoml_navis",1025.83891302445
"7901009",90,0.00432762412544089,1,0.028035,1,0.005607,1,146.832244196274,1,4.87366966979507,176,1,23.7670001983643,36.9169998168945,0.0280349999666214,0.0115403309464455,141.589599609375,-87.9314,25.8637,85.6224616632404,63,63,63,63,61,63,0.005607,8045,1.29563008188212,26,-88,0.001869,51,2025-10-18 10:31:13.001118,176,1.037,0.0011,"aoml_navis",1025.92098742101
"7901009",90,0,1,0.022428,1,0,1,147.017350738962,1,4.87328998194654,178,1,23.55299949646,36.9269981384277,0.0224280003458261,0.0072127073071897,141.768096923828,-87.9314,25.8637,85.6224616632404,63,63,63,63,61,63,0,8045,1.29563008188212,26,-88,0.001869,51,2025-10-18 10:31:13.001118,178,1.037,0.0011,"aoml_navis",1026.00091899371
"7901009",90,-0.00432762412544089,1,0.016821,1,-0.005607,1,147.321610322035,1,4.87309049475034,180,1,23.443000793457,36.9280014038086,0.0168210007250309,0.00288508273661137,142.061492919922,-87.9314,25.8637,85.6224616632404,63,63,63,63,61,63,-0.005607,8045,1.29563008188212,26,-88,0.001869,51,2025-10-18 10:31:13.001118,180,1.037,0.0011,"aoml_navis",1026.042919865
"7901009",90,-0.00288508275029393,1,0.01869,1,-0.003738,1,147.131535113387,1,4.8728894462735,182,1,23.3290004730225,36.9280014038086,0.0186899993568659,0.00432762410491705,141.878204345703,-87.9314,25.8637,85.6224616632404,63,63,63,63,61,63,-0.003738,8045,1.29563008188212,26,-88,0.001869,51,2025-10-18 10:31:13.001118,182,1.037,0.0011,"aoml_navis",1026.08525293421
"7901009",90,0,1,0.022428,1,0,1,146.08806779039,1,4.87272945169512,184,1,23.2439994812012,36.9280014038086,0.0224280003458261,0.0072127073071897,140.871994018555,-87.9314,25.8637,85.6224616632404,63,63,63,63,61,63,0,8045,1.29563008188212,26,-88,0.001869,51,2025-10-18 10:31:13.001118,184,1.037,0.0011,"aoml_navis",1026.11894412907
"7901009",90,-0.00577016550058785,1,0.014952,1,-0.007476,1,145.115142865007,1,4.87257827720333,186,1,23.17799949646,36.9329986572266,0.0149520002305508,0.00144254136830568,139.933807373047,-87.9314,25.8637,85.6224616632404,63,63,63,63,61,63,-0.007476,8045,1.29563008188212,26,-88,0.001869,51,2025-10-18 10:31:13.001118,186,1.037,0.0011,"aoml_navis",1026.15078004859
"7901009",90,0,1,0.01869,1,-0.003738,1,144.65832624842,1,4.87247814682826,188,1,23.132999420166,36.931999206543,0.0186899993568659,0.00432762410491705,139.493301391602,-87.9314,25.8637,85.6224616632404,63,63,63,63,61,63,0,8045,1.29563008188212,26,-88,0.001869,51,2025-10-18 10:31:13.001118,188,1.037,0.0011,"aoml_navis",1026.17186764701
"7901009",90,0,1,0.013083,1,-0.009345,1,144.386726940959,1,4.87225195549416,190,1,23,36.931999206543,0.0130829997360706,0,139.231399536133,-87.9314,25.8637,85.6224616632404,63,63,63,63,61,63,0,8045,1.29563008188212,26,-88,0.001869,51,2025-10-18 10:31:13.001118,190,1.037,0.0011,"aoml_navis",1026.21950705193
"7901009",90,0,1,0.016821,1,-0.005607,1,144.346692785291,1,4.87199399629621,192,1,22.8409996032715,36.9309997558594,0.0168210007250309,0.00288508273661137,139.192794799805,-87.9314,25.8637,85.6224616632404,63,63,63,63,61,63,0,8045,1.29563008188212,26,-88,0.001869,51,2025-10-18 10:31:13.001118,192,1.037,0.0011,"aoml_navis",1026.27384266095
"7901009",90,0,1,0.020559,1,-0.001869,1,144.082150882347,1,4.87187726980253,194,1,22.7810001373291,36.9290008544922,0.020558999851346,0.00577016547322273,138.937698364258,-87.9314,25.8637,85.6224616632404,63,63,63,63,61,63,0,8045,1.29563008188212,26,-88,0.001869,51,2025-10-18 10:31:13.001118,194,1.037,0.0011,"aoml_navis",1026.29843140582
"7901009",90,0,1,0.022428,1,0,1,144.052386357915,1,4.87164486650565,196,1,22.636999130249,36.9269981384277,0.0224280003458261,0.0072127073071897,138.908996582031,-87.9314,25.8637,85.6224616632404,63,63,63,63,61,63,0,8045,1.29563008188212,26,-88,0.001869,51,2025-10-18 10:31:13.001118,196,1.037,0.0011,"aoml_navis",1026.34739128397
"7901009",90,0,1,0.016821,1,-0.005607,1,144.130381754471,1,4.87141853764465,198,1,22.4890003204346,36.9220008850098,0.0168210007250309,0.00288508273661137,138.98420715332,-87.9314,25.8637,85.6224616632404,63,63,63,63,61,63,0,8045,1.29563008188212,26,-88,0.001869,51,2025-10-18 10:31:13.001118,198,1.037,0.0011,"aoml_navis",1026.39507596437
"7901009",90,0,1,0.016821,1,-0.005607,1,144.098117073283,1,4.87123267275216,200,1,22.3700008392334,36.9169998168945,0.0168210007250309,0.00288508273661137,138.953094482422,-87.9314,25.8637,85.6224616632404,63,63,63,63,61,63,0,8045,1.29563008188212,26,-88,0.001869,51,2025-10-18 10:31:13.001118,200,1.037,0.0011,"aoml_navis",1026.43423870268
"7901009",90,0,1,0.020559,1,-0.001869,1,143.987777876654,1,4.87108501211697,202,1,22.2759990692139,36.9109992980957,0.020558999851346,0.00577016547322273,138.846694946289,-87.9314,25.8637,85.6224616632404,63,63,63,63,61,63,0,8045,1.29563008188212,26,-88,0.001869,51,2025-10-18 10:31:13.001118,202,1.037,0.0011,"aoml_navis",1026.46535372763
"7901009",90,0,1,0.016821,1,-0.005607,1,143.843734035136,1,4.87086837357502,204,1,22.1310005187988,36.9049987792969,0.0168210007250309,0.00288508273661137,138.707794189453,-87.9314,25.8637,85.6224616632404,63,63,63,63,61,63,0,8045,1.29563008188212,26,-88,0.001869,51,2025-10-18 10:31:13.001118,204,1.037,0.0011,"aoml_navis",1026.51100718006
"7901009",90,0,1,0.014952,1,-0.007476,1,143.89538284308,1,4.87068497659316,206,1,22.0020008087158,36.8959999084473,0.0149520002305508,0.00144254136830568,138.757598876953,-87.9314,25.8637,85.6224616632404,63,63,63,63,61,63,0,8045,1.29563008188212,26,-88,0.001869,51,2025-10-18 10:31:13.001118,206,1.037,0.0011,"aoml_navis",1026.54965862672
"7901009",90,0,1,0.01869,1,-0.003738,1,144.015058068105,1,4.87051432556037,208,1,21.8899993896484,36.8899993896484,0.0186899993568659,0.00432762410491705,138.873001098633,-87.9314,25.8637,85.6224616632404,63,63,63,63,61,63,0,8045,1.29563008188212,26,-88,0.001869,51,2025-10-18 10:31:13.001118,208,1.037,0.0011,"aoml_navis",1026.58562644197
"7901009",90,0,1,0.016821,1,-0.005607,1,144.068574081729,1,4.87039436425459,210,1,21.818000793457,36.8849983215332,0.0168210007250309,0.00288508273661137,138.924606323242,-87.9314,25.8637,85.6224616632404,63,63,63,63,61,63,0,8045,1.29563008188212,26,-88,0.001869,51,2025-10-18 10:31:13.001118,210,1.037,0.0011,"aoml_navis",1026.61091198212
"7901009",90,0,1,0.016821,1,-0.005607,1,144.232112816442,1,4.87021961707002,212,1,21.69700050354,36.8769989013672,0.0168210007250309,0.00288508273661137,139.082305908203,-87.9314,25.8637,85.6224616632404,63,63,63,63,61,63,0,8045,1.29563008188212,26,-88,0.001869,51,2025-10-18 10:31:13.001118,212,1.037,0.0011,"aoml_navis",1026.64774756257
"7901009",90,0,1,0.016821,1,-0.005607,1,144.620887192171,1,4.87000826987849,214,1,21.5319995880127,36.8629989624023,0.0168210007250309,0.00288508273661137,139.45719909668,-87.9314,25.8637,85.6224616632404,63,63,63,63,61,63,0,8045,1.29563008188212,26,-88,0.001869,51,2025-10-18 10:31:13.001118,214,1.037,0.0011,"aoml_navis",1026.69230172062
"7901009",90,0,1,0.01869,1,-0.003738,1,144.802686565477,1,4.86980669651102,216,1,21.378999710083,36.851001739502,0.0186899993568659,0.00432762410491705,139.632507324219,-87.9314,25.8637,85.6224616632404,63,63,63,63,61,63,0,8045,1.29563008188212,26,-88,0.001869,51,2025-10-18 10:31:13.001118,216,1.037,0.0011,"aoml_navis",1026.73479905932
"7901009",90,0,1,0.01869,1,-0.003738,1,145.017241157057,1,4.86961434321938,218,1,21.2350006103516,36.8400001525879,0.0186899993568659,0.00432762410491705,139.839401245117,-87.9314,25.8637,85.6224616632404,63,63,63,63,61,63,0,8045,1.29563008188212,26,-88,0.001869,51,2025-10-18 10:31:13.001118,218,1.037,0.0011,"aoml_navis",1026.77535582713
"7901009",90,0,1,0.01869,1,-0.003738,1,145.123118048587,1,4.86953015315862,220,1,21.1860008239746,36.8339996337891,0.0186899993568659,0.00432762410491705,139.941497802734,-87.9314,25.8637,85.6224616632404,63,63,63,63,61,63,0,8045,1.29563008188212,26,-88,0.001869,51,2025-10-18 10:31:13.001118,220,1.037,0.0011,"aoml_navis",1026.79310790524
"7901009",90,0,1,0.01869,1,-0.003738,1,145.301800137835,1,4.86941666431658,222,1,21.1119995117188,36.8269996643066,0.0186899993568659,0.00432762410491705,140.113800048828,-87.9314,25.8637,85.6224616632404,63,63,63,63,61,63,0,8045,1.29563008188212,26,-88,0.001869,51,2025-10-18 10:31:13.001118,222,1.037,0.0011,"aoml_navis",1026.81703881295
"7901009",90,0,1,0.016821,1,-0.005607,1,145.823209411906,1,4.86922904615991,224,1,20.9650001525879,36.8139991760254,0.0168210007250309,0.00288508273661137,140.616592407227,-87.9314,25.8637,85.6224616632404,63,63,63,63,61,63,0,8045,1.29563008188212,26,-88,0.001869,51,2025-10-18 10:31:13.001118,224,1.037,0.0011,"aoml_navis",1026.85660349932
"7901009",90,0,1,0.016821,1,-0.005607,1,146.084238436369,1,4.86910766612046,226,1,20.878999710083,36.8050003051758,0.0168210007250309,0.00288508273661137,140.868301391602,-87.9314,25.8637,85.6224616632404,63,63,63,63,61,63,0,8045,1.29563008188212,26,-88,0.001869,51,2025-10-18 10:31:13.001118,226,1.037,0.0011,"aoml_navis",1026.88220159729
"7901009",90,0,1,0.016821,1,-0.005607,1,146.382390041542,1,4.86897189590254,228,1,20.7789993286133,36.7949981689453,0.0168210007250309,0.00288508273661137,141.155807495117,-87.9314,25.8637,85.6224616632404,63,63,63,63,61,63,0,8045,1.29563008188212,26,-88,0.001869,51,2025-10-18 10:31:13.001118,228,1.037,0.0011,"aoml_navis",1026.9108359832
"7901009",90,0,1,0.013083,1,-0.009345,1,146.559189101334,1,4.86887679113246,230,1,20.7210006713867,36.7890014648438,0.0130829997360706,0,141.326293945312,-87.9314,25.8637,85.6224616632404,63,63,63,63,61,63,0,8045,1.29563008188212,26,-88,0.001869,51,2025-10-18 10:31:13.001118,230,1.037,0.0011,"aoml_navis",1026.93089484342
"7901009",90,0,1,0.016821,1,-0.005607,1,146.663515262724,1,4.86877892255357,232,1,20.6580009460449,36.7820014953613,0.0168210007250309,0.00288508273661137,141.426895141602,-87.9314,25.8637,85.6224616632404,63,63,63,63,61,63,0,8045,1.29563008188212,26,-88,0.001869,51,2025-10-18 10:31:13.001118,232,1.037,0.0011,"aoml_navis",1026.95153744578
"7901009",90,0,1,0.01869,1,-0.003738,1,146.778633239989,1,4.86866216568056,234,1,20.57200050354,36.7719993591309,0.0186899993568659,0.00432762410491705,141.537902832031,-87.9314,25.8637,85.6224616632404,63,63,63,63,61,63,0,8045,1.29563008188212,26,-88,0.001869,51,2025-10-18 10:31:13.001118,234,1.037,0.0011,"aoml_navis",1026.97616508396
"7901009",90,0,1,0.024297,1,0.001869,1,146.684671652498,1,4.86858121842172,236,1,20.5189990997314,36.7639999389648,0.0242970008403063,0.0086552482098341,141.447296142578,-87.9314,25.8637,85.6224616632404,63,63,63,63,61,63,0,8045,1.29563008188212,26,-88,0.001869,51,2025-10-18 10:31:13.001118,236,1.037,0.0011,"aoml_navis",1026.99324005955
"7901009",90,0,1,0.016821,1,-0.005607,1,146.723882971764,1,4.86847035329638,238.100006103516,1,20.4360008239746,36.7529983520508,0.0168210007250309,0.00288508273661137,141.485107421875,-87.9314,25.8637,85.6224616632404,63,63,63,63,61,63,0,8045,1.29563008188212,26,-88,0.001869,51,2025-10-18 10:31:13.001118,238.100006103516,1.037,0.0011,"aoml_navis",1027.01662681679
"7901009",90,0,1,0.01869,1,-0.003738,1,146.92111052759,1,4.86834347784725,240,1,20.326000213623,36.7379989624023,0.0186899993568659,0.00432762410491705,141.67529296875,-87.9314,25.8637,85.6224616632404,63,63,63,63,61,63,0,8045,1.29563008188212,26,-88,0.001869,51,2025-10-18 10:31:13.001118,240,1.037,0.0011,"aoml_navis",1027.04339222404
"7901009",90,0,1,0.014952,1,-0.007476,1,146.977110874194,1,4.86827125313788,242,1,20.2849998474121,36.7319984436035,0.0149520002305508,0.00144254136830568,141.729293823242,-87.9314,25.8637,85.6224616632404,63,63,63,63,61,63,0,8045,1.29563008188212,26,-88,0.001869,51,2025-10-18 10:31:13.001118,242,1.037,0.0011,"aoml_navis",1027.05862923666
"7901009",90,0,1,0.01869,1,-0.003738,1,147.068477362267,1,4.86819393444687,244,1,20.2399997711182,36.726001739502,0.0186899993568659,0.00432762410491705,141.817398071289,-87.9314,25.8637,85.6224616632404,63,63,63,63,61,63,0,8045,1.29563008188212,26,-88,0.001869,51,2025-10-18 10:31:13.001118,244,1.037,0.0011,"aoml_navis",1027.07494141112
"7901009",90,0,1,0.016821,1,-0.005607,1,147.155587254342,1,4.86811823101931,246,1,20.1989994049072,36.7210006713867,0.0168210007250309,0.00288508273661137,141.901397705078,-87.9314,25.8637,85.6224616632404,63,63,63,63,61,63,0,8045,1.29563008188212,26,-88,0.001869,51,2025-10-18 10:31:13.001118,246,1.037,0.0011,"aoml_navis",1027.09091331027
"7901009",90,0,1,0.016821,1,-0.005607,1,147.43351607258,1,4.86802649363161,248,1,20.136999130249,36.7130012512207,0.0168210007250309,0.00288508273661137,142.169403076172,-87.9314,25.8637,85.6224616632404,63,63,63,63,61,63,0,8045,1.29563008188212,26,-88,0.001869,51,2025-10-18 10:31:13.001118,248,1.037,0.0011,"aoml_navis",1027.11026871794
"7901009",90,0,1,0.020559,1,-0.001869,1,147.699402996565,1,4.86787905665321,250,1,20.0200004577637,36.701000213623,0.020558999851346,0.00577016547322273,142.425796508789,-87.9314,25.8637,85.6224616632404,63,63,63,63,61,63,0,8045,1.29563008188212,26,-88,0.001869,51,2025-10-18 10:31:13.001118,250,1.037,0.0011,"aoml_navis",1027.1413775505
"7901009",90,0,1,0.016821,1,-0.005607,1,147.631898764123,1,4.86778221747346,252,1,19.9479999542236,36.6910018920898,0.0168210007250309,0.00288508273661137,142.360702514648,-87.9314,25.8637,85.6224616632404,63,63,63,63,61,63,0,8045,1.29563008188212,26,-88,0.001869,51,2025-10-18 10:31:13.001118,252,1.037,0.0011,"aoml_navis",1027.16181139985
"7901009",90,0,1,0.01869,1,-0.003738,1,147.612403870929,1,4.86766152080516,254,1,19.8400001525879,36.6749992370605,0.0186899993568659,0.00432762410491705,142.341903686523,-87.9314,25.8637,85.6224616632404,63,63,63,63,61,63,0,8045,1.29563008188212,26,-88,0.001869,51,2025-10-18 10:31:13.001118,254,1.037,0.0011,"aoml_navis",1027.1872805102
"7901009",90,0,1,0.020559,1,-0.001869,1,147.884826014791,1,4.86754581432498,256,1,19.7469997406006,36.6629981994629,0.020558999851346,0.00577016547322273,142.604598999023,-87.9314,25.8637,85.6224616632404,63,63,63,63,61,63,0,8045,1.29563008188212,26,-88,0.001869,51,2025-10-18 10:31:13.001118,256,1.037,0.0011,"aoml_navis",1027.21169778931
"7901009",90,0,1,0.01869,1,-0.003738,1,147.539392964111,1,4.86745749737654,258,1,19.6840000152588,36.6539993286133,0.0186899993568659,0.00432762410491705,142.271499633789,-87.9314,25.8637,85.6224616632404,63,63,63,63,61,63,0,8045,1.29563008188212,26,-88,0.001869,51,2025-10-18 10:31:13.001118,258,1.037,0.0011,"aoml_navis",1027.23033589814
"7901009",90,0,1,0.022428,1,0,1,147.200178657769,1,4.86732623354835,260,1,19.5610008239746,36.6360015869141,0.0224280003458261,0.0072127073071897,141.944396972656,-87.9314,25.8637,85.6224616632404,63,63,63,63,61,63,0,8045,1.29563008188212,26,-88,0.001869,51,2025-10-18 10:31:13.001118,260,1.037,0.0011,"aoml_navis",1027.2580386203
"7901009",90,0,1,0.01869,1,-0.003738,1,146.923404975247,1,4.86721248376507,262,1,19.4629993438721,36.6220016479492,0.0186899993568659,0.00432762410491705,141.677505493164,-87.9314,25.8637,85.6224616632404,63,63,63,63,61,63,0,8045,1.29563008188212,26,-88,0.001869,51,2025-10-18 10:31:13.001118,262,1.037,0.0011,"aoml_navis",1027.28204627964
"7901009",90,0,1,0.013083,1,-0.009345,1,146.784234857027,1,4.86710175871938,264,1,19.3700008392334,36.609001159668,0.0130829997360706,0,141.543304443359,-87.9314,25.8637,85.6224616632404,63,63,63,63,61,63,0,8045,1.29563008188212,26,-88,0.001869,51,2025-10-18 10:31:13.001118,264,1.037,0.0011,"aoml_navis",1027.30541662552
"7901009",90,0,1,0.013083,1,-0.009345,1,146.615822399016,1,4.86702436644381,266,1,19.3150005340576,36.5999984741211,0.0130829997360706,0,141.380905151367,-87.9314,25.8637,85.6224616632404,63,63,63,63,61,63,0,8045,1.29563008188212,26,-88,0.001869,51,2025-10-18 10:31:13.001118,266,1.037,0.0011,"aoml_navis",1027.32175217223
"7901009",90,0,1,0.01869,1,-0.003738,1,146.463265365501,1,4.8669548187767,268,1,19.2719993591309,36.5929985046387,0.0186899993568659,0.00432762410491705,141.233795166016,-87.9314,25.8637,85.6224616632404,63,63,63,63,61,63,0,8045,1.29563008188212,26,-88,0.001869,51,2025-10-18 10:31:13.001118,268,1.037,0.0011,"aoml_navis",1027.33643236424
"7901009",90,0,1,0.022428,1,0,1,146.475512968856,1,4.86687637250231,270,1,19.2159996032715,36.5839996337891,0.0224280003458261,0.0072127073071897,141.24560546875,-87.9314,25.8637,85.6224616632404,63,63,63,63,61,63,0,8045,1.29563008188212,26,-88,0.001869,51,2025-10-18 10:31:13.001118,270,1.037,0.0011,"aoml_navis",1027.3529913868
"7901009",90,0,1,0.020559,1,-0.001869,1,146.970369945216,1,4.86672751934737,272,1,19.0769996643066,36.5660018920898,0.020558999851346,0.00577016547322273,141.722793579102,-87.9314,25.8637,85.6224616632404,63,63,63,63,61,63,0,8045,1.29563008188212,26,-88,0.001869,51,2025-10-18 10:31:13.001118,272,1.037,0.0011,"aoml_navis",1027.38441388445
"7901009",90,0,1,0.01869,1,-0.003738,1,147.3656953646,1,4.86662580449532,274,1,18.996000289917,36.5550003051758,0.0186899993568659,0.00432762410491705,142.10400390625,-87.9314,25.8637,85.6224616632404,63,63,63,63,61,63,0,8045,1.29563008188212,26,-88,0.001869,51,2025-10-18 10:31:13.001118,274,1.037,0.0011,"aoml_navis",1027.4058867196
"7901009",90,0,1,0.01869,1,-0.003738,1,147.487649213505,1,4.86654301811118,276,1,18.9360008239746,36.5460014343262,0.0186899993568659,0.00432762410491705,142.221603393555,-87.9314,25.8637,85.6224616632404,63,63,63,63,61,63,0,8045,1.29563008188212,26,-88,0.001869,51,2025-10-18 10:31:13.001118,276,1.037,0.0011,"aoml_navis",1027.42336426333
"7901009",90,0,1,0.01869,1,-0.003738,1,146.897580571275,1,4.86645923206355,278,1,18.8780002593994,36.5379981994629,0.0186899993568659,0.00432762410491705,141.652603149414,-87.9314,25.8637,85.6224616632404,63,63,63,63,61,63,0,8045,1.29563008188212,26,-88,0.001869,51,2025-10-18 10:31:13.001118,278,1.037,0.0011,"aoml_navis",1027.44105345763
"7901009",90,0,1,0.016821,1,-0.005607,1,145.582941182793,1,4.86634925770189,280,1,18.7779998779297,36.5229988098145,0.0168210007250309,0.00288508273661137,140.384902954102,-87.9314,25.8637,85.6224616632404,63,63,63,63,61,63,0,8045,1.29563008188212,26,-88,0.001869,51,2025-10-18 10:31:13.001118,280,1.037,0.0011,"aoml_navis",1027.464272542
"7901009",90,0,1,0.020559,1,-0.001869,1,143.801437079366,1,4.86626166589751,282,1,18.693000793457,36.5069999694824,0.020558999851346,0.00577016547322273,138.667007446289,-87.9314,25.8637,85.6224616632404,63,63,63,63,61,63,0,8045,1.29563008188212,26,-88,0.001869,51,2025-10-18 10:31:13.001118,282,1.037,0.0011,"aoml_navis",1027.4827667077
"7901009",90,0,1,0.01869,1,-0.003738,1,142.131095008967,1,4.86615709396783,284,1,18.5820007324219,36.4869995117188,0.0186899993568659,0.00432762410491705,137.056304931641,-87.9314,25.8637,85.6224616632404,63,63,63,63,61,63,0,8045,1.29563008188212,26,-88,0.001869,51,2025-10-18 10:31:13.001118,284,1.037,0.0011,"aoml_navis",1027.50484693519
"7901009",90,0,1,0.024297,1,0.001869,1,140.819256429005,1,4.86604693754272,286,1,18.4659996032715,36.4669990539551,0.0242970008403063,0.0086552482098341,135.791305541992,-87.9314,25.8637,85.6224616632404,63,63,63,63,61,63,0,8045,1.29563008188212,26,-88,0.001869,51,2025-10-18 10:31:13.001118,286,1.037,0.0011,"aoml_navis",1027.52810734804
"7901009",90,0,1,0.020559,1,-0.001869,1,140.69864760114,1,4.86592158504828,288,1,18.3369998931885,36.4469985961914,0.020558999851346,0.00577016547322273,135.675003051758,-87.9314,25.8637,85.6224616632404,63,63,63,63,61,63,0,8045,1.29563008188212,26,-88,0.001869,51,2025-10-18 10:31:13.001118,288,1.037,0.0011,"aoml_navis",1027.55457781394
"7901009",90,0,1,0.01869,1,-0.003738,1,140.763873209702,1,4.86584032541714,290,1,18.2679996490479,36.435001373291,0.0186899993568659,0.00432762410491705,135.737899780273,-87.9314,25.8637,85.6224616632404,63,63,63,63,61,63,0,8045,1.29563008188212,26,-88,0.001869,51,2025-10-18 10:31:13.001118,290,1.037,0.0011,"aoml_navis",1027.57173799602
"7901009",90,0,1,0.020559,1,-0.001869,1,140.662031381292,1,4.86571117945078,292,1,18.1380004882812,36.4160003662109,0.020558999851346,0.00577016547322273,135.639694213867,-87.9314,25.8637,85.6224616632404,63,63,63,63,61,63,0,8045,1.29563008188212,26,-88,0.001869,51,2025-10-18 10:31:13.001118,292,1.037,0.0011,"aoml_navis",1027.59901186005
"7901009",90,0,1,0.020559,1,-0.001869,1,140.427254002779,1,4.86556376321699,294,1,17.9740009307861,36.390998840332,0.020558999851346,0.00577016547322273,135.413299560547,-87.9314,25.8637,85.6224616632404,63,63,63,63,61,63,0,8045,1.29563008188212,26,-88,0.001869,51,2025-10-18 10:31:13.001118,294,1.037,0.0011,"aoml_navis",1027.63014592458
"7901009",90,0,1,0.01869,1,-0.003738,1,140.603451759047,1,4.86544221710004,296,1,17.8430004119873,36.3699989318848,0.0186899993568659,0.00432762410491705,135.583206176758,-87.9314,25.8637,85.6224616632404,63,63,63,63,61,63,0,8045,1.29563008188212,26,-88,0.001869,51,2025-10-18 10:31:13.001118,296,1.037,0.0011,"aoml_navis",1027.65581768232
"7901009",90,0,1,0.020559,1,-0.001869,1,142.08764291748,1,4.86534576661488,298,1,17.7569999694824,36.3569984436035,0.020558999851346,0.00577016547322273,137.014404296875,-87.9314,25.8637,85.6224616632404,63,63,63,63,61,63,0,8045,1.29563008188212,26,-88,0.001869,51,2025-10-18 10:31:13.001118,298,1.037,0.0011,"aoml_navis",1027.67618990393
"7901009",90,0,1,0.013083,1,-0.009345,1,141.91248953049,1,4.86523955954141,300,1,17.6870002746582,36.3520011901855,0.0130829997360706,0,136.845504760742,-87.9314,25.8637,85.6224616632404,63,63,63,63,61,63,0,8045,1.29563008188212,26,-88,0.001869,51,2025-10-18 10:31:13.001118,300,1.037,0.0011,"aoml_navis",1027.69862384151
"7901009",90,0,1,0.01869,1,-0.003738,1,140.232605722595,1,4.86517988213793,302,1,17.6469993591309,36.3440017700195,0.0186899993568659,0.00432762410491705,135.225601196289,-87.9314,25.8637,85.6224616632404,63,63,63,63,61,63,0,8045,1.29563008188212,26,-88,0.001869,51,2025-10-18 10:31:13.001118,302,1.037,0.0011,"aoml_navis",1027.71122982668
"7901009",90,0,1,0.020559,1,-0.001869,1,138.309130692428,1,4.86506803908711,304,1,17.5319995880127,36.326000213623,0.020558999851346,0.00577016547322273,133.370803833008,-87.9314,25.8637,85.6224616632404,63,63,63,63,61,63,0,8045,1.29563008188212,26,-88,0.001869,51,2025-10-18 10:31:13.001118,304,1.037,0.0011,"aoml_navis",1027.7348558805
"7901009",90,0,1,0.016821,1,-0.005607,1,136.2561222242,1,4.86499507456463,306,1,17.4619998931885,36.3120002746582,0.0168210007250309,0.00288508273661137,131.391098022461,-87.9314,25.8637,85.6224616632404,63,63,63,63,61,63,0,8045,1.29563008188212,26,-88,0.001869,51,2025-10-18 10:31:13.001118,306,1.037,0.0011,"aoml_navis",1027.75026970556
"7901009",90,0,1,0.022428,1,0,1,134.381495193459,1,4.86491197081284,308,1,17.3770008087158,36.2960014343262,0.0224280003458261,0.0072127073071897,129.583404541016,-87.9314,25.8637,85.6224616632404,63,63,63,63,61,63,0,8045,1.29563008188212,26,-88,0.001869,51,2025-10-18 10:31:13.001118,308,1.037,0.0011,"aoml_navis",1027.76782601569
"7901009",90,0,1,0.01869,1,-0.003738,1,132.92798633852,1,4.86478296815261,310,1,17.2399997711182,36.2760009765625,0.0186899993568659,0.00432762410491705,128.181793212891,-87.9314,25.8637,85.6224616632404,63,63,63,63,61,63,0,8045,1.29563008188212,26,-88,0.001869,51,2025-10-18 10:31:13.001118,310,1.037,0.0011,"aoml_navis",1027.79508001335
"7901009",90,0,1,0.022428,1,0,1,132.40294550764,1,4.86465750213515,312,1,17.0960006713867,36.2529983520508,0.0224280003458261,0.0072127073071897,127.675498962402,-87.9314,25.8637,85.6224616632404,63,63,63,63,61,63,0,8045,1.29563008188212,26,-88,0.001869,51,2025-10-18 10:31:13.001118,312,1.037,0.0011,"aoml_navis",1027.82158822187
"7901009",90,0,1,0.020559,1,-0.001869,1,132.284931779194,1,4.86457319689138,314,1,17.011999130249,36.2379989624023,0.020558999851346,0.00577016547322273,127.561698913574,-87.9314,25.8637,85.6224616632404,63,63,63,63,61,63,0,8045,1.29563008188212,26,-88,0.001869,51,2025-10-18 10:31:13.001118,314,1.037,0.0011,"aoml_navis",1027.83940083277
"7901009",90,0,1,0.022428,1,0,1,132.326208101351,1,4.86450517915813,316,1,16.9669990539551,36.2309989929199,0.0224280003458261,0.0072127073071897,127.601501464844,-87.9314,25.8637,85.6224616632404,63,63,63,63,61,63,0,8045,1.29563008188212,26,-88,0.001869,51,2025-10-18 10:31:13.001118,316,1.037,0.0011,"aoml_navis",1027.85377255273
"7901009",90,0,1,0.022428,1,0,1,132.552899529847,1,4.86444564405702,318,1,16.9230003356934,36.2220001220703,0.0224280003458261,0.0072127073071897,127.820098876953,-87.9314,25.8637,85.6224616632404,63,63,63,63,61,63,0,8045,1.29563008188212,26,-88,0.001869,51,2025-10-18 10:31:13.001118,318,1.037,0.0011,"aoml_navis",1027.86635227564
"7901009",90,0,1,0.020559,1,-0.001869,1,132.757200313967,1,4.86435873152689,320,1,16.8519992828369,36.2120018005371,0.020558999851346,0.00577016547322273,128.017105102539,-87.9314,25.8637,85.6224616632404,63,63,63,63,61,63,0,8045,1.29563008188212,26,-88,0.001869,51,2025-10-18 10:31:13.001118,320,1.037,0.0011,"aoml_navis",1027.88471738196
"7901009",90,0,1,0.01869,1,-0.003738,1,132.049837925142,1,4.86427602807006,322,1,16.7749996185303,36.1990013122559,0.0186899993568659,0.00432762410491705,127.334999084473,-87.9314,25.8637,85.6224616632404,63,63,63,63,61,63,0,8045,1.29563008188212,26,-88,0.001869,51,2025-10-18 10:31:13.001118,322,1.037,0.0011,"aoml_navis",1027.90219369681
"7901009",90,0,1,0.01869,1,-0.003738,1,130.861092506024,1,4.86418481717379,324,1,16.6840000152588,36.1839981079102,0.0186899993568659,0.00432762410491705,126.188697814941,-87.9314,25.8637,85.6224616632404,63,63,63,63,61,63,0,8045,1.29563008188212,26,-88,0.001869,51,2025-10-18 10:31:13.001118,324,1.037,0.0011,"aoml_navis",1027.92146843325
"7901009",90,0,1,0.016821,1,-0.005607,1,129.779371202265,1,4.86409320664133,326,1,16.5860004425049,36.1669998168945,0.0168210007250309,0.00288508273661137,125.145599365234,-87.9314,25.8637,85.6224616632404,63,63,63,63,61,63,0,8045,1.29563008188212,26,-88,0.001869,51,2025-10-18 10:31:13.001118,326,1.037,0.0011,"aoml_navis",1027.94082834866
"7901009",90,0,1,0.01869,1,-0.003738,1,129.628072159018,1,4.86397975251479,328,1,16.4619998931885,36.1479988098145,0.0186899993568659,0.00432762410491705,124.999702453613,-87.9314,25.8637,85.6224616632404,63,63,63,63,61,63,0,8045,1.29563008188212,26,-88,0.001869,51,2025-10-18 10:31:13.001118,328,1.037,0.0011,"aoml_navis",1027.96480544864
"7901009",90,0,1,0.014952,1,-0.007476,1,129.682513863593,1,4.86389987145638,330,1,16.3799991607666,36.132999420166,0.0149520002305508,0.00144254136830568,125.052200317383,-87.9314,25.8637,85.6224616632404,63,63,63,63,61,63,0,8045,1.29563008188212,26,-88,0.001869,51,2025-10-18 10:31:13.001118,330,1.037,0.0011,"aoml_navis",1027.98168797477
"7901009",90,0,1,0.016821,1,-0.005607,1,129.626102098789,1,4.86379509398742,332,1,16.2660007476807,36.1150016784668,0.0168210007250309,0.00288508273661137,124.997802734375,-87.9314,25.8637,85.6224616632404,63,63,63,63,61,63,0,8045,1.29563008188212,26,-88,0.001869,51,2025-10-18 10:31:13.001118,332,1.037,0.0011,"aoml_navis",1028.00383309341
"7901009",90,0,1,0.022428,1,0,1,129.630659346549,1,4.86367629160763,334,1,16.1389999389648,36.0970001220703,0.0224280003458261,0.0072127073071897,125.002197265625,-87.9314,25.8637,85.6224616632404,63,63,63,63,61,63,0,8045,1.29563008188212,26,-88,0.001869,51,2025-10-18 10:31:13.001118,334,1.037,0.0011,"aoml_navis",1028.02894358483
"7901009",90,0,1,0.01869,1,-0.003738,1,129.852168488095,1,4.86357348784847,336,1,16.0289993286133,36.0800018310547,0.0186899993568659,0.00432762410491705,125.215797424316,-87.9314,25.8637,85.6224616632404,63,63,63,63,61,63,0,8045,1.29563008188212,26,-88,0.001869,51,2025-10-18 10:31:13.001118,336,1.037,0.0011,"aoml_navis",1028.05067354125
"7901009",90,0,1,0.016821,1,-0.005607,1,129.857255832382,1,4.86350809945653,338,1,15.9750003814697,36.0699996948242,0.0168210007250309,0.00288508273661137,125.220703125,-87.9314,25.8637,85.6224616632404,63,63,63,63,61,63,0,8045,1.29563008188212,26,-88,0.001869,51,2025-10-18 10:31:13.001118,338,1.037,0.0011,"aoml_navis",1028.06449537089
"7901009",90,0,1,0.020559,1,-0.001869,1,129.696304285199,1,4.86343614113303,340,1,15.914999961853,36.060001373291,0.020558999851346,0.00577016547322273,125.065498352051,-87.9314,25.8637,85.6224616632404,63,63,63,63,61,63,0,8045,1.29563008188212,26,-88,0.001869,51,2025-10-18 10:31:13.001118,340,1.037,0.0011,"aoml_navis",1028.07970638536
"7901009",90,0,1,0.020559,1,-0.001869,1,129.219067084466,1,4.86336514813336,342,1,15.8590002059937,36.0509986877441,0.020558999851346,0.00577016547322273,124.60530090332,-87.9314,25.8637,85.6224616632404,63,63,63,63,61,63,0,8045,1.29563008188212,26,-88,0.001869,51,2025-10-18 10:31:13.001118,342,1.037,0.0011,"aoml_navis",1028.09471378457
"7901009",90,0,1,0.016821,1,-0.005607,1,128.069627927277,1,4.86329599337713,344,1,15.7980003356934,36.0400009155273,0.0168210007250309,0.00288508273661137,123.49690246582,-87.9314,25.8637,85.6224616632404,63,63,63,63,61,63,0,8045,1.29563008188212,26,-88,0.001869,51,2025-10-18 10:31:13.001118,344,1.037,0.0011,"aoml_navis",1028.10933301387
"7901009",90,0,1,0.022428,1,0,1,126.807768746791,1,4.86319122704102,346,1,15.6979999542236,36.0270004272461,0.0224280003458261,0.0072127073071897,122.280097961426,-87.9314,25.8637,85.6224616632404,63,63,63,63,61,63,0,8045,1.29563008188212,26,-88,0.001869,51,2025-10-18 10:31:13.001118,346,1.037,0.0011,"aoml_navis",1028.13148127885
"7901009",90,0,1,0.013083,1,-0.009345,1,125.80206486747,1,4.86312831761759,348,1,15.6389999389648,36.0149993896484,0.0130829997360706,0,121.310302734375,-87.9314,25.8637,85.6224616632404,63,63,63,63,61,63,0,8045,1.29563008188212,26,-88,0.001869,51,2025-10-18 10:31:13.001118,348,1.037,0.0011,"aoml_navis",1028.14478118674
"7901009",90,0,1,0.020559,1,-0.001869,1,125.014024951898,1,4.8630582709271,350,1,15.5799999237061,36.0050010681152,0.020558999851346,0.00577016547322273,120.550399780273,-87.9314,25.8637,85.6224616632404,63,63,63,63,61,63,0,8045,1.29563008188212,26,-88,0.001869,51,2025-10-18 10:31:13.001118,350,1.037,0.0011,"aoml_navis",1028.15959041486
"7901009",90,0,1,0.020559,1,-0.001869,1,124.527554577318,1,4.86296096266777,352,1,15.4860000610352,35.992000579834,0.020558999851346,0.00577016547322273,120.081298828125,-87.9314,25.8637,85.6224616632404,63,63,63,63,61,63,0,8045,1.29563008188212,26,-88,0.001869,51,2025-10-18 10:31:13.001118,352,1.037,0.0011,"aoml_navis",1028.18016397505
"7901009",90,0,1,0.022428,1,0,1,123.82631599017,1,4.86290148550042,354,1,15.4429998397827,35.984001159668,0.0224280003458261,0.0072127073071897,119.405097961426,-87.9314,25.8637,85.6224616632404,63,63,63,63,61,63,0,8045,1.29563008188212,26,-88,0.001869,51,2025-10-18 10:31:13.001118,354,1.037,0.0011,"aoml_navis",1028.19273943928
"7901009",90,0,1,0.022428,1,0,1,123.508368840041,1,4.86281704648915,356,1,15.3570003509521,35.9700012207031,0.0224280003458261,0.0072127073071897,119.098503112793,-87.9314,25.8637,85.6224616632404,63,63,63,63,61,63,0,8045,1.29563008188212,26,-88,0.001869,51,2025-10-18 10:31:13.001118,356,1.037,0.0011,"aoml_navis",1028.2105932013
"7901009",90,0,1,0.020559,1,-0.001869,1,123.081522456985,1,4.86273324112903,358,1,15.2779998779297,35.9580001831055,0.020558999851346,0.00577016547322273,118.686897277832,-87.9314,25.8637,85.6224616632404,63,63,63,63,61,63,0,8045,1.29563008188212,26,-88,0.001869,51,2025-10-18 10:31:13.001118,358,1.037,0.0011,"aoml_navis",1028.22831359737
"7901009",90,0,1,0.01869,1,-0.003738,1,122.646495181249,1,4.86264714070306,360,1,15.1999998092651,35.9469985961914,0.0186899993568659,0.00432762410491705,118.267402648926,-87.9314,25.8637,85.6224616632404,63,63,63,63,61,63,0,8045,1.29563008188212,26,-88,0.001869,51,2025-10-18 10:31:13.001118,360,1.037,0.0011,"aoml_navis",1028.24651991448
"7901009",90,0,1,0.014952,1,-0.007476,1,122.218406631703,1,4.86258217702129,362,1,15.1379995346069,35.935001373291,0.0149520002305508,0.00144254136830568,117.854598999023,-87.9314,25.8637,85.6224616632404,63,63,63,63,61,63,0,8045,1.29563008188212,26,-88,0.001869,51,2025-10-18 10:31:13.001118,362,1.037,0.0011,"aoml_navis",1028.26025719999
"7901009",90,0,1,0.01869,1,-0.003738,1,121.764398735523,1,4.86251710763595,364,1,15.0959997177124,35.9290008544922,0.0186899993568659,0.00432762410491705,117.416801452637,-87.9314,25.8637,85.6224616632404,63,63,63,63,61,63,0,8045,1.29563008188212,26,-88,0.001869,51,2025-10-18 10:31:13.001118,364,1.037,0.0011,"aoml_navis",1028.27401720565
"7901009",90,0,1,0.024297,1,0.001869,1,121.56788324966,1,4.86244059480384,366,1,15.0229997634888,35.9169998168945,0.0242970008403063,0.0086552482098341,117.22730255127,-87.9314,25.8637,85.6224616632404,63,63,63,63,61,63,0,8045,1.29563008188212,26,-88,0.001869,51,2025-10-18 10:31:13.001118,366,1.037,0.0011,"aoml_navis",1028.2901975899
"7901009",90,0,1,0.022428,1,0,1,121.63912189346,1,4.86237953086004,368,1,14.9709997177124,35.9070014953613,0.0224280003458261,0.0072127073071897,117.295997619629,-87.9314,25.8637,85.6224616632404,63,63,63,63,61,63,0,8045,1.29563008188212,26,-88,0.001869,51,2025-10-18 10:31:13.001118,368,1.037,0.0011,"aoml_navis",1028.30311131958
"7901009",90,0,1,0.020559,1,-0.001869,1,122.391898522113,1,4.86229440935493,370,1,14.8929996490479,35.8959999084473,0.020558999851346,0.00577016547322273,118.021896362305,-87.9314,25.8637,85.6224616632404,63,63,63,63,61,63,0,8045,1.29563008188212,26,-88,0.001869,51,2025-10-18 10:31:13.001118,370,1.037,0.0011,"aoml_navis",1028.32111325471
"7901009",90,0,1,0.016821,1,-0.005607,1,123.921828307802,1,4.86222980134666,372,1,14.8339996337891,35.8849983215332,0.0168210007250309,0.00288508273661137,119.497200012207,-87.9314,25.8637,85.6224616632404,63,63,63,63,61,63,0,8045,1.29563008188212,26,-88,0.001869,51,2025-10-18 10:31:13.001118,372,1.037,0.0011,"aoml_navis",1028.33477731044
"7901009",90,0,1,0.022428,1,0,1,125.867084766932,1,4.86214339126661,374,1,14.7270002365112,35.8660011291504,0.0224280003458261,0.0072127073071897,121.373001098633,-87.9314,25.8637,85.6224616632404,63,63,63,63,61,63,0,8045,1.29563008188212,26,-88,0.001869,51,2025-10-18 10:31:13.001118,374,1.037,0.0011,"aoml_navis",1028.35305289042
"7901009",90,0,1,0.020559,1,-0.001869,1,125.802784849321,1,4.86205952028005,376,1,14.6459999084473,35.8540000915527,0.020558999851346,0.00577016547322273,121.310997009277,-87.9314,25.8637,85.6224616632404,63,63,63,63,61,63,0,8045,1.29563008188212,26,-88,0.001869,51,2025-10-18 10:31:13.001118,376,1.037,0.0011,"aoml_navis",1028.37079207784
"7901009",90,0,1,0.01869,1,-0.003738,1,124.995360806993,1,4.86197101026963,378,1,14.5500001907349,35.8390007019043,0.0186899993568659,0.00432762410491705,120.532402038574,-87.9314,25.8637,85.6224616632404,63,63,63,63,61,63,0,8045,1.29563008188212,26,-88,0.001869,51,2025-10-18 10:31:13.001118,378,1.037,0.0011,"aoml_navis",1028.38951310874
"7901009",90,0,1,0.020559,1,-0.001869,1,123.942462512937,1,4.86191152779489,380,1,14.5019998550415,35.8300018310547,0.020558999851346,0.00577016547322273,119.517097473145,-87.9314,25.8637,85.6224616632404,63,63,63,63,61,63,0,8045,1.29563008188212,26,-88,0.001869,51,2025-10-18 10:31:13.001118,380,1.037,0.0011,"aoml_navis",1028.40209481717
"7901009",90,0,1,0.022428,1,0,1,122.996699100678,1,4.86183058430399,382,1,14.4300003051758,35.8199996948242,0.0224280003458261,0.0072127073071897,118.605102539062,-87.9314,25.8637,85.6224616632404,63,63,63,63,61,63,0,8045,1.29563008188212,26,-88,0.001869,51,2025-10-18 10:31:13.001118,382,1.037,0.0011,"aoml_navis",1028.41921644536
"7901009",90,0,1,0.020559,1,-0.001869,1,121.619524145715,1,4.86175248252825,384,1,14.3640003204346,35.8110008239746,0.020558999851346,0.00577016547322273,117.277099609375,-87.9314,25.8637,85.6224616632404,63,63,63,63,61,63,0,8045,1.29563008188212,26,-88,0.001869,51,2025-10-18 10:31:13.001118,384,1.037,0.0011,"aoml_navis",1028.43573751822
"7901009",90,0,1,0.01869,1,-0.003738,1,120.898379247172,1,4.86169549052593,386,1,14.3249998092651,35.8040008544922,0.0186899993568659,0.00432762410491705,116.581703186035,-87.9314,25.8637,85.6224616632404,63,63,63,63,61,63,0,8045,1.29563008188212,26,-88,0.001869,51,2025-10-18 10:31:13.001118,386,1.037,0.0011,"aoml_navis",1028.44779352051
"7901009",90,0,1,0.014952,1,-0.007476,1,120.295968058926,1,4.86164276486024,388,1,14.2969999313354,35.798999786377,0.0149520002305508,0.00144254136830568,116.000801086426,-87.9314,25.8637,85.6224616632404,63,63,63,63,61,63,0,8045,1.29563008188212,26,-88,0.001869,51,2025-10-18 10:31:13.001118,388,1.037,0.0011,"aoml_navis",1028.45894728009
"7901009",90,0,1,0.01869,1,-0.003738,1,119.920564774714,1,4.86157179515379,390,1,14.2410001754761,35.7910003662109,0.0186899993568659,0.00432762410491705,115.638801574707,-87.9314,25.8637,85.6224616632404,63,63,63,63,61,63,0,8045,1.29563008188212,26,-88,0.001869,51,2025-10-18 10:31:13.001118,390,1.037,0.0011,"aoml_navis",1028.47396082563
"7901009",90,0,1,0.020559,1,-0.001869,1,119.568493649606,1,4.86150616663936,392,1,14.1829996109009,35.7809982299805,0.020558999851346,0.00577016547322273,115.299301147461,-87.9314,25.8637,85.6224616632404,63,63,63,63,61,63,0,8045,1.29563008188212,26,-88,0.001869,51,2025-10-18 10:31:13.001118,392,1.037,0.0011,"aoml_navis",1028.48784483932
"7901009",90,0,1,0.020559,1,-0.001869,1,119.181784276767,1,4.86143186144097,394,1,14.1129999160767,35.7700004577637,0.020558999851346,0.00577016547322273,114.926399230957,-87.9314,25.8637,85.6224616632404,63,63,63,63,61,63,0,8045,1.29563008188212,26,-88,0.001869,51,2025-10-18 10:31:13.001118,394,1.037,0.0011,"aoml_navis",1028.50356489785
"7901009",90,0,1,0.022428,1,0,1,118.815819875502,1,4.86133260601209,396,1,14.0010004043579,35.7540016174316,0.0224280003458261,0.0072127073071897,114.573501586914,-87.9314,25.8637,85.6224616632404,63,63,63,63,61,63,0,8045,1.29563008188212,26,-88,0.001869,51,2025-10-18 10:31:13.001118,396,1.037,0.0011,"aoml_navis",1028.52456419386
"7901009",90,0,1,0.01869,1,-0.003738,1,118.557805280547,1,4.8612711971888,398,1,13.9429998397827,35.7430000305176,0.0186899993568659,0.00432762410491705,114.324699401855,-87.9314,25.8637,85.6224616632404,63,63,63,63,61,63,0,8045,1.29563008188212,26,-88,0.001869,51,2025-10-18 10:31:13.001118,398,1.037,0.0011,"aoml_navis",1028.53755677968
"7901009",90,0,1,0.022428,1,0,1,118.41096063051,1,4.86118723215437,400,1,13.8699998855591,35.734001159668,0.0224280003458261,0.0072127073071897,114.183097839355,-87.9314,25.8637,85.6224616632404,63,63,63,63,61,63,0,8045,1.29563008188212,26,-88,0.001869,51,2025-10-18 10:31:13.001118,400,1.037,0.0011,"aoml_navis",1028.55532223228
"7901009",90,0,1,0.022428,1,0,1,118.184997095754,1,4.86113238870351,402,1,13.8430004119873,35.7299995422363,0.0224280003458261,0.0072127073071897,113.965202331543,-87.9314,25.8637,85.6224616632404,63,63,63,63,61,63,0,8045,1.29563008188212,26,-88,0.001869,51,2025-10-18 10:31:13.001118,402,1.037,0.0011,"aoml_navis",1028.56692642628
"7901009",90,0,1,0.01869,1,-0.003738,1,117.857088878038,1,4.86107825924049,404,1,13.8059997558594,35.7229995727539,0.0186899993568659,0.00432762410491705,113.649002075195,-87.9314,25.8637,85.6224616632404,63,63,63,63,61,63,0,8045,1.29563008188212,26,-88,0.001869,51,2025-10-18 10:31:13.001118,404,1.037,0.0011,"aoml_navis",1028.57837980605
"7901009",90,0,1,0.022428,1,0,1,117.786775925189,1,4.86101672137406,406,1,13.7510004043579,35.7130012512207,0.0224280003458261,0.0072127073071897,113.581199645996,-87.9314,25.8637,85.6224616632404,63,63,63,63,61,63,0,8045,1.29563008188212,26,-88,0.001869,51,2025-10-18 10:31:13.001118,406,1.037,0.0011,"aoml_navis",1028.59140105707
"7901009",90,0,1,0.020559,1,-0.001869,1,117.803992194504,1,4.86095226399184,408,1,13.6929998397827,35.7029991149902,0.020558999851346,0.00577016547322273,113.597801208496,-87.9314,25.8637,85.6224616632404,63,63,63,63,61,63,0,8045,1.29563008188212,26,-88,0.001869,51,2025-10-18 10:31:13.001118,408,1.037,0.0011,"aoml_navis",1028.60504042349
"7901009",90,0,1,0.020559,1,-0.001869,1,118.108979671316,1,4.86086494216494,410,1,13.5979995727539,35.6889991760254,0.020558999851346,0.00577016547322273,113.891899108887,-87.9314,25.8637,85.6224616632404,63,63,63,63,61,63,0,8045,1.29563008188212,26,-88,0.001869,51,2025-10-18 10:31:13.001118,410,1.037,0.0011,"aoml_navis",1028.62351854876
"7901009",90,0,1,0.022428,1,0,1,118.481582147009,1,4.86080266746843,412,1,13.548999786377,35.6809997558594,0.0224280003458261,0.0072127073071897,114.251197814941,-87.9314,25.8637,85.6224616632404,63,63,63,63,61,63,0,8045,1.29563008188212,26,-88,0.001869,51,2025-10-18 10:31:13.001118,412,1.037,0.0011,"aoml_navis",1028.63669686967
"7901009",90,0,1,0.020559,1,-0.001869,1,118.924291866451,1,4.8607384692278,414,1,13.4980001449585,35.6730003356934,0.020558999851346,0.00577016547322273,114.678100585938,-87.9314,25.8637,85.6224616632404,63,63,63,63,61,63,0,8045,1.29563008188212,26,-88,0.001869,51,2025-10-18 10:31:13.001118,414,1.037,0.0011,"aoml_navis",1028.65028259674
"7901009",90,0,1,0.022428,1,0,1,118.706311427163,1,4.86067888607741,416,1,13.4370002746582,35.6609992980957,0.0224280003458261,0.0072127073071897,114.467903137207,-87.9314,25.8637,85.6224616632404,63,63,63,63,61,63,0,8045,1.29563008188212,26,-88,0.001869,51,2025-10-18 10:31:13.001118,416,1.037,0.0011,"aoml_navis",1028.66289199265
"7901009",90,0,1,0.024297,1,0.001869,1,118.196192417941,1,4.8606003651189,418,1,13.3570003509521,35.648998260498,0.0242970008403063,0.0086552482098341,113.975997924805,-87.9314,25.8637,85.6224616632404,63,63,63,63,61,63,0,8045,1.29563008188212,26,-88,0.001869,51,2025-10-18 10:31:13.001118,418,1.037,0.0011,"aoml_navis",1028.67950960986
"7901009",90,0,1,0.024297,1,0.001869,1,117.683074802989,1,4.8605345657781,420,1,13.3039999008179,35.640998840332,0.0242970008403063,0.0086552482098341,113.481201171875,-87.9314,25.8637,85.6224616632404,63,63,63,63,61,63,0,8045,1.29563008188212,26,-88,0.001869,51,2025-10-18 10:31:13.001118,420,1.037,0.0011,"aoml_navis",1028.69343532784
"7901009",90,0,1,0.028035,1,0.005607,1,116.993656577218,1,4.86047694158035,422,1,13.2700004577637,35.6360015869141,0.0280349999666214,0.0115403309464455,112.816398620605,-87.9314,25.8637,85.6224616632404,63,63,63,63,61,63,0,8045,1.29563008188212,26,-88,0.001869,51,2025-10-18 10:31:13.001118,422,1.037,0.0011,"aoml_navis",1028.70563117501
"7901009",90,0,1,0.020559,1,-0.001869,1,116.120896159889,1,4.8604240207674,424,1,13.2370004653931,35.6300010681152,0.020558999851346,0.00577016547322273,111.974800109863,-87.9314,25.8637,85.6224616632404,63,63,63,63,61,63,0,8045,1.29563008188212,26,-88,0.001869,51,2025-10-18 10:31:13.001118,424,1.037,0.0011,"aoml_navis",1028.71683183118
"7901009",90,0,1,0.026166,1,0.003738,1,115.286611256198,1,4.86033654245207,426,1,13.1510000228882,35.6189994812012,0.0261659994721413,0.0100977895781398,111.170303344727,-87.9314,25.8637,85.6224616632404,63,63,63,63,61,63,0,8045,1.29563008188212,26,-88,0.001869,51,2025-10-18 10:31:13.001118,426,1.037,0.0011,"aoml_navis",1028.73534709542
"7901009",90,0,1,0.022428,1,0,1,114.753990836162,1,4.86026224954265,428,1,13.08899974823,35.6110000610352,0.0224280003458261,0.0072127073071897,110.656700134277,-87.9314,25.8637,85.6224616632404,63,63,63,63,61,63,0,8045,1.29563008188212,26,-88,0.001869,51,2025-10-18 10:31:13.001118,428,1.037,0.0011,"aoml_navis",1028.75107211972
"7901009",90,0,1,0.022428,1,0,1,114.266072585992,1,4.86020691402433,430,1,13.0570001602173,35.6059989929199,0.0224280003458261,0.0072127073071897,110.18620300293,-87.9314,25.8637,85.6224616632404,63,63,63,63,61,63,0,8045,1.29563008188212,26,-88,0.001869,51,2025-10-18 10:31:13.001118,430,1.037,0.0011,"aoml_navis",1028.76278488726
"7901009",90,0,1,0.024297,1,0.001869,1,113.635764078994,1,4.8601496223506,432,1,13.0229997634888,35.601001739502,0.0242970008403063,0.0086552482098341,109.578399658203,-87.9314,25.8637,85.6224616632404,63,63,63,63,61,63,0,8045,1.29563008188212,26,-88,0.001869,51,2025-10-18 10:31:13.001118,432,1.037,0.0011,"aoml_navis",1028.77491199165
"7901009",90,0,1,0.024297,1,0.001869,1,113.100556471428,1,4.86009078331726,434,1,12.9799995422363,35.5940017700195,0.0242970008403063,0.0086552482098341,109.062301635742,-87.9314,25.8637,85.6224616632404,63,63,63,63,61,63,0,8045,1.29563008188212,26,-88,0.001869,51,2025-10-18 10:31:13.001118,434,1.037,0.0011,"aoml_navis",1028.787366928
"7901009",90,0,1,0.020559,1,-0.001869,1,112.881848138401,1,4.86003626891882,436,1,12.9449996948242,35.5880012512207,0.020558999851346,0.00577016547322273,108.851402282715,-87.9314,25.8637,85.6224616632404,63,63,63,63,61,63,0,8045,1.29563008188212,26,-88,0.001869,51,2025-10-18 10:31:13.001118,436,1.037,0.0011,"aoml_navis",1028.79890670287
"7901009",90,0,1,0.022428,1,0,1,112.760408562247,1,4.85998900214318,438,1,12.9209995269775,35.5830001831055,0.0224280003458261,0.0072127073071897,108.734298706055,-87.9314,25.8637,85.6224616632404,63,63,63,63,61,63,0,8045,1.29563008188212,26,-88,0.001869,51,2025-10-18 10:31:13.001118,438,1.037,0.0011,"aoml_navis",1028.8089124883
"7901009",90,0,1,0.028035,1,0.005607,1,112.840160398043,1,4.85992483805211,440,1,12.8649997711182,35.5740013122559,0.0280349999666214,0.0115403309464455,108.81120300293,-87.9314,25.8637,85.6224616632404,63,63,63,63,61,63,0,8045,1.29563008188212,26,-88,0.001869,51,2025-10-18 10:31:13.001118,440,1.037,0.0011,"aoml_navis",1028.82249553556
"7901009",90,0,1,0.028035,1,0.005607,1,113.243144525468,1,4.85983832740338,442,1,12.7600002288818,35.5579986572266,0.0280349999666214,0.0115403309464455,109.199798583984,-87.9314,25.8637,85.6224616632404,63,63,63,63,61,63,0,8045,1.29563008188212,26,-88,0.001869,51,2025-10-18 10:31:13.001118,442,1.037,0.0011,"aoml_navis",1028.84080974593
"7901009",90,0,1,0.022428,1,0,1,113.873033702377,1,4.85975448409832,444,1,12.66100025177,35.5429992675781,0.0224280003458261,0.0072127073071897,109.807197570801,-87.9314,25.8637,85.6224616632404,63,63,63,63,61,63,0,8045,1.29563008188212,26,-88,0.001869,51,2025-10-18 10:31:13.001118,444,1.037,0.0011,"aoml_navis",1028.85855990474
"7901009",90,0,1,0.024297,1,0.001869,1,114.30983324113,1,4.8596899918355,446,1,12.58899974823,35.5299987792969,0.0242970008403063,0.0086552482098341,110.228401184082,-87.9314,25.8637,85.6224616632404,63,63,63,63,61,63,0,8045,1.29563008188212,26,-88,0.001869,51,2025-10-18 10:31:13.001118,446,1.037,0.0011,"aoml_navis",1028.87221374208
"7901009",90,0,1,0.022428,1,0,1,114.749014258314,1,4.8596129119323,448,1,12.5,35.515998840332,0.0224280003458261,0.0072127073071897,110.651901245117,-87.9314,25.8637,85.6224616632404,63,63,63,63,61,63,0,8045,1.29563008188212,26,-88,0.001869,51,2025-10-18 10:31:13.001118,448,1.037,0.0011,"aoml_navis",1028.88853301937
"7901009",90,0,1,0.026166,1,0.003738,1,114.800971629908,1,4.85953150759279,450,1,12.3909997940063,35.4980010986328,0.0261659994721413,0.0100977895781398,110.702003479004,-87.9314,25.8637,85.6224616632404,63,63,63,63,61,63,0,8045,1.29563008188212,26,-88,0.001869,51,2025-10-18 10:31:13.001118,450,1.037,0.0011,"aoml_navis",1028.90576842392
"7901009",90,0,1,0.022428,1,0,1,114.621870210571,1,4.85946207242634,452,1,12.3319997787476,35.4900016784668,0.0224280003458261,0.0072127073071897,110.529296875,-87.9314,25.8637,85.6224616632404,63,63,63,63,61,63,0,8045,1.29563008188212,26,-88,0.001869,51,2025-10-18 10:31:13.001118,452,1.037,0.0011,"aoml_navis",1028.92047010123
"7901009",90,0,1,0.026166,1,0.003738,1,114.186842934835,1,4.85941676176552,454,1,12.2980003356934,35.4819984436035,0.0261659994721413,0.0100977895781398,110.109802246094,-87.9314,25.8637,85.6224616632404,63,63,63,63,61,63,0,8045,1.29563008188212,26,-88,0.001869,51,2025-10-18 10:31:13.001118,454,1.037,0.0011,"aoml_navis",1028.9300640646
"7901009",90,0,1,0.024297,1,0.001869,1,113.773375555185,1,4.85933809156729,456,1,12.210000038147,35.4690017700195,0.0242970008403063,0.0086552482098341,109.711097717285,-87.9314,25.8637,85.6224616632404,63,63,63,63,61,63,0,8045,1.29563008188212,26,-88,0.001869,51,2025-10-18 10:31:13.001118,456,1.037,0.0011,"aoml_navis",1028.94672191606
"7901009",90,0,1,0.024297,1,0.001869,1,113.600714413064,1,4.85923718387395,458,1,12.0790004730225,35.451000213623,0.0242970008403063,0.0086552482098341,109.54460144043,-87.9314,25.8637,85.6224616632404,63,63,63,63,61,63,0,8045,1.29563008188212,26,-88,0.001869,51,2025-10-18 10:31:13.001118,458,1.037,0.0011,"aoml_navis",1028.96808918758
"7901009",90,0,1,0.024297,1,0.001869,1,113.475129007351,1,4.85915963127369,460,1,11.9989995956421,35.439998626709,0.0242970008403063,0.0086552482098341,109.423500061035,-87.9314,25.8637,85.6224616632404,63,63,63,63,61,63,0,8045,1.29563008188212,26,-88,0.001869,51,2025-10-18 10:31:13.001118,460,1.037,0.0011,"aoml_navis",1028.98451160564
"7901009",90,0,1,0.022428,1,0,1,113.390297739156,1,4.85909294810745,462,1,11.9379997253418,35.4309997558594,0.0224280003458261,0.0072127073071897,109.341697692871,-87.9314,25.8637,85.6224616632404,63,63,63,63,61,63,0,8045,1.29563008188212,26,-88,0.001869,51,2025-10-18 10:31:13.001118,462,1.037,0.0011,"aoml_navis",1028.99863274841
"7901009",90,0,1,0.024297,1,0.001869,1,113.072762007227,1,4.85904873751487,463.899993896484,1,11.9139995574951,35.4259986877441,0.0242970008403063,0.0086552482098341,109.035499572754,-87.9314,25.8637,85.6224616632404,63,63,63,63,61,63,0,8045,1.29563008188212,26,-88,0.001869,51,2025-10-18 10:31:13.001118,463.899993896484,1.037,0.0011,"aoml_navis",1029.00799520633
"7901009",90,0,1,0.024297,1,0.001869,1,112.772648253713,1,4.85897933688054,466,1,11.8559999465942,35.4179992675781,0.0242970008403063,0.0086552482098341,108.746101379395,-87.9314,25.8637,85.6224616632404,63,63,63,63,61,63,0,8045,1.29563008188212,26,-88,0.001869,51,2025-10-18 10:31:13.001118,466,1.037,0.0011,"aoml_navis",1029.02269249204
"7901009",90,0,1,0.029904,1,0.007476,1,112.413630490526,1,4.85891030141139,468,1,11.7959995269775,35.4099998474121,0.0299040004611015,0.0129828732460737,108.39990234375,-87.9314,25.8637,85.6224616632404,63,63,63,63,61,63,0,8045,1.29563008188212,26,-88,0.001869,51,2025-10-18 10:31:13.001118,468,1.037,0.0011,"aoml_navis",1029.03731286162
"7901009",90,0,1,0.026166,1,0.003738,1,111.650892794286,1,4.85886616739987,470,1,11.7819995880127,35.4070014953613,0.0261659994721413,0.0100977895781398,107.664398193359,-87.9314,25.8637,85.6224616632404,63,63,63,63,61,63,0,8045,1.29563008188212,26,-88,0.001869,51,2025-10-18 10:31:13.001118,470,1.037,0.0011,"aoml_navis",1029.04665980451
"7901009",90,0,1,0.024297,1,0.001869,1,110.985123203158,1,4.85878783469842,472,1,11.7040004730225,35.3969993591309,0.0242970008403063,0.0086552482098341,107.022399902344,-87.9314,25.8637,85.6224616632404,63,63,63,63,61,63,0,8045,1.29563008188212,26,-88,0.001869,51,2025-10-18 10:31:13.001118,472,1.037,0.0011,"aoml_navis",1029.06324995159
"7901009",90,0,1,0.026166,1,0.003738,1,111.086023516839,1,4.85870499254045,474,1,11.6129999160767,35.3849983215332,0.0261659994721413,0.0100977895781398,107.119697570801,-87.9314,25.8637,85.6224616632404,63,63,63,63,61,63,0,8045,1.29563008188212,26,-88,0.001869,51,2025-10-18 10:31:13.001118,474,1.037,0.0011,"aoml_navis",1029.08079574217
"7901009",90,0,1,0.029904,1,0.007476,1,111.058956946377,1,4.85866002173594,476,1,11.5979995727539,35.3819999694824,0.0299040004611015,0.0129828732460737,107.093597412109,-87.9314,25.8637,85.6224616632404,63,63,63,63,61,63,0,8045,1.29563008188212,26,-88,0.001869,51,2025-10-18 10:31:13.001118,476,1.037,0.0011,"aoml_navis",1029.09032071225
"7901009",90,0,1,0.028035,1,0.005607,1,110.962518937794,1,4.85860846971824,478,1,11.5679998397827,35.3769989013672,0.0280349999666214,0.0115403309464455,107.000602722168,-87.9314,25.8637,85.6224616632404,63,63,63,63,61,63,0,8045,1.29563008188212,26,-88,0.001869,51,2025-10-18 10:31:13.001118,478,1.037,0.0011,"aoml_navis",1029.10123982268
"7901009",90,0,1,0.026166,1,0.003738,1,110.83921215596,1,4.85852611725508,480,1,11.4729995727539,35.3639984130859,0.0261659994721413,0.0100977895781398,106.881698608398,-87.9314,25.8637,85.6224616632404,63,63,63,63,61,63,0,8045,1.29563008188212,26,-88,0.001869,51,2025-10-18 10:31:13.001118,480,1.037,0.0011,"aoml_navis",1029.11868318305
"7901009",90,0,1,0.031773,1,0.009345,1,110.602876135418,1,4.85845897337928,482,1,11.4139995574951,35.3559989929199,0.0317730009555817,0.0144254146143794,106.653800964355,-87.9314,25.8637,85.6224616632404,63,63,63,63,61,63,0,8045,1.29563008188212,26,-88,0.001869,51,2025-10-18 10:31:13.001118,482,1.037,0.0011,"aoml_navis",1029.13290559749
"7901009",90,0,1,0.028035,1,0.005607,1,110.746919976936,1,4.85838918644191,484,1,11.3400001525879,35.3450012207031,0.0280349999666214,0.0115403309464455,106.792701721191,-87.9314,25.8637,85.6224616632404,63,63,63,63,61,63,0,8045,1.29563008188212,26,-88,0.001869,51,2025-10-18 10:31:13.001118,484,1.037,0.0011,"aoml_navis",1029.1476882818
"7901009",90,0,1,0.024297,1,0.001869,1,110.638447985987,1,4.85832695253838,486,1,11.28600025177,35.3370018005371,0.0242970008403063,0.0086552482098341,106.688102722168,-87.9314,25.8637,85.6224616632404,63,63,63,63,61,63,0,8045,1.29563008188212,26,-88,0.001869,51,2025-10-18 10:31:13.001118,486,1.037,0.0011,"aoml_navis",1029.16087139578
"7901009",90,0,1,0.026166,1,0.003738,1,110.574464543915,1,4.85826026296456,488,1,11.2349996566772,35.3310012817383,0.0261659994721413,0.0100977895781398,106.626403808594,-87.9314,25.8637,85.6224616632404,63,63,63,63,61,63,0,8045,1.29563008188212,26,-88,0.001869,51,2025-10-18 10:31:13.001118,488,1.037,0.0011,"aoml_navis",1029.17499873688
"7901009",90,0,1,0.024297,1,0.001869,1,111.042990755441,1,4.85820189421576,490,1,11.1890001296997,35.3240013122559,0.0242970008403063,0.0086552482098341,107.078201293945,-87.9314,25.8637,85.6224616632404,63,63,63,63,61,63,0,8045,1.29563008188212,26,-88,0.001869,51,2025-10-18 10:31:13.001118,490,1.037,0.0011,"aoml_navis",1029.18736373494
"7901009",90,0,1,0.029904,1,0.007476,1,111.63855024827,1,4.85814642702164,492,1,11.1339998245239,35.3139991760254,0.0299040004611015,0.0129828732460737,107.652496337891,-87.9314,25.8637,85.6224616632404,63,63,63,63,61,63,0,8045,1.29563008188212,26,-88,0.001869,51,2025-10-18 10:31:13.001118,492,1.037,0.0011,"aoml_navis",1029.19911433491
"7901009",90,0,1,0.026166,1,0.003738,1,111.965738484135,1,4.85808120712372,494,1,11.0600004196167,35.3019981384277,0.0261659994721413,0.0100977895781398,107.968002319336,-87.9314,25.8637,85.6224616632404,63,63,63,63,61,63,0,8045,1.29563008188212,26,-88,0.001869,51,2025-10-18 10:31:13.001118,494,1.037,0.0011,"aoml_navis",1029.21293136644
"7901009",90,0,1,0.026166,1,0.003738,1,112.097439779637,1,4.8580177621615,496,1,11.0080003738403,35.2949981689453,0.0261659994721413,0.0100977895781398,108.095001220703,-87.9314,25.8637,85.6224616632404,63,63,63,63,61,63,0,8045,1.29563008188212,26,-88,0.001869,51,2025-10-18 10:31:13.001118,496,1.037,0.0011,"aoml_navis",1029.22637272848
"7901009",90,0,1,0.026166,1,0.003738,1,112.095153243869,1,4.85796343674345,498,1,10.9659996032715,35.2879981994629,0.0261659994721413,0.0100977895781398,108.092796325684,-87.9314,25.8637,85.6224616632404,63,63,63,63,61,63,0,8045,1.29563008188212,26,-88,0.001869,51,2025-10-18 10:31:13.001118,498,1.037,0.0011,"aoml_navis",1029.23788231551
"7901009",90,0,1,0.026166,1,0.003738,1,112.058861411448,1,4.85790129720686,500,1,10.9029998779297,35.2779998779297,0.0261659994721413,0.0100977895781398,108.057800292969,-87.9314,25.8637,85.6224616632404,63,63,63,63,61,63,0,8045,1.29563008188212,26,-88,0.001869,51,2025-10-18 10:31:13.001118,500,1.037,0.0011,"aoml_navis",1029.25104774666
"7901009",90,0,1,0.028035,1,0.005607,1,111.923939977338,1,4.85783998964004,502,1,10.8529996871948,35.2709999084473,0.0280349999666214,0.0115403309464455,107.927696228027,-87.9314,25.8637,85.6224616632404,63,63,63,63,61,63,0,8045,1.29563008188212,26,-88,0.001869,51,2025-10-18 10:31:13.001118,502,1.037,0.0011,"aoml_navis",1029.26403723942
"7901009",90,0,1,0.024297,1,0.001869,1,111.869189709113,1,4.85777440772926,504,1,10.793999671936,35.2630004882812,0.0242970008403063,0.0086552482098341,107.874900817871,-87.9314,25.8637,85.6224616632404,63,63,63,63,61,63,0,8045,1.29563008188212,26,-88,0.001869,51,2025-10-18 10:31:13.001118,504,1.037,0.0011,"aoml_navis",1029.27793271842
"7901009",90,0,1,0.029904,1,0.007476,1,111.67194632951,1,4.85771826003703,506.100006103516,1,10.7559995651245,35.2569999694824,0.0299040004611015,0.0129828732460737,107.684700012207,-87.9314,25.8637,85.6224616632404,63,63,63,63,61,63,0,8045,1.29563008188212,26,-88,0.001869,51,2025-10-18 10:31:13.001118,506.100006103516,1.037,0.0011,"aoml_navis",1029.28982957564
"7901009",90,0,1,0.026166,1,0.003738,1,111.454583017523,1,4.85766193458304,508,1,10.7130002975464,35.2509994506836,0.0261659994721413,0.0100977895781398,107.47509765625,-87.9314,25.8637,85.6224616632404,63,63,63,63,61,63,0,8045,1.29563008188212,26,-88,0.001869,51,2025-10-18 10:31:13.001118,508,1.037,0.0011,"aoml_navis",1029.30176437426
"7901009",90,0,1,0.028035,1,0.005607,1,111.220739241849,1,4.85758818384638,510,1,10.6319999694824,35.2400016784668,0.0280349999666214,0.0115403309464455,107.249603271484,-87.9314,25.8637,85.6224616632404,63,63,63,63,61,63,0,8045,1.29563008188212,26,-88,0.001869,51,2025-10-18 10:31:13.001118,510,1.037,0.0011,"aoml_navis",1029.31739183392
"7901009",90,0,1,0.026166,1,0.003738,1,110.917713913378,1,4.85752695029103,512,1,10.5979995727539,35.2369995117188,0.0261659994721413,0.0100977895781398,106.957397460938,-87.9314,25.8637,85.6224616632404,63,63,63,63,61,63,0,8045,1.29563008188212,26,-88,0.001869,51,2025-10-18 10:31:13.001118,512,1.037,0.0011,"aoml_navis",1029.33036731797
"7901009",90,0,1,0.029904,1,0.007476,1,110.860993584923,1,4.85746587968802,514,1,10.5600004196167,35.2330017089844,0.0299040004611015,0.0129828732460737,106.902702331543,-87.9314,25.8637,85.6224616632404,63,63,63,63,61,63,0,8045,1.29563008188212,26,-88,0.001869,51,2025-10-18 10:31:13.001118,514,1.037,0.0011,"aoml_navis",1029.34330859801
"7901009",90,0,1,0.029904,1,0.007476,1,110.999016479314,1,4.85741030611826,516,1,10.5240001678467,35.2280006408691,0.0299040004611015,0.0129828732460737,107.035797119141,-87.9314,25.8637,85.6224616632404,63,63,63,63,61,63,0,8045,1.29563008188212,26,-88,0.001869,51,2025-10-18 10:31:13.001118,516,1.037,0.0011,"aoml_navis",1029.35508530176
"7901009",90,0,1,0.022428,1,0,1,111.187865345249,1,4.85735971979485,518.099975585938,1,10.496000289917,35.2229995727539,0.0224280003458261,0.0072127073071897,107.217903137207,-87.9314,25.8637,85.6224616632404,63,63,63,63,61,63,0,8045,1.29563008188212,26,-88,0.001869,51,2025-10-18 10:31:13.001118,518.099975585938,1.037,0.0011,"aoml_navis",1029.36580538268
"7901009",90,0,1,0.029904,1,0.007476,1,111.207360238443,1,4.8573024025791,520,1,10.4429998397827,35.2150001525879,0.0299040004611015,0.0129828732460737,107.236701965332,-87.9314,25.8637,85.6224616632404,63,63,63,63,61,63,0,8045,1.29563008188212,26,-88,0.001869,51,2025-10-18 10:31:13.001118,520,1.037,0.0011,"aoml_navis",1029.37795212115
"7901009",90,0,1,0.026166,1,0.003738,1,110.979213022469,1,4.85725050790978,522,1,10.41100025177,35.2099990844727,0.0261659994721413,0.0100977895781398,107.016700744629,-87.9314,25.8637,85.6224616632404,63,63,63,63,61,63,0,8045,1.29563008188212,26,-88,0.001869,51,2025-10-18 10:31:13.001118,522,1.037,0.0011,"aoml_navis",1029.38894995384
"7901009",90,0,1,0.026166,1,0.003738,1,110.845644521288,1,4.85718848560594,524,1,10.3590002059937,35.2029991149902,0.0261659994721413,0.0100977895781398,106.887901306152,-87.9314,25.8637,85.6224616632404,63,63,63,63,61,63,0,8045,1.29563008188212,26,-88,0.001869,51,2025-10-18 10:31:13.001118,524,1.037,0.0011,"aoml_navis",1029.40209440446
"7901009",90,0,1,0.026166,1,0.003738,1,110.999847227604,1,4.85710863839304,526,1,10.2779998779297,35.1940002441406,0.0261659994721413,0.0100977895781398,107.036598205566,-87.9314,25.8637,85.6224616632404,63,63,63,63,61,63,0,8045,1.29563008188212,26,-88,0.001869,51,2025-10-18 10:31:13.001118,526,1.037,0.0011,"aoml_navis",1029.41901700067
"7901009",90,0,1,0.031773,1,0.009345,1,110.955564387827,1,4.85705851360722,528,1,10.2519998550415,35.189998626709,0.0317730009555817,0.0144254146143794,106.993896484375,-87.9314,25.8637,85.6224616632404,63,63,63,63,61,63,0,8045,1.29563008188212,26,-88,0.001869,51,2025-10-18 10:31:13.001118,528,1.037,0.0011,"aoml_navis",1029.42964059262
"7901009",90,0,1,0.028035,1,0.005607,1,110.911906587239,1,4.85701274415922,530,1,10.2309999465942,35.1860008239746,0.0280349999666214,0.0115403309464455,106.951797485352,-87.9314,25.8637,85.6224616632404,63,63,63,63,61,63,0,8045,1.29563008188212,26,-88,0.001869,51,2025-10-18 10:31:13.001118,530,1.037,0.0011,"aoml_navis",1029.43934129321
"7901009",90,0,1,0.028035,1,0.005607,1,110.933996579853,1,4.85694698690515,532,1,10.1700000762939,35.1780014038086,0.0280349999666214,0.0115403309464455,106.973098754883,-87.9314,25.8637,85.6224616632404,63,63,63,63,61,63,0,8045,1.29563008188212,26,-88,0.001869,51,2025-10-18 10:31:13.001118,532,1.037,0.0011,"aoml_navis",1029.45327867085
"7901009",90,0,1,0.029904,1,0.007476,1,111.08228910548,1,4.85687018678164,534,1,10.0959997177124,35.1699981689453,0.0299040004611015,0.0129828732460737,107.116096496582,-87.9314,25.8637,85.6224616632404,63,63,63,63,61,63,0,8045,1.29563008188212,26,-88,0.001869,51,2025-10-18 10:31:13.001118,534,1.037,0.0011,"aoml_navis",1029.46955708388
"7901009",90,0,1,0.026166,1,0.003738,1,111.052429638388,1,4.85681293001892,536,1,10.0530004501343,35.1640014648438,0.0261659994721413,0.0100977895781398,107.087303161621,-87.9314,25.8637,85.6224616632404,63,63,63,63,61,63,0,8045,1.29563008188212,26,-88,0.001869,51,2025-10-18 10:31:13.001118,536,1.037,0.0011,"aoml_navis",1029.48169345705
"7901009",90,0,1,0.029904,1,0.007476,1,110.906930009391,1,4.85676647886386,538,1,10.0310001373291,35.1599998474121,0.0299040004611015,0.0129828732460737,106.946998596191,-87.9314,25.8637,85.6224616632404,63,63,63,63,61,63,0,8045,1.29563008188212,26,-88,0.001869,51,2025-10-18 10:31:13.001118,538,1.037,0.0011,"aoml_navis",1029.49153964051
"7901009",90,0,1,0.029904,1,0.007476,1,110.700461367829,1,4.85670482660843,540,1,9.98700046539307,35.1549987792969,0.0299040004611015,0.0129828732460737,106.747901916504,-87.9314,25.8637,85.6224616632404,63,63,63,63,61,63,0,8045,1.29563008188212,26,-88,0.001869,51,2025-10-18 10:31:13.001118,540,1.037,0.0011,"aoml_navis",1029.50460826989
"7901009",90,0,1,0.026166,1,0.003738,1,110.506952399585,1,4.85665818025246,542,1,9.9689998626709,35.1520004272461,0.0261659994721413,0.0100977895781398,106.561302185059,-87.9314,25.8637,85.6224616632404,63,63,63,63,61,63,0,8045,1.29563008188212,26,-88,0.001869,51,2025-10-18 10:31:13.001118,542,1.037,0.0011,"aoml_navis",1029.51449627037
"7901009",90,0,1,0.026166,1,0.003738,1,110.727211462753,1,4.85659749387384,544,1,9.92599964141846,35.1469993591309,0.0261659994721413,0.0100977895781398,106.773696899414,-87.9314,25.8637,85.6224616632404,63,63,63,63,61,63,0,8045,1.29563008188212,26,-88,0.001869,51,2025-10-18 10:31:13.001118,544,1.037,0.0011,"aoml_navis",1029.52736073085
"7901009",90,0,1,0.031773,1,0.009345,1,110.979838061659,1,4.85653022985903,546,1,9.85799980163574,35.1380004882812,0.0317730009555817,0.0144254146143794,107.017303466797,-87.9314,25.8637,85.6224616632404,63,63,63,63,61,63,0,8045,1.29563008188212,26,-88,0.001869,51,2025-10-18 10:31:13.001118,546,1.037,0.0011,"aoml_navis",1029.54161991186
"7901009",90,0,1,0.026166,1,0.003738,1,111.035624787274,1,4.85647936669244,548,1,9.82199954986572,35.1319999694824,0.0261659994721413,0.0100977895781398,107.071098327637,-87.9314,25.8637,85.6224616632404,63,63,63,63,61,63,0,8045,1.29563008188212,26,-88,0.001869,51,2025-10-18 10:31:13.001118,548,1.037,0.0011,"aoml_navis",1029.55240256798
"7901009",90,0,1,0.029904,1,0.007476,1,111.072858134422,1,4.85641298280091,550,1,9.75899982452393,35.1240005493164,0.0299040004611015,0.0129828732460737,107.107002258301,-87.9314,25.8637,85.6224616632404,63,63,63,63,61,63,0,8045,1.29563008188212,26,-88,0.001869,51,2025-10-18 10:31:13.001118,550,1.037,0.0011,"aoml_navis",1029.56647585525
"7901009",90,0,1,0.024297,1,0.001869,1,110.818055766186,1,4.85635098723328,552,1,9.71399974822998,35.1189994812012,0.0242970008403063,0.0086552482098341,106.861297607422,-87.9314,25.8637,85.6224616632404,63,63,63,63,61,63,0,8045,1.29563008188212,26,-88,0.001869,51,2025-10-18 10:31:13.001118,552,1.037,0.0011,"aoml_navis",1029.57961917175
"7901009",90,0,1,0.028035,1,0.005607,1,110.521984987682,1,4.85629636976193,554,1,9.68200016021729,35.1150016784668,0.0280349999666214,0.0115403309464455,106.575798034668,-87.9314,25.8637,85.6224616632404,63,63,63,63,61,63,0,8045,1.29563008188212,26,-88,0.001869,51,2025-10-18 10:31:13.001118,554,1.037,0.0011,"aoml_navis",1029.59119857941
"7901009",90,0,1,0.024297,1,0.001869,1,110.123977438105,1,4.85623704632805,556,1,9.64000034332275,35.1100006103516,0.0242970008403063,0.0086552482098341,106.192001342773,-87.9314,25.8637,85.6224616632404,63,63,63,63,61,63,0,8045,1.29563008188212,26,-88,0.001869,51,2025-10-18 10:31:13.001118,556,1.037,0.0011,"aoml_navis",1029.60377598961
"7901009",90,0,1,0.028035,1,0.005607,1,109.165555004292,1,4.85617031561674,558,1,9.57600021362305,35.1020011901855,0.0280349999666214,0.0115403309464455,105.267799377441,-87.9314,25.8637,85.6224616632404,63,63,63,63,61,63,0,8045,1.29563008188212,26,-88,0.001869,51,2025-10-18 10:31:13.001118,558,1.037,0.0011,"aoml_navis",1029.61792421504
"7901009",90,0,1,0.029904,1,0.007476,1,107.305129813357,1,4.8560953361347,560,1,9.53699970245361,35.1020011901855,0.0299040004611015,0.0129828732460737,103.47380065918,-87.9314,25.8637,85.6224616632404,63,63,63,63,61,63,0,8045,1.29563008188212,26,-88,0.001869,51,2025-10-18 10:31:13.001118,560,1.037,0.0011,"aoml_navis",1029.63382180627
"7901009",90,0,1,0.026166,1,0.003738,1,106.100829621504,1,4.85603612671111,562,1,9.62600040435791,35.1269989013672,0.0261659994721413,0.0100977895781398,102.3125,-87.9314,25.8637,85.6224616632404,63,63,63,63,61,63,0,8045,1.29563008188212,26,-88,0.001869,51,2025-10-18 10:31:13.001118,562,1.037,0.0011,"aoml_navis",1029.64637608378
"7901009",90,0,1,0.029904,1,0.007476,1,106.023158612376,1,4.8559944317635,564,1,9.63099956512451,35.1279983520508,0.0299040004611015,0.0129828732460737,102.237602233887,-87.9314,25.8637,85.6224616632404,63,63,63,63,61,63,0,8045,1.29563008188212,26,-88,0.001869,51,2025-10-18 10:31:13.001118,564,1.037,0.0011,"aoml_navis",1029.65521692005
"7901009",90,0,1,0.028035,1,0.005607,1,105.893941649854,1,4.85595135122676,566,1,9.63000011444092,35.1279983520508,0.0280349999666214,0.0115403309464455,102.112998962402,-87.9314,25.8637,85.6224616632404,63,63,63,63,61,63,0,8045,1.29563008188212,26,-88,0.001869,51,2025-10-18 10:31:13.001118,566,1.037,0.0011,"aoml_navis",1029.66435171078
"7901009",90,0,1,0.026166,1,0.003738,1,105.817615661766,1,4.85590405608982,568,1,9.62399959564209,35.1279983520508,0.0261659994721413,0.0100977895781398,102.039398193359,-87.9314,25.8637,85.6224616632404,63,63,63,63,61,63,0,8045,1.29563008188212,26,-88,0.001869,51,2025-10-18 10:31:13.001118,568,1.037,0.0011,"aoml_navis",1029.67438035137
"7901009",90,0,1,0.026166,1,0.003738,1,105.856091175405,1,4.855858745675,570,1,9.61600017547607,35.1269989013672,0.0261659994721413,0.0100977895781398,102.076499938965,-87.9314,25.8637,85.6224616632404,63,63,63,63,61,63,0,8045,1.29563008188212,26,-88,0.001869,51,2025-10-18 10:31:13.001118,570,1.037,0.0011,"aoml_navis",1029.68398832717
"7901009",90,0,1,0.028035,1,0.005607,1,105.893110901565,1,4.85581765101436,572,1,9.61299991607666,35.1259994506836,0.0280349999666214,0.0115403309464455,102.112197875977,-87.9314,25.8637,85.6224616632404,63,63,63,63,61,63,0,8045,1.29563008188212,26,-88,0.001869,51,2025-10-18 10:31:13.001118,572,1.037,0.0011,"aoml_navis",1029.69270251644
"7901009",90,0,1,0.026166,1,0.003738,1,105.869573033361,1,4.85577516927151,574,1,9.60400009155273,35.1240005493164,0.0261659994721413,0.0100977895781398,102.089500427246,-87.9314,25.8637,85.6224616632404,63,63,63,63,61,63,0,8045,1.29563008188212,26,-88,0.001869,51,2025-10-18 10:31:13.001118,574,1.037,0.0011,"aoml_navis",1029.70171099378
"7901009",90,0,1,0.028035,1,0.005607,1,105.833170434502,1,4.85572312828544,576,1,9.58800029754639,35.1230010986328,0.0280349999666214,0.0115403309464455,102.054397583008,-87.9314,25.8637,85.6224616632404,63,63,63,63,61,63,0,8045,1.29563008188212,26,-88,0.001869,51,2025-10-18 10:31:13.001118,576,1.037,0.0011,"aoml_navis",1029.71274677383
"7901009",90,0,1,0.029904,1,0.007476,1,105.780073750967,1,4.85568089768112,578,1,9.58800029754639,35.1230010986328,0.0299040004611015,0.0129828732460737,102.003196716309,-87.9314,25.8637,85.6224616632404,63,63,63,63,61,63,0,8045,1.29563008188212,26,-88,0.001869,51,2025-10-18 10:31:13.001118,578,1.037,0.0011,"aoml_navis",1029.72170234411
"7901009",90,0,1,0.033642,1,0.011214,1,105.717443241824,1,4.85563866957163,580,1,9.58800029754639,35.1230010986328,0.0336420014500618,0.0158679541200399,101.942802429199,-87.9314,25.8637,85.6224616632404,63,63,63,63,61,63,0,8045,1.29563008188212,26,-88,0.001869,51,2025-10-18 10:31:13.001118,580,1.037,0.0011,"aoml_navis",1029.7306575411
"7901009",90,0,1,0.028035,1,0.005607,1,105.69919051512,1,4.85559644395674,582,1,9.58800029754639,35.1230010986328,0.0280349999666214,0.0115403309464455,101.925201416016,-87.9314,25.8637,85.6224616632404,63,63,63,63,61,63,0,8045,1.29563008188212,26,-88,0.001869,51,2025-10-18 10:31:13.001118,582,1.037,0.0011,"aoml_navis",1029.73961236482
"7901009",90,0,1,0.031773,1,0.009345,1,105.730608624241,1,4.85555283209039,584,1,9.58199977874756,35.1220016479492,0.0317730009555817,0.0144254146143794,101.955497741699,-87.9314,25.8637,85.6224616632404,63,63,63,63,61,63,0,8045,1.29563008188212,26,-88,0.001869,51,2025-10-18 10:31:13.001118,584,1.037,0.0011,"aoml_navis",1029.74886133562
"7901009",90,0,1,0.028035,1,0.005607,1,105.780287371956,1,4.85550755277188,586,1,9.57400035858154,35.1209983825684,0.0280349999666214,0.0115403309464455,102.003402709961,-87.9314,25.8637,85.6224616632404,63,63,63,63,61,63,0,8045,1.29563008188212,26,-88,0.001869,51,2025-10-18 10:31:13.001118,586,1.037,0.0011,"aoml_navis",1029.75846410653
"7901009",90,0,1,0.029904,1,0.007476,1,105.860553480503,1,4.85545360668615,588,1,9.54699993133545,35.1180000305176,0.0299040004611015,0.0129828732460737,102.08080291748,-87.9314,25.8637,85.6224616632404,63,63,63,63,61,63,0,8045,1.29563008188212,26,-88,0.001869,51,2025-10-18 10:31:13.001118,588,1.037,0.0011,"aoml_navis",1029.76990514641
"7901009",90,0,1,0.024297,1,0.001869,1,106.019218491917,1,4.8553966527165,590,1,9.51200008392334,35.1139984130859,0.0242970008403063,0.0086552482098341,102.23380279541,-87.9314,25.8637,85.6224616632404,63,63,63,63,61,63,0,8045,1.29563008188212,26,-88,0.001869,51,2025-10-18 10:31:13.001118,590,1.037,0.0011,"aoml_navis",1029.7819843828
"7901009",90,0,1,0.033642,1,0.011214,1,106.222577761309,1,4.85535283668551,592,1,9.49699974060059,35.1110000610352,0.0336420014500618,0.0158679541200399,102.429901123047,-87.9314,25.8637,85.6224616632404,63,63,63,63,61,63,0,8045,1.29563008188212,26,-88,0.001869,51,2025-10-18 10:31:13.001118,592,1.037,0.0011,"aoml_navis",1029.79127741687
"7901009",90,0,1,0.031773,1,0.009345,1,106.584807751215,1,4.85530045690851,594,1,9.46300029754639,35.1059989929199,0.0317730009555817,0.0144254146143794,102.779197692871,-87.9314,25.8637,85.6224616632404,63,63,63,63,61,63,0,8045,1.29563008188212,26,-88,0.001869,51,2025-10-18 10:31:13.001118,594,1.037,0.0011,"aoml_navis",1029.80238697393
"7901009",90,0,1,0.029904,1,0.007476,1,107.110687242273,1,4.85524844753504,596,1,9.42500019073486,35.0999984741211,0.0299040004611015,0.0129828732460737,103.28630065918,-87.9314,25.8637,85.6224616632404,63,63,63,63,61,63,0,8045,1.29563008188212,26,-88,0.001869,51,2025-10-18 10:31:13.001118,596,1.037,0.0011,"aoml_navis",1029.81341820694
"7901009",90,0,1,0.024297,1,0.001869,1,107.670991360072,1,4.85519564983716,598,1,9.38599967956543,35.0940017700195,0.0242970008403063,0.0086552482098341,103.826599121094,-87.9314,25.8637,85.6224616632404,63,63,63,63,61,63,0,8045,1.29563008188212,26,-88,0.001869,51,2025-10-18 10:31:13.001118,598,1.037,0.0011,"aoml_navis",1029.82461688597
"7901009",90,0,1,0.028035,1,0.005607,1,108.234412761929,1,4.85514743047927,600,1,9.34799957275391,35.0870018005371,0.0280349999666214,0.0115403309464455,104.369903564453,-87.9314,25.8637,85.6224616632404,63,63,63,63,61,63,0,8045,1.29563008188212,26,-88,0.001869,51,2025-10-18 10:31:13.001118,600,1.037,0.0011,"aoml_navis",1029.83484468698
"7901009",90,0,1,0.024297,1,0.001869,1,108.645174275722,1,4.85508041548396,602,1,9.27400016784668,35.0769996643066,0.0242970008403063,0.0086552482098341,104.765998840332,-87.9314,25.8637,85.6224616632404,63,63,63,63,61,63,0,8045,1.29563008188212,26,-88,0.001869,51,2025-10-18 10:31:13.001118,602,1.037,0.0011,"aoml_navis",1029.84905956529
"7901009",90,0,1,0.029904,1,0.007476,1,108.709885611533,1,4.85501455261415,604,1,9.21000003814697,35.0690002441406,0.0299040004611015,0.0129828732460737,104.828399658203,-87.9314,25.8637,85.6224616632404,63,63,63,63,61,63,0,8045,1.29563008188212,26,-88,0.001869,51,2025-10-18 10:31:13.001118,604,1.037,0.0011,"aoml_navis",1029.86303044299
"7901009",90,0,1,0.031773,1,0.009345,1,108.603897953564,1,4.85496283488047,606,1,9.20300006866455,35.0699996948242,0.0317730009555817,0.0144254146143794,104.726196289062,-87.9314,25.8637,85.6224616632404,63,63,63,63,61,63,0,8045,1.29563008188212,26,-88,0.001869,51,2025-10-18 10:31:13.001118,606,1.037,0.0011,"aoml_navis",1029.87400111027
"7901009",90,0,1,0.028035,1,0.005607,1,108.642998506392,1,4.85491048433538,608,1,9.17300033569336,35.0660018920898,0.0280349999666214,0.0115403309464455,104.763900756836,-87.9314,25.8637,85.6224616632404,63,63,63,63,61,63,0,8045,1.29563008188212,26,-88,0.001869,51,2025-10-18 10:31:13.001118,608,1.037,0.0011,"aoml_navis",1029.88510625124
"7901009",90,0,1,0.031773,1,0.009345,1,108.378448691559,1,4.8548450146959,610,1,9.1269998550415,35.0620002746582,0.0317730009555817,0.0144254146143794,104.508796691895,-87.9314,25.8637,85.6224616632404,63,63,63,63,61,63,0,8045,1.29563008188212,26,-88,0.001869,51,2025-10-18 10:31:13.001118,610,1.037,0.0011,"aoml_navis",1029.89899468772
"7901009",90,0,1,0.028035,1,0.005607,1,108.315295997777,1,4.85478503350071,612,1,9.10099983215332,35.0610008239746,0.0280349999666214,0.0115403309464455,104.447898864746,-87.9314,25.8637,85.6224616632404,63,63,63,63,61,63,0,8045,1.29563008188212,26,-88,0.001869,51,2025-10-18 10:31:13.001118,612,1.037,0.0011,"aoml_navis",1029.91171915898
"7901009",90,0,1,0.029904,1,0.007476,1,108.294867501743,1,4.85474271737776,614,1,9.09200000762939,35.0589981079102,0.0299040004611015,0.0129828732460737,104.428199768066,-87.9314,25.8637,85.6224616632404,63,63,63,63,61,63,0,8045,1.29563008188212,26,-88,0.001869,51,2025-10-18 10:31:13.001118,614,1.037,0.0011,"aoml_navis",1029.92069633315
"7901009",90,0,1,0.029904,1,0.007476,1,108.405412407471,1,4.85468557862173,616,1,9.05599975585938,35.0550003051758,0.0299040004611015,0.0129828732460737,104.534797668457,-87.9314,25.8637,85.6224616632404,63,63,63,63,61,63,0,8045,1.29563008188212,26,-88,0.001869,51,2025-10-18 10:31:13.001118,616,1.037,0.0011,"aoml_navis",1029.93281831025
"7901009",90,0,1,0.029904,1,0.007476,1,108.512127959179,1,4.85462811069692,618,1,9.02400016784668,35.0519981384277,0.0299040004611015,0.0129828732460737,104.637702941895,-87.9314,25.8637,85.6224616632404,63,63,63,63,61,63,0,8045,1.29563008188212,26,-88,0.001869,51,2025-10-18 10:31:13.001118,618,1.037,0.0011,"aoml_navis",1029.94501040827
"7901009",90,0,1,0.029904,1,0.007476,1,108.524881923396,1,4.85457107165718,620,1,8.98799991607666,35.0480003356934,0.0299040004611015,0.0129828732460737,104.650001525879,-87.9314,25.8637,85.6224616632404,63,63,63,63,61,63,0,8045,1.29563008188212,26,-88,0.001869,51,2025-10-18 10:31:13.001118,620,1.037,0.0011,"aoml_navis",1029.95711180168
"7901009",90,0,1,0.028035,1,0.005607,1,108.569781890474,1,4.85452306012223,622,1,8.97200012207031,35.0460014343262,0.0280349999666214,0.0115403309464455,104.693298339844,-87.9314,25.8637,85.6224616632404,63,63,63,63,61,63,0,8045,1.29563008188212,26,-88,0.001869,51,2025-10-18 10:31:13.001118,622,1.037,0.0011,"aoml_navis",1029.96729814156
"7901009",90,0,1,0.026166,1,0.003738,1,108.594878400706,1,4.8544758869932,624,1,8.95699977874756,35.0439987182617,0.0261659994721413,0.0100977895781398,104.717498779297,-87.9314,25.8637,85.6224616632404,63,63,63,63,61,63,0,8045,1.29563008188212,26,-88,0.001869,51,2025-10-18 10:31:13.001118,624,1.037,0.0011,"aoml_navis",1029.97730679777
"7901009",90,0,1,0.029904,1,0.007476,1,108.65118731096,1,4.85442830394275,626,1,8.9370002746582,35.0410003662109,0.0299040004611015,0.0129828732460737,104.771797180176,-87.9314,25.8637,85.6224616632404,63,63,63,63,61,63,0,8045,1.29563008188212,26,-88,0.001869,51,2025-10-18 10:31:13.001118,626,1.037,0.0011,"aoml_navis",1029.9874026235
"7901009",90,0,1,0.028035,1,0.005607,1,108.821569829202,1,4.85436652257781,628,1,8.89500045776367,35.0369987487793,0.0280349999666214,0.0115403309464455,104.936096191406,-87.9314,25.8637,85.6224616632404,63,63,63,63,61,63,0,8045,1.29563008188212,26,-88,0.001869,51,2025-10-18 10:31:13.001118,628,1.037,0.0011,"aoml_navis",1030.00051123969
"7901009",90,0,1,0.028035,1,0.005607,1,109.004089184359,1,4.85430723399476,630,1,8.85599994659424,35.0330009460449,0.0280349999666214,0.0115403309464455,105.112098693848,-87.9314,25.8637,85.6224616632404,63,63,63,63,61,63,0,8045,1.29563008188212,26,-88,0.001869,51,2025-10-18 10:31:13.001118,630,1.037,0.0011,"aoml_navis",1030.01309125738
"7901009",90,0,1,0.031773,1,0.009345,1,109.211499340648,1,4.85425407068283,632,1,8.82900047302246,35.0299987792969,0.0317730009555817,0.0144254146143794,105.312103271484,-87.9314,25.8637,85.6224616632404,63,63,63,63,61,63,0,8045,1.29563008188212,26,-88,0.001869,51,2025-10-18 10:31:13.001118,632,1.037,0.0011,"aoml_navis",1030.02437185919
"7901009",90,0,1,0.029904,1,0.007476,1,109.522294143599,1,4.85418124099825,634,1,8.76399993896484,35.023998260498,0.0299040004611015,0.0129828732460737,105.611801147461,-87.9314,25.8637,85.6224616632404,63,63,63,63,61,63,0,8045,1.29563008188212,26,-88,0.001869,51,2025-10-18 10:31:13.001118,634,1.037,0.0011,"aoml_navis",1030.03982582483
"7901009",90,0,1,0.029904,1,0.007476,1,109.716531005583,1,4.8541370333495,636,1,8.7480001449585,35.0209999084473,0.0299040004611015,0.0129828732460737,105.799102783203,-87.9314,25.8637,85.6224616632404,63,63,63,63,61,63,0,8045,1.29563008188212,26,-88,0.001869,51,2025-10-18 10:31:13.001118,636,1.037,0.0011,"aoml_navis",1030.04920661456
"7901009",90,0,1,0.031773,1,0.009345,1,110.066315594923,1,4.85407442596497,638,1,8.69999980926514,35.015998840332,0.0317730009555817,0.0144254146143794,106.13639831543,-87.9314,25.8637,85.6224616632404,63,63,63,63,61,63,0,8045,1.29563008188212,26,-88,0.001869,51,2025-10-18 10:31:13.001118,638,1.037,0.0011,"aoml_navis",1030.06249209004
"7901009",90,0,1,0.033642,1,0.011214,1,110.399825429676,1,4.85401124188883,640,1,8.64200019836426,35.0089988708496,0.0336420014500618,0.0158679541200399,106.458000183105,-87.9314,25.8637,85.6224616632404,63,63,63,63,61,63,0,8045,1.29563008188212,26,-88,0.001869,51,2025-10-18 10:31:13.001118,640,1.037,0.0011,"aoml_navis",1030.07590028868
"7901009",90,0,1,0.029904,1,0.007476,1,110.668101743979,1,4.85394916638032,642,1,8.59899997711182,35.0050010681152,0.0299040004611015,0.0129828732460737,106.716697692871,-87.9314,25.8637,85.6224616632404,63,63,63,63,61,63,0,8045,1.29563008188212,26,-88,0.001869,51,2025-10-18 10:31:13.001118,642,1.037,0.0011,"aoml_navis",1030.08907357977
"7901009",90,0,1,0.026166,1,0.003738,1,110.817952911636,1,4.85389276940598,644,1,8.5629997253418,35.0009994506836,0.0261659994721413,0.0100977895781398,106.861198425293,-87.9314,25.8637,85.6224616632404,63,63,63,63,61,63,0,8045,1.29563008188212,26,-88,0.001869,51,2025-10-18 10:31:13.001118,644,1.037,0.0011,"aoml_navis",1030.10104209861
"7901009",90,0,1,0.031773,1,0.009345,1,110.963555395184,1,4.85383004035052,646,1,8.51900005340576,34.9970016479492,0.0317730009555817,0.0144254146143794,107.001602172852,-87.9314,25.8637,85.6224616632404,63,63,63,63,61,63,0,8045,1.29563008188212,26,-88,0.001869,51,2025-10-18 10:31:13.001118,646,1.037,0.0011,"aoml_navis",1030.11435473314
"7901009",90,0,1,0.031773,1,0.009345,1,111.020592199177,1,4.85378394813099,647.900024414062,1,8.50699996948242,34.9959983825684,0.0317730009555817,0.0144254146143794,107.056602478027,-87.9314,25.8637,85.6224616632404,63,63,63,63,61,63,0,8045,1.29563008188212,26,-88,0.001869,51,2025-10-18 10:31:13.001118,647.900024414062,1.037,0.0011,"aoml_navis",1030.12413684489
"7901009",90,0,1,0.031773,1,0.009345,1,111.140053803213,1,4.85372535959946,650,1,8.47999954223633,34.9939994812012,0.0317730009555817,0.0144254146143794,107.171798706055,-87.9314,25.8637,85.6224616632404,63,63,63,63,61,63,0,8045,1.29563008188212,26,-88,0.001869,51,2025-10-18 10:31:13.001118,650,1.037,0.0011,"aoml_navis",1030.13657130625
"7901009",90,0,1,0.026166,1,0.003738,1,111.214615440172,1,4.85366862233476,652,1,8.44799995422363,34.9910011291504,0.0261659994721413,0.0100977895781398,107.243698120117,-87.9314,25.8637,85.6224616632404,63,63,63,63,61,63,0,8045,1.29563008188212,26,-88,0.001869,51,2025-10-18 10:31:13.001118,652,1.037,0.0011,"aoml_navis",1030.14861315251
"7901009",90,0,1,0.026166,1,0.003738,1,111.236705432785,1,4.85362042917806,654,1,8.43599987030029,34.9900016784668,0.0261659994721413,0.0100977895781398,107.264999389648,-87.9314,25.8637,85.6224616632404,63,63,63,63,61,63,0,8045,1.29563008188212,26,-88,0.001869,51,2025-10-18 10:31:13.001118,654,1.037,0.0011,"aoml_navis",1030.15884182907
"7901009",90,0,1,0.029904,1,0.007476,1,111.290427155509,1,4.8535798918394,656,1,8.42899990081787,34.9879989624023,0.0299040004611015,0.0129828732460737,107.316802978516,-87.9314,25.8637,85.6224616632404,63,63,63,63,61,63,0,8045,1.29563008188212,26,-88,0.001869,51,2025-10-18 10:31:13.001118,656,1.037,0.0011,"aoml_navis",1030.16744576653
"7901009",90,0,1,0.031773,1,0.009345,1,111.437888932847,1,4.8535110700153,658,1,8.3769998550415,34.984001159668,0.0317730009555817,0.0144254146143794,107.458999633789,-87.9314,25.8637,85.6224616632404,63,63,63,63,61,63,0,8045,1.29563008188212,26,-88,0.001869,51,2025-10-18 10:31:13.001118,658,1.037,0.0011,"aoml_navis",1030.18205333654
"7901009",90,0,1,0.026166,1,0.003738,1,111.60205270675,1,4.85344947339684,660,1,8.33399963378906,34.9799995422363,0.0261659994721413,0.0100977895781398,107.617301940918,-87.9314,25.8637,85.6224616632404,63,63,63,63,61,63,0,8045,1.29563008188212,26,-88,0.001869,51,2025-10-18 10:31:13.001118,660,1.037,0.0011,"aoml_navis",1030.1951276935
"7901009",90,0,1,0.029904,1,0.007476,1,111.717059917576,1,4.85339292304419,662,1,8.30200004577637,34.9770011901855,0.0299040004611015,0.0129828732460737,107.728202819824,-87.9314,25.8637,85.6224616632404,63,63,63,63,61,63,0,8045,1.29563008188212,26,-88,0.001869,51,2025-10-18 10:31:13.001118,662,1.037,0.0011,"aoml_navis",1030.20713123384
"7901009",90,0,1,0.026166,1,0.003738,1,111.869601127314,1,4.85333538811751,664,1,8.26399993896484,34.9729995727539,0.0261659994721413,0.0100977895781398,107.875297546387,-87.9314,25.8637,85.6224616632404,63,63,63,63,61,63,0,8045,1.29563008188212,26,-88,0.001869,51,2025-10-18 10:31:13.001118,664,1.037,0.0011,"aoml_navis",1030.21934404978
"7901009",90,0,1,0.028035,1,0.005607,1,112.148463548392,1,4.85326827046273,666,1,8.20899963378906,34.9679985046387,0.0280349999666214,0.0115403309464455,108.144203186035,-87.9314,25.8637,85.6224616632404,63,63,63,63,61,63,0,8045,1.29563008188212,26,-88,0.001869,51,2025-10-18 10:31:13.001118,666,1.037,0.0011,"aoml_navis",1030.23359133685
"7901009",90,0,1,0.026166,1,0.003738,1,112.500946091701,1,4.85320641513999,668,1,8.17000007629395,34.9650001525879,0.0261659994721413,0.0100977895781398,108.484100341797,-87.9314,25.8637,85.6224616632404,63,63,63,63,61,63,0,8045,1.29563008188212,26,-88,0.001869,51,2025-10-18 10:31:13.001118,668,1.037,0.0011,"aoml_navis",1030.24672192019
"7901009",90,0,1,0.031773,1,0.009345,1,112.912126935583,1,4.85314497314886,670,1,8.12199974060059,34.9599990844727,0.0317730009555817,0.0144254146143794,108.880599975586,-87.9314,25.8637,85.6224616632404,63,63,63,63,61,63,0,8045,1.29563008188212,26,-88,0.001869,51,2025-10-18 10:31:13.001118,670,1.037,0.0011,"aoml_navis",1030.25976509329
"7901009",90,0,1,0.031773,1,0.009345,1,113.254656323194,1,4.85307217526794,672,1,8.06400012969971,34.9560012817383,0.0317730009555817,0.0144254146143794,109.210899353027,-87.9314,25.8637,85.6224616632404,63,63,63,63,61,63,0,8045,1.29563008188212,26,-88,0.001869,51,2025-10-18 10:31:13.001118,672,1.037,0.0011,"aoml_navis",1030.27521937152
"7901009",90,0,1,0.031773,1,0.009345,1,113.412696295419,1,4.85302607556846,674,1,8.04500007629395,34.9529991149902,0.0317730009555817,0.0144254146143794,109.363296508789,-87.9314,25.8637,85.6224616632404,63,63,63,63,61,63,0,8045,1.29563008188212,26,-88,0.001869,51,2025-10-18 10:31:13.001118,674,1.037,0.0011,"aoml_navis",1030.28500612668
"7901009",90,0,1,0.033642,1,0.011214,1,113.611498317051,1,4.8529733990844,676,1,8.02700042724609,34.9519996643066,0.0336420014500618,0.0158679541200399,109.555000305176,-87.9314,25.8637,85.6224616632404,63,63,63,63,61,63,0,8045,1.29563008188212,26,-88,0.001869,51,2025-10-18 10:31:13.001118,676,1.037,0.0011,"aoml_navis",1030.29618933072
"7901009",90,0,1,0.031773,1,0.009345,1,113.774514867125,1,4.85291357487296,678,1,7.99499988555908,34.9500007629395,0.0317730009555817,0.0144254146143794,109.712196350098,-87.9314,25.8637,85.6224616632404,63,63,63,63,61,63,0,8045,1.29563008188212,26,-88,0.001869,51,2025-10-18 10:31:13.001118,678,1.037,0.0011,"aoml_navis",1030.30889028987
"7901009",90,0,1,0.026166,1,0.003738,1,113.890147117141,1,4.85286711612462,680,1,7.9850001335144,34.9490013122559,0.0261659994721413,0.0100977895781398,109.823699951172,-87.9314,25.8637,85.6224616632404,63,63,63,63,61,63,0,8045,1.29563008188212,26,-88,0.001869,51,2025-10-18 10:31:13.001118,680,1.037,0.0011,"aoml_navis",1030.31875391488
"7901009",90,0,1,0.031773,1,0.009345,1,113.96284154842,1,4.85281971383568,682,1,7.9689998626709,34.9469985961914,0.0317730009555817,0.0144254146143794,109.893798828125,-87.9314,25.8637,85.6224616632404,63,63,63,63,61,63,0,8045,1.29563008188212,26,-88,0.001869,51,2025-10-18 10:31:13.001118,682,1.037,0.0011,"aoml_navis",1030.328818057
"7901009",90,0,1,0.026166,1,0.003738,1,114.027038611481,1,4.85276903661158,684,1,7.94399976730347,34.9440002441406,0.0261659994721413,0.0100977895781398,109.955703735352,-87.9314,25.8637,85.6224616632404,63,63,63,63,61,63,0,8045,1.29563008188212,26,-88,0.001869,51,2025-10-18 10:31:13.001118,684,1.037,0.0011,"aoml_navis",1030.33957772926
"7901009",90,0,1,0.026166,1,0.003738,1,114.008469409238,1,4.85270315514994,686,1,7.90399980545044,34.9420013427734,0.0261659994721413,0.0100977895781398,109.937797546387,-87.9314,25.8637,85.6224616632404,63,63,63,63,61,63,0,8045,1.29563008188212,26,-88,0.001869,51,2025-10-18 10:31:13.001118,686,1.037,0.0011,"aoml_navis",1030.35356586643
"7901009",90,0,1,0.031773,1,0.009345,1,114.017496873984,1,4.85264535791401,688,1,7.88399982452393,34.9420013427734,0.0317730009555817,0.0144254146143794,109.946502685547,-87.9314,25.8637,85.6224616632404,63,63,63,63,61,63,0,8045,1.29563008188212,26,-88,0.001869,51,2025-10-18 10:31:13.001118,688,1.037,0.0011,"aoml_navis",1030.36583785083
"7901009",90,0,1,0.029904,1,0.007476,1,114.218261043957,1,4.85258741143525,690,1,7.85900020599365,34.9410018920898,0.0299040004611015,0.0129828732460737,110.140098571777,-87.9314,25.8637,85.6224616632404,63,63,63,63,61,63,0,8045,1.29563008188212,26,-88,0.001869,51,2025-10-18 10:31:13.001118,690,1.037,0.0011,"aoml_navis",1030.37814181716
"7901009",90,0,1,0.029904,1,0.007476,1,114.407418473542,1,4.85253087829329,692,1,7.83099985122681,34.9389991760254,0.0299040004611015,0.0129828732460737,110.32250213623,-87.9314,25.8637,85.6224616632404,63,63,63,63,61,63,0,8045,1.29563008188212,26,-88,0.001869,51,2025-10-18 10:31:13.001118,692,1.037,0.0011,"aoml_navis",1030.39014596824
"7901009",90,0,1,0.028035,1,0.005607,1,114.535693921336,1,4.85248140893496,694,1,7.81699991226196,34.9379997253418,0.0280349999666214,0.0115403309464455,110.446197509766,-87.9314,25.8637,85.6224616632404,63,63,63,63,61,63,0,8045,1.29563008188212,26,-88,0.001869,51,2025-10-18 10:31:13.001118,694,1.037,0.0011,"aoml_navis",1030.40065043699
"7901009",90,0,1,0.026166,1,0.003738,1,114.675900496945,1,4.85242888364341,696,1,7.79899978637695,34.9370002746582,0.0261659994721413,0.0100977895781398,110.581398010254,-87.9314,25.8637,85.6224616632404,63,63,63,63,61,63,0,8045,1.29563008188212,26,-88,0.001869,51,2025-10-18 10:31:13.001118,696,1.037,0.0011,"aoml_navis",1030.41180404601
"7901009",90,0,1,0.031773,1,0.009345,1,114.836021295838,1,4.8523824910914,698,1,7.78900003433228,34.9360008239746,0.0317730009555817,0.0144254146143794,110.735801696777,-87.9314,25.8637,85.6224616632404,63,63,63,63,61,63,0,8045,1.29563008188212,26,-88,0.001869,51,2025-10-18 10:31:13.001118,698,1.037,0.0011,"aoml_navis",1030.42165558457
"7901009",90,0,1,0.031773,1,0.009345,1,115.054935337966,1,4.85234055773655,700,1,7.78000020980835,34.9339981079102,0.0317730009555817,0.0144254146143794,110.946899414062,-87.9314,25.8637,85.6224616632404,63,63,63,63,61,63,0,8045,1.29563008188212,26,-88,0.001869,51,2025-10-18 10:31:13.001118,700,1.037,0.0011,"aoml_navis",1030.430560367
"7901009",90,0,1,0.024297,1,0.001869,1,115.450355700012,1,4.85227569308232,702,1,7.74100017547607,34.931999206543,0.0242970008403063,0.0086552482098341,111.328201293945,-87.9314,25.8637,85.6224616632404,63,63,63,63,61,63,0,8045,1.29563008188212,26,-88,0.001869,51,2025-10-18 10:31:13.001118,702,1.037,0.0011,"aoml_navis",1030.44433504227
"7901009",90,0,1,0.029904,1,0.007476,1,115.76644355635,1,4.85221685317606,704,1,7.70499992370605,34.9290008544922,0.0299040004611015,0.0129828732460737,111.633003234863,-87.9314,25.8637,85.6224616632404,63,63,63,63,61,63,0,8045,1.29563008188212,26,-88,0.001869,51,2025-10-18 10:31:13.001118,704,1.037,0.0011,"aoml_navis",1030.45683061902
"7901009",90,0,1,0.029904,1,0.007476,1,116.00931479677,1,4.8521635288084,706,1,7.68100023269653,34.9269981384277,0.0299040004611015,0.0129828732460737,111.867202758789,-87.9314,25.8637,85.6224616632404,63,63,63,63,61,63,0,8045,1.29563008188212,26,-88,0.001869,51,2025-10-18 10:31:13.001118,706,1.037,0.0011,"aoml_navis",1030.46815514643
"7901009",90,0,1,0.028035,1,0.005607,1,116.260683405409,1,4.85211261398674,708,1,7.66499996185303,34.9259986877441,0.0280349999666214,0.0115403309464455,112.109596252441,-87.9314,25.8637,85.6224616632404,63,63,63,63,61,63,0,8045,1.29563008188212,26,-88,0.001869,51,2025-10-18 10:31:13.001118,708,1.037,0.0011,"aoml_navis",1030.47896818944
"7901009",90,0,1,0.031773,1,0.009345,1,116.471725118507,1,4.85205475809851,710,1,7.63500022888184,34.923999786377,0.0317730009555817,0.0144254146143794,112.313102722168,-87.9314,25.8637,85.6224616632404,63,63,63,63,61,63,0,8045,1.29563008188212,26,-88,0.001869,51,2025-10-18 10:31:13.001118,710,1.037,0.0011,"aoml_navis",1030.49125561795
"7901009",90,0,1,0.028035,1,0.005607,1,116.664086862923,1,4.85199996828222,712,1,7.60900020599365,34.9220008850098,0.0280349999666214,0.0115403309464455,112.498596191406,-87.9314,25.8637,85.6224616632404,63,63,63,63,61,63,0,8045,1.29563008188212,26,-88,0.001869,51,2025-10-18 10:31:13.001118,712,1.037,0.0011,"aoml_navis",1030.50289214453
"7901009",90,0,1,0.028035,1,0.005607,1,116.88134732036,1,4.85194985257932,714,1,7.5939998626709,34.9210014343262,0.0280349999666214,0.0115403309464455,112.708099365234,-87.9314,25.8637,85.6224616632404,63,63,63,63,61,63,0,8045,1.29563008188212,26,-88,0.001869,51,2025-10-18 10:31:13.001118,714,1.037,0.0011,"aoml_navis",1030.5135361904
"7901009",90,0,1,0.028035,1,0.005607,1,117.077134912484,1,4.85189965442736,716,1,7.57399988174438,34.9189987182617,0.0280349999666214,0.0115403309464455,112.896896362305,-87.9314,25.8637,85.6224616632404,63,63,63,63,61,63,0,8045,1.29563008188212,26,-88,0.001869,51,2025-10-18 10:31:13.001118,716,1.037,0.0011,"aoml_navis",1030.52419796801
"7901009",90,0,1,0.031773,1,0.009345,1,117.322292688673,1,4.85183671660945,718,1,7.54199981689453,34.9179992675781,0.0317730009555817,0.0144254146143794,113.13330078125,-87.9314,25.8637,85.6224616632404,63,63,63,63,61,63,0,8045,1.29563008188212,26,-88,0.001869,51,2025-10-18 10:31:13.001118,718,1.037,0.0011,"aoml_navis",1030.53756588373
"7901009",90,0,1,0.028035,1,0.005607,1,117.525754812614,1,4.851791164803,720,1,7.53299999237061,34.9169998168945,0.0280349999666214,0.0115403309464455,113.329498291016,-87.9314,25.8637,85.6224616632404,63,63,63,63,61,63,0,8045,1.29563008188212,26,-88,0.001869,51,2025-10-18 10:31:13.001118,720,1.037,0.0011,"aoml_navis",1030.54724124817
"7901009",90,0,1,0.033642,1,0.011214,1,117.736171486523,1,4.85173882804572,722,1,7.5149998664856,34.9160003662109,0.0336420014500618,0.0158679541200399,113.532402038574,-87.9314,25.8637,85.6224616632404,63,63,63,63,61,63,0,8045,1.29563008188212,26,-88,0.001869,51,2025-10-18 10:31:13.001118,722,1.037,0.0011,"aoml_navis",1030.55835798441
"7901009",90,0,1,0.029904,1,0.007476,1,117.886845490581,1,4.8516894276451,724,1,7.49599981307983,34.9140014648438,0.0299040004611015,0.0129828732460737,113.677696228027,-87.9314,25.8637,85.6224616632404,63,63,63,63,61,63,0,8045,1.29563008188212,26,-88,0.001869,51,2025-10-18 10:31:13.001118,724,1.037,0.0011,"aoml_navis",1030.56885123558
"7901009",90,0,1,0.033642,1,0.011214,1,118.008285066735,1,4.85164315123968,726,1,7.48600006103516,34.9129981994629,0.0336420014500618,0.0158679541200399,113.794799804688,-87.9314,25.8637,85.6224616632404,63,63,63,63,61,63,0,8045,1.29563008188212,26,-88,0.001869,51,2025-10-18 10:31:13.001118,726,1.037,0.0011,"aoml_navis",1030.57868110568
"7901009",90,0,1,0.028035,1,0.005607,1,118.090109817311,1,4.85159469194296,728,1,7.47800016403198,34.9129981994629,0.0280349999666214,0.0115403309464455,113.87370300293,-87.9314,25.8637,85.6224616632404,63,63,63,63,61,63,0,8045,1.29563008188212,26,-88,0.001869,51,2025-10-18 10:31:13.001118,728,1.037,0.0011,"aoml_navis",1030.58897485882
"7901009",90,0,1,0.024297,1,0.001869,1,118.197228875331,1,4.85155141796496,730,1,7.47200012207031,34.9119987487793,0.0242970008403063,0.0086552482098341,113.976997375488,-87.9314,25.8637,85.6224616632404,63,63,63,63,61,63,0,8045,1.29563008188212,26,-88,0.001869,51,2025-10-18 10:31:13.001118,730,1.037,0.0011,"aoml_navis",1030.59816731723
"7901009",90,0,1,0.028035,1,0.005607,1,118.376013819129,1,4.85150438410782,732,1,7.46099996566772,34.9109992980957,0.0280349999666214,0.0115403309464455,114.149398803711,-87.9314,25.8637,85.6224616632404,63,63,63,63,61,63,0,8045,1.29563008188212,26,-88,0.001869,51,2025-10-18 10:31:13.001118,732,1.037,0.0011,"aoml_navis",1030.60815865252
"7901009",90,0,1,0.031773,1,0.009345,1,118.58072602145,1,4.85145660280034,734,1,7.44899988174438,34.9099998474121,0.0317730009555817,0.0144254146143794,114.346801757812,-87.9314,25.8637,85.6224616632404,63,63,63,63,61,63,0,8045,1.29563008188212,26,-88,0.001869,51,2025-10-18 10:31:13.001118,734,1.037,0.0011,"aoml_navis",1030.618308966
"7901009",90,0,1,0.031773,1,0.009345,1,118.836556935187,1,4.85140574373139,736,1,7.42799997329712,34.9080009460449,0.0317730009555817,0.0144254146143794,114.59349822998,-87.9314,25.8637,85.6224616632404,63,63,63,63,61,63,0,8045,1.29563008188212,26,-88,0.001869,51,2025-10-18 10:31:13.001118,736,1.037,0.0011,"aoml_navis",1030.62911331641
"7901009",90,0,1,0.028035,1,0.005607,1,119.103076810249,1,4.85134597393289,738,1,7.40000009536743,34.9070014953613,0.0280349999666214,0.0115403309464455,114.85050201416,-87.9314,25.8637,85.6224616632404,63,63,63,63,61,63,0,8045,1.29563008188212,26,-88,0.001869,51,2025-10-18 10:31:13.001118,738,1.037,0.0011,"aoml_navis",1030.64181092543
"7901009",90,0,1,0.028035,1,0.005607,1,119.295129991015,1,4.85129448593822,740,1,7.38299989700317,34.9059982299805,0.0280349999666214,0.0115403309464455,115.035697937012,-87.9314,25.8637,85.6224616632404,63,63,63,63,61,63,0,8045,1.29563008188212,26,-88,0.001869,51,2025-10-18 10:31:13.001118,740,1.037,0.0011,"aoml_navis",1030.65274938324
"7901009",90,0,1,0.029904,1,0.007476,1,119.605821939416,1,4.85124673732879,742,1,7.37099981307983,34.9049987792969,0.0299040004611015,0.0129828732460737,115.335296630859,-87.9314,25.8637,85.6224616632404,63,63,63,63,61,63,0,8045,1.29563008188212,26,-88,0.001869,51,2025-10-18 10:31:13.001118,742,1.037,0.0011,"aoml_navis",1030.66289362827
"7901009",90,0,1,0.028035,1,0.005607,1,119.935810983799,1,4.85119525322125,744,1,7.35400009155273,34.9039993286133,0.0280349999666214,0.0115403309464455,115.653503417969,-87.9314,25.8637,85.6224616632404,63,63,63,63,61,63,0,8045,1.29563008188212,26,-88,0.001869,51,2025-10-18 10:31:13.001118,744,1.037,0.0011,"aoml_navis",1030.67383170775
"7901009",90,0,1,0.028035,1,0.005607,1,120.273253027123,1,4.85113780162082,746,1,7.3289999961853,34.9029998779297,0.0280349999666214,0.0115403309464455,115.978897094727,-87.9314,25.8637,85.6224616632404,63,63,63,63,61,63,0,8045,1.29563008188212,26,-88,0.001869,51,2025-10-18 10:31:13.001118,746,1.037,0.0011,"aoml_navis",1030.68603788774
"7901009",90,0,1,0.029904,1,0.007476,1,120.537905696507,1,4.85108634321779,748,1,7.31199979782104,34.9020004272461,0.0299040004611015,0.0129828732460737,116.234100341797,-87.9314,25.8637,85.6224616632404,63,63,63,63,61,63,0,8045,1.29563008188212,26,-88,0.001869,51,2025-10-18 10:31:13.001118,748,1.037,0.0011,"aoml_navis",1030.69697099711
"7901009",90,0,1,0.031773,1,0.009345,1,120.798823954531,1,4.85103260976595,750,1,7.28700017929077,34.9000015258789,0.0317730009555817,0.0144254146143794,116.485702514648,-87.9314,25.8637,85.6224616632404,63,63,63,63,61,63,0,8045,1.29563008188212,26,-88,0.001869,51,2025-10-18 10:31:13.001118,750,1.037,0.0011,"aoml_navis",1030.70838772227
"7901009",90,0,1,0.026166,1,0.003738,1,120.999904600043,1,4.85098640520733,752,1,7.27699995040894,34.898998260498,0.0261659994721413,0.0100977895781398,116.67960357666,-87.9314,25.8637,85.6224616632404,63,63,63,63,61,63,0,8045,1.29563008188212,26,-88,0.001869,51,2025-10-18 10:31:13.001118,752,1.037,0.0011,"aoml_navis",1030.71820498872
"7901009",90,0,1,0.03738,1,0.014952,1,121.267658729707,1,4.85093497909612,754,1,7.26000022888184,34.8979988098145,0.0373799987137318,0.0187530387192965,116.937797546387,-87.9314,25.8637,85.6224616632404,63,63,63,63,61,63,0,8045,1.29563008188212,26,-88,0.001869,51,2025-10-18 10:31:13.001118,754,1.037,0.0011,"aoml_navis",1030.72913191915
"7901009",90,0,1,0.031773,1,0.009345,1,121.552534186024,1,4.85087315633578,756,1,7.22900009155273,34.8969993591309,0.0317730009555817,0.0144254146143794,117.212501525879,-87.9314,25.8637,85.6224616632404,63,63,63,63,61,63,0,8045,1.29563008188212,26,-88,0.001869,51,2025-10-18 10:31:13.001118,756,1.037,0.0011,"aoml_navis",1030.74226821813
"7901009",90,0,1,0.029904,1,0.007476,1,121.828896450346,1,4.85081505038587,758,1,7.19799995422363,34.8950004577637,0.0299040004611015,0.0129828732460737,117.478996276855,-87.9314,25.8637,85.6224616632404,63,63,63,63,61,63,0,8045,1.29563008188212,26,-88,0.001869,51,2025-10-18 10:31:13.001118,758,1.037,0.0011,"aoml_navis",1030.75461506253
"7901009",90,0,1,0.028035,1,0.005607,1,122.054353624239,1,4.85076814910172,760,1,7.19199991226196,34.8950004577637,0.0280349999666214,0.0115403309464455,117.696403503418,-87.9314,25.8637,85.6224616632404,63,63,63,63,61,63,0,8045,1.29563008188212,26,-88,0.001869,51,2025-10-18 10:31:13.001118,760,1.037,0.0011,"aoml_navis",1030.76458126038
"7901009",90,0,1,0.033642,1,0.011214,1,122.449354656196,1,4.85072119509876,762,1,7.17600011825562,34.8930015563965,0.0336420014500618,0.0158679541200399,118.077301025391,-87.9314,25.8637,85.6224616632404,63,63,63,63,61,63,0,8045,1.29563008188212,26,-88,0.001869,51,2025-10-18 10:31:13.001118,762,1.037,0.0011,"aoml_navis",1030.77455885366
"7901009",90,0,1,0.028035,1,0.005607,1,122.740860275053,1,4.85065726786896,764,1,7.14200019836426,34.8919982910156,0.0280349999666214,0.0115403309464455,118.3583984375,-87.9314,25.8637,85.6224616632404,63,63,63,63,61,63,0,8045,1.29563008188212,26,-88,0.001869,51,2025-10-18 10:31:13.001118,764,1.037,0.0011,"aoml_navis",1030.78814352032
"7901009",90,0,1,0.031773,1,0.009345,1,122.873083755194,1,4.85061183730679,766,1,7.13299989700317,34.890998840332,0.0317730009555817,0.0144254146143794,118.485900878906,-87.9314,25.8637,85.6224616632404,63,63,63,63,61,63,0,8045,1.29563008188212,26,-88,0.001869,51,2025-10-18 10:31:13.001118,766,1.037,0.0011,"aoml_navis",1030.79779782506
"7901009",90,0,1,0.029904,1,0.007476,1,123.080802475134,1,4.85056420939817,768,1,7.12599992752075,34.890998840332,0.0299040004611015,0.0129828732460737,118.68620300293,-87.9314,25.8637,85.6224616632404,63,63,63,63,61,63,0,8045,1.29563008188212,26,-88,0.001869,51,2025-10-18 10:31:13.001118,768,1.037,0.0011,"aoml_navis",1030.8079192751
"7901009",90,0,1,0.028035,1,0.005607,1,123.374800338859,1,4.85051878482354,770,1,7.11700010299683,34.8899993896484,0.0280349999666214,0.0115403309464455,118.969703674316,-87.9314,25.8637,85.6224616632404,63,63,63,63,61,63,0,8045,1.29563008188212,26,-88,0.001869,51,2025-10-18 10:31:13.001118,770,1.037,0.0011,"aoml_navis",1030.81757267783
"7901009",90,0,1,0.029904,1,0.007476,1,123.795515008349,1,4.85046745664087,772,1,7.09999990463257,34.8889999389648,0.0299040004611015,0.0129828732460737,119.375396728516,-87.9314,25.8637,85.6224616632404,63,63,63,63,61,63,0,8045,1.29563008188212,26,-88,0.001869,51,2025-10-18 10:31:13.001118,772,1.037,0.0011,"aoml_navis",1030.8284809033
"7901009",90,0,1,0.029904,1,0.007476,1,124.194772636304,1,4.85040950393767,774,1,7.07399988174438,34.8880004882812,0.0299040004611015,0.0129828732460737,119.760398864746,-87.9314,25.8637,85.6224616632404,63,63,63,63,61,63,0,8045,1.29563008188212,26,-88,0.001869,51,2025-10-18 10:31:13.001118,774,1.037,0.0011,"aoml_navis",1030.84079724421
"7901009",90,0,1,0.026166,1,0.003738,1,124.704678024537,1,4.85035599378552,776,1,7.05399990081787,34.8870010375977,0.0261659994721413,0.0100977895781398,120.252098083496,-87.9314,25.8637,85.6224616632404,63,63,63,63,61,63,0,8045,1.29563008188212,26,-88,0.001869,51,2025-10-18 10:31:13.001118,776,1.037,0.0011,"aoml_navis",1030.85216969769
"7901009",90,0,1,0.031773,1,0.009345,1,125.278361145742,1,4.85029811039547,778,1,7.01800012588501,34.8839988708496,0.0317730009555817,0.0144254146143794,120.805297851562,-87.9314,25.8637,85.6224616632404,63,63,63,63,61,63,0,8045,1.29563008188212,26,-88,0.001869,51,2025-10-18 10:31:13.001118,778,1.037,0.0011,"aoml_navis",1030.86447187312
"7901009",90,0,1,0.028035,1,0.005607,1,125.635725324238,1,4.8502409743024,780,1,6.99300003051758,34.882999420166,0.0280349999666214,0.0115403309464455,121.14990234375,-87.9314,25.8637,85.6224616632404,63,63,63,63,61,63,0,8045,1.29563008188212,26,-88,0.001869,51,2025-10-18 10:31:13.001118,780,1.037,0.0011,"aoml_navis",1030.87661551066
"7901009",90,0,1,0.029904,1,0.007476,1,125.950254538548,1,4.85018899097402,782,1,6.97499990463257,34.8819999694824,0.0299040004611015,0.0129828732460737,121.453201293945,-87.9314,25.8637,85.6224616632404,63,63,63,63,61,63,0,8045,1.29563008188212,26,-88,0.001869,51,2025-10-18 10:31:13.001118,782,1.037,0.0011,"aoml_navis",1030.88766423427
"7901009",90,0,1,0.029904,1,0.007476,1,126.198410920467,1,4.85014143109714,784,1,6.95800018310547,34.8800010681152,0.0299040004611015,0.0129828732460737,121.692497253418,-87.9314,25.8637,85.6224616632404,63,63,63,63,61,63,0,8045,1.29563008188212,26,-88,0.001869,51,2025-10-18 10:31:13.001118,784,1.037,0.0011,"aoml_navis",1030.89777298906
"7901009",90,0,1,0.031773,1,0.009345,1,126.411936966545,1,4.85009384085528,786,1,6.95100021362305,34.8800010681152,0.0317730009555817,0.0144254146143794,121.898399353027,-87.9314,25.8637,85.6224616632404,63,63,63,63,61,63,0,8045,1.29563008188212,26,-88,0.001869,51,2025-10-18 10:31:13.001118,786,1.037,0.0011,"aoml_navis",1030.9078883963
"7901009",90,0,1,0.026166,1,0.003738,1,126.688512851855,1,4.85004480985153,788,1,6.93699979782104,34.8790016174316,0.0261659994721413,0.0100977895781398,122.165100097656,-87.9314,25.8637,85.6224616632404,63,63,63,63,61,63,0,8045,1.29563008188212,26,-88,0.001869,51,2025-10-18 10:31:13.001118,788,1.037,0.0011,"aoml_navis",1030.91831024816
"7901009",90,0,1,0.029904,1,0.007476,1,127.008746537753,1,4.84999214597156,790,1,6.91800022125244,34.8779983520508,0.0299040004611015,0.0129828732460737,122.473899841309,-87.9314,25.8637,85.6224616632404,63,63,63,63,61,63,0,8045,1.29563008188212,26,-88,0.001869,51,2025-10-18 10:31:13.001118,790,1.037,0.0011,"aoml_navis",1030.9295045257
"7901009",90,0,1,0.031773,1,0.009345,1,127.355635375913,1,4.84994094094215,792,1,6.90100002288818,34.8769989013672,0.0317730009555817,0.0144254146143794,122.808403015137,-87.9314,25.8637,85.6224616632404,63,63,63,63,61,63,0,8045,1.29563008188212,26,-88,0.001869,51,2025-10-18 10:31:13.001118,792,1.037,0.0011,"aoml_navis",1030.94038894187
"7901009",90,0,1,0.029904,1,0.007476,1,127.799476495406,1,4.84987585936507,794,1,6.86999988555908,34.8769989013672,0.0299040004611015,0.0129828732460737,123.236396789551,-87.9314,25.8637,85.6224616632404,63,63,63,63,61,63,0,8045,1.29563008188212,26,-88,0.001869,51,2025-10-18 10:31:13.001118,794,1.037,0.0011,"aoml_navis",1030.95422336327
"7901009",90,0,1,0.029904,1,0.007476,1,128.1341256421,1,4.8498144957935,796,1,6.83900022506714,34.8759994506836,0.0299040004611015,0.0129828732460737,123.559097290039,-87.9314,25.8637,85.6224616632404,63,63,63,63,61,63,0,8045,1.29563008188212,26,-88,0.001869,51,2025-10-18 10:31:13.001118,796,1.037,0.0011,"aoml_navis",1030.96726778659
"7901009",90,0,1,0.028035,1,0.005607,1,128.432894374573,1,4.84976479386207,798,1,6.82399988174438,34.875,0.0280349999666214,0.0115403309464455,123.847198486328,-87.9314,25.8637,85.6224616632404,63,63,63,63,61,63,0,8045,1.29563008188212,26,-88,0.001869,51,2025-10-18 10:31:13.001118,798,1.037,0.0011,"aoml_navis",1030.97783346691
"7901009",90,0,1,0.028035,1,0.005607,1,128.65243345589,1,4.84971505292978,800,1,6.81400012969971,34.875,0.0280349999666214,0.0115403309464455,124.058898925781,-87.9314,25.8637,85.6224616632404,63,63,63,63,61,63,0,8045,1.29563008188212,26,-88,0.001869,51,2025-10-18 10:31:13.001118,800,1.037,0.0011,"aoml_navis",1030.98840765488
"7901009",90,0,1,0.028035,1,0.005607,1,128.937720330408,1,4.8496668165038,802,1,6.80100011825562,34.8740005493164,0.0280349999666214,0.0115403309464455,124.333999633789,-87.9314,25.8637,85.6224616632404,63,63,63,63,61,63,0,8045,1.29563008188212,26,-88,0.001869,51,2025-10-18 10:31:13.001118,802,1.037,0.0011,"aoml_navis",1030.9986622142
"7901009",90,0,1,0.031773,1,0.009345,1,129.341226642472,1,4.84961423295116,804,1,6.78200006484985,34.8730010986328,0.0317730009555817,0.0144254146143794,124.723098754883,-87.9314,25.8637,85.6224616632404,63,63,63,63,61,63,0,8045,1.29563008188212,26,-88,0.001869,51,2025-10-18 10:31:13.001118,804,1.037,0.0011,"aoml_navis",1031.00984115954
"7901009",90,0,1,0.029904,1,0.007476,1,129.779679765916,1,4.84954350048331,806,1,6.74300003051758,34.8730010986328,0.0299040004611015,0.0129828732460737,125.145896911621,-87.9314,25.8637,85.6224616632404,63,63,63,63,61,63,0,8045,1.29563008188212,26,-88,0.001869,51,2025-10-18 10:31:13.001118,806,1.037,0.0011,"aoml_navis",1031.02487883688
"7901009",90,0,1,0.029904,1,0.007476,1,130.026601893234,1,4.84947066528512,808,1,6.70100021362305,34.8730010986328,0.0299040004611015,0.0129828732460737,125.384002685547,-87.9314,25.8637,85.6224616632404,63,63,63,63,61,63,0,8045,1.29563008188212,26,-88,0.001869,51,2025-10-18 10:31:13.001118,808,1.037,0.0011,"aoml_navis",1031.04036401178
"7901009",90,0,1,0.028035,1,0.005607,1,130.174166525122,1,4.84942168586401,810,1,6.69199991226196,34.8730010986328,0.0280349999666214,0.0115403309464455,125.526298522949,-87.9314,25.8637,85.6224616632404,63,63,63,63,61,63,0,8045,1.29563008188212,26,-88,0.001869,51,2025-10-18 10:31:13.001118,810,1.037,0.0011,"aoml_navis",1031.05077757518
"7901009",90,0,1,0.029904,1,0.007476,1,130.309190813782,1,4.84937927515162,812,1,6.68699979782104,34.8720016479492,0.0299040004611015,0.0129828732460737,125.65650177002,-87.9314,25.8637,85.6224616632404,63,63,63,63,61,63,0,8045,1.29563008188212,26,-88,0.001869,51,2025-10-18 10:31:13.001118,812,1.037,0.0011,"aoml_navis",1031.05979472881
"7901009",90,0,1,0.028035,1,0.005607,1,130.623300698003,1,4.84933174359773,814,1,6.67999982833862,34.8720016479492,0.0280349999666214,0.0115403309464455,125.959396362305,-87.9314,25.8637,85.6224616632404,63,63,63,63,61,63,0,8045,1.29563008188212,26,-88,0.001869,51,2025-10-18 10:31:13.001118,814,1.037,0.0011,"aoml_navis",1031.06990083761
"7901009",90,0,1,0.029904,1,0.007476,1,131.068289041325,1,4.84927700576098,816,1,6.66300010681152,34.8720016479492,0.0299040004611015,0.0129828732460737,126.388496398926,-87.9314,25.8637,85.6224616632404,63,63,63,63,61,63,0,8045,1.29563008188212,26,-88,0.001869,51,2025-10-18 10:31:13.001118,816,1.037,0.0011,"aoml_navis",1031.08153938411
"7901009",90,0,1,0.029904,1,0.007476,1,131.53453662897,1,4.84921949441798,818,1,6.63700008392334,34.8709983825684,0.0299040004611015,0.0129828732460737,126.838096618652,-87.9314,25.8637,85.6224616632404,63,63,63,63,61,63,0,8045,1.29563008188212,26,-88,0.001869,51,2025-10-18 10:31:13.001118,818,1.037,0.0011,"aoml_navis",1031.09376792607
"7901009",90,0,1,0.029904,1,0.007476,1,131.984192986491,1,4.84914969716052,820,1,6.59899997711182,34.8709983825684,0.0299040004611015,0.0129828732460737,127.271697998047,-87.9314,25.8637,85.6224616632404,63,63,63,63,61,63,0,8045,1.29563008188212,26,-88,0.001869,51,2025-10-18 10:31:13.001118,820,1.037,0.0011,"aoml_navis",1031.10860919138
"7901009",90,0,1,0.029904,1,0.007476,1,132.304015254188,1,4.84909716141695,822,1,6.58500003814697,34.8709983825684,0.0299040004611015,0.0129828732460737,127.580101013184,-87.9314,25.8637,85.6224616632404,63,63,63,63,61,63,0,8045,1.29563008188212,26,-88,0.001869,51,2025-10-18 10:31:13.001118,822,1.037,0.0011,"aoml_navis",1031.11978035494
"7901009",90,0,1,0.031773,1,0.009345,1,132.676823438981,1,4.84903756609426,824,1,6.55600023269653,34.8699989318848,0.0317730009555817,0.0144254146143794,127.939598083496,-87.9314,25.8637,85.6224616632404,63,63,63,63,61,63,0,8045,1.29563008188212,26,-88,0.001869,51,2025-10-18 10:31:13.001118,824,1.037,0.0011,"aoml_navis",1031.13245295547
"7901009",90,0,1,0.031773,1,0.009345,1,132.942718274854,1,4.84897217876643,826,1,6.52400016784668,34.8699989318848,0.0317730009555817,0.0144254146143794,128.195999145508,-87.9314,25.8637,85.6224616632404,63,63,63,63,61,63,0,8045,1.29563008188212,26,-88,0.001869,51,2025-10-18 10:31:13.001118,826,1.037,0.0011,"aoml_navis",1031.14635755077
"7901009",90,0,1,0.033642,1,0.011214,1,133.195028398221,1,4.84892396599453,828,1,6.51599979400635,34.8699989318848,0.0336420014500618,0.0158679541200399,128.439300537109,-87.9314,25.8637,85.6224616632404,63,63,63,63,61,63,0,8045,1.29563008188212,26,-88,0.001869,51,2025-10-18 10:31:13.001118,828,1.037,0.0011,"aoml_navis",1031.15661022218
"7901009",90,0,1,0.029904,1,0.007476,1,133.484666811399,1,4.84886504734832,830,1,6.49300003051758,34.8699989318848,0.0299040004611015,0.0129828732460737,128.718597412109,-87.9314,25.8637,85.6224616632404,63,63,63,63,61,63,0,8045,1.29563008188212,26,-88,0.001869,51,2025-10-18 10:31:13.001118,830,1.037,0.0011,"aoml_navis",1031.16913982465
"7901009",90,0,1,0.031773,1,0.009345,1,133.671134198903,1,4.84881113807569,832,1,6.47700023651123,34.8699989318848,0.0317730009555817,0.0144254146143794,128.898406982422,-87.9314,25.8637,85.6224616632404,63,63,63,63,61,63,0,8045,1.29563008188212,26,-88,0.001869,51,2025-10-18 10:31:13.001118,832,1.037,0.0011,"aoml_navis",1031.18060440364
"7901009",90,0,1,0.026166,1,0.003738,1,133.831666415997,1,4.84876365066406,834,1,6.46999979019165,34.8699989318848,0.0261659994721413,0.0100977895781398,129.053207397461,-87.9314,25.8637,85.6224616632404,63,63,63,63,61,63,0,8045,1.29563008188212,26,-88,0.001869,51,2025-10-18 10:31:13.001118,834,1.037,0.0011,"aoml_navis",1031.19070349309
"7901009",90,0,1,0.031773,1,0.009345,1,133.992293575752,1,4.84871616587528,836,1,6.46299982070923,34.8699989318848,0.0317730009555817,0.0144254146143794,129.208099365234,-87.9314,25.8637,85.6224616632404,63,63,63,63,61,63,0,8045,1.29563008188212,26,-88,0.001869,51,2025-10-18 10:31:13.001118,836,1.037,0.0011,"aoml_navis",1031.20080222254
"7901009",90,0,1,0.026166,1,0.003738,1,134.202496628672,1,4.84866868336873,838,1,6.45599985122681,34.8699989318848,0.0261659994721413,0.0100977895781398,129.410797119141,-87.9314,25.8637,85.6224616632404,63,63,63,63,61,63,0,8045,1.29563008188212,26,-88,0.001869,51,2025-10-18 10:31:13.001118,838,1.037,0.0011,"aoml_navis",1031.21090066441
"7901009",90,0,1,0.029904,1,0.007476,1,134.540666565736,1,4.84862203504222,840,1,6.44500017166138,34.8689994812012,0.0299040004611015,0.0129828732460737,129.736892700195,-87.9314,25.8637,85.6224616632404,63,63,63,63,61,63,0,8045,1.29563008188212,26,-88,0.001869,51,2025-10-18 10:31:13.001118,840,1.037,0.0011,"aoml_navis",1031.2208218879
"7901009",90,0,1,0.028035,1,0.005607,1,134.955692587414,1,4.84856672875413,842,1,6.42700004577637,34.8689994812012,0.0280349999666214,0.0115403309464455,130.137100219727,-87.9314,25.8637,85.6224616632404,63,63,63,63,61,63,0,8045,1.29563008188212,26,-88,0.001869,51,2025-10-18 10:31:13.001118,842,1.037,0.0011,"aoml_navis",1031.23258474464
"7901009",90,0,1,0.026166,1,0.003738,1,135.365734119356,1,4.84850077869907,844,1,6.39400005340576,34.8689994812012,0.0261659994721413,0.0100977895781398,130.532501220703,-87.9314,25.8637,85.6224616632404,63,63,63,63,61,63,0,8045,1.29563008188212,26,-88,0.001869,51,2025-10-18 10:31:13.001118,844,1.037,0.0011,"aoml_navis",1031.24661172924
"7901009",90,0,1,0.028035,1,0.005607,1,135.528228484791,1,4.84844054233842,846,1,6.36899995803833,34.8689994812012,0.0280349999666214,0.0115403309464455,130.689193725586,-87.9314,25.8637,85.6224616632404,63,63,63,63,61,63,0,8045,1.29563008188212,26,-88,0.001869,51,2025-10-18 10:31:13.001118,846,1.037,0.0011,"aoml_navis",1031.25942379578
"7901009",90,0,1,0.026166,1,0.003738,1,135.56111029328,1,4.84839223508162,848,1,6.36600017547607,34.8699989318848,0.0261659994721413,0.0100977895781398,130.720901489258,-87.9314,25.8637,85.6224616632404,63,63,63,63,61,63,0,8045,1.29563008188212,26,-88,0.001869,51,2025-10-18 10:31:13.001118,848,1.037,0.0011,"aoml_navis",1031.26969881302
"7901009",90,0,1,0.031773,1,0.009345,1,135.684519929664,1,4.84835129117645,850,1,6.36299991607666,34.8689994812012,0.0317730009555817,0.0144254146143794,130.839904785156,-87.9314,25.8637,85.6224616632404,63,63,63,63,61,63,0,8045,1.29563008188212,26,-88,0.001869,51,2025-10-18 10:31:13.001118,850,1.037,0.0011,"aoml_navis",1031.27840779597
"7901009",90,0,1,0.026166,1,0.003738,1,135.760743063201,1,4.84830015167599,852,1,6.35599994659424,34.8699989318848,0.0261659994721413,0.0100977895781398,130.91340637207,-87.9314,25.8637,85.6224616632404,63,63,63,63,61,63,0,8045,1.29563008188212,26,-88,0.001869,51,2025-10-18 10:31:13.001118,852,1.037,0.0011,"aoml_navis",1031.28928564201
"7901009",90,0,1,0.028035,1,0.005607,1,135.879057443409,1,4.84825850258183,854,1,6.35200023651123,34.8689994812012,0.0280349999666214,0.0115403309464455,131.027496337891,-87.9314,25.8637,85.6224616632404,63,63,63,63,61,63,0,8045,1.29563008188212,26,-88,0.001869,51,2025-10-18 10:31:13.001118,854,1.037,0.0011,"aoml_navis",1031.29814496017
"7901009",90,0,1,0.031773,1,0.009345,1,136.189551594598,1,4.84819957411826,856,1,6.33400011062622,34.8699989318848,0.0317730009555817,0.0144254146143794,131.326904296875,-87.9314,25.8637,85.6224616632404,63,63,63,63,61,63,0,8045,1.29563008188212,26,-88,0.001869,51,2025-10-18 10:31:13.001118,856,1.037,0.0011,"aoml_navis",1031.31068009083
"7901009",90,0,1,0.033642,1,0.011214,1,136.458856454403,1,4.84814433798052,858,1,6.31599998474121,34.8699989318848,0.0336420014500618,0.0158679541200399,131.58659362793,-87.9314,25.8637,85.6224616632404,63,63,63,63,61,63,0,8045,1.29563008188212,26,-88,0.001869,51,2025-10-18 10:31:13.001118,858,1.037,0.0011,"aoml_navis",1031.32243007491
"7901009",90,0,1,0.028035,1,0.005607,1,136.723208472024,1,4.84809689133429,860,1,6.30900001525879,34.8699989318848,0.0280349999666214,0.0115403309464455,131.841506958008,-87.9314,25.8637,85.6224616632404,63,63,63,63,61,63,0,8045,1.29563008188212,26,-88,0.001869,51,2025-10-18 10:31:13.001118,860,1.037,0.0011,"aoml_navis",1031.33252327057
"7901009",90,0,1,0.031773,1,0.009345,1,137.013986197141,1,4.84804873985127,862,1,6.30100011825562,34.8699989318848,0.0317730009555817,0.0144254146143794,132.12190246582,-87.9314,25.8637,85.6224616632404,63,63,63,63,61,63,0,8045,1.29563008188212,26,-88,0.001869,51,2025-10-18 10:31:13.001118,862,1.037,0.0011,"aoml_navis",1031.34276660622
"7901009",90,0,1,0.031773,1,0.009345,1,137.369166694419,1,4.84800780657361,864,1,6.2979998588562,34.8689994812012,0.0317730009555817,0.0144254146143794,132.464401245117,-87.9314,25.8637,85.6224616632404,63,63,63,63,61,63,0,8045,1.29563008188212,26,-88,0.001869,51,2025-10-18 10:31:13.001118,864,1.037,0.0011,"aoml_navis",1031.35147456246
"7901009",90,0,1,0.031773,1,0.009345,1,137.847123877003,1,4.84795259227768,866,1,6.28000020980835,34.8689994812012,0.0317730009555817,0.0144254146143794,132.92529296875,-87.9314,25.8637,85.6224616632404,63,63,63,63,61,63,0,8045,1.29563008188212,26,-88,0.001869,51,2025-10-18 10:31:13.001118,866,1.037,0.0011,"aoml_navis",1031.36322082945
"7901009",90,0,1,0.031773,1,0.009345,1,138.219631410035,1,4.84788962868035,868,1,6.25099992752075,34.8689994812012,0.0317730009555817,0.0144254146143794,133.28450012207,-87.9314,25.8637,85.6224616632404,63,63,63,63,61,63,0,8045,1.29563008188212,26,-88,0.001869,51,2025-10-18 10:31:13.001118,868,1.037,0.0011,"aoml_navis",1031.37661600622
"7901009",90,0,1,0.029904,1,0.007476,1,138.524935362386,1,4.84783655901171,870,1,6.23600006103516,34.8689994812012,0.0299040004611015,0.0129828732460737,133.578903198242,-87.9314,25.8637,85.6224616632404,63,63,63,63,61,63,0,8045,1.29563008188212,26,-88,0.001869,51,2025-10-18 10:31:13.001118,870,1.037,0.0011,"aoml_navis",1031.38790657153
"7901009",90,0,1,0.029904,1,0.007476,1,138.848689838654,1,4.84778349724152,872,1,6.22100019454956,34.8689994812012,0.0299040004611015,0.0129828732460737,133.891098022461,-87.9314,25.8637,85.6224616632404,63,63,63,63,61,63,0,8045,1.29563008188212,26,-88,0.001869,51,2025-10-18 10:31:13.001118,872,1.037,0.0011,"aoml_navis",1031.39919570358
"7901009",90,0,1,0.033642,1,0.011214,1,139.07030183475,1,4.84771551128757,874,1,6.19000005722046,34.8699989318848,0.0336420014500618,0.0158679541200399,134.104797363281,-87.9314,25.8637,85.6224616632404,63,63,63,63,61,63,0,8045,1.29563008188212,26,-88,0.001869,51,2025-10-18 10:31:13.001118,874,1.037,0.0011,"aoml_navis",1031.41366038454
"7901009",90,0,1,0.026166,1,0.003738,1,139.223064577364,1,4.84766879618253,876,1,6.18400001525879,34.8699989318848,0.0261659994721413,0.0100977895781398,134.252105712891,-87.9314,25.8637,85.6224616632404,63,63,63,63,61,63,0,8045,1.29563008188212,26,-88,0.001869,51,2025-10-18 10:31:13.001118,876,1.037,0.0011,"aoml_navis",1031.42359971816
"7901009",90,0,1,0.028035,1,0.005607,1,139.432223261006,1,4.84761997569846,878,1,6.17500019073486,34.8699989318848,0.0280349999666214,0.0115403309464455,134.453796386719,-87.9314,25.8637,85.6224616632404,63,63,63,63,61,63,0,8045,1.29563008188212,26,-88,0.001869,51,2025-10-18 10:31:13.001118,878,1.037,0.0011,"aoml_navis",1031.43398720721
"7901009",90,0,1,0.029904,1,0.007476,1,139.699360263369,1,4.84756905177568,880,1,6.16300010681152,34.8699989318848,0.0299040004611015,0.0129828732460737,134.711395263672,-87.9314,25.8637,85.6224616632404,63,63,63,63,61,63,0,8045,1.29563008188212,26,-88,0.001869,51,2025-10-18 10:31:13.001118,880,1.037,0.0011,"aoml_navis",1031.44482246591
"7901009",90,0,1,0.03738,1,0.014952,1,139.97148175547,1,4.84751883449997,882,1,6.15199995040894,34.8699989318848,0.0373799987137318,0.0187530387192965,134.97380065918,-87.9314,25.8637,85.6224616632404,63,63,63,63,61,63,0,8045,1.29563008188212,26,-88,0.001869,51,2025-10-18 10:31:13.001118,882,1.037,0.0011,"aoml_navis",1031.4555075918
"7901009",90,0,1,0.031773,1,0.009345,1,140.312246791952,1,4.84746441470884,884,1,6.13500022888184,34.8699989318848,0.0317730009555817,0.0144254146143794,135.302398681641,-87.9314,25.8637,85.6224616632404,63,63,63,63,61,63,0,8045,1.29563008188212,26,-88,0.001869,51,2025-10-18 10:31:13.001118,884,1.037,0.0011,"aoml_navis",1031.46708717001
"7901009",90,0,1,0.031773,1,0.009345,1,140.619623659083,1,4.84740702432315,886,1,6.11899995803833,34.8709983825684,0.0317730009555817,0.0144254146143794,135.59880065918,-87.9314,25.8637,85.6224616632404,63,63,63,63,61,63,0,8045,1.29563008188212,26,-88,0.001869,51,2025-10-18 10:31:13.001118,886,1.037,0.0011,"aoml_navis",1031.47929912037
"7901009",90,0,1,0.029904,1,0.007476,1,140.964851000664,1,4.84735962468881,888,1,6.11199998855591,34.8709983825684,0.0299040004611015,0.0129828732460737,135.931701660156,-87.9314,25.8637,85.6224616632404,63,63,63,63,61,63,0,8045,1.29563008188212,26,-88,0.001869,51,2025-10-18 10:31:13.001118,888,1.037,0.0011,"aoml_navis",1031.48938538287
"7901009",90,0,1,0.028035,1,0.005607,1,141.399055439998,1,4.84731730835476,890,1,6.10699987411499,34.8699989318848,0.0280349999666214,0.0115403309464455,136.350402832031,-87.9314,25.8637,85.6224616632404,63,63,63,63,61,63,0,8045,1.29563008188212,26,-88,0.001869,51,2025-10-18 10:31:13.001118,890,1.037,0.0011,"aoml_navis",1031.49839012645
"7901009",90,0,1,0.031773,1,0.009345,1,141.948567741922,1,4.84725731947946,892,1,6.08199977874756,34.8699989318848,0.0317730009555817,0.0144254146143794,136.880294799805,-87.9314,25.8637,85.6224616632404,63,63,63,63,61,63,0,8045,1.29563008188212,26,-88,0.001869,51,2025-10-18 10:31:13.001118,892,1.037,0.0011,"aoml_navis",1031.51115578427
"7901009",90,0,1,0.033642,1,0.011214,1,142.391285373252,1,4.84718948576868,894,1,6.05100011825562,34.8709983825684,0.0336420014500618,0.0158679541200399,137.307205200195,-87.9314,25.8637,85.6224616632404,63,63,63,63,61,63,0,8045,1.29563008188212,26,-88,0.001869,51,2025-10-18 10:31:13.001118,894,1.037,0.0011,"aoml_navis",1031.52559120702
"7901009",90,0,1,0.028035,1,0.005607,1,142.618182510848,1,4.84714070577936,896,1,6.04199981689453,34.8709983825684,0.0280349999666214,0.0115403309464455,137.526000976562,-87.9314,25.8637,85.6224616632404,63,63,63,63,61,63,0,8045,1.29563008188212,26,-88,0.001869,51,2025-10-18 10:31:13.001118,896,1.037,0.0011,"aoml_navis",1031.53597213268
"7901009",90,0,1,0.029904,1,0.007476,1,142.887392427991,1,4.84709192918858,898,1,6.03299999237061,34.8709983825684,0.0299040004611015,0.0129828732460737,137.785598754883,-87.9314,25.8637,85.6224616632404,63,63,63,63,61,63,0,8045,1.29563008188212,26,-88,0.001869,51,2025-10-18 10:31:13.001118,898,1.037,0.0011,"aoml_navis",1031.54635254401
"7901009",90,0,1,0.026166,1,0.003738,1,143.298161853672,1,4.84704176135103,900,1,6.02199983596802,34.8709983825684,0.0261659994721413,0.0100977895781398,138.181701660156,-87.9314,25.8637,85.6224616632404,63,63,63,63,61,63,0,8045,1.29563008188212,26,-88,0.001869,51,2025-10-18 10:31:13.001118,900,1.037,0.0011,"aoml_navis",1031.55702925207
"7901009",90,0,1,0.031773,1,0.009345,1,143.613102486182,1,4.84699020470922,902,1,6.00899982452393,34.8709983825684,0.0317730009555817,0.0144254146143794,138.485397338867,-87.9314,25.8637,85.6224616632404,63,63,63,63,61,63,0,8045,1.29563008188212,26,-88,0.001869,51,2025-10-18 10:31:13.001118,902,1.037,0.0011,"aoml_navis",1031.56800175542
"7901009",90,0,1,0.031773,1,0.009345,1,144.043050329519,1,4.84693426290717,904,1,5.99499988555908,34.8720016479492,0.0317730009555817,0.0144254146143794,138.899993896484,-87.9314,25.8637,85.6224616632404,63,63,63,63,61,63,0,8045,1.29563008188212,26,-88,0.001869,51,2025-10-18 10:31:13.001118,904,1.037,0.0011,"aoml_navis",1031.57990779124
"7901009",90,0,1,0.031773,1,0.009345,1,144.556895838211,1,4.84689128380329,906,1,5.98899984359741,34.8709983825684,0.0317730009555817,0.0144254146143794,139.395492553711,-87.9314,25.8637,85.6224616632404,63,63,63,63,61,63,0,8045,1.29563008188212,26,-88,0.001869,51,2025-10-18 10:31:13.001118,906,1.037,0.0011,"aoml_navis",1031.58905517612
"7901009",90,0,1,0.031773,1,0.009345,1,145.208471501421,1,4.84683487493282,908,1,5.9689998626709,34.8709983825684,0.0317730009555817,0.0144254146143794,140.023803710938,-87.9314,25.8637,85.6224616632404,63,63,63,63,61,63,0,8045,1.29563008188212,26,-88,0.001869,51,2025-10-18 10:31:13.001118,908,1.037,0.0011,"aoml_navis",1031.60106110883
"7901009",90,0,1,0.029904,1,0.007476,1,145.701255563001,1,4.84677778642219,910,1,5.94799995422363,34.8709983825684,0.0299040004611015,0.0129828732460737,140.498992919922,-87.9314,25.8637,85.6224616632404,63,63,63,63,61,63,0,8045,1.29563008188212,26,-88,0.001869,51,2025-10-18 10:31:13.001118,910,1.037,0.0011,"aoml_navis",1031.61321197911
"7901009",90,0,1,0.029904,1,0.007476,1,146.145001739833,1,4.84672140759575,912,1,5.92799997329712,34.8709983825684,0.0299040004611015,0.0129828732460737,140.926895141602,-87.9314,25.8637,85.6224616632404,63,63,63,63,61,63,0,8045,1.29563008188212,26,-88,0.001869,51,2025-10-18 10:31:13.001118,912,1.037,0.0011,"aoml_navis",1031.62521207925
"7901009",90,0,1,0.029904,1,0.007476,1,146.50091013085,1,4.84666989341895,914,1,5.91499996185303,34.8709983825684,0.0299040004611015,0.0129828732460737,141.270095825195,-87.9314,25.8637,85.6224616632404,63,63,63,63,61,63,0,8045,1.29563008188212,26,-88,0.001869,51,2025-10-18 10:31:13.001118,914,1.037,0.0011,"aoml_navis",1031.63617699428
"7901009",90,0,1,0.029904,1,0.007476,1,146.864809529224,1,4.84660638229132,916,1,5.8899998664856,34.8720016479492,0.0299040004611015,0.0129828732460737,141.621002197266,-87.9314,25.8637,85.6224616632404,63,63,63,63,61,63,0,8045,1.29563008188212,26,-88,0.001869,51,2025-10-18 10:31:13.001118,916,1.037,0.0011,"aoml_navis",1031.64969580966
"7901009",90,0,1,0.033642,1,0.011214,1,147.109445120774,1,4.84655765199185,918,1,5.88100004196167,34.8720016479492,0.0336420014500618,0.0158679541200399,141.856903076172,-87.9314,25.8637,85.6224616632404,63,63,63,63,61,63,0,8045,1.29563008188212,26,-88,0.001869,51,2025-10-18 10:31:13.001118,918,1.037,0.0011,"aoml_navis",1031.66006865617
"7901009",90,0,1,0.033642,1,0.011214,1,147.353036343045,1,4.84650754162445,920,1,5.86999988555908,34.8720016479492,0.0336420014500618,0.0158679541200399,142.091796875,-87.9314,25.8637,85.6224616632404,63,63,63,63,61,63,0,8045,1.29563008188212,26,-88,0.001869,51,2025-10-18 10:31:13.001118,920,1.037,0.0011,"aoml_navis",1031.67073548473
"7901009",90,0,1,0.026166,1,0.003738,1,147.629414431143,1,4.84645301221825,922.099975585938,1,5.86100006103516,34.8730010986328,0.0261659994721413,0.0100977895781398,142.358306884766,-87.9314,25.8637,85.6224616632404,63,63,63,63,61,63,0,8045,1.29563008188212,26,-88,0.001869,51,2025-10-18 10:31:13.001118,922.099975585938,1.037,0.0011,"aoml_navis",1031.68234323012
"7901009",90,0,1,0.031773,1,0.009345,1,147.895918482429,1,4.84641217004715,924,1,5.85500001907349,34.8720016479492,0.0317730009555817,0.0144254146143794,142.615295410156,-87.9314,25.8637,85.6224616632404,63,63,63,63,61,63,0,8045,1.29563008188212,26,-88,0.001869,51,2025-10-18 10:31:13.001118,924,1.037,0.0011,"aoml_navis",1031.69103752712
"7901009",90,0,1,0.026166,1,0.003738,1,148.334268751323,1,4.8463655241438,926,1,5.84899997711182,34.8720016479492,0.0261659994721413,0.0100977895781398,143.037994384766,-87.9314,25.8637,85.6224616632404,63,63,63,63,61,63,0,8045,1.29563008188212,26,-88,0.001869,51,2025-10-18 10:31:13.001118,926,1.037,0.0011,"aoml_navis",1031.70096747569
"7901009",90,0,1,0.031773,1,0.009345,1,148.773979865034,1,4.84629794364029,928,1,5.81799983978271,34.8730010986328,0.0317730009555817,0.0144254146143794,143.462005615234,-87.9314,25.8637,85.6224616632404,63,63,63,63,61,63,0,8045,1.29563008188212,26,-88,0.001869,51,2025-10-18 10:31:13.001118,928,1.037,0.0011,"aoml_navis",1031.71535430697
"7901009",90,0,1,0.031773,1,0.009345,1,148.951095400365,1,4.84624579002329,930,1,5.80399990081787,34.8730010986328,0.0317730009555817,0.0144254146143794,143.632797241211,-87.9314,25.8637,85.6224616632404,63,63,63,63,61,63,0,8045,1.29563008188212,26,-88,0.001869,51,2025-10-18 10:31:13.001118,930,1.037,0.0011,"aoml_navis",1031.72645726992
"7901009",90,0,1,0.029904,1,0.007476,1,149.130188907813,1,4.84619753983899,932,1,5.80100011825562,34.8740005493164,0.0299040004611015,0.0129828732460737,143.80549621582,-87.9314,25.8637,85.6224616632404,63,63,63,63,61,63,0,8045,1.29563008188212,26,-88,0.001869,51,2025-10-18 10:31:13.001118,932,1.037,0.0011,"aoml_navis",1031.73672944544
"7901009",90,0,1,0.031773,1,0.009345,1,149.418593066389,1,4.84615458612127,934,1,5.79500007629395,34.8730010986328,0.0317730009555817,0.0144254146143794,144.083602905273,-87.9314,25.8637,85.6224616632404,63,63,63,63,61,63,0,8045,1.29563008188212,26,-88,0.001869,51,2025-10-18 10:31:13.001118,934,1.037,0.0011,"aoml_navis",1031.74587420701
"7901009",90,0,1,0.029904,1,0.007476,1,149.781036677284,1,4.84609807390808,936,1,5.78000020980835,34.8740005493164,0.0299040004611015,0.0129828732460737,144.43310546875,-87.9314,25.8637,85.6224616632404,63,63,63,63,61,63,0,8045,1.29563008188212,26,-88,0.001869,51,2025-10-18 10:31:13.001118,936,1.037,0.0011,"aoml_navis",1031.7579057924
"7901009",90,0,1,0.029904,1,0.007476,1,150.275070817243,1,4.84604593817935,938,1,5.76599979400635,34.8740005493164,0.0299040004611015,0.0129828732460737,144.90950012207,-87.9314,25.8637,85.6224616632404,63,63,63,63,61,63,0,8045,1.29563008188212,26,-88,0.001869,51,2025-10-18 10:31:13.001118,938,1.037,0.0011,"aoml_navis",1031.76900586264
"7901009",90,0,1,0.029904,1,0.007476,1,150.742252007728,1,4.8459860043173,940,1,5.74599981307983,34.875,0.0299040004611015,0.0129828732460737,145.360000610352,-87.9314,25.8637,85.6224616632404,63,63,63,63,61,63,0,8045,1.29563008188212,26,-88,0.001869,51,2025-10-18 10:31:13.001118,940,1.037,0.0011,"aoml_navis",1031.78176650644
"7901009",90,0,1,0.028035,1,0.005607,1,150.960446068005,1,4.84592976611802,942,1,5.72599983215332,34.875,0.0280349999666214,0.0115403309464455,145.570404052734,-87.9314,25.8637,85.6224616632404,63,63,63,63,61,63,0,8045,1.29563008188212,26,-88,0.001869,51,2025-10-18 10:31:13.001118,942,1.037,0.0011,"aoml_navis",1031.79374058601
"7901009",90,0,1,0.029904,1,0.007476,1,151.147103340832,1,4.84588383257758,944,1,5.72100019454956,34.875,0.0299040004611015,0.0129828732460737,145.750396728516,-87.9314,25.8637,85.6224616632404,63,63,63,63,61,63,0,8045,1.29563008188212,26,-88,0.001869,51,2025-10-18 10:31:13.001118,944,1.037,0.0011,"aoml_navis",1031.80352083274
"7901009",90,0,1,0.028035,1,0.005607,1,151.303901146567,1,4.84583284706222,946,1,5.71400022506714,34.8759994506836,0.0280349999666214,0.0115403309464455,145.901596069336,-87.9314,25.8637,85.6224616632404,63,63,63,63,61,63,0,8045,1.29563008188212,26,-88,0.001869,51,2025-10-18 10:31:13.001118,946,1.037,0.0011,"aoml_navis",1031.8143769716
"7901009",90,0,1,0.024297,1,0.001869,1,151.471380001739,1,4.84578348673584,948,1,5.7039999961853,34.8759994506836,0.0242970008403063,0.0086552482098341,146.063095092773,-87.9314,25.8637,85.6224616632404,63,63,63,63,61,63,0,8045,1.29563008188212,26,-88,0.001869,51,2025-10-18 10:31:13.001118,948,1.037,0.0011,"aoml_navis",1031.8248872832
"7901009",90,0,1,0.031773,1,0.009345,1,151.747647323399,1,4.84573618725081,950,1,5.69700002670288,34.8759994506836,0.0317730009555817,0.0144254146143794,146.329498291016,-87.9314,25.8637,85.6224616632404,63,63,63,63,61,63,0,8045,1.29563008188212,26,-88,0.001869,51,2025-10-18 10:31:13.001118,950,1.037,0.0011,"aoml_navis",1031.83495898003
"7901009",90,0,1,0.026166,1,0.003738,1,152.049944758131,1,4.8456840919454,952,1,5.68300008773804,34.8759994506836,0.0261659994721413,0.0100977895781398,146.621002197266,-87.9314,25.8637,85.6224616632404,63,63,63,63,61,63,0,8045,1.29563008188212,26,-88,0.001869,51,2025-10-18 10:31:13.001118,952,1.037,0.0011,"aoml_navis",1031.84605210049
"7901009",90,0,1,0.026166,1,0.003738,1,152.233911988878,1,4.84563243202754,954,1,5.67500019073486,34.8769989013672,0.0261659994721413,0.0100977895781398,146.798400878906,-87.9314,25.8637,85.6224616632404,63,63,63,63,61,63,0,8045,1.29563008188212,26,-88,0.001869,51,2025-10-18 10:31:13.001118,954,1.037,0.0011,"aoml_navis",1031.85705274551
"7901009",90,0,1,0.031773,1,0.009345,1,152.368097617361,1,4.84558445533388,956,1,5.66699981689453,34.8769989013672,0.0317730009555817,0.0144254146143794,146.927795410156,-87.9314,25.8637,85.6224616632404,63,63,63,63,61,63,0,8045,1.29563008188212,26,-88,0.001869,51,2025-10-18 10:31:13.001118,956,1.037,0.0011,"aoml_navis",1031.86726928186
"7901009",90,0,1,0.028035,1,0.005607,1,152.579455805998,1,4.84553374346922,958,1,5.65500020980835,34.8769989013672,0.0280349999666214,0.0115403309464455,147.131607055664,-87.9314,25.8637,85.6224616632404,63,63,63,63,61,63,0,8045,1.29563008188212,26,-88,0.001869,51,2025-10-18 10:31:13.001118,958,1.037,0.0011,"aoml_navis",1031.87806848708
"7901009",90,0,1,0.029904,1,0.007476,1,152.730129810055,1,4.84548508855136,960,1,5.64599990844727,34.8769989013672,0.0299040004611015,0.0129828732460737,147.276901245117,-87.9314,25.8637,85.6224616632404,63,63,63,63,61,63,0,8045,1.29563008188212,26,-88,0.001869,51,2025-10-18 10:31:13.001118,960,1.037,0.0011,"aoml_navis",1031.88842987335
"7901009",90,0,1,0.031773,1,0.009345,1,152.888889764131,1,4.84543480822285,962,1,5.6399998664856,34.8779983520508,0.0317730009555817,0.0144254146143794,147.429992675781,-87.9314,25.8637,85.6224616632404,63,63,63,63,61,63,0,8045,1.29563008188212,26,-88,0.001869,51,2025-10-18 10:31:13.001118,962,1.037,0.0011,"aoml_navis",1031.89913762019
"7901009",90,0,1,0.029904,1,0.007476,1,153.056685094842,1,4.84539325970959,964,1,5.63600015640259,34.8769989013672,0.0299040004611015,0.0129828732460737,147.591796875,-87.9314,25.8637,85.6224616632404,63,63,63,63,61,63,0,8045,1.29563008188212,26,-88,0.001869,51,2025-10-18 10:31:13.001118,964,1.037,0.0011,"aoml_navis",1031.90798599899
"7901009",90,0,1,0.029904,1,0.007476,1,153.298836353412,1,4.84533614539747,966,1,5.61999988555908,34.8779983520508,0.0299040004611015,0.0129828732460737,147.825302124023,-87.9314,25.8637,85.6224616632404,63,63,63,63,61,63,0,8045,1.29563008188212,26,-88,0.001869,51,2025-10-18 10:31:13.001118,966,1.037,0.0011,"aoml_navis",1031.9201495957
"7901009",90,0,1,0.029904,1,0.007476,1,153.451899747788,1,4.84528818596786,968,1,5.61199998855591,34.8779983520508,0.0299040004611015,0.0129828732460737,147.972900390625,-87.9314,25.8637,85.6224616632404,63,63,63,63,61,63,0,8045,1.29563008188212,26,-88,0.001869,51,2025-10-18 10:31:13.001118,968,1.037,0.0011,"aoml_navis",1031.93036370472
"7901009",90,0,1,0.028035,1,0.005607,1,153.644269404092,1,4.84524296179644,970,1,5.60799980163574,34.8779983520508,0.0280349999666214,0.0115403309464455,148.158401489258,-87.9314,25.8637,85.6224616632404,63,63,63,63,61,63,0,8045,1.29563008188212,26,-88,0.001869,51,2025-10-18 10:31:13.001118,970,1.037,0.0011,"aoml_navis",1031.93999546024
"7901009",90,0,1,0.029904,1,0.007476,1,153.79380409621,1,4.84519267875792,972,1,5.60200023651123,34.8790016174316,0.0299040004611015,0.0129828732460737,148.302597045898,-87.9314,25.8637,85.6224616632404,63,63,63,63,61,63,0,8045,1.29563008188212,26,-88,0.001869,51,2025-10-18 10:31:13.001118,972,1.037,0.0011,"aoml_navis",1031.95070485448
"7901009",90,0,1,0.033642,1,0.011214,1,154.058045347393,1,4.84514609195008,974,1,5.59600019454956,34.8790016174316,0.0336420014500618,0.0158679541200399,148.557403564453,-87.9314,25.8637,85.6224616632404,63,63,63,63,61,63,0,8045,1.29563008188212,26,-88,0.001869,51,2025-10-18 10:31:13.001118,974,1.037,0.0011,"aoml_navis",1031.9606272156
"7901009",90,0,1,0.029904,1,0.007476,1,154.41260871737,1,4.84509814093412,976,1,5.58799982070923,34.8790016174316,0.0299040004611015,0.0129828732460737,148.899307250977,-87.9314,25.8637,85.6224616632404,63,63,63,63,61,63,0,8045,1.29563008188212,26,-88,0.001869,51,2025-10-18 10:31:13.001118,976,1.037,0.0011,"aoml_navis",1031.9708403339
"7901009",90,0,1,0.026166,1,0.003738,1,154.887875857873,1,4.84504541499533,978,1,5.57299995422363,34.8790016174316,0.0261659994721413,0.0100977895781398,149.357604980469,-87.9314,25.8637,85.6224616632404,63,63,63,63,61,63,0,8045,1.29563008188212,26,-88,0.001869,51,2025-10-18 10:31:13.001118,978,1.037,0.0011,"aoml_navis",1031.9820706995
"7901009",90,0,1,0.033642,1,0.011214,1,155.281001772262,1,4.84498977687404,979.900024414062,1,5.55600023269653,34.8800010681152,0.0336420014500618,0.0158679541200399,149.736694335938,-87.9314,25.8637,85.6224616632404,63,63,63,63,61,63,0,8045,1.29563008188212,26,-88,0.001869,51,2025-10-18 10:31:13.001118,979.900024414062,1.037,0.0011,"aoml_navis",1031.9939216107
"7901009",90,0,1,0.024297,1,0.001869,1,160.384945201671,1,4.8444888960984,999.700012207031,1,5.45419979095459,34.882999420166,0.0242970008403063,0.0086552482098341,154.658401489258,-87.9314,25.8637,85.6224616632404,63,63,63,63,61,63,0,8045,1.29563008188212,26,-88,0.001869,51,2025-10-18 10:31:13.001118,999.700012207031,1.037,0.0011,"aoml_navis",1032.1006213941
"7901009",90,0,1,0.031773,1,0.009345,1,166.518858272344,1,4.84326734549331,1050,1,5.25449991226196,34.8880004882812,0.0317730009555817,0.0144254146143794,160.573303222656,-87.9314,25.8637,85.6224616632404,63,63,63,63,61,63,0,8045,1.29563008188212,26,-88,0.001869,51,2025-10-18 10:31:13.001118,1050,1.037,0.0011,"aoml_navis",1032.36093391634
"7901009",90,0,1,0.028035,1,0.005607,1,173.499913065474,1,4.84204186950288,1099.19995117188,1,5.02810001373291,34.8959999084473,0.0280349999666214,0.0115403309464455,167.305099487305,-87.9314,25.8637,85.6224616632404,63,63,63,63,61,63,0,8045,1.29563008188212,26,-88,0.001869,51,2025-10-18 10:31:13.001118,1099.19995117188,1.037,0.0011,"aoml_navis",1032.62221491557
"7901009",90,0,1,0.035511,1,0.013083,1,180.400298243746,1,4.84081890601735,1149.09997558594,1,4.82509994506836,34.9039993286133,0.0355109982192516,0.0173104964196682,173.959106445312,-87.9314,25.8637,85.6224616632404,63,63,63,63,61,63,0,8045,1.29563008188212,26,-88,0.001869,51,2025-10-18 10:31:13.001118,1149.09997558594,1.037,0.0011,"aoml_navis",1032.8830921117
"7901009",90,0,1,0.029904,1,0.007476,1,185.471771282866,1,4.83964041957368,1199.59997558594,1,4.68970012664795,34.9090003967285,0.0299040004611015,0.0129828732460737,178.849502563477,-87.9314,25.8637,85.6224616632404,63,63,63,63,61,63,0,8045,1.29563008188212,26,-88,0.001869,51,2025-10-18 10:31:13.001118,1199.59997558594,1.037,0.0011,"aoml_navis",1033.13460640128
"7901009",90,0,1,0.028035,1,0.005607,1,189.28107657785,1,4.83851809811257,1249.5,1,4.60720014572144,34.9119987487793,0.0280349999666214,0.0115403309464455,182.522796630859,-87.9314,25.8637,85.6224616632404,63,63,63,63,61,63,0,8045,1.29563008188212,26,-88,0.001869,51,2025-10-18 10:31:13.001118,1249.5,1.037,0.0011,"aoml_navis",1033.37424777855
"7901009",90,0,1,0.029904,1,0.007476,1,193.039571725068,1,4.83738123237758,1299.30004882812,1,4.50899982452393,34.9169998168945,0.0299040004611015,0.0129828732460737,186.147094726562,-87.9314,25.8637,85.6224616632404,63,63,63,63,61,63,0,8045,1.29563008188212,26,-88,0.001869,51,2025-10-18 10:31:13.001118,1299.30004882812,1.037,0.0011,"aoml_navis",1033.61710806128
"7901009",90,0,1,0.029904,1,0.007476,1,195.172838389954,1,4.83628679386675,1349.19995117188,1,4.45970010757446,34.9189987182617,0.0299040004611015,0.0129828732460737,188.204193115234,-87.9314,25.8637,85.6224616632404,63,63,63,63,61,63,0,8045,1.29563008188212,26,-88,0.001869,51,2025-10-18 10:31:13.001118,1349.19995117188,1.037,0.0011,"aoml_navis",1033.85101279371
"7901009",90,0,1,0.024297,1,0.001869,1,196.657662499465,1,4.83519644093216,1399.19995117188,1,4.41790008544922,34.9210014343262,0.0242970008403063,0.0086552482098341,189.636001586914,-87.9314,25.8637,85.6224616632404,63,63,63,63,61,63,0,8045,1.29563008188212,26,-88,0.001869,51,2025-10-18 10:31:13.001118,1399.19995117188,1.037,0.0011,"aoml_navis",1034.08414964751
"7901009",90,0,1,0.020559,1,-0.001869,1,197.753079282168,1,4.83411874593906,1449.40002441406,1,4.39389991760254,34.9220008850098,0.020558999851346,0.00577016547322273,190.692306518555,-87.9314,25.8637,85.6224616632404,63,63,63,63,61,63,0,8045,1.29563008188212,26,-88,0.001869,51,2025-10-18 10:31:13.001118,1449.40002441406,1.037,0.0011,"aoml_navis",1034.31468335367
"7901009",90,0,1,0.035511,1,0.013083,1,198.847657404694,1,4.83304291173881,1499.5,1,4.36749982833862,34.9230003356934,0.0355109982192516,0.0173104964196682,191.747802734375,-87.9314,25.8637,85.6224616632404,63,63,63,63,61,63,0,8045,1.29563008188212,26,-88,0.001869,51,2025-10-18 10:31:13.001118,1499.5,1.037,0.0011,"aoml_navis",1034.54492155567
"7901009",90,0,1,0.029904,1,0.007476,1,200.399985746646,1,4.83198708126675,1549.09997558594,1,4.35309982299805,34.923999786377,0.0299040004611015,0.0129828732460737,193.244705200195,-87.9314,25.8637,85.6224616632404,63,63,63,63,61,63,0,8045,1.29563008188212,26,-88,0.001869,51,2025-10-18 10:31:13.001118,1549.09997558594,1.037,0.0011,"aoml_navis",1034.77097846239
"7901009",90,0,1,0.020559,1,-0.001869,1,201.273885475915,1,4.83093179769153,1598.80004882812,1,4.34049987792969,34.9249992370605,0.020558999851346,0.00577016547322273,194.08740234375,-87.9314,25.8637,85.6224616632404,63,63,63,63,61,63,0,8045,1.29563008188212,26,-88,0.001869,51,2025-10-18 10:31:13.001118,1598.80004882812,1.037,0.0011,"aoml_navis",1034.99701701218
"7901009",90,0,1,0.028035,1,0.005607,1,201.862086912466,1,4.82987737156492,1648.59997558594,1,4.33010005950928,34.9259986877441,0.0280349999666214,0.0115403309464455,194.654602050781,-87.9314,25.8637,85.6224616632404,63,63,63,63,61,63,0,8045,1.29563008188212,26,-88,0.001869,51,2025-10-18 10:31:13.001118,1648.59997558594,1.037,0.0011,"aoml_navis",1035.22297055338
"7901009",90,0,1,0.031773,1,0.009345,1,202.233550076219,1,4.82879477665266,1699.80004882812,1,4.31920003890991,34.9269981384277,0.0317730009555817,0.0144254146143794,195.012802124023,-87.9314,25.8637,85.6224616632404,63,63,63,63,61,63,0,8045,1.29563008188212,26,-88,0.001869,51,2025-10-18 10:31:13.001118,1699.80004882812,1.037,0.0011,"aoml_navis",1035.45506306773
"7901009",90,0,1,0.029904,1,0.007476,1,202.642958657083,1,4.82774841385009,1749.69995117188,1,4.31389999389648,34.9269981384277,0.0299040004611015,0.0129828732460737,195.407592773438,-87.9314,25.8637,85.6224616632404,63,63,63,63,61,63,0,8045,1.29563008188212,26,-88,0.001869,51,2025-10-18 10:31:13.001118,1749.69995117188,1.037,0.0011,"aoml_navis",1035.6794868713
"7901009",90,0,1,0.028035,1,0.005607,1,203.37987194935,1,4.8267208096366,1798.90002441406,1,4.31239986419678,34.9269981384277,0.0280349999666214,0.0115403309464455,196.118194580078,-87.9314,25.8637,85.6224616632404,63,63,63,63,61,63,0,8045,1.29563008188212,26,-88,0.001869,51,2025-10-18 10:31:13.001118,1798.90002441406,1.037,0.0011,"aoml_navis",1035.89998203697
"7901009",90,0,1,0.029904,1,0.007476,1,204.360898648528,1,4.82565232694323,1849.80004882812,1,4.30620002746582,34.9280014038086,0.0299040004611015,0.0129828732460737,197.064193725586,-87.9314,25.8637,85.6224616632404,63,63,63,63,61,63,0,8045,1.29563008188212,26,-88,0.001869,51,2025-10-18 10:31:13.001118,1849.80004882812,1.037,0.0011,"aoml_navis",1036.12934816778
"7901009",90,0,1,0.029904,1,0.007476,1,204.45486023602,1,4.82461620918594,1899.40002441406,1,4.30530023574829,34.9290008544922,0.0299040004611015,0.0129828732460737,197.154800415039,-87.9314,25.8637,85.6224616632404,63,63,63,63,61,63,0,8045,1.29563008188212,26,-88,0.001869,51,2025-10-18 10:31:13.001118,1899.40002441406,1.037,0.0011,"aoml_navis",1036.35186369439
"7901009",90,0,1,0.028035,1,0.005607,1,204.69234348039,1,4.82357534346365,1949.69995117188,1,4.30579996109009,34.9280014038086,0.0280349999666214,0.0115403309464455,197.383804321289,-87.9314,25.8637,85.6224616632404,63,63,63,63,61,63,0,8045,1.29563008188212,26,-88,0.001869,51,2025-10-18 10:31:13.001118,1949.69995117188,1.037,0.0011,"aoml_navis",1036.57549514084
"7901009",90,0,1,0.028035,1,0.005607,1,204.570484574147,1,4.8225273372923,2000,1,4.30429983139038,34.9290008544922,0.0280349999666214,0.0115403309464455,197.266296386719,-87.9314,25.8637,85.6224616632404,63,63,63,63,61,63,0,8045,1.29563008188212,26,-88,0.001869,51,2025-10-18 10:31:13.001118,2000,1.037,0.0011,"aoml_navis",1036.8007582529
"7901009",91,0.142811596139549,5,0.042987,1,0.020559,1,192.129653470661,1,4.8866135329636,2.09999990463257,1,28.7490005493164,36.3930015563965,0.0429870001971722,0.460170716047287,185.269607543945,-88.0564,25.574,89.2987409914225,63,63,63,63,61,63,0.185031,8045,1.29563008188212,26,-88,0.001869,51,2025-10-28 18:05:30.001939,2.09999990463257,1.037,0.0011,"aoml_navis",1023.20348565966
"7901009",91,0.142811596139549,5,0.041118,1,0.01869,1,192.097088127594,1,4.88656075877877,4.09999990463257,1,28.746000289917,36.3950004577637,0.041117999702692,0.460170716047287,185.238204956055,-88.0564,25.574,89.2987409914225,63,63,63,63,61,63,0.185031,8045,1.29563008188212,26,-88,0.001869,51,2025-10-28 18:05:30.001939,4.09999990463257,1.037,0.0011,"aoml_navis",1023.21453611672
"7901009",91,0.142811596139549,5,0.041118,1,0.01869,1,192.070219345997,1,4.88652039559392,6,1,28.7450008392334,36.3950004577637,0.041117999702692,0.460170716047287,185.212295532227,-88.0564,25.574,89.2987409914225,63,63,63,63,61,63,0.185031,8045,1.29563008188212,26,-88,0.001869,51,2025-10-28 18:05:30.001939,6,1.037,0.0011,"aoml_navis",1023.22298797901
"7901009",91,0.142811596139549,5,0.048594,1,0.026166,1,192.119383836234,1,4.88647201023103,8,1,28.738000869751,36.3940010070801,0.0485940016806126,0.460170716047287,185.259704589844,-88.0564,25.574,89.2987409914225,63,63,63,63,61,63,0.185031,8045,1.29563008188212,26,-88,0.001869,51,2025-10-28 18:05:30.001939,8,1.037,0.0011,"aoml_navis",1023.23311983191
"7901009",91,0.142811596139549,5,0.046725,1,0.024297,1,192.121551694349,1,4.88642801368199,10,1,28.7360000610352,36.3940010070801,0.0467250011861324,0.460170716047287,185.261795043945,-88.0564,25.574,89.2987409914225,63,63,63,63,61,63,0.185031,8045,1.29563008188212,26,-88,0.001869,51,2025-10-28 18:05:30.001939,10,1.037,0.0011,"aoml_navis",1023.24233284518
"7901009",91,0.142811596139549,5,0.044856,1,0.022428,1,192.139907281306,1,4.88638242530009,12,1,28.7329998016357,36.3940010070801,0.0448560006916523,0.460170716047287,185.279495239258,-88.0564,25.574,89.2987409914225,63,63,63,63,61,63,0.185031,8045,1.29563008188212,26,-88,0.001869,51,2025-10-28 18:05:30.001939,12,1.037,0.0011,"aoml_navis",1023.25187936819
"7901009",91,0.142811596139549,5,0.05607,1,0.033642,1,192.166348820793,1,4.88634042693758,14,1,28.7299995422363,36.3930015563965,0.0560699999332428,0.460170716047287,185.304992675781,-88.0564,25.574,89.2987409914225,63,63,63,63,61,63,0.185031,8045,1.29563008188212,26,-88,0.001869,51,2025-10-28 18:05:30.001939,14,1.037,0.0011,"aoml_navis",1023.26067427391
"7901009",91,0.142811596139549,5,0.052332,1,0.029904,1,192.182536549635,1,4.88630122549813,16,1,28.7310009002686,36.3930015563965,0.0523319989442825,0.460170716047287,185.320602416992,-88.0564,25.574,89.2987409914225,63,63,63,63,61,63,0.185031,8045,1.29563008188212,26,-88,0.001869,51,2025-10-28 18:05:30.001939,16,1.037,0.0011,"aoml_navis",1023.26888361048
"7901009",91,0.142811596139549,5,0.061677,1,0.039249,1,192.068668615375,1,4.88625245279583,18,1,28.7259998321533,36.3930015563965,0.0616770014166832,0.460170716047287,185.210800170898,-88.0564,25.574,89.2987409914225,63,63,63,63,61,63,0.185031,8045,1.29563008188212,26,-88,0.001869,51,2025-10-28 18:05:30.001939,18,1.037,0.0011,"aoml_navis",1023.27909748893
"7901009",91,0.142811596139549,5,0.067284,1,0.044856,1,192.23022942816,1,4.88620569005518,20,1,28.7199993133545,36.3919982910156,0.0672840029001236,0.460170716047287,185.366592407227,-88.0564,25.574,89.2987409914225,63,63,63,63,61,63,0.185031,8045,1.29563008188212,26,-88,0.001869,51,2025-10-28 18:05:30.001939,20,1.037,0.0011,"aoml_navis",1023.28889063684
"7901009",91,0.142811596139549,5,0.072891,1,0.050463,1,192.193106835918,1,4.88616210691751,22,1,28.7159996032715,36.390998840332,0.0728909969329834,0.460170716047287,185.330795288086,-88.0564,25.574,89.2987409914225,63,63,63,63,61,63,0.185031,8045,1.29563008188212,26,-88,0.001869,51,2025-10-28 18:05:30.001939,22,1.037,0.0011,"aoml_navis",1023.29801807462
"7901009",91,0.142811596139549,5,0.071022,1,0.048594,1,192.221114929809,1,4.88615560849064,24,1,28.7150001525879,36.3810005187988,0.0710219964385033,0.460170716047287,185.357803344727,-88.0564,25.574,89.2987409914225,63,63,63,63,61,63,0.185031,8045,1.29563008188212,26,-88,0.001869,51,2025-10-28 18:05:30.001939,24,1.037,0.0011,"aoml_navis",1023.29937902746
"7901009",91,0.142811596139549,5,0.076629,1,0.054201,1,192.174751248961,1,4.88607734142179,26,1,28.7140007019043,36.390998840332,0.0766289979219437,0.460170716047287,185.313095092773,-88.0564,25.574,89.2987409914225,63,63,63,63,61,63,0.185031,8045,1.29563008188212,26,-88,0.001869,51,2025-10-28 18:05:30.001939,26,1.037,0.0011,"aoml_navis",1023.31577063106
"7901009",91,0.142811596139549,5,0.078498,1,0.05607,1,192.155367116183,1,4.88603655586388,28,1,28.7140007019043,36.390998840332,0.0784979984164238,0.460170716047287,185.294403076172,-88.0564,25.574,89.2987409914225,63,63,63,63,61,63,0.185031,8045,1.29563008188212,26,-88,0.001869,51,2025-10-28 18:05:30.001939,28,1.037,0.0011,"aoml_navis",1023.32431262704
"7901009",91,0.142811596139549,5,0.085974,1,0.063546,1,192.16946610582,1,4.88599417577427,30,1,28.7129993438721,36.390998840332,0.0859740003943443,0.460170716047287,185.307998657227,-88.0564,25.574,89.2987409914225,63,63,63,63,61,63,0.185031,8045,1.29563008188212,26,-88,0.001869,51,2025-10-28 18:05:30.001939,30,1.037,0.0011,"aoml_navis",1023.33318872769
"7901009",91,0.142811596139549,5,0.085974,1,0.063546,1,192.116994445174,1,4.88595339483789,32,1,28.7129993438721,36.390998840332,0.0859740003943443,0.460170716047287,185.257400512695,-88.0564,25.574,89.2987409914225,63,63,63,63,61,63,0.185031,8045,1.29563008188212,26,-88,0.001869,51,2025-10-28 18:05:30.001939,32,1.037,0.0011,"aoml_navis",1023.3417300465
"7901009",91,0.142811596139549,5,0.097188,1,0.07476,1,192.046895091536,1,4.88591102235119,34,1,28.7119998931885,36.390998840332,0.0971880033612251,0.460170716047287,185.189804077148,-88.0564,25.574,89.2987409914225,63,63,63,63,61,63,0.185031,8045,1.29563008188212,26,-88,0.001869,51,2025-10-28 18:05:30.001939,34,1.037,0.0011,"aoml_navis",1023.35060485688
"7901009",91,0.142811596139549,5,0.108402,1,0.085974,1,192.105791207617,1,4.88586865213883,36,1,28.7110004425049,36.390998840332,0.108401998877525,0.460170716047287,185.246597290039,-88.0564,25.574,89.2987409914225,63,63,63,63,61,63,0.185031,8045,1.29563008188212,26,-88,0.001869,51,2025-10-28 18:05:30.001939,36,1.037,0.0011,"aoml_navis",1023.35947934483
"7901009",91,0.142811596139549,5,0.108402,1,0.085974,1,192.034141123358,1,4.88582787810938,38,1,28.7110004425049,36.390998840332,0.108401998877525,0.460170716047287,185.177505493164,-88.0564,25.574,89.2987409914225,63,63,63,63,61,63,0.185031,8045,1.29563008188212,26,-88,0.001869,51,2025-10-28 18:05:30.001939,38,1.037,0.0011,"aoml_navis",1023.36801965582
"7901009",91,0.142811596139549,5,0.110271,1,0.087843,1,192.028128086251,1,4.88578710641373,40,1,28.7110004425049,36.390998840332,0.110270999372005,0.460170716047287,185.17170715332,-88.0564,25.574,89.2987409914225,63,63,63,63,61,63,0.185031,8045,1.29563008188212,26,-88,0.001869,51,2025-10-28 18:05:30.001939,40,1.037,0.0011,"aoml_navis",1023.37655962052
"7901009",91,0.142811596139549,5,0.11214,1,0.089712,1,191.998047076936,1,4.88574633705168,42,1,28.7110004425049,36.390998840332,0.112139999866486,0.460170716047287,185.142700195312,-88.0564,25.574,89.2987409914225,63,63,63,63,61,63,0.185031,8045,1.29563008188212,26,-88,0.001869,51,2025-10-28 18:05:30.001939,42,1.037,0.0011,"aoml_navis",1023.38509923896
"7901009",91,0.142811596139549,5,0.119616,1,0.097188,1,192.012668251374,1,4.885705570023,44,1,28.7110004425049,36.390998840332,0.119616001844406,0.460170716047287,185.156799316406,-88.0564,25.574,89.2987409914225,63,63,63,63,61,63,0.185031,8045,1.29563008188212,26,-88,0.001869,51,2025-10-28 18:05:30.001939,44,1.037,0.0011,"aoml_navis",1023.39363851114
"7901009",91,0.142811596139549,5,0.123354,1,0.100926,1,192.018997764118,1,4.88566480532748,46,1,28.7110004425049,36.390998840332,0.123354002833366,0.460170716047287,185.162902832031,-88.0564,25.574,89.2987409914225,63,63,63,63,61,63,0.185031,8045,1.29563008188212,26,-88,0.001869,51,2025-10-28 18:05:30.001939,46,1.037,0.0011,"aoml_navis",1023.40217743711
"7901009",91,0.142811596139549,5,0.123354,1,0.100926,1,191.957917966141,1,4.88562563714888,48,1,28.7119998931885,36.390998840332,0.123354002833366,0.460170716047287,185.10400390625,-88.0564,25.574,89.2987409914225,63,63,63,63,61,63,0.185031,8045,1.29563008188212,26,-88,0.001869,51,2025-10-28 18:05:30.001939,48,1.037,0.0011,"aoml_navis",1023.41038207706
"7901009",91,0.142811596139549,5,0.13083,1,0.108402,1,191.977001447063,1,4.88558487716689,50,1,28.7119998931885,36.390998840332,0.130830004811287,0.460170716047287,185.122406005859,-88.0564,25.574,89.2987409914225,63,63,63,63,61,63,0.185031,8045,1.29563008188212,26,-88,0.001869,51,2025-10-28 18:05:30.001939,50,1.037,0.0011,"aoml_navis",1023.41892029506
"7901009",91,0.142811596139549,5,0.136437,1,0.114009,1,191.880856148485,1,4.88554411951741,52,1,28.7119998931885,36.390998840332,0.136436998844147,0.460170716047287,185.029693603516,-88.0564,25.574,89.2987409914225,63,63,63,63,61,63,0.185031,8045,1.29563008188212,26,-88,0.001869,51,2025-10-28 18:05:30.001939,52,1.037,0.0011,"aoml_navis",1023.42745816691
"7901009",91,0.142811596139549,5,0.143913,1,0.121485,1,191.85017383546,1,4.88550336420024,54,1,28.7119998931885,36.390998840332,0.143913000822067,0.460170716047287,185.000106811523,-88.0564,25.574,89.2987409914225,63,63,63,63,61,63,0.185031,8045,1.29563008188212,26,-88,0.001869,51,2025-10-28 18:05:30.001939,54,1.037,0.0011,"aoml_navis",1023.43599569264
"7901009",91,0.142811596139549,5,0.147651,1,0.125223,1,191.867595819287,1,4.88546420562629,56,1,28.7129993438721,36.390998840332,0.147651001811028,0.460170716047287,185.016906738281,-88.0564,25.574,89.2987409914225,63,63,63,63,61,63,0.185031,8045,1.29563008188212,26,-88,0.001869,51,2025-10-28 18:05:30.001939,56,1.037,0.0011,"aoml_navis",1023.44419886278
"7901009",91,0.142811596139549,5,0.14952,1,0.127092,1,191.898388898785,1,4.8854234550209,58,1,28.7129993438721,36.390998840332,0.149519994854927,0.460170716047287,185.046600341797,-88.0564,25.574,89.2987409914225,63,63,63,63,61,63,0.185031,8045,1.29563008188212,26,-88,0.001869,51,2025-10-28 18:05:30.001939,58,1.037,0.0011,"aoml_navis",1023.45273568074
"7901009",91,0.142811596139549,5,0.147651,1,0.125223,1,191.843527847079,1,4.88538270674716,60,1,28.7129993438721,36.390998840332,0.147651001811028,0.460170716047287,184.993698120117,-88.0564,25.574,89.2987409914225,63,63,63,63,61,63,0.185031,8045,1.29563008188212,26,-88,0.001869,51,2025-10-28 18:05:30.001939,60,1.037,0.0011,"aoml_navis",1023.46127215265
"7901009",91,0.142811596139549,5,0.151389,1,0.128961,1,191.789505455811,1,4.88533997333054,62,1,28.7140007019043,36.3919982910156,0.151389002799988,0.460170716047287,184.941604614258,-88.0564,25.574,89.2987409914225,63,63,63,63,61,63,0.185031,8045,1.29563008188212,26,-88,0.001869,51,2025-10-28 18:05:30.001939,62,1.037,0.0011,"aoml_navis",1023.47022465077
"7901009",91,0.142811596139549,5,0.14952,1,0.127092,1,191.712760113792,1,4.88530082455269,64,1,28.7150001525879,36.3919982910156,0.149519994854927,0.460170716047287,184.867599487305,-88.0564,25.574,89.2987409914225,63,63,63,63,61,63,0.185031,8045,1.29563008188212,26,-88,0.001869,51,2025-10-28 18:05:30.001939,64,1.037,0.0011,"aoml_navis",1023.47842631734
"7901009",91,0.142811596139549,5,0.143913,1,0.121485,1,191.766687562369,1,4.88526008347638,66,1,28.7150001525879,36.3919982910156,0.143913000822067,0.460170716047287,184.91960144043,-88.0564,25.574,89.2987409914225,63,63,63,63,61,63,0.185031,8045,1.29563008188212,26,-88,0.001869,51,2025-10-28 18:05:30.001939,66,1.037,0.0011,"aoml_navis",1023.48696170992
"7901009",91,0.142811596139549,5,0.143913,1,0.121485,1,191.710070070876,1,4.88522093953948,68,1,28.7159996032715,36.3919982910156,0.143913000822067,0.460170716047287,184.865005493164,-88.0564,25.574,89.2987409914225,63,63,63,63,61,63,0.185031,8045,1.29563008188212,26,-88,0.001869,51,2025-10-28 18:05:30.001939,68,1.037,0.0011,"aoml_navis",1023.49516263052
"7901009",91,0.142811596139549,5,0.153258,1,0.13083,1,191.645762221399,1,4.8851802031723,70,1,28.7159996032715,36.3919982910156,0.153257995843887,0.460170716047287,184.802993774414,-88.0564,25.574,89.2987409914225,63,63,63,63,61,63,0.185031,8045,1.29563008188212,26,-88,0.001869,51,2025-10-28 18:05:30.001939,70,1.037,0.0011,"aoml_navis",1023.50369731564
"7901009",91,0.142811596139549,5,0.16821,1,0.145782,1,191.579080804644,1,4.88513627936283,72,1,28.7140007019043,36.3919982910156,0.168209999799728,0.460170716047287,184.738693237305,-88.0564,25.574,89.2987409914225,63,63,63,63,61,63,0.185031,8045,1.29563008188212,26,-88,0.001869,51,2025-10-28 18:05:30.001939,72,1.037,0.0011,"aoml_navis",1023.51289996195
"7901009",91,0.142811596139549,5,0.171948,1,0.14952,1,191.470513837306,1,4.88509394963648,74,1,28.7129993438721,36.3919982910156,0.171948000788689,0.460170716047287,184.634002685547,-88.0564,25.574,89.2987409914225,63,63,63,63,61,63,0.185031,8045,1.29563008188212,26,-88,0.001869,51,2025-10-28 18:05:30.001939,74,1.037,0.0011,"aoml_navis",1023.52176878237
"7901009",91,0.142811596139549,5,0.177555,1,0.155127,1,191.457126917853,1,4.88505322011627,76,1,28.7129993438721,36.3919982910156,0.177554994821548,0.460170716047287,184.62109375,-88.0564,25.574,89.2987409914225,63,63,63,63,61,63,0.185031,8045,1.29563008188212,26,-88,0.001869,51,2025-10-28 18:05:30.001939,76,1.037,0.0011,"aoml_navis",1023.53030247662
"7901009",91,0.142811596139549,5,0.173817,1,0.151389,1,191.374890723529,1,4.88501249292578,78,1,28.7129993438721,36.3919982910156,0.173816993832588,0.460170716047287,184.541793823242,-88.0564,25.574,89.2987409914225,63,63,63,63,61,63,0.185031,8045,1.29563008188212,26,-88,0.001869,51,2025-10-28 18:05:30.001939,78,1.037,0.0011,"aoml_navis",1023.53883582503
"7901009",91,0.142811596139549,5,0.185031,1,0.162603,1,191.317751047235,1,4.8849721622698,80,1,28.7110004425049,36.390998840332,0.185030996799469,0.460170716047287,184.486694335938,-88.0564,25.574,89.2987409914225,63,63,63,63,61,63,0.185031,8045,1.29563008188212,26,-88,0.001869,51,2025-10-28 18:05:30.001939,80,1.037,0.0011,"aoml_navis",1023.54728622993
"7901009",91,0.142811596139549,5,0.181293,1,0.158865,1,191.229406873114,1,4.8849298415297,82,1,28.7099990844727,36.390998840332,0.181292995810509,0.460170716047287,184.401504516602,-88.0564,25.574,89.2987409914225,63,63,63,63,61,63,0.185031,8045,1.29563008188212,26,-88,0.001869,51,2025-10-28 18:05:30.001939,82,1.037,0.0011,"aoml_navis",1023.55615376336
"7901009",91,0.142811596139549,5,0.188769,1,0.166341,1,191.113054605101,1,4.88487795092802,84,1,28.7029991149902,36.390998840332,0.188768997788429,0.460170716047287,184.289306640625,-88.0564,25.574,89.2987409914225,63,63,63,63,61,63,0.185031,8045,1.29563008188212,26,-88,0.001869,51,2025-10-28 18:05:30.001939,84,1.037,0.0011,"aoml_navis",1023.56702669513
"7901009",91,0.142811596139549,5,0.192507,1,0.170079,1,191.038999305999,1,4.88483404296275,86,1,28.701000213623,36.390998840332,0.19250699877739,0.460170716047287,184.217895507812,-88.0564,25.574,89.2987409914225,63,63,63,63,61,63,0.185031,8045,1.29563008188212,26,-88,0.001869,51,2025-10-28 18:05:30.001939,86,1.037,0.0011,"aoml_navis",1023.5762271603
"7901009",91,0.142811596139549,5,0.207459,1,0.185031,1,190.723852866486,1,4.88478485956958,88.1999969482422,1,28.6959991455078,36.3899993896484,0.207459002733231,0.460170716047287,183.914001464844,-88.0564,25.574,89.2987409914225,63,63,63,63,61,63,0.185031,8045,1.29563008188212,26,-88,0.001869,51,2025-10-28 18:05:30.001939,88.1999969482422,1.037,0.0011,"aoml_navis",1023.58653323385
"7901009",91,0.165892258141901,1,0.237363,1,0.214935,1,189.841139019239,1,4.88469402447325,89.9000015258789,1,28.6539993286133,36.3870010375977,0.237362995743752,0.460170716047287,183.062805175781,-88.0564,25.574,89.2987409914225,63,63,63,63,61,63,0.214935,8045,1.29563008188212,26,-88,0.001869,51,2025-10-28 18:05:30.001939,89.9000015258789,1.037,0.0011,"aoml_navis",1023.60556770783
"7901009",91,0.274082861277923,1,0.377538,1,0.35511,1,187.396443840865,1,4.8842767386487,92,1,28.3889999389648,36.3740005493164,0.377537995576859,0.460170716047287,180.70539855957,-88.0564,25.574,89.2987409914225,63,63,63,63,61,63,0.35511,8045,1.29563008188212,26,-88,0.001869,51,2025-10-28 18:05:30.001939,92,1.037,0.0011,"aoml_navis",1023.69301895521
"7901009",91,0.346209930035271,1,0.470988,1,0.44856,1,186.962856394134,1,4.88346753642731,94,1,27.882999420166,36.3660011291504,0.470988005399704,0.460170716047287,180.287292480469,-88.0564,25.574,89.2987409914225,63,63,63,63,61,63,0.44856,8045,1.29563008188212,26,-88,0.001869,51,2025-10-28 18:05:30.001939,94,1.037,0.0011,"aoml_navis",1023.8626473307
"7901009",91,0.370733133412769,1,0.502761,1,0.480333,1,186.959549223725,1,4.88330813682111,96,1,27.7980003356934,36.3619995117188,0.502761006355286,0.460170716047287,180.284103393555,-88.0564,25.574,89.2987409914225,63,63,63,63,61,63,0.480333,8045,1.29563008188212,26,-88,0.001869,51,2025-10-28 18:05:30.001939,96,1.037,0.0011,"aoml_navis",1023.8960679747
"7901009",91,0.383716005789092,1,0.519582,1,0.497154,1,186.785946512945,1,4.88319892507958,98,1,27.7450008392334,36.3580017089844,0.519581973552704,0.460170716047287,180.11669921875,-88.0564,25.574,89.2987409914225,63,63,63,63,61,63,0.497154,8045,1.29563008188212,26,-88,0.001869,51,2025-10-28 18:05:30.001939,98,1.037,0.0011,"aoml_navis",1023.91896720008
"7901009",91,0.393813795415121,1,0.532665,1,0.510237,1,186.463742666723,1,4.88305599146506,100,1,27.6679992675781,36.3530006408691,0.532665014266968,0.460170716047287,179.805999755859,-88.0564,25.574,89.2987409914225,63,63,63,63,61,63,0.510237,8045,1.29563008188212,26,-88,0.001869,51,2025-10-28 18:05:30.001939,100,1.037,0.0011,"aoml_navis",1023.94893868498
"7901009",91,0.42266462291806,1,0.570045,1,0.547617,1,185.575522143389,1,4.88285106621153,102,1,27.5510005950928,36.3479995727539,0.570044994354248,0.460170716047287,178.949493408203,-88.0564,25.574,89.2987409914225,63,63,63,63,61,63,0.547617,8045,1.29563008188212,26,-88,0.001869,51,2025-10-28 18:05:30.001939,102,1.037,0.0011,"aoml_navis",1023.99191214312
"7901009",91,0.451515450420999,1,0.607425,1,0.584997,1,185.031294813897,1,4.88270002637043,104,1,27.4799995422363,36.3479995727539,0.607424974441528,0.460170716047287,178.424697875977,-88.0564,25.574,89.2987409914225,63,63,63,63,61,63,0.584997,8045,1.29563008188212,26,-88,0.001869,51,2025-10-28 18:05:30.001939,104,1.037,0.0011,"aoml_navis",1024.02358797306
"7901009",91,0.444302743545265,1,0.59808,1,0.575652,1,184.059809550419,1,4.88261117040209,106,1,27.4489994049072,36.3479995727539,0.598079979419708,0.460170716047287,177.487899780273,-88.0564,25.574,89.2987409914225,63,63,63,63,61,63,0.575652,8045,1.29563008188212,26,-88,0.001869,51,2025-10-28 18:05:30.001939,106,1.037,0.0011,"aoml_navis",1024.04222361787
"7901009",91,0.460170698671881,1,0.618639,1,0.596211,1,182.08789732644,1,4.88246223113889,108,1,27.4069995880127,36.3600006103516,0.61863899230957,0.460170716047287,175.586395263672,-88.0564,25.574,89.2987409914225,63,63,63,63,61,63,0.596211,8045,1.29563008188212,26,-88,0.001869,51,2025-10-28 18:05:30.001939,108,1.037,0.0011,"aoml_navis",1024.07346197406
"7901009",91,0.497676774425702,1,0.667233,1,0.644805,1,179.448047446393,1,4.88228926424139,110,1,27.4120006561279,36.398998260498,0.667232990264893,0.460170716047287,173.040802001953,-88.0564,25.574,89.2987409914225,63,63,63,63,61,63,0.644805,8045,1.29563008188212,26,-88,0.001869,51,2025-10-28 18:05:30.001939,110,1.037,0.0011,"aoml_navis",1024.1097422516
"7901009",91,0.452957991796146,1,0.609294,1,0.586866,1,177.638218220001,1,4.88202910012579,112,1,27.3120002746582,36.4169998168945,0.60929399728775,0.460170716047287,171.295593261719,-88.0564,25.574,89.2987409914225,63,63,63,63,61,63,0.586866,8045,1.29563008188212,26,-88,0.001869,51,2025-10-28 18:05:30.001939,112,1.037,0.0011,"aoml_navis",1024.1643172244
"7901009",91,0.452957991796146,1,0.609294,1,0.586866,1,176.297659068433,1,4.88183339319386,114,1,27.2140007019043,36.4179992675781,0.60929399728775,0.460170716047287,170.002899169922,-88.0564,25.574,89.2987409914225,63,63,63,63,61,63,0.586866,8045,1.29563008188212,26,-88,0.001869,51,2025-10-28 18:05:30.001939,114,1.037,0.0011,"aoml_navis",1024.20537476164
"7901009",91,0.445745284920411,1,0.599949,1,0.577521,1,174.468129233626,1,4.88170284344432,116,1,27.2000007629395,36.4370002746582,0.59994900226593,0.452958017587662,168.238693237305,-88.0564,25.574,89.2987409914225,63,63,63,63,61,63,0.577521,8045,1.29563008188212,26,-88,0.001869,51,2025-10-28 18:05:30.001939,116,1.037,0.0011,"aoml_navis",1024.23276474408
"7901009",91,0.448630367670705,1,0.603687,1,0.581259,1,172.195185383554,1,4.88147987278229,118,1,27.1399993896484,36.4620018005371,0.603686988353729,0.455843061208725,166.046905517578,-88.0564,25.574,89.2987409914225,63,63,63,63,61,63,0.581259,8045,1.29563008188212,26,-88,0.001869,51,2025-10-28 18:05:30.001939,118,1.037,0.0011,"aoml_navis",1024.27954847843
"7901009",91,0.376503298913357,1,0.510237,1,0.487809,1,170.874105307454,1,4.88118631920894,120,1,27.0340003967285,36.4869995117188,0.510236978530884,0.383715987205505,164.772994995117,-88.0564,25.574,89.2987409914225,63,63,63,63,61,63,0.487809,8045,1.29563008188212,26,-88,0.001869,51,2025-10-28 18:05:30.001939,120,1.037,0.0011,"aoml_navis",1024.34114844654
"7901009",91,0.350537554160712,1,0.476595,1,0.454167,1,169.839150854937,1,4.88096322873615,122,1,26.9619998931885,36.5069999694824,0.476595014333725,0.35775026679039,163.774993896484,-88.0564,25.574,89.2987409914225,63,63,63,63,61,63,0.454167,8045,1.29563008188212,26,-88,0.001869,51,2025-10-28 18:05:30.001939,122,1.037,0.0011,"aoml_navis",1024.38796722807
"7901009",91,0.313031478406891,1,0.428001,1,0.405573,1,168.316903040059,1,4.88074381243288,124,1,26.9039993286133,36.5320014953613,0.42800098657608,0.320244193077087,162.307098388672,-88.0564,25.574,89.2987409914225,63,63,63,63,61,63,0.405573,8045,1.29563008188212,26,-88,0.001869,51,2025-10-28 18:05:30.001939,124,1.037,0.0011,"aoml_navis",1024.43401910654
"7901009",91,0.266870154402188,1,0.368193,1,0.345765,1,166.372587491644,1,4.88036962745065,126,1,26.7469997406006,36.5579986572266,0.368193000555038,0.274082869291306,160.432205200195,-88.0564,25.574,89.2987409914225,63,63,63,63,61,63,0.345765,8045,1.29563008188212,26,-88,0.001869,51,2025-10-28 18:05:30.001939,126,1.037,0.0011,"aoml_navis",1024.51256394115
"7901009",91,0.252444740650718,1,0.349503,1,0.327075,1,165.024654457729,1,4.88003370680317,128,1,26.5909996032715,36.5740013122559,0.349503010511398,0.259657442569733,159.132400512695,-88.0564,25.574,89.2987409914225,63,63,63,63,61,63,0.327075,8045,1.29563008188212,26,-88,0.001869,51,2025-10-28 18:05:30.001939,128,1.037,0.0011,"aoml_navis",1024.58308700401
"7901009",91,0.207725958021163,1,0.291564,1,0.269136,1,163.864945309032,1,4.87973905695075,130,1,26.4190006256104,36.5719985961914,0.291563987731934,0.214938670396805,158.014099121094,-88.0564,25.574,89.2987409914225,63,63,63,63,61,63,0.269136,8045,1.29563008188212,26,-88,0.001869,51,2025-10-28 18:05:30.001939,130,1.037,0.0011,"aoml_navis",1024.64495368414
"7901009",91,0.175990047767929,1,0.250446,1,0.228018,1,163.002754906857,1,4.87946069413837,132,1,26.2689990997314,36.5750007629395,0.250445991754532,0.183202758431435,157.182693481445,-88.0564,25.574,89.2987409914225,63,63,63,63,61,63,0.228018,8045,1.29563008188212,26,-88,0.001869,51,2025-10-28 18:05:30.001939,132,1.037,0.0011,"aoml_navis",1024.70340749059
"7901009",91,0.142811596139549,1,0.207459,1,0.185031,1,161.838899927313,1,4.8791553015558,134,1,26.1529998779297,36.5999984741211,0.207459002733231,0.150024309754372,156.060394287109,-88.0564,25.574,89.2987409914225,63,63,63,63,61,63,0.185031,8045,1.29563008188212,26,-88,0.001869,51,2025-10-28 18:05:30.001939,134,1.037,0.0011,"aoml_navis",1024.76754498994
"7901009",91,0.106748061760875,1,0.160734,1,0.138306,1,160.349106689028,1,4.87890200750388,136,1,26.0690002441406,36.6240005493164,0.160733997821808,0.113960765302181,154.623794555664,-88.0564,25.574,89.2987409914225,63,63,63,63,61,63,0.138306,8045,1.29563008188212,26,-88,0.001869,51,2025-10-28 18:05:30.001939,136,1.037,0.0011,"aoml_navis",1024.82074702666
"7901009",91,0.0879950238839647,1,0.136437,1,0.114009,1,159.439634826657,1,4.87842560389385,138,1,25.867000579834,36.6609992980957,0.136436998844147,0.0952077284455299,153.746795654297,-88.0564,25.574,89.2987409914225,63,63,63,63,61,63,0.114009,8045,1.29563008188212,26,-88,0.001869,51,2025-10-28 18:05:30.001939,138,1.037,0.0011,"aoml_navis",1024.92082609789
"7901009",91,0.0851099411336708,1,0.132699,1,0.110271,1,158.616450046765,1,4.87815530662002,140,1,25.7590007781982,36.6800003051758,0.132698997855186,0.0923226475715637,152.953002929688,-88.0564,25.574,89.2987409914225,63,63,63,63,61,63,0.110271,8045,1.29563008188212,26,-88,0.001869,51,2025-10-28 18:05:30.001939,140,1.037,0.0011,"aoml_navis",1024.97761668527
"7901009",91,0.0692419860070542,1,0.11214,1,0.089712,1,157.99527166609,1,4.8779548494196,142,1,25.6879997253418,36.6949996948242,0.112139999866486,0.0764546915888786,152.35400390625,-88.0564,25.574,89.2987409914225,63,63,63,63,61,63,0.089712,8045,1.29563008188212,26,-88,0.001869,51,2025-10-28 18:05:30.001939,142,1.037,0.0011,"aoml_navis",1025.01973764577
"7901009",91,0.0649143618816133,1,0.106533,1,0.084105,1,157.095025068543,1,4.87774837579528,144,1,25.6079998016357,36.7080001831055,0.106532998383045,0.072127066552639,151.485900878906,-88.0564,25.574,89.2987409914225,63,63,63,63,61,63,0.084105,8045,1.29563008188212,26,-88,0.001869,51,2025-10-28 18:05:30.001939,144,1.037,0.0011,"aoml_navis",1025.06312642353
"7901009",91,0.0548165722555846,1,0.09345,1,0.071022,1,156.450095191298,1,4.87746560364654,146,1,25.5200004577637,36.7389984130859,0.0934500023722649,0.0620292760431767,150.863998413086,-88.0564,25.574,89.2987409914225,63,63,63,63,61,63,0.071022,8045,1.29563008188212,26,-88,0.001869,51,2025-10-28 18:05:30.001939,146,1.037,0.0011,"aoml_navis",1025.12255468534
"7901009",91,0.0591441963810255,1,0.099057,1,0.076629,1,156.003136648896,1,4.87728073103199,148,1,25.44700050354,36.7490005493164,0.0990569964051247,0.0663569048047066,150.432998657227,-88.0564,25.574,89.2987409914225,63,63,63,63,61,63,0.076629,8045,1.29563008188212,26,-88,0.001869,51,2025-10-28 18:05:30.001939,148,1.037,0.0011,"aoml_navis",1025.16141180621
"7901009",91,0.076454692882789,1,0.121485,1,0.099057,1,156.307301383798,1,4.87697865980311,150,1,25.3309993743896,36.773998260498,0.121485002338886,0.0836673974990845,150.726303100586,-88.0564,25.574,89.2987409914225,63,63,63,63,61,63,0.099057,8045,1.29563008188212,26,-88,0.001869,51,2025-10-28 18:05:30.001939,150,1.037,0.0011,"aoml_navis",1025.2249084481
"7901009",91,0.0605867377561724,1,0.100926,1,0.078498,1,155.480271424914,1,4.87655694787034,152,1,25.1480007171631,36.8050003051758,0.100925996899605,0.0677994415163994,149.928802490234,-88.0564,25.574,89.2987409914225,63,63,63,63,61,63,0.078498,8045,1.29563008188212,26,-88,0.001869,51,2025-10-28 18:05:30.001939,152,1.037,0.0011,"aoml_navis",1025.31356722566
"7901009",91,0.0519314895052907,1,0.089712,1,0.067284,1,154.170188877207,1,4.8761722363979,154,1,24.9599990844727,36.8240013122559,0.0897120013833046,0.0591441951692104,148.665496826172,-88.0564,25.574,89.2987409914225,63,63,63,63,61,63,0.067284,8045,1.29563008188212,26,-88,0.001869,51,2025-10-28 18:05:30.001939,154,1.037,0.0011,"aoml_navis",1025.39446057254
"7901009",91,0.0432762412544089,1,0.078498,1,0.05607,1,152.885424380475,1,4.87590498031108,156,1,24.8320007324219,36.8349990844727,0.0784979984164238,0.0504889488220215,147.426605224609,-88.0564,25.574,89.2987409914225,63,63,63,63,61,63,0.05607,8045,1.29563008188212,26,-88,0.001869,51,2025-10-28 18:05:30.001939,156,1.037,0.0011,"aoml_navis",1025.45066406954
"7901009",91,0.0317359102532332,1,0.063546,1,0.041118,1,150.64139057986,1,4.87547913336597,158,1,24.6340007781982,36.8619995117188,0.0635460019111633,0.038948617875576,145.2626953125,-88.0564,25.574,89.2987409914225,63,63,63,63,61,63,0.041118,8045,1.29563008188212,26,-88,0.001869,51,2025-10-28 18:05:30.001939,158,1.037,0.0011,"aoml_navis",1025.54023168346
"7901009",91,0.0230806620023514,1,0.052332,1,0.029904,1,148.743122236656,1,4.875092082818,160,1,24.4370002746582,36.8790016174316,0.0523319989442825,0.0302933678030968,143.432205200195,-88.0564,25.574,89.2987409914225,63,63,63,63,61,63,0.029904,8045,1.29563008188212,26,-88,0.001869,51,2025-10-28 18:05:30.001939,160,1.037,0.0011,"aoml_navis",1025.621652896
"7901009",91,0.0144254137514696,1,0.041118,1,0.01869,1,147.528346327088,1,4.87462176874131,162,1,24.1809997558594,36.8959999084473,0.041117999702692,0.0216381195932627,142.260803222656,-88.0564,25.574,89.2987409914225,63,63,63,63,61,63,0.01869,8045,1.29563008188212,26,-88,0.001869,51,2025-10-28 18:05:30.001939,162,1.037,0.0011,"aoml_navis",1025.72060709667
"7901009",91,0.0173104965017636,1,0.044856,1,0.022428,1,147.069361710473,1,4.87434532589897,164,1,24.0340003967285,36.9029998779297,0.0448560006916523,0.0245232041925192,141.818206787109,-88.0564,25.574,89.2987409914225,63,63,63,63,61,63,0.022428,8045,1.29563008188212,26,-88,0.001869,51,2025-10-28 18:05:30.001939,164,1.037,0.0011,"aoml_navis",1025.77877965137
"7901009",91,0.0230806620023514,1,0.052332,1,0.029904,1,146.602386084019,1,4.87408315439643,166,1,23.8990001678467,36.9109992980957,0.0523319989442825,0.0302933678030968,141.367904663086,-88.0564,25.574,89.2987409914225,63,63,63,63,61,63,0.029904,8045,1.29563008188212,26,-88,0.001869,51,2025-10-28 18:05:30.001939,166,1.037,0.0011,"aoml_navis",1025.83395514908
"7901009",91,0.0158679551266166,1,0.042987,1,0.020559,1,146.269390418569,1,4.87385069119914,168,1,23.7870006561279,36.9199981689453,0.0429870001971722,0.0230806618928909,141.046798706055,-88.0564,25.574,89.2987409914225,63,63,63,63,61,63,0.020559,8045,1.29563008188212,26,-88,0.001869,51,2025-10-28 18:05:30.001939,168,1.037,0.0011,"aoml_navis",1025.88288332851
"7901009",91,0.0115403310011757,1,0.03738,1,0.014952,1,146.053063496769,1,4.87365931299521,170,1,23.6909999847412,36.923999786377,0.0373799987137318,0.0187530387192965,140.838195800781,-88.0564,25.574,89.2987409914225,63,63,63,63,61,63,0.014952,8045,1.29563008188212,26,-88,0.001869,51,2025-10-28 18:05:30.001939,170,1.037,0.0011,"aoml_navis",1025.92316756075
"7901009",91,0.0115403310011757,1,0.03738,1,0.014952,1,145.971460253719,1,4.87350090986378,172,1,23.613000869751,36.9259986877441,0.0373799987137318,0.0187530387192965,140.759506225586,-88.0564,25.574,89.2987409914225,63,63,63,63,61,63,0.014952,8045,1.29563008188212,26,-88,0.001869,51,2025-10-28 18:05:30.001939,172,1.037,0.0011,"aoml_navis",1025.95651308491
"7901009",91,0.0144254137514696,1,0.041118,1,0.01869,1,145.735733375359,1,4.87340777583012,174,1,23.576000213623,36.9259986877441,0.041117999702692,0.0216381195932627,140.532196044922,-88.0564,25.574,89.2987409914225,63,63,63,63,61,63,0.01869,8045,1.29563008188212,26,-88,0.001869,51,2025-10-28 18:05:30.001939,174,1.037,0.0011,"aoml_navis",1025.97611978988
"7901009",91,0.0115403310011757,1,0.03738,1,0.014952,1,145.638876006598,1,4.87323935099193,176,1,23.4829998016357,36.9249992370605,0.0373799987137318,0.0187530387192965,140.43879699707,-88.0564,25.574,89.2987409914225,63,63,63,63,61,63,0.014952,8045,1.29563008188212,26,-88,0.001869,51,2025-10-28 18:05:30.001939,176,1.037,0.0011,"aoml_navis",1026.01157872171
"7901009",91,0.0158679551266166,1,0.042987,1,0.020559,1,145.333793492348,1,4.87309451353342,178,1,23.4039993286133,36.9230003356934,0.0429870001971722,0.0230806618928909,140.144607543945,-88.0564,25.574,89.2987409914225,63,63,63,63,61,63,0.020559,8045,1.29563008188212,26,-88,0.001869,51,2025-10-28 18:05:30.001939,178,1.037,0.0011,"aoml_navis",1026.0420736996
"7901009",91,0.0144254137514696,1,0.041118,1,0.01869,1,145.448278554101,1,4.87282282115331,180,1,23.242000579834,36.923999786377,0.041117999702692,0.0216381195932627,140.255004882812,-88.0564,25.574,89.2987409914225,63,63,63,63,61,63,0.01869,8045,1.29563008188212,26,-88,0.001869,51,2025-10-28 18:05:30.001939,180,1.037,0.0011,"aoml_navis",1026.0992823902
"7901009",91,0.0144254137514696,1,0.041118,1,0.01869,1,145.133543532916,1,4.87252342208805,182,1,23.0620002746582,36.9259986877441,0.041117999702692,0.0216381195932627,139.951507568359,-88.0564,25.574,89.2987409914225,63,63,63,63,61,63,0.01869,8045,1.29563008188212,26,-88,0.001869,51,2025-10-28 18:05:30.001939,182,1.037,0.0011,"aoml_navis",1026.162332506
"7901009",91,0.00721270687573481,1,0.031773,1,0.009345,1,144.906741267525,1,4.87228594273067,184,1,22.9179992675781,36.9249992370605,0.0317730009555817,0.0144254146143794,139.732803344727,-88.0564,25.574,89.2987409914225,63,63,63,63,61,63,0.009345,8045,1.29563008188212,26,-88,0.001869,51,2025-10-28 18:05:30.001939,184,1.037,0.0011,"aoml_navis",1026.21234853013
"7901009",91,0.0129828723763227,1,0.039249,1,0.016821,1,144.727948356295,1,4.87212558060465,186,1,22.8239994049072,36.9220008850098,0.0392489992082119,0.0201955791562796,139.560394287109,-88.0564,25.574,89.2987409914225,63,63,63,63,61,63,0.016821,8045,1.29563008188212,26,-88,0.001869,51,2025-10-28 18:05:30.001939,186,1.037,0.0011,"aoml_navis",1026.24612549077
"7901009",91,0.00288508275029393,1,0.026166,1,0.003738,1,144.399636530275,1,4.87198543110773,188,1,22.7469997406006,36.9199981689453,0.0261659994721413,0.0100977895781398,139.243804931641,-88.0564,25.574,89.2987409914225,63,63,63,63,61,63,0.003738,8045,1.29563008188212,26,-88,0.001869,51,2025-10-28 18:05:30.001939,188,1.037,0.0011,"aoml_navis",1026.27564690052
"7901009",91,0.00432762412544089,1,0.028035,1,0.005607,1,144.327037019104,1,4.87176423872074,190,1,22.6110000610352,36.9179992675781,0.0280349999666214,0.0115403309464455,139.173797607422,-88.0564,25.574,89.2987409914225,63,63,63,63,61,63,0.005607,8045,1.29563008188212,26,-88,0.001869,51,2025-10-28 18:05:30.001939,190,1.037,0.0011,"aoml_navis",1026.32224282531
"7901009",91,0.00577016550058785,1,0.029904,1,0.007476,1,143.971650702323,1,4.87150982778257,192,1,22.4449996948242,36.9140014648438,0.0299040004611015,0.0129828732460737,138.831100463867,-88.0564,25.574,89.2987409914225,63,63,63,63,61,63,0.007476,8045,1.29563008188212,26,-88,0.001869,51,2025-10-28 18:05:30.001939,192,1.037,0.0011,"aoml_navis",1026.37584173281
"7901009",91,0.00144254137514696,1,0.024297,1,0.001869,1,143.469736165523,1,4.87129679514381,194,1,22.2980003356934,36.9059982299805,0.0242970008403063,0.0086552482098341,138.347106933594,-88.0564,25.574,89.2987409914225,63,63,63,63,61,63,0.001869,8045,1.29563008188212,26,-88,0.001869,51,2025-10-28 18:05:30.001939,194,1.037,0.0011,"aoml_navis",1026.42072743022
"7901009",91,0.00144254137514696,1,0.024297,1,0.001869,1,142.865552526566,1,4.87112981953793,196,1,22.1790008544922,36.8959999084473,0.0242970008403063,0.0086552482098341,137.764495849609,-88.0564,25.574,89.2987409914225,63,63,63,63,61,63,0.001869,8045,1.29563008188212,26,-88,0.001869,51,2025-10-28 18:05:30.001939,196,1.037,0.0011,"aoml_navis",1026.45591171584
"7901009",91,0.00144254137514696,1,0.024297,1,0.001869,1,142.703058110651,1,4.87097785870492,198,1,22.076000213623,36.8880004882812,0.0242970008403063,0.0086552482098341,137.607803344727,-88.0564,25.574,89.2987409914225,63,63,63,63,61,63,0.001869,8045,1.29563008188212,26,-88,0.001869,51,2025-10-28 18:05:30.001939,198,1.037,0.0011,"aoml_navis",1026.48793425831
"7901009",91,0.00144254137514696,1,0.024297,1,0.001869,1,142.747238109603,1,4.870769581038,200,1,21.9230003356934,36.8769989013672,0.0242970008403063,0.0086552482098341,137.650405883789,-88.0564,25.574,89.2987409914225,63,63,63,63,61,63,0.001869,8045,1.29563008188212,26,-88,0.001869,51,2025-10-28 18:05:30.001939,200,1.037,0.0011,"aoml_navis",1026.53182763256
"7901009",91,-0.00144254137514696,1,0.020559,1,-0.001869,1,142.64466835559,1,4.87055766085511,202,1,21.7719993591309,36.8680000305176,0.020558999851346,0.00577016547322273,137.551498413086,-88.0564,25.574,89.2987409914225,63,63,63,63,61,63,-0.001869,8045,1.29563008188212,26,-88,0.001869,51,2025-10-28 18:05:30.001939,202,1.037,0.0011,"aoml_navis",1026.57649250007
"7901009",91,0.00144254137514696,1,0.024297,1,0.001869,1,142.347450260924,1,4.87034591227655,204,1,21.6070003509521,36.8540000915527,0.0242970008403063,0.0086552482098341,137.264892578125,-88.0564,25.574,89.2987409914225,63,63,63,63,61,63,0.001869,8045,1.29563008188212,26,-88,0.001869,51,2025-10-28 18:05:30.001939,204,1.037,0.0011,"aoml_navis",1026.62112508203
"7901009",91,0.00144254137514696,1,0.024297,1,0.001869,1,141.762682402308,1,4.87013818657878,206,1,21.4090003967285,36.8269996643066,0.0242970008403063,0.0086552482098341,136.70100402832,-88.0564,25.574,89.2987409914225,63,63,63,63,61,63,0.001869,8045,1.29563008188212,26,-88,0.001869,51,2025-10-28 18:05:30.001939,206,1.037,0.0011,"aoml_navis",1026.66491348831
"7901009",91,0.00577016550058785,1,0.029904,1,0.007476,1,141.219372852164,1,4.86993097012166,208,1,21.1720008850098,36.7859992980957,0.0299040004611015,0.0129828732460737,136.177093505859,-88.0564,25.574,89.2987409914225,63,63,63,63,61,63,0.007476,8045,1.29563008188212,26,-88,0.001869,51,2025-10-28 18:05:30.001939,208,1.037,0.0011,"aoml_navis",1026.70859826892
"7901009",91,0.0115403310011757,1,0.03738,1,0.014952,1,141.207046126096,1,4.86972503467325,210,1,20.9150009155273,36.7379989624023,0.0373799987137318,0.0187530387192965,136.16520690918,-88.0564,25.574,89.2987409914225,63,63,63,63,61,63,0.014952,8045,1.29563008188212,26,-88,0.001869,51,2025-10-28 18:05:30.001939,210,1.037,0.0011,"aoml_navis",1026.75201667428
"7901009",91,0.0100977896260287,1,0.035511,1,0.013083,1,141.481335560847,1,4.86953683806654,212,1,20.75,36.7190017700195,0.0355109982192516,0.0173104964196682,136.429702758789,-88.0564,25.574,89.2987409914225,63,63,63,63,61,63,0.013083,8045,1.29563008188212,26,-88,0.001869,51,2025-10-28 18:05:30.001939,212,1.037,0.0011,"aoml_navis",1026.79169832202
"7901009",91,0.00865524825088178,1,0.033642,1,0.011214,1,141.426474509141,1,4.86942328279075,214,1,20.7110004425049,36.7249984741211,0.0336420014500618,0.0158679541200399,136.376800537109,-88.0564,25.574,89.2987409914225,63,63,63,63,61,63,0.011214,8045,1.29563008188212,26,-88,0.001869,51,2025-10-28 18:05:30.001939,214,1.037,0.0011,"aoml_navis",1026.81564317293
"7901009",91,0.00144254137514696,1,0.024297,1,0.001869,1,141.182250259922,1,4.86921233064461,216,1,20.57200050354,36.7220001220703,0.0242970008403063,0.0086552482098341,136.141296386719,-88.0564,25.574,89.2987409914225,63,63,63,63,61,63,0.001869,8045,1.29563008188212,26,-88,0.001869,51,2025-10-28 18:05:30.001939,216,1.037,0.0011,"aoml_navis",1026.86012859457
"7901009",91,0.0100977896260287,1,0.035511,1,0.013083,1,141.038317140129,1,4.86902631329482,218,1,20.3929996490479,36.6980018615723,0.0355109982192516,0.0173104964196682,136.002502441406,-88.0564,25.574,89.2987409914225,63,63,63,63,61,63,0.013083,8045,1.29563008188212,26,-88,0.001869,51,2025-10-28 18:05:30.001939,218,1.037,0.0011,"aoml_navis",1026.89935898427
"7901009",91,0.00144254137514696,1,0.024297,1,0.001869,1,142.187550945234,1,4.8689154648717,220,1,20.2940006256104,36.681999206543,0.0242970008403063,0.0086552482098341,137.110702514648,-88.0564,25.574,89.2987409914225,63,63,63,63,61,63,0.001869,8045,1.29563008188212,26,-88,0.001869,51,2025-10-28 18:05:30.001939,220,1.037,0.0011,"aoml_navis",1026.92273794319
"7901009",91,-0.00144254137514696,1,0.020559,1,-0.001869,1,143.113305479139,1,4.86880211320742,222,1,20.2940006256104,36.7019996643066,0.020558999851346,0.00577016547322273,138.003402709961,-88.0564,25.574,89.2987409914225,63,63,63,63,61,63,-0.001869,8045,1.29563008188212,26,-88,0.001869,51,2025-10-28 18:05:30.001939,222,1.037,0.0011,"aoml_navis",1026.94664595973
"7901009",91,0.00144254137514696,1,0.024297,1,0.001869,1,143.792873614875,1,4.86865293228858,224,1,20.193000793457,36.6959991455078,0.0242970008403063,0.0086552482098341,138.658706665039,-88.0564,25.574,89.2987409914225,63,63,63,63,61,63,0.001869,8045,1.29563008188212,26,-88,0.001869,51,2025-10-28 18:05:30.001939,224,1.037,0.0011,"aoml_navis",1026.97811274251
"7901009",91,-0.00288508275029393,1,0.01869,1,-0.003738,1,144.387088271261,1,4.8685263260013,226,1,20.1149997711182,36.6920013427734,0.0186899993568659,0.00432762410491705,139.231704711914,-88.0564,25.574,89.2987409914225,63,63,63,63,61,63,-0.003738,8045,1.29563008188212,26,-88,0.001869,51,2025-10-28 18:05:30.001939,226,1.037,0.0011,"aoml_navis",1027.00481936321
"7901009",91,-0.00144254137514696,1,0.020559,1,-0.001869,1,144.784676614261,1,4.86837231514502,228,1,20.003999710083,36.6839981079102,0.020558999851346,0.00577016547322273,139.615097045898,-88.0564,25.574,89.2987409914225,63,63,63,63,61,63,-0.001869,8045,1.29563008188212,26,-88,0.001869,51,2025-10-28 18:05:30.001939,228,1.037,0.0011,"aoml_navis",1027.03730863917
"7901009",91,0,1,0.022428,1,0,1,144.455636894276,1,4.86827706790755,230,1,19.9360008239746,36.6749992370605,0.0224280003458261,0.0072127073071897,139.297805786133,-88.0564,25.574,89.2987409914225,63,63,63,63,61,63,0,8045,1.29563008188212,26,-88,0.001869,51,2025-10-28 18:05:30.001939,230,1.037,0.0011,"aoml_navis",1027.05740249683
"7901009",91,0,1,0.022428,1,0,1,144.309931510914,1,4.8681670588898,232,1,19.8419990539551,36.6609992980957,0.0224280003458261,0.0072127073071897,139.157302856445,-88.0564,25.574,89.2987409914225,63,63,63,63,61,63,0,8045,1.29563008188212,26,-88,0.001869,51,2025-10-28 18:05:30.001939,232,1.037,0.0011,"aoml_navis",1027.08061155573
"7901009",91,-0.00288508275029393,1,0.01869,1,-0.003738,1,145.36665948727,1,4.86804619581133,234,1,19.742000579834,36.6479988098145,0.0186899993568659,0.00432762410491705,140.176300048828,-88.0564,25.574,89.2987409914225,63,63,63,63,61,63,-0.003738,8045,1.29563008188212,26,-88,0.001869,51,2025-10-28 18:05:30.001939,234,1.037,0.0011,"aoml_navis",1027.10611175017
"7901009",91,0.00144254137514696,1,0.024297,1,0.001869,1,147.079615521118,1,4.86790890363963,236,1,19.6429996490479,36.6399993896484,0.0242970008403063,0.0086552482098341,141.828094482422,-88.0564,25.574,89.2987409914225,63,63,63,63,61,63,0.001869,8045,1.29563008188212,26,-88,0.001869,51,2025-10-28 18:05:30.001939,236,1.037,0.0011,"aoml_navis",1027.13507975912
"7901009",91,-0.00432762412544089,1,0.016821,1,-0.005607,1,147.459180576581,1,4.86779763161985,238,1,19.5729999542236,36.6349983215332,0.0168210007250309,0.00288508273661137,142.194107055664,-88.0564,25.574,89.2987409914225,63,63,63,63,61,63,-0.005607,8045,1.29563008188212,26,-88,0.001869,51,2025-10-28 18:05:30.001939,238,1.037,0.0011,"aoml_navis",1027.15855883601
"7901009",91,-0.00144254137514696,1,0.020559,1,-0.001869,1,148.08584980956,1,4.86769382044284,240,1,19.4799995422363,36.6199989318848,0.020558999851346,0.00577016547322273,142.798400878906,-88.0564,25.574,89.2987409914225,63,63,63,63,61,63,-0.001869,8045,1.29563008188212,26,-88,0.001869,51,2025-10-28 18:05:30.001939,240,1.037,0.0011,"aoml_navis",1027.18046459732
"7901009",91,-0.00144254137514696,1,0.020559,1,-0.001869,1,149.291495396995,1,4.86755836787311,242,1,19.3729991912842,36.609001159668,0.020558999851346,0.00577016547322273,143.960998535156,-88.0564,25.574,89.2987409914225,63,63,63,63,61,63,-0.001869,8045,1.29563008188212,26,-88,0.001869,51,2025-10-28 18:05:30.001939,242,1.037,0.0011,"aoml_navis",1027.20904858605
"7901009",91,-0.00577016550058785,1,0.014952,1,-0.007476,1,150.364917463212,1,4.86745570321153,244,1,19.318000793457,36.6069984436035,0.0149520002305508,0.00144254136830568,144.99609375,-88.0564,25.574,89.2987409914225,63,63,63,63,61,63,-0.007476,8045,1.29563008188212,26,-88,0.001869,51,2025-10-28 18:05:30.001939,244,1.037,0.0011,"aoml_navis",1027.23071453964
"7901009",91,-0.00432762412544089,1,0.016821,1,-0.005607,1,150.568395474142,1,4.86738779307913,246,1,19.2849998474121,36.6030006408691,0.0168210007250309,0.00288508273661137,145.192306518555,-88.0564,25.574,89.2987409914225,63,63,63,63,61,63,-0.005607,8045,1.29563008188212,26,-88,0.001869,51,2025-10-28 18:05:30.001939,246,1.037,0.0011,"aoml_navis",1027.24504653388
"7901009",91,-0.00721270687573481,1,0.013083,1,-0.009345,1,150.713151430593,1,4.8673260439872,248,1,19.253999710083,36.5979995727539,0.0130829997360706,0,145.331893920898,-88.0564,25.574,89.2987409914225,63,63,63,63,61,63,-0.009345,8045,1.29563008188212,26,-88,0.001869,51,2025-10-28 18:05:30.001939,248,1.037,0.0011,"aoml_navis",1027.25807862752
"7901009",91,-0.00721270687573481,1,0.013083,1,-0.009345,1,151.05361592108,1,4.8671977300162,250,1,19.1520004272461,36.5870018005371,0.0130829997360706,0,145.660202026367,-88.0564,25.574,89.2987409914225,63,63,63,63,61,63,-0.009345,8045,1.29563008188212,26,-88,0.001869,51,2025-10-28 18:05:30.001939,250,1.037,0.0011,"aoml_navis",1027.28516024011
"7901009",91,-0.00144254137514696,1,0.020559,1,-0.001869,1,151.096023656464,1,4.86712982402051,252,1,19.113000869751,36.5810012817383,0.020558999851346,0.00577016547322273,145.701095581055,-88.0564,25.574,89.2987409914225,63,63,63,63,61,63,-0.001869,8045,1.29563008188212,26,-88,0.001869,51,2025-10-28 18:05:30.001939,252,1.037,0.0011,"aoml_navis",1027.29949288053
"7901009",91,-0.00432762412544089,1,0.016821,1,-0.005607,1,151.27274365227,1,4.86704948435551,254,1,19.0610008239746,36.5740013122559,0.0168210007250309,0.00288508273661137,145.871505737305,-88.0564,25.574,89.2987409914225,63,63,63,63,61,63,-0.005607,8045,1.29563008188212,26,-88,0.001869,51,2025-10-28 18:05:30.001939,254,1.037,0.0011,"aoml_navis",1027.31645036111
"7901009",91,-0.00432762412544089,1,0.016821,1,-0.005607,1,151.367528105608,1,4.86698170876681,256,1,19.0219993591309,36.568000793457,0.0168210007250309,0.00288508273661137,145.962905883789,-88.0564,25.574,89.2987409914225,63,63,63,63,61,63,-0.005607,8045,1.29563008188212,26,-88,0.001869,51,2025-10-28 18:05:30.001939,256,1.037,0.0011,"aoml_navis",1027.33075634815
"7901009",91,-0.00865524825088178,1,0.011214,1,-0.011214,1,151.653321429771,1,4.86690014813427,258,1,18.9629993438721,36.5589981079102,0.0112140001729131,-0.00144254136830568,146.238494873047,-88.0564,25.574,89.2987409914225,63,63,63,63,61,63,-0.011214,8045,1.29563008188212,26,-88,0.001869,51,2025-10-28 18:05:30.001939,258,1.037,0.0011,"aoml_navis",1027.34797259335
"7901009",91,-0.00288508275029393,1,0.01869,1,-0.003738,1,151.815214541975,1,4.86679899476024,260,1,18.8880004882812,36.5499992370605,0.0186899993568659,0.00432762410491705,146.394607543945,-88.0564,25.574,89.2987409914225,63,63,63,63,61,63,-0.003738,8045,1.29563008188212,26,-88,0.001869,51,2025-10-28 18:05:30.001939,260,1.037,0.0011,"aoml_navis",1027.36932537859
"7901009",91,0,1,0.013083,1,-0.009345,1,151.77279098281,1,4.86671403632064,262,1,18.826000213623,36.5410003662109,0.0130829997360706,0,146.353698730469,-88.0564,25.574,89.2987409914225,63,63,63,63,61,63,0,8045,1.29563008188212,26,-88,0.001869,51,2025-10-28 18:05:30.001939,262,1.037,0.0011,"aoml_navis",1027.38726020979
"7901009",91,0,1,0.01869,1,-0.003738,1,151.466980574595,1,4.86665131725762,264,1,18.7819995880127,36.5320014953613,0.0186899993568659,0.00432762410491705,146.058807373047,-88.0564,25.574,89.2987409914225,63,63,63,63,61,63,0,8045,1.29563008188212,26,-88,0.001869,51,2025-10-28 18:05:30.001939,264,1.037,0.0011,"aoml_navis",1027.40050068299
"7901009",91,0,1,0.013083,1,-0.009345,1,151.216948997434,1,4.86656785225649,266,1,18.7210006713867,36.5229988098145,0.0130829997360706,0,145.81770324707,-88.0564,25.574,89.2987409914225,63,63,63,63,61,63,0,8045,1.29563008188212,26,-88,0.001869,51,2025-10-28 18:05:30.001939,266,1.037,0.0011,"aoml_navis",1027.41812131144
"7901009",91,0,1,0.013083,1,-0.009345,1,151.13658000937,1,4.86647336019422,268,1,18.6420001983643,36.5110015869141,0.0130829997360706,0,145.740203857422,-88.0564,25.574,89.2987409914225,63,63,63,63,61,63,0,8045,1.29563008188212,26,-88,0.001869,51,2025-10-28 18:05:30.001939,268,1.037,0.0011,"aoml_navis",1027.43807063612
"7901009",91,0,1,0.016821,1,-0.005607,1,150.986412319523,1,4.86637429165071,270,1,18.5620002746582,36.5,0.0168210007250309,0.00288508273661137,145.595397949219,-88.0564,25.574,89.2987409914225,63,63,63,63,61,63,0,8045,1.29563008188212,26,-88,0.001869,51,2025-10-28 18:05:30.001939,270,1.037,0.0011,"aoml_navis",1027.4589869872
"7901009",91,0,1,0.014952,1,-0.007476,1,150.739909445717,1,4.86629006543883,272,1,18.4939994812012,36.4889984130859,0.0149520002305508,0.00144254136830568,145.357696533203,-88.0564,25.574,89.2987409914225,63,63,63,63,61,63,0,8045,1.29563008188212,26,-88,0.001869,51,2025-10-28 18:05:30.001939,272,1.037,0.0011,"aoml_navis",1027.4767703452
"7901009",91,0,1,0.014952,1,-0.007476,1,150.464797174309,1,4.86622181172709,274,1,18.4419994354248,36.4790000915527,0.0149520002305508,0.00144254136830568,145.092407226562,-88.0564,25.574,89.2987409914225,63,63,63,63,61,63,0,8045,1.29563008188212,26,-88,0.001869,51,2025-10-28 18:05:30.001939,274,1.037,0.0011,"aoml_navis",1027.49118175224
"7901009",91,0,1,0.020559,1,-0.001869,1,150.26899369758,1,4.86614400365498,276,1,18.3880004882812,36.4710006713867,0.020558999851346,0.00577016547322273,144.903594970703,-88.0564,25.574,89.2987409914225,63,63,63,63,61,63,0,8045,1.29563008188212,26,-88,0.001869,51,2025-10-28 18:05:30.001939,276,1.037,0.0011,"aoml_navis",1027.50761100462
"7901009",91,0,1,0.013083,1,-0.009345,1,149.892356041762,1,4.86607963089166,278,1,18.3479995727539,36.4640007019043,0.0130829997360706,0,144.540405273438,-88.0564,25.574,89.2987409914225,63,63,63,63,61,63,0,8045,1.29563008188212,26,-88,0.001869,51,2025-10-28 18:05:30.001939,278,1.037,0.0011,"aoml_navis",1027.52120377524
"7901009",91,0,1,0.014952,1,-0.007476,1,149.232172038804,1,4.86602985286582,280,1,18.326000213623,36.4589996337891,0.0149520002305508,0.00144254136830568,143.903793334961,-88.0564,25.574,89.2987409914225,63,63,63,63,61,63,0,8045,1.29563008188212,26,-88,0.001869,51,2025-10-28 18:05:30.001939,280,1.037,0.0011,"aoml_navis",1027.53171500896
"7901009",91,0,1,0.016821,1,-0.005607,1,148.420190496468,1,4.86595226950479,282,1,18.2630004882812,36.4480018615723,0.0168210007250309,0.00288508273661137,143.120803833008,-88.0564,25.574,89.2987409914225,63,63,63,63,61,63,0,8045,1.29563008188212,26,-88,0.001869,51,2025-10-28 18:05:30.001939,282,1.037,0.0011,"aoml_navis",1027.54809810513
"7901009",91,0,1,0.016821,1,-0.005607,1,147.349869891495,1,4.86586643371784,284,1,18.1870002746582,36.435001373291,0.0168210007250309,0.00288508273661137,142.08869934082,-88.0564,25.574,89.2987409914225,63,63,63,63,61,63,0,8045,1.29563008188212,26,-88,0.001869,51,2025-10-28 18:05:30.001939,284,1.037,0.0011,"aoml_navis",1027.56622445546
"7901009",91,0,1,0.014952,1,-0.007476,1,146.37526734299,1,4.86576048036945,286,1,18.0849990844727,36.4189987182617,0.0149520002305508,0.00144254136830568,141.148895263672,-88.0564,25.574,89.2987409914225,63,63,63,63,61,63,0,8045,1.29563008188212,26,-88,0.001869,51,2025-10-28 18:05:30.001939,286,1.037,0.0011,"aoml_navis",1027.5886000086
"7901009",91,0,1,0.014952,1,-0.007476,1,145.647389201238,1,4.86566922779115,288,1,18.0009994506836,36.4049987792969,0.0149520002305508,0.00144254136830568,140.447006225586,-88.0564,25.574,89.2987409914225,63,63,63,63,61,63,0,8045,1.29563008188212,26,-88,0.001869,51,2025-10-28 18:05:30.001939,288,1.037,0.0011,"aoml_navis",1027.60787178906
"7901009",91,0,1,0.022428,1,0,1,144.977979933456,1,4.86558652029489,290,1,17.9300003051758,36.3930015563965,0.0224280003458261,0.0072127073071897,139.801498413086,-88.0564,25.574,89.2987409914225,63,63,63,63,61,63,0,8045,1.29563008188212,26,-88,0.001869,51,2025-10-28 18:05:30.001939,290,1.037,0.0011,"aoml_navis",1027.62533954426
"7901009",91,0,1,0.016821,1,-0.005607,1,144.315010944891,1,4.86550755090149,292,1,17.8649997711182,36.3819999694824,0.0168210007250309,0.00288508273661137,139.162200927734,-88.0564,25.574,89.2987409914225,63,63,63,63,61,63,0,8045,1.29563008188212,26,-88,0.001869,51,2025-10-28 18:05:30.001939,292,1.037,0.0011,"aoml_navis",1027.64201836941
"7901009",91,0,1,0.01869,1,-0.003738,1,143.312938311078,1,4.86542642640681,294,1,17.7950000762939,36.3699989318848,0.0186899993568659,0.00432762410491705,138.195907592773,-88.0564,25.574,89.2987409914225,63,63,63,63,61,63,0,8045,1.29563008188212,26,-88,0.001869,51,2025-10-28 18:05:30.001939,294,1.037,0.0011,"aoml_navis",1027.65915292908
"7901009",91,0,1,0.022428,1,0,1,142.412992365386,1,4.86534094823708,296,1,17.7119998931885,36.3549995422363,0.0224280003458261,0.0072127073071897,137.328094482422,-88.0564,25.574,89.2987409914225,63,63,63,63,61,63,0,8045,1.29563008188212,26,-88,0.001869,51,2025-10-28 18:05:30.001939,296,1.037,0.0011,"aoml_navis",1027.67720766038
"7901009",91,0,1,0.022428,1,0,1,141.270293782188,1,4.86526039861088,298,1,17.6359996795654,36.3409996032715,0.0224280003458261,0.0072127073071897,136.226196289062,-88.0564,25.574,89.2987409914225,63,63,63,63,61,63,0,8045,1.29563008188212,26,-88,0.001869,51,2025-10-28 18:05:30.001939,298,1.037,0.0011,"aoml_navis",1027.69422196345
"7901009",91,0,1,0.014952,1,-0.007476,1,139.63044362053,1,4.86513596034449,300,1,17.5009994506836,36.3199996948242,0.0149520002305508,0.00144254136830568,134.644897460938,-88.0564,25.574,89.2987409914225,63,63,63,63,61,63,0,8045,1.29563008188212,26,-88,0.001869,51,2025-10-28 18:05:30.001939,300,1.037,0.0011,"aoml_navis",1027.72050786551
"7901009",91,0,1,0.01869,1,-0.003738,1,137.237824508255,1,4.86505595578028,302,1,17.42799949646,36.306999206543,0.0186899993568659,0.00432762410491705,132.337707519531,-88.0564,25.574,89.2987409914225,63,63,63,63,61,63,0,8045,1.29563008188212,26,-88,0.001869,51,2025-10-28 18:05:30.001939,302,1.037,0.0011,"aoml_navis",1027.73740845866
"7901009",91,0,1,0.020559,1,-0.001869,1,133.554506981051,1,4.86494551659839,304,1,17.3040008544922,36.2859992980957,0.020558999851346,0.00577016547322273,128.785903930664,-88.0564,25.574,89.2987409914225,63,63,63,63,61,63,0,8045,1.29563008188212,26,-88,0.001869,51,2025-10-28 18:05:30.001939,304,1.037,0.0011,"aoml_navis",1027.76073913692
"7901009",91,0,1,0.020559,1,-0.001869,1,130.454414493731,1,4.86486144233851,306,1,17.1989994049072,36.2639999389648,0.020558999851346,0.00577016547322273,125.796501159668,-88.0564,25.574,89.2987409914225,63,63,63,63,61,63,0,8045,1.29563008188212,26,-88,0.001869,51,2025-10-28 18:05:30.001939,306,1.037,0.0011,"aoml_navis",1027.7785008398
"7901009",91,0,1,0.020559,1,-0.001869,1,129.327057067045,1,4.86474304857125,308,1,17.0639991760254,36.242000579834,0.020558999851346,0.00577016547322273,124.709396362305,-88.0564,25.574,89.2987409914225,63,63,63,63,61,63,0,8045,1.29563008188212,26,-88,0.001869,51,2025-10-28 18:05:30.001939,308,1.037,0.0011,"aoml_navis",1027.80351399412
"7901009",91,0,1,0.022428,1,0,1,129.677988989233,1,4.86463101042565,310,1,16.9370002746582,36.2210006713867,0.0224280003458261,0.0072127073071897,125.047798156738,-88.0564,25.574,89.2987409914225,63,63,63,63,61,63,0,8045,1.29563008188212,26,-88,0.001869,51,2025-10-28 18:05:30.001939,310,1.037,0.0011,"aoml_navis",1027.82718551196
"7901009",91,0,1,0.01869,1,-0.003738,1,128.780337491911,1,4.86452870500184,312,1,16.8400001525879,36.2070007324219,0.0186899993568659,0.00432762410491705,124.182197570801,-88.0564,25.574,89.2987409914225,63,63,63,63,61,63,0,8045,1.29563008188212,26,-88,0.001869,51,2025-10-28 18:05:30.001939,312,1.037,0.0011,"aoml_navis",1027.84880164421
"7901009",91,0,1,0.01869,1,-0.003738,1,127.25985402871,1,4.86444129888045,314,1,16.761999130249,36.1949996948242,0.0186899993568659,0.00432762410491705,122.716003417969,-88.0564,25.574,89.2987409914225,63,63,63,63,61,63,0,8045,1.29563008188212,26,-88,0.001869,51,2025-10-28 18:05:30.001939,314,1.037,0.0011,"aoml_navis",1027.86727042029
"7901009",91,0,1,0.016821,1,-0.005607,1,126.275504030579,1,4.86438992721854,315.899993896484,1,16.7229995727539,36.1860008239746,0.0168210007250309,0.00288508273661137,121.766799926758,-88.0564,25.574,89.2987409914225,63,63,63,63,61,63,0,8045,1.29563008188212,26,-88,0.001869,51,2025-10-28 18:05:30.001939,315.899993896484,1.037,0.0011,"aoml_navis",1027.8781254814
"7901009",91,0,1,0.020559,1,-0.001869,1,125.796605184494,1,4.86431317478113,318,1,16.6590003967285,36.1749992370605,0.020558999851346,0.00577016547322273,121.305000305176,-88.0564,25.574,89.2987409914225,63,63,63,63,61,63,0,8045,1.29563008188212,26,-88,0.001869,51,2025-10-28 18:05:30.001939,318,1.037,0.0011,"aoml_navis",1027.89434404066
"7901009",91,0,1,0.022428,1,0,1,125.715611157047,1,4.86420008720387,320,1,16.5419998168945,36.1580009460449,0.0224280003458261,0.0072127073071897,121.226898193359,-88.0564,25.574,89.2987409914225,63,63,63,63,61,63,0,8045,1.29563008188212,26,-88,0.001869,51,2025-10-28 18:05:30.001939,320,1.037,0.0011,"aoml_navis",1027.91824151177
"7901009",91,0,1,0.013083,1,-0.009345,1,126.17117783678,1,4.86407942102365,322,1,16.4209995269775,36.1419982910156,0.0130829997360706,0,121.666198730469,-88.0564,25.574,89.2987409914225,63,63,63,63,61,63,0,8045,1.29563008188212,26,-88,0.001869,51,2025-10-28 18:05:30.001939,322,1.037,0.0011,"aoml_navis",1027.94374170555
"7901009",91,0,1,0.024297,1,0.001869,1,126.609116823522,1,4.86402603312993,324,1,16.3880004882812,36.1349983215332,0.0242970008403063,0.0086552482098341,122.088500976562,-88.0564,25.574,89.2987409914225,63,63,63,63,61,63,0,8045,1.29563008188212,26,-88,0.001869,51,2025-10-28 18:05:30.001939,324,1.037,0.0011,"aoml_navis",1027.95502448875
"7901009",91,0,1,0.016821,1,-0.005607,1,126.786343180348,1,4.86396816661039,326,1,16.3509998321533,36.1279983520508,0.0168210007250309,0.00288508273661137,122.259399414062,-88.0564,25.574,89.2987409914225,63,63,63,63,61,63,0,8045,1.29563008188212,26,-88,0.001869,51,2025-10-28 18:05:30.001939,326,1.037,0.0011,"aoml_navis",1027.96725404649
"7901009",91,0,1,0.016821,1,-0.005607,1,126.327144942678,1,4.86392050699687,328,1,16.3229999542236,36.1209983825684,0.0168210007250309,0.00288508273661137,121.816596984863,-88.0564,25.574,89.2987409914225,63,63,63,63,61,63,0,8045,1.29563008188212,26,-88,0.001869,51,2025-10-28 18:05:30.001939,328,1.037,0.0011,"aoml_navis",1027.97732668685
"7901009",91,0,1,0.016821,1,-0.005607,1,124.848349232785,1,4.86383333060115,330,1,16.2469997406006,36.1100006103516,0.0168210007250309,0.00288508273661137,120.390602111816,-88.0564,25.574,89.2987409914225,63,63,63,63,61,63,0,8045,1.29563008188212,26,-88,0.001869,51,2025-10-28 18:05:30.001939,330,1.037,0.0011,"aoml_navis",1027.99575152836
"7901009",91,0,1,0.01869,1,-0.003738,1,124.560886499636,1,4.86373063629069,332,1,16.1439990997314,36.0950012207031,0.0186899993568659,0.00432762410491705,120.113403320312,-88.0564,25.574,89.2987409914225,63,63,63,63,61,63,0,8045,1.29563008188212,26,-88,0.001869,51,2025-10-28 18:05:30.001939,332,1.037,0.0011,"aoml_navis",1028.01745694807
"7901009",91,0,1,0.014952,1,-0.007476,1,126.017386500888,1,4.86365268186502,334,1,16.0659999847412,36.0810012817383,0.0149520002305508,0.00144254136830568,121.51789855957,-88.0564,25.574,89.2987409914225,63,63,63,63,61,63,0,8045,1.29563008188212,26,-88,0.001869,51,2025-10-28 18:05:30.001939,334,1.037,0.0011,"aoml_navis",1028.0339339697
"7901009",91,0,1,0.014952,1,-0.007476,1,127.442784858896,1,4.86355106018472,336,1,15.960000038147,36.064998626709,0.0149520002305508,0.00144254136830568,122.892402648926,-88.0564,25.574,89.2987409914225,63,63,63,63,61,63,0,8045,1.29563008188212,26,-88,0.001869,51,2025-10-28 18:05:30.001939,336,1.037,0.0011,"aoml_navis",1028.05541426969
"7901009",91,0,1,0.020559,1,-0.001869,1,127.490074230983,1,4.8634684458819,338,1,15.8739995956421,36.0499992370605,0.020558999851346,0.00577016547322273,122.938003540039,-88.0564,25.574,89.2987409914225,63,63,63,63,61,63,0,8045,1.29563008188212,26,-88,0.001869,51,2025-10-28 18:05:30.001939,338,1.037,0.0011,"aoml_navis",1028.07287754354
"7901009",91,0,1,0.022428,1,0,1,126.528225650656,1,4.86337870957317,340,1,15.7779998779297,36.0340003967285,0.0224280003458261,0.0072127073071897,122.010498046875,-88.0564,25.574,89.2987409914225,63,63,63,63,61,63,0,8045,1.29563008188212,26,-88,0.001869,51,2025-10-28 18:05:30.001939,340,1.037,0.0011,"aoml_navis",1028.09184696185
"7901009",91,0,1,0.016821,1,-0.005607,1,126.1579016838,1,4.86325666761243,342,1,15.6490001678467,36.0169982910156,0.0168210007250309,0.00288508273661137,121.653396606445,-88.0564,25.574,89.2987409914225,63,63,63,63,61,63,0,8045,1.29563008188212,26,-88,0.001869,51,2025-10-28 18:05:30.001939,342,1.037,0.0011,"aoml_navis",1028.11764661697
"7901009",91,0,1,0.014952,1,-0.007476,1,125.892426095544,1,4.86318290195641,344,1,15.5799999237061,36.0050010681152,0.0149520002305508,0.00144254136830568,121.397399902344,-88.0564,25.574,89.2987409914225,63,63,63,63,61,63,0,8045,1.29563008188212,26,-88,0.001869,51,2025-10-28 18:05:30.001939,344,1.037,0.0011,"aoml_navis",1028.13324129523
"7901009",91,0,1,0.020559,1,-0.001869,1,125.532268908532,1,4.86311556584723,346,1,15.5200004577637,35.9939994812012,0.020558999851346,0.00577016547322273,121.050102233887,-88.0564,25.574,89.2987409914225,63,63,63,63,61,63,0,8045,1.29563008188212,26,-88,0.001869,51,2025-10-28 18:05:30.001939,346,1.037,0.0011,"aoml_navis",1028.14747712641
"7901009",91,0,1,0.020559,1,-0.001869,1,124.855810145932,1,4.86305967373158,348,1,15.4770002365112,35.9850006103516,0.020558999851346,0.00577016547322273,120.397796630859,-88.0564,25.574,89.2987409914225,63,63,63,63,61,63,0,8045,1.29563008188212,26,-88,0.001869,51,2025-10-28 18:05:30.001939,348,1.037,0.0011,"aoml_navis",1028.15929383061
"7901009",91,0,1,0.020559,1,-0.001869,1,123.947691216909,1,4.86293776807894,350,1,15.3500003814697,35.9690017700195,0.020558999851346,0.00577016547322273,119.522102355957,-88.0564,25.574,89.2987409914225,63,63,63,63,61,63,0,8045,1.29563008188212,26,-88,0.001869,51,2025-10-28 18:05:30.001939,350,1.037,0.0011,"aoml_navis",1028.185068051
"7901009",91,0,1,0.020559,1,-0.001869,1,122.514721179282,1,4.86286160609973,352,1,15.2779998779297,35.9570007324219,0.020558999851346,0.00577016547322273,118.140296936035,-88.0564,25.574,89.2987409914225,63,63,63,63,61,63,0,8045,1.29563008188212,26,-88,0.001869,51,2025-10-28 18:05:30.001939,352,1.037,0.0011,"aoml_navis",1028.20117145186
"7901009",91,0,1,0.01869,1,-0.003738,1,120.950263426293,1,4.86280249875301,354,1,15.2349996566772,35.9490013122559,0.0186899993568659,0.00432762410491705,116.631698608398,-88.0564,25.574,89.2987409914225,63,63,63,63,61,63,0,8045,1.29563008188212,26,-88,0.001869,51,2025-10-28 18:05:30.001939,354,1.037,0.0011,"aoml_navis",1028.21366923336
"7901009",91,0,1,0.016821,1,-0.005607,1,119.201632676243,1,4.86274809384919,356,1,15.2030000686646,35.943000793457,0.0168210007250309,0.00288508273661137,114.945503234863,-88.0564,25.574,89.2987409914225,63,63,63,63,61,63,0,8045,1.29563008188212,26,-88,0.001869,51,2025-10-28 18:05:30.001939,356,1.037,0.0011,"aoml_navis",1028.225172989
"7901009",91,0,1,0.01869,1,-0.003738,1,118.251090188055,1,4.86266265162777,358,1,15.1219997406006,35.9309997558594,0.0186899993568659,0.00432762410491705,114.028900146484,-88.0564,25.574,89.2987409914225,63,63,63,63,61,63,0,8045,1.29563008188212,26,-88,0.001869,51,2025-10-28 18:05:30.001939,358,1.037,0.0011,"aoml_navis",1028.24324001301
"7901009",91,0,1,0.01869,1,-0.003738,1,117.452685450555,1,4.86258782565243,360,1,15.0539999008179,35.9199981689453,0.0186899993568659,0.00432762410491705,113.259002685547,-88.0564,25.574,89.2987409914225,63,63,63,63,61,63,0,8045,1.29563008188212,26,-88,0.001869,51,2025-10-28 18:05:30.001939,360,1.037,0.0011,"aoml_navis",1028.2590627202
"7901009",91,0,1,0.016821,1,-0.005607,1,117.129025816402,1,4.86248462969985,362,1,14.9390001296997,35.9029998779297,0.0168210007250309,0.00288508273661137,112.946899414062,-88.0564,25.574,89.2987409914225,63,63,63,63,61,63,0,8045,1.29563008188212,26,-88,0.001869,51,2025-10-28 18:05:30.001939,362,1.037,0.0011,"aoml_navis",1028.28088534413
"7901009",91,0,1,0.016821,1,-0.005607,1,117.029676201998,1,4.86239643816767,364,1,14.8579998016357,35.8919982910156,0.0168210007250309,0.00288508273661137,112.851097106934,-88.0564,25.574,89.2987409914225,63,63,63,63,61,63,0,8045,1.29563008188212,26,-88,0.001869,51,2025-10-28 18:05:30.001939,364,1.037,0.0011,"aoml_navis",1028.29953574995
"7901009",91,0,1,0.01869,1,-0.003738,1,117.424368792918,1,4.86232900790168,366,1,14.78600025177,35.8779983520508,0.0186899993568659,0.00432762410491705,113.23169708252,-88.0564,25.574,89.2987409914225,63,63,63,63,61,63,0,8045,1.29563008188212,26,-88,0.001869,51,2025-10-28 18:05:30.001939,366,1.037,0.0011,"aoml_navis",1028.31379609948
"7901009",91,0,1,0.020559,1,-0.001869,1,118.258242537456,1,4.86227672364625,368.100006103516,1,14.753999710083,35.8709983825684,0.020558999851346,0.00577016547322273,114.035797119141,-88.0564,25.574,89.2987409914225,63,63,63,63,61,63,0,8045,1.29563008188212,26,-88,0.001869,51,2025-10-28 18:05:30.001939,368.100006103516,1.037,0.0011,"aoml_navis",1028.32485359872
"7901009",91,0,1,0.020559,1,-0.001869,1,119.414011564469,1,4.8621803629294,370,1,14.6490001678467,35.8559989929199,0.020558999851346,0.00577016547322273,115.150299072266,-88.0564,25.574,89.2987409914225,63,63,63,63,61,63,0,8045,1.29563008188212,26,-88,0.001869,51,2025-10-28 18:05:30.001939,370,1.037,0.0011,"aoml_navis",1028.34523336925
"7901009",91,0,1,0.020559,1,-0.001869,1,119.932422393858,1,4.86209540868104,372,1,14.5459995269775,35.8380012512207,0.020558999851346,0.00577016547322273,115.650199890137,-88.0564,25.574,89.2987409914225,63,63,63,63,61,63,0,8045,1.29563008188212,26,-88,0.001869,51,2025-10-28 18:05:30.001939,372,1.037,0.0011,"aoml_navis",1028.3632014034
"7901009",91,0,1,0.016821,1,-0.005607,1,120.270806057031,1,4.86199406638032,374,1,14.4200000762939,35.818000793457,0.0168210007250309,0.00288508273661137,115.976501464844,-88.0564,25.574,89.2987409914225,63,63,63,63,61,63,0,8045,1.29563008188212,26,-88,0.001869,51,2025-10-28 18:05:30.001939,374,1.037,0.0011,"aoml_navis",1028.38463637255
"7901009",91,0,1,0.022428,1,0,1,121.226111503558,1,4.86190282622892,376,1,14.3100004196167,35.7999992370605,0.0224280003458261,0.0072127073071897,116.89769744873,-88.0564,25.574,89.2987409914225,63,63,63,63,61,63,0,8045,1.29563008188212,26,-88,0.001869,51,2025-10-28 18:05:30.001939,376,1.037,0.0011,"aoml_navis",1028.40393539461
"7901009",91,0,1,0.020559,1,-0.001869,1,121.902673120741,1,4.86183289730399,378,1,14.2410001754761,35.7879981994629,0.020558999851346,0.00577016547322273,117.550102233887,-88.0564,25.574,89.2987409914225,63,63,63,63,61,63,0,8045,1.29563008188212,26,-88,0.001869,51,2025-10-28 18:05:30.001939,378,1.037,0.0011,"aoml_navis",1028.41872717851
"7901009",91,0,1,0.020559,1,-0.001869,1,121.965620124977,1,4.86178599563138,380,1,14.2080001831055,35.7799987792969,0.020558999851346,0.00577016547322273,117.610801696777,-88.0564,25.574,89.2987409914225,63,63,63,63,61,63,0,8045,1.29563008188212,26,-88,0.001869,51,2025-10-28 18:05:30.001939,380,1.037,0.0011,"aoml_navis",1028.42864833886
"7901009",91,0,1,0.01869,1,-0.003738,1,121.716941481165,1,4.86168277256863,382,1,14.08899974823,35.7630004882812,0.0186899993568659,0.00432762410491705,117.371002197266,-88.0564,25.574,89.2987409914225,63,63,63,63,61,63,0,8045,1.29563008188212,26,-88,0.001869,51,2025-10-28 18:05:30.001939,382,1.037,0.0011,"aoml_navis",1028.45048389661
"7901009",91,0,1,0.028035,1,0.005607,1,121.359577191652,1,4.86160062060936,384,1,14.003999710083,35.75,0.0280349999666214,0.0115403309464455,117.026397705078,-88.0564,25.574,89.2987409914225,63,63,63,63,61,63,0,8045,1.29563008188212,26,-88,0.001869,51,2025-10-28 18:05:30.001939,384,1.037,0.0011,"aoml_navis",1028.46786278657
"7901009",91,0,1,0.020559,1,-0.001869,1,120.912935124887,1,4.86153859469814,386,1,13.956000328064,35.742000579834,0.020558999851346,0.00577016547322273,116.595703125,-88.0564,25.574,89.2987409914225,63,63,63,63,61,63,0,8045,1.29563008188212,26,-88,0.001869,51,2025-10-28 18:05:30.001939,386,1.037,0.0011,"aoml_navis",1028.48098448768
"7901009",91,0,1,0.020559,1,-0.001869,1,120.598817231195,1,4.86147516840437,388,1,13.9029998779297,35.7330017089844,0.020558999851346,0.00577016547322273,116.29280090332,-88.0564,25.574,89.2987409914225,63,63,63,63,61,63,0,8045,1.29563008188212,26,-88,0.001869,51,2025-10-28 18:05:30.001939,388,1.037,0.0011,"aoml_navis",1028.49440278867
"7901009",91,0,1,0.01869,1,-0.003738,1,120.476863344404,1,4.86141448958587,390,1,13.8489999771118,35.7229995727539,0.0186899993568659,0.00432762410491705,116.175201416016,-88.0564,25.574,89.2987409914225,63,63,63,63,61,63,0,8045,1.29563008188212,26,-88,0.001869,51,2025-10-28 18:05:30.001939,390,1.037,0.0011,"aoml_navis",1028.50724016868
"7901009",91,0,1,0.022428,1,0,1,120.448340977603,1,4.86134311874534,392,1,13.7880001068115,35.7140007019043,0.0224280003458261,0.0072127073071897,116.14769744873,-88.0564,25.574,89.2987409914225,63,63,63,63,61,63,0,8045,1.29563008188212,26,-88,0.001869,51,2025-10-28 18:05:30.001939,392,1.037,0.0011,"aoml_navis",1028.52233999283
"7901009",91,0,1,0.022428,1,0,1,120.437557070266,1,4.86127614397629,394,1,13.7239999771118,35.7029991149902,0.0224280003458261,0.0072127073071897,116.137298583984,-88.0564,25.574,89.2987409914225,63,63,63,63,61,63,0,8045,1.29563008188212,26,-88,0.001869,51,2025-10-28 18:05:30.001939,394,1.037,0.0011,"aoml_navis",1028.53651014983
"7901009",91,0,1,0.022428,1,0,1,120.42117154415,1,4.86119975927309,396,1,13.6470003128052,35.6910018920898,0.0224280003458261,0.0072127073071897,116.12149810791,-88.0564,25.574,89.2987409914225,63,63,63,63,61,63,0,8045,1.29563008188212,26,-88,0.001869,51,2025-10-28 18:05:30.001939,396,1.037,0.0011,"aoml_navis",1028.55267168607
"7901009",91,0,1,0.024297,1,0.001869,1,120.427081726675,1,4.86113518897305,398,1,13.585000038147,35.6800003051758,0.0242970008403063,0.0086552482098341,116.127197265625,-88.0564,25.574,89.2987409914225,63,63,63,63,61,63,0,8045,1.29563008188212,26,-88,0.001869,51,2025-10-28 18:05:30.001939,398,1.037,0.0011,"aoml_navis",1028.56633391763
"7901009",91,0,1,0.01869,1,-0.003738,1,120.414849943297,1,4.86103751673517,400,1,13.4720001220703,35.6640014648438,0.0186899993568659,0.00432762410491705,116.11540222168,-88.0564,25.574,89.2987409914225,63,63,63,63,61,63,0,8045,1.29563008188212,26,-88,0.001869,51,2025-10-28 18:05:30.001939,400,1.037,0.0011,"aoml_navis",1028.58700077636
"7901009",91,0,1,0.026166,1,0.003738,1,120.086625148078,1,4.86097127064848,402,1,13.3970003128052,35.6500015258789,0.0261659994721413,0.0100977895781398,115.798896789551,-88.0564,25.574,89.2987409914225,63,63,63,63,61,63,0,8045,1.29563008188212,26,-88,0.001869,51,2025-10-28 18:05:30.001939,402,1.037,0.0011,"aoml_navis",1028.60101852299
"7901009",91,0,1,0.024297,1,0.001869,1,119.581079053341,1,4.8609054421612,404,1,13.3439998626709,35.6419982910156,0.0242970008403063,0.0086552482098341,115.311401367188,-88.0564,25.574,89.2987409914225,63,63,63,63,61,63,0,8045,1.29563008188212,26,-88,0.001869,51,2025-10-28 18:05:30.001939,404,1.037,0.0011,"aoml_navis",1028.61494828358
"7901009",91,0,1,0.024297,1,0.001869,1,119.307612455246,1,4.86083064906057,406,1,13.2709999084473,35.6310005187988,0.0242970008403063,0.0086552482098341,115.047698974609,-88.0564,25.574,89.2987409914225,63,63,63,63,61,63,0,8045,1.29563008188212,26,-88,0.001869,51,2025-10-28 18:05:30.001939,406,1.037,0.0011,"aoml_navis",1028.63077547586
"7901009",91,0,1,0.026166,1,0.003738,1,119.29351346561,1,4.86078139700968,408,1,13.2379999160767,35.6240005493164,0.0261659994721413,0.0100977895781398,115.034103393555,-88.0564,25.574,89.2987409914225,63,63,63,63,61,63,0,8045,1.29563008188212,26,-88,0.001869,51,2025-10-28 18:05:30.001939,408,1.037,0.0011,"aoml_navis",1028.641198116
"7901009",91,0,1,0.024297,1,0.001869,1,119.546029376523,1,4.8607076019439,410,1,13.1619997024536,35.6119995117188,0.0242970008403063,0.0086552482098341,115.277603149414,-88.0564,25.574,89.2987409914225,63,63,63,63,61,63,0,8045,1.29563008188212,26,-88,0.001869,51,2025-10-28 18:05:30.001939,410,1.037,0.0011,"aoml_navis",1028.65681490497
"7901009",91,0,1,0.026166,1,0.003738,1,119.622458242904,1,4.86063269660522,412,1,13.0920000076294,35.6020011901855,0.0261659994721413,0.0100977895781398,115.351303100586,-88.0564,25.574,89.2987409914225,63,63,63,63,61,63,0,8045,1.29563008188212,26,-88,0.001869,51,2025-10-28 18:05:30.001939,412,1.037,0.0011,"aoml_navis",1028.67266713902
"7901009",91,0,1,0.028035,1,0.005607,1,119.336957658705,1,4.86057316582276,414,1,13.0410003662109,35.5929985046387,0.0280349999666214,0.0115403309464455,115.075996398926,-88.0564,25.574,89.2987409914225,63,63,63,63,61,63,0,8045,1.29563008188212,26,-88,0.001869,51,2025-10-28 18:05:30.001939,414,1.037,0.0011,"aoml_navis",1028.68526600065
"7901009",91,0,1,0.024297,1,0.001869,1,118.819488344337,1,4.8605144130972,416,1,12.9870004653931,35.5830001831055,0.0242970008403063,0.0086552482098341,114.577003479004,-88.0564,25.574,89.2987409914225,63,63,63,63,61,63,0,8045,1.29563008188212,26,-88,0.001869,51,2025-10-28 18:05:30.001939,416,1.037,0.0011,"aoml_navis",1028.69770049996
"7901009",91,0,1,0.01869,1,-0.003738,1,118.539692233499,1,4.86042412621187,418,1,12.8859996795654,35.5690002441406,0.0186899993568659,0.00432762410491705,114.307197570801,-88.0564,25.574,89.2987409914225,63,63,63,63,61,63,0,8045,1.29563008188212,26,-88,0.001869,51,2025-10-28 18:05:30.001939,418,1.037,0.0011,"aoml_navis",1028.71680951368
"7901009",91,0,1,0.024297,1,0.001869,1,118.243107090107,1,4.86035495344048,420,1,12.8210000991821,35.5589981079102,0.0242970008403063,0.0086552482098341,114.021202087402,-88.0564,25.574,89.2987409914225,63,63,63,63,61,63,0,8045,1.29563008188212,26,-88,0.001869,51,2025-10-28 18:05:30.001939,420,1.037,0.0011,"aoml_navis",1028.73145025358
"7901009",91,0,1,0.028035,1,0.005607,1,118.161907353495,1,4.86028203412368,422,1,12.7519998550415,35.548999786377,0.0280349999666214,0.0115403309464455,113.942901611328,-88.0564,25.574,89.2987409914225,63,63,63,63,61,63,0,8045,1.29563008188212,26,-88,0.001869,51,2025-10-28 18:05:30.001939,422,1.037,0.0011,"aoml_navis",1028.74688441851
"7901009",91,0,1,0.026166,1,0.003738,1,117.985400978744,1,4.8602302962214,424,1,12.7119998931885,35.5410003662109,0.0261659994721413,0.0100977895781398,113.77269744873,-88.0564,25.574,89.2987409914225,63,63,63,63,61,63,0,8045,1.29563008188212,26,-88,0.001869,51,2025-10-28 18:05:30.001939,424,1.037,0.0011,"aoml_navis",1028.75783558801
"7901009",91,0,1,0.024297,1,0.001869,1,117.835549764535,1,4.86015793501204,426,1,12.6470003128052,35.5320014953613,0.0242970008403063,0.0086552482098341,113.628196716309,-88.0564,25.574,89.2987409914225,63,63,63,63,61,63,0,8045,1.29563008188212,26,-88,0.001869,51,2025-10-28 18:05:30.001939,426,1.037,0.0011,"aoml_navis",1028.77315240736
"7901009",91,0,1,0.022428,1,0,1,117.634366201974,1,4.86010077584385,428,1,12.6049995422363,35.5250015258789,0.0224280003458261,0.0072127073071897,113.434196472168,-88.0564,25.574,89.2987409914225,63,63,63,63,61,63,0,8045,1.29563008188212,26,-88,0.001869,51,2025-10-28 18:05:30.001939,428,1.037,0.0011,"aoml_navis",1028.78525170743
"7901009",91,0,1,0.024297,1,0.001869,1,117.400205878018,1,4.86004197741028,430,1,12.5649995803833,35.5190010070801,0.0242970008403063,0.0086552482098341,113.208396911621,-88.0564,25.574,89.2987409914225,63,63,63,63,61,63,0,8045,1.29563008188212,26,-88,0.001869,51,2025-10-28 18:05:30.001939,430,1.037,0.0011,"aoml_navis",1028.79769829978
"7901009",91,0,1,0.022428,1,0,1,117.232418407072,1,4.85997851299466,432,1,12.5050001144409,35.5089988708496,0.0224280003458261,0.0072127073071897,113.046600341797,-88.0564,25.574,89.2987409914225,63,63,63,63,61,63,0,8045,1.29563008188212,26,-88,0.001869,51,2025-10-28 18:05:30.001939,432,1.037,0.0011,"aoml_navis",1028.81113293628
"7901009",91,0,1,0.026166,1,0.003738,1,116.772286566272,1,4.85991987749827,434,1,12.4650001525879,35.5029983520508,0.0261659994721413,0.0100977895781398,112.602897644043,-88.0564,25.574,89.2987409914225,63,63,63,63,61,63,0,8045,1.29563008188212,26,-88,0.001869,51,2025-10-28 18:05:30.001939,434,1.037,0.0011,"aoml_navis",1028.82354566179
"7901009",91,0,1,0.028035,1,0.005607,1,116.321182193023,1,4.85984722276557,436,1,12.3990001678467,35.4939994812012,0.0280349999666214,0.0115403309464455,112.167900085449,-88.0564,25.574,89.2987409914225,63,63,63,63,61,63,0,8045,1.29563008188212,26,-88,0.001869,51,2025-10-28 18:05:30.001939,436,1.037,0.0011,"aoml_navis",1028.83892657734
"7901009",91,0,1,0.024297,1,0.001869,1,115.980622759844,1,4.85978876031929,438,1,12.3590002059937,35.4879989624023,0.0242970008403063,0.0086552482098341,111.839500427246,-88.0564,25.574,89.2987409914225,63,63,63,63,61,63,0,8045,1.29563008188212,26,-88,0.001869,51,2025-10-28 18:05:30.001939,438,1.037,0.0011,"aoml_navis",1028.85130333762
"7901009",91,0,1,0.024297,1,0.001869,1,115.640474744993,1,4.85974338266855,440,1,12.3439998626709,35.4850006103516,0.0242970008403063,0.0086552482098341,111.511497497559,-88.0564,25.574,89.2987409914225,63,63,63,63,61,63,0,8045,1.29563008188212,26,-88,0.001869,51,2025-10-28 18:05:30.001939,440,1.037,0.0011,"aoml_navis",1028.86091019366
"7901009",91,0,1,0.028035,1,0.005607,1,115.348446850777,1,4.85969898710631,442,1,12.3299999237061,35.4819984436035,0.0280349999666214,0.0115403309464455,111.22989654541,-88.0564,25.574,89.2987409914225,63,63,63,63,61,63,0,8045,1.29563008188212,26,-88,0.001869,51,2025-10-28 18:05:30.001939,442,1.037,0.0011,"aoml_navis",1028.87030930639
"7901009",91,0,1,0.026166,1,0.003738,1,115.076641749778,1,4.8596201719364,444,1,12.2609996795654,35.4739990234375,0.0261659994721413,0.0100977895781398,110.967796325684,-88.0564,25.574,89.2987409914225,63,63,63,63,61,63,0,8045,1.29563008188212,26,-88,0.001869,51,2025-10-28 18:05:30.001939,444,1.037,0.0011,"aoml_navis",1028.88699591673
"7901009",91,0,1,0.024297,1,0.001869,1,114.948263407552,1,4.85954791041813,446,1,12.1909999847412,35.4640007019043,0.0242970008403063,0.0086552482098341,110.84400177002,-88.0564,25.574,89.2987409914225,63,63,63,63,61,63,0,8045,1.29563008188212,26,-88,0.001869,51,2025-10-28 18:05:30.001939,446,1.037,0.0011,"aoml_navis",1028.90229547501
"7901009",91,0,1,0.026166,1,0.003738,1,114.739096747043,1,4.85948852434072,448,1,12.1420001983643,35.4560012817383,0.0261659994721413,0.0100977895781398,110.642303466797,-88.0564,25.574,89.2987409914225,63,63,63,63,61,63,0,8045,1.29563008188212,26,-88,0.001869,51,2025-10-28 18:05:30.001939,448,1.037,0.0011,"aoml_navis",1028.91486932328
"7901009",91,0,1,0.024297,1,0.001869,1,114.390134885697,1,4.85943047810678,450,1,12.1020002365112,35.4500007629395,0.0242970008403063,0.0086552482098341,110.305801391602,-88.0564,25.574,89.2987409914225,63,63,63,63,61,63,0,8045,1.29563008188212,26,-88,0.001869,51,2025-10-28 18:05:30.001939,450,1.037,0.0011,"aoml_navis",1028.92715978272
"7901009",91,0,1,0.024297,1,0.001869,1,113.967956385687,1,4.85936627592897,452,1,12.039999961853,35.439998626709,0.0242970008403063,0.0086552482098341,109.898696899414,-88.0564,25.574,89.2987409914225,63,63,63,63,61,63,0,8045,1.29563008188212,26,-88,0.001869,51,2025-10-28 18:05:30.001939,452,1.037,0.0011,"aoml_navis",1028.94075401718
"7901009",91,0,1,0.026166,1,0.003738,1,113.495489906927,1,4.85928169804425,454,1,11.96399974823,35.431999206543,0.0261659994721413,0.0100977895781398,109.443099975586,-88.0564,25.574,89.2987409914225,63,63,63,63,61,63,0,8045,1.29563008188212,26,-88,0.001869,51,2025-10-28 18:05:30.001939,454,1.037,0.0011,"aoml_navis",1028.95866317287
"7901009",91,0,1,0.020559,1,-0.001869,1,112.928444683994,1,4.85923300174674,456,1,11.9530000686646,35.4309997558594,0.020558999851346,0.00577016547322273,108.896301269531,-88.0564,25.574,89.2987409914225,63,63,63,63,61,63,0,8045,1.29563008188212,26,-88,0.001869,51,2025-10-28 18:05:30.001939,456,1.037,0.0011,"aoml_navis",1028.96897477496
"7901009",91,0,1,0.022428,1,0,1,112.458565393569,1,4.85918868550991,458,1,11.9350004196167,35.4269981384277,0.0224280003458261,0.0072127073071897,108.443199157715,-88.0564,25.574,89.2987409914225,63,63,63,63,61,63,0,8045,1.29563008188212,26,-88,0.001869,51,2025-10-28 18:05:30.001939,458,1.037,0.0011,"aoml_navis",1028.97835906434
"7901009",91,0,1,0.022428,1,0,1,112.262461264985,1,4.85910976125141,460,1,11.8529996871948,35.4160003662109,0.0224280003458261,0.0072127073071897,108.254096984863,-88.0564,25.574,89.2987409914225,63,63,63,63,61,63,0,8045,1.29563008188212,26,-88,0.001869,51,2025-10-28 18:05:30.001939,460,1.037,0.0011,"aoml_navis",1028.99507228096
"7901009",91,0,1,0.028035,1,0.005607,1,112.29160867117,1,4.85902162276934,462,1,11.7530002593994,35.4029998779297,0.0280349999666214,0.0115403309464455,108.282203674316,-88.0564,25.574,89.2987409914225,63,63,63,63,61,63,0,8045,1.29563008188212,26,-88,0.001869,51,2025-10-28 18:05:30.001939,462,1.037,0.0011,"aoml_navis",1029.01373736845
"7901009",91,0,1,0.026166,1,0.003738,1,112.144344645295,1,4.85895839699274,464,1,11.6949996948242,35.3940010070801,0.0261659994721413,0.0100977895781398,108.140197753906,-88.0564,25.574,89.2987409914225,63,63,63,63,61,63,0,8045,1.29563008188212,26,-88,0.001869,51,2025-10-28 18:05:30.001939,464,1.037,0.0011,"aoml_navis",1029.02712710908
"7901009",91,0,1,0.024297,1,0.001869,1,112.141654602379,1,4.85888127231157,466,1,11.6140003204346,35.382999420166,0.0242970008403063,0.0086552482098341,108.137603759766,-88.0564,25.574,89.2987409914225,63,63,63,63,61,63,0,8045,1.29563008188212,26,-88,0.001869,51,2025-10-28 18:05:30.001939,466,1.037,0.0011,"aoml_navis",1029.0434607844
"7901009",91,0,1,0.026166,1,0.003738,1,111.794765656456,1,4.85884001383436,468,1,11.6029996871948,35.3800010681152,0.0261659994721413,0.0100977895781398,107.803100585938,-88.0564,25.574,89.2987409914225,63,63,63,63,61,63,0,8045,1.29563008188212,26,-88,0.001869,51,2025-10-28 18:05:30.001939,468,1.037,0.0011,"aoml_navis",1029.05219883012
"7901009",91,0,1,0.026166,1,0.003738,1,111.242033044215,1,4.8587856856789,470,1,11.5699996948242,35.375,0.0261659994721413,0.0100977895781398,107.27010345459,-88.0564,25.574,89.2987409914225,63,63,63,63,61,63,0,8045,1.29563008188212,26,-88,0.001869,51,2025-10-28 18:05:30.001939,470,1.037,0.0011,"aoml_navis",1029.06370510174
"7901009",91,0,1,0.026166,1,0.003738,1,110.96286197276,1,4.85871181787366,472,1,11.5,35.3660011291504,0.0261659994721413,0.0100977895781398,107.000900268555,-88.0564,25.574,89.2987409914225,63,63,63,63,61,63,0,8045,1.29563008188212,26,-88,0.001869,51,2025-10-28 18:05:30.001939,472,1.037,0.0011,"aoml_navis",1029.07935012869
"7901009",91,0,1,0.026166,1,0.003738,1,110.796000193052,1,4.8586492985249,474,1,11.4540004730225,35.3600006103516,0.0261659994721413,0.0100977895781398,106.839996337891,-88.0564,25.574,89.2987409914225,63,63,63,63,61,63,0,8045,1.29563008188212,26,-88,0.001869,51,2025-10-28 18:05:30.001939,474,1.037,0.0011,"aoml_navis",1029.09259195102
"7901009",91,0,1,0.022428,1,0,1,110.643561790509,1,4.85859330522661,476,1,11.414999961853,35.3540000915527,0.0224280003458261,0.0072127073071897,106.693000793457,-88.0564,25.574,89.2987409914225,63,63,63,63,61,63,0,8045,1.29563008188212,26,-88,0.001869,51,2025-10-28 18:05:30.001939,476,1.037,0.0011,"aoml_navis",1029.10445182174
"7901009",91,0,1,0.026166,1,0.003738,1,110.750475172642,1,4.85852910988634,478,1,11.3669996261597,35.3479995727539,0.0261659994721413,0.0100977895781398,106.796096801758,-88.0564,25.574,89.2987409914225,63,63,63,63,61,63,0,8045,1.29563008188212,26,-88,0.001869,51,2025-10-28 18:05:30.001939,478,1.037,0.0011,"aoml_navis",1029.11804929311
"7901009",91,0,1,0.024297,1,0.001869,1,111.130965919344,1,4.85847048954086,480,1,11.3129997253418,35.3390007019043,0.0242970008403063,0.0086552482098341,107.16300201416,-88.0564,25.574,89.2987409914225,63,63,63,63,61,63,0,8045,1.29563008188212,26,-88,0.001869,51,2025-10-28 18:05:30.001939,480,1.037,0.0011,"aoml_navis",1029.13046621644
"7901009",91,0,1,0.026166,1,0.003738,1,111.440518651969,1,4.8584083350793,482,1,11.2589998245239,35.3310012817383,0.0261659994721413,0.0100977895781398,107.461502075195,-88.0564,25.574,89.2987409914225,63,63,63,63,61,63,0,8045,1.29563008188212,26,-88,0.001869,51,2025-10-28 18:05:30.001939,482,1.037,0.0011,"aoml_navis",1029.14363206122
"7901009",91,0,1,0.028035,1,0.005607,1,111.595140736409,1,4.85835355686566,484,1,11.2250003814697,35.326000213623,0.0280349999666214,0.0115403309464455,107.61060333252,-88.0564,25.574,89.2987409914225,63,63,63,63,61,63,0,8045,1.29563008188212,26,-88,0.001869,51,2025-10-28 18:05:30.001939,484,1.037,0.0011,"aoml_navis",1029.15523571441
"7901009",91,0,1,0.026166,1,0.003738,1,111.678096912807,1,4.85830882732268,486,1,11.206000328064,35.3219985961914,0.0261659994721413,0.0100977895781398,107.69059753418,-88.0564,25.574,89.2987409914225,63,63,63,63,61,63,0,8045,1.29563008188212,26,-88,0.001869,51,2025-10-28 18:05:30.001939,486,1.037,0.0011,"aoml_navis",1029.16471095466
"7901009",91,0,1,0.026166,1,0.003738,1,111.801300878364,1,4.85825321576342,488,1,11.1669998168945,35.3160018920898,0.0261659994721413,0.0100977895781398,107.80940246582,-88.0564,25.574,89.2987409914225,63,63,63,63,61,63,0,8045,1.29563008188212,26,-88,0.001869,51,2025-10-28 18:05:30.001939,488,1.037,0.0011,"aoml_navis",1029.1764916198
"7901009",91,0,1,0.026166,1,0.003738,1,111.646987357671,1,4.85819677302045,490,1,11.1269998550415,35.310001373291,0.0261659994721413,0.0100977895781398,107.660598754883,-88.0564,25.574,89.2987409914225,63,63,63,63,61,63,0,8045,1.29563008188212,26,-88,0.001869,51,2025-10-28 18:05:30.001939,490,1.037,0.0011,"aoml_navis",1029.18844863737
"7901009",91,0,1,0.024297,1,0.001869,1,111.168713550969,1,4.85814220781226,492,1,11.08899974823,35.3040008544922,0.0242970008403063,0.0086552482098341,107.199401855469,-88.0564,25.574,89.2987409914225,63,63,63,63,61,63,0,8045,1.29563008188212,26,-88,0.001869,51,2025-10-28 18:05:30.001939,492,1.037,0.0011,"aoml_navis",1029.20000817589
"7901009",91,0,1,0.028035,1,0.005607,1,110.669900475414,1,4.85807857390475,494,1,11.048999786377,35.2999992370605,0.0280349999666214,0.0115403309464455,106.718399047852,-88.0564,25.574,89.2987409914225,63,63,63,63,61,63,0,8045,1.29563008188212,26,-88,0.001869,51,2025-10-28 18:05:30.001939,494,1.037,0.0011,"aoml_navis",1029.21348922959
"7901009",91,0,1,0.029904,1,0.007476,1,110.632461407535,1,4.85803206209122,496,1,11.03600025177,35.2980003356934,0.0299040004611015,0.0129828732460737,106.68229675293,-88.0564,25.574,89.2987409914225,63,63,63,63,61,63,0,8045,1.29563008188212,26,-88,0.001869,51,2025-10-28 18:05:30.001939,496,1.037,0.0011,"aoml_navis",1029.22334313448
"7901009",91,0,1,0.029904,1,0.007476,1,110.67633284274,1,4.85797853676749,498,1,10.9989995956421,35.2919998168945,0.0299040004611015,0.0129828732460737,106.724601745605,-88.0564,25.574,89.2987409914225,63,63,63,63,61,63,0,8045,1.29563008188212,26,-88,0.001869,51,2025-10-28 18:05:30.001939,498,1.037,0.0011,"aoml_navis",1029.23468314189
"7901009",91,0,1,0.028035,1,0.005607,1,110.818920941075,1,4.85790005334343,500,1,10.9219999313354,35.2830009460449,0.0280349999666214,0.0115403309464455,106.862098693848,-88.0564,25.574,89.2987409914225,63,63,63,63,61,63,0,8045,1.29563008188212,26,-88,0.001869,51,2025-10-28 18:05:30.001939,500,1.037,0.0011,"aoml_navis",1029.25131128599
"7901009",91,0,1,0.026166,1,0.003738,1,110.933413914719,1,4.85783608702609,502,1,10.8649997711182,35.2750015258789,0.0261659994721413,0.0100977895781398,106.972503662109,-88.0564,25.574,89.2987409914225,63,63,63,63,61,63,0,8045,1.29563008188212,26,-88,0.001869,51,2025-10-28 18:05:30.001939,502,1.037,0.0011,"aoml_navis",1029.2648641138
"7901009",91,0,1,0.029904,1,0.007476,1,110.884977318448,1,4.85778201304779,504,1,10.8229999542236,35.2680015563965,0.0299040004611015,0.0129828732460737,106.925796508789,-88.0564,25.574,89.2987409914225,63,63,63,63,61,63,0,8045,1.29563008188212,26,-88,0.001869,51,2025-10-28 18:05:30.001939,504,1.037,0.0011,"aoml_navis",1029.27632128618
"7901009",91,0,1,0.028035,1,0.005607,1,110.856874281865,1,4.85770938211243,506,1,10.7559995651245,35.2599983215332,0.0280349999666214,0.0115403309464455,106.898696899414,-88.0564,25.574,89.2987409914225,63,63,63,63,61,63,0,8045,1.29563008188212,26,-88,0.001869,51,2025-10-28 18:05:30.001939,506,1.037,0.0011,"aoml_navis",1029.29171070042
"7901009",91,0,1,0.031773,1,0.009345,1,110.65641861327,1,4.85765906101061,508,1,10.7180004119873,35.2529983520508,0.0317730009555817,0.0144254146143794,106.70539855957,-88.0564,25.574,89.2987409914225,63,63,63,63,61,63,0,8045,1.29563008188212,26,-88,0.001869,51,2025-10-28 18:05:30.001939,508,1.037,0.0011,"aoml_navis",1029.30237326285
"7901009",91,0,1,0.024297,1,0.001869,1,110.158855616482,1,4.8575963665955,510,1,10.6660003662109,35.2459983825684,0.0242970008403063,0.0086552482098341,106.225601196289,-88.0564,25.574,89.2987409914225,63,63,63,63,61,63,0,8045,1.29563008188212,26,-88,0.001869,51,2025-10-28 18:05:30.001939,510,1.037,0.0011,"aoml_navis",1029.31565792164
"7901009",91,0,1,0.028035,1,0.005607,1,109.668547823676,1,4.85751431902291,512,1,10.5920000076294,35.2389984130859,0.0280349999666214,0.0115403309464455,105.752799987793,-88.0564,25.574,89.2987409914225,63,63,63,63,61,63,0,8045,1.29563008188212,26,-88,0.001869,51,2025-10-28 18:05:30.001939,512,1.037,0.0011,"aoml_navis",1029.33304394371
"7901009",91,0,1,0.029904,1,0.007476,1,109.54306523353,1,4.85745203957505,514,1,10.53600025177,35.2309989929199,0.0299040004611015,0.0129828732460737,105.631797790527,-88.0564,25.574,89.2987409914225,63,63,63,63,61,63,0,8045,1.29563008188212,26,-88,0.001869,51,2025-10-28 18:05:30.001939,514,1.037,0.0011,"aoml_navis",1029.34624145819
"7901009",91,0,1,0.026166,1,0.003738,1,109.30963280354,1,4.85739796993775,516,1,10.5100002288818,35.2280006408691,0.0261659994721413,0.0100977895781398,105.406700134277,-88.0564,25.574,89.2987409914225,63,63,63,63,61,63,0,8045,1.29563008188212,26,-88,0.001869,51,2025-10-28 18:05:30.001939,516,1.037,0.0011,"aoml_navis",1029.35769952242
"7901009",91,0,1,0.031773,1,0.009345,1,109.067900799964,1,4.85734760310265,518,1,10.4840002059937,35.2239990234375,0.0317730009555817,0.0144254146143794,105.173599243164,-88.0564,25.574,89.2987409914225,63,63,63,63,61,63,0,8045,1.29563008188212,26,-88,0.001869,51,2025-10-28 18:05:30.001939,518,1.037,0.0011,"aoml_navis",1029.36837314386
"7901009",91,0,1,0.024297,1,0.001869,1,108.8552054361,1,4.85729316911102,520,1,10.4449996948242,35.2179985046387,0.0242970008403063,0.0086552482098341,104.96849822998,-88.0564,25.574,89.2987409914225,63,63,63,63,61,63,0,8045,1.29563008188212,26,-88,0.001869,51,2025-10-28 18:05:30.001939,520,1.037,0.0011,"aoml_navis",1029.37990891645
"7901009",91,0,1,0.029904,1,0.007476,1,108.677670515528,1,4.85721460582902,522,1,10.3699998855591,35.2099990844727,0.0299040004611015,0.0129828732460737,104.797302246094,-88.0564,25.574,89.2987409914225,63,63,63,63,61,63,0,8045,1.29563008188212,26,-88,0.001869,51,2025-10-28 18:05:30.001939,522,1.037,0.0011,"aoml_navis",1029.39655867781
"7901009",91,0,1,0.024297,1,0.001869,1,108.578320901124,1,4.85714726928038,524,1,10.3159999847412,35.2039985656738,0.0242970008403063,0.0086552482098341,104.701499938965,-88.0564,25.574,89.2987409914225,63,63,63,63,61,63,0,8045,1.29563008188212,26,-88,0.001869,51,2025-10-28 18:05:30.001939,524,1.037,0.0011,"aoml_navis",1029.41082960838
"7901009",91,0,1,0.026166,1,0.003738,1,108.478354159227,1,4.8570951690842,526,1,10.2919998168945,35.201000213623,0.0261659994721413,0.0100977895781398,104.605102539062,-88.0564,25.574,89.2987409914225,63,63,63,63,61,63,0,8045,1.29563008188212,26,-88,0.001869,51,2025-10-28 18:05:30.001939,526,1.037,0.0011,"aoml_navis",1029.42187170336
"7901009",91,0,1,0.029904,1,0.007476,1,108.458542784339,1,4.85704396154276,528,1,10.2690000534058,35.1980018615723,0.0299040004611015,0.0129828732460737,104.585998535156,-88.0564,25.574,89.2987409914225,63,63,63,63,61,63,0,8045,1.29563008188212,26,-88,0.001869,51,2025-10-28 18:05:30.001939,528,1.037,0.0011,"aoml_navis",1029.43272484028
"7901009",91,0,1,0.028035,1,0.005607,1,108.353496608465,1,4.85699782038792,530,1,10.2559995651245,35.1959991455078,0.0280349999666214,0.0115403309464455,104.484703063965,-88.0564,25.574,89.2987409914225,63,63,63,63,61,63,0,8045,1.29563008188212,26,-88,0.001869,51,2025-10-28 18:05:30.001939,530,1.037,0.0011,"aoml_navis",1029.4425043824
"7901009",91,0,1,0.028035,1,0.005607,1,108.386370515278,1,4.85694441592809,532,1,10.2220001220703,35.1910018920898,0.0280349999666214,0.0115403309464455,104.516403198242,-88.0564,25.574,89.2987409914225,63,63,63,63,61,63,0,8045,1.29563008188212,26,-88,0.001869,51,2025-10-28 18:05:30.001939,532,1.037,0.0011,"aoml_navis",1029.45382360209
"7901009",91,0,1,0.028035,1,0.005607,1,108.43106478714,1,4.8568793515573,534,1,10.1660003662109,35.1839981079102,0.0280349999666214,0.0115403309464455,104.559501647949,-88.0564,25.574,89.2987409914225,63,63,63,63,61,63,0,8045,1.29563008188212,26,-88,0.001869,51,2025-10-28 18:05:30.001939,534,1.037,0.0011,"aoml_navis",1029.46761450782
"7901009",91,0,1,0.028035,1,0.005607,1,108.480007744431,1,4.85682282197993,536,1,10.1239995956421,35.1780014038086,0.0280349999666214,0.0115403309464455,104.60669708252,-88.0564,25.574,89.2987409914225,63,63,63,63,61,63,0,8045,1.29563008188212,26,-88,0.001869,51,2025-10-28 18:05:30.001939,536,1.037,0.0011,"aoml_navis",1029.47959669686
"7901009",91,0,1,0.028035,1,0.005607,1,108.411047703088,1,4.8567825869371,538,1,10.1219997406006,35.1769981384277,0.0280349999666214,0.0115403309464455,104.540199279785,-88.0564,25.574,89.2987409914225,63,63,63,63,61,63,0,8045,1.29563008188212,26,-88,0.001869,51,2025-10-28 18:05:30.001939,538,1.037,0.0011,"aoml_navis",1029.48812521444
"7901009",91,0,1,0.022428,1,0,1,108.463938693953,1,4.85672591528689,540,1,10.0839996337891,35.1720008850098,0.0224280003458261,0.0072127073071897,104.591201782227,-88.0564,25.574,89.2987409914225,63,63,63,63,61,63,0,8045,1.29563008188212,26,-88,0.001869,51,2025-10-28 18:05:30.001939,540,1.037,0.0011,"aoml_navis",1029.5001379967
"7901009",91,0,1,0.029904,1,0.007476,1,108.523048431089,1,4.85665835365481,542,1,10.0290002822876,35.1660003662109,0.0299040004611015,0.0129828732460737,104.64820098877,-88.0564,25.574,89.2987409914225,63,63,63,63,61,63,0,8045,1.29563008188212,26,-88,0.001869,51,2025-10-28 18:05:30.001939,542,1.037,0.0011,"aoml_navis",1029.51445951254
"7901009",91,0,1,0.026166,1,0.003738,1,108.610672623135,1,4.85660184277201,544,1,9.99100017547607,35.1609992980957,0.0261659994721413,0.0100977895781398,104.732696533203,-88.0564,25.574,89.2987409914225,63,63,63,63,61,63,0,8045,1.29563008188212,26,-88,0.001869,51,2025-10-28 18:05:30.001939,544,1.037,0.0011,"aoml_navis",1029.52643882912
"7901009",91,0,1,0.028035,1,0.005607,1,108.632556913447,1,4.85655285406902,546,1,9.96599960327148,35.1570014953613,0.0280349999666214,0.0115403309464455,104.753799438477,-88.0564,25.574,89.2987409914225,63,63,63,63,61,63,0,8045,1.29563008188212,26,-88,0.001869,51,2025-10-28 18:05:30.001939,546,1.037,0.0011,"aoml_navis",1029.53682380102
"7901009",91,0,1,0.028035,1,0.005607,1,108.711478025471,1,4.85649900814787,548,1,9.93099975585938,35.1520004272461,0.0280349999666214,0.0115403309464455,104.829902648926,-88.0564,25.574,89.2987409914225,63,63,63,63,61,63,0,8045,1.29563008188212,26,-88,0.001869,51,2025-10-28 18:05:30.001939,548,1.037,0.0011,"aoml_navis",1029.5482386821
"7901009",91,0,1,0.029904,1,0.007476,1,108.755032985039,1,4.85643350627539,550,1,9.87800025939941,35.1459999084473,0.0299040004611015,0.0129828732460737,104.87190246582,-88.0564,25.574,89.2987409914225,63,63,63,63,61,63,0,8045,1.29563008188212,26,-88,0.001869,51,2025-10-28 18:05:30.001939,550,1.037,0.0011,"aoml_navis",1029.56212486779
"7901009",91,0,1,0.026166,1,0.003738,1,108.853029666095,1,4.85637467546812,552,1,9.83699989318848,35.140998840332,0.0261659994721413,0.0100977895781398,104.966400146484,-88.0564,25.574,89.2987409914225,63,63,63,63,61,63,0,8045,1.29563008188212,26,-88,0.001869,51,2025-10-28 18:05:30.001939,552,1.037,0.0011,"aoml_navis",1029.57459712847
"7901009",91,0,1,0.028035,1,0.005607,1,108.893055922308,1,4.85632642856942,554,1,9.81700038909912,35.1380004882812,0.0280349999666214,0.0115403309464455,105.004997253418,-88.0564,25.574,89.2987409914225,63,63,63,63,61,63,0,8045,1.29563008188212,26,-88,0.001869,51,2025-10-28 18:05:30.001939,554,1.037,0.0011,"aoml_navis",1029.58482580276
"7901009",91,0,1,0.024297,1,0.001869,1,108.849089544412,1,4.85628161074818,556,1,9.80099964141846,35.1349983215332,0.0242970008403063,0.0086552482098341,104.962600708008,-88.0564,25.574,89.2987409914225,63,63,63,63,61,63,0,8045,1.29563008188212,26,-88,0.001869,51,2025-10-28 18:05:30.001939,556,1.037,0.0011,"aoml_navis",1029.59432767114
"7901009",91,0,1,0.028035,1,0.005607,1,108.85469116319,1,4.85623084160196,558,1,9.77799987792969,35.1319999694824,0.0280349999666214,0.0115403309464455,104.968002319336,-88.0564,25.574,89.2987409914225,63,63,63,63,61,63,0,8045,1.29563008188212,26,-88,0.001869,51,2025-10-28 18:05:30.001939,558,1.037,0.0011,"aoml_navis",1029.60509149738
"7901009",91,0,1,0.029904,1,0.007476,1,108.874186062441,1,4.8561778348391,560,1,9.7480001449585,35.1279983520508,0.0299040004611015,0.0129828732460737,104.986801147461,-88.0564,25.574,89.2987409914225,63,63,63,63,61,63,0,8045,1.29563008188212,26,-88,0.001869,51,2025-10-28 18:05:30.001939,560,1.037,0.0011,"aoml_navis",1029.61632997233
"7901009",91,0,1,0.028035,1,0.005607,1,109.015737703064,1,4.85610484835917,562,1,9.67700004577637,35.1199989318848,0.0280349999666214,0.0115403309464455,105.12329864502,-88.0564,25.574,89.2987409914225,63,63,63,63,61,63,0,8045,1.29563008188212,26,-88,0.001869,51,2025-10-28 18:05:30.001939,562,1.037,0.0011,"aoml_navis",1029.63180494125
"7901009",91,0,1,0.026166,1,0.003738,1,108.97425565892,1,4.85605255273581,564,1,9.63899993896484,35.1139984130859,0.0261659994721413,0.0100977895781398,105.083297729492,-88.0564,25.574,89.2987409914225,63,63,63,63,61,63,0,8045,1.29563008188212,26,-88,0.001869,51,2025-10-28 18:05:30.001939,564,1.037,0.0011,"aoml_navis",1029.64289321439
"7901009",91,0,1,0.028035,1,0.005607,1,108.974983552885,1,4.8559941930634,566,1,9.58500003814697,35.1059989929199,0.0280349999666214,0.0115403309464455,105.083999633789,-88.0564,25.574,89.2987409914225,63,63,63,63,61,63,0,8045,1.29563008188212,26,-88,0.001869,51,2025-10-28 18:05:30.001939,566,1.037,0.0011,"aoml_navis",1029.65526753354
"7901009",91,0,1,0.029904,1,0.007476,1,109.174608472933,1,4.85589841587775,568,1,9.47299957275391,35.0950012207031,0.0299040004611015,0.0129828732460737,105.276496887207,-88.0564,25.574,89.2987409914225,63,63,63,63,61,63,0,8045,1.29563008188212,26,-88,0.001869,51,2025-10-28 18:05:30.001939,568,1.037,0.0011,"aoml_navis",1029.67557633641
"7901009",91,0,1,0.026166,1,0.003738,1,109.273443814427,1,4.85583295571638,570,1,9.40999984741211,35.0870018005371,0.0261659994721413,0.0100977895781398,105.371803283691,-88.0564,25.574,89.2987409914225,63,63,63,63,61,63,0,8045,1.29563008188212,26,-88,0.001869,51,2025-10-28 18:05:30.001939,570,1.037,0.0011,"aoml_navis",1029.68945711238
"7901009",91,0,1,0.026166,1,0.003738,1,109.320938895678,1,4.85577693963916,572,1,9.36699962615967,35.0810012817383,0.0261659994721413,0.0100977895781398,105.417602539062,-88.0564,25.574,89.2987409914225,63,63,63,63,61,63,0,8045,1.29563008188212,26,-88,0.001869,51,2025-10-28 18:05:30.001939,572,1.037,0.0011,"aoml_navis",1029.70133557485
"7901009",91,0,1,0.026166,1,0.003738,1,109.309529948958,1,4.85571401644531,574,1,9.31999969482422,35.076000213623,0.0261659994721413,0.0100977895781398,105.406600952148,-88.0564,25.574,89.2987409914225,63,63,63,63,61,63,0,8045,1.29563008188212,26,-88,0.001869,51,2025-10-28 18:05:30.001939,574,1.037,0.0011,"aoml_navis",1029.71467904947
"7901009",91,0,1,0.029904,1,0.007476,1,109.419869179864,1,4.8556542241738,576,1,9.28999996185303,35.0740013122559,0.0299040004611015,0.0129828732460737,105.513000488281,-88.0564,25.574,89.2987409914225,63,63,63,63,61,63,0,8045,1.29563008188212,26,-88,0.001869,51,2025-10-28 18:05:30.001939,576,1.037,0.0011,"aoml_navis",1029.72735890204
"7901009",91,0,1,0.028035,1,0.005607,1,109.427852277812,1,4.85561064224183,578,1,9.28400039672852,35.0730018615723,0.0280349999666214,0.0115403309464455,105.520698547363,-88.0564,25.574,89.2987409914225,63,63,63,63,61,63,0,8045,1.29563008188212,26,-88,0.001869,51,2025-10-28 18:05:30.001939,578,1.037,0.0011,"aoml_navis",1029.73660130449
"7901009",91,0,1,0.031773,1,0.009345,1,109.430755941783,1,4.85556707555636,580,1,9.27799987792969,35.0719985961914,0.0317730009555817,0.0144254146143794,105.523498535156,-88.0564,25.574,89.2987409914225,63,63,63,63,61,63,0,8045,1.29563008188212,26,-88,0.001869,51,2025-10-28 18:05:30.001939,580,1.037,0.0011,"aoml_navis",1029.74584063945
"7901009",91,0,1,0.029904,1,0.007476,1,109.499929604182,1,4.85552008772948,582,1,9.25899982452393,35.0690002441406,0.0299040004611015,0.0129828732460737,105.590202331543,-88.0564,25.574,89.2987409914225,63,63,63,63,61,63,0,8045,1.29563008188212,26,-88,0.001869,51,2025-10-28 18:05:30.001939,582,1.037,0.0011,"aoml_navis",1029.75580569333
"7901009",91,0,1,0.028035,1,0.005607,1,109.477633895542,1,4.85546231190828,584,1,9.2180004119873,35.0639991760254,0.0280349999666214,0.0115403309464455,105.568702697754,-88.0564,25.574,89.2987409914225,63,63,63,63,61,63,0,8045,1.29563008188212,26,-88,0.001869,51,2025-10-28 18:05:30.001939,584,1.037,0.0011,"aoml_navis",1029.76805890085
"7901009",91,0,1,0.028035,1,0.005607,1,109.604042176926,1,4.85540009792393,586,1,9.17599964141846,35.060001373291,0.0280349999666214,0.0115403309464455,105.69059753418,-88.0564,25.574,89.2987409914225,63,63,63,63,61,63,0,8045,1.29563008188212,26,-88,0.001869,51,2025-10-28 18:05:30.001939,586,1.037,0.0011,"aoml_navis",1029.78125368863
"7901009",91,0,1,0.028035,1,0.005607,1,109.802844260317,1,4.85534826667127,588,1,9.15100002288818,35.056999206543,0.0280349999666214,0.0115403309464455,105.882301330566,-88.0564,25.574,89.2987409914225,63,63,63,63,61,63,0,8045,1.29563008188212,26,-88,0.001869,51,2025-10-28 18:05:30.001939,588,1.037,0.0011,"aoml_navis",1029.79224669045
"7901009",91,0,1,0.028035,1,0.005607,1,110.013878127085,1,4.85530673529973,590,1,9.14299964904785,35.0550003051758,0.0280349999666214,0.0115403309464455,106.085800170898,-88.0564,25.574,89.2987409914225,63,63,63,63,61,63,0,8045,1.29563008188212,26,-88,0.001869,51,2025-10-28 18:05:30.001939,590,1.037,0.0011,"aoml_navis",1029.80105533772
"7901009",91,0,1,0.029904,1,0.007476,1,110.286094646413,1,4.85524708615486,592,1,9.09500026702881,35.048999786377,0.0299040004611015,0.0129828732460737,106.348297119141,-88.0564,25.574,89.2987409914225,63,63,63,63,61,63,0,8045,1.29563008188212,26,-88,0.001869,51,2025-10-28 18:05:30.001939,592,1.037,0.0011,"aoml_navis",1029.81370696003
"7901009",91,0,1,0.026166,1,0.003738,1,110.503560880508,1,4.85518549855715,594,1,9.04899978637695,35.0439987182617,0.0261659994721413,0.0100977895781398,106.557998657227,-88.0564,25.574,89.2987409914225,63,63,63,63,61,63,0,8045,1.29563008188212,26,-88,0.001869,51,2025-10-28 18:05:30.001939,594,1.037,0.0011,"aoml_navis",1029.82677005562
"7901009",91,0,1,0.026166,1,0.003738,1,110.64314246029,1,4.85513010435378,596,1,9.01500034332275,35.0400009155273,0.0261659994721413,0.0100977895781398,106.692596435547,-88.0564,25.574,89.2987409914225,63,63,63,63,61,63,0,8045,1.29563008188212,26,-88,0.001869,51,2025-10-28 18:05:30.001939,596,1.037,0.0011,"aoml_navis",1029.83851977856
"7901009",91,0,1,0.026166,1,0.003738,1,110.795588774724,1,4.85507802861541,598,1,8.98499965667725,35.0359992980957,0.0261659994721413,0.0100977895781398,106.839599609375,-88.0564,25.574,89.2987409914225,63,63,63,63,61,63,0,8045,1.29563008188212,26,-88,0.001869,51,2025-10-28 18:05:30.001939,598,1.037,0.0011,"aoml_navis",1029.84956586288
"7901009",91,0,1,0.029904,1,0.007476,1,110.990442824541,1,4.85501340378512,600,1,8.9350004196167,35.0309982299805,0.0299040004611015,0.0129828732460737,107.027496337891,-88.0564,25.574,89.2987409914225,63,63,63,63,61,63,0,8045,1.29563008188212,26,-88,0.001869,51,2025-10-28 18:05:30.001939,600,1.037,0.0011,"aoml_navis",1029.86327413676
"7901009",91,0,1,0.029904,1,0.007476,1,111.032961326397,1,4.85496786476549,602,1,8.92199993133545,35.0289993286133,0.0299040004611015,0.0129828732460737,107.068496704102,-88.0564,25.574,89.2987409914225,63,63,63,63,61,63,0,8045,1.29563008188212,26,-88,0.001869,51,2025-10-28 18:05:30.001939,602,1.037,0.0011,"aoml_navis",1029.87293413146
"7901009",91,0,1,0.033642,1,0.011214,1,111.107317277355,1,4.85491750917231,604,1,8.89400005340576,35.0250015258789,0.0336420014500618,0.0158679541200399,107.140197753906,-88.0564,25.574,89.2987409914225,63,63,63,63,61,63,0,8045,1.29563008188212,26,-88,0.001869,51,2025-10-28 18:05:30.001939,604,1.037,0.0011,"aoml_navis",1029.88361605601
"7901009",91,0,1,0.029904,1,0.007476,1,111.303524260521,1,4.8548502081293,606,1,8.84500026702881,35.0209999084473,0.0299040004611015,0.0129828732460737,107.329399108887,-88.0564,25.574,89.2987409914225,63,63,63,63,61,63,0,8045,1.29563008188212,26,-88,0.001869,51,2025-10-28 18:05:30.001939,606,1.037,0.0011,"aoml_navis",1029.89789296231
"7901009",91,0,1,0.031773,1,0.009345,1,111.436159200067,1,4.85480067075794,608,1,8.82699966430664,35.0190010070801,0.0317730009555817,0.0144254146143794,107.457298278809,-88.0564,25.574,89.2987409914225,63,63,63,63,61,63,0,8045,1.29563008188212,26,-88,0.001869,51,2025-10-28 18:05:30.001939,608,1.037,0.0011,"aoml_navis",1029.90840182515
"7901009",91,0,1,0.028035,1,0.005607,1,111.662027862328,1,4.85475446970493,610,1,8.80399990081787,35.0149993896484,0.0280349999666214,0.0115403309464455,107.675102233887,-88.0564,25.574,89.2987409914225,63,63,63,63,61,63,0,8045,1.29563008188212,26,-88,0.001869,51,2025-10-28 18:05:30.001939,610,1.037,0.0011,"aoml_navis",1029.91820311438
"7901009",91,0,1,0.026166,1,0.003738,1,111.866217943443,1,4.85469182722042,612,1,8.75599956512451,35.0099983215332,0.0261659994721413,0.0100977895781398,107.872001647949,-88.0564,25.574,89.2987409914225,63,63,63,63,61,63,0,8045,1.29563008188212,26,-88,0.001869,51,2025-10-28 18:05:30.001939,612,1.037,0.0011,"aoml_navis",1029.93149265723
"7901009",91,0,1,0.028035,1,0.005607,1,112.007872438648,1,4.85463442848324,614,1,8.7189998626709,35.0060005187988,0.0280349999666214,0.0115403309464455,108.008598327637,-88.0564,25.574,89.2987409914225,63,63,63,63,61,63,0,8045,1.29563008188212,26,-88,0.001869,51,2025-10-28 18:05:30.001939,614,1.037,0.0011,"aoml_navis",1029.94367004524
"7901009",91,0,1,0.031773,1,0.009345,1,111.990766930458,1,4.8545849775433,616,1,8.70100021362305,35.0040016174316,0.0317730009555817,0.0144254146143794,107.99210357666,-88.0564,25.574,89.2987409914225,63,63,63,63,61,63,0,8045,1.29563008188212,26,-88,0.001869,51,2025-10-28 18:05:30.001939,616,1.037,0.0011,"aoml_navis",1029.95416150492
"7901009",91,0,1,0.029904,1,0.007476,1,111.985268166262,1,4.85453281307655,618,1,8.67500019073486,35.0009994506836,0.0299040004611015,0.0129828732460737,107.986801147461,-88.0564,25.574,89.2987409914225,63,63,63,63,61,63,0,8045,1.29563008188212,26,-88,0.001869,51,2025-10-28 18:05:30.001939,618,1.037,0.0011,"aoml_navis",1029.96522889527
"7901009",91,0,1,0.028035,1,0.005607,1,111.860719179247,1,4.85447826024149,620,1,8.64599990844727,34.9980010986328,0.0280349999666214,0.0115403309464455,107.86669921875,-88.0564,25.574,89.2987409914225,63,63,63,63,61,63,0,8045,1.29563008188212,26,-88,0.001869,51,2025-10-28 18:05:30.001939,620,1.037,0.0011,"aoml_navis",1029.97680326439
"7901009",91,0,1,0.029904,1,0.007476,1,111.726217033441,1,4.85441479614614,622,1,8.61499977111816,34.9970016479492,0.0299040004611015,0.0129828732460737,107.736999511719,-88.0564,25.574,89.2987409914225,63,63,63,63,61,63,0,8045,1.29563008188212,26,-88,0.001869,51,2025-10-28 18:05:30.001939,622,1.037,0.0011,"aoml_navis",1029.99026864565
"7901009",91,0,1,0.028035,1,0.005607,1,111.810011870278,1,4.85435856384055,624,1,8.5930004119873,34.9959983825684,0.0280349999666214,0.0115403309464455,107.817802429199,-88.0564,25.574,89.2987409914225,63,63,63,63,61,63,0,8045,1.29563008188212,26,-88,0.001869,51,2025-10-28 18:05:30.001939,624,1.037,0.0011,"aoml_navis",1030.00219992901
"7901009",91,0,1,0.029904,1,0.007476,1,112.003829462383,1,4.85431047888141,626,1,8.57199954986572,34.9930000305176,0.0299040004611015,0.0129828732460737,108.004699707031,-88.0564,25.574,89.2987409914225,63,63,63,63,61,63,0,8045,1.29563008188212,26,-88,0.001869,51,2025-10-28 18:05:30.001939,626,1.037,0.0011,"aoml_navis",1030.01240274029
"7901009",91,0,1,0.029904,1,0.007476,1,112.179291467532,1,4.85425396153187,628,1,8.54500007629395,34.9910011291504,0.0299040004611015,0.0129828732460737,108.173896789551,-88.0564,25.574,89.2987409914225,63,63,63,63,61,63,0,8045,1.29563008188212,26,-88,0.001869,51,2025-10-28 18:05:30.001939,628,1.037,0.0011,"aoml_navis",1030.02439501994
"7901009",91,0,1,0.028035,1,0.005607,1,112.520064521766,1,4.85420464147745,630,1,8.52700042724609,34.9889984130859,0.0280349999666214,0.0115403309464455,108.502502441406,-88.0564,25.574,89.2987409914225,63,63,63,63,61,63,0,8045,1.29563008188212,26,-88,0.001869,51,2025-10-28 18:05:30.001939,630,1.037,0.0011,"aoml_navis",1030.03486035112
"7901009",91,0,1,0.033642,1,0.011214,1,113.206571385847,1,4.85414699437084,632,1,8.47999954223633,34.9830017089844,0.0336420014500618,0.0158679541200399,109.164497375488,-88.0564,25.574,89.2987409914225,63,63,63,63,61,63,0,8045,1.29563008188212,26,-88,0.001869,51,2025-10-28 18:05:30.001939,632,1.037,0.0011,"aoml_navis",1030.04709288744
"7901009",91,0,1,0.031773,1,0.009345,1,113.829830593836,1,4.85409211259944,634,1,8.44099998474121,34.9780006408691,0.0317730009555817,0.0144254146143794,109.765502929688,-88.0564,25.574,89.2987409914225,63,63,63,63,61,63,0,8045,1.29563008188212,26,-88,0.001869,51,2025-10-28 18:05:30.001939,634,1.037,0.0011,"aoml_navis",1030.05873889822
"7901009",91,0,1,0.033642,1,0.011214,1,114.308104400537,1,4.85404570773772,636,1,8.40799999237061,34.9720001220703,0.0336420014500618,0.0158679541200399,110.226699829102,-88.0564,25.574,89.2987409914225,63,63,63,63,61,63,0,8045,1.29563008188212,26,-88,0.001869,51,2025-10-28 18:05:30.001939,636,1.037,0.0011,"aoml_navis",1030.06858629898
"7901009",91,0,1,0.026166,1,0.003738,1,114.719593935901,1,4.85396890923938,638,1,8.32699966430664,34.9640007019043,0.0261659994721413,0.0100977895781398,110.623497009277,-88.0564,25.574,89.2987409914225,63,63,63,63,61,63,0,8045,1.29563008188212,26,-88,0.001869,51,2025-10-28 18:05:30.001939,638,1.037,0.0011,"aoml_navis",1030.08488383241
"7901009",91,0,1,0.031773,1,0.009345,1,114.882515593926,1,4.85391242419253,640,1,8.29500007629395,34.9609985351562,0.0317730009555817,0.0144254146143794,110.780601501465,-88.0564,25.574,89.2987409914225,63,63,63,63,61,63,0,8045,1.29563008188212,26,-88,0.001869,51,2025-10-28 18:05:30.001939,640,1.037,0.0011,"aoml_navis",1030.09687094463
"7901009",91,0,1,0.029904,1,0.007476,1,114.965479682215,1,4.85386380169967,642,1,8.27299976348877,34.9580001831055,0.0299040004611015,0.0129828732460737,110.86060333252,-88.0564,25.574,89.2987409914225,63,63,63,63,61,63,0,8045,1.29563008188212,26,-88,0.001869,51,2025-10-28 18:05:30.001939,642,1.037,0.0011,"aoml_navis",1030.10718970919
"7901009",91,0,1,0.024297,1,0.001869,1,114.980100856653,1,4.85380033188431,644,1,8.23200035095215,34.9550018310547,0.0242970008403063,0.0086552482098341,110.874702453613,-88.0564,25.574,89.2987409914225,63,63,63,63,61,63,0,8045,1.29563008188212,26,-88,0.001869,51,2025-10-28 18:05:30.001939,644,1.037,0.0011,"aoml_navis",1030.12065971386
"7901009",91,0,1,0.031773,1,0.009345,1,114.858455533609,1,4.85374653973185,646,1,8.20800018310547,34.9529991149902,0.0317730009555817,0.0144254146143794,110.757400512695,-88.0564,25.574,89.2987409914225,63,63,63,63,61,63,0,8045,1.29563008188212,26,-88,0.001869,51,2025-10-28 18:05:30.001939,646,1.037,0.0011,"aoml_navis",1030.13207613355
"7901009",91,0,1,0.029904,1,0.007476,1,114.801940896698,1,4.85369376018287,648,1,8.1899995803833,34.9519996643066,0.0299040004611015,0.0129828732460737,110.702903747559,-88.0564,25.574,89.2987409914225,63,63,63,63,61,63,0,8045,1.29563008188212,26,-88,0.001869,51,2025-10-28 18:05:30.001939,648,1.037,0.0011,"aoml_navis",1030.14327789226
"7901009",91,0,1,0.033642,1,0.011214,1,114.718557478189,1,4.85364121587781,650,1,8.17700004577637,34.9519996643066,0.0336420014500618,0.0158679541200399,110.622497558594,-88.0564,25.574,89.2987409914225,63,63,63,63,61,63,0,8045,1.29563008188212,26,-88,0.001869,51,2025-10-28 18:05:30.001939,650,1.037,0.0011,"aoml_navis",1030.15442996557
"7901009",91,0,1,0.029904,1,0.007476,1,114.656749786246,1,4.85359291189835,652,1,8.15999984741211,34.9500007629395,0.0299040004611015,0.0129828732460737,110.562896728516,-88.0564,25.574,89.2987409914225,63,63,63,63,61,63,0,8045,1.29563008188212,26,-88,0.001869,51,2025-10-28 18:05:30.001939,652,1.037,0.0011,"aoml_navis",1030.16468227954
"7901009",91,0,1,0.024297,1,0.001869,1,114.541853306165,1,4.85353804521806,654,1,8.14400005340576,34.9500007629395,0.0242970008403063,0.0086552482098341,110.452102661133,-88.0564,25.574,89.2987409914225,63,63,63,63,61,63,0,8045,1.29563008188212,26,-88,0.001869,51,2025-10-28 18:05:30.001939,654,1.037,0.0011,"aoml_navis",1030.17632774636
"7901009",91,0,1,0.033642,1,0.011214,1,114.29068241671,1,4.85348863488133,656,1,8.13500022888184,34.9500007629395,0.0336420014500618,0.0158679541200399,110.209899902344,-88.0564,25.574,89.2987409914225,63,63,63,63,61,63,0,8045,1.29563008188212,26,-88,0.001869,51,2025-10-28 18:05:30.001939,656,1.037,0.0011,"aoml_navis",1030.1868153282
"7901009",91,0,1,0.029904,1,0.007476,1,114.398948732192,1,4.85343810180173,658,1,8.13399982452393,34.9519996643066,0.0299040004611015,0.0129828732460737,110.314300537109,-88.0564,25.574,89.2987409914225,63,63,63,63,61,63,0,8045,1.29563008188212,26,-88,0.001869,51,2025-10-28 18:05:30.001939,658,1.037,0.0011,"aoml_navis",1030.19754143848
"7901009",91,0,1,0.028035,1,0.005607,1,114.578975898407,1,4.853390601278,660,1,8.11800003051758,34.9500007629395,0.0280349999666214,0.0115403309464455,110.487899780273,-88.0564,25.574,89.2987409914225,63,63,63,63,61,63,0,8045,1.29563008188212,26,-88,0.001869,51,2025-10-28 18:05:30.001939,660,1.037,0.0011,"aoml_navis",1030.20762406459
"7901009",91,0,1,0.031773,1,0.009345,1,114.797581444795,1,4.85334233243797,662,1,8.10099983215332,34.9480018615723,0.0317730009555817,0.0144254146143794,110.698699951172,-88.0564,25.574,89.2987409914225,63,63,63,63,61,63,0,8045,1.29563008188212,26,-88,0.001869,51,2025-10-28 18:05:30.001939,662,1.037,0.0011,"aoml_navis",1030.21786997835
"7901009",91,0,1,0.029904,1,0.007476,1,114.968897619097,1,4.85329331203064,664,1,8.08300018310547,34.9459991455078,0.0299040004611015,0.0129828732460737,110.863899230957,-88.0564,25.574,89.2987409914225,63,63,63,63,61,63,0,8045,1.29563008188212,26,-88,0.001869,51,2025-10-28 18:05:30.001939,664,1.037,0.0011,"aoml_navis",1030.22827563413
"7901009",91,0,1,0.029904,1,0.007476,1,115.062645614723,1,4.8532378838437,666,1,8.05200004577637,34.943000793457,0.0299040004611015,0.0129828732460737,110.954299926758,-88.0564,25.574,89.2987409914225,63,63,63,63,61,63,0,8045,1.29563008188212,26,-88,0.001869,51,2025-10-28 18:05:30.001939,666,1.037,0.0011,"aoml_navis",1030.24004173479
"7901009",91,0,1,0.028035,1,0.005607,1,114.945154034417,1,4.85318733295825,668,1,8.0319995880127,34.9410018920898,0.0280349999666214,0.0115403309464455,110.841003417969,-88.0564,25.574,89.2987409914225,63,63,63,63,61,63,0,8045,1.29563008188212,26,-88,0.001869,51,2025-10-28 18:05:30.001939,668,1.037,0.0011,"aoml_navis",1030.25077273336
"7901009",91,0,1,0.028035,1,0.005607,1,114.991193327737,1,4.85312963751289,670,1,8.01700019836426,34.9420013427734,0.0280349999666214,0.0115403309464455,110.885398864746,-88.0564,25.574,89.2987409914225,63,63,63,63,61,63,0,8045,1.29563008188212,26,-88,0.001869,51,2025-10-28 18:05:30.001939,670,1.037,0.0011,"aoml_navis",1030.26302066029
"7901009",91,0,1,0.031773,1,0.009345,1,115.152967761577,1,4.85307566152167,672,1,7.98299980163574,34.9379997253418,0.0317730009555817,0.0144254146143794,111.041397094727,-88.0564,25.574,89.2987409914225,63,63,63,63,61,63,0,8045,1.29563008188212,26,-88,0.001869,51,2025-10-28 18:05:30.001939,672,1.037,0.0011,"aoml_navis",1030.27447926337
"7901009",91,0,1,0.029904,1,0.007476,1,115.093755169859,1,4.85302053457713,674,1,7.95699977874756,34.9360008239746,0.0299040004611015,0.0129828732460737,110.984298706055,-88.0564,25.574,89.2987409914225,63,63,63,63,61,63,0,8045,1.29563008188212,26,-88,0.001869,51,2025-10-28 18:05:30.001939,674,1.037,0.0011,"aoml_navis",1030.28618246629
"7901009",91,0,1,0.031773,1,0.009345,1,114.896614583563,1,4.85296519135611,676,1,7.94500017166138,34.9370002746582,0.0317730009555817,0.0144254146143794,110.79419708252,-88.0564,25.574,89.2987409914225,63,63,63,63,61,63,0,8045,1.29563008188212,26,-88,0.001869,51,2025-10-28 18:05:30.001939,676,1.037,0.0011,"aoml_navis",1030.29793185119
"7901009",91,0,1,0.029904,1,0.007476,1,114.92679844746,1,4.85291293495704,678,1,7.93699979782104,34.9379997253418,0.0299040004611015,0.0129828732460737,110.823303222656,-88.0564,25.574,89.2987409914225,63,63,63,63,61,63,0,8045,1.29563008188212,26,-88,0.001869,51,2025-10-28 18:05:30.001939,678,1.037,0.0011,"aoml_navis",1030.3090261487
"7901009",91,0,1,0.031773,1,0.009345,1,115.306244824558,1,4.85285477355466,680,1,7.90700006484985,34.9360008239746,0.0317730009555817,0.0144254146143794,111.18920135498,-88.0564,25.574,89.2987409914225,63,63,63,63,61,63,0,8045,1.29563008188212,26,-88,0.001869,51,2025-10-28 18:05:30.001939,680,1.037,0.0011,"aoml_navis",1030.32137438919
"7901009",91,0,1,0.028035,1,0.005607,1,115.846326323203,1,4.85279266045136,682,1,7.86700010299683,34.9329986572266,0.0280349999666214,0.0115403309464455,111.709999084473,-88.0564,25.574,89.2987409914225,63,63,63,63,61,63,0,8045,1.29563008188212,26,-88,0.001869,51,2025-10-28 18:05:30.001939,682,1.037,0.0011,"aoml_navis",1030.33456194169
"7901009",91,0,1,0.028035,1,0.005607,1,116.174234642785,1,4.85274040524386,684,1,7.83500003814697,34.9290008544922,0.0280349999666214,0.0115403309464455,112.02619934082,-88.0564,25.574,89.2987409914225,63,63,63,63,61,63,0,8045,1.29563008188212,26,-88,0.001869,51,2025-10-28 18:05:30.001939,684,1.037,0.0011,"aoml_navis",1030.34565677509
"7901009",91,0,1,0.029904,1,0.007476,1,116.370338771369,1,4.8526961568948,686,1,7.82299995422363,34.9269981384277,0.0299040004611015,0.0129828732460737,112.215301513672,-88.0564,25.574,89.2987409914225,63,63,63,63,61,63,0,8045,1.29563008188212,26,-88,0.001869,51,2025-10-28 18:05:30.001939,686,1.037,0.0011,"aoml_navis",1030.35505177795
"7901009",91,0,1,0.029904,1,0.007476,1,116.699489257827,1,4.85264516178194,688,1,7.80700016021729,34.9259986877441,0.0299040004611015,0.0129828732460737,112.532699584961,-88.0564,25.574,89.2987409914225,63,63,63,63,61,63,0,8045,1.29563008188212,26,-88,0.001869,51,2025-10-28 18:05:30.001939,688,1.037,0.0011,"aoml_navis",1030.3658794957
"7901009",91,0,1,0.029904,1,0.007476,1,117.284478649389,1,4.85258701240688,690,1,7.77199983596802,34.9230003356934,0.0299040004611015,0.0129828732460737,113.096801757812,-88.0564,25.574,89.2987409914225,63,63,63,63,61,63,0,8045,1.29563008188212,26,-88,0.001869,51,2025-10-28 18:05:30.001939,690,1.037,0.0011,"aoml_navis",1030.37822654519
"7901009",91,0,1,0.028035,1,0.005607,1,117.70104761873,1,4.85253005809901,692,1,7.72399997711182,34.9169998168945,0.0280349999666214,0.0115403309464455,113.498497009277,-88.0564,25.574,89.2987409914225,63,63,63,63,61,63,0,8045,1.29563008188212,26,-88,0.001869,51,2025-10-28 18:05:30.001939,692,1.037,0.0011,"aoml_navis",1030.39032012895
"7901009",91,0,1,0.028035,1,0.005607,1,117.697938245595,1,4.85248203812613,694,1,7.70699977874756,34.9150009155273,0.0280349999666214,0.0115403309464455,113.495498657227,-88.0564,25.574,89.2987409914225,63,63,63,63,61,63,0,8045,1.29563008188212,26,-88,0.001869,51,2025-10-28 18:05:30.001939,694,1.037,0.0011,"aoml_navis",1030.40051683135
"7901009",91,0,1,0.028035,1,0.005607,1,117.564472557501,1,4.85243871535525,696,1,7.70100021362305,34.9140014648438,0.0280349999666214,0.0115403309464455,113.366798400879,-88.0564,25.574,89.2987409914225,63,63,63,63,61,63,0,8045,1.29563008188212,26,-88,0.001869,51,2025-10-28 18:05:30.001939,696,1.037,0.0011,"aoml_navis",1030.40971628921
"7901009",91,0,1,0.033642,1,0.011214,1,117.49561537074,1,4.85238651782757,698,1,7.69299983978271,34.9150009155273,0.0336420014500618,0.0158679541200399,113.300399780273,-88.0564,25.574,89.2987409914225,63,63,63,63,61,63,0,8045,1.29563008188212,26,-88,0.001869,51,2025-10-28 18:05:30.001939,698,1.037,0.0011,"aoml_navis",1030.42080049273
"7901009",91,0,1,0.035511,1,0.013083,1,117.963421745741,1,4.85231737652617,700,1,7.65299987792969,34.9140014648438,0.0355109982192516,0.0173104964196682,113.751502990723,-88.0564,25.574,89.2987409914225,63,63,63,63,61,63,0,8045,1.29563008188212,26,-88,0.001869,51,2025-10-28 18:05:30.001939,700,1.037,0.0011,"aoml_navis",1030.43548309273
"7901009",91,0,1,0.031773,1,0.009345,1,118.440659094731,1,4.85223062392196,702,1,7.57499980926514,34.9099998474121,0.0317730009555817,0.0144254146143794,114.211700439453,-88.0564,25.574,89.2987409914225,63,63,63,63,61,63,0,8045,1.29563008188212,26,-88,0.001869,51,2025-10-28 18:05:30.001939,702,1.037,0.0011,"aoml_navis",1030.45390615803
"7901009",91,0,1,0.029904,1,0.007476,1,118.714434256572,1,4.85216837521621,704,1,7.53900003433228,34.9080009460449,0.0299040004611015,0.0129828732460737,114.475700378418,-88.0564,25.574,89.2987409914225,63,63,63,63,61,63,0,8045,1.29563008188212,26,-88,0.001869,51,2025-10-28 18:05:30.001939,704,1.037,0.0011,"aoml_navis",1030.46712590166
"7901009",91,0,1,0.031773,1,0.009345,1,119.006153587042,1,4.85210626047647,706,1,7.50799989700317,34.9070014953613,0.0317730009555817,0.0144254146143794,114.75700378418,-88.0564,25.574,89.2987409914225,63,63,63,63,61,63,0,8045,1.29563008188212,26,-88,0.001869,51,2025-10-28 18:05:30.001939,706,1.037,0.0011,"aoml_navis",1030.48031753307
"7901009",91,0,1,0.031773,1,0.009345,1,119.272768487592,1,4.85205238251364,708,1,7.48299980163574,34.9049987792969,0.0317730009555817,0.0144254146143794,115.014099121094,-88.0564,25.574,89.2987409914225,63,63,63,63,61,63,0,8045,1.29563008188212,26,-88,0.001869,51,2025-10-28 18:05:30.001939,708,1.037,0.0011,"aoml_navis",1030.49176015073
"7901009",91,0,1,0.028035,1,0.005607,1,119.680531522328,1,4.85198876940999,710,1,7.44500017166138,34.9029998779297,0.0280349999666214,0.0115403309464455,115.407302856445,-88.0564,25.574,89.2987409914225,63,63,63,63,61,63,0,8045,1.29563008188212,26,-88,0.001869,51,2025-10-28 18:05:30.001939,710,1.037,0.0011,"aoml_navis",1030.50527064761
"7901009",91,0,1,0.035511,1,0.013083,1,120.036226402855,1,4.85191923617944,712,1,7.39900016784668,34.9010009765625,0.0355109982192516,0.0173104964196682,115.750297546387,-88.0564,25.574,89.2987409914225,63,63,63,63,61,63,0,8045,1.29563008188212,26,-88,0.001869,51,2025-10-28 18:05:30.001939,712,1.037,0.0011,"aoml_navis",1030.5200388985
"7901009",91,0,1,0.029904,1,0.007476,1,120.295799720478,1,4.85186770559516,714,1,7.3769998550415,34.898998260498,0.0299040004611015,0.0129828732460737,116.000602722168,-88.0564,25.574,89.2987409914225,63,63,63,63,61,63,0,8045,1.29563008188212,26,-88,0.001869,51,2025-10-28 18:05:30.001939,714,1.037,0.0011,"aoml_navis",1030.53098381764
"7901009",91,0,1,0.029904,1,0.007476,1,120.585746787379,1,4.85181697370185,716,1,7.36100006103516,34.8979988098145,0.0299040004611015,0.0129828732460737,116.280197143555,-88.0564,25.574,89.2987409914225,63,63,63,63,61,63,0,8045,1.29563008188212,26,-88,0.001869,51,2025-10-28 18:05:30.001939,716,1.037,0.0011,"aoml_navis",1030.54175932467
"7901009",91,0,1,0.029904,1,0.007476,1,120.906091339233,1,4.85176397082342,718,1,7.33699989318848,34.8959999084473,0.0299040004611015,0.0129828732460737,116.58910369873,-88.0564,25.574,89.2987409914225,63,63,63,63,61,63,0,8045,1.29563008188212,26,-88,0.001869,51,2025-10-28 18:05:30.001939,718,1.037,0.0011,"aoml_navis",1030.55301743201
"7901009",91,0,1,0.029904,1,0.007476,1,121.260852616631,1,4.85170582298635,720,1,7.31099987030029,34.8950004577637,0.0299040004611015,0.0129828732460737,116.931198120117,-88.0564,25.574,89.2987409914225,63,63,63,63,61,63,0,8045,1.29563008188212,26,-88,0.001869,51,2025-10-28 18:05:30.001939,720,1.037,0.0011,"aoml_navis",1030.56536864026
"7901009",91,0,1,0.029904,1,0.007476,1,121.610645226524,1,4.85163953636242,722,1,7.27400016784668,34.8940010070801,0.0299040004611015,0.0129828732460737,117.268501281738,-88.0564,25.574,89.2987409914225,63,63,63,63,61,63,0,8045,1.29563008188212,26,-88,0.001869,51,2025-10-28 18:05:30.001939,722,1.037,0.0011,"aoml_navis",1030.579448973
"7901009",91,0,1,0.031773,1,0.009345,1,121.914390631207,1,4.85159553950075,724,1,7.26700019836426,34.8930015563965,0.0317730009555817,0.0144254146143794,117.561401367188,-88.0564,25.574,89.2987409914225,63,63,63,63,61,63,0,8045,1.29563008188212,26,-88,0.001869,51,2025-10-28 18:05:30.001939,724,1.037,0.0011,"aoml_navis",1030.58879481832
"7901009",91,0,1,0.029904,1,0.007476,1,122.332106824733,1,4.85154485986931,726,1,7.24599981307983,34.890998840332,0.0299040004611015,0.0129828732460737,117.964202880859,-88.0564,25.574,89.2987409914225,63,63,63,63,61,63,0,8045,1.29563008188212,26,-88,0.001869,51,2025-10-28 18:05:30.001939,726,1.037,0.0011,"aoml_navis",1030.59956043253
"7901009",91,0,1,0.029904,1,0.007476,1,122.600794640706,1,4.85149714424791,728,1,7.22900009155273,34.8889999389648,0.0299040004611015,0.0129828732460737,118.223297119141,-88.0564,25.574,89.2987409914225,63,63,63,63,61,63,0,8045,1.29563008188212,26,-88,0.001869,51,2025-10-28 18:05:30.001939,728,1.037,0.0011,"aoml_navis",1030.60969662286
"7901009",91,0,1,0.028035,1,0.005607,1,122.94156769494,1,4.8514546382359,730,1,7.22399997711182,34.8880004882812,0.0280349999666214,0.0115403309464455,118.551902770996,-88.0564,25.574,89.2987409914225,63,63,63,63,61,63,0,8045,1.29563008188212,26,-88,0.001869,51,2025-10-28 18:05:30.001939,730,1.037,0.0011,"aoml_navis",1030.61872630806
"7901009",91,0,1,0.031773,1,0.009345,1,123.44441583487,1,4.85140397750123,732,1,7.20300006866455,34.8860015869141,0.0317730009555817,0.0144254146143794,119.036796569824,-88.0564,25.574,89.2987409914225,63,63,63,63,61,63,0,8045,1.29563008188212,26,-88,0.001869,51,2025-10-28 18:05:30.001939,732,1.037,0.0011,"aoml_navis",1030.6294885332
"7901009",91,0,1,0.029904,1,0.007476,1,123.884119173289,1,4.85134743099238,734,1,7.16900014877319,34.882999420166,0.0299040004611015,0.0129828732460737,119.460800170898,-88.0564,25.574,89.2987409914225,63,63,63,63,61,63,0,8045,1.29563008188212,26,-88,0.001869,51,2025-10-28 18:05:30.001939,734,1.037,0.0011,"aoml_navis",1030.64150138124
"7901009",91,0,1,0.029904,1,0.007476,1,124.463198382326,1,4.85128944965301,736,1,7.14300012588501,34.8819999694824,0.0299040004611015,0.0129828732460737,120.019203186035,-88.0564,25.574,89.2987409914225,63,63,63,63,61,63,0,8045,1.29563008188212,26,-88,0.001869,51,2025-10-28 18:05:30.001939,736,1.037,0.0011,"aoml_navis",1030.6538193382
"7901009",91,0,1,0.028035,1,0.005607,1,125.017070306861,1,4.85122782634131,738,1,7.10200023651123,34.8790016174316,0.0280349999666214,0.0115403309464455,120.553298950195,-88.0564,25.574,89.2987409914225,63,63,63,63,61,63,0,8045,1.29563008188212,26,-88,0.001869,51,2025-10-28 18:05:30.001939,738,1.037,0.0011,"aoml_navis",1030.66691134374
"7901009",91,0,1,0.029904,1,0.007476,1,125.559849760313,1,4.85115674382752,740,1,7.05299997329712,34.8769989013672,0.0299040004611015,0.0129828732460737,121.076698303223,-88.0564,25.574,89.2987409914225,63,63,63,63,61,63,0,8045,1.29563008188212,26,-88,0.001869,51,2025-10-28 18:05:30.001939,740,1.037,0.0011,"aoml_navis",1030.68201339028
"7901009",91,0,1,0.031773,1,0.009345,1,125.884442997596,1,4.85108569517994,742,1,7.01399993896484,34.8769989013672,0.0317730009555817,0.0144254146143794,121.389701843262,-88.0564,25.574,89.2987409914225,63,63,63,63,61,63,0,8045,1.29563008188212,26,-88,0.001869,51,2025-10-28 18:05:30.001939,742,1.037,0.0011,"aoml_navis",1030.69710868394
"7901009",91,0,1,0.029904,1,0.007476,1,126.074320468018,1,4.85103006517081,744,1,6.99100017547607,34.8759994506836,0.0299040004611015,0.0129828732460737,121.572799682617,-88.0564,25.574,89.2987409914225,63,63,63,63,61,63,0,8045,1.29563008188212,26,-88,0.001869,51,2025-10-28 18:05:30.001939,744,1.037,0.0011,"aoml_navis",1030.70892837766
"7901009",91,0,1,0.031773,1,0.009345,1,126.303195648833,1,4.8509780667369,746,1,6.97800016403198,34.8759994506836,0.0317730009555817,0.0144254146143794,121.793502807617,-88.0564,25.574,89.2987409914225,63,63,63,63,61,63,0,8045,1.29563008188212,26,-88,0.001869,51,2025-10-28 18:05:30.001939,746,1.037,0.0011,"aoml_navis",1030.71997671664
"7901009",91,0,1,0.029904,1,0.007476,1,126.551771438063,1,4.85093048488002,748,1,6.96600008010864,34.875,0.0299040004611015,0.0129828732460737,122.033203125,-88.0564,25.574,89.2987409914225,63,63,63,63,61,63,0,8045,1.29563008188212,26,-88,0.001869,51,2025-10-28 18:05:30.001939,748,1.037,0.0011,"aoml_navis",1030.73008685336
"7901009",91,0,1,0.033642,1,0.011214,1,126.913170791951,1,4.85087780810746,750,1,6.94700002670288,34.8740005493164,0.0336420014500618,0.0158679541200399,122.381698608398,-88.0564,25.574,89.2987409914225,63,63,63,63,61,63,0,8045,1.29563008188212,26,-88,0.001869,51,2025-10-28 18:05:30.001939,750,1.037,0.0011,"aoml_navis",1030.74127978308
"7901009",91,0,1,0.031773,1,0.009345,1,127.191408260277,1,4.8508185979035,752,1,6.91900014877319,34.8730010986328,0.0317730009555817,0.0144254146143794,122.650001525879,-88.0564,25.574,89.2987409914225,63,63,63,63,61,63,0,8045,1.29563008188212,26,-88,0.001869,51,2025-10-28 18:05:30.001939,752,1.037,0.0011,"aoml_navis",1030.75386124745
"7901009",91,0,1,0.028035,1,0.005607,1,127.456883848533,1,4.85075651481976,754,1,6.88700008392334,34.8720016479492,0.0280349999666214,0.0115403309464455,122.90599822998,-88.0564,25.574,89.2987409914225,63,63,63,63,61,63,0,8045,1.29563008188212,26,-88,0.001869,51,2025-10-28 18:05:30.001939,754,1.037,0.0011,"aoml_navis",1030.7670534945
"7901009",91,0,1,0.028035,1,0.005607,1,127.494322916412,1,4.85070746544256,756,1,6.87799978256226,34.8720016479492,0.0280349999666214,0.0115403309464455,122.942100524902,-88.0564,25.574,89.2987409914225,63,63,63,63,61,63,0,8045,1.29563008188212,26,-88,0.001869,51,2025-10-28 18:05:30.001939,756,1.037,0.0011,"aoml_navis",1030.7774764034
"7901009",91,0,1,0.029904,1,0.007476,1,127.553432653548,1,4.85066204673662,758,1,6.87400007247925,34.8720016479492,0.0299040004611015,0.0129828732460737,122.999099731445,-88.0564,25.574,89.2987409914225,63,63,63,63,61,63,0,8045,1.29563008188212,26,-88,0.001869,51,2025-10-28 18:05:30.001939,758,1.037,0.0011,"aoml_navis",1030.78712798882
"7901009",91,0,1,0.033642,1,0.011214,1,127.59625971915,1,4.85061808091173,760,1,6.87200021743774,34.8720016479492,0.0336420014500618,0.0158679541200399,123.040397644043,-88.0564,25.574,89.2987409914225,63,63,63,63,61,63,0,8045,1.29563008188212,26,-88,0.001869,51,2025-10-28 18:05:30.001939,760,1.037,0.0011,"aoml_navis",1030.79647100565
"7901009",91,0,1,0.029904,1,0.007476,1,127.722573057844,1,4.85057193992882,762,1,6.86700010299683,34.8720016479492,0.0299040004611015,0.0129828732460737,123.162200927734,-88.0564,25.574,89.2987409914225,63,63,63,63,61,63,0,8045,1.29563008188212,26,-88,0.001869,51,2025-10-28 18:05:30.001939,762,1.037,0.0011,"aoml_navis",1030.80627643951
"7901009",91,0,1,0.028035,1,0.005607,1,128.018952492071,1,4.85051927329104,764,1,6.85300016403198,34.8720016479492,0.0280349999666214,0.0115403309464455,123.447998046875,-88.0564,25.574,89.2987409914225,63,63,63,63,61,63,0,8045,1.29563008188212,26,-88,0.001869,51,2025-10-28 18:05:30.001939,764,1.037,0.0011,"aoml_navis",1030.8174688702
"7901009",91,0,1,0.033642,1,0.011214,1,128.464771722179,1,4.85044555601798,766,1,6.81500005722046,34.8730010986328,0.0336420014500618,0.0158679541200399,123.877899169922,-88.0564,25.574,89.2987409914225,63,63,63,63,61,63,0,8045,1.29563008188212,26,-88,0.001869,51,2025-10-28 18:05:30.001939,766,1.037,0.0011,"aoml_navis",1030.83313527692
"7901009",91,0,1,0.029904,1,0.007476,1,128.848783260344,1,4.85039442842367,768,1,6.7979998588562,34.8720016479492,0.0299040004611015,0.0129828732460737,124.248199462891,-88.0564,25.574,89.2987409914225,63,63,63,63,61,63,0,8045,1.29563008188212,26,-88,0.001869,51,2025-10-28 18:05:30.001939,768,1.037,0.0011,"aoml_navis",1030.84400120115
"7901009",91,0,1,0.031773,1,0.009345,1,129.271887451593,1,4.85033538560749,770,1,6.76999998092651,34.8709983825684,0.0317730009555817,0.0144254146143794,124.656196594238,-88.0564,25.574,89.2987409914225,63,63,63,63,61,63,0,8045,1.29563008188212,26,-88,0.001869,51,2025-10-28 18:05:30.001939,770,1.037,0.0011,"aoml_navis",1030.85654959791
"7901009",91,0,1,0.024297,1,0.001869,1,129.712421538559,1,4.85026547626543,772,1,6.73199987411499,34.8709983825684,0.0242970008403063,0.0086552482098341,125.081001281738,-88.0564,25.574,89.2987409914225,63,63,63,63,61,63,0,8045,1.29563008188212,26,-88,0.001869,51,2025-10-28 18:05:30.001939,772,1.037,0.0011,"aoml_navis",1030.87140785742
"7901009",91,0,1,0.029904,1,0.007476,1,129.916508765092,1,4.85020281066292,774,1,6.7039999961853,34.8709983825684,0.0299040004611015,0.0129828732460737,125.277801513672,-88.0564,25.574,89.2987409914225,63,63,63,63,61,63,0,8045,1.29563008188212,26,-88,0.001869,51,2025-10-28 18:05:30.001939,774,1.037,0.0011,"aoml_navis",1030.88472692477
"7901009",91,0,1,0.029904,1,0.007476,1,130.119662388494,1,4.85015309793108,776,1,6.69399976730347,34.8709983825684,0.0299040004611015,0.0129828732460737,125.473701477051,-88.0564,25.574,89.2987409914225,63,63,63,63,61,63,0,8045,1.29563008188212,26,-88,0.001869,51,2025-10-28 18:05:30.001939,776,1.037,0.0011,"aoml_navis",1030.89529320896
"7901009",91,0,1,0.029904,1,0.007476,1,130.340237995724,1,4.85010850766566,778,1,6.68599987030029,34.8699989318848,0.0299040004611015,0.0129828732460737,125.686401367188,-88.0564,25.574,89.2987409914225,63,63,63,63,61,63,0,8045,1.29563008188212,26,-88,0.001869,51,2025-10-28 18:05:30.001939,778,1.037,0.0011,"aoml_navis",1030.90477091336
"7901009",91,0,1,0.028035,1,0.005607,1,130.609756560245,1,4.85005746071775,780,1,6.66900014877319,34.8689994812012,0.0280349999666214,0.0115403309464455,125.946296691895,-88.0564,25.574,89.2987409914225,63,63,63,63,61,63,0,8045,1.29563008188212,26,-88,0.001869,51,2025-10-28 18:05:30.001939,780,1.037,0.0011,"aoml_navis",1030.91562120587
"7901009",91,0,1,0.033642,1,0.011214,1,130.786887974379,1,4.85000991244276,782,1,6.66200017929077,34.8689994812012,0.0336420014500618,0.0158679541200399,126.11710357666,-88.0564,25.574,89.2987409914225,63,63,63,63,61,63,0,8045,1.29563008188212,26,-88,0.001869,51,2025-10-28 18:05:30.001939,782,1.037,0.0011,"aoml_navis",1030.92572804283
"7901009",91,0,1,0.029904,1,0.007476,1,131.001545487194,1,4.84996533129337,784,1,6.65399980545044,34.8680000305176,0.0299040004611015,0.0129828732460737,126.324096679688,-88.0564,25.574,89.2987409914225,63,63,63,63,61,63,0,8045,1.29563008188212,26,-88,0.001869,51,2025-10-28 18:05:30.001939,784,1.037,0.0011,"aoml_navis",1030.9352043691
"7901009",91,0,1,0.031773,1,0.009345,1,131.372391638851,1,4.84988893636513,786,1,6.61700010299683,34.8699989318848,0.0317730009555817,0.0144254146143794,126.681701660156,-88.0564,25.574,89.2987409914225,63,63,63,63,61,63,0,8045,1.29563008188212,26,-88,0.001869,51,2025-10-28 18:05:30.001939,786,1.037,0.0011,"aoml_navis",1030.95144354942
"7901009",91,0,1,0.029904,1,0.007476,1,131.560401903014,1,4.84983795028194,788.099975585938,1,6.60300016403198,34.8689994812012,0.0299040004611015,0.0129828732460737,126.862998962402,-88.0564,25.574,89.2987409914225,63,63,63,63,61,63,0,8045,1.29563008188212,26,-88,0.001869,51,2025-10-28 18:05:30.001939,788.099975585938,1.037,0.0011,"aoml_navis",1030.962281886
"7901009",91,0,1,0.029904,1,0.007476,1,131.705790810739,1,4.84978896946122,790,1,6.59100008010864,34.8689994812012,0.0299040004611015,0.0129828732460737,127.003196716309,-88.0564,25.574,89.2987409914225,63,63,63,63,61,63,0,8045,1.29563008188212,26,-88,0.001869,51,2025-10-28 18:05:30.001939,790,1.037,0.0011,"aoml_navis",1030.97269416972
"7901009",91,0,1,0.029904,1,0.007476,1,131.871718987317,1,4.84973429741865,792,1,6.57399988174438,34.8689994812012,0.0299040004611015,0.0129828732460737,127.163200378418,-88.0564,25.574,89.2987409914225,63,63,63,63,61,63,0,8045,1.29563008188212,26,-88,0.001869,51,2025-10-28 18:05:30.001939,792,1.037,0.0011,"aoml_navis",1030.98431653489
"7901009",91,0,1,0.028035,1,0.005607,1,132.09478684019,1,4.84968106262878,794,1,6.55900001525879,34.8689994812012,0.0280349999666214,0.0115403309464455,127.378303527832,-88.0564,25.574,89.2987409914225,63,63,63,63,61,63,0,8045,1.29563008188212,26,-88,0.001869,51,2025-10-28 18:05:30.001939,794,1.037,0.0011,"aoml_navis",1030.9956336159
"7901009",91,0,1,0.031773,1,0.009345,1,132.362335343869,1,4.8496299743448,796,1,6.54699993133545,34.8689994812012,0.0317730009555817,0.0144254146143794,127.636299133301,-88.0564,25.574,89.2987409914225,63,63,63,63,61,63,0,8045,1.29563008188212,26,-88,0.001869,51,2025-10-28 18:05:30.001939,796,1.037,0.0011,"aoml_navis",1031.00649460901
"7901009",91,0,1,0.031773,1,0.009345,1,132.669403742743,1,4.84958174197667,798,1,6.53900003433228,34.8689994812012,0.0317730009555817,0.0144254146143794,127.932403564453,-88.0564,25.574,89.2987409914225,63,63,63,63,61,63,0,8045,1.29563008188212,26,-88,0.001869,51,2025-10-28 18:05:30.001939,798,1.037,0.0011,"aoml_navis",1031.01674866543
"7901009",91,0,1,0.024297,1,0.001869,1,133.201921473658,1,4.8495315065178,800.099975585938,1,6.52600002288818,34.8680000305176,0.0242970008403063,0.0086552482098341,128.445907592773,-88.0564,25.574,89.2987409914225,63,63,63,63,61,63,0,8045,1.29563008188212,26,-88,0.001869,51,2025-10-28 18:05:30.001939,800.099975585938,1.037,0.0011,"aoml_navis",1031.02742878976
"7901009",91,0,1,0.029904,1,0.007476,1,133.41408674083,1,4.84947414575266,802,1,6.49700021743774,34.867000579834,0.0299040004611015,0.0129828732460737,128.650497436523,-88.0564,25.574,89.2987409914225,63,63,63,63,61,63,0,8045,1.29563008188212,26,-88,0.001869,51,2025-10-28 18:05:30.001939,802,1.037,0.0011,"aoml_navis",1031.03962403412
"7901009",91,0,1,0.028035,1,0.005607,1,133.499535162871,1,4.8494294811868,804,1,6.49399995803833,34.867000579834,0.0280349999666214,0.0115403309464455,128.732894897461,-88.0564,25.574,89.2987409914225,63,63,63,63,61,63,0,8045,1.29563008188212,26,-88,0.001869,51,2025-10-28 18:05:30.001939,804,1.037,0.0011,"aoml_navis",1031.04912018977
"7901009",91,0,1,0.028035,1,0.005607,1,133.613719572769,1,4.8493819744919,806,1,6.48699998855591,34.867000579834,0.0280349999666214,0.0115403309464455,128.843002319336,-88.0564,25.574,89.2987409914225,63,63,63,63,61,63,0,8045,1.29563008188212,26,-88,0.001869,51,2025-10-28 18:05:30.001939,806,1.037,0.0011,"aoml_navis",1031.05922080388
"7901009",91,0,1,0.031773,1,0.009345,1,133.766577305531,1,4.84933518084744,808,1,6.48099994659424,34.867000579834,0.0317730009555817,0.0144254146143794,128.99040222168,-88.0564,25.574,89.2987409914225,63,63,63,63,61,63,0,8045,1.29563008188212,26,-88,0.001869,51,2025-10-28 18:05:30.001939,808,1.037,0.0011,"aoml_navis",1031.06917000656
"7901009",91,0,1,0.029904,1,0.007476,1,134.025422729188,1,4.84928838922962,810,1,6.47499990463257,34.867000579834,0.0299040004611015,0.0129828732460737,129.240005493164,-88.0564,25.574,89.2987409914225,63,63,63,63,61,63,0,8045,1.29563008188212,26,-88,0.001869,51,2025-10-28 18:05:30.001939,810,1.037,0.0011,"aoml_navis",1031.07911897035
"7901009",91,0,1,0.029904,1,0.007476,1,134.408706373387,1,4.84924030883348,812,1,6.46199989318848,34.8660011291504,0.0299040004611015,0.0129828732460737,129.609603881836,-88.0564,25.574,89.2987409914225,63,63,63,63,61,63,0,8045,1.29563008188212,26,-88,0.001869,51,2025-10-28 18:05:30.001939,812,1.037,0.0011,"aoml_navis",1031.08934215776
"7901009",91,0,1,0.033642,1,0.011214,1,134.790012044854,1,4.84918571334846,814,1,6.44500017166138,34.8660011291504,0.0336420014500618,0.0158679541200399,129.977294921875,-88.0564,25.574,89.2987409914225,63,63,63,63,61,63,0,8045,1.29563008188212,26,-88,0.001869,51,2025-10-28 18:05:30.001939,814,1.037,0.0011,"aoml_navis",1031.10095087437
"7901009",91,0,1,0.028035,1,0.005607,1,135.111282287946,1,4.84913396427237,816,1,6.43200016021729,34.8660011291504,0.0280349999666214,0.0115403309464455,130.287094116211,-88.0564,25.574,89.2987409914225,63,63,63,63,61,63,0,8045,1.29563008188212,26,-88,0.001869,51,2025-10-28 18:05:30.001939,816,1.037,0.0011,"aoml_navis",1031.11195459626
"7901009",91,0,1,0.029904,1,0.007476,1,135.497366741535,1,4.84907952695337,818,1,6.40999984741211,34.8650016784668,0.0299040004611015,0.0129828732460737,130.659393310547,-88.0564,25.574,89.2987409914225,63,63,63,63,61,63,0,8045,1.29563008188212,26,-88,0.001869,51,2025-10-28 18:05:30.001939,818,1.037,0.0011,"aoml_navis",1031.12353018913
"7901009",91,0,1,0.029904,1,0.007476,1,135.608544632879,1,4.84902213299777,820,1,6.38899993896484,34.8650016784668,0.0299040004611015,0.0129828732460737,130.7666015625,-88.0564,25.574,89.2987409914225,63,63,63,63,61,63,0,8045,1.29563008188212,26,-88,0.001869,51,2025-10-28 18:05:30.001939,820,1.037,0.0011,"aoml_navis",1031.13573476492
"7901009",91,0,1,0.029904,1,0.007476,1,135.583131639213,1,4.84897379916626,822,1,6.38600015640259,34.8660011291504,0.0299040004611015,0.0129828732460737,130.742095947266,-88.0564,25.574,89.2987409914225,63,63,63,63,61,63,0,8045,1.29563008188212,26,-88,0.001869,51,2025-10-28 18:05:30.001939,822,1.037,0.0011,"aoml_navis",1031.1460129687
"7901009",91,0,1,0.029904,1,0.007476,1,135.665573542701,1,4.84893424707165,824,1,6.38500022888184,34.8650016784668,0.0299040004611015,0.0129828732460737,130.821594238281,-88.0564,25.574,89.2987409914225,63,63,63,63,61,63,0,8045,1.29563008188212,26,-88,0.001869,51,2025-10-28 18:05:30.001939,824,1.037,0.0011,"aoml_navis",1031.15442388595
"7901009",91,0,1,0.029904,1,0.007476,1,135.806310258559,1,4.84888676881607,826,1,6.37799978256226,34.8650016784668,0.0299040004611015,0.0129828732460737,130.957305908203,-88.0564,25.574,89.2987409914225,63,63,63,63,61,63,0,8045,1.29563008188212,26,-88,0.001869,51,2025-10-28 18:05:30.001939,826,1.037,0.0011,"aoml_navis",1031.16452051546
"7901009",91,0,1,0.029904,1,0.007476,1,136.070646534521,1,4.84881723797442,828,1,6.34499979019165,34.8660011291504,0.0299040004611015,0.0129828732460737,131.212203979492,-88.0564,25.574,89.2987409914225,63,63,63,63,61,63,0,8045,1.29563008188212,26,-88,0.001869,51,2025-10-28 18:05:30.001939,828,1.037,0.0011,"aoml_navis",1031.17930716001
"7901009",91,0,1,0.028035,1,0.005607,1,136.065250624907,1,4.84874547740877,830,1,6.31400012969971,34.8680000305176,0.0280349999666214,0.0115403309464455,131.207000732422,-88.0564,25.574,89.2987409914225,63,63,63,63,61,63,0,8045,1.29563008188212,26,-88,0.001869,51,2025-10-28 18:05:30.001939,830,1.037,0.0011,"aoml_navis",1031.19456842929
"7901009",91,0,1,0.031773,1,0.009345,1,136.314237832465,1,4.84868994462648,832,1,6.30600023269653,34.8699989318848,0.0317730009555817,0.0144254146143794,131.44709777832,-88.0564,25.574,89.2987409914225,63,63,63,63,61,63,0,8045,1.29563008188212,26,-88,0.001869,51,2025-10-28 18:05:30.001939,832,1.037,0.0011,"aoml_navis",1031.20637885728
"7901009",91,0,1,0.029904,1,0.007476,1,136.597040461857,1,4.84863685058695,834,1,6.29099988937378,34.8699989318848,0.0299040004611015,0.0129828732460737,131.719802856445,-88.0564,25.574,89.2987409914225,63,63,63,63,61,63,0,8045,1.29563008188212,26,-88,0.001869,51,2025-10-28 18:05:30.001939,834,1.037,0.0011,"aoml_navis",1031.21767087892
"7901009",91,0,1,0.028035,1,0.005607,1,137.024504105008,1,4.84858955766387,836,1,6.27899980545044,34.8689994812012,0.0280349999666214,0.0115403309464455,132.13200378418,-88.0564,25.574,89.2987409914225,63,63,63,63,61,63,0,8045,1.29563008188212,26,-88,0.001869,51,2025-10-28 18:05:30.001939,836,1.037,0.0011,"aoml_navis",1031.22772932941
"7901009",91,0,1,0.028035,1,0.005607,1,137.375744590942,1,4.84853577526563,838,1,6.26300001144409,34.8689994812012,0.0280349999666214,0.0115403309464455,132.470703125,-88.0564,25.574,89.2987409914225,63,63,63,63,61,63,0,8045,1.29563008188212,26,-88,0.001869,51,2025-10-28 18:05:30.001939,838,1.037,0.0011,"aoml_navis",1031.23916822622
"7901009",91,0,1,0.028035,1,0.005607,1,137.793555727159,1,4.84848481147025,840,1,6.25099992752075,34.8689994812012,0.0280349999666214,0.0115403309464455,132.873596191406,-88.0564,25.574,89.2987409914225,63,63,63,63,61,63,0,8045,1.29563008188212,26,-88,0.001869,51,2025-10-28 18:05:30.001939,840,1.037,0.0011,"aoml_navis",1031.25000787283
"7901009",91,0,1,0.024297,1,0.001869,1,138.283871431855,1,4.84842402783031,842,1,6.22499990463257,34.8689994812012,0.0242970008403063,0.0086552482098341,133.346405029297,-88.0564,25.574,89.2987409914225,63,63,63,63,61,63,0,8045,1.29563008188212,26,-88,0.001869,51,2025-10-28 18:05:30.001939,842,1.037,0.0011,"aoml_navis",1031.2629364304
"7901009",91,0,1,0.031773,1,0.009345,1,138.597989325547,1,4.84837816490166,844,1,6.21500015258789,34.8680000305176,0.0317730009555817,0.0144254146143794,133.649307250977,-88.0564,25.574,89.2987409914225,63,63,63,63,61,63,0,8045,1.29563008188212,26,-88,0.001869,51,2025-10-28 18:05:30.001939,844,1.037,0.0011,"aoml_navis",1031.27269159736
"7901009",91,0,1,0.029904,1,0.007476,1,138.977016372426,1,4.84832581986621,846,1,6.20100021362305,34.8680000305176,0.0299040004611015,0.0129828732460737,134.014801025391,-88.0564,25.574,89.2987409914225,63,63,63,63,61,63,0,8045,1.29563008188212,26,-88,0.001869,51,2025-10-28 18:05:30.001939,846,1.037,0.0011,"aoml_navis",1031.28382575121
"7901009",91,0,1,0.026166,1,0.003738,1,139.374304063571,1,4.84827068149493,848,1,6.18300008773804,34.8680000305176,0.0261659994721413,0.0100977895781398,134.397903442383,-88.0564,25.574,89.2987409914225,63,63,63,63,61,63,0,8045,1.29563008188212,26,-88,0.001869,51,2025-10-28 18:05:30.001939,848,1.037,0.0011,"aoml_navis",1031.29555432707
"7901009",91,0,1,0.029904,1,0.007476,1,139.711018317759,1,4.84821555479907,850,1,6.16499996185303,34.8680000305176,0.0299040004611015,0.0129828732460737,134.722595214844,-88.0564,25.574,89.2987409914225,63,63,63,63,61,63,0,8045,1.29563008188212,26,-88,0.001869,51,2025-10-28 18:05:30.001939,850,1.037,0.0011,"aoml_navis",1031.30728068613
"7901009",91,0,1,0.031773,1,0.009345,1,140.068493373745,1,4.84815974133718,852,1,6.14599990844727,34.8680000305176,0.0317730009555817,0.0144254146143794,135.067306518555,-88.0564,25.574,89.2987409914225,63,63,63,63,61,63,0,8045,1.29563008188212,26,-88,0.001869,51,2025-10-28 18:05:30.001939,852,1.037,0.0011,"aoml_navis",1031.31915340334
"7901009",91,0,1,0.026166,1,0.003738,1,140.224357625061,1,4.84810533676421,854,1,6.12900018692017,34.8680000305176,0.0261659994721413,0.0100977895781398,135.21760559082,-88.0564,25.574,89.2987409914225,63,63,63,63,61,63,0,8045,1.29563008188212,26,-88,0.001869,51,2025-10-28 18:05:30.001939,854,1.037,0.0011,"aoml_navis",1031.33072668284
"7901009",91,0,1,0.028035,1,0.005607,1,140.274962079447,1,4.84806000952007,856,1,6.125,34.8680000305176,0.0280349999666214,0.0115403309464455,135.266403198242,-88.0564,25.574,89.2987409914225,63,63,63,63,61,63,0,8045,1.29563008188212,26,-88,0.001869,51,2025-10-28 18:05:30.001939,856,1.037,0.0011,"aoml_navis",1031.3403691748
"7901009",91,0,1,0.031773,1,0.009345,1,140.407597018993,1,4.8480160800032,858,1,6.1230001449585,34.8680000305176,0.0317730009555817,0.0144254146143794,135.394302368164,-88.0564,25.574,89.2987409914225,63,63,63,63,61,63,0,8045,1.29563008188212,26,-88,0.001869,51,2025-10-28 18:05:30.001939,858,1.037,0.0011,"aoml_navis",1031.34971449944
"7901009",91,0,1,0.029904,1,0.007476,1,140.545627868153,1,4.8479721521177,860,1,6.12099981307983,34.8680000305176,0.0299040004611015,0.0129828732460737,135.527404785156,-88.0564,25.574,89.2987409914225,63,63,63,63,61,63,0,8045,1.29563008188212,26,-88,0.001869,51,2025-10-28 18:05:30.001939,860,1.037,0.0011,"aoml_navis",1031.35905964639
"7901009",91,0,1,0.028035,1,0.005607,1,140.884842279874,1,4.84792752851137,862,1,6.11800003051758,34.8680000305176,0.0280349999666214,0.0115403309464455,135.854507446289,-88.0564,25.574,89.2987409914225,63,63,63,63,61,63,0,8045,1.29563008188212,26,-88,0.001869,51,2025-10-28 18:05:30.001939,862,1.037,0.0011,"aoml_navis",1031.36855297326
"7901009",91,0,1,0.035511,1,0.013083,1,141.289788681439,1,4.84787453319244,864,1,6.10300016403198,34.8680000305176,0.0355109982192516,0.0173104964196682,136.244995117188,-88.0564,25.574,89.2987409914225,63,63,63,63,61,63,0,8045,1.29563008188212,26,-88,0.001869,51,2025-10-28 18:05:30.001939,864,1.037,0.0011,"aoml_navis",1031.37982754421
"7901009",91,0,1,0.026166,1,0.003738,1,141.772524794625,1,4.84781597159006,866,1,6.07999992370605,34.8680000305176,0.0261659994721413,0.0100977895781398,136.710494995117,-88.0564,25.574,89.2987409914225,63,63,63,63,61,63,0,8045,1.29563008188212,26,-88,0.001869,51,2025-10-28 18:05:30.001939,866,1.037,0.0011,"aoml_navis",1031.39228660943
"7901009",91,0,1,0.033642,1,0.011214,1,142.036149000403,1,4.84775235616526,868,1,6.05499982833862,34.8689994812012,0.0336420014500618,0.0158679541200399,136.964706420898,-88.0564,25.574,89.2987409914225,63,63,63,63,61,63,0,8045,1.29563008188212,26,-88,0.001869,51,2025-10-28 18:05:30.001939,868,1.037,0.0011,"aoml_navis",1031.40582122375
"7901009",91,0,1,0.033642,1,0.011214,1,142.207979447615,1,4.84770426033658,870,1,6.04699993133545,34.8689994812012,0.0336420014500618,0.0158679541200399,137.130401611328,-88.0564,25.574,89.2987409914225,63,63,63,63,61,63,0,8045,1.29563008188212,26,-88,0.001869,51,2025-10-28 18:05:30.001939,870,1.037,0.0011,"aoml_navis",1031.41605417424
"7901009",91,0,1,0.029904,1,0.007476,1,142.399510503242,1,4.84765547210294,872,1,6.03800010681152,34.8689994812012,0.0299040004611015,0.0129828732460737,137.315093994141,-88.0564,25.574,89.2987409914225,63,63,63,63,61,63,0,8045,1.29563008188212,26,-88,0.001869,51,2025-10-28 18:05:30.001939,872,1.037,0.0011,"aoml_navis",1031.42643464944
"7901009",91,0,1,0.031773,1,0.009345,1,142.637199530552,1,4.84760529722409,874,1,6.02699995040894,34.8689994812012,0.0317730009555817,0.0144254146143794,137.544296264648,-88.0564,25.574,89.2987409914225,63,63,63,63,61,63,0,8045,1.29563008188212,26,-88,0.001869,51,2025-10-28 18:05:30.001939,874,1.037,0.0011,"aoml_navis",1031.43711037348
"7901009",91,0,1,0.028035,1,0.005607,1,142.780721232018,1,4.84755859903436,876,1,6.02099990844727,34.8689994812012,0.0280349999666214,0.0115403309464455,137.682693481445,-88.0564,25.574,89.2987409914225,63,63,63,63,61,63,0,8045,1.29563008188212,26,-88,0.001869,51,2025-10-28 18:05:30.001939,876,1.037,0.0011,"aoml_navis",1031.44704655989
"7901009",91,0,1,0.029904,1,0.007476,1,143.105947420575,1,4.84749919609877,878,1,6.0019998550415,34.8699989318848,0.0299040004611015,0.0129828732460737,137.996307373047,-88.0564,25.574,89.2987409914225,63,63,63,63,61,63,0,8045,1.29563008188212,26,-88,0.001869,51,2025-10-28 18:05:30.001939,878,1.037,0.0011,"aoml_navis",1031.45968626956
"7901009",91,0,1,0.028035,1,0.005607,1,143.513599688838,1,4.84744972894752,880,1,5.99200010299683,34.8699989318848,0.0280349999666214,0.0115403309464455,138.389404296875,-88.0564,25.574,89.2987409914225,63,63,63,63,61,63,0,8045,1.29563008188212,26,-88,0.001869,51,2025-10-28 18:05:30.001939,880,1.037,0.0011,"aoml_navis",1031.47021208729
"7901009",91,0,1,0.028035,1,0.005607,1,144.084585033454,1,4.84739957192216,882,1,5.98099994659424,34.8699989318848,0.0280349999666214,0.0115403309464455,138.940002441406,-88.0564,25.574,89.2987409914225,63,63,63,63,61,63,0,8045,1.29563008188212,26,-88,0.001869,51,2025-10-28 18:05:30.001939,882,1.037,0.0011,"aoml_navis",1031.48088491854
"7901009",91,0,1,0.028035,1,0.005607,1,144.626328029194,1,4.84734041644743,884,1,5.95699977874756,34.8699989318848,0.0280349999666214,0.0115403309464455,139.46240234375,-88.0564,25.574,89.2987409914225,63,63,63,63,61,63,0,8045,1.29563008188212,26,-88,0.001869,51,2025-10-28 18:05:30.001939,884,1.037,0.0011,"aoml_navis",1031.49347279894
"7901009",91,0,1,0.031773,1,0.009345,1,144.995512683756,1,4.8472847398339,886,1,5.93800020217896,34.8699989318848,0.0317730009555817,0.0144254146143794,139.818405151367,-88.0564,25.574,89.2987409914225,63,63,63,63,61,63,0,8045,1.29563008188212,26,-88,0.001869,51,2025-10-28 18:05:30.001939,886,1.037,0.0011,"aoml_navis",1031.50532068214
"7901009",91,0,1,0.029904,1,0.007476,1,145.270007827672,1,4.84723529411403,888,1,5.92799997329712,34.8699989318848,0.0299040004611015,0.0129828732460737,140.083099365234,-88.0564,25.574,89.2987409914225,63,63,63,63,61,63,0,8045,1.29563008188212,26,-88,0.001869,51,2025-10-28 18:05:30.001939,888,1.037,0.0011,"aoml_navis",1031.51584287057
"7901009",91,0,1,0.029904,1,0.007476,1,145.578318393422,1,4.84718447054082,890,1,5.91599988937378,34.8699989318848,0.0299040004611015,0.0129828732460737,140.380401611328,-88.0564,25.574,89.2987409914225,63,63,63,63,61,63,0,8045,1.29563008188212,26,-88,0.001869,51,2025-10-28 18:05:30.001939,890,1.037,0.0011,"aoml_navis",1031.5266584938
"7901009",91,0,1,0.031773,1,0.009345,1,145.799613982726,1,4.8471336519971,892,1,5.90399980545044,34.8699989318848,0.0317730009555817,0.0144254146143794,140.593795776367,-88.0564,25.574,89.2987409914225,63,63,63,63,61,63,0,8045,1.29563008188212,26,-88,0.001869,51,2025-10-28 18:05:30.001939,892,1.037,0.0011,"aoml_navis",1031.53747327349
"7901009",91,0,1,0.029904,1,0.007476,1,145.942518556698,1,4.84708352871739,894,1,5.89300012588501,34.8699989318848,0.0299040004611015,0.0129828732460737,140.731597900391,-88.0564,25.574,89.2987409914225,63,63,63,63,61,63,0,8045,1.29563008188212,26,-88,0.001869,51,2025-10-28 18:05:30.001939,894,1.037,0.0011,"aoml_navis",1031.54814031502
"7901009",91,0,1,0.033642,1,0.011214,1,146.054202809062,1,4.84703179604293,896,1,5.88500022888184,34.8709983825684,0.0336420014500618,0.0158679541200399,140.839294433594,-88.0564,25.574,89.2987409914225,63,63,63,63,61,63,0,8045,1.29563008188212,26,-88,0.001869,51,2025-10-28 18:05:30.001939,896,1.037,0.0011,"aoml_navis",1031.55915009304
"7901009",91,0,1,0.035511,1,0.013083,1,146.142246331328,1,4.84698581748079,898,1,5.88000011444092,34.8709983825684,0.0355109982192516,0.0173104964196682,140.924194335938,-88.0564,25.574,89.2987409914225,63,63,63,63,61,63,0,8045,1.29563008188212,26,-88,0.001869,51,2025-10-28 18:05:30.001939,898,1.037,0.0011,"aoml_navis",1031.56893547478
"7901009",91,0,1,0.029904,1,0.007476,1,146.275719931313,1,4.84694122011343,900,1,5.8769998550415,34.8709983825684,0.0299040004611015,0.0129828732460737,141.05290222168,-88.0564,25.574,89.2987409914225,63,63,63,63,61,63,0,8045,1.29563008188212,26,-88,0.001869,51,2025-10-28 18:05:30.001939,900,1.037,0.0011,"aoml_navis",1031.57842708127
"7901009",91,0,1,0.031773,1,0.009345,1,146.44215446891,1,4.84689386585372,902,1,5.86999988555908,34.8709983825684,0.0317730009555817,0.0144254146143794,141.213394165039,-88.0564,25.574,89.2987409914225,63,63,63,63,61,63,0,8045,1.29563008188212,26,-88,0.001869,51,2025-10-28 18:05:30.001939,902,1.037,0.0011,"aoml_navis",1031.5885056252
"7901009",91,0,1,0.033642,1,0.011214,1,146.6612822001,1,4.84684375653973,904,1,5.85900020599365,34.8709983825684,0.0336420014500618,0.0158679541200399,141.424697875977,-88.0564,25.574,89.2987409914225,63,63,63,63,61,63,0,8045,1.29563008188212,26,-88,0.001869,51,2025-10-28 18:05:30.001939,904,1.037,0.0011,"aoml_navis",1031.59917074975
"7901009",91,0,1,0.024297,1,0.001869,1,146.796512239871,1,4.84679571800678,906,1,5.85099983215332,34.8709983825684,0.0242970008403063,0.0086552482098341,141.555099487305,-88.0564,25.574,89.2987409914225,63,63,63,63,61,63,0,8045,1.29563008188212,26,-88,0.001869,51,2025-10-28 18:05:30.001939,906,1.037,0.0011,"aoml_navis",1031.60939534217
"7901009",91,0,1,0.031773,1,0.009345,1,146.970526368979,1,4.84675043840709,908,1,5.84700012207031,34.8709983825684,0.0317730009555817,0.0144254146143794,141.722900390625,-88.0564,25.574,89.2987409914225,63,63,63,63,61,63,0,8045,1.29563008188212,26,-88,0.001869,51,2025-10-28 18:05:30.001939,908,1.037,0.0011,"aoml_navis",1031.61903290471
"7901009",91,0,1,0.029904,1,0.007476,1,147.208310338981,1,4.84670309343098,910,1,5.84000015258789,34.8709983825684,0.0299040004611015,0.0129828732460737,141.952194213867,-88.0564,25.574,89.2987409914225,63,63,63,63,61,63,0,8045,1.29563008188212,26,-88,0.001869,51,2025-10-28 18:05:30.001939,910,1.037,0.0011,"aoml_navis",1031.62911026607
"7901009",91,0,1,0.029904,1,0.007476,1,147.437185519796,1,4.84665368445549,912,1,5.82999992370605,34.8709983825684,0.0299040004611015,0.0129828732460737,142.172897338867,-88.0564,25.574,89.2987409914225,63,63,63,63,61,63,0,8045,1.29563008188212,26,-88,0.001869,51,2025-10-28 18:05:30.001939,912,1.037,0.0011,"aoml_navis",1031.63962715891
"7901009",91,0,1,0.029904,1,0.007476,1,147.761778757079,1,4.84660634442307,914,1,5.82299995422363,34.8709983825684,0.0299040004611015,0.0129828732460737,142.485900878906,-88.0564,25.574,89.2987409914225,63,63,63,63,61,63,0,8045,1.29563008188212,26,-88,0.001869,51,2025-10-28 18:05:30.001939,914,1.037,0.0011,"aoml_navis",1031.6497038703
"7901009",91,0,1,0.031773,1,0.009345,1,148.080358957255,1,4.84655324599319,916,1,5.81300020217896,34.8720016479492,0.0317730009555817,0.0144254146143794,142.793106079102,-88.0564,25.574,89.2987409914225,63,63,63,63,61,63,0,8045,1.29563008188212,26,-88,0.001869,51,2025-10-28 18:05:30.001939,916,1.037,0.0011,"aoml_navis",1031.66100653772
"7901009",91,0,1,0.033642,1,0.011214,1,148.441552601978,1,4.8465024714307,918,1,5.80100011825562,34.8720016479492,0.0336420014500618,0.0158679541200399,143.141403198242,-88.0564,25.574,89.2987409914225,63,63,63,63,61,63,0,8045,1.29563008188212,26,-88,0.001869,51,2025-10-28 18:05:30.001939,918,1.037,0.0011,"aoml_navis",1031.67181477243
"7901009",91,0,1,0.031773,1,0.009345,1,148.812699405492,1,4.84645032735354,920,1,5.78700017929077,34.8720016479492,0.0317730009555817,0.0144254146143794,143.499298095703,-88.0564,25.574,89.2987409914225,63,63,63,63,61,63,0,8045,1.29563008188212,26,-88,0.001869,51,2025-10-28 18:05:30.001939,920,1.037,0.0011,"aoml_navis",1031.6829147675
"7901009",91,0,1,0.026166,1,0.003738,1,149.201173250141,1,4.84639818976894,922,1,5.77299976348877,34.8720016479492,0.0261659994721413,0.0100977895781398,143.873901367188,-88.0564,25.574,89.2987409914225,63,63,63,63,61,63,0,8045,1.29563008188212,26,-88,0.001869,51,2025-10-28 18:05:30.001939,922,1.037,0.0011,"aoml_navis",1031.6940136193
"7901009",91,0,1,0.031773,1,0.009345,1,149.778377341028,1,4.84634100493028,924,1,5.75699996948242,34.8730010986328,0.0317730009555817,0.0144254146143794,144.43049621582,-88.0564,25.574,89.2987409914225,63,63,63,63,61,63,0,8045,1.29563008188212,26,-88,0.001869,51,2025-10-28 18:05:30.001939,924,1.037,0.0011,"aoml_navis",1031.70618718604
"7901009",91,0,1,0.033642,1,0.011214,1,150.20117296853,1,4.84628202794062,926,1,5.73299980163574,34.8730010986328,0.0336420014500618,0.0158679541200399,144.838195800781,-88.0564,25.574,89.2987409914225,63,63,63,63,61,63,0,8045,1.29563008188212,26,-88,0.001869,51,2025-10-28 18:05:30.001939,926,1.037,0.0011,"aoml_navis",1031.71874256866
"7901009",91,0,1,0.029904,1,0.007476,1,150.584361670039,1,4.84622281242151,928,1,5.71400022506714,34.8740005493164,0.0299040004611015,0.0129828732460737,145.207702636719,-88.0564,25.574,89.2987409914225,63,63,63,63,61,63,0,8045,1.29563008188212,26,-88,0.001869,51,2025-10-28 18:05:30.001939,928,1.037,0.0011,"aoml_navis",1031.73134903834
"7901009",91,0,1,0.029904,1,0.007476,1,150.789485354283,1,4.84617071061462,930,1,5.69999980926514,34.8740005493164,0.0299040004611015,0.0129828732460737,145.405502319336,-88.0564,25.574,89.2987409914225,63,63,63,63,61,63,0,8045,1.29563008188212,26,-88,0.001869,51,2025-10-28 18:05:30.001939,930,1.037,0.0011,"aoml_navis",1031.74244131525
"7901009",91,0,1,0.028035,1,0.005607,1,151.017110456331,1,4.84612545286382,932,1,5.69600009918213,34.8740005493164,0.0280349999666214,0.0115403309464455,145.625,-88.0564,25.574,89.2987409914225,63,63,63,63,61,63,0,8045,1.29563008188212,26,-88,0.001869,51,2025-10-28 18:05:30.001939,932,1.037,0.0011,"aoml_navis",1031.75207671218
"7901009",91,0,1,0.029904,1,0.007476,1,151.281351789602,1,4.84608019655341,934,1,5.69199991226196,34.8740005493164,0.0299040004611015,0.0129828732460737,145.879806518555,-88.0564,25.574,89.2987409914225,63,63,63,63,61,63,0,8045,1.29563008188212,26,-88,0.001869,51,2025-10-28 18:05:30.001939,934,1.037,0.0011,"aoml_navis",1031.76171198241
"7901009",91,0,1,0.031773,1,0.009345,1,151.755891183784,1,4.84603152328205,936,1,5.68300008773804,34.8740005493164,0.0317730009555817,0.0144254146143794,146.33740234375,-88.0564,25.574,89.2987409914225,63,63,63,63,61,63,0,8045,1.29563008188212,26,-88,0.001869,51,2025-10-28 18:05:30.001939,936,1.037,0.0011,"aoml_navis",1031.77207493972
"7901009",91,0,1,0.033642,1,0.011214,1,152.289026042193,1,4.8459675598495,938,1,5.65700006484985,34.875,0.0336420014500618,0.0158679541200399,146.851501464844,-88.0564,25.574,89.2987409914225,63,63,63,63,61,63,0,8045,1.29563008188212,26,-88,0.001869,51,2025-10-28 18:05:30.001939,938,1.037,0.0011,"aoml_navis",1031.78569362014
"7901009",91,0,1,0.031773,1,0.009345,1,152.593080010622,1,4.84590362219202,940,1,5.63100004196167,34.8759994506836,0.0317730009555817,0.0144254146143794,147.14469909668,-88.0564,25.574,89.2987409914225,63,63,63,63,61,63,0,8045,1.29563008188212,26,-88,0.001869,51,2025-10-28 18:05:30.001939,940,1.037,0.0011,"aoml_navis",1031.799307172
"7901009",91,0,1,0.033642,1,0.011214,1,152.766571954929,1,4.84585360409363,942,1,5.61999988555908,34.8759994506836,0.0336420014500618,0.0158679541200399,147.311996459961,-88.0564,25.574,89.2987409914225,63,63,63,63,61,63,0,8045,1.29563008188212,26,-88,0.001869,51,2025-10-28 18:05:30.001939,942,1.037,0.0011,"aoml_navis",1031.80995723357
"7901009",91,0,1,0.029904,1,0.007476,1,152.849852518855,1,4.8458090383739,944,1,5.61700010299683,34.8759994506836,0.0299040004611015,0.0129828732460737,147.392303466797,-88.0564,25.574,89.2987409914225,63,63,63,63,61,63,0,8045,1.29563008188212,26,-88,0.001869,51,2025-10-28 18:05:30.001939,944,1.037,0.0011,"aoml_navis",1031.81944653722
"7901009",91,0,1,0.028035,1,0.005607,1,153.012141225606,1,4.84575902594884,946,1,5.60599994659424,34.8759994506836,0.0280349999666214,0.0115403309464455,147.548797607422,-88.0564,25.574,89.2987409914225,63,63,63,63,61,63,0,8045,1.29563008188212,26,-88,0.001869,51,2025-10-28 18:05:30.001939,946,1.037,0.0011,"aoml_navis",1031.8300958065
"7901009",91,0,1,0.033642,1,0.011214,1,153.070831632522,1,4.84570737750276,948,1,5.59800004959106,34.8769989013672,0.0336420014500618,0.0158679541200399,147.605392456055,-88.0564,25.574,89.2987409914225,63,63,63,63,61,63,0,8045,1.29563008188212,26,-88,0.001869,51,2025-10-28 18:05:30.001939,948,1.037,0.0011,"aoml_navis",1031.84109366851
"7901009",91,0,1,0.029904,1,0.007476,1,153.15889097857,1,4.84566213575113,950,1,5.5939998626709,34.8769989013672,0.0299040004611015,0.0129828732460737,147.690307617188,-88.0564,25.574,89.2987409914225,63,63,63,63,61,63,0,8045,1.29563008188212,26,-88,0.001869,51,2025-10-28 18:05:30.001939,950,1.037,0.0011,"aoml_navis",1031.85072750124
"7901009",91,0,1,0.028035,1,0.005607,1,153.30594138339,1,4.84561349345169,952,1,5.58500003814697,34.8769989013672,0.0280349999666214,0.0115403309464455,147.832107543945,-88.0564,25.574,89.2987409914225,63,63,63,63,61,63,0,8045,1.29563008188212,26,-88,0.001869,51,2025-10-28 18:05:30.001939,952,1.037,0.0011,"aoml_navis",1031.86108565137
"7901009",91,0,1,0.026166,1,0.003738,1,153.459511186336,1,4.84556893559469,954,1,5.58199977874756,34.8769989013672,0.0261659994721413,0.0100977895781398,147.980194091797,-88.0564,25.574,89.2987409914225,63,63,63,63,61,63,0,8045,1.29563008188212,26,-88,0.001869,51,2025-10-28 18:05:30.001939,954,1.037,0.0011,"aoml_navis",1031.8705742211
"7901009",91,0,1,0.031773,1,0.009345,1,153.718150900828,1,4.84550981675739,956,1,5.56300020217896,34.8779983520508,0.0317730009555817,0.0144254146143794,148.229598999023,-88.0564,25.574,89.2987409914225,63,63,63,63,61,63,0,8045,1.29563008188212,26,-88,0.001869,51,2025-10-28 18:05:30.001939,956,1.037,0.0011,"aoml_navis",1031.88316381247
"7901009",91,0,1,0.029904,1,0.007476,1,153.890187057204,1,4.84545982559226,958,1,5.55200004577637,34.8779983520508,0.0299040004611015,0.0129828732460737,148.395492553711,-88.0564,25.574,89.2987409914225,63,63,63,63,61,63,0,8045,1.29563008188212,26,-88,0.001869,51,2025-10-28 18:05:30.001939,958,1.037,0.0011,"aoml_navis",1031.8938098695
"7901009",91,0,1,0.028035,1,0.005607,1,154.079455312025,1,4.8454088592447,960,1,5.54500007629395,34.8790016174316,0.0280349999666214,0.0115403309464455,148.578002929688,-88.0564,25.574,89.2987409914225,63,63,63,63,61,63,0,8045,1.29563008188212,26,-88,0.001869,51,2025-10-28 18:05:30.001939,960,1.037,0.0011,"aoml_navis",1031.90466382633
"7901009",91,0,1,0.029904,1,0.007476,1,154.225461347242,1,4.84536294918022,962,1,5.53999996185303,34.8790016174316,0.0299040004611015,0.0129828732460737,148.718795776367,-88.0564,25.574,89.2987409914225,63,63,63,63,61,63,0,8045,1.29563008188212,26,-88,0.001869,51,2025-10-28 18:05:30.001939,962,1.037,0.0011,"aoml_navis",1031.91444117637
"7901009",91,0,1,0.031773,1,0.009345,1,154.51707782313,1,4.84531772000043,964,1,5.53599977493286,34.8790016174316,0.0317730009555817,0.0144254146143794,149,-88.0564,25.574,89.2987409914225,63,63,63,63,61,63,0,8045,1.29563008188212,26,-88,0.001869,51,2025-10-28 18:05:30.001939,964,1.037,0.0011,"aoml_navis",1031.92407370131
"7901009",91,0,1,0.029904,1,0.007476,1,154.96538138699,1,4.84527317202286,966,1,5.53299999237061,34.8790016174316,0.0299040004611015,0.0129828732460737,149.43229675293,-88.0564,25.574,89.2987409914225,63,63,63,63,61,63,0,8045,1.29563008188212,26,-88,0.001869,51,2025-10-28 18:05:30.001939,966,1.037,0.0011,"aoml_navis",1031.93356132541
"7901009",91,0,1,0.029904,1,0.007476,1,155.623903892852,1,4.84522319326095,968,1,5.52199983596802,34.8790016174316,0.0299040004611015,0.0129828732460737,150.067306518555,-88.0564,25.574,89.2987409914225,63,63,63,63,61,63,0,8045,1.29563008188212,26,-88,0.001869,51,2025-10-28 18:05:30.001939,968,1.037,0.0011,"aoml_navis",1031.94420578072
"7901009",91,0,1,0.029904,1,0.007476,1,155.98623684987,1,4.84517254063843,970,1,5.51000022888184,34.8790016174316,0.0299040004611015,0.0129828732460737,150.416702270508,-88.0564,25.574,89.2987409914225,63,63,63,63,61,63,0,8045,1.29563008188212,26,-88,0.001869,51,2025-10-28 18:05:30.001939,970,1.037,0.0011,"aoml_navis",1031.95499397864
"7901009",91,0,1,0.029904,1,0.007476,1,156.19498418016,1,4.84512392687125,972,1,5.50099992752075,34.8790016174316,0.0299040004611015,0.0129828732460737,150.61799621582,-88.0564,25.574,89.2987409914225,63,63,63,63,61,63,0,8045,1.29563008188212,26,-88,0.001869,51,2025-10-28 18:05:30.001939,972,1.037,0.0011,"aoml_navis",1031.96534814513
"7901009",91,0,1,0.028035,1,0.005607,1,156.251506728962,1,4.84507802840453,974,1,5.49599981307983,34.8790016174316,0.0280349999666214,0.0115403309464455,150.672500610352,-88.0564,25.574,89.2987409914225,63,63,63,63,61,63,0,8045,1.29563008188212,26,-88,0.001869,51,2025-10-28 18:05:30.001939,974,1.037,0.0011,"aoml_navis",1031.97512417493
"7901009",91,0,1,0.029904,1,0.007476,1,156.378650816202,1,4.84502980692015,976,1,5.49300003051758,34.8800010681152,0.0299040004611015,0.0129828732460737,150.795104980469,-88.0564,25.574,89.2987409914225,63,63,63,63,61,63,0,8045,1.29563008188212,26,-88,0.001869,51,2025-10-28 18:05:30.001939,976,1.037,0.0011,"aoml_navis",1031.98539518962
"7901009",91,0,1,0.029904,1,0.007476,1,156.539483735022,1,4.84498662515435,978,1,5.49200010299683,34.8800010681152,0.0299040004611015,0.0129828732460737,150.9501953125,-88.0564,25.574,89.2987409914225,63,63,63,63,61,63,0,8045,1.29563008188212,26,-88,0.001869,51,2025-10-28 18:05:30.001939,978,1.037,0.0011,"aoml_navis",1031.99459293465
"7901009",91,0,1,0.028035,1,0.005607,1,160.222184134733,1,4.84447621824512,999.5,1,5.42379999160767,34.8819999694824,0.0280349999666214,0.0115403309464455,154.501403808594,-88.0564,25.574,89.2987409914225,63,63,63,63,61,63,0,8045,1.29563008188212,26,-88,0.001869,51,2025-10-28 18:05:30.001939,999.5,1.037,0.0011,"aoml_navis",1032.1033223714
"7901009",91,0,1,0.028035,1,0.005607,1,166.684110285111,1,4.84326780213564,1049.59997558594,1,5.23710012435913,34.8870010375977,0.0280349999666214,0.0115403309464455,160.732604980469,-88.0564,25.574,89.2987409914225,63,63,63,63,61,63,0,8045,1.29563008188212,26,-88,0.001869,51,2025-10-28 18:05:30.001939,1049.59997558594,1.037,0.0011,"aoml_navis",1032.36083658129
"7901009",91,0,1,0.028035,1,0.005607,1,173.483684292804,1,4.84203836075127,1099.80004882812,1,5.03090000152588,34.8940010070801,0.0280349999666214,0.0115403309464455,167.289398193359,-88.0564,25.574,89.2987409914225,63,63,63,63,61,63,0,8045,1.29563008188212,26,-88,0.001869,51,2025-10-28 18:05:30.001939,1099.80004882812,1.037,0.0011,"aoml_navis",1032.62296319854
"7901009",91,0,1,0.031773,1,0.009345,1,180.005028744064,1,4.8408096237268,1149.90002441406,1,4.82560014724731,34.9020004272461,0.0317730009555817,0.0144254146143794,173.577896118164,-88.0564,25.574,89.2987409914225,63,63,63,63,61,63,0,8045,1.29563008188212,26,-88,0.001869,51,2025-10-28 18:05:30.001939,1149.90002441406,1.037,0.0011,"aoml_navis",1032.88507267316
"7901009",91,0,1,0.033642,1,0.011214,1,184.564113478279,1,4.83967368507966,1199.40002441406,1,4.71689987182617,34.9059982299805,0.0336420014500618,0.0158679541200399,177.974197387695,-88.0564,25.574,89.2987409914225,63,63,63,63,61,63,0,8045,1.29563008188212,26,-88,0.001869,51,2025-10-28 18:05:30.001939,1199.40002441406,1.037,0.0011,"aoml_navis",1033.12750514867
"7901009",91,0,1,0.033642,1,0.011214,1,189.55512416213,1,4.83850126590233,1250,1,4.59219980239868,34.9109992980957,0.0336420014500618,0.0158679541200399,182.787002563477,-88.0564,25.574,89.2987409914225,63,63,63,63,61,63,0,8045,1.29563008188212,26,-88,0.001869,51,2025-10-28 18:05:30.001939,1250,1.037,0.0011,"aoml_navis",1033.37784268773
"7901009",91,0,1,0.031773,1,0.009345,1,192.551816146889,1,4.83739876871988,1299.19995117188,1,4.52120018005371,34.9150009155273,0.0317730009555817,0.0144254146143794,185.676696777344,-88.0564,25.574,89.2987409914225,63,63,63,63,61,63,0,8045,1.29563008188212,26,-88,0.001869,51,2025-10-28 18:05:30.001939,1299.19995117188,1.037,0.0011,"aoml_navis",1033.61336103435
"7901009",91,0,1,0.031773,1,0.009345,1,195.029488086659,1,4.83629334376839,1349.30004882812,1,4.46169996261597,34.9169998168945,0.0317730009555817,0.0144254146143794,188.065902709961,-88.0564,25.574,89.2987409914225,63,63,63,63,61,63,0,8045,1.29563008188212,26,-88,0.001869,51,2025-10-28 18:05:30.001939,1349.30004882812,1.037,0.0011,"aoml_navis",1033.84961262587
"7901009",91,0,1,0.029904,1,0.007476,1,196.571958694754,1,4.83518928655836,1399.90002441406,1,4.41830015182495,34.9189987182617,0.0299040004611015,0.0129828732460737,189.553298950195,-88.0564,25.574,89.2987409914225,63,63,63,63,61,63,0,8045,1.29563008188212,26,-88,0.001869,51,2025-10-28 18:05:30.001939,1399.90002441406,1.037,0.0011,"aoml_navis",1034.08567972712
"7901009",91,0,1,0.029904,1,0.007476,1,197.816293428835,1,4.83412118283782,1449.19995117188,1,4.38579988479614,34.9210014343262,0.0299040004611015,0.0129828732460737,190.753204345703,-88.0564,25.574,89.2987409914225,63,63,63,63,61,63,0,8045,1.29563008188212,26,-88,0.001869,51,2025-10-28 18:05:30.001939,1449.19995117188,1.037,0.0011,"aoml_navis",1034.31416195173
"7901009",91,0,1,0.028035,1,0.005607,1,199.275388530312,1,4.83306135198425,1499,1,4.36840009689331,34.9210014343262,0.0280349999666214,0.0115403309464455,192.160202026367,-88.0564,25.574,89.2987409914225,63,63,63,63,61,63,0,8045,1.29563008188212,26,-88,0.001869,51,2025-10-28 18:05:30.001939,1499,1.037,0.0011,"aoml_navis",1034.54097431377
"7901009",91,0,1,0.028035,1,0.005607,1,200.182265292459,1,4.83197623800302,1549.80004882812,1,4.35340023040771,34.9230003356934,0.0280349999666214,0.0115403309464455,193.034698486328,-88.0564,25.574,89.2987409914225,63,63,63,63,61,63,0,8045,1.29563008188212,26,-88,0.001869,51,2025-10-28 18:05:30.001939,1549.80004882812,1.037,0.0011,"aoml_navis",1034.77330055464
"7901009",91,0,1,0.026166,1,0.003738,1,200.769739017772,1,4.83092440359692,1599.69995117188,1,4.34660005569458,34.9230003356934,0.0261659994721413,0.0100977895781398,193.601196289062,-88.0564,25.574,89.2987409914225,63,63,63,63,61,63,0,8045,1.29563008188212,26,-88,0.001869,51,2025-10-28 18:05:30.001939,1599.69995117188,1.037,0.0011,"aoml_navis",1034.99860115327
"7901009",91,0,1,0.029904,1,0.007476,1,201.397658329519,1,4.82986256859632,1649.80004882812,1,4.33449983596802,34.923999786377,0.0299040004611015,0.0129828732460737,194.206695556641,-88.0564,25.574,89.2987409914225,63,63,63,63,61,63,0,8045,1.29563008188212,26,-88,0.001869,51,2025-10-28 18:05:30.001939,1649.80004882812,1.037,0.0011,"aoml_navis",1035.22614339172
"7901009",91,0,1,0.029904,1,0.007476,1,202.211617844587,1,4.828811121557,1699.80004882812,1,4.3270001411438,34.923999786377,0.0299040004611015,0.0129828732460737,194.991592407227,-88.0564,25.574,89.2987409914225,63,63,63,63,61,63,0,8045,1.29563008188212,26,-88,0.001869,51,2025-10-28 18:05:30.001939,1699.80004882812,1.037,0.0011,"aoml_navis",1035.45155818557
"7901009",91,0,1,0.028035,1,0.005607,1,202.768931441676,1,4.82777255372985,1749.09997558594,1,4.32009983062744,34.9249992370605,0.0280349999666214,0.0115403309464455,195.529006958008,-88.0564,25.574,89.2987409914225,63,63,63,63,61,63,0,8045,1.29563008188212,26,-88,0.001869,51,2025-10-28 18:05:30.001939,1749.09997558594,1.037,0.0011,"aoml_navis",1035.6743082557
"7901009",91,0,1,0.028035,1,0.005607,1,203.111563790279,1,4.82673701450045,1798.59997558594,1,4.3161997795105,34.9249992370605,0.0280349999666214,0.0115403309464455,195.859405517578,-88.0564,25.574,89.2987409914225,63,63,63,63,61,63,0,8045,1.29563008188212,26,-88,0.001869,51,2025-10-28 18:05:30.001939,1798.59997558594,1.037,0.0011,"aoml_navis",1035.89650419715
"7901009",91,0,1,0.028035,1,0.005607,1,203.384508203572,1,4.82567585618711,1849.19995117188,1,4.31150007247925,34.9259986877441,0.0280349999666214,0.0115403309464455,196.122604370117,-88.0564,25.574,89.2987409914225,63,63,63,63,61,63,0,8045,1.29563008188212,26,-88,0.001869,51,2025-10-28 18:05:30.001939,1849.19995117188,1.037,0.0011,"aoml_navis",1036.12429616245
"7901009",91,0,1,0.033642,1,0.011214,1,203.708674198745,1,4.82462625391632,1899.5,1,4.30700016021729,34.9259986877441,0.0336420014500618,0.0158679541200399,196.435195922852,-88.0564,25.574,89.2987409914225,63,63,63,63,61,63,0,8045,1.29563008188212,26,-88,0.001869,51,2025-10-28 18:05:30.001939,1899.5,1.037,0.0011,"aoml_navis",1036.3497060402
"7901009",91,0,1,0.033642,1,0.011214,1,203.970842616592,1,4.82358948764894,1949.40002441406,1,4.30670022964478,34.9259986877441,0.0336420014500618,0.0158679541200399,196.688003540039,-88.0564,25.574,89.2987409914225,63,63,63,63,61,63,0,8045,1.29563008188212,26,-88,0.001869,51,2025-10-28 18:05:30.001939,1949.40002441406,1.037,0.0011,"aoml_navis",1036.57245559614
"7901009",91,0,1,0.022428,1,0,1,201.567637394253,4,4.8225384094252,1999.90002441406,1,4.30670022964478,34.9269981384277,0.0224280003458261,0.0072127073071897,194.37060546875,-88.0564,25.574,89.2987409914225,63,63,63,63,61,63,0,8045,1.29563008188212,26,-88,0.001869,51,2025-10-28 18:05:30.001939,1999.90002441406,1.037,0.0011,"aoml_navis",1036.79837784764
"7901009",92,0.102420437635434,1,0.155127,1,0.132699,1,192.771826412232,1,4.88525204754712,2.09999990463257,1,27.8549995422363,36.3790016174316,0.155127003788948,0.109633147716522,185.888793945312,-87.9618,25.7981,91.4820600374547,63,63,63,63,61,63,0.132699,8045,1.29563008188212,26,-88,0.001869,51,2025-11-08 00:53:05.000077,2.09999990463257,1.037,0.0011,"aoml_navis",1023.48864528095
"7901009",92,0.0966502721348465,1,0.147651,1,0.125223,1,192.824203146407,1,4.88521275486311,4.09999990463257,1,27.8560009002686,36.3790016174316,0.147651001811028,0.10386298596859,185.939300537109,-87.9618,25.7981,91.4820600374547,63,63,63,63,61,63,0.125223,8045,1.29563008188212,26,-88,0.001869,51,2025-11-08 00:53:05.000077,4.09999990463257,1.037,0.0011,"aoml_navis",1023.49687739242
"7901009",92,0.0995353548851404,1,0.151389,1,0.128961,1,192.768519240799,1,4.88516612554499,6,1,27.8509998321533,36.3790016174316,0.151389002799988,0.106748066842556,185.885604858398,-87.9618,25.7981,91.4820600374547,63,63,63,63,61,63,0.128961,8045,1.29563008188212,26,-88,0.001869,51,2025-11-08 00:53:05.000077,6,1.037,0.0011,"aoml_navis",1023.50664675548
"7901009",92,0.100977896260287,1,0.153258,1,0.13083,1,192.77369361907,1,4.8851227489846,8.19999980926514,1,27.8519992828369,36.3790016174316,0.153257995843887,0.108190603554249,185.890594482422,-87.9618,25.7981,91.4820600374547,63,63,63,63,61,63,0.13083,8045,1.29563008188212,26,-88,0.001869,51,2025-11-08 00:53:05.000077,8.19999980926514,1.037,0.0011,"aoml_navis",1023.5157347969
"7901009",92,0.102420437635434,1,0.155127,1,0.132699,1,192.789675643697,1,4.88507816970274,10,1,27.8470001220703,36.3790016174316,0.155127003788948,0.109633147716522,185.906005859375,-87.9618,25.7981,91.4820600374547,63,63,63,63,61,63,0.132699,8045,1.29563008188212,26,-88,0.001869,51,2025-11-08 00:53:05.000077,10,1.037,0.0011,"aoml_navis",1023.52507499471
"7901009",92,0.102420437635434,1,0.155127,1,0.132699,1,192.758249603192,1,4.88504513439834,12,1,27.8519992828369,36.3790016174316,0.155127003788948,0.109633147716522,185.875701904297,-87.9618,25.7981,91.4820600374547,63,63,63,63,61,63,0.132699,8045,1.29563008188212,26,-88,0.001869,51,2025-11-08 00:53:05.000077,12,1.037,0.0011,"aoml_navis",1023.53199662214
"7901009",92,0.100977896260287,1,0.153258,1,0.13083,1,192.769136368483,1,4.88500897800759,14,1,27.8549995422363,36.3790016174316,0.153257995843887,0.108190603554249,185.886199951172,-87.9618,25.7981,91.4820600374547,63,63,63,63,61,63,0.13083,8045,1.29563008188212,26,-88,0.001869,51,2025-11-08 00:53:05.000077,14,1.037,0.0011,"aoml_navis",1023.53957229354
"7901009",92,0.100977896260287,1,0.153258,1,0.13083,1,192.775355116679,1,4.88497282459762,16,1,27.8579998016357,36.3790016174316,0.153257995843887,0.108190603554249,185.892196655273,-87.9618,25.7981,91.4820600374547,63,63,63,63,61,63,0.13083,8045,1.29563008188212,26,-88,0.001869,51,2025-11-08 00:53:05.000077,16,1.037,0.0011,"aoml_navis",1023.54714745252
"7901009",92,0.106748061760875,1,0.160734,1,0.138306,1,192.803046743509,1,4.88493667416804,18,1,27.8610000610352,36.3790016174316,0.160733997821808,0.113960765302181,185.918899536133,-87.9618,25.7981,91.4820600374547,63,63,63,63,61,63,0.138306,8045,1.29563008188212,26,-88,0.001869,51,2025-11-08 00:53:05.000077,18,1.037,0.0011,"aoml_navis",1023.55472209915
"7901009",92,0.100977896260287,1,0.153258,1,0.13083,1,192.691884641522,1,4.8848973980571,20,1,27.8619995117188,36.3790016174316,0.153257995843887,0.108190603554249,185.811706542969,-87.9618,25.7981,91.4820600374547,63,63,63,63,61,63,0.13083,8045,1.29563008188212,26,-88,0.001869,51,2025-11-08 00:53:05.000077,20,1.037,0.0011,"aoml_navis",1023.56295180093
"7901009",92,0.103862979010581,1,0.156996,1,0.134568,1,192.719259792616,1,4.88485656155302,22,1,27.8619995117188,36.3790016174316,0.156995996832848,0.111075684428215,185.838104248047,-87.9618,25.7981,91.4820600374547,63,63,63,63,61,63,0.134568,8045,1.29563008188212,26,-88,0.001869,51,2025-11-08 00:53:05.000077,22,1.037,0.0011,"aoml_navis",1023.5715085993
"7901009",92,0.0995353548851404,1,0.151389,1,0.128961,1,192.747046362166,1,4.88481511847194,23.8999996185303,1,27.8579998016357,36.3779983520508,0.151389002799988,0.106748066842556,185.864898681641,-87.9618,25.7981,91.4820600374547,63,63,63,63,61,63,0.128961,8045,1.29563008188212,26,-88,0.001869,51,2025-11-08 00:53:05.000077,23.8999996185303,1.037,0.0011,"aoml_navis",1023.58019264485
"7901009",92,0.103862979010581,1,0.156996,1,0.134568,1,192.710018701148,1,4.88476911910271,26,1,27.8560009002686,36.3779983520508,0.156995996832848,0.111075684428215,185.829193115234,-87.9618,25.7981,91.4820600374547,63,63,63,63,61,63,0.134568,8045,1.29563008188212,26,-88,0.001869,51,2025-11-08 00:53:05.000077,26,1.037,0.0011,"aoml_navis",1023.58983159443
"7901009",92,0.108190603136022,1,0.162603,1,0.140175,1,192.649571835726,1,4.88473406515459,28.1000003814697,1,27.8610000610352,36.3779983520508,0.162603005766869,0.115403316915035,185.770904541016,-87.9618,25.7981,91.4820600374547,63,63,63,63,61,63,0.140175,8045,1.29563008188212,26,-88,0.001869,51,2025-11-08 00:53:05.000077,28.1000003814697,1.037,0.0011,"aoml_navis",1023.59717710482
"7901009",92,0.116845851386904,1,0.173817,1,0.151389,1,192.673418282373,1,4.88468323162593,30,1,27.8509998321533,36.3769989013672,0.173816993832588,0.124058552086353,185.793899536133,-87.9618,25.7981,91.4820600374547,63,63,63,63,61,63,0.151389,8045,1.29563008188212,26,-88,0.001869,51,2025-11-08 00:53:05.000077,30,1.037,0.0011,"aoml_navis",1023.60782939361
"7901009",92,0.109633144511169,1,0.164472,1,0.142044,1,192.654651271276,1,4.884639280677,32,1,27.8490009307861,36.3769989013672,0.164471998810768,0.116845853626728,185.775802612305,-87.9618,25.7981,91.4820600374547,63,63,63,63,61,63,0.142044,8045,1.29563008188212,26,-88,0.001869,51,2025-11-08 00:53:05.000077,32,1.037,0.0011,"aoml_navis",1023.6170395999
"7901009",92,0.109633144511169,1,0.164472,1,0.142044,1,192.6870109152,1,4.8846000200181,34,1,27.8500003814697,36.3769989013672,0.164471998810768,0.116845853626728,185.807006835938,-87.9618,25.7981,91.4820600374547,63,63,63,63,61,63,0.142044,8045,1.29563008188212,26,-88,0.001869,51,2025-11-08 00:53:05.000077,34,1.037,0.0011,"aoml_navis",1023.62526706567
"7901009",92,0.118288392762051,1,0.175686,1,0.153258,1,192.661281437928,1,4.8845591990416,36,1,27.8500003814697,36.3769989013672,0.175686001777649,0.125501096248627,185.782196044922,-87.9618,25.7981,91.4820600374547,63,63,63,63,61,63,0.153258,8045,1.29563008188212,26,-88,0.001869,51,2025-11-08 00:53:05.000077,36,1.037,0.0011,"aoml_navis",1023.63382165192
"7901009",92,0.118288392762051,1,0.175686,1,0.153258,1,192.508534424337,1,4.88450899810827,38,1,27.8439998626709,36.3769989013672,0.175686001777649,0.125501096248627,185.634902954102,-87.9618,25.7981,91.4820600374547,63,63,63,63,61,63,0.153258,8045,1.29563008188212,26,-88,0.001869,51,2025-11-08 00:53:05.000077,38,1.037,0.0011,"aoml_navis",1023.6443421307
"7901009",92,0.12838618238808,1,0.188769,1,0.166341,1,192.603413849748,1,4.88445254771022,40,1,27.8339996337891,36.3769989013672,0.188768997788429,0.135598883032799,185.72639465332,-87.9618,25.7981,91.4820600374547,63,63,63,63,61,63,0.166341,8045,1.29563008188212,26,-88,0.001869,51,2025-11-08 00:53:05.000077,40,1.037,0.0011,"aoml_navis",1023.65617255181
"7901009",92,0.135598889263814,1,0.198114,1,0.175686,1,192.460002870344,1,4.88440860827425,42,1,27.8320007324219,36.3769989013672,0.198113992810249,0.142811596393585,185.588104248047,-87.9618,25.7981,91.4820600374547,63,63,63,63,61,63,0.175686,8045,1.29563008188212,26,-88,0.001869,51,2025-11-08 00:53:05.000077,42,1.037,0.0011,"aoml_navis",1023.66538121523
"7901009",92,0.141369054764402,1,0.20559,1,0.183162,1,192.416234276167,1,4.88436623041046,44,1,27.8309993743896,36.3769989013672,0.20558999478817,0.148581758141518,185.5458984375,-87.9618,25.7981,91.4820600374547,63,63,63,63,61,63,0.183162,8045,1.29563008188212,26,-88,0.001869,51,2025-11-08 00:53:05.000077,44,1.037,0.0011,"aoml_navis",1023.67426276711
"7901009",92,0.152909385765578,1,0.220542,1,0.198114,1,192.424320231201,1,4.8843238577971,46,1,27.8299999237061,36.3769989013672,0.220541998744011,0.160122096538544,185.553695678711,-87.9618,25.7981,91.4820600374547,63,63,63,63,61,63,0.198114,8045,1.29563008188212,26,-88,0.001869,51,2025-11-08 00:53:05.000077,46,1.037,0.0011,"aoml_navis",1023.6831433727
"7901009",92,0.150024303015284,1,0.216804,1,0.194376,1,192.348935711078,1,4.88427789863033,48,1,27.8290004730225,36.3779983520508,0.216803997755051,0.157237008213997,185.481002807617,-87.9618,25.7981,91.4820600374547,63,63,63,63,61,63,0.194376,8045,1.29563008188212,26,-88,0.001869,51,2025-11-08 00:53:05.000077,48,1.037,0.0011,"aoml_navis",1023.69277583532
"7901009",92,0.151466844390431,1,0.218673,1,0.196245,1,192.304138570761,1,4.88423709302757,50,1,27.8290004730225,36.3779983520508,0.218673005700111,0.158679559826851,185.437805175781,-87.9618,25.7981,91.4820600374547,63,63,63,63,61,63,0.196245,8045,1.29563008188212,26,-88,0.001869,51,2025-11-08 00:53:05.000077,50,1.037,0.0011,"aoml_navis",1023.70132832775
"7901009",92,0.151466844390431,1,0.218673,1,0.196245,1,192.261920707686,1,4.88419831296766,52,1,27.8279991149902,36.3769989013672,0.218673005700111,0.158679559826851,185.397094726562,-87.9618,25.7981,91.4820600374547,63,63,63,63,61,63,0.196245,8045,1.29563008188212,26,-88,0.001869,51,2025-11-08 00:53:05.000077,52,1.037,0.0011,"aoml_navis",1023.70945641681
"7901009",92,0.150024303015284,1,0.216804,1,0.194376,1,192.274168318638,1,4.88415392337753,54,1,27.8279991149902,36.3779983520508,0.216803997755051,0.157237008213997,185.408905029297,-87.9618,25.7981,91.4820600374547,63,63,63,63,61,63,0.194376,8045,1.29563008188212,26,-88,0.001869,51,2025-11-08 00:53:05.000077,54,1.037,0.0011,"aoml_navis",1023.71876039123
"7901009",92,0.151466844390431,1,0.218673,1,0.196245,1,192.224703161227,1,4.88411312473163,56,1,27.8279991149902,36.3779983520508,0.218673005700111,0.158679559826851,185.361206054688,-87.9618,25.7981,91.4820600374547,63,63,63,63,61,63,0.196245,8045,1.29563008188212,26,-88,0.001869,51,2025-11-08 00:53:05.000077,56,1.037,0.0011,"aoml_navis",1023.72731185966
"7901009",92,0.154351927140725,1,0.222411,1,0.199983,1,192.182485298152,1,4.88407232842172,58,1,27.8279991149902,36.3779983520508,0.222411006689072,0.161564633250237,185.320495605469,-87.9618,25.7981,91.4820600374547,63,63,63,63,61,63,0.199983,8045,1.29563008188212,26,-88,0.001869,51,2025-11-08 00:53:05.000077,58,1.037,0.0011,"aoml_navis",1023.73586298132
"7901009",92,0.154351927140725,1,0.222411,1,0.199983,1,192.162689740916,1,4.8840279325823,60,1,27.8279991149902,36.3790016174316,0.222411006689072,0.161564633250237,185.301406860352,-87.9618,25.7981,91.4820600374547,63,63,63,63,61,63,0.199983,8045,1.29563008188212,26,-88,0.001869,51,2025-11-08 00:53:05.000077,60,1.037,0.0011,"aoml_navis",1023.74516874566
"7901009",92,0.158679551266166,1,0.228018,1,0.20559,1,192.123383454604,1,4.88398870671968,62,1,27.8290004730225,36.3790016174316,0.228018000721931,0.165892258286476,185.26350402832,-87.9618,25.7981,91.4820600374547,63,63,63,63,61,63,0.20559,8045,1.29563008188212,26,-88,0.001869,51,2025-11-08 00:53:05.000077,62,1.037,0.0011,"aoml_navis",1023.75339097748
"7901009",92,0.158679551266166,1,0.228018,1,0.20559,1,192.050261735988,1,4.88394386728477,64,1,27.8309993743896,36.3810005187988,0.228018000721931,0.165892258286476,185.192993164062,-87.9618,25.7981,91.4820600374547,63,63,63,63,61,63,0.20559,8045,1.29563008188212,26,-88,0.001869,51,2025-11-08 00:53:05.000077,64,1.037,0.0011,"aoml_navis",1023.7627900461
"7901009",92,0.158679551266166,1,0.228018,1,0.20559,1,192.026620998569,1,4.8839062096275,66,1,27.8330001831055,36.3810005187988,0.228018000721931,0.165892258286476,185.170196533203,-87.9618,25.7981,91.4820600374547,63,63,63,63,61,63,0.20559,8045,1.29563008188212,26,-88,0.001869,51,2025-11-08 00:53:05.000077,66,1.037,0.0011,"aoml_navis",1023.77068383165
"7901009",92,0.171662423642489,1,0.244839,1,0.222411,1,191.960572512633,1,4.88386340090538,68,1,27.8339996337891,36.3819999694824,0.244838997721672,0.178875133395195,185.106506347656,-87.9618,25.7981,91.4820600374547,63,63,63,63,61,63,0.222411,8045,1.29563008188212,26,-88,0.001869,51,2025-11-08 00:53:05.000077,68,1.037,0.0011,"aoml_navis",1023.77965752955
"7901009",92,0.165892258141901,1,0.237363,1,0.214935,1,191.87449111266,1,4.88382261935527,70,1,27.8339996337891,36.3819999694824,0.237362995743752,0.173104956746101,185.023498535156,-87.9618,25.7981,91.4820600374547,63,63,63,63,61,63,0.214935,8045,1.29563008188212,26,-88,0.001869,51,2025-11-08 00:53:05.000077,70,1.037,0.0011,"aoml_navis",1023.78820643164
"7901009",92,0.168777340892195,1,0.241101,1,0.218673,1,191.84773308925,1,4.88377668951447,72,1,27.8330001831055,36.382999420166,0.241100996732712,0.175990045070648,184.997695922852,-87.9618,25.7981,91.4820600374547,63,63,63,63,61,63,0.218673,8045,1.29563008188212,26,-88,0.001869,51,2025-11-08 00:53:05.000077,72,1.037,0.0011,"aoml_navis",1023.79783472391
"7901009",92,0.168777340892195,1,0.241101,1,0.218673,1,191.774310718684,1,4.88373434953337,74,1,27.8320007324219,36.382999420166,0.241100996732712,0.175990045070648,184.926895141602,-87.9618,25.7981,91.4820600374547,63,63,63,63,61,63,0.218673,8045,1.29563008188212,26,-88,0.001869,51,2025-11-08 00:53:05.000077,74,1.037,0.0011,"aoml_navis",1023.80671063276
"7901009",92,0.168777340892195,1,0.241101,1,0.218673,1,191.730352239066,1,4.88369513819841,76,1,27.8330001831055,36.382999420166,0.241100996732712,0.175990045070648,184.884506225586,-87.9618,25.7981,91.4820600374547,63,63,63,63,61,63,0.218673,8045,1.29563008188212,26,-88,0.001869,51,2025-11-08 00:53:05.000077,76,1.037,0.0011,"aoml_navis",1023.8149308076
"7901009",92,0.165892258141901,1,0.237363,1,0.214935,1,191.632339703876,1,4.88365749267037,78,1,27.8349990844727,36.382999420166,0.237362995743752,0.173104956746101,184.789993286133,-87.9618,25.7981,91.4820600374547,63,63,63,63,61,63,0.214935,8045,1.29563008188212,26,-88,0.001869,51,2025-11-08 00:53:05.000077,78,1.037,0.0011,"aoml_navis",1023.82282285444
"7901009",92,0.165892258141901,1,0.237363,1,0.214935,1,191.502094115056,1,4.88361470231498,80,1,27.8360004425049,36.3839988708496,0.237362995743752,0.173104956746101,184.664398193359,-87.9618,25.7981,91.4820600374547,63,63,63,63,61,63,0.214935,8045,1.29563008188212,26,-88,0.001869,51,2025-11-08 00:53:05.000077,80,1.037,0.0011,"aoml_navis",1023.83179361587
"7901009",92,0.170219882267342,1,0.24297,1,0.220542,1,191.415601296628,1,4.88357236862949,82,1,27.8349990844727,36.3839988708496,0.242970004677773,0.177432596683502,184.580993652344,-87.9618,25.7981,91.4820600374547,63,63,63,63,61,63,0.220542,8045,1.29563008188212,26,-88,0.001869,51,2025-11-08 00:53:05.000077,82,1.037,0.0011,"aoml_navis",1023.84066879369
"7901009",92,0.168777340892195,1,0.241101,1,0.218673,1,191.306512110706,1,4.88352488990592,84,1,27.8330001831055,36.3849983215332,0.241100996732712,0.175990045070648,184.475799560547,-87.9618,25.7981,91.4820600374547,63,63,63,63,61,63,0.218673,8045,1.29563008188212,26,-88,0.001869,51,2025-11-08 00:53:05.000077,84,1.037,0.0011,"aoml_navis",1023.85062280216
"7901009",92,0.174547506392782,1,0.248577,1,0.226149,1,191.238691360654,1,4.88348052689036,86,1,27.8330001831055,36.3860015869141,0.248576998710632,0.181760206818581,184.410400390625,-87.9618,25.7981,91.4820600374547,63,63,63,63,61,63,0.226149,8045,1.29563008188212,26,-88,0.001869,51,2025-11-08 00:53:05.000077,86,1.037,0.0011,"aoml_navis",1023.85992377118
"7901009",92,0.175990047767929,1,0.250446,1,0.228018,1,191.000796550508,1,4.8834330501011,88,1,27.8309993743896,36.3870010375977,0.250445991754532,0.183202758431435,184.180999755859,-87.9618,25.7981,91.4820600374547,63,63,63,63,61,63,0.228018,8045,1.29563008188212,26,-88,0.001869,51,2025-11-08 00:53:05.000077,88,1.037,0.0011,"aoml_navis",1023.8698777485
"7901009",92,0.178875130518223,1,0.254184,1,0.231756,1,190.714575895597,1,4.88338714225252,90,1,27.8299999237061,36.3880004882812,0.254184007644653,0.18608783185482,183.904998779297,-87.9618,25.7981,91.4820600374547,63,63,63,63,61,63,0.231756,8045,1.29563008188212,26,-88,0.001869,51,2025-11-08 00:53:05.000077,90,1.037,0.0011,"aoml_navis",1023.87950296599
"7901009",92,0.175990047767929,1,0.250446,1,0.228018,1,190.241175667106,1,4.88332309682064,92.0999984741211,1,27.8209991455078,36.3899993896484,0.250445991754532,0.183202758431435,183.448501586914,-87.9618,25.7981,91.4820600374547,63,63,63,63,61,63,0.228018,8045,1.29563008188212,26,-88,0.001869,51,2025-11-08 00:53:05.000077,92.0999984741211,1.037,0.0011,"aoml_navis",1023.89293128184
"7901009",92,0.19474308564484,1,0.274743,1,0.252315,1,188.66768995929,1,4.88322267030719,93.9000015258789,1,27.7940006256104,36.3959999084473,0.274742990732193,0.201955795288086,181.931198120117,-87.9618,25.7981,91.4820600374547,63,63,63,63,61,63,0.252315,8045,1.29563008188212,26,-88,0.001869,51,2025-11-08 00:53:05.000077,93.9000015258789,1.037,0.0011,"aoml_navis",1023.91398827723
"7901009",92,0.229364078648367,1,0.319599,1,0.297171,1,183.905663748025,1,4.88291408332396,95.9000015258789,1,27.6730003356934,36.4179992675781,0.319599002599716,0.236576780676842,177.339202880859,-87.9618,25.7981,91.4820600374547,63,63,63,63,61,63,0.297171,8045,1.29563008188212,26,-88,0.001869,51,2025-11-08 00:53:05.000077,95.9000015258789,1.037,0.0011,"aoml_navis",1023.9786968761
"7901009",92,0.315916561157185,1,0.431739,1,0.409311,1,176.387007292919,1,4.88242780949513,98,1,27.4640007019043,36.451000213623,0.431739002466202,0.323129266500473,170.089004516602,-87.9618,25.7981,91.4820600374547,63,63,63,63,61,63,0.409311,8045,1.29563008188212,26,-88,0.001869,51,2025-11-08 00:53:05.000077,98,1.037,0.0011,"aoml_navis",1024.08068180265
"7901009",92,0.467383405547616,1,0.627984,1,0.605556,1,171.580484593285,1,4.88136090139149,100,1,26.9570007324219,36.5190010070801,0.62798398733139,0.474596112966537,165.4541015625,-87.9618,25.7981,91.4820600374547,63,63,63,63,61,63,0.605556,8045,1.29563008188212,26,-88,0.001869,51,2025-11-08 00:53:05.000077,100,1.037,0.0011,"aoml_navis",1024.30451282033
"7901009",92,0.435647495294383,1,0.586866,1,0.564438,1,172.732203088807,1,4.88078231191645,102.099998474121,1,26.6840000152588,36.5519981384277,0.586866021156311,0.442860186100006,166.564697265625,-87.9618,25.7981,91.4820600374547,63,63,63,63,61,63,0.564438,8045,1.29563008188212,26,-88,0.001869,51,2025-11-08 00:53:05.000077,102.099998474121,1.037,0.0011,"aoml_navis",1024.42593839772
"7901009",92,0.360635343786741,1,0.489678,1,0.46725,1,177.152957691024,1,4.88043350417198,103.800003051758,1,26.5009994506836,36.5620002746582,0.489677995443344,0.367848068475723,170.827606201172,-87.9618,25.7981,91.4820600374547,63,63,63,63,61,63,0.46725,8045,1.29563008188212,26,-88,0.001869,51,2025-11-08 00:53:05.000077,103.800003051758,1.037,0.0011,"aoml_navis",1024.49915478324
"7901009",92,0.334669599034095,1,0.456036,1,0.433608,1,174.842763943035,1,4.88002328481266,105.900001525879,1,26.3199996948242,36.5880012512207,0.456036001443863,0.341882318258286,168.599899291992,-87.9618,25.7981,91.4820600374547,63,63,63,63,61,63,0.433608,8045,1.29563008188212,26,-88,0.001869,51,2025-11-08 00:53:05.000077,105.900001525879,1.037,0.0011,"aoml_navis",1024.58527514832
"7901009",92,0.344767388660124,1,0.469119,1,0.446691,1,173.80377410439,1,4.87965879821305,107.900001525879,1,26.1410007476807,36.6030006408691,0.469119012355804,0.351980090141296,167.598007202148,-87.9618,25.7981,91.4820600374547,63,63,63,63,61,63,0.446691,8045,1.29563008188212,26,-88,0.001869,51,2025-11-08 00:53:05.000077,107.900001525879,1.037,0.0011,"aoml_navis",1024.66180664743
"7901009",92,0.320244185282626,1,0.437346,1,0.414918,1,177.32394953075,1,4.87930988665269,110,1,25.9729995727539,36.6180000305176,0.437346011400223,0.327456891536713,170.992492675781,-87.9618,25.7981,91.4820600374547,63,63,63,63,61,63,0.414918,8045,1.29563008188212,26,-88,0.001869,51,2025-11-08 00:53:05.000077,110,1.037,0.0011,"aoml_navis",1024.73507855639
"7901009",92,0.253887282025865,1,0.351372,1,0.328944,1,184.887513892681,1,4.87908355821275,112,1,25.7549991607666,36.5789985656738,0.351372003555298,0.261099994182587,178.285995483398,-87.9618,25.7981,91.4820600374547,63,63,63,63,61,63,0.328944,8045,1.29563008188212,26,-88,0.001869,51,2025-11-08 00:53:05.000077,112,1.037,0.0011,"aoml_navis",1024.78261344463
"7901009",92,0.203398333895722,1,0.285957,1,0.263529,1,189.831023114293,1,4.87885180820197,114,1,25.5200004577637,36.5349998474121,0.285957008600235,0.210611030459404,183.052993774414,-87.9618,25.7981,91.4820600374547,63,63,63,63,61,63,0.263529,8045,1.29563008188212,26,-88,0.001869,51,2025-11-08 00:53:05.000077,114,1.037,0.0011,"aoml_navis",1024.83129157446
"7901009",92,0.186087837393958,1,0.263529,1,0.241101,1,187.185887271961,1,4.87851574919676,116,1,25.2859992980957,36.5209999084473,0.263529002666473,0.193300530314445,180.502304077148,-87.9618,25.7981,91.4820600374547,63,63,63,63,61,63,0.241101,8045,1.29563008188212,26,-88,0.001869,51,2025-11-08 00:53:05.000077,116,1.037,0.0011,"aoml_navis",1024.90188759219
"7901009",92,0.181760213268517,1,0.257922,1,0.235494,1,181.670664634719,1,4.878223761833,118,1,25.1690006256104,36.5429992675781,0.257921993732452,0.188972920179367,175.184005737305,-87.9618,25.7981,91.4820600374547,63,63,63,63,61,63,0.235494,8045,1.29563008188212,26,-88,0.001869,51,2025-11-08 00:53:05.000077,118,1.037,0.0011,"aoml_navis",1024.9632333637
"7901009",92,0.193300544269693,1,0.272874,1,0.250446,1,177.696346528354,1,4.8779937901575,120,1,25.121000289917,36.576000213623,0.272873997688293,0.200513258576393,171.351593017578,-87.9618,25.7981,91.4820600374547,63,63,63,63,61,63,0.250446,8045,1.29563008188212,26,-88,0.001869,51,2025-11-08 00:53:05.000077,120,1.037,0.0011,"aoml_navis",1025.01155497341
"7901009",92,0.201955792520575,1,0.284088,1,0.26166,1,177.069059973624,1,4.87776484094059,122,1,24.9950008392334,36.5769996643066,0.284087985754013,0.209168493747711,170.746704101562,-87.9618,25.7981,91.4820600374547,63,63,63,63,61,63,0.26166,8045,1.29563008188212,26,-88,0.001869,51,2025-11-08 00:53:05.000077,122,1.037,0.0011,"aoml_navis",1025.05966627039
"7901009",92,0.184645296018811,1,0.26166,1,0.239232,1,178.743026727364,1,4.87748744695231,124,1,24.8229999542236,36.5730018615723,0.261660009622574,0.191857993602753,172.360900878906,-87.9618,25.7981,91.4820600374547,63,63,63,63,61,63,0.239232,8045,1.29563008188212,26,-88,0.001869,51,2025-11-08 00:53:05.000077,124,1.037,0.0011,"aoml_navis",1025.11796378364
"7901009",92,0.178875130518223,1,0.254184,1,0.231756,1,179.300118964028,1,4.87714935269666,126,1,24.576000213623,36.5559997558594,0.254184007644653,0.18608783185482,172.898101806641,-87.9618,25.7981,91.4820600374547,63,63,63,63,61,63,0.231756,8045,1.29563008188212,26,-88,0.001869,51,2025-11-08 00:53:05.000077,126,1.037,0.0011,"aoml_navis",1025.18902711794
"7901009",92,0.175990047767929,1,0.250446,1,0.228018,1,179.061084841235,1,4.87678698494835,128,1,24.30299949646,36.5359992980957,0.250445991754532,0.183202758431435,172.667602539062,-87.9618,25.7981,91.4820600374547,63,63,63,63,61,63,0.228018,8045,1.29563008188212,26,-88,0.001869,51,2025-11-08 00:53:05.000077,128,1.037,0.0011,"aoml_navis",1025.26520338738
"7901009",92,0.175990047767929,1,0.250446,1,0.228018,1,179.237899834488,1,4.87643465133483,130.100006103516,1,24.0919990539551,36.5379981994629,0.250445991754532,0.183202758431435,172.838104248047,-87.9618,25.7981,91.4820600374547,63,63,63,63,61,63,0.228018,8045,1.29563008188212,26,-88,0.001869,51,2025-11-08 00:53:05.000077,130.100006103516,1.037,0.0011,"aoml_navis",1025.33928115521
"7901009",92,0.164449716766754,1,0.235494,1,0.213066,1,180.732662203174,1,4.87619917814842,132,1,23.9060001373291,36.5190010070801,0.235494002699852,0.171662420034409,174.279495239258,-87.9618,25.7981,91.4820600374547,63,63,63,63,61,63,0.213066,8045,1.29563008188212,26,-88,0.001869,51,2025-11-08 00:53:05.000077,132,1.037,0.0011,"aoml_navis",1025.38879511041
"7901009",92,0.16156463401646,1,0.231756,1,0.209328,1,181.27025953455,1,4.8759430564708,134,1,23.7110004425049,36.5019989013672,0.231756001710892,0.168777346611023,174.797897338867,-87.9618,25.7981,91.4820600374547,63,63,63,63,61,63,0.209328,8045,1.29563008188212,26,-88,0.001869,51,2025-11-08 00:53:05.000077,134,1.037,0.0011,"aoml_navis",1025.44265634205
"7901009",92,0.152909385765578,1,0.220542,1,0.198114,1,177.037523166612,1,4.87577202555651,136,1,23.6009998321533,36.4949989318848,0.220541998744011,0.160122096538544,170.716293334961,-87.9618,25.7981,91.4820600374547,63,63,63,63,61,63,0.198114,8045,1.29563008188212,26,-88,0.001869,51,2025-11-08 00:53:05.000077,136,1.037,0.0011,"aoml_navis",1025.47862652157
"7901009",92,0.144254137514696,1,0.209328,1,0.1869,1,172.648004719458,1,4.87544513268378,138,1,23.4309997558594,36.507999420166,0.20932799577713,0.151466846466064,166.483505249023,-87.9618,25.7981,91.4820600374547,63,63,63,63,61,63,0.1869,8045,1.29563008188212,26,-88,0.001869,51,2025-11-08 00:53:05.000077,138,1.037,0.0011,"aoml_navis",1025.54738365964
"7901009",92,0.142811596139549,1,0.207459,1,0.185031,1,168.973183425095,1,4.87523317879568,140,1,23.3449993133545,36.5219993591309,0.207459002733231,0.150024309754372,162.939895629883,-87.9618,25.7981,91.4820600374547,63,63,63,63,61,63,0.185031,8045,1.29563008188212,26,-88,0.001869,51,2025-11-08 00:53:05.000077,140,1.037,0.0011,"aoml_navis",1025.59196998966
"7901009",92,0.131271265138374,1,0.192507,1,0.170079,1,165.031240786441,1,4.87492914912668,142,1,23.1669998168945,36.5260009765625,0.19250699877739,0.138483971357346,159.138702392578,-87.9618,25.7981,91.4820600374547,63,63,63,63,61,63,0.170079,8045,1.29563008188212,26,-88,0.001869,51,2025-11-08 00:53:05.000077,142,1.037,0.0011,"aoml_navis",1025.65593202431
"7901009",92,0.137041430638961,1,0.199983,1,0.177555,1,160.376642263488,1,4.8746177049951,144,1,22.9750003814697,36.5270004272461,0.19998300075531,0.144254133105278,154.650299072266,-87.9618,25.7981,91.4820600374547,63,63,63,63,61,63,0.177555,8045,1.29563008188212,26,-88,0.001869,51,2025-11-08 00:53:05.000077,144,1.037,0.0011,"aoml_navis",1025.72146219311
"7901009",92,0.126943641012933,1,0.1869,1,0.164472,1,155.661691817833,1,4.8742338461186,146,1,22.7530002593994,36.5369987487793,0.18690000474453,0.134156346321106,150.103698730469,-87.9618,25.7981,91.4820600374547,63,63,63,63,61,63,0.164472,8045,1.29563008188212,26,-88,0.001869,51,2025-11-08 00:53:05.000077,146,1.037,0.0011,"aoml_navis",1025.80224048576
"7901009",92,0.119730934137198,1,0.177555,1,0.155127,1,151.844298204765,1,4.87385310516451,148,1,22.55299949646,36.5550003051758,0.177554994821548,0.12694363296032,146.422607421875,-87.9618,25.7981,91.4820600374547,63,63,63,63,61,63,0.155127,8045,1.29563008188212,26,-88,0.001869,51,2025-11-08 00:53:05.000077,148,1.037,0.0011,"aoml_navis",1025.88237522009
"7901009",92,0.122616016887492,1,0.181293,1,0.158865,1,148.996617891907,1,4.87356563862067,150,1,22.4150009155273,36.5709991455078,0.181292995810509,0.129828721284866,143.676605224609,-87.9618,25.7981,91.4820600374547,63,63,63,63,61,63,0.158865,8045,1.29563008188212,26,-88,0.001869,51,2025-11-08 00:53:05.000077,150,1.037,0.0011,"aoml_navis",1025.94288673931
"7901009",92,0.11396076863661,1,0.170079,1,0.147651,1,146.752077035184,1,4.87327194074241,152,1,22.2560005187988,36.5810012817383,0.170078992843628,0.121173471212387,141.51220703125,-87.9618,25.7981,91.4820600374547,63,63,63,63,61,63,0.147651,8045,1.29563008188212,26,-88,0.001869,51,2025-11-08 00:53:05.000077,152,1.037,0.0011,"aoml_navis",1026.0047173231
"7901009",92,0.11396076863661,1,0.170079,1,0.147651,1,144.345643016122,1,4.87306445366522,154,1,22.1280002593994,36.5789985656738,0.170078992843628,0.121173471212387,139.191696166992,-87.9618,25.7981,91.4820600374547,63,63,63,63,61,63,0.147651,8045,1.29563008188212,26,-88,0.001869,51,2025-11-08 00:53:05.000077,154,1.037,0.0011,"aoml_navis",1026.04840291807
"7901009",92,0.103862979010581,1,0.156996,1,0.134568,1,140.767694944302,1,4.8727403062034,156,1,21.9130001068115,36.5769996643066,0.156995996832848,0.111075684428215,135.741500854492,-87.9618,25.7981,91.4820600374547,63,63,63,63,61,63,0.134568,8045,1.29563008188212,26,-88,0.001869,51,2025-11-08 00:53:05.000077,156,1.037,0.0011,"aoml_navis",1026.1166583482
"7901009",92,0.100977896260287,1,0.153258,1,0.13083,1,137.927277749567,1,4.87235293591256,158,1,21.6709995269775,36.5830001831055,0.153257995843887,0.108190603554249,133.002502441406,-87.9618,25.7981,91.4820600374547,63,63,63,63,61,63,0.13083,8045,1.29563008188212,26,-88,0.001869,51,2025-11-08 00:53:05.000077,158,1.037,0.0011,"aoml_navis",1026.19823846228
"7901009",92,0.0966502721348465,1,0.147651,1,0.125223,1,135.257235266875,1,4.87203936064989,160,1,21.5100002288818,36.5989990234375,0.147651001811028,0.10386298596859,130.427795410156,-87.9618,25.7981,91.4820600374547,63,63,63,63,61,63,0.125223,8045,1.29563008188212,26,-88,0.001869,51,2025-11-08 00:53:05.000077,160,1.037,0.0011,"aoml_navis",1026.2642868577
"7901009",92,0.0980928135099935,1,0.14952,1,0.127092,1,133.358032732397,1,4.87177585567994,162,1,21.367000579834,36.6080017089844,0.149519994854927,0.105305515229702,128.596405029297,-87.9618,25.7981,91.4820600374547,63,63,63,63,61,63,0.127092,8045,1.29563008188212,26,-88,0.001869,51,2025-11-08 00:53:05.000077,162,1.037,0.0011,"aoml_navis",1026.31979551575
"7901009",92,0.0937651893845526,1,0.143913,1,0.121485,1,131.720563542818,1,4.87154861147985,164,1,21.2700004577637,36.6240005493164,0.143913000822067,0.100977897644043,127.017402648926,-87.9618,25.7981,91.4820600374547,63,63,63,63,61,63,0.121485,8045,1.29563008188212,26,-88,0.001869,51,2025-11-08 00:53:05.000077,164,1.037,0.0011,"aoml_navis",1026.3676704811
"7901009",92,0.0879950238839647,1,0.136437,1,0.114009,1,129.703125673671,1,4.8712997608281,166,1,21.1809997558594,36.648998260498,0.136436998844147,0.0952077284455299,125.071998596191,-87.9618,25.7981,91.4820600374547,63,63,63,63,61,63,0.114009,8045,1.29563008188212,26,-88,0.001869,51,2025-11-08 00:53:05.000077,166,1.037,0.0011,"aoml_navis",1026.42010253748
"7901009",92,0.0851099411336708,1,0.132699,1,0.110271,1,128.103720603143,1,4.87108171871183,168,1,21.0960006713867,36.6669998168945,0.132698997855186,0.0923226475715637,123.52970123291,-87.9618,25.7981,91.4820600374547,63,63,63,63,61,63,0.110271,8045,1.29563008188212,26,-88,0.001869,51,2025-11-08 00:53:05.000077,168,1.037,0.0011,"aoml_navis",1026.46604773493
"7901009",92,0.0807823170082299,1,0.127092,1,0.104664,1,127.257923377047,1,4.87087124692441,170,1,20.9669990539551,36.6669998168945,0.127092003822327,0.0879950225353241,122.71410369873,-87.9618,25.7981,91.4820600374547,63,63,63,63,61,63,0.104664,8045,1.29563008188212,26,-88,0.001869,51,2025-11-08 00:53:05.000077,170,1.037,0.0011,"aoml_navis",1026.51040163649
"7901009",92,0.076454692882789,1,0.121485,1,0.099057,1,126.766681828984,1,4.87066129075956,172,1,20.8129997253418,36.6580009460449,0.121485002338886,0.0836673974990845,122.24040222168,-87.9618,25.7981,91.4820600374547,63,63,63,63,61,63,0.099057,8045,1.29563008188212,26,-88,0.001869,51,2025-11-08 00:53:05.000077,172,1.037,0.0011,"aoml_navis",1026.55465069719
"7901009",92,0.0793397756330829,1,0.125223,1,0.102795,1,126.728412000706,1,4.8704003576012,174,1,20.6189994812012,36.648998260498,0.125222995877266,0.0865524783730507,122.203498840332,-87.9618,25.7981,91.4820600374547,63,63,63,63,61,63,0.102795,8045,1.29563008188212,26,-88,0.001869,51,2025-11-08 00:53:05.000077,174,1.037,0.0011,"aoml_navis",1026.60964867016
"7901009",92,0.0649143618816133,1,0.106533,1,0.084105,1,126.826203002881,1,4.87027030461552,176,1,20.5419998168945,36.6459999084473,0.106532998383045,0.072127066552639,122.297798156738,-87.9618,25.7981,91.4820600374547,63,63,63,63,61,63,0.084105,8045,1.29563008188212,26,-88,0.001869,51,2025-11-08 00:53:05.000077,176,1.037,0.0011,"aoml_navis",1026.63706268244
"7901009",92,0.0634718205064664,1,0.104664,1,0.082236,1,127.093134461731,1,4.87019370415843,178,1,20.5090007781982,36.6440010070801,0.104663997888565,0.0706845298409462,122.555198669434,-87.9618,25.7981,91.4820600374547,63,63,63,63,61,63,0.082236,8045,1.29563008188212,26,-88,0.001869,51,2025-11-08 00:53:05.000077,178,1.037,0.0011,"aoml_navis",1026.65321006241
"7901009",92,0.0490464067549967,1,0.085974,1,0.063546,1,127.867898709062,1,4.87002347701591,180,1,20.4090003967285,36.6440010070801,0.0859740003943443,0.0562591180205345,123.302299499512,-87.9618,25.7981,91.4820600374547,63,63,63,63,61,63,0.063546,8045,1.29563008188212,26,-88,0.001869,51,2025-11-08 00:53:05.000077,180,1.037,0.0011,"aoml_navis",1026.68909577079
"7901009",92,0.038948617128968,1,0.072891,1,0.050463,1,128.127677816297,1,4.86986568177142,182,1,20.3239994049072,36.6459999084473,0.0728909969329834,0.0461613237857819,123.552803039551,-87.9618,25.7981,91.4820600374547,63,63,63,63,61,63,0.050463,8045,1.29563008188212,26,-88,0.001869,51,2025-11-08 00:53:05.000077,182,1.037,0.0011,"aoml_navis",1026.72236294231
"7901009",92,0.0302933688780862,1,0.061677,1,0.039249,1,125.774554134828,1,4.86976296328673,184,1,20.261999130249,36.640998840332,0.0616770014166832,0.0375060774385929,121.283699035645,-87.9618,25.7981,91.4820600374547,63,63,63,63,61,63,0.039249,8045,1.29563008188212,26,-88,0.001869,51,2025-11-08 00:53:05.000077,184,1.037,0.0011,"aoml_navis",1026.74401971824
"7901009",92,0.0230806620023514,1,0.052332,1,0.029904,1,121.579984740555,1,4.86960777427619,186,1,20.0909996032715,36.6119995117188,0.0523319989442825,0.0302933678030968,117.238899230957,-87.9618,25.7981,91.4820600374547,63,63,63,63,61,63,0.029904,8045,1.29563008188212,26,-88,0.001869,51,2025-11-08 00:53:05.000077,186,1.037,0.0011,"aoml_navis",1026.77674091384
"7901009",92,0.0230806620023514,1,0.052332,1,0.029904,1,120.204676138118,1,4.86944106581623,188,1,19.9099998474121,36.5830001831055,0.0523319989442825,0.0302933678030968,115.912696838379,-87.9618,25.7981,91.4820600374547,63,63,63,63,61,63,0.029904,8045,1.29563008188212,26,-88,0.001869,51,2025-11-08 00:53:05.000077,188,1.037,0.0011,"aoml_navis",1026.81189327874
"7901009",92,0.0245232033774984,1,0.054201,1,0.031773,1,120.951653815899,1,4.86930913327721,190,1,19.806999206543,36.5719985961914,0.0542009994387627,0.0317359082400799,116.633003234863,-87.9618,25.7981,91.4820600374547,63,63,63,63,61,63,0.031773,8045,1.29563008188212,26,-88,0.001869,51,2025-11-08 00:53:05.000077,190,1.037,0.0011,"aoml_navis",1026.83971445346
"7901009",92,0.0216381206272044,1,0.050463,1,0.028035,1,122.392188067359,1,4.86915102007382,192,1,19.7029991149902,36.568000793457,0.0504629984498024,0.0288508292287588,118.022102355957,-87.9618,25.7981,91.4820600374547,63,63,63,63,61,63,0.028035,8045,1.29563008188212,26,-88,0.001869,51,2025-11-08 00:53:05.000077,192,1.037,0.0011,"aoml_navis",1026.87305844217
"7901009",92,0.0216381206272044,1,0.050463,1,0.028035,1,123.801090569087,1,4.86904381113557,194,1,19.6420001983643,36.564998626709,0.0504629984498024,0.0288508292287588,119.380699157715,-87.9618,25.7981,91.4820600374547,63,63,63,63,61,63,0.028035,8045,1.29563008188212,26,-88,0.001869,51,2025-11-08 00:53:05.000077,194,1.037,0.0011,"aoml_navis",1026.8956686249
"7901009",92,0.0158679551266166,1,0.042987,1,0.020559,1,126.312665739274,1,4.86890340874018,196,1,19.5659999847412,36.5660018920898,0.0429870001971722,0.0230806618928909,121.802597045898,-87.9618,25.7981,91.4820600374547,63,63,63,63,61,63,0.020559,8045,1.29563008188212,26,-88,0.001869,51,2025-11-08 00:53:05.000077,196,1.037,0.0011,"aoml_navis",1026.92528075716
"7901009",92,0.0115403310011757,1,0.03738,1,0.014952,1,127.519561779226,1,4.86878888605038,198,1,19.5219993591309,36.5709991455078,0.0373799987137318,0.0187530387192965,122.966400146484,-87.9618,25.7981,91.4820600374547,63,63,63,63,61,63,0.014952,8045,1.29563008188212,26,-88,0.001869,51,2025-11-08 00:53:05.000077,198,1.037,0.0011,"aoml_navis",1026.94943589063
"7901009",92,0.00865524825088178,1,0.033642,1,0.011214,1,128.031746109066,1,4.86871506669692,200,1,19.496000289917,36.5709991455078,0.0336420014500618,0.0158679541200399,123.460296630859,-87.9618,25.7981,91.4820600374547,63,63,63,63,61,63,0.011214,8045,1.29563008188212,26,-88,0.001869,51,2025-11-08 00:53:05.000077,200,1.037,0.0011,"aoml_navis",1026.96500647596
"7901009",92,0.00721270687573481,1,0.031773,1,0.009345,1,127.42321865354,1,4.86861292066954,202,1,19.4300003051758,36.564998626709,0.0317730009555817,0.0144254146143794,122.873497009277,-87.9618,25.7981,91.4820600374547,63,63,63,63,61,63,0.009345,8045,1.29563008188212,26,-88,0.001869,51,2025-11-08 00:53:05.000077,202,1.037,0.0011,"aoml_navis",1026.9865527351
"7901009",92,0.00865524825088178,1,0.033642,1,0.011214,1,126.744488968054,1,4.86845985315614,204,1,19.2940006256104,36.548999786377,0.0336420014500618,0.0158679541200399,122.21900177002,-87.9618,25.7981,91.4820600374547,63,63,63,63,61,63,0.011214,8045,1.29563008188212,26,-88,0.001869,51,2025-11-08 00:53:05.000077,204,1.037,0.0011,"aoml_navis",1027.01884185377
"7901009",92,0.00721270687573481,1,0.031773,1,0.009345,1,126.34772333884,1,4.8683701073475,206,1,19.2229995727539,36.5379981994629,0.0317730009555817,0.0144254146143794,121.836402893066,-87.9618,25.7981,91.4820600374547,63,63,63,63,61,63,0.009345,8045,1.29563008188212,26,-88,0.001869,51,2025-11-08 00:53:05.000077,206,1.037,0.0011,"aoml_navis",1027.03777439884
"7901009",92,0.0144254137514696,1,0.041118,1,0.01869,1,126.19537983181,1,4.86831445411569,208,1,19.1909999847412,36.5309982299805,0.041117999702692,0.0216381195932627,121.689498901367,-87.9618,25.7981,91.4820600374547,63,63,63,63,61,63,0.01869,8045,1.29563008188212,26,-88,0.001869,51,2025-11-08 00:53:05.000077,208,1.037,0.0011,"aoml_navis",1027.04951521219
"7901009",92,0.00721270687573481,1,0.031773,1,0.009345,1,127.099772540277,1,4.86817502839188,210,1,19.0650005340576,36.5149993896484,0.0317730009555817,0.0144254146143794,122.561599731445,-87.9618,25.7981,91.4820600374547,63,63,63,63,61,63,0.009345,8045,1.29563008188212,26,-88,0.001869,51,2025-11-08 00:53:05.000077,210,1.037,0.0011,"aoml_navis",1027.07893016157
"7901009",92,0.00721270687573481,1,0.031773,1,0.009345,1,128.316724596715,1,4.86803030504539,212,1,18.943000793457,36.5019989013672,0.0317730009555817,0.0144254146143794,123.73509979248,-87.9618,25.7981,91.4820600374547,63,63,63,63,61,63,0.009345,8045,1.29563008188212,26,-88,0.001869,51,2025-11-08 00:53:05.000077,212,1.037,0.0011,"aoml_navis",1027.10946454418
"7901009",92,0.00432762412544089,1,0.028035,1,0.005607,1,129.60667969337,1,4.86792097199415,214,1,18.8700008392334,36.4959983825684,0.0280349999666214,0.0115403309464455,124.978996276855,-87.9618,25.7981,91.4820600374547,63,63,63,63,61,63,0.005607,8045,1.29563008188212,26,-88,0.001869,51,2025-11-08 00:53:05.000077,214,1.037,0.0011,"aoml_navis",1027.132533327
"7901009",92,0.00144254137514696,1,0.024297,1,0.001869,1,130.245074546405,1,4.86778973255205,216,1,18.7759990692139,36.4889984130859,0.0242970008403063,0.0086552482098341,125.594596862793,-87.9618,25.7981,91.4820600374547,63,63,63,63,61,63,0.001869,8045,1.29563008188212,26,-88,0.001869,51,2025-11-08 00:53:05.000077,216,1.037,0.0011,"aoml_navis",1027.16022562845
"7901009",92,0.00577016550058785,1,0.029904,1,0.007476,1,130.835040700062,1,4.86770037895733,218,1,18.7159996032715,36.4819984436035,0.0299040004611015,0.0129828732460737,126.163497924805,-87.9618,25.7981,91.4820600374547,63,63,63,63,61,63,0.007476,8045,1.29563008188212,26,-88,0.001869,51,2025-11-08 00:53:05.000077,218,1.037,0.0011,"aoml_navis",1027.17908062185
"7901009",92,-0.00144254137514696,1,0.020559,1,-0.001869,1,131.40354188698,1,4.86758555187305,220,1,18.6350002288818,36.4749984741211,0.020558999851346,0.00577016547322273,126.711700439453,-87.9618,25.7981,91.4820600374547,63,63,63,63,61,63,-0.001869,8045,1.29563008188212,26,-88,0.001869,51,2025-11-08 00:53:05.000077,220,1.037,0.0011,"aoml_navis",1027.20331193275
"7901009",92,0,1,0.022428,1,0,1,131.350548025121,1,4.86749649402314,222,1,18.57200050354,36.4669990539551,0.0224280003458261,0.0072127073071897,126.660598754883,-87.9618,25.7981,91.4820600374547,63,63,63,63,61,63,0,8045,1.29563008188212,26,-88,0.001869,51,2025-11-08 00:53:05.000077,222,1.037,0.0011,"aoml_navis",1027.2221060949
"7901009",92,0.00288508275029393,1,0.026166,1,0.003738,1,131.130178058812,1,4.86743559108701,224,1,18.5410003662109,36.4620018005371,0.0261659994721413,0.0100977895781398,126.448097229004,-87.9618,25.7981,91.4820600374547,63,63,63,63,61,63,0.003738,8045,1.29563008188212,26,-88,0.001869,51,2025-11-08 00:53:05.000077,224,1.037,0.0011,"aoml_navis",1027.23495903176
"7901009",92,-0.00144254137514696,1,0.020559,1,-0.001869,1,130.800616051966,1,4.86737838100383,226,1,18.5130004882812,36.4570007324219,0.020558999851346,0.00577016547322273,126.130302429199,-87.9618,25.7981,91.4820600374547,63,63,63,63,61,63,-0.001869,8045,1.29563008188212,26,-88,0.001869,51,2025-11-08 00:53:05.000077,226,1.037,0.0011,"aoml_navis",1027.24703292305
"7901009",92,0.00144254137514696,1,0.024297,1,0.001869,1,130.591132850948,1,4.86730416183724,228,1,18.4619998931885,36.4490013122559,0.0242970008403063,0.0086552482098341,125.928298950195,-87.9618,25.7981,91.4820600374547,63,63,63,63,61,63,0.001869,8045,1.29563008188212,26,-88,0.001869,51,2025-11-08 00:53:05.000077,228,1.037,0.0011,"aoml_navis",1027.26269691612
"7901009",92,-0.00288508275029393,1,0.01869,1,-0.003738,1,130.433298489912,1,4.86722762615947,230,1,18.4060001373291,36.439998626709,0.0186899993568659,0.00432762410491705,125.776100158691,-87.9618,25.7981,91.4820600374547,63,63,63,63,61,63,-0.003738,8045,1.29563008188212,26,-88,0.001869,51,2025-11-08 00:53:05.000077,230,1.037,0.0011,"aoml_navis",1027.27885031038
"7901009",92,-0.00432762412544089,1,0.016821,1,-0.005607,1,130.47882352442,1,4.86712223102581,232,1,18.3139991760254,36.4269981384277,0.0168210007250309,0.00288508273661137,125.819999694824,-87.9618,25.7981,91.4820600374547,63,63,63,63,61,63,-0.005607,8045,1.29563008188212,26,-88,0.001869,51,2025-11-08 00:53:05.000077,232,1.037,0.0011,"aoml_navis",1027.30109552769
"7901009",92,-0.00288508275029393,1,0.01869,1,-0.003738,1,130.314351084839,1,4.86703395448946,234,1,18.2509994506836,36.4189987182617,0.0186899993568659,0.00432762410491705,125.661399841309,-87.9618,25.7981,91.4820600374547,63,63,63,63,61,63,-0.003738,8045,1.29563008188212,26,-88,0.001869,51,2025-11-08 00:53:05.000077,234,1.037,0.0011,"aoml_navis",1027.31972835075
"7901009",92,-0.00288508275029393,1,0.01869,1,-0.003738,1,130.072721861018,1,4.86695069061279,236,1,18.1830005645752,36.4080009460449,0.0186899993568659,0.00432762410491705,125.428398132324,-87.9618,25.7981,91.4820600374547,63,63,63,63,61,63,-0.003738,8045,1.29563008188212,26,-88,0.001869,51,2025-11-08 00:53:05.000077,236,1.037,0.0011,"aoml_navis",1027.33730375445
"7901009",92,-0.00144254137514696,1,0.020559,1,-0.001869,1,129.788471267559,1,4.86686764630127,238,1,18.1119995117188,36.3959999084473,0.020558999851346,0.00577016547322273,125.154296875,-87.9618,25.7981,91.4820600374547,63,63,63,63,61,63,-0.001869,8045,1.29563008188212,26,-88,0.001869,51,2025-11-08 00:53:05.000077,238,1.037,0.0011,"aoml_navis",1027.35483341116
"7901009",92,-0.00144254137514696,1,0.020559,1,-0.001869,1,129.387037621251,1,4.86675372911968,240,1,18.0149993896484,36.3839988708496,0.020558999851346,0.00577016547322273,124.767196655273,-87.9618,25.7981,91.4820600374547,63,63,63,63,61,63,-0.001869,8045,1.29563008188212,26,-88,0.001869,51,2025-11-08 00:53:05.000077,240,1.037,0.0011,"aoml_navis",1027.37888093311
"7901009",92,-0.00432762412544089,1,0.016821,1,-0.005607,1,129.11813610095,1,4.86665219848306,242,1,17.9220008850098,36.3699989318848,0.0168210007250309,0.00288508273661137,124.50789642334,-87.9618,25.7981,91.4820600374547,63,63,63,63,61,63,-0.005607,8045,1.29563008188212,26,-88,0.001869,51,2025-11-08 00:53:05.000077,242,1.037,0.0011,"aoml_navis",1027.4003146472
"7901009",92,-0.00432762412544089,1,0.016821,1,-0.005607,1,129.111917352753,1,4.86654507673484,244,1,17.8239994049072,36.3559989929199,0.0168210007250309,0.00288508273661137,124.501899719238,-87.9618,25.7981,91.4820600374547,63,63,63,63,61,63,-0.005607,8045,1.29563008188212,26,-88,0.001869,51,2025-11-08 00:53:05.000077,244,1.037,0.0011,"aoml_navis",1027.42292964739
"7901009",92,0,1,0.022428,1,0,1,129.6061654203,1,4.86646407795266,246,1,17.7600002288818,36.3460006713867,0.0224280003458261,0.0072127073071897,124.978500366211,-87.9618,25.7981,91.4820600374547,63,63,63,63,61,63,0,8045,1.29563008188212,26,-88,0.001869,51,2025-11-08 00:53:05.000077,246,1.037,0.0011,"aoml_navis",1027.44003036051
"7901009",92,0,1,0.022428,1,0,1,129.628769699687,1,4.86637819928076,248,1,17.7040004730225,36.3400001525879,0.0224280003458261,0.0072127073071897,125.000297546387,-87.9618,25.7981,91.4820600374547,63,63,63,63,61,63,0,8045,1.29563008188212,26,-88,0.001869,51,2025-11-08 00:53:05.000077,248,1.037,0.0011,"aoml_navis",1027.45816195276
"7901009",92,0,1,0.022428,1,0,1,129.086615117724,1,4.86631840837807,250,1,17.6700000762939,36.3339996337891,0.0224280003458261,0.0072127073071897,124.477500915527,-87.9618,25.7981,91.4820600374547,63,63,63,63,61,63,0,8045,1.29563008188212,26,-88,0.001869,51,2025-11-08 00:53:05.000077,250,1.037,0.0011,"aoml_navis",1027.4707860036
"7901009",92,0,1,0.022428,1,0,1,129.32792786581,1,4.86626228503273,252,1,17.6359996795654,36.3269996643066,0.0224280003458261,0.0072127073071897,124.71019744873,-87.9618,25.7981,91.4820600374547,63,63,63,63,61,63,0,8045,1.29563008188212,26,-88,0.001869,51,2025-11-08 00:53:05.000077,252,1.037,0.0011,"aoml_navis",1027.48263598093
"7901009",92,-0.00144254137514696,1,0.020559,1,-0.001869,1,130.94973941839,1,4.86617243575428,254,1,17.5610008239746,36.3160018920898,0.020558999851346,0.00577016547322273,126.274101257324,-87.9618,25.7981,91.4820600374547,63,63,63,63,61,63,-0.001869,8045,1.29563008188212,26,-88,0.001869,51,2025-11-08 00:53:05.000077,254,1.037,0.0011,"aoml_navis",1027.50160747745
"7901009",92,-0.00432762412544089,1,0.016821,1,-0.005607,1,133.428021341235,1,4.86607205177462,256,1,17.4829998016357,36.306999206543,0.0168210007250309,0.00288508273661137,128.66389465332,-87.9618,25.7981,91.4820600374547,63,63,63,63,61,63,-0.005607,8045,1.29563008188212,26,-88,0.001869,51,2025-11-08 00:53:05.000077,256,1.037,0.0011,"aoml_navis",1027.52280418383
"7901009",92,0,1,0.022428,1,0,1,136.523755335338,1,4.86599590968414,258,1,17.4409999847412,36.3030014038086,0.0224280003458261,0.0072127073071897,131.64909362793,-87.9618,25.7981,91.4820600374547,63,63,63,63,61,63,0,8045,1.29563008188212,26,-88,0.001869,51,2025-11-08 00:53:05.000077,258,1.037,0.0011,"aoml_navis",1027.53888264665
"7901009",92,-0.00288508275029393,1,0.01869,1,-0.003738,1,139.025796674003,1,4.86589789289111,260.100006103516,1,17.3819999694824,36.298999786377,0.0186899993568659,0.00432762410491705,134.061798095703,-87.9618,25.7981,91.4820600374547,63,63,63,63,61,63,-0.003738,8045,1.29563008188212,26,-88,0.001869,51,2025-11-08 00:53:05.000077,260.100006103516,1.037,0.0011,"aoml_navis",1027.55958099836
"7901009",92,0,1,0.022428,1,0,1,139.510194434292,1,4.86583904607054,262,1,17.3560009002686,36.2960014343262,0.0224280003458261,0.0072127073071897,134.528900146484,-87.9618,25.7981,91.4820600374547,63,63,63,63,61,63,0,8045,1.29563008188212,26,-88,0.001869,51,2025-11-08 00:53:05.000077,262,1.037,0.0011,"aoml_navis",1027.57200816945
"7901009",92,0,1,0.016821,1,-0.005607,1,139.6396171862,1,4.86578283472485,264,1,17.3339996337891,36.2929992675781,0.0168210007250309,0.00288508273661137,134.653701782227,-87.9618,25.7981,91.4820600374547,63,63,63,63,61,63,0,8045,1.29563008188212,26,-88,0.001869,51,2025-11-08 00:53:05.000077,264,1.037,0.0011,"aoml_navis",1027.58387906614
"7901009",92,0,1,0.016821,1,-0.005607,1,139.470271020297,1,4.86573039366296,266,1,17.3090000152588,36.2879981994629,0.0168210007250309,0.00288508273661137,134.49040222168,-87.9618,25.7981,91.4820600374547,63,63,63,63,61,63,0,8045,1.29563008188212,26,-88,0.001869,51,2025-11-08 00:53:05.000077,266,1.037,0.0011,"aoml_navis",1027.59495398921
"7901009",92,0,1,0.016821,1,-0.005607,1,139.087398675858,1,4.8656573942649,268,1,17.2569999694824,36.2799987792969,0.0168210007250309,0.00288508273661137,134.121200561523,-87.9618,25.7981,91.4820600374547,63,63,63,63,61,63,0,8045,1.29563008188212,26,-88,0.001869,51,2025-11-08 00:53:05.000077,268,1.037,0.0011,"aoml_navis",1027.61037098367
"7901009",92,0,1,0.014952,1,-0.007476,1,138.556542277642,1,4.86556778851775,270,1,17.1749992370605,36.2669982910156,0.0149520002305508,0.00144254136830568,133.609298706055,-87.9618,25.7981,91.4820600374547,63,63,63,63,61,63,0,8045,1.29563008188212,26,-88,0.001869,51,2025-11-08 00:53:05.000077,270,1.037,0.0011,"aoml_navis",1027.62929576267
"7901009",92,0,1,0.016821,1,-0.005607,1,137.652466044911,1,4.86550216737583,272,1,17.1259994506836,36.257999420166,0.0168210007250309,0.00288508273661137,132.737503051758,-87.9618,25.7981,91.4820600374547,63,63,63,63,61,63,0,8045,1.29563008188212,26,-88,0.001869,51,2025-11-08 00:53:05.000077,272,1.037,0.0011,"aoml_navis",1027.64315542309
"7901009",92,0,1,0.016821,1,-0.005607,1,136.974147777881,1,4.86539912560679,274,1,17.0319995880127,36.2449989318848,0.0168210007250309,0.00288508273661137,132.083404541016,-87.9618,25.7981,91.4820600374547,63,63,63,63,61,63,0,8045,1.29563008188212,26,-88,0.001869,51,2025-11-08 00:53:05.000077,274,1.037,0.0011,"aoml_navis",1027.66491934543
"7901009",92,0,1,0.016821,1,-0.005607,1,135.875407320431,1,4.86534399964665,276,1,16.9950008392334,36.2369995117188,0.0168210007250309,0.00288508273661137,131.023895263672,-87.9618,25.7981,91.4820600374547,63,63,63,63,61,63,0,8045,1.29563008188212,26,-88,0.001869,51,2025-11-08 00:53:05.000077,276,1.037,0.0011,"aoml_navis",1027.67656312958
"7901009",92,0,1,0.016821,1,-0.005607,1,134.617400449245,1,4.86525755760257,278,1,16.9150009155273,36.2239990234375,0.0168210007250309,0.00288508273661137,129.810806274414,-87.9618,25.7981,91.4820600374547,63,63,63,63,61,63,0,8045,1.29563008188212,26,-88,0.001869,51,2025-11-08 00:53:05.000077,278,1.037,0.0011,"aoml_navis",1027.69482207306
"7901009",92,0,1,0.016821,1,-0.005607,1,134.20403566772,1,4.86515148265991,280,1,16.8050003051758,36.2070007324219,0.0168210007250309,0.00288508273661137,129.412200927734,-87.9618,25.7981,91.4820600374547,63,63,63,63,61,63,0,8045,1.29563008188212,26,-88,0.001869,51,2025-11-08 00:53:05.000077,280,1.037,0.0011,"aoml_navis",1027.71722891275
"7901009",92,0,1,0.016821,1,-0.005607,1,134.210982310107,1,4.86509156139186,282,1,16.753999710083,36.1959991455078,0.0168210007250309,0.00288508273661137,129.418899536133,-87.9618,25.7981,91.4820600374547,63,63,63,63,61,63,0,8045,1.29563008188212,26,-88,0.001869,51,2025-11-08 00:53:05.000077,282,1.037,0.0011,"aoml_navis",1027.7298868697
"7901009",92,0,1,0.014952,1,-0.007476,1,133.87488507933,1,4.86500133875568,284,1,16.6700000762939,36.1829986572266,0.0149520002305508,0.00144254136830568,129.094802856445,-87.9618,25.7981,91.4820600374547,63,63,63,63,61,63,0,8045,1.29563008188212,26,-88,0.001869,51,2025-11-08 00:53:05.000077,284,1.037,0.0011,"aoml_navis",1027.74894637107
"7901009",92,0,1,0.020559,1,-0.001869,1,133.133414079342,1,4.86489614628409,286,1,16.5629997253418,36.1669998168945,0.020558999851346,0.00577016547322273,128.379806518555,-87.9618,25.7981,91.4820600374547,63,63,63,63,61,63,0,8045,1.29563008188212,26,-88,0.001869,51,2025-11-08 00:53:05.000077,286,1.037,0.0011,"aoml_navis",1027.77116913772
"7901009",92,0,1,0.024297,1,0.001869,1,132.552673193366,1,4.86480727405145,288,1,16.4699993133545,36.1510009765625,0.0242970008403063,0.0086552482098341,127.819801330566,-87.9618,25.7981,91.4820600374547,63,63,63,63,61,63,0,8045,1.29563008188212,26,-88,0.001869,51,2025-11-08 00:53:05.000077,288,1.037,0.0011,"aoml_navis",1027.78994486989
"7901009",92,0,1,0.01869,1,-0.003738,1,132.393691607791,1,4.86471778317702,290,1,16.3889999389648,36.1389999389648,0.0186899993568659,0.00432762410491705,127.666496276855,-87.9618,25.7981,91.4820600374547,63,63,63,63,61,63,0,8045,1.29563008188212,26,-88,0.001869,51,2025-11-08 00:53:05.000077,290,1.037,0.0011,"aoml_navis",1027.80885199359
"7901009",92,0,1,0.016821,1,-0.005607,1,131.981687671927,1,4.86464781063207,292,1,16.3379993438721,36.1310005187988,0.0168210007250309,0.00288508273661137,127.269203186035,-87.9618,25.7981,91.4820600374547,63,63,63,63,61,63,0,8045,1.29563008188212,26,-88,0.001869,51,2025-11-08 00:53:05.000077,292,1.037,0.0011,"aoml_navis",1027.82363588009
"7901009",92,0,1,0.016821,1,-0.005607,1,131.378033942723,1,4.86458547382813,294,1,16.2840003967285,36.1199989318848,0.0168210007250309,0.00288508273661137,126.687103271484,-87.9618,25.7981,91.4820600374547,63,63,63,63,61,63,0,8045,1.29563008188212,26,-88,0.001869,51,2025-11-08 00:53:05.000077,294,1.037,0.0011,"aoml_navis",1027.83680683594
"7901009",92,0,1,0.01869,1,-0.003738,1,130.557119621307,1,4.86450950688908,296,1,16.2210006713867,36.1100006103516,0.0186899993568659,0.00432762410491705,125.895500183105,-87.9618,25.7981,91.4820600374547,63,63,63,63,61,63,0,8045,1.29563008188212,26,-88,0.001869,51,2025-11-08 00:53:05.000077,296,1.037,0.0011,"aoml_navis",1027.85285811839
"7901009",92,0,1,0.020559,1,-0.001869,1,129.614354229949,1,4.86443286465595,298,1,16.1539993286133,36.0989990234375,0.020558999851346,0.00577016547322273,124.986396789551,-87.9618,25.7981,91.4820600374547,63,63,63,63,61,63,0,8045,1.29563008188212,26,-88,0.001869,51,2025-11-08 00:53:05.000077,298,1.037,0.0011,"aoml_navis",1027.86905259379
"7901009",92,0,1,0.016821,1,-0.005607,1,129.061930010379,1,4.86432518586978,300,1,16.0459995269775,36.0839996337891,0.0168210007250309,0.00288508273661137,124.45369720459,-87.9618,25.7981,91.4820600374547,63,63,63,63,61,63,0,8045,1.29563008188212,26,-88,0.001869,51,2025-11-08 00:53:05.000077,300,1.037,0.0011,"aoml_navis",1027.89180594347
"7901009",92,0,1,0.01869,1,-0.003738,1,128.55316361848,1,4.86425295144773,302,1,15.9759998321533,36.0709991455078,0.0186899993568659,0.00432762410491705,123.963096618652,-87.9618,25.7981,91.4820600374547,63,63,63,63,61,63,0,8045,1.29563008188212,26,-88,0.001869,51,2025-11-08 00:53:05.000077,302,1.037,0.0011,"aoml_navis",1027.90707019294
"7901009",92,0,1,0.020559,1,-0.001869,1,127.76606472937,1,4.86418202587988,304,1,15.9069995880127,36.0579986572266,0.020558999851346,0.00577016547322273,123.2041015625,-87.9618,25.7981,91.4820600374547,63,63,63,63,61,63,0,8045,1.29563008188212,26,-88,0.001869,51,2025-11-08 00:53:05.000077,304,1.037,0.0011,"aoml_navis",1027.9220583024
"7901009",92,0,1,0.01869,1,-0.003738,1,127.295876729591,1,4.86406005545709,306,1,15.7620000839233,36.0359992980957,0.0186899993568659,0.00432762410491705,122.750701904297,-87.9618,25.7981,91.4820600374547,63,63,63,63,61,63,0,8045,1.29563008188212,26,-88,0.001869,51,2025-11-08 00:53:05.000077,306,1.037,0.0011,"aoml_navis",1027.94783431804
"7901009",92,0,1,0.016821,1,-0.005607,1,127.352288529389,1,4.86396799515158,308,1,15.6599998474121,36.0190010070801,0.0168210007250309,0.00288508273661137,122.805099487305,-87.9618,25.7981,91.4820600374547,63,63,63,63,61,63,0,8045,1.29563008188212,26,-88,0.001869,51,2025-11-08 00:53:05.000077,308,1.037,0.0011,"aoml_navis",1027.96729028316
"7901009",92,0,1,0.016821,1,-0.005607,1,127.833466149073,1,4.86388298397978,310,1,15.5740003585815,36.0050010681152,0.0168210007250309,0.00288508273661137,123.269096374512,-87.9618,25.7981,91.4820600374547,63,63,63,63,61,63,0,8045,1.29563008188212,26,-88,0.001869,51,2025-11-08 00:53:05.000077,310,1.037,0.0011,"aoml_navis",1027.98525714302
"7901009",92,0,1,0.01869,1,-0.003738,1,128.447492370498,1,4.86381833362548,312,1,15.5229997634888,35.9959983825684,0.0186899993568659,0.00432762410491705,123.861198425293,-87.9618,25.7981,91.4820600374547,63,63,63,63,61,63,0,8045,1.29563008188212,26,-88,0.001869,51,2025-11-08 00:53:05.000077,312,1.037,0.0011,"aoml_navis",1027.99892122472
"7901009",92,0,1,0.020559,1,-0.001869,1,128.869251670899,1,4.86374977393422,314,1,15.4650001525879,35.9860000610352,0.020558999851346,0.00577016547322273,124.26789855957,-87.9618,25.7981,91.4820600374547,63,63,63,63,61,63,0,8045,1.29563008188212,26,-88,0.001869,51,2025-11-08 00:53:05.000077,314,1.037,0.0011,"aoml_navis",1028.01341195552
"7901009",92,0,1,0.01869,1,-0.003738,1,129.378745956989,1,4.86368241693176,316,1,15.4180002212524,35.9790000915527,0.0186899993568659,0.00432762410491705,124.759201049805,-87.9618,25.7981,91.4820600374547,63,63,63,63,61,63,0,8045,1.29563008188212,26,-88,0.001869,51,2025-11-08 00:53:05.000077,316,1.037,0.0011,"aoml_navis",1028.02764888466
"7901009",92,0,1,0.014952,1,-0.007476,1,130.130178030743,1,4.86358166743944,318,1,15.3100004196167,35.9630012512207,0.0149520002305508,0.00144254136830568,125.48380279541,-87.9618,25.7981,91.4820600374547,63,63,63,63,61,63,0,8045,1.29563008188212,26,-88,0.001869,51,2025-11-08 00:53:05.000077,318,1.037,0.0011,"aoml_navis",1028.04894456155
"7901009",92,0,1,0.01869,1,-0.003738,1,130.245493876754,1,4.86351893269251,320,1,15.2670001983643,35.9560012817383,0.0186899993568659,0.00432762410491705,125.595001220703,-87.9618,25.7981,91.4820600374547,63,63,63,63,61,63,0,8045,1.29563008188212,26,-88,0.001869,51,2025-11-08 00:53:05.000077,320,1.037,0.0011,"aoml_navis",1028.06220541059
"7901009",92,0,1,0.013083,1,-0.009345,1,130.081227146401,1,4.86346128157243,322,1,15.2320003509521,35.9500007629395,0.0130829997360706,0,125.436599731445,-87.9618,25.7981,91.4820600374547,63,63,63,63,61,63,0,8045,1.29563008188212,26,-88,0.001869,51,2025-11-08 00:53:05.000077,322,1.037,0.0011,"aoml_navis",1028.07439198599
"7901009",92,0,1,0.01869,1,-0.003738,1,129.711425249826,1,4.86341083898567,324,1,15.2069997787476,35.9449996948242,0.0186899993568659,0.00432762410491705,125.080001831055,-87.9618,25.7981,91.4820600374547,63,63,63,63,61,63,0,8045,1.29563008188212,26,-88,0.001869,51,2025-11-08 00:53:05.000077,324,1.037,0.0011,"aoml_navis",1028.0850550234
"7901009",92,0,1,0.01869,1,-0.003738,1,129.235841338762,1,4.86334719855187,326,1,15.1630001068115,35.9379997253418,0.0186899993568659,0.00432762410491705,124.621398925781,-87.9618,25.7981,91.4820600374547,63,63,63,63,61,63,0,8045,1.29563008188212,26,-88,0.001869,51,2025-11-08 00:53:05.000077,326,1.037,0.0011,"aoml_navis",1028.09850826378
"7901009",92,0,1,0.020559,1,-0.001869,1,128.823101596814,1,4.86329023898879,328,1,15.1149997711182,35.9280014038086,0.020558999851346,0.00577016547322273,124.22339630127,-87.9618,25.7981,91.4820600374547,63,63,63,63,61,63,0,8045,1.29563008188212,26,-88,0.001869,51,2025-11-08 00:53:05.000077,328,1.037,0.0011,"aoml_navis",1028.11054950314
"7901009",92,0,1,0.020559,1,-0.001869,1,128.219345012996,1,4.86322198795662,330,1,15.0530004501343,35.9169998168945,0.020558999851346,0.00577016547322273,123.64119720459,-87.9618,25.7981,91.4820600374547,63,63,63,63,61,63,0,8045,1.29563008188212,26,-88,0.001869,51,2025-11-08 00:53:05.000077,330,1.037,0.0011,"aoml_navis",1028.1249781281
"7901009",92,0,1,0.016821,1,-0.005607,1,127.760874527312,1,4.86311750989441,332,1,14.9399995803833,35.9010009765625,0.0168210007250309,0.00288508273661137,123.199096679688,-87.9618,25.7981,91.4820600374547,63,63,63,63,61,63,0,8045,1.29563008188212,26,-88,0.001869,51,2025-11-08 00:53:05.000077,332,1.037,0.0011,"aoml_navis",1028.14706612108
"7901009",92,0,1,0.01869,1,-0.003738,1,127.215404862024,1,4.86304713506219,334,1,14.878999710083,35.890998840332,0.0186899993568659,0.00432762410491705,122.67310333252,-87.9618,25.7981,91.4820600374547,63,63,63,63,61,63,0,8045,1.29563008188212,26,-88,0.001869,51,2025-11-08 00:53:05.000077,334,1.037,0.0011,"aoml_navis",1028.16194479185
"7901009",92,0,1,0.016821,1,-0.005607,1,126.732454978223,1,4.86297645165967,336,1,14.8210000991821,35.8819999694824,0.0168210007250309,0.00288508273661137,122.207397460938,-87.9618,25.7981,91.4820600374547,63,63,63,63,61,63,0,8045,1.29563008188212,26,-88,0.001869,51,2025-11-08 00:53:05.000077,336,1.037,0.0011,"aoml_navis",1028.17688913414
"7901009",92,0,1,0.020559,1,-0.001869,1,125.956970748595,1,4.86291880372097,338,1,14.7819995880127,35.875,0.020558999851346,0.00577016547322273,121.459602355957,-87.9618,25.7981,91.4820600374547,63,63,63,63,61,63,0,8045,1.29563008188212,26,-88,0.001869,51,2025-11-08 00:53:05.000077,338,1.037,0.0011,"aoml_navis",1028.18907775596
"7901009",92,0,1,0.020559,1,-0.001869,1,125.171208969466,1,4.86284986658822,340,1,14.7220001220703,35.8650016784668,0.020558999851346,0.00577016547322273,120.70189666748,-87.9618,25.7981,91.4820600374547,63,63,63,63,61,63,0,8045,1.29563008188212,26,-88,0.001869,51,2025-11-08 00:53:05.000077,340,1.037,0.0011,"aoml_navis",1028.20365365464
"7901009",92,0,1,0.020559,1,-0.001869,1,124.442491941606,1,4.86277698323448,342,1,14.664999961853,35.8569984436035,0.020558999851346,0.00577016547322273,119.999198913574,-87.9618,25.7981,91.4820600374547,63,63,63,63,61,63,0,8045,1.29563008188212,26,-88,0.001869,51,2025-11-08 00:53:05.000077,342,1.037,0.0011,"aoml_navis",1028.21906438207
"7901009",92,0,1,0.01869,1,-0.003738,1,123.240683249097,1,4.86272014841524,344,1,14.6300001144409,35.851001739502,0.0186899993568659,0.00432762410491705,118.840301513672,-87.9618,25.7981,91.4820600374547,63,63,63,63,61,63,0,8045,1.29563008188212,26,-88,0.001869,51,2025-11-08 00:53:05.000077,344,1.037,0.0011,"aoml_navis",1028.23108206823
"7901009",92,0,1,0.020559,1,-0.001869,1,122.036793728628,1,4.86264852958834,346,1,14.5740003585815,35.8429985046387,0.020558999851346,0.00577016547322273,117.679397583008,-87.9618,25.7981,91.4820600374547,63,63,63,63,61,63,0,8045,1.29563008188212,26,-88,0.001869,51,2025-11-08 00:53:05.000077,346,1.037,0.0011,"aoml_navis",1028.2462262234
"7901009",92,0,1,0.020559,1,-0.001869,1,120.859456522343,1,4.86258340172248,348,1,14.5310001373291,35.8370018005371,0.020558999851346,0.00577016547322273,116.544097900391,-87.9618,25.7981,91.4820600374547,63,63,63,63,61,63,0,8045,1.29563008188212,26,-88,0.001869,51,2025-11-08 00:53:05.000077,348,1.037,0.0011,"aoml_navis",1028.25999822005
"7901009",92,0,1,0.020559,1,-0.001869,1,120.635668618093,1,4.86249565021235,350,1,14.4490003585815,35.826000213623,0.020558999851346,0.00577016547322273,116.328300476074,-87.9618,25.7981,91.4820600374547,63,63,63,63,61,63,0,8045,1.29563008188212,26,-88,0.001869,51,2025-11-08 00:53:05.000077,350,1.037,0.0011,"aoml_navis",1028.27855481612
"7901009",92,0,1,0.022428,1,0,1,119.706076529212,1,4.86244012682496,352,1,14.4079999923706,35.818000793457,0.0224280003458261,0.0072127073071897,115.431900024414,-87.9618,25.7981,91.4820600374547,63,63,63,63,61,63,0,8045,1.29563008188212,26,-88,0.001869,51,2025-11-08 00:53:05.000077,352,1.037,0.0011,"aoml_navis",1028.29029655628
"7901009",92,0,1,0.024297,1,0.001869,1,118.113309537229,1,4.86237735516129,354,1,14.3599996566772,35.810001373291,0.0242970008403063,0.0086552482098341,113.896003723145,-87.9618,25.7981,91.4820600374547,63,63,63,63,61,63,0,8045,1.29563008188212,26,-88,0.001869,51,2025-11-08 00:53:05.000077,354,1.037,0.0011,"aoml_navis",1028.30357143973
"7901009",92,0,1,0.022428,1,0,1,116.200197894189,1,4.86229434766457,356,1,14.2819995880127,35.798999786377,0.0224280003458261,0.0072127073071897,112.051200866699,-87.9618,25.7981,91.4820600374547,63,63,63,63,61,63,0,8045,1.29563008188212,26,-88,0.001869,51,2025-11-08 00:53:05.000077,356,1.037,0.0011,"aoml_navis",1028.32112630153
"7901009",92,0,1,0.020559,1,-0.001869,1,114.848537941065,1,4.86222246055909,358,1,14.2320003509521,35.7929992675781,0.020558999851346,0.00577016547322273,110.747802734375,-87.9618,25.7981,91.4820600374547,63,63,63,63,61,63,0,8045,1.29563008188212,26,-88,0.001869,51,2025-11-08 00:53:05.000077,358,1.037,0.0011,"aoml_navis",1028.33632984886
"7901009",92,0,1,0.022428,1,0,1,114.262511910311,1,4.86216001097486,360,1,14.1909999847412,35.7869987487793,0.0224280003458261,0.0072127073071897,110.18270111084,-87.9618,25.7981,91.4820600374547,63,63,63,63,61,63,0,8045,1.29563008188212,26,-88,0.001869,51,2025-11-08 00:53:05.000077,360,1.037,0.0011,"aoml_navis",1028.3495378009
"7901009",92,0,1,0.020559,1,-0.001869,1,114.041311195197,1,4.86209351747217,362,1,14.1389999389648,35.7789993286133,0.020558999851346,0.00577016547322273,109.969398498535,-87.9618,25.7981,91.4820600374547,63,63,63,63,61,63,0,8045,1.29563008188212,26,-88,0.001869,51,2025-11-08 00:53:05.000077,362,1.037,0.0011,"aoml_navis",1028.36360140591
"7901009",92,0,1,0.01869,1,-0.003738,1,113.974946233526,1,4.86202245821585,364,1,14.0860004425049,35.7719993591309,0.0186899993568659,0.00432762410491705,109.905403137207,-87.9618,25.7981,91.4820600374547,63,63,63,63,61,63,0,8045,1.29563008188212,26,-88,0.001869,51,2025-11-08 00:53:05.000077,364,1.037,0.0011,"aoml_navis",1028.37863110875
"7901009",92,0,1,0.022428,1,0,1,113.927134661832,1,4.86197111297232,366,1,14.0520000457764,35.7649993896484,0.0224280003458261,0.0072127073071897,109.859298706055,-87.9618,25.7981,91.4820600374547,63,63,63,63,61,63,0,8045,1.29563008188212,26,-88,0.001869,51,2025-11-08 00:53:05.000077,366,1.037,0.0011,"aoml_navis",1028.38949138538
"7901009",92,0,1,0.016821,1,-0.005607,1,113.771476071476,1,4.86192441742202,368,1,14.0260000228882,35.7589988708496,0.0168210007250309,0.00288508273661137,109.709197998047,-87.9618,25.7981,91.4820600374547,63,63,63,63,61,63,0,8045,1.29563008188212,26,-88,0.001869,51,2025-11-08 00:53:05.000077,368,1.037,0.0011,"aoml_navis",1028.39936838245
"7901009",92,0,1,0.020559,1,-0.001869,1,113.576099776354,1,4.86186079880435,370,1,13.9799995422363,35.7519989013672,0.020558999851346,0.00577016547322273,109.520797729492,-87.9618,25.7981,91.4820600374547,63,63,63,63,61,63,0,8045,1.29563008188212,26,-88,0.001869,51,2025-11-08 00:53:05.000077,370,1.037,0.0011,"aoml_navis",1028.41282523548
"7901009",92,0,1,0.022428,1,0,1,113.45300653915,1,4.86178607026315,372,1,13.9160003662109,35.7430000305176,0.0224280003458261,0.0072127073071897,109.402099609375,-87.9618,25.7981,91.4820600374547,63,63,63,63,61,63,0,8045,1.29563008188212,26,-88,0.001869,51,2025-11-08 00:53:05.000077,372,1.037,0.0011,"aoml_navis",1028.42863255178
"7901009",92,0,1,0.022428,1,0,1,113.337896402366,1,4.86173039788644,374,1,13.8739995956421,35.7350006103516,0.0224280003458261,0.0072127073071897,109.29109954834,-87.9618,25.7981,91.4820600374547,63,63,63,63,61,63,0,8045,1.29563008188212,26,-88,0.001869,51,2025-11-08 00:53:05.000077,374,1.037,0.0011,"aoml_navis",1028.44040923653
"7901009",92,0,1,0.024297,1,0.001869,1,113.339660754589,1,4.86166603928739,376,1,13.8269996643066,35.7280006408691,0.0242970008403063,0.0086552482098341,109.29280090332,-87.9618,25.7981,91.4820600374547,63,63,63,63,61,63,0,8045,1.29563008188212,26,-88,0.001869,51,2025-11-08 00:53:05.000077,376,1.037,0.0011,"aoml_navis",1028.4540237019
"7901009",92,0,1,0.022428,1,0,1,113.929935472088,1,4.86159214797705,378,1,13.7670001983643,35.7200012207031,0.0224280003458261,0.0072127073071897,109.861999511719,-87.9618,25.7981,91.4820600374547,63,63,63,63,61,63,0,8045,1.29563008188212,26,-88,0.001869,51,2025-11-08 00:53:05.000077,378,1.037,0.0011,"aoml_navis",1028.46965516853
"7901009",92,0,1,0.020559,1,-0.001869,1,113.611260230534,1,4.86152748321905,380,1,13.6979999542236,35.7070007324219,0.020558999851346,0.00577016547322273,109.554702758789,-87.9618,25.7981,91.4820600374547,63,63,63,63,61,63,0,8045,1.29563008188212,26,-88,0.001869,51,2025-11-08 00:53:05.000077,380,1.037,0.0011,"aoml_navis",1028.48333517787
"7901009",92,0,1,0.024297,1,0.001869,1,112.245074041164,1,4.86146244613134,382,1,13.6499996185303,35.7000007629395,0.0242970008403063,0.0086552482098341,108.237297058105,-87.9618,25.7981,91.4820600374547,63,63,63,63,61,63,0,8045,1.29563008188212,26,-88,0.001869,51,2025-11-08 00:53:05.000077,382,1.037,0.0011,"aoml_navis",1028.49709432167
"7901009",92,0,1,0.022428,1,0,1,111.576606081392,1,4.86140297865592,384,1,13.6110000610352,35.6940002441406,0.0224280003458261,0.0072127073071897,107.592697143555,-87.9618,25.7981,91.4820600374547,63,63,63,63,61,63,0,8045,1.29563008188212,26,-88,0.001869,51,2025-11-08 00:53:05.000077,384,1.037,0.0011,"aoml_navis",1028.50967548928
"7901009",92,0,1,0.01869,1,-0.003738,1,111.569659439004,1,4.8613405352536,386,1,13.5690002441406,35.6879997253418,0.0186899993568659,0.00432762410491705,107.585998535156,-87.9618,25.7981,91.4820600374547,63,63,63,63,61,63,0,8045,1.29563008188212,26,-88,0.001869,51,2025-11-08 00:53:05.000077,386,1.037,0.0011,"aoml_navis",1028.52288658671
"7901009",92,0,1,0.020559,1,-0.001869,1,111.836693752469,1,4.8612576620972,388,1,13.4849996566772,35.6759986877441,0.020558999851346,0.00577016547322273,107.84349822998,-87.9618,25.7981,91.4820600374547,63,63,63,63,61,63,0,8045,1.29563008188212,26,-88,0.001869,51,2025-11-08 00:53:05.000077,388,1.037,0.0011,"aoml_navis",1028.54042051393
"7901009",92,0,1,0.022428,1,0,1,112.115762055763,1,4.86121355861854,390,1,13.4610004425049,35.6699981689453,0.0224280003458261,0.0072127073071897,108.112602233887,-87.9618,25.7981,91.4820600374547,63,63,63,63,61,63,0,8045,1.29563008188212,26,-88,0.001869,51,2025-11-08 00:53:05.000077,390,1.037,0.0011,"aoml_navis",1028.54975197199
"7901009",92,0,1,0.020559,1,-0.001869,1,112.653462241753,1,4.86116946205604,392,1,13.4370002746582,35.6640014648438,0.020558999851346,0.00577016547322273,108.631103515625,-87.9618,25.7981,91.4820600374547,63,63,63,63,61,63,0,8045,1.29563008188212,26,-88,0.001869,51,2025-11-08 00:53:05.000077,392,1.037,0.0011,"aoml_navis",1028.55908213602
"7901009",92,0,1,0.022428,1,0,1,113.678978125972,1,4.86107651958207,394,1,13.3170003890991,35.6450004577637,0.0224280003458261,0.0072127073071897,109.620002746582,-87.9618,25.7981,91.4820600374547,63,63,63,63,61,63,0,8045,1.29563008188212,26,-88,0.001869,51,2025-11-08 00:53:05.000077,394,1.037,0.0011,"aoml_navis",1028.57874790868
"7901009",92,0,1,0.022428,1,0,1,114.070870028864,1,4.86097225719477,396,1,13.173999786377,35.6230010986328,0.0224280003458261,0.0072127073071897,109.997901916504,-87.9618,25.7981,91.4820600374547,63,63,63,63,61,63,0,8045,1.29563008188212,26,-88,0.001869,51,2025-11-08 00:53:05.000077,396,1.037,0.0011,"aoml_navis",1028.60080976588
"7901009",92,0,1,0.020559,1,-0.001869,1,113.978055607625,1,4.86090991895412,398,1,13.1239995956421,35.6150016784668,0.020558999851346,0.00577016547322273,109.908401489258,-87.9618,25.7981,91.4820600374547,63,63,63,63,61,63,0,8045,1.29563008188212,26,-88,0.001869,51,2025-11-08 00:53:05.000077,398,1.037,0.0011,"aoml_navis",1028.61400095145
"7901009",92,0,1,0.020559,1,-0.001869,1,114.143461650624,1,4.8608410642238,400,1,13.0710000991821,35.6080017089844,0.020558999851346,0.00577016547322273,110.067901611328,-87.9618,25.7981,91.4820600374547,63,63,63,63,61,63,0,8045,1.29563008188212,26,-88,0.001869,51,2025-11-08 00:53:05.000077,400,1.037,0.0011,"aoml_navis",1028.62857146275
"7901009",92,0,1,0.024297,1,0.001869,1,114.662284059009,1,4.86078745906221,402,1,13.0369997024536,35.6020011901855,0.0242970008403063,0.0086552482098341,110.568199157715,-87.9618,25.7981,91.4820600374547,63,63,63,63,61,63,0,8045,1.29563008188212,26,-88,0.001869,51,2025-11-08 00:53:05.000077,402,1.037,0.0011,"aoml_navis",1028.63991526275
"7901009",92,0,1,0.020559,1,-0.001869,1,115.146578964685,1,4.86073428527442,404,1,12.996000289917,35.5940017700195,0.020558999851346,0.00577016547322273,111.035202026367,-87.9618,25.7981,91.4820600374547,63,63,63,63,61,63,0,8045,1.29563008188212,26,-88,0.001869,51,2025-11-08 00:53:05.000077,404,1.037,0.0011,"aoml_navis",1028.65116802362
"7901009",92,0,1,0.022428,1,0,1,115.31623369443,1,4.86066484909433,406,1,12.9309997558594,35.5839996337891,0.0224280003458261,0.0072127073071897,111.198799133301,-87.9618,25.7981,91.4820600374547,63,63,63,63,61,63,0,8045,1.29563008188212,26,-88,0.001869,51,2025-11-08 00:53:05.000077,406,1.037,0.0011,"aoml_navis",1028.6658626405
"7901009",92,0,1,0.022428,1,0,1,115.359685812872,1,4.86061536822981,408,1,12.9010000228882,35.5779991149902,0.0224280003458261,0.0072127073071897,111.240699768066,-87.9618,25.7981,91.4820600374547,63,63,63,63,61,63,0,8045,1.29563008188212,26,-88,0.001869,51,2025-11-08 00:53:05.000077,408,1.037,0.0011,"aoml_navis",1028.67633441668
"7901009",92,0,1,0.024297,1,0.001869,1,115.330546309554,1,4.86056886811935,410,1,12.8739995956421,35.5719985961914,0.0242970008403063,0.0086552482098341,111.212600708008,-87.9618,25.7981,91.4820600374547,63,63,63,63,61,63,0,8045,1.29563008188212,26,-88,0.001869,51,2025-11-08 00:53:05.000077,410,1.037,0.0011,"aoml_navis",1028.68617556171
"7901009",92,0,1,0.022428,1,0,1,115.922791088504,1,4.86048864779576,412,1,12.7790002822876,35.556999206543,0.0224280003458261,0.0072127073071897,111.783699035645,-87.9618,25.7981,91.4820600374547,63,63,63,63,61,63,0,8045,1.29563008188212,26,-88,0.001869,51,2025-11-08 00:53:05.000077,412,1.037,0.0011,"aoml_navis",1028.70315359496
"7901009",92,0,1,0.022428,1,0,1,115.906927742278,1,4.86040105024633,414,1,12.66100025177,35.5379981994629,0.0224280003458261,0.0072127073071897,111.768402099609,-87.9618,25.7981,91.4820600374547,63,63,63,63,61,63,0,8045,1.29563008188212,26,-88,0.001869,51,2025-11-08 00:53:05.000077,414,1.037,0.0011,"aoml_navis",1028.72169360316
"7901009",92,0,1,0.024297,1,0.001869,1,115.039863346777,1,4.86034777658272,416,1,12.6230001449585,35.5309982299805,0.0242970008403063,0.0086552482098341,110.93229675293,-87.9618,25.7981,91.4820600374547,63,63,63,63,61,63,0,8045,1.29563008188212,26,-88,0.001869,51,2025-11-08 00:53:05.000077,416,1.037,0.0011,"aoml_navis",1028.73296929288
"7901009",92,0,1,0.024297,1,0.001869,1,113.90919839954,1,4.86027257394355,418,1,12.5509996414185,35.5209999084473,0.0242970008403063,0.0086552482098341,109.842002868652,-87.9618,25.7981,91.4820600374547,63,63,63,63,61,63,0,8045,1.29563008188212,26,-88,0.001869,51,2025-11-08 00:53:05.000077,418,1.037,0.0011,"aoml_navis",1028.74888680226
"7901009",92,0,1,0.022428,1,0,1,113.472090025982,1,4.86017963549251,420,1,12.4490003585815,35.507999420166,0.0224280003458261,0.0072127073071897,109.420501708984,-87.9618,25.7981,91.4820600374547,63,63,63,63,61,63,0,8045,1.29563008188212,26,-88,0.001869,51,2025-11-08 00:53:05.000077,420,1.037,0.0011,"aoml_navis",1028.76855898215
"7901009",92,0,1,0.026166,1,0.003738,1,112.393271716063,1,4.86011860944027,422,1,12.4139995574951,35.5040016174316,0.0261659994721413,0.0100977895781398,108.38020324707,-87.9618,25.7981,91.4820600374547,63,63,63,63,61,63,0,8045,1.29563008188212,26,-88,0.001869,51,2025-11-08 00:53:05.000077,422,1.037,0.0011,"aoml_navis",1028.78147670882
"7901009",92,0,1,0.024297,1,0.001869,1,112.331669714207,1,4.86005956767756,424,1,12.3809995651245,35.5,0.0242970008403063,0.0086552482098341,108.32080078125,-87.9618,25.7981,91.4820600374547,63,63,63,63,61,63,0,8045,1.29563008188212,26,-88,0.001869,51,2025-11-08 00:53:05.000077,424,1.037,0.0011,"aoml_navis",1028.79397471857
"7901009",92,0,1,0.022428,1,0,1,112.563860049226,1,4.85999755510065,426,1,12.3219995498657,35.4900016784668,0.0224280003458261,0.0072127073071897,108.544700622559,-87.9618,25.7981,91.4820600374547,63,63,63,63,61,63,0,8045,1.29563008188212,26,-88,0.001869,51,2025-11-08 00:53:05.000077,426,1.037,0.0011,"aoml_navis",1028.80710191971
"7901009",92,0,1,0.024297,1,0.001869,1,112.728641052649,1,4.85994256647965,428,1,12.2740001678467,35.4809989929199,0.0242970008403063,0.0086552482098341,108.703598022461,-87.9618,25.7981,91.4820600374547,63,63,63,63,61,63,0,8045,1.29563008188212,26,-88,0.001869,51,2025-11-08 00:53:05.000077,428,1.037,0.0011,"aoml_navis",1028.8187425272
"7901009",92,0,1,0.028035,1,0.005607,1,113.075110775647,1,4.85986556907689,430,1,12.1990003585815,35.4710006713867,0.0280349999666214,0.0115403309464455,109.037696838379,-87.9618,25.7981,91.4820600374547,63,63,63,63,61,63,0,8045,1.29563008188212,26,-88,0.001869,51,2025-11-08 00:53:05.000077,430,1.037,0.0011,"aoml_navis",1028.8350426429
"7901009",92,0,1,0.024297,1,0.001869,1,113.388089453968,1,4.85980102907239,432,1,12.1330003738403,35.4599990844727,0.0242970008403063,0.0086552482098341,109.339500427246,-87.9618,25.7981,91.4820600374547,63,63,63,63,61,63,0,8045,1.29563008188212,26,-88,0.001869,51,2025-11-08 00:53:05.000077,432,1.037,0.0011,"aoml_navis",1028.84870596325
"7901009",92,0,1,0.026166,1,0.003738,1,113.555362703805,1,4.85975697795079,434,1,12.1000003814697,35.4519996643066,0.0261659994721413,0.0100977895781398,109.500801086426,-87.9618,25.7981,91.4820600374547,63,63,63,63,61,63,0,8045,1.29563008188212,26,-88,0.001869,51,2025-11-08 00:53:05.000077,434,1.037,0.0011,"aoml_navis",1028.85803193154
"7901009",92,0,1,0.022428,1,0,1,113.607422962244,1,4.85970376697195,436,1,12.0649995803833,35.4459991455078,0.0224280003458261,0.0072127073071897,109.551002502441,-87.9618,25.7981,91.4820600374547,63,63,63,63,61,63,0,8045,1.29563008188212,26,-88,0.001869,51,2025-11-08 00:53:05.000077,436,1.037,0.0011,"aoml_navis",1028.86929733898
"7901009",92,0,1,0.024297,1,0.001869,1,113.238546757195,1,4.85963309927546,438,1,11.996000289917,35.4360008239746,0.0242970008403063,0.0086552482098341,109.195297241211,-87.9618,25.7981,91.4820600374547,63,63,63,63,61,63,0,8045,1.29563008188212,26,-88,0.001869,51,2025-11-08 00:53:05.000077,438,1.037,0.0011,"aoml_navis",1028.88425892594
"7901009",92,0,1,0.026166,1,0.003738,1,112.369931630592,1,4.85957378594728,440,1,11.9659996032715,35.4329986572266,0.0261659994721413,0.0100977895781398,108.357696533203,-87.9618,25.7981,91.4820600374547,63,63,63,63,61,63,0,8045,1.29563008188212,26,-88,0.001869,51,2025-11-08 00:53:05.000077,440,1.037,0.0011,"aoml_navis",1028.89681693049
"7901009",92,0,1,0.024297,1,0.001869,1,111.938741353282,1,4.85951860150316,442,1,11.9519996643066,35.4329986572266,0.0242970008403063,0.0086552482098341,107.941902160645,-87.9618,25.7981,91.4820600374547,63,63,63,63,61,63,0,8045,1.29563008188212,26,-88,0.001869,51,2025-11-08 00:53:05.000077,442,1.037,0.0011,"aoml_navis",1028.90850103
"7901009",92,0,1,0.026166,1,0.003738,1,112.477058666955,1,4.85947178926039,444,1,11.9429998397827,35.431999206543,0.0261659994721413,0.0100977895781398,108.460998535156,-87.9618,25.7981,91.4820600374547,63,63,63,63,61,63,0,8045,1.29563008188212,26,-88,0.001869,51,2025-11-08 00:53:05.000077,444,1.037,0.0011,"aoml_navis",1028.91841270695
"7901009",92,0,1,0.024297,1,0.001869,1,112.595491798959,1,4.85941555228346,446,1,11.8889999389648,35.4220008850098,0.0242970008403063,0.0086552482098341,108.575202941895,-87.9618,25.7981,91.4820600374547,63,63,63,63,61,63,0,8045,1.29563008188212,26,-88,0.001869,51,2025-11-08 00:53:05.000077,446,1.037,0.0011,"aoml_navis",1028.93032015969
"7901009",92,0,1,0.026166,1,0.003738,1,111.838046686237,1,4.85936545210067,448,1,11.8570003509521,35.4160003662109,0.0261659994721413,0.0100977895781398,107.844802856445,-87.9618,25.7981,91.4820600374547,63,63,63,63,61,63,0,8045,1.29563008188212,26,-88,0.001869,51,2025-11-08 00:53:05.000077,448,1.037,0.0011,"aoml_navis",1028.94092845775
"7901009",92,0,1,0.029904,1,0.007476,1,111.353229595598,1,4.85929929001113,450,1,11.8000001907349,35.4080009460449,0.0299040004611015,0.0129828732460737,107.377296447754,-87.9618,25.7981,91.4820600374547,63,63,63,63,61,63,0,8045,1.29563008188212,26,-88,0.001869,51,2025-11-08 00:53:05.000077,450,1.037,0.0011,"aoml_navis",1028.9549380665
"7901009",92,0,1,0.024297,1,0.001869,1,111.405709184387,1,4.85923959537274,452,1,11.7849998474121,35.4090003967285,0.0242970008403063,0.0086552482098341,107.42790222168,-87.9618,25.7981,91.4820600374547,63,63,63,63,61,63,0,8045,1.29563008188212,26,-88,0.001869,51,2025-11-08 00:53:05.000077,452,1.037,0.0011,"aoml_navis",1028.96757854075
"7901009",92,0,1,0.024297,1,0.001869,1,111.88564463681,1,4.85917037889406,454,1,11.701000213623,35.3950004577637,0.0242970008403063,0.0086552482098341,107.890701293945,-87.9618,25.7981,91.4820600374547,63,63,63,63,61,63,0,8045,1.29563008188212,26,-88,0.001869,51,2025-11-08 00:53:05.000077,454,1.037,0.0011,"aoml_navis",1028.98223567497
"7901009",92,0,1,0.026166,1,0.003738,1,111.686328218784,1,4.85911382259025,456,1,11.6499996185303,35.3860015869141,0.0261659994721413,0.0100977895781398,107.698501586914,-87.9618,25.7981,91.4820600374547,63,63,63,63,61,63,0,8045,1.29563008188212,26,-88,0.001869,51,2025-11-08 00:53:05.000077,456,1.037,0.0011,"aoml_navis",1028.9942122275
"7901009",92,0,1,0.022428,1,0,1,111.08899609239,1,4.85905764773904,458,1,11.6190004348755,35.3819999694824,0.0224280003458261,0.0072127073071897,107.122497558594,-87.9618,25.7981,91.4820600374547,63,63,63,63,61,63,0,8045,1.29563008188212,26,-88,0.001869,51,2025-11-08 00:53:05.000077,458,1.037,0.0011,"aoml_navis",1029.00610827833
"7901009",92,0,1,0.029904,1,0.007476,1,110.760676252806,1,4.8589940954025,460,1,11.5799999237061,35.3779983520508,0.0299040004611015,0.0129828732460737,106.80590057373,-87.9618,25.7981,91.4820600374547,63,63,63,63,61,63,0,8045,1.29563008188212,26,-88,0.001869,51,2025-11-08 00:53:05.000077,460,1.037,0.0011,"aoml_navis",1029.01956697805
"7901009",92,0,1,0.024297,1,0.001869,1,110.294016957474,1,4.85892785826355,462,1,11.5419998168945,35.375,0.0242970008403063,0.0086552482098341,106.355903625488,-87.9618,25.7981,91.4820600374547,63,63,63,63,61,63,0,8045,1.29563008188212,26,-88,0.001869,51,2025-11-08 00:53:05.000077,462,1.037,0.0011,"aoml_navis",1029.03359462243
"7901009",92,0,1,0.024297,1,0.001869,1,109.964447038735,1,4.85886904419472,464,1,11.5080003738403,35.3709983825684,0.0242970008403063,0.0086552482098341,106.038101196289,-87.9618,25.7981,91.4820600374547,63,63,63,63,61,63,0,8045,1.29563008188212,26,-88,0.001869,51,2025-11-08 00:53:05.000077,464,1.037,0.0011,"aoml_navis",1029.04605053596
"7901009",92,0,1,0.028035,1,0.005607,1,109.664435953664,1,4.85881948465808,466,1,11.4840002059937,35.367000579834,0.0280349999666214,0.0115403309464455,105.748802185059,-87.9618,25.7981,91.4820600374547,63,63,63,63,61,63,0,8045,1.29563008188212,26,-88,0.001869,51,2025-11-08 00:53:05.000077,466,1.037,0.0011,"aoml_navis",1029.05654671628
"7901009",92,0,1,0.026166,1,0.003738,1,109.447594691802,1,4.85875512409886,468,1,11.4280004501343,35.359001159668,0.0261659994721413,0.0100977895781398,105.539703369141,-87.9618,25.7981,91.4820600374547,63,63,63,63,61,63,0,8045,1.29563008188212,26,-88,0.001869,51,2025-11-08 00:53:05.000077,468,1.037,0.0011,"aoml_navis",1029.07017791462
"7901009",92,0,1,0.029904,1,0.007476,1,109.33911472167,1,4.85869274493897,470,1,11.3780002593994,35.3520011901855,0.0299040004611015,0.0129828732460737,105.435096740723,-87.9618,25.7981,91.4820600374547,63,63,63,63,61,63,0,8045,1.29563008188212,26,-88,0.001869,51,2025-11-08 00:53:05.000077,470,1.037,0.0011,"aoml_navis",1029.08338980855
"7901009",92,0,1,0.026166,1,0.003738,1,109.31474609006,1,4.85862589205026,472,1,11.3229999542236,35.3450012207031,0.0261659994721413,0.0100977895781398,105.411598205566,-87.9618,25.7981,91.4820600374547,63,63,63,63,61,63,0,8045,1.29563008188212,26,-88,0.001869,51,2025-11-08 00:53:05.000077,472,1.037,0.0011,"aoml_navis",1029.09754961399
"7901009",92,0,1,0.026166,1,0.003738,1,109.315679693479,1,4.85855464114519,474,1,11.2510004043579,35.3349990844727,0.0261659994721413,0.0100977895781398,105.412498474121,-87.9618,25.7981,91.4820600374547,63,63,63,63,61,63,0,8045,1.29563008188212,26,-88,0.001869,51,2025-11-08 00:53:05.000077,474,1.037,0.0011,"aoml_navis",1029.11264137218
"7901009",92,0,1,0.026166,1,0.003738,1,109.449351132132,1,4.85848360106335,476,1,11.1789999008179,35.3250007629395,0.0261659994721413,0.0100977895781398,105.541397094727,-87.9618,25.7981,91.4820600374547,63,63,63,63,61,63,0,8045,1.29563008188212,26,-88,0.001869,51,2025-11-08 00:53:05.000077,476,1.037,0.0011,"aoml_navis",1029.12768891629
"7901009",92,0,1,0.026166,1,0.003738,1,109.380493924047,1,4.85843793678435,478,1,11.1669998168945,35.3230018615723,0.0261659994721413,0.0100977895781398,105.474998474121,-87.9618,25.7981,91.4820600374547,63,63,63,63,61,63,0,8045,1.29563008188212,26,-88,0.001869,51,2025-11-08 00:53:05.000077,478,1.037,0.0011,"aoml_navis",1029.13736164948
"7901009",92,0,1,0.028035,1,0.005607,1,109.388587790975,1,4.85837244656647,480,1,11.1169996261597,35.3170013427734,0.0280349999666214,0.0115403309464455,105.482803344727,-87.9618,25.7981,91.4820600374547,63,63,63,63,61,63,0,8045,1.29563008188212,26,-88,0.001869,51,2025-11-08 00:53:05.000077,480,1.037,0.0011,"aoml_navis",1029.15123428498
"7901009",92,0,1,0.028035,1,0.005607,1,109.26310516197,1,4.8583223659138,482,1,11.0920000076294,35.3129997253418,0.0280349999666214,0.0115403309464455,105.361801147461,-87.9618,25.7981,91.4820600374547,63,63,63,63,61,63,0,8045,1.29563008188212,26,-88,0.001869,51,2025-11-08 00:53:05.000077,482,1.037,0.0011,"aoml_navis",1029.16184300165
"7901009",92,0,1,0.024297,1,0.001869,1,109.215404356783,1,4.85827058584249,484,1,11.0570001602173,35.306999206543,0.0242970008403063,0.0086552482098341,105.315803527832,-87.9618,25.7981,91.4820600374547,63,63,63,63,61,63,0,8045,1.29563008188212,26,-88,0.001869,51,2025-11-08 00:53:05.000077,484,1.037,0.0011,"aoml_navis",1029.17281194064
"7901009",92,0,1,0.020559,1,-0.001869,1,108.979685317316,1,4.85821970878636,486,1,11.0270004272461,35.3019981384277,0.020558999851346,0.00577016547322273,105.088500976562,-87.9618,25.7981,91.4820600374547,63,63,63,63,61,63,0,8045,1.29563008188212,26,-88,0.001869,51,2025-11-08 00:53:05.000077,486,1.037,0.0011,"aoml_navis",1029.18358981526
"7901009",92,0,1,0.024297,1,0.001869,1,108.810339151413,1,4.85816068491637,488,1,10.9919996261597,35.2980003356934,0.0242970008403063,0.0086552482098341,104.925201416016,-87.9618,25.7981,91.4820600374547,63,63,63,63,61,63,0,8045,1.29563008188212,26,-88,0.001869,51,2025-11-08 00:53:05.000077,488,1.037,0.0011,"aoml_navis",1029.19609380645
"7901009",92,0,1,0.026166,1,0.003738,1,108.631656951322,1,4.85811426975698,490,1,10.9750003814697,35.2949981689453,0.0261659994721413,0.0100977895781398,104.752899169922,-87.9618,25.7981,91.4820600374547,63,63,63,63,61,63,0,8045,1.29563008188212,26,-88,0.001869,51,2025-11-08 00:53:05.000077,490,1.037,0.0011,"aoml_navis",1029.20592690178
"7901009",92,0,1,0.024297,1,0.001869,1,108.515716065734,1,4.85804833833337,492,1,10.9200000762939,35.2879981994629,0.0242970008403063,0.0086552482098341,104.641098022461,-87.9618,25.7981,91.4820600374547,63,63,63,63,61,63,0,8045,1.29563008188212,26,-88,0.001869,51,2025-11-08 00:53:05.000077,492,1.037,0.0011,"aoml_navis",1029.21989485912
"7901009",92,0,1,0.028035,1,0.005607,1,108.430679035687,1,4.85797642560337,494,1,10.8500003814697,35.2789993286133,0.0280349999666214,0.0115403309464455,104.559097290039,-87.9618,25.7981,91.4820600374547,63,63,63,63,61,63,0,8045,1.29563008188212,26,-88,0.001869,51,2025-11-08 00:53:05.000077,494,1.037,0.0011,"aoml_navis",1029.23513042346
"7901009",92,0,1,0.026166,1,0.003738,1,108.359748911536,1,4.85792391021809,496,1,10.8219995498657,35.2750015258789,0.0261659994721413,0.0100977895781398,104.490699768066,-87.9618,25.7981,91.4820600374547,63,63,63,63,61,63,0,8045,1.29563008188212,26,-88,0.001869,51,2025-11-08 00:53:05.000077,496,1.037,0.0011,"aoml_navis",1029.24625671536
"7901009",92,0,1,0.026166,1,0.003738,1,108.336416737959,1,4.85785824069466,498,1,10.7709999084473,35.2690010070801,0.0261659994721413,0.0100977895781398,104.468200683594,-87.9618,25.7981,91.4820600374547,63,63,63,63,61,63,0,8045,1.29563008188212,26,-88,0.001869,51,2025-11-08 00:53:05.000077,498,1.037,0.0011,"aoml_navis",1029.26017027722
"7901009",92,0,1,0.024297,1,0.001869,1,108.284150770292,1,4.85780760929299,500,1,10.7449998855591,35.2649993896484,0.0242970008403063,0.0086552482098341,104.41780090332,-87.9618,25.7981,91.4820600374547,63,63,63,63,61,63,0,8045,1.29563008188212,26,-88,0.001869,51,2025-11-08 00:53:05.000077,500,1.037,0.0011,"aoml_navis",1029.27089793243
"7901009",92,0,1,0.026166,1,0.003738,1,108.277821255588,1,4.8577604470288,502,1,10.7270002365112,35.2620010375977,0.0261659994721413,0.0100977895781398,104.411697387695,-87.9618,25.7981,91.4820600374547,63,63,63,63,61,63,0,8045,1.29563008188212,26,-88,0.001869,51,2025-11-08 00:53:05.000077,502,1.037,0.0011,"aoml_navis",1029.2808907566
"7901009",92,0,1,0.026166,1,0.003738,1,108.321898413607,1,4.85771085422602,504,1,10.6979999542236,35.2569999694824,0.0261659994721413,0.0100977895781398,104.454200744629,-87.9618,25.7981,91.4820600374547,63,63,63,63,61,63,0,8045,1.29563008188212,26,-88,0.001869,51,2025-11-08 00:53:05.000077,504,1.037,0.0011,"aoml_navis",1029.29139877689
"7901009",92,0,1,0.024297,1,0.001869,1,108.676873421988,1,4.8576398479429,506,1,10.6199998855591,35.2459983825684,0.0242970008403063,0.0086552482098341,104.796501159668,-87.9618,25.7981,91.4820600374547,63,63,63,63,61,63,0,8045,1.29563008188212,26,-88,0.001869,51,2025-11-08 00:53:05.000077,506,1.037,0.0011,"aoml_navis",1029.30644438726
"7901009",92,0,1,0.028035,1,0.005607,1,109.202856093882,1,4.85756218286083,508,1,10.5299997329712,35.234001159668,0.0280349999666214,0.0115403309464455,105.303703308105,-87.9618,25.7981,91.4820600374547,63,63,63,63,61,63,0,8045,1.29563008188212,26,-88,0.001869,51,2025-11-08 00:53:05.000077,508,1.037,0.0011,"aoml_navis",1029.32290144257
"7901009",92,0,1,0.024297,1,0.001869,1,109.571827241653,1,4.85751413904161,510,1,10.4899997711182,35.226001739502,0.0242970008403063,0.0086552482098341,105.65950012207,-87.9618,25.7981,91.4820600374547,63,63,63,63,61,63,0,8045,1.29563008188212,26,-88,0.001869,51,2025-11-08 00:53:05.000077,510,1.037,0.0011,"aoml_navis",1029.3330820827
"7901009",92,0,1,0.031773,1,0.009345,1,109.937894724553,1,4.85745301705541,512,1,10.4350004196167,35.2179985046387,0.0317730009555817,0.0144254146143794,106.012496948242,-87.9618,25.7981,91.4820600374547,63,63,63,63,61,63,0,8045,1.29563008188212,26,-88,0.001869,51,2025-11-08 00:53:05.000077,512,1.037,0.0011,"aoml_navis",1029.34603431965
"7901009",92,0,1,0.033642,1,0.011214,1,110.069081828684,1,4.857406546047,514,1,10.4049997329712,35.2120018005371,0.0336420014500618,0.0158679541200399,106.138999938965,-87.9618,25.7981,91.4820600374547,63,63,63,63,61,63,0,8045,1.29563008188212,26,-88,0.001869,51,2025-11-08 00:53:05.000077,514,1.037,0.0011,"aoml_navis",1029.35588211554
"7901009",92,0,1,0.029904,1,0.007476,1,110.148722947446,1,4.85735979530396,516,1,10.3830003738403,35.2080001831055,0.0299040004611015,0.0129828732460737,106.215797424316,-87.9618,25.7981,91.4820600374547,63,63,63,63,61,63,0,8045,1.29563008188212,26,-88,0.001869,51,2025-11-08 00:53:05.000077,516,1.037,0.0011,"aoml_navis",1029.36578938088
"7901009",92,0,1,0.028035,1,0.005607,1,110.143334948054,1,4.85730134846631,518,1,10.335000038147,35.201000213623,0.0280349999666214,0.0115403309464455,106.210601806641,-87.9618,25.7981,91.4820600374547,63,63,63,63,61,63,0,8045,1.29563008188212,26,-88,0.001869,51,2025-11-08 00:53:05.000077,518,1.037,0.0011,"aoml_navis",1029.37817551278
"7901009",92,0,1,0.026166,1,0.003738,1,110.083908716878,1,4.85724020579187,520,1,10.2880001068115,35.1949996948242,0.0261659994721413,0.0100977895781398,106.153297424316,-87.9618,25.7981,91.4820600374547,63,63,63,63,61,63,0,8045,1.29563008188212,26,-88,0.001869,51,2025-11-08 00:53:05.000077,520,1.037,0.0011,"aoml_navis",1029.39113326903
"7901009",92,0,1,0.029904,1,0.007476,1,109.956044607966,1,4.85718331016065,522,1,10.25,35.189998626709,0.0299040004611015,0.0129828732460737,106.029998779297,-87.9618,25.7981,91.4820600374547,63,63,63,63,61,63,0,8045,1.29563008188212,26,-88,0.001869,51,2025-11-08 00:53:05.000077,522,1.037,0.0011,"aoml_navis",1029.40319125708
"7901009",92,0,1,0.028035,1,0.005607,1,110.081424382357,1,4.85712320199132,524,1,10.2040004730225,35.1839981079102,0.0280349999666214,0.0115403309464455,106.150901794434,-87.9618,25.7981,91.4820600374547,63,63,63,63,61,63,0,8045,1.29563008188212,26,-88,0.001869,51,2025-11-08 00:53:05.000077,524,1.037,0.0011,"aoml_navis",1029.41593039067
"7901009",92,0,1,0.024297,1,0.001869,1,110.345238555215,1,4.85705191729745,526,1,10.1280002593994,35.173999786377,0.0242970008403063,0.0086552482098341,106.405296325684,-87.9618,25.7981,91.4820600374547,63,63,63,63,61,63,0,8045,1.29563008188212,26,-88,0.001869,51,2025-11-08 00:53:05.000077,526,1.037,0.0011,"aoml_navis",1029.4310386499
"7901009",92,0,1,0.026166,1,0.003738,1,110.4321427921,1,4.85698882444719,528,1,10.0740003585815,35.1669998168945,0.0261659994721413,0.0100977895781398,106.489097595215,-87.9618,25.7981,91.4820600374547,63,63,63,63,61,63,0,8045,1.29563008188212,26,-88,0.001869,51,2025-11-08 00:53:05.000077,528,1.037,0.0011,"aoml_navis",1029.44441107893
"7901009",92,0,1,0.029904,1,0.007476,1,110.547672259233,1,4.85693398846128,530,1,10.0380001068115,35.1619987487793,0.0299040004611015,0.0129828732460737,106.60050201416,-87.9618,25.7981,91.4820600374547,63,63,63,63,61,63,0,8045,1.29563008188212,26,-88,0.001869,51,2025-11-08 00:53:05.000077,530,1.037,0.0011,"aoml_navis",1029.45603376093
"7901009",92,0,1,0.028035,1,0.005607,1,110.559801191784,1,4.85688582459436,532,1,10.0139999389648,35.1580009460449,0.0280349999666214,0.0115403309464455,106.612197875977,-87.9618,25.7981,91.4820600374547,63,63,63,63,61,63,0,8045,1.29563008188212,26,-88,0.001869,51,2025-11-08 00:53:05.000077,532,1.037,0.0011,"aoml_navis",1029.4662424801
"7901009",92,0,1,0.024297,1,0.001869,1,110.486070257377,1,4.8568306008209,534,1,9.98600006103516,35.1549987792969,0.0242970008403063,0.0086552482098341,106.54109954834,-87.9618,25.7981,91.4820600374547,63,63,63,63,61,63,0,8045,1.29563008188212,26,-88,0.001869,51,2025-11-08 00:53:05.000077,534,1.037,0.0011,"aoml_navis",1029.47794785243
"7901009",92,0,1,0.026166,1,0.003738,1,110.379671115205,1,4.85677844605052,536,1,9.95300006866455,35.1500015258789,0.0261659994721413,0.0100977895781398,106.438499450684,-87.9618,25.7981,91.4820600374547,63,63,63,63,61,63,0,8045,1.29563008188212,26,-88,0.001869,51,2025-11-08 00:53:05.000077,536,1.037,0.0011,"aoml_navis",1029.48900295544
"7901009",92,0,1,0.029904,1,0.007476,1,110.261143040481,1,4.85671720272124,538,1,9.90499973297119,35.1440010070801,0.0299040004611015,0.0129828732460737,106.324203491211,-87.9618,25.7981,91.4820600374547,63,63,63,63,61,63,0,8045,1.29563008188212,26,-88,0.001869,51,2025-11-08 00:53:05.000077,538,1.037,0.0011,"aoml_navis",1029.50198483833
"7901009",92,0,1,0.028035,1,0.005607,1,110.116679779258,1,4.85665979990218,540,1,9.86999988555908,35.1399993896484,0.0280349999666214,0.0115403309464455,106.184898376465,-87.9618,25.7981,91.4820600374547,63,63,63,63,61,63,0,8045,1.29563008188212,26,-88,0.001869,51,2025-11-08 00:53:05.000077,540,1.037,0.0011,"aoml_navis",1029.51415293711
"7901009",92,0,1,0.026166,1,0.003738,1,110.013184301956,1,4.8566021690249,542,1,9.83899974822998,35.1370010375977,0.0261659994721413,0.0100977895781398,106.085098266602,-87.9618,25.7981,91.4820600374547,63,63,63,63,61,63,0,8045,1.29563008188212,26,-88,0.001869,51,2025-11-08 00:53:05.000077,542,1.037,0.0011,"aoml_navis",1029.52636966843
"7901009",92,0,1,0.028035,1,0.005607,1,109.938108345674,1,4.8565525068804,544,1,9.8129997253418,35.132999420166,0.0280349999666214,0.0115403309464455,106.012702941895,-87.9618,25.7981,91.4820600374547,63,63,63,63,61,63,0,8045,1.29563008188212,26,-88,0.001869,51,2025-11-08 00:53:05.000077,544,1.037,0.0011,"aoml_navis",1029.53689740127
"7901009",92,0,1,0.028035,1,0.005607,1,109.90233076381,1,4.85650061686396,546,1,9.79300022125244,35.1310005187988,0.0280349999666214,0.0115403309464455,105.978202819824,-87.9618,25.7981,91.4820600374547,63,63,63,63,61,63,0,8045,1.29563008188212,26,-88,0.001869,51,2025-11-08 00:53:05.000077,546,1.037,0.0011,"aoml_navis",1029.54789764419
"7901009",92,0,1,0.026166,1,0.003738,1,109.858047896563,1,4.85644279969908,548,1,9.75300025939941,35.1259994506836,0.0261659994721413,0.0100977895781398,105.935501098633,-87.9618,25.7981,91.4820600374547,63,63,63,63,61,63,0,8045,1.29563008188212,26,-88,0.001869,51,2025-11-08 00:53:05.000077,548,1.037,0.0011,"aoml_navis",1029.56015466914
"7901009",92,0,1,0.029904,1,0.007476,1,109.693369747754,1,4.85638617978711,550,1,9.71000003814697,35.1199989318848,0.0299040004611015,0.0129828732460737,105.776702880859,-87.9618,25.7981,91.4820600374547,63,63,63,63,61,63,0,8045,1.29563008188212,26,-88,0.001869,51,2025-11-08 00:53:05.000077,550,1.037,0.0011,"aoml_navis",1029.57215816375
"7901009",92,0,1,0.028035,1,0.005607,1,109.596718058226,1,4.85632060038123,552,1,9.66499996185303,35.1160011291504,0.0280349999666214,0.0115403309464455,105.683502197266,-87.9618,25.7981,91.4820600374547,63,63,63,63,61,63,0,8045,1.29563008188212,26,-88,0.001869,51,2025-11-08 00:53:05.000077,552,1.037,0.0011,"aoml_navis",1029.5860614325
"7901009",92,0,1,0.029904,1,0.007476,1,109.526713625601,1,4.85627780171609,554,1,9.65999984741211,35.1150016784668,0.0299040004611015,0.0129828732460737,105.615997314453,-87.9618,25.7981,91.4820600374547,63,63,63,63,61,63,0,8045,1.29563008188212,26,-88,0.001869,51,2025-11-08 00:53:05.000077,554,1.037,0.0011,"aoml_navis",1029.5951352357
"7901009",92,0,1,0.028035,1,0.005607,1,109.665155935962,1,4.85621683583128,556,1,9.61600017547607,35.1100006103516,0.0280349999666214,0.0115403309464455,105.749496459961,-87.9618,25.7981,91.4820600374547,63,63,63,63,61,63,0,8045,1.29563008188212,26,-88,0.001869,51,2025-11-08 00:53:05.000077,556,1.037,0.0011,"aoml_navis",1029.60806097204
"7901009",92,0,1,0.028035,1,0.005607,1,109.944429948484,1,4.85615489492902,558,1,9.5620002746582,35.1030006408691,0.0280349999666214,0.0115403309464455,106.018798828125,-87.9618,25.7981,91.4820600374547,63,63,63,63,61,63,0,8045,1.29563008188212,26,-88,0.001869,51,2025-11-08 00:53:05.000077,558,1.037,0.0011,"aoml_navis",1029.62119375994
"7901009",92,0,1,0.029904,1,0.007476,1,110.157647563179,1,4.85609945498459,560,1,9.52000045776367,35.0970001220703,0.0299040004611015,0.0129828732460737,106.224403381348,-87.9618,25.7981,91.4820600374547,63,63,63,63,61,63,0,8045,1.29563008188212,26,-88,0.001869,51,2025-11-08 00:53:05.000077,560,1.037,0.0011,"aoml_navis",1029.63294849073
"7901009",92,0,1,0.031773,1,0.009345,1,110.324192918825,1,4.85603523293878,562,1,9.46300029754639,35.0900001525879,0.0317730009555817,0.0144254146143794,106.38500213623,-87.9618,25.7981,91.4820600374547,63,63,63,63,61,63,0,8045,1.29563008188212,26,-88,0.001869,51,2025-11-08 00:53:05.000077,562,1.037,0.0011,"aoml_navis",1029.64656559423
"7901009",92,0,1,0.028035,1,0.005607,1,110.186992775725,1,4.85597497345752,564,1,9.41499996185303,35.0839996337891,0.0280349999666214,0.0115403309464455,106.252700805664,-87.9618,25.7981,91.4820600374547,63,63,63,63,61,63,0,8045,1.29563008188212,26,-88,0.001869,51,2025-11-08 00:53:05.000077,564,1.037,0.0011,"aoml_navis",1029.65934283634
"7901009",92,0,1,0.029904,1,0.007476,1,110.007376972215,1,4.85591742674011,566,1,9.37899971008301,35.0800018310547,0.0299040004611015,0.0129828732460737,106.079498291016,-87.9618,25.7981,91.4820600374547,63,63,63,63,61,63,0,8045,1.29563008188212,26,-88,0.001869,51,2025-11-08 00:53:05.000077,566,1.037,0.0011,"aoml_navis",1029.67154516806
"7901009",92,0,1,0.026166,1,0.003738,1,109.725515770557,1,4.85585793651014,568,1,9.34500026702881,35.0769996643066,0.0261659994721413,0.0100977895781398,105.80770111084,-87.9618,25.7981,91.4820600374547,63,63,63,63,61,63,0,8045,1.29563008188212,26,-88,0.001869,51,2025-11-08 00:53:05.000077,568,1.037,0.0011,"aoml_navis",1029.68415991046
"7901009",92,0,1,0.028035,1,0.005607,1,109.241323719495,1,4.85580640518806,570,1,9.32499980926514,35.0750007629395,0.0280349999666214,0.0115403309464455,105.340797424316,-87.9618,25.7981,91.4820600374547,63,63,63,63,61,63,0,8045,1.29563008188212,26,-88,0.001869,51,2025-11-08 00:53:05.000077,570,1.037,0.0011,"aoml_navis",1029.6950872378
"7901009",92,0,1,0.029904,1,0.007476,1,108.661935767287,1,4.85575251717554,572,1,9.31099987030029,35.0750007629395,0.0299040004611015,0.0129828732460737,104.782096862793,-87.9618,25.7981,91.4820600374547,63,63,63,63,61,63,0,8045,1.29563008188212,26,-88,0.001869,51,2025-11-08 00:53:05.000077,572,1.037,0.0011,"aoml_navis",1029.70651455449
"7901009",92,0,1,0.028035,1,0.005607,1,108.633935576616,1,4.85568845379174,574,1,9.29800033569336,35.0779991149902,0.0280349999666214,0.0115403309464455,104.755096435547,-87.9618,25.7981,91.4820600374547,63,63,63,63,61,63,0,8045,1.29563008188212,26,-88,0.001869,51,2025-11-08 00:53:05.000077,574,1.037,0.0011,"aoml_navis",1029.72009995731
"7901009",92,0,1,0.033642,1,0.011214,1,108.991814249868,1,4.85563272472624,575.900024414062,1,9.25699996948242,35.0730018615723,0.0336420014500618,0.0158679541200399,105.100196838379,-87.9618,25.7981,91.4820600374547,63,63,63,63,61,63,0,8045,1.29563008188212,26,-88,0.001869,51,2025-11-08 00:53:05.000077,575.900024414062,1.037,0.0011,"aoml_navis",1029.73191826033
"7901009",92,0,1,0.028035,1,0.005607,1,109.272955469228,1,4.8555769733976,578,1,9.2209997177124,35.068000793457,0.0280349999666214,0.0115403309464455,105.371299743652,-87.9618,25.7981,91.4820600374547,63,63,63,63,61,63,0,8045,1.29563008188212,26,-88,0.001869,51,2025-11-08 00:53:05.000077,578,1.037,0.0011,"aoml_navis",1029.74374155608
"7901009",92,0,1,0.033642,1,0.011214,1,109.510541715532,1,4.8555168089595,580,1,9.17700004577637,35.0629997253418,0.0336420014500618,0.0158679541200399,105.600402832031,-87.9618,25.7981,91.4820600374547,63,63,63,63,61,63,0,8045,1.29563008188212,26,-88,0.001869,51,2025-11-08 00:53:05.000077,580,1.037,0.0011,"aoml_navis",1029.75650105338
"7901009",92,0,1,0.031773,1,0.009345,1,109.595681600193,1,4.85547280248579,582,1,9.16600036621094,35.0610008239746,0.0317730009555817,0.0144254146143794,105.682502746582,-87.9618,25.7981,91.4820600374547,63,63,63,63,61,63,0,8045,1.29563008188212,26,-88,0.001869,51,2025-11-08 00:53:05.000077,582,1.037,0.0011,"aoml_navis",1029.76583401728
"7901009",92,0,1,0.024297,1,0.001869,1,109.725515770557,1,4.85542388440886,584,1,9.14900016784668,35.0589981079102,0.0242970008403063,0.0086552482098341,105.80770111084,-87.9618,25.7981,91.4820600374547,63,63,63,63,61,63,0,8045,1.29563008188212,26,-88,0.001869,51,2025-11-08 00:53:05.000077,584,1.037,0.0011,"aoml_navis",1029.77620884046
"7901009",92,0,1,0.029904,1,0.007476,1,110.058400772621,1,4.8553740606022,586,1,9.11299991607666,35.0530014038086,0.0299040004611015,0.0129828732460737,106.128700256348,-87.9618,25.7981,91.4820600374547,63,63,63,63,61,63,0,8045,1.29563008188212,26,-88,0.001869,51,2025-11-08 00:53:05.000077,586,1.037,0.0011,"aoml_navis",1029.78677597084
"7901009",92,0,1,0.028035,1,0.005607,1,110.465436039442,1,4.85532021394675,588,1,9.07199954986572,35.0470008850098,0.0280349999666214,0.0115403309464455,106.521202087402,-87.9618,25.7981,91.4820600374547,63,63,63,63,61,63,0,8045,1.29563008188212,26,-88,0.001869,51,2025-11-08 00:53:05.000077,588,1.037,0.0011,"aoml_navis",1029.798196551
"7901009",92,0,1,0.029904,1,0.007476,1,110.82372613115,1,4.85526643920893,590,1,9.0310001373291,35.0410003662109,0.0299040004611015,0.0129828732460737,106.86669921875,-87.9618,25.7981,91.4820600374547,63,63,63,63,61,63,0,8045,1.29563008188212,26,-88,0.001869,51,2025-11-08 00:53:05.000077,590,1.037,0.0011,"aoml_navis",1029.80960213064
"7901009",92,0,1,0.028035,1,0.005607,1,111.224123319425,1,4.85520501015338,592,1,8.97599983215332,35.0340003967285,0.0280349999666214,0.0115403309464455,107.252799987793,-87.9618,25.7981,91.4820600374547,63,63,63,63,61,63,0,8045,1.29563008188212,26,-88,0.001869,51,2025-11-08 00:53:05.000077,592,1.037,0.0011,"aoml_navis",1029.8226314942
"7901009",92,0,1,0.029904,1,0.007476,1,111.598387523867,1,4.85515504023449,594,1,8.94400024414062,35.0289993286133,0.0299040004611015,0.0129828732460737,107.613700866699,-87.9618,25.7981,91.4820600374547,63,63,63,63,61,63,0,8045,1.29563008188212,26,-88,0.001869,51,2025-11-08 00:53:05.000077,594,1.037,0.0011,"aoml_navis",1029.8332305694
"7901009",92,0,1,0.029904,1,0.007476,1,112.090040490385,1,4.85510430092079,596,1,8.91100025177002,35.023998260498,0.0299040004611015,0.0129828732460737,108.087799072266,-87.9618,25.7981,91.4820600374547,63,63,63,63,61,63,0,8045,1.29563008188212,26,-88,0.001869,51,2025-11-08 00:53:05.000077,596,1.037,0.0011,"aoml_navis",1029.84399306349
"7901009",92,0,1,0.028035,1,0.005607,1,112.387567240936,1,4.85503749795911,598,1,8.84899997711182,35.0169982910156,0.0280349999666214,0.0115403309464455,108.374702453613,-87.9618,25.7981,91.4820600374547,63,63,63,63,61,63,0,8045,1.29563008188212,26,-88,0.001869,51,2025-11-08 00:53:05.000077,598,1.037,0.0011,"aoml_navis",1029.85816321745
"7901009",92,0,1,0.028035,1,0.005607,1,112.40021835845,1,4.85498723692735,600,1,8.82100009918213,35.0130004882812,0.0280349999666214,0.0115403309464455,108.386901855469,-87.9618,25.7981,91.4820600374547,63,63,63,63,61,63,0,8045,1.29563008188212,26,-88,0.001869,51,2025-11-08 00:53:05.000077,600,1.037,0.0011,"aoml_navis",1029.86882477665
"7901009",92,0,1,0.031773,1,0.009345,1,112.296928590376,1,4.85493449532322,602,1,8.79899978637695,35.0110015869141,0.0317730009555817,0.0144254146143794,108.287300109863,-87.9618,25.7981,91.4820600374547,63,63,63,63,61,63,0,8045,1.29563008188212,26,-88,0.001869,51,2025-11-08 00:53:05.000077,602,1.037,0.0011,"aoml_navis",1029.88001276156
"7901009",92,0,1,0.028035,1,0.005607,1,112.335087652147,1,4.85487902072101,604,1,8.76900005340576,35.007999420166,0.0280349999666214,0.0115403309464455,108.324096679688,-87.9618,25.7981,91.4820600374547,63,63,63,63,61,63,0,8045,1.29563008188212,26,-88,0.001869,51,2025-11-08 00:53:05.000077,604,1.037,0.0011,"aoml_navis",1029.89178075491
"7901009",92,0,1,0.028035,1,0.005607,1,112.485041767376,1,4.85483149459899,606,1,8.75800037384033,35.0069999694824,0.0280349999666214,0.0115403309464455,108.468696594238,-87.9618,25.7981,91.4820600374547,63,63,63,63,61,63,0,8045,1.29563008188212,26,-88,0.001869,51,2025-11-08 00:53:05.000077,606,1.037,0.0011,"aoml_navis",1029.90186282727
"7901009",92,0,1,0.029904,1,0.007476,1,112.838363190041,1,4.85478261059661,608,1,8.72700023651123,35.0019989013672,0.0299040004611015,0.0129828732460737,108.80940246582,-87.9618,25.7981,91.4820600374547,63,63,63,63,61,63,0,8045,1.29563008188212,26,-88,0.001869,51,2025-11-08 00:53:05.000077,608,1.037,0.0011,"aoml_navis",1029.91223316291
"7901009",92,0,1,0.026166,1,0.003738,1,113.234195215836,1,4.85470349065289,610,1,8.64900016784668,34.9949989318848,0.0261659994721413,0.0100977895781398,109.191101074219,-87.9618,25.7981,91.4820600374547,63,63,63,63,61,63,0,8045,1.29563008188212,26,-88,0.001869,51,2025-11-08 00:53:05.000077,610,1.037,0.0011,"aoml_navis",1029.92901824527
"7901009",92,0,1,0.028035,1,0.005607,1,113.221124767972,1,4.85464547584394,612,1,8.61100006103516,34.9910011291504,0.0280349999666214,0.0115403309464455,109.178497314453,-87.9618,25.7981,91.4820600374547,63,63,63,63,61,63,0,8045,1.29563008188212,26,-88,0.001869,51,2025-11-08 00:53:05.000077,612,1.037,0.0011,"aoml_navis",1029.94132627796
"7901009",92,0,1,0.028035,1,0.005607,1,113.044317686612,1,4.85458698541518,614,1,8.60000038146973,34.9930000305176,0.0280349999666214,0.0115403309464455,109.008003234863,-87.9618,25.7981,91.4820600374547,63,63,63,63,61,63,0,8045,1.29563008188212,26,-88,0.001869,51,2025-11-08 00:53:05.000077,614,1.037,0.0011,"aoml_navis",1029.95373551276
"7901009",92,0,1,0.031773,1,0.009345,1,112.897575800096,1,4.85453248455834,616,1,8.5939998626709,34.9949989318848,0.0317730009555817,0.0144254146143794,108.866500854492,-87.9618,25.7981,91.4820600374547,63,63,63,63,61,63,0,8045,1.29563008188212,26,-88,0.001869,51,2025-11-08 00:53:05.000077,616,1.037,0.0011,"aoml_navis",1029.96529859556
"7901009",92,0,1,0.031773,1,0.009345,1,112.959067035444,1,4.85447644399429,618,1,8.5629997253418,34.992000579834,0.0317730009555817,0.0144254146143794,108.925796508789,-87.9618,25.7981,91.4820600374547,63,63,63,63,61,63,0,8045,1.29563008188212,26,-88,0.001869,51,2025-11-08 00:53:05.000077,618,1.037,0.0011,"aoml_navis",1029.97718861851
"7901009",92,0,1,0.031773,1,0.009345,1,113.140550045792,1,4.85441321764019,620,1,8.50899982452393,34.9860000610352,0.0317730009555817,0.0144254146143794,109.100799560547,-87.9618,25.7981,91.4820600374547,63,63,63,63,61,63,0,8045,1.29563008188212,26,-88,0.001869,51,2025-11-08 00:53:05.000077,620,1.037,0.0011,"aoml_navis",1029.99060356683
"7901009",92,0,1,0.026166,1,0.003738,1,113.221749807549,1,4.85436045490271,622,1,8.48200035095215,34.9830017089844,0.0261659994721413,0.0100977895781398,109.179100036621,-87.9618,25.7981,91.4820600374547,63,63,63,63,61,63,0,8045,1.29563008188212,26,-88,0.001869,51,2025-11-08 00:53:05.000077,622,1.037,0.0011,"aoml_navis",1030.00179868188
"7901009",92,0,1,0.031773,1,0.009345,1,113.415053186606,1,4.8543148564088,624,1,8.46399974822998,34.9799995422363,0.0317730009555817,0.0144254146143794,109.365501403809,-87.9618,25.7981,91.4820600374547,63,63,63,63,61,63,0,8045,1.29563008188212,26,-88,0.001869,51,2025-11-08 00:53:05.000077,624,1.037,0.0011,"aoml_navis",1030.01147389499
"7901009",92,0,1,0.029904,1,0.007476,1,113.684682601099,1,4.85426451179974,626,1,8.4399995803833,34.9770011901855,0.0299040004611015,0.0129828732460737,109.625503540039,-87.9618,25.7981,91.4820600374547,63,63,63,63,61,63,0,8045,1.29563008188212,26,-88,0.001869,51,2025-11-08 00:53:05.000077,626,1.037,0.0011,"aoml_navis",1030.02215636293
"7901009",92,0,1,0.028035,1,0.005607,1,114.127590392504,1,4.85420840777425,628,1,8.4040002822876,34.9729995727539,0.0280349999666214,0.0115403309464455,110.052597045898,-87.9618,25.7981,91.4820600374547,63,63,63,63,61,63,0,8045,1.29563008188212,26,-88,0.001869,51,2025-11-08 00:53:05.000077,628,1.037,0.0011,"aoml_navis",1030.03406116479
"7901009",92,0,1,0.028035,1,0.005607,1,114.573101196832,1,4.85413795848628,630,1,8.33100032806396,34.9650001525879,0.0280349999666214,0.0115403309464455,110.482200622559,-87.9618,25.7981,91.4820600374547,63,63,63,63,61,63,0,8045,1.29563008188212,26,-88,0.001869,51,2025-11-08 00:53:05.000077,630,1.037,0.0011,"aoml_navis",1030.04901030032
"7901009",92,0,1,0.028035,1,0.005607,1,114.798447744077,1,4.85407942603838,632,1,8.28699970245361,34.9599990844727,0.0280349999666214,0.0115403309464455,110.699501037598,-87.9618,25.7981,91.4820600374547,63,63,63,63,61,63,0,8045,1.29563008188212,26,-88,0.001869,51,2025-11-08 00:53:05.000077,632,1.037,0.0011,"aoml_navis",1030.06143104682
"7901009",92,0,1,0.026166,1,0.003738,1,114.853514522001,1,4.85403027355867,634,1,8.26900005340576,34.9580001831055,0.0261659994721413,0.0100977895781398,110.752601623535,-87.9618,25.7981,91.4820600374547,63,63,63,63,61,63,0,8045,1.29563008188212,26,-88,0.001869,51,2025-11-08 00:53:05.000077,634,1.037,0.0011,"aoml_navis",1030.07186156965
"7901009",92,0,1,0.031773,1,0.009345,1,114.796991955695,1,4.8539850439421,636,1,8.25599956512451,34.9560012817383,0.0317730009555817,0.0144254146143794,110.698097229004,-87.9618,25.7981,91.4820600374547,63,63,63,63,61,63,0,8045,1.29563008188212,26,-88,0.001869,51,2025-11-08 00:53:05.000077,636,1.037,0.0011,"aoml_navis",1030.08145981828
"7901009",92,0,1,0.028035,1,0.005607,1,114.653778773626,1,4.8539353626815,638,1,8.24199962615967,34.9550018310547,0.0280349999666214,0.0115403309464455,110.559997558594,-87.9618,25.7981,91.4820600374547,63,63,63,63,61,63,0,8045,1.29563008188212,26,-88,0.001869,51,2025-11-08 00:53:05.000077,638,1.037,0.0011,"aoml_navis",1030.09200296351
"7901009",92,0,1,0.026166,1,0.003738,1,114.469502864915,1,4.85388492145995,640,1,8.22700023651123,34.9539985656738,0.0261659994721413,0.0100977895781398,110.382301330566,-87.9618,25.7981,91.4820600374547,63,63,63,63,61,63,0,8045,1.29563008188212,26,-88,0.001869,51,2025-11-08 00:53:05.000077,640,1.037,0.0011,"aoml_navis",1030.10270760521
"7901009",92,0,1,0.031773,1,0.009345,1,114.397322661611,1,4.85382967970606,642,1,8.22000026702881,34.9560012817383,0.0317730009555817,0.0144254146143794,110.312698364258,-87.9618,25.7981,91.4820600374547,63,63,63,63,61,63,0,8045,1.29563008188212,26,-88,0.001869,51,2025-11-08 00:53:05.000077,642,1.037,0.0011,"aoml_navis",1030.11443127168
"7901009",92,0,1,0.028035,1,0.005607,1,114.566771682128,1,4.85377333691299,644,1,8.1879997253418,34.9529991149902,0.0280349999666214,0.0115403309464455,110.476097106934,-87.9618,25.7981,91.4820600374547,63,63,63,63,61,63,0,8045,1.29563008188212,26,-88,0.001869,51,2025-11-08 00:53:05.000077,644,1.037,0.0011,"aoml_navis",1030.12638888078
"7901009",92,0,1,0.029904,1,0.007476,1,114.699825993097,1,4.85371334588296,646,1,8.1560001373291,34.951000213623,0.0299040004611015,0.0129828732460737,110.604400634766,-87.9618,25.7981,91.4820600374547,63,63,63,63,61,63,0,8045,1.29563008188212,26,-88,0.001869,51,2025-11-08 00:53:05.000077,646,1.037,0.0011,"aoml_navis",1030.13912105896
"7901009",92,0,1,0.028035,1,0.005607,1,114.759347166994,1,4.8536619466715,648,1,8.13500022888184,34.9490013122559,0.0280349999666214,0.0115403309464455,110.661796569824,-87.9618,25.7981,91.4820600374547,63,63,63,63,61,63,0,8045,1.29563008188212,26,-88,0.001869,51,2025-11-08 00:53:05.000077,648,1.037,0.0011,"aoml_navis",1030.15003000546
"7901009",92,0,1,0.029904,1,0.007476,1,114.820846314236,1,4.85361621231478,650,1,8.12600040435791,34.9480018615723,0.0299040004611015,0.0129828732460737,110.721099853516,-87.9618,25.7981,91.4820600374547,63,63,63,63,61,63,0,8045,1.29563008188212,26,-88,0.001869,51,2025-11-08 00:53:05.000077,650,1.037,0.0011,"aoml_navis",1030.15973683989
"7901009",92,0,1,0.028035,1,0.005607,1,114.916872964187,1,4.85356427963994,652,1,8.10900020599365,34.9469985961914,0.0280349999666214,0.0115403309464455,110.813697814941,-87.9618,25.7981,91.4820600374547,63,63,63,63,61,63,0,8045,1.29563008188212,26,-88,0.001869,51,2025-11-08 00:53:05.000077,652,1.037,0.0011,"aoml_navis",1030.17075945081
"7901009",92,0,1,0.029904,1,0.007476,1,115.077927465828,1,4.85351214021311,654,1,8.08699989318848,34.9449996948242,0.0299040004611015,0.0129828732460737,110.96900177002,-87.9618,25.7981,91.4820600374547,63,63,63,63,61,63,0,8045,1.29563008188212,26,-88,0.001869,51,2025-11-08 00:53:05.000077,654,1.037,0.0011,"aoml_navis",1030.18182618174
"7901009",92,0,1,0.029904,1,0.007476,1,115.219787714129,1,4.85346389432473,656,1,8.06999969482422,34.943000793457,0.0299040004611015,0.0129828732460737,111.105796813965,-87.9618,25.7981,91.4820600374547,63,63,63,63,61,63,0,8045,1.29563008188212,26,-88,0.001869,51,2025-11-08 00:53:05.000077,656,1.037,0.0011,"aoml_navis",1030.19206671067
"7901009",92,0,1,0.029904,1,0.007476,1,115.300053872468,1,4.85341392954121,658,1,8.04599952697754,34.939998626709,0.0299040004611015,0.0129828732460737,111.183197021484,-87.9618,25.7981,91.4820600374547,63,63,63,63,61,63,0,8045,1.29563008188212,26,-88,0.001869,51,2025-11-08 00:53:05.000077,658,1.037,0.0011,"aoml_navis",1030.20267230177
"7901009",92,0,1,0.026166,1,0.003738,1,115.218648401482,1,4.85335006481108,660,1,8.00399971008301,34.9370002746582,0.0261659994721413,0.0100977895781398,111.104698181152,-87.9618,25.7981,91.4820600374547,63,63,63,63,61,63,0,8045,1.29563008188212,26,-88,0.001869,51,2025-11-08 00:53:05.000077,660,1.037,0.0011,"aoml_navis",1030.21622863189
"7901009",92,0,1,0.028035,1,0.005607,1,115.293312939308,1,4.85328811762778,662,1,7.99300003051758,34.939998626709,0.0280349999666214,0.0115403309464455,111.176696777344,-87.9618,25.7981,91.4820600374547,63,63,63,63,61,63,0,8045,1.29563008188212,26,-88,0.001869,51,2025-11-08 00:53:05.000077,662,1.037,0.0011,"aoml_navis",1030.2293782723
"7901009",92,0,1,0.028035,1,0.005607,1,115.846781528804,1,4.85324551284554,664,1,7.98799991607666,34.9389991760254,0.0280349999666214,0.0115403309464455,111.710403442383,-87.9618,25.7981,91.4820600374547,63,63,63,63,61,63,0,8045,1.29563008188212,26,-88,0.001869,51,2025-11-08 00:53:05.000077,664,1.037,0.0011,"aoml_navis",1030.23842226115
"7901009",92,0,1,0.031773,1,0.009345,1,116.633571854072,1,4.85318893739523,666,1,7.94099998474121,34.9329986572266,0.0317730009555817,0.0144254146143794,112.469100952148,-87.9618,25.7981,91.4820600374547,63,63,63,63,61,63,0,8045,1.29563008188212,26,-88,0.001869,51,2025-11-08 00:53:05.000077,666,1.037,0.0011,"aoml_navis",1030.25043213825
"7901009",92,0,1,0.028035,1,0.005607,1,117.16307531852,1,4.85311849459875,668,1,7.87099981307983,34.9259986877441,0.0280349999666214,0.0115403309464455,112.979698181152,-87.9618,25.7981,91.4820600374547,63,63,63,63,61,63,0,8045,1.29563008188212,26,-88,0.001869,51,2025-11-08 00:53:05.000077,668,1.037,0.0011,"aoml_navis",1030.26538617689
"7901009",92,0,1,0.029904,1,0.007476,1,117.44473081095,1,4.85306167240818,670,1,7.83300018310547,34.9220008850098,0.0299040004611015,0.0129828732460737,113.25129699707,-87.9618,25.7981,91.4820600374547,63,63,63,63,61,63,0,8045,1.29563008188212,26,-88,0.001869,51,2025-11-08 00:53:05.000077,670,1.037,0.0011,"aoml_navis",1030.27744906421
"7901009",92,0,1,0.029904,1,0.007476,1,117.647884497265,1,4.85300291063125,672,1,7.80200004577637,34.9199981689453,0.0299040004611015,0.0129828732460737,113.447196960449,-87.9618,25.7981,91.4820600374547,63,63,63,63,61,63,0,8045,1.29563008188212,26,-88,0.001869,51,2025-11-08 00:53:05.000077,672,1.037,0.0011,"aoml_navis",1030.289924007
"7901009",92,0,1,0.028035,1,0.005607,1,117.865042234862,1,4.85294735588201,674,1,7.78000020980835,34.9189987182617,0.0280349999666214,0.0115403309464455,113.656600952148,-87.9618,25.7981,91.4820600374547,63,63,63,63,61,63,0,8045,1.29563008188212,26,-88,0.001869,51,2025-11-08 00:53:05.000077,674,1.037,0.0011,"aoml_navis",1030.30171838558
"7901009",92,0,1,0.029904,1,0.007476,1,118.192744946763,1,4.85289321291215,676,1,7.75500011444092,34.9169998168945,0.0299040004611015,0.0129828732460737,113.972602844238,-87.9618,25.7981,91.4820600374547,63,63,63,63,61,63,0,8045,1.29563008188212,26,-88,0.001869,51,2025-11-08 00:53:05.000077,676,1.037,0.0011,"aoml_navis",1030.31321330056
"7901009",92,0,1,0.029904,1,0.007476,1,118.619686537328,1,4.85283757356541,678,1,7.72800016403198,34.9150009155273,0.0299040004611015,0.0129828732460737,114.384300231934,-87.9618,25.7981,91.4820600374547,63,63,63,63,61,63,0,8045,1.29563008188212,26,-88,0.001869,51,2025-11-08 00:53:05.000077,678,1.037,0.0011,"aoml_navis",1030.3250261736
"7901009",92,0,1,0.028035,1,0.005607,1,119.238997903531,1,4.85277730769352,680,1,7.69000005722046,34.9119987487793,0.0280349999666214,0.0115403309464455,114.981498718262,-87.9618,25.7981,91.4820600374547,63,63,63,63,61,63,0,8045,1.29563008188212,26,-88,0.001869,51,2025-11-08 00:53:05.000077,680,1.037,0.0011,"aoml_navis",1030.33782161672
"7901009",92,0,1,0.029904,1,0.007476,1,119.690830310669,1,4.85271633122424,682,1,7.65100002288818,34.9090003967285,0.0299040004611015,0.0129828732460737,115.417198181152,-87.9618,25.7981,91.4820600374547,63,63,63,63,61,63,0,8045,1.29563008188212,26,-88,0.001869,51,2025-11-08 00:53:05.000077,682,1.037,0.0011,"aoml_navis",1030.3507682549
"7901009",92,0,1,0.028035,1,0.005607,1,120.056177811271,1,4.85266695408154,684,1,7.63700008392334,34.9080009460449,0.0280349999666214,0.0115403309464455,115.769500732422,-87.9618,25.7981,91.4820600374547,63,63,63,63,61,63,0,8045,1.29563008188212,26,-88,0.001869,51,2025-11-08 00:53:05.000077,684,1.037,0.0011,"aoml_navis",1030.36125234074
"7901009",92,0,1,0.028035,1,0.005607,1,120.351418024635,1,4.8526168281239,686,1,7.62200021743774,34.9070014953613,0.0280349999666214,0.0115403309464455,116.05419921875,-87.9618,25.7981,91.4820600374547,63,63,63,63,61,63,0,8045,1.29563008188212,26,-88,0.001869,51,2025-11-08 00:53:05.000077,686,1.037,0.0011,"aoml_navis",1030.37189563823
"7901009",92,0,1,0.029904,1,0.007476,1,120.680054339954,1,4.85257276742163,688,1,7.61499977111816,34.9059982299805,0.0299040004611015,0.0129828732460737,116.371101379395,-87.9618,25.7981,91.4820600374547,63,63,63,63,61,63,0,8045,1.29563008188212,26,-88,0.001869,51,2025-11-08 00:53:05.000077,688,1.037,0.0011,"aoml_navis",1030.38125127523
"7901009",92,0,1,0.029904,1,0.007476,1,120.990121441512,1,4.85251812337901,690,1,7.5939998626709,34.9049987792969,0.0299040004611015,0.0129828732460737,116.670097351074,-87.9618,25.7981,91.4820600374547,63,63,63,63,61,63,0,8045,1.29563008188212,26,-88,0.001869,51,2025-11-08 00:53:05.000077,690,1.037,0.0011,"aoml_navis",1030.39285436368
"7901009",92,0,1,0.031773,1,0.009345,1,121.470167660442,1,4.8524672662421,692,1,7.57800006866455,34.9039993286133,0.0317730009555817,0.0144254146143794,117.133003234863,-87.9618,25.7981,91.4820600374547,63,63,63,63,61,63,0,8045,1.29563008188212,26,-88,0.001869,51,2025-11-08 00:53:05.000077,692,1.037,0.0011,"aoml_navis",1030.40365357728
"7901009",92,0,1,0.031773,1,0.009345,1,122.128674546449,1,4.85240796211241,694,1,7.54099988937378,34.9010009765625,0.0317730009555817,0.0144254146143794,117.767997741699,-87.9618,25.7981,91.4820600374547,63,63,63,63,61,63,0,8045,1.29563008188212,26,-88,0.001869,51,2025-11-08 00:53:05.000077,694,1.037,0.0011,"aoml_navis",1030.41624674594
"7901009",92,0,1,0.029904,1,0.007476,1,122.911944079163,1,4.85233747119359,696,1,7.48899984359741,34.8979988098145,0.0299040004611015,0.0129828732460737,118.523300170898,-87.9618,25.7981,91.4820600374547,63,63,63,63,61,63,0,8045,1.29563008188212,26,-88,0.001869,51,2025-11-08 00:53:05.000077,696,1.037,0.0011,"aoml_navis",1030.43121581774
"7901009",92,0,1,0.029904,1,0.007476,1,123.715642120584,1,4.85227543847115,698,1,7.45800018310547,34.8969993591309,0.0299040004611015,0.0129828732460737,119.298301696777,-87.9618,25.7981,91.4820600374547,63,63,63,63,61,63,0,8045,1.29563008188212,26,-88,0.001869,51,2025-11-08 00:53:05.000077,698,1.037,0.0011,"aoml_navis",1030.4443891123
"7901009",92,0,1,0.029904,1,0.007476,1,124.415528208968,1,4.85220287855414,700,1,7.40299987792969,34.8940010070801,0.0299040004611015,0.0129828732460737,119.973197937012,-87.9618,25.7981,91.4820600374547,63,63,63,63,61,63,0,8045,1.29563008188212,26,-88,0.001869,51,2025-11-08 00:53:05.000077,700,1.037,0.0011,"aoml_navis",1030.45979839365
"7901009",92,0,1,0.029904,1,0.007476,1,124.896610885931,1,4.85212451699442,702,1,7.34000015258789,34.890998840332,0.0299040004611015,0.0129828732460737,120.437103271484,-87.9618,25.7981,91.4820600374547,63,63,63,63,61,63,0,8045,1.29563008188212,26,-88,0.001869,51,2025-11-08 00:53:05.000077,702,1.037,0.0011,"aoml_navis",1030.47644026604
"7901009",92,0,1,0.026166,1,0.003738,1,125.143208778795,1,4.85206415887114,704,1,7.31099987030029,34.8899993896484,0.0261659994721413,0.0100977895781398,120.674896240234,-87.9618,25.7981,91.4820600374547,63,63,63,63,61,63,0,8045,1.29563008188212,26,-88,0.001869,51,2025-11-08 00:53:05.000077,704,1.037,0.0011,"aoml_navis",1030.48925906274
"7901009",92,0,1,0.028035,1,0.005607,1,125.388572416291,1,4.85201124551758,706,1,7.29199981689453,34.8889999389648,0.0280349999666214,0.0115403309464455,120.911499023438,-87.9618,25.7981,91.4820600374547,63,63,63,63,61,63,0,8045,1.29563008188212,26,-88,0.001869,51,2025-11-08 00:53:05.000077,706,1.037,0.0011,"aoml_navis",1030.50049700918
"7901009",92,0,1,0.029904,1,0.007476,1,125.734733575447,1,4.85196498951445,708,1,7.27699995040894,34.8870010375977,0.0299040004611015,0.0129828732460737,121.245300292969,-87.9618,25.7981,91.4820600374547,63,63,63,63,61,63,0,8045,1.29563008188212,26,-88,0.001869,51,2025-11-08 00:53:05.000077,708,1.037,0.0011,"aoml_navis",1030.51032124211
"7901009",92,0,1,0.028035,1,0.005607,1,126.233958223931,1,4.85191283535165,710,1,7.25400018692017,34.8849983215332,0.0280349999666214,0.0115403309464455,121.726699829102,-87.9618,25.7981,91.4820600374547,63,63,63,63,61,63,0,8045,1.29563008188212,26,-88,0.001869,51,2025-11-08 00:53:05.000077,710,1.037,0.0011,"aoml_navis",1030.52139839969
"7901009",92,0,1,0.029904,1,0.007476,1,126.951994195728,1,4.85180909702699,712,1,7.15100002288818,34.8810005187988,0.0299040004611015,0.0129828732460737,122.419097900391,-87.9618,25.7981,91.4820600374547,63,63,63,63,61,63,0,8045,1.29563008188212,26,-88,0.001869,51,2025-11-08 00:53:05.000077,712,1.037,0.0011,"aoml_navis",1030.54343235883
"7901009",92,0,1,0.028035,1,0.005607,1,127.051968880476,1,4.85168985509283,714,1,7.02099990844727,34.8759994506836,0.0280349999666214,0.0115403309464455,122.515502929688,-87.9618,25.7981,91.4820600374547,63,63,63,63,61,63,0,8045,1.29563008188212,26,-88,0.001869,51,2025-11-08 00:53:05.000077,714,1.037,0.0011,"aoml_navis",1030.56876043952
"7901009",92,0,1,0.028035,1,0.005607,1,126.504521241842,1,4.85161980220981,716,1,6.96799993515015,34.8730010986328,0.0280349999666214,0.0115403309464455,121.987602233887,-87.9618,25.7981,91.4820600374547,63,63,63,63,61,63,0,8045,1.29563008188212,26,-88,0.001869,51,2025-11-08 00:53:05.000077,716,1.037,0.0011,"aoml_navis",1030.58364089507
"7901009",92,0,1,0.031773,1,0.009345,1,125.92554470809,1,4.85155113292248,718,1,6.93200016021729,34.8730010986328,0.0317730009555817,0.0144254146143794,121.429298400879,-87.9618,25.7981,91.4820600374547,63,63,63,63,61,63,0,8045,1.29563008188212,26,-88,0.001869,51,2025-11-08 00:53:05.000077,718,1.037,0.0011,"aoml_navis",1030.59822786782
"7901009",92,0,1,0.029904,1,0.007476,1,125.327595454013,1,4.85149523567784,720,1,6.93900012969971,34.8779983520508,0.0299040004611015,0.0129828732460737,120.852699279785,-87.9618,25.7981,91.4820600374547,63,63,63,63,61,63,0,8045,1.29563008188212,26,-88,0.001869,51,2025-11-08 00:53:05.000077,720,1.037,0.0011,"aoml_navis",1030.61010206298
"7901009",92,0,1,0.029904,1,0.007476,1,125.471845094114,1,4.85142639792751,722,1,6.91800022125244,34.8810005187988,0.0299040004611015,0.0129828732460737,120.991798400879,-87.9618,25.7981,91.4820600374547,63,63,63,63,61,63,0,8045,1.29563008188212,26,-88,0.001869,51,2025-11-08 00:53:05.000077,722,1.037,0.0011,"aoml_navis",1030.62472557266
"7901009",92,0,1,0.031773,1,0.009345,1,125.699581033161,1,4.85135923884565,724,1,6.88399982452393,34.8810005187988,0.0317730009555817,0.0144254146143794,121.211402893066,-87.9618,25.7981,91.4820600374547,63,63,63,63,61,63,0,8045,1.29563008188212,26,-88,0.001869,51,2025-11-08 00:53:05.000077,724,1.037,0.0011,"aoml_navis",1030.63899287527
"7901009",92,0,1,0.028035,1,0.005607,1,125.768121765511,1,4.85131234640465,726,1,6.87799978256226,34.8810005187988,0.0280349999666214,0.0115403309464455,121.277496337891,-87.9618,25.7981,91.4820600374547,63,63,63,63,61,63,0,8045,1.29563008188212,26,-88,0.001869,51,2025-11-08 00:53:05.000077,726,1.037,0.0011,"aoml_navis",1030.64895495866
"7901009",92,0,1,0.026166,1,0.003738,1,125.927617624155,1,4.8512705854919,728,1,6.87400007247925,34.8800010681152,0.0261659994721413,0.0100977895781398,121.431297302246,-87.9618,25.7981,91.4820600374547,63,63,63,63,61,63,0,8045,1.29563008188212,26,-88,0.001869,51,2025-11-08 00:53:05.000077,728,1.037,0.0011,"aoml_navis",1030.65782703461
"7901009",92,0,1,0.031773,1,0.009345,1,126.124030377311,1,4.8512193615721,730,1,6.86199998855591,34.8800010681152,0.0317730009555817,0.0144254146143794,121.620697021484,-87.9618,25.7981,91.4820600374547,63,63,63,63,61,63,0,8045,1.29563008188212,26,-88,0.001869,51,2025-11-08 00:53:05.000077,730,1.037,0.0011,"aoml_navis",1030.6687097282
"7901009",92,0,1,0.026166,1,0.003738,1,126.408597446505,1,4.85117684199303,731.900024414062,1,6.85400009155273,34.8790016174316,0.0261659994721413,0.0100977895781398,121.89510345459,-87.9618,25.7981,91.4820600374547,63,63,63,63,61,63,0,8045,1.29563008188212,26,-88,0.001869,51,2025-11-08 00:53:05.000077,731.900024414062,1.037,0.0011,"aoml_navis",1030.67774332997
"7901009",92,0,1,0.028035,1,0.005607,1,126.767615432403,1,4.85111339963195,734,1,6.82800006866455,34.8790016174316,0.0280349999666214,0.0115403309464455,122.241302490234,-87.9618,25.7981,91.4820600374547,63,63,63,63,61,63,0,8045,1.29563008188212,26,-88,0.001869,51,2025-11-08 00:53:05.000077,734,1.037,0.0011,"aoml_navis",1030.69122242728
"7901009",92,0,1,0.028035,1,0.005607,1,127.116055216853,1,4.85105868886166,736,1,6.80600023269653,34.8779983520508,0.0280349999666214,0.0115403309464455,122.577301025391,-87.9618,25.7981,91.4820600374547,63,63,63,63,61,63,0,8045,1.29563008188212,26,-88,0.001869,51,2025-11-08 00:53:05.000077,736,1.037,0.0011,"aoml_navis",1030.70284667558
"7901009",92,0,1,0.028035,1,0.005607,1,127.388271820481,1,4.85099742152738,738,1,6.78000020980835,34.8779983520508,0.0280349999666214,0.0115403309464455,122.839797973633,-87.9618,25.7981,91.4820600374547,63,63,63,63,61,63,0,8045,1.29563008188212,26,-88,0.001869,51,2025-11-08 00:53:05.000077,738,1.037,0.0011,"aoml_navis",1030.71586429038
"7901009",92,0,1,0.024297,1,0.001869,1,127.548804137158,1,4.85094848342403,740,1,6.76599979400635,34.8769989013672,0.0242970008403063,0.0086552482098341,122.994598388672,-87.9618,25.7981,91.4820600374547,63,63,63,63,61,63,0,8045,1.29563008188212,26,-88,0.001869,51,2025-11-08 00:53:05.000077,740,1.037,0.0011,"aoml_navis",1030.72626252068
"7901009",92,0,1,0.026166,1,0.003738,1,127.741901806988,1,4.85089802320255,742,1,6.75500011444092,34.8769989013672,0.0261659994721413,0.0100977895781398,123.180801391602,-87.9618,25.7981,91.4820600374547,63,63,63,63,61,63,0,8045,1.29563008188212,26,-88,0.001869,51,2025-11-08 00:53:05.000077,742,1.037,0.0011,"aoml_navis",1030.73698438604
"7901009",92,0,1,0.028035,1,0.005607,1,127.917886051436,1,4.85084541379227,744,1,6.74100017547607,34.8769989013672,0.0280349999666214,0.0115403309464455,123.35050201416,-87.9618,25.7981,91.4820600374547,63,63,63,63,61,63,0,8045,1.29563008188212,26,-88,0.001869,51,2025-11-08 00:53:05.000077,744,1.037,0.0011,"aoml_navis",1030.74816315186
"7901009",92,0,1,0.028035,1,0.005607,1,128.017749969677,1,4.85079855049084,746,1,6.7350001335144,34.8769989013672,0.0280349999666214,0.0115403309464455,123.446800231934,-87.9618,25.7981,91.4820600374547,63,63,63,63,61,63,0,8045,1.29563008188212,26,-88,0.001869,51,2025-11-08 00:53:05.000077,746,1.037,0.0011,"aoml_navis",1030.7581211539
"7901009",92,0,1,0.024297,1,0.001869,1,128.237803460251,1,4.85075537308719,748,1,6.72900009155273,34.8759994506836,0.0242970008403063,0.0086552482098341,123.658996582031,-87.9618,25.7981,91.4820600374547,63,63,63,63,61,63,0,8045,1.29563008188212,26,-88,0.001869,51,2025-11-08 00:53:05.000077,748,1.037,0.0011,"aoml_navis",1030.76729610832
"7901009",92,0,1,0.033642,1,0.011214,1,128.451638202629,1,4.85070564454444,750,1,6.7189998626709,34.8759994506836,0.0336420014500618,0.0158679541200399,123.865196228027,-87.9618,25.7981,91.4820600374547,63,63,63,63,61,63,0,8045,1.29563008188212,26,-88,0.001869,51,2025-11-08 00:53:05.000077,750,1.037,0.0011,"aoml_navis",1030.7778633452
"7901009",92,0,1,0.033642,1,0.011214,1,128.729875757119,1,4.85065161963014,752,1,6.70300006866455,34.8759994506836,0.0336420014500618,0.0158679541200399,124.133499145508,-87.9618,25.7981,91.4820600374547,63,63,63,63,61,63,0,8045,1.29563008188212,26,-88,0.001869,51,2025-11-08 00:53:05.000077,752,1.037,0.0011,"aoml_navis",1030.7893437998
"7901009",92,0,1,0.035511,1,0.013083,1,128.98042168478,1,4.85059913985482,754,1,6.68400001525879,34.875,0.0355109982192516,0.0173104964196682,124.375099182129,-87.9618,25.7981,91.4820600374547,63,63,63,63,61,63,0,8045,1.29563008188212,26,-88,0.001869,51,2025-11-08 00:53:05.000077,754,1.037,0.0011,"aoml_navis",1030.80049615266
"7901009",92,0,1,0.028035,1,0.005607,1,129.143549102486,1,4.85055443707275,756,1,6.68100023269653,34.875,0.0280349999666214,0.0115403309464455,124.532402038574,-87.9618,25.7981,91.4820600374547,63,63,63,63,61,63,0,8045,1.29563008188212,26,-88,0.001869,51,2025-11-08 00:53:05.000077,756,1.037,0.0011,"aoml_navis",1030.80999602541
"7901009",92,0,1,0.028035,1,0.005607,1,129.530978697511,1,4.85050472570173,758,1,6.6710000038147,34.875,0.0280349999666214,0.0115403309464455,124.90599822998,-87.9618,25.7981,91.4820600374547,63,63,63,63,61,63,0,8045,1.29563008188212,26,-88,0.001869,51,2025-11-08 00:53:05.000077,758,1.037,0.0011,"aoml_navis",1030.8205604885
"7901009",92,0,1,0.028035,1,0.005607,1,129.884711538632,1,4.85044000868765,760,1,6.6399998664856,34.875,0.0280349999666214,0.0115403309464455,125.247100830078,-87.9618,25.7981,91.4820600374547,63,63,63,63,61,63,0,8045,1.29563008188212,26,-88,0.001869,51,2025-11-08 00:53:05.000077,760,1.037,0.0011,"aoml_navis",1030.83431421572
"7901009",92,0,1,0.026166,1,0.003738,1,130.161081886285,1,4.85038971282838,762,1,6.62400007247925,34.8740005493164,0.0261659994721413,0.0100977895781398,125.513603210449,-87.9618,25.7981,91.4820600374547,63,63,63,63,61,63,0,8045,1.29563008188212,26,-88,0.001869,51,2025-11-08 00:53:05.000077,762,1.037,0.0011,"aoml_navis",1030.84500339755
"7901009",92,0,1,0.029904,1,0.007476,1,130.400321718305,1,4.8503371681325,764,1,6.6100001335144,34.8740005493164,0.0299040004611015,0.0129828732460737,125.744300842285,-87.9618,25.7981,91.4820600374547,63,63,63,63,61,63,0,8045,1.29563008188212,26,-88,0.001869,51,2025-11-08 00:53:05.000077,764,1.037,0.0011,"aoml_navis",1030.85617075258
"7901009",92,0,1,0.028035,1,0.005607,1,130.614670733753,1,4.85028890684904,766,1,6.60200023651123,34.8740005493164,0.0280349999666214,0.0115403309464455,125.950996398926,-87.9618,25.7981,91.4820600374547,63,63,63,63,61,63,0,8045,1.29563008188212,26,-88,0.001869,51,2025-11-08 00:53:05.000077,766,1.037,0.0011,"aoml_navis",1030.86642796464
"7901009",92,0,1,0.029904,1,0.007476,1,130.936257552071,1,4.85024504443296,768,1,6.59499979019165,34.8730010986328,0.0299040004611015,0.0129828732460737,126.261100769043,-87.9618,25.7981,91.4820600374547,63,63,63,63,61,63,0,8045,1.29563008188212,26,-88,0.001869,51,2025-11-08 00:53:05.000077,768,1.037,0.0011,"aoml_navis",1030.87575044047
"7901009",92,0,1,0.029904,1,0.007476,1,131.321819940259,1,4.8501868178155,770,1,6.57299995422363,34.8730010986328,0.0299040004611015,0.0129828732460737,126.63289642334,-87.9618,25.7981,91.4820600374547,63,63,63,63,61,63,0,8045,1.29563008188212,26,-88,0.001869,51,2025-11-08 00:53:05.000077,770,1.037,0.0011,"aoml_navis",1030.88812613036
"7901009",92,0,1,0.033642,1,0.011214,1,131.644648925838,1,4.85013003117879,772,1,6.55299997329712,34.8730010986328,0.0336420014500618,0.0158679541200399,126.944198608398,-87.9618,25.7981,91.4820600374547,63,63,63,63,61,63,0,8045,1.29563008188212,26,-88,0.001869,51,2025-11-08 00:53:05.000077,772,1.037,0.0011,"aoml_navis",1030.90019604789
"7901009",92,0,1,0.028035,1,0.005607,1,131.887939647269,1,4.85008262663717,774,1,6.54099988937378,34.8720016479492,0.0280349999666214,0.0115403309464455,127.178802490234,-87.9618,25.7981,91.4820600374547,63,63,63,63,61,63,0,8045,1.29563008188212,26,-88,0.001869,51,2025-11-08 00:53:05.000077,774,1.037,0.0011,"aoml_navis",1030.91027203113
"7901009",92,0,1,0.029904,1,0.007476,1,132.1107939481,1,4.85003651580892,776,1,6.53599977493286,34.8720016479492,0.0299040004611015,0.0129828732460737,127.393699645996,-87.9618,25.7981,91.4820600374547,63,63,63,63,61,63,0,8045,1.29563008188212,26,-88,0.001869,51,2025-11-08 00:53:05.000077,776,1.037,0.0011,"aoml_navis",1030.92007322054
"7901009",92,0,1,0.031773,1,0.009345,1,132.411010742399,1,4.84999339471059,778,1,6.53000020980835,34.8709983825684,0.0317730009555817,0.0144254146143794,127.683197021484,-87.9618,25.7981,91.4820600374547,63,63,63,63,61,63,0,8045,1.29563008188212,26,-88,0.001869,51,2025-11-08 00:53:05.000077,778,1.037,0.0011,"aoml_navis",1030.92923908989
"7901009",92,0,1,0.031773,1,0.009345,1,132.780084744784,1,4.8499381926176,780,1,6.50699996948242,34.8699989318848,0.0317730009555817,0.0144254146143794,128.039093017578,-87.9618,25.7981,91.4820600374547,63,63,63,63,61,63,0,8045,1.29563008188212,26,-88,0.001869,51,2025-11-08 00:53:05.000077,780,1.037,0.0011,"aoml_navis",1030.940973147
"7901009",92,0,1,0.029904,1,0.007476,1,133.124805939345,1,4.84987932694806,782,1,6.48400020599365,34.8699989318848,0.0299040004611015,0.0129828732460737,128.371505737305,-87.9618,25.7981,91.4820600374547,63,63,63,63,61,63,0,8045,1.29563008188212,26,-88,0.001869,51,2025-11-08 00:53:05.000077,782,1.037,0.0011,"aoml_navis",1030.95348624816
"7901009",92,0,1,0.029904,1,0.007476,1,133.321210780607,1,4.84982897554162,784,1,6.47300004959106,34.8699989318848,0.0299040004611015,0.0129828732460737,128.560897827148,-87.9618,25.7981,91.4820600374547,63,63,63,63,61,63,0,8045,1.29563008188212,26,-88,0.001869,51,2025-11-08 00:53:05.000077,784,1.037,0.0011,"aoml_navis",1030.96418970972
"7901009",92,0,1,0.026166,1,0.003738,1,133.641958938227,1,4.84978726840486,786,1,6.4689998626709,34.8689994812012,0.0261659994721413,0.0100977895781398,128.870193481445,-87.9618,25.7981,91.4820600374547,63,63,63,63,61,63,0,8045,1.29563008188212,26,-88,0.001869,51,2025-11-08 00:53:05.000077,786,1.037,0.0011,"aoml_navis",1030.973055782
"7901009",92,0,1,0.026166,1,0.003738,1,134.130201878699,1,4.84972843332743,788,1,6.44600009918213,34.8689994812012,0.0261659994721413,0.0100977895781398,129.341003417969,-87.9618,25.7981,91.4820600374547,63,63,63,63,61,63,0,8045,1.29563008188212,26,-88,0.001869,51,2025-11-08 00:53:05.000077,788,1.037,0.0011,"aoml_navis",1030.98556315853
"7901009",92,0,1,0.028035,1,0.005607,1,134.565229424298,1,4.8496747149038,790,1,6.42500019073486,34.8680000305176,0.0280349999666214,0.0115403309464455,129.760498046875,-87.9618,25.7981,91.4820600374547,63,63,63,63,61,63,0,8045,1.29563008188212,26,-88,0.001869,51,2025-11-08 00:53:05.000077,790,1.037,0.0011,"aoml_navis",1030.99698308306
"7901009",92,0,1,0.026166,1,0.003738,1,135.037189688194,1,4.84960447674873,792,1,6.39099979400635,34.8689994812012,0.0261659994721413,0.0100977895781398,130.215606689453,-87.9618,25.7981,91.4820600374547,63,63,63,63,61,63,0,8045,1.29563008188212,26,-88,0.001869,51,2025-11-08 00:53:05.000077,792,1.037,0.0011,"aoml_navis",1031.01191529584
"7901009",92,0,1,0.031773,1,0.009345,1,135.350579784971,1,4.84954219111758,794,1,6.36299991607666,34.8689994812012,0.0317730009555817,0.0144254146143794,130.517807006836,-87.9618,25.7981,91.4820600374547,63,63,63,63,61,63,0,8045,1.29563008188212,26,-88,0.001869,51,2025-11-08 00:53:05.000077,794,1.037,0.0011,"aoml_navis",1031.02515721133
"7901009",92,0,1,0.029904,1,0.007476,1,135.620406996798,1,4.84948907249915,796,1,6.34800004959106,34.8689994812012,0.0299040004611015,0.0129828732460737,130.77799987793,-87.9618,25.7981,91.4820600374547,63,63,63,63,61,63,0,8045,1.29563008188212,26,-88,0.001869,51,2025-11-08 00:53:05.000077,796,1.037,0.0011,"aoml_navis",1031.03645049009
"7901009",92,0,1,0.026166,1,0.003738,1,135.846275729006,1,4.84943315185977,798,1,6.3289999961853,34.8689994812012,0.0261659994721413,0.0100977895781398,130.995803833008,-87.9618,25.7981,91.4820600374547,63,63,63,63,61,63,0,8045,1.29563008188212,26,-88,0.001869,51,2025-11-08 00:53:05.000077,798,1.037,0.0011,"aoml_navis",1031.04833975956
"7901009",92,0,1,0.028035,1,0.005607,1,136.05087729181,1,4.84937724439385,800,1,6.30999994277954,34.8689994812012,0.0280349999666214,0.0115403309464455,131.193099975586,-87.9618,25.7981,91.4820600374547,63,63,63,63,61,63,0,8045,1.29563008188212,26,-88,0.001869,51,2025-11-08 00:53:05.000077,800,1.037,0.0011,"aoml_navis",1031.06022650234
"7901009",92,0,1,0.029904,1,0.007476,1,136.113096421349,1,4.84932906264678,802,1,6.30200004577637,34.8689994812012,0.0299040004611015,0.0129828732460737,131.25309753418,-87.9618,25.7981,91.4820600374547,63,63,63,63,61,63,0,8045,1.29563008188212,26,-88,0.001869,51,2025-11-08 00:53:05.000077,802,1.037,0.0011,"aoml_navis",1031.07047086447
"7901009",92,0,1,0.024297,1,0.001869,1,136.18683526765,1,4.84928298720949,804,1,6.29699993133545,34.8689994812012,0.0242970008403063,0.0086552482098341,131.324203491211,-87.9618,25.7981,91.4820600374547,63,63,63,63,61,63,0,8045,1.29563008188212,26,-88,0.001869,51,2025-11-08 00:53:05.000077,804,1.037,0.0011,"aoml_navis",1031.08026757524
"7901009",92,0,1,0.029904,1,0.007476,1,136.307238461105,1,4.84923691363021,806,1,6.29199981689453,34.8689994812012,0.0299040004611015,0.0129828732460737,131.440307617188,-87.9618,25.7981,91.4820600374547,63,63,63,63,61,63,0,8045,1.29563008188212,26,-88,0.001869,51,2025-11-08 00:53:05.000077,806,1.037,0.0011,"aoml_navis",1031.0900640771
"7901009",92,0,1,0.033642,1,0.011214,1,136.397244160194,1,4.84918645637857,808,1,6.28599977493286,34.8699989318848,0.0336420014500618,0.0158679541200399,131.527099609375,-87.9618,25.7981,91.4820600374547,63,63,63,63,61,63,0,8045,1.29563008188212,26,-88,0.001869,51,2025-11-08 00:53:05.000077,808,1.037,0.0011,"aoml_navis",1031.10079288105
"7901009",92,0,1,0.031773,1,0.009345,1,136.472945156053,1,4.84914547353302,810,1,6.28299999237061,34.8689994812012,0.0317730009555817,0.0144254146143794,131.60009765625,-87.9618,25.7981,91.4820600374547,63,63,63,63,61,63,0,8045,1.29563008188212,26,-88,0.001869,51,2025-11-08 00:53:05.000077,810,1.037,0.0011,"aoml_navis",1031.10950729162
"7901009",92,0,1,0.029904,1,0.007476,1,136.598839203513,1,4.84909572128331,812,1,6.27799987792969,34.8699989318848,0.0299040004611015,0.0129828732460737,131.721496582031,-87.9618,25.7981,91.4820600374547,63,63,63,63,61,63,0,8045,1.29563008188212,26,-88,0.001869,51,2025-11-08 00:53:05.000077,812,1.037,0.0011,"aoml_navis",1031.12008658735
"7901009",92,0,1,0.029904,1,0.007476,1,136.753358481222,1,4.84905263821951,814,1,6.27199983596802,34.8689994812012,0.0299040004611015,0.0129828732460737,131.870498657227,-87.9618,25.7981,91.4820600374547,63,63,63,63,61,63,0,8045,1.29563008188212,26,-88,0.001869,51,2025-11-08 00:53:05.000077,814,1.037,0.0011,"aoml_navis",1031.12924792582
"7901009",92,0,1,0.031773,1,0.009345,1,136.896373865957,1,4.84900657425853,816,1,6.26700019836426,34.8689994812012,0.0317730009555817,0.0144254146143794,132.008407592773,-87.9618,25.7981,91.4820600374547,63,63,63,63,61,63,0,8045,1.29563008188212,26,-88,0.001869,51,2025-11-08 00:53:05.000077,816,1.037,0.0011,"aoml_navis",1031.13904331313
"7901009",92,0,1,0.029904,1,0.007476,1,137.169935491459,1,4.84896051181886,818,1,6.26200008392334,34.8689994812012,0.0299040004611015,0.0129828732460737,132.272201538086,-87.9618,25.7981,91.4820600374547,63,63,63,63,61,63,0,8045,1.29563008188212,26,-88,0.001869,51,2025-11-08 00:53:05.000077,818,1.037,0.0011,"aoml_navis",1031.14883856303
"7901009",92,0,1,0.028035,1,0.005607,1,137.52252110804,1,4.84890534370091,820,1,6.24399995803833,34.8689994812012,0.0280349999666214,0.0115403309464455,132.612197875977,-87.9618,25.7981,91.4820600374547,63,63,63,63,61,63,0,8045,1.29563008188212,26,-88,0.001869,51,2025-11-08 00:53:05.000077,820,1.037,0.0011,"aoml_navis",1031.16057039459
"7901009",92,0,1,0.033642,1,0.011214,1,137.771002031528,1,4.84884878837822,822,1,6.22399997711182,34.8689994812012,0.0336420014500618,0.0158679541200399,132.851806640625,-87.9618,25.7981,91.4820600374547,63,63,63,63,61,63,0,8045,1.29563008188212,26,-88,0.001869,51,2025-11-08 00:53:05.000077,822,1.037,0.0011,"aoml_navis",1031.17259750068
"7901009",92,0,1,0.031773,1,0.009345,1,137.971141286465,1,4.8487969512158,824,1,6.21600008010864,34.8699989318848,0.0317730009555817,0.0144254146143794,133.044799804688,-87.9618,25.7981,91.4820600374547,63,63,63,63,61,63,0,8045,1.29563008188212,26,-88,0.001869,51,2025-11-08 00:53:05.000077,824,1.037,0.0011,"aoml_navis",1031.18362148497
"7901009",92,0,1,0.028035,1,0.005607,1,138.124521251528,1,4.84874740251621,826,1,6.20599985122681,34.8699989318848,0.0280349999666214,0.0115403309464455,133.19270324707,-87.9618,25.7981,91.4820600374547,63,63,63,63,61,63,0,8045,1.29563008188212,26,-88,0.001869,51,2025-11-08 00:53:05.000077,826,1.037,0.0011,"aoml_navis",1031.19415901214
"7901009",92,0,1,0.031773,1,0.009345,1,138.285987171624,1,4.84870503566857,828,1,6.20100021362305,34.8689994812012,0.0317730009555817,0.0144254146143794,133.348403930664,-87.9618,25.7981,91.4820600374547,63,63,63,63,61,63,0,8045,1.29563008188212,26,-88,0.001869,51,2025-11-08 00:53:05.000077,828,1.037,0.0011,"aoml_navis",1031.2031693449
"7901009",92,0,1,0.029904,1,0.007476,1,138.397054330891,1,4.84865688988707,830,1,6.19299983978271,34.8689994812012,0.0299040004611015,0.0129828732460737,133.455505371094,-87.9618,25.7981,91.4820600374547,63,63,63,63,61,63,0,8045,1.29563008188212,26,-88,0.001869,51,2025-11-08 00:53:05.000077,830,1.037,0.0011,"aoml_navis",1031.21340889857
"7901009",92,0,1,0.028035,1,0.005607,1,138.510811533907,1,4.8486122401767,832,1,6.19000005722046,34.8689994812012,0.0280349999666214,0.0115403309464455,133.565200805664,-87.9618,25.7981,91.4820600374547,63,63,63,63,61,63,0,8045,1.29563008188212,26,-88,0.001869,51,2025-11-08 00:53:05.000077,832,1.037,0.0011,"aoml_navis",1031.2229050962
"7901009",92,0,1,0.029904,1,0.007476,1,138.698829768186,1,4.84856619461484,834,1,6.18499994277954,34.8689994812012,0.0299040004611015,0.0129828732460737,133.746505737305,-87.9618,25.7981,91.4820600374547,63,63,63,63,61,63,0,8045,1.29563008188212,26,-88,0.001869,51,2025-11-08 00:53:05.000077,834,1.037,0.0011,"aoml_navis",1031.23269834974
"7901009",92,0,1,0.026166,1,0.003738,1,138.972185684461,1,4.84851875386591,836,1,6.17799997329712,34.8689994812012,0.0261659994721413,0.0100977895781398,134.010101318359,-87.9618,25.7981,91.4820600374547,63,63,63,63,61,63,0,8045,1.29563008188212,26,-88,0.001869,51,2025-11-08 00:53:05.000077,836,1.037,0.0011,"aoml_navis",1031.24278853481
"7901009",92,0,1,0.026166,1,0.003738,1,139.420805862886,1,4.84846642807075,838,1,6.16400003433228,34.8689994812012,0.0261659994721413,0.0100977895781398,134.44270324707,-87.9618,25.7981,91.4820600374547,63,63,63,63,61,63,0,8045,1.29563008188212,26,-88,0.001869,51,2025-11-08 00:53:05.000077,838,1.037,0.0011,"aoml_navis",1031.25391795062
"7901009",92,0,1,0.028035,1,0.005607,1,139.779815936891,1,4.8484085306963,840,1,6.14200019836426,34.8689994812012,0.0280349999666214,0.0115403309464455,134.78889465332,-87.9618,25.7981,91.4820600374547,63,63,63,63,61,63,0,8045,1.29563008188212,26,-88,0.001869,51,2025-11-08 00:53:05.000077,840,1.037,0.0011,"aoml_navis",1031.2662326914
"7901009",92,0,1,0.031773,1,0.009345,1,140.033787714385,1,4.84835831257653,842,1,6.13100004196167,34.8689994812012,0.0317730009555817,0.0144254146143794,135.033798217773,-87.9618,25.7981,91.4820600374547,63,63,63,63,61,63,0,8045,1.29563008188212,26,-88,0.001869,51,2025-11-08 00:53:05.000077,842,1.037,0.0011,"aoml_navis",1031.27691429697
"7901009",92,0,1,0.031773,1,0.009345,1,140.326337883999,1,4.84830949190498,844,1,6.12200021743774,34.8689994812012,0.0317730009555817,0.0144254146143794,135.315902709961,-87.9618,25.7981,91.4820600374547,63,63,63,63,61,63,0,8045,1.29563008188212,26,-88,0.001869,51,2025-11-08 00:53:05.000077,844,1.037,0.0011,"aoml_navis",1031.28729887155
"7901009",92,0,1,0.028035,1,0.005607,1,140.682135729292,1,4.84826137021351,846,1,6.11399984359741,34.8689994812012,0.0280349999666214,0.0115403309464455,135.658996582031,-87.9618,25.7981,91.4820600374547,63,63,63,63,61,63,0,8045,1.29563008188212,26,-88,0.001869,51,2025-11-08 00:53:05.000077,846,1.037,0.0011,"aoml_navis",1031.29753497176
"7901009",92,0,1,0.029904,1,0.007476,1,141.253437726466,1,4.84821136797834,848,1,6.09800004959106,34.8680000305176,0.0299040004611015,0.0129828732460737,136.209899902344,-87.9618,25.7981,91.4820600374547,63,63,63,63,61,63,0,8045,1.29563008188212,26,-88,0.001869,51,2025-11-08 00:53:05.000077,848,1.037,0.0011,"aoml_navis",1031.30817130297
"7901009",92,0,1,0.031773,1,0.009345,1,141.607067712973,1,4.84814566987365,850,1,6.07000017166138,34.8689994812012,0.0317730009555817,0.0144254146143794,136.550903320312,-87.9618,25.7981,91.4820600374547,63,63,63,63,61,63,0,8045,1.29563008188212,26,-88,0.001869,51,2025-11-08 00:53:05.000077,850,1.037,0.0011,"aoml_navis",1031.32214674777
"7901009",92,0,1,0.028035,1,0.005607,1,141.800466034751,1,4.84809617337229,852,1,6.05999994277954,34.8689994812012,0.0280349999666214,0.0115403309464455,136.737396240234,-87.9618,25.7981,91.4820600374547,63,63,63,63,61,63,0,8045,1.29563008188212,26,-88,0.001869,51,2025-11-08 00:53:05.000077,852,1.037,0.0011,"aoml_navis",1031.33267600219
"7901009",92,0,1,0.029904,1,0.007476,1,141.961631302899,1,4.84804737470744,854,1,6.05100011825562,34.8689994812012,0.0299040004611015,0.0129828732460737,136.892807006836,-87.9618,25.7981,91.4820600374547,63,63,63,63,61,63,0,8045,1.29563008188212,26,-88,0.001869,51,2025-11-08 00:53:05.000077,854,1.037,0.0011,"aoml_navis",1031.34305701824
"7901009",92,0,1,0.031773,1,0.009345,1,142.082857333265,1,4.84798934717348,856,1,6.03399991989136,34.8699989318848,0.0317730009555817,0.0144254146143794,137.009704589844,-87.9618,25.7981,91.4820600374547,63,63,63,63,61,63,0,8045,1.29563008188212,26,-88,0.001869,51,2025-11-08 00:53:05.000077,856,1.037,0.0011,"aoml_navis",1031.35540157801
"7901009",92,0,1,0.029904,1,0.007476,1,142.287348129561,1,4.84793847763271,858,1,6.02199983596802,34.8699989318848,0.0299040004611015,0.0129828732460737,137.206893920898,-87.9618,25.7981,91.4820600374547,63,63,63,63,61,63,0,8045,1.29563008188212,26,-88,0.001869,51,2025-11-08 00:53:05.000077,858,1.037,0.0011,"aoml_navis",1031.36622361626
"7901009",92,0,1,0.026166,1,0.003738,1,142.342114255537,1,4.84789038364996,860,1,6.01399993896484,34.8699989318848,0.0261659994721413,0.0100977895781398,137.259704589844,-87.9618,25.7981,91.4820600374547,63,63,63,63,61,63,0,8045,1.29563008188212,26,-88,0.001869,51,2025-11-08 00:53:05.000077,860,1.037,0.0011,"aoml_navis",1031.37645538832
"7901009",92,0,1,0.028035,1,0.005607,1,142.434920764883,1,4.84783930111965,862,1,6.00699996948242,34.8709983825684,0.0280349999666214,0.0115403309464455,137.349197387695,-87.9618,25.7981,91.4820600374547,63,63,63,63,61,63,0,8045,1.29563008188212,26,-88,0.001869,51,2025-11-08 00:53:05.000077,862,1.037,0.0011,"aoml_navis",1031.38732318235
"7901009",92,0,1,0.029904,1,0.007476,1,142.571400925686,1,4.84779328933203,864,1,6.0019998550415,34.8709983825684,0.0299040004611015,0.0129828732460737,137.480804443359,-87.9618,25.7981,91.4820600374547,63,63,63,63,61,63,0,8045,1.29563008188212,26,-88,0.001869,51,2025-11-08 00:53:05.000077,864,1.037,0.0011,"aoml_navis",1031.39711237336
"7901009",92,0,1,0.026166,1,0.003738,1,142.793013059256,1,4.84774727971525,866,1,5.99700021743774,34.8709983825684,0.0261659994721413,0.0100977895781398,137.69450378418,-87.9618,25.7981,91.4820600374547,63,63,63,63,61,63,0,8045,1.29563008188212,26,-88,0.001869,51,2025-11-08 00:53:05.000077,866,1.037,0.0011,"aoml_navis",1031.40690128832
"7901009",92,0,1,0.024297,1,0.001869,1,143.108681781326,1,4.8476964261337,868,1,5.9850001335144,34.8709983825684,0.0242970008403063,0.0086552482098341,137.998901367188,-87.9618,25.7981,91.4820600374547,63,63,63,63,61,63,0,8045,1.29563008188212,26,-88,0.001869,51,2025-11-08 00:53:05.000077,868,1.037,0.0011,"aoml_navis",1031.41772101183
"7901009",92,0,1,0.028035,1,0.005607,1,143.354045418823,1,4.84764626920445,870,1,5.97399997711182,34.8709983825684,0.0280349999666214,0.0115403309464455,138.235504150391,-87.9618,25.7981,91.4820600374547,63,63,63,63,61,63,0,8045,1.29563008188212,26,-88,0.001869,51,2025-11-08 00:53:05.000077,870,1.037,0.0011,"aoml_navis",1031.42839273637
"7901009",92,0,1,0.029904,1,0.007476,1,143.633730849801,1,4.84759888241855,872,1,5.96700000762939,34.8709983825684,0.0299040004611015,0.0129828732460737,138.50520324707,-87.9618,25.7981,91.4820600374547,63,63,63,63,61,63,0,8045,1.29563008188212,26,-88,0.001869,51,2025-11-08 00:53:05.000077,872,1.037,0.0011,"aoml_navis",1031.43847526952
"7901009",92,0,1,0.029904,1,0.007476,1,144.004561292516,1,4.84755149788729,874,1,5.96000003814697,34.8709983825684,0.0299040004611015,0.0129828732460737,138.86279296875,-87.9618,25.7981,91.4820600374547,63,63,63,63,61,63,0,8045,1.29563008188212,26,-88,0.001869,51,2025-11-08 00:53:05.000077,874,1.037,0.0011,"aoml_navis",1031.44855752005
"7901009",92,0,1,0.031773,1,0.009345,1,144.488452691629,1,4.84750066003087,876,1,5.94799995422363,34.8709983825684,0.0317730009555817,0.0144254146143794,139.329406738281,-87.9618,25.7981,91.4820600374547,63,63,63,63,61,63,0,8045,1.29563008188212,26,-88,0.001869,51,2025-11-08 00:53:05.000077,876,1.037,0.0011,"aoml_navis",1031.45937477153
"7901009",92,0,1,0.031773,1,0.009345,1,144.747709613901,1,4.84745328077572,878,1,5.94099998474121,34.8709983825684,0.0317730009555817,0.0144254146143794,139.579406738281,-87.9618,25.7981,91.4820600374547,63,63,63,63,61,63,0,8045,1.29563008188212,26,-88,0.001869,51,2025-11-08 00:53:05.000077,878,1.037,0.0011,"aoml_navis",1031.46945630797
"7901009",92,0,1,0.031773,1,0.009345,1,145.071052872549,1,4.84741096827305,880,1,5.93599987030029,34.8699989318848,0.0317730009555817,0.0144254146143794,139.891204833984,-87.9618,25.7981,91.4820600374547,63,63,63,63,61,63,0,8045,1.29563008188212,26,-88,0.001869,51,2025-11-08 00:53:05.000077,880,1.037,0.0011,"aoml_navis",1031.47845988831
"7901009",92,0,1,0.029904,1,0.007476,1,145.383082123665,1,4.84735876016987,882,1,5.92199993133545,34.8699989318848,0.0299040004611015,0.0129828732460737,140.192092895508,-87.9618,25.7981,91.4820600374547,63,63,63,63,61,63,0,8045,1.29563008188212,26,-88,0.001869,51,2025-11-08 00:53:05.000077,882,1.037,0.0011,"aoml_navis",1031.48956934741
"7901009",92,0,1,0.028035,1,0.005607,1,145.569755336069,1,4.84730724863808,884,1,5.90899991989136,34.8699989318848,0.0280349999666214,0.0115403309464455,140.372100830078,-87.9618,25.7981,91.4820600374547,63,63,63,63,61,63,0,8045,1.29563008188212,26,-88,0.001869,51,2025-11-08 00:53:05.000077,884,1.037,0.0011,"aoml_navis",1031.50053081632
"7901009",92,0,1,0.029904,1,0.007476,1,145.9172615171,1,4.84725343853704,886,1,5.89799976348877,34.8709983825684,0.0299040004611015,0.0129828732460737,140.70719909668,-87.9618,25.7981,91.4820600374547,63,63,63,63,61,63,0,8045,1.29563008188212,26,-88,0.001869,51,2025-11-08 00:53:05.000077,886,1.037,0.0011,"aoml_navis",1031.51198166132
"7901009",92,0,1,0.028035,1,0.005607,1,146.317350141534,1,4.84719780502986,888,1,5.87900018692017,34.8709983825684,0.0280349999666214,0.0115403309464455,141.093002319336,-87.9618,25.7981,91.4820600374547,63,63,63,63,61,63,0,8045,1.29563008188212,26,-88,0.001869,51,2025-11-08 00:53:05.000077,888,1.037,0.0011,"aoml_navis",1031.52382079633
"7901009",92,0,1,0.028035,1,0.005607,1,146.632085260185,1,4.84714837780743,890,1,5.86899995803833,34.8709983825684,0.0280349999666214,0.0115403309464455,141.396499633789,-87.9618,25.7981,91.4820600374547,63,63,63,63,61,63,0,8045,1.29563008188212,26,-88,0.001869,51,2025-11-08 00:53:05.000077,890,1.037,0.0011,"aoml_navis",1031.53433942571
"7901009",92,0,1,0.031773,1,0.009345,1,146.993911968233,1,4.84709826617538,892,1,5.85799980163574,34.8709983825684,0.0317730009555817,0.0144254146143794,141.745407104492,-87.9618,25.7981,91.4820600374547,63,63,63,63,61,63,0,8045,1.29563008188212,26,-88,0.001869,51,2025-11-08 00:53:05.000077,892,1.037,0.0011,"aoml_navis",1031.54500392361
"7901009",92,0,1,0.028035,1,0.005607,1,147.474353781833,1,4.84704540861877,894,1,5.84299993515015,34.8709983825684,0.0280349999666214,0.0115403309464455,142.208694458008,-87.9618,25.7981,91.4820600374547,63,63,63,63,61,63,0,8045,1.29563008188212,26,-88,0.001869,51,2025-11-08 00:53:05.000077,894,1.037,0.0011,"aoml_navis",1031.55625303391
"7901009",92,0,1,0.028035,1,0.005607,1,147.842399238078,1,4.84699255895407,896,1,5.82800006866455,34.8709983825684,0.0280349999666214,0.0115403309464455,142.563598632812,-87.9618,25.7981,91.4820600374547,63,63,63,63,61,63,0,8045,1.29563008188212,26,-88,0.001869,51,2025-11-08 00:53:05.000077,896,1.037,0.0011,"aoml_navis",1031.56750070996
"7901009",92,0,1,0.028035,1,0.005607,1,148.139823134014,1,4.84693876571248,898,1,5.81699991226196,34.8720016479492,0.0280349999666214,0.0115403309464455,142.850402832031,-87.9618,25.7981,91.4820600374547,63,63,63,63,61,63,0,8045,1.29563008188212,26,-88,0.001869,51,2025-11-08 00:53:05.000077,898,1.037,0.0011,"aoml_navis",1031.57894945368
"7901009",92,0,1,0.029904,1,0.007476,1,148.487851500008,1,4.84688798782741,900,1,5.80499982833862,34.8720016479492,0.0299040004611015,0.0129828732460737,143.186004638672,-87.9618,25.7981,91.4820600374547,63,63,63,63,61,63,0,8045,1.29563008188212,26,-88,0.001869,51,2025-11-08 00:53:05.000077,900,1.037,0.0011,"aoml_navis",1031.58975667627
"7901009",92,0,1,0.031773,1,0.009345,1,148.919666816895,1,4.84683584356721,902,1,5.79099988937378,34.8720016479492,0.0317730009555817,0.0144254146143794,143.602401733398,-87.9618,25.7981,91.4820600374547,63,63,63,63,61,63,0,8045,1.29563008188212,26,-88,0.001869,51,2025-11-08 00:53:05.000077,902,1.037,0.0011,"aoml_navis",1031.60085494459
"7901009",92,0,1,0.031773,1,0.009345,1,149.352099261465,1,4.84677043498693,904,1,5.76300001144409,34.8730010986328,0.0317730009555817,0.0144254146143794,144.019393920898,-87.9618,25.7981,91.4820600374547,63,63,63,63,61,63,0,8045,1.29563008188212,26,-88,0.001869,51,2025-11-08 00:53:05.000077,904,1.037,0.0011,"aoml_navis",1031.61477669893
"7901009",92,0,1,0.028035,1,0.005607,1,149.793772797503,1,4.84671189228041,906,1,5.74499988555908,34.8740005493164,0.0280349999666214,0.0115403309464455,144.445297241211,-87.9618,25.7981,91.4820600374547,63,63,63,63,61,63,0,8045,1.29563008188212,26,-88,0.001869,51,2025-11-08 00:53:05.000077,906,1.037,0.0011,"aoml_navis",1031.62723741919
"7901009",92,0,1,0.029904,1,0.007476,1,150.276920478638,1,4.84666619467493,908,1,5.7350001335144,34.8730010986328,0.0299040004611015,0.0129828732460737,144.911193847656,-87.9618,25.7981,91.4820600374547,63,63,63,63,61,63,0,8045,1.29563008188212,26,-88,0.001869,51,2025-11-08 00:53:05.000077,908,1.037,0.0011,"aoml_navis",1031.63696428971
"7901009",92,0,1,0.031773,1,0.009345,1,150.884838718374,1,4.84659102162437,910,1,5.69799995422363,34.875,0.0317730009555817,0.0144254146143794,145.497406005859,-87.9618,25.7981,91.4820600374547,63,63,63,63,61,63,0,8045,1.29563008188212,26,-88,0.001869,51,2025-11-08 00:53:05.000077,910,1.037,0.0011,"aoml_navis",1031.65296549495
"7901009",92,0,1,0.031773,1,0.009345,1,151.182674032766,1,4.84653961142573,912,1,5.68499994277954,34.875,0.0317730009555817,0.0144254146143794,145.784606933594,-87.9618,25.7981,91.4820600374547,63,63,63,63,61,63,0,8045,1.29563008188212,26,-88,0.001869,51,2025-11-08 00:53:05.000077,912,1.037,0.0011,"aoml_navis",1031.66390886654
"7901009",92,0,1,0.029904,1,0.007476,1,151.428749740667,1,4.84648248094565,914,1,5.66900014877319,34.8759994506836,0.0299040004611015,0.0129828732460737,146.021896362305,-87.9618,25.7981,91.4820600374547,63,63,63,63,61,63,0,8045,1.29563008188212,26,-88,0.001869,51,2025-11-08 00:53:05.000077,914,1.037,0.0011,"aoml_navis",1031.67607015148
"7901009",92,0,1,0.029904,1,0.007476,1,151.649333328098,1,4.84643244459015,916,1,5.65799999237061,34.8759994506836,0.0299040004611015,0.0129828732460737,146.234603881836,-87.9618,25.7981,91.4820600374547,63,63,63,63,61,63,0,8045,1.29563008188212,26,-88,0.001869,51,2025-11-08 00:53:05.000077,916,1.037,0.0011,"aoml_navis",1031.68672155562
"7901009",92,0,1,0.028035,1,0.005607,1,151.838585817744,1,4.84638513349443,918,1,5.65100002288818,34.8759994506836,0.0280349999666214,0.0115403309464455,146.417098999023,-87.9618,25.7981,91.4820600374547,63,63,63,63,61,63,0,8045,1.29563008188212,26,-88,0.001869,51,2025-11-08 00:53:05.000077,918,1.037,0.0011,"aoml_navis",1031.69679302701
"7901009",92,0,1,0.029904,1,0.007476,1,152.033028509448,1,4.84633442434845,920,1,5.63899993896484,34.8759994506836,0.0299040004611015,0.0129828732460737,146.604598999023,-87.9618,25.7981,91.4820600374547,63,63,63,63,61,63,0,8045,1.29563008188212,26,-88,0.001869,51,2025-11-08 00:53:05.000077,920,1.037,0.0011,"aoml_navis",1031.70758808544
"7901009",92,0,1,0.031773,1,0.009345,1,152.166597093487,1,4.8462891581735,922,1,5.63500022888184,34.8759994506836,0.0317730009555817,0.0144254146143794,146.7333984375,-87.9618,25.7981,91.4820600374547,63,63,63,63,61,63,0,8045,1.29563008188212,26,-88,0.001869,51,2025-11-08 00:53:05.000077,922,1.037,0.0011,"aoml_navis",1031.7172246248
"7901009",92,0,1,0.026166,1,0.003738,1,152.287095229663,1,4.84624457332634,924,1,5.63199996948242,34.8759994506836,0.0261659994721413,0.0100977895781398,146.849594116211,-87.9618,25.7981,91.4820600374547,63,63,63,63,61,63,0,8045,1.29563008188212,26,-88,0.001869,51,2025-11-08 00:53:05.000077,924,1.037,0.0011,"aoml_navis",1031.72671629491
"7901009",92,0,1,0.028035,1,0.005607,1,152.536304047342,1,4.84619863047156,926,1,5.6269998550415,34.8759994506836,0.0280349999666214,0.0115403309464455,147.089904785156,-87.9618,25.7981,91.4820600374547,63,63,63,63,61,63,0,8045,1.29563008188212,26,-88,0.001869,51,2025-11-08 00:53:05.000077,926,1.037,0.0011,"aoml_navis",1031.73649725403
"7901009",92,0,1,0.031773,1,0.009345,1,152.8487605407,1,4.84614288960452,928,1,5.61299991607666,34.8769989013672,0.0317730009555817,0.0144254146143794,147.391204833984,-87.9618,25.7981,91.4820600374547,63,63,63,63,61,63,0,8045,1.29563008188212,26,-88,0.001869,51,2025-11-08 00:53:05.000077,928,1.037,0.0011,"aoml_navis",1031.74836440038
"7901009",92,0,1,0.029904,1,0.007476,1,153.078142153569,1,4.84609763060665,930,1,5.60900020599365,34.8769989013672,0.0299040004611015,0.0129828732460737,147.612396240234,-87.9618,25.7981,91.4820600374547,63,63,63,63,61,63,0,8045,1.29563008188212,26,-88,0.001869,51,2025-11-08 00:53:05.000077,930,1.037,0.0011,"aoml_navis",1031.75800017345
"7901009",92,0,1,0.028035,1,0.005607,1,153.323822266801,1,4.84604965567937,932,1,5.60099983215332,34.8769989013672,0.0280349999666214,0.0115403309464455,147.849304199219,-87.9618,25.7981,91.4820600374547,63,63,63,63,61,63,0,8045,1.29563008188212,26,-88,0.001869,51,2025-11-08 00:53:05.000077,932,1.037,0.0011,"aoml_navis",1031.76821437234
"7901009",92,0,1,0.033642,1,0.011214,1,153.538487757984,1,4.84600236264354,934,1,5.5939998626709,34.8769989013672,0.0336420014500618,0.0158679541200399,148.056304931641,-87.9618,25.7981,91.4820600374547,63,63,63,63,61,63,0,8045,1.29563008188212,26,-88,0.001869,51,2025-11-08 00:53:05.000077,934,1.037,0.0011,"aoml_navis",1031.7782835897
"7901009",92,0,1,0.033642,1,0.011214,1,153.768802974272,1,4.84594392399109,936,1,5.57600021362305,34.8779983520508,0.0336420014500618,0.0158679541200399,148.278396606445,-87.9618,25.7981,91.4820600374547,63,63,63,63,61,63,0,8045,1.29563008188212,26,-88,0.001869,51,2025-11-08 00:53:05.000077,936,1.037,0.0011,"aoml_navis",1031.79072610523
"7901009",92,0,1,0.033642,1,0.011214,1,153.870122680894,1,4.84589799357562,938,1,5.57100009918213,34.8779983520508,0.0336420014500618,0.0158679541200399,148.376098632812,-87.9618,25.7981,91.4820600374547,63,63,63,63,61,63,0,8045,1.29563008188212,26,-88,0.001869,51,2025-11-08 00:53:05.000077,938,1.037,0.0011,"aoml_navis",1031.80050562944
"7901009",92,0,1,0.035511,1,0.013083,1,153.913891275072,1,4.84585342150099,940,1,5.56799983978271,34.8779983520508,0.0355109982192516,0.0173104964196682,148.418304443359,-87.9618,25.7981,91.4820600374547,63,63,63,63,61,63,0,8045,1.29563008188212,26,-88,0.001869,51,2025-11-08 00:53:05.000077,940,1.037,0.0011,"aoml_navis",1031.80999611236
"7901009",92,0,1,0.029904,1,0.007476,1,153.985952799976,1,4.84581020837677,942,1,5.56699991226196,34.8779983520508,0.0299040004611015,0.0129828732460737,148.48779296875,-87.9618,25.7981,91.4820600374547,63,63,63,63,61,63,0,8045,1.29563008188212,26,-88,0.001869,51,2025-11-08 00:53:05.000077,942,1.037,0.0011,"aoml_navis",1031.81919740824
"7901009",92,0,1,0.028035,1,0.005607,1,154.112685508135,1,4.8457676760834,944,1,5.56699991226196,34.8779983520508,0.0280349999666214,0.0115403309464455,148.610000610352,-87.9618,25.7981,91.4820600374547,63,63,63,63,61,63,0,8045,1.29563008188212,26,-88,0.001869,51,2025-11-08 00:53:05.000077,944,1.037,0.0011,"aoml_navis",1031.82825389624
"7901009",92,0,1,0.028035,1,0.005607,1,154.286288272676,1,4.84572378872315,946,1,5.56500005722046,34.8779983520508,0.0280349999666214,0.0115403309464455,148.777404785156,-87.9618,25.7981,91.4820600374547,63,63,63,63,61,63,0,8045,1.29563008188212,26,-88,0.001869,51,2025-11-08 00:53:05.000077,946,1.037,0.0011,"aoml_navis",1031.83759908806
"7901009",92,0,1,0.028035,1,0.005607,1,154.519103647272,1,4.84567854538554,948,1,5.56099987030029,34.8779983520508,0.0280349999666214,0.0115403309464455,149.001907348633,-87.9618,25.7981,91.4820600374547,63,63,63,63,61,63,0,8045,1.29563008188212,26,-88,0.001869,51,2025-11-08 00:53:05.000077,948,1.037,0.0011,"aoml_navis",1031.84723319326
"7901009",92,0,1,0.026166,1,0.003738,1,154.766223725099,1,4.84563194640721,950,1,5.55499982833862,34.8779983520508,0.0261659994721413,0.0100977895781398,149.240203857422,-87.9618,25.7981,91.4820600374547,63,63,63,63,61,63,0,8045,1.29563008188212,26,-88,0.001869,51,2025-11-08 00:53:05.000077,950,1.037,0.0011,"aoml_navis",1031.85715615633
"7901009",92,0,1,0.029904,1,0.007476,1,155.038028910271,1,4.84558399240054,952,1,5.54699993133545,34.8779983520508,0.0299040004611015,0.0129828732460737,149.502304077148,-87.9618,25.7981,91.4820600374547,63,63,63,63,61,63,0,8045,1.29563008188212,26,-88,0.001869,51,2025-11-08 00:53:05.000077,952,1.037,0.0011,"aoml_navis",1031.86736786353
"7901009",92,0,1,0.031773,1,0.009345,1,155.331196207569,1,4.84553604097086,954,1,5.53900003433228,34.8779983520508,0.0317730009555817,0.0144254146143794,149.785003662109,-87.9618,25.7981,91.4820600374547,63,63,63,63,61,63,0,8045,1.29563008188212,26,-88,0.001869,51,2025-11-08 00:53:05.000077,954,1.037,0.0011,"aoml_navis",1031.87757922407
"7901009",92,0,1,0.028035,1,0.005607,1,155.731379774723,1,4.84548809211739,956,1,5.5310001373291,34.8779983520508,0.0280349999666214,0.0115403309464455,150.1708984375,-87.9618,25.7981,91.4820600374547,63,63,63,63,61,63,0,8045,1.29563008188212,26,-88,0.001869,51,2025-11-08 00:53:05.000077,956,1.037,0.0011,"aoml_navis",1031.88779023809
"7901009",92,0,1,0.029904,1,0.007476,1,156.058457447047,1,4.84542899556692,958,1,5.51200008392334,34.8790016174316,0.0299040004611015,0.0129828732460737,150.486297607422,-87.9618,25.7981,91.4820600374547,63,63,63,63,61,63,0,8045,1.29563008188212,26,-88,0.001869,51,2025-11-08 00:53:05.000077,958,1.037,0.0011,"aoml_navis",1031.90037550328
"7901009",92,0,1,0.031773,1,0.009345,1,156.330056922991,1,4.84538037673558,960,1,5.50299978256226,34.8790016174316,0.0317730009555817,0.0144254146143794,150.748199462891,-87.9618,25.7981,91.4820600374547,63,63,63,63,61,63,0,8045,1.29563008188212,26,-88,0.001869,51,2025-11-08 00:53:05.000077,960,1.037,0.0011,"aoml_navis",1031.91072965227
"7901009",92,0,1,0.028035,1,0.005607,1,156.598744822172,1,4.84533311495333,962,1,5.49599981307983,34.8790016174316,0.0280349999666214,0.0115403309464455,151.007293701172,-87.9618,25.7981,91.4820600374547,63,63,63,63,61,63,0,8045,1.29563008188212,26,-88,0.001869,51,2025-11-08 00:53:05.000077,962,1.037,0.0011,"aoml_navis",1031.92079499536
"7901009",92,0,1,0.029904,1,0.007476,1,156.888193529581,1,4.84527946659732,964,1,5.4850001335144,34.8800010681152,0.0299040004611015,0.0129828732460737,151.286407470703,-87.9618,25.7981,91.4820600374547,63,63,63,63,61,63,0,8045,1.29563008188212,26,-88,0.001869,51,2025-11-08 00:53:05.000077,964,1.037,0.0011,"aoml_navis",1031.9322207252
"7901009",92,0,1,0.031773,1,0.009345,1,157.121831741089,1,4.84522950437248,966,1,5.47399997711182,34.8800010681152,0.0317730009555817,0.0144254146143794,151.511703491211,-87.9618,25.7981,91.4820600374547,63,63,63,63,61,63,0,8045,1.29563008188212,26,-88,0.001869,51,2025-11-08 00:53:05.000077,966,1.037,0.0011,"aoml_navis",1031.94286163078
"7901009",92,0,1,0.029904,1,0.007476,1,157.316796617755,1,4.84518022258119,968,1,5.46400022506714,34.8800010681152,0.0299040004611015,0.0129828732460737,151.69970703125,-87.9618,25.7981,91.4820600374547,63,63,63,63,61,63,0,8045,1.29563008188212,26,-88,0.001869,51,2025-11-08 00:53:05.000077,968,1.037,0.0011,"aoml_navis",1031.95335783327
"7901009",92,0,1,0.028035,1,0.005607,1,157.531762760887,1,4.84513064093567,970,1,5.45900011062622,34.8810005187988,0.0280349999666214,0.0115403309464455,151.906997680664,-87.9618,25.7981,91.4820600374547,63,63,63,63,61,63,0,8045,1.29563008188212,26,-88,0.001869,51,2025-11-08 00:53:05.000077,970,1.037,0.0011,"aoml_navis",1031.9639181152
"7901009",92,0,1,0.029904,1,0.007476,1,157.684414831758,1,4.84508271604063,972,1,5.45100021362305,34.8810005187988,0.0299040004611015,0.0129828732460737,152.05419921875,-87.9618,25.7981,91.4820600374547,63,63,63,63,61,63,0,8045,1.29563008188212,26,-88,0.001869,51,2025-11-08 00:53:05.000077,972,1.037,0.0011,"aoml_navis",1031.97412573504
"7901009",92,0,1,0.031773,1,0.009345,1,157.908511299849,1,4.84503479339206,974,1,5.44299983978271,34.8810005187988,0.0317730009555817,0.0144254146143794,152.270294189453,-87.9618,25.7981,91.4820600374547,63,63,63,63,61,63,0,8045,1.29563008188212,26,-88,0.001869,51,2025-11-08 00:53:05.000077,974,1.037,0.0011,"aoml_navis",1031.98433307833
"7901009",92,0,1,0.035511,1,0.013083,1,157.990541810412,1,4.84498822424987,976,1,5.43699979782104,34.8810005187988,0.0355109982192516,0.0173104964196682,152.349395751953,-87.9618,25.7981,91.4820600374547,63,63,63,63,61,63,0,8045,1.29563008188212,26,-88,0.001869,51,2025-11-08 00:53:05.000077,976,1.037,0.0011,"aoml_navis",1031.99425232331
"7901009",92,0,1,0.03738,1,0.014952,1,162.358302550771,1,4.84442569190755,999.5,1,5.35989999771118,34.8839988708496,0.0373799987137318,0.0187530387192965,156.56120300293,-87.9618,25.7981,91.4820600374547,63,63,63,63,61,63,0,8045,1.29563008188212,26,-88,0.001869,51,2025-11-08 00:53:05.000077,999.5,1.037,0.0011,"aoml_navis",1032.11408699123
"7901009",92,0,1,0.028035,1,0.005607,1,170.486111500981,1,4.84314399686298,1049.90002441406,1,5.0890998840332,34.8919982910156,0.0280349999666214,0.0115403309464455,164.398803710938,-87.9618,25.7981,91.4820600374547,63,63,63,63,61,63,0,8045,1.29563008188212,26,-88,0.001869,51,2025-11-08 00:53:05.000077,1049.90002441406,1.037,0.0011,"aoml_navis",1032.38722681767
"7901009",92,0,1,0.03738,1,0.014952,1,176.696346500285,1,4.84195906950928,1099.40002441406,1,4.9210000038147,34.8979988098145,0.0373799987137318,0.0187530387192965,170.387298583984,-87.9618,25.7981,91.4820600374547,63,63,63,63,61,63,0,8045,1.29563008188212,26,-88,0.001869,51,2025-11-08 00:53:05.000077,1099.40002441406,1.037,0.0011,"aoml_navis",1032.63987328723
"7901009",92,0,1,0.028035,1,0.005607,1,183.2689303926,1,4.84073729777313,1150.09997558594,1,4.73920011520386,34.9049987792969,0.0280349999666214,0.0115403309464455,176.725204467773,-87.9618,25.7981,91.4820600374547,63,63,63,63,61,63,0,8045,1.29563008188212,26,-88,0.001869,51,2025-11-08 00:53:05.000077,1150.09997558594,1.037,0.0011,"aoml_navis",1032.90050511523
"7901009",92,0,1,0.035511,1,0.013083,1,188.488279865008,1,4.83958358087201,1199.59997558594,1,4.60900020599365,34.9099998474121,0.0355109982192516,0.0173104964196682,181.758193969727,-87.9618,25.7981,91.4820600374547,63,63,63,63,61,63,0,8045,1.29563008188212,26,-88,0.001869,51,2025-11-08 00:53:05.000077,1199.59997558594,1.037,0.0011,"aoml_navis",1033.14674009599
"7901009",92,0,1,0.028035,1,0.005607,1,192.063237241131,1,4.83845058687056,1249.59997558594,1,4.52479982376099,34.9150009155273,0.0280349999666214,0.0115403309464455,185.205505371094,-87.9618,25.7981,91.4820600374547,63,63,63,63,61,63,0,8045,1.29563008188212,26,-88,0.001869,51,2025-11-08 00:53:05.000077,1249.59997558594,1.037,0.0011,"aoml_navis",1033.38866652226
"7901009",92,0,1,0.029904,1,0.007476,1,194.272411934446,1,4.83734759431153,1299.5,1,4.46449995040894,34.9169998168945,0.0299040004611015,0.0129828732460737,187.335800170898,-87.9618,25.7981,91.4820600374547,63,63,63,63,61,63,0,8045,1.29563008188212,26,-88,0.001869,51,2025-11-08 00:53:05.000077,1299.5,1.037,0.0011,"aoml_navis",1033.62429565321
"7901009",92,0,1,0.026166,1,0.003738,1,195.906138798456,1,4.83626264087662,1349.30004882812,1,4.42649984359741,34.9189987182617,0.0261659994721413,0.0100977895781398,188.911193847656,-87.9618,25.7981,91.4820600374547,63,63,63,63,61,63,0,8045,1.29563008188212,26,-88,0.001869,51,2025-11-08 00:53:05.000077,1349.30004882812,1.037,0.0011,"aoml_navis",1033.85617599413
"7901009",92,0,1,0.033642,1,0.011214,1,197.695223600873,1,4.8351607147378,1400.09997558594,1,4.39279985427856,34.9210014343262,0.0336420014500618,0.0158679541200399,190.63639831543,-87.9618,25.7981,91.4820600374547,63,63,63,63,61,63,0,8045,1.29563008188212,26,-88,0.001869,51,2025-11-08 00:53:05.000077,1400.09997558594,1.037,0.0011,"aoml_navis",1034.09179032245
"7901009",92,0,1,0.026166,1,0.003738,1,199.105059706019,1,4.83410571656669,1449.19995117188,1,4.36819982528687,34.9220008850098,0.0261659994721413,0.0100977895781398,191.995895385742,-87.9618,25.7981,91.4820600374547,63,63,63,63,61,63,0,8045,1.29563008188212,26,-88,0.001869,51,2025-11-08 00:53:05.000077,1449.19995117188,1.037,0.0011,"aoml_navis",1034.31747114358
"7901009",92,0,1,0.024297,1,0.001869,1,199.928782749585,1,4.8330330684531,1499.40002441406,1,4.34980010986328,34.9230003356934,0.0242970008403063,0.0086552482098341,192.79020690918,-87.9618,25.7981,91.4820600374547,63,63,63,63,61,63,0,8045,1.29563008188212,26,-88,0.001869,51,2025-11-08 00:53:05.000077,1499.40002441406,1.037,0.0011,"aoml_navis",1034.54702858061
"7901009",92,0,1,0.022428,1,0,1,200.680206911445,1,4.83196116750004,1549.69995117188,1,4.33349990844727,34.923999786377,0.0224280003458261,0.0072127073071897,193.514801025391,-87.9618,25.7981,91.4820600374547,63,63,63,63,61,63,0,8045,1.29563008188212,26,-88,0.001869,51,2025-11-08 00:53:05.000077,1549.69995117188,1.037,0.0011,"aoml_navis",1034.77652793036
"7901009",92,0,1,0.029904,1,0.007476,1,201.292365926032,1,4.83090752903606,1599.59997558594,1,4.32420015335083,34.923999786377,0.0299040004611015,0.0129828732460737,194.105102539062,-87.9618,25.7981,91.4820600374547,63,63,63,63,61,63,0,8045,1.29563008188212,26,-88,0.001869,51,2025-11-08 00:53:05.000077,1599.59997558594,1.037,0.0011,"aoml_navis",1035.00221644642
"7901009",92,0,1,0.026166,1,0.003738,1,202.034564820211,1,4.82984185865709,1650,1,4.31580018997192,34.9249992370605,0.0261659994721413,0.0100977895781398,194.82080078125,-87.9618,25.7981,91.4820600374547,63,63,63,63,61,63,0,8045,1.29563008188212,26,-88,0.001869,51,2025-11-08 00:53:05.000077,1650,1.037,0.0011,"aoml_navis",1035.23058235083
"7901009",92,0,1,0.028035,1,0.005607,1,202.775307926009,1,4.82880272606472,1699.19995117188,1,4.30730009078979,34.9259986877441,0.0280349999666214,0.0115403309464455,195.535095214844,-87.9618,25.7981,91.4820600374547,63,63,63,63,61,63,0,8045,1.29563008188212,26,-88,0.001869,51,2025-11-08 00:53:05.000077,1699.19995117188,1.037,0.0011,"aoml_navis",1035.45335845078
"7901009",92,0,1,0.028035,1,0.005607,1,203.412041281434,1,4.82774319654516,1749.69995117188,1,4.3011999130249,34.9259986877441,0.0280349999666214,0.0115403309464455,196.14909362793,-87.9618,25.7981,91.4820600374547,63,63,63,63,61,63,0,8045,1.29563008188212,26,-88,0.001869,51,2025-11-08 00:53:05.000077,1749.69995117188,1.037,0.0011,"aoml_navis",1035.68060612216
"7901009",92,0,1,0.024297,1,0.001869,1,203.650569043051,1,4.82675080506917,1797,1,4.29869985580444,34.9269981384277,0.0242970008403063,0.0086552482098341,196.379104614258,-87.9618,25.7981,91.4820600374547,63,63,63,63,61,63,0,8045,1.29563008188212,26,-88,0.001869,51,2025-11-08 00:53:05.000077,1797,1.037,0.0011,"aoml_navis",1035.89354452458
"7901009",92,0,1,0.033642,1,0.011214,1,203.631691265446,1,4.82565670542653,1849.59997558594,1,4.29619979858398,34.9259986877441,0.0336420014500618,0.0158679541200399,196.360900878906,-87.9618,25.7981,91.4820600374547,63,63,63,63,61,63,0,8045,1.29563008188212,26,-88,0.001869,51,2025-11-08 00:53:05.000077,1849.59997558594,1.037,0.0011,"aoml_navis",1036.1284080522
"7901009",92,0,1,0.035511,1,0.013083,1,203.994230043899,1,4.82461880147135,1899.30004882812,1,4.29580020904541,34.9269981384277,0.0355109982192516,0.0173104964196682,196.710494995117,-87.9618,25.7981,91.4820600374547,63,63,63,63,61,63,0,8045,1.29563008188212,26,-88,0.001869,51,2025-11-08 00:53:05.000077,1899.30004882812,1.037,0.0011,"aoml_navis",1036.35130685872
"7901009",92,0,1,0.024297,1,0.001869,1,204.277143527376,1,4.8235762528026,1949.5,1,4.29619979858398,34.9269981384277,0.0242970008403063,0.0086552482098341,196.983306884766,-87.9618,25.7981,91.4820600374547,63,63,63,63,61,63,0,8045,1.29563008188212,26,-88,0.001869,51,2025-11-08 00:53:05.000077,1949.5,1.037,0.0011,"aoml_navis",1036.57529972599
"7901009",92,0,1,0.028035,1,0.005607,1,203.542714112496,1,4.8225320546871,1999.90002441406,1,4.29790019989014,34.9269981384277,0.0280349999666214,0.0115403309464455,196.275100708008,-87.9618,25.7981,91.4820600374547,63,63,63,63,61,63,0,8045,1.29563008188212,26,-88,0.001869,51,2025-11-08 00:53:05.000077,1999.90002441406,1.037,0.0011,"aoml_navis",1036.7997440557
"7901009",93,0.121173475512345,1,0.179424,1,0.156996,1,192.954002032777,1,4.88449577879123,2.09999990463257,1,27.5979995727539,36.4780006408691,0.179424002766609,0.128386184573174,186.064407348633,-87.5052,25.5575,73.5079988369051,63,63,63,63,61,63,0.156996,8045,1.29563008188212,26,-88,0.001869,51,2025-11-18 07:17:05.000775,2.09999990463257,1.037,0.0011,"aoml_navis",1023.64711250449
"7901009",93,0.115403310011757,1,0.171948,1,0.14952,1,192.882336080384,1,4.88447143148981,4,1,27.6049995422363,36.4770011901855,0.171948000788689,0.122616022825241,185.995300292969,-87.5052,25.5575,73.5079988369051,63,63,63,63,61,63,0.14952,8045,1.29563008188212,26,-88,0.001869,51,2025-11-18 07:17:05.000775,4,1.037,0.0011,"aoml_navis",1023.65221501049
"7901009",93,0.119730934137198,1,0.177555,1,0.155127,1,192.966028114433,1,4.88441921216437,6,1,27.6000003814697,36.4780006408691,0.177554994821548,0.12694363296032,186.07600402832,-87.5052,25.5575,73.5079988369051,63,63,63,63,61,63,0.155127,8045,1.29563008188212,26,-88,0.001869,51,2025-11-18 07:17:05.000775,6,1.037,0.0011,"aoml_navis",1023.66315887625
"7901009",93,0.116845851386904,1,0.173817,1,0.151389,1,193.005635064938,1,4.88437835623381,8,1,27.6000003814697,36.4780006408691,0.173816993832588,0.124058552086353,186.114196777344,-87.5052,25.5575,73.5079988369051,63,63,63,63,61,63,0.151389,8045,1.29563008188212,26,-88,0.001869,51,2025-11-18 07:17:05.000775,8,1.037,0.0011,"aoml_navis",1023.67172142154
"7901009",93,0.124058558262639,1,0.183162,1,0.160734,1,192.935219192086,1,4.88434886417221,10,1,27.6049995422363,36.4770011901855,0.183162003755569,0.13127127289772,186.046295166016,-87.5052,25.5575,73.5079988369051,63,63,63,63,61,63,0.160734,8045,1.29563008188212,26,-88,0.001869,51,2025-11-18 07:17:05.000775,10,1.037,0.0011,"aoml_navis",1023.67790242751
"7901009",93,0.116845851386904,1,0.173817,1,0.151389,1,192.891149932334,1,4.88431423067786,12,1,27.6089992523193,36.4770011901855,0.173816993832588,0.124058552086353,186.003799438477,-87.5052,25.5575,73.5079988369051,63,63,63,63,61,63,0.151389,8045,1.29563008188212,26,-88,0.001869,51,2025-11-18 07:17:05.000775,12,1.037,0.0011,"aoml_navis",1023.68516108065
"7901009",93,0.118288392762051,1,0.175686,1,0.153258,1,192.764939370116,1,4.8842733821423,14,1,27.6089992523193,36.4770011901855,0.175686001777649,0.125501096248627,185.882095336914,-87.5052,25.5575,73.5079988369051,63,63,63,63,61,63,0.153258,8045,1.29563008188212,26,-88,0.001869,51,2025-11-18 07:17:05.000775,14,1.037,0.0011,"aoml_navis",1023.69372244412
"7901009",93,0.121173475512345,1,0.179424,1,0.156996,1,192.796365420337,1,4.88423253594737,16,1,27.6089992523193,36.4770011901855,0.179424002766609,0.128386184573174,185.912399291992,-87.5052,25.5575,73.5079988369051,63,63,63,63,61,63,0.156996,8045,1.29563008188212,26,-88,0.001869,51,2025-11-18 07:17:05.000775,16,1.037,0.0011,"aoml_navis",1023.70228346022
"7901009",93,0.118288392762051,1,0.175686,1,0.153258,1,192.802789879748,1,4.88419480291235,18,1,27.6110000610352,36.4770011901855,0.175686001777649,0.125501096248627,185.918594360352,-87.5052,25.5575,73.5079988369051,63,63,63,63,61,63,0.153258,8045,1.29563008188212,26,-88,0.001869,51,2025-11-18 07:17:05.000775,18,1.037,0.0011,"aoml_navis",1023.71019211163
"7901009",93,0.115403310011757,1,0.171948,1,0.14952,1,192.789418775802,1,4.88415444136622,20,1,27.6089992523193,36.476001739502,0.171948000788689,0.122616022825241,185.905700683594,-87.5052,25.5575,73.5079988369051,63,63,63,63,61,63,0.14952,8045,1.29563008188212,26,-88,0.001869,51,2025-11-18 07:17:05.000775,20,1.037,0.0011,"aoml_navis",1023.7186518208
"7901009",93,0.119730934137198,1,0.177555,1,0.155127,1,192.790447322259,1,4.88411360208292,22,1,27.6089992523193,36.476001739502,0.177554994821548,0.12694363296032,185.906692504883,-87.5052,25.5575,73.5079988369051,63,63,63,63,61,63,0.155127,8045,1.29563008188212,26,-88,0.001869,51,2025-11-18 07:17:05.000775,22,1.037,0.0011,"aoml_navis",1023.72721180516
"7901009",93,0.122616016887492,1,0.181293,1,0.158865,1,192.81783830561,1,4.88407073160441,24,1,27.6100006103516,36.4770011901855,0.181292995810509,0.129828721284866,185.93310546875,-87.5052,25.5575,73.5079988369051,63,63,63,63,61,63,0.158865,8045,1.29563008188212,26,-88,0.001869,51,2025-11-18 07:17:05.000775,24,1.037,0.0011,"aoml_navis",1023.73619768555
"7901009",93,0.121173475512345,1,0.179424,1,0.156996,1,192.736108421726,1,4.88403097227005,26,1,27.613000869751,36.4780006408691,0.179424002766609,0.128386184573174,185.854293823242,-87.5052,25.5575,73.5079988369051,63,63,63,63,61,63,0.156996,8045,1.29563008188212,26,-88,0.001869,51,2025-11-18 07:17:05.000775,26,1.037,0.0011,"aoml_navis",1023.74453159458
"7901009",93,0.122616016887492,1,0.181293,1,0.158865,1,192.762249325535,1,4.88399169476137,28,1,27.6140003204346,36.4780006408691,0.181292995810509,0.129828721284866,185.879501342773,-87.5052,25.5575,73.5079988369051,63,63,63,63,61,63,0.158865,8045,1.29563008188212,26,-88,0.001869,51,2025-11-18 07:17:05.000775,28,1.037,0.0011,"aoml_navis",1023.75276464189
"7901009",93,0.121173475512345,1,0.179424,1,0.156996,1,192.842096178212,1,4.8839508653207,30,1,27.6140003204346,36.4780006408691,0.179424002766609,0.128386184573174,185.956497192383,-87.5052,25.5575,73.5079988369051,63,63,63,63,61,63,0.156996,8045,1.29563008188212,26,-88,0.001869,51,2025-11-18 07:17:05.000775,30,1.037,0.0011,"aoml_navis",1023.76132313356
"7901009",93,0.119730934137198,1,0.177555,1,0.155127,1,192.740570730972,1,4.88391159268627,32,1,27.6149997711182,36.4780006408691,0.177554994821548,0.12694363296032,185.858596801758,-87.5052,25.5575,73.5079988369051,63,63,63,63,61,63,0.155127,8045,1.29563008188212,26,-88,0.001869,51,2025-11-18 07:17:05.000775,32,1.037,0.0011,"aoml_navis",1023.76955542921
"7901009",93,0.121173475512345,1,0.179424,1,0.156996,1,192.747011014174,1,4.88387280346018,34,1,27.6140003204346,36.4770011901855,0.179424002766609,0.128386184573174,185.864807128906,-87.5052,25.5575,73.5079988369051,63,63,63,63,61,63,0.156996,8045,1.29563008188212,26,-88,0.001869,51,2025-11-18 07:17:05.000775,34,1.037,0.0011,"aoml_navis",1023.77768652319
"7901009",93,0.119730934137198,1,0.177555,1,0.155127,1,192.776554033189,1,4.88383198092658,36,1,27.6140003204346,36.4770011901855,0.177554994821548,0.12694363296032,185.893295288086,-87.5052,25.5575,73.5079988369051,63,63,63,63,61,63,0.155127,8045,1.29563008188212,26,-88,0.001869,51,2025-11-18 07:17:05.000775,36,1.037,0.0011,"aoml_navis",1023.78624398364
"7901009",93,0.124058558262639,1,0.183162,1,0.160734,1,192.791903111092,1,4.88379223790237,38,1,27.617000579834,36.4780006408691,0.183162003755569,0.13127127289772,185.908096313477,-87.5052,25.5575,73.5079988369051,63,63,63,63,61,63,0.160734,8045,1.29563008188212,26,-88,0.001869,51,2025-11-18 07:17:05.000775,38,1.037,0.0011,"aoml_navis",1023.79457528839
"7901009",93,0.118288392762051,1,0.175686,1,0.153258,1,192.76411653295,1,4.88375345226438,40,1,27.6159992218018,36.4770011901855,0.175686001777649,0.125501096248627,185.881301879883,-87.5052,25.5575,73.5079988369051,63,63,63,63,61,63,0.153258,8045,1.29563008188212,26,-88,0.001869,51,2025-11-18 07:17:05.000775,40,1.037,0.0011,"aoml_navis",1023.80270602762
"7901009",93,0.126943641012933,1,0.1869,1,0.164472,1,192.662591085709,1,4.88371419462161,42,1,27.617000579834,36.4770011901855,0.18690000474453,0.134156346321106,185.783401489258,-87.5052,25.5575,73.5079988369051,63,63,63,63,61,63,0.164472,8045,1.29563008188212,26,-88,0.001869,51,2025-11-18 07:17:05.000775,42,1.037,0.0011,"aoml_navis",1023.81093584601
"7901009",93,0.118288392762051,1,0.175686,1,0.153258,1,192.758720619997,1,4.88367134704621,44,1,27.6180000305176,36.4780006408691,0.175686001777649,0.125501096248627,185.876098632812,-87.5052,25.5575,73.5079988369051,63,63,63,63,61,63,0.153258,8045,1.29563008188212,26,-88,0.001869,51,2025-11-18 07:17:05.000775,44,1.037,0.0011,"aoml_navis",1023.81991839483
"7901009",93,0.122616016887492,1,0.181293,1,0.158865,1,192.70406524363,1,4.88363520455701,46,1,27.621000289917,36.4780006408691,0.181292995810509,0.129828721284866,185.823394775391,-87.5052,25.5575,73.5079988369051,63,63,63,63,61,63,0.158865,8045,1.29563008188212,26,-88,0.001869,51,2025-11-18 07:17:05.000775,46,1.037,0.0011,"aoml_navis",1023.82749541457
"7901009",93,0.122616016887492,1,0.181293,1,0.158865,1,192.650865656095,1,4.88359176256761,48,1,27.617000579834,36.4770011901855,0.181292995810509,0.129828721284866,185.772094726562,-87.5052,25.5575,73.5079988369051,63,63,63,63,61,63,0.158865,8045,1.29563008188212,26,-88,0.001869,51,2025-11-18 07:17:05.000775,48,1.037,0.0011,"aoml_navis",1023.83660287181
"7901009",93,0.122616016887492,1,0.181293,1,0.158865,1,192.634377265193,1,4.88355251160945,50,1,27.6180000305176,36.4770011901855,0.181292995810509,0.129828721284866,185.756195068359,-87.5052,25.5575,73.5079988369051,63,63,63,63,61,63,0.158865,8045,1.29563008188212,26,-88,0.001869,51,2025-11-18 07:17:05.000775,50,1.037,0.0011,"aoml_navis",1023.84483183374
"7901009",93,0.124058558262639,1,0.183162,1,0.160734,1,192.680835917484,1,4.88351434274524,52,1,27.6219997406006,36.4780006408691,0.183162003755569,0.13127127289772,185.800994873047,-87.5052,25.5575,73.5079988369051,63,63,63,63,61,63,0.160734,8045,1.29563008188212,26,-88,0.001869,51,2025-11-18 07:17:05.000775,52,1.037,0.0011,"aoml_navis",1023.85283406156
"7901009",93,0.121173475512345,1,0.179424,1,0.156996,1,192.560654219886,1,4.88347354178309,54,1,27.6219997406006,36.4780006408691,0.179424002766609,0.128386184573174,185.685104370117,-87.5052,25.5575,73.5079988369051,63,63,63,63,61,63,0.156996,8045,1.29563008188212,26,-88,0.001869,51,2025-11-18 07:17:05.000775,54,1.037,0.0011,"aoml_navis",1023.8613882557
"7901009",93,0.124058558262639,1,0.183162,1,0.160734,1,192.589690877567,1,4.88343226818653,56,1,27.6240005493164,36.4790000915527,0.183162003755569,0.13127127289772,185.713104248047,-87.5052,25.5575,73.5079988369051,63,63,63,63,61,63,0.160734,8045,1.29563008188212,26,-88,0.001869,51,2025-11-18 07:17:05.000775,56,1.037,0.0011,"aoml_navis",1023.87004168623
"7901009",93,0.115403310011757,1,0.171948,1,0.14952,1,192.561888475634,1,4.88339350231743,58,1,27.6229991912842,36.4780006408691,0.171948000788689,0.122616022825241,185.686294555664,-87.5052,25.5575,73.5079988369051,63,63,63,63,61,63,0.14952,8045,1.29563008188212,26,-88,0.001869,51,2025-11-18 07:17:05.000775,58,1.037,0.0011,"aoml_navis",1023.87816947933
"7901009",93,0.116845851386904,1,0.173817,1,0.151389,1,192.454049335524,1,4.88335067837338,60,1,27.6240005493164,36.4790000915527,0.173816993832588,0.124058552086353,185.582305908203,-87.5052,25.5575,73.5079988369051,63,63,63,63,61,63,0.151389,8045,1.29563008188212,26,-88,0.001869,51,2025-11-18 07:17:05.000775,60,1.037,0.0011,"aoml_navis",1023.88714825319
"7901009",93,0.131271265138374,1,0.192507,1,0.170079,1,192.406340603693,1,4.88331036129511,62,1,27.6219997406006,36.4780006408691,0.19250699877739,0.138483971357346,185.53630065918,-87.5052,25.5575,73.5079988369051,63,63,63,63,61,63,0.170079,8045,1.29563008188212,26,-88,0.001869,51,2025-11-18 07:17:05.000775,62,1.037,0.0011,"aoml_navis",1023.8956015636
"7901009",93,0.122616016887492,1,0.181293,1,0.158865,1,192.281269354474,1,4.88326957201219,64,1,27.6219997406006,36.4780006408691,0.181292995810509,0.129828721284866,185.41569519043,-87.5052,25.5575,73.5079988369051,63,63,63,63,61,63,0.158865,8045,1.29563008188212,26,-88,0.001869,51,2025-11-18 07:17:05.000775,64,1.037,0.0011,"aoml_navis",1023.90415402353
"7901009",93,0.129828723763227,1,0.190638,1,0.16821,1,192.192292174013,1,4.8832277035703,66,1,27.6189994812012,36.4770011901855,0.19063800573349,0.137041434645653,185.329895019531,-87.5052,25.5575,73.5079988369051,63,63,63,63,61,63,0.16821,8045,1.29563008188212,26,-88,0.001869,51,2025-11-18 07:17:05.000775,66,1.037,0.0011,"aoml_navis",1023.91293290385
"7901009",93,0.132713806513521,1,0.194376,1,0.171948,1,191.991424962779,1,4.88317961270501,68,1,27.6119995117188,36.476001739502,0.19437600672245,0.139926508069038,185.136199951172,-87.5052,25.5575,73.5079988369051,63,63,63,63,61,63,0.171948,8045,1.29563008188212,26,-88,0.001869,51,2025-11-18 07:17:05.000775,68,1.037,0.0011,"aoml_navis",1023.92301667361
"7901009",93,0.138483972014108,1,0.201852,1,0.179424,1,191.674300354277,1,4.88313464584125,70.0999984741211,1,27.6060009002686,36.4739990234375,0.20185199379921,0.145696669816971,184.83039855957,-87.5052,25.5575,73.5079988369051,63,63,63,63,61,63,0.179424,8045,1.29563008188212,26,-88,0.001869,51,2025-11-18 07:17:05.000775,70.0999984741211,1.037,0.0011,"aoml_navis",1023.93244557741
"7901009",93,0.16156463401646,1,0.231756,1,0.209328,1,191.419711370384,1,4.88308297915791,72,1,27.6000003814697,36.4749984741211,0.231756001710892,0.168777346611023,184.584899902344,-87.5052,25.5575,73.5079988369051,63,63,63,63,61,63,0.209328,8045,1.29563008188212,26,-88,0.001869,51,2025-11-18 07:17:05.000775,72,1.037,0.0011,"aoml_navis",1023.94327955128
"7901009",93,0.191858002894546,1,0.271005,1,0.248577,1,190.802884147988,1,4.88299600521697,74,1,27.5979995727539,36.4869995117188,0.271005004644394,0.199070706963539,183.990097045898,-87.5052,25.5575,73.5079988369051,63,63,63,63,61,63,0.248577,8045,1.29563008188212,26,-88,0.001869,51,2025-11-18 07:17:05.000775,74,1.037,0.0011,"aoml_navis",1023.96151761296
"7901009",93,0.251002199275572,1,0.347634,1,0.325206,1,189.708099298735,1,4.88278531812916,76,1,27.5879993438721,36.5299987792969,0.347633987665176,0.258214920759201,182.93440246582,-87.5052,25.5575,73.5079988369051,63,63,63,63,61,63,0.325206,8045,1.29563008188212,26,-88,0.001869,51,2025-11-18 07:17:05.000775,76,1.037,0.0011,"aoml_navis",1024.00570048321
"7901009",93,0.372175674787916,1,0.50463,1,0.482202,1,187.070526410972,1,4.88239656544323,78.1999969482422,1,27.5030002593994,36.5890007019043,0.504630029201508,0.379388391971588,180.391006469727,-87.5052,25.5575,73.5079988369051,63,63,63,63,61,63,0.482202,8045,1.29563008188212,26,-88,0.001869,51,2025-11-18 07:17:05.000775,78.1999969482422,1.037,0.0011,"aoml_navis",1024.08723522975
"7901009",93,0.545280639805552,1,0.72891,1,0.706482,1,182.040317106432,1,4.88192115373448,79.9000015258789,1,27.1529998779297,36.5610008239746,0.728910028934479,0.552493333816528,175.540405273438,-87.5052,25.5575,73.5079988369051,63,63,63,63,61,63,0.706482,8045,1.29563008188212,26,-88,0.001869,51,2025-11-18 07:17:05.000775,79.9000015258789,1.037,0.0011,"aoml_navis",1024.18696299001
"7901009",93,0.611637543062312,1,0.814884,1,0.792456,1,177.031881339204,1,4.8812397908998,82,1,26.7339992523193,36.560001373291,0.814884006977081,0.618850290775299,170.710800170898,-87.5052,25.5575,73.5079988369051,63,63,63,63,61,63,0.792456,8045,1.29563008188212,26,-88,0.001869,51,2025-11-18 07:17:05.000775,82,1.037,0.0011,"aoml_navis",1024.32992727004
"7901009",93,0.548165722555846,1,0.732648,1,0.71022,1,180.199899370734,1,4.88077271277727,84,1,26.4629993438721,36.5639991760254,0.732648015022278,0.555378437042236,173.765701293945,-87.5052,25.5575,73.5079988369051,63,63,63,63,61,63,0.71022,8045,1.29563008188212,26,-88,0.001869,51,2025-11-18 07:17:05.000775,84,1.037,0.0011,"aoml_navis",1024.42795316213
"7901009",93,0.516429812302613,1,0.69153,1,0.669102,1,185.492783616702,1,4.88047182179706,86,1,26.2290000915527,36.5379981994629,0.691529989242554,0.523642539978027,178.869598388672,-87.5052,25.5575,73.5079988369051,63,63,63,63,61,63,0.669102,8045,1.29563008188212,26,-88,0.001869,51,2025-11-18 07:17:05.000775,86,1.037,0.0011,"aoml_navis",1024.49111122189
"7901009",93,0.465940864172469,1,0.626115,1,0.603687,1,192.149267284511,1,4.88022937131875,88,1,26.0709991455078,36.5279998779297,0.626115024089813,0.473153561353683,185.28840637207,-87.5052,25.5575,73.5079988369051,63,63,63,63,61,63,0.603687,8045,1.29563008188212,26,-88,0.001869,51,2025-11-18 07:17:05.000775,88,1.037,0.0011,"aoml_navis",1024.54200808371
"7901009",93,0.402469043666003,1,0.543879,1,0.521451,1,199.033154662154,1,4.87981849406879,90,1,25.7730007171631,36.5069999694824,0.543878972530365,0.409681737422943,191.926498413086,-87.5052,25.5575,73.5079988369051,63,63,63,63,61,63,0.521451,8045,1.29563008188212,26,-88,0.001869,51,2025-11-18 07:17:05.000775,90,1.037,0.0011,"aoml_navis",1024.62827379282
"7901009",93,0.326014350783214,1,0.444822,1,0.422394,1,201.188513323106,1,4.87936160546054,92,1,25.4829998016357,36.5029983520508,0.444822013378143,0.333227068185806,194.004898071289,-87.5052,25.5575,73.5079988369051,63,63,63,63,61,63,0.422394,8045,1.29563008188212,26,-88,0.001869,51,2025-11-18 07:17:05.000775,92,1.037,0.0011,"aoml_navis",1024.72421687387
"7901009",93,0.274082861277923,1,0.377538,1,0.35511,1,200.680268959027,1,4.87911746786094,94,1,25.3379993438721,36.5,0.377537995576859,0.281295567750931,193.514801025391,-87.5052,25.5575,73.5079988369051,63,63,63,63,61,63,0.35511,8045,1.29563008188212,26,-88,0.001869,51,2025-11-18 07:17:05.000775,94,1.037,0.0011,"aoml_navis",1024.7754912513
"7901009",93,0.262542530276747,1,0.362586,1,0.340158,1,198.947801129981,1,4.87878929232677,96,1,25.1450004577637,36.5009994506836,0.362585991621017,0.269755244255066,191.844192504883,-87.5052,25.5575,73.5079988369051,63,63,63,63,61,63,0.340158,8045,1.29563008188212,26,-88,0.001869,51,2025-11-18 07:17:05.000775,96,1.037,0.0011,"aoml_navis",1024.84442356711
"7901009",93,0.238019326899249,1,0.330813,1,0.308385,1,197.556019535208,1,4.8785843952058,98,1,25.0330009460449,36.5009994506836,0.330812990665436,0.245232045650482,190.502105712891,-87.5052,25.5575,73.5079988369051,63,63,63,63,61,63,0.308385,8045,1.29563008188212,26,-88,0.001869,51,2025-11-18 07:17:05.000775,98,1.037,0.0011,"aoml_navis",1024.8874663137
"7901009",93,0.226478995898073,1,0.315861,1,0.293433,1,195.003372937243,1,4.87837256454915,100,1,24.9109992980957,36.4990005493164,0.315860986709595,0.233691707253456,188.040603637695,-87.5052,25.5575,73.5079988369051,63,63,63,63,61,63,0.293433,8045,1.29563008188212,26,-88,0.001869,51,2025-11-18 07:17:05.000775,100,1.037,0.0011,"aoml_navis",1024.93196938969
"7901009",93,0.225036454522926,1,0.313992,1,0.291564,1,191.473528085793,1,4.87811253451576,102,1,24.7479991912842,36.4939994812012,0.313991993665695,0.232249170541763,184.636795043945,-87.5052,25.5575,73.5079988369051,63,63,63,63,61,63,0.291564,8045,1.29563008188212,26,-88,0.001869,51,2025-11-18 07:17:05.000775,102,1.037,0.0011,"aoml_navis",1024.98660385996
"7901009",93,0.197628168395134,1,0.278481,1,0.256053,1,191.380927257044,1,4.87753128796853,104,1,24.378999710083,36.4959983825684,0.278481006622314,0.204840868711472,184.547500610352,-87.5052,25.5575,73.5079988369051,63,63,63,63,61,63,0.256053,8045,1.29563008188212,26,-88,0.001869,51,2025-11-18 07:17:05.000775,104,1.037,0.0011,"aoml_navis",1025.10874965242
"7901009",93,0.191858002894546,1,0.271005,1,0.248577,1,190.931167626912,1,4.87725567688882,106,1,24.2229995727539,36.4990005493164,0.271005004644394,0.199070706963539,184.113800048828,-87.5052,25.5575,73.5079988369051,63,63,63,63,61,63,0.248577,8045,1.29563008188212,26,-88,0.001869,51,2025-11-18 07:17:05.000775,106,1.037,0.0011,"aoml_navis",1025.16667799329
"7901009",93,0.187530378769105,1,0.265398,1,0.24297,1,190.016821473871,1,4.87685550900308,108,1,23.9839992523193,36.5040016174316,0.265397995710373,0.194743096828461,183.23210144043,-87.5052,25.5575,73.5079988369051,63,63,63,63,61,63,0.24297,8045,1.29563008188212,26,-88,0.001869,51,2025-11-18 07:17:05.000775,108,1.037,0.0011,"aoml_navis",1025.25079752098
"7901009",93,0.175990047767929,1,0.250446,1,0.228018,1,189.775302941882,1,4.87665036666292,110,1,23.871000289917,36.5050010681152,0.250445991754532,0.183202758431435,182.999206542969,-87.5052,25.5575,73.5079988369051,63,63,63,63,61,63,0.228018,8045,1.29563008188212,26,-88,0.001869,51,2025-11-18 07:17:05.000775,110,1.037,0.0011,"aoml_navis",1025.29392596613
"7901009",93,0.160122092641313,1,0.229887,1,0.207459,1,189.433176742569,1,4.87647888777029,112,1,23.7840003967285,36.5069999694824,0.229886993765831,0.167334794998169,182.669296264648,-87.5052,25.5575,73.5079988369051,63,63,63,63,61,63,0.207459,8045,1.29563008188212,26,-88,0.001869,51,2025-11-18 07:17:05.000775,112,1.037,0.0011,"aoml_navis",1025.32997990404
"7901009",93,0.157237009891019,1,0.226149,1,0.203721,1,188.348139348975,1,4.87635226318287,114,1,23.7259998321533,36.507999420166,0.226148992776871,0.164449706673622,181.623001098633,-87.5052,25.5575,73.5079988369051,63,63,63,63,61,63,0.203721,8045,1.29563008188212,26,-88,0.001869,51,2025-11-18 07:17:05.000775,114,1.037,0.0011,"aoml_navis",1025.35660472085
"7901009",93,0.142811596139549,1,0.207459,1,0.185031,1,186.886448242682,1,4.87615742509957,116,1,23.617000579834,36.507999420166,0.207459002733231,0.150024309754372,180.213500976562,-87.5052,25.5575,73.5079988369051,63,63,63,63,61,63,0.185031,8045,1.29563008188212,26,-88,0.001869,51,2025-11-18 07:17:05.000775,116,1.037,0.0011,"aoml_navis",1025.39757520193
"7901009",93,0.144254137514696,1,0.209328,1,0.1869,1,185.082124575743,1,4.8760192731876,118,1,23.5480003356934,36.507999420166,0.20932799577713,0.151466846466064,178.473602294922,-87.5052,25.5575,73.5079988369051,63,63,63,63,61,63,0.1869,8045,1.29563008188212,26,-88,0.001869,51,2025-11-18 07:17:05.000775,118,1.037,0.0011,"aoml_navis",1025.42662771949
"7901009",93,0.124058558262639,1,0.183162,1,0.160734,1,183.760331611447,1,4.87588471467939,120,1,23.4839992523193,36.5089988708496,0.183162003755569,0.13127127289772,177.199005126953,-87.5052,25.5575,73.5079988369051,63,63,63,63,61,63,0.160734,8045,1.29563008188212,26,-88,0.001869,51,2025-11-18 07:17:05.000775,120,1.037,0.0011,"aoml_navis",1025.45492614847
"7901009",93,0.121173475512345,1,0.179424,1,0.156996,1,182.558831111292,1,4.87575991987503,122,1,23.431999206543,36.5120010375977,0.179424002766609,0.128386184573174,176.040405273438,-87.5052,25.5575,73.5079988369051,63,63,63,63,61,63,0.156996,8045,1.29563008188212,26,-88,0.001869,51,2025-11-18 07:17:05.000775,122,1.037,0.0011,"aoml_navis",1025.48117261035
"7901009",93,0.116845851386904,1,0.173817,1,0.151389,1,179.973302674274,1,4.87567167277408,124,1,23.4060001373291,36.5149993896484,0.173816993832588,0.124058552086353,173.54719543457,-87.5052,25.5575,73.5079988369051,63,63,63,63,61,63,0.151389,8045,1.29563008188212,26,-88,0.001869,51,2025-11-18 07:17:05.000775,124,1.037,0.0011,"aoml_navis",1025.49973328191
"7901009",93,0.119730934137198,1,0.177555,1,0.155127,1,177.15538603305,1,4.87551542811916,126,1,23.3339996337891,36.5190010070801,0.177554994821548,0.12694363296032,170.829895019531,-87.5052,25.5575,73.5079988369051,63,63,63,63,61,63,0.155127,8045,1.29563008188212,26,-88,0.001869,51,2025-11-18 07:17:05.000775,126,1.037,0.0011,"aoml_navis",1025.53259726405
"7901009",93,0.112518227261463,1,0.16821,1,0.145782,1,174.355730047393,1,4.87535019716069,128,1,23.257999420166,36.523998260498,0.168209999799728,0.119730934500694,168.13020324707,-87.5052,25.5575,73.5079988369051,63,63,63,63,61,63,0.145782,8045,1.29563008188212,26,-88,0.001869,51,2025-11-18 07:17:05.000775,128,1.037,0.0011,"aoml_navis",1025.56735368711
"7901009",93,0.0952077307596995,1,0.145782,1,0.123354,1,170.130255491119,1,4.87520630346,130,1,23.1919994354248,36.5270004272461,0.145781993865967,0.102420434355736,164.055603027344,-87.5052,25.5575,73.5079988369051,63,63,63,63,61,63,0.123354,8045,1.29563008188212,26,-88,0.001869,51,2025-11-18 07:17:05.000775,130,1.037,0.0011,"aoml_navis",1025.59762372547
"7901009",93,0.0851099411336708,1,0.132699,1,0.110271,1,166.706920581281,1,4.87496139017577,132,1,23.0610008239746,36.5330009460449,0.132698997855186,0.0923226475715637,160.754501342773,-87.5052,25.5575,73.5079988369051,63,63,63,63,61,63,0.110271,8045,1.29563008188212,26,-88,0.001869,51,2025-11-18 07:17:05.000775,132,1.037,0.0011,"aoml_navis",1025.6491487453
"7901009",93,0.0937651893845526,1,0.143913,1,0.121485,1,164.424734230235,1,4.8748440838148,134,1,23.0319995880127,36.5429992675781,0.143913000822067,0.100977897644043,158.553802490234,-87.5052,25.5575,73.5079988369051,63,63,63,63,61,63,0.121485,8045,1.29563008188212,26,-88,0.001869,51,2025-11-18 07:17:05.000775,134,1.037,0.0011,"aoml_navis",1025.67382956939
"7901009",93,0.0937651893845526,1,0.143913,1,0.121485,1,162.235148707939,1,4.87473095826989,136,1,23.0060005187988,36.5530014038086,0.143913000822067,0.100977897644043,156.442398071289,-87.5052,25.5575,73.5079988369051,63,63,63,63,61,63,0.121485,8045,1.29563008188212,26,-88,0.001869,51,2025-11-18 07:17:05.000775,136,1.037,0.0011,"aoml_navis",1025.69763189035
"7901009",93,0.0952077307596995,1,0.145782,1,0.123354,1,159.977948123913,1,4.87460428230426,138,1,22.9650001525879,36.5610008239746,0.145781993865967,0.102420434355736,154.26579284668,-87.5052,25.5575,73.5079988369051,63,63,63,63,61,63,0.123354,8045,1.29563008188212,26,-88,0.001869,51,2025-11-18 07:17:05.000775,138,1.037,0.0011,"aoml_navis",1025.72428661562
"7901009",93,0.0865524825088178,1,0.134568,1,0.11214,1,157.006461584704,1,4.87448932182967,140,1,22.9220008850098,36.564998626709,0.134568005800247,0.0937651917338371,151.400405883789,-87.5052,25.5575,73.5079988369051,63,63,63,63,61,63,0.11214,8045,1.29563008188212,26,-88,0.001869,51,2025-11-18 07:17:05.000775,140,1.037,0.0011,"aoml_navis",1025.74847740629
"7901009",93,0.0807823170082299,1,0.127092,1,0.104664,1,153.063979718339,1,4.87430885173249,142,1,22.8419990539551,36.5730018615723,0.127092003822327,0.0879950225353241,147.598693847656,-87.5052,25.5575,73.5079988369051,63,63,63,63,61,63,0.104664,8045,1.29563008188212,26,-88,0.001869,51,2025-11-18 07:17:05.000775,142,1.037,0.0011,"aoml_navis",1025.78645549365
"7901009",93,0.0865524825088178,1,0.134568,1,0.11214,1,149.983910320813,1,4.87401303003296,144,1,22.6989994049072,36.5890007019043,0.134568005800247,0.0937651917338371,144.628601074219,-87.5052,25.5575,73.5079988369051,63,63,63,63,61,63,0.11214,8045,1.29563008188212,26,-88,0.001869,51,2025-11-18 07:17:05.000775,144,1.037,0.0011,"aoml_navis",1025.84871423009
"7901009",93,0.0865524825088178,1,0.134568,1,0.11214,1,148.172228590755,1,4.87373720442188,146,1,22.548999786377,36.5970001220703,0.134568005800247,0.0937651917338371,142.881607055664,-87.5052,25.5575,73.5079988369051,63,63,63,63,61,63,0.11214,8045,1.29563008188212,26,-88,0.001869,51,2025-11-18 07:17:05.000775,146,1.037,0.0011,"aoml_navis",1025.90677139169
"7901009",93,0.0793397756330829,1,0.125223,1,0.102795,1,145.296855762043,1,4.87335787809128,148,1,22.3409996032715,36.6119995117188,0.125222995877266,0.0865524783730507,140.108901977539,-87.5052,25.5575,73.5079988369051,63,63,63,63,61,63,0.102795,8045,1.29563008188212,26,-88,0.001869,51,2025-11-18 07:17:05.000775,148,1.037,0.0011,"aoml_navis",1025.98662463884
"7901009",93,0.0692419860070542,1,0.11214,1,0.089712,1,142.691737470958,1,4.8730879081115,150,1,22.2999992370605,36.6599998474121,0.112139999866486,0.0764546915888786,137.596801757812,-87.5052,25.5575,73.5079988369051,63,63,63,63,61,63,0.089712,8045,1.29563008188212,26,-88,0.001869,51,2025-11-18 07:17:05.000775,150,1.037,0.0011,"aoml_navis",1026.04346448937
"7901009",93,0.0591441963810255,1,0.099057,1,0.076629,1,141.145626436201,1,4.87264246531239,152,1,22.0069999694824,36.6619987487793,0.0990569964051247,0.0663569048047066,136.105895996094,-87.5052,25.5575,73.5079988369051,63,63,63,63,61,63,0.076629,8045,1.29563008188212,26,-88,0.001869,51,2025-11-18 07:17:05.000775,152,1.037,0.0011,"aoml_navis",1026.13726239802
"7901009",93,0.0591441963810255,1,0.099057,1,0.076629,1,138.67241527233,1,4.87243266505595,154,1,21.863000869751,36.6549987792969,0.0990569964051247,0.0663569048047066,133.720993041992,-87.5052,25.5575,73.5079988369051,63,63,63,63,61,63,0.076629,8045,1.29563008188212,26,-88,0.001869,51,2025-11-18 07:17:05.000775,154,1.037,0.0011,"aoml_navis",1026.18144645876
"7901009",93,0.0562591136307315,1,0.095319,1,0.072891,1,137.002799543726,1,4.87209433637666,156,1,21.6790008544922,36.6689987182617,0.095319002866745,0.0634718164801598,132.110992431641,-87.5052,25.5575,73.5079988369051,63,63,63,63,61,63,0.072891,8045,1.29563008188212,26,-88,0.001869,51,2025-11-18 07:17:05.000775,156,1.037,0.0011,"aoml_navis",1026.25270669912
"7901009",93,0.0360635343786741,1,0.069153,1,0.046725,1,137.243194586507,1,4.87170655097329,158,1,21.6140003204346,36.7410011291504,0.0691530033946037,0.0432762391865253,132.342803955078,-87.5052,25.5575,73.5079988369051,63,63,63,63,61,63,0.046725,8045,1.29563008188212,26,-88,0.001869,51,2025-11-18 07:17:05.000775,158,1.037,0.0011,"aoml_navis",1026.33439590098
"7901009",93,0.0317359102532332,1,0.063546,1,0.041118,1,137.970978235969,1,4.87144945474691,160,1,21.4599990844727,36.7439994812012,0.0635460019111633,0.038948617875576,133.04460144043,-87.5052,25.5575,73.5079988369051,63,63,63,63,61,63,0.041118,8045,1.29563008188212,26,-88,0.001869,51,2025-11-18 07:17:05.000775,160,1.037,0.0011,"aoml_navis",1026.38856185356
"7901009",93,0.0201955792520575,1,0.048594,1,0.026166,1,139.834720240562,1,4.87127612656062,162,1,21.3740005493164,36.7490005493164,0.0485940016806126,0.0274082869291306,134.841796875,-87.5052,25.5575,73.5079988369051,63,63,63,63,61,63,0.026166,8045,1.29563008188212,26,-88,0.001869,51,2025-11-18 07:17:05.000775,162,1.037,0.0011,"aoml_navis",1026.4250824825
"7901009",93,0.0100977896260287,1,0.035511,1,0.013083,1,141.318817835835,1,4.87105908460412,164,1,21.2520008087158,36.7529983520508,0.0355109982192516,0.0173104964196682,136.272903442383,-87.5052,25.5575,73.5079988369051,63,63,63,63,61,63,0.013083,8045,1.29563008188212,26,-88,0.001869,51,2025-11-18 07:17:05.000775,164,1.037,0.0011,"aoml_navis",1026.4708173636
"7901009",93,0.00288508275029393,1,0.026166,1,0.003738,1,142.11961245998,1,4.87089882530687,166,1,21.2819995880127,36.7970008850098,0.0261659994721413,0.0100977895781398,137.045104980469,-87.5052,25.5575,73.5079988369051,63,63,63,63,61,63,0.003738,8045,1.29563008188212,26,-88,0.001869,51,2025-11-18 07:17:05.000775,166,1.037,0.0011,"aoml_navis",1026.50458967088
"7901009",93,0,1,0.022428,1,0,1,142.396085747728,1,4.87077801471029,168,1,21.2490005493164,36.806999206543,0.0224280003458261,0.0072127073071897,137.311706542969,-87.5052,25.5575,73.5079988369051,63,63,63,63,61,63,0,8045,1.29563008188212,26,-88,0.001869,51,2025-11-18 07:17:05.000775,168,1.037,0.0011,"aoml_navis",1026.53005020952
"7901009",93,0.00144254137514696,1,0.024297,1,0.001869,1,142.733322395421,1,4.87062373346045,170,1,21.1660003662109,36.8079986572266,0.0242970008403063,0.0086552482098341,137.636901855469,-87.5052,25.5575,73.5079988369051,63,63,63,63,61,63,0.001869,8045,1.29563008188212,26,-88,0.001869,51,2025-11-18 07:17:05.000775,170,1.037,0.0011,"aoml_navis",1026.56256644313
"7901009",93,0.00144254137514696,1,0.024297,1,0.001869,1,142.567394116155,1,4.87047823983595,172,1,21.0839996337891,36.806999206543,0.0242970008403063,0.0086552482098341,137.476898193359,-87.5052,25.5575,73.5079988369051,63,63,63,63,61,63,0.001869,8045,1.29563008188212,26,-88,0.001869,51,2025-11-18 07:17:05.000775,172,1.037,0.0011,"aoml_navis",1026.59323248889
"7901009",93,0.00144254137514696,1,0.024297,1,0.001869,1,142.012786042536,1,4.87040423476743,174,1,21.0259990692139,36.7949981689453,0.0242970008403063,0.0086552482098341,136.942092895508,-87.5052,25.5575,73.5079988369051,63,63,63,63,61,63,0.001869,8045,1.29563008188212,26,-88,0.001869,51,2025-11-18 07:17:05.000775,174,1.037,0.0011,"aoml_navis",1026.60883142049
"7901009",93,-0.00144254137514696,1,0.020559,1,-0.001869,1,141.836081761155,1,4.8702534620216,176,1,20.8899993896484,36.7760009765625,0.020558999851346,0.00577016547322273,136.771697998047,-87.5052,25.5575,73.5079988369051,63,63,63,63,61,63,-0.001869,8045,1.29563008188212,26,-88,0.001869,51,2025-11-18 07:17:05.000775,176,1.037,0.0011,"aoml_navis",1026.64061305847
"7901009",93,0,1,0.022428,1,0,1,141.841366907567,1,4.87002734448521,178,1,20.6900005340576,36.7550010681152,0.0224280003458261,0.0072127073071897,136.776794433594,-87.5052,25.5575,73.5079988369051,63,63,63,63,61,63,0,8045,1.29563008188212,26,-88,0.001869,51,2025-11-18 07:17:05.000775,178,1.037,0.0011,"aoml_navis",1026.68828043891
"7901009",93,0.00144254137514696,1,0.024297,1,0.001869,1,141.711944115643,1,4.86989427087134,180,1,20.5830001831055,36.742000579834,0.0242970008403063,0.0086552482098341,136.651992797852,-87.5052,25.5575,73.5079988369051,63,63,63,63,61,63,0.001869,8045,1.29563008188212,26,-88,0.001869,51,2025-11-18 07:17:05.000775,180,1.037,0.0011,"aoml_navis",1026.71633548738
"7901009",93,0,1,0.022428,1,0,1,141.350133119514,1,4.86977456379074,182,1,20.4860000610352,36.7290000915527,0.0224280003458261,0.0072127073071897,136.303100585938,-87.5052,25.5575,73.5079988369051,63,63,63,63,61,63,0,8045,1.29563008188212,26,-88,0.001869,51,2025-11-18 07:17:05.000775,182,1.037,0.0011,"aoml_navis",1026.74157386618
"7901009",93,0,1,0.022428,1,0,1,140.681451331874,1,4.86965496730221,184,1,20.3859996795654,36.7150001525879,0.0224280003458261,0.0072127073071897,135.658294677734,-87.5052,25.5575,73.5079988369051,63,63,63,63,61,63,0,8045,1.29563008188212,26,-88,0.001869,51,2025-11-18 07:17:05.000775,184,1.037,0.0011,"aoml_navis",1026.76679016748
"7901009",93,0.00288508275029393,1,0.026166,1,0.003738,1,139.610512936641,1,4.86954732399385,186,1,20.2950000762939,36.701000213623,0.0261659994721413,0.0100977895781398,134.625595092773,-87.5052,25.5575,73.5079988369051,63,63,63,63,61,63,0.003738,8045,1.29563008188212,26,-88,0.001869,51,2025-11-18 07:17:05.000775,186,1.037,0.0011,"aoml_navis",1026.78948726165
"7901009",93,0.00144254137514696,1,0.024297,1,0.001869,1,137.478905786959,1,4.86942733820991,188,1,20.1800003051758,36.681999206543,0.0242970008403063,0.0086552482098341,132.570098876953,-87.5052,25.5575,73.5079988369051,63,63,63,63,61,63,0.001869,8045,1.29563008188212,26,-88,0.001869,51,2025-11-18 07:17:05.000775,188,1.037,0.0011,"aoml_navis",1026.8147880071
"7901009",93,0.00577016550058785,1,0.029904,1,0.007476,1,134.784715372664,1,4.86924951566734,190,1,19.988000869751,36.6520004272461,0.0299040004611015,0.0129828732460737,129.972106933594,-87.5052,25.5575,73.5079988369051,63,63,63,63,61,63,0.007476,8045,1.29563008188212,26,-88,0.001869,51,2025-11-18 07:17:05.000775,190,1.037,0.0011,"aoml_navis",1026.85228676656
"7901009",93,0.0115403310011757,1,0.03738,1,0.014952,1,130.864117810154,1,4.86906252975166,192,1,19.7789993286133,36.6189994812012,0.0373799987137318,0.0187530387192965,126.191497802734,-87.5052,25.5575,73.5079988369051,63,63,63,63,61,63,0.014952,8045,1.29563008188212,26,-88,0.001869,51,2025-11-18 07:17:05.000775,192,1.037,0.0011,"aoml_navis",1026.89172082886
"7901009",93,0.0115403310011757,1,0.03738,1,0.014952,1,129.228523233603,1,4.8688502034458,194,1,19.5340003967285,36.5810012817383,0.0373799987137318,0.0187530387192965,124.614303588867,-87.5052,25.5575,73.5079988369051,63,63,63,63,61,63,0.014952,8045,1.29563008188212,26,-88,0.001869,51,2025-11-18 07:17:05.000775,194,1.037,0.0011,"aoml_navis",1026.93650268012
"7901009",93,0.0100977896260287,1,0.035511,1,0.013083,1,128.800125722202,1,4.86860107759476,196,1,19.2719993591309,36.5480003356934,0.0355109982192516,0.0173104964196682,124.201202392578,-87.5052,25.5575,73.5079988369051,63,63,63,63,61,63,0.013083,8045,1.29563008188212,26,-88,0.001869,51,2025-11-18 07:17:05.000775,196,1.037,0.0011,"aoml_navis",1026.98905092264
"7901009",93,0.0129828723763227,1,0.039249,1,0.016821,1,128.750344073664,1,4.86845902516582,198,1,19.1499996185303,36.5340003967285,0.0392489992082119,0.0201955791562796,124.153198242188,-87.5052,25.5575,73.5079988369051,63,63,63,63,61,63,0.016821,8045,1.29563008188212,26,-88,0.001869,51,2025-11-18 07:17:05.000775,198,1.037,0.0011,"aoml_navis",1027.01901652129
"7901009",93,0.0144254137514696,1,0.041118,1,0.01869,1,128.683354051704,1,4.86837605908765,200,1,19.0900001525879,36.5250015258789,0.041117999702692,0.0216381195932627,124.088600158691,-87.5052,25.5575,73.5079988369051,63,63,63,63,61,63,0.01869,8045,1.29563008188212,26,-88,0.001869,51,2025-11-18 07:17:05.000775,200,1.037,0.0011,"aoml_navis",1027.03651881342
"7901009",93,0.0144254137514696,1,0.041118,1,0.01869,1,129.531643786494,1,4.86829447946663,202,1,19.0310001373291,36.515998840332,0.041117999702692,0.0216381195932627,124.906600952148,-87.5052,25.5575,73.5079988369051,63,63,63,63,61,63,0.01869,8045,1.29563008188212,26,-88,0.001869,51,2025-11-18 07:17:05.000775,202,1.037,0.0011,"aoml_navis",1027.05372920411
"7901009",93,0,1,0.022428,1,0,1,131.18538825207,1,4.86815604354836,204,1,18.9109992980957,36.5019989013672,0.0224280003458261,0.0072127073071897,126.50129699707,-87.5052,25.5575,73.5079988369051,63,63,63,63,61,63,0,8045,1.29563008188212,26,-88,0.001869,51,2025-11-18 07:17:05.000775,204,1.037,0.0011,"aoml_navis",1027.08293556579
"7901009",93,0.00577016550058785,1,0.029904,1,0.007476,1,133.962337096706,1,4.8680232922821,206,1,18.806999206543,36.492000579834,0.0299040004611015,0.0129828732460737,129.179092407227,-87.5052,25.5575,73.5079988369051,63,63,63,63,61,63,0.007476,8045,1.29563008188212,26,-88,0.001869,51,2025-11-18 07:17:05.000775,206,1.037,0.0011,"aoml_navis",1027.11094417464
"7901009",93,0.00577016550058785,1,0.029904,1,0.007476,1,135.804321387777,1,4.86790590799549,208,1,18.7329998016357,36.4879989624023,0.0299040004611015,0.0129828732460737,130.955307006836,-87.5052,25.5575,73.5079988369051,63,63,63,63,61,63,0.007476,8045,1.29563008188212,26,-88,0.001869,51,2025-11-18 07:17:05.000775,208,1.037,0.0011,"aoml_navis",1027.1357118443
"7901009",93,0.00577016550058785,1,0.029904,1,0.007476,1,137.809306556658,1,4.86779600006151,210,1,18.6620006561279,36.4830017089844,0.0299040004611015,0.0129828732460737,132.888702392578,-87.5052,25.5575,73.5079988369051,63,63,63,63,61,63,0.007476,8045,1.29563008188212,26,-88,0.001869,51,2025-11-18 07:17:05.000775,210,1.037,0.0011,"aoml_navis",1027.15890311279
"7901009",93,0.00144254137514696,1,0.024297,1,0.001869,1,140.403838731127,1,4.86767527375092,212,1,18.5729999542236,36.4749984741211,0.0242970008403063,0.0086552482098341,135.390594482422,-87.5052,25.5575,73.5079988369051,63,63,63,63,61,63,0.001869,8045,1.29563008188212,26,-88,0.001869,51,2025-11-18 07:17:05.000775,212,1.037,0.0011,"aoml_navis",1027.18437833408
"7901009",93,-0.00144254137514696,1,0.020559,1,-0.001869,1,141.809845914595,1,4.86761332921545,214,1,18.5620002746582,36.4770011901855,0.020558999851346,0.00577016547322273,136.746398925781,-87.5052,25.5575,73.5079988369051,63,63,63,63,61,63,-0.001869,8045,1.29563008188212,26,-88,0.001869,51,2025-11-18 07:17:05.000775,214,1.037,0.0011,"aoml_navis",1027.19745013228
"7901009",93,-0.00288508275029393,1,0.01869,1,-0.003738,1,141.300351470976,1,4.86750020228641,216,1,18.4759998321533,36.4679985046387,0.0186899993568659,0.00432762410491705,136.255096435547,-87.5052,25.5575,73.5079988369051,63,63,63,63,61,63,-0.003738,8045,1.29563008188212,26,-88,0.001869,51,2025-11-18 07:17:05.000775,216,1.037,0.0011,"aoml_navis",1027.22132351455
"7901009",93,0,1,0.022428,1,0,1,139.917589437445,1,4.8674066806787,218,1,18.3969993591309,36.4560012817383,0.0224280003458261,0.0072127073071897,134.92170715332,-87.5052,25.5575,73.5079988369051,63,63,63,63,61,63,0,8045,1.29563008188212,26,-88,0.001869,51,2025-11-18 07:17:05.000775,218,1.037,0.0011,"aoml_navis",1027.24106038799
"7901009",93,-0.00144254137514696,1,0.020559,1,-0.001869,1,138.268813642448,1,4.86733151832123,220,1,18.3390007019043,36.4459991455078,0.020558999851346,0.00577016547322273,133.331802368164,-87.5052,25.5575,73.5079988369051,63,63,63,63,61,63,-0.001869,8045,1.29563008188212,26,-88,0.001869,51,2025-11-18 07:17:05.000775,220,1.037,0.0011,"aoml_navis",1027.2569232606
"7901009",93,-0.00432762412544089,1,0.016821,1,-0.005607,1,136.108470487125,1,4.86727575334068,222,1,18.2970008850098,36.4360008239746,0.0168210007250309,0.00288508273661137,131.248596191406,-87.5052,25.5575,73.5079988369051,63,63,63,63,61,63,-0.005607,8045,1.29563008188212,26,-88,0.001869,51,2025-11-18 07:17:05.000775,222,1.037,0.0011,"aoml_navis",1027.26869267027
"7901009",93,-0.00288508275029393,1,0.01869,1,-0.003738,1,132.866935119579,1,4.86721165622059,224,1,18.2450008392334,36.4249992370605,0.0186899993568659,0.00432762410491705,128.122802734375,-87.5052,25.5575,73.5079988369051,63,63,63,63,61,63,-0.003738,8045,1.29563008188212,26,-88,0.001869,51,2025-11-18 07:17:05.000775,224,1.037,0.0011,"aoml_navis",1027.2822209426
"7901009",93,-0.00144254137514696,1,0.020559,1,-0.001869,1,129.94251644864,1,4.86707735245861,226,1,18.0860004425049,36.3979988098145,0.020558999851346,0.00577016547322273,125.302803039551,-87.5052,25.5575,73.5079988369051,63,63,63,63,61,63,-0.001869,8045,1.29563008188212,26,-88,0.001869,51,2025-11-18 07:17:05.000775,226,1.037,0.0011,"aoml_navis",1027.31056811214
"7901009",93,0,1,0.022428,1,0,1,128.428242882687,1,4.86692855255354,228,1,17.9169998168945,36.3720016479492,0.0224280003458261,0.0072127073071897,123.842597961426,-87.5052,25.5575,73.5079988369051,63,63,63,63,61,63,0,8045,1.29563008188212,26,-88,0.001869,51,2025-11-18 07:17:05.000775,228,1.037,0.0011,"aoml_navis",1027.34197677437
"7901009",93,-0.00144254137514696,1,0.020559,1,-0.001869,1,127.924666537146,1,4.86679270283133,230,1,17.7609996795654,36.3470001220703,0.020558999851346,0.00577016547322273,123.357002258301,-87.5052,25.5575,73.5079988369051,63,63,63,63,61,63,-0.001869,8045,1.29563008188212,26,-88,0.001869,51,2025-11-18 07:17:05.000775,230,1.037,0.0011,"aoml_navis",1027.37065359105
"7901009",93,-0.00288508275029393,1,0.01869,1,-0.003738,1,127.665195913528,1,4.86671326660732,232,1,17.6919994354248,36.3349990844727,0.0186899993568659,0.00432762410491705,123.106796264648,-87.5052,25.5575,73.5079988369051,63,63,63,63,61,63,-0.003738,8045,1.29563008188212,26,-88,0.001869,51,2025-11-18 07:17:05.000775,232,1.037,0.0011,"aoml_navis",1027.38742270008
"7901009",93,-0.00288508275029393,1,0.01869,1,-0.003738,1,127.548843573509,1,4.86661899267506,234,1,17.6009998321533,36.3199996948242,0.0186899993568659,0.00432762410491705,122.994598388672,-87.5052,25.5575,73.5079988369051,63,63,63,63,61,63,-0.003738,8045,1.29563008188212,26,-88,0.001869,51,2025-11-18 07:17:05.000775,234,1.037,0.0011,"aoml_navis",1027.4073247825
"7901009",93,-0.00288508275029393,1,0.01869,1,-0.003738,1,127.59903664063,1,4.86652591175271,236,1,17.5200004577637,36.3079986572266,0.0186899993568659,0.00432762410491705,123.042999267578,-87.5052,25.5575,73.5079988369051,63,63,63,63,61,63,-0.003738,8045,1.29563008188212,26,-88,0.001869,51,2025-11-18 07:17:05.000775,236,1.037,0.0011,"aoml_navis",1027.42697576621
"7901009",93,0,1,0.022428,1,0,1,127.605366157291,1,4.86644433437962,238,1,17.4610004425049,36.2999992370605,0.0224280003458261,0.0072127073071897,123.049102783203,-87.5052,25.5575,73.5079988369051,63,63,63,63,61,63,0,8045,1.29563008188212,26,-88,0.001869,51,2025-11-18 07:17:05.000775,238,1.037,0.0011,"aoml_navis",1027.44419877093
"7901009",93,-0.00288508275029393,1,0.01869,1,-0.003738,1,127.22653667324,1,4.86636547081152,240,1,17.3980007171631,36.2900009155273,0.0186899993568659,0.00432762410491705,122.683799743652,-87.5052,25.5575,73.5079988369051,63,63,63,63,61,63,-0.003738,8045,1.29563008188212,26,-88,0.001869,51,2025-11-18 07:17:05.000775,240,1.037,0.0011,"aoml_navis",1027.46084937311
"7901009",93,-0.00288508275029393,1,0.01869,1,-0.003738,1,127.147615512375,1,4.8662351581931,242,1,17.2719993591309,36.273998260498,0.0186899993568659,0.00432762410491705,122.607696533203,-87.5052,25.5575,73.5079988369051,63,63,63,63,61,63,-0.003738,8045,1.29563008188212,26,-88,0.001869,51,2025-11-18 07:17:05.000775,242,1.037,0.0011,"aoml_navis",1027.48836368536
"7901009",93,-0.00288508275029393,1,0.01869,1,-0.003738,1,127.166184731878,1,4.86617507249849,244,1,17.2310009002686,36.265998840332,0.0186899993568659,0.00432762410491705,122.625602722168,-87.5052,25.5575,73.5079988369051,63,63,63,63,61,63,-0.003738,8045,1.29563008188212,26,-88,0.001869,51,2025-11-18 07:17:05.000775,244,1.037,0.0011,"aoml_navis",1027.50105072418
"7901009",93,-0.00144254137514696,1,0.020559,1,-0.001869,1,127.345586969736,1,4.86610243530718,246,1,17.1760005950928,36.2569999694824,0.020558999851346,0.00577016547322273,122.798599243164,-87.5052,25.5575,73.5079988369051,63,63,63,63,61,63,-0.001869,8045,1.29563008188212,26,-88,0.001869,51,2025-11-18 07:17:05.000775,246,1.037,0.0011,"aoml_navis",1027.51638841823
"7901009",93,-0.00288508275029393,1,0.01869,1,-0.003738,1,127.725967185368,1,4.86602561228345,248,1,17.1110000610352,36.2459983825684,0.0186899993568659,0.00432762410491705,123.165397644043,-87.5052,25.5575,73.5079988369051,63,63,63,63,61,63,-0.003738,8045,1.29563008188212,26,-88,0.001869,51,2025-11-18 07:17:05.000775,248,1.037,0.0011,"aoml_navis",1027.53261046928
"7901009",93,-0.00144254137514696,1,0.020559,1,-0.001869,1,128.789958936065,1,4.8659171544788,250,1,17.0090007781982,36.2319984436035,0.020558999851346,0.00577016547322273,124.191398620605,-87.5052,25.5575,73.5079988369051,63,63,63,63,61,63,-0.001869,8045,1.29563008188212,26,-88,0.001869,51,2025-11-18 07:17:05.000775,250,1.037,0.0011,"aoml_navis",1027.55551343446
"7901009",93,-0.00144254137514696,1,0.020559,1,-0.001869,1,130.676107429638,1,4.86582271439238,252,1,16.9220008850098,36.2190017700195,0.020558999851346,0.00577016547322273,126.010200500488,-87.5052,25.5575,73.5079988369051,63,63,63,63,61,63,-0.001869,8045,1.29563008188212,26,-88,0.001869,51,2025-11-18 07:17:05.000775,252,1.037,0.0011,"aoml_navis",1027.57545711864
"7901009",93,-0.00288508275029393,1,0.01869,1,-0.003738,1,132.220137635793,1,4.86571066779302,254,1,16.8129997253418,36.2039985656738,0.0186899993568659,0.00432762410491705,127.499099731445,-87.5052,25.5575,73.5079988369051,63,63,63,63,61,63,-0.003738,8045,1.29563008188212,26,-88,0.001869,51,2025-11-18 07:17:05.000775,254,1.037,0.0011,"aoml_navis",1027.59911991805
"7901009",93,-0.00288508275029393,1,0.01869,1,-0.003738,1,132.724030457167,1,4.86563021377655,256,1,16.7439994812012,36.193000793457,0.0186899993568659,0.00432762410491705,127.985000610352,-87.5052,25.5575,73.5079988369051,63,63,63,63,61,63,-0.003738,8045,1.29563008188212,26,-88,0.001869,51,2025-11-18 07:17:05.000775,256,1.037,0.0011,"aoml_navis",1027.61611144287
"7901009",93,-0.00288508275029393,1,0.01869,1,-0.003738,1,132.782214539073,1,4.86552832670733,258,1,16.6560001373291,36.181999206543,0.0186899993568659,0.00432762410491705,128.041107177734,-87.5052,25.5575,73.5079988369051,63,63,63,63,61,63,-0.003738,8045,1.29563008188212,26,-88,0.001869,51,2025-11-18 07:17:05.000775,258,1.037,0.0011,"aoml_navis",1027.63763033801
"7901009",93,-0.00432762412544089,1,0.016821,1,-0.005607,1,132.224386323852,1,4.86546718123769,260,1,16.6100006103516,36.1730003356934,0.0168210007250309,0.00288508273661137,127.503196716309,-87.5052,25.5575,73.5079988369051,63,63,63,63,61,63,-0.005607,8045,1.29563008188212,26,-88,0.001869,51,2025-11-18 07:17:05.000775,260,1.037,0.0011,"aoml_navis",1027.65054490165
"7901009",93,-0.00288508275029393,1,0.01869,1,-0.003738,1,131.536628955375,1,4.86535835905899,262,1,16.4930000305176,36.1549987792969,0.0186899993568659,0.00432762410491705,126.839996337891,-87.5052,25.5575,73.5079988369051,63,63,63,63,61,63,-0.003738,8045,1.29563008188212,26,-88,0.001869,51,2025-11-18 07:17:05.000775,262,1.037,0.0011,"aoml_navis",1027.67353008855
"7901009",93,-0.00144254137514696,1,0.020559,1,-0.001869,1,131.104504941039,1,4.8652647460801,264,1,16.3889999389648,36.1370010375977,0.020558999851346,0.00577016547322273,126.423301696777,-87.5052,25.5575,73.5079988369051,63,63,63,63,61,63,-0.001869,8045,1.29563008188212,26,-88,0.001869,51,2025-11-18 07:17:05.000775,264,1.037,0.0011,"aoml_navis",1027.69330364364
"7901009",93,0.00144254137514696,1,0.024297,1,0.001869,1,131.569297173241,1,4.86514353251599,266,1,16.2600002288818,36.1189994812012,0.0242970008403063,0.0086552482098341,126.87149810791,-87.5052,25.5575,73.5079988369051,63,63,63,63,61,63,0.001869,8045,1.29563008188212,26,-88,0.001869,51,2025-11-18 07:17:05.000775,266,1.037,0.0011,"aoml_navis",1027.71890830819
"7901009",93,-0.00577016550058785,1,0.014952,1,-0.007476,1,132.710342877388,1,4.86506939633771,268,1,16.1919994354248,36.1069984436035,0.0149520002305508,0.00144254136830568,127.971801757812,-87.5052,25.5575,73.5079988369051,63,63,63,63,61,63,-0.007476,8045,1.29563008188212,26,-88,0.001869,51,2025-11-18 07:17:05.000775,268,1.037,0.0011,"aoml_navis",1027.73456916439
"7901009",93,0,1,0.01869,1,-0.003738,1,133.583832000384,1,4.8650085484627,270,1,16.1520004272461,36.0999984741211,0.0186899993568659,0.00432762410491705,128.814102172852,-87.5052,25.5575,73.5079988369051,63,63,63,63,61,63,0,8045,1.29563008188212,26,-88,0.001869,51,2025-11-18 07:17:05.000775,270,1.037,0.0011,"aoml_navis",1027.74742329691
"7901009",93,0,1,0.016821,1,-0.005607,1,133.81881530642,1,4.86493577303774,272,1,16.0979995727539,36.0919990539551,0.0168210007250309,0.00288508273661137,129.04069519043,-87.5052,25.5575,73.5079988369051,63,63,63,63,61,63,0,8045,1.29563008188212,26,-88,0.001869,51,2025-11-18 07:17:05.000775,272,1.037,0.0011,"aoml_navis",1027.76279755034
"7901009",93,0,1,0.016821,1,-0.005607,1,134.075065788436,1,4.8648787053619,274,1,16.0580005645752,36.0839996337891,0.0168210007250309,0.00288508273661137,129.287796020508,-87.5052,25.5575,73.5079988369051,63,63,63,63,61,63,0,8045,1.29563008188212,26,-88,0.001869,51,2025-11-18 07:17:05.000775,274,1.037,0.0011,"aoml_navis",1027.77485376751
"7901009",93,0,1,0.020559,1,-0.001869,1,134.281645388456,1,4.86480369501769,276,1,15.9919996261597,36.0730018615723,0.020558999851346,0.00577016547322273,129.486999511719,-87.5052,25.5575,73.5079988369051,63,63,63,63,61,63,0,8045,1.29563008188212,26,-88,0.001869,51,2025-11-18 07:17:05.000775,276,1.037,0.0011,"aoml_navis",1027.79070101447
"7901009",93,0,1,0.01869,1,-0.003738,1,134.250330104776,1,4.86470465913809,278,1,15.8909997940063,36.0579986572266,0.0186899993568659,0.00432762410491705,129.456802368164,-87.5052,25.5575,73.5079988369051,63,63,63,63,61,63,0,8045,1.29563008188212,26,-88,0.001869,51,2025-11-18 07:17:05.000775,278,1.037,0.0011,"aoml_navis",1027.81162482449
"7901009",93,0,1,0.014952,1,-0.007476,1,134.008811572788,1,4.86464584042039,280.100006103516,1,15.8509998321533,36.0499992370605,0.0149520002305508,0.00144254136830568,129.223907470703,-87.5052,25.5575,73.5079988369051,63,63,63,63,61,63,0,8045,1.29563008188212,26,-88,0.001869,51,2025-11-18 07:17:05.000775,280.100006103516,1.037,0.0011,"aoml_navis",1027.82405215503
"7901009",93,0,1,0.022428,1,0,1,133.818087412004,1,4.8645745692713,282,1,15.78600025177,36.0390014648438,0.0224280003458261,0.0072127073071897,129.039993286133,-87.5052,25.5575,73.5079988369051,63,63,63,63,61,63,0,8045,1.29563008188212,26,-88,0.001869,51,2025-11-18 07:17:05.000775,282,1.037,0.0011,"aoml_navis",1027.83911086165
"7901009",93,0,1,0.016821,1,-0.005607,1,133.506880901579,1,4.86450480095697,284,1,15.7340002059937,36.0309982299805,0.0168210007250309,0.00288508273661137,128.739898681641,-87.5052,25.5575,73.5079988369051,63,63,63,63,61,63,0,8045,1.29563008188212,26,-88,0.001869,51,2025-11-18 07:17:05.000775,284,1.037,0.0011,"aoml_navis",1027.85385246539
"7901009",93,0,1,0.022428,1,0,1,133.235914293326,1,4.86442373102479,286,1,15.664999961853,36.0209999084473,0.0224280003458261,0.0072127073071897,128.478607177734,-87.5052,25.5575,73.5079988369051,63,63,63,63,61,63,0,8045,1.29563008188212,26,-88,0.001869,51,2025-11-18 07:17:05.000775,286,1.037,0.0011,"aoml_navis",1027.87098256069
"7901009",93,0,1,0.016821,1,-0.005607,1,132.860194184335,1,4.86436402708718,288,1,15.6120004653931,36.0099983215332,0.0168210007250309,0.00288508273661137,128.116302490234,-87.5052,25.5575,73.5079988369051,63,63,63,63,61,63,0,8045,1.29563008188212,26,-88,0.001869,51,2025-11-18 07:17:05.000775,288,1.037,0.0011,"aoml_navis",1027.88359838152
"7901009",93,0,1,0.020559,1,-0.001869,1,132.443102772069,1,4.86427966300357,290,1,15.5430002212524,36.0009994506836,0.020558999851346,0.00577016547322273,127.71410369873,-87.5052,25.5575,73.5079988369051,63,63,63,63,61,63,0,8045,1.29563008188212,26,-88,0.001869,51,2025-11-18 07:17:05.000775,290,1.037,0.0011,"aoml_navis",1027.90142557565
"7901009",93,0,1,0.014952,1,-0.007476,1,132.017395305249,1,4.86420266740144,291.899993896484,1,15.4720001220703,35.9900016784668,0.0149520002305508,0.00144254136830568,127.303596496582,-87.5052,25.5575,73.5079988369051,63,63,63,63,61,63,0,8045,1.29563008188212,26,-88,0.001869,51,2025-11-18 07:17:05.000775,291.899993896484,1.037,0.0011,"aoml_navis",1027.9176962565
"7901009",93,0,1,0.020559,1,-0.001869,1,131.599164579984,1,4.86412607620064,294,1,15.4049997329712,35.9790000915527,0.020558999851346,0.00577016547322273,126.900299072266,-87.5052,25.5575,73.5079988369051,63,63,63,63,61,63,0,8045,1.29563008188212,26,-88,0.001869,51,2025-11-18 07:17:05.000775,294,1.037,0.0011,"aoml_navis",1027.93388199047
"7901009",93,0,1,0.014952,1,-0.007476,1,131.054723292501,1,4.86406002696863,296,1,15.3489999771118,35.9690017700195,0.0149520002305508,0.00144254136830568,126.375297546387,-87.5052,25.5575,73.5079988369051,63,63,63,63,61,63,0,8045,1.29563008188212,26,-88,0.001869,51,2025-11-18 07:17:05.000775,296,1.037,0.0011,"aoml_navis",1027.94784033866
"7901009",93,0,1,0.01869,1,-0.003738,1,130.34011294959,1,4.86401273762283,298,1,15.3269996643066,35.9640007019043,0.0186899993568659,0.00432762410491705,125.68620300293,-87.5052,25.5575,73.5079988369051,63,63,63,63,61,63,0,8045,1.29563008188212,26,-88,0.001869,51,2025-11-18 07:17:05.000775,298,1.037,0.0011,"aoml_navis",1027.95783434638
"7901009",93,0,1,0.01869,1,-0.003738,1,129.034286191072,1,4.86395680533936,300,1,15.2969999313354,35.9589996337891,0.0186899993568659,0.00432762410491705,124.427001953125,-87.5052,25.5575,73.5079988369051,63,63,63,63,61,63,0,8045,1.29563008188212,26,-88,0.001869,51,2025-11-18 07:17:05.000775,300,1.037,0.0011,"aoml_navis",1027.96965518101
"7901009",93,0,1,0.020559,1,-0.001869,1,127.91336043801,1,4.86387345190103,302,1,15.2180004119873,35.9469985961914,0.020558999851346,0.00577016547322273,123.346099853516,-87.5052,25.5575,73.5079988369051,63,63,63,63,61,63,0,8045,1.29563008188212,26,-88,0.001869,51,2025-11-18 07:17:05.000775,302,1.037,0.0011,"aoml_navis",1027.98727175884
"7901009",93,0,1,0.016821,1,-0.005607,1,126.9917511646,1,4.86380203033639,304,1,15.1599998474121,35.9379997253418,0.0168210007250309,0.00288508273661137,122.457397460938,-87.5052,25.5575,73.5079988369051,63,63,63,63,61,63,0,8045,1.29563008188212,26,-88,0.001869,51,2025-11-18 07:17:05.000775,304,1.037,0.0011,"aoml_navis",1028.00236704005
"7901009",93,0,1,0.022428,1,0,1,126.909206355446,1,4.86373355425389,306,1,15.1079998016357,35.9300003051758,0.0224280003458261,0.0072127073071897,122.377799987793,-87.5052,25.5575,73.5079988369051,63,63,63,63,61,63,0,8045,1.29563008188212,26,-88,0.001869,51,2025-11-18 07:17:05.000775,306,1.037,0.0011,"aoml_navis",1028.01684019614
"7901009",93,0,1,0.020559,1,-0.001869,1,127.339882492845,1,4.86366840459862,308,1,15.0590000152588,35.9220008850098,0.020558999851346,0.00577016547322273,122.793098449707,-87.5052,25.5575,73.5079988369051,63,63,63,63,61,63,0,8045,1.29563008188212,26,-88,0.001869,51,2025-11-18 07:17:05.000775,308,1.037,0.0011,"aoml_navis",1028.03061065439
"7901009",93,0,1,0.020559,1,-0.001869,1,127.593229309093,1,4.86358518355492,310,1,14.9759998321533,35.9090003967285,0.020558999851346,0.00577016547322273,123.037399291992,-87.5052,25.5575,73.5079988369051,63,63,63,63,61,63,0,8045,1.29563008188212,26,-88,0.001869,51,2025-11-18 07:17:05.000775,310,1.037,0.0011,"aoml_navis",1028.0482013364
"7901009",93,0,1,0.020559,1,-0.001869,1,127.441099376149,1,4.86353310437671,312,1,14.9390001296997,35.9010009765625,0.020558999851346,0.00577016547322273,122.890701293945,-87.5052,25.5575,73.5079988369051,63,63,63,63,61,63,0,8045,1.29563008188212,26,-88,0.001869,51,2025-11-18 07:17:05.000775,312,1.037,0.0011,"aoml_navis",1028.05920977499
"7901009",93,0,1,0.024297,1,0.001869,1,126.982209418234,1,4.86346981004392,314,1,14.8879995346069,35.8919982910156,0.0242970008403063,0.0086552482098341,122.448196411133,-87.5052,25.5575,73.5079988369051,63,63,63,63,61,63,0,8045,1.29563008188212,26,-88,0.001869,51,2025-11-18 07:17:05.000775,314,1.037,0.0011,"aoml_navis",1028.07258917782
"7901009",93,0,1,0.024297,1,0.001869,1,126.386024332048,1,4.86339066134889,316,1,14.8219995498657,35.882999420166,0.0242970008403063,0.0086552482098341,121.87329864502,-87.5052,25.5575,73.5079988369051,63,63,63,63,61,63,0,8045,1.29563008188212,26,-88,0.001869,51,2025-11-18 07:17:05.000775,316,1.037,0.0011,"aoml_navis",1028.08932042758
"7901009",93,0,1,0.01869,1,-0.003738,1,125.726995057315,1,4.86332880268454,318,1,14.7790002822876,35.8759994506836,0.0186899993568659,0.00432762410491705,121.237800598145,-87.5052,25.5575,73.5079988369051,63,63,63,63,61,63,0,8045,1.29563008188212,26,-88,0.001869,51,2025-11-18 07:17:05.000775,318,1.037,0.0011,"aoml_navis",1028.10239711533
"7901009",93,0,1,0.014952,1,-0.007476,1,125.071383721579,1,4.86327397071287,320,1,14.746000289917,35.8699989318848,0.0149520002305508,0.00144254136830568,120.605598449707,-87.5052,25.5575,73.5079988369051,63,63,63,63,61,63,0,8045,1.29563008188212,26,-88,0.001869,51,2025-11-18 07:17:05.000775,320,1.037,0.0011,"aoml_navis",1028.11398866494
"7901009",93,0,1,0.01869,1,-0.003738,1,124.328250994215,1,4.86320965761648,322,1,14.7040004730225,35.8639984130859,0.0186899993568659,0.00432762410491705,119.888999938965,-87.5052,25.5575,73.5079988369051,63,63,63,63,61,63,0,8045,1.29563008188212,26,-88,0.001869,51,2025-11-18 07:17:05.000775,322,1.037,0.0011,"aoml_navis",1028.12758486965
"7901009",93,0,1,0.016821,1,-0.005607,1,123.298691814153,1,4.8631499986004,324,1,14.6560001373291,35.8549995422363,0.0168210007250309,0.00288508273661137,118.896202087402,-87.5052,25.5575,73.5079988369051,63,63,63,63,61,63,0,8045,1.29563008188212,26,-88,0.001869,51,2025-11-18 07:17:05.000775,324,1.037,0.0011,"aoml_navis",1028.14019749319
"7901009",93,0,1,0.024297,1,0.001869,1,122.045131039462,1,4.86307673507906,326,1,14.5950002670288,35.8460006713867,0.0242970008403063,0.0086552482098341,117.687400817871,-87.5052,25.5575,73.5079988369051,63,63,63,63,61,63,0,8045,1.29563008188212,26,-88,0.001869,51,2025-11-18 07:17:05.000775,326,1.037,0.0011,"aoml_navis",1028.15568669383
"7901009",93,0,1,0.020559,1,-0.001869,1,120.943494488424,1,4.86299467173183,328,1,14.5220003128052,35.8359985351562,0.020558999851346,0.00577016547322273,116.625099182129,-87.5052,25.5575,73.5079988369051,63,63,63,63,61,63,0,8045,1.29563008188212,26,-88,0.001869,51,2025-11-18 07:17:05.000775,328,1.037,0.0011,"aoml_navis",1028.17303688704
"7901009",93,0,1,0.01869,1,-0.003738,1,119.427670190889,1,4.86293127357299,330,1,14.4840002059937,35.8310012817383,0.0186899993568659,0.00432762410491705,115.163398742676,-87.5052,25.5575,73.5079988369051,63,63,63,63,61,63,0,8045,1.29563008188212,26,-88,0.001869,51,2025-11-18 07:17:05.000775,330,1.037,0.0011,"aoml_navis",1028.1864412051
"7901009",93,0,1,0.022428,1,0,1,118.613915881381,1,4.86284687692713,332,1,14.3979997634888,35.818000793457,0.0224280003458261,0.0072127073071897,114.378700256348,-87.5052,25.5575,73.5079988369051,63,63,63,63,61,63,0,8045,1.29563008188212,26,-88,0.001869,51,2025-11-18 07:17:05.000775,332,1.037,0.0011,"aoml_navis",1028.20428579062
"7901009",93,0,1,0.024297,1,0.001869,1,118.424449712033,1,4.86278836663414,334,1,14.3610000610352,35.8120002746582,0.0242970008403063,0.0086552482098341,114.195999145508,-87.5052,25.5575,73.5079988369051,63,63,63,63,61,63,0,8045,1.29563008188212,26,-88,0.001869,51,2025-11-18 07:17:05.000775,334,1.037,0.0011,"aoml_navis",1028.21665740326
"7901009",93,0,1,0.020559,1,-0.001869,1,118.904701788678,1,4.86271845400818,336,1,14.298999786377,35.8019981384277,0.020558999851346,0.00577016547322273,114.659103393555,-87.5052,25.5575,73.5079988369051,63,63,63,63,61,63,0,8045,1.29563008188212,26,-88,0.001869,51,2025-11-18 07:17:05.000775,336,1.037,0.0011,"aoml_navis",1028.23144035383
"7901009",93,0,1,0.020559,1,-0.001869,1,118.739501403829,1,4.86265081545243,338,1,14.2250003814697,35.7879981994629,0.020558999851346,0.00577016547322273,114.499801635742,-87.5052,25.5575,73.5079988369051,63,63,63,63,61,63,0,8045,1.29563008188212,26,-88,0.001869,51,2025-11-18 07:17:05.000775,338,1.037,0.0011,"aoml_navis",1028.24574285924
"7901009",93,0,1,0.024297,1,0.001869,1,117.44114347497,1,4.86258741386804,340,1,14.1759996414185,35.7799987792969,0.0242970008403063,0.0086552482098341,113.247802734375,-87.5052,25.5575,73.5079988369051,63,63,63,63,61,63,0,8045,1.29563008188212,26,-88,0.001869,51,2025-11-18 07:17:05.000775,340,1.037,0.0011,"aoml_navis",1028.25914979751
"7901009",93,0,1,0.022428,1,0,1,116.236319978568,1,4.86248514249042,342,1,14.0609998703003,35.7639999389648,0.0224280003458261,0.0072127073071897,112.085998535156,-87.5052,25.5575,73.5079988369051,63,63,63,63,61,63,0,8045,1.29563008188212,26,-88,0.001869,51,2025-11-18 07:17:05.000775,342,1.037,0.0011,"aoml_navis",1028.28077690313
"7901009",93,0,1,0.020559,1,-0.001869,1,115.082939628828,1,4.86239402252618,344.100006103516,1,13.9689998626709,35.7509994506836,0.020558999851346,0.00577016547322273,110.97380065918,-87.5052,25.5575,73.5079988369051,63,63,63,63,61,63,0,8045,1.29563008188212,26,-88,0.001869,51,2025-11-18 07:17:05.000775,344.100006103516,1.037,0.0011,"aoml_navis",1028.30004661003
"7901009",93,0,1,0.01869,1,-0.003738,1,114.066545843421,1,4.86233106479033,346,1,13.9250001907349,35.7449989318848,0.0186899993568659,0.00432762410491705,109.993698120117,-87.5052,25.5575,73.5079988369051,63,63,63,63,61,63,0,8045,1.29563008188212,26,-88,0.001869,51,2025-11-18 07:17:05.000775,346,1.037,0.0011,"aoml_navis",1028.31336109682
"7901009",93,0,1,0.020559,1,-0.001869,1,113.444227765321,1,4.86227823999961,348,1,13.8999996185303,35.7410011291504,0.020558999851346,0.00577016547322273,109.393600463867,-87.5052,25.5575,73.5079988369051,63,63,63,63,61,63,0,8045,1.29563008188212,26,-88,0.001869,51,2025-11-18 07:17:05.000775,348,1.037,0.0011,"aoml_navis",1028.32453290464
"7901009",93,0,1,0.01869,1,-0.003738,1,112.846072617075,1,4.86222590106723,350,1,13.878999710083,35.7379989624023,0.0186899993568659,0.00432762410491705,108.816802978516,-87.5052,25.5575,73.5079988369051,63,63,63,63,61,63,0,8045,1.29563008188212,26,-88,0.001869,51,2025-11-18 07:17:05.000775,350,1.037,0.0011,"aoml_navis",1028.33560219868
"7901009",93,0,1,0.026166,1,0.003738,1,112.323404866905,1,4.86216509403506,352,1,13.83899974823,35.7319984436035,0.0261659994721413,0.0100977895781398,108.312797546387,-87.5052,25.5575,73.5079988369051,63,63,63,63,61,63,0,8045,1.29563008188212,26,-88,0.001869,51,2025-11-18 07:17:05.000775,352,1.037,0.0011,"aoml_navis",1028.34846273197
"7901009",93,0,1,0.024297,1,0.001869,1,111.916788804713,1,4.86211164104735,354,1,13.798999786377,35.7239990234375,0.0242970008403063,0.0086552482098341,107.920700073242,-87.5052,25.5575,73.5079988369051,63,63,63,63,61,63,0,8045,1.29563008188212,26,-88,0.001869,51,2025-11-18 07:17:05.000775,354,1.037,0.0011,"aoml_navis",1028.35976816915
"7901009",93,0,1,0.020559,1,-0.001869,1,111.708761327757,1,4.86203865965599,356,1,13.7290000915527,35.7130012512207,0.020558999851346,0.00577016547322273,107.720100402832,-87.5052,25.5575,73.5079988369051,63,63,63,63,61,63,0,8045,1.29563008188212,26,-88,0.001869,51,2025-11-18 07:17:05.000775,356,1.037,0.0011,"aoml_navis",1028.37520431271
"7901009",93,0,1,0.026166,1,0.003738,1,111.658053987408,1,4.86196001183875,358,1,13.6459999084473,35.7000007629395,0.0261659994721413,0.0100977895781398,107.671203613281,-87.5052,25.5575,73.5079988369051,63,63,63,63,61,63,0,8045,1.29563008188212,26,-88,0.001869,51,2025-11-18 07:17:05.000775,358,1.037,0.0011,"aoml_navis",1028.39183946909
"7901009",93,0,1,0.024297,1,0.001869,1,111.553411253211,1,4.86188205120805,360,1,13.5670003890991,35.6879997253418,0.0242970008403063,0.0086552482098341,107.570297241211,-87.5052,25.5575,73.5079988369051,63,63,63,63,61,63,0,8045,1.29563008188212,26,-88,0.001869,51,2025-11-18 07:17:05.000775,360,1.037,0.0011,"aoml_navis",1028.40832980669
"7901009",93,0,1,0.026166,1,0.003738,1,111.498660934094,1,4.8618020799513,362,1,13.4930000305176,35.6780014038086,0.0261659994721413,0.0100977895781398,107.517501831055,-87.5052,25.5575,73.5079988369051,63,63,63,63,61,63,0,8045,1.29563008188212,26,-88,0.001869,51,2025-11-18 07:17:05.000775,362,1.037,0.0011,"aoml_navis",1028.42524598412
"7901009",93,0,1,0.024297,1,0.001869,1,111.653488823516,1,4.86174217358495,364,1,13.4460000991821,35.6699981689453,0.0242970008403063,0.0086552482098341,107.666801452637,-87.5052,25.5575,73.5079988369051,63,63,63,63,61,63,0,8045,1.29563008188212,26,-88,0.001869,51,2025-11-18 07:17:05.000775,364,1.037,0.0011,"aoml_navis",1028.43791823561
"7901009",93,0,1,0.024297,1,0.001869,1,112.255378386592,1,4.86167460037972,366,1,13.3839998245239,35.6599998474121,0.0242970008403063,0.0086552482098341,108.247200012207,-87.5052,25.5575,73.5079988369051,63,63,63,63,61,63,0,8045,1.29563008188212,26,-88,0.001869,51,2025-11-18 07:17:05.000775,366,1.037,0.0011,"aoml_navis",1028.45221266135
"7901009",93,0,1,0.020559,1,-0.001869,1,112.781361221113,1,4.86160546207643,368,1,13.3020000457764,35.6450004577637,0.020558999851346,0.00577016547322273,108.754402160645,-87.5052,25.5575,73.5079988369051,63,63,63,63,61,63,0,8045,1.29563008188212,26,-88,0.001869,51,2025-11-18 07:17:05.000775,368,1.037,0.0011,"aoml_navis",1028.46683857897
"7901009",93,0,1,0.01869,1,-0.003738,1,112.762689146963,1,4.86151608179473,370,1,13.1920003890991,35.6279983520508,0.0186899993568659,0.00432762410491705,108.736396789551,-87.5052,25.5575,73.5079988369051,63,63,63,63,61,63,0,8045,1.29563008188212,26,-88,0.001869,51,2025-11-18 07:17:05.000775,370,1.037,0.0011,"aoml_navis",1028.48574721862
"7901009",93,0,1,0.022428,1,0,1,112.783125573882,1,4.86146139188745,372,1,13.1459999084473,35.6189994812012,0.0224280003458261,0.0072127073071897,108.756103515625,-87.5052,25.5575,73.5079988369051,63,63,63,63,61,63,0,8045,1.29563008188212,26,-88,0.001869,51,2025-11-18 07:17:05.000775,372,1.037,0.0011,"aoml_navis",1028.49731735888
"7901009",93,0,1,0.026166,1,0.003738,1,113.040412514252,1,4.86138441146749,374,1,13.0699996948242,35.6080017089844,0.0261659994721413,0.0100977895781398,109.004203796387,-87.5052,25.5575,73.5079988369051,63,63,63,63,61,63,0,8045,1.29563008188212,26,-88,0.001869,51,2025-11-18 07:17:05.000775,374,1.037,0.0011,"aoml_navis",1028.51360369806
"7901009",93,0,1,0.024297,1,0.001869,1,113.488297025073,1,4.86131400711492,376,1,12.9930000305176,35.5950012207031,0.0242970008403063,0.0086552482098341,109.436096191406,-87.5052,25.5575,73.5079988369051,63,63,63,63,61,63,0,8045,1.29563008188212,26,-88,0.001869,51,2025-11-18 07:17:05.000775,376,1.037,0.0011,"aoml_navis",1028.52849922513
"7901009",93,0,1,0.024297,1,0.001869,1,113.720281722591,1,4.86125381502269,378,1,12.9409999847412,35.5859985351562,0.0242970008403063,0.0086552482098341,109.659797668457,-87.5052,25.5575,73.5079988369051,63,63,63,63,61,63,0,8045,1.29563008188212,26,-88,0.001869,51,2025-11-18 07:17:05.000775,378,1.037,0.0011,"aoml_navis",1028.54123447505
"7901009",93,0,1,0.024297,1,0.001869,1,114.087805107506,1,4.86119274026917,380,1,12.8879995346069,35.5769996643066,0.0242970008403063,0.0086552482098341,110.014198303223,-87.5052,25.5575,73.5079988369051,63,63,63,63,61,63,0,8045,1.29563008188212,26,-88,0.001869,51,2025-11-18 07:17:05.000775,380,1.037,0.0011,"aoml_navis",1028.55415679798
"7901009",93,0,1,0.022428,1,0,1,114.493804041823,1,4.86111218507341,382,1,12.8000001907349,35.5639991760254,0.0224280003458261,0.0072127073071897,110.405700683594,-87.5052,25.5575,73.5079988369051,63,63,63,63,61,63,0,8045,1.29563008188212,26,-88,0.001869,51,2025-11-18 07:17:05.000775,382,1.037,0.0011,"aoml_navis",1028.57120132982
"7901009",93,0,1,0.01869,1,-0.003738,1,114.903118060492,1,4.86106387346104,384,1,12.7709999084473,35.5579986572266,0.0186899993568659,0.00432762410491705,110.800399780273,-87.5052,25.5575,73.5079988369051,63,63,63,63,61,63,0,8045,1.29563008188212,26,-88,0.001869,51,2025-11-18 07:17:05.000775,384,1.037,0.0011,"aoml_navis",1028.5814237697
"7901009",93,0,1,0.024297,1,0.001869,1,115.508116998628,1,4.86097168548115,386,1,12.6479997634888,35.5390014648438,0.0242970008403063,0.0086552482098341,111.383796691895,-87.5052,25.5575,73.5079988369051,63,63,63,63,61,63,0,8045,1.29563008188212,26,-88,0.001869,51,2025-11-18 07:17:05.000775,386,1.037,0.0011,"aoml_navis",1028.60093074274
"7901009",93,0,1,0.028035,1,0.005607,1,115.633702521076,1,4.86091224976775,388,1,12.5959997177124,35.5299987792969,0.0280349999666214,0.0115403309464455,111.504898071289,-87.5052,25.5575,73.5079988369051,63,63,63,63,61,63,0,8045,1.29563008188212,26,-88,0.001869,51,2025-11-18 07:17:05.000775,388,1.037,0.0011,"aoml_navis",1028.61350772973
"7901009",93,0,1,0.024297,1,0.001869,1,115.268774237992,1,4.86085547864131,390,1,12.5579996109009,35.523998260498,0.0242970008403063,0.0086552482098341,111.15299987793,-87.5052,25.5575,73.5079988369051,63,63,63,63,61,63,0,8045,1.29563008188212,26,-88,0.001869,51,2025-11-18 07:17:05.000775,390,1.037,0.0011,"aoml_navis",1028.62552115982
"7901009",93,0,1,0.022428,1,0,1,114.0207122309,1,4.86079952522548,392,1,12.5170001983643,35.5169982910156,0.0224280003458261,0.0072127073071897,109.949501037598,-87.5052,25.5575,73.5079988369051,63,63,63,63,61,63,0,8045,1.29563008188212,26,-88,0.001869,51,2025-11-18 07:17:05.000775,392,1.037,0.0011,"aoml_navis",1028.63736182744
"7901009",93,0,1,0.022428,1,0,1,111.753455627279,1,4.86073631828808,394,1,12.4759998321533,35.5120010375977,0.0224280003458261,0.0072127073071897,107.763198852539,-87.5052,25.5575,73.5079988369051,63,63,63,63,61,63,0,8045,1.29563008188212,26,-88,0.001869,51,2025-11-18 07:17:05.000775,394,1.037,0.0011,"aoml_navis",1028.65073778801
"7901009",93,0,1,0.024297,1,0.001869,1,110.65970723638,1,4.8606566417919,396,1,12.4329996109009,35.5110015869141,0.0242970008403063,0.0086552482098341,106.708503723145,-87.5052,25.5575,73.5079988369051,63,63,63,63,61,63,0,8045,1.29563008188212,26,-88,0.001869,51,2025-11-18 07:17:05.000775,396,1.037,0.0011,"aoml_navis",1028.66759956053
"7901009",93,0,1,0.028035,1,0.005607,1,110.778338202397,1,4.86059953036985,398,1,12.4020004272461,35.5069999694824,0.0280349999666214,0.0115403309464455,106.822898864746,-87.5052,25.5575,73.5079988369051,63,63,63,63,61,63,0,8045,1.29563008188212,26,-88,0.001869,51,2025-11-18 07:17:05.000775,398,1.037,0.0011,"aoml_navis",1028.67968627309
"7901009",93,0,1,0.022428,1,0,1,111.24324120114,1,4.86053069678881,400,1,12.3319997787476,35.4959983825684,0.0224280003458261,0.0072127073071897,107.271202087402,-87.5052,25.5575,73.5079988369051,63,63,63,63,61,63,0,8045,1.29563008188212,26,-88,0.001869,51,2025-11-18 07:17:05.000775,400,1.037,0.0011,"aoml_navis",1028.69425416927
"7901009",93,0,1,0.026166,1,0.003738,1,111.575192702421,1,4.86048168226194,402,1,12.3170003890991,35.4939994812012,0.0261659994721413,0.0100977895781398,107.591300964355,-87.5052,25.5575,73.5079988369051,63,63,63,63,61,63,0,8045,1.29563008188212,26,-88,0.001869,51,2025-11-18 07:17:05.000775,402,1.037,0.0011,"aoml_navis",1028.70462782469
"7901009",93,0,1,0.028035,1,0.005607,1,111.777618557132,1,4.86043887370206,404,1,12.2969999313354,35.4889984130859,0.0280349999666214,0.0115403309464455,107.786499023438,-87.5052,25.5575,73.5079988369051,63,63,63,63,61,63,0,8045,1.29563008188212,26,-88,0.001869,51,2025-11-18 07:17:05.000775,404,1.037,0.0011,"aoml_navis",1028.71368819245
"7901009",93,0,1,0.024297,1,0.001869,1,111.971230559893,1,4.86039718594316,406,1,12.2819995880127,35.4850006103516,0.0242970008403063,0.0086552482098341,107.973197937012,-87.5052,25.5575,73.5079988369051,63,63,63,63,61,63,0,8045,1.29563008188212,26,-88,0.001869,51,2025-11-18 07:17:05.000775,406,1.037,0.0011,"aoml_navis",1028.72251149774
"7901009",93,0,1,0.022428,1,0,1,112.124191241899,1,4.86033104756563,408,1,12.2259998321533,35.4770011901855,0.0224280003458261,0.0072127073071897,108.120697021484,-87.5052,25.5575,73.5079988369051,63,63,63,63,61,63,0,8045,1.29563008188212,26,-88,0.001869,51,2025-11-18 07:17:05.000775,408,1.037,0.0011,"aoml_navis",1028.73651014046
"7901009",93,0,1,0.026166,1,0.003738,1,112.068918737658,1,4.86026367238212,410,1,12.1569995880127,35.4659996032715,0.0261659994721413,0.0100977895781398,108.067398071289,-87.5052,25.5575,73.5079988369051,63,63,63,63,61,63,0,8045,1.29563008188212,26,-88,0.001869,51,2025-11-18 07:17:05.000775,410,1.037,0.0011,"aoml_navis",1028.75077095342
"7901009",93,0,1,0.022428,1,0,1,111.801987196276,1,4.86019851285346,412,1,12.0939998626709,35.4560012817383,0.0224280003458261,0.0072127073071897,107.809997558594,-87.5052,25.5575,73.5079988369051,63,63,63,63,61,63,0,8045,1.29563008188212,26,-88,0.001869,51,2025-11-18 07:17:05.000775,412,1.037,0.0011,"aoml_navis",1028.76456317099
"7901009",93,0,1,0.022428,1,0,1,111.637934036322,1,4.86012409935658,414,1,12.0209999084473,35.4459991455078,0.0224280003458261,0.0072127073071897,107.651802062988,-87.5052,25.5575,73.5079988369051,63,63,63,63,61,63,0,8045,1.29563008188212,26,-88,0.001869,51,2025-11-18 07:17:05.000775,414,1.037,0.0011,"aoml_navis",1028.78031461418
"7901009",93,0,1,0.024297,1,0.001869,1,111.557976417103,1,4.8600776363794,416,1,11.9930000305176,35.439998626709,0.0242970008403063,0.0086552482098341,107.574699401855,-87.5052,25.5575,73.5079988369051,63,63,63,63,61,63,0,8045,1.29563008188212,26,-88,0.001869,51,2025-11-18 07:17:05.000775,416,1.037,0.0011,"aoml_navis",1028.79014988839
"7901009",93,0,1,0.024297,1,0.001869,1,111.669352174647,1,4.86000238504975,418,1,11.91100025177,35.4280014038086,0.0242970008403063,0.0086552482098341,107.682098388672,-87.5052,25.5575,73.5079988369051,63,63,63,63,61,63,0,8045,1.29563008188212,26,-88,0.001869,51,2025-11-18 07:17:05.000775,418,1.037,0.0011,"aoml_navis",1028.80607947455
"7901009",93,0,1,0.026166,1,0.003738,1,111.9545364597,1,4.85992627505717,420,1,11.8159999847412,35.4129981994629,0.0261659994721413,0.0100977895781398,107.957099914551,-87.5052,25.5575,73.5079988369051,63,63,63,63,61,63,0,8045,1.29563008188212,26,-88,0.001869,51,2025-11-18 07:17:05.000775,420,1.037,0.0011,"aoml_navis",1028.82219132865
"7901009",93,0,1,0.028035,1,0.005607,1,112.130212194623,1,4.85985811210798,422,1,11.7370004653931,35.4000015258789,0.0280349999666214,0.0115403309464455,108.126502990723,-87.5052,25.5575,73.5079988369051,63,63,63,63,61,63,0,8045,1.29563008188212,26,-88,0.001869,51,2025-11-18 07:17:05.000775,422,1.037,0.0011,"aoml_navis",1028.83662128795
"7901009",93,0,1,0.028035,1,0.005607,1,111.992806299811,1,4.85980629124307,424,1,11.6949996948242,35.3919982910156,0.0280349999666214,0.0115403309464455,107.994003295898,-87.5052,25.5575,73.5079988369051,63,63,63,63,61,63,0,8045,1.29563008188212,26,-88,0.001869,51,2025-11-18 07:17:05.000775,424,1.037,0.0011,"aoml_navis",1028.84759193171
"7901009",93,0,1,0.026166,1,0.003738,1,111.942193902211,1,4.85973307803975,426,1,11.6180000305176,35.3810005187988,0.0261659994721413,0.0100977895781398,107.945198059082,-87.5052,25.5575,73.5079988369051,63,63,63,63,61,63,0,8045,1.29563008188212,26,-88,0.001869,51,2025-11-18 07:17:05.000775,426,1.037,0.0011,"aoml_navis",1028.86309180109
"7901009",93,0,1,0.028035,1,0.005607,1,112.110400807474,1,4.85966570316931,428,1,11.5509996414185,35.3709983825684,0.0280349999666214,0.0115403309464455,108.107398986816,-87.5052,25.5575,73.5079988369051,63,63,63,63,61,63,0,8045,1.29563008188212,26,-88,0.001869,51,2025-11-18 07:17:05.000775,428,1.037,0.0011,"aoml_navis",1028.87735605747
"7901009",93,0,1,0.022428,1,0,1,112.406677570475,1,4.85961428869061,430,1,11.5249996185303,35.367000579834,0.0224280003458261,0.0072127073071897,108.393096923828,-87.5052,25.5575,73.5079988369051,63,63,63,63,61,63,0,8045,1.29563008188212,26,-88,0.001869,51,2025-11-18 07:17:05.000775,430,1.037,0.0011,"aoml_navis",1028.88824152898
"7901009",93,0,1,0.026166,1,0.003738,1,112.962630666385,1,4.85954347732932,432,1,11.4460000991821,35.3549995422363,0.0261659994721413,0.0100977895781398,108.92919921875,-87.5052,25.5575,73.5079988369051,63,63,63,63,61,63,0,8045,1.29563008188212,26,-88,0.001869,51,2025-11-18 07:17:05.000775,432,1.037,0.0011,"aoml_navis",1028.90323408484
"7901009",93,0,1,0.026166,1,0.003738,1,113.345503129203,1,4.85948207667551,434,1,11.3850002288818,35.3450012207031,0.0261659994721413,0.0100977895781398,109.298400878906,-87.5052,25.5575,73.5079988369051,63,63,63,63,61,63,0,8045,1.29563008188212,26,-88,0.001869,51,2025-11-18 07:17:05.000775,434,1.037,0.0011,"aoml_navis",1028.91623450963
"7901009",93,0,1,0.020559,1,-0.001869,1,113.515055056757,1,4.8594244650774,436,1,11.3400001525879,35.3380012512207,0.020558999851346,0.00577016547322273,109.461898803711,-87.5052,25.5575,73.5079988369051,63,63,63,63,61,63,0,8045,1.29563008188212,26,-88,0.001869,51,2025-11-18 07:17:05.000775,436,1.037,0.0011,"aoml_navis",1028.92843297243
"7901009",93,0,1,0.024297,1,0.001869,1,113.373503328532,1,4.85937783706772,438,1,11.3229999542236,35.3349990844727,0.0242970008403063,0.0086552482098341,109.325401306152,-87.5052,25.5575,73.5079988369051,63,63,63,63,61,63,0,8045,1.29563008188212,26,-88,0.001869,51,2025-11-18 07:17:05.000775,438,1.037,0.0011,"aoml_navis",1028.93830602338
"7901009",93,0,1,0.024297,1,0.001869,1,113.263061174695,1,4.85932123307932,440,1,11.2829999923706,35.3289985656738,0.0242970008403063,0.0086552482098341,109.218902587891,-87.5052,25.5575,73.5079988369051,63,63,63,63,61,63,0,8045,1.29563008188212,26,-88,0.001869,51,2025-11-18 07:17:05.000775,440,1.037,0.0011,"aoml_navis",1028.95029165041
"7901009",93,0,1,0.028035,1,0.005607,1,112.997680364895,1,4.85925023238445,442,1,11.2150001525879,35.3199996948242,0.0280349999666214,0.0115403309464455,108.962997436523,-87.5052,25.5575,73.5079988369051,63,63,63,63,61,63,0,8045,1.29563008188212,26,-88,0.001869,51,2025-11-18 07:17:05.000775,442,1.037,0.0011,"aoml_navis",1028.9653261068
"7901009",93,0,1,0.026166,1,0.003738,1,112.409375526952,1,4.85920451668243,444,1,11.2069997787476,35.3190002441406,0.0261659994721413,0.0100977895781398,108.395698547363,-87.5052,25.5575,73.5079988369051,63,63,63,63,61,63,0,8045,1.29563008188212,26,-88,0.001869,51,2025-11-18 07:17:05.000775,444,1.037,0.0011,"aoml_navis",1028.97500667737
"7901009",93,0,1,0.028035,1,0.005607,1,111.558601456873,1,4.85915514354112,446,1,11.1990003585815,35.3190002441406,0.0280349999666214,0.0115403309464455,107.575302124023,-87.5052,25.5575,73.5079988369051,63,63,63,63,61,63,0,8045,1.29563008188212,26,-88,0.001869,51,2025-11-18 07:17:05.000775,446,1.037,0.0011,"aoml_navis",1028.98546193696
"7901009",93,0,1,0.024297,1,0.001869,1,110.930578901883,1,4.85910036080967,448,1,11.1809997558594,35.318000793457,0.0242970008403063,0.0086552482098341,106.969703674316,-87.5052,25.5575,73.5079988369051,63,63,63,63,61,63,0,8045,1.29563008188212,26,-88,0.001869,51,2025-11-18 07:17:05.000775,448,1.037,0.0011,"aoml_navis",1028.99706298037
"7901009",93,0,1,0.028035,1,0.005607,1,110.81442435926,1,4.85902326333766,450,1,11.1099996566772,35.310001373291,0.0280349999666214,0.0115403309464455,106.857696533203,-87.5052,25.5575,73.5079988369051,63,63,63,63,61,63,0,8045,1.29563008188212,26,-88,0.001869,51,2025-11-18 07:17:05.000775,450,1.037,0.0011,"aoml_navis",1029.01338993909
"7901009",93,0,1,0.028035,1,0.005607,1,110.415791399956,1,4.85895090252758,452,1,11.043999671936,35.3019981384277,0.0280349999666214,0.0115403309464455,106.473297119141,-87.5052,25.5575,73.5079988369051,63,63,63,63,61,63,0,8045,1.29563008188212,26,-88,0.001869,51,2025-11-18 07:17:05.000775,452,1.037,0.0011,"aoml_navis",1029.02871428461
"7901009",93,0,1,0.026166,1,0.003738,1,110.059162695594,1,4.85890348780903,454,1,11.0299997329712,35.2999992370605,0.0261659994721413,0.0100977895781398,106.129402160645,-87.5052,25.5575,73.5079988369051,63,63,63,63,61,63,0,8045,1.29563008188212,26,-88,0.001869,51,2025-11-18 07:17:05.000775,454,1.037,0.0011,"aoml_navis",1029.03875587259
"7901009",93,0,1,0.026166,1,0.003738,1,109.889713622686,1,4.85885080998697,456,1,11.0019998550415,35.2960014343262,0.0261659994721413,0.0100977895781398,105.966003417969,-87.5052,25.5575,73.5079988369051,63,63,63,63,61,63,0,8045,1.29563008188212,26,-88,0.001869,51,2025-11-18 07:17:05.000775,456,1.037,0.0011,"aoml_navis",1029.04991232143
"7901009",93,0,1,0.024297,1,0.001869,1,109.764436664175,1,4.85879099289165,458,1,10.9659996032715,35.2919998168945,0.0242970008403063,0.0086552482098341,105.845199584961,-87.5052,25.5575,73.5079988369051,63,63,63,63,61,63,0,8045,1.29563008188212,26,-88,0.001869,51,2025-11-18 07:17:05.000775,458,1.037,0.0011,"aoml_navis",1029.06258106491
"7901009",93,0,1,0.026166,1,0.003738,1,109.501342392269,1,4.85873660650813,460,1,10.9359998703003,35.2879981994629,0.0261659994721413,0.0100977895781398,105.591499328613,-87.5052,25.5575,73.5079988369051,63,63,63,63,61,63,0,8045,1.29563008188212,26,-88,0.001869,51,2025-11-18 07:17:05.000775,460,1.037,0.0011,"aoml_navis",1029.07409990133
"7901009",93,0,1,0.028035,1,0.005607,1,109.218856063693,1,4.85868313633396,462,1,10.9069995880127,35.2840003967285,0.0280349999666214,0.0115403309464455,105.31909942627,-87.5052,25.5575,73.5079988369051,63,63,63,63,61,63,0,8045,1.29563008188212,26,-88,0.001869,51,2025-11-18 07:17:05.000775,462,1.037,0.0011,"aoml_navis",1029.08542493937
"7901009",93,0,1,0.026166,1,0.003738,1,109.07948010682,1,4.85861907754787,464,1,10.8620004653931,35.2789993286133,0.0261659994721413,0.0100977895781398,105.184700012207,-87.5052,25.5575,73.5079988369051,63,63,63,63,61,63,0,8045,1.29563008188212,26,-88,0.001869,51,2025-11-18 07:17:05.000775,464,1.037,0.0011,"aoml_navis",1029.09899298454
"7901009",93,0,1,0.026166,1,0.003738,1,108.977851804933,1,4.85856312604862,466,1,10.826000213623,35.273998260498,0.0261659994721413,0.0100977895781398,105.086700439453,-87.5052,25.5575,73.5079988369051,63,63,63,63,61,63,0,8045,1.29563008188212,26,-88,0.001869,51,2025-11-18 07:17:05.000775,466,1.037,0.0011,"aoml_navis",1029.11084414919
"7901009",93,0,1,0.024297,1,0.001869,1,108.812651420084,1,4.85851235493367,468,1,10.8039999008179,35.2709999084473,0.0242970008403063,0.0086552482098341,104.927398681641,-87.5052,25.5575,73.5079988369051,63,63,63,63,61,63,0,8045,1.29563008188212,26,-88,0.001869,51,2025-11-18 07:17:05.000775,468,1.037,0.0011,"aoml_navis",1029.12159828567
"7901009",93,0,1,0.028035,1,0.005607,1,108.683125773515,1,4.85846103973337,470,1,10.7690000534058,35.2649993896484,0.0280349999666214,0.0115403309464455,104.80249786377,-87.5052,25.5575,73.5079988369051,63,63,63,63,61,63,0,8045,1.29563008188212,26,-88,0.001869,51,2025-11-18 07:17:05.000775,470,1.037,0.0011,"aoml_navis",1029.13246789654
"7901009",93,0,1,0.029904,1,0.007476,1,108.652538384251,1,4.85839137136901,472,1,10.7049999237061,35.2569999694824,0.0299040004611015,0.0129828732460737,104.773002624512,-87.5052,25.5575,73.5079988369051,63,63,63,63,61,63,0,8045,1.29563008188212,26,-88,0.001869,51,2025-11-18 07:17:05.000775,472,1.037,0.0011,"aoml_navis",1029.1472254511
"7901009",93,0,1,0.024297,1,0.001869,1,108.674311921564,1,4.85831821639132,474,1,10.6409997940063,35.25,0.0242970008403063,0.0086552482098341,104.793998718262,-87.5052,25.5575,73.5079988369051,63,63,63,63,61,63,0,8045,1.29563008188212,26,-88,0.001869,51,2025-11-18 07:17:05.000775,474,1.037,0.0011,"aoml_navis",1029.16272201575
"7901009",93,0,1,0.028035,1,0.005607,1,108.613334940432,1,4.85826022001559,476,1,10.5939998626709,35.2430000305176,0.0280349999666214,0.0115403309464455,104.735198974609,-87.5052,25.5575,73.5079988369051,63,63,63,63,61,63,0,8045,1.29563008188212,26,-88,0.001869,51,2025-11-18 07:17:05.000775,476,1.037,0.0011,"aoml_navis",1029.1750078352
"7901009",93,0,1,0.026166,1,0.003738,1,108.549762857469,1,4.85820436494265,478,1,10.5659999847412,35.2400016784668,0.0261659994721413,0.0100977895781398,104.673896789551,-87.5052,25.5575,73.5079988369051,63,63,63,63,61,63,0,8045,1.29563008188212,26,-88,0.001869,51,2025-11-18 07:17:05.000775,478,1.037,0.0011,"aoml_navis",1029.18684032326
"7901009",93,0,1,0.026166,1,0.003738,1,108.521454094204,1,4.85815735020833,480,1,10.5480003356934,35.2369995117188,0.0261659994721413,0.0100977895781398,104.646598815918,-87.5052,25.5575,73.5079988369051,63,63,63,63,61,63,0,8045,1.29563008188212,26,-88,0.001869,51,2025-11-18 07:17:05.000775,480,1.037,0.0011,"aoml_navis",1029.19680026123
"7901009",93,0,1,0.028035,1,0.005607,1,108.317263886723,1,4.85811121203079,482,1,10.5310001373291,35.234001159668,0.0280349999666214,0.0115403309464455,104.449699401855,-87.5052,25.5575,73.5079988369051,63,63,63,63,61,63,0,8045,1.29563008188212,26,-88,0.001869,51,2025-11-18 07:17:05.000775,482,1.037,0.0011,"aoml_navis",1029.20657469056
"7901009",93,0,1,0.026166,1,0.003738,1,108.130187109914,1,4.85805734709565,484,1,10.5010004043579,35.2299995422363,0.0261659994721413,0.0100977895781398,104.269302368164,-87.5052,25.5575,73.5079988369051,63,63,63,63,61,63,0,8045,1.29563008188212,26,-88,0.001869,51,2025-11-18 07:17:05.000775,484,1.037,0.0011,"aoml_navis",1029.21798627783
"7901009",93,0,1,0.026166,1,0.003738,1,108.268835172371,1,4.85798348510141,486,1,10.4230003356934,35.2200012207031,0.0261659994721413,0.0100977895781398,104.40299987793,-87.5052,25.5575,73.5079988369051,63,63,63,63,61,63,0,8045,1.29563008188212,26,-88,0.001869,51,2025-11-18 07:17:05.000775,486,1.037,0.0011,"aoml_navis",1029.23363476515
"7901009",93,0,1,0.033642,1,0.011214,1,108.367354099198,1,4.85792591383987,488,1,10.3760004043579,35.2130012512207,0.0336420014500618,0.0158679541200399,104.498001098633,-87.5052,25.5575,73.5079988369051,63,63,63,63,61,63,0,8045,1.29563008188212,26,-88,0.001869,51,2025-11-18 07:17:05.000775,488,1.037,0.0011,"aoml_navis",1029.24583220904
"7901009",93,0,1,0.029904,1,0.007476,1,108.571647161324,1,4.85786582567367,490,1,10.326000213623,35.2060012817383,0.0299040004611015,0.0129828732460737,104.694999694824,-87.5052,25.5575,73.5079988369051,63,63,63,63,61,63,0,8045,1.29563008188212,26,-88,0.001869,51,2025-11-18 07:17:05.000775,490,1.037,0.0011,"aoml_navis",1029.25856321003
"7901009",93,0,1,0.026166,1,0.003738,1,108.73384102576,1,4.8578039134948,492,1,10.2779998779297,35.2000007629395,0.0261659994721413,0.0100977895781398,104.851402282715,-87.5052,25.5575,73.5079988369051,63,63,63,63,61,63,0,8045,1.29563008188212,26,-88,0.001869,51,2025-11-18 07:17:05.000775,492,1.037,0.0011,"aoml_navis",1029.2716809977
"7901009",93,0,1,0.028035,1,0.005607,1,108.87788500117,1,4.85775315827043,494,1,10.2469997406006,35.1949996948242,0.0280349999666214,0.0115403309464455,104.990303039551,-87.5052,25.5575,73.5079988369051,63,63,63,63,61,63,0,8045,1.29563008188212,26,-88,0.001869,51,2025-11-18 07:17:05.000775,494,1.037,0.0011,"aoml_navis",1029.28243512896
"7901009",93,0,1,0.026166,1,0.003738,1,109.074812088283,1,4.85770091772089,496,1,10.210000038147,35.1889991760254,0.0261659994721413,0.0100977895781398,105.180198669434,-87.5052,25.5575,73.5079988369051,63,63,63,63,61,63,0,8045,1.29563008188212,26,-88,0.001869,51,2025-11-18 07:17:05.000775,496,1.037,0.0011,"aoml_navis",1029.29350420896
"7901009",93,0,1,0.031773,1,0.009345,1,109.238145265717,1,4.85764311266109,498,1,10.1750001907349,35.185001373291,0.0317730009555817,0.0144254146143794,105.337699890137,-87.5052,25.5575,73.5079988369051,63,63,63,63,61,63,0,8045,1.29563008188212,26,-88,0.001869,51,2025-11-18 07:17:05.000775,498,1.037,0.0011,"aoml_navis",1029.30575261239
"7901009",93,0,1,0.026166,1,0.003738,1,109.296629999664,1,4.85759270537711,500,1,10.1400003433228,35.1790008544922,0.0261659994721413,0.0100977895781398,105.394096374512,-87.5052,25.5575,73.5079988369051,63,63,63,63,61,63,0,8045,1.29563008188212,26,-88,0.001869,51,2025-11-18 07:17:05.000775,500,1.037,0.0011,"aoml_navis",1029.31643372761
"7901009",93,0,1,0.026166,1,0.003738,1,109.285537521716,1,4.8575236590529,502,1,10.0790004730225,35.1720008850098,0.0261659994721413,0.0100977895781398,105.383399963379,-87.5052,25.5575,73.5079988369051,63,63,63,63,61,63,0,8045,1.29563008188212,26,-88,0.001869,51,2025-11-18 07:17:05.000775,502,1.037,0.0011,"aoml_navis",1029.33106474563
"7901009",93,0,1,0.024297,1,0.001869,1,109.247892721375,1,4.85746240367515,503.899993896484,1,10.0329999923706,35.1669998168945,0.0242970008403063,0.0086552482098341,105.347099304199,-87.5052,25.5575,73.5079988369051,63,63,63,63,61,63,0,8045,1.29563008188212,26,-88,0.001869,51,2025-11-18 07:17:05.000775,503.899993896484,1.037,0.0011,"aoml_navis",1029.34404519879
"7901009",93,0,1,0.028035,1,0.005607,1,109.11888925993,1,4.85740848918289,506,1,10.0089998245239,35.1640014648438,0.0280349999666214,0.0115403309464455,105.222702026367,-87.5052,25.5575,73.5079988369051,63,63,63,63,61,63,0,8045,1.29563008188212,26,-88,0.001869,51,2025-11-18 07:17:05.000775,506,1.037,0.0011,"aoml_navis",1029.35547033663
"7901009",93,0,1,0.031773,1,0.009345,1,108.974948139165,1,4.85736222195987,508,1,10,35.1629981994629,0.0317730009555817,0.0144254146143794,105.08390045166,-87.5052,25.5575,73.5079988369051,63,63,63,63,61,63,0,8045,1.29563008188212,26,-88,0.001869,51,2025-11-18 07:17:05.000775,508,1.037,0.0011,"aoml_navis",1029.36527512716
"7901009",93,0,1,0.026166,1,0.003738,1,108.799691734721,1,4.85731851159827,510,1,9.99400043487549,35.1619987487793,0.0261659994721413,0.0100977895781398,104.914901733398,-87.5052,25.5575,73.5079988369051,63,63,63,63,61,63,0,8045,1.29563008188212,26,-88,0.001869,51,2025-11-18 07:17:05.000775,510,1.037,0.0011,"aoml_navis",1029.37453824801
"7901009",93,0,1,0.026166,1,0.003738,1,108.522909883036,1,4.85727162549594,512,1,9.97999954223633,35.1599998474121,0.0261659994721413,0.0100977895781398,104.648002624512,-87.5052,25.5575,73.5079988369051,63,63,63,63,61,63,0,8045,1.29563008188212,26,-88,0.001869,51,2025-11-18 07:17:05.000775,512,1.037,0.0011,"aoml_navis",1029.3844745587
"7901009",93,0,1,0.029904,1,0.007476,1,108.507038620008,1,4.85721074079129,514,1,9.94099998474121,35.1559982299805,0.0299040004611015,0.0129828732460737,104.632698059082,-87.5052,25.5575,73.5079988369051,63,63,63,63,61,63,0,8045,1.29563008188212,26,-88,0.001869,51,2025-11-18 07:17:05.000775,514,1.037,0.0011,"aoml_navis",1029.39737780153
"7901009",93,0,1,0.031773,1,0.009345,1,108.703665055079,1,4.85717096307327,516,1,9.93099975585938,35.1529998779297,0.0317730009555817,0.0144254146143794,104.822303771973,-87.5052,25.5575,73.5079988369051,63,63,63,63,61,63,0,8045,1.29563008188212,26,-88,0.001869,51,2025-11-18 07:17:05.000775,516,1.037,0.0011,"aoml_navis",1029.40580803365
"7901009",93,0,1,0.029904,1,0.007476,1,109.229845686995,1,4.85711290896283,518,1,9.87800025939941,35.1450004577637,0.0299040004611015,0.0129828732460737,105.329696655273,-87.5052,25.5575,73.5079988369051,63,63,63,63,61,63,0,8045,1.29563008188212,26,-88,0.001869,51,2025-11-18 07:17:05.000775,518,1.037,0.0011,"aoml_navis",1029.4181118939
"7901009",93,0,1,0.022428,1,0,1,109.751888397395,1,4.85703181178224,520,1,9.77600002288818,35.1319999694824,0.0224280003458261,0.0072127073071897,105.833099365234,-87.5052,25.5575,73.5079988369051,63,63,63,63,61,63,0,8045,1.29563008188212,26,-88,0.001869,51,2025-11-18 07:17:05.000775,520,1.037,0.0011,"aoml_navis",1029.43529994408
"7901009",93,0,1,0.028035,1,0.005607,1,110.045364349273,1,4.85697327628687,522,1,9.72200012207031,35.1240005493164,0.0280349999666214,0.0115403309464455,106.116096496582,-87.5052,25.5575,73.5079988369051,63,63,63,63,61,63,0,8045,1.29563008188212,26,-88,0.001869,51,2025-11-18 07:17:05.000775,522,1.037,0.0011,"aoml_navis",1029.44770654008
"7901009",93,0,1,0.033642,1,0.011214,1,110.186821134748,1,4.85691846965914,524,1,9.68099975585938,35.1180000305176,0.0336420014500618,0.0158679541200399,106.252502441406,-87.5052,25.5575,73.5079988369051,63,63,63,63,61,63,0,8045,1.29563008188212,26,-88,0.001869,51,2025-11-18 07:17:05.000775,524,1.037,0.0011,"aoml_navis",1029.45932307381
"7901009",93,0,1,0.029904,1,0.007476,1,110.364047601253,1,4.8568642661298,526,1,9.64500045776367,35.1129989624023,0.0299040004611015,0.0129828732460737,106.423400878906,-87.5052,25.5575,73.5079988369051,63,63,63,63,61,63,0,8045,1.29563008188212,26,-88,0.001869,51,2025-11-18 07:17:05.000775,526,1.037,0.0011,"aoml_navis",1029.47081203574
"7901009",93,0,1,0.026166,1,0.003738,1,110.435183456626,1,4.85680842366123,528,1,9.60700035095215,35.1080017089844,0.0261659994721413,0.0100977895781398,106.491996765137,-87.5052,25.5575,73.5079988369051,63,63,63,63,61,63,0,8045,1.29563008188212,26,-88,0.001869,51,2025-11-18 07:17:05.000775,528,1.037,0.0011,"aoml_navis",1029.48264865486
"7901009",93,0,1,0.026166,1,0.003738,1,110.420150854557,1,4.85674911747917,530,1,9.55599975585938,35.101001739502,0.0261659994721413,0.0100977895781398,106.477500915527,-87.5052,25.5575,73.5079988369051,63,63,63,63,61,63,0,8045,1.29563008188212,26,-88,0.001869,51,2025-11-18 07:17:05.000775,530,1.037,0.0011,"aoml_navis",1029.49521975621
"7901009",93,0,1,0.029904,1,0.007476,1,110.387901967169,1,4.85669766686646,532.099975585938,1,9.52999973297119,35.0970001220703,0.0299040004611015,0.0129828732460737,106.446403503418,-87.5052,25.5575,73.5079988369051,63,63,63,63,61,63,0,8045,1.29563008188212,26,-88,0.001869,51,2025-11-18 07:17:05.000775,532.099975585938,1.037,0.0011,"aoml_navis",1029.50612596522
"7901009",93,0,1,0.028035,1,0.005607,1,110.381161031925,1,4.85664129762802,534,1,9.49300003051758,35.0929985046387,0.0280349999666214,0.0115403309464455,106.439903259277,-87.5052,25.5575,73.5079988369051,63,63,63,63,61,63,0,8045,1.29563008188212,26,-88,0.001869,51,2025-11-18 07:17:05.000775,534,1.037,0.0011,"aoml_navis",1029.51807506187
"7901009",93,0,1,0.031773,1,0.009345,1,110.341957588107,1,4.85658868240612,536,1,9.46300029754639,35.0890007019043,0.0317730009555817,0.0144254146143794,106.402099609375,-87.5052,25.5575,73.5079988369051,63,63,63,63,61,63,0,8045,1.29563008188212,26,-88,0.001869,51,2025-11-18 07:17:05.000775,536,1.037,0.0011,"aoml_navis",1029.52922863602
"7901009",93,0,1,0.029904,1,0.007476,1,110.453024781714,1,4.8565143962206,538,1,9.39799976348877,35.0830001831055,0.0299040004611015,0.0129828732460737,106.509201049805,-87.5052,25.5575,73.5079988369051,63,63,63,63,61,63,0,8045,1.29563008188212,26,-88,0.001869,51,2025-11-18 07:17:05.000775,538,1.037,0.0011,"aoml_navis",1029.54497651465
"7901009",93,0,1,0.028035,1,0.005607,1,110.351396479828,1,4.85646449761484,540,1,9.38000011444092,35.0810012817383,0.0280349999666214,0.0115403309464455,106.411201477051,-87.5052,25.5575,73.5079988369051,63,63,63,63,61,63,0,8045,1.29563008188212,26,-88,0.001869,51,2025-11-18 07:17:05.000775,540,1.037,0.0011,"aoml_navis",1029.5555547571
"7901009",93,0,1,0.024297,1,0.001869,1,110.246033763111,1,4.85641876550631,542,1,9.36699962615967,35.0789985656738,0.0242970008403063,0.0086552482098341,106.309600830078,-87.5052,25.5575,73.5079988369051,63,63,63,63,61,63,0,8045,1.29563008188212,26,-88,0.001869,51,2025-11-18 07:17:05.000775,542,1.037,0.0011,"aoml_navis",1029.56524991492
"7901009",93,0,1,0.031773,1,0.009345,1,110.102092642346,1,4.85637173080712,544,1,9.34799957275391,35.076000213623,0.0317730009555817,0.0144254146143794,106.170799255371,-87.5052,25.5575,73.5079988369051,63,63,63,63,61,63,0,8045,1.29563008188212,26,-88,0.001869,51,2025-11-18 07:17:05.000775,544,1.037,0.0011,"aoml_navis",1029.57522141103
"7901009",93,0,1,0.026166,1,0.003738,1,109.998494278399,1,4.85630735580986,546,1,9.30799961090088,35.0730018615723,0.0261659994721413,0.0100977895781398,106.070899963379,-87.5052,25.5575,73.5079988369051,63,63,63,63,61,63,0,8045,1.29563008188212,26,-88,0.001869,51,2025-11-18 07:17:05.000775,546,1.037,0.0011,"aoml_navis",1029.588869415
"7901009",93,0,1,0.026166,1,0.003738,1,109.963341725244,1,4.85625633546897,548,1,9.29300022125244,35.0719985961914,0.0261659994721413,0.0100977895781398,106.037002563477,-87.5052,25.5575,73.5079988369051,63,63,63,63,61,63,0,8045,1.29563008188212,26,-88,0.001869,51,2025-11-18 07:17:05.000775,548,1.037,0.0011,"aoml_navis",1029.59968638417
"7901009",93,0,1,0.031773,1,0.009345,1,109.909414243293,1,4.85620530840974,550,1,9.27799987792969,35.0709991455078,0.0317730009555817,0.0144254146143794,105.985000610352,-87.5052,25.5575,73.5079988369051,63,63,63,63,61,63,0,8045,1.29563008188212,26,-88,0.001869,51,2025-11-18 07:17:05.000775,550,1.037,0.0011,"aoml_navis",1029.61050500506
"7901009",93,0,1,0.026166,1,0.003738,1,109.903606911756,1,4.85615631311549,552,1,9.26099967956543,35.0690002441406,0.0261659994721413,0.0100977895781398,105.979400634766,-87.5052,25.5575,73.5079988369051,63,63,63,63,61,63,0,8045,1.29563008188212,26,-88,0.001869,51,2025-11-18 07:17:05.000775,552,1.037,0.0011,"aoml_navis",1029.62089307052
"7901009",93,0,1,0.026166,1,0.003738,1,109.936377984268,1,4.85610650535043,554,1,9.24300003051758,35.0670013427734,0.0261659994721413,0.0100977895781398,106.011001586914,-87.5052,25.5575,73.5079988369051,63,63,63,63,61,63,0,8045,1.29563008188212,26,-88,0.001869,51,2025-11-18 07:17:05.000775,554,1.037,0.0011,"aoml_navis",1029.63145361228
"7901009",93,0,1,0.029904,1,0.007476,1,109.997869238629,1,4.85605014287941,556,1,9.21700000762939,35.064998626709,0.0299040004611015,0.0129828732460737,106.070297241211,-87.5052,25.5575,73.5079988369051,63,63,63,63,61,63,0,8045,1.29563008188212,26,-88,0.001869,51,2025-11-18 07:17:05.000775,556,1.037,0.0011,"aoml_navis",1029.64340418347
"7901009",93,0,1,0.028035,1,0.005607,1,110.056773303054,1,4.85600239274486,558,1,9.19699954986572,35.0620002746582,0.0280349999666214,0.0115403309464455,106.127098083496,-87.5052,25.5575,73.5079988369051,63,63,63,63,61,63,0,8045,1.29563008188212,26,-88,0.001869,51,2025-11-18 07:17:05.000775,558,1.037,0.0011,"aoml_navis",1029.65352889247
"7901009",93,0,1,0.026166,1,0.003738,1,110.09566027104,1,4.8559538818618,560,1,9.1850004196167,35.0610008239746,0.0261659994721413,0.0100977895781398,106.164596557617,-87.5052,25.5575,73.5079988369051,63,63,63,63,61,63,0,8045,1.29563008188212,26,-88,0.001869,51,2025-11-18 07:17:05.000775,560,1.037,0.0011,"aoml_navis",1029.66381511082
"7901009",93,0,1,0.026166,1,0.003738,1,110.115368803543,1,4.85591112164261,562,1,9.18000030517578,35.060001373291,0.0261659994721413,0.0100977895781398,106.183601379395,-87.5052,25.5575,73.5079988369051,63,63,63,63,61,63,0,8045,1.29563008188212,26,-88,0.001869,51,2025-11-18 07:17:05.000775,562,1.037,0.0011,"aoml_navis",1029.67288213229
"7901009",93,0,1,0.031773,1,0.009345,1,110.128747819385,1,4.85586919782334,564,1,9.17599964141846,35.0589981079102,0.0317730009555817,0.0144254146143794,106.196502685547,-87.5052,25.5575,73.5079988369051,63,63,63,63,61,63,0,8045,1.29563008188212,26,-88,0.001869,51,2025-11-18 07:17:05.000775,564,1.037,0.0011,"aoml_navis",1029.68177195573
"7901009",93,0,1,0.029904,1,0.007476,1,110.163172478124,1,4.85582315797419,566,1,9.16699981689453,35.0579986572266,0.0299040004611015,0.0129828732460737,106.229698181152,-87.5052,25.5575,73.5079988369051,63,63,63,63,61,63,0,8045,1.29563008188212,26,-88,0.001869,51,2025-11-18 07:17:05.000775,566,1.037,0.0011,"aoml_navis",1029.69153474814
"7901009",93,0,1,0.028035,1,0.005607,1,110.091617292273,1,4.85578368715147,568,1,9.16600036621094,35.056999206543,0.0280349999666214,0.0115403309464455,106.160697937012,-87.5052,25.5575,73.5079988369051,63,63,63,63,61,63,0,8045,1.29563008188212,26,-88,0.001869,51,2025-11-18 07:17:05.000775,568,1.037,0.0011,"aoml_navis",1029.69990471984
"7901009",93,0,1,0.029904,1,0.007476,1,109.999222172815,1,4.85573972452996,570,1,9.16399955749512,35.056999206543,0.0299040004611015,0.0129828732460737,106.071601867676,-87.5052,25.5575,73.5079988369051,63,63,63,63,61,63,0,8045,1.29563008188212,26,-88,0.001869,51,2025-11-18 07:17:05.000775,570,1.037,0.0011,"aoml_navis",1029.70922735856
"7901009",93,0,1,0.033642,1,0.011214,1,109.845739305684,1,4.85569447022194,572,1,9.14700031280518,35.0540008544922,0.0336420014500618,0.0158679541200399,105.923599243164,-87.5052,25.5575,73.5079988369051,63,63,63,63,61,63,0,8045,1.29563008188212,26,-88,0.001869,51,2025-11-18 07:17:05.000775,572,1.037,0.0011,"aoml_navis",1029.71882408645
"7901009",93,0,1,0.029904,1,0.007476,1,109.750329753917,1,4.85562301854964,574,1,9.08899974822998,35.048999786377,0.0299040004611015,0.0129828732460737,105.831596374512,-87.5052,25.5575,73.5079988369051,63,63,63,63,61,63,0,8045,1.29563008188212,26,-88,0.001869,51,2025-11-18 07:17:05.000775,574,1.037,0.0011,"aoml_navis",1029.73397664909
"7901009",93,0,1,0.028035,1,0.005607,1,109.83391893332,1,4.8555618172863,576.099975585938,1,9.06400012969971,35.0480003356934,0.0280349999666214,0.0115403309464455,105.912200927734,-87.5052,25.5575,73.5079988369051,63,63,63,63,61,63,0,8045,1.29563008188212,26,-88,0.001869,51,2025-11-18 07:17:05.000775,576.099975585938,1.037,0.0011,"aoml_navis",1029.74695578985
"7901009",93,0,1,0.024297,1,0.001869,1,110.187129698686,1,4.85551507007281,578,1,9.04699993133545,35.0460014343262,0.0242970008403063,0.0086552482098341,106.252799987793,-87.5052,25.5575,73.5079988369051,63,63,63,63,61,63,0,8045,1.29563008188212,26,-88,0.001869,51,2025-11-18 07:17:05.000775,578,1.037,0.0011,"aoml_navis",1029.75686983606
"7901009",93,0,1,0.022428,1,0,1,110.817122315736,1,4.85546462442009,580,1,9.01000022888184,35.0400009155273,0.0224280003458261,0.0072127073071897,106.860298156738,-87.5052,25.5575,73.5079988369051,63,63,63,63,61,63,0,8045,1.29563008188212,26,-88,0.001869,51,2025-11-18 07:17:05.000775,580,1.037,0.0011,"aoml_navis",1029.76756845328
"7901009",93,0,1,0.029904,1,0.007476,1,111.437478243671,1,4.85538966581831,582,1,8.91100025177002,35.0270004272461,0.0299040004611015,0.0129828732460737,107.458503723145,-87.5052,25.5575,73.5079988369051,63,63,63,63,61,63,0,8045,1.29563008188212,26,-88,0.001869,51,2025-11-18 07:17:05.000775,582,1.037,0.0011,"aoml_navis",1029.78346623748
"7901009",93,0,1,0.029904,1,0.007476,1,111.805413047169,1,4.85531333921461,584,1,8.82800006866455,35.0180015563965,0.0299040004611015,0.0129828732460737,107.813301086426,-87.5052,25.5575,73.5079988369051,63,63,63,63,61,63,0,8045,1.29563008188212,26,-88,0.001869,51,2025-11-18 07:17:05.000775,584,1.037,0.0011,"aoml_navis",1029.7996546622
"7901009",93,0,1,0.028035,1,0.005607,1,112.164739708008,1,4.85525566588519,586,1,8.77700042724609,35.0110015869141,0.0280349999666214,0.0115403309464455,108.159797668457,-87.5052,25.5575,73.5079988369051,63,63,63,63,61,63,0,8045,1.29563008188212,26,-88,0.001869,51,2025-11-18 07:17:05.000775,586,1.037,0.0011,"aoml_navis",1029.81188717452
"7901009",93,0,1,0.026166,1,0.003738,1,112.467140278379,1,4.85519058235434,588,1,8.71199989318848,35.0029983520508,0.0261659994721413,0.0100977895781398,108.451400756836,-87.5052,25.5575,73.5079988369051,63,63,63,63,61,63,0,8045,1.29563008188212,26,-88,0.001869,51,2025-11-18 07:17:05.000775,588,1.037,0.0011,"aoml_navis",1029.82569173947
"7901009",93,0,1,0.028035,1,0.005607,1,112.587954927643,1,4.85513059509149,590,1,8.66699981689453,34.9980010986328,0.0280349999666214,0.0115403309464455,108.567901611328,-87.5052,25.5575,73.5079988369051,63,63,63,63,61,63,0,8045,1.29563008188212,26,-88,0.001869,51,2025-11-18 07:17:05.000775,590,1.037,0.0011,"aoml_navis",1029.83841568649
"7901009",93,0,1,0.024297,1,0.001869,1,112.664383841324,1,4.85506305107725,592,1,8.61699962615967,34.9939994812012,0.0242970008403063,0.0086552482098341,108.6416015625,-87.5052,25.5575,73.5079988369051,63,63,63,63,61,63,0,8045,1.29563008188212,26,-88,0.001869,51,2025-11-18 07:17:05.000775,592,1.037,0.0011,"aoml_navis",1029.85274287851
"7901009",93,0,1,0.031773,1,0.009345,1,112.731476717929,1,4.85500592679448,594,1,8.57999992370605,34.9900016784668,0.0317730009555817,0.0144254146143794,108.706298828125,-87.5052,25.5575,73.5079988369051,63,63,63,63,61,63,0,8045,1.29563008188212,26,-88,0.001869,51,2025-11-18 07:17:05.000775,594,1.037,0.0011,"aoml_navis",1029.86486018592
"7901009",93,0,1,0.029904,1,0.007476,1,112.828650622466,1,4.85493726981922,596,1,8.53299999237061,34.9869995117188,0.0299040004611015,0.0129828732460737,108.800003051758,-87.5052,25.5575,73.5079988369051,63,63,63,63,61,63,0,8045,1.29563008188212,26,-88,0.001869,51,2025-11-18 07:17:05.000775,596,1.037,0.0011,"aoml_navis",1029.87942420648
"7901009",93,0,1,0.031773,1,0.009345,1,112.79971681943,1,4.85489112604157,598,1,8.51900005340576,34.9850006103516,0.0317730009555817,0.0144254146143794,108.772102355957,-87.5052,25.5575,73.5079988369051,63,63,63,63,61,63,0,8045,1.29563008188212,26,-88,0.001869,51,2025-11-18 07:17:05.000775,598,1.037,0.0011,"aoml_navis",1029.8892127941
"7901009",93,0,1,0.029904,1,0.007476,1,112.63140705952,1,4.85484103238668,600,1,8.5,34.9830017089844,0.0299040004611015,0.0129828732460737,108.609802246094,-87.5052,25.5575,73.5079988369051,63,63,63,63,61,63,0,8045,1.29563008188212,26,-88,0.001869,51,2025-11-18 07:17:05.000775,600,1.037,0.0011,"aoml_navis",1029.89983948907
"7901009",93,0,1,0.029904,1,0.007476,1,112.537342530044,1,4.85478017759591,602,1,8.47200012207031,34.9819984436035,0.0299040004611015,0.0129828732460737,108.519096374512,-87.5052,25.5575,73.5079988369051,63,63,63,63,61,63,0,8045,1.29563008188212,26,-88,0.001869,51,2025-11-18 07:17:05.000775,602,1.037,0.0011,"aoml_navis",1029.91274930928
"7901009",93,0,1,0.029904,1,0.007476,1,112.457907095949,1,4.85472617136823,604,1,8.44799995422363,34.9799995422363,0.0299040004611015,0.0129828732460737,108.442497253418,-87.5052,25.5575,73.5079988369051,63,63,63,63,61,63,0,8045,1.29563008188212,26,-88,0.001869,51,2025-11-18 07:17:05.000775,604,1.037,0.0011,"aoml_navis",1029.92420653683
"7901009",93,0,1,0.031773,1,0.009345,1,112.448365349583,1,4.85467350685436,606,1,8.4350004196167,34.9799995422363,0.0317730009555817,0.0144254146143794,108.433296203613,-87.5052,25.5575,73.5079988369051,63,63,63,63,61,63,0,8045,1.29563008188212,26,-88,0.001869,51,2025-11-18 07:17:05.000775,606,1.037,0.0011,"aoml_navis",1029.9353793701
"7901009",93,0,1,0.031773,1,0.009345,1,112.62943699746,1,4.85462058364101,608,1,8.41699981689453,34.9790000915527,0.0317730009555817,0.0144254146143794,108.607902526855,-87.5052,25.5575,73.5079988369051,63,63,63,63,61,63,0,8045,1.29563008188212,26,-88,0.001869,51,2025-11-18 07:17:05.000775,608,1.037,0.0011,"aoml_navis",1029.94660733094
"7901009",93,0,1,0.028035,1,0.005607,1,112.900720081546,1,4.8545721362086,610,1,8.39999961853027,34.9770011901855,0.0280349999666214,0.0115403309464455,108.869499206543,-87.5052,25.5575,73.5079988369051,63,63,63,63,61,63,0,8045,1.29563008188212,26,-88,0.001869,51,2025-11-18 07:17:05.000775,610,1.037,0.0011,"aoml_navis",1029.95688594402
"7901009",93,0,1,0.026166,1,0.003738,1,113.448579308026,1,4.85451220255308,612,1,8.35900020599365,34.9729995727539,0.0261659994721413,0.0100977895781398,109.397796630859,-87.5052,25.5575,73.5079988369051,63,63,63,63,61,63,0,8045,1.29563008188212,26,-88,0.001869,51,2025-11-18 07:17:05.000775,612,1.037,0.0011,"aoml_navis",1029.96960175945
"7901009",93,0,1,0.029904,1,0.007476,1,114.034811229262,1,4.85445005590742,614,1,8.30099964141846,34.9659996032715,0.0299040004611015,0.0129828732460737,109.963096618652,-87.5052,25.5575,73.5079988369051,63,63,63,63,61,63,0,8045,1.29563008188212,26,-88,0.001869,51,2025-11-18 07:17:05.000775,614,1.037,0.0011,"aoml_navis",1029.98278742521
"7901009",93,0,1,0.031773,1,0.009345,1,114.582884076929,1,4.85438304549188,616,1,8.24600028991699,34.9609985351562,0.0317730009555817,0.0144254146143794,110.491600036621,-87.5052,25.5575,73.5079988369051,63,63,63,63,61,63,0,8045,1.29563008188212,26,-88,0.001869,51,2025-11-18 07:17:05.000775,616,1.037,0.0011,"aoml_navis",1029.99700541624
"7901009",93,0,1,0.029904,1,0.007476,1,115.077440861229,1,4.85432315428206,618,1,8.19999980926514,34.9560012817383,0.0299040004611015,0.0129828732460737,110.96849822998,-87.5052,25.5575,73.5079988369051,63,63,63,63,61,63,0,8045,1.29563008188212,26,-88,0.001869,51,2025-11-18 07:17:05.000775,618,1.037,0.0011,"aoml_navis",1030.00971321603
"7901009",93,0,1,0.028035,1,0.005607,1,115.392903971608,1,4.8542692126911,620,1,8.17099952697754,34.9529991149902,0.0280349999666214,0.0115403309464455,111.27269744873,-87.5052,25.5575,73.5079988369051,63,63,63,63,61,63,0,8045,1.29563008188212,26,-88,0.001869,51,2025-11-18 07:17:05.000775,620,1.037,0.0011,"aoml_navis",1030.02115888585
"7901009",93,0,1,0.026166,1,0.003738,1,115.972917142725,1,4.8542170441396,622,1,8.14900016784668,34.951000213623,0.0261659994721413,0.0100977895781398,111.832000732422,-87.5052,25.5575,73.5079988369051,63,63,63,63,61,63,0,8045,1.29563008188212,26,-88,0.001869,51,2025-11-18 07:17:05.000775,622,1.037,0.0011,"aoml_navis",1030.03222858286
"7901009",93,0,1,0.031773,1,0.009345,1,116.374248058505,1,4.85415094955871,624,1,8.10900020599365,34.9490013122559,0.0317730009555817,0.0144254146143794,112.21900177002,-87.5052,25.5575,73.5079988369051,63,63,63,63,61,63,0,8045,1.29563008188212,26,-88,0.001869,51,2025-11-18 07:17:05.000775,624,1.037,0.0011,"aoml_navis",1030.04625359962
"7901009",93,0,1,0.028035,1,0.005607,1,116.447670451772,1,4.85409324933713,626,1,8.07499980926514,34.9459991455078,0.0280349999666214,0.0115403309464455,112.28980255127,-87.5052,25.5575,73.5079988369051,63,63,63,63,61,63,0,8045,1.29563008188212,26,-88,0.001869,51,2025-11-18 07:17:05.000775,626,1.037,0.0011,"aoml_navis",1030.05849767777
"7901009",93,0,1,0.029904,1,0.007476,1,116.377357433565,1,4.85403249814988,628,1,8.03699970245361,34.943000793457,0.0299040004611015,0.0129828732460737,112.22200012207,-87.5052,25.5575,73.5079988369051,63,63,63,63,61,63,0,8045,1.29563008188212,26,-88,0.001869,51,2025-11-18 07:17:05.000775,628,1.037,0.0011,"aoml_navis",1030.07138949023
"7901009",93,0,1,0.033642,1,0.011214,1,115.953730795347,1,4.85397396205865,630,1,7.99700021743774,34.9389991760254,0.0336420014500618,0.0158679541200399,111.813499450684,-87.5052,25.5575,73.5079988369051,63,63,63,63,61,63,0,8045,1.29563008188212,26,-88,0.001869,51,2025-11-18 07:17:05.000775,630,1.037,0.0011,"aoml_navis",1030.08381154962
"7901009",93,0,1,0.029904,1,0.007476,1,115.311917805932,1,4.85390658557508,632,1,7.95499992370605,34.9370002746582,0.0299040004611015,0.0129828732460737,111.194602966309,-87.5052,25.5575,73.5079988369051,63,63,63,63,61,63,0,8045,1.29563008188212,26,-88,0.001869,51,2025-11-18 07:17:05.000775,632,1.037,0.0011,"aoml_navis",1030.09811001701
"7901009",93,0,1,0.026166,1,0.003738,1,115.281013940835,1,4.85385874722721,634,1,7.94799995422363,34.9370002746582,0.0261659994721413,0.0100977895781398,111.16480255127,-87.5052,25.5575,73.5079988369051,63,63,63,63,61,63,0,8045,1.29563008188212,26,-88,0.001869,51,2025-11-18 07:17:05.000775,634,1.037,0.0011,"aoml_navis",1030.1082623915
"7901009",93,0,1,0.031773,1,0.009345,1,115.459791138922,1,4.85380922228023,636,1,7.93400001525879,34.9360008239746,0.0317730009555817,0.0144254146143794,111.337196350098,-87.5052,25.5575,73.5079988369051,63,63,63,63,61,63,0,8045,1.29563008188212,26,-88,0.001869,51,2025-11-18 07:17:05.000775,636,1.037,0.0011,"aoml_navis",1030.11877291112
"7901009",93,0,1,0.031773,1,0.009345,1,115.748401274867,1,4.85374793731807,638,1,7.89499998092651,34.9329986572266,0.0317730009555817,0.0144254146143794,111.615501403809,-87.5052,25.5575,73.5079988369051,63,63,63,63,61,63,0,8045,1.29563008188212,26,-88,0.001869,51,2025-11-18 07:17:05.000775,638,1.037,0.0011,"aoml_navis",1030.13177951774
"7901009",93,0,1,0.031773,1,0.009345,1,116.103479247648,1,4.85368656618198,640,1,7.85099983215332,34.9290008544922,0.0317730009555817,0.0144254146143794,111.957901000977,-87.5052,25.5575,73.5079988369051,63,63,63,63,61,63,0,8045,1.29563008188212,26,-88,0.001869,51,2025-11-18 07:17:05.000775,640,1.037,0.0011,"aoml_navis",1030.14480474233
"7901009",93,0,1,0.031773,1,0.009345,1,116.27282546591,1,4.85362377032339,642,1,7.80499982833862,34.9249992370605,0.0317730009555817,0.0144254146143794,112.121200561523,-87.5052,25.5575,73.5079988369051,63,63,63,63,61,63,0,8045,1.29563008188212,26,-88,0.001869,51,2025-11-18 07:17:05.000775,642,1.037,0.0011,"aoml_navis",1030.15813268667
"7901009",93,0,1,0.029904,1,0.007476,1,116.202409593058,1,4.85356531602081,644,1,7.78399991989136,34.9249992370605,0.0299040004611015,0.0129828732460737,112.053298950195,-87.5052,25.5575,73.5079988369051,63,63,63,63,61,63,0,8045,1.29563008188212,26,-88,0.001869,51,2025-11-18 07:17:05.000775,644,1.037,0.0011,"aoml_navis",1030.17053947865
"7901009",93,0,1,0.031773,1,0.009345,1,116.507919538488,1,4.8535067628573,646,1,7.75799989700317,34.923999786377,0.0317730009555817,0.0144254146143794,112.347900390625,-87.5052,25.5575,73.5079988369051,63,63,63,63,61,63,0,8045,1.29563008188212,26,-88,0.001869,51,2025-11-18 07:17:05.000775,646,1.037,0.0011,"aoml_navis",1030.18296755323
"7901009",93,0,1,0.026166,1,0.003738,1,116.607474923668,1,4.8534470681804,648,1,7.71099996566772,34.9189987182617,0.0261659994721413,0.0100977895781398,112.443901062012,-87.5052,25.5575,73.5079988369051,63,63,63,63,61,63,0,8045,1.29563008188212,26,-88,0.001869,51,2025-11-18 07:17:05.000775,648,1.037,0.0011,"aoml_navis",1030.19563822596
"7901009",93,0,1,0.029904,1,0.007476,1,116.499311395829,1,4.8533850945523,650,1,7.69500017166138,34.9210014343262,0.0299040004611015,0.0129828732460737,112.339599609375,-87.5052,25.5575,73.5079988369051,63,63,63,63,61,63,0,8045,1.29563008188212,26,-88,0.001869,51,2025-11-18 07:17:05.000775,650,1.037,0.0011,"aoml_navis",1030.20879295407
"7901009",93,0,1,0.028035,1,0.005607,1,116.619714626511,1,4.85332815649817,652,1,7.6710000038147,34.9199981689453,0.0280349999666214,0.0115403309464455,112.455703735352,-87.5052,25.5575,73.5079988369051,63,63,63,63,61,63,0,8045,1.29563008188212,26,-88,0.001869,51,2025-11-18 07:17:05.000775,652,1.037,0.0011,"aoml_navis",1030.22087911065
"7901009",93,0,1,0.028035,1,0.005607,1,116.779202622574,1,4.85327650724095,654,1,7.65399980545044,34.9189987182617,0.0280349999666214,0.0115403309464455,112.609497070312,-87.5052,25.5575,73.5079988369051,63,63,63,63,61,63,0,8045,1.29563008188212,26,-88,0.001869,51,2025-11-18 07:17:05.000775,654,1.037,0.0011,"aoml_navis",1030.23184286742
"7901009",93,0,1,0.026166,1,0.003738,1,117.100473064489,1,4.8532233612005,656,1,7.63500022888184,34.9179992675781,0.0261659994721413,0.0100977895781398,112.919296264648,-87.5052,25.5575,73.5079988369051,63,63,63,63,61,63,0,8045,1.29563008188212,26,-88,0.001869,51,2025-11-18 07:17:05.000775,656,1.037,0.0011,"aoml_navis",1030.24312459486
"7901009",93,0,1,0.031773,1,0.009345,1,117.608100300693,1,4.85316487578504,658,1,7.60400009155273,34.9160003662109,0.0317730009555817,0.0144254146143794,113.408798217773,-87.5052,25.5575,73.5079988369051,63,63,63,63,61,63,0,8045,1.29563008188212,26,-88,0.001869,51,2025-11-18 07:17:05.000775,658,1.037,0.0011,"aoml_navis",1030.25554003895
"7901009",93,0,1,0.029904,1,0.007476,1,118.142691277873,1,4.85311162660582,660,1,7.57499980926514,34.9129981994629,0.0299040004611015,0.0129828732460737,113.924301147461,-87.5052,25.5575,73.5079988369051,63,63,63,63,61,63,0,8045,1.29563008188212,26,-88,0.001869,51,2025-11-18 07:17:05.000775,660,1.037,0.0011,"aoml_navis",1030.26684418073
"7901009",93,0,1,0.024297,1,0.001869,1,118.709214666606,1,4.85306364844303,662,1,7.55299997329712,34.9099998474121,0.0242970008403063,0.0086552482098341,114.470596313477,-87.5052,25.5575,73.5079988369051,63,63,63,63,61,63,0,8045,1.29563008188212,26,-88,0.001869,51,2025-11-18 07:17:05.000775,662,1.037,0.0011,"aoml_navis",1030.2770295634
"7901009",93,0,1,0.029904,1,0.007476,1,119.370427624587,1,4.85301264183669,664,1,7.52199983596802,34.9059982299805,0.0299040004611015,0.0129828732460737,115.108200073242,-87.5052,25.5575,73.5079988369051,63,63,63,63,61,63,0,8045,1.29563008188212,26,-88,0.001869,51,2025-11-18 07:17:05.000775,664,1.037,0.0011,"aoml_navis",1030.28785808142
"7901009",93,0,1,0.029904,1,0.007476,1,120.03381635392,1,4.85293398881241,666,1,7.44899988174438,34.9010009765625,0.0299040004611015,0.0129828732460737,115.747901916504,-87.5052,25.5575,73.5079988369051,63,63,63,63,61,63,0,8045,1.29563008188212,26,-88,0.001869,51,2025-11-18 07:17:05.000775,666,1.037,0.0011,"aoml_navis",1030.3045562801
"7901009",93,0,1,0.024297,1,0.001869,1,120.335275408687,1,4.85286084918847,668,1,7.39300012588501,34.8979988098145,0.0242970008403063,0.0086552482098341,116.038597106934,-87.5052,25.5575,73.5079988369051,63,63,63,63,61,63,0,8045,1.29563008188212,26,-88,0.001869,51,2025-11-18 07:17:05.000775,668,1.037,0.0011,"aoml_navis",1030.32008445825
"7901009",93,0,1,0.028035,1,0.005607,1,120.548801653242,1,4.85280195782493,670,1,7.36600017547607,34.8969993591309,0.0280349999666214,0.0115403309464455,116.244499206543,-87.5052,25.5575,73.5079988369051,63,63,63,63,61,63,0,8045,1.29563008188212,26,-88,0.001869,51,2025-11-18 07:17:05.000775,670,1.037,0.0011,"aoml_navis",1030.33258794699
"7901009",93,0,1,0.031773,1,0.009345,1,120.619011816803,1,4.85274459775233,672,1,7.34600019454956,34.8969993591309,0.0317730009555817,0.0144254146143794,116.312202453613,-87.5052,25.5575,73.5079988369051,63,63,63,63,61,63,0,8045,1.29563008188212,26,-88,0.001869,51,2025-11-18 07:17:05.000775,672,1.037,0.0011,"aoml_navis",1030.34476661225
"7901009",93,0,1,0.033642,1,0.011214,1,120.685479653639,1,4.85270058305741,674,1,7.3439998626709,34.8969993591309,0.0336420014500618,0.0158679541200399,116.37629699707,-87.5052,25.5575,73.5079988369051,63,63,63,63,61,63,0,8045,1.29563008188212,26,-88,0.001869,51,2025-11-18 07:17:05.000775,674,1.037,0.0011,"aoml_navis",1030.35411198805
"7901009",93,0,1,0.031773,1,0.009345,1,120.742207946712,1,4.85265951212768,676,1,7.34100008010864,34.8959999084473,0.0317730009555817,0.0144254146143794,116.430999755859,-87.5052,25.5575,73.5079988369051,63,63,63,63,61,63,0,8045,1.29563008188212,26,-88,0.001869,51,2025-11-18 07:17:05.000775,676,1.037,0.0011,"aoml_navis",1030.36283248476
"7901009",93,0,1,0.026166,1,0.003738,1,120.845181270889,1,4.85261624269878,678,1,7.34000015258789,34.8959999084473,0.0261659994721413,0.0100977895781398,116.530296325684,-87.5052,25.5575,73.5079988369051,63,63,63,63,61,63,0,8045,1.29563008188212,26,-88,0.001869,51,2025-11-18 07:17:05.000775,678,1.037,0.0011,"aoml_navis",1030.37201994346
"7901009",93,0,1,0.029904,1,0.007476,1,121.129226242943,1,4.85257221055737,680,1,7.33300018310547,34.8950004577637,0.0299040004611015,0.0129828732460737,116.80419921875,-87.5052,25.5575,73.5079988369051,63,63,63,63,61,63,0,8045,1.29563008188212,26,-88,0.001869,51,2025-11-18 07:17:05.000775,680,1.037,0.0011,"aoml_navis",1030.38136951819
"7901009",93,0,1,0.026166,1,0.003738,1,121.510642916928,1,4.85252225494304,682,1,7.31799983978271,34.8940010070801,0.0261659994721413,0.0100977895781398,117.171997070312,-87.5052,25.5575,73.5079988369051,63,63,63,63,61,63,0,8045,1.29563008188212,26,-88,0.001869,51,2025-11-18 07:17:05.000775,682,1.037,0.0011,"aoml_navis",1030.39197706033
"7901009",93,0,1,0.029904,1,0.007476,1,121.961652626601,1,4.85245899929417,684,1,7.28000020980835,34.8919982910156,0.0299040004611015,0.0129828732460737,117.606903076172,-87.5052,25.5575,73.5079988369051,63,63,63,63,61,63,0,8045,1.29563008188212,26,-88,0.001869,51,2025-11-18 07:17:05.000775,684,1.037,0.0011,"aoml_navis",1030.40540903638
"7901009",93,0,1,0.031773,1,0.009345,1,122.401245470596,1,4.85239284140821,686,1,7.23799991607666,34.8899993896484,0.0317730009555817,0.0144254146143794,118.030799865723,-87.5052,25.5575,73.5079988369051,63,63,63,63,61,63,0,8045,1.29563008188212,26,-88,0.001869,51,2025-11-18 07:17:05.000775,686,1.037,0.0011,"aoml_navis",1030.4194576606
"7901009",93,0,1,0.031773,1,0.009345,1,122.716400017038,1,4.85233631761173,688,1,7.20900011062622,34.8880004882812,0.0317730009555817,0.0144254146143794,118.334701538086,-87.5052,25.5575,73.5079988369051,63,63,63,63,61,63,0,8045,1.29563008188212,26,-88,0.001869,51,2025-11-18 07:17:05.000775,688,1.037,0.0011,"aoml_navis",1030.43146078979
"7901009",93,0,1,0.028035,1,0.005607,1,122.894560087251,1,4.85227834754608,690,1,7.18300008773804,34.8870010375977,0.0280349999666214,0.0115403309464455,118.506500244141,-87.5052,25.5575,73.5079988369051,63,63,63,63,61,63,0,8045,1.29563008188212,26,-88,0.001869,51,2025-11-18 07:17:05.000775,690,1.037,0.0011,"aoml_navis",1030.44377133241
"7901009",93,0,1,0.029904,1,0.007476,1,123.050424435025,1,4.85222699345488,692,1,7.1710000038147,34.8870010375977,0.0299040004611015,0.0129828732460737,118.656799316406,-87.5052,25.5575,73.5079988369051,63,63,63,63,61,63,0,8045,1.29563008188212,26,-88,0.001869,51,2025-11-18 07:17:05.000775,692,1.037,0.0011,"aoml_navis",1030.45467715019
"7901009",93,0,1,0.035511,1,0.013083,1,123.141893862671,1,4.85217859398782,694,1,7.15799999237061,34.8860015869141,0.0355109982192516,0.0173104964196682,118.745002746582,-87.5052,25.5575,73.5079988369051,63,63,63,63,61,63,0,8045,1.29563008188212,26,-88,0.001869,51,2025-11-18 07:17:05.000775,694,1.037,0.0011,"aoml_navis",1030.46495572017
"7901009",93,0,1,0.029904,1,0.007476,1,123.243625019203,1,4.85213091757548,696,1,7.15100002288818,34.8860015869141,0.0299040004611015,0.0129828732460737,118.843101501465,-87.5052,25.5575,73.5079988369051,63,63,63,63,61,63,0,8045,1.29563008188212,26,-88,0.001869,51,2025-11-18 07:17:05.000775,696,1.037,0.0011,"aoml_navis",1030.47508093586
"7901009",93,0,1,0.029904,1,0.007476,1,123.323266162589,1,4.85208180841887,698,1,7.13700008392334,34.8849983215332,0.0299040004611015,0.0129828732460737,118.919898986816,-87.5052,25.5575,73.5079988369051,63,63,63,63,61,63,0,8045,1.29563008188212,26,-88,0.001869,51,2025-11-18 07:17:05.000775,698,1.037,0.0011,"aoml_navis",1030.48551063679
"7901009",93,0,1,0.029904,1,0.007476,1,123.399489366978,1,4.85203853565259,700,1,7.13600015640259,34.8849983215332,0.0299040004611015,0.0129828732460737,118.99340057373,-87.5052,25.5575,73.5079988369051,63,63,63,63,61,63,0,8045,1.29563008188212,26,-88,0.001869,51,2025-11-18 07:17:05.000775,700,1.037,0.0011,"aoml_navis",1030.49470099221
"7901009",93,0,1,0.028035,1,0.005607,1,123.45735697305,1,4.85199599833689,702,1,7.13600015640259,34.8849983215332,0.0280349999666214,0.0115403309464455,119.049201965332,-87.5052,25.5575,73.5079988369051,63,63,63,63,61,63,0,8045,1.29563008188212,26,-88,0.001869,51,2025-11-18 07:17:05.000775,702,1.037,0.0011,"aoml_navis",1030.50373531096
"7901009",93,0,1,0.026166,1,0.003738,1,123.667971639941,1,4.85194686379161,704,1,7.1269998550415,34.8849983215332,0.0261659994721413,0.0100977895781398,119.252296447754,-87.5052,25.5575,73.5079988369051,63,63,63,63,61,63,0,8045,1.29563008188212,26,-88,0.001869,51,2025-11-18 07:17:05.000775,704,1.037,0.0011,"aoml_navis",1030.51417098428
"7901009",93,0,1,0.029904,1,0.007476,1,123.903793606935,1,4.85189701957415,706,1,7.11199998855591,34.8839988708496,0.0299040004611015,0.0129828732460737,119.479698181152,-87.5052,25.5575,73.5079988369051,63,63,63,63,61,63,0,8045,1.29563008188212,26,-88,0.001869,51,2025-11-18 07:17:05.000775,706,1.037,0.0011,"aoml_navis",1030.52475760066
"7901009",93,0,1,0.031773,1,0.009345,1,124.172592355732,1,4.85185084379188,708,1,7.10200023651123,34.882999420166,0.0317730009555817,0.0144254146143794,119.738899230957,-87.5052,25.5575,73.5079988369051,63,63,63,63,61,63,0,8045,1.29563008188212,26,-88,0.001869,51,2025-11-18 07:17:05.000775,708,1.037,0.0011,"aoml_navis",1030.53456525723
"7901009",93,0,1,0.028035,1,0.005607,1,124.498839380122,1,4.85179662359843,710,1,7.08099985122681,34.8819999694824,0.0280349999666214,0.0115403309464455,120.053497314453,-87.5052,25.5575,73.5079988369051,63,63,63,63,61,63,0,8045,1.29563008188212,26,-88,0.001869,51,2025-11-18 07:17:05.000775,710,1.037,0.0011,"aoml_navis",1030.54608177118
"7901009",93,0,1,0.029904,1,0.007476,1,125.025652963704,1,4.85173876844948,712,1,7.05499982833862,34.8810005187988,0.0299040004611015,0.0129828732460737,120.561500549316,-87.5052,25.5575,73.5079988369051,63,63,63,63,61,63,0,8045,1.29563008188212,26,-88,0.001869,51,2025-11-18 07:17:05.000775,712,1.037,0.0011,"aoml_navis",1030.55837064325
"7901009",93,0,1,0.029904,1,0.007476,1,125.557443129761,1,4.85167660567037,714,1,7.01800012588501,34.8790016174316,0.0299040004611015,0.0129828732460737,121.07430267334,-87.5052,25.5575,73.5079988369051,63,63,63,63,61,63,0,8045,1.29563008188212,26,-88,0.001869,51,2025-11-18 07:17:05.000775,714,1.037,0.0011,"aoml_navis",1030.57157481525
"7901009",93,0,1,0.028035,1,0.005607,1,125.838473669505,1,4.85160657296277,716.099975585938,1,6.97300004959106,34.8769989013672,0.0280349999666214,0.0115403309464455,121.34529876709,-87.5052,25.5575,73.5079988369051,63,63,63,63,61,63,0,8045,1.29563008188212,26,-88,0.001869,51,2025-11-18 07:17:05.000775,716.099975585938,1.037,0.0011,"aoml_navis",1030.58645106637
"7901009",93,0,1,0.029904,1,0.007476,1,125.96063334106,1,4.85155961308505,718,1,6.96400022506714,34.8769989013672,0.0299040004611015,0.0129828732460737,121.463096618652,-87.5052,25.5575,73.5079988369051,63,63,63,63,61,63,0,8045,1.29563008188212,26,-88,0.001869,51,2025-11-18 07:17:05.000775,718,1.037,0.0011,"aoml_navis",1030.59642645936
"7901009",93,0,1,0.028035,1,0.005607,1,126.241774647346,1,4.85150327155181,720,1,6.94500017166138,34.8769989013672,0.0280349999666214,0.0115403309464455,121.734199523926,-87.5052,25.5575,73.5079988369051,63,63,63,63,61,63,0,8045,1.29563008188212,26,-88,0.001869,51,2025-11-18 07:17:05.000775,720,1.037,0.0011,"aoml_navis",1030.60839499356
"7901009",93,0,1,0.026166,1,0.003738,1,126.463078285498,1,4.8514375253429,722,1,6.91300010681152,34.8769989013672,0.0261659994721413,0.0100977895781398,121.947601318359,-87.5052,25.5575,73.5079988369051,63,63,63,63,61,63,0,8045,1.29563008188212,26,-88,0.001869,51,2025-11-18 07:17:05.000775,722,1.037,0.0011,"aoml_navis",1030.62236169817
"7901009",93,0,1,0.028035,1,0.005607,1,126.530796201874,1,4.85138990413227,724,1,6.9060001373291,34.8769989013672,0.0280349999666214,0.0115403309464455,122.012901306152,-87.5052,25.5575,73.5079988369051,63,63,63,63,61,63,0,8045,1.29563008188212,26,-88,0.001869,51,2025-11-18 07:17:05.000775,724,1.037,0.0011,"aoml_navis",1030.63247828033
"7901009",93,0,1,0.028035,1,0.005607,1,126.647045687247,1,4.85134958823988,726,1,6.90399980545044,34.8759994506836,0.0280349999666214,0.0115403309464455,122.125,-87.5052,25.5575,73.5079988369051,63,63,63,63,61,63,0,8045,1.29563008188212,26,-88,0.001869,51,2025-11-18 07:17:05.000775,726,1.037,0.0011,"aoml_navis",1030.64104308633
"7901009",93,0,1,0.029904,1,0.007476,1,126.900598212787,1,4.85130486693495,728,1,6.90100002288818,34.8759994506836,0.0299040004611015,0.0129828732460737,122.369499206543,-87.5052,25.5575,73.5079988369051,63,63,63,63,61,63,0,8045,1.29563008188212,26,-88,0.001869,51,2025-11-18 07:17:05.000775,728,1.037,0.0011,"aoml_navis",1030.6505439554
"7901009",93,0,1,0.029904,1,0.007476,1,127.235975564961,1,4.85125442140172,730,1,6.88500022888184,34.875,0.0299040004611015,0.0129828732460737,122.692901611328,-87.5052,25.5575,73.5079988369051,63,63,63,63,61,63,0,8045,1.29563008188212,26,-88,0.001869,51,2025-11-18 07:17:05.000775,730,1.037,0.0011,"aoml_navis",1030.66126112497
"7901009",93,0,1,0.031773,1,0.009345,1,127.642077353924,1,4.85119090790799,732,1,6.85599994659424,34.875,0.0317730009555817,0.0144254146143794,123.084503173828,-87.5052,25.5575,73.5079988369051,63,63,63,63,61,63,0,8045,1.29563008188212,26,-88,0.001869,51,2025-11-18 07:17:05.000775,732,1.037,0.0011,"aoml_navis",1030.67475490388
"7901009",93,0,1,0.029904,1,0.007476,1,127.87768569973,1,4.85113688107842,734,1,6.83500003814697,34.8740005493164,0.0299040004611015,0.0129828732460737,123.311698913574,-87.5052,25.5575,73.5079988369051,63,63,63,63,61,63,0,8045,1.29563008188212,26,-88,0.001869,51,2025-11-18 07:17:05.000775,734,1.037,0.0011,"aoml_navis",1030.68623346874
"7901009",93,0,1,0.028035,1,0.005607,1,128.157268362538,1,4.85108935737807,736,1,6.82299995422363,34.8730010986328,0.0280349999666214,0.0115403309464455,123.581298828125,-87.5052,25.5575,73.5079988369051,63,63,63,63,61,63,0,8045,1.29563008188212,26,-88,0.001869,51,2025-11-18 07:17:05.000775,736,1.037,0.0011,"aoml_navis",1030.69633058716
"7901009",93,0,1,0.031773,1,0.009345,1,128.407505803726,1,4.85102663251138,738,1,6.79500007629395,34.8730010986328,0.0317730009555817,0.0144254146143794,123.822601318359,-87.5052,25.5575,73.5079988369051,63,63,63,63,61,63,0,8045,1.29563008188212,26,-88,0.001869,51,2025-11-18 07:17:05.000775,738,1.037,0.0011,"aoml_navis",1030.7096577228
"7901009",93,0,1,0.026166,1,0.003738,1,128.542316596708,1,4.8509740032408,740,1,6.7810001373291,34.8730010986328,0.0261659994721413,0.0100977895781398,123.952598571777,-87.5052,25.5575,73.5079988369051,63,63,63,63,61,63,0,8045,1.29563008188212,26,-88,0.001869,51,2025-11-18 07:17:05.000775,740,1.037,0.0011,"aoml_navis",1030.72084011575
"7901009",93,0,1,0.029904,1,0.007476,1,128.639174025411,1,4.85092713255275,742,1,6.77500009536743,34.8730010986328,0.0299040004611015,0.0129828732460737,124.045997619629,-87.5052,25.5575,73.5079988369051,63,63,63,63,61,63,0,8045,1.29563008188212,26,-88,0.001869,51,2025-11-18 07:17:05.000775,742,1.037,0.0011,"aoml_navis",1030.73079915938
"7901009",93,0,1,0.028035,1,0.005607,1,128.748065447666,1,4.85088466666498,744,1,6.76999998092651,34.8720016479492,0.0280349999666214,0.0115403309464455,124.151000976562,-87.5052,25.5575,73.5079988369051,63,63,63,63,61,63,0,8045,1.29563008188212,26,-88,0.001869,51,2025-11-18 07:17:05.000775,744,1.037,0.0011,"aoml_navis",1030.73982244099
"7901009",93,0,1,0.031773,1,0.009345,1,128.843577854079,1,4.85083779989272,746,1,6.76399993896484,34.8720016479492,0.0317730009555817,0.0144254146143794,124.243103027344,-87.5052,25.5575,73.5079988369051,63,63,63,63,61,63,0,8045,1.29563008188212,26,-88,0.001869,51,2025-11-18 07:17:05.000775,746,1.037,0.0011,"aoml_navis",1030.74978101939
"7901009",93,0,1,0.029904,1,0.007476,1,128.976727148937,1,4.85078949760813,748,1,6.75600004196167,34.8720016479492,0.0299040004611015,0.0129828732460737,124.37149810791,-87.5052,25.5575,73.5079988369051,63,63,63,63,61,63,0,8045,1.29563008188212,26,-88,0.001869,51,2025-11-18 07:17:05.000775,748,1.037,0.0011,"aoml_navis",1030.76004482682
"7901009",93,0,1,0.033642,1,0.011214,1,129.134672325314,1,4.85074920792449,750,1,6.75400018692017,34.8709983825684,0.0336420014500618,0.0158679541200399,124.523803710938,-87.5052,25.5575,73.5079988369051,63,63,63,63,61,63,0,8045,1.29563008188212,26,-88,0.001869,51,2025-11-18 07:17:05.000775,750,1.037,0.0011,"aoml_navis",1030.7686061839
"7901009",93,0,1,0.031773,1,0.009345,1,129.378263774008,1,4.85070234700434,752,1,6.7480001449585,34.8709983825684,0.0317730009555817,0.0144254146143794,124.758697509766,-87.5052,25.5575,73.5079988369051,63,63,63,63,61,63,0,8045,1.29563008188212,26,-88,0.001869,51,2025-11-18 07:17:05.000775,752,1.037,0.0011,"aoml_navis",1030.77856407492
"7901009",93,0,1,0.028035,1,0.005607,1,129.688133174038,1,4.85065342403045,754,1,6.73400020599365,34.8699989318848,0.0280349999666214,0.0115403309464455,125.057502746582,-87.5052,25.5575,73.5079988369051,63,63,63,63,61,63,0,8045,1.29563008188212,26,-88,0.001869,51,2025-11-18 07:17:05.000775,754,1.037,0.0011,"aoml_navis",1030.78896035525
"7901009",93,0,1,0.029904,1,0.007476,1,130.093293447398,1,4.85059006375562,756,1,6.70499992370605,34.8699989318848,0.0299040004611015,0.0129828732460737,125.448196411133,-87.5052,25.5575,73.5079988369051,63,63,63,63,61,63,0,8045,1.29563008188212,26,-88,0.001869,51,2025-11-18 07:17:05.000775,756,1.037,0.0011,"aoml_navis",1030.8024249175
"7901009",93,0,1,0.029904,1,0.007476,1,130.34519238671,1,4.85052673694126,758,1,6.67600011825562,34.8699989318848,0.0299040004611015,0.0129828732460737,125.691101074219,-87.5052,25.5575,73.5079988369051,63,63,63,63,61,63,0,8045,1.29563008188212,26,-88,0.001869,51,2025-11-18 07:17:05.000775,758,1.037,0.0011,"aoml_navis",1030.8158827206
"7901009",93,0,1,0.029904,1,0.007476,1,130.592312540944,1,4.85047498942843,760,1,6.65799999237061,34.8689994812012,0.0299040004611015,0.0129828732460737,125.929397583008,-87.5052,25.5575,73.5079988369051,63,63,63,63,61,63,0,8045,1.29563008188212,26,-88,0.001869,51,2025-11-18 07:17:05.000775,760,1.037,0.0011,"aoml_navis",1030.82688002669
"7901009",93,0,1,0.029904,1,0.007476,1,130.804493763208,1,4.85042314231565,762,1,6.64499998092651,34.8689994812012,0.0299040004611015,0.0129828732460737,126.134002685547,-87.5052,25.5575,73.5079988369051,63,63,63,63,61,63,0,8045,1.29563008188212,26,-88,0.001869,51,2025-11-18 07:17:05.000775,762,1.037,0.0011,"aoml_navis",1030.83789873494
"7901009",93,0,1,0.029904,1,0.007476,1,131.00826464021,1,4.85035619748381,764,1,6.61600017547607,34.8699989318848,0.0299040004611015,0.0129828732460737,126.330497741699,-87.5052,25.5575,73.5079988369051,63,63,63,63,61,63,0,8045,1.29563008188212,26,-88,0.001869,51,2025-11-18 07:17:05.000775,764,1.037,0.0011,"aoml_navis",1030.85212640544
"7901009",93,0,1,0.029904,1,0.007476,1,131.123374812585,1,4.85030722134492,766,1,6.60699987411499,34.8699989318848,0.0299040004611015,0.0129828732460737,126.441497802734,-87.5052,25.5575,73.5079988369051,63,63,63,63,61,63,0,8045,1.29563008188212,26,-88,0.001869,51,2025-11-18 07:17:05.000775,766,1.037,0.0011,"aoml_navis",1030.86253546916
"7901009",93,0,1,0.029904,1,0.007476,1,131.414469283819,1,4.85025682318108,768,1,6.59600019454956,34.8699989318848,0.0299040004611015,0.0129828732460737,126.722198486328,-87.5052,25.5575,73.5079988369051,63,63,63,63,61,63,0,8045,1.29563008188212,26,-88,0.001869,51,2025-11-18 07:17:05.000775,768,1.037,0.0011,"aoml_navis",1030.87324698009
"7901009",93,0,1,0.029904,1,0.007476,1,131.799936848468,1,4.85020073153957,770,1,6.5770001411438,34.8699989318848,0.0299040004611015,0.0129828732460737,127.093902587891,-87.5052,25.5575,73.5079988369051,63,63,63,63,61,63,0,8045,1.29563008188212,26,-88,0.001869,51,2025-11-18 07:17:05.000775,770,1.037,0.0011,"aoml_navis",1030.88516883153
"7901009",93,0,1,0.031773,1,0.009345,1,132.133549847872,1,4.85014465307667,772,1,6.55800008773804,34.8699989318848,0.0317730009555817,0.0144254146143794,127.415603637695,-87.5052,25.5575,73.5079988369051,63,63,63,63,61,63,0,8045,1.29563008188212,26,-88,0.001869,51,2025-11-18 07:17:05.000775,772,1.037,0.0011,"aoml_navis",1030.89708815762
"7901009",93,0,1,0.031773,1,0.009345,1,132.372481189925,1,4.85009866810228,774,1,6.5479998588562,34.8689994812012,0.0317730009555817,0.0144254146143794,127.646003723145,-87.5052,25.5575,73.5079988369051,63,63,63,63,61,63,0,8045,1.29563008188212,26,-88,0.001869,51,2025-11-18 07:17:05.000775,774,1.037,0.0011,"aoml_navis",1030.90686234562
"7901009",93,0,1,0.029904,1,0.007476,1,132.711687899679,1,4.85004687129935,776,1,6.53499984741211,34.8689994812012,0.0299040004611015,0.0129828732460737,127.973098754883,-87.5052,25.5575,73.5079988369051,63,63,63,63,61,63,0,8045,1.29563008188212,26,-88,0.001869,51,2025-11-18 07:17:05.000775,776,1.037,0.0011,"aoml_navis",1030.91787207006
"7901009",93,0,1,0.031773,1,0.009345,1,133.160624692645,1,4.84999450520358,778,1,6.51599979400635,34.8680000305176,0.0317730009555817,0.0144254146143794,128.406005859375,-87.5052,25.5575,73.5079988369051,63,63,63,63,61,63,0,8045,1.29563008188212,26,-88,0.001869,51,2025-11-18 07:17:05.000775,778,1.037,0.0011,"aoml_navis",1030.92900304021
"7901009",93,0,1,0.029904,1,0.007476,1,133.361808379711,1,4.84992996456643,780,1,6.4850001335144,34.8680000305176,0.0299040004611015,0.0129828732460737,128.600006103516,-87.5052,25.5575,73.5079988369051,63,63,63,63,61,63,0,8045,1.29563008188212,26,-88,0.001869,51,2025-11-18 07:17:05.000775,780,1.037,0.0011,"aoml_navis",1030.94272216918
"7901009",93,0,1,0.031773,1,0.009345,1,133.459805121414,1,4.84988032031694,782,1,6.47499990463257,34.8680000305176,0.0317730009555817,0.0144254146143794,128.69450378418,-87.5052,25.5575,73.5079988369051,63,63,63,63,61,63,0,8045,1.29563008188212,26,-88,0.001869,51,2025-11-18 07:17:05.000775,782,1.037,0.0011,"aoml_navis",1030.95327508479
"7901009",93,0,1,0.035511,1,0.013083,1,133.641177421332,1,4.8498342192484,784,1,6.46999979019165,34.8680000305176,0.0355109982192516,0.0173104964196682,128.869400024414,-87.5052,25.5575,73.5079988369051,63,63,63,63,61,63,0,8045,1.29563008188212,26,-88,0.001869,51,2025-11-18 07:17:05.000775,784,1.037,0.0011,"aoml_navis",1030.96307501721
"7901009",93,0,1,0.028035,1,0.005607,1,133.932382659108,1,4.8497808970885,786,1,6.46000003814697,34.8689994812012,0.0280349999666214,0.0115403309464455,129.150207519531,-87.5052,25.5575,73.5079988369051,63,63,63,63,61,63,0,8045,1.29563008188212,26,-88,0.001869,51,2025-11-18 07:17:05.000775,786,1.037,0.0011,"aoml_navis",1030.97441020515
"7901009",93,0,1,0.033642,1,0.011214,1,134.329148410996,1,4.84973353180753,788,1,6.44799995422363,34.8680000305176,0.0336420014500618,0.0158679541200399,129.532806396484,-87.5052,25.5575,73.5079988369051,63,63,63,63,61,63,0,8045,1.29563008188212,26,-88,0.001869,51,2025-11-18 07:17:05.000775,788,1.037,0.0011,"aoml_navis",1030.98447929292
"7901009",93,0,1,0.022428,1,0,1,134.841016423363,1,4.84968107395041,790,1,6.43400001525879,34.8680000305176,0.0224280003458261,0.0072127073071897,130.026397705078,-87.5052,25.5575,73.5079988369051,63,63,63,63,61,63,0,8045,1.29563008188212,26,-88,0.001869,51,2025-11-18 07:17:05.000775,790,1.037,0.0011,"aoml_navis",1030.99563120903
"7901009",93,0,1,0.026166,1,0.003738,1,135.468318995833,1,4.84961607548559,792,1,6.39699983596802,34.867000579834,0.0261659994721413,0.0100977895781398,130.631301879883,-87.5052,25.5575,73.5079988369051,63,63,63,63,61,63,0,8045,1.29563008188212,26,-88,0.001869,51,2025-11-18 07:17:05.000775,792,1.037,0.0011,"aoml_navis",1031.00944944376
"7901009",93,0,1,0.031773,1,0.009345,1,135.782532026672,1,4.84955448688053,794,1,6.36999988555908,34.867000579834,0.0317730009555817,0.0144254146143794,130.934295654297,-87.5052,25.5575,73.5079988369051,63,63,63,63,61,63,0,8045,1.29563008188212,26,-88,0.001869,51,2025-11-18 07:17:05.000775,794,1.037,0.0011,"aoml_navis",1031.0225431071
"7901009",93,0,1,0.029904,1,0.007476,1,135.904485988936,1,4.84950066106408,796,1,6.35400009155273,34.867000579834,0.0299040004611015,0.0129828732460737,131.051895141602,-87.5052,25.5575,73.5079988369051,63,63,63,63,61,63,0,8045,1.29563008188212,26,-88,0.001869,51,2025-11-18 07:17:05.000775,796,1.037,0.0011,"aoml_navis",1031.03398668326
"7901009",93,0,1,0.031773,1,0.009345,1,135.980914902616,1,4.84945317134262,798,1,6.34700012207031,34.867000579834,0.0317730009555817,0.0144254146143794,131.125595092773,-87.5052,25.5575,73.5079988369051,63,63,63,63,61,63,0,8045,1.29563008188212,26,-88,0.001869,51,2025-11-18 07:17:05.000775,798,1.037,0.0011,"aoml_navis",1031.04408339213
"7901009",93,0,1,0.031773,1,0.009345,1,136.078610992277,1,4.84940849641966,800,1,6.3439998626709,34.867000579834,0.0317730009555817,0.0144254146143794,131.219802856445,-87.5052,25.5575,73.5079988369051,63,63,63,63,61,63,0,8045,1.29563008188212,26,-88,0.001869,51,2025-11-18 07:17:05.000775,800,1.037,0.0011,"aoml_navis",1031.05358183199
"7901009",93,0,1,0.031773,1,0.009345,1,136.120195916739,1,4.84936452696275,802,1,6.34200000762939,34.867000579834,0.0317730009555817,0.0144254146143794,131.259902954102,-87.5052,25.5575,73.5079988369051,63,63,63,63,61,63,0,8045,1.29563008188212,26,-88,0.001869,51,2025-11-18 07:17:05.000775,802,1.037,0.0011,"aoml_navis",1031.06293045196
"7901009",93,0,1,0.029904,1,0.007476,1,136.28425698859,1,4.84932126291525,804,1,6.34100008010864,34.867000579834,0.0299040004611015,0.0129828732460737,131.418106079102,-87.5052,25.5575,73.5079988369051,63,63,63,63,61,63,0,8045,1.29563008188212,26,-88,0.001869,51,2025-11-18 07:17:05.000775,804,1.037,0.0011,"aoml_navis",1031.07212925591
"7901009",93,0,1,0.029904,1,0.007476,1,136.53096572424,1,4.84928027761363,806,1,6.33799982070923,34.8660011291504,0.0299040004611015,0.0129828732460737,131.656005859375,-87.5052,25.5575,73.5079988369051,63,63,63,63,61,63,0,8045,1.29563008188212,26,-88,0.001869,51,2025-11-18 07:17:05.000775,806,1.037,0.0011,"aoml_navis",1031.0808437042
"7901009",93,0,1,0.029904,1,0.007476,1,136.894121742659,1,4.84922717081389,808,1,6.32299995422363,34.8660011291504,0.0299040004611015,0.0129828732460737,132.006195068359,-87.5052,25.5575,73.5079988369051,63,63,63,63,61,63,0,8045,1.29563008188212,26,-88,0.001869,51,2025-11-18 07:17:05.000775,808,1.037,0.0011,"aoml_navis",1031.0921356899
"7901009",93,0,1,0.031773,1,0.009345,1,137.182937587896,1,4.84916266384991,810,1,6.29699993133545,34.867000579834,0.0317730009555817,0.0144254146143794,132.284698486328,-87.5052,25.5575,73.5079988369051,63,63,63,63,61,63,0,8045,1.29563008188212,26,-88,0.001869,51,2025-11-18 07:17:05.000775,810,1.037,0.0011,"aoml_navis",1031.10585200092
"7901009",93,0,1,0.028035,1,0.005607,1,137.417825951181,1,4.84911378804272,812,1,6.28800010681152,34.867000579834,0.0280349999666214,0.0115403309464455,132.511199951172,-87.5052,25.5575,73.5079988369051,63,63,63,63,61,63,0,8045,1.29563008188212,26,-88,0.001869,51,2025-11-18 07:17:05.000775,812,1.037,0.0011,"aoml_navis",1031.11624485475
"7901009",93,0,1,0.029904,1,0.007476,1,137.630624301321,1,4.84906789774472,814,1,6.27799987792969,34.8660011291504,0.0299040004611015,0.0129828732460737,132.716400146484,-87.5052,25.5575,73.5079988369051,63,63,63,63,61,63,0,8045,1.29563008188212,26,-88,0.001869,51,2025-11-18 07:17:05.000775,814,1.037,0.0011,"aoml_navis",1031.12600306658
"7901009",93,0,1,0.026166,1,0.003738,1,137.955945633899,1,4.84900553394097,816,1,6.25500011444092,34.867000579834,0.0261659994721413,0.0100977895781398,133.03010559082,-87.5052,25.5575,73.5079988369051,63,63,63,63,61,63,0,8045,1.29563008188212,26,-88,0.001869,51,2025-11-18 07:17:05.000775,816,1.037,0.0011,"aoml_navis",1031.13926453623
"7901009",93,0,1,0.029904,1,0.007476,1,138.048957881231,1,4.84895527082697,818,1,6.24399995803833,34.867000579834,0.0299040004611015,0.0129828732460737,133.11979675293,-87.5052,25.5575,73.5079988369051,63,63,63,63,61,63,0,8045,1.29563008188212,26,-88,0.001869,51,2025-11-18 07:17:05.000775,818,1.037,0.0011,"aoml_navis",1031.14995307995
"7901009",93,0,1,0.028035,1,0.005607,1,138.163237304544,1,4.84891273879109,819.900024414062,1,6.24100017547607,34.867000579834,0.0280349999666214,0.0115403309464455,133.229995727539,-87.5052,25.5575,73.5079988369051,63,63,63,63,61,63,0,8045,1.29563008188212,26,-88,0.001869,51,2025-11-18 07:17:05.000775,819.900024414062,1.037,0.0011,"aoml_navis",1031.15899776876
"7901009",93,0,1,0.029904,1,0.007476,1,138.282501222227,1,4.84886595344304,822,1,6.23799991607666,34.867000579834,0.0299040004611015,0.0129828732460737,133.345001220703,-87.5052,25.5575,73.5079988369051,63,63,63,63,61,63,0,8045,1.29563008188212,26,-88,0.001869,51,2025-11-18 07:17:05.000775,822,1.037,0.0011,"aoml_navis",1031.16894713281
"7901009",93,0,1,0.029904,1,0.007476,1,138.448524444242,1,4.84882129766398,824,1,6.2350001335144,34.867000579834,0.0299040004611015,0.0129828732460737,133.505096435547,-87.5052,25.5575,73.5079988369051,63,63,63,63,61,63,0,8045,1.29563008188212,26,-88,0.001869,51,2025-11-18 07:17:05.000775,824,1.037,0.0011,"aoml_navis",1031.17844380218
"7901009",93,0,1,0.026166,1,0.003738,1,138.718573272579,1,4.8487717430942,826,1,6.22499990463257,34.867000579834,0.0261659994721413,0.0100977895781398,133.765502929688,-87.5052,25.5575,73.5079988369051,63,63,63,63,61,63,0,8045,1.29563008188212,26,-88,0.001869,51,2025-11-18 07:17:05.000775,826,1.037,0.0011,"aoml_navis",1031.18898247194
"7901009",93,0,1,0.029904,1,0.007476,1,138.98300465488,1,4.84871519917399,828,1,6.20499992370605,34.867000579834,0.0299040004611015,0.0129828732460737,134.020492553711,-87.5052,25.5575,73.5079988369051,63,63,63,63,61,63,0,8045,1.29563008188212,26,-88,0.001869,51,2025-11-18 07:17:05.000775,828,1.037,0.0011,"aoml_navis",1031.2010078158
"7901009",93,0,1,0.033642,1,0.011214,1,139.16448772134,1,4.84866355902591,830,1,6.19199991226196,34.867000579834,0.0336420014500618,0.0158679541200399,134.195495605469,-87.5052,25.5575,73.5079988369051,63,63,63,63,61,63,0,8045,1.29563008188212,26,-88,0.001869,51,2025-11-18 07:17:05.000775,830,1.037,0.0011,"aoml_navis",1031.21199050662
"7901009",93,0,1,0.031773,1,0.009345,1,139.325542272776,1,4.84861471797553,832,1,6.18300008773804,34.867000579834,0.0317730009555817,0.0144254146143794,134.350799560547,-87.5052,25.5575,73.5079988369051,63,63,63,63,61,63,0,8045,1.29563008188212,26,-88,0.001869,51,2025-11-18 07:17:05.000775,832,1.037,0.0011,"aoml_navis",1031.22237810796
"7901009",93,0,1,0.028035,1,0.005607,1,139.526520250551,1,4.8485707679611,834,1,6.18100023269653,34.867000579834,0.0280349999666214,0.0115403309464455,134.54460144043,-87.5052,25.5575,73.5079988369051,63,63,63,63,61,63,0,8045,1.29563008188212,26,-88,0.001869,51,2025-11-18 07:17:05.000775,834,1.037,0.0011,"aoml_navis",1031.23172565399
"7901009",93,0,1,0.029904,1,0.007476,1,139.810557310709,1,4.84852193097526,836,1,6.17199993133545,34.867000579834,0.0299040004611015,0.0129828732460737,134.818496704102,-87.5052,25.5575,73.5079988369051,63,63,63,63,61,63,0,8045,1.29563008188212,26,-88,0.001869,51,2025-11-18 07:17:05.000775,836,1.037,0.0011,"aoml_navis",1031.24211278844
"7901009",93,0,1,0.031773,1,0.009345,1,140.215519786673,1,4.84846542289305,838,1,6.15199995040894,34.867000579834,0.0317730009555817,0.0144254146143794,135.208999633789,-87.5052,25.5575,73.5079988369051,63,63,63,63,61,63,0,8045,1.29563008188212,26,-88,0.001869,51,2025-11-18 07:17:05.000775,838,1.037,0.0011,"aoml_navis",1031.25413174887
"7901009",93,0,1,0.028035,1,0.005607,1,140.66589654468,1,4.84840663889851,840,1,6.13399982452393,34.8680000305176,0.0280349999666214,0.0115403309464455,135.643295288086,-87.5052,25.5575,73.5079988369051,63,63,63,63,61,63,0,8045,1.29563008188212,26,-88,0.001869,51,2025-11-18 07:17:05.000775,840,1.037,0.0011,"aoml_navis",1031.26663508074
"7901009",93,0,1,0.035511,1,0.013083,1,141.199664684693,1,4.84834737551042,842,1,6.1100001335144,34.8680000305176,0.0355109982192516,0.0173104964196682,136.158004760742,-87.5052,25.5575,73.5079988369051,63,63,63,63,61,63,0,8045,1.29563008188212,26,-88,0.001869,51,2025-11-18 07:17:05.000775,842,1.037,0.0011,"aoml_navis",1031.27924068634
"7901009",93,0,1,0.031773,1,0.009345,1,141.716817843472,1,4.84829234556562,843.900024414062,1,6.08900022506714,34.8680000305176,0.0317730009555817,0.0144254146143794,136.656692504883,-87.5052,25.5575,73.5079988369051,63,63,63,63,61,63,0,8045,1.29563008188212,26,-88,0.001869,51,2025-11-18 07:17:05.000775,843.900024414062,1.037,0.0011,"aoml_navis",1031.29094609427
"7901009",93,0,1,0.028035,1,0.005607,1,142.311982295096,1,4.84822891379804,846,1,6.06199979782104,34.8680000305176,0.0280349999666214,0.0115403309464455,137.230606079102,-87.5052,25.5575,73.5079988369051,63,63,63,63,61,63,0,8045,1.29563008188212,26,-88,0.001869,51,2025-11-18 07:17:05.000775,846,1.037,0.0011,"aoml_navis",1031.30443898184
"7901009",93,0,1,0.031773,1,0.009345,1,142.884835200491,1,4.84816902351433,848,1,6.03700017929077,34.8680000305176,0.0317730009555817,0.0144254146143794,137.783004760742,-87.5052,25.5575,73.5079988369051,63,63,63,63,61,63,0,8045,1.29563008188212,26,-88,0.001869,51,2025-11-18 07:17:05.000775,848,1.037,0.0011,"aoml_navis",1031.31717886676
"7901009",93,0,1,0.024297,1,0.001869,1,143.271331311597,1,4.84810339770075,850,1,6.00899982452393,34.8689994812012,0.0242970008403063,0.0086552482098341,138.155700683594,-87.5052,25.5575,73.5079988369051,63,63,63,63,61,63,0,8045,1.29563008188212,26,-88,0.001869,51,2025-11-18 07:17:05.000775,850,1.037,0.0011,"aoml_navis",1031.33113917729
"7901009",93,0,1,0.028035,1,0.005607,1,143.606083624,1,4.84804908320016,852,1,5.99200010299683,34.8689994812012,0.0280349999666214,0.0115403309464455,138.478500366211,-87.5052,25.5575,73.5079988369051,63,63,63,63,61,63,0,8045,1.29563008188212,26,-88,0.001869,51,2025-11-18 07:17:05.000775,852,1.037,0.0011,"aoml_navis",1031.34269356439
"7901009",93,0,1,0.031773,1,0.009345,1,143.95536217714,1,4.84798971408235,854,1,5.97300004959106,34.8699989318848,0.0317730009555817,0.0144254146143794,138.815307617188,-87.5052,25.5575,73.5079988369051,63,63,63,63,61,63,0,8045,1.29563008188212,26,-88,0.001869,51,2025-11-18 07:17:05.000775,854,1.037,0.0011,"aoml_navis",1031.35532352226
"7901009",93,0,1,0.031773,1,0.009345,1,144.263039982026,1,4.8479395585885,856,1,5.96199989318848,34.8699989318848,0.0317730009555817,0.0144254146143794,139.111999511719,-87.5052,25.5575,73.5079988369051,63,63,63,63,61,63,0,8045,1.29563008188212,26,-88,0.001869,51,2025-11-18 07:17:05.000775,856,1.037,0.0011,"aoml_navis",1031.36599365025
"7901009",93,0,1,0.029904,1,0.007476,1,144.612207768625,1,4.84788527243137,858,1,5.94500017166138,34.8699989318848,0.0299040004611015,0.0129828732460737,139.448699951172,-87.5052,25.5575,73.5079988369051,63,63,63,63,61,63,0,8045,1.29563008188212,26,-88,0.001869,51,2025-11-18 07:17:05.000775,858,1.037,0.0011,"aoml_navis",1031.37754278833
"7901009",93,0,1,0.029904,1,0.007476,1,144.832474948424,1,4.8478309962766,860,1,5.92799997329712,34.8699989318848,0.0299040004611015,0.0129828732460737,139.661102294922,-87.5052,25.5575,73.5079988369051,63,63,63,63,61,63,0,8045,1.29563008188212,26,-88,0.001869,51,2025-11-18 07:17:05.000775,860,1.037,0.0011,"aoml_navis",1031.38909005703
"7901009",93,0,1,0.029904,1,0.007476,1,144.978908316374,1,4.84778498713111,862,1,5.9229998588562,34.8699989318848,0.0299040004611015,0.0129828732460737,139.802307128906,-87.5052,25.5575,73.5079988369051,63,63,63,63,61,63,0,8045,1.29563008188212,26,-88,0.001869,51,2025-11-18 07:17:05.000775,862,1.037,0.0011,"aoml_navis",1031.39887871945
"7901009",93,0,1,0.029904,1,0.007476,1,145.199159672382,1,4.84774104511839,864,1,5.9210000038147,34.8699989318848,0.0299040004611015,0.0129828732460737,140.014694213867,-87.5052,25.5575,73.5079988369051,63,63,63,63,61,63,0,8045,1.29563008188212,26,-88,0.001869,51,2025-11-18 07:17:05.000775,864,1.037,0.0011,"aoml_navis",1031.4082277631
"7901009",93,0,1,0.029904,1,0.007476,1,145.498973052817,1,4.84769159806718,866,1,5.91099977493286,34.8699989318848,0.0299040004611015,0.0129828732460737,140.303802490234,-87.5052,25.5575,73.5079988369051,63,63,63,63,61,63,0,8045,1.29563008188212,26,-88,0.001869,51,2025-11-18 07:17:05.000775,866,1.037,0.0011,"aoml_navis",1031.41874825402
"7901009",93,0,1,0.031773,1,0.009345,1,145.84119419488,1,4.84763296952574,868,1,5.89300012588501,34.8709983825684,0.0317730009555817,0.0144254146143794,140.633804321289,-87.5052,25.5575,73.5079988369051,63,63,63,63,61,63,0,8045,1.29563008188212,26,-88,0.001869,51,2025-11-18 07:17:05.000775,868,1.037,0.0011,"aoml_navis",1031.43122250222
"7901009",93,0,1,0.028035,1,0.005607,1,146.096400306647,1,4.84758421930785,870,1,5.88399982452393,34.8709983825684,0.0280349999666214,0.0115403309464455,140.879898071289,-87.5052,25.5575,73.5079988369051,63,63,63,63,61,63,0,8045,1.29563008188212,26,-88,0.001869,51,2025-11-18 07:17:05.000775,870,1.037,0.0011,"aoml_navis",1031.44159519397
"7901009",93,0,1,0.033642,1,0.011214,1,146.417987224396,1,4.8475340987984,872,1,5.8730001449585,34.8709983825684,0.0336420014500618,0.0158679541200399,141.190002441406,-87.5052,25.5575,73.5079988369051,63,63,63,63,61,63,0,8045,1.29563008188212,26,-88,0.001869,51,2025-11-18 07:17:05.000775,872,1.037,0.0011,"aoml_navis",1031.45225966319
"7901009",93,0,1,0.031773,1,0.009345,1,146.748688646136,1,4.84747547961384,874,1,5.85500001907349,34.8720016479492,0.0317730009555817,0.0144254146143794,141.508895874023,-87.5052,25.5575,73.5079988369051,63,63,63,63,61,63,0,8045,1.29563008188212,26,-88,0.001869,51,2025-11-18 07:17:05.000775,874,1.037,0.0011,"aoml_navis",1031.46473273101
"7901009",93,0,1,0.033642,1,0.011214,1,147.230285745072,1,4.84742262724532,876,1,5.84000015258789,34.8720016479492,0.0336420014500618,0.0158679541200399,141.973297119141,-87.5052,25.5575,73.5079988369051,63,63,63,63,61,63,0,8045,1.29563008188212,26,-88,0.001869,51,2025-11-18 07:17:05.000775,876,1.037,0.0011,"aoml_navis",1031.47597898667
"7901009",93,0,1,0.029904,1,0.007476,1,147.510809923483,1,4.84736635811534,878,1,5.82000017166138,34.8720016479492,0.0299040004611015,0.0129828732460737,142.243804931641,-87.5052,25.5575,73.5079988369051,63,63,63,63,61,63,0,8045,1.29563008188212,26,-88,0.001869,51,2025-11-18 07:17:05.000775,878,1.037,0.0011,"aoml_navis",1031.48795255162
"7901009",93,0,1,0.031773,1,0.009345,1,147.751078375931,1,4.84731763036411,880,1,5.81099987030029,34.8720016479492,0.0317730009555817,0.0144254146143794,142.475494384766,-87.5052,25.5575,73.5079988369051,63,63,63,63,61,63,0,8045,1.29563008188212,26,-88,0.001869,51,2025-11-18 07:17:05.000775,880,1.037,0.0011,"aoml_navis",1031.49832160358
"7901009",93,0,1,0.028035,1,0.005607,1,147.910265719953,1,4.84726453738323,882,1,5.80100011825562,34.8730010986328,0.0280349999666214,0.0115403309464455,142.628997802734,-87.5052,25.5575,73.5079988369051,63,63,63,63,61,63,0,8045,1.29563008188212,26,-88,0.001869,51,2025-11-18 07:17:05.000775,882,1.037,0.0011,"aoml_navis",1031.5096197946
"7901009",93,0,1,0.028035,1,0.005607,1,148.084596432585,1,4.84721718435872,884,1,5.79400014877319,34.8730010986328,0.0280349999666214,0.0115403309464455,142.797103881836,-87.5052,25.5575,73.5079988369051,63,63,63,63,61,63,0,8045,1.29563008188212,26,-88,0.001869,51,2025-11-18 07:17:05.000775,884,1.037,0.0011,"aoml_navis",1031.51969673121
"7901009",93,0,1,0.028035,1,0.005607,1,148.265968732503,1,4.84717188547194,886,1,5.78999996185303,34.8730010986328,0.0280349999666214,0.0115403309464455,142.97200012207,-87.5052,25.5575,73.5079988369051,63,63,63,63,61,63,0,8045,1.29563008188212,26,-88,0.001869,51,2025-11-18 07:17:05.000775,886,1.037,0.0011,"aoml_navis",1031.52933672233
"7901009",93,0,1,0.029904,1,0.007476,1,148.484162995596,1,4.84712316880512,888,1,5.7810001373291,34.8730010986328,0.0299040004611015,0.0129828732460737,143.182403564453,-87.5052,25.5575,73.5079988369051,63,63,63,63,61,63,0,8045,1.29563008188212,26,-88,0.001869,51,2025-11-18 07:17:05.000775,888,1.037,0.0011,"aoml_navis",1031.53970424741
"7901009",93,0,1,0.029904,1,0.007476,1,148.702863620022,1,4.84707377136266,890,1,5.77099990844727,34.8730010986328,0.0299040004611015,0.0129828732460737,143.393295288086,-87.5052,25.5575,73.5079988369051,63,63,63,63,61,63,0,8045,1.29563008188212,26,-88,0.001869,51,2025-11-18 07:17:05.000775,890,1.037,0.0011,"aoml_navis",1031.55021686298
"7901009",93,0,1,0.029904,1,0.007476,1,148.884758105064,1,4.84702506106369,892,1,5.76200008392334,34.8730010986328,0.0299040004611015,0.0129828732460737,143.568695068359,-87.5052,25.5575,73.5079988369051,63,63,63,63,61,63,0,8045,1.29563008188212,26,-88,0.001869,51,2025-11-18 07:17:05.000775,892,1.037,0.0011,"aoml_navis",1031.56058345255
"7901009",93,0,1,0.029904,1,0.007476,1,149.130738946299,1,4.84697130352245,894,1,5.75099992752075,34.8740005493164,0.0299040004611015,0.0129828732460737,143.805892944336,-87.5052,25.5575,73.5079988369051,63,63,63,63,61,63,0,8045,1.29563008188212,26,-88,0.001869,51,2025-11-18 07:17:05.000775,894,1.037,0.0011,"aoml_navis",1031.5720244447
"7901009",93,0,1,0.029904,1,0.007476,1,149.300923825519,1,4.84692328253842,896,1,5.74300003051758,34.8740005493164,0.0299040004611015,0.0129828732460737,143.970001220703,-87.5052,25.5575,73.5079988369051,63,63,63,63,61,63,0,8045,1.29563008188212,26,-88,0.001869,51,2025-11-18 07:17:05.000775,896,1.037,0.0011,"aoml_navis",1031.58224476402
"7901009",93,0,1,0.029904,1,0.007476,1,149.481473288271,1,4.8468773118148,898,1,5.73799991607666,34.8740005493164,0.0299040004611015,0.0129828732460737,144.144104003906,-87.5052,25.5575,73.5079988369051,63,63,63,63,61,63,0,8045,1.29563008188212,26,-88,0.001869,51,2025-11-18 07:17:05.000775,898,1.037,0.0011,"aoml_navis",1031.5920289156
"7901009",93,0,1,0.031773,1,0.009345,1,149.729843522044,1,4.84682861301407,900,1,5.72900009155273,34.8740005493164,0.0317730009555817,0.0144254146143794,144.383605957031,-87.5052,25.5575,73.5079988369051,63,63,63,63,61,63,0,8045,1.29563008188212,26,-88,0.001869,51,2025-11-18 07:17:05.000775,900,1.037,0.0011,"aoml_navis",1031.60239389828
"7901009",93,0,1,0.026166,1,0.003738,1,150.055465506664,1,4.84677514297969,902,1,5.71299982070923,34.8740005493164,0.0261659994721413,0.0100977895781398,144.697601318359,-87.5052,25.5575,73.5079988369051,63,63,63,63,61,63,0,8045,1.29563008188212,26,-88,0.001869,51,2025-11-18 07:17:05.000775,902,1.037,0.0011,"aoml_navis",1031.61377462337
"7901009",93,0,1,0.029904,1,0.007476,1,150.449019028847,1,4.84671595466686,904,1,5.69399976730347,34.875,0.0299040004611015,0.0129828732460737,145.077102661133,-87.5052,25.5575,73.5079988369051,63,63,63,63,61,63,0,8045,1.29563008188212,26,-88,0.001869,51,2025-11-18 07:17:05.000775,904,1.037,0.0011,"aoml_navis",1031.6263727371
"7901009",93,0,1,0.029904,1,0.007476,1,150.785527782124,1,4.84666386578035,906,1,5.67999982833862,34.875,0.0299040004611015,0.0129828732460737,145.401596069336,-87.5052,25.5575,73.5079988369051,63,63,63,63,61,63,0,8045,1.29563008188212,26,-88,0.001869,51,2025-11-18 07:17:05.000775,906,1.037,0.0011,"aoml_navis",1031.63746000672
"7901009",93,0,1,0.024297,1,0.001869,1,151.139775005843,1,4.84661654543862,908,1,5.6729998588562,34.875,0.0242970008403063,0.0086552482098341,145.743194580078,-87.5052,25.5575,73.5079988369051,63,63,63,63,61,63,0,8045,1.29563008188212,26,-88,0.001869,51,2025-11-18 07:17:05.000775,908,1.037,0.0011,"aoml_navis",1031.64753248444
"7901009",93,0,1,0.028035,1,0.005607,1,151.465096338421,1,4.84656214255099,910,1,5.66099977493286,34.8759994506836,0.0280349999666214,0.0115403309464455,146.056900024414,-87.5052,25.5575,73.5079988369051,63,63,63,63,61,63,0,8045,1.29563008188212,26,-88,0.001869,51,2025-11-18 07:17:05.000775,910,1.037,0.0011,"aoml_navis",1031.65911277643
"7901009",93,0,1,0.029904,1,0.007476,1,151.739797361504,1,4.84651151746328,911.900024414062,1,5.64599990844727,34.8759994506836,0.0299040004611015,0.0129828732460737,146.321792602539,-87.5052,25.5575,73.5079988369051,63,63,63,63,61,63,0,8045,1.29563008188212,26,-88,0.001869,51,2025-11-18 07:17:05.000775,911.900024414062,1.037,0.0011,"aoml_navis",1031.66988915298
"7901009",93,0,1,0.029904,1,0.007476,1,151.897022555361,1,4.84646004097358,914,1,5.63600015640259,34.8759994506836,0.0299040004611015,0.0129828732460737,146.473403930664,-87.5052,25.5575,73.5079988369051,63,63,63,63,61,63,0,8045,1.29563008188212,26,-88,0.001869,51,2025-11-18 07:17:05.000775,914,1.037,0.0011,"aoml_navis",1031.6808469952
"7901009",93,0,1,0.029904,1,0.007476,1,152.186550471222,1,4.84641205280707,916,1,5.62799978256226,34.8759994506836,0.0299040004611015,0.0129828732460737,146.752593994141,-87.5052,25.5575,73.5079988369051,63,63,63,63,61,63,0,8045,1.29563008188212,26,-88,0.001869,51,2025-11-18 07:17:05.000775,916,1.037,0.0011,"aoml_navis",1031.69106248487
"7901009",93,0,1,0.029904,1,0.007476,1,152.508754516845,1,4.8463625108556,917.900024414062,1,5.61999988555908,34.8769989013672,0.0299040004611015,0.0129828732460737,147.063293457031,-87.5052,25.5575,73.5079988369051,63,63,63,63,61,63,0,8045,1.29563008188212,26,-88,0.001869,51,2025-11-18 07:17:05.000775,917.900024414062,1.037,0.0011,"aoml_navis",1031.70160894903
"7901009",93,0,1,0.026166,1,0.003738,1,152.822571952892,1,4.84630900873848,920,1,5.60699987411499,34.8769989013672,0.0261659994721413,0.0100977895781398,147.365905761719,-87.5052,25.5575,73.5079988369051,63,63,63,63,61,63,0,8045,1.29563008188212,26,-88,0.001869,51,2025-11-18 07:17:05.000775,920,1.037,0.0011,"aoml_navis",1031.71299869331
"7901009",93,0,1,0.028035,1,0.005607,1,153.135329194899,1,4.84625260022519,922,1,5.59200000762939,34.8779983520508,0.0280349999666214,0.0115403309464455,147.667495727539,-87.5052,25.5575,73.5079988369051,63,63,63,63,61,63,0,8045,1.29563008188212,26,-88,0.001869,51,2025-11-18 07:17:05.000775,922,1.037,0.0011,"aoml_navis",1031.72500743516
"7901009",93,0,1,0.031773,1,0.009345,1,153.400710004699,1,4.84620462526364,924,1,5.58400011062622,34.8779983520508,0.0317730009555817,0.0144254146143794,147.923400878906,-87.5052,25.5575,73.5079988369051,63,63,63,63,61,63,0,8045,1.29563008188212,26,-88,0.001869,51,2025-11-18 07:17:05.000775,924,1.037,0.0011,"aoml_navis",1031.73522098811
"7901009",93,0,1,0.031773,1,0.009345,1,153.66504644425,1,4.84615868509455,926,1,5.5789999961853,34.8779983520508,0.0317730009555817,0.0144254146143794,148.178298950195,-87.5052,25.5575,73.5079988369051,63,63,63,63,61,63,0,8045,1.29563008188212,26,-88,0.001869,51,2025-11-18 07:17:05.000775,926,1.037,0.0011,"aoml_navis",1031.74500153671
"7901009",93,0,1,0.028035,1,0.005607,1,153.901596305659,1,4.84611139199351,928,1,5.57200002670288,34.8779983520508,0.0280349999666214,0.0115403309464455,148.406402587891,-87.5052,25.5575,73.5079988369051,63,63,63,63,61,63,0,8045,1.29563008188212,26,-88,0.001869,51,2025-11-18 07:17:05.000775,928,1.037,0.0011,"aoml_navis",1031.75507031488
"7901009",93,0,1,0.029904,1,0.007476,1,154.089614598071,1,4.8460668102113,930,1,5.56899976730347,34.8779983520508,0.0299040004611015,0.0129828732460737,148.587707519531,-87.5052,25.5575,73.5079988369051,63,63,63,63,61,63,0,8045,1.29563008188212,26,-88,0.001869,51,2025-11-18 07:17:05.000775,930,1.037,0.0011,"aoml_navis",1031.76456202881
"7901009",93,0,1,0.031773,1,0.009345,1,154.234164934814,1,4.84602223056036,932,1,5.56599998474121,34.8779983520508,0.0317730009555817,0.0144254146143794,148.727096557617,-87.5052,25.5575,73.5079988369051,63,63,63,63,61,63,0,8045,1.29563008188212,26,-88,0.001869,51,2025-11-18 07:17:05.000775,932,1.037,0.0011,"aoml_navis",1031.7740534636
"7901009",93,0,1,0.029904,1,0.007476,1,154.534389733832,1,4.84597494292162,934,1,5.55900001525879,34.8779983520508,0.0299040004611015,0.0129828732460737,149.0166015625,-87.5052,25.5575,73.5079988369051,63,63,63,63,61,63,0,8045,1.29563008188212,26,-88,0.001869,51,2025-11-18 07:17:05.000775,934,1.037,0.0011,"aoml_navis",1031.78412164581
"7901009",93,0,1,0.028035,1,0.005607,1,154.875044320522,1,4.84592427223383,936,1,5.54699993133545,34.8779983520508,0.0280349999666214,0.0115403309464455,149.345092773438,-87.5052,25.5575,73.5079988369051,63,63,63,63,61,63,0,8045,1.29563008188212,26,-88,0.001869,51,2025-11-18 07:17:05.000775,936,1.037,0.0011,"aoml_navis",1031.79491034332
"7901009",93,0,1,0.029904,1,0.007476,1,155.08888704091,1,4.84587293010976,938,1,5.53399991989136,34.8779983520508,0.0299040004611015,0.0129828732460737,149.551300048828,-87.5052,25.5575,73.5079988369051,63,63,63,63,61,63,0,8045,1.29563008188212,26,-88,0.001869,51,2025-11-18 07:17:05.000775,938,1.037,0.0011,"aoml_navis",1031.80584223176
"7901009",93,0,1,0.031773,1,0.009345,1,155.250147301638,1,4.84582195340257,940,1,5.52699995040894,34.8790016174316,0.0317730009555817,0.0144254146143794,149.706802368164,-87.5052,25.5575,73.5079988369051,63,63,63,63,61,63,0,8045,1.29563008188212,26,-88,0.001869,51,2025-11-18 07:17:05.000775,940,1.037,0.0011,"aoml_navis",1031.81669654395
"7901009",93,0,1,0.033642,1,0.011214,1,155.414097606947,1,4.84577467640146,942,1,5.51999998092651,34.8790016174316,0.0336420014500618,0.0158679541200399,149.864898681641,-87.5052,25.5575,73.5079988369051,63,63,63,63,61,63,0,8045,1.29563008188212,26,-88,0.001869,51,2025-11-18 07:17:05.000775,942,1.037,0.0011,"aoml_navis",1031.82676329331
"7901009",93,0,1,0.031773,1,0.009345,1,155.557619397233,1,4.84572942974741,944,1,5.51599979400635,34.8790016174316,0.0317730009555817,0.0144254146143794,150.003295898438,-87.5052,25.5575,73.5079988369051,63,63,63,63,61,63,0,8045,1.29563008188212,26,-88,0.001869,51,2025-11-18 07:17:05.000775,944,1.037,0.0011,"aoml_navis",1031.83639790236
"7901009",93,0,1,0.028035,1,0.005607,1,155.745115504521,1,4.84568283304732,946,1,5.51000022888184,34.8790016174316,0.0280349999666214,0.0115403309464455,150.184097290039,-87.5052,25.5575,73.5079988369051,63,63,63,63,61,63,0,8045,1.29563008188212,26,-88,0.001869,51,2025-11-18 07:17:05.000775,946,1.037,0.0011,"aoml_navis",1031.84632017189
"7901009",93,0,1,0.029904,1,0.007476,1,155.949622187834,1,4.84563691392992,948,1,5.50500011444092,34.8790016174316,0.0299040004611015,0.0129828732460737,150.381301879883,-87.5052,25.5575,73.5079988369051,63,63,63,63,61,63,0,8045,1.29563008188212,26,-88,0.001869,51,2025-11-18 07:17:05.000775,948,1.037,0.0011,"aoml_navis",1031.85609834413
"7901009",93,0,1,0.031773,1,0.009345,1,156.167294265803,1,4.84558055630432,950,1,5.48999977111816,34.8800010681152,0.0317730009555817,0.0144254146143794,150.591201782227,-87.5052,25.5575,73.5079988369051,63,63,63,63,61,63,0,8045,1.29563008188212,26,-88,0.001869,51,2025-11-18 07:17:05.000775,950,1.037,0.0011,"aoml_navis",1031.86809958092
"7901009",93,0,1,0.029904,1,0.007476,1,156.376152491821,1,4.84553126519996,952,1,5.48000001907349,34.8800010681152,0.0299040004611015,0.0129828732460737,150.792602539062,-87.5052,25.5575,73.5079988369051,63,63,63,63,61,63,0,8045,1.29563008188212,26,-88,0.001869,51,2025-11-18 07:17:05.000775,952,1.037,0.0011,"aoml_navis",1031.87859624587
"7901009",93,0,1,0.022428,1,0,1,156.598081169743,1,4.84548332740932,954,1,5.47200012207031,34.8800010681152,0.0224280003458261,0.0072127073071897,151.006607055664,-87.5052,25.5575,73.5079988369051,63,63,63,63,61,63,0,8045,1.29563008188212,26,-88,0.001869,51,2025-11-18 07:17:05.000775,954,1.037,0.0011,"aoml_navis",1031.88880492409
"7901009",93,0,1,0.028035,1,0.005607,1,156.792096679191,1,4.84543674171907,956,1,5.46600008010864,34.8800010681152,0.0280349999666214,0.0115403309464455,151.193695068359,-87.5052,25.5575,73.5079988369051,63,63,63,63,61,63,0,8045,1.29563008188212,26,-88,0.001869,51,2025-11-18 07:17:05.000775,956,1.037,0.0011,"aoml_navis",1031.89872585688
"7901009",93,0,1,0.029904,1,0.007476,1,157.095217232082,1,4.84539150751721,958,1,5.46199989318848,34.8800010681152,0.0299040004611015,0.0129828732460737,151.485992431641,-87.5052,25.5575,73.5079988369051,63,63,63,63,61,63,0,8045,1.29563008188212,26,-88,0.001869,51,2025-11-18 07:17:05.000775,958,1.037,0.0011,"aoml_navis",1031.90835915796
"7901009",93,0,1,0.029904,1,0.007476,1,157.541558923217,1,4.84533719504597,960,1,5.44999980926514,34.8810005187988,0.0299040004611015,0.0129828732460737,151.916397094727,-87.5052,25.5575,73.5079988369051,63,63,63,63,61,63,0,8045,1.29563008188212,26,-88,0.001869,51,2025-11-18 07:17:05.000775,960,1.037,0.0011,"aoml_navis",1031.91992605017
"7901009",93,0,1,0.026166,1,0.003738,1,157.834837077699,1,4.8452858964044,962,1,5.43699979782104,34.8810005187988,0.0261659994721413,0.0100977895781398,152.199203491211,-87.5052,25.5575,73.5079988369051,63,63,63,63,61,63,0,8045,1.29563008188212,26,-88,0.001869,51,2025-11-18 07:17:05.000775,962,1.037,0.0011,"aoml_navis",1031.93085132714
"7901009",93,0,1,0.031773,1,0.009345,1,158.09917351725,1,4.84523092077816,964,1,5.42399978637695,34.8819999694824,0.0317730009555817,0.0144254146143794,152.4541015625,-87.5052,25.5575,73.5079988369051,63,63,63,63,61,63,0,8045,1.29563008188212,26,-88,0.001869,51,2025-11-18 07:17:05.000775,964,1.037,0.0011,"aoml_navis",1031.94255996306
"7901009",93,0,1,0.024297,1,0.001869,1,158.214070068437,1,4.8451836734794,966,1,5.41699981689453,34.8819999694824,0.0242970008403063,0.0086552482098341,152.564895629883,-87.5052,25.5575,73.5079988369051,63,63,63,63,61,63,0,8045,1.29563008188212,26,-88,0.001869,51,2025-11-18 07:17:05.000775,966,1.037,0.0011,"aoml_navis",1031.95262284235
"7901009",93,0,1,0.031773,1,0.009345,1,158.359158414097,1,4.84513777526121,968,1,5.41200017929077,34.8819999694824,0.0317730009555817,0.0144254146143794,152.704803466797,-87.5052,25.5575,73.5079988369051,63,63,63,63,61,63,0,8045,1.29563008188212,26,-88,0.001869,51,2025-11-18 07:17:05.000775,968,1.037,0.0011,"aoml_navis",1031.96239857812
"7901009",93,0,1,0.028035,1,0.005607,1,158.54374294372,1,4.84509187852975,970,1,5.40700006484985,34.8819999694824,0.0280349999666214,0.0115403309464455,152.882797241211,-87.5052,25.5575,73.5079988369051,63,63,63,63,61,63,0,8045,1.29563008188212,26,-88,0.001869,51,2025-11-18 07:17:05.000775,970,1.037,0.0011,"aoml_navis",1031.97217418243
"7901009",93,0,1,0.028035,1,0.005607,1,158.709560456444,1,4.8450466568502,972,1,5.40299987792969,34.8819999694824,0.0280349999666214,0.0115403309464455,153.042694091797,-87.5052,25.5575,73.5079988369051,63,63,63,63,61,63,0,8045,1.29563008188212,26,-88,0.001869,51,2025-11-18 07:17:05.000775,972,1.037,0.0011,"aoml_navis",1031.98180618771
"7901009",93,0,1,0.029904,1,0.007476,1,158.917073660172,1,4.84499640804989,974,1,5.39699983596802,34.882999420166,0.0299040004611015,0.0129828732460737,153.242797851562,-87.5052,25.5575,73.5079988369051,63,63,63,63,61,63,0,8045,1.29563008188212,26,-88,0.001869,51,2025-11-18 07:17:05.000775,974,1.037,0.0011,"aoml_navis",1031.99250915699
"7901009",93,0,1,0.029904,1,0.007476,1,159.027729435196,1,4.84494984371845,976,1,5.39099979400635,34.882999420166,0.0299040004611015,0.0129828732460737,153.349502563477,-87.5052,25.5575,73.5079988369051,63,63,63,63,61,63,0,8045,1.29563008188212,26,-88,0.001869,51,2025-11-18 07:17:05.000775,976,1.037,0.0011,"aoml_navis",1032.00242753443
"7901009",93,0,1,0.028035,1,0.005607,1,159.168355471609,1,4.84490597396945,978,1,5.38899993896484,34.882999420166,0.0280349999666214,0.0115403309464455,153.485107421875,-87.5052,25.5575,73.5079988369051,63,63,63,63,61,63,0,8045,1.29563008188212,26,-88,0.001869,51,2025-11-18 07:17:05.000775,978,1.037,0.0011,"aoml_navis",1032.01177213012
"7901009",93,0,1,0.029904,1,0.007476,1,163.340108255224,1,4.8443805698349,1000,1,5.31409978866577,34.8849983215332,0.0299040004611015,0.0129828732460737,157.507904052734,-87.5052,25.5575,73.5079988369051,63,63,63,63,61,63,0,8045,1.29563008188212,26,-88,0.001869,51,2025-11-18 07:17:05.000775,1000,1.037,0.0011,"aoml_navis",1032.12370042397
"7901009",93,0,1,0.029904,1,0.007476,1,169.602294682642,1,4.84318468993916,1049.40002441406,1,5.1286997795105,34.890998840332,0.0299040004611015,0.0129828732460737,163.546493530273,-87.5052,25.5575,73.5079988369051,63,63,63,63,61,63,0,8045,1.29563008188212,26,-88,0.001869,51,2025-11-18 07:17:05.000775,1049.40002441406,1.037,0.0011,"aoml_navis",1032.3785525641
"7901009",93,0,1,0.029904,1,0.007476,1,176.403344510985,1,4.84195862719375,1099.80004882812,1,4.92759990692139,34.8969993591309,0.0299040004611015,0.0129828732460737,170.104705810547,-87.5052,25.5575,73.5079988369051,63,63,63,63,61,63,0,8045,1.29563008188212,26,-88,0.001869,51,2025-11-18 07:17:05.000775,1099.80004882812,1.037,0.0011,"aoml_navis",1032.63996761943
"7901009",93,0,1,0.031773,1,0.009345,1,182.237133427002,1,4.84077096447025,1149.5,1,4.76539993286133,34.9039993286133,0.0317730009555817,0.0144254146143794,175.730194091797,-87.5052,25.5575,73.5079988369051,63,63,63,63,61,63,0,8045,1.29563008188212,26,-88,0.001869,51,2025-11-18 07:17:05.000775,1149.5,1.037,0.0011,"aoml_navis",1032.89332147677
"7901009",93,0,1,0.028035,1,0.005607,1,186.051126105151,1,4.83960092761124,1199.59997558594,1,4.62979984283447,34.9090003967285,0.0280349999666214,0.0115403309464455,179.408004760742,-87.5052,25.5575,73.5079988369051,63,63,63,63,61,63,0,8045,1.29563008188212,26,-88,0.001869,51,2025-11-18 07:17:05.000775,1199.59997558594,1.037,0.0011,"aoml_navis",1033.14303695448
"7901009",93,0,1,0.029904,1,0.007476,1,189.420106290664,1,4.83848381938215,1249.5,1,4.55530023574829,34.9119987487793,0.0299040004611015,0.0129828732460737,182.656692504883,-87.5052,25.5575,73.5079988369051,63,63,63,63,61,63,0,8045,1.29563008188212,26,-88,0.001869,51,2025-11-18 07:17:05.000775,1249.5,1.037,0.0011,"aoml_navis",1033.38156882345
"7901009",93,0,1,0.033642,1,0.011214,1,192.600894122057,1,4.83738486099863,1299,1,4.49380016326904,34.9150009155273,0.0336420014500618,0.0158679541200399,185.723907470703,-87.5052,25.5575,73.5079988369051,63,63,63,63,61,63,0,8045,1.29563008188212,26,-88,0.001869,51,2025-11-18 07:17:05.000775,1299,1.037,0.0011,"aoml_navis",1033.616332724
"7901009",93,0,1,0.028035,1,0.005607,1,195.004717959533,1,4.83628137136051,1349.30004882812,1,4.44920015335083,34.9179992675781,0.0280349999666214,0.0115403309464455,188.041900634766,-87.5052,25.5575,73.5079988369051,63,63,63,63,61,63,0,8045,1.29563008188212,26,-88,0.001869,51,2025-11-18 07:17:05.000775,1349.30004882812,1.037,0.0011,"aoml_navis",1033.85217196191
"7901009",93,0,1,0.022428,1,0,1,196.261174488096,1,4.83519169442237,1399.40002441406,1,4.41160011291504,34.9199981689453,0.0224280003458261,0.0072127073071897,189.253494262695,-87.5052,25.5575,73.5079988369051,63,63,63,63,61,63,0,8045,1.29563008188212,26,-88,0.001869,51,2025-11-18 07:17:05.000775,1399.40002441406,1.037,0.0011,"aoml_navis",1034.0851647656
"7901009",93,0,1,0.024297,1,0.001869,1,197.145771912832,1,4.83410516350504,1449.90002441406,1,4.38390016555786,34.9210014343262,0.0242970008403063,0.0086552482098341,190.106506347656,-87.5052,25.5575,73.5079988369051,63,63,63,63,61,63,0,8045,1.29563008188212,26,-88,0.001869,51,2025-11-18 07:17:05.000775,1449.90002441406,1.037,0.0011,"aoml_navis",1034.31758947806
"7901009",93,0,1,0.026166,1,0.003738,1,198.202500543161,1,4.83305870897692,1499.09997558594,1,4.36759996414185,34.9210014343262,0.0261659994721413,0.0100977895781398,191.125503540039,-87.5052,25.5575,73.5079988369051,63,63,63,63,61,63,0,8045,1.29563008188212,26,-88,0.001869,51,2025-11-18 07:17:05.000775,1499.09997558594,1.037,0.0011,"aoml_navis",1034.54154006303
"7901009",93,0,1,0.026166,1,0.003738,1,199.352462953904,1,4.83199201391687,1548.90002441406,1,4.34880018234253,34.9230003356934,0.0261659994721413,0.0100977895781398,192.234405517578,-87.5052,25.5575,73.5079988369051,63,63,63,63,61,63,0,8045,1.29563008188212,26,-88,0.001869,51,2025-11-18 07:17:05.000775,1548.90002441406,1.037,0.0011,"aoml_navis",1034.76992213548
"7901009",93,0,1,0.031773,1,0.009345,1,200.558409939514,1,4.83091587285876,1599.80004882812,1,4.33720016479492,34.9230003356934,0.0317730009555817,0.0144254146143794,193.39729309082,-87.5052,25.5575,73.5079988369051,63,63,63,63,61,63,0,8045,1.29563008188212,26,-88,0.001869,51,2025-11-18 07:17:05.000775,1599.80004882812,1.037,0.0011,"aoml_navis",1035.00042881955
"7901009",93,0,1,0.028035,1,0.005607,1,201.098080353813,1,4.82985266532672,1650,1,4.32620000839233,34.923999786377,0.0280349999666214,0.0115403309464455,193.917694091797,-87.5052,25.5575,73.5079988369051,63,63,63,63,61,63,0,8045,1.29563008188212,26,-88,0.001869,51,2025-11-18 07:17:05.000775,1650,1.037,0.0011,"aoml_navis",1035.22826604935
"7901009",93,0,1,0.031773,1,0.009345,1,201.653827740432,1,4.82881711199698,1699.19995117188,1,4.32280015945435,34.9249992370605,0.0317730009555817,0.0144254146143794,194.453598022461,-87.5052,25.5575,73.5079988369051,63,63,63,63,61,63,0,8045,1.29563008188212,26,-88,0.001869,51,2025-11-18 07:17:05.000775,1699.19995117188,1.037,0.0011,"aoml_navis",1035.45027364522
"7901009",93,0,1,0.024297,1,0.001869,1,202.288804851853,1,4.82777540257785,1748.90002441406,1,4.31820011138916,34.9249992370605,0.0242970008403063,0.0086552482098341,195.065902709961,-87.5052,25.5575,73.5079988369051,63,63,63,63,61,63,0,8045,1.29563008188212,26,-88,0.001869,51,2025-11-18 07:17:05.000775,1748.90002441406,1.037,0.0011,"aoml_navis",1035.67369710906
"7901009",93,0,1,0.026166,1,0.003738,1,202.844330705389,1,4.82671634360181,1799.40002441406,1,4.3157000541687,34.9259986877441,0.0261659994721413,0.0100977895781398,195.601593017578,-87.5052,25.5575,73.5079988369051,63,63,63,63,61,63,0,8045,1.29563008188212,26,-88,0.001869,51,2025-11-18 07:17:05.000775,1799.40002441406,1.037,0.0011,"aoml_navis",1035.90094052821
"7901009",93,0,1,0.031773,1,0.009345,1,203.032760416384,1,4.82566636693805,1849.69995117188,1,4.31279993057251,34.9259986877441,0.0317730009555817,0.0144254146143794,195.783294677734,-87.5052,25.5575,73.5079988369051,63,63,63,63,61,63,0,8045,1.29563008188212,26,-88,0.001869,51,2025-11-18 07:17:05.000775,1849.69995117188,1.037,0.0011,"aoml_navis",1036.12633360987
"7901009",93,0,1,0.024297,1,0.001869,1,203.199828008648,1,4.8246339019637,1899.30004882812,1,4.31190013885498,34.9259986877441,0.0242970008403063,0.0086552482098341,195.944396972656,-87.5052,25.5575,73.5079988369051,63,63,63,63,61,63,0,8045,1.29563008188212,26,-88,0.001869,51,2025-11-18 07:17:05.000775,1899.30004882812,1.037,0.0011,"aoml_navis",1036.34806321054
"7901009",93,0,1,0.031773,1,0.009345,1,203.474639798273,1,4.82358386000251,1949.59997558594,1,4.30970001220703,34.9269981384277,0.0317730009555817,0.0144254146143794,196.209396362305,-87.5052,25.5575,73.5079988369051,63,63,63,63,61,63,0,8045,1.29563008188212,26,-88,0.001869,51,2025-11-18 07:17:05.000775,1949.59997558594,1.037,0.0011,"aoml_navis",1036.57366495902
"7901009",93,0,1,0.029904,1,0.007476,1,203.055989742529,1,4.82253599897064,2000.09997558594,1,4.30910015106201,34.9269981384277,0.0299040004611015,0.0129828732460737,195.805694580078,-87.5052,25.5575,73.5079988369051,63,63,63,63,61,63,0,8045,1.29563008188212,26,-88,0.001869,51,2025-11-18 07:17:05.000775,2000.09997558594,1.037,0.0011,"aoml_navis",1036.79889607195
"7901009",94,0.187657959874075,5,0.188769,1,0.166341,1,190.979236129219,1,4.88655057948892,2,1,27.9899997711182,36.0769996643066,0.188768997788429,0.55317085981369,184.160095214844,-87.2241,26.1587,56.0547640447004,63,63,63,63,61,63,0.250446,8046,1.33458767306251,26,-87,0.001869,51,2025-11-28 13:58:41.001479,2,1.037,0.0011,"aoml_navis",1023.21666759928
"7901009",94,0.187657959874075,5,0.185031,1,0.162603,1,190.955500434393,1,4.88651439684662,4,1,27.9930000305176,36.0769996643066,0.185030996799469,0.55317085981369,184.13720703125,-87.2241,26.1587,56.0547640447004,63,63,63,63,61,63,0.250446,8046,1.33458767306251,26,-87,0.001869,51,2025-11-28 13:58:41.001479,4,1.037,0.0011,"aoml_navis",1023.22424410058
"7901009",94,0.187657959874075,5,0.196245,1,0.173817,1,190.957146109234,1,4.88646615715458,5.90000009536743,1,27.9869995117188,36.0769996643066,0.19624499976635,0.55317085981369,184.138793945312,-87.2241,26.1587,56.0547640447004,63,63,63,63,61,63,0.250446,8046,1.33458767306251,26,-87,0.001869,51,2025-11-28 13:58:41.001479,5.90000009536743,1.037,0.0011,"aoml_navis",1023.23434547463
"7901009",94,0.187657959874075,5,0.209328,1,0.1869,1,191.022593331767,1,4.88641694873847,8.10000038146973,1,27.9820003509521,36.076000213623,0.20932799577713,0.55317085981369,184.201904296875,-87.2241,26.1587,56.0547640447004,63,63,63,63,61,63,0.250446,8046,1.33458767306251,26,-87,0.001869,51,2025-11-28 13:58:41.001479,8.10000038146973,1.037,0.0011,"aoml_navis",1023.24464990464
"7901009",94,0.187657959874075,5,0.199983,1,0.177555,1,190.967732229127,1,4.88636823660762,10.1000003814697,1,27.9769992828369,36.076000213623,0.19998300075531,0.55317085981369,184.149002075195,-87.2241,26.1587,56.0547640447004,63,63,63,63,61,63,0.250446,8046,1.33458767306251,26,-87,0.001869,51,2025-11-28 13:58:41.001479,10.1000003814697,1.037,0.0011,"aoml_navis",1023.25485061504
"7901009",94,0.187657959874075,5,0.20559,1,0.183162,1,190.923757898513,1,4.88634773123455,12.1000003814697,1,27.9899997711182,36.076000213623,0.20558999478817,0.55317085981369,184.106597900391,-87.2241,26.1587,56.0547640447004,63,63,63,63,61,63,0.250446,8046,1.33458767306251,26,-87,0.001869,51,2025-11-28 13:58:41.001479,12.1000003814697,1.037,0.0011,"aoml_navis",1023.25914466524
"7901009",94,0.187657959874075,5,0.203721,1,0.181293,1,190.882695146464,1,4.88630826956766,13.8999996185303,1,27.9860000610352,36.0750007629395,0.20372100174427,0.55317085981369,184.067001342773,-87.2241,26.1587,56.0547640447004,63,63,63,63,61,63,0.250446,8046,1.33458767306251,26,-87,0.001869,51,2025-11-28 13:58:41.001479,13.8999996185303,1.037,0.0011,"aoml_navis",1023.26740847286
"7901009",94,0.187657959874075,5,0.207459,1,0.185031,1,190.913915497058,1,4.88627051295462,16,1,27.9869995117188,36.0740013122559,0.207459002733231,0.55317085981369,184.097106933594,-87.2241,26.1587,56.0547640447004,63,63,63,63,61,63,0.250446,8046,1.33458767306251,26,-87,0.001869,51,2025-11-28 13:58:41.001479,16,1.037,0.0011,"aoml_navis",1023.27531534406
"7901009",94,0.187657959874075,5,0.203721,1,0.181293,1,190.945025081077,1,4.88622964503372,18,1,27.9869995117188,36.0740013122559,0.20372100174427,0.55317085981369,184.127105712891,-87.2241,26.1587,56.0547640447004,63,63,63,63,61,63,0.250446,8046,1.33458767306251,26,-87,0.001869,51,2025-11-28 13:58:41.001479,18,1.037,0.0011,"aoml_navis",1023.28387391328
"7901009",94,0.187657959874075,5,0.20559,1,0.183162,1,190.862472334472,1,4.88618741172623,20,1,27.9930000305176,36.0769996643066,0.20558999478817,0.55317085981369,184.047500610352,-87.2241,26.1587,56.0547640447004,63,63,63,63,61,63,0.250446,8046,1.33458767306251,26,-87,0.001869,51,2025-11-28 13:58:41.001479,20,1.037,0.0011,"aoml_navis",1023.29271857249
"7901009",94,0.187657959874075,5,0.211197,1,0.188769,1,190.87688781313,1,4.88615059430293,22,1,27.9909992218018,36.0750007629395,0.211197003722191,0.55317085981369,184.061401367188,-87.2241,26.1587,56.0547640447004,63,63,63,63,61,63,0.250446,8046,1.33458767306251,26,-87,0.001869,51,2025-11-28 13:58:41.001479,22,1.037,0.0011,"aoml_navis",1023.30042914146
"7901009",94,0.187657959874075,5,0.216804,1,0.194376,1,190.854069898504,1,4.88611489382169,24,1,27.992000579834,36.0740013122559,0.216803997755051,0.55317085981369,184.039398193359,-87.2241,26.1587,56.0547640447004,63,63,63,63,61,63,0.250446,8046,1.33458767306251,26,-87,0.001869,51,2025-11-28 13:58:41.001479,24,1.037,0.0011,"aoml_navis",1023.30790590338
"7901009",94,0.187657959874075,5,0.231756,1,0.209328,1,190.806788394411,1,4.88606842136169,26,1,27.9930000305176,36.076000213623,0.231756001710892,0.55317085981369,183.993804931641,-87.2241,26.1587,56.0547640447004,63,63,63,63,61,63,0.250446,8046,1.33458767306251,26,-87,0.001869,51,2025-11-28 13:58:41.001479,26,1.037,0.0011,"aoml_navis",1023.31763880755
"7901009",94,0.187657959874075,5,0.220542,1,0.198114,1,190.832502063806,1,4.88603474628895,28,1,27.9930000305176,36.0740013122559,0.220541998744011,0.55317085981369,184.018600463867,-87.2241,26.1587,56.0547640447004,63,63,63,63,61,63,0.250446,8046,1.33458767306251,26,-87,0.001869,51,2025-11-28 13:58:41.001479,28,1.037,0.0011,"aoml_navis",1023.32469162189
"7901009",94,0.187657959874075,5,0.231756,1,0.209328,1,190.807089046545,1,4.88599343917082,30,1,27.9950008392334,36.0750007629395,0.231756001710892,0.55317085981369,183.994094848633,-87.2241,26.1587,56.0547640447004,63,63,63,63,61,63,0.250446,8046,1.33458767306251,26,-87,0.001869,51,2025-11-28 13:58:41.001479,30,1.037,0.0011,"aoml_navis",1023.33334300353
"7901009",94,0.187657959874075,5,0.218673,1,0.196245,1,190.867551773165,1,4.88595413578237,32.0999984741211,1,27.9950008392334,36.0740013122559,0.218673005700111,0.55317085981369,184.052398681641,-87.2241,26.1587,56.0547640447004,63,63,63,63,61,63,0.250446,8046,1.33458767306251,26,-87,0.001869,51,2025-11-28 13:58:41.001479,32.0999984741211,1.037,0.0011,"aoml_navis",1023.34157485892
"7901009",94,0.187657959874075,5,0.222411,1,0.199983,1,190.865890274527,1,4.88590233237481,34,1,27.9890003204346,36.0750007629395,0.222411006689072,0.55317085981369,184.050796508789,-87.2241,26.1587,56.0547640447004,63,63,63,63,61,63,0.250446,8046,1.33458767306251,26,-87,0.001869,51,2025-11-28 13:58:41.001479,34,1.037,0.0011,"aoml_navis",1023.35242496952
"7901009",94,0.187657959874075,5,0.218673,1,0.196245,1,190.732020955709,1,4.88587606949873,35.9000015258789,1,27.9969997406006,36.0750007629395,0.218673005700111,0.55317085981369,183.92170715332,-87.2241,26.1587,56.0547640447004,63,63,63,63,61,63,0.250446,8046,1.33458767306251,26,-87,0.001869,51,2025-11-28 13:58:41.001479,35.9000015258789,1.037,0.0011,"aoml_navis",1023.35792575946
"7901009",94,0.187657959874075,5,0.233625,1,0.211197,1,190.715627502483,1,4.88584102553158,38,1,28.0020008087158,36.0750007629395,0.233624994754791,0.55317085981369,183.905899047852,-87.2241,26.1587,56.0547640447004,63,63,63,63,61,63,0.250446,8046,1.33458767306251,26,-87,0.001869,51,2025-11-28 13:58:41.001479,38,1.037,0.0011,"aoml_navis",1023.36526585124
"7901009",94,0.187657959874075,5,0.222411,1,0.199983,1,190.71054806379,1,4.88579659462485,40,1,28.0020008087158,36.076000213623,0.222411006689072,0.55317085981369,183.901000976562,-87.2241,26.1587,56.0547640447004,63,63,63,63,61,63,0.250446,8046,1.33458767306251,26,-87,0.001869,51,2025-11-28 13:58:41.001479,40,1.037,0.0011,"aoml_navis",1023.37457222447
"7901009",94,0.187657959874075,5,0.228018,1,0.20559,1,190.674659693214,1,4.88575484979736,42,1,28.0060005187988,36.0779991149902,0.228018000721931,0.55317085981369,183.866394042969,-87.2241,26.1587,56.0547640447004,63,63,63,63,61,63,0.250446,8046,1.33458767306251,26,-87,0.001869,51,2025-11-28 13:58:41.001479,42,1.037,0.0011,"aoml_navis",1023.38331613331
"7901009",94,0.187657959874075,5,0.246708,1,0.22428,1,190.570032750421,1,4.88571401372357,44,1,28.0060005187988,36.0779991149902,0.246708005666733,0.55317085981369,183.765502929688,-87.2241,26.1587,56.0547640447004,63,63,63,63,61,63,0.250446,8046,1.33458767306251,26,-87,0.001869,51,2025-11-28 13:58:41.001479,44,1.037,0.0011,"aoml_navis",1023.39186983835
"7901009",94,0.187657959874075,5,0.231756,1,0.209328,1,190.61430773317,1,4.88566959071714,46,1,28.0060005187988,36.0789985656738,0.231756001710892,0.55317085981369,183.808197021484,-87.2241,26.1587,56.0547640447004,63,63,63,63,61,63,0.250446,8046,1.33458767306251,26,-87,0.001869,51,2025-11-28 13:58:41.001479,46,1.037,0.0011,"aoml_navis",1023.40117504059
"7901009",94,0.187657959874075,5,0.235494,1,0.213066,1,190.54338547703,1,4.88563234859321,48,1,28.0060005187988,36.0779991149902,0.235494002699852,0.55317085981369,183.739807128906,-87.2241,26.1587,56.0547640447004,63,63,63,63,61,63,0.250446,8046,1.33458767306251,26,-87,0.001869,51,2025-11-28 13:58:41.001479,48,1.037,0.0011,"aoml_navis",1023.4089762075
"7901009",94,0.187657959874075,5,0.229887,1,0.207459,1,190.547737021081,1,4.88559151953621,50,1,28.0060005187988,36.0779991149902,0.229886993765831,0.55317085981369,183.744003295898,-87.2241,26.1587,56.0547640447004,63,63,63,63,61,63,0.250446,8046,1.33458767306251,26,-87,0.001869,51,2025-11-28 13:58:41.001479,50,1.037,0.0011,"aoml_navis",1023.41752887164
"7901009",94,0.187657959874075,5,0.231756,1,0.209328,1,190.518288935701,1,4.88555021943374,52.0999984741211,1,28.0069999694824,36.0779991149902,0.231756001710892,0.55317085981369,183.715606689453,-87.2241,26.1587,56.0547640447004,63,63,63,63,61,63,0.250446,8046,1.33458767306251,26,-87,0.001869,51,2025-11-28 13:58:41.001479,52.0999984741211,1.037,0.0011,"aoml_navis",1023.42618035344
"7901009",94,0.187657959874075,5,0.233625,1,0.211197,1,190.276659562374,1,4.88550314732235,53.9000015258789,1,28.0049991607666,36.0800018310547,0.233624994754791,0.55317085981369,183.482604980469,-87.2241,26.1587,56.0547640447004,63,63,63,63,61,63,0.250446,8046,1.33458767306251,26,-87,0.001869,51,2025-11-28 13:58:41.001479,53.9000015258789,1.037,0.0011,"aoml_navis",1023.43604112514
"7901009",94,0.187657959874075,5,0.272874,1,0.250446,1,189.267829237089,1,4.88536358692474,56,1,27.996000289917,36.1030006408691,0.272873997688293,0.55317085981369,182.509796142578,-87.2241,26.1587,56.0547640447004,63,63,63,63,61,63,0.250446,8046,1.33458767306251,26,-87,0.001869,51,2025-11-28 13:58:41.001479,56,1.037,0.0011,"aoml_navis",1023.46527766778
"7901009",94,0.256279154156386,1,0.364455,1,0.342027,1,187.778968219646,1,4.88514216914114,58,1,27.9769992828369,36.1450004577637,0.364455014467239,0.55317085981369,181.074096679688,-87.2241,26.1587,56.0547640447004,63,63,63,63,61,63,0.342027,8046,1.33458767306251,26,-87,0.001869,51,2025-11-28 13:58:41.001479,58,1.037,0.0011,"aoml_navis",1023.51166596223
"7901009",94,0.298292130247597,1,0.420525,1,0.398097,1,185.652439848808,1,4.88497260809108,60,1,27.9589996337891,36.1730003356934,0.420525014400482,0.55317085981369,179.023498535156,-87.2241,26.1587,56.0547640447004,63,63,63,63,61,63,0.398097,8046,1.33458767306251,26,-87,0.001869,51,2025-11-28 13:58:41.001479,60,1.037,0.0011,"aoml_navis",1023.54719281709
"7901009",94,0.420129760912108,1,0.583128,1,0.5607,1,180.996809899089,1,4.88449922334478,62,1,27.8959999084473,36.265998840332,0.583127975463867,0.55317085981369,174.534103393555,-87.2241,26.1587,56.0547640447004,63,63,63,63,61,63,0.5607,8046,1.33458767306251,26,-87,0.001869,51,2025-11-28 13:58:41.001479,62,1.037,0.0011,"aoml_navis",1023.64639062756
"7901009",94,0.579779070058709,1,0.796194,1,0.773766,1,177.077983388154,1,4.8837872943069,64,1,27.6870002746582,36.3619995117188,0.796194016933441,0.55317085981369,170.75520324707,-87.2241,26.1587,56.0547640447004,63,63,63,63,61,63,0.773766,8046,1.33458767306251,26,-87,0.001869,51,2025-11-28 13:58:41.001479,64,1.037,0.0011,"aoml_navis",1023.79561162063
"7901009",94,0.628794208831788,1,0.861609,1,0.839181,1,176.481995914874,1,4.8834713036755,66,1,27.5170001983643,36.3650016784668,0.861608982086182,0.55317085981369,170.18049621582,-87.2241,26.1587,56.0547640447004,63,63,63,63,61,63,0.839181,8046,1.33458767306251,26,-87,0.001869,51,2025-11-28 13:58:41.001479,66,1.037,0.0011,"aoml_navis",1023.86185749403
"7901009",94,0.54616868918574,1,0.751338,1,0.72891,1,175.420598937448,1,4.88317762249913,68,1,27.3770008087158,36.375,0.751338005065918,0.55317085981369,169.156997680664,-87.2241,26.1587,56.0547640447004,63,63,63,63,61,63,0.72891,8046,1.33458767306251,26,-87,0.001869,51,2025-11-28 13:58:41.001479,68,1.037,0.0011,"aoml_navis",1023.92343398745
"7901009",94,0.544768256649366,1,0.749469,1,0.727041,1,175.164348376108,1,4.88296383653687,70,1,27.2859992980957,36.3839988708496,0.749468982219696,0.551770389080048,168.909896850586,-87.2241,26.1587,56.0547640447004,63,63,63,63,61,63,0.727041,8046,1.33458767306251,26,-87,0.001869,51,2025-11-28 13:58:41.001479,70,1.037,0.0011,"aoml_navis",1023.96826341154
"7901009",94,0.532164363822003,1,0.732648,1,0.71022,1,174.823994336102,1,4.8829085930026,72,1,27.2719993591309,36.3819999694824,0.732648015022278,0.539166569709778,168.581695556641,-87.2241,26.1587,56.0547640447004,63,63,63,63,61,63,0.71022,8046,1.33458767306251,26,-87,0.001869,51,2025-11-28 13:58:41.001479,72,1.037,0.0011,"aoml_navis",1023.97984823333
"7901009",94,0.499954415485408,1,0.689661,1,0.667233,1,173.658381834594,1,4.88272027585895,73.9000015258789,1,27.181999206543,36.3849983215332,0.689661026000977,0.506956577301025,167.457702636719,-87.2241,26.1587,56.0547640447004,63,63,63,63,61,63,0.667233,8046,1.33458767306251,26,-87,0.001869,51,2025-11-28 13:58:41.001479,73.9000015258789,1.037,0.0011,"aoml_navis",1024.01934116949
"7901009",94,0.457941439394198,1,0.633591,1,0.611163,1,172.370498857139,1,4.88230266426647,76,1,27.0130004882812,36.4169998168945,0.633590996265411,0.464943617582321,166.215805053711,-87.2241,26.1587,56.0547640447004,63,63,63,63,61,63,0.611163,8046,1.33458767306251,26,-87,0.001869,51,2025-11-28 13:58:41.001479,76,1.037,0.0011,"aoml_navis",1024.106931468
"7901009",94,0.459341871930571,1,0.63546,1,0.613032,1,171.829372486499,1,4.88197354421253,78.1999969482422,1,26.9260005950928,36.4589996337891,0.635460019111633,0.466344058513641,165.694000244141,-87.2241,26.1587,56.0547640447004,63,63,63,63,61,63,0.613032,8046,1.33458767306251,26,-87,0.001869,51,2025-11-28 13:58:41.001479,78.1999969482422,1.037,0.0011,"aoml_navis",1024.17597201595
"7901009",94,0.487350522658045,1,0.67284,1,0.650412,1,171.31365913312,1,4.88188254358319,80.0999984741211,1,26.9130001068115,36.4679985046387,0.672839999198914,0.494352698326111,165.196701049805,-87.2241,26.1587,56.0547640447004,63,63,63,63,61,63,0.650412,8046,1.33458767306251,26,-87,0.001869,51,2025-11-28 13:58:41.001479,80.0999984741211,1.037,0.0011,"aoml_navis",1024.19506314671
"7901009",94,0.436934951348592,1,0.605556,1,0.583128,1,169.524573223723,1,4.88170087521358,81.8000030517578,1,26.8309993743896,36.4739990234375,0.605556011199951,0.443937122821808,163.471496582031,-87.2241,26.1587,56.0547640447004,63,63,63,63,61,63,0.583128,8046,1.33458767306251,26,-87,0.001869,51,2025-11-28 13:58:41.001479,81.8000030517578,1.037,0.0011,"aoml_navis",1024.23317769982
"7901009",94,0.380917649893644,1,0.530796,1,0.508368,1,166.710184416832,1,4.8805829437662,84.0999984741211,1,26.3269996643066,36.5589981079102,0.530795991420746,0.387919813394547,160.757598876953,-87.2241,26.1587,56.0547640447004,63,63,63,63,61,63,0.508368,8046,1.33458767306251,26,-87,0.001869,51,2025-11-28 13:58:41.001479,84.0999984741211,1.037,0.0011,"aoml_navis",1024.46778542844
"7901009",94,0.392121110184634,1,0.545748,1,0.52332,1,165.991008687405,1,4.88029405667726,85.9000015258789,1,26.2169990539551,36.5830001831055,0.545747995376587,0.399123281240463,160.064102172852,-87.2241,26.1587,56.0547640447004,63,63,63,63,61,63,0.52332,8046,1.33458767306251,26,-87,0.001869,51,2025-11-28 13:58:41.001479,85.9000015258789,1.037,0.0011,"aoml_navis",1024.52842839643
"7901009",94,0.368313757066281,1,0.513975,1,0.491547,1,164.651587604585,1,4.87987130973863,88,1,25.988000869751,36.5929985046387,0.513975024223328,0.37531590461731,158.772506713867,-87.2241,26.1587,56.0547640447004,63,63,63,63,61,63,0.491547,8046,1.33458767306251,26,-87,0.001869,51,2025-11-28 13:58:41.001479,88,1.037,0.0011,"aoml_navis",1024.61718406828
"7901009",94,0.334703376193313,1,0.469119,1,0.446691,1,164.194359003257,1,4.87945756547226,90,1,25.7600002288818,36.6020011901855,0.469119012355804,0.341705530881882,158.331604003906,-87.2241,26.1587,56.0547640447004,63,63,63,63,61,63,0.446691,8046,1.33458767306251,26,-87,0.001869,51,2025-11-28 13:58:41.001479,90,1.037,0.0011,"aoml_navis",1024.70406452158
"7901009",94,0.341705538875181,1,0.478464,1,0.456036,1,163.990168732568,1,4.8792459449507,92,1,25.6040000915527,36.5849990844727,0.478464007377625,0.34870770573616,158.134704589844,-87.2241,26.1587,56.0547640447004,63,63,63,63,61,63,0.456036,8046,1.33458767306251,26,-87,0.001869,51,2025-11-28 13:58:41.001479,92,1.037,0.0011,"aoml_navis",1024.74850753819
"7901009",94,0.266082181911002,1,0.377538,1,0.35511,1,163.070220672508,1,4.87892631777741,94.0999984741211,1,25.3999996185303,36.5779991149902,0.377537995576859,0.273084342479706,157.247604370117,-87.2241,26.1587,56.0547640447004,63,63,63,63,61,63,0.35511,8046,1.33458767306251,26,-87,0.001869,51,2025-11-28 13:58:41.001479,94.0999984741211,1.037,0.0011,"aoml_navis",1024.81564064237
"7901009",94,0.236673098647154,1,0.338289,1,0.315861,1,160.581548893814,1,4.8783870877351,96,1,25.2849998474121,36.6699981689453,0.338288992643356,0.243675261735916,154.847793579102,-87.2241,26.1587,56.0547640447004,63,63,63,63,61,63,0.315861,8046,1.33458767306251,26,-87,0.001869,51,2025-11-28 13:58:41.001479,96,1.037,0.0011,"aoml_navis",1024.9289181194
"7901009",94,0.232471801038033,1,0.332682,1,0.310254,1,159.311610101648,1,4.87794659652586,98,1,25.181999206543,36.7389984130859,0.332682013511658,0.239473968744278,153.623199462891,-87.2241,26.1587,56.0547640447004,63,63,63,63,61,63,0.310254,8046,1.33458767306251,26,-87,0.001869,51,2025-11-28 13:58:41.001479,98,1.037,0.0011,"aoml_navis",1025.02147185479
"7901009",94,0.226870070892538,1,0.325206,1,0.302778,1,159.056704563015,1,4.87779393638783,100,1,25.0960006713867,36.7350006103516,0.325206011533737,0.23387223482132,153.377395629883,-87.2241,26.1587,56.0547640447004,63,63,63,63,61,63,0.302778,8046,1.33458767306251,26,-87,0.001869,51,2025-11-28 13:58:41.001479,100,1.037,0.0011,"aoml_navis",1025.05355191422
"7901009",94,0.229670935965286,1,0.328944,1,0.306516,1,158.77152810158,1,4.87772923540642,102,1,25.0650005340576,36.7290000915527,0.328943997621536,0.236673101782799,153.102401733398,-87.2241,26.1587,56.0547640447004,63,63,63,63,61,63,0.306516,8046,1.33458767306251,26,-87,0.001869,51,2025-11-28 13:58:41.001479,102,1.037,0.0011,"aoml_navis",1025.06714880893
"7901009",94,0.218467475674296,1,0.313992,1,0.291564,1,157.99562406152,1,4.87760426492892,104,1,24.9780006408691,36.7169990539551,0.313991993665695,0.225469648838043,152.354202270508,-87.2241,26.1587,56.0547640447004,63,63,63,63,61,63,0.291564,8046,1.33458767306251,26,-87,0.001869,51,2025-11-28 13:58:41.001479,104,1.037,0.0011,"aoml_navis",1025.09341234407
"7901009",94,0.204463150310559,1,0.295302,1,0.272874,1,155.865566984051,1,4.87736507681121,106,1,24.8470001220703,36.7190017700195,0.295302003622055,0.211465299129486,150.300201416016,-87.2241,26.1587,56.0547640447004,63,63,63,63,61,63,0.272874,8046,1.33458767306251,26,-87,0.001869,51,2025-11-28 13:58:41.001479,106,1.037,0.0011,"aoml_navis",1025.1436833736
"7901009",94,0.159649309146601,1,0.235494,1,0.213066,1,154.282744262691,1,4.87669736624668,108,1,24.5240001678467,36.7630004882812,0.235494002699852,0.166651472449303,148.773895263672,-87.2241,26.1587,56.0547640447004,63,63,63,63,61,63,0.213066,8046,1.33458767306251,26,-87,0.001869,51,2025-11-28 13:58:41.001479,108,1.037,0.0011,"aoml_navis",1025.28404460911
"7901009",94,0.14424455124649,1,0.214935,1,0.192507,1,153.819091199962,1,4.87616121723789,110,1,24.2600002288818,36.7949981689453,0.214935004711151,0.151246711611748,148.326797485352,-87.2241,26.1587,56.0547640447004,63,63,63,63,61,63,0.192507,8046,1.33458767306251,26,-87,0.001869,51,2025-11-28 13:58:41.001479,110,1.037,0.0011,"aoml_navis",1025.39677776123
"7901009",94,0.134441523491874,1,0.201852,1,0.179424,1,152.836923971865,1,4.87602850695556,112,1,24.201000213623,36.7970008850098,0.20185199379921,0.141443684697151,147.379699707031,-87.2241,26.1587,56.0547640447004,63,63,63,63,61,63,0.179424,8046,1.33458767306251,26,-87,0.001869,51,2025-11-28 13:58:41.001479,112,1.037,0.0011,"aoml_navis",1025.42468586219
"7901009",94,0.131640658419127,1,0.198114,1,0.175686,1,151.597572578431,1,4.87565574997967,114,1,23.9990005493164,36.8089981079102,0.198113992810249,0.138642817735672,146.184600830078,-87.2241,26.1587,56.0547640447004,63,63,63,63,61,63,0.175686,8046,1.33458767306251,26,-87,0.001869,51,2025-11-28 13:58:41.001479,114,1.037,0.0011,"aoml_navis",1025.50308233325
"7901009",94,0.12883979334638,1,0.194376,1,0.171948,1,150.638935335805,1,4.87534075950907,116,1,23.8239994049072,36.8160018920898,0.19437600672245,0.135841950774193,145.260192871094,-87.2241,26.1587,56.0547640447004,63,63,63,63,61,63,0.171948,8046,1.33458767306251,26,-87,0.001869,51,2025-11-28 13:58:41.001479,116,1.037,0.0011,"aoml_navis",1025.56933897344
"7901009",94,0.11763633305539,1,0.179424,1,0.156996,1,149.558676392891,1,4.87498461626646,118,1,23.6420001983643,36.8320007324219,0.179424002766609,0.124638497829437,144.218505859375,-87.2241,26.1587,56.0547640447004,63,63,63,63,61,63,0.156996,8046,1.33458767306251,26,-87,0.001869,51,2025-11-28 13:58:41.001479,118,1.037,0.0011,"aoml_navis",1025.64426220267
"7901009",94,0.113435035446269,1,0.173817,1,0.151389,1,148.741598834205,1,4.87466631151616,120,1,23.4629993438721,36.8390007019043,0.173816993832588,0.120437197387218,143.430603027344,-87.2241,26.1587,56.0547640447004,63,63,63,63,61,63,0.151389,8046,1.33458767306251,26,-87,0.001869,51,2025-11-28 13:58:41.001479,120,1.037,0.0011,"aoml_navis",1025.71123446701
"7901009",94,0.0896276823279163,1,0.142044,1,0.119616,1,148.045225195608,1,4.87425395281429,122,1,23.2210006713867,36.8479995727539,0.142043992877007,0.0966298431158066,142.759094238281,-87.2241,26.1587,56.0547640447004,63,63,63,63,61,63,0.119616,8046,1.33458767306251,26,-87,0.001869,51,2025-11-28 13:58:41.001479,122,1.037,0.0011,"aoml_navis",1025.79800896773
"7901009",94,0.0980302775461585,1,0.153258,1,0.13083,1,147.763055255518,1,4.87396080588623,124,1,23.0139999389648,36.8380012512207,0.153257995843887,0.105032436549664,142.486999511719,-87.2241,26.1587,56.0547640447004,63,63,63,63,61,63,0.13083,8046,1.33458767306251,26,-87,0.001869,51,2025-11-28 13:58:41.001479,124,1.037,0.0011,"aoml_navis",1025.8597061268
"7901009",94,0.0938289799370374,1,0.147651,1,0.125223,1,146.970773586028,1,4.87371294930057,126,1,22.8360004425049,36.8269996643066,0.147651001811028,0.100831143558025,141.723007202148,-87.2241,26.1587,56.0547640447004,63,63,63,63,61,63,0.125223,8046,1.33458767306251,26,-87,0.001869,51,2025-11-28 13:58:41.001479,126,1.037,0.0011,"aoml_navis",1025.91187704593
"7901009",94,0.0938289799370374,1,0.147651,1,0.125223,1,146.022295220787,1,4.87336739273041,128,1,22.5860004425049,36.8160018920898,0.147651001811028,0.100831143558025,140.808395385742,-87.2241,26.1587,56.0547640447004,63,63,63,63,61,63,0.125223,8046,1.33458767306251,26,-87,0.001869,51,2025-11-28 13:58:41.001479,128,1.037,0.0011,"aoml_navis",1025.98462152853
"7901009",94,0.0840259521824216,1,0.134568,1,0.11214,1,145.099039987247,1,4.87305965385431,130,1,22.3990001678467,36.8190002441406,0.134568005800247,0.0910281166434288,139.918106079102,-87.2241,26.1587,56.0547640447004,63,63,63,63,61,63,0.11214,8046,1.33458767306251,26,-87,0.001869,51,2025-11-28 13:58:41.001479,130,1.037,0.0011,"aoml_navis",1026.04941354356
"7901009",94,0.0812250871096742,1,0.13083,1,0.108402,1,144.303941681971,1,4.87282293897373,132,1,22.257999420166,36.8199996948242,0.130830004811287,0.0882272496819496,139.151397705078,-87.2241,26.1587,56.0547640447004,63,63,63,63,61,63,0.108402,8046,1.33458767306251,26,-87,0.001869,51,2025-11-28 13:58:41.001479,132,1.037,0.0011,"aoml_navis",1026.09925758005
"7901009",94,0.0854263847187953,1,0.136437,1,0.114009,1,143.502323972515,1,4.87265191653273,134,1,22.125,36.8059997558594,0.136436998844147,0.0924285501241684,138.378402709961,-87.2241,26.1587,56.0547640447004,63,63,63,63,61,63,0.114009,8046,1.33458767306251,26,-87,0.001869,51,2025-11-28 13:58:41.001479,134,1.037,0.0011,"aoml_navis",1026.13527205487
"7901009",94,0.0896276823279163,1,0.142044,1,0.119616,1,142.364798709885,1,4.87253513035491,136,1,22.0289993286133,36.7910003662109,0.142043992877007,0.0966298431158066,137.281494140625,-87.2241,26.1587,56.0547640447004,63,63,63,63,61,63,0.119616,8046,1.33458767306251,26,-87,0.001869,51,2025-11-28 13:58:41.001479,136,1.037,0.0011,"aoml_navis",1026.15986672954
"7901009",94,0.114835467982643,1,0.175686,1,0.153258,1,140.217541165565,1,4.87244784189882,138,1,21.9680004119873,36.7809982299805,0.175686001777649,0.121837630867958,135.210906982422,-87.2241,26.1587,56.0547640447004,63,63,63,63,61,63,0.153258,8046,1.33458767306251,26,-87,0.001869,51,2025-11-28 13:58:41.001479,138,1.037,0.0011,"aoml_navis",1026.17825007881
"7901009",94,0.112034602909895,1,0.171948,1,0.14952,1,139.030550714918,1,4.87213162885491,140,1,21.6690006256104,36.7459983825684,0.171948000788689,0.119036763906479,134.066299438477,-87.2241,26.1587,56.0547640447004,63,63,63,63,61,63,0.14952,8046,1.33458767306251,26,-87,0.001869,51,2025-11-28 13:58:41.001479,140,1.037,0.0011,"aoml_navis",1026.24485151177
"7901009",94,0.0924285474006637,1,0.145782,1,0.123354,1,139.713648188209,1,4.87170672260991,142,1,21.3479995727539,36.734001159668,0.145781993865967,0.0994307100772858,134.725006103516,-87.2241,26.1587,56.0547640447004,63,63,63,63,61,63,0.123354,8046,1.33458767306251,26,-87,0.001869,51,2025-11-28 13:58:41.001479,142,1.037,0.0011,"aoml_navis",1026.33435974187
"7901009",94,0.0924285474006637,1,0.145782,1,0.123354,1,139.432095376185,1,4.87152572520106,144,1,21.2339992523193,36.7309989929199,0.145781993865967,0.0994307100772858,134.453506469727,-87.2241,26.1587,56.0547640447004,63,63,63,63,61,63,0.123354,8046,1.33458767306251,26,-87,0.001869,51,2025-11-28 13:58:41.001479,144,1.037,0.0011,"aoml_navis",1026.37249232501
"7901009",94,0.0840259521824216,1,0.134568,1,0.11214,1,139.740912589666,1,4.87131232438567,146,1,21.0839996337891,36.7239990234375,0.134568005800247,0.0910281166434288,134.75129699707,-87.2241,26.1587,56.0547640447004,63,63,63,63,61,63,0.11214,8046,1.33458767306251,26,-87,0.001869,51,2025-11-28 13:58:41.001479,146,1.037,0.0011,"aoml_navis",1026.41745530668
"7901009",94,0.0742229244278057,1,0.121485,1,0.099057,1,139.152504714933,1,4.87115368625037,148,1,21.0109996795654,36.7299995422363,0.121485002338886,0.0812250822782516,134.183898925781,-87.2241,26.1587,56.0547640447004,63,63,63,63,61,63,0.099057,8046,1.33458767306251,26,-87,0.001869,51,2025-11-28 13:58:41.001479,148,1.037,0.0011,"aoml_navis",1026.4508824908
"7901009",94,0.0756233569641794,1,0.123354,1,0.100926,1,137.886189572177,1,4.87109426870743,150,1,20.9750003814697,36.7220001220703,0.123354002833366,0.0826255157589912,132.962799072266,-87.2241,26.1587,56.0547640447004,63,63,63,63,61,63,0.100926,8046,1.33458767306251,26,-87,0.001869,51,2025-11-28 13:58:41.001479,150,1.037,0.0011,"aoml_navis",1026.46340312498
"7901009",94,0.0686211942823109,1,0.114009,1,0.091581,1,137.161000800061,1,4.87099405783047,152,1,20.8579998016357,36.6959991455078,0.114009000360966,0.0756233558058739,132.26350402832,-87.2241,26.1587,56.0547640447004,63,63,63,63,61,63,0.091581,8046,1.33458767306251,26,-87,0.001869,51,2025-11-28 13:58:41.001479,152,1.037,0.0011,"aoml_navis",1026.48452053891
"7901009",94,0.0574177339913214,1,0.099057,1,0.076629,1,137.699832720201,1,4.87072623834276,154,1,20.6310005187988,36.6769981384277,0.0990569964051247,0.0644198954105377,132.783096313477,-87.2241,26.1587,56.0547640447004,63,63,63,63,61,63,0.076629,8046,1.33458767306251,26,-87,0.001869,51,2025-11-28 13:58:41.001479,154,1.037,0.0011,"aoml_navis",1026.54096233937
"7901009",94,0.0462142737003319,1,0.084105,1,0.061677,1,137.968742318781,1,4.87050839023959,156,1,20.4300003051758,36.6539993286133,0.0841049998998642,0.0532164387404919,133.042404174805,-87.2241,26.1587,56.0547640447004,63,63,63,63,61,63,0.061677,8046,1.33458767306251,26,-87,0.001869,51,2025-11-28 13:58:41.001479,156,1.037,0.0011,"aoml_navis",1026.58687746435
"7901009",94,0.0476147062367056,1,0.085974,1,0.063546,1,138.415906985504,1,4.87031902607783,158,1,20.2810001373291,36.6419982910156,0.0859740003943443,0.0546168722212315,133.473602294922,-87.2241,26.1587,56.0547640447004,63,63,63,63,61,63,0.063546,8046,1.33458767306251,26,-87,0.001869,51,2025-11-28 13:58:41.001479,158,1.037,0.0011,"aoml_navis",1026.62679246017
"7901009",94,0.0434134086275845,1,0.080367,1,0.057939,1,140.269807165572,1,4.87014780237371,160,1,20.1709995269775,36.6389999389648,0.0803669989109039,0.0504155717790127,135.261306762695,-87.2241,26.1587,56.0547640447004,63,63,63,63,61,63,0.057939,8046,1.33458767306251,26,-87,0.001869,51,2025-11-28 13:58:41.001479,160,1.037,0.0011,"aoml_navis",1026.66288640419
"7901009",94,0.0294090832638475,1,0.061677,1,0.039249,1,142.971989431123,1,4.87001274350016,162,1,20.1399993896484,36.6539993286133,0.0616770014166832,0.0364112481474876,137.867004394531,-87.2241,26.1587,56.0547640447004,63,63,63,63,61,63,0.039249,8046,1.33458767306251,26,-87,0.001869,51,2025-11-28 13:58:41.001479,162,1.037,0.0011,"aoml_navis",1026.69135859518
"7901009",94,0.0196060555092317,1,0.048594,1,0.026166,1,145.437004633974,1,4.86987813587484,164,1,20.1149997711182,36.6710014343262,0.0485940016806126,0.0266082193702459,140.244003295898,-87.2241,26.1587,56.0547640447004,63,63,63,63,61,63,0.026166,8046,1.33458767306251,26,-87,0.001869,51,2025-11-28 13:58:41.001479,164,1.037,0.0011,"aoml_navis",1026.71973722845
"7901009",94,0.00980302775461585,1,0.035511,1,0.013083,1,147.396259651476,1,4.86969663477891,166,1,20.0389995574951,36.6829986572266,0.0355109982192516,0.0168051905930042,142.13330078125,-87.2241,26.1587,56.0547640447004,63,63,63,63,61,63,0.013083,8046,1.33458767306251,26,-87,0.001869,51,2025-11-28 13:58:41.001479,166,1.037,0.0011,"aoml_navis",1026.75800465484
"7901009",94,0.00560173014549477,1,0.029904,1,0.007476,1,148.364945004912,1,4.86952614222524,168,1,19.9060001373291,36.6720008850098,0.0299040004611015,0.0126038929447532,143.067398071289,-87.2241,26.1587,56.0547640447004,63,63,63,63,61,63,0.007476,8046,1.33458767306251,26,-87,0.001869,51,2025-11-28 13:58:41.001479,168,1.037,0.0011,"aoml_navis",1026.79395365462
"7901009",94,0,1,0.022428,1,0,1,149.166673480943,1,4.86934825692246,170,1,19.757999420166,36.6580009460449,0.0224280003458261,0.00700216321274638,143.84049987793,-87.2241,26.1587,56.0547640447004,63,63,63,63,61,63,0,8046,1.33458767306251,26,-87,0.001869,51,2025-11-28 13:58:41.001479,170,1.037,0.0011,"aoml_navis",1026.83146412701
"7901009",94,0.00140043253637369,1,0.024297,1,0.001869,1,149.354691831557,1,4.86923760198001,172,1,19.6800003051758,36.6500015258789,0.0242970008403063,0.00840259529650211,144.02180480957,-87.2241,26.1587,56.0547640447004,63,63,63,63,61,63,0.001869,8046,1.33458767306251,26,-87,0.001869,51,2025-11-28 13:58:41.001479,172,1.037,0.0011,"aoml_navis",1026.85479919214
"7901009",94,0,1,0.022428,1,0,1,149.390263726203,1,4.86902610883337,174,1,19.4810009002686,36.6279983520508,0.0224280003458261,0.00700216321274638,144.056106567383,-87.2241,26.1587,56.0547640447004,63,63,63,63,61,63,0,8046,1.33458767306251,26,-87,0.001869,51,2025-11-28 13:58:41.001479,174,1.037,0.0011,"aoml_navis",1026.8994021061
"7901009",94,0,1,0.022428,1,0,1,147.566333816801,1,4.86890793482853,176,1,19.3759994506836,36.6129989624023,0.0224280003458261,0.00700216321274638,142.297302246094,-87.2241,26.1587,56.0547640447004,63,63,63,63,61,63,0,8046,1.33458767306251,26,-87,0.001869,51,2025-11-28 13:58:41.001479,176,1.037,0.0011,"aoml_navis",1026.92432613764
"7901009",94,0.00700216268186846,1,0.031773,1,0.009345,1,144.276882989869,1,4.86881722189575,178,1,19.2840003967285,36.5950012207031,0.0317730009555817,0.0140043264254928,139.125305175781,-87.2241,26.1587,56.0547640447004,63,63,63,63,61,63,0.009345,8046,1.33458767306251,26,-87,0.001869,51,2025-11-28 13:58:41.001479,178,1.037,0.0011,"aoml_navis",1026.94345918641
"7901009",94,0.0210064880456054,1,0.050463,1,0.028035,1,142.285268308421,1,4.86866911586403,180,1,19.0809993743896,36.5550003051758,0.0504629984498024,0.0280086528509855,137.204803466797,-87.2241,26.1587,56.0547640447004,63,63,63,63,61,63,0.028035,8046,1.33458767306251,26,-87,0.001869,51,2025-11-28 13:58:41.001479,180,1.037,0.0011,"aoml_navis",1026.97469904209
"7901009",94,0.0140043253637369,1,0.041118,1,0.01869,1,141.546581837848,1,4.86862097859665,182,1,19.0520000457764,36.5470008850098,0.041117999702692,0.0210064873099327,136.492492675781,-87.2241,26.1587,56.0547640447004,63,63,63,63,61,63,0.01869,8046,1.33458767306251,26,-87,0.001869,51,2025-11-28 13:58:41.001479,182,1.037,0.0011,"aoml_navis",1026.98485299655
"7901009",94,0.0168051904364843,1,0.044856,1,0.022428,1,139.581108068302,1,4.86855938599532,184,1,19.0149993896484,36.5400009155273,0.0448560006916523,0.0238073542714119,134.597198486328,-87.2241,26.1587,56.0547640447004,63,63,63,63,61,63,0.022428,8046,1.33458767306251,26,-87,0.001869,51,2025-11-28 13:58:41.001479,184,1.037,0.0011,"aoml_navis",1026.99784547823
"7901009",94,0.0322099483365949,1,0.065415,1,0.042987,1,137.379290073476,1,4.86840518546249,186,1,18.8199996948242,36.5050010681152,0.0654150024056435,0.0392121113836765,132.473999023438,-87.2241,26.1587,56.0547640447004,63,63,63,63,61,63,0.042987,8046,1.33458767306251,26,-87,0.001869,51,2025-11-28 13:58:41.001479,186,1.037,0.0011,"aoml_navis",1027.03037432678
"7901009",94,0.0406125435548371,1,0.076629,1,0.054201,1,137.057196694689,1,4.86828925720928,188,1,18.6700000762939,36.4749984741211,0.0766289979219437,0.0476147085428238,132.16340637207,-87.2241,26.1587,56.0547640447004,63,63,63,63,61,63,0.054201,8046,1.33458767306251,26,-87,0.001869,51,2025-11-28 13:58:41.001479,188,1.037,0.0011,"aoml_navis",1027.05483093382
"7901009",94,0.0336103808729686,1,0.067284,1,0.044856,1,137.543446138892,1,4.86815874400196,190,1,18.5580005645752,36.4620018005371,0.0672840029001236,0.0406125411391258,132.632293701172,-87.2241,26.1587,56.0547640447004,63,63,63,63,61,63,0.044856,8046,1.33458767306251,26,-87,0.001869,51,2025-11-28 13:58:41.001479,190,1.037,0.0011,"aoml_navis",1027.08236582476
"7901009",94,0.036411245945716,1,0.071022,1,0.048594,1,138.137455637603,1,4.86807724271441,192,1,18.503999710083,36.4550018310547,0.0710219964385033,0.043413408100605,133.205093383789,-87.2241,26.1587,56.0547640447004,63,63,63,63,61,63,0.048594,8046,1.33458767306251,26,-87,0.001869,51,2025-11-28 13:58:41.001479,192,1.037,0.0011,"aoml_navis",1027.09956122472
"7901009",94,0.0336103808729686,1,0.067284,1,0.044856,1,139.676098318995,1,4.868016455648,194,1,18.4729995727539,36.4500007629395,0.0672840029001236,0.0406125411391258,134.68879699707,-87.2241,26.1587,56.0547640447004,63,63,63,63,61,63,0.044856,8046,1.33458767306251,26,-87,0.001869,51,2025-11-28 13:58:41.001479,194,1.037,0.0011,"aoml_navis",1027.11238664752
"7901009",94,0.0238073531183528,1,0.054201,1,0.031773,1,142.190072348373,1,4.86789284008166,196,1,18.3810005187988,36.4420013427734,0.0542009994387627,0.0308095142245293,137.113006591797,-87.2241,26.1587,56.0547640447004,63,63,63,63,61,63,0.031773,8046,1.33458767306251,26,-87,0.001869,51,2025-11-28 13:58:41.001479,196,1.037,0.0011,"aoml_navis",1027.13846920182
"7901009",94,0.00980302775461585,1,0.035511,1,0.013083,1,144.463746203335,1,4.86780083203756,198,1,18.3299999237061,36.4389991760254,0.0355109982192516,0.0168051905930042,139.30549621582,-87.2241,26.1587,56.0547640447004,63,63,63,63,61,63,0.013083,8046,1.33458767306251,26,-87,0.001869,51,2025-11-28 13:58:41.001479,198,1.037,0.0011,"aoml_navis",1027.1578835133
"7901009",94,-0.00140043253637369,1,0.020559,1,-0.001869,1,144.562882288724,1,4.86767294202201,200,1,18.2310009002686,36.4300003051758,0.020558999851346,0.00560173019766808,139.401092529297,-87.2241,26.1587,56.0547640447004,63,63,63,63,61,63,-0.001869,8046,1.33458767306251,26,-87,0.001869,51,2025-11-28 13:58:41.001479,200,1.037,0.0011,"aoml_navis",1027.18487037936
"7901009",94,-0.00140043253637369,1,0.020559,1,-0.001869,1,143.945232037966,1,4.86750889232017,202,1,18.0590000152588,36.4070014953613,0.020558999851346,0.00560173019766808,138.80549621582,-87.2241,26.1587,56.0547640447004,63,63,63,63,61,63,-0.001869,8046,1.33458767306251,26,-87,0.001869,51,2025-11-28 13:58:41.001479,202,1.037,0.0011,"aoml_navis",1027.21948960152
"7901009",94,-0.00280086507274739,1,0.01869,1,-0.003738,1,142.746009792584,1,4.86736276227868,204,1,17.8980007171631,36.382999420166,0.0186899993568659,0.00420129764825106,137.64909362793,-87.2241,26.1587,56.0547640447004,63,63,63,63,61,63,-0.003738,8046,1.33458767306251,26,-87,0.001869,51,2025-11-28 13:58:41.001479,204,1.037,0.0011,"aoml_navis",1027.2503292233
"7901009",94,-0.00140043253637369,1,0.020559,1,-0.001869,1,141.973017331089,1,4.86723272537168,206,1,17.761999130249,36.3629989624023,0.020558999851346,0.00560173019766808,136.903701782227,-87.2241,26.1587,56.0547640447004,63,63,63,63,61,63,-0.001869,8046,1.33458767306251,26,-87,0.001869,51,2025-11-28 13:58:41.001479,206,1.037,0.0011,"aoml_navis",1027.2777740699
"7901009",94,-0.00140043253637369,1,0.020559,1,-0.001869,1,141.498572439113,1,4.86715471552475,208,1,17.6879997253418,36.3489990234375,0.020558999851346,0.00560173019766808,136.446197509766,-87.2241,26.1587,56.0547640447004,63,63,63,63,61,63,-0.001869,8046,1.33458767306251,26,-87,0.001869,51,2025-11-28 13:58:41.001479,208,1.037,0.0011,"aoml_navis",1027.29423908624
"7901009",94,-0.00420129760912108,1,0.016821,1,-0.005607,1,140.515993792306,1,4.86706271320162,210,1,17.6049995422363,36.3359985351562,0.0168210007250309,0.00280086509883404,135.49870300293,-87.2241,26.1587,56.0547640447004,63,63,63,63,61,63,-0.005607,8046,1.33458767306251,26,-87,0.001869,51,2025-11-28 13:58:41.001479,210,1.037,0.0011,"aoml_navis",1027.31365807919
"7901009",94,-0.00280086507274739,1,0.01869,1,-0.003738,1,139.982953381703,1,4.8669517379081,212,1,17.4869995117188,36.3170013427734,0.0186899993568659,0.00420129764825106,134.98469543457,-87.2241,26.1587,56.0547640447004,63,63,63,63,61,63,-0.003738,8046,1.33458767306251,26,-87,0.001869,51,2025-11-28 13:58:41.001479,212,1.037,0.0011,"aoml_navis",1027.33708268681
"7901009",94,0,1,0.022428,1,0,1,138.723584885633,1,4.86685379885278,214,1,17.3889999389648,36.3009986877441,0.0224280003458261,0.00700216321274638,133.770294189453,-87.2241,26.1587,56.0547640447004,63,63,63,63,61,63,0,8046,1.33458767306251,26,-87,0.001869,51,2025-11-28 13:58:41.001479,214,1.037,0.0011,"aoml_navis",1027.3577564994
"7901009",94,0,1,0.022428,1,0,1,138.619685837482,1,4.86672239054972,216,1,17.2399997711182,36.2779998779297,0.0224280003458261,0.00700216321274638,133.670104980469,-87.2241,26.1587,56.0547640447004,63,63,63,63,61,63,0,8046,1.33458767306251,26,-87,0.001869,51,2025-11-28 13:58:41.001479,216,1.037,0.0011,"aoml_navis",1027.38549659399
"7901009",94,-0.00280086507274739,1,0.01869,1,-0.003738,1,137.664783010841,1,4.86665760701585,218,1,17.1979999542236,36.2709999084473,0.0186899993568659,0.00420129764825106,132.749298095703,-87.2241,26.1587,56.0547640447004,63,63,63,63,61,63,-0.003738,8046,1.33458767306251,26,-87,0.001869,51,2025-11-28 13:58:41.001479,218,1.037,0.0011,"aoml_navis",1027.39917285159
"7901009",94,-0.00280086507274739,1,0.01869,1,-0.003738,1,134.531402289287,1,4.86658379009846,220,1,17.1450004577637,36.2630004882812,0.0186899993568659,0.00420129764825106,129.727798461914,-87.2241,26.1587,56.0547640447004,63,63,63,63,61,63,-0.003738,8046,1.33458767306251,26,-87,0.001869,51,2025-11-28 13:58:41.001479,220,1.037,0.0011,"aoml_navis",1027.41475656352
"7901009",94,-0.00840259521824216,1,0.011214,1,-0.011214,1,130.650117735669,1,4.86651587501808,222,1,17.0750007629395,36.2480010986328,0.0112140001729131,-0.00140043254941702,125.98509979248,-87.2241,26.1587,56.0547640447004,63,63,63,63,61,63,-0.011214,8046,1.33458767306251,26,-87,0.001869,51,2025-11-28 13:58:41.001479,222,1.037,0.0011,"aoml_navis",1027.42909473843
"7901009",94,-0.00280086507274739,1,0.01869,1,-0.003738,1,129.440633758224,1,4.86643525146473,224,1,16.9780006408691,36.2280006408691,0.0186899993568659,0.00420129764825106,124.818801879883,-87.2241,26.1587,56.0547640447004,63,63,63,63,61,63,-0.003738,8046,1.33458767306251,26,-87,0.001869,51,2025-11-28 13:58:41.001479,224,1.037,0.0011,"aoml_navis",1027.44611643504
"7901009",94,0,1,0.016821,1,-0.005607,1,130.708293923687,1,4.86630348220207,226,1,16.8360004425049,36.2080001831055,0.0168210007250309,0.00280086509883404,126.041198730469,-87.2241,26.1587,56.0547640447004,63,63,63,63,61,63,0,8046,1.33458767306251,26,-87,0.001869,51,2025-11-28 13:58:41.001479,226,1.037,0.0011,"aoml_navis",1027.47393751477
"7901009",94,0,1,0.022428,1,0,1,131.768037314374,1,4.86620565148804,228,1,16.7390003204346,36.193000793457,0.0224280003458261,0.00700216321274638,127.063102722168,-87.2241,26.1587,56.0547640447004,63,63,63,63,61,63,0,8046,1.33458767306251,26,-87,0.001869,51,2025-11-28 13:58:41.001479,228,1.037,0.0011,"aoml_navis",1027.49459395968
"7901009",94,0,1,0.014952,1,-0.007476,1,130.72250369299,1,4.86608436791208,230,1,16.6049995422363,36.1730003356934,0.0149520002305508,0.00140043254941702,126.054901123047,-87.2241,26.1587,56.0547640447004,63,63,63,63,61,63,0,8046,1.33458767306251,26,-87,0.001869,51,2025-11-28 13:58:41.001479,230,1.037,0.0011,"aoml_navis",1027.52020350715
"7901009",94,0,1,0.01869,1,-0.003738,1,129.27252965557,1,4.86598544412346,232,1,16.5030002593994,36.1570014953613,0.0186899993568659,0.00420129764825106,124.656700134277,-87.2241,26.1587,56.0547640447004,63,63,63,63,61,63,0,8046,1.33458767306251,26,-87,0.001869,51,2025-11-28 13:58:41.001479,232,1.037,0.0011,"aoml_navis",1027.54109263487
"7901009",94,0,1,0.020559,1,-0.001869,1,127.381403994116,1,4.86591161009208,234,1,16.4389991760254,36.1459999084473,0.020558999851346,0.00560173019766808,122.833099365234,-87.2241,26.1587,56.0547640447004,63,63,63,63,61,63,0,8046,1.33458767306251,26,-87,0.001869,51,2025-11-28 13:58:41.001479,234,1.037,0.0011,"aoml_navis",1027.55668426648
"7901009",94,0,1,0.014952,1,-0.007476,1,126.4644624554,1,4.86583759400031,236,1,16.3649997711182,36.1319999694824,0.0149520002305508,0.00140043254941702,121.94889831543,-87.2241,26.1587,56.0547640447004,63,63,63,63,61,63,0,8046,1.33458767306251,26,-87,0.001869,51,2025-11-28 13:58:41.001479,236,1.037,0.0011,"aoml_navis",1027.57231481896
"7901009",94,0,1,0.022428,1,0,1,127.029957472728,1,4.86576412035683,238,1,16.3010005950928,36.1209983825684,0.0224280003458261,0.00700216321274638,122.494201660156,-87.2241,26.1587,56.0547640447004,63,63,63,63,61,63,0,8046,1.33458767306251,26,-87,0.001869,51,2025-11-28 13:58:41.001479,238,1.037,0.0011,"aoml_navis",1027.58783128873
"7901009",94,0,1,0.01869,1,-0.003738,1,127.322294202102,1,4.86569221075333,240,1,16.2479991912842,36.1129989624023,0.0186899993568659,0.00420129764825106,122.776100158691,-87.2241,26.1587,56.0547640447004,63,63,63,63,61,63,0,8046,1.33458767306251,26,-87,0.001869,51,2025-11-28 13:58:41.001479,240,1.037,0.0011,"aoml_navis",1027.60301791179
"7901009",94,0,1,0.020559,1,-0.001869,1,126.525439455408,1,4.86562544919203,242,1,16.193000793457,36.1030006408691,0.020558999851346,0.00560173019766808,122.007698059082,-87.2241,26.1587,56.0547640447004,63,63,63,63,61,63,0,8046,1.33458767306251,26,-87,0.001869,51,2025-11-28 13:58:41.001479,242,1.037,0.0011,"aoml_navis",1027.61711771922
"7901009",94,0,1,0.020559,1,-0.001869,1,125.909031372679,1,4.86554790270099,244,1,16.1380004882812,36.0960006713867,0.020558999851346,0.00560173019766808,121.413299560547,-87.2241,26.1587,56.0547640447004,63,63,63,63,61,63,0,8046,1.33458767306251,26,-87,0.001869,51,2025-11-28 13:58:41.001479,244,1.037,0.0011,"aoml_navis",1027.63349575171
"7901009",94,0,1,0.01869,1,-0.003738,1,125.407836352634,1,4.86546307051838,246,1,16.0599994659424,36.0839996337891,0.0186899993568659,0.00420129764825106,120.930000305176,-87.2241,26.1587,56.0547640447004,63,63,63,63,61,63,0,8046,1.33458767306251,26,-87,0.001869,51,2025-11-28 13:58:41.001479,246,1.037,0.0011,"aoml_navis",1027.65141314027
"7901009",94,0,1,0.01869,1,-0.003738,1,124.88434560325,1,4.86540166657875,248,1,16.0160007476807,36.076000213623,0.0186899993568659,0.00420129764825106,120.425201416016,-87.2241,26.1587,56.0547640447004,63,63,63,63,61,63,0,8046,1.33458767306251,26,-87,0.001869,51,2025-11-28 13:58:41.001479,248,1.037,0.0011,"aoml_navis",1027.66438264405
"7901009",94,0,1,0.01869,1,-0.003738,1,124.703178956543,1,4.86534618957117,250,1,15.9739999771118,36.0670013427734,0.0186899993568659,0.00420129764825106,120.250503540039,-87.2241,26.1587,56.0547640447004,63,63,63,63,61,63,0,8046,1.33458767306251,26,-87,0.001869,51,2025-11-28 13:58:41.001479,250,1.037,0.0011,"aoml_navis",1027.67610056556
"7901009",94,0,1,0.01869,1,-0.003738,1,124.818178397974,1,4.86524640371959,252,1,15.8819999694824,36.0550003051758,0.0186899993568659,0.00420129764825106,120.361396789551,-87.2241,26.1587,56.0547640447004,63,63,63,63,61,63,0,8046,1.33458767306251,26,-87,0.001869,51,2025-11-28 13:58:41.001479,252,1.037,0.0011,"aoml_navis",1027.697178128
"7901009",94,0,1,0.014952,1,-0.007476,1,124.984209583281,1,4.86517748558286,254,1,15.8210000991821,36.0439987182617,0.0149520002305508,0.00140043254941702,120.521499633789,-87.2241,26.1587,56.0547640447004,63,63,63,63,61,63,0,8046,1.33458767306251,26,-87,0.001869,51,2025-11-28 13:58:41.001479,254,1.037,0.0011,"aoml_navis",1027.71173607061
"7901009",94,0,1,0.022428,1,0,1,125.149615728624,1,4.86511133225829,256,1,15.7690000534058,36.0349998474121,0.0224280003458261,0.00700216321274638,120.680999755859,-87.2241,26.1587,56.0547640447004,63,63,63,63,61,63,0,8046,1.33458767306251,26,-87,0.001869,51,2025-11-28 13:58:41.001479,256,1.037,0.0011,"aoml_navis",1027.72571037529
"7901009",94,0,1,0.020559,1,-0.001869,1,125.498158583345,1,4.86503869948678,258,1,15.7110004425049,36.0260009765625,0.020558999851346,0.00560173019766808,121.017097473145,-87.2241,26.1587,56.0547640447004,63,63,63,63,61,63,0,8046,1.33458767306251,26,-87,0.001869,51,2025-11-28 13:58:41.001479,258,1.037,0.0011,"aoml_navis",1027.74105384351
"7901009",94,0,1,0.01869,1,-0.003738,1,125.968560495302,1,4.86494717968688,260,1,15.6190004348755,36.0120010375977,0.0186899993568659,0.00420129764825106,121.470703125,-87.2241,26.1587,56.0547640447004,63,63,63,63,61,63,0,8046,1.33458767306251,26,-87,0.001869,51,2025-11-28 13:58:41.001479,260,1.037,0.0011,"aoml_navis",1027.76038779558
"7901009",94,0,1,0.022428,1,0,1,126.539340660678,1,4.8648480432706,262,1,15.5129995346069,35.9959983825684,0.0224280003458261,0.00700216321274638,122.021102905273,-87.2241,26.1587,56.0547640447004,63,63,63,63,61,63,0,8046,1.33458767306251,26,-87,0.001869,51,2025-11-28 13:58:41.001479,262,1.037,0.0011,"aoml_navis",1027.78133161145
"7901009",94,0,1,0.016821,1,-0.005607,1,126.733158432727,1,4.86480316588854,264,1,15.4899997711182,35.9900016784668,0.0168210007250309,0.00280086509883404,122.208000183105,-87.2241,26.1587,56.0547640447004,63,63,63,63,61,63,0,8046,1.33458767306251,26,-87,0.001869,51,2025-11-28 13:58:41.001479,264,1.037,0.0011,"aoml_navis",1027.79081280399
"7901009",94,0,1,0.020559,1,-0.001869,1,126.97063405946,1,4.86471567978051,266,1,15.41100025177,35.9790000915527,0.020558999851346,0.00560173019766808,122.436996459961,-87.2241,26.1587,56.0547640447004,63,63,63,63,61,63,0,8046,1.33458767306251,26,-87,0.001869,51,2025-11-28 13:58:41.001479,266,1.037,0.0011,"aoml_navis",1027.80929639563
"7901009",94,0,1,0.022428,1,0,1,126.85044441276,1,4.86463858271529,268,1,15.3380002975464,35.9669990539551,0.0224280003458261,0.00700216321274638,122.321098327637,-87.2241,26.1587,56.0547640447004,63,63,63,63,61,63,0,8046,1.33458767306251,26,-87,0.001869,51,2025-11-28 13:58:41.001479,268,1.037,0.0011,"aoml_navis",1027.8255855976
"7901009",94,0,1,0.020559,1,-0.001869,1,126.626656370044,1,4.86456804746038,270,1,15.2810001373291,35.9580001831055,0.020558999851346,0.00560173019766808,122.10530090332,-87.2241,26.1587,56.0547640447004,63,63,63,63,61,63,0,8046,1.33458767306251,26,-87,0.001869,51,2025-11-28 13:58:41.001479,270,1.037,0.0011,"aoml_navis",1027.84048886115
"7901009",94,0,1,0.020559,1,-0.001869,1,126.40835918473,1,4.86449672604566,272,1,15.2130002975464,35.9459991455078,0.020558999851346,0.00560173019766808,121.894798278809,-87.2241,26.1587,56.0547640447004,63,63,63,63,61,63,0,8046,1.33458767306251,26,-87,0.001869,51,2025-11-28 13:58:41.001479,272,1.037,0.0011,"aoml_navis",1027.8555586704
"7901009",94,0,1,0.016821,1,-0.005607,1,126.174198643375,1,4.8644378914072,274,1,15.1700000762939,35.9379997253418,0.0168210007250309,0.00280086509883404,121.668998718262,-87.2241,26.1587,56.0547640447004,63,63,63,63,61,63,0,8046,1.33458767306251,26,-87,0.001869,51,2025-11-28 13:58:41.001479,274,1.037,0.0011,"aoml_navis",1027.86799042748
"7901009",94,0,1,0.01869,1,-0.003738,1,125.805021557952,1,4.86436862928706,276,1,15.1239995956421,35.931999206543,0.0186899993568659,0.00420129764825106,121.313003540039,-87.2241,26.1587,56.0547640447004,63,63,63,63,61,63,0,8046,1.33458767306251,26,-87,0.001869,51,2025-11-28 13:58:41.001479,276,1.037,0.0011,"aoml_navis",1027.88262589647
"7901009",94,0,1,0.016821,1,-0.005607,1,125.198875207286,1,4.8642900206439,278,1,15.0590000152588,35.9230003356934,0.0168210007250309,0.00280086509883404,120.728500366211,-87.2241,26.1587,56.0547640447004,63,63,63,63,61,63,0,8046,1.33458767306251,26,-87,0.001869,51,2025-11-28 13:58:41.001479,278,1.037,0.0011,"aoml_navis",1027.89923684241
"7901009",94,0,1,0.020559,1,-0.001869,1,124.675067981971,1,4.86421931668004,280,1,14.9910001754761,35.9109992980957,0.020558999851346,0.00560173019766808,120.22339630127,-87.2241,26.1587,56.0547640447004,63,63,63,63,61,63,0,8046,1.33458767306251,26,-87,0.001869,51,2025-11-28 13:58:41.001479,280,1.037,0.0011,"aoml_navis",1027.91417789374
"7901009",94,0,1,0.022428,1,0,1,123.750246192573,1,4.86416086498798,282,1,14.9479999542236,35.9029998779297,0.0224280003458261,0.00700216321274638,119.331596374512,-87.2241,26.1587,56.0547640447004,63,63,63,63,61,63,0,8046,1.33458767306251,26,-87,0.001869,51,2025-11-28 13:58:41.001479,282,1.037,0.0011,"aoml_navis",1027.92653014208
"7901009",94,0,1,0.020559,1,-0.001869,1,122.741740255117,1,4.86405890077709,284,1,14.8400001525879,35.8880004882812,0.020558999851346,0.00560173019766808,118.359100341797,-87.2241,26.1587,56.0547640447004,63,63,63,63,61,63,0,8046,1.33458767306251,26,-87,0.001869,51,2025-11-28 13:58:41.001479,284,1.037,0.0011,"aoml_navis",1027.9480783428
"7901009",94,0,1,0.022428,1,0,1,121.469514924349,1,4.86398894279499,286,1,14.7790002822876,35.8779983520508,0.0224280003458261,0.00700216321274638,117.132301330566,-87.2241,26.1587,56.0547640447004,63,63,63,63,61,63,0,8046,1.33458767306251,26,-87,0.001869,51,2025-11-28 13:58:41.001479,286,1.037,0.0011,"aoml_navis",1027.9628631571
"7901009",94,0,1,0.020559,1,-0.001869,1,119.531202701582,1,4.8639319186989,288,1,14.7370004653931,35.8699989318848,0.020558999851346,0.00560173019766808,115.263198852539,-87.2241,26.1587,56.0547640447004,63,63,63,63,61,63,0,8046,1.33458767306251,26,-87,0.001869,51,2025-11-28 13:58:41.001479,288,1.037,0.0011,"aoml_navis",1027.97491485808
"7901009",94,0,1,0.020559,1,-0.001869,1,120.423878448288,1,4.86385740959617,290,1,14.6680002212524,35.859001159668,0.020558999851346,0.00560173019766808,116.124000549316,-87.2241,26.1587,56.0547640447004,63,63,63,63,61,63,0,8046,1.33458767306251,26,-87,0.001869,51,2025-11-28 13:58:41.001479,290,1.037,0.0011,"aoml_navis",1027.99066233628
"7901009",94,0,1,0.020559,1,-0.001869,1,121.862752092428,1,4.86376191429232,292,1,14.5579996109009,35.8419990539551,0.020558999851346,0.00560173019766808,117.511497497559,-87.2241,26.1587,56.0547640447004,63,63,63,63,61,63,0,8046,1.33458767306251,26,-87,0.001869,51,2025-11-28 13:58:41.001479,292,1.037,0.0011,"aoml_navis",1028.01084594773
"7901009",94,0,1,0.01869,1,-0.003738,1,121.90879934039,1,4.86368212733706,294,1,14.4729995727539,35.8279991149902,0.0186899993568659,0.00420129764825106,117.55590057373,-87.2241,26.1587,56.0547640447004,63,63,63,63,61,63,0,8046,1.33458767306251,26,-87,0.001869,51,2025-11-28 13:58:41.001479,294,1.037,0.0011,"aoml_navis",1028.02771009576
"7901009",94,0,1,0.01869,1,-0.003738,1,121.601010673685,1,4.86362300808389,296,1,14.4250001907349,35.8190002441406,0.0186899993568659,0.00420129764825106,117.259101867676,-87.2241,26.1587,56.0547640447004,63,63,63,63,61,63,0,8046,1.33458767306251,26,-87,0.001869,51,2025-11-28 13:58:41.001479,296,1.037,0.0011,"aoml_navis",1028.04020617746
"7901009",94,0,1,0.022428,1,0,1,121.189829320318,1,4.86355878381662,298,1,14.3649997711182,35.8079986572266,0.0224280003458261,0.00700216321274638,116.862602233887,-87.2241,26.1587,56.0547640447004,63,63,63,63,61,63,0,8046,1.33458767306251,26,-87,0.001869,51,2025-11-28 13:58:41.001479,298,1.037,0.0011,"aoml_navis",1028.05378165416
"7901009",94,0,1,0.016821,1,-0.005607,1,120.883077112287,1,4.86346359074952,300,1,14.2679996490479,35.7949981689453,0.0168210007250309,0.00280086509883404,116.566802978516,-87.2241,26.1587,56.0547640447004,63,63,63,63,61,63,0,8046,1.33458767306251,26,-87,0.001869,51,2025-11-28 13:58:41.001479,300,1.037,0.0011,"aoml_navis",1028.0739038553
"7901009",94,0,1,0.01869,1,-0.003738,1,120.306378847002,1,4.86340951399452,302,1,14.2279996871948,35.7869987487793,0.0186899993568659,0.00420129764825106,116.010696411133,-87.2241,26.1587,56.0547640447004,63,63,63,63,61,63,0,8046,1.33458767306251,26,-87,0.001869,51,2025-11-28 13:58:41.001479,302,1.037,0.0011,"aoml_navis",1028.08533511571
"7901009",94,0,1,0.01869,1,-0.003738,1,119.800207242942,1,4.86331344474427,304,1,14.1190004348755,35.7709999084473,0.0186899993568659,0.00420129764825106,115.522598266602,-87.2241,26.1587,56.0547640447004,63,63,63,63,61,63,0,8046,1.33458767306251,26,-87,0.001869,51,2025-11-28 13:58:41.001479,304,1.037,0.0011,"aoml_navis",1028.10564377738
"7901009",94,0,1,0.022428,1,0,1,119.176330328241,1,4.86324998858792,306,1,14.0590000152588,35.7599983215332,0.0224280003458261,0.00700216321274638,114.920997619629,-87.2241,26.1587,56.0547640447004,63,63,63,63,61,63,0,8046,1.33458767306251,26,-87,0.001869,51,2025-11-28 13:58:41.001479,306,1.037,0.0011,"aoml_navis",1028.11905859929
"7901009",94,0,1,0.01869,1,-0.003738,1,118.583879473489,1,4.86315648845882,308,1,13.9659996032715,35.7480010986328,0.0186899993568659,0.00420129764825106,114.349700927734,-87.2241,26.1587,56.0547640447004,63,63,63,63,61,63,0,8046,1.33458767306251,26,-87,0.001869,51,2025-11-28 13:58:41.001479,308,1.037,0.0011,"aoml_navis",1028.13882544515
"7901009",94,0,1,0.022428,1,0,1,118.223302621492,1,4.86307765978541,310,1,13.8870000839233,35.7360000610352,0.0224280003458261,0.00700216321274638,114.001998901367,-87.2241,26.1587,56.0547640447004,63,63,63,63,61,63,0,8046,1.33458767306251,26,-87,0.001869,51,2025-11-28 13:58:41.001479,310,1.037,0.0011,"aoml_navis",1028.15549119169
"7901009",94,0,1,0.024297,1,0.001869,1,117.803101704091,1,4.86302099063652,312,1,13.8509998321533,35.7299995422363,0.0242970008403063,0.00840259529650211,113.596801757812,-87.2241,26.1587,56.0547640447004,63,63,63,63,61,63,0,8046,1.33458767306251,26,-87,0.001869,51,2025-11-28 13:58:41.001479,312,1.037,0.0011,"aoml_navis",1028.16747236486
"7901009",94,0,1,0.024297,1,0.001869,1,117.412554581427,1,4.862970481763,314,1,13.8210000991821,35.7239990234375,0.0242970008403063,0.00840259529650211,113.220199584961,-87.2241,26.1587,56.0547640447004,63,63,63,63,61,63,0,8046,1.33458767306251,26,-87,0.001869,51,2025-11-28 13:58:41.001479,314,1.037,0.0011,"aoml_navis",1028.17815134821
"7901009",94,0,1,0.022428,1,0,1,117.152055330713,1,4.86290433995028,316,1,13.7720003128052,35.7169990539551,0.0224280003458261,0.00700216321274638,112.96900177002,-87.2241,26.1587,56.0547640447004,63,63,63,63,61,63,0,8046,1.33458767306251,26,-87,0.001869,51,2025-11-28 13:58:41.001479,316,1.037,0.0011,"aoml_navis",1028.19213590599
"7901009",94,0,1,0.024297,1,0.001869,1,117.099164290743,1,4.86283747996184,318,1,13.7150001525879,35.7080001831055,0.0242970008403063,0.00840259529650211,112.917999267578,-87.2241,26.1587,56.0547640447004,63,63,63,63,61,63,0,8046,1.33458767306251,26,-87,0.001869,51,2025-11-28 13:58:41.001479,318,1.037,0.0011,"aoml_navis",1028.20627269642
"7901009",94,0,1,0.024297,1,0.001869,1,116.910631666741,1,4.86279136636444,320,1,13.6999998092651,35.7050018310547,0.0242970008403063,0.00840259529650211,112.736198425293,-87.2241,26.1587,56.0547640447004,63,63,63,63,61,63,0,8046,1.33458767306251,26,-87,0.001869,51,2025-11-28 13:58:41.001479,320,1.037,0.0011,"aoml_navis",1028.21602312298
"7901009",94,0,1,0.022428,1,0,1,116.830784789347,1,4.86272974047185,322,1,13.6479997634888,35.6959991455078,0.0224280003458261,0.00700216321274638,112.659202575684,-87.2241,26.1587,56.0547640447004,63,63,63,63,61,63,0,8046,1.33458767306251,26,-87,0.001869,51,2025-11-28 13:58:41.001479,322,1.037,0.0011,"aoml_navis",1028.2290538143
"7901009",94,0,1,0.020559,1,-0.001869,1,116.50277331065,1,4.86265699020679,324,1,13.5740003585815,35.6839981079102,0.020558999851346,0.00560173019766808,112.342903137207,-87.2241,26.1587,56.0547640447004,63,63,63,63,61,63,0,8046,1.33458767306251,26,-87,0.001869,51,2025-11-28 13:58:41.001479,324,1.037,0.0011,"aoml_navis",1028.24443716055
"7901009",94,0,1,0.028035,1,0.005607,1,116.037039418675,1,4.86256128813091,326,1,13.4659996032715,35.6689987182617,0.0280349999666214,0.0112034603953362,111.893798828125,-87.2241,26.1587,56.0547640447004,63,63,63,63,61,63,0,8046,1.33458767306251,26,-87,0.001869,51,2025-11-28 13:58:41.001479,326,1.037,0.0011,"aoml_navis",1028.26467446376
"7901009",94,0,1,0.024297,1,0.001869,1,115.342746609324,1,4.862498452174,328,1,13.4049997329712,35.6580009460449,0.0242970008403063,0.00840259529650211,111.224296569824,-87.2241,26.1587,56.0547640447004,63,63,63,63,61,63,0,8046,1.33458767306251,26,-87,0.001869,51,2025-11-28 13:58:41.001479,328,1.037,0.0011,"aoml_navis",1028.27796228182
"7901009",94,0,1,0.020559,1,-0.001869,1,114.759418173284,1,4.86240486760043,330,1,13.3020000457764,35.6440010070801,0.020558999851346,0.00560173019766808,110.661796569824,-87.2241,26.1587,56.0547640447004,63,63,63,63,61,63,0,8046,1.33458767306251,26,-87,0.001869,51,2025-11-28 13:58:41.001479,330,1.037,0.0011,"aoml_navis",1028.2977530967
"7901009",94,0,1,0.022428,1,0,1,114.02302615321,1,4.86234740346054,332,1,13.2569999694824,35.6360015869141,0.0224280003458261,0.00700216321274638,109.951698303223,-87.2241,26.1587,56.0547640447004,63,63,63,63,61,63,0,8046,1.33458767306251,26,-87,0.001869,51,2025-11-28 13:58:41.001479,332,1.037,0.0011,"aoml_navis",1028.30990571375
"7901009",94,0,1,0.022428,1,0,1,113.267550634496,1,4.86226722758701,334,1,13.1890001296997,35.6279983520508,0.0224280003458261,0.00700216321274638,109.223197937012,-87.2241,26.1587,56.0547640447004,63,63,63,63,61,63,0,8046,1.33458767306251,26,-87,0.001869,51,2025-11-28 13:58:41.001479,334,1.037,0.0011,"aoml_navis",1028.32686192802
"7901009",94,0,1,0.01869,1,-0.003738,1,112.50699567709,1,4.86220403764628,336,1,13.1379995346069,35.6199989318848,0.0186899993568659,0.00420129764825106,108.489799499512,-87.2241,26.1587,56.0547640447004,63,63,63,63,61,63,0,8046,1.33458767306251,26,-87,0.001869,51,2025-11-28 13:58:41.001479,336,1.037,0.0011,"aoml_navis",1028.3402262198
"7901009",94,0,1,0.020559,1,-0.001869,1,112.047282739703,1,4.86214026510554,338,1,13.0900001525879,35.6129989624023,0.020558999851346,0.00560173019766808,108.046501159668,-87.2241,26.1587,56.0547640447004,63,63,63,63,61,63,0,8046,1.33458767306251,26,-87,0.001869,51,2025-11-28 13:58:41.001479,338,1.037,0.0011,"aoml_navis",1028.35371408017
"7901009",94,0,1,0.026166,1,0.003738,1,111.602499554361,1,4.86206461894893,340,1,13.0150003433228,35.6020011901855,0.0261659994721413,0.00980302784591913,107.617599487305,-87.2241,26.1587,56.0547640447004,63,63,63,63,61,63,0,8046,1.33458767306251,26,-87,0.001869,51,2025-11-28 13:58:41.001479,340,1.037,0.0011,"aoml_navis",1028.3697136631
"7901009",94,0,1,0.022428,1,0,1,111.467475098395,1,4.86199930497723,342,1,12.9540004730225,35.5919990539551,0.0224280003458261,0.00700216321274638,107.487396240234,-87.2241,26.1587,56.0547640447004,63,63,63,63,61,63,0,8046,1.33458767306251,26,-87,0.001869,51,2025-11-28 13:58:41.001479,342,1.037,0.0011,"aoml_navis",1028.38352833195
"7901009",94,0,1,0.022428,1,0,1,111.455860431727,1,4.86192363223475,344,1,12.8859996795654,35.5830001831055,0.0224280003458261,0.00700216321274638,107.476196289062,-87.2241,26.1587,56.0547640447004,63,63,63,63,61,63,0,8046,1.33458767306251,26,-87,0.001869,51,2025-11-28 13:58:41.001479,344,1.037,0.0011,"aoml_navis",1028.39953446611
"7901009",94,0,1,0.022428,1,0,1,111.341272409006,1,4.86186987258445,346,1,12.8439998626709,35.5750007629395,0.0224280003458261,0.00700216321274638,107.365699768066,-87.2241,26.1587,56.0547640447004,63,63,63,63,61,63,0,8046,1.33458767306251,26,-87,0.001869,51,2025-11-28 13:58:41.001479,346,1.037,0.0011,"aoml_navis",1028.41090589332
"7901009",94,0,1,0.022428,1,0,1,111.197956283647,1,4.86181033805126,348,1,12.7959995269775,35.5670013427734,0.0224280003458261,0.00700216321274638,107.227500915527,-87.2241,26.1587,56.0547640447004,63,63,63,63,61,63,0,8046,1.33458767306251,26,-87,0.001869,51,2025-11-28 13:58:41.001479,348,1.037,0.0011,"aoml_navis",1028.42349913718
"7901009",94,0,1,0.024297,1,0.001869,1,110.985157867635,1,4.86174558591186,350,1,12.7349996566772,35.556999206543,0.0242970008403063,0.00840259529650211,107.022300720215,-87.2241,26.1587,56.0547640447004,63,63,63,63,61,63,0,8046,1.33458767306251,26,-87,0.001869,51,2025-11-28 13:58:41.001479,350,1.037,0.0011,"aoml_navis",1028.43719640303
"7901009",94,0,1,0.026166,1,0.003738,1,110.890887599685,1,4.86166097079852,352,1,12.6420001983643,35.5439987182617,0.0261659994721413,0.00980302784591913,106.931396484375,-87.2241,26.1587,56.0547640447004,63,63,63,63,61,63,0,8046,1.33458767306251,26,-87,0.001869,51,2025-11-28 13:58:41.001479,352,1.037,0.0011,"aoml_navis",1028.45509590908
"7901009",94,0,1,0.026166,1,0.003738,1,110.904788804955,1,4.86157942442749,354,1,12.5480003356934,35.5299987792969,0.0261659994721413,0.00980302784591913,106.944801330566,-87.2241,26.1587,56.0547640447004,63,63,63,63,61,63,0,8046,1.33458767306251,26,-87,0.001869,51,2025-11-28 13:58:41.001479,354,1.037,0.0011,"aoml_navis",1028.47234684206
"7901009",94,0,1,0.026166,1,0.003738,1,110.917851349007,1,4.86151279955637,356,1,12.4919996261597,35.5219993591309,0.0261659994721413,0.00980302784591913,106.957397460938,-87.2241,26.1587,56.0547640447004,63,63,63,63,61,63,0,8046,1.33458767306251,26,-87,0.001869,51,2025-11-28 13:58:41.001479,356,1.037,0.0011,"aoml_navis",1028.48644159823
"7901009",94,0,1,0.026166,1,0.003738,1,110.912463346282,1,4.86146297395574,358,1,12.4610004425049,35.515998840332,0.0261659994721413,0.00980302784591913,106.952201843262,-87.2241,26.1587,56.0547640447004,63,63,63,63,61,63,0,8046,1.33458767306251,26,-87,0.001869,51,2025-11-28 13:58:41.001479,358,1.037,0.0011,"aoml_navis",1028.49698265449
"7901009",94,0,1,0.028035,1,0.005607,1,110.955393306324,1,4.8613936802109,360,1,12.4020004272461,35.507999420166,0.0280349999666214,0.0112034603953362,106.993598937988,-87.2241,26.1587,56.0547640447004,63,63,63,63,61,63,0,8046,1.33458767306251,26,-87,0.001869,51,2025-11-28 13:58:41.001479,360,1.037,0.0011,"aoml_navis",1028.51164273186
"7901009",94,0,1,0.020559,1,-0.001869,1,110.918579243649,1,4.86132977589572,362,1,12.3369998931885,35.4970016479492,0.020558999851346,0.00560173019766808,106.958099365234,-87.2241,26.1587,56.0547640447004,63,63,63,63,61,63,0,8046,1.33458767306251,26,-87,0.001869,51,2025-11-28 13:58:41.001479,362,1.037,0.0011,"aoml_navis",1028.52516296917
"7901009",94,0,1,0.022428,1,0,1,110.882073745007,1,4.86126490237075,364,1,12.289999961853,35.4910011291504,0.0224280003458261,0.00700216321274638,106.922897338867,-87.2241,26.1587,56.0547640447004,63,63,63,63,61,63,0,8046,1.33458767306251,26,-87,0.001869,51,2025-11-28 13:58:41.001479,364,1.037,0.0011,"aoml_navis",1028.5388886258
"7901009",94,0,1,0.022428,1,0,1,110.832402847634,1,4.86120596773219,366,1,12.2530002593994,35.4860000610352,0.0224280003458261,0.00700216321274638,106.875,-87.2241,26.1587,56.0547640447004,63,63,63,63,61,63,0,8046,1.33458767306251,26,-87,0.001869,51,2025-11-28 13:58:41.001479,366,1.037,0.0011,"aoml_navis",1028.55135807639
"7901009",94,0,1,0.026166,1,0.003738,1,110.716256180953,1,4.86115373223835,368,1,12.2229995727539,35.4809989929199,0.0261659994721413,0.00980302784591913,106.763000488281,-87.2241,26.1587,56.0547640447004,63,63,63,63,61,63,0,8046,1.33458767306251,26,-87,0.001869,51,2025-11-28 13:58:41.001479,368,1.037,0.0011,"aoml_navis",1028.5624103679
"7901009",94,0,1,0.026166,1,0.003738,1,110.639827243614,1,4.86109950207855,370,1,12.1870002746582,35.4749984741211,0.0261659994721413,0.00980302784591913,106.689300537109,-87.2241,26.1587,56.0547640447004,63,63,63,63,61,63,0,8046,1.33458767306251,26,-87,0.001869,51,2025-11-28 13:58:41.001479,370,1.037,0.0011,"aoml_navis",1028.57388495382
"7901009",94,0,1,0.022428,1,0,1,110.502001975659,1,4.8610422305804,372,1,12.1400003433228,35.4669990539551,0.0224280003458261,0.00700216321274638,106.556396484375,-87.2241,26.1587,56.0547640447004,63,63,63,63,61,63,0,8046,1.33458767306251,26,-87,0.001869,51,2025-11-28 13:58:41.001479,372,1.037,0.0011,"aoml_navis",1028.58600333596
"7901009",94,0,1,0.026166,1,0.003738,1,110.207386619582,1,4.86096972654165,374,1,12.0690002441406,35.4570007324219,0.0261659994721413,0.00980302784591913,106.272300720215,-87.2241,26.1587,56.0547640447004,63,63,63,63,61,63,0,8046,1.33458767306251,26,-87,0.001869,51,2025-11-28 13:58:41.001479,374,1.037,0.0011,"aoml_navis",1028.60134526229
"7901009",94,0,1,0.026166,1,0.003738,1,110.029020784864,1,4.86090185339069,376,1,11.9910001754761,35.4440002441406,0.0261659994721413,0.00980302784591913,106.100303649902,-87.2241,26.1587,56.0547640447004,63,63,63,63,61,63,0,8046,1.33458767306251,26,-87,0.001869,51,2025-11-28 13:58:41.001479,376,1.037,0.0011,"aoml_navis",1028.61570770294
"7901009",94,0,1,0.026166,1,0.003738,1,109.797344579567,1,4.86082888555759,378,1,11.918999671936,35.4339981079102,0.0261659994721413,0.00980302784591913,105.876899719238,-87.2241,26.1587,56.0547640447004,63,63,63,63,61,63,0,8046,1.33458767306251,26,-87,0.001869,51,2025-11-28 13:58:41.001479,378,1.037,0.0011,"aoml_navis",1028.63114866189
"7901009",94,0,1,0.024297,1,0.001869,1,109.620323767556,1,4.86076732813183,380,1,11.8590002059937,35.423999786377,0.0242970008403063,0.00840259529650211,105.706199645996,-87.2241,26.1587,56.0547640447004,63,63,63,63,61,63,0,8046,1.33458767306251,26,-87,0.001869,51,2025-11-28 13:58:41.001479,380,1.037,0.0011,"aoml_navis",1028.64417538819
"7901009",94,0,1,0.028035,1,0.005607,1,109.465701539562,1,4.86068169323517,382,1,11.7690000534058,35.4129981994629,0.0280349999666214,0.0112034603953362,105.557098388672,-87.2241,26.1587,56.0547640447004,63,63,63,63,61,63,0,8046,1.33458767306251,26,-87,0.001869,51,2025-11-28 13:58:41.001479,382,1.037,0.0011,"aoml_navis",1028.66229791569
"7901009",94,0,1,0.026166,1,0.003738,1,109.282564830184,1,4.86061881406587,384,1,11.7189998626709,35.4059982299805,0.0261659994721413,0.00980302784591913,105.380500793457,-87.2241,26.1587,56.0547640447004,63,63,63,63,61,63,0,8046,1.33458767306251,26,-87,0.001869,51,2025-11-28 13:58:41.001479,384,1.037,0.0011,"aoml_navis",1028.67560515768
"7901009",94,0,1,0.026166,1,0.003738,1,109.165278850151,1,4.86056714495433,386,1,11.6809997558594,35.398998260498,0.0261659994721413,0.00980302784591913,105.267402648926,-87.2241,26.1587,56.0547640447004,63,63,63,63,61,63,0,8046,1.33458767306251,26,-87,0.001869,51,2025-11-28 13:58:41.001479,386,1.037,0.0011,"aoml_navis",1028.68654025084
"7901009",94,0,1,0.022428,1,0,1,109.261511268873,1,4.86049607892691,388,1,11.6140003204346,35.3899993896484,0.0224280003458261,0.00700216321274638,105.360198974609,-87.2241,26.1587,56.0547640447004,63,63,63,63,61,63,0,8046,1.33458767306251,26,-87,0.001869,51,2025-11-28 13:58:41.001479,388,1.037,0.0011,"aoml_navis",1028.70158082792
"7901009",94,0,1,0.01869,1,-0.003738,1,109.354847932827,1,4.86044091472242,390,1,11.576000213623,35.3839988708496,0.0186899993568659,0.00420129764825106,105.450202941895,-87.2241,26.1587,56.0547640447004,63,63,63,63,61,63,0,8046,1.33458767306251,26,-87,0.001869,51,2025-11-28 13:58:41.001479,390,1.037,0.0011,"aoml_navis",1028.71325620992
"7901009",94,0,1,0.020559,1,-0.001869,1,109.518173248923,1,4.86039413065036,392,1,11.5590000152588,35.3810005187988,0.020558999851346,0.00560173019766808,105.607696533203,-87.2241,26.1587,56.0547640447004,63,63,63,63,61,63,0,8046,1.33458767306251,26,-87,0.001869,51,2025-11-28 13:58:41.001479,392,1.037,0.0011,"aoml_navis",1028.72315816309
"7901009",94,0,1,0.028035,1,0.005607,1,109.719570619521,1,4.86034182106016,394,1,11.5279998779297,35.3759994506836,0.0280349999666214,0.0112034603953362,105.801902770996,-87.2241,26.1587,56.0547640447004,63,63,63,63,61,63,0,8046,1.33458767306251,26,-87,0.001869,51,2025-11-28 13:58:41.001479,394,1.037,0.0011,"aoml_navis",1028.73422983023
"7901009",94,0,1,0.029904,1,0.007476,1,109.860813827531,1,4.8602978232198,396,1,11.5139999389648,35.3730010986328,0.0299040004611015,0.0126038929447532,105.938102722168,-87.2241,26.1587,56.0547640447004,63,63,63,63,61,63,0,8046,1.33458767306251,26,-87,0.001869,51,2025-11-28 13:58:41.001479,396,1.037,0.0011,"aoml_navis",1028.74354244565
"7901009",94,0,1,0.024297,1,0.001869,1,109.997903288947,1,4.86025017447363,398,1,11.496000289917,35.3699989318848,0.0242970008403063,0.00840259529650211,106.070297241211,-87.2241,26.1587,56.0547640447004,63,63,63,63,61,63,0,8046,1.33458767306251,26,-87,0.001869,51,2025-11-28 13:58:41.001479,398,1.037,0.0011,"aoml_navis",1028.75362800465
"7901009",94,0,1,0.024297,1,0.001869,1,110.324981163647,1,4.86020434352143,400,1,11.4720001220703,35.3650016784668,0.0242970008403063,0.00840259529650211,106.385696411133,-87.2241,26.1587,56.0547640447004,63,63,63,63,61,63,0,8046,1.33458767306251,26,-87,0.001869,51,2025-11-28 13:58:41.001479,400,1.037,0.0011,"aoml_navis",1028.76332898737
"7901009",94,0,1,0.026166,1,0.003738,1,110.62167734897,1,4.86013301622406,402,1,11.3800001144409,35.3499984741211,0.0261659994721413,0.00980302784591913,106.671798706055,-87.2241,26.1587,56.0547640447004,63,63,63,63,61,63,0,8046,1.33458767306251,26,-87,0.001869,51,2025-11-28 13:58:41.001479,402,1.037,0.0011,"aoml_navis",1028.77842711486
"7901009",94,0,1,0.028035,1,0.005607,1,110.702362887582,1,4.86005733695423,404,1,11.3070001602173,35.3409996032715,0.0280349999666214,0.0112034603953362,106.749603271484,-87.2241,26.1587,56.0547640447004,63,63,63,63,61,63,0,8046,1.33458767306251,26,-87,0.001869,51,2025-11-28 13:58:41.001479,404,1.037,0.0011,"aoml_navis",1028.7944469259
"7901009",94,0,1,0.024297,1,0.001869,1,110.445692995633,1,4.85999542095594,406,1,11.2569999694824,35.3339996337891,0.0242970008403063,0.00840259529650211,106.502098083496,-87.2241,26.1587,56.0547640447004,63,63,63,63,61,63,0,8046,1.33458767306251,26,-87,0.001869,51,2025-11-28 13:58:41.001479,406,1.037,0.0011,"aoml_navis",1028.80755369447
"7901009",94,0,1,0.024297,1,0.001869,1,110.210495995604,1,4.85995239858933,408,1,11.2519998550415,35.3330001831055,0.0242970008403063,0.00840259529650211,106.275299072266,-87.2241,26.1587,56.0547640447004,63,63,63,63,61,63,0,8046,1.33458767306251,26,-87,0.001869,51,2025-11-28 13:58:41.001479,408,1.037,0.0011,"aoml_navis",1028.81666113671
"7901009",94,0,1,0.028035,1,0.005607,1,110.146923892962,1,4.85990843733819,410,1,11.25,35.3330001831055,0.0280349999666214,0.0112034603953362,106.213996887207,-87.2241,26.1587,56.0547640447004,63,63,63,63,61,63,0,8046,1.33458767306251,26,-87,0.001869,51,2025-11-28 13:58:41.001479,410,1.037,0.0011,"aoml_navis",1028.82596749879
"7901009",94,0,1,0.026166,1,0.003738,1,110.202512890244,1,4.85984930447606,412,1,11.2069997787476,35.3269996643066,0.0261659994721413,0.00980302784591913,106.267601013184,-87.2241,26.1587,56.0547640447004,63,63,63,63,61,63,0,8046,1.33458767306251,26,-87,0.001869,51,2025-11-28 13:58:41.001479,412,1.037,0.0011,"aoml_navis",1028.83848587545
"7901009",94,0,1,0.026166,1,0.003738,1,110.181253619578,1,4.8598000853159,414,1,11.1829996109009,35.3230018615723,0.0261659994721413,0.00980302784591913,106.247100830078,-87.2241,26.1587,56.0547640447004,63,63,63,63,61,63,0,8046,1.33458767306251,26,-87,0.001869,51,2025-11-28 13:58:41.001479,414,1.037,0.0011,"aoml_navis",1028.84890576214
"7901009",94,0,1,0.028035,1,0.005607,1,110.167977454273,1,4.85975190612112,416,1,11.1520004272461,35.3170013427734,0.0280349999666214,0.0112034603953362,106.234298706055,-87.2241,26.1587,56.0547640447004,63,63,63,63,61,63,0,8046,1.33458767306251,26,-87,0.001869,51,2025-11-28 13:58:41.001479,416,1.037,0.0011,"aoml_navis",1028.85910568855
"7901009",94,0,1,0.029904,1,0.007476,1,110.383062408886,1,4.85967879448944,418,1,11.0769996643066,35.306999206543,0.0299040004611015,0.0126038929447532,106.441703796387,-87.2241,26.1587,56.0547640447004,63,63,63,63,61,63,0,8046,1.33458767306251,26,-87,0.001869,51,2025-11-28 13:58:41.001479,418,1.037,0.0011,"aoml_navis",1028.87458440045
"7901009",94,0,1,0.024297,1,0.001869,1,110.597933742246,1,4.85962378178951,420,1,11.0260000228882,35.2980003356934,0.0242970008403063,0.00840259529650211,106.648902893066,-87.2241,26.1587,56.0547640447004,63,63,63,63,61,63,0,8046,1.33458767306251,26,-87,0.001869,51,2025-11-28 13:58:41.001479,420,1.037,0.0011,"aoml_navis",1028.8862316331
"7901009",94,0,1,0.026166,1,0.003738,1,110.861336659627,1,4.85956073992774,422,1,10.9700002670288,35.2900009155273,0.0261659994721413,0.00980302784591913,106.902900695801,-87.2241,26.1587,56.0547640447004,63,63,63,63,61,63,0,8046,1.33458767306251,26,-87,0.001869,51,2025-11-28 13:58:41.001479,422,1.037,0.0011,"aoml_navis",1028.89957911594
"7901009",94,0,1,0.028035,1,0.005607,1,110.985885762277,1,4.85951193876921,424,1,10.9379997253418,35.2840003967285,0.0280349999666214,0.0112034603953362,107.023002624512,-87.2241,26.1587,56.0547640447004,63,63,63,63,61,63,0,8046,1.33458767306251,26,-87,0.001869,51,2025-11-28 13:58:41.001479,424,1.037,0.0011,"aoml_navis",1028.90991173619
"7901009",94,0,1,0.026166,1,0.003738,1,111.168294577013,1,4.85946209782137,426,1,10.9130001068115,35.2799987792969,0.0261659994721413,0.00980302784591913,107.19889831543,-87.2241,26.1587,56.0547640447004,63,63,63,63,61,63,0,8046,1.33458767306251,26,-87,0.001869,51,2025-11-28 13:58:41.001479,426,1.037,0.0011,"aoml_navis",1028.9204647242
"7901009",94,0,1,0.028035,1,0.005607,1,111.277803161042,1,4.85940832857528,428,1,10.8629999160767,35.2709999084473,0.0280349999666214,0.0112034603953362,107.304496765137,-87.2241,26.1587,56.0547640447004,63,63,63,63,61,63,0,8046,1.33458767306251,26,-87,0.001869,51,2025-11-28 13:58:41.001479,428,1.037,0.0011,"aoml_navis",1028.93184970647
"7901009",94,0,1,0.029904,1,0.007476,1,110.968772326307,1,4.85934780575619,430,1,10.7969999313354,35.2599983215332,0.0299040004611015,0.0126038929447532,107.006500244141,-87.2241,26.1587,56.0547640447004,63,63,63,63,61,63,0,8046,1.33458767306251,26,-87,0.001869,51,2025-11-28 13:58:41.001479,430,1.037,0.0011,"aoml_navis",1028.94466497689
"7901009",94,0,1,0.028035,1,0.005607,1,110.385855308977,1,4.85926712927149,432,1,10.7080001831055,35.2490005493164,0.0280349999666214,0.0112034603953362,106.444396972656,-87.2241,26.1587,56.0547640447004,63,63,63,63,61,63,0,8046,1.33458767306251,26,-87,0.001869,51,2025-11-28 13:58:41.001479,432,1.037,0.0011,"aoml_navis",1028.96174813703
"7901009",94,0,1,0.028035,1,0.005607,1,109.946990223546,1,4.85919399579637,434,1,10.6479997634888,35.2430000305176,0.0280349999666214,0.0112034603953362,106.021202087402,-87.2241,26.1587,56.0547640447004,63,63,63,63,61,63,0,8046,1.33458767306251,26,-87,0.001869,51,2025-11-28 13:58:41.001479,434,1.037,0.0011,"aoml_navis",1028.97723456307
"7901009",94,0,1,0.029904,1,0.007476,1,109.675801998262,1,4.85912995419697,436,1,10.5939998626709,35.2360000610352,0.0299040004611015,0.0126038929447532,105.759696960449,-87.2241,26.1587,56.0547640447004,63,63,63,63,61,63,0,8046,1.33458767306251,26,-87,0.001869,51,2025-11-28 13:58:41.001479,436,1.037,0.0011,"aoml_navis",1028.99079611595
"7901009",94,0,1,0.029904,1,0.007476,1,109.427748163535,1,4.85905815560472,438,1,10.5310001373291,35.2290000915527,0.0299040004611015,0.0126038929447532,105.520500183105,-87.2241,26.1587,56.0547640447004,63,63,63,63,61,63,0,8046,1.33458767306251,26,-87,0.001869,51,2025-11-28 13:58:41.001479,438,1.037,0.0011,"aoml_navis",1029.00600072726
"7901009",94,0,1,0.028035,1,0.005607,1,109.244089268871,1,4.85899141694849,440,1,10.4820003509521,35.2239990234375,0.0280349999666214,0.0112034603953362,105.343399047852,-87.2241,26.1587,56.0547640447004,63,63,63,63,61,63,0,8046,1.33458767306251,26,-87,0.001869,51,2025-11-28 13:58:41.001479,440,1.037,0.0011,"aoml_navis",1029.02013421132
"7901009",94,0,1,0.029904,1,0.007476,1,109.183737308827,1,4.85893173675462,442,1,10.4409999847412,35.2190017700195,0.0299040004611015,0.0126038929447532,105.285202026367,-87.2241,26.1587,56.0547640447004,63,63,63,63,61,63,0,8046,1.33458767306251,26,-87,0.001869,51,2025-11-28 13:58:41.001479,442,1.037,0.0011,"aoml_navis",1029.03277322838
"7901009",94,0,1,0.028035,1,0.005607,1,108.561727602119,1,4.85888606479507,444,1,10.4160003662109,35.2140007019043,0.0280349999666214,0.0112034603953362,104.685401916504,-87.2241,26.1587,56.0547640447004,63,63,63,63,61,63,0,8046,1.33458767306251,26,-87,0.001869,51,2025-11-28 13:58:41.001479,444,1.037,0.0011,"aoml_navis",1029.04244580406
"7901009",94,0,1,0.026166,1,0.003738,1,108.12679473013,1,4.85881135509847,446,1,10.3660001754761,35.2109985351562,0.0261659994721413,0.00980302784591913,104.265998840332,-87.2241,26.1587,56.0547640447004,63,63,63,63,61,63,0,8046,1.33458767306251,26,-87,0.001869,51,2025-11-28 13:58:41.001479,446,1.037,0.0011,"aoml_navis",1029.05826849058
"7901009",94,0,1,0.031773,1,0.009345,1,107.920737251449,1,4.85875907507732,448,1,10.3459997177124,35.2089996337891,0.0317730009555817,0.0140043264254928,104.06729888916,-87.2241,26.1587,56.0547640447004,63,63,63,63,61,63,0,8046,1.33458767306251,26,-87,0.001869,51,2025-11-28 13:58:41.001479,448,1.037,0.0011,"aoml_navis",1029.06934110958
"7901009",94,0,1,0.028035,1,0.005607,1,107.721215000743,1,4.85870594354894,450,1,10.3249998092651,35.2070007324219,0.0280349999666214,0.0112034603953362,103.874900817871,-87.2241,26.1587,56.0547640447004,63,63,63,63,61,63,0,8046,1.33458767306251,26,-87,0.001869,51,2025-11-28 13:58:41.001479,450,1.037,0.0011,"aoml_navis",1029.08059431723
"7901009",94,0,1,0.026166,1,0.003738,1,107.72888954207,1,4.85864328921177,452,1,10.2760000228882,35.201000213623,0.0261659994721413,0.00980302784591913,103.882301330566,-87.2241,26.1587,56.0547640447004,63,63,63,63,61,63,0,8046,1.33458767306251,26,-87,0.001869,51,2025-11-28 13:58:41.001479,452,1.037,0.0011,"aoml_navis",1029.09386476305
"7901009",94,0,1,0.022428,1,0,1,107.87531504345,1,4.85858504998939,454,1,10.2320003509521,35.1949996948242,0.0224280003458261,0.00700216321274638,104.023498535156,-87.2241,26.1587,56.0547640447004,63,63,63,63,61,63,0,8046,1.33458767306251,26,-87,0.001869,51,2025-11-28 13:58:41.001479,454,1.037,0.0011,"aoml_navis",1029.10620037637
"7901009",94,0,1,0.028035,1,0.005607,1,108.003495707408,1,4.85852541280012,456.100006103516,1,10.1929998397827,35.189998626709,0.0280349999666214,0.0112034603953362,104.147102355957,-87.2241,26.1587,56.0547640447004,63,63,63,63,61,63,0,8046,1.33458767306251,26,-87,0.001869,51,2025-11-28 13:58:41.001479,456.100006103516,1.037,0.0011,"aoml_navis",1029.11883239865
"7901009",94,0,1,0.029904,1,0.007476,1,108.113004291436,1,4.85847968141229,458,1,10.1780004501343,35.1879997253418,0.0299040004611015,0.0126038929447532,104.252700805664,-87.2241,26.1587,56.0547640447004,63,63,63,63,61,63,0,8046,1.33458767306251,26,-87,0.001869,51,2025-11-28 13:58:41.001479,458,1.037,0.0011,"aoml_navis",1029.12851918042
"7901009",94,0,1,0.028035,1,0.005607,1,108.388021875485,1,4.85842567756972,460,1,10.1429996490479,35.1829986572266,0.0280349999666214,0.0112034603953362,104.51789855957,-87.2241,26.1587,56.0547640447004,63,63,63,63,61,63,0,8046,1.33458767306251,26,-87,0.001869,51,2025-11-28 13:58:41.001479,460,1.037,0.0011,"aoml_navis",1029.13995846101
"7901009",94,0,1,0.029904,1,0.007476,1,108.712409704772,1,4.85836828164763,462,1,10.1040000915527,35.1780014038086,0.0299040004611015,0.0126038929447532,104.830703735352,-87.2241,26.1587,56.0547640447004,63,63,63,63,61,63,0,8046,1.33458767306251,26,-87,0.001869,51,2025-11-28 13:58:41.001479,462,1.037,0.0011,"aoml_navis",1029.15211654237
"7901009",94,0,1,0.022428,1,0,1,108.836539476813,1,4.85831927467059,464,1,10.0790004730225,35.173999786377,0.0224280003458261,0.00700216321274638,104.950401306152,-87.2241,26.1587,56.0547640447004,63,63,63,63,61,63,0,8046,1.33458767306251,26,-87,0.001869,51,2025-11-28 13:58:41.001479,464,1.037,0.0011,"aoml_navis",1029.16249783502
"7901009",94,0,1,0.026166,1,0.003738,1,108.863503226135,1,4.85827345019884,466,1,10.0620002746582,35.1710014343262,0.0261659994721413,0.00980302784591913,104.976402282715,-87.2241,26.1587,56.0547640447004,63,63,63,63,61,63,0,8046,1.33458767306251,26,-87,0.001869,51,2025-11-28 13:58:41.001479,466,1.037,0.0011,"aoml_navis",1029.17220515765
"7901009",94,0,1,0.031773,1,0.009345,1,108.899280830136,1,4.85822800607765,468,1,10.0539999008179,35.1699981689453,0.0317730009555817,0.0140043264254928,105.010902404785,-87.2241,26.1587,56.0547640447004,63,63,63,63,61,63,0,8046,1.33458767306251,26,-87,0.001869,51,2025-11-28 13:58:41.001479,468,1.037,0.0011,"aoml_navis",1029.18183208878
"7901009",94,0,1,0.029904,1,0.007476,1,108.841516060828,1,4.85818451063776,470,1,10.043999671936,35.1679992675781,0.0299040004611015,0.0126038929447532,104.955200195312,-87.2241,26.1587,56.0547640447004,63,63,63,63,61,63,0,8046,1.33458767306251,26,-87,0.001869,51,2025-11-28 13:58:41.001479,470,1.037,0.0011,"aoml_navis",1029.19104637786
"7901009",94,0,1,0.029904,1,0.007476,1,108.805841311505,1,4.85814016478064,472,1,10.0329999923706,35.1660003662109,0.0299040004611015,0.0126038929447532,104.920799255371,-87.2241,26.1587,56.0547640447004,63,63,63,63,61,63,0,8046,1.33458767306251,26,-87,0.001869,51,2025-11-28 13:58:41.001479,472,1.037,0.0011,"aoml_navis",1029.2004409934
"7901009",94,0,1,0.026166,1,0.003738,1,108.805532747472,1,4.85809240616661,474,1,10.0179996490479,35.1640014648438,0.0261659994721413,0.00980302784591913,104.920501708984,-87.2241,26.1587,56.0547640447004,63,63,63,63,61,63,0,8046,1.33458767306251,26,-87,0.001869,51,2025-11-28 13:58:41.001479,474,1.037,0.0011,"aoml_navis",1029.21055878914
"7901009",94,0,1,0.026166,1,0.003738,1,108.864745394164,1,4.8580446705113,476,1,10.0030002593994,35.1619987487793,0.0261659994721413,0.00980302784591913,104.977600097656,-87.2241,26.1587,56.0547640447004,63,63,63,63,61,63,0,8046,1.33458767306251,26,-87,0.001869,51,2025-11-28 13:58:41.001479,476,1.037,0.0011,"aoml_navis",1029.22067191979
"7901009",94,0,1,0.029904,1,0.007476,1,109.075368038151,1,4.85798350092193,478,1,9.95499992370605,35.1559982299805,0.0299040004611015,0.0126038929447532,105.180702209473,-87.2241,26.1587,56.0547640447004,63,63,63,63,61,63,0,8046,1.33458767306251,26,-87,0.001869,51,2025-11-28 13:58:41.001479,478,1.037,0.0011,"aoml_navis",1029.23363141335
"7901009",94,0,1,0.028035,1,0.005607,1,109.290342226188,1,4.85791873505668,480,1,9.89400005340576,35.1479988098145,0.0280349999666214,0.0112034603953362,105.388000488281,-87.2241,26.1587,56.0547640447004,63,63,63,63,61,63,0,8046,1.33458767306251,26,-87,0.001869,51,2025-11-28 13:58:41.001479,480,1.037,0.0011,"aoml_navis",1029.24735317575
"7901009",94,0,1,0.022428,1,0,1,109.483748579528,1,4.85786005479344,482,1,9.84000015258789,35.1399993896484,0.0224280003458261,0.00700216321274638,105.574501037598,-87.2241,26.1587,56.0547640447004,63,63,63,63,61,63,0,8046,1.33458767306251,26,-87,0.001869,51,2025-11-28 13:58:41.001479,482,1.037,0.0011,"aoml_navis",1029.25978591464
"7901009",94,0,1,0.029904,1,0.007476,1,109.658482852937,1,4.85779977161262,484,1,9.79699993133545,35.1349983215332,0.0299040004611015,0.0126038929447532,105.74299621582,-87.2241,26.1587,56.0547640447004,63,63,63,63,61,63,0,8046,1.33458767306251,26,-87,0.001869,51,2025-11-28 13:58:41.001479,484,1.037,0.0011,"aoml_navis",1029.27255858061
"7901009",94,0,1,0.028035,1,0.005607,1,109.671031123602,1,4.85775665855787,486,1,9.78299999237061,35.1319999694824,0.0280349999666214,0.0112034603953362,105.755096435547,-87.2241,26.1587,56.0547640447004,63,63,63,63,61,63,0,8046,1.33458767306251,26,-87,0.001869,51,2025-11-28 13:58:41.001479,486,1.037,0.0011,"aoml_navis",1029.28169347296
"7901009",94,0,1,0.029904,1,0.007476,1,109.77017512089,1,4.85769984359001,488,1,9.74400043487549,35.1269989013672,0.0299040004611015,0.0126038929447532,105.850700378418,-87.2241,26.1587,56.0547640447004,63,63,63,63,61,63,0,8046,1.33458767306251,26,-87,0.001869,51,2025-11-28 13:58:41.001479,488,1.037,0.0011,"aoml_navis",1029.29373180555
"7901009",94,0,1,0.024297,1,0.001869,1,109.955179038261,1,4.85763635561194,490,1,9.69699954986572,35.1220016479492,0.0242970008403063,0.00840259529650211,106.029098510742,-87.2241,26.1587,56.0547640447004,63,63,63,63,61,63,0,8046,1.33458767306251,26,-87,0.001869,51,2025-11-28 13:58:41.001479,490,1.037,0.0011,"aoml_navis",1029.307184393
"7901009",94,0,1,0.029904,1,0.007476,1,110.109904120932,1,4.85758806602681,492,1,9.66800022125244,35.117000579834,0.0299040004611015,0.0126038929447532,106.178298950195,-87.2241,26.1587,56.0547640447004,63,63,63,63,61,63,0,8046,1.33458767306251,26,-87,0.001869,51,2025-11-28 13:58:41.001479,492,1.037,0.0011,"aoml_navis",1029.31741679975
"7901009",94,0,1,0.026166,1,0.003738,1,110.157399246279,1,4.85754354390241,494,1,9.66100025177002,35.1160011291504,0.0261659994721413,0.00980302784591913,106.224098205566,-87.2241,26.1587,56.0547640447004,63,63,63,63,61,63,0,8046,1.33458767306251,26,-87,0.001869,51,2025-11-28 13:58:41.001479,494,1.037,0.0011,"aoml_navis",1029.32685107402
"7901009",94,0,1,0.024297,1,0.001869,1,110.244509246289,1,4.85750270998837,496,1,9.6540002822876,35.1139984130859,0.0242970008403063,0.00840259529650211,106.308097839355,-87.2241,26.1587,56.0547640447004,63,63,63,63,61,63,0,8046,1.33458767306251,26,-87,0.001869,51,2025-11-28 13:58:41.001479,496,1.037,0.0011,"aoml_navis",1029.33550396557
"7901009",94,0,1,0.029904,1,0.007476,1,110.34914410098,1,4.85745683559319,498,1,9.64099979400635,35.1119995117188,0.0299040004611015,0.0126038929447532,106.408996582031,-87.2241,26.1587,56.0547640447004,63,63,63,63,61,63,0,8046,1.33458767306251,26,-87,0.001869,51,2025-11-28 13:58:41.001479,498,1.037,0.0011,"aoml_navis",1029.34522513146
"7901009",94,0,1,0.028035,1,0.005607,1,110.447457348949,1,4.85740626778477,500,1,9.61800003051758,35.109001159668,0.0280349999666214,0.0112034603953362,106.503799438477,-87.2241,26.1587,56.0547640447004,63,63,63,63,61,63,0,8046,1.33458767306251,26,-87,0.001869,51,2025-11-28 13:58:41.001479,500,1.037,0.0011,"aoml_navis",1029.3559410834
"7901009",94,0,1,0.028035,1,0.005607,1,110.484999306265,1,4.8573610782295,502,1,9.59700012207031,35.1049995422363,0.0280349999666214,0.0112034603953362,106.540000915527,-87.2241,26.1587,56.0547640447004,63,63,63,63,61,63,0,8046,1.33458767306251,26,-87,0.001869,51,2025-11-28 13:58:41.001479,502,1.037,0.0011,"aoml_navis",1029.36551750493
"7901009",94,0,1,0.026166,1,0.003738,1,110.550122140969,1,4.85730754117976,504,1,9.56599998474121,35.101001739502,0.0261659994721413,0.00980302784591913,106.602798461914,-87.2241,26.1587,56.0547640447004,63,63,63,63,61,63,0,8046,1.33458767306251,26,-87,0.001869,51,2025-11-28 13:58:41.001479,504,1.037,0.0011,"aoml_navis",1029.37686313055
"7901009",94,0,1,0.026166,1,0.003738,1,110.648126824905,1,4.85723891663969,506,1,9.50800037384033,35.0950012207031,0.0261659994721413,0.00980302784591913,106.697303771973,-87.2241,26.1587,56.0547640447004,63,63,63,63,61,63,0,8046,1.33458767306251,26,-87,0.001869,51,2025-11-28 13:58:41.001479,506,1.037,0.0011,"aoml_navis",1029.39140647812
"7901009",94,0,1,0.026166,1,0.003738,1,110.681412180949,1,4.85718585654879,508,1,9.47299957275391,35.0900001525879,0.0261659994721413,0.00980302784591913,106.729400634766,-87.2241,26.1587,56.0547640447004,63,63,63,63,61,63,0,8046,1.33458767306251,26,-87,0.001869,51,2025-11-28 13:58:41.001479,508,1.037,0.0011,"aoml_navis",1029.40265159067
"7901009",94,0,1,0.028035,1,0.005607,1,110.693232556972,1,4.85713425723909,510,1,9.45300006866455,35.0880012512207,0.0280349999666214,0.0112034603953362,106.740798950195,-87.2241,26.1587,56.0547640447004,63,63,63,63,61,63,0,8046,1.33458767306251,26,-87,0.001869,51,2025-11-28 13:58:41.001479,510,1.037,0.0011,"aoml_navis",1029.41358735307
"7901009",94,0,1,0.031773,1,0.009345,1,110.718431952979,1,4.85708932013547,512,1,9.44099998474121,35.0859985351562,0.0317730009555817,0.0140043264254928,106.765098571777,-87.2241,26.1587,56.0547640447004,63,63,63,63,61,63,0,8046,1.33458767306251,26,-87,0.001869,51,2025-11-28 13:58:41.001479,512,1.037,0.0011,"aoml_navis",1029.42311134203
"7901009",94,0,1,0.029904,1,0.007476,1,110.802954762254,1,4.85704141634344,514,1,9.42099952697754,35.0830001831055,0.0299040004611015,0.0126038929447532,106.846603393555,-87.2241,26.1587,56.0547640447004,63,63,63,63,61,63,0,8046,1.33458767306251,26,-87,0.001869,51,2025-11-28 13:58:41.001479,514,1.037,0.0011,"aoml_navis",1029.43326428626
"7901009",94,0,1,0.028035,1,0.005607,1,110.866724662353,1,4.8569851688253,516,1,9.38199996948242,35.0779991149902,0.0280349999666214,0.0112034603953362,106.908096313477,-87.2241,26.1587,56.0547640447004,63,63,63,63,61,63,0,8046,1.33458767306251,26,-87,0.001869,51,2025-11-28 13:58:41.001479,516,1.037,0.0011,"aoml_navis",1029.44518589281
"7901009",94,0,1,0.026166,1,0.003738,1,110.94004422367,1,4.85693355103877,518,1,9.35299968719482,35.0740013122559,0.0261659994721413,0.00980302784591913,106.978797912598,-87.2241,26.1587,56.0547640447004,63,63,63,63,61,63,0,8046,1.33458767306251,26,-87,0.001869,51,2025-11-28 13:58:41.001479,518,1.037,0.0011,"aoml_navis",1029.45612647524
"7901009",94,0,1,0.026166,1,0.003738,1,111.00288843167,1,4.85686505942588,520,1,9.29899978637695,35.0690002441406,0.0261659994721413,0.00980302784591913,107.039398193359,-87.2241,26.1587,56.0547640447004,63,63,63,63,61,63,0,8046,1.33458767306251,26,-87,0.001869,51,2025-11-28 13:58:41.001479,520,1.037,0.0011,"aoml_navis",1029.47064388712
"7901009",94,0,1,0.024297,1,0.001869,1,110.980078428943,1,4.85681766463173,522,1,9.27499961853027,35.064998626709,0.0242970008403063,0.00840259529650211,107.017402648926,-87.2241,26.1587,56.0547640447004,63,63,63,63,61,63,0,8046,1.33458767306251,26,-87,0.001869,51,2025-11-28 13:58:41.001479,522,1.037,0.0011,"aoml_navis",1029.48068987867
"7901009",94,0,1,0.035511,1,0.013083,1,111.059513887626,1,4.85675999917626,524,1,9.23400020599365,35.060001373291,0.0355109982192516,0.0168051905930042,107.09400177002,-87.2241,26.1587,56.0547640447004,63,63,63,63,61,63,0,8046,1.33458767306251,26,-87,0.001869,51,2025-11-28 13:58:41.001479,524,1.037,0.0011,"aoml_navis",1029.4929131454
"7901009",94,0,1,0.029904,1,0.007476,1,111.150461158301,1,4.85669914410222,526,1,9.18900012969971,35.0550003051758,0.0299040004611015,0.0126038929447532,107.181701660156,-87.2241,26.1587,56.0547640447004,63,63,63,63,61,63,0,8046,1.33458767306251,26,-87,0.001869,51,2025-11-28 13:58:41.001479,526,1.037,0.0011,"aoml_navis",1029.50581282594
"7901009",94,0,1,0.028035,1,0.005607,1,111.35818013562,1,4.85663551737072,528,1,9.14500045776367,35.0509986877441,0.0280349999666214,0.0112034603953362,107.38200378418,-87.2241,26.1587,56.0547640447004,63,63,63,63,61,63,0,8046,1.33458767306251,26,-87,0.001869,51,2025-11-28 13:58:41.001479,528,1.037,0.0011,"aoml_navis",1029.51930037091
"7901009",94,0,1,0.028035,1,0.005607,1,111.511552283687,1,4.85658013609551,530,1,9.10200023651123,35.0449981689453,0.0280349999666214,0.0112034603953362,107.529899597168,-87.2241,26.1587,56.0547640447004,63,63,63,63,61,63,0,8046,1.33458767306251,26,-87,0.001869,51,2025-11-28 13:58:41.001479,530,1.037,0.0011,"aoml_navis",1029.53104033815
"7901009",94,0,1,0.033642,1,0.011214,1,111.597214406313,1,4.85652680188471,532,1,9.07499980926514,35.0419998168945,0.0336420014500618,0.0154047571122646,107.612503051758,-87.2241,26.1587,56.0547640447004,63,63,63,63,61,63,0,8046,1.33458767306251,26,-87,0.001869,51,2025-11-28 13:58:41.001479,532,1.037,0.0011,"aoml_navis",1029.54234661273
"7901009",94,0,1,0.029904,1,0.007476,1,111.675399785069,1,4.85647393728314,534,1,9.04399967193604,35.0379981994629,0.0299040004611015,0.0126038929447532,107.687896728516,-87.2241,26.1587,56.0547640447004,63,63,63,63,61,63,0,8046,1.33458767306251,26,-87,0.001869,51,2025-11-28 13:58:41.001479,534,1.037,0.0011,"aoml_navis",1029.55355358031
"7901009",94,0,1,0.028035,1,0.005607,1,111.76531059707,1,4.85642147637843,536,1,9.01799964904785,35.0349998474121,0.0280349999666214,0.0112034603953362,107.774597167969,-87.2241,26.1587,56.0547640447004,63,63,63,63,61,63,0,8046,1.33458767306251,26,-87,0.001869,51,2025-11-28 13:58:41.001479,536,1.037,0.0011,"aoml_navis",1029.56467520785
"7901009",94,0,1,0.029904,1,0.007476,1,111.84246742905,1,4.85637184709892,538,1,9,35.0330009460449,0.0299040004611015,0.0126038929447532,107.848999023438,-87.2241,26.1587,56.0547640447004,63,63,63,63,61,63,0,8046,1.33458767306251,26,-87,0.001869,51,2025-11-28 13:58:41.001479,538,1.037,0.0011,"aoml_navis",1029.57519675658
"7901009",94,0,1,0.028035,1,0.005607,1,111.965774363671,1,4.85630937145399,540,1,8.95699977874756,35.0289993286133,0.0280349999666214,0.0112034603953362,107.967903137207,-87.2241,26.1587,56.0547640447004,63,63,63,63,61,63,0,8046,1.33458767306251,26,-87,0.001869,51,2025-11-28 13:58:41.001479,540,1.037,0.0011,"aoml_navis",1029.58844207715
"7901009",94,0,1,0.028035,1,0.005607,1,112.186761594398,1,4.85624984380653,542,1,8.91300010681152,35.023998260498,0.0280349999666214,0.0112034603953362,108.180999755859,-87.2241,26.1587,56.0547640447004,63,63,63,63,61,63,0,8046,1.33458767306251,26,-87,0.001869,51,2025-11-28 13:58:41.001479,542,1.037,0.0011,"aoml_navis",1029.60106271649
"7901009",94,0,1,0.024297,1,0.001869,1,112.372287697055,1,4.85619762572373,544,1,8.87800025939941,35.0190010070801,0.0242970008403063,0.00840259529650211,108.359901428223,-87.2241,26.1587,56.0547640447004,63,63,63,63,61,63,0,8046,1.33458767306251,26,-87,0.001869,51,2025-11-28 13:58:41.001479,544,1.037,0.0011,"aoml_navis",1029.61213388733
"7901009",94,0,1,0.028035,1,0.005607,1,112.376433531751,1,4.85613985107673,546,1,8.83600044250488,35.0139999389648,0.0280349999666214,0.0112034603953362,108.363899230957,-87.2241,26.1587,56.0547640447004,63,63,63,63,61,63,0,8046,1.33458767306251,26,-87,0.001869,51,2025-11-28 13:58:41.001479,546,1.037,0.0011,"aoml_navis",1029.62438342697
"7901009",94,0,1,0.029904,1,0.007476,1,112.18707015843,1,4.85608265900634,548,1,8.8129997253418,35.0130004882812,0.0299040004611015,0.0126038929447532,108.181297302246,-87.2241,26.1587,56.0547640447004,63,63,63,63,61,63,0,8046,1.33458767306251,26,-87,0.001869,51,2025-11-28 13:58:41.001479,548,1.037,0.0011,"aoml_navis",1029.63650973419
"7901009",94,0,1,0.029904,1,0.007476,1,111.809696346394,1,4.8560343017872,550,1,8.80099964141846,35.0120010375977,0.0299040004611015,0.0126038929447532,107.817398071289,-87.2241,26.1587,56.0547640447004,63,63,63,63,61,63,0,8046,1.33458767306251,26,-87,0.001869,51,2025-11-28 13:58:41.001479,550,1.037,0.0011,"aoml_navis",1029.64676303045
"7901009",94,0,1,0.031773,1,0.009345,1,111.345109679669,1,4.85598114404869,552,1,8.78299999237061,35.0110015869141,0.0317730009555817,0.0140043264254928,107.369400024414,-87.2241,26.1587,56.0547640447004,63,63,63,63,61,63,0,8046,1.33458767306251,26,-87,0.001869,51,2025-11-28 13:58:41.001479,552,1.037,0.0011,"aoml_navis",1029.65803442787
"7901009",94,0,1,0.028035,1,0.005607,1,110.821721784963,1,4.85591792142407,554,1,8.75699996948242,35.0110015869141,0.0280349999666214,0.0112034603953362,106.864700317383,-87.2241,26.1587,56.0547640447004,63,63,63,63,61,63,0,8046,1.33458767306251,26,-87,0.001869,51,2025-11-28 13:58:41.001479,554,1.037,0.0011,"aoml_navis",1029.67144027296
"7901009",94,0,1,0.029904,1,0.007476,1,110.413444098263,1,4.85586575490123,556,1,8.75399971008301,35.0130004882812,0.0299040004611015,0.0126038929447532,106.471000671387,-87.2241,26.1587,56.0547640447004,63,63,63,63,61,63,0,8046,1.33458767306251,26,-87,0.001869,51,2025-11-28 13:58:41.001479,556,1.037,0.0011,"aoml_navis",1029.68250202413
"7901009",94,0,1,0.028035,1,0.005607,1,110.227403722218,1,4.85581086997264,558,1,8.74300003051758,35.0139999389648,0.0280349999666214,0.0112034603953362,106.291603088379,-87.2241,26.1587,56.0547640447004,63,63,63,63,61,63,0,8046,1.33458767306251,26,-87,0.001869,51,2025-11-28 13:58:41.001479,558,1.037,0.0011,"aoml_navis",1029.69414046148
"7901009",94,0,1,0.026166,1,0.003738,1,110.386171784908,1,4.85575392428921,560,1,8.71100044250488,35.0110015869141,0.0261659994721413,0.00980302784591913,106.444702148438,-87.2241,26.1587,56.0547640447004,63,63,63,63,61,63,0,8046,1.33458767306251,26,-87,0.001869,51,2025-11-28 13:58:41.001479,560,1.037,0.0011,"aoml_navis",1029.70621616331
"7901009",94,0,1,0.026166,1,0.003738,1,110.672906890303,1,4.85569433756083,562,1,8.67099952697754,35.0069999694824,0.0261659994721413,0.00980302784591913,106.721199035645,-87.2241,26.1587,56.0547640447004,63,63,63,63,61,63,0,8046,1.33458767306251,26,-87,0.001869,51,2025-11-28 13:58:41.001479,562,1.037,0.0011,"aoml_navis",1029.71885221912
"7901009",94,0,1,0.029904,1,0.007476,1,110.937765596966,1,4.8556430518561,564,1,8.64599990844727,35.0040016174316,0.0299040004611015,0.0126038929447532,106.976600646973,-87.2241,26.1587,56.0547640447004,63,63,63,63,61,63,0,8046,1.33458767306251,26,-87,0.001869,51,2025-11-28 13:58:41.001479,564,1.037,0.0011,"aoml_navis",1029.72972819506
"7901009",94,0,1,0.024297,1,0.001869,1,111.23010232634,1,4.8555925984065,566,1,8.62199974060059,35.0009994506836,0.0242970008403063,0.00840259529650211,107.258499145508,-87.2241,26.1587,56.0547640447004,63,63,63,63,61,63,0,8046,1.33458767306251,26,-87,0.001869,51,2025-11-28 13:58:41.001479,566,1.037,0.0011,"aoml_navis",1029.74042790182
"7901009",94,0,1,0.028035,1,0.005607,1,111.410335369051,1,4.85552891308456,568,1,8.57199954986572,34.9959983825684,0.0280349999666214,0.0112034603953362,107.43229675293,-87.2241,26.1587,56.0547640447004,63,63,63,63,61,63,0,8046,1.33458767306251,26,-87,0.001869,51,2025-11-28 13:58:41.001479,568,1.037,0.0011,"aoml_navis",1029.75393402068
"7901009",94,0,1,0.031773,1,0.009345,1,111.418737805019,1,4.85548065815926,570,1,8.5600004196167,34.9949989318848,0.0317730009555817,0.0140043264254928,107.440399169922,-87.2241,26.1587,56.0547640447004,63,63,63,63,61,63,0,8046,1.33458767306251,26,-87,0.001869,51,2025-11-28 13:58:41.001479,570,1.037,0.0011,"aoml_navis",1029.76416796098
"7901009",94,0,1,0.031773,1,0.009345,1,111.473282431729,1,4.85543873830186,572,1,8.55599975585938,34.9939994812012,0.0317730009555817,0.0140043264254928,107.49299621582,-87.2241,26.1587,56.0547640447004,63,63,63,63,61,63,0,8046,1.33458767306251,26,-87,0.001869,51,2025-11-28 13:58:41.001479,572,1.037,0.0011,"aoml_navis",1029.7730585205
"7901009",94,0,1,0.029904,1,0.007476,1,111.5651633064,1,4.85539416705501,574,1,8.54399967193604,34.992000579834,0.0299040004611015,0.0126038929447532,107.581596374512,-87.2241,26.1587,56.0547640447004,63,63,63,63,61,63,0,8046,1.33458767306251,26,-87,0.001869,51,2025-11-28 13:58:41.001479,574,1.037,0.0011,"aoml_navis",1029.78251156748
"7901009",94,0,1,0.028035,1,0.005607,1,111.704333597062,1,4.85533432927261,576,1,8.50800037384033,34.9889984130859,0.0280349999666214,0.0112034603953362,107.715797424316,-87.2241,26.1587,56.0547640447004,63,63,63,63,61,63,0,8046,1.33458767306251,26,-87,0.001869,51,2025-11-28 13:58:41.001479,576,1.037,0.0011,"aoml_navis",1029.79520274334
"7901009",94,0,1,0.029904,1,0.007476,1,111.81779021833,1,4.85528504393274,578,1,8.48999977111816,34.9869995117188,0.0299040004611015,0.0126038929447532,107.825202941895,-87.2241,26.1587,56.0547640447004,63,63,63,63,61,63,0,8046,1.33458767306251,26,-87,0.001869,51,2025-11-28 13:58:41.001479,578,1.037,0.0011,"aoml_navis",1029.80565605476
"7901009",94,0,1,0.031773,1,0.009345,1,112.040438947695,1,4.85523419516626,580,1,8.47000026702881,34.9850006103516,0.0317730009555817,0.0140043264254928,108.039901733398,-87.2241,26.1587,56.0547640447004,63,63,63,63,61,63,0,8046,1.33458767306251,26,-87,0.001869,51,2025-11-28 13:58:41.001479,580,1.037,0.0011,"aoml_navis",1029.81644118792
"7901009",94,0,1,0.028035,1,0.005607,1,112.315353677066,1,4.85517839575789,582,1,8.43900012969971,34.9819984436035,0.0280349999666214,0.0112034603953362,108.305000305176,-87.2241,26.1587,56.0547640447004,63,63,63,63,61,63,0,8046,1.33458767306251,26,-87,0.001869,51,2025-11-28 13:58:41.001479,582,1.037,0.0011,"aoml_navis",1029.82827662288
"7901009",94,0,1,0.028035,1,0.005607,1,112.524211967737,1,4.85513204920693,584,1,8.42000007629395,34.9790000915527,0.0280349999666214,0.0112034603953362,108.506401062012,-87.2241,26.1587,56.0547640447004,63,63,63,63,61,63,0,8046,1.33458767306251,26,-87,0.001869,51,2025-11-28 13:58:41.001479,584,1.037,0.0011,"aoml_navis",1029.83810724916
"7901009",94,0,1,0.026166,1,0.003738,1,112.656324845138,1,4.85507811274521,586,1,8.39599990844727,34.9770011901855,0.0261659994721413,0.00980302784591913,108.633796691895,-87.2241,26.1587,56.0547640447004,63,63,63,63,61,63,0,8046,1.33458767306251,26,-87,0.001869,51,2025-11-28 13:58:41.001479,586,1.037,0.0011,"aoml_navis",1029.84954801744
"7901009",94,0,1,0.026166,1,0.003738,1,112.827649090391,1,4.85503283947774,588,1,8.38300037384033,34.9749984741211,0.0261659994721413,0.00980302784591913,108.799003601074,-87.2241,26.1587,56.0547640447004,63,63,63,63,61,63,0,8046,1.33458767306251,26,-87,0.001869,51,2025-11-28 13:58:41.001479,588,1.037,0.0011,"aoml_navis",1029.85915138277
"7901009",94,0,1,0.026166,1,0.003738,1,113.061809631746,1,4.85498285454337,590,1,8.36400032043457,34.9729995727539,0.0261659994721413,0.00980302784591913,109.024803161621,-87.2241,26.1587,56.0547640447004,63,63,63,63,61,63,0,8046,1.33458767306251,26,-87,0.001869,51,2025-11-28 13:58:41.001479,590,1.037,0.0011,"aoml_navis",1029.86975439489
"7901009",94,0,1,0.029904,1,0.007476,1,113.423003611809,1,4.85492873365394,592,1,8.33500003814697,34.9700012207031,0.0299040004611015,0.0126038929447532,109.373100280762,-87.2241,26.1587,56.0547640447004,63,63,63,63,61,63,0,8046,1.33458767306251,26,-87,0.001869,51,2025-11-28 13:58:41.001479,592,1.037,0.0011,"aoml_navis",1029.88123498919
"7901009",94,0,1,0.031773,1,0.009345,1,113.709738717204,1,4.85487622292752,594,1,8.30799961090088,34.9669990539551,0.0317730009555817,0.0140043264254928,109.649597167969,-87.2241,26.1587,56.0547640447004,63,63,63,63,61,63,0,8046,1.33458767306251,26,-87,0.001869,51,2025-11-28 13:58:41.001479,594,1.037,0.0011,"aoml_navis",1029.89237426633
"7901009",94,0,1,0.026166,1,0.003738,1,113.992953027866,1,4.85483722542374,596,1,8.30300045013428,34.9650001525879,0.0261659994721413,0.00980302784591913,109.922698974609,-87.2241,26.1587,56.0547640447004,63,63,63,63,61,63,0,8046,1.33458767306251,26,-87,0.001869,51,2025-11-28 13:58:41.001479,596,1.037,0.0011,"aoml_navis",1029.90064709401
"7901009",94,0,1,0.026166,1,0.003738,1,114.373436215924,1,4.85477183793805,598,1,8.25,34.9599990844727,0.0261659994721413,0.00980302784591913,110.289596557617,-87.2241,26.1587,56.0547640447004,63,63,63,63,61,63,0,8046,1.33458767306251,26,-87,0.001869,51,2025-11-28 13:58:41.001479,598,1.037,0.0011,"aoml_navis",1029.91451852115
"7901009",94,0,1,0.026166,1,0.003738,1,114.633626902605,1,4.85470714755935,600,1,8.19299983978271,34.9539985656738,0.0261659994721413,0.00980302784591913,110.540496826172,-87.2241,26.1587,56.0547640447004,63,63,63,63,61,63,0,8046,1.33458767306251,26,-87,0.001869,51,2025-11-28 13:58:41.001479,600,1.037,0.0011,"aoml_navis",1029.92824243038
"7901009",94,0,1,0.031773,1,0.009345,1,114.75952893986,1,4.8546516785762,602,1,8.16199970245361,34.951000213623,0.0317730009555817,0.0140043264254928,110.661903381348,-87.2241,26.1587,56.0547640447004,63,63,63,63,61,63,0,8046,1.33458767306251,26,-87,0.001869,51,2025-11-28 13:58:41.001479,602,1.037,0.0011,"aoml_navis",1029.94001033385
"7901009",94,0,1,0.031773,1,0.009345,1,114.876498443962,1,4.85460282131272,604,1,8.14900016784668,34.9500007629395,0.0317730009555817,0.0140043264254928,110.774696350098,-87.2241,26.1587,56.0547640447004,63,63,63,63,61,63,0,8046,1.33458767306251,26,-87,0.001869,51,2025-11-28 13:58:41.001479,604,1.037,0.0011,"aoml_navis",1029.95037576482
"7901009",94,0,1,0.028035,1,0.005607,1,115.063480335901,1,4.85455377951412,606,1,8.13099956512451,34.9480018615723,0.0280349999666214,0.0112034603953362,110.955001831055,-87.2241,26.1587,56.0547640447004,63,63,63,63,61,63,0,8046,1.33458767306251,26,-87,0.001869,51,2025-11-28 13:58:41.001479,606,1.037,0.0011,"aoml_navis",1029.96078055612
"7901009",94,0,1,0.031773,1,0.009345,1,115.278660233294,1,4.85449762717889,608,1,8.09899997711182,34.9449996948242,0.0317730009555817,0.0140043264254928,111.162498474121,-87.2241,26.1587,56.0547640447004,63,63,63,63,61,63,0,8046,1.33458767306251,26,-87,0.001869,51,2025-11-28 13:58:41.001479,608,1.037,0.0011,"aoml_navis",1029.97269418909
"7901009",94,0,1,0.026166,1,0.003738,1,115.382155774633,1,4.85445170643566,610,1,8.08500003814697,34.943000793457,0.0261659994721413,0.00980302784591913,111.262298583984,-87.2241,26.1587,56.0547640447004,63,63,63,63,61,63,0,8046,1.33458767306251,26,-87,0.001869,51,2025-11-28 13:58:41.001479,610,1.037,0.0011,"aoml_navis",1029.98243722795
"7901009",94,0,1,0.029904,1,0.007476,1,115.557309378652,1,4.85440597019418,612,1,8.07600021362305,34.9420013427734,0.0299040004611015,0.0126038929447532,111.431198120117,-87.2241,26.1587,56.0547640447004,63,63,63,63,61,63,0,8046,1.33458767306251,26,-87,0.001869,51,2025-11-28 13:58:41.001479,612,1.037,0.0011,"aoml_navis",1029.99214130416
"7901009",94,0,1,0.029904,1,0.007476,1,115.805885398665,1,4.85435236742788,614,1,8.05200004577637,34.939998626709,0.0299040004611015,0.0126038929447532,111.6708984375,-87.2241,26.1587,56.0547640447004,63,63,63,63,61,63,0,8046,1.33458767306251,26,-87,0.001869,51,2025-11-28 13:58:41.001479,614,1.037,0.0011,"aoml_navis",1030.00351469115
"7901009",94,0,1,0.028035,1,0.005607,1,116.101853689346,1,4.85429569548986,616,1,8.02400016784668,34.9379997253418,0.0280349999666214,0.0112034603953362,111.956298828125,-87.2241,26.1587,56.0547640447004,63,63,63,63,61,63,0,8046,1.33458767306251,26,-87,0.001869,51,2025-11-28 13:58:41.001479,616,1.037,0.0011,"aoml_navis",1030.0155395654
"7901009",94,0,1,0.031773,1,0.009345,1,116.366815250687,1,4.85424366371139,618,1,8.0019998550415,34.9360008239746,0.0317730009555817,0.0140043264254928,112.211799621582,-87.2241,26.1587,56.0547640447004,63,63,63,63,61,63,0,8046,1.33458767306251,26,-87,0.001869,51,2025-11-28 13:58:41.001479,618,1.037,0.0011,"aoml_navis",1030.02658011962
"7901009",94,0,1,0.033642,1,0.011214,1,116.635511228014,1,4.85419319971362,620,1,7.98199987411499,34.9339981079102,0.0336420014500618,0.0154047571122646,112.470901489258,-87.2241,26.1587,56.0547640447004,63,63,63,63,61,63,0,8046,1.33458767306251,26,-87,0.001869,51,2025-11-28 13:58:41.001479,620,1.037,0.0011,"aoml_navis",1030.03728823463
"7901009",94,0,1,0.026166,1,0.003738,1,116.929192980095,1,4.85413353880687,622,1,7.94999980926514,34.931999206543,0.0261659994721413,0.00980302784591913,112.754096984863,-87.2241,26.1587,56.0547640447004,63,63,63,63,61,63,0,8046,1.33458767306251,26,-87,0.001869,51,2025-11-28 13:58:41.001479,622,1.037,0.0011,"aoml_navis",1030.049948158
"7901009",94,0,1,0.031773,1,0.009345,1,117.23096860411,1,4.854065509686,624,1,7.90700006484985,34.9300003051758,0.0317730009555817,0.0140043264254928,113.045097351074,-87.2241,26.1587,56.0547640447004,63,63,63,63,61,63,0,8046,1.33458767306251,26,-87,0.001869,51,2025-11-28 13:58:41.001479,624,1.037,0.0011,"aoml_navis",1030.06438417916
"7901009",94,0,1,0.028035,1,0.005607,1,117.714741624153,1,4.85401052504585,626,1,7.88100004196167,34.9280014038086,0.0280349999666214,0.0112034603953362,113.511596679688,-87.2241,26.1587,56.0547640447004,63,63,63,63,61,63,0,8046,1.33458767306251,26,-87,0.001869,51,2025-11-28 13:58:41.001479,626,1.037,0.0011,"aoml_navis",1030.07605241086
"7901009",94,0,1,0.029904,1,0.007476,1,118.163781410767,1,4.85395710502787,628,1,7.85699987411499,34.9259986877441,0.0299040004611015,0.0126038929447532,113.944602966309,-87.2241,26.1587,56.0547640447004,63,63,63,63,61,63,0,8046,1.33458767306251,26,-87,0.001869,51,2025-11-28 13:58:41.001479,628,1.037,0.0011,"aoml_navis",1030.08738886894
"7901009",94,0,1,0.029904,1,0.007476,1,118.667255057514,1,4.85389684492943,630,1,7.82399988174438,34.923999786377,0.0299040004611015,0.0126038929447532,114.430099487305,-87.2241,26.1587,56.0547640447004,63,63,63,63,61,63,0,8046,1.33458767306251,26,-87,0.001869,51,2025-11-28 13:58:41.001479,630,1.037,0.0011,"aoml_navis",1030.1001771851
"7901009",94,0,1,0.028035,1,0.005607,1,119.020671641573,1,4.85384194520926,632,1,7.7979998588562,34.9220008850098,0.0280349999666214,0.0112034603953362,114.770896911621,-87.2241,26.1587,56.0547640447004,63,63,63,63,61,63,0,8046,1.33458767306251,26,-87,0.001869,51,2025-11-28 13:58:41.001479,632,1.037,0.0011,"aoml_navis",1030.11182820549
"7901009",94,0,1,0.029904,1,0.007476,1,119.295483516267,1,4.85379477455019,634,1,7.78700017929077,34.9210014343262,0.0299040004611015,0.0126038929447532,115.03589630127,-87.2241,26.1587,56.0547640447004,63,63,63,63,61,63,0,8046,1.33458767306251,26,-87,0.001869,51,2025-11-28 13:58:41.001479,634,1.037,0.0011,"aoml_navis",1030.12183914664
"7901009",94,0,1,0.029904,1,0.007476,1,119.693602325581,1,4.853745233378,636,1,7.76800012588501,34.9189987182617,0.0299040004611015,0.0126038929447532,115.419799804688,-87.2241,26.1587,56.0547640447004,63,63,63,63,61,63,0,8046,1.33458767306251,26,-87,0.001869,51,2025-11-28 13:58:41.001479,636,1.037,0.0011,"aoml_navis",1030.13235338687
"7901009",94,0,1,0.035511,1,0.013083,1,120.084560866956,1,4.85369266092693,638,1,7.74499988555908,34.9169998168945,0.0355109982192516,0.0168051905930042,115.796798706055,-87.2241,26.1587,56.0547640447004,63,63,63,63,61,63,0,8046,1.33458767306251,26,-87,0.001869,51,2025-11-28 13:58:41.001479,638,1.037,0.0011,"aoml_navis",1030.14351119733
"7901009",94,0,1,0.028035,1,0.005607,1,120.512333471005,1,4.85364152055516,640,1,7.7189998626709,34.9140014648438,0.0280349999666214,0.0112034603953362,116.209297180176,-87.2241,26.1587,56.0547640447004,63,63,63,63,61,63,0,8046,1.33458767306251,26,-87,0.001869,51,2025-11-28 13:58:41.001479,640,1.037,0.0011,"aoml_navis",1030.15436529975
"7901009",94,0,1,0.029904,1,0.007476,1,120.799487907009,1,4.85356317620403,642,1,7.65199995040894,34.9099998474121,0.0299040004611015,0.0126038929447532,116.486198425293,-87.2241,26.1587,56.0547640447004,63,63,63,63,61,63,0,8046,1.33458767306251,26,-87,0.001869,51,2025-11-28 13:58:41.001479,642,1.037,0.0011,"aoml_navis",1030.17099365553
"7901009",94,0,1,0.031773,1,0.009345,1,120.898212573688,1,4.85349103593992,644,1,7.59299993515015,34.9059982299805,0.0317730009555817,0.0140043264254928,116.581398010254,-87.2241,26.1587,56.0547640447004,63,63,63,63,61,63,0,8046,1.33458767306251,26,-87,0.001869,51,2025-11-28 13:58:41.001479,644,1.037,0.0011,"aoml_navis",1030.18630568702
"7901009",94,0,1,0.029904,1,0.007476,1,120.937724593674,1,4.85340633049832,646,1,7.51700019836426,34.9020004272461,0.0299040004611015,0.0126038929447532,116.619499206543,-87.2241,26.1587,56.0547640447004,63,63,63,63,61,63,0,8046,1.33458767306251,26,-87,0.001869,51,2025-11-28 13:58:41.001479,646,1.037,0.0011,"aoml_navis",1030.20428530381
"7901009",94,0,1,0.026166,1,0.003738,1,120.965099761707,1,4.85335175315933,648,1,7.49100017547607,34.9000015258789,0.0261659994721413,0.00980302784591913,116.645896911621,-87.2241,26.1587,56.0547640447004,63,63,63,63,61,63,0,8046,1.33458767306251,26,-87,0.001869,51,2025-11-28 13:58:41.001479,648,1.037,0.0011,"aoml_navis",1030.21587024786
"7901009",94,0,1,0.029904,1,0.007476,1,121.000157382965,1,4.85330101374802,650,1,7.48000001907349,34.9000015258789,0.0299040004611015,0.0126038929447532,116.679702758789,-87.2241,26.1587,56.0547640447004,63,63,63,63,61,63,0,8046,1.33458767306251,26,-87,0.001869,51,2025-11-28 13:58:41.001479,650,1.037,0.0011,"aoml_navis",1030.22664076191
"7901009",94,0,1,0.028035,1,0.005607,1,121.211088590984,1,4.85325546626624,652,1,7.47100019454956,34.898998260498,0.0280349999666214,0.0112034603953362,116.883102416992,-87.2241,26.1587,56.0547640447004,63,63,63,63,61,63,0,8046,1.33458767306251,26,-87,0.001869,51,2025-11-28 13:58:41.001479,652,1.037,0.0011,"aoml_navis",1030.23630937084
"7901009",94,0,1,0.029904,1,0.007476,1,121.625585029728,1,4.85320465387734,654,1,7.44999980926514,34.8969993591309,0.0299040004611015,0.0126038929447532,117.28279876709,-87.2241,26.1587,56.0547640447004,63,63,63,63,61,63,0,8046,1.33458767306251,26,-87,0.001869,51,2025-11-28 13:58:41.001479,654,1.037,0.0011,"aoml_navis",1030.24709580409
"7901009",94,0,1,0.033642,1,0.011214,1,121.385822864393,1,4.85314639426973,656,1,7.41400003433228,34.8940010070801,0.0336420014500618,0.0154047571122646,117.051597595215,-87.2241,26.1587,56.0547640447004,63,63,63,63,61,63,0,8046,1.33458767306251,26,-87,0.001869,51,2025-11-28 13:58:41.001479,656,1.037,0.0011,"aoml_navis",1030.25946340783
"7901009",94,0,1,0.033642,1,0.011214,1,121.090068194965,1,4.85307788003782,658,1,7.37900018692017,34.8940010070801,0.0336420014500618,0.0154047571122646,116.766403198242,-87.2241,26.1587,56.0547640447004,63,63,63,63,61,63,0,8046,1.33458767306251,26,-87,0.001869,51,2025-11-28 13:58:41.001479,658,1.037,0.0011,"aoml_navis",1030.27400828792
"7901009",94,0,1,0.029904,1,0.007476,1,120.936063095037,1,4.85301533477669,660,1,7.35200023651123,34.8940010070801,0.0299040004611015,0.0126038929447532,116.617897033691,-87.2241,26.1587,56.0547640447004,63,63,63,63,61,63,0,8046,1.33458767306251,26,-87,0.001869,51,2025-11-28 13:58:41.001479,660,1.037,0.0011,"aoml_navis",1030.28728637431
"7901009",94,0,1,0.028035,1,0.005607,1,120.75406569901,1,4.8529601965745,662,1,7.32999992370605,34.8930015563965,0.0280349999666214,0.0112034603953362,116.442398071289,-87.2241,26.1587,56.0547640447004,63,63,63,63,61,63,0,8046,1.33458767306251,26,-87,0.001869,51,2025-11-28 13:58:41.001479,662,1.037,0.0011,"aoml_navis",1030.29899225823
"7901009",94,0,1,0.029904,1,0.007476,1,120.477805946932,1,4.85291173464496,664,1,7.32200002670288,34.8930015563965,0.0299040004611015,0.0126038929447532,116.176002502441,-87.2241,26.1587,56.0547640447004,63,63,63,63,61,63,0,8046,1.33458767306251,26,-87,0.001869,51,2025-11-28 13:58:41.001479,664,1.037,0.0011,"aoml_navis",1030.30928098382
"7901009",94,0,1,0.028035,1,0.005607,1,120.313016929654,1,4.85284336279808,666,1,7.30200004577637,34.8959999084473,0.0280349999666214,0.0112034603953362,116.017097473145,-87.2241,26.1587,56.0547640447004,63,63,63,63,61,63,0,8046,1.33458767306251,26,-87,0.001869,51,2025-11-28 13:58:41.001479,666,1.037,0.0011,"aoml_navis",1030.32379704031
"7901009",94,0,1,0.031773,1,0.009345,1,120.444306969635,1,4.85278310657771,668,1,7.27799987792969,34.8959999084473,0.0317730009555817,0.0140043264254928,116.143699645996,-87.2241,26.1587,56.0547640447004,63,63,63,63,61,63,0,8046,1.33458767306251,26,-87,0.001869,51,2025-11-28 13:58:41.001479,668,1.037,0.0011,"aoml_navis",1030.33659040371
"7901009",94,0,1,0.028035,1,0.005607,1,120.680334718983,1,4.85272655423152,670,1,7.25899982452393,34.8959999084473,0.0280349999666214,0.0112034603953362,116.371299743652,-87.2241,26.1587,56.0547640447004,63,63,63,63,61,63,0,8046,1.33458767306251,26,-87,0.001869,51,2025-11-28 13:58:41.001479,670,1.037,0.0011,"aoml_navis",1030.34859766414
"7901009",94,0,1,0.028035,1,0.005607,1,120.962615425648,1,4.85267369883372,672,1,7.23999977111816,34.8950004577637,0.0280349999666214,0.0112034603953362,116.643501281738,-87.2241,26.1587,56.0547640447004,63,63,63,63,61,63,0,8046,1.33458767306251,26,-87,0.001869,51,2025-11-28 13:58:41.001479,672,1.037,0.0011,"aoml_navis",1030.35982023718
"7901009",94,0,1,0.031773,1,0.009345,1,121.396717548319,1,4.85262232707174,674,1,7.22300004959106,34.8940010070801,0.0317730009555817,0.0140043264254928,117.062103271484,-87.2241,26.1587,56.0547640447004,63,63,63,63,61,63,0,8046,1.33458767306251,26,-87,0.001869,51,2025-11-28 13:58:41.001479,674,1.037,0.0011,"aoml_navis",1030.3707280301
"7901009",94,0,1,0.029904,1,0.007476,1,121.878204029759,1,4.85256291924963,676,1,7.19000005722046,34.8919982910156,0.0299040004611015,0.0126038929447532,117.526397705078,-87.2241,26.1587,56.0547640447004,63,63,63,63,61,63,0,8046,1.33458767306251,26,-87,0.001869,51,2025-11-28 13:58:41.001479,676,1.037,0.0011,"aoml_navis",1030.3833424118
"7901009",94,0,1,0.031773,1,0.009345,1,122.205495525713,1,4.85250866830488,678,1,7.16400003433228,34.8899993896484,0.0317730009555817,0.0140043264254928,117.842002868652,-87.2241,26.1587,56.0547640447004,63,63,63,63,61,63,0,8046,1.33458767306251,26,-87,0.001869,51,2025-11-28 13:58:41.001479,678,1.037,0.0011,"aoml_navis",1030.39486207588
"7901009",94,0,1,0.029904,1,0.007476,1,122.451990716479,1,4.85245075976188,680,1,7.13800001144409,34.8889999389648,0.0299040004611015,0.0126038929447532,118.079696655273,-87.2241,26.1587,56.0547640447004,63,63,63,63,61,63,0,8046,1.33458767306251,26,-87,0.001869,51,2025-11-28 13:58:41.001479,680,1.037,0.0011,"aoml_navis",1030.40715867983
"7901009",94,0,1,0.031773,1,0.009345,1,122.620925568453,1,4.85240234691098,682,1,7.13000011444092,34.8889999389648,0.0317730009555817,0.0140043264254928,118.242599487305,-87.2241,26.1587,56.0547640447004,63,63,63,63,61,63,0,8046,1.33458767306251,26,-87,0.001869,51,2025-11-28 13:58:41.001479,682,1.037,0.0011,"aoml_navis",1030.41743914393
"7901009",94,0,1,0.029904,1,0.007476,1,122.957442337796,1,4.85235177434619,684,1,7.11399984359741,34.8880004882812,0.0299040004611015,0.0126038929447532,118.567100524902,-87.2241,26.1587,56.0547640447004,63,63,63,63,61,63,0,8046,1.33458767306251,26,-87,0.001869,51,2025-11-28 13:58:41.001479,684,1.037,0.0011,"aoml_navis",1030.42817844213
"7901009",94,0,1,0.031773,1,0.009345,1,123.360118400517,1,4.85229613949424,686,1,7.08599996566772,34.8860015869141,0.0317730009555817,0.0140043264254928,118.95539855957,-87.2241,26.1587,56.0547640447004,63,63,63,63,61,63,0,8046,1.33458767306251,26,-87,0.001869,51,2025-11-28 13:58:41.001479,686,1.037,0.0011,"aoml_navis",1030.43999299704
"7901009",94,0,1,0.026166,1,0.003738,1,123.660129671217,1,4.85223759363791,688,1,7.05900001525879,34.8849983215332,0.0261659994721413,0.00980302784591913,119.244697570801,-87.2241,26.1587,56.0547640447004,63,63,63,63,61,63,0,8046,1.33458767306251,26,-87,0.001869,51,2025-11-28 13:58:41.001479,688,1.037,0.0011,"aoml_navis",1030.45242602214
"7901009",94,0,1,0.033642,1,0.011214,1,124.060321397879,1,4.85219070159063,690,1,7.0479998588562,34.8839988708496,0.0336420014500618,0.0154047571122646,119.630599975586,-87.2241,26.1587,56.0547640447004,63,63,63,63,61,63,0,8046,1.33458767306251,26,-87,0.001869,51,2025-11-28 13:58:41.001479,690,1.037,0.0011,"aoml_navis",1030.46238441554
"7901009",94,0,1,0.029904,1,0.007476,1,124.598433335276,1,4.85213945014787,692,1,7.0310001373291,34.882999420166,0.0299040004611015,0.0126038929447532,120.14949798584,-87.2241,26.1587,56.0547640447004,63,63,63,63,61,63,0,8046,1.33458767306251,26,-87,0.001869,51,2025-11-28 13:58:41.001479,692,1.037,0.0011,"aoml_navis",1030.47326882735
"7901009",94,0,1,0.028035,1,0.005607,1,125.059602061946,1,4.85207592194883,694,1,6.99200010299683,34.8810005187988,0.0280349999666214,0.0112034603953362,120.594200134277,-87.2241,26.1587,56.0547640447004,63,63,63,63,61,63,0,8046,1.33458767306251,26,-87,0.001869,51,2025-11-28 13:58:41.001479,694,1.037,0.0011,"aoml_navis",1030.48676080727
"7901009",94,0,1,0.028035,1,0.005607,1,125.312015352622,1,4.85202398104106,696,1,6.97399997711182,34.8800010681152,0.0280349999666214,0.0112034603953362,120.837600708008,-87.2241,26.1587,56.0547640447004,63,63,63,63,61,63,0,8046,1.33458767306251,26,-87,0.001869,51,2025-11-28 13:58:41.001479,696,1.037,0.0011,"aoml_navis",1030.49779216614
"7901009",94,0,1,0.029904,1,0.007476,1,125.534149808599,1,4.85197639702384,698,1,6.96199989318848,34.8790016174316,0.0299040004611015,0.0126038929447532,121.051803588867,-87.2241,26.1587,56.0547640447004,63,63,63,63,61,63,0,8046,1.33458767306251,26,-87,0.001869,51,2025-11-28 13:58:41.001479,698,1.037,0.0011,"aoml_navis",1030.50789840341
"7901009",94,0,1,0.029904,1,0.007476,1,125.788319540693,1,4.85192376613148,700,1,6.94299983978271,34.8779983520508,0.0299040004611015,0.0126038929447532,121.296897888184,-87.2241,26.1587,56.0547640447004,63,63,63,63,61,63,0,8046,1.33458767306251,26,-87,0.001869,51,2025-11-28 13:58:41.001479,700,1.037,0.0011,"aoml_navis",1030.51907676336
"7901009",94,0,1,0.031773,1,0.009345,1,126.150557891328,1,4.85186961839603,702,1,6.92700004577637,34.8779983520508,0.0317730009555817,0.0140043264254928,121.646202087402,-87.2241,26.1587,56.0547640447004,63,63,63,63,61,63,0,8046,1.33458767306251,26,-87,0.001869,51,2025-11-28 13:58:41.001479,702,1.037,0.0011,"aoml_navis",1030.53057754115
"7901009",94,0,1,0.031773,1,0.009345,1,126.823172099405,1,4.85179823752575,704,1,6.88199996948242,34.8769989013672,0.0317730009555817,0.0140043264254928,122.294799804688,-87.2241,26.1587,56.0547640447004,63,63,63,63,61,63,0,8046,1.33458767306251,26,-87,0.001869,51,2025-11-28 13:58:41.001479,704,1.037,0.0011,"aoml_navis",1030.54573896499
"7901009",94,0,1,0.028035,1,0.005607,1,127.334739618089,1,4.85173269536188,706,1,6.84499979019165,34.8759994506836,0.0280349999666214,0.0112034603953362,122.788101196289,-87.2241,26.1587,56.0547640447004,63,63,63,63,61,63,0,8046,1.33458767306251,26,-87,0.001869,51,2025-11-28 13:58:41.001479,706,1.037,0.0011,"aoml_navis",1030.55966063008
"7901009",94,0,1,0.029904,1,0.007476,1,127.691376344745,1,4.85168157223261,708,1,6.82800006866455,34.875,0.0299040004611015,0.0126038929447532,123.13200378418,-87.2241,26.1587,56.0547640447004,63,63,63,63,61,63,0,8046,1.33458767306251,26,-87,0.001869,51,2025-11-28 13:58:41.001479,708,1.037,0.0011,"aoml_navis",1030.57051984126
"7901009",94,0,1,0.028035,1,0.005607,1,127.947207575477,1,4.85162543499418,710,1,6.80399990081787,34.8740005493164,0.0280349999666214,0.0112034603953362,123.378700256348,-87.2241,26.1587,56.0547640447004,63,63,63,63,61,63,0,8046,1.33458767306251,26,-87,0.001869,51,2025-11-28 13:58:41.001479,710,1.037,0.0011,"aoml_navis",1030.58244437743
"7901009",94,0,1,0.031773,1,0.009345,1,128.169025555522,1,4.85157863993685,712,1,6.79300022125244,34.8730010986328,0.0317730009555817,0.0140043264254928,123.592597961426,-87.2241,26.1587,56.0547640447004,63,63,63,63,61,63,0,8046,1.33458767306251,26,-87,0.001869,51,2025-11-28 13:58:41.001479,712,1.037,0.0011,"aoml_navis",1030.59238468102
"7901009",94,0,1,0.029904,1,0.007476,1,128.370312159544,1,4.85153174829675,714,1,6.78700017929077,34.8730010986328,0.0299040004611015,0.0126038929447532,123.786697387695,-87.2241,26.1587,56.0547640447004,63,63,63,63,61,63,0,8046,1.33458767306251,26,-87,0.001869,51,2025-11-28 13:58:41.001479,714,1.037,0.0011,"aoml_navis",1030.60234569327
"7901009",94,0,1,0.026166,1,0.003738,1,128.566519324873,1,4.85148199096757,716,1,6.77699995040894,34.8730010986328,0.0261659994721413,0.00980302784591913,123.975898742676,-87.2241,26.1587,56.0547640447004,63,63,63,63,61,63,0,8046,1.33458767306251,26,-87,0.001869,51,2025-11-28 13:58:41.001479,716,1.037,0.0011,"aoml_navis",1030.61291566349
"7901009",94,0,1,0.026166,1,0.003738,1,128.811883114186,1,4.85143090897586,718,1,6.76000022888184,34.8720016479492,0.0261659994721413,0.00980302784591913,124.212501525879,-87.2241,26.1587,56.0547640447004,63,63,63,63,61,63,0,8046,1.33458767306251,26,-87,0.001869,51,2025-11-28 13:58:41.001479,718,1.037,0.0011,"aoml_navis",1030.62376725787
"7901009",94,0,1,0.031773,1,0.009345,1,129.046249364896,1,4.85137686702321,720,1,6.74399995803833,34.8720016479492,0.0317730009555817,0.0140043264254928,124.438499450684,-87.2241,26.1587,56.0547640447004,63,63,63,63,61,63,0,8046,1.33458767306251,26,-87,0.001869,51,2025-11-28 13:58:41.001479,720,1.037,0.0011,"aoml_navis",1030.63524789984
"7901009",94,0,1,0.026166,1,0.003738,1,129.222439427589,1,4.85132796407189,722,1,6.73000001907349,34.8709983825684,0.0261659994721413,0.00980302784591913,124.6083984375,-87.2241,26.1587,56.0547640447004,63,63,63,63,61,63,0,8046,1.33458767306251,26,-87,0.001869,51,2025-11-28 13:58:41.001479,722,1.037,0.0011,"aoml_navis",1030.64563703571
"7901009",94,0,1,0.026166,1,0.003738,1,129.476411362225,1,4.85127751205608,724,1,6.7189998626709,34.8709983825684,0.0261659994721413,0.00980302784591913,124.853302001953,-87.2241,26.1587,56.0547640447004,63,63,63,63,61,63,0,8046,1.33458767306251,26,-87,0.001869,51,2025-11-28 13:58:41.001479,724,1.037,0.0011,"aoml_navis",1030.65635548045
"7901009",94,0,1,0.033642,1,0.011214,1,129.750083923567,1,4.85122206579465,726,1,6.70100021362305,34.8709983825684,0.0336420014500618,0.0154047571122646,125.117202758789,-87.2241,26.1587,56.0547640447004,63,63,63,63,61,63,0,8046,1.33458767306251,26,-87,0.001869,51,2025-11-28 13:58:41.001479,726,1.037,0.0011,"aoml_navis",1030.66813520131
"7901009",94,0,1,0.028035,1,0.005607,1,129.899310236938,1,4.85116805747995,728,1,6.68499994277954,34.8709983825684,0.0280349999666214,0.0112034603953362,125.261100769043,-87.2241,26.1587,56.0547640447004,63,63,63,63,61,63,0,8046,1.33458767306251,26,-87,0.001869,51,2025-11-28 13:58:41.001479,728,1.037,0.0011,"aoml_navis",1030.67960968505
"7901009",94,0,1,0.031773,1,0.009345,1,130.09779602897,1,4.85112772761362,730,1,6.68300008773804,34.8699989318848,0.0317730009555817,0.0140043264254928,125.452499389648,-87.2241,26.1587,56.0547640447004,63,63,63,63,61,63,0,8046,1.33458767306251,26,-87,0.001869,51,2025-11-28 13:58:41.001479,730,1.037,0.0011,"aoml_navis",1030.68817824337
"7901009",94,0,1,0.031773,1,0.009345,1,130.38152461302,1,4.85107729408645,732,1,6.67199993133545,34.8699989318848,0.0317730009555817,0.0140043264254928,125.726097106934,-87.2241,26.1587,56.0547640447004,63,63,63,63,61,63,0,8046,1.33458767306251,26,-87,0.001869,51,2025-11-28 13:58:41.001479,732,1.037,0.0011,"aoml_navis",1030.69889364473
"7901009",94,0,1,0.029904,1,0.007476,1,130.69066621433,1,4.8510177362704,734.099975585938,1,6.64599990844727,34.8689994812012,0.0299040004611015,0.0126038929447532,126.024200439453,-87.2241,26.1587,56.0547640447004,63,63,63,63,61,63,0,8046,1.33458767306251,26,-87,0.001869,51,2025-11-28 13:58:41.001479,734.099975585938,1.037,0.0011,"aoml_navis",1030.71154793265
"7901009",94,0,1,0.029904,1,0.007476,1,130.782547089001,1,4.8509651771991,736,1,6.62900018692017,34.8689994812012,0.0299040004611015,0.0126038929447532,126.112800598145,-87.2241,26.1587,56.0547640447004,63,63,63,63,61,63,0,8046,1.33458767306251,26,-87,0.001869,51,2025-11-28 13:58:41.001479,736,1.037,0.0011,"aoml_navis",1030.72271545081
"7901009",94,0,1,0.026166,1,0.003738,1,130.961435109005,1,4.8509204534566,738,1,6.62599992752075,34.8689994812012,0.0261659994721413,0.00980302784591913,126.285301208496,-87.2241,26.1587,56.0547640447004,63,63,63,63,61,63,0,8046,1.33458767306251,26,-87,0.001869,51,2025-11-28 13:58:41.001479,738,1.037,0.0011,"aoml_navis",1030.73221834367
"7901009",94,0,1,0.029904,1,0.007476,1,131.240915003681,1,4.85087004195264,740,1,6.61499977111816,34.8689994812012,0.0299040004611015,0.0126038929447532,126.554801940918,-87.2241,26.1587,56.0547640447004,63,63,63,63,61,63,0,8046,1.33458767306251,26,-87,0.001869,51,2025-11-28 13:58:41.001479,740,1.037,0.0011,"aoml_navis",1030.74292998114
"7901009",94,0,1,0.031773,1,0.009345,1,131.479427089088,1,4.850811820813,742,1,6.59299993515015,34.8689994812012,0.0317730009555817,0.0140043264254928,126.784797668457,-87.2241,26.1587,56.0547640447004,63,63,63,63,61,63,0,8046,1.33458767306251,26,-87,0.001869,51,2025-11-28 13:58:41.001479,742,1.037,0.0011,"aoml_navis",1030.7553013182
"7901009",94,0,1,0.029904,1,0.007476,1,131.722092921089,1,4.85075574554361,744,1,6.57399988174438,34.8689994812012,0.0299040004611015,0.0126038929447532,127.018798828125,-87.2241,26.1587,56.0547640447004,63,63,63,63,61,63,0,8046,1.33458767306251,26,-87,0.001869,51,2025-11-28 13:58:41.001479,744,1.037,0.0011,"aoml_navis",1030.76721696274
"7901009",94,0,1,0.033642,1,0.011214,1,131.852757921105,1,4.85070025035427,746,1,6.56099987030029,34.8699989318848,0.0336420014500618,0.0154047571122646,127.144798278809,-87.2241,26.1587,56.0547640447004,63,63,63,63,61,63,0,8046,1.33458767306251,26,-87,0.001869,51,2025-11-28 13:58:41.001479,746,1.037,0.0011,"aoml_navis",1030.77900961512
"7901009",94,0,1,0.029904,1,0.007476,1,132.024699294424,1,4.85065709284902,748,1,6.55499982833862,34.8689994812012,0.0299040004611015,0.0126038929447532,127.310600280762,-87.2241,26.1587,56.0547640447004,63,63,63,63,61,63,0,8046,1.33458767306251,26,-87,0.001869,51,2025-11-28 13:58:41.001479,748,1.037,0.0011,"aoml_navis",1030.78818071291
"7901009",94,0,1,0.028035,1,0.005607,1,132.18201947973,1,4.85061025169249,750,1,6.54899978637695,34.8689994812012,0.0280349999666214,0.0112034603953362,127.462303161621,-87.2241,26.1587,56.0547640447004,63,63,63,63,61,63,0,8046,1.33458767306251,26,-87,0.001869,51,2025-11-28 13:58:41.001479,750,1.037,0.0011,"aoml_navis",1030.79813478219
"7901009",94,0,1,0.031773,1,0.009345,1,132.486588003837,1,4.85056057884556,752,1,6.53900003433228,34.8689994812012,0.0317730009555817,0.0140043264254928,127.755996704102,-87.2241,26.1587,56.0547640447004,63,63,63,63,61,63,0,8046,1.33458767306251,26,-87,0.001869,51,2025-11-28 13:58:41.001479,752,1.037,0.0011,"aoml_navis",1030.80869081528
"7901009",94,0,1,0.031773,1,0.009345,1,132.848304169186,1,4.85051247100584,754,1,6.52600002288818,34.8680000305176,0.0317730009555817,0.0140043264254928,128.104797363281,-87.2241,26.1587,56.0547640447004,63,63,63,63,61,63,0,8046,1.33458767306251,26,-87,0.001869,51,2025-11-28 13:58:41.001479,754,1.037,0.0011,"aoml_navis",1030.818914473
"7901009",94,0,1,0.031773,1,0.009345,1,133.276290394489,1,4.85045643968671,756,1,6.50699996948242,34.8680000305176,0.0317730009555817,0.0140043264254928,128.517501831055,-87.2241,26.1587,56.0547640447004,63,63,63,63,61,63,0,8046,1.33458767306251,26,-87,0.001869,51,2025-11-28 13:58:41.001479,756,1.037,0.0011,"aoml_navis",1030.83082224793
"7901009",94,0,1,0.029904,1,0.007476,1,133.648576855935,1,4.85040269460605,758,1,6.48600006103516,34.867000579834,0.0299040004611015,0.0126038929447532,128.876495361328,-87.2241,26.1587,56.0547640447004,63,63,63,63,61,63,0,8046,1.33458767306251,26,-87,0.001869,51,2025-11-28 13:58:41.001479,758,1.037,0.0011,"aoml_navis",1030.84224441
"7901009",94,0,1,0.026166,1,0.003738,1,134.126550454541,1,4.85034457498449,760,1,6.46400022506714,34.867000579834,0.0261659994721413,0.00980302784591913,129.33740234375,-87.2241,26.1587,56.0547640447004,63,63,63,63,61,63,0,8046,1.33458767306251,26,-87,0.001869,51,2025-11-28 13:58:41.001479,760,1.037,0.0011,"aoml_navis",1030.85459655534
"7901009",94,0,1,0.031773,1,0.009345,1,134.535342414628,1,4.85028295123556,762,1,6.43699979782104,34.867000579834,0.0317730009555817,0.0140043264254928,129.731597900391,-87.2241,26.1587,56.0547640447004,63,63,63,63,61,63,0,8046,1.33458767306251,26,-87,0.001869,51,2025-11-28 13:58:41.001479,762,1.037,0.0011,"aoml_navis",1030.86769375512
"7901009",94,0,1,0.026166,1,0.003738,1,134.917170625394,1,4.85022487247021,764,1,6.41499996185303,34.867000579834,0.0261659994721413,0.00980302784591913,130.099792480469,-87.2241,26.1587,56.0547640447004,63,63,63,63,61,63,0,8046,1.33458767306251,26,-87,0.001869,51,2025-11-28 13:58:41.001479,764,1.037,0.0011,"aoml_navis",1030.88003782668
"7901009",94,0,1,0.031773,1,0.009345,1,135.181206494637,1,4.8501682167711,766,1,6.39499998092651,34.867000579834,0.0317730009555817,0.0140043264254928,130.354400634766,-87.2241,26.1587,56.0547640447004,63,63,63,63,61,63,0,8046,1.33458767306251,26,-87,0.001869,51,2025-11-28 13:58:41.001479,766,1.037,0.0011,"aoml_navis",1030.89207972433
"7901009",94,0,1,0.033642,1,0.011214,1,135.375855016005,1,4.85011648923543,768,1,6.38199996948242,34.867000579834,0.0336420014500618,0.0154047571122646,130.542098999023,-87.2241,26.1587,56.0547640447004,63,63,63,63,61,63,0,8046,1.33458767306251,26,-87,0.001869,51,2025-11-28 13:58:41.001479,768,1.037,0.0011,"aoml_navis",1030.90307441011
"7901009",94,0,1,0.029904,1,0.007476,1,135.589381326658,1,4.85006687297215,770,1,6.37200021743774,34.867000579834,0.0299040004611015,0.0126038929447532,130.748001098633,-87.2241,26.1587,56.0547640447004,63,63,63,63,61,63,0,8046,1.33458767306251,26,-87,0.001869,51,2025-11-28 13:58:41.001479,770,1.037,0.0011,"aoml_navis",1030.9136205654
"7901009",94,0,1,0.031773,1,0.009345,1,135.805803392081,1,4.85001726004849,772,1,6.36199998855591,34.867000579834,0.0317730009555817,0.0140043264254928,130.956695556641,-87.2241,26.1587,56.0547640447004,63,63,63,63,61,63,0,8046,1.33458767306251,26,-87,0.001869,51,2025-11-28 13:58:41.001479,772,1.037,0.0011,"aoml_navis",1030.92416622658
"7901009",94,0,1,0.029904,1,0.007476,1,135.98719157194,1,4.84996694969874,774,1,6.35099983215332,34.867000579834,0.0299040004611015,0.0126038929447532,131.131607055664,-87.2241,26.1587,56.0547640447004,63,63,63,63,61,63,0,8046,1.33458767306251,26,-87,0.001869,51,2025-11-28 13:58:41.001479,774,1.037,0.0011,"aoml_navis",1030.93486035211
"7901009",94,0,1,0.029904,1,0.007476,1,136.282321201404,1,4.84991314070697,776,1,6.33500003814697,34.867000579834,0.0299040004611015,0.0126038929447532,131.416198730469,-87.2241,26.1587,56.0547640447004,63,63,63,63,61,63,0,8046,1.33458767306251,26,-87,0.001869,51,2025-11-28 13:58:41.001479,776,1.037,0.0011,"aoml_navis",1030.94629840549
"7901009",94,0,1,0.029904,1,0.007476,1,136.550392138768,1,4.84985934050961,778,1,6.31899976730347,34.867000579834,0.0299040004611015,0.0126038929447532,131.674697875977,-87.2241,26.1587,56.0547640447004,63,63,63,63,61,63,0,8046,1.33458767306251,26,-87,0.001869,51,2025-11-28 13:58:41.001479,778,1.037,0.0011,"aoml_navis",1030.95773484322
"7901009",94,0,1,0.033642,1,0.011214,1,136.744834950781,1,4.84980974657621,780,1,6.30900001525879,34.867000579834,0.0336420014500618,0.0154047571122646,131.862197875977,-87.2241,26.1587,56.0547640447004,63,63,63,63,61,63,0,8046,1.33458767306251,26,-87,0.001869,51,2025-11-28 13:58:41.001479,780,1.037,0.0011,"aoml_navis",1030.96827737002
"7901009",94,0,1,0.033642,1,0.011214,1,137.014883862713,1,4.84976085559208,782,1,6.30000019073486,34.867000579834,0.0336420014500618,0.0154047571122646,132.122604370117,-87.2241,26.1587,56.0547640447004,63,63,63,63,61,63,0,8046,1.33458767306251,26,-87,0.001869,51,2025-11-28 13:58:41.001479,782,1.037,0.0011,"aoml_navis",1030.97867067707
"7901009",94,0,1,0.031773,1,0.009345,1,137.322466820063,1,4.84970847242054,784,1,6.28599977493286,34.867000579834,0.0317730009555817,0.0140043264254928,132.419204711914,-87.2241,26.1587,56.0547640447004,63,63,63,63,61,63,0,8046,1.33458767306251,26,-87,0.001869,51,2025-11-28 13:58:41.001479,784,1.037,0.0011,"aoml_navis",1030.98980659026
"7901009",94,0,1,0.026166,1,0.003738,1,137.585141842802,1,4.84965400182341,786,1,6.26900005340576,34.867000579834,0.0261659994721413,0.00980302784591913,132.672500610352,-87.2241,26.1587,56.0547640447004,63,63,63,63,61,63,0,8046,1.33458767306251,26,-87,0.001869,51,2025-11-28 13:58:41.001479,786,1.037,0.0011,"aoml_navis",1031.00138651542
"7901009",94,0,1,0.031773,1,0.009345,1,137.709279526742,1,4.84960372746117,788,1,6.25799989700317,34.867000579834,0.0317730009555817,0.0140043264254928,132.792205810547,-87.2241,26.1587,56.0547640447004,63,63,63,63,61,63,0,8046,1.33458767306251,26,-87,0.001869,51,2025-11-28 13:58:41.001479,788,1.037,0.0011,"aoml_navis",1031.01207459224
"7901009",94,0,1,0.033642,1,0.011214,1,137.809966344193,1,4.84955903917877,790,1,6.25500011444092,34.867000579834,0.0336420014500618,0.0154047571122646,132.889297485352,-87.2241,26.1587,56.0547640447004,63,63,63,63,61,63,0,8046,1.33458767306251,26,-87,0.001869,51,2025-11-28 13:58:41.001479,790,1.037,0.0011,"aoml_navis",1031.02157528259
"7901009",94,0,1,0.029904,1,0.007476,1,137.960339882813,1,4.84951435239711,792,1,6.2519998550415,34.867000579834,0.0299040004611015,0.0126038929447532,133.034301757812,-87.2241,26.1587,56.0547640447004,63,63,63,63,61,63,0,8046,1.33458767306251,26,-87,0.001869,51,2025-11-28 13:58:41.001479,792,1.037,0.0011,"aoml_navis",1031.03107582896
"7901009",94,0,1,0.031773,1,0.009345,1,138.202174965495,1,4.84946548080729,794,1,6.24300003051758,34.867000579834,0.0317730009555817,0.0140043264254928,133.267501831055,-87.2241,26.1587,56.0547640447004,63,63,63,63,61,63,0,8046,1.33458767306251,26,-87,0.001869,51,2025-11-28 13:58:41.001479,794,1.037,0.0011,"aoml_navis",1031.04146627881
"7901009",94,0,1,0.031773,1,0.009345,1,138.364368880139,1,4.84941730971274,796,1,6.2350001335144,34.867000579834,0.0317730009555817,0.0140043264254928,133.423904418945,-87.2241,26.1587,56.0547640447004,63,63,63,63,61,63,0,8046,1.33458767306251,26,-87,0.001869,51,2025-11-28 13:58:41.001479,796,1.037,0.0011,"aoml_navis",1031.05170800328
"7901009",94,0,1,0.031773,1,0.009345,1,138.699738424231,1,4.84936704950984,798,1,6.22399997711182,34.867000579834,0.0317730009555817,0.0140043264254928,133.747299194336,-87.2241,26.1587,56.0547640447004,63,63,63,63,61,63,0,8046,1.33458767306251,26,-87,0.001869,51,2025-11-28 13:58:41.001479,798,1.037,0.0011,"aoml_navis",1031.06239411294
"7901009",94,0,1,0.029904,1,0.007476,1,139.026816298932,1,4.84931400718914,800,1,6.20900011062622,34.867000579834,0.0299040004611015,0.0126038929447532,134.062698364258,-87.2241,26.1587,56.0547640447004,63,63,63,63,61,63,0,8046,1.33458767306251,26,-87,0.001869,51,2025-11-28 13:58:41.001479,800,1.037,0.0011,"aoml_navis",1031.07367198483
"7901009",94,0,1,0.029904,1,0.007476,1,139.325063216317,1,4.84925818906825,802,1,6.19000005722046,34.867000579834,0.0299040004611015,0.0126038929447532,134.350296020508,-87.2241,26.1587,56.0547640447004,63,63,63,63,61,63,0,8046,1.33458767306251,26,-87,0.001869,51,2025-11-28 13:58:41.001479,802,1.037,0.0011,"aoml_navis",1031.08554031451
"7901009",94,0,1,0.029904,1,0.007476,1,139.6503846496,1,4.8492100328388,804,1,6.18200016021729,34.867000579834,0.0299040004611015,0.0126038929447532,134.664001464844,-87.2241,26.1587,56.0547640447004,63,63,63,63,61,63,0,8046,1.33458767306251,26,-87,0.001869,51,2025-11-28 13:58:41.001479,804,1.037,0.0011,"aoml_navis",1031.09577975383
"7901009",94,0,1,0.029904,1,0.007476,1,140.011372920308,1,4.84915145367702,806,1,6.15899991989136,34.867000579834,0.0299040004611015,0.0126038929447532,135.012100219727,-87.2241,26.1587,56.0547640447004,63,63,63,63,61,63,0,8046,1.33458767306251,26,-87,0.001869,51,2025-11-28 13:58:41.001479,806,1.037,0.0011,"aoml_navis",1031.10823569113
"7901009",94,0,1,0.028035,1,0.005607,1,140.272702920341,1,4.84909914000879,808,1,6.14499998092651,34.867000579834,0.0280349999666214,0.0112034603953362,135.264099121094,-87.2241,26.1587,56.0547640447004,63,63,63,63,61,63,0,8046,1.33458767306251,26,-87,0.001869,51,2025-11-28 13:58:41.001479,808,1.037,0.0011,"aoml_navis",1031.11935962417
"7901009",94,0,1,0.028035,1,0.005607,1,140.600302980327,1,4.84904752684562,810,1,6.13199996948242,34.867000579834,0.0280349999666214,0.0112034603953362,135.580001831055,-87.2241,26.1587,56.0547640447004,63,63,63,63,61,63,0,8046,1.33458767306251,26,-87,0.001869,51,2025-11-28 13:58:41.001479,810,1.037,0.0011,"aoml_navis",1031.13033483765
"7901009",94,0,1,0.031773,1,0.009345,1,140.904151521691,1,4.84899431394445,812,1,6.12200021743774,34.8680000305176,0.0317730009555817,0.0140043264254928,135.873001098633,-87.2241,26.1587,56.0547640447004,63,63,63,63,61,63,0,8046,1.33458767306251,26,-87,0.001869,51,2025-11-28 13:58:41.001479,812,1.037,0.0011,"aoml_navis",1031.14165046993
"7901009",94,0,1,0.029904,1,0.007476,1,141.309003356438,1,4.84894409715686,814,1,6.11100006103516,34.8680000305176,0.0299040004611015,0.0126038929447532,136.263397216797,-87.2241,26.1587,56.0547640447004,63,63,63,63,61,63,0,8046,1.33458767306251,26,-87,0.001869,51,2025-11-28 13:58:41.001479,814,1.037,0.0011,"aoml_navis",1031.15232921157
"7901009",94,0,1,0.026166,1,0.003738,1,141.750677165757,1,4.84889180700133,816,1,6.09700012207031,34.8680000305176,0.0261659994721413,0.00980302784591913,136.689300537109,-87.2241,26.1587,56.0547640447004,63,63,63,63,61,63,0,8046,1.33458767306251,26,-87,0.001869,51,2025-11-28 13:58:41.001479,816,1.037,0.0011,"aoml_navis",1031.16344909583
"7901009",94,0,1,0.031773,1,0.009345,1,142.575729917904,1,4.84883952373253,818,1,6.08300018310547,34.8680000305176,0.0317730009555817,0.0140043264254928,137.484893798828,-87.2241,26.1587,56.0547640447004,63,63,63,63,61,63,0,8046,1.33458767306251,26,-87,0.001869,51,2025-11-28 13:58:41.001479,818,1.037,0.0011,"aoml_navis",1031.17456775536
"7901009",94,0,1,0.033642,1,0.011214,1,143.133138975194,1,4.8487803344311,820,1,6.05900001525879,34.8680000305176,0.0336420014500618,0.0154047571122646,138.022399902344,-87.2241,26.1587,56.0547640447004,63,63,63,63,61,63,0,8046,1.33458767306251,26,-87,0.001869,51,2025-11-28 13:58:41.001479,820,1.037,0.0011,"aoml_navis",1031.18715535433
"7901009",94,0,1,0.029904,1,0.007476,1,143.400893436626,1,4.8487273795316,822,1,6.04400014877319,34.8680000305176,0.0299040004611015,0.0126038929447532,138.28059387207,-87.2241,26.1587,56.0547640447004,63,63,63,63,61,63,0,8046,1.33458767306251,26,-87,0.001869,51,2025-11-28 13:58:41.001479,822,1.037,0.0011,"aoml_navis",1031.19841736349
"7901009",94,0,1,0.029904,1,0.007476,1,143.604577345825,1,4.84867857267628,824,1,6.03499984741211,34.8680000305176,0.0299040004611015,0.0126038929447532,138.477005004883,-87.2241,26.1587,56.0547640447004,63,63,63,63,61,63,0,8046,1.33458767306251,26,-87,0.001869,51,2025-11-28 13:58:41.001479,824,1.037,0.0011,"aoml_navis",1031.20879741884
"7901009",94,0,1,0.026166,1,0.003738,1,143.715011621952,1,4.84862631997059,826,1,6.02099990844727,34.8680000305176,0.0261659994721413,0.00980302784591913,138.58349609375,-87.2241,26.1587,56.0547640447004,63,63,63,63,61,63,0,8046,1.33458767306251,26,-87,0.001869,51,2025-11-28 13:58:41.001479,826,1.037,0.0011,"aoml_navis",1031.21991055609
"7901009",94,0,1,0.029904,1,0.007476,1,143.84878599799,1,4.84857683150494,828,1,6.01100015640259,34.8680000305176,0.0299040004611015,0.0126038929447532,138.712493896484,-87.2241,26.1587,56.0547640447004,63,63,63,63,61,63,0,8046,1.33458767306251,26,-87,0.001869,51,2025-11-28 13:58:41.001479,828,1.037,0.0011,"aoml_navis",1031.23043601395
"7901009",94,0,1,0.029904,1,0.007476,1,144.06998684997,1,4.84852321260705,830,1,5.99499988555908,34.8680000305176,0.0299040004611015,0.0126038929447532,138.925796508789,-87.2241,26.1587,56.0547640447004,63,63,63,63,61,63,0,8046,1.33458767306251,26,-87,0.001869,51,2025-11-28 13:58:41.001479,830,1.037,0.0011,"aoml_navis",1031.2418401956
"7901009",94,0,1,0.026166,1,0.003738,1,144.404438613863,1,4.84846798192754,832,1,5.98199987411499,34.8689994812012,0.0261659994721413,0.00980302784591913,139.248306274414,-87.2241,26.1587,56.0547640447004,63,63,63,63,61,63,0,8046,1.33458767306251,26,-87,0.001869,51,2025-11-28 13:58:41.001479,832,1.037,0.0011,"aoml_navis",1031.25358745016
"7901009",94,0,1,0.031773,1,0.009345,1,144.760442388658,1,4.8484143797062,834,1,5.96600008010864,34.8689994812012,0.0317730009555817,0.0140043264254928,139.591598510742,-87.2241,26.1587,56.0547640447004,63,63,63,63,61,63,0,8046,1.33458767306251,26,-87,0.001869,51,2025-11-28 13:58:41.001479,834,1.037,0.0011,"aoml_navis",1031.26498859674
"7901009",94,0,1,0.029904,1,0.007476,1,145.064195987243,1,4.84836009917774,836,1,5.94899988174438,34.8689994812012,0.0299040004611015,0.0126038929447532,139.884506225586,-87.2241,26.1587,56.0547640447004,63,63,63,63,61,63,0,8046,1.33458767306251,26,-87,0.001869,51,2025-11-28 13:58:41.001479,836,1.037,0.0011,"aoml_navis",1031.27653427557
"7901009",94,0,1,0.031773,1,0.009345,1,145.292027009978,1,4.84830763650889,838,1,5.94000005722046,34.8699989318848,0.0317730009555817,0.0140043264254928,140.104202270508,-87.2241,26.1587,56.0547640447004,63,63,63,63,61,63,0,8046,1.33458767306251,26,-87,0.001869,51,2025-11-28 13:58:41.001479,838,1.037,0.0011,"aoml_navis",1031.2876935343
"7901009",94,0,1,0.029904,1,0.007476,1,145.582805095391,1,4.84825680311044,840,1,5.92799997329712,34.8699989318848,0.0299040004611015,0.0126038929447532,140.38459777832,-87.2241,26.1587,56.0547640447004,63,63,63,63,61,63,0,8046,1.33458767306251,26,-87,0.001869,51,2025-11-28 13:58:41.001479,840,1.037,0.0011,"aoml_navis",1031.29850646364
"7901009",94,0,1,0.031773,1,0.009345,1,145.836571320673,1,4.84820528879548,842,1,5.91499996185303,34.8699989318848,0.0317730009555817,0.0140043264254928,140.629302978516,-87.2241,26.1587,56.0547640447004,63,63,63,63,61,63,0,8046,1.33458767306251,26,-87,0.001869,51,2025-11-28 13:58:41.001479,842,1.037,0.0011,"aoml_navis",1031.30946446417
"7901009",94,0,1,0.029904,1,0.007476,1,145.943492713965,1,4.84815489456067,844,1,5.90899991989136,34.8709983825684,0.0299040004611015,0.0126038929447532,140.732406616211,-87.2241,26.1587,56.0547640447004,63,63,63,63,61,63,0,8046,1.33458767306251,26,-87,0.001869,51,2025-11-28 13:58:41.001479,844,1.037,0.0011,"aoml_navis",1031.32018442927
"7901009",94,0,1,0.026166,1,0.003738,1,146.085764468751,1,4.84811393173195,846,1,5.9060001373291,34.8699989318848,0.0261659994721413,0.00980302784591913,140.869598388672,-87.2241,26.1587,56.0547640447004,63,63,63,63,61,63,0,8046,1.33458767306251,26,-87,0.001869,51,2025-11-28 13:58:41.001479,846,1.037,0.0011,"aoml_navis",1031.32889829051
"7901009",94,0,1,0.029904,1,0.007476,1,146.268909090027,1,4.84806216953963,848,1,5.89799976348877,34.8709983825684,0.0299040004611015,0.0126038929447532,141.046203613281,-87.2241,26.1587,56.0547640447004,63,63,63,63,61,63,0,8046,1.33458767306251,26,-87,0.001869,51,2025-11-28 13:58:41.001479,848,1.037,0.0011,"aoml_navis",1031.33990966844
"7901009",94,0,1,0.031773,1,0.009345,1,146.513022799413,1,4.84801341054603,850,1,5.88899993896484,34.8709983825684,0.0317730009555817,0.0140043264254928,141.281600952148,-87.2241,26.1587,56.0547640447004,63,63,63,63,61,63,0,8046,1.33458767306251,26,-87,0.001869,51,2025-11-28 13:58:41.001479,850,1.037,0.0011,"aoml_navis",1031.35028239059
"7901009",94,0,1,0.029904,1,0.007476,1,146.820922232694,1,4.84796396946539,852,1,5.87900018692017,34.8709983825684,0.0299040004611015,0.0126038929447532,141.578506469727,-87.2241,26.1587,56.0547640447004,63,63,63,63,61,63,0,8046,1.33458767306251,26,-87,0.001869,51,2025-11-28 13:58:41.001479,852,1.037,0.0011,"aoml_navis",1031.36080042925
"7901009",94,0,1,0.028035,1,0.005607,1,147.059228608745,1,4.84791521654298,854,1,5.86999988555908,34.8709983825684,0.0280349999666214,0.0112034603953362,141.808303833008,-87.2241,26.1587,56.0547640447004,63,63,63,63,61,63,0,8046,1.33458767306251,26,-87,0.001869,51,2025-11-28 13:58:41.001479,854,1.037,0.0011,"aoml_navis",1031.37117228
"7901009",94,0,1,0.028035,1,0.005607,1,147.333201822222,1,4.84785934455358,856,1,5.85599994659424,34.8720016479492,0.0280349999666214,0.0112034603953362,142.072494506836,-87.2241,26.1587,56.0547640447004,63,63,63,63,61,63,0,8046,1.33458767306251,26,-87,0.001869,51,2025-11-28 13:58:41.001479,856,1.037,0.0011,"aoml_navis",1031.38305892009
"7901009",94,0,1,0.029904,1,0.007476,1,147.544560272748,1,4.84781635159249,858,1,5.84999990463257,34.8709983825684,0.0299040004611015,0.0126038929447532,142.276306152344,-87.2241,26.1587,56.0547640447004,63,63,63,63,61,63,0,8046,1.33458767306251,26,-87,0.001869,51,2025-11-28 13:58:41.001479,858,1.037,0.0011,"aoml_navis",1031.3922057624
"7901009",94,0,1,0.031773,1,0.009345,1,147.713178648791,1,4.84776897684835,860,1,5.84299993515015,34.8709983825684,0.0317730009555817,0.0140043264254928,142.438903808594,-87.2241,26.1587,56.0547640447004,63,63,63,63,61,63,0,8046,1.33458767306251,26,-87,0.001869,51,2025-11-28 13:58:41.001479,860,1.037,0.0011,"aoml_navis",1031.40228502609
"7901009",94,0,1,0.029904,1,0.007476,1,147.938319626112,1,4.84771175085153,862,1,5.8270001411438,34.8720016479492,0.0299040004611015,0.0126038929447532,142.656005859375,-87.2241,26.1587,56.0547640447004,63,63,63,63,61,63,0,8046,1.33458767306251,26,-87,0.001869,51,2025-11-28 13:58:41.001479,862,1.037,0.0011,"aoml_navis",1031.41446046616
"7901009",94,0,1,0.033642,1,0.011214,1,148.215615836864,1,4.84765618457699,864,1,5.80800008773804,34.8720016479492,0.0336420014500618,0.0154047571122646,142.923400878906,-87.2241,26.1587,56.0547640447004,63,63,63,63,61,63,0,8046,1.33458767306251,26,-87,0.001869,51,2025-11-28 13:58:41.001479,864,1.037,0.0011,"aoml_navis",1031.42628305772
"7901009",94,0,1,0.029904,1,0.007476,1,148.46243541546,1,4.84759831001558,866,1,5.79099988937378,34.8730010986328,0.0299040004611015,0.0126038929447532,143.161407470703,-87.2241,26.1587,56.0547640447004,63,63,63,63,61,63,0,8046,1.33458767306251,26,-87,0.001869,51,2025-11-28 13:58:41.001479,866,1.037,0.0011,"aoml_navis",1031.43859706147
"7901009",94,0,1,0.029904,1,0.007476,1,148.84768156628,1,4.84754549467977,868,1,5.77600002288818,34.8730010986328,0.0299040004611015,0.0126038929447532,143.532897949219,-87.2241,26.1587,56.0547640447004,63,63,63,63,61,63,0,8046,1.33458767306251,26,-87,0.001869,51,2025-11-28 13:58:41.001479,868,1.037,0.0011,"aoml_navis",1031.44983486747
"7901009",94,0,1,0.024297,1,0.001869,1,149.290605455527,1,4.84749609296072,870,1,5.76599979400635,34.8730010986328,0.0242970008403063,0.00840259529650211,143.960006713867,-87.2241,26.1587,56.0547640447004,63,63,63,63,61,63,0,8046,1.33458767306251,26,-87,0.001869,51,2025-11-28 13:58:41.001479,870,1.037,0.0011,"aoml_navis",1031.46034656134
"7901009",94,0,1,0.028035,1,0.005607,1,149.816794162223,1,4.84745078218252,872,1,5.76200008392334,34.8730010986328,0.0280349999666214,0.0112034603953362,144.467407226562,-87.2241,26.1587,56.0547640447004,63,63,63,63,61,63,0,8046,1.33458767306251,26,-87,0.001869,51,2025-11-28 13:58:41.001479,872,1.037,0.0011,"aoml_navis",1031.46998797351
"7901009",94,0,1,0.029904,1,0.007476,1,150.46917764641,1,4.84740070494547,874,1,5.75099992752075,34.8730010986328,0.0299040004611015,0.0126038929447532,145.096496582031,-87.2241,26.1587,56.0547640447004,63,63,63,63,61,63,0,8046,1.33458767306251,26,-87,0.001869,51,2025-11-28 13:58:41.001479,874,1.037,0.0011,"aoml_navis",1031.48064382192
"7901009",94,0,1,0.031773,1,0.009345,1,150.81130395163,1,4.84734654956334,876,1,5.73400020599365,34.8730010986328,0.0317730009555817,0.0140043264254928,145.426406860352,-87.2241,26.1587,56.0547640447004,63,63,63,63,61,63,0,8046,1.33458767306251,26,-87,0.001869,51,2025-11-28 13:58:41.001479,876,1.037,0.0011,"aoml_navis",1031.49216769955
"7901009",94,0,1,0.031773,1,0.009345,1,151.143872683733,1,4.8472941574523,878,1,5.72499990463257,34.8740005493164,0.0317730009555817,0.0140043264254928,145.747100830078,-87.2241,26.1587,56.0547640447004,63,63,63,63,61,63,0,8046,1.33458767306251,26,-87,0.001869,51,2025-11-28 13:58:41.001479,878,1.037,0.0011,"aoml_navis",1031.50331661076
"7901009",94,0,1,0.029904,1,0.007476,1,151.435378663788,1,4.84724137625521,880,1,5.71000003814697,34.8740005493164,0.0299040004611015,0.0126038929447532,146.028198242188,-87.2241,26.1587,56.0547640447004,63,63,63,63,61,63,0,8046,1.33458767306251,26,-87,0.001869,51,2025-11-28 13:58:41.001479,880,1.037,0.0011,"aoml_navis",1031.51454856222
"7901009",94,0,1,0.029904,1,0.007476,1,151.668194182437,1,4.84719131896933,882,1,5.69899988174438,34.8740005493164,0.0299040004611015,0.0126038929447532,146.252700805664,-87.2241,26.1587,56.0547640447004,63,63,63,63,61,63,0,8046,1.33458767306251,26,-87,0.001869,51,2025-11-28 13:58:41.001479,882,1.037,0.0011,"aoml_navis",1031.52520108556
"7901009",94,0,1,0.026166,1,0.003738,1,152.029498929076,1,4.84713990856132,884,1,5.68599987030029,34.8740005493164,0.0261659994721413,0.00980302784591913,146.601104736328,-87.2241,26.1587,56.0547640447004,63,63,63,63,61,63,0,8046,1.33458767306251,26,-87,0.001869,51,2025-11-28 13:58:41.001479,884,1.037,0.0011,"aoml_navis",1031.5361417913
"7901009",94,0,1,0.028035,1,0.005607,1,152.391832222491,1,4.8470793942466,886,1,5.66499996185303,34.875,0.0280349999666214,0.0112034603953362,146.950500488281,-87.2241,26.1587,56.0547640447004,63,63,63,63,61,63,0,8046,1.33458767306251,26,-87,0.001869,51,2025-11-28 13:58:41.001479,886,1.037,0.0011,"aoml_navis",1031.54902020687
"7901009",94,0,1,0.029904,1,0.007476,1,152.638430267935,1,4.84703070935975,888,1,5.6560001373291,34.875,0.0299040004611015,0.0126038929447532,147.188293457031,-87.2241,26.1587,56.0547640447004,63,63,63,63,61,63,0,8046,1.33458767306251,26,-87,0.001869,51,2025-11-28 13:58:41.001479,888,1.037,0.0011,"aoml_navis",1031.55938136411
"7901009",94,0,1,0.031773,1,0.009345,1,152.837857575862,1,4.84698037421519,890,1,5.65000009536743,34.8759994506836,0.0317730009555817,0.0140043264254928,147.380599975586,-87.2241,26.1587,56.0547640447004,63,63,63,63,61,63,0,8046,1.33458767306251,26,-87,0.001869,51,2025-11-28 13:58:41.001479,890,1.037,0.0011,"aoml_navis",1031.57009394939
"7901009",94,0,1,0.029904,1,0.007476,1,153.209843385172,1,4.84693237193825,892,1,5.64200019836426,34.8759994506836,0.0299040004611015,0.0126038929447532,147.739303588867,-87.2241,26.1587,56.0547640447004,63,63,63,63,61,63,0,8046,1.33458767306251,26,-87,0.001869,51,2025-11-28 13:58:41.001479,892,1.037,0.0011,"aoml_navis",1031.580310249
"7901009",94,0,1,0.026166,1,0.003738,1,153.702327405216,1,4.84688166414047,894,1,5.63000011444092,34.8759994506836,0.0261659994721413,0.00980302784591913,148.214202880859,-87.2241,26.1587,56.0547640447004,63,63,63,63,61,63,0,8046,1.33458767306251,26,-87,0.001869,51,2025-11-28 13:58:41.001479,894,1.037,0.0011,"aoml_navis",1031.591102583
"7901009",94,0,1,0.033642,1,0.011214,1,154.173449299916,1,4.84683299092258,896,1,5.62099981307983,34.8759994506836,0.0336420014500618,0.0154047571122646,148.668502807617,-87.2241,26.1587,56.0547640447004,63,63,63,63,61,63,0,8046,1.33458767306251,26,-87,0.001869,51,2025-11-28 13:58:41.001479,896,1.037,0.0011,"aoml_navis",1031.60146210201
"7901009",94,0,1,0.028035,1,0.005607,1,154.276114091936,1,4.84678567385808,898,1,5.61399984359741,34.8759994506836,0.0280349999666214,0.0112034603953362,148.767501831055,-87.2241,26.1587,56.0547640447004,63,63,63,63,61,63,0,8046,1.33458767306251,26,-87,0.001869,51,2025-11-28 13:58:41.001479,898,1.037,0.0011,"aoml_navis",1031.61153317926
"7901009",94,0,1,0.029904,1,0.007476,1,154.228516111912,1,4.84673129296843,900,1,5.60200023651123,34.8769989013672,0.0299040004611015,0.0126038929447532,148.721603393555,-87.2241,26.1587,56.0547640447004,63,63,63,63,61,63,0,8046,1.33458767306251,26,-87,0.001869,51,2025-11-28 13:58:41.001479,900,1.037,0.0011,"aoml_navis",1031.62310798082
"7901009",94,0,1,0.028035,1,0.005607,1,154.074091681375,1,4.84668262918881,902,1,5.59299993515015,34.8769989013672,0.0280349999666214,0.0112034603953362,148.572692871094,-87.2241,26.1587,56.0547640447004,63,63,63,63,61,63,0,8046,1.33458767306251,26,-87,0.001869,51,2025-11-28 13:58:41.001479,902,1.037,0.0011,"aoml_navis",1031.63346613369
"7901009",94,0,1,0.028035,1,0.005607,1,153.986364553298,1,4.84663464434349,904,1,5.58500003814697,34.8769989013672,0.0280349999666214,0.0112034603953362,148.488098144531,-87.2241,26.1587,56.0547640447004,63,63,63,63,61,63,0,8046,1.33458767306251,26,-87,0.001869,51,2025-11-28 13:58:41.001479,904,1.037,0.0011,"aoml_navis",1031.64367997813
"7901009",94,0,1,0.033642,1,0.011214,1,153.869189339841,1,4.84658027547044,906,1,5.57299995422363,34.8779983520508,0.0336420014500618,0.0154047571122646,148.375106811523,-87.2241,26.1587,56.0547640447004,63,63,63,63,61,63,0,8046,1.33458767306251,26,-87,0.001869,51,2025-11-28 13:58:41.001479,906,1.037,0.0011,"aoml_navis",1031.6552529432
"7901009",94,0,1,0.031773,1,0.009345,1,154.11838248792,1,4.84653229666486,908,1,5.56500005722046,34.8779983520508,0.0317730009555817,0.0140043264254928,148.61540222168,-87.2241,26.1587,56.0547640447004,63,63,63,63,61,63,0,8046,1.33458767306251,26,-87,0.001869,51,2025-11-28 13:58:41.001479,908,1.037,0.0011,"aoml_navis",1031.66546593339
"7901009",94,0,1,0.029904,1,0.007476,1,154.407499074695,1,4.84648162136306,910,1,5.55299997329712,34.8779983520508,0.0299040004611015,0.0126038929447532,148.894195556641,-87.2241,26.1587,56.0547640447004,63,63,63,63,61,63,0,8046,1.33458767306251,26,-87,0.001869,51,2025-11-28 13:58:41.001479,910,1.037,0.0011,"aoml_navis",1031.6762531318
"7901009",94,0,1,0.029904,1,0.007476,1,154.659081616053,1,4.84643432295566,912,1,5.5460000038147,34.8779983520508,0.0299040004611015,0.0126038929447532,149.136795043945,-87.2241,26.1587,56.0547640447004,63,63,63,63,61,63,0,8046,1.33458767306251,26,-87,0.001869,51,2025-11-28 13:58:41.001479,912,1.037,0.0011,"aoml_navis",1031.68632169778
"7901009",94,0,1,0.028035,1,0.005607,1,154.960556587934,1,4.84637995658153,914,1,5.53399991989136,34.8790016174316,0.0280349999666214,0.0112034603953362,149.427505493164,-87.2241,26.1587,56.0547640447004,63,63,63,63,61,63,0,8046,1.33458767306251,26,-87,0.001869,51,2025-11-28 13:58:41.001479,914,1.037,0.0011,"aoml_navis",1031.69789508762
"7901009",94,0,1,0.029904,1,0.007476,1,155.31728825737,1,4.84633131577567,916,1,5.52500009536743,34.8790016174316,0.0299040004611015,0.0126038929447532,149.771499633789,-87.2241,26.1587,56.0547640447004,63,63,63,63,61,63,0,8046,1.33458767306251,26,-87,0.001869,51,2025-11-28 13:58:41.001479,916,1.037,0.0011,"aoml_navis",1031.70824985162
"7901009",94,0,1,0.029904,1,0.007476,1,155.799091214742,1,4.84628133071399,918,1,5.51399993896484,34.8790016174316,0.0299040004611015,0.0126038929447532,150.236099243164,-87.2241,26.1587,56.0547640447004,63,63,63,63,61,63,0,8046,1.33458767306251,26,-87,0.001869,51,2025-11-28 13:58:41.001479,918,1.037,0.0011,"aoml_navis",1031.71889100036
"7901009",94,0,1,0.029904,1,0.007476,1,156.306924317439,1,4.8462216088361,920,1,5.49399995803833,34.8800010681152,0.0299040004611015,0.0126038929447532,150.725799560547,-87.2241,26.1587,56.0547640447004,63,63,63,63,61,63,0,8046,1.33458767306251,26,-87,0.001869,51,2025-11-28 13:58:41.001479,920,1.037,0.0011,"aoml_navis",1031.73160527441
"7901009",94,0,1,0.029904,1,0.007476,1,156.645727625384,1,4.84616760265015,922,1,5.47700023651123,34.8800010681152,0.0299040004611015,0.0126038929447532,151.052505493164,-87.2241,26.1587,56.0547640447004,63,63,63,63,61,63,0,8046,1.33458767306251,26,-87,0.001869,51,2025-11-28 13:58:41.001479,922,1.037,0.0011,"aoml_navis",1031.74310299663
"7901009",94,0,1,0.031773,1,0.009345,1,156.800136232124,1,4.84611897903211,924,1,5.46799993515015,34.8800010681152,0.0317730009555817,0.0140043264254928,151.201400756836,-87.2241,26.1587,56.0547640447004,63,63,63,63,61,63,0,8046,1.33458767306251,26,-87,0.001869,51,2025-11-28 13:58:41.001479,924,1.037,0.0011,"aoml_navis",1031.75345500878
"7901009",94,0,1,0.026166,1,0.003738,1,156.995512648134,1,4.8460686884817,926,1,5.46199989318848,34.8810005187988,0.0261659994721413,0.00980302784591913,151.389801025391,-87.2241,26.1587,56.0547640447004,63,63,63,63,61,63,0,8046,1.33458767306251,26,-87,0.001869,51,2025-11-28 13:58:41.001479,926,1.037,0.0011,"aoml_navis",1031.76416213088
"7901009",94,0,1,0.029904,1,0.007476,1,157.098383149509,1,4.84602275649381,928,1,5.45699977874756,34.8810005187988,0.0299040004611015,0.0126038929447532,151.488998413086,-87.2241,26.1587,56.0547640447004,63,63,63,63,61,63,0,8046,1.33458767306251,26,-87,0.001869,51,2025-11-28 13:58:41.001479,928,1.037,0.0011,"aoml_navis",1031.77394148632
"7901009",94,0,1,0.029904,1,0.007476,1,157.233091129544,1,4.84597615512682,930,1,5.45100021362305,34.8810005187988,0.0299040004611015,0.0126038929447532,151.618896484375,-87.2241,26.1587,56.0547640447004,63,63,63,63,61,63,0,8046,1.33458767306251,26,-87,0.001869,51,2025-11-28 13:58:41.001479,930,1.037,0.0011,"aoml_navis",1031.78386354837
"7901009",94,0,1,0.028035,1,0.005607,1,157.349759981512,1,4.84593089827899,932,1,5.44700002670288,34.8810005187988,0.0280349999666214,0.0112034603953362,151.731399536133,-87.2241,26.1587,56.0547640447004,63,63,63,63,61,63,0,8046,1.33458767306251,26,-87,0.001869,51,2025-11-28 13:58:41.001479,932,1.037,0.0011,"aoml_navis",1031.79349952673
"7901009",94,0,1,0.028035,1,0.005607,1,157.538601169546,1,4.84588564319021,934,1,5.44299983978271,34.8810005187988,0.0280349999666214,0.0112034603953362,151.913497924805,-87.2241,26.1587,56.0547640447004,63,63,63,63,61,63,0,8046,1.33458767306251,26,-87,0.001869,51,2025-11-28 13:58:41.001479,934,1.037,0.0011,"aoml_navis",1031.80313531054
"7901009",94,0,1,0.033642,1,0.011214,1,157.71386554014,1,4.84583133499438,936,1,5.43100023269653,34.8819999694824,0.0336420014500618,0.0154047571122646,152.082504272461,-87.2241,26.1587,56.0547640447004,63,63,63,63,61,63,0,8046,1.33458767306251,26,-87,0.001869,51,2025-11-28 13:58:41.001479,936,1.037,0.0011,"aoml_navis",1031.81469893355
"7901009",94,0,1,0.031773,1,0.009345,1,157.85158004152,1,4.84578675464267,938,1,5.42799997329712,34.8819999694824,0.0317730009555817,0.0140043264254928,152.215301513672,-87.2241,26.1587,56.0547640447004,63,63,63,63,61,63,0,8046,1.33458767306251,26,-87,0.001869,51,2025-11-28 13:58:41.001479,938,1.037,0.0011,"aoml_navis",1031.82419144003
"7901009",94,0,1,0.029904,1,0.007476,1,158.068207816297,1,4.84574217641574,940,1,5.42500019073486,34.8819999694824,0.0299040004611015,0.0126038929447532,152.424194335938,-87.2241,26.1587,56.0547640447004,63,63,63,63,61,63,0,8046,1.33458767306251,26,-87,0.001869,51,2025-11-28 13:58:41.001479,940,1.037,0.0011,"aoml_navis",1031.83368366873
"7901009",94,0,1,0.028035,1,0.005607,1,158.433136212346,1,4.8456962573001,942,1,5.42000007629395,34.8819999694824,0.0280349999666214,0.0112034603953362,152.776092529297,-87.2241,26.1587,56.0547640447004,63,63,63,63,61,63,0,8046,1.33458767306251,26,-87,0.001869,51,2025-11-28 13:58:41.001479,942,1.037,0.0011,"aoml_navis",1031.84346160109
"7901009",94,0,1,0.028035,1,0.005607,1,158.882484562993,1,4.84564363133962,944,1,5.40500020980835,34.8819999694824,0.0280349999666214,0.0112034603953362,153.209396362305,-87.2241,26.1587,56.0547640447004,63,63,63,63,61,63,0,8046,1.33458767306251,26,-87,0.001869,51,2025-11-28 13:58:41.001479,944,1.037,0.0011,"aoml_navis",1031.8546679046
"7901009",94,0,1,0.028035,1,0.005607,1,159.490814597583,1,4.84559302355781,946,1,5.39300012588501,34.8819999694824,0.0280349999666214,0.0112034603953362,153.796005249023,-87.2241,26.1587,56.0547640447004,63,63,63,63,61,63,0,8046,1.33458767306251,26,-87,0.001869,51,2025-11-28 13:58:41.001479,946,1.037,0.0011,"aoml_navis",1031.86544468169
"7901009",94,0,1,0.029904,1,0.007476,1,160.004249324259,1,4.84553471830389,948,1,5.375,34.882999420166,0.0299040004611015,0.0126038929447532,154.291107177734,-87.2241,26.1587,56.0547640447004,63,63,63,63,61,63,0,8046,1.33458767306251,26,-87,0.001869,51,2025-11-28 13:58:41.001479,948,1.037,0.0011,"aoml_navis",1031.87786089172
"7901009",94,0,1,0.029904,1,0.007476,1,160.482412808424,1,4.8454794402742,950,1,5.35599994659424,34.882999420166,0.0299040004611015,0.0126038929447532,154.752197265625,-87.2241,26.1587,56.0547640447004,63,63,63,63,61,63,0,8046,1.33458767306251,26,-87,0.001869,51,2025-11-28 13:58:41.001479,950,1.037,0.0011,"aoml_navis",1031.88963272478
"7901009",94,0,1,0.029904,1,0.007476,1,160.831169284399,1,4.84542316348779,952,1,5.34100008010864,34.8839988708496,0.0299040004611015,0.0126038929447532,155.088500976562,-87.2241,26.1587,56.0547640447004,63,63,63,63,61,63,0,8046,1.33458767306251,26,-87,0.001869,51,2025-11-28 13:58:41.001479,952,1.037,0.0011,"aoml_navis",1031.90161752579
"7901009",94,0,1,0.028035,1,0.005607,1,161.061484643192,1,4.84537525399813,954,1,5.33300018310547,34.8839988708496,0.0280349999666214,0.0112034603953362,155.310592651367,-87.2241,26.1587,56.0547640447004,63,63,63,63,61,63,0,8046,1.33458767306251,26,-87,0.001869,51,2025-11-28 13:58:41.001479,954,1.037,0.0011,"aoml_navis",1031.91182063232
"7901009",94,0,1,0.029904,1,0.007476,1,161.331122136414,1,4.84532232689678,956,1,5.32299995422363,34.8849983215332,0.0299040004611015,0.0126038929447532,155.570602416992,-87.2241,26.1587,56.0547640447004,63,63,63,63,61,63,0,8046,1.33458767306251,26,-87,0.001869,51,2025-11-28 13:58:41.001479,956,1.037,0.0011,"aoml_navis",1031.9230925556
"7901009",94,0,1,0.029904,1,0.007476,1,161.722697805854,1,4.84527041864036,958,1,5.30900001525879,34.8849983215332,0.0299040004611015,0.0126038929447532,155.948196411133,-87.2241,26.1587,56.0547640447004,63,63,63,63,61,63,0,8046,1.33458767306251,26,-87,0.001869,51,2025-11-28 13:58:41.001479,958,1.037,0.0011,"aoml_navis",1031.93414773392
"7901009",94,0,1,0.029904,1,0.007476,1,162.043667695086,1,4.84521215200621,960,1,5.29099988937378,34.8860015869141,0.0299040004611015,0.0126038929447532,156.257705688477,-87.2241,26.1587,56.0547640447004,63,63,63,63,61,63,0,8046,1.33458767306251,26,-87,0.001869,51,2025-11-28 13:58:41.001479,960,1.037,0.0011,"aoml_navis",1031.94655737204
"7901009",94,0,1,0.031773,1,0.009345,1,162.167283193739,1,4.84516558920318,962,1,5.28499984741211,34.8860015869141,0.0317730009555817,0.0140043264254928,156.376907348633,-87.2241,26.1587,56.0547640447004,63,63,63,63,61,63,0,8046,1.33458767306251,26,-87,0.001869,51,2025-11-28 13:58:41.001479,962,1.037,0.0011,"aoml_navis",1031.95647454069
"7901009",94,0,1,0.028035,1,0.005607,1,162.335474327275,1,4.84511969499083,964,1,5.28000020980835,34.8860015869141,0.0280349999666214,0.0112034603953362,156.539093017578,-87.2241,26.1587,56.0547640447004,63,63,63,63,61,63,0,8046,1.33458767306251,26,-87,0.001869,51,2025-11-28 13:58:41.001479,964,1.037,0.0011,"aoml_navis",1031.96624949623
"7901009",94,0,1,0.029904,1,0.007476,1,162.48885438724,1,4.84507513494535,966,1,5.27699995040894,34.8860015869141,0.0299040004611015,0.0126038929447532,156.686996459961,-87.2241,26.1587,56.0547640447004,63,63,63,63,61,63,0,8046,1.33458767306251,26,-87,0.001869,51,2025-11-28 13:58:41.001479,966,1.037,0.0011,"aoml_navis",1031.97574046628
"7901009",94,0,1,0.031773,1,0.009345,1,162.681224281905,1,4.84502924391927,968,1,5.27199983596802,34.8860015869141,0.0317730009555817,0.0140043264254928,156.872497558594,-87.2241,26.1587,56.0547640447004,63,63,63,63,61,63,0,8046,1.33458767306251,26,-87,0.001869,51,2025-11-28 13:58:41.001479,968,1.037,0.0011,"aoml_navis",1031.98551510813
"7901009",94,0,1,0.028035,1,0.005607,1,162.942965700648,1,4.84497633978632,970,1,5.26200008392334,34.8870010375977,0.0280349999666214,0.0112034603953362,157.124893188477,-87.2241,26.1587,56.0547640447004,63,63,63,63,61,63,0,8046,1.33458767306251,26,-87,0.001869,51,2025-11-28 13:58:41.001479,970,1.037,0.0011,"aoml_navis",1031.99678374911
"7901009",94,0,1,0.029904,1,0.007476,1,163.108482612567,1,4.8449311187231,972,1,5.25799989700317,34.8870010375977,0.0299040004611015,0.0126038929447532,157.28450012207,-87.2241,26.1587,56.0547640447004,63,63,63,63,61,63,0,8046,1.33458767306251,26,-87,0.001869,51,2025-11-28 13:58:41.001479,972,1.037,0.0011,"aoml_navis",1032.0064160825
"7901009",94,0,1,0.029904,1,0.007476,1,163.521942592637,1,4.84489158197311,974,1,5.25699996948242,34.8860015869141,0.0299040004611015,0.0126038929447532,157.683197021484,-87.2241,26.1587,56.0547640447004,63,63,63,63,61,63,0,8046,1.33458767306251,26,-87,0.001869,51,2025-11-28 13:58:41.001479,974,1.037,0.0011,"aoml_navis",1032.01483777346
"7901009",94,0,1,0.029904,1,0.007476,1,164.149973253932,1,4.8448340235867,976,1,5.23999977111816,34.8870010375977,0.0299040004611015,0.0126038929447532,158.288803100586,-87.2241,26.1587,56.0547640447004,63,63,63,63,61,63,0,8046,1.33458767306251,26,-87,0.001869,51,2025-11-28 13:58:41.001479,976,1.037,0.0011,"aoml_navis",1032.02709848426
"7901009",94,0,1,0.028035,1,0.005607,1,164.571724903395,1,4.84477581082053,978,1,5.22200012207031,34.8880004882812,0.0280349999666214,0.0112034603953362,158.695495605469,-87.2241,26.1587,56.0547640447004,63,63,63,63,61,63,0,8046,1.33458767306251,26,-87,0.001869,51,2025-11-28 13:58:41.001479,978,1.037,0.0011,"aoml_navis",1032.03949888306
"7901009",94,0,1,0.024297,1,0.001869,1,169.507261990297,1,4.84425341891725,999.400024414062,1,5.13199996948242,34.8899993896484,0.0242970008403063,0.00840259529650211,163.454803466797,-87.2241,26.1587,56.0547640447004,63,63,63,63,61,63,0,8046,1.33458767306251,26,-87,0.001869,51,2025-11-28 13:58:41.001479,999.400024414062,1.037,0.0011,"aoml_navis",1032.15079138398
"7901009",94,0,1,0.031773,1,0.009345,1,175.971156290832,1,4.84302122778409,1049.40002441406,1,4.92640018463135,34.898998260498,0.0317730009555817,0.0140043264254928,169.687896728516,-87.2241,26.1587,56.0547640447004,63,63,63,63,61,63,0,8046,1.33458767306251,26,-87,0.001869,51,2025-11-28 13:58:41.001479,1049.40002441406,1.037,0.0011,"aoml_navis",1032.41339751214
"7901009",94,0,1,0.026166,1,0.003738,1,181.087021363224,1,4.84186493601722,1099,1,4.79879999160767,34.9039993286133,0.0261659994721413,0.00980302784591913,174.62109375,-87.2241,26.1587,56.0547640447004,63,63,63,63,61,63,0,8046,1.33458767306251,26,-87,0.001869,51,2025-11-28 13:58:41.001479,1099,1.037,0.0011,"aoml_navis",1032.65994943528
"7901009",94,0,1,0.029904,1,0.007476,1,186.000262720786,1,4.8406918423838,1149.30004882812,1,4.6609001159668,34.9080009460449,0.0299040004611015,0.0126038929447532,179.358901977539,-87.2241,26.1587,56.0547640447004,63,63,63,63,61,63,0,8046,1.33458767306251,26,-87,0.001869,51,2025-11-28 13:58:41.001479,1149.30004882812,1.037,0.0011,"aoml_navis",1032.91020432686
"7901009",94,0,1,0.024297,1,0.001869,1,189.905702299839,1,4.83954467039159,1199.69995117188,1,4.56409978866577,34.9119987487793,0.0242970008403063,0.00840259529650211,183.124893188477,-87.2241,26.1587,56.0547640447004,63,63,63,63,61,63,0,8046,1.33458767306251,26,-87,0.001869,51,2025-11-28 13:58:41.001479,1199.69995117188,1.037,0.0011,"aoml_navis",1033.15504671133
"7901009",94,0,1,0.029904,1,0.007476,1,193.222338409245,1,4.83841776056496,1249.59997558594,1,4.48040008544922,34.9160003662109,0.0299040004611015,0.0126038929447532,186.323104858398,-87.2241,26.1587,56.0547640447004,63,63,63,63,61,63,0,8046,1.33458767306251,26,-87,0.001869,51,2025-11-28 13:58:41.001479,1249.59997558594,1.037,0.0011,"aoml_navis",1033.39567756054
"7901009",94,0,1,0.033642,1,0.011214,1,195.592869722893,1,4.83731226611956,1299.40002441406,1,4.41879987716675,34.9189987182617,0.0336420014500618,0.0154047571122646,188.608993530273,-87.2241,26.1587,56.0547640447004,63,63,63,63,61,63,0,8046,1.33458767306251,26,-87,0.001869,51,2025-11-28 13:58:41.001479,1299.40002441406,1.037,0.0011,"aoml_navis",1033.63184448933
"7901009",94,0,1,0.028035,1,0.005607,1,197.192703025545,1,4.83623917404933,1348.69995117188,1,4.38299989700317,34.9210014343262,0.0280349999666214,0.0112034603953362,190.151702880859,-87.2241,26.1587,56.0547640447004,63,63,63,63,61,63,0,8046,1.33458767306251,26,-87,0.001869,51,2025-11-28 13:58:41.001479,1348.69995117188,1.037,0.0011,"aoml_navis",1033.86119256248
"7901009",94,0,1,0.031773,1,0.009345,1,198.446675606991,1,4.83514880204411,1399.5,1,4.36140012741089,34.9220008850098,0.0317730009555817,0.0140043264254928,191.360900878906,-87.2241,26.1587,56.0547640447004,63,63,63,63,61,63,0,8046,1.33458767306251,26,-87,0.001869,51,2025-11-28 13:58:41.001479,1399.5,1.037,0.0011,"aoml_navis",1034.0943380866
"7901009",94,0,1,0.026166,1,0.003738,1,199.673589496336,1,4.83407872459439,1449.5,1,4.34280014038086,34.9230003356934,0.0261659994721413,0.00980302784591913,192.544006347656,-87.2241,26.1587,56.0547640447004,63,63,63,63,61,63,0,8046,1.33458767306251,26,-87,0.001869,51,2025-11-28 13:58:41.001479,1449.5,1.037,0.0011,"aoml_navis",1034.32324644641
"7901009",94,0,1,0.026166,1,0.003738,1,200.904427687226,1,4.83301833591479,1499.09997558594,1,4.32399988174438,34.923999786377,0.0261659994721413,0.00980302784591913,193.730895996094,-87.2241,26.1587,56.0547640447004,63,63,63,63,61,63,0,8046,1.33458767306251,26,-87,0.001869,51,2025-11-28 13:58:41.001479,1499.09997558594,1.037,0.0011,"aoml_navis",1034.55018220071
"7901009",94,0,1,0.028035,1,0.005607,1,201.677325205942,1,4.83195980110459,1549,1,4.31519985198975,34.9249992370605,0.0280349999666214,0.0112034603953362,194.476196289062,-87.2241,26.1587,56.0547640447004,63,63,63,63,61,63,0,8046,1.33458767306251,26,-87,0.001869,51,2025-11-28 13:58:41.001479,1549,1.037,0.0011,"aoml_navis",1034.77682054743
"7901009",94,0,1,0.028035,1,0.005607,1,202.212533476671,1,4.83089787503506,1599.30004882812,1,4.30620002746582,34.9249992370605,0.0280349999666214,0.0112034603953362,194.992294311523,-87.2241,26.1587,56.0547640447004,63,63,63,63,61,63,0,8046,1.33458767306251,26,-87,0.001869,51,2025-11-28 13:58:41.001479,1599.30004882812,1.037,0.0011,"aoml_navis",1035.00428478085
"7901009",94,0,1,0.031773,1,0.009345,1,202.788187371385,1,4.82982782601986,1650,1,4.30070018768311,34.9259986877441,0.0317730009555817,0.0140043264254928,195.547393798828,-87.2241,26.1587,56.0547640447004,63,63,63,63,61,63,0,8046,1.33458767306251,26,-87,0.001869,51,2025-11-28 13:58:41.001479,1650,1.037,0.0011,"aoml_navis",1035.23359012165
"7901009",94,0,1,0.029904,1,0.007476,1,203.085294975418,1,4.82879727092923,1699.09997558594,1,4.29640007019043,34.9259986877441,0.0299040004611015,0.0126038929447532,195.833892822266,-87.2241,26.1587,56.0547640447004,63,63,63,63,61,63,0,8046,1.33458767306251,26,-87,0.001869,51,2025-11-28 13:58:41.001479,1699.09997558594,1.037,0.0011,"aoml_navis",1035.45452821171
"7901009",94,0,1,0.028035,1,0.005607,1,203.467439662114,1,4.82774671506532,1749.09997558594,1,4.29349994659424,34.9269981384277,0.0280349999666214,0.0112034603953362,196.202392578125,-87.2241,26.1587,56.0547640447004,63,63,63,63,61,63,0,8046,1.33458767306251,26,-87,0.001869,51,2025-11-28 13:58:41.001479,1749.09997558594,1.037,0.0011,"aoml_navis",1035.67985130561
"7901009",94,0,1,0.029904,1,0.007476,1,203.895742363349,1,4.82669404335387,1799.5,1,4.29209995269775,34.9269981384277,0.0299040004611015,0.0126038929447532,196.61540222168,-87.2241,26.1587,56.0547640447004,63,63,63,63,61,63,0,8046,1.33458767306251,26,-87,0.001869,51,2025-11-28 13:58:41.001479,1799.5,1.037,0.0011,"aoml_navis",1035.90572658832
"7901009",94,0,1,0.024297,1,0.001869,1,203.907879215303,1,4.82565094872578,1849.59997558594,1,4.29320001602173,34.9269981384277,0.0242970008403063,0.00840259529650211,196.627105712891,-87.2241,26.1587,56.0547640447004,63,63,63,63,61,63,0,8046,1.33458767306251,26,-87,0.001869,51,2025-11-28 13:58:41.001479,1849.59997558594,1.037,0.0011,"aoml_navis",1036.1296440888
"7901009",94,0,1,0.031773,1,0.009345,1,204.112797380633,1,4.82460934864765,1899.69995117188,1,4.29419994354248,34.9269981384277,0.0317730009555817,0.0140043264254928,196.82470703125,-87.2241,26.1587,56.0547640447004,63,63,63,63,61,63,0,8046,1.33458767306251,26,-87,0.001869,51,2025-11-28 13:58:41.001479,1899.69995117188,1.037,0.0011,"aoml_navis",1036.35333737466
"7901009",94,0,1,0.029904,1,0.007476,1,204.393717240795,1,4.82358942904302,1948.59997558594,1,4.29360008239746,34.9280014038086,0.0299040004611015,0.0126038929447532,197.095596313477,-87.2241,26.1587,56.0547640447004,63,63,63,63,61,63,0,8046,1.33458767306251,26,-87,0.001869,51,2025-11-28 13:58:41.001479,1948.59997558594,1.037,0.0011,"aoml_navis",1036.57246819035
"7901009",94,0,1,0.028035,1,0.005607,1,202.493674869985,1,4.8225052331967,2000.90002441406,1,4.29449987411499,34.9280014038086,0.0280349999666214,0.0112034603953362,195.263397216797,-87.2241,26.1587,56.0547640447004,63,63,63,63,61,63,0,8046,1.33458767306251,26,-87,0.001869,51,2025-11-28 13:58:41.001479,2000.90002441406,1.037,0.0011,"aoml_navis",1036.80551045989
"7901009",95,0.0504155713094529,5,0.082236,1,0.059808,1,192.409988422397,1,4.88600087922977,2.40000009536743,1,27.9540004730225,36.2120018005371,0.0822359994053841,0.303893864154816,185.539703369141,-87.0315,25.7409,11.9218504861532,63,63,63,63,61,63,0.067284,8046,1.33458767306251,26,-87,0.001869,51,2025-12-08 20:37:56.002199,2.40000009536743,1.037,0.0011,"aoml_navis",1023.33178474339
"7901009",95,0.0504155713094529,5,0.084105,1,0.061677,1,192.351392885634,1,4.88596302318384,4,1,27.9529991149902,36.2130012512207,0.0841049998998642,0.303893864154816,185.483200073242,-87.0315,25.7409,11.9218504861532,63,63,63,63,61,63,0.067284,8046,1.33458767306251,26,-87,0.001869,51,2025-12-08 20:37:56.002199,4,1.037,0.0011,"aoml_navis",1023.33971343521
"7901009",95,0.0504155713094529,5,0.09345,1,0.071022,1,192.3237012331,1,4.88592324465958,6.09999990463257,1,27.9549999237061,36.2130012512207,0.0934500023722649,0.303893864154816,185.456497192383,-87.0315,25.7409,11.9218504861532,63,63,63,63,61,63,0.067284,8046,1.33458767306251,26,-87,0.001869,51,2025-12-08 20:37:56.002199,6.09999990463257,1.037,0.0011,"aoml_navis",1023.34804490945
"7901009",95,0.0504155713094529,5,0.09345,1,0.071022,1,192.335948855421,1,4.88588801297084,8,1,27.9549999237061,36.2120018005371,0.0934500023722649,0.303893864154816,185.468307495117,-87.0315,25.7409,11.9218504861532,63,63,63,63,61,63,0.067284,8046,1.33458767306251,26,-87,0.001869,51,2025-12-08 20:37:56.002199,8,1.037,0.0011,"aoml_navis",1023.355424178
"7901009",95,0.0504155713094529,5,0.089712,1,0.067284,1,192.292385930034,1,4.88584714906376,10,1,27.9549999237061,36.2120018005371,0.0897120013833046,0.303893864154816,185.426300048828,-87.0315,25.7409,11.9218504861532,63,63,63,63,61,63,0.067284,8046,1.33458767306251,26,-87,0.001869,51,2025-12-08 20:37:56.002199,10,1.037,0.0011,"aoml_navis",1023.36398324661
"7901009",95,0.0574177339913214,1,0.099057,1,0.076629,1,192.28906293173,1,4.88580426205335,12,1,27.9559993743896,36.2130012512207,0.0990569964051247,0.303893864154816,185.423095703125,-87.0315,25.7409,11.9218504861532,63,63,63,63,61,63,0.076629,8046,1.33458767306251,26,-87,0.001869,51,2025-12-08 20:37:56.002199,12,1.037,0.0011,"aoml_navis",1023.3729662143
"7901009",95,0.0658203292095636,1,0.110271,1,0.087843,1,192.084777655035,1,4.88558893230268,14,1,27.9570007324219,36.2620010375977,0.110270999372005,0.303893864154816,185.226104736328,-87.0315,25.7409,11.9218504861532,63,63,63,63,61,63,0.087843,8046,1.33458767306251,26,-87,0.001869,51,2025-12-08 20:37:56.002199,14,1.037,0.0011,"aoml_navis",1023.41807083704
"7901009",95,0.0644198966731899,1,0.108402,1,0.085974,1,192.127090500107,1,4.88527109458462,16,1,27.943000793457,36.3330001831055,0.108401998877525,0.303893864154816,185.266906738281,-87.0315,25.7409,11.9218504861532,63,63,63,63,61,63,0.085974,8046,1.33458767306251,26,-87,0.001869,51,2025-12-08 20:37:56.002199,16,1.037,0.0011,"aoml_navis",1023.48465483165
"7901009",95,0.0644198966731899,1,0.108402,1,0.085974,1,192.135477114875,1,4.88502383325033,18,1,27.9190006256104,36.3800010681152,0.108401998877525,0.303893864154816,185.274993896484,-87.0315,25.7409,11.9218504861532,63,63,63,63,61,63,0.085974,8046,1.33458767306251,26,-87,0.001869,51,2025-12-08 20:37:56.002199,18,1.037,0.0011,"aoml_navis",1023.53645973374
"7901009",95,0.0672207617459372,1,0.11214,1,0.089712,1,191.921966561935,1,4.88492470533054,20,1,27.9069995880127,36.390998840332,0.112139999866486,0.303893864154816,185.069107055664,-87.0315,25.7409,11.9218504861532,63,63,63,63,61,63,0.089712,8046,1.33458767306251,26,-87,0.001869,51,2025-12-08 20:37:56.002199,20,1.037,0.0011,"aoml_navis",1023.55722996997
"7901009",95,0.0826255196460479,1,0.132699,1,0.110271,1,191.905161684797,1,4.88484961305806,22,1,27.8920001983643,36.3940010070801,0.132698997855186,0.303893864154816,185.05290222168,-87.0315,25.7409,11.9218504861532,63,63,63,63,61,63,0.110271,8046,1.33458767306251,26,-87,0.001869,51,2025-12-08 20:37:56.002199,22,1.037,0.0011,"aoml_navis",1023.5729645871
"7901009",95,0.0868268172551689,1,0.138306,1,0.115878,1,191.719532670009,1,4.88478190537468,24,1,27.8840007781982,36.3979988098145,0.138306006789207,0.303893864154816,184.873901367188,-87.0315,25.7409,11.9218504861532,63,63,63,63,61,63,0.115878,8046,1.33458767306251,26,-87,0.001869,51,2025-12-08 20:37:56.002199,24,1.037,0.0011,"aoml_navis",1023.58715227358
"7901009",95,0.0938289799370374,1,0.147651,1,0.125223,1,191.592499191984,1,4.88472467811624,26,1,27.8850002288818,36.4029998779297,0.147651001811028,0.303893864154816,184.751403808594,-87.0315,25.7409,11.9218504861532,63,63,63,63,61,63,0.125223,8046,1.33458767306251,26,-87,0.001869,51,2025-12-08 20:37:56.002199,26,1.037,0.0011,"aoml_navis",1023.59914416471
"7901009",95,0.106432872764401,1,0.164472,1,0.142044,1,191.262414693776,1,4.88465917014582,28,1,27.882999420166,36.4090003967285,0.164471998810768,0.303893864154816,184.43310546875,-87.0315,25.7409,11.9218504861532,63,63,63,63,61,63,0.142044,8046,1.33458767306251,26,-87,0.001869,51,2025-12-08 20:37:56.002199,28,1.037,0.0011,"aoml_navis",1023.61287161223
"7901009",95,0.11763633305539,1,0.179424,1,0.156996,1,190.863354245056,1,4.88459349888022,30,1,27.8740005493164,36.4119987487793,0.179424002766609,0.303893864154816,184.048294067383,-87.0315,25.7409,11.9218504861532,63,63,63,63,61,63,0.156996,8046,1.33458767306251,26,-87,0.001869,51,2025-12-08 20:37:56.002199,30,1.037,0.0011,"aoml_navis",1023.62663364848
"7901009",95,0.141443686173743,1,0.211197,1,0.188769,1,190.61053736932,1,4.88453031554132,32,1,27.8619995117188,36.4129981994629,0.211197003722191,0.303893864154816,183.804504394531,-87.0315,25.7409,11.9218504861532,63,63,63,63,61,63,0.188769,8046,1.33458767306251,26,-87,0.001869,51,2025-12-08 20:37:56.002199,32,1.037,0.0011,"aoml_navis",1023.63987466539
"7901009",95,0.166651471828469,1,0.244839,1,0.222411,1,190.253584056253,1,4.88447604850406,34,1,27.8579998016357,36.4150009155273,0.244838997721672,0.303893864154816,183.460296630859,-87.0315,25.7409,11.9218504861532,63,63,63,63,61,63,0.222411,8046,1.33458767306251,26,-87,0.001869,51,2025-12-08 20:37:56.002199,34,1.037,0.0011,"aoml_navis",1023.65124741093
"7901009",95,0.198861420165064,1,0.287826,1,0.265398,1,190.019423442424,1,4.884419771877,36,1,27.8549995422363,36.4179992675781,0.287826001644135,0.303893864154816,183.234497070312,-87.0315,25.7409,11.9218504861532,63,63,63,63,61,63,0.265398,8046,1.33458767306251,26,-87,0.001869,51,2025-12-08 20:37:56.002199,36,1.037,0.0011,"aoml_navis",1023.66304157322
"7901009",95,0.207264015383307,1,0.29904,1,0.276612,1,189.962900823651,1,4.8843686534243,38,1,27.8530006408691,36.4199981689453,0.299039989709854,0.303893864154816,183.179992675781,-87.0315,25.7409,11.9218504861532,63,63,63,63,61,63,0.276612,8046,1.33458767306251,26,-87,0.001869,51,2025-12-08 20:37:56.002199,38,1.037,0.0011,"aoml_navis",1023.67375494776
"7901009",95,0.226870070892538,1,0.325206,1,0.302778,1,189.742949983523,1,4.88432111002942,40,1,27.8509998321533,36.4210014343262,0.325206011533737,0.303893864154816,182.967895507812,-87.0315,25.7409,11.9218504861532,63,63,63,63,61,63,0.302778,8046,1.33458767306251,26,-87,0.001869,51,2025-12-08 20:37:56.002199,40,1.037,0.0011,"aoml_navis",1023.68371926511
"7901009",95,0.240874396256275,1,0.343896,1,0.321468,1,189.568935638998,1,4.88427717474032,42,1,27.8490009307861,36.4210014343262,0.343896001577377,0.303893864154816,182.800094604492,-87.0315,25.7409,11.9218504861532,63,63,63,63,61,63,0.321468,8046,1.33458767306251,26,-87,0.001869,51,2025-12-08 20:37:56.002199,42,1.037,0.0011,"aoml_navis",1023.692927555
"7901009",95,0.24647612640177,1,0.351372,1,0.328944,1,189.337575838025,1,4.88422964990064,44,1,27.8470001220703,36.4220008850098,0.351372003555298,0.303893864154816,182.576995849609,-87.0315,25.7409,11.9218504861532,63,63,63,63,61,63,0.328944,8046,1.33458767306251,26,-87,0.001869,51,2025-12-08 20:37:56.002199,44,1.037,0.0011,"aoml_navis",1023.70288835655
"7901009",95,0.250677424010891,1,0.356979,1,0.334551,1,188.960004111671,1,4.88418525662375,46,1,27.8470001220703,36.4230003356934,0.356979012489319,0.303893864154816,182.212905883789,-87.0315,25.7409,11.9218504861532,63,63,63,63,61,63,0.334551,8046,1.33458767306251,26,-87,0.001869,51,2025-12-08 20:37:56.002199,46,1.037,0.0011,"aoml_navis",1023.71219298432
"7901009",95,0.270283479520123,1,0.383145,1,0.360717,1,188.959687635642,1,4.88411573197386,48,1,27.8470001220703,36.4309997558594,0.38314500451088,0.303893864154816,182.212600708008,-87.0315,25.7409,11.9218504861532,63,63,63,63,61,63,0.360717,8046,1.33458767306251,26,-87,0.001869,51,2025-12-08 20:37:56.002199,48,1.037,0.0011,"aoml_navis",1023.7267653728
"7901009",95,0.288489102492981,1,0.407442,1,0.385014,1,189.376059323147,1,4.88405843962625,50,1,27.8640003204346,36.443000793457,0.407442003488541,0.303893864154816,182.614105224609,-87.0315,25.7409,11.9218504861532,63,63,63,63,61,63,0.385014,8046,1.33458767306251,26,-87,0.001869,51,2025-12-08 20:37:56.002199,50,1.037,0.0011,"aoml_navis",1023.73877417868
"7901009",95,0.296891697711223,1,0.418656,1,0.396228,1,189.699086405908,1,4.88401424658654,52,1,27.871000289917,36.4469985961914,0.41865599155426,0.303893864154816,182.925598144531,-87.0315,25.7409,11.9218504861532,63,63,63,63,61,63,0.396228,8046,1.33458767306251,26,-87,0.001869,51,2025-12-08 20:37:56.002199,52,1.037,0.0011,"aoml_navis",1023.74803748669
"7901009",95,0.303893860393091,1,0.428001,1,0.405573,1,189.951602629417,1,4.88397115439197,54,1,27.8810005187988,36.4519996643066,0.42800098657608,0.310896009206772,183.169097900391,-87.0315,25.7409,11.9218504861532,63,63,63,63,61,63,0.405573,8046,1.33458767306251,26,-87,0.001869,51,2025-12-08 20:37:56.002199,54,1.037,0.0011,"aoml_navis",1023.75707020785
"7901009",95,0.296891697711223,1,0.418656,1,0.396228,1,189.873622935881,1,4.88392337271087,56,1,27.8880004882812,36.4570007324219,0.41865599155426,0.303893864154816,183.093902587891,-87.0315,25.7409,11.9218504861532,63,63,63,63,61,63,0.396228,8046,1.33458767306251,26,-87,0.001869,51,2025-12-08 20:37:56.002199,56,1.037,0.0011,"aoml_navis",1023.76708609675
"7901009",95,0.291289967565728,1,0.41118,1,0.388752,1,189.665698184853,1,4.8838769774847,58,1,27.8889999389648,36.4589996337891,0.41117998957634,0.298292130231857,182.893402099609,-87.0315,25.7409,11.9218504861532,63,63,63,63,61,63,0.388752,8046,1.33458767306251,26,-87,0.001869,51,2025-12-08 20:37:56.002199,58,1.037,0.0011,"aoml_navis",1023.7768115476
"7901009",95,0.298292130247597,1,0.420525,1,0.398097,1,189.445430868695,1,4.8838303873572,60,1,27.882999420166,36.4580001831055,0.420525014400482,0.305294305086136,182.680999755859,-87.0315,25.7409,11.9218504861532,63,63,63,63,61,63,0.398097,8046,1.33458767306251,26,-87,0.001869,51,2025-12-08 20:37:56.002199,60,1.037,0.0011,"aoml_navis",1023.78657803996
"7901009",95,0.275885209665617,1,0.390621,1,0.368193,1,189.305010454645,1,4.88378490968922,62,1,27.8799991607666,36.4580001831055,0.3906210064888,0.282887369394302,182.545593261719,-87.0315,25.7409,11.9218504861532,63,63,63,63,61,63,0.368193,8046,1.33458767306251,26,-87,0.001869,51,2025-12-08 20:37:56.002199,62,1.037,0.0011,"aoml_navis",1023.79611151183
"7901009",95,0.280086507274739,1,0.396228,1,0.3738,1,189.232632386821,1,4.88374211214075,64,1,27.8810005187988,36.4589996337891,0.396227985620499,0.287088662385941,182.475799560547,-87.0315,25.7409,11.9218504861532,63,63,63,63,61,63,0.3738,8046,1.33458767306251,26,-87,0.001869,51,2025-12-08 20:37:56.002199,64,1.037,0.0011,"aoml_navis",1023.80508331311
"7901009",95,0.281486939811112,1,0.398097,1,0.375669,1,189.118147183344,1,4.88370133673947,66,1,27.8810005187988,36.4589996337891,0.398097008466721,0.288489103317261,182.36540222168,-87.0315,25.7409,11.9218504861532,63,63,63,63,61,63,0.375669,8046,1.33458767306251,26,-87,0.001869,51,2025-12-08 20:37:56.002199,66,1.037,0.0011,"aoml_navis",1023.8136313508
"7901009",95,0.254878721620012,1,0.362586,1,0.340158,1,188.922865649673,1,4.88366101805095,68,1,27.878999710083,36.4580001831055,0.362585991621017,0.261880874633789,182.177093505859,-87.0315,25.7409,11.9218504861532,63,63,63,63,61,63,0.340158,8046,1.33458767306251,26,-87,0.001869,51,2025-12-08 20:37:56.002199,68,1.037,0.0011,"aoml_navis",1023.8220837849
"7901009",95,0.240874396256275,1,0.343896,1,0.321468,1,189.035705177799,1,4.88361352999349,70,1,27.8770008087158,36.4589996337891,0.343896001577377,0.247876554727554,182.285903930664,-87.0315,25.7409,11.9218504861532,63,63,63,63,61,63,0.321468,8046,1.33458767306251,26,-87,0.001869,51,2025-12-08 20:37:56.002199,70,1.037,0.0011,"aoml_navis",1023.83203938881
"7901009",95,0.229670935965286,1,0.328944,1,0.306516,1,189.17984418519,1,4.88356511643626,72,1,27.878999710083,36.4620018005371,0.328943997621536,0.236673101782799,182.424896240234,-87.0315,25.7409,11.9218504861532,63,63,63,63,61,63,0.306516,8046,1.33458767306251,26,-87,0.001869,51,2025-12-08 20:37:56.002199,72,1.037,0.0011,"aoml_navis",1023.84218921785
"7901009",95,0.229670935965286,1,0.328944,1,0.306516,1,189.402500895366,1,4.8835115678462,74,1,27.8799991607666,36.4659996032715,0.328943997621536,0.236673101782799,182.639602661133,-87.0315,25.7409,11.9218504861532,63,63,63,63,61,63,0.306516,8046,1.33458767306251,26,-87,0.001869,51,2025-12-08 20:37:56.002199,74,1.037,0.0011,"aoml_navis",1023.85341583314
"7901009",95,0.239473963719901,1,0.342027,1,0.319599,1,189.610109170366,1,4.8834593893941,76,1,27.875,36.4669990539551,0.342027008533478,0.246476113796234,182.839797973633,-87.0315,25.7409,11.9218504861532,63,63,63,63,61,63,0.319599,8046,1.33458767306251,26,-87,0.001869,51,2025-12-08 20:37:56.002199,76,1.037,0.0011,"aoml_navis",1023.86435543193
"7901009",95,0.252077856547265,1,0.358848,1,0.33642,1,189.719720642997,1,4.88341236553504,78,1,27.871000289917,36.4669990539551,0.358848005533218,0.259080022573471,182.945495605469,-87.0315,25.7409,11.9218504861532,63,63,63,63,61,63,0.33642,8046,1.33458767306251,26,-87,0.001869,51,2025-12-08 20:37:56.002199,78,1.037,0.0011,"aoml_navis",1023.8742145324
"7901009",95,0.250677424010891,1,0.356979,1,0.334551,1,189.72718947728,1,4.8833720605987,80,1,27.8689994812012,36.4659996032715,0.356979012489319,0.257679581642151,182.952697753906,-87.0315,25.7409,11.9218504861532,63,63,63,63,61,63,0.334551,8046,1.33458767306251,26,-87,0.001869,51,2025-12-08 20:37:56.002199,80,1.037,0.0011,"aoml_navis",1023.88266508348
"7901009",95,0.256279154156386,1,0.364455,1,0.342027,1,189.719926352416,1,4.88333176071752,82,1,27.867000579834,36.4650001525879,0.364455014467239,0.263281315565109,182.945693969727,-87.0315,25.7409,11.9218504861532,63,63,63,63,61,63,0.342027,8046,1.33458767306251,26,-87,0.001869,51,2025-12-08 20:37:56.002199,82,1.037,0.0011,"aoml_navis",1023.89111471414
"7901009",95,0.24647612640177,1,0.351372,1,0.328944,1,189.729578871299,1,4.88328630859632,84,1,27.8640003204346,36.4650001525879,0.351372003555298,0.253478288650513,182.955001831055,-87.0315,25.7409,11.9218504861532,63,63,63,63,61,63,0.328944,8046,1.33458767306251,26,-87,0.001869,51,2025-12-08 20:37:56.002199,84,1.037,0.0011,"aoml_navis",1023.90064477649
"7901009",95,0.245075693865396,1,0.349503,1,0.327075,1,189.683531609085,1,4.88324288044504,86,1,27.8600006103516,36.4640007019043,0.349503010511398,0.252077847719193,182.910598754883,-87.0315,25.7409,11.9218504861532,63,63,63,63,61,63,0.327075,8046,1.33458767306251,26,-87,0.001869,51,2025-12-08 20:37:56.002199,86,1.037,0.0011,"aoml_navis",1023.90975063364
"7901009",95,0.247876558938144,1,0.353241,1,0.330813,1,189.701570742736,1,4.88320147328914,88,1,27.8549995422363,36.4620018005371,0.353240996599197,0.254878729581833,182.927993774414,-87.0315,25.7409,11.9218504861532,63,63,63,63,61,63,0.330813,8046,1.33458767306251,26,-87,0.001869,51,2025-12-08 20:37:56.002199,88,1.037,0.0011,"aoml_navis",1023.91843288665
"7901009",95,0.24647612640177,1,0.351372,1,0.328944,1,189.619650922639,1,4.88315916022279,90,1,27.8540000915527,36.4620018005371,0.351372003555298,0.253478288650513,182.848999023438,-87.0315,25.7409,11.9218504861532,63,63,63,63,61,63,0.328944,8046,1.33458767306251,26,-87,0.001869,51,2025-12-08 20:37:56.002199,90,1.037,0.0011,"aoml_navis",1023.92730524308
"7901009",95,0.239473963719901,1,0.342027,1,0.319599,1,189.539598311113,1,4.88311841406979,92,1,27.8540000915527,36.4620018005371,0.342027008533478,0.246476113796234,182.77180480957,-87.0315,25.7409,11.9218504861532,63,63,63,63,61,63,0.319599,8046,1.33458767306251,26,-87,0.001869,51,2025-12-08 20:37:56.002199,92,1.037,0.0011,"aoml_navis",1023.9358491888
"7901009",95,0.23527266611078,1,0.33642,1,0.313992,1,189.435999883032,1,4.88307767024802,94,1,27.8540000915527,36.4620018005371,0.336419999599457,0.242274835705757,182.671905517578,-87.0315,25.7409,11.9218504861532,63,63,63,63,61,63,0.313992,8046,1.33458767306251,26,-87,0.001869,51,2025-12-08 20:37:56.002199,94,1.037,0.0011,"aoml_navis",1023.94439278826
"7901009",95,0.233872233574407,1,0.334551,1,0.312123,1,189.435683407003,1,4.88303379629998,96,1,27.8519992828369,36.4620018005371,0.334551006555557,0.240874394774437,182.671600341797,-87.0315,25.7409,11.9218504861532,63,63,63,63,61,63,0.312123,8046,1.33458767306251,26,-87,0.001869,51,2025-12-08 20:37:56.002199,96,1.037,0.0011,"aoml_navis",1023.95359290543
"7901009",95,0.225469638356165,1,0.323337,1,0.300909,1,189.290500028717,1,4.8829950917584,98,1,27.8509998321533,36.4609985351562,0.323336988687515,0.232471808791161,182.531600952148,-87.0315,25.7409,11.9218504861532,63,63,63,63,61,63,0.300909,8046,1.33458767306251,26,-87,0.001869,51,2025-12-08 20:37:56.002199,98,1.037,0.0011,"aoml_navis",1023.96170916475
"7901009",95,0.211465312992428,1,0.304647,1,0.282219,1,189.235955385125,1,4.88295056760732,100,1,27.8439998626709,36.4589996337891,0.304646998643875,0.218467488884926,182.47900390625,-87.0315,25.7409,11.9218504861532,63,63,63,63,61,63,0.282219,8046,1.33458767306251,26,-87,0.001869,51,2025-12-08 20:37:56.002199,100,1.037,0.0011,"aoml_navis",1023.97104594283
"7901009",95,0.229670935965286,1,0.328944,1,0.306516,1,189.078635151128,1,4.88290826772395,102,1,27.8430004119873,36.4589996337891,0.328943997621536,0.236673101782799,182.327301025391,-87.0315,25.7409,11.9218504861532,63,63,63,63,61,63,0.306516,8046,1.33458767306251,26,-87,0.001869,51,2025-12-08 20:37:56.002199,102,1.037,0.0011,"aoml_navis",1023.97991644652
"7901009",95,0.207264015383307,1,0.29904,1,0.276612,1,188.976286803361,1,4.88286596711716,104,1,27.8419990539551,36.4589996337891,0.299039989709854,0.214266180992126,182.228607177734,-87.0315,25.7409,11.9218504861532,63,63,63,63,61,63,0.276612,8046,1.33458767306251,26,-87,0.001869,51,2025-12-08 20:37:56.002199,104,1.037,0.0011,"aoml_navis",1023.98878725561
"7901009",95,0.184857094801327,1,0.269136,1,0.246708,1,188.886787382371,1,4.882826803921,106,1,27.8430004119873,36.4589996337891,0.269136011600494,0.191859260201454,182.142303466797,-87.0315,25.7409,11.9218504861532,63,63,63,63,61,63,0.246708,8046,1.33458767306251,26,-87,0.001869,51,2025-12-08 20:37:56.002199,106,1.037,0.0011,"aoml_navis",1023.99700025913
"7901009",95,0.184857094801327,1,0.269136,1,0.246708,1,188.668592984203,1,4.88278607551436,108,1,27.8430004119873,36.4589996337891,0.269136011600494,0.191859260201454,181.931900024414,-87.0315,25.7409,11.9218504861532,63,63,63,63,61,63,0.246708,8046,1.33458767306251,26,-87,0.001869,51,2025-12-08 20:37:56.002199,108,1.037,0.0011,"aoml_navis",1024.00554164628
"7901009",95,0.163850606755722,1,0.241101,1,0.218673,1,188.499863789362,1,4.88274489382125,110,1,27.8449993133545,36.4599990844727,0.241100996732712,0.170852765440941,181.769195556641,-87.0315,25.7409,11.9218504861532,63,63,63,63,61,63,0.218673,8046,1.33458767306251,26,-87,0.001869,51,2025-12-08 20:37:56.002199,110,1.037,0.0011,"aoml_navis",1024.01417823961
"7901009",95,0.154047579001106,1,0.228018,1,0.20559,1,188.228374827916,1,4.8827021531161,112,1,27.8460006713867,36.4609985351562,0.228018000721931,0.161049738526344,181.507400512695,-87.0315,25.7409,11.9218504861532,63,63,63,63,61,63,0.20559,8046,1.33458767306251,26,-87,0.001869,51,2025-12-08 20:37:56.002199,112,1.037,0.0011,"aoml_navis",1024.02314194181
"7901009",95,0.149846281391985,1,0.222411,1,0.199983,1,188.041195080586,1,4.88265804031347,114,1,27.8530006408691,36.4650001525879,0.222411006689072,0.156848445534706,181.326904296875,-87.0315,25.7409,11.9218504861532,63,63,63,63,61,63,0.199983,8046,1.33458767306251,26,-87,0.001869,51,2025-12-08 20:37:56.002199,114,1.037,0.0011,"aoml_navis",1024.03239356877
"7901009",95,0.138642821100996,1,0.207459,1,0.185031,1,187.908860629076,1,4.88261530290657,116,1,27.8540000915527,36.4659996032715,0.207459002733231,0.145644992589951,181.199295043945,-87.0315,25.7409,11.9218504861532,63,63,63,63,61,63,0.185031,8046,1.33458767306251,26,-87,0.001869,51,2025-12-08 20:37:56.002199,116,1.037,0.0011,"aoml_navis",1024.04135689813
"7901009",95,0.11763633305539,1,0.179424,1,0.156996,1,187.738074340046,1,4.88257503851826,118,1,27.8519992828369,36.4650001525879,0.179424002766609,0.124638497829437,181.034606933594,-87.0315,25.7409,11.9218504861532,63,63,63,63,61,63,0.156996,8046,1.33458767306251,26,-87,0.001869,51,2025-12-08 20:37:56.002199,118,1.037,0.0011,"aoml_navis",1024.0498017041
"7901009",95,0.113435035446269,1,0.173817,1,0.151389,1,187.476427783102,1,4.88252806117473,120,1,27.8479995727539,36.4650001525879,0.173816993832588,0.120437197387218,180.782302856445,-87.0315,25.7409,11.9218504861532,63,63,63,63,61,63,0.151389,8046,1.33458767306251,26,-87,0.001869,51,2025-12-08 20:37:56.002199,120,1.037,0.0011,"aoml_navis",1024.05965462019
"7901009",95,0.114835467982643,1,0.175686,1,0.153258,1,187.186472445367,1,4.88248936923129,122,1,27.8470001220703,36.4640007019043,0.175686001777649,0.121837630867958,180.502700805664,-87.0315,25.7409,11.9218504861532,63,63,63,63,61,63,0.153258,8046,1.33458767306251,26,-87,0.001869,51,2025-12-08 20:37:56.002199,122,1.037,0.0011,"aoml_navis",1024.06776991861
"7901009",95,0.105032440228027,1,0.162603,1,0.140175,1,186.642655860999,1,4.88243613336016,124,1,27.8390007019043,36.4640007019043,0.162603005766869,0.112034611403942,179.978302001953,-87.0315,25.7409,11.9218504861532,63,63,63,63,61,63,0.140175,8046,1.33458767306251,26,-87,0.001869,51,2025-12-08 20:37:56.002199,124,1.037,0.0011,"aoml_navis",1024.07893588952
"7901009",95,0.0882272497915426,1,0.140175,1,0.117747,1,185.609250859827,1,4.88238088173256,126,1,27.8320007324219,36.4650001525879,0.140174999833107,0.0952294170856476,178.981796264648,-87.0315,25.7409,11.9218504861532,63,63,63,63,61,63,0.117747,8046,1.33458767306251,26,-87,0.001869,51,2025-12-08 20:37:56.002199,126,1.037,0.0011,"aoml_navis",1024.09052491327
"7901009",95,0.0756233569641794,1,0.123354,1,0.100926,1,184.133665550989,1,4.88225762070149,128,1,27.7929992675781,36.4710006713867,0.123354002833366,0.0826255157589912,177.558898925781,-87.0315,25.7409,11.9218504861532,63,63,63,63,61,63,0.100926,8046,1.33458767306251,26,-87,0.001869,51,2025-12-08 20:37:56.002199,128,1.037,0.0011,"aoml_navis",1024.11637984838
"7901009",95,0.072822491891432,1,0.119616,1,0.097188,1,183.119660530392,1,4.88212799244844,130,1,27.7430000305176,36.4739990234375,0.119616001844406,0.0798246487975121,176.581100463867,-87.0315,25.7409,11.9218504861532,63,63,63,63,61,63,0.097188,8046,1.33458767306251,26,-87,0.001869,51,2025-12-08 20:37:56.002199,130,1.037,0.0011,"aoml_navis",1024.14357176499
"7901009",95,0.0714220593550583,1,0.117747,1,0.095319,1,181.906655382784,1,4.88205292078371,132,1,27.7210006713867,36.4739990234375,0.117747001349926,0.0784242227673531,175.411407470703,-87.0315,25.7409,11.9218504861532,63,63,63,63,61,63,0.095319,8046,1.33458767306251,26,-87,0.001869,51,2025-12-08 20:37:56.002199,132,1.037,0.0011,"aoml_navis",1024.15932009138
"7901009",95,0.0644198966731899,1,0.108402,1,0.085974,1,179.884436852921,1,4.88190079877742,134,1,27.6679992675781,36.4819984436035,0.108401998877525,0.0714220628142357,173.461395263672,-87.0315,25.7409,11.9218504861532,63,63,63,63,61,63,0.085974,8046,1.33458767306251,26,-87,0.001869,51,2025-12-08 20:37:56.002199,134,1.037,0.0011,"aoml_navis",1024.19123331063
"7901009",95,0.072822491891432,1,0.119616,1,0.097188,1,174.89300857173,1,4.88142877187372,136.100006103516,1,27.4589996337891,36.5110015869141,0.119616001844406,0.0798246487975121,168.648193359375,-87.0315,25.7409,11.9218504861532,63,63,63,63,61,63,0.097188,8046,1.33458767306251,26,-87,0.001869,51,2025-12-08 20:37:56.002199,136.100006103516,1.037,0.0011,"aoml_navis",1024.29027107995
"7901009",95,0.0882272497915426,1,0.140175,1,0.117747,1,171.482014107773,1,4.88085432697167,138,1,27.1870002746582,36.5429992675781,0.140174999833107,0.0952294170856476,165.358993530273,-87.0315,25.7409,11.9218504861532,63,63,63,63,61,63,0.117747,8046,1.33458767306251,26,-87,0.001869,51,2025-12-08 20:37:56.002199,138,1.037,0.0011,"aoml_navis",1024.41082340236
"7901009",95,0.0980302775461585,1,0.153258,1,0.13083,1,168.760747501337,1,4.88048980380007,140,1,27.0209999084473,36.5620002746582,0.153257995843887,0.105032436549664,162.734893798828,-87.0315,25.7409,11.9218504861532,63,63,63,63,61,63,0.13083,8046,1.33458767306251,26,-87,0.001869,51,2025-12-08 20:37:56.002199,140,1.037,0.0011,"aoml_navis",1024.48733651833
"7901009",95,0.10223157515528,1,0.158865,1,0.136437,1,166.246377098834,1,4.88025865363584,141.899993896484,1,26.9190006256104,36.5719985961914,0.158865004777908,0.109233744442463,160.310302734375,-87.0315,25.7409,11.9218504861532,63,63,63,63,61,63,0.136437,8046,1.33458767306251,26,-87,0.001869,51,2025-12-08 20:37:56.002199,141.899993896484,1.037,0.0011,"aoml_navis",1024.53586067102
"7901009",95,0.106432872764401,1,0.164472,1,0.142044,1,163.309827673696,1,4.87957327119006,144,1,26.5970001220703,36.6139984130859,0.164471998810768,0.113435037434101,157.478607177734,-87.0315,25.7409,11.9218504861532,63,63,63,63,61,63,0.142044,8046,1.33458767306251,26,-87,0.001869,51,2025-12-08 20:37:56.002199,144,1.037,0.0011,"aoml_navis",1024.67976647076
"7901009",95,0.0644198966731899,1,0.108402,1,0.085974,1,162.360114758383,1,4.87917262554742,146,1,26.4120006561279,36.6360015869141,0.108401998877525,0.0714220628142357,156.562805175781,-87.0315,25.7409,11.9218504861532,63,63,63,63,61,63,0.085974,8046,1.33458767306251,26,-87,0.001869,51,2025-12-08 20:37:56.002199,146,1.037,0.0011,"aoml_navis",1024.76390645003
"7901009",95,0.0532164363822003,1,0.09345,1,0.071022,1,161.710199585306,1,4.87886247346454,148,1,26.2789993286133,36.6549987792969,0.0934500023722649,0.0602185986936092,155.936096191406,-87.0315,25.7409,11.9218504861532,63,63,63,63,61,63,0.071022,8046,1.33458767306251,26,-87,0.001869,51,2025-12-08 20:37:56.002199,148,1.037,0.0011,"aoml_navis",1024.82905127872
"7901009",95,0.0490151387730792,1,0.087843,1,0.065415,1,161.165148744426,1,4.87857645206398,150,1,26.1639995574951,36.6749992370605,0.0878430008888245,0.0560173057019711,155.410507202148,-87.0315,25.7409,11.9218504861532,63,63,63,63,61,63,0.065415,8046,1.33458767306251,26,-87,0.001869,51,2025-12-08 20:37:56.002199,150,1.037,0.0011,"aoml_navis",1024.88913500262
"7901009",95,0.0476147062367056,1,0.085974,1,0.063546,1,160.267907554715,1,4.87840856161865,152,1,26.1009998321533,36.6839981079102,0.0859740003943443,0.0546168722212315,154.545303344727,-87.0315,25.7409,11.9218504861532,63,63,63,63,61,63,0.063546,8046,1.33458767306251,26,-87,0.001869,51,2025-12-08 20:37:56.002199,152,1.037,0.0011,"aoml_navis",1024.92440656529
"7901009",95,0.0518160038458266,1,0.091581,1,0.069153,1,159.338100981623,1,4.87816670472762,154,1,26.0030002593994,36.6990013122559,0.0915810018777847,0.0588181652128696,153.648696899414,-87.0315,25.7409,11.9218504861532,63,63,63,63,61,63,0.069153,8046,1.33458767306251,26,-87,0.001869,51,2025-12-08 20:37:56.002199,154,1.037,0.0011,"aoml_navis",1024.97522176811
"7901009",95,0.0476147062367056,1,0.085974,1,0.063546,1,158.380412870381,1,4.87769520226306,156,1,25.7919998168945,36.7309989929199,0.0859740003943443,0.0546168722212315,152.725204467773,-87.0315,25.7409,11.9218504861532,63,63,63,63,61,63,0.063546,8046,1.33458767306251,26,-87,0.001869,51,2025-12-08 20:37:56.002199,156,1.037,0.0011,"aoml_navis",1025.07430101007
"7901009",95,0.0448138411639582,1,0.082236,1,0.059808,1,157.467822593265,1,4.87727591447239,158,1,25.6030006408691,36.757999420166,0.0822359994053841,0.0518160052597523,151.845199584961,-87.0315,25.7409,11.9218504861532,63,63,63,63,61,63,0.059808,8046,1.33458767306251,26,-87,0.001869,51,2025-12-08 20:37:56.002199,158,1.037,0.0011,"aoml_navis",1025.16242420558
"7901009",95,0.0448138411639582,1,0.082236,1,0.059808,1,156.817401058542,1,4.87692503295009,159.899993896484,1,25.4409999847412,36.7779998779297,0.0822359994053841,0.0518160052597523,151.218002319336,-87.0315,25.7409,11.9218504861532,63,63,63,63,61,63,0.059808,8046,1.33458767306251,26,-87,0.001869,51,2025-12-08 20:37:56.002199,159.899993896484,1.037,0.0011,"aoml_navis",1025.23618186016
"7901009",95,0.0378116784820897,1,0.072891,1,0.050463,1,155.785135371074,1,4.87663977189624,162,1,25.3110008239746,36.7919998168945,0.0728909969329834,0.0448138415813446,150.222595214844,-87.0315,25.7409,11.9218504861532,63,63,63,63,61,63,0.050463,8046,1.33458767306251,26,-87,0.001869,51,2025-12-08 20:37:56.002199,162,1.037,0.0011,"aoml_navis",1025.29615347327
"7901009",95,0.0322099483365949,1,0.065415,1,0.042987,1,154.791463935338,1,4.87640978631116,164,1,25.2070007324219,36.8019981384277,0.0654150024056435,0.0392121113836765,149.264404296875,-87.0315,25.7409,11.9218504861532,63,63,63,63,61,63,0.042987,8046,1.33458767306251,26,-87,0.001869,51,2025-12-08 20:37:56.002199,164,1.037,0.0011,"aoml_navis",1025.34450940439
"7901009",95,0.0266082181911002,1,0.057939,1,0.035511,1,153.573774942501,1,4.87600477989087,166,1,25.0030002593994,36.8199996948242,0.0579390004277229,0.0336103811860085,148.090194702148,-87.0315,25.7409,11.9218504861532,63,63,63,63,61,63,0.035511,8046,1.33458767306251,26,-87,0.001869,51,2025-12-08 20:37:56.002199,166,1.037,0.0011,"aoml_navis",1025.42967566818
"7901009",95,0.0252077856547265,1,0.05607,1,0.033642,1,152.769261229276,1,4.87559039289903,168,1,24.7940006256104,36.8390007019043,0.0560699999332428,0.0322099477052689,147.314407348633,-87.0315,25.7409,11.9218504861532,63,63,63,63,61,63,0.033642,8046,1.33458767306251,26,-87,0.001869,51,2025-12-08 20:37:56.002199,168,1.037,0.0011,"aoml_navis",1025.5168291582
"7901009",95,0.0224069205819791,1,0.052332,1,0.029904,1,152.156262984978,1,4.87501778249985,170,1,24.492000579834,36.8650016784668,0.0523319989442825,0.0294090826064348,146.723297119141,-87.0315,25.7409,11.9218504861532,63,63,63,63,61,63,0.029904,8046,1.33458767306251,26,-87,0.001869,51,2025-12-08 20:37:56.002199,170,1.037,0.0011,"aoml_navis",1025.63728443182
"7901009",95,0.0224069205819791,1,0.052332,1,0.029904,1,152.293043924695,1,4.87455479238531,172,1,24.2439994812012,36.882999420166,0.0523319989442825,0.0294090826064348,146.855194091797,-87.0315,25.7409,11.9218504861532,63,63,63,63,61,63,0.029904,8046,1.33458767306251,26,-87,0.001869,51,2025-12-08 20:37:56.002199,172,1.037,0.0011,"aoml_navis",1025.73470049217
"7901009",95,0.0196060555092317,1,0.048594,1,0.026166,1,152.280717183367,1,4.87439119191108,174,1,24.1709995269775,36.8880004882812,0.0485940016806126,0.0266082193702459,146.843307495117,-87.0315,25.7409,11.9218504861532,63,63,63,63,61,63,0.026166,8046,1.33458767306251,26,-87,0.001869,51,2025-12-08 20:37:56.002199,174,1.037,0.0011,"aoml_navis",1025.76912749583
"7901009",95,0.0196060555092317,1,0.048594,1,0.026166,1,152.155535090111,1,4.87412250030535,176,1,24.0419998168945,36.9000015258789,0.0485940016806126,0.0266082193702459,146.722595214844,-87.0315,25.7409,11.9218504861532,63,63,63,63,61,63,0.026166,8046,1.33458767306251,26,-87,0.001869,51,2025-12-08 20:37:56.002199,176,1.037,0.0011,"aoml_navis",1025.82567419813
"7901009",95,0.018205622972858,1,0.046725,1,0.024297,1,151.912259966648,1,4.87387449885205,178,1,23.9169998168945,36.9080009460449,0.0467250011861324,0.0252077858895063,146.488006591797,-87.0315,25.7409,11.9218504861532,63,63,63,63,61,63,0.024297,8046,1.33458767306251,26,-87,0.001869,51,2025-12-08 20:37:56.002199,178,1.037,0.0011,"aoml_navis",1025.87787214826
"7901009",95,0.0112034602909895,1,0.03738,1,0.014952,1,151.408256066724,1,4.87372539663374,180,1,23.8460006713867,36.9099998474121,0.0373799987137318,0.0182056240737438,146.001998901367,-87.0315,25.7409,11.9218504861532,63,63,63,63,61,63,0.014952,8046,1.33458767306251,26,-87,0.001869,51,2025-12-08 20:37:56.002199,180,1.037,0.0011,"aoml_navis",1025.90925690099
"7901009",95,0.0126038928273632,1,0.039249,1,0.016821,1,151.035542247415,1,4.87344219486726,182,1,23.693000793457,36.9169998168945,0.0392489992082119,0.0196060556918383,145.642593383789,-87.0315,25.7409,11.9218504861532,63,63,63,63,61,63,0.016821,8046,1.33458767306251,26,-87,0.001869,51,2025-12-08 20:37:56.002199,182,1.037,0.0011,"aoml_navis",1025.9688737595
"7901009",95,0.00840259521824216,1,0.033642,1,0.011214,1,150.798169401892,1,4.87321156758865,184,1,23.5690002441406,36.9210014343262,0.0336420014500618,0.0154047571122646,145.413696289062,-87.0315,25.7409,11.9218504861532,63,63,63,63,61,63,0.011214,8046,1.33458767306251,26,-87,0.001869,51,2025-12-08 20:37:56.002199,184,1.037,0.0011,"aoml_navis",1026.01742827145
"7901009",95,0.00840259521824216,1,0.033642,1,0.011214,1,150.383981398987,1,4.87305067223037,186,1,23.4890003204346,36.9230003356934,0.0336420014500618,0.0154047571122646,145.014297485352,-87.0315,25.7409,11.9218504861532,63,63,63,63,61,63,0.011214,8046,1.33458767306251,26,-87,0.001869,51,2025-12-08 20:37:56.002199,186,1.037,0.0011,"aoml_navis",1026.05130467718
"7901009",95,0.0126038928273632,1,0.039249,1,0.016821,1,149.887240623928,1,4.87286751298639,188,1,23.3929996490479,36.9249992370605,0.0392489992082119,0.0196060556918383,144.535293579102,-87.0315,25.7409,11.9218504861532,63,63,63,63,61,63,0.016821,8046,1.33458767306251,26,-87,0.001869,51,2025-12-08 20:37:56.002199,188,1.037,0.0011,"aoml_navis",1026.08987145142
"7901009",95,0.00840259521824216,1,0.033642,1,0.011214,1,149.135499288532,1,4.87268426495059,190,1,23.2889995574951,36.923999786377,0.0336420014500618,0.0154047571122646,143.810394287109,-87.0315,25.7409,11.9218504861532,63,63,63,63,61,63,0.011214,8046,1.33458767306251,26,-87,0.001869,51,2025-12-08 20:37:56.002199,190,1.037,0.0011,"aoml_navis",1026.12845982351
"7901009",95,0.00840259521824216,1,0.033642,1,0.011214,1,148.749319414191,1,4.87237634705902,192,1,23.0979995727539,36.923999786377,0.0336420014500618,0.0154047571122646,143.438003540039,-87.0315,25.7409,11.9218504861532,63,63,63,63,61,63,0.011214,8046,1.33458767306251,26,-87,0.001869,51,2025-12-08 20:37:56.002199,192,1.037,0.0011,"aoml_navis",1026.19330771073
"7901009",95,0.00840259521824216,1,0.033642,1,0.011214,1,148.482909893011,1,4.87218114229258,194,1,22.9820003509521,36.9220008850098,0.0336420014500618,0.0154047571122646,143.181106567383,-87.0315,25.7409,11.9218504861532,63,63,63,63,61,63,0.011214,8046,1.33458767306251,26,-87,0.001869,51,2025-12-08 20:37:56.002199,194,1.037,0.0011,"aoml_navis",1026.2344223202
"7901009",95,0.00840259521824216,1,0.033642,1,0.011214,1,148.172937446444,1,4.87204940007916,196,1,22.9139995574951,36.9210014343262,0.0336420014500618,0.0154047571122646,142.882202148438,-87.0315,25.7409,11.9218504861532,63,63,63,63,61,63,0.011214,8046,1.33458767306251,26,-87,0.001869,51,2025-12-08 20:37:56.002199,196,1.037,0.0011,"aoml_navis",1026.26217211976
"7901009",95,0.00560173014549477,1,0.029904,1,0.007476,1,147.875624041035,1,4.87188682033653,198,1,22.8209991455078,36.9189987182617,0.0299040004611015,0.0126038929447532,142.595504760742,-87.0315,25.7409,11.9218504861532,63,63,63,63,61,63,0.007476,8046,1.33458767306251,26,-87,0.001869,51,2025-12-08 20:37:56.002199,198,1.037,0.0011,"aoml_navis",1026.29641951629
"7901009",95,0.00840259521824216,1,0.033642,1,0.011214,1,148.075146353494,1,4.8716186491256,200,1,22.6459999084473,36.9150009155273,0.0336420014500618,0.0154047571122646,142.787902832031,-87.0315,25.7409,11.9218504861532,63,63,63,63,61,63,0.011214,8046,1.33458767306251,26,-87,0.001869,51,2025-12-08 20:37:56.002199,200,1.037,0.0011,"aoml_navis",1026.35291473347
"7901009",95,0.00280086507274739,1,0.026166,1,0.003738,1,148.337615748114,1,4.87137992272599,202,1,22.4890003204346,36.9099998474121,0.0261659994721413,0.00980302784591913,143.041000366211,-87.0315,25.7409,11.9218504861532,63,63,63,63,61,63,0.003738,8046,1.33458767306251,26,-87,0.001869,51,2025-12-08 20:37:56.002199,202,1.037,0.0011,"aoml_navis",1026.40321209068
"7901009",95,0.00280086507274739,1,0.026166,1,0.003738,1,148.543056162315,1,4.87111988275166,204,1,22.3209991455078,36.9070014953613,0.0261659994721413,0.00980302784591913,143.239105224609,-87.0315,25.7409,11.9218504861532,63,63,63,63,61,63,0.003738,8046,1.33458767306251,26,-87,0.001869,51,2025-12-08 20:37:56.002199,204,1.037,0.0011,"aoml_navis",1026.45800562304
"7901009",95,0.00140043253637369,1,0.024297,1,0.001869,1,148.460819866189,1,4.87094933428455,206,1,22.2180004119873,36.9039993286133,0.0242970008403063,0.00840259529650211,143.159805297852,-87.0315,25.7409,11.9218504861532,63,63,63,63,61,63,0.001869,8046,1.33458767306251,26,-87,0.001869,51,2025-12-08 20:37:56.002199,206,1.037,0.0011,"aoml_navis",1026.49394540139
"7901009",95,0.00140043253637369,1,0.024297,1,0.001869,1,148.296347273937,1,4.87082622707965,208,1,22.1469993591309,36.9000015258789,0.0242970008403063,0.00840259529650211,143.001205444336,-87.0315,25.7409,11.9218504861532,63,63,63,63,61,63,0.001869,8046,1.33458767306251,26,-87,0.001869,51,2025-12-08 20:37:56.002199,208,1.037,0.0011,"aoml_navis",1026.5198894188
"7901009",95,-0.00420129760912108,1,0.016821,1,-0.005607,1,148.202907726386,1,4.87066850182569,210,1,22.0450000762939,36.8940010070801,0.0168210007250309,0.00280086509883404,142.911102294922,-87.0315,25.7409,11.9218504861532,63,63,63,63,61,63,-0.005607,8046,1.33458767306251,26,-87,0.001869,51,2025-12-08 20:37:56.002199,210,1.037,0.0011,"aoml_navis",1026.5531308743
"7901009",95,0,1,0.022428,1,0,1,148.004413961021,1,4.87052332588743,212,1,21.9519996643066,36.8880004882812,0.0224280003458261,0.00700216321274638,142.719696044922,-87.0315,25.7409,11.9218504861532,63,63,63,63,61,63,0,8046,1.33458767306251,26,-87,0.001869,51,2025-12-08 20:37:56.002199,212,1.037,0.0011,"aoml_navis",1026.58372939606
"7901009",95,0.00140043253637369,1,0.024297,1,0.001869,1,147.819417898291,1,4.87034078029258,214,1,21.8229999542236,36.8790016174316,0.0242970008403063,0.00840259529650211,142.541305541992,-87.0315,25.7409,11.9218504861532,63,63,63,63,61,63,0.001869,8046,1.33458767306251,26,-87,0.001869,51,2025-12-08 20:37:56.002199,214,1.037,0.0011,"aoml_navis",1026.62220685503
"7901009",95,-0.00280086507274739,1,0.01869,1,-0.003738,1,147.941371936052,1,4.87014018237107,216,1,21.6720008850098,36.867000579834,0.0186899993568659,0.00420129764825106,142.658905029297,-87.0315,25.7409,11.9218504861532,63,63,63,63,61,63,-0.003738,8046,1.33458767306251,26,-87,0.001869,51,2025-12-08 20:37:56.002199,216,1.037,0.0011,"aoml_navis",1026.66449275916
"7901009",95,-0.00280086507274739,1,0.01869,1,-0.003738,1,148.269684168497,1,4.86995981542705,218,1,21.548999786377,36.8600006103516,0.0186899993568659,0.00420129764825106,142.975494384766,-87.0315,25.7409,11.9218504861532,63,63,63,63,61,63,-0.003738,8046,1.33458767306251,26,-87,0.001869,51,2025-12-08 20:37:56.002199,218,1.037,0.0011,"aoml_navis",1026.70251696144
"7901009",95,-0.00560173014549477,1,0.014952,1,-0.007476,1,148.713842451345,1,4.86975168602204,220,1,21.4020004272461,36.8520011901855,0.0149520002305508,0.00140043254941702,143.403793334961,-87.0315,25.7409,11.9218504861532,63,63,63,63,61,63,-0.007476,8046,1.33458767306251,26,-87,0.001869,51,2025-12-08 20:37:56.002199,220,1.037,0.0011,"aoml_navis",1026.74639742963
"7901009",95,0,1,0.022428,1,0,1,148.91451990131,1,4.86959872560986,222,1,21.2959995269775,36.8440017700195,0.0224280003458261,0.00700216321274638,143.597305297852,-87.0315,25.7409,11.9218504861532,63,63,63,63,61,63,0,8046,1.33458767306251,26,-87,0.001869,51,2025-12-08 20:37:56.002199,222,1.037,0.0011,"aoml_navis",1026.77864886574
"7901009",95,-0.00420129760912108,1,0.016821,1,-0.005607,1,148.938983498348,1,4.86951817544118,224,1,21.257999420166,36.8409996032715,0.0168210007250309,0.00280086509883404,143.620895385742,-87.0315,25.7409,11.9218504861532,63,63,63,63,61,63,-0.005607,8046,1.33458767306251,26,-87,0.001869,51,2025-12-08 20:37:56.002199,224,1.037,0.0011,"aoml_navis",1026.79563354274
"7901009",95,-0.00140043253637369,1,0.020559,1,-0.001869,1,148.893664131001,1,4.86946281968057,226,1,21.2390003204346,36.8380012512207,0.020558999851346,0.00560173019766808,143.577194213867,-87.0315,25.7409,11.9218504861532,63,63,63,63,61,63,-0.001869,8046,1.33458767306251,26,-87,0.001869,51,2025-12-08 20:37:56.002199,226,1.037,0.0011,"aoml_navis",1026.80730609377
"7901009",95,-0.00280086507274739,1,0.01869,1,-0.003738,1,148.83497365143,1,4.86939954885101,228,1,21.2140007019043,36.8349990844727,0.0186899993568659,0.00420129764825106,143.520599365234,-87.0315,25.7409,11.9218504861532,63,63,63,63,61,63,-0.003738,8046,1.33458767306251,26,-87,0.001869,51,2025-12-08 20:37:56.002199,228,1.037,0.0011,"aoml_navis",1026.82064797492
"7901009",95,-0.00140043253637369,1,0.020559,1,-0.001869,1,148.945629494957,1,4.8692697626181,230,1,21.125,36.8269996643066,0.020558999851346,0.00560173019766808,143.627304077148,-87.0315,25.7409,11.9218504861532,63,63,63,63,61,63,-0.001869,8046,1.33458767306251,26,-87,0.001869,51,2025-12-08 20:37:56.002199,230,1.037,0.0011,"aoml_navis",1026.8480170036
"7901009",95,-0.00140043253637369,1,0.020559,1,-0.001869,1,149.011266623363,1,4.86912247965155,232,1,21.0170001983643,36.8170013427734,0.020558999851346,0.00560173019766808,143.69059753418,-87.0315,25.7409,11.9218504861532,63,63,63,63,61,63,-0.001869,8046,1.33458767306251,26,-87,0.001869,51,2025-12-08 20:37:56.002199,232,1.037,0.0011,"aoml_navis",1026.87907747143
"7901009",95,-0.00560173014549477,1,0.014952,1,-0.007476,1,149.039369694735,1,4.86899435447251,234,1,20.9260005950928,36.8079986572266,0.0149520002305508,0.00140043254941702,143.717697143555,-87.0315,25.7409,11.9218504861532,63,63,63,63,61,63,-0.007476,8046,1.33458767306251,26,-87,0.001869,51,2025-12-08 20:37:56.002199,234,1.037,0.0011,"aoml_navis",1026.90609928663
"7901009",95,-0.00420129760912108,1,0.016821,1,-0.005607,1,149.201975078416,1,4.86883748052327,236,1,20.798999786377,36.7939987182617,0.0168210007250309,0.00280086509883404,143.874496459961,-87.0315,25.7409,11.9218504861532,63,63,63,63,61,63,-0.005607,8046,1.33458767306251,26,-87,0.001869,51,2025-12-08 20:37:56.002199,236,1.037,0.0011,"aoml_navis",1026.93918620234
"7901009",95,-0.00280086507274739,1,0.01869,1,-0.003738,1,149.488101056201,1,4.86867967798111,237.899993896484,1,20.6720008850098,36.7809982299805,0.0186899993568659,0.00420129764825106,144.150405883789,-87.0315,25.7409,11.9218504861532,63,63,63,63,61,63,-0.003738,8046,1.33458767306251,26,-87,0.001869,51,2025-12-08 20:37:56.002199,237.899993896484,1.037,0.0011,"aoml_navis",1026.97247112247
"7901009",95,-0.00700216268186846,1,0.013083,1,-0.009345,1,149.316681815113,1,4.86854101816026,240,1,20.568000793457,36.7700004577637,0.0130829997360706,0,143.985107421875,-87.0315,25.7409,11.9218504861532,63,63,63,63,61,63,-0.009345,8046,1.33458767306251,26,-87,0.001869,51,2025-12-08 20:37:56.002199,240,1.037,0.0011,"aoml_navis",1027.00172009425
"7901009",95,-0.00420129760912108,1,0.016821,1,-0.005607,1,148.969792439768,1,4.86839624989687,242,1,20.4489994049072,36.7560005187988,0.0168210007250309,0.00280086509883404,143.650604248047,-87.0315,25.7409,11.9218504861532,63,63,63,63,61,63,-0.005607,8046,1.33458767306251,26,-87,0.001869,51,2025-12-08 20:37:56.002199,242,1.037,0.0011,"aoml_navis",1027.03225936178
"7901009",95,-0.00280086507274739,1,0.01869,1,-0.003738,1,149.264099322901,1,4.86824096185476,244,1,20.3129997253418,36.7389984130859,0.0186899993568659,0.00420129764825106,143.93440246582,-87.0315,25.7409,11.9218504861532,63,63,63,63,61,63,-0.003738,8046,1.33458767306251,26,-87,0.001869,51,2025-12-08 20:37:56.002199,244,1.037,0.0011,"aoml_navis",1027.06501982495
"7901009",95,-0.00280086507274739,1,0.01869,1,-0.003738,1,149.62260336851,1,4.86815281182367,246,1,20.253999710083,36.7309989929199,0.0186899993568659,0.00420129764825106,144.28010559082,-87.0315,25.7409,11.9218504861532,63,63,63,63,61,63,-0.003738,8046,1.33458767306251,26,-87,0.001869,51,2025-12-08 20:37:56.002199,246,1.037,0.0011,"aoml_navis",1027.0836173951
"7901009",95,-0.00280086507274739,1,0.01869,1,-0.003738,1,150.153460259491,1,4.86805171303994,248,1,20.181999206543,36.7220001220703,0.0186899993568659,0.00420129764825106,144.792007446289,-87.0315,25.7409,11.9218504861532,63,63,63,63,61,63,-0.003738,8046,1.33458767306251,26,-87,0.001869,51,2025-12-08 20:37:56.002199,248,1.037,0.0011,"aoml_navis",1027.10494767478
"7901009",95,-0.00420129760912108,1,0.016821,1,-0.005607,1,150.724446310945,1,4.86787977243722,250,1,20.0459995269775,36.7099990844727,0.0168210007250309,0.00280086509883404,145.34260559082,-87.0315,25.7409,11.9218504861532,63,63,63,63,61,63,-0.005607,8046,1.33458767306251,26,-87,0.001869,51,2025-12-08 20:37:56.002199,250,1.037,0.0011,"aoml_navis",1027.14122651732
"7901009",95,-0.00560173014549477,1,0.014952,1,-0.007476,1,150.994068063819,1,4.8678333401994,252,1,20.0389995574951,36.7089996337891,0.0149520002305508,0.00140043254941702,145.602600097656,-87.0315,25.7409,11.9218504861532,63,63,63,63,61,63,-0.007476,8046,1.33458767306251,26,-87,0.001869,51,2025-12-08 20:37:56.002199,252,1.037,0.0011,"aoml_navis",1027.15102399031
"7901009",95,-0.00420129760912108,1,0.016821,1,-0.005607,1,151.449746074121,1,4.86778285368446,254,1,20.0259990692139,36.7070007324219,0.0168210007250309,0.00280086509883404,146.042007446289,-87.0315,25.7409,11.9218504861532,63,63,63,63,61,63,-0.005607,8046,1.33458767306251,26,-87,0.001869,51,2025-12-08 20:37:56.002199,254,1.037,0.0011,"aoml_navis",1027.16167715153
"7901009",95,-0.00560173014549477,1,0.014952,1,-0.007476,1,152.244623092264,1,4.86770918896578,256,1,19.992000579834,36.7039985656738,0.0149520002305508,0.00140043254941702,146.808502197266,-87.0315,25.7409,11.9218504861532,63,63,63,63,61,63,-0.007476,8046,1.33458767306251,26,-87,0.001869,51,2025-12-08 20:37:56.002199,256,1.037,0.0011,"aoml_navis",1027.17722154275
"7901009",95,-0.00420129760912108,1,0.016821,1,-0.005607,1,152.747266145263,1,4.86758694820717,258,1,19.8999996185303,36.6940002441406,0.0168210007250309,0.00280086509883404,147.293197631836,-87.0315,25.7409,11.9218504861532,63,63,63,63,61,63,-0.005607,8046,1.33458767306251,26,-87,0.001869,51,2025-12-08 20:37:56.002199,258,1.037,0.0011,"aoml_navis",1027.20301726538
"7901009",95,-0.00420129760912108,1,0.016821,1,-0.005607,1,153.039705819826,1,4.86746504992257,260,1,19.8080005645752,36.6839981079102,0.0168210007250309,0.00280086509883404,147.5751953125,-87.0315,25.7409,11.9218504861532,63,63,63,63,61,63,-0.005607,8046,1.33458767306251,26,-87,0.001869,51,2025-12-08 20:37:56.002199,260,1.037,0.0011,"aoml_navis",1027.22874200803
"7901009",95,-0.00420129760912108,1,0.016821,1,-0.005607,1,153.148905873619,1,4.86740013010702,262,1,19.7749996185303,36.6790008544922,0.0168210007250309,0.00280086509883404,147.68049621582,-87.0315,25.7409,11.9218504861532,63,63,63,63,61,63,-0.005607,8046,1.33458767306251,26,-87,0.001869,51,2025-12-08 20:37:56.002199,262,1.037,0.0011,"aoml_navis",1027.2424428542
"7901009",95,-0.00560173014549477,1,0.014952,1,-0.007476,1,153.261318159107,1,4.86735882636679,264,1,19.7719993591309,36.6780014038086,0.0149520002305508,0.00140043254941702,147.78889465332,-87.0315,25.7409,11.9218504861532,63,63,63,63,61,63,-0.007476,8046,1.33458767306251,26,-87,0.001869,51,2025-12-08 20:37:56.002199,264,1.037,0.0011,"aoml_navis",1027.25115989285
"7901009",95,-0.00560173014549477,1,0.014952,1,-0.007476,1,153.600738700169,1,4.86730828256196,266,1,19.7560005187988,36.6749992370605,0.0149520002305508,0.00140043254941702,148.116195678711,-87.0315,25.7409,11.9218504861532,63,63,63,63,61,63,-0.007476,8046,1.33458767306251,26,-87,0.001869,51,2025-12-08 20:37:56.002199,266,1.037,0.0011,"aoml_navis",1027.26182722254
"7901009",95,-0.00140043253637369,1,0.020559,1,-0.001869,1,154.285387117424,1,4.86718559938047,268,1,19.6630001068115,36.6650009155273,0.020558999851346,0.00560173019766808,148.776397705078,-87.0315,25.7409,11.9218504861532,63,63,63,63,61,63,-0.001869,8046,1.33458767306251,26,-87,0.001869,51,2025-12-08 20:37:56.002199,268,1.037,0.0011,"aoml_navis",1027.28772057438
"7901009",95,-0.00280086507274739,1,0.01869,1,-0.003738,1,154.677390150698,1,4.86711978350085,270,1,19.6319999694824,36.6609992980957,0.0186899993568659,0.00420129764825106,149.154403686523,-87.0315,25.7409,11.9218504861532,63,63,63,63,61,63,-0.003738,8046,1.33458767306251,26,-87,0.001869,51,2025-12-08 20:37:56.002199,270,1.037,0.0011,"aoml_navis",1027.30161212584
"7901009",95,-0.00280086507274739,1,0.01869,1,-0.003738,1,155.071355335352,1,4.86706677950905,272,1,19.6140003204346,36.6580009460449,0.0186899993568659,0.00420129764825106,149.534301757812,-87.0315,25.7409,11.9218504861532,63,63,63,63,61,63,-0.003738,8046,1.33458767306251,26,-87,0.001869,51,2025-12-08 20:37:56.002199,272,1.037,0.0011,"aoml_navis",1027.31279978541
"7901009",95,-0.00700216268186846,1,0.013083,1,-0.009345,1,156.666204635705,1,4.86695199637837,274,1,19.5240001678467,36.6469993591309,0.0130829997360706,0,151.072204589844,-87.0315,25.7409,11.9218504861532,63,63,63,63,61,63,-0.009345,8046,1.33458767306251,26,-87,0.001869,51,2025-12-08 20:37:56.002199,274,1.037,0.0011,"aoml_navis",1027.3370281278
"7901009",95,-0.00560173014549477,1,0.014952,1,-0.007476,1,157.871329530192,1,4.86684063890302,276,1,19.4479999542236,36.6399993896484,0.0149520002305508,0.00140043254941702,152.234298706055,-87.0315,25.7409,11.9218504861532,63,63,63,63,61,63,-0.007476,8046,1.33458767306251,26,-87,0.001869,51,2025-12-08 20:37:56.002199,276,1.037,0.0011,"aoml_navis",1027.36053447745
"7901009",95,-0.00700216268186846,1,0.013083,1,-0.009345,1,158.584698147076,1,4.86677505412897,278,1,19.4169998168945,36.6360015869141,0.0130829997360706,0,152.92219543457,-87.0315,25.7409,11.9218504861532,63,63,63,63,61,63,-0.009345,8046,1.33458767306251,26,-87,0.001869,51,2025-12-08 20:37:56.002199,278,1.037,0.0011,"aoml_navis",1027.37437921196
"7901009",95,-0.00700216268186846,1,0.013083,1,-0.009345,1,159.585854240896,1,4.86670686575899,280,1,19.3810005187988,36.6310005187988,0.0130829997360706,0,153.887603759766,-87.0315,25.7409,11.9218504861532,63,63,63,63,61,63,-0.009345,8046,1.33458767306251,26,-87,0.001869,51,2025-12-08 20:37:56.002199,280,1.037,0.0011,"aoml_navis",1027.38877395284
"7901009",95,-0.00700216268186846,1,0.013083,1,-0.009345,1,161.059572341164,1,4.86661230887278,282,1,19.3209991455078,36.625,0.0130829997360706,0,155.308700561523,-87.0315,25.7409,11.9218504861532,63,63,63,63,61,63,-0.009345,8046,1.33458767306251,26,-87,0.001869,51,2025-12-08 20:37:56.002199,282,1.037,0.0011,"aoml_navis",1027.40873582307
"7901009",95,-0.00700216268186846,1,0.013083,1,-0.009345,1,161.582849631251,1,4.86652951535543,284,1,19.2789993286133,36.6220016479492,0.0130829997360706,0,155.813293457031,-87.0315,25.7409,11.9218504861532,63,63,63,63,61,63,-0.009345,8046,1.33458767306251,26,-87,0.001869,51,2025-12-08 20:37:56.002199,284,1.037,0.0011,"aoml_navis",1027.42621496971
"7901009",95,-0.00560173014549477,1,0.014952,1,-0.007476,1,161.615826433469,1,4.86646275746153,286,1,19.2439994812012,36.617000579834,0.0149520002305508,0.00140043254941702,155.845092773438,-87.0315,25.7409,11.9218504861532,63,63,63,63,61,63,-0.007476,8046,1.33458767306251,26,-87,0.001869,51,2025-12-08 20:37:56.002199,286,1.037,0.0011,"aoml_navis",1027.44030915139
"7901009",95,-0.00560173014549477,1,0.014952,1,-0.007476,1,161.804889213171,1,4.86639192902051,288,1,19.19700050354,36.609001159668,0.0149520002305508,0.00140043254941702,156.027404785156,-87.0315,25.7409,11.9218504861532,63,63,63,63,61,63,-0.007476,8046,1.33458767306251,26,-87,0.001869,51,2025-12-08 20:37:56.002199,288,1.037,0.0011,"aoml_navis",1027.45526314531
"7901009",95,-0.00700216268186846,1,0.013083,1,-0.009345,1,162.550918156244,1,4.86627981866132,290,1,19.1079998016357,36.5979995727539,0.0130829997360706,0,156.746795654297,-87.0315,25.7409,11.9218504861532,63,63,63,63,61,63,-0.009345,8046,1.33458767306251,26,-87,0.001869,51,2025-12-08 20:37:56.002199,290,1.037,0.0011,"aoml_navis",1027.4789338718
"7901009",95,-0.00560173014549477,1,0.014952,1,-0.007476,1,162.992069916816,1,4.86621080068231,292,1,19.0709991455078,36.5929985046387,0.0149520002305508,0.00140043254941702,157.17219543457,-87.0315,25.7409,11.9218504861532,63,63,63,63,61,63,-0.007476,8046,1.33458767306251,26,-87,0.001869,51,2025-12-08 20:37:56.002199,292,1.037,0.0011,"aoml_navis",1027.49350671346
"7901009",95,0,1,0.009345,1,-0.013083,1,163.363122236973,1,4.86613645866859,294,1,19.0179996490479,36.5839996337891,0.00934499967843294,-0.00280086509883404,157.529998779297,-87.0315,25.7409,11.9218504861532,63,63,63,63,61,63,0,8046,1.33458767306251,26,-87,0.001869,51,2025-12-08 20:37:56.002199,294,1.037,0.0011,"aoml_navis",1027.509204164
"7901009",95,0,1,0.011214,1,-0.011214,1,165.462687508315,1,4.86602345305489,296,1,18.9190006256104,36.5699996948242,0.0112140001729131,-0.00140043254941702,159.554595947266,-87.0315,25.7409,11.9218504861532,63,63,63,63,61,63,0,8046,1.33458767306251,26,-87,0.001869,51,2025-12-08 20:37:56.002199,296,1.037,0.0011,"aoml_navis",1027.53306642223
"7901009",95,0,1,0.009345,1,-0.013083,1,166.612650630954,1,4.86592140487415,298,1,18.8549995422363,36.564998626709,0.00934499967843294,-0.00280086509883404,160.663497924805,-87.0315,25.7409,11.9218504861532,63,63,63,63,61,63,0,8046,1.33458767306251,26,-87,0.001869,51,2025-12-08 20:37:56.002199,298,1.037,0.0011,"aoml_navis",1027.55461586197
"7901009",95,0,1,0.016821,1,-0.005607,1,166.62966121751,1,4.86584650470223,300,1,18.8099994659424,36.5589981079102,0.0168210007250309,0.00280086509883404,160.679901123047,-87.0315,25.7409,11.9218504861532,63,63,63,63,61,63,0,8046,1.33458767306251,26,-87,0.001869,51,2025-12-08 20:37:56.002199,300,1.037,0.0011,"aoml_navis",1027.57043305171
"7901009",95,0,1,0.013083,1,-0.009345,1,166.422875780186,1,4.86579533071901,302,1,18.7959995269775,36.556999206543,0.0130829997360706,0,160.480499267578,-87.0315,25.7409,11.9218504861532,63,63,63,63,61,63,0,8046,1.33458767306251,26,-87,0.001869,51,2025-12-08 20:37:56.002199,302,1.037,0.0011,"aoml_navis",1027.58124009732
"7901009",95,0,1,0.013083,1,-0.009345,1,166.170770975515,1,4.86573909514656,304,1,18.7719993591309,36.5530014038086,0.0130829997360706,0,160.237396240234,-87.0315,25.7409,11.9218504861532,63,63,63,63,61,63,0,8046,1.33458767306251,26,-87,0.001869,51,2025-12-08 20:37:56.002199,304,1.037,0.0011,"aoml_navis",1027.59311632376
"7901009",95,0,1,0.014952,1,-0.007476,1,165.552297695915,1,4.86568152323524,306,1,18.7409992218018,36.5470008850098,0.0149520002305508,0.00140043254941702,159.641006469727,-87.0315,25.7409,11.9218504861532,63,63,63,63,61,63,0,8046,1.33458767306251,26,-87,0.001869,51,2025-12-08 20:37:56.002199,306,1.037,0.0011,"aoml_navis",1027.60527505209
"7901009",95,0,1,0.014952,1,-0.007476,1,164.857696107549,1,4.86560663222562,308,1,18.6870002746582,36.5379981994629,0.0149520002305508,0.00140043254941702,158.971206665039,-87.0315,25.7409,11.9218504861532,63,63,63,63,61,63,0,8046,1.33458767306251,26,-87,0.001869,51,2025-12-08 20:37:56.002199,308,1.037,0.0011,"aoml_navis",1027.62109186638
"7901009",95,0,1,0.013083,1,-0.009345,1,164.869817139458,1,4.86552688396162,310,1,18.6259994506836,36.5279998779297,0.0130829997360706,0,158.982894897461,-87.0315,25.7409,11.9218504861532,63,63,63,63,61,63,0,8046,1.33458767306251,26,-87,0.001869,51,2025-12-08 20:37:56.002199,310,1.037,0.0011,"aoml_navis",1027.63793505728
"7901009",95,0,1,0.016821,1,-0.005607,1,164.901654627972,1,4.86545236868297,312,1,18.5809993743896,36.5219993591309,0.0168210007250309,0.00280086509883404,159.013595581055,-87.0315,25.7409,11.9218504861532,63,63,63,63,61,63,0,8046,1.33458767306251,26,-87,0.001869,51,2025-12-08 20:37:56.002199,312,1.037,0.0011,"aoml_navis",1027.6536735172
"7901009",95,0,1,0.013083,1,-0.009345,1,164.619373833939,1,4.86539257687318,314,1,18.5480003356934,36.515998840332,0.0130829997360706,0,158.741394042969,-87.0315,25.7409,11.9218504861532,63,63,63,63,61,63,0,8046,1.33458767306251,26,-87,0.001869,51,2025-12-08 20:37:56.002199,314,1.037,0.0011,"aoml_navis",1027.66630256449
"7901009",95,0,1,0.013083,1,-0.009345,1,164.079608142742,1,4.86533895334342,316,1,18.5230007171631,36.5110015869141,0.0130829997360706,0,158.220901489258,-87.0315,25.7409,11.9218504861532,63,63,63,63,61,63,0,8046,1.33458767306251,26,-87,0.001869,51,2025-12-08 20:37:56.002199,316,1.037,0.0011,"aoml_navis",1027.67762903015
"7901009",95,0,1,0.011214,1,-0.011214,1,163.602267348258,1,4.86528780277024,318,1,18.5,36.5060005187988,0.0112140001729131,-0.00140043254941702,157.760604858398,-87.0315,25.7409,11.9218504861532,63,63,63,63,61,63,0,8046,1.33458767306251,26,-87,0.001869,51,2025-12-08 20:37:56.002199,318,1.037,0.0011,"aoml_navis",1027.6884333858
"7901009",95,0,1,0.011214,1,-0.011214,1,162.953697198305,1,4.86521467723375,320,1,18.4529991149902,36.4990005493164,0.0112140001729131,-0.00140043254941702,157.135192871094,-87.0315,25.7409,11.9218504861532,63,63,63,63,61,63,0,8046,1.33458767306251,26,-87,0.001869,51,2025-12-08 20:37:56.002199,320,1.037,0.0011,"aoml_navis",1027.70387983021
"7901009",95,0,1,0.011214,1,-0.011214,1,162.150117089365,1,4.86514525264155,322,1,18.4060001373291,36.4910011291504,0.0112140001729131,-0.00140043254941702,156.360305786133,-87.0315,25.7409,11.9218504861532,63,63,63,63,61,63,0,8046,1.33458767306251,26,-87,0.001869,51,2025-12-08 20:37:56.002199,322,1.037,0.0011,"aoml_navis",1027.71854494688
"7901009",95,0,1,0.013083,1,-0.009345,1,161.498239764908,1,4.86507226014976,324,1,18.3530006408691,36.4819984436035,0.0130829997360706,0,155.731704711914,-87.0315,25.7409,11.9218504861532,63,63,63,63,61,63,0,8046,1.33458767306251,26,-87,0.001869,51,2025-12-08 20:37:56.002199,324,1.037,0.0011,"aoml_navis",1027.73396419113
"7901009",95,0,1,0.014952,1,-0.007476,1,160.834019875322,1,4.86498718648972,326,1,18.2779998779297,36.4690017700195,0.0149520002305508,0.00140043254941702,155.091201782227,-87.0315,25.7409,11.9218504861532,63,63,63,63,61,63,0,8046,1.33458767306251,26,-87,0.001869,51,2025-12-08 20:37:56.002199,326,1.037,0.0011,"aoml_navis",1027.75193609661
"7901009",95,0,1,0.016821,1,-0.005607,1,160.128120092722,1,4.86490234821606,328,1,18.2029991149902,36.4560012817383,0.0168210007250309,0.00280086509883404,154.410507202148,-87.0315,25.7409,11.9218504861532,63,63,63,63,61,63,0,8046,1.33458767306251,26,-87,0.001869,51,2025-12-08 20:37:56.002199,328,1.037,0.0011,"aoml_navis",1027.76985890241
"7901009",95,0,1,0.014952,1,-0.007476,1,158.73860043996,1,4.86484422852536,330,1,18.1709995269775,36.4500007629395,0.0149520002305508,0.00140043254941702,153.070602416992,-87.0315,25.7409,11.9218504861532,63,63,63,63,61,63,0,8046,1.33458767306251,26,-87,0.001869,51,2025-12-08 20:37:56.002199,330,1.037,0.0011,"aoml_navis",1027.78213754145
"7901009",95,0,1,0.016821,1,-0.005607,1,157.785675292953,1,4.86477290609754,332,1,18.1189994812012,36.4410018920898,0.0168210007250309,0.00280086509883404,152.151702880859,-87.0315,25.7409,11.9218504861532,63,63,63,63,61,63,0,8046,1.33458767306251,26,-87,0.001869,51,2025-12-08 20:37:56.002199,332,1.037,0.0011,"aoml_navis",1027.79720585373
"7901009",95,0,1,0.011214,1,-0.011214,1,157.515325645212,1,4.86471370635993,334,1,18.0830001831055,36.4339981079102,0.0112140001729131,-0.00140043254941702,151.891006469727,-87.0315,25.7409,11.9218504861532,63,63,63,63,61,63,0,8046,1.33458767306251,26,-87,0.001869,51,2025-12-08 20:37:56.002199,334,1.037,0.0011,"aoml_navis",1027.80971333692
"7901009",95,0,1,0.014952,1,-0.007476,1,158.01412351446,1,4.86463777229329,336,1,18.0240001678467,36.423999786377,0.0149520002305508,0.00140043254941702,152.371994018555,-87.0315,25.7409,11.9218504861532,63,63,63,63,61,63,0,8046,1.33458767306251,26,-87,0.001869,51,2025-12-08 20:37:56.002199,336,1.037,0.0011,"aoml_navis",1027.82575682771
"7901009",95,0,1,0.016821,1,-0.005607,1,158.491052890106,1,4.86456072896359,338,1,17.9699993133545,36.4160003662109,0.0168210007250309,0.00280086509883404,152.831893920898,-87.0315,25.7409,11.9218504861532,63,63,63,63,61,63,0,8046,1.33458767306251,26,-87,0.001869,51,2025-12-08 20:37:56.002199,338,1.037,0.0011,"aoml_navis",1027.84203519755
"7901009",95,0,1,0.013083,1,-0.009345,1,158.403942863134,1,4.8644921187052,340,1,17.9290008544922,36.4099998474121,0.0130829997360706,0,152.747894287109,-87.0315,25.7409,11.9218504861532,63,63,63,63,61,63,0,8046,1.33458767306251,26,-87,0.001869,51,2025-12-08 20:37:56.002199,340,1.037,0.0011,"aoml_navis",1027.85653219043
"7901009",95,0,1,0.016821,1,-0.005607,1,157.961651788858,1,4.86444139666596,342,1,17.9120006561279,36.4070014953613,0.0168210007250309,0.00280086509883404,152.321395874023,-87.0315,25.7409,11.9218504861532,63,63,63,63,61,63,0,8046,1.33458767306251,26,-87,0.001869,51,2025-12-08 20:37:56.002199,342,1.037,0.0011,"aoml_navis",1027.867249758
"7901009",95,0,1,0.014952,1,-0.007476,1,157.625965664937,1,4.86437176026193,344,1,17.8640003204346,36.398998260498,0.0149520002305508,0.00140043254941702,151.997695922852,-87.0315,25.7409,11.9218504861532,63,63,63,63,61,63,0,8046,1.33458767306251,26,-87,0.001869,51,2025-12-08 20:37:56.002199,344,1.037,0.0011,"aoml_navis",1027.88196429517
"7901009",95,0,1,0.016821,1,-0.005607,1,157.031022378091,1,4.86429981277532,346,1,17.8139991760254,36.390998840332,0.0168210007250309,0.00280086509883404,151.42399597168,-87.0315,25.7409,11.9218504861532,63,63,63,63,61,63,0,8046,1.33458767306251,26,-87,0.001869,51,2025-12-08 20:37:56.002199,346,1.037,0.0011,"aoml_navis",1027.89716761872
"7901009",95,0,1,0.016821,1,-0.005607,1,155.98943647157,1,4.8642362501281,348,1,17.7740001678467,36.3839988708496,0.0168210007250309,0.00280086509883404,150.41960144043,-87.0315,25.7409,11.9218504861532,63,63,63,63,61,63,0,8046,1.33458767306251,26,-87,0.001869,51,2025-12-08 20:37:56.002199,348,1.037,0.0011,"aoml_navis",1027.91059950436
"7901009",95,0,1,0.016821,1,-0.005607,1,154.25168242034,1,4.86417636326547,350,1,17.7339992523193,36.3759994506836,0.0168210007250309,0.00280086509883404,148.743896484375,-87.0315,25.7409,11.9218504861532,63,63,63,63,61,63,0,8046,1.33458767306251,26,-87,0.001869,51,2025-12-08 20:37:56.002199,350,1.037,0.0011,"aoml_navis",1027.92325495438
"7901009",95,0,1,0.01869,1,-0.003738,1,151.485523689195,1,4.86410502749523,352,1,17.6660003662109,36.3619995117188,0.0186899993568659,0.00420129764825106,146.076507568359,-87.0315,25.7409,11.9218504861532,63,63,63,63,61,63,0,8046,1.33458767306251,26,-87,0.001869,51,2025-12-08 20:37:56.002199,352,1.037,0.0011,"aoml_navis",1027.93833022449
"7901009",95,0,1,0.016821,1,-0.005607,1,149.338138889877,1,4.86400976500292,354,1,17.5470008850098,36.3380012512207,0.0168210007250309,0.00280086509883404,144.005798339844,-87.0315,25.7409,11.9218504861532,63,63,63,63,61,63,0,8046,1.33458767306251,26,-87,0.001869,51,2025-12-08 20:37:56.002199,354,1.037,0.0011,"aoml_navis",1027.95846257866
"7901009",95,0,1,0.01869,1,-0.003738,1,148.710218800813,1,4.86389157388666,356,1,17.4080009460449,36.3139991760254,0.0186899993568659,0.00420129764825106,143.400299072266,-87.0315,25.7409,11.9218504861532,63,63,63,63,61,63,0,8046,1.33458767306251,26,-87,0.001869,51,2025-12-08 20:37:56.002199,356,1.037,0.0011,"aoml_navis",1027.98344166307
"7901009",95,0,1,0.014952,1,-0.007476,1,148.378583570063,1,4.86383803230927,358,1,17.3759994506836,36.306999206543,0.0149520002305508,0.00140043254941702,143.080505371094,-87.0315,25.7409,11.9218504861532,63,63,63,63,61,63,0,8046,1.33458767306251,26,-87,0.001869,51,2025-12-08 20:37:56.002199,358,1.037,0.0011,"aoml_navis",1027.99475779955
"7901009",95,0,1,0.011214,1,-0.011214,1,147.450849914962,1,4.86378646925924,360,1,17.3579998016357,36.3040008544922,0.0112140001729131,-0.00140043254941702,142.185897827148,-87.0315,25.7409,11.9218504861532,63,63,63,63,61,63,0,8046,1.33458767306251,26,-87,0.001869,51,2025-12-08 20:37:56.002199,360,1.037,0.0011,"aoml_navis",1028.00565600519
"7901009",95,0,1,0.01869,1,-0.003738,1,146.522704841023,1,4.86369542042494,362,1,17.2630004882812,36.2869987487793,0.0186899993568659,0.00420129764825106,141.290893554688,-87.0315,25.7409,11.9218504861532,63,63,63,63,61,63,0,8046,1.33458767306251,26,-87,0.001869,51,2025-12-08 20:37:56.002199,362,1.037,0.0011,"aoml_navis",1028.02490036746
"7901009",95,0,1,0.016821,1,-0.005607,1,146.246025672702,1,4.86364088664923,364,1,17.2299995422363,36.2799987792969,0.0168210007250309,0.00280086509883404,141.02409362793,-87.0315,25.7409,11.9218504861532,63,63,63,63,61,63,0,8046,1.33458767306251,26,-87,0.001869,51,2025-12-08 20:37:56.002199,364,1.037,0.0011,"aoml_navis",1028.0364271394
"7901009",95,0,1,0.01869,1,-0.003738,1,146.245408544446,1,4.86356924927298,366,1,17.1730003356934,36.2700004577637,0.0186899993568659,0.00420129764825106,141.023498535156,-87.0315,25.7409,11.9218504861532,63,63,63,63,61,63,0,8046,1.33458767306251,26,-87,0.001869,51,2025-12-08 20:37:56.002199,366,1.037,0.0011,"aoml_navis",1028.05156948211
"7901009",95,0,1,0.01869,1,-0.003738,1,146.06527038876,1,4.86347616349808,368,1,17.0849990844727,36.2560005187988,0.0186899993568659,0.00420129764825106,140.849792480469,-87.0315,25.7409,11.9218504861532,63,63,63,63,61,63,0,8046,1.33458767306251,26,-87,0.001869,51,2025-12-08 20:37:56.002199,368,1.037,0.0011,"aoml_navis",1028.07124614418
"7901009",95,0,1,0.014952,1,-0.007476,1,145.72564413828,1,4.86337832605581,370,1,17.0020008087158,36.2449989318848,0.0149520002305508,0.00140043254941702,140.52229309082,-87.0315,25.7409,11.9218504861532,63,63,63,63,61,63,0,8046,1.33458767306251,26,-87,0.001869,51,2025-12-08 20:37:56.002199,370,1.037,0.0011,"aoml_navis",1028.09192803534
"7901009",95,0,1,0.01869,1,-0.003738,1,145.508699820426,1,4.86328006632853,372,1,16.9090003967285,36.2309989929199,0.0186899993568659,0.00420129764825106,140.313095092773,-87.0315,25.7409,11.9218504861532,63,63,63,63,61,63,0,8046,1.33458767306251,26,-87,0.001869,51,2025-12-08 20:37:56.002199,372,1.037,0.0011,"aoml_navis",1028.11270003101
"7901009",95,0,1,0.014952,1,-0.007476,1,145.090160272123,1,4.86321229103138,374,1,16.8610000610352,36.2229995727539,0.0149520002305508,0.00140043254941702,139.90950012207,-87.0315,25.7409,11.9218504861532,63,63,63,63,61,63,0,8046,1.33458767306251,26,-87,0.001869,51,2025-12-08 20:37:56.002199,374,1.037,0.0011,"aoml_navis",1028.12702814164
"7901009",95,0,1,0.020559,1,-0.001869,1,144.929738573042,1,4.86314707575713,376,1,16.8120002746582,36.2140007019043,0.020558999851346,0.00560173019766808,139.754806518555,-87.0315,25.7409,11.9218504861532,63,63,63,63,61,63,0,8046,1.33458767306251,26,-87,0.001869,51,2025-12-08 20:37:56.002199,376,1.037,0.0011,"aoml_navis",1028.14081542487
"7901009",95,0,1,0.014952,1,-0.007476,1,144.861806993426,1,4.86308390946356,378,1,16.7709999084473,36.2070007324219,0.0149520002305508,0.00140043254941702,139.689300537109,-87.0315,25.7409,11.9218504861532,63,63,63,63,61,63,0,8046,1.33458767306251,26,-87,0.001869,51,2025-12-08 20:37:56.002199,378,1.037,0.0011,"aoml_navis",1028.15416988179
"7901009",95,0,1,0.016821,1,-0.005607,1,144.824573588618,1,4.86301312252476,380,1,16.7169990539551,36.1980018615723,0.0168210007250309,0.00280086509883404,139.653396606445,-87.0315,25.7409,11.9218504861532,63,63,63,63,61,63,0,8046,1.33458767306251,26,-87,0.001869,51,2025-12-08 20:37:56.002199,380,1.037,0.0011,"aoml_navis",1028.16913588835
"7901009",95,0,1,0.014952,1,-0.007476,1,144.540742062043,1,4.86293998819185,382,1,16.6639995574951,36.189998626709,0.0149520002305508,0.00140043254941702,139.379699707031,-87.0315,25.7409,11.9218504861532,63,63,63,63,61,63,0,8046,1.33458767306251,26,-87,0.001869,51,2025-12-08 20:37:56.002199,382,1.037,0.0011,"aoml_navis",1028.18459864628
"7901009",95,0,1,0.016821,1,-0.005607,1,144.029174385027,1,4.86288716951666,384,1,16.6350002288818,36.1839981079102,0.0168210007250309,0.00280086509883404,138.88639831543,-87.0315,25.7409,11.9218504861532,63,63,63,63,61,63,0,8046,1.33458767306251,26,-87,0.001869,51,2025-12-08 20:37:56.002199,384,1.037,0.0011,"aoml_navis",1028.19576636341
"7901009",95,0,1,0.020559,1,-0.001869,1,143.584699626151,1,4.86281552572096,386,1,16.5799999237061,36.1749992370605,0.020558999851346,0.00560173019766808,138.457794189453,-87.0315,25.7409,11.9218504861532,63,63,63,63,61,63,0,8046,1.33458767306251,26,-87,0.001869,51,2025-12-08 20:37:56.002199,386,1.037,0.0011,"aoml_navis",1028.2109147578
"7901009",95,0,1,0.01869,1,-0.003738,1,143.296310844759,1,4.86277079089649,388,1,16.5580005645752,36.1689987182617,0.0186899993568659,0.00420129764825106,138.179702758789,-87.0315,25.7409,11.9218504861532,63,63,63,63,61,63,0,8046,1.33458767306251,26,-87,0.001869,51,2025-12-08 20:37:56.002199,388,1.037,0.0011,"aoml_navis",1028.22037373433
"7901009",95,0,1,0.022428,1,0,1,142.886790863282,1,4.8627266187994,390.100006103516,1,16.5510005950928,36.1669998168945,0.0224280003458261,0.00700216321274638,137.784805297852,-87.0315,25.7409,11.9218504861532,63,63,63,63,61,63,0,8046,1.33458767306251,26,-87,0.001869,51,2025-12-08 20:37:56.002199,390.100006103516,1.037,0.0011,"aoml_navis",1028.22971389547
"7901009",95,0,1,0.016821,1,-0.005607,1,142.510754045669,1,4.86268263195629,392,1,16.5310001373291,36.1619987487793,0.0168210007250309,0.00280086509883404,137.42219543457,-87.0315,25.7409,11.9218504861532,63,63,63,63,61,63,0,8046,1.33458767306251,26,-87,0.001869,51,2025-12-08 20:37:56.002199,392,1.037,0.0011,"aoml_navis",1028.2390150534
"7901009",95,0,1,0.016821,1,-0.005607,1,142.114826709636,1,4.86262539497361,394,1,16.4979991912842,36.1559982299805,0.0168210007250309,0.00280086509883404,137.040405273438,-87.0315,25.7409,11.9218504861532,63,63,63,63,61,63,0,8046,1.33458767306251,26,-87,0.001869,51,2025-12-08 20:37:56.002199,394,1.037,0.0011,"aoml_navis",1028.25111824744
"7901009",95,0,1,0.01869,1,-0.003738,1,142.00986743463,1,4.86254287737982,396,1,16.4300003051758,36.1459999084473,0.0186899993568659,0.00420129764825106,136.939193725586,-87.0315,25.7409,11.9218504861532,63,63,63,63,61,63,0,8046,1.33458767306251,26,-87,0.001869,51,2025-12-08 20:37:56.002199,396,1.037,0.0011,"aoml_navis",1028.26856771991
"7901009",95,0,1,0.016821,1,-0.005607,1,141.970054750187,1,4.86248009071624,398,1,16.3920001983643,36.1399993896484,0.0168210007250309,0.00280086509883404,136.900802612305,-87.0315,25.7409,11.9218504861532,63,63,63,63,61,63,0,8046,1.33458767306251,26,-87,0.001869,51,2025-12-08 20:37:56.002199,398,1.037,0.0011,"aoml_navis",1028.2818452144
"7901009",95,0,1,0.01869,1,-0.003738,1,141.991511824951,1,4.86242848022082,400,1,16.367000579834,36.1349983215332,0.0186899993568659,0.00420129764825106,136.921493530273,-87.0315,25.7409,11.9218504861532,63,63,63,63,61,63,0,8046,1.33458767306251,26,-87,0.001869,51,2025-12-08 20:37:56.002199,400,1.037,0.0011,"aoml_navis",1028.29275954161
"7901009",95,0,1,0.01869,1,-0.003738,1,141.963408753579,1,4.86236531892105,402,1,16.3349990844727,36.1310005187988,0.0186899993568659,0.00420129764825106,136.894393920898,-87.0315,25.7409,11.9218504861532,63,63,63,63,61,63,0,8046,1.33458767306251,26,-87,0.001869,51,2025-12-08 20:37:56.002199,402,1.037,0.0011,"aoml_navis",1028.30611688994
"7901009",95,0,1,0.01869,1,-0.003738,1,141.655525048803,1,4.86228211605856,404,1,16.2660007476807,36.1209983825684,0.0186899993568659,0.00420129764825106,136.597503662109,-87.0315,25.7409,11.9218504861532,63,63,63,63,61,63,0,8046,1.33458767306251,26,-87,0.001869,51,2025-12-08 20:37:56.002199,404,1.037,0.0011,"aoml_navis",1028.32371315654
"7901009",95,0,1,0.016821,1,-0.005607,1,141.491353108779,1,4.86220206866099,406,1,16.1900005340576,36.1080017089844,0.0168210007250309,0.00280086509883404,136.439193725586,-87.0315,25.7409,11.9218504861532,63,63,63,63,61,63,0,8046,1.33458767306251,26,-87,0.001869,51,2025-12-08 20:37:56.002199,406,1.037,0.0011,"aoml_navis",1028.34064265391
"7901009",95,0,1,0.014952,1,-0.007476,1,141.077481581903,1,4.86213762670214,408,1,16.1469993591309,36.101001739502,0.0149520002305508,0.00140043254941702,136.040100097656,-87.0315,25.7409,11.9218504861532,63,63,63,63,61,63,0,8046,1.33458767306251,26,-87,0.001869,51,2025-12-08 20:37:56.002199,408,1.037,0.0011,"aoml_navis",1028.35427210878
"7901009",95,0,1,0.01869,1,-0.003738,1,140.584380281177,1,4.86206867167785,410,1,16.0869998931885,36.0900001525879,0.0186899993568659,0.00420129764825106,135.564605712891,-87.0315,25.7409,11.9218504861532,63,63,63,63,61,63,0,8046,1.33458767306251,26,-87,0.001869,51,2025-12-08 20:37:56.002199,410,1.037,0.0011,"aoml_navis",1028.36885647577
"7901009",95,0,1,0.01869,1,-0.003738,1,140.578145703406,1,4.8619740427357,412,1,15.9910001754761,36.0750007629395,0.0186899993568659,0.00420129764825106,135.55859375,-87.0315,25.7409,11.9218504861532,63,63,63,63,61,63,0,8046,1.33458767306251,26,-87,0.001869,51,2025-12-08 20:37:56.002199,412,1.037,0.0011,"aoml_navis",1028.38887169102
"7901009",95,0,1,0.014952,1,-0.007476,1,140.399684870675,1,4.86190658489544,414,1,15.9449996948242,36.068000793457,0.0149520002305508,0.00140043254941702,135.386505126953,-87.0315,25.7409,11.9218504861532,63,63,63,63,61,63,0,8046,1.33458767306251,26,-87,0.001869,51,2025-12-08 20:37:56.002199,414,1.037,0.0011,"aoml_navis",1028.40314035107
"7901009",95,0,1,0.016821,1,-0.005607,1,140.062337247602,1,4.86183948953047,416,1,15.8959999084473,36.060001373291,0.0168210007250309,0.00280086509883404,135.06120300293,-87.0315,25.7409,11.9218504861532,63,63,63,63,61,63,0,8046,1.33458767306251,26,-87,0.001869,51,2025-12-08 20:37:56.002199,416,1.037,0.0011,"aoml_navis",1028.41733273323
"7901009",95,0,1,0.016821,1,-0.005607,1,139.77973997754,1,4.86176470879235,418,1,15.8400001525879,36.0519981384277,0.0168210007250309,0.00280086509883404,134.788696289062,-87.0315,25.7409,11.9218504861532,63,63,63,63,61,63,0,8046,1.33458767306251,26,-87,0.001869,51,2025-12-08 20:37:56.002199,418,1.037,0.0011,"aoml_navis",1028.43315122956
"7901009",95,0,1,0.01869,1,-0.003738,1,139.276574739093,1,4.86171471425407,420,1,15.8159999847412,36.0470008850098,0.0186899993568659,0.00420129764825106,134.303497314453,-87.0315,25.7409,11.9218504861532,63,63,63,63,61,63,0,8046,1.33458767306251,26,-87,0.001869,51,2025-12-08 20:37:56.002199,420,1.037,0.0011,"aoml_navis",1028.44372693044
"7901009",95,0,1,0.020559,1,-0.001869,1,138.830960666513,1,4.86164210900328,422,1,15.7519998550415,36.0359992980957,0.020558999851346,0.00560173019766808,133.873794555664,-87.0315,25.7409,11.9218504861532,63,63,63,63,61,63,0,8046,1.33458767306251,26,-87,0.001869,51,2025-12-08 20:37:56.002199,422,1.037,0.0011,"aoml_navis",1028.45908602373
"7901009",95,0,1,0.014952,1,-0.007476,1,138.670016781984,1,4.86154877518772,424,1,15.6560001373291,36.0209999084473,0.0149520002305508,0.00140043254941702,133.718597412109,-87.0315,25.7409,11.9218504861532,63,63,63,63,61,63,0,8046,1.33458767306251,26,-87,0.001869,51,2025-12-08 20:37:56.002199,424,1.037,0.0011,"aoml_navis",1028.47883076251
"7901009",95,0,1,0.01869,1,-0.003738,1,138.632371958339,1,4.86146178763561,426,1,15.5719995498657,36.007999420166,0.0186899993568659,0.00420129764825106,133.68229675293,-87.0315,25.7409,11.9218504861532,63,63,63,63,61,63,0,8046,1.33458767306251,26,-87,0.001869,51,2025-12-08 20:37:56.002199,426,1.037,0.0011,"aoml_navis",1028.49723363387
"7901009",95,0,1,0.01869,1,-0.003738,1,138.609047675004,1,4.86138881573497,428,1,15.5170001983643,36,0.0186899993568659,0.00420129764825106,133.659805297852,-87.0315,25.7409,11.9218504861532,63,63,63,63,61,63,0,8046,1.33458767306251,26,-87,0.001869,51,2025-12-08 20:37:56.002199,428,1.037,0.0011,"aoml_navis",1028.51267189664
"7901009",95,0,1,0.01869,1,-0.003738,1,138.533758027714,1,4.86133439977008,430,1,15.4919996261597,35.9959983825684,0.0186899993568659,0.00420129764825106,133.587203979492,-87.0315,25.7409,11.9218504861532,63,63,63,63,61,63,0,8046,1.33458767306251,26,-87,0.001869,51,2025-12-08 20:37:56.002199,430,1.037,0.0011,"aoml_navis",1028.52418468404
"7901009",95,0,1,0.01869,1,-0.003738,1,138.3554870806,1,4.86129097669791,432,1,15.4770002365112,35.992000579834,0.0186899993568659,0.00420129764825106,133.415298461914,-87.0315,25.7409,11.9218504861532,63,63,63,63,61,63,0,8046,1.33458767306251,26,-87,0.001869,51,2025-12-08 20:37:56.002199,432,1.037,0.0011,"aoml_navis",1028.53337188968
"7901009",95,0,1,0.016821,1,-0.005607,1,138.07662422768,1,4.8612325436816,434,1,15.4449996948242,35.9869995117188,0.0168210007250309,0.00280086509883404,133.146392822266,-87.0315,25.7409,11.9218504861532,63,63,63,63,61,63,0,8046,1.33458767306251,26,-87,0.001869,51,2025-12-08 20:37:56.002199,434,1.037,0.0011,"aoml_navis",1028.54573507263
"7901009",95,0,1,0.014952,1,-0.007476,1,137.806385346549,1,4.86117708404757,436,1,15.418999671936,35.9830017089844,0.0149520002305508,0.00140043254941702,132.885803222656,-87.0315,25.7409,11.9218504861532,63,63,63,63,61,63,0,8046,1.33458767306251,26,-87,0.001869,51,2025-12-08 20:37:56.002199,436,1.037,0.0011,"aoml_navis",1028.55746942608
"7901009",95,0,1,0.016821,1,-0.005607,1,137.558837796694,1,4.8611190648199,438,1,15.3839998245239,35.9770011901855,0.0168210007250309,0.00280086509883404,132.647094726562,-87.0315,25.7409,11.9218504861532,63,63,63,63,61,63,0,8046,1.33458767306251,26,-87,0.001869,51,2025-12-08 20:37:56.002199,438,1.037,0.0011,"aoml_navis",1028.56974563433
"7901009",95,0,1,0.016821,1,-0.005607,1,137.129205763577,1,4.86106621305723,440,1,15.3570003509521,35.9720001220703,0.0168210007250309,0.00280086509883404,132.232803344727,-87.0315,25.7409,11.9218504861532,63,63,63,63,61,63,0,8046,1.33458767306251,26,-87,0.001869,51,2025-12-08 20:37:56.002199,440,1.037,0.0011,"aoml_navis",1028.58092872086
"7901009",95,0,1,0.024297,1,0.001869,1,136.542664915299,1,4.86101740896792,442,1,15.3369998931885,35.9679985046387,0.0242970008403063,0.00840259529650211,131.667205810547,-87.0315,25.7409,11.9218504861532,63,63,63,63,61,63,0,8046,1.33458767306251,26,-87,0.001869,51,2025-12-08 20:37:56.002199,442,1.037,0.0011,"aoml_navis",1028.5912555622
"7901009",95,0,1,0.024297,1,0.001869,1,135.662640021564,1,4.86094526864633,444,1,15.2690000534058,35.9560012817383,0.0242970008403063,0.00840259529650211,130.818603515625,-87.0315,25.7409,11.9218504861532,63,63,63,63,61,63,0,8046,1.33458767306251,26,-87,0.001869,51,2025-12-08 20:37:56.002199,444,1.037,0.0011,"aoml_navis",1028.60652068037
"7901009",95,0,1,0.01869,1,-0.003738,1,134.906847792998,1,4.86086428204836,446,1,15.1859998703003,35.9420013427734,0.0186899993568659,0.00420129764825106,130.089797973633,-87.0315,25.7409,11.9218504861532,63,63,63,63,61,63,0,8046,1.33458767306251,26,-87,0.001869,51,2025-12-08 20:37:56.002199,446,1.037,0.0011,"aoml_navis",1028.6236582382
"7901009",95,0,1,0.024297,1,0.001869,1,134.545970177172,1,4.86077320864606,448,1,15.0799999237061,35.923999786377,0.0242970008403063,0.00840259529650211,129.741806030273,-87.0315,25.7409,11.9218504861532,63,63,63,63,61,63,0,8046,1.33458767306251,26,-87,0.001869,51,2025-12-08 20:37:56.002199,448,1.037,0.0011,"aoml_navis",1028.64293094487
"7901009",95,0,1,0.020559,1,-0.001869,1,134.308692274457,1,4.860719669014,450,1,15.0419998168945,35.9160003662109,0.020558999851346,0.00560173019766808,129.513000488281,-87.0315,25.7409,11.9218504861532,63,63,63,63,61,63,0,8046,1.33458767306251,26,-87,0.001869,51,2025-12-08 20:37:56.002199,450,1.037,0.0011,"aoml_navis",1028.65426119385
"7901009",95,0,1,0.01869,1,-0.003738,1,133.906941779491,1,4.86067001837156,452,1,15.0209999084473,35.9119987487793,0.0186899993568659,0.00420129764825106,129.125595092773,-87.0315,25.7409,11.9218504861532,63,63,63,63,61,63,0,8046,1.33458767306251,26,-87,0.001869,51,2025-12-08 20:37:56.002199,452,1.037,0.0011,"aoml_navis",1028.66476866396
"7901009",95,0,1,0.020559,1,-0.001869,1,133.420264942153,1,4.86060980914415,454,1,14.9700002670288,35.9020004272461,0.020558999851346,0.00560173019766808,128.656295776367,-87.0315,25.7409,11.9218504861532,63,63,63,63,61,63,0,8046,1.33458767306251,26,-87,0.001869,51,2025-12-08 20:37:56.002199,454,1.037,0.0011,"aoml_navis",1028.67751091512
"7901009",95,0,1,0.014952,1,-0.007476,1,132.923539990895,1,4.86053829035751,456,1,14.9049997329712,35.890998840332,0.0149520002305508,0.00140043254941702,128.177307128906,-87.0315,25.7409,11.9218504861532,63,63,63,63,61,63,0,8046,1.33458767306251,26,-87,0.001869,51,2025-12-08 20:37:56.002199,456,1.037,0.0011,"aoml_navis",1028.69264705088
"7901009",95,0,1,0.016821,1,-0.005607,1,132.480718819271,1,4.86046175486742,458,1,14.8249998092651,35.8769989013672,0.0168210007250309,0.00280086509883404,127.750297546387,-87.0315,25.7409,11.9218504861532,63,63,63,63,61,63,0,8046,1.33458767306251,26,-87,0.001869,51,2025-12-08 20:37:56.002199,458,1.037,0.0011,"aoml_navis",1028.70884540812
"7901009",95,0,1,0.020559,1,-0.001869,1,132.042059307427,1,4.86038292188036,460,1,14.746000289917,35.8639984130859,0.020558999851346,0.00560173019766808,127.327301025391,-87.0315,25.7409,11.9218504861532,63,63,63,63,61,63,0,8046,1.33458767306251,26,-87,0.001869,51,2025-12-08 20:37:56.002199,460,1.037,0.0011,"aoml_navis",1028.72553055256
"7901009",95,0,1,0.044856,1,0.022428,1,131.592093689448,1,4.86031818465971,462,1,14.6800003051758,35.851001739502,0.0448560006916523,0.0238073542714119,126.893402099609,-87.0315,25.7409,11.9218504861532,63,63,63,63,61,63,0,8046,1.33458767306251,26,-87,0.001869,51,2025-12-08 20:37:56.002199,462,1.037,0.0011,"aoml_navis",1028.73923270727
"7901009",95,0,1,0.022428,1,0,1,131.32101614684,1,4.86021312565377,464,1,14.5690002441406,35.8359985351562,0.0224280003458261,0.00700216321274638,126.63200378418,-87.0315,25.7409,11.9218504861532,63,63,63,63,61,63,0,8046,1.33458767306251,26,-87,0.001869,51,2025-12-08 20:37:56.002199,464,1.037,0.0011,"aoml_navis",1028.76147006978
"7901009",95,0,1,0.014952,1,-0.007476,1,131.019129662813,1,4.86015219131552,466,1,14.5129995346069,35.8250007629395,0.0149520002305508,0.00140043254941702,126.340896606445,-87.0315,25.7409,11.9218504861532,63,63,63,63,61,63,0,8046,1.33458767306251,26,-87,0.001869,51,2025-12-08 20:37:56.002199,466,1.037,0.0011,"aoml_navis",1028.77436820484
"7901009",95,0,1,0.01869,1,-0.003738,1,130.822202453791,1,4.86007942924994,468,1,14.456000328064,35.8170013427734,0.0186899993568659,0.00420129764825106,126.151000976562,-87.0315,25.7409,11.9218504861532,63,63,63,63,61,63,0,8046,1.33458767306251,26,-87,0.001869,51,2025-12-08 20:37:56.002199,468,1.037,0.0011,"aoml_navis",1028.78977037041
"7901009",95,0,1,0.022428,1,0,1,130.626928832021,1,4.86002003392431,470,1,14.414999961853,35.810001373291,0.0224280003458261,0.00700216321274638,125.962699890137,-87.0315,25.7409,11.9218504861532,63,63,63,63,61,63,0,8046,1.33458767306251,26,-87,0.001869,51,2025-12-08 20:37:56.002199,470,1.037,0.0011,"aoml_navis",1028.80234342628
"7901009",95,0,1,0.020559,1,-0.001869,1,130.371097522109,1,4.85996224616232,472,1,14.3719997406006,35.8019981384277,0.020558999851346,0.00560173019766808,125.716003417969,-87.0315,25.7409,11.9218504861532,63,63,63,63,61,63,0,8046,1.33458767306251,26,-87,0.001869,51,2025-12-08 20:37:56.002199,472,1.037,0.0011,"aoml_navis",1028.81457648118
"7901009",95,0,1,0.020559,1,-0.001869,1,130.140046285264,1,4.85990459666104,474,1,14.3360004425049,35.7960014343262,0.020558999851346,0.00560173019766808,125.493202209473,-87.0315,25.7409,11.9218504861532,63,63,63,63,61,63,0,8046,1.33458767306251,26,-87,0.001869,51,2025-12-08 20:37:56.002199,474,1.037,0.0011,"aoml_navis",1028.82678055763
"7901009",95,0,1,0.022428,1,0,1,129.893234542177,1,4.85983336129776,476,1,14.2869997024536,35.7900009155273,0.0224280003458261,0.00700216321274638,125.25520324707,-87.0315,25.7409,11.9218504861532,63,63,63,63,61,63,0,8046,1.33458767306251,26,-87,0.001869,51,2025-12-08 20:37:56.002199,476,1.037,0.0011,"aoml_navis",1028.84186108488
"7901009",95,0,1,0.020559,1,-0.001869,1,129.641026882796,1,4.85978318245112,478,1,14.2580003738403,35.7840003967285,0.020558999851346,0.00560173019766808,125.012001037598,-87.0315,25.7409,11.9218504861532,63,63,63,63,61,63,0,8046,1.33458767306251,26,-87,0.001869,51,2025-12-08 20:37:56.002199,478,1.037,0.0011,"aoml_navis",1028.85248421271
"7901009",95,0,1,0.016821,1,-0.005607,1,129.342566251783,1,4.85972884595175,480,1,14.2250003814697,35.7779998779297,0.0168210007250309,0.00280086509883404,124.724197387695,-87.0315,25.7409,11.9218504861532,63,63,63,63,61,63,0,8046,1.33458767306251,26,-87,0.001869,51,2025-12-08 20:37:56.002199,480,1.037,0.0011,"aoml_navis",1028.86398778506
"7901009",95,0,1,0.01869,1,-0.003738,1,128.947153189296,1,4.85965882328362,482,1,14.1700000762939,35.7700004577637,0.0186899993568659,0.00420129764825106,124.342903137207,-87.0315,25.7409,11.9218504861532,63,63,63,63,61,63,0,8046,1.33458767306251,26,-87,0.001869,51,2025-12-08 20:37:56.002199,482,1.037,0.0011,"aoml_navis",1028.87881265326
"7901009",95,0,1,0.020559,1,-0.001869,1,128.759340489909,1,4.85956544482623,484,1,14.0749998092651,35.7569999694824,0.020558999851346,0.00560173019766808,124.161796569824,-87.0315,25.7409,11.9218504861532,63,63,63,63,61,63,0,8046,1.33458767306251,26,-87,0.001869,51,2025-12-08 20:37:56.002199,484,1.037,0.0011,"aoml_navis",1028.89858296348
"7901009",95,0,1,0.01869,1,-0.003738,1,128.328252667058,1,4.85950874568834,486,1,14.03600025177,35.75,0.0186899993568659,0.00420129764825106,123.746101379395,-87.0315,25.7409,11.9218504861532,63,63,63,63,61,63,0,8046,1.33458767306251,26,-87,0.001869,51,2025-12-08 20:37:56.002199,486,1.037,0.0011,"aoml_navis",1028.91058781123
"7901009",95,0,1,0.01869,1,-0.003738,1,127.849764646969,1,4.85944381771494,488,1,13.9820003509521,35.7410011291504,0.0186899993568659,0.00420129764825106,123.284698486328,-87.0315,25.7409,11.9218504861532,63,63,63,63,61,63,0,8046,1.33458767306251,26,-87,0.001869,51,2025-12-08 20:37:56.002199,488,1.037,0.0011,"aoml_navis",1028.92433528559
"7901009",95,0,1,0.022428,1,0,1,127.411825118091,1,4.85937698248764,490,1,13.918999671936,35.7299995422363,0.0224280003458261,0.00700216321274638,122.862396240234,-87.0315,25.7409,11.9218504861532,63,63,63,63,61,63,0,8046,1.33458767306251,26,-87,0.001869,51,2025-12-08 20:37:56.002199,490,1.037,0.0011,"aoml_navis",1028.93848697459
"7901009",95,0,1,0.020559,1,-0.001869,1,126.9868531945,1,4.85931949223217,492,1,13.878999710083,35.7229995727539,0.020558999851346,0.00560173019766808,122.452598571777,-87.0315,25.7409,11.9218504861532,63,63,63,63,61,63,0,8046,1.33458767306251,26,-87,0.001869,51,2025-12-08 20:37:56.002199,492,1.037,0.0011,"aoml_navis",1028.95066027099
"7901009",95,0,1,0.020559,1,-0.001869,1,126.371172815856,1,4.85926049042439,494,1,13.8409996032715,35.7169990539551,0.020558999851346,0.00560173019766808,121.858901977539,-87.0315,25.7409,11.9218504861532,63,63,63,63,61,63,0,8046,1.33458767306251,26,-87,0.001869,51,2025-12-08 20:37:56.002199,494,1.037,0.0011,"aoml_navis",1028.96315393113
"7901009",95,0,1,0.022428,1,0,1,125.620262230036,1,4.85920374080808,496,1,13.7910003662109,35.7070007324219,0.0224280003458261,0.00700216321274638,121.134803771973,-87.0315,25.7409,11.9218504861532,63,63,63,63,61,63,0,8046,1.33458767306251,26,-87,0.001869,51,2025-12-08 20:37:56.002199,496,1.037,0.0011,"aoml_navis",1028.97517097493
"7901009",95,0,1,0.022428,1,0,1,124.877540461466,1,4.85914199983491,497.899993896484,1,13.7340002059937,35.6969985961914,0.0224280003458261,0.00700216321274638,120.418601989746,-87.0315,25.7409,11.9218504861532,63,63,63,63,61,63,0,8046,1.33458767306251,26,-87,0.001869,51,2025-12-08 20:37:56.002199,497.899993896484,1.037,0.0011,"aoml_navis",1028.98824528484
"7901009",95,0,1,0.022428,1,0,1,124.168104059242,1,4.85905757036299,500,1,13.6409997940063,35.681999206543,0.0224280003458261,0.00700216321274638,119.734497070312,-87.0315,25.7409,11.9218504861532,63,63,63,63,61,63,0,8046,1.33458767306251,26,-87,0.001869,51,2025-12-08 20:37:56.002199,500,1.037,0.0011,"aoml_navis",1029.00612466431
"7901009",95,0,1,0.01869,1,-0.003738,1,123.569742831283,1,4.8589881182985,502,1,13.5710000991821,35.6699981689453,0.0186899993568659,0.00420129764825106,119.157501220703,-87.0315,25.7409,11.9218504861532,63,63,63,63,61,63,0,8046,1.33458767306251,26,-87,0.001869,51,2025-12-08 20:37:56.002199,502,1.037,0.0011,"aoml_navis",1029.0208327883
"7901009",95,0,1,0.016821,1,-0.005607,1,123.176394774885,1,4.85888908414819,504,1,13.4429998397827,35.6500015258789,0.0168210007250309,0.00280086509883404,118.778198242188,-87.0315,25.7409,11.9218504861532,63,63,63,63,61,63,0,8046,1.33458767306251,26,-87,0.001869,51,2025-12-08 20:37:56.002199,504,1.037,0.0011,"aoml_navis",1029.04180634873
"7901009",95,0,1,0.024297,1,0.001869,1,122.842678714245,1,4.85882729769057,506,1,13.3800001144409,35.6380004882812,0.0242970008403063,0.00840259529650211,118.456398010254,-87.0315,25.7409,11.9218504861532,63,63,63,63,61,63,0,8046,1.33458767306251,26,-87,0.001869,51,2025-12-08 20:37:56.002199,506,1.037,0.0011,"aoml_navis",1029.05489198526
"7901009",95,0,1,0.026166,1,0.003738,1,122.552209102963,1,4.85873627942835,508,1,13.2770004272461,35.6230010986328,0.0261659994721413,0.00980302784591913,118.176300048828,-87.0315,25.7409,11.9218504861532,63,63,63,63,61,63,0,8046,1.33458767306251,26,-87,0.001869,51,2025-12-08 20:37:56.002199,508,1.037,0.0011,"aoml_navis",1029.07416917641
"7901009",95,0,1,0.020559,1,-0.001869,1,122.349885977648,1,4.85865009667812,510,1,13.1820001602173,35.609001159668,0.020558999851346,0.00560173019766808,117.981201171875,-87.0315,25.7409,11.9218504861532,63,63,63,63,61,63,0,8046,1.33458767306251,26,-87,0.001869,51,2025-12-08 20:37:56.002199,510,1.037,0.0011,"aoml_navis",1029.09242289716
"7901009",95,0,1,0.020559,1,-0.001869,1,122.214861479891,1,4.85859280105516,512,1,13.1409997940063,35.6020011901855,0.020558999851346,0.00560173019766808,117.850997924805,-87.0315,25.7409,11.9218504861532,63,63,63,63,61,63,0,8046,1.33458767306251,26,-87,0.001869,51,2025-12-08 20:37:56.002199,512,1.037,0.0011,"aoml_navis",1029.10455861091
"7901009",95,0,1,0.020559,1,-0.001869,1,121.916408760778,1,4.85855365570123,514,1,13.128999710083,35.5979995727539,0.020558999851346,0.00560173019766808,117.563201904297,-87.0315,25.7409,11.9218504861532,63,63,63,63,61,63,0,8046,1.33458767306251,26,-87,0.001869,51,2025-12-08 20:37:56.002199,514,1.037,0.0011,"aoml_navis",1029.11285010361
"7901009",95,0,1,0.022428,1,0,1,121.521818535967,1,4.85850415467001,516,1,13.1029996871948,35.5929985046387,0.0224280003458261,0.00700216321274638,117.18270111084,-87.0315,25.7409,11.9218504861532,63,63,63,63,61,63,0,8046,1.33458767306251,26,-87,0.001869,51,2025-12-08 20:37:56.002199,516,1.037,0.0011,"aoml_navis",1029.12333525412
"7901009",95,0,1,0.022428,1,0,1,121.058576748573,1,4.8584516239109,518,1,13.0629997253418,35.5849990844727,0.0224280003458261,0.00700216321274638,116.736000061035,-87.0315,25.7409,11.9218504861532,63,63,63,63,61,63,0,8046,1.33458767306251,26,-87,0.001869,51,2025-12-08 20:37:56.002199,518,1.037,0.0011,"aoml_navis",1029.1344623856
"7901009",95,0,1,0.020559,1,-0.001869,1,120.711481663809,1,4.85836694098913,520,1,12.9650001525879,35.5699996948242,0.020558999851346,0.00560173019766808,116.401298522949,-87.0315,25.7409,11.9218504861532,63,63,63,63,61,63,0,8046,1.33458767306251,26,-87,0.001869,51,2025-12-08 20:37:56.002199,520,1.037,0.0011,"aoml_navis",1029.15240053524
"7901009",95,0,1,0.020559,1,-0.001869,1,120.451085187179,1,4.85827079762555,522,1,12.8549995422363,35.5550003051758,0.020558999851346,0.00560173019766808,116.150199890137,-87.0315,25.7409,11.9218504861532,63,63,63,63,61,63,0,8046,1.33458767306251,26,-87,0.001869,51,2025-12-08 20:37:56.002199,522,1.037,0.0011,"aoml_navis",1029.17276707666
"7901009",95,0,1,0.022428,1,0,1,120.121412107809,1,4.85820395908035,524,1,12.7889995574951,35.5439987182617,0.0224280003458261,0.00700216321274638,115.832298278809,-87.0315,25.7409,11.9218504861532,63,63,63,63,61,63,0,8046,1.33458767306251,26,-87,0.001869,51,2025-12-08 20:37:56.002199,524,1.037,0.0011,"aoml_navis",1029.18692630321
"7901009",95,0,1,0.024297,1,0.001869,1,119.818599931397,1,4.85812198306466,526,1,12.6999998092651,35.5309982299805,0.0242970008403063,0.00840259529650211,115.540298461914,-87.0315,25.7409,11.9218504861532,63,63,63,63,61,63,0,8046,1.33458767306251,26,-87,0.001869,51,2025-12-08 20:37:56.002199,526,1.037,0.0011,"aoml_navis",1029.20429281725
"7901009",95,0,1,0.024297,1,0.001869,1,119.578837691855,1,4.85803739696614,528,1,12.6079998016357,35.5180015563965,0.0242970008403063,0.00840259529650211,115.309097290039,-87.0315,25.7409,11.9218504861532,63,63,63,63,61,63,0,8046,1.33458767306251,26,-87,0.001869,51,2025-12-08 20:37:56.002199,528,1.037,0.0011,"aoml_navis",1029.22221288838
"7901009",95,0,1,0.026166,1,0.003738,1,119.31740475623,1,4.85797937141149,530,1,12.5690002441406,35.5120010375977,0.0261659994721413,0.00980302784591913,115.056999206543,-87.0315,25.7409,11.9218504861532,63,63,63,63,61,63,0,8046,1.33458767306251,26,-87,0.001869,51,2025-12-08 20:37:56.002199,530,1.037,0.0011,"aoml_navis",1029.23450631023
"7901009",95,0,1,0.022428,1,0,1,119.038344105792,1,4.85792530717981,532,1,12.5340003967285,35.5060005187988,0.0224280003458261,0.00700216321274638,114.787902832031,-87.0315,25.7409,11.9218504861532,63,63,63,63,61,63,0,8046,1.33458767306251,26,-87,0.001869,51,2025-12-08 20:37:56.002199,532,1.037,0.0011,"aoml_navis",1029.24596074176
"7901009",95,0,1,0.020559,1,-0.001869,1,118.908501903009,1,4.85784477530939,534,1,12.4530000686646,35.4949989318848,0.020558999851346,0.00560173019766808,114.662696838379,-87.0315,25.7409,11.9218504861532,63,63,63,63,61,63,0,8046,1.33458767306251,26,-87,0.001869,51,2025-12-08 20:37:56.002199,534,1.037,0.0011,"aoml_navis",1029.26302326767
"7901009",95,0,1,0.024297,1,0.001869,1,118.844937692592,1,4.85778338071407,536,1,12.3990001678467,35.4860000610352,0.0242970008403063,0.00840259529650211,114.601402282715,-87.0315,25.7409,11.9218504861532,63,63,63,63,61,63,0,8046,1.33458767306251,26,-87,0.001869,51,2025-12-08 20:37:56.002199,536,1.037,0.0011,"aoml_navis",1029.27603150246
"7901009",95,0,1,0.024297,1,0.001869,1,118.728165949806,1,4.85771987709898,538,1,12.3540000915527,35.4799995422363,0.0242970008403063,0.00840259529650211,114.488800048828,-87.0315,25.7409,11.9218504861532,63,63,63,63,61,63,0,8046,1.33458767306251,26,-87,0.001869,51,2025-12-08 20:37:56.002199,538,1.037,0.0011,"aoml_navis",1029.28948694052
"7901009",95,0,1,0.020559,1,-0.001869,1,118.58090965353,1,4.85766923444915,540,1,12.326000213623,35.4749984741211,0.020558999851346,0.00560173019766808,114.346801757812,-87.0315,25.7409,11.9218504861532,63,63,63,63,61,63,0,8046,1.33458767306251,26,-87,0.001869,51,2025-12-08 20:37:56.002199,540,1.037,0.0011,"aoml_navis",1029.30021759026
"7901009",95,0,1,0.022428,1,0,1,118.415400602283,1,4.85761163626123,542,1,12.2869997024536,35.4690017700195,0.0224280003458261,0.00700216321274638,114.187202453613,-87.0315,25.7409,11.9218504861532,63,63,63,63,61,63,0,8046,1.33458767306251,26,-87,0.001869,51,2025-12-08 20:37:56.002199,542,1.037,0.0011,"aoml_navis",1029.31242231797
"7901009",95,0,1,0.026166,1,0.003738,1,118.288359212357,1,4.85755796682738,544,1,12.2519998550415,35.4630012512207,0.0261659994721413,0.00980302784591913,114.064697265625,-87.0315,25.7409,11.9218504861532,63,63,63,63,61,63,0,8046,1.33458767306251,26,-87,0.001869,51,2025-12-08 20:37:56.002199,544,1.037,0.0011,"aoml_navis",1029.32379482558
"7901009",95,0,1,0.026166,1,0.003738,1,118.2429369903,1,4.85748779941847,546,1,12.1960000991821,35.4560012817383,0.0261659994721413,0.00980302784591913,114.020896911621,-87.0315,25.7409,11.9218504861532,63,63,63,63,61,63,0,8046,1.33458767306251,26,-87,0.001869,51,2025-12-08 20:37:56.002199,546,1.037,0.0011,"aoml_navis",1029.3386636192
"7901009",95,0,1,0.024297,1,0.001869,1,118.085521813494,1,4.85744424472299,548,1,12.1789999008179,35.4519996643066,0.0242970008403063,0.00840259529650211,113.869102478027,-87.0315,25.7409,11.9218504861532,63,63,63,63,61,63,0,8046,1.33458767306251,26,-87,0.001869,51,2025-12-08 20:37:56.002199,548,1.037,0.0011,"aoml_navis",1029.34789327369
"7901009",95,0,1,0.022428,1,0,1,117.863909474213,1,4.85739416137832,550,1,12.1590003967285,35.4490013122559,0.0224280003458261,0.00700216321274638,113.655403137207,-87.0315,25.7409,11.9218504861532,63,63,63,63,61,63,0,8046,1.33458767306251,26,-87,0.001869,51,2025-12-08 20:37:56.002199,550,1.037,0.0011,"aoml_navis",1029.35850661566
"7901009",95,0,1,0.024297,1,0.001869,1,117.73012714487,1,4.85733454914522,552,1,12.1099996566772,35.4410018920898,0.0242970008403063,0.00840259529650211,113.526397705078,-87.0315,25.7409,11.9218504861532,63,63,63,63,61,63,0,8046,1.33458767306251,26,-87,0.001869,51,2025-12-08 20:37:56.002199,552,1.037,0.0011,"aoml_navis",1029.37113954399
"7901009",95,0,1,0.028035,1,0.005607,1,117.554356358385,1,4.85727730024336,554,1,12.0710000991821,35.435001373291,0.0280349999666214,0.0112034603953362,113.356903076172,-87.0315,25.7409,11.9218504861532,63,63,63,63,61,63,0,8046,1.33458767306251,26,-87,0.001869,51,2025-12-08 20:37:56.002199,554,1.037,0.0011,"aoml_navis",1029.38327193086
"7901009",95,0,1,0.022428,1,0,1,117.45366159787,1,4.85721244750726,556,1,12.0010004043579,35.4230003356934,0.0224280003458261,0.00700216321274638,113.259803771973,-87.0315,25.7409,11.9218504861532,63,63,63,63,61,63,0,8046,1.33458767306251,26,-87,0.001869,51,2025-12-08 20:37:56.002199,556,1.037,0.0011,"aoml_navis",1029.39701609429
"7901009",95,0,1,0.022428,1,0,1,117.601748643722,1,4.85711240183308,558,1,11.8859996795654,35.4090003967285,0.0224280003458261,0.00700216321274638,113.402603149414,-87.0315,25.7409,11.9218504861532,63,63,63,63,61,63,0,8046,1.33458767306251,26,-87,0.001869,51,2025-12-08 20:37:56.002199,558,1.037,0.0011,"aoml_navis",1029.41821937516
"7901009",95,0,1,0.022428,1,0,1,117.482484652207,1,4.85706904404903,560,1,11.8690004348755,35.4049987792969,0.0224280003458261,0.00700216321274638,113.28759765625,-87.0315,25.7409,11.9218504861532,63,63,63,63,61,63,0,8046,1.33458767306251,26,-87,0.001869,51,2025-12-08 20:37:56.002199,560,1.037,0.0011,"aoml_navis",1029.42740872216
"7901009",95,0,1,0.020559,1,-0.001869,1,117.303913052865,1,4.85702690597567,562,1,11.8610000610352,35.4029998779297,0.020558999851346,0.00560173019766808,113.11540222168,-87.0315,25.7409,11.9218504861532,63,63,63,63,61,63,0,8046,1.33458767306251,26,-87,0.001869,51,2025-12-08 20:37:56.002199,562,1.037,0.0011,"aoml_navis",1029.43633971812
"7901009",95,0,1,0.020559,1,-0.001869,1,117.051183208037,1,4.85698368555619,564,1,11.8479995727539,35.4000015258789,0.020558999851346,0.00560173019766808,112.871696472168,-87.0315,25.7409,11.9218504861532,63,63,63,63,61,63,0,8046,1.33458767306251,26,-87,0.001869,51,2025-12-08 20:37:56.002199,564,1.037,0.0011,"aoml_navis",1029.44550027399
"7901009",95,0,1,0.028035,1,0.005607,1,116.843883497166,1,4.85690948236676,566,1,11.7790002822876,35.390998840332,0.0280349999666214,0.0112034603953362,112.671798706055,-87.0315,25.7409,11.9218504861532,63,63,63,63,61,63,0,8046,1.33458767306251,26,-87,0.001869,51,2025-12-08 20:37:56.002199,566,1.037,0.0011,"aoml_navis",1029.46122799956
"7901009",95,0,1,0.022428,1,0,1,116.74754819395,1,4.85683430222294,568,1,11.701000213623,35.3800010681152,0.0224280003458261,0.00700216321274638,112.578903198242,-87.0315,25.7409,11.9218504861532,63,63,63,63,61,63,0,8046,1.33458767306251,26,-87,0.001869,51,2025-12-08 20:37:56.002199,568,1.037,0.0011,"aoml_navis",1029.47716328546
"7901009",95,0,1,0.026166,1,0.003738,1,116.375767978926,1,4.85679564915474,570,1,11.6850004196167,35.375,0.0261659994721413,0.00980302784591913,112.220397949219,-87.0315,25.7409,11.9218504861532,63,63,63,63,61,63,0,8046,1.33458767306251,26,-87,0.001869,51,2025-12-08 20:37:56.002199,570,1.037,0.0011,"aoml_navis",1029.48535643458
"7901009",95,0,1,0.022428,1,0,1,116.181950146889,1,4.85670461443871,572,1,11.5780000686646,35.3610000610352,0.0224280003458261,0.00700216321274638,112.033500671387,-87.0315,25.7409,11.9218504861532,63,63,63,63,61,63,0,8046,1.33458767306251,26,-87,0.001869,51,2025-12-08 20:37:56.002199,572,1.037,0.0011,"aoml_navis",1029.50465324477
"7901009",95,0,1,0.026166,1,0.003738,1,116.044749876433,1,4.85663763580232,574,1,11.5120000839233,35.351001739502,0.0261659994721413,0.00980302784591913,111.90119934082,-87.0315,25.7409,11.9218504861532,63,63,63,63,61,63,0,8046,1.33458767306251,26,-87,0.001869,51,2025-12-08 20:37:56.002199,574,1.037,0.0011,"aoml_navis",1029.51885130174
"7901009",95,0,1,0.024297,1,0.001869,1,115.919061421531,1,4.85656448399509,576,1,11.4469995498657,35.3429985046387,0.0242970008403063,0.00840259529650211,111.779998779297,-87.0315,25.7409,11.9218504861532,63,63,63,63,61,63,0,8046,1.33458767306251,26,-87,0.001869,51,2025-12-08 20:37:56.002199,576,1.037,0.0011,"aoml_navis",1029.53435838803
"7901009",95,0,1,0.01869,1,-0.003738,1,115.813595784879,1,4.8565052557123,578.099975585938,1,11.4069995880127,35.3370018005371,0.0186899993568659,0.00420129764825106,111.678298950195,-87.0315,25.7409,11.9218504861532,63,63,63,63,61,63,0,8046,1.33458767306251,26,-87,0.001869,51,2025-12-08 20:37:56.002199,578.099975585938,1.037,0.0011,"aoml_navis",1029.54691423816
"7901009",95,0,1,0.022428,1,0,1,115.648814628499,1,4.85645220031245,580,1,11.3730001449585,35.3320007324219,0.0224280003458261,0.00700216321274638,111.519401550293,-87.0315,25.7409,11.9218504861532,63,63,63,63,61,63,0,8046,1.33458767306251,26,-87,0.001869,51,2025-12-08 20:37:56.002199,580,1.037,0.0011,"aoml_navis",1029.55816175403
"7901009",95,0,1,0.024297,1,0.001869,1,115.475314557521,1,4.85639801944719,582,1,11.3400001525879,35.3269996643066,0.0242970008403063,0.00840259529650211,111.352096557617,-87.0315,25.7409,11.9218504861532,63,63,63,63,61,63,0,8046,1.33458767306251,26,-87,0.001869,51,2025-12-08 20:37:56.002199,582,1.037,0.0011,"aoml_navis",1029.56964811734
"7901009",95,0,1,0.029904,1,0.007476,1,115.210250059464,1,4.85635037352127,584,1,11.3179998397827,35.3230018615723,0.0299040004611015,0.0126038929447532,111.096496582031,-87.0315,25.7409,11.9218504861532,63,63,63,63,61,63,0,8046,1.33458767306251,26,-87,0.001869,51,2025-12-08 20:37:56.002199,584,1.037,0.0011,"aoml_navis",1029.57974928291
"7901009",95,0,1,0.024297,1,0.001869,1,115.101057917571,1,4.85628323581548,586,1,11.2550001144409,35.3139991760254,0.0242970008403063,0.00840259529650211,110.991203308105,-87.0315,25.7409,11.9218504861532,63,63,63,63,61,63,0,8046,1.33458767306251,26,-87,0.001869,51,2025-12-08 20:37:56.002199,586,1.037,0.0011,"aoml_navis",1029.59398313603
"7901009",95,0,1,0.024297,1,0.001869,1,115.164210709151,1,4.85620709222576,588,1,11.1859998703003,35.3059997558594,0.0242970008403063,0.00840259529650211,111.052101135254,-87.0315,25.7409,11.9218504861532,63,63,63,63,61,63,0,8046,1.33458767306251,26,-87,0.001869,51,2025-12-08 20:37:56.002199,588,1.037,0.0011,"aoml_navis",1029.61012680131
"7901009",95,0,1,0.026166,1,0.003738,1,115.151037394445,1,4.8561540765791,590,1,11.1540002822876,35.3009986877441,0.0261659994721413,0.00980302784591913,111.039398193359,-87.0315,25.7409,11.9218504861532,63,63,63,63,61,63,0,8046,1.33458767306251,26,-87,0.001869,51,2025-12-08 20:37:56.002199,590,1.037,0.0011,"aoml_navis",1029.62136726976
"7901009",95,0,1,0.028035,1,0.005607,1,115.135174033493,1,4.85610291687026,592,1,11.1239995956421,35.2960014343262,0.0280349999666214,0.0112034603953362,111.024101257324,-87.0315,25.7409,11.9218504861532,63,63,63,63,61,63,0,8046,1.33458767306251,26,-87,0.001869,51,2025-12-08 20:37:56.002199,592,1.037,0.0011,"aoml_navis",1029.63221447178
"7901009",95,0,1,0.026166,1,0.003738,1,115.113084006672,1,4.85605548026191,594,1,11.1099996566772,35.2939987182617,0.0261659994721413,0.00980302784591913,111.002799987793,-87.0315,25.7409,11.9218504861532,63,63,63,63,61,63,0,8046,1.33458767306251,26,-87,0.001869,51,2025-12-08 20:37:56.002199,594,1.037,0.0011,"aoml_navis",1029.64227248292
"7901009",95,0,1,0.022428,1,0,1,115.147097267884,1,4.85601260411652,596,1,11.0970001220703,35.2910003662109,0.0224280003458261,0.00700216321274638,111.035598754883,-87.0315,25.7409,11.9218504861532,63,63,63,63,61,63,0,8046,1.33458767306251,26,-87,0.001869,51,2025-12-08 20:37:56.002199,596,1.037,0.0011,"aoml_navis",1029.65136370557
"7901009",95,0,1,0.024297,1,0.001869,1,115.089332480698,1,4.85596790915504,598,1,11.0860004425049,35.2890014648438,0.0242970008403063,0.00840259529650211,110.97989654541,-87.0315,25.7409,11.9218504861532,63,63,63,63,61,63,0,8046,1.33458767306251,26,-87,0.001869,51,2025-12-08 20:37:56.002199,598,1.037,0.0011,"aoml_navis",1029.66084075091
"7901009",95,0,1,0.028035,1,0.005607,1,115.008346264887,1,4.85592414247942,600,1,11.0679998397827,35.2849998474121,0.0280349999666214,0.0112034603953362,110.901802062988,-87.0315,25.7409,11.9218504861532,63,63,63,63,61,63,0,8046,1.33458767306251,26,-87,0.001869,51,2025-12-08 20:37:56.002199,600,1.037,0.0011,"aoml_navis",1029.67012113312
"7901009",95,0,1,0.024297,1,0.001869,1,114.872704638873,1,4.85588130063182,602,1,11.0509996414185,35.2809982299805,0.0242970008403063,0.00840259529650211,110.771003723145,-87.0315,25.7409,11.9218504861532,63,63,63,63,61,63,0,8046,1.33458767306251,26,-87,0.001869,51,2025-12-08 20:37:56.002199,602,1.037,0.0011,"aoml_navis",1029.67920557478
"7901009",95,0,1,0.028035,1,0.005607,1,114.803530890843,1,4.85581749039153,604,1,11.0109996795654,35.2770004272461,0.0280349999666214,0.0112034603953362,110.704299926758,-87.0315,25.7409,11.9218504861532,63,63,63,63,61,63,0,8046,1.33458767306251,26,-87,0.001869,51,2025-12-08 20:37:56.002199,604,1.037,0.0011,"aoml_navis",1029.69273657706
"7901009",95,0,1,0.026166,1,0.003738,1,114.736224351383,1,4.85575470053404,606,1,10.96399974823,35.2709999084473,0.0261659994721413,0.00980302784591913,110.63939666748,-87.0315,25.7409,11.9218504861532,63,63,63,63,61,63,0,8046,1.33458767306251,26,-87,0.001869,51,2025-12-08 20:37:56.002199,606,1.037,0.0011,"aoml_navis",1029.70605155365
"7901009",95,0,1,0.026166,1,0.003738,1,114.592702472249,1,4.85569915503967,608,1,10.9409999847412,35.2690010070801,0.0261659994721413,0.00980302784591913,110.500999450684,-87.0315,25.7409,11.9218504861532,63,63,63,63,61,63,0,8046,1.33458767306251,26,-87,0.001869,51,2025-12-08 20:37:56.002199,608,1.037,0.0011,"aoml_navis",1029.71783060542
"7901009",95,0,1,0.028035,1,0.005607,1,114.478937251738,1,4.85565364768991,610,1,10.9250001907349,35.265998840332,0.0280349999666214,0.0112034603953362,110.391296386719,-87.0315,25.7409,11.9218504861532,63,63,63,63,61,63,0,8046,1.33458767306251,26,-87,0.001869,51,2025-12-08 20:37:56.002199,610,1.037,0.0011,"aoml_navis",1029.72748115566
"7901009",95,0,1,0.024297,1,0.001869,1,114.135473729406,1,4.85560904198066,612,1,10.9099998474121,35.2630004882812,0.0242970008403063,0.00840259529650211,110.060096740723,-87.0315,25.7409,11.9218504861532,63,63,63,63,61,63,0,8046,1.33458767306251,26,-87,0.001869,51,2025-12-08 20:37:56.002199,612,1.037,0.0011,"aoml_navis",1029.73694067437
"7901009",95,0,1,0.026166,1,0.003738,1,113.803213458499,1,4.85554456171591,614,1,10.8690004348755,35.2589988708496,0.0261659994721413,0.00980302784591913,109.739700317383,-87.0315,25.7409,11.9218504861532,63,63,63,63,61,63,0,8046,1.33458767306251,26,-87,0.001869,51,2025-12-08 20:37:56.002199,614,1.037,0.0011,"aoml_navis",1029.75061529103
"7901009",95,0,1,0.024297,1,0.001869,1,113.768994487867,1,4.85547565888811,616,1,10.8190002441406,35.2540016174316,0.0242970008403063,0.00840259529650211,109.706703186035,-87.0315,25.7409,11.9218504861532,63,63,63,63,61,63,0,8046,1.33458767306251,26,-87,0.001869,51,2025-12-08 20:37:56.002199,616,1.037,0.0011,"aoml_navis",1029.76522822174
"7901009",95,0,1,0.024297,1,0.001869,1,113.910237739593,1,4.85542224239391,618,1,10.7819995880127,35.2480010986328,0.0242970008403063,0.00840259529650211,109.842903137207,-87.0315,25.7409,11.9218504861532,63,63,63,63,61,63,0,8046,1.33458767306251,26,-87,0.001869,51,2025-12-08 20:37:56.002199,618,1.037,0.0011,"aoml_navis",1029.77655709193
"7901009",95,0,1,0.024297,1,0.001869,1,114.004808688948,1,4.8553670276586,620,1,10.7469997406006,35.2430000305176,0.0242970008403063,0.00840259529650211,109.934097290039,-87.0315,25.7409,11.9218504861532,63,63,63,63,61,63,0,8046,1.33458767306251,26,-87,0.001869,51,2025-12-08 20:37:56.002199,620,1.037,0.0011,"aoml_navis",1029.78826760521
"7901009",95,0,1,0.028035,1,0.005607,1,114.119404659035,1,4.85531461820517,622,1,10.7110004425049,35.2369995117188,0.0280349999666214,0.0112034603953362,110.04460144043,-87.0315,25.7409,11.9218504861532,63,63,63,63,61,63,0,8046,1.33458767306251,26,-87,0.001869,51,2025-12-08 20:37:56.002199,622,1.037,0.0011,"aoml_navis",1029.79938339162
"7901009",95,0,1,0.024297,1,0.001869,1,114.306798027684,1,4.85525171078278,624,1,10.6510000228882,35.2280006408691,0.0242970008403063,0.00840259529650211,110.225303649902,-87.0315,25.7409,11.9218504861532,63,63,63,63,61,63,0,8046,1.33458767306251,26,-87,0.001869,51,2025-12-08 20:37:56.002199,624,1.037,0.0011,"aoml_navis",1029.81272606233
"7901009",95,0,1,0.031773,1,0.009345,1,114.263551578327,1,4.85519505077451,626,1,10.6059999465942,35.2210006713867,0.0317730009555817,0.0140043264254928,110.183601379395,-87.0315,25.7409,11.9218504861532,63,63,63,63,61,63,0,8046,1.33458767306251,26,-87,0.001869,51,2025-12-08 20:37:56.002199,626,1.037,0.0011,"aoml_navis",1029.82474395182
"7901009",95,0,1,0.024297,1,0.001869,1,114.160886754531,1,4.85513392815046,628,1,10.5600004196167,35.2150001525879,0.0242970008403063,0.00840259529650211,110.084602355957,-87.0315,25.7409,11.9218504861532,63,63,63,63,61,63,0,8046,1.33458767306251,26,-87,0.001869,51,2025-12-08 20:37:56.002199,628,1.037,0.0011,"aoml_navis",1029.83770870039
"7901009",95,0,1,0.022428,1,0,1,114.085699961951,1,4.85507565771318,630,1,10.5129995346069,35.2080001831055,0.0224280003458261,0.00700216321274638,110.012100219727,-87.0315,25.7409,11.9218504861532,63,63,63,63,61,63,0,8046,1.33458767306251,26,-87,0.001869,51,2025-12-08 20:37:56.002199,630,1.037,0.0011,"aoml_navis",1029.85006877423
"7901009",95,0,1,0.026166,1,0.003738,1,114.120543972739,1,4.85500615889447,632,1,10.4449996948242,35.1990013122559,0.0261659994721413,0.00980302784591913,110.045700073242,-87.0315,25.7409,11.9218504861532,63,63,63,63,61,63,0,8046,1.33458767306251,26,-87,0.001869,51,2025-12-08 20:37:56.002199,632,1.037,0.0011,"aoml_navis",1029.86481095187
"7901009",95,0,1,0.026166,1,0.003738,1,114.204338913308,1,4.85493661963861,634,1,10.3850002288818,35.1920013427734,0.0261659994721413,0.00980302784591913,110.126502990723,-87.0315,25.7409,11.9218504861532,63,63,63,63,61,63,0,8046,1.33458767306251,26,-87,0.001869,51,2025-12-08 20:37:56.002199,634,1.037,0.0011,"aoml_navis",1029.87956212952
"7901009",95,0,1,0.028035,1,0.005607,1,114.155490838238,1,4.85486174838713,636,1,10.2980003356934,35.1800003051758,0.0280349999666214,0.0112034603953362,110.079399108887,-87.0315,25.7409,11.9218504861532,63,63,63,63,61,63,0,8046,1.33458767306251,26,-87,0.001869,51,2025-12-08 20:37:56.002199,636,1.037,0.0011,"aoml_navis",1029.89544484168
"7901009",95,0,1,0.028035,1,0.005607,1,113.939788688798,1,4.85479803478769,638,1,10.2150001525879,35.1660003662109,0.0280349999666214,0.0112034603953362,109.871398925781,-87.0315,25.7409,11.9218504861532,63,63,63,63,61,63,0,8046,1.33458767306251,26,-87,0.001869,51,2025-12-08 20:37:56.002199,638,1.037,0.0011,"aoml_navis",1029.90896102615
"7901009",95,0,1,0.026166,1,0.003738,1,113.717970640098,1,4.8547083120799,640,1,10.085000038147,35.1479988098145,0.0261659994721413,0.00980302784591913,109.657501220703,-87.0315,25.7409,11.9218504861532,63,63,63,63,61,63,0,8046,1.33458767306251,26,-87,0.001869,51,2025-12-08 20:37:56.002199,640,1.037,0.0011,"aoml_navis",1029.92799537689
"7901009",95,0,1,0.029904,1,0.007476,1,113.684060233595,1,4.85462886286143,642,1,9.96599960327148,35.1300010681152,0.0299040004611015,0.0126038929447532,109.624801635742,-87.0315,25.7409,11.9218504861532,63,63,63,63,61,63,0,8046,1.33458767306251,26,-87,0.001869,51,2025-12-08 20:37:56.002199,642,1.037,0.0011,"aoml_navis",1029.94485083107
"7901009",95,0,1,0.029904,1,0.007476,1,113.52632858076,1,4.85457632131751,644,1,9.92000007629395,35.1220016479492,0.0299040004611015,0.0126038929447532,109.472702026367,-87.0315,25.7409,11.9218504861532,63,63,63,63,61,63,0,8046,1.33458767306251,26,-87,0.001869,51,2025-12-08 20:37:56.002199,644,1.037,0.0011,"aoml_navis",1029.95599802271
"7901009",95,0,1,0.024297,1,0.001869,1,113.339243776239,1,4.85452302219464,646,1,9.8730001449585,35.1139984130859,0.0242970008403063,0.00840259529650211,109.292297363281,-87.0315,25.7409,11.9218504861532,63,63,63,63,61,63,0,8046,1.33458767306251,26,-87,0.001869,51,2025-12-08 20:37:56.002199,646,1.037,0.0011,"aoml_navis",1029.96730618853
"7901009",95,0,1,0.028035,1,0.005607,1,113.196758356099,1,4.85445583906353,648,1,9.81400012969971,35.1069984436035,0.0280349999666214,0.0112034603953362,109.154899597168,-87.0315,25.7409,11.9218504861532,63,63,63,63,61,63,0,8046,1.33458767306251,26,-87,0.001869,51,2025-12-08 20:37:56.002199,648,1.037,0.0011,"aoml_navis",1029.98156039762
"7901009",95,0,1,0.028035,1,0.005607,1,113.070033442202,1,4.85440383105131,650,1,9.76399993896484,35.0979995727539,0.0280349999666214,0.0112034603953362,109.032699584961,-87.0315,25.7409,11.9218504861532,63,63,63,63,61,63,0,8046,1.33458767306251,26,-87,0.001869,51,2025-12-08 20:37:56.002199,650,1.037,0.0011,"aoml_navis",1029.99259518077
"7901009",95,0,1,0.029904,1,0.007476,1,113.149263216053,1,4.85433340777571,652,1,9.6879997253418,35.0880012512207,0.0299040004611015,0.0126038929447532,109.109100341797,-87.0315,25.7409,11.9218504861532,63,63,63,63,61,63,0,8046,1.33458767306251,26,-87,0.001869,51,2025-12-08 20:37:56.002199,652,1.037,0.0011,"aoml_navis",1030.00753759331
"7901009",95,0,1,0.026166,1,0.003738,1,113.26582133752,1,4.85426813702052,654,1,9.63500022888184,35.0820007324219,0.0261659994721413,0.00980302784591913,109.221496582031,-87.0315,25.7409,11.9218504861532,63,63,63,63,61,63,0,8046,1.33458767306251,26,-87,0.001869,51,2025-12-08 20:37:56.002199,654,1.037,0.0011,"aoml_navis",1030.02138713106
"7901009",95,0,1,0.028035,1,0.005607,1,113.311243559576,1,4.85421436693366,656,1,9.61699962615967,35.0810012817383,0.0280349999666214,0.0112034603953362,109.265296936035,-87.0315,25.7409,11.9218504861532,63,63,63,63,61,63,0,8046,1.33458767306251,26,-87,0.001869,51,2025-12-08 20:37:56.002199,656,1.037,0.0011,"aoml_navis",1030.03279666828
"7901009",95,0,1,0.028035,1,0.005607,1,113.336031544545,1,4.85416034306954,658,1,9.60299968719482,35.0810012817383,0.0280349999666214,0.0112034603953362,109.289199829102,-87.0315,25.7409,11.9218504861532,63,63,63,63,61,63,0,8046,1.33458767306251,26,-87,0.001869,51,2025-12-08 20:37:56.002199,658,1.037,0.0011,"aoml_navis",1030.04426030934
"7901009",95,0,1,0.028035,1,0.005607,1,113.395038500145,1,4.85410489766269,660,1,9.58300018310547,35.0800018310547,0.0280349999666214,0.0112034603953362,109.346099853516,-87.0315,25.7409,11.9218504861532,63,63,63,63,61,63,0,8046,1.33458767306251,26,-87,0.001869,51,2025-12-08 20:37:56.002199,660,1.037,0.0011,"aoml_navis",1030.05602586124
"7901009",95,0,1,0.033642,1,0.011214,1,113.457882727596,1,4.85405822894576,662,1,9.56900024414062,35.0779991149902,0.0336420014500618,0.0154047571122646,109.406700134277,-87.0315,25.7409,11.9218504861532,63,63,63,63,61,63,0,8046,1.33458767306251,26,-87,0.001869,51,2025-12-08 20:37:56.002199,662,1.037,0.0011,"aoml_navis",1030.06592920208
"7901009",95,0,1,0.026166,1,0.003738,1,113.457779872887,1,4.85400759050667,664,1,9.54599952697754,35.0750007629395,0.0261659994721413,0.00980302784591913,109.406600952148,-87.0315,25.7409,11.9218504861532,63,63,63,63,61,63,0,8046,1.33458767306251,26,-87,0.001869,51,2025-12-08 20:37:56.002199,664,1.037,0.0011,"aoml_navis",1030.07667515371
"7901009",95,0,1,0.026166,1,0.003738,1,113.525292121765,1,4.85395584892225,666,1,9.52600002288818,35.0730018615723,0.0261659994721413,0.00980302784591913,109.471702575684,-87.0315,25.7409,11.9218504861532,63,63,63,63,61,63,0,8046,1.33458767306251,26,-87,0.001869,51,2025-12-08 20:37:56.002199,666,1.037,0.0011,"aoml_navis",1030.08765543473
"7901009",95,0,1,0.028035,1,0.005607,1,113.651083431377,1,4.85390244800898,668,1,9.49100017547607,35.068000793457,0.0280349999666214,0.0112034603953362,109.593002319336,-87.0315,25.7409,11.9218504861532,63,63,63,63,61,63,0,8046,1.33458767306251,26,-87,0.001869,51,2025-12-08 20:37:56.002199,668,1.037,0.0011,"aoml_navis",1030.09898809379
"7901009",95,0,1,0.029904,1,0.007476,1,113.788070080513,1,4.85384096050209,670,1,9.44200038909912,35.0620002746582,0.0299040004611015,0.0126038929447532,109.72509765625,-87.0315,25.7409,11.9218504861532,63,63,63,63,61,63,0,8046,1.33458767306251,26,-87,0.001869,51,2025-12-08 20:37:56.002199,670,1.037,0.0011,"aoml_navis",1030.11203718607
"7901009",95,0,1,0.029904,1,0.007476,1,113.877047316056,1,4.85378347616756,672,1,9.40200042724609,35.056999206543,0.0299040004611015,0.0126038929447532,109.810897827148,-87.0315,25.7409,11.9218504861532,63,63,63,63,61,63,0,8046,1.33458767306251,26,-87,0.001869,51,2025-12-08 20:37:56.002199,672,1.037,0.0011,"aoml_navis",1030.12423701024
"7901009",95,0,1,0.026166,1,0.003738,1,113.918632266262,1,4.85373604351438,674,1,9.38700008392334,35.0550003051758,0.0261659994721413,0.00980302784591913,109.850997924805,-87.0315,25.7409,11.9218504861532,63,63,63,63,61,63,0,8046,1.33458767306251,26,-87,0.001869,51,2025-12-08 20:37:56.002199,674,1.037,0.0011,"aoml_navis",1030.13430379698
"7901009",95,0,1,0.026166,1,0.003738,1,113.907223305417,1,4.85369167465587,676,1,9.38000011444092,35.0540008544922,0.0261659994721413,0.00980302784591913,109.839996337891,-87.0315,25.7409,11.9218504861532,63,63,63,63,61,63,0,8046,1.33458767306251,26,-87,0.001869,51,2025-12-08 20:37:56.002199,676,1.037,0.0011,"aoml_navis",1030.14372052269
"7901009",95,0,1,0.028035,1,0.005607,1,113.871762166372,1,4.85364730810538,678,1,9.3730001449585,35.0530014038086,0.0280349999666214,0.0112034603953362,109.805801391602,-87.0315,25.7409,11.9218504861532,63,63,63,63,61,63,0,8046,1.33458767306251,26,-87,0.001869,51,2025-12-08 20:37:56.002199,678,1.037,0.0011,"aoml_navis",1030.1531369307
"7901009",95,0,1,0.026166,1,0.003738,1,113.875702292933,1,4.853605477285,680,1,9.36900043487549,35.0519981384277,0.0261659994721413,0.00980302784591913,109.809600830078,-87.0315,25.7409,11.9218504861532,63,63,63,63,61,63,0,8046,1.33458767306251,26,-87,0.001869,51,2025-12-08 20:37:56.002199,680,1.037,0.0011,"aoml_navis",1030.16201531009
"7901009",95,0,1,0.028035,1,0.005607,1,113.836601679554,1,4.85355470533383,682,1,9.35000038146973,35.0499992370605,0.0280349999666214,0.0112034603953362,109.771896362305,-87.0315,25.7409,11.9218504861532,63,63,63,63,61,63,0,8046,1.33458767306251,26,-87,0.001869,51,2025-12-08 20:37:56.002199,682,1.037,0.0011,"aoml_navis",1030.17279160473
"7901009",95,0,1,0.029904,1,0.007476,1,113.706047405707,1,4.85349724101182,684,1,9.32299995422363,35.0480003356934,0.0299040004611015,0.0126038929447532,109.646003723145,-87.0315,25.7409,11.9218504861532,63,63,63,63,61,63,0,8046,1.33458767306251,26,-87,0.001869,51,2025-12-08 20:37:56.002199,684,1.037,0.0011,"aoml_navis",1030.18498862021
"7901009",95,0,1,0.026166,1,0.003738,1,113.272981607675,1,4.85344807635584,686,1,9.31900024414062,35.048999786377,0.0261659994721413,0.00980302784591913,109.228401184082,-87.0315,25.7409,11.9218504861532,63,63,63,63,61,63,0,8046,1.33458767306251,26,-87,0.001869,51,2025-12-08 20:37:56.002199,686,1.037,0.0011,"aoml_navis",1030.19542423007
"7901009",95,0,1,0.028035,1,0.005607,1,112.731443650716,1,4.85338791047396,688,1,9.3149995803833,35.0530014038086,0.0280349999666214,0.0112034603953362,108.706199645996,-87.0315,25.7409,11.9218504861532,63,63,63,63,61,63,0,8046,1.33458767306251,26,-87,0.001869,51,2025-12-08 20:37:56.002199,688,1.037,0.0011,"aoml_navis",1030.2081952299
"7901009",95,0,1,0.031773,1,0.009345,1,112.621001428509,1,4.85332001195679,690,1,9.29300022125244,35.0550003051758,0.0317730009555817,0.0140043264254928,108.599700927734,-87.0315,25.7409,11.9218504861532,63,63,63,63,61,63,0,8046,1.33458767306251,26,-87,0.001869,51,2025-12-08 20:37:56.002199,690,1.037,0.0011,"aoml_navis",1030.22260796359
"7901009",95,0,1,0.029904,1,0.007476,1,112.612084716393,1,4.85327566841976,692,1,9.28600025177002,35.0540008544922,0.0299040004611015,0.0126038929447532,108.591102600098,-87.0315,25.7409,11.9218504861532,63,63,63,63,61,63,0,8046,1.33458767306251,26,-87,0.001869,51,2025-12-08 20:37:56.002199,692,1.037,0.0011,"aoml_navis",1030.23202092866
"7901009",95,0,1,0.029904,1,0.007476,1,112.618303470362,1,4.85322714370972,694,1,9.27400016784668,35.0530014038086,0.0299040004611015,0.0126038929447532,108.597099304199,-87.0315,25.7409,11.9218504861532,63,63,63,63,61,63,0,8046,1.33458767306251,26,-87,0.001869,51,2025-12-08 20:37:56.002199,694,1.037,0.0011,"aoml_navis",1030.24232164376
"7901009",95,0,1,0.029904,1,0.007476,1,112.672230985697,1,4.85318281959387,696,1,9.26700019836426,35.0519981384277,0.0299040004611015,0.0126038929447532,108.649101257324,-87.0315,25.7409,11.9218504861532,63,63,63,63,61,63,0,8046,1.33458767306251,26,-87,0.001869,51,2025-12-08 20:37:56.002199,696,1.037,0.0011,"aoml_navis",1030.25173084628
"7901009",95,0,1,0.028035,1,0.005607,1,112.809431256153,1,4.85313577801566,698,1,9.2480001449585,35.048999786377,0.0280349999666214,0.0112034603953362,108.781402587891,-87.0315,25.7409,11.9218504861532,63,63,63,63,61,63,0,8046,1.33458767306251,26,-87,0.001869,51,2025-12-08 20:37:56.002199,698,1.037,0.0011,"aoml_navis",1030.26171710456
"7901009",95,0,1,0.029904,1,0.007476,1,113.006880650623,1,4.85308741758502,700,1,9.22299957275391,35.0449981689453,0.0299040004611015,0.0126038929447532,108.971801757812,-87.0315,25.7409,11.9218504861532,63,63,63,63,61,63,0,8046,1.33458767306251,26,-87,0.001869,51,2025-12-08 20:37:56.002199,700,1.037,0.0011,"aoml_navis",1030.27198353828
"7901009",95,0,1,0.033642,1,0.011214,1,113.316845185289,1,4.85301842996435,702,1,9.15999984741211,35.0379981994629,0.0336420014500618,0.0154047571122646,109.270698547363,-87.0315,25.7409,11.9218504861532,63,63,63,63,61,63,0,8046,1.33458767306251,26,-87,0.001869,51,2025-12-08 20:37:56.002199,702,1.037,0.0011,"aoml_navis",1030.28662927141
"7901009",95,0,1,0.024297,1,0.001869,1,113.460477831034,1,4.85297811570419,704,1,9.14900016784668,35.0349998474121,0.0242970008403063,0.00840259529650211,109.409202575684,-87.0315,25.7409,11.9218504861532,63,63,63,63,61,63,0,8046,1.33458767306251,26,-87,0.001869,51,2025-12-08 20:37:56.002199,704,1.037,0.0011,"aoml_navis",1030.29518798365
"7901009",95,0,1,0.026166,1,0.003738,1,113.716831326394,1,4.8529223814384,706,1,9.11499977111816,35.0309982299805,0.0261659994721413,0.00980302784591913,109.656402587891,-87.0315,25.7409,11.9218504861532,63,63,63,63,61,63,0,8046,1.33458767306251,26,-87,0.001869,51,2025-12-08 20:37:56.002199,706,1.037,0.0011,"aoml_navis",1030.30702059529
"7901009",95,0,1,0.024297,1,0.001869,1,114.051583846029,1,4.85286489722921,708,1,9.06999969482422,35.0250015258789,0.0242970008403063,0.00840259529650211,109.979202270508,-87.0315,25.7409,11.9218504861532,63,63,63,63,61,63,0,8046,1.33458767306251,26,-87,0.001869,51,2025-12-08 20:37:56.002199,708,1.037,0.0011,"aoml_navis",1030.31922501177
"7901009",95,0,1,0.029904,1,0.007476,1,114.292382544565,1,4.85280201017277,710,1,9.00500011444092,35.015998840332,0.0299040004611015,0.0126038929447532,110.211402893066,-87.0315,25.7409,11.9218504861532,63,63,63,63,61,63,0,8046,1.33458767306251,26,-87,0.001869,51,2025-12-08 20:37:56.002199,710,1.037,0.0011,"aoml_navis",1030.33257683265
"7901009",95,0,1,0.029904,1,0.007476,1,114.290618190704,1,4.85276340348227,712,1,8.99600028991699,35.0130004882812,0.0299040004611015,0.0126038929447532,110.209701538086,-87.0315,25.7409,11.9218504861532,63,63,63,63,61,63,0,8046,1.33458767306251,26,-87,0.001869,51,2025-12-08 20:37:56.002199,712,1.037,0.0011,"aoml_navis",1030.34077375626
"7901009",95,0,1,0.029904,1,0.007476,1,114.399501768468,1,4.85270167053461,714,1,8.94999980926514,35.007999420166,0.0299040004611015,0.0126038929447532,110.314697265625,-87.0315,25.7409,11.9218504861532,63,63,63,63,61,63,0,8046,1.33458767306251,26,-87,0.001869,51,2025-12-08 20:37:56.002199,714,1.037,0.0011,"aoml_navis",1030.3538810885
"7901009",95,0,1,0.028035,1,0.005607,1,114.421077521743,1,4.85264248908333,716,1,8.9069995880127,35.0029983520508,0.0280349999666214,0.0112034603953362,110.335502624512,-87.0315,25.7409,11.9218504861532,63,63,63,63,61,63,0,8046,1.33458767306251,26,-87,0.001869,51,2025-12-08 20:37:56.002199,716,1.037,0.0011,"aoml_navis",1030.36644699216
"7901009",95,0,1,0.031773,1,0.009345,1,114.517729300988,1,4.85258216302204,718,1,8.86699962615967,34.9990005493164,0.0317730009555817,0.0140043264254928,110.428703308105,-87.0315,25.7409,11.9218504861532,63,63,63,63,61,63,0,8046,1.33458767306251,26,-87,0.001869,51,2025-12-08 20:37:56.002199,718,1.037,0.0011,"aoml_navis",1030.3792562445
"7901009",95,0,1,0.031773,1,0.009345,1,114.559417105903,1,4.85252806262468,720,1,8.83899974822998,34.9959983825684,0.0317730009555817,0.0140043264254928,110.468902587891,-87.0315,25.7409,11.9218504861532,63,63,63,63,61,63,0,8046,1.33458767306251,26,-87,0.001869,51,2025-12-08 20:37:56.002199,720,1.037,0.0011,"aoml_navis",1030.39074384983
"7901009",95,0,1,0.031773,1,0.009345,1,114.525087368661,1,4.85248011727522,722,1,8.82299995422363,34.9939994812012,0.0317730009555817,0.0140043264254928,110.43579864502,-87.0315,25.7409,11.9218504861532,63,63,63,63,61,63,0,8046,1.33458767306251,26,-87,0.001869,51,2025-12-08 20:37:56.002199,722,1.037,0.0011,"aoml_navis",1030.40092471468
"7901009",95,0,1,0.028035,1,0.005607,1,114.507768217976,1,4.85242604984363,724,1,8.79500007629395,34.9910011291504,0.0280349999666214,0.0112034603953362,110.419097900391,-87.0315,25.7409,11.9218504861532,63,63,63,63,61,63,0,8046,1.33458767306251,26,-87,0.001869,51,2025-12-08 20:37:56.002199,724,1.037,0.0011,"aoml_navis",1030.41240580289
"7901009",95,0,1,0.026166,1,0.003738,1,114.399501768468,1,4.85236712715085,726,1,8.77000045776367,34.9900016784668,0.0261659994721413,0.00980302784591913,110.314697265625,-87.0315,25.7409,11.9218504861532,63,63,63,63,61,63,0,8046,1.33458767306251,26,-87,0.001869,51,2025-12-08 20:37:56.002199,726,1.037,0.0011,"aoml_navis",1030.42491818541
"7901009",95,0,1,0.028035,1,0.005607,1,114.412263664336,1,4.85231840774388,728,1,8.76200008392334,34.9900016784668,0.0280349999666214,0.0112034603953362,110.327003479004,-87.0315,25.7409,11.9218504861532,63,63,63,63,61,63,0,8046,1.33458767306251,26,-87,0.001869,51,2025-12-08 20:37:56.002199,728,1.037,0.0011,"aoml_navis",1030.43526410395
"7901009",95,0,1,0.026166,1,0.003738,1,114.538054973948,1,4.85226116347111,730,1,8.72999954223633,34.9869995117188,0.0261659994721413,0.00980302784591913,110.448303222656,-87.0315,25.7409,11.9218504861532,63,63,63,63,61,63,0,8046,1.33458767306251,26,-87,0.001869,51,2025-12-08 20:37:56.002199,730,1.037,0.0011,"aoml_navis",1030.44742060487
"7901009",95,0,1,0.031773,1,0.009345,1,114.488067585173,1,4.85220479657195,732,1,8.6899995803833,34.9819984436035,0.0317730009555817,0.0140043264254928,110.400100708008,-87.0315,25.7409,11.9218504861532,63,63,63,63,61,63,0,8046,1.33458767306251,26,-87,0.001869,51,2025-12-08 20:37:56.002199,732,1.037,0.0011,"aoml_navis",1030.45939106537
"7901009",95,0,1,0.031773,1,0.009345,1,114.472821352478,1,4.852134244518,734,1,8.64599990844727,34.9799995422363,0.0317730009555817,0.0140043264254928,110.385398864746,-87.0315,25.7409,11.9218504861532,63,63,63,63,61,63,0,8046,1.33458767306251,26,-87,0.001869,51,2025-12-08 20:37:56.002199,734,1.037,0.0011,"aoml_navis",1030.47437437434
"7901009",95,0,1,0.029904,1,0.007476,1,114.570715300137,1,4.85206663053653,736,1,8.60099983215332,34.9770011901855,0.0299040004611015,0.0126038929447532,110.479797363281,-87.0315,25.7409,11.9218504861532,63,63,63,63,61,63,0,8046,1.33458767306251,26,-87,0.001869,51,2025-12-08 20:37:56.002199,736,1.037,0.0011,"aoml_navis",1030.4887341267
"7901009",95,0,1,0.028035,1,0.005607,1,114.570612445427,1,4.85200636942116,738,1,8.5649995803833,34.9739990234375,0.0280349999666214,0.0112034603953362,110.479698181152,-87.0315,25.7409,11.9218504861532,63,63,63,63,61,63,0,8046,1.33458767306251,26,-87,0.001869,51,2025-12-08 20:37:56.002199,738,1.037,0.0011,"aoml_navis",1030.50153262608
"7901009",95,0,1,0.024297,1,0.001869,1,114.594878244948,1,4.85195814157666,740,1,8.55300045013428,34.9729995727539,0.0242970008403063,0.00840259529650211,110.50309753418,-87.0315,25.7409,11.9218504861532,63,63,63,63,61,63,0,8046,1.33458767306251,26,-87,0.001869,51,2025-12-08 20:37:56.002199,740,1.037,0.0011,"aoml_navis",1030.51177567975
"7901009",95,0,1,0.029904,1,0.007476,1,114.680231829959,1,4.85190356518948,742,1,8.52400016784668,34.9700012207031,0.0299040004611015,0.0126038929447532,110.585403442383,-87.0315,25.7409,11.9218504861532,63,63,63,63,61,63,0,8046,1.33458767306251,26,-87,0.001869,51,2025-12-08 20:37:56.002199,742,1.037,0.0011,"aoml_navis",1030.52336733835
"7901009",95,0,1,0.026166,1,0.003738,1,114.865647223428,1,4.85183756012153,744,1,8.46700000762939,34.9640007019043,0.0261659994721413,0.00980302784591913,110.764198303223,-87.0315,25.7409,11.9218504861532,63,63,63,63,61,63,0,8046,1.33458767306251,26,-87,0.001869,51,2025-12-08 20:37:56.002199,744,1.037,0.0011,"aoml_navis",1030.5373867205
"7901009",95,0,1,0.029904,1,0.007476,1,114.972362940394,1,4.85178082682893,746,1,8.42599964141846,34.9589996337891,0.0299040004611015,0.0126038929447532,110.86710357666,-87.0315,25.7409,11.9218504861532,63,63,63,63,61,63,0,8046,1.33458767306251,26,-87,0.001869,51,2025-12-08 20:37:56.002199,746,1.037,0.0011,"aoml_navis",1030.54943709565
"7901009",95,0,1,0.028035,1,0.005607,1,115.022761748006,1,4.85172975503014,748,1,8.39200019836426,34.9539985656738,0.0280349999666214,0.0112034603953362,110.915702819824,-87.0315,25.7409,11.9218504861532,63,63,63,63,61,63,0,8046,1.33458767306251,26,-87,0.001869,51,2025-12-08 20:37:56.002199,748,1.037,0.0011,"aoml_navis",1030.56028518821
"7901009",95,0,1,0.028035,1,0.005607,1,114.825312353536,1,4.85166229745393,750,1,8.34200000762939,34.9500007629395,0.0280349999666214,0.0112034603953362,110.725303649902,-87.0315,25.7409,11.9218504861532,63,63,63,63,61,63,0,8046,1.33458767306251,26,-87,0.001869,51,2025-12-08 20:37:56.002199,750,1.037,0.0011,"aoml_navis",1030.57461411193
"7901009",95,0,1,0.028035,1,0.005607,1,114.257016348329,1,4.85159288058601,752,1,8.29399967193604,34.9469985961914,0.0280349999666214,0.0112034603953362,110.177299499512,-87.0315,25.7409,11.9218504861532,63,63,63,63,61,63,0,8046,1.33458767306251,26,-87,0.001869,51,2025-12-08 20:37:56.002199,752,1.037,0.0011,"aoml_navis",1030.58935963235
"7901009",95,0,1,0.031773,1,0.009345,1,114.074710331845,1,4.85153075611731,754,1,8.32900047302246,34.9599990844727,0.0317730009555817,0.0140043264254928,110.001502990723,-87.0315,25.7409,11.9218504861532,63,63,63,63,61,63,0,8046,1.33458767306251,26,-87,0.001869,51,2025-12-08 20:37:56.002199,754,1.037,0.0011,"aoml_navis",1030.60255646024
"7901009",95,0,1,0.028035,1,0.005607,1,114.434559400577,1,4.85147851410374,756,1,8.29800033569336,34.9560012817383,0.0280349999666214,0.0112034603953362,110.348503112793,-87.0315,25.7409,11.9218504861532,63,63,63,63,61,63,0,8046,1.33458767306251,26,-87,0.001869,51,2025-12-08 20:37:56.002199,756,1.037,0.0011,"aoml_navis",1030.61365426323
"7901009",95,0,1,0.028035,1,0.005607,1,115.209735785917,1,4.85141125304186,758,1,8.2480001449585,34.9519996643066,0.0280349999666214,0.0112034603953362,111.096000671387,-87.0315,25.7409,11.9218504861532,63,63,63,63,61,63,0,8046,1.33458767306251,26,-87,0.001869,51,2025-12-08 20:37:56.002199,758,1.037,0.0011,"aoml_navis",1030.62794292382
"7901009",95,0,1,0.029904,1,0.007476,1,115.6750504913,1,4.8513232390523,760,1,8.09700012207031,34.931999206543,0.0299040004611015,0.0126038929447532,111.544700622559,-87.0315,25.7409,11.9218504861532,63,63,63,63,61,63,0,8046,1.33458767306251,26,-87,0.001869,51,2025-12-08 20:37:56.002199,760,1.037,0.0011,"aoml_navis",1030.6466408486
"7901009",95,0,1,0.029904,1,0.007476,1,114.932748053468,1,4.85128175591572,762,1,8.08399963378906,34.9290008544922,0.0299040004611015,0.0126038929447532,110.828903198242,-87.0315,25.7409,11.9218504861532,63,63,63,63,61,63,0,8046,1.33458767306251,26,-87,0.001869,51,2025-12-08 20:37:56.002199,762,1.037,0.0011,"aoml_navis",1030.65545387112
"7901009",95,0,1,0.029904,1,0.007476,1,113.88234037764,1,4.85122897508979,764,1,8.12199974060059,34.939998626709,0.0299040004611015,0.0126038929447532,109.81600189209,-87.0315,25.7409,11.9218504861532,63,63,63,63,61,63,0,8046,1.33458767306251,26,-87,0.001869,51,2025-12-08 20:37:56.002199,764,1.037,0.0011,"aoml_navis",1030.6666672866
"7901009",95,0,1,0.031773,1,0.009345,1,113.732180413798,1,4.85115764136929,766,1,8.15499973297119,34.9550018310547,0.0317730009555817,0.0140043264254928,109.671203613281,-87.0315,25.7409,11.9218504861532,63,63,63,63,61,63,0,8046,1.33458767306251,26,-87,0.001869,51,2025-12-08 20:37:56.002199,766,1.037,0.0011,"aoml_navis",1030.68182269762
"7901009",95,0,1,0.031773,1,0.009345,1,113.904216783142,1,4.85110932167378,768,1,8.13799953460693,34.9529991149902,0.0317730009555817,0.0140043264254928,109.837097167969,-87.0315,25.7409,11.9218504861532,63,63,63,63,61,63,0,8046,1.33458767306251,26,-87,0.001869,51,2025-12-08 20:37:56.002199,768,1.037,0.0011,"aoml_navis",1030.6920888509
"7901009",95,0,1,0.028035,1,0.005607,1,114.149058462949,1,4.85106178651002,770,1,8.12199974060059,34.951000213623,0.0280349999666214,0.0112034603953362,110.073196411133,-87.0315,25.7409,11.9218504861532,63,63,63,63,61,63,0,8046,1.33458767306251,26,-87,0.001869,51,2025-12-08 20:37:56.002199,770,1.037,0.0011,"aoml_navis",1030.70218851967
"7901009",95,0,1,0.028035,1,0.005607,1,114.506731758981,1,4.85101005921958,772,1,8.0959997177124,34.9480018615723,0.0280349999666214,0.0112034603953362,110.418098449707,-87.0315,25.7409,11.9218504861532,63,63,63,63,61,63,0,8046,1.33458767306251,26,-87,0.001869,51,2025-12-08 20:37:56.002199,772,1.037,0.0011,"aoml_navis",1030.71317910324
"7901009",95,0,1,0.029904,1,0.007476,1,114.817740664543,1,4.85094476896718,774,1,8.04800033569336,34.9440002441406,0.0299040004611015,0.0126038929447532,110.718002319336,-87.0315,25.7409,11.9218504861532,63,63,63,63,61,63,0,8046,1.33458767306251,26,-87,0.001869,51,2025-12-08 20:37:56.002199,774,1.037,0.0011,"aoml_navis",1030.72705176657
"7901009",95,0,1,0.028035,1,0.005607,1,114.901219129083,1,4.85090042284108,776,1,8.03600025177002,34.9420013427734,0.0280349999666214,0.0112034603953362,110.798500061035,-87.0315,25.7409,11.9218504861532,63,63,63,63,61,63,0,8046,1.33458767306251,26,-87,0.001869,51,2025-12-08 20:37:56.002199,776,1.037,0.0011,"aoml_navis",1030.73647450211
"7901009",95,0,1,0.033642,1,0.011214,1,115.032295588378,1,4.85085374448636,778,1,8.02099990844727,34.939998626709,0.0336420014500618,0.0154047571122646,110.924896240234,-87.0315,25.7409,11.9218504861532,63,63,63,63,61,63,0,8046,1.33458767306251,26,-87,0.001869,51,2025-12-08 20:37:56.002199,778,1.037,0.0011,"aoml_navis",1030.74639297941
"7901009",95,0,1,0.033642,1,0.011214,1,115.265839073951,1,4.85078257029769,780,1,7.96999979019165,34.9370002746582,0.0336420014500618,0.0154047571122646,111.150100708008,-87.0315,25.7409,11.9218504861532,63,63,63,63,61,63,0,8046,1.33458767306251,26,-87,0.001869,51,2025-12-08 20:37:56.002199,780,1.037,0.0011,"aoml_navis",1030.76151683565
"7901009",95,0,1,0.031773,1,0.009345,1,115.488899291064,1,4.85073201095418,782,1,7.94999980926514,34.935001373291,0.0317730009555817,0.0140043264254928,111.365196228027,-87.0315,25.7409,11.9218504861532,63,63,63,63,61,63,0,8046,1.33458767306251,26,-87,0.001869,51,2025-12-08 20:37:56.002199,782,1.037,0.0011,"aoml_navis",1030.77226049774
"7901009",95,0,1,0.028035,1,0.005607,1,115.866692550638,1,4.85066956491598,784,1,7.90999984741211,34.931999206543,0.0280349999666214,0.0112034603953362,111.729499816895,-87.0315,25.7409,11.9218504861532,63,63,63,63,61,63,0,8046,1.33458767306251,26,-87,0.001869,51,2025-12-08 20:37:56.002199,784,1.037,0.0011,"aoml_navis",1030.78553034494
"7901009",95,0,1,0.028035,1,0.005607,1,116.15125197208,1,4.85060287603699,786,1,7.85500001907349,34.9269981384277,0.0280349999666214,0.0112034603953362,112.003898620605,-87.0315,25.7409,11.9218504861532,63,63,63,63,61,63,0,8046,1.33458767306251,26,-87,0.001869,51,2025-12-08 20:37:56.002199,786,1.037,0.0011,"aoml_navis",1030.79970217745
"7901009",95,0,1,0.028035,1,0.005607,1,116.240023498204,1,4.8505489425395,788,1,7.84000015258789,34.9269981384277,0.0280349999666214,0.0112034603953362,112.089500427246,-87.0315,25.7409,11.9218504861532,63,63,63,63,61,63,0,8046,1.33458767306251,26,-87,0.001869,51,2025-12-08 20:37:56.002199,788,1.037,0.0011,"aoml_navis",1030.81116369115
"7901009",95,0,1,0.028035,1,0.005607,1,116.308880770205,1,4.85050313277318,790,1,7.82600021362305,34.9249992370605,0.0280349999666214,0.0112034603953362,112.155899047852,-87.0315,25.7409,11.9218504861532,63,63,63,63,61,63,0,8046,1.33458767306251,26,-87,0.001869,51,2025-12-08 20:37:56.002199,790,1.037,0.0011,"aoml_navis",1030.82089901493
"7901009",95,0,1,0.029904,1,0.007476,1,116.301309081212,1,4.8504476650559,792,1,7.80900001525879,34.9249992370605,0.0299040004611015,0.0126038929447532,112.148597717285,-87.0315,25.7409,11.9218504861532,63,63,63,63,61,63,0,8046,1.33458767306251,26,-87,0.001869,51,2025-12-08 20:37:56.002199,792,1.037,0.0011,"aoml_navis",1030.83268705722
"7901009",95,0,1,0.029904,1,0.007476,1,116.434877789236,1,4.85039974842177,794,1,7.79699993133545,34.923999786377,0.0299040004611015,0.0126038929447532,112.277397155762,-87.0315,25.7409,11.9218504861532,63,63,63,63,61,63,0,8046,1.33458767306251,26,-87,0.001869,51,2025-12-08 20:37:56.002199,794,1.037,0.0011,"aoml_navis",1030.84287055452
"7901009",95,0,1,0.028035,1,0.005607,1,116.634091537567,1,4.850348545324,796,1,7.77600002288818,34.9220008850098,0.0280349999666214,0.0112034603953362,112.469497680664,-87.0315,25.7409,11.9218504861532,63,63,63,63,61,63,0,8046,1.33458767306251,26,-87,0.001869,51,2025-12-08 20:37:56.002199,796,1.037,0.0011,"aoml_navis",1030.85375273088
"7901009",95,0,1,0.029904,1,0.007476,1,116.596549568631,1,4.85029351068188,798,1,7.75,34.9199981689453,0.0299040004611015,0.0126038929447532,112.433296203613,-87.0315,25.7409,11.9218504861532,63,63,63,63,61,63,0,8046,1.33458767306251,26,-87,0.001869,51,2025-12-08 20:37:56.002199,798,1.037,0.0011,"aoml_navis",1030.8654494802
"7901009",95,0,1,0.029904,1,0.007476,1,116.414037842729,1,4.85024598477061,800,1,7.7480001449585,34.9210014343262,0.0299040004611015,0.0126038929447532,112.257301330566,-87.0315,25.7409,11.9218504861532,63,63,63,63,61,63,0,8046,1.33458767306251,26,-87,0.001869,51,2025-12-08 20:37:56.002199,800,1.037,0.0011,"aoml_navis",1030.87555058024
"7901009",95,0,1,0.033642,1,0.011214,1,116.528008772659,1,4.85019075288762,802,1,7.73600006103516,34.9220008850098,0.0336420014500618,0.0154047571122646,112.367202758789,-87.0315,25.7409,11.9218504861532,63,63,63,63,61,63,0,8046,1.33458767306251,26,-87,0.001869,51,2025-12-08 20:37:56.002199,802,1.037,0.0011,"aoml_navis",1030.88728974694
"7901009",95,0,1,0.029904,1,0.007476,1,116.957545862968,1,4.85014209545322,804,1,7.72300004959106,34.9210014343262,0.0299040004611015,0.0126038929447532,112.781402587891,-87.0315,25.7409,11.9218504861532,63,63,63,63,61,63,0,8046,1.33458767306251,26,-87,0.001869,51,2025-12-08 20:37:56.002199,804,1.037,0.0011,"aoml_navis",1030.89763178016
"7901009",95,0,1,0.033642,1,0.011214,1,117.485182610354,1,4.85007674315641,806,1,7.67399978637695,34.9169998168945,0.0336420014500618,0.0154047571122646,113.290199279785,-87.0315,25.7409,11.9218504861532,63,63,63,63,61,63,0,8046,1.33458767306251,26,-87,0.001869,51,2025-12-08 20:37:56.002199,806,1.037,0.0011,"aoml_navis",1030.91152259707
"7901009",95,0,1,0.028035,1,0.005607,1,117.863078724637,1,4.85002640401198,808,1,7.65399980545044,34.9150009155273,0.0280349999666214,0.0112034603953362,113.654602050781,-87.0315,25.7409,11.9218504861532,63,63,63,63,61,63,0,8046,1.33458767306251,26,-87,0.001869,51,2025-12-08 20:37:56.002199,808,1.037,0.0011,"aoml_navis",1030.92222258088
"7901009",95,0,1,0.026166,1,0.003738,1,118.546065642741,1,4.84997916496709,810,1,7.63800001144409,34.9129981994629,0.0261659994721413,0.00980302784591913,114.313201904297,-87.0315,25.7409,11.9218504861532,63,63,63,63,61,63,0,8046,1.33458767306251,26,-87,0.001869,51,2025-12-08 20:37:56.002199,810,1.037,0.0011,"aoml_navis",1030.93226381601
"7901009",95,0,1,0.026166,1,0.003738,1,119.44547469325,1,4.84991993753231,812,1,7.59200000762939,34.9080009460449,0.0261659994721413,0.00980302784591913,115.18049621582,-87.0315,25.7409,11.9218504861532,63,63,63,63,61,63,0,8046,1.33458767306251,26,-87,0.001869,51,2025-12-08 20:37:56.002199,812,1.037,0.0011,"aoml_navis",1030.94485360599
"7901009",95,0,1,0.029904,1,0.007476,1,120.142054256798,1,4.84986616221404,814,1,7.55299997329712,34.9029998779297,0.0299040004611015,0.0126038929447532,115.852203369141,-87.0315,25.7409,11.9218504861532,63,63,63,63,61,63,0,8046,1.33458767306251,26,-87,0.001869,51,2025-12-08 20:37:56.002199,814,1.037,0.0011,"aoml_navis",1030.956284723
"7901009",95,0,1,0.029904,1,0.007476,1,120.550015593832,1,4.84979479687721,816,1,7.48600006103516,34.8969993591309,0.0299040004611015,0.0126038929447532,116.245597839355,-87.0315,25.7409,11.9218504861532,63,63,63,63,61,63,0,8046,1.33458767306251,26,-87,0.001869,51,2025-12-08 20:37:56.002199,816,1.037,0.0011,"aoml_navis",1030.97145537364
"7901009",95,0,1,0.029904,1,0.007476,1,120.682547842861,1,4.84974460273337,818,1,7.46600008010864,34.8950004577637,0.0299040004611015,0.0126038929447532,116.373397827148,-87.0315,25.7409,11.9218504861532,63,63,63,63,61,63,0,8046,1.33458767306251,26,-87,0.001869,51,2025-12-08 20:37:56.002199,818,1.037,0.0011,"aoml_navis",1030.98212577667
"7901009",95,0,1,0.031773,1,0.009345,1,120.920134309704,1,4.84969682770654,820,1,7.4539999961853,34.8940010070801,0.0317730009555817,0.0140043264254928,116.602500915527,-87.0315,25.7409,11.9218504861532,63,63,63,63,61,63,0,8046,1.33458767306251,26,-87,0.001869,51,2025-12-08 20:37:56.002199,820,1.037,0.0011,"aoml_navis",1030.99228212262
"7901009",95,0,1,0.031773,1,0.009345,1,121.132829936869,1,4.84964753924718,822,1,7.44000005722046,34.8930015563965,0.0317730009555817,0.0140043264254928,116.807601928711,-87.0315,25.7409,11.9218504861532,63,63,63,63,61,63,0,8046,1.33458767306251,26,-87,0.001869,51,2025-12-08 20:37:56.002199,822,1.037,0.0011,"aoml_navis",1031.00276041425
"7901009",95,0,1,0.028035,1,0.005607,1,121.41127345905,1,4.84959599544859,824,1,7.4229998588562,34.8919982910156,0.0280349999666214,0.0112034603953362,117.076103210449,-87.0315,25.7409,11.9218504861532,63,63,63,63,61,63,0,8046,1.33458767306251,26,-87,0.001869,51,2025-12-08 20:37:56.002199,824,1.037,0.0011,"aoml_navis",1031.01371839893
"7901009",95,0,1,0.031773,1,0.009345,1,121.722068743293,1,4.84953914381869,826,1,7.39900016784668,34.890998840332,0.0317730009555817,0.0140043264254928,117.375801086426,-87.0315,25.7409,11.9218504861532,63,63,63,63,61,63,0,8046,1.33458767306251,26,-87,0.001869,51,2025-12-08 20:37:56.002199,826,1.037,0.0011,"aoml_navis",1031.02580507533
"7901009",95,0,1,0.029904,1,0.007476,1,122.051844677372,1,4.84947701835205,828,1,7.36800003051758,34.8899993896484,0.0299040004611015,0.0126038929447532,117.693801879883,-87.0315,25.7409,11.9218504861532,63,63,63,63,61,63,0,8046,1.33458767306251,26,-87,0.001869,51,2025-12-08 20:37:56.002199,828,1.037,0.0011,"aoml_navis",1031.03901329531
"7901009",95,0,1,0.029904,1,0.007476,1,122.375710421611,1,4.8494255051325,830,1,7.35099983215332,34.8889999389648,0.0299040004611015,0.0126038929447532,118.006103515625,-87.0315,25.7409,11.9218504861532,63,63,63,63,61,63,0,8046,1.33458767306251,26,-87,0.001869,51,2025-12-08 20:37:56.002199,830,1.037,0.0011,"aoml_navis",1031.04996554914
"7901009",95,0,1,0.029904,1,0.007476,1,122.744784766587,1,4.84936796422011,832,1,7.32600021362305,34.8880004882812,0.0299040004611015,0.0126038929447532,118.361999511719,-87.0315,25.7409,11.9218504861532,63,63,63,63,61,63,0,8046,1.33458767306251,26,-87,0.001869,51,2025-12-08 20:37:56.002199,832,1.037,0.0011,"aoml_navis",1031.06219962917
"7901009",95,0,1,0.028035,1,0.005607,1,123.149644638537,1,4.84931949323585,834,1,7.31300020217896,34.8870010375977,0.0280349999666214,0.0112034603953362,118.752403259277,-87.0315,25.7409,11.9218504861532,63,63,63,63,61,63,0,8046,1.33458767306251,26,-87,0.001869,51,2025-12-08 20:37:56.002199,834,1.037,0.0011,"aoml_navis",1031.07250552873
"7901009",95,0,1,0.026166,1,0.003738,1,123.61309213535,1,4.84925746922833,836,1,7.28200006484985,34.8860015869141,0.0261659994721413,0.00980302784591913,119.19930267334,-87.0315,25.7409,11.9218504861532,63,63,63,63,61,63,0,8046,1.33458767306251,26,-87,0.001869,51,2025-12-08 20:37:56.002199,836,1.037,0.0011,"aoml_navis",1031.08569337228
"7901009",95,0,1,0.026166,1,0.003738,1,123.98123287604,1,4.8491669005923,838,1,7.20800018310547,34.8839988708496,0.0261659994721413,0.00980302784591913,119.554298400879,-87.0315,25.7409,11.9218504861532,63,63,63,63,61,63,0,8046,1.33458767306251,26,-87,0.001869,51,2025-12-08 20:37:56.002199,838,1.037,0.0011,"aoml_navis",1031.10495111836
"7901009",95,0,1,0.028035,1,0.005607,1,123.6475168154,1,4.84910419558886,840,1,7.1710000038147,34.8819999694824,0.0280349999666214,0.0112034603953362,119.232498168945,-87.0315,25.7409,11.9218504861532,63,63,63,63,61,63,0,8046,1.33458767306251,26,-87,0.001869,51,2025-12-08 20:37:56.002199,840,1.037,0.0011,"aoml_navis",1031.11828459954
"7901009",95,0,1,0.031773,1,0.009345,1,122.908743085291,1,4.8490492597753,842,1,7.16400003433228,34.8839988708496,0.0317730009555817,0.0140043264254928,118.52010345459,-87.0315,25.7409,11.9218504861532,63,63,63,63,61,63,0,8046,1.33458767306251,26,-87,0.001869,51,2025-12-08 20:37:56.002199,842,1.037,0.0011,"aoml_navis",1031.1299663373
"7901009",95,0,1,0.029904,1,0.007476,1,122.54878324995,1,4.84900335390067,844,1,7.17399978637695,34.8870010375977,0.0299040004611015,0.0126038929447532,118.172996520996,-87.0315,25.7409,11.9218504861532,63,63,63,63,61,63,0,8046,1.33458767306251,26,-87,0.001869,51,2025-12-08 20:37:56.002199,844,1.037,0.0011,"aoml_navis",1031.13972812122
"7901009",95,0,1,0.028035,1,0.005607,1,122.321157866118,1,4.84895665440698,846,1,7.17799997329712,34.8889999389648,0.0280349999666214,0.0112034603953362,117.953498840332,-87.0315,25.7409,11.9218504861532,63,63,63,63,61,63,0,8046,1.33458767306251,26,-87,0.001869,51,2025-12-08 20:37:56.002199,846,1.037,0.0011,"aoml_navis",1031.14965885615
"7901009",95,0,1,0.031773,1,0.009345,1,122.429115751498,1,4.84890839046538,848,1,7.17500019073486,34.8899993896484,0.0317730009555817,0.0140043264254928,118.057601928711,-87.0315,25.7409,11.9218504861532,63,63,63,63,61,63,0,8046,1.33458767306251,26,-87,0.001869,51,2025-12-08 20:37:56.002199,848,1.037,0.0011,"aoml_navis",1031.15992247486
"7901009",95,0,1,0.033642,1,0.011214,1,122.972410150418,1,4.84884945149431,850,1,7.14300012588501,34.8880004882812,0.0336420014500618,0.0154047571122646,118.581497192383,-87.0315,25.7409,11.9218504861532,63,63,63,63,61,63,0,8046,1.33458767306251,26,-87,0.001869,51,2025-12-08 20:37:56.002199,850,1.037,0.0011,"aoml_navis",1031.17245648019
"7901009",95,0,1,0.029904,1,0.007476,1,123.394066987606,1,4.84879129959555,852,1,7.11199998855591,34.8860015869141,0.0299040004611015,0.0126038929447532,118.988098144531,-87.0315,25.7409,11.9218504861532,63,63,63,63,61,63,0,8046,1.33458767306251,26,-87,0.001869,51,2025-12-08 20:37:56.002199,852,1.037,0.0011,"aoml_navis",1031.18482340476
"7901009",95,0,1,0.029904,1,0.007476,1,123.67614207222,1,4.84873394479013,854,1,7.08199977874756,34.8839988708496,0.0299040004611015,0.0126038929447532,119.260101318359,-87.0315,25.7409,11.9218504861532,63,63,63,63,61,63,0,8046,1.33458767306251,26,-87,0.001869,51,2025-12-08 20:37:56.002199,854,1.037,0.0011,"aoml_navis",1031.19702110536
"7901009",95,0,1,0.031773,1,0.009345,1,124.023340011694,1,4.84866930959696,856,1,7.05700016021729,34.8849983215332,0.0317730009555817,0.0140043264254928,119.594902038574,-87.0315,25.7409,11.9218504861532,63,63,63,63,61,63,0,8046,1.33458767306251,26,-87,0.001869,51,2025-12-08 20:37:56.002199,856,1.037,0.0011,"aoml_navis",1031.21076747872
"7901009",95,0,1,0.029904,1,0.007476,1,124.629067219227,1,4.84861353016411,858,1,7.03399991989136,34.8839988708496,0.0299040004611015,0.0126038929447532,120.179000854492,-87.0315,25.7409,11.9218504861532,63,63,63,63,61,63,0,8046,1.33458767306251,26,-87,0.001869,51,2025-12-08 20:37:56.002199,858,1.037,0.0011,"aoml_navis",1031.22263073641
"7901009",95,0,1,0.028035,1,0.005607,1,125.103195782017,1,4.84854954978573,860,1,6.98999977111816,34.8810005187988,0.0280349999666214,0.0112034603953362,120.636199951172,-87.0315,25.7409,11.9218504861532,63,63,63,63,61,63,0,8046,1.33458767306251,26,-87,0.001869,51,2025-12-08 20:37:56.002199,860,1.037,0.0011,"aoml_navis",1031.23623852023
"7901009",95,0,1,0.033642,1,0.011214,1,125.501828988098,1,4.84849903884919,862,1,6.97900009155273,34.8810005187988,0.0336420014500618,0.0154047571122646,121.020599365234,-87.0315,25.7409,11.9218504861532,63,63,63,63,61,63,0,8046,1.33458767306251,26,-87,0.001869,51,2025-12-08 20:37:56.002199,862,1.037,0.0011,"aoml_navis",1031.24698178486
"7901009",95,0,1,0.029904,1,0.007476,1,125.897352817194,1,4.84844403602168,864,1,6.94700002670288,34.8779983520508,0.0299040004611015,0.0126038929447532,121.402000427246,-87.0315,25.7409,11.9218504861532,63,63,63,63,61,63,0,8046,1.33458767306251,26,-87,0.001869,51,2025-12-08 20:37:56.002199,864,1.037,0.0011,"aoml_navis",1031.25868069268
"7901009",95,0,1,0.029904,1,0.007476,1,126.062133973574,1,4.84839056821458,866,1,6.92700004577637,34.8769989013672,0.0299040004611015,0.0126038929447532,121.560897827148,-87.0315,25.7409,11.9218504861532,63,63,63,63,61,63,0,8046,1.33458767306251,26,-87,0.001869,51,2025-12-08 20:37:56.002199,866,1.037,0.0011,"aoml_navis",1031.27005336149
"7901009",95,0,1,0.028035,1,0.005607,1,126.194460513184,1,4.8483327034031,868,1,6.9060001373291,34.8769989013672,0.0280349999666214,0.0112034603953362,121.688499450684,-87.0315,25.7409,11.9218504861532,63,63,63,63,61,63,0,8046,1.33458767306251,26,-87,0.001869,51,2025-12-08 20:37:56.002199,868,1.037,0.0011,"aoml_navis",1031.28236156121
"7901009",95,0,1,0.033642,1,0.011214,1,126.200995743182,1,4.84827927504171,870,1,6.89099979400635,34.8769989013672,0.0336420014500618,0.0154047571122646,121.694801330566,-87.0315,25.7409,11.9218504861532,63,63,63,63,61,63,0,8046,1.33458767306251,26,-87,0.001869,51,2025-12-08 20:37:56.002199,870,1.037,0.0011,"aoml_navis",1031.29372636171
"7901009",95,0,1,0.028035,1,0.005607,1,126.153294893716,1,4.84823101067769,872,1,6.88299989700317,34.8769989013672,0.0280349999666214,0.0112034603953362,121.648803710938,-87.0315,25.7409,11.9218504861532,63,63,63,63,61,63,0,8046,1.33458767306251,26,-87,0.001869,51,2025-12-08 20:37:56.002199,872,1.037,0.0011,"aoml_navis",1031.30399293847
"7901009",95,0,1,0.028035,1,0.005607,1,125.949515978668,1,4.84818423160475,874,1,6.88199996948242,34.8779983520508,0.0280349999666214,0.0112034603953362,121.452301025391,-87.0315,25.7409,11.9218504861532,63,63,63,63,61,63,0,8046,1.33458767306251,26,-87,0.001869,51,2025-12-08 20:37:56.002199,874,1.037,0.0011,"aoml_navis",1031.31394376591
"7901009",95,0,1,0.029904,1,0.007476,1,126.054981615319,1,4.84813376698726,876,1,6.88100004196167,34.8800010681152,0.0299040004611015,0.0126038929447532,121.554000854492,-87.0315,25.7409,11.9218504861532,63,63,63,63,61,63,0,8046,1.33458767306251,26,-87,0.001869,51,2025-12-08 20:37:56.002199,876,1.037,0.0011,"aoml_navis",1031.32467879637
"7901009",95,0,1,0.031773,1,0.009345,1,126.296294587403,1,4.84808035140984,878,1,6.86600017547607,34.8800010681152,0.0317730009555817,0.0140043264254928,121.786697387695,-87.0315,25.7409,11.9218504861532,63,63,63,63,61,63,0,8046,1.33458767306251,26,-87,0.001869,51,2025-12-08 20:37:56.002199,878,1.037,0.0011,"aoml_navis",1031.33604181003
"7901009",95,0,1,0.029904,1,0.007476,1,126.531910990965,1,4.84803282552046,880,1,6.85400009155273,34.8790016174316,0.0299040004611015,0.0126038929447532,122.013900756836,-87.0315,25.7409,11.9218504861532,63,63,63,63,61,63,0,8046,1.33458767306251,26,-87,0.001869,51,2025-12-08 20:37:56.002199,880,1.037,0.0011,"aoml_navis",1031.34615212991
"7901009",95,0,1,0.028035,1,0.005607,1,126.852556591609,1,4.84798605431028,882,1,6.84299993515015,34.8779983520508,0.0280349999666214,0.0112034603953362,122.323097229004,-87.0315,25.7409,11.9218504861532,63,63,63,63,61,63,0,8046,1.33458767306251,26,-87,0.001869,51,2025-12-08 20:37:56.002199,882,1.037,0.0011,"aoml_navis",1031.35610209822
"7901009",95,0,1,0.031773,1,0.009345,1,127.215934368064,1,4.84793192349186,884,1,6.8270001411438,34.8779983520508,0.0317730009555817,0.0140043264254928,122.673500061035,-87.0315,25.7409,11.9218504861532,63,63,63,63,61,63,0,8046,1.33458767306251,26,-87,0.001869,51,2025-12-08 20:37:56.002199,884,1.037,0.0011,"aoml_navis",1031.36761796742
"7901009",95,0,1,0.024297,1,0.001869,1,127.565513789656,1,4.84787560086374,886,1,6.80299997329712,34.8769989013672,0.0242970008403063,0.00840259529650211,123.010597229004,-87.0315,25.7409,11.9218504861532,63,63,63,63,61,63,0,8046,1.33458767306251,26,-87,0.001869,51,2025-12-08 20:37:56.002199,886,1.037,0.0011,"aoml_navis",1031.3796003984
"7901009",95,0,1,0.028035,1,0.005607,1,128.005320527105,1,4.84782076665511,888,1,6.7810001373291,34.8759994506836,0.0280349999666214,0.0112034603953362,123.434700012207,-87.0315,25.7409,11.9218504861532,63,63,63,63,61,63,0,8046,1.33458767306251,26,-87,0.001869,51,2025-12-08 20:37:56.002199,888,1.037,0.0011,"aoml_navis",1031.39126644113
"7901009",95,0,1,0.026166,1,0.003738,1,128.411628276888,1,4.84775861504307,890,1,6.75400018692017,34.8759994506836,0.0261659994721413,0.00980302784591913,123.826499938965,-87.0315,25.7409,11.9218504861532,63,63,63,63,61,63,0,8046,1.33458767306251,26,-87,0.001869,51,2025-12-08 20:37:56.002199,890,1.037,0.0011,"aoml_navis",1031.40448958917
"7901009",95,0,1,0.029904,1,0.007476,1,128.827058448206,1,4.84770747767717,892,1,6.73699998855591,34.875,0.0299040004611015,0.0126038929447532,124.227096557617,-87.0315,25.7409,11.9218504861532,63,63,63,63,61,63,0,8046,1.33458767306251,26,-87,0.001869,51,2025-12-08 20:37:56.002199,892,1.037,0.0011,"aoml_navis",1031.41536964103
"7901009",95,0,1,0.031773,1,0.009345,1,129.272878230205,1,4.84765342804219,894,1,6.71600008010864,34.8740005493164,0.0317730009555817,0.0140043264254928,124.656997680664,-87.0315,25.7409,11.9218504861532,63,63,63,63,61,63,0,8046,1.33458767306251,26,-87,0.001869,51,2025-12-08 20:37:56.002199,894,1.037,0.0011,"aoml_navis",1031.42686956054
"7901009",95,0,1,0.028035,1,0.005607,1,129.614268834547,1,4.84760523423629,896,1,6.70300006866455,34.8730010986328,0.0280349999666214,0.0112034603953362,124.986198425293,-87.0315,25.7409,11.9218504861532,63,63,63,63,61,63,0,8046,1.33458767306251,26,-87,0.001869,51,2025-12-08 20:37:56.002199,896,1.037,0.0011,"aoml_navis",1031.43712377555
"7901009",95,0,1,0.033642,1,0.011214,1,129.873114578636,1,4.84755121044042,898,1,6.68200016021729,34.8720016479492,0.0336420014500618,0.0154047571122646,125.235801696777,-87.0315,25.7409,11.9218504861532,63,63,63,63,61,63,0,8046,1.33458767306251,26,-87,0.001869,51,2025-12-08 20:37:56.002199,898,1.037,0.0011,"aoml_navis",1031.4486186822
"7901009",95,0,1,0.029904,1,0.007476,1,130.074504099666,1,4.8475000863662,900,1,6.67000007629395,34.8720016479492,0.0299040004611015,0.0126038929447532,125.430000305176,-87.0315,25.7409,11.9218504861532,63,63,63,63,61,63,0,8046,1.33458767306251,26,-87,0.001869,51,2025-12-08 20:37:56.002199,900,1.037,0.0011,"aoml_navis",1031.45949683688
"7901009",95,0,1,0.031773,1,0.009345,1,130.304724586934,1,4.8474570277006,902,1,6.66400003433228,34.8709983825684,0.0317730009555817,0.0140043264254928,125.652000427246,-87.0315,25.7409,11.9218504861532,63,63,63,63,61,63,0,8046,1.33458767306251,26,-87,0.001869,51,2025-12-08 20:37:56.002199,902,1.037,0.0011,"aoml_navis",1031.468659016
"7901009",95,0,1,0.028035,1,0.005607,1,130.626303791864,1,4.84740591129993,904,1,6.65199995040894,34.8709983825684,0.0280349999666214,0.0112034603953362,125.962097167969,-87.0315,25.7409,11.9218504861532,63,63,63,63,61,63,0,8046,1.33458767306251,26,-87,0.001869,51,2025-12-08 20:37:56.002199,904,1.037,0.0011,"aoml_navis",1031.47953596053
"7901009",95,0,1,0.028035,1,0.005607,1,131.02587060223,1,4.84734825012654,906,1,6.63100004196167,34.8709983825684,0.0280349999666214,0.0112034603953362,126.347396850586,-87.0315,25.7409,11.9218504861532,63,63,63,63,61,63,0,8046,1.33458767306251,26,-87,0.001869,51,2025-12-08 20:37:56.002199,906,1.037,0.0011,"aoml_navis",1031.49180582795
"7901009",95,0,1,0.031773,1,0.009345,1,131.360417412446,1,4.84729645983942,908,1,6.61299991607666,34.8699989318848,0.0317730009555817,0.0140043264254928,126.669998168945,-87.0315,25.7409,11.9218504861532,63,63,63,63,61,63,0,8046,1.33458767306251,26,-87,0.001869,51,2025-12-08 20:37:56.002199,908,1.037,0.0011,"aoml_navis",1031.50282666343
"7901009",95,0,1,0.031773,1,0.009345,1,131.902580409562,1,4.8472461338504,910,1,6.59700012207031,34.8689994812012,0.0317730009555817,0.0140043264254928,127.192802429199,-87.0315,25.7409,11.9218504861532,63,63,63,63,61,63,0,8046,1.33458767306251,26,-87,0.001869,51,2025-12-08 20:37:56.002199,910,1.037,0.0011,"aoml_navis",1031.51353612577
"7901009",95,0,1,0.029904,1,0.007476,1,132.42804138425,1,4.84718198765323,912,1,6.56699991226196,34.8689994812012,0.0299040004611015,0.0126038929447532,127.699501037598,-87.0315,25.7409,11.9218504861532,63,63,63,63,61,63,0,8046,1.33458767306251,26,-87,0.001869,51,2025-12-08 20:37:56.002199,912,1.037,0.0011,"aoml_navis",1031.52718687601
"7901009",95,0,1,0.028035,1,0.005607,1,132.892003154609,1,4.84711865743027,914,1,6.53299999237061,34.8680000305176,0.0280349999666214,0.0112034603953362,128.146896362305,-87.0315,25.7409,11.9218504861532,63,63,63,63,61,63,0,8046,1.33458767306251,26,-87,0.001869,51,2025-12-08 20:37:56.002199,914,1.037,0.0011,"aoml_navis",1031.54066433578
"7901009",95,0,1,0.029904,1,0.007476,1,133.270413542439,1,4.84706181159112,916,1,6.51300001144409,34.8680000305176,0.0299040004611015,0.0126038929447532,128.511795043945,-87.0315,25.7409,11.9218504861532,63,63,63,63,61,63,0,8046,1.33458767306251,26,-87,0.001869,51,2025-12-08 20:37:56.002199,916,1.037,0.0011,"aoml_navis",1031.55276213791
"7901009",95,0,1,0.026166,1,0.003738,1,133.790067181996,1,4.84701009914254,918,1,6.49499988555908,34.867000579834,0.0261659994721413,0.00980302784591913,129.012893676758,-87.0315,25.7409,11.9218504861532,63,63,63,63,61,63,0,8046,1.33458767306251,26,-87,0.001869,51,2025-12-08 20:37:56.002199,918,1.037,0.0011,"aoml_navis",1031.56376771002
"7901009",95,0,1,0.029904,1,0.007476,1,134.270430322556,1,4.84694318882735,920,1,6.46099996566772,34.867000579834,0.0299040004611015,0.0126038929447532,129.476104736328,-87.0315,25.7409,11.9218504861532,63,63,63,63,61,63,0,8046,1.33458767306251,26,-87,0.001869,51,2025-12-08 20:37:56.002199,920,1.037,0.0011,"aoml_navis",1031.57800807846
"7901009",95,0,1,0.026166,1,0.003738,1,134.544830863468,1,4.84688279800387,922,1,6.43599987030029,34.867000579834,0.0261659994721413,0.00980302784591913,129.740707397461,-87.0315,25.7409,11.9218504861532,63,63,63,63,61,63,0,8046,1.33458767306251,26,-87,0.001869,51,2025-12-08 20:37:56.002199,922,1.037,0.0011,"aoml_navis",1031.59086125606
"7901009",95,0,1,0.029904,1,0.007476,1,134.801999284602,1,4.8468332133182,924,1,6.42600011825562,34.867000579834,0.0299040004611015,0.0126038929447532,129.988693237305,-87.0315,25.7409,11.9218504861532,63,63,63,63,61,63,0,8046,1.33458767306251,26,-87,0.001869,51,2025-12-08 20:37:56.002199,924,1.037,0.0011,"aoml_navis",1031.60141476726
"7901009",95,0,1,0.028035,1,0.005607,1,135.0347199325,1,4.84677644571192,926,1,6.4060001373291,34.867000579834,0.0280349999666214,0.0112034603953362,130.213104248047,-87.0315,25.7409,11.9218504861532,63,63,63,63,61,63,0,8046,1.33458767306251,26,-87,0.001869,51,2025-12-08 20:37:56.002199,926,1.037,0.0011,"aoml_navis",1031.61349734289
"7901009",95,0,1,0.029904,1,0.007476,1,135.198353863275,1,4.84672974383025,928,1,6.40000009536743,34.867000579834,0.0299040004611015,0.0126038929447532,130.370895385742,-87.0315,25.7409,11.9218504861532,63,63,63,63,61,63,0,8046,1.33458767306251,26,-87,0.001869,51,2025-12-08 20:37:56.002199,928,1.037,0.0011,"aoml_navis",1031.62343771382
"7901009",95,0,1,0.029904,1,0.007476,1,135.313266309391,1,4.84667873569717,930,1,6.38800001144409,34.867000579834,0.0299040004611015,0.0126038929447532,130.481704711914,-87.0315,25.7409,11.9218504861532,63,63,63,63,61,63,0,8046,1.33458767306251,26,-87,0.001869,51,2025-12-08 20:37:56.002199,930,1.037,0.0011,"aoml_navis",1031.63429487776
"7901009",95,0,1,0.028035,1,0.005607,1,135.4313751634,1,4.84663419222037,932,1,6.38500022888184,34.867000579834,0.0280349999666214,0.0112034603953362,130.595596313477,-87.0315,25.7409,11.9218504861532,63,63,63,63,61,63,0,8046,1.33458767306251,26,-87,0.001869,51,2025-12-08 20:37:56.002199,932,1.037,0.0011,"aoml_navis",1031.64377621604
"7901009",95,0,1,0.029904,1,0.007476,1,135.631103185278,1,4.84659036817598,934,1,6.38299989700317,34.867000579834,0.0299040004611015,0.0126038929447532,130.788192749023,-87.0315,25.7409,11.9218504861532,63,63,63,63,61,63,0,8046,1.33458767306251,26,-87,0.001869,51,2025-12-08 20:37:56.002199,934,1.037,0.0011,"aoml_navis",1031.65310458902
"7901009",95,0,1,0.029904,1,0.007476,1,135.908209596237,1,4.84653578026013,936,1,6.36600017547607,34.867000579834,0.0299040004611015,0.0126038929447532,131.055404663086,-87.0315,25.7409,11.9218504861532,63,63,63,63,61,63,0,8046,1.33458767306251,26,-87,0.001869,51,2025-12-08 20:37:56.002199,936,1.037,0.0011,"aoml_navis",1031.6647243924
"7901009",95,0,1,0.028035,1,0.005607,1,136.170678990857,1,4.84648989571589,938,1,6.35599994659424,34.8660011291504,0.0280349999666214,0.0112034603953362,131.308502197266,-87.0315,25.7409,11.9218504861532,63,63,63,63,61,63,0,8046,1.33458767306251,26,-87,0.001869,51,2025-12-08 20:37:56.002199,938,1.037,0.0011,"aoml_navis",1031.67449176358
"7901009",95,0,1,0.026166,1,0.003738,1,136.486142296527,1,4.84643890628034,940,1,6.3439998626709,34.8660011291504,0.0261659994721413,0.00980302784591913,131.612701416016,-87.0315,25.7409,11.9218504861532,63,63,63,63,61,63,0,8046,1.33458767306251,26,-87,0.001869,51,2025-12-08 20:37:56.002199,940,1.037,0.0011,"aoml_navis",1031.68534602194
"7901009",95,0,1,0.028035,1,0.005607,1,136.801194183359,1,4.84637422356923,942,1,6.31799983978271,34.867000579834,0.0280349999666214,0.0112034603953362,131.91650390625,-87.0315,25.7409,11.9218504861532,63,63,63,63,61,63,0,8046,1.33458767306251,26,-87,0.001869,51,2025-12-08 20:37:56.002199,942,1.037,0.0011,"aoml_navis",1031.69911553335
"7901009",95,0,1,0.031773,1,0.009345,1,137.082541373106,1,4.84632110450601,944,1,6.30299997329712,34.867000579834,0.0317730009555817,0.0140043264254928,132.187805175781,-87.0315,25.7409,11.9218504861532,63,63,63,63,61,63,0,8046,1.33458767306251,26,-87,0.001869,51,2025-12-08 20:37:56.002199,944,1.037,0.0011,"aoml_navis",1031.71042367603
"7901009",95,0,1,0.028035,1,0.005607,1,137.312128908317,1,4.8462701368789,946,1,6.29099988937378,34.867000579834,0.0280349999666214,0.0112034603953362,132.409194946289,-87.0315,25.7409,11.9218504861532,63,63,63,63,61,63,0,8046,1.33458767306251,26,-87,0.001869,51,2025-12-08 20:37:56.002199,946,1.037,0.0011,"aoml_navis",1031.7212740477
"7901009",95,0,1,0.029904,1,0.007476,1,137.593175445837,1,4.84621488955392,948,1,6.27299976348877,34.867000579834,0.0299040004611015,0.0126038929447532,132.680206298828,-87.0315,25.7409,11.9218504861532,63,63,63,63,61,63,0,8046,1.33458767306251,26,-87,0.001869,51,2025-12-08 20:37:56.002199,948,1.037,0.0011,"aoml_navis",1031.7330357714
"7901009",95,0,1,0.029904,1,0.007476,1,137.817683540783,1,4.84616464821029,950,1,6.26200008392334,34.867000579834,0.0299040004611015,0.0126038929447532,132.896697998047,-87.0315,25.7409,11.9218504861532,63,63,63,63,61,63,0,8046,1.33458767306251,26,-87,0.001869,51,2025-12-08 20:37:56.002199,950,1.037,0.0011,"aoml_navis",1031.74373199361
"7901009",95,0,1,0.033642,1,0.011214,1,138.145600178192,1,4.84611512402598,952,1,6.2519998550415,34.867000579834,0.0336420014500618,0.0154047571122646,133.212905883789,-87.0315,25.7409,11.9218504861532,63,63,63,63,61,63,0,8046,1.33458767306251,26,-87,0.001869,51,2025-12-08 20:37:56.002199,952,1.037,0.0011,"aoml_navis",1031.75427575195
"7901009",95,0,1,0.031773,1,0.009345,1,138.513630152272,1,4.84606132654212,954,1,6.23600006103516,34.867000579834,0.0317730009555817,0.0140043264254928,133.567794799805,-87.0315,25.7409,11.9218504861532,63,63,63,63,61,63,0,8046,1.33458767306251,26,-87,0.001869,51,2025-12-08 20:37:56.002199,954,1.037,0.0011,"aoml_navis",1031.7657295451
"7901009",95,0,1,0.029904,1,0.007476,1,138.888828308409,1,4.84600326611639,956,1,6.21400022506714,34.867000579834,0.0299040004611015,0.0126038929447532,133.929595947266,-87.0315,25.7409,11.9218504861532,63,63,63,63,61,63,0,8046,1.33458767306251,26,-87,0.001869,51,2025-12-08 20:37:56.002199,956,1.037,0.0011,"aoml_navis",1031.77809122837
"7901009",95,0,1,0.028035,1,0.005607,1,139.124966897419,1,4.84594296967725,958,1,6.19399976730347,34.8680000305176,0.0280349999666214,0.0112034603953362,134.157302856445,-87.0315,25.7409,11.9218504861532,63,63,63,63,61,63,0,8046,1.33458767306251,26,-87,0.001869,51,2025-12-08 20:37:56.002199,958,1.037,0.0011,"aoml_navis",1031.79092929627
"7901009",95,0,1,0.033642,1,0.011214,1,139.288917304223,1,4.84589489018485,960,1,6.18599987030029,34.8680000305176,0.0336420014500618,0.0154047571122646,134.315399169922,-87.0315,25.7409,11.9218504861532,63,63,63,63,61,63,0,8046,1.33458767306251,26,-87,0.001869,51,2025-12-08 20:37:56.002199,960,1.037,0.0011,"aoml_navis",1031.80116641145
"7901009",95,0,1,0.031773,1,0.009345,1,139.45236134938,1,4.84584539219728,962,1,6.17600011825562,34.8680000305176,0.0317730009555817,0.0140043264254928,134.473007202148,-87.0315,25.7409,11.9218504861532,63,63,63,63,61,63,0,8046,1.33458767306251,26,-87,0.001869,51,2025-12-08 20:37:56.002199,962,1.037,0.0011,"aoml_navis",1031.81170576571
"7901009",95,0,1,0.031773,1,0.009345,1,139.594427438781,1,4.8457994494285,964,1,6.1710000038147,34.8680000305176,0.0317730009555817,0.0140043264254928,134.610000610352,-87.0315,25.7409,11.9218504861532,63,63,63,63,61,63,0,8046,1.33458767306251,26,-87,0.001869,51,2025-12-08 20:37:56.002199,964,1.037,0.0011,"aoml_navis",1031.82148831803
"7901009",95,0,1,0.033642,1,0.011214,1,139.760450763575,1,4.84575421891271,966,1,6.16699981689453,34.8680000305176,0.0336420014500618,0.0154047571122646,134.770095825195,-87.0315,25.7409,11.9218504861532,63,63,63,63,61,63,0,8046,1.33458767306251,26,-87,0.001869,51,2025-12-08 20:37:56.002199,966,1.037,0.0011,"aoml_navis",1031.83111939216
"7901009",95,0,1,0.033642,1,0.011214,1,139.975955115497,1,4.84570685908523,968,1,6.15999984741211,34.8680000305176,0.0336420014500618,0.0154047571122646,134.977905273438,-87.0315,25.7409,11.9218504861532,63,63,63,63,61,63,0,8046,1.33458767306251,26,-87,0.001869,51,2025-12-08 20:37:56.002199,968,1.037,0.0011,"aoml_navis",1031.84120405994
"7901009",95,0,1,0.033642,1,0.011214,1,140.304473057361,1,4.84566246645621,970,1,6.15199995040894,34.867000579834,0.0336420014500618,0.0154047571122646,135.294692993164,-87.0315,25.7409,11.9218504861532,63,63,63,63,61,63,0,8046,1.33458767306251,26,-87,0.001869,51,2025-12-08 20:37:56.002199,970,1.037,0.0011,"aoml_navis",1031.85065707985
"7901009",95,0,1,0.028035,1,0.005607,1,140.629066696466,1,4.84560079201648,972,1,6.13000011444092,34.8680000305176,0.0280349999666214,0.0112034603953362,135.607696533203,-87.0315,25.7409,11.9218504861532,63,63,63,63,61,63,0,8046,1.33458767306251,26,-87,0.001869,51,2025-12-08 20:37:56.002199,972,1.037,0.0011,"aoml_navis",1031.86379039683
"7901009",95,0,1,0.031773,1,0.009345,1,140.953660335572,1,4.84555202302309,974,1,6.12099981307983,34.8680000305176,0.0317730009555817,0.0140043264254928,135.920700073242,-87.0315,25.7409,11.9218504861532,63,63,63,63,61,63,0,8046,1.33458767306251,26,-87,0.001869,51,2025-12-08 20:37:56.002199,974,1.037,0.0011,"aoml_navis",1031.87417578907
"7901009",95,0,1,0.031773,1,0.009345,1,141.30013829208,1,4.84550042267675,976,1,6.10799980163574,34.8680000305176,0.0317730009555817,0.0140043264254928,136.254806518555,-87.0315,25.7409,11.9218504861532,63,63,63,63,61,63,0,8046,1.33458767306251,26,-87,0.001869,51,2025-12-08 20:37:56.002199,976,1.037,0.0011,"aoml_navis",1031.88516434757
"7901009",95,0,1,0.029904,1,0.007476,1,147.294668994669,1,4.84489448745911,999.5,1,5.96560001373291,34.8699989318848,0.0299040004611015,0.0126038929447532,142.035293579102,-87.0315,25.7409,11.9218504861532,63,63,63,63,61,63,0,8046,1.33458767306251,26,-87,0.001869,51,2025-12-08 20:37:56.002199,999.5,1.037,0.0011,"aoml_navis",1032.01421887357
"7901009",95,0,1,0.028035,1,0.005607,1,155.068032337048,1,4.84360823140327,1049.30004882812,1,5.66139984130859,34.875,0.0280349999666214,0.0112034603953362,149.531097412109,-87.0315,25.7409,11.9218504861532,63,63,63,63,61,63,0,8046,1.33458767306251,26,-87,0.001869,51,2025-12-08 20:37:56.002199,1049.30004882812,1.037,0.0011,"aoml_navis",1032.28827789638
"7901009",95,0,1,0.031773,1,0.009345,1,162.608168669884,1,4.84233469840872,1099.59997558594,1,5.40269994735718,34.882999420166,0.0317730009555817,0.0140043264254928,156.802001953125,-87.0315,25.7409,11.9218504861532,63,63,63,63,61,63,0,8046,1.33458767306251,26,-87,0.001869,51,2025-12-08 20:37:56.002199,1099.59997558594,1.037,0.0011,"aoml_navis",1032.55976949365
"7901009",95,0,1,0.026166,1,0.003738,1,170.341086375761,1,4.84105640160219,1149.80004882812,1,5.13579988479614,34.8919982910156,0.0261659994721413,0.00980302784591913,164.258804321289,-87.0315,25.7409,11.9218504861532,63,63,63,63,61,63,0,8046,1.33458767306251,26,-87,0.001869,51,2025-12-08 20:37:56.002199,1149.80004882812,1.037,0.0011,"aoml_navis",1032.83242028438
"7901009",95,0,1,0.031773,1,0.009345,1,176.903501664721,1,4.83984637610521,1199.5,1,4.94019985198975,34.898998260498,0.0317730009555817,0.0140043264254928,170.586898803711,-87.0315,25.7409,11.9218504861532,63,63,63,63,61,63,0,8046,1.33458767306251,26,-87,0.001869,51,2025-12-08 20:37:56.002199,1199.5,1.037,0.0011,"aoml_navis",1033.09064202647
"7901009",95,0,1,0.028035,1,0.005607,1,181.997389060288,1,4.83865172050431,1249.5,1,4.76380014419556,34.9039993286133,0.0280349999666214,0.0112034603953362,175.498901367188,-87.0315,25.7409,11.9218504861532,63,63,63,63,61,63,0,8046,1.33458767306251,26,-87,0.001869,51,2025-12-08 20:37:56.002199,1249.5,1.037,0.0011,"aoml_navis",1033.34571050277
"7901009",95,0,1,0.029904,1,0.007476,1,187.127987675214,1,4.83749184064427,1299.19995117188,1,4.62799978256226,34.9090003967285,0.0299040004611015,0.0126038929447532,180.446304321289,-87.0315,25.7409,11.9218504861532,63,63,63,63,61,63,0,8046,1.33458767306251,26,-87,0.001869,51,2025-12-08 20:37:56.002199,1299.19995117188,1.037,0.0011,"aoml_navis",1033.5934746164
"7901009",95,0,1,0.028035,1,0.005607,1,190.975988063764,1,4.83634059333485,1350.09997558594,1,4.54139995574951,34.9140014648438,0.0280349999666214,0.0112034603953362,184.15690612793,-87.0315,25.7409,11.9218504861532,63,63,63,63,61,63,0,8046,1.33458767306251,26,-87,0.001869,51,2025-12-08 20:37:56.002199,1350.09997558594,1.037,0.0011,"aoml_navis",1033.83951223177
"7901009",95,0,1,0.028035,1,0.005607,1,193.508508366528,1,4.835249952977,1399.30004882812,1,4.47910022735596,34.9169998168945,0.0280349999666214,0.0112034603953362,186.598999023438,-87.0315,25.7409,11.9218504861532,63,63,63,63,61,63,0,8046,1.33458767306251,26,-87,0.001869,51,2025-12-08 20:37:56.002199,1399.30004882812,1.037,0.0011,"aoml_navis",1034.07270536688
"7901009",95,0,1,0.033642,1,0.011214,1,195.626128595322,1,4.83415400131047,1449.5,1,4.43310022354126,34.9189987182617,0.0336420014500618,0.0154047571122646,188.641006469727,-87.0315,25.7409,11.9218504861532,63,63,63,63,61,63,0,8046,1.33458767306251,26,-87,0.001869,51,2025-12-08 20:37:56.002199,1449.5,1.037,0.0011,"aoml_navis",1034.30714012102
"7901009",95,0,1,0.022428,1,0,1,197.325494104239,1,4.83309092204218,1498.69995117188,1,4.4028000831604,34.9210014343262,0.0224280003458261,0.00700216321274638,190.279693603516,-87.0315,25.7409,11.9218504861532,63,63,63,63,61,63,0,8046,1.33458767306251,26,-87,0.001869,51,2025-12-08 20:37:56.002199,1498.69995117188,1.037,0.0011,"aoml_navis",1034.53464473358
"7901009",95,0,1,0.026166,1,0.003738,1,198.131368664389,1,4.83199318053129,1550.19995117188,1,4.3798999786377,34.9210014343262,0.0261659994721413,0.00980302784591913,191.056793212891,-87.0315,25.7409,11.9218504861532,63,63,63,63,61,63,0,8046,1.33458767306251,26,-87,0.001869,51,2025-12-08 20:37:56.002199,1550.19995117188,1.037,0.0011,"aoml_navis",1034.76967230534
"7901009",95,0,1,0.026166,1,0.003738,1,199.255934585703,1,4.8309463935682,1599.19995117188,1,4.36339998245239,34.9230003356934,0.0261659994721413,0.00980302784591913,192.141204833984,-87.0315,25.7409,11.9218504861532,63,63,63,63,61,63,0,8046,1.33458767306251,26,-87,0.001869,51,2025-12-08 20:37:56.002199,1599.19995117188,1.037,0.0011,"aoml_navis",1034.99388994605
"7901009",95,0,1,0.033642,1,0.011214,1,200.043548478982,1,4.82989275697709,1649,1,4.34870004653931,34.9230003356934,0.0336420014500618,0.0154047571122646,192.900695800781,-87.0315,25.7409,11.9218504861532,63,63,63,63,61,63,0,8046,1.33458767306251,26,-87,0.001869,51,2025-12-08 20:37:56.002199,1649,1.037,0.0011,"aoml_navis",1035.21967289588
"7901009",95,0,1,0.026166,1,0.003738,1,200.854929722035,1,4.82883693900297,1699,1,4.34009981155396,34.923999786377,0.0261659994721413,0.00980302784591913,193.68310546875,-87.0315,25.7409,11.9218504861532,63,63,63,63,61,63,0,8046,1.33458767306251,26,-87,0.001869,51,2025-12-08 20:37:56.002199,1699,1.037,0.0011,"aoml_navis",1035.44602212896
"7901009",95,0,1,0.026166,1,0.003738,1,201.518627426173,1,4.82777084509451,1749.59997558594,1,4.33260011672974,34.9249992370605,0.0261659994721413,0.00980302784591913,194.323104858398,-87.0315,25.7409,11.9218504861532,63,63,63,63,61,63,0,8046,1.33458767306251,26,-87,0.001869,51,2025-12-08 20:37:56.002199,1749.59997558594,1.037,0.0011,"aoml_navis",1035.67467479955
"7901009",95,0,1,0.026166,1,0.003738,1,202.063899800274,1,4.8267204802698,1799.69995117188,1,4.3253002166748,34.9249992370605,0.0261659994721413,0.00980302784591913,194.848907470703,-87.0315,25.7409,11.9218504861532,63,63,63,63,61,63,0,8046,1.33458767306251,26,-87,0.001869,51,2025-12-08 20:37:56.002199,1799.69995117188,1.037,0.0011,"aoml_navis",1035.90005272493
"7901009",95,0,1,0.033642,1,0.011214,1,202.408700433828,1,4.82567990353021,1849.40002441406,1,4.32310009002686,34.9259986877441,0.0336420014500618,0.0154047571122646,195.181396484375,-87.0315,25.7409,11.9218504861532,63,63,63,63,61,63,0,8046,1.33458767306251,26,-87,0.001869,51,2025-12-08 20:37:56.002199,1849.40002441406,1.037,0.0011,"aoml_navis",1036.12342715526
"7901009",95,0,1,0.029904,1,0.007476,1,202.826733620485,1,4.82462885467243,1899.80004882812,1,4.3193998336792,34.9259986877441,0.0299040004611015,0.0126038929447532,195.584503173828,-87.0315,25.7409,11.9218504861532,63,63,63,63,61,63,0,8046,1.33458767306251,26,-87,0.001869,51,2025-12-08 20:37:56.002199,1899.80004882812,1.037,0.0011,"aoml_navis",1036.34914738731
"7901009",95,0,1,0.026166,1,0.003738,1,203.157640956368,1,4.82358616282159,1949.69995117188,1,4.31580018997192,34.9269981384277,0.0261659994721413,0.00980302784591913,195.903594970703,-87.0315,25.7409,11.9218504861532,63,63,63,63,61,63,0,8046,1.33458767306251,26,-87,0.001869,51,2025-12-08 20:37:56.002199,1949.69995117188,1.037,0.0011,"aoml_navis",1036.57317009037
"7901009",95,0,1,0.029904,1,0.007476,1,201.487090589887,1,4.82256567425446,1999,1,4.31360006332397,34.9259986877441,0.0299040004611015,0.0126038929447532,194.292694091797,-87.0315,25.7409,11.9218504861532,63,63,63,63,61,63,0,8046,1.33458767306251,26,-87,0.001869,51,2025-12-08 20:37:56.002199,1999,1.037,0.0011,"aoml_navis",1036.79251621036
"7901009",96,0.140043253637369,1,0.209328,1,0.1869,1,191.092811170895,1,4.88587544651902,2.09999990463257,1,27.863000869751,36.2089996337891,0.20932799577713,0.14704541862011,184.269500732422,-87.1302,25.9873,21.8558060063018,63,63,63,63,61,63,0.1869,8046,1.33458767306251,26,-87,0.001869,51,2025-12-19 03:50:14.000395,2.09999990463257,1.037,0.0011,"aoml_navis",1023.358056244
"7901009",96,0.147045416319238,1,0.218673,1,0.196245,1,191.085959462742,1,4.88583864114994,4,1,27.8619995117188,36.2080001831055,0.218673005700111,0.154047578573227,184.262893676758,-87.1302,25.9873,21.8558060063018,63,63,63,63,61,63,0.196245,8046,1.33458767306251,26,-87,0.001869,51,2025-12-19 03:50:14.000395,4,1.037,0.0011,"aoml_navis",1023.36576527284
"7901009",96,0.145644983782864,1,0.216804,1,0.194376,1,191.088459624147,1,4.88579574060846,6,1,27.863000869751,36.2089996337891,0.216803997755051,0.152647152543068,184.26530456543,-87.1302,25.9873,21.8558060063018,63,63,63,63,61,63,0.194376,8046,1.33458767306251,26,-87,0.001869,51,2025-12-19 03:50:14.000395,6,1.037,0.0011,"aoml_navis",1023.37475110601
"7901009",96,0.14424455124649,1,0.214935,1,0.192507,1,191.036921486843,1,4.88575799321023,8,1,27.8649997711182,36.2089996337891,0.214935004711151,0.151246711611748,184.215606689453,-87.1302,25.9873,21.8558060063018,63,63,63,63,61,63,0.192507,8046,1.33458767306251,26,-87,0.001869,51,2025-12-19 03:50:14.000395,8,1.037,0.0011,"aoml_navis",1023.38265770604
"7901009",96,0.142844118710117,1,0.213066,1,0.190638,1,191.077778554856,1,4.88572227767614,10,1,27.8659992218018,36.2080001831055,0.21306599676609,0.149846285581589,184.255004882812,-87.1302,25.9873,21.8558060063018,63,63,63,63,61,63,0.190638,8046,1.33458767306251,26,-87,0.001869,51,2025-12-19 03:50:14.000395,10,1.037,0.0011,"aoml_navis",1023.39013882267
"7901009",96,0.148445848855611,1,0.220542,1,0.198114,1,191.064185905196,1,4.88567203575627,12,1,27.8600006103516,36.2080001831055,0.220541998744011,0.155448004603386,184.241897583008,-87.1302,25.9873,21.8558060063018,63,63,63,63,61,63,0.198114,8046,1.33458767306251,26,-87,0.001869,51,2025-12-19 03:50:14.000395,12,1.037,0.0011,"aoml_navis",1023.40066287852
"7901009",96,0.152647146464733,1,0.226149,1,0.203721,1,191.033598487508,1,4.8856363242576,14,1,27.8610000610352,36.2070007324219,0.226148992776871,0.159649297595024,184.21240234375,-87.1302,25.9873,21.8558060063018,63,63,63,63,61,63,0.203721,8046,1.33458767306251,26,-87,0.001869,51,2025-12-19 03:50:14.000395,14,1.037,0.0011,"aoml_navis",1023.40814341309
"7901009",96,0.149846281391985,1,0.222411,1,0.199983,1,191.088760276467,1,4.88558764901336,16,1,27.8560009002686,36.2070007324219,0.222411006689072,0.156848445534706,184.265594482422,-87.1302,25.9873,21.8558060063018,63,63,63,63,61,63,0.199983,8046,1.33458767306251,26,-87,0.001869,51,2025-12-19 03:50:14.000395,16,1.037,0.0011,"aoml_navis",1023.41833965659
"7901009",96,0.14424455124649,1,0.214935,1,0.192507,1,191.096751298677,1,4.88555194163458,18,1,27.8570003509521,36.2060012817383,0.214935004711151,0.151246711611748,184.273300170898,-87.1302,25.9873,21.8558060063018,63,63,63,63,61,63,0.192507,8046,1.33458767306251,26,-87,0.001869,51,2025-12-19 03:50:14.000395,18,1.037,0.0011,"aoml_navis",1023.42581958654
"7901009",96,0.145644983782864,1,0.216804,1,0.194376,1,191.006223302511,1,4.88550859137295,20,1,27.8600006103516,36.2080001831055,0.216803997755051,0.152647152543068,184.186004638672,-87.1302,25.9873,21.8558060063018,63,63,63,63,61,63,0.194376,8046,1.33458767306251,26,-87,0.001869,51,2025-12-19 03:50:14.000395,20,1.037,0.0011,"aoml_navis",1023.43490068347
"7901009",96,0.159649309146601,1,0.235494,1,0.213066,1,190.658495157825,1,4.88545555547303,22,1,27.8659992218018,36.2140007019043,0.235494002699852,0.166651472449303,183.850692749023,-87.1302,25.9873,21.8558060063018,63,63,63,63,61,63,0.213066,8046,1.33458767306251,26,-87,0.001869,51,2025-12-19 03:50:14.000395,22,1.037,0.0011,"aoml_navis",1023.44601096589
"7901009",96,0.194660122555943,1,0.282219,1,0.259791,1,190.176074773431,1,4.88524823473915,24,1,27.878999710083,36.265998840332,0.282218992710114,0.201662287116051,183.385498046875,-87.1302,25.9873,21.8558060063018,63,63,63,63,61,63,0.259791,8046,1.33458767306251,26,-87,0.001869,51,2025-12-19 03:50:14.000395,24,1.037,0.0011,"aoml_navis",1023.48944408697
"7901009",96,0.211465312992428,1,0.304647,1,0.282219,1,190.719163631396,1,4.88496898205836,26,1,27.7999992370605,36.2980003356934,0.304646998643875,0.218467488884926,183.909194946289,-87.1302,25.9873,21.8558060063018,63,63,63,63,61,63,0.282219,8046,1.33458767306251,26,-87,0.001869,51,2025-12-19 03:50:14.000395,26,1.037,0.0011,"aoml_navis",1023.54795257946
"7901009",96,0.203062717774185,1,0.293433,1,0.271005,1,191.562588334009,1,4.88477985918438,28,1,27.6979999542236,36.2949981689453,0.293433010578156,0.210064873099327,184.722503662109,-87.1302,25.9873,21.8558060063018,63,63,63,63,61,63,0.271005,8046,1.33458767306251,26,-87,0.001869,51,2025-12-19 03:50:14.000395,28,1.037,0.0011,"aoml_navis",1023.58758104503
"7901009",96,0.197460987628691,1,0.285957,1,0.263529,1,191.645125307965,1,4.8847342105775,30,1,27.6879997253418,36.2919998168945,0.285957008600235,0.204463139176369,184.802093505859,-87.1302,25.9873,21.8558060063018,63,63,63,63,61,63,0.263529,8046,1.33458767306251,26,-87,0.001869,51,2025-12-19 03:50:14.000395,30,1.037,0.0011,"aoml_navis",1023.59714663142
"7901009",96,0.194660122555943,1,0.282219,1,0.259791,1,191.673133445216,1,4.88469120376812,32,1,27.681999206543,36.2900009155273,0.282218992710114,0.201662287116051,184.8291015625,-87.1302,25.9873,21.8558060063018,63,63,63,63,61,63,0.259791,8046,1.33458767306251,26,-87,0.001869,51,2025-12-19 03:50:14.000395,32,1.037,0.0011,"aoml_navis",1023.60615879729
"7901009",96,0.19325969001957,1,0.28035,1,0.257922,1,191.681013700782,1,4.88465239617897,34,1,27.6809997558594,36.2890014648438,0.280349999666214,0.200261861085892,184.836700439453,-87.1302,25.9873,21.8558060063018,63,63,63,63,61,63,0.257922,8046,1.33458767306251,26,-87,0.001869,51,2025-12-19 03:50:14.000395,34,1.037,0.0011,"aoml_navis",1023.61429114409
"7901009",96,0.190458824946822,1,0.276612,1,0.254184,1,191.687343223325,1,4.88461000038986,36,1,27.6800003051758,36.2890014648438,0.276612013578415,0.197460979223251,184.842803955078,-87.1302,25.9873,21.8558060063018,63,63,63,63,61,63,0.254184,8046,1.33458767306251,26,-87,0.001869,51,2025-12-19 03:50:14.000395,36,1.037,0.0011,"aoml_navis",1023.6231755659
"7901009",96,0.187657959874075,1,0.272874,1,0.250446,1,191.389507540081,1,4.88455875242574,38,1,27.6709995269775,36.2879981994629,0.272873997688293,0.194660127162933,184.555603027344,-87.1302,25.9873,21.8558060063018,63,63,63,63,61,63,0.250446,8046,1.33458767306251,26,-87,0.001869,51,2025-12-19 03:50:14.000395,38,1.037,0.0011,"aoml_navis",1023.63391524709
"7901009",96,0.203062717774185,1,0.293433,1,0.271005,1,190.937358097247,1,4.88446918794988,40,1,27.6720008850098,36.3019981384277,0.293433010578156,0.210064873099327,184.119598388672,-87.1302,25.9873,21.8558060063018,63,63,63,63,61,63,0.271005,8046,1.33458767306251,26,-87,0.001869,51,2025-12-19 03:50:14.000395,40,1.037,0.0011,"aoml_navis",1023.65268519559
"7901009",96,0.212865745528801,1,0.306516,1,0.284088,1,190.578236811984,1,4.88440895088356,42,1,27.67799949646,36.310001373291,0.306515991687775,0.219867914915085,183.773300170898,-87.1302,25.9873,21.8558060063018,63,63,63,63,61,63,0.284088,8046,1.33458767306251,26,-87,0.001869,51,2025-12-19 03:50:14.000395,42,1.037,0.0011,"aoml_navis",1023.6653094118
"7901009",96,0.221268340747043,1,0.31773,1,0.295302,1,190.009639978173,1,4.88434264135773,44,1,27.6870002746582,36.3209991455078,0.317730009555817,0.228270500898361,183.225006103516,-87.1302,25.9873,21.8558060063018,63,63,63,63,61,63,0.295302,8046,1.33458767306251,26,-87,0.001869,51,2025-12-19 03:50:14.000395,44,1.037,0.0011,"aoml_navis",1023.6792066271
"7901009",96,0.224069205819791,1,0.321468,1,0.29904,1,189.737834456385,1,4.88428399263729,46,1,27.6940002441406,36.3289985656738,0.321467995643616,0.231071382761002,182.962905883789,-87.1302,25.9873,21.8558060063018,63,63,63,63,61,63,0.29904,8046,1.33458767306251,26,-87,0.001869,51,2025-12-19 03:50:14.000395,46,1.037,0.0011,"aoml_navis",1023.69149859778
"7901009",96,0.233872233574407,1,0.334551,1,0.312123,1,189.643666984757,1,4.88423659069153,48,1,27.6989994049072,36.3330001831055,0.334551006555557,0.240874394774437,182.872100830078,-87.1302,25.9873,21.8558060063018,63,63,63,63,61,63,0.312123,8046,1.33458767306251,26,-87,0.001869,51,2025-12-19 03:50:14.000395,48,1.037,0.0011,"aoml_navis",1023.70143361382
"7901009",96,0.239473963719901,1,0.342027,1,0.319599,1,189.363047602829,1,4.88418968119906,50,1,27.7019996643066,36.3359985351562,0.342027008533478,0.246476113796234,182.601501464844,-87.1302,25.9873,21.8558060063018,63,63,63,63,61,63,0.319599,8046,1.33458767306251,26,-87,0.001869,51,2025-12-19 03:50:14.000395,50,1.037,0.0011,"aoml_navis",1023.71126560599
"7901009",96,0.257679586692759,1,0.366324,1,0.343896,1,189.183842995841,1,4.88412372889225,52,1,27.7019996643066,36.3429985046387,0.366324007511139,0.264681756496429,182.428695678711,-87.1302,25.9873,21.8558060063018,63,63,63,63,61,63,0.343896,8046,1.33458767306251,26,-87,0.001869,51,2025-12-19 03:50:14.000395,52,1.037,0.0011,"aoml_navis",1023.72508919507
"7901009",96,0.249276991474517,1,0.35511,1,0.332682,1,189.051840803214,1,4.88408291300442,53.9000015258789,1,27.7029991149902,36.3440017700195,0.355109989643097,0.256279170513153,182.301406860352,-87.1302,25.9873,21.8558060063018,63,63,63,63,61,63,0.332682,8046,1.33458767306251,26,-87,0.001869,51,2025-12-19 03:50:14.000395,53.9000015258789,1.037,0.0011,"aoml_navis",1023.73364438325
"7901009",96,0.331902511120565,1,0.465381,1,0.442953,1,188.836336384444,1,4.88400165993089,56,1,27.7059993743896,36.3559989929199,0.465380996465683,0.338904678821564,182.093597412109,-87.1302,25.9873,21.8558060063018,63,63,63,63,61,63,0.442953,8046,1.33458767306251,26,-87,0.001869,51,2025-12-19 03:50:14.000395,56,1.037,0.0011,"aoml_navis",1023.75067580766
"7901009",96,0.263281316838254,1,0.3738,1,0.351372,1,188.791222712521,1,4.88395210554286,58,1,27.7049999237061,36.3580017089844,0.373800009489059,0.270283460617065,182.050094604492,-87.1302,25.9873,21.8558060063018,63,63,63,63,61,63,0.351372,8046,1.33458767306251,26,-87,0.001869,51,2025-12-19 03:50:14.000395,58,1.037,0.0011,"aoml_navis",1023.76106316142
"7901009",96,0.277285642201991,1,0.39249,1,0.370062,1,188.948653761963,1,4.88389476254254,60.0999984741211,1,27.6979999542236,36.359001159668,0.3924899995327,0.284287810325623,182.201904296875,-87.1302,25.9873,21.8558060063018,63,63,63,63,61,63,0.370062,8046,1.33458767306251,26,-87,0.001869,51,2025-12-19 03:50:14.000395,60.0999984741211,1.037,0.0011,"aoml_navis",1023.77308338991
"7901009",96,0.259080019229133,1,0.368193,1,0.345765,1,189.146926055611,1,4.88380377630124,62,1,27.6760005950928,36.3639984130859,0.368193000555038,0.26608219742775,182.393096923828,-87.1302,25.9873,21.8558060063018,63,63,63,63,61,63,0.345765,8046,1.33458767306251,26,-87,0.001869,51,2025-12-19 03:50:14.000395,62,1.037,0.0011,"aoml_navis",1023.79215648725
"7901009",96,0.267482614447375,1,0.379407,1,0.356979,1,189.177829949426,1,4.8837567461516,64,1,27.6720008850098,36.3639984130859,0.379406988620758,0.274484783411026,182.422897338867,-87.1302,25.9873,21.8558060063018,63,63,63,63,61,63,0.356979,8046,1.33458767306251,26,-87,0.001869,51,2025-12-19 03:50:14.000395,64,1.037,0.0011,"aoml_navis",1023.80201551603
"7901009",96,0.259080019229133,1,0.368193,1,0.345765,1,189.346353487123,1,4.8836688705837,66,1,27.6509990692139,36.3680000305176,0.368193000555038,0.26608219742775,182.585403442383,-87.1302,25.9873,21.8558060063018,63,63,63,63,61,63,0.345765,8046,1.33458767306251,26,-87,0.001869,51,2025-12-19 03:50:14.000395,66,1.037,0.0011,"aoml_navis",1023.82043756427
"7901009",96,0.239473963719901,1,0.342027,1,0.319599,1,189.472342633334,1,4.88359287499103,68,1,27.632999420166,36.3699989318848,0.342027008533478,0.246476113796234,182.706893920898,-87.1302,25.9873,21.8558060063018,63,63,63,63,61,63,0.319599,8046,1.33458767306251,26,-87,0.001869,51,2025-12-19 03:50:14.000395,68,1.037,0.0011,"aoml_navis",1023.83636965421
"7901009",96,0.236673098647154,1,0.338289,1,0.315861,1,189.498578504274,1,4.88352466014405,70,1,27.6200008392334,36.3720016479492,0.338288992643356,0.243675261735916,182.732192993164,-87.1302,25.9873,21.8558060063018,63,63,63,63,61,63,0.315861,8046,1.33458767306251,26,-87,0.001869,51,2025-12-19 03:50:14.000395,70,1.037,0.0011,"aoml_navis",1023.85067097266
"7901009",96,0.21986790821067,1,0.315861,1,0.293433,1,189.561952848732,1,4.88347141786034,72,1,27.6119995117188,36.3720016479492,0.315860986709595,0.226870074868202,182.793304443359,-87.1302,25.9873,21.8558060063018,63,63,63,63,61,63,0.293433,8046,1.33458767306251,26,-87,0.001869,51,2025-12-19 03:50:14.000395,72,1.037,0.0011,"aoml_navis",1023.8618335542
"7901009",96,0.226870070892538,1,0.325206,1,0.302778,1,189.458860750319,1,4.88342548490031,74,1,27.6110000610352,36.3730010986328,0.325206011533737,0.23387223482132,182.693893432617,-87.1302,25.9873,21.8558060063018,63,63,63,63,61,63,0.302778,8046,1.33458767306251,26,-87,0.001869,51,2025-12-19 03:50:14.000395,74,1.037,0.0011,"aoml_navis",1023.87146388537
"7901009",96,0.201662285237812,1,0.291564,1,0.269136,1,189.485096621258,1,4.88336399613397,76,1,27.6000003814697,36.3740005493164,0.291563987731934,0.208664447069168,182.719192504883,-87.1302,25.9873,21.8558060063018,63,63,63,63,61,63,0.269136,8046,1.33458767306251,26,-87,0.001869,51,2025-12-19 03:50:14.000395,76,1.037,0.0011,"aoml_navis",1023.88435593955
"7901009",96,0.189058392410449,1,0.274743,1,0.252315,1,189.418320158433,1,4.88331136749002,78,1,27.5970001220703,36.3759994506836,0.274742990732193,0.196060553193092,182.654800415039,-87.1302,25.9873,21.8558060063018,63,63,63,63,61,63,0.252315,8046,1.33458767306251,26,-87,0.001869,51,2025-12-19 03:50:14.000395,78,1.037,0.0011,"aoml_navis",1023.8953905923
"7901009",96,0.176454499583085,1,0.257922,1,0.235494,1,189.372478591418,1,4.88327058444971,80,1,27.5970001220703,36.3759994506836,0.257921993732452,0.183456659317017,182.610595703125,-87.1302,25.9873,21.8558060063018,63,63,63,63,61,63,0.235494,8046,1.33458767306251,26,-87,0.001869,51,2025-12-19 03:50:14.000395,80,1.037,0.0011,"aoml_navis",1023.90394173979
"7901009",96,0.177854932119459,1,0.259791,1,0.237363,1,189.251980306013,1,4.8832257408984,82,1,27.5990009307861,36.3779983520508,0.259790986776352,0.184857100248337,182.494400024414,-87.1302,25.9873,21.8558060063018,63,63,63,63,61,63,0.237363,8046,1.33458767306251,26,-87,0.001869,51,2025-12-19 03:50:14.000395,82,1.037,0.0011,"aoml_navis",1023.91334443616
"7901009",96,0.172253201973964,1,0.252315,1,0.229887,1,189.208322424275,1,4.88318651781708,84,1,27.6000003814697,36.3779983520508,0.252315014600754,0.179255366325378,182.452301025391,-87.1302,25.9873,21.8558060063018,63,63,63,63,61,63,0.229887,8046,1.33458767306251,26,-87,0.001869,51,2025-12-19 03:50:14.000395,84,1.037,0.0011,"aoml_navis",1023.92156878643
"7901009",96,0.169452336901217,1,0.248577,1,0.226149,1,189.213607575598,1,4.8831421409325,86,1,27.6000003814697,36.3790016174316,0.248576998710632,0.176454499363899,182.457397460938,-87.1302,25.9873,21.8558060063018,63,63,63,63,61,63,0.226149,8046,1.33458767306251,26,-87,0.001869,51,2025-12-19 03:50:14.000395,86,1.037,0.0011,"aoml_navis",1023.93087395264
"7901009",96,0.168051904364843,1,0.246708,1,0.22428,1,189.077143069578,1,4.8830957479977,88,1,27.6009998321533,36.3810005187988,0.246708005666733,0.17505407333374,182.325805664062,-87.1302,25.9873,21.8558060063018,63,63,63,63,61,63,0.22428,8046,1.33458767306251,26,-87,0.001869,51,2025-12-19 03:50:14.000395,88,1.037,0.0011,"aoml_navis",1023.94060203514
"7901009",96,0.168051904364843,1,0.246708,1,0.22428,1,188.602792826427,1,4.88304624760623,90,1,27.6000003814697,36.382999420166,0.246708005666733,0.17505407333374,181.868392944336,-87.1302,25.9873,21.8558060063018,63,63,63,63,61,63,0.22428,8046,1.33458767306251,26,-87,0.001869,51,2025-12-19 03:50:14.000395,90,1.037,0.0011,"aoml_navis",1023.95098192058
"7901009",96,0.170852769437591,1,0.250446,1,0.228018,1,187.236517914179,1,4.88299003576086,92,1,27.5970001220703,36.3860015869141,0.250445991754532,0.177854940295219,180.550903320312,-87.1302,25.9873,21.8558060063018,63,63,63,63,61,63,0.228018,8046,1.33458767306251,26,-87,0.001869,51,2025-12-19 03:50:14.000395,92,1.037,0.0011,"aoml_navis",1023.96276940608
"7901009",96,0.170852769437591,1,0.250446,1,0.228018,1,185.150433874576,1,4.88293755876881,94,1,27.6009998321533,36.390998840332,0.250445991754532,0.177854940295219,178.539306640625,-87.1302,25.9873,21.8558060063018,63,63,63,63,61,63,0.228018,8046,1.33458767306251,26,-87,0.001869,51,2025-12-19 03:50:14.000395,94,1.037,0.0011,"aoml_navis",1023.97377394699
"7901009",96,0.168051904364843,1,0.246708,1,0.22428,1,181.712569529348,1,4.88281184575289,96,1,27.5809993743896,36.4059982299805,0.246708005666733,0.17505407333374,175.224197387695,-87.1302,25.9873,21.8558060063018,63,63,63,63,61,63,0.22428,8046,1.33458767306251,26,-87,0.001869,51,2025-12-19 03:50:14.000395,96,1.037,0.0011,"aoml_navis",1024.00013720558
"7901009",96,0.189058392410449,1,0.274743,1,0.252315,1,177.703418303227,1,4.88255636760568,98,1,27.5259990692139,36.4420013427734,0.274742990732193,0.196060553193092,171.358200073242,-87.1302,25.9873,21.8558060063018,63,63,63,63,61,63,0.252315,8046,1.33458767306251,26,-87,0.001869,51,2025-12-19 03:50:14.000395,98,1.037,0.0011,"aoml_navis",1024.05371767411
"7901009",96,0.270283479520123,1,0.383145,1,0.360717,1,173.582266175715,1,4.88233020144683,100,1,27.4689998626709,36.4690017700195,0.38314500451088,0.277285635471344,167.384201049805,-87.1302,25.9873,21.8558060063018,63,63,63,63,61,63,0.360717,8046,1.33458767306251,26,-87,0.001869,51,2025-12-19 03:50:14.000395,100,1.037,0.0011,"aoml_navis",1024.10115532913
"7901009",96,0.296891697711223,1,0.418656,1,0.396228,1,171.280677717342,1,4.88215554167286,102.099998474121,1,27.4209995269775,36.4850006103516,0.41865599155426,0.303893864154816,165.164794921875,-87.1302,25.9873,21.8558060063018,63,63,63,63,61,63,0.396228,8046,1.33458767306251,26,-87,0.001869,51,2025-12-19 03:50:14.000395,102.099998474121,1.037,0.0011,"aoml_navis",1024.13779268629
"7901009",96,0.270283479520123,1,0.383145,1,0.360717,1,170.035929637913,1,4.88186739076657,103.900001525879,1,27.2910003662109,36.4990005493164,0.38314500451088,0.277285635471344,163.964492797852,-87.1302,25.9873,21.8558060063018,63,63,63,63,61,63,0.360717,8046,1.33458767306251,26,-87,0.001869,51,2025-12-19 03:50:14.000395,103.900001525879,1.037,0.0011,"aoml_navis",1024.19824214334
"7901009",96,0.270283479520123,1,0.383145,1,0.360717,1,169.885049644302,1,4.88167353113509,106,1,27.242000579834,36.5200004577637,0.38314500451088,0.277285635471344,163.819000244141,-87.1302,25.9873,21.8558060063018,63,63,63,63,61,63,0.360717,8046,1.33458767306251,26,-87,0.001869,51,2025-12-19 03:50:14.000395,106,1.037,0.0011,"aoml_navis",1024.23891481276
"7901009",96,0.274484777129244,1,0.388752,1,0.366324,1,169.360838587321,1,4.88158504079841,108,1,27.2320003509521,36.5289993286133,0.388752013444901,0.281486928462982,163.313507080078,-87.1302,25.9873,21.8558060063018,63,63,63,63,61,63,0.366324,8046,1.33458767306251,26,-87,0.001869,51,2025-12-19 03:50:14.000395,108,1.037,0.0011,"aoml_navis",1024.25748157861
"7901009",96,0.252077856547265,1,0.358848,1,0.33642,1,167.821261347856,1,4.88129930972268,110,1,27.1079998016357,36.5439987182617,0.358848005533218,0.259080022573471,161.828903198242,-87.1302,25.9873,21.8558060063018,63,63,63,63,61,63,0.33642,8046,1.33458767306251,26,-87,0.001869,51,2025-12-19 03:50:14.000395,110,1.037,0.0011,"aoml_navis",1024.31743737592
"7901009",96,0.233872233574407,1,0.334551,1,0.312123,1,165.577018363719,1,4.88106940564023,111.900001525879,1,27.0069999694824,36.5540008544922,0.334551006555557,0.240874394774437,159.664794921875,-87.1302,25.9873,21.8558060063018,63,63,63,63,61,63,0.312123,8046,1.33458767306251,26,-87,0.001869,51,2025-12-19 03:50:14.000395,111.900001525879,1.037,0.0011,"aoml_navis",1024.36568392622
"7901009",96,0.179255364655833,1,0.26166,1,0.239232,1,162.498401894204,1,4.88047237294007,114,1,26.7269992828369,36.5890007019043,0.261660009622574,0.186257526278496,156.696105957031,-87.1302,25.9873,21.8558060063018,63,63,63,63,61,63,0.239232,8046,1.33458767306251,26,-87,0.001869,51,2025-12-19 03:50:14.000395,114,1.037,0.0011,"aoml_navis",1024.49099552794
"7901009",96,0.114835467982643,1,0.175686,1,0.153258,1,161.351128461932,1,4.87975545463369,116,1,26.3859996795654,36.632999420166,0.175686001777649,0.121837630867958,155.589797973633,-87.1302,25.9873,21.8558060063018,63,63,63,63,61,63,0.153258,8046,1.33458767306251,26,-87,0.001869,51,2025-12-19 03:50:14.000395,116,1.037,0.0011,"aoml_navis",1024.64151051916
"7901009",96,0.0924285474006637,1,0.145782,1,0.123354,1,160.876176914139,1,4.87939491270825,118,1,26.2290000915527,36.6559982299805,0.145781993865967,0.0994307100772858,155.131805419922,-87.1302,25.9873,21.8558060063018,63,63,63,63,61,63,0.123354,8046,1.33458767306251,26,-87,0.001869,51,2025-12-19 03:50:14.000395,118,1.037,0.0011,"aoml_navis",1024.71722200178
"7901009",96,0.0686211942823109,1,0.114009,1,0.091581,1,160.527008803074,1,4.87920580005831,120,1,26.1520004272461,36.6650009155273,0.114009000360966,0.0756233558058739,154.795104980469,-87.1302,25.9873,21.8558060063018,63,63,63,63,61,63,0.091581,8046,1.33458767306251,26,-87,0.001869,51,2025-12-19 03:50:14.000395,120,1.037,0.0011,"aoml_navis",1024.75693891417
"7901009",96,0.0644198966731899,1,0.108402,1,0.085974,1,160.248557282617,1,4.87910159051827,122,1,26.117000579834,36.6679992675781,0.108401998877525,0.0714220628142357,154.526596069336,-87.1302,25.9873,21.8558060063018,63,63,63,63,61,63,0.085974,8046,1.33458767306251,26,-87,0.001869,51,2025-12-19 03:50:14.000395,122,1.037,0.0011,"aoml_navis",1024.77882602746
"7901009",96,0.0490151387730792,1,0.087843,1,0.065415,1,159.922001390836,1,4.87897370165526,124,1,26.0709991455078,36.6730003356934,0.0878430008888245,0.0560173057019711,154.211700439453,-87.1302,25.9873,21.8558060063018,63,63,63,63,61,63,0.065415,8046,1.33458767306251,26,-87,0.001869,51,2025-12-19 03:50:14.000395,124,1.037,0.0011,"aoml_navis",1024.805687783
"7901009",96,0.0560173014549477,1,0.097188,1,0.07476,1,159.513414886902,1,4.87886900475497,126,1,26.0380001068115,36.6769981384277,0.0971880033612251,0.0630194619297981,153.81770324707,-87.1302,25.9873,21.8558060063018,63,63,63,63,61,63,0.07476,8046,1.33458767306251,26,-87,0.001869,51,2025-12-19 03:50:14.000395,126,1.037,0.0011,"aoml_navis",1024.82767935089
"7901009",96,0.0462142737003319,1,0.084105,1,0.061677,1,159.324257105715,1,4.87868221453019,128,1,25.9669990539551,36.6879997253418,0.0841049998998642,0.0532164387404919,153.635299682617,-87.1302,25.9873,21.8558060063018,63,63,63,63,61,63,0.061677,8046,1.33458767306251,26,-87,0.001869,51,2025-12-19 03:50:14.000395,128,1.037,0.0011,"aoml_navis",1024.86691695321
"7901009",96,0.0406125435548371,1,0.076629,1,0.054201,1,159.15511643957,1,4.87853392011502,130,1,25.9120006561279,36.6949996948242,0.0766289979219437,0.0476147085428238,153.472198486328,-87.1302,25.9873,21.8558060063018,63,63,63,63,61,63,0.054201,8046,1.33458767306251,26,-87,0.001869,51,2025-12-19 03:50:14.000395,130,1.037,0.0011,"aoml_navis",1024.89807017312
"7901009",96,0.036411245945716,1,0.071022,1,0.048594,1,158.747463540211,1,4.87846111410506,132,1,25.8929996490479,36.6959991455078,0.0710219964385033,0.043413408100605,153.0791015625,-87.1302,25.9873,21.8558060063018,63,63,63,63,61,63,0.048594,8046,1.33458767306251,26,-87,0.001869,51,2025-12-19 03:50:14.000395,132,1.037,0.0011,"aoml_navis",1024.91336572173
"7901009",96,0.0448138411639582,1,0.082236,1,0.059808,1,158.220958031308,1,4.87822096072489,134.100006103516,1,25.7970008850098,36.7109985351562,0.0822359994053841,0.0518160052597523,152.571395874023,-87.1302,25.9873,21.8558060063018,63,63,63,63,61,63,0.059808,8046,1.33458767306251,26,-87,0.001869,51,2025-12-19 03:50:14.000395,134.100006103516,1.037,0.0011,"aoml_navis",1024.96382190466
"7901009",96,0.0448138411639582,1,0.082236,1,0.059808,1,157.8940856634,1,4.87799983256866,136,1,25.7059993743896,36.7239990234375,0.0822359994053841,0.0518160052597523,152.256195068359,-87.1302,25.9873,21.8558060063018,63,63,63,63,61,63,0.059808,8046,1.33458767306251,26,-87,0.001869,51,2025-12-19 03:50:14.000395,136,1.037,0.0011,"aoml_navis",1025.01028528472
"7901009",96,0.0420129760912108,1,0.078498,1,0.05607,1,156.988663287481,1,4.87789434641997,137.899993896484,1,25.6660003662109,36.726001739502,0.0784979984164238,0.0490151382982731,151.383102416992,-87.1302,25.9873,21.8558060063018,63,63,63,63,61,63,0.05607,8046,1.33458767306251,26,-87,0.001869,51,2025-12-19 03:50:14.000395,137.899993896484,1.037,0.0011,"aoml_navis",1025.03245148588
"7901009",96,0.0462142737003319,1,0.084105,1,0.061677,1,156.182677710708,1,4.87745173840152,140,1,25.4619998931885,36.7529983520508,0.0841049998998642,0.0532164387404919,150.605895996094,-87.1302,25.9873,21.8558060063018,63,63,63,63,61,63,0.061677,8046,1.33458767306251,26,-87,0.001869,51,2025-12-19 03:50:14.000395,140,1.037,0.0011,"aoml_navis",1025.12546882497
"7901009",96,0.0504155713094529,1,0.089712,1,0.067284,1,155.769739660026,1,4.87707941894503,142,1,25.2959995269775,36.7770004272461,0.0897120013833046,0.0574177317321301,150.207702636719,-87.1302,25.9873,21.8558060063018,63,63,63,63,61,63,0.067284,8046,1.33458767306251,26,-87,0.001869,51,2025-12-19 03:50:14.000395,142,1.037,0.0011,"aoml_navis",1025.20372757874
"7901009",96,0.0476147062367056,1,0.085974,1,0.063546,1,155.331594285818,1,4.87683564016398,144,1,25.1849994659424,36.7879981994629,0.0859740003943443,0.0546168722212315,149.785202026367,-87.1302,25.9873,21.8558060063018,63,63,63,63,61,63,0.063546,8046,1.33458767306251,26,-87,0.001869,51,2025-12-19 03:50:14.000395,144,1.037,0.0011,"aoml_navis",1025.25497452112
"7901009",96,0.0420129760912108,1,0.078498,1,0.05607,1,154.834236228224,1,4.87659347302797,146,1,25.0650005340576,36.7949981689453,0.0784979984164238,0.0490151382982731,149.305603027344,-87.1302,25.9873,21.8558060063018,63,63,63,63,61,63,0.05607,8046,1.33458767306251,26,-87,0.001869,51,2025-12-19 03:50:14.000395,146,1.037,0.0011,"aoml_navis",1025.30588773794
"7901009",96,0.0406125435548371,1,0.076629,1,0.054201,1,154.194701270516,1,4.87631179828203,148,1,24.9249992370605,36.8050003051758,0.0766289979219437,0.0476147085428238,148.688903808594,-87.1302,25.9873,21.8558060063018,63,63,63,63,61,63,0.054201,8046,1.33458767306251,26,-87,0.001869,51,2025-12-19 03:50:14.000395,148,1.037,0.0011,"aoml_navis",1025.36511339606
"7901009",96,0.0336103808729686,1,0.067284,1,0.044856,1,153.484956084003,1,4.87601937125355,150,1,24.7870006561279,36.8190002441406,0.0672840029001236,0.0406125411391258,148.004501342773,-87.1302,25.9873,21.8558060063018,63,63,63,63,61,63,0.044856,8046,1.33458767306251,26,-87,0.001869,51,2025-12-19 03:50:14.000395,150,1.037,0.0011,"aoml_navis",1025.42660709623
"7901009",96,0.036411245945716,1,0.071022,1,0.048594,1,152.647038066003,1,4.87577262328777,152,1,24.6800003051758,36.8330001831055,0.0710219964385033,0.043413408100605,147.196502685547,-87.1302,25.9873,21.8558060063018,63,63,63,63,61,63,0.048594,8046,1.33458767306251,26,-87,0.001869,51,2025-12-19 03:50:14.000395,152,1.037,0.0011,"aoml_navis",1025.47850080598
"7901009",96,0.0322099483365949,1,0.065415,1,0.042987,1,152.44947784364,1,4.87540062788202,154.100006103516,1,24.5,36.8520011901855,0.0654150024056435,0.0392121113836765,147.005996704102,-87.1302,25.9873,21.8558060063018,63,63,63,63,61,63,0.042987,8046,1.33458767306251,26,-87,0.001869,51,2025-12-19 03:50:14.000395,154.100006103516,1.037,0.0011,"aoml_navis",1025.55674530733
"7901009",96,0.0308095158002212,1,0.063546,1,0.041118,1,152.093157372103,1,4.87528822006658,156,1,24.4589996337891,36.8559989929199,0.0635460019111633,0.0378116779029369,146.662399291992,-87.1302,25.9873,21.8558060063018,63,63,63,63,61,63,0.041118,8046,1.33458767306251,26,-87,0.001869,51,2025-12-19 03:50:14.000395,156,1.037,0.0011,"aoml_navis",1025.58039121054
"7901009",96,0.0280086507274739,1,0.059808,1,0.03738,1,151.165739905349,1,4.87518316979848,158,1,24.4169998168945,36.8569984436035,0.0598080009222031,0.035010814666748,145.768096923828,-87.1302,25.9873,21.8558060063018,63,63,63,63,61,63,0.03738,8046,1.33458767306251,26,-87,0.001869,51,2025-12-19 03:50:14.000395,158,1.037,0.0011,"aoml_navis",1025.60249037918
"7901009",96,0.0210064880456054,1,0.050463,1,0.028035,1,150.416909917135,1,4.87466139087971,160,1,24.1399993896484,36.8800010681152,0.0504629984498024,0.0280086528509855,145.046005249023,-87.1302,25.9873,21.8558060063018,63,63,63,63,61,63,0.028035,8046,1.33458767306251,26,-87,0.001869,51,2025-12-19 03:50:14.000395,160,1.037,0.0011,"aoml_navis",1025.71226985218
"7901009",96,0.0168051904364843,1,0.044856,1,0.022428,1,149.759525705857,1,4.87433363829497,162,1,23.9720001220703,36.8930015563965,0.0448560006916523,0.0238073542714119,144.412094116211,-87.1302,25.9873,21.8558060063018,63,63,63,63,61,63,0.022428,8046,1.33458767306251,26,-87,0.001869,51,2025-12-19 03:50:14.000395,162,1.037,0.0011,"aoml_navis",1025.78123924832
"7901009",96,0.0126038928273632,1,0.039249,1,0.016821,1,149.466674521615,1,4.87412941897537,164,1,23.875,36.9000015258789,0.0392489992082119,0.0196060556918383,144.129699707031,-87.1302,25.9873,21.8558060063018,63,63,63,63,61,63,0.016821,8046,1.33458767306251,26,-87,0.001869,51,2025-12-19 03:50:14.000395,164,1.037,0.0011,"aoml_navis",1025.82421807156
"7901009",96,0.00840259521824216,1,0.033642,1,0.011214,1,148.722607499115,1,4.87401746815156,166,1,23.8250007629395,36.9000015258789,0.0336420014500618,0.0154047571122646,143.412200927734,-87.1302,25.9873,21.8558060063018,63,63,63,63,61,63,0.011214,8046,1.33458767306251,26,-87,0.001869,51,2025-12-19 03:50:14.000395,166,1.037,0.0011,"aoml_navis",1025.84778012628
"7901009",96,0.00840259521824216,1,0.033642,1,0.011214,1,148.186987477751,1,4.87370614774624,168,1,23.6520004272461,36.9070014953613,0.0336420014500618,0.0154047571122646,142.895706176758,-87.1302,25.9873,21.8558060063018,63,63,63,63,61,63,0.011214,8046,1.33458767306251,26,-87,0.001869,51,2025-12-19 03:50:14.000395,168,1.037,0.0011,"aoml_navis",1025.91330876856
"7901009",96,0.00700216268186846,1,0.031773,1,0.009345,1,148.19350688597,1,4.87320880183157,170,1,23.3509998321533,36.9160003662109,0.0317730009555817,0.0140043264254928,142.901992797852,-87.1302,25.9873,21.8558060063018,63,63,63,63,61,63,0.009345,8046,1.33458767306251,26,-87,0.001869,51,2025-12-19 03:50:14.000395,170,1.037,0.0011,"aoml_navis",1026.01801058078
"7901009",96,0.00420129760912108,1,0.028035,1,0.005607,1,148.427889105724,1,4.87276600149611,172,1,23.0790004730225,36.9220008850098,0.0280349999666214,0.0112034603953362,143.128005981445,-87.1302,25.9873,21.8558060063018,63,63,63,63,61,63,0.005607,8046,1.33458767306251,26,-87,0.001869,51,2025-12-19 03:50:14.000395,172,1.037,0.0011,"aoml_navis",1026.11124738287
"7901009",96,0.00560173014549477,1,0.029904,1,0.007476,1,148.600036295077,1,4.87244474438513,174,1,22.8850002288818,36.9249992370605,0.0299040004611015,0.0126038929447532,143.294006347656,-87.1302,25.9873,21.8558060063018,63,63,63,63,61,63,0.007476,8046,1.33458767306251,26,-87,0.001869,51,2025-12-19 03:50:14.000395,174,1.037,0.0011,"aoml_navis",1026.1789024415
"7901009",96,0.00280086507274739,1,0.026166,1,0.003738,1,148.248478789253,1,4.87230249786734,176,1,22.8040008544922,36.9220008850098,0.0261659994721413,0.00980302784591913,142.955001831055,-87.1302,25.9873,21.8558060063018,63,63,63,63,61,63,0.003738,8046,1.33458767306251,26,-87,0.001869,51,2025-12-19 03:50:14.000395,176,1.037,0.0011,"aoml_navis",1026.20886166008
"7901009",96,0,1,0.022428,1,0,1,148.20440948855,1,4.87192667333279,178,1,22.5610008239746,36.9220008850098,0.0224280003458261,0.00700216321274638,142.912506103516,-87.1302,25.9873,21.8558060063018,63,63,63,63,61,63,0,8046,1.33458767306251,26,-87,0.001869,51,2025-12-19 03:50:14.000395,178,1.037,0.0011,"aoml_navis",1026.28802427759
"7901009",96,0.00140043253637369,1,0.024297,1,0.001869,1,148.275743207605,1,4.87164705462472,180,1,22.371000289917,36.9160003662109,0.0242970008403063,0.00840259529650211,142.981292724609,-87.1302,25.9873,21.8558060063018,63,63,63,63,61,63,0.001869,8046,1.33458767306251,26,-87,0.001869,51,2025-12-19 03:50:14.000395,180,1.037,0.0011,"aoml_navis",1026.34693029608
"7901009",96,0.00280086507274739,1,0.026166,1,0.003738,1,148.136272178378,1,4.87150500216811,182,1,22.2889995574951,36.9129981994629,0.0261659994721413,0.00980302784591913,142.846801757812,-87.1302,25.9873,21.8558060063018,63,63,63,63,61,63,0.003738,8046,1.33458767306251,26,-87,0.001869,51,2025-12-19 03:50:14.000395,182,1.037,0.0011,"aoml_navis",1026.37685843999
"7901009",96,0.00140043253637369,1,0.024297,1,0.001869,1,148.095937295975,1,4.87134999086305,184,1,22.1919994354248,36.9080009460449,0.0242970008403063,0.00840259529650211,142.807907104492,-87.1302,25.9873,21.8558060063018,63,63,63,63,61,63,0.001869,8046,1.33458767306251,26,-87,0.001869,51,2025-12-19 03:50:14.000395,184,1.037,0.0011,"aoml_navis",1026.40951879423
"7901009",96,0,1,0.022428,1,0,1,147.995551068449,1,4.87121704544647,186,1,22.1110000610352,36.9029998779297,0.0224280003458261,0.00700216321274638,142.71110534668,-87.1302,25.9873,21.8558060063018,63,63,63,63,61,63,0,8046,1.33458767306251,26,-87,0.001869,51,2025-12-19 03:50:14.000395,186,1.037,0.0011,"aoml_navis",1026.43753159673
"7901009",96,0.00140043253637369,1,0.024297,1,0.001869,1,147.917049165114,1,4.87109833812886,188,1,22.0429992675781,36.898998260498,0.0242970008403063,0.00840259529650211,142.635406494141,-87.1302,25.9873,21.8558060063018,63,63,63,63,61,63,0.001869,8046,1.33458767306251,26,-87,0.001869,51,2025-12-19 03:50:14.000395,188,1.037,0.0011,"aoml_navis",1026.46254559514
"7901009",96,-0.00140043253637369,1,0.020559,1,-0.001869,1,148.021153987134,1,4.87096447655967,190,1,21.9610004425049,36.8940010070801,0.020558999851346,0.00560173019766808,142.735794067383,-87.1302,25.9873,21.8558060063018,63,63,63,63,61,63,-0.001869,8046,1.33458767306251,26,-87,0.001869,51,2025-12-19 03:50:14.000395,190,1.037,0.0011,"aoml_navis",1026.49075435908
"7901009",96,-0.00280086507274739,1,0.01869,1,-0.003738,1,147.73930034831,1,4.87086549061872,192,1,21.9020004272461,36.8880004882812,0.0186899993568659,0.00420129764825106,142.464004516602,-87.1302,25.9873,21.8558060063018,63,63,63,63,61,63,-0.003738,8046,1.33458767306251,26,-87,0.001869,51,2025-12-19 03:50:14.000395,192,1.037,0.0011,"aoml_navis",1026.51161474896
"7901009",96,-0.00280086507274739,1,0.01869,1,-0.003738,1,147.378311853897,1,4.87072130719899,194,1,21.8120002746582,36.882999420166,0.0186899993568659,0.00420129764825106,142.115905761719,-87.1302,25.9873,21.8558060063018,63,63,63,63,61,63,-0.003738,8046,1.33458767306251,26,-87,0.001869,51,2025-12-19 03:50:14.000395,194,1.037,0.0011,"aoml_navis",1026.54200161482
"7901009",96,-0.00280086507274739,1,0.01869,1,-0.003738,1,146.887473204522,1,4.87047495549408,196,1,21.6240005493164,36.8699989318848,0.0186899993568659,0.00420129764825106,141.642593383789,-87.1302,25.9873,21.8558060063018,63,63,63,63,61,63,-0.003738,8046,1.33458767306251,26,-87,0.001869,51,2025-12-19 03:50:14.000395,196,1.037,0.0011,"aoml_navis",1026.59392475878
"7901009",96,-0.00280086507274739,1,0.01869,1,-0.003738,1,146.629988227487,1,4.87029559691557,198,1,21.488000869751,36.8580017089844,0.0186899993568659,0.00420129764825106,141.394302368164,-87.1302,25.9873,21.8558060063018,63,63,63,63,61,63,-0.003738,8046,1.33458767306251,26,-87,0.001869,51,2025-12-19 03:50:14.000395,198,1.037,0.0011,"aoml_navis",1026.63173117594
"7901009",96,-0.00420129760912108,1,0.016821,1,-0.005607,1,146.196099457189,1,4.87022865813333,200,1,21.4549999237061,36.8530006408691,0.0168210007250309,0.00280086509883404,140.97590637207,-87.1302,25.9873,21.8558060063018,63,63,63,63,61,63,-0.005607,8046,1.33458767306251,26,-87,0.001869,51,2025-12-19 03:50:14.000395,200,1.037,0.0011,"aoml_navis",1026.64584169984
"7901009",96,-0.00420129760912108,1,0.016821,1,-0.005607,1,146.177633075171,1,4.87002271336028,202,1,21.3010005950928,36.8419990539551,0.0168210007250309,0.00280086509883404,140.958099365234,-87.1302,25.9873,21.8558060063018,63,63,63,63,61,63,-0.005607,8046,1.33458767306251,26,-87,0.001869,51,2025-12-19 03:50:14.000395,202,1.037,0.0011,"aoml_navis",1026.68925676325
"7901009",96,-0.00280086507274739,1,0.01869,1,-0.003738,1,146.304777359246,1,4.86991952783252,204,1,21.2350006103516,36.8349990844727,0.0186899993568659,0.00420129764825106,141.080703735352,-87.1302,25.9873,21.8558060063018,63,63,63,63,61,63,-0.003738,8046,1.33458767306251,26,-87,0.001869,51,2025-12-19 03:50:14.000395,204,1.037,0.0011,"aoml_navis",1026.71101060789
"7901009",96,-0.00280086507274739,1,0.01869,1,-0.003738,1,146.817579451845,1,4.86983235498758,206,1,21.1809997558594,36.8279991149902,0.0186899993568659,0.00420129764825106,141.5751953125,-87.1302,25.9873,21.8558060063018,63,63,63,63,61,63,-0.003738,8046,1.33458767306251,26,-87,0.001869,51,2025-12-19 03:50:14.000395,206,1.037,0.0011,"aoml_navis",1026.72938933495
"7901009",96,-0.00420129760912108,1,0.016821,1,-0.005607,1,147.902317201396,1,4.86964510660356,208,1,21.0400009155273,36.8170013427734,0.0168210007250309,0.00280086509883404,142.621200561523,-87.1302,25.9873,21.8558060063018,63,63,63,63,61,63,-0.005607,8046,1.33458767306251,26,-87,0.001869,51,2025-12-19 03:50:14.000395,208,1.037,0.0011,"aoml_navis",1026.76886930008
"7901009",96,-0.00280086507274739,1,0.01869,1,-0.003738,1,148.432034942989,1,4.86948452072168,210,1,20.9160003662109,36.8050003051758,0.0186899993568659,0.00420129764825106,143.13200378418,-87.1302,25.9873,21.8558060063018,63,63,63,63,61,63,-0.003738,8046,1.33458767306251,26,-87,0.001869,51,2025-12-19 03:50:14.000395,210,1.037,0.0011,"aoml_navis",1026.80273008835
"7901009",96,-0.00420129760912108,1,0.016821,1,-0.005607,1,148.979997533312,1,4.86930693551522,212,1,20.7730007171631,36.7910003662109,0.0168210007250309,0.00280086509883404,143.660400390625,-87.1302,25.9873,21.8558060063018,63,63,63,63,61,63,-0.005607,8046,1.33458767306251,26,-87,0.001869,51,2025-12-19 03:50:14.000395,212,1.037,0.0011,"aoml_navis",1026.84017791763
"7901009",96,-0.00700216268186846,1,0.013083,1,-0.009345,1,149.191340291011,1,4.86918913818839,214,1,20.6919994354248,36.7830009460449,0.0130829997360706,0,143.864196777344,-87.1302,25.9873,21.8558060063018,63,63,63,63,61,63,-0.009345,8046,1.33458767306251,26,-87,0.001869,51,2025-12-19 03:50:14.000395,214,1.037,0.0011,"aoml_navis",1026.86501963657
"7901009",96,-0.00700216268186846,1,0.013083,1,-0.009345,1,149.256471077974,1,4.86909108242621,216,1,20.6259994506836,36.7750015258789,0.0130829997360706,0,143.927001953125,-87.1302,25.9873,21.8558060063018,63,63,63,63,61,63,-0.009345,8046,1.33458767306251,26,-87,0.001869,51,2025-12-19 03:50:14.000395,216,1.037,0.0011,"aoml_navis",1026.88569906738
"7901009",96,-0.00280086507274739,1,0.01869,1,-0.003738,1,149.393362826765,1,4.86899580041935,218,1,20.5620002746582,36.7669982910156,0.0186899993568659,0.00420129764825106,144.059005737305,-87.1302,25.9873,21.8558060063018,63,63,63,63,61,63,-0.003738,8046,1.33458767306251,26,-87,0.001869,51,2025-12-19 03:50:14.000395,218,1.037,0.0011,"aoml_navis",1026.90579432608
"7901009",96,-0.00420129760912108,1,0.016821,1,-0.005607,1,149.698034394355,1,4.86886489877847,220,1,20.4619998931885,36.7560005187988,0.0168210007250309,0.00280086509883404,144.352798461914,-87.1302,25.9873,21.8558060063018,63,63,63,63,61,63,-0.005607,8046,1.33458767306251,26,-87,0.001869,51,2025-12-19 03:50:14.000395,220,1.037,0.0011,"aoml_navis",1026.93340315408
"7901009",96,0.00140043253637369,1,0.024297,1,0.001869,1,150.168017266953,1,4.86867619794371,222,1,20.2999992370605,36.7389984130859,0.0242970008403063,0.00840259529650211,144.805999755859,-87.1302,25.9873,21.8558060063018,63,63,63,63,61,63,0.001869,8046,1.33458767306251,26,-87,0.001869,51,2025-12-19 03:50:14.000395,222,1.037,0.0011,"aoml_navis",1026.97320518291
"7901009",96,-0.00140043253637369,1,0.020559,1,-0.001869,1,150.472688834542,1,4.86857094023752,224,1,20.2220001220703,36.7290000915527,0.020558999851346,0.00560173019766808,145.099792480469,-87.1302,25.9873,21.8558060063018,63,63,63,63,61,63,-0.001869,8046,1.33458767306251,26,-87,0.001869,51,2025-12-19 03:50:14.000395,224,1.037,0.0011,"aoml_navis",1026.99540817538
"7901009",96,-0.00280086507274739,1,0.01869,1,-0.003738,1,150.723242984393,1,4.86844414543521,226,1,20.1270008087158,36.7190017700195,0.0186899993568659,0.00420129764825106,145.341400146484,-87.1302,25.9873,21.8558060063018,63,63,63,63,61,63,-0.003738,8046,1.33458767306251,26,-87,0.001869,51,2025-12-19 03:50:14.000395,226,1.037,0.0011,"aoml_navis",1027.0221554638
"7901009",96,-0.00560173014549477,1,0.014952,1,-0.007476,1,150.645263266668,1,4.86838654137156,228,1,20.1000003814697,36.7140007019043,0.0149520002305508,0.00140043254941702,145.266204833984,-87.1302,25.9873,21.8558060063018,63,63,63,63,61,63,-0.007476,8046,1.33458767306251,26,-87,0.001869,51,2025-12-19 03:50:14.000395,228,1.037,0.0011,"aoml_navis",1027.03430746716
"7901009",96,-0.00420129760912108,1,0.016821,1,-0.005607,1,150.971819158449,1,4.86824043362724,230,1,19.9810009002686,36.701000213623,0.0168210007250309,0.00280086509883404,145.581100463867,-87.1302,25.9873,21.8558060063018,63,63,63,63,61,63,-0.005607,8046,1.33458767306251,26,-87,0.001869,51,2025-12-19 03:50:14.000395,230,1.037,0.0011,"aoml_navis",1027.06513126645
"7901009",96,-0.00280086507274739,1,0.01869,1,-0.003738,1,151.149567975252,1,4.86815836971981,232,1,19.9290008544922,36.6940002441406,0.0186899993568659,0.00420129764825106,145.752502441406,-87.1302,25.9873,21.8558060063018,63,63,63,63,61,63,-0.003738,8046,1.33458767306251,26,-87,0.001869,51,2025-12-19 03:50:14.000395,232,1.037,0.0011,"aoml_navis",1027.08244479067
"7901009",96,-0.00420129760912108,1,0.016821,1,-0.005607,1,151.364028022803,1,4.86807386531008,234,1,19.875,36.6870002746582,0.0168210007250309,0.00280086509883404,145.95930480957,-87.1302,25.9873,21.8558060063018,63,63,63,63,61,63,-0.005607,8046,1.33458767306251,26,-87,0.001869,51,2025-12-19 03:50:14.000395,234,1.037,0.0011,"aoml_navis",1027.10027381261
"7901009",96,-0.00560173014549477,1,0.014952,1,-0.007476,1,151.460885541512,1,4.8679856676636,236,1,19.818000793457,36.6800003051758,0.0149520002305508,0.00140043254941702,146.052703857422,-87.1302,25.9873,21.8558060063018,63,63,63,63,61,63,-0.007476,8046,1.33458767306251,26,-87,0.001869,51,2025-12-19 03:50:14.000395,236,1.037,0.0011,"aoml_navis",1027.11888270611
"7901009",96,-0.00840259521824216,1,0.011214,1,-0.011214,1,151.719098413639,1,4.86788312469461,238,1,19.7409992218018,36.6699981689453,0.0112140001729131,-0.00140043254941702,146.301696777344,-87.1302,25.9873,21.8558060063018,63,63,63,63,61,63,-0.011214,8046,1.33458767306251,26,-87,0.001869,51,2025-12-19 03:50:14.000395,238,1.037,0.0011,"aoml_navis",1027.14051917869
"7901009",96,-0.00560173014549477,1,0.014952,1,-0.007476,1,151.98593526023,1,4.86776278453385,240,1,19.6439990997314,36.6580009460449,0.0149520002305508,0.00140043254941702,146.559005737305,-87.1302,25.9873,21.8558060063018,63,63,63,63,61,63,-0.007476,8046,1.33458767306251,26,-87,0.001869,51,2025-12-19 03:50:14.000395,240,1.037,0.0011,"aoml_navis",1027.16591200506
"7901009",96,-0.00560173014549477,1,0.014952,1,-0.007476,1,152.077602570454,1,4.86770204980216,242,1,19.617000579834,36.6539993286133,0.0149520002305508,0.00140043254941702,146.647399902344,-87.1302,25.9873,21.8558060063018,63,63,63,63,61,63,-0.007476,8046,1.33458767306251,26,-87,0.001869,51,2025-12-19 03:50:14.000395,242,1.037,0.0011,"aoml_navis",1027.17872804134
"7901009",96,-0.00140043253637369,1,0.020559,1,-0.001869,1,152.111623754121,1,4.86764795712332,244,1,19.6009998321533,36.6520004272461,0.020558999851346,0.00560173019766808,146.680206298828,-87.1302,25.9873,21.8558060063018,63,63,63,63,61,63,-0.001869,8046,1.33458767306251,26,-87,0.001869,51,2025-12-19 03:50:14.000395,244,1.037,0.0011,"aoml_navis",1027.19014276351
"7901009",96,-0.00420129760912108,1,0.016821,1,-0.005607,1,152.265098851973,1,4.86759733647438,246,1,19.5820007324219,36.6479988098145,0.0168210007250309,0.00280086509883404,146.828201293945,-87.1302,25.9873,21.8558060063018,63,63,63,63,61,63,-0.005607,8046,1.33458767306251,26,-87,0.001869,51,2025-12-19 03:50:14.000395,246,1.037,0.0011,"aoml_navis",1027.20082504226
"7901009",96,-0.00560173014549477,1,0.014952,1,-0.007476,1,152.588964696674,1,4.86748557621106,248,1,19.5,36.6389999389648,0.0149520002305508,0.00140043254941702,147.140502929688,-87.1302,25.9873,21.8558060063018,63,63,63,63,61,63,-0.007476,8046,1.33458767306251,26,-87,0.001869,51,2025-12-19 03:50:14.000395,248,1.037,0.0011,"aoml_navis",1027.22441016294
"7901009",96,-0.00420129760912108,1,0.016821,1,-0.005607,1,152.832034186118,1,4.86736739245974,250,1,19.4039993286133,36.6269989013672,0.0168210007250309,0.00280086509883404,147.374893188477,-87.1302,25.9873,21.8558060063018,63,63,63,63,61,63,-0.005607,8046,1.33458767306251,26,-87,0.001869,51,2025-12-19 03:50:14.000395,250,1.037,0.0011,"aoml_navis",1027.24935203078
"7901009",96,-0.00560173014549477,1,0.014952,1,-0.007476,1,152.815245127573,1,4.86731564095061,252,1,19.3840007781982,36.6230010986328,0.0149520002305508,0.00140043254941702,147.358703613281,-87.1302,25.9873,21.8558060063018,63,63,63,63,61,63,-0.007476,8046,1.33458767306251,26,-87,0.001869,51,2025-12-19 03:50:14.000395,252,1.037,0.0011,"aoml_navis",1027.26027421215
"7901009",96,-0.00420129760912108,1,0.016821,1,-0.005607,1,152.701994145479,1,4.86727433282306,254,1,19.3810005187988,36.6220016479492,0.0168210007250309,0.00280086509883404,147.249496459961,-87.1302,25.9873,21.8558060063018,63,63,63,63,61,63,-0.005607,8046,1.33458767306251,26,-87,0.001869,51,2025-12-19 03:50:14.000395,254,1.037,0.0011,"aoml_navis",1027.2689924794
"7901009",96,-0.00420129760912108,1,0.016821,1,-0.005607,1,152.591765510399,1,4.86723289875835,256,1,19.375,36.6199989318848,0.0168210007250309,0.00280086509883404,147.143203735352,-87.1302,25.9873,21.8558060063018,63,63,63,63,61,63,-0.005607,8046,1.33458767306251,26,-87,0.001869,51,2025-12-19 03:50:14.000395,256,1.037,0.0011,"aoml_navis",1027.27773747493
"7901009",96,-0.00560173014549477,1,0.014952,1,-0.007476,1,152.807665524328,1,4.86714313854256,258,1,19.3129997253418,36.6119995117188,0.0149520002305508,0.00140043254941702,147.35139465332,-87.1302,25.9873,21.8558060063018,63,63,63,63,61,63,-0.007476,8046,1.33458767306251,26,-87,0.001869,51,2025-12-19 03:50:14.000395,258,1.037,0.0011,"aoml_navis",1027.29668260737
"7901009",96,-0.00560173014549477,1,0.014952,1,-0.007476,1,153.306795848235,1,4.86700897029007,260,1,19.1919994354248,36.5960006713867,0.0149520002305508,0.00140043254941702,147.832702636719,-87.1302,25.9873,21.8558060063018,63,63,63,63,61,63,-0.007476,8046,1.33458767306251,26,-87,0.001869,51,2025-12-19 03:50:14.000395,260,1.037,0.0011,"aoml_navis",1027.3250019718
"7901009",96,-0.00700216268186846,1,0.013083,1,-0.009345,1,153.512536978483,1,4.86691964825967,262,1,19.1299991607666,36.5880012512207,0.0130829997360706,0,148.031097412109,-87.1302,25.9873,21.8558060063018,63,63,63,63,61,63,-0.009345,8046,1.33458767306251,26,-87,0.001869,51,2025-12-19 03:50:14.000395,262,1.037,0.0011,"aoml_navis",1027.34385635233
"7901009",96,0,1,0.013083,1,-0.009345,1,153.555989150738,1,4.86687080836361,264,1,19.1180000305176,36.5859985351562,0.0130829997360706,0,148.072998046875,-87.1302,25.9873,21.8558060063018,63,63,63,63,61,63,0,8046,1.33458767306251,26,-87,0.001869,51,2025-12-19 03:50:14.000395,264,1.037,0.0011,"aoml_navis",1027.35416592682
"7901009",96,0,1,0.014952,1,-0.007476,1,153.595611961855,1,4.86682196021999,266,1,19.1060009002686,36.5839996337891,0.0149520002305508,0.00140043254941702,148.111206054688,-87.1302,25.9873,21.8558060063018,63,63,63,63,61,63,0,8046,1.33458767306251,26,-87,0.001869,51,2025-12-19 03:50:14.000395,266,1.037,0.0011,"aoml_navis",1027.36447744926
"7901009",96,0,1,0.013083,1,-0.009345,1,153.540117872963,1,4.86677289981302,268,1,19.0879993438721,36.5800018310547,0.0130829997360706,0,148.057693481445,-87.1302,25.9873,21.8558060063018,63,63,63,63,61,63,0,8046,1.33458767306251,26,-87,0.001869,51,2025-12-19 03:50:14.000395,268,1.037,0.0011,"aoml_navis",1027.37483398745
"7901009",96,0,1,0.014952,1,-0.007476,1,153.520417234049,1,4.86670517313762,270,1,19.0520000457764,36.5750007629395,0.0149520002305508,0.00140043254941702,148.038696289062,-87.1302,25.9873,21.8558060063018,63,63,63,63,61,63,0,8046,1.33458767306251,26,-87,0.001869,51,2025-12-19 03:50:14.000395,270,1.037,0.0011,"aoml_navis",1027.38913127471
"7901009",96,0,1,0.013083,1,-0.009345,1,153.571449009549,1,4.86661113056701,272,1,18.9829998016357,36.5660018920898,0.0130829997360706,0,148.087905883789,-87.1302,25.9873,21.8558060063018,63,63,63,63,61,63,0,8046,1.33458767306251,26,-87,0.001869,51,2025-12-19 03:50:14.000395,272,1.037,0.0011,"aoml_navis",1027.40898457968
"7901009",96,0,1,0.01869,1,-0.003738,1,153.545418848092,1,4.86654725026037,274,1,18.9500007629395,36.5610008239746,0.0186899993568659,0.00420129764825106,148.062805175781,-87.1302,25.9873,21.8558060063018,63,63,63,63,61,63,0,8046,1.33458767306251,26,-87,0.001869,51,2025-12-19 03:50:14.000395,274,1.037,0.0011,"aoml_navis",1027.42247077381
"7901009",96,0,1,0.011214,1,-0.011214,1,153.538883616067,1,4.86649971674873,276,1,18.9389991760254,36.5589981079102,0.0112140001729131,-0.00140043254941702,148.056503295898,-87.1302,25.9873,21.8558060063018,63,63,63,63,61,63,0,8046,1.33458767306251,26,-87,0.001869,51,2025-12-19 03:50:14.000395,276,1.037,0.0011,"aoml_navis",1027.43250611765
"7901009",96,0,1,0.020559,1,-0.001869,1,153.479037980426,1,4.86645349952445,278,1,18.931999206543,36.5579986572266,0.020558999851346,0.00560173019766808,147.998794555664,-87.1302,25.9873,21.8558060063018,63,63,63,63,61,63,0,8046,1.33458767306251,26,-87,0.001869,51,2025-12-19 03:50:14.000395,278,1.037,0.0011,"aoml_navis",1027.44226375298
"7901009",96,0,1,0.016821,1,-0.005607,1,153.449273400669,1,4.86639715265217,280,1,18.9080009460449,36.5540008544922,0.0168210007250309,0.00280086509883404,147.970092773438,-87.1302,25.9873,21.8558060063018,63,63,63,63,61,63,0,8046,1.33458767306251,26,-87,0.001869,51,2025-12-19 03:50:14.000395,280,1.037,0.0011,"aoml_navis",1027.45416026619
"7901009",96,0,1,0.013083,1,-0.009345,1,153.444621201601,1,4.86634461907218,282,1,18.8899993896484,36.5509986877441,0.0130829997360706,0,147.965606689453,-87.1302,25.9873,21.8558060063018,63,63,63,63,61,63,0,8046,1.33458767306251,26,-87,0.001869,51,2025-12-19 03:50:14.000395,282,1.037,0.0011,"aoml_navis",1027.46525192729
"7901009",96,0,1,0.014952,1,-0.007476,1,153.427610609767,1,4.86629331739839,284,1,18.8729991912842,36.5480003356934,0.0149520002305508,0.00140043254941702,147.949203491211,-87.1302,25.9873,21.8558060063018,63,63,63,63,61,63,0,8046,1.33458767306251,26,-87,0.001869,51,2025-12-19 03:50:14.000395,284,1.037,0.0011,"aoml_navis",1027.47608372137
"7901009",96,0,1,0.013083,1,-0.009345,1,153.401058262701,1,4.86622587284505,286,1,18.8369998931885,36.5429992675781,0.0130829997360706,0,147.923599243164,-87.1302,25.9873,21.8558060063018,63,63,63,63,61,63,0,8046,1.33458767306251,26,-87,0.001869,51,2025-12-19 03:50:14.000395,286,1.037,0.0011,"aoml_navis",1027.49032425754
"7901009",96,0,1,0.01869,1,-0.003738,1,153.400536077091,1,4.86616216567681,288,1,18.8040008544922,36.5379981994629,0.0186899993568659,0.00420129764825106,147.923095703125,-87.1302,25.9873,21.8558060063018,63,63,63,63,61,63,0,8046,1.33458767306251,26,-87,0.001869,51,2025-12-19 03:50:14.000395,288,1.037,0.0011,"aoml_navis",1027.50377602851
"7901009",96,0,1,0.014952,1,-0.007476,1,153.46898986339,1,4.86607857210859,290,1,18.7430000305176,36.5289993286133,0.0149520002305508,0.00140043254941702,147.989105224609,-87.1302,25.9873,21.8558060063018,63,63,63,63,61,63,0,8046,1.33458767306251,26,-87,0.001869,51,2025-12-19 03:50:14.000395,290,1.037,0.0011,"aoml_navis",1027.52142734789
"7901009",96,0,1,0.01869,1,-0.003738,1,153.456647294432,1,4.866000024165,292,1,18.6860008239746,36.5200004577637,0.0186899993568659,0.00420129764825106,147.977203369141,-87.1302,25.9873,21.8558060063018,63,63,63,63,61,63,0,8046,1.33458767306251,26,-87,0.001869,51,2025-12-19 03:50:14.000395,292,1.037,0.0011,"aoml_navis",1027.53801380385
"7901009",96,0,1,0.014952,1,-0.007476,1,153.408843575428,1,4.86593399739983,294,1,18.6480007171631,36.5139999389648,0.0149520002305508,0.00140043254941702,147.931106567383,-87.1302,25.9873,21.8558060063018,63,63,63,63,61,63,0,8046,1.33458767306251,26,-87,0.001869,51,2025-12-19 03:50:14.000395,294,1.037,0.0011,"aoml_navis",1027.55195665864
"7901009",96,0,1,0.014952,1,-0.007476,1,153.293203198574,1,4.86586563065298,296,1,18.6110000610352,36.5089988708496,0.0149520002305508,0.00140043254941702,147.819595336914,-87.1302,25.9873,21.8558060063018,63,63,63,63,61,63,0,8046,1.33458767306251,26,-87,0.001869,51,2025-12-19 03:50:14.000395,296,1.037,0.0011,"aoml_navis",1027.5663940455
"7901009",96,0,1,0.013083,1,-0.009345,1,153.207137515801,1,4.86579970986857,298,1,18.5729999542236,36.5029983520508,0.0130829997360706,0,147.736602783203,-87.1302,25.9873,21.8558060063018,63,63,63,63,61,63,0,8046,1.33458767306251,26,-87,0.001869,51,2025-12-19 03:50:14.000395,298,1.037,0.0011,"aoml_navis",1027.58031528903
"7901009",96,0,1,0.01869,1,-0.003738,1,153.065688510779,1,4.86573626896041,300,1,18.5370006561279,36.4970016479492,0.0186899993568659,0.00420129764825106,147.600204467773,-87.1302,25.9873,21.8558060063018,63,63,63,63,61,63,0,8046,1.33458767306251,26,-87,0.001869,51,2025-12-19 03:50:14.000395,300,1.037,0.0011,"aoml_navis",1027.59371318501
"7901009",96,0,1,0.020559,1,-0.001869,1,152.997029014998,1,4.86566061313703,302,1,18.4820003509521,36.4879989624023,0.020558999851346,0.00560173019766808,147.533996582031,-87.1302,25.9873,21.8558060063018,63,63,63,63,61,63,0,8046,1.33458767306251,26,-87,0.001869,51,2025-12-19 03:50:14.000395,302,1.037,0.0011,"aoml_navis",1027.60969116922
"7901009",96,0,1,0.01869,1,-0.003738,1,152.856925033516,1,4.86560097387483,304,1,18.4519996643066,36.4830017089844,0.0186899993568659,0.00420129764825106,147.398895263672,-87.1302,25.9873,21.8558060063018,63,63,63,63,61,63,0,8046,1.33458767306251,26,-87,0.001869,51,2025-12-19 03:50:14.000395,304,1.037,0.0011,"aoml_navis",1027.62228691724
"7901009",96,0,1,0.014952,1,-0.007476,1,152.731964434718,1,4.86552920659425,306,1,18.4090003967285,36.4770011901855,0.0149520002305508,0.00140043254941702,147.278396606445,-87.1302,25.9873,21.8558060063018,63,63,63,63,61,63,0,8046,1.33458767306251,26,-87,0.001869,51,2025-12-19 03:50:14.000395,306,1.037,0.0011,"aoml_navis",1027.63744449905
"7901009",96,0,1,0.020559,1,-0.001869,1,152.592287696009,1,4.86547454058578,308,1,18.3859996795654,36.4729995727539,0.020558999851346,0.00560173019766808,147.143707275391,-87.1302,25.9873,21.8558060063018,63,63,63,63,61,63,0,8046,1.33458767306251,26,-87,0.001869,51,2025-12-19 03:50:14.000395,308,1.037,0.0011,"aoml_navis",1027.64899051307
"7901009",96,0,1,0.013083,1,-0.009345,1,152.392971031141,1,4.86541621320644,310,1,18.3540000915527,36.4669990539551,0.0130829997360706,0,146.951507568359,-87.1302,25.9873,21.8558060063018,63,63,63,63,61,63,0,8046,1.33458767306251,26,-87,0.001869,51,2025-12-19 03:50:14.000395,310,1.037,0.0011,"aoml_navis",1027.66131013175
"7901009",96,0,1,0.016821,1,-0.005607,1,152.103838441393,1,4.86535063923085,312,1,18.3129997253418,36.4599990844727,0.0168210007250309,0.00280086509883404,146.672698974609,-87.1302,25.9873,21.8558060063018,63,63,63,63,61,63,0,8046,1.33458767306251,26,-87,0.001869,51,2025-12-19 03:50:14.000395,312,1.037,0.0011,"aoml_navis",1027.67516069313
"7901009",96,0,1,0.016821,1,-0.005607,1,151.763389247631,1,4.86528271132485,314,1,18.2700004577637,36.4529991149902,0.0168210007250309,0.00280086509883404,146.34440612793,-87.1302,25.9873,21.8558060063018,63,63,63,63,61,63,0,8046,1.33458767306251,26,-87,0.001869,51,2025-12-19 03:50:14.000395,314,1.037,0.0011,"aoml_navis",1027.68950884633
"7901009",96,0,1,0.014952,1,-0.007476,1,151.623791627953,1,4.86517623938377,316,1,18.173999786377,36.4389991760254,0.0149520002305508,0.00140043254941702,146.20979309082,-87.1302,25.9873,21.8558060063018,63,63,63,63,61,63,0,8046,1.33458767306251,26,-87,0.001869,51,2025-12-19 03:50:14.000395,316,1.037,0.0011,"aoml_navis",1027.71199931563
"7901009",96,0,1,0.016821,1,-0.005607,1,151.437244774815,1,4.8651157619939,318,1,18.136999130249,36.431999206543,0.0168210007250309,0.00280086509883404,146.029907226562,-87.1302,25.9873,21.8558060063018,63,63,63,63,61,63,0,8046,1.33458767306251,26,-87,0.001869,51,2025-12-19 03:50:14.000395,318,1.037,0.0011,"aoml_navis",1027.72477462095
"7901009",96,0,1,0.016821,1,-0.005607,1,151.130595231431,1,4.86506853259035,320,1,18.1200008392334,36.4280014038086,0.0168210007250309,0.00280086509883404,145.73420715332,-87.1302,25.9873,21.8558060063018,63,63,63,63,61,63,0,8046,1.33458767306251,26,-87,0.001869,51,2025-12-19 03:50:14.000395,320,1.037,0.0011,"aoml_navis",1027.73475162904
"7901009",96,0,1,0.016821,1,-0.005607,1,150.84364632696,1,4.86498654243607,322,1,18.0590000152588,36.4189987182617,0.0168210007250309,0.00280086509883404,145.457504272461,-87.1302,25.9873,21.8558060063018,63,63,63,63,61,63,0,8046,1.33458767306251,26,-87,0.001869,51,2025-12-19 03:50:14.000395,322,1.037,0.0011,"aoml_navis",1027.75207215606
"7901009",96,0,1,0.014952,1,-0.007476,1,150.686848229773,1,4.86490350680256,324,1,17.9939994812012,36.4090003967285,0.0149520002305508,0.00140043254941702,145.306304931641,-87.1302,25.9873,21.8558060063018,63,63,63,63,61,63,0,8046,1.33458767306251,26,-87,0.001869,51,2025-12-19 03:50:14.000395,324,1.037,0.0011,"aoml_navis",1027.76961413696
"7901009",96,0,1,0.016821,1,-0.005607,1,150.317663003667,1,4.86486114326713,326,1,17.9839992523193,36.4059982299805,0.0168210007250309,0.00280086509883404,144.950302124023,-87.1302,25.9873,21.8558060063018,63,63,63,63,61,63,0,8046,1.33458767306251,26,-87,0.001869,51,2025-12-19 03:50:14.000395,326,1.037,0.0011,"aoml_navis",1027.77856402333
"7901009",96,0,1,0.016821,1,-0.005607,1,149.824862202303,1,4.86478899623387,328,1,17.9340000152588,36.3979988098145,0.0168210007250309,0.00280086509883404,144.47509765625,-87.1302,25.9873,21.8558060063018,63,63,63,63,61,63,0,8046,1.33458767306251,26,-87,0.001869,51,2025-12-19 03:50:14.000395,328,1.037,0.0011,"aoml_navis",1027.79380644686
"7901009",96,0,1,0.014952,1,-0.007476,1,149.577219632823,1,4.86469447196096,330,1,17.8500003814697,36.3849983215332,0.0149520002305508,0.00140043254941702,144.236297607422,-87.1302,25.9873,21.8558060063018,63,63,63,63,61,63,0,8046,1.33458767306251,26,-87,0.001869,51,2025-12-19 03:50:14.000395,330,1.037,0.0011,"aoml_navis",1027.81377716913
"7901009",96,0,1,0.01869,1,-0.003738,1,149.240299147878,1,4.86463553751748,332,1,17.8199996948242,36.3800010681152,0.0186899993568659,0.00420129764825106,143.911407470703,-87.1302,25.9873,21.8558060063018,63,63,63,63,61,63,0,8046,1.33458767306251,26,-87,0.001869,51,2025-12-19 03:50:14.000395,332,1.037,0.0011,"aoml_navis",1027.82622900288
"7901009",96,0,1,0.014952,1,-0.007476,1,148.850479678283,1,4.86457669906577,334,1,17.7870006561279,36.3740005493164,0.0149520002305508,0.00140043254941702,143.535507202148,-87.1302,25.9873,21.8558060063018,63,63,63,63,61,63,0,8046,1.33458767306251,26,-87,0.001869,51,2025-12-19 03:50:14.000395,334,1.037,0.0011,"aoml_navis",1027.83866085619
"7901009",96,0,1,0.013083,1,-0.009345,1,148.64462778139,1,4.86449792207719,336,1,17.7250003814697,36.3639984130859,0.0130829997360706,0,143.337005615234,-87.1302,25.9873,21.8558060063018,63,63,63,63,61,63,0,8046,1.33458767306251,26,-87,0.001869,51,2025-12-19 03:50:14.000395,336,1.037,0.0011,"aoml_navis",1027.8553059521
"7901009",96,0,1,0.014952,1,-0.007476,1,148.341079704052,1,4.86442508524613,338,1,17.673999786377,36.3559989929199,0.0149520002305508,0.00140043254941702,143.044296264648,-87.1302,25.9873,21.8558060063018,63,63,63,63,61,63,0,8046,1.33458767306251,26,-87,0.001869,51,2025-12-19 03:50:14.000395,338,1.037,0.0011,"aoml_navis",1027.87069640872
"7901009",96,0,1,0.016821,1,-0.005607,1,147.906573805306,1,4.8643746415168,340,1,17.6509990692139,36.351001739502,0.0168210007250309,0.00280086509883404,142.625305175781,-87.1302,25.9873,21.8558060063018,63,63,63,63,61,63,0,8046,1.33458767306251,26,-87,0.001869,51,2025-12-19 03:50:14.000395,340,1.037,0.0011,"aoml_navis",1027.88135546256
"7901009",96,0,1,0.016821,1,-0.005607,1,147.356111053579,1,4.86431364392481,342,1,17.6159992218018,36.3450012207031,0.0168210007250309,0.00280086509883404,142.094497680664,-87.1302,25.9873,21.8558060063018,63,63,63,63,61,63,0,8046,1.33458767306251,26,-87,0.001869,51,2025-12-19 03:50:14.000395,342,1.037,0.0011,"aoml_navis",1027.89424490435
"7901009",96,0,1,0.014952,1,-0.007476,1,146.969931059446,1,4.86422259747206,344,1,17.5310001373291,36.3310012817383,0.0149520002305508,0.00140043254941702,141.722106933594,-87.1302,25.9873,21.8558060063018,63,63,63,63,61,63,0,8046,1.33458767306251,26,-87,0.001869,51,2025-12-19 03:50:14.000395,344,1.037,0.0011,"aoml_navis",1027.91348459228
"7901009",96,0,1,0.014952,1,-0.007476,1,146.369686612921,1,4.86415940108513,346,1,17.4939994812012,36.3250007629395,0.0149520002305508,0.00140043254941702,141.143295288086,-87.1302,25.9873,21.8558060063018,63,63,63,63,61,63,0,8046,1.33458767306251,26,-87,0.001869,51,2025-12-19 03:50:14.000395,346,1.037,0.0011,"aoml_navis",1027.92683950377
"7901009",96,0,1,0.01869,1,-0.003738,1,145.418533436632,1,4.86409752235082,348,1,17.4549999237061,36.318000793457,0.0186899993568659,0.00420129764825106,140.226104736328,-87.1302,25.9873,21.8558060063018,63,63,63,63,61,63,0,8046,1.33458767306251,26,-87,0.001869,51,2025-12-19 03:50:14.000395,348,1.037,0.0011,"aoml_navis",1027.93991629993
"7901009",96,0,1,0.013083,1,-0.009345,1,144.59430301113,1,4.86401503614944,350,1,17.382999420166,36.3059997558594,0.0130829997360706,0,139.431304931641,-87.1302,25.9873,21.8558060063018,63,63,63,63,61,63,0,8046,1.33458767306251,26,-87,0.001869,51,2025-12-19 03:50:14.000395,350,1.037,0.0011,"aoml_navis",1027.95734857724
"7901009",96,0,1,0.016821,1,-0.005607,1,144.102325047697,1,4.86395811573522,352,1,17.3449993133545,36.2980003356934,0.0168210007250309,0.00280086509883404,138.956893920898,-87.1302,25.9873,21.8558060063018,63,63,63,63,61,63,0,8046,1.33458767306251,26,-87,0.001869,51,2025-12-19 03:50:14.000395,352,1.037,0.0011,"aoml_navis",1027.96937823635
"7901009",96,0,1,0.014952,1,-0.007476,1,143.842039256937,1,4.86389422409518,354,1,17.3010005950928,36.2900009155273,0.0149520002305508,0.00140043254941702,138.705902099609,-87.1302,25.9873,21.8558060063018,63,63,63,63,61,63,0,8046,1.33458767306251,26,-87,0.001869,51,2025-12-19 03:50:14.000395,354,1.037,0.0011,"aoml_navis",1027.98288154182
"7901009",96,0,1,0.016821,1,-0.005607,1,143.718534448324,1,4.86382667224381,356,1,17.2600002288818,36.2840003967285,0.0168210007250309,0.00280086509883404,138.586807250977,-87.1302,25.9873,21.8558060063018,63,63,63,63,61,63,0,8046,1.33458767306251,26,-87,0.001869,51,2025-12-19 03:50:14.000395,356,1.037,0.0011,"aoml_navis",1027.99715880775
"7901009",96,0,1,0.013083,1,-0.009345,1,143.209545893058,1,4.86377297252749,358,1,17.2369995117188,36.2799987792969,0.0130829997360706,0,138.095993041992,-87.1302,25.9873,21.8558060063018,63,63,63,63,61,63,0,8046,1.33458767306251,26,-87,0.001869,51,2025-12-19 03:50:14.000395,358,1.037,0.0011,"aoml_navis",1028.00850867053
"7901009",96,0,1,0.014952,1,-0.007476,1,142.489752589509,1,4.86369341548555,360,1,17.1669998168945,36.2680015563965,0.0149520002305508,0.00140043254941702,137.401901245117,-87.1302,25.9873,21.8558060063018,63,63,63,63,61,63,0,8046,1.33458767306251,26,-87,0.001869,51,2025-12-19 03:50:14.000395,360,1.037,0.0011,"aoml_navis",1028.02532414573
"7901009",96,0,1,0.016821,1,-0.005607,1,142.009500066586,1,4.8636127730771,362,1,17.0990009307861,36.2569999694824,0.0168210007250309,0.00280086509883404,136.93879699707,-87.1302,25.9873,21.8558060063018,63,63,63,63,61,63,0,8046,1.33458767306251,26,-87,0.001869,51,2025-12-19 03:50:14.000395,362,1.037,0.0011,"aoml_navis",1028.04236958951
"7901009",96,0,1,0.020559,1,-0.001869,1,142.116738002265,1,4.86355148111501,364,1,17.0599994659424,36.25,0.020558999851346,0.00560173019766808,137.042205810547,-87.1302,25.9873,21.8558060063018,63,63,63,63,61,63,0,8046,1.33458767306251,26,-87,0.001869,51,2025-12-19 03:50:14.000395,364,1.037,0.0011,"aoml_navis",1028.05532529363
"7901009",96,0,1,0.014952,1,-0.007476,1,142.273836751773,1,4.86350462766482,366,1,17.048999786377,36.2480010986328,0.0149520002305508,0.00140043254941702,137.193695068359,-87.1302,25.9873,21.8558060063018,63,63,63,63,61,63,0,8046,1.33458767306251,26,-87,0.001869,51,2025-12-19 03:50:14.000395,366,1.037,0.0011,"aoml_navis",1028.06522925027
"7901009",96,0,1,0.016821,1,-0.005607,1,142.535483389879,1,4.86344878642739,368,1,17.0240001678467,36.2439994812012,0.0168210007250309,0.00280086509883404,137.445999145508,-87.1302,25.9873,21.8558060063018,63,63,63,63,61,63,0,8046,1.33458767306251,26,-87,0.001869,51,2025-12-19 03:50:14.000395,368,1.037,0.0011,"aoml_navis",1028.07703330889
"7901009",96,0,1,0.020559,1,-0.001869,1,142.354000154775,1,4.86340658713354,370,1,17.0170001983643,36.242000579834,0.020558999851346,0.00560173019766808,137.27099609375,-87.1302,25.9873,21.8558060063018,63,63,63,63,61,63,0,8046,1.33458767306251,26,-87,0.001869,51,2025-12-19 03:50:14.000395,370,1.037,0.0011,"aoml_navis",1028.08595383076
"7901009",96,0,1,0.020559,1,-0.001869,1,141.903512211609,1,4.86333961960863,372,1,16.9729995727539,36.2350006103516,0.020558999851346,0.00560173019766808,136.83659362793,-87.1302,25.9873,21.8558060063018,63,63,63,63,61,63,0,8046,1.33458767306251,26,-87,0.001869,51,2025-12-19 03:50:14.000395,372,1.037,0.0011,"aoml_navis",1028.10011043448
"7901009",96,0,1,0.014952,1,-0.007476,1,141.546891087751,1,4.86326031367221,374,1,16.9120006561279,36.226001739502,0.0149520002305508,0.00140043254941702,136.492706298828,-87.1302,25.9873,21.8558060063018,63,63,63,63,61,63,0,8046,1.33458767306251,26,-87,0.001869,51,2025-12-19 03:50:14.000395,374,1.037,0.0011,"aoml_navis",1028.11687582163
"7901009",96,0,1,0.014952,1,-0.007476,1,141.656708303866,1,4.8632059089686,376,1,16.8850002288818,36.2210006713867,0.0149520002305508,0.00140043254941702,136.598602294922,-87.1302,25.9873,21.8558060063018,63,63,63,63,61,63,0,8046,1.33458767306251,26,-87,0.001869,51,2025-12-19 03:50:14.000395,376,1.037,0.0011,"aoml_navis",1028.12837736916
"7901009",96,0,1,0.016821,1,-0.005607,1,141.905284477921,1,4.86315185129804,378,1,16.8519992828369,36.2140007019043,0.0168210007250309,0.00280086509883404,136.838302612305,-87.1302,25.9873,21.8558060063018,63,63,63,63,61,63,0,8046,1.33458767306251,26,-87,0.001869,51,2025-12-19 03:50:14.000395,378,1.037,0.0011,"aoml_navis",1028.13980580628
"7901009",96,0,1,0.013083,1,-0.009345,1,141.611072446333,1,4.86308022190875,380,1,16.8099994659424,36.2089996337891,0.0130829997360706,0,136.554595947266,-87.1302,25.9873,21.8558060063018,63,63,63,63,61,63,0,8046,1.33458767306251,26,-87,0.001869,51,2025-12-19 03:50:14.000395,380,1.037,0.0011,"aoml_navis",1028.15494950595
"7901009",96,0,1,0.01869,1,-0.003738,1,141.182579594003,1,4.86300394654093,382,1,16.7450008392334,36.1980018615723,0.0186899993568659,0.00420129764825106,136.141403198242,-87.1302,25.9873,21.8558060063018,63,63,63,63,61,63,0,8046,1.33458767306251,26,-87,0.001869,51,2025-12-19 03:50:14.000395,382,1.037,0.0011,"aoml_navis",1028.17107593682
"7901009",96,0,1,0.013083,1,-0.009345,1,140.71218530244,1,4.86294125388998,384,1,16.6979999542236,36.1889991760254,0.0130829997360706,0,135.687805175781,-87.1302,25.9873,21.8558060063018,63,63,63,63,61,63,0,8046,1.33458767306251,26,-87,0.001869,51,2025-12-19 03:50:14.000395,384,1.037,0.0011,"aoml_navis",1028.18433103636
"7901009",96,0,1,0.01869,1,-0.003738,1,140.467343546685,1,4.86282962969378,386,1,16.5860004425049,36.1730003356934,0.0186899993568659,0.00420129764825106,135.451705932617,-87.1302,25.9873,21.8558060063018,63,63,63,63,61,63,0,8046,1.33458767306251,26,-87,0.001869,51,2025-12-19 03:50:14.000395,386,1.037,0.0011,"aoml_navis",1028.20793257255
"7901009",96,0,1,0.014952,1,-0.007476,1,140.124283424874,1,4.86277272640243,388,1,16.5470008850098,36.1650009155273,0.0149520002305508,0.00140043254941702,135.120895385742,-87.1302,25.9873,21.8558060063018,63,63,63,63,61,63,0,8046,1.33458767306251,26,-87,0.001869,51,2025-12-19 03:50:14.000395,388,1.037,0.0011,"aoml_navis",1028.21996447675
"7901009",96,0,1,0.016821,1,-0.005607,1,139.747945838295,1,4.86269031018652,390,1,16.4759998321533,36.1539993286133,0.0168210007250309,0.00280086509883404,134.757995605469,-87.1302,25.9873,21.8558060063018,63,63,63,63,61,63,0,8046,1.33458767306251,26,-87,0.001869,51,2025-12-19 03:50:14.000395,390,1.037,0.0011,"aoml_navis",1028.23739145506
"7901009",96,0,1,0.014952,1,-0.007476,1,139.416927633121,1,4.86261127279129,392,1,16.4109992980957,36.1440010070801,0.0149520002305508,0.00140043254941702,134.43879699707,-87.1302,25.9873,21.8558060063018,63,63,63,63,61,63,0,8046,1.33458767306251,26,-87,0.001869,51,2025-12-19 03:50:14.000395,392,1.037,0.0011,"aoml_navis",1028.25410453381
"7901009",96,0,1,0.01869,1,-0.003738,1,139.031459710274,1,4.86253309397755,394,1,16.3369998931885,36.1310005187988,0.0186899993568659,0.00420129764825106,134.067092895508,-87.1302,25.9873,21.8558060063018,63,63,63,63,61,63,0,8046,1.33458767306251,26,-87,0.001869,51,2025-12-19 03:50:14.000395,394,1.037,0.0011,"aoml_navis",1028.27063659324
"7901009",96,0,1,0.016821,1,-0.005607,1,138.50435289673,1,4.86246525784242,396,1,16.2880001068115,36.1230010986328,0.0168210007250309,0.00280086509883404,133.558807373047,-87.1302,25.9873,21.8558060063018,63,63,63,63,61,63,0,8046,1.33458767306251,26,-87,0.001869,51,2025-12-19 03:50:14.000395,396,1.037,0.0011,"aoml_navis",1028.28498197201
"7901009",96,0,1,0.016821,1,-0.005607,1,137.699918052979,1,4.8624005022047,398,1,16.2320003509521,36.1119995117188,0.0168210007250309,0.00280086509883404,132.783096313477,-87.1302,25.9873,21.8558060063018,63,63,63,63,61,63,0,8046,1.33458767306251,26,-87,0.001869,51,2025-12-19 03:50:14.000395,398,1.037,0.0011,"aoml_navis",1028.29867628817
"7901009",96,0,1,0.016821,1,-0.005607,1,136.992040075617,1,4.86228614647691,400,1,16.1060009002686,36.0929985046387,0.0168210007250309,0.00280086509883404,132.100494384766,-87.1302,25.9873,21.8558060063018,63,63,63,63,61,63,0,8046,1.33458767306251,26,-87,0.001869,51,2025-12-19 03:50:14.000395,400,1.037,0.0011,"aoml_navis",1028.32286076435
"7901009",96,0,1,0.020559,1,-0.001869,1,136.553388339606,1,4.8622082890798,402,1,16.0249996185303,36.0779991149902,0.020558999851346,0.00560173019766808,131.677505493164,-87.1302,25.9873,21.8558060063018,63,63,63,63,61,63,0,8046,1.33458767306251,26,-87,0.001869,51,2025-12-19 03:50:14.000395,402,1.037,0.0011,"aoml_navis",1028.33932705632
"7901009",96,0,1,0.01869,1,-0.003738,1,136.086934175826,1,4.86213321291264,404,1,15.956000328064,36.0660018920898,0.0186899993568659,0.00420129764825106,131.22770690918,-87.1302,25.9873,21.8558060063018,63,63,63,63,61,63,0,8046,1.33458767306251,26,-87,0.001869,51,2025-12-19 03:50:14.000395,404,1.037,0.0011,"aoml_navis",1028.35520563715
"7901009",96,0,1,0.014952,1,-0.007476,1,135.961024148646,1,4.86204221611354,406,1,15.8660001754761,36.0519981384277,0.0149520002305508,0.00140043254941702,131.106292724609,-87.1302,25.9873,21.8558060063018,63,63,63,63,61,63,0,8046,1.33458767306251,26,-87,0.001869,51,2025-12-19 03:50:14.000395,406,1.037,0.0011,"aoml_navis",1028.37445208296
"7901009",96,0,1,0.014952,1,-0.007476,1,136.18689316058,1,4.86195425839254,408,1,15.7849998474121,36.0400009155273,0.0149520002305508,0.00140043254941702,131.324096679688,-87.1302,25.9873,21.8558060063018,63,63,63,63,61,63,0,8046,1.33458767306251,26,-87,0.001869,51,2025-12-19 03:50:14.000395,408,1.037,0.0011,"aoml_navis",1028.39305642771
"7901009",96,0,1,0.016821,1,-0.005607,1,136.225471600478,1,4.8618862077369,410,1,15.7250003814697,36.0289993286133,0.0168210007250309,0.00280086509883404,131.361297607422,-87.1302,25.9873,21.8558060063018,63,63,63,63,61,63,0,8046,1.33458767306251,26,-87,0.001869,51,2025-12-19 03:50:14.000395,410,1.037,0.0011,"aoml_navis",1028.40745059876
"7901009",96,0,1,0.014952,1,-0.007476,1,136.441276671569,1,4.86180961320776,412,1,15.6669998168945,36.0209999084473,0.0149520002305508,0.00140043254941702,131.569396972656,-87.1302,25.9873,21.8558060063018,63,63,63,63,61,63,0,8046,1.33458767306251,26,-87,0.001869,51,2025-12-19 03:50:14.000395,412,1.037,0.0011,"aoml_navis",1028.42365246406
"7901009",96,0,1,0.01869,1,-0.003738,1,136.320161257716,1,4.86176058630689,414,1,15.6470003128052,36.0169982910156,0.0186899993568659,0.00420129764825106,131.452606201172,-87.1302,25.9873,21.8558060063018,63,63,63,63,61,63,0,8046,1.33458767306251,26,-87,0.001869,51,2025-12-19 03:50:14.000395,414,1.037,0.0011,"aoml_navis",1028.43402328006
"7901009",96,0,1,0.020559,1,-0.001869,1,135.869356838423,1,4.86171234652259,416,1,15.6309995651245,36.0139999389648,0.020558999851346,0.00560173019766808,131.01789855957,-87.1302,25.9873,21.8558060063018,63,63,63,63,61,63,0,8046,1.33458767306251,26,-87,0.001869,51,2025-12-19 03:50:14.000395,416,1.037,0.0011,"aoml_navis",1028.44422779894
"7901009",96,0,1,0.01869,1,-0.003738,1,135.310190993199,1,4.86165846790086,418,1,15.6000003814697,36.007999420166,0.0186899993568659,0.00420129764825106,130.478698730469,-87.1302,25.9873,21.8558060063018,63,63,63,63,61,63,0,8046,1.33458767306251,26,-87,0.001869,51,2025-12-19 03:50:14.000395,418,1.037,0.0011,"aoml_navis",1028.45562538227
"7901009",96,0,1,0.01869,1,-0.003738,1,134.753620252219,1,4.86158500700236,420,1,15.5380001068115,35.9980010986328,0.0186899993568659,0.00420129764825106,129.942001342773,-87.1302,25.9873,21.8558060063018,63,63,63,63,61,63,0,8046,1.33458767306251,26,-87,0.001869,51,2025-12-19 03:50:14.000395,420,1.037,0.0011,"aoml_navis",1028.47116584371
"7901009",96,0,1,0.020559,1,-0.001869,1,134.222241010958,1,4.86150909372276,422,1,15.4670000076294,35.9860000610352,0.020558999851346,0.00560173019766808,129.429595947266,-87.1302,25.9873,21.8558060063018,63,63,63,63,61,63,0,8046,1.33458767306251,26,-87,0.001869,51,2025-12-19 03:50:14.000395,422,1.037,0.0011,"aoml_navis",1028.4872255934
"7901009",96,0,1,0.022428,1,0,1,133.722715091893,1,4.86143487081292,424,1,15.4040002822876,35.976001739502,0.0224280003458261,0.00700216321274638,128.947906494141,-87.1302,25.9873,21.8558060063018,63,63,63,63,61,63,0,8046,1.33458767306251,26,-87,0.001869,51,2025-12-19 03:50:14.000395,424,1.037,0.0011,"aoml_navis",1028.50292822372
"7901009",96,0,1,0.016821,1,-0.005607,1,133.266514754632,1,4.86136995006418,426,1,15.3559999465942,35.9679985046387,0.0168210007250309,0.00280086509883404,128.507995605469,-87.1302,25.9873,21.8558060063018,63,63,63,63,61,63,0,8046,1.33458767306251,26,-87,0.001869,51,2025-12-19 03:50:14.000395,426,1.037,0.0011,"aoml_navis",1028.51666327801
"7901009",96,0,1,0.01869,1,-0.003738,1,133.033192729904,1,4.86132075289584,428,1,15.3290004730225,35.9620018005371,0.0186899993568659,0.00420129764825106,128.283004760742,-87.1302,25.9873,21.8558060063018,63,63,63,63,61,63,0,8046,1.33458767306251,26,-87,0.001869,51,2025-12-19 03:50:14.000395,428,1.037,0.0011,"aoml_navis",1028.52707199408
"7901009",96,0,1,0.020559,1,-0.001869,1,133.055061230289,1,4.86123781498148,430,1,15.2510004043579,35.9500007629395,0.020558999851346,0.00560173019766808,128.304092407227,-87.1302,25.9873,21.8558060063018,63,63,63,63,61,63,0,8046,1.33458767306251,26,-87,0.001869,51,2025-12-19 03:50:14.000395,430,1.037,0.0011,"aoml_navis",1028.54461976554
"7901009",96,0,1,0.01869,1,-0.003738,1,132.858039017343,1,4.86115658494404,432,1,15.1709995269775,35.9370002746582,0.0186899993568659,0.00420129764825106,128.114105224609,-87.1302,25.9873,21.8558060063018,63,63,63,63,61,63,0,8046,1.33458767306251,26,-87,0.001869,51,2025-12-19 03:50:14.000395,432,1.037,0.0011,"aoml_navis",1028.5618067696
"7901009",96,0,1,0.020559,1,-0.001869,1,132.766355883313,1,4.8610903105363,434,1,15.1180000305176,35.9280014038086,0.020558999851346,0.00560173019766808,128.025695800781,-87.1302,25.9873,21.8558060063018,63,63,63,63,61,63,0,8046,1.33458767306251,26,-87,0.001869,51,2025-12-19 03:50:14.000395,434,1.037,0.0011,"aoml_navis",1028.57582982209
"7901009",96,0,1,0.020559,1,-0.001869,1,132.901174713471,1,4.86100912524584,436,1,15.0410003662109,35.9160003662109,0.020558999851346,0.00560173019766808,128.155700683594,-87.1302,25.9873,21.8558060063018,63,63,63,63,61,63,0,8046,1.33458767306251,26,-87,0.001869,51,2025-12-19 03:50:14.000395,436,1.037,0.0011,"aoml_navis",1028.59300840073
"7901009",96,0,1,0.016821,1,-0.005607,1,132.729541797824,1,4.86095351002118,438,1,15.0010004043579,35.9080009460449,0.0168210007250309,0.00280086509883404,127.990196228027,-87.1302,25.9873,21.8558060063018,63,63,63,63,61,63,0,8046,1.33458767306251,26,-87,0.001869,51,2025-12-19 03:50:14.000395,438,1.037,0.0011,"aoml_navis",1028.60477675669
"7901009",96,0,1,0.01869,1,-0.003738,1,132.499432005787,1,4.86090712804008,440,1,14.9829998016357,35.9039993286133,0.0186899993568659,0.00420129764825106,127.76830291748,-87.1302,25.9873,21.8558060063018,63,63,63,63,61,63,0,8046,1.33458767306251,26,-87,0.001869,51,2025-12-19 03:50:14.000395,440,1.037,0.0011,"aoml_navis",1028.61459153531
"7901009",96,0,1,0.020559,1,-0.001869,1,132.19392177646,1,4.86084581840085,442,1,14.9409999847412,35.8969993591309,0.020558999851346,0.00560173019766808,127.473701477051,-87.1302,25.9873,21.8558060063018,63,63,63,63,61,63,0,8046,1.33458767306251,26,-87,0.001869,51,2025-12-19 03:50:14.000395,442,1.037,0.0011,"aoml_navis",1028.6275654069
"7901009",96,0,1,0.020559,1,-0.001869,1,131.871400955299,1,4.86078002655869,444,1,14.8879995346069,35.8880004882812,0.020558999851346,0.00560173019766808,127.162696838379,-87.1302,25.9873,21.8558060063018,63,63,63,63,61,63,0,8046,1.33458767306251,26,-87,0.001869,51,2025-12-19 03:50:14.000395,444,1.037,0.0011,"aoml_navis",1028.64148813167
"7901009",96,0,1,0.01869,1,-0.003738,1,131.616083839736,1,4.86069462314112,446,1,14.8030004501343,35.875,0.0186899993568659,0.00420129764825106,126.916496276855,-87.1302,25.9873,21.8558060063018,63,63,63,63,61,63,0,8046,1.33458767306251,26,-87,0.001869,51,2025-12-19 03:50:14.000395,446,1.037,0.0011,"aoml_navis",1028.659561577
"7901009",96,0,1,0.022428,1,0,1,131.414591401494,1,4.86063382791855,448,1,14.7510004043579,35.8650016784668,0.0224280003458261,0.00700216321274638,126.722198486328,-87.1302,25.9873,21.8558060063018,63,63,63,63,61,63,0,8046,1.33458767306251,26,-87,0.001869,51,2025-12-19 03:50:14.000395,448,1.037,0.0011,"aoml_navis",1028.67242771528
"7901009",96,0,1,0.020559,1,-0.001869,1,131.083264632096,1,4.86056249841089,450,1,14.6890001296997,35.8549995422363,0.020558999851346,0.00560173019766808,126.402702331543,-87.1302,25.9873,21.8558060063018,63,63,63,63,61,63,0,8046,1.33458767306251,26,-87,0.001869,51,2025-12-19 03:50:14.000395,450,1.037,0.0011,"aoml_navis",1028.68752364252
"7901009",96,0,1,0.01869,1,-0.003738,1,130.870980357919,1,4.86046746070714,452,1,14.5839996337891,35.8390007019043,0.0186899993568659,0.00420129764825106,126.197998046875,-87.1302,25.9873,21.8558060063018,63,63,63,63,61,63,0,8046,1.33458767306251,26,-87,0.001869,51,2025-12-19 03:50:14.000395,452,1.037,0.0011,"aoml_navis",1028.70763777782
"7901009",96,0,1,0.022428,1,0,1,130.59078030686,1,4.86040502566453,454,1,14.5299997329712,35.8289985656738,0.0224280003458261,0.00700216321274638,125.927803039551,-87.1302,25.9873,21.8558060063018,63,63,63,63,61,63,0,8046,1.33458767306251,26,-87,0.001869,51,2025-12-19 03:50:14.000395,454,1.037,0.0011,"aoml_navis",1028.72085219202
"7901009",96,0,1,0.022428,1,0,1,130.306940780339,1,4.86033542660339,456,1,14.4759998321533,35.8209991455078,0.0224280003458261,0.00700216321274638,125.654098510742,-87.1302,25.9873,21.8558060063018,63,63,63,63,61,63,0,8046,1.33458767306251,26,-87,0.001869,51,2025-12-19 03:50:14.000395,456,1.037,0.0011,"aoml_navis",1028.73558327521
"7901009",96,0,1,0.020559,1,-0.001869,1,130.09186360434,1,4.86027801512536,458,1,14.4300003051758,35.8120002746582,0.020558999851346,0.00560173019766808,125.446701049805,-87.1302,25.9873,21.8558060063018,63,63,63,63,61,63,0,8046,1.33458767306251,26,-87,0.001869,51,2025-12-19 03:50:14.000395,458,1.037,0.0011,"aoml_navis",1028.7477350966
"7901009",96,0,1,0.016821,1,-0.005607,1,129.789257043479,1,4.86021341816042,460,1,14.3839998245239,35.8050003051758,0.0168210007250309,0.00280086509883404,125.154899597168,-87.1302,25.9873,21.8558060063018,63,63,63,63,61,63,0,8046,1.33458767306251,26,-87,0.001869,51,2025-12-19 03:50:14.000395,460,1.037,0.0011,"aoml_navis",1028.76140815489
"7901009",96,0,1,0.020559,1,-0.001869,1,129.606325930094,1,4.86014785455702,462,1,14.3369998931885,35.7980003356934,0.020558999851346,0.00560173019766808,124.978500366211,-87.1302,25.9873,21.8558060063018,63,63,63,63,61,63,0,8046,1.33458767306251,26,-87,0.001869,51,2025-12-19 03:50:14.000395,462,1.037,0.0011,"aoml_navis",1028.77528619049
"7901009",96,0,1,0.016821,1,-0.005607,1,129.417793189258,1,4.86009916670102,464,1,14.3059997558594,35.7910003662109,0.0168210007250309,0.00280086509883404,124.796699523926,-87.1302,25.9873,21.8558060063018,63,63,63,63,61,63,0,8046,1.33458767306251,26,-87,0.001869,51,2025-12-19 03:50:14.000395,464,1.037,0.0011,"aoml_navis",1028.78559233061
"7901009",96,0,1,0.01869,1,-0.003738,1,129.167246951311,1,4.8600280171268,466,1,14.2569999694824,35.7849998474121,0.0186899993568659,0.00420129764825106,124.555099487305,-87.1302,25.9873,21.8558060063018,63,63,63,63,61,63,0,8046,1.33458767306251,26,-87,0.001869,51,2025-12-19 03:50:14.000395,466,1.037,0.0011,"aoml_navis",1028.80065349005
"7901009",96,0,1,0.01869,1,-0.003738,1,128.746215023678,1,4.85997364511693,468,1,14.2170000076294,35.7770004272461,0.0186899993568659,0.00420129764825106,124.149101257324,-87.1302,25.9873,21.8558060063018,63,63,63,63,61,63,0,8046,1.33458767306251,26,-87,0.001869,51,2025-12-19 03:50:14.000395,468,1.037,0.0011,"aoml_navis",1028.81216342063
"7901009",96,0,1,0.020559,1,-0.001869,1,128.401612080747,1,4.85990313694975,470,1,14.1579999923706,35.7680015563965,0.020558999851346,0.00560173019766808,123.816802978516,-87.1302,25.9873,21.8558060063018,63,63,63,63,61,63,0,8046,1.33458767306251,26,-87,0.001869,51,2025-12-19 03:50:14.000395,470,1.037,0.0011,"aoml_navis",1028.82708957409
"7901009",96,0,1,0.01869,1,-0.003738,1,128.30993685862,1,4.85981143996708,472,1,14.0679998397827,35.7560005187988,0.0186899993568659,0.00420129764825106,123.728401184082,-87.1302,25.9873,21.8558060063018,63,63,63,63,61,63,0,8046,1.33458767306251,26,-87,0.001869,51,2025-12-19 03:50:14.000395,472,1.037,0.0011,"aoml_navis",1028.84650191981
"7901009",96,0,1,0.022428,1,0,1,128.154586639714,1,4.85975632859479,474,1,14.0340003967285,35.75,0.0224280003458261,0.00700216321274638,123.578598022461,-87.1302,25.9873,21.8558060063018,63,63,63,63,61,63,0,8046,1.33458767306251,26,-87,0.001869,51,2025-12-19 03:50:14.000395,474,1.037,0.0011,"aoml_navis",1028.85816940656
"7901009",96,0,1,0.020559,1,-0.001869,1,127.944794615038,1,4.85970797305492,476,1,14.0170001983643,35.7470016479492,0.020558999851346,0.00560173019766808,123.37629699707,-87.1302,25.9873,21.8558060063018,63,63,63,63,61,63,0,8046,1.33458767306251,26,-87,0.001869,51,2025-12-19 03:50:14.000395,476,1.037,0.0011,"aoml_navis",1028.86840685139
"7901009",96,0,1,0.022428,1,0,1,127.806977173576,1,4.85964878133471,478,1,13.9790000915527,35.7410011291504,0.0224280003458261,0.00700216321274638,123.24340057373,-87.1302,25.9873,21.8558060063018,63,63,63,63,61,63,0,8046,1.33458767306251,26,-87,0.001869,51,2025-12-19 03:50:14.000395,478,1.037,0.0011,"aoml_navis",1028.88093872223
"7901009",96,0,1,0.01869,1,-0.003738,1,127.699335730835,1,4.85958807844753,480,1,13.9429998397827,35.7360000610352,0.0186899993568659,0.00420129764825106,123.139602661133,-87.1302,25.9873,21.8558060063018,63,63,63,63,61,63,0,8046,1.33458767306251,26,-87,0.001869,51,2025-12-19 03:50:14.000395,480,1.037,0.0011,"aoml_navis",1028.89379084931
"7901009",96,0,1,0.022428,1,0,1,127.529158605373,1,4.85954139751176,482,1,13.9169998168945,35.7299995422363,0.0224280003458261,0.00700216321274638,122.97550201416,-87.1302,25.9873,21.8558060063018,63,63,63,63,61,63,0,8046,1.33458767306251,26,-87,0.001869,51,2025-12-19 03:50:14.000395,482,1.037,0.0011,"aoml_navis",1028.90367444141
"7901009",96,0,1,0.020559,1,-0.001869,1,127.432087465278,1,4.85946948070518,484,1,13.8629999160767,35.7229995727539,0.020558999851346,0.00560173019766808,122.881896972656,-87.1302,25.9873,21.8558060063018,63,63,63,63,61,63,0,8046,1.33458767306251,26,-87,0.001869,51,2025-12-19 03:50:14.000395,484,1.037,0.0011,"aoml_navis",1028.91890150824
"7901009",96,0,1,0.022428,1,0,1,127.335649277438,1,4.85941724449717,486,1,13.8280000686646,35.7159996032715,0.0224280003458261,0.00700216321274638,122.788902282715,-87.1302,25.9873,21.8558060063018,63,63,63,63,61,63,0,8046,1.33458767306251,26,-87,0.001869,51,2025-12-19 03:50:14.000395,486,1.037,0.0011,"aoml_navis",1028.9299618513
"7901009",96,0,1,0.020559,1,-0.001869,1,127.159245484175,1,4.85936743718248,488,1,13.8129997253418,35.7140007019043,0.020558999851346,0.00560173019766808,122.618797302246,-87.1302,25.9873,21.8558060063018,63,63,63,63,61,63,0,8046,1.33458767306251,26,-87,0.001869,51,2025-12-19 03:50:14.000395,488,1.037,0.0011,"aoml_navis",1028.94050812899
"7901009",96,0,1,0.014952,1,-0.007476,1,126.888373566962,1,4.85932239052895,490,1,13.7919998168945,35.7089996337891,0.0149520002305508,0.00140043254941702,122.357597351074,-87.1302,25.9873,21.8558060063018,63,63,63,63,61,63,0,8046,1.33458767306251,26,-87,0.001869,51,2025-12-19 03:50:14.000395,490,1.037,0.0011,"aoml_navis",1028.95004656313
"7901009",96,0,1,0.016821,1,-0.005607,1,126.488498068428,1,4.85927576470931,492,1,13.7729997634888,35.7050018310547,0.0168210007250309,0.00280086509883404,121.97200012207,-87.1302,25.9873,21.8558060063018,63,63,63,63,61,63,0,8046,1.33458767306251,26,-87,0.001869,51,2025-12-19 03:50:14.000395,492,1.037,0.0011,"aoml_navis",1028.95991956511
"7901009",96,0,1,0.022428,1,0,1,125.984604778808,1,4.85922253303154,494,1,13.7440004348755,35.7000007629395,0.0224280003458261,0.00700216321274638,121.486099243164,-87.1302,25.9873,21.8558060063018,63,63,63,63,61,63,0,8046,1.33458767306251,26,-87,0.001869,51,2025-12-19 03:50:14.000395,494,1.037,0.0011,"aoml_navis",1028.97119158703
"7901009",96,0,1,0.024297,1,0.001869,1,125.365917685975,1,4.85916784150298,496,1,13.710000038147,35.6940002441406,0.0242970008403063,0.00840259529650211,120.889503479004,-87.1302,25.9873,21.8558060063018,63,63,63,63,61,63,0,8046,1.33458767306251,26,-87,0.001869,51,2025-12-19 03:50:14.000395,496,1.037,0.0011,"aoml_navis",1028.98277299544
"7901009",96,0,1,0.01869,1,-0.003738,1,124.692155835117,1,4.85909013901339,498,1,13.625,35.6800003051758,0.0186899993568659,0.00420129764825106,120.239799499512,-87.1302,25.9873,21.8558060063018,63,63,63,63,61,63,0,8046,1.33458767306251,26,-87,0.001869,51,2025-12-19 03:50:14.000395,498,1.037,0.0011,"aoml_navis",1028.99922762396
"7901009",96,0,1,0.024297,1,0.001869,1,123.988115130796,1,4.85899050922335,500,1,13.5109996795654,35.6640014648438,0.0242970008403063,0.00840259529650211,119.560897827148,-87.1302,25.9873,21.8558060063018,63,63,63,63,61,63,0,8046,1.33458767306251,26,-87,0.001869,51,2025-12-19 03:50:14.000395,500,1.037,0.0011,"aoml_navis",1029.0203264462
"7901009",96,0,1,0.020559,1,-0.001869,1,123.205366813658,1,4.85891251257837,502,1,13.4250001907349,35.6500015258789,0.020558999851346,0.00560173019766808,118.806098937988,-87.1302,25.9873,21.8558060063018,63,63,63,63,61,63,0,8046,1.33458767306251,26,-87,0.001869,51,2025-12-19 03:50:14.000395,502,1.037,0.0011,"aoml_navis",1029.03684457302
"7901009",96,0,1,0.022428,1,0,1,122.201108943236,1,4.85884693825431,504,1,13.3690004348755,35.640998840332,0.0224280003458261,0.00700216321274638,117.837699890137,-87.1302,25.9873,21.8558060063018,63,63,63,63,61,63,0,8046,1.33458767306251,26,-87,0.001869,51,2025-12-19 03:50:14.000395,504,1.037,0.0011,"aoml_navis",1029.05073231148
"7901009",96,0,1,0.01869,1,-0.003738,1,121.328141194155,1,4.85877201059964,506,1,13.3000001907349,35.6310005187988,0.0186899993568659,0.00420129764825106,116.995903015137,-87.1302,25.9873,21.8558060063018,63,63,63,63,61,63,0,8046,1.33458767306251,26,-87,0.001869,51,2025-12-19 03:50:14.000395,506,1.037,0.0011,"aoml_navis",1029.06660141539
"7901009",96,0,1,0.022428,1,0,1,120.60698704326,1,4.85871049406258,508,1,13.2550001144409,35.6240005493164,0.0224280003458261,0.00700216321274638,116.300498962402,-87.1302,25.9873,21.8558060063018,63,63,63,63,61,63,0,8046,1.33458767306251,26,-87,0.001869,51,2025-12-19 03:50:14.000395,508,1.037,0.0011,"aoml_navis",1029.07963051309
"7901009",96,0,1,0.022428,1,0,1,119.974715212669,1,4.85864303438748,510,1,13.2040004730225,35.617000579834,0.0224280003458261,0.00700216321274638,115.690803527832,-87.1302,25.9873,21.8558060063018,63,63,63,63,61,63,0,8046,1.33458767306251,26,-87,0.001869,51,2025-12-19 03:50:14.000395,510,1.037,0.0011,"aoml_navis",1029.09391873658
"7901009",96,0,1,0.01869,1,-0.003738,1,119.466256754916,1,4.85857531300208,512,1,13.1490001678467,35.609001159668,0.0186899993568659,0.00420129764825106,115.200500488281,-87.1302,25.9873,21.8558060063018,63,63,63,63,61,63,0,8046,1.33458767306251,26,-87,0.001869,51,2025-12-19 03:50:14.000395,512,1.037,0.0011,"aoml_navis",1029.10826279042
"7901009",96,0,1,0.022428,1,0,1,118.967965092747,1,4.85851642813837,514,1,13.1099996566772,35.6030006408691,0.0224280003458261,0.00700216321274638,114.720001220703,-87.1302,25.9873,21.8558060063018,63,63,63,63,61,63,0,8046,1.33458767306251,26,-87,0.001869,51,2025-12-19 03:50:14.000395,514,1.037,0.0011,"aoml_navis",1029.12073550729
"7901009",96,0,1,0.022428,1,0,1,118.28922665479,1,4.85845725225146,516,1,13.0670003890991,35.5960006713867,0.0224280003458261,0.00700216321274638,114.065498352051,-87.1302,25.9873,21.8558060063018,63,63,63,63,61,63,0,8046,1.33458767306251,26,-87,0.001869,51,2025-12-19 03:50:14.000395,516,1.037,0.0011,"aoml_navis",1029.13327017191
"7901009",96,0,1,0.026166,1,0.003738,1,117.478478112303,1,4.85838219858201,518,1,12.9969997406006,35.5859985351562,0.0261659994721413,0.00980302784591913,113.283699035645,-87.1302,25.9873,21.8558060063018,63,63,63,63,61,63,0,8046,1.33458767306251,26,-87,0.001869,51,2025-12-19 03:50:14.000395,518,1.037,0.0011,"aoml_navis",1029.14916851526
"7901009",96,0,1,0.022428,1,0,1,116.615772101645,1,4.85832155078158,520,1,12.956000328064,35.5800018310547,0.0224280003458261,0.00700216321274638,112.451797485352,-87.1302,25.9873,21.8558060063018,63,63,63,63,61,63,0,8046,1.33458767306251,26,-87,0.001869,51,2025-12-19 03:50:14.000395,520,1.037,0.0011,"aoml_navis",1029.16201567507
"7901009",96,0,1,0.022428,1,0,1,115.59057142351,1,4.85826197493963,522,1,12.9160003662109,35.5740013122559,0.0224280003458261,0.00700216321274638,111.463203430176,-87.1302,25.9873,21.8558060063018,63,63,63,63,61,63,0,8046,1.33458767306251,26,-87,0.001869,51,2025-12-19 03:50:14.000395,522,1.037,0.0011,"aoml_navis",1029.17463607181
"7901009",96,0,1,0.022428,1,0,1,114.494946895186,1,4.85819489749337,524,1,12.8610000610352,35.5660018920898,0.0224280003458261,0.00700216321274638,110.406700134277,-87.1302,25.9873,21.8558060063018,63,63,63,63,61,63,0,8046,1.33458767306251,26,-87,0.001869,51,2025-12-19 03:50:14.000395,524,1.037,0.0011,"aoml_navis",1029.18884596001
"7901009",96,0,1,0.024297,1,0.001869,1,113.89865840025,1,4.85809855061826,526,1,12.753999710083,35.5519981384277,0.0242970008403063,0.00840259529650211,109.831703186035,-87.1302,25.9873,21.8558060063018,63,63,63,63,61,63,0,8046,1.33458767306251,26,-87,0.001869,51,2025-12-19 03:50:14.000395,526,1.037,0.0011,"aoml_navis",1029.20925705875
"7901009",96,0,1,0.028035,1,0.005607,1,113.709089200098,1,4.85802693271438,528,1,12.6940002441406,35.5439987182617,0.0280349999666214,0.0112034603953362,109.648902893066,-87.1302,25.9873,21.8558060063018,63,63,63,63,61,63,0,8046,1.33458767306251,26,-87,0.001869,51,2025-12-19 03:50:14.000395,528,1.037,0.0011,"aoml_navis",1029.22442984611
"7901009",96,0,1,0.024297,1,0.001869,1,113.346336351276,1,4.85797240588502,530,1,12.6549997329712,35.5369987487793,0.0242970008403063,0.00840259529650211,109.299102783203,-87.1302,25.9873,21.8558060063018,63,63,63,63,61,63,0,8046,1.33458767306251,26,-87,0.001869,51,2025-12-19 03:50:14.000395,530,1.037,0.0011,"aoml_navis",1029.23598206176
"7901009",96,0,1,0.020559,1,-0.001869,1,112.968131555547,1,4.85790103184172,532,1,12.5950002670288,35.5289993286133,0.020558999851346,0.00560173019766808,108.93440246582,-87.1302,25.9873,21.8558060063018,63,63,63,63,61,63,0,8046,1.33458767306251,26,-87,0.001869,51,2025-12-19 03:50:14.000395,532,1.037,0.0011,"aoml_navis",1029.25110396998
"7901009",96,0,1,0.024297,1,0.001869,1,113.121092379693,1,4.85783637784847,534,1,12.5380001068115,35.5200004577637,0.0242970008403063,0.00840259529650211,109.081901550293,-87.1302,25.9873,21.8558060063018,63,63,63,63,61,63,0,8046,1.33458767306251,26,-87,0.001869,51,2025-12-19 03:50:14.000395,534,1.037,0.0011,"aoml_navis",1029.26480249516
"7901009",96,0,1,0.026166,1,0.003738,1,113.499605739646,1,4.85775848715804,536,1,12.456000328064,35.507999420166,0.0261659994721413,0.00980302784591913,109.446899414062,-87.1302,25.9873,21.8558060063018,63,63,63,63,61,63,0,8046,1.33458767306251,26,-87,0.001869,51,2025-12-19 03:50:14.000395,536,1.037,0.0011,"aoml_navis",1029.2813060217
"7901009",96,0,1,0.024297,1,0.001869,1,113.459682276209,1,4.85770627957688,538,1,12.418999671936,35.5009994506836,0.0242970008403063,0.00840259529650211,109.408401489258,-87.1302,25.9873,21.8558060063018,63,63,63,63,61,63,0,8046,1.33458767306251,26,-87,0.001869,51,2025-12-19 03:50:14.000395,538,1.037,0.0011,"aoml_navis",1029.29236809178
"7901009",96,0,1,0.026166,1,0.003738,1,113.358465298849,1,4.85764780650224,540,1,12.3830003738403,35.4959983825684,0.0261659994721413,0.00980302784591913,109.31079864502,-87.1302,25.9873,21.8558060063018,63,63,63,63,61,63,0,8046,1.33458767306251,26,-87,0.001869,51,2025-12-19 03:50:14.000395,540,1.037,0.0011,"aoml_navis",1029.30475801626
"7901009",96,0,1,0.024297,1,0.001869,1,113.22095642161,1,4.85759904936176,542,1,12.3570003509521,35.4910011291504,0.0242970008403063,0.00840259529650211,109.178199768066,-87.1302,25.9873,21.8558060063018,63,63,63,63,61,63,0,8046,1.33458767306251,26,-87,0.001869,51,2025-12-19 03:50:14.000395,542,1.037,0.0011,"aoml_navis",1029.31508944876
"7901009",96,0,1,0.022428,1,0,1,112.88890175712,1,4.85754966576979,544,1,12.3190002441406,35.4830017089844,0.0224280003458261,0.00700216321274638,108.858001708984,-87.1302,25.9873,21.8558060063018,63,63,63,63,61,63,0,8046,1.33458767306251,26,-87,0.001869,51,2025-12-19 03:50:14.000395,544,1.037,0.0011,"aoml_navis",1029.3255538351
"7901009",96,0,1,0.026166,1,0.003738,1,112.681807691428,1,4.85745884019865,546,1,12.2189998626709,35.4700012207031,0.0261659994721413,0.00980302784591913,108.658302307129,-87.1302,25.9873,21.8558060063018,63,63,63,63,61,63,0,8046,1.33458767306251,26,-87,0.001869,51,2025-12-19 03:50:14.000395,546,1.037,0.0011,"aoml_navis",1029.34480033505
"7901009",96,0,1,0.024297,1,0.001869,1,112.623212136489,1,4.85736826422541,548,1,12.1149997711182,35.4560012817383,0.0242970008403063,0.00840259529650211,108.60179901123,-87.1302,25.9873,21.8558060063018,63,63,63,63,61,63,0,8046,1.33458767306251,26,-87,0.001869,51,2025-12-19 03:50:14.000395,548,1.037,0.0011,"aoml_navis",1029.36399466046
"7901009",96,0,1,0.028035,1,0.005607,1,112.449197737986,1,4.85730874850365,550,1,12.0659999847412,35.4480018615723,0.0280349999666214,0.0112034603953362,108.43399810791,-87.1302,25.9873,21.8558060063018,63,63,63,63,61,63,0,8046,1.33458767306251,26,-87,0.001869,51,2025-12-19 03:50:14.000395,550,1.037,0.0011,"aoml_navis",1029.3766072705
"7901009",96,0,1,0.026166,1,0.003738,1,112.252167613137,1,4.85724775795009,552,1,12.0229997634888,35.4420013427734,0.0261659994721413,0.00980302784591913,108.244003295898,-87.1302,25.9873,21.8558060063018,63,63,63,63,61,63,0,8046,1.33458767306251,26,-87,0.001869,51,2025-12-19 03:50:14.000395,552,1.037,0.0011,"aoml_navis",1029.38953274851
"7901009",96,0,1,0.028035,1,0.005607,1,112.158522327118,1,4.85718763480095,554,1,11.9770002365112,35.435001373291,0.0280349999666214,0.0112034603953362,108.153701782227,-87.1302,25.9873,21.8558060063018,63,63,63,63,61,63,0,8046,1.33458767306251,26,-87,0.001869,51,2025-12-19 03:50:14.000395,554,1.037,0.0011,"aoml_navis",1029.40227471877
"7901009",96,0,1,0.022428,1,0,1,112.117973823329,1,4.85712790181608,556,1,11.9390001296997,35.4300003051758,0.0224280003458261,0.00700216321274638,108.114601135254,-87.1302,25.9873,21.8558060063018,63,63,63,63,61,63,0,8046,1.33458767306251,26,-87,0.001869,51,2025-12-19 03:50:14.000395,556,1.037,0.0011,"aoml_navis",1029.41493431344
"7901009",96,0,1,0.026166,1,0.003738,1,112.043823466742,1,4.85708086127343,558,1,11.9219999313354,35.4269981384277,0.0261659994721413,0.00980302784591913,108.043098449707,-87.1302,25.9873,21.8558060063018,63,63,63,63,61,63,0,8046,1.33458767306251,26,-87,0.001869,51,2025-12-19 03:50:14.000395,558,1.037,0.0011,"aoml_navis",1029.42490413658
"7901009",96,0,1,0.022428,1,0,1,111.895111334603,1,4.85703651678226,560,1,11.9040002822876,35.4230003356934,0.0224280003458261,0.00700216321274638,107.899696350098,-87.1302,25.9873,21.8558060063018,63,63,63,63,61,63,0,8046,1.33458767306251,26,-87,0.001869,51,2025-12-19 03:50:14.000395,560,1.037,0.0011,"aoml_navis",1029.43430273249
"7901009",96,0,1,0.028035,1,0.005607,1,111.722861290508,1,4.85697878485003,562,1,11.8680000305176,35.4179992675781,0.0280349999666214,0.0112034603953362,107.733596801758,-87.1302,25.9873,21.8558060063018,63,63,63,63,61,63,0,8046,1.33458767306251,26,-87,0.001869,51,2025-12-19 03:50:14.000395,562,1.037,0.0011,"aoml_navis",1029.44653898759
"7901009",96,0,1,0.026166,1,0.003738,1,111.694141081971,1,4.85689662156465,564.099975585938,1,11.7889995574951,35.4080009460449,0.0261659994721413,0.00980302784591913,107.705902099609,-87.1302,25.9873,21.8558060063018,63,63,63,63,61,63,0,8046,1.33458767306251,26,-87,0.001869,51,2025-12-19 03:50:14.000395,564.099975585938,1.037,0.0011,"aoml_navis",1029.46395395775
"7901009",96,0,1,0.028035,1,0.005607,1,111.672153903039,1,4.85685082455849,566,1,11.7709999084473,35.4049987792969,0.0280349999666214,0.0112034603953362,107.684700012207,-87.1302,25.9873,21.8558060063018,63,63,63,63,61,63,0,8046,1.33458767306251,26,-87,0.001869,51,2025-12-19 03:50:14.000395,566,1.037,0.0011,"aoml_navis",1029.47366114637
"7901009",96,0,1,0.029904,1,0.007476,1,111.43342804844,1,4.85680896047127,568,1,11.7709999084473,35.4049987792969,0.0299040004611015,0.0126038929447532,107.454498291016,-87.1302,25.9873,21.8558060063018,63,63,63,63,61,63,0,8046,1.33458767306251,26,-87,0.001869,51,2025-12-19 03:50:14.000395,568,1.037,0.0011,"aoml_navis",1029.48253486891
"7901009",96,0,1,0.026166,1,0.003738,1,110.991659022576,1,4.85676684841266,570,1,11.7629995346069,35.4029998779297,0.0261659994721413,0.00980302784591913,107.028503417969,-87.1302,25.9873,21.8558060063018,63,63,63,63,61,63,0,8046,1.33458767306251,26,-87,0.001869,51,2025-12-19 03:50:14.000395,570,1.037,0.0011,"aoml_navis",1029.49146130705
"7901009",96,0,1,0.022428,1,0,1,110.526961301302,1,4.85670343240554,572,1,11.7130002975464,35.3959999084473,0.0224280003458261,0.00700216321274638,106.58039855957,-87.1302,25.9873,21.8558060063018,63,63,63,63,61,63,0,8046,1.33458767306251,26,-87,0.001869,51,2025-12-19 03:50:14.000395,572,1.037,0.0011,"aoml_navis",1029.50490380745
"7901009",96,0,1,0.022428,1,0,1,110.348278879923,1,4.85662594973185,573.900024414062,1,11.6339998245239,35.3860015869141,0.0224280003458261,0.00700216321274638,106.408096313477,-87.1302,25.9873,21.8558060063018,63,63,63,63,61,63,0,8046,1.33458767306251,26,-87,0.001869,51,2025-12-19 03:50:14.000395,573.900024414062,1.037,0.0011,"aoml_navis",1029.52132854211
"7901009",96,0,1,0.026166,1,0.003738,1,110.16420845248,1,4.85656276659328,576,1,11.5939998626709,35.3810005187988,0.0261659994721413,0.00980302784591913,106.230598449707,-87.1302,25.9873,21.8558060063018,63,63,63,63,61,63,0,8046,1.33458767306251,26,-87,0.001869,51,2025-12-19 03:50:14.000395,576,1.037,0.0011,"aoml_navis",1029.53472245708
"7901009",96,0,1,0.026166,1,0.003738,1,109.850303693881,1,4.85652436128706,578,1,11.5860004425049,35.3779983520508,0.0261659994721413,0.00980302784591913,105.92790222168,-87.1302,25.9873,21.8558060063018,63,63,63,63,61,63,0,8046,1.33458767306251,26,-87,0.001869,51,2025-12-19 03:50:14.000395,578,1.037,0.0011,"aoml_navis",1029.54286399892
"7901009",96,0,1,0.024297,1,0.001869,1,109.603697583717,1,4.85644450970591,580,1,11.5179996490479,35.3709983825684,0.0242970008403063,0.00840259529650211,105.690101623535,-87.1302,25.9873,21.8558060063018,63,63,63,63,61,63,0,8046,1.33458767306251,26,-87,0.001869,51,2025-12-19 03:50:14.000395,580,1.037,0.0011,"aoml_navis",1029.55979214983
"7901009",96,0,1,0.026166,1,0.003738,1,109.390376850224,1,4.85639003542517,582,1,11.4809999465942,35.3650016784668,0.0261659994721413,0.00980302784591913,105.484397888184,-87.1302,25.9873,21.8558060063018,63,63,63,63,61,63,0,8046,1.33458767306251,26,-87,0.001869,51,2025-12-19 03:50:14.000395,582,1.037,0.0011,"aoml_navis",1029.57134075461
"7901009",96,0,1,0.026166,1,0.003738,1,109.444201527546,1,4.8563205834742,584,1,11.4160003662109,35.3559989929199,0.0261659994721413,0.00980302784591913,105.53630065918,-87.1302,25.9873,21.8558060063018,63,63,63,63,61,63,0,8046,1.33458767306251,26,-87,0.001869,51,2025-12-19 03:50:14.000395,584,1.037,0.0011,"aoml_navis",1029.58606501695
"7901009",96,0,1,0.028035,1,0.005607,1,109.412158319673,1,4.85627280959304,586,1,11.3900003433228,35.351001739502,0.0280349999666214,0.0112034603953362,105.505401611328,-87.1302,25.9873,21.8558060063018,63,63,63,63,61,63,0,8046,1.33458767306251,26,-87,0.001869,51,2025-12-19 03:50:14.000395,586,1.037,0.0011,"aoml_navis",1029.59619363291
"7901009",96,0,1,0.028035,1,0.005607,1,109.546557818963,1,4.8561952415077,588,1,11.3120002746582,35.3409996032715,0.0280349999666214,0.0112034603953362,105.63500213623,-87.1302,25.9873,21.8558060063018,63,63,63,63,61,63,0,8046,1.33458767306251,26,-87,0.001869,51,2025-12-19 03:50:14.000395,588,1.037,0.0011,"aoml_navis",1029.61263938961
"7901009",96,0,1,0.026166,1,0.003738,1,109.497812583482,1,4.85614761483875,590,1,11.289999961853,35.3370018005371,0.0261659994721413,0.00980302784591913,105.587997436523,-87.1302,25.9873,21.8558060063018,63,63,63,63,61,63,0,8046,1.33458767306251,26,-87,0.001869,51,2025-12-19 03:50:14.000395,590,1.037,0.0011,"aoml_navis",1029.62273731583
"7901009",96,0,1,0.024297,1,0.001869,1,109.324114661105,1,4.8560935311682,592,1,11.2569999694824,35.3320007324219,0.0242970008403063,0.00840259529650211,105.420501708984,-87.1302,25.9873,21.8558060063018,63,63,63,63,61,63,0,8046,1.33458767306251,26,-87,0.001869,51,2025-12-19 03:50:14.000395,592,1.037,0.0011,"aoml_navis",1029.63420451195
"7901009",96,0,1,0.029904,1,0.007476,1,109.392663390242,1,4.85601731706261,594,1,11.1800003051758,35.3219985961914,0.0299040004611015,0.0126038929447532,105.486602783203,-87.1302,25.9873,21.8558060063018,63,63,63,63,61,63,0,8046,1.33458767306251,26,-87,0.001869,51,2025-12-19 03:50:14.000395,594,1.037,0.0011,"aoml_navis",1029.65036439048
"7901009",96,0,1,0.029904,1,0.007476,1,109.207342882097,1,4.85596336657341,596,1,11.1470003128052,35.3170013427734,0.0299040004611015,0.0126038929447532,105.307899475098,-87.1302,25.9873,21.8558060063018,63,63,63,63,61,63,0,8046,1.33458767306251,26,-87,0.001869,51,2025-12-19 03:50:14.000395,596,1.037,0.0011,"aoml_navis",1029.66180396213
"7901009",96,0,1,0.026166,1,0.003738,1,108.788383873096,1,4.85590854842914,598,1,11.1090002059937,35.3110008239746,0.0261659994721413,0.00980302784591913,104.903900146484,-87.1302,25.9873,21.8558060063018,63,63,63,63,61,63,0,8046,1.33458767306251,26,-87,0.001869,51,2025-12-19 03:50:14.000395,598,1.037,0.0011,"aoml_navis",1029.67342777027
"7901009",96,0,1,0.024297,1,0.001869,1,108.560758418657,1,4.85585379442011,600,1,11.0790004730225,35.306999206543,0.0242970008403063,0.00840259529650211,104.68440246582,-87.1302,25.9873,21.8558060063018,63,63,63,63,61,63,0,8046,1.33458767306251,26,-87,0.001869,51,2025-12-19 03:50:14.000395,600,1.037,0.0011,"aoml_navis",1029.68503824096
"7901009",96,0,1,0.026166,1,0.003738,1,108.744100951007,1,4.85578358204682,602,1,11.0200004577637,35.2999992370605,0.0261659994721413,0.00980302784591913,104.861198425293,-87.1302,25.9873,21.8558060063018,63,63,63,63,61,63,0,8046,1.33458767306251,26,-87,0.001869,51,2025-12-19 03:50:14.000395,602,1.037,0.0011,"aoml_navis",1029.69992700795
"7901009",96,0,1,0.024297,1,0.001869,1,108.851433829524,1,4.85573802378238,604,1,11,35.2960014343262,0.0242970008403063,0.00840259529650211,104.964698791504,-87.1302,25.9873,21.8558060063018,63,63,63,63,61,63,0,8046,1.33458767306251,26,-87,0.001869,51,2025-12-19 03:50:14.000395,604,1.037,0.0011,"aoml_navis",1029.70958801959
"7901009",96,0,1,0.024297,1,0.001869,1,108.824161499269,1,4.85569431478807,606,1,10.9820003509521,35.2919998168945,0.0242970008403063,0.00840259529650211,104.938400268555,-87.1302,25.9873,21.8558060063018,63,63,63,63,61,63,0,8046,1.33458767306251,26,-87,0.001869,51,2025-12-19 03:50:14.000395,606,1.037,0.0011,"aoml_navis",1029.7188570484
"7901009",96,0,1,0.024297,1,0.001869,1,108.811510366087,1,4.855631595023,608,1,10.9309997558594,35.2849998474121,0.0242970008403063,0.00840259529650211,104.926200866699,-87.1302,25.9873,21.8558060063018,63,63,63,63,61,63,0,8046,1.33458767306251,26,-87,0.001869,51,2025-12-19 03:50:14.000395,608,1.037,0.0011,"aoml_navis",1029.73215783606
"7901009",96,0,1,0.026166,1,0.003738,1,108.580561912312,1,4.85557614405225,610,1,10.8999996185303,35.2809982299805,0.0261659994721413,0.00980302784591913,104.703498840332,-87.1302,25.9873,21.8558060063018,63,63,63,63,61,63,0,8046,1.33458767306251,26,-87,0.001869,51,2025-12-19 03:50:14.000395,610,1.037,0.0011,"aoml_navis",1029.74391743906
"7901009",96,0,1,0.031773,1,0.009345,1,108.190742442717,1,4.8555162254749,612,1,10.8599996566772,35.2760009765625,0.0317730009555817,0.0140043264254928,104.327598571777,-87.1302,25.9873,21.8558060063018,63,63,63,63,61,63,0,8046,1.33458767306251,26,-87,0.001869,51,2025-12-19 03:50:14.000395,612,1.037,0.0011,"aoml_navis",1029.75662479863
"7901009",96,0,1,0.028035,1,0.005607,1,107.895707573198,1,4.85546390313005,613.900024414062,1,10.826000213623,35.2709999084473,0.0280349999666214,0.0112034603953362,104.043098449707,-87.1302,25.9873,21.8558060063018,63,63,63,63,61,63,0,8046,1.33458767306251,26,-87,0.001869,51,2025-12-19 03:50:14.000395,613.900024414062,1.037,0.0011,"aoml_navis",1029.76772142756
"7901009",96,0,1,0.026166,1,0.003738,1,107.979399685018,1,4.85538860165254,616,1,10.7629995346069,35.2639999389648,0.0261659994721413,0.00980302784591913,104.123802185059,-87.1302,25.9873,21.8558060063018,63,63,63,63,61,63,0,8046,1.33458767306251,26,-87,0.001869,51,2025-12-19 03:50:14.000395,616,1.037,0.0011,"aoml_navis",1029.78369193729
"7901009",96,0,1,0.028035,1,0.005607,1,108.073353535261,1,4.85533791192316,618,1,10.7329998016357,35.2589988708496,0.0280349999666214,0.0112034603953362,104.214401245117,-87.1302,25.9873,21.8558060063018,63,63,63,63,61,63,0,8046,1.33458767306251,26,-87,0.001869,51,2025-12-19 03:50:14.000395,618,1.037,0.0011,"aoml_navis",1029.79444287937
"7901009",96,0,1,0.026166,1,0.003738,1,108.071897745076,1,4.85527654857661,620,1,10.6870002746582,35.2529983520508,0.0261659994721413,0.00980302784591913,104.212997436523,-87.1302,25.9873,21.8558060063018,63,63,63,63,61,63,0,8046,1.33458767306251,26,-87,0.001869,51,2025-12-19 03:50:14.000395,620,1.037,0.0011,"aoml_navis",1029.80745792242
"7901009",96,0,1,0.028035,1,0.005607,1,108.100317301292,1,4.85520826197782,622,1,10.625,35.2449989318848,0.0280349999666214,0.0112034603953362,104.24040222168,-87.1302,25.9873,21.8558060063018,63,63,63,63,61,63,0,8046,1.33458767306251,26,-87,0.001869,51,2025-12-19 03:50:14.000395,622,1.037,0.0011,"aoml_navis",1029.82194176017
"7901009",96,0,1,0.024297,1,0.001869,1,108.14210797388,1,4.85516105921486,624,1,10.6110000610352,35.2430000305176,0.0242970008403063,0.00840259529650211,104.280700683594,-87.1302,25.9873,21.8558060063018,63,63,63,63,61,63,0,8046,1.33458767306251,26,-87,0.001869,51,2025-12-19 03:50:14.000395,624,1.037,0.0011,"aoml_navis",1029.83195387725
"7901009",96,0,1,0.026166,1,0.003738,1,108.055931524462,1,4.85511394460792,626,1,10.5930004119873,35.2400016784668,0.0261659994721413,0.00980302784591913,104.197601318359,-87.1302,25.9873,21.8558060063018,63,63,63,63,61,63,0,8046,1.33458767306251,26,-87,0.001869,51,2025-12-19 03:50:14.000395,626,1.037,0.0011,"aoml_navis",1029.84194748982
"7901009",96,0,1,0.024297,1,0.001869,1,107.95585386116,1,4.85505453637114,628,1,10.5530004501343,35.2350006103516,0.0242970008403063,0.00840259529650211,104.101097106934,-87.1302,25.9873,21.8558060063018,63,63,63,63,61,63,0,8046,1.33458767306251,26,-87,0.001869,51,2025-12-19 03:50:14.000395,628,1.037,0.0011,"aoml_navis",1029.85454901547
"7901009",96,0,1,0.026166,1,0.003738,1,107.821770837997,1,4.85500587600245,630,1,10.5249996185303,35.2299995422363,0.0261659994721413,0.00980302784591913,103.971801757812,-87.1302,25.9873,21.8558060063018,63,63,63,63,61,63,0,8046,1.33458767306251,26,-87,0.001869,51,2025-12-19 03:50:14.000395,630,1.037,0.0011,"aoml_navis",1029.86487096014
"7901009",96,0,1,0.024297,1,0.001869,1,107.784126002675,1,4.85494578902216,632,1,10.4799995422363,35.2239990234375,0.0242970008403063,0.00840259529650211,103.935501098633,-87.1302,25.9873,21.8558060063018,63,63,63,63,61,63,0,8046,1.33458767306251,26,-87,0.001869,51,2025-12-19 03:50:14.000395,632,1.037,0.0011,"aoml_navis",1029.87761702836
"7901009",96,0,1,0.024297,1,0.001869,1,107.871861097019,1,4.85487825810096,634,1,10.4099998474121,35.2140007019043,0.0242970008403063,0.00840259529650211,104.02010345459,-87.1302,25.9873,21.8558060063018,63,63,63,63,61,63,0,8046,1.33458767306251,26,-87,0.001869,51,2025-12-19 03:50:14.000395,634,1.037,0.0011,"aoml_navis",1029.89194253365
"7901009",96,0,1,0.028035,1,0.005607,1,107.956890320476,1,4.85480438346184,636,1,10.3450002670288,35.2070007324219,0.0280349999666214,0.0112034603953362,104.102096557617,-87.1302,25.9873,21.8558060063018,63,63,63,63,61,63,0,8046,1.33458767306251,26,-87,0.001869,51,2025-12-19 03:50:14.000395,636,1.037,0.0011,"aoml_navis",1029.90761420435
"7901009",96,0,1,0.028035,1,0.005607,1,108.02762273489,1,4.85475331437539,638,1,10.3140001296997,35.2019996643066,0.0280349999666214,0.0112034603953362,104.170303344727,-87.1302,25.9873,21.8558060063018,63,63,63,63,61,63,0,8046,1.33458767306251,26,-87,0.001869,51,2025-12-19 03:50:14.000395,638,1.037,0.0011,"aoml_navis",1029.91844821333
"7901009",96,0,1,0.028035,1,0.005607,1,108.143041578455,1,4.85470580357938,640,1,10.2869997024536,35.1969985961914,0.0280349999666214,0.0112034603953362,104.281600952148,-87.1302,25.9873,21.8558060063018,63,63,63,63,61,63,0,8046,1.33458767306251,26,-87,0.001869,51,2025-12-19 03:50:14.000395,640,1.037,0.0011,"aoml_navis",1029.9285275564
"7901009",96,0,1,0.024297,1,0.001869,1,108.519379165034,1,4.85464118572861,642,1,10.2279996871948,35.1889991760254,0.0242970008403063,0.00840259529650211,104.644500732422,-87.1302,25.9873,21.8558060063018,63,63,63,63,61,63,0,8046,1.33458767306251,26,-87,0.001869,51,2025-12-19 03:50:14.000395,642,1.037,0.0011,"aoml_navis",1029.94223645173
"7901009",96,0,1,0.028035,1,0.005607,1,108.813583284719,1,4.85458228308472,644,1,10.1669998168945,35.1790008544922,0.0280349999666214,0.0112034603953362,104.928199768066,-87.1302,25.9873,21.8558060063018,63,63,63,63,61,63,0,8046,1.33458767306251,26,-87,0.001869,51,2025-12-19 03:50:14.000395,644,1.037,0.0011,"aoml_navis",1029.95473316458
"7901009",96,0,1,0.026166,1,0.003738,1,108.84791303261,1,4.85452025234191,646,1,10.1190004348755,35.1730003356934,0.0261659994721413,0.00980302784591913,104.961303710938,-87.1302,25.9873,21.8558060063018,63,63,63,63,61,63,0,8046,1.33458767306251,26,-87,0.001869,51,2025-12-19 03:50:14.000395,646,1.037,0.0011,"aoml_navis",1029.96789385891
"7901009",96,0,1,0.029904,1,0.007476,1,108.910337948687,1,4.85445675183395,648,1,10.0649995803833,35.1660003662109,0.0299040004611015,0.0126038929447532,105.021499633789,-87.1302,25.9873,21.8558060063018,63,63,63,63,61,63,0,8046,1.33458767306251,26,-87,0.001869,51,2025-12-19 03:50:14.000395,648,1.037,0.0011,"aoml_navis",1029.98136673297
"7901009",96,0,1,0.026166,1,0.003738,1,108.958038812949,1,4.85440516697637,650,1,10.0329999923706,35.1609992980957,0.0261659994721413,0.00980302784591913,105.067497253418,-87.1302,25.9873,21.8558060063018,63,63,63,63,61,63,0,8046,1.33458767306251,26,-87,0.001869,51,2025-12-19 03:50:14.000395,650,1.037,0.0011,"aoml_navis",1029.99231172834
"7901009",96,0,1,0.026166,1,0.003738,1,108.992779979805,1,4.85434234626596,652,1,9.98799991607666,35.1559982299805,0.0261659994721413,0.00980302784591913,105.100997924805,-87.1302,25.9873,21.8558060063018,63,63,63,63,61,63,0,8046,1.33458767306251,26,-87,0.001869,51,2025-12-19 03:50:14.000395,652,1.037,0.0011,"aoml_navis",1030.00564100018
"7901009",96,0,1,0.026166,1,0.003738,1,109.05562422675,1,4.85428152456292,654,1,9.94099998474121,35.1500015258789,0.0261659994721413,0.00980302784591913,105.161598205566,-87.1302,25.9873,21.8558060063018,63,63,63,63,61,63,0,8046,1.33458767306251,26,-87,0.001869,51,2025-12-19 03:50:14.000395,654,1.037,0.0011,"aoml_navis",1030.01854645219
"7901009",96,0,1,0.028035,1,0.005607,1,109.126143019778,1,4.85422750925331,656,1,9.9060001373291,35.1450004577637,0.0280349999666214,0.0112034603953362,105.229598999023,-87.1302,25.9873,21.8558060063018,63,63,63,63,61,63,0,8046,1.33458767306251,26,-87,0.001869,51,2025-12-19 03:50:14.000395,656,1.037,0.0011,"aoml_navis",1030.03000796086
"7901009",96,0,1,0.028035,1,0.005607,1,109.202674859222,1,4.85417095719717,658,1,9.86800003051758,35.1399993896484,0.0280349999666214,0.0112034603953362,105.303398132324,-87.1302,25.9873,21.8558060063018,63,63,63,63,61,63,0,8046,1.33458767306251,26,-87,0.001869,51,2025-12-19 03:50:14.000395,658,1.037,0.0011,"aoml_navis",1030.04200801511
"7901009",96,0,1,0.026166,1,0.003738,1,109.325879015514,1,4.85411962698817,660,1,9.83600044250488,35.1349983215332,0.0261659994721413,0.00980302784591913,105.422203063965,-87.1302,25.9873,21.8558060063018,63,63,63,63,61,63,0,8046,1.33458767306251,26,-87,0.001869,51,2025-12-19 03:50:14.000395,660,1.037,0.0011,"aoml_navis",1030.05290026244
"7901009",96,0,1,0.029904,1,0.007476,1,109.524570640031,1,4.85405613623914,662,1,9.77700042724609,35.1269989013672,0.0299040004611015,0.0126038929447532,105.613800048828,-87.1302,25.9873,21.8558060063018,63,63,63,63,61,63,0,8046,1.33458767306251,26,-87,0.001869,51,2025-12-19 03:50:14.000395,662,1.037,0.0011,"aoml_navis",1030.0663732896
"7901009",96,0,1,0.028035,1,0.005607,1,109.78403359286,1,4.85396926083757,664,1,9.66899967193604,35.1139984130859,0.0280349999666214,0.0112034603953362,105.863998413086,-87.1302,25.9873,21.8558060063018,63,63,63,63,61,63,0,8046,1.33458767306251,26,-87,0.001869,51,2025-12-19 03:50:14.000395,664,1.037,0.0011,"aoml_navis",1030.08480921802
"7901009",96,0,1,0.026166,1,0.003738,1,109.753549029914,1,4.85390941099952,666,1,9.63099956512451,35.1100006103516,0.0261659994721413,0.00980302784591913,105.834602355957,-87.1302,25.9873,21.8558060063018,63,63,63,63,61,63,0,8046,1.33458767306251,26,-87,0.001869,51,2025-12-19 03:50:14.000395,666,1.037,0.0011,"aoml_navis",1030.09751040459
"7901009",96,0,1,0.031773,1,0.009345,1,109.714139840183,1,4.85386270386733,668,1,9.61699962615967,35.1080017089844,0.0317730009555817,0.0140043264254928,105.796600341797,-87.1302,25.9873,21.8558060063018,63,63,63,63,61,63,0,8046,1.33458767306251,26,-87,0.001869,51,2025-12-19 03:50:14.000395,668,1.037,0.0011,"aoml_navis",1030.10742269579
"7901009",96,0,1,0.026166,1,0.003738,1,109.781549255262,1,4.85380777887094,670,1,9.58899974822998,35.1049995422363,0.0261659994721413,0.00980302784591913,105.861602783203,-87.1302,25.9873,21.8558060063018,63,63,63,63,61,63,0,8046,1.33458767306251,26,-87,0.001869,51,2025-12-19 03:50:14.000395,670,1.037,0.0011,"aoml_navis",1030.11907924443
"7901009",96,0,1,0.029904,1,0.007476,1,109.814320358226,1,4.85376109267314,672,1,9.57499980926514,35.1030006408691,0.0299040004611015,0.0126038929447532,105.893203735352,-87.1302,25.9873,21.8558060063018,63,63,63,63,61,63,0,8046,1.33458767306251,26,-87,0.001869,51,2025-12-19 03:50:14.000395,672,1.037,0.0011,"aoml_navis",1030.12898750777
"7901009",96,0,1,0.022428,1,0,1,109.830183724099,1,4.85371496288287,674,1,9.55300045013428,35.0989990234375,0.0224280003458261,0.00700216321274638,105.908500671387,-87.1302,25.9873,21.8558060063018,63,63,63,63,61,63,0,8046,1.33458767306251,26,-87,0.001869,51,2025-12-19 03:50:14.000395,674,1.037,0.0011,"aoml_navis",1030.13877787134
"7901009",96,0,1,0.028035,1,0.005607,1,109.939383811766,1,4.85364597341437,676,1,9.50399971008301,35.0950012207031,0.0280349999666214,0.0112034603953362,106.013801574707,-87.1302,25.9873,21.8558060063018,63,63,63,63,61,63,0,8046,1.33458767306251,26,-87,0.001869,51,2025-12-19 03:50:14.000395,676,1.037,0.0011,"aoml_navis",1030.15342020973
"7901009",96,0,1,0.026166,1,0.003738,1,109.925482597881,1,4.85359990423117,678,1,9.48200035095215,35.0909996032715,0.0261659994721413,0.00980302784591913,106.000396728516,-87.1302,25.9873,21.8558060063018,63,63,63,63,61,63,0,8046,1.33458767306251,26,-87,0.001869,51,2025-12-19 03:50:14.000395,678,1.037,0.0011,"aoml_navis",1030.16319817404
"7901009",96,0,1,0.029904,1,0.007476,1,109.919572406207,1,4.85354651465614,680,1,9.46000003814697,35.0890007019043,0.0299040004611015,0.0126038929447532,105.994697570801,-87.1302,25.9873,21.8558060063018,63,63,63,63,61,63,0,8046,1.33458767306251,26,-87,0.001869,51,2025-12-19 03:50:14.000395,680,1.037,0.0011,"aoml_navis",1030.1745300888
"7901009",96,0,1,0.029904,1,0.007476,1,109.871665832463,1,4.85349681903841,682,1,9.4379997253418,35.0859985351562,0.0299040004611015,0.0126038929447532,105.948501586914,-87.1302,25.9873,21.8558060063018,63,63,63,63,61,63,0,8046,1.33458767306251,26,-87,0.001869,51,2025-12-19 03:50:14.000395,682,1.037,0.0011,"aoml_navis",1030.1850781867
"7901009",96,0,1,0.028035,1,0.005607,1,109.67514998132,1,4.85344405084307,684,1,9.40799999237061,35.0820007324219,0.0280349999666214,0.0112034603953362,105.759002685547,-87.1302,25.9873,21.8558060063018,63,63,63,63,61,63,0,8046,1.33458767306251,26,-87,0.001869,51,2025-12-19 03:50:14.000395,684,1.037,0.0011,"aoml_navis",1030.19627868822
"7901009",96,0,1,0.029904,1,0.007476,1,109.638953024279,1,4.85337680803331,686,1,9.35200023651123,35.076000213623,0.0299040004611015,0.0126038929447532,105.724098205566,-87.1302,25.9873,21.8558060063018,63,63,63,63,61,63,0,8046,1.33458767306251,26,-87,0.001869,51,2025-12-19 03:50:14.000395,686,1.037,0.0011,"aoml_navis",1030.21055190357
"7901009",96,0,1,0.031773,1,0.009345,1,109.682610906017,1,4.85331828928946,688,1,9.3149995803833,35.0719985961914,0.0317730009555817,0.0140043264254928,105.76619720459,-87.1302,25.9873,21.8558060063018,63,63,63,63,61,63,0,8046,1.33458767306251,26,-87,0.001869,51,2025-12-19 03:50:14.000395,688,1.037,0.0011,"aoml_navis",1030.22297363728
"7901009",96,0,1,0.028035,1,0.005607,1,109.837027520348,1,4.8532607810257,690,1,9.26599979400635,35.064998626709,0.0280349999666214,0.0112034603953362,105.915100097656,-87.1302,25.9873,21.8558060063018,63,63,63,63,61,63,0,8046,1.33458767306251,26,-87,0.001869,51,2025-12-19 03:50:14.000395,690,1.037,0.0011,"aoml_navis",1030.23518116891
"7901009",96,0,1,0.028035,1,0.005607,1,110.030948267248,1,4.85317788590033,692,1,9.18200016021729,35.056999206543,0.0280349999666214,0.0112034603953362,106.102096557617,-87.1302,25.9873,21.8558060063018,63,63,63,63,61,63,0,8046,1.33458767306251,26,-87,0.001869,51,2025-12-19 03:50:14.000395,692,1.037,0.0011,"aoml_navis",1030.25277819019
"7901009",96,0,1,0.026166,1,0.003738,1,110.103650745554,1,4.85312010531308,694,1,9.14999961853027,35.0540008544922,0.0261659994721413,0.00980302784591913,106.172203063965,-87.1302,25.9873,21.8558060063018,63,63,63,63,61,63,0,8046,1.33458767306251,26,-87,0.001869,51,2025-12-19 03:50:14.000395,694,1.037,0.0011,"aoml_navis",1030.2650442395
"7901009",96,0,1,0.028035,1,0.005607,1,110.119308401943,1,4.85307661904772,696,1,9.14400005340576,35.0530014038086,0.0280349999666214,0.0112034603953362,106.187301635742,-87.1302,25.9873,21.8558060063018,63,63,63,63,61,63,0,8046,1.33458767306251,26,-87,0.001869,51,2025-12-19 03:50:14.000395,696,1.037,0.0011,"aoml_navis",1030.27427598724
"7901009",96,0,1,0.028035,1,0.005607,1,110.163377702647,1,4.85304013475373,698,1,9.14200019836426,35.0509986877441,0.0280349999666214,0.0112034603953362,106.229797363281,-87.1302,25.9873,21.8558060063018,63,63,63,63,61,63,0,8046,1.33458767306251,26,-87,0.001869,51,2025-12-19 03:50:14.000395,698,1.037,0.0011,"aoml_navis",1030.2820214063
"7901009",96,0,1,0.031773,1,0.009345,1,110.399405598262,1,4.85296854683302,700,1,9.07999992370605,35.0449981689453,0.0317730009555817,0.0140043264254928,106.457397460938,-87.1302,25.9873,21.8558060063018,63,63,63,63,61,63,0,8046,1.33458767306251,26,-87,0.001869,51,2025-12-19 03:50:14.000395,700,1.037,0.0011,"aoml_navis",1030.29721947465
"7901009",96,0,1,0.026166,1,0.003738,1,110.624443860362,1,4.85288924345574,702,1,9.00399971008301,35.0379981994629,0.0261659994721413,0.00980302784591913,106.67440032959,-87.1302,25.9873,21.8558060063018,63,63,63,63,61,63,0,8046,1.33458767306251,26,-87,0.001869,51,2025-12-19 03:50:14.000395,702,1.037,0.0011,"aoml_navis",1030.31405605282
"7901009",96,0,1,0.028035,1,0.005607,1,110.722132128904,1,4.85284029593364,704,1,8.97799968719482,35.0340003967285,0.0280349999666214,0.0112034603953362,106.768600463867,-87.1302,25.9873,21.8558060063018,63,63,63,63,61,63,0,8046,1.33458767306251,26,-87,0.001869,51,2025-12-19 03:50:14.000395,704,1.037,0.0011,"aoml_navis",1030.32444817722
"7901009",96,0,1,0.026166,1,0.003738,1,110.762372068469,1,4.85278897981744,706,1,8.95800018310547,35.0320014953613,0.0261659994721413,0.00980302784591913,106.807403564453,-87.1302,25.9873,21.8558060063018,63,63,63,63,61,63,0,8046,1.33458767306251,26,-87,0.001869,51,2025-12-19 03:50:14.000395,706,1.037,0.0011,"aoml_navis",1030.33534340661
"7901009",96,0,1,0.028035,1,0.005607,1,110.790783712783,1,4.85274015742225,708,1,8.94099998474121,35.0299987792969,0.0280349999666214,0.0112034603953362,106.834800720215,-87.1302,25.9873,21.8558060063018,63,63,63,63,61,63,0,8046,1.33458767306251,26,-87,0.001869,51,2025-12-19 03:50:14.000395,708,1.037,0.0011,"aoml_navis",1030.34570939318
"7901009",96,0,1,0.026166,1,0.003738,1,110.809550747121,1,4.85269588199693,710,1,8.93400001525879,35.0289993286133,0.0261659994721413,0.00980302784591913,106.852897644043,-87.1302,25.9873,21.8558060063018,63,63,63,63,61,63,0,8046,1.33458767306251,26,-87,0.001869,51,2025-12-19 03:50:14.000395,710,1.037,0.0011,"aoml_navis",1030.355110146
"7901009",96,0,1,0.031773,1,0.009345,1,110.875820848143,1,4.85264870213184,712,1,8.91899967193604,35.0270004272461,0.0317730009555817,0.0140043264254928,106.916801452637,-87.1302,25.9873,21.8558060063018,63,63,63,63,61,63,0,8046,1.33458767306251,26,-87,0.001869,51,2025-12-19 03:50:14.000395,712,1.037,0.0011,"aoml_navis",1030.36512777103
"7901009",96,0,1,0.028035,1,0.005607,1,110.963136611619,1,4.85258880582392,714,1,8.88399982452393,35.023998260498,0.0280349999666214,0.0112034603953362,107.000999450684,-87.1302,25.9873,21.8558060063018,63,63,63,63,61,63,0,8046,1.33458767306251,26,-87,0.001869,51,2025-12-19 03:50:14.000395,714,1.037,0.0011,"aoml_navis",1030.37784573858
"7901009",96,0,1,0.028035,1,0.005607,1,111.041124241247,1,4.85254204213497,716,1,8.86499977111816,35.0209999084473,0.0280349999666214,0.0112034603953362,107.076202392578,-87.1302,25.9873,21.8558060063018,63,63,63,63,61,63,0,8046,1.33458767306251,26,-87,0.001869,51,2025-12-19 03:50:14.000395,716,1.037,0.0011,"aoml_navis",1030.38777543495
"7901009",96,0,1,0.031773,1,0.009345,1,111.152911521253,1,4.85248629442288,718,1,8.83500003814697,35.0180015563965,0.0317730009555817,0.0140043264254928,107.18399810791,-87.1302,25.9873,21.8558060063018,63,63,63,63,61,63,0,8046,1.33458767306251,26,-87,0.001869,51,2025-12-19 03:50:14.000395,718,1.037,0.0011,"aoml_navis",1030.39961302862
"7901009",96,0,1,0.028035,1,0.005607,1,111.297058485259,1,4.8524281468749,720,1,8.80200004577637,35.0149993896484,0.0280349999666214,0.0112034603953362,107.322998046875,-87.1302,25.9873,21.8558060063018,63,63,63,63,61,63,0,8046,1.33458767306251,26,-87,0.001869,51,2025-12-19 03:50:14.000395,720,1.037,0.0011,"aoml_navis",1030.41196049861
"7901009",96,0,1,0.029904,1,0.007476,1,111.351713912414,1,4.85238185463284,722,1,8.78800010681152,35.0130004882812,0.0299040004611015,0.0126038929447532,107.375701904297,-87.1302,25.9873,21.8558060063018,63,63,63,63,61,63,0,8046,1.33458767306251,26,-87,0.001869,51,2025-12-19 03:50:14.000395,722,1.037,0.0011,"aoml_navis",1030.42179073896
"7901009",96,0,1,0.026166,1,0.003738,1,111.452305849423,1,4.85233924883479,724,1,8.77400016784668,35.0099983215332,0.0261659994721413,0.00980302784591913,107.472702026367,-87.1302,25.9873,21.8558060063018,63,63,63,63,61,63,0,8046,1.33458767306251,26,-87,0.001869,51,2025-12-19 03:50:14.000395,724,1.037,0.0011,"aoml_navis",1030.43083832209
"7901009",96,0,1,0.029904,1,0.007476,1,111.561292315704,1,4.85227628137193,726,1,8.73499965667725,35.0069999694824,0.0299040004611015,0.0126038929447532,107.577796936035,-87.1302,25.9873,21.8558060063018,63,63,63,63,61,63,0,8046,1.33458767306251,26,-87,0.001869,51,2025-12-19 03:50:14.000395,726,1.037,0.0011,"aoml_navis",1030.44421011128
"7901009",96,0,1,0.035511,1,0.013083,1,111.691031704022,1,4.85222517812922,728,1,8.70600032806396,35.0029983520508,0.0355109982192516,0.0168051905930042,107.702903747559,-87.1302,25.9873,21.8558060063018,63,63,63,63,61,63,0,8046,1.33458767306251,26,-87,0.001869,51,2025-12-19 03:50:14.000395,728,1.037,0.0011,"aoml_navis",1030.45506266627
"7901009",96,0,1,0.031773,1,0.009345,1,111.778758886463,1,4.85215464019254,730,1,8.65299987792969,34.9990005493164,0.0317730009555817,0.0140043264254928,107.787498474121,-87.1302,25.9873,21.8558060063018,63,63,63,63,61,63,0,8046,1.33458767306251,26,-87,0.001869,51,2025-12-19 03:50:14.000395,730,1.037,0.0011,"aoml_navis",1030.47004285123
"7901009",96,0,1,0.028035,1,0.005607,1,111.843264633076,1,4.85210320193339,732,1,8.62800025939941,34.9959983825684,0.0280349999666214,0.0112034603953362,107.849700927734,-87.1302,25.9873,21.8558060063018,63,63,63,63,61,63,0,8046,1.33458767306251,26,-87,0.001869,51,2025-12-19 03:50:14.000395,732,1.037,0.0011,"aoml_navis",1030.48096710055
"7901009",96,0,1,0.028035,1,0.005607,1,111.860061603523,1,4.85205171382232,734,1,8.61200046539307,34.9949989318848,0.0280349999666214,0.0112034603953362,107.865898132324,-87.1302,25.9873,21.8558060063018,63,63,63,63,61,63,0,8046,1.33458767306251,26,-87,0.001869,51,2025-12-19 03:50:14.000395,734,1.037,0.0011,"aoml_navis",1030.49190216918
"7901009",96,0,1,0.024297,1,0.001869,1,111.898434333938,1,4.85200713238425,736,1,8.60000038146973,34.9930000305176,0.0242970008403063,0.00840259529650211,107.902900695801,-87.1302,25.9873,21.8558060063018,63,63,63,63,61,63,0,8046,1.33458767306251,26,-87,0.001869,51,2025-12-19 03:50:14.000395,736,1.037,0.0011,"aoml_navis",1030.50137058291
"7901009",96,0,1,0.031773,1,0.009345,1,111.910357572028,1,4.85195888965559,738,1,8.58800029754639,34.992000579834,0.0317730009555817,0.0140043264254928,107.914398193359,-87.1302,25.9873,21.8558060063018,63,63,63,63,61,63,0,8046,1.33458767306251,26,-87,0.001869,51,2025-12-19 03:50:14.000395,738,1.037,0.0011,"aoml_navis",1030.51161679462
"7901009",96,0,1,0.031773,1,0.009345,1,112.16183741455,1,4.85189702974053,740,1,8.55000019073486,34.9889984130859,0.0317730009555817,0.0140043264254928,108.156898498535,-87.1302,25.9873,21.8558060063018,63,63,63,63,61,63,0,8046,1.33458767306251,26,-87,0.001869,51,2025-12-19 03:50:14.000395,740,1.037,0.0011,"aoml_navis",1030.52475544136
"7901009",96,0,1,0.028035,1,0.005607,1,112.447227674094,1,4.85183244905203,742,1,8.50399971008301,34.9850006103516,0.0280349999666214,0.0112034603953362,108.432098388672,-87.1302,25.9873,21.8558060063018,63,63,63,63,61,63,0,8046,1.33458767306251,26,-87,0.001869,51,2025-12-19 03:50:14.000395,742,1.037,0.0011,"aoml_navis",1030.53847232027
"7901009",96,0,1,0.029904,1,0.007476,1,112.718305300789,1,4.85178160989171,744,1,8.47500038146973,34.9809989929199,0.0299040004611015,0.0126038929447532,108.693496704102,-87.1302,25.9873,21.8558060063018,63,63,63,63,61,63,0,8046,1.33458767306251,26,-87,0.001869,51,2025-12-19 03:50:14.000395,744,1.037,0.0011,"aoml_navis",1030.54927076811
"7901009",96,0,1,0.031773,1,0.009345,1,113.002761955759,1,4.85171683780076,746,1,8.42399978637695,34.976001739502,0.0317730009555817,0.0140043264254928,108.967796325684,-87.1302,25.9873,21.8558060063018,63,63,63,63,61,63,0,8046,1.33458767306251,26,-87,0.001869,51,2025-12-19 03:50:14.000395,746,1.037,0.0011,"aoml_navis",1030.56302895584
"7901009",96,0,1,0.026166,1,0.003738,1,113.241907141226,1,4.85165012028437,748,1,8.375,34.9720001220703,0.0261659994721413,0.00980302784591913,109.198402404785,-87.1302,25.9873,21.8558060063018,63,63,63,63,61,63,0,8046,1.33458767306251,26,-87,0.001869,51,2025-12-19 03:50:14.000395,748,1.037,0.0011,"aoml_navis",1030.5772007539
"7901009",96,0,1,0.029904,1,0.007476,1,113.3466449155,1,4.8515981419751,750,1,8.34899997711182,34.9690017700195,0.0299040004611015,0.0126038929447532,109.29940032959,-87.1302,25.9873,21.8558060063018,63,63,63,63,61,63,0,8046,1.33458767306251,26,-87,0.001869,51,2025-12-19 03:50:14.000395,750,1.037,0.0011,"aoml_navis",1030.58824199411
"7901009",96,0,1,0.029904,1,0.007476,1,113.402645366196,1,4.85155240651668,752,1,8.34000015258789,34.9679985046387,0.0299040004611015,0.0126038929447532,109.353401184082,-87.1302,25.9873,21.8558060063018,63,63,63,63,61,63,0,8046,1.33458767306251,26,-87,0.001869,51,2025-12-19 03:50:14.000395,752,1.037,0.0011,"aoml_navis",1030.59795732268
"7901009",96,0,1,0.028035,1,0.005607,1,113.51609414587,1,4.85150904939992,754,1,8.33399963378906,34.9669990539551,0.0280349999666214,0.0112034603953362,109.462799072266,-87.1302,25.9873,21.8558060063018,63,63,63,63,61,63,0,8046,1.33458767306251,26,-87,0.001869,51,2025-12-19 03:50:14.000395,754,1.037,0.0011,"aoml_navis",1030.60716760251
"7901009",96,0,1,0.028035,1,0.005607,1,113.770786221082,1,4.85145233669446,756,1,8.30200004577637,34.9640007019043,0.0280349999666214,0.0112034603953362,109.708396911621,-87.1302,25.9873,21.8558060063018,63,63,63,63,61,63,0,8046,1.33458767306251,26,-87,0.001869,51,2025-12-19 03:50:14.000395,756,1.037,0.0011,"aoml_navis",1030.61921523623
"7901009",96,0,1,0.029904,1,0.007476,1,113.936508945055,1,4.85139834933477,758,1,8.27799987792969,34.9620018005371,0.0299040004611015,0.0126038929447532,109.868202209473,-87.1302,25.9873,21.8558060063018,63,63,63,63,61,63,0,8046,1.33458767306251,26,-87,0.001869,51,2025-12-19 03:50:14.000395,758,1.037,0.0011,"aoml_navis",1030.63068417905
"7901009",96,0,1,0.024297,1,0.001869,1,114.14007430193,1,4.85134806596432,760,1,8.25399971008301,34.9589996337891,0.0242970008403063,0.00840259529650211,110.064498901367,-87.1302,25.9873,21.8558060063018,63,63,63,63,61,63,0,8046,1.33458767306251,26,-87,0.001869,51,2025-12-19 03:50:14.000395,760,1.037,0.0011,"aoml_navis",1030.64136648504
"7901009",96,0,1,0.028035,1,0.005607,1,114.374234988395,1,4.85127823073343,762,1,8.19600009918213,34.9539985656738,0.0280349999666214,0.0112034603953362,110.290298461914,-87.1302,25.9873,21.8558060063018,63,63,63,63,61,63,0,8046,1.33458767306251,26,-87,0.001869,51,2025-12-19 03:50:14.000395,762,1.037,0.0011,"aoml_navis",1030.65620279711
"7901009",96,0,1,0.031773,1,0.009345,1,114.56836935668,1,4.85122564240796,764,1,8.16899967193604,34.951000213623,0.0317730009555817,0.0140043264254928,110.477500915527,-87.1302,25.9873,21.8558060063018,63,63,63,63,61,63,0,8046,1.33458767306251,26,-87,0.001869,51,2025-12-19 03:50:14.000395,764,1.037,0.0011,"aoml_navis",1030.66737533119
"7901009",96,0,1,0.033642,1,0.011214,1,114.735120628066,1,4.8511654728651,766,1,8.13700008392334,34.9490013122559,0.0336420014500618,0.0154047571122646,110.638298034668,-87.1302,25.9873,21.8558060063018,63,63,63,63,61,63,0,8046,1.33458767306251,26,-87,0.001869,51,2025-12-19 03:50:14.000395,766,1.037,0.0011,"aoml_navis",1030.68015881285
"7901009",96,0,1,0.031773,1,0.009345,1,115.012939196269,1,4.85110718900983,768,1,8.09799957275391,34.9449996948242,0.0317730009555817,0.0140043264254928,110.906196594238,-87.1302,25.9873,21.8558060063018,63,63,63,63,61,63,0,8046,1.33458767306251,26,-87,0.001869,51,2025-12-19 03:50:14.000395,768,1.037,0.0011,"aoml_navis",1030.69254196805
"7901009",96,0,1,0.029904,1,0.007476,1,115.221180487922,1,4.85104057840603,770,1,8.05300045013428,34.9420013427734,0.0299040004611015,0.0126038929447532,111.107002258301,-87.1302,25.9873,21.8558060063018,63,63,63,63,61,63,0,8046,1.33458767306251,26,-87,0.001869,51,2025-12-19 03:50:14.000395,770,1.037,0.0011,"aoml_navis",1030.7066946125
"7901009",96,0,1,0.031773,1,0.009345,1,115.371649062567,1,4.85098683873461,772,1,8.0290002822876,34.939998626709,0.0317730009555817,0.0140043264254928,111.252098083496,-87.1302,25.9873,21.8558060063018,63,63,63,63,61,63,0,8046,1.33458767306251,26,-87,0.001869,51,2025-12-19 03:50:14.000395,772,1.037,0.0011,"aoml_navis",1030.71811287459
"7901009",96,0,1,0.028035,1,0.005607,1,115.490185195984,1,4.85093936793439,774,1,8.01299953460693,34.9379997253418,0.0280349999666214,0.0112034603953362,111.366401672363,-87.1302,25.9873,21.8558060063018,63,63,63,63,61,63,0,8046,1.33458767306251,26,-87,0.001869,51,2025-12-19 03:50:14.000395,774,1.037,0.0011,"aoml_navis",1030.72819937741
"7901009",96,0,1,0.028035,1,0.005607,1,115.617424422897,1,4.85089606276067,776,1,8.00699996948242,34.9370002746582,0.0280349999666214,0.0112034603953362,111.489097595215,-87.1302,25.9873,21.8558060063018,63,63,63,63,61,63,0,8046,1.33458767306251,26,-87,0.001869,51,2025-12-19 03:50:14.000395,776,1.037,0.0011,"aoml_navis",1030.73740094824
"7901009",96,0,1,0.026166,1,0.003738,1,115.875542352186,1,4.85084806418329,778,1,7.99499988555908,34.9360008239746,0.0261659994721413,0.00980302784591913,111.737998962402,-87.1302,25.9873,21.8558060063018,63,63,63,63,61,63,0,8046,1.33458767306251,26,-87,0.001869,51,2025-12-19 03:50:14.000395,778,1.037,0.0011,"aoml_navis",1030.74759997494
"7901009",96,0,1,0.031773,1,0.009345,1,116.206774178746,1,4.85078632913759,780,1,7.95599985122681,34.9329986572266,0.0317730009555817,0.0140043264254928,112.057403564453,-87.1302,25.9873,21.8558060063018,63,63,63,63,61,63,0,8046,1.33458767306251,26,-87,0.001869,51,2025-12-19 03:50:14.000395,780,1.037,0.0011,"aoml_navis",1030.76071810587
"7901009",96,0,1,0.031773,1,0.009345,1,116.483034102022,1,4.8507275340229,782,1,7.91599988937378,34.9290008544922,0.0317730009555817,0.0140043264254928,112.323799133301,-87.1302,25.9873,21.8558060063018,63,63,63,63,61,63,0,8046,1.33458767306251,26,-87,0.001869,51,2025-12-19 03:50:14.000395,782,1.037,0.0011,"aoml_navis",1030.77321183886
"7901009",96,0,1,0.029904,1,0.007476,1,116.794145958799,1,4.85066437248282,784,1,7.875,34.9259986877441,0.0299040004611015,0.0126038929447532,112.623802185059,-87.1302,25.9873,21.8558060063018,63,63,63,63,61,63,0,8046,1.33458767306251,26,-87,0.001869,51,2025-12-19 03:50:14.000395,784,1.037,0.0011,"aoml_navis",1030.78663375771
"7901009",96,0,1,0.028035,1,0.005607,1,117.071442341393,1,4.85061388697082,786,1,7.85500001907349,34.923999786377,0.0280349999666214,0.0112034603953362,112.89119720459,-87.1302,25.9873,21.8558060063018,63,63,63,63,61,63,0,8046,1.33458767306251,26,-87,0.001869,51,2025-12-19 03:50:14.000395,786,1.037,0.0011,"aoml_navis",1030.79736225356
"7901009",96,0,1,0.035511,1,0.013083,1,117.388567244585,1,4.85056186552596,788,1,7.83300018310547,34.9220008850098,0.0355109982192516,0.0168051905930042,113.196998596191,-87.1302,25.9873,21.8558060063018,63,63,63,63,61,63,0,8046,1.33458767306251,26,-87,0.001869,51,2025-12-19 03:50:14.000395,788,1.037,0.0011,"aoml_navis",1030.80841737864
"7901009",96,0,1,0.026166,1,0.003738,1,117.737110315299,1,4.85050560569805,790,1,7.7960000038147,34.9179992675781,0.0261659994721413,0.00980302784591913,113.533096313477,-87.1302,25.9873,21.8558060063018,63,63,63,63,61,63,0,8046,1.33458767306251,26,-87,0.001869,51,2025-12-19 03:50:14.000395,790,1.037,0.0011,"aoml_navis",1030.8203734733
"7901009",96,0,1,0.033642,1,0.011214,1,118.06160120035,1,4.8504410859317,792,1,7.75299978256226,34.9150009155273,0.0336420014500618,0.0154047571122646,113.846000671387,-87.1302,25.9873,21.8558060063018,63,63,63,63,61,63,0,8046,1.33458767306251,26,-87,0.001869,51,2025-12-19 03:50:14.000395,792,1.037,0.0011,"aoml_navis",1030.83408527568
"7901009",96,0,1,0.031773,1,0.009345,1,118.332781681786,1,4.85037665804996,794,1,7.71000003814697,34.9119987487793,0.0317730009555817,0.0140043264254928,114.107498168945,-87.1302,25.9873,21.8558060063018,63,63,63,63,61,63,0,8046,1.33458767306251,26,-87,0.001869,51,2025-12-19 03:50:14.000395,794,1.037,0.0011,"aoml_navis",1030.84777791467
"7901009",96,0,1,0.024297,1,0.001869,1,118.566633804027,1,4.85031843903878,796,1,7.67500019073486,34.9090003967285,0.0242970008403063,0.00840259529650211,114.333000183105,-87.1302,25.9873,21.8558060063018,63,63,63,63,61,63,0,8046,1.33458767306251,26,-87,0.001869,51,2025-12-19 03:50:14.000395,796,1.037,0.0011,"aoml_navis",1030.86015131635
"7901009",96,0,1,0.033642,1,0.011214,1,118.79001056646,1,4.85025123133216,798,1,7.63299989700317,34.9070014953613,0.0336420014500618,0.0154047571122646,114.548400878906,-87.1302,25.9873,21.8558060063018,63,63,63,63,61,63,0,8046,1.33458767306251,26,-87,0.001869,51,2025-12-19 03:50:14.000395,798,1.037,0.0011,"aoml_navis",1030.87443547264
"7901009",96,0,1,0.029904,1,0.007476,1,118.889566044153,1,4.85020511630091,800.099975585938,1,7.62599992752075,34.9059982299805,0.0299040004611015,0.0126038929447532,114.644401550293,-87.1302,25.9873,21.8558060063018,63,63,63,63,61,63,0,8046,1.33458767306251,26,-87,0.001869,51,2025-12-19 03:50:14.000395,800.099975585938,1.037,0.0011,"aoml_navis",1030.88423687395
"7901009",96,0,1,0.028035,1,0.005607,1,119.077268035155,1,4.85015709259762,802,1,7.61100006103516,34.9049987792969,0.0280349999666214,0.0112034603953362,114.825401306152,-87.1302,25.9873,21.8558060063018,63,63,63,63,61,63,0,8046,1.33458767306251,26,-87,0.001869,51,2025-12-19 03:50:14.000395,802,1.037,0.0011,"aoml_navis",1030.8944441472
"7901009",96,0,1,0.029904,1,0.007476,1,119.345647702866,1,4.8500861701884,804,1,7.56400012969971,34.9029998779297,0.0299040004611015,0.0126038929447532,115.084197998047,-87.1302,25.9873,21.8558060063018,63,63,63,63,61,63,0,8046,1.33458767306251,26,-87,0.001869,51,2025-12-19 03:50:14.000395,804,1.037,0.0011,"aoml_navis",1030.90951883145
"7901009",96,0,1,0.026166,1,0.003738,1,119.426016815351,1,4.85003210745965,806,1,7.53900003433228,34.9010009765625,0.0261659994721413,0.00980302784591913,115.161697387695,-87.1302,25.9873,21.8558060063018,63,63,63,63,61,63,0,8046,1.33458767306251,26,-87,0.001869,51,2025-12-19 03:50:14.000395,806,1.037,0.0011,"aoml_navis",1030.92101025675
"7901009",96,0,1,0.029904,1,0.007476,1,119.438153674827,1,4.84996996277864,808,1,7.51300001144409,34.9010009765625,0.0299040004611015,0.0126038929447532,115.173400878906,-87.1302,25.9873,21.8558060063018,63,63,63,63,61,63,0,8046,1.33458767306251,26,-87,0.001869,51,2025-12-19 03:50:14.000395,808,1.037,0.0011,"aoml_navis",1030.93421987616
"7901009",96,0,1,0.033642,1,0.011214,1,119.452046976808,1,4.84992077947503,810,1,7.50400018692017,34.9010009765625,0.0336420014500618,0.0154047571122646,115.186798095703,-87.1302,25.9873,21.8558060063018,63,63,63,63,61,63,0,8046,1.33458767306251,26,-87,0.001869,51,2025-12-19 03:50:14.000395,810,1.037,0.0011,"aoml_navis",1030.94467463471
"7901009",96,0,1,0.033642,1,0.011214,1,119.497366358213,1,4.84987464377748,812,1,7.49900007247925,34.9010009765625,0.0336420014500618,0.0154047571122646,115.230499267578,-87.1302,25.9873,21.8558060063018,63,63,63,63,61,63,0,8046,1.33458767306251,26,-87,0.001869,51,2025-12-19 03:50:14.000395,812,1.037,0.0011,"aoml_navis",1030.95448176483
"7901009",96,0,1,0.029904,1,0.007476,1,119.568407336851,1,4.84982609402959,814,1,7.48600006103516,34.9000015258789,0.0299040004611015,0.0126038929447532,115.299003601074,-87.1302,25.9873,21.8558060063018,63,63,63,63,61,63,0,8046,1.33458767306251,26,-87,0.001869,51,2025-12-19 03:50:14.000395,814,1.037,0.0011,"aoml_navis",1030.96480225451
"7901009",96,0,1,0.028035,1,0.005607,1,119.798517128889,1,4.84976703691399,816,1,7.46400022506714,34.9000015258789,0.0280349999666214,0.0112034603953362,115.520896911621,-87.1302,25.9873,21.8558060063018,63,63,63,63,61,63,0,8046,1.33458767306251,26,-87,0.001869,51,2025-12-19 03:50:14.000395,816,1.037,0.0011,"aoml_navis",1030.97735663229
"7901009",96,0,1,0.026166,1,0.003738,1,120.222974910598,1,4.84970625080747,818,1,7.42999982833862,34.8979988098145,0.0261659994721413,0.00980302784591913,115.930198669434,-87.1302,25.9873,21.8558060063018,63,63,63,63,61,63,0,8046,1.33458767306251,26,-87,0.001869,51,2025-12-19 03:50:14.000395,818,1.037,0.0011,"aoml_navis",1030.99027887875
"7901009",96,0,1,0.031773,1,0.009345,1,120.596305973969,1,4.84965382754226,820,1,7.40700006484985,34.8959999084473,0.0317730009555817,0.0140043264254928,116.290199279785,-87.1302,25.9873,21.8558060063018,63,63,63,63,61,63,0,8046,1.33458767306251,26,-87,0.001869,51,2025-12-19 03:50:14.000395,820,1.037,0.0011,"aoml_navis",1031.00142356634
"7901009",96,0,1,0.031773,1,0.009345,1,120.981663130171,1,4.8495991546595,822,1,7.38100004196167,34.8940010070801,0.0317730009555817,0.0140043264254928,116.661796569824,-87.1302,25.9873,21.8558060063018,63,63,63,63,61,63,0,8046,1.33458767306251,26,-87,0.001869,51,2025-12-19 03:50:14.000395,822,1.037,0.0011,"aoml_navis",1031.01304675789
"7901009",96,0,1,0.028035,1,0.005607,1,121.507852162947,1,4.84954452196098,824,1,7.35500001907349,34.8919982910156,0.0280349999666214,0.0112034603953362,117.16919708252,-87.1302,25.9873,21.8558060063018,63,63,63,63,61,63,0,8046,1.33458767306251,26,-87,0.001869,51,2025-12-19 03:50:14.000395,824,1.037,0.0011,"aoml_navis",1031.02466166826
"7901009",96,0,1,0.029904,1,0.007476,1,122.037158485576,1,4.84947774639614,826,1,7.30800008773804,34.8889999389648,0.0299040004611015,0.0126038929447532,117.67960357666,-87.1302,25.9873,21.8558060063018,63,63,63,63,61,63,0,8046,1.33458767306251,26,-87,0.001869,51,2025-12-19 03:50:14.000395,826,1.037,0.0011,"aoml_navis",1031.03885850713
"7901009",96,0,1,0.031773,1,0.009345,1,122.330943274392,1,4.84941031396143,828,1,7.26000022888184,34.8860015869141,0.0317730009555817,0.0140043264254928,117.962898254395,-87.1302,25.9873,21.8558060063018,63,63,63,63,61,63,0,8046,1.33458767306251,26,-87,0.001869,51,2025-12-19 03:50:14.000395,828,1.037,0.0011,"aoml_navis",1031.05319539677
"7901009",96,0,1,0.033642,1,0.011214,1,122.447612198659,1,4.84935294636063,830,1,7.23999977111816,34.8860015869141,0.0336420014500618,0.0154047571122646,118.075401306152,-87.1302,25.9873,21.8558060063018,63,63,63,63,61,63,0,8046,1.33458767306251,26,-87,0.001869,51,2025-12-19 03:50:14.000395,830,1.037,0.0011,"aoml_navis",1031.06539270408
"7901009",96,0,1,0.028035,1,0.005607,1,122.597147168729,1,4.84930009134647,832,1,7.22599983215332,34.8860015869141,0.0280349999666214,0.0112034603953362,118.219596862793,-87.1302,25.9873,21.8558060063018,63,63,63,63,61,63,0,8046,1.33458767306251,26,-87,0.001869,51,2025-12-19 03:50:14.000395,832,1.037,0.0011,"aoml_navis",1031.07663081574
"7901009",96,0,1,0.029904,1,0.007476,1,122.792523705814,1,4.8492524295304,834,1,7.21400022506714,34.8849983215332,0.0299040004611015,0.0126038929447532,118.407997131348,-87.1302,25.9873,21.8558060063018,63,63,63,63,61,63,0,8046,1.33458767306251,26,-87,0.001869,51,2025-12-19 03:50:14.000395,834,1.037,0.0011,"aoml_navis",1031.08676495197
"7901009",96,0,1,0.031773,1,0.009345,1,123.066196436751,1,4.84919951701687,836,1,7.19500017166138,34.8839988708496,0.0317730009555817,0.0140043264254928,118.671897888184,-87.1302,25.9873,21.8558060063018,63,63,63,63,61,63,0,8046,1.33458767306251,26,-87,0.001869,51,2025-12-19 03:50:14.000395,836,1.037,0.0011,"aoml_navis",1031.09801575578
"7901009",96,0,1,0.029904,1,0.007476,1,123.302430041849,1,4.84914219628308,838,1,7.17500019073486,34.8839988708496,0.0299040004611015,0.0126038929447532,118.899696350098,-87.1302,25.9873,21.8558060063018,63,63,63,63,61,63,0,8046,1.33458767306251,26,-87,0.001869,51,2025-12-19 03:50:14.000395,838,1.037,0.0011,"aoml_navis",1031.11020415787
"7901009",96,0,1,0.031773,1,0.009345,1,123.595186283253,1,4.84909229916116,840,1,7.15999984741211,34.882999420166,0.0317730009555817,0.0140043264254928,119.181999206543,-87.1302,25.9873,21.8558060063018,63,63,63,63,61,63,0,8046,1.33458767306251,26,-87,0.001869,51,2025-12-19 03:50:14.000395,840,1.037,0.0011,"aoml_navis",1031.12081427383
"7901009",96,0,1,0.031773,1,0.009345,1,123.964371509358,1,4.84902152155231,842,1,7.11700010299683,34.8819999694824,0.0317730009555817,0.0140043264254928,119.53800201416,-87.1302,25.9873,21.8558060063018,63,63,63,63,61,63,0,8046,1.33458767306251,26,-87,0.001869,51,2025-12-19 03:50:14.000395,842,1.037,0.0011,"aoml_navis",1031.1358647877
"7901009",96,0,1,0.029904,1,0.007476,1,124.130497740393,1,4.84896569901365,844,1,7.0939998626709,34.8810005187988,0.0299040004611015,0.0126038929447532,119.698196411133,-87.1302,25.9873,21.8558060063018,63,63,63,63,61,63,0,8046,1.33458767306251,26,-87,0.001869,51,2025-12-19 03:50:14.000395,844,1.037,0.0011,"aoml_navis",1031.14773548864
"7901009",96,0,1,0.026166,1,0.003738,1,124.206926725095,1,4.84891291578462,846,1,7.07999992370605,34.8810005187988,0.0261659994721413,0.00980302784591913,119.771896362305,-87.1302,25.9873,21.8558060063018,63,63,63,63,61,63,0,8046,1.33458767306251,26,-87,0.001869,51,2025-12-19 03:50:14.000395,846,1.037,0.0011,"aoml_navis",1031.15896012971
"7901009",96,0,1,0.033642,1,0.011214,1,124.303792155707,1,4.84886158354618,848,1,7.06300020217896,34.8800010681152,0.0336420014500618,0.0154047571122646,119.865303039551,-87.1302,25.9873,21.8558060063018,63,63,63,63,61,63,0,8046,1.33458767306251,26,-87,0.001869,51,2025-12-19 03:50:14.000395,848,1.037,0.0011,"aoml_navis",1031.16987644413
"7901009",96,0,1,0.031773,1,0.009345,1,124.33531317797,1,4.84879920053724,850,1,7.04099988937378,34.8810005187988,0.0317730009555817,0.0140043264254928,119.895698547363,-87.1302,25.9873,21.8558060063018,63,63,63,63,61,63,0,8046,1.33458767306251,26,-87,0.001869,51,2025-12-19 03:50:14.000395,850,1.037,0.0011,"aoml_navis",1031.18314312666
"7901009",96,0,1,0.029904,1,0.007476,1,124.616454745507,1,4.84874128560785,852,1,7.02500009536743,34.8819999694824,0.0299040004611015,0.0126038929447532,120.166801452637,-87.1302,25.9873,21.8558060063018,63,63,63,63,61,63,0,8046,1.33458767306251,26,-87,0.001869,51,2025-12-19 03:50:14.000395,852,1.037,0.0011,"aoml_navis",1031.19545991062
"7901009",96,0,1,0.031773,1,0.009345,1,124.979516158553,1,4.84868850435114,854,1,7.00600004196167,34.8810005187988,0.0317730009555817,0.0140043264254928,120.516899108887,-87.1302,25.9873,21.8558060063018,63,63,63,63,61,63,0,8046,1.33458767306251,26,-87,0.001869,51,2025-12-19 03:50:14.000395,854,1.037,0.0011,"aoml_navis",1031.20668517127
"7901009",96,0,1,0.029904,1,0.007476,1,125.348076344308,1,4.84863203518489,856,1,6.98199987411499,34.8800010681152,0.0299040004611015,0.0126038929447532,120.872299194336,-87.1302,25.9873,21.8558060063018,63,63,63,63,61,63,0,8046,1.33458767306251,26,-87,0.001869,51,2025-12-19 03:50:14.000395,856,1.037,0.0011,"aoml_navis",1031.21869502917
"7901009",96,0,1,0.029904,1,0.007476,1,125.523538621093,1,4.84857705943732,858,1,6.95499992370605,34.8779983520508,0.0299040004611015,0.0126038929447532,121.041496276855,-87.1302,25.9873,21.8558060063018,63,63,63,63,61,63,0,8046,1.33458767306251,26,-87,0.001869,51,2025-12-19 03:50:14.000395,858,1.037,0.0011,"aoml_navis",1031.23038753565
"7901009",96,0,1,0.029904,1,0.007476,1,125.623616284395,1,4.8485191767127,860,1,6.93400001525879,34.8779983520508,0.0299040004611015,0.0126038929447532,121.138000488281,-87.1302,25.9873,21.8558060063018,63,63,63,63,61,63,0,8046,1.33458767306251,26,-87,0.001869,51,2025-12-19 03:50:14.000395,860,1.037,0.0011,"aoml_navis",1031.24269859855
"7901009",96,0,1,0.028035,1,0.005607,1,125.75334776081,1,4.84845909607055,862,1,6.91499996185303,34.8790016174316,0.0280349999666214,0.0112034603953362,121.26309967041,-87.1302,25.9873,21.8558060063018,63,63,63,63,61,63,0,8046,1.33458767306251,26,-87,0.001869,51,2025-12-19 03:50:14.000395,862,1.037,0.0011,"aoml_navis",1031.2554774469
"7901009",96,0,1,0.029904,1,0.007476,1,125.934308810304,1,4.84840345355358,864,1,6.89699983596802,34.8790016174316,0.0299040004611015,0.0126038929447532,121.437599182129,-87.1302,25.9873,21.8558060063018,63,63,63,63,61,63,0,8046,1.33458767306251,26,-87,0.001869,51,2025-12-19 03:50:14.000395,864,1.037,0.0011,"aoml_navis",1031.26731261098
"7901009",96,0,1,0.029904,1,0.007476,1,126.353062109822,1,4.84835739479203,866,1,6.89200019836426,34.8790016174316,0.0299040004611015,0.0126038929447532,121.841400146484,-87.1302,25.9873,21.8558060063018,63,63,63,63,61,63,0,8046,1.33458767306251,26,-87,0.001869,51,2025-12-19 03:50:14.000395,866,1.037,0.0011,"aoml_navis",1031.27710951566
"7901009",96,0,1,0.029904,1,0.007476,1,126.872921620055,1,4.84830104044623,868,1,6.86800003051758,34.8779983520508,0.0299040004611015,0.0126038929447532,122.342697143555,-87.1302,25.9873,21.8558060063018,63,63,63,63,61,63,0,8046,1.33458767306251,26,-87,0.001869,51,2025-12-19 03:50:14.000395,868,1.037,0.0011,"aoml_navis",1031.28909659038
"7901009",96,0,1,0.029904,1,0.007476,1,127.439762011361,1,4.84824322755318,870,1,6.83699989318848,34.8759994506836,0.0299040004611015,0.0126038929447532,122.889297485352,-87.1302,25.9873,21.8558060063018,63,63,63,63,61,63,0,8046,1.33458767306251,26,-87,0.001869,51,2025-12-19 03:50:14.000395,870,1.037,0.0011,"aoml_navis",1031.30139420076
"7901009",96,0,1,0.028035,1,0.005607,1,127.852090845498,1,4.84818397739855,872,1,6.80900001525879,34.875,0.0280349999666214,0.0112034603953362,123.286903381348,-87.1302,25.9873,21.8558060063018,63,63,63,63,61,63,0,8046,1.33458767306251,26,-87,0.001869,51,2025-12-19 03:50:14.000395,872,1.037,0.0011,"aoml_navis",1031.31399784109
"7901009",96,0,1,0.029904,1,0.007476,1,128.167032063414,1,4.84813647425655,874,1,6.79699993133545,34.8740005493164,0.0299040004611015,0.0126038929447532,123.590599060059,-87.1302,25.9873,21.8558060063018,63,63,63,63,61,63,0,8046,1.33458767306251,26,-87,0.001869,51,2025-12-19 03:50:14.000395,874,1.037,0.0011,"aoml_navis",1031.32410288981
"7901009",96,0,1,0.028035,1,0.005607,1,128.586513258024,1,4.84808970838459,876,1,6.78599977493286,34.8730010986328,0.0280349999666214,0.0112034603953362,123.995101928711,-87.1302,25.9873,21.8558060063018,63,63,63,63,61,63,0,8046,1.33458767306251,26,-87,0.001869,51,2025-12-19 03:50:14.000395,876,1.037,0.0011,"aoml_navis",1031.33405129709
"7901009",96,0,1,0.029904,1,0.007476,1,128.979236396085,1,4.84804075127536,878,1,6.77199983596802,34.8720016479492,0.0299040004611015,0.0126038929447532,124.373802185059,-87.1302,25.9873,21.8558060063018,63,63,63,63,61,63,0,8046,1.33458767306251,26,-87,0.001869,51,2025-12-19 03:50:14.000395,878,1.037,0.0011,"aoml_navis",1031.34446604738
"7901009",96,0,1,0.029904,1,0.007476,1,129.427334944491,1,4.84798815903719,880,1,6.75299978256226,34.8709983825684,0.0299040004611015,0.0126038929447532,124.80590057373,-87.1302,25.9873,21.8558060063018,63,63,63,63,61,63,0,8046,1.33458767306251,26,-87,0.001869,51,2025-12-19 03:50:14.000395,880,1.037,0.0011,"aoml_navis",1031.35565434075
"7901009",96,0,1,0.031773,1,0.009345,1,129.723509128068,1,4.84793410547863,882,1,6.73199987411499,34.8699989318848,0.0317730009555817,0.0140043264254928,125.091499328613,-87.1302,25.9873,21.8558060063018,63,63,63,63,61,63,0,8046,1.33458767306251,26,-87,0.001869,51,2025-12-19 03:50:14.000395,882,1.037,0.0011,"aoml_navis",1031.3671537634
"7901009",96,0,1,0.028035,1,0.005607,1,130.131581358295,1,4.84788079758358,884,1,6.71199989318848,34.8689994812012,0.0280349999666214,0.0112034603953362,125.485000610352,-87.1302,25.9873,21.8558060063018,63,63,63,63,61,63,0,8046,1.33458767306251,26,-87,0.001869,51,2025-12-19 03:50:14.000395,884,1.037,0.0011,"aoml_navis",1031.3784948038
"7901009",96,0,1,0.029904,1,0.007476,1,130.486556806292,1,4.84782240526047,886,1,6.68499994277954,34.8680000305176,0.0299040004611015,0.0126038929447532,125.827301025391,-87.1302,25.9873,21.8558060063018,63,63,63,63,61,63,0,8046,1.33458767306251,26,-87,0.001869,51,2025-12-19 03:50:14.000395,886,1.037,0.0011,"aoml_navis",1031.39091782207
"7901009",96,0,1,0.031773,1,0.009345,1,130.632879543672,1,4.84776618443111,888,1,6.66599988937378,34.8680000305176,0.0317730009555817,0.0140043264254928,125.968399047852,-87.1302,25.9873,21.8558060063018,63,63,63,63,61,63,0,8046,1.33458767306251,26,-87,0.001869,51,2025-12-19 03:50:14.000395,888,1.037,0.0011,"aoml_navis",1031.40287913592
"7901009",96,0,1,0.029904,1,0.007476,1,130.824315952974,1,4.84771870173608,890,1,6.65899991989136,34.8680000305176,0.0299040004611015,0.0126038929447532,126.15299987793,-87.1302,25.9873,21.8558060063018,63,63,63,63,61,63,0,8046,1.33458767306251,26,-87,0.001869,51,2025-12-19 03:50:14.000395,890,1.037,0.0011,"aoml_navis",1031.41298157613
"7901009",96,0,1,0.031773,1,0.009345,1,131.148798926122,1,4.8476647203162,892,1,6.63800001144409,34.867000579834,0.0317730009555817,0.0140043264254928,126.465896606445,-87.1302,25.9873,21.8558060063018,63,63,63,63,61,63,0,8046,1.33458767306251,26,-87,0.001869,51,2025-12-19 03:50:14.000395,892,1.037,0.0011,"aoml_navis",1031.42446692845
"7901009",96,0,1,0.031773,1,0.009345,1,131.439173684669,1,4.84760490274201,894,1,6.61399984359741,34.867000579834,0.0317730009555817,0.0140043264254928,126.745903015137,-87.1302,25.9873,21.8558060063018,63,63,63,63,61,63,0,8046,1.33458767306251,26,-87,0.001869,51,2025-12-19 03:50:14.000395,894,1.037,0.0011,"aoml_navis",1031.43719430843
"7901009",96,0,1,0.026166,1,0.003738,1,131.796119196558,1,4.84754288073577,896,1,6.59200000762939,34.8680000305176,0.0261659994721413,0.00980302784591913,127.090103149414,-87.1302,25.9873,21.8558060063018,63,63,63,63,61,63,0,8046,1.33458767306251,26,-87,0.001869,51,2025-12-19 03:50:14.000395,896,1.037,0.0011,"aoml_navis",1031.4503910569
"7901009",96,0,1,0.029904,1,0.007476,1,132.115000542256,1,4.84748093369906,898,1,6.56500005722046,34.8680000305176,0.0299040004611015,0.0126038929447532,127.397598266602,-87.1302,25.9873,21.8558060063018,63,63,63,63,61,63,0,8046,1.33458767306251,26,-87,0.001869,51,2025-12-19 03:50:14.000395,898,1.037,0.0011,"aoml_navis",1031.4635721908
"7901009",96,0,1,0.033642,1,0.011214,1,132.283626934695,1,4.84742913308718,900,1,6.55200004577637,34.8680000305176,0.0336420014500618,0.0154047571122646,127.560203552246,-87.1302,25.9873,21.8558060063018,63,63,63,63,61,63,0,8046,1.33458767306251,26,-87,0.001869,51,2025-12-19 03:50:14.000395,900,1.037,0.0011,"aoml_navis",1031.47459461994
"7901009",96,0,1,0.031773,1,0.009345,1,132.633309319466,1,4.84738022945413,902,1,6.54300022125244,34.8680000305176,0.0317730009555817,0.0140043264254928,127.897399902344,-87.1302,25.9873,21.8558060063018,63,63,63,63,61,63,0,8046,1.33458767306251,26,-87,0.001869,51,2025-12-19 03:50:14.000395,902,1.037,0.0011,"aoml_navis",1031.48500082962
"7901009",96,0,1,0.029904,1,0.007476,1,133.139069818236,1,4.84733428164951,904,1,6.53299999237061,34.867000579834,0.0299040004611015,0.0126038929447532,128.385101318359,-87.1302,25.9873,21.8558060063018,63,63,63,63,61,63,0,8046,1.33458767306251,26,-87,0.001869,51,2025-12-19 03:50:14.000395,904,1.037,0.0011,"aoml_navis",1031.49477825956
"7901009",96,0,1,0.029904,1,0.007476,1,133.544649798962,1,4.84726669311627,906,1,6.49300003051758,34.8660011291504,0.0299040004611015,0.0126038929447532,128.77619934082,-87.1302,25.9873,21.8558060063018,63,63,63,63,61,63,0,8046,1.33458767306251,26,-87,0.001869,51,2025-12-19 03:50:14.000395,906,1.037,0.0011,"aoml_navis",1031.50916104959
"7901009",96,0,1,0.031773,1,0.009345,1,133.723221453696,1,4.84720548825719,908,1,6.47200012207031,34.867000579834,0.0317730009555817,0.0140043264254928,128.948394775391,-87.1302,25.9873,21.8558060063018,63,63,63,63,61,63,0,8046,1.33458767306251,26,-87,0.001869,51,2025-12-19 03:50:14.000395,908,1.037,0.0011,"aoml_navis",1031.52218574454
"7901009",96,0,1,0.028035,1,0.005607,1,134.007274601604,1,4.84715301016898,910,1,6.45800018310547,34.867000579834,0.0280349999666214,0.0112034603953362,129.222305297852,-87.1302,25.9873,21.8558060063018,63,63,63,63,61,63,0,8046,1.33458767306251,26,-87,0.001869,51,2025-12-19 03:50:14.000395,910,1.037,0.0011,"aoml_navis",1031.53335360166
"7901009",96,0,1,0.029904,1,0.007476,1,134.274301333871,1,4.84710341478333,912,1,6.44799995422363,34.867000579834,0.0299040004611015,0.0126038929447532,129.479797363281,-87.1302,25.9873,21.8558060063018,63,63,63,63,61,63,0,8046,1.33458767306251,26,-87,0.001869,51,2025-12-19 03:50:14.000395,912,1.037,0.0011,"aoml_navis",1031.54390821338
"7901009",96,0,1,0.033642,1,0.011214,1,134.61319979461,1,4.84704951129788,914,1,6.43200016021729,34.867000579834,0.0336420014500618,0.0154047571122646,129.806594848633,-87.1302,25.9873,21.8558060063018,63,63,63,63,61,63,0,8046,1.33458767306251,26,-87,0.001869,51,2025-12-19 03:50:14.000395,914,1.037,0.0011,"aoml_navis",1031.55537989567
"7901009",96,0,1,0.029904,1,0.007476,1,134.991404590339,1,4.84699777067107,916,1,6.41900014877319,34.867000579834,0.0299040004611015,0.0126038929447532,130.171295166016,-87.1302,25.9873,21.8558060063018,63,63,63,63,61,63,0,8046,1.33458767306251,26,-87,0.001869,51,2025-12-19 03:50:14.000395,916,1.037,0.0011,"aoml_navis",1031.56639152069
"7901009",96,0,1,0.028035,1,0.005607,1,135.371793071346,1,4.84693957900398,918,1,6.39699983596802,34.867000579834,0.0280349999666214,0.0112034603953362,130.538101196289,-87.1302,25.9873,21.8558060063018,63,63,63,63,61,63,0,8046,1.33458767306251,26,-87,0.001869,51,2025-12-19 03:50:14.000395,918,1.037,0.0011,"aoml_navis",1031.57877636004
"7901009",96,0,1,0.029904,1,0.007476,1,135.739000321657,1,4.84689000477913,920,1,6.38700008392334,34.867000579834,0.0299040004611015,0.0126038929447532,130.892196655273,-87.1302,25.9873,21.8558060063018,63,63,63,63,61,63,0,8046,1.33458767306251,26,-87,0.001869,51,2025-12-19 03:50:14.000395,920,1.037,0.0011,"aoml_navis",1031.58932739755
"7901009",96,0,1,0.029904,1,0.007476,1,136.201720067137,1,4.84683694665016,922,1,6.36700010299683,34.8660011291504,0.0299040004611015,0.0126038929447532,131.338394165039,-87.1302,25.9873,21.8558060063018,63,63,63,63,61,63,0,8046,1.33458767306251,26,-87,0.001869,51,2025-12-19 03:50:14.000395,922,1.037,0.0011,"aoml_navis",1031.60062016439
"7901009",96,0,1,0.026166,1,0.003738,1,136.679583195299,1,4.84678595092968,924,1,6.35500001907349,34.8660011291504,0.0261659994721413,0.00980302784591913,131.799194335938,-87.1302,25.9873,21.8558060063018,63,63,63,63,61,63,0,8046,1.33458767306251,26,-87,0.001869,51,2025-12-19 03:50:14.000395,924,1.037,0.0011,"aoml_navis",1031.6114742061
"7901009",96,0,1,0.029904,1,0.007476,1,137.212513169583,1,4.84671995001329,926,1,6.32200002670288,34.8660011291504,0.0299040004611015,0.0126038929447532,132.313095092773,-87.1302,25.9873,21.8558060063018,63,63,63,63,61,63,0,8046,1.33458767306251,26,-87,0.001869,51,2025-12-19 03:50:14.000395,926,1.037,0.0011,"aoml_navis",1031.62552232594
"7901009",96,0,1,0.031773,1,0.009345,1,137.617887440827,1,4.84667193517619,928,1,6.30900001525879,34.8650016784668,0.0317730009555817,0.0140043264254928,132.703994750977,-87.1302,25.9873,21.8558060063018,63,63,63,63,61,63,0,8046,1.33458767306251,26,-87,0.001869,51,2025-12-19 03:50:14.000395,928,1.037,0.0011,"aoml_navis",1031.63574239696
"7901009",96,0,1,0.024297,1,0.001869,1,138.082695928745,1,4.84661811025611,930,1,6.29300022125244,34.8650016784668,0.0242970008403063,0.00840259529650211,133.152206420898,-87.1302,25.9873,21.8558060063018,63,63,63,63,61,63,0,8046,1.33458767306251,26,-87,0.001869,51,2025-12-19 03:50:14.000395,930,1.037,0.0011,"aoml_navis",1031.64719939855
"7901009",96,0,1,0.026166,1,0.003738,1,138.668192587746,1,4.84656500657156,932,1,6.27799987792969,34.8650016784668,0.0261659994721413,0.00980302784591913,133.716796875,-87.1302,25.9873,21.8558060063018,63,63,63,63,61,63,0,8046,1.33458767306251,26,-87,0.001869,51,2025-12-19 03:50:14.000395,932,1.037,0.0011,"aoml_navis",1031.65850312962
"7901009",96,0,1,0.029904,1,0.007476,1,139.445236422693,1,4.84649258003797,934,1,6.24100017547607,34.8660011291504,0.0299040004611015,0.0126038929447532,134.466094970703,-87.1302,25.9873,21.8558060063018,63,63,63,63,61,63,0,8046,1.33458767306251,26,-87,0.001869,51,2025-12-19 03:50:14.000395,934,1.037,0.0011,"aoml_navis",1031.67392035104
"7901009",96,0,1,0.029904,1,0.007476,1,140.282220836119,1,4.84643323868244,936,1,6.21199989318848,34.8650016784668,0.0299040004611015,0.0126038929447532,135.273193359375,-87.1302,25.9873,21.8558060063018,63,63,63,63,61,63,0,8046,1.33458767306251,26,-87,0.001869,51,2025-12-19 03:50:14.000395,936,1.037,0.0011,"aoml_navis",1031.68655251286
"7901009",96,0,1,0.029904,1,0.007476,1,140.793693728983,1,4.8463660034144,938,1,6.17700004577637,34.8650016784668,0.0299040004611015,0.0126038929447532,135.766403198242,-87.1302,25.9873,21.8558060063018,63,63,63,63,61,63,0,8046,1.33458767306251,26,-87,0.001869,51,2025-12-19 03:50:14.000395,938,1.037,0.0011,"aoml_navis",1031.70086544792
"7901009",96,0,1,0.028035,1,0.005607,1,140.975271906925,1,4.84631225408194,940,1,6.16099977493286,34.8650016784668,0.0280349999666214,0.0112034603953362,135.941497802734,-87.1302,25.9873,21.8558060063018,63,63,63,63,61,63,0,8046,1.33458767306251,26,-87,0.001869,51,2025-12-19 03:50:14.000395,940,1.037,0.0011,"aoml_navis",1031.71230780448
"7901009",96,0,1,0.029904,1,0.007476,1,141.280259950642,1,4.84625554415021,942,1,6.14599990844727,34.8660011291504,0.0299040004611015,0.0126038929447532,136.235595703125,-87.1302,25.9873,21.8558060063018,63,63,63,63,61,63,0,8046,1.33458767306251,26,-87,0.001869,51,2025-12-19 03:50:14.000395,942,1.037,0.0011,"aoml_navis",1031.72438069952
"7901009",96,0,1,0.033642,1,0.011214,1,141.557255680914,1,4.84619672228151,944,1,6.12799978256226,34.867000579834,0.0336420014500618,0.0154047571122646,136.502700805664,-87.1302,25.9873,21.8558060063018,63,63,63,63,61,63,0,8046,1.33458767306251,26,-87,0.001869,51,2025-12-19 03:50:14.000395,944,1.037,0.0011,"aoml_navis",1031.73690350029
"7901009",96,0,1,0.035511,1,0.013083,1,141.793283576529,1,4.8461493553221,946,1,6.12099981307983,34.867000579834,0.0355109982192516,0.0168051905930042,136.73030090332,-87.1302,25.9873,21.8558060063018,63,63,63,63,61,63,0,8046,1.33458767306251,26,-87,0.001869,51,2025-12-19 03:50:14.000395,946,1.037,0.0011,"aoml_navis",1031.74698784488
"7901009",96,0,1,0.028035,1,0.005607,1,142.110092003595,1,4.84610637361254,948,1,6.11499977111816,34.8660011291504,0.0280349999666214,0.0112034603953362,137.035797119141,-87.1302,25.9873,21.8558060063018,63,63,63,63,61,63,0,8046,1.33458767306251,26,-87,0.001869,51,2025-12-19 03:50:14.000395,948,1.037,0.0011,"aoml_navis",1031.75613874789
"7901009",96,0,1,0.028035,1,0.005607,1,142.593667525853,1,4.84605406995952,950,1,6.10099983215332,34.8660011291504,0.0280349999666214,0.0112034603953362,137.502105712891,-87.1302,25.9873,21.8558060063018,63,63,63,63,61,63,0,8046,1.33458767306251,26,-87,0.001869,51,2025-12-19 03:50:14.000395,950,1.037,0.0011,"aoml_navis",1031.76727453265
"7901009",96,0,1,0.028035,1,0.005607,1,142.819425771142,1,4.84599331435127,952,1,6.07499980926514,34.8660011291504,0.0280349999666214,0.0112034603953362,137.719802856445,-87.1302,25.9873,21.8558060063018,63,63,63,63,61,63,0,8046,1.33458767306251,26,-87,0.001869,51,2025-12-19 03:50:14.000395,952,1.037,0.0011,"aoml_navis",1031.78021009493
"7901009",96,0,1,0.026166,1,0.003738,1,143.080645166477,1,4.84593453739386,954,1,6.05700016021729,34.867000579834,0.0261659994721413,0.00980302784591913,137.971694946289,-87.1302,25.9873,21.8558060063018,63,63,63,63,61,63,0,8046,1.33458767306251,26,-87,0.001869,51,2025-12-19 03:50:14.000395,954,1.037,0.0011,"aoml_navis",1031.79272468856
"7901009",96,0,1,0.029904,1,0.007476,1,143.335234386948,1,4.84587858499629,956,1,6.04300022125244,34.8680000305176,0.0299040004611015,0.0126038929447532,138.217193603516,-87.1302,25.9873,21.8558060063018,63,63,63,63,61,63,0,8046,1.33458767306251,26,-87,0.001869,51,2025-12-19 03:50:14.000395,956,1.037,0.0011,"aoml_navis",1031.80463816838
"7901009",96,0,1,0.028035,1,0.005607,1,143.473993344889,1,4.84582701935999,958,1,6.03000020980835,34.8680000305176,0.0280349999666214,0.0112034603953362,138.350997924805,-87.1302,25.9873,21.8558060063018,63,63,63,63,61,63,0,8046,1.33458767306251,26,-87,0.001869,51,2025-12-19 03:50:14.000395,958,1.037,0.0011,"aoml_navis",1031.81561785513
"7901009",96,0,1,0.029904,1,0.007476,1,143.662628940466,1,4.84577826986446,960,1,6.02099990844727,34.8680000305176,0.0299040004611015,0.0126038929447532,138.532897949219,-87.1302,25.9873,21.8558060063018,63,63,63,63,61,63,0,8046,1.33458767306251,26,-87,0.001869,51,2025-12-19 03:50:14.000395,960,1.037,0.0011,"aoml_navis",1031.82599812596
"7901009",96,0,1,0.029904,1,0.007476,1,143.915350951787,1,4.8457302261984,962,1,6.01300001144409,34.8680000305176,0.0299040004611015,0.0126038929447532,138.776596069336,-87.1302,25.9873,21.8558060063018,63,63,63,63,61,63,0,8046,1.33458767306251,26,-87,0.001869,51,2025-12-19 03:50:14.000395,962,1.037,0.0011,"aoml_navis",1031.83622830828
"7901009",96,0,1,0.031773,1,0.009345,1,144.387406743017,1,4.845679376108,964,1,6.00099992752075,34.8680000305176,0.0317730009555817,0.0140043264254928,139.231796264648,-87.1302,25.9873,21.8558060063018,63,63,63,63,61,63,0,8046,1.33458767306251,26,-87,0.001869,51,2025-12-19 03:50:14.000395,964,1.037,0.0011,"aoml_navis",1031.8470562978
"7901009",96,0,1,0.029904,1,0.007476,1,144.795898304113,1,4.84561994313933,966,1,5.98199987411499,34.8689994812012,0.0299040004611015,0.0126038929447532,139.625701904297,-87.1302,25.9873,21.8558060063018,63,63,63,63,61,63,0,8046,1.33458767306251,26,-87,0.001869,51,2025-12-19 03:50:14.000395,966,1.037,0.0011,"aoml_navis",1031.8597122086
"7901009",96,0,1,0.029904,1,0.007476,1,145.126505090321,1,4.84557120921374,968,1,5.97300004959106,34.8689994812012,0.0299040004611015,0.0126038929447532,139.94450378418,-87.1302,25.9873,21.8558060063018,63,63,63,63,61,63,0,8046,1.33458767306251,26,-87,0.001869,51,2025-12-19 03:50:14.000395,968,1.037,0.0011,"aoml_navis",1031.87009005102
"7901009",96,0,1,0.026166,1,0.003738,1,145.680797203187,1,4.84551197033474,970,1,5.94899988174438,34.8689994812012,0.0261659994721413,0.00980302784591913,140.47900390625,-87.1302,25.9873,21.8558060063018,63,63,63,63,61,63,0,8046,1.33458767306251,26,-87,0.001869,51,2025-12-19 03:50:14.000395,970,1.037,0.0011,"aoml_navis",1031.88270519422
"7901009",96,0,1,0.028035,1,0.005607,1,146.00113433907,1,4.84545047458407,972,1,5.92700004577637,34.8699989318848,0.0280349999666214,0.0112034603953362,140.787902832031,-87.1302,25.9873,21.8558060063018,63,63,63,63,61,63,0,8046,1.33458767306251,26,-87,0.001869,51,2025-12-19 03:50:14.000395,972,1.037,0.0011,"aoml_navis",1031.89580127309
"7901009",96,0,1,0.029904,1,0.007476,1,146.225136141854,1,4.84540105757333,974,1,5.91699981689453,34.8699989318848,0.0299040004611015,0.0126038929447532,141.00390625,-87.1302,25.9873,21.8558060063018,63,63,63,63,61,63,0,8046,1.33458767306251,26,-87,0.001869,51,2025-12-19 03:50:14.000395,974,1.037,0.0011,"aoml_navis",1031.90632531543
"7901009",96,0,1,0.031773,1,0.009345,1,146.480026014646,1,4.84535513850257,976,1,5.91200017929077,34.8699989318848,0.0317730009555817,0.0140043264254928,141.249694824219,-87.1302,25.9873,21.8558060063018,63,63,63,63,61,63,0,8046,1.33458767306251,26,-87,0.001869,51,2025-12-19 03:50:14.000395,976,1.037,0.0011,"aoml_navis",1031.91610461503
"7901009",96,0,1,0.031773,1,0.009345,1,146.841014509059,1,4.84530922092394,978,1,5.90700006484985,34.8699989318848,0.0317730009555817,0.0140043264254928,141.597793579102,-87.1302,25.9873,21.8558060063018,63,63,63,63,61,63,0,8046,1.33458767306251,26,-87,0.001869,51,2025-12-19 03:50:14.000395,978,1.037,0.0011,"aoml_navis",1031.9258837822
"7901009",96,0,1,0.033642,1,0.011214,1,151.991014702071,1,4.84474605387903,999.599975585938,1,5.77209997177124,34.8730010986328,0.0336420014500618,0.0154047571122646,146.563903808594,-87.1302,25.9873,21.8558060063018,63,63,63,63,61,63,0,8046,1.33458767306251,26,-87,0.001869,51,2025-12-19 03:50:14.000395,999.599975585938,1.037,0.0011,"aoml_navis",1032.04583777857
"7901009",96,0,1,0.026166,1,0.003738,1,159.729631376959,1,4.84345483831717,1049.59997558594,1,5.48010015487671,34.8810005187988,0.0261659994721413,0.00980302784591913,154.02619934082,-87.1302,25.9873,21.8558060063018,63,63,63,63,61,63,0,8046,1.33458767306251,26,-87,0.001869,51,2025-12-19 03:50:14.000395,1049.59997558594,1.037,0.0011,"aoml_navis",1032.32097065185
"7901009",96,0,1,0.033642,1,0.011214,1,164.929808859927,1,4.84223947532471,1099.40002441406,1,5.27860021591187,34.8870010375977,0.0336420014500618,0.0154047571122646,159.04069519043,-87.1302,25.9873,21.8558060063018,63,63,63,63,61,63,0,8046,1.33458767306251,26,-87,0.001869,51,2025-12-19 03:50:14.000395,1099.40002441406,1.037,0.0011,"aoml_navis",1032.58007487635
"7901009",96,0,1,0.029904,1,0.007476,1,171.130525618824,1,4.8410064362334,1149.80004882812,1,5.07280015945435,34.8940010070801,0.0299040004611015,0.0126038929447532,165.020004272461,-87.1302,25.9873,21.8558060063018,63,63,63,63,61,63,0,8046,1.33458767306251,26,-87,0.001869,51,2025-12-19 03:50:14.000395,1149.80004882812,1.037,0.0011,"aoml_navis",1032.84308043397
"7901009",96,0,1,0.028035,1,0.005607,1,177.195268409698,1,4.83980870462997,1200,1,4.89989995956421,34.898998260498,0.0280349999666214,0.0112034603953362,170.868194580078,-87.1302,25.9873,21.8558060063018,63,63,63,63,61,63,0,8046,1.33458767306251,26,-87,0.001869,51,2025-12-19 03:50:14.000395,1200,1.037,0.0011,"aoml_navis",1033.09868326341
"7901009",96,0,1,0.033642,1,0.011214,1,182.028143699517,1,4.83864677776958,1249.5,1,4.76189994812012,34.9049987792969,0.0336420014500618,0.0154047571122646,175.528503417969,-87.1302,25.9873,21.8558060063018,63,63,63,63,61,63,0,8046,1.33458767306251,26,-87,0.001869,51,2025-12-19 03:50:14.000395,1249.5,1.037,0.0011,"aoml_navis",1033.3467660776
"7901009",96,0,1,0.029904,1,0.007476,1,186.821285411576,1,4.83749117402791,1299.69995117188,1,4.64830017089844,34.9099998474121,0.0299040004611015,0.0126038929447532,180.150497436523,-87.1302,25.9873,21.8558060063018,63,63,63,63,61,63,0,8046,1.33458767306251,26,-87,0.001869,51,2025-12-19 03:50:14.000395,1299.69995117188,1.037,0.0011,"aoml_navis",1033.59361704773
"7901009",96,0,1,0.031773,1,0.009345,1,190.475160537378,1,4.8363499644323,1349.90002441406,1,4.54909992218018,34.9140014648438,0.0317730009555817,0.0140043264254928,183.673904418945,-87.1302,25.9873,21.8558060063018,63,63,63,63,61,63,0,8046,1.33458767306251,26,-87,0.001869,51,2025-12-19 03:50:14.000395,1349.90002441406,1.037,0.0011,"aoml_navis",1033.83750902462
"7901009",96,0,1,0.028035,1,0.005607,1,193.189275627468,1,4.835255036278,1399.5,1,4.48750019073486,34.9160003662109,0.0280349999666214,0.0112034603953362,186.291107177734,-87.1302,25.9873,21.8558060063018,63,63,63,63,61,63,0,8046,1.33458767306251,26,-87,0.001869,51,2025-12-19 03:50:14.000395,1399.5,1.037,0.0011,"aoml_navis",1034.0716182468
"7901009",96,0,1,0.028035,1,0.005607,1,195.549855235938,1,4.83415866595013,1449.40002441406,1,4.43690013885498,34.9189987182617,0.0280349999666214,0.0112034603953362,188.567398071289,-87.1302,25.9873,21.8558060063018,63,63,63,63,61,63,0,8046,1.33458767306251,26,-87,0.001869,51,2025-12-19 03:50:14.000395,1449.40002441406,1.037,0.0011,"aoml_navis",1034.30614208383
"7901009",96,0,1,0.028035,1,0.005607,1,197.356886450443,1,4.83307763255372,1499.19995117188,1,4.39870023727417,34.9210014343262,0.0280349999666214,0.0112034603953362,190.309906005859,-87.1302,25.9873,21.8558060063018,63,63,63,63,61,63,0,8046,1.33458767306251,26,-87,0.001869,51,2025-12-19 03:50:14.000395,1499.19995117188,1.037,0.0011,"aoml_navis",1034.53748938812
"7901009",96,0,1,0.028035,1,0.005607,1,198.590225565489,1,4.83199071721314,1549.90002441406,1,4.37239980697632,34.9220008850098,0.0280349999666214,0.0112034603953362,191.499206542969,-87.1302,25.9873,21.8558060063018,63,63,63,63,61,63,0,8046,1.33458767306251,26,-87,0.001869,51,2025-12-19 03:50:14.000395,1549.90002441406,1.037,0.0011,"aoml_navis",1034.77019982434
"7901009",96,0,1,0.031773,1,0.009345,1,199.484238977024,1,4.83092256133588,1600,1,4.35309982299805,34.9230003356934,0.0317730009555817,0.0140043264254928,192.361297607422,-87.1302,25.9873,21.8558060063018,63,63,63,63,61,63,0,8046,1.33458767306251,26,-87,0.001869,51,2025-12-19 03:50:14.000395,1600,1.037,0.0011,"aoml_navis",1034.99899584757
"7901009",96,0,1,0.035511,1,0.013083,1,200.487357533388,1,4.82987202111222,1649.5,1,4.3390998840332,34.923999786377,0.0355109982192516,0.0168051905930042,193.328598022461,-87.1302,25.9873,21.8558060063018,63,63,63,63,61,63,0,8046,1.33458767306251,26,-87,0.001869,51,2025-12-19 03:50:14.000395,1649.5,1.037,0.0011,"aoml_navis",1035.22411735634
"7901009",96,0,1,0.033642,1,0.011214,1,201.369455618736,1,4.82882880233998,1698.80004882812,1,4.32760000228882,34.9249992370605,0.0336420014500618,0.0154047571122646,194.17919921875,-87.1302,25.9873,21.8558060063018,63,63,63,63,61,63,0,8046,1.33458767306251,26,-87,0.001869,51,2025-12-19 03:50:14.000395,1698.80004882812,1.037,0.0011,"aoml_navis",1035.44776687404
"7901009",96,0,1,0.035511,1,0.013083,1,201.955996648956,1,4.82775619818112,1749.90002441406,1,4.3206000328064,34.9249992370605,0.0355109982192516,0.0168051905930042,194.74479675293,-87.1302,25.9873,21.8558060063018,63,63,63,63,61,63,0,8046,1.33458767306251,26,-87,0.001869,51,2025-12-19 03:50:14.000395,1749.90002441406,1.037,0.0011,"aoml_navis",1035.67781692948
"7901009",96,0,1,0.028035,1,0.005607,1,202.242011948852,1,4.82672555990326,1799.19995117188,1,4.31769990921021,34.9249992370605,0.0280349999666214,0.0112034603953362,195.020599365234,-87.1302,25.9873,21.8558060063018,63,63,63,63,61,63,0,8046,1.33458767306251,26,-87,0.001869,51,2025-12-19 03:50:14.000395,1799.19995117188,1.037,0.0011,"aoml_navis",1035.89896254641
"7901009",96,0,1,0.031773,1,0.009345,1,202.704842460976,1,4.82566951007892,1849.59997558594,1,4.31430006027222,34.9259986877441,0.0317730009555817,0.0140043264254928,195.466903686523,-87.1302,25.9873,21.8558060063018,63,63,63,63,61,63,0,8046,1.33458767306251,26,-87,0.001869,51,2025-12-19 03:50:14.000395,1849.59997558594,1.037,0.0011,"aoml_navis",1036.12565874165
"7901009",96,0,1,0.024297,1,0.001869,1,203.144949987172,1,4.82462031707534,1899.69995117188,1,4.30959987640381,34.9269981384277,0.0242970008403063,0.00840259529650211,195.891296386719,-87.1302,25.9873,21.8558060063018,63,63,63,63,61,63,0,8046,1.33458767306251,26,-87,0.001869,51,2025-12-19 03:50:14.000395,1899.69995117188,1.037,0.0011,"aoml_navis",1036.3509812998
"7901009",96,0,1,0.029904,1,0.007476,1,203.721743552676,1,4.82357991926458,1949.69995117188,1,4.30709981918335,34.9269981384277,0.0299040004611015,0.0126038929447532,196.447494506836,-87.1302,25.9873,21.8558060063018,63,63,63,63,61,63,0,8046,1.33458767306251,26,-87,0.001869,51,2025-12-19 03:50:14.000395,1949.69995117188,1.037,0.0011,"aoml_navis",1036.57451181245
"7901009",96,0,1,0.026166,1,0.003738,1,202.536635399405,1,4.82257164329089,1998.30004882812,1,4.30679988861084,34.9269981384277,0.0261659994721413,0.00980302784591913,195.304702758789,-87.1302,25.9873,21.8558060063018,63,63,63,63,61,63,0,8046,1.33458767306251,26,-87,0.001869,51,2025-12-19 03:50:14.000395,1998.30004882812,1.037,0.0011,"aoml_navis",1036.79123294227
"7901009",97,0.222684564808359,1,0.302778,1,0.28035,1,190.870529941396,1,4.88398660556033,2.29999995231628,1,27.0659999847412,36.3899993896484,0.302778005599976,0.230107381939888,184.055099487305,-86.4508,26.1288,127.027804023322,63,63,63,63,61,63,0.28035,8047,1.25895569026649,26,-86,0.001869,51,2025-12-29 10:29:03.001115,2.29999995231628,1.037,0.0011,"aoml_navis",1023.75383141051
"7901009",97,0.231591947400694,1,0.313992,1,0.291564,1,190.816080206871,1,4.88396104779107,4,1,27.07200050354,36.3899993896484,0.313991993665695,0.239014774560928,184.002593994141,-86.4508,26.1288,127.027804023322,63,63,63,63,61,63,0.291564,8047,1.25895569026649,26,-86,0.001869,51,2025-12-29 10:29:03.001115,4,1.037,0.0011,"aoml_navis",1023.75918871454
"7901009",97,0.231591947400694,1,0.313992,1,0.291564,1,190.819513973913,1,4.88391861439494,6,1,27.0709991455078,36.3899993896484,0.313991993665695,0.239014774560928,184.005905151367,-86.4508,26.1288,127.027804023322,63,63,63,63,61,63,0.291564,8047,1.25895569026649,26,-86,0.001869,51,2025-12-29 10:29:03.001115,6,1.037,0.0011,"aoml_navis",1023.768083535
"7901009",97,0.224169128573748,1,0.304647,1,0.282219,1,190.82199831228,1,4.88387465259214,8,1,27.0690002441406,36.3899993896484,0.304646998643875,0.231591954827309,184.00830078125,-86.4508,26.1288,127.027804023322,63,63,63,63,61,63,0.282219,8047,1.25895569026649,26,-86,0.001869,51,2025-12-29 10:29:03.001115,8,1.037,0.0011,"aoml_navis",1023.77729890062
"7901009",97,0.230107383635305,1,0.312123,1,0.289695,1,190.859643159253,1,4.88383529392258,10,1,27.0699996948242,36.3899993896484,0.312123000621796,0.237530216574669,184.04460144043,-86.4508,26.1288,127.027804023322,63,63,63,63,61,63,0.289695,8047,1.25895569026649,26,-86,0.001869,51,2025-12-29 10:29:03.001115,10,1.037,0.0011,"aoml_navis",1023.78554948853
"7901009",97,0.233076511166083,1,0.315861,1,0.293433,1,190.814940892461,1,4.8837959377466,12,1,27.0709991455078,36.3899993896484,0.315860986709595,0.240499332547188,184.001495361328,-86.4508,26.1288,127.027804023322,63,63,63,63,61,63,0.293433,8047,1.25895569026649,26,-86,0.001869,51,2025-12-29 10:29:03.001115,12,1.037,0.0011,"aoml_navis",1023.79379968669
"7901009",97,0.230107383635305,1,0.312123,1,0.289695,1,190.854041530069,1,4.88375351641168,14,1,27.0699996948242,36.3899993896484,0.312123000621796,0.237530216574669,184.039199829102,-86.4508,26.1288,127.027804023322,63,63,63,63,61,63,0.289695,8047,1.25895569026649,26,-86,0.001869,51,2025-12-29 10:29:03.001115,14,1.037,0.0011,"aoml_navis",1023.80269258014
"7901009",97,0.228622819869915,1,0.310254,1,0.287826,1,190.825321312643,1,4.88371109734522,16,1,27.0690002441406,36.3899993896484,0.310254007577896,0.236045628786087,184.011505126953,-86.4508,26.1288,127.027804023322,63,63,63,63,61,63,0.287826,8047,1.25895569026649,26,-86,0.001869,51,2025-12-29 10:29:03.001115,16,1.037,0.0011,"aoml_navis",1023.81158515253
"7901009",97,0.236045638696861,1,0.319599,1,0.297171,1,190.828217070103,1,4.88366561003609,18,1,27.0659999847412,36.3899993896484,0.319599002599716,0.243468448519707,184.014297485352,-86.4508,26.1288,127.027804023322,63,63,63,63,61,63,0.297171,8047,1.25895569026649,26,-86,0.001869,51,2025-12-29 10:29:03.001115,18,1.037,0.0011,"aoml_navis",1023.82112111133
"7901009",97,0.234561074931472,1,0.31773,1,0.295302,1,190.81733028796,1,4.88361960250319,20,1,27.0650005340576,36.390998840332,0.317730009555817,0.241983890533447,184.003799438477,-86.4508,26.1288,127.027804023322,63,63,63,63,61,63,0.295302,8047,1.25895569026649,26,-86,0.001869,51,2025-12-29 10:29:03.001115,20,1.037,0.0011,"aoml_navis",1023.83076631054
"7901009",97,0.228622819869915,1,0.310254,1,0.287826,1,190.799591795544,1,4.88357974800646,22.1000003814697,1,27.0669994354248,36.390998840332,0.310254007577896,0.236045628786087,183.986694335938,-86.4508,26.1288,127.027804023322,63,63,63,63,61,63,0.287826,8047,1.25895569026649,26,-86,0.001869,51,2025-12-29 10:29:03.001115,22.1000003814697,1.037,0.0011,"aoml_navis",1023.83912171007
"7901009",97,0.231591947400694,1,0.313992,1,0.291564,1,190.818786078595,1,4.88354091594235,24,1,27.0669994354248,36.390998840332,0.313991993665695,0.239014774560928,184.00520324707,-86.4508,26.1288,127.027804023322,63,63,63,63,61,63,0.291564,8047,1.25895569026649,26,-86,0.001869,51,2025-12-29 10:29:03.001115,24,1.037,0.0011,"aoml_navis",1023.84726289023
"7901009",97,0.230107383635305,1,0.312123,1,0.289695,1,190.819086731009,1,4.88351284560377,26,1,27.0729999542236,36.3899993896484,0.312123000621796,0.237530216574669,184.005493164062,-86.4508,26.1288,127.027804023322,63,63,63,63,61,63,0.289695,8047,1.25895569026649,26,-86,0.001869,51,2025-12-29 10:29:03.001115,26,1.037,0.0011,"aoml_navis",1023.85314794474
"7901009",97,0.227138256104526,1,0.308385,1,0.285957,1,190.714143214773,1,4.88347658056383,28,1,27.076000213623,36.3899993896484,0.308385014533997,0.234561070799828,183.904296875,-86.4508,26.1288,127.027804023322,63,63,63,63,61,63,0.285957,8047,1.25895569026649,26,-86,0.001869,51,2025-12-29 10:29:03.001115,28,1.037,0.0011,"aoml_navis",1023.8607511501
"7901009",97,0.227138256104526,1,0.308385,1,0.285957,1,190.777928997938,1,4.88342597920429,30,1,27.07200050354,36.390998840332,0.308385014533997,0.234561070799828,183.965805053711,-86.4508,26.1288,127.027804023322,63,63,63,63,61,63,0.285957,8047,1.25895569026649,26,-86,0.001869,51,2025-12-29 10:29:03.001115,30,1.037,0.0011,"aoml_navis",1023.87136024834
"7901009",97,0.222684564808359,1,0.302778,1,0.28035,1,190.780302569626,1,4.88338357565099,32,1,27.0709991455078,36.390998840332,0.302778005599976,0.230107381939888,183.96809387207,-86.4508,26.1288,127.027804023322,63,63,63,63,61,63,0.28035,8047,1.25895569026649,26,-86,0.001869,51,2025-12-29 10:29:03.001115,32,1.037,0.0011,"aoml_navis",1023.88025076106
"7901009",97,0.227138256104526,1,0.308385,1,0.285957,1,190.867001231486,1,4.88333964295615,34,1,27.0690002441406,36.390998840332,0.308385014533997,0.234561070799828,184.051696777344,-86.4508,26.1288,127.027804023322,63,63,63,63,61,63,0.285957,8047,1.25895569026649,26,-86,0.001869,51,2025-12-29 10:29:03.001115,34,1.037,0.0011,"aoml_navis",1023.88946204308
"7901009",97,0.227138256104526,1,0.308385,1,0.285957,1,190.713415319455,1,4.88330492191723,36,1,27.0729999542236,36.390998840332,0.308385014533997,0.234561070799828,183.903594970703,-86.4508,26.1288,127.027804023322,63,63,63,63,61,63,0.285957,8047,1.25895569026649,26,-86,0.001869,51,2025-12-29 10:29:03.001115,36,1.037,0.0011,"aoml_navis",1023.8967420525
"7901009",97,0.233076511166083,1,0.315861,1,0.293433,1,190.791094408901,1,4.8832768686318,38,1,27.0790004730225,36.3899993896484,0.315860986709595,0.240499332547188,183.978500366211,-86.4508,26.1288,127.027804023322,63,63,63,63,61,63,0.293433,8047,1.25895569026649,26,-86,0.001869,51,2025-12-29 10:29:03.001115,38,1.037,0.0011,"aoml_navis",1023.90262410022
"7901009",97,0.22120000104297,1,0.300909,1,0.278481,1,190.659709304059,1,4.88323702784153,40,1,27.0820007324219,36.390998840332,0.300909012556076,0.228622809052467,183.851806640625,-86.4508,26.1288,127.027804023322,63,63,63,63,61,63,0.278481,8047,1.25895569026649,26,-86,0.001869,51,2025-12-29 10:29:03.001115,40,1.037,0.0011,"aoml_navis",1023.91097779869
"7901009",97,0.227138256104526,1,0.308385,1,0.285957,1,190.738828360329,1,4.88319976553906,42,1,27.0820007324219,36.3899993896484,0.308385014533997,0.234561070799828,183.928100585938,-86.4508,26.1288,127.027804023322,63,63,63,63,61,63,0.285957,8047,1.25895569026649,26,-86,0.001869,51,2025-12-29 10:29:03.001115,42,1.037,0.0011,"aoml_navis",1023.91879097087
"7901009",97,0.230107383635305,1,0.312123,1,0.289695,1,190.667890214477,1,4.88316044885744,44,1,27.0830001831055,36.3899993896484,0.312123000621796,0.237530216574669,183.85969543457,-86.4508,26.1288,127.027804023322,63,63,63,63,61,63,0.289695,8047,1.25895569026649,26,-86,0.001869,51,2025-12-29 10:29:03.001115,44,1.037,0.0011,"aoml_navis",1023.92703503525
"7901009",97,0.228622819869915,1,0.310254,1,0.287826,1,190.644771626235,1,4.88312113466528,46,1,27.0839996337891,36.3899993896484,0.310254007577896,0.236045628786087,183.83740234375,-86.4508,26.1288,127.027804023322,63,63,63,63,61,63,0.287826,8047,1.25895569026649,26,-86,0.001869,51,2025-12-29 10:29:03.001115,46,1.037,0.0011,"aoml_navis",1023.93527871037
"7901009",97,0.225653692339137,1,0.306516,1,0.284088,1,190.661782223333,1,4.88307875245118,48,1,27.0830001831055,36.3899993896484,0.306515991687775,0.233076512813568,183.853805541992,-86.4508,26.1288,127.027804023322,63,63,63,63,61,63,0.284088,8047,1.25895569026649,26,-86,0.001869,51,2025-12-29 10:29:03.001115,48,1.037,0.0011,"aoml_navis",1023.9441658585
"7901009",97,0.222684564808359,1,0.302778,1,0.28035,1,190.67474192475,1,4.88303944305213,50,1,27.0839996337891,36.3899993896484,0.302778005599976,0.230107381939888,183.866302490234,-86.4508,26.1288,127.027804023322,63,63,63,63,61,63,0.28035,8047,1.25895569026649,26,-86,0.001869,51,2025-12-29 10:29:03.001115,50,1.037,0.0011,"aoml_navis",1023.95240880438
"7901009",97,0.225653692339137,1,0.306516,1,0.284088,1,190.669235238434,1,4.88299500961012,52,1,27.0839996337891,36.390998840332,0.306515991687775,0.233076512813568,183.860992431641,-86.4508,26.1288,127.027804023322,63,63,63,63,61,63,0.284088,8047,1.25895569026649,26,-86,0.001869,51,2025-12-29 10:29:03.001115,52,1.037,0.0011,"aoml_navis",1023.9617263912
"7901009",97,0.225653692339137,1,0.306516,1,0.284088,1,190.614896270588,1,4.88295416976327,54,1,27.0839996337891,36.390998840332,0.306515991687775,0.233076512813568,183.80859375,-86.4508,26.1288,127.027804023322,63,63,63,63,61,63,0.284088,8047,1.25895569026649,26,-86,0.001869,51,2025-12-29 10:29:03.001115,54,1.037,0.0011,"aoml_navis",1023.97029055925
"7901009",97,0.219715437277581,1,0.29904,1,0.276612,1,190.684283682936,1,4.88291333225619,56,1,27.0839996337891,36.390998840332,0.299039989709854,0.227138251066208,183.875503540039,-86.4508,26.1288,127.027804023322,63,63,63,63,61,63,0.276612,8047,1.25895569026649,26,-86,0.001869,51,2025-12-29 10:29:03.001115,56,1.037,0.0011,"aoml_navis",1023.97885437989
"7901009",97,0.228622819869915,1,0.310254,1,0.287826,1,190.66779527161,1,4.88287403264604,58,1,27.0849990844727,36.390998840332,0.310254007577896,0.236045628786087,183.859603881836,-86.4508,26.1288,127.027804023322,63,63,63,63,61,63,0.287826,8047,1.25895569026649,26,-86,0.001869,51,2025-12-29 10:29:03.001115,58,1.037,0.0011,"aoml_navis",1023.98709583145
"7901009",97,0.228622819869915,1,0.310254,1,0.287826,1,190.631606215272,1,4.88283319987384,60,1,27.0849990844727,36.390998840332,0.310254007577896,0.236045628786087,183.82470703125,-86.4508,26.1288,127.027804023322,63,63,63,63,61,63,0.287826,8047,1.25895569026649,26,-86,0.001869,51,2025-12-29 10:29:03.001115,60,1.037,0.0011,"aoml_navis",1023.99565894022
"7901009",97,0.227138256104526,1,0.308385,1,0.285957,1,190.573010642198,1,4.88279083377146,62,1,27.0839996337891,36.390998840332,0.308385014533997,0.234561070799828,183.768203735352,-86.4508,26.1288,127.027804023322,63,63,63,63,61,63,0.285957,8047,1.25895569026649,26,-86,0.001869,51,2025-12-29 10:29:03.001115,62,1.037,0.0011,"aoml_navis",1024.00454375761
"7901009",97,0.231591947400694,1,0.313992,1,0.291564,1,190.579957295339,1,4.88274846993257,64,1,27.0830001831055,36.390998840332,0.313991993665695,0.239014774560928,183.77490234375,-86.4508,26.1288,127.027804023322,63,63,63,63,61,63,0.291564,8047,1.25895569026649,26,-86,0.001869,51,2025-12-29 10:29:03.001115,64,1.037,0.0011,"aoml_navis",1024.01342825449
"7901009",97,0.228622819869915,1,0.310254,1,0.287826,1,190.569165456064,1,4.88270917980991,66,1,27.0839996337891,36.390998840332,0.310254007577896,0.236045628786087,183.764495849609,-86.4508,26.1288,127.027804023322,63,63,63,63,61,63,0.287826,8047,1.25895569026649,26,-86,0.001869,51,2025-12-29 10:29:03.001115,66,1.037,0.0011,"aoml_navis",1024.02166827283
"7901009",97,0.228622819869915,1,0.310254,1,0.287826,1,190.646939488377,1,4.88267143097895,68,1,27.0860004425049,36.390998840332,0.310254007577896,0.236045628786087,183.839492797852,-86.4508,26.1288,127.027804023322,63,63,63,63,61,63,0.287826,8047,1.25895569026649,26,-86,0.001869,51,2025-12-29 10:29:03.001115,68,1.037,0.0011,"aoml_navis",1024.02958517271
"7901009",97,0.228622819869915,1,0.310254,1,0.287826,1,190.573833480383,1,4.88263060995629,70,1,27.0860004425049,36.390998840332,0.310254007577896,0.236045628786087,183.768997192383,-86.4508,26.1288,127.027804023322,63,63,63,63,61,63,0.287826,8047,1.25895569026649,26,-86,0.001869,51,2025-12-29 10:29:03.001115,70,1.037,0.0011,"aoml_navis",1024.03814652789
"7901009",97,0.227138256104526,1,0.308385,1,0.285957,1,190.53101424713,1,4.8825913272938,72,1,27.0869998931885,36.390998840332,0.308385014533997,0.234561070799828,183.72770690918,-86.4508,26.1288,127.027804023322,63,63,63,63,61,63,0.285957,8047,1.25895569026649,26,-86,0.001869,51,2025-12-29 10:29:03.001115,72,1.037,0.0011,"aoml_navis",1024.0463853794
"7901009",97,0.225653692339137,1,0.306516,1,0.284088,1,190.547597601324,1,4.88255051100295,74,1,27.0869998931885,36.390998840332,0.306515991687775,0.233076512813568,183.743698120117,-86.4508,26.1288,127.027804023322,63,63,63,63,61,63,0.284088,8047,1.25895569026649,26,-86,0.001869,51,2025-12-29 10:29:03.001115,74,1.037,0.0011,"aoml_navis",1024.05494602306
"7901009",97,0.222684564808359,1,0.302778,1,0.28035,1,190.509857811484,1,4.88251123322016,76,1,27.0879993438721,36.390998840332,0.302778005599976,0.230107381939888,183.707305908203,-86.4508,26.1288,127.027804023322,63,63,63,63,61,63,0.28035,8047,1.25895569026649,26,-86,0.001869,51,2025-12-29 10:29:03.001115,76,1.037,0.0011,"aoml_navis",1024.06318412141
"7901009",97,0.234561074931472,1,0.31773,1,0.295302,1,190.557661545282,1,4.88247042166023,78,1,27.0879993438721,36.390998840332,0.317730009555817,0.241983890533447,183.753402709961,-86.4508,26.1288,127.027804023322,63,63,63,63,61,63,0.295302,8047,1.25895569026649,26,-86,0.001869,51,2025-12-29 10:29:03.001115,78,1.037,0.0011,"aoml_navis",1024.07174405366
"7901009",97,0.222684564808359,1,0.302778,1,0.28035,1,190.530286351812,1,4.88243115168817,80,1,27.0890007019043,36.390998840332,0.302778005599976,0.230107381939888,183.727005004883,-86.4508,26.1288,127.027804023322,63,63,63,63,61,63,0.28035,8047,1.25895569026649,26,-86,0.001869,51,2025-12-29 10:29:03.001115,80,1.037,0.0011,"aoml_navis",1024.079980784
"7901009",97,0.227138256104526,1,0.308385,1,0.285957,1,190.489729923568,1,4.88239034485839,82,1,27.0890007019043,36.390998840332,0.308385014533997,0.234561070799828,183.687896728516,-86.4508,26.1288,127.027804023322,63,63,63,63,61,63,0.285957,8047,1.25895569026649,26,-86,0.001869,51,2025-12-29 10:29:03.001115,82,1.037,0.0011,"aoml_navis",1024.08854000489
"7901009",97,0.227138256104526,1,0.308385,1,0.285957,1,190.428127826357,1,4.88234954036536,84,1,27.0890007019043,36.390998840332,0.308385014533997,0.234561070799828,183.628494262695,-86.4508,26.1288,127.027804023322,63,63,63,63,61,63,0.285957,8047,1.25895569026649,26,-86,0.001869,51,2025-12-29 10:29:03.001115,84,1.037,0.0011,"aoml_navis",1024.09709887872
"7901009",97,0.230107383635305,1,0.312123,1,0.289695,1,190.465361254237,1,4.88230873820886,86,1,27.0890007019043,36.390998840332,0.312123000621796,0.237530216574669,183.664398193359,-86.4508,26.1288,127.027804023322,63,63,63,63,61,63,0.289695,8047,1.25895569026649,26,-86,0.001869,51,2025-12-29 10:29:03.001115,86,1.037,0.0011,"aoml_navis",1024.1056574055
"7901009",97,0.22120000104297,1,0.300909,1,0.278481,1,190.434045931766,1,4.8822694749675,88,1,27.0900001525879,36.390998840332,0.300909012556076,0.228622809052467,183.634201049805,-86.4508,26.1288,127.027804023322,63,63,63,63,61,63,0.278481,8047,1.25895569026649,26,-86,0.001869,51,2025-12-29 10:29:03.001115,88,1.037,0.0011,"aoml_navis",1024.11389326954
"7901009",97,0.225653692339137,1,0.306516,1,0.284088,1,190.347347269905,1,4.88222867753929,90,1,27.0900001525879,36.390998840332,0.306515991687775,0.233076512813568,183.550598144531,-86.4508,26.1288,127.027804023322,63,63,63,63,61,63,0.284088,8047,1.25895569026649,26,-86,0.001869,51,2025-12-29 10:29:03.001115,90,1.037,0.0011,"aoml_navis",1024.1224510852
"7901009",97,0.224169128573748,1,0.304647,1,0.282219,1,190.370782334372,1,4.88218941917395,92,1,27.0909996032715,36.390998840332,0.304646998643875,0.231591954827309,183.573196411133,-86.4508,26.1288,127.027804023322,63,63,63,63,61,63,0.282219,8047,1.25895569026649,26,-86,0.001869,51,2025-12-29 10:29:03.001115,92,1.037,0.0011,"aoml_navis",1024.13068619652
"7901009",97,0.230107383635305,1,0.312123,1,0.289695,1,190.320082843114,1,4.88215016329243,94,1,27.0919990539551,36.390998840332,0.312123000621796,0.237530216574669,183.524307250977,-86.4508,26.1288,127.027804023322,63,63,63,63,61,63,0.289695,8047,1.25895569026649,26,-86,0.001869,51,2025-12-29 10:29:03.001115,94,1.037,0.0011,"aoml_navis",1024.13892091924
"7901009",97,0.228622819869915,1,0.310254,1,0.287826,1,190.242403753668,1,4.88210732411914,96,1,27.0930004119873,36.3919982910156,0.310254007577896,0.236045628786087,183.449401855469,-86.4508,26.1288,127.027804023322,63,63,63,63,61,63,0.287826,8047,1.25895569026649,26,-86,0.001869,51,2025-12-29 10:29:03.001115,96,1.037,0.0011,"aoml_navis",1024.14790746169
"7901009",97,0.234561074931472,1,0.31773,1,0.295302,1,190.276203414507,1,4.8820680733173,98,1,27.0939998626709,36.3919982910156,0.317730009555817,0.241983890533447,183.481994628906,-86.4508,26.1288,127.027804023322,63,63,63,63,61,63,0.295302,8047,1.25895569026649,26,-86,0.001869,51,2025-12-29 10:29:03.001115,98,1.037,0.0011,"aoml_navis",1024.15614139574
"7901009",97,0.230107383635305,1,0.312123,1,0.289695,1,190.310746794474,1,4.88202728789889,100,1,27.0939998626709,36.3919982910156,0.312123000621796,0.237530216574669,183.51530456543,-86.4508,26.1288,127.027804023322,63,63,63,63,61,63,0.289695,8047,1.25895569026649,26,-86,0.001869,51,2025-12-29 10:29:03.001115,100,1.037,0.0011,"aoml_navis",1024.16469739805
"7901009",97,0.225653692339137,1,0.306516,1,0.284088,1,190.248938987716,1,4.88198804197071,102,1,27.0949993133545,36.3919982910156,0.306515991687775,0.233076512813568,183.455703735352,-86.4508,26.1288,127.027804023322,63,63,63,63,61,63,0.284088,8047,1.25895569026649,26,-86,0.001869,51,2025-12-29 10:29:03.001115,102,1.037,0.0011,"aoml_navis",1024.17293057966
"7901009",97,0.230107383635305,1,0.312123,1,0.289695,1,190.1019832526,1,4.88195443781066,104,1,27.0949993133545,36.3899993896484,0.312123000621796,0.237530216574669,183.313995361328,-86.4508,26.1288,127.027804023322,63,63,63,63,61,63,0.289695,8047,1.25895569026649,26,-86,0.001869,51,2025-12-29 10:29:03.001115,104,1.037,0.0011,"aoml_navis",1024.17998031179
"7901009",97,0.227138256104526,1,0.308385,1,0.285957,1,190.15497719649,1,4.88190648291857,106,1,27.0949993133545,36.3919982910156,0.308385014533997,0.234561070799828,183.365097045898,-86.4508,26.1288,127.027804023322,63,63,63,63,61,63,0.285957,8047,1.25895569026649,26,-86,0.001869,51,2025-12-29 10:29:03.001115,106,1.037,0.0011,"aoml_navis",1024.19004081594
"7901009",97,0.228622819869915,1,0.310254,1,0.287826,1,190.069117196626,1,4.88186724718699,108,1,27.0960006713867,36.3919982910156,0.310254007577896,0.236045628786087,183.282302856445,-86.4508,26.1288,127.027804023322,63,63,63,63,61,63,0.287826,8047,1.25895569026649,26,-86,0.001869,51,2025-12-29 10:29:03.001115,108,1.037,0.0011,"aoml_navis",1024.19827226582
"7901009",97,0.225653692339137,1,0.306516,1,0.284088,1,190.092030075322,1,4.88182801100354,110,1,27.0970001220703,36.3919982910156,0.306515991687775,0.233076512813568,183.304397583008,-86.4508,26.1288,127.027804023322,63,63,63,63,61,63,0.284088,8047,1.25895569026649,26,-86,0.001869,51,2025-12-29 10:29:03.001115,110,1.037,0.0011,"aoml_navis",1024.20650394281
"7901009",97,0.236045638696861,1,0.319599,1,0.297171,1,190.088707074958,1,4.88178723975808,112,1,27.0970001220703,36.3919982910156,0.319599002599716,0.243468448519707,183.301193237305,-86.4508,26.1288,127.027804023322,63,63,63,63,61,63,0.297171,8047,1.25895569026649,26,-86,0.001869,51,2025-12-29 10:29:03.001115,112,1.037,0.0011,"aoml_navis",1024.21505781308
"7901009",97,0.225653692339137,1,0.306516,1,0.284088,1,189.932336172146,1,4.8817464708461,114,1,27.0970001220703,36.3919982910156,0.306515991687775,0.233076512813568,183.150405883789,-86.4508,26.1288,127.027804023322,63,63,63,63,61,63,0.284088,8047,1.25895569026649,26,-86,0.001869,51,2025-12-29 10:29:03.001115,114,1.037,0.0011,"aoml_navis",1024.22361133666
"7901009",97,0.233076511166083,1,0.315861,1,0.293433,1,189.697953879852,1,4.88170724192258,116,1,27.0979995727539,36.3919982910156,0.315860986709595,0.240499332547188,182.924392700195,-86.4508,26.1288,127.027804023322,63,63,63,63,61,63,0.293433,8047,1.25895569026649,26,-86,0.001869,51,2025-12-29 10:29:03.001115,116,1.037,0.0011,"aoml_navis",1024.23184189776
"7901009",97,0.227138256104526,1,0.308385,1,0.285957,1,189.285537887139,1,4.88165930072292,118.099998474121,1,27.0970001220703,36.3930015563965,0.308385014533997,0.234561070799828,182.526702880859,-86.4508,26.1288,127.027804023322,63,63,63,63,61,63,0.285957,8047,1.25895569026649,26,-86,0.001869,51,2025-12-29 10:29:03.001115,118.099998474121,1.037,0.0011,"aoml_navis",1024.24190054795
"7901009",97,0.219715437277581,1,0.29904,1,0.276612,1,188.81109255431,1,4.88160469853077,120.099998474121,1,27.0949993133545,36.3959999084473,0.299039989709854,0.227138251066208,182.069198608398,-86.4508,26.1288,127.027804023322,63,63,63,63,61,63,0.276612,8047,1.25895569026649,26,-86,0.001869,51,2025-12-29 10:29:03.001115,120.099998474121,1.037,0.0011,"aoml_navis",1024.25335699649
"7901009",97,0.22120000104297,1,0.300909,1,0.278481,1,188.451448972129,1,4.88155880272916,122,1,27.0949993133545,36.3979988098145,0.300909012556076,0.228622809052467,181.722396850586,-86.4508,26.1288,127.027804023322,63,63,63,63,61,63,0.278481,8047,1.25895569026649,26,-86,0.001869,51,2025-12-29 10:29:03.001115,122,1.037,0.0011,"aoml_navis",1024.26298689767
"7901009",97,0.216746309746803,1,0.295302,1,0.272874,1,187.85080874455,1,4.88151292107741,124,1,27.0939998626709,36.398998260498,0.295302003622055,0.224169120192528,181.143203735352,-86.4508,26.1288,127.027804023322,63,63,63,63,61,63,0.272874,8047,1.25895569026649,26,-86,0.001869,51,2025-12-29 10:29:03.001115,124,1.037,0.0011,"aoml_navis",1024.27261401091
"7901009",97,0.216746309746803,1,0.295302,1,0.272874,1,186.422614836009,1,4.88146548749071,126,1,27.0919990539551,36.4000015258789,0.295302003622055,0.224169120192528,179.766006469727,-86.4508,26.1288,127.027804023322,63,63,63,63,61,63,0.272874,8047,1.25895569026649,26,-86,0.001869,51,2025-12-29 10:29:03.001115,126,1.037,0.0011,"aoml_navis",1024.28256694901
"7901009",97,0.176663088081298,1,0.244839,1,0.222411,1,177.778035100326,1,4.88134731065828,127.900001525879,1,27.0659999847412,36.4109992980957,0.244838997721672,0.18408590555191,171.430099487305,-86.4508,26.1288,127.027804023322,63,63,63,63,61,63,0.222411,8047,1.25895569026649,26,-86,0.001869,51,2025-12-29 10:29:03.001115,127.900001525879,1.037,0.0011,"aoml_navis",1024.307364707
"7901009",97,0.0861046983925656,1,0.13083,1,0.108402,1,162.299847531736,1,4.88019830930001,130,1,26.673999786377,36.5519981384277,0.130830004811287,0.0935275182127953,156.504592895508,-86.4508,26.1288,127.027804023322,63,63,63,63,61,63,0.108402,8047,1.25895569026649,26,-86,0.001869,51,2025-12-29 10:29:03.001115,130,1.037,0.0011,"aoml_navis",1024.54852920048
"7901009",97,0.0786818795656203,1,0.121485,1,0.099057,1,159.309479504766,1,4.87882485442246,132,1,26.1019992828369,36.681999206543,0.121485002338886,0.0861046984791756,153.621002197266,-86.4508,26.1288,127.027804023322,63,63,63,63,61,63,0.099057,8047,1.25895569026649,26,-86,0.001869,51,2025-12-29 10:29:03.001115,132,1.037,0.0011,"aoml_navis",1024.8369534044
"7901009",97,0.0786818795656203,1,0.121485,1,0.099057,1,158.968602962732,1,4.8784814263313,134,1,25.9529991149902,36.7039985656738,0.121485002338886,0.0861046984791756,153.292297363281,-86.4508,26.1288,127.027804023322,63,63,63,63,61,63,0.099057,8047,1.25895569026649,26,-86,0.001869,51,2025-12-29 10:29:03.001115,134,1.037,0.0011,"aoml_navis",1024.90909835442
"7901009",97,0.0786818795656203,1,0.121485,1,0.099057,1,158.61373817155,1,4.87837385832252,136,1,25.9179992675781,36.7080001831055,0.121485002338886,0.0861046984791756,152.950103759766,-86.4508,26.1288,127.027804023322,63,63,63,63,61,63,0.099057,8047,1.25895569026649,26,-86,0.001869,51,2025-12-29 10:29:03.001115,136,1.037,0.0011,"aoml_navis",1024.93169757172
"7901009",97,0.0831355708617874,1,0.127092,1,0.104664,1,158.250154460367,1,4.87831452621613,138,1,25.9080009460449,36.7089996337891,0.127092003822327,0.0905583873391151,152.599502563477,-86.4508,26.1288,127.027804023322,63,63,63,63,61,63,0.104664,8047,1.25895569026649,26,-86,0.001869,51,2025-12-29 10:29:03.001115,138,1.037,0.0011,"aoml_navis",1024.9441632207
"7901009",97,0.0771973158002312,1,0.119616,1,0.097188,1,157.098529124923,1,4.87822377887426,140,1,25.8770008087158,36.7099990844727,0.119616001844406,0.0846201330423355,151.488998413086,-86.4508,26.1288,127.027804023322,63,63,63,63,61,63,0.097188,8047,1.25895569026649,26,-86,0.001869,51,2025-12-29 10:29:03.001115,140,1.037,0.0011,"aoml_navis",1024.96322978316
"7901009",97,0.0668053694425078,1,0.106533,1,0.084105,1,155.688896546983,1,4.87776974055257,142,1,25.6650009155273,36.7369995117188,0.106532998383045,0.0742281898856163,150.129699707031,-86.4508,26.1288,127.027804023322,63,63,63,63,61,63,0.084105,8047,1.25895569026649,26,-86,0.001869,51,2025-12-29 10:29:03.001115,142,1.037,0.0011,"aoml_navis",1025.05863662059
"7901009",97,0.0638362419117296,1,0.102795,1,0.080367,1,155.013267277871,1,4.87720550485053,144,1,25.3920001983643,36.7700004577637,0.102794997394085,0.0712590590119362,149.47819519043,-86.4508,26.1288,127.027804023322,63,63,63,63,61,63,0.080367,8047,1.25895569026649,26,-86,0.001869,51,2025-12-29 10:29:03.001115,144,1.037,0.0011,"aoml_navis",1025.17722393025
"7901009",97,0.0608671143809515,1,0.099057,1,0.076629,1,154.123082951966,1,4.87696999626706,146,1,25.2819995880127,36.7789993286133,0.0990569964051247,0.0682899355888367,148.61979675293,-86.4508,26.1288,127.027804023322,63,63,63,63,61,63,0.076629,8047,1.25895569026649,26,-86,0.001869,51,2025-12-29 10:29:03.001115,146,1.037,0.0011,"aoml_navis",1025.22672967583
"7901009",97,0.04750604049245,1,0.082236,1,0.059808,1,153.090310262851,1,4.87649018421003,148,1,25.0419998168945,36.8030014038086,0.0822359994053841,0.0549288615584373,147.623901367188,-86.4508,26.1288,127.027804023322,63,63,63,63,61,63,0.059808,8047,1.25895569026649,26,-86,0.001869,51,2025-12-29 10:29:03.001115,148,1.037,0.0011,"aoml_navis",1025.32760471658
"7901009",97,0.0415677854308937,1,0.07476,1,0.052332,1,152.626023816848,1,4.87602634592943,150,1,24.8139991760254,36.8279991149902,0.0747599974274635,0.0489906035363674,147.176193237305,-86.4508,26.1288,127.027804023322,63,63,63,63,61,63,0.052332,8047,1.25895569026649,26,-86,0.001869,51,2025-12-29 10:29:03.001115,150,1.037,0.0011,"aoml_navis",1025.42514032437
"7901009",97,0.0400832216655047,1,0.072891,1,0.050463,1,152.290859670677,1,4.87567646044063,152,1,24.6410007476807,36.8440017700195,0.0728909969329834,0.0475060418248177,146.852996826172,-86.4508,26.1288,127.027804023322,63,63,63,63,61,63,0.050463,8047,1.25895569026649,26,-86,0.001869,51,2025-12-29 10:29:03.001115,152,1.037,0.0011,"aoml_navis",1025.49872629328
"7901009",97,0.0430523491962828,1,0.076629,1,0.054201,1,151.872731282101,1,4.87553137949289,154,1,24.5790004730225,36.8479995727539,0.0766289979219437,0.0504751689732075,146.449798583984,-86.4508,26.1288,127.027804023322,63,63,63,63,61,63,0.054201,8047,1.25895569026649,26,-86,0.001869,51,2025-12-29 10:29:03.001115,154,1.037,0.0011,"aoml_navis",1025.5292420085
"7901009",97,0.0430523491962828,1,0.076629,1,0.054201,1,151.129391924633,1,4.87537125871463,156,1,24.5090007781982,36.8530006408691,0.0766289979219437,0.0504751689732075,145.733001708984,-86.4508,26.1288,127.027804023322,63,63,63,63,61,63,0.054201,8047,1.25895569026649,26,-86,0.001869,51,2025-12-29 10:29:03.001115,156,1.037,0.0011,"aoml_navis",1025.56292324664
"7901009",97,0.0341449666039484,1,0.065415,1,0.042987,1,150.493686131315,1,4.87507582528172,158,1,24.3649997711182,36.8660011291504,0.0654150024056435,0.0415677838027477,145.119995117188,-86.4508,26.1288,127.027804023322,63,63,63,63,61,63,0.042987,8047,1.25895569026649,26,-86,0.001869,51,2025-12-29 10:29:03.001115,158,1.037,0.0011,"aoml_navis",1025.62507316716
"7901009",97,0.0296912753077812,1,0.059808,1,0.03738,1,150.233400259998,1,4.87470581577055,160,1,24.1709995269775,36.8800010681152,0.0598080009222031,0.0371140949428082,144.869003295898,-86.4508,26.1288,127.027804023322,63,63,63,63,61,63,0.03738,8047,1.25895569026649,26,-86,0.001869,51,2025-12-29 10:29:03.001115,160,1.037,0.0011,"aoml_navis",1025.70292217924
"7901009",97,0.0311758390731703,1,0.061677,1,0.039249,1,149.761755741761,1,4.87457039716725,162,1,24.1100006103516,36.8819999694824,0.0616770014166832,0.0385986566543579,144.414199829102,-86.4508,26.1288,127.027804023322,63,63,63,63,61,63,0.039249,8047,1.25895569026649,26,-86,0.001869,51,2025-12-29 10:29:03.001115,162,1.037,0.0011,"aoml_navis",1025.7314168456
"7901009",97,0.0267221477770031,1,0.05607,1,0.033642,1,149.109055175156,1,4.87441224755232,164,1,24.0330009460449,36.8839988708496,0.0560699999332428,0.0341449677944183,143.784805297852,-86.4508,26.1288,127.027804023322,63,63,63,63,61,63,0.033642,8047,1.25895569026649,26,-86,0.001869,51,2025-12-29 10:29:03.001115,164,1.037,0.0011,"aoml_navis",1025.76469655613
"7901009",97,0.023753020246225,1,0.052332,1,0.029904,1,149.096601835699,1,4.87396349956799,166,1,23.7870006561279,36.9000015258789,0.0523319989442825,0.0311758369207382,143.772796630859,-86.4508,26.1288,127.027804023322,63,63,63,63,61,63,0.029904,8047,1.25895569026649,26,-86,0.001869,51,2025-12-29 10:29:03.001115,166,1.037,0.0011,"aoml_navis",1025.85913916737
"7901009",97,0.023753020246225,1,0.052332,1,0.029904,1,148.916685101741,1,4.87380058069743,168,1,23.7059993743896,36.9020004272461,0.0523319989442825,0.0311758369207382,143.599304199219,-86.4508,26.1288,127.027804023322,63,63,63,63,61,63,0.029904,8047,1.25895569026649,26,-86,0.001869,51,2025-12-29 10:29:03.001115,168,1.037,0.0011,"aoml_navis",1025.89343105304
"7901009",97,0.0222684564808359,1,0.050463,1,0.028035,1,148.921653778475,1,4.87354002834075,170,1,23.5709991455078,36.9099998474121,0.0504629984498024,0.0296912770718336,143.604095458984,-86.4508,26.1288,127.027804023322,63,63,63,63,61,63,0.028035,8047,1.25895569026649,26,-86,0.001869,51,2025-12-29 10:29:03.001115,170,1.037,0.0011,"aoml_navis",1025.94827803278
"7901009",97,0.0163302014192797,1,0.042987,1,0.020559,1,148.786122835085,1,4.87343926801933,172,1,23.5259990692139,36.9090003967285,0.0429870001971722,0.0237530209124088,143.473403930664,-86.4508,26.1288,127.027804023322,63,63,63,63,61,63,0.020559,8047,1.25895569026649,26,-86,0.001869,51,2025-12-29 10:29:03.001115,172,1.037,0.0011,"aoml_navis",1025.969489927
"7901009",97,0.0163302014192797,1,0.042987,1,0.020559,1,148.707304431228,1,4.8733174606999,174,1,23.4659996032715,36.9080009460449,0.0429870001971722,0.0237530209124088,143.397399902344,-86.4508,26.1288,127.027804023322,63,63,63,63,61,63,0.020559,8047,1.25895569026649,26,-86,0.001869,51,2025-12-29 10:29:03.001115,174,1.037,0.0011,"aoml_navis",1025.99513377113
"7901009",97,0.0148456376538906,1,0.041118,1,0.01869,1,149.128550110621,1,4.87291318908823,176,1,23.2430000305176,36.9220008850098,0.041117999702692,0.0222684554755688,143.803604125977,-86.4508,26.1288,127.027804023322,63,63,63,63,61,63,0.01869,8047,1.25895569026649,26,-86,0.001869,51,2025-12-29 10:29:03.001115,176,1.037,0.0011,"aoml_navis",1026.08025342958
"7901009",97,0.0118765101231125,1,0.03738,1,0.014952,1,148.941053771072,1,4.87278200616157,178,1,23.1809997558594,36.9230003356934,0.0373799987137318,0.019299328327179,143.622802734375,-86.4508,26.1288,127.027804023322,63,63,63,63,61,63,0.014952,8047,1.25895569026649,26,-86,0.001869,51,2025-12-29 10:29:03.001115,178,1.037,0.0011,"aoml_navis",1026.10787711775
"7901009",97,0.0118765101231125,1,0.03738,1,0.014952,1,148.704092197544,1,4.87265177151053,180,1,23.117000579834,36.9230003356934,0.0373799987137318,0.019299328327179,143.394302368164,-86.4508,26.1288,127.027804023322,63,63,63,63,61,63,0.014952,8047,1.25895569026649,26,-86,0.001869,51,2025-12-29 10:29:03.001115,180,1.037,0.0011,"aoml_navis",1026.1353025952
"7901009",97,0.0148456376538906,1,0.041118,1,0.01869,1,148.301724324977,1,4.87254059927034,182,1,23.0639991760254,36.9220008850098,0.041117999702692,0.0222684554755688,143.006301879883,-86.4508,26.1288,127.027804023322,63,63,63,63,61,63,0.01869,8047,1.25895569026649,26,-86,0.001869,51,2025-12-29 10:29:03.001115,182,1.037,0.0011,"aoml_navis",1026.15871497279
"7901009",97,0.00742281882694531,1,0.031773,1,0.009345,1,147.774490757805,1,4.87225097686865,184,1,22.8850002288818,36.9220008850098,0.0317730009555817,0.0148456385359168,142.497894287109,-86.4508,26.1288,127.027804023322,63,63,63,63,61,63,0.009345,8047,1.25895569026649,26,-86,0.001869,51,2025-12-29 10:29:03.001115,184,1.037,0.0011,"aoml_navis",1026.21971317526
"7901009",97,0.00593825506155625,1,0.029904,1,0.007476,1,147.069413375949,1,4.87192594740455,186,1,22.6690006256104,36.9179992675781,0.0299040004611015,0.0133610740303993,141.817993164062,-86.4508,26.1288,127.027804023322,63,63,63,63,61,63,0.007476,8047,1.25895569026649,26,-86,0.001869,51,2025-12-29 10:29:03.001115,186,1.037,0.0011,"aoml_navis",1026.28817719688
"7901009",97,0.00148456376538906,1,0.024297,1,0.001869,1,146.752715617512,1,4.87158709692439,188,1,22.4389991760254,36.9129981994629,0.0242970008403063,0.00890738237649202,141.512603759766,-86.4508,26.1288,127.027804023322,63,63,63,63,61,63,0.001869,8047,1.25895569026649,26,-86,0.001869,51,2025-12-29 10:29:03.001115,188,1.037,0.0011,"aoml_navis",1026.35956219621
"7901009",97,0.00148456376538906,1,0.024297,1,0.001869,1,146.542195632588,1,4.87148120760637,190,1,22.3810005187988,36.9090003967285,0.0242970008403063,0.00890738237649202,141.309600830078,-86.4508,26.1288,127.027804023322,63,63,63,63,61,63,0.001869,8047,1.25895569026649,26,-86,0.001869,51,2025-12-29 10:29:03.001115,190,1.037,0.0011,"aoml_navis",1026.3818717381
"7901009",97,0.00148456376538906,1,0.024297,1,0.001869,1,146.384258172462,1,4.8713950612773,192,1,22.3400001525879,36.9059982299805,0.0242970008403063,0.00890738237649202,141.157302856445,-86.4508,26.1288,127.027804023322,63,63,63,63,61,63,0.001869,8047,1.25895569026649,26,-86,0.001869,51,2025-12-29 10:29:03.001115,192,1.037,0.0011,"aoml_navis",1026.40002239707
"7901009",97,-0.00296912753077812,1,0.01869,1,-0.003738,1,146.645382705776,1,4.87122125547791,194,1,22.2320003509521,36.9020004272461,0.0186899993568659,0.00445369118824601,141.409103393555,-86.4508,26.1288,127.027804023322,63,63,63,63,61,63,-0.003738,8047,1.25895569026649,26,-86,0.001869,51,2025-12-29 10:29:03.001115,194,1.037,0.0011,"aoml_navis",1026.43664448156
"7901009",97,0,1,0.022428,1,0,1,146.32151676084,1,4.87105285694724,196,1,22.125,36.8969993591309,0.0224280003458261,0.0074228192679584,141.096801757812,-86.4508,26.1288,127.027804023322,63,63,63,63,61,63,0,8047,1.25895569026649,26,-86,0.001869,51,2025-12-29 10:29:03.001115,196,1.037,0.0011,"aoml_navis",1026.47212970987
"7901009",97,0,1,0.022428,1,0,1,146.228282864932,1,4.87079924903602,198,1,21.9440002441406,36.8880004882812,0.0224280003458261,0.0074228192679584,141.006896972656,-86.4508,26.1288,127.027804023322,63,63,63,63,61,63,0,8047,1.25895569026649,26,-86,0.001869,51,2025-12-29 10:29:03.001115,198,1.037,0.0011,"aoml_navis",1026.52557503567
"7901009",97,-0.00148456376538906,1,0.020559,1,-0.001869,1,146.384780358234,1,4.87057914571071,200,1,21.7870006561279,36.8790016174316,0.020558999851346,0.00593825522810221,141.157806396484,-86.4508,26.1288,127.027804023322,63,63,63,63,61,63,-0.001869,8047,1.25895569026649,26,-86,0.001869,51,2025-12-29 10:29:03.001115,200,1.037,0.0011,"aoml_navis",1026.57196411709
"7901009",97,-0.00296912753077812,1,0.01869,1,-0.003738,1,145.960005968931,1,4.87048675115652,202,1,21.738000869751,36.875,0.0186899993568659,0.00445369118824601,140.748199462891,-86.4508,26.1288,127.027804023322,63,63,63,63,61,63,-0.003738,8047,1.25895569026649,26,-86,0.001869,51,2025-12-29 10:29:03.001115,202,1.037,0.0011,"aoml_navis",1026.59143848666
"7901009",97,-0.00445369129616718,1,0.016821,1,-0.005607,1,145.343177982439,1,4.87039938801966,204,1,21.6900005340576,36.8699989318848,0.0168210007250309,0.0029691276140511,140.153396606445,-86.4508,26.1288,127.027804023322,63,63,63,63,61,63,-0.005607,8047,1.25895569026649,26,-86,0.001869,51,2025-12-29 10:29:03.001115,204,1.037,0.0011,"aoml_navis",1026.60985304391
"7901009",97,-0.00296912753077812,1,0.01869,1,-0.003738,1,145.48111414514,1,4.87025003887684,205.899993896484,1,21.5860004425049,36.8619995117188,0.0186899993568659,0.00445369118824601,140.286407470703,-86.4508,26.1288,127.027804023322,63,63,63,63,61,63,-0.003738,8047,1.25895569026649,26,-86,0.001869,51,2025-12-29 10:29:03.001115,205.899993896484,1.037,0.0011,"aoml_navis",1026.6413346517
"7901009",97,-0.00593825506155625,1,0.014952,1,-0.007476,1,145.477680378098,1,4.87013820270341,208,1,21.5209999084473,36.8569984436035,0.0149520002305508,0.00148456380702555,140.283096313477,-86.4508,26.1288,127.027804023322,63,63,63,63,61,63,-0.007476,8047,1.25895569026649,26,-86,0.001869,51,2025-12-29 10:29:03.001115,208,1.037,0.0011,"aoml_navis",1026.6649100891
"7901009",97,-0.00445369129616718,1,0.016821,1,-0.005607,1,145.610837749801,1,4.86999621371566,210,1,21.4290008544922,36.851001739502,0.0168210007250309,0.0029691276140511,140.411499023438,-86.4508,26.1288,127.027804023322,63,63,63,63,61,63,-0.005607,8047,1.25895569026649,26,-86,0.001869,51,2025-12-29 10:29:03.001115,210,1.037,0.0011,"aoml_navis",1026.69484340012
"7901009",97,-0.00148456376538906,1,0.020559,1,-0.001869,1,145.596216548202,1,4.86991300350291,212,1,21.3810005187988,36.8450012207031,0.020558999851346,0.00593825522810221,140.397399902344,-86.4508,26.1288,127.027804023322,63,63,63,63,61,63,-0.001869,8047,1.25895569026649,26,-86,0.001869,51,2025-12-29 10:29:03.001115,212,1.037,0.0011,"aoml_navis",1026.71238611522
"7901009",97,-0.00148456376538906,1,0.020559,1,-0.001869,1,145.834111726595,1,4.86979007193052,214,1,21.30299949646,36.8390007019043,0.020558999851346,0.00593825522810221,140.626800537109,-86.4508,26.1288,127.027804023322,63,63,63,63,61,63,-0.001869,8047,1.25895569026649,26,-86,0.001869,51,2025-12-29 10:29:03.001115,214,1.037,0.0011,"aoml_navis",1026.7383041458
"7901009",97,-0.00593825506155625,1,0.014952,1,-0.007476,1,146.025959614238,1,4.86961568858433,216,1,21.1749992370605,36.8289985656738,0.0149520002305508,0.00148456380702555,140.811798095703,-86.4508,26.1288,127.027804023322,63,63,63,63,61,63,-0.007476,8047,1.25895569026649,26,-86,0.001869,51,2025-12-29 10:29:03.001115,216,1.037,0.0011,"aoml_navis",1026.77507215227
"7901009",97,-0.00593825506155625,1,0.014952,1,-0.007476,1,145.95948378316,1,4.86948607767889,218,1,21.0860004425049,36.8209991455078,0.0149520002305508,0.00148456380702555,140.747695922852,-86.4508,26.1288,127.027804023322,63,63,63,63,61,63,-0.007476,8047,1.25895569026649,26,-86,0.001869,51,2025-12-29 10:29:03.001115,218,1.037,0.0011,"aoml_navis",1026.80240178104
"7901009",97,-0.00296912753077812,1,0.01869,1,-0.003738,1,145.62420887031,1,4.86941073437557,220,1,21.048999786377,36.8170013427734,0.0186899993568659,0.00445369118824601,140.424392700195,-86.4508,26.1288,127.027804023322,63,63,63,63,61,63,-0.003738,8047,1.25895569026649,26,-86,0.001869,51,2025-12-29 10:29:03.001115,220,1.037,0.0011,"aoml_navis",1026.81828926497
"7901009",97,-0.00445369129616718,1,0.016821,1,-0.005607,1,145.599950967658,1,4.8693055230988,222,1,20.9810009002686,36.810001373291,0.0168210007250309,0.0029691276140511,140.401000976562,-86.4508,26.1288,127.027804023322,63,63,63,63,61,63,-0.005607,8047,1.25895569026649,26,-86,0.001869,51,2025-12-29 10:29:03.001115,222,1.037,0.0011,"aoml_navis",1026.8404757683
"7901009",97,-0.00296912753077812,1,0.01869,1,-0.003738,1,145.568635645186,1,4.86923460646226,224,1,20.9500007629395,36.806999206543,0.0186899993568659,0.00445369118824601,140.370803833008,-86.4508,26.1288,127.027804023322,63,63,63,63,61,63,-0.003738,8047,1.25895569026649,26,-86,0.001869,51,2025-12-29 10:29:03.001115,224,1.037,0.0011,"aoml_navis",1026.85543090575
"7901009",97,-0.00593825506155625,1,0.014952,1,-0.007476,1,145.677724999971,1,4.86914864345711,226,1,20.9020004272461,36.8019981384277,0.0149520002305508,0.00148456380702555,140.475997924805,-86.4508,26.1288,127.027804023322,63,63,63,63,61,63,-0.007476,8047,1.25895569026649,26,-86,0.001869,51,2025-12-29 10:29:03.001115,226,1.037,0.0011,"aoml_navis",1026.8735596558
"7901009",97,-0.00742281882694531,1,0.013083,1,-0.009345,1,145.791703912434,1,4.86906373862307,228,1,20.8519992828369,36.7960014343262,0.0130829997360706,0,140.585906982422,-86.4508,26.1288,127.027804023322,63,63,63,63,61,63,-0.009345,8047,1.25895569026649,26,-86,0.001869,51,2025-12-29 10:29:03.001115,228,1.037,0.0011,"aoml_navis",1026.89146587634
"7901009",97,-0.00296912753077812,1,0.01869,1,-0.003738,1,146.058635784478,1,4.86892837815159,230,1,20.7549991607666,36.7869987487793,0.0186899993568659,0.00445369118824601,140.843307495117,-86.4508,26.1288,127.027804023322,63,63,63,63,61,63,-0.003738,8047,1.25895569026649,26,-86,0.001869,51,2025-12-29 10:29:03.001115,230,1.037,0.0011,"aoml_navis",1026.9200143581
"7901009",97,-0.00593825506155625,1,0.014952,1,-0.007476,1,146.183802131497,1,4.86883955018943,232,1,20.6989994049072,36.7799987792969,0.0149520002305508,0.00148456380702555,140.964004516602,-86.4508,26.1288,127.027804023322,63,63,63,63,61,63,-0.007476,8047,1.25895569026649,26,-86,0.001869,51,2025-12-29 10:29:03.001115,232,1.037,0.0011,"aoml_navis",1026.93874966684
"7901009",97,-0.00296912753077812,1,0.01869,1,-0.003738,1,146.411839075478,1,4.86872193101667,234,1,20.6180000305176,36.7719993591309,0.0186899993568659,0.00445369118824601,141.183898925781,-86.4508,26.1288,127.027804023322,63,63,63,63,61,63,-0.003738,8047,1.25895569026649,26,-86,0.001869,51,2025-12-29 10:29:03.001115,234,1.037,0.0011,"aoml_navis",1026.96355857725
"7901009",97,-0.00445369129616718,1,0.016821,1,-0.005607,1,146.68530618157,1,4.86860557352143,236,1,20.5349998474121,36.7630004882812,0.0168210007250309,0.0029691276140511,141.447601318359,-86.4508,26.1288,127.027804023322,63,63,63,63,61,63,-0.005607,8047,1.25895569026649,26,-86,0.001869,51,2025-12-29 10:29:03.001115,236,1.037,0.0011,"aoml_navis",1026.98810254689
"7901009",97,-0.00445369129616718,1,0.016821,1,-0.005607,1,147.055314360122,1,4.86849751695736,238,1,20.4610004425049,36.7550010681152,0.0168210007250309,0.0029691276140511,141.804397583008,-86.4508,26.1288,127.027804023322,63,63,63,63,61,63,-0.005607,8047,1.25895569026649,26,-86,0.001869,51,2025-12-29 10:29:03.001115,238,1.037,0.0011,"aoml_navis",1027.01089660303
"7901009",97,-0.00593825506155625,1,0.014952,1,-0.007476,1,147.352422240227,1,4.86838683292776,240,1,20.3819999694824,36.7459983825684,0.0149520002305508,0.00148456380702555,142.090896606445,-86.4508,26.1288,127.027804023322,63,63,63,63,61,63,-0.007476,8047,1.25895569026649,26,-86,0.001869,51,2025-12-29 10:29:03.001115,240,1.037,0.0011,"aoml_navis",1027.0342459605
"7901009",97,-0.00593825506155625,1,0.014952,1,-0.007476,1,147.515439143766,1,4.868306769837,242,1,20.3349990844727,36.7400016784668,0.0149520002305508,0.00148456380702555,142.248092651367,-86.4508,26.1288,127.027804023322,63,63,63,63,61,63,-0.007476,8047,1.25895569026649,26,-86,0.001869,51,2025-12-29 10:29:03.001115,242,1.037,0.0011,"aoml_navis",1027.05113633737
"7901009",97,-0.00445369129616718,1,0.016821,1,-0.005607,1,147.649530120332,1,4.8681941424237,244,1,20.2569999694824,36.7319984436035,0.0168210007250309,0.0029691276140511,142.377395629883,-86.4508,26.1288,127.027804023322,63,63,63,63,61,63,-0.005607,8047,1.25895569026649,26,-86,0.001869,51,2025-12-29 10:29:03.001115,244,1.037,0.0011,"aoml_navis",1027.07489753288
"7901009",97,-0.00445369129616718,1,0.016821,1,-0.005607,1,147.908281081958,1,4.86809970222861,246,1,20.193000793457,36.7239990234375,0.0168210007250309,0.0029691276140511,142.626907348633,-86.4508,26.1288,127.027804023322,63,63,63,63,61,63,-0.005607,8047,1.25895569026649,26,-86,0.001869,51,2025-12-29 10:29:03.001115,246,1.037,0.0011,"aoml_navis",1027.09482258776
"7901009",97,-0.00445369129616718,1,0.016821,1,-0.005607,1,148.35274029246,1,4.86798701367023,248,1,20.1089992523193,36.7140007019043,0.0168210007250309,0.0029691276140511,143.05549621582,-86.4508,26.1288,127.027804023322,63,63,63,63,61,63,-0.005607,8047,1.25895569026649,26,-86,0.001869,51,2025-12-29 10:29:03.001115,248,1.037,0.0011,"aoml_navis",1027.11859870601
"7901009",97,-0.00445369129616718,1,0.016821,1,-0.005607,1,148.771074390582,1,4.86788866440219,250,1,20.0359992980957,36.7039985656738,0.0168210007250309,0.0029691276140511,143.458892822266,-86.4508,26.1288,127.027804023322,63,63,63,63,61,63,-0.005607,8047,1.25895569026649,26,-86,0.001869,51,2025-12-29 10:29:03.001115,250,1.037,0.0011,"aoml_navis",1027.13935028217
"7901009",97,0,1,0.022428,1,0,1,149.298418724433,1,4.86773342077084,252,1,19.9039993286133,36.6889991760254,0.0224280003458261,0.0074228192679584,143.967407226562,-86.4508,26.1288,127.027804023322,63,63,63,63,61,63,0,8047,1.25895569026649,26,-86,0.001869,51,2025-12-29 10:29:03.001115,252,1.037,0.0011,"aoml_navis",1027.17210820641
"7901009",97,-0.00742281882694531,1,0.013083,1,-0.009345,1,149.600811757497,1,4.86765020590607,254,1,19.8509998321533,36.681999206543,0.0130829997360706,0,144.259002685547,-86.4508,26.1288,127.027804023322,63,63,63,63,61,63,-0.009345,8047,1.25895569026649,26,-86,0.001869,51,2025-12-29 10:29:03.001115,254,1.037,0.0011,"aoml_navis",1027.18966821678
"7901009",97,-0.00148456376538906,1,0.020559,1,-0.001869,1,150.258386057968,1,4.86754876374273,256,1,19.7749996185303,36.6720008850098,0.020558999851346,0.00593825522810221,144.893096923828,-86.4508,26.1288,127.027804023322,63,63,63,63,61,63,-0.001869,8047,1.25895569026649,26,-86,0.001869,51,2025-12-29 10:29:03.001115,256,1.037,0.0011,"aoml_navis",1027.21107536587
"7901009",97,-0.00593825506155625,1,0.014952,1,-0.007476,1,150.675897317905,1,4.86743779369151,258,1,19.69700050354,36.6640014648438,0.0149520002305508,0.00148456380702555,145.295700073242,-86.4508,26.1288,127.027804023322,63,63,63,63,61,63,-0.007476,8047,1.25895569026649,26,-86,0.001869,51,2025-12-29 10:29:03.001115,258,1.037,0.0011,"aoml_navis",1027.23449418918
"7901009",97,-0.00296912753077812,1,0.01869,1,-0.003738,1,150.405642445498,1,4.86735751796552,260,1,19.6459999084473,36.6570014953613,0.0186899993568659,0.00445369118824601,145.035095214844,-86.4508,26.1288,127.027804023322,63,63,63,63,61,63,-0.003738,8047,1.25895569026649,26,-86,0.001869,51,2025-12-29 10:29:03.001115,260,1.037,0.0011,"aoml_navis",1027.25143602969
"7901009",97,-0.00593825506155625,1,0.014952,1,-0.007476,1,150.569292301487,1,4.86728364490314,262,1,19.6000003814697,36.6500015258789,0.0149520002305508,0.00148456380702555,145.192901611328,-86.4508,26.1288,127.027804023322,63,63,63,63,61,63,-0.007476,8047,1.25895569026649,26,-86,0.001869,51,2025-12-29 10:29:03.001115,262,1.037,0.0011,"aoml_navis",1027.26702710984
"7901009",97,-0.00296912753077812,1,0.01869,1,-0.003738,1,150.971549407374,1,4.86719977839568,264,1,19.5459995269775,36.6430015563965,0.0186899993568659,0.00445369118824601,145.580795288086,-86.4508,26.1288,127.027804023322,63,63,63,63,61,63,-0.003738,8047,1.25895569026649,26,-86,0.001869,51,2025-12-29 10:29:03.001115,264,1.037,0.0011,"aoml_navis",1027.28472790326
"7901009",97,-0.00593825506155625,1,0.014952,1,-0.007476,1,151.492564216724,1,4.86712105082106,266,1,19.496000289917,36.6360015869141,0.0149520002305508,0.00148456380702555,146.083206176758,-86.4508,26.1288,127.027804023322,63,63,63,63,61,63,-0.007476,8047,1.25895569026649,26,-86,0.001869,51,2025-12-29 10:29:03.001115,266,1.037,0.0011,"aoml_navis",1027.30134463299
"7901009",97,-0.00593825506155625,1,0.014952,1,-0.007476,1,151.962325701421,1,4.86704382477264,268,1,19.4500007629395,36.6300010681152,0.0149520002305508,0.00148456380702555,146.536193847656,-86.4508,26.1288,127.027804023322,63,63,63,63,61,63,-0.007476,8047,1.25895569026649,26,-86,0.001869,51,2025-12-29 10:29:03.001115,268,1.037,0.0011,"aoml_navis",1027.31764496359
"7901009",97,-0.00445369129616718,1,0.016821,1,-0.005607,1,152.401832059001,1,4.86691685180651,270,1,19.3439998626709,36.617000579834,0.0168210007250309,0.0029691276140511,146.960006713867,-86.4508,26.1288,127.027804023322,63,63,63,63,61,63,-0.005607,8047,1.25895569026649,26,-86,0.001869,51,2025-12-29 10:29:03.001115,270,1.037,0.0011,"aoml_navis",1027.3444466478
"7901009",97,-0.00742281882694531,1,0.013083,1,-0.009345,1,152.269086106391,1,4.86686626809525,272,1,19.32200050354,36.6119995117188,0.0130829997360706,0,146.832000732422,-86.4508,26.1288,127.027804023322,63,63,63,63,61,63,-0.009345,8047,1.25895569026649,26,-86,0.001869,51,2025-12-29 10:29:03.001115,272,1.037,0.0011,"aoml_navis",1027.35512433894
"7901009",97,-0.00593825506155625,1,0.014952,1,-0.007476,1,152.320102073874,1,4.86676773853744,274,1,19.25,36.6030006408691,0.0149520002305508,0.00148456380702555,146.881195068359,-86.4508,26.1288,127.027804023322,63,63,63,63,61,63,-0.007476,8047,1.25895569026649,26,-86,0.001869,51,2025-12-29 10:29:03.001115,274,1.037,0.0011,"aoml_navis",1027.3759235329
"7901009",97,-0.00445369129616718,1,0.016821,1,-0.005607,1,152.453670864669,1,4.86668832423341,276,1,19.1989994049072,36.5960006713867,0.0168210007250309,0.0029691276140511,147.009994506836,-86.4508,26.1288,127.027804023322,63,63,63,63,61,63,-0.005607,8047,1.25895569026649,26,-86,0.001869,51,2025-12-29 10:29:03.001115,276,1.037,0.0011,"aoml_navis",1027.3926881865
"7901009",97,-0.00445369129616718,1,0.016821,1,-0.005607,1,152.558202961813,1,4.86662156201803,278,1,19.1609992980957,36.5900001525879,0.0168210007250309,0.0029691276140511,147.110794067383,-86.4508,26.1288,127.027804023322,63,63,63,63,61,63,-0.005607,8047,1.25895569026649,26,-86,0.001869,51,2025-12-29 10:29:03.001115,278,1.037,0.0011,"aoml_navis",1027.40678236067
"7901009",97,-0.00593825506155625,1,0.014952,1,-0.007476,1,152.756586083505,1,4.86652979268478,280,1,19.0970001220703,36.5820007324219,0.0149520002305508,0.00148456380702555,147.302093505859,-86.4508,26.1288,127.027804023322,63,63,63,63,61,63,-0.007476,8047,1.25895569026649,26,-86,0.001869,51,2025-12-29 10:29:03.001115,280,1.037,0.0011,"aoml_navis",1027.42615641968
"7901009",97,-0.00445369129616718,1,0.016821,1,-0.005607,1,152.790923753926,1,4.866459349666,282,1,19.05299949646,36.5750007629395,0.0168210007250309,0.0029691276140511,147.335205078125,-86.4508,26.1288,127.027804023322,63,63,63,63,61,63,-0.005607,8047,1.25895569026649,26,-86,0.001869,51,2025-12-29 10:29:03.001115,282,1.037,0.0011,"aoml_navis",1027.44102862858
"7901009",97,-0.00445369129616718,1,0.016821,1,-0.005607,1,152.836860277996,1,4.86638393074533,284,1,19.0020008087158,36.5670013427734,0.0168210007250309,0.0029691276140511,147.379501342773,-86.4508,26.1288,127.027804023322,63,63,63,63,61,63,-0.005607,8047,1.25895569026649,26,-86,0.001869,51,2025-12-29 10:29:03.001115,284,1.037,0.0011,"aoml_navis",1027.45695184683
"7901009",97,-0.00445369129616718,1,0.016821,1,-0.005607,1,152.671248269412,1,4.86632382146796,286,1,18.9750003814697,36.5629997253418,0.0168210007250309,0.0029691276140511,147.219802856445,-86.4508,26.1288,127.027804023322,63,63,63,63,61,63,-0.005607,8047,1.25895569026649,26,-86,0.001869,51,2025-12-29 10:29:03.001115,286,1.037,0.0011,"aoml_navis",1027.46964308917
"7901009",97,-0.00445369129616718,1,0.016821,1,-0.005607,1,152.206550404315,1,4.86626593139648,288,1,18.9409999847412,36.5559997558594,0.0168210007250309,0.0029691276140511,146.771697998047,-86.4508,26.1288,127.027804023322,63,63,63,63,61,63,-0.005607,8047,1.25895569026649,26,-86,0.001869,51,2025-12-29 10:29:03.001115,288,1.037,0.0011,"aoml_navis",1027.48186607326
"7901009",97,-0.00742281882694531,1,0.013083,1,-0.009345,1,152.230507654554,1,4.86613573550709,290,1,18.8159999847412,36.5379981994629,0.0130829997360706,0,146.794799804688,-86.4508,26.1288,127.027804023322,63,63,63,63,61,63,-0.009345,8047,1.25895569026649,26,-86,0.001869,51,2025-12-29 10:29:03.001115,290,1.037,0.0011,"aoml_navis",1027.50935686322
"7901009",97,-0.00148456376538906,1,0.020559,1,-0.001869,1,152.290559018263,1,4.86604460605304,292,1,18.7430000305176,36.5270004272461,0.020558999851346,0.00593825522810221,146.85270690918,-86.4508,26.1288,127.027804023322,63,63,63,63,61,63,-0.001869,8047,1.25895569026649,26,-86,0.001869,51,2025-12-29 10:29:03.001115,292,1.037,0.0011,"aoml_navis",1027.52859967217
"7901009",97,-0.00742281882694531,1,0.013083,1,-0.009345,1,152.219620872411,1,4.86598217426747,294,1,18.7080001831055,36.5209999084473,0.0130829997360706,0,146.784301757812,-86.4508,26.1288,127.027804023322,63,63,63,63,61,63,-0.009345,8047,1.25895569026649,26,-86,0.001869,51,2025-12-29 10:29:03.001115,294,1.037,0.0011,"aoml_navis",1027.54178312474
"7901009",97,-0.00445369129616718,1,0.016821,1,-0.005607,1,152.178447315528,1,4.86592848485568,296,1,18.6860008239746,36.5169982910156,0.0168210007250309,0.0029691276140511,146.744598388672,-86.4508,26.1288,127.027804023322,63,63,63,63,61,63,-0.005607,8047,1.25895569026649,26,-86,0.001869,51,2025-12-29 10:29:03.001115,296,1.037,0.0011,"aoml_navis",1027.55312075827
"7901009",97,-0.00445369129616718,1,0.016821,1,-0.005607,1,151.987010846977,1,4.86587613980195,298,1,18.6709995269775,36.5149993896484,0.0168210007250309,0.0029691276140511,146.559997558594,-86.4508,26.1288,127.027804023322,63,63,63,63,61,63,-0.005607,8047,1.25895569026649,26,-86,0.001869,51,2025-12-29 10:29:03.001115,298,1.037,0.0011,"aoml_navis",1027.56417474357
"7901009",97,-0.00296912753077812,1,0.01869,1,-0.003738,1,151.919506468168,1,4.86580268211445,300,1,18.621000289917,36.5069999694824,0.0186899993568659,0.00445369118824601,146.494903564453,-86.4508,26.1288,127.027804023322,63,63,63,63,61,63,-0.003738,8047,1.25895569026649,26,-86,0.001869,51,2025-12-29 10:29:03.001115,300,1.037,0.0011,"aoml_navis",1027.57968759786
"7901009",97,-0.00593825506155625,1,0.014952,1,-0.007476,1,151.905090976116,1,4.86572438686285,302,1,18.5639991760254,36.4980010986328,0.0149520002305508,0.00148456380702555,146.481002807617,-86.4508,26.1288,127.027804023322,63,63,63,63,61,63,-0.007476,8047,1.25895569026649,26,-86,0.001869,51,2025-12-29 10:29:03.001115,302,1.037,0.0011,"aoml_navis",1027.59622256856
"7901009",97,-0.00593825506155625,1,0.014952,1,-0.007476,1,151.988150161388,1,4.86565609209487,304,1,18.5240001678467,36.492000579834,0.0149520002305508,0.00148456380702555,146.561096191406,-86.4508,26.1288,127.027804023322,63,63,63,63,61,63,-0.007476,8047,1.25895569026649,26,-86,0.001869,51,2025-12-29 10:29:03.001115,304,1.037,0.0011,"aoml_navis",1027.61064599765
"7901009",97,-0.00593825506155625,1,0.014952,1,-0.007476,1,151.652258119899,1,4.86560746305409,306,1,18.5090007781982,36.4889984130859,0.0149520002305508,0.00148456380702555,146.237197875977,-86.4508,26.1288,127.027804023322,63,63,63,63,61,63,-0.007476,8047,1.25895569026649,26,-86,0.001869,51,2025-12-29 10:29:03.001115,306,1.037,0.0011,"aoml_navis",1027.62091639459
"7901009",97,-0.00593825506155625,1,0.014952,1,-0.007476,1,151.233813255098,1,4.86553555987908,308,1,18.4629993438721,36.4819984436035,0.0149520002305508,0.00148456380702555,145.833694458008,-86.4508,26.1288,127.027804023322,63,63,63,63,61,63,-0.007476,8047,1.25895569026649,26,-86,0.001869,51,2025-12-29 10:29:03.001115,308,1.037,0.0011,"aoml_navis",1027.63610263785
"7901009",97,0,1,0.013083,1,-0.009345,1,151.044876948726,1,4.86542836339972,310,1,18.367000579834,36.4679985046387,0.0130829997360706,0,145.651504516602,-86.4508,26.1288,127.027804023322,63,63,63,63,61,63,0,8047,1.25895569026649,26,-86,0.001869,51,2025-12-29 10:29:03.001115,310,1.037,0.0011,"aoml_navis",1027.65874380406
"7901009",97,0,1,0.011214,1,-0.011214,1,150.826998891569,1,4.86536636672996,312,1,18.3229999542236,36.4589996337891,0.0112140001729131,-0.00148456380702555,145.44140625,-86.4508,26.1288,127.027804023322,63,63,63,63,61,63,0,8047,1.25895569026649,26,-86,0.001869,51,2025-12-29 10:29:03.001115,312,1.037,0.0011,"aoml_navis",1027.67183869044
"7901009",97,0,1,0.013083,1,-0.009345,1,150.416117808548,1,4.86529115278928,314,1,18.2709999084473,36.451000213623,0.0130829997360706,0,145.045196533203,-86.4508,26.1288,127.027804023322,63,63,63,63,61,63,0,8047,1.25895569026649,26,-86,0.001869,51,2025-12-29 10:29:03.001115,314,1.037,0.0011,"aoml_navis",1027.68772576611
"7901009",97,0,1,0.016821,1,-0.005607,1,150.006502630427,1,4.86517626535612,316,1,18.1560001373291,36.4329986572266,0.0168210007250309,0.0029691276140511,144.650207519531,-86.4508,26.1288,127.027804023322,63,63,63,63,61,63,0,8047,1.25895569026649,26,-86,0.001869,51,2025-12-29 10:29:03.001115,316,1.037,0.0011,"aoml_navis",1027.71199382927
"7901009",97,0,1,0.013083,1,-0.009345,1,149.829054411024,1,4.86507505213194,318,1,18.0610008239746,36.4179992675781,0.0130829997360706,0,144.479095458984,-86.4508,26.1288,127.027804023322,63,63,63,63,61,63,0,8047,1.25895569026649,26,-86,0.001869,51,2025-12-29 10:29:03.001115,318,1.037,0.0011,"aoml_navis",1027.73337439243
"7901009",97,0,1,0.014952,1,-0.007476,1,149.842647064892,1,4.86497297413507,320,1,17.9680004119873,36.4039993286133,0.0149520002305508,0.00148456380702555,144.492202758789,-86.4508,26.1288,127.027804023322,63,63,63,63,61,63,0,8047,1.25895569026649,26,-86,0.001869,51,2025-12-29 10:29:03.001115,320,1.037,0.0011,"aoml_navis",1027.75493853364
"7901009",97,0,1,0.01869,1,-0.003738,1,149.796283297917,1,4.86489260778786,322,1,17.9020004272461,36.3930015563965,0.0186899993568659,0.00445369118824601,144.447494506836,-86.4508,26.1288,127.027804023322,63,63,63,63,61,63,0,8047,1.25895569026649,26,-86,0.001869,51,2025-12-29 10:29:03.001115,322,1.037,0.0011,"aoml_navis",1027.77191669059
"7901009",97,0,1,0.014952,1,-0.007476,1,149.645925443382,1,4.86482647329167,324,1,17.8659992218018,36.3880004882812,0.0149520002305508,0.00148456380702555,144.302505493164,-86.4508,26.1288,127.027804023322,63,63,63,63,61,63,0,8047,1.25895569026649,26,-86,0.001869,51,2025-12-29 10:29:03.001115,324,1.037,0.0011,"aoml_navis",1027.78588865409
"7901009",97,0,1,0.014952,1,-0.007476,1,149.520743272551,1,4.86477584398096,326,1,17.8460006713867,36.3839988708496,0.0149520002305508,0.00148456380702555,144.181793212891,-86.4508,26.1288,127.027804023322,63,63,63,63,61,63,0,8047,1.25895569026649,26,-86,0.001869,51,2025-12-29 10:29:03.001115,326,1.037,0.0011,"aoml_navis",1027.79658515743
"7901009",97,0,1,0.014952,1,-0.007476,1,149.273100626426,1,4.86472636099103,328,1,17.8299999237061,36.3810005187988,0.0149520002305508,0.00148456380702555,143.942993164062,-86.4508,26.1288,127.027804023322,63,63,63,63,61,63,0,8047,1.25895569026649,26,-86,0.001869,51,2025-12-29 10:29:03.001115,328,1.037,0.0011,"aoml_navis",1027.80703969163
"7901009",97,0,1,0.014952,1,-0.007476,1,148.889610560686,1,4.86466636834452,330,1,17.7929992675781,36.3740005493164,0.0149520002305508,0.00148456380702555,143.573196411133,-86.4508,26.1288,127.027804023322,63,63,63,63,61,63,0,8047,1.25895569026649,26,-86,0.001869,51,2025-12-29 10:29:03.001115,330,1.037,0.0011,"aoml_navis",1027.81971494204
"7901009",97,0,1,0.013083,1,-0.009345,1,148.547911180467,1,4.86459578279542,332,1,17.7439994812012,36.3660011291504,0.0130829997360706,0,143.243698120117,-86.4508,26.1288,127.027804023322,63,63,63,63,61,63,0,8047,1.25895569026649,26,-86,0.001869,51,2025-12-29 10:29:03.001115,332,1.037,0.0011,"aoml_navis",1027.83462866195
"7901009",97,0,1,0.016821,1,-0.005607,1,148.172712791823,1,4.86451474898397,334,1,17.6800003051758,36.3559989929199,0.0168210007250309,0.0029691276140511,142.881896972656,-86.4508,26.1288,127.027804023322,63,63,63,63,61,63,0,8047,1.25895569026649,26,-86,0.001869,51,2025-12-29 10:29:03.001115,334,1.037,0.0011,"aoml_navis",1027.85175048433
"7901009",97,0,1,0.016821,1,-0.005607,1,147.946843709984,1,4.86443755023177,336,1,17.613000869751,36.3440017700195,0.0168210007250309,0.0029691276140511,142.664093017578,-86.4508,26.1288,127.027804023322,63,63,63,63,61,63,0,8047,1.25895569026649,26,-86,0.001869,51,2025-12-29 10:29:03.001115,336,1.037,0.0011,"aoml_navis",1027.86806251871
"7901009",97,0,1,0.016821,1,-0.005607,1,147.731560757873,1,4.86435786951293,338,1,17.5559997558594,36.3359985351562,0.0168210007250309,0.0029691276140511,142.456497192383,-86.4508,26.1288,127.027804023322,63,63,63,63,61,63,0,8047,1.25895569026649,26,-86,0.001869,51,2025-12-29 10:29:03.001115,338,1.037,0.0011,"aoml_navis",1027.88489953365
"7901009",97,0,1,0.016821,1,-0.005607,1,147.503413047213,1,4.86429581110554,340,1,17.5200004577637,36.3300018310547,0.0168210007250309,0.0029691276140511,142.23649597168,-86.4508,26.1288,127.027804023322,63,63,63,63,61,63,0,8047,1.25895569026649,26,-86,0.001869,51,2025-12-29 10:29:03.001115,340,1.037,0.0011,"aoml_navis",1027.89801323033
"7901009",97,0,1,0.016821,1,-0.005607,1,147.290203014376,1,4.86424071539759,342,1,17.496000289917,36.326000213623,0.0168210007250309,0.0029691276140511,142.030899047852,-86.4508,26.1288,127.027804023322,63,63,63,63,61,63,0,8047,1.25895569026649,26,-86,0.001869,51,2025-12-29 10:29:03.001115,342,1.037,0.0011,"aoml_navis",1027.9096559043
"7901009",97,0,1,0.01869,1,-0.003738,1,147.009377836052,1,4.86417883888377,344,1,17.4570007324219,36.3190002441406,0.0186899993568659,0.00445369118824601,141.760101318359,-86.4508,26.1288,127.027804023322,63,63,63,63,61,63,0,8047,1.25895569026649,26,-86,0.001869,51,2025-12-29 10:29:03.001115,344,1.037,0.0011,"aoml_navis",1027.92273179401
"7901009",97,0,1,0.013083,1,-0.009345,1,146.698582359212,1,4.86410644005083,346,1,17.4090003967285,36.3120002746582,0.0130829997360706,0,141.460403442383,-86.4508,26.1288,127.027804023322,63,63,63,63,61,63,0,8047,1.25895569026649,26,-86,0.001869,51,2025-12-29 10:29:03.001115,346,1.037,0.0011,"aoml_navis",1027.93803170717
"7901009",97,0,1,0.016821,1,-0.005607,1,146.432884744446,1,4.86403216436315,348.100006103516,1,17.3579998016357,36.3040008544922,0.0168210007250309,0.0029691276140511,141.204193115234,-86.4508,26.1288,127.027804023322,63,63,63,63,61,63,0,8047,1.25895569026649,26,-86,0.001869,51,2025-12-29 10:29:03.001115,348.100006103516,1.037,0.0011,"aoml_navis",1027.95372872594
"7901009",97,0,1,0.013083,1,-0.009345,1,146.219785478288,1,4.86396463312831,350.100006103516,1,17.3139991760254,36.2970008850098,0.0130829997360706,0,140.99870300293,-86.4508,26.1288,127.027804023322,63,63,63,63,61,63,0,8047,1.25895569026649,26,-86,0.001869,51,2025-12-29 10:29:03.001115,350.100006103516,1.037,0.0011,"aoml_navis",1027.96800082491
"7901009",97,0,1,0.014952,1,-0.007476,1,145.983757509624,1,4.86391763902008,352,1,17.2950000762939,36.2929992675781,0.0149520002305508,0.00148456380702555,140.771102905273,-86.4508,26.1288,127.027804023322,63,63,63,63,61,63,0,8047,1.25895569026649,26,-86,0.001869,51,2025-12-29 10:29:03.001115,352,1.037,0.0011,"aoml_navis",1027.97793282687
"7901009",97,0,1,0.014952,1,-0.007476,1,145.384145829776,1,4.86387115142795,354,1,17.2719993591309,36.2869987487793,0.0149520002305508,0.00148456380702555,140.192901611328,-86.4508,26.1288,127.027804023322,63,63,63,63,61,63,0,8047,1.25895569026649,26,-86,0.001869,51,2025-12-29 10:29:03.001115,354,1.037,0.0011,"aoml_navis",1027.98775796766
"7901009",97,0,1,0.016821,1,-0.005607,1,144.966840279385,1,4.86376180733332,356,1,17.1609992980957,36.2700004577637,0.0168210007250309,0.0029691276140511,139.790496826172,-86.4508,26.1288,127.027804023322,63,63,63,63,61,63,0,8047,1.25895569026649,26,-86,0.001869,51,2025-12-29 10:29:03.001115,356,1.037,0.0011,"aoml_navis",1028.01086855472
"7901009",97,0,1,0.014952,1,-0.007476,1,144.931379118365,1,4.86366327767595,358,1,17.0620002746582,36.2540016174316,0.0149520002305508,0.00148456380702555,139.756301879883,-86.4508,26.1288,127.027804023322,63,63,63,63,61,63,0,8047,1.25895569026649,26,-86,0.001869,51,2025-12-29 10:29:03.001115,358,1.037,0.0011,"aoml_navis",1028.03169433004
"7901009",97,0,1,0.020559,1,-0.001869,1,145.012270441495,1,4.86359958792988,360,1,17.0240001678467,36.2480010986328,0.020558999851346,0.00593825522810221,139.83430480957,-86.4508,26.1288,127.027804023322,63,63,63,63,61,63,0,8047,1.25895569026649,26,-86,0.001869,51,2025-12-29 10:29:03.001115,360,1.037,0.0011,"aoml_navis",1028.04515659731
"7901009",97,0,1,0.016821,1,-0.005607,1,145.197472328412,1,4.86352350895178,362,1,16.9689998626709,36.2400016784668,0.0168210007250309,0.0029691276140511,140.012893676758,-86.4508,26.1288,127.027804023322,63,63,63,63,61,63,0,8047,1.25895569026649,26,-86,0.001869,51,2025-12-29 10:29:03.001115,362,1.037,0.0011,"aoml_navis",1028.06123807092
"7901009",97,0,1,0.016821,1,-0.005607,1,145.095329626768,1,4.86346110929561,364,1,16.931999206543,36.234001159668,0.0168210007250309,0.0029691276140511,139.914398193359,-86.4508,26.1288,127.027804023322,63,63,63,63,61,63,0,8047,1.25895569026649,26,-86,0.001869,51,2025-12-29 10:29:03.001115,364,1.037,0.0011,"aoml_navis",1028.07442840314
"7901009",97,0,1,0.016821,1,-0.005607,1,144.530973398394,1,4.86339876345318,366,1,16.8950004577637,36.2280006408691,0.0168210007250309,0.0029691276140511,139.370193481445,-86.4508,26.1288,127.027804023322,63,63,63,63,61,63,0,8047,1.25895569026649,26,-86,0.001869,51,2025-12-29 10:29:03.001115,366,1.037,0.0011,"aoml_navis",1028.087607698
"7901009",97,0,1,0.016821,1,-0.005607,1,143.8130470818,1,4.86334091947027,368,1,16.8649997711182,36.2229995727539,0.0168210007250309,0.0029691276140511,138.67790222168,-86.4508,26.1288,127.027804023322,63,63,63,63,61,63,0,8047,1.25895569026649,26,-86,0.001869,51,2025-12-29 10:29:03.001115,368,1.037,0.0011,"aoml_navis",1028.09983564644
"7901009",97,0,1,0.016821,1,-0.005607,1,143.282300628529,1,4.86328574418575,370,1,16.8309993743896,36.2159996032715,0.0168210007250309,0.0029691276140511,138.166107177734,-86.4508,26.1288,127.027804023322,63,63,63,63,61,63,0,8047,1.25895569026649,26,-86,0.001869,51,2025-12-29 10:29:03.001115,370,1.037,0.0011,"aoml_navis",1028.11149971554
"7901009",97,0,1,0.014952,1,-0.007476,1,142.836781222673,1,4.86322272866138,372,1,16.7870006561279,36.2080001831055,0.0149520002305508,0.00148456380702555,137.73649597168,-86.4508,26.1288,127.027804023322,63,63,63,63,61,63,0,8047,1.25895569026649,26,-86,0.001869,51,2025-12-29 10:29:03.001115,372,1.037,0.0011,"aoml_navis",1028.12482153707
"7901009",97,0,1,0.016821,1,-0.005607,1,142.767203924589,1,4.8631596098607,374,1,16.746000289917,36.201000213623,0.0168210007250309,0.0029691276140511,137.669403076172,-86.4508,26.1288,127.027804023322,63,63,63,63,61,63,0,8047,1.25895569026649,26,-86,0.001869,51,2025-12-29 10:29:03.001115,374,1.037,0.0011,"aoml_navis",1028.13816553786
"7901009",97,0,1,0.016821,1,-0.005607,1,142.532410213202,1,4.86308563241441,376,1,16.6860008239746,36.1910018920898,0.0168210007250309,0.0029691276140511,137.442993164062,-86.4508,26.1288,127.027804023322,63,63,63,63,61,63,0,8047,1.25895569026649,26,-86,0.001869,51,2025-12-29 10:29:03.001115,376,1.037,0.0011,"aoml_navis",1028.15380561531
"7901009",97,0,1,0.014952,1,-0.007476,1,142.735049940121,1,4.86296955580443,378,1,16.5699996948242,36.1749992370605,0.0149520002305508,0.00148456380702555,137.638397216797,-86.4508,26.1288,127.027804023322,63,63,63,63,61,63,0,8047,1.25895569026649,26,-86,0.001869,51,2025-12-29 10:29:03.001115,378,1.037,0.0011,"aoml_navis",1028.17834712373
"7901009",97,0,1,0.016821,1,-0.005607,1,142.925141384715,1,4.8629225498012,380,1,16.5459995269775,36.1689987182617,0.0168210007250309,0.0029691276140511,137.821701049805,-86.4508,26.1288,127.027804023322,63,63,63,63,61,63,0,8047,1.25895569026649,26,-86,0.001869,51,2025-12-29 10:29:03.001115,380,1.037,0.0011,"aoml_navis",1028.18828570576
"7901009",97,0,1,0.014952,1,-0.007476,1,143.046889788504,1,4.8628614655334,382,1,16.5160007476807,36.1650009155273,0.0149520002305508,0.00148456380702555,137.939102172852,-86.4508,26.1288,127.027804023322,63,63,63,63,61,63,0,8047,1.25895569026649,26,-86,0.001869,51,2025-12-29 10:29:03.001115,382,1.037,0.0011,"aoml_navis",1028.20120117314
"7901009",97,0,1,0.020559,1,-0.001869,1,143.396358660048,1,4.86277617954907,384,1,16.4360008239746,36.1520004272461,0.020558999851346,0.00593825522810221,138.276092529297,-86.4508,26.1288,127.027804023322,63,63,63,63,61,63,0,8047,1.25895569026649,26,-86,0.001869,51,2025-12-29 10:29:03.001115,384,1.037,0.0011,"aoml_navis",1028.21923431887
"7901009",97,0,1,0.01869,1,-0.003738,1,143.725937000847,1,4.86270091495507,386,1,16.386999130249,36.1459999084473,0.0186899993568659,0.00445369118824601,138.593902587891,-86.4508,26.1288,127.027804023322,63,63,63,63,61,63,0,8047,1.25895569026649,26,-86,0.001869,51,2025-12-29 10:29:03.001115,386,1.037,0.0011,"aoml_navis",1028.2351490347
"7901009",97,0,1,0.01869,1,-0.003738,1,143.71639524266,1,4.86265158372667,388,1,16.3640003204346,36.140998840332,0.0186899993568659,0.00445369118824601,138.584701538086,-86.4508,26.1288,127.027804023322,63,63,63,63,61,63,0,8047,1.25895569026649,26,-86,0.001869,51,2025-12-29 10:29:03.001115,388,1.037,0.0011,"aoml_navis",1028.24558040164
"7901009",97,0,1,0.014952,1,-0.007476,1,143.608650911832,1,4.86260044758159,390,1,16.3490009307861,36.1389999389648,0.0149520002305508,0.00148456380702555,138.480804443359,-86.4508,26.1288,127.027804023322,63,63,63,63,61,63,0,8047,1.25895569026649,26,-86,0.001869,51,2025-12-29 10:29:03.001115,390,1.037,0.0011,"aoml_navis",1028.25639365183
"7901009",97,0,1,0.016821,1,-0.005607,1,143.442200241251,1,4.86255114564451,392,1,16.326000213623,36.1339988708496,0.0168210007250309,0.0029691276140511,138.320297241211,-86.4508,26.1288,127.027804023322,63,63,63,63,61,63,0,8047,1.25895569026649,26,-86,0.001869,51,2025-12-29 10:29:03.001115,392,1.037,0.0011,"aoml_navis",1028.26681925569
"7901009",97,0,1,0.01869,1,-0.003738,1,143.435981483428,1,4.86245918843787,394,1,16.246000289917,36.1230010986328,0.0186899993568659,0.00445369118824601,138.314300537109,-86.4508,26.1288,127.027804023322,63,63,63,63,61,63,0,8047,1.25895569026649,26,-86,0.001869,51,2025-12-29 10:29:03.001115,394,1.037,0.0011,"aoml_navis",1028.28626549487
"7901009",97,0,1,0.016821,1,-0.005607,1,143.391484926182,1,4.862394426428,396,1,16.2059993743896,36.117000579834,0.0168210007250309,0.0029691276140511,138.271392822266,-86.4508,26.1288,127.027804023322,63,63,63,63,61,63,0,8047,1.25895569026649,26,-86,0.001869,51,2025-12-29 10:29:03.001115,396,1.037,0.0011,"aoml_navis",1028.2999611928
"7901009",97,0,1,0.013083,1,-0.009345,1,143.234908313824,1,4.86234500396866,398,1,16.1860008239746,36.1129989624023,0.0130829997360706,0,138.120407104492,-86.4508,26.1288,127.027804023322,63,63,63,63,61,63,0,8047,1.25895569026649,26,-86,0.001869,51,2025-12-29 10:29:03.001115,398,1.037,0.0011,"aoml_navis",1028.31041316875
"7901009",97,0,1,0.016821,1,-0.005607,1,142.98943352984,1,4.86228907196281,400,1,16.1569995880127,36.1080017089844,0.0168210007250309,0.0029691276140511,137.883697509766,-86.4508,26.1288,127.027804023322,63,63,63,63,61,63,0,8047,1.25895569026649,26,-86,0.001869,51,2025-12-29 10:29:03.001115,400,1.037,0.0011,"aoml_navis",1028.32224205493
"7901009",97,0,1,0.020559,1,-0.001869,1,142.527441536469,1,4.862237434331,402,1,16.1350002288818,36.1040000915527,0.020558999851346,0.00593825522810221,137.438201904297,-86.4508,26.1288,127.027804023322,63,63,63,63,61,63,0,8047,1.25895569026649,26,-86,0.001869,51,2025-12-29 10:29:03.001115,402,1.037,0.0011,"aoml_navis",1028.3331629789
"7901009",97,0,1,0.020559,1,-0.001869,1,142.178890445977,1,4.86216151901084,404,1,16.07200050354,36.0940017700195,0.020558999851346,0.00593825522810221,137.102096557617,-86.4508,26.1288,127.027804023322,63,63,63,63,61,63,0,8047,1.25895569026649,26,-86,0.001869,51,2025-12-29 10:29:03.001115,404,1.037,0.0011,"aoml_navis",1028.34921885055
"7901009",97,0,1,0.016821,1,-0.005607,1,141.769575920269,1,4.86209670769659,406,1,16.0219993591309,36.0849990844727,0.0168210007250309,0.0029691276140511,136.707397460938,-86.4508,26.1288,127.027804023322,63,63,63,63,61,63,0,8047,1.25895569026649,26,-86,0.001869,51,2025-12-29 10:29:03.001115,406,1.037,0.0011,"aoml_navis",1028.36292665366
"7901009",97,0,1,0.016821,1,-0.005607,1,141.575655113352,1,4.86199957417419,408,1,15.9300003051758,36.0719985961914,0.0168210007250309,0.0029691276140511,136.520401000977,-86.4508,26.1288,127.027804023322,63,63,63,63,61,63,0,8047,1.25895569026649,26,-86,0.001869,51,2025-12-29 10:29:03.001115,408,1.037,0.0011,"aoml_navis",1028.38347139289
"7901009",97,0,1,0.014952,1,-0.007476,1,141.322410838043,1,4.86194450076654,410,1,15.8950004577637,36.064998626709,0.0149520002305508,0.00148456380702555,136.27619934082,-86.4508,26.1288,127.027804023322,63,63,63,63,61,63,0,8047,1.25895569026649,26,-86,0.001869,51,2025-12-29 10:29:03.001115,410,1.037,0.0011,"aoml_navis",1028.39512034983
"7901009",97,0,1,0.01869,1,-0.003738,1,140.885103990227,1,4.86190086199675,412,1,15.8800001144409,36.0610008239746,0.0186899993568659,0.00445369118824601,135.854507446289,-86.4508,26.1288,127.027804023322,63,63,63,63,61,63,0,8047,1.25895569026649,26,-86,0.001869,51,2025-12-29 10:29:03.001115,412,1.037,0.0011,"aoml_navis",1028.40435087492
"7901009",97,0,1,0.013083,1,-0.009345,1,140.452544285788,1,4.86184333983589,414,1,15.8459997177124,36.0550003051758,0.0130829997360706,0,135.437393188477,-86.4508,26.1288,127.027804023322,63,63,63,63,61,63,0,8047,1.25895569026649,26,-86,0.001869,51,2025-12-29 10:29:03.001115,414,1.037,0.0011,"aoml_navis",1028.41651828476
"7901009",97,0,1,0.01869,1,-0.003738,1,139.778892993082,1,4.86179475801631,416,1,15.8199996948242,36.048999786377,0.0186899993568659,0.00445369118824601,134.787796020508,-86.4508,26.1288,127.027804023322,63,63,63,63,61,63,0,8047,1.25895569026649,26,-86,0.001869,51,2025-12-29 10:29:03.001115,416,1.037,0.0011,"aoml_navis",1028.42679480778
"7901009",97,0,1,0.020559,1,-0.001869,1,139.351950741638,1,4.8616899197939,418,1,15.7040004730225,36.0309982299805,0.020558999851346,0.00593825522810221,134.376098632812,-86.4508,26.1288,127.027804023322,63,63,63,63,61,63,0,8047,1.25895569026649,26,-86,0.001869,51,2025-12-29 10:29:03.001115,418,1.037,0.0011,"aoml_navis",1028.44897195993
"7901009",97,0,1,0.01869,1,-0.003738,1,138.969805699854,1,4.86159869057408,420,1,15.6129999160767,36.0169982910156,0.0186899993568659,0.00445369118824601,134.007598876953,-86.4508,26.1288,127.027804023322,63,63,63,63,61,63,0,8047,1.25895569026649,26,-86,0.001869,51,2025-12-29 10:29:03.001115,420,1.037,0.0011,"aoml_navis",1028.46827108421
"7901009",97,0,1,0.020559,1,-0.001869,1,138.651019198331,1,4.86153509948735,422,1,15.5600004196167,36.0069999694824,0.020558999851346,0.00593825522810221,133.7001953125,-86.4508,26.1288,127.027804023322,63,63,63,63,61,63,0,8047,1.25895569026649,26,-86,0.001869,51,2025-12-29 10:29:03.001115,422,1.037,0.0011,"aoml_navis",1028.48172391623
"7901009",97,0,1,0.020559,1,-0.001869,1,138.23029570471,1,4.86148382813582,424,1,15.5279998779297,36,0.020558999851346,0.00593825522810221,133.294494628906,-86.4508,26.1288,127.027804023322,63,63,63,63,61,63,0,8047,1.25895569026649,26,-86,0.001869,51,2025-12-29 10:29:03.001115,424,1.037,0.0011,"aoml_navis",1028.49257073787
"7901009",97,0,1,0.014952,1,-0.007476,1,137.942001687473,1,4.86139846254934,426,1,15.4549999237061,35.9900016784668,0.0149520002305508,0.00148456380702555,133.016494750977,-86.4508,26.1288,127.027804023322,63,63,63,63,61,63,0,8047,1.25895569026649,26,-86,0.001869,51,2025-12-29 10:29:03.001115,426,1.037,0.0011,"aoml_navis",1028.51063094671
"7901009",97,0,1,0.020559,1,-0.001869,1,137.767164396928,1,4.86132939855152,428,1,15.3999996185303,35.9809989929199,0.020558999851346,0.00593825522810221,132.847900390625,-86.4508,26.1288,127.027804023322,63,63,63,63,61,63,0,8047,1.25895569026649,26,-86,0.001869,51,2025-12-29 10:29:03.001115,428,1.037,0.0011,"aoml_navis",1028.52524280494
"7901009",97,0,1,0.016821,1,-0.005607,1,137.414578234566,1,4.86128418166552,430,1,15.3800001144409,35.976001739502,0.0168210007250309,0.0029691276140511,132.507904052734,-86.4508,26.1288,127.027804023322,63,63,63,63,61,63,0,8047,1.25895569026649,26,-86,0.001869,51,2025-12-29 10:29:03.001115,430,1.037,0.0011,"aoml_navis",1028.53480955869
"7901009",97,0,1,0.01869,1,-0.003738,1,136.964185094843,1,4.86122489348568,432.100006103516,1,15.3489999771118,35.9710006713867,0.0186899993568659,0.00445369118824601,132.073593139648,-86.4508,26.1288,127.027804023322,63,63,63,63,61,63,0,8047,1.25895569026649,26,-86,0.001869,51,2025-12-29 10:29:03.001115,432.100006103516,1.037,0.0011,"aoml_navis",1028.54735371332
"7901009",97,0,1,0.01869,1,-0.003738,1,136.815267207132,1,4.8611399459436,434,1,15.2639999389648,35.9580001831055,0.0186899993568659,0.00445369118824601,131.929992675781,-86.4508,26.1288,127.027804023322,63,63,63,63,61,63,0,8047,1.25895569026649,26,-86,0.001869,51,2025-12-29 10:29:03.001115,434,1.037,0.0011,"aoml_navis",1028.56532739245
"7901009",97,0,1,0.016821,1,-0.005607,1,136.554253440497,1,4.86107163563937,436,1,15.2159996032715,35.951000213623,0.0168210007250309,0.0029691276140511,131.678298950195,-86.4508,26.1288,127.027804023322,63,63,63,63,61,63,0,8047,1.25895569026649,26,-86,0.001869,51,2025-12-29 10:29:03.001115,436,1.037,0.0011,"aoml_navis",1028.57978132683
"7901009",97,0,1,0.016821,1,-0.005607,1,136.462997520995,1,4.86101607410865,438,1,15.1829996109009,35.9449996948242,0.0168210007250309,0.0029691276140511,131.590301513672,-86.4508,26.1288,127.027804023322,63,63,63,63,61,63,0,8047,1.25895569026649,26,-86,0.001869,51,2025-12-29 10:29:03.001115,438,1.037,0.0011,"aoml_navis",1028.59153801849
"7901009",97,0,1,0.022428,1,0,1,136.277890576946,1,4.86097278499608,440,1,15.1780004501343,35.9440002441406,0.0224280003458261,0.0074228192679584,131.411804199219,-86.4508,26.1288,127.027804023322,63,63,63,63,61,63,0,8047,1.25895569026649,26,-86,0.001869,51,2025-12-29 10:29:03.001115,440,1.037,0.0011,"aoml_navis",1028.60069808106
"7901009",97,0,1,0.016821,1,-0.005607,1,135.99301450294,1,4.86093132684899,442,1,15.1680002212524,35.9410018920898,0.0168210007250309,0.0029691276140511,131.137100219727,-86.4508,26.1288,127.027804023322,63,63,63,63,61,63,0,8047,1.25895569026649,26,-86,0.001869,51,2025-12-29 10:29:03.001115,442,1.037,0.0011,"aoml_navis",1028.60947086063
"7901009",97,0,1,0.01869,1,-0.003738,1,135.566483670589,1,4.86088842752386,444,1,15.1599998474121,35.9389991760254,0.0186899993568659,0.00445369118824601,130.725799560547,-86.4508,26.1288,127.027804023322,63,63,63,63,61,63,0,8047,1.25895569026649,26,-86,0.001869,51,2025-12-29 10:29:03.001115,444,1.037,0.0011,"aoml_navis",1028.6185487592
"7901009",97,0,1,0.022428,1,0,1,135.159558540381,1,4.86082501542555,446,1,15.1129999160767,35.9309997558594,0.0224280003458261,0.0074228192679584,130.333404541016,-86.4508,26.1288,127.027804023322,63,63,63,63,61,63,0,8047,1.25895569026649,26,-86,0.001869,51,2025-12-29 10:29:03.001115,446,1.037,0.0011,"aoml_navis",1028.63196764598
"7901009",97,0,1,0.016821,1,-0.005607,1,135.19513046808,1,4.8607323963427,448,1,15.0120000839233,35.9150009155273,0.0168210007250309,0.0029691276140511,130.367706298828,-86.4508,26.1288,127.027804023322,63,63,63,63,61,63,0,8047,1.25895569026649,26,-86,0.001869,51,2025-12-29 10:29:03.001115,448,1.037,0.0011,"aoml_navis",1028.65156776828
"7901009",97,0,1,0.01869,1,-0.003738,1,135.079189403022,1,4.86068100798064,450,1,14.9860000610352,35.9099998474121,0.0186899993568659,0.00445369118824601,130.255905151367,-86.4508,26.1288,127.027804023322,63,63,63,63,61,63,0,8047,1.25895569026649,26,-86,0.001869,51,2025-12-29 10:29:03.001115,450,1.037,0.0011,"aoml_navis",1028.66244293559
"7901009",97,0,1,0.020559,1,-0.001869,1,134.927676410265,1,4.86062641237713,452,1,14.9569997787476,35.9049987792969,0.020558999851346,0.00593825522810221,130.109802246094,-86.4508,26.1288,127.027804023322,63,63,63,63,61,63,0,8047,1.25895569026649,26,-86,0.001869,51,2025-12-29 10:29:03.001115,452,1.037,0.0011,"aoml_navis",1028.67399709387
"7901009",97,0,1,0.016821,1,-0.005607,1,134.681268021418,1,4.86057035679972,454,1,14.9300003051758,35.9010009765625,0.0168210007250309,0.0029691276140511,129.872192382812,-86.4508,26.1288,127.027804023322,63,63,63,63,61,63,0,8047,1.25895569026649,26,-86,0.001869,51,2025-12-29 10:29:03.001115,454,1.037,0.0011,"aoml_navis",1028.68586049891
"7901009",97,0,1,0.016821,1,-0.005607,1,134.409889658411,1,4.86051233456619,456,1,14.8909997940063,35.8940010070801,0.0168210007250309,0.0029691276140511,129.610504150391,-86.4508,26.1288,127.027804023322,63,63,63,63,61,63,0,8047,1.25895569026649,26,-86,0.001869,51,2025-12-29 10:29:03.001115,456,1.037,0.0011,"aoml_navis",1028.69814040833
"7901009",97,0,1,0.01869,1,-0.003738,1,134.076576898157,1,4.86045247627875,458,1,14.8570003509521,35.8889999389648,0.0186899993568659,0.00445369118824601,129.289093017578,-86.4508,26.1288,127.027804023322,63,63,63,63,61,63,0,8047,1.25895569026649,26,-86,0.001869,51,2025-12-29 10:29:03.001115,458,1.037,0.0011,"aoml_navis",1028.71080921011
"7901009",97,0,1,0.01869,1,-0.003738,1,133.770971631409,1,4.86039629204366,460,1,14.8229999542236,35.882999420166,0.0186899993568659,0.00445369118824601,128.994400024414,-86.4508,26.1288,127.027804023322,63,63,63,63,61,63,0,8047,1.25895569026649,26,-86,0.001869,51,2025-12-29 10:29:03.001115,460,1.037,0.0011,"aoml_navis",1028.72270069518
"7901009",97,0,1,0.016821,1,-0.005607,1,133.359679129295,1,4.86034187433691,462,1,14.793999671936,35.8779983520508,0.0168210007250309,0.0029691276140511,128.597793579102,-86.4508,26.1288,127.027804023322,63,63,63,63,61,63,0,8047,1.25895569026649,26,-86,0.001869,51,2025-12-29 10:29:03.001115,462,1.037,0.0011,"aoml_navis",1028.73421855374
"7901009",97,0,1,0.01869,1,-0.003738,1,133.092035185745,1,4.86028405699654,464,1,14.7550001144409,35.8709983825684,0.0186899993568659,0.00445369118824601,128.339706420898,-86.4508,26.1288,127.027804023322,63,63,63,63,61,63,0,8047,1.25895569026649,26,-86,0.001869,51,2025-12-29 10:29:03.001115,464,1.037,0.0011,"aoml_navis",1028.74645624927
"7901009",97,0,1,0.016821,1,-0.005607,1,132.768786369448,1,4.86022606835962,466,1,14.7259998321533,35.867000579834,0.0168210007250309,0.0029691276140511,128.02799987793,-86.4508,26.1288,127.027804023322,63,63,63,63,61,63,0,8047,1.25895569026649,26,-86,0.001869,51,2025-12-29 10:29:03.001115,466,1.037,0.0011,"aoml_navis",1028.75873049411
"7901009",97,0,1,0.016821,1,-0.005607,1,132.33012658577,1,4.86017261923035,468,1,14.6909999847412,35.8600006103516,0.0168210007250309,0.0029691276140511,127.605003356934,-86.4508,26.1288,127.027804023322,63,63,63,63,61,63,0,8047,1.25895569026649,26,-86,0.001869,51,2025-12-29 10:29:03.001115,468,1.037,0.0011,"aoml_navis",1028.7700441372
"7901009",97,0,1,0.016821,1,-0.005607,1,131.739431623564,1,4.86012537250155,470,1,14.6719999313354,35.8559989929199,0.0168210007250309,0.0029691276140511,127.035400390625,-86.4508,26.1288,127.027804023322,63,63,63,63,61,63,0,8047,1.25895569026649,26,-86,0.001869,51,2025-12-29 10:29:03.001115,470,1.037,0.0011,"aoml_navis",1028.78004511774
"7901009",97,0,1,0.01869,1,-0.003738,1,131.256694613638,1,4.86005594539136,472,1,14.5979995727539,35.8419990539551,0.0186899993568659,0.00445369118824601,126.569900512695,-86.4508,26.1288,127.027804023322,63,63,63,63,61,63,0,8047,1.25895569026649,26,-86,0.001869,51,2025-12-29 10:29:03.001115,472,1.037,0.0011,"aoml_navis",1028.79474149703
"7901009",97,0,1,0.016821,1,-0.005607,1,130.972237870631,1,4.85994562917018,474,1,14.4680004119873,35.8230018615723,0.0168210007250309,0.0029691276140511,126.295600891113,-86.4508,26.1288,127.027804023322,63,63,63,63,61,63,0,8047,1.25895569026649,26,-86,0.001869,51,2025-12-29 10:29:03.001115,474,1.037,0.0011,"aoml_navis",1028.81809417562
"7901009",97,0,1,0.01869,1,-0.003738,1,130.882018410766,1,4.85986303708435,476,1,14.3739995956421,35.806999206543,0.0186899993568659,0.00445369118824601,126.208602905273,-86.4508,26.1288,127.027804023322,63,63,63,63,61,63,0,8047,1.25895569026649,26,-86,0.001869,51,2025-12-29 10:29:03.001115,476,1.037,0.0011,"aoml_navis",1028.83557866679
"7901009",97,0,1,0.016821,1,-0.005607,1,130.615917288813,1,4.85980807024678,478,1,14.3439998626709,35.8019981384277,0.0168210007250309,0.0029691276140511,125.952003479004,-86.4508,26.1288,127.027804023322,63,63,63,63,61,63,0,8047,1.25895569026649,26,-86,0.001869,51,2025-12-29 10:29:03.001115,478,1.037,0.0011,"aoml_navis",1028.84721530702
"7901009",97,0,1,0.020559,1,-0.001869,1,130.236675916394,1,4.85974932867152,480,1,14.3000001907349,35.7939987182617,0.020558999851346,0.00593825522810221,125.586303710938,-86.4508,26.1288,127.027804023322,63,63,63,63,61,63,0,8047,1.25895569026649,26,-86,0.001869,51,2025-12-29 10:29:03.001115,480,1.037,0.0011,"aoml_navis",1028.85965136124
"7901009",97,0,1,0.020559,1,-0.001869,1,129.794898841899,1,4.85970017902866,482,1,14.2720003128052,35.7879981994629,0.020558999851346,0.00593825522810221,125.160301208496,-86.4508,26.1288,127.027804023322,63,63,63,63,61,63,0,8047,1.25895569026649,26,-86,0.001869,51,2025-12-29 10:29:03.001115,482,1.037,0.0011,"aoml_navis",1028.87005695882
"7901009",97,0,1,0.022428,1,0,1,129.321181404388,1,4.85962465277355,484,1,14.1909999847412,35.773998260498,0.0224280003458261,0.0074228192679584,124.703498840332,-86.4508,26.1288,127.027804023322,63,63,63,63,61,63,0,8047,1.25895569026649,26,-86,0.001869,51,2025-12-29 10:29:03.001115,484,1.037,0.0011,"aoml_navis",1028.88604722719
"7901009",97,0,1,0.01869,1,-0.003738,1,128.901288660858,1,4.85954106342659,486,1,14.1020002365112,35.7599983215332,0.0186899993568659,0.00445369118824601,124.298599243164,-86.4508,26.1288,127.027804023322,63,63,63,63,61,63,0,8047,1.25895569026649,26,-86,0.001869,51,2025-12-29 10:29:03.001115,486,1.037,0.0011,"aoml_navis",1028.90374517679
"7901009",97,0,1,0.020559,1,-0.001869,1,128.631144555129,1,4.85944431949729,488,1,13.9930000305176,35.7439994812012,0.020558999851346,0.00593825522810221,124.038101196289,-86.4508,26.1288,127.027804023322,63,63,63,63,61,63,0,8047,1.25895569026649,26,-86,0.001869,51,2025-12-29 10:29:03.001115,488,1.037,0.0011,"aoml_navis",1028.92422903968
"7901009",97,0,1,0.022428,1,0,1,128.271192408629,1,4.85937794442373,490,1,13.9340000152588,35.734001159668,0.0224280003458261,0.0074228192679584,123.69100189209,-86.4508,26.1288,127.027804023322,63,63,63,63,61,63,0,8047,1.25895569026649,26,-86,0.001869,51,2025-12-29 10:29:03.001115,490,1.037,0.0011,"aoml_navis",1028.93828329151
"7901009",97,0,1,0.016821,1,-0.005607,1,127.763770253147,1,4.85932205338634,492,1,13.8850002288818,35.7239990234375,0.0168210007250309,0.0029691276140511,123.201698303223,-86.4508,26.1288,127.027804023322,63,63,63,63,61,63,0,8047,1.25895569026649,26,-86,0.001869,51,2025-12-29 10:29:03.001115,492,1.037,0.0011,"aoml_navis",1028.95011795228
"7901009",97,0,1,0.022428,1,0,1,127.551177348949,1,4.85923192301523,494,1,13.7849998474121,35.7089996337891,0.0224280003458261,0.0074228192679584,122.996696472168,-86.4508,26.1288,127.027804023322,63,63,63,63,61,63,0,8047,1.25895569026649,26,-86,0.001869,51,2025-12-29 10:29:03.001115,494,1.037,0.0011,"aoml_navis",1028.96920320227
"7901009",97,0,1,0.020559,1,-0.001869,1,127.313392937236,1,4.85918539422938,496,1,13.7589998245239,35.7029991149902,0.020558999851346,0.00593825522810221,122.767402648926,-86.4508,26.1288,127.027804023322,63,63,63,63,61,63,0,8047,1.25895569026649,26,-86,0.001869,51,2025-12-29 10:29:03.001115,496,1.037,0.0011,"aoml_navis",1028.97905602405
"7901009",97,0,1,0.022428,1,0,1,127.025716048638,1,4.8591260019969,498,1,13.7239999771118,35.6980018615723,0.0224280003458261,0.0074228192679584,122.48999786377,-86.4508,26.1288,127.027804023322,63,63,63,63,61,63,0,8047,1.25895569026649,26,-86,0.001869,51,2025-12-29 10:29:03.001115,498,1.037,0.0011,"aoml_navis",1028.99163305195
"7901009",97,0,1,0.01869,1,-0.003738,1,126.784814346107,1,4.85906438353427,500,1,13.668999671936,35.6879997253418,0.0186899993568659,0.00445369118824601,122.257698059082,-86.4508,26.1288,127.027804023322,63,63,63,63,61,63,0,8047,1.25895569026649,26,-86,0.001869,51,2025-12-29 10:29:03.001115,500,1.037,0.0011,"aoml_navis",1029.00468183614
"7901009",97,0,1,0.022428,1,0,1,126.501813393735,1,4.85900581827062,502,1,13.6239995956421,35.6800003051758,0.0224280003458261,0.0074228192679584,121.984802246094,-86.4508,26.1288,127.027804023322,63,63,63,63,61,63,0,8047,1.25895569026649,26,-86,0.001869,51,2025-12-29 10:29:03.001115,502,1.037,0.0011,"aoml_navis",1029.01708435895
"7901009",97,0,1,0.022428,1,0,1,126.311413384821,1,4.85894471677517,504,1,13.5799999237061,35.6730003356934,0.0224280003458261,0.0074228192679584,121.801200866699,-86.4508,26.1288,127.027804023322,63,63,63,63,61,63,0,8047,1.25895569026649,26,-86,0.001869,51,2025-12-29 10:29:03.001115,504,1.037,0.0011,"aoml_navis",1029.03002430504
"7901009",97,0,1,0.024297,1,0.001869,1,126.012232585442,1,4.85888674713852,506,1,13.5389995574951,35.6660003662109,0.0242970008403063,0.00890738237649202,121.512702941895,-86.4508,26.1288,127.027804023322,63,63,63,63,61,63,0,8047,1.25895569026649,26,-86,0.001869,51,2025-12-29 10:29:03.001115,506,1.037,0.0011,"aoml_navis",1029.04230129352
"7901009",97,0,1,0.01869,1,-0.003738,1,125.664100825948,1,4.8588263823026,508,1,13.4919996261597,35.6580009460449,0.0186899993568659,0.00445369118824601,121.177001953125,-86.4508,26.1288,127.027804023322,63,63,63,63,61,63,0,8047,1.25895569026649,26,-86,0.001869,51,2025-12-29 10:29:03.001115,508,1.037,0.0011,"aoml_navis",1029.05508585604
"7901009",97,0,1,0.020559,1,-0.001869,1,125.207805404628,1,4.858772195703,510,1,13.451000213623,35.6500015258789,0.020558999851346,0.00593825522810221,120.736999511719,-86.4508,26.1288,127.027804023322,63,63,63,63,61,63,0,8047,1.25895569026649,26,-86,0.001869,51,2025-12-29 10:29:03.001115,510,1.037,0.0011,"aoml_navis",1029.06656221131
"7901009",97,0,1,0.024297,1,0.001869,1,124.819544459794,1,4.85868709370692,512,1,13.3649997711182,35.6380004882812,0.0242970008403063,0.00890738237649202,120.362602233887,-86.4508,26.1288,127.027804023322,63,63,63,63,61,63,0,8047,1.25895569026649,26,-86,0.001869,51,2025-12-29 10:29:03.001115,512,1.037,0.0011,"aoml_navis",1029.08458675516
"7901009",97,0,1,0.022428,1,0,1,124.658695418397,1,4.85860353898813,514,1,13.2729997634888,35.6240005493164,0.0224280003458261,0.0074228192679584,120.207496643066,-86.4508,26.1288,127.027804023322,63,63,63,63,61,63,0,8047,1.25895569026649,26,-86,0.001869,51,2025-12-29 10:29:03.001115,514,1.037,0.0011,"aoml_navis",1029.10228420105
"7901009",97,0,1,0.022428,1,0,1,124.627791515018,1,4.85853928470953,516,1,13.2180004119873,35.6150016784668,0.0224280003458261,0.0074228192679584,120.177696228027,-86.4508,26.1288,127.027804023322,63,63,63,63,61,63,0,8047,1.25895569026649,26,-86,0.001869,51,2025-12-29 10:29:03.001115,516,1.037,0.0011,"aoml_navis",1029.11589409921
"7901009",97,0,1,0.022428,1,0,1,124.528552482738,1,4.85849383232729,518,1,13.2069997787476,35.6129989624023,0.0224280003458261,0.0074228192679584,120.082000732422,-86.4508,26.1288,127.027804023322,63,63,63,63,61,63,0,8047,1.25895569026649,26,-86,0.001869,51,2025-12-29 10:29:03.001115,518,1.037,0.0011,"aoml_navis",1029.12552172675
"7901009",97,0,1,0.026166,1,0.003738,1,124.32446487709,1,4.85844874870437,520,1,13.1999998092651,35.6119995117188,0.0261659994721413,0.0103919459506869,119.885200500488,-86.4508,26.1288,127.027804023322,63,63,63,63,61,63,0,8047,1.25895569026649,26,-86,0.001869,51,2025-12-29 10:29:03.001115,520,1.037,0.0011,"aoml_navis",1029.13507142241
"7901009",97,0,1,0.020559,1,-0.001869,1,124.13499847304,1,4.85838949465703,522,1,13.1680002212524,35.6080017089844,0.020558999851346,0.00593825522810221,119.702499389648,-86.4508,26.1288,127.027804023322,63,63,63,63,61,63,0,8047,1.25895569026649,26,-86,0.001869,51,2025-12-29 10:29:03.001115,522,1.037,0.0011,"aoml_navis",1029.14762299291
"7901009",97,0,1,0.01869,1,-0.003738,1,123.756587850712,1,4.85834532628704,524,1,13.1510000228882,35.6040000915527,0.0186899993568659,0.00445369118824601,119.337600708008,-86.4508,26.1288,127.027804023322,63,63,63,63,61,63,0,8047,1.25895569026649,26,-86,0.001869,51,2025-12-29 10:29:03.001115,524,1.037,0.0011,"aoml_navis",1029.15697921811
"7901009",97,0,1,0.022428,1,0,1,123.277268784017,1,4.85826197594578,526,1,13.0729999542236,35.5940017700195,0.0224280003458261,0.0074228192679584,118.875396728516,-86.4508,26.1288,127.027804023322,63,63,63,63,61,63,0,8047,1.25895569026649,26,-86,0.001869,51,2025-12-29 10:29:03.001115,526,1.037,0.0011,"aoml_navis",1029.17463585867
"7901009",97,0,1,0.01869,1,-0.003738,1,122.982653154185,1,4.8581908484543,528,1,13.0069999694824,35.5839996337891,0.0186899993568659,0.00445369118824601,118.591300964355,-86.4508,26.1288,127.027804023322,63,63,63,63,61,63,0,8047,1.25895569026649,26,-86,0.001869,51,2025-12-29 10:29:03.001115,528,1.037,0.0011,"aoml_navis",1029.18970373319
"7901009",97,0,1,0.022428,1,0,1,122.392377522977,1,4.85814910188211,530,1,12.996000289917,35.5810012817383,0.0224280003458261,0.0074228192679584,118.022102355957,-86.4508,26.1288,127.027804023322,63,63,63,63,61,63,0,8047,1.25895569026649,26,-86,0.001869,51,2025-12-29 10:29:03.001115,530,1.037,0.0011,"aoml_navis",1029.1985476656
"7901009",97,0,1,0.020559,1,-0.001869,1,121.709073705406,1,4.85809572794952,532,1,12.9549999237061,35.5730018615723,0.020558999851346,0.00593825522810221,117.36319732666,-86.4508,26.1288,127.027804023322,63,63,63,63,61,63,0,8047,1.25895569026649,26,-86,0.001869,51,2025-12-29 10:29:03.001115,532,1.037,0.0011,"aoml_navis",1029.20985505371
"7901009",97,0,1,0.024297,1,0.001869,1,121.56658819697,1,4.85801998338796,534,1,12.8730001449585,35.560001373291,0.0242970008403063,0.00890738237649202,117.225799560547,-86.4508,26.1288,127.027804023322,63,63,63,63,61,63,0,8047,1.25895569026649,26,-86,0.001869,51,2025-12-29 10:29:03.001115,534,1.037,0.0011,"aoml_navis",1029.22590213658
"7901009",97,0,1,0.020559,1,-0.001869,1,121.632644697049,1,4.85795921787936,536,1,12.8280000686646,35.5530014038086,0.020558999851346,0.00593825522810221,117.289497375488,-86.4508,26.1288,127.027804023322,63,63,63,63,61,63,0,8047,1.25895569026649,26,-86,0.001869,51,2025-12-29 10:29:03.001115,536,1.037,0.0011,"aoml_navis",1029.23877615067
"7901009",97,0,1,0.020559,1,-0.001869,1,121.6474795201,1,4.85789824245111,538,1,12.7790002822876,35.5449981689453,0.020558999851346,0.00593825522810221,117.303802490234,-86.4508,26.1288,127.027804023322,63,63,63,63,61,63,0,8047,1.25895569026649,26,-86,0.001869,51,2025-12-29 10:29:03.001115,538,1.037,0.0011,"aoml_navis",1029.25169496288
"7901009",97,0,1,0.020559,1,-0.001869,1,121.577577833886,1,4.85782957562874,540,1,12.7110004425049,35.5340003967285,0.020558999851346,0.00593825522810221,117.236396789551,-86.4508,26.1288,127.027804023322,63,63,63,63,61,63,0,8047,1.25895569026649,26,-86,0.001869,51,2025-12-29 10:29:03.001115,540,1.037,0.0011,"aoml_navis",1029.26624373249
"7901009",97,0,1,0.020559,1,-0.001869,1,121.433953011039,1,4.85776798473172,542,1,12.6499996185303,35.5229988098145,0.020558999851346,0.00593825522810221,117.097900390625,-86.4508,26.1288,127.027804023322,63,63,63,63,61,63,0,8047,1.25895569026649,26,-86,0.001869,51,2025-12-29 10:29:03.001115,542,1.037,0.0011,"aoml_navis",1029.27929364171
"7901009",97,0,1,0.026166,1,0.003738,1,121.266576647499,1,4.85771432298196,544,1,12.6230001449585,35.5190010070801,0.0261659994721413,0.0103919459506869,116.936500549316,-86.4508,26.1288,127.027804023322,63,63,63,63,61,63,0,8047,1.25895569026649,26,-86,0.001869,51,2025-12-29 10:29:03.001115,544,1.037,0.0011,"aoml_navis",1029.29066378912
"7901009",97,0,1,0.026166,1,0.003738,1,121.057615307985,1,4.85766282088621,546,1,12.5869998931885,35.5120010375977,0.0261659994721413,0.0103919459506869,116.735000610352,-86.4508,26.1288,127.027804023322,63,63,63,63,61,63,0,8047,1.25895569026649,26,-86,0.001869,51,2025-12-29 10:29:03.001115,546,1.037,0.0011,"aoml_navis",1029.30157657337
"7901009",97,0,1,0.026166,1,0.003738,1,120.98398711422,1,4.85758521068684,548,1,12.5129995346069,35.5019989013672,0.0261659994721413,0.0103919459506869,116.664001464844,-86.4508,26.1288,127.027804023322,63,63,63,63,61,63,0,8047,1.25895569026649,26,-86,0.001869,51,2025-12-29 10:29:03.001115,548,1.037,0.0011,"aoml_navis",1029.31802184341
"7901009",97,0,1,0.022428,1,0,1,120.867943194389,1,4.85753338744402,550,1,12.4840002059937,35.4970016479492,0.0224280003458261,0.0074228192679584,116.552101135254,-86.4508,26.1288,127.027804023322,63,63,63,63,61,63,0,8047,1.25895569026649,26,-86,0.001869,51,2025-12-29 10:29:03.001115,550,1.037,0.0011,"aoml_navis",1029.32900326002
"7901009",97,0,1,0.022428,1,0,1,120.647161467867,1,4.85749430198696,552,1,12.4829998016357,35.4959983825684,0.0224280003458261,0.0074228192679584,116.339202880859,-86.4508,26.1288,127.027804023322,63,63,63,63,61,63,0,8047,1.25895569026649,26,-86,0.001869,51,2025-12-29 10:29:03.001115,552,1.037,0.0011,"aoml_navis",1029.33728567726
"7901009",97,0,1,0.022428,1,0,1,120.236699715844,1,4.85745007896528,554,1,12.4729995727539,35.4939994812012,0.0224280003458261,0.0074228192679584,115.943397521973,-86.4508,26.1288,127.027804023322,63,63,63,63,61,63,0,8047,1.25895569026649,26,-86,0.001869,51,2025-12-29 10:29:03.001115,554,1.037,0.0011,"aoml_navis",1029.34665693262
"7901009",97,0,1,0.020559,1,-0.001869,1,119.942084086011,1,4.85737958817536,556,1,12.4060001373291,35.484001159668,0.020558999851346,0.00593825522810221,115.659301757812,-86.4508,26.1288,127.027804023322,63,63,63,63,61,63,0,8047,1.25895569026649,26,-86,0.001869,51,2025-12-29 10:29:03.001115,556,1.037,0.0011,"aoml_navis",1029.3615949167
"7901009",97,0,1,0.024297,1,0.001869,1,119.445762334124,1,4.85731579142025,558,1,12.3570003509521,35.4770011901855,0.0242970008403063,0.00890738237649202,115.180702209473,-86.4508,26.1288,127.027804023322,63,63,63,63,61,63,0,8047,1.25895569026649,26,-86,0.001869,51,2025-12-29 10:29:03.001115,558,1.037,0.0011,"aoml_navis",1029.37511471496
"7901009",97,0,1,0.020559,1,-0.001869,1,118.676804226236,1,4.85724361235435,560,1,12.3030004501343,35.4710006713867,0.020558999851346,0.00593825522810221,114.43920135498,-86.4508,26.1288,127.027804023322,63,63,63,63,61,63,0,8047,1.25895569026649,26,-86,0.001869,51,2025-12-29 10:29:03.001115,560,1.037,0.0011,"aoml_navis",1029.39041131941
"7901009",97,0,1,0.020559,1,-0.001869,1,117.529332641247,1,4.85719268210975,562,1,12.28600025177,35.4690017700195,0.020558999851346,0.00593825522810221,113.332702636719,-86.4508,26.1288,127.027804023322,63,63,63,63,61,63,0,8047,1.25895569026649,26,-86,0.001869,51,2025-12-29 10:29:03.001115,562,1.037,0.0011,"aoml_navis",1029.40120502451
"7901009",97,0,1,0.024297,1,0.001869,1,116.292053015485,1,4.85713557248471,564,1,12.2889995574951,35.4739990234375,0.0242970008403063,0.00890738237649202,112.139602661133,-86.4508,26.1288,127.027804023322,63,63,63,63,61,63,0,8047,1.25895569026649,26,-86,0.001869,51,2025-12-29 10:29:03.001115,564,1.037,0.0011,"aoml_navis",1029.41330860201
"7901009",97,0,1,0.026166,1,0.003738,1,115.66111810126,1,4.85708209957381,566,1,12.2919998168945,35.4780006408691,0.0261659994721413,0.0103919459506869,111.531196594238,-86.4508,26.1288,127.027804023322,63,63,63,63,61,63,0,8047,1.25895569026649,26,-86,0.001869,51,2025-12-29 10:29:03.001115,566,1.037,0.0011,"aoml_navis",1029.42464168739
"7901009",97,0,1,0.024297,1,0.001869,1,115.930439368803,1,4.8570386107635,568,1,12.293999671936,35.4790000915527,0.0242970008403063,0.00890738237649202,111.790901184082,-86.4508,26.1288,127.027804023322,63,63,63,63,61,63,0,8047,1.25895569026649,26,-86,0.001869,51,2025-12-29 10:29:03.001115,568,1.037,0.0011,"aoml_navis",1029.43385891965
"7901009",97,0,1,0.026166,1,0.003738,1,116.781428114232,1,4.85699832057786,570,1,12.2880001068115,35.4770011901855,0.0261659994721413,0.0103919459506869,112.611503601074,-86.4508,26.1288,127.027804023322,63,63,63,63,61,63,0,8047,1.25895569026649,26,-86,0.001869,51,2025-12-29 10:29:03.001115,570,1.037,0.0011,"aoml_navis",1029.44239836697
"7901009",97,0,1,0.022428,1,0,1,117.973902618428,1,4.85693678223592,572,1,12.2259998321533,35.4659996032715,0.0224280003458261,0.0074228192679584,113.76139831543,-86.4508,26.1288,127.027804023322,63,63,63,63,61,63,0,8047,1.25895569026649,26,-86,0.001869,51,2025-12-29 10:29:03.001115,572,1.037,0.0011,"aoml_navis",1029.45544160413
"7901009",97,0,1,0.022428,1,0,1,118.532862927164,1,4.85687291160692,574,1,12.168999671936,35.4570007324219,0.0224280003458261,0.0074228192679584,114.300399780273,-86.4508,26.1288,127.027804023322,63,63,63,63,61,63,0,8047,1.25895569026649,26,-86,0.001869,51,2025-12-29 10:29:03.001115,574,1.037,0.0011,"aoml_navis",1029.46897952611
"7901009",97,0,1,0.024297,1,0.001869,1,118.670996887506,1,4.85682224294523,576,1,12.1370000839233,35.451000213623,0.0242970008403063,0.00890738237649202,114.433601379395,-86.4508,26.1288,127.027804023322,63,63,63,63,61,63,0,8047,1.25895569026649,26,-86,0.001869,51,2025-12-29 10:29:03.001115,576,1.037,0.0011,"aoml_navis",1029.47971943234
"7901009",97,0,1,0.024297,1,0.001869,1,118.738089847223,1,4.85676433148796,578,1,12.0860004425049,35.4420013427734,0.0242970008403063,0.00890738237649202,114.49829864502,-86.4508,26.1288,127.027804023322,63,63,63,63,61,63,0,8047,1.25895569026649,26,-86,0.001869,51,2025-12-29 10:29:03.001115,578,1.037,0.0011,"aoml_navis",1029.4919948212
"7901009",97,0,1,0.026166,1,0.003738,1,118.409144458875,1,4.85671150325663,580,1,12.043999671936,35.4339981079102,0.0261659994721413,0.0103919459506869,114.181098937988,-86.4508,26.1288,127.027804023322,63,63,63,63,61,63,0,8047,1.25895569026649,26,-86,0.001869,51,2025-12-29 10:29:03.001115,580,1.037,0.0011,"aoml_navis",1029.50319298301
"7901009",97,0,1,0.020559,1,-0.001869,1,117.88244098938,1,4.85665620333287,582,1,12.0069999694824,35.4280014038086,0.020558999851346,0.00593825522810221,113.673202514648,-86.4508,26.1288,127.027804023322,63,63,63,63,61,63,0,8047,1.25895569026649,26,-86,0.001869,51,2025-12-29 10:29:03.001115,582,1.037,0.0011,"aoml_navis",1029.514915338
"7901009",97,0,1,0.026166,1,0.003738,1,117.467524834488,1,4.85659111980696,584,1,11.9519996643066,35.4199981689453,0.0261659994721413,0.0103919459506869,113.273101806641,-86.4508,26.1288,127.027804023322,63,63,63,63,61,63,0,8047,1.25895569026649,26,-86,0.001869,51,2025-12-29 10:29:03.001115,584,1.037,0.0011,"aoml_navis",1029.52871194121
"7901009",97,0,1,0.028035,1,0.005607,1,117.305433623908,1,4.85653755722832,586,1,11.9090003967285,35.4119987487793,0.0280349999666214,0.0118765104562044,113.116798400879,-86.4508,26.1288,127.027804023322,63,63,63,63,61,63,0,8047,1.25895569026649,26,-86,0.001869,51,2025-12-29 10:29:03.001115,586,1.037,0.0011,"aoml_navis",1029.54006657648
"7901009",97,0,1,0.026166,1,0.003738,1,117.239788542921,1,4.85647188226983,588,1,11.8570003509521,35.4049987792969,0.0261659994721413,0.0103919459506869,113.053497314453,-86.4508,26.1288,127.027804023322,63,63,63,63,61,63,0,8047,1.25895569026649,26,-86,0.001869,51,2025-12-29 10:29:03.001115,588,1.037,0.0011,"aoml_navis",1029.55398923531
"7901009",97,0,1,0.024297,1,0.001869,1,117.141791679825,1,4.85641294541218,590,1,11.8120002746582,35.3979988098145,0.0242970008403063,0.00890738237649202,112.958999633789,-86.4508,26.1288,127.027804023322,63,63,63,63,61,63,0,8047,1.25895569026649,26,-86,0.001869,51,2025-12-29 10:29:03.001115,590,1.037,0.0011,"aoml_navis",1029.56648378171
"7901009",97,0,1,0.024297,1,0.001869,1,117.135050736231,1,4.85634262555245,592,1,11.7510004043579,35.3899993896484,0.0242970008403063,0.00890738237649202,112.952499389648,-86.4508,26.1288,127.027804023322,63,63,63,63,61,63,0,8047,1.25895569026649,26,-86,0.001869,51,2025-12-29 10:29:03.001115,592,1.037,0.0011,"aoml_navis",1029.58139190832
"7901009",97,0,1,0.026166,1,0.003738,1,117.002004131207,1,4.85628871944843,594,1,11.7150001525879,35.3839988708496,0.0261659994721413,0.0103919459506869,112.824203491211,-86.4508,26.1288,127.027804023322,63,63,63,63,61,63,0,8047,1.25895569026649,26,-86,0.001869,51,2025-12-29 10:29:03.001115,594,1.037,0.0011,"aoml_navis",1029.59282053722
"7901009",97,0,1,0.024297,1,0.001869,1,116.753736444537,1,4.85623474843692,596,1,11.6750001907349,35.3769989013672,0.0242970008403063,0.00890738237649202,112.584800720215,-86.4508,26.1288,127.027804023322,63,63,63,63,61,63,0,8047,1.25895569026649,26,-86,0.001869,51,2025-12-29 10:29:03.001115,596,1.037,0.0011,"aoml_navis",1029.60426318134
"7901009",97,0,1,0.024297,1,0.001869,1,116.487215991586,1,4.85616665109967,598,1,11.6160001754761,35.3689994812012,0.0242970008403063,0.00890738237649202,112.327796936035,-86.4508,26.1288,127.027804023322,63,63,63,63,61,63,0,8047,1.25895569026649,26,-86,0.001869,51,2025-12-29 10:29:03.001115,598,1.037,0.0011,"aoml_navis",1029.61870117611
"7901009",97,0,1,0.028035,1,0.005607,1,116.306254886085,1,4.8561089971707,600,1,11.5679998397827,35.3610000610352,0.0280349999666214,0.0118765104562044,112.153297424316,-86.4508,26.1288,127.027804023322,63,63,63,63,61,63,0,8047,1.25895569026649,26,-86,0.001869,51,2025-12-29 10:29:03.001115,600,1.037,0.0011,"aoml_navis",1029.63092527642
"7901009",97,0,1,0.028035,1,0.005607,1,116.102380901889,1,4.85605647657769,602,1,11.5410003662109,35.3569984436035,0.0280349999666214,0.0118765104562044,111.956703186035,-86.4508,26.1288,127.027804023322,63,63,63,63,61,63,0,8047,1.25895569026649,26,-86,0.001869,51,2025-12-29 10:29:03.001115,602,1.037,0.0011,"aoml_navis",1029.64206123149
"7901009",97,0,1,0.026166,1,0.003738,1,115.860229118269,1,4.85600481476369,604,1,11.5109996795654,35.3520011901855,0.0261659994721413,0.0103919459506869,111.723197937012,-86.4508,26.1288,127.027804023322,63,63,63,63,61,63,0,8047,1.25895569026649,26,-86,0.001869,51,2025-12-29 10:29:03.001115,604,1.037,0.0011,"aoml_navis",1029.65301533444
"7901009",97,0,1,0.024297,1,0.001869,1,115.785873029186,1,4.8559399881555,606,1,11.4589996337891,35.3450012207031,0.0242970008403063,0.00890738237649202,111.651496887207,-86.4508,26.1288,127.027804023322,63,63,63,63,61,63,0,8047,1.25895569026649,26,-86,0.001869,51,2025-12-29 10:29:03.001115,606,1.037,0.0011,"aoml_navis",1029.66676116177
"7901009",97,0,1,0.024297,1,0.001869,1,115.821136392566,1,4.85588364277407,608,1,11.4160003662109,35.3380012512207,0.0242970008403063,0.00890738237649202,111.685501098633,-86.4508,26.1288,127.027804023322,63,63,63,63,61,63,0,8047,1.25895569026649,26,-86,0.001869,51,2025-12-29 10:29:03.001115,608,1.037,0.0011,"aoml_navis",1029.67870892878
"7901009",97,0,1,0.028035,1,0.005607,1,115.883047054097,1,4.85582001038947,610,1,11.3690004348755,35.3320007324219,0.0280349999666214,0.0118765104562044,111.74520111084,-86.4508,26.1288,127.027804023322,63,63,63,63,61,63,0,8047,1.25895569026649,26,-86,0.001869,51,2025-12-29 10:29:03.001115,610,1.037,0.0011,"aoml_navis",1029.69220220314
"7901009",97,0,1,0.028035,1,0.005607,1,115.704673141736,1,4.85577036324454,612,1,11.3369998931885,35.326000213623,0.0280349999666214,0.0118765104562044,111.573196411133,-86.4508,26.1288,127.027804023322,63,63,63,63,61,63,0,8047,1.25895569026649,26,-86,0.001869,51,2025-12-29 10:29:03.001115,612,1.037,0.0011,"aoml_navis",1029.70273014704
"7901009",97,0,1,0.022428,1,0,1,115.532842375329,1,4.85571890687373,614,1,11.3030004501343,35.3199996948242,0.0224280003458261,0.0074228192679584,111.407501220703,-86.4508,26.1288,127.027804023322,63,63,63,63,61,63,0,8047,1.25895569026649,26,-86,0.001869,51,2025-12-29 10:29:03.001115,614,1.037,0.0011,"aoml_navis",1029.71364197422
"7901009",97,0,1,0.024297,1,0.001869,1,115.335701422821,1,4.85564517859541,616,1,11.2290000915527,35.310001373291,0.0242970008403063,0.00890738237649202,111.217399597168,-86.4508,26.1288,127.027804023322,63,63,63,63,61,63,0,8047,1.25895569026649,26,-86,0.001869,51,2025-12-29 10:29:03.001115,616,1.037,0.0011,"aoml_navis",1029.72927718049
"7901009",97,0,1,0.029904,1,0.007476,1,115.090756736515,1,4.85557716441121,618,1,11.1529998779297,35.2980003356934,0.0299040004611015,0.0133610740303993,110.981201171875,-86.4508,26.1288,127.027804023322,63,63,63,63,61,63,0,8047,1.25895569026649,26,-86,0.001869,51,2025-12-29 10:29:03.001115,618,1.037,0.0011,"aoml_navis",1029.74370104698
"7901009",97,0,1,0.024297,1,0.001869,1,115.055604139814,1,4.85549750714173,620,1,11.0640001296997,35.2859992980957,0.0242970008403063,0.00890738237649202,110.947303771973,-86.4508,26.1288,127.027804023322,63,63,63,63,61,63,0,8047,1.25895569026649,26,-86,0.001869,51,2025-12-29 10:29:03.001115,620,1.037,0.0011,"aoml_navis",1029.76059459319
"7901009",97,0,1,0.026166,1,0.003738,1,114.981350905505,1,4.85544825008095,622,1,11.039999961853,35.2820014953613,0.0261659994721413,0.0103919459506869,110.875701904297,-86.4508,26.1288,127.027804023322,63,63,63,63,61,63,0,8047,1.25895569026649,26,-86,0.001869,51,2025-12-29 10:29:03.001115,622,1.037,0.0011,"aoml_navis",1029.77104120441
"7901009",97,0,1,0.024297,1,0.001869,1,114.887705590504,1,4.85539629198071,624,1,11.0089998245239,35.2770004272461,0.0242970008403063,0.00890738237649202,110.785400390625,-86.4508,26.1288,127.027804023322,63,63,63,63,61,63,0,8047,1.25895569026649,26,-86,0.001869,51,2025-12-29 10:29:03.001115,624,1.037,0.0011,"aoml_navis",1029.78206089133
"7901009",97,0,1,0.022428,1,0,1,114.771970234992,1,4.85532346466796,626,1,10.9429998397827,35.2690010070801,0.0224280003458261,0.0074228192679584,110.673797607422,-86.4508,26.1288,127.027804023322,63,63,63,63,61,63,0,8047,1.25895569026649,26,-86,0.001869,51,2025-12-29 10:29:03.001115,626,1.037,0.0011,"aoml_navis",1029.79750708369
"7901009",97,0,1,0.022428,1,0,1,114.660910815706,1,4.85526624327688,628,1,10.8940000534058,35.2610015869141,0.0224280003458261,0.0074228192679584,110.566703796387,-86.4508,26.1288,127.027804023322,63,63,63,63,61,63,0,8047,1.25895569026649,26,-86,0.001869,51,2025-12-29 10:29:03.001115,628,1.037,0.0011,"aoml_navis",1029.80964368814
"7901009",97,0,1,0.026166,1,0.003738,1,114.582717452394,1,4.85520290226292,630,1,10.826000213623,35.25,0.0261659994721413,0.0103919459506869,110.491302490234,-86.4508,26.1288,127.027804023322,63,63,63,63,61,63,0,8047,1.25895569026649,26,-86,0.001869,51,2025-12-29 10:29:03.001115,630,1.037,0.0011,"aoml_navis",1029.82307859257
"7901009",97,0,1,0.028035,1,0.005607,1,114.660388629934,1,4.8551316504209,632,1,10.7489995956421,35.2389984130859,0.0280349999666214,0.0118765104562044,110.566200256348,-86.4508,26.1288,127.027804023322,63,63,63,63,61,63,0,8047,1.25895569026649,26,-86,0.001869,51,2025-12-29 10:29:03.001115,632,1.037,0.0011,"aoml_navis",1029.83819183699
"7901009",97,0,1,0.024297,1,0.001869,1,114.668893928483,1,4.85507560310964,634,1,10.7089996337891,35.2330017089844,0.0242970008403063,0.00890738237649202,110.574401855469,-86.4508,26.1288,127.027804023322,63,63,63,63,61,63,0,8047,1.25895569026649,26,-86,0.001869,51,2025-12-29 10:29:03.001115,634,1.037,0.0011,"aoml_navis",1029.85008035664
"7901009",97,0,1,0.029904,1,0.007476,1,114.659557879844,1,4.8550126016287,636,1,10.6529998779297,35.2249984741211,0.0299040004611015,0.0133610740303993,110.565399169922,-86.4508,26.1288,127.027804023322,63,63,63,63,61,63,0,8047,1.25895569026649,26,-86,0.001869,51,2025-12-29 10:29:03.001115,636,1.037,0.0011,"aoml_navis",1029.86344429315
"7901009",97,0,1,0.029904,1,0.007476,1,114.63269696024,1,4.85495477614076,638,1,10.6190004348755,35.2210006713867,0.0299040004611015,0.0133610740303993,110.539497375488,-86.4508,26.1288,127.027804023322,63,63,63,63,61,63,0,8047,1.25895569026649,26,-86,0.001869,51,2025-12-29 10:29:03.001115,638,1.037,0.0011,"aoml_navis",1029.87571059818
"7901009",97,0,1,0.026166,1,0.003738,1,114.485859903708,1,4.85491563243238,640,1,10.6140003204346,35.2190017700195,0.0261659994721413,0.0103919459506869,110.397903442383,-86.4508,26.1288,127.027804023322,63,63,63,63,61,63,0,8047,1.25895569026649,26,-86,0.001869,51,2025-12-29 10:29:03.001115,640,1.037,0.0011,"aoml_navis",1029.88401417285
"7901009",97,0,1,0.029904,1,0.007476,1,114.277832169058,1,4.85486479501759,642,1,10.6000003814697,35.2179985046387,0.0299040004611015,0.0133610740303993,110.197303771973,-86.4508,26.1288,127.027804023322,63,63,63,63,61,63,0,8047,1.25895569026649,26,-86,0.001869,51,2025-12-29 10:29:03.001115,642,1.037,0.0011,"aoml_navis",1029.89479853926
"7901009",97,0,1,0.026166,1,0.003738,1,113.990574611458,1,4.8548070351123,644,1,10.5659999847412,35.2140007019043,0.0261659994721413,0.0103919459506869,109.920303344727,-86.4508,26.1288,127.027804023322,63,63,63,63,61,63,0,8047,1.25895569026649,26,-86,0.001869,51,2025-12-29 10:29:03.001115,644,1.037,0.0011,"aoml_navis",1029.90705167839
"7901009",97,0,1,0.024297,1,0.001869,1,113.598674190036,1,4.85475856482729,646,1,10.5710000991821,35.2169990539551,0.0242970008403063,0.00890738237649202,109.54239654541,-86.4508,26.1288,127.027804023322,63,63,63,63,61,63,0,8047,1.25895569026649,26,-86,0.001869,51,2025-12-29 10:29:03.001115,646,1.037,0.0011,"aoml_navis",1029.91733435005
"7901009",97,0,1,0.024297,1,0.001869,1,113.404753383118,1,4.85470789762429,648,1,10.548999786377,35.2140007019043,0.0242970008403063,0.00890738237649202,109.355400085449,-86.4508,26.1288,127.027804023322,63,63,63,63,61,63,0,8047,1.25895569026649,26,-86,0.001869,51,2025-12-29 10:29:03.001115,648,1.037,0.0011,"aoml_navis",1029.9280833038
"7901009",97,0,1,0.026166,1,0.003738,1,113.234370495441,1,4.85465637072209,650,1,10.5260000228882,35.2109985351562,0.0261659994721413,0.0103919459506869,109.191101074219,-86.4508,26.1288,127.027804023322,63,63,63,63,61,63,0,8047,1.25895569026649,26,-86,0.001869,51,2025-12-29 10:29:03.001115,650,1.037,0.0011,"aoml_navis",1029.93901487126
"7901009",97,0,1,0.024297,1,0.001869,1,113.137924365848,1,4.85458348318523,652,1,10.4420003890991,35.1990013122559,0.0242970008403063,0.00890738237649202,109.098098754883,-86.4508,26.1288,127.027804023322,63,63,63,63,61,63,0,8047,1.25895569026649,26,-86,0.001869,51,2025-12-29 10:29:03.001115,652,1.037,0.0011,"aoml_navis",1029.95447854969
"7901009",97,0,1,0.028035,1,0.005607,1,113.09239926087,1,4.85453027688568,654,1,10.4169998168945,35.1959991455078,0.0280349999666214,0.0118765104562044,109.05419921875,-86.4508,26.1288,127.027804023322,63,63,63,63,61,63,0,8047,1.25895569026649,26,-86,0.001869,51,2025-12-29 10:29:03.001115,654,1.037,0.0011,"aoml_navis",1029.9657669882
"7901009",97,0,1,0.028035,1,0.005607,1,112.871617534348,1,4.85447234412037,656,1,10.3660001754761,35.1879997253418,0.0280349999666214,0.0118765104562044,108.841300964355,-86.4508,26.1288,127.027804023322,63,63,63,63,61,63,0,8047,1.25895569026649,26,-86,0.001869,51,2025-12-29 10:29:03.001115,656,1.037,0.0011,"aoml_navis",1029.97805849196
"7901009",97,0,1,0.028035,1,0.005607,1,112.146523031256,1,4.85440733433955,658,1,10.3109998703003,35.1809997558594,0.0280349999666214,0.0118765104562044,108.142097473145,-86.4508,26.1288,127.027804023322,63,63,63,63,61,63,0,8047,1.25895569026649,26,-86,0.001869,51,2025-12-29 10:29:03.001115,658,1.037,0.0011,"aoml_navis",1029.99185186429
"7901009",97,0,1,0.024297,1,0.001869,1,111.509274416341,1,4.85434843803389,660,1,10.2959995269775,35.181999206543,0.0242970008403063,0.00890738237649202,107.527603149414,-86.4508,26.1288,127.027804023322,63,63,63,63,61,63,0,8047,1.25895569026649,26,-86,0.001869,51,2025-12-29 10:29:03.001115,660,1.037,0.0011,"aoml_navis",1030.00434843633
"7901009",97,0,1,0.026166,1,0.003738,1,111.284647503685,1,4.85428419285513,662,1,10.25,35.1769981384277,0.0261659994721413,0.0103919459506869,107.310997009277,-86.4508,26.1288,127.027804023322,63,63,63,63,61,63,0,8047,1.25895569026649,26,-86,0.001869,51,2025-12-29 10:29:03.001115,662,1.037,0.0011,"aoml_navis",1030.01798027387
"7901009",97,0,1,0.028035,1,0.005607,1,110.79050943775,1,4.8542148981332,664,1,10.1940002441406,35.1710014343262,0.0280349999666214,0.0118765104562044,106.834503173828,-86.4508,26.1288,127.027804023322,63,63,63,63,61,63,0,8047,1.25895569026649,26,-86,0.001869,51,2025-12-29 10:29:03.001115,664,1.037,0.0011,"aoml_navis",1030.03268395119
"7901009",97,0,1,0.029904,1,0.007476,1,109.955384063104,1,4.85416279065347,666,1,10.1949996948242,35.173999786377,0.0299040004611015,0.0133610740303993,106.029197692871,-86.4508,26.1288,127.027804023322,63,63,63,63,61,63,0,8047,1.25895569026649,26,-86,0.001869,51,2025-12-29 10:29:03.001115,666,1.037,0.0011,"aoml_navis",1030.04374093661
"7901009",97,0,1,0.029904,1,0.007476,1,109.580810715005,1,4.85410761069618,668,1,10.2049999237061,35.1800003051758,0.0299040004611015,0.0133610740303993,105.667999267578,-86.4508,26.1288,127.027804023322,63,63,63,63,61,63,0,8047,1.25895569026649,26,-86,0.001869,51,2025-12-29 10:29:03.001115,668,1.037,0.0011,"aoml_navis",1030.05545014749
"7901009",97,0,1,0.031773,1,0.009345,1,109.754516603045,1,4.85405565427764,670,1,10.1770000457764,35.1759986877441,0.0317730009555817,0.0148456385359168,105.835502624512,-86.4508,26.1288,127.027804023322,63,63,63,63,61,63,0,8047,1.25895569026649,26,-86,0.001869,51,2025-12-29 10:29:03.001115,670,1.037,0.0011,"aoml_navis",1030.06647556539
"7901009",97,0,1,0.028035,1,0.005607,1,110.329237427791,1,4.85397210269227,672,1,10.0710000991821,35.1619987487793,0.0280349999666214,0.0118765104562044,106.389701843262,-86.4508,26.1288,127.027804023322,63,63,63,63,61,63,0,8047,1.25895569026649,26,-86,0.001869,51,2025-12-29 10:29:03.001115,672,1.037,0.0011,"aoml_navis",1030.08420613434
"7901009",97,0,1,0.022428,1,0,1,110.925628962048,1,4.85390313180023,674,1,9.97700023651123,35.1469993591309,0.0224280003458261,0.0074228192679584,106.964797973633,-86.4508,26.1288,127.027804023322,63,63,63,63,61,63,0,8047,1.25895569026649,26,-86,0.001869,51,2025-12-29 10:29:03.001115,674,1.037,0.0011,"aoml_navis",1030.09884297909
"7901009",97,0,1,0.031773,1,0.009345,1,111.35796713313,1,4.85384779639257,676,1,9.91100025177002,35.1349983215332,0.0317730009555817,0.0148456385359168,107.381698608398,-86.4508,26.1288,127.027804023322,63,63,63,63,61,63,0,8047,1.25895569026649,26,-86,0.001869,51,2025-12-29 10:29:03.001115,676,1.037,0.0011,"aoml_navis",1030.11058643332
"7901009",97,0,1,0.028035,1,0.005607,1,111.118418366461,1,4.85378811848692,678,1,9.8439998626709,35.1240005493164,0.0280349999666214,0.0118765104562044,107.150703430176,-86.4508,26.1288,127.027804023322,63,63,63,63,61,63,0,8047,1.25895569026649,26,-86,0.001869,51,2025-12-29 10:29:03.001115,678,1.037,0.0011,"aoml_navis",1030.12325176622
"7901009",97,0,1,0.028035,1,0.005607,1,110.364390024491,1,4.85372194199512,680,1,9.79899978637695,35.1199989318848,0.0280349999666214,0.0118765104562044,106.423599243164,-86.4508,26.1288,127.027804023322,63,63,63,63,61,63,0,8047,1.25895569026649,26,-86,0.001869,51,2025-12-29 10:29:03.001115,680,1.037,0.0011,"aoml_navis",1030.13729664636
"7901009",97,0,1,0.026166,1,0.003738,1,109.929670369816,1,4.85365128099091,682,1,9.77000045776367,35.1209983825684,0.0261659994721413,0.0103919459506869,106.004402160645,-86.4508,26.1288,127.027804023322,63,63,63,63,61,63,0,8047,1.25895569026649,26,-86,0.001869,51,2025-12-29 10:29:03.001115,682,1.037,0.0011,"aoml_navis",1030.15229371386
"7901009",97,0,1,0.033642,1,0.011214,1,109.740409675312,1,4.85357112673564,684,1,9.69999980926514,35.1150016784668,0.0336420014500618,0.0163302011787891,105.821899414062,-86.4508,26.1288,127.027804023322,63,63,63,63,61,63,0,8047,1.25895569026649,26,-86,0.001869,51,2025-12-29 10:29:03.001115,684,1.037,0.0011,"aoml_navis",1030.16930615434
"7901009",97,0,1,0.024297,1,0.001869,1,109.595534771376,1,4.85351670020254,686,1,9.67700004577637,35.1129989624023,0.0242970008403063,0.00890738237649202,105.682197570801,-86.4508,26.1288,127.027804023322,63,63,63,63,61,63,0,8047,1.25895569026649,26,-86,0.001869,51,2025-12-29 10:29:03.001115,686,1.037,0.0011,"aoml_navis",1030.18085830246
"7901009",97,0,1,0.028035,1,0.005607,1,109.446830505117,1,4.85346569645727,688,1,9.65799999237061,35.1110000610352,0.0280349999666214,0.0118765104562044,105.538803100586,-86.4508,26.1288,127.027804023322,63,63,63,63,61,63,0,8047,1.25895569026649,26,-86,0.001869,51,2025-12-29 10:29:03.001115,688,1.037,0.0011,"aoml_navis",1030.19168419171
"7901009",97,0,1,0.029904,1,0.007476,1,109.407935577055,1,4.85340958490165,690,1,9.63300037384033,35.109001159668,0.0299040004611015,0.0133610740303993,105.50129699707,-86.4508,26.1288,127.027804023322,63,63,63,63,61,63,0,8047,1.25895569026649,26,-86,0.001869,51,2025-12-29 10:29:03.001115,690,1.037,0.0011,"aoml_navis",1030.20359451104
"7901009",97,0,1,0.028035,1,0.005607,1,109.348825730115,1,4.8533577727264,692,1,9.61299991607666,35.1069984436035,0.0280349999666214,0.0118765104562044,105.444297790527,-86.4508,26.1288,127.027804023322,63,63,63,63,61,63,0,8047,1.25895569026649,26,-86,0.001869,51,2025-12-29 10:29:03.001115,692,1.037,0.0011,"aoml_navis",1030.21459248227
"7901009",97,0,1,0.033642,1,0.011214,1,109.279137665353,1,4.85330936953703,694,1,9.59700012207031,35.1049995422363,0.0336420014500618,0.0163302011787891,105.377098083496,-86.4508,26.1288,127.027804023322,63,63,63,63,61,63,0,8047,1.25895569026649,26,-86,0.001869,51,2025-12-29 10:29:03.001115,694,1.037,0.0011,"aoml_navis",1030.22486705334
"7901009",97,0,1,0.029904,1,0.007476,1,109.250203826475,1,4.85325357014958,696,1,9.56799983978271,35.1020011901855,0.0299040004611015,0.0133610740303993,105.349197387695,-86.4508,26.1288,127.027804023322,63,63,63,63,61,63,0,8047,1.25895569026649,26,-86,0.001869,51,2025-12-29 10:29:03.001115,696,1.037,0.0011,"aoml_navis",1030.23671187366
"7901009",97,0,1,0.029904,1,0.007476,1,109.250931721792,1,4.85319494631588,698,1,9.52700042724609,35.0970001220703,0.0299040004611015,0.0133610740303993,105.349899291992,-86.4508,26.1288,127.027804023322,63,63,63,63,61,63,0,8047,1.25895569026649,26,-86,0.001869,51,2025-12-29 10:29:03.001115,698,1.037,0.0011,"aoml_navis",1030.24915654698
"7901009",97,0,1,0.028035,1,0.005607,1,109.302683496499,1,4.8531366629487,700,1,9.48200035095215,35.0909996032715,0.0280349999666214,0.0118765104562044,105.399803161621,-86.4508,26.1288,127.027804023322,63,63,63,63,61,63,0,8047,1.25895569026649,26,-86,0.001869,51,2025-12-29 10:29:03.001115,700,1.037,0.0011,"aoml_navis",1030.26152924407
"7901009",97,0,1,0.031773,1,0.009345,1,109.385742681771,1,4.85307592916171,702,1,9.43400001525879,35.0849990844727,0.0317730009555817,0.0148456385359168,105.47989654541,-86.4508,26.1288,127.027804023322,63,63,63,63,61,63,0,8047,1.25895569026649,26,-86,0.001869,51,2025-12-29 10:29:03.001115,702,1.037,0.0011,"aoml_navis",1030.27442244525
"7901009",97,0,1,0.028035,1,0.005607,1,109.525538142294,1,4.85300686712001,704,1,9.37600040435791,35.0789985656738,0.0280349999666214,0.0118765104562044,105.614700317383,-86.4508,26.1288,127.027804023322,63,63,63,63,61,63,0,8047,1.25895569026649,26,-86,0.001869,51,2025-12-29 10:29:03.001115,704,1.037,0.0011,"aoml_navis",1030.28908404723
"7901009",97,0,1,0.031773,1,0.009345,1,109.658584747318,1,4.85295162177981,706,1,9.3430004119873,35.0750007629395,0.0317730009555817,0.0148456385359168,105.74299621582,-86.4508,26.1288,127.027804023322,63,63,63,63,61,63,0,8047,1.25895569026649,26,-86,0.001869,51,2025-12-29 10:29:03.001115,706,1.037,0.0011,"aoml_navis",1030.30081271782
"7901009",97,0,1,0.026166,1,0.003738,1,109.797549457751,1,4.85289505852032,708,1,9.30399990081787,35.0699996948242,0.0261659994721413,0.0103919459506869,105.876998901367,-86.4508,26.1288,127.027804023322,63,63,63,63,61,63,0,8047,1.25895569026649,26,-86,0.001869,51,2025-12-29 10:29:03.001115,708,1.037,0.0011,"aoml_navis",1030.31282146137
"7901009",97,0,1,0.028035,1,0.005607,1,109.806466175392,1,4.85283739521991,710,1,9.26799964904785,35.0660018920898,0.0280349999666214,0.0118765104562044,105.885597229004,-86.4508,26.1288,127.027804023322,63,63,63,63,61,63,0,8047,1.25895569026649,26,-86,0.001869,51,2025-12-29 10:29:03.001115,710,1.037,0.0011,"aoml_navis",1030.32506403883
"7901009",97,0,1,0.031773,1,0.009345,1,109.780436005879,1,4.85277928071123,712,1,9.22700023651123,35.0610008239746,0.0317730009555817,0.0148456385359168,105.860496520996,-86.4508,26.1288,127.027804023322,63,63,63,63,61,63,0,8047,1.25895569026649,26,-86,0.001869,51,2025-12-29 10:29:03.001115,712,1.037,0.0011,"aoml_navis",1030.33740270734
"7901009",97,0,1,0.028035,1,0.005607,1,109.846603272638,1,4.85271289557152,714,1,9.17599964141846,35.0559997558594,0.0280349999666214,0.0118765104562044,105.924301147461,-86.4508,26.1288,127.027804023322,63,63,63,63,61,63,0,8047,1.25895569026649,26,-86,0.001869,51,2025-12-29 10:29:03.001115,714,1.037,0.0011,"aoml_navis",1030.35149772881
"7901009",97,0,1,0.028035,1,0.005607,1,109.912762627491,1,4.85265460330922,716,1,9.13899993896484,35.0519981384277,0.0280349999666214,0.0118765104562044,105.988098144531,-86.4508,26.1288,127.027804023322,63,63,63,63,61,63,0,8047,1.25895569026649,26,-86,0.001869,51,2025-12-29 10:29:03.001115,716,1.037,0.0011,"aoml_navis",1030.36387477285
"7901009",97,0,1,0.031773,1,0.009345,1,110.004746442311,1,4.85259435088491,718,1,9.10400009155273,35.048999786377,0.0317730009555817,0.0148456385359168,106.076797485352,-86.4508,26.1288,127.027804023322,63,63,63,63,61,63,0,8047,1.25895569026649,26,-86,0.001869,51,2025-12-29 10:29:03.001115,718,1.037,0.0011,"aoml_navis",1030.37666832551
"7901009",97,0,1,0.029904,1,0.007476,1,110.155737249296,1,4.85253071296259,720,1,9.05599975585938,35.0439987182617,0.0299040004611015,0.0133610740303993,106.222396850586,-86.4508,26.1288,127.027804023322,63,63,63,63,61,63,0,8047,1.25895569026649,26,-86,0.001869,51,2025-12-29 10:29:03.001115,720,1.037,0.0011,"aoml_navis",1030.39018107469
"7901009",97,0,1,0.028035,1,0.005607,1,110.193904282041,1,4.85248098104184,722,1,9.03800010681152,35.0419998168945,0.0280349999666214,0.0118765104562044,106.259201049805,-86.4508,26.1288,127.027804023322,63,63,63,63,61,63,0,8047,1.25895569026649,26,-86,0.001869,51,2025-12-29 10:29:03.001115,722,1.037,0.0011,"aoml_navis",1030.40074129801
"7901009",97,0,1,0.026166,1,0.003738,1,110.235069927018,1,4.85243374175284,724,1,9.02299976348877,35.0400009155273,0.0261659994721413,0.0103919459506869,106.298896789551,-86.4508,26.1288,127.027804023322,63,63,63,63,61,63,0,8047,1.25895569026649,26,-86,0.001869,51,2025-12-29 10:29:03.001115,724,1.037,0.0011,"aoml_navis",1030.41077242898
"7901009",97,0,1,0.031773,1,0.009345,1,110.293254080999,1,4.85238569821854,726,1,9.00699996948242,35.0379981994629,0.0317730009555817,0.0148456385359168,106.355003356934,-86.4508,26.1288,127.027804023322,63,63,63,63,61,63,0,8047,1.25895569026649,26,-86,0.001869,51,2025-12-29 10:29:03.001115,726,1.037,0.0011,"aoml_navis",1030.42097453952
"7901009",97,0,1,0.028035,1,0.005607,1,110.325503008335,1,4.85233563868277,728,1,8.99300003051758,35.0369987487793,0.0280349999666214,0.0118765104562044,106.386100769043,-86.4508,26.1288,127.027804023322,63,63,63,63,61,63,0,8047,1.25895569026649,26,-86,0.001869,51,2025-12-29 10:29:03.001115,728,1.037,0.0011,"aoml_navis",1030.43160496567
"7901009",97,0,1,0.029904,1,0.007476,1,110.292209709456,1,4.85228806343645,730,1,8.98200035095215,35.0359992980957,0.0299040004611015,0.0133610740303993,106.353996276855,-86.4508,26.1288,127.027804023322,63,63,63,63,61,63,0,8047,1.25895569026649,26,-86,0.001869,51,2025-12-29 10:29:03.001115,730,1.037,0.0011,"aoml_navis",1030.44170804215
"7901009",97,0,1,0.026166,1,0.003738,1,110.282778717949,1,4.85224544565208,732,1,8.97700023651123,35.0349998474121,0.0261659994721413,0.0103919459506869,106.344902038574,-86.4508,26.1288,127.027804023322,63,63,63,63,61,63,0,8047,1.25895569026649,26,-86,0.001869,51,2025-12-29 10:29:03.001115,732,1.037,0.0011,"aoml_navis",1030.45075852053
"7901009",97,0,1,0.029904,1,0.007476,1,110.312851871237,1,4.85220200371582,734,1,8.9709997177124,35.0340003967285,0.0299040004611015,0.0133610740303993,106.373901367188,-86.4508,26.1288,127.027804023322,63,63,63,63,61,63,0,8047,1.25895569026649,26,-86,0.001869,51,2025-12-29 10:29:03.001115,734,1.037,0.0011,"aoml_navis",1030.45998418264
"7901009",97,0,1,0.029904,1,0.007476,1,110.414583153789,1,4.85215150000736,736,1,8.95199966430664,35.0320014953613,0.0299040004611015,0.0133610740303993,106.47200012207,-86.4508,26.1288,127.027804023322,63,63,63,63,61,63,0,8047,1.25895569026649,26,-86,0.001869,51,2025-12-29 10:29:03.001115,736,1.037,0.0011,"aoml_navis",1030.47070974441
"7901009",97,0,1,0.031773,1,0.009345,1,110.536228702804,1,4.85210679336953,738,1,8.9399995803833,35.0299987792969,0.0317730009555817,0.0148456385359168,106.589302062988,-86.4508,26.1288,127.027804023322,63,63,63,63,61,63,0,8047,1.25895569026649,26,-86,0.001869,51,2025-12-29 10:29:03.001115,738,1.037,0.0011,"aoml_navis",1030.48020435836
"7901009",97,0,1,0.031773,1,0.009345,1,110.881037461935,1,4.85204096662682,740,1,8.88899993896484,35.0250015258789,0.0317730009555817,0.0148456385359168,106.921798706055,-86.4508,26.1288,127.027804023322,63,63,63,63,61,63,0,8047,1.25895569026649,26,-86,0.001869,51,2025-12-29 10:29:03.001115,740,1.037,0.0011,"aoml_navis",1030.49418469276
"7901009",97,0,1,0.024297,1,0.001869,1,111.105245043593,1,4.85198302834628,742,1,8.8430004119873,35.0190010070801,0.0242970008403063,0.00890738237649202,107.138000488281,-86.4508,26.1288,127.027804023322,63,63,63,63,61,63,0,8047,1.25895569026649,26,-86,0.001869,51,2025-12-29 10:29:03.001115,742,1.037,0.0011,"aoml_navis",1030.50648998337
"7901009",97,0,1,0.028035,1,0.005607,1,111.254162931304,1,4.85192521571383,744,1,8.80599975585938,35.0149993896484,0.0280349999666214,0.0118765104562044,107.281600952148,-86.4508,26.1288,127.027804023322,63,63,63,63,61,63,0,8047,1.25895569026649,26,-86,0.001869,51,2025-12-29 10:29:03.001115,744,1.037,0.0011,"aoml_navis",1030.51876888098
"7901009",97,0,1,0.029904,1,0.007476,1,111.309744068334,1,4.85187849384829,746,1,8.78699970245361,35.0120010375977,0.0299040004611015,0.0133610740303993,107.33519744873,-86.4508,26.1288,127.027804023322,63,63,63,63,61,63,0,8047,1.25895569026649,26,-86,0.001869,51,2025-12-29 10:29:03.001115,746,1.037,0.0011,"aoml_navis",1030.52869241048
"7901009",97,0,1,0.028035,1,0.005607,1,111.435749077349,1,4.85181260497704,748,1,8.73999977111816,35.007999420166,0.0280349999666214,0.0118765104562044,107.456703186035,-86.4508,26.1288,127.027804023322,63,63,63,63,61,63,0,8047,1.25895569026649,26,-86,0.001869,51,2025-12-29 10:29:03.001115,748,1.037,0.0011,"aoml_navis",1030.54268725691
"7901009",97,0,1,0.029904,1,0.007476,1,111.574088747237,1,4.85175737764809,750,1,8.71500015258789,35.0060005187988,0.0299040004611015,0.0133610740303993,107.590103149414,-86.4508,26.1288,127.027804023322,63,63,63,63,61,63,0,8047,1.25895569026649,26,-86,0.001869,51,2025-12-29 10:29:03.001115,750,1.037,0.0011,"aoml_navis",1030.55441787647
"7901009",97,0,1,0.033642,1,0.011214,1,111.814056844904,1,4.8516968346411,752.099975585938,1,8.67700004577637,35.0019989013672,0.0336420014500618,0.0163302011787891,107.821502685547,-86.4508,26.1288,127.027804023322,63,63,63,63,61,63,0,8047,1.25895569026649,26,-86,0.001869,51,2025-12-29 10:29:03.001115,752.099975585938,1.037,0.0011,"aoml_navis",1030.56727788513
"7901009",97,0,1,0.028035,1,0.005607,1,111.929578578964,1,4.85164825318517,754,1,8.65299987792969,34.9990005493164,0.0280349999666214,0.0118765104562044,107.932899475098,-86.4508,26.1288,127.027804023322,63,63,63,63,61,63,0,8047,1.25895569026649,26,-86,0.001869,51,2025-12-29 10:29:03.001115,754,1.037,0.0011,"aoml_navis",1030.5775973593
"7901009",97,0,1,0.029904,1,0.007476,1,112.03660292638,1,4.85160284542104,756,1,8.64000034332275,34.9970016479492,0.0299040004611015,0.0133610740303993,108.036102294922,-86.4508,26.1288,127.027804023322,63,63,63,63,61,63,0,8047,1.25895569026649,26,-86,0.001869,51,2025-12-29 10:29:03.001115,756,1.037,0.0011,"aoml_navis",1030.58724287769
"7901009",97,0,1,0.028035,1,0.005607,1,112.156270498989,1,4.85155139138675,758,1,8.61499977111816,34.9939994812012,0.0280349999666214,0.0118765104562044,108.151496887207,-86.4508,26.1288,127.027804023322,63,63,63,63,61,63,0,8047,1.25895569026649,26,-86,0.001869,51,2025-12-29 10:29:03.001115,758,1.037,0.0011,"aoml_navis",1030.59817296315
"7901009",97,0,1,0.031773,1,0.009345,1,112.305607717698,1,4.85149751952107,760,1,8.58699989318848,34.9910011291504,0.0317730009555817,0.0148456385359168,108.295501708984,-86.4508,26.1288,127.027804023322,63,63,63,63,61,63,0,8047,1.25895569026649,26,-86,0.001869,51,2025-12-29 10:29:03.001115,760,1.037,0.0011,"aoml_navis",1030.60961690311
"7901009",97,0,1,0.029904,1,0.007476,1,112.363261774002,1,4.85144649466576,762,1,8.56700038909912,34.9889984130859,0.0299040004611015,0.0133610740303993,108.351097106934,-86.4508,26.1288,127.027804023322,63,63,63,63,61,63,0,8047,1.25895569026649,26,-86,0.001869,51,2025-12-29 10:29:03.001115,762,1.037,0.0011,"aoml_navis",1030.62045629022
"7901009",97,0,1,0.031773,1,0.009345,1,112.401428806747,1,4.85139789356911,764,1,8.55000019073486,34.9869995117188,0.0317730009555817,0.0148456385359168,108.387901306152,-86.4508,26.1288,127.027804023322,63,63,63,63,61,63,0,8047,1.25895569026649,26,-86,0.001869,51,2025-12-29 10:29:03.001115,764,1.037,0.0011,"aoml_navis",1030.63078100188
"7901009",97,0,1,0.028035,1,0.005607,1,112.365651169502,1,4.85134843298562,766,1,8.54100036621094,34.9869995117188,0.0280349999666214,0.0118765104562044,108.353401184082,-86.4508,26.1288,127.027804023322,63,63,63,63,61,63,0,8047,1.25895569026649,26,-86,0.001869,51,2025-12-29 10:29:03.001115,766,1.037,0.0011,"aoml_navis",1030.64128851345
"7901009",97,0,1,0.029904,1,0.007476,1,112.391681339015,1,4.85129984737957,768,1,8.52400016784668,34.9850006103516,0.0299040004611015,0.0133610740303993,108.37850189209,-86.4508,26.1288,127.027804023322,63,63,63,63,61,63,0,8047,1.25895569026649,26,-86,0.001869,51,2025-12-29 10:29:03.001115,768,1.037,0.0011,"aoml_navis",1030.65161035155
"7901009",97,0,1,0.029904,1,0.007476,1,112.427973250126,1,4.85125163977704,770,1,8.51200008392334,34.984001159668,0.0299040004611015,0.0133610740303993,108.413497924805,-86.4508,26.1288,127.027804023322,63,63,63,63,61,63,0,8047,1.25895569026649,26,-86,0.001869,51,2025-12-29 10:29:03.001115,770,1.037,0.0011,"aoml_navis",1030.6618520885
"7901009",97,0,1,0.031773,1,0.009345,1,112.502637903528,1,4.85120021290935,772,1,8.49600028991699,34.9830017089844,0.0317730009555817,0.0148456385359168,108.485496520996,-86.4508,26.1288,127.027804023322,63,63,63,63,61,63,0,8047,1.25895569026649,26,-86,0.001869,51,2025-12-29 10:29:03.001115,772,1.037,0.0011,"aoml_navis",1030.67277798485
"7901009",97,0,1,0.029904,1,0.007476,1,112.548060153732,1,4.8511532792316,774,1,8.48099994659424,34.9809989929199,0.0299040004611015,0.0133610740303993,108.529296875,-86.4508,26.1288,127.027804023322,63,63,63,63,61,63,0,8047,1.25895569026649,26,-86,0.001869,51,2025-12-29 10:29:03.001115,774,1.037,0.0011,"aoml_navis",1030.68274948261
"7901009",97,0,1,0.026166,1,0.003738,1,112.647512807464,1,4.85109105399048,776,1,8.44699954986572,34.9790000915527,0.0261659994721413,0.0103919459506869,108.625198364258,-86.4508,26.1288,127.027804023322,63,63,63,63,61,63,0,8047,1.25895569026649,26,-86,0.001869,51,2025-12-29 10:29:03.001115,776,1.037,0.0011,"aoml_navis",1030.69597011316
"7901009",97,0,1,0.029904,1,0.007476,1,112.657679606194,1,4.85104609391858,778,1,8.43900012969971,34.9780006408691,0.0299040004611015,0.0133610740303993,108.63500213623,-86.4508,26.1288,127.027804023322,63,63,63,63,61,63,0,8047,1.25895569026649,26,-86,0.001869,51,2025-12-29 10:29:03.001115,778,1.037,0.0011,"aoml_navis",1030.70552272594
"7901009",97,0,1,0.033642,1,0.011214,1,112.732344259596,1,4.85100676221487,780,1,8.4379997253418,34.9770011901855,0.0336420014500618,0.0163302011787891,108.707000732422,-86.4508,26.1288,127.027804023322,63,63,63,63,61,63,0,8047,1.25895569026649,26,-86,0.001869,51,2025-12-29 10:29:03.001115,780,1.037,0.0011,"aoml_navis",1030.71387963127
"7901009",97,0,1,0.028035,1,0.005607,1,112.868088824439,1,4.85096146679625,782,1,8.42500019073486,34.9749984741211,0.0280349999666214,0.0118765104562044,108.837898254395,-86.4508,26.1288,127.027804023322,63,63,63,63,61,63,0,8047,1.25895569026649,26,-86,0.001869,51,2025-12-29 10:29:03.001115,782,1.037,0.0011,"aoml_navis",1030.72350382989
"7901009",97,0,1,0.028035,1,0.005607,1,113.160639446903,1,4.85088306437862,784,1,8.35700035095215,34.9700012207031,0.0280349999666214,0.0118765104562044,109.120002746582,-86.4508,26.1288,127.027804023322,63,63,63,63,61,63,0,8047,1.25895569026649,26,-86,0.001869,51,2025-12-29 10:29:03.001115,784,1.037,0.0011,"aoml_navis",1030.74016290279
"7901009",97,0,1,0.028035,1,0.005607,1,113.258739164772,1,4.85083027644616,786,1,8.32999992370605,34.9669990539551,0.0280349999666214,0.0118765104562044,109.214599609375,-86.4508,26.1288,127.027804023322,63,63,63,63,61,63,0,8047,1.25895569026649,26,-86,0.001869,51,2025-12-29 10:29:03.001115,786,1.037,0.0011,"aoml_navis",1030.75137967167
"7901009",97,0,1,0.026166,1,0.003738,1,113.356016044456,1,4.85077703050406,788,1,8.30700016021729,34.9650001525879,0.0261659994721413,0.0103919459506869,109.308403015137,-86.4508,26.1288,127.027804023322,63,63,63,63,61,63,0,8047,1.25895569026649,26,-86,0.001869,51,2025-12-29 10:29:03.001115,788,1.037,0.0011,"aoml_navis",1030.76269400913
"7901009",97,0,1,0.031773,1,0.009345,1,113.47941803652,1,4.85072539921886,790,1,8.28600025177002,34.9630012512207,0.0317730009555817,0.0148456385359168,109.427398681641,-86.4508,26.1288,127.027804023322,63,63,63,63,61,63,0,8047,1.25895569026649,26,-86,0.001869,51,2025-12-29 10:29:03.001115,790,1.037,0.0011,"aoml_navis",1030.77366548211
"7901009",97,0,1,0.031773,1,0.009345,1,113.627402319368,1,4.85067171159858,792,1,8.26700019836426,34.9620018005371,0.0317730009555817,0.0148456385359168,109.570098876953,-86.4508,26.1288,127.027804023322,63,63,63,63,61,63,0,8047,1.25895569026649,26,-86,0.001869,51,2025-12-29 10:29:03.001115,792,1.037,0.0011,"aoml_navis",1030.78507416702
"7901009",97,0,1,0.029904,1,0.007476,1,113.795300868678,1,4.85062617865217,794,1,8.24899959564209,34.9589996337891,0.0299040004611015,0.0133610740303993,109.732002258301,-86.4508,26.1288,127.027804023322,63,63,63,63,61,63,0,8047,1.25895569026649,26,-86,0.001869,51,2025-12-29 10:29:03.001115,794,1.037,0.0011,"aoml_navis",1030.79475017169
"7901009",97,0,1,0.028035,1,0.005607,1,113.921092256242,1,4.85057507794197,796,1,8.22399997711182,34.9560012817383,0.0280349999666214,0.0118765104562044,109.853302001953,-86.4508,26.1288,127.027804023322,63,63,63,63,61,63,0,8047,1.25895569026649,26,-86,0.001869,51,2025-12-29 10:29:03.001115,796,1.037,0.0011,"aoml_navis",1030.8056095735
"7901009",97,0,1,0.031773,1,0.009345,1,114.057873280721,1,4.85052114258723,798,1,8.19999980926514,34.9539985656738,0.0317730009555817,0.0148456385359168,109.985198974609,-86.4508,26.1288,127.027804023322,63,63,63,63,61,63,0,8047,1.25895569026649,26,-86,0.001869,51,2025-12-29 10:29:03.001115,798,1.037,0.0011,"aoml_navis",1030.81707161326
"7901009",97,0,1,0.028035,1,0.005607,1,114.149129200223,1,4.85046989510701,800,1,8.18400001525879,34.9529991149902,0.0280349999666214,0.0118765104562044,110.073196411133,-86.4508,26.1288,127.027804023322,63,63,63,63,61,63,0,8047,1.25895569026649,26,-86,0.001869,51,2025-12-29 10:29:03.001115,800,1.037,0.0011,"aoml_navis",1030.82796267715
"7901009",97,0,1,0.029904,1,0.007476,1,114.273369854284,1,4.85042073746596,802,1,8.16600036621094,34.951000213623,0.0299040004611015,0.0133610740303993,110.193000793457,-86.4508,26.1288,127.027804023322,63,63,63,63,61,63,0,8047,1.25895569026649,26,-86,0.001869,51,2025-12-29 10:29:03.001115,802,1.037,0.0011,"aoml_navis",1030.83840982673
"7901009",97,0,1,0.029904,1,0.007476,1,114.437320362687,1,4.85036683961996,804,1,8.14200019836426,34.9490013122559,0.0299040004611015,0.0133610740303993,110.351097106934,-86.4508,26.1288,127.027804023322,63,63,63,63,61,63,0,8047,1.25895569026649,26,-86,0.001869,51,2025-12-29 10:29:03.001115,804,1.037,0.0011,"aoml_navis",1030.84986462421
"7901009",97,0,1,0.031773,1,0.009345,1,114.469885766247,1,4.8503179985091,806,1,8.12899971008301,34.9480018615723,0.0317730009555817,0.0148456385359168,110.382499694824,-86.4508,26.1288,127.027804023322,63,63,63,63,61,63,0,8047,1.25895569026649,26,-86,0.001869,51,2025-12-29 10:29:03.001115,806,1.037,0.0011,"aoml_navis",1030.86024494413
"7901009",97,0,1,0.033642,1,0.011214,1,114.549115589196,1,4.85027155111704,808,1,8.11900043487549,34.9469985961914,0.0336420014500618,0.0163302011787891,110.45890045166,-86.4508,26.1288,127.027804023322,63,63,63,63,61,63,0,8047,1.25895569026649,26,-86,0.001869,51,2025-12-29 10:29:03.001115,808,1.037,0.0011,"aoml_navis",1030.87011671511
"7901009",97,0,1,0.029904,1,0.007476,1,114.610504064956,1,4.85022559601284,810,1,8.10499954223633,34.9449996948242,0.0299040004611015,0.0133610740303993,110.518096923828,-86.4508,26.1288,127.027804023322,63,63,63,63,61,63,0,8047,1.25895569026649,26,-86,0.001869,51,2025-12-29 10:29:03.001115,810,1.037,0.0011,"aoml_navis",1030.87988404298
"7901009",97,0,1,0.031773,1,0.009345,1,114.67376766235,1,4.85017914313245,812,1,8.09500026702881,34.9440002441406,0.0317730009555817,0.0148456385359168,110.5791015625,-86.4508,26.1288,127.027804023322,63,63,63,63,61,63,0,8047,1.25895569026649,26,-86,0.001869,51,2025-12-29 10:29:03.001115,812,1.037,0.0011,"aoml_navis",1030.88975735663
"7901009",97,0,1,0.031773,1,0.009345,1,114.965796099042,1,4.85010584701194,814,1,8.03699970245361,34.939998626709,0.0317730009555817,0.0148456385359168,110.860702514648,-86.4508,26.1288,127.027804023322,63,63,63,63,61,63,0,8047,1.25895569026649,26,-86,0.001869,51,2025-12-29 10:29:03.001115,814,1.037,0.0011,"aoml_navis",1030.90533644341
"7901009",97,0,1,0.026166,1,0.003738,1,115.200993317616,1,4.8500489192883,816,1,8.00899982452393,34.9379997253418,0.0261659994721413,0.0103919459506869,111.087501525879,-86.4508,26.1288,127.027804023322,63,63,63,63,61,63,0,8047,1.25895569026649,26,-86,0.001869,51,2025-12-29 10:29:03.001115,816,1.037,0.0011,"aoml_navis",1030.91743675313
"7901009",97,0,1,0.029904,1,0.007476,1,115.598384601543,1,4.84998289110461,818,1,7.96000003814697,34.9339981079102,0.0299040004611015,0.0133610740303993,111.470703125,-86.4508,26.1288,127.027804023322,63,63,63,63,61,63,0,8047,1.25895569026649,26,-86,0.001869,51,2025-12-29 10:29:03.001115,818,1.037,0.0011,"aoml_navis",1030.93147177293
"7901009",97,0,1,0.028035,1,0.005607,1,116.042748869178,1,4.849915386899,820,1,7.90899991989136,34.9300003051758,0.0280349999666214,0.0118765104562044,111.899200439453,-86.4508,26.1288,127.027804023322,63,63,63,63,61,63,0,8047,1.25895569026649,26,-86,0.001869,51,2025-12-29 10:29:03.001115,820,1.037,0.0011,"aoml_navis",1030.94582093255
"7901009",97,0,1,0.028035,1,0.005607,1,116.457973588389,1,4.84984699936645,822,1,7.85200023651123,34.9249992370605,0.0280349999666214,0.0118765104562044,112.299598693848,-86.4508,26.1288,127.027804023322,63,63,63,63,61,63,0,8047,1.25895569026649,26,-86,0.001869,51,2025-12-29 10:29:03.001115,822,1.037,0.0011,"aoml_navis",1030.96035826556
"7901009",97,0,1,0.029904,1,0.007476,1,116.812118396159,1,4.84977118722631,824,1,7.78999996185303,34.9210014343262,0.0299040004611015,0.0133610740303993,112.641098022461,-86.4508,26.1288,127.027804023322,63,63,63,63,61,63,0,8047,1.25895569026649,26,-86,0.001869,51,2025-12-29 10:29:03.001115,824,1.037,0.0011,"aoml_navis",1030.97647434777
"7901009",97,0,1,0.028035,1,0.005607,1,116.880872856058,1,4.84971145192404,826,1,7.75799989700317,34.9189987182617,0.0280349999666214,0.0118765104562044,112.707397460938,-86.4508,26.1288,127.027804023322,63,63,63,63,61,63,0,8047,1.25895569026649,26,-86,0.001869,51,2025-12-29 10:29:03.001115,826,1.037,0.0011,"aoml_navis",1030.98917318397
"7901009",97,0,1,0.029904,1,0.007476,1,116.785154621782,1,4.84965813772093,828,1,7.73899984359741,34.9179992675781,0.0299040004611015,0.0133610740303993,112.615097045898,-86.4508,26.1288,127.027804023322,63,63,63,63,61,63,0,8047,1.25895569026649,26,-86,0.001869,51,2025-12-29 10:29:03.001115,828,1.037,0.0011,"aoml_navis",1031.00050725425
"7901009",97,0,1,0.029904,1,0.007476,1,116.689333532734,1,4.84960348925433,830,1,7.72300004959106,34.9179992675781,0.0299040004611015,0.0133610740303993,112.52269744873,-86.4508,26.1288,127.027804023322,63,63,63,63,61,63,0,8047,1.25895569026649,26,-86,0.001869,51,2025-12-29 10:29:03.001115,830,1.037,0.0011,"aoml_navis",1031.01212523434
"7901009",97,0,1,0.033642,1,0.011214,1,116.91623907421,1,4.84952953391942,832,1,7.68200016021729,34.9179992675781,0.0336420014500618,0.0163302011787891,112.741500854492,-86.4508,26.1288,127.027804023322,63,63,63,63,61,63,0,8047,1.25895569026649,26,-86,0.001869,51,2025-12-29 10:29:03.001115,832,1.037,0.0011,"aoml_navis",1031.02784817128
"7901009",97,0,1,0.028035,1,0.005607,1,117.345151390156,1,4.84948534205367,834,1,7.67000007629395,34.9160003662109,0.0280349999666214,0.0118765104562044,113.155097961426,-86.4508,26.1288,127.027804023322,63,63,63,63,61,63,0,8047,1.25895569026649,26,-86,0.001869,51,2025-12-29 10:29:03.001115,834,1.037,0.0011,"aoml_navis",1031.03724361039
"7901009",97,0,1,0.028035,1,0.005607,1,117.865533247055,1,4.84942788361447,836,1,7.63600015640259,34.9129981994629,0.0280349999666214,0.0118765104562044,113.656898498535,-86.4508,26.1288,127.027804023322,63,63,63,63,61,63,0,8047,1.25895569026649,26,-86,0.001869,51,2025-12-29 10:29:03.001115,836,1.037,0.0011,"aoml_navis",1031.04945985366
"7901009",97,0,1,0.029904,1,0.007476,1,118.286676071674,1,4.84936738362212,838,1,7.59800004959106,34.9099998474121,0.0299040004611015,0.0133610740303993,114.063003540039,-86.4508,26.1288,127.027804023322,63,63,63,63,61,63,0,8047,1.25895569026649,26,-86,0.001869,51,2025-12-29 10:29:03.001115,838,1.037,0.0011,"aoml_navis",1031.06232307468
"7901009",97,0,1,0.029904,1,0.007476,1,118.563766830543,1,4.84931538093358,840,1,7.57100009918213,34.9070014953613,0.0299040004611015,0.0133610740303993,114.330200195312,-86.4508,26.1288,127.027804023322,63,63,63,63,61,63,0,8047,1.25895569026649,26,-86,0.001869,51,2025-12-29 10:29:03.001115,840,1.037,0.0011,"aoml_navis",1031.07337989583
"7901009",97,0,1,0.029904,1,0.007476,1,118.785173597609,1,4.84926451226624,842,1,7.55499982833862,34.9059982299805,0.0299040004611015,0.0133610740303993,114.543701171875,-86.4508,26.1288,127.027804023322,63,63,63,63,61,63,0,8047,1.25895569026649,26,-86,0.001869,51,2025-12-29 10:29:03.001115,842,1.037,0.0011,"aoml_navis",1031.08419583062
"7901009",97,0,1,0.029904,1,0.007476,1,119.028978969505,1,4.84922037366217,844,1,7.54300022125244,34.9039993286133,0.0299040004611015,0.0133610740303993,114.778800964355,-86.4508,26.1288,127.027804023322,63,63,63,63,61,63,0,8047,1.25895569026649,26,-86,0.001869,51,2025-12-29 10:29:03.001115,844,1.037,0.0011,"aoml_navis",1031.09358097165
"7901009",97,0,1,0.031773,1,0.009345,1,119.207242115187,1,4.84916414790978,846,1,7.51999998092651,34.9029998779297,0.0317730009555817,0.0148456385359168,114.950698852539,-86.4508,26.1288,127.027804023322,63,63,63,63,61,63,0,8047,1.25895569026649,26,-86,0.001869,51,2025-12-29 10:29:03.001115,846,1.037,0.0011,"aoml_navis",1031.10553643667
"7901009",97,0,1,0.033642,1,0.011214,1,119.555998915225,1,4.84909404247597,848,1,7.47399997711182,34.9010009765625,0.0336420014500618,0.0163302011787891,115.287002563477,-86.4508,26.1288,127.027804023322,63,63,63,63,61,63,0,8047,1.25895569026649,26,-86,0.001869,51,2025-12-29 10:29:03.001115,848,1.037,0.0011,"aoml_navis",1031.12044357197
"7901009",97,0,1,0.029904,1,0.007476,1,119.766202423923,1,4.84904461202282,850,1,7.45499992370605,34.898998260498,0.0299040004611015,0.0133610740303993,115.489700317383,-86.4508,26.1288,127.027804023322,63,63,63,63,61,63,0,8047,1.25895569026649,26,-86,0.001869,51,2025-12-29 10:29:03.001115,850,1.037,0.0011,"aoml_navis",1031.1309546633
"7901009",97,0,1,0.029904,1,0.007476,1,119.985947690808,1,4.84898313354681,852,1,7.42500019073486,34.8979988098145,0.0299040004611015,0.0133610740303993,115.701599121094,-86.4508,26.1288,127.027804023322,63,63,63,63,61,63,0,8047,1.25895569026649,26,-86,0.001869,51,2025-12-29 10:29:03.001115,852,1.037,0.0011,"aoml_navis",1031.14402799391
"7901009",97,0,1,0.031773,1,0.009345,1,120.213470360923,1,4.84893233516378,854,1,7.40899991989136,34.8969993591309,0.0317730009555817,0.0148456385359168,115.920997619629,-86.4508,26.1288,127.027804023322,63,63,63,63,61,63,0,8047,1.25895569026649,26,-86,0.001869,51,2025-12-29 10:29:03.001115,854,1.037,0.0011,"aoml_navis",1031.15483046457
"7901009",97,0,1,0.033642,1,0.011214,1,120.551126757367,1,4.84887394727099,856,1,7.38299989700317,34.8959999084473,0.0336420014500618,0.0163302011787891,116.246597290039,-86.4508,26.1288,127.027804023322,63,63,63,63,61,63,0,8047,1.25895569026649,26,-86,0.001869,51,2025-12-29 10:29:03.001115,856,1.037,0.0011,"aoml_navis",1031.16724715314
"7901009",97,0,1,0.028035,1,0.005607,1,120.981597718721,1,4.84880333693493,858,1,7.33599996566772,34.8940010070801,0.0280349999666214,0.0118765104562044,116.661697387695,-86.4508,26.1288,127.027804023322,63,63,63,63,61,63,0,8047,1.25895569026649,26,-86,0.001869,51,2025-12-29 10:29:03.001115,858,1.037,0.0011,"aoml_navis",1031.18226344908
"7901009",97,0,1,0.029904,1,0.007476,1,121.184854574278,1,4.84875864757041,860,1,7.32800006866455,34.8930015563965,0.0299040004611015,0.0133610740303993,116.857696533203,-86.4508,26.1288,127.027804023322,63,63,63,63,61,63,0,8047,1.25895569026649,26,-86,0.001869,51,2025-12-29 10:29:03.001115,860,1.037,0.0011,"aoml_navis",1031.19176750638
"7901009",97,0,1,0.029904,1,0.007476,1,121.528634785677,1,4.84871246041486,862,1,7.31799983978271,34.8919982910156,0.0299040004611015,0.0133610740303993,117.18920135498,-86.4508,26.1288,127.027804023322,63,63,63,63,61,63,0,8047,1.25895569026649,26,-86,0.001869,51,2025-12-29 10:29:03.001115,862,1.037,0.0011,"aoml_navis",1031.20159028201
"7901009",97,0,1,0.028035,1,0.005607,1,122.12295340066,1,4.84864725454654,864,1,7.27799987792969,34.8899993896484,0.0280349999666214,0.0118765104562044,117.762298583984,-86.4508,26.1288,127.027804023322,63,63,63,63,61,63,0,8047,1.25895569026649,26,-86,0.001869,51,2025-12-29 10:29:03.001115,864,1.037,0.0011,"aoml_navis",1031.21545814898
"7901009",97,0,1,0.029904,1,0.007476,1,122.671129782027,1,4.84859106135303,866,1,7.24499988555908,34.8870010375977,0.0299040004611015,0.0133610740303993,118.290901184082,-86.4508,26.1288,127.027804023322,63,63,63,63,61,63,0,8047,1.25895569026649,26,-86,0.001869,51,2025-12-29 10:29:03.001115,866,1.037,0.0011,"aoml_navis",1031.22740951569
"7901009",97,0,1,0.029904,1,0.007476,1,123.260677517917,1,4.8485297505048,868,1,7.21000003814697,34.8849983215332,0.0299040004611015,0.0133610740303993,118.859397888184,-86.4508,26.1288,127.027804023322,63,63,63,63,61,63,0,8047,1.25895569026649,26,-86,0.001869,51,2025-12-29 10:29:03.001115,868,1.037,0.0011,"aoml_navis",1031.24044963928
"7901009",97,0,1,0.031773,1,0.009345,1,123.95020009331,1,4.84846689282041,870,1,7.16800022125244,34.8819999694824,0.0317730009555817,0.0148456385359168,119.524299621582,-86.4508,26.1288,127.027804023322,63,63,63,63,61,63,0,8047,1.25895569026649,26,-86,0.001869,51,2025-12-29 10:29:03.001115,870,1.037,0.0011,"aoml_navis",1031.2538190998
"7901009",97,0,1,0.022428,1,0,1,124.691680152956,1,4.84839283399497,872,1,7.10599994659424,34.8779983520508,0.0224280003458261,0.0074228192679584,120.239303588867,-86.4508,26.1288,127.027804023322,63,63,63,63,61,63,0,8047,1.25895569026649,26,-86,0.001869,51,2025-12-29 10:29:03.001115,872,1.037,0.0011,"aoml_navis",1031.26957142211
"7901009",97,0,1,0.028035,1,0.005607,1,125.181466670795,1,4.84833469516723,874,1,7.07499980926514,34.8759994506836,0.0280349999666214,0.0118765104562044,120.711601257324,-86.4508,26.1288,127.027804023322,63,63,63,63,61,63,0,8047,1.25895569026649,26,-86,0.001869,51,2025-12-29 10:29:03.001115,874,1.037,0.0011,"aoml_navis",1031.2819378959
"7901009",97,0,1,0.029904,1,0.007476,1,125.685977245007,1,4.84825584982582,876,1,7.02600002288818,34.8759994506836,0.0299040004611015,0.0133610740303993,121.198097229004,-86.4508,26.1288,127.027804023322,63,63,63,63,61,63,0,8047,1.25895569026649,26,-86,0.001869,51,2025-12-29 10:29:03.001115,876,1.037,0.0011,"aoml_navis",1031.29870924193
"7901009",97,0,1,0.029904,1,0.007476,1,126.115728222948,1,4.84819488128928,878,1,6.99599981307983,34.875,0.0299040004611015,0.0133610740303993,121.612503051758,-86.4508,26.1288,127.027804023322,63,63,63,63,61,63,0,8047,1.25895569026649,26,-86,0.001869,51,2025-12-29 10:29:03.001115,878,1.037,0.0011,"aoml_navis",1031.31167835199
"7901009",97,0,1,0.031773,1,0.009345,1,126.567664184268,1,4.84813465583091,880,1,6.96199989318848,34.8730010986328,0.0317730009555817,0.0148456385359168,122.048301696777,-86.4508,26.1288,127.027804023322,63,63,63,63,61,63,0,8047,1.25895569026649,26,-86,0.001869,51,2025-12-29 10:29:03.001115,880,1.037,0.0011,"aoml_navis",1031.32448971615
"7901009",97,0,1,0.028035,1,0.005607,1,126.902314056574,1,4.84807450367985,882,1,6.93300008773804,34.8720016479492,0.0280349999666214,0.0118765104562044,122.371002197266,-86.4508,26.1288,127.027804023322,63,63,63,63,61,63,0,8047,1.25895569026649,26,-86,0.001869,51,2025-12-29 10:29:03.001115,882,1.037,0.0011,"aoml_navis",1031.33728580384
"7901009",97,0,1,0.029904,1,0.007476,1,127.22845863033,1,4.84802105915216,884,1,6.91800022125244,34.8720016479492,0.0299040004611015,0.0133610740303993,122.685501098633,-86.4508,26.1288,127.027804023322,63,63,63,63,61,63,0,8047,1.25895569026649,26,-86,0.001869,51,2025-12-29 10:29:03.001115,884,1.037,0.0011,"aoml_navis",1031.34865525407
"7901009",97,0,1,0.031773,1,0.009345,1,127.651460752772,1,4.84795801665325,886,1,6.88500022888184,34.8709983825684,0.0317730009555817,0.0148456385359168,123.093399047852,-86.4508,26.1288,127.027804023322,63,63,63,63,61,63,0,8047,1.25895569026649,26,-86,0.001869,51,2025-12-29 10:29:03.001115,886,1.037,0.0011,"aoml_navis",1031.36206683813
"7901009",97,0,1,0.029904,1,0.007476,1,127.998761762174,1,4.84788543837782,888,1,6.8439998626709,34.8709983825684,0.0299040004611015,0.0133610740303993,123.428298950195,-86.4508,26.1288,127.027804023322,63,63,63,63,61,63,0,8047,1.25895569026649,26,-86,0.001869,51,2025-12-29 10:29:03.001115,888,1.037,0.0011,"aoml_navis",1031.37750748357
"7901009",97,0,1,0.029904,1,0.007476,1,128.298053328233,1,4.84783424853889,890,1,6.83199977874756,34.8709983825684,0.0299040004611015,0.0133610740303993,123.716903686523,-86.4508,26.1288,127.027804023322,63,63,63,63,61,63,0,8047,1.25895569026649,26,-86,0.001869,51,2025-12-29 10:29:03.001115,890,1.037,0.0011,"aoml_navis",1031.38839812994
"7901009",97,0,1,0.029904,1,0.007476,1,128.882933039803,1,4.84778012253221,892,1,6.81599998474121,34.8709983825684,0.0299040004611015,0.0133610740303993,124.280899047852,-86.4508,26.1288,127.027804023322,63,63,63,63,61,63,0,8047,1.25895569026649,26,-86,0.001869,51,2025-12-29 10:29:03.001115,892,1.037,0.0011,"aoml_navis",1031.39991369664
"7901009",97,0,1,0.028035,1,0.005607,1,129.328958807619,1,4.84770179726349,894,1,6.76200008392334,34.8699989318848,0.0280349999666214,0.0118765104562044,124.710998535156,-86.4508,26.1288,127.027804023322,63,63,63,63,61,63,0,8047,1.25895569026649,26,-86,0.001869,51,2025-12-29 10:29:03.001115,894,1.037,0.0011,"aoml_navis",1031.41657822733
"7901009",97,0,1,0.029904,1,0.007476,1,129.543933195411,1,4.84765431479755,896,1,6.75,34.8689994812012,0.0299040004611015,0.0133610740303993,124.918296813965,-86.4508,26.1288,127.027804023322,63,63,63,63,61,63,0,8047,1.25895569026649,26,-86,0.001869,51,2025-12-29 10:29:03.001115,896,1.037,0.0011,"aoml_navis",1031.42668088717
"7901009",97,0,1,0.028035,1,0.005607,1,129.851730060018,1,4.84760828855917,898,1,6.74499988555908,34.8689994812012,0.0280349999666214,0.0118765104562044,125.215103149414,-86.4508,26.1288,127.027804023322,63,63,63,63,61,63,0,8047,1.25895569026649,26,-86,0.001869,51,2025-12-29 10:29:03.001115,898,1.037,0.0011,"aoml_navis",1031.43647390002
"7901009",97,0,1,0.028035,1,0.005607,1,130.207947787062,1,4.84754616581086,900,1,6.71799993515015,34.8689994812012,0.0280349999666214,0.0118765104562044,125.558601379395,-86.4508,26.1288,127.027804023322,63,63,63,63,61,63,0,8047,1.25895569026649,26,-86,0.001869,51,2025-12-29 10:29:03.001115,900,1.037,0.0011,"aoml_navis",1031.44969206573
"7901009",97,0,1,0.028035,1,0.005607,1,130.525175643177,1,4.8474972402636,902,1,6.7039999961853,34.8680000305176,0.0280349999666214,0.0118765104562044,125.864501953125,-86.4508,26.1288,127.027804023322,63,63,63,63,61,63,0,8047,1.25895569026649,26,-86,0.001869,51,2025-12-29 10:29:03.001115,902,1.037,0.0011,"aoml_navis",1031.46010243589
"7901009",97,0,1,0.028035,1,0.005607,1,130.773538272714,1,4.8474424815628,904,1,6.68200016021729,34.867000579834,0.0280349999666214,0.0118765104562044,126.103996276855,-86.4508,26.1288,127.027804023322,63,63,63,63,61,63,0,8047,1.25895569026649,26,-86,0.001869,51,2025-12-29 10:29:03.001115,904,1.037,0.0011,"aoml_navis",1031.47175423276
"7901009",97,0,1,0.029904,1,0.007476,1,130.952948644712,1,4.84739573562191,906,1,6.67600011825562,34.867000579834,0.0299040004611015,0.0133610740303993,126.277000427246,-86.4508,26.1288,127.027804023322,63,63,63,63,61,63,0,8047,1.25895569026649,26,-86,0.001869,51,2025-12-29 10:29:03.001115,906,1.037,0.0011,"aoml_navis",1031.48170124767
"7901009",97,0,1,0.029904,1,0.007476,1,131.250990129681,1,4.84734826217579,908,1,6.66900014877319,34.867000579834,0.0299040004611015,0.0133610740303993,126.564399719238,-86.4508,26.1288,127.027804023322,63,63,63,63,61,63,0,8047,1.25895569026649,26,-86,0.001869,51,2025-12-29 10:29:03.001115,908,1.037,0.0011,"aoml_navis",1031.49180326393
"7901009",97,0,1,0.029904,1,0.007476,1,131.636766736148,1,4.84729498696825,910,1,6.64900016784668,34.8660011291504,0.0299040004611015,0.0133610740303993,126.936401367188,-86.4508,26.1288,127.027804023322,63,63,63,63,61,63,0,8047,1.25895569026649,26,-86,0.001869,51,2025-12-29 10:29:03.001115,910,1.037,0.0011,"aoml_navis",1031.50314008995
"7901009",97,0,1,0.029904,1,0.007476,1,131.995373858692,1,4.84723950820568,912,1,6.63100004196167,34.8660011291504,0.0299040004611015,0.0133610740303993,127.282203674316,-86.4508,26.1288,127.027804023322,63,63,63,63,61,63,0,8047,1.25895569026649,26,-86,0.001869,51,2025-12-29 10:29:03.001115,912,1.037,0.0011,"aoml_navis",1031.51494609163
"7901009",97,0,1,0.029904,1,0.007476,1,132.479036561576,1,4.84718698787498,914,1,6.61199998855591,34.8650016784668,0.0299040004611015,0.0133610740303993,127.748596191406,-86.4508,26.1288,127.027804023322,63,63,63,63,61,63,0,8047,1.25895569026649,26,-86,0.001869,51,2025-12-29 10:29:03.001115,914,1.037,0.0011,"aoml_navis",1031.52612278158
"7901009",97,0,1,0.031773,1,0.009345,1,133.047744338045,1,4.84712723160959,916,1,6.58300018310547,34.8639984130859,0.0317730009555817,0.0148456385359168,128.296997070312,-86.4508,26.1288,127.027804023322,63,63,63,63,61,63,0,8047,1.25895569026649,26,-86,0.001869,51,2025-12-29 10:29:03.001115,916,1.037,0.0011,"aoml_navis",1031.53883962308
"7901009",97,0,1,0.029904,1,0.007476,1,133.570515590443,1,4.8470659944274,918,1,6.55700016021729,34.8639984130859,0.0299040004611015,0.0133610740303993,128.80110168457,-86.4508,26.1288,127.027804023322,63,63,63,63,61,63,0,8047,1.25895569026649,26,-86,0.001869,51,2025-12-29 10:29:03.001115,918,1.037,0.0011,"aoml_navis",1031.55187194654
"7901009",97,0,1,0.028035,1,0.005607,1,134.056369891186,1,4.84700188758106,920,1,6.52699995040894,34.8639984130859,0.0280349999666214,0.0118765104562044,129.269607543945,-86.4508,26.1288,127.027804023322,63,63,63,63,61,63,0,8047,1.25895569026649,26,-86,0.001869,51,2025-12-29 10:29:03.001115,920,1.037,0.0011,"aoml_navis",1031.56551533659
"7901009",97,0,1,0.031773,1,0.009345,1,134.377118545304,1,4.84694070622005,922,1,6.50099992752075,34.8639984130859,0.0317730009555817,0.0148456385359168,129.578903198242,-86.4508,26.1288,127.027804023322,63,63,63,63,61,63,0,8047,1.25895569026649,26,-86,0.001869,51,2025-12-29 10:29:03.001115,922,1.037,0.0011,"aoml_navis",1031.57853645363
"7901009",97,0,1,0.029904,1,0.007476,1,134.505402183141,1,4.84689193560836,924.099975585938,1,6.48999977111816,34.8629989624023,0.0299040004611015,0.0133610740303993,129.702606201172,-86.4508,26.1288,127.027804023322,63,63,63,63,61,63,0,8047,1.25895569026649,26,-86,0.001869,51,2025-12-29 10:29:03.001115,924.099975585938,1.037,0.0011,"aoml_navis",1031.58891644908
"7901009",97,0,1,0.029904,1,0.007476,1,134.820754917622,1,4.84685023100526,926,1,6.48799991607666,34.8629989624023,0.0299040004611015,0.0133610740303993,130.006698608398,-86.4508,26.1288,127.027804023322,63,63,63,63,61,63,0,8047,1.25895569026649,26,-86,0.001869,51,2025-12-29 10:29:03.001115,926,1.037,0.0011,"aoml_navis",1031.59779273043
"7901009",97,0,1,0.031773,1,0.009345,1,135.192123943942,1,4.84679052770287,928,1,6.46400022506714,34.8629989624023,0.0317730009555817,0.0148456385359168,130.364807128906,-86.4508,26.1288,127.027804023322,63,63,63,63,61,63,0,8047,1.25895569026649,26,-86,0.001869,51,2025-12-29 10:29:03.001115,928,1.037,0.0011,"aoml_navis",1031.61050006627
"7901009",97,0,1,0.029904,1,0.007476,1,135.576642557414,1,4.84674388972476,930,1,6.45300006866455,34.8619995117188,0.0299040004611015,0.0133610740303993,130.735595703125,-86.4508,26.1288,127.027804023322,63,63,63,63,61,63,0,8047,1.25895569026649,26,-86,0.001869,51,2025-12-29 10:29:03.001115,930,1.037,0.0011,"aoml_navis",1031.62042677769
"7901009",97,0,1,0.031773,1,0.009345,1,136.19326483436,1,4.84667694206666,932,1,6.42399978637695,34.8629989624023,0.0317730009555817,0.0148456385359168,131.330200195312,-86.4508,26.1288,127.027804023322,63,63,63,63,61,63,0,8047,1.25895569026649,26,-86,0.001869,51,2025-12-29 10:29:03.001115,932,1.037,0.0011,"aoml_navis",1031.63467665909
"7901009",97,0,1,0.029904,1,0.007476,1,136.51920369857,1,4.84661226521295,934,1,6.39300012588501,34.8629989624023,0.0299040004611015,0.0133610740303993,131.644500732422,-86.4508,26.1288,127.027804023322,63,63,63,63,61,63,0,8047,1.25895569026649,26,-86,0.001869,51,2025-12-29 10:29:03.001115,934,1.037,0.0011,"aoml_navis",1031.64844357119
"7901009",97,0,1,0.029904,1,0.007476,1,136.84338611973,1,4.8465714000548,936,1,6.3899998664856,34.8619995117188,0.0299040004611015,0.0133610740303993,131.957107543945,-86.4508,26.1288,127.027804023322,63,63,63,63,61,63,0,8047,1.25895569026649,26,-86,0.001869,51,2025-12-29 10:29:03.001115,936,1.037,0.0011,"aoml_navis",1031.65714218993
"7901009",97,0,1,0.028035,1,0.005607,1,137.382946435869,1,4.84651824284448,938,1,6.375,34.8619995117188,0.0280349999666214,0.0118765104562044,132.477401733398,-86.4508,26.1288,127.027804023322,63,63,63,63,61,63,0,8047,1.25895569026649,26,-86,0.001869,51,2025-12-29 10:29:03.001115,938,1.037,0.0011,"aoml_navis",1031.66845753281
"7901009",97,0,1,0.031773,1,0.009345,1,137.935577220104,1,4.84645514646496,940,1,6.34100008010864,34.8610000610352,0.0317730009555817,0.0148456385359168,133.010299682617,-86.4508,26.1288,127.027804023322,63,63,63,63,61,63,0,8047,1.25895569026649,26,-86,0.001869,51,2025-12-29 10:29:03.001115,940,1.037,0.0011,"aoml_navis",1031.68188890535
"7901009",97,0,1,0.029904,1,0.007476,1,138.24191038217,1,4.84640846057589,942,1,6.33500003814697,34.8610000610352,0.0299040004611015,0.0133610740303993,133.305694580078,-86.4508,26.1288,127.027804023322,63,63,63,63,61,63,0,8047,1.25895569026649,26,-86,0.001869,51,2025-12-29 10:29:03.001115,942,1.037,0.0011,"aoml_navis",1031.69182718987
"7901009",97,0,1,0.028035,1,0.005607,1,138.815396949638,1,4.84635829139041,944,1,6.31899976730347,34.8600006103516,0.0280349999666214,0.0118765104562044,133.858703613281,-86.4508,26.1288,127.027804023322,63,63,63,63,61,63,0,8047,1.25895569026649,26,-86,0.001869,51,2025-12-29 10:29:03.001115,944,1.037,0.0011,"aoml_navis",1031.70250719649
"7901009",97,0,1,0.029904,1,0.007476,1,139.311916499166,1,4.84627934759173,946,1,6.27299976348877,34.8610000610352,0.0299040004611015,0.0133610740303993,134.337493896484,-86.4508,26.1288,127.027804023322,63,63,63,63,61,63,0,8047,1.25895569026649,26,-86,0.001869,51,2025-12-29 10:29:03.001115,946,1.037,0.0011,"aoml_navis",1031.719313185
"7901009",97,0,1,0.024297,1,0.001869,1,139.492054766481,1,4.84622767916809,948,1,6.26000022888184,34.8610000610352,0.0242970008403063,0.00890738237649202,134.511199951172,-86.4508,26.1288,127.027804023322,63,63,63,63,61,63,0,8047,1.25895569026649,26,-86,0.001869,51,2025-12-29 10:29:03.001115,948,1.037,0.0011,"aoml_navis",1031.73031293864
"7901009",97,0,1,0.029904,1,0.007476,1,139.704647670679,1,4.84618100717729,950,1,6.25400018692017,34.8610000610352,0.0299040004611015,0.0133610740303993,134.716201782227,-86.4508,26.1288,127.027804023322,63,63,63,63,61,63,0,8047,1.25895569026649,26,-86,0.001869,51,2025-12-29 10:29:03.001115,950,1.037,0.0011,"aoml_navis",1031.74024919723
"7901009",97,0,1,0.028035,1,0.005607,1,140.100068890105,1,4.84613077241466,952,1,6.24300003051758,34.8610000610352,0.0280349999666214,0.0118765104562044,135.097503662109,-86.4508,26.1288,127.027804023322,63,63,63,63,61,63,0,8047,1.25895569026649,26,-86,0.001869,51,2025-12-29 10:29:03.001115,952,1.037,0.0011,"aoml_navis",1031.75094416791
"7901009",97,0,1,0.031773,1,0.009345,1,140.480552431707,1,4.84606760852696,954,1,6.2189998626709,34.8619995117188,0.0317730009555817,0.0148456385359168,135.464401245117,-86.4508,26.1288,127.027804023322,63,63,63,63,61,63,0,8047,1.25895569026649,26,-86,0.001869,51,2025-12-29 10:29:03.001115,954,1.037,0.0011,"aoml_navis",1031.76439206135
"7901009",97,0,1,0.029904,1,0.007476,1,140.712434561823,1,4.84601525274615,956,1,6.20499992370605,34.8619995117188,0.0299040004611015,0.0133610740303993,135.688003540039,-86.4508,26.1288,127.027804023322,63,63,63,63,61,63,0,8047,1.25895569026649,26,-86,0.001869,51,2025-12-29 10:29:03.001115,956,1.037,0.0011,"aoml_navis",1031.77553912291
"7901009",97,0,1,0.028035,1,0.005607,1,141.027993005851,1,4.84595993910197,958,1,6.19199991226196,34.8629989624023,0.0280349999666214,0.0118765104562044,135.992294311523,-86.4508,26.1288,127.027804023322,63,63,63,63,61,63,0,8047,1.25895569026649,26,-86,0.001869,51,2025-12-29 10:29:03.001115,958,1.037,0.0011,"aoml_navis",1031.78731620439
"7901009",97,0,1,0.029904,1,0.007476,1,141.410565290539,1,4.84590404489228,960,1,6.1729998588562,34.8629989624023,0.0299040004611015,0.0133610740303993,136.361206054688,-86.4508,26.1288,127.027804023322,63,63,63,63,61,63,0,8047,1.25895569026649,26,-86,0.001869,51,2025-12-29 10:29:03.001115,960,1.037,0.0011,"aoml_navis",1031.79921716984
"7901009",97,0,1,0.028035,1,0.005607,1,141.569024936436,1,4.84584803592108,962,1,6.15899991989136,34.8639984130859,0.0280349999666214,0.0118765104562044,136.514007568359,-86.4508,26.1288,127.027804023322,63,63,63,63,61,63,0,8047,1.25895569026649,26,-86,0.001869,51,2025-12-29 10:29:03.001115,962,1.037,0.0011,"aoml_navis",1031.81114284563
"7901009",97,0,1,0.028035,1,0.005607,1,141.757027637945,1,4.84579996525208,964,1,6.15100002288818,34.8639984130859,0.0280349999666214,0.0118765104562044,136.695297241211,-86.4508,26.1288,127.027804023322,63,63,63,63,61,63,0,8047,1.25895569026649,26,-86,0.001869,51,2025-12-29 10:29:03.001115,964,1.037,0.0011,"aoml_navis",1031.82137848315
"7901009",97,0,1,0.031773,1,0.009345,1,141.977295090601,1,4.84575189718338,966,1,6.14300012588501,34.8639984130859,0.0317730009555817,0.0148456385359168,136.907699584961,-86.4508,26.1288,127.027804023322,63,63,63,63,61,63,0,8047,1.25895569026649,26,-86,0.001869,51,2025-12-29 10:29:03.001115,966,1.037,0.0011,"aoml_navis",1031.83161377005
"7901009",97,0,1,0.031773,1,0.009345,1,142.328124809913,1,4.84569816045059,968,1,6.1269998550415,34.8639984130859,0.0317730009555817,0.0148456385359168,137.246002197266,-86.4508,26.1288,127.027804023322,63,63,63,63,61,63,0,8047,1.25895569026649,26,-86,0.001869,51,2025-12-29 10:29:03.001115,968,1.037,0.0011,"aoml_navis",1031.84305634403
"7901009",97,0,1,0.035511,1,0.013083,1,142.566542174077,1,4.84564145157194,970,1,6.11199998855591,34.8650016784668,0.0355109982192516,0.017814764752984,137.47590637207,-86.4508,26.1288,127.027804023322,63,63,63,63,61,63,0,8047,1.25895569026649,26,-86,0.001869,51,2025-12-29 10:29:03.001115,970,1.037,0.0011,"aoml_navis",1031.85513207503
"7901009",97,0,1,0.031773,1,0.009345,1,142.741490231301,1,4.84559481024622,972,1,6.10599994659424,34.8650016784668,0.0317730009555817,0.0148456385359168,137.644607543945,-86.4508,26.1288,127.027804023322,63,63,63,63,61,63,0,8047,1.25895569026649,26,-86,0.001869,51,2025-12-29 10:29:03.001115,972,1.037,0.0011,"aoml_navis",1031.86506420786
"7901009",97,0,1,0.029904,1,0.007476,1,143.040671030681,1,4.84553458918205,974,1,6.08599996566772,34.8660011291504,0.0299040004611015,0.0133610740303993,137.93310546875,-86.4508,26.1288,127.027804023322,63,63,63,63,61,63,0,8047,1.25895569026649,26,-86,0.001869,51,2025-12-29 10:29:03.001115,974,1.037,0.0011,"aoml_navis",1031.87788838879
"7901009",97,0,1,0.028035,1,0.005607,1,143.237281885512,1,4.84548653923131,976,1,6.07800006866455,34.8660011291504,0.0280349999666214,0.0118765104562044,138.122695922852,-86.4508,26.1288,127.027804023322,63,63,63,63,61,63,0,8047,1.25895569026649,26,-86,0.001869,51,2025-12-29 10:29:03.001115,976,1.037,0.0011,"aoml_navis",1031.88812093846
"7901009",97,99999,9,99999,9,99999,9,143.416486547963,1,4.8454391987049,978,1,6.07100009918213,34.8660011291504,99999,99999,138.295501708984,-86.4508,26.1288,127.027804023322,63,63,63,63,61,63,0,8047,1.25895569026649,26,-86,0.001869,51,2025-12-29 10:29:03.001115,978,1.037,0.0011,"aoml_navis",1031.89820261008
"7901009",97,0,1,0.029904,1,0.007476,1,146.871457497162,1,4.84491973028211,999.5,1,5.99100017547607,34.8680000305176,0.0299040004611015,0.0133610740303993,141.627105712891,-86.4508,26.1288,127.027804023322,63,63,63,63,61,63,0,8047,1.25895569026649,26,-86,0.001869,51,2025-12-29 10:29:03.001115,999.5,1.037,0.0011,"aoml_navis",1032.00884191096
"7901009",97,0,1,0.031773,1,0.009345,1,154.511968937345,1,4.84360601357686,1049.30004882812,1,5.66349983215332,34.8759994506836,0.0317730009555817,0.0148456385359168,148.99479675293,-86.4508,26.1288,127.027804023322,63,63,63,63,61,63,0,8047,1.25895569026649,26,-86,0.001869,51,2025-12-29 10:29:03.001115,1049.30004882812,1.037,0.0011,"aoml_navis",1032.28875056823
"7901009",97,0,1,0.029904,1,0.007476,1,161.091715366304,1,4.84234967583867,1100,1,5.43149995803833,34.8819999694824,0.0299040004611015,0.0133610740303993,155.339599609375,-86.4508,26.1288,127.027804023322,63,63,63,63,61,63,0,8047,1.25895569026649,26,-86,0.001869,51,2025-12-29 10:29:03.001115,1100,1.037,0.0011,"aoml_navis",1032.55657577724
"7901009",97,0,1,0.028035,1,0.005607,1,168.034111901583,1,4.84110724333196,1149.59997558594,1,5.19360017776489,34.8899993896484,0.0280349999666214,0.0118765104562044,162.034103393555,-86.4508,26.1288,127.027804023322,63,63,63,63,61,63,0,8047,1.25895569026649,26,-86,0.001869,51,2025-12-29 10:29:03.001115,1149.59997558594,1.037,0.0011,"aoml_navis",1032.82157338838
"7901009",97,0,1,0.029904,1,0.007476,1,173.974006698676,1,4.83991404291715,1199.09997558594,1,5.01160001754761,34.8959999084473,0.0299040004611015,0.0133610740303993,167.761901855469,-86.4508,26.1288,127.027804023322,63,63,63,63,61,63,0,8047,1.25895569026649,26,-86,0.001869,51,2025-12-29 10:29:03.001115,1199.09997558594,1.037,0.0011,"aoml_navis",1033.07619839181
"7901009",97,0,1,0.024297,1,0.001869,1,180.610165014756,1,4.83868495135377,1249.40002441406,1,4.81020021438599,34.9039993286133,0.0242970008403063,0.00890738237649202,174.161102294922,-86.4508,26.1288,127.027804023322,63,63,63,63,61,63,0,8047,1.25895569026649,26,-86,0.001869,51,2025-12-29 10:29:03.001115,1249.40002441406,1.037,0.0011,"aoml_navis",1033.33861374899
"7901009",97,0,1,0.031773,1,0.009345,1,185.629493768336,1,4.8375366727981,1298.80004882812,1,4.67689990997314,34.9080009460449,0.0317730009555817,0.0148456385359168,179.001205444336,-86.4508,26.1288,127.027804023322,63,63,63,63,61,63,0,8047,1.25895569026649,26,-86,0.001869,51,2025-12-29 10:29:03.001115,1298.80004882812,1.037,0.0011,"aoml_navis",1033.58389572847
"7901009",97,0,1,0.031773,1,0.009345,1,189.217922741651,1,4.83635903063243,1350.19995117188,1,4.56659984588623,34.9129981994629,0.0317730009555817,0.0148456385359168,182.461502075195,-86.4508,26.1288,127.027804023322,63,63,63,63,61,63,0,8047,1.25895569026649,26,-86,0.001869,51,2025-12-29 10:29:03.001115,1350.19995117188,1.037,0.0011,"aoml_navis",1033.83557100106
"7901009",97,0,1,0.033642,1,0.011214,1,192.140469913586,1,4.8352646392788,1399.90002441406,1,4.50890016555786,34.9150009155273,0.0336420014500618,0.0163302011787891,185.279693603516,-86.4508,26.1288,127.027804023322,63,63,63,63,61,63,0,8047,1.25895569026649,26,-86,0.001869,51,2025-12-29 10:29:03.001115,1399.90002441406,1.037,0.0011,"aoml_navis",1034.06956454523
"7901009",97,0,1,0.031773,1,0.009345,1,194.109490043166,1,4.83419124123375,1449.19995117188,1,4.46810007095337,34.9169998168945,0.0317730009555817,0.0148456385359168,187.178405761719,-86.4508,26.1288,127.027804023322,63,63,63,63,61,63,0,8047,1.25895569026649,26,-86,0.001869,51,2025-12-29 10:29:03.001115,1449.19995117188,1.037,0.0011,"aoml_navis",1034.29917239351
"7901009",97,0,1,0.031773,1,0.009345,1,196.005483283809,1,4.83310753043118,1498.90002441406,1,4.42810010910034,34.9199981689453,0.0317730009555817,0.0148456385359168,189.006698608398,-86.4508,26.1288,127.027804023322,63,63,63,63,61,63,0,8047,1.25895569026649,26,-86,0.001869,51,2025-12-29 10:29:03.001115,1498.90002441406,1.037,0.0011,"aoml_navis",1034.5310896805
"7901009",97,0,1,0.031773,1,0.009345,1,197.429214877577,1,4.83202902103857,1549.09997558594,1,4.39860010147095,34.9210014343262,0.0317730009555817,0.0148456385359168,190.379592895508,-86.4508,26.1288,127.027804023322,63,63,63,63,61,63,0,8047,1.25895569026649,26,-86,0.001869,51,2025-12-29 10:29:03.001115,1549.09997558594,1.037,0.0011,"aoml_navis",1034.76199713
"7901009",97,0,1,0.026166,1,0.003738,1,198.565601882783,1,4.83095874035764,1599.40002441406,1,4.38219976425171,34.9220008850098,0.0261659994721413,0.0103919459506869,191.475402832031,-86.4508,26.1288,127.027804023322,63,63,63,63,61,63,0,8047,1.25895569026649,26,-86,0.001869,51,2025-12-29 10:29:03.001115,1599.40002441406,1.037,0.0011,"aoml_navis",1034.99124474614
"7901009",97,0,1,0.022428,1,0,1,199.99110574341,1,4.82988125925467,1649.5,1,4.35249996185303,34.923999786377,0.0224280003458261,0.0074228192679584,192.850006103516,-86.4508,26.1288,127.027804023322,63,63,63,63,61,63,0,8047,1.25895569026649,26,-86,0.001869,51,2025-12-29 10:29:03.001115,1649.5,1.037,0.0011,"aoml_navis",1035.22213727705
"7901009",97,0,1,0.029904,1,0.007476,1,200.488036712031,1,4.82884375791536,1698.80004882812,1,4.34390020370483,34.923999786377,0.0299040004611015,0.0133610740303993,193.329193115234,-86.4508,26.1288,127.027804023322,63,63,63,63,61,63,0,8047,1.25895569026649,26,-86,0.001869,51,2025-12-29 10:29:03.001115,1698.80004882812,1.037,0.0011,"aoml_navis",1035.44455995373
"7901009",97,0,1,0.029904,1,0.007476,1,201.216659925033,1,4.82776569859342,1749.90002441406,1,4.33419990539551,34.9249992370605,0.0299040004611015,0.0133610740303993,194.031799316406,-86.4508,26.1288,127.027804023322,63,63,63,63,61,63,0,8047,1.25895569026649,26,-86,0.001869,51,2025-12-29 10:29:03.001115,1749.90002441406,1.037,0.0011,"aoml_navis",1035.67577885082
"7901009",97,0,1,0.028035,1,0.005607,1,201.908777605471,1,4.82671464685237,1800,1,4.32590007781982,34.9249992370605,0.0280349999666214,0.0118765104562044,194.699203491211,-86.4508,26.1288,127.027804023322,63,63,63,63,61,63,0,8047,1.25895569026649,26,-86,0.001869,51,2025-12-29 10:29:03.001115,1800,1.037,0.0011,"aoml_navis",1035.90130468157
"7901009",97,0,1,0.026166,1,0.003738,1,202.37388688966,1,4.82568243953974,1849.19995117188,1,4.32079982757568,34.9259986877441,0.0261659994721413,0.0103919459506869,195.147705078125,-86.4508,26.1288,127.027804023322,63,63,63,63,61,63,0,8047,1.25895569026649,26,-86,0.001869,51,2025-12-29 10:29:03.001115,1849.19995117188,1.037,0.0011,"aoml_navis",1036.12288264805
"7901009",97,0,1,0.031773,1,0.009345,1,202.773343180956,1,4.82464129316171,1898.90002441406,1,4.3157000541687,34.9269981384277,0.0317730009555817,0.0148456385359168,195.532897949219,-86.4508,26.1288,127.027804023322,63,63,63,63,61,63,0,8047,1.25895569026649,26,-86,0.001869,51,2025-12-29 10:29:03.001115,1898.90002441406,1.037,0.0011,"aoml_navis",1036.34647555806
"7901009",97,0,1,0.024297,1,0.001869,1,203.259403191245,1,4.82359601120267,1949.30004882812,1,4.31290006637573,34.9259986877441,0.0242970008403063,0.00890738237649202,196.001602172852,-86.4508,26.1288,127.027804023322,63,63,63,63,61,63,0,8047,1.25895569026649,26,-86,0.001869,51,2025-12-29 10:29:03.001115,1949.30004882812,1.037,0.0011,"aoml_navis",1036.57105370923
"7901009",97,0,1,0.029904,1,0.007476,1,200.944126423805,4,4.82252787617941,2000.59997558594,1,4.31220006942749,34.9269981384277,0.0299040004611015,0.0133610740303993,193.768997192383,-86.4508,26.1288,127.027804023322,63,63,63,63,61,63,0,8047,1.25895569026649,26,-86,0.001869,51,2025-12-29 10:29:03.001115,2000.59997558594,1.037,0.0011,"aoml_navis",1036.80064239695
"7901009",98,0.203385235858301,5,0.082236,1,0.059808,1,192.624927997033,1,4.88370377515628,2.09999990463257,1,26.82200050354,36.3660011291504,0.0822359994053841,0.285036236047745,185.746795654297,-85.8595,25.8126,90.7768856391785,63,63,63,63,61,63,0.256053,8047,1.25895569026649,26,-86,0.001869,51,2026-01-08 16:57:08.0018,2.09999990463257,1.037,0.0011,"aoml_navis",1023.81312016411
"7901009",98,0.203385235858301,5,0.089712,1,0.067284,1,192.598391457353,1,4.8836582587161,4,1,26.8199996948242,36.367000579834,0.0897120013833046,0.285036236047745,185.721206665039,-85.8595,25.8126,90.7768856391785,63,63,63,63,61,63,0.256053,8047,1.25895569026649,26,-86,0.001869,51,2026-01-08 16:57:08.0018,4,1.037,0.0011,"aoml_navis",1023.82266225862
"7901009",98,0.203385235858301,5,0.110271,1,0.087843,1,192.632808257474,1,4.88361582073423,6,1,26.8190002441406,36.367000579834,0.110270999372005,0.285036236047745,185.75439453125,-85.8595,25.8126,90.7768856391785,63,63,63,63,61,63,0.256053,8047,1.25895569026649,26,-86,0.001869,51,2026-01-08 16:57:08.0018,6,1.037,0.0011,"aoml_navis",1023.83155914346
"7901009",98,0.203385235858301,5,0.119616,1,0.097188,1,192.641004994239,1,4.8835718578487,8,1,26.8169994354248,36.367000579834,0.119616001844406,0.285036236047745,185.762298583984,-85.8595,25.8126,90.7768856391785,63,63,63,63,61,63,0.256053,8047,1.25895569026649,26,-86,0.001869,51,2026-01-08 16:57:08.0018,8,1.037,0.0011,"aoml_navis",1023.84077587886
"7901009",98,0.203385235858301,5,0.119616,1,0.097188,1,192.611145453168,1,4.88353247589594,10,1,26.818000793457,36.367000579834,0.119616001844406,0.285036236047745,185.733505249023,-85.8595,25.8126,90.7768856391785,63,63,63,63,61,63,0.256053,8047,1.25895569026649,26,-86,0.001869,51,2026-01-08 16:57:08.0018,10,1.037,0.0011,"aoml_navis",1023.84903237132
"7901009",98,0.203385235858301,5,0.123354,1,0.100926,1,192.53501707368,1,4.88348851748882,12,1,26.8159999847412,36.367000579834,0.123354002833366,0.285036236047745,185.660095214844,-85.8595,25.8126,90.7768856391785,63,63,63,63,61,63,0.256053,8047,1.25895569026649,26,-86,0.001869,51,2026-01-08 16:57:08.0018,12,1.037,0.0011,"aoml_navis",1023.8582484824
"7901009",98,0.203385235858301,5,0.136437,1,0.114009,1,192.586871719197,1,4.8834466313297,14,1,26.8129997253418,36.3660011291504,0.136436998844147,0.285036236047745,185.710098266602,-85.8595,25.8126,90.7768856391785,63,63,63,63,61,63,0.256053,8047,1.25895569026649,26,-86,0.001869,51,2026-01-08 16:57:08.0018,14,1.037,0.0011,"aoml_navis",1023.86703029015
"7901009",98,0.203385235858301,5,0.145782,1,0.123354,1,192.539273680224,1,4.88340572884533,16,1,26.8129997253418,36.3660011291504,0.145781993865967,0.285036236047745,185.664199829102,-85.8595,25.8126,90.7768856391785,63,63,63,63,61,63,0.256053,8047,1.25895569026649,26,-86,0.001869,51,2026-01-08 16:57:08.0018,16,1.037,0.0011,"aoml_navis",1023.87560600709
"7901009",98,0.203385235858301,5,0.153258,1,0.13083,1,192.582725879366,1,4.88336330434342,18,1,26.8120002746582,36.3660011291504,0.153257995843887,0.285036236047745,185.706100463867,-85.8595,25.8126,90.7768856391785,63,63,63,63,61,63,0.256053,8047,1.25895569026649,26,-86,0.001869,51,2026-01-08 16:57:08.0018,18,1.037,0.0011,"aoml_navis",1023.88450098579
"7901009",98,0.203385235858301,5,0.179424,1,0.156996,1,192.506913976202,1,4.88332088210857,20,1,26.8110008239746,36.3660011291504,0.179424002766609,0.285036236047745,185.632995605469,-85.8595,25.8126,90.7768856391785,63,63,63,63,61,63,0.256053,8047,1.25895569026649,26,-86,0.001869,51,2026-01-08 16:57:08.0018,20,1.037,0.0011,"aoml_navis",1023.89339564371
"7901009",98,0.203385235858301,5,0.194376,1,0.171948,1,192.568927511685,1,4.88327693486371,22,1,26.8090000152588,36.3660011291504,0.19437600672245,0.285036236047745,185.692794799805,-85.8595,25.8126,90.7768856391785,63,63,63,63,61,63,0.256053,8047,1.25895569026649,26,-86,0.001869,51,2026-01-08 16:57:08.0018,22,1.037,0.0011,"aoml_navis",1023.90261021302
"7901009",98,0.203385235858301,5,0.194376,1,0.171948,1,192.523513159341,1,4.88323756595527,24,1,26.8099994659424,36.3660011291504,0.19437600672245,0.285036236047745,185.649002075195,-85.8595,25.8126,90.7768856391785,63,63,63,63,61,63,0.256053,8047,1.25895569026649,26,-86,0.001869,51,2026-01-08 16:57:08.0018,24,1.037,0.0011,"aoml_navis",1023.91086496769
"7901009",98,0.203385235858301,5,0.209328,1,0.1869,1,192.414407947002,1,4.88319667502378,26,1,26.8099994659424,36.3660011291504,0.20932799577713,0.285036236047745,185.543792724609,-85.8595,25.8126,90.7768856391785,63,63,63,63,61,63,0.256053,8047,1.25895569026649,26,-86,0.001869,51,2026-01-08 16:57:08.0018,26,1.037,0.0011,"aoml_navis",1023.91943899652
"7901009",98,0.203385235858301,5,0.22428,1,0.201852,1,192.440343181668,1,4.88315426189652,28,1,26.8090000152588,36.3660011291504,0.224279999732971,0.285036236047745,185.568801879883,-85.8595,25.8126,90.7768856391785,63,63,63,63,61,63,0.256053,8047,1.25895569026649,26,-86,0.001869,51,2026-01-08 16:57:08.0018,28,1.037,0.0011,"aoml_navis",1023.92833235174
"7901009",98,0.203385235858301,5,0.24297,1,0.220542,1,192.347837152468,1,4.88311337559624,30,1,26.8090000152588,36.3660011291504,0.242970004677773,0.285036236047745,185.479598999023,-85.8595,25.8126,90.7768856391785,63,63,63,63,61,63,0.256053,8047,1.25895569026649,26,-86,0.001869,51,2026-01-08 16:57:08.0018,30,1.037,0.0011,"aoml_navis",1023.93690570199
"7901009",98,0.203385235858301,5,0.26166,1,0.239232,1,192.365575650369,1,4.88307249163999,32,1,26.8090000152588,36.3660011291504,0.261660009622574,0.285036236047745,185.496704101562,-85.8595,25.8126,90.7768856391785,63,63,63,63,61,63,0.256053,8047,1.25895569026649,26,-86,0.001869,51,2026-01-08 16:57:08.0018,32,1.037,0.0011,"aoml_navis",1023.94547870428
"7901009",98,0.203385235858301,5,0.263529,1,0.241101,1,192.358201752044,1,4.88303161002756,34,1,26.8090000152588,36.3660011291504,0.263529002666473,0.285036236047745,185.489593505859,-85.8595,25.8126,90.7768856391785,63,63,63,63,61,63,0.256053,8047,1.25895569026649,26,-86,0.001869,51,2026-01-08 16:57:08.0018,34,1.037,0.0011,"aoml_navis",1023.95405135864
"7901009",98,0.203385235858301,5,0.265398,1,0.24297,1,192.416908109953,1,4.88299225552883,36,1,26.8099994659424,36.3660011291504,0.265397995710373,0.285036236047745,185.546203613281,-85.8595,25.8126,90.7768856391785,63,63,63,63,61,63,0.256053,8047,1.25895569026649,26,-86,0.001869,51,2026-01-08 16:57:08.0018,36,1.037,0.0011,"aoml_navis",1023.96230392106
"7901009",98,0.203385235858301,5,0.271005,1,0.248577,1,192.35468886486,1,4.88295137866084,38,1,26.8099994659424,36.3660011291504,0.271005004644394,0.285036236047745,185.486206054688,-85.8595,25.8126,90.7768856391785,63,63,63,63,61,63,0.256053,8047,1.25895569026649,26,-86,0.001869,51,2026-01-08 16:57:08.0018,38,1.037,0.0011,"aoml_navis",1023.97087586223
"7901009",98,0.203385235858301,5,0.29904,1,0.276612,1,192.319844821702,1,4.88291203196791,40,1,26.8110008239746,36.3660011291504,0.299039989709854,0.285036236047745,185.452606201172,-85.8595,25.8126,90.7768856391785,63,63,63,63,61,63,0.256053,8047,1.25895569026649,26,-86,0.001869,51,2026-01-08 16:57:08.0018,40,1.037,0.0011,"aoml_navis",1023.97912705892
"7901009",98,0.203385235858301,5,0.297171,1,0.274743,1,192.250362444997,1,4.88287115984359,42,1,26.8110008239746,36.3660011291504,0.297170996665955,0.285036236047745,185.385604858398,-85.8595,25.8126,90.7768856391785,63,63,63,63,61,63,0.256053,8047,1.25895569026649,26,-86,0.001869,51,2026-01-08 16:57:08.0018,42,1.037,0.0011,"aoml_navis",1023.98769828696
"7901009",98,0.203385235858301,5,0.310254,1,0.287826,1,192.26632867549,1,4.882830290062,44,1,26.8110008239746,36.3660011291504,0.310254007577896,0.285036236047745,185.401000976562,-85.8595,25.8126,90.7768856391785,63,63,63,63,61,63,0.256053,8047,1.25895569026649,26,-86,0.001869,51,2026-01-08 16:57:08.0018,44,1.037,0.0011,"aoml_navis",1023.99626916718
"7901009",98,0.203385235858301,5,0.304647,1,0.282219,1,192.238431287621,1,4.8827909477537,46,1,26.8120002746582,36.3660011291504,0.304646998643875,0.285036236047745,185.374099731445,-85.8595,25.8126,90.7768856391785,63,63,63,63,61,63,0.256053,8047,1.25895569026649,26,-86,0.001869,51,2026-01-08 16:57:08.0018,46,1.037,0.0011,"aoml_navis",1024.00451985359
"7901009",98,0.203385235858301,5,0.308385,1,0.285957,1,192.227133082892,1,4.88275008271435,48,1,26.8120002746582,36.3660011291504,0.308385014533997,0.285036236047745,185.363204956055,-85.8595,25.8126,90.7768856391785,63,63,63,63,61,63,0.256053,8047,1.25895569026649,26,-86,0.001869,51,2026-01-08 16:57:08.0018,48,1.037,0.0011,"aoml_navis",1024.01309002087
"7901009",98,0.203385235858301,5,0.306516,1,0.284088,1,192.265189360727,1,4.88270922001707,50,1,26.8120002746582,36.3660011291504,0.306515991687775,0.285036236047745,185.39990234375,-85.8595,25.8126,90.7768856391785,63,63,63,63,61,63,0.256053,8047,1.25895569026649,26,-86,0.001869,51,2026-01-08 16:57:08.0018,50,1.037,0.0011,"aoml_navis",1024.02165984042
"7901009",98,0.203385235858301,5,0.315861,1,0.293433,1,192.2344911574,1,4.88266988500135,52,1,26.8129997253418,36.3660011291504,0.315860986709595,0.285036236047745,185.370300292969,-85.8595,25.8126,90.7768856391785,63,63,63,63,61,63,0.256053,8047,1.25895569026649,26,-86,0.001869,51,2026-01-08 16:57:08.0018,52,1.037,0.0011,"aoml_navis",1024.02990940655
"7901009",98,0.203385235858301,5,0.312123,1,0.289695,1,192.189076805056,1,4.88262902704499,54,1,26.8129997253418,36.3660011291504,0.312123000621796,0.285036236047745,185.326507568359,-85.8595,25.8126,90.7768856391785,63,63,63,63,61,63,0.256053,8047,1.25895569026649,26,-86,0.001869,51,2026-01-08 16:57:08.0018,54,1.037,0.0011,"aoml_navis",1024.03847851329
"7901009",98,0.203385235858301,5,0.315861,1,0.293433,1,192.159407149779,1,4.88258817143006,56,1,26.8129997253418,36.3660011291504,0.315860986709595,0.285036236047745,185.297897338867,-85.8595,25.8126,90.7768856391785,63,63,63,63,61,63,0.256053,8047,1.25895569026649,26,-86,0.001869,51,2026-01-08 16:57:08.0018,56,1.037,0.0011,"aoml_navis",1024.04704727238
"7901009",98,0.203385235858301,5,0.310254,1,0.287826,1,192.129436841995,1,4.88254731815635,58,1,26.8129997253418,36.3660011291504,0.310254007577896,0.285036236047745,185.268997192383,-85.8595,25.8126,90.7768856391785,63,63,63,63,61,63,0.256053,8047,1.25895569026649,26,-86,0.001869,51,2026-01-08 16:57:08.0018,58,1.037,0.0011,"aoml_navis",1024.05561568382
"7901009",98,0.203385235858301,5,0.31773,1,0.295302,1,192.093659193685,1,4.88250799282954,60,1,26.8139991760254,36.3660011291504,0.317730009555817,0.285036236047745,185.234497070312,-85.8595,25.8126,90.7768856391785,63,63,63,63,61,63,0.256053,8047,1.25895569026649,26,-86,0.001869,51,2026-01-08 16:57:08.0018,60,1.037,0.0011,"aoml_navis",1024.0638637649
"7901009",98,0.203385235858301,5,0.31773,1,0.295302,1,192.148520364269,1,4.88246355265531,62,1,26.8139991760254,36.367000579834,0.317730009555817,0.285036236047745,185.287399291992,-85.8595,25.8126,90.7768856391785,63,63,63,63,61,63,0.256053,8047,1.25895569026649,26,-86,0.001869,51,2026-01-08 16:57:08.0018,62,1.037,0.0011,"aoml_navis",1024.07318479229
"7901009",98,0.203385235858301,5,0.312123,1,0.289695,1,192.054463601086,1,4.88242270657079,64,1,26.8139991760254,36.367000579834,0.312123000621796,0.285036236047745,185.196701049805,-85.8595,25.8126,90.7768856391785,63,63,63,63,61,63,0.256053,8047,1.25895569026649,26,-86,0.001869,51,2026-01-08 16:57:08.0018,64,1.037,0.0011,"aoml_navis",1024.08175213321
"7901009",98,0.203385235858301,5,0.310254,1,0.287826,1,192.04783342212,1,4.88238186282662,66,1,26.8139991760254,36.367000579834,0.310254007577896,0.285036236047745,185.190307617188,-85.8595,25.8126,90.7768856391785,63,63,63,63,61,63,0.256053,8047,1.25895569026649,26,-86,0.001869,51,2026-01-08 16:57:08.0018,66,1.037,0.0011,"aoml_navis",1024.09031912659
"7901009",98,0.203385235858301,5,0.302778,1,0.28035,1,192.035174369202,1,4.88234102142257,68,1,26.8139991760254,36.367000579834,0.302778005599976,0.285036236047745,185.178100585938,-85.8595,25.8126,90.7768856391785,63,63,63,63,61,63,0.256053,8047,1.25895569026649,26,-86,0.001869,51,2026-01-08 16:57:08.0018,68,1.037,0.0011,"aoml_navis",1024.09888577245
"7901009",98,0.203385235858301,5,0.313992,1,0.291564,1,191.974822334414,1,4.88230171120349,70,1,26.8150005340576,36.367000579834,0.313991993665695,0.285036236047745,185.119903564453,-85.8595,25.8126,90.7768856391785,63,63,63,63,61,63,0.256053,8047,1.25895569026649,26,-86,0.001869,51,2026-01-08 16:57:08.0018,70,1.037,0.0011,"aoml_navis",1024.10713138158
"7901009",98,0.203385235858301,5,0.308385,1,0.285957,1,191.900561165232,1,4.8822608745365,72,1,26.8150005340576,36.367000579834,0.308385014533997,0.285036236047745,185.048294067383,-85.8595,25.8126,90.7768856391785,63,63,63,63,61,63,0.256053,8047,1.25895569026649,26,-86,0.001869,51,2026-01-08 16:57:08.0018,72,1.037,0.0011,"aoml_navis",1024.11569731506
"7901009",98,0.203385235858301,5,0.304647,1,0.282219,1,191.671701312286,1,4.88221950144512,74,1,26.8169994354248,36.3680000305176,0.304646998643875,0.285036236047745,184.827606201172,-85.8595,25.8126,90.7768856391785,63,63,63,63,61,63,0.256053,8047,1.25895569026649,26,-86,0.001869,51,2026-01-08 16:57:08.0018,74,1.037,0.0011,"aoml_navis",1024.12437591551
"7901009",98,0.203385235858301,5,0.29904,1,0.276612,1,191.54278468213,1,4.8821730171094,76,1,26.818000793457,36.3699989318848,0.299039989709854,0.285036236047745,184.70329284668,-85.8595,25.8126,90.7768856391785,63,63,63,63,61,63,0.256053,8047,1.25895569026649,26,-86,0.001869,51,2026-01-08 16:57:08.0018,76,1.037,0.0011,"aoml_navis",1024.13412684837
"7901009",98,0.203385235858301,5,0.293433,1,0.271005,1,191.490740150819,1,4.88213012354645,78,1,26.8190002441406,36.3709983825684,0.293433010578156,0.285036236047745,184.653106689453,-85.8595,25.8126,90.7768856391785,63,63,63,63,61,63,0.256053,8047,1.25895569026649,26,-86,0.001869,51,2026-01-08 16:57:08.0018,78,1.037,0.0011,"aoml_navis",1024.14312471621
"7901009",98,0.203385235858301,5,0.289695,1,0.267267,1,191.351569687799,1,4.88208416619325,80,1,26.818000793457,36.3720016479492,0.289694994688034,0.285036236047745,184.518905639648,-85.8595,25.8126,90.7768856391785,63,63,63,63,61,63,0.256053,8047,1.25895569026649,26,-86,0.001869,51,2026-01-08 16:57:08.0018,80,1.037,0.0011,"aoml_navis",1024.15276545687
"7901009",98,0.203385235858301,5,0.284088,1,0.26166,1,191.312469038098,1,4.88203822210747,82,1,26.8169994354248,36.3730010986328,0.284087985754013,0.285036236047745,184.481201171875,-85.8595,25.8126,90.7768856391785,63,63,63,63,61,63,0.256053,8047,1.25895569026649,26,-86,0.001869,51,2026-01-08 16:57:08.0018,82,1.037,0.0011,"aoml_navis",1024.16240359577
"7901009",98,0.203385235858301,5,0.278481,1,0.256053,1,191.222146695526,1,4.88198770141853,84,1,26.8129997253418,36.3740005493164,0.278481006622314,0.285036236047745,184.394104003906,-85.8595,25.8126,90.7768856391785,63,63,63,63,61,63,0.256053,8047,1.25895569026649,26,-86,0.001869,51,2026-01-08 16:57:08.0018,84,1.037,0.0011,"aoml_navis",1024.17300202276
"7901009",98,0.203385235858301,5,0.284088,1,0.26166,1,191.16272826589,1,4.88194535543116,86,1,26.8120002746582,36.3740005493164,0.284087985754013,0.285036236047745,184.336807250977,-85.8595,25.8126,90.7768856391785,63,63,63,63,61,63,0.256053,8047,1.25895569026649,26,-86,0.001869,51,2026-01-08 16:57:08.0018,86,1.037,0.0011,"aoml_navis",1024.18188569798
"7901009",98,0.203385235858301,5,0.284088,1,0.26166,1,191.196211460859,1,4.88189331056988,88,1,26.806999206543,36.375,0.284087985754013,0.285036236047745,184.369094848633,-85.8595,25.8126,90.7768856391785,63,63,63,63,61,63,0.256053,8047,1.25895569026649,26,-86,0.001869,51,2026-01-08 16:57:08.0018,88,1.037,0.0011,"aoml_navis",1024.19280429058
"7901009",98,0.203385235858301,5,0.278481,1,0.256053,1,190.837612139317,1,4.88183821648512,90,1,26.7999992370605,36.3759994506836,0.278481006622314,0.285036236047745,184.023300170898,-85.8595,25.8126,90.7768856391785,63,63,63,63,61,63,0.256053,8047,1.25895569026649,26,-86,0.001869,51,2026-01-08 16:57:08.0018,90,1.037,0.0011,"aoml_navis",1024.20436283936
"7901009",98,0.22120000104297,1,0.300909,1,0.278481,1,190.655100243867,1,4.88173966583092,92,1,26.7810001373291,36.3839988708496,0.300909012556076,0.285036236047745,183.847305297852,-85.8595,25.8126,90.7768856391785,63,63,63,63,61,63,0.278481,8047,1.25895569026649,26,-86,0.001869,51,2026-01-08 16:57:08.0018,92,1.037,0.0011,"aoml_navis",1024.22503907712
"7901009",98,0.210808054685247,1,0.287826,1,0.265398,1,190.820395827348,1,4.88165254302401,94,1,26.7530002593994,36.3849983215332,0.287826001644135,0.285036236047745,184.006698608398,-85.8595,25.8126,90.7768856391785,63,63,63,63,61,63,0.265398,8047,1.25895569026649,26,-86,0.001869,51,2026-01-08 16:57:08.0018,94,1.037,0.0011,"aoml_navis",1024.24331841174
"7901009",98,0.231591947400694,1,0.313992,1,0.291564,1,190.806597459667,1,4.88158013738098,96,1,26.7369995117188,36.3870010375977,0.313991993665695,0.285036236047745,183.993392944336,-85.8595,25.8126,90.7768856391785,63,63,63,63,61,63,0.291564,8047,1.25895569026649,26,-86,0.001869,51,2026-01-08 16:57:08.0018,96,1.037,0.0011,"aoml_navis",1024.25851041801
"7901009",98,0.25237584011614,1,0.340158,1,0.31773,1,191.135653716461,1,4.88152157509079,98,1,26.7229995727539,36.3860015869141,0.340157985687256,0.285036236047745,184.310699462891,-85.8595,25.8126,90.7768856391785,63,63,63,63,61,63,0.31773,8047,1.25895569026649,26,-86,0.001869,51,2026-01-08 16:57:08.0018,98,1.037,0.0011,"aoml_navis",1024.27079816953
"7901009",98,0.26870604153542,1,0.360717,1,0.338289,1,191.317342773471,1,4.88147021405371,100,1,26.7089996337891,36.382999420166,0.360716998577118,0.285036236047745,184.485900878906,-85.8595,25.8126,90.7768856391785,63,63,63,63,61,63,0.338289,8047,1.25895569026649,26,-86,0.001869,51,2026-01-08 16:57:08.0018,100,1.037,0.0011,"aoml_navis",1024.28157517074
"7901009",98,0.265736914004642,1,0.356979,1,0.334551,1,191.322010799235,1,4.88142995186816,102,1,26.7070007324219,36.3819999694824,0.356979012489319,0.285036236047745,184.49040222168,-85.8595,25.8126,90.7768856391785,63,63,63,63,61,63,0.334551,8047,1.25895569026649,26,-86,0.001869,51,2026-01-08 16:57:08.0018,102,1.037,0.0011,"aoml_navis",1024.29002347693
"7901009",98,0.26870604153542,1,0.360717,1,0.338289,1,191.316203458708,1,4.88138914803183,104,1,26.7070007324219,36.3819999694824,0.360716998577118,0.285036236047745,184.484802246094,-85.8595,25.8126,90.7768856391785,63,63,63,63,61,63,0.338289,8047,1.25895569026649,26,-86,0.001869,51,2026-01-08 16:57:08.0018,104,1.037,0.0011,"aoml_navis",1024.29858558111
"7901009",98,0.276128860362365,1,0.370062,1,0.347634,1,191.330713898116,1,4.88134682055614,106,1,26.7059993743896,36.3819999694824,0.370061993598938,0.285036236047745,184.498794555664,-85.8595,25.8126,90.7768856391785,63,63,63,63,61,63,0.347634,8047,1.25895569026649,26,-86,0.001869,51,2026-01-08 16:57:08.0018,106,1.037,0.0011,"aoml_navis",1024.30746755059
"7901009",98,0.267221477770031,1,0.358848,1,0.33642,1,191.261864474057,1,4.88130602133469,108,1,26.7059993743896,36.3819999694824,0.358848005533218,0.285036236047745,184.432403564453,-85.8595,25.8126,90.7768856391785,63,63,63,63,61,63,0.33642,8047,1.25895569026649,26,-86,0.001869,51,2026-01-08 16:57:08.0018,108,1.037,0.0011,"aoml_navis",1024.31602897801
"7901009",98,0.277613424127754,1,0.371931,1,0.349503,1,191.231688456663,1,4.88126522444931,110,1,26.7059993743896,36.3819999694824,0.371930986642838,0.285036236047745,184.403305053711,-85.8595,25.8126,90.7768856391785,63,63,63,63,61,63,0.349503,8047,1.25895569026649,26,-86,0.001869,51,2026-01-08 16:57:08.0018,110,1.037,0.0011,"aoml_navis",1024.32459005833
"7901009",98,0.2850362429547,1,0.381276,1,0.358848,1,191.182729569501,1,4.88122290669379,112,1,26.7049999237061,36.3819999694824,0.38127601146698,0.292459070682526,184.356094360352,-85.8595,25.8126,90.7768856391785,63,63,63,63,61,63,0.358848,8047,1.25895569026649,26,-86,0.001869,51,2026-01-08 16:57:08.0018,112,1.037,0.0011,"aoml_navis",1024.333470439
"7901009",98,0.277613424127754,1,0.371931,1,0.349503,1,191.030710167769,1,4.8811646948365,114,1,26.7029991149902,36.3860015869141,0.371930986642838,0.285036236047745,184.209503173828,-85.8595,25.8126,90.7768856391785,63,63,63,63,61,63,0.349503,8047,1.25895569026649,26,-86,0.001869,51,2026-01-08 16:57:08.0018,114,1.037,0.0011,"aoml_navis",1024.3456864484
"7901009",98,0.2850362429547,1,0.381276,1,0.358848,1,190.698346733399,1,4.8810978014954,116,1,26.7000007629395,36.3919982910156,0.38127601146698,0.292459070682526,183.889007568359,-85.8595,25.8126,90.7768856391785,63,63,63,63,61,63,0.358848,8047,1.25895569026649,26,-86,0.001869,51,2026-01-08 16:57:08.0018,116,1.037,0.0011,"aoml_navis",1024.35972466443
"7901009",98,0.255344967646919,1,0.343896,1,0.321468,1,190.091360969784,1,4.88103915572336,118,1,26.693000793457,36.3940010070801,0.343896001577377,0.262767761945724,183.303695678711,-85.8595,25.8126,90.7768856391785,63,63,63,63,61,63,0.321468,8047,1.25895569026649,26,-86,0.001869,51,2026-01-08 16:57:08.0018,118,1.037,0.0011,"aoml_navis",1024.3720323647
"7901009",98,0.20635436338908,1,0.282219,1,0.259791,1,189.107024662491,1,4.88096061895435,120,1,26.6800003051758,36.398998260498,0.282218992710114,0.213777184486389,182.354507446289,-85.8595,25.8126,90.7768856391785,63,63,63,63,61,63,0.259791,8047,1.25895569026649,26,-86,0.001869,51,2026-01-08 16:57:08.0018,120,1.037,0.0011,"aoml_navis",1024.38851495408
"7901009",98,0.144002685242739,1,0.203721,1,0.181293,1,183.855606445136,1,4.88084878311351,122,1,26.6639995574951,36.4119987487793,0.20372100174427,0.151425510644913,177.290603637695,-85.8595,25.8126,90.7768856391785,63,63,63,63,61,63,0.181293,8047,1.25895569026649,26,-86,0.001869,51,2026-01-08 16:57:08.0018,122,1.037,0.0011,"aoml_navis",1024.41198696807
"7901009",98,0.108373154873401,1,0.158865,1,0.136437,1,171.491098040632,1,4.8804562151188,124,1,26.5979995727539,36.4819984436035,0.158865004777908,0.115795977413654,165.367599487305,-85.8595,25.8126,90.7768856391785,63,63,63,63,61,63,0.136437,8047,1.25895569026649,26,-86,0.001869,51,2026-01-08 16:57:08.0018,124,1.037,0.0011,"aoml_navis",1024.4943873302
"7901009",98,0.148456376538906,1,0.209328,1,0.1869,1,165.210119049433,1,4.87976538562949,126,1,26.4109992980957,36.5839996337891,0.20932799577713,0.155879184603691,159.310897827148,-85.8595,25.8126,90.7768856391785,63,63,63,63,61,63,0.1869,8047,1.25895569026649,26,-86,0.001869,51,2026-01-08 16:57:08.0018,126,1.037,0.0011,"aoml_navis",1024.63942523233
"7901009",98,0.161817450427408,1,0.226149,1,0.203721,1,162.028313569872,1,4.87937555008197,128,1,26.2679996490479,36.6209983825684,0.226148992776871,0.169240266084671,156.242706298828,-85.8595,25.8126,90.7768856391785,63,63,63,63,61,63,0.203721,8047,1.25895569026649,26,-86,0.001869,51,2026-01-08 16:57:08.0018,128,1.037,0.0011,"aoml_navis",1024.72128834519
"7901009",98,0.160332886662019,1,0.22428,1,0.201852,1,159.634122715253,1,4.87900666169946,130,1,26.1480007171631,36.6619987487793,0.224279999732971,0.167755708098412,153.934005737305,-85.8595,25.8126,90.7768856391785,63,63,63,63,61,63,0.201852,8047,1.25895569026649,26,-86,0.001869,51,2026-01-08 16:57:08.0018,130,1.037,0.0011,"aoml_navis",1024.7987647261
"7901009",98,0.109857718638791,1,0.160734,1,0.138306,1,156.350364388251,1,4.87835854064113,132,1,25.8339996337891,36.7000007629395,0.160733997821808,0.117280535399914,150.767501831055,-85.8595,25.8126,90.7768856391785,63,63,63,63,61,63,0.138306,8047,1.25895569026649,26,-86,0.001869,51,2026-01-08 16:57:08.0018,132,1.037,0.0011,"aoml_navis",1024.93491578069
"7901009",98,0.0771973158002312,1,0.119616,1,0.097188,1,155.35336902804,1,4.87778475876172,134,1,25.5750007629395,36.7410011291504,0.119616001844406,0.0846201330423355,149.806106567383,-85.8595,25.8126,90.7768856391785,63,63,63,63,61,63,0.097188,8047,1.25895569026649,26,-86,0.001869,51,2026-01-08 16:57:08.0018,134,1.037,0.0011,"aoml_navis",1025.05548056805
"7901009",98,0.0757127520348421,1,0.117747,1,0.095319,1,154.867103157816,1,4.87725547680714,136,1,25.3080005645752,36.7669982910156,0.117747001349926,0.0831355676054955,149.337203979492,-85.8595,25.8126,90.7768856391785,63,63,63,63,61,63,0.095319,8047,1.25895569026649,26,-86,0.001869,51,2026-01-08 16:57:08.0018,136,1.037,0.0011,"aoml_navis",1025.16672004912
"7901009",98,0.0697744969732859,1,0.110271,1,0.087843,1,154.609918673965,1,4.87677805059664,138,1,25.0820007324219,36.7960014343262,0.110270999372005,0.0771973133087158,149.089202880859,-85.8595,25.8126,90.7768856391785,63,63,63,63,61,63,0.087843,8047,1.25895569026649,26,-86,0.001869,51,2026-01-08 16:57:08.0018,138,1.037,0.0011,"aoml_navis",1025.26708169306
"7901009",98,0.0697744969732859,1,0.110271,1,0.087843,1,154.017142697251,1,4.87659992958047,140,1,25.0030002593994,36.8019981384277,0.110270999372005,0.0771973133087158,148.517593383789,-85.8595,25.8126,90.7768856391785,63,63,63,63,61,63,0.087843,8047,1.25895569026649,26,-86,0.001869,51,2026-01-08 16:57:08.0018,140,1.037,0.0011,"aoml_navis",1025.30453024678
"7901009",98,0.0771973158002312,1,0.119616,1,0.097188,1,153.853920033686,1,4.8763783073866,142,1,24.8990001678467,36.810001373291,0.119616001844406,0.0846201330423355,148.360198974609,-85.8595,25.8126,90.7768856391785,63,63,63,63,61,63,0.097188,8047,1.25895569026649,26,-86,0.001869,51,2026-01-08 16:57:08.0018,142,1.037,0.0011,"aoml_navis",1025.35112840325
"7901009",98,0.0861046983925656,1,0.13083,1,0.108402,1,154.770862708005,1,4.87618619070231,144,1,24.7730007171631,36.8009986877441,0.130830004811287,0.0935275182127953,149.244400024414,-85.8595,25.8126,90.7768856391785,63,63,63,63,61,63,0.108402,8047,1.25895569026649,26,-86,0.001869,51,2026-01-08 16:57:08.0018,144,1.037,0.0011,"aoml_navis",1025.39152617547
"7901009",98,0.124703356292681,1,0.179424,1,0.156996,1,156.697048376235,1,4.87569583902378,146,1,24.2530002593994,36.7169990539551,0.179424002766609,0.132126182317734,151.101806640625,-85.8595,25.8126,90.7768856391785,63,63,63,63,61,63,0.156996,8047,1.25895569026649,26,-86,0.001869,51,2026-01-08 16:57:08.0018,146,1.037,0.0011,"aoml_navis",1025.49465042124
"7901009",98,0.141033557711961,1,0.199983,1,0.177555,1,155.892407325116,1,4.87533693888798,148,1,23.9020004272461,36.6660003662109,0.19998300075531,0.148456379771233,150.325897216797,-85.8595,25.8126,90.7768856391785,63,63,63,63,61,63,0.177555,8047,1.25895569026649,26,-86,0.001869,51,2026-01-08 16:57:08.0018,148,1.037,0.0011,"aoml_navis",1025.57014267417
"7901009",98,0.117280537465736,1,0.170079,1,0.147651,1,152.258547065843,1,4.8751779604474,150,1,23.9479999542236,36.7169990539551,0.170078992843628,0.124703347682953,146.821792602539,-85.8595,25.8126,90.7768856391785,63,63,63,63,61,63,0.147651,8047,1.25895569026649,26,-86,0.001869,51,2026-01-08 16:57:08.0018,150,1.037,0.0011,"aoml_navis",1025.60358628245
"7901009",98,0.0846201346271765,1,0.128961,1,0.106533,1,150.510126148219,1,4.8747978699655,152,1,24.0179996490479,36.8390007019043,0.128960996866226,0.0920429527759552,145.135803222656,-85.8595,25.8126,90.7768856391785,63,63,63,63,61,63,0.106533,8047,1.25895569026649,26,-86,0.001869,51,2026-01-08 16:57:08.0018,152,1.037,0.0011,"aoml_navis",1025.68355311836
"7901009",98,0.0920429534541218,1,0.138306,1,0.115878,1,149.66576731857,1,4.87450177033553,154,1,23.9449996948242,36.8810005187988,0.138306006789207,0.0994657650589943,144.321594238281,-85.8595,25.8126,90.7768856391785,63,63,63,63,61,63,0.115878,8047,1.25895569026649,26,-86,0.001869,51,2026-01-08 16:57:08.0018,154,1.037,0.0011,"aoml_navis",1025.74585784915
"7901009",98,0.0831355708617874,1,0.127092,1,0.104664,1,149.016595261104,1,4.87416228018955,156,1,23.7779998779297,36.8979988098145,0.127092003822327,0.0905583873391151,143.695602416992,-85.8595,25.8126,90.7768856391785,63,63,63,63,61,63,0.104664,8047,1.25895569026649,26,-86,0.001869,51,2026-01-08 16:57:08.0018,156,1.037,0.0011,"aoml_navis",1025.81730204632
"7901009",98,0.0757127520348421,1,0.117747,1,0.095319,1,148.820379940871,1,4.87400017210487,158,1,23.6949996948242,36.898998260498,0.117747001349926,0.0831355676054955,143.506393432617,-85.8595,25.8126,90.7768856391785,63,63,63,63,61,63,0.095319,8047,1.25895569026649,26,-86,0.001869,51,2026-01-08 16:57:08.0018,158,1.037,0.0011,"aoml_navis",1025.85142048543
"7901009",98,0.0578979868501734,1,0.095319,1,0.072891,1,148.549729389478,1,4.87375642926763,160,1,23.5540008544922,36.9000015258789,0.095319002866745,0.0653208047151566,143.245407104492,-85.8595,25.8126,90.7768856391785,63,63,63,63,61,63,0.072891,8047,1.25895569026649,26,-86,0.001869,51,2026-01-08 16:57:08.0018,160,1.037,0.0011,"aoml_navis",1025.90272463643
"7901009",98,0.048990604257839,1,0.084105,1,0.061677,1,148.375192697367,1,4.87353108161045,162,1,23.4230003356934,36.9000015258789,0.0841049998998642,0.0564134232699871,143.077102661133,-85.8595,25.8126,90.7768856391785,63,63,63,63,61,63,0.061677,8047,1.25895569026649,26,-86,0.001869,51,2026-01-08 16:57:08.0018,162,1.037,0.0011,"aoml_navis",1025.95016144798
"7901009",98,0.0445369129616718,1,0.078498,1,0.05607,1,147.498379220798,1,4.87317221185822,164,1,23.1599998474121,36.8860015869141,0.0784979984164238,0.0519597344100475,142.231597900391,-85.8595,25.8126,90.7768856391785,63,63,63,63,61,63,0.05607,8047,1.25895569026649,26,-86,0.001869,51,2026-01-08 16:57:08.0018,164,1.037,0.0011,"aoml_navis",1026.02571438645
"7901009",98,0.0356295303693375,1,0.067284,1,0.044856,1,146.291686648996,1,4.87281929815334,166,1,22.8759994506836,36.8629989624023,0.0672840029001236,0.0430523492395878,141.067993164062,-85.8595,25.8126,90.7768856391785,63,63,63,63,61,63,0.044856,8047,1.25895569026649,26,-86,0.001869,51,2026-01-08 16:57:08.0018,166,1.037,0.0011,"aoml_navis",1026.10002424979
"7901009",98,0.0311758390731703,1,0.061677,1,0.039249,1,145.139143176051,1,4.87238192641331,168,1,22.5650005340576,36.8540000915527,0.0616770014166832,0.0385986566543579,139.956604003906,-85.8595,25.8126,90.7768856391785,63,63,63,63,61,63,0.039249,8047,1.25895569026649,26,-86,0.001869,51,2026-01-08 16:57:08.0018,168,1.037,0.0011,"aoml_navis",1026.19213261893
"7901009",98,0.0178147651846687,1,0.044856,1,0.022428,1,144.574058877595,1,4.87189252371361,170,1,22.2210006713867,36.8479995727539,0.0448560006916523,0.0252375844866037,139.411697387695,-85.8595,25.8126,90.7768856391785,63,63,63,63,61,63,0.022428,8047,1.25895569026649,26,-86,0.001869,51,2026-01-08 16:57:08.0018,170,1.037,0.0011,"aoml_navis",1026.29521806215
"7901009",98,0.0103919463577234,1,0.035511,1,0.013083,1,143.69040951245,1,4.8717165369616,172,1,22.0949993133545,36.8380012512207,0.0355109982192516,0.017814764752984,138.559600830078,-85.8595,25.8126,90.7768856391785,63,63,63,63,61,63,0.013083,8047,1.25895569026649,26,-86,0.001869,51,2026-01-08 16:57:08.0018,172,1.037,0.0011,"aoml_navis",1026.33229213258
"7901009",98,-0.00148456376538906,1,0.020559,1,-0.001869,1,143.545953894837,1,4.87144057077377,174,1,21.8729991912842,36.8199996948242,0.020558999851346,0.00593825522810221,138.420303344727,-85.8595,25.8126,90.7768856391785,63,63,63,63,61,63,-0.001869,8047,1.25895569026649,26,-86,0.001869,51,2026-01-08 16:57:08.0018,174,1.037,0.0011,"aoml_navis",1026.39043366299
"7901009",98,-0.00148456376538906,1,0.020559,1,-0.001869,1,144.087998716981,1,4.87115101687187,176,1,21.6609992980957,36.810001373291,0.020558999851346,0.00593825522810221,138.942993164062,-85.8595,25.8126,90.7768856391785,63,63,63,63,61,63,-0.001869,8047,1.25895569026649,26,-86,0.001869,51,2026-01-08 16:57:08.0018,176,1.037,0.0011,"aoml_navis",1026.4514449833
"7901009",98,0,1,0.022428,1,0,1,144.664808463203,1,4.87095915462343,178,1,21.5400009155273,36.806999206543,0.0224280003458261,0.0074228192679584,139.499206542969,-85.8595,25.8126,90.7768856391785,63,63,63,63,61,63,0,8047,1.25895569026649,26,-86,0.001869,51,2026-01-08 16:57:08.0018,178,1.037,0.0011,"aoml_navis",1026.49187588734
"7901009",98,0.00148456376538906,1,0.024297,1,0.001869,1,145.348096668283,1,4.870840432415,180,1,21.4790000915527,36.8059997558594,0.0242970008403063,0.00890738237649202,140.158096313477,-85.8595,25.8126,90.7768856391785,63,63,63,63,61,63,0.001869,8047,1.25895569026649,26,-86,0.001869,51,2026-01-08 16:57:08.0018,180,1.037,0.0011,"aoml_navis",1026.51689567276
"7901009",98,0.00296912753077812,1,0.026166,1,0.003738,1,145.922311308656,1,4.8706190351552,182,1,21.3460006713867,36.806999206543,0.0261659994721413,0.0103919459506869,140.711807250977,-85.8595,25.8126,90.7768856391785,63,63,63,63,61,63,0.003738,8047,1.25895569026649,26,-86,0.001869,51,2026-01-08 16:57:08.0018,182,1.037,0.0011,"aoml_navis",1026.56355668775
"7901009",98,0.00296912753077812,1,0.026166,1,0.003738,1,146.507602620333,1,4.87034206909672,184,1,21.1539993286133,36.8019981384277,0.0261659994721413,0.0103919459506869,141.27619934082,-85.8595,25.8126,90.7768856391785,63,63,63,63,61,63,0.003738,8047,1.25895569026649,26,-86,0.001869,51,2026-01-08 16:57:08.0018,184,1.037,0.0011,"aoml_navis",1026.62193518726
"7901009",98,-0.00593825506155625,1,0.014952,1,-0.007476,1,147.041783005852,1,4.87012293667085,186,1,21.0049991607666,36.7970008850098,0.0149520002305508,0.00148456380702555,141.791305541992,-85.8595,25.8126,90.7768856391785,63,63,63,63,61,63,-0.007476,8047,1.25895569026649,26,-86,0.001869,51,2026-01-08 16:57:08.0018,186,1.037,0.0011,"aoml_navis",1026.66812830354
"7901009",98,-0.00148456376538906,1,0.020559,1,-0.001869,1,147.443834526537,1,4.86991680180361,188,1,20.8570003509521,36.7890014648438,0.020558999851346,0.00593825522810221,142.179000854492,-85.8595,25.8126,90.7768856391785,63,63,63,63,61,63,-0.001869,8047,1.25895569026649,26,-86,0.001869,51,2026-01-08 16:57:08.0018,188,1.037,0.0011,"aoml_navis",1026.71158532898
"7901009",98,-0.00296912753077812,1,0.01869,1,-0.003738,1,147.510405321071,1,4.8697959153857,190,1,20.7709999084473,36.7799987792969,0.0186899993568659,0.00445369118824601,142.243194580078,-85.8595,25.8126,90.7768856391785,63,63,63,63,61,63,-0.003738,8047,1.25895569026649,26,-86,0.001869,51,2026-01-08 16:57:08.0018,190,1.037,0.0011,"aoml_navis",1026.73707212307
"7901009",98,-0.00148456376538906,1,0.020559,1,-0.001869,1,147.567038759064,1,4.86966040697336,192,1,20.6679992675781,36.7690010070801,0.020558999851346,0.00593825522810221,142.297805786133,-85.8595,25.8126,90.7768856391785,63,63,63,63,61,63,-0.001869,8047,1.25895569026649,26,-86,0.001869,51,2026-01-08 16:57:08.0018,192,1.037,0.0011,"aoml_navis",1026.76564321405
"7901009",98,-0.00445369129616718,1,0.016821,1,-0.005607,1,147.554901892079,1,4.86958222173145,194,1,20.6200008392334,36.7620010375977,0.0168210007250309,0.0029691276140511,142.286102294922,-85.8595,25.8126,90.7768856391785,63,63,63,63,61,63,-0.005607,8047,1.25895569026649,26,-86,0.001869,51,2026-01-08 16:57:08.0018,194,1.037,0.0011,"aoml_navis",1026.78212880081
"7901009",98,-0.00296912753077812,1,0.01869,1,-0.003738,1,147.875967121718,1,4.86946646709227,196,1,20.5289993286133,36.75,0.0186899993568659,0.00445369118824601,142.595703125,-85.8595,25.8126,90.7768856391785,63,63,63,63,61,63,-0.003738,8047,1.25895569026649,26,-86,0.001869,51,2026-01-08 16:57:08.0018,196,1.037,0.0011,"aoml_navis",1026.80653697687
"7901009",98,-0.00296912753077812,1,0.01869,1,-0.003738,1,148.881048451981,1,4.86930276743253,198,1,20.3950004577637,36.7360000610352,0.0186899993568659,0.00445369118824601,143.564895629883,-85.8595,25.8126,90.7768856391785,63,63,63,63,61,63,-0.003738,8047,1.25895569026649,26,-86,0.001869,51,2026-01-08 16:57:08.0018,198,1.037,0.0011,"aoml_navis",1026.84105688429
"7901009",98,-0.00445369129616718,1,0.016821,1,-0.005607,1,150.194251130275,1,4.86916049105691,200,1,20.2940006256104,36.7280006408691,0.0168210007250309,0.0029691276140511,144.831207275391,-85.8595,25.8126,90.7768856391785,63,63,63,63,61,63,-0.005607,8047,1.25895569026649,26,-86,0.001869,51,2026-01-08 16:57:08.0018,200,1.037,0.0011,"aoml_navis",1026.87106107581
"7901009",98,-0.00445369129616718,1,0.016821,1,-0.005607,1,151.271204233482,1,4.86899728453402,202,1,20.181999206543,36.7220001220703,0.0168210007250309,0.0029691276140511,145.869705200195,-85.8595,25.8126,90.7768856391785,63,63,63,63,61,63,-0.005607,8047,1.25895569026649,26,-86,0.001869,51,2026-01-08 16:57:08.0018,202,1.037,0.0011,"aoml_navis",1026.90548131586
"7901009",98,-0.00445369129616718,1,0.016821,1,-0.005607,1,151.289765569823,1,4.8688984613705,204,1,20.1200008392334,36.7159996032715,0.0168210007250309,0.0029691276140511,145.887603759766,-85.8595,25.8126,90.7768856391785,63,63,63,63,61,63,-0.005607,8047,1.25895569026649,26,-86,0.001869,51,2026-01-08 16:57:08.0018,204,1.037,0.0011,"aoml_navis",1026.92632423322
"7901009",98,-0.00593825506155625,1,0.014952,1,-0.007476,1,150.832124983011,1,4.86882553859635,206,1,20.0809993743896,36.7109985351562,0.0149520002305508,0.00148456380702555,145.446304321289,-85.8595,25.8126,90.7768856391785,63,63,63,63,61,63,-0.007476,8047,1.25895569026649,26,-86,0.001869,51,2026-01-08 16:57:08.0018,206,1.037,0.0011,"aoml_navis",1026.94170500951
"7901009",98,-0.00148456376538906,1,0.020559,1,-0.001869,1,150.891954831866,1,4.86870871131699,208,1,19.9820003509521,36.6969985961914,0.020558999851346,0.00593825522810221,145.503997802734,-85.8595,25.8126,90.7768856391785,63,63,63,63,61,63,-0.001869,8047,1.25895569026649,26,-86,0.001869,51,2026-01-08 16:57:08.0018,208,1.037,0.0011,"aoml_navis",1026.96634702705
"7901009",98,-0.00296912753077812,1,0.01869,1,-0.003738,1,151.189474223078,1,4.86862941389917,210,1,19.9349994659424,36.6910018920898,0.0186899993568659,0.00445369118824601,145.790893554688,-85.8595,25.8126,90.7768856391785,63,63,63,63,61,63,-0.003738,8047,1.25895569026649,26,-86,0.001869,51,2026-01-08 16:57:08.0018,210,1.037,0.0011,"aoml_navis",1026.98307366048
"7901009",98,-0.00296912753077812,1,0.01869,1,-0.003738,1,151.541649075265,1,4.86855442003268,212,1,19.8969993591309,36.6870002746582,0.0186899993568659,0.00445369118824601,146.130493164062,-85.8595,25.8126,90.7768856391785,63,63,63,63,61,63,-0.003738,8047,1.25895569026649,26,-86,0.001869,51,2026-01-08 16:57:08.0018,212,1.037,0.0011,"aoml_navis",1026.99889302386
"7901009",98,-0.00593825506155625,1,0.014952,1,-0.007476,1,151.569657229847,1,4.8684974442813,214,1,19.8759994506836,36.6839981079102,0.0149520002305508,0.00148456380702555,146.157501220703,-85.8595,25.8126,90.7768856391785,63,63,63,63,61,63,-0.007476,8047,1.25895569026649,26,-86,0.001869,51,2026-01-08 16:57:08.0018,214,1.037,0.0011,"aoml_navis",1027.01091193406
"7901009",98,-0.00742281882694531,1,0.013083,1,-0.009345,1,151.883459327875,1,4.86843120364733,216,1,19.8419990539551,36.6790008544922,0.0130829997360706,0,146.460098266602,-85.8595,25.8126,90.7768856391785,63,63,63,63,61,63,-0.009345,8047,1.25895569026649,26,-86,0.001869,51,2026-01-08 16:57:08.0018,216,1.037,0.0011,"aoml_navis",1027.02488560465
"7901009",98,-0.00296912753077812,1,0.01869,1,-0.003738,1,152.019101079894,1,4.8683306399788,218,1,19.7779998779297,36.6730003356934,0.0186899993568659,0.00445369118824601,146.590896606445,-85.8595,25.8126,90.7768856391785,63,63,63,63,61,63,-0.003738,8047,1.25895569026649,26,-86,0.001869,51,2026-01-08 16:57:08.0018,218,1.037,0.0011,"aoml_navis",1027.04610055445
"7901009",98,-0.00445369129616718,1,0.016821,1,-0.005607,1,152.032788680862,1,4.86826435550152,220,1,19.7409992218018,36.6669998168945,0.0168210007250309,0.0029691276140511,146.604095458984,-85.8595,25.8126,90.7768856391785,63,63,63,63,61,63,-0.005607,8047,1.25895569026649,26,-86,0.001869,51,2026-01-08 16:57:08.0018,220,1.037,0.0011,"aoml_navis",1027.06008443227
"7901009",98,-0.00445369129616718,1,0.016821,1,-0.005607,1,152.481931878402,1,4.86815503077132,222,1,19.6669998168945,36.6599998474121,0.0168210007250309,0.0029691276140511,147.037200927734,-85.8595,25.8126,90.7768856391785,63,63,63,63,61,63,-0.005607,8047,1.25895569026649,26,-86,0.001869,51,2026-01-08 16:57:08.0018,222,1.037,0.0011,"aoml_navis",1027.08314924141
"7901009",98,-0.00742281882694531,1,0.013083,1,-0.009345,1,152.902544735429,1,4.86808747306954,224,1,19.6259994506836,36.6529998779297,0.0130829997360706,0,147.442794799805,-85.8595,25.8126,90.7768856391785,63,63,63,63,61,63,-0.009345,8047,1.25895569026649,26,-86,0.001869,51,2026-01-08 16:57:08.0018,224,1.037,0.0011,"aoml_navis",1027.09740276037
"7901009",98,-0.00593825506155625,1,0.014952,1,-0.007476,1,153.776968815759,1,4.8679847574219,226,1,19.556999206543,36.6459999084473,0.0149520002305508,0.00148456380702555,148.285995483398,-85.8595,25.8126,90.7768856391785,63,63,63,63,61,63,-0.007476,8047,1.25895569026649,26,-86,0.001869,51,2026-01-08 16:57:08.0018,226,1.037,0.0011,"aoml_navis",1027.11907476227
"7901009",98,-0.00593825506155625,1,0.014952,1,-0.007476,1,154.331261271602,1,4.8679000972761,228,1,19.507999420166,36.640998840332,0.0149520002305508,0.00148456380702555,148.820495605469,-85.8595,25.8126,90.7768856391785,63,63,63,63,61,63,-0.007476,8047,1.25895569026649,26,-86,0.001869,51,2026-01-08 16:57:08.0018,228,1.037,0.0011,"aoml_navis",1027.13693791658
"7901009",98,-0.00593825506155625,1,0.014952,1,-0.007476,1,154.281906789037,1,4.86781272863477,230,1,19.451000213623,36.6339988708496,0.0149520002305508,0.00148456380702555,148.772903442383,-85.8595,25.8126,90.7768856391785,63,63,63,63,61,63,-0.007476,8047,1.25895569026649,26,-86,0.001869,51,2026-01-08 16:57:08.0018,230,1.037,0.0011,"aoml_navis",1027.15537321057
"7901009",98,-0.00593825506155625,1,0.014952,1,-0.007476,1,154.282634684579,1,4.86770104318704,232,1,19.3600006103516,36.6220016479492,0.0149520002305508,0.00148456380702555,148.77360534668,-85.8595,25.8126,90.7768856391785,63,63,63,63,61,63,-0.007476,8047,1.25895569026649,26,-86,0.001869,51,2026-01-08 16:57:08.0018,232,1.037,0.0011,"aoml_navis",1027.17894045653
"7901009",98,-0.00593825506155625,1,0.014952,1,-0.007476,1,153.885646785062,1,4.86762610241015,234,1,19.3040008544922,36.6119995117188,0.0149520002305508,0.00148456380702555,148.39079284668,-85.8595,25.8126,90.7768856391785,63,63,63,63,61,63,-0.007476,8047,1.25895569026649,26,-86,0.001869,51,2026-01-08 16:57:08.0018,234,1.037,0.0011,"aoml_navis",1027.19475465141
"7901009",98,-0.00445369129616718,1,0.016821,1,-0.005607,1,154.40208867268,1,4.86755661379443,236,1,19.2609996795654,36.6049995422363,0.0168210007250309,0.0029691276140511,148.888793945312,-85.8595,25.8126,90.7768856391785,63,63,63,63,61,63,-0.005607,8047,1.25895569026649,26,-86,0.001869,51,2026-01-08 16:57:08.0018,236,1.037,0.0011,"aoml_navis",1027.20941875236
"7901009",98,-0.00593825506155625,1,0.014952,1,-0.007476,1,155.204340327559,1,4.86746107839509,238,1,19.19700050354,36.5979995727539,0.0149520002305508,0.00148456380702555,149.662399291992,-85.8595,25.8126,90.7768856391785,63,63,63,63,61,63,-0.007476,8047,1.25895569026649,26,-86,0.001869,51,2026-01-08 16:57:08.0018,238,1.037,0.0011,"aoml_navis",1027.22958015899
"7901009",98,-0.00742281882694531,1,0.013083,1,-0.009345,1,156.178422801989,1,4.86739829117442,240,1,19.1679992675781,36.5940017700195,0.0130829997360706,0,150.601699829102,-85.8595,25.8126,90.7768856391785,63,63,63,63,61,63,-0.009345,8047,1.25895569026649,26,-86,0.001869,51,2026-01-08 16:57:08.0018,240,1.037,0.0011,"aoml_navis",1027.24283095263
"7901009",98,0,1,0.01869,1,-0.003738,1,157.628185013639,1,4.86731300482135,242,1,19.1149997711182,36.5880012512207,0.0186899993568659,0.00445369118824601,151.999694824219,-85.8595,25.8126,90.7768856391785,63,63,63,63,61,63,0,8047,1.25895569026649,26,-86,0.001869,51,2026-01-08 16:57:08.0018,242,1.037,0.0011,"aoml_navis",1027.26083057474
"7901009",98,0,1,0.013083,1,-0.009345,1,159.559133650529,1,4.86722193045266,244,1,19.0659999847412,36.5849990844727,0.0130829997360706,0,153.861694335938,-85.8595,25.8126,90.7768856391785,63,63,63,63,61,63,0,8047,1.25895569026649,26,-86,0.001869,51,2026-01-08 16:57:08.0018,244,1.037,0.0011,"aoml_navis",1027.28005244975
"7901009",98,0,1,0.013083,1,-0.009345,1,161.824629408416,1,4.86716071541827,246,1,19.0440006256104,36.5830001831055,0.0130829997360706,0,156.046295166016,-85.8595,25.8126,90.7768856391785,63,63,63,63,61,63,0,8047,1.25895569026649,26,-86,0.001869,51,2026-01-08 16:57:08.0018,246,1.037,0.0011,"aoml_navis",1027.29297271013
"7901009",98,0,1,0.013083,1,-0.009345,1,163.687345750077,1,4.86706622908437,248,1,18.9979991912842,36.5820007324219,0.0130829997360706,0,157.842498779297,-85.8595,25.8126,90.7768856391785,63,63,63,63,61,63,0,8047,1.25895569026649,26,-86,0.001869,51,2026-01-08 16:57:08.0018,248,1.037,0.0011,"aoml_navis",1027.31291596594
"7901009",98,0,1,0.013083,1,-0.009345,1,163.898593695651,1,4.86696754350063,250,1,18.92799949646,36.5740013122559,0.0130829997360706,0,158.046203613281,-85.8595,25.8126,90.7768856391785,63,63,63,63,61,63,0,8047,1.25895569026649,26,-86,0.001869,51,2026-01-08 16:57:08.0018,250,1.037,0.0011,"aoml_navis",1027.33374638527
"7901009",98,0,1,0.013083,1,-0.009345,1,163.147057371525,1,4.86687990978385,252,1,18.8579998016357,36.5629997253418,0.0130829997360706,0,157.321502685547,-85.8595,25.8126,90.7768856391785,63,63,63,63,61,63,0,8047,1.25895569026649,26,-86,0.001869,51,2026-01-08 16:57:08.0018,252,1.037,0.0011,"aoml_navis",1027.35224469964
"7901009",98,0,1,0.013083,1,-0.009345,1,161.817160567195,1,4.86681360122693,254,1,18.8169994354248,36.5559997558594,0.0130829997360706,0,156.039093017578,-85.8595,25.8126,90.7768856391785,63,63,63,63,61,63,0,8047,1.25895569026649,26,-86,0.001869,51,2026-01-08 16:57:08.0018,254,1.037,0.0011,"aoml_navis",1027.36624199856
"7901009",98,0,1,0.009345,1,-0.013083,1,160.020935900988,1,4.8667458890993,256,1,18.7630004882812,36.5449981689453,0.00934499967843294,-0.0029691276140511,154.307006835938,-85.8595,25.8126,90.7768856391785,63,63,63,63,61,63,0,8047,1.25895569026649,26,-86,0.001869,51,2026-01-08 16:57:08.0018,256,1.037,0.0011,"aoml_navis",1027.38053597562
"7901009",98,0,1,0.013083,1,-0.009345,1,157.769539163288,1,4.86666221134466,258,1,18.6870002746582,36.5309982299805,0.0130829997360706,0,152.136001586914,-85.8595,25.8126,90.7768856391785,63,63,63,63,61,63,0,8047,1.25895569026649,26,-86,0.001869,51,2026-01-08 16:57:08.0018,258,1.037,0.0011,"aoml_navis",1027.39820083352
"7901009",98,0,1,0.014952,1,-0.007476,1,156.525201732869,1,4.86660086529609,260,1,18.6380004882812,36.5200004577637,0.0149520002305508,0.00148456380702555,150.936096191406,-85.8595,25.8126,90.7768856391785,63,63,63,63,61,63,0,8047,1.25895569026649,26,-86,0.001869,51,2026-01-08 16:57:08.0018,260,1.037,0.0011,"aoml_navis",1027.41115172505
"7901009",98,0,1,0.016821,1,-0.005607,1,154.703864670435,1,4.86653104814077,262,1,18.5790004730225,36.507999420166,0.0168210007250309,0.0029691276140511,149.179794311523,-85.8595,25.8126,90.7768856391785,63,63,63,63,61,63,0,8047,1.25895569026649,26,-86,0.001869,51,2026-01-08 16:57:08.0018,262,1.037,0.0011,"aoml_navis",1027.42589136675
"7901009",98,0,1,0.016821,1,-0.005607,1,154.004388701436,1,4.86642592226127,264,1,18.4729995727539,36.4900016784668,0.0168210007250309,0.0029691276140511,148.505294799805,-85.8595,25.8126,90.7768856391785,63,63,63,63,61,63,0,8047,1.25895569026649,26,-86,0.001869,51,2026-01-08 16:57:08.0018,264,1.037,0.0011,"aoml_navis",1027.44808610518
"7901009",98,0,1,0.016821,1,-0.005607,1,153.566148113221,1,4.86633464992574,266,1,18.3929996490479,36.4770011901855,0.0168210007250309,0.0029691276140511,148.082702636719,-85.8595,25.8126,90.7768856391785,63,63,63,63,61,63,0,8047,1.25895569026649,26,-86,0.001869,51,2026-01-08 16:57:08.0018,266,1.037,0.0011,"aoml_navis",1027.46735678696
"7901009",98,0,1,0.01869,1,-0.003738,1,153.103000838389,1,4.86625090097752,268,1,18.3250007629395,36.4659996032715,0.0186899993568659,0.00445369118824601,147.636093139648,-85.8595,25.8126,90.7768856391785,63,63,63,63,61,63,0,8047,1.25895569026649,26,-86,0.001869,51,2026-01-08 16:57:08.0018,268,1.037,0.0011,"aoml_navis",1027.4850396628
"7901009",98,0,1,0.013083,1,-0.009345,1,152.653462045445,1,4.8661444220639,270,1,18.2320003509521,36.4529991149902,0.0130829997360706,0,147.202606201172,-85.8595,25.8126,90.7768856391785,63,63,63,63,61,63,0,8047,1.25895569026649,26,-86,0.001869,51,2026-01-08 16:57:08.0018,270,1.037,0.0011,"aoml_navis",1027.50752265576
"7901009",98,0,1,0.013083,1,-0.009345,1,152.432783105447,1,4.86606229228574,272,1,18.1650009155273,36.4420013427734,0.0130829997360706,0,146.989807128906,-85.8595,25.8126,90.7768856391785,63,63,63,63,61,63,0,8047,1.25895569026649,26,-86,0.001869,51,2026-01-08 16:57:08.0018,272,1.037,0.0011,"aoml_navis",1027.52486500771
"7901009",98,0,1,0.016821,1,-0.005607,1,152.364946405621,1,4.86599467094224,274,1,18.1219997406006,36.435001373291,0.0168210007250309,0.0029691276140511,146.924392700195,-85.8595,25.8126,90.7768856391785,63,63,63,63,61,63,0,8047,1.25895569026649,26,-86,0.001869,51,2026-01-08 16:57:08.0018,274,1.037,0.0011,"aoml_navis",1027.53914422841
"7901009",98,0,1,0.01869,1,-0.003738,1,152.196644297073,1,4.86594744155425,276,1,18.1079998016357,36.431999206543,0.0186899993568659,0.00445369118824601,146.762100219727,-85.8595,25.8126,90.7768856391785,63,63,63,63,61,63,0,8047,1.25895569026649,26,-86,0.001869,51,2026-01-08 16:57:08.0018,276,1.037,0.0011,"aoml_navis",1027.54911762938
"7901009",98,0,1,0.013083,1,-0.009345,1,152.016300264436,1,4.86590018670205,278,1,18.0970001220703,36.4300003051758,0.0130829997360706,0,146.588195800781,-85.8595,25.8126,90.7768856391785,63,63,63,63,61,63,0,8047,1.25895569026649,26,-86,0.001869,51,2026-01-08 16:57:08.0018,278,1.037,0.0011,"aoml_navis",1027.55909660137
"7901009",98,0,1,0.01869,1,-0.003738,1,151.875784777043,1,4.86585293661046,280,1,18.0860004425049,36.4280014038086,0.0186899993568659,0.00445369118824601,146.452697753906,-85.8595,25.8126,90.7768856391785,63,63,63,63,61,63,0,8047,1.25895569026649,26,-86,0.001869,51,2026-01-08 16:57:08.0018,280,1.037,0.0011,"aoml_navis",1027.56907476184
"7901009",98,0,1,0.020559,1,-0.001869,1,151.697940907357,1,4.86580572593477,282,1,18.07200050354,36.4249992370605,0.020558999851346,0.00593825522810221,146.281204223633,-85.8595,25.8126,90.7768856391785,63,63,63,63,61,63,0,8047,1.25895569026649,26,-86,0.001869,51,2026-01-08 16:57:08.0018,282,1.037,0.0011,"aoml_navis",1027.5790447921
"7901009",98,0,1,0.013083,1,-0.009345,1,151.28468612484,1,4.86576328251211,284,1,18.0650005340576,36.4230003356934,0.0130829997360706,0,145.882705688477,-85.8595,25.8126,90.7768856391785,63,63,63,63,61,63,0,8047,1.25895569026649,26,-86,0.001869,51,2026-01-08 16:57:08.0018,284,1.037,0.0011,"aoml_navis",1027.58800823097
"7901009",98,0,1,0.014952,1,-0.007476,1,150.775602311731,1,4.86569461696607,286,1,18.0209999084473,36.4160003662109,0.0149520002305508,0.00148456380702555,145.391799926758,-85.8595,25.8126,90.7768856391785,63,63,63,63,61,63,0,8047,1.25895569026649,26,-86,0.001869,51,2026-01-08 16:57:08.0018,286,1.037,0.0011,"aoml_navis",1027.60250973533
"7901009",98,0,1,0.014952,1,-0.007476,1,150.536156325782,1,4.86561070912528,288,1,17.9459991455078,36.4029998779297,0.0149520002305508,0.00148456380702555,145.160903930664,-85.8595,25.8126,90.7768856391785,63,63,63,63,61,63,0,8047,1.25895569026649,26,-86,0.001869,51,2026-01-08 16:57:08.0018,288,1.037,0.0011,"aoml_navis",1027.62023082173
"7901009",98,0,1,0.020559,1,-0.001869,1,150.272531548759,1,4.86553279318514,290,1,17.8880004882812,36.3940010070801,0.020558999851346,0.00593825522810221,144.906692504883,-85.8595,25.8126,90.7768856391785,63,63,63,63,61,63,0,8047,1.25895569026649,26,-86,0.001869,51,2026-01-08 16:57:08.0018,290,1.037,0.0011,"aoml_navis",1027.63668698384
"7901009",98,0,1,0.014952,1,-0.007476,1,149.995440704194,1,4.86545031197955,292,1,17.8229999542236,36.3839988708496,0.0149520002305508,0.00148456380702555,144.639495849609,-85.8595,25.8126,90.7768856391785,63,63,63,63,61,63,0,8047,1.25895569026649,26,-86,0.001869,51,2026-01-08 16:57:08.0018,292,1.037,0.0011,"aoml_navis",1027.65410792279
"7901009",98,0,1,0.014952,1,-0.007476,1,149.785237130486,1,4.8653667963165,294,1,17.7569999694824,36.3740005493164,0.0149520002305508,0.00148456380702555,144.436798095703,-85.8595,25.8126,90.7768856391785,63,63,63,63,61,63,0,8047,1.25895569026649,26,-86,0.001869,51,2026-01-08 16:57:08.0018,294,1.037,0.0011,"aoml_navis",1027.67174795237
"7901009",98,0,1,0.014952,1,-0.007476,1,149.359434061763,1,4.86531637449086,296,1,17.7310009002686,36.3680000305176,0.0149520002305508,0.00148456380702555,144.02619934082,-85.8595,25.8126,90.7768856391785,63,63,63,63,61,63,0,8047,1.25895569026649,26,-86,0.001869,51,2026-01-08 16:57:08.0018,296,1.037,0.0011,"aoml_navis",1027.68239825375
"7901009",98,0,1,0.01869,1,-0.003738,1,148.891634584984,1,4.86524130656998,298,1,17.6749992370605,36.359001159668,0.0186899993568659,0.00445369118824601,143.575103759766,-85.8595,25.8126,90.7768856391785,63,63,63,63,61,63,0,8047,1.25895569026649,26,-86,0.001869,51,2026-01-08 16:57:08.0018,298,1.037,0.0011,"aoml_navis",1027.69825481175
"7901009",98,0,1,0.013083,1,-0.009345,1,148.436889756527,1,4.86516874084003,300,1,17.621000289917,36.3499984741211,0.0130829997360706,0,143.136596679688,-85.8595,25.8126,90.7768856391785,63,63,63,63,61,63,0,8047,1.25895569026649,26,-86,0.001869,51,2026-01-08 16:57:08.0018,300,1.037,0.0011,"aoml_navis",1027.71358329839
"7901009",98,0,1,0.014952,1,-0.007476,1,147.995737586142,1,4.86508709240488,302,1,17.5499992370605,36.3380012512207,0.0149520002305508,0.00148456380702555,142.711196899414,-85.8595,25.8126,90.7768856391785,63,63,63,63,61,63,0,8047,1.25895569026649,26,-86,0.001869,51,2026-01-08 16:57:08.0018,302,1.037,0.0011,"aoml_navis",1027.73083092505
"7901009",98,0,1,0.014952,1,-0.007476,1,147.546705155314,1,4.86502438653468,304,1,17.4979991912842,36.3269996643066,0.0149520002305508,0.00148456380702555,142.278198242188,-85.8595,25.8126,90.7768856391785,63,63,63,63,61,63,0,8047,1.25895569026649,26,-86,0.001869,51,2026-01-08 16:57:08.0018,304,1.037,0.0011,"aoml_navis",1027.74407746833
"7901009",98,0,1,0.01869,1,-0.003738,1,147.177313991159,1,4.86493136386247,306,1,17.4169998168945,36.314998626709,0.0186899993568659,0.00445369118824601,141.921997070312,-85.8595,25.8126,90.7768856391785,63,63,63,63,61,63,0,8047,1.25895569026649,26,-86,0.001869,51,2026-01-08 16:57:08.0018,306,1.037,0.0011,"aoml_navis",1027.76372903035
"7901009",98,0,1,0.013083,1,-0.009345,1,147.282779725784,1,4.86482291830981,308,1,17.3040008544922,36.2970008850098,0.0130829997360706,0,142.023696899414,-85.8595,25.8126,90.7768856391785,63,63,63,63,61,63,0,8047,1.25895569026649,26,-86,0.001869,51,2026-01-08 16:57:08.0018,308,1.037,0.0011,"aoml_navis",1027.78663971127
"7901009",98,0,1,0.016821,1,-0.005607,1,147.434814951332,1,4.86475216878219,310,1,17.253999710083,36.2890014648438,0.0168210007250309,0.0029691276140511,142.170303344727,-85.8595,25.8126,90.7768856391785,63,63,63,63,61,63,0,8047,1.25895569026649,26,-86,0.001869,51,2026-01-08 16:57:08.0018,310,1.037,0.0011,"aoml_navis",1027.80158711593
"7901009",98,0,1,0.01869,1,-0.003738,1,147.45980075703,1,4.86468941604889,312,1,17.2169990539551,36.2830009460449,0.0186899993568659,0.00445369118824601,142.194396972656,-85.8595,25.8126,90.7768856391785,63,63,63,63,61,63,0,8047,1.25895569026649,26,-86,0.001869,51,2026-01-08 16:57:08.0018,312,1.037,0.0011,"aoml_navis",1027.81484538452
"7901009",98,0,1,0.011214,1,-0.011214,1,147.373102068356,1,4.8646462500742,314,1,17.2029991149902,36.2789993286133,0.0112140001729131,-0.00148456380702555,142.110794067383,-85.8595,25.8126,90.7768856391785,63,63,63,63,61,63,0,8047,1.25895569026649,26,-86,0.001869,51,2026-01-08 16:57:08.0018,314,1.037,0.0011,"aoml_navis",1027.82396560156
"7901009",98,0,1,0.01869,1,-0.003738,1,147.121107796201,1,4.86459945410073,316,1,17.1889991760254,36.2760009765625,0.0186899993568659,0.00445369118824601,141.867797851562,-85.8595,25.8126,90.7768856391785,63,63,63,63,61,63,0,8047,1.25895569026649,26,-86,0.001869,51,2026-01-08 16:57:08.0018,316,1.037,0.0011,"aoml_navis",1027.83385295682
"7901009",98,0,1,0.01869,1,-0.003738,1,146.768838001118,1,4.86454712559746,318,1,17.1639995574951,36.2709999084473,0.0186899993568659,0.00445369118824601,141.528106689453,-85.8595,25.8126,90.7768856391785,63,63,63,63,61,63,0,8047,1.25895569026649,26,-86,0.001869,51,2026-01-08 16:57:08.0018,318,1.037,0.0011,"aoml_navis",1027.84490948598
"7901009",98,0,1,0.014952,1,-0.007476,1,146.505007514485,1,4.86447575927017,320,1,17.1070003509521,36.2610015869141,0.0149520002305508,0.00148456380702555,141.273696899414,-85.8595,25.8126,90.7768856391785,63,63,63,63,61,63,0,8047,1.25895569026649,26,-86,0.001869,51,2026-01-08 16:57:08.0018,320,1.037,0.0011,"aoml_navis",1027.85998891485
"7901009",98,0,1,0.016821,1,-0.005607,1,146.193895465202,1,4.86438196629426,322,1,17.0179996490479,36.2470016479492,0.0168210007250309,0.0029691276140511,140.973693847656,-85.8595,25.8126,90.7768856391785,63,63,63,63,61,63,0,8047,1.25895569026649,26,-86,0.001869,51,2026-01-08 16:57:08.0018,322,1.037,0.0011,"aoml_navis",1027.8798076807
"7901009",98,0,1,0.01869,1,-0.003738,1,145.116641709489,1,4.86431572289895,324,1,16.9619998931885,36.2360000610352,0.0186899993568659,0.00445369118824601,139.934906005859,-85.8595,25.8126,90.7768856391785,63,63,63,63,61,63,0,8047,1.25895569026649,26,-86,0.001869,51,2026-01-08 16:57:08.0018,324,1.037,0.0011,"aoml_navis",1027.89380558961
"7901009",98,0,1,0.016821,1,-0.005607,1,143.968022542948,1,4.86420738268605,326,1,16.8409996032715,36.2159996032715,0.0168210007250309,0.0029691276140511,138.827301025391,-85.8595,25.8126,90.7768856391785,63,63,63,63,61,63,0,8047,1.25895569026649,26,-86,0.001869,51,2026-01-08 16:57:08.0018,326,1.037,0.0011,"aoml_navis",1027.91669980957
"7901009",98,0,1,0.01869,1,-0.003738,1,143.942720260928,1,4.86405525937584,328,1,16.6590003967285,36.1889991760254,0.0186899993568659,0.00445369118824601,138.80290222168,-85.8595,25.8126,90.7768856391785,63,63,63,63,61,63,0,8047,1.25895569026649,26,-86,0.001869,51,2026-01-08 16:57:08.0018,328,1.037,0.0011,"aoml_navis",1027.94884790055
"7901009",98,0,1,0.020559,1,-0.001869,1,143.677544749922,1,4.86399738909175,330,1,16.6159992218018,36.1800003051758,0.020558999851346,0.00593825522810221,138.54719543457,-85.8595,25.8126,90.7768856391785,63,63,63,63,61,63,0,8047,1.25895569026649,26,-86,0.001869,51,2026-01-08 16:57:08.0018,330,1.037,0.0011,"aoml_navis",1027.96107810692
"7901009",98,0,1,0.01869,1,-0.003738,1,143.370483597573,1,4.86393876074259,332,1,16.5849990844727,36.1749992370605,0.0186899993568659,0.00445369118824601,138.251098632812,-85.8595,25.8126,90.7768856391785,63,63,63,63,61,63,0,8047,1.25895569026649,26,-86,0.001869,51,2026-01-08 16:57:08.0018,332,1.037,0.0011,"aoml_navis",1027.97346881823
"7901009",98,0,1,0.014952,1,-0.007476,1,143.010017065725,1,4.86388814161791,334,1,16.5610008239746,36.1699981689453,0.0149520002305508,0.00148456380702555,137.903503417969,-85.8595,25.8126,90.7768856391785,63,63,63,63,61,63,0,8047,1.25895569026649,26,-86,0.001869,51,2026-01-08 16:57:08.0018,334,1.037,0.0011,"aoml_navis",1027.98416707355
"7901009",98,0,1,0.020559,1,-0.001869,1,142.361667846699,1,4.86383980237337,336,1,16.5389995574951,36.1650009155273,0.020558999851346,0.00593825522810221,137.278305053711,-85.8595,25.8126,90.7768856391785,63,63,63,63,61,63,0,8047,1.25895569026649,26,-86,0.001869,51,2026-01-08 16:57:08.0018,336,1.037,0.0011,"aoml_navis",1027.99438368842
"7901009",98,0,1,0.01869,1,-0.003738,1,141.421495810275,1,4.86377576337613,338,1,16.4839992523193,36.1539993286133,0.0186899993568659,0.00445369118824601,136.371704101562,-85.8595,25.8126,90.7768856391785,63,63,63,63,61,63,0,8047,1.25895569026649,26,-86,0.001869,51,2026-01-08 16:57:08.0018,338,1.037,0.0011,"aoml_navis",1028.00791879626
"7901009",98,0,1,0.016821,1,-0.005607,1,140.64144496945,1,4.86366929529167,340,1,16.3689994812012,36.1360015869141,0.0168210007250309,0.0029691276140511,135.619506835938,-85.8595,25.8126,90.7768856391785,63,63,63,63,61,63,0,8047,1.25895569026649,26,-86,0.001869,51,2026-01-08 16:57:08.0018,340,1.037,0.0011,"aoml_navis",1028.03042238918
"7901009",98,0,1,0.016821,1,-0.005607,1,139.913850079156,1,4.86359483379603,342,1,16.2980003356934,36.1230010986328,0.0168210007250309,0.0029691276140511,134.917892456055,-85.8595,25.8126,90.7768856391785,63,63,63,63,61,63,0,8047,1.25895569026649,26,-86,0.001869,51,2026-01-08 16:57:08.0018,342,1.037,0.0011,"aoml_navis",1028.04616150509
"7901009",98,0,1,0.020559,1,-0.001869,1,139.494376536893,1,4.86352181974906,344,1,16.2409992218018,36.1139984130859,0.020558999851346,0.00593825522810221,134.513397216797,-85.8595,25.8126,90.7768856391785,63,63,63,63,61,63,0,8047,1.25895569026649,26,-86,0.001869,51,2026-01-08 16:57:08.0018,344,1.037,0.0011,"aoml_navis",1028.06159513806
"7901009",98,0,1,0.01869,1,-0.003738,1,139.736734105013,1,4.86344918037094,346,1,16.1809997558594,36.1040000915527,0.0186899993568659,0.00445369118824601,134.747100830078,-85.8595,25.8126,90.7768856391785,63,63,63,63,61,63,0,8047,1.25895569026649,26,-86,0.001869,51,2026-01-08 16:57:08.0018,346,1.037,0.0011,"aoml_navis",1028.07695003377
"7901009",98,0,1,0.020559,1,-0.001869,1,139.655747813968,1,4.86336382185356,348,1,16.1159992218018,36.0960006713867,0.020558999851346,0.00593825522810221,134.669006347656,-85.8595,25.8126,90.7768856391785,63,63,63,63,61,63,0,8047,1.25895569026649,26,-86,0.001869,51,2026-01-08 16:57:08.0018,348,1.037,0.0011,"aoml_navis",1028.09499415455
"7901009",98,0,1,0.016821,1,-0.005607,1,139.433613082885,1,4.86328366824728,350,1,16.048999786377,36.0859985351562,0.0168210007250309,0.0029691276140511,134.454803466797,-85.8595,25.8126,90.7768856391785,63,63,63,63,61,63,0,8047,1.25895569026649,26,-86,0.001869,51,2026-01-08 16:57:08.0018,350,1.037,0.0011,"aoml_navis",1028.11193857462
"7901009",98,0,1,0.014952,1,-0.007476,1,139.021592558027,1,4.86320923186194,352,1,16,36.0800018310547,0.0149520002305508,0.00148456380702555,134.057495117188,-85.8595,25.8126,90.7768856391785,63,63,63,63,61,63,0,8047,1.25895569026649,26,-86,0.001869,51,2026-01-08 16:57:08.0018,352,1.037,0.0011,"aoml_navis",1028.12767487811
"7901009",98,0,1,0.01869,1,-0.003738,1,138.202140414995,1,4.8631571925681,354,1,15.9709997177124,36.0740013122559,0.0186899993568659,0.00445369118824601,133.267303466797,-85.8595,25.8126,90.7768856391785,63,63,63,63,61,63,0,8047,1.25895569026649,26,-86,0.001869,51,2026-01-08 16:57:08.0018,354,1.037,0.0011,"aoml_navis",1028.13867658669
"7901009",98,0,1,0.016821,1,-0.005607,1,137.419700177932,1,4.86310019475594,356,1,15.9309997558594,36.0660018920898,0.0168210007250309,0.0029691276140511,132.512802124023,-85.8595,25.8126,90.7768856391785,63,63,63,63,61,63,0,8047,1.25895569026649,26,-86,0.001869,51,2026-01-08 16:57:08.0018,356,1.037,0.0011,"aoml_navis",1028.15072685356
"7901009",98,0,1,0.01869,1,-0.003738,1,137.071148979643,1,4.86302668028577,358,1,15.8629999160767,36.0540008544922,0.0186899993568659,0.00445369118824601,132.176696777344,-85.8595,25.8126,90.7768856391785,63,63,63,63,61,63,0,8047,1.25895569026649,26,-86,0.001869,51,2026-01-08 16:57:08.0018,358,1.037,0.0011,"aoml_navis",1028.16626942836
"7901009",98,0,1,0.020559,1,-0.001869,1,136.987251106427,1,4.86297398586876,360,1,15.8299999237061,36.0470008850098,0.020558999851346,0.00593825522810221,132.095794677734,-85.8595,25.8126,90.7768856391785,63,63,63,63,61,63,0,8047,1.25895569026649,26,-86,0.001869,51,2026-01-08 16:57:08.0018,360,1.037,0.0011,"aoml_navis",1028.17741047545
"7901009",98,0,1,0.01869,1,-0.003738,1,137.157641958707,1,4.86291136355719,362,1,15.7880001068115,36.0400009155273,0.0186899993568659,0.00445369118824601,132.260101318359,-85.8595,25.8126,90.7768856391785,63,63,63,63,61,63,0,8047,1.25895569026649,26,-86,0.001869,51,2026-01-08 16:57:08.0018,362,1.037,0.0011,"aoml_navis",1028.1906508661
"7901009",98,0,1,0.01869,1,-0.003738,1,136.76554361838,1,4.86280465175028,364,1,15.6829996109009,36.0260009765625,0.0186899993568659,0.00445369118824601,131.88200378418,-85.8595,25.8126,90.7768856391785,63,63,63,63,61,63,0,8047,1.25895569026649,26,-86,0.001869,51,2026-01-08 16:57:08.0018,364,1.037,0.0011,"aoml_navis",1028.21321399377
"7901009",98,0,1,0.016821,1,-0.005607,1,135.23830800287,1,4.86272029493903,366,1,15.5880002975464,36.0089988708496,0.0168210007250309,0.0029691276140511,130.409301757812,-85.8595,25.8126,90.7768856391785,63,63,63,63,61,63,0,8047,1.25895569026649,26,-86,0.001869,51,2026-01-08 16:57:08.0018,366,1.037,0.0011,"aoml_navis",1028.23105108551
"7901009",98,0,1,0.014952,1,-0.007476,1,134.850561211983,1,4.86261394252135,368,1,15.4460000991821,35.984001159668,0.0149520002305508,0.00148456380702555,130.035400390625,-85.8595,25.8126,90.7768856391785,63,63,63,63,61,63,0,8047,1.25895569026649,26,-86,0.001869,51,2026-01-08 16:57:08.0018,368,1.037,0.0011,"aoml_navis",1028.25353998953
"7901009",98,0,1,0.01869,1,-0.003738,1,134.697592381282,1,4.8625286961248,370,1,15.3660001754761,35.9720001220703,0.0186899993568659,0.00445369118824601,129.887893676758,-85.8595,25.8126,90.7768856391785,63,63,63,63,61,63,0,8047,1.25895569026649,26,-86,0.001869,51,2026-01-08 16:57:08.0018,370,1.037,0.0011,"aoml_navis",1028.27156659965
"7901009",98,0,1,0.01869,1,-0.003738,1,134.6319551919,1,4.86244625878951,372,1,15.2849998474121,35.9589996337891,0.0186899993568659,0.00445369118824601,129.824600219727,-85.8595,25.8126,90.7768856391785,63,63,63,63,61,63,0,8047,1.25895569026649,26,-86,0.001869,51,2026-01-08 16:57:08.0018,372,1.037,0.0011,"aoml_navis",1028.28899979344
"7901009",98,0,1,0.01869,1,-0.003738,1,134.507089458678,1,4.86238135290751,374,1,15.2299995422363,35.9490013122559,0.0186899993568659,0.00445369118824601,129.704193115234,-85.8595,25.8126,90.7768856391785,63,63,63,63,61,63,0,8047,1.25895569026649,26,-86,0.001869,51,2026-01-08 16:57:08.0018,374,1.037,0.0011,"aoml_navis",1028.30272599047
"7901009",98,0,1,0.020559,1,-0.001869,1,134.496835625814,1,4.86229789685468,376,1,15.1510000228882,35.9370002746582,0.020558999851346,0.00593825522810221,129.694305419922,-85.8595,25.8126,90.7768856391785,63,63,63,63,61,63,0,8047,1.25895569026649,26,-86,0.001869,51,2026-01-08 16:57:08.0018,376,1.037,0.0011,"aoml_navis",1028.32037568788
"7901009",98,0,1,0.022428,1,0,1,134.436372824313,1,4.86222791089118,378,1,15.0909996032715,35.9269981384277,0.0224280003458261,0.0074228192679584,129.636001586914,-85.8595,25.8126,90.7768856391785,63,63,63,63,61,63,0,8047,1.25895569026649,26,-86,0.001869,51,2026-01-08 16:57:08.0018,378,1.037,0.0011,"aoml_navis",1028.3351771315
"7901009",98,0,1,0.020559,1,-0.001869,1,134.33204640445,1,4.86217715547758,380,1,15.0690002441406,35.9230003356934,0.020558999851346,0.00593825522810221,129.535400390625,-85.8595,25.8126,90.7768856391785,63,63,63,63,61,63,0,8047,1.25895569026649,26,-86,0.001869,51,2026-01-08 16:57:08.0018,380,1.037,0.0011,"aoml_navis",1028.34591174185
"7901009",98,0,1,0.016821,1,-0.005607,1,133.980805157416,1,4.86212925828588,382,1,15.0530004501343,35.9199981689453,0.0168210007250309,0.0029691276140511,129.196701049805,-85.8595,25.8126,90.7768856391785,63,63,63,63,61,63,0,8047,1.25895569026649,26,-86,0.001869,51,2026-01-08 16:57:08.0018,382,1.037,0.0011,"aoml_navis",1028.3560420528
"7901009",98,0,1,0.016821,1,-0.005607,1,133.432937170929,1,4.86207719219635,384,1,15.0229997634888,35.9140014648438,0.0168210007250309,0.0029691276140511,128.668395996094,-85.8595,25.8126,90.7768856391785,63,63,63,63,61,63,0,8047,1.25895569026649,26,-86,0.001869,51,2026-01-08 16:57:08.0018,384,1.037,0.0011,"aoml_navis",1028.36705431683
"7901009",98,0,1,0.016821,1,-0.005607,1,132.735328412235,1,4.86202625024636,386,1,14.9940004348755,35.9080009460449,0.0168210007250309,0.0029691276140511,127.995697021484,-85.8595,25.8126,90.7768856391785,63,63,63,63,61,63,0,8047,1.25895569026649,26,-86,0.001869,51,2026-01-08 16:57:08.0018,386,1.037,0.0011,"aoml_navis",1028.37782904744
"7901009",98,0,1,0.01869,1,-0.003738,1,132.052443714467,1,4.86195621438425,388,1,14.9370002746582,35.898998260498,0.0186899993568659,0.00445369118824601,127.337196350098,-85.8595,25.8126,90.7768856391785,63,63,63,63,61,63,0,8047,1.25895569026649,26,-86,0.001869,51,2026-01-08 16:57:08.0018,388,1.037,0.0011,"aoml_navis",1028.39264269952
"7901009",98,0,1,0.020559,1,-0.001869,1,131.276958044601,1,4.86188286779698,390,1,14.8699998855591,35.8880004882812,0.020558999851346,0.00593825522810221,126.589401245117,-85.8595,25.8126,90.7768856391785,63,63,63,63,61,63,0,8047,1.25895569026649,26,-86,0.001869,51,2026-01-08 16:57:08.0018,390,1.037,0.0011,"aoml_navis",1028.40815707796
"7901009",98,0,1,0.020559,1,-0.001869,1,130.650176686984,1,4.86180802221454,392,1,14.7980003356934,35.8759994506836,0.020558999851346,0.00593825522810221,125.985000610352,-85.8595,25.8126,90.7768856391785,63,63,63,63,61,63,0,8047,1.25895569026649,26,-86,0.001869,51,2026-01-08 16:57:08.0018,392,1.037,0.0011,"aoml_navis",1028.42398900862
"7901009",98,0,1,0.022428,1,0,1,129.710313214975,1,4.8617409974656,394,1,14.7399997711182,35.8660011291504,0.0224280003458261,0.0074228192679584,125.07869720459,-85.8595,25.8126,90.7768856391785,63,63,63,63,61,63,0,8047,1.25895569026649,26,-86,0.001869,51,2026-01-08 16:57:08.0018,394,1.037,0.0011,"aoml_navis",1028.43816702833
"7901009",98,0,1,0.01869,1,-0.003738,1,128.915949732445,1,4.86165577696653,396,1,14.6510000228882,35.8520011901855,0.0186899993568659,0.00445369118824601,124.312698364258,-85.8595,25.8126,90.7768856391785,63,63,63,63,61,63,0,8047,1.25895569026649,26,-86,0.001869,51,2026-01-08 16:57:08.0018,396,1.037,0.0011,"aoml_navis",1028.45619463412
"7901009",98,0,1,0.016821,1,-0.005607,1,128.331584114013,1,4.8615782074623,398.100006103516,1,14.5640001296997,35.8359985351562,0.0168210007250309,0.0029691276140511,123.749198913574,-85.8595,25.8126,90.7768856391785,63,63,63,63,61,63,0,8047,1.25895569026649,26,-86,0.001869,51,2026-01-08 16:57:08.0018,398.100006103516,1.037,0.0011,"aoml_navis",1028.47260429241
"7901009",98,0,1,0.014952,1,-0.007476,1,127.948299639279,1,4.86150320737153,400.100006103516,1,14.4910001754761,35.8240013122559,0.0149520002305508,0.00148456380702555,123.379600524902,-85.8595,25.8126,90.7768856391785,63,63,63,63,61,63,0,8047,1.25895569026649,26,-86,0.001869,51,2026-01-08 16:57:08.0018,400.100006103516,1.037,0.0011,"aoml_navis",1028.48847089486
"7901009",98,0,1,0.020559,1,-0.001869,1,127.499472918062,1,4.86144854759222,402,1,14.4490003585815,35.8160018920898,0.020558999851346,0.00593825522810221,122.946800231934,-85.8595,25.8126,90.7768856391785,63,63,63,63,61,63,0,8047,1.25895569026649,26,-86,0.001869,51,2026-01-08 16:57:08.0018,402,1.037,0.0011,"aoml_navis",1028.50003472245
"7901009",98,0,1,0.020559,1,-0.001869,1,126.81586032475,1,4.86139140185124,404,1,14.4099998474121,35.8089981079102,0.020558999851346,0.00593825522810221,122.28759765625,-85.8595,25.8126,90.7768856391785,63,63,63,63,61,63,0,8047,1.25895569026649,26,-86,0.001869,51,2026-01-08 16:57:08.0018,404,1.037,0.0011,"aoml_navis",1028.51212475835
"7901009",98,0,1,0.022428,1,0,1,125.998686811243,1,4.86131531846128,406,1,14.33899974823,35.7980003356934,0.0224280003458261,0.0074228192679584,121.499603271484,-85.8595,25.8126,90.7768856391785,63,63,63,63,61,63,0,8047,1.25895569026649,26,-86,0.001869,51,2026-01-08 16:57:08.0018,406,1.037,0.0011,"aoml_navis",1028.52822177818
"7901009",98,0,1,0.022428,1,0,1,125.65159140404,1,4.86122583253547,408,1,14.2410001754761,35.7830009460449,0.0224280003458261,0.0074228192679584,121.164901733398,-85.8595,25.8126,90.7768856391785,63,63,63,63,61,63,0,8047,1.25895569026649,26,-86,0.001869,51,2026-01-08 16:57:08.0018,408,1.037,0.0011,"aoml_navis",1028.54715502739
"7901009",98,0,1,0.020559,1,-0.001869,1,125.311751216541,1,4.86117212410087,410,1,14.2049999237061,35.7760009765625,0.020558999851346,0.00593825522810221,120.837196350098,-85.8595,25.8126,90.7768856391785,63,63,63,63,61,63,0,8047,1.25895569026649,26,-86,0.001869,51,2026-01-08 16:57:08.0018,410,1.037,0.0011,"aoml_navis",1028.55851888289
"7901009",98,0,1,0.022428,1,0,1,125.07925188588,1,4.8610987346318,412,1,14.1359996795654,35.7649993896484,0.0224280003458261,0.0074228192679584,120.612998962402,-85.8595,25.8126,90.7768856391785,63,63,63,63,61,63,0,8047,1.25895569026649,26,-86,0.001869,51,2026-01-08 16:57:08.0018,412,1.037,0.0011,"aoml_navis",1028.57404734009
"7901009",98,0,1,0.024297,1,0.001869,1,124.76669195742,1,4.86102296871844,414,1,14.0609998703003,35.7529983520508,0.0242970008403063,0.00890738237649202,120.311599731445,-85.8595,25.8126,90.7768856391785,63,63,63,63,61,63,0,8047,1.25895569026649,26,-86,0.001869,51,2026-01-08 16:57:08.0018,414,1.037,0.0011,"aoml_navis",1028.59007912036
"7901009",98,0,1,0.022428,1,0,1,124.631778100943,1,4.8609525355978,416,1,13.9980001449585,35.7430000305176,0.0224280003458261,0.0074228192679584,120.181503295898,-85.8595,25.8126,90.7768856391785,63,63,63,63,61,63,0,8047,1.25895569026649,26,-86,0.001869,51,2026-01-08 16:57:08.0018,416,1.037,0.0011,"aoml_navis",1028.60498295014
"7901009",98,0,1,0.020559,1,-0.001869,1,124.579195559884,1,4.86088741710149,418,1,13.9399995803833,35.7330017089844,0.020558999851346,0.00593825522810221,120.130798339844,-85.8595,25.8126,90.7768856391785,63,63,63,63,61,63,0,8047,1.25895569026649,26,-86,0.001869,51,2026-01-08 16:57:08.0018,418,1.037,0.0011,"aoml_navis",1028.61876257596
"7901009",98,0,1,0.020559,1,-0.001869,1,124.676781034068,1,4.86081226333166,420,1,13.8649997711182,35.7210006713867,0.020558999851346,0.00593825522810221,120.224899291992,-85.8595,25.8126,90.7768856391785,63,63,63,63,61,63,0,8047,1.25895569026649,26,-86,0.001869,51,2026-01-08 16:57:08.0018,420,1.037,0.0011,"aoml_navis",1028.63466620966
"7901009",98,0,1,0.026166,1,0.003738,1,124.941117882818,1,4.86074656375388,422,1,13.798999786377,35.7089996337891,0.0261659994721413,0.0103919459506869,120.479797363281,-85.8595,25.8126,90.7768856391785,63,63,63,63,61,63,0,8047,1.25895569026649,26,-86,0.001869,51,2026-01-08 16:57:08.0018,422,1.037,0.0011,"aoml_navis",1028.64856960133
"7901009",98,0,1,0.020559,1,-0.001869,1,125.3999056963,1,4.86065361962303,424,1,13.6990003585815,35.6949996948242,0.020558999851346,0.00593825522810221,120.922203063965,-85.8595,25.8126,90.7768856391785,63,63,63,63,61,63,0,8047,1.25895569026649,26,-86,0.001869,51,2026-01-08 16:57:08.0018,424,1.037,0.0011,"aoml_navis",1028.66823914677
"7901009",98,0,1,0.020559,1,-0.001869,1,125.711429164803,1,4.86058209938411,426,1,13.6339998245239,35.685001373291,0.020558999851346,0.00593825522810221,121.222602844238,-85.8595,25.8126,90.7768856391785,63,63,63,63,61,63,0,8047,1.25895569026649,26,-86,0.001869,51,2026-01-08 16:57:08.0018,426,1.037,0.0011,"aoml_navis",1028.68337531703
"7901009",98,0,1,0.020559,1,-0.001869,1,125.786924591644,1,4.86053028698137,428,1,13.5989999771118,35.6780014038086,0.020558999851346,0.00593825522810221,121.295402526855,-85.8595,25.8126,90.7768856391785,63,63,63,63,61,63,0,8047,1.25895569026649,26,-86,0.001869,51,2026-01-08 16:57:08.0018,428,1.037,0.0011,"aoml_navis",1028.69434090189
"7901009",98,0,1,0.020559,1,-0.001869,1,125.728748331577,1,4.86047022259703,430,1,13.5629997253418,35.6730003356934,0.020558999851346,0.00593825522810221,121.239303588867,-85.8595,25.8126,90.7768856391785,63,63,63,63,61,63,0,8047,1.25895569026649,26,-86,0.001869,51,2026-01-08 16:57:08.0018,430,1.037,0.0011,"aoml_navis",1028.70705323001
"7901009",98,0,1,0.020559,1,-0.001869,1,125.460779917021,1,4.86042582174326,432,1,13.5459995269775,35.6689987182617,0.020558999851346,0.00593825522810221,120.980903625488,-85.8595,25.8126,90.7768856391785,63,63,63,63,61,63,0,8047,1.25895569026649,26,-86,0.001869,51,2026-01-08 16:57:08.0018,432,1.037,0.0011,"aoml_navis",1028.71645065178
"7901009",98,0,1,0.020559,1,-0.001869,1,125.151226513629,1,4.8603510612812,434,1,13.4809999465942,35.6599998474121,0.020558999851346,0.00593825522810221,120.682403564453,-85.8595,25.8126,90.7768856391785,63,63,63,63,61,63,0,8047,1.25895569026649,26,-86,0.001869,51,2026-01-08 16:57:08.0018,434,1.037,0.0011,"aoml_navis",1028.73227405964
"7901009",98,0,1,0.020559,1,-0.001869,1,124.657491802183,1,4.86030411209263,436,1,13.4469995498657,35.6520004272461,0.020558999851346,0.00593825522810221,120.206298828125,-85.8595,25.8126,90.7768856391785,63,63,63,63,61,63,0,8047,1.25895569026649,26,-86,0.001869,51,2026-01-08 16:57:08.0018,436,1.037,0.0011,"aoml_navis",1028.74221132785
"7901009",98,0,1,0.022428,1,0,1,124.333111483061,1,4.86021942467169,438,1,13.3610000610352,35.6399993896484,0.0224280003458261,0.0074228192679584,119.893501281738,-85.8595,25.8126,90.7768856391785,63,63,63,63,61,63,0,8047,1.25895569026649,26,-86,0.001869,51,2026-01-08 16:57:08.0018,438,1.037,0.0011,"aoml_navis",1028.76013675818
"7901009",98,0,1,0.016821,1,-0.005607,1,124.237496073987,1,4.86012694729975,440,1,13.2559995651245,35.625,0.0168210007250309,0.0029691276140511,119.801300048828,-85.8595,25.8126,90.7768856391785,63,63,63,63,61,63,0,8047,1.25895569026649,26,-86,0.001869,51,2026-01-08 16:57:08.0018,440,1.037,0.0011,"aoml_navis",1028.77971176822
"7901009",98,0,1,0.024297,1,0.001869,1,124.108278791324,1,4.86007066606554,442,1,13.2159996032715,35.6180000305176,0.0242970008403063,0.00890738237649202,119.676696777344,-85.8595,25.8126,90.7768856391785,63,63,63,63,61,63,0,8047,1.25895569026649,26,-86,0.001869,51,2026-01-08 16:57:08.0018,442,1.037,0.0011,"aoml_navis",1028.79162537934
"7901009",98,0,1,0.024297,1,0.001869,1,123.916430844347,1,4.86001514616271,444,1,13.1840000152588,35.6129989624023,0.0242970008403063,0.00890738237649202,119.49169921875,-85.8595,25.8126,90.7768856391785,63,63,63,63,61,63,0,8047,1.25895569026649,26,-86,0.001869,51,2026-01-08 16:57:08.0018,444,1.037,0.0011,"aoml_navis",1028.80337810219
"7901009",98,0,1,0.022428,1,0,1,123.684034368492,1,4.85995331337747,446,1,13.1309995651245,35.6040000915527,0.0224280003458261,0.0074228192679584,119.267601013184,-85.8595,25.8126,90.7768856391785,63,63,63,63,61,63,0,8047,1.25895569026649,26,-86,0.001869,51,2026-01-08 16:57:08.0018,446,1.037,0.0011,"aoml_navis",1028.81646748273
"7901009",98,0,1,0.020559,1,-0.001869,1,123.322112045558,1,4.85988265323043,448,1,13.0690002441406,35.5950012207031,0.020558999851346,0.00593825522810221,118.918601989746,-85.8595,25.8126,90.7768856391785,63,63,63,63,61,63,0,8047,1.25895569026649,26,-86,0.001869,51,2026-01-08 16:57:08.0018,448,1.037,0.0011,"aoml_navis",1028.83142593503
"7901009",98,0,1,0.026166,1,0.003738,1,122.958322512319,1,4.85981712155125,450,1,13.0120000839233,35.5859985351562,0.0261659994721413,0.0103919459506869,118.567802429199,-85.8595,25.8126,90.7768856391785,63,63,63,63,61,63,0,8047,1.25895569026649,26,-86,0.001869,51,2026-01-08 16:57:08.0018,450,1.037,0.0011,"aoml_navis",1028.8452991013
"7901009",98,0,1,0.01869,1,-0.003738,1,122.538841058148,1,4.85975628711662,452,1,12.9670000076294,35.5789985656738,0.0186899993568659,0.00445369118824601,118.163299560547,-85.8595,25.8126,90.7768856391785,63,63,63,63,61,63,0,8047,1.25895569026649,26,-86,0.001869,51,2026-01-08 16:57:08.0018,452,1.037,0.0011,"aoml_navis",1028.8581781879
"7901009",98,0,1,0.024297,1,0.001869,1,122.086596392642,1,4.85969235403339,454,1,12.9040002822876,35.568000793457,0.0242970008403063,0.00890738237649202,117.727203369141,-85.8595,25.8126,90.7768856391785,63,63,63,63,61,63,0,8047,1.25895569026649,26,-86,0.001869,51,2026-01-08 16:57:08.0018,454,1.037,0.0011,"aoml_navis",1028.87171362816
"7901009",98,0,1,0.026166,1,0.003738,1,121.652074401222,1,4.85962847326342,456,1,12.8520002365112,35.560001373291,0.0261659994721413,0.0103919459506869,117.308197021484,-85.8595,25.8126,90.7768856391785,63,63,63,63,61,63,0,8047,1.25895569026649,26,-86,0.001869,51,2026-01-08 16:57:08.0018,456,1.037,0.0011,"aoml_navis",1028.88523834875
"7901009",98,0,1,0.026166,1,0.003738,1,121.448097499168,1,4.85954495747312,458,1,12.7650003433228,35.5480003356934,0.0261659994721413,0.0103919459506869,117.111503601074,-85.8595,25.8126,90.7768856391785,63,63,63,63,61,63,0,8047,1.25895569026649,26,-86,0.001869,51,2026-01-08 16:57:08.0018,458,1.037,0.0011,"aoml_navis",1028.90292069649
"7901009",98,0,1,0.016821,1,-0.005607,1,121.446230288863,1,4.85947003827151,460,1,12.6789999008179,35.5340003967285,0.0168210007250309,0.0029691276140511,117.109703063965,-85.8595,25.8126,90.7768856391785,63,63,63,63,61,63,0,8047,1.25895569026649,26,-86,0.001869,51,2026-01-08 16:57:08.0018,460,1.037,0.0011,"aoml_navis",1028.91878345205
"7901009",98,0,1,0.024297,1,0.001869,1,121.35040917018,1,4.85941005951518,462,1,12.6230001449585,35.523998260498,0.0242970008403063,0.00890738237649202,117.017303466797,-85.8595,25.8126,90.7768856391785,63,63,63,63,61,63,0,8047,1.25895569026649,26,-86,0.001869,51,2026-01-08 16:57:08.0018,462,1.037,0.0011,"aoml_navis",1028.93148319713
"7901009",98,0,1,0.028035,1,0.005607,1,121.208746456116,1,4.85935625717421,464,1,12.5920000076294,35.5190010070801,0.0280349999666214,0.0118765104562044,116.880699157715,-85.8595,25.8126,90.7768856391785,63,63,63,63,61,63,0,8047,1.25895569026649,26,-86,0.001869,51,2026-01-08 16:57:08.0018,464,1.037,0.0011,"aoml_navis",1028.94287543091
"7901009",98,0,1,0.026166,1,0.003738,1,121.137396869105,1,4.85929473272169,466,1,12.5530004501343,35.5139999389648,0.0261659994721413,0.0103919459506869,116.811897277832,-85.8595,25.8126,90.7768856391785,63,63,63,63,61,63,0,8047,1.25895569026649,26,-86,0.001869,51,2026-01-08 16:57:08.0018,466,1.037,0.0011,"aoml_navis",1028.95590307186
"7901009",98,0,1,0.01869,1,-0.003738,1,120.96349312964,1,4.85923303730691,468,1,12.5100002288818,35.507999420166,0.0186899993568659,0.00445369118824601,116.644203186035,-85.8595,25.8126,90.7768856391785,63,63,63,63,61,63,0,8047,1.25895569026649,26,-86,0.001869,51,2026-01-08 16:57:08.0018,468,1.037,0.0011,"aoml_navis",1028.9689672449
"7901009",98,0,1,0.01869,1,-0.003738,1,120.761889800009,1,4.85918519751063,470,1,12.4849996566772,35.5029983520508,0.0186899993568659,0.00445369118824601,116.449798583984,-85.8595,25.8126,90.7768856391785,63,63,63,63,61,63,0,8047,1.25895569026649,26,-86,0.001869,51,2026-01-08 16:57:08.0018,470,1.037,0.0011,"aoml_navis",1028.97909768113
"7901009",98,0,1,0.020559,1,-0.001869,1,120.291598072187,1,4.85913327640886,472,1,12.4519996643066,35.4970016479492,0.020558999851346,0.00593825522810221,115.996299743652,-85.8595,25.8126,90.7768856391785,63,63,63,63,61,63,0,8047,1.25895569026649,26,-86,0.001869,51,2026-01-08 16:57:08.0018,472,1.037,0.0011,"aoml_navis",1028.99009259018
"7901009",98,0,1,0.026166,1,0.003738,1,119.728800315164,1,4.85907327396973,474,1,12.4029998779297,35.4889984130859,0.0261659994721413,0.0103919459506869,115.453598022461,-85.8595,25.8126,90.7768856391785,63,63,63,63,61,63,0,8047,1.25895569026649,26,-86,0.001869,51,2026-01-08 16:57:08.0018,474,1.037,0.0011,"aoml_navis",1029.00279911094
"7901009",98,0,1,0.024297,1,0.001869,1,119.291485420194,1,4.85898697172505,476,1,12.3000001907349,35.4739990234375,0.0242970008403063,0.00890738237649202,115.031898498535,-85.8595,25.8126,90.7768856391785,63,63,63,63,61,63,0,8047,1.25895569026649,26,-86,0.001869,51,2026-01-08 16:57:08.0018,476,1.037,0.0011,"aoml_navis",1029.02107560599
"7901009",98,0,1,0.020559,1,-0.001869,1,118.918573456946,1,4.85891366968545,478,1,12.2329998016357,35.4650001525879,0.020558999851346,0.00593825522810221,114.672302246094,-85.8595,25.8126,90.7768856391785,63,63,63,63,61,63,0,8047,1.25895569026649,26,-86,0.001869,51,2026-01-08 16:57:08.0018,478,1.037,0.0011,"aoml_navis",1029.03659951704
"7901009",98,0,1,0.022428,1,0,1,118.580394770142,1,4.85885523267637,480,1,12.1890001296997,35.4580001831055,0.0224280003458261,0.0074228192679584,114.346199035645,-85.8595,25.8126,90.7768856391785,63,63,63,63,61,63,0,8047,1.25895569026649,26,-86,0.001869,51,2026-01-08 16:57:08.0018,480,1.037,0.0011,"aoml_navis",1029.04897564645
"7901009",98,0,1,0.022428,1,0,1,118.387818927622,1,4.85879670883893,482,1,12.1409997940063,35.4500007629395,0.0224280003458261,0.0074228192679584,114.160499572754,-85.8595,25.8126,90.7768856391785,63,63,63,63,61,63,0,8047,1.25895569026649,26,-86,0.001869,51,2026-01-08 16:57:08.0018,482,1.037,0.0011,"aoml_navis",1029.06137046323
"7901009",98,0,1,0.026166,1,0.003738,1,118.145358504697,1,4.85873907673392,484,1,12.0900001525879,35.4410018920898,0.0261659994721413,0.0103919459506869,113.926696777344,-85.8595,25.8126,90.7768856391785,63,63,63,63,61,63,0,8047,1.25895569026649,26,-86,0.001869,51,2026-01-08 16:57:08.0018,484,1.037,0.0011,"aoml_navis",1029.07357671098
"7901009",98,0,1,0.024297,1,0.001869,1,117.798579573817,1,4.85868294644364,486,1,12.0520000457764,35.435001373291,0.0242970008403063,0.00890738237649202,113.592300415039,-85.8595,25.8126,90.7768856391785,63,63,63,63,61,63,0,8047,1.25895569026649,26,-86,0.001869,51,2026-01-08 16:57:08.0018,486,1.037,0.0011,"aoml_navis",1029.08546515878
"7901009",98,0,1,0.022428,1,0,1,117.605481545365,1,4.85861914641477,488,1,12.0019998550415,35.4280014038086,0.0224280003458261,0.0074228192679584,113.406097412109,-85.8595,25.8126,90.7768856391785,63,63,63,63,61,63,0,8047,1.25895569026649,26,-86,0.001869,51,2026-01-08 16:57:08.0018,488,1.037,0.0011,"aoml_navis",1029.09897839792
"7901009",98,0,1,0.024297,1,0.001869,1,117.38988205035,1,4.85856247362168,490,1,11.9709997177124,35.423999786377,0.0242970008403063,0.00890738237649202,113.198196411133,-85.8595,25.8126,90.7768856391785,63,63,63,63,61,63,0,8047,1.25895569026649,26,-86,0.001869,51,2026-01-08 16:57:08.0018,490,1.037,0.0011,"aoml_navis",1029.11098234225
"7901009",98,0,1,0.024297,1,0.001869,1,117.178436307075,1,4.85850962091372,492,1,11.9440002441406,35.4199981689453,0.0242970008403063,0.00890738237649202,112.994300842285,-85.8595,25.8126,90.7768856391785,63,63,63,63,61,63,0,8047,1.25895569026649,26,-86,0.001869,51,2026-01-08 16:57:08.0018,492,1.037,0.0011,"aoml_navis",1029.12217740132
"7901009",98,0,1,0.024297,1,0.001869,1,116.890450765092,1,4.85845867024132,494,1,11.918999671936,35.4160003662109,0.0242970008403063,0.00890738237649202,112.716598510742,-85.8595,25.8126,90.7768856391785,63,63,63,63,61,63,0,8047,1.25895569026649,26,-86,0.001869,51,2026-01-08 16:57:08.0018,494,1.037,0.0011,"aoml_navis",1029.13296980905
"7901009",98,0,1,0.020559,1,-0.001869,1,116.727330956332,1,4.85839525622183,496,1,11.8730001449585,35.4099998474121,0.020558999851346,0.00593825522810221,112.559303283691,-85.8595,25.8126,90.7768856391785,63,63,63,63,61,63,0,8047,1.25895569026649,26,-86,0.001869,51,2026-01-08 16:57:08.0018,496,1.037,0.0011,"aoml_navis",1029.14640252804
"7901009",98,0,1,0.024297,1,0.001869,1,116.550515634696,1,4.85834698577347,498,1,11.8430004119873,35.4039993286133,0.0242970008403063,0.00890738237649202,112.388801574707,-85.8595,25.8126,90.7768856391785,63,63,63,63,61,63,0,8047,1.25895569026649,26,-86,0.001869,51,2026-01-08 16:57:08.0018,498,1.037,0.0011,"aoml_navis",1029.15662768455
"7901009",98,0,1,0.026166,1,0.003738,1,116.215659949283,1,4.85828663740649,500,1,11.8039999008179,35.398998260498,0.0261659994721413,0.0103919459506869,112.065902709961,-85.8595,25.8126,90.7768856391785,63,63,63,63,61,63,0,8047,1.25895569026649,26,-86,0.001869,51,2026-01-08 16:57:08.0018,500,1.037,0.0011,"aoml_navis",1029.16941159922
"7901009",98,0,1,0.022428,1,0,1,115.877789826894,1,4.85822990365844,502,1,11.7609996795654,35.3919982910156,0.0224280003458261,0.0074228192679584,111.740097045898,-85.8595,25.8126,90.7768856391785,63,63,63,63,61,63,0,8047,1.25895569026649,26,-86,0.001869,51,2026-01-08 16:57:08.0018,502,1.037,0.0011,"aoml_navis",1029.18143009963
"7901009",98,0,1,0.022428,1,0,1,115.471275990056,1,4.85816957955406,504,1,11.7180004119873,35.3860015869141,0.0224280003458261,0.0074228192679584,111.348098754883,-85.8595,25.8126,90.7768856391785,63,63,63,63,61,63,0,8047,1.25895569026649,26,-86,0.001869,51,2026-01-08 16:57:08.0018,504,1.037,0.0011,"aoml_navis",1029.19420949051
"7901009",98,0,1,0.022428,1,0,1,114.983150821435,1,4.85812549862758,506,1,11.7040004730225,35.382999420166,0.0224280003458261,0.0074228192679584,110.877403259277,-85.8595,25.8126,90.7768856391785,63,63,63,63,61,63,0,8047,1.25895569026649,26,-86,0.001869,51,2026-01-08 16:57:08.0018,506,1.037,0.0011,"aoml_navis",1029.20354803772
"7901009",98,0,1,0.026166,1,0.003738,1,114.465047433122,1,4.85805571189988,508,1,11.6389999389648,35.3740005493164,0.0261659994721413,0.0103919459506869,110.377799987793,-85.8595,25.8126,90.7768856391785,63,63,63,63,61,63,0,8047,1.25895569026649,26,-86,0.001869,51,2026-01-08 16:57:08.0018,508,1.037,0.0011,"aoml_navis",1029.21833270714
"7901009",98,0,1,0.028035,1,0.005607,1,114.232445247657,1,4.85798227212624,510,1,11.5620002746582,35.3629989624023,0.0280349999666214,0.0118765104562044,110.153503417969,-85.8595,25.8126,90.7768856391785,63,63,63,63,61,63,0,8047,1.25895569026649,26,-86,0.001869,51,2026-01-08 16:57:08.0018,510,1.037,0.0011,"aoml_navis",1029.23389175144
"7901009",98,0,1,0.028035,1,0.005607,1,114.283674852435,1,4.85791010237301,512,1,11.4940004348755,35.3540000915527,0.0280349999666214,0.0118765104562044,110.202903747559,-85.8595,25.8126,90.7768856391785,63,63,63,63,61,63,0,8047,1.25895569026649,26,-86,0.001869,51,2026-01-08 16:57:08.0018,512,1.037,0.0011,"aoml_navis",1029.24918218589
"7901009",98,0,1,0.028035,1,0.005607,1,114.632946034359,1,4.85783618572609,514,1,11.4119997024536,35.3419990539551,0.0280349999666214,0.0118765104562044,110.539703369141,-85.8595,25.8126,90.7768856391785,63,63,63,63,61,63,0,8047,1.25895569026649,26,-86,0.001869,51,2026-01-08 16:57:08.0018,514,1.037,0.0011,"aoml_navis",1029.26484320151
"7901009",98,0,1,0.026166,1,0.003738,1,114.888366162709,1,4.85777641715004,516,1,11.3570003509521,35.3330001831055,0.0261659994721413,0.0103919459506869,110.786003112793,-85.8595,25.8126,90.7768856391785,63,63,63,63,61,63,0,8047,1.25895569026649,26,-86,0.001869,51,2026-01-08 16:57:08.0018,516,1.037,0.0011,"aoml_navis",1029.27750695727
"7901009",98,0,1,0.028035,1,0.005607,1,114.925283125782,1,4.85771956470255,518,1,11.3129997253418,35.326000213623,0.0280349999666214,0.0118765104562044,110.821601867676,-85.8595,25.8126,90.7768856391785,63,63,63,63,61,63,0,8047,1.25895569026649,26,-86,0.001869,51,2026-01-08 16:57:08.0018,518,1.037,0.0011,"aoml_navis",1029.28955313339
"7901009",98,0,1,0.024297,1,0.001869,1,115.023074309576,1,4.85765728557083,520,1,11.2589998245239,35.318000793457,0.0242970008403063,0.00890738237649202,110.915901184082,-85.8595,25.8126,90.7768856391785,63,63,63,63,61,63,0,8047,1.25895569026649,26,-86,0.001869,51,2026-01-08 16:57:08.0018,520,1.037,0.0011,"aoml_navis",1029.30274946567
"7901009",98,0,1,0.029904,1,0.007476,1,115.003579368082,1,4.85760061403365,522,1,11.2189998626709,35.3120002746582,0.0299040004611015,0.0133610740303993,110.897102355957,-85.8595,25.8126,90.7768856391785,63,63,63,63,61,63,0,8047,1.25895569026649,26,-86,0.001869,51,2026-01-08 16:57:08.0018,522,1.037,0.0011,"aoml_navis",1029.31475789816
"7901009",98,0,1,0.022428,1,0,1,115.007100167175,1,4.85754217663739,524,1,11.1809997558594,35.306999206543,0.0224280003458261,0.0074228192679584,110.900497436523,-85.8595,25.8126,90.7768856391785,63,63,63,63,61,63,0,8047,1.25895569026649,26,-86,0.001869,51,2026-01-08 16:57:08.0018,524,1.037,0.0011,"aoml_navis",1029.32714080132
"7901009",98,0,1,0.026166,1,0.003738,1,114.88203663625,1,4.85750017658901,526,1,11.168999671936,35.3040008544922,0.0261659994721413,0.0103919459506869,110.779899597168,-85.8595,25.8126,90.7768856391785,63,63,63,63,61,63,0,8047,1.25895569026649,26,-86,0.001869,51,2026-01-08 16:57:08.0018,526,1.037,0.0011,"aoml_navis",1029.33604080918
"7901009",98,0,1,0.026166,1,0.003738,1,114.676287466788,1,4.85746002041787,528,1,11.1590003967285,35.3009986877441,0.0261659994721413,0.0103919459506869,110.581497192383,-85.8595,25.8126,90.7768856391785,63,63,63,63,61,63,0,8047,1.25895569026649,26,-86,0.001869,51,2026-01-08 16:57:08.0018,528,1.037,0.0011,"aoml_navis",1029.34455023469
"7901009",98,0,1,0.024297,1,0.001869,1,114.410083407732,1,4.85741258450682,530,1,11.1330003738403,35.2960014343262,0.0242970008403063,0.00890738237649202,110.324798583984,-85.8595,25.8126,90.7768856391785,63,63,63,63,61,63,0,8047,1.25895569026649,26,-86,0.001869,51,2026-01-08 16:57:08.0018,530,1.037,0.0011,"aoml_navis",1029.35460247869
"7901009",98,0,1,0.029904,1,0.007476,1,114.27112656623,1,4.85732993998895,532,1,11.039999961853,35.2840003967285,0.0299040004611015,0.0133610740303993,110.190803527832,-85.8595,25.8126,90.7768856391785,63,63,63,63,61,63,0,8047,1.25895569026649,26,-86,0.001869,51,2026-01-08 16:57:08.0018,532,1.037,0.0011,"aoml_navis",1029.37211632187
"7901009",98,0,1,0.026166,1,0.003738,1,114.207348675246,1,4.85726388985916,534,1,10.9689998626709,35.2729988098145,0.0261659994721413,0.0103919459506869,110.129302978516,-85.8595,25.8126,90.7768856391785,63,63,63,63,61,63,0,8047,1.25895569026649,26,-86,0.001869,51,2026-01-08 16:57:08.0018,534,1.037,0.0011,"aoml_navis",1029.38611394757
"7901009",98,0,1,0.024297,1,0.001869,1,114.069626091403,1,4.85720599228124,536,1,10.918999671936,35.2649993896484,0.0242970008403063,0.00890738237649202,109.99649810791,-85.8595,25.8126,90.7768856391785,63,63,63,63,61,63,0,8047,1.25895569026649,26,-86,0.001869,51,2026-01-08 16:57:08.0018,536,1.037,0.0011,"aoml_navis",1029.39838416276
"7901009",98,0,1,0.028035,1,0.005607,1,113.943423245716,1,4.85711711785203,538,1,10.8140001296997,35.2519989013672,0.0280349999666214,0.0118765104562044,109.874801635742,-85.8595,25.8126,90.7768856391785,63,63,63,63,61,63,0,8047,1.25895569026649,26,-86,0.001869,51,2026-01-08 16:57:08.0018,538,1.037,0.0011,"aoml_navis",1029.41721986131
"7901009",98,0,1,0.026166,1,0.003738,1,113.829863629131,1,4.85705524773549,540,1,10.7510004043579,35.242000579834,0.0261659994721413,0.0103919459506869,109.765296936035,-85.8595,25.8126,90.7768856391785,63,63,63,63,61,63,0,8047,1.25895569026649,26,-86,0.001869,51,2026-01-08 16:57:08.0018,540,1.037,0.0011,"aoml_navis",1029.43033277852
"7901009",98,0,1,0.026166,1,0.003738,1,113.815867463748,1,4.85698177487493,542,1,10.6829996109009,35.234001159668,0.0261659994721413,0.0103919459506869,109.751800537109,-85.8595,25.8126,90.7768856391785,63,63,63,63,61,63,0,8047,1.25895569026649,26,-86,0.001869,51,2026-01-08 16:57:08.0018,542,1.037,0.0011,"aoml_navis",1029.44590524611
"7901009",98,0,1,0.026166,1,0.003738,1,113.810471542442,1,4.85692240138653,544,1,10.6429996490479,35.2290000915527,0.0261659994721413,0.0103919459506869,109.746597290039,-85.8595,25.8126,90.7768856391785,63,63,63,63,61,63,0,8047,1.25895569026649,26,-86,0.001869,51,2026-01-08 16:57:08.0018,544,1.037,0.0011,"aoml_navis",1029.45848971617
"7901009",98,0,1,0.028035,1,0.005607,1,113.75572113857,1,4.85687097449618,546,1,10.6160001754761,35.2249984741211,0.0280349999666214,0.0118765104562044,109.693801879883,-85.8595,25.8126,90.7768856391785,63,63,63,63,61,63,0,8047,1.25895569026649,26,-86,0.001869,51,2026-01-08 16:57:08.0018,546,1.037,0.0011,"aoml_navis",1029.46939011874
"7901009",98,0,1,0.029904,1,0.007476,1,113.643720167876,1,4.85682977392536,548,1,10.6169996261597,35.2249984741211,0.0299040004611015,0.0133610740303993,109.585800170898,-85.8595,25.8126,90.7768856391785,63,63,63,63,61,63,0,8047,1.25895569026649,26,-86,0.001869,51,2026-01-08 16:57:08.0018,548,1.037,0.0011,"aoml_navis",1029.47812312535
"7901009",98,0,1,0.026166,1,0.003738,1,113.567702555101,1,4.85678035541465,550,1,10.5839996337891,35.2190017700195,0.0261659994721413,0.0103919459506869,109.512496948242,-85.8595,25.8126,90.7768856391785,63,63,63,63,61,63,0,8047,1.25895569026649,26,-86,0.001869,51,2026-01-08 16:57:08.0018,550,1.037,0.0011,"aoml_navis",1029.48859822859
"7901009",98,0,1,0.029904,1,0.007476,1,113.52798477657,1,4.85671253349745,552,1,10.5260000228882,35.2120018005371,0.0299040004611015,0.0133610740303993,109.474197387695,-85.8595,25.8126,90.7768856391785,63,63,63,63,61,63,0,8047,1.25895569026649,26,-86,0.001869,51,2026-01-08 16:57:08.0018,552,1.037,0.0011,"aoml_navis",1029.50297459738
"7901009",98,0,1,0.029904,1,0.007476,1,113.54696544404,1,4.85665029355289,554,1,10.4700002670288,35.2039985656738,0.0299040004611015,0.0133610740303993,109.492500305176,-85.8595,25.8126,90.7768856391785,63,63,63,63,61,63,0,8047,1.25895569026649,26,-86,0.001869,51,2026-01-08 16:57:08.0018,554,1.037,0.0011,"aoml_navis",1029.51616809582
"7901009",98,0,1,0.028035,1,0.005607,1,113.490862103887,1,4.85659991706073,556,1,10.4440002441406,35.2000007629395,0.0280349999666214,0.0118765104562044,109.438400268555,-85.8595,25.8126,90.7768856391785,63,63,63,63,61,63,0,8047,1.25895569026649,26,-86,0.001869,51,2026-01-08 16:57:08.0018,556,1.037,0.0011,"aoml_navis",1029.52684705107
"7901009",98,0,1,0.024297,1,0.001869,1,113.412463006783,1,4.8565384399978,558,1,10.3970003128052,35.1940002441406,0.0242970008403063,0.00890738237649202,109.362800598145,-85.8595,25.8126,90.7768856391785,63,63,63,63,61,63,0,8047,1.25895569026649,26,-86,0.001869,51,2026-01-08 16:57:08.0018,558,1.037,0.0011,"aoml_navis",1029.53987943772
"7901009",98,0,1,0.026166,1,0.003738,1,113.338629080637,1,4.85648288697173,560,1,10.3649997711182,35.189998626709,0.0261659994721413,0.0103919459506869,109.291603088379,-85.8595,25.8126,90.7768856391785,63,63,63,63,61,63,0,8047,1.25895569026649,26,-86,0.001869,51,2026-01-08 16:57:08.0018,560,1.037,0.0011,"aoml_navis",1029.55165628469
"7901009",98,0,1,0.028035,1,0.005607,1,113.260744257557,1,4.85643540359351,562,1,10.3380002975464,35.185001373291,0.0280349999666214,0.0118765104562044,109.216499328613,-85.8595,25.8126,90.7768856391785,63,63,63,63,61,63,0,8047,1.25895569026649,26,-86,0.001869,51,2026-01-08 16:57:08.0018,562,1.037,0.0011,"aoml_navis",1029.5617226372
"7901009",98,0,1,0.028035,1,0.005607,1,113.291751025299,1,4.85637044601502,564,1,10.2700004577637,35.1749992370605,0.0280349999666214,0.0118765104562044,109.246398925781,-85.8595,25.8126,90.7768856391785,63,63,63,63,61,63,0,8047,1.25895569026649,26,-86,0.001869,51,2026-01-08 16:57:08.0018,564,1.037,0.0011,"aoml_navis",1029.57549379348
"7901009",98,0,1,0.029904,1,0.007476,1,113.256701272532,1,4.85631732849962,566,1,10.2279996871948,35.1679992675781,0.0299040004611015,0.0133610740303993,109.212600708008,-85.8595,25.8126,90.7768856391785,63,63,63,63,61,63,0,8047,1.25895569026649,26,-86,0.001869,51,2026-01-08 16:57:08.0018,566,1.037,0.0011,"aoml_navis",1029.58675510292
"7901009",98,0,1,0.028035,1,0.005607,1,113.289155919451,1,4.85624256322284,568,1,10.16100025177,35.1609992980957,0.0280349999666214,0.0118765104562044,109.243896484375,-85.8595,25.8126,90.7768856391785,63,63,63,63,61,63,0,8047,1.25895569026649,26,-86,0.001869,51,2026-01-08 16:57:08.0018,568,1.037,0.0011,"aoml_navis",1029.60260631663
"7901009",98,0,1,0.024297,1,0.001869,1,113.2828343049,1,4.85617425151992,570,1,10.0970001220703,35.1529998779297,0.0242970008403063,0.00890738237649202,109.237800598145,-85.8595,25.8126,90.7768856391785,63,63,63,63,61,63,0,8047,1.25895569026649,26,-86,0.001869,51,2026-01-08 16:57:08.0018,570,1.037,0.0011,"aoml_navis",1029.61708971523
"7901009",98,0,1,0.026166,1,0.003738,1,113.25099678681,1,4.85611885241301,572,1,10.0520000457764,35.1459999084473,0.0261659994721413,0.0103919459506869,109.207099914551,-85.8595,25.8126,90.7768856391785,63,63,63,63,61,63,0,8047,1.25895569026649,26,-86,0.001869,51,2026-01-08 16:57:08.0018,572,1.037,0.0011,"aoml_navis",1029.62883569365
"7901009",98,0,1,0.028035,1,0.005607,1,113.23637558069,1,4.85605923181198,574,1,10.0019998550415,35.1389999389648,0.0280349999666214,0.0118765104562044,109.193000793457,-85.8595,25.8126,90.7768856391785,63,63,63,63,61,63,0,8047,1.25895569026649,26,-86,0.001869,51,2026-01-08 16:57:08.0018,574,1.037,0.0011,"aoml_navis",1029.64147703246
"7901009",98,0,1,0.022428,1,0,1,113.180580804952,1,4.85600315494403,576,1,9.95600032806396,35.1319999694824,0.0224280003458261,0.0074228192679584,109.139198303223,-85.8595,25.8126,90.7768856391785,63,63,63,63,61,63,0,8047,1.25895569026649,26,-86,0.001869,51,2026-01-08 16:57:08.0018,576,1.037,0.0011,"aoml_navis",1029.65336727785
"7901009",98,0,1,0.026166,1,0.003738,1,113.140451607201,1,4.85594054825297,578,1,9.89799976348877,35.1240005493164,0.0261659994721413,0.0103919459506869,109.10050201416,-85.8595,25.8126,90.7768856391785,63,63,63,63,61,63,0,8047,1.25895569026649,26,-86,0.001869,51,2026-01-08 16:57:08.0018,578,1.037,0.0011,"aoml_navis",1029.66664239719
"7901009",98,0,1,0.028035,1,0.005607,1,113.205883086973,1,4.85585700600434,580,1,9.81099987030029,35.1150016784668,0.0280349999666214,0.0118765104562044,109.163597106934,-85.8595,25.8126,90.7768856391785,63,63,63,63,61,63,0,8047,1.25895569026649,26,-86,0.001869,51,2026-01-08 16:57:08.0018,580,1.037,0.0011,"aoml_navis",1029.68435722416
"7901009",98,0,1,0.028035,1,0.005607,1,113.224966609247,1,4.85580019338467,582,1,9.76799964904785,35.109001159668,0.0280349999666214,0.0118765104562044,109.181999206543,-85.8595,25.8126,90.7768856391785,63,63,63,63,61,63,0,8047,1.25895569026649,26,-86,0.001869,51,2026-01-08 16:57:08.0018,582,1.037,0.0011,"aoml_navis",1029.69640447969
"7901009",98,0,1,0.029904,1,0.007476,1,113.187013186216,1,4.85575226555756,584,1,9.74400043487549,35.1049995422363,0.0299040004611015,0.0133610740303993,109.145401000977,-85.8595,25.8126,90.7768856391785,63,63,63,63,61,63,0,8047,1.25895569026649,26,-86,0.001869,51,2026-01-08 16:57:08.0018,584,1.037,0.0011,"aoml_navis",1029.70656791237
"7901009",98,0,1,0.026166,1,0.003738,1,113.085487581812,1,4.85569955998739,586,1,9.72299957275391,35.1030006408691,0.0261659994721413,0.0103919459506869,109.047500610352,-85.8595,25.8126,90.7768856391785,63,63,63,63,61,63,0,8047,1.25895569026649,26,-86,0.001869,51,2026-01-08 16:57:08.0018,586,1.037,0.0011,"aoml_navis",1029.71774473069
"7901009",98,0,1,0.029904,1,0.007476,1,112.910128051261,1,4.85564150090727,588,1,9.6870002746582,35.0989990234375,0.0299040004611015,0.0133610740303993,108.878402709961,-85.8595,25.8126,90.7768856391785,63,63,63,63,61,63,0,8047,1.25895569026649,26,-86,0.001869,51,2026-01-08 16:57:08.0018,588,1.037,0.0011,"aoml_navis",1029.73005710281
"7901009",98,0,1,0.028035,1,0.005607,1,112.406028740239,1,4.85558912083562,590,1,9.66199970245361,35.0960006713867,0.0280349999666214,0.0118765104562044,108.392303466797,-85.8595,25.8126,90.7768856391785,63,63,63,63,61,63,0,8047,1.25895569026649,26,-86,0.001869,51,2026-01-08 16:57:08.0018,590,1.037,0.0011,"aoml_navis",1029.74116540148
"7901009",98,0,1,0.024297,1,0.001869,1,111.575159713856,1,4.85552914870959,592,1,9.6540002822876,35.0989990234375,0.0242970008403063,0.00890738237649202,107.591102600098,-85.8595,25.8126,90.7768856391785,63,63,63,63,61,63,0,8047,1.25895569026649,26,-86,0.001869,51,2026-01-08 16:57:08.0018,592,1.037,0.0011,"aoml_navis",1029.75388404965
"7901009",98,0,1,0.029904,1,0.007476,1,110.831709359782,1,4.85547113891056,594,1,9.64400005340576,35.101001739502,0.0299040004611015,0.0133610740303993,106.874198913574,-85.8595,25.8126,90.7768856391785,63,63,63,63,61,63,0,8047,1.25895569026649,26,-86,0.001869,51,2026-01-08 16:57:08.0018,594,1.037,0.0011,"aoml_navis",1029.76618683432
"7901009",98,0,1,0.028035,1,0.005607,1,110.224114379244,1,4.85541144911854,596,1,9.65799999237061,35.109001159668,0.0280349999666214,0.0118765104562044,106.288299560547,-85.8595,25.8126,90.7768856391785,63,63,63,63,61,63,0,8047,1.25895569026649,26,-86,0.001869,51,2026-01-08 16:57:08.0018,596,1.037,0.0011,"aoml_navis",1029.77884622069
"7901009",98,0,1,0.031773,1,0.009345,1,110.579920797237,1,4.85535514271377,598,1,9.63700008392334,35.1080017089844,0.0317730009555817,0.0148456385359168,106.631401062012,-85.8595,25.8126,90.7768856391785,63,63,63,63,61,63,0,8047,1.25895569026649,26,-86,0.001869,51,2026-01-08 16:57:08.0018,598,1.037,0.0011,"aoml_navis",1029.79078832231
"7901009",98,0,1,0.022428,1,0,1,111.352613563553,1,4.85528461975449,600,1,9.5600004196167,35.0979995727539,0.0224280003458261,0.0074228192679584,107.376502990723,-85.8595,25.8126,90.7768856391785,63,63,63,63,61,63,0,8047,1.25895569026649,26,-86,0.001869,51,2026-01-08 16:57:08.0018,600,1.037,0.0011,"aoml_navis",1029.80574602294
"7901009",98,0,1,0.03738,1,0.014952,1,112.228588377865,1,4.85523008660735,602,1,9.49300003051758,35.0859985351562,0.0373799987137318,0.019299328327179,108.221199035645,-85.8595,25.8126,90.7768856391785,63,63,63,63,61,63,0,8047,1.25895569026649,26,-86,0.001869,51,2026-01-08 16:57:08.0018,602,1.037,0.0011,"aoml_navis",1029.817312632
"7901009",98,0,1,0.031773,1,0.009345,1,112.999413933876,1,4.85516001994267,604,1,9.39400005340576,35.0709991455078,0.0317730009555817,0.0148456385359168,108.964500427246,-85.8595,25.8126,90.7768856391785,63,63,63,63,61,63,0,8047,1.25895569026649,26,-86,0.001869,51,2026-01-08 16:57:08.0018,604,1.037,0.0011,"aoml_navis",1029.83217431813
"7901009",98,0,1,0.029904,1,0.007476,1,113.395871735552,1,4.85509390218229,606.099975585938,1,9.3149995803833,35.0589981079102,0.0299040004611015,0.0133610740303993,109.346801757812,-85.8595,25.8126,90.7768856391785,63,63,63,63,61,63,0,8047,1.25895569026649,26,-86,0.001869,51,2026-01-08 16:57:08.0018,606.099975585938,1.037,0.0011,"aoml_navis",1029.84619880423
"7901009",98,0,1,0.033642,1,0.011214,1,113.633347656391,1,4.85503476145333,608,1,9.23900032043457,35.0470008850098,0.0336420014500618,0.0163302011787891,109.575798034668,-85.8595,25.8126,90.7768856391785,63,63,63,63,61,63,0,8047,1.25895569026649,26,-86,0.001869,51,2026-01-08 16:57:08.0018,608,1.037,0.0011,"aoml_navis",1029.85874368967
"7901009",98,0,1,0.029904,1,0.007476,1,113.853306612754,1,4.85497386498474,610,1,9.17199993133545,35.0369987487793,0.0299040004611015,0.0133610740303993,109.787902832031,-85.8595,25.8126,90.7768856391785,63,63,63,63,61,63,0,8047,1.25895569026649,26,-86,0.001869,51,2026-01-08 16:57:08.0018,610,1.037,0.0011,"aoml_navis",1029.87166132061
"7901009",98,0,1,0.026166,1,0.003738,1,114.067347461878,1,4.8549008395646,612,1,9.09000015258789,35.0270004272461,0.0261659994721413,0.0103919459506869,109.994300842285,-85.8595,25.8126,90.7768856391785,63,63,63,63,61,63,0,8047,1.25895569026649,26,-86,0.001869,51,2026-01-08 16:57:08.0018,612,1.037,0.0011,"aoml_navis",1029.88715222625
"7901009",98,0,1,0.029904,1,0.007476,1,114.223417760544,1,4.85485399224261,614,1,9.07100009918213,35.023998260498,0.0299040004611015,0.0133610740303993,110.144798278809,-85.8595,25.8126,90.7768856391785,63,63,63,63,61,63,0,8047,1.25895569026649,26,-86,0.001869,51,2026-01-08 16:57:08.0018,614,1.037,0.0011,"aoml_navis",1029.89709020896
"7901009",98,0,1,0.028035,1,0.005607,1,114.617074746762,1,4.85478542366341,616,1,9.00300025939941,35.015998840332,0.0280349999666214,0.0118765104562044,110.524398803711,-85.8595,25.8126,90.7768856391785,63,63,63,63,61,63,0,8047,1.25895569026649,26,-86,0.001869,51,2026-01-08 16:57:08.0018,616,1.037,0.0011,"aoml_navis",1029.91163638845
"7901009",98,0,1,0.026166,1,0.003738,1,114.772527916599,1,4.85469956276805,618,1,8.91800022125244,35.0089988708496,0.0261659994721413,0.0103919459506869,110.674301147461,-85.8595,25.8126,90.7768856391785,63,63,63,63,61,63,0,8047,1.25895569026649,26,-86,0.001869,51,2026-01-08 16:57:08.0018,618,1.037,0.0011,"aoml_navis",1029.92985154968
"7901009",98,0,1,0.029904,1,0.007476,1,114.956701312744,1,4.85463707984271,620,1,8.86600017547607,35.0029983520508,0.0299040004611015,0.0133610740303993,110.851898193359,-85.8595,25.8126,90.7768856391785,63,63,63,63,61,63,0,8047,1.25895569026649,26,-86,0.001869,51,2026-01-08 16:57:08.0018,620,1.037,0.0011,"aoml_navis",1029.94310754163
"7901009",98,0,1,0.026166,1,0.003738,1,115.017164114245,1,4.85458315816567,622,1,8.82900047302246,34.9980010986328,0.0261659994721413,0.0103919459506869,110.910202026367,-85.8595,25.8126,90.7768856391785,63,63,63,63,61,63,0,8047,1.25895569026649,26,-86,0.001869,51,2026-01-08 16:57:08.0018,622,1.037,0.0011,"aoml_navis",1029.95454750625
"7901009",98,0,1,0.028035,1,0.005607,1,115.000256366691,1,4.85452842387308,624,1,8.80000019073486,34.9949989318848,0.0280349999666214,0.0118765104562044,110.893898010254,-85.8595,25.8126,90.7768856391785,63,63,63,63,61,63,0,8047,1.25895569026649,26,-86,0.001869,51,2026-01-08 16:57:08.0018,624,1.037,0.0011,"aoml_navis",1029.96616013443
"7901009",98,0,1,0.029904,1,0.007476,1,114.941874397013,1,4.85448302753531,626,1,8.77799987792969,34.9910011291504,0.0299040004611015,0.0133610740303993,110.837600708008,-85.8595,25.8126,90.7768856391785,63,63,63,63,61,63,0,8047,1.25895569026649,26,-86,0.001869,51,2026-01-08 16:57:08.0018,626,1.037,0.0011,"aoml_navis",1029.97579178654
"7901009",98,0,1,0.029904,1,0.007476,1,115.101370551875,1,4.85440970579649,628,1,8.70300006866455,34.9830017089844,0.0299040004611015,0.0133610740303993,110.991401672363,-85.8595,25.8126,90.7768856391785,63,63,63,63,61,63,0,8047,1.25895569026649,26,-86,0.001869,51,2026-01-08 16:57:08.0018,628,1.037,0.0011,"aoml_navis",1029.99134869677
"7901009",98,0,1,0.028035,1,0.005607,1,115.145131315432,1,4.85434402946492,630,1,8.65100002288818,34.9780006408691,0.0280349999666214,0.0118765104562044,111.033599853516,-85.8595,25.8126,90.7768856391785,63,63,63,63,61,63,0,8047,1.25895569026649,26,-86,0.001869,51,2026-01-08 16:57:08.0018,630,1.037,0.0011,"aoml_navis",1030.00528385524
"7901009",98,0,1,0.026166,1,0.003738,1,115.16099469112,1,4.8542957502579,632,1,8.63899993896484,34.9770011901855,0.0261659994721413,0.0103919459506869,111.048896789551,-85.8595,25.8126,90.7768856391785,63,63,63,63,61,63,0,8047,1.25895569026649,26,-86,0.001869,51,2026-01-08 16:57:08.0018,632,1.037,0.0011,"aoml_navis",1030.01552794437
"7901009",98,0,1,0.028035,1,0.005607,1,115.068180097505,1,4.85425196355548,634,1,8.62800025939941,34.9749984741211,0.0280349999666214,0.0118765104562044,110.959396362305,-85.8595,25.8126,90.7768856391785,63,63,63,63,61,63,0,8047,1.25895569026649,26,-86,0.001869,51,2026-01-08 16:57:08.0018,634,1.037,0.0011,"aoml_navis",1030.02481897082
"7901009",98,0,1,0.028035,1,0.005607,1,114.958054249024,1,4.85420656686227,636,1,8.61499977111816,34.9729995727539,0.0280349999666214,0.0118765104562044,110.853202819824,-85.8595,25.8126,90.7768856391785,63,63,63,63,61,63,0,8047,1.25895569026649,26,-86,0.001869,51,2026-01-08 16:57:08.0018,636,1.037,0.0011,"aoml_navis",1030.03445179548
"7901009",98,0,1,0.031773,1,0.009345,1,114.791611438873,1,4.85413737528758,638,1,8.58600044250488,34.9739990234375,0.0317730009555817,0.0148456385359168,110.69270324707,-85.8595,25.8126,90.7768856391785,63,63,63,63,61,63,0,8047,1.25895569026649,26,-86,0.001869,51,2026-01-08 16:57:08.0018,638,1.037,0.0011,"aoml_navis",1030.04913405521
"7901009",98,0,1,0.028035,1,0.005607,1,114.713520906183,1,4.85408146033083,640,1,8.56900024414062,34.9739990234375,0.0280349999666214,0.0118765104562044,110.617401123047,-85.8595,25.8126,90.7768856391785,63,63,63,63,61,63,0,8047,1.25895569026649,26,-86,0.001869,51,2026-01-08 16:57:08.0018,640,1.037,0.0011,"aoml_navis",1030.06099935934
"7901009",98,0,1,0.031773,1,0.009345,1,114.574144733553,1,4.85403384837836,642,1,8.56700038909912,34.9749984741211,0.0317730009555817,0.0148456385359168,110.483001708984,-85.8595,25.8126,90.7768856391785,63,63,63,63,61,63,0,8047,1.25895569026649,26,-86,0.001869,51,2026-01-08 16:57:08.0018,642,1.037,0.0011,"aoml_navis",1030.07110295912
"7901009",98,0,1,0.026166,1,0.003738,1,114.339983902197,1,4.85399070904888,644,1,8.56599998474121,34.9749984741211,0.0261659994721413,0.0103919459506869,110.257202148438,-85.8595,25.8126,90.7768856391785,63,63,63,63,61,63,0,8047,1.25895569026649,26,-86,0.001869,51,2026-01-08 16:57:08.0018,644,1.037,0.0011,"aoml_navis",1030.0802576072
"7901009",98,0,1,0.028035,1,0.005607,1,113.885555550063,1,4.85394628069419,646,1,8.56799983978271,34.976001739502,0.0280349999666214,0.0118765104562044,109.819000244141,-85.8595,25.8126,90.7768856391785,63,63,63,63,61,63,0,8047,1.25895569026649,26,-86,0.001869,51,2026-01-08 16:57:08.0018,646,1.037,0.0011,"aoml_navis",1030.08968597092
"7901009",98,0,1,0.026166,1,0.003738,1,113.246534470657,1,4.8539013935391,648,1,8.57400035858154,34.9780006408691,0.0261659994721413,0.0103919459506869,109.202796936035,-85.8595,25.8126,90.7768856391785,63,63,63,63,61,63,0,8047,1.25895569026649,26,-86,0.001869,51,2026-01-08 16:57:08.0018,648,1.037,0.0011,"aoml_navis",1030.09921187426
"7901009",98,0,1,0.029904,1,0.007476,1,112.807874551314,1,4.85383749010707,650,1,8.56999969482422,34.9830017089844,0.0299040004611015,0.0133610740303993,108.779800415039,-85.8595,25.8126,90.7768856391785,63,63,63,63,61,63,0,8047,1.25895569026649,26,-86,0.001869,51,2026-01-08 16:57:08.0018,650,1.037,0.0011,"aoml_navis",1030.11277369521
"7901009",98,0,1,0.031773,1,0.009345,1,112.742229450025,1,4.85377008773188,652,1,8.55700016021729,34.9869995117188,0.0317730009555817,0.0148456385359168,108.716499328613,-85.8595,25.8126,90.7768856391785,63,63,63,63,61,63,0,8047,1.25895569026649,26,-86,0.001869,51,2026-01-08 16:57:08.0018,652,1.037,0.0011,"aoml_navis",1030.12707846169
"7901009",98,0,1,0.028035,1,0.005607,1,112.95938759093,1,4.85372743827333,654,1,8.55200004577637,34.9860000610352,0.0280349999666214,0.0118765104562044,108.925903320312,-85.8595,25.8126,90.7768856391785,63,63,63,63,61,63,0,8047,1.25895569026649,26,-86,0.001869,51,2026-01-08 16:57:08.0018,654,1.037,0.0011,"aoml_navis",1030.13613013645
"7901009",98,0,1,0.028035,1,0.005607,1,113.229737489816,1,4.85367777178679,656,1,8.5290002822876,34.9830017089844,0.0280349999666214,0.0118765104562044,109.186599731445,-85.8595,25.8126,90.7768856391785,63,63,63,63,61,63,0,8047,1.25895569026649,26,-86,0.001869,51,2026-01-08 16:57:08.0018,656,1.037,0.0011,"aoml_navis",1030.14667126519
"7901009",98,0,1,0.033642,1,0.011214,1,113.476446607377,1,4.85362336054031,658,1,8.5,34.9799995422363,0.0336420014500618,0.0163302011787891,109.424499511719,-85.8595,25.8126,90.7768856391785,63,63,63,63,61,63,0,8047,1.25895569026649,26,-86,0.001869,51,2026-01-08 16:57:08.0018,658,1.037,0.0011,"aoml_navis",1030.15821966116
"7901009",98,0,1,0.029904,1,0.007476,1,113.527573357351,1,4.85357930875421,660,1,8.48400020599365,34.9770011901855,0.0299040004611015,0.0133610740303993,109.47380065918,-85.8595,25.8126,90.7768856391785,63,63,63,63,61,63,0,8047,1.25895569026649,26,-86,0.001869,51,2026-01-08 16:57:08.0018,660,1.037,0.0011,"aoml_navis",1030.16756952579
"7901009",98,0,1,0.029904,1,0.007476,1,113.637082077002,1,4.85353189671025,662,1,8.47299957275391,34.976001739502,0.0299040004611015,0.0133610740303993,109.579399108887,-85.8595,25.8126,90.7768856391785,63,63,63,63,61,63,0,8047,1.25895569026649,26,-86,0.001869,51,2026-01-08 16:57:08.0018,662,1.037,0.0011,"aoml_navis",1030.17763278511
"7901009",98,0,1,0.031773,1,0.009345,1,113.831216565412,1,4.85346001021161,664,1,8.40799999237061,34.9700012207031,0.0317730009555817,0.0148456385359168,109.7666015625,-85.8595,25.8126,90.7768856391785,63,63,63,63,61,63,0,8047,1.25895569026649,26,-86,0.001869,51,2026-01-08 16:57:08.0018,664,1.037,0.0011,"aoml_navis",1030.19289114983
"7901009",98,0,1,0.031773,1,0.009345,1,113.831216565412,1,4.85340391769204,666,1,8.38599967956543,34.9690017700195,0.0317730009555817,0.0148456385359168,109.7666015625,-85.8595,25.8126,90.7768856391785,63,63,63,63,61,63,0,8047,1.25895569026649,26,-86,0.001869,51,2026-01-08 16:57:08.0018,666,1.037,0.0011,"aoml_navis",1030.20479745639
"7901009",98,0,1,0.029904,1,0.007476,1,113.771481659453,1,4.85335734824244,668,1,8.37600040435791,34.9679985046387,0.0299040004611015,0.0133610740303993,109.708999633789,-85.8595,25.8126,90.7768856391785,63,63,63,63,61,63,0,8047,1.25895569026649,26,-86,0.001869,51,2026-01-08 16:57:08.0018,668,1.037,0.0011,"aoml_navis",1030.21468258682
"7901009",98,0,1,0.033642,1,0.011214,1,113.774179620107,1,4.85330525788676,669.900024414062,1,8.36100006103516,34.9679985046387,0.0336420014500618,0.0163302011787891,109.711601257324,-85.8595,25.8126,90.7768856391785,63,63,63,63,61,63,0,8047,1.25895569026649,26,-86,0.001869,51,2026-01-08 16:57:08.0018,669.900024414062,1.037,0.0011,"aoml_navis",1030.225739845
"7901009",98,0,1,0.033642,1,0.011214,1,113.72191355537,1,4.85326289005634,672,1,8.35900020599365,34.9669990539551,0.0336420014500618,0.0163302011787891,109.661201477051,-85.8595,25.8126,90.7768856391785,63,63,63,63,61,63,0,8047,1.25895569026649,26,-86,0.001869,51,2026-01-08 16:57:08.0018,672,1.037,0.0011,"aoml_navis",1030.23473347061
"7901009",98,0,1,0.029904,1,0.007476,1,113.674315516398,1,4.85321975831606,674,1,8.35799980163574,34.9669990539551,0.0299040004611015,0.0133610740303993,109.615303039551,-85.8595,25.8126,90.7768856391785,63,63,63,63,61,63,0,8047,1.25895569026649,26,-86,0.001869,51,2026-01-08 16:57:08.0018,674,1.037,0.0011,"aoml_navis",1030.24388941639
"7901009",98,0,1,0.029904,1,0.007476,1,113.603480203412,1,4.85318109261113,676,1,8.35799980163574,34.9659996032715,0.0299040004611015,0.0133610740303993,109.546997070312,-85.8595,25.8126,90.7768856391785,63,63,63,63,61,63,0,8047,1.25895569026649,26,-86,0.001869,51,2026-01-08 16:57:08.0018,676,1.037,0.0011,"aoml_navis",1030.25209745674
"7901009",98,0,1,0.026166,1,0.003738,1,113.635214866696,1,4.85311792718938,678,1,8.32699966430664,34.9650001525879,0.0261659994721413,0.0103919459506869,109.577598571777,-85.8595,25.8126,90.7768856391785,63,63,63,63,61,63,0,8047,1.25895569026649,26,-86,0.001869,51,2026-01-08 16:57:08.0018,678,1.037,0.0011,"aoml_navis",1030.26550663187
"7901009",98,0,1,0.028035,1,0.005607,1,113.732175300142,1,4.8530558409695,680,1,8.28800010681152,34.9620018005371,0.0280349999666214,0.0118765104562044,109.671096801758,-85.8595,25.8126,90.7768856391785,63,63,63,63,61,63,0,8047,1.25895569026649,26,-86,0.001869,51,2026-01-08 16:57:08.0018,680,1.037,0.0011,"aoml_navis",1030.27868704703
"7901009",98,0,1,0.031773,1,0.009345,1,113.875388748188,1,4.85300510455203,682,1,8.26799964904785,34.9599990844727,0.0317730009555817,0.0148456385359168,109.809196472168,-85.8595,25.8126,90.7768856391785,63,63,63,63,61,63,0,8047,1.25895569026649,26,-86,0.001869,51,2026-01-08 16:57:08.0018,682,1.037,0.0011,"aoml_navis",1030.289458239
"7901009",98,0,1,0.029904,1,0.007476,1,113.974121449043,1,4.85296066138582,684,1,8.25599956512451,34.9580001831055,0.0299040004611015,0.0133610740303993,109.904403686523,-85.8595,25.8126,90.7768856391785,63,63,63,63,61,63,0,8047,1.25895569026649,26,-86,0.001869,51,2026-01-08 16:57:08.0018,684,1.037,0.0011,"aoml_navis",1030.29889357731
"7901009",98,0,1,0.028035,1,0.005607,1,114.121583591725,1,4.85290679196822,686,1,8.23200035095215,34.9560012817383,0.0280349999666214,0.0118765104562044,110.046600341797,-85.8595,25.8126,90.7768856391785,63,63,63,63,61,63,0,8047,1.25895569026649,26,-86,0.001869,51,2026-01-08 16:57:08.0018,686,1.037,0.0011,"aoml_navis",1030.31033035195
"7901009",98,0,1,0.028035,1,0.005607,1,114.258989699245,1,4.85285977008273,688,1,8.21199989318848,34.9529991149902,0.0280349999666214,0.0118765104562044,110.179100036621,-85.8595,25.8126,90.7768856391785,63,63,63,63,61,63,0,8047,1.25895569026649,26,-86,0.001869,51,2026-01-08 16:57:08.0018,688,1.037,0.0011,"aoml_navis",1030.32031356529
"7901009",98,0,1,0.028035,1,0.005607,1,114.505801671611,1,4.85280280502196,690,1,8.18400001525879,34.951000213623,0.0280349999666214,0.0118765104562044,110.417098999023,-85.8595,25.8126,90.7768856391785,63,63,63,63,61,63,0,8047,1.25895569026649,26,-86,0.001869,51,2026-01-08 16:57:08.0018,690,1.037,0.0011,"aoml_navis",1030.33240807265
"7901009",98,0,1,0.028035,1,0.005607,1,114.729281427067,1,4.85272587293229,692,1,8.12100028991699,34.9469985961914,0.0280349999666214,0.0118765104562044,110.632598876953,-85.8595,25.8126,90.7768856391785,63,63,63,63,61,63,0,8047,1.25895569026649,26,-86,0.001869,51,2026-01-08 16:57:08.0018,692,1.037,0.0011,"aoml_navis",1030.3487423201
"7901009",98,0,1,0.033642,1,0.011214,1,114.845325382787,1,4.85267680947073,694,1,8.10299968719482,34.9449996948242,0.0336420014500618,0.0163302011787891,110.744499206543,-85.8595,25.8126,90.7768856391785,63,63,63,63,61,63,0,8047,1.25895569026649,26,-86,0.001869,51,2026-01-08 16:57:08.0018,694,1.037,0.0011,"aoml_navis",1030.35915976142
"7901009",98,0,1,0.029904,1,0.007476,1,114.960744297769,1,4.85263399587281,696,1,8.0930004119873,34.943000793457,0.0299040004611015,0.0133610740303993,110.855796813965,-85.8595,25.8126,90.7768856391785,63,63,63,63,61,63,0,8047,1.25895569026649,26,-86,0.001869,51,2026-01-08 16:57:08.0018,696,1.037,0.0011,"aoml_navis",1030.36825036723
"7901009",98,0,1,0.028035,1,0.005607,1,115.183290448073,1,4.85257773570024,698,1,8.06099987030029,34.939998626709,0.0280349999666214,0.0118765104562044,111.07039642334,-85.8595,25.8126,90.7768856391785,63,63,63,63,61,63,0,8047,1.25895569026649,26,-86,0.001869,51,2026-01-08 16:57:08.0018,698,1.037,0.0011,"aoml_navis",1030.38019632641
"7901009",98,0,1,0.029904,1,0.007476,1,115.449399564231,1,4.85249568529217,700,1,7.99100017547607,34.9360008239746,0.0299040004611015,0.0133610740303993,111.327003479004,-85.8595,25.8126,90.7768856391785,63,63,63,63,61,63,0,8047,1.25895569026649,26,-86,0.001869,51,2026-01-08 16:57:08.0018,700,1.037,0.0011,"aoml_navis",1030.39761893141
"7901009",98,0,1,0.026166,1,0.003738,1,115.59157655232,1,4.85244285271512,702,1,7.96799993515015,34.9339981079102,0.0261659994721413,0.0103919459506869,111.46410369873,-85.8595,25.8126,90.7768856391785,63,63,63,63,61,63,0,8047,1.25895569026649,26,-86,0.001869,51,2026-01-08 16:57:08.0018,702,1.037,0.0011,"aoml_navis",1030.40883772641
"7901009",98,0,1,0.029904,1,0.007476,1,115.779167892752,1,4.85239389346253,704,1,7.94999980926514,34.931999206543,0.0299040004611015,0.0133610740303993,111.644996643066,-85.8595,25.8126,90.7768856391785,63,63,63,63,61,63,0,8047,1.25895569026649,26,-86,0.001869,51,2026-01-08 16:57:08.0018,704,1.037,0.0011,"aoml_navis",1030.41923425391
"7901009",98,0,1,0.028035,1,0.005607,1,116.014990224804,1,4.85234494642673,706,1,7.93200016021729,34.9300003051758,0.0280349999666214,0.0118765104562044,111.872398376465,-85.8595,25.8126,90.7768856391785,63,63,63,63,61,63,0,8047,1.25895569026649,26,-86,0.001869,51,2026-01-08 16:57:08.0018,706,1.037,0.0011,"aoml_navis",1030.42962839688
"7901009",98,0,1,0.029904,1,0.007476,1,116.420886932812,1,4.85227980671502,708,1,7.89300012588501,34.9280014038086,0.0299040004611015,0.0133610740303993,112.263801574707,-85.8595,25.8126,90.7768856391785,63,63,63,63,61,63,0,8047,1.25895569026649,26,-86,0.001869,51,2026-01-08 16:57:08.0018,708,1.037,0.0011,"aoml_navis",1030.4434614592
"7901009",98,0,1,0.029904,1,0.007476,1,116.881431189887,1,4.85220885473862,710,1,7.83199977874756,34.9230003356934,0.0299040004611015,0.0133610740303993,112.707901000977,-85.8595,25.8126,90.7768856391785,63,63,63,63,61,63,0,8047,1.25895569026649,26,-86,0.001869,51,2026-01-08 16:57:08.0018,710,1.037,0.0011,"aoml_navis",1030.45852923603
"7901009",98,0,1,0.029904,1,0.007476,1,117.429607740789,1,4.85215063588259,712,1,7.79699993133545,34.9199981689453,0.0299040004611015,0.0133610740303993,113.236503601074,-85.8595,25.8126,90.7768856391785,63,63,63,63,61,63,0,8047,1.25895569026649,26,-86,0.001869,51,2026-01-08 16:57:08.0018,712,1.037,0.0011,"aoml_navis",1030.47089326206
"7901009",98,0,1,0.031773,1,0.009345,1,117.960354358204,1,4.85207684173275,713.900024414062,1,7.73400020599365,34.9160003662109,0.0317730009555817,0.0148456385359168,113.74829864502,-85.8595,25.8126,90.7768856391785,63,63,63,63,61,63,0,8047,1.25895569026649,26,-86,0.001869,51,2026-01-08 16:57:08.0018,713.900024414062,1.037,0.0011,"aoml_navis",1030.48656546305
"7901009",98,0,1,0.035511,1,0.013083,1,118.264931171418,1,4.8520167686822,716,1,7.7039999961853,34.9140014648438,0.0355109982192516,0.017814764752984,114.041999816895,-85.8595,25.8126,90.7768856391785,63,63,63,63,61,63,0,8047,1.25895569026649,26,-86,0.001869,51,2026-01-08 16:57:08.0018,716,1.037,0.0011,"aoml_navis",1030.49932396627
"7901009",98,0,1,0.028035,1,0.005607,1,118.498680583554,1,4.85196191105641,718,1,7.67799997329712,34.9119987487793,0.0280349999666214,0.0118765104562044,114.267402648926,-85.8595,25.8126,90.7768856391785,63,63,63,63,61,63,0,8047,1.25895569026649,26,-86,0.001869,51,2026-01-08 16:57:08.0018,718,1.037,0.0011,"aoml_navis",1030.51097507716
"7901009",98,0,1,0.033642,1,0.011214,1,118.642614015235,1,4.85191403943998,720,1,7.66599988937378,34.9109992980957,0.0336420014500618,0.0163302011787891,114.406196594238,-85.8595,25.8126,90.7768856391785,63,63,63,63,61,63,0,8047,1.25895569026649,26,-86,0.001869,51,2026-01-08 16:57:08.0018,720,1.037,0.0011,"aoml_navis",1030.52114265757
"7901009",98,0,1,0.029904,1,0.007476,1,118.839549319103,1,4.8518669339372,722,1,7.65500020980835,34.9099998474121,0.0299040004611015,0.0133610740303993,114.596099853516,-85.8595,25.8126,90.7768856391785,63,63,63,63,61,63,0,8047,1.25895569026649,26,-86,0.001869,51,2026-01-08 16:57:08.0018,722,1.037,0.0011,"aoml_navis",1030.53114771691
"7901009",98,0,1,0.029904,1,0.007476,1,119.060647590229,1,4.85181910768476,724.099975585938,1,7.64099979400635,34.9080009460449,0.0299040004611015,0.0133610740303993,114.809303283691,-85.8595,25.8126,90.7768856391785,63,63,63,63,61,63,0,8047,1.25895569026649,26,-86,0.001869,51,2026-01-08 16:57:08.0018,724.099975585938,1.037,0.0011,"aoml_navis",1030.54130605993
"7901009",98,0,1,0.029904,1,0.007476,1,119.292521880152,1,4.85175960034453,726,1,7.60599994659424,34.9059982299805,0.0299040004611015,0.0133610740303993,115.032897949219,-85.8595,25.8126,90.7768856391785,63,63,63,63,61,63,0,8047,1.25895569026649,26,-86,0.001869,51,2026-01-08 16:57:08.0018,726,1.037,0.0011,"aoml_navis",1030.55394575711
"7901009",98,0,1,0.029904,1,0.007476,1,119.45585531043,1,4.85170039065478,728,1,7.5789999961853,34.9049987792969,0.0299040004611015,0.0133610740303993,115.190399169922,-85.8595,25.8126,90.7768856391785,63,63,63,63,61,63,0,8047,1.25895569026649,26,-86,0.001869,51,2026-01-08 16:57:08.0018,728,1.037,0.0011,"aoml_navis",1030.56652253937
"7901009",98,0,1,0.031773,1,0.009345,1,119.506879205598,1,4.85165115559585,730,1,7.57000017166138,34.9049987792969,0.0317730009555817,0.0148456385359168,115.239601135254,-85.8595,25.8126,90.7768856391785,63,63,63,63,61,63,0,8047,1.25895569026649,26,-86,0.001869,51,2026-01-08 16:57:08.0018,730,1.037,0.0011,"aoml_navis",1030.57698083529
"7901009",98,0,1,0.026166,1,0.003738,1,119.632148446133,1,4.85160484308915,732,1,7.55999994277954,34.9039993286133,0.0261659994721413,0.0103919459506869,115.360397338867,-85.8595,25.8126,90.7768856391785,63,63,63,63,61,63,0,8047,1.25895569026649,26,-86,0.001869,51,2026-01-08 16:57:08.0018,732,1.037,0.0011,"aoml_navis",1030.58681852918
"7901009",98,0,1,0.033642,1,0.011214,1,119.720508635502,1,4.85155410100871,734,1,7.54899978637695,34.9039993286133,0.0336420014500618,0.0163302011787891,115.445602416992,-85.8595,25.8126,90.7768856391785,63,63,63,63,61,63,0,8047,1.25895569026649,26,-86,0.001869,51,2026-01-08 16:57:08.0018,734,1.037,0.0011,"aoml_navis",1030.59759736791
"7901009",98,0,1,0.029904,1,0.007476,1,119.76820952928,1,4.85150779653076,736,1,7.53900003433228,34.9029998779297,0.0299040004611015,0.0133610740303993,115.491600036621,-85.8595,25.8126,90.7768856391785,63,63,63,63,61,63,0,8047,1.25895569026649,26,-86,0.001869,51,2026-01-08 16:57:08.0018,736,1.037,0.0011,"aoml_navis",1030.60743374986
"7901009",98,0,1,0.033642,1,0.011214,1,119.85915691259,1,4.85146084327524,738,1,7.53299999237061,34.9029998779297,0.0336420014500618,0.0163302011787891,115.579299926758,-85.8595,25.8126,90.7768856391785,63,63,63,63,61,63,0,8047,1.25895569026649,26,-86,0.001869,51,2026-01-08 16:57:08.0018,738,1.037,0.0011,"aoml_navis",1030.61740814226
"7901009",98,0,1,0.029904,1,0.007476,1,119.908930726283,1,4.85141605664654,740,1,7.52500009536743,34.9020004272461,0.0299040004611015,0.0133610740303993,115.627296447754,-85.8595,25.8126,90.7768856391785,63,63,63,63,61,63,0,8047,1.25895569026649,26,-86,0.001869,51,2026-01-08 16:57:08.0018,740,1.037,0.0011,"aoml_navis",1030.62692245286
"7901009",98,0,1,0.031773,1,0.009345,1,119.989197033693,1,4.85136910769389,742,1,7.51900005340576,34.9020004272461,0.0317730009555817,0.0148456385359168,115.704696655273,-85.8595,25.8126,90.7768856391785,63,63,63,63,61,63,0,8047,1.25895569026649,26,-86,0.001869,51,2026-01-08 16:57:08.0018,742,1.037,0.0011,"aoml_navis",1030.63689630838
"7901009",98,0,1,0.029904,1,0.007476,1,120.099022229667,1,4.85132130352721,744,1,7.50699996948242,34.9010009765625,0.0299040004611015,0.0133610740303993,115.810600280762,-85.8595,25.8126,90.7768856391785,63,63,63,63,61,63,0,8047,1.25895569026649,26,-86,0.001869,51,2026-01-08 16:57:08.0018,744,1.037,0.0011,"aoml_navis",1030.64705204429
"7901009",98,0,1,0.031773,1,0.009345,1,120.240890653341,1,4.85127048486864,746,1,7.49100017547607,34.9000015258789,0.0317730009555817,0.0148456385359168,115.947402954102,-85.8595,25.8126,90.7768856391785,63,63,63,63,61,63,0,8047,1.25895569026649,26,-86,0.001869,51,2026-01-08 16:57:08.0018,746,1.037,0.0011,"aoml_navis",1030.65784841213
"7901009",98,0,1,0.031773,1,0.009345,1,120.420498878527,1,4.85122421545071,748,1,7.48099994659424,34.898998260498,0.0317730009555817,0.0148456385359168,116.120597839355,-85.8595,25.8126,90.7768856391785,63,63,63,63,61,63,0,8047,1.25895569026649,26,-86,0.001869,51,2026-01-08 16:57:08.0018,748,1.037,0.0011,"aoml_navis",1030.66767849556
"7901009",98,0,1,0.031773,1,0.009345,1,120.528868283415,1,4.85115976017507,750,1,7.44199991226196,34.8969993591309,0.0317730009555817,0.0148456385359168,116.22509765625,-85.8595,25.8126,90.7768856391785,63,63,63,63,61,63,0,8047,1.25895569026649,26,-86,0.001869,51,2026-01-08 16:57:08.0018,750,1.037,0.0011,"aoml_navis",1030.68137253422
"7901009",98,0,1,0.029904,1,0.007476,1,120.567446747184,1,4.85110371498731,752,1,7.41900014877319,34.8959999084473,0.0299040004611015,0.0133610740303993,116.262298583984,-85.8595,25.8126,90.7768856391785,63,63,63,63,61,63,0,8047,1.25895569026649,26,-86,0.001869,51,2026-01-08 16:57:08.0018,752,1.037,0.0011,"aoml_navis",1030.69328007824
"7901009",98,0,1,0.031773,1,0.009345,1,120.548988265647,1,4.85105828915559,754,1,7.41499996185303,34.8959999084473,0.0317730009555817,0.0148456385359168,116.244499206543,-85.8595,25.8126,90.7768856391785,63,63,63,63,61,63,0,8047,1.25895569026649,26,-86,0.001869,51,2026-01-08 16:57:08.0018,754,1.037,0.0011,"aoml_navis",1030.702931601
"7901009",98,0,1,0.029904,1,0.007476,1,120.639310608219,1,4.85101128008823,756,1,7.40399980545044,34.8950004577637,0.0299040004611015,0.0133610740303993,116.331596374512,-85.8595,25.8126,90.7768856391785,63,63,63,63,61,63,0,8047,1.25895569026649,26,-86,0.001869,51,2026-01-08 16:57:08.0018,756,1.037,0.0011,"aoml_navis",1030.71291970054
"7901009",98,0,1,0.028035,1,0.005607,1,120.794558068446,1,4.85096059906791,758,1,7.39300012588501,34.8950004577637,0.0280349999666214,0.0118765104562044,116.481300354004,-85.8595,25.8126,90.7768856391785,63,63,63,63,61,63,0,8047,1.25895569026649,26,-86,0.001869,51,2026-01-08 16:57:08.0018,758,1.037,0.0011,"aoml_navis",1030.72368820327
"7901009",98,0,1,0.028035,1,0.005607,1,121.015862049182,1,4.8509158514402,760,1,7.38500022888184,34.8940010070801,0.0280349999666214,0.0118765104562044,116.694702148438,-85.8595,25.8126,90.7768856391785,63,63,63,63,61,63,0,8047,1.25895569026649,26,-86,0.001869,51,2026-01-08 16:57:08.0018,760,1.037,0.0011,"aoml_navis",1030.73319618924
"7901009",98,0,1,0.031773,1,0.009345,1,121.40993045462,1,4.8508710439568,762,1,7.37200021743774,34.8919982910156,0.0317730009555817,0.0148456385359168,117.074699401855,-85.8595,25.8126,90.7768856391785,63,63,63,63,61,63,0,8047,1.25895569026649,26,-86,0.001869,51,2026-01-08 16:57:08.0018,762,1.037,0.0011,"aoml_navis",1030.74271706913
"7901009",98,0,1,0.028035,1,0.005607,1,121.993987508637,1,4.85081423445659,764,1,7.34299993515015,34.8899993896484,0.0280349999666214,0.0118765104562044,117.637901306152,-85.8595,25.8126,90.7768856391785,63,63,63,63,61,63,0,8047,1.25895569026649,26,-86,0.001869,51,2026-01-08 16:57:08.0018,764,1.037,0.0011,"aoml_navis",1030.7547884402
"7901009",98,0,1,0.031773,1,0.009345,1,122.644306792773,1,4.85074463548476,766,1,7.28700017929077,34.8860015869141,0.0317730009555817,0.0148456385359168,118.264999389648,-85.8595,25.8126,90.7768856391785,63,63,63,63,61,63,0,8047,1.25895569026649,26,-86,0.001869,51,2026-01-08 16:57:08.0018,766,1.037,0.0011,"aoml_navis",1030.76957781356
"7901009",98,0,1,0.026166,1,0.003738,1,123.124037426928,1,4.85068570494355,768,1,7.25500011444092,34.8839988708496,0.0261659994721413,0.0103919459506869,118.727600097656,-85.8595,25.8126,90.7768856391785,63,63,63,63,61,63,0,8047,1.25895569026649,26,-86,0.001869,51,2026-01-08 16:57:08.0018,768,1.037,0.0011,"aoml_navis",1030.78210053978
"7901009",98,0,1,0.028035,1,0.005607,1,123.547356156515,1,4.85063047924045,770,1,7.22300004959106,34.8810005187988,0.0280349999666214,0.0118765104562044,119.135803222656,-85.8595,25.8126,90.7768856391785,63,63,63,63,61,63,0,8047,1.25895569026649,26,-86,0.001869,51,2026-01-08 16:57:08.0018,770,1.037,0.0011,"aoml_navis",1030.79383626496
"7901009",98,0,1,0.026166,1,0.003738,1,123.79240377338,1,4.85057165278168,772,1,7.19600009918213,34.8800010681152,0.0261659994721413,0.0103919459506869,119.372100830078,-85.8595,25.8126,90.7768856391785,63,63,63,63,61,63,0,8047,1.25895569026649,26,-86,0.001869,51,2026-01-08 16:57:08.0018,772,1.037,0.0011,"aoml_navis",1030.80633746182
"7901009",98,0,1,0.029904,1,0.007476,1,123.997005716172,1,4.85052324126739,774,1,7.18300008773804,34.8790016174316,0.0299040004611015,0.0133610740303993,119.569396972656,-85.8595,25.8126,90.7768856391785,63,63,63,63,61,63,0,8047,1.25895569026649,26,-86,0.001869,51,2026-01-08 16:57:08.0018,774,1.037,0.0011,"aoml_navis",1030.81662560874
"7901009",98,0,1,0.028035,1,0.005607,1,124.228476498783,1,4.8504674341563,776,1,7.15999984741211,34.8779983520508,0.0280349999666214,0.0118765104562044,119.792602539062,-85.8595,25.8126,90.7768856391785,63,63,63,63,61,63,0,8047,1.25895569026649,26,-86,0.001869,51,2026-01-08 16:57:08.0018,776,1.037,0.0011,"aoml_navis",1030.82848568175
"7901009",98,0,1,0.029904,1,0.007476,1,124.433078441575,1,4.85040943620366,778,1,7.13899993896484,34.8779983520508,0.0299040004611015,0.0133610740303993,119.989898681641,-85.8595,25.8126,90.7768856391785,63,63,63,63,61,63,0,8047,1.25895569026649,26,-86,0.001869,51,2026-01-08 16:57:08.0018,778,1.037,0.0011,"aoml_navis",1030.84081163949
"7901009",98,0,1,0.029904,1,0.007476,1,124.575152574858,1,4.85035367342725,780,1,7.12099981307983,34.8779983520508,0.0299040004611015,0.0133610740303993,120.126899719238,-85.8595,25.8126,90.7768856391785,63,63,63,63,61,63,0,8047,1.25895569026649,26,-86,0.001869,51,2026-01-08 16:57:08.0018,780,1.037,0.0011,"aoml_navis",1030.85266284654
"7901009",98,0,1,0.028035,1,0.005607,1,124.787539835195,1,4.85029940080087,782,1,7.10500001907349,34.8779983520508,0.0280349999666214,0.0118765104562044,120.331703186035,-85.8595,25.8126,90.7768856391785,63,63,63,63,61,63,0,8047,1.25895569026649,26,-86,0.001869,51,2026-01-08 16:57:08.0018,782,1.037,0.0011,"aoml_navis",1030.86419761519
"7901009",98,0,1,0.031773,1,0.009345,1,125.02014202066,1,4.85024586120391,784,1,7.08500003814697,34.8769989013672,0.0317730009555817,0.0148456385359168,120.555999755859,-85.8595,25.8126,90.7768856391785,63,63,63,63,61,63,0,8047,1.25895569026649,26,-86,0.001869,51,2026-01-08 16:57:08.0018,784,1.037,0.0011,"aoml_navis",1030.87557684321
"7901009",98,0,1,0.029904,1,0.007476,1,125.344316630173,1,4.85018718336442,786,1,7.06300020217896,34.8769989013672,0.0299040004611015,0.0133610740303993,120.868598937988,-85.8595,25.8126,90.7768856391785,63,63,63,63,61,63,0,8047,1.25895569026649,26,-86,0.001869,51,2026-01-08 16:57:08.0018,786,1.037,0.0011,"aoml_navis",1030.88804843438
"7901009",98,0,1,0.029904,1,0.007476,1,125.690067013003,1,4.85012483814132,788,1,7.0310001373291,34.8759994506836,0.0299040004611015,0.0133610740303993,121.202003479004,-85.8595,25.8126,90.7768856391785,63,63,63,63,61,63,0,8047,1.25895569026649,26,-86,0.001869,51,2026-01-08 16:57:08.0018,788,1.037,0.0011,"aoml_navis",1030.90129983461
"7901009",98,0,1,0.024297,1,0.001869,1,125.939157614895,1,4.85006841307694,790,1,7.00699996948242,34.875,0.0242970008403063,0.00890738237649202,121.442199707031,-85.8595,25.8126,90.7768856391785,63,63,63,63,61,63,0,8047,1.25895569026649,26,-86,0.001869,51,2026-01-08 16:57:08.0018,790,1.037,0.0011,"aoml_navis",1030.91329320609
"7901009",98,0,1,0.031773,1,0.009345,1,126.119604502337,1,4.8500156751924,792,1,6.99300003051758,34.875,0.0317730009555817,0.0148456385359168,121.616203308105,-85.8595,25.8126,90.7768856391785,63,63,63,63,61,63,0,8047,1.25895569026649,26,-86,0.001869,51,2026-01-08 16:57:08.0018,792,1.037,0.0011,"aoml_navis",1030.92450310517
"7901009",98,0,1,0.028035,1,0.005607,1,126.311452449313,1,4.84996809074899,794,1,6.98099994659424,34.8740005493164,0.0280349999666214,0.0118765104562044,121.801200866699,-85.8595,25.8126,90.7768856391785,63,63,63,63,61,63,0,8047,1.25895569026649,26,-86,0.001869,51,2026-01-08 16:57:08.0018,794,1.037,0.0011,"aoml_navis",1030.93461780443
"7901009",98,0,1,0.026166,1,0.003738,1,126.417123893549,1,4.84991683302485,796,1,6.9689998626709,34.8740005493164,0.0261659994721413,0.0103919459506869,121.903099060059,-85.8595,25.8126,90.7768856391785,63,63,63,63,61,63,0,8047,1.25895569026649,26,-86,0.001869,51,2026-01-08 16:57:08.0018,796,1.037,0.0011,"aoml_navis",1030.94551352988
"7901009",98,0,1,0.033642,1,0.011214,1,126.580663033437,1,4.84987365989717,798,1,6.96299982070923,34.8730010986328,0.0336420014500618,0.0163302011787891,122.06079864502,-85.8595,25.8126,90.7768856391785,63,63,63,63,61,63,0,8047,1.25895569026649,26,-86,0.001869,51,2026-01-08 16:57:08.0018,798,1.037,0.0011,"aoml_navis",1030.95469091168
"7901009",98,0,1,0.035511,1,0.013083,1,126.774900376652,1,4.84982682179082,800,1,6.9520001411438,34.8720016479492,0.0355109982192516,0.017814764752984,122.248100280762,-85.8595,25.8126,90.7768856391785,63,63,63,63,61,63,0,8047,1.25895569026649,26,-86,0.001869,51,2026-01-08 16:57:08.0018,800,1.037,0.0011,"aoml_navis",1030.96464754874
"7901009",98,0,1,0.029904,1,0.007476,1,126.941343186803,1,4.84977777529456,802,1,6.94299983978271,34.8720016479492,0.0299040004611015,0.0133610740303993,122.408599853516,-85.8595,25.8126,90.7768856391785,63,63,63,63,61,63,0,8047,1.25895569026649,26,-86,0.001869,51,2026-01-08 16:57:08.0018,802,1.037,0.0011,"aoml_navis",1030.97507384167
"7901009",98,0,1,0.026166,1,0.003738,1,127.091922621266,1,4.84973242449295,804,1,6.93400001525879,34.8709983825684,0.0261659994721413,0.0103919459506869,122.553802490234,-85.8595,25.8126,90.7768856391785,63,63,63,63,61,63,0,8047,1.25895569026649,26,-86,0.001869,51,2026-01-08 16:57:08.0018,804,1.037,0.0011,"aoml_navis",1030.98471469233
"7901009",98,0,1,0.031773,1,0.009345,1,127.201431340917,1,4.84968340058567,806,1,6.92000007629395,34.8699989318848,0.0317730009555817,0.0148456385359168,122.659400939941,-85.8595,25.8126,90.7768856391785,63,63,63,63,61,63,0,8047,1.25895569026649,26,-86,0.001869,51,2026-01-08 16:57:08.0018,806,1.037,0.0011,"aoml_navis",1030.99513658895
"7901009",98,0,1,0.029904,1,0.007476,1,127.201012009789,1,4.8496233687378,808,1,6.90100002288818,34.8709983825684,0.0299040004611015,0.0133610740303993,122.658996582031,-85.8595,25.8126,90.7768856391785,63,63,63,63,61,63,0,8047,1.25895569026649,26,-86,0.001869,51,2026-01-08 16:57:08.0018,808,1.037,0.0011,"aoml_navis",1031.00789892914
"7901009",98,0,1,0.029904,1,0.007476,1,127.335411592241,1,4.84956699061218,810,1,6.88700008392334,34.8720016479492,0.0299040004611015,0.0133610740303993,122.788597106934,-85.8595,25.8126,90.7768856391785,63,63,63,63,61,63,0,8047,1.25895569026649,26,-86,0.001869,51,2026-01-08 16:57:08.0018,810,1.037,0.0011,"aoml_navis",1031.01988480189
"7901009",98,0,1,0.033642,1,0.011214,1,127.547276666644,1,4.84951209453601,812,1,6.875,34.8730010986328,0.0336420014500618,0.0163302011787891,122.992897033691,-85.8595,25.8126,90.7768856391785,63,63,63,63,61,63,0,8047,1.25895569026649,26,-86,0.001869,51,2026-01-08 16:57:08.0018,812,1.037,0.0011,"aoml_navis",1031.03155586178
"7901009",98,0,1,0.028035,1,0.005607,1,127.99828707449,1,4.84945796130657,814,1,6.85900020599365,34.8730010986328,0.0280349999666214,0.0118765104562044,123.427803039551,-85.8595,25.8126,90.7768856391785,63,63,63,63,61,63,0,8047,1.25895569026649,26,-86,0.001869,51,2026-01-08 16:57:08.0018,814,1.037,0.0011,"aoml_navis",1031.04306499708
"7901009",98,0,1,0.028035,1,0.005607,1,128.51192814665,1,4.84940018993326,816,1,6.83799982070923,34.8730010986328,0.0280349999666214,0.0118765104562044,123.92310333252,-85.8595,25.8126,90.7768856391785,63,63,63,63,61,63,0,8047,1.25895569026649,26,-86,0.001869,51,2026-01-08 16:57:08.0018,816,1.037,0.0011,"aoml_navis",1031.05534791279
"7901009",98,0,1,0.029904,1,0.007476,1,128.784042401036,1,4.8493556344946,818,1,6.82499980926514,34.8709983825684,0.0299040004611015,0.0133610740303993,124.185501098633,-85.8595,25.8126,90.7768856391785,63,63,63,63,61,63,0,8047,1.25895569026649,26,-86,0.001869,51,2026-01-08 16:57:08.0018,818,1.037,0.0011,"aoml_navis",1031.06482115558
"7901009",98,0,1,0.024297,1,0.001869,1,128.956189696909,1,4.84930371427761,820,1,6.81199979782104,34.8709983825684,0.0242970008403063,0.00890738237649202,124.351501464844,-85.8595,25.8126,90.7768856391785,63,63,63,63,61,63,0,8047,1.25895569026649,26,-86,0.001869,51,2026-01-08 16:57:08.0018,820,1.037,0.0011,"aoml_navis",1031.07586049492
"7901009",98,0,1,0.029904,1,0.007476,1,129.105827614311,1,4.84926203122739,822,1,6.80800008773804,34.8699989318848,0.0299040004611015,0.0133610740303993,124.495796203613,-85.8595,25.8126,90.7768856391785,63,63,63,63,61,63,0,8047,1.25895569026649,26,-86,0.001869,51,2026-01-08 16:57:08.0018,822,1.037,0.0011,"aoml_navis",1031.08472336655
"7901009",98,0,1,0.028035,1,0.005607,1,129.338951985709,1,4.84921011881754,824,1,6.79500007629395,34.8699989318848,0.0280349999666214,0.0118765104562044,124.720596313477,-85.8595,25.8126,90.7768856391785,63,63,63,63,61,63,0,8047,1.25895569026649,26,-86,0.001869,51,2026-01-08 16:57:08.0018,824,1.037,0.0011,"aoml_navis",1031.09576147202
"7901009",98,0,1,0.031773,1,0.009345,1,129.477505319899,1,4.84915966712274,826,1,6.78399991989136,34.8699989318848,0.0317730009555817,0.0148456385359168,124.854202270508,-85.8595,25.8126,90.7768856391785,63,63,63,63,61,63,0,8047,1.25895569026649,26,-86,0.001869,51,2026-01-08 16:57:08.0018,826,1.037,0.0011,"aoml_navis",1031.10648921296
"7901009",98,0,1,0.026166,1,0.003738,1,129.572907107455,1,4.84911285617443,828,1,6.77799987792969,34.8699989318848,0.0261659994721413,0.0103919459506869,124.946197509766,-85.8595,25.8126,90.7768856391785,63,63,63,63,61,63,0,8047,1.25895569026649,26,-86,0.001869,51,2026-01-08 16:57:08.0018,828,1.037,0.0011,"aoml_navis",1031.11644300739
"7901009",98,0,1,0.028035,1,0.005607,1,129.668941847656,1,4.84906677451861,830,1,6.77299976348877,34.8699989318848,0.0280349999666214,0.0118765104562044,125.038803100586,-85.8595,25.8126,90.7768856391785,63,63,63,63,61,63,0,8047,1.25895569026649,26,-86,0.001869,51,2026-01-08 16:57:08.0018,830,1.037,0.0011,"aoml_navis",1031.12624191412
"7901009",98,0,1,0.029904,1,0.007476,1,129.865252110786,1,4.8490185132844,832,1,6.7649998664856,34.8699989318848,0.0299040004611015,0.0133610740303993,125.228103637695,-85.8595,25.8126,90.7768856391785,63,63,63,63,61,63,0,8047,1.25895569026649,26,-86,0.001869,51,2026-01-08 16:57:08.0018,832,1.037,0.0011,"aoml_navis",1031.13650449095
"7901009",98,0,1,0.031773,1,0.009345,1,129.957853082884,1,4.84897243589102,834,1,6.76000022888184,34.8699989318848,0.0317730009555817,0.0148456385359168,125.317398071289,-85.8595,25.8126,90.7768856391785,63,63,63,63,61,63,0,8047,1.25895569026649,26,-86,0.001869,51,2026-01-08 16:57:08.0018,834,1.037,0.0011,"aoml_navis",1031.14630287256
"7901009",98,0,1,0.031773,1,0.009345,1,130.065811068552,1,4.84892931094548,836,1,6.75400018692017,34.8689994812012,0.0317730009555817,0.0148456385359168,125.421501159668,-85.8595,25.8126,90.7768856391785,63,63,63,63,61,63,0,8047,1.25895569026649,26,-86,0.001869,51,2026-01-08 16:57:08.0018,836,1.037,0.0011,"aoml_navis",1031.15547358331
"7901009",98,0,1,0.031773,1,0.009345,1,130.172313263135,1,4.84888032957988,838,1,6.74499988555908,34.8689994812012,0.0317730009555817,0.0148456385359168,125.524200439453,-85.8595,25.8126,90.7768856391785,63,63,63,63,61,63,0,8047,1.25895569026649,26,-86,0.001869,51,2026-01-08 16:57:08.0018,838,1.037,0.0011,"aoml_navis",1031.1658898856
"7901009",98,0,1,0.024297,1,0.001869,1,130.233812524594,1,4.84882917234935,840,1,6.73299980163574,34.8689994812012,0.0242970008403063,0.00890738237649202,125.583503723145,-85.8595,25.8126,90.7768856391785,63,63,63,63,61,63,0,8047,1.25895569026649,26,-86,0.001869,51,2026-01-08 16:57:08.0018,840,1.037,0.0011,"aoml_navis",1031.17676912866
"7901009",98,0,1,0.029904,1,0.007476,1,130.309719370655,1,4.84878165040224,842,1,6.72599983215332,34.8689994812012,0.0299040004611015,0.0133610740303993,125.656700134277,-85.8595,25.8126,90.7768856391785,63,63,63,63,61,63,0,8047,1.25895569026649,26,-86,0.001869,51,2026-01-08 16:57:08.0018,842,1.037,0.0011,"aoml_navis",1031.18687548762
"7901009",98,0,1,0.029904,1,0.007476,1,130.38791275815,1,4.84873558307572,844,1,6.72100019454956,34.8689994812012,0.0299040004611015,0.0133610740303993,125.73210144043,-85.8595,25.8126,90.7768856391785,63,63,63,63,61,63,0,8047,1.25895569026649,26,-86,0.001869,51,2026-01-08 16:57:08.0018,844,1.037,0.0011,"aoml_navis",1031.19667268561
"7901009",98,0,1,0.029904,1,0.007476,1,130.373394406834,1,4.84869314814743,846,1,6.72100019454956,34.8689994812012,0.0299040004611015,0.0133610740303993,125.718101501465,-85.8595,25.8126,90.7768856391785,63,63,63,63,61,63,0,8047,1.25895569026649,26,-86,0.001869,51,2026-01-08 16:57:08.0018,846,1.037,0.0011,"aoml_navis",1031.20569754149
"7901009",98,0,1,0.026166,1,0.003738,1,130.416015855629,1,4.84864853637094,848,1,6.71799993515015,34.8689994812012,0.0261659994721413,0.0103919459506869,125.759201049805,-85.8595,25.8126,90.7768856391785,63,63,63,63,61,63,0,8047,1.25895569026649,26,-86,0.001869,51,2026-01-08 16:57:08.0018,848,1.037,0.0011,"aoml_navis",1031.21518552927
"7901009",98,0,1,0.029904,1,0.007476,1,130.426799786333,1,4.84860537949917,850,1,6.71700000762939,34.8689994812012,0.0299040004611015,0.0133610740303993,125.769599914551,-85.8595,25.8126,90.7768856391785,63,63,63,63,61,63,0,8047,1.25895569026649,26,-86,0.001869,51,2026-01-08 16:57:08.0018,850,1.037,0.0011,"aoml_navis",1031.22436425554
"7901009",98,0,1,0.029904,1,0.007476,1,130.528325390738,1,4.84855931867872,852,1,6.71199989318848,34.8689994812012,0.0299040004611015,0.0133610740303993,125.867500305176,-85.8595,25.8126,90.7768856391785,63,63,63,63,61,63,0,8047,1.25895569026649,26,-86,0.001869,51,2026-01-08 16:57:08.0018,852,1.037,0.0011,"aoml_navis",1031.23416078213
"7901009",98,0,1,0.028035,1,0.005607,1,130.613054014302,1,4.84851398639313,854,1,6.70800018310547,34.8689994812012,0.0280349999666214,0.0118765104562044,125.949203491211,-85.8595,25.8126,90.7768856391785,63,63,63,63,61,63,0,8047,1.25895569026649,26,-86,0.001869,51,2026-01-08 16:57:08.0018,854,1.037,0.0011,"aoml_navis",1031.24380254074
"7901009",98,0,1,0.029904,1,0.007476,1,130.700781251025,1,4.84846938192669,856,1,6.70499992370605,34.8689994812012,0.0299040004611015,0.0133610740303993,126.033798217773,-85.8595,25.8126,90.7768856391785,63,63,63,63,61,63,0,8047,1.25895569026649,26,-86,0.001869,51,2026-01-08 16:57:08.0018,856,1.037,0.0011,"aoml_navis",1031.25328967492
"7901009",98,0,1,0.029904,1,0.007476,1,130.875523652746,1,4.84842187397789,858,1,6.69799995422363,34.8689994812012,0.0299040004611015,0.0133610740303993,126.202301025391,-85.8595,25.8126,90.7768856391785,63,63,63,63,61,63,0,8047,1.25895569026649,26,-86,0.001869,51,2026-01-08 16:57:08.0018,858,1.037,0.0011,"aoml_navis",1031.26339455641
"7901009",98,0,1,0.029904,1,0.007476,1,131.02215504508,1,4.84837364226467,860,1,6.69000005722046,34.8689994812012,0.0299040004611015,0.0133610740303993,126.343696594238,-85.8595,25.8126,90.7768856391785,63,63,63,63,61,63,0,8047,1.25895569026649,26,-86,0.001869,51,2026-01-08 16:57:08.0018,860,1.037,0.0011,"aoml_navis",1031.27365358428
"7901009",98,0,1,0.031773,1,0.009345,1,131.210687902574,1,4.8483275908933,862,1,6.68499994277954,34.8689994812012,0.0317730009555817,0.0148456385359168,126.525497436523,-85.8595,25.8126,90.7768856391785,63,63,63,63,61,63,0,8047,1.25895569026649,26,-86,0.001869,51,2026-01-08 16:57:08.0018,862,1.037,0.0011,"aoml_navis",1031.28344903748
"7901009",98,0,1,0.029904,1,0.007476,1,131.537251908325,1,4.84827718642853,864,1,6.67399978637695,34.8689994812012,0.0299040004611015,0.0133610740303993,126.840400695801,-85.8595,25.8126,90.7768856391785,63,63,63,63,61,63,0,8047,1.25895569026649,26,-86,0.001869,51,2026-01-08 16:57:08.0018,864,1.037,0.0011,"aoml_navis",1031.29417063781
"7901009",98,0,1,0.026166,1,0.003738,1,131.933393233678,1,4.84822611237805,866,1,6.65700006484985,34.8680000305176,0.0261659994721413,0.0103919459506869,127.222396850586,-85.8595,25.8126,90.7768856391785,63,63,63,63,61,63,0,8047,1.25895569026649,26,-86,0.001869,51,2026-01-08 16:57:08.0018,866,1.037,0.0011,"aoml_navis",1031.30503489399
"7901009",98,0,1,0.028035,1,0.005607,1,132.267940354676,1,4.84817354496834,868,1,6.64300012588501,34.8680000305176,0.0280349999666214,0.0118765104562044,127.544998168945,-85.8595,25.8126,90.7768856391785,63,63,63,63,61,63,0,8047,1.25895569026649,26,-86,0.001869,51,2026-01-08 16:57:08.0018,868,1.037,0.0011,"aoml_navis",1031.31621705028
"7901009",98,0,1,0.028035,1,0.005607,1,132.498888951354,1,4.84811808855663,870,1,6.625,34.8680000305176,0.0280349999666214,0.0118765104562044,127.767700195312,-85.8595,25.8126,90.7768856391785,63,63,63,63,61,63,0,8047,1.25895569026649,26,-86,0.001869,51,2026-01-08 16:57:08.0018,870,1.037,0.0011,"aoml_navis",1031.32801401885
"7901009",98,0,1,0.028035,1,0.005607,1,132.778163482547,1,4.84807132497922,872,1,6.61899995803833,34.8680000305176,0.0280349999666214,0.0118765104562044,128.037002563477,-85.8595,25.8126,90.7768856391785,63,63,63,63,61,63,0,8047,1.25895569026649,26,-86,0.001869,51,2026-01-08 16:57:08.0018,872,1.037,0.0011,"aoml_navis",1031.33796201347
"7901009",98,0,1,0.028035,1,0.005607,1,133.060855958029,1,4.84802534636085,874,1,6.60900020599365,34.867000579834,0.0280349999666214,0.0118765104562044,128.309600830078,-85.8595,25.8126,90.7768856391785,63,63,63,63,61,63,0,8047,1.25895569026649,26,-86,0.001869,51,2026-01-08 16:57:08.0018,874,1.037,0.0011,"aoml_navis",1031.34774321121
"7901009",98,0,1,0.028035,1,0.005607,1,133.368534239208,1,4.84797286517353,876,1,6.59000015258789,34.8660011291504,0.0280349999666214,0.0118765104562044,128.606292724609,-85.8595,25.8126,90.7768856391785,63,63,63,63,61,63,0,8047,1.25895569026649,26,-86,0.001869,51,2026-01-08 16:57:08.0018,876,1.037,0.0011,"aoml_navis",1031.3589079507
"7901009",98,0,1,0.031773,1,0.009345,1,133.714284622038,1,4.84790957412468,878,1,6.55600023269653,34.8650016784668,0.0317730009555817,0.0148456385359168,128.939697265625,-85.8595,25.8126,90.7768856391785,63,63,63,63,61,63,0,8047,1.25895569026649,26,-86,0.001869,51,2026-01-08 16:57:08.0018,878,1.037,0.0011,"aoml_navis",1031.37237267937
"7901009",98,0,1,0.028035,1,0.005607,1,133.913917886559,1,4.84786074702983,880,1,6.54199981689453,34.8639984130859,0.0280349999666214,0.0118765104562044,129.132202148438,-85.8595,25.8126,90.7768856391785,63,63,63,63,61,63,0,8047,1.25895569026649,26,-86,0.001869,51,2026-01-08 16:57:08.0018,880,1.037,0.0011,"aoml_navis",1031.38276054307
"7901009",98,0,1,0.031773,1,0.009345,1,134.180533364834,1,4.84781399883691,882,1,6.53599977493286,34.8639984130859,0.0317730009555817,0.0148456385359168,129.389297485352,-85.8595,25.8126,90.7768856391785,63,63,63,63,61,63,0,8047,1.25895569026649,26,-86,0.001869,51,2026-01-08 16:57:08.0018,882,1.037,0.0011,"aoml_navis",1031.39270632075
"7901009",98,0,1,0.029904,1,0.007476,1,134.494335462862,1,4.84776005073601,884,1,6.51999998092651,34.8639984130859,0.0299040004611015,0.0133610740303993,129.69189453125,-85.8595,25.8126,90.7768856391785,63,63,63,63,61,63,0,8047,1.25895569026649,26,-86,0.001869,51,2026-01-08 16:57:08.0018,884,1.037,0.0011,"aoml_navis",1031.4041841326
"7901009",98,0,1,0.029904,1,0.007476,1,134.854089922984,1,4.84771118985404,885.900024414062,1,6.50299978256226,34.8629989624023,0.0299040004611015,0.0133610740303993,130.038803100586,-85.8595,25.8126,90.7768856391785,63,63,63,63,61,63,0,8047,1.25895569026649,26,-86,0.001869,51,2026-01-08 16:57:08.0018,885.900024414062,1.037,0.0011,"aoml_navis",1031.41457982577
"7901009",98,0,1,0.029904,1,0.007476,1,135.27367423196,1,4.84765729588619,888,1,6.48999977111816,34.8629989624023,0.0299040004611015,0.0133610740303993,130.443405151367,-85.8595,25.8126,90.7768856391785,63,63,63,63,61,63,0,8047,1.25895569026649,26,-86,0.001869,51,2026-01-08 16:57:08.0018,888,1.037,0.0011,"aoml_navis",1031.4260466067
"7901009",98,0,1,0.028035,1,0.005607,1,135.727374688551,1,4.84758534088049,890,1,6.4539999961853,34.8639984130859,0.0280349999666214,0.0118765104562044,130.880905151367,-85.8595,25.8126,90.7768856391785,63,63,63,63,61,63,0,8047,1.25895569026649,26,-86,0.001869,51,2026-01-08 16:57:08.0018,890,1.037,0.0011,"aoml_navis",1031.44135655213
"7901009",98,0,1,0.029904,1,0.007476,1,136.067001254533,1,4.84752499108232,892,1,6.42899990081787,34.8639984130859,0.0299040004611015,0.0133610740303993,131.208404541016,-85.8595,25.8126,90.7768856391785,63,63,63,63,61,63,0,8047,1.25895569026649,26,-86,0.001869,51,2026-01-08 16:57:08.0018,892,1.037,0.0011,"aoml_navis",1031.45419759531
"7901009",98,0,1,0.028035,1,0.005607,1,136.300956376279,1,4.84746895722973,894,1,6.40999984741211,34.8639984130859,0.0280349999666214,0.0118765104562044,131.434005737305,-85.8595,25.8126,90.7768856391785,63,63,63,63,61,63,0,8047,1.25895569026649,26,-86,0.001869,51,2026-01-08 16:57:08.0018,894,1.037,0.0011,"aoml_navis",1031.4661205912
"7901009",98,0,1,0.026166,1,0.003738,1,136.526603994547,1,4.84741865639848,896,1,6.39900016784668,34.8639984130859,0.0261659994721413,0.0103919459506869,131.651596069336,-85.8595,25.8126,90.7768856391785,63,63,63,63,61,63,0,8047,1.25895569026649,26,-86,0.001869,51,2026-01-08 16:57:08.0018,896,1.037,0.0011,"aoml_navis",1031.47682393806
"7901009",98,0,1,0.029904,1,0.007476,1,136.709432366319,1,4.84736528049122,898,1,6.39400005340576,34.8660011291504,0.0299040004611015,0.0133610740303993,131.827896118164,-85.8595,25.8126,90.7768856391785,63,63,63,63,61,63,0,8047,1.25895569026649,26,-86,0.001869,51,2026-01-08 16:57:08.0018,898,1.037,0.0011,"aoml_navis",1031.48818186306
"7901009",98,0,1,0.031773,1,0.009345,1,136.80173268591,1,4.84731559810422,900,1,6.38899993896484,34.867000579834,0.0317730009555817,0.0148456385359168,131.916900634766,-85.8595,25.8126,90.7768856391785,63,63,63,63,61,63,0,8047,1.25895569026649,26,-86,0.001869,51,2026-01-08 16:57:08.0018,900,1.037,0.0011,"aoml_navis",1031.4987540641
"7901009",98,0,1,0.035511,1,0.013083,1,136.913527946994,1,4.84726520277567,902,1,6.38299989700317,34.8680000305176,0.0355109982192516,0.017814764752984,132.024703979492,-85.8595,25.8126,90.7768856391785,63,63,63,63,61,63,0,8047,1.25895569026649,26,-86,0.001869,51,2026-01-08 16:57:08.0018,902,1.037,0.0011,"aoml_navis",1031.50947819749
"7901009",98,0,1,0.031773,1,0.009345,1,136.978342297936,1,4.84721991684856,904,1,6.37900018692017,34.8680000305176,0.0317730009555817,0.0148456385359168,132.087203979492,-85.8595,25.8126,90.7768856391785,63,63,63,63,61,63,0,8047,1.25895569026649,26,-86,0.001869,51,2026-01-08 16:57:08.0018,904,1.037,0.0011,"aoml_navis",1031.51911523973
"7901009",98,0,1,0.033642,1,0.011214,1,137.088476058325,1,4.84717463236985,906,1,6.375,34.8680000305176,0.0336420014500618,0.0163302011787891,132.193405151367,-85.8595,25.8126,90.7768856391785,63,63,63,63,61,63,0,8047,1.25895569026649,26,-86,0.001869,51,2026-01-08 16:57:08.0018,906,1.037,0.0011,"aoml_navis",1031.52875215379
"7901009",98,0,1,0.031773,1,0.009345,1,137.21612678319,1,4.84713445687962,908,1,6.3730001449585,34.867000579834,0.0317730009555817,0.0148456385359168,132.316497802734,-85.8595,25.8126,90.7768856391785,63,63,63,63,61,63,0,8047,1.25895569026649,26,-86,0.001869,51,2026-01-08 16:57:08.0018,908,1.037,0.0011,"aoml_navis",1031.53730198332
"7901009",98,0,1,0.028035,1,0.005607,1,137.388891207892,1,4.84708989090014,910,1,6.36999988555908,34.867000579834,0.0280349999666214,0.0118765104562044,132.483093261719,-85.8595,25.8126,90.7768856391785,63,63,63,63,61,63,0,8047,1.25895569026649,26,-86,0.001869,51,2026-01-08 16:57:08.0018,910,1.037,0.0011,"aoml_navis",1031.5467863278
"7901009",98,0,1,0.031773,1,0.009345,1,137.719086779449,1,4.84704318169094,912,1,6.36399984359741,34.867000579834,0.0317730009555817,0.0148456385359168,132.801498413086,-85.8595,25.8126,90.7768856391785,63,63,63,63,61,63,0,8047,1.25895569026649,26,-86,0.001869,51,2026-01-08 16:57:08.0018,912,1.037,0.0011,"aoml_navis",1031.55672697261
"7901009",98,0,1,0.028035,1,0.005607,1,138.052811062007,1,4.84698932819758,914,1,6.34800004959106,34.867000579834,0.0280349999666214,0.0118765104562044,133.123306274414,-85.8595,25.8126,90.7768856391785,63,63,63,63,61,63,0,8047,1.25895569026649,26,-86,0.001869,51,2026-01-08 16:57:08.0018,914,1.037,0.0011,"aoml_navis",1031.56818830037
"7901009",98,0,1,0.033642,1,0.011214,1,138.371787547916,1,4.84692549495324,916,1,6.31799983978271,34.867000579834,0.0336420014500618,0.0163302011787891,133.430892944336,-85.8595,25.8126,90.7768856391785,63,63,63,63,61,63,0,8047,1.25895569026649,26,-86,0.001869,51,2026-01-08 16:57:08.0018,916,1.037,0.0011,"aoml_navis",1031.58177389072
"7901009",98,0,1,0.035511,1,0.013083,1,138.529218694771,1,4.8468716678053,918,1,6.30200004577637,34.867000579834,0.0355109982192516,0.017814764752984,133.582702636719,-85.8595,25.8126,90.7768856391785,63,63,63,63,61,63,0,8047,1.25895569026649,26,-86,0.001869,51,2026-01-08 16:57:08.0018,918,1.037,0.0011,"aoml_navis",1031.59323016779
"7901009",98,0,1,0.024297,1,0.001869,1,138.734232056782,1,4.84682212178597,920,1,6.29199981689453,34.867000579834,0.0242970008403063,0.00890738237649202,133.780395507812,-85.8595,25.8126,90.7768856391785,63,63,63,63,61,63,0,8047,1.25895569026649,26,-86,0.001869,51,2026-01-08 16:57:08.0018,920,1.037,0.0011,"aoml_navis",1031.60377549766
"7901009",98,0,1,0.028035,1,0.005607,1,138.957616869341,1,4.84676546282725,922,1,6.27199983596802,34.867000579834,0.0280349999666214,0.0118765104562044,133.995803833008,-85.8595,25.8126,90.7768856391785,63,63,63,63,61,63,0,8047,1.25895569026649,26,-86,0.001869,51,2026-01-08 16:57:08.0018,922,1.037,0.0011,"aoml_navis",1031.61583500336
"7901009",98,0,1,0.033642,1,0.011214,1,139.082261069138,1,4.84672102661238,924,1,6.26399993896484,34.8660011291504,0.0336420014500618,0.0163302011787891,134.115997314453,-85.8595,25.8126,90.7768856391785,63,63,63,63,61,63,0,8047,1.25895569026649,26,-86,0.001869,51,2026-01-08 16:57:08.0018,924,1.037,0.0011,"aoml_navis",1031.62529317161
"7901009",98,0,1,0.029904,1,0.007476,1,139.241970845518,1,4.84666710604264,926,1,6.25299978256226,34.867000579834,0.0299040004611015,0.0133610740303993,134.270004272461,-85.8595,25.8126,90.7768856391785,63,63,63,63,61,63,0,8047,1.25895569026649,26,-86,0.001869,51,2026-01-08 16:57:08.0018,926,1.037,0.0011,"aoml_navis",1031.6367703006
"7901009",98,0,1,0.031773,1,0.009345,1,139.421887635119,1,4.84661970933963,928,1,6.24599981307983,34.867000579834,0.0317730009555817,0.0148456385359168,134.443496704102,-85.8595,25.8126,90.7768856391785,63,63,63,63,61,63,0,8047,1.25895569026649,26,-86,0.001869,51,2026-01-08 16:57:08.0018,928,1.037,0.0011,"aoml_navis",1031.64685901904
"7901009",98,0,1,0.028035,1,0.005607,1,139.641632969965,1,4.84657373636824,930,1,6.24100017547607,34.867000579834,0.0280349999666214,0.0118765104562044,134.655395507812,-85.8595,25.8126,90.7768856391785,63,63,63,63,61,63,0,8047,1.25895569026649,26,-86,0.001869,51,2026-01-08 16:57:08.0018,930,1.037,0.0011,"aoml_navis",1031.6566448748
"7901009",98,0,1,0.033642,1,0.011214,1,139.950054970502,1,4.8465314416229,932,1,6.23600006103516,34.8660011291504,0.0336420014500618,0.0163302011787891,134.95280456543,-85.8595,25.8126,90.7768856391785,63,63,63,63,61,63,0,8047,1.25895569026649,26,-86,0.001869,51,2026-01-08 16:57:08.0018,932,1.037,0.0011,"aoml_navis",1031.66564794341
"7901009",98,0,1,0.029904,1,0.007476,1,140.323686917385,1,4.84647114250842,934,1,6.21600008010864,34.867000579834,0.0299040004611015,0.0133610740303993,135.313095092773,-85.8595,25.8126,90.7768856391785,63,63,63,63,61,63,0,8047,1.25895569026649,26,-86,0.001869,51,2026-01-08 16:57:08.0018,934,1.037,0.0011,"aoml_navis",1031.67848378276
"7901009",98,0,1,0.029904,1,0.007476,1,140.620794889377,1,4.84641666181573,936,1,6.19899988174438,34.867000579834,0.0299040004611015,0.0133610740303993,135.599594116211,-85.8595,25.8126,90.7768856391785,63,63,63,63,61,63,0,8047,1.25895569026649,26,-86,0.001869,51,2026-01-08 16:57:08.0018,936,1.037,0.0011,"aoml_navis",1031.69008133253
"7901009",98,0,1,0.035511,1,0.013083,1,140.894467789654,1,4.84636786144599,938,1,6.19000005722046,34.867000579834,0.0355109982192516,0.017814764752984,135.863494873047,-85.8595,25.8126,90.7768856391785,63,63,63,63,61,63,0,8047,1.25895569026649,26,-86,0.001869,51,2026-01-08 16:57:08.0018,938,1.037,0.0011,"aoml_navis",1031.70046990782
"7901009",98,0,1,0.028035,1,0.005607,1,141.265425511608,1,4.84631906413668,940,1,6.18100023269653,34.867000579834,0.0280349999666214,0.0118765104562044,136.221206665039,-85.8595,25.8126,90.7768856391785,63,63,63,63,61,63,0,8047,1.25895569026649,26,-86,0.001869,51,2026-01-08 16:57:08.0018,940,1.037,0.0011,"aoml_navis",1031.71085804081
"7901009",98,0,1,0.029904,1,0.007476,1,141.540443436258,1,4.84625880295044,942,1,6.16099977493286,34.8680000305176,0.0299040004611015,0.0133610740303993,136.486404418945,-85.8595,25.8126,90.7768856391785,63,63,63,63,61,63,0,8047,1.25895569026649,26,-86,0.001869,51,2026-01-08 16:57:08.0018,942,1.037,0.0011,"aoml_navis",1031.72368693062
"7901009",98,0,1,0.026166,1,0.003738,1,141.700248155535,1,4.84621213788785,944,1,6.15500020980835,34.8680000305176,0.0261659994721413,0.0103919459506869,136.640502929688,-85.8595,25.8126,90.7768856391785,63,63,63,63,61,63,0,8047,1.25895569026649,26,-86,0.001869,51,2026-01-08 16:57:08.0018,944,1.037,0.0011,"aoml_navis",1031.73362158661
"7901009",98,0,1,0.031773,1,0.009345,1,141.886177995273,1,4.84615755250292,946,1,6.14300012588501,34.8689994812012,0.0317730009555817,0.0148456385359168,136.819793701172,-85.8595,25.8126,90.7768856391785,63,63,63,63,61,63,0,8047,1.25895569026649,26,-86,0.001869,51,2026-01-08 16:57:08.0018,946,1.037,0.0011,"aoml_navis",1031.74524266501
"7901009",98,0,1,0.028035,1,0.005607,1,142.141700978428,1,4.84610947739066,948,1,6.13500022888184,34.8689994812012,0.0280349999666214,0.0118765104562044,137.066192626953,-85.8595,25.8126,90.7768856391785,63,63,63,63,61,63,0,8047,1.25895569026649,26,-86,0.001869,51,2026-01-08 16:57:08.0018,948,1.037,0.0011,"aoml_navis",1031.75547794108
"7901009",98,0,1,0.028035,1,0.005607,1,142.399819067432,1,4.84606069762411,950,1,6.12599992752075,34.8689994812012,0.0280349999666214,0.0118765104562044,137.315093994141,-85.8595,25.8126,90.7768856391785,63,63,63,63,61,63,0,8047,1.25895569026649,26,-86,0.001869,51,2026-01-08 16:57:08.0018,950,1.037,0.0011,"aoml_navis",1031.76586344685
"7901009",98,0,1,0.028035,1,0.005607,1,142.618947273447,1,4.84601262791873,952,1,6.11800003051758,34.8689994812012,0.0280349999666214,0.0118765104562044,137.526397705078,-85.8595,25.8126,90.7768856391785,63,63,63,63,61,63,0,8047,1.25895569026649,26,-86,0.001869,51,2026-01-08 16:57:08.0018,952,1.037,0.0011,"aoml_navis",1031.77609798087
"7901009",98,0,1,0.028035,1,0.005607,1,142.896148884725,1,4.84595891011514,954,1,6.10200023651123,34.8689994812012,0.0280349999666214,0.0118765104562044,137.793701171875,-85.8595,25.8126,90.7768856391785,63,63,63,63,61,63,0,8047,1.25895569026649,26,-86,0.001869,51,2026-01-08 16:57:08.0018,954,1.037,0.0011,"aoml_navis",1031.78753529324
"7901009",98,0,1,0.029904,1,0.007476,1,143.078249360955,1,4.84590943519227,956,1,6.09200000762939,34.8689994812012,0.0299040004611015,0.0133610740303993,137.969299316406,-85.8595,25.8126,90.7768856391785,63,63,63,63,61,63,0,8047,1.25895569026649,26,-86,0.001869,51,2026-01-08 16:57:08.0018,956,1.037,0.0011,"aoml_navis",1031.79806945806
"7901009",98,0,1,0.029904,1,0.007476,1,143.288769410986,1,4.84585981581813,958,1,6.08699989318848,34.8699989318848,0.0299040004611015,0.0133610740303993,138.172302246094,-85.8595,25.8126,90.7768856391785,63,63,63,63,61,63,0,8047,1.25895569026649,26,-86,0.001869,51,2026-01-08 16:57:08.0018,958,1.037,0.0011,"aoml_navis",1031.8086345954
"7901009",98,0,1,0.026166,1,0.003738,1,143.45852731062,1,4.84580893581979,960,1,6.07499980926514,34.8699989318848,0.0261659994721413,0.0103919459506869,138.335998535156,-85.8595,25.8126,90.7768856391785,63,63,63,63,61,63,0,8047,1.25895569026649,26,-86,0.001869,51,2026-01-08 16:57:08.0018,960,1.037,0.0011,"aoml_navis",1031.81946837409
"7901009",98,0,1,0.026166,1,0.003738,1,143.649647362054,1,4.84576088137998,962,1,6.06699991226196,34.8699989318848,0.0261659994721413,0.0103919459506869,138.520294189453,-85.8595,25.8126,90.7768856391785,63,63,63,63,61,63,0,8047,1.25895569026649,26,-86,0.001869,51,2026-01-08 16:57:08.0018,962,1.037,0.0011,"aoml_navis",1031.82970072103
"7901009",98,0,1,0.033642,1,0.011214,1,143.882874588257,1,4.8457121246085,964,1,6.05800008773804,34.8699989318848,0.0336420014500618,0.0163302011787891,138.745193481445,-85.8595,25.8126,90.7768856391785,63,63,63,63,61,63,0,8047,1.25895569026649,26,-86,0.001869,51,2026-01-08 16:57:08.0018,964,1.037,0.0011,"aoml_navis",1031.84008282456
"7901009",98,0,1,0.029904,1,0.007476,1,144.217121056748,1,4.84566618989363,966,1,6.05299997329712,34.8699989318848,0.0299040004611015,0.0133610740303993,139.067504882812,-85.8595,25.8126,90.7768856391785,63,63,63,63,61,63,0,8047,1.25895569026649,26,-86,0.001869,51,2026-01-08 16:57:08.0018,966,1.037,0.0011,"aoml_navis",1031.84986419994
"7901009",98,0,1,0.029904,1,0.007476,1,144.683575509154,1,4.84561321116579,968,1,6.03800010681152,34.8699989318848,0.0299040004611015,0.0133610740303993,139.517303466797,-85.8595,25.8126,90.7768856391785,63,63,63,63,61,63,0,8047,1.25895569026649,26,-86,0.001869,51,2026-01-08 16:57:08.0018,968,1.037,0.0011,"aoml_navis",1031.86114576344
"7901009",98,0,1,0.029904,1,0.007476,1,145.115803047233,1,4.84555109490611,970,1,6.01000022888184,34.8699989318848,0.0299040004611015,0.0133610740303993,139.934097290039,-85.8595,25.8126,90.7768856391785,63,63,63,63,61,63,0,8047,1.25895569026649,26,-86,0.001869,51,2026-01-08 16:57:08.0018,970,1.037,0.0011,"aoml_navis",1031.87437343427
"7901009",98,0,1,0.031773,1,0.009345,1,145.464559955131,1,4.84549884119598,972,1,5.99599981307983,34.8699989318848,0.0317730009555817,0.0148456385359168,140.270401000977,-85.8595,25.8126,90.7768856391785,63,63,63,63,61,63,0,8047,1.25895569026649,26,-86,0.001869,51,2026-01-08 16:57:08.0018,972,1.037,0.0011,"aoml_navis",1031.88550113571
"7901009",98,0,1,0.029904,1,0.007476,1,145.905395649194,1,4.84544168061835,974,1,5.97499990463257,34.8699989318848,0.0299040004611015,0.0133610740303993,140.695495605469,-85.8595,25.8126,90.7768856391785,63,63,63,63,61,63,0,8047,1.25895569026649,26,-86,0.001869,51,2026-01-08 16:57:08.0018,974,1.037,0.0011,"aoml_navis",1031.89767405516
"7901009",98,0,1,0.033642,1,0.011214,1,146.267634448451,1,4.84538576770759,976,1,5.96099996566772,34.8709983825684,0.0336420014500618,0.0163302011787891,141.044799804688,-85.8595,25.8126,90.7768856391785,63,63,63,63,61,63,0,8047,1.25895569026649,26,-86,0.001869,51,2026-01-08 16:57:08.0018,976,1.037,0.0011,"aoml_navis",1031.90958154929
"7901009",98,0,1,0.033642,1,0.011214,1,146.699149914803,1,4.84532793304803,978,1,5.93900012969971,34.8709983825684,0.0336420014500618,0.0163302011787891,141.460906982422,-85.8595,25.8126,90.7768856391785,63,63,63,63,61,63,0,8047,1.25895569026649,26,-86,0.001869,51,2026-01-08 16:57:08.0018,978,1.037,0.0011,"aoml_navis",1031.92189859782
"7901009",98,0,1,0.035511,1,0.013083,1,150.224838566889,1,4.84480076843548,999.299987792969,1,5.83629989624023,34.8720016479492,0.0355109982192516,0.017814764752984,144.860702514648,-85.8595,25.8126,90.7768856391785,63,63,63,63,61,63,0,8047,1.25895569026649,26,-86,0.001869,51,2026-01-08 16:57:08.0018,999.299987792969,1.037,0.0011,"aoml_navis",1032.03418241172
"7901009",98,0,1,0.031773,1,0.009345,1,154.333967144163,1,4.84358294739601,1049.09997558594,1,5.62939977645874,34.8769989013672,0.0317730009555817,0.0148456385359168,148.823104858398,-85.8595,25.8126,90.7768856391785,63,63,63,63,61,63,0,8047,1.25895569026649,26,-86,0.001869,51,2026-01-08 16:57:08.0018,1049.09997558594,1.037,0.0011,"aoml_navis",1032.29366654866
"7901009",98,0,1,0.029904,1,0.007476,1,161.273549187251,1,4.8423691205856,1099.09997558594,1,5.43739986419678,34.882999420166,0.0299040004611015,0.0133610740303993,155.514892578125,-85.8595,25.8126,90.7768856391785,63,63,63,63,61,63,0,8047,1.25895569026649,26,-86,0.001869,51,2026-01-08 16:57:08.0018,1099.09997558594,1.037,0.0011,"aoml_navis",1032.55242950074
"7901009",98,0,1,0.028035,1,0.005607,1,167.530365211192,1,4.84115940616959,1147.30004882812,1,5.19329977035522,34.8889999389648,0.0280349999666214,0.0118765104562044,161.548294067383,-85.8595,25.8126,90.7768856391785,63,63,63,63,61,63,0,8047,1.25895569026649,26,-86,0.001869,51,2026-01-08 16:57:08.0018,1147.30004882812,1.037,0.0011,"aoml_navis",1032.81044487566
"7901009",98,0,1,0.035511,1,0.013083,1,174.816536299367,1,4.83988003335921,1199.80004882812,1,4.98320007324219,34.8959999084473,0.0355109982192516,0.017814764752984,168.574295043945,-85.8595,25.8126,90.7768856391785,63,63,63,63,61,63,0,8047,1.25895569026649,26,-86,0.001869,51,2026-01-08 16:57:08.0018,1199.80004882812,1.037,0.0011,"aoml_navis",1033.08345775869
"7901009",98,0,1,0.028035,1,0.005607,1,181.155066509895,1,4.83868496307577,1249.09997558594,1,4.79530000686646,34.9029998779297,0.0280349999666214,0.0118765104562044,174.686492919922,-85.8595,25.8126,90.7768856391785,63,63,63,63,61,63,0,8047,1.25895569026649,26,-86,0.001869,51,2026-01-08 16:57:08.0018,1249.09997558594,1.037,0.0011,"aoml_navis",1033.33861124567
"7901009",98,0,1,0.026166,1,0.003738,1,185.814547412791,1,4.83750434521141,1299.69995117188,1,4.66249990463257,34.9090003967285,0.0261659994721413,0.0103919459506869,179.179595947266,-85.8595,25.8126,90.7768856391785,63,63,63,63,61,63,0,8047,1.25895569026649,26,-86,0.001869,51,2026-01-08 16:57:08.0018,1299.69995117188,1.037,0.0011,"aoml_navis",1033.5908028588
"7901009",98,0,1,0.029904,1,0.007476,1,189.505658238888,1,4.83638132552709,1349.80004882812,1,4.58179998397827,34.9119987487793,0.0299040004611015,0.0133610740303993,182.738906860352,-85.8595,25.8126,90.7768856391785,63,63,63,63,61,63,0,8047,1.25895569026649,26,-86,0.001869,51,2026-01-08 16:57:08.0018,1349.80004882812,1.037,0.0011,"aoml_navis",1033.83080519505
"7901009",98,0,1,0.028035,1,0.005607,1,192.090652668617,1,4.83526968732804,1399.59997558594,1,4.50699996948242,34.9150009155273,0.0280349999666214,0.0118765104562044,185.231597900391,-85.8595,25.8126,90.7768856391785,63,63,63,63,61,63,0,8047,1.25895569026649,26,-86,0.001869,51,2026-01-08 16:57:08.0018,1399.59997558594,1.037,0.0011,"aoml_navis",1034.06848497069
"7901009",98,0,1,0.031773,1,0.009345,1,193.957625616821,1,4.83418857076767,1449.5,1,4.47349977493286,34.9169998168945,0.0317730009555817,0.0148456385359168,187.03190612793,-85.8595,25.8126,90.7768856391785,63,63,63,63,61,63,0,8047,1.25895569026649,26,-86,0.001869,51,2026-01-08 16:57:08.0018,1449.5,1.037,0.0011,"aoml_navis",1034.29974375327
"7901009",98,0,1,0.024297,1,0.001869,1,196.173023172784,1,4.83310569536261,1499,1,4.42309999465942,34.9189987182617,0.0242970008403063,0.00890738237649202,189.168197631836,-85.8595,25.8126,90.7768856391785,63,63,63,63,61,63,0,8047,1.25895569026649,26,-86,0.001869,51,2026-01-08 16:57:08.0018,1499,1.037,0.0011,"aoml_navis",1034.53148247876
"7901009",98,0,1,0.024297,1,0.001869,1,197.517746892845,1,4.83201519589863,1549.69995117188,1,4.39680004119873,34.9210014343262,0.0242970008403063,0.00890738237649202,190.464904785156,-85.8595,25.8126,90.7768856391785,63,63,63,63,61,63,0,8047,1.25895569026649,26,-86,0.001869,51,2026-01-08 16:57:08.0018,1549.69995117188,1.037,0.0011,"aoml_navis",1034.7649577435
"7901009",98,0,1,0.024297,1,0.001869,1,198.775138971585,1,4.8309440771418,1599.5,1,4.36920022964478,34.9230003356934,0.0242970008403063,0.00890738237649202,191.677398681641,-85.8595,25.8126,90.7768856391785,63,63,63,63,61,63,0,8047,1.25895569026649,26,-86,0.001869,51,2026-01-08 16:57:08.0018,1599.5,1.037,0.0011,"aoml_navis",1034.9943862232
"7901009",98,0,1,0.035511,1,0.013083,1,199.530726192645,1,4.82990404809592,1648.80004882812,1,4.35900020599365,34.9230003356934,0.0355109982192516,0.017814764752984,192.406005859375,-85.8595,25.8126,90.7768856391785,63,63,63,63,61,63,0,8047,1.25895569026649,26,-86,0.001869,51,2026-01-08 16:57:08.0018,1648.80004882812,1.037,0.0011,"aoml_navis",1035.21725280881
"7901009",98,0,1,0.035511,1,0.013083,1,200.327154683183,1,4.82883908360097,1699.09997558594,1,4.34619998931885,34.923999786377,0.0355109982192516,0.017814764752984,193.17399597168,-85.8595,25.8126,90.7768856391785,63,63,63,63,61,63,0,8047,1.25895569026649,26,-86,0.001869,51,2026-01-08 16:57:08.0018,1699.09997558594,1.037,0.0011,"aoml_navis",1035.44556226367
"7901009",98,0,1,0.029904,1,0.007476,1,201.206041079667,1,4.8277647297875,1750,1,4.33580017089844,34.9249992370605,0.0299040004611015,0.0133610740303993,194.021499633789,-85.8595,25.8126,90.7768856391785,63,63,63,63,61,63,0,8047,1.25895569026649,26,-86,0.001869,51,2026-01-08 16:57:08.0018,1750,1.037,0.0011,"aoml_navis",1035.67598668382
"7901009",98,0,1,0.024297,1,0.001869,1,201.769764529934,1,4.82672679625066,1799.30004882812,1,4.32760000228882,34.9259986877441,0.0242970008403063,0.00890738237649202,194.565093994141,-85.8595,25.8126,90.7768856391785,63,63,63,63,61,63,0,8047,1.25895569026649,26,-86,0.001869,51,2026-01-08 16:57:08.0018,1799.30004882812,1.037,0.0011,"aoml_navis",1035.89869720489
"7901009",98,0,1,0.029904,1,0.007476,1,202.276981132737,1,4.82569113108428,1849.09997558594,1,4.32499980926514,34.9249992370605,0.0299040004611015,0.0133610740303993,195.05419921875,-85.8595,25.8126,90.7768856391785,63,63,63,63,61,63,0,8047,1.25895569026649,26,-86,0.001869,51,2026-01-08 16:57:08.0018,1849.09997558594,1.037,0.0011,"aoml_navis",1036.12101648879
"7901009",98,0,1,0.029904,1,0.007476,1,202.779007523844,1,4.82464068721157,1899.19995117188,1,4.31850004196167,34.9259986877441,0.0299040004611015,0.0133610740303993,195.538299560547,-85.8595,25.8126,90.7768856391785,63,63,63,63,61,63,0,8047,1.25895569026649,26,-86,0.001869,51,2026-01-08 16:57:08.0018,1899.19995117188,1.037,0.0011,"aoml_navis",1036.34660571786
"7901009",98,0,1,0.031773,1,0.009345,1,203.088774548754,1,4.82360620506177,1948.80004882812,1,4.31769990921021,34.9269981384277,0.0317730009555817,0.0148456385359168,195.837005615234,-85.8595,25.8126,90.7768856391785,63,63,63,63,61,63,0,8047,1.25895569026649,26,-86,0.001869,51,2026-01-08 16:57:08.0018,1948.80004882812,1.037,0.0011,"aoml_navis",1036.56886309524
"7901009",98,0,1,0.028035,1,0.005607,1,200.407523845398,4,4.82252818903542,2000.69995117188,1,4.31549978256226,34.9269981384277,0.0280349999666214,0.0118765104562044,193.251495361328,-85.8595,25.8126,90.7768856391785,63,63,63,63,61,63,0,8047,1.25895569026649,26,-86,0.001869,51,2026-01-08 16:57:08.0018,2000.69995117188,1.037,0.0011,"aoml_navis",1036.80057513569
"7901009",99,0.236045638696861,1,0.319599,1,0.297171,1,192.885811727905,1,4.88265875116503,1.89999997615814,1,26.2049999237061,36.3979988098145,0.319599002599716,0.243468448519707,185.998306274414,-85.6871,26.38,129.30901876403,63,63,63,63,61,63,0.297171,8047,1.25895569026649,26,-86,0.001869,51,2026-01-18 23:53:48.002544,1.89999997615814,1.037,0.0011,"aoml_navis",1024.03224448298
"7901009",99,0.267221477770031,1,0.358848,1,0.33642,1,192.892125432505,1,4.88263287644919,4,1,26.2140007019043,36.3969993591309,0.358848005533218,0.274644285440445,186.00439453125,-85.6871,26.38,129.30901876403,63,63,63,63,61,63,0.33642,8047,1.25895569026649,26,-86,0.001869,51,2026-01-18 23:53:48.002544,4,1.037,0.0011,"aoml_navis",1024.03767117469
"7901009",99,0.236045638696861,1,0.319599,1,0.297171,1,192.840381537667,1,4.88259193024791,6,1,26.2140007019043,36.3969993591309,0.319599002599716,0.243468448519707,185.954498291016,-85.6871,26.38,129.30901876403,63,63,63,63,61,63,0.297171,8047,1.25895569026649,26,-86,0.001869,51,2026-01-18 23:53:48.002544,6,1.037,0.0011,"aoml_navis",1024.04625891931
"7901009",99,0.228622819869915,1,0.310254,1,0.287826,1,192.860920857392,1,4.88255098639625,8,1,26.2140007019043,36.3969993591309,0.310254007577896,0.236045628786087,185.974304199219,-85.6871,26.38,129.30901876403,63,63,63,63,61,63,0.287826,8047,1.25895569026649,26,-86,0.001869,51,2026-01-18 23:53:48.002544,8,1.037,0.0011,"aoml_navis",1024.05484631517
"7901009",99,0.234561074931472,1,0.31773,1,0.295302,1,192.865066698507,1,4.88250252887278,10,1,26.2089996337891,36.3969993591309,0.317730009555817,0.241983890533447,185.978302001953,-85.6871,26.38,129.30901876403,63,63,63,63,61,63,0.295302,8047,1.25895569026649,26,-86,0.001869,51,2026-01-18 23:53:48.002544,10,1.037,0.0011,"aoml_navis",1024.0650097839
"7901009",99,0.240499329993028,1,0.325206,1,0.302778,1,192.919817119344,1,4.88246008740944,12,1,26.2080001831055,36.3969993591309,0.325206011533737,0.247922137379646,186.031097412109,-85.6871,26.38,129.30901876403,63,63,63,63,61,63,0.302778,8047,1.25895569026649,26,-86,0.001869,51,2026-01-18 23:53:48.002544,12,1.037,0.0011,"aoml_navis",1024.07391161142
"7901009",99,0.227138256104526,1,0.308385,1,0.285957,1,192.956844860604,1,4.88242816893688,14,1,26.2140007019043,36.3969993591309,0.308385014533997,0.234561070799828,186.066802978516,-85.6871,26.38,129.30901876403,63,63,63,63,61,63,0.285957,8047,1.25895569026649,26,-86,0.001869,51,2026-01-18 23:53:48.002544,14,1.037,0.0011,"aoml_navis",1024.08060641038
"7901009",99,0.240499329993028,1,0.325206,1,0.302778,1,192.917744198786,1,4.88238723448158,16,1,26.2140007019043,36.3969993591309,0.325206011533737,0.247922137379646,186.029098510742,-85.6871,26.38,129.30901876403,63,63,63,63,61,63,0.302778,8047,1.25895569026649,26,-86,0.001869,51,2026-01-18 23:53:48.002544,16,1.037,0.0011,"aoml_navis",1024.08919241141
"7901009",99,0.246437585054584,1,0.332682,1,0.310254,1,192.951448937625,1,4.88233578080018,18,1,26.2070007324219,36.3969993591309,0.332682013511658,0.253860414028168,186.061599731445,-85.6871,26.38,129.30901876403,63,63,63,63,61,63,0.310254,8047,1.25895569026649,26,-86,0.001869,51,2026-01-18 23:53:48.002544,18,1.037,0.0011,"aoml_navis",1024.09998502408
"7901009",99,0.244953021289195,1,0.330813,1,0.308385,1,192.978412728697,1,4.88228824734883,20,1,26.2049999237061,36.3979988098145,0.330812990665436,0.252375841140747,186.087600708008,-85.6871,26.38,129.30901876403,63,63,63,63,61,63,0.308385,8047,1.25895569026649,26,-86,0.001869,51,2026-01-18 23:53:48.002544,20,1.037,0.0011,"aoml_navis",1024.10995555518
"7901009",99,0.25237584011614,1,0.340158,1,0.31773,1,192.882283015811,1,4.8822644452061,22,1,26.2140007019043,36.3969993591309,0.340157985687256,0.259798645973206,185.994903564453,-85.6871,26.38,129.30901876403,63,63,63,63,61,63,0.31773,8047,1.25895569026649,26,-86,0.001869,51,2026-01-18 23:53:48.002544,22,1.037,0.0011,"aoml_navis",1024.1149483227
"7901009",99,0.240499329993028,1,0.325206,1,0.302778,1,192.917538489113,1,4.88222201472051,24,1,26.2129993438721,36.3969993591309,0.325206011533737,0.247922137379646,186.028900146484,-85.6871,26.38,129.30901876403,63,63,63,63,61,63,0.302778,8047,1.25895569026649,26,-86,0.001869,51,2026-01-18 23:53:48.002544,24,1.037,0.0011,"aoml_navis",1024.12384871568
"7901009",99,0.234561074931472,1,0.31773,1,0.295302,1,192.924690856228,1,4.8821795893659,26,1,26.2119998931885,36.3969993591309,0.317730009555817,0.241983890533447,186.035797119141,-85.6871,26.38,129.30901876403,63,63,63,63,61,63,0.295302,8047,1.25895569026649,26,-86,0.001869,51,2026-01-18 23:53:48.002544,26,1.037,0.0011,"aoml_navis",1024.13274818705
"7901009",99,0.241983893758417,1,0.327075,1,0.304647,1,192.946986620089,1,4.88212906018446,28,1,26.2080001831055,36.3979988098145,0.327075004577637,0.249406695365906,186.05729675293,-85.6871,26.38,129.30901876403,63,63,63,63,61,63,0.304647,8047,1.25895569026649,26,-86,0.001869,51,2026-01-18 23:53:48.002544,28,1.037,0.0011,"aoml_navis",1024.14334778177
"7901009",99,0.243468457523806,1,0.328944,1,0.306516,1,192.971260361581,1,4.88208363159748,30,1,26.2049999237061,36.3979988098145,0.328943997621536,0.250891298055649,186.080703735352,-85.6871,26.38,129.30901876403,63,63,63,63,61,63,0.306516,8047,1.25895569026649,26,-86,0.001869,51,2026-01-18 23:53:48.002544,30,1.037,0.0011,"aoml_navis",1024.15287760319
"7901009",99,0.247922148819973,1,0.334551,1,0.312123,1,192.914120543766,1,4.88205173681328,32,1,26.2110004425049,36.3979988098145,0.334551006555557,0.255344957113266,186.025604248047,-85.6871,26.38,129.30901876403,63,63,63,63,61,63,0.312123,8047,1.25895569026649,26,-86,0.001869,51,2026-01-18 23:53:48.002544,32,1.037,0.0011,"aoml_navis",1024.15956846531
"7901009",99,0.244953021289195,1,0.330813,1,0.308385,1,192.874197043254,1,4.88201834059428,34,1,26.2159996032715,36.3979988098145,0.330812990665436,0.252375841140747,185.987106323242,-85.6871,26.38,129.30901876403,63,63,63,63,61,63,0.308385,8047,1.25895569026649,26,-86,0.001869,51,2026-01-18 23:53:48.002544,34,1.037,0.0011,"aoml_navis",1024.1665743909
"7901009",99,0.234561074931472,1,0.31773,1,0.295302,1,192.913914834092,1,4.88197592684923,36,1,26.2150001525879,36.3979988098145,0.317730009555817,0.241983890533447,186.025405883789,-85.6871,26.38,129.30901876403,63,63,63,63,61,63,0.295302,8047,1.25895569026649,26,-86,0.001869,51,2026-01-18 23:53:48.002544,36,1.037,0.0011,"aoml_navis",1024.17547216931
"7901009",99,0.23753020246225,1,0.321468,1,0.29904,1,192.89597062102,1,4.88193953053751,38,1,26.2180004119873,36.3979988098145,0.321467995643616,0.244953021407127,186.008102416992,-85.6871,26.38,129.30901876403,63,63,63,63,61,63,0.29904,8047,1.25895569026649,26,-86,0.001869,51,2026-01-18 23:53:48.002544,38,1.037,0.0011,"aoml_navis",1024.18310770217
"7901009",99,0.240499329993028,1,0.325206,1,0.302778,1,192.863199487623,1,4.88189620414318,40,1,26.2140007019043,36.3969993591309,0.325206011533737,0.247922137379646,185.976501464844,-85.6871,26.38,129.30901876403,63,63,63,63,61,63,0.302778,8047,1.25895569026649,26,-86,0.001869,51,2026-01-18 23:53:48.002544,40,1.037,0.0011,"aoml_navis",1024.1921972361
"7901009",99,0.236045638696861,1,0.319599,1,0.297171,1,192.952382543067,1,4.88184568742701,42,1,26.2099990844727,36.3979988098145,0.319599002599716,0.243468448519707,186.0625,-85.6871,26.38,129.30901876403,63,63,63,63,61,63,0.297171,8047,1.25895569026649,26,-86,0.001869,51,2026-01-18 23:53:48.002544,42,1.037,0.0011,"aoml_navis",1024.20279544626
"7901009",99,0.233076511166083,1,0.315861,1,0.293433,1,192.87128546018,1,4.88181080387349,44,1,26.2140007019043,36.3979988098145,0.315860986709595,0.240499332547188,185.984298706055,-85.6871,26.38,129.30901876403,63,63,63,63,61,63,0.293433,8047,1.25895569026649,26,-86,0.001869,51,2026-01-18 23:53:48.002544,44,1.037,0.0011,"aoml_navis",1024.21011400785
"7901009",99,0.249406712585362,1,0.33642,1,0.313992,1,192.874402752927,1,4.88177441463101,46,1,26.2169990539551,36.3979988098145,0.336419999599457,0.256829530000687,185.9873046875,-85.6871,26.38,129.30901876403,63,63,63,63,61,63,0.313992,8047,1.25895569026649,26,-86,0.001869,51,2026-01-18 23:53:48.002544,46,1.037,0.0011,"aoml_navis",1024.2177485741
"7901009",99,0.23753020246225,1,0.321468,1,0.29904,1,192.795172880924,1,4.88174856262337,48,1,26.2269992828369,36.3979988098145,0.321467995643616,0.244953021407127,185.910903930664,-85.6871,26.38,129.30901876403,63,63,63,63,61,63,0.29904,8047,1.25895569026649,26,-86,0.001869,51,2026-01-18 23:53:48.002544,48,1.037,0.0011,"aoml_navis",1024.22317246775
"7901009",99,0.240499329993028,1,0.325206,1,0.302778,1,192.844321669109,1,4.88170917569349,50,1,26.2280006408691,36.3979988098145,0.325206011533737,0.247922137379646,185.958297729492,-85.6871,26.38,129.30901876403,63,63,63,63,61,63,0.302778,8047,1.25895569026649,26,-86,0.001869,51,2026-01-18 23:53:48.002544,50,1.037,0.0011,"aoml_navis",1024.23143617311
"7901009",99,0.234561074931472,1,0.31773,1,0.295302,1,192.803148086734,1,4.88166978839632,52,1,26.2290000915527,36.3979988098145,0.317730009555817,0.241983890533447,185.918594360352,-85.6871,26.38,129.30901876403,63,63,63,63,61,63,0.295302,8047,1.25895569026649,26,-86,0.001869,51,2026-01-18 23:53:48.002544,52,1.037,0.0011,"aoml_navis",1024.23970008888
"7901009",99,0.25237584011614,1,0.340158,1,0.31773,1,192.810411220596,1,4.88163399772517,54,1,26.2299995422363,36.3969993591309,0.340157985687256,0.259798645973206,185.925598144531,-85.6871,26.38,129.30901876403,63,63,63,63,61,63,0.31773,8047,1.25895569026649,26,-86,0.001869,51,2026-01-18 23:53:48.002544,54,1.037,0.0011,"aoml_navis",1024.24720950608
"7901009",99,0.241983893758417,1,0.327075,1,0.304647,1,192.809794091575,1,4.88159461818916,56,1,26.2310009002686,36.3969993591309,0.327075004577637,0.249406695365906,185.925003051758,-85.6871,26.38,129.30901876403,63,63,63,63,61,63,0.304647,8047,1.25895569026649,26,-86,0.001869,51,2026-01-18 23:53:48.002544,56,1.037,0.0011,"aoml_navis",1024.25547204794
"7901009",99,0.241983893758417,1,0.327075,1,0.304647,1,192.764158191664,1,4.88155014013555,58,1,26.2310009002686,36.3979988098145,0.327075004577637,0.249406695365906,185.880996704102,-85.6871,26.38,129.30901876403,63,63,63,63,61,63,0.304647,8047,1.25895569026649,26,-86,0.001869,51,2026-01-18 23:53:48.002544,58,1.037,0.0011,"aoml_navis",1024.2648045117
"7901009",99,0.239014766227639,1,0.323337,1,0.300909,1,192.837691488089,1,4.88151435653538,60,1,26.2320003509521,36.3969993591309,0.323336988687515,0.246437579393387,185.951904296875,-85.6871,26.38,129.30901876403,63,63,63,63,61,63,0.300909,8047,1.25895569026649,26,-86,0.001869,51,2026-01-18 23:53:48.002544,60,1.037,0.0011,"aoml_navis",1024.27231281334
"7901009",99,0.236045638696861,1,0.319599,1,0.297171,1,192.812895560502,1,4.88147347712991,62,1,26.2320003509521,36.3969993591309,0.319599002599716,0.243468448519707,185.927993774414,-85.6871,26.38,129.30901876403,63,63,63,63,61,63,0.297171,8047,1.25895569026649,26,-86,0.001869,51,2026-01-18 23:53:48.002544,62,1.037,0.0011,"aoml_navis",1024.28089047813
"7901009",99,0.240499329993028,1,0.325206,1,0.302778,1,192.828038957247,1,4.88143260006794,64,1,26.2320003509521,36.3969993591309,0.325206011533737,0.247922137379646,185.942596435547,-85.6871,26.38,129.30901876403,63,63,63,63,61,63,0.302778,8047,1.25895569026649,26,-86,0.001869,51,2026-01-18 23:53:48.002544,64,1.037,0.0011,"aoml_navis",1024.28946779485
"7901009",99,0.23753020246225,1,0.321468,1,0.29904,1,192.839447932225,1,4.88138813189251,66,1,26.2320003509521,36.3979988098145,0.321467995643616,0.244953021407127,185.953598022461,-85.6871,26.38,129.30901876403,63,63,63,63,61,63,0.29904,8047,1.25895569026649,26,-86,0.001869,51,2026-01-18 23:53:48.002544,66,1.037,0.0011,"aoml_navis",1024.29879880531
"7901009",99,0.241983893758417,1,0.327075,1,0.304647,1,192.824510245153,1,4.88135235756109,68,1,26.2329998016357,36.3969993591309,0.327075004577637,0.249406695365906,185.939193725586,-85.6871,26.38,129.30901876403,63,63,63,63,61,63,0.304647,8047,1.25895569026649,26,-86,0.001869,51,2026-01-18 23:53:48.002544,68,1.037,0.0011,"aoml_navis",1024.30630566038
"7901009",99,0.243468457523806,1,0.328944,1,0.306516,1,192.76665835539,1,4.88130697088458,70,1,26.2299995422363,36.3969993591309,0.328943997621536,0.250891298055649,185.883407592773,-85.6871,26.38,129.30901876403,63,63,63,63,61,63,0.306516,8047,1.25895569026649,26,-86,0.001869,51,2026-01-18 23:53:48.002544,70,1.037,0.0011,"aoml_navis",1024.31582972007
"7901009",99,0.246437585054584,1,0.332682,1,0.310254,1,192.793099960367,1,4.88126105061174,72.0999984741211,1,26.2280006408691,36.3969993591309,0.332682013511658,0.253860414028168,185.908905029297,-85.6871,26.38,129.30901876403,63,63,63,63,61,63,0.310254,8047,1.25895569026649,26,-86,0.001869,51,2026-01-18 23:53:48.002544,72.0999984741211,1.037,0.0011,"aoml_navis",1024.32546593126
"7901009",99,0.25386040388153,1,0.342027,1,0.319599,1,192.786865374872,1,4.88122222832652,74,1,26.2280006408691,36.3969993591309,0.342027008533478,0.261283218860626,185.902893066406,-85.6871,26.38,129.30901876403,63,63,63,63,61,63,0.319599,8047,1.25895569026649,26,-86,0.001869,51,2026-01-18 23:53:48.002544,74,1.037,0.0011,"aoml_navis",1024.33361279562
"7901009",99,0.25386040388153,1,0.342027,1,0.319599,1,192.796517905714,1,4.88116110525821,76.3000030517578,1,26.2210006713867,36.3979988098145,0.342027008533478,0.261283218860626,185.912200927734,-85.6871,26.38,129.30901876403,63,63,63,63,61,63,0.319599,8047,1.25895569026649,26,-86,0.001869,51,2026-01-18 23:53:48.002544,76.3000030517578,1.037,0.0011,"aoml_navis",1024.34643974643
"7901009",99,0.249406712585362,1,0.33642,1,0.313992,1,192.786659665199,1,4.8811163732506,77.9000015258789,1,26.2129993438721,36.3979988098145,0.336419999599457,0.256829530000687,185.902694702148,-85.6871,26.38,129.30901876403,63,63,63,63,61,63,0.313992,8047,1.25895569026649,26,-86,0.001869,51,2026-01-18 23:53:48.002544,77.9000015258789,1.037,0.0011,"aoml_navis",1024.355827163
"7901009",99,0.249406712585362,1,0.33642,1,0.313992,1,192.641903350223,1,4.88109605290911,80,1,26.2280006408691,36.3979988098145,0.336419999599457,0.256829530000687,185.763107299805,-85.6871,26.38,129.30901876403,63,63,63,63,61,63,0.313992,8047,1.25895569026649,26,-86,0.001869,51,2026-01-18 23:53:48.002544,80,1.037,0.0011,"aoml_navis",1024.36009162738
"7901009",99,0.250891276350751,1,0.338289,1,0.315861,1,192.626032057708,1,4.88106724250099,82,1,26.2360000610352,36.3979988098145,0.338288992643356,0.258314102888107,185.747802734375,-85.6871,26.38,129.30901876403,63,63,63,63,61,63,0.315861,8047,1.25895569026649,26,-86,0.001869,51,2026-01-18 23:53:48.002544,82,1.037,0.0011,"aoml_navis",1024.36613789366
"7901009",99,0.262767786473864,1,0.353241,1,0.330813,1,192.665749848547,1,4.88101617738595,84,1,26.2339992523193,36.4000015258789,0.353240996599197,0.270190626382828,185.786102294922,-85.6871,26.38,129.30901876403,63,63,63,63,61,63,0.330813,8047,1.25895569026649,26,-86,0.001869,51,2026-01-18 23:53:48.002544,84,1.037,0.0011,"aoml_navis",1024.3768547962
"7901009",99,0.259798658943086,1,0.349503,1,0.327075,1,192.634434506687,1,4.88097231621915,86,1,26.2320003509521,36.4000015258789,0.349503010511398,0.267221480607986,185.755905151367,-85.6871,26.38,129.30901876403,63,63,63,63,61,63,0.327075,8047,1.25895569026649,26,-86,0.001869,51,2026-01-18 23:53:48.002544,86,1.037,0.0011,"aoml_navis",1024.38606000393
"7901009",99,0.255344967646919,1,0.343896,1,0.321468,1,192.613578710541,1,4.88093297279382,88,1,26.2329998016357,36.4000015258789,0.343896001577377,0.262767761945724,185.735794067383,-85.6871,26.38,129.30901876403,63,63,63,63,61,63,0.321468,8047,1.25895569026649,26,-86,0.001869,51,2026-01-18 23:53:48.002544,88,1.037,0.0011,"aoml_navis",1024.39431720736
"7901009",99,0.256829531412308,1,0.345765,1,0.323337,1,192.626127000635,1,4.88088702917681,90,1,26.2320003509521,36.4010009765625,0.345764994621277,0.264252364635468,185.747894287109,-85.6871,26.38,129.30901876403,63,63,63,63,61,63,0.323337,8047,1.25895569026649,26,-86,0.001869,51,2026-01-18 23:53:48.002544,90,1.037,0.0011,"aoml_navis",1024.40395979484
"7901009",99,0.25237584011614,1,0.340158,1,0.31773,1,192.557894684262,1,4.88084886448585,92,1,26.2290000915527,36.398998260498,0.340157985687256,0.259798645973206,185.682098388672,-85.6871,26.38,129.30901876403,63,63,63,63,61,63,0.31773,8047,1.25895569026649,26,-86,0.001869,51,2026-01-18 23:53:48.002544,92,1.037,0.0011,"aoml_navis",1024.41196988932
"7901009",99,0.256829531412308,1,0.345765,1,0.323337,1,192.494536104773,1,4.88080952785737,94,1,26.2299995422363,36.398998260498,0.345764994621277,0.264252364635468,185.621002197266,-85.6871,26.38,129.30901876403,63,63,63,63,61,63,0.323337,8047,1.25895569026649,26,-86,0.001869,51,2026-01-18 23:53:48.002544,94,1.037,0.0011,"aoml_navis",1024.42022608388
"7901009",99,0.255344967646919,1,0.343896,1,0.321468,1,192.430038210169,1,4.88076659108327,96,1,26.2310009002686,36.4000015258789,0.343896001577377,0.262767761945724,185.558807373047,-85.6871,26.38,129.30901876403,63,63,63,63,61,63,0.321468,8047,1.25895569026649,26,-86,0.001869,51,2026-01-18 23:53:48.002544,96,1.037,0.0011,"aoml_navis",1024.42923804932
"7901009",99,0.265736914004642,1,0.356979,1,0.334551,1,192.507400871288,1,4.88071857071292,98,1,26.2310009002686,36.4020004272461,0.356979012489319,0.273159742355347,185.633407592773,-85.6871,26.38,129.30901876403,63,63,63,63,61,63,0.334551,8047,1.25895569026649,26,-86,0.001869,51,2026-01-18 23:53:48.002544,98,1.037,0.0011,"aoml_navis",1024.43931719457
"7901009",99,0.25386040388153,1,0.342027,1,0.319599,1,192.489551601142,1,4.88068132786697,100,1,26.2310009002686,36.4010009765625,0.342027008533478,0.261283218860626,185.616195678711,-85.6871,26.38,129.30901876403,63,63,63,63,61,63,0.319599,8047,1.25895569026649,26,-86,0.001869,51,2026-01-18 23:53:48.002544,100,1.037,0.0011,"aoml_navis",1024.44713434818
"7901009",99,0.25237584011614,1,0.340158,1,0.31773,1,192.515692553519,1,4.88064408714407,102,1,26.2310009002686,36.4000015258789,0.340157985687256,0.259798645973206,185.641403198242,-85.6871,26.38,129.30901876403,63,63,63,63,61,63,0.31773,8047,1.25895569026649,26,-86,0.001869,51,2026-01-18 23:53:48.002544,102,1.037,0.0011,"aoml_navis",1024.45495117547
"7901009",99,0.259798658943086,1,0.349503,1,0.327075,1,192.371126124395,1,4.88060686225155,104,1,26.2310009002686,36.398998260498,0.349503010511398,0.267221480607986,185.501998901367,-85.6871,26.38,129.30901876403,63,63,63,63,61,63,0.327075,8047,1.25895569026649,26,-86,0.001869,51,2026-01-18 23:53:48.002544,104,1.037,0.0011,"aoml_navis",1024.46276479916
"7901009",99,0.258314095177697,1,0.347634,1,0.325206,1,192.346440963555,1,4.88056302034312,106,1,26.2290000915527,36.398998260498,0.347633987665176,0.265736907720566,185.47819519043,-85.6871,26.38,129.30901876403,63,63,63,63,61,63,0.325206,8047,1.25895569026649,26,-86,0.001869,51,2026-01-18 23:53:48.002544,106,1.037,0.0011,"aoml_navis",1024.47196750847
"7901009",99,0.267221477770031,1,0.358848,1,0.33642,1,192.207476167084,1,4.88051592774504,108,1,26.2320003509521,36.4020004272461,0.358848005533218,0.274644285440445,185.344192504883,-85.6871,26.38,129.30901876403,63,63,63,63,61,63,0.33642,8047,1.25895569026649,26,-86,0.001869,51,2026-01-18 23:53:48.002544,108,1.037,0.0011,"aoml_navis",1024.48185274342
"7901009",99,0.256829531412308,1,0.345765,1,0.323337,1,192.135509428943,1,4.88046433200636,110,1,26.2320003509521,36.4049987792969,0.345764994621277,0.264252364635468,185.274795532227,-85.6871,26.38,129.30901876403,63,63,63,63,61,63,0.323337,8047,1.25895569026649,26,-86,0.001869,51,2026-01-18 23:53:48.002544,110,1.037,0.0011,"aoml_navis",1024.49268345426
"7901009",99,0.25386040388153,1,0.342027,1,0.319599,1,192.153770118436,1,4.88042501794481,112,1,26.2329998016357,36.4049987792969,0.342027008533478,0.261283218860626,185.292404174805,-85.6871,26.38,129.30901876403,63,63,63,63,61,63,0.319599,8047,1.25895569026649,26,-86,0.001869,51,2026-01-18 23:53:48.002544,112,1.037,0.0011,"aoml_navis",1024.50093621263
"7901009",99,0.265736914004642,1,0.356979,1,0.334551,1,192.087088536527,1,4.88038570637845,114,1,26.2339992523193,36.4049987792969,0.356979012489319,0.273159742355347,185.228103637695,-85.6871,26.38,129.30901876403,63,63,63,63,61,63,0.334551,8047,1.25895569026649,26,-86,0.001869,51,2026-01-18 23:53:48.002544,114,1.037,0.0011,"aoml_navis",1024.50918858016
"7901009",99,0.256829531412308,1,0.345765,1,0.323337,1,192.025897820522,1,4.88034999086032,116,1,26.2350006103516,36.4039993286133,0.345764994621277,0.264252364635468,185.169097900391,-85.6871,26.38,129.30901876403,63,63,63,63,61,63,0.323337,8047,1.25895569026649,26,-86,0.001869,51,2026-01-18 23:53:48.002544,116,1.037,0.0011,"aoml_navis",1024.51668617287
"7901009",99,0.25386040388153,1,0.342027,1,0.319599,1,192.044664872289,1,4.88030917794034,118,1,26.2350006103516,36.4039993286133,0.342027008533478,0.261283218860626,185.187194824219,-85.6871,26.38,129.30901876403,63,63,63,63,61,63,0.319599,8047,1.25895569026649,26,-86,0.001869,51,2026-01-18 23:53:48.002544,118,1.037,0.0011,"aoml_navis",1024.5252539738
"7901009",99,0.259798658943086,1,0.349503,1,0.327075,1,191.893879681492,1,4.88026836735777,120,1,26.2350006103516,36.4039993286133,0.349503010511398,0.267221480607986,185.041793823242,-85.6871,26.38,129.30901876403,63,63,63,63,61,63,0.327075,8047,1.25895569026649,26,-86,0.001869,51,2026-01-18 23:53:48.002544,120,1.037,0.0011,"aoml_navis",1024.53382142734
"7901009",99,0.258314095177697,1,0.347634,1,0.325206,1,191.806563836932,1,4.88022547511651,122,1,26.2360000610352,36.4049987792969,0.347633987665176,0.265736907720566,184.957595825195,-85.6871,26.38,129.30901876403,63,63,63,63,61,63,0.325206,8047,1.25895569026649,26,-86,0.001869,51,2026-01-18 23:53:48.002544,122,1.037,0.0011,"aoml_navis",1024.5428260424
"7901009",99,0.246437585054584,1,0.332682,1,0.310254,1,191.600822515625,1,4.8801846693779,124,1,26.2360000610352,36.4049987792969,0.332682013511658,0.253860414028168,184.759201049805,-85.6871,26.38,129.30901876403,63,63,63,63,61,63,0.310254,8047,1.25895569026649,26,-86,0.001869,51,2026-01-18 23:53:48.002544,124,1.037,0.0011,"aoml_navis",1024.55139277288
"7901009",99,0.246437585054584,1,0.332682,1,0.310254,1,191.345093743617,1,4.88013876937406,126,1,26.2350006103516,36.4059982299805,0.332682013511658,0.253860414028168,184.512603759766,-85.6871,26.38,129.30901876403,63,63,63,63,61,63,0.310254,8047,1.25895569026649,26,-86,0.001869,51,2026-01-18 23:53:48.002544,126,1.037,0.0011,"aoml_navis",1024.56102916133
"7901009",99,0.255344967646919,1,0.343896,1,0.321468,1,190.788617428711,1,4.88008363513272,128.100006103516,1,26.2339992523193,36.4090003967285,0.343896001577377,0.262767761945724,183.975997924805,-85.6871,26.38,129.30901876403,63,63,63,63,61,63,0.321468,8047,1.25895569026649,26,-86,0.001869,51,2026-01-18 23:53:48.002544,128.100006103516,1.037,0.0011,"aoml_navis",1024.57260445374
"7901009",99,0.231591947400694,1,0.313992,1,0.291564,1,186.304494666875,1,4.87995585200235,130.199996948242,1,26.2110004425049,36.4230003356934,0.313991993665695,0.239014774560928,179.651992797852,-85.6871,26.38,129.30901876403,63,63,63,63,61,63,0.291564,8047,1.25895569026649,26,-86,0.001869,51,2026-01-18 23:53:48.002544,130.199996948242,1.037,0.0011,"aoml_navis",1024.59943319946
"7901009",99,0.14251812147735,1,0.201852,1,0.179424,1,172.371588583687,1,4.87933937853043,131.899993896484,1,26.0629997253418,36.5229988098145,0.20185199379921,0.149940937757492,166.216598510742,-85.6871,26.38,129.30901876403,63,63,63,63,61,63,0.179424,8047,1.25895569026649,26,-86,0.001869,51,2026-01-18 23:53:48.002544,131.899993896484,1.037,0.0011,"aoml_navis",1024.72888481594
"7901009",99,0.120249664996514,1,0.173817,1,0.151389,1,161.99288677062,1,4.8786718755213,134,1,25.8449993133545,36.6059989929199,0.173816993832588,0.127672478556633,156.20849609375,-85.6871,26.38,129.30901876403,63,63,63,63,61,63,0.151389,8047,1.25895569026649,26,-86,0.001869,51,2026-01-18 23:53:48.002544,134,1.037,0.0011,"aoml_navis",1024.86908887795
"7901009",99,0.120249664996514,1,0.173817,1,0.151389,1,154.922945939351,1,4.87769462127221,136,1,25.4689998626709,36.7109985351562,0.173816993832588,0.127672478556633,149.391006469727,-85.6871,26.38,129.30901876403,63,63,63,63,61,63,0.151389,8047,1.25895569026649,26,-86,0.001869,51,2026-01-18 23:53:48.002544,136,1.037,0.0011,"aoml_navis",1025.07442310849
"7901009",99,0.100950336046456,1,0.14952,1,0.127092,1,153.827209626843,1,4.87678922231353,138,1,25.0699996948242,36.7879981994629,0.149519994854927,0.108373150229454,148.334396362305,-85.6871,26.38,129.30901876403,63,63,63,63,61,63,0.127092,8047,1.25895569026649,26,-86,0.001869,51,2026-01-18 23:53:48.002544,138,1.037,0.0011,"aoml_navis",1025.26473301793
"7901009",99,0.0905583896887327,1,0.136437,1,0.114009,1,153.416138403576,1,4.87653623238801,140,1,24.9570007324219,36.8009986877441,0.136436998844147,0.0979812070727348,147.938003540039,-85.6871,26.38,129.30901876403,63,63,63,63,61,63,0.114009,8047,1.25895569026649,26,-86,0.001869,51,2026-01-18 23:53:48.002544,140,1.037,0.0011,"aoml_navis",1025.31792274853
"7901009",99,0.0831355708617874,1,0.127092,1,0.104664,1,152.904570092813,1,4.87633093199582,142,1,24.8689994812012,36.8110008239746,0.127092003822327,0.0905583873391151,147.444702148438,-85.6871,26.38,129.30901876403,63,63,63,63,61,63,0.104664,8047,1.25895569026649,26,-86,0.001869,51,2026-01-18 23:53:48.002544,142,1.037,0.0011,"aoml_navis",1025.36109007548
"7901009",99,0.0757127520348421,1,0.117747,1,0.095319,1,152.527393494237,1,4.87609543513252,144,1,24.7649993896484,36.8230018615723,0.117747001349926,0.0831355676054955,147.080993652344,-85.6871,26.38,129.30901876403,63,63,63,63,61,63,0.095319,8047,1.25895569026649,26,-86,0.001869,51,2026-01-18 23:53:48.002544,144,1.037,0.0011,"aoml_navis",1025.41061111617
"7901009",99,0.0712590607386749,1,0.11214,1,0.089712,1,152.012201528454,1,4.87597555739913,146,1,24.7229995727539,36.8279991149902,0.112139999866486,0.0786818787455559,146.584197998047,-85.6871,26.38,129.30901876403,63,63,63,63,61,63,0.089712,8047,1.25895569026649,26,-86,0.001869,51,2026-01-18 23:53:48.002544,146,1.037,0.0011,"aoml_navis",1025.43582123021
"7901009",99,0.0697744969732859,1,0.110271,1,0.087843,1,151.131558415493,1,4.87584915774276,148,1,24.673999786377,36.8320007324219,0.110270999372005,0.0771973133087158,145.735000610352,-85.6871,26.38,129.30901876403,63,63,63,63,61,63,0.087843,8047,1.25895569026649,26,-86,0.001869,51,2026-01-18 23:53:48.002544,148,1.037,0.0011,"aoml_navis",1025.46240423785
"7901009",99,0.0593825506155624,1,0.097188,1,0.07476,1,150.497418786868,1,4.8753371420996,150,1,24.4130001068115,36.8580017089844,0.0971880033612251,0.0668053701519966,145.123504638672,-85.6871,26.38,129.30901876403,63,63,63,63,61,63,0.07476,8047,1.25895569026649,26,-86,0.001869,51,2026-01-18 23:53:48.002544,150,1.037,0.0011,"aoml_navis",1025.57009992682
"7901009",99,0.0504751680232281,1,0.085974,1,0.063546,1,150.102614451642,1,4.87506093310344,152,1,24.2770004272461,36.8689994812012,0.0859740003943443,0.0578979887068272,144.742797851562,-85.6871,26.38,129.30901876403,63,63,63,63,61,63,0.063546,8047,1.25895569026649,26,-86,0.001869,51,2026-01-18 23:53:48.002544,152,1.037,0.0011,"aoml_navis",1025.62820621342
"7901009",99,0.04750604049245,1,0.082236,1,0.059808,1,149.34133042087,1,4.87489799492398,154,1,24.2019996643066,36.8730010986328,0.0822359994053841,0.0549288615584373,144.008697509766,-85.6871,26.38,129.30901876403,63,63,63,63,61,63,0.059808,8047,1.25895569026649,26,-86,0.001869,51,2026-01-18 23:53:48.002544,154,1.037,0.0011,"aoml_navis",1025.66248672409
"7901009",99,0.0341449666039484,1,0.065415,1,0.042987,1,149.338846080965,1,4.8744291247589,156,1,23.9529991149902,36.8930015563965,0.0654150024056435,0.0415677838027477,144.006301879883,-85.6871,26.38,129.30901876403,63,63,63,63,61,63,0.042987,8047,1.25895569026649,26,-86,0.001869,51,2026-01-18 23:53:48.002544,156,1.037,0.0011,"aoml_navis",1025.76114495199
"7901009",99,0.0311758390731703,1,0.061677,1,0.039249,1,149.208900862493,1,4.87433697193868,158,1,23.9169998168945,36.8930015563965,0.0616770014166832,0.0385986566543579,143.880996704102,-85.6871,26.38,129.30901876403,63,63,63,63,61,63,0.039249,8047,1.25895569026649,26,-86,0.001869,51,2026-01-18 23:53:48.002544,158,1.037,0.0011,"aoml_navis",1025.78053769872
"7901009",99,0.0311758390731703,1,0.061677,1,0.039249,1,148.952238485043,1,4.87428053209957,160,1,23.9009990692139,36.890998840332,0.0616770014166832,0.0385986566543579,143.633499145508,-85.6871,26.38,129.30901876403,63,63,63,63,61,63,0.039249,8047,1.25895569026649,26,-86,0.001869,51,2026-01-18 23:53:48.002544,160,1.037,0.0011,"aoml_navis",1025.79241532622
"7901009",99,0.023753020246225,1,0.052332,1,0.029904,1,148.507873942285,1,4.87398511139994,162,1,23.7369995117188,36.8969993591309,0.0523319989442825,0.0311758369207382,143.205001831055,-85.6871,26.38,129.30901876403,63,63,63,63,61,63,0.029904,8047,1.25895569026649,26,-86,0.001869,51,2026-01-18 23:53:48.002544,162,1.037,0.0011,"aoml_navis",1025.85459038546
"7901009",99,0.0178147651846687,1,0.044856,1,0.022428,1,148.217190349575,1,4.87363394789638,164,1,23.5429992675781,36.9070014953613,0.0448560006916523,0.0252375844866037,142.924697875977,-85.6871,26.38,129.30901876403,63,63,63,63,61,63,0.022428,8047,1.25895569026649,26,-86,0.001869,51,2026-01-18 23:53:48.002544,164,1.037,0.0011,"aoml_navis",1025.92850703491
"7901009",99,0.0178147651846687,1,0.044856,1,0.022428,1,147.868955519702,1,4.87349428155854,166,1,23.4780006408691,36.9090003967285,0.0448560006916523,0.0252375844866037,142.588897705078,-85.6871,26.38,129.30901876403,63,63,63,63,61,63,0.022428,8047,1.25895569026649,26,-86,0.001869,51,2026-01-18 23:53:48.002544,166,1.037,0.0011,"aoml_navis",1025.95790846009
"7901009",99,0.0148456376538906,1,0.041118,1,0.01869,1,147.377087866148,1,4.87336679626008,168,1,23.4190006256104,36.9099998474121,0.041117999702692,0.0222684554755688,142.114593505859,-85.6871,26.38,129.30901876403,63,63,63,63,61,63,0.01869,8047,1.25895569026649,26,-86,0.001869,51,2026-01-18 23:53:48.002544,168,1.037,0.0011,"aoml_navis",1025.98474710278
"7901009",99,0.00742281882694531,1,0.031773,1,0.009345,1,147.203911968564,1,4.8731206648677,170,1,23.2830009460449,36.9140014648438,0.0317730009555817,0.0148456385359168,141.947601318359,-85.6871,26.38,129.30901876403,63,63,63,63,61,63,0.009345,8047,1.25895569026649,26,-86,0.001869,51,2026-01-18 23:53:48.002544,170,1.037,0.0011,"aoml_navis",1026.0365675012
"7901009",99,0.00445369129616718,1,0.028035,1,0.005607,1,147.025545857675,1,4.872967028321,172,1,23.2049999237061,36.9150009155273,0.0280349999666214,0.0118765104562044,141.775604248047,-85.6871,26.38,129.30901876403,63,63,63,63,61,63,0.005607,8047,1.25895569026649,26,-86,0.001869,51,2026-01-18 23:53:48.002544,172,1.037,0.0011,"aoml_navis",1026.06891672788
"7901009",99,0.0118765101231125,1,0.03738,1,0.014952,1,146.676472365287,1,4.87287303951833,174,1,23.1669998168945,36.9150009155273,0.0373799987137318,0.019299328327179,141.438995361328,-85.6871,26.38,129.30901876403,63,63,63,63,61,63,0.014952,8047,1.25895569026649,26,-86,0.001869,51,2026-01-18 23:53:48.002544,174,1.037,0.0011,"aoml_navis",1026.08870771939
"7901009",99,0.00593825506155625,1,0.029904,1,0.007476,1,146.351894147885,1,4.87267237247738,176,1,23.0550003051758,36.9160003662109,0.0299040004611015,0.0133610740303993,141.126007080078,-85.6871,26.38,129.30901876403,63,63,63,63,61,63,0.007476,8047,1.25895569026649,26,-86,0.001869,51,2026-01-18 23:53:48.002544,176,1.037,0.0011,"aoml_navis",1026.13096424086
"7901009",99,0.00445369129616718,1,0.028035,1,0.005607,1,146.073553135595,1,4.87248352636882,178,1,22.9459991455078,36.9150009155273,0.0280349999666214,0.0118765104562044,140.857604980469,-85.6871,26.38,129.30901876403,63,63,63,63,61,63,0.005607,8047,1.25895569026649,26,-86,0.001869,51,2026-01-18 23:53:48.002544,178,1.037,0.0011,"aoml_navis",1026.17073468614
"7901009",99,0.00445369129616718,1,0.028035,1,0.005607,1,145.7987408354,1,4.87223480340676,180,1,22.7959995269775,36.9150009155273,0.0280349999666214,0.0118765104562044,140.59260559082,-85.6871,26.38,129.30901876403,63,63,63,63,61,63,0.005607,8047,1.25895569026649,26,-86,0.001869,51,2026-01-18 23:53:48.002544,180,1.037,0.0011,"aoml_navis",1026.22311972812
"7901009",99,-0.00148456376538906,1,0.020559,1,-0.001869,1,145.771871987255,1,4.87195919179332,182,1,22.6180000305176,36.9119987487793,0.020558999851346,0.00593825522810221,140.566696166992,-85.6871,26.38,129.30901876403,63,63,63,63,61,63,-0.001869,8047,1.25895569026649,26,-86,0.001869,51,2026-01-18 23:53:48.002544,182,1.037,0.0011,"aoml_navis",1026.28117419833
"7901009",99,-0.00296912753077812,1,0.01869,1,-0.003738,1,145.693686487441,1,4.87179629375195,184,1,22.5240001678467,36.9099998474121,0.0186899993568659,0.00445369118824601,140.491302490234,-85.6871,26.38,129.30901876403,63,63,63,63,61,63,-0.003738,8047,1.25895569026649,26,-86,0.001869,51,2026-01-18 23:53:48.002544,184,1.037,0.0011,"aoml_navis",1026.31548991744
"7901009",99,-0.00296912753077812,1,0.01869,1,-0.003738,1,145.704684043072,1,4.87166284173033,186,1,22.4459991455078,36.9059982299805,0.0186899993568659,0.00445369118824601,140.501907348633,-85.6871,26.38,129.30901876403,63,63,63,63,61,63,-0.003738,8047,1.25895569026649,26,-86,0.001869,51,2026-01-18 23:53:48.002544,186,1.037,0.0011,"aoml_navis",1026.34360431727
"7901009",99,-0.00445369129616718,1,0.016821,1,-0.005607,1,145.885740203539,1,4.87145859725188,188,1,22.3159999847412,36.9020004272461,0.0168210007250309,0.0029691276140511,140.676498413086,-85.6871,26.38,129.30901876403,63,63,63,63,61,63,-0.005607,8047,1.25895569026649,26,-86,0.001869,51,2026-01-18 23:53:48.002544,188,1.037,0.0011,"aoml_navis",1026.38663557987
"7901009",99,-0.00445369129616718,1,0.016821,1,-0.005607,1,146.707170578126,1,4.87121192406446,190,1,22.1490001678467,36.8959999084473,0.0168210007250309,0.0029691276140511,141.468597412109,-85.6871,26.38,129.30901876403,63,63,63,63,61,63,-0.005607,8047,1.25895569026649,26,-86,0.001869,51,2026-01-18 23:53:48.002544,190,1.037,0.0011,"aoml_navis",1026.43861074886
"7901009",99,-0.00445369129616718,1,0.016821,1,-0.005607,1,147.082479965817,1,4.8710592365188,192,1,22.0559997558594,36.8919982910156,0.0168210007250309,0.0029691276140511,141.830505371094,-85.6871,26.38,129.30901876403,63,63,63,63,61,63,-0.005607,8047,1.25895569026649,26,-86,0.001869,51,2026-01-18 23:53:48.002544,192,1.037,0.0011,"aoml_navis",1026.47078535086
"7901009",99,-0.00593825506155625,1,0.014952,1,-0.007476,1,147.192502993586,1,4.87089830287779,194,1,21.9540004730225,36.8870010375977,0.0149520002305508,0.00148456380702555,141.936599731445,-85.6871,26.38,129.30901876403,63,63,63,63,61,63,-0.007476,8047,1.25895569026649,26,-86,0.001869,51,2026-01-18 23:53:48.002544,194,1.037,0.0011,"aoml_navis",1026.50469976882
"7901009",99,-0.00296912753077812,1,0.01869,1,-0.003738,1,147.299108076008,1,4.87070593299148,196,1,21.8229999542236,36.8800010681152,0.0186899993568659,0.00445369118824601,142.039398193359,-85.6871,26.38,129.30901876403,63,63,63,63,61,63,-0.003738,8047,1.25895569026649,26,-86,0.001869,51,2026-01-18 23:53:48.002544,196,1.037,0.0011,"aoml_navis",1026.5452418576
"7901009",99,-0.00445369129616718,1,0.016821,1,-0.005607,1,147.377198632895,1,4.87061616356797,198,1,21.7759990692139,36.8759994506836,0.0168210007250309,0.0029691276140511,142.114700317383,-85.6871,26.38,129.30901876403,63,63,63,63,61,63,-0.005607,8047,1.25895569026649,26,-86,0.001869,51,2026-01-18 23:53:48.002544,198,1.037,0.0011,"aoml_navis",1026.56416192264
"7901009",99,-0.00296912753077812,1,0.01869,1,-0.003738,1,147.525910903134,1,4.87055282559584,200,1,21.753999710083,36.8740005493164,0.0186899993568659,0.00445369118824601,142.258102416992,-85.6871,26.38,129.30901876403,63,63,63,63,61,63,-0.003738,8047,1.25895569026649,26,-86,0.001869,51,2026-01-18 23:53:48.002544,200,1.037,0.0011,"aoml_navis",1026.57751163767
"7901009",99,-0.00593825506155625,1,0.014952,1,-0.007476,1,147.948913287473,1,4.87045604682623,202,1,21.6989994049072,36.8689994812012,0.0149520002305508,0.00148456380702555,142.666000366211,-85.6871,26.38,129.30901876403,63,63,63,63,61,63,-0.007476,8047,1.25895569026649,26,-86,0.001869,51,2026-01-18 23:53:48.002544,202,1.037,0.0011,"aoml_navis",1026.59791032468
"7901009",99,-0.00296912753077812,1,0.01869,1,-0.003738,1,148.64433857503,1,4.87018606426127,204,1,21.4899997711182,36.8549995422363,0.0186899993568659,0.00445369118824601,143.33659362793,-85.6871,26.38,129.30901876403,63,63,63,63,61,63,-0.003738,8047,1.25895569026649,26,-86,0.001869,51,2026-01-18 23:53:48.002544,204,1.037,0.0011,"aoml_navis",1026.65482058095
"7901009",99,-0.00296912753077812,1,0.01869,1,-0.003738,1,148.671618842522,1,4.87011150837157,206,1,21.4540004730225,36.851001739502,0.0186899993568659,0.00445369118824601,143.362899780273,-85.6871,26.38,129.30901876403,63,63,63,63,61,63,-0.003738,8047,1.25895569026649,26,-86,0.001869,51,2026-01-18 23:53:48.002544,206,1.037,0.0011,"aoml_navis",1026.67053750313
"7901009",99,-0.00296912753077812,1,0.01869,1,-0.003738,1,148.682711341079,1,4.87004577152958,208,1,21.4300003051758,36.8489990234375,0.0186899993568659,0.00445369118824601,143.373596191406,-85.6871,26.38,129.30901876403,63,63,63,63,61,63,-0.003738,8047,1.25895569026649,26,-86,0.001869,51,2026-01-18 23:53:48.002544,208,1.037,0.0011,"aoml_navis",1026.6843957053
"7901009",99,-0.00296912753077812,1,0.01869,1,-0.003738,1,148.592911156614,1,4.86996768614008,210,1,21.3939990997314,36.8460006713867,0.0186899993568659,0.00445369118824601,143.287002563477,-85.6871,26.38,129.30901876403,63,63,63,63,61,63,-0.003738,8047,1.25895569026649,26,-86,0.001869,51,2026-01-18 23:53:48.002544,210,1.037,0.0011,"aoml_navis",1026.70085763197
"7901009",99,-0.00296912753077812,1,0.01869,1,-0.003738,1,148.602247211034,1,4.86984359868652,212,1,21.306999206543,36.8370018005371,0.0186899993568659,0.00445369118824601,143.296005249023,-85.6871,26.38,129.30901876403,63,63,63,63,61,63,-0.003738,8047,1.25895569026649,26,-86,0.001869,51,2026-01-18 23:53:48.002544,212,1.037,0.0011,"aoml_navis",1026.72701877912
"7901009",99,-0.00148456376538906,1,0.020559,1,-0.001869,1,148.213250218133,1,4.86968314393579,214,1,21.1949996948242,36.8289985656738,0.020558999851346,0.00593825522810221,142.9208984375,-85.6871,26.38,129.30901876403,63,63,63,63,61,63,-0.001869,8047,1.25895569026649,26,-86,0.001869,51,2026-01-18 23:53:48.002544,214,1.037,0.0011,"aoml_navis",1026.76084915843
"7901009",99,-0.00445369129616718,1,0.016821,1,-0.005607,1,147.821879652075,1,4.86954756372385,216,1,21.1070003509521,36.8230018615723,0.0168210007250309,0.0029691276140511,142.543502807617,-85.6871,26.38,129.30901876403,63,63,63,63,61,63,-0.005607,8047,1.25895569026649,26,-86,0.001869,51,2026-01-18 23:53:48.002544,216,1.037,0.0011,"aoml_navis",1026.78943671235
"7901009",99,-0.00296912753077812,1,0.01869,1,-0.003738,1,148.04566012938,1,4.86934688468092,218,1,20.9500007629395,36.810001373291,0.0186899993568659,0.00445369118824601,142.759292602539,-85.6871,26.38,129.30901876403,63,63,63,63,61,63,-0.003738,8047,1.25895569026649,26,-86,0.001869,51,2026-01-18 23:53:48.002544,218,1.037,0.0011,"aoml_navis",1026.83175350068
"7901009",99,-0.00445369129616718,1,0.016821,1,-0.005607,1,148.117120505247,1,4.86923638539765,220,1,20.875,36.8019981384277,0.0168210007250309,0.0029691276140511,142.828201293945,-85.6871,26.38,129.30901876403,63,63,63,63,61,63,-0.005607,8047,1.25895569026649,26,-86,0.001869,51,2026-01-18 23:53:48.002544,220,1.037,0.0011,"aoml_navis",1026.85505575258
"7901009",99,-0.00593825506155625,1,0.014952,1,-0.007476,1,147.473122636107,1,4.86912546068548,222,1,20.7940006256104,36.7919998168945,0.0149520002305508,0.00148456380702555,142.20719909668,-85.6871,26.38,129.30901876403,63,63,63,63,61,63,-0.007476,8047,1.25895569026649,26,-86,0.001869,51,2026-01-18 23:53:48.002544,222,1.037,0.0011,"aoml_navis",1026.8784487833
"7901009",99,-0.00445369129616718,1,0.016821,1,-0.005607,1,147.125932178424,1,4.86902451777399,224,1,20.7259998321533,36.7840003967285,0.0168210007250309,0.0029691276140511,141.872406005859,-85.6871,26.38,129.30901876403,63,63,63,63,61,63,-0.005607,8047,1.25895569026649,26,-86,0.001869,51,2026-01-18 23:53:48.002544,224,1.037,0.0011,"aoml_navis",1026.89973766776
"7901009",99,-0.00593825506155625,1,0.014952,1,-0.007476,1,147.185445569397,1,4.8689282492872,226,1,20.6669998168945,36.7779998779297,0.0149520002305508,0.00148456380702555,141.929794311523,-85.6871,26.38,129.30901876403,63,63,63,63,61,63,-0.007476,8047,1.25895569026649,26,-86,0.001869,51,2026-01-18 23:53:48.002544,226,1.037,0.0011,"aoml_navis",1026.92004153727
"7901009",99,-0.00445369129616718,1,0.016821,1,-0.005607,1,147.587513038486,1,4.86877875135836,228,1,20.55299949646,36.7669982910156,0.0168210007250309,0.0029691276140511,142.317504882812,-85.6871,26.38,129.30901876403,63,63,63,63,61,63,-0.005607,8047,1.25895569026649,26,-86,0.001869,51,2026-01-18 23:53:48.002544,228,1.037,0.0011,"aoml_navis",1026.95157355528
"7901009",99,-0.00445369129616718,1,0.016821,1,-0.005607,1,147.801751751698,1,4.86869424776349,230,1,20.5,36.7599983215332,0.0168210007250309,0.0029691276140511,142.52409362793,-85.6871,26.38,129.30901876403,63,63,63,63,61,63,-0.005607,8047,1.25895569026649,26,-86,0.001869,51,2026-01-18 23:53:48.002544,230,1.037,0.0011,"aoml_navis",1026.96939786203
"7901009",99,-0.00593825506155625,1,0.014952,1,-0.007476,1,148.072845453946,1,4.86858916074602,232,1,20.4309997558594,36.7529983520508,0.0149520002305508,0.00148456380702555,142.785507202148,-85.6871,26.38,129.30901876403,63,63,63,63,61,63,-0.007476,8047,1.25895569026649,26,-86,0.001869,51,2026-01-18 23:53:48.002544,232,1.037,0.0011,"aoml_navis",1026.99156468439
"7901009",99,-0.00296912753077812,1,0.01869,1,-0.003738,1,148.549981130102,1,4.86849431416416,234,1,20.367000579834,36.7449989318848,0.0186899993568659,0.00445369118824601,143.24560546875,-85.6871,26.38,129.30901876403,63,63,63,63,61,63,-0.003738,8047,1.25895569026649,26,-86,0.001869,51,2026-01-18 23:53:48.002544,234,1.037,0.0011,"aoml_navis",1027.01157223358
"7901009",99,-0.00296912753077812,1,0.01869,1,-0.003738,1,148.96769835821,1,4.86839730051489,236,1,20.3040008544922,36.7379989624023,0.0186899993568659,0.00445369118824601,143.648406982422,-85.6871,26.38,129.30901876403,63,63,63,63,61,63,-0.003738,8047,1.25895569026649,26,-86,0.001869,51,2026-01-18 23:53:48.002544,236,1.037,0.0011,"aoml_navis",1027.03203772445
"7901009",99,-0.00296912753077812,1,0.01869,1,-0.003738,1,149.39070074255,1,4.86827424774107,238,1,20.2150001525879,36.7290000915527,0.0186899993568659,0.00445369118824601,144.056304931641,-85.6871,26.38,129.30901876403,63,63,63,63,61,63,-0.003738,8047,1.25895569026649,26,-86,0.001869,51,2026-01-18 23:53:48.002544,238,1.037,0.0011,"aoml_navis",1027.05799746595
"7901009",99,-0.00296912753077812,1,0.01869,1,-0.003738,1,149.45633795227,1,4.86819578571463,240,1,20.1690006256104,36.7229995727539,0.0186899993568659,0.00445369118824601,144.119598388672,-85.6871,26.38,129.30901876403,63,63,63,63,61,63,-0.003738,8047,1.25895569026649,26,-86,0.001869,51,2026-01-18 23:53:48.002544,240,1.037,0.0011,"aoml_navis",1027.07455083712
"7901009",99,-0.00445369129616718,1,0.016821,1,-0.005607,1,149.554857062135,1,4.86811739984171,242,1,20.1229991912842,36.7169990539551,0.0168210007250309,0.0029691276140511,144.214599609375,-85.6871,26.38,129.30901876403,63,63,63,63,61,63,-0.005607,8047,1.25895569026649,26,-86,0.001869,51,2026-01-18 23:53:48.002544,242,1.037,0.0011,"aoml_navis",1027.09108867477
"7901009",99,-0.00593825506155625,1,0.014952,1,-0.007476,1,149.784033462419,1,4.86800345819295,244,1,20.0349998474121,36.7060012817383,0.0149520002305508,0.00148456380702555,144.435592651367,-85.6871,26.38,129.30901876403,63,63,63,63,61,63,-0.007476,8047,1.25895569026649,26,-86,0.001869,51,2026-01-18 23:53:48.002544,244,1.037,0.0011,"aoml_navis",1027.1151290135
"7901009",99,-0.00593825506155625,1,0.014952,1,-0.007476,1,149.961576734613,1,4.86790172184088,246,1,19.9619998931885,36.6969985961914,0.0149520002305508,0.00148456380702555,144.606796264648,-85.6871,26.38,129.30901876403,63,63,63,63,61,63,-0.007476,8047,1.25895569026649,26,-86,0.001869,51,2026-01-18 23:53:48.002544,246,1.037,0.0011,"aoml_navis",1027.13659513018
"7901009",99,-0.00593825506155625,1,0.014952,1,-0.007476,1,149.974536444054,1,4.86783407522198,248,1,19.9270000457764,36.6920013427734,0.0149520002305508,0.00148456380702555,144.619293212891,-85.6871,26.38,129.30901876403,63,63,63,63,61,63,-0.007476,8047,1.25895569026649,26,-86,0.001869,51,2026-01-18 23:53:48.002544,248,1.037,0.0011,"aoml_navis",1027.15086889481
"7901009",99,-0.00445369129616718,1,0.016821,1,-0.005607,1,150.087376111969,1,4.86774847992925,250,1,19.875,36.6860008239746,0.0168210007250309,0.0029691276140511,144.728103637695,-85.6871,26.38,129.30901876403,63,63,63,63,61,63,-0.005607,8047,1.25895569026649,26,-86,0.001869,51,2026-01-18 23:53:48.002544,250,1.037,0.0011,"aoml_navis",1027.16893048522
"7901009",99,-0.00445369129616718,1,0.016821,1,-0.005607,1,150.349940774671,1,4.8676495290409,252,1,19.8010005950928,36.6759986877441,0.0168210007250309,0.0029691276140511,144.981292724609,-85.6871,26.38,129.30901876403,63,63,63,63,61,63,-0.005607,8047,1.25895569026649,26,-86,0.001869,51,2026-01-18 23:53:48.002544,252,1.037,0.0011,"aoml_navis",1027.18981105141
"7901009",99,-0.00445369129616718,1,0.016821,1,-0.005607,1,150.674012629799,1,4.86756525804845,254,1,19.7469997406006,36.6689987182617,0.0168210007250309,0.0029691276140511,145.293792724609,-85.6871,26.38,129.30901876403,63,63,63,63,61,63,-0.005607,8047,1.25895569026649,26,-86,0.001869,51,2026-01-18 23:53:48.002544,254,1.037,0.0011,"aoml_navis",1027.20759454279
"7901009",99,-0.00593825506155625,1,0.014952,1,-0.007476,1,151.233289761031,1,4.867487237777,256,1,19.6949996948242,36.6609992980957,0.0149520002305508,0.00148456380702555,145.833099365234,-85.6871,26.38,129.30901876403,63,63,63,63,61,63,-0.007476,8047,1.25895569026649,26,-86,0.001869,51,2026-01-18 23:53:48.002544,256,1.037,0.0011,"aoml_navis",1027.2240595095
"7901009",99,0,1,0.022428,1,0,1,151.802615018631,1,4.86736625397551,258,1,19.6060009002686,36.6520004272461,0.0224280003458261,0.0074228192679584,146.382095336914,-85.6871,26.38,129.30901876403,63,63,63,63,61,63,0,8047,1.25895569026649,26,-86,0.001869,51,2026-01-18 23:53:48.002544,258,1.037,0.0011,"aoml_navis",1027.24959230593
"7901009",99,-0.00296912753077812,1,0.01869,1,-0.003738,1,151.947387157428,1,4.86728506338135,260,1,19.556999206543,36.6459999084473,0.0186899993568659,0.00445369118824601,146.521697998047,-85.6871,26.38,129.30901876403,63,63,63,63,61,63,-0.003738,8047,1.25895569026649,26,-86,0.001869,51,2026-01-18 23:53:48.002544,260,1.037,0.0011,"aoml_navis",1027.26672773229
"7901009",99,-0.00593825506155625,1,0.014952,1,-0.007476,1,152.063739713617,1,4.86721669944684,262,1,19.5209999084473,36.640998840332,0.0149520002305508,0.00148456380702555,146.633895874023,-85.6871,26.38,129.30901876403,63,63,63,63,61,63,-0.007476,8047,1.25895569026649,26,-86,0.001869,51,2026-01-18 23:53:48.002544,262,1.037,0.0011,"aoml_navis",1027.28115651153
"7901009",99,-0.00445369129616718,1,0.016821,1,-0.005607,1,152.185393249858,1,4.86715213864103,264,1,19.488000869751,36.6360015869141,0.0168210007250309,0.0029691276140511,146.751205444336,-85.6871,26.38,129.30901876403,63,63,63,63,61,63,-0.005607,8047,1.25895569026649,26,-86,0.001869,51,2026-01-18 23:53:48.002544,264,1.037,0.0011,"aoml_navis",1027.29478298085
"7901009",99,-0.00593825506155625,1,0.014952,1,-0.007476,1,152.40564501507,1,4.86705302348209,266,1,19.4130001068115,36.6259994506836,0.0149520002305508,0.00148456380702555,146.963592529297,-85.6871,26.38,129.30901876403,63,63,63,63,61,63,-0.007476,8047,1.25895569026649,26,-86,0.001869,51,2026-01-18 23:53:48.002544,266,1.037,0.0011,"aoml_navis",1027.31570333762
"7901009",99,-0.00445369129616718,1,0.016821,1,-0.005607,1,152.685030399549,1,4.86695175122678,268,1,19.3390007019043,36.617000579834,0.0168210007250309,0.0029691276140511,147.233001708984,-85.6871,26.38,129.30901876403,63,63,63,63,61,63,-0.005607,8047,1.25895569026649,26,-86,0.001869,51,2026-01-18 23:53:48.002544,268,1.037,0.0011,"aoml_navis",1027.33707987544
"7901009",99,-0.00445369129616718,1,0.016821,1,-0.005607,1,152.817143481505,1,4.86688756073527,270,1,19.3090000152588,36.6129989624023,0.0168210007250309,0.0029691276140511,147.360397338867,-85.6871,26.38,129.30901876403,63,63,63,63,61,63,-0.005607,8047,1.25895569026649,26,-86,0.001869,51,2026-01-18 23:53:48.002544,270,1.037,0.0011,"aoml_navis",1027.35062965881
"7901009",99,-0.00148456376538906,1,0.020559,1,-0.001869,1,152.832492587925,1,4.86683088048861,272,1,19.2849998474121,36.609001159668,0.020558999851346,0.00593825522810221,147.375198364258,-85.6871,26.38,129.30901876403,63,63,63,63,61,63,-0.001869,8047,1.25895569026649,26,-86,0.001869,51,2026-01-18 23:53:48.002544,272,1.037,0.0011,"aoml_navis",1027.36259442367
"7901009",99,-0.00445369129616718,1,0.016821,1,-0.005607,1,152.880612827741,1,4.86676300853315,274,1,19.2520008087158,36.6049995422363,0.0168210007250309,0.0029691276140511,147.421600341797,-85.6871,26.38,129.30901876403,63,63,63,63,61,63,-0.005607,8047,1.25895569026649,26,-86,0.001869,51,2026-01-18 23:53:48.002544,274,1.037,0.0011,"aoml_navis",1027.37692203899
"7901009",99,-0.00593825506155625,1,0.014952,1,-0.007476,1,152.912133879275,1,4.86669640558009,276,1,19.2199993133545,36.601001739502,0.0149520002305508,0.00148456380702555,147.451995849609,-85.6871,26.38,129.30901876403,63,63,63,63,61,63,-0.007476,8047,1.25895569026649,26,-86,0.001869,51,2026-01-18 23:53:48.002544,276,1.037,0.0011,"aoml_navis",1027.39098215929
"7901009",99,-0.00445369129616718,1,0.016821,1,-0.005607,1,153.016776807886,1,4.86662949358344,278,1,19.1790008544922,36.5940017700195,0.0168210007250309,0.0029691276140511,147.55290222168,-85.6871,26.38,129.30901876403,63,63,63,63,61,63,-0.005607,8047,1.25895569026649,26,-86,0.001869,51,2026-01-18 23:53:48.002544,278,1.037,0.0011,"aoml_navis",1027.40510790731
"7901009",99,-0.00296912753077812,1,0.01869,1,-0.003738,1,153.218989417099,1,4.86653249731446,280,1,19.1049995422363,36.5839996337891,0.0186899993568659,0.00445369118824601,147.747894287109,-85.6871,26.38,129.30901876403,63,63,63,63,61,63,-0.003738,8047,1.25895569026649,26,-86,0.001869,51,2026-01-18 23:53:48.002544,280,1.037,0.0011,"aoml_navis",1027.42558541614
"7901009",99,-0.00890738259233437,1,0.011214,1,-0.011214,1,153.334202658173,1,4.86646834977684,282,1,19.0690002441406,36.5779991149902,0.0112140001729131,-0.00148456380702555,147.858993530273,-85.6871,26.38,129.30901876403,63,63,63,63,61,63,-0.011214,8047,1.25895569026649,26,-86,0.001869,51,2026-01-18 23:53:48.002544,282,1.037,0.0011,"aoml_navis",1027.43912846557
"7901009",99,-0.0103919463577234,1,0.009345,1,-0.013083,1,153.558204668973,1,4.86638794367056,284,1,19.0139999389648,36.5699996948242,0.00934499967843294,-0.0029691276140511,148.074996948242,-85.6871,26.38,129.30901876403,63,63,63,63,61,63,-0.013083,8047,1.25895569026649,26,-86,0.001869,51,2026-01-18 23:53:48.002544,284,1.037,0.0011,"aoml_navis",1027.45610458435
"7901009",99,-0.00593825506155625,1,0.014952,1,-0.007476,1,153.807414026708,1,4.86629379533458,286,1,18.9389991760254,36.5589981079102,0.0149520002305508,0.00148456380702555,148.315307617188,-85.6871,26.38,129.30901876403,63,63,63,63,61,63,-0.007476,8047,1.25895569026649,26,-86,0.001869,51,2026-01-18 23:53:48.002544,286,1.037,0.0011,"aoml_navis",1027.47598280926
"7901009",99,-0.00296912753077812,1,0.01869,1,-0.003738,1,154.226776932205,1,4.86619492602747,288,1,18.8600006103516,36.5480003356934,0.0186899993568659,0.00445369118824601,148.719696044922,-85.6871,26.38,129.30901876403,63,63,63,63,61,63,-0.003738,8047,1.25895569026649,26,-86,0.001869,51,2026-01-18 23:53:48.002544,288,1.037,0.0011,"aoml_navis",1027.49685863525
"7901009",99,-0.00593825506155625,1,0.014952,1,-0.007476,1,154.483866552824,1,4.86612872563134,290,1,18.8250007629395,36.5429992675781,0.0149520002305508,0.00148456380702555,148.96760559082,-85.6871,26.38,129.30901876403,63,63,63,63,61,63,-0.007476,8047,1.25895569026649,26,-86,0.001869,51,2026-01-18 23:53:48.002544,290,1.037,0.0011,"aoml_navis",1027.51083703633
"7901009",99,-0.00445369129616718,1,0.016821,1,-0.005607,1,154.765625510461,1,4.86605389221979,292,1,18.7800006866455,36.5369987487793,0.0168210007250309,0.0029691276140511,149.239303588867,-85.6871,26.38,129.30901876403,63,63,63,63,61,63,-0.005607,8047,1.25895569026649,26,-86,0.001869,51,2026-01-18 23:53:48.002544,292,1.037,0.0011,"aoml_navis",1027.52663878104
"7901009",99,-0.00890738259233437,1,0.011214,1,-0.011214,1,154.80596043032,1,4.86599023583426,294,1,18.7469997406006,36.5320014953613,0.0112140001729131,-0.00148456380702555,149.278198242188,-85.6871,26.38,129.30901876403,63,63,63,63,61,63,-0.011214,8047,1.25895569026649,26,-86,0.001869,51,2026-01-18 23:53:48.002544,294,1.037,0.0011,"aoml_navis",1027.54008077921
"7901009",99,-0.00445369129616718,1,0.016821,1,-0.005607,1,154.720401029896,1,4.86594646749171,296,1,18.7390003204346,36.5299987792969,0.0168210007250309,0.0029691276140511,149.195693969727,-85.6871,26.38,129.30901876403,63,63,63,63,61,63,-0.005607,8047,1.25895569026649,26,-86,0.001869,51,2026-01-18 23:53:48.002544,296,1.037,0.0011,"aoml_navis",1027.54932332361
"7901009",99,-0.00445369129616718,1,0.016821,1,-0.005607,1,154.580201975383,1,4.86590023281707,298,1,18.7290000915527,36.5279998779297,0.0168210007250309,0.0029691276140511,149.060501098633,-85.6871,26.38,129.30901876403,63,63,63,63,61,63,-0.005607,8047,1.25895569026649,26,-86,0.001869,51,2026-01-18 23:53:48.002544,298,1.037,0.0011,"aoml_navis",1027.55908686301
"7901009",99,-0.00593825506155625,1,0.014952,1,-0.007476,1,154.461570788963,1,4.86584412324688,300,1,18.7080001831055,36.5250015258789,0.0149520002305508,0.00148456380702555,148.946105957031,-85.6871,26.38,129.30901876403,63,63,63,63,61,63,-0.007476,8047,1.25895569026649,26,-86,0.001869,51,2026-01-18 23:53:48.002544,300,1.037,0.0011,"aoml_navis",1027.57093596817
"7901009",99,-0.00148456376538906,1,0.020559,1,-0.001869,1,154.197328801229,1,4.86576942115631,302,1,18.6599998474121,36.5180015563965,0.020558999851346,0.00593825522810221,148.691299438477,-85.6871,26.38,129.30901876403,63,63,63,63,61,63,-0.001869,8047,1.25895569026649,26,-86,0.001869,51,2026-01-18 23:53:48.002544,302,1.037,0.0011,"aoml_navis",1027.58671182815
"7901009",99,-0.00742281882694531,1,0.013083,1,-0.009345,1,153.856040628798,1,4.86569843490361,304,1,18.6119995117188,36.5099983215332,0.0130829997360706,0,148.362197875977,-85.6871,26.38,129.30901876403,63,63,63,63,61,63,-0.009345,8047,1.25895569026649,26,-86,0.001869,51,2026-01-18 23:53:48.002544,304,1.037,0.0011,"aoml_navis",1027.60170341281
"7901009",99,-0.00593825506155625,1,0.014952,1,-0.007476,1,154.21630156267,1,4.86562879326067,306,1,18.568000793457,36.5029983520508,0.0149520002305508,0.00148456380702555,148.709594726562,-85.6871,26.38,129.30901876403,63,63,63,63,61,63,-0.007476,8047,1.25895569026649,26,-86,0.001869,51,2026-01-18 23:53:48.002544,306,1.037,0.0011,"aoml_navis",1027.61641145446
"7901009",99,-0.00593825506155625,1,0.014952,1,-0.007476,1,154.139366144719,1,4.8655739787391,308,1,18.5450000762939,36.4990005493164,0.0149520002305508,0.00148456380702555,148.635406494141,-85.6871,26.38,129.30901876403,63,63,63,63,61,63,-0.007476,8047,1.25895569026649,26,-86,0.001869,51,2026-01-18 23:53:48.002544,308,1.037,0.0011,"aoml_navis",1027.62798836238
"7901009",99,-0.00445369129616718,1,0.016821,1,-0.005607,1,153.780861654984,1,4.86551797834425,310,1,18.5209999084473,36.4949989318848,0.0168210007250309,0.0029691276140511,148.289703369141,-85.6871,26.38,129.30901876403,63,63,63,63,61,63,-0.005607,8047,1.25895569026649,26,-86,0.001869,51,2026-01-18 23:53:48.002544,310,1.037,0.0011,"aoml_navis",1027.63981599787
"7901009",99,-0.00593825506155625,1,0.014952,1,-0.007476,1,153.526272198092,1,4.86543495043206,312,1,18.4540004730225,36.484001159668,0.0149520002305508,0.00148456380702555,148.044204711914,-85.6871,26.38,129.30901876403,63,63,63,63,61,63,-0.007476,8047,1.25895569026649,26,-86,0.001869,51,2026-01-18 23:53:48.002544,312,1.037,0.0011,"aoml_navis",1027.65735251604
"7901009",99,-0.00742281882694531,1,0.013083,1,-0.009345,1,153.340848663014,1,4.86538757480372,314,1,18.4400005340576,36.4809989929199,0.0130829997360706,0,147.86540222168,-85.6871,26.38,129.30901876403,63,63,63,63,61,63,-0.009345,8047,1.25895569026649,26,-86,0.001869,51,2026-01-18 23:53:48.002544,314,1.037,0.0011,"aoml_navis",1027.66735910072
"7901009",99,0,1,0.011214,1,-0.011214,1,153.25799513599,1,4.86530359004313,316,1,18.3780002593994,36.4720001220703,0.0112140001729131,-0.00148456380702555,147.785507202148,-85.6871,26.38,129.30901876403,63,63,63,63,61,63,0,8047,1.25895569026649,26,-86,0.001869,51,2026-01-18 23:53:48.002544,316,1.037,0.0011,"aoml_navis",1027.68509867144
"7901009",99,0,1,0.016821,1,-0.005607,1,153.139142416075,1,4.86521488777421,318,1,18.3059997558594,36.4609985351562,0.0168210007250309,0.0029691276140511,147.6708984375,-85.6871,26.38,129.30901876403,63,63,63,63,61,63,0,8047,1.25895569026649,26,-86,0.001869,51,2026-01-18 23:53:48.002544,318,1.037,0.0011,"aoml_navis",1027.70383535668
"7901009",99,0,1,0.013083,1,-0.009345,1,152.39766980926,1,4.86512758420597,320,1,18.2350006103516,36.4500007629395,0.0130829997360706,0,146.955902099609,-85.6871,26.38,129.30901876403,63,63,63,63,61,63,0,8047,1.25895569026649,26,-86,0.001869,51,2026-01-18 23:53:48.002544,320,1.037,0.0011,"aoml_navis",1027.72227725988
"7901009",99,0,1,0.016821,1,-0.005607,1,151.792978311611,1,4.8650356780581,322,1,18.1480007171631,36.435001373291,0.0168210007250309,0.0029691276140511,146.372802734375,-85.6871,26.38,129.30901876403,63,63,63,63,61,63,0,8047,1.25895569026649,26,-86,0.001869,51,2026-01-18 23:53:48.002544,322,1.037,0.0011,"aoml_navis",1027.74169212173
"7901009",99,0,1,0.014952,1,-0.007476,1,151.816619100261,1,4.86493564999912,324,1,18.056999206543,36.4210014343262,0.0149520002305508,0.00148456380702555,146.395599365234,-85.6871,26.38,129.30901876403,63,63,63,63,61,63,0,8047,1.25895569026649,26,-86,0.001869,51,2026-01-18 23:53:48.002544,324,1.037,0.0011,"aoml_navis",1027.76282354339
"7901009",99,0,1,0.014952,1,-0.007476,1,151.585986908441,1,4.86488726534334,326,1,18.0419998168945,36.4179992675781,0.0149520002305508,0.00148456380702555,146.173202514648,-85.6871,26.38,129.30901876403,63,63,63,63,61,63,0,8047,1.25895569026649,26,-86,0.001869,51,2026-01-18 23:53:48.002544,326,1.037,0.0011,"aoml_navis",1027.7730453528
"7901009",99,0,1,0.01869,1,-0.003738,1,151.313247528803,1,4.86483412546899,328,1,18.0170001983643,36.4129981994629,0.0186899993568659,0.00445369118824601,145.910202026367,-85.6871,26.38,129.30901876403,63,63,63,63,61,63,0,8047,1.25895569026649,26,-86,0.001869,51,2026-01-18 23:53:48.002544,328,1.037,0.0011,"aoml_navis",1027.78427199057
"7901009",99,0,1,0.01869,1,-0.003738,1,151.035112226186,1,4.86475355192224,330,1,17.9570007324219,36.4039993286133,0.0186899993568659,0.00445369118824601,145.641998291016,-85.6871,26.38,129.30901876403,63,63,63,63,61,63,0,8047,1.25895569026649,26,-86,0.001869,51,2026-01-18 23:53:48.002544,330,1.037,0.0011,"aoml_navis",1027.80129489279
"7901009",99,0,1,0.020559,1,-0.001869,1,150.868250033202,1,4.86469690141959,332,1,17.9290008544922,36.398998260498,0.020558999851346,0.00593825522810221,145.481094360352,-85.6871,26.38,129.30901876403,63,63,63,63,61,63,0,8047,1.25895569026649,26,-86,0.001869,51,2026-01-18 23:53:48.002544,332,1.037,0.0011,"aoml_navis",1027.81326387281
"7901009",99,0,1,0.016821,1,-0.005607,1,150.822424247438,1,4.86465093047528,334,1,17.9190006256104,36.3969993591309,0.0168210007250309,0.0029691276140511,145.436904907227,-85.6871,26.38,129.30901876403,63,63,63,63,61,63,0,8047,1.25895569026649,26,-86,0.001869,51,2026-01-18 23:53:48.002544,334,1.037,0.0011,"aoml_navis",1027.82297670668
"7901009",99,0,1,0.014952,1,-0.007476,1,150.710723894638,1,4.86460373594193,336,1,17.9109992980957,36.3959999084473,0.0149520002305508,0.00148456380702555,145.329193115234,-85.6871,26.38,129.30901876403,63,63,63,63,61,63,0,8047,1.25895569026649,26,-86,0.001869,51,2026-01-18 23:53:48.002544,336,1.037,0.0011,"aoml_navis",1027.83294825387
"7901009",99,0,1,0.014952,1,-0.007476,1,150.493478655426,1,4.86454593704502,338,1,17.8819999694824,36.390998840332,0.0149520002305508,0.00148456380702555,145.119705200195,-85.6871,26.38,129.30901876403,63,63,63,63,61,63,0,8047,1.25895569026649,26,-86,0.001869,51,2026-01-18 23:53:48.002544,338,1.037,0.0011,"aoml_navis",1027.84516061889
"7901009",99,0,1,0.016821,1,-0.005607,1,150.204978750022,1,4.86449285635862,340,1,17.863000869751,36.3880004882812,0.0168210007250309,0.0029691276140511,144.841506958008,-85.6871,26.38,129.30901876403,63,63,63,63,61,63,0,8047,1.25895569026649,26,-86,0.001869,51,2026-01-18 23:53:48.002544,340,1.037,0.0011,"aoml_navis",1027.8563763259
"7901009",99,0,1,0.016821,1,-0.005607,1,149.945721265919,1,4.86443864579635,342,1,17.8400001525879,36.3839988708496,0.0168210007250309,0.0029691276140511,144.591506958008,-85.6871,26.38,129.30901876403,63,63,63,63,61,63,0,8047,1.25895569026649,26,-86,0.001869,51,2026-01-18 23:53:48.002544,342,1.037,0.0011,"aoml_navis",1027.86783102317
"7901009",99,0,1,0.013083,1,-0.009345,1,149.512021978549,1,4.86438563423349,344,1,17.818000793457,36.3800010681152,0.0130829997360706,0,144.173294067383,-85.6871,26.38,129.30901876403,63,63,63,63,61,63,0,8047,1.25895569026649,26,-86,0.001869,51,2026-01-18 23:53:48.002544,344,1.037,0.0011,"aoml_navis",1027.87903261866
"7901009",99,0,1,0.016821,1,-0.005607,1,149.122107204028,1,4.86432916771623,346,1,17.7870006561279,36.3740005493164,0.0168210007250309,0.0029691276140511,143.797302246094,-85.6871,26.38,129.30901876403,63,63,63,63,61,63,0,8047,1.25895569026649,26,-86,0.001869,51,2026-01-18 23:53:48.002544,346,1.037,0.0011,"aoml_navis",1027.89096453098
"7901009",99,0,1,0.013083,1,-0.009345,1,148.655446897408,1,4.86425851071062,348,1,17.7409992218018,36.367000579834,0.0130829997360706,0,143.347305297852,-85.6871,26.38,129.30901876403,63,63,63,63,61,63,0,8047,1.25895569026649,26,-86,0.001869,51,2026-01-18 23:53:48.002544,348,1.037,0.0011,"aoml_navis",1027.90589541869
"7901009",99,0,1,0.016821,1,-0.005607,1,148.494914232844,1,4.86415283871262,350,1,17.6410007476807,36.3520011901855,0.0168210007250309,0.0029691276140511,143.192504882812,-85.6871,26.38,129.30901876403,63,63,63,63,61,63,0,8047,1.25895569026649,26,-86,0.001869,51,2026-01-18 23:53:48.002544,350,1.037,0.0011,"aoml_navis",1027.92822631028
"7901009",99,0,1,0.01869,1,-0.003738,1,148.510975411211,1,4.86408377694724,352,1,17.5900001525879,36.3429985046387,0.0186899993568659,0.00445369118824601,143.207992553711,-85.6871,26.38,129.30901876403,63,63,63,63,61,63,0,8047,1.25895569026649,26,-86,0.001869,51,2026-01-18 23:53:48.002544,352,1.037,0.0011,"aoml_navis",1027.94282115306
"7901009",99,0,1,0.016821,1,-0.005607,1,148.899560984764,1,4.8640122888271,354,1,17.5429992675781,36.3359985351562,0.0168210007250309,0.0029691276140511,143.582702636719,-85.6871,26.38,129.30901876403,63,63,63,63,61,63,0,8047,1.25895569026649,26,-86,0.001869,51,2026-01-18 23:53:48.002544,354,1.037,0.0011,"aoml_navis",1027.95792919464
"7901009",99,0,1,0.020559,1,-0.001869,1,149.204027125609,1,4.86396408523116,356,1,17.5310001373291,36.3339996337891,0.020558999851346,0.00593825522810221,143.87629699707,-85.6871,26.38,129.30901876403,63,63,63,63,61,63,0,8047,1.25895569026649,26,-86,0.001869,51,2026-01-18 23:53:48.002544,356,1.037,0.0011,"aoml_navis",1027.96811661951
"7901009",99,0,1,0.014952,1,-0.007476,1,149.267179995425,1,4.86391699046954,358,1,17.5230007171631,36.3330001831055,0.0149520002305508,0.00148456380702555,143.937194824219,-85.6871,26.38,129.30901876403,63,63,63,63,61,63,0,8047,1.25895569026649,26,-86,0.001869,51,2026-01-18 23:53:48.002544,358,1.037,0.0011,"aoml_navis",1027.97806989657
"7901009",99,0,1,0.01869,1,-0.003738,1,149.205071497799,1,4.86387454217665,360,1,17.5219993591309,36.3330001831055,0.0186899993568659,0.00445369118824601,143.877304077148,-85.6871,26.38,129.30901876403,63,63,63,63,61,63,0,8047,1.25895569026649,26,-86,0.001869,51,2026-01-18 23:53:48.002544,360,1.037,0.0011,"aoml_navis",1027.98704132743
"7901009",99,0,1,0.016821,1,-0.005607,1,149.170733806118,1,4.86383217420412,362,1,17.5179996490479,36.3320007324219,0.0168210007250309,0.0029691276140511,143.844192504883,-85.6871,26.38,129.30901876403,63,63,63,63,61,63,0,8047,1.25895569026649,26,-86,0.001869,51,2026-01-18 23:53:48.002544,362,1.037,0.0011,"aoml_navis",1027.99599593877
"7901009",99,0,1,0.013083,1,-0.009345,1,149.197491887515,1,4.86377951182079,364,1,17.4930000305176,36.3269996643066,0.0130829997360706,0,143.869995117188,-85.6871,26.38,129.30901876403,63,63,63,63,61,63,0,8047,1.25895569026649,26,-86,0.001869,51,2026-01-18 23:53:48.002544,364,1.037,0.0011,"aoml_navis",1028.0071265254
"7901009",99,0,1,0.014952,1,-0.007476,1,149.88566986503,1,4.86370120447864,366,1,17.4370002746582,36.3190002441406,0.0149520002305508,0.00148456380702555,144.533599853516,-85.6871,26.38,129.30901876403,63,63,63,63,61,63,0,8047,1.25895569026649,26,-86,0.001869,51,2026-01-18 23:53:48.002544,366,1.037,0.0011,"aoml_navis",1028.0236778106
"7901009",99,0,1,0.014952,1,-0.007476,1,150.544906073843,1,4.86360783670514,368,1,17.3649997711182,36.310001373291,0.0149520002305508,0.00148456380702555,145.169296264648,-85.6871,26.38,129.30901876403,63,63,63,63,61,63,0,8047,1.25895569026649,26,-86,0.001869,51,2026-01-18 23:53:48.002544,368,1.037,0.0011,"aoml_navis",1028.04341301236
"7901009",99,0,1,0.016821,1,-0.005607,1,150.842441381068,1,4.86352406330517,370,1,17.3010005950928,36.3009986877441,0.0168210007250309,0.0029691276140511,145.456207275391,-85.6871,26.38,129.30901876403,63,63,63,63,61,63,0,8047,1.25895569026649,26,-86,0.001869,51,2026-01-18 23:53:48.002544,370,1.037,0.0011,"aoml_navis",1028.06112089062
"7901009",99,0,1,0.014952,1,-0.007476,1,150.521470994866,1,4.86346585176836,372,1,17.2679996490479,36.2949981689453,0.0149520002305508,0.00148456380702555,145.146697998047,-85.6871,26.38,129.30901876403,63,63,63,63,61,63,0,8047,1.25895569026649,26,-86,0.001869,51,2026-01-18 23:53:48.002544,372,1.037,0.0011,"aoml_navis",1028.07342590511
"7901009",99,0,1,0.013083,1,-0.009345,1,149.85932320298,1,4.86340521861407,374,1,17.2360000610352,36.2900009155273,0.0130829997360706,0,144.508193969727,-85.6871,26.38,129.30901876403,63,63,63,63,61,63,0,8047,1.25895569026649,26,-86,0.001869,51,2026-01-18 23:53:48.002544,374,1.037,0.0011,"aoml_navis",1028.08624312511
"7901009",99,0,1,0.016821,1,-0.005607,1,148.84335477239,1,4.86333914285009,376,1,17.1900005340576,36.2820014953613,0.0168210007250309,0.0029691276140511,143.528503417969,-85.6871,26.38,129.30901876403,63,63,63,63,61,63,0,8047,1.25895569026649,26,-86,0.001869,51,2026-01-18 23:53:48.002544,376,1.037,0.0011,"aoml_navis",1028.10021122027
"7901009",99,0,1,0.016821,1,-0.005607,1,147.373986397222,1,4.86327248712327,378,1,17.1310005187988,36.2700004577637,0.0168210007250309,0.0029691276140511,142.111602783203,-85.6871,26.38,129.30901876403,63,63,63,63,61,63,0,8047,1.25895569026649,26,-86,0.001869,51,2026-01-18 23:53:48.002544,378,1.037,0.0011,"aoml_navis",1028.11430230133
"7901009",99,0,1,0.01869,1,-0.003738,1,146.566765813939,1,4.86316319502657,380,1,17.003999710083,36.2480010986328,0.0186899993568659,0.00445369118824601,141.333206176758,-85.6871,26.38,129.30901876403,63,63,63,63,61,63,0,8047,1.25895569026649,26,-86,0.001869,51,2026-01-18 23:53:48.002544,380,1.037,0.0011,"aoml_navis",1028.13740758553
"7901009",99,0,1,0.016821,1,-0.005607,1,145.962786388237,1,4.86309798919854,382,1,16.9489994049072,36.2369995117188,0.0168210007250309,0.0029691276140511,140.750793457031,-85.6871,26.38,129.30901876403,63,63,63,63,61,63,0,8047,1.25895569026649,26,-86,0.001869,51,2026-01-18 23:53:48.002544,382,1.037,0.0011,"aoml_navis",1028.15119315003
"7901009",99,0,1,0.016821,1,-0.005607,1,145.711519933766,1,4.86302595606995,384,1,16.8880004882812,36.226001739502,0.0168210007250309,0.0029691276140511,140.508499145508,-85.6871,26.38,129.30901876403,63,63,63,63,61,63,0,8047,1.25895569026649,26,-86,0.001869,51,2026-01-18 23:53:48.002544,384,1.037,0.0011,"aoml_navis",1028.16642254584
"7901009",99,0,1,0.01869,1,-0.003738,1,145.518010426131,1,4.86296975063657,386,1,16.8500003814697,36.2179985046387,0.0186899993568659,0.00445369118824601,140.321899414062,-85.6871,26.38,129.30901876403,63,63,63,63,61,63,0,8047,1.25895569026649,26,-86,0.001869,51,2026-01-18 23:53:48.002544,386,1.037,0.0011,"aoml_navis",1028.17830593034
"7901009",99,0,1,0.020559,1,-0.001869,1,145.715365122281,1,4.86286625163602,388,1,16.7520008087158,36.2039985656738,0.020558999851346,0.00593825522810221,140.51220703125,-85.6871,26.38,129.30901876403,63,63,63,63,61,63,0,8047,1.25895569026649,26,-86,0.001869,51,2026-01-18 23:53:48.002544,388,1.037,0.0011,"aoml_navis",1028.20018920279
"7901009",99,0,1,0.022428,1,0,1,145.837525020796,1,4.8628106646584,390,1,16.7269992828369,36.2000007629395,0.0224280003458261,0.0074228192679584,140.630004882812,-85.6871,26.38,129.30901876403,63,63,63,63,61,63,0,8047,1.25895569026649,26,-86,0.001869,51,2026-01-18 23:53:48.002544,390,1.037,0.0011,"aoml_navis",1028.21194259909
"7901009",99,0,1,0.014952,1,-0.007476,1,145.623681903111,1,4.86275819500128,392,1,16.7110004425049,36.1980018615723,0.0149520002305508,0.00148456380702555,140.423797607422,-85.6871,26.38,129.30901876403,63,63,63,63,61,63,0,8047,1.25895569026649,26,-86,0.001869,51,2026-01-18 23:53:48.002544,392,1.037,0.0011,"aoml_navis",1028.22303711087
"7901009",99,0,1,0.01869,1,-0.003738,1,144.986219272065,1,4.86266249492334,394,1,16.6319999694824,36.1879997253418,0.0186899993568659,0.00445369118824601,139.809097290039,-85.6871,26.38,129.30901876403,63,63,63,63,61,63,0,8047,1.25895569026649,26,-86,0.001869,51,2026-01-18 23:53:48.002544,394,1.037,0.0011,"aoml_navis",1028.24327314924
"7901009",99,0,1,0.014952,1,-0.007476,1,144.404867910466,1,4.86258894747891,396,1,16.5690002441406,36.1769981384277,0.0149520002305508,0.00148456380702555,139.248504638672,-85.6871,26.38,129.30901876403,63,63,63,63,61,63,0,8047,1.25895569026649,26,-86,0.001869,51,2026-01-18 23:53:48.002544,396,1.037,0.0011,"aoml_navis",1028.25882549508
"7901009",99,0,1,0.01869,1,-0.003738,1,143.951895209056,1,4.86251399902233,398,1,16.5109996795654,36.1679992675781,0.0186899993568659,0.00445369118824601,138.811706542969,-85.6871,26.38,129.30901876403,63,63,63,63,61,63,0,8047,1.25895569026649,26,-86,0.001869,51,2026-01-18 23:53:48.002544,398,1.037,0.0011,"aoml_navis",1028.27467458301
"7901009",99,0,1,0.014952,1,-0.007476,1,143.542153186757,1,4.86245853815074,400,1,16.4699993133545,36.1590003967285,0.0149520002305508,0.00148456380702555,138.416595458984,-85.6871,26.38,129.30901876403,63,63,63,63,61,63,0,8047,1.25895569026649,26,-86,0.001869,51,2026-01-18 23:53:48.002544,400,1.037,0.0011,"aoml_navis",1028.28640301405
"7901009",99,0,1,0.01869,1,-0.003738,1,143.033907878415,1,4.86240272057559,402,1,16.4349994659424,36.1520004272461,0.0186899993568659,0.00445369118824601,137.926498413086,-85.6871,26.38,129.30901876403,63,63,63,63,61,63,0,8047,1.25895569026649,26,-86,0.001869,51,2026-01-18 23:53:48.002544,402,1.037,0.0011,"aoml_navis",1028.29820714812
"7901009",99,0,1,0.016821,1,-0.005607,1,142.628011044631,1,4.86230196789759,404,1,16.3379993438721,36.1380004882812,0.0168210007250309,0.0029691276140511,137.535095214844,-85.6871,26.38,129.30901876403,63,63,63,63,61,63,0,8047,1.25895569026649,26,-86,0.001869,51,2026-01-18 23:53:48.002544,404,1.037,0.0011,"aoml_navis",1028.3195147096
"7901009",99,0,1,0.014952,1,-0.007476,1,142.097058553081,1,4.86224678634342,406,1,16.2970008850098,36.1290016174316,0.0149520002305508,0.00148456380702555,137.023101806641,-85.6871,26.38,129.30901876403,63,63,63,63,61,63,0,8047,1.25895569026649,26,-86,0.001869,51,2026-01-18 23:53:48.002544,406,1.037,0.0011,"aoml_navis",1028.33118508988
"7901009",99,0,1,0.022428,1,0,1,141.116029119372,1,4.8621988839203,408,1,16.2719993591309,36.1230010986328,0.0224280003458261,0.0074228192679584,136.077102661133,-85.6871,26.38,129.30901876403,63,63,63,63,61,63,0,8047,1.25895569026649,26,-86,0.001869,51,2026-01-18 23:53:48.002544,408,1.037,0.0011,"aoml_navis",1028.34131621712
"7901009",99,0,1,0.016821,1,-0.005607,1,140.240560395896,1,4.86211905774225,410,1,16.193000793457,36.109001159668,0.0168210007250309,0.0029691276140511,135.232894897461,-85.6871,26.38,129.30901876403,63,63,63,63,61,63,0,8047,1.25895569026649,26,-86,0.001869,51,2026-01-18 23:53:48.002544,410,1.037,0.0011,"aoml_navis",1028.35819950525
"7901009",99,0,1,0.016821,1,-0.005607,1,139.745480506668,1,4.86204797990881,412,1,16.1280002593994,36.0970001220703,0.0168210007250309,0.0029691276140511,134.755493164062,-85.6871,26.38,129.30901876403,63,63,63,63,61,63,0,8047,1.25895569026649,26,-86,0.001869,51,2026-01-18 23:53:48.002544,412,1.037,0.0011,"aoml_navis",1028.37323297944
"7901009",99,0,1,0.016821,1,-0.005607,1,139.261920359166,1,4.86198215646798,414,1,16.0739994049072,36.0870018005371,0.0168210007250309,0.0029691276140511,134.289199829102,-85.6871,26.38,129.30901876403,63,63,63,63,61,63,0,8047,1.25895569026649,26,-86,0.001869,51,2026-01-18 23:53:48.002544,414,1.037,0.0011,"aoml_navis",1028.38715550373
"7901009",99,0,1,0.014952,1,-0.007476,1,138.998406267201,1,4.86188448634835,416,1,15.9720001220703,36.0709991455078,0.0149520002305508,0.00148456380702555,134.035095214844,-85.6871,26.38,129.30901876403,63,63,63,63,61,63,0,8047,1.25895569026649,26,-86,0.001869,51,2026-01-18 23:53:48.002544,416,1.037,0.0011,"aoml_navis",1028.40781471453
"7901009",99,0,1,0.022428,1,0,1,138.930696136923,1,4.86179949057941,418,1,15.8809995651245,36.0550003051758,0.0224280003458261,0.0074228192679584,133.969802856445,-85.6871,26.38,129.30901876403,63,63,63,63,61,63,0,8047,1.25895569026649,26,-86,0.001869,51,2026-01-18 23:53:48.002544,418,1.037,0.0011,"aoml_navis",1028.42579371864
"7901009",99,0,1,0.016821,1,-0.005607,1,138.702864761428,1,4.8617467009543,420,1,15.8479995727539,36.0480003356934,0.0168210007250309,0.0029691276140511,133.750106811523,-85.6871,26.38,129.30901876403,63,63,63,63,61,63,0,8047,1.25895569026649,26,-86,0.001869,51,2026-01-18 23:53:48.002544,420,1.037,0.0011,"aoml_navis",1028.43696053078
"7901009",99,0,1,0.016821,1,-0.005607,1,138.323203822948,1,4.86168060907736,422,1,15.8030004501343,36.0410003662109,0.0168210007250309,0.0029691276140511,133.384002685547,-85.6871,26.38,129.30901876403,63,63,63,63,61,63,0,8047,1.25895569026649,26,-86,0.001869,51,2026-01-18 23:53:48.002544,422,1.037,0.0011,"aoml_navis",1028.45094156625
"7901009",99,0,1,0.020559,1,-0.001869,1,137.843156563719,1,4.86160631240088,424,1,15.7440004348755,36.0320014953613,0.020558999851346,0.00593825522810221,132.921096801758,-85.6871,26.38,129.30901876403,63,63,63,63,61,63,0,8047,1.25895569026649,26,-86,0.001869,51,2026-01-18 23:53:48.002544,424,1.037,0.0011,"aoml_navis",1028.46665869388
"7901009",99,0,1,0.020559,1,-0.001869,1,137.019241849227,1,4.86153610094419,426,1,15.6820001602173,36.0209999084473,0.020558999851346,0.00593825522810221,132.126602172852,-85.6871,26.38,129.30901876403,63,63,63,63,61,63,0,8047,1.25895569026649,26,-86,0.001869,51,2026-01-18 23:53:48.002544,426,1.037,0.0011,"aoml_navis",1028.48151205314
"7901009",99,0,1,0.016821,1,-0.005607,1,135.81379898537,1,4.86146147012903,428,1,15.6059999465942,36.0069999694824,0.0168210007250309,0.0029691276140511,130.964202880859,-85.6871,26.38,129.30901876403,63,63,63,63,61,63,0,8047,1.25895569026649,26,-86,0.001869,51,2026-01-18 23:53:48.002544,428,1.037,0.0011,"aoml_navis",1028.49730080599
"7901009",99,0,1,0.01869,1,-0.003738,1,134.908992897665,1,4.86136573133774,430,1,15.503999710083,35.9910011291504,0.0186899993568659,0.00445369118824601,130.091705322266,-85.6871,26.38,129.30901876403,63,63,63,63,61,63,0,8047,1.25895569026649,26,-86,0.001869,51,2026-01-18 23:53:48.002544,430,1.037,0.0011,"aoml_navis",1028.51755583181
"7901009",99,0,1,0.014952,1,-0.007476,1,134.764220758868,1,4.86128406049987,432,1,15.4309997558594,35.9799995422363,0.0149520002305508,0.00148456380702555,129.952102661133,-85.6871,26.38,129.30901876403,63,63,63,63,61,63,0,8047,1.25895569026649,26,-86,0.001869,51,2026-01-18 23:53:48.002544,432,1.037,0.0011,"aoml_navis",1028.53483519452
"7901009",99,0,1,0.014952,1,-0.007476,1,134.629401803512,1,4.86122637360991,434,1,15.3929996490479,35.9729995727539,0.0149520002305508,0.00148456380702555,129.82209777832,-85.6871,26.38,129.30901876403,63,63,63,63,61,63,0,8047,1.25895569026649,26,-86,0.001869,51,2026-01-18 23:53:48.002544,434,1.037,0.0011,"aoml_navis",1028.54704054587
"7901009",99,0,1,0.020559,1,-0.001869,1,134.489709111272,1,4.8611826572725,436,1,15.3809995651245,35.9700012207031,0.020558999851346,0.00593825522810221,129.687393188477,-85.6871,26.38,129.30901876403,63,63,63,63,61,63,0,8047,1.25895569026649,26,-86,0.001869,51,2026-01-18 23:53:48.002544,436,1.037,0.0011,"aoml_navis",1028.55629021054
"7901009",99,0,1,0.01869,1,-0.003738,1,134.35583958518,1,4.86111555805849,438,1,15.331000328064,35.9620018005371,0.0186899993568659,0.00445369118824601,129.558303833008,-85.6871,26.38,129.30901876403,63,63,63,63,61,63,0,8047,1.25895569026649,26,-86,0.001869,51,2026-01-18 23:53:48.002544,438,1.037,0.0011,"aoml_navis",1028.57048763453
"7901009",99,0,1,0.022428,1,0,1,134.053335598145,1,4.86106167078855,440,1,15.3030004501343,35.9570007324219,0.0224280003458261,0.0074228192679584,129.2666015625,-85.6871,26.38,129.30901876403,63,63,63,63,61,63,0,8047,1.25895569026649,26,-86,0.001869,51,2026-01-18 23:53:48.002544,440,1.037,0.0011,"aoml_navis",1028.58188984649
"7901009",99,0,1,0.020559,1,-0.001869,1,133.969326932184,1,4.86099909081883,442,1,15.2670001983643,35.9519996643066,0.020558999851346,0.00593825522810221,129.185592651367,-85.6871,26.38,129.30901876403,63,63,63,63,61,63,0,8047,1.25895569026649,26,-86,0.001869,51,2026-01-18 23:53:48.002544,442,1.037,0.0011,"aoml_navis",1028.59513169704
"7901009",99,0,1,0.016821,1,-0.005607,1,134.085378835773,1,4.86092568527717,444,1,15.2110004425049,35.9440002441406,0.0168210007250309,0.0029691276140511,129.297500610352,-85.6871,26.38,129.30901876403,63,63,63,63,61,63,0,8047,1.25895569026649,26,-86,0.001869,51,2026-01-18 23:53:48.002544,444,1.037,0.0011,"aoml_navis",1028.61066466086
"7901009",99,0,1,0.01869,1,-0.003738,1,134.008126941401,1,4.86087735763544,446,1,15.1879997253418,35.9389991760254,0.0186899993568659,0.00445369118824601,129.223007202148,-85.6871,26.38,129.30901876403,63,63,63,63,61,63,0,8047,1.25895569026649,26,-86,0.001869,51,2026-01-18 23:53:48.002544,446,1.037,0.0011,"aoml_navis",1028.62089127717
"7901009",99,0,1,0.016821,1,-0.005607,1,133.780691161433,1,4.8608351824399,448,1,15.173999786377,35.935001373291,0.0168210007250309,0.0029691276140511,129.003692626953,-85.6871,26.38,129.30901876403,63,63,63,63,61,63,0,8047,1.25895569026649,26,-86,0.001869,51,2026-01-18 23:53:48.002544,448,1.037,0.0011,"aoml_navis",1028.62981614
"7901009",99,0,1,0.01869,1,-0.003738,1,133.456619306305,1,4.86072646398481,450.100006103516,1,15.0670003890991,35.9210014343262,0.0186899993568659,0.00445369118824601,128.691192626953,-85.6871,26.38,129.30901876403,63,63,63,63,61,63,0,8047,1.25895569026649,26,-86,0.001869,51,2026-01-18 23:53:48.002544,450.100006103516,1.037,0.0011,"aoml_navis",1028.65282320392
"7901009",99,0,1,0.01869,1,-0.003738,1,132.805579836798,1,4.86065755331189,452,1,14.996000289917,35.9080009460449,0.0186899993568659,0.00445369118824601,128.063400268555,-85.6871,26.38,129.30901876403,63,63,63,63,61,63,0,8047,1.25895569026649,26,-86,0.001869,51,2026-01-18 23:53:48.002544,452,1.037,0.0011,"aoml_navis",1028.66740665431
"7901009",99,0,1,0.016821,1,-0.005607,1,131.974607698117,1,4.86059095045051,454,1,14.9390001296997,35.8979988098145,0.0168210007250309,0.0029691276140511,127.262100219727,-85.6871,26.38,129.30901876403,63,63,63,63,61,63,0,8047,1.25895569026649,26,-86,0.001869,51,2026-01-18 23:53:48.002544,454,1.037,0.0011,"aoml_navis",1028.68150209936
"7901009",99,0,1,0.016821,1,-0.005607,1,131.084217111389,1,4.8605046499316,456,1,14.8500003814697,35.8839988708496,0.0168210007250309,0.0029691276140511,126.403503417969,-85.6871,26.38,129.30901876403,63,63,63,63,61,63,0,8047,1.25895569026649,26,-86,0.001869,51,2026-01-18 23:53:48.002544,456,1.037,0.0011,"aoml_navis",1028.6997668175
"7901009",99,0,1,0.01869,1,-0.003738,1,130.251892036009,1,4.86043108769205,458,1,14.7760000228882,35.8709983825684,0.0186899993568659,0.00445369118824601,125.600898742676,-85.6871,26.38,129.30901876403,63,63,63,63,61,63,0,8047,1.25895569026649,26,-86,0.001869,51,2026-01-18 23:53:48.002544,458,1.037,0.0011,"aoml_navis",1028.71533610699
"7901009",99,0,1,0.01869,1,-0.003738,1,129.408474462071,1,4.86037031900182,460,1,14.7239999771118,35.8610000610352,0.0186899993568659,0.00445369118824601,124.78759765625,-85.6871,26.38,129.30901876403,63,63,63,63,61,63,0,8047,1.25895569026649,26,-86,0.001869,51,2026-01-18 23:53:48.002544,460,1.037,0.0011,"aoml_navis",1028.72819802481
"7901009",99,0,1,0.022428,1,0,1,128.501801163482,1,4.86029394685089,462,1,14.6470003128052,35.8479995727539,0.0224280003458261,0.0074228192679584,123.913299560547,-85.6871,26.38,129.30901876403,63,63,63,63,61,63,0,8047,1.25895569026649,26,-86,0.001869,51,2026-01-18 23:53:48.002544,462,1.037,0.0011,"aoml_navis",1028.74436292884
"7901009",99,0,1,0.014952,1,-0.007476,1,127.833023190576,1,4.86023574678336,464,1,14.6040000915527,35.8400001525879,0.0149520002305508,0.00148456380702555,123.268402099609,-85.6871,26.38,129.30901876403,63,63,63,63,61,63,0,8047,1.25895569026649,26,-86,0.001869,51,2026-01-18 23:53:48.002544,464,1.037,0.0011,"aoml_navis",1028.75668187683
"7901009",99,0,1,0.016821,1,-0.005607,1,127.244717259625,1,4.86014598423866,466,1,14.5139999389648,35.8269996643066,0.0168210007250309,0.0029691276140511,122.701103210449,-85.6871,26.38,129.30901876403,63,63,63,63,61,63,0,8047,1.25895569026649,26,-86,0.001869,51,2026-01-18 23:53:48.002544,466,1.037,0.0011,"aoml_navis",1028.77568209162
"7901009",99,0,1,0.01869,1,-0.003738,1,126.998830904311,1,4.86005211024448,468,1,14.4060001373291,35.810001373291,0.0186899993568659,0.00445369118824601,122.463996887207,-85.6871,26.38,129.30901876403,63,63,63,63,61,63,0,8047,1.25895569026649,26,-86,0.001869,51,2026-01-18 23:53:48.002544,468,1.037,0.0011,"aoml_navis",1028.79555333584
"7901009",99,0,1,0.020559,1,-0.001869,1,126.783128487652,1,4.8599837239097,470,1,14.3459997177124,35.7999992370605,0.020558999851346,0.00593825522810221,122.255996704102,-85.6871,26.38,129.30901876403,63,63,63,63,61,63,0,8047,1.25895569026649,26,-86,0.001869,51,2026-01-18 23:53:48.002544,470,1.037,0.0011,"aoml_navis",1028.81002983641
"7901009",99,0,1,0.01869,1,-0.003738,1,126.579357232066,1,4.85992556185097,472,1,14.3059997558594,35.7929992675781,0.0186899993568659,0.00445369118824601,122.059501647949,-85.6871,26.38,129.30901876403,63,63,63,63,61,63,0,8047,1.25895569026649,26,-86,0.001869,51,2026-01-18 23:53:48.002544,472,1.037,0.0011,"aoml_navis",1028.82234231087
"7901009",99,0,1,0.022428,1,0,1,126.451176369641,1,4.85985056506973,474,1,14.2360000610352,35.7820014953613,0.0224280003458261,0.0074228192679584,121.935897827148,-85.6871,26.38,129.30901876403,63,63,63,63,61,63,0,8047,1.25895569026649,26,-86,0.001869,51,2026-01-18 23:53:48.002544,474,1.037,0.0011,"aoml_navis",1028.83821900566
"7901009",99,0,1,0.01869,1,-0.003738,1,126.258291902938,1,4.85980204294505,476,1,14.2119998931885,35.7770004272461,0.0186899993568659,0.00445369118824601,121.749900817871,-85.6871,26.38,129.30901876403,63,63,63,63,61,63,0,8047,1.25895569026649,26,-86,0.001869,51,2026-01-18 23:53:48.002544,476,1.037,0.0011,"aoml_navis",1028.84849132044
"7901009",99,0,1,0.022428,1,0,1,126.11590916112,1,4.85973991404304,478,1,14.1680002212524,35.7700004577637,0.0224280003458261,0.0074228192679584,121.612602233887,-85.6871,26.38,129.30901876403,63,63,63,63,61,63,0,8047,1.25895569026649,26,-86,0.001869,51,2026-01-18 23:53:48.002544,478,1.037,0.0011,"aoml_navis",1028.86164454021
"7901009",99,0,1,0.028035,1,0.005607,1,126.131258267539,1,4.85967107189866,480,1,14.1140003204346,35.7620010375977,0.0280349999666214,0.0118765104562044,121.627403259277,-85.6871,26.38,129.30901876403,63,63,63,63,61,63,0,8047,1.25895569026649,26,-86,0.001869,51,2026-01-18 23:53:48.002544,480,1.037,0.0011,"aoml_navis",1028.87621940357
"7901009",99,0,1,0.016821,1,-0.005607,1,126.089776120654,1,4.85962576672387,482,1,14.0860004425049,35.7550010681152,0.0168210007250309,0.0029691276140511,121.58740234375,-85.6871,26.38,129.30901876403,63,63,63,63,61,63,0,8047,1.25895569026649,26,-86,0.001869,51,2026-01-18 23:53:48.002544,482,1.037,0.0011,"aoml_navis",1028.88581138024
"7901009",99,0,1,0.01869,1,-0.003738,1,126.307132126612,1,4.85955607610863,484,1,14.0240001678467,35.7449989318848,0.0186899993568659,0.00445369118824601,121.796997070312,-85.6871,26.38,129.30901876403,63,63,63,63,61,63,0,8047,1.25895569026649,26,-86,0.001869,51,2026-01-18 23:53:48.002544,484,1.037,0.0011,"aoml_navis",1028.9005665727
"7901009",99,0,1,0.024297,1,0.001869,1,126.530097677134,1,4.85949587315473,486,1,13.96399974823,35.7330017089844,0.0242970008403063,0.00890738237649202,122.012001037598,-85.6871,26.38,129.30901876403,63,63,63,63,61,63,0,8047,1.25895569026649,26,-86,0.001869,51,2026-01-18 23:53:48.002544,486,1.037,0.0011,"aoml_navis",1028.91331333801
"7901009",99,0,1,0.020559,1,-0.001869,1,126.516718636435,1,4.8594481312463,488,1,13.9370002746582,35.7270011901855,0.020558999851346,0.00593825522810221,121.999099731445,-85.6871,26.38,129.30901876403,63,63,63,63,61,63,0,8047,1.25895569026649,26,-86,0.001869,51,2026-01-18 23:53:48.002544,488,1.037,0.0011,"aoml_navis",1028.92342195196
"7901009",99,0,1,0.020559,1,-0.001869,1,126.626227390019,1,4.85935264932983,490,1,13.8319997787476,35.7120018005371,0.020558999851346,0.00593825522810221,122.104698181152,-85.6871,26.38,129.30901876403,63,63,63,63,61,63,0,8047,1.25895569026649,26,-86,0.001869,51,2026-01-18 23:53:48.002544,490,1.037,0.0011,"aoml_navis",1028.94363937336
"7901009",99,0,1,0.020559,1,-0.001869,1,126.40388688043,1,4.85927902257959,492,1,13.7620000839233,35.701000213623,0.020558999851346,0.00593825522810221,121.890296936035,-85.6871,26.38,129.30901876403,63,63,63,63,61,63,0,8047,1.25895569026649,26,-86,0.001869,51,2026-01-18 23:53:48.002544,492,1.037,0.0011,"aoml_navis",1028.95922970599
"7901009",99,0,1,0.024297,1,0.001869,1,126.005150325672,1,4.85922533563396,494,1,13.7290000915527,35.6949996948242,0.0242970008403063,0.00890738237649202,121.505798339844,-85.6871,26.38,129.30901876403,63,63,63,63,61,63,0,8047,1.25895569026649,26,-86,0.001869,51,2026-01-18 23:53:48.002544,494,1.037,0.0011,"aoml_navis",1028.97059811853
"7901009",99,0,1,0.022428,1,0,1,125.240654059227,1,4.85918343113776,496,1,13.7110004425049,35.689998626709,0.0224280003458261,0.0074228192679584,120.768600463867,-85.6871,26.38,129.30901876403,63,63,63,63,61,63,0,8047,1.25895569026649,26,-86,0.001869,51,2026-01-18 23:53:48.002544,496,1.037,0.0011,"aoml_navis",1028.97947172767
"7901009",99,0,1,0.024297,1,0.001869,1,124.437057130965,1,4.85909149078045,498,1,13.6370000839233,35.6829986572266,0.0242970008403063,0.00890738237649202,119.993698120117,-85.6871,26.38,129.30901876403,63,63,63,63,61,63,0,8047,1.25895569026649,26,-86,0.001869,51,2026-01-18 23:53:48.002544,498,1.037,0.0011,"aoml_navis",1028.9989413632
"7901009",99,0,1,0.022428,1,0,1,123.337499365673,1,4.85903533305135,500,1,13.6049995422363,35.6780014038086,0.0224280003458261,0.0074228192679584,118.933403015137,-85.6871,26.38,129.30901876403,63,63,63,63,61,63,0,8047,1.25895569026649,26,-86,0.001869,51,2026-01-18 23:53:48.002544,500,1.037,0.0011,"aoml_navis",1029.01083389738
"7901009",99,0,1,0.022428,1,0,1,121.935429701435,1,4.85898317363625,502,1,13.5839996337891,35.6749992370605,0.0224280003458261,0.0074228192679584,117.581398010254,-85.6871,26.38,129.30901876403,63,63,63,63,61,63,0,8047,1.25895569026649,26,-86,0.001869,51,2026-01-18 23:53:48.002544,502,1.037,0.0011,"aoml_navis",1029.02187995399
"7901009",99,0,1,0.020559,1,-0.001869,1,120.805901619071,1,4.85891776658341,504,1,13.5500001907349,35.6720008850098,0.020558999851346,0.00593825522810221,116.492202758789,-85.6871,26.38,129.30901876403,63,63,63,63,61,63,0,8047,1.25895569026649,26,-86,0.001869,51,2026-01-18 23:53:48.002544,504,1.037,0.0011,"aoml_navis",1029.03573186335
"7901009",99,0,1,0.01869,1,-0.003738,1,119.696588468101,1,4.85886317895743,506,1,13.5229997634888,35.6679992675781,0.0186899993568659,0.00445369118824601,115.422500610352,-85.6871,26.38,129.30901876403,63,63,63,63,61,63,0,8047,1.25895569026649,26,-86,0.001869,51,2026-01-18 23:53:48.002544,506,1.037,0.0011,"aoml_navis",1029.04729271938
"7901009",99,0,1,0.024297,1,0.001869,1,118.572551251642,1,4.85879599325963,508,1,13.4799995422363,35.6629981994629,0.0242970008403063,0.00890738237649202,114.338600158691,-85.6871,26.38,129.30901876403,63,63,63,63,61,63,0,8047,1.25895569026649,26,-86,0.001869,51,2026-01-18 23:53:48.002544,508,1.037,0.0011,"aoml_navis",1029.06152201826
"7901009",99,0,1,0.01869,1,-0.003738,1,118.429749178566,1,4.85872905908652,510,1,13.4300003051758,35.6559982299805,0.0186899993568659,0.00445369118824601,114.200897216797,-85.6871,26.38,129.30901876403,63,63,63,63,61,63,0,8047,1.25895569026649,26,-86,0.001869,51,2026-01-18 23:53:48.002544,510,1.037,0.0011,"aoml_navis",1029.0756984379
"7901009",99,0,1,0.028035,1,0.005607,1,118.35228366261,1,4.85866910481358,512,1,13.3940000534058,35.6510009765625,0.0280349999666214,0.0118765104562044,114.126197814941,-85.6871,26.38,129.30901876403,63,63,63,63,61,63,0,8047,1.25895569026649,26,-86,0.001869,51,2026-01-18 23:53:48.002544,512,1.037,0.0011,"aoml_navis",1029.08839687115
"7901009",99,0,1,0.01869,1,-0.003738,1,118.12963458851,1,4.85862034057078,514,1,13.3690004348755,35.6459999084473,0.0186899993568659,0.00445369118824601,113.911499023438,-85.6871,26.38,129.30901876403,63,63,63,63,61,63,0,8047,1.25895569026649,26,-86,0.001869,51,2026-01-18 23:53:48.002544,514,1.037,0.0011,"aoml_navis",1029.09872546506
"7901009",99,0,1,0.022428,1,0,1,117.835121631105,1,4.85856048454768,516,1,13.3330001831055,35.640998840332,0.0224280003458261,0.0074228192679584,113.627502441406,-85.6871,26.38,129.30901876403,63,63,63,63,61,63,0,8047,1.25895569026649,26,-86,0.001869,51,2026-01-18 23:53:48.002544,516,1.037,0.0011,"aoml_navis",1029.11140365591
"7901009",99,0,1,0.020559,1,-0.001869,1,117.477550746812,1,4.85848964177169,518,1,13.2679996490479,35.6310005187988,0.020558999851346,0.00593825522810221,113.282699584961,-85.6871,26.38,129.30901876403,63,63,63,63,61,63,0,8047,1.25895569026649,26,-86,0.001869,51,2026-01-18 23:53:48.002544,518,1.037,0.0011,"aoml_navis",1029.12640937044
"7901009",99,0,1,0.026166,1,0.003738,1,117.244426303176,1,4.85843836539713,520,1,13.2440004348755,35.6269989013672,0.0261659994721413,0.0103919459506869,113.057899475098,-85.6871,26.38,129.30901876403,63,63,63,63,61,63,0,8047,1.25895569026649,26,-86,0.001869,51,2026-01-18 23:53:48.002544,520,1.037,0.0011,"aoml_navis",1029.1372708587
"7901009",99,0,1,0.024297,1,0.001869,1,116.946693198188,1,4.85838671267069,522,1,13.2159996032715,35.6220016479492,0.0242970008403063,0.00890738237649202,112.770797729492,-85.6871,26.38,129.30901876403,63,63,63,63,61,63,0,8047,1.25895569026649,26,-86,0.001869,51,2026-01-18 23:53:48.002544,522,1.037,0.0011,"aoml_navis",1029.14821229854
"7901009",99,0,1,0.024297,1,0.001869,1,116.746442742786,1,4.85832770053293,524,1,13.1770000457764,35.6160011291504,0.0242970008403063,0.00890738237649202,112.577697753906,-85.6871,26.38,129.30901876403,63,63,63,63,61,63,0,8047,1.25895569026649,26,-86,0.001869,51,2026-01-18 23:53:48.002544,524,1.037,0.0011,"aoml_navis",1029.16071294481
"7901009",99,0,1,0.024297,1,0.001869,1,116.523279394501,1,4.85827713650364,526,1,13.1499996185303,35.6110000610352,0.0242970008403063,0.00890738237649202,112.362503051758,-85.6871,26.38,129.30901876403,63,63,63,63,61,63,0,8047,1.25895569026649,26,-86,0.001869,51,2026-01-18 23:53:48.002544,526,1.037,0.0011,"aoml_navis",1029.1714242548
"7901009",99,0,1,0.026166,1,0.003738,1,116.7003004806,1,4.85820200237237,528,1,13.0620002746582,35.5960006713867,0.0261659994721413,0.0103919459506869,112.533203125,-85.6871,26.38,129.30901876403,63,63,63,63,61,63,0,8047,1.25895569026649,26,-86,0.001869,51,2026-01-18 23:53:48.002544,528,1.037,0.0011,"aoml_navis",1029.18734082247
"7901009",99,0,1,0.022428,1,0,1,117.658820528864,1,4.85807691526197,530,1,12.8830003738403,35.5699996948242,0.0224280003458261,0.0074228192679584,113.457496643066,-85.6871,26.38,129.30901876403,63,63,63,63,61,63,0,8047,1.25895569026649,26,-86,0.001869,51,2026-01-18 23:53:48.002544,530,1.037,0.0011,"aoml_navis",1029.21384062327
"7901009",99,0,1,0.020559,1,-0.001869,1,118.210209485302,1,4.85800736313451,532,1,12.8070001602173,35.556999206543,0.020558999851346,0.00593825522810221,113.989196777344,-85.6871,26.38,129.30901876403,63,63,63,63,61,63,0,8047,1.25895569026649,26,-86,0.001869,51,2026-01-18 23:53:48.002544,532,1.037,0.0011,"aoml_navis",1029.22857588546
"7901009",99,0,1,0.022428,1,0,1,118.081933679951,1,4.8579565883149,534,1,12.7720003128052,35.5499992370605,0.0224280003458261,0.0074228192679584,113.865501403809,-85.6871,26.38,129.30901876403,63,63,63,63,61,63,0,8047,1.25895569026649,26,-86,0.001869,51,2026-01-18 23:53:48.002544,534,1.037,0.0011,"aoml_navis",1029.23933326756
"7901009",99,0,1,0.022428,1,0,1,117.849537132083,1,4.85787236426192,536,1,12.6770000457764,35.5359992980957,0.0224280003458261,0.0074228192679584,113.641403198242,-85.6871,26.38,129.30901876403,63,63,63,63,61,63,0,8047,1.25895569026649,26,-86,0.001869,51,2026-01-18 23:53:48.002544,536,1.037,0.0011,"aoml_navis",1029.25717785088
"7901009",99,0,1,0.022428,1,0,1,117.135542590523,1,4.85782177399142,538,1,12.6420001983643,35.5289993286133,0.0224280003458261,0.0074228192679584,112.952903747559,-85.6871,26.38,129.30901876403,63,63,63,63,61,63,0,8047,1.25895569026649,26,-86,0.001869,51,2026-01-18 23:53:48.002544,538,1.037,0.0011,"aoml_navis",1029.2678967289
"7901009",99,0,1,0.026166,1,0.003738,1,116.289427055097,1,4.85774498208214,540,1,12.5690002441406,35.5190010070801,0.0261659994721413,0.0103919459506869,112.137001037598,-85.6871,26.38,129.30901876403,63,63,63,63,61,63,0,8047,1.25895569026649,26,-86,0.001869,51,2026-01-18 23:53:48.002544,540,1.037,0.0011,"aoml_navis",1029.28416753917
"7901009",99,0,1,0.024297,1,0.001869,1,115.965766619316,1,4.85766550542208,542,1,12.4930000305176,35.5089988708496,0.0242970008403063,0.00890738237649202,111.824897766113,-85.6871,26.38,129.30901876403,63,63,63,63,61,63,0,8047,1.25895569026649,26,-86,0.001869,51,2026-01-18 23:53:48.002544,542,1.037,0.0011,"aoml_navis",1029.30100774107
"7901009",99,0,1,0.024297,1,0.001869,1,115.612863762233,1,4.85760787315143,544,1,12.4580001831055,35.5040016174316,0.0242970008403063,0.00890738237649202,111.484596252441,-85.6871,26.38,129.30901876403,63,63,63,63,61,63,0,8047,1.25895569026649,26,-86,0.001869,51,2026-01-18 23:53:48.002544,544,1.037,0.0011,"aoml_navis",1029.31321970956
"7901009",99,0,1,0.022428,1,0,1,115.222118237106,1,4.85755079291741,546,1,12.4160003662109,35.4970016479492,0.0224280003458261,0.0074228192679584,111.107803344727,-85.6871,26.38,129.30901876403,63,63,63,63,61,63,0,8047,1.25895569026649,26,-86,0.001869,51,2026-01-18 23:53:48.002544,546,1.037,0.0011,"aoml_navis",1029.32531499007
"7901009",99,0,1,0.020559,1,-0.001869,1,114.707440545507,1,4.85750539348104,548,1,12.4010000228882,35.4939994812012,0.020558999851346,0.00593825522810221,110.611503601074,-85.6871,26.38,129.30901876403,63,63,63,63,61,63,0,8047,1.25895569026649,26,-86,0.001869,51,2026-01-18 23:53:48.002544,548,1.037,0.0011,"aoml_navis",1029.33493531684
"7901009",99,0,1,0.020559,1,-0.001869,1,114.125456231066,1,4.85744356320778,550,1,12.3540000915527,35.4869995117188,0.020558999851346,0.00593825522810221,110.050300598145,-85.6871,26.38,129.30901876403,63,63,63,63,61,63,0,8047,1.25895569026649,26,-86,0.001869,51,2026-01-18 23:53:48.002544,550,1.037,0.0011,"aoml_navis",1029.34803769456
"7901009",99,0,1,0.020559,1,-0.001869,1,113.676526515934,1,4.85738256802886,552,1,12.3039999008179,35.4790000915527,0.020558999851346,0.00593825522810221,109.617401123047,-85.6871,26.38,129.30901876403,63,63,63,63,61,63,0,8047,1.25895569026649,26,-86,0.001869,51,2026-01-18 23:53:48.002544,552,1.037,0.0011,"aoml_navis",1029.3609634353
"7901009",99,0,1,0.024297,1,0.001869,1,113.36831804141,1,4.85729120125277,554,1,12.2110004425049,35.4679985046387,0.0242970008403063,0.00890738237649202,109.320198059082,-85.6871,26.38,129.30901876403,63,63,63,63,61,63,0,8047,1.25895569026649,26,-86,0.001869,51,2026-01-18 23:53:48.002544,554,1.037,0.0011,"aoml_navis",1029.38032595419
"7901009",99,0,1,0.024297,1,0.001869,1,113.36469438639,1,4.85721879126128,556,1,12.1450004577637,35.4589996337891,0.0242970008403063,0.00890738237649202,109.316703796387,-85.6871,26.38,129.30901876403,63,63,63,63,61,63,0,8047,1.25895569026649,26,-86,0.001869,51,2026-01-18 23:53:48.002544,556,1.037,0.0011,"aoml_navis",1029.39567165383
"7901009",99,0,1,0.022428,1,0,1,113.148161219125,1,4.85717947080122,558,1,12.1400003433228,35.4570007324219,0.0224280003458261,0.0074228192679584,109.107902526855,-85.6871,26.38,129.30901876403,63,63,63,63,61,63,0,8047,1.25895569026649,26,-86,0.001869,51,2026-01-18 23:53:48.002544,558,1.037,0.0011,"aoml_navis",1029.40400494924
"7901009",99,0,1,0.024297,1,0.001869,1,112.835079007718,1,4.85711264409193,560,1,12.0719995498657,35.4459991455078,0.0242970008403063,0.00890738237649202,108.805999755859,-85.6871,26.38,129.30901876403,63,63,63,63,61,63,0,8047,1.25895569026649,26,-86,0.001869,51,2026-01-18 23:53:48.002544,560,1.037,0.0011,"aoml_navis",1029.41816803073
"7901009",99,0,1,0.026166,1,0.003738,1,112.371733791608,1,4.85704663541281,562,1,11.9969997406006,35.4329986572266,0.0261659994721413,0.0103919459506869,108.359199523926,-85.6871,26.38,129.30901876403,63,63,63,63,61,63,0,8047,1.25895569026649,26,-86,0.001869,51,2026-01-18 23:53:48.002544,562,1.037,0.0011,"aoml_navis",1029.4321581236
"7901009",99,0,1,0.024297,1,0.001869,1,111.833929585542,1,4.85695239046745,564,1,11.8920001983643,35.4199981689453,0.0242970008403063,0.00890738237649202,107.840599060059,-85.6871,26.38,129.30901876403,63,63,63,63,61,63,0,8047,1.25895569026649,26,-86,0.001869,51,2026-01-18 23:53:48.002544,564,1.037,0.0011,"aoml_navis",1029.4521333611
"7901009",99,0,1,0.029904,1,0.007476,1,111.551964918232,1,4.85687398382442,566,1,11.8109998703003,35.4090003967285,0.0299040004611015,0.0133610740303993,107.568702697754,-85.6871,26.38,129.30901876403,63,63,63,63,61,63,0,8047,1.25895569026649,26,-86,0.001869,51,2026-01-18 23:53:48.002544,566,1.037,0.0011,"aoml_navis",1029.46875225757
"7901009",99,0,1,0.026166,1,0.003738,1,111.561190205905,1,4.85679609603005,568,1,11.7379999160767,35.4000015258789,0.0261659994721413,0.0103919459506869,107.577598571777,-85.6871,26.38,129.30901876403,63,63,63,63,61,63,0,8047,1.25895569026649,26,-86,0.001869,51,2026-01-18 23:53:48.002544,568,1.037,0.0011,"aoml_navis",1029.48526171132
"7901009",99,0,1,0.026166,1,0.003738,1,111.675161277026,1,4.85673253550527,570,1,11.6800003051758,35.390998840332,0.0261659994721413,0.0103919459506869,107.6875,-85.6871,26.38,129.30901876403,63,63,63,63,61,63,0,8047,1.25895569026649,26,-86,0.001869,51,2026-01-18 23:53:48.002544,570,1.037,0.0011,"aoml_navis",1029.49873468373
"7901009",99,0,1,0.029904,1,0.007476,1,111.795042545309,1,4.8566779270695,572,1,11.6470003128052,35.3860015869141,0.0299040004611015,0.0133610740303993,107.803100585938,-85.6871,26.38,129.30901876403,63,63,63,63,61,63,0,8047,1.25895569026649,26,-86,0.001869,51,2026-01-18 23:53:48.002544,572,1.037,0.0011,"aoml_navis",1029.51031035673
"7901009",99,0,1,0.026166,1,0.003738,1,111.851145902846,1,4.85663398228911,574,1,11.6370000839233,35.3839988708496,0.0261659994721413,0.0103919459506869,107.857200622559,-85.6871,26.38,129.30901876403,63,63,63,63,61,63,0,8047,1.25895569026649,26,-86,0.001869,51,2026-01-18 23:53:48.002544,574,1.037,0.0011,"aoml_navis",1029.51962578068
"7901009",99,0,1,0.022428,1,0,1,112.062077437458,1,4.85658504601152,576,1,11.6099996566772,35.3790016174316,0.0224280003458261,0.0074228192679584,108.060600280762,-85.6871,26.38,129.30901876403,63,63,63,63,61,63,0,8047,1.25895569026649,26,-86,0.001869,51,2026-01-18 23:53:48.002544,576,1.037,0.0011,"aoml_navis",1029.52999950166
"7901009",99,0,1,0.026166,1,0.003738,1,112.358560460583,1,4.85653512493163,578,1,11.5780000686646,35.3730010986328,0.0261659994721413,0.0103919459506869,108.346496582031,-85.6871,26.38,129.30901876403,63,63,63,63,61,63,0,8047,1.25895569026649,26,-86,0.001869,51,2026-01-18 23:53:48.002544,578,1.037,0.0011,"aoml_navis",1029.54058220065
"7901009",99,0,1,0.024297,1,0.001869,1,112.59500790664,1,4.85649280459968,580,1,11.5579996109009,35.3680000305176,0.0242970008403063,0.00890738237649202,108.574501037598,-85.6871,26.38,129.30901876403,63,63,63,63,61,63,0,8047,1.25895569026649,26,-86,0.001869,51,2026-01-18 23:53:48.002544,580,1.037,0.0011,"aoml_navis",1029.54955379825
"7901009",99,0,1,0.026166,1,0.003738,1,112.713852714645,1,4.85642205879558,582,1,11.4840002059937,35.3569984436035,0.0261659994721413,0.0103919459506869,108.689102172852,-85.6871,26.38,129.30901876403,63,63,63,63,61,63,0,8047,1.25895569026649,26,-86,0.001869,51,2026-01-18 23:53:48.002544,582,1.037,0.0011,"aoml_navis",1029.56455173503
"7901009",99,0,1,0.028035,1,0.005607,1,112.47232582203,1,4.85636014727152,584,1,11.4350004196167,35.3499984741211,0.0280349999666214,0.0118765104562044,108.456199645996,-85.6871,26.38,129.30901876403,63,63,63,63,61,63,0,8047,1.25895569026649,26,-86,0.001869,51,2026-01-18 23:53:48.002544,584,1.037,0.0011,"aoml_navis",1029.57767718467
"7901009",99,0,1,0.026166,1,0.003738,1,112.819215627114,1,4.85632362378297,586,1,11.4289999008179,35.3470001220703,0.0261659994721413,0.0103919459506869,108.790702819824,-85.6871,26.38,129.30901876403,63,63,63,63,61,63,0,8047,1.25895569026649,26,-86,0.001869,51,2026-01-18 23:53:48.002544,586,1.037,0.0011,"aoml_navis",1029.58542044303
"7901009",99,0,1,0.028035,1,0.005607,1,113.824091559147,1,4.85625132470954,588,1,11.3450002670288,35.3339996337891,0.0280349999666214,0.0118765104562044,109.759696960449,-85.6871,26.38,129.30901876403,63,63,63,63,61,63,0,8047,1.25895569026649,26,-86,0.001869,51,2026-01-18 23:53:48.002544,588,1.037,0.0011,"aoml_navis",1029.60074874194
"7901009",99,0,1,0.026166,1,0.003738,1,114.799210795693,1,4.85617915463425,590,1,11.2370004653931,35.314998626709,0.0261659994721413,0.0103919459506869,110.699996948242,-85.6871,26.38,129.30901876403,63,63,63,63,61,63,0,8047,1.25895569026649,26,-86,0.001869,51,2026-01-18 23:53:48.002544,590,1.037,0.0011,"aoml_navis",1029.61605014685
"7901009",99,0,1,0.022428,1,0,1,114.452740321867,1,4.85611030264121,592,1,11.1520004272461,35.3009986877441,0.0224280003458261,0.0074228192679584,110.365898132324,-85.6871,26.38,129.30901876403,63,63,63,63,61,63,0,8047,1.25895569026649,26,-86,0.001869,51,2026-01-18 23:53:48.002544,592,1.037,0.0011,"aoml_navis",1029.63064848023
"7901009",99,0,1,0.022428,1,0,1,114.156154443905,1,4.85603810125555,594,1,11.0790004730225,35.2910003662109,0.0224280003458261,0.0074228192679584,110.079902648926,-85.6871,26.38,129.30901876403,63,63,63,63,61,63,0,8047,1.25895569026649,26,-86,0.001869,51,2026-01-18 23:53:48.002544,594,1.037,0.0011,"aoml_navis",1029.64595741274
"7901009",99,0,1,0.022428,1,0,1,113.855929087102,1,4.85597884353639,596,1,11.03600025177,35.2849998474121,0.0224280003458261,0.0074228192679584,109.790397644043,-85.6871,26.38,129.30901876403,63,63,63,63,61,63,0,8047,1.25895569026649,26,-86,0.001869,51,2026-01-18 23:53:48.002544,596,1.037,0.0011,"aoml_navis",1029.65852222674
"7901009",99,0,1,0.026166,1,0.003738,1,113.647386949469,1,4.85591599372429,598,1,10.9969997406006,35.2809982299805,0.0261659994721413,0.0103919459506869,109.589302062988,-85.6871,26.38,129.30901876403,63,63,63,63,61,63,0,8047,1.25895569026649,26,-86,0.001869,51,2026-01-18 23:53:48.002544,598,1.037,0.0011,"aoml_navis",1029.67184903156
"7901009",99,0,1,0.022428,1,0,1,113.552080075277,1,4.85586409460569,600,1,10.9700002670288,35.2770004272461,0.0224280003458261,0.0074228192679584,109.497398376465,-85.6871,26.38,129.30901876403,63,63,63,63,61,63,0,8047,1.25895569026649,26,-86,0.001869,51,2026-01-18 23:53:48.002544,600,1.037,0.0011,"aoml_navis",1029.68285408861
"7901009",99,0,1,0.028035,1,0.005607,1,113.34934527997,1,4.8558140748802,602,1,10.9409999847412,35.2719993591309,0.0280349999666214,0.0118765104562044,109.301902770996,-85.6871,26.38,129.30901876403,63,63,63,63,61,63,0,8047,1.25895569026649,26,-86,0.001869,51,2026-01-18 23:53:48.002544,602,1.037,0.0011,"aoml_navis",1029.69346084845
"7901009",99,0,1,0.026166,1,0.003738,1,113.139758770147,1,4.85575865048335,604,1,10.9060001373291,35.2669982910156,0.0261659994721413,0.0103919459506869,109.099800109863,-85.6871,26.38,129.30901876403,63,63,63,63,61,63,0,8047,1.25895569026649,26,-86,0.001869,51,2026-01-18 23:53:48.002544,604,1.037,0.0011,"aoml_navis",1029.70521393239
"7901009",99,0,1,0.028035,1,0.005607,1,113.001316159771,1,4.85569606186202,606,1,10.8590002059937,35.2610015869141,0.0280349999666214,0.0118765104562044,108.966300964355,-85.6871,26.38,129.30901876403,63,63,63,63,61,63,0,8047,1.25895569026649,26,-86,0.001869,51,2026-01-18 23:53:48.002544,606,1.037,0.0011,"aoml_navis",1029.71848655672
"7901009",99,0,1,0.026166,1,0.003738,1,112.95734176107,1,4.85563357848769,608,1,10.8120002746582,35.2550010681152,0.0261659994721413,0.0103919459506869,108.923896789551,-85.6871,26.38,129.30901876403,63,63,63,63,61,63,0,8047,1.25895569026649,26,-86,0.001869,51,2026-01-18 23:53:48.002544,608,1.037,0.0011,"aoml_navis",1029.73173720355
"7901009",99,0,1,0.024297,1,0.001869,1,112.861520612694,1,4.85558814721525,610,1,10.7959995269775,35.2519989013672,0.0242970008403063,0.00890738237649202,108.831497192383,-85.6871,26.38,129.30901876403,63,63,63,63,61,63,0,8047,1.25895569026649,26,-86,0.001869,51,2026-01-18 23:53:48.002544,610,1.037,0.0011,"aoml_navis",1029.74137188047
"7901009",99,0,1,0.024297,1,0.001869,1,112.696636397341,1,4.85553748063513,612,1,10.7620000839233,35.2459983825684,0.0242970008403063,0.00890738237649202,108.672500610352,-85.6871,26.38,129.30901876403,63,63,63,63,61,63,0,8047,1.25895569026649,26,-86,0.001869,51,2026-01-18 23:53:48.002544,612,1.037,0.0011,"aoml_navis",1029.75211702948
"7901009",99,0,1,0.028035,1,0.005607,1,112.433644491471,1,4.85548608338272,614,1,10.7189998626709,35.2379989624023,0.0280349999666214,0.0118765104562044,108.418899536133,-85.6871,26.38,129.30901876403,63,63,63,63,61,63,0,8047,1.25895569026649,26,-86,0.001869,51,2026-01-18 23:53:48.002544,614,1.037,0.0011,"aoml_navis",1029.76301736542
"7901009",99,0,1,0.022428,1,0,1,112.305052209699,1,4.85537988096807,616,1,10.5860004425049,35.2229995727539,0.0224280003458261,0.0074228192679584,108.294898986816,-85.6871,26.38,129.30901876403,63,63,63,63,61,63,0,8047,1.25895569026649,26,-86,0.001869,51,2026-01-18 23:53:48.002544,616,1.037,0.0011,"aoml_navis",1029.78554151835
"7901009",99,0,1,0.026166,1,0.003738,1,111.785603636052,1,4.85531714056772,618,1,10.5340003967285,35.2159996032715,0.0261659994721413,0.0103919459506869,107.793998718262,-85.6871,26.38,129.30901876403,63,63,63,63,61,63,0,8047,1.25895569026649,26,-86,0.001869,51,2026-01-18 23:53:48.002544,618,1.037,0.0011,"aoml_navis",1029.79884840547
"7901009",99,0,1,0.028035,1,0.005607,1,111.609310445721,1,4.85526435153613,620,1,10.5260000228882,35.2169990539551,0.0280349999666214,0.0118765104562044,107.624000549316,-85.6871,26.38,129.30901876403,63,63,63,63,61,63,0,8047,1.25895569026649,26,-86,0.001869,51,2026-01-18 23:53:48.002544,620,1.037,0.0011,"aoml_navis",1029.8100449295
"7901009",99,0,1,0.024297,1,0.001869,1,112.347262252353,1,4.85520239833602,622,1,10.4829998016357,35.2120018005371,0.0242970008403063,0.00890738237649202,108.335601806641,-85.6871,26.38,129.30901876403,63,63,63,63,61,63,0,8047,1.25895569026649,26,-86,0.001869,51,2026-01-18 23:53:48.002544,622,1.037,0.0011,"aoml_navis",1029.82318547907
"7901009",99,0,1,0.028035,1,0.005607,1,113.062293254191,1,4.85513743005681,624,1,10.3909997940063,35.1959991455078,0.0280349999666214,0.0118765104562044,109.025100708008,-85.6871,26.38,129.30901876403,63,63,63,63,61,63,0,8047,1.25895569026649,26,-86,0.001869,51,2026-01-18 23:53:48.002544,624,1.037,0.0011,"aoml_navis",1029.83696590057
"7901009",99,0,1,0.026166,1,0.003738,1,113.01967179219,1,4.85508746035601,626,1,10.3529996871948,35.1889991760254,0.0261659994721413,0.0103919459506869,108.984001159668,-85.6871,26.38,129.30901876403,63,63,63,63,61,63,0,8047,1.25895569026649,26,-86,0.001869,51,2026-01-18 23:53:48.002544,626,1.037,0.0011,"aoml_navis",1029.84756522457
"7901009",99,0,1,0.026166,1,0.003738,1,112.73801568939,1,4.85502935503647,628,1,10.3140001296997,35.1839981079102,0.0261659994721413,0.0103919459506869,108.71240234375,-85.6871,26.38,129.30901876403,63,63,63,63,61,63,0,8047,1.25895569026649,26,-86,0.001869,51,2026-01-18 23:53:48.002544,628,1.037,0.0011,"aoml_navis",1029.85989050986
"7901009",99,0,1,0.026166,1,0.003738,1,112.508514900774,1,4.85497675170078,630,1,10.3020000457764,35.1839981079102,0.0261659994721413,0.0103919459506869,108.491096496582,-85.6871,26.38,129.30901876403,63,63,63,63,61,63,0,8047,1.25895569026649,26,-86,0.001869,51,2026-01-18 23:53:48.002544,630,1.037,0.0011,"aoml_navis",1029.8710489702
"7901009",99,0,1,0.026166,1,0.003738,1,112.728782489807,1,4.85491621971352,632,1,10.2559995651245,35.1780014038086,0.0261659994721413,0.0103919459506869,108.703498840332,-85.6871,26.38,129.30901876403,63,63,63,63,61,63,0,8047,1.25895569026649,26,-86,0.001869,51,2026-01-18 23:53:48.002544,632,1.037,0.0011,"aoml_navis",1029.88388959162
"7901009",99,0,1,0.026166,1,0.003738,1,112.956518922375,1,4.8548546773222,634,1,10.1920003890991,35.1679992675781,0.0261659994721413,0.0103919459506869,108.92310333252,-85.6871,26.38,129.30901876403,63,63,63,63,61,63,0,8047,1.25895569026649,26,-86,0.001869,51,2026-01-18 23:53:48.002544,634,1.037,0.0011,"aoml_navis",1029.89694487784
"7901009",99,0,1,0.028035,1,0.005607,1,113.185489612985,1,4.85479034361738,636,1,10.1330003738403,35.1599998474121,0.0280349999666214,0.0118765104562044,109.143898010254,-85.6871,26.38,129.30901876403,63,63,63,63,61,63,0,8047,1.25895569026649,26,-86,0.001869,51,2026-01-18 23:53:48.002544,636,1.037,0.0011,"aoml_navis",1029.91059265279
"7901009",99,0,1,0.026166,1,0.003738,1,113.500850454624,1,4.85473472206407,638,1,10.0670003890991,35.1479988098145,0.0261659994721413,0.0103919459506869,109.447998046875,-85.6871,26.38,129.30901876403,63,63,63,63,61,63,0,8047,1.25895569026649,26,-86,0.001869,51,2026-01-18 23:53:48.002544,638,1.037,0.0011,"aoml_navis",1029.92239252038
"7901009",99,0,1,0.029904,1,0.007476,1,113.634110763607,1,4.85467350043323,640,1,10.0069999694824,35.1389999389648,0.0299040004611015,0.0133610740303993,109.576499938965,-85.6871,26.38,129.30901876403,63,63,63,63,61,63,0,8047,1.25895569026649,26,-86,0.001869,51,2026-01-18 23:53:48.002544,640,1.037,0.0011,"aoml_navis",1029.93538073236
"7901009",99,0,1,0.026166,1,0.003738,1,113.710231254773,1,4.85459666315737,642,1,9.91600036621094,35.1269989013672,0.0261659994721413,0.0103919459506869,109.64990234375,-85.6871,26.38,129.30901876403,63,63,63,63,61,63,0,8047,1.25895569026649,26,-86,0.001869,51,2026-01-18 23:53:48.002544,642,1.037,0.0011,"aoml_navis",1029.95168227798
"7901009",99,0,1,0.029904,1,0.007476,1,113.740818700865,1,4.85453604192209,644,1,9.86900043487549,35.1209983825684,0.0299040004611015,0.0133610740303993,109.679397583008,-85.6871,26.38,129.30901876403,63,63,63,63,61,63,0,8047,1.25895569026649,26,-86,0.001869,51,2026-01-18 23:53:48.002544,644,1.037,0.0011,"aoml_navis",1029.96454384554
"7901009",99,0,1,0.026166,1,0.003738,1,113.693948542912,1,4.85449481636003,646,1,9.85299968719482,35.117000579834,0.0261659994721413,0.0103919459506869,109.634201049805,-85.6871,26.38,129.30901876403,63,63,63,63,61,63,0,8047,1.25895569026649,26,-86,0.001869,51,2026-01-18 23:53:48.002544,646,1.037,0.0011,"aoml_navis",1029.97329055736
"7901009",99,0,1,0.024297,1,0.001869,1,113.747456793796,1,4.854437348532,648,1,9.80099964141846,35.109001159668,0.0242970008403063,0.00890738237649202,109.68579864502,-85.6871,26.38,129.30901876403,63,63,63,63,61,63,0,8047,1.25895569026649,26,-86,0.001869,51,2026-01-18 23:53:48.002544,648,1.037,0.0011,"aoml_navis",1029.98548359307
"7901009",99,0,1,0.029904,1,0.007476,1,113.898550549103,1,4.85434512168936,650,1,9.69099998474121,35.0970001220703,0.0299040004611015,0.0133610740303993,109.831497192383,-85.6871,26.38,129.30901876403,63,63,63,63,61,63,0,8047,1.25895569026649,26,-86,0.001869,51,2026-01-18 23:53:48.002544,650,1.037,0.0011,"aoml_navis",1030.00505210473
"7901009",99,0,1,0.031773,1,0.009345,1,113.830112523057,1,4.85428265919874,652,1,9.63700008392334,35.0900001525879,0.0317730009555817,0.0148456385359168,109.765502929688,-85.6871,26.38,129.30901876403,63,63,63,63,61,63,0,8047,1.25895569026649,26,-86,0.001869,51,2026-01-18 23:53:48.002544,652,1.037,0.0011,"aoml_navis",1030.01830569654
"7901009",99,0,1,0.033642,1,0.011214,1,113.64032952528,1,4.8542362133197,654,1,9.61900043487549,35.0870018005371,0.0336420014500618,0.0163302011787891,109.582496643066,-85.6871,26.38,129.30901876403,63,63,63,63,61,63,0,8047,1.25895569026649,26,-86,0.001869,51,2026-01-18 23:53:48.002544,654,1.037,0.0011,"aoml_navis",1030.02816102775
"7901009",99,0,1,0.029904,1,0.007476,1,113.286500974665,1,4.85418697944224,656,1,9.60200023651123,35.0849990844727,0.0299040004611015,0.0133610740303993,109.241302490234,-85.6871,26.38,129.30901876403,63,63,63,63,61,63,0,8047,1.25895569026649,26,-86,0.001869,51,2026-01-18 23:53:48.002544,656,1.037,0.0011,"aoml_navis",1030.03860814907
"7901009",99,0,1,0.029904,1,0.007476,1,112.712919109203,1,4.8541238740016,658,1,9.5600004196167,35.0810012817383,0.0299040004611015,0.0133610740303993,108.688201904297,-85.6871,26.38,129.30901876403,63,63,63,63,61,63,0,8047,1.25895569026649,26,-86,0.001869,51,2026-01-18 23:53:48.002544,658,1.037,0.0011,"aoml_navis",1030.05199903935
"7901009",99,0,1,0.029904,1,0.007476,1,111.573841350835,1,4.85405492542761,660,1,9.52400016784668,35.0800018310547,0.0299040004611015,0.0133610740303993,107.589797973633,-85.6871,26.38,129.30901876403,63,63,63,63,61,63,0,8047,1.25895569026649,26,-86,0.001869,51,2026-01-18 23:53:48.002544,660,1.037,0.0011,"aoml_navis",1030.06663023277
"7901009",99,0,1,0.028035,1,0.005607,1,110.805096388438,1,4.85399026709882,662,1,9.55799961090088,35.0940017700195,0.0280349999666214,0.0118765104562044,106.848503112793,-85.6871,26.38,129.30901876403,63,63,63,63,61,63,0,8047,1.25895569026649,26,-86,0.001869,51,2026-01-18 23:53:48.002544,662,1.037,0.0011,"aoml_navis",1030.08035139478
"7901009",99,0,1,0.026166,1,0.003738,1,110.728042291829,1,4.85393175770168,664,1,9.52999973297119,35.0919990539551,0.0261659994721413,0.0103919459506869,106.774200439453,-85.6871,26.38,129.30901876403,63,63,63,63,61,63,0,8047,1.25895569026649,26,-86,0.001869,51,2026-01-18 23:53:48.002544,664,1.037,0.0011,"aoml_navis",1030.09276800535
"7901009",99,0,1,0.028035,1,0.005607,1,111.017895133934,1,4.8538769458142,666,1,9.48900032043457,35.0859985351562,0.0280349999666214,0.0118765104562044,107.053703308105,-85.6871,26.38,129.30901876403,63,63,63,63,61,63,0,8047,1.25895569026649,26,-86,0.001869,51,2026-01-18 23:53:48.002544,666,1.037,0.0011,"aoml_navis",1030.10440021802
"7901009",99,0,1,0.028035,1,0.005607,1,111.396717409899,1,4.85380847569486,668,1,9.42300033569336,35.0779991149902,0.0280349999666214,0.0118765104562044,107.418998718262,-85.6871,26.38,129.30901876403,63,63,63,63,61,63,0,8047,1.25895569026649,26,-86,0.001869,51,2026-01-18 23:53:48.002544,668,1.037,0.0011,"aoml_navis",1030.11893135817
"7901009",99,0,1,0.026166,1,0.003738,1,111.714254026933,1,4.85376140815646,670,1,9.39099979400635,35.0719985961914,0.0261659994721413,0.0103919459506869,107.725196838379,-85.6871,26.38,129.30901876403,63,63,63,63,61,63,0,8047,1.25895569026649,26,-86,0.001869,51,2026-01-18 23:53:48.002544,670,1.037,0.0011,"aoml_navis",1030.12892055176
"7901009",99,0,1,0.026166,1,0.003738,1,112.002136803316,1,4.853706307964,672,1,9.34500026702881,35.064998626709,0.0261659994721413,0.0103919459506869,108.002799987793,-85.6871,26.38,129.30901876403,63,63,63,63,61,63,0,8047,1.25895569026649,26,-86,0.001869,51,2026-01-18 23:53:48.002544,672,1.037,0.0011,"aoml_navis",1030.14061477019
"7901009",99,0,1,0.028035,1,0.005607,1,112.163294508812,1,4.85364326025536,674,1,9.28499984741211,35.056999206543,0.0280349999666214,0.0118765104562044,108.158203125,-85.6871,26.38,129.30901876403,63,63,63,63,61,63,0,8047,1.25895569026649,26,-86,0.001869,51,2026-01-18 23:53:48.002544,674,1.037,0.0011,"aoml_navis",1030.15399605964
"7901009",99,0,1,0.031773,1,0.009345,1,112.280161339185,1,4.85358770870158,676,1,9.24699974060059,35.0519981384277,0.0317730009555817,0.0148456385359168,108.270896911621,-85.6871,26.38,129.30901876403,63,63,63,63,61,63,0,8047,1.25895569026649,26,-86,0.001869,51,2026-01-18 23:53:48.002544,676,1.037,0.0011,"aoml_navis",1030.16578664808
"7901009",99,0,1,0.028035,1,0.005607,1,112.336058987048,1,4.85352408432174,678,1,9.18599987030029,35.0439987182617,0.0280349999666214,0.0118765104562044,108.324798583984,-85.6871,26.38,129.30901876403,63,63,63,63,61,63,0,8047,1.25895569026649,26,-86,0.001869,51,2026-01-18 23:53:48.002544,678,1.037,0.0011,"aoml_navis",1030.17929099217
"7901009",99,0,1,0.028035,1,0.005607,1,112.227072419559,1,4.85345872748288,680,1,9.13599967956543,35.0390014648438,0.0280349999666214,0.0118765104562044,108.219703674316,-85.6871,26.38,129.30901876403,63,63,63,63,61,63,0,8047,1.25895569026649,26,-86,0.001869,51,2026-01-18 23:53:48.002544,680,1.037,0.0011,"aoml_navis",1030.19316342124
"7901009",99,0,1,0.029904,1,0.007476,1,112.036355816339,1,4.8534024550434,682,1,9.11900043487549,35.0390014648438,0.0299040004611015,0.0133610740303993,108.035797119141,-85.6871,26.38,129.30901876403,63,63,63,63,61,63,0,8047,1.25895569026649,26,-86,0.001869,51,2026-01-18 23:53:48.002544,682,1.037,0.0011,"aoml_navis",1030.2051079247
"7901009",99,0,1,0.029904,1,0.007476,1,111.851873798614,1,4.85336157296299,684,1,9.125,35.0400009155273,0.0299040004611015,0.0133610740303993,107.857902526855,-85.6871,26.38,129.30901876403,63,63,63,63,61,63,0,8047,1.25895569026649,26,-86,0.001869,51,2026-01-18 23:53:48.002544,684,1.037,0.0011,"aoml_navis",1030.21378581268
"7901009",99,0,1,0.028035,1,0.005607,1,111.703786569307,1,4.85331489501012,686,1,9.12399959564209,35.0410003662109,0.0280349999666214,0.0118765104562044,107.715103149414,-85.6871,26.38,129.30901876403,63,63,63,63,61,63,0,8047,1.25895569026649,26,-86,0.001869,51,2026-01-18 23:53:48.002544,686,1.037,0.0011,"aoml_navis",1030.22369414783
"7901009",99,0,1,0.029904,1,0.007476,1,111.578303668371,1,4.85326678604926,688,1,9.10799980163574,35.0390014648438,0.0299040004611015,0.0133610740303993,107.594100952148,-85.6871,26.38,129.30901876403,63,63,63,63,61,63,0,8047,1.25895569026649,26,-86,0.001869,51,2026-01-18 23:53:48.002544,688,1.037,0.0011,"aoml_navis",1030.23390644267
"7901009",99,0,1,0.028035,1,0.005607,1,111.294052458919,1,4.85321679808953,690,1,9.10299968719482,35.0400009155273,0.0280349999666214,0.0118765104562044,107.319999694824,-85.6871,26.38,129.30901876403,63,63,63,63,61,63,0,8047,1.25895569026649,26,-86,0.001869,51,2026-01-18 23:53:48.002544,690,1.037,0.0011,"aoml_navis",1030.24451781512
"7901009",99,0,1,0.028035,1,0.005607,1,111.345282079572,1,4.85314886798499,692,1,9.0629997253418,35.0379981994629,0.0280349999666214,0.0118765104562044,107.369400024414,-85.6871,26.38,129.30901876403,63,63,63,63,61,63,0,8047,1.25895569026649,26,-86,0.001869,51,2026-01-18 23:53:48.002544,692,1.037,0.0011,"aoml_navis",1030.25893827073
"7901009",99,0,1,0.033642,1,0.011214,1,111.566380419209,1,4.85310445910707,694,1,9.04699993133545,35.0349998474121,0.0336420014500618,0.0163302011787891,107.58260345459,-85.6871,26.38,129.30901876403,63,63,63,63,61,63,0,8047,1.25895569026649,26,-86,0.001869,51,2026-01-18 23:53:48.002544,694,1.037,0.0011,"aoml_navis",1030.26836577096
"7901009",99,0,1,0.029904,1,0.007476,1,111.973622277782,1,4.8530425115298,696,1,8.98299980163574,35.0260009765625,0.0299040004611015,0.0133610740303993,107.975303649902,-85.6871,26.38,129.30901876403,63,63,63,63,61,63,0,8047,1.25895569026649,26,-86,0.001869,51,2026-01-18 23:53:48.002544,696,1.037,0.0011,"aoml_navis",1030.281516826
"7901009",99,0,1,0.029904,1,0.007476,1,112.356906871283,1,4.8529701046795,698,1,8.9060001373291,35.0169982910156,0.0299040004611015,0.0133610740303993,108.344902038574,-85.6871,26.38,129.30901876403,63,63,63,63,61,63,0,8047,1.25895569026649,26,-86,0.001869,51,2026-01-18 23:53:48.002544,698,1.037,0.0011,"aoml_navis",1030.2968887401
"7901009",99,0,1,0.026166,1,0.003738,1,112.642708815199,1,4.85291061377796,700,1,8.85799980163574,35.0110015869141,0.0261659994721413,0.0103919459506869,108.620498657227,-85.6871,26.38,129.30901876403,63,63,63,63,61,63,0,8047,1.25895569026649,26,-86,0.001869,51,2026-01-18 23:53:48.002544,700,1.037,0.0011,"aoml_navis",1030.30951895228
"7901009",99,0,1,0.024297,1,0.001869,1,112.97932896042,1,4.85284838370046,702,1,8.80200004577637,35.0040016174316,0.0242970008403063,0.00890738237649202,108.945098876953,-85.6871,26.38,129.30901876403,63,63,63,63,61,63,0,8047,1.25895569026649,26,-86,0.001869,51,2026-01-18 23:53:48.002544,702,1.037,0.0011,"aoml_navis",1030.32273103643
"7901009",99,0,1,0.029904,1,0.007476,1,113.329533856014,1,4.85277654830065,704,1,8.73400020599365,34.9970016479492,0.0299040004611015,0.0133610740303993,109.28279876709,-85.6871,26.38,129.30901876403,63,63,63,63,61,63,0,8047,1.25895569026649,26,-86,0.001869,51,2026-01-18 23:53:48.002544,704,1.037,0.0011,"aoml_navis",1030.33798285044
"7901009",99,0,1,0.028035,1,0.005607,1,113.535694508579,1,4.85272185682266,706,1,8.69600009918213,34.992000579834,0.0280349999666214,0.0118765104562044,109.481597900391,-85.6871,26.38,129.30901876403,63,63,63,63,61,63,0,8047,1.25895569026649,26,-86,0.001869,51,2026-01-18 23:53:48.002544,706,1.037,0.0011,"aoml_navis",1030.34959503609
"7901009",99,0,1,0.026166,1,0.003738,1,113.671233447793,1,4.85267687298601,708,1,8.67899990081787,34.9889984130859,0.0261659994721413,0.0103919459506869,109.612297058105,-85.6871,26.38,129.30901876403,63,63,63,63,61,63,0,8047,1.25895569026649,26,-86,0.001869,51,2026-01-18 23:53:48.002544,708,1.037,0.0011,"aoml_navis",1030.35914627535
"7901009",99,0,1,0.029904,1,0.007476,1,113.835706243798,1,4.85263107754772,710,1,8.66100025177002,34.9860000610352,0.0299040004611015,0.0133610740303993,109.770896911621,-85.6871,26.38,129.30901876403,63,63,63,63,61,63,0,8047,1.25895569026649,26,-86,0.001869,51,2026-01-18 23:53:48.002544,710,1.037,0.0011,"aoml_navis",1030.36887002066
"7901009",99,0,1,0.031773,1,0.009345,1,114.120891058693,1,4.85257721807997,712,1,8.63300037384033,34.9830017089844,0.0317730009555817,0.0148456385359168,110.0458984375,-85.6871,26.38,129.30901876403,63,63,63,63,61,63,0,8047,1.25895569026649,26,-86,0.001869,51,2026-01-18 23:53:48.002544,712,1.037,0.0011,"aoml_navis",1030.38030623619
"7901009",99,0,1,0.028035,1,0.005607,1,114.295633514561,1,4.85252384639978,714,1,8.60099983215332,34.9790000915527,0.0280349999666214,0.0118765104562044,110.214401245117,-85.6871,26.38,129.30901876403,63,63,63,63,61,63,0,8047,1.25895569026649,26,-86,0.001869,51,2026-01-18 23:53:48.002544,714,1.037,0.0011,"aoml_navis",1030.39163912809
"7901009",99,0,1,0.029904,1,0.007476,1,114.342820148935,1,4.85246890782267,716,1,8.56700038909912,34.9749984741211,0.0299040004611015,0.0133610740303993,110.259902954102,-85.6871,26.38,129.30901876403,63,63,63,63,61,63,0,8047,1.25895569026649,26,-86,0.001869,51,2026-01-18 23:53:48.002544,716,1.037,0.0011,"aoml_navis",1030.40330499377
"7901009",99,0,1,0.029904,1,0.007476,1,114.273954879721,1,4.85242389168153,718,1,8.55900001525879,34.9739990234375,0.0299040004611015,0.0133610740303993,110.193496704102,-85.6871,26.38,129.30901876403,63,63,63,63,61,63,0,8047,1.25895569026649,26,-86,0.001869,51,2026-01-18 23:53:48.002544,718,1.037,0.0011,"aoml_navis",1030.4128640887
"7901009",99,0,1,0.031773,1,0.009345,1,114.164034706789,1,4.85236808133276,720,1,8.53299999237061,34.9720001220703,0.0317730009555817,0.0148456385359168,110.087501525879,-85.6871,26.38,129.30901876403,63,63,63,63,61,63,0,8047,1.25895569026649,26,-86,0.001869,51,2026-01-18 23:53:48.002544,720,1.037,0.0011,"aoml_navis",1030.42471556006
"7901009",99,0,1,0.029904,1,0.007476,1,113.898036274919,1,4.852317800489,722,1,8.52299976348877,34.9720001220703,0.0299040004611015,0.0133610740303993,109.831001281738,-85.6871,26.38,129.30901876403,63,63,63,63,61,63,0,8047,1.25895569026649,26,-86,0.001869,51,2026-01-18 23:53:48.002544,722,1.037,0.0011,"aoml_navis",1030.43539306022
"7901009",99,0,1,0.029904,1,0.007476,1,113.80666953217,1,4.85226568596857,724,1,8.5290002822876,34.976001739502,0.0299040004611015,0.0133610740303993,109.742897033691,-85.6871,26.38,129.30901876403,63,63,63,63,61,63,0,8047,1.25895569026649,26,-86,0.001869,51,2026-01-18 23:53:48.002544,724,1.037,0.0011,"aoml_navis",1030.44646018841
"7901009",99,0,1,0.029904,1,0.007476,1,113.831766112357,1,4.8522139270903,726,1,8.50800037384033,34.9739990234375,0.0299040004611015,0.0133610740303993,109.767097473145,-85.6871,26.38,129.30901876403,63,63,63,63,61,63,0,8047,1.25895569026649,26,-86,0.001869,51,2026-01-18 23:53:48.002544,726,1.037,0.0011,"aoml_navis",1030.45745202712
"7901009",99,0,1,0.028035,1,0.005607,1,113.918464827896,1,4.85216732402351,728,1,8.4980001449585,34.9729995727539,0.0280349999666214,0.0118765104562044,109.850700378418,-85.6871,26.38,129.30901876403,63,63,63,63,61,63,0,8047,1.25895569026649,26,-86,0.001869,51,2026-01-18 23:53:48.002544,728,1.037,0.0011,"aoml_navis",1030.46734914613
"7901009",99,0,1,0.031773,1,0.009345,1,114.042491937295,1,4.85211570023347,730,1,8.4680004119873,34.9690017700195,0.0317730009555817,0.0148456385359168,109.97029876709,-85.6871,26.38,129.30901876403,63,63,63,63,61,63,0,8047,1.25895569026649,26,-86,0.001869,51,2026-01-18 23:53:48.002544,730,1.037,0.0011,"aoml_navis",1030.47831274086
"7901009",99,0,1,0.028035,1,0.005607,1,114.109482083715,1,4.85205486090598,732,1,8.43099975585938,34.9659996032715,0.0280349999666214,0.0118765104562044,110.034896850586,-85.6871,26.38,129.30901876403,63,63,63,63,61,63,0,8047,1.25895569026649,26,-86,0.001869,51,2026-01-18 23:53:48.002544,732,1.037,0.0011,"aoml_navis",1030.49123378345
"7901009",99,0,1,0.029904,1,0.007476,1,114.181037402508,1,4.85200156865685,734,1,8.40799999237061,34.9640007019043,0.0299040004611015,0.0133610740303993,110.103897094727,-85.6871,26.38,129.30901876403,63,63,63,63,61,63,0,8047,1.25895569026649,26,-86,0.001869,51,2026-01-18 23:53:48.002544,734,1.037,0.0011,"aoml_navis",1030.50255224549
"7901009",99,0,1,0.026166,1,0.003738,1,114.199495889765,1,4.85195228436634,736,1,8.39000034332275,34.9620018005371,0.0261659994721413,0.0103919459506869,110.121696472168,-85.6871,26.38,129.30901876403,63,63,63,63,61,63,0,8047,1.25895569026649,26,-86,0.001869,51,2026-01-18 23:53:48.002544,736,1.037,0.0011,"aoml_navis",1030.51301969945
"7901009",99,0,1,0.029904,1,0.007476,1,114.261723066048,1,4.85190095061829,738,1,8.37399959564209,34.9609985351562,0.0299040004611015,0.0133610740303993,110.181701660156,-85.6871,26.38,129.30901876403,63,63,63,63,61,63,0,8047,1.25895569026649,26,-86,0.001869,51,2026-01-18 23:53:48.002544,738,1.037,0.0011,"aoml_navis",1030.52392266228
"7901009",99,0,1,0.028035,1,0.005607,1,114.232369877998,1,4.85185726443401,740,1,8.36299991607666,34.9589996337891,0.0280349999666214,0.0118765104562044,110.153396606445,-85.6871,26.38,129.30901876403,63,63,63,63,61,63,0,8047,1.25895569026649,26,-86,0.001869,51,2026-01-18 23:53:48.002544,740,1.037,0.0011,"aoml_navis",1030.53320151274
"7901009",99,0,1,0.031773,1,0.009345,1,114.177200125903,1,4.85179797340208,742,1,8.33699989318848,34.9580001831055,0.0317730009555817,0.0148456385359168,110.100196838379,-85.6871,26.38,129.30901876403,63,63,63,63,61,63,0,8047,1.25895569026649,26,-86,0.001869,51,2026-01-18 23:53:48.002544,742,1.037,0.0011,"aoml_navis",1030.54579506615
"7901009",99,0,1,0.033642,1,0.011214,1,114.042594792132,1,4.85175142772145,744,1,8.32699966430664,34.9570007324219,0.0336420014500618,0.0163302011787891,109.970397949219,-85.6871,26.38,129.30901876403,63,63,63,63,61,63,0,8047,1.25895569026649,26,-86,0.001869,51,2026-01-18 23:53:48.002544,744,1.037,0.0011,"aoml_navis",1030.5556816929
"7901009",99,0,1,0.035511,1,0.013083,1,113.997386135389,1,4.85168403997396,746,1,8.30000019073486,34.9580001831055,0.0355109982192516,0.017814764752984,109.926803588867,-85.6871,26.38,129.30901876403,63,63,63,63,61,63,0,8047,1.25895569026649,26,-86,0.001869,51,2026-01-18 23:53:48.002544,746,1.037,0.0011,"aoml_navis",1030.56999565595
"7901009",99,0,1,0.026166,1,0.003738,1,113.950199501014,1,4.85162738880334,748,1,8.26799964904785,34.9550018310547,0.0261659994721413,0.0103919459506869,109.881301879883,-85.6871,26.38,129.30901876403,63,63,63,63,61,63,0,8047,1.25895569026649,26,-86,0.001869,51,2026-01-18 23:53:48.002544,748,1.037,0.0011,"aoml_navis",1030.58202934938
"7901009",99,0,1,0.028035,1,0.005607,1,113.832082588778,1,4.85156135554529,750,1,8.23799991607666,34.9550018310547,0.0280349999666214,0.0118765104562044,109.767402648926,-85.6871,26.38,129.30901876403,63,63,63,63,61,63,0,8047,1.25895569026649,26,-86,0.001869,51,2026-01-18 23:53:48.002544,750,1.037,0.0011,"aoml_navis",1030.59605631598
"7901009",99,0,1,0.029904,1,0.007476,1,113.617622342071,1,4.85150457397967,752,1,8.21500015258789,34.9539985656738,0.0299040004611015,0.0133610740303993,109.560600280762,-85.6871,26.38,129.30901876403,63,63,63,63,61,63,0,8047,1.25895569026649,26,-86,0.001869,51,2026-01-18 23:53:48.002544,752,1.037,0.0011,"aoml_navis",1030.60811831793
"7901009",99,0,1,0.029904,1,0.007476,1,113.249267523732,1,4.85145625106468,754,1,8.21199989318848,34.9550018310547,0.0299040004611015,0.0133610740303993,109.20539855957,-85.6871,26.38,129.30901876403,63,63,63,63,61,63,0,8047,1.25895569026649,26,-86,0.001869,51,2026-01-18 23:53:48.002544,754,1.037,0.0011,"aoml_navis",1030.6183836869
"7901009",99,0,1,0.031773,1,0.009345,1,112.873760338277,1,4.85140851728088,756,1,8.2189998626709,34.9580001831055,0.0317730009555817,0.0148456385359168,108.843299865723,-85.6871,26.38,129.30901876403,63,63,63,63,61,63,0,8047,1.25895569026649,26,-86,0.001869,51,2026-01-18 23:53:48.002544,756,1.037,0.0011,"aoml_navis",1030.6285241059
"7901009",99,0,1,0.029904,1,0.007476,1,112.917418260557,1,4.85134784291508,758,1,8.20499992370605,34.9599990844727,0.0299040004611015,0.0133610740303993,108.885398864746,-85.6871,26.38,129.30901876403,63,63,63,63,61,63,0,8047,1.25895569026649,26,-86,0.001869,51,2026-01-18 23:53:48.002544,758,1.037,0.0011,"aoml_navis",1030.64141387058
"7901009",99,0,1,0.028035,1,0.005607,1,113.065821966286,1,4.85129789932838,760,1,8.18599987030029,34.9580001831055,0.0280349999666214,0.0118765104562044,109.028503417969,-85.6871,26.38,129.30901876403,63,63,63,63,61,63,0,8047,1.25895569026649,26,-86,0.001869,51,2026-01-18 23:53:48.002544,760,1.037,0.0011,"aoml_navis",1030.65202421237
"7901009",99,0,1,0.028035,1,0.005607,1,113.350381740249,1,4.85124587875829,762,1,8.16899967193604,34.9570007324219,0.0280349999666214,0.0118765104562044,109.30290222168,-85.6871,26.38,129.30901876403,63,63,63,63,61,63,0,8047,1.25895569026649,26,-86,0.001869,51,2026-01-18 23:53:48.002544,762,1.037,0.0011,"aoml_navis",1030.66307603435
"7901009",99,0,1,0.028035,1,0.005607,1,113.916494762175,1,4.85120358694347,764,1,8.15499973297119,34.9539985656738,0.0280349999666214,0.0118765104562044,109.84880065918,-85.6871,26.38,129.30901876403,63,63,63,63,61,63,0,8047,1.25895569026649,26,-86,0.001869,51,2026-01-18 23:53:48.002544,764,1.037,0.0011,"aoml_navis",1030.67206114726
"7901009",99,0,1,0.029904,1,0.007476,1,114.825138126485,1,4.85115234905098,766,1,8.125,34.9500007629395,0.0299040004611015,0.0133610740303993,110.724998474121,-85.6871,26.38,129.30901876403,63,63,63,63,61,63,0,8047,1.25895569026649,26,-86,0.001869,51,2026-01-18 23:53:48.002544,766,1.037,0.0011,"aoml_navis",1030.68294711011
"7901009",99,0,1,0.028035,1,0.005607,1,116.076106123506,1,4.85109750995037,768,1,8.06700038909912,34.9410018920898,0.0280349999666214,0.0118765104562044,111.931297302246,-85.6871,26.38,129.30901876403,63,63,63,63,61,63,0,8047,1.25895569026649,26,-86,0.001869,51,2026-01-18 23:53:48.002544,768,1.037,0.0011,"aoml_navis",1030.69459843761
"7901009",99,0,1,0.031773,1,0.009345,1,117.500471551605,1,4.85104064236138,770,1,7.97800016403198,34.9259986877441,0.0317730009555817,0.0148456385359168,113.304801940918,-85.6871,26.38,129.30901876403,63,63,63,63,61,63,0,8047,1.25895569026649,26,-86,0.001869,51,2026-01-18 23:53:48.002544,770,1.037,0.0011,"aoml_navis",1030.70668102383
"7901009",99,0,1,0.029904,1,0.007476,1,118.426125523545,1,4.85097559369219,772,1,7.87799978256226,34.9109992980957,0.0299040004611015,0.0133610740303993,114.197402954102,-85.6871,26.38,129.30901876403,63,63,63,63,61,63,0,8047,1.25895569026649,26,-86,0.001869,51,2026-01-18 23:53:48.002544,772,1.037,0.0011,"aoml_navis",1030.72050218137
"7901009",99,0,1,0.029904,1,0.007476,1,118.747396562347,1,4.85092277190582,774,1,7.83599996566772,34.9049987792969,0.0299040004611015,0.0133610740303993,114.507202148438,-85.6871,26.38,129.30901876403,63,63,63,63,61,63,0,8047,1.25895569026649,26,-86,0.001869,51,2026-01-18 23:53:48.002544,774,1.037,0.0011,"aoml_navis",1030.73172571568
"7901009",99,0,1,0.031773,1,0.009345,1,118.771765246766,1,4.85087948498626,776,1,7.82999992370605,34.9039993286133,0.0317730009555817,0.0148456385359168,114.530700683594,-85.6871,26.38,129.30901876403,63,63,63,63,61,63,0,8047,1.25895569026649,26,-86,0.001869,51,2026-01-18 23:53:48.002544,776,1.037,0.0011,"aoml_navis",1030.74092347074
"7901009",99,0,1,0.029904,1,0.007476,1,118.893410871096,1,4.85083485080092,778,1,7.8270001411438,34.9039993286133,0.0299040004611015,0.0133610740303993,114.648002624512,-85.6871,26.38,129.30901876403,63,63,63,63,61,63,0,8047,1.25895569026649,26,-86,0.001869,51,2026-01-18 23:53:48.002544,778,1.037,0.0011,"aoml_navis",1030.7504076694
"7901009",99,0,1,0.029904,1,0.007476,1,119.021892386121,1,4.85079466318594,780,1,7.82499980926514,34.9029998779297,0.0299040004611015,0.0133610740303993,114.771896362305,-85.6871,26.38,129.30901876403,63,63,63,63,61,63,0,8047,1.25895569026649,26,-86,0.001869,51,2026-01-18 23:53:48.002544,780,1.037,0.0011,"aoml_navis",1030.75894717755
"7901009",99,0,1,0.028035,1,0.005607,1,119.265808675714,1,4.85074673878572,782,1,7.81300020217896,34.9020004272461,0.0280349999666214,0.0118765104562044,115.007102966309,-85.6871,26.38,129.30901876403,63,63,63,63,61,63,0,8047,1.25895569026649,26,-86,0.001869,51,2026-01-18 23:53:48.002544,782,1.037,0.0011,"aoml_navis",1030.76913086822
"7901009",99,0,1,0.029904,1,0.007476,1,119.630215450702,1,4.85068471776503,784,1,7.77799987792969,34.9000015258789,0.0299040004611015,0.0133610740303993,115.358497619629,-85.6871,26.38,129.30901876403,63,63,63,63,61,63,0,8047,1.25895569026649,26,-86,0.001869,51,2026-01-18 23:53:48.002544,784,1.037,0.0011,"aoml_navis",1030.78231031758
"7901009",99,0,1,0.031773,1,0.009345,1,120.105594682721,1,4.85060145233312,786,1,7.70100021362305,34.8950004577637,0.0317730009555817,0.0148456385359168,115.816902160645,-85.6871,26.38,129.30901876403,63,63,63,63,61,63,0,8047,1.25895569026649,26,-86,0.001869,51,2026-01-18 23:53:48.002544,786,1.037,0.0011,"aoml_navis",1030.80000472828
"7901009",99,0,1,0.029904,1,0.007476,1,120.36360208496,1,4.85054251416785,788,1,7.66499996185303,34.8919982910156,0.0299040004611015,0.0133610740303993,116.065696716309,-85.6871,26.38,129.30901876403,63,63,63,63,61,63,0,8047,1.25895569026649,26,-86,0.001869,51,2026-01-18 23:53:48.002544,788,1.037,0.0011,"aoml_navis",1030.81252981406
"7901009",99,0,1,0.031773,1,0.009345,1,120.606790478785,1,4.85048836564495,790,1,7.6399998664856,34.8899993896484,0.0317730009555817,0.0148456385359168,116.300201416016,-85.6871,26.38,129.30901876403,63,63,63,63,61,63,0,8047,1.25895569026649,26,-86,0.001869,51,2026-01-18 23:53:48.002544,790,1.037,0.0011,"aoml_navis",1030.82403731014
"7901009",99,0,1,0.029904,1,0.007476,1,120.89726044991,1,4.85043485443827,792,1,7.61100006103516,34.8870010375977,0.0299040004611015,0.0133610740303993,116.580299377441,-85.6871,26.38,129.30901876403,63,63,63,63,61,63,0,8047,1.25895569026649,26,-86,0.001869,51,2026-01-18 23:53:48.002544,792,1.037,0.0011,"aoml_navis",1030.83540961794
"7901009",99,0,1,0.029904,1,0.007476,1,121.281478648853,1,4.85037237462933,794,1,7.57499980926514,34.8849983215332,0.0299040004611015,0.0133610740303993,116.950798034668,-85.6871,26.38,129.30901876403,63,63,63,63,61,63,0,8047,1.25895569026649,26,-86,0.001869,51,2026-01-18 23:53:48.002544,794,1.037,0.0011,"aoml_navis",1030.84868826841
"7901009",99,0,1,0.029904,1,0.007476,1,121.583357594957,1,4.85030738352095,796,1,7.52600002288818,34.8810005187988,0.0299040004611015,0.0133610740303993,117.241897583008,-85.6871,26.38,129.30901876403,63,63,63,63,61,63,0,8047,1.25895569026649,26,-86,0.001869,51,2026-01-18 23:53:48.002544,796,1.037,0.0011,"aoml_navis",1030.862501001
"7901009",99,0,1,0.029904,1,0.007476,1,121.807565315431,1,4.85024590014797,798,1,7.49599981307983,34.8800010681152,0.0299040004611015,0.0133610740303993,117.458099365234,-85.6871,26.38,129.30901876403,63,63,63,63,61,63,0,8047,1.25895569026649,26,-86,0.001869,51,2026-01-18 23:53:48.002544,798,1.037,0.0011,"aoml_navis",1030.87556856601
"7901009",99,0,1,0.031773,1,0.009345,1,121.962702057016,1,4.85019724368101,800,1,7.47800016403198,34.8779983520508,0.0317730009555817,0.0148456385359168,117.607696533203,-85.6871,26.38,129.30901876403,63,63,63,63,61,63,0,8047,1.25895569026649,26,-86,0.001869,51,2026-01-18 23:53:48.002544,800,1.037,0.0011,"aoml_navis",1030.88591015843
"7901009",99,0,1,0.033642,1,0.011214,1,122.095859511162,1,4.85014718620652,802,1,7.46299982070923,34.8769989013672,0.0336420014500618,0.0163302011787891,117.736099243164,-85.6871,26.38,129.30901876403,63,63,63,63,61,63,0,8047,1.25895569026649,26,-86,0.001869,51,2026-01-18 23:53:48.002544,802,1.037,0.0011,"aoml_navis",1030.89654974176
"7901009",99,0,1,0.029904,1,0.007476,1,122.272880597261,1,4.85009713704304,804,1,7.44799995422363,34.8759994506836,0.0299040004611015,0.0133610740303993,117.906799316406,-85.6871,26.38,129.30901876403,63,63,63,63,61,63,0,8047,1.25895569026649,26,-86,0.001869,51,2026-01-18 23:53:48.002544,804,1.037,0.0011,"aoml_navis",1030.90718777817
"7901009",99,0,1,0.029904,1,0.007476,1,122.390063904056,1,4.85004633862164,806,1,7.43200016021729,34.875,0.0299040004611015,0.0133610740303993,118.019798278809,-85.6871,26.38,129.30901876403,63,63,63,63,61,63,0,8047,1.25895569026649,26,-86,0.001869,51,2026-01-18 23:53:48.002544,806,1.037,0.0011,"aoml_navis",1030.91798529516
"7901009",99,0,1,0.031773,1,0.009345,1,122.56791574076,1,4.84999630554459,808,1,7.41699981689453,34.8740005493164,0.0317730009555817,0.0148456385359168,118.191299438477,-85.6871,26.38,129.30901876403,63,63,63,63,61,63,0,8047,1.25895569026649,26,-86,0.001869,51,2026-01-18 23:53:48.002544,808,1.037,0.0011,"aoml_navis",1030.9286203546
"7901009",99,0,1,0.031773,1,0.009345,1,122.856518501002,1,4.84993202632158,810,1,7.38800001144409,34.8740005493164,0.0317730009555817,0.0148456385359168,118.469596862793,-85.6871,26.38,129.30901876403,63,63,63,63,61,63,0,8047,1.25895569026649,26,-86,0.001869,51,2026-01-18 23:53:48.002544,810,1.037,0.0011,"aoml_navis",1030.94228390501
"7901009",99,0,1,0.026166,1,0.003738,1,123.275897230321,1,4.84988050723155,812,1,7.37099981307983,34.8730010986328,0.0261659994721413,0.0103919459506869,118.874000549316,-85.6871,26.38,129.30901876403,63,63,63,63,61,63,0,8047,1.25895569026649,26,-86,0.001869,51,2026-01-18 23:53:48.002544,812,1.037,0.0011,"aoml_navis",1030.9532353518
"7901009",99,0,1,0.033642,1,0.011214,1,123.847714739736,1,4.84981508472506,814,1,7.31599998474121,34.8680000305176,0.0336420014500618,0.0163302011787891,119.425399780273,-85.6871,26.38,129.30901876403,63,63,63,63,61,63,0,8047,1.25895569026649,26,-86,0.001869,51,2026-01-18 23:53:48.002544,814,1.037,0.0011,"aoml_navis",1030.96714259229
"7901009",99,0,1,0.029904,1,0.007476,1,124.21087934477,1,4.84976052246762,816,1,7.28999996185303,34.8660011291504,0.0299040004611015,0.0133610740303993,119.775596618652,-85.6871,26.38,129.30901876403,63,63,63,63,61,63,0,8047,1.25895569026649,26,-86,0.001869,51,2026-01-18 23:53:48.002544,816,1.037,0.0011,"aoml_navis",1030.9787414938
"7901009",99,0,1,0.028035,1,0.005607,1,124.619782704553,1,4.84970081233741,818,1,7.26200008392334,34.8650016784668,0.0280349999666214,0.0118765104562044,120.169898986816,-85.6871,26.38,129.30901876403,63,63,63,63,61,63,0,8047,1.25895569026649,26,-86,0.001869,51,2026-01-18 23:53:48.002544,818,1.037,0.0011,"aoml_navis",1030.99143503456
"7901009",99,0,1,0.031773,1,0.009345,1,125.110091711734,1,4.84964802072911,820,1,7.25299978256226,34.8660011291504,0.0317730009555817,0.0148456385359168,120.642700195312,-85.6871,26.38,129.30901876403,63,63,63,63,61,63,0,8047,1.25895569026649,26,-86,0.001869,51,2026-01-18 23:53:48.002544,820,1.037,0.0011,"aoml_navis",1031.0026580544
"7901009",99,0,1,0.029904,1,0.007476,1,125.584529426401,1,4.84958530202736,822,1,7.21600008010864,34.8639984130859,0.0299040004611015,0.0133610740303993,121.100196838379,-85.6871,26.38,129.30901876403,63,63,63,63,61,63,0,8047,1.25895569026649,26,-86,0.001869,51,2026-01-18 23:53:48.002544,822,1.037,0.0011,"aoml_navis",1031.01599180238
"7901009",99,0,1,0.028035,1,0.005607,1,125.741438435944,1,4.84952337166109,824,1,7.17999982833862,34.8619995117188,0.0280349999666214,0.0118765104562044,121.251502990723,-85.6871,26.38,129.30901876403,63,63,63,63,61,63,0,8047,1.25895569026649,26,-86,0.001869,51,2026-01-18 23:53:48.002544,824,1.037,0.0011,"aoml_navis",1031.02915829177
"7901009",99,0,1,0.029904,1,0.007476,1,125.736667553897,1,4.84947278522833,826,1,7.16900014877319,34.8619995117188,0.0299040004611015,0.0133610740303993,121.24690246582,-85.6871,26.38,129.30901876403,63,63,63,63,61,63,0,8047,1.25895569026649,26,-86,0.001869,51,2026-01-18 23:53:48.002544,826,1.037,0.0011,"aoml_navis",1031.03991329329
"7901009",99,0,1,0.033642,1,0.011214,1,125.895538717251,1,4.84942673587127,828,1,7.16900014877319,34.8629989624023,0.0336420014500618,0.0163302011787891,121.400100708008,-85.6871,26.38,129.30901876403,63,63,63,63,61,63,0,8047,1.25895569026649,26,-86,0.001869,51,2026-01-18 23:53:48.002544,828,1.037,0.0011,"aoml_navis",1031.04970387839
"7901009",99,0,1,0.029904,1,0.007476,1,126.347372103545,1,4.84937386158112,830,1,7.15000009536743,34.8619995117188,0.0299040004611015,0.0133610740303993,121.835800170898,-85.6871,26.38,129.30901876403,63,63,63,63,61,63,0,8047,1.25895569026649,26,-86,0.001869,51,2026-01-18 23:53:48.002544,830,1.037,0.0011,"aoml_navis",1031.06094574646
"7901009",99,0,1,0.028035,1,0.005607,1,126.837056069795,1,4.8493097424083,832,1,7.10599994659424,34.859001159668,0.0280349999666214,0.0118765104562044,122.307998657227,-85.6871,26.38,129.30901876403,63,63,63,63,61,63,0,8047,1.25895569026649,26,-86,0.001869,51,2026-01-18 23:53:48.002544,832,1.037,0.0011,"aoml_navis",1031.07457877435
"7901009",99,0,1,0.029904,1,0.007476,1,127.103363066175,1,4.84925391793695,834,1,7.07800006866455,34.8569984436035,0.0299040004611015,0.0133610740303993,122.564796447754,-85.6871,26.38,129.30901876403,63,63,63,63,61,63,0,8047,1.25895569026649,26,-86,0.001869,51,2026-01-18 23:53:48.002544,834,1.037,0.0011,"aoml_navis",1031.08644847519
"7901009",99,0,1,0.028035,1,0.005607,1,127.223766520553,1,4.84920704397239,836,1,7.06699991226196,34.8559989929199,0.0280349999666214,0.0118765104562044,122.68090057373,-85.6871,26.38,129.30901876403,63,63,63,63,61,63,0,8047,1.25895569026649,26,-86,0.001869,51,2026-01-18 23:53:48.002544,836,1.037,0.0011,"aoml_navis",1031.09641528197
"7901009",99,0,1,0.029904,1,0.007476,1,127.339288326137,1,4.84915869098779,838,1,7.05399990081787,34.8549995422363,0.0299040004611015,0.0133610740303993,122.792297363281,-85.6871,26.38,129.30901876403,63,63,63,63,61,63,0,8047,1.25895569026649,26,-86,0.001869,51,2026-01-18 23:53:48.002544,838,1.037,0.0011,"aoml_navis",1031.10669677455
"7901009",99,0,1,0.031773,1,0.009345,1,127.434698055165,1,4.84911037580994,840,1,7.0460000038147,34.8549995422363,0.0317730009555817,0.0148456385359168,122.884300231934,-85.6871,26.38,129.30901876403,63,63,63,63,61,63,0,8047,1.25895569026649,26,-86,0.001869,51,2026-01-18 23:53:48.002544,840,1.037,0.0011,"aoml_navis",1031.11697043292
"7901009",99,0,1,0.029904,1,0.007476,1,127.511752151774,1,4.84904280723018,842,1,7.01200008392334,34.8549995422363,0.0299040004611015,0.0133610740303993,122.958602905273,-85.6871,26.38,129.30901876403,63,63,63,63,61,63,0,8047,1.25895569026649,26,-86,0.001869,51,2026-01-18 23:53:48.002544,842,1.037,0.0011,"aoml_navis",1031.13133844575
"7901009",99,0,1,0.028035,1,0.005607,1,127.227809506832,1,4.84898269286054,844,1,6.99300003051758,34.8559989929199,0.0280349999666214,0.0118765104562044,122.684799194336,-85.6871,26.38,129.30901876403,63,63,63,63,61,63,0,8047,1.25895569026649,26,-86,0.001869,51,2026-01-18 23:53:48.002544,844,1.037,0.0011,"aoml_navis",1031.14412170656
"7901009",99,0,1,0.028035,1,0.005607,1,126.849912924399,1,4.84891967926504,846,1,6.9850001335144,34.8600006103516,0.0280349999666214,0.0118765104562044,122.32039642334,-85.6871,26.38,129.30901876403,63,63,63,63,61,63,0,8047,1.25895569026649,26,-86,0.001869,51,2026-01-18 23:53:48.002544,846,1.037,0.0011,"aoml_navis",1031.15752182512
"7901009",99,0,1,0.031773,1,0.009345,1,126.528127611413,1,4.84886630237183,848,1,6.99499988555908,34.8650016784668,0.0317730009555817,0.0148456385359168,122.010101318359,-85.6871,26.38,129.30901876403,63,63,63,63,61,63,0,8047,1.25895569026649,26,-86,0.001869,51,2026-01-18 23:53:48.002544,848,1.037,0.0011,"aoml_navis",1031.16887292897
"7901009",99,0,1,0.031773,1,0.009345,1,126.384289078058,1,4.84882249567084,850,1,7.00299978256226,34.867000579834,0.0317730009555817,0.0148456385359168,121.871398925781,-85.6871,26.38,129.30901876403,63,63,63,63,61,63,0,8047,1.25895569026649,26,-86,0.001869,51,2026-01-18 23:53:48.002544,850,1.037,0.0011,"aoml_navis",1031.17818902716
"7901009",99,0,1,0.031773,1,0.009345,1,126.517343677366,1,4.84877287617978,852.099975585938,1,7.00600004196167,34.8689994812012,0.0317730009555817,0.0148456385359168,121.999702453613,-85.6871,26.38,129.30901876403,63,63,63,63,61,63,0,8047,1.25895569026649,26,-86,0.001869,51,2026-01-18 23:53:48.002544,852.099975585938,1.037,0.0011,"aoml_navis",1031.18874149852
"7901009",99,0,1,0.031773,1,0.009345,1,127.061572354779,1,4.84872003362896,854,1,6.98899984359741,34.8689994812012,0.0317730009555817,0.0148456385359168,122.52449798584,-85.6871,26.38,129.30901876403,63,63,63,63,61,63,0,8047,1.25895569026649,26,-86,0.001869,51,2026-01-18 23:53:48.002544,854,1.037,0.0011,"aoml_navis",1031.19997964861
"7901009",99,0,1,0.029904,1,0.007476,1,127.404205552,1,4.8486266733136,856,1,6.90500020980835,34.8660011291504,0.0299040004611015,0.0133610740303993,122.85489654541,-85.6871,26.38,129.30901876403,63,63,63,63,61,63,0,8047,1.25895569026649,26,-86,0.001869,51,2026-01-18 23:53:48.002544,856,1.037,0.0011,"aoml_navis",1031.21983540608
"7901009",99,0,1,0.031773,1,0.009345,1,127.455023753306,1,4.84857188049484,858.099975585938,1,6.9060001373291,34.8689994812012,0.0317730009555817,0.0148456385359168,122.903900146484,-85.6871,26.38,129.30901876403,63,63,63,63,61,63,0,8047,1.25895569026649,26,-86,0.001869,51,2026-01-18 23:53:48.002544,858.099975585938,1.037,0.0011,"aoml_navis",1031.23148903172
"7901009",99,0,1,0.029904,1,0.007476,1,127.674563446569,1,4.84852139781118,860.099975585938,1,6.89499998092651,34.8689994812012,0.0299040004611015,0.0133610740303993,123.115600585938,-85.6871,26.38,129.30901876403,63,63,63,63,61,63,0,8047,1.25895569026649,26,-86,0.001869,51,2026-01-18 23:53:48.002544,860.099975585938,1.037,0.0011,"aoml_navis",1031.24222618821
"7901009",99,0,1,0.031773,1,0.009345,1,127.868697995136,1,4.84845245380062,862,1,6.86100006103516,34.8699989318848,0.0317730009555817,0.0148456385359168,123.302803039551,-85.6871,26.38,129.30901876403,63,63,63,63,61,63,0,8047,1.25895569026649,26,-86,0.001869,51,2026-01-18 23:53:48.002544,862,1.037,0.0011,"aoml_navis",1031.25689024352
"7901009",99,0,1,0.024297,1,0.001869,1,127.992100063603,1,4.84839684898274,864,1,6.84299993515015,34.8699989318848,0.0242970008403063,0.00890738237649202,123.421798706055,-85.6871,26.38,129.30901876403,63,63,63,63,61,63,0,8047,1.25895569026649,26,-86,0.001869,51,2026-01-18 23:53:48.002544,864,1.037,0.0011,"aoml_navis",1031.26871742132
"7901009",99,0,1,0.028035,1,0.005607,1,128.122456701422,1,4.84834345593308,866,1,6.82800006866455,34.8699989318848,0.0280349999666214,0.0118765104562044,123.547500610352,-85.6871,26.38,129.30901876403,63,63,63,63,61,63,0,8047,1.25895569026649,26,-86,0.001869,51,2026-01-18 23:53:48.002544,866,1.037,0.0011,"aoml_navis",1031.28007441002
"7901009",99,0,1,0.031773,1,0.009345,1,128.233524101381,1,4.84829007076822,868,1,6.81300020217896,34.8699989318848,0.0317730009555817,0.0148456385359168,123.654602050781,-85.6871,26.38,129.30901876403,63,63,63,63,61,63,0,8047,1.25895569026649,26,-86,0.001869,51,2026-01-18 23:53:48.002544,868,1.037,0.0011,"aoml_navis",1031.29142997167
"7901009",99,0,1,0.033642,1,0.011214,1,128.362116383153,1,4.84824328614373,870,1,6.80700016021729,34.8699989318848,0.0336420014500618,0.0163302011787891,123.778602600098,-85.6871,26.38,129.30901876403,63,63,63,63,61,63,0,8047,1.25895569026649,26,-86,0.001869,51,2026-01-18 23:53:48.002544,870,1.037,0.0011,"aoml_navis",1031.30138173759
"7901009",99,0,1,0.026166,1,0.003738,1,128.488422122783,1,4.84819650355089,872,1,6.80100011825562,34.8699989318848,0.0261659994721413,0.0103919459506869,123.900398254395,-85.6871,26.38,129.30901876403,63,63,63,63,61,63,0,8047,1.25895569026649,26,-86,0.001869,51,2026-01-18 23:53:48.002544,872,1.037,0.0011,"aoml_navis",1031.31133326339
"7901009",99,0,1,0.024297,1,0.001869,1,128.678719394744,1,4.84815045550101,874,1,6.7960000038147,34.8699989318848,0.0242970008403063,0.00890738237649202,124.08390045166,-85.6871,26.38,129.30901876403,63,63,63,63,61,63,0,8047,1.25895569026649,26,-86,0.001869,51,2026-01-18 23:53:48.002544,874,1.037,0.0011,"aoml_navis",1031.32112872584
"7901009",99,0,1,0.028035,1,0.005607,1,128.884571482799,1,4.84810735175708,876,1,6.78999996185303,34.8689994812012,0.0280349999666214,0.0118765104562044,124.282402038574,-85.6871,26.38,129.30901876403,63,63,63,63,61,63,0,8047,1.25895569026649,26,-86,0.001869,51,2026-01-18 23:53:48.002544,876,1.037,0.0011,"aoml_navis",1031.33029803638
"7901009",99,0,1,0.028035,1,0.005607,1,129.191941294807,1,4.84805252185919,878,1,6.77299976348877,34.8689994812012,0.0280349999666214,0.0118765104562044,124.578796386719,-85.6871,26.38,129.30901876403,63,63,63,63,61,63,0,8047,1.25895569026649,26,-86,0.001869,51,2026-01-18 23:53:48.002544,878,1.037,0.0011,"aoml_navis",1031.34196204676
"7901009",99,0,1,0.031773,1,0.009345,1,129.424757173933,1,4.84800137752904,880,1,6.75600004196167,34.8680000305176,0.0317730009555817,0.0148456385359168,124.803298950195,-85.6871,26.38,129.30901876403,63,63,63,63,61,63,0,8047,1.25895569026649,26,-86,0.001869,51,2026-01-18 23:53:48.002544,880,1.037,0.0011,"aoml_navis",1031.35284226104
"7901009",99,0,1,0.029904,1,0.007476,1,129.793942742878,1,4.8479487601903,882,1,6.74200010299683,34.8680000305176,0.0299040004611015,0.0133610740303993,125.159301757812,-85.6871,26.38,129.30901876403,63,63,63,63,61,63,0,8047,1.25895569026649,26,-86,0.001869,51,2026-01-18 23:53:48.002544,882,1.037,0.0011,"aoml_navis",1031.3640360761
"7901009",99,0,1,0.031773,1,0.009345,1,130.272423443823,1,4.8478844727225,884,1,6.71199989318848,34.8680000305176,0.0317730009555817,0.0148456385359168,125.620697021484,-85.6871,26.38,129.30901876403,63,63,63,63,61,63,0,8047,1.25895569026649,26,-86,0.001869,51,2026-01-18 23:53:48.002544,884,1.037,0.0011,"aoml_navis",1031.37771292476
"7901009",99,0,1,0.029904,1,0.007476,1,130.669403554444,1,4.84783045104465,886,1,6.69099998474121,34.867000579834,0.0299040004611015,0.0133610740303993,126.00350189209,-85.6871,26.38,129.30901876403,63,63,63,63,61,63,0,8047,1.25895569026649,26,-86,0.001869,51,2026-01-18 23:53:48.002544,886,1.037,0.0011,"aoml_navis",1031.38920605661
"7901009",99,0,1,0.033642,1,0.011214,1,131.111592321808,1,4.84776331414243,888,1,6.65700006484985,34.867000579834,0.0336420014500618,0.0163302011787891,126.429901123047,-85.6871,26.38,129.30901876403,63,63,63,63,61,63,0,8047,1.25895569026649,26,-86,0.001869,51,2026-01-18 23:53:48.002544,888,1.037,0.0011,"aoml_navis",1031.40348981425
"7901009",99,0,1,0.029904,1,0.007476,1,131.435244845678,1,4.84771001895561,890,1,6.64200019836426,34.867000579834,0.0299040004611015,0.0133610740303993,126.741996765137,-85.6871,26.38,129.30901876403,63,63,63,63,61,63,0,8047,1.25895569026649,26,-86,0.001869,51,2026-01-18 23:53:48.002544,890,1.037,0.0011,"aoml_navis",1031.41482894994
"7901009",99,0,1,0.028035,1,0.005607,1,131.901810209371,1,4.84766040675415,892,1,6.6269998550415,34.8660011291504,0.0280349999666214,0.0118765104562044,127.191902160645,-85.6871,26.38,129.30901876403,63,63,63,63,61,63,0,8047,1.25895569026649,26,-86,0.001869,51,2026-01-18 23:53:48.002544,892,1.037,0.0011,"aoml_navis",1031.42538471416
"7901009",99,0,1,0.031773,1,0.009345,1,132.312058593943,1,4.84759407723527,894,1,6.5939998626709,34.8660011291504,0.0317730009555817,0.0148456385359168,127.587501525879,-85.6871,26.38,129.30901876403,63,63,63,63,61,63,0,8047,1.25895569026649,26,-86,0.001869,51,2026-01-18 23:53:48.002544,894,1.037,0.0011,"aoml_navis",1031.43949768411
"7901009",99,0,1,0.028035,1,0.005607,1,132.750196463118,1,4.84753870077341,896,1,6.57100009918213,34.8650016784668,0.0280349999666214,0.0118765104562044,128.009994506836,-85.6871,26.38,129.30901876403,63,63,63,63,61,63,0,8047,1.25895569026649,26,-86,0.001869,51,2026-01-18 23:53:48.002544,896,1.037,0.0011,"aoml_navis",1031.45128046162
"7901009",99,0,1,0.033642,1,0.011214,1,133.088794585971,1,4.84746660141056,898,1,6.53499984741211,34.8660011291504,0.0336420014500618,0.0163302011787891,128.336502075195,-85.6871,26.38,129.30901876403,63,63,63,63,61,63,0,8047,1.25895569026649,26,-86,0.001869,51,2026-01-18 23:53:48.002544,898,1.037,0.0011,"aoml_navis",1031.46662187318
"7901009",99,0,1,0.029904,1,0.007476,1,133.248393645093,1,4.84741337122029,900,1,6.51999998092651,34.8660011291504,0.0299040004611015,0.0133610740303993,128.49040222168,-85.6871,26.38,129.30901876403,63,63,63,63,61,63,0,8047,1.25895569026649,26,-86,0.001869,51,2026-01-18 23:53:48.002544,900,1.037,0.0011,"aoml_navis",1031.47794856647
"7901009",99,0,1,0.029904,1,0.007476,1,133.374699384724,1,4.84736303290755,902,1,6.50899982452393,34.8660011291504,0.0299040004611015,0.0133610740303993,128.612197875977,-85.6871,26.38,129.30901876403,63,63,63,63,61,63,0,8047,1.25895569026649,26,-86,0.001869,51,2026-01-18 23:53:48.002544,902,1.037,0.0011,"aoml_navis",1031.48866013464
"7901009",99,0,1,0.029904,1,0.007476,1,133.542083763803,1,4.8473141408241,904,1,6.5,34.8660011291504,0.0299040004611015,0.0133610740303993,128.77360534668,-85.6871,26.38,129.30901876403,63,63,63,63,61,63,0,8047,1.25895569026649,26,-86,0.001869,51,2026-01-18 23:53:48.002544,904,1.037,0.0011,"aoml_navis",1031.4990641704
"7901009",99,0,1,0.029904,1,0.007476,1,133.703439267061,1,4.84726669311627,906,1,6.49300003051758,34.8660011291504,0.0299040004611015,0.0133610740303993,128.92919921875,-85.6871,26.38,129.30901876403,63,63,63,63,61,63,0,8047,1.25895569026649,26,-86,0.001869,51,2026-01-18 23:53:48.002544,906,1.037,0.0011,"aoml_navis",1031.50916104959
"7901009",99,0,1,0.031773,1,0.009345,1,133.744707792363,1,4.84722357216097,908,1,6.49200010299683,34.8660011291504,0.0317730009555817,0.0148456385359168,128.968994140625,-85.6871,26.38,129.30901876403,63,63,63,63,61,63,0,8047,1.25895569026649,26,-86,0.001869,51,2026-01-18 23:53:48.002544,908,1.037,0.0011,"aoml_navis",1031.51833736667
"7901009",99,0,1,0.031773,1,0.009345,1,134.006971802465,1,4.84718412903142,910,1,6.49100017547607,34.8650016784668,0.0317730009555817,0.0148456385359168,129.221893310547,-85.6871,26.38,129.30901876403,63,63,63,63,61,63,0,8047,1.25895569026649,26,-86,0.001869,51,2026-01-18 23:53:48.002544,910,1.037,0.0011,"aoml_navis",1031.52673117023
"7901009",99,0,1,0.029904,1,0.007476,1,134.365682001873,1,4.8471338030274,912,1,6.48000001907349,34.8650016784668,0.0299040004611015,0.0133610740303993,129.567794799805,-85.6871,26.38,129.30901876403,63,63,63,63,61,63,0,8047,1.25895569026649,26,-86,0.001869,51,2026-01-18 23:53:48.002544,912,1.037,0.0011,"aoml_navis",1031.53744113214
"7901009",99,0,1,0.031773,1,0.009345,1,134.892393709382,1,4.84707700052592,914,1,6.46000003814697,34.8650016784668,0.0317730009555817,0.0148456385359168,130.075698852539,-85.6871,26.38,129.30901876403,63,63,63,63,61,63,0,8047,1.25895569026649,26,-86,0.001869,51,2026-01-18 23:53:48.002544,914,1.037,0.0011,"aoml_navis",1031.54952963559
"7901009",99,0,1,0.029904,1,0.007476,1,135.229947460046,1,4.84701805532866,916,1,6.43699979782104,34.8650016784668,0.0299040004611015,0.0133610740303993,130.40119934082,-85.6871,26.38,129.30901876403,63,63,63,63,61,63,0,8047,1.25895569026649,26,-86,0.001869,51,2026-01-18 23:53:48.002544,916,1.037,0.0011,"aoml_navis",1031.56207443939
"7901009",99,0,1,0.029904,1,0.007476,1,135.329495118279,1,4.84696990568293,918,1,6.42899990081787,34.8650016784668,0.0299040004611015,0.0133610740303993,130.497192382812,-85.6871,26.38,129.30901876403,63,63,63,63,61,63,0,8047,1.25895569026649,26,-86,0.001869,51,2026-01-18 23:53:48.002544,918,1.037,0.0011,"aoml_navis",1031.57232194441
"7901009",99,0,1,0.029904,1,0.007476,1,135.48547052238,1,4.84692678960342,920,1,6.42799997329712,34.8650016784668,0.0299040004611015,0.0133610740303993,130.647598266602,-85.6871,26.38,129.30901876403,63,63,63,63,61,63,0,8047,1.25895569026649,26,-86,0.001869,51,2026-01-18 23:53:48.002544,920,1.037,0.0011,"aoml_navis",1031.58149834756
"7901009",99,0,1,0.028035,1,0.005607,1,135.753241222208,1,4.84687720663069,922,1,6.41800022125244,34.8650016784668,0.0280349999666214,0.0118765104562044,130.905807495117,-85.6871,26.38,129.30901876403,63,63,63,63,61,63,0,8047,1.25895569026649,26,-86,0.001869,51,2026-01-18 23:53:48.002544,922,1.037,0.0011,"aoml_navis",1031.59205130261
"7901009",99,0,1,0.029904,1,0.007476,1,136.039968859655,1,4.84682403606755,924,1,6.40299987792969,34.8650016784668,0.0299040004611015,0.0133610740303993,131.18229675293,-85.6871,26.38,129.30901876403,63,63,63,63,61,63,0,8047,1.25895569026649,26,-86,0.001869,51,2026-01-18 23:53:48.002544,924,1.037,0.0011,"aoml_navis",1031.6033680597
"7901009",99,0,1,0.031773,1,0.009345,1,136.335731898922,1,4.8467708736986,926,1,6.38800001144409,34.8650016784668,0.0317730009555817,0.0148456385359168,131.467498779297,-85.6871,26.38,129.30901876403,63,63,63,63,61,63,0,8047,1.25895569026649,26,-86,0.001869,51,2026-01-18 23:53:48.002544,926,1.037,0.0011,"aoml_navis",1031.614683321
"7901009",99,0,1,0.029904,1,0.007476,1,136.619563777117,1,4.84672058714348,928,1,6.3769998550415,34.8650016784668,0.0299040004611015,0.0133610740303993,131.741195678711,-85.6871,26.38,129.30901876403,63,63,63,63,61,63,0,8047,1.25895569026649,26,-86,0.001869,51,2026-01-18 23:53:48.002544,928,1.037,0.0011,"aoml_navis",1031.62538671264
"7901009",99,0,1,0.029904,1,0.007476,1,136.877159760008,1,4.84666099104607,930,1,6.35300016403198,34.8650016784668,0.0299040004611015,0.0133610740303993,131.989593505859,-85.6871,26.38,129.30901876403,63,63,63,63,61,63,0,8047,1.25895569026649,26,-86,0.001869,51,2026-01-18 23:53:48.002544,930,1.037,0.0011,"aoml_navis",1031.63807190914
"7901009",99,0,1,0.031773,1,0.009345,1,137.124391140112,1,4.84661000184267,932,1,6.34100008010864,34.8650016784668,0.0317730009555817,0.0148456385359168,132.227996826172,-85.6871,26.38,129.30901876403,63,63,63,63,61,63,0,8047,1.25895569026649,26,-86,0.001869,51,2026-01-18 23:53:48.002544,932,1.037,0.0011,"aoml_navis",1031.64892535174
"7901009",99,0,1,0.031773,1,0.009345,1,137.366020887563,1,4.84655615648506,934,1,6.32499980926514,34.8650016784668,0.0317730009555817,0.0148456385359168,132.460998535156,-85.6871,26.38,129.30901876403,63,63,63,63,61,63,0,8047,1.25895569026649,26,-86,0.001869,51,2026-01-18 23:53:48.002544,934,1.037,0.0011,"aoml_navis",1031.66038699657
"7901009",99,0,1,0.029904,1,0.007476,1,137.616575270087,1,4.84650078851425,936,1,6.31199979782104,34.8660011291504,0.0299040004611015,0.0133610740303993,132.702606201172,-85.6871,26.38,129.30901876403,63,63,63,63,61,63,0,8047,1.25895569026649,26,-86,0.001869,51,2026-01-18 23:53:48.002544,936,1.037,0.0011,"aoml_navis",1031.67217301388
"7901009",99,0,1,0.031773,1,0.009345,1,137.78145948544,1,4.8464469596567,938,1,6.2960000038147,34.8660011291504,0.0317730009555817,0.0148456385359168,132.861602783203,-85.6871,26.38,129.30901876403,63,63,63,63,61,63,0,8047,1.25895569026649,26,-86,0.001869,51,2026-01-18 23:53:48.002544,938,1.037,0.0011,"aoml_navis",1031.68363166285
"7901009",99,0,1,0.026166,1,0.003738,1,137.847302404834,1,4.84640099140123,940,1,6.29099988937378,34.8660011291504,0.0261659994721413,0.0103919459506869,132.925094604492,-85.6871,26.38,129.30901876403,63,63,63,63,61,63,0,8047,1.25895569026649,26,-86,0.001869,51,2026-01-18 23:53:48.002544,940,1.037,0.0011,"aoml_navis",1031.69341721234
"7901009",99,0,1,0.031773,1,0.009345,1,137.992391020052,1,4.84635502498894,942,1,6.28599977493286,34.8660011291504,0.0317730009555817,0.0148456385359168,133.065002441406,-85.6871,26.38,129.30901876403,63,63,63,63,61,63,0,8047,1.25895569026649,26,-86,0.001869,51,2026-01-18 23:53:48.002544,942,1.037,0.0011,"aoml_navis",1031.70320255508
"7901009",99,0,1,0.028035,1,0.005607,1,138.088837209359,1,4.8463083468704,944,1,6.28000020980835,34.8660011291504,0.0280349999666214,0.0118765104562044,133.158004760742,-85.6871,26.38,129.30901876403,63,63,63,63,61,63,0,8047,1.25895569026649,26,-86,0.001869,51,2026-01-18 23:53:48.002544,944,1.037,0.0011,"aoml_navis",1031.71313959601
"7901009",99,0,1,0.031773,1,0.009345,1,138.2080855248,1,4.84626309803269,946,1,6.27600002288818,34.8660011291504,0.0317730009555817,0.0148456385359168,133.272994995117,-85.6871,26.38,129.30901876403,63,63,63,63,61,63,0,8047,1.25895569026649,26,-86,0.001869,51,2026-01-18 23:53:48.002544,946,1.037,0.0011,"aoml_navis",1031.72277254814
"7901009",99,0,1,0.031773,1,0.009345,1,138.358775772671,1,4.84621642336656,948,1,6.26999998092651,34.8660011291504,0.0317730009555817,0.0148456385359168,133.418304443359,-85.6871,26.38,129.30901876403,63,63,63,63,61,63,0,8047,1.25895569026649,26,-86,0.001869,51,2026-01-18 23:53:48.002544,948,1.037,0.0011,"aoml_navis",1031.73270923105
"7901009",99,0,1,0.029904,1,0.007476,1,138.473261117976,1,4.84616903707101,950,1,6.26300001144409,34.8660011291504,0.0299040004611015,0.0133610740303993,133.528701782227,-85.6871,26.38,129.30901876403,63,63,63,63,61,63,0,8047,1.25895569026649,26,-86,0.001869,51,2026-01-18 23:53:48.002544,950,1.037,0.0011,"aoml_navis",1031.74279761029
"7901009",99,0,1,0.028035,1,0.005607,1,138.60744712049,1,4.84612450756922,952,1,6.26000022888184,34.8660011291504,0.0280349999666214,0.0118765104562044,133.658096313477,-85.6871,26.38,129.30901876403,63,63,63,63,61,63,0,8047,1.25895569026649,26,-86,0.001869,51,2026-01-18 23:53:48.002544,952,1.037,0.0011,"aoml_navis",1031.75227796777
"7901009",99,0,1,0.029904,1,0.007476,1,138.828331838543,1,4.84607641136074,954,1,6.2519998550415,34.8660011291504,0.0299040004611015,0.0133610740303993,133.87109375,-85.6871,26.38,129.30901876403,63,63,63,63,61,63,0,8047,1.25895569026649,26,-86,0.001869,51,2026-01-18 23:53:48.002544,954,1.037,0.0011,"aoml_navis",1031.76251787496
"7901009",99,0,1,0.028035,1,0.005607,1,139.030876747998,1,4.84602546517121,956,1,6.23999977111816,34.8660011291504,0.0280349999666214,0.0118765104562044,134.06640625,-85.6871,26.38,129.30901876403,63,63,63,63,61,63,0,8047,1.25895569026649,26,-86,0.001869,51,2026-01-18 23:53:48.002544,956,1.037,0.0011,"aoml_navis",1031.77336477809
"7901009",99,0,1,0.031773,1,0.009345,1,139.321338807213,1,4.84597666249827,958,1,6.23099994659424,34.8660011291504,0.0317730009555817,0.0148456385359168,134.346496582031,-85.6871,26.38,129.30901876403,63,63,63,63,61,63,0,8047,1.25895569026649,26,-86,0.001869,51,2026-01-18 23:53:48.002544,958,1.037,0.0011,"aoml_navis",1031.78375552109
"7901009",99,0,1,0.033642,1,0.011214,1,139.621453397269,1,4.84592287590971,960,1,6.21500015258789,34.8660011291504,0.0336420014500618,0.0163302011787891,134.635894775391,-85.6871,26.38,129.30901876403,63,63,63,63,61,63,0,8047,1.25895569026649,26,-86,0.001869,51,2026-01-18 23:53:48.002544,960,1.037,0.0011,"aoml_navis",1031.79520764894
"7901009",99,0,1,0.029904,1,0.007476,1,139.867339752583,1,4.84586980958434,962,1,6.19999980926514,34.8660011291504,0.0299040004611015,0.0133610740303993,134.873001098633,-85.6871,26.38,129.30901876403,63,63,63,63,61,63,0,8047,1.25895569026649,26,-86,0.001869,51,2026-01-18 23:53:48.002544,962,1.037,0.0011,"aoml_navis",1031.806506669
"7901009",99,0,1,0.031773,1,0.009345,1,140.073191840637,1,4.84582101933347,964,1,6.19099998474121,34.8660011291504,0.0317730009555817,0.0148456385359168,135.071502685547,-85.6871,26.38,129.30901876403,63,63,63,63,61,63,0,8047,1.25895569026649,26,-86,0.001869,51,2026-01-18 23:53:48.002544,964,1.037,0.0011,"aoml_navis",1031.81689543452
"7901009",99,0,1,0.029904,1,0.007476,1,140.393212797576,1,4.84577436583247,966,1,6.18499994277954,34.8660011291504,0.0299040004611015,0.0133610740303993,135.380096435547,-85.6871,26.38,129.30901876403,63,63,63,63,61,63,0,8047,1.25895569026649,26,-86,0.001869,51,2026-01-18 23:53:48.002544,966,1.037,0.0011,"aoml_navis",1031.82682942379
"7901009",99,0,1,0.029904,1,0.007476,1,140.781798371129,1,4.84570923830095,968,1,6.15299987792969,34.8660011291504,0.0299040004611015,0.0133610740303993,135.754806518555,-85.6871,26.38,129.30901876403,63,63,63,63,61,63,0,8047,1.25895569026649,26,-86,0.001869,51,2026-01-18 23:53:48.002544,968,1.037,0.0011,"aoml_navis",1031.84069743176
"7901009",99,0,1,0.031773,1,0.009345,1,140.860395290291,1,4.84566401154123,970,1,6.14900016784668,34.8660011291504,0.0317730009555817,0.0148456385359168,135.830596923828,-85.6871,26.38,129.30901876403,63,63,63,63,61,63,0,8047,1.25895569026649,26,-86,0.001869,51,2026-01-18 23:53:48.002544,970,1.037,0.0011,"aoml_navis",1031.85032806467
"7901009",99,0,1,0.029904,1,0.007476,1,140.975925007785,1,4.84562091618972,972,1,6.14799976348877,34.8660011291504,0.0299040004611015,0.0133610740303993,135.942001342773,-85.6871,26.38,129.30901876403,63,63,63,63,61,63,0,8047,1.25895569026649,26,-86,0.001869,51,2026-01-18 23:53:48.002544,972,1.037,0.0011,"aoml_navis",1031.85950500058
"7901009",99,0,1,0.031773,1,0.009345,1,141.11976354114,1,4.8455764030536,974,1,6.14499998092651,34.8660011291504,0.0317730009555817,0.0148456385359168,136.080703735352,-85.6871,26.38,129.30901876403,63,63,63,63,61,63,0,8047,1.25895569026649,26,-86,0.001869,51,2026-01-18 23:53:48.002544,974,1.037,0.0011,"aoml_navis",1031.86898401789
"7901009",99,0,1,0.029904,1,0.007476,1,141.399449578219,1,4.84553189173395,976,1,6.14200019836426,34.8660011291504,0.0299040004611015,0.0133610740303993,136.350402832031,-85.6871,26.38,129.30901876403,63,63,63,63,61,63,0,8047,1.25895569026649,26,-86,0.001869,51,2026-01-18 23:53:48.002544,976,1.037,0.0011,"aoml_navis",1031.87846282254
"7901009",99,0,1,0.029904,1,0.007476,1,141.708694513022,1,4.84548383117788,978,1,6.13399982452393,34.8660011291504,0.0299040004611015,0.0133610740303993,136.64860534668,-85.6871,26.38,129.30901876403,63,63,63,63,61,63,0,8047,1.25895569026649,26,-86,0.001869,51,2026-01-18 23:53:48.002544,978,1.037,0.0011,"aoml_navis",1031.8886976421
"7901009",99,0,1,0.031773,1,0.009345,1,146.278155141787,1,4.84494139983421,999,1,6.00670003890991,34.8680000305176,0.0317730009555817,0.0148456385359168,141.054901123047,-85.6871,26.38,129.30901876403,63,63,63,63,61,63,0,8047,1.25895569026649,26,-86,0.001869,51,2026-01-18 23:53:48.002544,999,1.037,0.0011,"aoml_navis",1032.0042261339
"7901009",99,0,1,0.031773,1,0.009345,1,153.754514992934,1,4.84360732171093,1050.09997558594,1,5.68450021743774,34.875,0.0317730009555817,0.0148456385359168,148.264297485352,-85.6871,26.38,129.30901876403,63,63,63,63,61,63,0,8047,1.25895569026649,26,-86,0.001869,51,2026-01-18 23:53:48.002544,1050.09997558594,1.037,0.0011,"aoml_navis",1032.28847177352
"7901009",99,0,1,0.029904,1,0.007476,1,158.815637565579,1,4.84242054796817,1100,1,5.51830005645752,34.8790016174316,0.0299040004611015,0.0133610740303993,153.14469909668,-85.6871,26.38,129.30901876403,63,63,63,63,61,63,0,8047,1.25895569026649,26,-86,0.001869,51,2026-01-18 23:53:48.002544,1100,1.037,0.0011,"aoml_navis",1032.54146360707
"7901009",99,0,1,0.029904,1,0.007476,1,165.733147528662,1,4.84115182673886,1149.80004882812,1,5.25439977645874,34.8880004882812,0.0299040004611015,0.0133610740303993,159.815200805664,-85.6871,26.38,129.30901876403,63,63,63,63,61,63,0,8047,1.25895569026649,26,-86,0.001869,51,2026-01-18 23:53:48.002544,1149.80004882812,1.037,0.0011,"aoml_navis",1032.81206187002
"7901009",99,0,1,0.033642,1,0.011214,1,172.188348735914,1,4.83995925823966,1199.40002441406,1,5.07679986953735,34.8940010070801,0.0336420014500618,0.0163302011787891,166.039901733398,-85.6871,26.38,129.30901876403,63,63,63,63,61,63,0,8047,1.25895569026649,26,-86,0.001869,51,2026-01-18 23:53:48.002544,1199.40002441406,1.037,0.0011,"aoml_navis",1033.06654730365
"7901009",99,0,1,0.033642,1,0.011214,1,178.642505570977,1,4.83874962086778,1249.69995117188,1,4.89379978179932,34.9000015258789,0.0336420014500618,0.0163302011787891,172.263595581055,-85.6871,26.38,129.30901876403,63,63,63,63,61,63,0,8047,1.25895569026649,26,-86,0.001869,51,2026-01-18 23:53:48.002544,1249.69995117188,1.037,0.0011,"aoml_navis",1033.32480325843
"7901009",99,0,1,0.028035,1,0.005607,1,184.244438875688,1,4.83759575726581,1297.80004882812,1,4.72249984741211,34.9059982299805,0.0280349999666214,0.0118765104562044,177.665496826172,-85.6871,26.38,129.30901876403,63,63,63,63,61,63,0,8047,1.25895569026649,26,-86,0.001869,51,2026-01-18 23:53:48.002544,1297.80004882812,1.037,0.0011,"aoml_navis",1033.57127194645
"7901009",99,0,1,0.026166,1,0.003738,1,189.122210833813,1,4.83639459789557,1349.40002441406,1,4.58900022506714,34.9119987487793,0.0261659994721413,0.0103919459506869,182.369094848633,-85.6871,26.38,129.30901876403,63,63,63,63,61,63,0,8047,1.25895569026649,26,-86,0.001869,51,2026-01-18 23:53:48.002544,1349.40002441406,1.037,0.0011,"aoml_navis",1033.82796808507
"7901009",99,0,1,0.031773,1,0.009345,1,191.90799452987,1,4.83527156921466,1399.59997558594,1,4.50979995727539,34.9150009155273,0.0317730009555817,0.0148456385359168,185.055404663086,-85.6871,26.38,129.30901876403,63,63,63,63,61,63,0,8047,1.25895569026649,26,-86,0.001869,51,2026-01-18 23:53:48.002544,1399.59997558594,1.037,0.0011,"aoml_navis",1034.06808251146
"7901009",99,0,1,0.028035,1,0.005607,1,194.01159747659,1,4.83417922928689,1449.69995117188,1,4.46589994430542,34.9169998168945,0.0280349999666214,0.0118765104562044,187.083892822266,-85.6871,26.38,129.30901876403,63,63,63,63,61,63,0,8047,1.25895569026649,26,-86,0.001869,51,2026-01-18 23:53:48.002544,1449.69995117188,1.037,0.0011,"aoml_navis",1034.30174241545
"7901009",99,0,1,0.029904,1,0.007476,1,195.591305355948,1,4.83309823389452,1499.5,1,4.42759990692139,34.9189987182617,0.0299040004611015,0.0133610740303993,188.607192993164,-85.6871,26.38,129.30901876403,63,63,63,63,61,63,0,8047,1.25895569026649,26,-86,0.001869,51,2026-01-18 23:53:48.002544,1499.5,1.037,0.0011,"aoml_navis",1034.53307961651
"7901009",99,0,1,0.026166,1,0.003738,1,197.390046566297,1,4.83200985043919,1550,1,4.39820003509521,34.9210014343262,0.0261659994721413,0.0103919459506869,190.341705322266,-85.6871,26.38,129.30901876403,63,63,63,63,61,63,0,8047,1.25895569026649,26,-86,0.001869,51,2026-01-18 23:53:48.002544,1550,1.037,0.0011,"aoml_navis",1034.76610246263
"7901009",99,0,1,0.033642,1,0.011214,1,198.26094220549,1,4.83096356092014,1599,1,4.3769998550415,34.9220008850098,0.0336420014500618,0.0163302011787891,191.181503295898,-85.6871,26.38,129.30901876403,63,63,63,63,61,63,0,8047,1.25895569026649,26,-86,0.001869,51,2026-01-18 23:53:48.002544,1599,1.037,0.0011,"aoml_navis",1034.99021198323
"7901009",99,0,1,0.033642,1,0.011214,1,199.13224926403,1,4.82988021185407,1650.09997558594,1,4.36390018463135,34.9230003356934,0.0336420014500618,0.0163302011787891,192.021697998047,-85.6871,26.38,129.30901876403,63,63,63,63,61,63,0,8047,1.25895569026649,26,-86,0.001869,51,2026-01-18 23:53:48.002544,1650.09997558594,1.037,0.0011,"aoml_navis",1035.22236177378
"7901009",99,0,1,0.028035,1,0.005607,1,199.896650587548,1,4.82883419254315,1699.5,1,4.35120010375977,34.923999786377,0.0280349999666214,0.0118765104562044,192.758804321289,-85.6871,26.38,129.30901876403,63,63,63,63,61,63,0,8047,1.25895569026649,26,-86,0.001869,51,2026-01-18 23:53:48.002544,1699.5,1.037,0.0011,"aoml_navis",1035.44661105183
"7901009",99,0,1,0.031773,1,0.009345,1,200.435799818403,1,4.8277871314244,1749.5,1,4.34770011901855,34.923999786377,0.0317730009555817,0.0148456385359168,193.278701782227,-85.6871,26.38,129.30901876403,63,63,63,63,61,63,0,8047,1.25895569026649,26,-86,0.001869,51,2026-01-18 23:53:48.002544,1749.5,1.037,0.0011,"aoml_navis",1035.67118099608
"7901009",99,0,1,0.031773,1,0.009345,1,201.127490684191,1,4.82673998171442,1799.19995117188,1,4.33820009231567,34.9249992370605,0.0317730009555817,0.0148456385359168,193.945693969727,-85.6871,26.38,129.30901876403,63,63,63,63,61,63,0,8047,1.25895569026649,26,-86,0.001869,51,2026-01-18 23:53:48.002544,1799.19995117188,1.037,0.0011,"aoml_navis",1035.89586738502
"7901009",99,0,1,0.028035,1,0.005607,1,201.709063579285,1,4.82569764956613,1849.09997558594,1,4.33419990539551,34.9249992370605,0.0280349999666214,0.0118765104562044,194.506500244141,-85.6871,26.38,129.30901876403,63,63,63,63,61,63,0,8047,1.25895569026649,26,-86,0.001869,51,2026-01-18 23:53:48.002544,1849.09997558594,1.037,0.0011,"aoml_navis",1036.11961691167
"7901009",99,0,1,0.029904,1,0.007476,1,202.260761100233,1,4.82465195091834,1899.19995117188,1,4.32919979095459,34.9249992370605,0.0299040004611015,0.0133610740303993,195.038497924805,-85.6871,26.38,129.30901876403,63,63,63,63,61,63,0,8047,1.25895569026649,26,-86,0.001869,51,2026-01-18 23:53:48.002544,1899.19995117188,1.037,0.0011,"aoml_navis",1036.34418624711
"7901009",99,0,1,0.033642,1,0.011214,1,202.618442751274,1,4.82360054046717,1949.40002441406,1,4.3221001625061,34.9259986877441,0.0336420014500618,0.0163302011787891,195.383407592773,-85.6871,26.38,129.30901876403,63,63,63,63,61,63,0,8047,1.25895569026649,26,-86,0.001869,51,2026-01-18 23:53:48.002544,1949.40002441406,1.037,0.0011,"aoml_navis",1036.57008038973
"7901009",99,0,1,0.028035,1,0.005607,1,199.651381361255,4,4.822535212963,2000.69995117188,1,4.32019996643066,34.9259986877441,0.0280349999666214,0.0118765104562044,192.52229309082,-85.6871,26.38,129.30901876403,63,63,63,63,61,63,0,8047,1.25895569026649,26,-86,0.001869,51,2026-01-18 23:53:48.002544,2000.69995117188,1.037,0.0011,"aoml_navis",1036.79906505607
"7901009",100,0.286520806720089,1,0.383145,1,0.360717,1,194.903092762701,1,4.88120790919425,2.29999995231628,1,25.2919998168945,36.4220008850098,0.38314500451088,0.293943613767624,187.943496704102,-86.1817,26.4675,127.203365970049,63,63,63,63,61,63,0.360717,8047,1.25895569026649,26,-86,0.001869,51,2026-01-29 06:33:59.000691,2.29999995231628,1.037,0.0011,"aoml_navis",1024.33661770112
"7901009",100,0.301366444373979,1,0.401835,1,0.379407,1,194.844924378512,1,4.88117158833684,4,1,25.2910003662109,36.4220008850098,0.40183499455452,0.308789253234863,187.887405395508,-86.1817,26.4675,127.203365970049,63,63,63,63,61,63,0.379407,8047,1.25895569026649,26,-86,0.001869,51,2026-01-29 06:33:59.000691,4,1.037,0.0011,"aoml_navis",1024.3442398024
"7901009",100,0.292459061781645,1,0.390621,1,0.368193,1,194.852488167316,1,4.88113352223818,6,1,25.2929992675781,36.4220008850098,0.3906210064888,0.299881875514984,187.89469909668,-86.1817,26.4675,127.203365970049,63,63,63,63,61,63,0.368193,8047,1.25895569026649,26,-86,0.001869,51,2026-01-29 06:33:59.000691,6,1.037,0.0011,"aoml_navis",1024.35222827244
"7901009",100,0.283551679189311,1,0.379407,1,0.356979,1,194.856016880502,1,4.8810925230989,8,1,25.2929992675781,36.4220008850098,0.379406988620758,0.290974497795105,187.898101806641,-86.1817,26.4675,127.203365970049,63,63,63,63,61,63,0.356979,8047,1.25895569026649,26,-86,0.001869,51,2026-01-29 06:33:59.000691,8,1.037,0.0011,"aoml_navis",1024.36083240348
"7901009",100,0.292459061781645,1,0.390621,1,0.368193,1,194.85747267249,1,4.88105094728404,10.1000003814697,1,25.2940006256104,36.4220008850098,0.3906210064888,0.299881875514984,187.899505615234,-86.1817,26.4675,127.203365970049,63,63,63,63,61,63,0.368193,8047,1.25895569026649,26,-86,0.001869,51,2026-01-29 06:33:59.000691,10.1000003814697,1.037,0.0011,"aoml_navis",1024.36955770399
"7901009",100,0.296912753077812,1,0.396228,1,0.3738,1,194.822422898013,1,4.88101552042141,11.8999996185303,1,25.2950000762939,36.4220008850098,0.396227985620499,0.304335564374924,187.865707397461,-86.1817,26.4675,127.203365970049,63,63,63,63,61,63,0.3738,8047,1.25895569026649,26,-86,0.001869,51,2026-01-29 06:33:59.000691,11.8999996185303,1.037,0.0011,"aoml_navis",1024.3769926731
"7901009",100,0.304335571904758,1,0.405573,1,0.383145,1,194.814526808864,1,4.88097247880965,14,1,25.2950000762939,36.4220008850098,0.405573010444641,0.311758369207382,187.858093261719,-86.1817,26.4675,127.203365970049,63,63,63,63,61,63,0.383145,8047,1.25895569026649,26,-86,0.001869,51,2026-01-29 06:33:59.000691,14,1.037,0.0011,"aoml_navis",1024.38602588052
"7901009",100,0.290974498016256,1,0.388752,1,0.366324,1,194.840984245851,1,4.88093148921879,16,1,25.2950000762939,36.4220008850098,0.388752013444901,0.298397302627563,187.883605957031,-86.1817,26.4675,127.203365970049,63,63,63,63,61,63,0.366324,8047,1.25895569026649,26,-86,0.001869,51,2026-01-29 06:33:59.000691,16,1.037,0.0011,"aoml_navis",1024.39462857535
"7901009",100,0.296912753077812,1,0.396228,1,0.3738,1,194.804367912605,1,4.88089197026844,18,1,25.2959995269775,36.4220008850098,0.396227985620499,0.304335564374924,187.848297119141,-86.1817,26.4675,127.203365970049,63,63,63,63,61,63,0.3738,8047,1.25895569026649,26,-86,0.001869,51,2026-01-29 06:33:59.000691,18,1.037,0.0011,"aoml_navis",1024.40292275615
"7901009",100,0.311758390731703,1,0.414918,1,0.39249,1,194.779587801169,1,4.88085098545038,20,1,25.2959995269775,36.4220008850098,0.414918005466461,0.319181203842163,187.824401855469,-86.1817,26.4675,127.203365970049,63,63,63,63,61,63,0.39249,8047,1.25895569026649,26,-86,0.001869,51,2026-01-29 06:33:59.000691,20,1.037,0.0011,"aoml_navis",1024.41152473304
"7901009",100,0.302851008139368,1,0.403704,1,0.381276,1,194.848231558135,1,4.88081147424297,22,1,25.2970008850098,36.4220008850098,0.403703987598419,0.310273826122284,187.890594482422,-86.1817,26.4675,127.203365970049,63,63,63,63,61,63,0.381276,8047,1.25895569026649,26,-86,0.001869,51,2026-01-29 06:33:59.000691,22,1.037,0.0011,"aoml_navis",1024.41981756231
"7901009",100,0.307304699435536,1,0.409311,1,0.386883,1,194.729188915521,1,4.88077049419694,24,1,25.2970008850098,36.4220008850098,0.40931099653244,0.314727514982224,187.775802612305,-86.1817,26.4675,127.203365970049,63,63,63,63,61,63,0.386883,8047,1.25895569026649,26,-86,0.001869,51,2026-01-29 06:33:59.000691,24,1.037,0.0011,"aoml_navis",1024.42841882134
"7901009",100,0.328088592150983,1,0.435477,1,0.413049,1,194.830081629772,1,4.88072951650387,26,1,25.2970008850098,36.4220008850098,0.435476988554001,0.335511416196823,187.873092651367,-86.1817,26.4675,127.203365970049,63,63,63,63,61,63,0.413049,8047,1.25895569026649,26,-86,0.001869,51,2026-01-29 06:33:59.000691,26,1.037,0.0011,"aoml_navis",1024.43701973093
"7901009",100,0.302851008139368,1,0.403704,1,0.381276,1,194.817754869358,1,4.88069000985185,28,1,25.2980003356934,36.4220008850098,0.403703987598419,0.310273826122284,187.861206054688,-86.1817,26.4675,127.203365970049,63,63,63,63,61,63,0.381276,8047,1.25895569026649,26,-86,0.001869,51,2026-01-29 06:33:59.000691,28,1.037,0.0011,"aoml_navis",1024.44531201681
"7901009",100,0.298397316843201,1,0.398097,1,0.375669,1,194.797737729532,1,4.88064903692935,30,1,25.2980003356934,36.4220008850098,0.398097008466721,0.305820137262344,187.841903686523,-86.1817,26.4675,127.203365970049,63,63,63,63,61,63,0.375669,8047,1.25895569026649,26,-86,0.001869,51,2026-01-29 06:33:59.000691,30,1.037,0.0011,"aoml_navis",1024.45391220872
"7901009",100,0.292459061781645,1,0.390621,1,0.368193,1,194.817754869358,1,4.88060806635915,32,1,25.2980003356934,36.4220008850098,0.3906210064888,0.299881875514984,187.861206054688,-86.1817,26.4675,127.203365970049,63,63,63,63,61,63,0.368193,8047,1.25895569026649,26,-86,0.001869,51,2026-01-29 06:33:59.000691,32,1.037,0.0011,"aoml_navis",1024.46251205127
"7901009",100,0.296912753077812,1,0.396228,1,0.3738,1,194.846269403718,1,4.88056709814104,34,1,25.2980003356934,36.4220008850098,0.396227985620499,0.304335564374924,187.888702392578,-86.1817,26.4675,127.203365970049,63,63,63,63,61,63,0.3738,8047,1.25895569026649,26,-86,0.001869,51,2026-01-29 06:33:59.000691,34,1.037,0.0011,"aoml_navis",1024.47111154449
"7901009",100,0.298397316843201,1,0.398097,1,0.375669,1,194.794525492864,1,4.88052907028607,36,1,25.2999992370605,36.4220008850098,0.398097008466721,0.305820137262344,187.838806152344,-86.1817,26.4675,127.203365970049,63,63,63,63,61,63,0.375669,8047,1.25895569026649,26,-86,0.001869,51,2026-01-29 06:33:59.000691,36,1.037,0.0011,"aoml_navis",1024.47909396571
"7901009",100,0.29988188060859,1,0.399966,1,0.377538,1,194.808418812048,1,4.88048957883275,38,1,25.3010005950928,36.4220008850098,0.39996600151062,0.307304710149765,187.852203369141,-86.1817,26.4675,127.203365970049,63,63,63,63,61,63,0.377538,8047,1.25895569026649,26,-86,0.001869,51,2026-01-29 06:33:59.000691,38,1.037,0.0011,"aoml_navis",1024.48738374232
"7901009",100,0.310273826966314,1,0.413049,1,0.390621,1,194.791297432371,1,4.88044861786555,40,1,25.3010005950928,36.4220008850098,0.413049012422562,0.317696630954742,187.835693359375,-86.1817,26.4675,127.203365970049,63,63,63,63,61,63,0.390621,8047,1.25895569026649,26,-86,0.001869,51,2026-01-29 06:33:59.000691,40,1.037,0.0011,"aoml_navis",1024.49598213099
"7901009",100,0.311758390731703,1,0.414918,1,0.39249,1,194.751896105758,1,4.88040912854452,42,1,25.3020000457764,36.4220008850098,0.414918005466461,0.319181203842163,187.797698974609,-86.1817,26.4675,127.203365970049,63,63,63,63,61,63,0.39249,8047,1.25895569026649,26,-86,0.001869,51,2026-01-29 06:33:59.000691,42,1.037,0.0011,"aoml_navis",1024.50427173329
"7901009",100,0.298397316843201,1,0.398097,1,0.375669,1,194.78653446076,1,4.88036670298455,44,1,25.3010005950928,36.4220008850098,0.398097008466721,0.305820137262344,187.831100463867,-86.1817,26.4675,127.203365970049,63,63,63,63,61,63,0.375669,8047,1.25895569026649,26,-86,0.001869,51,2026-01-29 06:33:59.000691,44,1.037,0.0011,"aoml_navis",1024.51317786065
"7901009",100,0.293943625547034,1,0.39249,1,0.370062,1,194.742971467923,1,4.88032574907032,46,1,25.3010005950928,36.4220008850098,0.3924899995327,0.301366448402405,187.789093017578,-86.1817,26.4675,127.203365970049,63,63,63,63,61,63,0.370062,8047,1.25895569026649,26,-86,0.001869,51,2026-01-29 06:33:59.000691,46,1.037,0.0011,"aoml_navis",1024.52177520168
"7901009",100,0.308789263200925,1,0.41118,1,0.388752,1,194.788290905441,1,4.88028773652541,48,1,25.30299949646,36.4220008850098,0.41117998957634,0.316212087869644,187.832794189453,-86.1817,26.4675,127.203365970049,63,63,63,63,61,63,0.388752,8047,1.25895569026649,26,-86,0.001869,51,2026-01-29 06:33:59.000691,48,1.037,0.0011,"aoml_navis",1024.52975519837
"7901009",100,0.296912753077812,1,0.396228,1,0.3738,1,194.765900191723,1,4.88024825987784,50,1,25.3040008544922,36.4220008850098,0.396227985620499,0.304335564374924,187.81120300293,-86.1817,26.4675,127.203365970049,63,63,63,63,61,63,0.3738,8047,1.25895569026649,26,-86,0.001869,51,2026-01-29 06:33:59.000691,50,1.037,0.0011,"aoml_navis",1024.53804268661
"7901009",100,0.308789263200925,1,0.41118,1,0.388752,1,194.773875400001,1,4.88020379346607,52.0999984741211,1,25.30299949646,36.4220008850098,0.41117998957634,0.316212087869644,187.818893432617,-86.1817,26.4675,127.203365970049,63,63,63,63,61,63,0.388752,8047,1.25895569026649,26,-86,0.001869,51,2026-01-29 06:33:59.000691,52.0999984741211,1.037,0.0011,"aoml_navis",1024.54737785629
"7901009",100,0.31621208202787,1,0.420525,1,0.398097,1,194.716324145024,1,4.88016489632692,54,1,25.30299949646,36.4220008850098,0.420525014400482,0.323634892702103,187.763397216797,-86.1817,26.4675,127.203365970049,63,63,63,63,61,63,0.398097,8047,1.25895569026649,26,-86,0.001869,51,2026-01-29 06:33:59.000691,54,1.037,0.0011,"aoml_navis",1024.555543966
"7901009",100,0.310273826966314,1,0.413049,1,0.390621,1,194.719963624993,1,4.88012395429374,56,1,25.30299949646,36.4220008850098,0.413049012422562,0.317696630954742,187.766906738281,-86.1817,26.4675,127.203365970049,63,63,63,63,61,63,0.390621,8047,1.25895569026649,26,-86,0.001869,51,2026-01-29 06:33:59.000691,56,1.037,0.0011,"aoml_navis",1024.56413952371
"7901009",100,0.295428189312423,1,0.394359,1,0.371931,1,194.726593808065,1,4.88008595723555,58,1,25.3050003051758,36.4220008850098,0.394358992576599,0.302851021289825,187.773300170898,-86.1817,26.4675,127.203365970049,63,63,63,63,61,63,0.371931,8047,1.25895569026649,26,-86,0.001869,51,2026-01-29 06:33:59.000691,58,1.037,0.0011,"aoml_navis",1024.57211692894
"7901009",100,0.292459061781645,1,0.390621,1,0.368193,1,194.671210417244,1,4.88004355003753,60,1,25.3040008544922,36.4220008850098,0.3906210064888,0.299881875514984,187.71989440918,-86.1817,26.4675,127.203365970049,63,63,63,63,61,63,0.368193,8047,1.25895569026649,26,-86,0.001869,51,2026-01-29 06:33:59.000691,60,1.037,0.0011,"aoml_navis",1024.58102038076
"7901009",100,0.305820135670147,1,0.407442,1,0.385014,1,194.671210417244,1,4.88000114229012,62,1,25.30299949646,36.4220008850098,0.407442003488541,0.313242942094803,187.71989440918,-86.1817,26.4675,127.203365970049,63,63,63,63,61,63,0.385014,8047,1.25895569026649,26,-86,0.001869,51,2026-01-29 06:33:59.000691,62,1.037,0.0011,"aoml_navis",1024.58992410268
"7901009",100,0.34738792110104,1,0.459774,1,0.437346,1,194.637410725017,1,4.87995955562553,64,1,25.3050003051758,36.4230003356934,0.459773987531662,0.354810744524002,187.687301635742,-86.1817,26.4675,127.203365970049,63,63,63,63,61,63,0.437346,8047,1.25895569026649,26,-86,0.001869,51,2026-01-29 06:33:59.000691,64,1.037,0.0011,"aoml_navis",1024.59865558437
"7901009",100,0.304335571904758,1,0.405573,1,0.383145,1,194.613659162267,1,4.87992369273991,66,1,25.3059997558594,36.4220008850098,0.405573010444641,0.311758369207382,187.664398193359,-86.1817,26.4675,127.203365970049,63,63,63,63,61,63,0.383145,8047,1.25895569026649,26,-86,0.001869,51,2026-01-29 06:33:59.000691,66,1.037,0.0011,"aoml_navis",1024.60618542842
"7901009",100,0.288005370485478,1,0.385014,1,0.362586,1,194.606823269457,1,4.8798791681761,68,1,25.3059997558594,36.4230003356934,0.385013997554779,0.295428186655045,187.657806396484,-86.1817,26.4675,127.203365970049,63,63,63,63,61,63,0.362586,8047,1.25895569026649,26,-86,0.001869,51,2026-01-29 06:33:59.000691,68,1.037,0.0011,"aoml_navis",1024.61553404995
"7901009",100,0.301366444373979,1,0.401835,1,0.379407,1,194.631286904374,1,4.87983677252972,70,1,25.3050003051758,36.4230003356934,0.40183499455452,0.308789253234863,187.681396484375,-86.1817,26.4675,127.203365970049,63,63,63,63,61,63,0.379407,8047,1.25895569026649,26,-86,0.001869,51,2026-01-29 06:33:59.000691,70,1.037,0.0011,"aoml_navis",1024.62443583087
"7901009",100,0.320665773324037,1,0.426132,1,0.403704,1,194.593341369749,1,4.87979584952728,72,1,25.3050003051758,36.4230003356934,0.426131993532181,0.328088581562042,187.644805908203,-86.1817,26.4675,127.203365970049,63,63,63,63,61,63,0.403704,8047,1.25895569026649,26,-86,0.001869,51,2026-01-29 06:33:59.000691,72,1.037,0.0011,"aoml_navis",1024.63302854859
"7901009",100,0.296912753077812,1,0.396228,1,0.3738,1,194.553402033053,1,4.87975639936401,74,1,25.3059997558594,36.4230003356934,0.396227985620499,0.304335564374924,187.606292724609,-86.1817,26.4675,127.203365970049,63,63,63,63,61,63,0.3738,8047,1.25895569026649,26,-86,0.001869,51,2026-01-29 06:33:59.000691,74,1.037,0.0011,"aoml_navis",1024.64131214658
"7901009",100,0.311758390731703,1,0.414918,1,0.39249,1,194.601727997502,1,4.87971695171578,76,1,25.306999206543,36.4230003356934,0.414918005466461,0.319181203842163,187.652893066406,-86.1817,26.4675,127.203365970049,63,63,63,63,61,63,0.39249,8047,1.25895569026649,26,-86,0.001869,51,2026-01-29 06:33:59.000691,76,1.037,0.0011,"aoml_navis",1024.64959535039
"7901009",100,0.301366444373979,1,0.401835,1,0.379407,1,194.597170735628,1,4.87967603588612,78,1,25.306999206543,36.4230003356934,0.40183499455452,0.308789253234863,187.648498535156,-86.1817,26.4675,127.203365970049,63,63,63,63,61,63,0.379407,8047,1.25895569026649,26,-86,0.001869,51,2026-01-29 06:33:59.000691,78,1.037,0.0011,"aoml_navis",1024.65818698393
"7901009",100,0.308789263200925,1,0.41118,1,0.388752,1,194.545316057993,1,4.87963365167942,80,1,25.3059997558594,36.4230003356934,0.41117998957634,0.316212087869644,187.598495483398,-86.1817,26.4675,127.203365970049,63,63,63,63,61,63,0.388752,8047,1.25895569026649,26,-86,0.001869,51,2026-01-29 06:33:59.000691,80,1.037,0.0011,"aoml_navis",1024.66708710379
"7901009",100,0.289489934250867,1,0.386883,1,0.364455,1,194.554129929047,1,4.87959274047855,82,1,25.3059997558594,36.4230003356934,0.386882990598679,0.296912759542465,187.606994628906,-86.1817,26.4675,127.203365970049,63,63,63,63,61,63,0.364455,8047,1.25895569026649,26,-86,0.001869,51,2026-01-29 06:33:59.000691,82,1.037,0.0011,"aoml_navis",1024.67567805867
"7901009",100,0.29988188060859,1,0.399966,1,0.377538,1,194.549161247699,1,4.87955183162433,84,1,25.3059997558594,36.4230003356934,0.39996600151062,0.307304710149765,187.602203369141,-86.1817,26.4675,127.203365970049,63,63,63,63,61,63,0.377538,8047,1.25895569026649,26,-86,0.001869,51,2026-01-29 06:33:59.000691,84,1.037,0.0011,"aoml_navis",1024.68426866481
"7901009",100,0.310273826966314,1,0.413049,1,0.390621,1,194.510471993254,1,4.87951239603594,86,1,25.306999206543,36.4230003356934,0.413049012422562,0.317696630954742,187.564895629883,-86.1817,26.4675,127.203365970049,63,63,63,63,61,63,0.390621,8047,1.25895569026649,26,-86,0.001869,51,2026-01-29 06:33:59.000691,86,1.037,0.0011,"aoml_navis",1024.6925500306
"7901009",100,0.296912753077812,1,0.396228,1,0.3738,1,194.441306050031,1,4.87947149193944,88,1,25.306999206543,36.4230003356934,0.396227985620499,0.304335564374924,187.498199462891,-86.1817,26.4675,127.203365970049,63,63,63,63,61,63,0.3738,8047,1.25895569026649,26,-86,0.001869,51,2026-01-29 06:33:59.000691,88,1.037,0.0011,"aoml_navis",1024.70113992051
"7901009",100,0.308789263200925,1,0.41118,1,0.388752,1,194.487242616761,1,4.87943206408321,90,1,25.3080005645752,36.4230003356934,0.41117998957634,0.316212087869644,187.542495727539,-86.1817,26.4675,127.203365970049,63,63,63,63,61,63,0.388752,8047,1.25895569026649,26,-86,0.001869,51,2026-01-29 06:33:59.000691,90,1.037,0.0011,"aoml_navis",1024.70941993522
"7901009",100,0.317696645793259,1,0.422394,1,0.399966,1,194.482574588106,1,4.87939410715929,92,1,25.3099994659424,36.4230003356934,0.422394007444382,0.325119465589523,187.537994384766,-86.1817,26.4675,127.203365970049,63,63,63,63,61,63,0.399966,8047,1.25895569026649,26,-86,0.001869,51,2026-01-29 06:33:59.000691,92,1.037,0.0011,"aoml_navis",1024.7173911744
"7901009",100,0.304335571904758,1,0.405573,1,0.383145,1,194.402632619411,1,4.87935468443204,94,1,25.3110008239746,36.4230003356934,0.405573010444641,0.311758369207382,187.460906982422,-86.1817,26.4675,127.203365970049,63,63,63,63,61,63,0.383145,8047,1.25895569026649,26,-86,0.001869,51,2026-01-29 06:33:59.000691,94,1.037,0.0011,"aoml_navis",1024.72567037459
"7901009",100,0.313242954497092,1,0.416787,1,0.394359,1,194.329099300226,1,4.87931378997869,96,1,25.3110008239746,36.4230003356934,0.416786998510361,0.320665776729584,187.389999389648,-86.1817,26.4675,127.203365970049,63,63,63,63,61,63,0.394359,8047,1.25895569026649,26,-86,0.001869,51,2026-01-29 06:33:59.000691,96,1.037,0.0011,"aoml_navis",1024.73425879458
"7901009",100,0.302851008139368,1,0.403704,1,0.381276,1,194.356063099643,1,4.87927436936649,98,1,25.3120002746582,36.4230003356934,0.403703987598419,0.310273826122284,187.416000366211,-86.1817,26.4675,127.203365970049,63,63,63,63,61,63,0.381276,8047,1.25895569026649,26,-86,0.001869,51,2026-01-29 06:33:59.000691,98,1.037,0.0011,"aoml_navis",1024.74253782314
"7901009",100,0.293943625547034,1,0.39249,1,0.370062,1,194.277149679635,1,4.87923495126645,100,1,25.3129997253418,36.4230003356934,0.3924899995327,0.301366448402405,187.339904785156,-86.1817,26.4675,127.203365970049,63,63,63,63,61,63,0.370062,8047,1.25895569026649,26,-86,0.001869,51,2026-01-29 06:33:59.000691,100,1.037,0.0011,"aoml_navis",1024.75081645786
"7901009",100,0.298397316843201,1,0.398097,1,0.375669,1,194.188995145274,1,4.8791940639778,102,1,25.3129997253418,36.4230003356934,0.398097008466721,0.305820137262344,187.254898071289,-86.1817,26.4675,127.203365970049,63,63,63,63,61,63,0.375669,8047,1.25895569026649,26,-86,0.001869,51,2026-01-29 06:33:59.000691,102,1.037,0.0011,"aoml_navis",1024.75940379459
"7901009",100,0.304335571904758,1,0.405573,1,0.383145,1,194.197081120333,1,4.87915105600358,104,1,25.3139991760254,36.423999786377,0.405573010444641,0.311758369207382,187.2626953125,-86.1817,26.4675,127.203365970049,63,63,63,63,61,63,0.383145,8047,1.25895569026649,26,-86,0.001869,51,2026-01-29 06:33:59.000691,104,1.037,0.0011,"aoml_navis",1024.7684366828
"7901009",100,0.304335571904758,1,0.405573,1,0.383145,1,194.203932836969,1,4.87911376826415,106,1,25.3139991760254,36.4230003356934,0.405573010444641,0.311758369207382,187.269302368164,-86.1817,26.4675,127.203365970049,63,63,63,63,61,63,0.383145,8047,1.25895569026649,26,-86,0.001869,51,2026-01-29 06:33:59.000691,106,1.037,0.0011,"aoml_navis",1024.77626828916
"7901009",100,0.289489934250867,1,0.386883,1,0.364455,1,194.099922829007,1,4.8790728880732,108,1,25.3139991760254,36.4230003356934,0.386882990598679,0.296912759542465,187.169006347656,-86.1817,26.4675,127.203365970049,63,63,63,63,61,63,0.364455,8047,1.25895569026649,26,-86,0.001869,51,2026-01-29 06:33:59.000691,108,1.037,0.0011,"aoml_navis",1024.78485456169
"7901009",100,0.304335571904758,1,0.405573,1,0.383145,1,194.05904988658,1,4.87902989057261,110,1,25.3150005340576,36.423999786377,0.405573010444641,0.311758369207382,187.129592895508,-86.1817,26.4675,127.203365970049,63,63,63,63,61,63,0.383145,8047,1.25895569026649,26,-86,0.001869,51,2026-01-29 06:33:59.000691,110,1.037,0.0011,"aoml_navis",1024.7938856987
"7901009",100,0.326604028385593,1,0.433608,1,0.41118,1,194.026389509821,1,4.87898901524456,112,1,25.3150005340576,36.423999786377,0.433607995510101,0.334026843309402,187.098098754883,-86.1817,26.4675,127.203365970049,63,63,63,63,61,63,0.41118,8047,1.25895569026649,26,-86,0.001869,51,2026-01-29 06:33:59.000691,112,1.037,0.0011,"aoml_navis",1024.80247124503
"7901009",100,0.338480538508706,1,0.44856,1,0.426132,1,194.010312502657,1,4.87894961442863,114,1,25.3159999847412,36.423999786377,0.448559999465942,0.345903366804123,187.082595825195,-86.1817,26.4675,127.203365970049,63,63,63,63,61,63,0.426132,8047,1.25895569026649,26,-86,0.001869,51,2026-01-29 06:33:59.000691,114,1.037,0.0011,"aoml_navis",1024.81074721768
"7901009",100,0.305820135670147,1,0.407442,1,0.385014,1,193.905163179226,1,4.87890874385203,116,1,25.3159999847412,36.423999786377,0.407442003488541,0.313242942094803,186.981201171875,-86.1817,26.4675,127.203365970049,63,63,63,63,61,63,0.385014,8047,1.25895569026649,26,-86,0.001869,51,2026-01-29 06:33:59.000691,116,1.037,0.0011,"aoml_navis",1024.8193320485
"7901009",100,0.302851008139368,1,0.403704,1,0.381276,1,193.856315028521,1,4.87886934795417,118,1,25.3169994354248,36.423999786377,0.403703987598419,0.310273826122284,186.934097290039,-86.1817,26.4675,127.203365970049,63,63,63,63,61,63,0.381276,8047,1.25895569026649,26,-86,0.001869,51,2026-01-29 06:33:59.000691,118,1.037,0.0011,"aoml_navis",1024.8276072604
"7901009",100,0.301366444373979,1,0.401835,1,0.379407,1,193.693503683332,1,4.87882995737607,120,1,25.318000793457,36.423999786377,0.40183499455452,0.308789253234863,186.777099609375,-86.1817,26.4675,127.203365970049,63,63,63,63,61,63,0.379407,8047,1.25895569026649,26,-86,0.001869,51,2026-01-29 06:33:59.000691,120,1.037,0.0011,"aoml_navis",1024.8358814885
"7901009",100,0.308789263200925,1,0.41118,1,0.388752,1,193.470229499191,1,4.87878697271852,122,1,25.3190002441406,36.4249992370605,0.41117998957634,0.316212087869644,186.561798095703,-86.1817,26.4675,127.203365970049,63,63,63,63,61,63,0.388752,8047,1.25895569026649,26,-86,0.001869,51,2026-01-29 06:33:59.000691,122,1.037,0.0011,"aoml_navis",1024.84491082707
"7901009",100,0.334026847212539,1,0.442953,1,0.420525,1,193.006986994534,1,4.87874463920868,124,1,25.318000793457,36.4249992370605,0.442952990531921,0.341449677944183,186.115097045898,-86.1817,26.4675,127.203365970049,63,63,63,63,61,63,0.420525,8047,1.25895569026649,26,-86,0.001869,51,2026-01-29 06:33:59.000691,124,1.037,0.0011,"aoml_navis",1024.85380354135
"7901009",100,0.310273826966314,1,0.413049,1,0.390621,1,191.34535867928,1,4.87869659346975,126,1,25.318000793457,36.4269981384277,0.413049012422562,0.317696630954742,184.512802124023,-86.1817,26.4675,127.203365970049,63,63,63,63,61,63,0.390621,8047,1.25895569026649,26,-86,0.001869,51,2026-01-29 06:33:59.000691,126,1.037,0.0011,"aoml_navis",1024.86389637196
"7901009",100,0.256829531412308,1,0.345765,1,0.323337,1,185.777539809382,1,4.87860079943544,128,1,25.3099994659424,36.4389991760254,0.345764994621277,0.264252364635468,179.143798828125,-86.1817,26.4675,127.203365970049,63,63,63,63,61,63,0.323337,8047,1.25895569026649,26,-86,0.001869,51,2026-01-29 06:33:59.000691,128,1.037,0.0011,"aoml_navis",1024.88402014336
"7901009",100,0.161817450427408,1,0.226149,1,0.203721,1,176.37157283642,1,4.87819148765215,130,1,25.238000869751,36.5120010375977,0.226148992776871,0.169240266084671,170.073699951172,-86.1817,26.4675,127.203365970049,63,63,63,63,61,63,0.203721,8047,1.25895569026649,26,-86,0.001869,51,2026-01-29 06:33:59.000691,130,1.037,0.0011,"aoml_navis",1024.97001453432
"7901009",100,0.12618792005807,1,0.181293,1,0.158865,1,170.272690543847,1,4.87782777876831,132,1,25.1700000762939,36.5740013122559,0.181292995810509,0.133610740303993,164.192596435547,-86.1817,26.4675,127.203365970049,63,63,63,63,61,63,0.158865,8047,1.25895569026649,26,-86,0.001869,51,2026-01-29 06:33:59.000691,132,1.037,0.0011,"aoml_navis",1025.04644009029
"7901009",100,0.105404027342623,1,0.155127,1,0.132699,1,161.559981209538,1,4.87758023791865,134,1,25.1100006103516,36.6069984436035,0.155127003788948,0.112826846539974,155.791000366211,-86.1817,26.4675,127.203365970049,63,63,63,63,61,63,0.132699,8047,1.25895569026649,26,-86,0.001869,51,2026-01-29 06:33:59.000691,134,1.037,0.0011,"aoml_navis",1025.09846196474
"7901009",100,0.0504751680232281,1,0.085974,1,0.063546,1,152.237073498983,1,4.87669909024664,136,1,24.8549995422363,36.7369995117188,0.0859740003943443,0.0578979887068272,146.800994873047,-86.1817,26.4675,127.203365970049,63,63,63,63,61,63,0.063546,8047,1.25895569026649,26,-86,0.001869,51,2026-01-29 06:33:59.000691,136,1.037,0.0011,"aoml_navis",1025.28368215295
"7901009",100,0.0222684564808359,1,0.050463,1,0.028035,1,150.140416560739,1,4.87592435213457,138,1,24.5900001525879,36.8339996337891,0.0504629984498024,0.0296912770718336,144.779205322266,-86.1817,26.4675,127.203365970049,63,63,63,63,61,63,0.028035,8047,1.25895569026649,26,-86,0.001869,51,2026-01-29 06:33:59.000691,138,1.037,0.0011,"aoml_navis",1025.44659000116
"7901009",100,0.0178147651846687,1,0.044856,1,0.022428,1,149.884782652532,1,4.87564953073814,140,1,24.4680004119873,36.8499984741211,0.0448560006916523,0.0252375844866037,144.532699584961,-86.1817,26.4675,127.203365970049,63,63,63,63,61,63,0.022428,8047,1.25895569026649,26,-86,0.001869,51,2026-01-29 06:33:59.000691,140,1.037,0.0011,"aoml_navis",1025.50439043617
"7901009",100,0.0207838927154469,1,0.048594,1,0.026166,1,149.445608187143,1,4.87552572714052,142,1,24.4179992675781,36.8530006408691,0.0485940016806126,0.0282067116349936,144.10920715332,-86.1817,26.4675,127.203365970049,63,63,63,63,61,63,0.026166,8047,1.25895569026649,26,-86,0.001869,51,2026-01-29 06:33:59.000691,142,1.037,0.0011,"aoml_navis",1025.53043093724
"7901009",100,0.0178147651846687,1,0.044856,1,0.022428,1,149.123292676388,1,4.87522216805342,144,1,24.2830009460449,36.8720016479492,0.0448560006916523,0.0252375844866037,143.798400878906,-86.1817,26.4675,127.203365970049,63,63,63,63,61,63,0.022428,8047,1.25895569026649,26,-86,0.001869,51,2026-01-29 06:33:59.000691,144,1.037,0.0011,"aoml_navis",1025.59428630027
"7901009",100,0.0207838927154469,1,0.048594,1,0.026166,1,148.80543948455,1,4.87506926131719,146,1,24.2199993133545,36.8779983520508,0.0485940016806126,0.0282067116349936,143.491897583008,-86.1817,26.4675,127.203365970049,63,63,63,63,61,63,0.026166,8047,1.25895569026649,26,-86,0.001869,51,2026-01-29 06:33:59.000691,146,1.037,0.0011,"aoml_navis",1025.62645410479
"7901009",100,0.0103919463577234,1,0.035511,1,0.013083,1,148.546181920201,1,4.87479972370722,148,1,24.0879993438721,36.8889999389648,0.0355109982192516,0.017814764752984,143.241897583008,-86.1817,26.4675,127.203365970049,63,63,63,63,61,63,0.013083,8047,1.25895569026649,26,-86,0.001869,51,2026-01-29 06:33:59.000691,148,1.037,0.0011,"aoml_navis",1025.68316308133
"7901009",100,0.00890738259233437,1,0.033642,1,0.011214,1,148.323319155535,1,4.87452804510972,150,1,23.9489994049072,36.8979988098145,0.0336420014500618,0.0163302011787891,143.026992797852,-86.1817,26.4675,127.203365970049,63,63,63,63,61,63,0.011214,8047,1.25895569026649,26,-86,0.001869,51,2026-01-29 06:33:59.000691,150,1.037,0.0011,"aoml_navis",1025.74032885423
"7901009",100,0.00742281882694531,1,0.031773,1,0.009345,1,147.875647295612,1,4.87433329823061,152,1,23.8509998321533,36.9020004272461,0.0317730009555817,0.0148456385359168,142.595306396484,-86.1817,26.4675,127.203365970049,63,63,63,63,61,63,0.009345,8047,1.25895569026649,26,-86,0.001869,51,2026-01-29 06:33:59.000691,152,1.037,0.0011,"aoml_navis",1025.78131081332
"7901009",100,0.00593825506155625,1,0.029904,1,0.007476,1,147.296052198751,1,4.87413825580238,154,1,23.75,36.9049987792969,0.0299040004611015,0.0133610740303993,142.036407470703,-86.1817,26.4675,127.203365970049,63,63,63,63,61,63,0.007476,8047,1.25895569026649,26,-86,0.001869,51,2026-01-29 06:33:59.000691,154,1.037,0.0011,"aoml_navis",1025.82235824923
"7901009",100,0.00742281882694531,1,0.031773,1,0.009345,1,147.097969545522,1,4.87384779737699,156,1,23.5709991455078,36.9039993286133,0.0317730009555817,0.0148456385359168,141.845397949219,-86.1817,26.4675,127.203365970049,63,63,63,63,61,63,0.009345,8047,1.25895569026649,26,-86,0.001869,51,2026-01-29 06:33:59.000691,156,1.037,0.0011,"aoml_navis",1025.88349244121
"7901009",100,0.00742281882694531,1,0.031773,1,0.009345,1,147.008375042998,1,4.8736808475482,158,1,23.4790000915527,36.9029998779297,0.0317730009555817,0.0148456385359168,141.759002685547,-86.1817,26.4675,127.203365970049,63,63,63,63,61,63,0.009345,8047,1.25895569026649,26,-86,0.001869,51,2026-01-29 06:33:59.000691,158,1.037,0.0011,"aoml_navis",1025.91863447836
"7901009",100,0.00445369129616718,1,0.028035,1,0.005607,1,147.015210935808,1,4.87349840844699,160,1,23.3859996795654,36.9059982299805,0.0280349999666214,0.0118765104562044,141.765594482422,-86.1817,26.4675,127.203365970049,63,63,63,63,61,63,0.005607,8047,1.25895569026649,26,-86,0.001869,51,2026-01-29 06:33:59.000691,160,1.037,0.0011,"aoml_navis",1025.95703967683
"7901009",100,0.0103919463577234,1,0.035511,1,0.013083,1,147.103776889645,1,4.87332827395812,162,1,23.298999786377,36.9080009460449,0.0355109982192516,0.017814764752984,141.850997924805,-86.1817,26.4675,127.203365970049,63,63,63,63,61,63,0.013083,8047,1.25895569026649,26,-86,0.001869,51,2026-01-29 06:33:59.000691,162,1.037,0.0011,"aoml_navis",1025.9928572263
"7901009",100,0.00445369129616718,1,0.028035,1,0.005607,1,146.933607465389,1,4.87319198526807,164,1,23.2360000610352,36.9099998474121,0.0280349999666214,0.0118765104562044,141.686904907227,-86.1817,26.4675,127.203365970049,63,63,63,63,61,63,0.005607,8047,1.25895569026649,26,-86,0.001869,51,2026-01-29 06:33:59.000691,164,1.037,0.0011,"aoml_navis",1026.02155119587
"7901009",100,0.0103919463577234,1,0.035511,1,0.013083,1,146.488198412576,1,4.87302336691226,166,1,23.1420001983643,36.9090003967285,0.0355109982192516,0.017814764752984,141.257400512695,-86.1817,26.4675,127.203365970049,63,63,63,63,61,63,0.013083,8047,1.25895569026649,26,-86,0.001869,51,2026-01-29 06:33:59.000691,166,1.037,0.0011,"aoml_navis",1026.05705401495
"7901009",100,0.00148456376538906,1,0.024297,1,0.001869,1,146.536524377025,1,4.87255588519937,168,1,22.8479995727539,36.9140014648438,0.0242970008403063,0.00890738237649202,141.304000854492,-86.1817,26.4675,127.203365970049,63,63,63,63,61,63,0.001869,8047,1.25895569026649,26,-86,0.001869,51,2026-01-29 06:33:59.000691,168,1.037,0.0011,"aoml_navis",1026.15549576101
"7901009",100,0.00148456376538906,1,0.024297,1,0.001869,1,146.613776295308,1,4.87235879106882,170,1,22.7350006103516,36.9140014648438,0.0242970008403063,0.00890738237649202,141.378494262695,-86.1817,26.4675,127.203365970049,63,63,63,63,61,63,0.001869,8047,1.25895569026649,26,-86,0.001869,51,2026-01-29 06:33:59.000691,170,1.037,0.0011,"aoml_navis",1026.19700527087
"7901009",100,-0.00148456376538906,1,0.020559,1,-0.001869,1,146.388128537275,1,4.87228146637637,172,1,22.7059993743896,36.9129981994629,0.020558999851346,0.00593825522810221,141.160903930664,-86.1817,26.4675,127.203365970049,63,63,63,63,61,63,-0.001869,8047,1.25895569026649,26,-86,0.001869,51,2026-01-29 06:33:59.000691,172,1.037,0.0011,"aoml_navis",1026.21329135129
"7901009",100,0.00148456376538906,1,0.024297,1,0.001869,1,145.901450946387,1,4.87220278347983,174,1,22.6760005950928,36.9119987487793,0.0242970008403063,0.00890738237649202,140.691604614258,-86.1817,26.4675,127.203365970049,63,63,63,63,61,63,0.001869,8047,1.25895569026649,26,-86,0.001869,51,2026-01-29 06:33:59.000691,174,1.037,0.0011,"aoml_navis",1026.22986402649
"7901009",100,-0.00296912753077812,1,0.01869,1,-0.003738,1,145.280571487625,1,4.87209830164494,176,1,22.6219997406006,36.9090003967285,0.0186899993568659,0.00445369118824601,140.092895507812,-86.1817,26.4675,127.203365970049,63,63,63,63,61,63,-0.003738,8047,1.25895569026649,26,-86,0.001869,51,2026-01-29 06:33:59.000691,176,1.037,0.0011,"aoml_navis",1026.25187145996
"7901009",100,-0.00148456376538906,1,0.020559,1,-0.001869,1,145.000996130758,1,4.87177873121389,178,1,22.4109992980957,36.9059982299805,0.020558999851346,0.00593825522810221,139.823303222656,-86.1817,26.4675,127.203365970049,63,63,63,63,61,63,-0.001869,8047,1.25895569026649,26,-86,0.001869,51,2026-01-29 06:33:59.000691,178,1.037,0.0011,"aoml_navis",1026.31918973754
"7901009",100,-0.00148456376538906,1,0.020559,1,-0.001869,1,145.051078539887,1,4.87160741232048,180,1,22.3050003051758,36.9020004272461,0.020558999851346,0.00593825522810221,139.871597290039,-86.1817,26.4675,127.203365970049,63,63,63,63,61,63,-0.001869,8047,1.25895569026649,26,-86,0.001869,51,2026-01-29 06:33:59.000691,180,1.037,0.0011,"aoml_navis",1026.35528210972
"7901009",100,-0.00148456376538906,1,0.020559,1,-0.001869,1,144.916686786102,1,4.87155778108949,182,1,22.2959995269775,36.9010009765625,0.020558999851346,0.00593825522810221,139.742004394531,-86.1817,26.4675,127.203365970049,63,63,63,63,61,63,-0.001869,8047,1.25895569026649,26,-86,0.001869,51,2026-01-29 06:33:59.000691,182,1.037,0.0011,"aoml_navis",1026.36573857527
"7901009",100,-0.00148456376538906,1,0.020559,1,-0.001869,1,144.529351174522,1,4.87148996426217,184,1,22.2709999084473,36.898998260498,0.020558999851346,0.00593825522810221,139.368499755859,-86.1817,26.4675,127.203365970049,63,63,63,63,61,63,-0.001869,8047,1.25895569026649,26,-86,0.001869,51,2026-01-29 06:33:59.000691,184,1.037,0.0011,"aoml_navis",1026.38002678453
"7901009",100,-0.00593825506155625,1,0.014952,1,-0.007476,1,144.293433753448,1,4.87132598050778,186,1,22.1700000762939,36.8950004577637,0.0149520002305508,0.00148456380702555,139.141006469727,-86.1817,26.4675,127.203365970049,63,63,63,63,61,63,-0.007476,8047,1.25895569026649,26,-86,0.001869,51,2026-01-29 06:33:59.000691,186,1.037,0.0011,"aoml_navis",1026.41457788025
"7901009",100,0.00148456376538906,1,0.024297,1,0.001869,1,144.671528250674,1,4.87102710326763,188,1,21.9529991149902,36.8849983215332,0.0242970008403063,0.00890738237649202,139.505599975586,-86.1817,26.4675,127.203365970049,63,63,63,63,61,63,0.001869,8047,1.25895569026649,26,-86,0.001869,51,2026-01-29 06:33:59.000691,188,1.037,0.0011,"aoml_navis",1026.47755678589
"7901009",100,0,1,0.022428,1,0,1,145.109468457639,1,4.87082760916891,190,1,21.8139991760254,36.8769989013672,0.0224280003458261,0.0074228192679584,139.92790222168,-86.1817,26.4675,127.203365970049,63,63,63,63,61,63,0,8047,1.25895569026649,26,-86,0.001869,51,2026-01-29 06:33:59.000691,190,1.037,0.0011,"aoml_navis",1026.51959814549
"7901009",100,-0.00296912753077812,1,0.01869,1,-0.003738,1,145.828123336939,1,4.87061956826316,192,1,21.6599998474121,36.8660011291504,0.0186899993568659,0.00445369118824601,140.620895385742,-86.1817,26.4675,127.203365970049,63,63,63,63,61,63,-0.003738,8047,1.25895569026649,26,-86,0.001869,51,2026-01-29 06:33:59.000691,192,1.037,0.0011,"aoml_navis",1026.56344432644
"7901009",100,-0.00445369129616718,1,0.016821,1,-0.005607,1,146.422339648977,1,4.87051991621536,194,1,21.6000003814697,36.8600006103516,0.0168210007250309,0.0029691276140511,141.193893432617,-86.1817,26.4675,127.203365970049,63,63,63,63,61,63,-0.005607,8047,1.25895569026649,26,-86,0.001869,51,2026-01-29 06:33:59.000691,194,1.037,0.0011,"aoml_navis",1026.58444806961
"7901009",100,-0.00148456376538906,1,0.020559,1,-0.001869,1,147.317825783257,1,4.87033998876822,196,1,21.4769992828369,36.8530006408691,0.020558999851346,0.00593825522810221,142.057403564453,-86.1817,26.4675,127.203365970049,63,63,63,63,61,63,-0.001869,8047,1.25895569026649,26,-86,0.001869,51,2026-01-29 06:33:59.000691,196,1.037,0.0011,"aoml_navis",1026.62237370097
"7901009",100,0,1,0.011214,1,-0.011214,1,147.437802031603,1,4.87015723027111,198,1,21.3460006713867,36.8440017700195,0.0112140001729131,-0.00148456380702555,142.173095703125,-86.1817,26.4675,127.203365970049,63,63,63,63,61,63,0,8047,1.25895569026649,26,-86,0.001869,51,2026-01-29 06:33:59.000691,198,1.037,0.0011,"aoml_navis",1026.6608989381
"7901009",100,0,1,0.014952,1,-0.007476,1,147.363145220775,1,4.87003407100807,200,1,21.2649993896484,36.8370018005371,0.0149520002305508,0.00148456380702555,142.101104736328,-86.1817,26.4675,127.203365970049,63,63,63,63,61,63,0,8047,1.25895569026649,26,-86,0.001869,51,2026-01-29 06:33:59.000691,200,1.037,0.0011,"aoml_navis",1026.68686237036
"7901009",100,0,1,0.014952,1,-0.007476,1,147.257980073518,1,4.86992305369365,202,1,21.193000793457,36.8300018310547,0.0149520002305508,0.00148456380702555,141.999694824219,-86.1817,26.4675,127.203365970049,63,63,63,63,61,63,0,8047,1.25895569026649,26,-86,0.001869,51,2026-01-29 06:33:59.000691,202,1.037,0.0011,"aoml_navis",1026.71026726135
"7901009",100,0,1,0.022428,1,0,1,147.176471546055,1,4.86981189255286,204,1,21.1180000305176,36.8219985961914,0.0224280003458261,0.0074228192679584,141.921096801758,-86.1817,26.4675,127.203365970049,63,63,63,63,61,63,0,8047,1.25895569026649,26,-86,0.001869,51,2026-01-29 06:33:59.000691,204,1.037,0.0011,"aoml_navis",1026.7337035433
"7901009",100,0,1,0.016821,1,-0.005607,1,147.07184440888,1,4.86973519822032,206,1,21.0799999237061,36.818000793457,0.0168210007250309,0.0029691276140511,141.820205688477,-86.1817,26.4675,127.203365970049,63,63,63,63,61,63,0,8047,1.25895569026649,26,-86,0.001869,51,2026-01-29 06:33:59.000691,206,1.037,0.0011,"aoml_navis",1026.74987375644
"7901009",100,0,1,0.01869,1,-0.003738,1,146.946155759367,1,4.86964210694737,208,1,21.0240001678467,36.8120002746582,0.0186899993568659,0.00445369118824601,141.699005126953,-86.1817,26.4675,127.203365970049,63,63,63,63,61,63,0,8047,1.25895569026649,26,-86,0.001869,51,2026-01-29 06:33:59.000691,208,1.037,0.0011,"aoml_navis",1026.76950178056
"7901009",100,0,1,0.01869,1,-0.003738,1,147.093823703123,1,4.86950453290718,210,1,20.9230003356934,36.8019981384277,0.0186899993568659,0.00445369118824601,141.841400146484,-86.1817,26.4675,127.203365970049,63,63,63,63,61,63,0,8047,1.25895569026649,26,-86,0.001869,51,2026-01-29 06:33:59.000691,210,1.037,0.0011,"aoml_navis",1026.79851024082
"7901009",100,0,1,0.016821,1,-0.005607,1,146.959732602031,1,4.86942516888264,212,1,20.8799991607666,36.7970008850098,0.0168210007250309,0.0029691276140511,141.712097167969,-86.1817,26.4675,127.203365970049,63,63,63,63,61,63,0,8047,1.25895569026649,26,-86,0.001869,51,2026-01-29 06:33:59.000691,212,1.037,0.0011,"aoml_navis",1026.81524545275
"7901009",100,0,1,0.01869,1,-0.003738,1,147.004957096593,1,4.86930573337174,214,1,20.7980003356934,36.7890014648438,0.0186899993568659,0.00445369118824601,141.755706787109,-86.1817,26.4675,127.203365970049,63,63,63,63,61,63,0,8047,1.25895569026649,26,-86,0.001869,51,2026-01-29 06:33:59.000691,214,1.037,0.0011,"aoml_navis",1026.84043142589
"7901009",100,0,1,0.022428,1,0,1,147.168385570995,1,4.86918074956032,216,1,20.7059993743896,36.7789993286133,0.0224280003458261,0.0074228192679584,141.913299560547,-86.1817,26.4675,127.203365970049,63,63,63,63,61,63,0,8047,1.25895569026649,26,-86,0.001869,51,2026-01-29 06:33:59.000691,216,1.037,0.0011,"aoml_navis",1026.86678872036
"7901009",100,0,1,0.01869,1,-0.003738,1,147.457407751953,1,4.86906156583244,218,1,20.621000289917,36.7700004577637,0.0186899993568659,0.00445369118824601,142.192001342773,-86.1817,26.4675,127.203365970049,63,63,63,63,61,63,0,8047,1.25895569026649,26,-86,0.001869,51,2026-01-29 06:33:59.000691,218,1.037,0.0011,"aoml_navis",1026.89192412074
"7901009",100,0,1,0.016821,1,-0.005607,1,148.082527996069,1,4.868867215202,220,1,20.4610004425049,36.7550010681152,0.0168210007250309,0.0029691276140511,142.794799804688,-86.1817,26.4675,127.203365970049,63,63,63,63,61,63,0,8047,1.25895569026649,26,-86,0.001869,51,2026-01-29 06:33:59.000691,220,1.037,0.0011,"aoml_navis",1026.93291457786
"7901009",100,0,1,0.016821,1,-0.005607,1,148.607784074621,1,4.86871583356879,222,1,20.3419990539551,36.7430000305176,0.0168210007250309,0.0029691276140511,143.301300048828,-86.1817,26.4675,127.203365970049,63,63,63,63,61,63,0,8047,1.25895569026649,26,-86,0.001869,51,2026-01-29 06:33:59.000691,222,1.037,0.0011,"aoml_navis",1026.96484471861
"7901009",100,0,1,0.01869,1,-0.003738,1,149.018966191906,1,4.86864746667507,224,1,20.3040008544922,36.7369995117188,0.0186899993568659,0.00445369118824601,143.697799682617,-86.1817,26.4675,127.203365970049,63,63,63,63,61,63,0,8047,1.25895569026649,26,-86,0.001869,51,2026-01-29 06:33:59.000691,224,1.037,0.0011,"aoml_navis",1026.97926564287
"7901009",100,0,1,0.014952,1,-0.007476,1,149.965357574265,1,4.86854010587161,226,1,20.2299995422363,36.7290000915527,0.0149520002305508,0.00148456380702555,144.610397338867,-86.1817,26.4675,127.203365970049,63,63,63,63,61,63,0,8047,1.25895569026649,26,-86,0.001869,51,2026-01-29 06:33:59.000691,226,1.037,0.0011,"aoml_navis",1027.00191253839
"7901009",100,0,1,0.014952,1,-0.007476,1,151.300635303146,1,4.86841373859977,228,1,20.1410007476807,36.7210006713867,0.0149520002305508,0.00148456380702555,145.897994995117,-86.1817,26.4675,127.203365970049,63,63,63,63,61,63,0,8047,1.25895569026649,26,-86,0.001869,51,2026-01-29 06:33:59.000691,228,1.037,0.0011,"aoml_navis",1027.02856997484
"7901009",100,0,1,0.016821,1,-0.005607,1,152.074895106832,1,4.86831307660191,230,1,20.0860004425049,36.7179985046387,0.0168210007250309,0.0029691276140511,146.644607543945,-86.1817,26.4675,127.203365970049,63,63,63,63,61,63,0,8047,1.25895569026649,26,-86,0.001869,51,2026-01-29 06:33:59.000691,230,1.037,0.0011,"aoml_navis",1027.04980582104
"7901009",100,0,1,0.014952,1,-0.007476,1,152.468133005491,1,4.86825361238456,232,1,20.0659999847412,36.7159996032715,0.0149520002305508,0.00148456380702555,147.023803710938,-86.1817,26.4675,127.203365970049,63,63,63,63,61,63,0,8047,1.25895569026649,26,-86,0.001869,51,2026-01-29 06:33:59.000691,232,1.037,0.0011,"aoml_navis",1027.06235091785
"7901009",100,0,1,0.013083,1,-0.009345,1,152.311334714162,1,4.86817691533427,234,1,20.0240001678467,36.7109985351562,0.0130829997360706,0,146.872604370117,-86.1817,26.4675,127.203365970049,63,63,63,63,61,63,0,8047,1.25895569026649,26,-86,0.001869,51,2026-01-29 06:33:59.000691,234,1.037,0.0011,"aoml_navis",1027.07853205797
"7901009",100,0,1,0.01869,1,-0.003738,1,151.739920535317,1,4.86807946424266,236,1,19.9599990844727,36.7039985656738,0.0186899993568659,0.00445369118824601,146.321594238281,-86.1817,26.4675,127.203365970049,63,63,63,63,61,63,0,8047,1.25895569026649,26,-86,0.001869,51,2026-01-29 06:33:59.000691,236,1.037,0.0011,"aoml_navis",1027.09909251201
"7901009",100,0,1,0.014952,1,-0.007476,1,150.845273063812,1,4.86800867649772,238,1,19.9139995574951,36.6959991455078,0.0149520002305508,0.00148456380702555,145.458892822266,-86.1817,26.4675,127.203365970049,63,63,63,63,61,63,0,8047,1.25895569026649,26,-86,0.001869,51,2026-01-29 06:33:59.000691,238,1.037,0.0011,"aoml_navis",1027.11402798839
"7901009",100,0,1,0.01869,1,-0.003738,1,150.743035324355,1,4.86794833501418,240,1,19.878999710083,36.6889991760254,0.0186899993568659,0.00445369118824601,145.360305786133,-86.1817,26.4675,127.203365970049,63,63,63,63,61,63,0,8047,1.25895569026649,26,-86,0.001869,51,2026-01-29 06:33:59.000691,240,1.037,0.0011,"aoml_navis",1027.12675975544
"7901009",100,0,1,0.014952,1,-0.007476,1,151.467291838041,1,4.86784958033611,242,1,19.8080005645752,36.6800003051758,0.0149520002305508,0.00148456380702555,146.058700561523,-86.1817,26.4675,127.203365970049,63,63,63,63,61,63,0,8047,1.25895569026649,26,-86,0.001869,51,2026-01-29 06:33:59.000691,242,1.037,0.0011,"aoml_navis",1027.14759720549
"7901009",100,0,1,0.016821,1,-0.005607,1,152.832444950315,1,4.86776967531479,244,1,19.7660007476807,36.6759986877441,0.0168210007250309,0.0029691276140511,147.375106811523,-86.1817,26.4675,127.203365970049,63,63,63,63,61,63,0,8047,1.25895569026649,26,-86,0.001869,51,2026-01-29 06:33:59.000691,244,1.037,0.0011,"aoml_navis",1027.16445795613
"7901009",100,0,1,0.013083,1,-0.009345,1,154.342148712632,1,4.86768314351607,246,1,19.7129993438721,36.6699981689453,0.0130829997360706,0,148.830902099609,-86.1817,26.4675,127.203365970049,63,63,63,63,61,63,0,8047,1.25895569026649,26,-86,0.001869,51,2026-01-29 06:33:59.000691,246,1.037,0.0011,"aoml_navis",1027.18271764673
"7901009",100,0,1,0.014952,1,-0.007476,1,155.104983713983,1,4.86755977811513,248,1,19.625,36.6619987487793,0.0149520002305508,0.00148456380702555,149.566497802734,-86.1817,26.4675,127.203365970049,63,63,63,63,61,63,0,8047,1.25895569026649,26,-86,0.001869,51,2026-01-29 06:33:59.000691,248,1.037,0.0011,"aoml_navis",1027.20875098038
"7901009",100,0,1,0.016821,1,-0.005607,1,154.7263670305,1,4.86747194296058,250,1,19.5650005340576,36.6539993286133,0.0168210007250309,0.0029691276140511,149.201400756836,-86.1817,26.4675,127.203365970049,63,63,63,63,61,63,0,8047,1.25895569026649,26,-86,0.001869,51,2026-01-29 06:33:59.000691,250,1.037,0.0011,"aoml_navis",1027.22728730488
"7901009",100,0,1,0.013083,1,-0.009345,1,153.616737059652,1,4.86738754344469,252,1,19.4990005493164,36.6430015563965,0.0130829997360706,0,148.131393432617,-86.1817,26.4675,127.203365970049,63,63,63,63,61,63,0,8047,1.25895569026649,26,-86,0.001869,51,2026-01-29 06:33:59.000691,252,1.037,0.0011,"aoml_navis",1027.24509921835
"7901009",100,0,1,0.014952,1,-0.007476,1,153.241965565875,1,4.86724805865126,254,1,19.3600006103516,36.6220016479492,0.0149520002305508,0.00148456380702555,147.770004272461,-86.1817,26.4675,127.203365970049,63,63,63,63,61,63,0,8047,1.25895569026649,26,-86,0.001869,51,2026-01-29 06:33:59.000691,254,1.037,0.0011,"aoml_navis",1027.27453783926
"7901009",100,0,1,0.014952,1,-0.007476,1,153.323996279595,1,4.86715608056824,256,1,19.2730007171631,36.6059989929199,0.0149520002305508,0.00148456380702555,147.849105834961,-86.1817,26.4675,127.203365970049,63,63,63,63,61,63,0,8047,1.25895569026649,26,-86,0.001869,51,2026-01-29 06:33:59.000691,256,1.037,0.0011,"aoml_navis",1027.29395097111
"7901009",100,0,1,0.011214,1,-0.011214,1,153.465951822184,1,4.86707416000847,258,1,19.2199993133545,36.5989990234375,0.0112140001729131,-0.00148456380702555,147.985992431641,-86.1817,26.4675,127.203365970049,63,63,63,63,61,63,0,8047,1.25895569026649,26,-86,0.001869,51,2026-01-29 06:33:59.000691,258,1.037,0.0011,"aoml_navis",1027.31124195389
"7901009",100,0,1,0.016821,1,-0.005607,1,153.236158221752,1,4.86701236324881,260,1,19.1860008239746,36.5929985046387,0.0168210007250309,0.0029691276140511,147.764404296875,-86.1817,26.4675,127.203365970049,63,63,63,63,61,63,0,8047,1.25895569026649,26,-86,0.001869,51,2026-01-29 06:33:59.000691,260,1.037,0.0011,"aoml_navis",1027.32428578883
"7901009",100,0,1,0.013083,1,-0.009345,1,153.178496199994,1,4.86696292041085,262,1,19.1590003967285,36.5859985351562,0.0130829997360706,0,147.708801269531,-86.1817,26.4675,127.203365970049,63,63,63,63,61,63,0,8047,1.25895569026649,26,-86,0.001869,51,2026-01-29 06:33:59.000691,262,1.037,0.0011,"aoml_navis",1027.33472224151
"7901009",100,0,1,0.014952,1,-0.007476,1,153.998581803627,1,4.8668481631808,264,1,19.0559997558594,36.5709991455078,0.0149520002305508,0.00148456380702555,148.499603271484,-86.1817,26.4675,127.203365970049,63,63,63,63,61,63,0,8047,1.25895569026649,26,-86,0.001869,51,2026-01-29 06:33:59.000691,264,1.037,0.0011,"aoml_navis",1027.35894615052
"7901009",100,0,1,0.014952,1,-0.007476,1,155.195511822237,1,4.86667443926477,266,1,18.8990001678467,36.5540008544922,0.0149520002305508,0.00148456380702555,149.653793334961,-86.1817,26.4675,127.203365970049,63,63,63,63,61,63,0,8047,1.25895569026649,26,-86,0.001869,51,2026-01-29 06:33:59.000691,266,1.037,0.0011,"aoml_navis",1027.39561941098
"7901009",100,0,1,0.014952,1,-0.007476,1,155.442948988602,1,4.86659712500899,268,1,18.8549995422363,36.548999786377,0.0149520002305508,0.00148456380702555,149.892395019531,-86.1817,26.4675,127.203365970049,63,63,63,63,61,63,0,8047,1.25895569026649,26,-86,0.001869,51,2026-01-29 06:33:59.000691,268,1.037,0.0011,"aoml_navis",1027.41194135538
"7901009",100,0,1,0.014952,1,-0.007476,1,155.514092910068,1,4.8665470120841,270,1,18.8360004425049,36.5449981689453,0.0149520002305508,0.00148456380702555,149.960998535156,-86.1817,26.4675,127.203365970049,63,63,63,63,61,63,0,8047,1.25895569026649,26,-86,0.001869,51,2026-01-29 06:33:59.000691,270,1.037,0.0011,"aoml_navis",1027.42252105744
"7901009",100,0,1,0.013083,1,-0.009345,1,155.891681044864,1,4.8664820738882,272,1,18.8020000457764,36.5400009155273,0.0130829997360706,0,150.325103759766,-86.1817,26.4675,127.203365970049,63,63,63,63,61,63,0,8047,1.25895569026649,26,-86,0.001869,51,2026-01-29 06:33:59.000691,272,1.037,0.0011,"aoml_navis",1027.43623095382
"7901009",100,0,1,0.014952,1,-0.007476,1,156.161097505472,1,4.86639000209603,274,1,18.7369995117188,36.5320014953613,0.0149520002305508,0.00148456380702555,150.584899902344,-86.1817,26.4675,127.203365970049,63,63,63,63,61,63,0,8047,1.25895569026649,26,-86,0.001869,51,2026-01-29 06:33:59.000691,274,1.037,0.0011,"aoml_navis",1027.45566998256
"7901009",100,0,1,0.01869,1,-0.003738,1,156.012907375459,1,4.86631528801151,276,1,18.6889991760254,36.5250015258789,0.0186899993568659,0.00445369118824601,150.442001342773,-86.1817,26.4675,127.203365970049,63,63,63,63,61,63,0,8047,1.25895569026649,26,-86,0.001869,51,2026-01-29 06:33:59.000691,276,1.037,0.0011,"aoml_navis",1027.47144483586
"7901009",100,0,1,0.016821,1,-0.005607,1,155.554744318931,1,4.86624668551221,278,1,18.6399993896484,36.515998840332,0.0168210007250309,0.0029691276140511,150.000198364258,-86.1817,26.4675,127.203365970049,63,63,63,63,61,63,0,8047,1.25895569026649,26,-86,0.001869,51,2026-01-29 06:33:59.000691,278,1.037,0.0011,"aoml_navis",1027.48592973842
"7901009",100,0,1,0.01869,1,-0.003738,1,155.847184446295,1,4.86616713327959,280,1,18.5790004730225,36.5060005187988,0.0186899993568659,0.00445369118824601,150.282196044922,-86.1817,26.4675,127.203365970049,63,63,63,63,61,63,0,8047,1.25895569026649,26,-86,0.001869,51,2026-01-29 06:33:59.000691,280,1.037,0.0011,"aoml_navis",1027.50272710634
"7901009",100,0,1,0.014952,1,-0.007476,1,155.908058704721,1,4.86606338835026,282,1,18.4979991912842,36.4959983825684,0.0149520002305508,0.00148456380702555,150.340896606445,-86.1817,26.4675,127.203365970049,63,63,63,63,61,63,0,8047,1.25895569026649,26,-86,0.001869,51,2026-01-29 06:33:59.000691,282,1.037,0.0011,"aoml_navis",1027.52463356116
"7901009",100,0,1,0.01869,1,-0.003738,1,155.764425836582,1,4.865995205881,284,1,18.4580001831055,36.4900016784668,0.0186899993568659,0.00445369118824601,150.202392578125,-86.1817,26.4675,127.203365970049,63,63,63,63,61,63,0,8047,1.25895569026649,26,-86,0.001869,51,2026-01-29 06:33:59.000691,284,1.037,0.0011,"aoml_navis",1027.53903126683
"7901009",100,0,1,0.014952,1,-0.007476,1,155.611267025221,1,4.86593073704039,286,1,18.4209995269775,36.484001159668,0.0149520002305508,0.00148456380702555,150.054702758789,-86.1817,26.4675,127.203365970049,63,63,63,63,61,63,0,8047,1.25895569026649,26,-86,0.001869,51,2026-01-29 06:33:59.000691,286,1.037,0.0011,"aoml_navis",1027.5526451577
"7901009",100,0,1,0.014952,1,-0.007476,1,155.581090989136,1,4.86584567207281,288,1,18.3579998016357,36.4749984741211,0.0149520002305508,0.00148456380702555,150.025604248047,-86.1817,26.4675,127.203365970049,63,63,63,63,61,63,0,8047,1.25895569026649,26,-86,0.001869,51,2026-01-29 06:33:59.000691,288,1.037,0.0011,"aoml_navis",1027.57060888658
"7901009",100,0,1,0.01869,1,-0.003738,1,155.797924876116,1,4.86575589364863,290,1,18.2849998474121,36.4640007019043,0.0186899993568659,0.00445369118824601,150.23469543457,-86.1817,26.4675,127.203365970049,63,63,63,63,61,63,0,8047,1.25895569026649,26,-86,0.001869,51,2026-01-29 06:33:59.000691,290,1.037,0.0011,"aoml_navis",1027.58956866838
"7901009",100,0,1,0.014952,1,-0.007476,1,155.998602636801,1,4.86566151861681,292,1,18.2019996643066,36.451000213623,0.0149520002305508,0.00148456380702555,150.428207397461,-86.1817,26.4675,127.203365970049,63,63,63,63,61,63,0,8047,1.25895569026649,26,-86,0.001869,51,2026-01-29 06:33:59.000691,292,1.037,0.0011,"aoml_navis",1027.60949993525
"7901009",100,0,1,0.016821,1,-0.005607,1,155.990500837915,1,4.8655926037096,294,1,18.1580009460449,36.4440002441406,0.0168210007250309,0.0029691276140511,150.420394897461,-86.1817,26.4675,127.203365970049,63,63,63,63,61,63,0,8047,1.25895569026649,26,-86,0.001869,51,2026-01-29 06:33:59.000691,294,1.037,0.0011,"aoml_navis",1027.62405471184
"7901009",100,0,1,0.020559,1,-0.001869,1,156.070569397217,1,4.86552014147223,296,1,18.1140003204346,36.4379997253418,0.020558999851346,0.00593825522810221,150.497604370117,-86.1817,26.4675,127.203365970049,63,63,63,63,61,63,0,8047,1.25895569026649,26,-86,0.001869,51,2026-01-29 06:33:59.000691,296,1.037,0.0011,"aoml_navis",1027.63935912658
"7901009",100,0,1,0.014952,1,-0.007476,1,155.713726298241,1,4.86545615469761,298,1,18.0769996643066,36.431999206543,0.0149520002305508,0.00148456380702555,150.153503417969,-86.1817,26.4675,127.203365970049,63,63,63,63,61,63,0,8047,1.25895569026649,26,-86,0.001869,51,2026-01-29 06:33:59.000691,298,1.037,0.0011,"aoml_navis",1027.65287385695
"7901009",100,0,1,0.01869,1,-0.003738,1,155.144701517115,1,4.86538030175916,300,1,18.0209999084473,36.4230003356934,0.0186899993568659,0.00445369118824601,149.604797363281,-86.1817,26.4675,127.203365970049,63,63,63,63,61,63,0,8047,1.25895569026649,26,-86,0.001869,51,2026-01-29 06:33:59.000691,300,1.037,0.0011,"aoml_navis",1027.66889531578
"7901009",100,0,1,0.01869,1,-0.003738,1,154.467109466152,1,4.86532721902336,302,1,17.9930000305176,36.4169998168945,0.0186899993568659,0.00445369118824601,148.951400756836,-86.1817,26.4675,127.203365970049,63,63,63,63,61,63,0,8047,1.25895569026649,26,-86,0.001869,51,2026-01-29 06:33:59.000691,302,1.037,0.0011,"aoml_navis",1027.68010760922
"7901009",100,0,1,0.011214,1,-0.011214,1,153.812746791682,1,4.86527057655548,304,1,17.9619998931885,36.4109992980957,0.0112140001729131,-0.00148456380702555,148.320404052734,-86.1817,26.4675,127.203365970049,63,63,63,63,61,63,0,8047,1.25895569026649,26,-86,0.001869,51,2026-01-29 06:33:59.000691,304,1.037,0.0011,"aoml_navis",1027.69207206969
"7901009",100,0,1,0.016821,1,-0.005607,1,153.189699468766,1,4.86520683815037,306,1,17.9220008850098,36.4039993286133,0.0168210007250309,0.0029691276140511,147.719604492188,-86.1817,26.4675,127.203365970049,63,63,63,63,61,63,0,8047,1.25895569026649,26,-86,0.001869,51,2026-01-29 06:33:59.000691,306,1.037,0.0011,"aoml_navis",1027.70553572207
"7901009",100,0,1,0.016821,1,-0.005607,1,152.541444791112,1,4.86513966092872,308,1,17.8729991912842,36.3950004577637,0.0168210007250309,0.0029691276140511,147.094497680664,-86.1817,26.4675,127.203365970049,63,63,63,63,61,63,0,8047,1.25895569026649,26,-86,0.001869,51,2026-01-29 06:33:59.000691,308,1.037,0.0011,"aoml_navis",1027.7197261477
"7901009",100,0,1,0.014952,1,-0.007476,1,152.131718465815,1,4.86506078833981,310,1,17.8080005645752,36.3839988708496,0.0149520002305508,0.00148456380702555,146.699401855469,-86.1817,26.4675,127.203365970049,63,63,63,63,61,63,0,8047,1.25895569026649,26,-86,0.001869,51,2026-01-29 06:33:59.000691,310,1.037,0.0011,"aoml_navis",1027.7363875871
"7901009",100,0,1,0.01869,1,-0.003738,1,151.903364833544,1,4.86499258492912,312,1,17.7609996795654,36.3759994506836,0.0186899993568659,0.00445369118824601,146.479202270508,-86.1817,26.4675,127.203365970049,63,63,63,63,61,63,0,8047,1.25895569026649,26,-86,0.001869,51,2026-01-29 06:33:59.000691,312,1.037,0.0011,"aoml_navis",1027.75079565159
"7901009",100,0,1,0.014952,1,-0.007476,1,151.817710463682,1,4.86493152517771,314,1,17.7229995727539,36.3689994812012,0.0149520002305508,0.00148456380702555,146.396606445312,-86.1817,26.4675,127.203365970049,63,63,63,63,61,63,0,8047,1.25895569026649,26,-86,0.001869,51,2026-01-29 06:33:59.000691,314,1.037,0.0011,"aoml_navis",1027.76369495095
"7901009",100,0,1,0.016821,1,-0.005607,1,151.666719516477,1,4.86486466081134,316,1,17.6770000457764,36.3610000610352,0.0168210007250309,0.0029691276140511,146.251007080078,-86.1817,26.4675,127.203365970049,63,63,63,63,61,63,0,8047,1.25895569026649,26,-86,0.001869,51,2026-01-29 06:33:59.000691,316,1.037,0.0011,"aoml_navis",1027.77782088724
"7901009",100,0,1,0.014952,1,-0.007476,1,151.33745734613,1,4.86475823135251,318,1,17.576000213623,36.3460006713867,0.0149520002305508,0.00148456380702555,145.933502197266,-86.1817,26.4675,127.203365970049,63,63,63,63,61,63,0,8047,1.25895569026649,26,-86,0.001869,51,2026-01-29 06:33:59.000691,318,1.037,0.0011,"aoml_navis",1027.80030624665
"7901009",100,0,1,0.016821,1,-0.005607,1,150.599402456216,1,4.86468817759247,320,1,17.5240001678467,36.3370018005371,0.0168210007250309,0.0029691276140511,145.221801757812,-86.1817,26.4675,127.203365970049,63,63,63,63,61,63,0,8047,1.25895569026649,26,-86,0.001869,51,2026-01-29 06:33:59.000691,320,1.037,0.0011,"aoml_navis",1027.81510704649
"7901009",100,0,1,0.016821,1,-0.005607,1,149.105253514806,1,4.86464259427802,322,1,17.5049991607666,36.3320007324219,0.0168210007250309,0.0029691276140511,143.781005859375,-86.1817,26.4675,127.203365970049,63,63,63,63,61,63,0,8047,1.25895569026649,26,-86,0.001869,51,2026-01-29 06:33:59.000691,322,1.037,0.0011,"aoml_navis",1027.82473801491
"7901009",100,0,1,0.016821,1,-0.005607,1,146.5757199939,1,4.86459240719539,324,1,17.4790000915527,36.326000213623,0.0168210007250309,0.0029691276140511,141.341796875,-86.1817,26.4675,127.203365970049,63,63,63,63,61,63,0,8047,1.25895569026649,26,-86,0.001869,51,2026-01-29 06:33:59.000691,324,1.037,0.0011,"aoml_navis",1027.83534188894
"7901009",100,0,1,0.01869,1,-0.003738,1,142.781957722624,1,4.86453890369959,326,1,17.4440002441406,36.318000793457,0.0186899993568659,0.00445369118824601,137.683502197266,-86.1817,26.4675,127.203365970049,63,63,63,63,61,63,0,8047,1.25895569026649,26,-86,0.001869,51,2026-01-29 06:33:59.000691,326,1.037,0.0011,"aoml_navis",1027.84664671864
"7901009",100,0,1,0.014952,1,-0.007476,1,138.334956268521,1,4.86444108639065,328,1,17.3309993743896,36.2970008850098,0.0149520002305508,0.00148456380702555,133.395294189453,-86.1817,26.4675,127.203365970049,63,63,63,63,61,63,0,8047,1.25895569026649,26,-86,0.001869,51,2026-01-29 06:33:59.000691,328,1.037,0.0011,"aoml_navis",1027.86731531986
"7901009",100,0,1,0.020559,1,-0.001869,1,135.182391248524,1,4.86434805121234,330,1,17.2029991149902,36.2700004577637,0.020558999851346,0.00593825522810221,130.35530090332,-86.1817,26.4675,127.203365970049,63,63,63,63,61,63,0,8047,1.25895569026649,26,-86,0.001869,51,2026-01-29 06:33:59.000691,330,1.037,0.0011,"aoml_navis",1027.88697423776
"7901009",100,0,1,0.020559,1,-0.001869,1,133.194095870379,1,4.86424207223831,332,1,17.0820007324219,36.2490005493164,0.020558999851346,0.00593825522810221,128.438003540039,-86.1817,26.4675,127.203365970049,63,63,63,63,61,63,0,8047,1.25895569026649,26,-86,0.001869,51,2026-01-29 06:33:59.000691,332,1.037,0.0011,"aoml_navis",1027.90936917727
"7901009",100,0,1,0.020559,1,-0.001869,1,132.663752431785,1,4.86418406254114,334,1,17.0270004272461,36.2360000610352,0.020558999851346,0.00593825522810221,127.926597595215,-86.1817,26.4675,127.203365970049,63,63,63,63,61,63,0,8047,1.25895569026649,26,-86,0.001869,51,2026-01-29 06:33:59.000691,334,1.037,0.0011,"aoml_navis",1027.92162790565
"7901009",100,0,1,0.01869,1,-0.003738,1,134.126483166772,1,4.86405358726761,336,1,16.8840007781982,36.2150001525879,0.0186899993568659,0.00445369118824601,129.337097167969,-86.1817,26.4675,127.203365970049,63,63,63,63,61,63,0,8047,1.25895569026649,26,-86,0.001869,51,2026-01-29 06:33:59.000691,336,1.037,0.0011,"aoml_navis",1027.94920127695
"7901009",100,0,1,0.016821,1,-0.005607,1,139.576177175961,1,4.86394730654482,338,1,16.7740001678467,36.1980018615723,0.0168210007250309,0.0029691276140511,134.592193603516,-86.1817,26.4675,127.203365970049,63,63,63,63,61,63,0,8047,1.25895569026649,26,-86,0.001869,51,2026-01-29 06:33:59.000691,338,1.037,0.0011,"aoml_navis",1027.97166270122
"7901009",100,0,1,0.016821,1,-0.005607,1,142.153103055584,1,4.86381957553429,340,1,16.6669998168945,36.1879997253418,0.0168210007250309,0.0029691276140511,137.077102661133,-86.1817,26.4675,127.203365970049,63,63,63,63,61,63,0,8047,1.25895569026649,26,-86,0.001869,51,2026-01-29 06:33:59.000691,340,1.037,0.0011,"aoml_navis",1027.99865873946
"7901009",100,0,1,0.026166,1,0.003738,1,142.204119070444,1,4.86373884903843,342.100006103516,1,16.6089992523193,36.1800003051758,0.0261659994721413,0.0103919459506869,137.12629699707,-86.1817,26.4675,127.203365970049,63,63,63,63,61,63,0,8047,1.25895569026649,26,-86,0.001869,51,2026-01-29 06:33:59.000691,342.100006103516,1.037,0.0011,"aoml_navis",1028.01572107197
"7901009",100,0,1,0.020559,1,-0.001869,1,142.11026795874,1,4.86369234994089,344,1,16.5900001525879,36.1759986877441,0.020558999851346,0.00593825522810221,137.035797119141,-86.1817,26.4675,127.203365970049,63,63,63,63,61,63,0,8047,1.25895569026649,26,-86,0.001869,51,2026-01-29 06:33:59.000691,344,1.037,0.0011,"aoml_navis",1028.02554936699
"7901009",100,0,1,0.020559,1,-0.001869,1,142.393277085838,1,4.86363807876616,346,1,16.5659999847412,36.1720008850098,0.020558999851346,0.00593825522810221,137.308700561523,-86.1817,26.4675,127.203365970049,63,63,63,63,61,63,0,8047,1.25895569026649,26,-86,0.001869,51,2026-01-29 06:33:59.000691,346,1.037,0.0011,"aoml_navis",1028.03702064699
"7901009",100,0,1,0.016821,1,-0.005607,1,142.658025517791,1,4.86358519166642,348,1,16.5400009155273,36.1669998168945,0.0168210007250309,0.0029691276140511,137.563995361328,-86.1817,26.4675,127.203365970049,63,63,63,63,61,63,0,8047,1.25895569026649,26,-86,0.001869,51,2026-01-29 06:33:59.000691,348,1.037,0.0011,"aoml_navis",1028.04819962182
"7901009",100,0,1,0.013083,1,-0.009345,1,142.644337908345,1,4.86351569401812,350,1,16.4930000305176,36.1599998474121,0.0130829997360706,0,137.550796508789,-86.1817,26.4675,127.203365970049,63,63,63,63,61,63,0,8047,1.25895569026649,26,-86,0.001869,51,2026-01-29 06:33:59.000691,350,1.037,0.0011,"aoml_navis",1028.06289000974
"7901009",100,0,1,0.016821,1,-0.005607,1,142.138481840407,1,4.86344082951465,352,1,16.4379997253418,36.1520004272461,0.0168210007250309,0.0029691276140511,137.063003540039,-86.1817,26.4675,127.203365970049,63,63,63,63,61,63,0,8047,1.25895569026649,26,-86,0.001869,51,2026-01-29 06:33:59.000691,352,1.037,0.0011,"aoml_navis",1028.07871531131
"7901009",100,0,1,0.014952,1,-0.007476,1,141.394097420114,1,4.86337288020179,354,1,16.3889999389648,36.1440010070801,0.0149520002305508,0.00148456380702555,136.345199584961,-86.1817,26.4675,127.203365970049,63,63,63,63,61,63,0,8047,1.25895569026649,26,-86,0.001869,51,2026-01-29 06:33:59.000691,354,1.037,0.0011,"aoml_navis",1028.09307926077
"7901009",100,0,1,0.013083,1,-0.009345,1,140.483800184745,1,4.86329896192313,356,1,16.3250007629395,36.132999420166,0.0130829997360706,0,135.467407226562,-86.1817,26.4675,127.203365970049,63,63,63,63,61,63,0,8047,1.25895569026649,26,-86,0.001869,51,2026-01-29 06:33:59.000691,356,1.037,0.0011,"aoml_navis",1028.10870545841
"7901009",100,0,1,0.016821,1,-0.005607,1,139.28560426006,1,4.86323687083108,358,1,16.2810001373291,36.125,0.0168210007250309,0.0029691276140511,134.311996459961,-86.1817,26.4675,127.203365970049,63,63,63,63,61,63,0,8047,1.25895569026649,26,-86,0.001869,51,2026-01-29 06:33:59.000691,358,1.037,0.0011,"aoml_navis",1028.12183177612
"7901009",100,0,1,0.022428,1,0,1,137.570570532227,1,4.86315359853999,360,1,16.2019996643066,36.1119995117188,0.0224280003458261,0.0074228192679584,132.658203125,-86.1817,26.4675,127.203365970049,63,63,63,63,61,63,0,8047,1.25895569026649,26,-86,0.001869,51,2026-01-29 06:33:59.000691,360,1.037,0.0011,"aoml_navis",1028.13943641449
"7901009",100,0,1,0.013083,1,-0.009345,1,135.674559707016,1,4.86310970102518,362,1,16.173999786377,36.1040000915527,0.0130829997360706,0,130.829895019531,-86.1817,26.4675,127.203365970049,63,63,63,63,61,63,0,8047,1.25895569026649,26,-86,0.001869,51,2026-01-29 06:33:59.000691,362,1.037,0.0011,"aoml_navis",1028.14871705361
"7901009",100,0,1,0.020559,1,-0.001869,1,133.867542078943,1,4.86303493134116,364,1,16.1119995117188,36.0940017700195,0.020558999851346,0.00593825522810221,129.08740234375,-86.1817,26.4675,127.203365970049,63,63,63,63,61,63,0,8047,1.25895569026649,26,-86,0.001869,51,2026-01-29 06:33:59.000691,364,1.037,0.0011,"aoml_navis",1028.16452495048
"7901009",100,0,1,0.016821,1,-0.005607,1,131.865756889176,1,4.86296282168499,366,1,16.0359992980957,36.0789985656738,0.0168210007250309,0.0029691276140511,127.157096862793,-86.1817,26.4675,127.203365970049,63,63,63,63,61,63,0,8047,1.25895569026649,26,-86,0.001869,51,2026-01-29 06:33:59.000691,366,1.037,0.0011,"aoml_navis",1028.17977092153
"7901009",100,0,1,0.01869,1,-0.003738,1,129.354594830197,1,4.86284980428473,368,1,15.8970003128052,36.0559997558594,0.0186899993568659,0.00445369118824601,124.73560333252,-86.1817,26.4675,127.203365970049,63,63,63,63,61,63,0,8047,1.25895569026649,26,-86,0.001869,51,2026-01-29 06:33:59.000691,368,1.037,0.0011,"aoml_navis",1028.20366682813
"7901009",100,0,1,0.020559,1,-0.001869,1,127.33839413499,1,4.86274491640639,370,1,15.7810001373291,36.0379981994629,0.020558999851346,0.00593825522810221,122.791397094727,-86.1817,26.4675,127.203365970049,63,63,63,63,61,63,0,8047,1.25895569026649,26,-86,0.001869,51,2026-01-29 06:33:59.000691,370,1.037,0.0011,"aoml_navis",1028.22584485781
"7901009",100,0,1,0.014952,1,-0.007476,1,125.711507029607,1,4.8626753981545,372,1,15.7130002975464,36.0250015258789,0.0149520002305508,0.00148456380702555,121.222602844238,-86.1817,26.4675,127.203365970049,63,63,63,63,61,63,0,8047,1.25895569026649,26,-86,0.001869,51,2026-01-29 06:33:59.000691,372,1.037,0.0011,"aoml_navis",1028.24054467991
"7901009",100,0,1,0.022428,1,0,1,124.959764530247,1,4.86256952826603,374,1,15.5920000076294,36.0060005187988,0.0224280003458261,0.0074228192679584,120.497703552246,-86.1817,26.4675,127.203365970049,63,63,63,63,61,63,0,8047,1.25895569026649,26,-86,0.001869,51,2026-01-29 06:33:59.000691,374,1.037,0.0011,"aoml_navis",1028.2629319612
"7901009",100,0,1,0.014952,1,-0.007476,1,123.673841314501,1,4.86250213649427,376,1,15.5419998168945,35.9980010986328,0.0149520002305508,0.00148456380702555,119.257698059082,-86.1817,26.4675,127.203365970049,63,63,63,63,61,63,0,8047,1.25895569026649,26,-86,0.001869,51,2026-01-29 06:33:59.000691,376,1.037,0.0011,"aoml_navis",1028.2771831551
"7901009",100,0,1,0.020559,1,-0.001869,1,122.657342471275,1,4.86240300486956,378,1,15.4429998397827,35.984001159668,0.020558999851346,0.00593825522810221,118.277496337891,-86.1817,26.4675,127.203365970049,63,63,63,63,61,63,0,8047,1.25895569026649,26,-86,0.001869,51,2026-01-29 06:33:59.000691,378,1.037,0.0011,"aoml_navis",1028.29814702579
"7901009",100,0,1,0.024297,1,0.001869,1,122.141422450033,1,4.86234390471276,380,1,15.3870000839233,35.9720001220703,0.0242970008403063,0.00890738237649202,117.779998779297,-86.1817,26.4675,127.203365970049,63,63,63,63,61,63,0,8047,1.25895569026649,26,-86,0.001869,51,2026-01-29 06:33:59.000691,380,1.037,0.0011,"aoml_navis",1028.31064564434
"7901009",100,0,1,0.026166,1,0.003738,1,121.804699345751,1,4.86225843888245,382,1,15.3100004196167,35.9609985351562,0.0261659994721413,0.0103919459506869,117.455299377441,-86.1817,26.4675,127.203365970049,63,63,63,63,61,63,0,8047,1.25895569026649,26,-86,0.001869,51,2026-01-29 06:33:59.000691,382,1.037,0.0011,"aoml_navis",1028.32872066529
"7901009",100,0,1,0.014952,1,-0.007476,1,121.254346679244,1,4.86219561949351,384,1,15.2569999694824,35.951000213623,0.0149520002305508,0.00148456380702555,116.924598693848,-86.1817,26.4675,127.203365970049,63,63,63,63,61,63,0,8047,1.25895569026649,26,-86,0.001869,51,2026-01-29 06:33:59.000691,384,1.037,0.0011,"aoml_navis",1028.34200663462
"7901009",100,0,1,0.022428,1,0,1,120.962009406749,1,4.86208663597316,386,1,15.1309995651245,35.931999206543,0.0224280003458261,0.0074228192679584,116.642700195312,-86.1817,26.4675,127.203365970049,63,63,63,63,61,63,0,8047,1.25895569026649,26,-86,0.001869,51,2026-01-29 06:33:59.000691,386,1.037,0.0011,"aoml_navis",1028.36505688863
"7901009",100,0,1,0.028035,1,0.005607,1,120.72929631043,1,4.86200561530496,388,1,15.0539999008179,35.9199981689453,0.0280349999666214,0.0118765104562044,116.418296813965,-86.1817,26.4675,127.203365970049,63,63,63,63,61,63,0,8047,1.25895569026649,26,-86,0.001869,51,2026-01-29 06:33:59.000691,388,1.037,0.0011,"aoml_navis",1028.38219360764
"7901009",100,0,1,0.020559,1,-0.001869,1,120.517644726449,1,4.8619268162844,390,1,14.9890003204346,35.9109992980957,0.020558999851346,0.00593825522810221,116.214202880859,-86.1817,26.4675,127.203365970049,63,63,63,63,61,63,0,8047,1.25895569026649,26,-86,0.001869,51,2026-01-29 06:33:59.000691,390,1.037,0.0011,"aoml_navis",1028.3988609728
"7901009",100,0,1,0.024297,1,0.001869,1,120.215868541775,1,4.86187541785363,392,1,14.9460000991821,35.9010009765625,0.0242970008403063,0.00890738237649202,115.923202514648,-86.1817,26.4675,127.203365970049,63,63,63,63,61,63,0,8047,1.25895569026649,26,-86,0.001869,51,2026-01-29 06:33:59.000691,392,1.037,0.0011,"aoml_navis",1028.40973292717
"7901009",100,0,1,0.024297,1,0.001869,1,119.904962009529,1,4.86179162581607,394.100006103516,1,14.8780002593994,35.8919982910156,0.0242970008403063,0.00890738237649202,115.623397827148,-86.1817,26.4675,127.203365970049,63,63,63,63,61,63,0,8047,1.25895569026649,26,-86,0.001869,51,2026-01-29 06:33:59.000691,394.100006103516,1.037,0.0011,"aoml_navis",1028.42745736984
"7901009",100,0,1,0.020559,1,-0.001869,1,119.399200884547,1,4.86174377759198,396,1,14.8430004119873,35.8839988708496,0.020558999851346,0.00593825522810221,115.135696411133,-86.1817,26.4675,127.203365970049,63,63,63,63,61,63,0,8047,1.25895569026649,26,-86,0.001869,51,2026-01-29 06:33:59.000691,396,1.037,0.0011,"aoml_navis",1028.43757892904
"7901009",100,0,1,0.020559,1,-0.001869,1,118.669754155949,1,4.8616668443994,398,1,14.7690000534058,35.8720016479492,0.020558999851346,0.00593825522810221,114.43229675293,-86.1817,26.4675,127.203365970049,63,63,63,63,61,63,0,8047,1.25895569026649,26,-86,0.001869,51,2026-01-29 06:33:59.000691,398,1.037,0.0011,"aoml_navis",1028.45385338569
"7901009",100,0,1,0.024297,1,0.001869,1,118.210246074216,1,4.8615502798584,400,1,14.6300001144409,35.8520011901855,0.0242970008403063,0.00890738237649202,113.989196777344,-86.1817,26.4675,127.203365970049,63,63,63,63,61,63,0,8047,1.25895569026649,26,-86,0.001869,51,2026-01-29 06:33:59.000691,400,1.037,0.0011,"aoml_navis",1028.4785124439
"7901009",100,0,1,0.022428,1,0,1,117.99993951544,1,4.8614851791113,402,1,14.5699996948242,35.8409996032715,0.0224280003458261,0.0074228192679584,113.786399841309,-86.1817,26.4675,127.203365970049,63,63,63,63,61,63,0,8047,1.25895569026649,26,-86,0.001869,51,2026-01-29 06:33:59.000691,402,1.037,0.0011,"aoml_navis",1028.4922849264
"7901009",100,0,1,0.026166,1,0.003738,1,118.131744073682,1,4.8614065049449,404,1,14.4969997406006,35.8300018310547,0.0261659994721413,0.0103919459506869,113.913497924805,-86.1817,26.4675,127.203365970049,63,63,63,63,61,63,0,8047,1.25895569026649,26,-86,0.001869,51,2026-01-29 06:33:59.000691,404,1.037,0.0011,"aoml_navis",1028.50892944544
"7901009",100,0,1,0.020559,1,-0.001869,1,119.017055487878,1,4.86133445841407,406,1,14.4370002746582,35.8209991455078,0.020558999851346,0.00593825522810221,114.767196655273,-86.1817,26.4675,127.203365970049,63,63,63,63,61,63,0,8047,1.25895569026649,26,-86,0.001869,51,2026-01-29 06:33:59.000691,406,1.037,0.0011,"aoml_navis",1028.52417227659
"7901009",100,0,1,0.022428,1,0,1,120.392676061017,1,4.8612771637939,408,1,14.3839998245239,35.810001373291,0.0224280003458261,0.0074228192679584,116.093696594238,-86.1817,26.4675,127.203365970049,63,63,63,63,61,63,0,8047,1.25895569026649,26,-86,0.001869,51,2026-01-29 06:33:59.000691,408,1.037,0.0011,"aoml_navis",1028.53629437945
"7901009",100,0,1,0.020559,1,-0.001869,1,122.320935843512,1,4.86116861106391,410,1,14.253999710083,35.7910003662109,0.020558999851346,0.00593825522810221,117.953102111816,-86.1817,26.4675,127.203365970049,63,63,63,63,61,63,0,8047,1.25895569026649,26,-86,0.001869,51,2026-01-29 06:33:59.000691,410,1.037,0.0011,"aoml_navis",1028.55926219471
"7901009",100,0,1,0.01869,1,-0.003738,1,123.836660571603,1,4.86112215744619,412,1,14.2180004119873,35.7820014953613,0.0186899993568659,0.00445369118824601,119.414703369141,-86.1817,26.4675,127.203365970049,63,63,63,63,61,63,0,8047,1.25895569026649,26,-86,0.001869,51,2026-01-29 06:33:59.000691,412,1.037,0.0011,"aoml_navis",1028.56909126241
"7901009",100,0,1,0.022428,1,0,1,125.326869380351,1,4.86105183857331,414,1,14.1520004272461,35.7709999084473,0.0224280003458261,0.0074228192679584,120.851699829102,-86.1817,26.4675,127.203365970049,63,63,63,63,61,63,0,8047,1.25895569026649,26,-86,0.001869,51,2026-01-29 06:33:59.000691,414,1.037,0.0011,"aoml_navis",1028.58397030949
"7901009",100,0,1,0.024297,1,0.001869,1,125.55636232809,1,4.86097963659224,415.899993896484,1,14.0819997787476,35.7599983215332,0.0242970008403063,0.00890738237649202,121.072998046875,-86.1817,26.4675,127.203365970049,63,63,63,63,61,63,0,8047,1.25895569026649,26,-86,0.001869,51,2026-01-29 06:33:59.000691,415.899993896484,1.037,0.0011,"aoml_navis",1028.59924825878
"7901009",100,0,1,0.020559,1,-0.001869,1,125.19900495477,1,4.86093589574337,418,1,14.0749998092651,35.757999420166,0.020558999851346,0.00593825522810221,120.728401184082,-86.1817,26.4675,127.203365970049,63,63,63,63,61,63,0,8047,1.25895569026649,26,-86,0.001869,51,2026-01-29 06:33:59.000691,418,1.037,0.0011,"aoml_navis",1028.60850404927
"7901009",100,0,1,0.024297,1,0.001869,1,124.504402290912,1,4.86089166436848,420,1,14.0620002746582,35.7550010681152,0.0242970008403063,0.00890738237649202,120.058601379395,-86.1817,26.4675,127.203365970049,63,63,63,63,61,63,0,8047,1.25895569026649,26,-86,0.001869,51,2026-01-29 06:33:59.000691,420,1.037,0.0011,"aoml_navis",1028.61786380701
"7901009",100,0,1,0.024297,1,0.001869,1,123.341683384005,1,4.8608433104139,422,1,14.0450000762939,35.7519989013672,0.0242970008403063,0.00890738237649202,118.937400817871,-86.1817,26.4675,127.203365970049,63,63,63,63,61,63,0,8047,1.25895569026649,26,-86,0.001869,51,2026-01-29 06:33:59.000691,422,1.037,0.0011,"aoml_navis",1028.62809613467
"7901009",100,0,1,0.022428,1,0,1,122.195350048867,1,4.86078007474485,424,1,13.996000289917,35.7439994812012,0.0224280003458261,0.0074228192679584,117.832000732422,-86.1817,26.4675,127.203365970049,63,63,63,63,61,63,0,8047,1.25895569026649,26,-86,0.001869,51,2026-01-29 06:33:59.000691,424,1.037,0.0011,"aoml_navis",1028.64147793448
"7901009",100,0,1,0.020559,1,-0.001869,1,121.969069337796,1,4.86068926223495,426,1,13.9060001373291,35.7319984436035,0.020558999851346,0.00593825522810221,117.613800048828,-86.1817,26.4675,127.203365970049,63,63,63,63,61,63,0,8047,1.25895569026649,26,-86,0.001869,51,2026-01-29 06:33:59.000691,426,1.037,0.0011,"aoml_navis",1028.66069609663
"7901009",100,0,1,0.022428,1,0,1,122.112077164811,1,4.86063405508817,428,1,13.8610000610352,35.7229995727539,0.0224280003458261,0.0074228192679584,117.75170135498,-86.1817,26.4675,127.203365970049,63,63,63,63,61,63,0,8047,1.25895569026649,26,-86,0.001869,51,2026-01-29 06:33:59.000691,428,1.037,0.0011,"aoml_navis",1028.67237963861
"7901009",100,0,1,0.024297,1,0.001869,1,122.141319595164,1,4.86055739815427,430,1,13.7950000762939,35.7140007019043,0.0242970008403063,0.00890738237649202,117.779899597168,-86.1817,26.4675,127.203365970049,63,63,63,63,61,63,0,8047,1.25895569026649,26,-86,0.001869,51,2026-01-29 06:33:59.000691,430,1.037,0.0011,"aoml_navis",1028.68860305994
"7901009",100,0,1,0.022428,1,0,1,122.043734060537,1,4.86050886851571,432,1,13.7670001983643,35.7080001831055,0.0224280003458261,0.0074228192679584,117.68579864502,-86.1817,26.4675,127.203365970049,63,63,63,63,61,63,0,8047,1.25895569026649,26,-86,0.001869,51,2026-01-29 06:33:59.000691,432,1.037,0.0011,"aoml_navis",1028.69887397755
"7901009",100,0,1,0.020559,1,-0.001869,1,122.002876941936,1,4.86043669763514,434,1,13.6979999542236,35.6969985961914,0.020558999851346,0.00593825522810221,117.64640045166,-86.1817,26.4675,127.203365970049,63,63,63,63,61,63,0,8047,1.25895569026649,26,-86,0.001869,51,2026-01-29 06:33:59.000691,434,1.037,0.0011,"aoml_navis",1028.71414875803
"7901009",100,0,1,0.022428,1,0,1,122.0210268703,1,4.86035410748099,436,1,13.6149997711182,35.685001373291,0.0224280003458261,0.0074228192679584,117.663902282715,-86.1817,26.4675,127.203365970049,63,63,63,63,61,63,0,8047,1.25895569026649,26,-86,0.001869,51,2026-01-29 06:33:59.000691,436,1.037,0.0011,"aoml_navis",1028.73162930743
"7901009",100,0,1,0.022428,1,0,1,122.066757727293,1,4.86030351068194,438,1,13.5740003585815,35.6759986877441,0.0224280003458261,0.0074228192679584,117.708000183105,-86.1817,26.4675,127.203365970049,63,63,63,63,61,63,0,8047,1.25895569026649,26,-86,0.001869,51,2026-01-29 06:33:59.000691,438,1.037,0.0011,"aoml_navis",1028.74233862372
"7901009",100,0,1,0.020559,1,-0.001869,1,121.986902789641,1,4.86024039338257,440,1,13.5170001983643,35.6660003662109,0.020558999851346,0.00593825522810221,117.630996704102,-86.1817,26.4675,127.203365970049,63,63,63,63,61,63,0,8047,1.25895569026649,26,-86,0.001869,51,2026-01-29 06:33:59.000691,440,1.037,0.0011,"aoml_navis",1028.75569834112
"7901009",100,0,1,0.024297,1,0.001869,1,121.818078390591,1,4.86017803474552,442,1,13.4569997787476,35.6549987792969,0.0242970008403063,0.00890738237649202,117.468200683594,-86.1817,26.4675,127.203365970049,63,63,63,63,61,63,0,8047,1.25895569026649,26,-86,0.001869,51,2026-01-29 06:33:59.000691,442,1.037,0.0011,"aoml_navis",1028.7688978171
"7901009",100,0,1,0.022428,1,0,1,121.527291853039,1,4.86008923443818,444,1,13.3669996261597,35.6430015563965,0.0224280003458261,0.0074228192679584,117.187797546387,-86.1817,26.4675,127.203365970049,63,63,63,63,61,63,0,8047,1.25895569026649,26,-86,0.001869,51,2026-01-29 06:33:59.000691,444,1.037,0.0011,"aoml_navis",1028.78769479589
"7901009",100,0,1,0.020559,1,-0.001869,1,121.318330319469,1,4.86002197506692,446,1,13.3090000152588,35.6339988708496,0.020558999851346,0.00593825522810221,116.986297607422,-86.1817,26.4675,127.203365970049,63,63,63,63,61,63,0,8047,1.25895569026649,26,-86,0.001869,51,2026-01-29 06:33:59.000691,446,1.037,0.0011,"aoml_navis",1028.80193251207
"7901009",100,0,1,0.024297,1,0.001869,1,121.142559260827,1,4.85995884799557,448,1,13.2550001144409,35.625,0.0242970008403063,0.00890738237649202,116.816802978516,-86.1817,26.4675,127.203365970049,63,63,63,63,61,63,0,8047,1.25895569026649,26,-86,0.001869,51,2026-01-29 06:33:59.000691,448,1.037,0.0011,"aoml_navis",1028.81529584601
"7901009",100,0,1,0.020559,1,-0.001869,1,120.951225469365,1,4.85989248856899,450,1,13.1940002441406,35.6150016784668,0.020558999851346,0.00593825522810221,116.632301330566,-86.1817,26.4675,127.203365970049,63,63,63,63,61,63,0,8047,1.25895569026649,26,-86,0.001869,51,2026-01-29 06:33:59.000691,450,1.037,0.0011,"aoml_navis",1028.82934380968
"7901009",100,0,1,0.022428,1,0,1,120.766941192363,1,4.85981166907769,452,1,13.1110000610352,35.6030006408691,0.0224280003458261,0.0074228192679584,116.454597473145,-86.1817,26.4675,127.203365970049,63,63,63,63,61,63,0,8047,1.25895569026649,26,-86,0.001869,51,2026-01-29 06:33:59.000691,452,1.037,0.0011,"aoml_navis",1028.84645341594
"7901009",100,0,1,0.022428,1,0,1,120.654117313346,1,4.85973478820241,454,1,13.0279998779297,35.5900001525879,0.0224280003458261,0.0074228192679584,116.345802307129,-86.1817,26.4675,127.203365970049,63,63,63,63,61,63,0,8047,1.25895569026649,26,-86,0.001869,51,2026-01-29 06:33:59.000691,454,1.037,0.0011,"aoml_navis",1028.86272973951
"7901009",100,0,1,0.020559,1,-0.001869,1,120.459151953828,1,4.85967688458154,456,1,12.9860000610352,35.5830001831055,0.020558999851346,0.00593825522810221,116.15779876709,-86.1817,26.4675,127.203365970049,63,63,63,63,61,63,0,8047,1.25895569026649,26,-86,0.001869,51,2026-01-29 06:33:59.000691,456,1.037,0.0011,"aoml_navis",1028.87498875978
"7901009",100,0,1,0.022428,1,0,1,120.135602184649,1,4.85962035023206,458,1,12.9490003585815,35.5769996643066,0.0224280003458261,0.0074228192679584,115.845802307129,-86.1817,26.4675,127.203365970049,63,63,63,63,61,63,0,8047,1.25895569026649,26,-86,0.001869,51,2026-01-29 06:33:59.000691,458,1.037,0.0011,"aoml_navis",1028.88695816768
"7901009",100,0,1,0.020559,1,-0.001869,1,119.88246052903,1,4.85956129010265,460,1,12.9020004272461,35.5690002441406,0.020558999851346,0.00593825522810221,115.601699829102,-86.1817,26.4675,127.203365970049,63,63,63,63,61,63,0,8047,1.25895569026649,26,-86,0.001869,51,2026-01-29 06:33:59.000691,460,1.037,0.0011,"aoml_navis",1028.89946262914
"7901009",100,0,1,0.01869,1,-0.003738,1,119.491398406439,1,4.8595094146539,462,1,12.8769998550415,35.564998626709,0.0186899993568659,0.00445369118824601,115.224601745605,-86.1817,26.4675,127.203365970049,63,63,63,63,61,63,0,8047,1.25895569026649,26,-86,0.001869,51,2026-01-29 06:33:59.000691,462,1.037,0.0011,"aoml_navis",1028.91044617023
"7901009",100,0,1,0.022428,1,0,1,119.189827931502,1,4.85945541065595,464,1,12.835000038147,35.556999206543,0.0224280003458261,0.0074228192679584,114.933799743652,-86.1817,26.4675,127.203365970049,63,63,63,63,61,63,0,8047,1.25895569026649,26,-86,0.001869,51,2026-01-29 06:33:59.000691,464,1.037,0.0011,"aoml_navis",1028.92188063622
"7901009",100,0,1,0.022428,1,0,1,118.991856045054,1,4.8593792092141,466,1,12.7480001449585,35.5429992675781,0.0224280003458261,0.0074228192679584,114.742897033691,-86.1817,26.4675,127.203365970049,63,63,63,63,61,63,0,8047,1.25895569026649,26,-86,0.001869,51,2026-01-29 06:33:59.000691,466,1.037,0.0011,"aoml_navis",1028.93801548133
"7901009",100,0,1,0.022428,1,0,1,118.849789735684,1,4.85929428984817,468,1,12.6479997634888,35.5279998779297,0.0224280003458261,0.0074228192679584,114.605903625488,-86.1817,26.4675,127.203365970049,63,63,63,63,61,63,0,8047,1.25895569026649,26,-86,0.001869,51,2026-01-29 06:33:59.000691,468,1.037,0.0011,"aoml_navis",1028.95599685036
"7901009",100,0,1,0.024297,1,0.001869,1,118.767442545445,1,4.8592163581655,470,1,12.5659999847412,35.515998840332,0.0242970008403063,0.00890738237649202,114.526496887207,-86.1817,26.4675,127.203365970049,63,63,63,63,61,63,0,8047,1.25895569026649,26,-86,0.001869,51,2026-01-29 06:33:59.000691,470,1.037,0.0011,"aoml_navis",1028.97249915574
"7901009",100,0,1,0.01869,1,-0.003738,1,118.817738576224,1,4.85914617214716,472,1,12.5030002593994,35.5069999694824,0.0186899993568659,0.00445369118824601,114.574996948242,-86.1817,26.4675,127.203365970049,63,63,63,63,61,63,0,8047,1.25895569026649,26,-86,0.001869,51,2026-01-29 06:33:59.000691,472,1.037,0.0011,"aoml_navis",1028.98736174273
"7901009",100,0,1,0.028035,1,0.005607,1,118.628897037349,1,4.8590966247332,474,1,12.4799995422363,35.5029983520508,0.0280349999666214,0.0118765104562044,114.39289855957,-86.1817,26.4675,127.203365970049,63,63,63,63,61,63,0,8047,1.25895569026649,26,-86,0.001869,51,2026-01-29 06:33:59.000691,474,1.037,0.0011,"aoml_navis",1028.99785415865
"7901009",100,0,1,0.022428,1,0,1,118.26718019998,1,4.85905192427521,476,1,12.4619998931885,35.4990005493164,0.0224280003458261,0.0074228192679584,114.044097900391,-86.1817,26.4675,127.203365970049,63,63,63,63,61,63,0,8047,1.25895569026649,26,-86,0.001869,51,2026-01-29 06:33:59.000691,476,1.037,0.0011,"aoml_navis",1029.00732034178
"7901009",100,0,1,0.028035,1,0.005607,1,118.011759913424,1,4.85898532814825,478,1,12.4099998474121,35.492000579834,0.0280349999666214,0.0118765104562044,113.797798156738,-86.1817,26.4675,127.203365970049,63,63,63,63,61,63,0,8047,1.25895569026649,26,-86,0.001869,51,2026-01-29 06:33:59.000691,478,1.037,0.0011,"aoml_navis",1029.02142367767
"7901009",100,0,1,0.022428,1,0,1,118.008444821888,1,4.85892595081982,480,1,12.3540000915527,35.4819984436035,0.0224280003458261,0.0074228192679584,113.79460144043,-86.1817,26.4675,127.203365970049,63,63,63,63,61,63,0,8047,1.25895569026649,26,-86,0.001869,51,2026-01-29 06:33:59.000691,480,1.037,0.0011,"aoml_navis",1029.03399858489
"7901009",100,0,1,0.01869,1,-0.003738,1,118.225698040255,1,4.85884673433015,482,1,12.2620000839233,35.4679985046387,0.0186899993568659,0.00445369118824601,114.004096984863,-86.1817,26.4675,127.203365970049,63,63,63,63,61,63,0,8047,1.25895569026649,26,-86,0.001869,51,2026-01-29 06:33:59.000691,482,1.037,0.0011,"aoml_navis",1029.05077550039
"7901009",100,0,1,0.026166,1,0.003738,1,118.467225007628,1,4.85877075357404,484,1,12.1730003356934,35.4539985656738,0.0261659994721413,0.0103919459506869,114.236999511719,-86.1817,26.4675,127.203365970049,63,63,63,63,61,63,0,8047,1.25895569026649,26,-86,0.001869,51,2026-01-29 06:33:59.000691,484,1.037,0.0011,"aoml_navis",1029.06686764797
"7901009",100,0,1,0.024297,1,0.001869,1,118.588039918748,1,4.85870700244895,486,1,12.1079998016357,35.443000793457,0.0242970008403063,0.00890738237649202,114.353500366211,-86.1817,26.4675,127.203365970049,63,63,63,63,61,63,0,8047,1.25895569026649,26,-86,0.001869,51,2026-01-29 06:33:59.000691,486,1.037,0.0011,"aoml_navis",1029.0803700408
"7901009",100,0,1,0.024297,1,0.001869,1,118.543551232093,1,4.85863584897441,488,1,12.0349998474121,35.431999206543,0.0242970008403063,0.00890738237649202,114.310600280762,-86.1817,26.4675,127.203365970049,63,63,63,63,61,63,0,8047,1.25895569026649,26,-86,0.001869,51,2026-01-29 06:33:59.000691,488,1.037,0.0011,"aoml_navis",1029.0954406586
"7901009",100,0,1,0.024297,1,0.001869,1,118.325672972601,1,4.85858670749849,490,1,12.0120000839233,35.4280014038086,0.0242970008403063,0.00890738237649202,114.10050201416,-86.1817,26.4675,127.203365970049,63,63,63,63,61,63,0,8047,1.25895569026649,26,-86,0.001869,51,2026-01-29 06:33:59.000691,490,1.037,0.0011,"aoml_navis",1029.10584929631
"7901009",100,0,1,0.020559,1,-0.001869,1,118.172711959065,1,4.85852273157666,492,1,11.9540004730225,35.4189987182617,0.020558999851346,0.00593825522810221,113.953002929688,-86.1817,26.4675,127.203365970049,63,63,63,63,61,63,0,8047,1.25895569026649,26,-86,0.001869,51,2026-01-29 06:33:59.000691,492,1.037,0.0011,"aoml_navis",1029.11940032797
"7901009",100,0,1,0.022428,1,0,1,118.033224933324,1,4.8584544095513,494,1,11.8990001678467,35.4119987487793,0.0224280003458261,0.0074228192679584,113.818496704102,-86.1817,26.4675,127.203365970049,63,63,63,63,61,63,0,8047,1.25895569026649,26,-86,0.001869,51,2026-01-29 06:33:59.000691,494,1.037,0.0011,"aoml_navis",1029.13387232171
"7901009",100,0,1,0.028035,1,0.005607,1,117.789735811533,1,4.85840904143176,496,1,11.8760004043579,35.4070014953613,0.0280349999666214,0.0118765104562044,113.583702087402,-86.1817,26.4675,127.203365970049,63,63,63,63,61,63,0,8047,1.25895569026649,26,-86,0.001869,51,2026-01-29 06:33:59.000691,496,1.037,0.0011,"aoml_navis",1029.14348243649
"7901009",100,0,1,0.024297,1,0.001869,1,117.429055434765,1,4.85835218336715,498,1,11.8330001831055,35.4000015258789,0.0242970008403063,0.00890738237649202,113.235900878906,-86.1817,26.4675,127.203365970049,63,63,63,63,61,63,0,8047,1.25895569026649,26,-86,0.001869,51,2026-01-29 06:33:59.000691,498,1.037,0.0011,"aoml_navis",1029.15552666556
"7901009",100,0,1,0.022428,1,0,1,117.175810924277,1,4.85828093550304,500,1,11.7589998245239,35.3889999389648,0.0224280003458261,0.0074228192679584,112.99169921875,-86.1817,26.4675,127.203365970049,63,63,63,63,61,63,0,8047,1.25895569026649,26,-86,0.001869,51,2026-01-29 06:33:59.000691,500,1.037,0.0011,"aoml_navis",1029.17061948009
"7901009",100,0,1,0.022428,1,0,1,116.720868016329,1,4.85822513327815,502,1,11.7130002975464,35.3810005187988,0.0224280003458261,0.0074228192679584,112.553001403809,-86.1817,26.4675,127.203365970049,63,63,63,63,61,63,0,8047,1.25895569026649,26,-86,0.001869,51,2026-01-29 06:33:59.000691,502,1.037,0.0011,"aoml_navis",1029.18244067174
"7901009",100,0,1,0.024297,1,0.001869,1,116.425002030648,1,4.85814694470389,504,1,11.6389999389648,35.3720016479492,0.0242970008403063,0.00890738237649202,112.267700195312,-86.1817,26.4675,127.203365970049,63,63,63,63,61,63,0,8047,1.25895569026649,26,-86,0.001869,51,2026-01-29 06:33:59.000691,504,1.037,0.0011,"aoml_navis",1029.19900466386
"7901009",100,0,1,0.022428,1,0,1,115.899951661833,1,4.85808778799342,506,1,11.5970001220703,35.3660011291504,0.0224280003458261,0.0074228192679584,111.76139831543,-86.1817,26.4675,127.203365970049,63,63,63,63,61,63,0,8047,1.25895569026649,26,-86,0.001869,51,2026-01-29 06:33:59.000691,506,1.037,0.0011,"aoml_navis",1029.21153717257
"7901009",100,0,1,0.026166,1,0.003738,1,115.134830117634,1,4.85804104360699,508,1,11.5839996337891,35.3639984130859,0.0261659994721413,0.0103919459506869,111.023597717285,-86.1817,26.4675,127.203365970049,63,63,63,63,61,63,0,8047,1.25895569026649,26,-86,0.001869,51,2026-01-29 06:33:59.000691,508,1.037,0.0011,"aoml_navis",1029.22144031282
"7901009",100,0,1,0.024297,1,0.001869,1,113.930842672651,1,4.85799063828795,510,1,11.5710000991821,35.3629989624023,0.0242970008403063,0.00890738237649202,109.862602233887,-86.1817,26.4675,127.203365970049,63,63,63,63,61,63,0,8047,1.25895569026649,26,-86,0.001869,51,2026-01-29 06:33:59.000691,510,1.037,0.0011,"aoml_navis",1029.23211926199
"7901009",100,0,1,0.026166,1,0.003738,1,112.829828775032,1,4.85791974439959,512,1,11.5319995880127,35.3610000610352,0.0261659994721413,0.0103919459506869,108.800903320312,-86.1817,26.4675,127.203365970049,63,63,63,63,61,63,0,8047,1.25895569026649,26,-86,0.001869,51,2026-01-29 06:33:59.000691,512,1.037,0.0011,"aoml_navis",1029.24713932629
"7901009",100,0,1,0.024297,1,0.001869,1,111.85366486415,1,4.85786466941836,514,1,11.5100002288818,35.359001159668,0.0242970008403063,0.00890738237649202,107.859596252441,-86.1817,26.4675,127.203365970049,63,63,63,63,61,63,0,8047,1.25895569026649,26,-86,0.001869,51,2026-01-29 06:33:59.000691,514,1.037,0.0011,"aoml_navis",1029.25880819127
"7901009",100,0,1,0.028035,1,0.005607,1,110.817884689005,1,4.85780878927645,516,1,11.4949998855591,35.359001159668,0.0280349999666214,0.0118765104562044,106.860801696777,-86.1817,26.4675,127.203365970049,63,63,63,63,61,63,0,8047,1.25895569026649,26,-86,0.001869,51,2026-01-29 06:33:59.000691,516,1.037,0.0011,"aoml_navis",1029.27064791793
"7901009",100,0,1,0.026166,1,0.003738,1,110.235069443564,1,4.85776032912846,518,1,11.4879999160767,35.359001159668,0.0261659994721413,0.0103919459506869,106.298797607422,-86.1817,26.4675,127.203365970049,63,63,63,63,61,63,0,8047,1.25895569026649,26,-86,0.001869,51,2026-01-29 06:33:59.000691,518,1.037,0.0011,"aoml_navis",1029.28091573778
"7901009",100,0,1,0.031773,1,0.009345,1,110.371027756118,1,4.85769507504175,520,1,11.451000213623,35.3559989929199,0.0317730009555817,0.0148456385359168,106.429901123047,-86.1817,26.4675,127.203365970049,63,63,63,63,61,63,0,8047,1.25895569026649,26,-86,0.001869,51,2026-01-29 06:33:59.000691,520,1.037,0.0011,"aoml_navis",1029.29474221002
"7901009",100,0,1,0.026166,1,0.003738,1,110.808548631695,1,4.85762405133088,522,1,11.3760004043579,35.3450012207031,0.0261659994721413,0.0103919459506869,106.85179901123,-86.1817,26.4675,127.203365970049,63,63,63,63,61,63,0,8047,1.25895569026649,26,-86,0.001869,51,2026-01-29 06:33:59.000691,522,1.037,0.0011,"aoml_navis",1029.30979161101
"7901009",100,0,1,0.031773,1,0.009345,1,110.977689507264,1,4.85755696008468,524,1,11.3050003051758,35.3339996337891,0.0317730009555817,0.0148456385359168,107.01490020752,-86.1817,26.4675,127.203365970049,63,63,63,63,61,63,0,8047,1.25895569026649,26,-86,0.001869,51,2026-01-29 06:33:59.000691,524,1.037,0.0011,"aoml_navis",1029.32400815591
"7901009",100,0,1,0.026166,1,0.003738,1,111.103378156777,1,4.85750016484072,526,1,11.2530002593994,35.3250007629395,0.0261659994721413,0.0103919459506869,107.136100769043,-86.1817,26.4675,127.203365970049,63,63,63,63,61,63,0,8047,1.25895569026649,26,-86,0.001869,51,2026-01-29 06:33:59.000691,526,1.037,0.0011,"aoml_navis",1029.33604329871
"7901009",100,0,1,0.026166,1,0.003738,1,111.212159048264,1,4.85742795129381,528,1,11.1840000152588,35.3160018920898,0.0261659994721413,0.0103919459506869,107.240997314453,-86.1817,26.4675,127.203365970049,63,63,63,63,61,63,0,8047,1.25895569026649,26,-86,0.001869,51,2026-01-29 06:33:59.000691,528,1.037,0.0011,"aoml_navis",1029.35134604894
"7901009",100,0,1,0.026166,1,0.003738,1,110.99645656484,1,4.85736049437826,530,1,11.1239995956421,35.3079986572266,0.0261659994721413,0.0103919459506869,107.032997131348,-86.1817,26.4675,127.203365970049,63,63,63,63,61,63,0,8047,1.25895569026649,26,-86,0.001869,51,2026-01-29 06:33:59.000691,530,1.037,0.0011,"aoml_navis",1029.36564123392
"7901009",100,0,1,0.026166,1,0.003738,1,110.433452749487,1,4.85730587270423,532,1,11.0819997787476,35.3009986877441,0.0261659994721413,0.0103919459506869,106.490097045898,-86.1817,26.4675,127.203365970049,63,63,63,63,61,63,0,8047,1.25895569026649,26,-86,0.001869,51,2026-01-29 06:33:59.000691,532,1.037,0.0011,"aoml_navis",1029.37721671959
"7901009",100,0,1,0.031773,1,0.009345,1,110.119753311961,1,4.85723769227496,534,1,11.0290002822876,35.2949981689453,0.0317730009555817,0.0148456385359168,106.187599182129,-86.1817,26.4675,127.203365970049,63,63,63,63,61,63,0,8047,1.25895569026649,26,-86,0.001869,51,2026-01-29 06:33:59.000691,534,1.037,0.0011,"aoml_navis",1029.39166595699
"7901009",100,0,1,0.026166,1,0.003738,1,109.935785511477,1,4.85718310981483,536,1,10.9989995956421,35.2910003662109,0.0261659994721413,0.0103919459506869,106.010200500488,-86.1817,26.4675,127.203365970049,63,63,63,63,61,63,0,8047,1.25895569026649,26,-86,0.001869,51,2026-01-29 06:33:59.000691,536,1.037,0.0011,"aoml_navis",1029.40323371721
"7901009",100,0,1,0.024297,1,0.001869,1,110.110108690045,1,4.85712952244571,538,1,10.9659996032715,35.2859992980957,0.0242970008403063,0.00890738237649202,106.178298950195,-86.1817,26.4675,127.203365970049,63,63,63,63,61,63,0,8047,1.25895569026649,26,-86,0.001869,51,2026-01-29 06:33:59.000691,538,1.037,0.0011,"aoml_navis",1029.4145908389
"7901009",100,0,1,0.026166,1,0.003738,1,110.506463882416,1,4.85707427121352,540,1,10.9230003356934,35.2789993286133,0.0261659994721413,0.0103919459506869,106.560501098633,-86.1817,26.4675,127.203365970049,63,63,63,63,61,63,0,8047,1.25895569026649,26,-86,0.001869,51,2026-01-29 06:33:59.000691,540,1.037,0.0011,"aoml_navis",1029.42630085637
"7901009",100,0,1,0.024297,1,0.001869,1,111.055566466672,1,4.85702354154365,542,1,10.8889999389648,35.2729988098145,0.0242970008403063,0.00890738237649202,107.089996337891,-86.1817,26.4675,127.203365970049,63,63,63,63,61,63,0,8047,1.25895569026649,26,-86,0.001869,51,2026-01-29 06:33:59.000691,542,1.037,0.0011,"aoml_navis",1029.43705280269
"7901009",100,0,1,0.029904,1,0.007476,1,111.688052701767,1,4.85696848953907,544,1,10.8420000076294,35.2649993896484,0.0299040004611015,0.0133610740303993,107.699897766113,-86.1817,26.4675,127.203365970049,63,63,63,63,61,63,0,8047,1.25895569026649,26,-86,0.001869,51,2026-01-29 06:33:59.000691,544,1.037,0.0011,"aoml_navis",1029.44872110433
"7901009",100,0,1,0.028035,1,0.005607,1,112.524832441777,1,4.85690382200122,546,1,10.7760000228882,35.2550010681152,0.0280349999666214,0.0118765104562044,108.506797790527,-86.1817,26.4675,127.203365970049,63,63,63,63,61,63,0,8047,1.25895569026649,26,-86,0.001869,51,2026-01-29 06:33:59.000691,546,1.037,0.0011,"aoml_navis",1029.46242776119
"7901009",100,0,1,0.026166,1,0.003738,1,113.092195721179,1,4.8568388253613,548,1,10.6929998397827,35.2410011291504,0.0261659994721413,0.0103919459506869,109.053901672363,-86.1817,26.4675,127.203365970049,63,63,63,63,61,63,0,8047,1.25895569026649,26,-86,0.001869,51,2026-01-29 06:33:59.000691,548,1.037,0.0011,"aoml_navis",1029.47620454093
"7901009",100,0,1,0.026166,1,0.003738,1,113.324386631242,1,4.8567841681736,550,1,10.6459999084473,35.2330017089844,0.0261659994721413,0.0103919459506869,109.277801513672,-86.1817,26.4675,127.203365970049,63,63,63,63,61,63,0,8047,1.25895569026649,26,-86,0.001869,51,2026-01-29 06:33:59.000691,550,1.037,0.0011,"aoml_navis",1029.48779004117
"7901009",100,0,1,0.026166,1,0.003738,1,113.33994145215,1,4.85673984123269,552,1,10.6269998550415,35.2290000915527,0.0261659994721413,0.0103919459506869,109.29280090332,-86.1817,26.4675,127.203365970049,63,63,63,63,61,63,0,8047,1.25895569026649,26,-86,0.001869,51,2026-01-29 06:33:59.000691,552,1.037,0.0011,"aoml_navis",1029.49718606524
"7901009",100,0,1,0.026166,1,0.003738,1,113.31318336247,1,4.85669540838934,554,1,10.6120004653931,35.226001739502,0.0261659994721413,0.0103919459506869,109.266998291016,-86.1817,26.4675,127.203365970049,63,63,63,63,61,63,0,8047,1.25895569026649,26,-86,0.001869,51,2026-01-29 06:33:59.000691,554,1.037,0.0011,"aoml_navis",1029.50660470968
"7901009",100,0,1,0.029904,1,0.007476,1,113.325834511316,1,4.85665021697685,556,1,10.5920000076294,35.2220001220703,0.0299040004611015,0.0133610740303993,109.279197692871,-86.1817,26.4675,127.203365970049,63,63,63,63,61,63,0,8047,1.25895569026649,26,-86,0.001869,51,2026-01-29 06:33:59.000691,556,1.037,0.0011,"aoml_navis",1029.51618432846
"7901009",100,0,1,0.029904,1,0.007476,1,113.38079857075,1,4.85660604012984,558,1,10.5690002441406,35.2169990539551,0.0299040004611015,0.0133610740303993,109.33219909668,-86.1817,26.4675,127.203365970049,63,63,63,63,61,63,0,8047,1.25895569026649,26,-86,0.001869,51,2026-01-29 06:33:59.000691,558,1.037,0.0011,"aoml_navis",1029.52554905325
"7901009",100,0,1,0.026166,1,0.003738,1,113.609152203021,1,4.85652888202327,560,1,10.4879999160767,35.2070007324219,0.0261659994721413,0.0103919459506869,109.552398681641,-86.1817,26.4675,127.203365970049,63,63,63,63,61,63,0,8047,1.25895569026649,26,-86,0.001869,51,2026-01-29 06:33:59.000691,560,1.037,0.0011,"aoml_navis",1029.54190564125
"7901009",100,0,1,0.026166,1,0.003738,1,113.71565446357,1,4.85646845581078,562,1,10.4340000152588,35.1990013122559,0.0261659994721413,0.0103919459506869,109.655097961426,-86.1817,26.4675,127.203365970049,63,63,63,63,61,63,0,8047,1.25895569026649,26,-86,0.001869,51,2026-01-29 06:33:59.000691,562,1.037,0.0011,"aoml_navis",1029.5547156324
"7901009",100,0,1,0.026166,1,0.003738,1,113.735568748527,1,4.85641489231222,564,1,10.3959999084473,35.193000793457,0.0261659994721413,0.0103919459506869,109.674301147461,-86.1817,26.4675,127.203365970049,63,63,63,63,61,63,0,8047,1.25895569026649,26,-86,0.001869,51,2026-01-29 06:33:59.000691,564,1.037,0.0011,"aoml_navis",1029.56607103629
"7901009",100,0,1,0.028035,1,0.005607,1,113.68391978063,1,4.85635845410616,566,1,10.3629999160767,35.1889991760254,0.0280349999666214,0.0118765104562044,109.624496459961,-86.1817,26.4675,127.203365970049,63,63,63,63,61,63,0,8047,1.25895569026649,26,-86,0.001869,51,2026-01-29 06:33:59.000691,566,1.037,0.0011,"aoml_navis",1029.57803614607
"7901009",100,0,1,0.029904,1,0.007476,1,113.641614781955,1,4.8563046747002,568,1,10.3330001831055,35.185001373291,0.0299040004611015,0.0133610740303993,109.583702087402,-86.1817,26.4675,127.203365970049,63,63,63,63,61,63,0,8047,1.25895569026649,26,-86,0.001869,51,2026-01-29 06:33:59.000691,568,1.037,0.0011,"aoml_navis",1029.58943783911
"7901009",100,0,1,0.026166,1,0.003738,1,113.55823904303,1,4.85625954100129,570,1,10.3170003890991,35.181999206543,0.0261659994721413,0.0103919459506869,109.503303527832,-86.1817,26.4675,127.203365970049,63,63,63,63,61,63,0,8047,1.25895569026649,26,-86,0.001869,51,2026-01-29 06:33:59.000691,570,1.037,0.0011,"aoml_navis",1029.59900676336
"7901009",100,0,1,0.024297,1,0.001869,1,113.455360438622,1,4.85621074053288,572,1,10.3009996414185,35.1800003051758,0.0242970008403063,0.00890738237649202,109.404098510742,-86.1817,26.4675,127.203365970049,63,63,63,63,61,63,0,8047,1.25895569026649,26,-86,0.001869,51,2026-01-29 06:33:59.000691,572,1.037,0.0011,"aoml_navis",1029.60935329
"7901009",100,0,1,0.028035,1,0.005607,1,113.364001579505,1,4.8561570457291,574,1,10.2709999084473,35.1759986877441,0.0280349999666214,0.0118765104562044,109.31600189209,-86.1817,26.4675,127.203365970049,63,63,63,63,61,63,0,8047,1.25895569026649,26,-86,0.001869,51,2026-01-29 06:33:59.000691,574,1.037,0.0011,"aoml_navis",1029.62073773899
"7901009",100,0,1,0.028035,1,0.005607,1,113.149746976156,1,4.85611193418681,576,1,10.2550001144409,35.1730003356934,0.0280349999666214,0.0118765104562044,109.109397888184,-86.1817,26.4675,127.203365970049,63,63,63,63,61,63,0,8047,1.25895569026649,26,-86,0.001869,51,2026-01-29 06:33:59.000691,576,1.037,0.0011,"aoml_navis",1029.63030254723
"7901009",100,0,1,0.024297,1,0.001869,1,112.975945983845,1,4.85605637529722,578,1,10.2270002365112,35.1699981689453,0.0242970008403063,0.00890738237649202,108.941802978516,-86.1817,26.4675,127.203365970049,63,63,63,63,61,63,0,8047,1.25895569026649,26,-86,0.001869,51,2026-01-29 06:33:59.000691,578,1.037,0.0011,"aoml_navis",1029.64208270625
"7901009",100,0,1,0.028035,1,0.005607,1,112.859276915123,1,4.85599683528466,580,1,10.1859998703003,35.1650009155273,0.0280349999666214,0.0118765104562044,108.829299926758,-86.1817,26.4675,127.203365970049,63,63,63,63,61,63,0,8047,1.25895569026649,26,-86,0.001869,51,2026-01-29 06:33:59.000691,580,1.037,0.0011,"aoml_navis",1029.65470728255
"7901009",100,0,1,0.028035,1,0.005607,1,112.78678796845,1,4.8559330361583,582,1,10.1400003433228,35.1599998474121,0.0280349999666214,0.0118765104562044,108.759399414062,-86.1817,26.4675,127.203365970049,63,63,63,63,61,63,0,8047,1.25895569026649,26,-86,0.001869,51,2026-01-29 06:33:59.000691,582,1.037,0.0011,"aoml_navis",1029.66823528433
"7901009",100,0,1,0.026166,1,0.003738,1,112.637869942444,1,4.85588300140894,584,1,10.1140003204346,35.1559982299805,0.0261659994721413,0.0103919459506869,108.615798950195,-86.1817,26.4675,127.203365970049,63,63,63,63,61,63,0,8047,1.25895569026649,26,-86,0.001869,51,2026-01-29 06:33:59.000691,584,1.037,0.0011,"aoml_navis",1029.67884492877
"7901009",100,0,1,0.029904,1,0.007476,1,112.492686339362,1,4.85581998868839,586,1,10.0729999542236,35.1520004272461,0.0299040004611015,0.0133610740303993,108.475799560547,-86.1817,26.4675,127.203365970049,63,63,63,63,61,63,0,8047,1.25895569026649,26,-86,0.001869,51,2026-01-29 06:33:59.000691,586,1.037,0.0011,"aoml_navis",1029.69220680492
"7901009",100,0,1,0.029904,1,0.007476,1,112.271485076421,1,4.85576420983391,588,1,10.0530004501343,35.1510009765625,0.0299040004611015,0.0133610740303993,108.262496948242,-86.1817,26.4675,127.203365970049,63,63,63,63,61,63,0,8047,1.25895569026649,26,-86,0.001869,51,2026-01-29 06:33:59.000691,588,1.037,0.0011,"aoml_navis",1029.70403502583
"7901009",100,0,1,0.028035,1,0.005607,1,111.994702624833,1,4.85571644230874,590,1,10.0380001068115,35.148998260498,0.0280349999666214,0.0118765104562044,107.995597839355,-86.1817,26.4675,127.203365970049,63,63,63,63,61,63,0,8047,1.25895569026649,26,-86,0.001869,51,2026-01-29 06:33:59.000691,590,1.037,0.0011,"aoml_navis",1029.71416461515
"7901009",100,0,1,0.028035,1,0.005607,1,111.615255190489,1,4.85566155193075,592,1,10.0190000534058,35.1479988098145,0.0280349999666214,0.0118765104562044,107.629699707031,-86.1817,26.4675,127.203365970049,63,63,63,63,61,63,0,8047,1.25895569026649,26,-86,0.001869,51,2026-01-29 06:33:59.000691,592,1.037,0.0011,"aoml_navis",1029.72580492392
"7901009",100,0,1,0.029904,1,0.007476,1,111.189554712896,1,4.85560366478962,594,1,10.0050001144409,35.148998260498,0.0299040004611015,0.0133610740303993,107.219200134277,-86.1817,26.4675,127.203365970049,63,63,63,63,61,63,0,8047,1.25895569026649,26,-86,0.001869,51,2026-01-29 06:33:59.000691,594,1.037,0.0011,"aoml_navis",1029.73808102533
"7901009",100,0,1,0.028035,1,0.005607,1,111.15336562295,1,4.85555483475711,596,1,9.99300003051758,35.1479988098145,0.0280349999666214,0.0118765104562044,107.184303283691,-86.1817,26.4675,127.203365970049,63,63,63,63,61,63,0,8047,1.25895569026649,26,-86,0.001869,51,2026-01-29 06:33:59.000691,596,1.037,0.0011,"aoml_navis",1029.74843661715
"7901009",100,0,1,0.026166,1,0.003738,1,111.284442285199,1,4.85550234473389,598,1,9.96399974822998,35.1440010070801,0.0261659994721413,0.0103919459506869,107.310699462891,-86.1817,26.4675,127.203365970049,63,63,63,63,61,63,0,8047,1.25895569026649,26,-86,0.001869,51,2026-01-29 06:33:59.000691,598,1.037,0.0011,"aoml_navis",1029.759568631
"7901009",100,0,1,0.026166,1,0.003738,1,111.642013280169,1,4.85543018034539,600,1,9.89500045776367,35.1360015869141,0.0261659994721413,0.0103919459506869,107.655502319336,-86.1817,26.4675,127.203365970049,63,63,63,63,61,63,0,8047,1.25895569026649,26,-86,0.001869,51,2026-01-29 06:33:59.000691,600,1.037,0.0011,"aoml_navis",1029.77487355082
"7901009",100,0,1,0.029904,1,0.007476,1,111.933519801802,1,4.85536960046578,602,1,9.83500003814697,35.1269989013672,0.0299040004611015,0.0133610740303993,107.936599731445,-86.1817,26.4675,127.203365970049,63,63,63,63,61,63,0,8047,1.25895569026649,26,-86,0.001869,51,2026-01-29 06:33:59.000691,602,1.037,0.0011,"aoml_navis",1029.78772193168
"7901009",100,0,1,0.026166,1,0.003738,1,112.052989687717,1,4.85532755442964,604,1,9.81799983978271,35.1230010986328,0.0261659994721413,0.0103919459506869,108.051803588867,-86.1817,26.4675,127.203365970049,63,63,63,63,61,63,0,8047,1.25895569026649,26,-86,0.001869,51,2026-01-29 06:33:59.000691,604,1.037,0.0011,"aoml_navis",1029.79663965995
"7901009",100,0,1,0.029904,1,0.007476,1,112.13854120271,1,4.85527467955598,606,1,9.78400039672852,35.1180000305176,0.0299040004611015,0.0133610740303993,108.134300231934,-86.1817,26.4675,127.203365970049,63,63,63,63,61,63,0,8047,1.25895569026649,26,-86,0.001869,51,2026-01-29 06:33:59.000691,606,1.037,0.0011,"aoml_navis",1029.80785434312
"7901009",100,0,1,0.028035,1,0.005607,1,112.089075922793,1,4.85522729652455,608,1,9.76500034332275,35.1150016784668,0.0280349999666214,0.0118765104562044,108.086601257324,-86.1817,26.4675,127.203365970049,63,63,63,63,61,63,0,8047,1.25895569026649,26,-86,0.001869,51,2026-01-29 06:33:59.000691,608,1.037,0.0011,"aoml_navis",1029.81790442212
"7901009",100,0,1,0.029904,1,0.007476,1,111.859994394529,1,4.85518079240778,610,1,9.74699974060059,35.1119995117188,0.0299040004611015,0.0133610740303993,107.865699768066,-86.1817,26.4675,127.203365970049,63,63,63,63,61,63,0,8047,1.25895569026649,26,-86,0.001869,51,2026-01-29 06:33:59.000691,610,1.037,0.0011,"aoml_navis",1029.82776827151
"7901009",100,0,1,0.028035,1,0.005607,1,111.521404078785,1,4.8551212603077,612,1,9.7180004119873,35.1100006103516,0.0280349999666214,0.0118765104562044,107.539199829102,-86.1817,26.4675,127.203365970049,63,63,63,63,61,63,0,8047,1.25895569026649,26,-86,0.001869,51,2026-01-29 06:33:59.000691,612,1.037,0.0011,"aoml_navis",1029.84039572332
"7901009",100,0,1,0.028035,1,0.005607,1,111.315971258402,1,4.85506803364685,614,1,9.70499992370605,35.1100006103516,0.0280349999666214,0.0118765104562044,107.341102600098,-86.1817,26.4675,127.203365970049,63,63,63,63,61,63,0,8047,1.25895569026649,26,-86,0.001869,51,2026-01-29 06:33:59.000691,614,1.037,0.0011,"aoml_navis",1029.85168598025
"7901009",100,0,1,0.029904,1,0.007476,1,111.212886944257,1,4.85501758780343,616,1,9.67800045013428,35.1059989929199,0.0299040004611015,0.0133610740303993,107.24169921875,-86.1817,26.4675,127.203365970049,63,63,63,63,61,63,0,8047,1.25895569026649,26,-86,0.001869,51,2026-01-29 06:33:59.000691,616,1.037,0.0011,"aoml_navis",1029.8623866082
"7901009",100,0,1,0.031773,1,0.009345,1,111.298335604382,1,4.85493722147299,618,1,9.60700035095215,35.0999984741211,0.0317730009555817,0.0148456385359168,107.324096679688,-86.1817,26.4675,127.203365970049,63,63,63,63,61,63,0,8047,1.25895569026649,26,-86,0.001869,51,2026-01-29 06:33:59.000691,618,1.037,0.0011,"aoml_navis",1029.87943446218
"7901009",100,0,1,0.028035,1,0.005607,1,111.40525719632,1,4.85488068267206,620,1,9.56400012969971,35.0940017700195,0.0280349999666214,0.0118765104562044,107.427200317383,-86.1817,26.4675,127.203365970049,63,63,63,63,61,63,0,8047,1.25895569026649,26,-86,0.001869,51,2026-01-29 06:33:59.000691,620,1.037,0.0011,"aoml_navis",1029.89142819635
"7901009",100,0,1,0.031773,1,0.009345,1,111.597208116994,1,4.85482057039916,622,1,9.52099990844727,35.0890007019043,0.0317730009555817,0.0148456385359168,107.612297058105,-86.1817,26.4675,127.203365970049,63,63,63,63,61,63,0,8047,1.25895569026649,26,-86,0.001869,51,2026-01-29 06:33:59.000691,622,1.037,0.0011,"aoml_navis",1029.90418028753
"7901009",100,0,1,0.026166,1,0.003738,1,111.757020847166,1,4.85477453099667,624,1,9.49899959564209,35.0849990844727,0.0261659994721413,0.0103919459506869,107.766403198242,-86.1817,26.4675,127.203365970049,63,63,63,63,61,63,0,8047,1.25895569026649,26,-86,0.001869,51,2026-01-29 06:33:59.000691,624,1.037,0.0011,"aoml_navis",1029.91394720313
"7901009",100,0,1,0.026166,1,0.003738,1,111.917031375163,1,4.85472186482912,626,1,9.45600032806396,35.0779991149902,0.0261659994721413,0.0103919459506869,107.920700073242,-86.1817,26.4675,127.203365970049,63,63,63,63,61,63,0,8047,1.25895569026649,26,-86,0.001869,51,2026-01-29 06:33:59.000691,626,1.037,0.0011,"aoml_navis",1029.92512016463
"7901009",100,0,1,0.028035,1,0.005607,1,111.697285904209,1,4.85465703440501,628,1,9.39400005340576,35.0699996948242,0.0280349999666214,0.0118765104562044,107.708801269531,-86.1817,26.4675,127.203365970049,63,63,63,63,61,63,0,8047,1.25895569026649,26,-86,0.001869,51,2026-01-29 06:33:59.000691,628,1.037,0.0011,"aoml_navis",1029.93887406771
"7901009",100,0,1,0.031773,1,0.009345,1,111.365745102925,1,4.85460697943826,630,1,9.38899993896484,35.0709991455078,0.0317730009555817,0.0148456385359168,107.389099121094,-86.1817,26.4675,127.203365970049,63,63,63,63,61,63,0,8047,1.25895569026649,26,-86,0.001869,51,2026-01-29 06:33:59.000691,630,1.037,0.0011,"aoml_navis",1029.94949357951
"7901009",100,0,1,0.028035,1,0.005607,1,111.383167135295,1,4.85454753474802,632,1,9.36400032043457,35.0699996948242,0.0280349999666214,0.0118765104562044,107.405899047852,-86.1817,26.4675,127.203365970049,63,63,63,63,61,63,0,8047,1.25895569026649,26,-86,0.001869,51,2026-01-29 06:33:59.000691,632,1.037,0.0011,"aoml_navis",1029.96210547139
"7901009",100,0,1,0.026166,1,0.003738,1,111.998539902626,1,4.85448860806371,634,1,9.32199954986572,35.064998626709,0.0261659994721413,0.0103919459506869,107.999298095703,-86.1817,26.4675,127.203365970049,63,63,63,63,61,63,0,8047,1.25895569026649,26,-86,0.001869,51,2026-01-29 06:33:59.000691,634,1.037,0.0011,"aoml_navis",1029.97460776704
"7901009",100,0,1,0.028035,1,0.005607,1,112.808458698087,1,4.85441969033922,636,1,9.23700046539307,35.0530014038086,0.0280349999666214,0.0118765104562044,108.780296325684,-86.1817,26.4675,127.203365970049,63,63,63,63,61,63,0,8047,1.25895569026649,26,-86,0.001869,51,2026-01-29 06:33:59.000691,636,1.037,0.0011,"aoml_navis",1029.98923021644
"7901009",100,0,1,0.028035,1,0.005607,1,113.247751842171,1,4.85435441877525,638,1,9.1560001373291,35.0410003662109,0.0280349999666214,0.0118765104562044,109.203903198242,-86.1817,26.4675,127.203365970049,63,63,63,63,61,63,0,8047,1.25895569026649,26,-86,0.001869,51,2026-01-29 06:33:59.000691,638,1.037,0.0011,"aoml_navis",1030.00307943347
"7901009",100,0,1,0.028035,1,0.005607,1,113.214149947768,1,4.85429953707091,640,1,9.11400032043457,35.0349998474121,0.0280349999666214,0.0118765104562044,109.171501159668,-86.1817,26.4675,127.203365970049,63,63,63,63,61,63,0,8047,1.25895569026649,26,-86,0.001869,51,2026-01-29 06:33:59.000691,640,1.037,0.0011,"aoml_navis",1030.01472443479
"7901009",100,0,1,0.029904,1,0.007476,1,113.001865410749,1,4.85423821582854,642,1,9.07299995422363,35.0309982299805,0.0299040004611015,0.0133610740303993,108.966796875,-86.1817,26.4675,127.203365970049,63,63,63,63,61,63,0,8047,1.25895569026649,26,-86,0.001869,51,2026-01-29 06:33:59.000691,642,1.037,0.0011,"aoml_navis",1030.02773611237
"7901009",100,0,1,0.029904,1,0.007476,1,112.639222879563,1,4.85419552415191,644,1,9.06799983978271,35.0299987792969,0.0299040004611015,0.0133610740303993,108.61710357666,-86.1817,26.4675,127.203365970049,63,63,63,63,61,63,0,8047,1.25895569026649,26,-86,0.001869,51,2026-01-29 06:33:59.000691,644,1.037,0.0011,"aoml_navis",1030.03679499984
"7901009",100,0,1,0.026166,1,0.003738,1,112.444360374914,1,4.85413185198779,646,1,9.03299999237061,35.0279998779297,0.0261659994721413,0.0103919459506869,108.42919921875,-86.1817,26.4675,127.203365970049,63,63,63,63,61,63,0,8047,1.25895569026649,26,-86,0.001869,51,2026-01-29 06:33:59.000691,646,1.037,0.0011,"aoml_navis",1030.0503061021
"7901009",100,0,1,0.028035,1,0.005607,1,112.347708446017,1,4.85407763461526,648,1,9.00500011444092,35.0250015258789,0.0280349999666214,0.0118765104562044,108.335998535156,-86.1817,26.4675,127.203365970049,63,63,63,63,61,63,0,8047,1.25895569026649,26,-86,0.001869,51,2026-01-29 06:33:59.000691,648,1.037,0.0011,"aoml_navis",1030.06181119645
"7901009",100,0,1,0.028035,1,0.005607,1,112.119149104009,1,4.85402922922686,650,1,8.99300003051758,35.023998260498,0.0280349999666214,0.0118765104562044,108.115600585938,-86.1817,26.4675,127.203365970049,63,63,63,63,61,63,0,8047,1.25895569026649,26,-86,0.001869,51,2026-01-29 06:33:59.000691,650,1.037,0.0011,"aoml_navis",1030.07208318694
"7901009",100,0,1,0.029904,1,0.007476,1,111.651238570697,1,4.8539783271611,652,1,8.9689998626709,35.0209999084473,0.0299040004611015,0.0133610740303993,107.664398193359,-86.1817,26.4675,127.203365970049,63,63,63,63,61,63,0,8047,1.25895569026649,26,-86,0.001869,51,2026-01-29 06:33:59.000691,652,1.037,0.0011,"aoml_navis",1030.08288521228
"7901009",100,0,1,0.029904,1,0.007476,1,110.923034012436,1,4.85391522622459,654,1,8.94799995422363,35.0219993591309,0.0299040004611015,0.0133610740303993,106.962196350098,-86.1817,26.4675,127.203365970049,63,63,63,63,61,63,0,8047,1.25895569026649,26,-86,0.001869,51,2026-01-29 06:33:59.000691,654,1.037,0.0011,"aoml_navis",1030.09627629798
"7901009",100,0,1,0.028035,1,0.005607,1,110.499414367955,1,4.85386042842901,656,1,8.98200035095215,35.0330009460449,0.0280349999666214,0.0118765104562044,106.553703308105,-86.1817,26.4675,127.203365970049,63,63,63,63,61,63,0,8047,1.25895569026649,26,-86,0.001869,51,2026-01-29 06:33:59.000691,656,1.037,0.0011,"aoml_navis",1030.10790559923
"7901009",100,0,1,0.029904,1,0.007476,1,110.488313954052,1,4.85380465029206,658,1,8.96100044250488,35.0320014953613,0.0299040004611015,0.0133610740303993,106.542999267578,-86.1817,26.4675,127.203365970049,63,63,63,63,61,63,0,8047,1.25895569026649,26,-86,0.001869,51,2026-01-29 06:33:59.000691,658,1.037,0.0011,"aoml_navis",1030.11974322023
"7901009",100,0,1,0.031773,1,0.009345,1,110.524819520516,1,4.85374722828689,660,1,8.92000007629395,35.0270004272461,0.0317730009555817,0.0148456385359168,106.578201293945,-86.1817,26.4675,127.203365970049,63,63,63,63,61,63,0,8047,1.25895569026649,26,-86,0.001869,51,2026-01-29 06:33:59.000691,660,1.037,0.0011,"aoml_navis",1030.13192999849
"7901009",100,0,1,0.028035,1,0.005607,1,110.519945782124,1,4.85369313148446,662,1,8.90100002288818,35.0260009765625,0.0280349999666214,0.0118765104562044,106.573501586914,-86.1817,26.4675,127.203365970049,63,63,63,63,61,63,0,8047,1.25895569026649,26,-86,0.001869,51,2026-01-29 06:33:59.000691,662,1.037,0.0011,"aoml_navis",1030.14341132662
"7901009",100,0,1,0.033642,1,0.011214,1,110.545873120942,1,4.85364069230973,664,1,8.875,35.0229988098145,0.0336420014500618,0.0163302011787891,106.598503112793,-86.1817,26.4675,127.203365970049,63,63,63,63,61,63,0,8047,1.25895569026649,26,-86,0.001869,51,2026-01-29 06:33:59.000691,664,1.037,0.0011,"aoml_navis",1030.15454108957
"7901009",100,0,1,0.035511,1,0.013083,1,110.588494596135,1,4.85358705158464,666,1,8.8430004119873,35.0190010070801,0.0355109982192516,0.017814764752984,106.639602661133,-86.1817,26.4675,127.203365970049,63,63,63,63,61,63,0,8047,1.25895569026649,26,-86,0.001869,51,2026-01-29 06:33:59.000691,666,1.037,0.0011,"aoml_navis",1030.16592612006
"7901009",100,0,1,0.028035,1,0.005607,1,110.833542364782,1,4.85351155225366,668,1,8.78400039672852,35.0149993896484,0.0280349999666214,0.0118765104562044,106.875900268555,-86.1817,26.4675,127.203365970049,63,63,63,63,61,63,0,8047,1.25895569026649,26,-86,0.001869,51,2026-01-29 06:33:59.000691,668,1.037,0.0011,"aoml_navis",1030.18195097904
"7901009",100,0,1,0.031773,1,0.009345,1,111.03960022629,1,4.85345081850319,670,1,8.73400020599365,35.0089988708496,0.0317730009555817,0.0148456385359168,107.074600219727,-86.1817,26.4675,127.203365970049,63,63,63,63,61,63,0,8047,1.25895569026649,26,-86,0.001869,51,2026-01-29 06:33:59.000691,670,1.037,0.0011,"aoml_navis",1030.19484218076
"7901009",100,0,1,0.029904,1,0.007476,1,111.145999631971,1,4.85340214031827,672,1,8.71700000762939,35.0069999694824,0.0299040004611015,0.0133610740303993,107.177200317383,-86.1817,26.4675,127.203365970049,63,63,63,63,61,63,0,8047,1.25895569026649,26,-86,0.001869,51,2026-01-29 06:33:59.000691,672,1.037,0.0011,"aoml_navis",1030.20517472968
"7901009",100,0,1,0.031773,1,0.009345,1,111.379227002634,1,4.85335347258244,674,1,8.69999980926514,35.0050010681152,0.0317730009555817,0.0148456385359168,107.402099609375,-86.1817,26.4675,127.203365970049,63,63,63,63,61,63,0,8047,1.25895569026649,26,-86,0.001869,51,2026-01-29 06:33:59.000691,674,1.037,0.0011,"aoml_navis",1030.21550526785
"7901009",100,0,1,0.033642,1,0.011214,1,111.870366912439,1,4.85329487837651,676,1,8.6569995880127,35,0.0336420014500618,0.0163302011787891,107.875701904297,-86.1817,26.4675,127.203365970049,63,63,63,63,61,63,0,8047,1.25895569026649,26,-86,0.001869,51,2026-01-29 06:33:59.000691,676,1.037,0.0011,"aoml_navis",1030.22794313964
"7901009",100,0,1,0.026166,1,0.003738,1,112.541423723285,1,4.85322397040283,678,1,8.5939998626709,34.9939994812012,0.0261659994721413,0.0103919459506869,108.522796630859,-86.1817,26.4675,127.203365970049,63,63,63,63,61,63,0,8047,1.25895569026649,26,-86,0.001869,51,2026-01-29 06:33:59.000691,678,1.037,0.0011,"aoml_navis",1030.2429952733
"7901009",100,0,1,0.028035,1,0.005607,1,113.533759584286,1,4.85317131070812,680,1,8.54899978637695,34.9869995117188,0.0280349999666214,0.0118765104562044,109.479698181152,-86.1817,26.4675,127.203365970049,63,63,63,63,61,63,0,8047,1.25895569026649,26,-86,0.001869,51,2026-01-29 06:33:59.000691,680,1.037,0.0011,"aoml_navis",1030.25417400122
"7901009",100,0,1,0.029904,1,0.007476,1,114.705814548504,1,4.85311971682716,682,1,8.47299957275391,34.9729995727539,0.0299040004611015,0.0133610740303993,110.609901428223,-86.1817,26.4675,127.203365970049,63,63,63,63,61,63,0,8047,1.25895569026649,26,-86,0.001869,51,2026-01-29 06:33:59.000691,682,1.037,0.0011,"aoml_navis",1030.26512671088
"7901009",100,0,1,0.031773,1,0.009345,1,115.771778671646,1,4.85305015406909,684,1,8.37399959564209,34.9589996337891,0.0317730009555817,0.0148456385359168,111.637802124023,-86.1817,26.4675,127.203365970049,63,63,63,63,61,63,0,8047,1.25895569026649,26,-86,0.001869,51,2026-01-29 06:33:59.000691,684,1.037,0.0011,"aoml_navis",1030.27989434803
"7901009",100,0,1,0.028035,1,0.005607,1,116.238541977578,1,4.85297868566673,686,1,8.25800037384033,34.9420013427734,0.0280349999666214,0.0118765104562044,112.087898254395,-86.1817,26.4675,127.203365970049,63,63,63,63,61,63,0,8047,1.25895569026649,26,-86,0.001869,51,2026-01-29 06:33:59.000691,686,1.037,0.0011,"aoml_navis",1030.29506697969
"7901009",100,0,1,0.026166,1,0.003738,1,116.174146917878,1,4.85292591632385,688,1,8.21199989318848,34.935001373291,0.0261659994721413,0.0103919459506869,112.025802612305,-86.1817,26.4675,127.203365970049,63,63,63,63,61,63,0,8047,1.25895569026649,26,-86,0.001869,51,2026-01-29 06:33:59.000691,688,1.037,0.0011,"aoml_navis",1030.30627011664
"7901009",100,0,1,0.031773,1,0.009345,1,115.772815132246,1,4.85287264119875,690,1,8.18400001525879,34.931999206543,0.0317730009555817,0.0148456385359168,111.638801574707,-86.1817,26.4675,127.203365970049,63,63,63,63,61,63,0,8047,1.25895569026649,26,-86,0.001869,51,2026-01-29 06:33:59.000691,690,1.037,0.0011,"aoml_navis",1030.31758088028
"7901009",100,0,1,0.029904,1,0.007476,1,115.156405904315,1,4.85281058590889,692,1,8.1870002746582,34.9379997253418,0.0299040004611015,0.0133610740303993,111.044403076172,-86.1817,26.4675,127.203365970049,63,63,63,63,61,63,0,8047,1.25895569026649,26,-86,0.001869,51,2026-01-29 06:33:59.000691,692,1.037,0.0011,"aoml_navis",1030.33075606093
"7901009",100,0,1,0.029904,1,0.007476,1,114.804847963206,1,4.85274300821719,694,1,8.19699954986572,34.9469985961914,0.0299040004611015,0.0133610740303993,110.70539855957,-86.1817,26.4675,127.203365970049,63,63,63,63,61,63,0,8047,1.25895569026649,26,-86,0.001869,51,2026-01-29 06:33:59.000691,694,1.037,0.0011,"aoml_navis",1030.34510410575
"7901009",100,0,1,0.029904,1,0.007476,1,114.751545405497,1,4.8526922693181,696,1,8.19099998474121,34.9480018615723,0.0299040004611015,0.0133610740303993,110.653999328613,-86.1817,26.4675,127.203365970049,63,63,63,63,61,63,0,8047,1.25895569026649,26,-86,0.001869,51,2026-01-29 06:33:59.000691,696,1.037,0.0011,"aoml_navis",1030.35587721341
"7901009",100,0,1,0.031773,1,0.009345,1,114.66194299106,1,4.85263925059193,698,1,8.16800022125244,34.9459991455078,0.0317730009555817,0.0148456385359168,110.567596435547,-86.1817,26.4675,127.203365970049,63,63,63,63,61,63,0,8047,1.25895569026649,26,-86,0.001869,51,2026-01-29 06:33:59.000691,698,1.037,0.0011,"aoml_navis",1030.36713462475
"7901009",100,0,1,0.033642,1,0.011214,1,114.54642114972,1,4.85258726146519,700,1,8.15100002288818,34.9449996948242,0.0336420014500618,0.0163302011787891,110.456199645996,-86.1817,26.4675,127.203365970049,63,63,63,63,61,63,0,8047,1.25895569026649,26,-86,0.001869,51,2026-01-29 06:33:59.000691,700,1.037,0.0011,"aoml_navis",1030.37817366118
"7901009",100,0,1,0.028035,1,0.005607,1,114.29255951002,1,4.85253575343905,702.099975585938,1,8.14200019836426,34.9449996948242,0.0280349999666214,0.0118765104562044,110.211402893066,-86.1817,26.4675,127.203365970049,63,63,63,63,61,63,0,8047,1.25895569026649,26,-86,0.001869,51,2026-01-29 06:33:59.000691,702.099975585938,1.037,0.0011,"aoml_navis",1030.38911077707
"7901009",100,0,1,0.029904,1,0.007476,1,113.941420900298,1,4.85248245355413,704.099975585938,1,8.12800025939941,34.9449996948242,0.0299040004611015,0.0133610740303993,109.872802734375,-86.1817,26.4675,127.203365970049,63,63,63,63,61,63,0,8047,1.25895569026649,26,-86,0.001869,51,2026-01-29 06:33:59.000691,704.099975585938,1.037,0.0011,"aoml_navis",1030.40042861728
"7901009",100,0,1,0.031773,1,0.009345,1,113.535729650617,1,4.85241679973074,706.099975585938,1,8.11699962615967,34.9490013122559,0.0317730009555817,0.0148456385359168,109.481597900391,-86.1817,26.4675,127.203365970049,63,63,63,63,61,63,0,8047,1.25895569026649,26,-86,0.001869,51,2026-01-29 06:33:59.000691,706.099975585938,1.037,0.0011,"aoml_navis",1030.4143700676
"7901009",100,0,1,0.026166,1,0.003738,1,113.204085994465,1,4.85236688225929,708,1,8.11400032043457,34.951000213623,0.0261659994721413,0.0103919459506869,109.161796569824,-86.1817,26.4675,127.203365970049,63,63,63,63,61,63,0,8047,1.25895569026649,26,-86,0.001869,51,2026-01-29 06:33:59.000691,708,1.037,0.0011,"aoml_navis",1030.42497018939
"7901009",100,0,1,0.028035,1,0.005607,1,113.072384291091,1,4.85230266043215,710,1,8.08600044250488,34.951000213623,0.0280349999666214,0.0118765104562044,109.034797668457,-86.1817,26.4675,127.203365970049,63,63,63,63,61,63,0,8047,1.25895569026649,26,-86,0.001869,51,2026-01-29 06:33:59.000691,710,1.037,0.0011,"aoml_navis",1030.43860820395
"7901009",100,0,1,0.026166,1,0.003738,1,112.853991757256,1,4.85225250966774,712,1,8.07600021362305,34.951000213623,0.0261659994721413,0.0103919459506869,108.824203491211,-86.1817,26.4675,127.203365970049,63,63,63,63,61,63,0,8047,1.25895569026649,26,-86,0.001869,51,2026-01-29 06:33:59.000691,712,1.037,0.0011,"aoml_navis",1030.44925836771
"7901009",100,0,1,0.028035,1,0.005607,1,112.737014123928,1,4.85219612233853,714,1,8.05799961090088,34.951000213623,0.0280349999666214,0.0118765104562044,108.711402893066,-86.1817,26.4675,127.203365970049,63,63,63,63,61,63,0,8047,1.25895569026649,26,-86,0.001869,51,2026-01-29 06:33:59.000691,714,1.037,0.0011,"aoml_navis",1030.46123320964
"7901009",100,0,1,0.029904,1,0.007476,1,112.815199647942,1,4.8521436437216,716,1,8.04500007629395,34.951000213623,0.0299040004611015,0.0133610740303993,108.786796569824,-86.1817,26.4675,127.203365970049,63,63,63,63,61,63,0,8047,1.25895569026649,26,-86,0.001869,51,2026-01-29 06:33:59.000691,716,1.037,0.0011,"aoml_navis",1030.47237821776
"7901009",100,0,1,0.029904,1,0.007476,1,113.139690934765,1,4.85208372575915,718,1,8.01299953460693,34.9490013122559,0.0299040004611015,0.0133610740303993,109.099700927734,-86.1817,26.4675,127.203365970049,63,63,63,63,61,63,0,8047,1.25895569026649,26,-86,0.001869,51,2026-01-29 06:33:59.000691,718,1.037,0.0011,"aoml_navis",1030.48510343207
"7901009",100,0,1,0.026166,1,0.003738,1,113.708399239373,1,4.85202034261056,720,1,7.96700000762939,34.9449996948242,0.0261659994721413,0.0103919459506869,109.648101806641,-86.1817,26.4675,127.203365970049,63,63,63,63,61,63,0,8047,1.25895569026649,26,-86,0.001869,51,2026-01-29 06:33:59.000691,720,1.037,0.0011,"aoml_navis",1030.49856491529
"7901009",100,0,1,0.029904,1,0.007476,1,114.418865288745,1,4.85196807360125,722,1,7.94000005722046,34.9420013427734,0.0299040004611015,0.0133610740303993,110.333198547363,-86.1817,26.4675,127.203365970049,63,63,63,63,61,63,0,8047,1.25895569026649,26,-86,0.001869,51,2026-01-29 06:33:59.000691,722,1.037,0.0011,"aoml_navis",1030.50966621239
"7901009",100,0,1,0.028035,1,0.005607,1,115.318797918117,1,4.85191217878933,724,1,7.89400005340576,34.9360008239746,0.0280349999666214,0.0118765104562044,111.200996398926,-86.1817,26.4675,127.203365970049,63,63,63,63,61,63,0,8047,1.25895569026649,26,-86,0.001869,51,2026-01-29 06:33:59.000691,724,1.037,0.0011,"aoml_navis",1030.52153785018
"7901009",100,0,1,0.029904,1,0.007476,1,116.170412494954,1,4.85185542722115,726,1,7.84200000762939,34.9290008544922,0.0299040004611015,0.0133610740303993,112.022201538086,-86.1817,26.4675,127.203365970049,63,63,63,63,61,63,0,8047,1.25895569026649,26,-86,0.001869,51,2026-01-29 06:33:59.000691,726,1.037,0.0011,"aoml_navis",1030.53359173641
"7901009",100,0,1,0.026166,1,0.003738,1,116.974318236555,1,4.8517773128758,728,1,7.76200008392334,34.9220008850098,0.0261659994721413,0.0103919459506869,112.797401428223,-86.1817,26.4675,127.203365970049,63,63,63,63,61,63,0,8047,1.25895569026649,26,-86,0.001869,51,2026-01-29 06:33:59.000691,728,1.037,0.0011,"aoml_navis",1030.55018348242
"7901009",100,0,1,0.028035,1,0.005607,1,117.503411592899,1,4.8517135165868,730,1,7.71000003814697,34.9169998168945,0.0280349999666214,0.0118765104562044,113.307601928711,-86.1817,26.4675,127.203365970049,63,63,63,63,61,63,0,8047,1.25895569026649,26,-86,0.001869,51,2026-01-29 06:33:59.000691,730,1.037,0.0011,"aoml_navis",1030.56373442213
"7901009",100,0,1,0.031773,1,0.009345,1,117.997035843379,1,4.85165378327087,732,1,7.66800022125244,34.9129981994629,0.0317730009555817,0.0148456385359168,113.783599853516,-86.1817,26.4675,127.203365970049,63,63,63,63,61,63,0,8047,1.25895569026649,26,-86,0.001869,51,2026-01-29 06:33:59.000691,732,1.037,0.0011,"aoml_navis",1030.57642267069
"7901009",100,0,1,0.031773,1,0.009345,1,118.534943070776,1,4.85160032381735,734,1,7.63899993896484,34.9099998474121,0.0317730009555817,0.0148456385359168,114.302299499512,-86.1817,26.4675,127.203365970049,63,63,63,63,61,63,0,8047,1.25895569026649,26,-86,0.001869,51,2026-01-29 06:33:59.000691,734,1.037,0.0011,"aoml_navis",1030.58777852209
"7901009",100,0,1,0.029904,1,0.007476,1,119.311987867829,1,4.85153073483272,736,1,7.5789999961853,34.9049987792969,0.0299040004611015,0.0133610740303993,115.051597595215,-86.1817,26.4675,127.203365970049,63,63,63,63,61,63,0,8047,1.25895569026649,26,-86,0.001869,51,2026-01-29 06:33:59.000691,736,1.037,0.0011,"aoml_navis",1030.60256098169
"7901009",100,0,1,0.029904,1,0.007476,1,119.912122290771,1,4.85146506959757,738,1,7.52400016784668,34.9000015258789,0.0299040004611015,0.0133610740303993,115.630302429199,-86.1817,26.4675,127.203365970049,63,63,63,63,61,63,0,8047,1.25895569026649,26,-86,0.001869,51,2026-01-29 06:33:59.000691,738,1.037,0.0011,"aoml_navis",1030.61651032659
"7901009",100,0,1,0.029904,1,0.007476,1,120.363022211188,1,4.85141632482907,740,1,7.50099992752075,34.8969993591309,0.0299040004611015,0.0133610740303993,116.065101623535,-86.1817,26.4675,127.203365970049,63,63,63,63,61,63,0,8047,1.25895569026649,26,-86,0.001869,51,2026-01-29 06:33:59.000691,740,1.037,0.0011,"aoml_navis",1030.6268654806
"7901009",100,0,1,0.026166,1,0.003738,1,121.050678215455,1,4.85135788068471,742,1,7.46999979019165,34.8950004577637,0.0261659994721413,0.0103919459506869,116.728202819824,-86.1817,26.4675,127.203365970049,63,63,63,63,61,63,0,8047,1.25895569026649,26,-86,0.001869,51,2026-01-29 06:33:59.000691,742,1.037,0.0011,"aoml_navis",1030.6392814076
"7901009",100,0,1,0.026166,1,0.003738,1,121.727130950949,1,4.8512707303775,744,1,7.38600015640259,34.8899993896484,0.0261659994721413,0.0103919459506869,117.380500793457,-86.1817,26.4675,127.203365970049,63,63,63,63,61,63,0,8047,1.25895569026649,26,-86,0.001869,51,2026-01-29 06:33:59.000691,744,1.037,0.0011,"aoml_navis",1030.6577962535
"7901009",100,0,1,0.029904,1,0.007476,1,122.154698640004,1,4.85121237279914,746,1,7.34999990463257,34.8870010375977,0.0299040004611015,0.0133610740303993,117.79280090332,-86.1817,26.4675,127.203365970049,63,63,63,63,61,63,0,8047,1.25895569026649,26,-86,0.001869,51,2026-01-29 06:33:59.000691,746,1.037,0.0011,"aoml_navis",1030.67019453428
"7901009",100,0,1,0.024297,1,0.001869,1,122.482402163495,1,4.85115557589028,748,1,7.31599998474121,34.8839988708496,0.0242970008403063,0.00890738237649202,118.10880279541,-86.1817,26.4675,127.203365970049,63,63,63,63,61,63,0,8047,1.25895569026649,26,-86,0.001869,51,2026-01-29 06:33:59.000691,748,1.037,0.0011,"aoml_navis",1030.68226153155
"7901009",100,0,1,0.031773,1,0.009345,1,122.655269550075,1,4.85110338032618,750,1,7.2979998588562,34.882999420166,0.0317730009555817,0.0148456385359168,118.275497436523,-86.1817,26.4675,127.203365970049,63,63,63,63,61,63,0,8047,1.25895569026649,26,-86,0.001869,51,2026-01-29 06:33:59.000691,750,1.037,0.0011,"aoml_navis",1030.69335118227
"7901009",100,0,1,0.031773,1,0.009345,1,122.817463766053,1,4.85106163121138,752,1,7.29400014877319,34.8819999694824,0.0317730009555817,0.0148456385359168,118.431900024414,-86.1817,26.4675,127.203365970049,63,63,63,63,61,63,0,8047,1.25895569026649,26,-86,0.001869,51,2026-01-29 06:33:59.000691,752,1.037,0.0011,"aoml_navis",1030.70222151588
"7901009",100,0,1,0.029904,1,0.007476,1,123.273862465987,1,4.8510064698031,754,1,7.27199983596802,34.8810005187988,0.0299040004611015,0.0133610740303993,118.872001647949,-86.1817,26.4675,127.203365970049,63,63,63,63,61,63,0,8047,1.25895569026649,26,-86,0.001869,51,2026-01-29 06:33:59.000691,754,1.037,0.0011,"aoml_navis",1030.71394176123
"7901009",100,0,1,0.028035,1,0.005607,1,123.564854713277,1,4.85093343513268,756,1,7.21600008010864,34.8779983520508,0.0280349999666214,0.0118765104562044,119.152603149414,-86.1817,26.4675,127.203365970049,63,63,63,63,61,63,0,8047,1.25895569026649,26,-86,0.001869,51,2026-01-29 06:33:59.000691,756,1.037,0.0011,"aoml_navis",1030.72945998139
"7901009",100,0,1,0.029904,1,0.007476,1,123.392082269652,1,4.85088056504569,758,1,7.19700002670288,34.8769989013672,0.0299040004611015,0.0133610740303993,118.986000061035,-86.1817,26.4675,127.203365970049,63,63,63,63,61,63,0,8047,1.25895569026649,26,-86,0.001869,51,2026-01-29 06:33:59.000691,758,1.037,0.0011,"aoml_navis",1030.74069397396
"7901009",100,0,1,0.029904,1,0.007476,1,123.184157196682,1,4.85082706197031,760,1,7.19700002670288,34.8800010681152,0.0299040004611015,0.0133610740303993,118.785499572754,-86.1817,26.4675,127.203365970049,63,63,63,63,61,63,0,8047,1.25895569026649,26,-86,0.001869,51,2026-01-29 06:33:59.000691,760,1.037,0.0011,"aoml_navis",1030.75206271507
"7901009",100,0,1,0.033642,1,0.011214,1,123.102229337831,1,4.85077428746368,762,1,7.19299983978271,34.8819999694824,0.0336420014500618,0.0163302011787891,118.706497192383,-86.1817,26.4675,127.203365970049,63,63,63,63,61,63,0,8047,1.25895569026649,26,-86,0.001869,51,2026-01-29 06:33:59.000691,762,1.037,0.0011,"aoml_navis",1030.76327689004
"7901009",100,0,1,0.028035,1,0.005607,1,123.163728637382,1,4.85072593539825,764,1,7.19000005722046,34.882999420166,0.0280349999666214,0.0118765104562044,118.765800476074,-86.1817,26.4675,127.203365970049,63,63,63,63,61,63,0,8047,1.25895569026649,26,-86,0.001869,51,2026-01-29 06:33:59.000691,764,1.037,0.0011,"aoml_navis",1030.77355154461
"7901009",100,0,1,0.029904,1,0.007476,1,123.299995514542,1,4.8506820052493,766,1,7.18800020217896,34.882999420166,0.0299040004611015,0.0133610740303993,118.897201538086,-86.1817,26.4675,127.203365970049,63,63,63,63,61,63,0,8047,1.25895569026649,26,-86,0.001869,51,2026-01-29 06:33:59.000691,766,1.037,0.0011,"aoml_navis",1030.78288673409
"7901009",100,0,1,0.029904,1,0.007476,1,123.682449475817,1,4.85063733493153,768,1,7.18499994277954,34.882999420166,0.0299040004611015,0.0133610740303993,119.265998840332,-86.1817,26.4675,127.203365970049,63,63,63,63,61,63,0,8047,1.25895569026649,26,-86,0.001869,51,2026-01-29 06:33:59.000691,768,1.037,0.0011,"aoml_navis",1030.79237938339
"7901009",100,0,1,0.029904,1,0.007476,1,124.405258109429,1,4.85058516995658,770,1,7.15700006484985,34.8800010681152,0.0299040004611015,0.0133610740303993,119.962997436523,-86.1817,26.4675,127.203365970049,63,63,63,63,61,63,0,8047,1.25895569026649,26,-86,0.001869,51,2026-01-29 06:33:59.000691,770,1.037,0.0011,"aoml_navis",1030.80346490334
"7901009",100,0,1,0.031773,1,0.009345,1,124.895052994029,1,4.85051014196855,772,1,7.09299993515015,34.8759994506836,0.0317730009555817,0.0148456385359168,120.435302734375,-86.1817,26.4675,127.203365970049,63,63,63,63,61,63,0,8047,1.25895569026649,26,-86,0.001869,51,2026-01-29 06:33:59.000691,772,1.037,0.0011,"aoml_navis",1030.81940943449
"7901009",100,0,1,0.029904,1,0.007476,1,125.231048202317,1,4.85044999284539,774,1,7.06899976730347,34.8759994506836,0.0299040004611015,0.0133610740303993,120.759300231934,-86.1817,26.4675,127.203365970049,63,63,63,63,61,63,0,8047,1.25895569026649,26,-86,0.001869,51,2026-01-29 06:33:59.000691,774,1.037,0.0011,"aoml_navis",1030.83219234817
"7901009",100,0,1,0.028035,1,0.005607,1,125.67925016041,1,4.85039060240477,776,1,7.04099988937378,34.875,0.0280349999666214,0.0118765104562044,121.191497802734,-86.1817,26.4675,127.203365970049,63,63,63,63,61,63,0,8047,1.25895569026649,26,-86,0.001869,51,2026-01-29 06:33:59.000691,776,1.037,0.0011,"aoml_navis",1030.84481433744
"7901009",100,0,1,0.031773,1,0.009345,1,126.353946451224,1,4.85033711828217,778,1,7.02099990844727,34.8740005493164,0.0317730009555817,0.0148456385359168,121.842102050781,-86.1817,26.4675,127.203365970049,63,63,63,63,61,63,0,8047,1.25895569026649,26,-86,0.001869,51,2026-01-29 06:33:59.000691,778,1.037,0.0011,"aoml_navis",1030.85618134742
"7901009",100,0,1,0.029904,1,0.007476,1,127.093971407469,1,4.85027197528507,780,1,6.96999979019165,34.8699989318848,0.0299040004611015,0.0133610740303993,122.555702209473,-86.1817,26.4675,127.203365970049,63,63,63,63,61,63,0,8047,1.25895569026649,26,-86,0.001869,51,2026-01-29 06:33:59.000691,780,1.037,0.0011,"aoml_navis",1030.87002656302
"7901009",100,0,1,0.028035,1,0.005607,1,127.573805193634,1,4.85021198930956,782,1,6.93599987030029,34.8680000305176,0.0280349999666214,0.0118765104562044,123.018402099609,-86.1817,26.4675,127.203365970049,63,63,63,63,61,63,0,8047,1.25895569026649,26,-86,0.001869,51,2026-01-29 06:33:59.000691,782,1.037,0.0011,"aoml_navis",1030.8827760561
"7901009",100,0,1,0.029904,1,0.007476,1,127.776753673343,1,4.8501571569407,784,1,6.90899991989136,34.8660011291504,0.0299040004611015,0.0133610740303993,123.21410369873,-86.1817,26.4675,127.203365970049,63,63,63,63,61,63,0,8047,1.25895569026649,26,-86,0.001869,51,2026-01-29 06:33:59.000691,784,1.037,0.0011,"aoml_navis",1030.89443047116
"7901009",100,0,1,0.031773,1,0.009345,1,127.832437716857,1,4.85010519738899,786,1,6.89599990844727,34.8660011291504,0.0317730009555817,0.0148456385359168,123.267799377441,-86.1817,26.4675,127.203365970049,63,63,63,63,61,63,0,8047,1.25895569026649,26,-86,0.001869,51,2026-01-29 06:33:59.000691,786,1.037,0.0011,"aoml_navis",1030.90547452284
"7901009",100,0,1,0.033642,1,0.011214,1,127.797182232643,1,4.85005470161391,788,1,6.88500022888184,34.8660011291504,0.0336420014500618,0.0163302011787891,123.23380279541,-86.1817,26.4675,127.203365970049,63,63,63,63,61,63,0,8047,1.25895569026649,26,-86,0.001869,51,2026-01-29 06:33:59.000691,788,1.037,0.0011,"aoml_navis",1030.91620767415
"7901009",100,0,1,0.029904,1,0.007476,1,127.768762641238,1,4.85000781740401,790,1,6.88399982452393,34.867000579834,0.0299040004611015,0.0133610740303993,123.206398010254,-86.1817,26.4675,127.203365970049,63,63,63,63,61,63,0,8047,1.25895569026649,26,-86,0.001869,51,2026-01-29 06:33:59.000691,790,1.037,0.0011,"aoml_navis",1030.92617336775
"7901009",100,0,1,0.033642,1,0.011214,1,127.763991757715,1,4.84996756591402,792,1,6.88199996948242,34.8660011291504,0.0336420014500618,0.0163302011787891,123.201797485352,-86.1817,26.4675,127.203365970049,63,63,63,63,61,63,0,8047,1.25895569026649,26,-86,0.001869,51,2026-01-29 06:33:59.000691,792,1.037,0.0011,"aoml_navis",1030.93472936611
"7901009",100,0,1,0.028035,1,0.005607,1,127.858262200806,1,4.84990388892402,794,1,6.86299991607666,34.8680000305176,0.0280349999666214,0.0118765104562044,123.292701721191,-86.1817,26.4675,127.203365970049,63,63,63,63,61,63,0,8047,1.25895569026649,26,-86,0.001869,51,2026-01-29 06:33:59.000691,794,1.037,0.0011,"aoml_navis",1030.94826506124
"7901009",100,0,1,0.029904,1,0.007476,1,128.084542911877,1,4.84984754318272,796,1,6.84899997711182,34.8689994812012,0.0299040004611015,0.0133610740303993,123.510902404785,-86.1817,26.4675,127.203365970049,63,63,63,63,61,63,0,8047,1.25895569026649,26,-86,0.001869,51,2026-01-29 06:33:59.000691,796,1.037,0.0011,"aoml_navis",1030.96024266337
"7901009",100,0,1,0.029904,1,0.007476,1,128.475193614993,1,4.84979415659486,798,1,6.83400011062622,34.8689994812012,0.0299040004611015,0.0133610740303993,123.887603759766,-86.1817,26.4675,127.203365970049,63,63,63,63,61,63,0,8047,1.25895569026649,26,-86,0.001869,51,2026-01-29 06:33:59.000691,798,1.037,0.0011,"aoml_navis",1030.97159148515
"7901009",100,0,1,0.029904,1,0.007476,1,128.843540635434,1,4.84972848069585,800,1,6.79699993133545,34.8680000305176,0.0299040004611015,0.0133610740303993,124.242797851562,-86.1817,26.4675,127.203365970049,63,63,63,63,61,63,0,8047,1.25895569026649,26,-86,0.001869,51,2026-01-29 06:33:59.000691,800,1.037,0.0011,"aoml_navis",1030.98555308865
"7901009",100,0,1,0.031773,1,0.009345,1,129.119603102941,1,4.84967735186949,802,1,6.78000020980835,34.867000579834,0.0317730009555817,0.0148456385359168,124.509002685547,-86.1817,26.4675,127.203365970049,63,63,63,63,61,63,0,8047,1.25895569026649,26,-86,0.001869,51,2026-01-29 06:33:59.000691,802,1.037,0.0011,"aoml_navis",1030.9964224883
"7901009",100,0,1,0.029904,1,0.007476,1,129.272872681083,1,4.84962545121126,804,1,6.76700019836426,34.867000579834,0.0299040004611015,0.0133610740303993,124.656799316406,-86.1817,26.4675,127.203365970049,63,63,63,63,61,63,0,8047,1.25895569026649,26,-86,0.001869,51,2026-01-29 06:33:59.000691,804,1.037,0.0011,"aoml_navis",1031.00745620493
"7901009",100,0,1,0.031773,1,0.009345,1,129.39825276599,1,4.8495699364647,806,1,6.74900007247925,34.867000579834,0.0317730009555817,0.0148456385359168,124.777702331543,-86.1817,26.4675,127.203365970049,63,63,63,63,61,63,0,8047,1.25895569026649,26,-86,0.001869,51,2026-01-29 06:33:59.000691,806,1.037,0.0011,"aoml_navis",1031.01925851284
"7901009",100,0,1,0.028035,1,0.005607,1,129.7248090621,1,4.84951726393355,808,1,6.73999977111816,34.8680000305176,0.0280349999666214,0.0118765104562044,125.092597961426,-86.1817,26.4675,127.203365970049,63,63,63,63,61,63,0,8047,1.25895569026649,26,-86,0.001869,51,2026-01-29 06:33:59.000691,808,1.037,0.0011,"aoml_navis",1031.03045682208
"7901009",100,0,1,0.031773,1,0.009345,1,130.227975079627,1,4.84944652580643,810,1,6.70599985122681,34.8689994812012,0.0317730009555817,0.0148456385359168,125.577796936035,-86.1817,26.4675,127.203365970049,63,63,63,63,61,63,0,8047,1.25895569026649,26,-86,0.001869,51,2026-01-29 06:33:59.000691,810,1.037,0.0011,"aoml_navis",1031.04549630404
"7901009",100,0,1,0.029904,1,0.007476,1,130.697024928407,1,4.84939689567079,812,1,6.69099998474121,34.8680000305176,0.0299040004611015,0.0133610740303993,126.030097961426,-86.1817,26.4675,127.203365970049,63,63,63,63,61,63,0,8047,1.25895569026649,26,-86,0.001869,51,2026-01-29 06:33:59.000691,812,1.037,0.0011,"aoml_navis",1031.05604832297
"7901009",100,0,1,0.033642,1,0.011214,1,131.34610244501,1,4.84934806976577,814,1,6.67199993133545,34.8660011291504,0.0336420014500618,0.0163302011787891,126.65599822998,-86.1817,26.4675,127.203365970049,63,63,63,63,61,63,0,8047,1.25895569026649,26,-86,0.001869,51,2026-01-29 06:33:59.000691,814,1.037,0.0011,"aoml_navis",1031.06642956267
"7901009",100,0,1,0.028035,1,0.005607,1,131.866279075432,1,4.84928631844614,816,1,6.63500022888184,34.8639984130859,0.0280349999666214,0.0118765104562044,127.157600402832,-86.1817,26.4675,127.203365970049,63,63,63,63,61,63,0,8047,1.25895569026649,26,-86,0.001869,51,2026-01-29 06:33:59.000691,816,1.037,0.0011,"aoml_navis",1031.07955927052
"7901009",100,0,1,0.029904,1,0.007476,1,132.232869651193,1,4.84923960143084,818,1,6.62400007247925,34.8629989624023,0.0299040004611015,0.0133610740303993,127.511100769043,-86.1817,26.4675,127.203365970049,63,63,63,63,61,63,0,8047,1.25895569026649,26,-86,0.001869,51,2026-01-29 06:33:59.000691,818,1.037,0.0011,"aoml_navis",1031.08949257213
"7901009",100,0,1,0.029904,1,0.007476,1,132.61615436333,1,4.84919217032718,820,1,6.61199998855591,34.8619995117188,0.0299040004611015,0.0133610740303993,127.880699157715,-86.1817,26.4675,127.203365970049,63,63,63,63,61,63,0,8047,1.25895569026649,26,-86,0.001869,51,2026-01-29 06:33:59.000691,820,1.037,0.0011,"aoml_navis",1031.09957790405
"7901009",100,0,1,0.028035,1,0.005607,1,133.053058109695,1,4.84913900203605,822,1,6.59200000762939,34.8610000610352,0.0280349999666214,0.0118765104562044,128.302001953125,-86.1817,26.4675,127.203365970049,63,63,63,63,61,63,0,8047,1.25895569026649,26,-86,0.001869,51,2026-01-29 06:33:59.000691,822,1.037,0.0011,"aoml_navis",1031.1108833755
"7901009",100,0,1,0.029904,1,0.007476,1,133.318945857116,1,4.84907571900387,824,1,6.56300020217896,34.8610000610352,0.0299040004611015,0.0133610740303993,128.558395385742,-86.1817,26.4675,127.203365970049,63,63,63,63,61,63,0,8047,1.25895569026649,26,-86,0.001869,51,2026-01-29 06:33:59.000691,824,1.037,0.0011,"aoml_navis",1031.12433992413
"7901009",100,0,1,0.029904,1,0.007476,1,133.406261728703,1,4.84903036190723,826,1,6.55900001525879,34.8610000610352,0.0299040004611015,0.0133610740303993,128.642593383789,-86.1817,26.4675,127.203365970049,63,63,63,63,61,63,0,8047,1.25895569026649,26,-86,0.001869,51,2026-01-29 06:33:59.000691,826,1.037,0.0011,"aoml_navis",1031.13398490526
"7901009",100,0,1,0.031773,1,0.009345,1,133.617098385648,1,4.84898787249504,828,1,6.55900001525879,34.8610000610352,0.0317730009555817,0.0148456385359168,128.845901489258,-86.1817,26.4675,127.203365970049,63,63,63,63,61,63,0,8047,1.25895569026649,26,-86,0.001869,51,2026-01-29 06:33:59.000691,828,1.037,0.0011,"aoml_navis",1031.14302024997
"7901009",100,0,1,0.035511,1,0.013083,1,133.931422864299,1,4.84894261751578,830,1,6.55000019073486,34.8600006103516,0.0355109982192516,0.017814764752984,129.149002075195,-86.1817,26.4675,127.203365970049,63,63,63,63,61,63,0,8047,1.25895569026649,26,-86,0.001869,51,2026-01-29 06:33:59.000691,830,1.037,0.0011,"aoml_navis",1031.15264386478
"7901009",100,0,1,0.033642,1,0.011214,1,134.272600375586,1,4.84887283441109,832,1,6.51700019836426,34.8610000610352,0.0336420014500618,0.0163302011787891,129.477996826172,-86.1817,26.4675,127.203365970049,63,63,63,63,61,63,0,8047,1.25895569026649,26,-86,0.001869,51,2026-01-29 06:33:59.000691,832,1.037,0.0011,"aoml_navis",1031.16748381529
"7901009",100,0,1,0.026166,1,0.003738,1,134.461869157762,1,4.84881676779882,834,1,6.4980001449585,34.8610000610352,0.0261659994721413,0.0103919459506869,129.660507202148,-86.1817,26.4675,127.203365970049,63,63,63,63,61,63,0,8047,1.25895569026649,26,-86,0.001869,51,2026-01-29 06:33:59.000691,834,1.037,0.0011,"aoml_navis",1031.17940715046
"7901009",100,0,1,0.028035,1,0.005607,1,134.519831832213,1,4.84875857427551,836,1,6.47599983215332,34.8610000610352,0.0280349999666214,0.0118765104562044,129.716400146484,-86.1817,26.4675,127.203365970049,63,63,63,63,61,63,0,8047,1.25895569026649,26,-86,0.001869,51,2026-01-29 06:33:59.000691,836,1.037,0.0011,"aoml_navis",1031.19178309411
"7901009",100,0,1,0.031773,1,0.009345,1,134.461346971506,1,4.84870526981665,838,1,6.46600008010864,34.8619995117188,0.0317730009555817,0.0148456385359168,129.660003662109,-86.1817,26.4675,127.203365970049,63,63,63,63,61,63,0,8047,1.25895569026649,26,-86,0.001869,51,2026-01-29 06:33:59.000691,838,1.037,0.0011,"aoml_navis",1031.20311954723
"7901009",100,0,1,0.031773,1,0.009345,1,134.635978714679,1,4.8486461506557,840,1,6.45300006866455,34.8639984130859,0.0317730009555817,0.0148456385359168,129.828399658203,-86.1817,26.4675,127.203365970049,63,63,63,63,61,63,0,8047,1.25895569026649,26,-86,0.001869,51,2026-01-29 06:33:59.000691,840,1.037,0.0011,"aoml_navis",1031.21569292571
"7901009",100,0,1,0.031773,1,0.009345,1,134.941077902802,1,4.8485878560907,842,1,6.43599987030029,34.8650016784668,0.0317730009555817,0.0148456385359168,130.122604370117,-86.1817,26.4675,127.203365970049,63,63,63,63,61,63,0,8047,1.25895569026649,26,-86,0.001869,51,2026-01-29 06:33:59.000691,842,1.037,0.0011,"aoml_navis",1031.22809123054
"7901009",100,0,1,0.031773,1,0.009345,1,135.305279080844,1,4.84853909517409,844,1,6.42199993133545,34.8639984130859,0.0317730009555817,0.0148456385359168,130.47380065918,-86.1817,26.4675,127.203365970049,63,63,63,63,61,63,0,8047,1.25895569026649,26,-86,0.001869,51,2026-01-29 06:33:59.000691,844,1.037,0.0011,"aoml_navis",1031.23846211257
"7901009",100,0,1,0.031773,1,0.009345,1,135.707030197864,1,4.84848025108231,846,1,6.39900016784668,34.8639984130859,0.0317730009555817,0.0148456385359168,130.861206054688,-86.1817,26.4675,127.203365970049,63,63,63,63,61,63,0,8047,1.25895569026649,26,-86,0.001869,51,2026-01-29 06:33:59.000691,846,1.037,0.0011,"aoml_navis",1031.2509778469
"7901009",100,0,1,0.029904,1,0.007476,1,135.909654289141,1,4.84841276670504,848,1,6.36899995803833,34.8650016784668,0.0299040004611015,0.0133610740303993,131.056594848633,-86.1817,26.4675,127.203365970049,63,63,63,63,61,63,0,8047,1.25895569026649,26,-86,0.001869,51,2026-01-29 06:33:59.000691,848,1.037,0.0011,"aoml_navis",1031.26533168462
"7901009",100,0,1,0.031773,1,0.009345,1,136.104097462403,1,4.84836530560443,850,1,6.36199998855591,34.8650016784668,0.0317730009555817,0.0148456385359168,131.244094848633,-86.1817,26.4675,127.203365970049,63,63,63,63,61,63,0,8047,1.25895569026649,26,-86,0.001869,51,2026-01-29 06:33:59.000691,850,1.037,0.0011,"aoml_navis",1031.27542683723
"7901009",100,0,1,0.029904,1,0.007476,1,136.337641309584,1,4.84831288644315,852,1,6.34800004959106,34.8650016784668,0.0299040004611015,0.0133610740303993,131.469299316406,-86.1817,26.4675,127.203365970049,63,63,63,63,61,63,0,8047,1.25895569026649,26,-86,0.001869,51,2026-01-29 06:33:59.000691,852,1.037,0.0011,"aoml_navis",1031.28657681747
"7901009",100,0,1,0.026166,1,0.003738,1,136.561944042411,1,4.84825537721538,854,1,6.33199977874756,34.8660011291504,0.0261659994721413,0.0103919459506869,131.685592651367,-86.1817,26.4675,127.203365970049,63,63,63,63,61,63,0,8047,1.25895569026649,26,-86,0.001869,51,2026-01-29 06:33:59.000691,854,1.037,0.0011,"aoml_navis",1031.29880977346
"7901009",100,0,1,0.028035,1,0.005607,1,136.740531742072,1,4.84820580272946,856,1,6.32200002670288,34.8660011291504,0.0280349999666214,0.0118765104562044,131.857803344727,-86.1817,26.4675,127.203365970049,63,63,63,63,61,63,0,8047,1.25895569026649,26,-86,0.001869,51,2026-01-29 06:33:59.000691,856,1.037,0.0011,"aoml_navis",1031.30935514022
"7901009",100,0,1,0.028035,1,0.005607,1,136.908628245128,1,4.84815057516806,858,1,6.30399990081787,34.8660011291504,0.0280349999666214,0.0118765104562044,132.019897460938,-86.1817,26.4675,127.203365970049,63,63,63,63,61,63,0,8047,1.25895569026649,26,-86,0.001869,51,2026-01-29 06:33:59.000691,858,1.037,0.0011,"aoml_navis",1031.32110326971
"7901009",100,0,1,0.029904,1,0.007476,1,137.021357181189,1,4.84810313012759,860,1,6.29699993133545,34.8660011291504,0.0299040004611015,0.0133610740303993,132.128601074219,-86.1817,26.4675,127.203365970049,63,63,63,63,61,63,0,8047,1.25895569026649,26,-86,0.001869,51,2026-01-29 06:33:59.000691,860,1.037,0.0011,"aoml_navis",1031.3311960978
"7901009",100,0,1,0.029904,1,0.007476,1,137.279681139807,1,4.84805992758128,862,1,6.2960000038147,34.8660011291504,0.0299040004611015,0.0133610740303993,132.377700805664,-86.1817,26.4675,127.203365970049,63,63,63,63,61,63,0,8047,1.25895569026649,26,-86,0.001869,51,2026-01-29 06:33:59.000691,862,1.037,0.0011,"aoml_navis",1031.34038660585
"7901009",100,0,1,0.033642,1,0.011214,1,137.629672522147,1,4.8480068342676,864,1,6.2810001373291,34.8660011291504,0.0336420014500618,0.0163302011787891,132.715194702148,-86.1817,26.4675,127.203365970049,63,63,63,63,61,63,0,8047,1.25895569026649,26,-86,0.001869,51,2026-01-29 06:33:59.000691,864,1.037,0.0011,"aoml_navis",1031.35168140813
"7901009",100,0,1,0.033642,1,0.011214,1,137.962874825155,1,4.8479416025084,866,1,6.25400018692017,34.867000579834,0.0336420014500618,0.0163302011787891,133.036499023438,-86.1817,26.4675,127.203365970049,63,63,63,63,61,63,0,8047,1.25895569026649,26,-86,0.001869,51,2026-01-29 06:33:59.000691,866,1.037,0.0011,"aoml_navis",1031.36555882045
"7901009",100,0,1,0.031773,1,0.009345,1,138.188744116752,1,4.84788430442282,868,1,6.23299980163574,34.867000579834,0.0317730009555817,0.0148456385359168,133.254302978516,-86.1817,26.4675,127.203365970049,63,63,63,63,61,63,0,8047,1.25895569026649,26,-86,0.001869,51,2026-01-29 06:33:59.000691,868,1.037,0.0011,"aoml_navis",1031.37774873018
"7901009",100,0,1,0.028035,1,0.005607,1,138.361097228988,1,4.84783265222387,870,1,6.21999979019165,34.867000579834,0.0280349999666214,0.0118765104562044,133.420501708984,-86.1817,26.4675,127.203365970049,63,63,63,63,61,63,0,8047,1.25895569026649,26,-86,0.001869,51,2026-01-29 06:33:59.000691,870,1.037,0.0011,"aoml_navis",1031.38873774992
"7901009",100,0,1,0.031773,1,0.009345,1,138.522041362716,1,4.84778522732813,872,1,6.21299982070923,34.867000579834,0.0317730009555817,0.0148456385359168,133.575698852539,-86.1817,26.4675,127.203365970049,63,63,63,63,61,63,0,8047,1.25895569026649,26,-86,0.001869,51,2026-01-29 06:33:59.000691,872,1.037,0.0011,"aoml_navis",1031.39882761592
"7901009",100,0,1,0.031773,1,0.009345,1,138.667952861792,1,4.84773271692934,874,1,6.2039999961853,34.8680000305176,0.0317730009555817,0.0148456385359168,133.716400146484,-86.1817,26.4675,127.203365970049,63,63,63,63,61,63,0,8047,1.25895569026649,26,-86,0.001869,51,2026-01-29 06:33:59.000691,874,1.037,0.0011,"aoml_navis",1031.40999967653
"7901009",100,0,1,0.029904,1,0.007476,1,138.811380020193,1,4.84768389050416,876,1,6.19500017166138,34.8680000305176,0.0299040004611015,0.0133610740303993,133.854705810547,-86.1817,26.4675,127.203365970049,63,63,63,63,61,63,0,8047,1.25895569026649,26,-86,0.001869,51,2026-01-29 06:33:59.000691,876,1.037,0.0011,"aoml_navis",1031.42038815571
"7901009",100,0,1,0.026166,1,0.003738,1,138.891844175144,1,4.84763928551818,878,1,6.19199991226196,34.8680000305176,0.0261659994721413,0.0103919459506869,133.93229675293,-86.1817,26.4675,127.203365970049,63,63,63,63,61,63,0,8047,1.25895569026649,26,-86,0.001869,51,2026-01-29 06:33:59.000691,878,1.037,0.0011,"aoml_navis",1031.4298786498
"7901009",100,0,1,0.028035,1,0.005607,1,139.030698247847,1,4.84759397946425,880,1,6.18800020217896,34.8680000305176,0.0280349999666214,0.0118765104562044,134.066192626953,-86.1817,26.4675,127.203365970049,63,63,63,63,61,63,0,8047,1.25895569026649,26,-86,0.001869,51,2026-01-29 06:33:59.000691,880,1.037,0.0011,"aoml_navis",1031.43951848719
"7901009",100,0,1,0.028035,1,0.005607,1,139.20150062514,1,4.84755024604777,882,1,6.18100023269653,34.867000579834,0.0280349999666214,0.0118765104562044,134.230895996094,-86.1817,26.4675,127.203365970049,63,63,63,63,61,63,0,8047,1.25895569026649,26,-86,0.001869,51,2026-01-29 06:33:59.000691,882,1.037,0.0011,"aoml_navis",1031.44882388306
"7901009",100,0,1,0.028035,1,0.005607,1,139.474240089198,1,4.84749704497386,884,1,6.1710000038147,34.8680000305176,0.0280349999666214,0.0118765104562044,134.493896484375,-86.1817,26.4675,127.203365970049,63,63,63,63,61,63,0,8047,1.25895569026649,26,-86,0.001869,51,2026-01-29 06:33:59.000691,884,1.037,0.0011,"aoml_navis",1031.46014399003
"7901009",100,0,1,0.031773,1,0.009345,1,139.616116512657,1,4.84745401905882,886,1,6.16499996185303,34.867000579834,0.0317730009555817,0.0148456385359168,134.630706787109,-86.1817,26.4675,127.203365970049,63,63,63,63,61,63,0,8047,1.25895569026649,26,-86,0.001869,51,2026-01-29 06:33:59.000691,886,1.037,0.0011,"aoml_navis",1031.4692992118
"7901009",100,0,1,0.035511,1,0.013083,1,139.891229550606,1,4.84740731461834,888,1,6.15899991989136,34.867000579834,0.0355109982192516,0.017814764752984,134.89599609375,-86.1817,26.4675,127.203365970049,63,63,63,63,61,63,0,8047,1.25895569026649,26,-86,0.001869,51,2026-01-29 06:33:59.000691,888,1.037,0.0011,"aoml_navis",1031.47923734849
"7901009",100,0,1,0.033642,1,0.011214,1,140.330625549558,1,4.84735920742899,890,1,6.15100002288818,34.867000579834,0.0336420014500618,0.0163302011787891,135.319702148438,-86.1817,26.4675,127.203365970049,63,63,63,63,61,63,0,8047,1.25895569026649,26,-86,0.001869,51,2026-01-29 06:33:59.000691,890,1.037,0.0011,"aoml_navis",1031.48947417329
"7901009",100,0,1,0.029904,1,0.007476,1,140.978041564436,1,4.84728357699551,892,1,6.10900020599365,34.8680000305176,0.0299040004611015,0.0133610740303993,135.944000244141,-86.1817,26.4675,127.203365970049,63,63,63,63,61,63,0,8047,1.25895569026649,26,-86,0.001869,51,2026-01-29 06:33:59.000691,892,1.037,0.0011,"aoml_navis",1031.50556813496
"7901009",100,0,1,0.029904,1,0.007476,1,141.48774282208,1,4.84722270127531,894,1,6.08799982070923,34.8689994812012,0.0299040004611015,0.0133610740303993,136.435501098633,-86.1817,26.4675,127.203365970049,63,63,63,63,61,63,0,8047,1.25895569026649,26,-86,0.001869,51,2026-01-29 06:33:59.000691,894,1.037,0.0011,"aoml_navis",1031.51852269641
"7901009",100,0,1,0.029904,1,0.007476,1,141.996921893467,1,4.84716412535281,896,1,6.06500005722046,34.8689994812012,0.0299040004611015,0.0133610740303993,136.926498413086,-86.1817,26.4675,127.203365970049,63,63,63,63,61,63,0,8047,1.25895569026649,26,-86,0.001869,51,2026-01-29 06:33:59.000691,896,1.037,0.0011,"aoml_navis",1031.53098816023
"7901009",100,0,1,0.029904,1,0.007476,1,142.437045788413,1,4.84710347602635,898,1,6.03900003433228,34.8689994812012,0.0299040004611015,0.0133610740303993,137.35090637207,-86.1817,26.4675,127.203365970049,63,63,63,63,61,63,0,8047,1.25895569026649,26,-86,0.001869,51,2026-01-29 06:33:59.000691,898,1.037,0.0011,"aoml_navis",1031.54389517985
"7901009",100,0,1,0.031773,1,0.009345,1,142.831628712278,1,4.84704404855953,900,1,6.01999998092651,34.8699989318848,0.0317730009555817,0.0148456385359168,137.731399536133,-86.1817,26.4675,127.203365970049,63,63,63,63,61,63,0,8047,1.25895569026649,26,-86,0.001869,51,2026-01-29 06:33:59.000691,900,1.037,0.0011,"aoml_navis",1031.55654248406
"7901009",100,0,1,0.028035,1,0.005607,1,143.365698661883,1,4.84699826347676,902,1,6.01000022888184,34.8689994812012,0.0280349999666214,0.0118765104562044,138.246398925781,-86.1817,26.4675,127.203365970049,63,63,63,63,61,63,0,8047,1.25895569026649,26,-86,0.001869,51,2026-01-29 06:33:59.000691,902,1.037,0.0011,"aoml_navis",1031.56628663892
"7901009",100,0,1,0.033642,1,0.011214,1,143.845746069698,1,4.84694184034298,904,1,5.98999977111816,34.8689994812012,0.0336420014500618,0.0163302011787891,138.70930480957,-86.1817,26.4675,127.203365970049,63,63,63,63,61,63,0,8047,1.25895569026649,26,-86,0.001869,51,2026-01-29 06:33:59.000691,904,1.037,0.0011,"aoml_navis",1031.57829507733
"7901009",100,0,1,0.028035,1,0.005607,1,144.267704212455,1,4.84688036129847,906,1,5.96799993515015,34.8699989318848,0.0280349999666214,0.0118765104562044,139.116195678711,-86.1817,26.4675,127.203365970049,63,63,63,63,61,63,0,8047,1.25895569026649,26,-86,0.001869,51,2026-01-29 06:33:59.000691,906,1.037,0.0011,"aoml_navis",1031.59137987481
"7901009",100,0,1,0.026166,1,0.003738,1,144.609403909998,1,4.84683598298284,908,1,5.96000003814697,34.8689994812012,0.0261659994721413,0.0103919459506869,139.445693969727,-86.1817,26.4675,127.203365970049,63,63,63,63,61,63,0,8047,1.25895569026649,26,-86,0.001869,51,2026-01-29 06:33:59.000691,908,1.037,0.0011,"aoml_navis",1031.60082527136
"7901009",100,0,1,0.026166,1,0.003738,1,144.950075058854,1,4.84677660877602,910,1,5.94099998474121,34.8699989318848,0.0261659994721413,0.0103919459506869,139.774200439453,-86.1817,26.4675,127.203365970049,63,63,63,63,61,63,0,8047,1.25895569026649,26,-86,0.001869,51,2026-01-29 06:33:59.000691,910,1.037,0.0011,"aoml_navis",1031.61346263546
"7901009",100,0,1,0.029904,1,0.007476,1,145.176245003143,1,4.84672716956831,912,1,5.93100023269653,34.8699989318848,0.0299040004611015,0.0133610740303993,139.992294311523,-86.1817,26.4675,127.203365970049,63,63,63,63,61,63,0,8047,1.25895569026649,26,-86,0.001869,51,2026-01-29 06:33:59.000691,912,1.037,0.0011,"aoml_navis",1031.62398564418
"7901009",100,0,1,0.031773,1,0.009345,1,145.448573047726,1,4.84667842694205,914,1,5.92199993133545,34.8699989318848,0.0317730009555817,0.0148456385359168,140.254898071289,-86.1817,26.4675,127.203365970049,63,63,63,63,61,63,0,8047,1.25895569026649,26,-86,0.001869,51,2026-01-29 06:33:59.000691,914,1.037,0.0011,"aoml_navis",1031.63436059749
"7901009",100,0,1,0.026166,1,0.003738,1,145.689886393449,1,4.84662760837684,916,1,5.90999984741211,34.8699989318848,0.0261659994721413,0.0103919459506869,140.487594604492,-86.1817,26.4675,127.203365970049,63,63,63,63,61,63,0,8047,1.25895569026649,26,-86,0.001869,51,2026-01-29 06:33:59.000691,916,1.037,0.0011,"aoml_navis",1031.64517764024
"7901009",100,0,1,0.031773,1,0.009345,1,145.793912225237,1,4.84657887294984,918,1,5.90100002288818,34.8699989318848,0.0317730009555817,0.0148456385359168,140.587905883789,-86.1817,26.4675,127.203365970049,63,63,63,63,61,63,0,8047,1.25895569026649,26,-86,0.001869,51,2026-01-29 06:33:59.000691,918,1.037,0.0011,"aoml_navis",1031.65555148735
"7901009",100,0,1,0.026166,1,0.003738,1,145.940963039782,1,4.84653429598788,920,1,5.89799976348877,34.8699989318848,0.0261659994721413,0.0103919459506869,140.729705810547,-86.1817,26.4675,127.203365970049,63,63,63,63,61,63,0,8047,1.25895569026649,26,-86,0.001869,51,2026-01-29 06:33:59.000691,920,1.037,0.0011,"aoml_navis",1031.66504034422
"7901009",100,0,1,0.028035,1,0.005607,1,146.18362141071,1,4.84648902843339,922,1,5.89400005340576,34.8699989318848,0.0280349999666214,0.0118765104562044,140.96369934082,-86.1817,26.4675,127.203365970049,63,63,63,63,61,63,0,8047,1.25895569026649,26,-86,0.001869,51,2026-01-29 06:33:59.000691,922,1.037,0.0011,"aoml_navis",1031.67467638243
"7901009",100,0,1,0.028035,1,0.005607,1,146.410012888562,1,4.84643315654667,924,1,5.88000011444092,34.8709983825684,0.0280349999666214,0.0118765104562044,141.182006835938,-86.1817,26.4675,127.203365970049,63,63,63,63,61,63,0,8047,1.25895569026649,26,-86,0.001869,51,2026-01-29 06:33:59.000691,924,1.037,0.0011,"aoml_navis",1031.68656999754
"7901009",100,0,1,0.029904,1,0.007476,1,146.548866961265,1,4.84638581590087,926,1,5.8730001449585,34.8709983825684,0.0299040004611015,0.0133610740303993,141.315902709961,-86.1817,26.4675,127.203365970049,63,63,63,63,61,63,0,8047,1.25895569026649,26,-86,0.001869,51,2026-01-29 06:33:59.000691,926,1.037,0.0011,"aoml_navis",1031.69664775659
"7901009",100,0,1,0.028035,1,0.005607,1,146.764878009295,1,4.84634124556568,928,1,5.86999988555908,34.8709983825684,0.0280349999666214,0.0118765104562044,141.524200439453,-86.1817,26.4675,127.203365970049,63,63,63,63,61,63,0,8047,1.25895569026649,26,-86,0.001869,51,2026-01-29 06:33:59.000691,928,1.037,0.0011,"aoml_navis",1031.70613595873
"7901009",100,0,1,0.029904,1,0.007476,1,147.132291424005,1,4.84629897340436,930,1,5.86499977111816,34.8699989318848,0.0299040004611015,0.0133610740303993,141.878494262695,-86.1817,26.4675,127.203365970049,63,63,63,63,61,63,0,8047,1.25895569026649,26,-86,0.001869,51,2026-01-29 06:33:59.000691,930,1.037,0.0011,"aoml_navis",1031.71513508331
"7901009",100,0,1,0.028035,1,0.005607,1,147.557683336992,1,4.84623758424867,932,1,5.84299993515015,34.8709983825684,0.0280349999666214,0.0118765104562044,142.288696289062,-86.1817,26.4675,127.203365970049,63,63,63,63,61,63,0,8047,1.25895569026649,26,-86,0.001869,51,2026-01-29 06:33:59.000691,932,1.037,0.0011,"aoml_navis",1031.7282042158
"7901009",100,0,1,0.029904,1,0.007476,1,147.831356406781,1,4.84618103235349,934,1,5.82800006866455,34.8720016479492,0.0299040004611015,0.0133610740303993,142.552597045898,-86.1817,26.4675,127.203365970049,63,63,63,63,61,63,0,8047,1.25895569026649,26,-86,0.001869,51,2026-01-29 06:33:59.000691,934,1.037,0.0011,"aoml_navis",1031.74024383728
"7901009",100,0,1,0.031773,1,0.009345,1,148.132926881717,1,4.84613301511413,936,1,5.82000017166138,34.8720016479492,0.0317730009555817,0.0148456385359168,142.843399047852,-86.1817,26.4675,127.203365970049,63,63,63,63,61,63,0,8047,1.25895569026649,26,-86,0.001869,51,2026-01-29 06:33:59.000691,936,1.037,0.0011,"aoml_navis",1031.75046669293
"7901009",100,0,1,0.028035,1,0.005607,1,148.458043209665,1,4.84608361979529,938,1,5.80999994277954,34.8720016479492,0.0280349999666214,0.0118765104562044,143.15690612793,-86.1817,26.4675,127.203365970049,63,63,63,63,61,63,0,8047,1.25895569026649,26,-86,0.001869,51,2026-01-29 06:33:59.000691,938,1.037,0.0011,"aoml_navis",1031.76098315266
"7901009",100,0,1,0.031773,1,0.009345,1,148.922931392221,1,4.84602871077861,940,1,5.79199981689453,34.8720016479492,0.0317730009555817,0.0148456385359168,143.605194091797,-86.1817,26.4675,127.203365970049,63,63,63,63,61,63,0,8047,1.25895569026649,26,-86,0.001869,51,2026-01-29 06:33:59.000691,940,1.037,0.0011,"aoml_navis",1031.77267375221
"7901009",100,0,1,0.033642,1,0.011214,1,149.129922859461,1,4.84596462405626,942,1,5.76599979400635,34.8730010986328,0.0336420014500618,0.0163302011787891,143.804794311523,-86.1817,26.4675,127.203365970049,63,63,63,63,61,63,0,8047,1.25895569026649,26,-86,0.001869,51,2026-01-29 06:33:59.000691,942,1.037,0.0011,"aoml_navis",1031.78631869888
"7901009",100,0,1,0.031773,1,0.009345,1,149.155225157153,1,4.84591799998674,944,1,5.76000022888184,34.8730010986328,0.0317730009555817,0.0148456385359168,143.829193115234,-86.1817,26.4675,127.203365970049,63,63,63,63,61,63,0,8047,1.25895569026649,26,-86,0.001869,51,2026-01-29 06:33:59.000691,944,1.037,0.0011,"aoml_navis",1031.79624583282
"7901009",100,0,1,0.031773,1,0.009345,1,149.160415372064,1,4.84587182698082,946,1,5.76000022888184,34.8740005493164,0.0317730009555817,0.0148456385359168,143.834197998047,-86.1817,26.4675,127.203365970049,63,63,63,63,61,63,0,8047,1.25895569026649,26,-86,0.001869,51,2026-01-29 06:33:59.000691,946,1.037,0.0011,"aoml_navis",1031.80607711517
"7901009",100,0,1,0.029904,1,0.007476,1,149.168501347124,1,4.84583301769116,948,1,5.76000022888184,34.8730010986328,0.0299040004611015,0.0133610740303993,143.841995239258,-86.1817,26.4675,127.203365970049,63,63,63,63,61,63,0,8047,1.25895569026649,26,-86,0.001869,51,2026-01-29 06:33:59.000691,948,1.037,0.0011,"aoml_navis",1031.81434063989
"7901009",100,0,1,0.031773,1,0.009345,1,149.277179383742,1,4.84578915248244,950,1,5.75799989700317,34.8730010986328,0.0317730009555817,0.0148456385359168,143.946792602539,-86.1817,26.4675,127.203365970049,63,63,63,63,61,63,0,8047,1.25895569026649,26,-86,0.001869,51,2026-01-29 06:33:59.000691,950,1.037,0.0011,"aoml_navis",1031.82368086291
"7901009",100,0,1,0.029904,1,0.007476,1,149.356203570531,1,4.84574528955585,952,1,5.75600004196167,34.8730010986328,0.0299040004611015,0.0133610740303993,144.022994995117,-86.1817,26.4675,127.203365970049,63,63,63,63,61,63,0,8047,1.25895569026649,26,-86,0.001869,51,2026-01-29 06:33:59.000691,952,1.037,0.0011,"aoml_navis",1031.83302076909
"7901009",100,0,1,0.031773,1,0.009345,1,149.488633169899,1,4.84570211752122,954,1,5.75500011444092,34.8730010986328,0.0317730009555817,0.0148456385359168,144.150695800781,-86.1817,26.4675,127.203365970049,63,63,63,63,61,63,0,8047,1.25895569026649,26,-86,0.001869,51,2026-01-29 06:33:59.000691,954,1.037,0.0011,"aoml_navis",1031.84221372603
"7901009",100,0,1,0.029904,1,0.007476,1,149.707144382429,1,4.84565688024949,956,1,5.75099992752075,34.8730010986328,0.0299040004611015,0.0133610740303993,144.361404418945,-86.1817,26.4675,127.203365970049,63,63,63,63,61,63,0,8047,1.25895569026649,26,-86,0.001869,51,2026-01-29 06:33:59.000691,956,1.037,0.0011,"aoml_navis",1031.85184662571
"7901009",100,0,1,0.029904,1,0.007476,1,150.002274560204,1,4.84560613434711,958,1,5.73899984359741,34.8730010986328,0.0299040004611015,0.0133610740303993,144.64599609375,-86.1817,26.4675,127.203365970049,63,63,63,63,61,63,0,8047,1.25895569026649,26,-86,0.001869,51,2026-01-29 06:33:59.000691,958,1.037,0.0011,"aoml_navis",1031.86265275638
"7901009",100,0,1,0.033642,1,0.011214,1,150.26091499534,1,4.84554620934569,960,1,5.7189998626709,34.8740005493164,0.0336420014500618,0.0163302011787891,144.895401000977,-86.1817,26.4675,127.203365970049,63,63,63,63,61,63,0,8047,1.25895569026649,26,-86,0.001869,51,2026-01-29 06:33:59.000691,960,1.037,0.0011,"aoml_navis",1031.8754138298
"7901009",100,0,1,0.029904,1,0.007476,1,150.386397935116,1,4.84550166565154,962,1,5.71600008010864,34.8740005493164,0.0299040004611015,0.0133610740303993,145.016403198242,-86.1817,26.4675,127.203365970049,63,63,63,63,61,63,0,8047,1.25895569026649,26,-86,0.001869,51,2026-01-29 06:33:59.000691,962,1.037,0.0011,"aoml_navis",1031.88489964696
"7901009",100,0,1,0.028035,1,0.005607,1,150.611112087418,1,4.84545781165647,964,1,5.71400022506714,34.8740005493164,0.0280349999666214,0.0118765104562044,145.233093261719,-86.1817,26.4675,127.203365970049,63,63,63,63,61,63,0,8047,1.25895569026649,26,-86,0.001869,51,2026-01-29 06:33:59.000691,964,1.037,0.0011,"aoml_navis",1031.89423875939
"7901009",100,0,1,0.031773,1,0.009345,1,150.954584053467,1,4.84541189547353,966,1,5.70900011062622,34.8740005493164,0.0317730009555817,0.0148456385359168,145.564300537109,-86.1817,26.4675,127.203365970049,63,63,63,63,61,63,0,8047,1.25895569026649,26,-86,0.001869,51,2026-01-29 06:33:59.000691,966,1.037,0.0011,"aoml_navis",1031.9040172149
"7901009",100,0,1,0.028035,1,0.005607,1,151.325731891101,1,4.84535130198434,968,1,5.68800020217896,34.875,0.0280349999666214,0.0118765104562044,145.92219543457,-86.1817,26.4675,127.203365970049,63,63,63,63,61,63,0,8047,1.25895569026649,26,-86,0.001869,51,2026-01-29 06:33:59.000691,968,1.037,0.0011,"aoml_navis",1031.91692167962
"7901009",100,0,1,0.029904,1,0.007476,1,151.651259638525,1,4.84529440417804,970,1,5.66699981689453,34.875,0.0299040004611015,0.0133610740303993,146.236099243164,-86.1817,26.4675,127.203365970049,63,63,63,63,61,63,0,8047,1.25895569026649,26,-86,0.001869,51,2026-01-29 06:33:59.000691,970,1.037,0.0011,"aoml_navis",1031.92903937655
"7901009",100,0,1,0.031773,1,0.009345,1,151.868726478542,1,4.84524275715824,972,1,5.65899991989136,34.8759994506836,0.0317730009555817,0.0148456385359168,146.44580078125,-86.1817,26.4675,127.203365970049,63,63,63,63,61,63,0,8047,1.25895569026649,26,-86,0.001869,51,2026-01-29 06:33:59.000691,972,1.037,0.0011,"aoml_navis",1031.9400390441
"7901009",100,0,1,0.029904,1,0.007476,1,152.1189644621,1,4.84519547847172,974,1,5.65199995040894,34.8759994506836,0.0299040004611015,0.0133610740303993,146.687103271484,-86.1817,26.4675,127.203365970049,63,63,63,63,61,63,0,8047,1.25895569026649,26,-86,0.001869,51,2026-01-29 06:33:59.000691,974,1.037,0.0011,"aoml_navis",1031.95010855932
"7901009",100,0,1,0.031773,1,0.009345,1,152.38391860379,1,4.84514683074374,976,1,5.64300012588501,34.8759994506836,0.0317730009555817,0.0148456385359168,146.942596435547,-86.1817,26.4675,127.203365970049,63,63,63,63,61,63,0,8047,1.25895569026649,26,-86,0.001869,51,2026-01-29 06:33:59.000691,976,1.037,0.0011,"aoml_navis",1031.96046986103
"7901009",100,0,1,0.033642,1,0.011214,1,152.60242981632,1,4.84509887140078,978,1,5.63500022888184,34.8759994506836,0.0336420014500618,0.0163302011787891,147.153305053711,-86.1817,26.4675,127.203365970049,63,63,63,63,61,63,0,8047,1.25895569026649,26,-86,0.001869,51,2026-01-29 06:33:59.000691,978,1.037,0.0011,"aoml_navis",1031.97068474981
"7901009",100,0,1,0.029904,1,0.007476,1,155.924958550835,1,4.84456422249431,999.5,1,5.53700017929077,34.8790016174316,0.0299040004611015,0.0133610740303993,150.357192993164,-86.1817,26.4675,127.203365970049,63,63,63,63,61,63,0,8047,1.25895569026649,26,-86,0.001869,51,2026-01-29 06:33:59.000691,999.5,1.037,0.0011,"aoml_navis",1032.08457363079
"7901009",100,0,1,0.029904,1,0.007476,1,161.455765491838,1,4.84337420459151,1048.80004882812,1,5.35309982299805,34.8839988708496,0.0299040004611015,0.0133610740303993,155.690505981445,-86.1817,26.4675,127.203365970049,63,63,63,63,61,63,0,8047,1.25895569026649,26,-86,0.001869,51,2026-01-29 06:33:59.000691,1048.80004882812,1.037,0.0011,"aoml_navis",1032.33815699394
"7901009",100,0,1,0.029904,1,0.007476,1,167.547479591256,1,4.84214534765724,1099.80004882812,1,5.16839981079102,34.8899993896484,0.0299040004611015,0.0133610740303993,161.564697265625,-86.1817,26.4675,127.203365970049,63,63,63,63,61,63,0,8047,1.25895569026649,26,-86,0.001869,51,2026-01-29 06:33:59.000691,1099.80004882812,1.037,0.0011,"aoml_navis",1032.60014745719
"7901009",100,0,1,0.028035,1,0.005607,1,174.663580711136,1,4.84097868629073,1148.90002441406,1,5.00869989395142,34.8950004577637,0.0280349999666214,0.0118765104562044,168.426696777344,-86.1817,26.4675,127.203365970049,63,63,63,63,61,63,0,8047,1.25895569026649,26,-86,0.001869,51,2026-01-29 06:33:59.000691,1148.90002441406,1.037,0.0011,"aoml_navis",1032.84900100048
"7901009",100,0,1,0.033642,1,0.011214,1,181.053969525341,1,4.83973604071457,1199,1,4.78700017929077,34.9039993286133,0.0336420014500618,0.0163302011787891,174.588897705078,-86.1817,26.4675,127.203365970049,63,63,63,63,61,63,0,8047,1.25895569026649,26,-86,0.001869,51,2026-01-29 06:33:59.000691,1199,1.037,0.0011,"aoml_navis",1033.11419423233
"7901009",100,0,1,0.029904,1,0.007476,1,184.875945678285,1,4.8385876980742,1249.59997558594,1,4.69309997558594,34.9080009460449,0.0299040004611015,0.0133610740303993,178.274398803711,-86.1817,26.4675,127.203365970049,63,63,63,63,61,63,0,8047,1.25895569026649,26,-86,0.001869,51,2026-01-29 06:33:59.000691,1249.59997558594,1.037,0.0011,"aoml_navis",1033.35938335685
"7901009",100,0,1,0.028035,1,0.005607,1,188.69678251576,1,4.83743891588322,1300,1,4.59049987792969,34.9119987487793,0.0280349999666214,0.0118765104562044,181.958801269531,-86.1817,26.4675,127.203365970049,63,63,63,63,61,63,0,8047,1.25895569026649,26,-86,0.001869,51,2026-01-29 06:33:59.000691,1300,1.037,0.0011,"aoml_navis",1033.60478280832
"7901009",100,0,1,0.035511,1,0.013083,1,191.433085970341,1,4.83634580806793,1349.09997558594,1,4.52309989929199,34.9150009155273,0.0355109982192516,0.017814764752984,184.597396850586,-86.1817,26.4675,127.203365970049,63,63,63,63,61,63,0,8047,1.25895569026649,26,-86,0.001869,51,2026-01-29 06:33:59.000691,1349.09997558594,1.037,0.0011,"aoml_navis",1033.83839750645
"7901009",100,0,1,0.024297,1,0.001869,1,193.838370809895,1,4.83525191388416,1398.59997558594,1,4.46000003814697,34.9169998168945,0.0242970008403063,0.00890738237649202,186.916793823242,-86.1817,26.4675,127.203365970049,63,63,63,63,61,63,0,8047,1.25895569026649,26,-86,0.001869,51,2026-01-29 06:33:59.000691,1398.59997558594,1.037,0.0011,"aoml_navis",1034.07228600495
"7901009",100,0,1,0.033642,1,0.011214,1,195.555382515971,1,4.83415800927045,1449.30004882812,1,4.43279981613159,34.9189987182617,0.0336420014500618,0.0163302011787891,188.572494506836,-86.1817,26.4675,127.203365970049,63,63,63,63,61,63,0,8047,1.25895569026649,26,-86,0.001869,51,2026-01-29 06:33:59.000691,1449.30004882812,1.037,0.0011,"aoml_navis",1034.30628258562
"7901009",100,0,1,0.035511,1,0.013083,1,196.880612115375,1,4.83307757099942,1499.40002441406,1,4.39940023422241,34.9199981689453,0.0355109982192516,0.017814764752984,189.850402832031,-86.1817,26.4675,127.203365970049,63,63,63,63,61,63,0,8047,1.25895569026649,26,-86,0.001869,51,2026-01-29 06:33:59.000691,1499.40002441406,1.037,0.0011,"aoml_navis",1034.53750256404
"7901009",100,0,1,0.029904,1,0.007476,1,197.949574853535,1,4.83199839077378,1549.69995117188,1,4.37750005722046,34.9220008850098,0.0299040004611015,0.0133610740303993,190.881195068359,-86.1817,26.4675,127.203365970049,63,63,63,63,61,63,0,8047,1.25895569026649,26,-86,0.001869,51,2026-01-29 06:33:59.000691,1549.69995117188,1.037,0.0011,"aoml_navis",1034.76855653491
"7901009",100,0,1,0.026166,1,0.003738,1,199.09425459886,1,4.83095402558588,1598.80004882812,1,4.36229991912842,34.9230003356934,0.0261659994721413,0.0103919459506869,191.985000610352,-86.1817,26.4675,127.203365970049,63,63,63,63,61,63,0,8047,1.25895569026649,26,-86,0.001869,51,2026-01-29 06:33:59.000691,1598.80004882812,1.037,0.0011,"aoml_navis",1034.99225484631
"7901009",100,0,1,0.029904,1,0.007476,1,199.999266676362,1,4.82989471234979,1648.90002441406,1,4.34849977493286,34.9230003356934,0.0299040004611015,0.0133610740303993,192.857696533203,-86.1817,26.4675,127.203365970049,63,63,63,63,61,63,0,8047,1.25895569026649,26,-86,0.001869,51,2026-01-29 06:33:59.000691,1648.90002441406,1.037,0.0011,"aoml_navis",1035.21925378938
"7901009",100,0,1,0.029904,1,0.007476,1,200.862709563096,1,4.82883255853375,1699.09997558594,1,4.33680009841919,34.923999786377,0.0299040004611015,0.0133610740303993,193.690307617188,-86.1817,26.4675,127.203365970049,63,63,63,63,61,63,0,8047,1.25895569026649,26,-86,0.001869,51,2026-01-29 06:33:59.000691,1699.09997558594,1.037,0.0011,"aoml_navis",1035.44696143248
"7901009",100,0,1,0.024297,1,0.001869,1,201.519967997715,1,4.82776860918931,1749.59997558594,1,4.32940006256104,34.9249992370605,0.0242970008403063,0.00890738237649202,194.324096679688,-86.1817,26.4675,127.203365970049,63,63,63,63,61,63,0,8047,1.25895569026649,26,-86,0.001869,51,2026-01-29 06:33:59.000691,1749.59997558594,1.037,0.0011,"aoml_navis",1035.67515445601
"7901009",100,0,1,0.029904,1,0.007476,1,202.024795516966,1,4.82673158182961,1799.09997558594,1,4.32329988479614,34.9249992370605,0.0299040004611015,0.0133610740303993,194.810897827148,-86.1817,26.4675,127.203365970049,63,63,63,63,61,63,0,8047,1.25895569026649,26,-86,0.001869,51,2026-01-29 06:33:59.000691,1799.09997558594,1.037,0.0011,"aoml_navis",1035.89767013825
"7901009",100,0,1,0.029904,1,0.007476,1,202.440329186387,1,4.82568762151376,1848.90002441406,1,4.31930017471313,34.9259986877441,0.0299040004611015,0.0133610740303993,195.21159362793,-86.1817,26.4675,127.203365970049,63,63,63,63,61,63,0,8047,1.25895569026649,26,-86,0.001869,51,2026-01-29 06:33:59.000691,1848.90002441406,1.037,0.0011,"aoml_navis",1036.12177002695
"7901009",100,0,1,0.022428,1,0,1,202.942055235753,1,4.82463736161973,1899,1,4.31309986114502,34.9269981384277,0.0224280003458261,0.0074228192679584,195.695404052734,-86.1817,26.4675,127.203365970049,63,63,63,63,61,63,0,8047,1.25895569026649,26,-86,0.001869,51,2026-01-29 06:33:59.000691,1899,1.037,0.0011,"aoml_navis",1036.34732006498
"7901009",100,0,1,0.022428,1,0,1,203.272235188005,1,4.82359517109128,1949.09997558594,1,4.31099987030029,34.9269981384277,0.0224280003458261,0.0074228192679584,196.013793945312,-86.1817,26.4675,127.203365970049,63,63,63,63,61,63,0,8047,1.25895569026649,26,-86,0.001869,51,2026-01-29 06:33:59.000691,1949.09997558594,1.037,0.0011,"aoml_navis",1036.57123424576
"7901009",100,0,1,0.031773,1,0.009345,1,201.433585731859,1,4.82252949124996,2000.40002441406,1,4.30870008468628,34.9269981384277,0.0317730009555817,0.0148456385359168,194.240798950195,-86.1817,26.4675,127.203365970049,63,63,63,63,61,63,0,8047,1.25895569026649,26,-86,0.001869,51,2026-01-29 06:33:59.000691,2000.40002441406,1.037,0.0011,"aoml_navis",1036.80029517125
"7901009",101,0.242465457340243,5,0.351372,1,0.328944,1,196.018068469143,1,4.8824232180535,2,1,25.6770000457764,36.2439994812012,0.351372003555298,0.265557438135147,189.018600463867,-85.9602,25.2484,80.2930349042892,63,63,63,63,61,63,0.353241,8279,1.45687144005964,25,-86,0.001869,51,2026-02-08 12:51:06.001362,2,1.037,0.0011,"aoml_navis",1024.0816448504
"7901009",101,0.242465457340243,5,0.360717,1,0.338289,1,196.068467370366,1,4.88239174744678,4,1,25.6809997558594,36.2430000305176,0.360716998577118,0.265557438135147,189.067199707031,-85.9602,25.2484,80.2930349042892,63,63,63,63,61,63,0.353241,8279,1.45687144005964,25,-86,0.001869,51,2026-02-08 12:51:06.001362,4,1.037,0.0011,"aoml_navis",1024.08824581
"7901009",101,0.242465457340243,5,0.370062,1,0.347634,1,196.015473360885,1,4.88235223276683,6,1,25.681999206543,36.2430000305176,0.370061993598938,0.265557438135147,189.016098022461,-85.9602,25.2484,80.2930349042892,63,63,63,63,61,63,0.353241,8279,1.45687144005964,25,-86,0.001869,51,2026-02-08 12:51:06.001362,6,1.037,0.0011,"aoml_navis",1024.09653413443
"7901009",101,0.242465457340243,5,0.3738,1,0.351372,1,196.029683160979,1,4.88231272343315,8,1,25.6830005645752,36.2430000305176,0.373800009489059,0.265557438135147,189.029800415039,-85.9602,25.2484,80.2930349042892,63,63,63,63,61,63,0.353241,8279,1.45687144005964,25,-86,0.001869,51,2026-02-08 12:51:06.001362,8,1.037,0.0011,"aoml_navis",1024.10482147159
"7901009",101,0.242465457340243,5,0.370062,1,0.347634,1,196.002830120045,1,4.88227024733452,10,1,25.681999206543,36.2430000305176,0.370061993598938,0.265557438135147,189.00390625,-85.9602,25.2484,80.2930349042892,63,63,63,63,61,63,0.353241,8279,1.45687144005964,25,-86,0.001869,51,2026-02-08 12:51:06.001362,10,1.037,0.0011,"aoml_navis",1024.11373125643
"7901009",101,0.242465457340243,5,0.360717,1,0.338289,1,195.947035292506,1,4.88223370666511,12,1,25.6849994659424,36.2430000305176,0.360716998577118,0.265557438135147,188.950103759766,-85.9602,25.2484,80.2930349042892,63,63,63,63,61,63,0.353241,8279,1.45687144005964,25,-86,0.001869,51,2026-02-08 12:51:06.001362,12,1.037,0.0011,"aoml_navis",1024.1213961499
"7901009",101,0.242465457340243,5,0.476595,1,0.454167,1,195.994316899053,1,4.88219420488618,14,1,25.6860008239746,36.2430000305176,0.476595014333725,0.265557438135147,188.995697021484,-85.9602,25.2484,80.2930349042892,63,63,63,63,61,63,0.353241,8279,1.45687144005964,25,-86,0.001869,51,2026-02-08 12:51:06.001362,14,1.037,0.0011,"aoml_navis",1024.12968230471
"7901009",101,0.242465457340243,5,0.364455,1,0.342027,1,196.022831442226,1,4.88215322066165,16,1,25.6860008239746,36.2430000305176,0.364455014467239,0.265557438135147,189.023193359375,-85.9602,25.2484,80.2930349042892,63,63,63,63,61,63,0.353241,8279,1.45687144005964,25,-86,0.001869,51,2026-02-08 12:51:06.001362,16,1.037,0.0011,"aoml_navis",1024.13827956886
"7901009",101,0.242465457340243,5,0.375669,1,0.353241,1,196.041297852815,1,4.88211520322423,18,1,25.6879997253418,36.2430000305176,0.375669002532959,0.265557438135147,189.041000366211,-85.9602,25.2484,80.2930349042892,63,63,63,63,61,63,0.353241,8279,1.45687144005964,25,-86,0.001869,51,2026-02-08 12:51:06.001362,18,1.037,0.0011,"aoml_navis",1024.14625461888
"7901009",101,0.242465457340243,5,0.3738,1,0.351372,1,195.901810783967,1,4.88207422383249,20,1,25.6879997253418,36.2430000305176,0.373800009489059,0.265557438135147,188.906494140625,-85.9602,25.2484,80.2930349042892,63,63,63,63,61,63,0.353241,8279,1.45687144005964,25,-86,0.001869,51,2026-02-08 12:51:06.001362,20,1.037,0.0011,"aoml_navis",1024.15485114746
"7901009",101,0.242465457340243,5,0.371931,1,0.349503,1,195.944234474447,1,4.88203472919317,22,1,25.6889991760254,36.2430000305176,0.371930986642838,0.265557438135147,188.947402954102,-85.9602,25.2484,80.2930349042892,63,63,63,63,61,63,0.353241,8279,1.45687144005964,25,-86,0.001869,51,2026-02-08 12:51:06.001362,22,1.037,0.0011,"aoml_navis",1024.16313634588
"7901009",101,0.242465457340243,5,0.386883,1,0.364455,1,195.911779797396,1,4.88199375456986,24,1,25.6889991760254,36.2430000305176,0.386882990598679,0.265557438135147,188.916107177734,-85.9602,25.2484,80.2930349042892,63,63,63,63,61,63,0.353241,8279,1.45687144005964,25,-86,0.001869,51,2026-02-08 12:51:06.001362,24,1.037,0.0011,"aoml_navis",1024.17173215752
"7901009",101,0.242465457340243,5,0.381276,1,0.358848,1,195.899737862127,1,4.88195426769199,26,1,25.6900005340576,36.2430000305176,0.38127601146698,0.265557438135147,188.904495239258,-85.9602,25.2484,80.2930349042892,63,63,63,63,61,63,0.353241,8279,1.45687144005964,25,-86,0.001869,51,2026-02-08 12:51:06.001362,26,1.037,0.0011,"aoml_navis",1024.18001600081
"7901009",101,0.242465457340243,5,0.39249,1,0.370062,1,195.934581937635,1,4.88191478050099,28,1,25.6909999847412,36.2430000305176,0.3924899995327,0.265557438135147,188.938095092773,-85.9602,25.2484,80.2930349042892,63,63,63,63,61,63,0.353241,8279,1.45687144005964,25,-86,0.001869,51,2026-02-08 12:51:06.001362,28,1.037,0.0011,"aoml_navis",1024.1883000438
"7901009",101,0.242465457340243,5,0.385014,1,0.362586,1,195.890401801932,1,4.8818708448121,30,1,25.6889991760254,36.2430000305176,0.385013997554779,0.265557438135147,188.895492553711,-85.9602,25.2484,80.2930349042892,63,63,63,63,61,63,0.353241,8279,1.45687144005964,25,-86,0.001869,51,2026-02-08 12:51:06.001362,30,1.037,0.0011,"aoml_navis",1024.1975174975
"7901009",101,0.242465457340243,5,0.375669,1,0.353241,1,195.876619245271,1,4.88183284797145,32,1,25.6909999847412,36.2430000305176,0.375669002532959,0.265557438135147,188.882202148438,-85.9602,25.2484,80.2930349042892,63,63,63,63,61,63,0.353241,8279,1.45687144005964,25,-86,0.001869,51,2026-02-08 12:51:06.001362,32,1.037,0.0011,"aoml_navis",1024.20548914895
"7901009",101,0.242465457340243,5,0.370062,1,0.347634,1,195.937794175295,1,4.88179040237894,34,1,25.6900005340576,36.2430000305176,0.370061993598938,0.265557438135147,188.941192626953,-85.9602,25.2484,80.2930349042892,63,63,63,63,61,63,0.353241,8279,1.45687144005964,25,-86,0.001869,51,2026-02-08 12:51:06.001362,34,1.037,0.0011,"aoml_navis",1024.21439428523
"7901009",101,0.242465457340243,5,0.399966,1,0.377538,1,195.958539217526,1,4.88174139289783,36,1,25.6870002746582,36.2439994812012,0.39996600151062,0.265557438135147,188.961196899414,-85.9602,25.2484,80.2930349042892,63,63,63,63,61,63,0.353241,8279,1.45687144005964,25,-86,0.001869,51,2026-02-08 12:51:06.001362,36,1.037,0.0011,"aoml_navis",1024.22467672585
"7901009",101,0.242465457340243,5,0.385014,1,0.362586,1,195.967764510905,1,4.88170191759263,38,1,25.6879997253418,36.2439994812012,0.385013997554779,0.265557438135147,188.970092773438,-85.9602,25.2484,80.2930349042892,63,63,63,63,61,63,0.353241,8279,1.45687144005964,25,-86,0.001869,51,2026-02-08 12:51:06.001362,38,1.037,0.0011,"aoml_navis",1024.23295899757
"7901009",101,0.242465457340243,5,0.3738,1,0.351372,1,195.965074459662,1,4.88166096182782,40,1,25.6879997253418,36.2439994812012,0.373800009489059,0.265557438135147,188.967498779297,-85.9602,25.2484,80.2930349042892,63,63,63,63,61,63,0.353241,8279,1.45687144005964,25,-86,0.001869,51,2026-02-08 12:51:06.001362,40,1.037,0.0011,"aoml_navis",1024.24155202451
"7901009",101,0.242465457340243,5,0.371931,1,0.349503,1,195.902855156802,1,4.88162149145109,42,1,25.6889991760254,36.2439994812012,0.371930986642838,0.265557438135147,188.907501220703,-85.9602,25.2484,80.2930349042892,63,63,63,63,61,63,0.353241,8279,1.45687144005964,25,-86,0.001869,51,2026-02-08 12:51:06.001362,42,1.037,0.0011,"aoml_navis",1024.24983353507
"7901009",101,0.242465457340243,5,0.386883,1,0.364455,1,195.869973236318,1,4.88159155937605,44,1,25.6940002441406,36.2430000305176,0.386882990598679,0.265557438135147,188.875793457031,-85.9602,25.2484,80.2930349042892,63,63,63,63,61,63,0.353241,8279,1.45687144005964,25,-86,0.001869,51,2026-02-08 12:51:06.001362,44,1.037,0.0011,"aoml_navis",1024.25611384806
"7901009",101,0.242465457340243,5,0.368193,1,0.345765,1,195.826520996834,1,4.88155209431562,46,1,25.6949996948242,36.2430000305176,0.368193000555038,0.265557438135147,188.833892822266,-85.9602,25.2484,80.2930349042892,63,63,63,63,61,63,0.353241,8279,1.45687144005964,25,-86,0.001869,51,2026-02-08 12:51:06.001362,46,1.037,0.0011,"aoml_navis",1024.26439447861
"7901009",101,0.242465457340243,5,0.383145,1,0.360717,1,195.903266576404,1,4.88150966483721,48,1,25.6940002441406,36.2430000305176,0.38314500451088,0.265557438135147,188.907897949219,-85.9602,25.2484,80.2930349042892,63,63,63,63,61,63,0.353241,8279,1.45687144005964,25,-86,0.001869,51,2026-02-08 12:51:06.001362,48,1.037,0.0011,"aoml_navis",1024.27329725808
"7901009",101,0.242465457340243,5,0.366324,1,0.343896,1,195.9231729556,1,4.88147020460273,50,1,25.6949996948242,36.2430000305176,0.366324007511139,0.265557438135147,188.927093505859,-85.9602,25.2484,80.2930349042892,63,63,63,63,61,63,0.353241,8279,1.45687144005964,25,-86,0.001869,51,2026-02-08 12:51:06.001362,50,1.037,0.0011,"aoml_navis",1024.28157715385
"7901009",101,0.242465457340243,5,0.394359,1,0.371931,1,195.849133251103,1,4.8814292632704,52,1,25.6949996948242,36.2430000305176,0.394358992576599,0.265557438135147,188.855697631836,-85.9602,25.2484,80.2930349042892,63,63,63,63,61,63,0.353241,8279,1.45687144005964,25,-86,0.001869,51,2026-02-08 12:51:06.001362,52,1.037,0.0011,"aoml_navis",1024.29016796817
"7901009",101,0.242465457340243,5,0.377538,1,0.35511,1,195.810966171119,1,4.88138980796149,54,1,25.6959991455078,36.2430000305176,0.377537995576859,0.265557438135147,188.818893432617,-85.9602,25.2484,80.2930349042892,63,63,63,63,61,63,0.353241,8279,1.45687144005964,25,-86,0.001869,51,2026-02-08 12:51:06.001362,54,1.037,0.0011,"aoml_navis",1024.29844710313
"7901009",101,0.242465457340243,5,0.362586,1,0.340158,1,195.836584953248,1,4.8813503579969,56,1,25.69700050354,36.2430000305176,0.362585991621017,0.265557438135147,188.843597412109,-85.9602,25.2484,80.2930349042892,63,63,63,63,61,63,0.353241,8279,1.45687144005964,25,-86,0.001869,51,2026-02-08 12:51:06.001362,56,1.037,0.0011,"aoml_navis",1024.30672525047
"7901009",101,0.242465457340243,5,0.3738,1,0.351372,1,195.799351479283,1,4.88130582742166,58,1,25.69700050354,36.2439994812012,0.373800009489059,0.265557438135147,188.807693481445,-85.9602,25.2484,80.2930349042892,63,63,63,63,61,63,0.353241,8279,1.45687144005964,25,-86,0.001869,51,2026-02-08 12:51:06.001362,58,1.037,0.0011,"aoml_navis",1024.31606966963
"7901009",101,0.242465457340243,5,0.399966,1,0.377538,1,195.801851644556,1,4.88126849202749,60,1,25.69700050354,36.2430000305176,0.39996600151062,0.265557438135147,188.810104370117,-85.9602,25.2484,80.2930349042892,63,63,63,63,61,63,0.353241,8279,1.45687144005964,25,-86,0.001869,51,2026-02-08 12:51:06.001362,60,1.037,0.0011,"aoml_navis",1024.32390436347
"7901009",101,0.242465457340243,5,0.407442,1,0.385014,1,195.82663176365,1,4.88122247956932,62,1,25.6959991455078,36.2439994812012,0.407442003488541,0.265557438135147,188.833999633789,-85.9602,25.2484,80.2930349042892,63,63,63,63,61,63,0.353241,8279,1.45687144005964,25,-86,0.001869,51,2026-02-08 12:51:06.001362,62,1.037,0.0011,"aoml_navis",1024.33356007185
"7901009",101,0.242465457340243,5,0.368193,1,0.345765,1,195.78006222949,1,4.881183039366,64,1,25.69700050354,36.2439994812012,0.368193000555038,0.243748366832733,188.789093017578,-85.9602,25.2484,80.2930349042892,63,63,63,63,61,63,0.353241,8279,1.45687144005964,25,-86,0.001869,51,2026-02-08 12:51:06.001362,64,1.037,0.0011,"aoml_navis",1024.3418367383
"7901009",101,0.242465457340243,5,0.401835,1,0.379407,1,195.741183077118,1,4.88114508301152,66,1,25.6989994049072,36.2439994812012,0.40183499455452,0.266840308904648,188.751602172852,-85.9602,25.2484,80.2930349042892,63,63,63,63,61,63,0.353241,8279,1.45687144005964,25,-86,0.001869,51,2026-02-08 12:51:06.001362,66,1.037,0.0011,"aoml_navis",1024.34980214011
"7901009",101,0.242465457340243,5,0.386883,1,0.364455,1,195.771042645912,1,4.88110713223885,68,1,25.701000213623,36.2439994812012,0.386882990598679,0.256577223539352,188.780395507812,-85.9602,25.2484,80.2930349042892,63,63,63,63,61,63,0.353241,8279,1.45687144005964,25,-86,0.001869,51,2026-02-08 12:51:06.001362,68,1.037,0.0011,"aoml_navis",1024.35776649438
"7901009",101,0.242465457340243,5,0.356979,1,0.334551,1,195.70012023609,1,4.88106621253087,70,1,25.701000213623,36.2439994812012,0.356979012489319,0.2360510379076,188.712005615234,-85.9602,25.2484,80.2930349042892,63,63,63,63,61,63,0.353241,8279,1.45687144005964,25,-86,0.001869,51,2026-02-08 12:51:06.001362,70,1.037,0.0011,"aoml_navis",1024.36635404859
"7901009",101,0.242465457340243,5,0.368193,1,0.345765,1,195.65976946745,1,4.88102529517002,72,1,25.701000213623,36.2439994812012,0.368193000555038,0.243748366832733,188.673095703125,-85.9602,25.2484,80.2930349042892,63,63,63,63,61,63,0.353241,8279,1.45687144005964,25,-86,0.001869,51,2026-02-08 12:51:06.001362,72,1.037,0.0011,"aoml_navis",1024.37494125419
"7901009",101,0.242465457340243,5,0.366324,1,0.343896,1,195.600762402251,1,4.88098586468979,74,1,25.7019996643066,36.2439994812012,0.366324007511139,0.24246546626091,188.616195678711,-85.9602,25.2484,80.2930349042892,63,63,63,63,61,63,0.353241,8279,1.45687144005964,25,-86,0.001869,51,2026-02-08 12:51:06.001362,74,1.037,0.0011,"aoml_navis",1024.38321654877
"7901009",101,0.242465457340243,5,0.379407,1,0.356979,1,195.526200511336,1,4.88094495208577,76,1,25.7019996643066,36.2439994812012,0.379406988620758,0.251445680856705,188.544296264648,-85.9602,25.2484,80.2930349042892,63,63,63,63,61,63,0.353241,8279,1.45687144005964,25,-86,0.001869,51,2026-02-08 12:51:06.001362,76,1.037,0.0011,"aoml_navis",1024.39180303875
"7901009",101,0.242465457340243,5,0.360717,1,0.338289,1,195.272133083381,1,4.88089958512618,78,1,25.6989994049072,36.2439994812012,0.360716998577118,0.238616824150085,188.299301147461,-85.9602,25.2484,80.2930349042892,63,63,63,63,61,63,0.353241,8279,1.45687144005964,25,-86,0.001869,51,2026-02-08 12:51:06.001362,78,1.037,0.0011,"aoml_navis",1024.40132455024
"7901009",101,0.242465457340243,5,0.375669,1,0.353241,1,194.631252110561,1,4.88082434998009,80,1,25.6879997253418,36.2490005493164,0.375669002532959,0.24887989461422,187.681304931641,-85.9602,25.2484,80.2930349042892,63,63,63,63,61,63,0.353241,8279,1.45687144005964,25,-86,0.001869,51,2026-02-08 12:51:06.001362,80,1.037,0.0011,"aoml_navis",1024.41711511712
"7901009",101,0.220656395039798,1,0.343896,1,0.321468,1,194.304268470099,1,4.88050245824526,82,1,25.6149997711182,36.2970008850098,0.343896001577377,0.227070823311806,187.365997314453,-85.9602,25.2484,80.2930349042892,63,63,63,63,61,63,0.321468,8279,1.45687144005964,25,-86,0.001869,51,2026-02-08 12:51:06.001362,82,1.037,0.0011,"aoml_navis",1024.48468016912
"7901009",101,0.200130218757026,1,0.313992,1,0.291564,1,194.090013800536,1,4.88037287752962,84,1,25.5939998626709,36.3129997253418,0.313991993665695,0.206544667482376,187.159393310547,-85.9602,25.2484,80.2930349042892,63,63,63,63,61,63,0.291564,8279,1.45687144005964,25,-86,0.001869,51,2026-02-08 12:51:06.001362,84,1.037,0.0011,"aoml_navis",1024.51188166813
"7901009",101,0.180886928491928,1,0.285957,1,0.263529,1,193.919322137273,1,4.8802183392348,86,1,25.5610008239746,36.3310012817383,0.285957008600235,0.187301367521286,186.99479675293,-85.9602,25.2484,80.2930349042892,63,63,63,63,61,63,0.263529,8279,1.45687144005964,25,-86,0.001869,51,2026-02-08 12:51:06.001362,86,1.037,0.0011,"aoml_navis",1024.54432413448
"7901009",101,0.201413104774699,1,0.315861,1,0.293433,1,193.82517034378,1,4.88005516805525,88,1,25.5270004272461,36.351001739502,0.315860986709595,0.207827553153038,186.904006958008,-85.9602,25.2484,80.2930349042892,63,63,63,63,61,63,0.293433,8279,1.45687144005964,25,-86,0.001869,51,2026-02-08 12:51:06.001362,88,1.037,0.0011,"aoml_navis",1024.57858114595
"7901009",101,0.287366467958807,1,0.441084,1,0.418656,1,193.817907205425,1,4.87985632367415,90,1,25.4810009002686,36.3759994506836,0.441083997488022,0.293780922889709,186.897003173828,-85.9602,25.2484,80.2930349042892,63,63,63,63,61,63,0.418656,8279,1.45687144005964,25,-86,0.001869,51,2026-02-08 12:51:06.001362,90,1.037,0.0011,"aoml_navis",1024.62033067305
"7901009",101,0.133420145838017,1,0.216804,1,0.194376,1,193.727996198596,1,4.87974861478058,92,1,25.4650001525879,36.3880004882812,0.216803997755051,0.139834582805634,186.810302734375,-85.9602,25.2484,80.2930349042892,63,63,63,63,61,63,0.194376,8279,1.45687144005964,25,-86,0.001869,51,2026-02-08 12:51:06.001362,92,1.037,0.0011,"aoml_navis",1024.64294674016
"7901009",101,0.13855168990871,1,0.22428,1,0.201852,1,193.727363245363,1,4.87968614119528,94,1,25.4650001525879,36.3940010070801,0.224279999732971,0.144966125488281,186.809692382812,-85.9602,25.2484,80.2930349042892,63,63,63,63,61,63,0.201852,8279,1.45687144005964,25,-86,0.001869,51,2026-02-08 12:51:06.001362,94,1.037,0.0011,"aoml_navis",1024.65606502619
"7901009",101,0.134703031855691,1,0.218673,1,0.196245,1,193.656963021959,1,4.87963954107894,96,1,25.4659996032715,36.3959999084473,0.218673005700111,0.141117468476295,186.741806030273,-85.9602,25.2484,80.2930349042892,63,63,63,63,61,63,0.196245,8279,1.45687144005964,25,-86,0.001869,51,2026-02-08 12:51:06.001362,96,1.037,0.0011,"aoml_navis",1024.66585039895
"7901009",101,0.130854373802671,1,0.213066,1,0.190638,1,193.638496611369,1,4.87959358427219,98,1,25.4650001525879,36.3969993591309,0.21306599676609,0.13726881146431,186.723999023438,-85.9602,25.2484,80.2930349042892,63,63,63,63,61,63,0.190638,8279,1.45687144005964,25,-86,0.001869,51,2026-02-08 12:51:06.001362,98,1.037,0.0011,"aoml_navis",1024.67550086874
"7901009",101,0.130854373802671,1,0.213066,1,0.190638,1,193.599395925366,1,4.87954762993439,100,1,25.4640007019043,36.3979988098145,0.21306599676609,0.13726881146431,186.686294555664,-85.9602,25.2484,80.2930349042892,63,63,63,63,61,63,0.190638,8279,1.45687144005964,25,-86,0.001869,51,2026-02-08 12:51:06.001362,100,1.037,0.0011,"aoml_navis",1024.68515100184
"7901009",101,0.141117461944057,1,0.228018,1,0.20559,1,193.634667244306,1,4.87949806712765,102,1,25.4629993438721,36.4000015258789,0.228018000721931,0.147531896829605,186.720306396484,-85.9602,25.2484,80.2930349042892,63,63,63,63,61,63,0.20559,8279,1.45687144005964,25,-86,0.001869,51,2026-02-08 12:51:06.001362,102,1.037,0.0011,"aoml_navis",1024.69555909534
"7901009",101,0.13855168990871,1,0.22428,1,0.201852,1,193.514675135052,1,4.87944601845448,104,1,25.4529991149902,36.398998260498,0.224279999732971,0.144966125488281,186.604598999023,-85.9602,25.2484,80.2930349042892,63,63,63,63,61,63,0.201852,8279,1.45687144005964,25,-86,0.001869,51,2026-02-08 12:51:06.001362,104,1.037,0.0011,"aoml_navis",1024.70648944359
"7901009",101,0.121874171678958,1,0.199983,1,0.177555,1,193.086276562742,1,4.87937672650448,106,1,25.4799995422363,36.4179992675781,0.19998300075531,0.128288611769676,186.191497802734,-85.9602,25.2484,80.2930349042892,63,63,63,63,61,63,0.177555,8279,1.45687144005964,25,-86,0.001869,51,2026-02-08 12:51:06.001362,106,1.037,0.0011,"aoml_navis",1024.72104128388
"7901009",101,0.10263088141386,1,0.171948,1,0.14952,1,193.108477397409,1,4.8793034974004,108,1,25.4799995422363,36.4269981384277,0.171948000788689,0.109045319259167,186.212905883789,-85.9602,25.2484,80.2930349042892,63,63,63,63,61,63,0.14952,8279,1.45687144005964,25,-86,0.001869,51,2026-02-08 12:51:06.001362,108,1.037,0.0011,"aoml_navis",1024.73642040588
"7901009",101,0.0846704771664342,1,0.145782,1,0.123354,1,193.103904310297,1,4.87925819357482,110,1,25.4769992828369,36.4269981384277,0.145781993865967,0.0910849124193192,186.20849609375,-85.9602,25.2484,80.2930349042892,63,63,63,63,61,63,0.123354,8279,1.45687144005964,25,-86,0.001869,51,2026-02-08 12:51:06.001362,110,1.037,0.0011,"aoml_navis",1024.74593506533
"7901009",101,0.0936506792901469,1,0.158865,1,0.136437,1,193.03929560898,1,4.87921944465522,112,1,25.4759998321533,36.4259986877441,0.158865004777908,0.100065119564533,186.146194458008,-85.9602,25.2484,80.2930349042892,63,63,63,63,61,63,0.136437,8279,1.45687144005964,25,-86,0.001869,51,2026-02-08 12:51:06.001362,112,1.037,0.0011,"aoml_navis",1024.75407321085
"7901009",101,0.0974993373431666,1,0.164472,1,0.142044,1,193.119775612628,1,4.87918006044488,114,1,25.4769992828369,36.4259986877441,0.164471998810768,0.103913776576519,186.22380065918,-85.9602,25.2484,80.2930349042892,63,63,63,63,61,63,0.142044,8279,1.45687144005964,25,-86,0.001869,51,2026-02-08 12:51:06.001362,114,1.037,0.0011,"aoml_navis",1024.76234491418
"7901009",101,0.0936506792901469,1,0.158865,1,0.136437,1,193.102147865074,1,4.8791347659329,116,1,25.4740009307861,36.4259986877441,0.158865004777908,0.100065119564533,186.206802368164,-85.9602,25.2484,80.2930349042892,63,63,63,63,61,63,0.136437,8279,1.45687144005964,25,-86,0.001869,51,2026-02-08 12:51:06.001362,116,1.037,0.0011,"aoml_navis",1024.7718580989
"7901009",101,0.0846704771664342,1,0.145782,1,0.123354,1,193.100169886219,1,4.87909369880874,118,1,25.4689998626709,36.423999786377,0.145781993865967,0.0910849124193192,186.204895019531,-85.9602,25.2484,80.2930349042892,63,63,63,63,61,63,0.123354,8279,1.45687144005964,25,-86,0.001869,51,2026-02-08 12:51:06.001362,118,1.037,0.0011,"aoml_navis",1024.78048356005
"7901009",101,0.0821047051310877,1,0.142044,1,0.119616,1,193.129728802226,1,4.87904692802177,120,1,25.4650001525879,36.423999786377,0.142043992877007,0.0885191336274147,186.2333984375,-85.9602,25.2484,80.2930349042892,63,63,63,63,61,63,0.119616,8279,1.45687144005964,25,-86,0.001869,51,2026-02-08 12:51:06.001362,120,1.037,0.0011,"aoml_navis",1024.79030715683
"7901009",101,0.0692758449543552,1,0.123354,1,0.100926,1,193.0941568305,1,4.87900459613543,122,1,25.4640007019043,36.423999786377,0.123354002833366,0.0756902769207954,186.199096679688,-85.9602,25.2484,80.2930349042892,63,63,63,63,61,63,0.100926,8279,1.45687144005964,25,-86,0.001869,51,2026-02-08 12:51:06.001362,122,1.037,0.0011,"aoml_navis",1024.79919858251
"7901009",101,0.0808218191134144,1,0.140175,1,0.117747,1,193.146533710578,1,4.87896078572842,124,1,25.4619998931885,36.423999786377,0.140174999833107,0.0872362554073334,186.249603271484,-85.9602,25.2484,80.2930349042892,63,63,63,63,61,63,0.117747,8279,1.45687144005964,25,-86,0.001869,51,2026-02-08 12:51:06.001362,124,1.037,0.0011,"aoml_navis",1024.80840072042
"7901009",101,0.0654271869013355,1,0.117747,1,0.095319,1,193.270560896696,1,4.87891106334387,126,1,25.4559993743896,36.423999786377,0.117747001349926,0.0718416199088097,186.369201660156,-85.9602,25.2484,80.2930349042892,63,63,63,63,61,63,0.095319,8279,1.45687144005964,25,-86,0.001869,51,2026-02-08 12:51:06.001362,126,1.037,0.0011,"aoml_navis",1024.8188448373
"7901009",101,0.073124503007375,1,0.128961,1,0.106533,1,193.490417202376,1,4.87883557953942,128,1,25.4349994659424,36.4249992370605,0.128960996866226,0.0795389339327812,186.581207275391,-85.9602,25.2484,80.2930349042892,63,63,63,63,61,63,0.106533,8279,1.45687144005964,25,-86,0.001869,51,2026-02-08 12:51:06.001362,128,1.037,0.0011,"aoml_navis",1024.83470051106
"7901009",101,0.0705587309720285,1,0.125223,1,0.102795,1,193.654985043104,1,4.87877975504527,130,1,25.4200000762939,36.4230003356934,0.125222995877266,0.0769731625914574,186.739898681641,-85.9602,25.2484,80.2930349042892,63,63,63,63,61,63,0.102795,8279,1.45687144005964,25,-86,0.001869,51,2026-02-08 12:51:06.001362,130,1.037,0.0011,"aoml_navis",1024.846426984
"7901009",101,0.0744073890250482,1,0.13083,1,0.108402,1,193.786797553995,1,4.87872561322546,132,1,25.4109992980957,36.4230003356934,0.130830004811287,0.0808218196034431,186.867004394531,-85.9602,25.2484,80.2930349042892,63,63,63,63,61,63,0.108402,8279,1.45687144005964,25,-86,0.001869,51,2026-02-08 12:51:06.001362,132,1.037,0.0011,"aoml_navis",1024.85780025132
"7901009",101,0.0795389330957412,1,0.138306,1,0.115878,1,193.729024747601,1,4.87866679227483,134,1,25.4109992980957,36.4280014038086,0.138306006789207,0.0859533622860909,186.811294555664,-85.9602,25.2484,80.2930349042892,63,63,63,63,61,63,0.115878,8279,1.45687144005964,25,-86,0.001869,51,2026-02-08 12:51:06.001362,134,1.037,0.0011,"aoml_navis",1024.87015672341
"7901009",101,0.0833875911487609,1,0.143913,1,0.121485,1,193.62097963063,1,4.87861749294289,136,1,25.4150009155273,36.431999206543,0.143913000822067,0.0898020267486572,186.707107543945,-85.9602,25.2484,80.2930349042892,63,63,63,63,61,63,0.121485,8279,1.45687144005964,25,-86,0.001869,51,2026-02-08 12:51:06.001362,136,1.037,0.0011,"aoml_navis",1024.88051322587
"7901009",101,0.0833875911487609,1,0.143913,1,0.121485,1,193.626881919533,1,4.87857601633531,138,1,25.4169998168945,36.4329986572266,0.143913000822067,0.0898020267486572,186.712799072266,-85.9602,25.2484,80.2930349042892,63,63,63,63,61,63,0.121485,8279,1.45687144005964,25,-86,0.001869,51,2026-02-08 12:51:06.001362,138,1.037,0.0011,"aoml_navis",1024.88922654031
"7901009",101,0.0795389330957412,1,0.138306,1,0.115878,1,193.604696908697,1,4.87853454553078,140,1,25.4190006256104,36.4339981079102,0.138306006789207,0.0859533622860909,186.69140625,-85.9602,25.2484,80.2930349042892,63,63,63,63,61,63,0.115878,8279,1.45687144005964,25,-86,0.001869,51,2026-02-08 12:51:06.001362,140,1.037,0.0011,"aoml_navis",1024.89793878379
"7901009",101,0.0872362492017807,1,0.14952,1,0.127092,1,193.551497189415,1,4.87849158416728,142,1,25.4200000762939,36.435001373291,0.149519994854927,0.093650683760643,186.640106201172,-85.9602,25.2484,80.2930349042892,63,63,63,63,61,63,0.127092,8279,1.45687144005964,25,-86,0.001869,51,2026-02-08 12:51:06.001362,142,1.037,0.0011,"aoml_navis",1024.90696432214
"7901009",101,0.0782560470780679,1,0.136437,1,0.114009,1,193.501715417595,1,4.87844863925146,144,1,25.4209995269775,36.4360008239746,0.136436998844147,0.0846704840660095,186.592102050781,-85.9602,25.2484,80.2930349042892,63,63,63,63,61,63,0.114009,8279,1.45687144005964,25,-86,0.001869,51,2026-02-08 12:51:06.001362,144,1.037,0.0011,"aoml_navis",1024.91598656396
"7901009",101,0.0821047051310877,1,0.142044,1,0.119616,1,193.484182613025,1,4.87839239808049,146,1,25.4130001068115,36.4370002746582,0.142043992877007,0.0885191336274147,186.5751953125,-85.9602,25.2484,80.2930349042892,63,63,63,63,61,63,0.119616,8279,1.45687144005964,25,-86,0.001869,51,2026-02-08 12:51:06.001362,146,1.037,0.0011,"aoml_navis",1024.92780243905
"7901009",101,0.0833875911487609,1,0.143913,1,0.121485,1,193.326862086822,1,4.87834925435429,148,1,25.4090003967285,36.4360008239746,0.143913000822067,0.0898020267486572,186.423492431641,-85.9602,25.2484,80.2930349042892,63,63,63,63,61,63,0.121485,8279,1.45687144005964,25,-86,0.001869,51,2026-02-08 12:51:06.001362,148,1.037,0.0011,"aoml_navis",1024.93686681763
"7901009",101,0.0756902750427214,1,0.132699,1,0.110271,1,193.11604118855,1,4.87825899855486,150,1,25.3950004577637,36.4440002441406,0.132698997855186,0.0821047127246857,186.220199584961,-85.9602,25.2484,80.2930349042892,63,63,63,63,61,63,0.110271,8279,1.45687144005964,25,-86,0.001869,51,2026-02-08 12:51:06.001362,150,1.037,0.0011,"aoml_navis",1024.95582983216
"7901009",101,0.0718416169897017,1,0.127092,1,0.104664,1,192.926993881514,1,4.8781546236317,152,1,25.3689994812012,36.451000213623,0.127092003822327,0.0782560482621193,186.037902832031,-85.9602,25.2484,80.2930349042892,63,63,63,63,61,63,0.104664,8279,1.45687144005964,25,-86,0.001869,51,2026-02-08 12:51:06.001362,152,1.037,0.0011,"aoml_navis",1024.97776019194
"7901009",101,0.0667100729190087,1,0.119616,1,0.097188,1,192.666185501622,1,4.87808613905103,154,1,25.3600006103516,36.4550018310547,0.119616001844406,0.0731245055794716,185.786407470703,-85.9602,25.2484,80.2930349042892,63,63,63,63,61,63,0.097188,8279,1.45687144005964,25,-86,0.001869,51,2026-02-08 12:51:06.001362,154,1.037,0.0011,"aoml_navis",1024.99215009202
"7901009",101,0.0756902750427214,1,0.132699,1,0.110271,1,192.257899018308,1,4.87801747630981,156,1,25.3460006713867,36.4570007324219,0.132698997855186,0.0821047127246857,185.392700195312,-85.9602,25.2484,80.2930349042892,63,63,63,63,61,63,0.110271,8279,1.45687144005964,25,-86,0.001869,51,2026-02-08 12:51:06.001362,156,1.037,0.0011,"aoml_navis",1025.00657783261
"7901009",101,0.0692758449543552,1,0.123354,1,0.100926,1,191.701327416199,1,4.87794034192634,158,1,25.3360004425049,36.4630012512207,0.123354002833366,0.0756902769207954,184.856002807617,-85.9602,25.2484,80.2930349042892,63,63,63,63,61,63,0.100926,8279,1.45687144005964,25,-86,0.001869,51,2026-02-08 12:51:06.001362,158,1.037,0.0011,"aoml_navis",1025.02278615926
"7901009",101,0.0744073890250482,1,0.13083,1,0.108402,1,191.144027917872,1,4.87787567011301,160,1,25.3320007324219,36.4679985046387,0.130830004811287,0.0808218196034431,184.318603515625,-85.9602,25.2484,80.2930349042892,63,63,63,63,61,63,0.108402,8279,1.45687144005964,25,-86,0.001869,51,2026-02-08 12:51:06.001362,160,1.037,0.0011,"aoml_navis",1025.03637610841
"7901009",101,0.0602956428306425,1,0.110271,1,0.087843,1,190.719664422426,1,4.87782111962536,162,1,25.3299999237061,36.4710006713867,0.110270999372005,0.066710077226162,183.909393310547,-85.9602,25.2484,80.2930349042892,63,63,63,63,61,63,0.087843,8279,1.45687144005964,25,-86,0.001869,51,2026-02-08 12:51:06.001362,162,1.037,0.0011,"aoml_navis",1025.04783947141
"7901009",101,0.067992958936682,1,0.121485,1,0.099057,1,189.897616410327,1,4.87776511128477,164,1,25.3269996643066,36.4739990234375,0.121485002338886,0.0744073912501335,183.11669921875,-85.9602,25.2484,80.2930349042892,63,63,63,63,61,63,0.099057,8279,1.45687144005964,25,-86,0.001869,51,2026-02-08 12:51:06.001362,164,1.037,0.0011,"aoml_navis",1025.05960945771
"7901009",101,0.0590127568129693,1,0.108402,1,0.085974,1,188.999139295276,1,4.87769684427902,166,1,25.3229999542236,36.4799995422363,0.108401998877525,0.0654271915555,182.250305175781,-85.9602,25.2484,80.2930349042892,63,63,63,63,61,63,0.085974,8279,1.45687144005964,25,-86,0.001869,51,2026-02-08 12:51:06.001362,166,1.037,0.0011,"aoml_navis",1025.07395593156
"7901009",101,0.0615785288483158,1,0.11214,1,0.089712,1,188.214419700127,1,4.87761992456159,168,1,25.318000793457,36.4879989624023,0.112139999866486,0.0679929628968239,181.493606567383,-85.9602,25.2484,80.2930349042892,63,63,63,63,61,63,0.089712,8279,1.45687144005964,25,-86,0.001869,51,2026-02-08 12:51:06.001362,168,1.037,0.0011,"aoml_navis",1025.09012127455
"7901009",101,0.0615785288483158,1,0.11214,1,0.089712,1,187.030955391661,1,4.87756474692498,170,1,25.318000793457,36.492000579834,0.112139999866486,0.0679929628968239,180.352401733398,-85.9602,25.2484,80.2930349042892,63,63,63,63,61,63,0.089712,8279,1.45687144005964,25,-86,0.001869,51,2026-02-08 12:51:06.001362,170,1.037,0.0011,"aoml_navis",1025.10171764551
"7901009",101,0.0538812127422763,1,0.100926,1,0.078498,1,185.375133908812,1,4.87751381630042,172,1,25.3159999847412,36.4939994812012,0.100925996899605,0.060295645147562,178.755706787109,-85.9602,25.2484,80.2930349042892,63,63,63,63,61,63,0.078498,8279,1.45687144005964,25,-86,0.001869,51,2026-02-08 12:51:06.001362,172,1.037,0.0011,"aoml_navis",1025.1124216789
"7901009",101,0.0474667826539101,1,0.091581,1,0.069153,1,181.690665664712,1,4.87738521107916,174,1,25.2929992675781,36.5089988708496,0.0915810018777847,0.0538812130689621,175.20280456543,-85.9602,25.2484,80.2930349042892,63,63,63,63,61,63,0.069153,8279,1.45687144005964,25,-86,0.001869,51,2026-02-08 12:51:06.001362,174,1.037,0.0011,"aoml_navis",1025.13945149182
"7901009",101,0.0410523525655438,1,0.082236,1,0.059808,1,179.298751218884,1,4.8770903979036,176,1,25.2229995727539,36.5509986877441,0.0822359994053841,0.0474667884409428,172.896301269531,-85.9602,25.2484,80.2930349042892,63,63,63,63,61,63,0.059808,8279,1.45687144005964,25,-86,0.001869,51,2026-02-08 12:51:06.001362,176,1.037,0.0011,"aoml_navis",1025.20141971312
"7901009",101,0.0449010106185636,1,0.087843,1,0.065415,1,179.000804308012,1,4.87698774857013,178.100006103516,1,25.19700050354,36.556999206543,0.0878430008888245,0.0513154454529285,172.608993530273,-85.9602,25.2484,80.2930349042892,63,63,63,63,61,63,0.065415,8279,1.45687144005964,25,-86,0.001869,51,2026-02-08 12:51:06.001362,178.100006103516,1.037,0.0011,"aoml_navis",1025.2229978363
"7901009",101,0.0500325546892565,1,0.095319,1,0.072891,1,176.314803966037,1,4.8768923025106,180.199996948242,1,25.1709995269775,36.5610008239746,0.095319002866745,0.0564469881355762,170.018905639648,-85.9602,25.2484,80.2930349042892,63,63,63,63,61,63,0.072891,8279,1.45687144005964,25,-86,0.001869,51,2026-02-08 12:51:06.001362,180.199996948242,1.037,0.0011,"aoml_navis",1025.24306255974
"7901009",101,0.062861414865989,1,0.114009,1,0.091581,1,164.547823582041,1,4.8762796320021,181.899993896484,1,24.9950008392334,36.6500015258789,0.114009000360966,0.0692758485674858,158.672103881836,-85.9602,25.2484,80.2930349042892,63,63,63,63,61,63,0.091581,8279,1.45687144005964,25,-86,0.001869,51,2026-02-08 12:51:06.001362,181.899993896484,1.037,0.0011,"aoml_navis",1025.37187719628
"7901009",101,0.0756902750427214,1,0.132699,1,0.110271,1,155.752147210052,1,4.87561516188392,183.899993896484,1,24.7819995880127,36.7369995117188,0.132698997855186,0.0821047127246857,150.190505981445,-85.9602,25.2484,80.2930349042892,63,63,63,63,61,63,0.110271,8279,1.45687144005964,25,-86,0.001869,51,2026-02-08 12:51:06.001362,183.899993896484,1.037,0.0011,"aoml_navis",1025.51161935185
"7901009",101,0.0692758449543552,1,0.123354,1,0.100926,1,153.753882204011,1,4.87477273497451,186,1,24.4090003967285,36.8089981079102,0.123354002833366,0.0756902769207954,148.263595581055,-85.9602,25.2484,80.2930349042892,63,63,63,63,61,63,0.100926,8279,1.45687144005964,25,-86,0.001869,51,2026-02-08 12:51:06.001362,186,1.037,0.0011,"aoml_navis",1025.68884168221
"7901009",101,0.0590127568129693,1,0.108402,1,0.085974,1,155.165288795717,1,4.8744031502092,188,1,24.1730003356934,36.8059997558594,0.108401998877525,0.0654271915555,149.624603271484,-85.9602,25.2484,80.2930349042892,63,63,63,63,61,63,0.085974,8279,1.45687144005964,25,-86,0.001869,51,2026-02-08 12:51:06.001362,188,1.037,0.0011,"aoml_navis",1025.76661099224
"7901009",101,0.0397694665478706,1,0.080367,1,0.057939,1,155.569730088137,1,4.87407132977174,190,1,23.9039993286133,36.7799987792969,0.0803669989109039,0.0461838990449905,150.014602661133,-85.9602,25.2484,80.2930349042892,63,63,63,63,61,63,0.057939,8279,1.45687144005964,25,-86,0.001869,51,2026-02-08 12:51:06.001362,190,1.037,0.0011,"aoml_navis",1025.83644384912
"7901009",101,0.0153946322120789,1,0.044856,1,0.022428,1,150.771691396387,1,4.87352560786661,192,1,23.5300006866455,36.7729988098145,0.0448560006916523,0.0218090638518333,145.387893676758,-85.9602,25.2484,80.2930349042892,63,63,63,63,61,63,0.022428,8279,1.45687144005964,25,-86,0.001869,51,2026-02-08 12:51:06.001362,192,1.037,0.0011,"aoml_navis",1025.95131375307
"7901009",101,0.00513154407069298,1,0.029904,1,0.007476,1,146.536253186296,1,4.87305526349558,194,1,23.5520000457764,36.9010009765625,0.0299040004611015,0.0115459747612476,141.303695678711,-85.9602,25.2484,80.2930349042892,63,63,63,63,61,63,0.007476,8279,1.45687144005964,25,-86,0.001869,51,2026-02-08 12:51:06.001362,194,1.037,0.0011,"aoml_navis",1026.05033795848
"7901009",101,0.00128288601767324,1,0.024297,1,0.001869,1,146.171735419083,1,4.87292526511608,196,1,23.4990005493164,36.9049987792969,0.0242970008403063,0.00769731635227799,140.952194213867,-85.9602,25.2484,80.2930349042892,63,63,63,63,61,63,0.001869,8279,1.45687144005964,25,-86,0.001869,51,2026-02-08 12:51:06.001362,196,1.037,0.0011,"aoml_navis",1026.07771060919
"7901009",101,0.00513154407069298,1,0.029904,1,0.007476,1,145.880956703581,1,4.87273203382758,198,1,23.4009990692139,36.9090003967285,0.0299040004611015,0.0115459747612476,140.671798706055,-85.9602,25.2484,80.2930349042892,63,63,63,63,61,63,0.007476,8279,1.45687144005964,25,-86,0.001869,51,2026-02-08 12:51:06.001362,198,1.037,0.0011,"aoml_navis",1026.11840037353
"7901009",101,0.00128288601767324,1,0.024297,1,0.001869,1,145.769889234921,1,4.8725379464983,200,1,23.2970008850098,36.9109992980957,0.0242970008403063,0.00769731635227799,140.564697265625,-85.9602,25.2484,80.2930349042892,63,63,63,63,61,63,0.001869,8279,1.45687144005964,25,-86,0.001869,51,2026-02-08 12:51:06.001362,200,1.037,0.0011,"aoml_navis",1026.15927364779
"7901009",101,0.00384865805301973,1,0.028035,1,0.005607,1,145.617869692048,1,4.87236542801978,202,1,23.2029991149902,36.9109992980957,0.0280349999666214,0.0102630890905857,140.418106079102,-85.9602,25.2484,80.2930349042892,63,63,63,63,61,63,0.005607,8279,1.45687144005964,25,-86,0.001869,51,2026-02-08 12:51:06.001362,202,1.037,0.0011,"aoml_navis",1026.19560742432
"7901009",101,0.00256577203534649,1,0.026166,1,0.003738,1,145.92939344978,1,4.87207673777372,204,1,23.0279998779297,36.9119987487793,0.0261659994721413,0.00898020248860121,140.718505859375,-85.9602,25.2484,80.2930349042892,63,63,63,63,61,63,0.003738,8279,1.45687144005964,25,-86,0.001869,51,2026-02-08 12:51:06.001362,204,1.037,0.0011,"aoml_navis",1026.25641366329
"7901009",101,0.00128288601767324,1,0.024297,1,0.001869,1,146.496440427904,1,4.87186841062949,206,1,22.878999710083,36.9010009765625,0.0242970008403063,0.00769731635227799,141.26530456543,-85.9602,25.2484,80.2930349042892,63,63,63,63,61,63,0.001869,8279,1.45687144005964,25,-86,0.001869,51,2026-02-08 12:51:06.001362,206,1.037,0.0011,"aoml_navis",1026.30029766218
"7901009",101,0.00513154407069298,1,0.029904,1,0.007476,1,146.588835776174,1,4.87173670988014,208,1,22.7639999389648,36.8819999694824,0.0299040004611015,0.0115459747612476,141.354400634766,-85.9602,25.2484,80.2930349042892,63,63,63,63,61,63,0.007476,8279,1.45687144005964,25,-86,0.001869,51,2026-02-08 12:51:06.001362,208,1.037,0.0011,"aoml_navis",1026.32804228926
"7901009",101,0.00384865805301973,1,0.028035,1,0.005607,1,145.715455256834,1,4.87164663139288,210,1,22.6709995269775,36.8600006103516,0.0280349999666214,0.0102630890905857,140.51220703125,-85.9602,25.2484,80.2930349042892,63,63,63,63,61,63,0.005607,8279,1.45687144005964,25,-86,0.001869,51,2026-02-08 12:51:06.001362,210,1.037,0.0011,"aoml_navis",1026.34701946155
"7901009",101,0.0115459741590592,1,0.039249,1,0.016821,1,144.328528131436,1,4.87125763867331,212,1,22.3649997711182,36.8400001525879,0.0392489992082119,0.0179604049772024,139.1748046875,-85.9602,25.2484,80.2930349042892,63,63,63,63,61,63,0.016821,8279,1.45687144005964,25,-86,0.001869,51,2026-02-08 12:51:06.001362,212,1.037,0.0011,"aoml_navis",1026.42897807429
"7901009",101,0.00898020212371272,1,0.035511,1,0.013083,1,144.534063870207,1,4.8707716776019,214,1,22.0300006866455,36.8370018005371,0.0355109982192516,0.015394632704556,139.373001098633,-85.9602,25.2484,80.2930349042892,63,63,63,63,61,63,0.013083,8279,1.45687144005964,25,-86,0.001869,51,2026-02-08 12:51:06.001362,214,1.037,0.0011,"aoml_navis",1026.53138577453
"7901009",101,0.00898020212371272,1,0.035511,1,0.013083,1,144.923156046713,1,4.87035802973063,216,1,21.7430000305176,36.8330001831055,0.0355109982192516,0.015394632704556,139.748199462891,-85.9602,25.2484,80.2930349042892,63,63,63,63,61,63,0.013083,8279,1.45687144005964,25,-86,0.001869,51,2026-02-08 12:51:06.001362,216,1.037,0.0011,"aoml_navis",1026.61857084797
"7901009",101,0.00256577203534649,1,0.026166,1,0.003738,1,144.99097698569,1,4.87010225652582,218.100006103516,1,21.5599994659424,36.8240013122559,0.0261659994721413,0.00898020248860121,139.813598632812,-85.9602,25.2484,80.2930349042892,63,63,63,63,61,63,0.003738,8279,1.45687144005964,25,-86,0.001869,51,2026-02-08 12:51:06.001362,218.100006103516,1.037,0.0011,"aoml_navis",1026.67248789286
"7901009",101,0.00513154407069298,1,0.029904,1,0.007476,1,145.279477069551,1,4.86990770181564,220,1,21.3999996185303,36.8079986572266,0.0299040004611015,0.0115459747612476,140.091796875,-85.9602,25.2484,80.2930349042892,63,63,63,63,61,63,0.007476,8279,1.45687144005964,25,-86,0.001869,51,2026-02-08 12:51:06.001362,220,1.037,0.0011,"aoml_navis",1026.71350385878
"7901009",101,0.00384865805301973,1,0.028035,1,0.005607,1,145.643472650346,1,4.86969874170404,222,1,21.2490005493164,36.798999786377,0.0280349999666214,0.0102630890905857,140.442794799805,-85.9602,25.2484,80.2930349042892,63,63,63,63,61,63,0.005607,8279,1.45687144005964,25,-86,0.001869,51,2026-02-08 12:51:06.001362,222,1.037,0.0011,"aoml_navis",1026.75756041746
"7901009",101,0.00384865805301973,1,0.028035,1,0.005607,1,146.040033675008,1,4.86953644493005,224.100006103516,1,21.136999130249,36.7910003662109,0.0280349999666214,0.0102630890905857,140.8251953125,-85.9602,25.2484,80.2930349042892,63,63,63,63,61,63,0.005607,8279,1.45687144005964,25,-86,0.001869,51,2026-02-08 12:51:06.001362,224.100006103516,1.037,0.0011,"aoml_navis",1026.79178121888
"7901009",101,0.00128288601767324,1,0.024297,1,0.001869,1,146.407257317294,1,4.86941731553157,226,1,21.068000793457,36.7879981994629,0.0242970008403063,0.00769731635227799,141.179306030273,-85.9602,25.2484,80.2930349042892,63,63,63,63,61,63,0.001869,8279,1.45687144005964,25,-86,0.001869,51,2026-02-08 12:51:06.001362,226,1.037,0.0011,"aoml_navis",1026.81690149085
"7901009",101,0.00128288601767324,1,0.024297,1,0.001869,1,147.009559790528,1,4.86932259742413,228,1,21.0189990997314,36.7849998474121,0.0242970008403063,0.00769731635227799,141.760101318359,-85.9602,25.2484,80.2930349042892,63,63,63,63,61,63,0.001869,8279,1.45687144005964,25,-86,0.001869,51,2026-02-08 12:51:06.001362,228,1.037,0.0011,"aoml_navis",1026.83687514255
"7901009",101,-0.00128288601767324,1,0.020559,1,-0.001869,1,147.789516412594,1,4.86915676074701,230,1,20.923999786377,36.7849998474121,0.020558999851346,0.00513154454529285,142.51220703125,-85.9602,25.2484,80.2930349042892,63,63,63,63,61,63,-0.001869,8279,1.45687144005964,25,-86,0.001869,51,2026-02-08 12:51:06.001362,230,1.037,0.0011,"aoml_navis",1026.87184777204
"7901009",101,0,1,0.022428,1,0,1,148.201110076553,1,4.86898936973295,232,1,20.8110008239746,36.7789993286133,0.0224280003458261,0.00641443068161607,142.909103393555,-85.9602,25.2484,80.2930349042892,63,63,63,63,61,63,0,8279,1.45687144005964,25,-86,0.001869,51,2026-02-08 12:51:06.001362,232,1.037,0.0011,"aoml_navis",1026.90715060531
"7901009",101,-0.00128288601767324,1,0.020559,1,-0.001869,1,148.614982372153,1,4.86884231978951,234,1,20.7159996032715,36.773998260498,0.020558999851346,0.00513154454529285,143.308197021484,-85.9602,25.2484,80.2930349042892,63,63,63,63,61,63,-0.001869,8279,1.45687144005964,25,-86,0.001869,51,2026-02-08 12:51:06.001362,234,1.037,0.0011,"aoml_navis",1026.93816550135
"7901009",101,-0.00384865805301973,1,0.016821,1,-0.005607,1,148.990291991998,1,4.86869704094162,236,1,20.6110000610352,36.7649993896484,0.0168210007250309,0.00256577227264643,143.670104980469,-85.9602,25.2484,80.2930349042892,63,63,63,63,61,63,-0.005607,8279,1.45687144005964,25,-86,0.001869,51,2026-02-08 12:51:06.001362,236,1.037,0.0011,"aoml_navis",1026.96880868829
"7901009",101,-0.00128288601767324,1,0.020559,1,-0.001869,1,149.48526142065,1,4.86856198996444,238,1,20.507999420166,36.7540016174316,0.020558999851346,0.00513154454529285,144.147399902344,-85.9602,25.2484,80.2930349042892,63,63,63,63,61,63,-0.001869,8279,1.45687144005964,25,-86,0.001869,51,2026-02-08 12:51:06.001362,238,1.037,0.0011,"aoml_navis",1026.99729618448
"7901009",101,-0.00256577203534649,1,0.01869,1,-0.003738,1,149.422725641173,1,4.86846027127342,240,1,20.4500007629395,36.75,0.0186899993568659,0.003848658176139,144.087097167969,-85.9602,25.2484,80.2930349042892,63,63,63,63,61,63,-0.003738,8279,1.45687144005964,25,-86,0.001869,51,2026-02-08 12:51:06.001362,240,1.037,0.0011,"aoml_navis",1027.01875365046
"7901009",101,-0.00256577203534649,1,0.01869,1,-0.003738,1,148.062034427307,1,4.86839350965844,242,1,20.4050006866455,36.7410011291504,0.0186899993568659,0.003848658176139,142.774993896484,-85.9602,25.2484,80.2930349042892,63,63,63,63,61,63,-0.003738,8279,1.45687144005964,25,-86,0.001869,51,2026-02-08 12:51:06.001362,242,1.037,0.0011,"aoml_navis",1027.03283744021
"7901009",101,0,1,0.022428,1,0,1,146.890706997094,1,4.86826988231159,244,1,20.2849998474121,36.7210006713867,0.0224280003458261,0.00641443068161607,141.645492553711,-85.9602,25.2484,80.2930349042892,63,63,63,63,61,63,0,8279,1.45687144005964,25,-86,0.001869,51,2026-02-08 12:51:06.001362,244,1.037,0.0011,"aoml_navis",1027.0589184398
"7901009",101,-0.00513154407069298,1,0.014952,1,-0.007476,1,147.219668616411,1,4.86810812809066,246,1,20.1319999694824,36.7000007629395,0.0149520002305508,0.00128288613632321,141.962707519531,-85.9602,25.2484,80.2930349042892,63,63,63,63,61,63,-0.007476,8279,1.45687144005964,25,-86,0.001869,51,2026-02-08 12:51:06.001362,246,1.037,0.0011,"aoml_navis",1027.09304486239
"7901009",101,0,1,0.022428,1,0,1,147.242059337049,1,4.86799203966555,248,1,20.0480003356934,36.6910018920898,0.0224280003458261,0.00641443068161607,141.984298706055,-85.9602,25.2484,80.2930349042892,63,63,63,63,61,63,0,8279,1.45687144005964,25,-86,0.001869,51,2026-02-08 12:51:06.001362,248,1.037,0.0011,"aoml_navis",1027.11753824961
"7901009",101,0.00384865805301973,1,0.028035,1,0.005607,1,147.919556654431,1,4.86788813679329,250,1,19.9449996948242,36.6720008850098,0.0280349999666214,0.0102630890905857,142.637603759766,-85.9602,25.2484,80.2930349042892,63,63,63,63,61,63,0.005607,8279,1.45687144005964,25,-86,0.001869,51,2026-02-08 12:51:06.001362,250,1.037,0.0011,"aoml_navis",1027.13946160927
"7901009",101,0,1,0.022428,1,0,1,151.244380871217,1,4.86773924864692,252,1,19.8290004730225,36.6609992980957,0.0224280003458261,0.00641443068161607,145.843704223633,-85.9602,25.2484,80.2930349042892,63,63,63,63,61,63,0,8279,1.45687144005964,25,-86,0.001869,51,2026-02-08 12:51:06.001362,252,1.037,0.0011,"aoml_navis",1027.17087842983
"7901009",101,-0.00256577203534649,1,0.01869,1,-0.003738,1,152.347982305438,1,4.8676139740449,254,1,19.7940006256104,36.6720008850098,0.0186899993568659,0.003848658176139,146.907897949219,-85.9602,25.2484,80.2930349042892,63,63,63,63,61,63,-0.003738,8279,1.45687144005964,25,-86,0.001869,51,2026-02-08 12:51:06.001362,254,1.037,0.0011,"aoml_navis",1027.19731405592
"7901009",101,-0.00513154407069298,1,0.014952,1,-0.007476,1,152.2124511943,1,4.86750404608476,256,1,19.7140007019043,36.6629981994629,0.0149520002305508,0.00128288613632321,146.777206420898,-85.9602,25.2484,80.2930349042892,63,63,63,63,61,63,-0.007476,8279,1.45687144005964,25,-86,0.001869,51,2026-02-08 12:51:06.001362,256,1.037,0.0011,"aoml_navis",1027.22051233256
"7901009",101,-0.00256577203534649,1,0.01869,1,-0.003738,1,152.391751021539,1,4.8674363741472,258,1,19.6730003356934,36.6559982299805,0.0186899993568659,0.003848658176139,146.950103759766,-85.9602,25.2484,80.2930349042892,63,63,63,63,61,63,-0.003738,8279,1.45687144005964,25,-86,0.001869,51,2026-02-08 12:51:06.001362,258,1.037,0.0011,"aoml_navis",1027.23479377294
"7901009",101,0,1,0.022428,1,0,1,152.807807005795,1,4.86733722857476,260,1,19.6070003509521,36.648998260498,0.0224280003458261,0.00641443068161607,147.351303100586,-85.9602,25.2484,80.2930349042892,63,63,63,63,61,63,0,8279,1.45687144005964,25,-86,0.001869,51,2026-02-08 12:51:06.001362,260,1.037,0.0011,"aoml_navis",1027.25571810525
"7901009",101,0,1,0.022428,1,0,1,153.241079318004,1,4.86726483679146,262,1,19.5650005340576,36.6430015563965,0.0224280003458261,0.00641443068161607,147.769104003906,-85.9602,25.2484,80.2930349042892,63,63,63,63,61,63,0,8279,1.45687144005964,25,-86,0.001869,51,2026-02-08 12:51:06.001362,262,1.037,0.0011,"aoml_navis",1027.27099668076
"7901009",101,-0.00128288601767324,1,0.020559,1,-0.001869,1,154.020513753652,1,4.86714368320021,264,1,19.4640007019043,36.6300010681152,0.020558999851346,0.00513154454529285,148.520706176758,-85.9602,25.2484,80.2930349042892,63,63,63,63,61,63,-0.001869,8279,1.45687144005964,25,-86,0.001869,51,2026-02-08 12:51:06.001362,264,1.037,0.0011,"aoml_navis",1027.29656764775
"7901009",101,-0.00513154407069298,1,0.014952,1,-0.007476,1,154.675699469551,1,4.86701430857829,266,1,19.3589992523193,36.6180000305176,0.0149520002305508,0.00128288613632321,149.152496337891,-85.9602,25.2484,80.2930349042892,63,63,63,63,61,63,-0.007476,8279,1.45687144005964,25,-86,0.001869,51,2026-02-08 12:51:06.001362,266,1.037,0.0011,"aoml_navis",1027.32387517072
"7901009",101,-0.00384865805301973,1,0.016821,1,-0.005607,1,155.104936704896,1,4.86690807027632,268,1,19.2779998779297,36.6080017089844,0.0168210007250309,0.00256577227264643,149.56640625,-85.9602,25.2484,80.2930349042892,63,63,63,63,61,63,-0.005607,8279,1.45687144005964,25,-86,0.001869,51,2026-02-08 12:51:06.001362,268,1.037,0.0011,"aoml_navis",1027.34630032084
"7901009",101,0,1,0.01869,1,-0.003738,1,155.361393531307,1,4.86683348511313,270,1,19.2280006408691,36.5999984741211,0.0186899993568659,0.003848658176139,149.813705444336,-85.9602,25.2484,80.2930349042892,63,63,63,63,61,63,0,8279,1.45687144005964,25,-86,0.001869,51,2026-02-08 12:51:06.001362,270,1.037,0.0011,"aoml_navis",1027.36204460132
"7901009",101,0,1,0.014952,1,-0.007476,1,155.601979055387,1,4.86672629592479,272,1,19.1429996490479,36.5890007019043,0.0149520002305508,0.00128288613632321,150.045700073242,-85.9602,25.2484,80.2930349042892,63,63,63,63,61,63,0,8279,1.45687144005964,25,-86,0.001869,51,2026-02-08 12:51:06.001362,272,1.037,0.0011,"aoml_navis",1027.3846721536
"7901009",101,0,1,0.013083,1,-0.009345,1,155.779823090189,1,4.86661682010221,274,1,19.05299949646,36.5769996643066,0.0130829997360706,0,150.217193603516,-85.9602,25.2484,80.2930349042892,63,63,63,63,61,63,0,8279,1.45687144005964,25,-86,0.001869,51,2026-02-08 12:51:06.001362,274,1.037,0.0011,"aoml_navis",1027.40778344143
"7901009",101,0,1,0.016821,1,-0.005607,1,155.767179849349,1,4.86652249387474,276,1,18.9750003814697,36.564998626709,0.0168210007250309,0.00256577227264643,150.205001831055,-85.9602,25.2484,80.2930349042892,63,63,63,63,61,63,0,8279,1.45687144005964,25,-86,0.001869,51,2026-02-08 12:51:06.001362,276,1.037,0.0011,"aoml_navis",1027.42769735335
"7901009",101,0,1,0.016821,1,-0.005607,1,156.069889733303,1,4.86645103191211,278,1,18.9300003051758,36.5579986572266,0.0168210007250309,0.00256577227264643,150.49690246582,-85.9602,25.2484,80.2930349042892,63,63,63,63,61,63,0,8279,1.45687144005964,25,-86,0.001869,51,2026-02-08 12:51:06.001362,278,1.037,0.0011,"aoml_navis",1027.44278473412
"7901009",101,0,1,0.013083,1,-0.009345,1,156.268067390734,1,4.86637841418982,280,1,18.8840007781982,36.5509986877441,0.0130829997360706,0,150.688003540039,-85.9602,25.2484,80.2930349042892,63,63,63,63,61,63,0,8279,1.45687144005964,25,-86,0.001869,51,2026-02-08 12:51:06.001362,280,1.037,0.0011,"aoml_navis",1027.45811657814
"7901009",101,0,1,0.01869,1,-0.003738,1,156.441037685638,1,4.86628480531894,282,1,18.8150005340576,36.5419998168945,0.0186899993568659,0.003848658176139,150.854797363281,-85.9602,25.2484,80.2930349042892,63,63,63,63,61,63,0,8279,1.45687144005964,25,-86,0.001869,51,2026-02-08 12:51:06.001362,282,1.037,0.0011,"aoml_navis",1027.47788097707
"7901009",101,0,1,0.016821,1,-0.005607,1,156.489569374822,1,4.86623477690675,284,1,18.798999786377,36.5390014648438,0.0168210007250309,0.00256577227264643,150.901596069336,-85.9602,25.2484,80.2930349042892,63,63,63,63,61,63,0,8279,1.45687144005964,25,-86,0.001869,51,2026-02-08 12:51:06.001362,284,1.037,0.0011,"aoml_navis",1027.48844419263
"7901009",101,0,1,0.016821,1,-0.005607,1,156.57834106583,1,4.86616995904714,286,1,18.7679996490479,36.5349998474121,0.0168210007250309,0.00256577227264643,150.987197875977,-85.9602,25.2484,80.2930349042892,63,63,63,63,61,63,0,8279,1.45687144005964,25,-86,0.001869,51,2026-02-08 12:51:06.001362,286,1.037,0.0011,"aoml_navis",1027.50213043917
"7901009",101,0,1,0.013083,1,-0.009345,1,156.663789752362,1,4.86609645958046,288,1,18.7240009307861,36.5289993286133,0.0130829997360706,0,151.069595336914,-85.9602,25.2484,80.2930349042892,63,63,63,63,61,63,0,8279,1.45687144005964,25,-86,0.001869,51,2026-02-08 12:51:06.001362,288,1.037,0.0011,"aoml_navis",1027.5176502422
"7901009",101,0,1,0.016821,1,-0.005607,1,156.659754675498,1,4.86604777158803,290,1,18.7119998931885,36.5270004272461,0.0168210007250309,0.00256577227264643,151.065704345703,-85.9602,25.2484,80.2930349042892,63,63,63,63,61,63,0,8279,1.45687144005964,25,-86,0.001869,51,2026-02-08 12:51:06.001362,290,1.037,0.0011,"aoml_navis",1027.52793122873
"7901009",101,0,1,0.014952,1,-0.007476,1,156.6064441894,1,4.86600026786656,292,1,18.6979999542236,36.523998260498,0.0149520002305508,0.00128288613632321,151.014297485352,-85.9602,25.2484,80.2930349042892,63,63,63,63,61,63,0,8279,1.45687144005964,25,-86,0.001869,51,2026-02-08 12:51:06.001362,292,1.037,0.0011,"aoml_navis",1027.53796234216
"7901009",101,0,1,0.016821,1,-0.005607,1,156.734933695815,1,4.86592926981999,294,1,18.6529998779297,36.5169982910156,0.0168210007250309,0.00256577227264643,151.138198852539,-85.9602,25.2484,80.2930349042892,63,63,63,63,61,63,0,8279,1.45687144005964,25,-86,0.001869,51,2026-02-08 12:51:06.001362,294,1.037,0.0011,"aoml_navis",1027.55295499496
"7901009",101,0,1,0.014952,1,-0.007476,1,156.817581564288,1,4.86583875014706,296,1,18.5890007019043,36.5089988708496,0.0149520002305508,0.00128288613632321,151.217895507812,-85.9602,25.2484,80.2930349042892,63,63,63,63,61,63,0,8279,1.45687144005964,25,-86,0.001869,51,2026-02-08 12:51:06.001362,296,1.037,0.0011,"aoml_navis",1027.57207066282
"7901009",101,0,1,0.011214,1,-0.011214,1,156.771644983362,1,4.86578140218578,298,1,18.5580005645752,36.5029983520508,0.0112140001729131,-0.00128288613632321,151.173599243164,-85.9602,25.2484,80.2930349042892,63,63,63,63,61,63,0,8279,1.45687144005964,25,-86,0.001869,51,2026-02-08 12:51:06.001362,298,1.037,0.0011,"aoml_navis",1027.58418159803
"7901009",101,0,1,0.020559,1,-0.001869,1,156.470913078262,1,4.86570694689782,300,1,18.5069999694824,36.4949989318848,0.020558999851346,0.00513154454529285,150.883605957031,-85.9602,25.2484,80.2930349042892,63,63,63,63,61,63,0,8279,1.45687144005964,25,-86,0.001869,51,2026-02-08 12:51:06.001362,300,1.037,0.0011,"aoml_navis",1027.59990574192
"7901009",101,0,1,0.01869,1,-0.003738,1,155.852106349463,1,4.86562647862249,302,1,18.4479999542236,36.4860000610352,0.0186899993568659,0.003848658176139,150.286895751953,-85.9602,25.2484,80.2930349042892,63,63,63,63,61,63,0,8279,1.45687144005964,25,-86,0.001869,51,2026-02-08 12:51:06.001362,302,1.037,0.0011,"aoml_navis",1027.61690030418
"7901009",101,0,1,0.014952,1,-0.007476,1,155.394876757363,1,4.86555949661854,304,1,18.3999996185303,36.4770011901855,0.0149520002305508,0.00128288613632321,149.845993041992,-85.9602,25.2484,80.2930349042892,63,63,63,63,61,63,0,8279,1.45687144005964,25,-86,0.001869,51,2026-02-08 12:51:06.001362,304,1.037,0.0011,"aoml_navis",1027.6310470512
"7901009",101,0,1,0.013083,1,-0.009345,1,154.998948685935,1,4.86546103519728,306,1,18.3110008239746,36.4630012512207,0.0130829997360706,0,149.464202880859,-85.9602,25.2484,80.2930349042892,63,63,63,63,61,63,0,8279,1.45687144005964,25,-86,0.001869,51,2026-02-08 12:51:06.001362,306,1.037,0.0011,"aoml_navis",1027.65184302771
"7901009",101,0,1,0.01869,1,-0.003738,1,154.800454551887,1,4.86539673734837,308,1,18.2649993896484,36.4539985656738,0.0186899993568659,0.003848658176139,149.272796630859,-85.9602,25.2484,80.2930349042892,63,63,63,63,61,63,0,8279,1.45687144005964,25,-86,0.001869,51,2026-02-08 12:51:06.001362,308,1.037,0.0011,"aoml_navis",1027.66542379132
"7901009",101,0,1,0.01869,1,-0.003738,1,154.625094858527,1,4.86533854516967,310,1,18.2329998016357,36.4480018615723,0.0186899993568659,0.003848658176139,149.103698730469,-85.9602,25.2484,80.2930349042892,63,63,63,63,61,63,0,8279,1.45687144005964,25,-86,0.001869,51,2026-02-08 12:51:06.001362,310,1.037,0.0011,"aoml_navis",1027.67771524636
"7901009",101,0,1,0.014952,1,-0.007476,1,154.397263342104,1,4.86523463399947,312,1,18.1450004577637,36.4360008239746,0.0149520002305508,0.00128288613632321,148.884002685547,-85.9602,25.2484,80.2930349042892,63,63,63,63,61,63,0,8279,1.45687144005964,25,-86,0.001869,51,2026-02-08 12:51:06.001362,312,1.037,0.0011,"aoml_navis",1027.69966427904
"7901009",101,0,1,0.01869,1,-0.003738,1,154.426300071694,1,4.86514671364696,314,1,18.0580005645752,36.4199981689453,0.0186899993568659,0.003848658176139,148.912002563477,-85.9602,25.2484,80.2930349042892,63,63,63,63,61,63,0,8279,1.45687144005964,25,-86,0.001869,51,2026-02-08 12:51:06.001362,314,1.037,0.0011,"aoml_navis",1027.71823632261
"7901009",101,0,1,0.016821,1,-0.005607,1,154.543064119456,1,4.86504941039827,316,1,17.9720001220703,36.4070014953613,0.0168210007250309,0.00256577227264643,149.024597167969,-85.9602,25.2484,80.2930349042892,63,63,63,63,61,63,0,8279,1.45687144005964,25,-86,0.001869,51,2026-02-08 12:51:06.001362,316,1.037,0.0011,"aoml_navis",1027.73879116485
"7901009",101,0,1,0.013083,1,-0.009345,1,154.451396667405,1,4.86496069840659,318,1,17.8990001678467,36.3959999084473,0.0130829997360706,0,148.93620300293,-85.9602,25.2484,80.2930349042892,63,63,63,63,61,63,0,8279,1.45687144005964,25,-86,0.001869,51,2026-02-08 12:51:06.001362,318,1.037,0.0011,"aoml_navis",1027.757531862
"7901009",101,0,1,0.014952,1,-0.007476,1,154.374556144849,1,4.86490765798421,320,1,17.8770008087158,36.3919982910156,0.0149520002305508,0.00128288613632321,148.862106323242,-85.9602,25.2484,80.2930349042892,63,63,63,63,61,63,0,8279,1.45687144005964,25,-86,0.001869,51,2026-02-08 12:51:06.001362,320,1.037,0.0011,"aoml_navis",1027.76873715045
"7901009",101,0,1,0.016821,1,-0.005607,1,154.264627992009,1,4.86485577039947,322,1,17.8589992523193,36.3889999389648,0.0168210007250309,0.00256577227264643,148.756103515625,-85.9602,25.2484,80.2930349042892,63,63,63,63,61,63,0,8279,1.45687144005964,25,-86,0.001869,51,2026-02-08 12:51:06.001362,322,1.037,0.0011,"aoml_navis",1027.77969912753
"7901009",101,0,1,0.013083,1,-0.009345,1,154.03875863061,1,4.86480514638249,324,1,17.8390007019043,36.3849983215332,0.0130829997360706,0,148.538299560547,-85.9602,25.2484,80.2930349042892,63,63,63,63,61,63,0,8279,1.45687144005964,25,-86,0.001869,51,2026-02-08 12:51:06.001362,324,1.037,0.0011,"aoml_navis",1027.79039438364
"7901009",101,0,1,0.014952,1,-0.007476,1,153.870139889187,1,4.86474971148869,326,1,17.818000793457,36.3819999694824,0.0149520002305508,0.00128288613632321,148.375701904297,-85.9602,25.2484,80.2930349042892,63,63,63,63,61,63,0,8279,1.45687144005964,25,-86,0.001869,51,2026-02-08 12:51:06.001362,326,1.037,0.0011,"aoml_navis",1027.80210628142
"7901009",101,0,1,0.014952,1,-0.007476,1,153.756999498687,1,4.8646944009864,328,1,17.7910003662109,36.3769989013672,0.0149520002305508,0.00128288613632321,148.2666015625,-85.9602,25.2484,80.2930349042892,63,63,63,63,61,63,0,8279,1.45687144005964,25,-86,0.001869,51,2026-02-08 12:51:06.001362,328,1.037,0.0011,"aoml_navis",1027.81379216466
"7901009",101,0,1,0.011214,1,-0.011214,1,153.733453638398,1,4.86462971039377,330,1,17.75,36.3699989318848,0.0112140001729131,-0.00128288613632321,148.243896484375,-85.9602,25.2484,80.2930349042892,63,63,63,63,61,63,0,8279,1.45687144005964,25,-86,0.001869,51,2026-02-08 12:51:06.001362,330,1.037,0.0011,"aoml_navis",1027.82746019024
"7901009",101,0,1,0.01869,1,-0.003738,1,153.78685906748,1,4.86457434283808,332,1,17.7290000915527,36.367000579834,0.0186899993568659,0.003848658176139,148.295394897461,-85.9602,25.2484,80.2930349042892,63,63,63,63,61,63,0,8279,1.45687144005964,25,-86,0.001869,51,2026-02-08 12:51:06.001362,332,1.037,0.0011,"aoml_navis",1027.83915870487
"7901009",101,0,1,0.01869,1,-0.003738,1,153.643241978783,1,4.86452749980652,334.100006103516,1,17.7229995727539,36.3660011291504,0.0186899993568659,0.003848658176139,148.15690612793,-85.9602,25.2484,80.2930349042892,63,63,63,63,61,63,0,8279,1.45687144005964,25,-86,0.001869,51,2026-02-08 12:51:06.001362,334.100006103516,1.037,0.0011,"aoml_navis",1027.84905629557
"7901009",101,0,1,0.020559,1,-0.001869,1,153.516619684408,1,4.86448241273218,336,1,17.7150001525879,36.3650016784668,0.020558999851346,0.00513154454529285,148.034805297852,-85.9602,25.2484,80.2930349042892,63,63,63,63,61,63,0,8279,1.45687144005964,25,-86,0.001869,51,2026-02-08 12:51:06.001362,336,1.037,0.0011,"aoml_navis",1027.85858304537
"7901009",101,0,1,0.016821,1,-0.005607,1,153.342605016669,1,4.8644341470213,338,1,17.7029991149902,36.3629989624023,0.0168210007250309,0.00256577227264643,147.867004394531,-85.9602,25.2484,80.2930349042892,63,63,63,63,61,63,0,8279,1.45687144005964,25,-86,0.001869,51,2026-02-08 12:51:06.001362,338,1.037,0.0011,"aoml_navis",1027.86878162627
"7901009",101,0,1,0.014952,1,-0.007476,1,152.968339769659,1,4.86438718055668,340,1,17.6860008239746,36.359001159668,0.0149520002305508,0.00128288613632321,147.506103515625,-85.9602,25.2484,80.2930349042892,63,63,63,63,61,63,0,8279,1.45687144005964,25,-86,0.001869,51,2026-02-08 12:51:06.001362,340,1.037,0.0011,"aoml_navis",1027.87870586975
"7901009",101,0,1,0.020559,1,-0.001869,1,152.63461517726,1,4.86433780261403,342,1,17.6700000762939,36.3559989929199,0.020558999851346,0.00513154454529285,147.184295654297,-85.9602,25.2484,80.2930349042892,63,63,63,63,61,63,0,8279,1.45687144005964,25,-86,0.001869,51,2026-02-08 12:51:06.001362,342,1.037,0.0011,"aoml_navis",1027.88913987698
"7901009",101,0,1,0.01869,1,-0.003738,1,152.190250359632,1,4.86428492897546,344,1,17.6480007171631,36.3520011901855,0.0186899993568659,0.003848658176139,146.755798339844,-85.9602,25.2484,80.2930349042892,63,63,63,63,61,63,0,8279,1.45687144005964,25,-86,0.001869,51,2026-02-08 12:51:06.001362,344,1.037,0.0011,"aoml_navis",1027.90031279132
"7901009",101,0,1,0.014952,1,-0.007476,1,151.949554068736,1,4.86421341550681,346,1,17.5979995727539,36.3440017700195,0.0149520002305508,0.00128288613632321,146.523696899414,-85.9602,25.2484,80.2930349042892,63,63,63,63,61,63,0,8279,1.45687144005964,25,-86,0.001869,51,2026-02-08 12:51:06.001362,346,1.037,0.0011,"aoml_navis",1027.9154249401
"7901009",101,0,1,0.013083,1,-0.009345,1,151.778862405474,1,4.86415817608527,348,1,17.5769996643066,36.3409996032715,0.0130829997360706,0,146.359100341797,-85.9602,25.2484,80.2930349042892,63,63,63,63,61,63,0,8279,1.45687144005964,25,-86,0.001869,51,2026-02-08 12:51:06.001362,348,1.037,0.0011,"aoml_navis",1027.92709837904
"7901009",101,0,1,0.016821,1,-0.005607,1,151.477908966742,1,4.86410537659734,350,1,17.5550003051758,36.3370018005371,0.0168210007250309,0.00256577227264643,146.068893432617,-85.9602,25.2484,80.2930349042892,63,63,63,63,61,63,0,8279,1.45687144005964,25,-86,0.001869,51,2026-02-08 12:51:06.001362,350,1.037,0.0011,"aoml_navis",1027.93825644824
"7901009",101,0,1,0.01869,1,-0.003738,1,151.215850504214,1,4.86404906595573,352,1,17.5300006866455,36.3330001831055,0.0186899993568659,0.003848658176139,145.816192626953,-85.9602,25.2484,80.2930349042892,63,63,63,63,61,63,0,8279,1.45687144005964,25,-86,0.001869,51,2026-02-08 12:51:06.001362,352,1.037,0.0011,"aoml_navis",1027.9501567934
"7901009",101,0,1,0.016821,1,-0.005607,1,151.035110708368,1,4.86398720499516,354,1,17.488000869751,36.3250007629395,0.0168210007250309,0.00256577227264643,145.641906738281,-85.9602,25.2484,80.2930349042892,63,63,63,63,61,63,0,8279,1.45687144005964,25,-86,0.001869,51,2026-02-08 12:51:06.001362,354,1.037,0.0011,"aoml_navis",1027.9632304265
"7901009",101,0,1,0.01869,1,-0.003738,1,150.827280514125,1,4.86392414552729,356,1,17.4479999542236,36.318000793457,0.0186899993568659,0.003848658176139,145.441497802734,-85.9602,25.2484,80.2930349042892,63,63,63,63,61,63,0,8279,1.45687144005964,25,-86,0.001869,51,2026-02-08 12:51:06.001362,356,1.037,0.0011,"aoml_navis",1027.9765576932
"7901009",101,0,1,0.014952,1,-0.007476,1,150.481640577104,1,4.8638713739789,358,1,17.4290008544922,36.314998626709,0.0149520002305508,0.00128288613632321,145.108200073242,-85.9602,25.2484,80.2930349042892,63,63,63,63,61,63,0,8279,1.45687144005964,25,-86,0.001869,51,2026-02-08 12:51:06.001362,358,1.037,0.0011,"aoml_navis",1027.98771093113
"7901009",101,0,1,0.014952,1,-0.007476,1,150.145020223661,1,4.8638130102514,360,1,17.3959999084473,36.3089981079102,0.0149520002305508,0.00128288613632321,144.783599853516,-85.9602,25.2484,80.2930349042892,63,63,63,63,61,63,0,8279,1.45687144005964,25,-86,0.001869,51,2026-02-08 12:51:06.001362,360,1.037,0.0011,"aoml_navis",1028.0000463549
"7901009",101,0,1,0.014952,1,-0.007476,1,149.694120163897,1,4.86374783954987,362,1,17.3509998321533,36.3009986877441,0.0149520002305508,0.00128288613632321,144.34880065918,-85.9602,25.2484,80.2930349042892,63,63,63,63,61,63,0,8279,1.45687144005964,25,-86,0.001869,51,2026-02-08 12:51:06.001362,362,1.037,0.0011,"aoml_navis",1028.01382081164
"7901009",101,0,1,0.016821,1,-0.005607,1,149.354904702196,1,4.86367220198973,364,1,17.2970008850098,36.2929992675781,0.0168210007250309,0.00256577227264643,144.021697998047,-85.9602,25.2484,80.2930349042892,63,63,63,63,61,63,0,8279,1.45687144005964,25,-86,0.001869,51,2026-02-08 12:51:06.001362,364,1.037,0.0011,"aoml_navis",1028.02980800279
"7901009",101,0,1,0.01869,1,-0.003738,1,148.968724110565,1,4.86361082237536,366,1,17.2520008087158,36.2840003967285,0.0186899993568659,0.003848658176139,143.649307250977,-85.9602,25.2484,80.2930349042892,63,63,63,63,61,63,0,8279,1.45687144005964,25,-86,0.001869,51,2026-02-08 12:51:06.001362,366,1.037,0.0011,"aoml_navis",1028.04278191774
"7901009",101,0,1,0.016821,1,-0.005607,1,148.829553518334,1,4.86352980223255,368,1,17.1870002746582,36.273998260498,0.0168210007250309,0.00256577227264643,143.515106201172,-85.9602,25.2484,80.2930349042892,63,63,63,63,61,63,0,8279,1.45687144005964,25,-86,0.001869,51,2026-02-08 12:51:06.001362,368,1.037,0.0011,"aoml_navis",1028.05990778648
"7901009",101,0,1,0.020559,1,-0.001869,1,148.370345947379,1,4.86348431275974,370,1,17.1709995269775,36.2700004577637,0.020558999851346,0.00513154454529285,143.072296142578,-85.9602,25.2484,80.2930349042892,63,63,63,63,61,63,0,8279,1.45687144005964,25,-86,0.001869,51,2026-02-08 12:51:06.001362,370,1.037,0.0011,"aoml_navis",1028.06952350645
"7901009",101,0,1,0.016821,1,-0.005607,1,147.824866850689,1,4.86343301747415,372,1,17.1499996185303,36.265998840332,0.0168210007250309,0.00256577227264643,142.546295166016,-85.9602,25.2484,80.2930349042892,63,63,63,63,61,63,0,8279,1.45687144005964,25,-86,0.001869,51,2026-02-08 12:51:06.001362,372,1.037,0.0011,"aoml_navis",1028.08036669471
"7901009",101,0,1,0.016821,1,-0.005607,1,147.423337143143,1,4.86336141606901,374,1,17.0960006713867,36.2569999694824,0.0168210007250309,0.00256577227264643,142.159103393555,-85.9602,25.2484,80.2930349042892,63,63,63,63,61,63,0,8279,1.45687144005964,25,-86,0.001869,51,2026-02-08 12:51:06.001362,374,1.037,0.0011,"aoml_navis",1028.09550272771
"7901009",101,0,1,0.014952,1,-0.007476,1,147.139188612763,1,4.86328965525687,376,1,17.0480003356934,36.25,0.0149520002305508,0.00128288613632321,141.885101318359,-85.9602,25.2484,80.2930349042892,63,63,63,63,61,63,0,8279,1.45687144005964,25,-86,0.001869,51,2026-02-08 12:51:06.001362,376,1.037,0.0011,"aoml_navis",1028.1106729054
"7901009",101,0,1,0.014952,1,-0.007476,1,146.911768515942,1,4.86323306585116,378,1,17.0130004882812,36.2430000305176,0.0149520002305508,0.00128288613632321,141.665802001953,-85.9602,25.2484,80.2930349042892,63,63,63,63,61,63,0,8279,1.45687144005964,25,-86,0.001869,51,2026-02-08 12:51:06.001362,378,1.037,0.0011,"aoml_navis",1028.12263617576
"7901009",101,0,1,0.016821,1,-0.005607,1,146.879725258492,1,4.86317709536615,380,1,16.9909992218018,36.2400016784668,0.0168210007250309,0.00256577227264643,141.634902954102,-85.9602,25.2484,80.2930349042892,63,63,63,63,61,63,0,8279,1.45687144005964,25,-86,0.001869,51,2026-02-08 12:51:06.001362,380,1.037,0.0011,"aoml_navis",1028.13446887719
"7901009",101,0,1,0.014952,1,-0.007476,1,146.594120935675,1,4.86310668465527,382,1,16.9440002441406,36.2330017089844,0.0149520002305508,0.00128288613632321,141.359497070312,-85.9602,25.2484,80.2930349042892,63,63,63,63,61,63,0,8279,1.45687144005964,25,-86,0.001869,51,2026-02-08 12:51:06.001362,382,1.037,0.0011,"aoml_navis",1028.14935476877
"7901009",101,0,1,0.016821,1,-0.005607,1,146.163443731723,1,4.86305586283979,384,1,16.9169998168945,36.2270011901855,0.0168210007250309,0.00256577227264643,140.944198608398,-85.9602,25.2484,80.2930349042892,63,63,63,63,61,63,0,8279,1.45687144005964,25,-86,0.001869,51,2026-02-08 12:51:06.001362,384,1.037,0.0011,"aoml_navis",1028.16009953878
"7901009",101,0,1,0.013083,1,-0.009345,1,145.677082467048,1,4.86298606889063,386,1,16.8610000610352,36.2169990539551,0.0130829997360706,0,140.475204467773,-85.9602,25.2484,80.2930349042892,63,63,63,63,61,63,0,8279,1.45687144005964,25,-86,0.001869,51,2026-02-08 12:51:06.001362,386,1.037,0.0011,"aoml_navis",1028.17485577141
"7901009",101,0,1,0.01869,1,-0.003738,1,145.132837629164,1,4.86290749989516,388,1,16.7910003662109,36.2050018310547,0.0186899993568659,0.003848658176139,139.950393676758,-85.9602,25.2484,80.2930349042892,63,63,63,63,61,63,0,8279,1.45687144005964,25,-86,0.001869,51,2026-02-08 12:51:06.001362,388,1.037,0.0011,"aoml_navis",1028.19146778091
"7901009",101,0,1,0.01869,1,-0.003738,1,144.566423604273,1,4.86284470763043,390,1,16.7439994812012,36.1959991455078,0.0186899993568659,0.003848658176139,139.404205322266,-85.9602,25.2484,80.2930349042892,63,63,63,63,61,63,0,8279,1.45687144005964,25,-86,0.001869,51,2026-02-08 12:51:06.001362,390,1.037,0.0011,"aoml_navis",1028.20474446868
"7901009",101,0,1,0.01869,1,-0.003738,1,144.223679428295,1,4.86274964482262,392,1,16.6529998779297,36.181999206543,0.0186899993568659,0.003848658176139,139.073699951172,-85.9602,25.2484,80.2930349042892,63,63,63,63,61,63,0,8279,1.45687144005964,25,-86,0.001869,51,2026-02-08 12:51:06.001362,392,1.037,0.0011,"aoml_navis",1028.2248450367
"7901009",101,0,1,0.020559,1,-0.001869,1,143.684830516727,1,4.86268404397036,394,1,16.5970001220703,36.1710014343262,0.020558999851346,0.00513154454529285,138.554092407227,-85.9602,25.2484,80.2930349042892,63,63,63,63,61,63,0,8279,1.45687144005964,25,-86,0.001869,51,2026-02-08 12:51:06.001362,394,1.037,0.0011,"aoml_navis",1028.23871647592
"7901009",101,0,1,0.014952,1,-0.007476,1,143.402343488585,1,4.86258973683177,396,1,16.5030002593994,36.1559982299805,0.0149520002305508,0.00128288613632321,138.281692504883,-85.9602,25.2484,80.2930349042892,63,63,63,63,61,63,0,8279,1.45687144005964,25,-86,0.001869,51,2026-02-08 12:51:06.001362,396,1.037,0.0011,"aoml_navis",1028.25865857599
"7901009",101,0,1,0.014952,1,-0.007476,1,143.017507922575,1,4.86251288460097,398,1,16.4400005340576,36.1459999084473,0.0149520002305508,0.00128288613632321,137.910598754883,-85.9602,25.2484,80.2930349042892,63,63,63,63,61,63,0,8279,1.45687144005964,25,-86,0.001869,51,2026-02-08 12:51:06.001362,398,1.037,0.0011,"aoml_navis",1028.27491024948
"7901009",101,0,1,0.01869,1,-0.003738,1,142.596372488619,1,4.86243301816116,400,1,16.371000289917,36.1349983215332,0.0186899993568659,0.003848658176139,137.504501342773,-85.9602,25.2484,80.2930349042892,63,63,63,63,61,63,0,8279,1.45687144005964,25,-86,0.001869,51,2026-02-08 12:51:06.001362,400,1.037,0.0011,"aoml_navis",1028.29179987159
"7901009",101,0,1,0.01869,1,-0.003738,1,142.119853646727,1,4.86235875949876,402,1,16.3099994659424,36.125,0.0186899993568659,0.003848658176139,137.044998168945,-85.9602,25.2484,80.2930349042892,63,63,63,63,61,63,0,8279,1.45687144005964,25,-86,0.001869,51,2026-02-08 12:51:06.001362,402,1.037,0.0011,"aoml_navis",1028.30750409611
"7901009",101,0,1,0.01869,1,-0.003738,1,141.53880257831,1,4.86229345525415,404,1,16.2600002288818,36.1160011291504,0.0186899993568659,0.003848658176139,136.48469543457,-85.9602,25.2484,80.2930349042892,63,63,63,63,61,63,0,8279,1.45687144005964,25,-86,0.001869,51,2026-02-08 12:51:06.001362,404,1.037,0.0011,"aoml_navis",1028.32131503643
"7901009",101,0,1,0.016821,1,-0.005607,1,141.365832283406,1,4.86220594982716,406,1,16.1870002746582,36.1059989929199,0.0168210007250309,0.00256577227264643,136.317901611328,-85.9602,25.2484,80.2930349042892,63,63,63,63,61,63,0,8279,1.45687144005964,25,-86,0.001869,51,2026-02-08 12:51:06.001362,406,1.037,0.0011,"aoml_navis",1028.33982179997
"7901009",101,0,1,0.020559,1,-0.001869,1,141.136750684347,1,4.86215477714476,408,1,16.1590003967285,36.0999984741211,0.020558999851346,0.00513154454529285,136.09700012207,-85.9602,25.2484,80.2930349042892,63,63,63,63,61,63,0,8279,1.45687144005964,25,-86,0.001869,51,2026-02-08 12:51:06.001362,408,1.037,0.0011,"aoml_navis",1028.35064476006
"7901009",101,0,1,0.016821,1,-0.005607,1,140.683777702743,1,4.86211162828244,410,1,16.1509990692139,36.0979995727539,0.0168210007250309,0.00256577227264643,135.660202026367,-85.9602,25.2484,80.2930349042892,63,63,63,63,61,63,0,8279,1.45687144005964,25,-86,0.001869,51,2026-02-08 12:51:06.001362,410,1.037,0.0011,"aoml_navis",1028.35977086899
"7901009",101,0,1,0.016821,1,-0.005607,1,140.323927965627,1,4.86203738854389,412,1,16.0960006713867,36.0900001525879,0.0168210007250309,0.00256577227264643,135.313201904297,-85.9602,25.2484,80.2930349042892,63,63,63,63,61,63,0,8279,1.45687144005964,25,-86,0.001869,51,2026-02-08 12:51:06.001362,412,1.037,0.0011,"aoml_navis",1028.37547316711
"7901009",101,0,1,0.01869,1,-0.003738,1,140.012720684512,1,4.8619818187145,414,1,16.0639991760254,36.0839996337891,0.0186899993568659,0.003848658176139,135.013107299805,-85.9602,25.2484,80.2930349042892,63,63,63,63,61,63,0,8279,1.45687144005964,25,-86,0.001869,51,2026-02-08 12:51:06.001362,414,1.037,0.0011,"aoml_navis",1028.38722694401
"7901009",101,0,1,0.013083,1,-0.009345,1,139.749000719746,1,4.86191310223926,416,1,16.0170001983643,36.0769996643066,0.0130829997360706,0,134.758804321289,-85.9602,25.2484,80.2930349042892,63,63,63,63,61,63,0,8279,1.45687144005964,25,-86,0.001869,51,2026-02-08 12:51:06.001362,416,1.037,0.0011,"aoml_navis",1028.40176178738
"7901009",101,0,1,0.020559,1,-0.001869,1,139.396509063971,1,4.86186379955429,418,1,15.9969997406006,36.0730018615723,0.020558999851346,0.00513154454529285,134.418899536133,-85.9602,25.2484,80.2930349042892,63,63,63,63,61,63,0,8279,1.45687144005964,25,-86,0.001869,51,2026-02-08 12:51:06.001362,418,1.037,0.0011,"aoml_navis",1028.41219049747
"7901009",101,0,1,0.014952,1,-0.007476,1,139.111426927571,1,4.86178039137605,420,1,15.9270000457764,36.0629997253418,0.0149520002305508,0.00128288613632321,134.143997192383,-85.9602,25.2484,80.2930349042892,63,63,63,63,61,63,0,8279,1.45687144005964,25,-86,0.001869,51,2026-02-08 12:51:06.001362,420,1.037,0.0011,"aoml_navis",1028.42983382572
"7901009",101,0,1,0.01869,1,-0.003738,1,139.04578967725,1,4.86169303602142,422,1,15.8369998931885,36.0480003356934,0.0186899993568659,0.003848658176139,134.080703735352,-85.9602,25.2484,80.2930349042892,63,63,63,63,61,63,0,8279,1.45687144005964,25,-86,0.001869,51,2026-02-08 12:51:06.001362,422,1.037,0.0011,"aoml_navis",1028.44831274904
"7901009",101,0,1,0.014952,1,-0.007476,1,138.870730636675,1,4.86162865506319,424,1,15.7869997024536,36.0390014648438,0.0149520002305508,0.00128288613632321,133.911895751953,-85.9602,25.2484,80.2930349042892,63,63,63,63,61,63,0,8279,1.45687144005964,25,-86,0.001869,51,2026-02-08 12:51:06.001362,424,1.037,0.0011,"aoml_navis",1028.46193215368
"7901009",101,0,1,0.014952,1,-0.007476,1,138.665084131089,1,4.86156710478412,426,1,15.746000289917,36.0320014953613,0.0149520002305508,0.00128288613632321,133.713592529297,-85.9602,25.2484,80.2930349042892,63,63,63,63,61,63,0,8279,1.45687144005964,25,-86,0.001869,51,2026-02-08 12:51:06.001362,426,1.037,0.0011,"aoml_navis",1028.47495308244
"7901009",101,0,1,0.016821,1,-0.005607,1,138.268111686825,1,4.86151690644461,428,1,15.7250003814697,36.0279998779297,0.0168210007250309,0.00256577227264643,133.330795288086,-85.9602,25.2484,80.2930349042892,63,63,63,63,61,63,0,8279,1.45687144005964,25,-86,0.001869,51,2026-02-08 12:51:06.001362,428,1.037,0.0011,"aoml_navis",1028.48557275854
"7901009",101,0,1,0.016821,1,-0.005607,1,137.815455181838,1,4.86145022185754,430,1,15.6759996414185,36.0200004577637,0.0168210007250309,0.00256577227264643,132.894302368164,-85.9602,25.2484,80.2930349042892,63,63,63,63,61,63,0,8279,1.45687144005964,25,-86,0.001869,51,2026-02-08 12:51:06.001362,430,1.037,0.0011,"aoml_navis",1028.49968051087
"7901009",101,0,1,0.013083,1,-0.009345,1,137.152056897734,1,4.86139357777849,432,1,15.6359996795654,36.0120010375977,0.0130829997360706,0,132.254592895508,-85.9602,25.2484,80.2930349042892,63,63,63,63,61,63,0,8279,1.45687144005964,25,-86,0.001869,51,2026-02-08 12:51:06.001362,432,1.037,0.0011,"aoml_navis",1028.5116644032
"7901009",101,0,1,0.020559,1,-0.001869,1,136.701884734188,1,4.86129923929351,434,1,15.5419998168945,35.9980010986328,0.020558999851346,0.00513154454529285,131.820495605469,-85.9602,25.2484,80.2930349042892,63,63,63,63,61,63,0,8279,1.45687144005964,25,-86,0.001869,51,2026-02-08 12:51:06.001362,434,1.037,0.0011,"aoml_navis",1028.53162372425
"7901009",101,0,1,0.016821,1,-0.005607,1,136.306573792162,1,4.8612295197504,436,1,15.4799995422363,35.9869995117188,0.0168210007250309,0.00256577227264643,131.439300537109,-85.9602,25.2484,80.2930349042892,63,63,63,63,61,63,0,8279,1.45687144005964,25,-86,0.001869,51,2026-02-08 12:51:06.001362,436,1.037,0.0011,"aoml_navis",1028.54637488022
"7901009",101,0,1,0.013083,1,-0.009345,1,135.976172204239,1,4.86115892556108,438,1,15.4270000457764,35.9790000915527,0.0130829997360706,0,131.120697021484,-85.9602,25.2484,80.2930349042892,63,63,63,63,61,63,0,8279,1.45687144005964,25,-86,0.001869,51,2026-02-08 12:51:06.001362,438,1.037,0.0011,"aoml_navis",1028.56131152365
"7901009",101,0,1,0.022428,1,0,1,135.634060981495,1,4.86109350941281,440,1,15.3719997406006,35.9690017700195,0.0224280003458261,0.00641443068161607,130.790802001953,-85.9602,25.2484,80.2930349042892,63,63,63,63,61,63,0,8279,1.45687144005964,25,-86,0.001869,51,2026-02-08 12:51:06.001362,440,1.037,0.0011,"aoml_navis",1028.57515296059
"7901009",101,0,1,0.020559,1,-0.001869,1,135.343060732361,1,4.86103043827636,442,1,15.3290004730225,35.9620018005371,0.020558999851346,0.00513154454529285,130.510192871094,-85.9602,25.2484,80.2930349042892,63,63,63,63,61,63,0,8279,1.45687144005964,25,-86,0.001869,51,2026-02-08 12:51:06.001362,442,1.037,0.0011,"aoml_navis",1028.58849856799
"7901009",101,0,1,0.022428,1,0,1,135.167289619399,1,4.86095870763815,444,1,15.2679996490479,35.9519996643066,0.0224280003458261,0.00641443068161607,130.340698242188,-85.9602,25.2484,80.2930349042892,63,63,63,63,61,63,0,8279,1.45687144005964,25,-86,0.001869,51,2026-02-08 12:51:06.001362,444,1.037,0.0011,"aoml_navis",1028.60367691323
"7901009",101,0,1,0.016821,1,-0.005607,1,134.978653731964,1,4.86088964593008,446,1,15.2159996032715,35.9440002441406,0.0168210007250309,0.00256577227264643,130.158798217773,-85.9602,25.2484,80.2930349042892,63,63,63,63,61,63,0,8279,1.45687144005964,25,-86,0.001869,51,2026-02-08 12:51:06.001362,446,1.037,0.0011,"aoml_navis",1028.61829093084
"7901009",101,0,1,0.01869,1,-0.003738,1,134.795619480647,1,4.86084240154973,448,1,15.1940002441406,35.9389991760254,0.0186899993568659,0.003848658176139,129.982299804688,-85.9602,25.2484,80.2930349042892,63,63,63,63,61,63,0,8279,1.45687144005964,25,-86,0.001869,51,2026-02-08 12:51:06.001362,448,1.037,0.0011,"aoml_navis",1028.62828846414
"7901009",101,0,1,0.016821,1,-0.005607,1,134.419487021598,1,4.86080165985664,450,1,15.1879997253418,35.9370002746582,0.0168210007250309,0.00256577227264643,129.619598388672,-85.9602,25.2484,80.2930349042892,63,63,63,63,61,63,0,8279,1.45687144005964,25,-86,0.001869,51,2026-02-08 12:51:06.001362,450,1.037,0.0011,"aoml_navis",1028.6369100992
"7901009",101,0,1,0.022428,1,0,1,133.989743423666,1,4.86074320529082,452,1,15.1590003967285,35.9329986572266,0.0224280003458261,0.00641443068161607,129.205200195312,-85.9602,25.2484,80.2930349042892,63,63,63,63,61,63,0,8279,1.45687144005964,25,-86,0.001869,51,2026-02-08 12:51:06.001362,452,1.037,0.0011,"aoml_navis",1028.64928033178
"7901009",101,0,1,0.022428,1,0,1,133.779634597783,1,4.8606625718981,454,1,15.076000213623,35.9189987182617,0.0224280003458261,0.00641443068161607,129.002593994141,-85.9602,25.2484,80.2930349042892,63,63,63,63,61,63,0,8279,1.45687144005964,25,-86,0.001869,51,2026-02-08 12:51:06.001362,454,1.037,0.0011,"aoml_navis",1028.66634456534
"7901009",101,0,1,0.024297,1,0.001869,1,133.458363360254,1,4.86059212831663,456,1,15.0190000534058,35.9099998474121,0.0242970008403063,0.00769731635227799,128.692794799805,-85.9602,25.2484,80.2930349042892,63,63,63,63,61,63,0,8279,1.45687144005964,25,-86,0.001869,51,2026-02-08 12:51:06.001362,456,1.037,0.0011,"aoml_navis",1028.68125281922
"7901009",101,0,1,0.022428,1,0,1,133.211559070654,1,4.86050754196184,458,1,14.9420003890991,35.898998260498,0.0224280003458261,0.00641443068161607,128.454803466797,-85.9602,25.2484,80.2930349042892,63,63,63,63,61,63,0,8279,1.45687144005964,25,-86,0.001869,51,2026-02-08 12:51:06.001362,458,1.037,0.0011,"aoml_navis",1028.69915473516
"7901009",101,0,1,0.022428,1,0,1,132.880113109896,1,4.86046455431314,460,1,14.9169998168945,35.8919982910156,0.0224280003458261,0.00641443068161607,128.135192871094,-85.9602,25.2484,80.2930349042892,63,63,63,63,61,63,0,8279,1.45687144005964,25,-86,0.001869,51,2026-02-08 12:51:06.001362,460,1.037,0.0011,"aoml_navis",1028.70825291032
"7901009",101,0,1,0.016821,1,-0.005607,1,132.460330613477,1,4.86040439633092,462,1,14.8760004043579,35.8849983215332,0.0168210007250309,0.00256577227264643,127.730400085449,-85.9602,25.2484,80.2930349042892,63,63,63,63,61,63,0,8279,1.45687144005964,25,-86,0.001869,51,2026-02-08 12:51:06.001362,462,1.037,0.0011,"aoml_navis",1028.72098539259
"7901009",101,0,1,0.014952,1,-0.007476,1,132.13418563605,1,4.86032815441794,464,1,14.8030004501343,35.8730010986328,0.0149520002305508,0.00128288613632321,127.415901184082,-85.9602,25.2484,80.2930349042892,63,63,63,63,61,63,0,8279,1.45687144005964,25,-86,0.001869,51,2026-02-08 12:51:06.001362,464,1.037,0.0011,"aoml_navis",1028.73712250378
"7901009",101,0,1,0.01869,1,-0.003738,1,131.849522831167,1,4.86024146440314,466,1,14.7200002670288,35.8610000610352,0.0186899993568659,0.003848658176139,127.141403198242,-85.9602,25.2484,80.2930349042892,63,63,63,63,61,63,0,8279,1.45687144005964,25,-86,0.001869,51,2026-02-08 12:51:06.001362,466,1.037,0.0011,"aoml_navis",1028.75547164075
"7901009",101,0,1,0.01869,1,-0.003738,1,131.50263281151,1,4.86018355937008,468,1,14.673999786377,35.8520011901855,0.0186899993568659,0.003848658176139,126.806900024414,-85.9602,25.2484,80.2930349042892,63,63,63,63,61,63,0,8279,1.45687144005964,25,-86,0.001869,51,2026-02-08 12:51:06.001362,468,1.037,0.0011,"aoml_navis",1028.76772840408
"7901009",101,0,1,0.01869,1,-0.003738,1,131.253953397956,1,4.86010262114771,470,1,14.5959997177124,35.8400001525879,0.0186899993568659,0.003848658176139,126.567100524902,-85.9602,25.2484,80.2930349042892,63,63,63,63,61,63,0,8279,1.45687144005964,25,-86,0.001869,51,2026-02-08 12:51:06.001362,470,1.037,0.0011,"aoml_navis",1028.78486109399
"7901009",101,0,1,0.022428,1,0,1,131.048409747269,1,4.86004388521584,472,1,14.548999786377,35.8310012817383,0.0224280003458261,0.00641443068161607,126.368896484375,-85.9602,25.2484,80.2930349042892,63,63,63,63,61,63,0,8279,1.45687144005964,25,-86,0.001869,51,2026-02-08 12:51:06.001362,472,1.037,0.0011,"aoml_navis",1028.79729444623
"7901009",101,0,1,0.020559,1,-0.001869,1,130.849409250635,1,4.85998553441031,474,1,14.5159997940063,35.826000213623,0.020558999851346,0.00513154454529285,126.177001953125,-85.9602,25.2484,80.2930349042892,63,63,63,63,61,63,0,8279,1.45687144005964,25,-86,0.001869,51,2026-02-08 12:51:06.001362,474,1.037,0.0011,"aoml_navis",1028.80964657165
"7901009",101,0,1,0.020559,1,-0.001869,1,130.735746673717,1,4.85991637333523,476,1,14.4589996337891,35.8170013427734,0.020558999851346,0.00513154454529285,126.067398071289,-85.9602,25.2484,80.2930349042892,63,63,63,63,61,63,0,8279,1.45687144005964,25,-86,0.001869,51,2026-02-08 12:51:06.001362,476,1.037,0.0011,"aoml_navis",1028.82428747815
"7901009",101,0,1,0.020559,1,-0.001869,1,130.501902101575,1,4.85986928930229,478,1,14.4399995803833,35.8129997253418,0.020558999851346,0.00513154454529285,125.841903686523,-85.9602,25.2484,80.2930349042892,63,63,63,63,61,63,0,8279,1.45687144005964,25,-86,0.001869,51,2026-02-08 12:51:06.001362,478,1.037,0.0011,"aoml_navis",1028.83425507064
"7901009",101,0,1,0.024297,1,0.001869,1,130.379837070481,1,4.85980732467474,480,1,14.3999996185303,35.806999206543,0.0242970008403063,0.00769731635227799,125.724197387695,-85.9602,25.2484,80.2930349042892,63,63,63,63,61,63,0,8279,1.45687144005964,25,-86,0.001869,51,2026-02-08 12:51:06.001362,480,1.037,0.0011,"aoml_navis",1028.84737314861
"7901009",101,0,1,0.020559,1,-0.001869,1,130.185393837128,1,4.85975021597346,482,1,14.3680000305176,35.8019981384277,0.020558999851346,0.00513154454529285,125.536697387695,-85.9602,25.2484,80.2930349042892,63,63,63,63,61,63,0,8279,1.45687144005964,25,-86,0.001869,51,2026-02-08 12:51:06.001362,482,1.037,0.0011,"aoml_navis",1028.85946351019
"7901009",101,0,1,0.020559,1,-0.001869,1,130.073289907548,1,4.8596941839042,484,1,14.3369998931885,35.7970008850098,0.020558999851346,0.00513154454529285,125.428596496582,-85.9602,25.2484,80.2930349042892,63,63,63,63,61,63,0,8279,1.45687144005964,25,-86,0.001869,51,2026-02-08 12:51:06.001362,484,1.037,0.0011,"aoml_navis",1028.87132621647
"7901009",101,0,1,0.022428,1,0,1,129.878023834991,1,4.85964402966929,486,1,14.3149995803833,35.7929992675781,0.0224280003458261,0.00641443068161607,125.240303039551,-85.9602,25.2484,80.2930349042892,63,63,63,63,61,63,0,8279,1.45687144005964,25,-86,0.001869,51,2026-02-08 12:51:06.001362,486,1.037,0.0011,"aoml_navis",1028.881944742
"7901009",101,0,1,0.022428,1,0,1,129.622184137983,1,4.8596018057998,488,1,14.3039999008179,35.7900009155273,0.0224280003458261,0.00641443068161607,124.993598937988,-85.9602,25.2484,80.2930349042892,63,63,63,63,61,63,0,8279,1.45687144005964,25,-86,0.001869,51,2026-02-08 12:51:06.001362,488,1.037,0.0011,"aoml_navis",1028.89088444091
"7901009",101,0,1,0.022428,1,0,1,129.28773956128,1,4.85955054455259,490,1,14.2740001678467,35.7840003967285,0.0224280003458261,0.00641443068161607,124.671096801758,-85.9602,25.2484,80.2930349042892,63,63,63,63,61,63,0,8279,1.45687144005964,25,-86,0.001869,51,2026-02-08 12:51:06.001362,490,1.037,0.0011,"aoml_navis",1028.90173775533
"7901009",101,0,1,0.020559,1,-0.001869,1,128.972900710987,1,4.85948082115546,492,1,14.2089996337891,35.7729988098145,0.020558999851346,0.00513154454529285,124.367500305176,-85.9602,25.2484,80.2930349042892,63,63,63,63,61,63,0,8279,1.45687144005964,25,-86,0.001869,51,2026-02-08 12:51:06.001362,492,1.037,0.0011,"aoml_navis",1028.91650034563
"7901009",101,0,1,0.022428,1,0,1,128.732623751609,1,4.85941230328027,494,1,14.1450004577637,35.7620010375977,0.0224280003458261,0.00641443068161607,124.135803222656,-85.9602,25.2484,80.2930349042892,63,63,63,63,61,63,0,8279,1.45687144005964,25,-86,0.001869,51,2026-02-08 12:51:06.001362,494,1.037,0.0011,"aoml_navis",1028.93100810253
"7901009",101,0,1,0.016821,1,-0.005607,1,128.30577591472,1,4.85936280972236,496,1,14.1199998855591,35.7569999694824,0.0168210007250309,0.00256577227264643,123.724197387695,-85.9602,25.2484,80.2930349042892,63,63,63,63,61,63,0,8279,1.45687144005964,25,-86,0.001869,51,2026-02-08 12:51:06.001362,496,1.037,0.0011,"aoml_navis",1028.94148796551
"7901009",101,0,1,0.016821,1,-0.005607,1,128.186725323401,1,4.85925812680306,498,1,14.0139999389648,35.7439994812012,0.0168210007250309,0.00256577227264643,123.609397888184,-85.9602,25.2484,80.2930349042892,63,63,63,63,61,63,0,8279,1.45687144005964,25,-86,0.001869,51,2026-02-08 12:51:06.001362,498,1.037,0.0011,"aoml_navis",1028.96365443536
"7901009",101,0,1,0.020559,1,-0.001869,1,127.921866042814,1,4.85920150175085,500,1,13.9750003814697,35.7369995117188,0.020558999851346,0.00513154454529285,123.353996276855,-85.9602,25.2484,80.2930349042892,63,63,63,63,61,63,0,8279,1.45687144005964,25,-86,0.001869,51,2026-02-08 12:51:06.001362,500,1.037,0.0011,"aoml_navis",1028.97564511338
"7901009",101,0,1,0.01869,1,-0.003738,1,127.471591024368,1,4.85914855203742,502,1,13.9429998397827,35.7309989929199,0.0186899993568659,0.003848658176139,122.919799804688,-85.9602,25.2484,80.2930349042892,63,63,63,63,61,63,0,8279,1.45687144005964,25,-86,0.001869,51,2026-02-08 12:51:06.001362,502,1.037,0.0011,"aoml_navis",1028.98685777028
"7901009",101,0,1,0.014952,1,-0.007476,1,127.179150806628,1,4.85905864708361,504,1,13.8400001525879,35.7150001525879,0.0149520002305508,0.00128288613632321,122.637802124023,-85.9602,25.2484,80.2930349042892,63,63,63,63,61,63,0,8279,1.45687144005964,25,-86,0.001869,51,2026-02-08 12:51:06.001362,504,1.037,0.0011,"aoml_navis",1029.00589664646
"7901009",101,0,1,0.01869,1,-0.003738,1,126.983773967256,1,4.85898137231884,506,1,13.7629995346069,35.7029991149902,0.0186899993568659,0.003848658176139,122.449401855469,-85.9602,25.2484,80.2930349042892,63,63,63,63,61,63,0,8279,1.45687144005964,25,-86,0.001869,51,2026-02-08 12:51:06.001362,506,1.037,0.0011,"aoml_navis",1029.0222614321
"7901009",101,0,1,0.022428,1,0,1,126.48568724393,1,4.85892466906554,508,1,13.7200002670288,35.6949996948242,0.0224280003458261,0.00641443068161607,121.969100952148,-85.9602,25.2484,80.2930349042892,63,63,63,63,61,63,0,8279,1.45687144005964,25,-86,0.001869,51,2026-02-08 12:51:06.001362,508,1.037,0.0011,"aoml_navis",1029.03427003769
"7901009",101,0,1,0.024297,1,0.001869,1,126.150514771009,1,4.85885039099091,510,1,13.6420001983643,35.681999206543,0.0242970008403063,0.00769731635227799,121.645896911621,-85.9602,25.2484,80.2930349042892,63,63,63,63,61,63,0,8279,1.45687144005964,25,-86,0.001869,51,2026-02-08 12:51:06.001362,510,1.037,0.0011,"aoml_navis",1029.05000106009
"7901009",101,0,1,0.020559,1,-0.001869,1,125.809542864085,1,4.85878119432629,512,1,13.5830001831055,35.6730003356934,0.020558999851346,0.00513154454529285,121.317100524902,-85.9602,25.2484,80.2930349042892,63,63,63,63,61,63,0,8279,1.45687144005964,25,-86,0.001869,51,2026-02-08 12:51:06.001362,512,1.037,0.0011,"aoml_navis",1029.06465634604
"7901009",101,0,1,0.020559,1,-0.001869,1,125.414951906362,1,4.85870634464316,514,1,13.503999710083,35.6599998474121,0.020558999851346,0.00513154454529285,120.936599731445,-85.9602,25.2484,80.2930349042892,63,63,63,63,61,63,0,8279,1.45687144005964,25,-86,0.001869,51,2026-02-08 12:51:06.001362,514,1.037,0.0011,"aoml_navis",1029.08050936493
"7901009",101,0,1,0.020559,1,-0.001869,1,125.096062155374,1,4.85863807776016,516,1,13.4420003890991,35.6500015258789,0.020558999851346,0.00513154454529285,120.629096984863,-85.9602,25.2484,80.2930349042892,63,63,63,63,61,63,0,8279,1.45687144005964,25,-86,0.001869,51,2026-02-08 12:51:06.001362,516,1.037,0.0011,"aoml_navis",1029.09496858531
"7901009",101,0,1,0.020559,1,-0.001869,1,124.976497289553,1,4.85854773258047,518,1,13.3400001525879,35.6349983215332,0.020558999851346,0.00513154454529285,120.513801574707,-85.9602,25.2484,80.2930349042892,63,63,63,63,61,63,0,8279,1.45687144005964,25,-86,0.001869,51,2026-02-08 12:51:06.001362,518,1.037,0.0011,"aoml_navis",1029.1141047089
"7901009",101,0,1,0.022428,1,0,1,124.764837728248,1,4.85849799397533,520,1,13.3140001296997,35.6300010681152,0.0224280003458261,0.00641443068161607,120.309700012207,-85.9602,25.2484,80.2930349042892,63,63,63,63,61,63,0,8279,1.45687144005964,25,-86,0.001869,51,2026-02-08 12:51:06.001362,520,1.037,0.0011,"aoml_navis",1029.12464020776
"7901009",101,0,1,0.024297,1,0.001869,1,124.379266354103,1,4.85845373372906,522,1,13.2969999313354,35.6259994506836,0.0242970008403063,0.00769731635227799,119.937896728516,-85.9602,25.2484,80.2930349042892,63,63,63,63,61,63,0,8279,1.45687144005964,25,-86,0.001869,51,2026-02-08 12:51:06.001362,522,1.037,0.0011,"aoml_navis",1029.13401547663
"7901009",101,0,1,0.022428,1,0,1,124.112547773393,1,4.85837755886956,524,1,13.2229995727539,35.6150016784668,0.0224280003458261,0.00641443068161607,119.680702209473,-85.9602,25.2484,80.2930349042892,63,63,63,63,61,63,0,8279,1.45687144005964,25,-86,0.001869,51,2026-02-08 12:51:06.001362,524,1.037,0.0011,"aoml_navis",1029.15015134464
"7901009",101,0,1,0.020559,1,-0.001869,1,124.057789406773,1,4.85829561297257,526,1,13.1429996490479,35.6040000915527,0.020558999851346,0.00513154454529285,119.627899169922,-85.9602,25.2484,80.2930349042892,63,63,63,63,61,63,0,8279,1.45687144005964,25,-86,0.001869,51,2026-02-08 12:51:06.001362,526,1.037,0.0011,"aoml_navis",1029.16751023734
"7901009",101,0,1,0.024297,1,0.001869,1,123.930233506378,1,4.85824308326612,528,1,13.1140003204346,35.5989990234375,0.0242970008403063,0.00769731635227799,119.504898071289,-85.9602,25.2484,80.2930349042892,63,63,63,63,61,63,0,8279,1.45687144005964,25,-86,0.001869,51,2026-02-08 12:51:06.001362,528,1.037,0.0011,"aoml_navis",1029.17863810112
"7901009",101,0,1,0.022428,1,0,1,123.639660500677,1,4.85819893395576,530,1,13.0970001220703,35.5950012207031,0.0224280003458261,0.00641443068161607,119.224700927734,-85.9602,25.2484,80.2930349042892,63,63,63,63,61,63,0,8279,1.45687144005964,25,-86,0.001869,51,2026-02-08 12:51:06.001362,530,1.037,0.0011,"aoml_navis",1029.18799085256
"7901009",101,0,1,0.020559,1,-0.001869,1,123.1736170348,1,4.85815216905815,532,1,13.081000328064,35.5919990539551,0.020558999851346,0.00513154454529285,118.775299072266,-85.9602,25.2484,80.2930349042892,63,63,63,63,61,63,0,8279,1.45687144005964,25,-86,0.001869,51,2026-02-08 12:51:06.001362,532,1.037,0.0011,"aoml_navis",1029.19789788498
"7901009",101,0,1,0.01869,1,-0.003738,1,122.74542417229,1,4.85807198322688,534,1,12.9949998855591,35.5789985656738,0.0186899993568659,0.003848658176139,118.362396240234,-85.9602,25.2484,80.2930349042892,63,63,63,63,61,63,0,8279,1.45687144005964,25,-86,0.001869,51,2026-02-08 12:51:06.001362,534,1.037,0.0011,"aoml_navis",1029.21488550667
"7901009",101,0,1,0.022428,1,0,1,122.248690386501,1,4.85798748827985,536,1,12.8970003128052,35.5639991760254,0.0224280003458261,0.00641443068161607,117.883399963379,-85.9602,25.2484,80.2930349042892,63,63,63,63,61,63,0,8279,1.45687144005964,25,-86,0.001869,51,2026-02-08 12:51:06.001362,536,1.037,0.0011,"aoml_navis",1029.23278663495
"7901009",101,0,1,0.022428,1,0,1,121.781610459703,1,4.85790081431792,538,1,12.7889995574951,35.5470008850098,0.0224280003458261,0.00641443068161607,117.432998657227,-85.9602,25.2484,80.2930349042892,63,63,63,63,61,63,0,8279,1.45687144005964,25,-86,0.001869,51,2026-02-08 12:51:06.001362,538,1.037,0.0011,"aoml_navis",1029.25115005709
"7901009",101,0,1,0.020559,1,-0.001869,1,121.18355668505,1,4.85783026643206,540,1,12.7080001831055,35.5330009460449,0.020558999851346,0.00513154454529285,116.856300354004,-85.9602,25.2484,80.2930349042892,63,63,63,63,61,63,0,8279,1.45687144005964,25,-86,0.001869,51,2026-02-08 12:51:06.001362,540,1.037,0.0011,"aoml_navis",1029.26609736662
"7901009",101,0,1,0.022428,1,0,1,120.698643300897,1,4.8577430660544,542,1,12.6059999465942,35.5180015563965,0.0224280003458261,0.00641443068161607,116.388702392578,-85.9602,25.2484,80.2930349042892,63,63,63,63,61,63,0,8279,1.45687144005964,25,-86,0.001869,51,2026-02-08 12:51:06.001362,542,1.037,0.0011,"aoml_navis",1029.28457351721
"7901009",101,0,1,0.024297,1,0.001869,1,120.619721944586,1,4.85764900045056,544,1,12.4890003204346,35.5009994506836,0.0242970008403063,0.00769731635227799,116.312599182129,-85.9602,25.2484,80.2930349042892,63,63,63,63,61,63,0,8279,1.45687144005964,25,-86,0.001869,51,2026-02-08 12:51:06.001362,544,1.037,0.0011,"aoml_navis",1029.30450502625
"7901009",101,0,1,0.024297,1,0.001869,1,120.189456160237,1,4.85759503030149,546,1,12.4540004730225,35.4949989318848,0.0242970008403063,0.00769731635227799,115.89769744873,-85.9602,25.2484,80.2930349042892,63,63,63,63,61,63,0,8279,1.45687144005964,25,-86,0.001869,51,2026-02-08 12:51:06.001362,546,1.037,0.0011,"aoml_navis",1029.31594107994
"7901009",101,0,1,0.022428,1,0,1,119.57408320273,1,4.85752148326622,548,1,12.3800001144409,35.484001159668,0.0224280003458261,0.00641443068161607,115.304298400879,-85.9602,25.2484,80.2930349042892,63,63,63,63,61,63,0,8279,1.45687144005964,25,-86,0.001869,51,2026-02-08 12:51:06.001362,548,1.037,0.0011,"aoml_navis",1029.3315258048
"7901009",101,0,1,0.022428,1,0,1,118.562877116779,1,4.85745560264471,550,1,12.3249998092651,35.476001739502,0.0224280003458261,0.00641443068161607,114.329200744629,-85.9602,25.2484,80.2930349042892,63,63,63,63,61,63,0,8279,1.45687144005964,25,-86,0.001869,51,2026-02-08 12:51:06.001362,550,1.037,0.0011,"aoml_navis",1029.34548640603
"7901009",101,0,1,0.022428,1,0,1,117.739476167144,1,4.85739821823175,552,1,12.289999961853,35.4710006713867,0.0224280003458261,0.00641443068161607,113.535202026367,-85.9602,25.2484,80.2930349042892,63,63,63,63,61,63,0,8279,1.45687144005964,25,-86,0.001869,51,2026-02-08 12:51:06.001362,552,1.037,0.0011,"aoml_navis",1029.35764690509
"7901009",101,0,1,0.022428,1,0,1,117.272807659949,1,4.85733157702405,554,1,12.2340002059937,35.4630012512207,0.0224280003458261,0.00641443068161607,113.08519744873,-85.9602,25.2484,80.2930349042892,63,63,63,63,61,63,0,8279,1.45687144005964,25,-86,0.001869,51,2026-02-08 12:51:06.001362,554,1.037,0.0011,"aoml_navis",1029.37176939923
"7901009",101,0,1,0.024297,1,0.001869,1,116.6011256004,1,4.85728627568382,556,1,12.2189998626709,35.4599990844727,0.0242970008403063,0.00769731635227799,112.4375,-85.9602,25.2484,80.2930349042892,63,63,63,63,61,63,0,8279,1.45687144005964,25,-86,0.001869,51,2026-02-08 12:51:06.001362,556,1.037,0.0011,"aoml_navis",1029.38136980532
"7901009",101,0,1,0.028035,1,0.005607,1,115.469721695395,1,4.85723383068981,558,1,12.1890001296997,35.4550018310547,0.0280349999666214,0.0102630890905857,111.346496582031,-85.9602,25.2484,80.2930349042892,63,63,63,63,61,63,0,8279,1.45687144005964,25,-86,0.001869,51,2026-02-08 12:51:06.001362,558,1.037,0.0011,"aoml_navis",1029.39248434122
"7901009",101,0,1,0.028035,1,0.005607,1,114.710723737276,1,4.85717067856576,560,1,12.1440000534058,35.4490013122559,0.0280349999666214,0.0102630890905857,110.614601135254,-85.9602,25.2484,80.2930349042892,63,63,63,63,61,63,0,8279,1.45687144005964,25,-86,0.001869,51,2026-02-08 12:51:06.001362,560,1.037,0.0011,"aoml_navis",1029.40586833082
"7901009",101,0,1,0.022428,1,0,1,114.745148481266,1,4.85708184105813,562,1,12.0530004501343,35.4379997253418,0.0224280003458261,0.00641443068161607,110.647796630859,-85.9602,25.2484,80.2930349042892,63,63,63,63,61,63,0,8279,1.45687144005964,25,-86,0.001869,51,2026-02-08 12:51:06.001362,562,1.037,0.0011,"aoml_navis",1029.42469647799
"7901009",101,0,1,0.026166,1,0.003738,1,114.647982247998,1,4.85700764139327,564,1,11.9770002365112,35.4269981384277,0.0261659994721413,0.00898020248860121,110.554100036621,-85.9602,25.2484,80.2930349042892,63,63,63,63,61,63,0,8279,1.45687144005964,25,-86,0.001869,51,2026-02-08 12:51:06.001362,564,1.037,0.0011,"aoml_navis",1029.44042282085
"7901009",101,0,1,0.022428,1,0,1,114.407491666903,1,4.85693382423785,566,1,11.9049997329712,35.4169998168945,0.0224280003458261,0.00641443068161607,110.322196960449,-85.9602,25.2484,80.2930349042892,63,63,63,63,61,63,0,8279,1.45687144005964,25,-86,0.001869,51,2026-02-08 12:51:06.001362,566,1.037,0.0011,"aoml_navis",1029.45606856906
"7901009",101,0,1,0.026166,1,0.003738,1,113.972360054571,1,4.85687361954054,568,1,11.8509998321533,35.4080009460449,0.0261659994721413,0.00898020248860121,109.902603149414,-85.9602,25.2484,80.2930349042892,63,63,63,63,61,63,0,8279,1.45687144005964,25,-86,0.001869,51,2026-02-08 12:51:06.001362,568,1.037,0.0011,"aoml_navis",1029.46882947162
"7901009",101,0,1,0.026166,1,0.003738,1,113.624125009291,1,4.85679076552127,570,1,11.7690000534058,35.3979988098145,0.0261659994721413,0.00898020248860121,109.566802978516,-85.9602,25.2484,80.2930349042892,63,63,63,63,61,63,0,8279,1.45687144005964,25,-86,0.001869,51,2026-02-08 12:51:06.001362,570,1.037,0.0011,"aoml_navis",1029.48639160974
"7901009",101,0,1,0.026166,1,0.003738,1,113.247889695342,1,4.85672439819977,572,1,11.7119998931885,35.3899993896484,0.0261659994721413,0.00898020248860121,109.204002380371,-85.9602,25.2484,80.2930349042892,63,63,63,63,61,63,0,8279,1.45687144005964,25,-86,0.001869,51,2026-02-08 12:51:06.001362,572,1.037,0.0011,"aoml_navis",1029.50045957999
"7901009",101,0,1,0.024297,1,0.001869,1,113.160565884856,1,4.8566560832099,574,1,11.6450004577637,35.3800010681152,0.0242970008403063,0.00769731635227799,109.11979675293,-85.9602,25.2484,80.2930349042892,63,63,63,63,61,63,0,8279,1.45687144005964,25,-86,0.001869,51,2026-02-08 12:51:06.001362,574,1.037,0.0011,"aoml_navis",1029.51494080169
"7901009",101,0,1,0.022428,1,0,1,113.052307146169,1,4.85659937069213,576,1,11.5979995727539,35.3720016479492,0.0224280003458261,0.00641443068161607,109.015403747559,-85.9602,25.2484,80.2930349042892,63,63,63,63,61,63,0,8279,1.45687144005964,25,-86,0.001869,51,2026-02-08 12:51:06.001362,576,1.037,0.0011,"aoml_navis",1029.52696287308
"7901009",101,0,1,0.029904,1,0.007476,1,113.078226581084,1,4.85653240966518,578,1,11.53600025177,35.3629989624023,0.0299040004611015,0.0115459747612476,109.040397644043,-85.9602,25.2484,80.2930349042892,63,63,63,63,61,63,0,8279,1.45687144005964,25,-86,0.001869,51,2026-02-08 12:51:06.001362,578,1.037,0.0011,"aoml_navis",1029.54115781237
"7901009",101,0,1,0.026166,1,0.003738,1,113.420654280445,1,4.85643813230968,580,1,11.4130001068115,35.3460006713867,0.0261659994721413,0.00898020248860121,109.370597839355,-85.9602,25.2484,80.2930349042892,63,63,63,63,61,63,0,8279,1.45687144005964,25,-86,0.001869,51,2026-02-08 12:51:06.001362,580,1.037,0.0011,"aoml_navis",1029.56114415114
"7901009",101,0,1,0.022428,1,0,1,113.453425434113,1,4.85638563815418,582,1,11.3739995956421,35.3390007019043,0.0224280003458261,0.00641443068161607,109.402198791504,-85.9602,25.2484,80.2930349042892,63,63,63,63,61,63,0,8279,1.45687144005964,25,-86,0.001869,51,2026-02-08 12:51:06.001362,582,1.037,0.0011,"aoml_navis",1029.57227299198
"7901009",101,0,1,0.026166,1,0.003738,1,113.384773744017,1,4.85634172898517,584,1,11.3599996566772,35.3359985351562,0.0261659994721413,0.00898020248860121,109.335998535156,-85.9602,25.2484,80.2930349042892,63,63,63,63,61,63,0,8279,1.45687144005964,25,-86,0.001869,51,2026-02-08 12:51:06.001362,584,1.037,0.0011,"aoml_navis",1029.58158198741
"7901009",101,0,1,0.024297,1,0.001869,1,113.23388560505,1,4.85629036505744,586,1,11.3339996337891,35.3320007324219,0.0242970008403063,0.00769731635227799,109.190498352051,-85.9602,25.2484,80.2930349042892,63,63,63,63,61,63,0,8279,1.45687144005964,25,-86,0.001869,51,2026-02-08 12:51:06.001362,586,1.037,0.0011,"aoml_navis",1029.59247164803
"7901009",101,0,1,0.026166,1,0.003738,1,112.964152584564,1,4.85624726740124,588,1,11.3090000152588,35.326000213623,0.0261659994721413,0.00898020248860121,108.930397033691,-85.9602,25.2484,80.2930349042892,63,63,63,63,61,63,0,8279,1.45687144005964,25,-86,0.001869,51,2026-02-08 12:51:06.001362,588,1.037,0.0011,"aoml_navis",1029.60160895507
"7901009",101,0,1,0.028035,1,0.005607,1,112.787131388966,1,4.85618012279205,590,1,11.246000289917,35.3170013427734,0.0280349999666214,0.0102630890905857,108.759696960449,-85.9602,25.2484,80.2930349042892,63,63,63,63,61,63,0,8279,1.45687144005964,25,-86,0.001869,51,2026-02-08 12:51:06.001362,590,1.037,0.0011,"aoml_navis",1029.61584487629
"7901009",101,0,1,0.024297,1,0.001869,1,112.761623373653,1,4.8560837473971,592,1,11.1269998550415,35.3019981384277,0.0242970008403063,0.00769731635227799,108.73509979248,-85.9602,25.2484,80.2930349042892,63,63,63,63,61,63,0,8279,1.45687144005964,25,-86,0.001869,51,2026-02-08 12:51:06.001362,592,1.037,0.0011,"aoml_navis",1029.63627896245
"7901009",101,0,1,0.022428,1,0,1,112.756338214152,1,4.85601436749852,594,1,11.0530004501343,35.2910003662109,0.0224280003458261,0.00641443068161607,108.730003356934,-85.9602,25.2484,80.2930349042892,63,63,63,63,61,63,0,8279,1.45687144005964,25,-86,0.001869,51,2026-02-08 12:51:06.001362,594,1.037,0.0011,"aoml_navis",1029.65098980456
"7901009",101,0,1,0.029904,1,0.007476,1,112.712466643151,1,4.85594610003857,596,1,10.9879999160767,35.2820014953613,0.0299040004611015,0.0115459747612476,108.687698364258,-85.9602,25.2484,80.2930349042892,63,63,63,63,61,63,0,8279,1.45687144005964,25,-86,0.001869,51,2026-02-08 12:51:06.001362,596,1.037,0.0011,"aoml_navis",1029.66546518304
"7901009",101,0,1,0.024297,1,0.001869,1,112.698264754972,1,4.85588618901374,598,1,10.9320001602173,35.2729988098145,0.0242970008403063,0.00769731635227799,108.674003601074,-85.9602,25.2484,80.2930349042892,63,63,63,63,61,63,0,8279,1.45687144005964,25,-86,0.001869,51,2026-02-08 12:51:06.001362,598,1.037,0.0011,"aoml_navis",1029.67816900493
"7901009",101,0,1,0.029904,1,0.007476,1,112.643917807955,1,4.85583526767807,600,1,10.9060001373291,35.2690010070801,0.0299040004611015,0.0115459747612476,108.621597290039,-85.9602,25.2484,80.2930349042892,63,63,63,63,61,63,0,8279,1.45687144005964,25,-86,0.001869,51,2026-02-08 12:51:06.001362,600,1.037,0.0011,"aoml_navis",1029.68896685634
"7901009",101,0,1,0.024297,1,0.001869,1,112.627848707738,1,4.85576641785207,602,1,10.8479995727539,35.2620010375977,0.0242970008403063,0.00769731635227799,108.606101989746,-85.9602,25.2484,80.2930349042892,63,63,63,63,61,63,0,8279,1.45687144005964,25,-86,0.001869,51,2026-02-08 12:51:06.001362,602,1.037,0.0011,"aoml_navis",1029.70356679795
"7901009",101,0,1,0.028035,1,0.005607,1,112.490228850929,1,4.85570221578798,604,1,10.7950000762939,35.2550010681152,0.0280349999666214,0.0102630890905857,108.47339630127,-85.9602,25.2484,80.2930349042892,63,63,63,63,61,63,0,8279,1.45687144005964,25,-86,0.001869,51,2026-02-08 12:51:06.001362,604,1.037,0.0011,"aoml_navis",1029.71718153202
"7901009",101,0,1,0.028035,1,0.005607,1,112.213659935521,1,4.8556416089754,606,1,10.753999710083,35.25,0.0280349999666214,0.0102630890905857,108.206703186035,-85.9602,25.2484,80.2930349042892,63,63,63,63,61,63,0,8279,1.45687144005964,25,-86,0.001869,51,2026-02-08 12:51:06.001362,606,1.037,0.0011,"aoml_navis",1029.73003418493
"7901009",101,0,1,0.026166,1,0.003738,1,111.717123947616,1,4.855593503539,608,1,10.7349996566772,35.2470016479492,0.0261659994721413,0.00898020248860121,107.727897644043,-85.9602,25.2484,80.2930349042892,63,63,63,63,61,63,0,8279,1.45687144005964,25,-86,0.001869,51,2026-02-08 12:51:06.001362,608,1.037,0.0011,"aoml_navis",1029.74023594762
"7901009",101,0,1,0.028035,1,0.005607,1,111.486388758234,1,4.85553016945672,610,1,10.6990003585815,35.2439994812012,0.0280349999666214,0.0102630890905857,107.505401611328,-85.9602,25.2484,80.2930349042892,63,63,63,63,61,63,0,8279,1.45687144005964,25,-86,0.001869,51,2026-02-08 12:51:06.001362,610,1.037,0.0011,"aoml_navis",1029.75366757106
"7901009",101,0,1,0.031773,1,0.009345,1,111.392640472427,1,4.85548031037741,612,1,10.6780004501343,35.2410011291504,0.0317730009555817,0.0128288613632321,107.415000915527,-85.9602,25.2484,80.2930349042892,63,63,63,63,61,63,0,8279,1.45687144005964,25,-86,0.001869,51,2026-02-08 12:51:06.001362,612,1.037,0.0011,"aoml_navis",1029.76424171955
"7901009",101,0,1,0.031773,1,0.009345,1,111.352922657021,1,4.85543234545979,614,1,10.6549997329712,35.2369995117188,0.0317730009555817,0.0128288613632321,107.37670135498,-85.9602,25.2484,80.2930349042892,63,63,63,63,61,63,0,8279,1.45687144005964,25,-86,0.001869,51,2026-02-08 12:51:06.001362,614,1.037,0.0011,"aoml_navis",1029.77441435785
"7901009",101,0,1,0.028035,1,0.005607,1,111.385590955788,1,4.85537196576308,616,1,10.6140003204346,35.2319984436035,0.0280349999666214,0.0102630890905857,107.408203125,-85.9602,25.2484,80.2930349042892,63,63,63,63,61,63,0,8279,1.45687144005964,25,-86,0.001869,51,2026-02-08 12:51:06.001362,616,1.037,0.0011,"aoml_navis",1029.78722026999
"7901009",101,0,1,0.024297,1,0.001869,1,111.332905511009,1,4.85530479524678,618,1,10.5530004501343,35.2239990234375,0.0242970008403063,0.00769731635227799,107.357398986816,-85.9602,25.2484,80.2930349042892,63,63,63,63,61,63,0,8279,1.45687144005964,25,-86,0.001869,51,2026-02-08 12:51:06.001362,618,1.037,0.0011,"aoml_navis",1029.80146681932
"7901009",101,0,1,0.028035,1,0.005607,1,111.135044330195,1,4.85524536337534,620,1,10.5170001983643,35.2200012207031,0.0280349999666214,0.0102630890905857,107.166603088379,-85.9602,25.2484,80.2930349042892,63,63,63,63,61,63,0,8279,1.45687144005964,25,-86,0.001869,51,2026-02-08 12:51:06.001362,620,1.037,0.0011,"aoml_navis",1029.8140723673
"7901009",101,0,1,0.026166,1,0.003738,1,110.909174968796,1,4.85520078111719,622,1,10.5100002288818,35.2190017700195,0.0261659994721413,0.00898020248860121,106.948799133301,-85.9602,25.2484,80.2930349042892,63,63,63,63,61,63,0,8279,1.45687144005964,25,-86,0.001869,51,2026-02-08 12:51:06.001362,622,1.037,0.0011,"aoml_navis",1029.82352850287
"7901009",101,0,1,0.026166,1,0.003738,1,110.740659082273,1,4.85515019736888,624,1,10.4879999160767,35.2159996032715,0.0261659994721413,0.00898020248860121,106.78630065918,-85.9602,25.2484,80.2930349042892,63,63,63,63,61,63,0,8279,1.45687144005964,25,-86,0.001869,51,2026-02-08 12:51:06.001362,624,1.037,0.0011,"aoml_navis",1029.83425779693
"7901009",101,0,1,0.024297,1,0.001869,1,110.691399496871,1,4.85507857068377,626,1,10.4340000152588,35.2109985351562,0.0242970008403063,0.00769731635227799,106.738800048828,-85.9602,25.2484,80.2930349042892,63,63,63,63,61,63,0,8279,1.45687144005964,25,-86,0.001869,51,2026-02-08 12:51:06.001362,626,1.037,0.0011,"aoml_navis",1029.84945088043
"7901009",101,0,1,0.029904,1,0.007476,1,110.606567939742,1,4.85503157826841,628,1,10.4160003662109,35.2080001831055,0.0299040004611015,0.0115459747612476,106.656997680664,-85.9602,25.2484,80.2930349042892,63,63,63,63,61,63,0,8279,1.45687144005964,25,-86,0.001869,51,2026-02-08 12:51:06.001362,628,1.037,0.0011,"aoml_navis",1029.85941891305
"7901009",101,0,1,0.026166,1,0.003738,1,110.522780755448,1,4.85498207654024,630,1,10.3909997940063,35.2039985656738,0.0261659994721413,0.00898020248860121,106.576202392578,-85.9602,25.2484,80.2930349042892,63,63,63,63,61,63,0,8279,1.45687144005964,25,-86,0.001869,51,2026-02-08 12:51:06.001362,630,1.037,0.0011,"aoml_navis",1029.86991942988
"7901009",101,0,1,0.028035,1,0.005607,1,110.356337790765,1,4.85493687956051,632,1,10.375,35.201000213623,0.0280349999666214,0.0102630890905857,106.415702819824,-85.9602,25.2484,80.2930349042892,63,63,63,63,61,63,0,8279,1.45687144005964,25,-86,0.001869,51,2026-02-08 12:51:06.001362,632,1.037,0.0011,"aoml_navis",1029.87950699219
"7901009",101,0,1,0.028035,1,0.005607,1,110.393769062616,1,4.85486223895627,634,1,10.3090000152588,35.1940002441406,0.0280349999666214,0.0102630890905857,106.451797485352,-85.9602,25.2484,80.2930349042892,63,63,63,63,61,63,0,8279,1.45687144005964,25,-86,0.001869,51,2026-02-08 12:51:06.001362,634,1.037,0.0011,"aoml_navis",1029.89534077386
"7901009",101,0,1,0.026166,1,0.003738,1,110.434634105758,1,4.85479905744527,636,1,10.2600002288818,35.1879997253418,0.0261659994721413,0.00898020248860121,106.491203308105,-85.9602,25.2484,80.2930349042892,63,63,63,63,61,63,0,8279,1.45687144005964,25,-86,0.001869,51,2026-02-08 12:51:06.001362,636,1.037,0.0011,"aoml_navis",1029.90874407707
"7901009",101,0,1,0.026166,1,0.003738,1,110.437846343418,1,4.85474867022562,638,1,10.2379999160767,35.185001373291,0.0261659994721413,0.00898020248860121,106.494300842285,-85.9602,25.2484,80.2930349042892,63,63,63,63,61,63,0,8279,1.45687144005964,25,-86,0.001869,51,2026-02-08 12:51:06.001362,638,1.037,0.0011,"aoml_navis",1029.91943345393
"7901009",101,0,1,0.026166,1,0.003738,1,110.392424036994,1,4.85470518293782,640,1,10.2279996871948,35.1829986572266,0.0261659994721413,0.00898020248860121,106.450500488281,-85.9602,25.2484,80.2930349042892,63,63,63,63,61,63,0,8279,1.45687144005964,25,-86,0.001869,51,2026-02-08 12:51:06.001362,640,1.037,0.0011,"aoml_navis",1029.92865922586
"7901009",101,0,1,0.026166,1,0.003738,1,110.361622950266,1,4.85466183519256,642,1,10.21399974823,35.1800003051758,0.0261659994721413,0.00898020248860121,106.420799255371,-85.9602,25.2484,80.2930349042892,63,63,63,63,61,63,0,8279,1.45687144005964,25,-86,0.001869,51,2026-02-08 12:51:06.001362,642,1.037,0.0011,"aoml_navis",1029.93785555852
"7901009",101,0,1,0.028035,1,0.005607,1,110.338599276395,1,4.85460289726138,644,1,10.1780004501343,35.1759986877441,0.0280349999666214,0.0102630890905857,106.398597717285,-85.9602,25.2484,80.2930349042892,63,63,63,63,61,63,0,8279,1.45687144005964,25,-86,0.001869,51,2026-02-08 12:51:06.001362,644,1.037,0.0011,"aoml_navis",1029.95035965159
"7901009",101,0,1,0.028035,1,0.005607,1,110.348346756192,1,4.85454259006208,646,1,10.1319999694824,35.1699981689453,0.0280349999666214,0.0102630890905857,106.407997131348,-85.9602,25.2484,80.2930349042892,63,63,63,63,61,63,0,8279,1.45687144005964,25,-86,0.001869,51,2026-02-08 12:51:06.001362,646,1.037,0.0011,"aoml_navis",1029.96315455872
"7901009",101,0,1,0.028035,1,0.005607,1,110.249621875586,1,4.8544964828246,648.099975585938,1,10.1129999160767,35.1660003662109,0.0280349999666214,0.0102630890905857,106.312797546387,-85.9602,25.2484,80.2930349042892,63,63,63,63,61,63,0,8279,1.45687144005964,25,-86,0.001869,51,2026-02-08 12:51:06.001362,648.099975585938,1.037,0.0011,"aoml_navis",1029.97293698537
"7901009",101,0,1,0.024297,1,0.001869,1,110.224738901591,1,4.85442864868152,650,1,10.0600004196167,35.1609992980957,0.0242970008403063,0.00769731635227799,106.288803100586,-85.9602,25.2484,80.2930349042892,63,63,63,63,61,63,0,8279,1.45687144005964,25,-86,0.001869,51,2026-02-08 12:51:06.001362,650,1.037,0.0011,"aoml_navis",1029.98732947862
"7901009",101,0,1,0.028035,1,0.005607,1,110.252944880062,1,4.85436112839441,652,1,9.99699974060059,35.1529998779297,0.0280349999666214,0.0102630890905857,106.31600189209,-85.9602,25.2484,80.2930349042892,63,63,63,63,61,63,0,8279,1.45687144005964,25,-86,0.001869,51,2026-02-08 12:51:06.001362,652,1.037,0.0011,"aoml_navis",1030.00165577994
"7901009",101,0,1,0.028035,1,0.005607,1,110.191864893022,1,4.85430857098872,654,1,9.9680004119873,35.148998260498,0.0280349999666214,0.0102630890905857,106.257102966309,-85.9602,25.2484,80.2930349042892,63,63,63,63,61,63,0,8279,1.45687144005964,25,-86,0.001869,51,2026-02-08 12:51:06.001362,654,1.037,0.0011,"aoml_navis",1030.01280756687
"7901009",101,0,1,0.026166,1,0.003738,1,110.173089917732,1,4.85425669864759,656,1,9.94400024414062,35.1459999084473,0.0261659994721413,0.00898020248860121,106.238998413086,-85.9602,25.2484,80.2930349042892,63,63,63,63,61,63,0,8279,1.45687144005964,25,-86,0.001869,51,2026-02-08 12:51:06.001362,656,1.037,0.0011,"aoml_navis",1030.02381423154
"7901009",101,0,1,0.028035,1,0.005607,1,110.130571284267,1,4.85420657670931,658,1,9.92199993133545,35.1430015563965,0.0280349999666214,0.0102630890905857,106.197998046875,-85.9602,25.2484,80.2930349042892,63,63,63,63,61,63,0,8279,1.45687144005964,25,-86,0.001869,51,2026-02-08 12:51:06.001362,658,1.037,0.0011,"aoml_navis",1030.034449706
"7901009",101,0,1,0.028035,1,0.005607,1,110.108378361515,1,4.85415323956131,660,1,9.89200019836426,35.1389999389648,0.0280349999666214,0.0102630890905857,106.176597595215,-85.9602,25.2484,80.2930349042892,63,63,63,63,61,63,0,8279,1.45687144005964,25,-86,0.001869,51,2026-02-08 12:51:06.001362,660,1.037,0.0011,"aoml_navis",1030.04576766346
"7901009",101,0,1,0.026166,1,0.003738,1,110.052694300791,1,4.85409067332066,662,1,9.84700012207031,35.1339988708496,0.0261659994721413,0.00898020248860121,106.122901916504,-85.9602,25.2484,80.2930349042892,63,63,63,63,61,63,0,8279,1.45687144005964,25,-86,0.001869,51,2026-02-08 12:51:06.001362,662,1.037,0.0011,"aoml_navis",1030.05904431932
"7901009",101,0,1,0.028035,1,0.005607,1,110.008719874889,1,4.85403505305477,664,1,9.8100004196167,35.1290016174316,0.0280349999666214,0.0102630890905857,106.080497741699,-85.9602,25.2484,80.2930349042892,63,63,63,63,61,63,0,8279,1.45687144005964,25,-86,0.001869,51,2026-02-08 12:51:06.001362,664,1.037,0.0011,"aoml_navis",1030.07084731565
"7901009",101,0,1,0.024297,1,0.001869,1,110.020753898242,1,4.85397435453973,666,1,9.76700019836426,35.1240005493164,0.0242970008403063,0.00769731635227799,106.092102050781,-85.9602,25.2484,80.2930349042892,63,63,63,63,61,63,0,8279,1.45687144005964,25,-86,0.001869,51,2026-02-08 12:51:06.001362,666,1.037,0.0011,"aoml_navis",1030.08372825944
"7901009",101,0,1,0.029904,1,0.007476,1,110.048857021813,1,4.85392190932314,668,1,9.72500038146973,35.117000579834,0.0299040004611015,0.0115459747612476,106.119201660156,-85.9602,25.2484,80.2930349042892,63,63,63,63,61,63,0,8279,1.45687144005964,25,-86,0.001869,51,2026-02-08 12:51:06.001362,668,1.037,0.0011,"aoml_navis",1030.09485801498
"7901009",101,0,1,0.029904,1,0.007476,1,110.345545938133,1,4.85383729118232,670,1,9.62800025939941,35.1059989929199,0.0299040004611015,0.0115459747612476,106.405296325684,-85.9602,25.2484,80.2930349042892,63,63,63,63,61,63,0,8279,1.45687144005964,25,-86,0.001869,51,2026-02-08 12:51:06.001362,670,1.037,0.0011,"aoml_navis",1030.11281591231
"7901009",101,0,1,0.026166,1,0.003738,1,110.624512163913,1,4.85375759067974,672,1,9.5319995880127,35.0940017700195,0.0261659994721413,0.00898020248860121,106.674301147461,-85.9602,25.2484,80.2930349042892,63,63,63,63,61,63,0,8279,1.45687144005964,25,-86,0.001869,51,2026-02-08 12:51:06.001362,672,1.037,0.0011,"aoml_navis",1030.12973074738
"7901009",101,0,1,0.028035,1,0.005607,1,110.812317300229,1,4.85370164165559,674,1,9.48099994659424,35.0859985351562,0.0280349999666214,0.0102630890905857,106.855400085449,-85.9602,25.2484,80.2930349042892,63,63,63,63,61,63,0,8279,1.45687144005964,25,-86,0.001869,51,2026-02-08 12:51:06.001362,674,1.037,0.0011,"aoml_navis",1030.14160513882
"7901009",101,0,1,0.033642,1,0.011214,1,111.027291954095,1,4.85364381317228,676,1,9.43200016021729,35.0789985656738,0.0336420014500618,0.0141117470338941,107.062698364258,-85.9602,25.2484,80.2930349042892,63,63,63,63,61,63,0,8279,1.45687144005964,25,-86,0.001869,51,2026-02-08 12:51:06.001362,676,1.037,0.0011,"aoml_navis",1030.15387870666
"7901009",101,0,1,0.026166,1,0.003738,1,111.199336554895,1,4.85359081687444,678,1,9.39299964904785,35.0730018615723,0.0261659994721413,0.00898020248860121,107.22859954834,-85.9602,25.2484,80.2930349042892,63,63,63,63,61,63,0,8279,1.45687144005964,25,-86,0.001869,51,2026-02-08 12:51:06.001362,678,1.037,0.0011,"aoml_navis",1030.16512694406
"7901009",101,0,1,0.028035,1,0.005607,1,111.589781668938,1,4.85351683646643,680,1,9.30700016021729,35.0620002746582,0.0280349999666214,0.0102630890905857,107.605102539062,-85.9602,25.2484,80.2930349042892,63,63,63,63,61,63,0,8279,1.45687144005964,25,-86,0.001869,51,2026-02-08 12:51:06.001362,680,1.037,0.0011,"aoml_navis",1030.18082937984
"7901009",101,0,1,0.029904,1,0.007476,1,111.869879298623,1,4.85344718613093,682,1,9.23900032043457,35.0540008544922,0.0299040004611015,0.0115459747612476,107.875198364258,-85.9602,25.2484,80.2930349042892,63,63,63,63,61,63,0,8279,1.45687144005964,25,-86,0.001869,51,2026-02-08 12:51:06.001362,682,1.037,0.0011,"aoml_navis",1030.1956131897
"7901009",101,0,1,0.029904,1,0.007476,1,112.076356555329,1,4.85338072293508,684,1,9.17899990081787,35.0470008850098,0.0299040004611015,0.0115459747612476,108.07430267334,-85.9602,25.2484,80.2930349042892,63,63,63,63,61,63,0,8279,1.45687144005964,25,-86,0.001869,51,2026-02-08 12:51:06.001362,684,1.037,0.0011,"aoml_navis",1030.20972090074
"7901009",101,0,1,0.028035,1,0.005607,1,112.25192195849,1,4.85333875197967,686,1,9.16600036621094,35.0439987182617,0.0280349999666214,0.0102630890905857,108.243598937988,-85.9602,25.2484,80.2930349042892,63,63,63,63,61,63,0,8279,1.45687144005964,25,-86,0.001869,51,2026-02-08 12:51:06.001362,686,1.037,0.0011,"aoml_navis",1030.21863000198
"7901009",101,0,1,0.026166,1,0.003738,1,112.606272914388,1,4.8532941409137,688,1,9.14099979400635,35.0390014648438,0.0261659994721413,0.00898020248860121,108.585296630859,-85.9602,25.2484,80.2930349042892,63,63,63,63,61,63,0,8279,1.45687144005964,25,-86,0.001869,51,2026-02-08 12:51:06.001362,688,1.037,0.0011,"aoml_navis",1030.22809968379
"7901009",101,0,1,0.029904,1,0.007476,1,113.194998540762,1,4.85322679154723,690,1,9.05300045013428,35.0260009765625,0.0299040004611015,0.0115459747612476,109.15299987793,-85.9602,25.2484,80.2930349042892,63,63,63,63,61,63,0,8279,1.45687144005964,25,-86,0.001869,51,2026-02-08 12:51:06.001362,690,1.037,0.0011,"aoml_navis",1030.24239640076
"7901009",101,0,1,0.024297,1,0.001869,1,113.541572083803,1,4.85316194896932,692,1,8.98099994659424,35.015998840332,0.0242970008403063,0.00769731635227799,109.487197875977,-85.9602,25.2484,80.2930349042892,63,63,63,63,61,63,0,8279,1.45687144005964,25,-86,0.001869,51,2026-02-08 12:51:06.001362,692,1.037,0.0011,"aoml_navis",1030.25616135927
"7901009",101,0,1,0.029904,1,0.007476,1,113.763604166224,1,4.85310435694874,694,1,8.93099975585938,35.0089988708496,0.0299040004611015,0.0115459747612476,109.701301574707,-85.9602,25.2484,80.2930349042892,63,63,63,63,61,63,0,8279,1.45687144005964,25,-86,0.001869,51,2026-02-08 12:51:06.001362,694,1.037,0.0011,"aoml_navis",1030.26838745821
"7901009",101,0,1,0.028035,1,0.005607,1,113.896342371219,1,4.85304647865608,696,1,8.88500022888184,35.0029983520508,0.0280349999666214,0.0102630890905857,109.829299926758,-85.9602,25.2484,80.2930349042892,63,63,63,63,61,63,0,8279,1.45687144005964,25,-86,0.001869,51,2026-02-08 12:51:06.001362,696,1.037,0.0011,"aoml_navis",1030.28067462165
"7901009",101,0,1,0.029904,1,0.007476,1,113.872701567945,1,4.85300302137357,698,1,8.87899971008301,35.0019989013672,0.0299040004611015,0.0115459747612476,109.806503295898,-85.9602,25.2484,80.2930349042892,63,63,63,63,61,63,0,8279,1.45687144005964,25,-86,0.001869,51,2026-02-08 12:51:06.001362,698,1.037,0.0011,"aoml_navis",1030.28990049646
"7901009",101,0,1,0.029904,1,0.007476,1,113.836093135298,1,4.85295466050917,700,1,8.86699962615967,35.0009994506836,0.0299040004611015,0.0115459747612476,109.771202087402,-85.9602,25.2484,80.2930349042892,63,63,63,63,61,63,0,8279,1.45687144005964,25,-86,0.001869,51,2026-02-08 12:51:06.001362,700,1.037,0.0011,"aoml_navis",1030.30016758397
"7901009",101,0,1,0.029904,1,0.007476,1,113.815664569685,1,4.85291284348383,702,1,8.86299991607666,35,0.0299040004611015,0.0115459747612476,109.751502990723,-85.9602,25.2484,80.2930349042892,63,63,63,63,61,63,0,8279,1.45687144005964,25,-86,0.001869,51,2026-02-08 12:51:06.001362,702,1.037,0.0011,"aoml_navis",1030.30904556913
"7901009",101,0,1,0.028035,1,0.005607,1,113.713308119901,1,4.85286572735369,704,1,8.85700035095215,35,0.0280349999666214,0.0102630890905857,109.652801513672,-85.9602,25.2484,80.2930349042892,63,63,63,63,61,63,0,8279,1.45687144005964,25,-86,0.001869,51,2026-02-08 12:51:06.001362,704,1.037,0.0011,"aoml_navis",1030.31904876679
"7901009",101,0,1,0.031773,1,0.009345,1,113.634908950008,1,4.85281004412415,706,1,8.84500026702881,35.0009994506836,0.0317730009555817,0.0128288613632321,109.577201843262,-85.9602,25.2484,80.2930349042892,63,63,63,63,61,63,0,8279,1.45687144005964,25,-86,0.001869,51,2026-02-08 12:51:06.001362,706,1.037,0.0011,"aoml_navis",1030.33087109067
"7901009",101,0,1,0.029904,1,0.007476,1,113.508492365434,1,4.85274905192209,708,1,8.82199954986572,35.0009994506836,0.0299040004611015,0.0115459747612476,109.455299377441,-85.9602,25.2484,80.2930349042892,63,63,63,63,61,63,0,8279,1.45687144005964,25,-86,0.001869,51,2026-02-08 12:51:06.001362,708,1.037,0.0011,"aoml_navis",1030.34382089459
"7901009",101,0,1,0.029904,1,0.007476,1,113.196968607702,1,4.85269785837342,710,1,8.80200004577637,34.9990005493164,0.0299040004611015,0.0115459747612476,109.154899597168,-85.9602,25.2484,80.2930349042892,63,63,63,63,61,63,0,8279,1.45687144005964,25,-86,0.001869,51,2026-02-08 12:51:06.001362,710,1.037,0.0011,"aoml_navis",1030.35469050941
"7901009",101,0,1,0.029904,1,0.007476,1,112.472703958274,1,4.85264749395891,712,1,8.79199981689453,34.9990005493164,0.0299040004611015,0.0115459747612476,108.456497192383,-85.9602,25.2484,80.2930349042892,63,63,63,63,61,63,0,8279,1.45687144005964,25,-86,0.001869,51,2026-02-08 12:51:06.001362,712,1.037,0.0011,"aoml_navis",1030.36538430301
"7901009",101,0,1,0.028035,1,0.005607,1,112.36392303317,1,4.85257798237139,714,1,8.79899978637695,35.007999420166,0.0280349999666214,0.0102630890905857,108.351600646973,-85.9602,25.2484,80.2930349042892,63,63,63,63,61,63,0,8279,1.45687144005964,25,-86,0.001869,51,2026-02-08 12:51:06.001362,714,1.037,0.0011,"aoml_navis",1030.38014394909
"7901009",101,0,1,0.031773,1,0.009345,1,112.935432331591,1,4.85250405217096,716,1,8.73299980163574,35.0019989013672,0.0317730009555817,0.0128288613632321,108.902702331543,-85.9602,25.2484,80.2930349042892,63,63,63,63,61,63,0,8279,1.45687144005964,25,-86,0.001869,51,2026-02-08 12:51:06.001362,716,1.037,0.0011,"aoml_navis",1030.39584227922
"7901009",101,0,1,0.026166,1,0.003738,1,113.196343566384,1,4.85245499654383,718,1,8.70199966430664,34.9970016479492,0.0261659994721413,0.00898020248860121,109.154296875,-85.9602,25.2484,80.2930349042892,63,63,63,63,61,63,0,8279,1.45687144005964,25,-86,0.001869,51,2026-02-08 12:51:06.001362,718,1.037,0.0011,"aoml_navis",1030.40625900936
"7901009",101,0,1,0.029904,1,0.007476,1,113.257637175139,1,4.85240919354377,720,1,8.68400001525879,34.9939994812012,0.0299040004611015,0.0115459747612476,109.213401794434,-85.9602,25.2484,80.2930349042892,63,63,63,63,61,63,0,8279,1.45687144005964,25,-86,0.001869,51,2026-02-08 12:51:06.001362,720,1.037,0.0011,"aoml_navis",1030.41598524968
"7901009",101,0,1,0.029904,1,0.007476,1,113.307933221462,1,4.85235972168809,722,1,8.66600036621094,34.992000579834,0.0299040004611015,0.0115459747612476,109.261901855469,-85.9602,25.2484,80.2930349042892,63,63,63,63,61,63,0,8279,1.45687144005964,25,-86,0.001869,51,2026-02-08 12:51:06.001362,722,1.037,0.0011,"aoml_navis",1030.42649077562
"7901009",101,0,1,0.024297,1,0.001869,1,113.304301652284,1,4.85230908793955,724,1,8.64200019836426,34.9889984130859,0.0242970008403063,0.00769731635227799,109.258399963379,-85.9602,25.2484,80.2930349042892,63,63,63,63,61,63,0,8279,1.45687144005964,25,-86,0.001869,51,2026-02-08 12:51:06.001362,724,1.037,0.0011,"aoml_navis",1030.43724325549
"7901009",101,0,1,0.029904,1,0.007476,1,113.263547375958,1,4.85225721933771,726,1,8.62100028991699,34.9869995117188,0.0299040004611015,0.0115459747612476,109.219100952148,-85.9602,25.2484,80.2930349042892,63,63,63,63,61,63,0,8279,1.45687144005964,25,-86,0.001869,51,2026-02-08 12:51:06.001362,726,1.037,0.0011,"aoml_navis",1030.44825819899
"7901009",101,0,1,0.031773,1,0.009345,1,113.068581956188,1,4.85221549239486,728,1,8.60799980163574,34.984001159668,0.0317730009555817,0.0128288613632321,109.031097412109,-85.9602,25.2484,80.2930349042892,63,63,63,63,61,63,0,8279,1.45687144005964,25,-86,0.001869,51,2026-02-08 12:51:06.001362,728,1.037,0.0011,"aoml_navis",1030.45711960583
"7901009",101,0,1,0.028035,1,0.005607,1,112.611146654287,1,4.85214359817491,730,1,8.55300045013428,34.9799995422363,0.0280349999666214,0.0102630890905857,108.589996337891,-85.9602,25.2484,80.2930349042892,63,63,63,63,61,63,0,8279,1.45687144005964,25,-86,0.001869,51,2026-02-08 12:51:06.001362,730,1.037,0.0011,"aoml_navis",1030.47238789073
"7901009",101,0,1,0.028035,1,0.005607,1,111.757775369042,1,4.85208551917768,732,1,8.54699993133545,34.9830017089844,0.0280349999666214,0.0102630890905857,107.767097473145,-85.9602,25.2484,80.2930349042892,63,63,63,63,61,63,0,8279,1.45687144005964,25,-86,0.001869,51,2026-02-08 12:51:06.001362,732,1.037,0.0011,"aoml_navis",1030.48472254615
"7901009",101,0,1,0.029904,1,0.007476,1,111.525378677422,1,4.85202082650315,734,1,8.55099964141846,34.9900016784668,0.0299040004611015,0.0115459747612476,107.542999267578,-85.9602,25.2484,80.2930349042892,63,63,63,63,61,63,0,8279,1.45687144005964,25,-86,0.001869,51,2026-02-08 12:51:06.001362,734,1.037,0.0011,"aoml_navis",1030.49846214356
"7901009",101,0,1,0.031773,1,0.009345,1,111.881493990459,1,4.85195742979714,736,1,8.51099967956543,34.9869995117188,0.0317730009555817,0.0128288613632321,107.88639831543,-85.9602,25.2484,80.2930349042892,63,63,63,63,61,63,0,8279,1.45687144005964,25,-86,0.001869,51,2026-02-08 12:51:06.001362,736,1.037,0.0011,"aoml_navis",1030.51192685527
"7901009",101,0,1,0.031773,1,0.009345,1,112.343905887159,1,4.8519173609128,738,1,8.5,34.984001159668,0.0317730009555817,0.0128288613632321,108.332298278809,-85.9602,25.2484,80.2930349042892,63,63,63,63,61,63,0,8279,1.45687144005964,25,-86,0.001869,51,2026-02-08 12:51:06.001362,738,1.037,0.0011,"aoml_navis",1030.52043719462
"7901009",101,0,1,0.028035,1,0.005607,1,112.695875356516,1,4.85186184208619,740,1,8.45600032806396,34.9780006408691,0.0280349999666214,0.0102630890905857,108.671699523926,-85.9602,25.2484,80.2930349042892,63,63,63,63,61,63,0,8279,1.45687144005964,25,-86,0.001869,51,2026-02-08 12:51:06.001362,740,1.037,0.0011,"aoml_navis",1030.53222922154
"7901009",101,0,1,0.031773,1,0.009345,1,112.925059810476,1,4.85181026525976,742,1,8.42599964141846,34.9739990234375,0.0317730009555817,0.0128288613632321,108.892700195312,-85.9602,25.2484,80.2930349042892,63,63,63,63,61,63,0,8279,1.45687144005964,25,-86,0.001869,51,2026-02-08 12:51:06.001362,742,1.037,0.0011,"aoml_navis",1030.54318422163
"7901009",101,0,1,0.029904,1,0.007476,1,113.369638249819,1,4.8517387572238,744,1,8.37100028991699,34.9700012207031,0.0299040004611015,0.0115459747612476,109.321403503418,-85.9602,25.2484,80.2930349042892,63,63,63,63,61,63,0,8279,1.45687144005964,25,-86,0.001869,51,2026-02-08 12:51:06.001362,744,1.037,0.0011,"aoml_navis",1030.5583730277
"7901009",101,0,1,0.029904,1,0.007476,1,113.875810950705,1,4.8516666809804,746,1,8.29199981689453,34.9609985351562,0.0299040004611015,0.0115459747612476,109.809501647949,-85.9602,25.2484,80.2930349042892,63,63,63,63,61,63,0,8279,1.45687144005964,25,-86,0.001869,51,2026-02-08 12:51:06.001362,746,1.037,0.0011,"aoml_navis",1030.57368297808
"7901009",101,0,1,0.029904,1,0.007476,1,114.052935001204,1,4.85160520660239,748,1,8.23999977111816,34.9550018310547,0.0299040004611015,0.0115459747612476,109.98030090332,-85.9602,25.2484,80.2930349042892,63,63,63,63,61,63,0,8279,1.45687144005964,25,-86,0.001869,51,2026-02-08 12:51:06.001362,748,1.037,0.0011,"aoml_navis",1030.58674131103
"7901009",101,0,1,0.028035,1,0.005607,1,114.074297172837,1,4.85154469933238,750,1,8.20300006866455,34.9519996643066,0.0280349999666214,0.0102630890905857,110.000900268555,-85.9602,25.2484,80.2930349042892,63,63,63,63,61,63,0,8279,1.45687144005964,25,-86,0.001869,51,2026-02-08 12:51:06.001362,750,1.037,0.0011,"aoml_navis",1030.59959453492
"7901009",101,0,1,0.028035,1,0.005607,1,113.952445763459,1,4.85149267114118,752,1,8.18599987030029,34.951000213623,0.0280349999666214,0.0102630890905857,109.883399963379,-85.9602,25.2484,80.2930349042892,63,63,63,63,61,63,0,8279,1.45687144005964,25,-86,0.001869,51,2026-02-08 12:51:06.001362,752,1.037,0.0011,"aoml_navis",1030.61064685147
"7901009",101,0,1,0.028035,1,0.005607,1,113.875185909387,1,4.85143382988564,754,1,8.16499996185303,34.951000213623,0.0280349999666214,0.0102630890905857,109.808898925781,-85.9602,25.2484,80.2930349042892,63,63,63,63,61,63,0,8279,1.45687144005964,25,-86,0.001869,51,2026-02-08 12:51:06.001362,754,1.037,0.0011,"aoml_navis",1030.62314674873
"7901009",101,0,1,0.029904,1,0.007476,1,113.851331484397,1,4.85137394880369,756,1,8.13799953460693,34.9500007629395,0.0299040004611015,0.0115459747612476,109.78589630127,-85.9602,25.2484,80.2930349042892,63,63,63,63,61,63,0,8279,1.45687144005964,25,-86,0.001869,51,2026-02-08 12:51:06.001362,756,1.037,0.0011,"aoml_navis",1030.63586785203
"7901009",101,0,1,0.028035,1,0.005607,1,113.913867263873,1,4.85130990605214,758,1,8.10099983215332,34.9480018615723,0.0280349999666214,0.0102630890905857,109.846199035645,-85.9602,25.2484,80.2930349042892,63,63,63,63,61,63,0,8279,1.45687144005964,25,-86,0.001869,51,2026-02-08 12:51:06.001362,758,1.037,0.0011,"aoml_navis",1030.6494734056
"7901009",101,0,1,0.028035,1,0.005607,1,113.936471606227,1,4.85126109644375,760,1,8.08800029754639,34.9469985961914,0.0280349999666214,0.0102630890905857,109.86799621582,-85.9602,25.2484,80.2930349042892,63,63,63,63,61,63,0,8279,1.45687144005964,25,-86,0.001869,51,2026-02-08 12:51:06.001362,760,1.037,0.0011,"aoml_navis",1030.65984299738
"7901009",101,0,1,0.029904,1,0.007476,1,113.919777464692,1,4.85121070856106,762,1,8.07299995422363,34.9459991455078,0.0299040004611015,0.0115459747612476,109.851898193359,-85.9602,25.2484,80.2930349042892,63,63,63,63,61,63,0,8279,1.45687144005964,25,-86,0.001869,51,2026-02-08 12:51:06.001362,762,1.037,0.0011,"aoml_navis",1030.67054811212
"7901009",101,0,1,0.028035,1,0.005607,1,114.111736356603,1,4.85113971213878,764,1,8.02700042724609,34.9440002441406,0.0280349999666214,0.0102630890905857,110.037002563477,-85.9602,25.2484,80.2930349042892,63,63,63,63,61,63,0,8279,1.45687144005964,25,-86,0.001869,51,2026-02-08 12:51:06.001362,764,1.037,0.0011,"aoml_navis",1030.68563197401
"7901009",101,0,1,0.026166,1,0.003738,1,114.21294557865,1,4.85109068082252,766,1,8.00899982452393,34.9420013427734,0.0261659994721413,0.00898020248860121,110.13459777832,-85.9602,25.2484,80.2930349042892,63,63,63,63,61,63,0,8279,1.45687144005964,25,-86,0.001869,51,2026-02-08 12:51:06.001362,766,1.037,0.0011,"aoml_navis",1030.69604939898
"7901009",101,0,1,0.031773,1,0.009345,1,114.525300087501,1,4.8510432386202,768,1,7.99300003051758,34.939998626709,0.0317730009555817,0.0128288613632321,110.43579864502,-85.9602,25.2484,80.2930349042892,63,63,63,63,61,63,0,8279,1.45687144005964,25,-86,0.001869,51,2026-02-08 12:51:06.001362,768,1.037,0.0011,"aoml_navis",1030.70612939376
"7901009",101,0,1,0.031773,1,0.009345,1,115.18755114387,1,4.85092974046364,770,1,7.87799978256226,34.935001373291,0.0317730009555817,0.0128288613632321,111.074401855469,-85.9602,25.2484,80.2930349042892,63,63,63,63,61,63,0,8279,1.45687144005964,25,-86,0.001869,51,2026-02-08 12:51:06.001362,770,1.037,0.0011,"aoml_navis",1030.73024502765
"7901009",101,0,1,0.028035,1,0.005607,1,115.605782904866,1,4.85085081639106,772,1,7.80700016021729,34.9300003051758,0.0280349999666214,0.0102630890905857,111.477699279785,-85.9602,25.2484,80.2930349042892,63,63,63,63,61,63,0,8279,1.45687144005964,25,-86,0.001869,51,2026-02-08 12:51:06.001362,772,1.037,0.0011,"aoml_navis",1030.74701516381
"7901009",101,0,1,0.028035,1,0.005607,1,115.870847895254,1,4.85078094193952,774,1,7.75699996948242,34.9269981384277,0.0280349999666214,0.0102630890905857,111.733299255371,-85.9602,25.2484,80.2930349042892,63,63,63,63,61,63,0,8279,1.45687144005964,25,-86,0.001869,51,2026-02-08 12:51:06.001362,774,1.037,0.0011,"aoml_navis",1030.76186285188
"7901009",101,0,1,0.029904,1,0.007476,1,115.981915363915,1,4.85073843620573,776,1,7.7519998550415,34.9259986877441,0.0299040004611015,0.0115459747612476,111.840400695801,-85.9602,25.2484,80.2930349042892,63,63,63,63,61,63,0,8279,1.45687144005964,25,-86,0.001869,51,2026-02-08 12:51:06.001362,776,1.037,0.0011,"aoml_navis",1030.77089514458
"7901009",101,0,1,0.028035,1,0.005607,1,116.188804040222,1,4.85069380146945,778,1,7.74900007247925,34.9259986877441,0.0280349999666214,0.0102630890905857,112.039901733398,-85.9602,25.2484,80.2930349042892,63,63,63,63,61,63,0,8279,1.45687144005964,25,-86,0.001869,51,2026-02-08 12:51:06.001362,778,1.037,0.0011,"aoml_navis",1030.78038001189
"7901009",101,0,1,0.029904,1,0.007476,1,116.579138387449,1,4.85064034225115,780,1,7.72499990463257,34.923999786377,0.0299040004611015,0.0115459747612476,112.416297912598,-85.9602,25.2484,80.2930349042892,63,63,63,63,61,63,0,8279,1.45687144005964,25,-86,0.001869,51,2026-02-08 12:51:06.001362,780,1.037,0.0011,"aoml_navis",1030.79174030857
"7901009",101,0,1,0.033642,1,0.011214,1,116.92363900865,1,4.85056646921768,782,1,7.65999984741211,34.9189987182617,0.0336420014500618,0.0141117470338941,112.748497009277,-85.9602,25.2484,80.2930349042892,63,63,63,63,61,63,0,8279,1.45687144005964,25,-86,0.001869,51,2026-02-08 12:51:06.001362,782,1.037,0.0011,"aoml_navis",1030.80743903431
"7901009",101,0,1,0.026166,1,0.003738,1,117.073593541598,1,4.85052244293501,784,1,7.65299987792969,34.9179992675781,0.0261659994721413,0.00898020248860121,112.893096923828,-85.9602,25.2484,80.2930349042892,63,63,63,63,61,63,0,8279,1.45687144005964,25,-86,0.001869,51,2026-02-08 12:51:06.001362,784,1.037,0.0011,"aoml_navis",1030.81679526763
"7901009",101,0,1,0.024297,1,0.001869,1,117.363857982598,1,4.85047704543887,786,1,7.64900016784668,34.9179992675781,0.0242970008403063,0.00769731635227799,113.172996520996,-85.9602,25.2484,80.2930349042892,63,63,63,63,61,63,0,8279,1.45687144005964,25,-86,0.001869,51,2026-02-08 12:51:06.001362,786,1.037,0.0011,"aoml_navis",1030.82644308187
"7901009",101,0,1,0.031773,1,0.009345,1,117.900111785909,1,4.85043133371911,788,1,7.63500022888184,34.9160003662109,0.0317730009555817,0.0128288613632321,113.690101623535,-85.9602,25.2484,80.2930349042892,63,63,63,63,61,63,0,8279,1.45687144005964,25,-86,0.001869,51,2026-02-08 12:51:06.001362,788,1.037,0.0011,"aoml_navis",1030.83615785696
"7901009",101,0,1,0.029904,1,0.007476,1,118.704326340651,1,4.85036379867636,790,1,7.57800006866455,34.9109992980957,0.0299040004611015,0.0115459747612476,114.465599060059,-85.9602,25.2484,80.2930349042892,63,63,63,63,61,63,0,8279,1.45687144005964,25,-86,0.001869,51,2026-02-08 12:51:06.001362,790,1.037,0.0011,"aoml_navis",1030.85051091724
"7901009",101,0,1,0.028035,1,0.005607,1,119.157821508673,1,4.85028184053092,792,1,7.49700021743774,34.9049987792969,0.0280349999666214,0.0102630890905857,114.902900695801,-85.9602,25.2484,80.2930349042892,63,63,63,63,61,63,0,8279,1.45687144005964,25,-86,0.001869,51,2026-02-08 12:51:06.001362,792,1.037,0.0011,"aoml_navis",1030.86792982172
"7901009",101,0,1,0.028035,1,0.005607,1,119.439477785696,1,4.85022873874998,794,1,7.47800016403198,34.9039993286133,0.0280349999666214,0.0102630890905857,115.174499511719,-85.9602,25.2484,80.2930349042892,63,63,63,63,61,63,0,8279,1.45687144005964,25,-86,0.001869,51,2026-02-08 12:51:06.001362,794,1.037,0.0011,"aoml_navis",1030.87921607768
"7901009",101,0,1,0.029904,1,0.007476,1,119.833965888518,1,4.85018462998851,796,1,7.46600008010864,34.9020004272461,0.0299040004611015,0.0115459747612476,115.554901123047,-85.9602,25.2484,80.2930349042892,63,63,63,63,61,63,0,8279,1.45687144005964,25,-86,0.001869,51,2026-02-08 12:51:06.001362,796,1.037,0.0011,"aoml_navis",1030.88859114459
"7901009",101,0,1,0.026166,1,0.003738,1,120.371976137052,1,4.85011545217617,798,1,7.41599988937378,34.898998260498,0.0261659994721413,0.00898020248860121,116.073699951172,-85.9602,25.2484,80.2930349042892,63,63,63,63,61,63,0,8279,1.45687144005964,25,-86,0.001869,51,2026-02-08 12:51:06.001362,798,1.037,0.0011,"aoml_navis",1030.90329483942
"7901009",101,0,1,0.029904,1,0.007476,1,120.828272123132,1,4.85004420127299,800,1,7.36800003051758,34.8969993591309,0.0299040004611015,0.0115459747612476,116.513702392578,-85.9602,25.2484,80.2930349042892,63,63,63,63,61,63,0,8279,1.45687144005964,25,-86,0.001869,51,2026-02-08 12:51:06.001362,800,1.037,0.0011,"aoml_navis",1030.91843960673
"7901009",101,0,1,0.033642,1,0.011214,1,121.18345383015,1,4.84998432818875,802,1,7.33500003814697,34.8950004577637,0.0336420014500618,0.0141117470338941,116.856201171875,-85.9602,25.2484,80.2930349042892,63,63,63,63,61,63,0,8279,1.45687144005964,25,-86,0.001869,51,2026-02-08 12:51:06.001362,802,1.037,0.0011,"aoml_navis",1030.93116630075
"7901009",101,0,1,0.031773,1,0.009345,1,121.444681541559,1,4.84992900555378,804,1,7.30800008773804,34.8930015563965,0.0317730009555817,0.0128288613632321,117.108100891113,-85.9602,25.2484,80.2930349042892,63,63,63,63,61,63,0,8279,1.45687144005964,25,-86,0.001869,51,2026-02-08 12:51:06.001362,804,1.037,0.0011,"aoml_navis",1030.94292602518
"7901009",101,0,1,0.028035,1,0.005607,1,121.690354427254,1,4.84987597571662,806,1,7.28399991989136,34.890998840332,0.0280349999666214,0.0102630890905857,117.345001220703,-85.9602,25.2484,80.2930349042892,63,63,63,63,61,63,0,8279,1.45687144005964,25,-86,0.001869,51,2026-02-08 12:51:06.001362,806,1.037,0.0011,"aoml_navis",1030.95419863004
"7901009",101,0,1,0.031773,1,0.009345,1,121.806398490713,1,4.84982309958254,808,1,7.26999998092651,34.890998840332,0.0317730009555817,0.0128288613632321,117.456901550293,-85.9602,25.2484,80.2930349042892,63,63,63,63,61,63,0,8279,1.45687144005964,25,-86,0.001869,51,2026-02-08 12:51:06.001362,808,1.037,0.0011,"aoml_navis",1030.96543880753
"7901009",101,0,1,0.026166,1,0.003738,1,121.844351948981,1,4.84976641493155,810,1,7.24599981307983,34.8899993896484,0.0261659994721413,0.00898020248860121,117.493499755859,-85.9602,25.2484,80.2930349042892,63,63,63,63,61,63,0,8279,1.45687144005964,25,-86,0.001869,51,2026-02-08 12:51:06.001362,810,1.037,0.0011,"aoml_navis",1030.97748885512
"7901009",101,0,1,0.031773,1,0.009345,1,121.864677659694,1,4.84971137967537,812,1,7.23400020599365,34.890998840332,0.0317730009555817,0.0128288613632321,117.51309967041,-85.9602,25.2484,80.2930349042892,63,63,63,63,61,63,0,8279,1.45687144005964,25,-86,0.001869,51,2026-02-08 12:51:06.001362,812,1.037,0.0011,"aoml_navis",1030.98918854315
"7901009",101,0,1,0.033642,1,0.011214,1,121.927316294071,1,4.84966376428173,814,1,7.22700023651123,34.890998840332,0.0336420014500618,0.0141117470338941,117.573501586914,-85.9602,25.2484,80.2930349042892,63,63,63,63,61,63,0,8279,1.45687144005964,25,-86,0.001869,51,2026-02-08 12:51:06.001362,814,1.037,0.0011,"aoml_navis",1030.99931109153
"7901009",101,0,1,0.028035,1,0.005607,1,121.978126614896,1,4.84961764727278,816,1,7.22200012207031,34.890998840332,0.0280349999666214,0.0102630890905857,117.622497558594,-85.9602,25.2484,80.2930349042892,63,63,63,63,61,63,0,8279,1.45687144005964,25,-86,0.001869,51,2026-02-08 12:51:06.001362,816,1.037,0.0011,"aoml_navis",1031.00911528805
"7901009",101,0,1,0.031773,1,0.009345,1,122.049895599667,1,4.84957228020165,818,1,7.21799993515015,34.890998840332,0.0317730009555817,0.0128288613632321,117.691703796387,-85.9602,25.2484,80.2930349042892,63,63,63,63,61,63,0,8279,1.45687144005964,25,-86,0.001869,51,2026-02-08 12:51:06.001362,818,1.037,0.0011,"aoml_navis",1031.01876023427
"7901009",101,0,1,0.026166,1,0.003738,1,122.12829476956,1,4.8495320858496,820,1,7.21600008010864,34.8899993896484,0.0261659994721413,0.00898020248860121,117.767303466797,-85.9602,25.2484,80.2930349042892,63,63,63,63,61,63,0,8279,1.45687144005964,25,-86,0.001869,51,2026-02-08 12:51:06.001362,820,1.037,0.0011,"aoml_navis",1031.0273056218
"7901009",101,0,1,0.026166,1,0.003738,1,122.344923013749,1,4.84947401024198,822,1,7.19500017166138,34.8899993896484,0.0261659994721413,0.00898020248860121,117.976196289062,-85.9602,25.2484,80.2930349042892,63,63,63,63,61,63,0,8279,1.45687144005964,25,-86,0.001869,51,2026-02-08 12:51:06.001362,822,1.037,0.0011,"aoml_navis",1031.03965284485
"7901009",101,0,1,0.035511,1,0.013083,1,122.392212532212,1,4.84942335823873,824,1,7.17899990081787,34.8889999389648,0.0355109982192516,0.015394632704556,118.021797180176,-85.9602,25.2484,80.2930349042892,63,63,63,63,61,63,0,8279,1.45687144005964,25,-86,0.001869,51,2026-02-08 12:51:06.001362,824,1.037,0.0011,"aoml_navis",1031.05042200645
"7901009",101,0,1,0.029904,1,0.007476,1,122.33569772037,1,4.84937949239137,826,1,7.17700004577637,34.8889999389648,0.0299040004611015,0.0115459747612476,117.967300415039,-85.9602,25.2484,80.2930349042892,63,63,63,63,61,63,0,8279,1.45687144005964,25,-86,0.001869,51,2026-02-08 12:51:06.001362,826,1.037,0.0011,"aoml_navis",1031.05974853998
"7901009",101,0,1,0.029904,1,0.007476,1,122.224321687008,1,4.84933637543127,828,1,7.17600011825562,34.8889999389648,0.0299040004611015,0.0115459747612476,117.859901428223,-85.9602,25.2484,80.2930349042892,63,63,63,63,61,63,0,8279,1.45687144005964,25,-86,0.001869,51,2026-02-08 12:51:06.001362,828,1.037,0.0011,"aoml_navis",1031.06891601334
"7901009",101,0,1,0.029904,1,0.007476,1,122.196527128139,1,4.8492910808614,830,1,7.17700004577637,34.8899993896484,0.0299040004611015,0.0115459747612476,117.833099365234,-85.9602,25.2484,80.2930349042892,63,63,63,63,61,63,0,8279,1.45687144005964,25,-86,0.001869,51,2026-02-08 12:51:06.001362,830,1.037,0.0011,"aoml_navis",1031.07854666291
"7901009",101,0,1,0.031773,1,0.009345,1,122.302926566702,1,4.84923981133853,832,1,7.17000007629395,34.890998840332,0.0317730009555817,0.0128288613632321,117.935699462891,-85.9602,25.2484,80.2930349042892,63,63,63,63,61,63,0,8279,1.45687144005964,25,-86,0.001869,51,2026-02-08 12:51:06.001362,832,1.037,0.0011,"aoml_navis",1031.08944793965
"7901009",101,0,1,0.029904,1,0.007476,1,122.437120564134,1,4.84918997740298,834,1,7.15999984741211,34.890998840332,0.0299040004611015,0.0115459747612476,118.065101623535,-85.9602,25.2484,80.2930349042892,63,63,63,63,61,63,0,8279,1.45687144005964,25,-86,0.001869,51,2026-02-08 12:51:06.001362,834,1.037,0.0011,"aoml_navis",1031.1000441929
"7901009",101,0,1,0.026166,1,0.003738,1,122.497678364756,1,4.8491460609037,836,1,7.15299987792969,34.8899993896484,0.0261659994721413,0.00898020248860121,118.123497009277,-85.9602,25.2484,80.2930349042892,63,63,63,63,61,63,0,8279,1.45687144005964,25,-86,0.001869,51,2026-02-08 12:51:06.001362,836,1.037,0.0011,"aoml_navis",1031.10938239468
"7901009",101,0,1,0.028035,1,0.005607,1,122.541447080857,1,4.8491028930224,838,1,7.14699983596802,34.8889999389648,0.0280349999666214,0.0102630890905857,118.165702819824,-85.9602,25.2484,80.2930349042892,63,63,63,63,61,63,0,8279,1.45687144005964,25,-86,0.001869,51,2026-02-08 12:51:06.001362,838,1.037,0.0011,"aoml_navis",1031.11856157862
"7901009",101,0,1,0.033642,1,0.011214,1,122.490217428515,1,4.84905903942441,840,1,7.14499998092651,34.8889999389648,0.0336420014500618,0.0141117470338941,118.116302490234,-85.9602,25.2484,80.2930349042892,63,63,63,63,61,63,0,8279,1.45687144005964,25,-86,0.001869,51,2026-02-08 12:51:06.001362,840,1.037,0.0011,"aoml_navis",1031.12788674017
"7901009",101,0,1,0.031773,1,0.009345,1,122.518629116787,1,4.84901076759177,842,1,7.14200019836426,34.8899993896484,0.0317730009555817,0.0128288613632321,118.143699645996,-85.9602,25.2484,80.2930349042892,63,63,63,63,61,63,0,8279,1.45687144005964,25,-86,0.001869,51,2026-02-08 12:51:06.001362,842,1.037,0.0011,"aoml_navis",1031.13815160349
"7901009",101,0,1,0.029904,1,0.007476,1,122.555031839633,1,4.84896691760917,844,1,7.1399998664856,34.8899993896484,0.0299040004611015,0.0115459747612476,118.178802490234,-85.9602,25.2484,80.2930349042892,63,63,63,63,61,63,0,8279,1.45687144005964,25,-86,0.001869,51,2026-02-08 12:51:06.001362,844,1.037,0.0011,"aoml_navis",1031.14747635055
"7901009",101,0,1,0.026166,1,0.003738,1,122.576394011266,1,4.84892306995644,846,1,7.13800001144409,34.8899993896484,0.0261659994721413,0.00898020248860121,118.199401855469,-85.9602,25.2484,80.2930349042892,63,63,63,63,61,63,0,8279,1.45687144005964,25,-86,0.001869,51,2026-02-08 12:51:06.001362,846,1.037,0.0011,"aoml_navis",1031.1568007708
"7901009",101,0,1,0.028035,1,0.005607,1,122.688497940846,1,4.84887997115243,848,1,7.13700008392334,34.8899993896484,0.0280349999666214,0.0102630890905857,118.307502746582,-85.9602,25.2484,80.2930349042892,63,63,63,63,61,63,0,8279,1.45687144005964,25,-86,0.001869,51,2026-02-08 12:51:06.001362,848,1.037,0.0011,"aoml_navis",1031.16596610901
"7901009",101,0,1,0.029904,1,0.007476,1,122.90917708573,1,4.84882268855702,850,1,7.11700010299683,34.8899993896484,0.0299040004611015,0.0115459747612476,118.520301818848,-85.9602,25.2484,80.2930349042892,63,63,63,63,61,63,0,8279,1.45687144005964,25,-86,0.001869,51,2026-02-08 12:51:06.001362,850,1.037,0.0011,"aoml_navis",1031.17814800689
"7901009",101,0,1,0.035511,1,0.013083,1,123.16532534744,1,4.84877282143882,852,1,7.10200023651123,34.8889999389648,0.0355109982192516,0.015394632704556,118.767303466797,-85.9602,25.2484,80.2930349042892,63,63,63,63,61,63,0,8279,1.45687144005964,25,-86,0.001869,51,2026-02-08 12:51:06.001362,852,1.037,0.0011,"aoml_navis",1031.18875314029
"7901009",101,0,1,0.031773,1,0.009345,1,123.4588020261,1,4.84870807034758,854,1,7.06699991226196,34.8880004882812,0.0317730009555817,0.0128288613632321,119.050300598145,-85.9602,25.2484,80.2930349042892,63,63,63,63,61,63,0,8279,1.45687144005964,25,-86,0.001869,51,2026-02-08 12:51:06.001362,854,1.037,0.0011,"aoml_navis",1031.20252394192
"7901009",101,0,1,0.031773,1,0.009345,1,123.582726357318,1,4.84865748666336,856,1,7.05100011825562,34.8870010375977,0.0317730009555817,0.0128288613632321,119.169799804688,-85.9602,25.2484,80.2930349042892,63,63,63,63,61,63,0,8279,1.45687144005964,25,-86,0.001869,51,2026-02-08 12:51:06.001362,856,1.037,0.0011,"aoml_navis",1031.21328197608
"7901009",101,0,1,0.029904,1,0.007476,1,123.648062954853,1,4.84860695327507,858,1,7.03999996185303,34.8870010375977,0.0299040004611015,0.0115459747612476,119.232803344727,-85.9602,25.2484,80.2930349042892,63,63,63,63,61,63,0,8279,1.45687144005964,25,-86,0.001869,51,2026-02-08 12:51:06.001362,858,1.037,0.0011,"aoml_navis",1031.22402953753
"7901009",101,0,1,0.026166,1,0.003738,1,123.709142941892,1,4.84856077025659,859.900024414062,1,7.03200006484985,34.8870010375977,0.0261659994721413,0.00898020248860121,119.291702270508,-85.9602,25.2484,80.2930349042892,63,63,63,63,61,63,0,8279,1.45687144005964,25,-86,0.001869,51,2026-02-08 12:51:06.001362,859.900024414062,1.037,0.0011,"aoml_navis",1031.23385204789
"7901009",101,0,1,0.031773,1,0.009345,1,123.757049589758,1,4.84851184083572,862,1,7.02600002288818,34.8870010375977,0.0317730009555817,0.0128288613632321,119.337898254395,-85.9602,25.2484,80.2930349042892,63,63,63,63,61,63,0,8279,1.45687144005964,25,-86,0.001869,51,2026-02-08 12:51:06.001362,862,1.037,0.0011,"aoml_navis",1031.24425888546
"7901009",101,0,1,0.031773,1,0.009345,1,123.753631642297,1,4.84846874504583,864,1,7.02500009536743,34.8870010375977,0.0317730009555817,0.0128288613632321,119.334602355957,-85.9602,25.2484,80.2930349042892,63,63,63,63,61,63,0,8279,1.45687144005964,25,-86,0.001869,51,2026-02-08 12:51:06.001362,864,1.037,0.0011,"aoml_navis",1031.25342513737
"7901009",101,0,1,0.029904,1,0.007476,1,123.833478692712,1,4.8484271376554,866,1,7.02600002288818,34.8870010375977,0.0299040004611015,0.0115459747612476,119.411598205566,-85.9602,25.2484,80.2930349042892,63,63,63,63,61,63,0,8279,1.45687144005964,25,-86,0.001869,51,2026-02-08 12:51:06.001362,866,1.037,0.0011,"aoml_navis",1031.26227496901
"7901009",101,0,1,0.028035,1,0.005607,1,123.997540170853,1,4.84837735820719,868,1,7.01599979400635,34.8870010375977,0.0280349999666214,0.0102630890905857,119.569801330566,-85.9602,25.2484,80.2930349042892,63,63,63,63,61,63,0,8279,1.45687144005964,25,-86,0.001869,51,2026-02-08 12:51:06.001362,868,1.037,0.0011,"aoml_navis",1031.27286318507
"7901009",101,0,1,0.029904,1,0.007476,1,124.152779863301,1,4.84832312799655,870,1,7,34.8870010375977,0.0299040004611015,0.0115459747612476,119.719497680664,-85.9602,25.2484,80.2930349042892,63,63,63,63,61,63,0,8279,1.45687144005964,25,-86,0.001869,51,2026-02-08 12:51:06.001362,870,1.037,0.0011,"aoml_navis",1031.28439833715
"7901009",101,0,1,0.028035,1,0.005607,1,124.236052773093,1,4.84827628888642,872,1,6.98899984359741,34.8860015869141,0.0280349999666214,0.0102630890905857,119.799797058105,-85.9602,25.2484,80.2930349042892,63,63,63,63,61,63,0,8279,1.45687144005964,25,-86,0.001869,51,2026-02-08 12:51:06.001362,872,1.037,0.0011,"aoml_navis",1031.29436155719
"7901009",101,0,1,0.029904,1,0.007476,1,124.319325682884,1,4.84822948963732,874,1,6.98299980163574,34.8860015869141,0.0299040004611015,0.0115459747612476,119.880096435547,-85.9602,25.2484,80.2930349042892,63,63,63,63,61,63,0,8279,1.45687144005964,25,-86,0.001869,51,2026-02-08 12:51:06.001362,874,1.037,0.0011,"aoml_navis",1031.3043164906
"7901009",101,0,1,0.029904,1,0.007476,1,124.395754785838,1,4.84818120914523,876,1,6.97499990463257,34.8860015869141,0.0299040004611015,0.0115459747612476,119.953796386719,-85.9602,25.2484,80.2930349042892,63,63,63,63,61,63,0,8279,1.45687144005964,25,-86,0.001869,51,2026-02-08 12:51:06.001362,876,1.037,0.0011,"aoml_navis",1031.31458670901
"7901009",101,0,1,0.028035,1,0.005607,1,124.463686491631,1,4.84813441418333,878,1,6.9689998626709,34.8860015869141,0.0280349999666214,0.0102630890905857,120.019302368164,-85.9602,25.2484,80.2930349042892,63,63,63,63,61,63,0,8279,1.45687144005964,25,-86,0.001869,51,2026-02-08 12:51:06.001362,878,1.037,0.0011,"aoml_navis",1031.32454112089
"7901009",101,0,1,0.029904,1,0.007476,1,124.508586611637,1,4.84809132912384,880,1,6.96799993515015,34.8860015869141,0.0299040004611015,0.0115459747612476,120.062599182129,-85.9602,25.2484,80.2930349042892,63,63,63,63,61,63,0,8279,1.45687144005964,25,-86,0.001869,51,2026-02-08 12:51:06.001362,880,1.037,0.0011,"aoml_navis",1031.33370651737
"7901009",101,0,1,0.031773,1,0.009345,1,124.605760756821,1,4.84805044958463,882,1,6.96500015258789,34.8849983215332,0.0317730009555817,0.0128288613632321,120.156303405762,-85.9602,25.2484,80.2930349042892,63,63,63,63,61,63,0,8279,1.45687144005964,25,-86,0.001869,51,2026-02-08 12:51:06.001362,882,1.037,0.0011,"aoml_navis",1031.34240288865
"7901009",101,0,1,0.033642,1,0.011214,1,124.739843987437,1,4.84800291829207,884,1,6.95800018310547,34.8849983215332,0.0336420014500618,0.0141117470338941,120.285598754883,-85.9602,25.2484,80.2930349042892,63,63,63,63,61,63,0,8279,1.45687144005964,25,-86,0.001869,51,2026-02-08 12:51:06.001362,884,1.037,0.0011,"aoml_navis",1031.3525144827
"7901009",101,0,1,0.033642,1,0.011214,1,124.802688331615,1,4.84795390634622,886,1,6.94899988174438,34.8849983215332,0.0336420014500618,0.0141117470338941,120.346199035645,-85.9602,25.2484,80.2930349042892,63,63,63,63,61,63,0,8279,1.45687144005964,25,-86,0.001869,51,2026-02-08 12:51:06.001362,886,1.037,0.0011,"aoml_navis",1031.36294127193
"7901009",101,0,1,0.028035,1,0.005607,1,124.975975103135,1,4.84790857044613,888,1,6.94000005722046,34.8839988708496,0.0280349999666214,0.0102630890905857,120.513298034668,-85.9602,25.2484,80.2930349042892,63,63,63,63,61,63,0,8279,1.45687144005964,25,-86,0.001869,51,2026-02-08 12:51:06.001362,888,1.037,0.0011,"aoml_navis",1031.3725862078
"7901009",101,0,1,0.028035,1,0.005607,1,125.116079301386,1,4.8478617874497,890,1,6.93400001525879,34.8839988708496,0.0280349999666214,0.0102630890905857,120.648399353027,-85.9602,25.2484,80.2930349042892,63,63,63,63,61,63,0,8279,1.45687144005964,25,-86,0.001869,51,2026-02-08 12:51:06.001362,890,1.037,0.0011,"aoml_navis",1031.3825391937
"7901009",101,0,1,0.026166,1,0.003738,1,125.325871650653,1,4.84781278437292,892,1,6.92500019073486,34.8839988708496,0.0261659994721413,0.00898020248860121,120.850700378418,-85.9602,25.2484,80.2930349042892,63,63,63,63,61,63,0,8279,1.45687144005964,25,-86,0.001869,51,2026-02-08 12:51:06.001362,892,1.037,0.0011,"aoml_navis",1031.39296470311
"7901009",101,0,1,0.031773,1,0.009345,1,125.624324924111,1,4.84775857481313,894,1,6.90399980545044,34.882999420166,0.0317730009555817,0.0128288613632321,121.138496398926,-85.9602,25.2484,80.2930349042892,63,63,63,63,61,63,0,8279,1.45687144005964,25,-86,0.001869,51,2026-02-08 12:51:06.001362,894,1.037,0.0011,"aoml_navis",1031.40449814845
"7901009",101,0,1,0.031773,1,0.009345,1,125.848738493073,1,4.84770659928184,896,1,6.88600015640259,34.8819999694824,0.0317730009555817,0.0128288613632321,121.35489654541,-85.9602,25.2484,80.2930349042892,63,63,63,63,61,63,0,8279,1.45687144005964,25,-86,0.001869,51,2026-02-08 12:51:06.001362,896,1.037,0.0011,"aoml_navis",1031.41555653156
"7901009",101,0,1,0.031773,1,0.009345,1,126.024620372852,1,4.84765170082179,898,1,6.86899995803833,34.8819999694824,0.0317730009555817,0.0128288613632321,121.52449798584,-85.9602,25.2484,80.2930349042892,63,63,63,63,61,63,0,8279,1.45687144005964,25,-86,0.001869,51,2026-02-08 12:51:06.001362,898,1.037,0.0011,"aoml_navis",1031.42723705838
"7901009",101,0,1,0.029904,1,0.007476,1,126.176030698237,1,4.84760124068091,900,1,6.85799980163574,34.8819999694824,0.0299040004611015,0.0115459747612476,121.670501708984,-85.9602,25.2484,80.2930349042892,63,63,63,63,61,63,0,8279,1.45687144005964,25,-86,0.001869,51,2026-02-08 12:51:06.001362,900,1.037,0.0011,"aoml_navis",1031.43797349505
"7901009",101,0,1,0.029904,1,0.007476,1,126.394842631082,1,4.84755152296656,902,1,6.84800004959106,34.8819999694824,0.0299040004611015,0.0115459747612476,121.881500244141,-85.9602,25.2484,80.2930349042892,63,63,63,63,61,63,0,8279,1.45687144005964,25,-86,0.001869,51,2026-02-08 12:51:06.001362,902,1.037,0.0011,"aoml_navis",1031.44855218375
"7901009",101,0,1,0.028035,1,0.005607,1,126.590322325354,1,4.84750621896678,904,1,6.83900022506714,34.8810005187988,0.0280349999666214,0.0102630890905857,122.069999694824,-85.9602,25.2484,80.2930349042892,63,63,63,63,61,63,0,8279,1.45687144005964,25,-86,0.001869,51,2026-02-08 12:51:06.001362,904,1.037,0.0011,"aoml_navis",1031.45819193311
"7901009",101,0,1,0.031773,1,0.009345,1,126.701081229314,1,4.84745429634741,906,1,6.82600021362305,34.8810005187988,0.0317730009555817,0.0128288613632321,122.176803588867,-85.9602,25.2484,80.2930349042892,63,63,63,63,61,63,0,8279,1.45687144005964,25,-86,0.001869,51,2026-02-08 12:51:06.001362,906,1.037,0.0011,"aoml_navis",1031.46924020873
"7901009",101,0,1,0.029904,1,0.007476,1,126.825725544834,1,4.84740385300936,908,1,6.81500005722046,34.8810005187988,0.0299040004611015,0.0115459747612476,122.296997070312,-85.9602,25.2484,80.2930349042892,63,63,63,63,61,63,0,8279,1.45687144005964,25,-86,0.001869,51,2026-02-08 12:51:06.001362,908,1.037,0.0011,"aoml_navis",1031.47997394438
"7901009",101,0,1,0.028035,1,0.005607,1,126.944989757869,1,4.84735929620319,910,1,6.80700016021729,34.8800010681152,0.0280349999666214,0.0102630890905857,122.412002563477,-85.9602,25.2484,80.2930349042892,63,63,63,63,61,63,0,8279,1.45687144005964,25,-86,0.001869,51,2026-02-08 12:51:06.001362,910,1.037,0.0011,"aoml_navis",1031.48945528267
"7901009",101,0,1,0.028035,1,0.005607,1,127.029813403083,1,4.84731475180992,912,1,6.80399990081787,34.8800010681152,0.0280349999666214,0.0102630890905857,122.493797302246,-85.9602,25.2484,80.2930349042892,63,63,63,63,61,63,0,8279,1.45687144005964,25,-86,0.001869,51,2026-02-08 12:51:06.001362,912,1.037,0.0011,"aoml_navis",1031.49893415382
"7901009",101,0,1,0.028035,1,0.005607,1,127.178217200609,1,4.84726799960853,914,1,6.7979998588562,34.8800010681152,0.0280349999666214,0.0102630890905857,122.636901855469,-85.9602,25.2484,80.2930349042892,63,63,63,63,61,63,0,8279,1.45687144005964,25,-86,0.001869,51,2026-02-08 12:51:06.001362,914,1.037,0.0011,"aoml_navis",1031.5088830252
"7901009",101,0,1,0.029904,1,0.007476,1,127.38074641152,1,4.84721673982034,915.900024414062,1,6.78299999237061,34.8800010681152,0.0299040004611015,0.0115459747612476,122.83219909668,-85.9602,25.2484,80.2930349042892,63,63,63,63,61,63,0,8279,1.45687144005964,25,-86,0.001869,51,2026-02-08 12:51:06.001362,915.900024414062,1.037,0.0011,"aoml_navis",1031.51979133191
"7901009",101,0,1,0.031773,1,0.009345,1,127.615216024981,1,4.84717228459245,918,1,6.77799987792969,34.8790016174316,0.0317730009555817,0.0128288613632321,123.058296203613,-85.9602,25.2484,80.2930349042892,63,63,63,63,61,63,0,8279,1.45687144005964,25,-86,0.001869,51,2026-02-08 12:51:06.001362,918,1.037,0.0011,"aoml_navis",1031.52925178528
"7901009",101,0,1,0.029904,1,0.007476,1,127.959621703197,1,4.84712186102775,920,1,6.76700019836426,34.8790016174316,0.0299040004611015,0.0115459747612476,123.390403747559,-85.9602,25.2484,80.2930349042892,63,63,63,63,61,63,0,8279,1.45687144005964,25,-86,0.001869,51,2026-02-08 12:51:06.001362,920,1.037,0.0011,"aoml_navis",1031.53998256191
"7901009",101,0,1,0.031773,1,0.009345,1,128.332225447968,1,4.84705382696512,922,1,6.72700023651123,34.8779983520508,0.0317730009555817,0.0128288613632321,123.749702453613,-85.9602,25.2484,80.2930349042892,63,63,63,63,61,63,0,8279,1.45687144005964,25,-86,0.001869,51,2026-02-08 12:51:06.001362,922,1.037,0.0011,"aoml_navis",1031.55446143057
"7901009",101,0,1,0.029904,1,0.007476,1,128.494000382553,1,4.84699902178588,924,1,6.71000003814697,34.8779983520508,0.0299040004611015,0.0115459747612476,123.905700683594,-85.9602,25.2484,80.2930349042892,63,63,63,63,61,63,0,8279,1.45687144005964,25,-86,0.001869,51,2026-02-08 12:51:06.001362,924,1.037,0.0011,"aoml_navis",1031.5661252512
"7901009",101,0,1,0.029904,1,0.007476,1,128.540664859698,1,4.84695302067436,926,1,6.70499992370605,34.8779983520508,0.0299040004611015,0.0115459747612476,123.950698852539,-85.9602,25.2484,80.2930349042892,63,63,63,63,61,63,0,8279,1.45687144005964,25,-86,0.001869,51,2026-02-08 12:51:06.001362,926,1.037,0.0011,"aoml_navis",1031.57591556444
"7901009",101,0,1,0.029904,1,0.007476,1,128.636486067345,1,4.84691289330878,928,1,6.70300006866455,34.8769989013672,0.0299040004611015,0.0115459747612476,124.043098449707,-85.9602,25.2484,80.2930349042892,63,63,63,63,61,63,0,8279,1.45687144005964,25,-86,0.001869,51,2026-02-08 12:51:06.001362,928,1.037,0.0011,"aoml_navis",1031.58445593329
"7901009",101,0,1,0.028035,1,0.005607,1,128.73293231631,1,4.8468654296045,930,1,6.69600009918213,34.8769989013672,0.0280349999666214,0.0102630890905857,124.136100769043,-85.9602,25.2484,80.2930349042892,63,63,63,63,61,63,0,8279,1.45687144005964,25,-86,0.001869,51,2026-02-08 12:51:06.001362,930,1.037,0.0011,"aoml_navis",1031.59455788893
"7901009",101,0,1,0.031773,1,0.009345,1,128.838398148854,1,4.84681943393388,932,1,6.69099998474121,34.8769989013672,0.0317730009555817,0.0128288613632321,124.237800598145,-85.9602,25.2484,80.2930349042892,63,63,63,63,61,63,0,8279,1.45687144005964,25,-86,0.001869,51,2026-02-08 12:51:06.001362,932,1.037,0.0011,"aoml_navis",1031.60434758383
"7901009",101,0,1,0.028035,1,0.005607,1,129.002040295478,1,4.84677417301798,934,1,6.68699979782104,34.8769989013672,0.0280349999666214,0.0102630890905857,124.395599365234,-85.9602,25.2484,80.2930349042892,63,63,63,63,61,63,0,8279,1.45687144005964,25,-86,0.001869,51,2026-02-08 12:51:06.001362,934,1.037,0.0011,"aoml_navis",1031.61398107529
"7901009",101,0,1,0.029904,1,0.007476,1,129.261606504649,1,4.84672599138143,936,1,6.67399978637695,34.8759994506836,0.0299040004611015,0.0115459747612476,124.645896911621,-85.9602,25.2484,80.2930349042892,63,63,63,63,61,63,0,8279,1.45687144005964,25,-86,0.001869,51,2026-02-08 12:51:06.001362,936,1.037,0.0011,"aoml_navis",1031.62423642086
"7901009",101,0,1,0.029904,1,0.007476,1,129.430541722689,1,4.84667267957315,938,1,6.65899991989136,34.8759994506836,0.0299040004611015,0.0115459747612476,124.808799743652,-85.9602,25.2484,80.2930349042892,63,63,63,63,61,63,0,8279,1.45687144005964,25,-86,0.001869,51,2026-02-08 12:51:06.001362,938,1.037,0.0011,"aoml_navis",1031.63558394877
"7901009",101,0,1,0.031773,1,0.009345,1,129.623948495121,1,4.84662303346298,940,1,6.64900016784668,34.8759994506836,0.0317730009555817,0.0128288613632321,124.995300292969,-85.9602,25.2484,80.2930349042892,63,63,63,63,61,63,0,8279,1.45687144005964,25,-86,0.001869,51,2026-02-08 12:51:06.001362,940,1.037,0.0011,"aoml_navis",1031.64615144979
"7901009",101,0,1,0.033642,1,0.011214,1,129.83321865797,1,4.84657412198158,942,1,6.6399998664856,34.8759994506836,0.0336420014500618,0.0141117470338941,125.19709777832,-85.9602,25.2484,80.2930349042892,63,63,63,63,61,63,0,8279,1.45687144005964,25,-86,0.001869,51,2026-02-08 12:51:06.001362,942,1.037,0.0011,"aoml_navis",1031.65656279196
"7901009",101,0,1,0.031773,1,0.009345,1,130.016877950606,1,4.84653107947793,944,1,6.63399982452393,34.875,0.0317730009555817,0.0128288613632321,125.374198913574,-85.9602,25.2484,80.2930349042892,63,63,63,63,61,63,0,8279,1.45687144005964,25,-86,0.001869,51,2026-02-08 12:51:06.001362,944,1.037,0.0011,"aoml_navis",1031.66572503206
"7901009",101,0,1,0.028035,1,0.005607,1,130.328195998537,1,4.84647998089273,946,1,6.62200021743774,34.875,0.0280349999666214,0.0102630890905857,125.67440032959,-85.9602,25.2484,80.2930349042892,63,63,63,63,61,63,0,8279,1.45687144005964,25,-86,0.001869,51,2026-02-08 12:51:06.001362,946,1.037,0.0011,"aoml_navis",1031.67660234078
"7901009",101,0,1,0.028035,1,0.005607,1,130.542964942602,1,4.84642890687313,948,1,6.60500001907349,34.8740005493164,0.0280349999666214,0.0102630890905857,125.881500244141,-85.9602,25.2484,80.2930349042892,63,63,63,63,61,63,0,8279,1.45687144005964,25,-86,0.001869,51,2026-02-08 12:51:06.001362,948,1.037,0.0011,"aoml_navis",1031.68747464944
"7901009",101,0,1,0.028035,1,0.005607,1,130.733262332275,1,4.84638220007608,950,1,6.59899997711182,34.8740005493164,0.0280349999666214,0.0102630890905857,126.065002441406,-85.9602,25.2484,80.2930349042892,63,63,63,63,61,63,0,8279,1.45687144005964,25,-86,0.001869,51,2026-02-08 12:51:06.001362,950,1.037,0.0011,"aoml_navis",1031.69741749248
"7901009",101,0,1,0.029904,1,0.007476,1,131.005273984402,1,4.84632746745217,952,1,6.58199977874756,34.8740005493164,0.0299040004611015,0.0115459747612476,126.327301025391,-85.9602,25.2484,80.2930349042892,63,63,63,63,61,63,0,8279,1.45687144005964,25,-86,0.001869,51,2026-02-08 12:51:06.001362,952,1.037,0.0011,"aoml_navis",1031.70906910024
"7901009",101,0,1,0.028035,1,0.005607,1,131.248976803157,1,4.84627420312718,954,1,6.56699991226196,34.8740005493164,0.0280349999666214,0.0102630890905857,126.562301635742,-85.9602,25.2484,80.2930349042892,63,63,63,63,61,63,0,8279,1.45687144005964,25,-86,0.001869,51,2026-02-08 12:51:06.001362,954,1.037,0.0011,"aoml_navis",1031.72040838581
"7901009",101,0,1,0.031773,1,0.009345,1,131.529288054558,1,4.8462209466254,956,1,6.55200004577637,34.8740005493164,0.0317730009555817,0.0128288613632321,126.83260345459,-85.9602,25.2484,80.2930349042892,63,63,63,63,61,63,0,8279,1.45687144005964,25,-86,0.001869,51,2026-02-08 12:51:06.001362,956,1.037,0.0011,"aoml_navis",1031.73174625513
"7901009",101,0,1,0.028035,1,0.005607,1,131.749547867925,1,4.84617136995038,958,1,6.53700017929077,34.8730010986328,0.0280349999666214,0.0102630890905857,127.044998168945,-85.9602,25.2484,80.2930349042892,63,63,63,63,61,63,0,8279,1.45687144005964,25,-86,0.001869,51,2026-02-08 12:51:06.001362,958,1.037,0.0011,"aoml_navis",1031.74230094368
"7901009",101,0,1,0.029904,1,0.007476,1,131.864349760664,1,4.84612322136111,960,1,6.52899980545044,34.8730010986328,0.0299040004611015,0.0115459747612476,127.155700683594,-85.9602,25.2484,80.2930349042892,63,63,63,63,61,63,0,8279,1.45687144005964,25,-86,0.001869,51,2026-02-08 12:51:06.001362,960,1.037,0.0011,"aoml_navis",1031.75255180484
"7901009",101,0,1,0.028035,1,0.005607,1,132.047384011981,1,4.84607944156554,962,1,6.52699995040894,34.8730010986328,0.0280349999666214,0.0102630890905857,127.33219909668,-85.9602,25.2484,80.2930349042892,63,63,63,63,61,63,0,8279,1.45687144005964,25,-86,0.001869,51,2026-02-08 12:51:06.001362,962,1.037,0.0011,"aoml_navis",1031.76187272422
"7901009",101,0,1,0.029904,1,0.007476,1,132.2741869794,1,4.84603642427427,964,1,6.52099990844727,34.8720016479492,0.0299040004611015,0.0115459747612476,127.550903320312,-85.9602,25.2484,80.2930349042892,63,63,63,63,61,63,0,8279,1.45687144005964,25,-86,0.001869,51,2026-02-08 12:51:06.001362,964,1.037,0.0011,"aoml_navis",1031.77103146698
"7901009",101,0,1,0.029904,1,0.007476,1,132.588614410091,1,4.84598682749517,966,1,6.51100015640259,34.8720016479492,0.0299040004611015,0.0115459747612476,127.854103088379,-85.9602,25.2484,80.2930349042892,63,63,63,63,61,63,0,8279,1.45687144005964,25,-86,0.001869,51,2026-02-08 12:51:06.001362,966,1.037,0.0011,"aoml_navis",1031.78159123979
"7901009",101,0,1,0.031773,1,0.009345,1,132.840395294489,1,4.8459357800474,968,1,6.49900007247925,34.8720016479492,0.0317730009555817,0.0128288613632321,128.096893310547,-85.9602,25.2484,80.2930349042892,63,63,63,63,61,63,0,8279,1.45687144005964,25,-86,0.001869,51,2026-02-08 12:51:06.001362,968,1.037,0.0011,"aoml_navis",1031.79246010377
"7901009",101,0,1,0.028035,1,0.005607,1,133.157837164955,1,4.8458847376007,970,1,6.48699998855591,34.8720016479492,0.0280349999666214,0.0102630890905857,128.40299987793,-85.9602,25.2484,80.2930349042892,63,63,63,63,61,63,0,8279,1.45687144005964,25,-86,0.001869,51,2026-02-08 12:51:06.001362,970,1.037,0.0011,"aoml_navis",1031.8033281319
"7901009",101,0,1,0.031773,1,0.009345,1,133.471845264129,1,4.84583520774301,972,1,6.47200012207031,34.8709983825684,0.0317730009555817,0.0128288613632321,128.705795288086,-85.9602,25.2484,80.2930349042892,63,63,63,63,61,63,0,8279,1.45687144005964,25,-86,0.001869,51,2026-02-08 12:51:06.001362,972,1.037,0.0011,"aoml_navis",1031.81387431637
"7901009",101,0,1,0.028035,1,0.005607,1,133.693885258465,1,4.84578707950862,974,1,6.46400022506714,34.8709983825684,0.0280349999666214,0.0102630890905857,128.919906616211,-85.9602,25.2484,80.2930349042892,63,63,63,63,61,63,0,8279,1.45687144005964,25,-86,0.001869,51,2026-02-08 12:51:06.001362,974,1.037,0.0011,"aoml_navis",1031.82412226561
"7901009",101,0,1,0.028035,1,0.005607,1,133.882410379084,1,4.84574552815484,976,1,6.46000003814697,34.8699989318848,0.0280349999666214,0.0102630890905857,129.101699829102,-85.9602,25.2484,80.2930349042892,63,63,63,63,61,63,0,8279,1.45687144005964,25,-86,0.001869,51,2026-02-08 12:51:06.001362,976,1.037,0.0011,"aoml_navis",1031.83296996281
"7901009",101,0,1,0.028035,1,0.005607,1,134.14592463405,1,4.84570103266974,978,1,6.45699977874756,34.8699989318848,0.0280349999666214,0.0102630890905857,129.355804443359,-85.9602,25.2484,80.2930349042892,63,63,63,63,61,63,0,8279,1.45687144005964,25,-86,0.001869,51,2026-02-08 12:51:06.001362,978,1.037,0.0011,"aoml_navis",1031.842444734
"7901009",101,0,1,0.029904,1,0.007476,1,138.638753276572,1,4.84516498945281,999.299987792969,1,6.31869983673096,34.8660011291504,0.0299040004611015,0.0115459747612476,133.688201904297,-85.9602,25.2484,80.2930349042892,63,63,63,63,61,63,0,8279,1.45687144005964,25,-86,0.001869,51,2026-02-08 12:51:06.001362,999.299987792969,1.037,0.0011,"aoml_navis",1031.95660227964
"7901009",101,0,1,0.026166,1,0.003738,1,144.598356094907,1,4.84391225782377,1050.30004882812,1,6.09180021286011,34.8689994812012,0.0261659994721413,0.00898020248860121,139.434997558594,-85.9602,25.2484,80.2930349042892,63,63,63,63,61,63,0,8279,1.45687144005964,25,-86,0.001869,51,2026-02-08 12:51:06.001362,1050.30004882812,1.037,0.0011,"aoml_navis",1032.2234866918
"7901009",101,0,1,0.035511,1,0.013083,1,152.956408601206,1,4.84256625201531,1099.09997558594,1,5.68450021743774,34.8759994506836,0.0355109982192516,0.015394632704556,147.494598388672,-85.9602,25.2484,80.2930349042892,63,63,63,63,61,63,0,8279,1.45687144005964,25,-86,0.001869,51,2026-02-08 12:51:06.001362,1099.09997558594,1.037,0.0011,"aoml_navis",1032.51039630468
"7901009",101,0,1,0.029904,1,0.007476,1,160.091073273832,1,4.84132630844622,1149.5,1,5.46120023727417,34.8810005187988,0.0299040004611015,0.0115459747612476,154.374496459961,-85.9602,25.2484,80.2930349042892,63,63,63,63,61,63,0,8279,1.45687144005964,25,-86,0.001869,51,2026-02-08 12:51:06.001362,1149.5,1.037,0.0011,"aoml_navis",1032.77483925778
"7901009",101,0,1,0.029904,1,0.007476,1,167.190482451347,1,4.84007823574868,1199,1,5.21169996261597,34.8889999389648,0.0299040004611015,0.0115459747612476,161.220397949219,-85.9602,25.2484,80.2930349042892,63,63,63,63,61,63,0,8279,1.45687144005964,25,-86,0.001869,51,2026-02-08 12:51:06.001362,1199,1.037,0.0011,"aoml_navis",1033.04115273802
"7901009",101,0,1,0.031773,1,0.009345,1,173.443474917272,1,4.83884895863645,1249.40002441406,1,5.00379991531372,34.8950004577637,0.0317730009555817,0.0128288613632321,167.250106811523,-85.9602,25.2484,80.2930349042892,63,63,63,63,61,63,0,8279,1.45687144005964,25,-86,0.001869,51,2026-02-08 12:51:06.001362,1249.40002441406,1.037,0.0011,"aoml_navis",1033.3035899118
"7901009",101,0,1,0.031773,1,0.009345,1,179.296472587243,1,4.83764772026354,1300.09997558594,1,4.84959983825684,34.9020004272461,0.0317730009555817,0.0128288613632321,172.894104003906,-85.9602,25.2484,80.2930349042892,63,63,63,63,61,63,0,8279,1.45687144005964,25,-86,0.001869,51,2026-02-08 12:51:06.001362,1300.09997558594,1.037,0.0011,"aoml_navis",1033.56016996782
"7901009",101,0,1,0.026166,1,0.003738,1,184.623074700516,1,4.83646943436856,1349.90002441406,1,4.69399976730347,34.9080009460449,0.0261659994721413,0.00898020248860121,178.030502319336,-85.9602,25.2484,80.2930349042892,63,63,63,63,61,63,0,8279,1.45687144005964,25,-86,0.001869,51,2026-02-08 12:51:06.001362,1349.90002441406,1.037,0.0011,"aoml_navis",1033.81197128413
"7901009",101,0,1,0.026166,1,0.003738,1,189.349241552594,1,4.83532423147564,1399.90002441406,1,4.58099985122681,34.9119987487793,0.0261659994721413,0.00898020248860121,182.587905883789,-85.9602,25.2484,80.2930349042892,63,63,63,63,61,63,0,8279,1.45687144005964,25,-86,0.001869,51,2026-02-08 12:51:06.001362,1399.90002441406,1.037,0.0011,"aoml_navis",1034.0568203167
"7901009",101,0,1,0.033642,1,0.011214,1,192.221804860164,1,4.83421895224248,1449.5,1,4.50759983062744,34.9150009155273,0.0336420014500618,0.0141117470338941,185.357894897461,-85.9602,25.2484,80.2930349042892,63,63,63,63,61,63,0,8279,1.45687144005964,25,-86,0.001869,51,2026-02-08 12:51:06.001362,1449.5,1.037,0.0011,"aoml_navis",1034.29324351985
"7901009",101,0,1,0.029904,1,0.007476,1,194.114176790228,1,4.83311853670829,1499.80004882812,1,4.46140003204346,34.9179992675781,0.0299040004611015,0.0115459747612476,187.182693481445,-85.9602,25.2484,80.2930349042892,63,63,63,63,61,63,0,8279,1.45687144005964,25,-86,0.001869,51,2026-02-08 12:51:06.001362,1499.80004882812,1.037,0.0011,"aoml_navis",1034.52873378218
"7901009",101,0,1,0.031773,1,0.009345,1,195.43068786839,1,4.83205448128758,1549.69995117188,1,4.44360017776489,34.9189987182617,0.0317730009555817,0.0128288613632321,188.452194213867,-85.9602,25.2484,80.2930349042892,63,63,63,63,61,63,0,8279,1.45687144005964,25,-86,0.001869,51,2026-02-08 12:51:06.001362,1549.69995117188,1.037,0.0011,"aoml_navis",1034.75654493607
"7901009",101,0,1,0.024297,1,0.001869,1,197.147193742507,1,4.83097715464246,1599.40002441406,1,4.40369987487793,34.9210014343262,0.0242970008403063,0.00769731635227799,190.107406616211,-85.9602,25.2484,80.2930349042892,63,63,63,63,61,63,0,8279,1.45687144005964,25,-86,0.001869,51,2026-02-08 12:51:06.001362,1599.40002441406,1.037,0.0011,"aoml_navis",1034.98729965947
"7901009",101,0,1,0.029904,1,0.007476,1,198.459131733558,1,4.82991584007148,1649.40002441406,1,4.38369989395142,34.9210014343262,0.0299040004611015,0.0115459747612476,191.372497558594,-85.9602,25.2484,80.2930349042892,63,63,63,63,61,63,0,8279,1.45687144005964,25,-86,0.001869,51,2026-02-08 12:51:06.001362,1649.40002441406,1.037,0.0011,"aoml_navis",1035.21472538246
"7901009",101,0,1,0.033642,1,0.011214,1,199.417660286644,1,4.828838439734,1699.90002441406,1,4.36409997940063,34.9230003356934,0.0336420014500618,0.0141117470338941,192.296798706055,-85.9602,25.2484,80.2930349042892,63,63,63,63,61,63,0,8279,1.45687144005964,25,-86,0.001869,51,2026-02-08 12:51:06.001362,1699.90002441406,1.037,0.0011,"aoml_navis",1035.44570032776
"7901009",101,0,1,0.028035,1,0.005607,1,200.27341305843,1,4.82778219629045,1749.80004882812,1,4.34959983825684,34.923999786377,0.0280349999666214,0.0102630890905857,193.121994018555,-85.9602,25.2484,80.2930349042892,63,63,63,63,61,63,0,8279,1.45687144005964,25,-86,0.001869,51,2026-02-08 12:51:06.001362,1749.80004882812,1.037,0.0011,"aoml_navis",1035.6722396967
"7901009",101,0,1,0.028035,1,0.005607,1,200.784253789413,1,4.82674438908749,1799.09997558594,1,4.34149980545044,34.9249992370605,0.0280349999666214,0.0102630890905857,193.614593505859,-85.9602,25.2484,80.2930349042892,63,63,63,63,61,63,0,8279,1.45687144005964,25,-86,0.001869,51,2026-02-08 12:51:06.001362,1799.09997558594,1.037,0.0011,"aoml_navis",1035.89492149288
"7901009",101,0,1,0.031773,1,0.009345,1,201.417982390694,1,4.82570600281074,1848.59997558594,1,4.33129978179932,34.9249992370605,0.0317730009555817,0.0128288613632321,194.225692749023,-85.9602,25.2484,80.2930349042892,63,63,63,63,61,63,0,8279,1.45687144005964,25,-86,0.001869,51,2026-02-08 12:51:06.001362,1848.59997558594,1.037,0.0011,"aoml_navis",1036.11782339988
"7901009",101,0,1,0.029904,1,0.007476,1,201.842029409524,1,4.82464186765365,1899.5,1,4.32889986038208,34.9259986877441,0.0299040004611015,0.0115459747612476,194.63459777832,-85.9602,25.2484,80.2930349042892,63,63,63,63,61,63,0,8279,1.45687144005964,25,-86,0.001869,51,2026-02-08 12:51:06.001362,1899.5,1.037,0.0011,"aoml_navis",1036.34635215559
"7901009",101,0,1,0.029904,1,0.007476,1,202.360544698464,1,4.82361843873628,1948.59997558594,1,4.32390022277832,34.9259986877441,0.0299040004611015,0.0115459747612476,195.13459777832,-85.9602,25.2484,80.2930349042892,63,63,63,63,61,63,0,8279,1.45687144005964,25,-86,0.001869,51,2026-02-08 12:51:06.001362,1948.59997558594,1.037,0.0011,"aoml_navis",1036.5662341464
"7901009",101,0,1,0.031773,1,0.009345,1,198.726902599019,4,4.82254231076743,2000.19995117188,1,4.32070016860962,34.9269981384277,0.0317730009555817,0.0128288613632321,191.630706787109,-85.9602,25.2484,80.2930349042892,63,63,63,63,61,63,0,8279,1.45687144005964,25,-86,0.001869,51,2026-02-08 12:51:06.001362,2000.19995117188,1.037,0.0011,"aoml_navis",1036.79753909807
"7901009",102,0.161938165475712,5,0.095319,1,0.072891,1,209.226901778891,1,4.87746727081649,2.29999995231628,1,22.8969993591309,36.5139999389648,0.095319002866745,0.926034808158875,201.755706787109,-85.4991,26.314,16.2029367180308,63,63,63,63,61,63,0.192507,8048,1.18876856134864,26,-85,0.001869,51,2026-02-18 18:49:43.002003,2.29999995231628,1.037,0.0011,"aoml_navis",1025.12220428759
"7901009",102,0.161938165475712,5,0.117747,1,0.095319,1,209.608620168045,1,4.87714480340144,4,1,22.693000793457,36.515998840332,0.117747001349926,0.926034808158875,202.123794555664,-85.4991,26.314,16.2029367180308,63,63,63,63,61,63,0.192507,8048,1.18876856134864,26,-85,0.001869,51,2026-02-18 18:49:43.002003,4,1.037,0.0011,"aoml_navis",1025.1899833921
"7901009",102,0.161938165475712,5,0.127092,1,0.104664,1,209.741477092778,1,4.87699874079476,6,1,22.6189994812012,36.5169982910156,0.127092003822327,0.926034808158875,202.251907348633,-85.4991,26.314,16.2029367180308,63,63,63,63,61,63,0.192507,8048,1.18876856134864,26,-85,0.001869,51,2026-02-18 18:49:43.002003,6,1.037,0.0011,"aoml_navis",1025.22068709519
"7901009",102,0.161938165475712,5,0.13083,1,0.108402,1,209.724355702525,1,4.87691656219299,8,1,22.5890007019043,36.5169982910156,0.130830004811287,0.926034808158875,202.235397338867,-85.4991,26.314,16.2029367180308,63,63,63,63,61,63,0.192507,8048,1.18876856134864,26,-85,0.001869,51,2026-02-18 18:49:43.002003,8,1.037,0.0011,"aoml_navis",1025.23796260145
"7901009",102,0.161938165475712,5,0.145782,1,0.123354,1,209.67623541809,1,4.87685216131641,10,1,22.57200050354,36.5169982910156,0.145781993865967,0.926034808158875,202.188995361328,-85.4991,26.314,16.2029367180308,63,63,63,63,61,63,0.192507,8048,1.18876856134864,26,-85,0.001869,51,2026-02-18 18:49:43.002003,10,1.037,0.0011,"aoml_navis",1025.2515012984
"7901009",102,0.161938165475712,5,0.166341,1,0.143913,1,209.593998943836,1,4.87677139454624,12,1,22.5429992675781,36.5169982910156,0.166341006755829,0.926034808158875,202.10969543457,-85.4991,26.314,16.2029367180308,63,63,63,63,61,63,0.192507,8048,1.18876856134864,26,-85,0.001869,51,2026-02-18 18:49:43.002003,12,1.037,0.0011,"aoml_navis",1025.26848102652
"7901009",102,0.161938165475712,5,0.179424,1,0.156996,1,209.507822334487,1,4.87670293333651,14,1,22.5230007171631,36.5169982910156,0.179424002766609,0.926034808158875,202.026596069336,-85.4991,26.314,16.2029367180308,63,63,63,63,61,63,0.192507,8048,1.18876856134864,26,-85,0.001869,51,2026-02-18 18:49:43.002003,14,1.037,0.0011,"aoml_navis",1025.28287417727
"7901009",102,0.161938165475712,5,0.214935,1,0.192507,1,209.383700167073,1,4.8766226292985,16,1,22.4890003204346,36.5149993896484,0.214935004711151,0.926034808158875,201.90690612793,-85.4991,26.314,16.2029367180308,63,63,63,63,61,63,0.192507,8048,1.18876856134864,26,-85,0.001869,51,2026-02-18 18:49:43.002003,16,1.037,0.0011,"aoml_navis",1025.2997576561
"7901009",102,0.180804747861232,1,0.237363,1,0.214935,1,210.073113041867,1,4.87624876096672,18,1,22.2600002288818,36.5209999084473,0.237362995743752,0.926034808158875,202.571701049805,-85.4991,26.314,16.2029367180308,63,63,63,63,61,63,0.214935,8048,1.18876856134864,26,-85,0.001869,51,2026-02-18 18:49:43.002003,18,1.037,0.0011,"aoml_navis",1025.37836872144
"7901009",102,0.190238039053992,1,0.248577,1,0.226149,1,210.348036363725,1,4.87602418615529,20,1,22.1350002288818,36.5250015258789,0.248576998710632,0.926034808158875,202.836807250977,-85.4991,26.314,16.2029367180308,63,63,63,63,61,63,0.226149,8048,1.18876856134864,26,-85,0.001869,51,2026-02-18 18:49:43.002003,20,1.037,0.0011,"aoml_navis",1025.42559452365
"7901009",102,0.218537912632272,1,0.282219,1,0.259791,1,210.105362019072,1,4.87584954791688,22,1,22.0440006256104,36.5279998779297,0.282218992710114,0.926034808158875,202.602798461914,-85.4991,26.314,16.2029367180308,63,63,63,63,61,63,0.259791,8048,1.18876856134864,26,-85,0.001869,51,2026-02-18 18:49:43.002003,22,1.037,0.0011,"aoml_navis",1025.46232217853
"7901009",102,0.268848798993658,1,0.342027,1,0.319599,1,209.913197358047,1,4.87561246183108,24,1,21.9169998168945,36.5349998474121,0.342027008533478,0.926034808158875,202.417495727539,-85.4991,26.314,16.2029367180308,63,63,63,63,61,63,0.319599,8048,1.18876856134864,26,-85,0.001869,51,2026-02-18 18:49:43.002003,24,1.037,0.0011,"aoml_navis",1025.51218726728
"7901009",102,0.301865318168318,1,0.381276,1,0.358848,1,209.813950260391,1,4.87549261482451,26,1,21.8610000610352,36.5359992980957,0.38127601146698,0.926034808158875,202.321792602539,-85.4991,26.314,16.2029367180308,63,63,63,63,61,63,0.358848,8048,1.18876856134864,26,-85,0.001869,51,2026-02-18 18:49:43.002003,26,1.037,0.0011,"aoml_navis",1025.53739591296
"7901009",102,0.364753926120051,1,0.456036,1,0.433608,1,210.055374522022,1,4.87532518796729,28,1,21.7719993591309,36.5379981994629,0.456036001443863,0.926034808158875,202.554595947266,-85.4991,26.314,16.2029367180308,63,63,63,63,61,63,0.433608,8048,1.18876856134864,26,-85,0.001869,51,2026-02-18 18:49:43.002003,28,1.037,0.0011,"aoml_navis",1025.57261458998
"7901009",102,0.380476078107984,1,0.474726,1,0.452298,1,210.303223260956,1,4.87525421106952,30,1,21.7469997406006,36.5369987487793,0.474725991487503,0.926034808158875,202.793594360352,-85.4991,26.314,16.2029367180308,63,63,63,63,61,63,0.452298,8048,1.18876856134864,26,-85,0.001869,51,2026-02-18 18:49:43.002003,30,1.037,0.0011,"aoml_navis",1025.58754549604
"7901009",102,0.419781458077817,1,0.521451,1,0.499023,1,210.250545711833,1,4.87517602839279,32,1,21.7220001220703,36.5379981994629,0.521450996398926,0.926034808158875,202.742797851562,-85.4991,26.314,16.2029367180308,63,63,63,63,61,63,0.499023,8048,1.18876856134864,26,-85,0.001869,51,2026-02-18 18:49:43.002003,32,1.037,0.0011,"aoml_navis",1025.60399273385
"7901009",102,0.46380348364403,1,0.573783,1,0.551355,1,210.105472785922,1,4.87510223376694,34,1,21.7029991149902,36.5400009155273,0.573782980442047,0.926034808158875,202.602905273438,-85.4991,26.314,16.2029367180308,63,63,63,63,61,63,0.551355,8048,1.18876856134864,26,-85,0.001869,51,2026-02-18 18:49:43.002003,34,1.037,0.0011,"aoml_navis",1025.61951734426
"7901009",102,0.526692091595763,1,0.648543,1,0.626115,1,209.908845803224,1,4.87498736496694,36,1,21.6639995574951,36.5460014343262,0.648543000221252,0.926034808158875,202.413299560547,-85.4991,26.314,16.2029367180308,63,63,63,63,61,63,0.626115,8048,1.18876856134864,26,-85,0.001869,51,2026-02-18 18:49:43.002003,36,1.037,0.0011,"aoml_navis",1025.64368390602
"7901009",102,0.624169433920949,1,0.764421,1,0.741993,1,209.443846566658,1,4.87486819970385,38,1,21.6189994812012,36.5509986877441,0.764420986175537,0.926034808158875,201.964904785156,-85.4991,26.314,16.2029367180308,63,63,63,63,61,63,0.741993,8048,1.18876856134864,26,-85,0.001869,51,2026-02-18 18:49:43.002003,38,1.037,0.0011,"aoml_navis",1025.66875557861
"7901009",102,0.724791206643721,1,0.884037,1,0.861609,1,208.232800947244,1,4.87478916264949,40,1,21.5960006713867,36.5530014038086,0.884037017822266,0.926034808158875,200.797103881836,-85.4991,26.314,16.2029367180308,63,63,63,63,61,63,0.861609,8048,1.18876856134864,26,-85,0.001869,51,2026-02-18 18:49:43.002003,40,1.037,0.0011,"aoml_navis",1025.6853851875
"7901009",102,0.88044051132426,1,1.069068,1,1.04664,1,207.37144627348,1,4.87471437443025,42,1,21.568000793457,36.5519981384277,1.06906795501709,0.926034808158875,199.966506958008,-85.4991,26.314,16.2029367180308,63,63,63,63,61,63,1.04664,8048,1.18876856134864,26,-85,0.001869,51,2026-02-18 18:49:43.002003,42,1.037,0.0011,"aoml_navis",1025.7011213266
"7901009",102,0.9181736760953,1,1.113924,1,1.091496,1,207.005789077585,1,4.87465021537126,44,1,21.5480003356934,36.5509986877441,1.11392402648926,0.926034808158875,199.613906860352,-85.4991,26.314,16.2029367180308,63,63,63,63,61,63,1.091496,8048,1.18876856134864,26,-85,0.001869,51,2026-02-18 18:49:43.002003,44,1.037,0.0011,"aoml_navis",1025.71462137601
"7901009",102,0.960623486462719,1,1.164387,1,1.141959,1,206.1705595566,1,4.87458607090021,46,1,21.5279998779297,36.5499992370605,1.16438698768616,0.96848464012146,198.808502197266,-85.4991,26.314,16.2029367180308,63,63,63,63,61,63,1.141959,8048,1.18876856134864,26,-85,0.001869,51,2026-02-18 18:49:43.002003,46,1.037,0.0011,"aoml_navis",1025.72811871114
"7901009",102,0.921318106492886,1,1.117662,1,1.095234,1,205.373908547109,1,4.87452290549968,48,1,21.5060005187988,36.5480003356934,1.11766195297241,0.929179191589355,198.040298461914,-85.4991,26.314,16.2029367180308,63,63,63,63,61,63,1.095234,8048,1.18876856134864,26,-85,0.001869,51,2026-02-18 18:49:43.002003,48,1.037,0.0011,"aoml_navis",1025.74141037654
"7901009",102,0.882012726523053,1,1.070937,1,1.048509,1,204.773678810451,1,4.87445818688914,50,1,21.4909992218018,36.548999786377,1.07093703746796,0.889873862266541,197.461502075195,-85.4991,26.314,16.2029367180308,63,63,63,63,61,63,1.048509,8048,1.18876856134864,26,-85,0.001869,51,2026-02-18 18:49:43.002003,50,1.037,0.0011,"aoml_navis",1025.75502923556
"7901009",102,0.809690827378561,1,0.984963,1,0.962535,1,204.061859384273,1,4.87440117140773,52,1,21.4899997711182,36.5530014038086,0.984962999820709,0.817551970481873,196.775100708008,-85.4991,26.314,16.2029367180308,63,63,63,63,61,63,0.962535,8048,1.18876856134864,26,-85,0.001869,51,2026-02-18 18:49:43.002003,52,1.037,0.0011,"aoml_navis",1025.76702741026
"7901009",102,0.787679814595454,1,0.958797,1,0.936369,1,203.365911265325,1,4.87434248671247,54,1,21.4850006103516,36.5559997558594,0.958796977996826,0.795540928840637,196.10400390625,-85.4991,26.314,16.2029367180308,63,63,63,63,61,63,0.936369,8048,1.18876856134864,26,-85,0.001869,51,2026-02-18 18:49:43.002003,54,1.037,0.0011,"aoml_navis",1025.77937714268
"7901009",102,0.636747155511295,1,0.779373,1,0.756945,1,203.249242124537,1,4.87428476808968,56,1,21.4780006408691,36.5579986572266,0.779372990131378,0.64460825920105,195.991500854492,-85.4991,26.314,16.2029367180308,63,63,63,63,61,63,0.756945,8048,1.18876856134864,26,-85,0.001869,51,2026-02-18 18:49:43.002003,56,1.037,0.0011,"aoml_navis",1025.79152386281
"7901009",102,0.573858547559562,1,0.704613,1,0.682185,1,202.964998563438,1,4.87422934026731,58,1,21.4699993133545,36.5589981079102,0.704612970352173,0.581719636917114,195.717407226562,-85.4991,26.314,16.2029367180308,63,63,63,63,61,63,0.682185,8048,1.18876856134864,26,-85,0.001869,51,2026-02-18 18:49:43.002003,58,1.037,0.0011,"aoml_navis",1025.80318876128
"7901009",102,0.49682000281869,1,0.613032,1,0.590604,1,202.037674318544,1,4.87416958581337,60,1,21.4559993743896,36.5589981079102,0.613031983375549,0.50468111038208,194.823196411133,-85.4991,26.314,16.2029367180308,63,63,63,63,61,63,0.590604,8048,1.18876856134864,26,-85,0.001869,51,2026-02-18 18:49:43.002003,60,1.037,0.0011,"aoml_navis",1025.81576450538
"7901009",102,0.413492597282644,1,0.513975,1,0.491547,1,201.482447570683,1,4.8741131906657,62,1,21.4500007629395,36.5610008239746,0.513975024223328,0.421353667974472,194.287796020508,-85.4991,26.314,16.2029367180308,63,63,63,63,61,63,0.491547,8048,1.18876856134864,26,-85,0.001869,51,2026-02-18 18:49:43.002003,62,1.037,0.0011,"aoml_navis",1025.82763354273
"7901009",102,0.382048293306777,1,0.476595,1,0.454167,1,200.975024630543,1,4.87406800944262,64,1,21.44700050354,36.5610008239746,0.476595014333725,0.389909386634827,193.798492431641,-85.4991,26.314,16.2029367180308,63,63,63,63,61,63,0.454167,8048,1.18876856134864,26,-85,0.001869,51,2026-02-18 18:49:43.002003,64,1.037,0.0011,"aoml_navis",1025.8371426729
"7901009",102,0.355320634927291,1,0.444822,1,0.422394,1,200.480577235696,1,4.87402379498057,66,1,21.4419994354248,36.560001373291,0.444822013378143,0.363181740045547,193.321701049805,-85.4991,26.314,16.2029367180308,63,63,63,63,61,63,0.422394,8048,1.18876856134864,26,-85,0.001869,51,2026-02-18 18:49:43.002003,66,1.037,0.0011,"aoml_navis",1025.84644850301
"7901009",102,0.339598482939357,1,0.426132,1,0.403704,1,199.945889826605,1,4.87397200030529,68,1,21.4340000152588,36.560001373291,0.426131993532181,0.347459584474564,192.806106567383,-85.4991,26.314,16.2029367180308,63,63,63,63,61,63,0.403704,8048,1.18876856134864,26,-85,0.001869,51,2026-02-18 18:49:43.002003,68,1.037,0.0011,"aoml_navis",1025.85734995745
"7901009",102,0.338026267740564,1,0.424263,1,0.401835,1,199.177547659222,1,4.87393045299668,70,1,21.4309997558594,36.5589981079102,0.424263000488281,0.345887362957001,192.065200805664,-85.4991,26.314,16.2029367180308,63,63,63,63,61,63,0.401835,8048,1.18876856134864,26,-85,0.001869,51,2026-02-18 18:49:43.002003,70,1.037,0.0011,"aoml_navis",1025.86609477076
"7901009",102,0.325448546150218,1,0.409311,1,0.386883,1,197.44238495298,1,4.87388757103733,72,1,21.4270000457764,36.5579986572266,0.40931099653244,0.333309650421143,190.391998291016,-85.4991,26.314,16.2029367180308,63,63,63,63,61,63,0.386883,8048,1.18876856134864,26,-85,0.001869,51,2026-02-18 18:49:43.002003,72,1.037,0.0011,"aoml_navis",1025.87512065565
"7901009",102,0.282998735782798,1,0.358848,1,0.33642,1,194.049010853618,1,4.87381390534206,74,1,21.3969993591309,36.5559997558594,0.358848005533218,0.290859818458557,187.11979675293,-85.4991,26.314,16.2029367180308,63,63,63,63,61,63,0.33642,8048,1.18876856134864,26,-85,0.001869,51,2026-02-18 18:49:43.002003,74,1.037,0.0011,"aoml_navis",1025.89062633672
"7901009",102,0.279854305385211,1,0.35511,1,0.332682,1,190.873103728602,1,4.87370455840535,76,1,21.3290004730225,36.5499992370605,0.355109989643097,0.287715405225754,184.05729675293,-85.4991,26.314,16.2029367180308,63,63,63,63,61,63,0.332682,8048,1.18876856134864,26,-85,0.001869,51,2026-02-18 18:49:43.002003,76,1.037,0.0011,"aoml_navis",1025.91364332432
"7901009",102,0.246837786210551,1,0.315861,1,0.293433,1,189.217376677691,1,4.87360658778335,78,1,21.2749996185303,36.5460014343262,0.315860986709595,0.254698872566223,182.460693359375,-85.4991,26.314,16.2029367180308,63,63,63,63,61,63,0.293433,8048,1.18876856134864,26,-85,0.001869,51,2026-02-18 18:49:43.002003,78,1.037,0.0011,"aoml_navis",1025.93426653138
"7901009",102,0.260987722999691,1,0.332682,1,0.310254,1,187.573580798915,1,4.87354330132105,80,1,21.25,36.5429992675781,0.332682013511658,0.268848806619644,180.875595092773,-85.4991,26.314,16.2029367180308,63,63,63,63,61,63,0.310254,8048,1.18876856134864,26,-85,0.001869,51,2026-02-18 18:49:43.002003,80,1.037,0.0011,"aoml_navis",1025.94758902515
"7901009",102,0.249982216608138,1,0.319599,1,0.297171,1,185.707649914255,1,4.8734714745471,82,1,21.2129993438721,36.5379981994629,0.319599002599716,0.257843285799026,179.076293945312,-85.4991,26.314,16.2029367180308,63,63,63,63,61,63,0.297171,8048,1.18876856134864,26,-85,0.001869,51,2026-02-18 18:49:43.002003,82,1.037,0.0011,"aoml_navis",1025.9627097673
"7901009",102,0.193382469451579,1,0.252315,1,0.229887,1,183.85198869898,1,4.87332719005224,84,1,21.1070003509521,36.5279998779297,0.252315014600754,0.201243564486504,177.286895751953,-85.4991,26.314,16.2029367180308,63,63,63,63,61,63,0.229887,8048,1.18876856134864,26,-85,0.001869,51,2026-02-18 18:49:43.002003,84,1.037,0.0011,"aoml_navis",1025.99308542351
"7901009",102,0.158793735078125,1,0.211197,1,0.188769,1,180.989472640464,1,4.87319957850298,86,1,21.0300006866455,36.523998260498,0.211197003722191,0.166654825210571,174.526596069336,-85.4991,26.314,16.2029367180308,63,63,63,63,61,63,0.188769,8048,1.18876856134864,26,-85,0.001869,51,2026-02-18 18:49:43.002003,86,1.037,0.0011,"aoml_navis",1026.01995248796
"7901009",102,0.146216013487779,1,0.196245,1,0.173817,1,177.018892485422,1,4.87303202225888,88,1,20.9249992370605,36.5209999084473,0.19624499976635,0.154077097773552,170.697799682617,-85.4991,26.314,16.2029367180308,63,63,63,63,61,63,0.173817,8048,1.18876856134864,26,-85,0.001869,51,2026-02-18 18:49:43.002003,88,1.037,0.0011,"aoml_navis",1026.05523156038
"7901009",102,0.127349431102259,1,0.173817,1,0.151389,1,173.588189957589,1,4.87283465240997,90,1,20.8190002441406,36.5260009765625,0.173816993832588,0.135210514068604,167.389602661133,-85.4991,26.314,16.2029367180308,63,63,63,63,61,63,0.151389,8048,1.18876856134864,26,-85,0.001869,51,2026-02-18 18:49:43.002003,90,1.037,0.0011,"aoml_navis",1026.09679101817
"7901009",102,0.122632785505879,1,0.16821,1,0.145782,1,168.70542896844,1,4.87275702178972,92,1,20.7910003662109,36.5260009765625,0.168209999799728,0.130493864417076,162.681198120117,-85.4991,26.314,16.2029367180308,63,63,63,63,61,63,0.145782,8048,1.18876856134864,26,-85,0.001869,51,2026-02-18 18:49:43.002003,92,1.037,0.0011,"aoml_navis",1026.11313834063
"7901009",102,0.116343924710706,1,0.160734,1,0.138306,1,157.255570444242,1,4.87251459132391,94,1,20.632999420166,36.5250015258789,0.160733997821808,0.124205008149147,151.640197753906,-85.4991,26.314,16.2029367180308,63,63,63,63,61,63,0.138306,8048,1.18876856134864,26,-85,0.001869,51,2026-02-18 18:49:43.002003,94,1.037,0.0011,"aoml_navis",1026.16419228443
"7901009",102,0.125777215903466,1,0.171948,1,0.14952,1,146.911291674362,1,4.87199309972697,96,1,20.2679996490479,36.5279998779297,0.171948000788689,0.133638307452202,141.665298461914,-85.4991,26.314,16.2029367180308,63,63,63,63,61,63,0.14952,8048,1.18876856134864,26,-85,0.001869,51,2026-02-18 18:49:43.002003,96,1.037,0.0011,"aoml_navis",1026.27403152115
"7901009",102,0.100621772722773,1,0.142044,1,0.119616,1,138.772982195001,1,4.87151816519271,98,1,19.886999130249,36.5139999389648,0.142043992877007,0.108482852578163,133.817596435547,-85.4991,26.314,16.2029367180308,63,63,63,63,61,63,0.119616,8048,1.18876856134864,26,-85,0.001869,51,2026-02-18 18:49:43.002003,98,1.037,0.0011,"aoml_navis",1026.37408513126
"7901009",102,0.108482848716739,1,0.151389,1,0.128961,1,134.754281755524,1,4.87113514266047,100,1,19.6270008087158,36.5180015563965,0.151389002799988,0.116343937814236,129.942398071289,-85.4991,26.314,16.2029367180308,63,63,63,63,61,63,0.128961,8048,1.18876856134864,26,-85,0.001869,51,2026-02-18 18:49:43.002003,100,1.037,0.0011,"aoml_navis",1026.45479001618
"7901009",102,0.0990495575239792,1,0.140175,1,0.117747,1,131.547162114544,1,4.87100072738848,101.900001525879,1,19.5219993591309,36.507999420166,0.140174999833107,0.106910638511181,126.849800109863,-85.4991,26.314,16.2029367180308,63,63,63,63,61,63,0.117747,8048,1.18876856134864,26,-85,0.001869,51,2026-02-18 18:49:43.002003,101.900001525879,1.037,0.0011,"aoml_navis",1026.48311503757
"7901009",102,0.083327405536046,1,0.121485,1,0.099057,1,129.629487287069,1,4.87058962910988,103.900001525879,1,19.1630001068115,36.4869995117188,0.121485002338886,0.091188482940197,125.000602722168,-85.4991,26.314,16.2029367180308,63,63,63,63,61,63,0.099057,8048,1.18876856134864,26,-85,0.001869,51,2026-02-18 18:49:43.002003,103.900001525879,1.037,0.0011,"aoml_navis",1026.56975453581
"7901009",102,0.0691774687469061,1,0.104664,1,0.082236,1,128.829101852347,1,4.87028535184555,106,1,18.8770008087158,36.4620018005371,0.104663997888565,0.077038548886776,124.228797912598,-85.4991,26.314,16.2029367180308,63,63,63,63,61,63,0.082236,8048,1.18876856134864,26,-85,0.001869,51,2026-02-18 18:49:43.002003,106,1.037,0.0011,"aoml_navis",1026.63389078533
"7901009",102,0.0597441775541462,1,0.09345,1,0.071022,1,127.822144154175,1,4.87007385547734,108,1,18.6690006256104,36.4389991760254,0.0934500023722649,0.0676052570343018,123.257797241211,-85.4991,26.314,16.2029367180308,63,63,63,63,61,63,0.071022,8048,1.18876856134864,26,-85,0.001869,51,2026-02-18 18:49:43.002003,108,1.037,0.0011,"aoml_navis",1026.67847518915
"7901009",102,0.0628886079517328,1,0.097188,1,0.07476,1,127.546500847792,1,4.86984638798589,110,1,18.382999420166,36.3950004577637,0.0971880033612251,0.0707496851682663,122.991996765137,-85.4991,26.314,16.2029367180308,63,63,63,63,61,63,0.07476,8048,1.18876856134864,26,-85,0.001869,51,2026-02-18 18:49:43.002003,110,1.037,0.0011,"aoml_navis",1026.72643070122
"7901009",102,0.048738671162593,1,0.080367,1,0.057939,1,127.327174572749,1,4.86958157822924,112,1,18.0779991149902,36.3559989929199,0.0803669989109039,0.0565997511148453,122.780502319336,-85.4991,26.314,16.2029367180308,63,63,63,63,61,63,0.057939,8048,1.18876856134864,26,-85,0.001869,51,2026-02-18 18:49:43.002003,112,1.037,0.0011,"aoml_navis",1026.78226448733
"7901009",102,0.0361609495722464,1,0.065415,1,0.042987,1,127.140611549571,1,4.86920990857351,114,1,17.6229991912842,36.298999786377,0.0654150024056435,0.0440220274031162,122.600601196289,-85.4991,26.314,16.2029367180308,63,63,63,63,61,63,0.042987,8048,1.18876856134864,26,-85,0.001869,51,2026-02-18 18:49:43.002003,114,1.037,0.0011,"aoml_navis",1026.86063938139
"7901009",102,0.0251554431806931,1,0.052332,1,0.029904,1,126.451396472723,1,4.86887830983859,116,1,17.1919994354248,36.2410011291504,0.0523319989442825,0.0330165214836597,121.935997009277,-85.4991,26.314,16.2029367180308,63,63,63,63,61,63,0.029904,8048,1.18876856134864,26,-85,0.001869,51,2026-02-18 18:49:43.002003,116,1.037,0.0011,"aoml_navis",1026.93057452195
"7901009",102,0.0235832279818998,1,0.050463,1,0.028035,1,125.961094922835,1,4.86871282893742,118,1,16.9860000610352,36.2099990844727,0.0504629984498024,0.0314443074166775,121.463203430176,-85.4991,26.314,16.2029367180308,63,63,63,63,61,63,0.028035,8048,1.18876856134864,26,-85,0.001869,51,2026-02-18 18:49:43.002003,118,1.037,0.0011,"aoml_navis",1026.96547848997
"7901009",102,0.0204387975843132,1,0.046725,1,0.024297,1,125.618350641068,1,4.86854708299375,120,1,16.7910003662109,36.1829986572266,0.0467250011861324,0.0282998755574226,121.132698059082,-85.4991,26.314,16.2029367180308,63,63,63,63,61,63,0.024297,8048,1.18876856134864,26,-85,0.001869,51,2026-02-18 18:49:43.002003,120,1.037,0.0011,"aoml_navis",1027.00044074041
"7901009",102,0.0204387975843132,1,0.046725,1,0.024297,1,126.276558911816,1,4.86832786555802,122,1,16.5179996490479,36.1469993591309,0.0467250011861324,0.0282998755574226,121.767402648926,-85.4991,26.314,16.2029367180308,63,63,63,63,61,63,0.024297,8048,1.18876856134864,26,-85,0.001869,51,2026-02-18 18:49:43.002003,122,1.037,0.0011,"aoml_navis",1027.04668585974
"7901009",102,0.0172943671867265,1,0.042987,1,0.020559,1,126.442274031428,1,4.8682355453522,124,1,16.4209995269775,36.1310005187988,0.0429870001971722,0.025155445560813,121.927200317383,-85.4991,26.314,16.2029367180308,63,63,63,63,61,63,0.020559,8048,1.18876856134864,26,-85,0.001869,51,2026-02-18 18:49:43.002003,124,1.037,0.0011,"aoml_navis",1027.06616255937
"7901009",102,0.00943329119275993,1,0.033642,1,0.011214,1,126.51434369123,1,4.86817064483294,126,1,16.371000289917,36.1220016479492,0.0336420014500618,0.017294367775321,121.996696472168,-85.4991,26.314,16.2029367180308,63,63,63,63,61,63,0.011214,8048,1.18876856134864,26,-85,0.001869,51,2026-02-18 18:49:43.002003,126,1.037,0.0011,"aoml_navis",1027.07985499789
"7901009",102,0.00943329119275993,1,0.033642,1,0.011214,1,126.660255280435,1,4.86809170086616,128,1,16.2919998168945,36.1080017089844,0.0336420014500618,0.017294367775321,122.137397766113,-85.4991,26.314,16.2029367180308,63,63,63,63,61,63,0.011214,8048,1.18876856134864,26,-85,0.001869,51,2026-02-18 18:49:43.002003,128,1.037,0.0011,"aoml_navis",1027.09651075602
"7901009",102,0.00943329119275993,1,0.033642,1,0.011214,1,127.017826496275,1,4.86791244166412,130,1,16.0729999542236,36.0789985656738,0.0336420014500618,0.017294367775321,122.482200622559,-85.4991,26.314,16.2029367180308,63,63,63,63,61,63,0.011214,8048,1.18876856134864,26,-85,0.001869,51,2026-02-18 18:49:43.002003,130,1.037,0.0011,"aoml_navis",1027.13433323191
"7901009",102,0.00943329119275993,1,0.033642,1,0.011214,1,127.076105683244,1,4.86774066506152,132,1,15.83899974823,36.0439987182617,0.0336420014500618,0.017294367775321,122.538398742676,-85.4991,26.314,16.2029367180308,63,63,63,63,61,63,0.011214,8048,1.18876856134864,26,-85,0.001869,51,2026-02-18 18:49:43.002003,132,1.037,0.0011,"aoml_navis",1027.17057954377
"7901009",102,0.00157221519879332,1,0.024297,1,0.001869,1,126.800668086726,1,4.86760323305952,134,1,15.6780004501343,36.0219993591309,0.0242970008403063,0.00943329185247421,122.272796630859,-85.4991,26.314,16.2029367180308,63,63,63,63,61,63,0.001869,8048,1.18876856134864,26,-85,0.001869,51,2026-02-18 18:49:43.002003,134,1.037,0.0011,"aoml_navis",1027.19958069739
"7901009",102,0.00471664559637996,1,0.028035,1,0.005607,1,126.433040823284,1,4.86753381810983,136,1,15.6090002059937,36.0089988708496,0.0280349999666214,0.0125777227804065,121.918296813965,-85.4991,26.314,16.2029367180308,63,63,63,63,61,63,0.005607,8048,1.18876856134864,26,-85,0.001869,51,2026-02-18 18:49:43.002003,136,1.037,0.0011,"aoml_navis",1027.21422939011
"7901009",102,0.00471664559637996,1,0.028035,1,0.005607,1,126.150664474801,1,4.86742265049218,138,1,15.4809999465942,35.9900016784668,0.0280349999666214,0.0125777227804065,121.646003723145,-85.4991,26.314,16.2029367180308,63,63,63,63,61,63,0.005607,8048,1.18876856134864,26,-85,0.001869,51,2026-02-18 18:49:43.002003,138,1.037,0.0011,"aoml_navis",1027.23769005234
"7901009",102,0.00786107599396661,1,0.031773,1,0.009345,1,125.945848657116,1,4.86732295153744,140,1,15.3629999160767,35.9710006713867,0.0317730009555817,0.0157221537083387,121.448501586914,-85.4991,26.314,16.2029367180308,63,63,63,63,61,63,0.009345,8048,1.18876856134864,26,-85,0.001869,51,2026-02-18 18:49:43.002003,140,1.037,0.0011,"aoml_navis",1027.25873129513
"7901009",102,0.00314443039758664,1,0.026166,1,0.003738,1,125.578118538741,1,4.86727119754571,142,1,15.3299999237061,35.9640007019043,0.0261659994721413,0.0110055068507791,121.093902587891,-85.4991,26.314,16.2029367180308,63,63,63,63,61,63,0.003738,8048,1.18876856134864,26,-85,0.001869,51,2026-02-18 18:49:43.002003,142,1.037,0.0011,"aoml_navis",1027.26965419992
"7901009",102,0.00314443039758664,1,0.026166,1,0.003738,1,125.398605034378,1,4.86718541282122,143.899993896484,1,15.2360000610352,35.9490013122559,0.0261659994721413,0.0110055068507791,120.920799255371,-85.4991,26.314,16.2029367180308,63,63,63,63,61,63,0.003738,8048,1.18876856134864,26,-85,0.001869,51,2026-02-18 18:49:43.002003,143.899993896484,1.037,0.0011,"aoml_navis",1027.28775995032
"7901009",102,0.00314443039758664,1,0.026166,1,0.003738,1,125.475659202433,1,4.8670625243628,146,1,15.0729999542236,35.9230003356934,0.0261659994721413,0.0110055068507791,120.995101928711,-85.4991,26.314,16.2029367180308,63,63,63,63,61,63,0.003738,8048,1.18876856134864,26,-85,0.001869,51,2026-02-18 18:49:43.002003,146,1.037,0.0011,"aoml_navis",1027.31369793829
"7901009",102,0,1,0.022428,1,0,1,125.841933527921,1,4.86688517530926,148,1,14.831000328064,35.8899993896484,0.0224280003458261,0.00786107685416937,121.348297119141,-85.4991,26.314,16.2029367180308,63,63,63,63,61,63,0,8048,1.18876856134864,26,-85,0.001869,51,2026-02-18 18:49:43.002003,148,1.037,0.0011,"aoml_navis",1027.3511331983
"7901009",102,0.00314443039758664,1,0.026166,1,0.003738,1,125.999562667479,1,4.86679134025529,150,1,14.6979999542236,35.8660011291504,0.0261659994721413,0.0110055068507791,121.500297546387,-85.4991,26.314,16.2029367180308,63,63,63,63,61,63,0.003738,8048,1.18876856134864,26,-85,0.001869,51,2026-02-18 18:49:43.002003,150,1.037,0.0011,"aoml_navis",1027.37094122834
"7901009",102,0.00314443039758664,1,0.026166,1,0.003738,1,125.486751711275,1,4.86676094656045,152,1,14.7089996337891,35.8660011291504,0.0261659994721413,0.0110055068507791,121.005798339844,-85.4991,26.314,16.2029367180308,63,63,63,63,61,63,0.003738,8048,1.18876856134864,26,-85,0.001869,51,2026-02-18 18:49:43.002003,152,1.037,0.0011,"aoml_navis",1027.37735732299
"7901009",102,0,1,0.022428,1,0,1,124.937435166057,1,4.86670326685474,154,1,14.6660003662109,35.8580017089844,0.0224280003458261,0.00786107685416937,120.476097106934,-85.4991,26.314,16.2029367180308,63,63,63,63,61,63,0,8048,1.18876856134864,26,-85,0.001869,51,2026-02-18 18:49:43.002003,154,1.037,0.0011,"aoml_navis",1027.38953370202
"7901009",102,0.00471664559637996,1,0.028035,1,0.005607,1,124.939302378672,1,4.86655647362331,156,1,14.4670000076294,35.8300018310547,0.0280349999666214,0.0125777227804065,120.477897644043,-85.4991,26.314,16.2029367180308,63,63,63,63,61,63,0.005607,8048,1.18876856134864,26,-85,0.001869,51,2026-02-18 18:49:43.002003,156,1.037,0.0011,"aoml_navis",1027.42052354677
"7901009",102,0.00157221519879332,1,0.024297,1,0.001869,1,124.82719841449,1,4.86647321476859,158,1,14.3669996261597,35.8129997253418,0.0242970008403063,0.00943329185247421,120.36979675293,-85.4991,26.314,16.2029367180308,63,63,63,63,61,63,0.001869,8048,1.18876856134864,26,-85,0.001869,51,2026-02-18 18:49:43.002003,158,1.037,0.0011,"aoml_navis",1027.43810133922
"7901009",102,0.00157221519879332,1,0.024297,1,0.001869,1,124.479176883509,1,4.86642224334229,160,1,14.3369998931885,35.806999206543,0.0242970008403063,0.00943329185247421,120.034202575684,-85.4991,26.314,16.2029367180308,63,63,63,63,61,63,0.001869,8048,1.18876856134864,26,-85,0.001869,51,2026-02-18 18:49:43.002003,160,1.037,0.0011,"aoml_navis",1027.44886283562
"7901009",102,0.00157221519879332,1,0.024297,1,0.001869,1,124.189529482511,1,4.86635047062994,162,1,14.2690000534058,35.7960014343262,0.0242970008403063,0.00943329185247421,119.754898071289,-85.4991,26.314,16.2029367180308,63,63,63,63,61,63,0.001869,8048,1.18876856134864,26,-85,0.001869,51,2026-02-18 18:49:43.002003,162,1.037,0.0011,"aoml_navis",1027.46401644861
"7901009",102,0.00157221519879332,1,0.024297,1,0.001869,1,123.960764289459,1,4.86627142124507,164,1,14.1829996109009,35.7820014953613,0.0242970008403063,0.00943329185247421,119.534301757812,-85.4991,26.314,16.2029367180308,63,63,63,63,61,63,0.001869,8048,1.18876856134864,26,-85,0.001869,51,2026-02-18 18:49:43.002003,164,1.037,0.0011,"aoml_navis",1027.48070692709
"7901009",102,0.00314443039758664,1,0.026166,1,0.003738,1,123.712290509014,1,4.86617901443608,166,1,14.0799999237061,35.7669982910156,0.0261659994721413,0.0110055068507791,119.294700622559,-85.4991,26.314,16.2029367180308,63,63,63,63,61,63,0.003738,8048,1.18876856134864,26,-85,0.001869,51,2026-02-18 18:49:43.002003,166,1.037,0.0011,"aoml_navis",1027.5002183781
"7901009",102,0.00471664559637996,1,0.028035,1,0.005607,1,123.450754152178,1,4.86610168351804,168,1,13.9949998855591,35.7529983520508,0.0280349999666214,0.0125777227804065,119.042503356934,-85.4991,26.314,16.2029367180308,63,63,63,63,61,63,0.005607,8048,1.18876856134864,26,-85,0.001869,51,2026-02-18 18:49:43.002003,168,1.037,0.0011,"aoml_navis",1027.51654716454
"7901009",102,0.00471664559637996,1,0.028035,1,0.005607,1,123.42295958473,1,4.86599035403912,170,1,13.8579998016357,35.734001159668,0.0280349999666214,0.0125777227804065,119.015701293945,-85.4991,26.314,16.2029367180308,63,63,63,63,61,63,0.005607,8048,1.18876856134864,26,-85,0.001869,51,2026-02-18 18:49:43.002003,170,1.037,0.0011,"aoml_navis",1027.54005581816
"7901009",102,0.00471664559637996,1,0.028035,1,0.005607,1,123.098990284049,1,4.86592364736116,172,1,13.789999961853,35.7220001220703,0.0280349999666214,0.0125777227804065,118.703300476074,-85.4991,26.314,16.2029367180308,63,63,63,63,61,63,0.005607,8048,1.18876856134864,26,-85,0.001869,51,2026-02-18 18:49:43.002003,172,1.037,0.0011,"aoml_navis",1027.55414230792
"7901009",102,-0.00157221519879332,1,0.020559,1,-0.001869,1,122.452507475572,1,4.86587877791886,174,1,13.7690000534058,35.7169990539551,0.020558999851346,0.00628886139020324,118.079902648926,-85.4991,26.314,16.2029367180308,63,63,63,63,61,63,-0.001869,8048,1.18876856134864,26,-85,0.001869,51,2026-02-18 18:49:43.002003,174,1.037,0.0011,"aoml_navis",1027.5636176326
"7901009",102,0.00157221519879332,1,0.024297,1,0.001869,1,121.516377266097,1,4.86580363716503,176,1,13.6960000991821,35.7060012817383,0.0242970008403063,0.00943329185247421,117.177200317383,-85.4991,26.314,16.2029367180308,63,63,63,63,61,63,0.001869,8048,1.18876856134864,26,-85,0.001869,51,2026-02-18 18:49:43.002003,176,1.037,0.0011,"aoml_navis",1027.5794859065
"7901009",102,0.00628886079517329,1,0.029904,1,0.007476,1,120.547578747772,1,4.86573315572978,177.899993896484,1,13.6180000305176,35.693000793457,0.0299040004611015,0.0141499377787113,116.24299621582,-85.4991,26.314,16.2029367180308,63,63,63,63,61,63,0.007476,8048,1.18876856134864,26,-85,0.001869,51,2026-02-18 18:49:43.002003,177.899993896484,1.037,0.0011,"aoml_navis",1027.59437066788
"7901009",102,0.00628886079517329,1,0.029904,1,0.007476,1,119.635516592432,1,4.8656587328513,180,1,13.539999961853,35.6800003051758,0.0299040004611015,0.0141499377787113,115.363502502441,-85.4991,26.314,16.2029367180308,63,63,63,63,61,63,0.007476,8048,1.18876856134864,26,-85,0.001869,51,2026-02-18 18:49:43.002003,180,1.037,0.0011,"aoml_navis",1027.61008827883
"7901009",102,0.00314443039758664,1,0.026166,1,0.003738,1,118.723240815311,1,4.86557103507717,182,1,13.4610004425049,35.6710014343262,0.0261659994721413,0.0110055068507791,114.48380279541,-85.4991,26.314,16.2029367180308,63,63,63,63,61,63,0.003738,8048,1.18876856134864,26,-85,0.001869,51,2026-02-18 18:49:43.002003,182,1.037,0.0011,"aoml_navis",1027.62861007551
"7901009",102,0.00314443039758664,1,0.026166,1,0.003738,1,117.990367775702,1,4.86549885284689,184,1,13.3900003433228,35.6599998474121,0.0261659994721413,0.0110055068507791,113.777099609375,-85.4991,26.314,16.2029367180308,63,63,63,63,61,63,0.003738,8048,1.18876856134864,26,-85,0.001869,51,2026-02-18 18:49:43.002003,184,1.037,0.0011,"aoml_navis",1027.64385548553
"7901009",102,0.00157221519879332,1,0.024297,1,0.001869,1,117.391688774946,1,4.86543703266304,186,1,13.3330001831055,35.6500015258789,0.0242970008403063,0.00943329185247421,113.199798583984,-85.4991,26.314,16.2029367180308,63,63,63,63,61,63,0.001869,8048,1.18876856134864,26,-85,0.001869,51,2026-02-18 18:49:43.002003,186,1.037,0.0011,"aoml_navis",1027.65691271588
"7901009",102,0.00314443039758664,1,0.026166,1,0.003738,1,116.816342019963,1,4.86538479524171,188,1,13.2930002212524,35.6419982910156,0.0261659994721413,0.0110055068507791,112.644996643066,-85.4991,26.314,16.2029367180308,63,63,63,63,61,63,0.003738,8048,1.18876856134864,26,-85,0.001869,51,2026-02-18 18:49:43.002003,188,1.037,0.0011,"aoml_navis",1027.66794620026
"7901009",102,0.00314443039758664,1,0.026166,1,0.003738,1,116.580527308096,1,4.86530457118196,190.100006103516,1,13.2080001831055,35.6290016174316,0.0261659994721413,0.0110055068507791,112.417602539062,-85.4991,26.314,16.2029367180308,63,63,63,63,61,63,0.003738,8048,1.18876856134864,26,-85,0.001869,51,2026-02-18 18:49:43.002003,190.100006103516,1.037,0.0011,"aoml_navis",1027.68489142815
"7901009",102,0,1,0.022428,1,0,1,116.483250277987,1,4.86522986351161,192,1,13.1239995956421,35.6160011291504,0.0224280003458261,0.00786107685416937,112.323799133301,-85.4991,26.314,16.2029367180308,63,63,63,63,61,63,0,8048,1.18876856134864,26,-85,0.001869,51,2026-02-18 18:49:43.002003,192,1.037,0.0011,"aoml_navis",1027.70067196601
"7901009",102,0,1,0.022428,1,0,1,116.652288403101,1,4.86514751446756,194,1,13.0340003967285,35.6030006408691,0.0224280003458261,0.00786107685416937,112.486801147461,-85.4991,26.314,16.2029367180308,63,63,63,63,61,63,0,8048,1.18876856134864,26,-85,0.001869,51,2026-02-18 18:49:43.002003,194,1.037,0.0011,"aoml_navis",1027.71806715653
"7901009",102,0,1,0.020559,1,-0.001869,1,116.814585574198,1,4.86509891399932,196,1,13.0010004043579,35.5960006713867,0.020558999851346,0.00628886139020324,112.64330291748,-85.4991,26.314,16.2029367180308,63,63,63,63,61,63,0,8048,1.18876856134864,26,-85,0.001869,51,2026-02-18 18:49:43.002003,196,1.037,0.0011,"aoml_navis",1027.72833366502
"7901009",102,0,1,0.024297,1,0.001869,1,117.08327430478,1,4.86503880510209,198,1,12.9409999847412,35.5849990844727,0.0242970008403063,0.00943329185247421,112.902397155762,-85.4991,26.314,16.2029367180308,63,63,63,63,61,63,0,8048,1.18876856134864,26,-85,0.001869,51,2026-02-18 18:49:43.002003,198,1.037,0.0011,"aoml_navis",1027.74103153224
"7901009",102,0,1,0.026166,1,0.003738,1,117.223481401206,1,4.86494421337093,200,1,12.8299999237061,35.5699996948242,0.0261659994721413,0.0110055068507791,113.03759765625,-85.4991,26.314,16.2029367180308,63,63,63,63,61,63,0,8048,1.18876856134864,26,-85,0.001869,51,2026-02-18 18:49:43.002003,200,1.037,0.0011,"aoml_navis",1027.76101445478
"7901009",102,0,1,0.024297,1,0.001869,1,116.950638913747,1,4.86488070035031,202,1,12.7659997940063,35.5589981079102,0.0242970008403063,0.00943329185247421,112.77449798584,-85.4991,26.314,16.2029367180308,63,63,63,63,61,63,0,8048,1.18876856134864,26,-85,0.001869,51,2026-02-18 18:49:43.002003,202,1.037,0.0011,"aoml_navis",1027.77443229799
"7901009",102,0,1,0.026166,1,0.003738,1,116.462615996204,1,4.86482005473478,204,1,12.701000213623,35.5470008850098,0.0261659994721413,0.0110055068507791,112.303901672363,-85.4991,26.314,16.2029367180308,63,63,63,63,61,63,0,8048,1.18876856134864,26,-85,0.001869,51,2026-02-18 18:49:43.002003,204,1.037,0.0011,"aoml_navis",1027.78724469647
"7901009",102,0,1,0.028035,1,0.005607,1,115.746128538487,1,4.86473618775695,206,1,12.6000003814697,35.5320014953613,0.0280349999666214,0.0125777227804065,111.612998962402,-85.4991,26.314,16.2029367180308,63,63,63,63,61,63,0,8048,1.18876856134864,26,-85,0.001869,51,2026-02-18 18:49:43.002003,206,1.037,0.0011,"aoml_navis",1027.80496352165
"7901009",102,0,1,0.026166,1,0.003738,1,114.875129236849,1,4.86467646383704,208,1,12.5469999313354,35.5229988098145,0.0261659994721413,0.0110055068507791,110.773101806641,-85.4991,26.314,16.2029367180308,63,63,63,63,61,63,0,8048,1.18876856134864,26,-85,0.001869,51,2026-02-18 18:49:43.002003,208,1.037,0.0011,"aoml_navis",1027.81758194382
"7901009",102,0,1,0.031773,1,0.009345,1,114.315543022247,1,4.86460259529681,210,1,12.4790000915527,35.5139999389648,0.0317730009555817,0.0157221537083387,110.233497619629,-85.4991,26.314,16.2029367180308,63,63,63,63,61,63,0,8048,1.18876856134864,26,-85,0.001869,51,2026-02-18 18:49:43.002003,210,1.037,0.0011,"aoml_navis",1027.83318925869
"7901009",102,0,1,0.024297,1,0.001869,1,114.770383356279,1,4.86449022175256,212,1,12.33899974823,35.4970016479492,0.0242970008403063,0.00943329185247421,110.672096252441,-85.4991,26.314,16.2029367180308,63,63,63,63,61,63,0,8048,1.18876856134864,26,-85,0.001869,51,2026-02-18 18:49:43.002003,212,1.037,0.0011,"aoml_navis",1027.85693301252
"7901009",102,0,1,0.029904,1,0.007476,1,115.003618782923,1,4.86444249403094,214,1,12.3020000457764,35.4889984130859,0.0299040004611015,0.0141499377787113,110.897003173828,-85.4991,26.314,16.2029367180308,63,63,63,63,61,63,0,8048,1.18876856134864,26,-85,0.001869,51,2026-02-18 18:49:43.002003,214,1.037,0.0011,"aoml_navis",1027.8670178824
"7901009",102,0,1,0.026166,1,0.003738,1,114.890375502569,1,4.86439131863908,216,1,12.2729997634888,35.484001159668,0.0261659994721413,0.0110055068507791,110.787803649902,-85.4991,26.314,16.2029367180308,63,63,63,63,61,63,0,8048,1.18876856134864,26,-85,0.001869,51,2026-02-18 18:49:43.002003,216,1.037,0.0011,"aoml_navis",1027.87783146502
"7901009",102,0,1,0.029904,1,0.007476,1,114.54027313719,1,4.86434207009222,218,1,12.246000289917,35.4790000915527,0.0299040004611015,0.0141499377787113,110.450202941895,-85.4991,26.314,16.2029367180308,63,63,63,63,61,63,0,8048,1.18876856134864,26,-85,0.001869,51,2026-02-18 18:49:43.002003,218,1.037,0.0011,"aoml_navis",1027.88823811176
"7901009",102,0,1,0.026166,1,0.003738,1,113.682850686603,1,4.86429199829093,220,1,12.2220001220703,35.4749984741211,0.0261659994721413,0.0110055068507791,109.623397827148,-85.4991,26.314,16.2029367180308,63,63,63,63,61,63,0,8048,1.18876856134864,26,-85,0.001869,51,2026-02-18 18:49:43.002003,220,1.037,0.0011,"aoml_navis",1027.89881893537
"7901009",102,0,1,0.028035,1,0.005607,1,112.642607549987,1,4.86423826814281,222,1,12.1979999542236,35.4720001220703,0.0280349999666214,0.0125777227804065,108.620300292969,-85.4991,26.314,16.2029367180308,63,63,63,63,61,63,0,8048,1.18876856134864,26,-85,0.001869,51,2026-02-18 18:49:43.002003,222,1.037,0.0011,"aoml_navis",1027.91017305758
"7901009",102,0,1,0.028035,1,0.005607,1,111.680241420883,1,4.86416275143801,224,1,12.1350002288818,35.4650001525879,0.0280349999666214,0.0125777227804065,107.69229888916,-85.4991,26.314,16.2029367180308,63,63,63,63,61,63,0,8048,1.18876856134864,26,-85,0.001869,51,2026-02-18 18:49:43.002003,224,1.037,0.0011,"aoml_navis",1027.92613148518
"7901009",102,0,1,0.026166,1,0.003738,1,111.540967930764,1,4.86408163868931,226,1,12.0539999008179,35.4550018310547,0.0261659994721413,0.0110055068507791,107.557998657227,-85.4991,26.314,16.2029367180308,63,63,63,63,61,63,0,8048,1.18876856134864,26,-85,0.001869,51,2026-02-18 18:49:43.002003,226,1.037,0.0011,"aoml_navis",1027.94327303834
"7901009",102,0,1,0.029904,1,0.007476,1,111.523751597497,1,4.86402319622622,228,1,12.0050001144409,35.4469985961914,0.0299040004611015,0.0141499377787113,107.541397094727,-85.4991,26.314,16.2029367180308,63,63,63,63,61,63,0,8048,1.18876856134864,26,-85,0.001869,51,2026-02-18 18:49:43.002003,228,1.037,0.0011,"aoml_navis",1027.95562403553
"7901009",102,0,1,0.022428,1,0,1,111.271131972092,1,4.86398076615318,230,1,11.9890003204346,35.443000793457,0.0224280003458261,0.00786107685416937,107.297798156738,-85.4991,26.314,16.2029367180308,63,63,63,63,61,63,0,8048,1.18876856134864,26,-85,0.001869,51,2026-02-18 18:49:43.002003,230,1.037,0.0011,"aoml_navis",1027.96459122399
"7901009",102,0,1,0.028035,1,0.005607,1,110.989167043338,1,4.86391966281339,232,1,11.9370002746582,35.435001373291,0.0280349999666214,0.0125777227804065,107.025901794434,-85.4991,26.314,16.2029367180308,63,63,63,63,61,63,0,8048,1.18876856134864,26,-85,0.001869,51,2026-02-18 18:49:43.002003,232,1.037,0.0011,"aoml_navis",1027.97750510293
"7901009",102,0,1,0.026166,1,0.003738,1,110.669968629127,1,4.86384104007692,234,1,11.8459997177124,35.4220008850098,0.0261659994721413,0.0110055068507791,106.718101501465,-85.4991,26.314,16.2029367180308,63,63,63,63,61,63,0,8048,1.18876856134864,26,-85,0.001869,51,2026-02-18 18:49:43.002003,234,1.037,0.0011,"aoml_navis",1027.99412209428
"7901009",102,0,1,0.031773,1,0.009345,1,110.574353101768,1,4.86375820014941,236,1,11.746000289917,35.4080009460449,0.0317730009555817,0.0157221537083387,106.625900268555,-85.4991,26.314,16.2029367180308,63,63,63,63,61,63,0,8048,1.18876856134864,26,-85,0.001869,51,2026-02-18 18:49:43.002003,236,1.037,0.0011,"aoml_navis",1028.01163097426
"7901009",102,0,1,0.026166,1,0.003738,1,110.370265180527,1,4.86370678632311,238,1,11.7119998931885,35.4020004272461,0.0261659994721413,0.0110055068507791,106.429100036621,-85.4991,26.314,16.2029367180308,63,63,63,63,61,63,0,8048,1.18876856134864,26,-85,0.001869,51,2026-02-18 18:49:43.002003,238,1.037,0.0011,"aoml_navis",1028.02249799683
"7901009",102,0,1,0.026166,1,0.003738,1,110.187436582579,1,4.86365086131729,240,1,11.668999671936,35.3950004577637,0.0261659994721413,0.0110055068507791,106.252799987793,-85.4991,26.314,16.2029367180308,63,63,63,63,61,63,0,8048,1.18876856134864,26,-85,0.001869,51,2026-02-18 18:49:43.002003,240,1.037,0.0011,"aoml_navis",1028.03431878039
"7901009",102,0,1,0.031773,1,0.009345,1,110.212121766308,1,4.86355523889462,242,1,11.5459995269775,35.3790016174316,0.0317730009555817,0.0157221537083387,106.27660369873,-85.4991,26.314,16.2029367180308,63,63,63,63,61,63,0,8048,1.18876856134864,26,-85,0.001869,51,2026-02-18 18:49:43.002003,242,1.037,0.0011,"aoml_navis",1028.05453097648
"7901009",102,0,1,0.028035,1,0.005607,1,110.264799315431,1,4.86349343517875,244,1,11.4840002059937,35.3689994812012,0.0280349999666214,0.0125777227804065,106.32740020752,-85.4991,26.314,16.2029367180308,63,63,63,63,61,63,0,8048,1.18876856134864,26,-85,0.001869,51,2026-02-18 18:49:43.002003,244,1.037,0.0011,"aoml_navis",1028.06759516398
"7901009",102,0,1,0.022428,1,0,1,110.232336716444,1,4.86342607177423,246,1,11.4359998703003,35.3639984130859,0.0224280003458261,0.00786107685416937,106.296096801758,-85.4991,26.314,16.2029367180308,63,63,63,63,61,63,0,8048,1.18876856134864,26,-85,0.001869,51,2026-02-18 18:49:43.002003,246,1.037,0.0011,"aoml_navis",1028.08183494726
"7901009",102,0,1,0.028035,1,0.005607,1,110.272679585621,1,4.86336614894757,248,1,11.3879995346069,35.3569984436035,0.0280349999666214,0.0125777227804065,106.334999084473,-85.4991,26.314,16.2029367180308,63,63,63,63,61,63,0,8048,1.18876856134864,26,-85,0.001869,51,2026-02-18 18:49:43.002003,248,1.037,0.0011,"aoml_navis",1028.09450221674
"7901009",102,0,1,0.028035,1,0.005607,1,110.280251291015,1,4.86331876291542,250,1,11.3620004653931,35.3520011901855,0.0280349999666214,0.0125777227804065,106.342300415039,-85.4991,26.314,16.2029367180308,63,63,63,63,61,63,0,8048,1.18876856134864,26,-85,0.001869,51,2026-02-18 18:49:43.002003,250,1.037,0.0011,"aoml_navis",1028.10451951594
"7901009",102,0,1,0.029904,1,0.007476,1,110.197911961828,1,4.86326766968776,252,1,11.3400001525879,35.3489990234375,0.0299040004611015,0.0141499377787113,106.262901306152,-85.4991,26.314,16.2029367180308,63,63,63,63,61,63,0,8048,1.18876856134864,26,-85,0.001869,51,2026-02-18 18:49:43.002003,252,1.037,0.0011,"aoml_navis",1028.11532072653
"7901009",102,0,1,0.028035,1,0.005607,1,110.066827306696,1,4.86322287181143,254,1,11.3249998092651,35.3460006713867,0.0280349999666214,0.0125777227804065,106.136497497559,-85.4991,26.314,16.2029367180308,63,63,63,63,61,63,0,8048,1.18876856134864,26,-85,0.001869,51,2026-02-18 18:49:43.002003,254,1.037,0.0011,"aoml_navis",1028.12479127399
"7901009",102,0,1,0.028035,1,0.005607,1,110.03343901332,1,4.86316397877469,256,1,11.2819995880127,35.3400001525879,0.0280349999666214,0.0125777227804065,106.104301452637,-85.4991,26.314,16.2029367180308,63,63,63,63,61,63,0,8048,1.18876856134864,26,-85,0.001869,51,2026-02-18 18:49:43.002003,256,1.037,0.0011,"aoml_navis",1028.13724189078
"7901009",102,0,1,0.026166,1,0.003738,1,109.987913837944,1,4.86311125055179,258,1,11.253999710083,35.3359985351562,0.0261659994721413,0.0110055068507791,106.060401916504,-85.4991,26.314,16.2029367180308,63,63,63,63,61,63,0,8048,1.18876856134864,26,-85,0.001869,51,2026-02-18 18:49:43.002003,258,1.037,0.0011,"aoml_navis",1028.14838945596
"7901009",102,0,1,0.026166,1,0.003738,1,109.940932869681,1,4.86305943434398,260,1,11.2270002365112,35.3320007324219,0.0261659994721413,0.0110055068507791,106.015098571777,-85.4991,26.314,16.2029367180308,63,63,63,63,61,63,0,8048,1.18876856134864,26,-85,0.001869,51,2026-02-18 18:49:43.002003,260,1.037,0.0011,"aoml_navis",1028.1593444425
"7901009",102,0,1,0.028035,1,0.005607,1,109.774386998693,1,4.86300935004613,262,1,11.206000328064,35.3289985656738,0.0280349999666214,0.0125777227804065,105.854499816895,-85.4991,26.314,16.2029367180308,63,63,63,63,61,63,0,8048,1.18876856134864,26,-85,0.001869,51,2026-02-18 18:49:43.002003,262,1.037,0.0011,"aoml_navis",1028.16993349037
"7901009",102,0,1,0.029904,1,0.007476,1,109.689871892095,1,4.86295669133283,264,1,11.1780004501343,35.3250007629395,0.0299040004611015,0.0141499377787113,105.773002624512,-85.4991,26.314,16.2029367180308,63,63,63,63,61,63,0,8048,1.18876856134864,26,-85,0.001869,51,2026-02-18 18:49:43.002003,264,1.037,0.0011,"aoml_navis",1028.18106706799
"7901009",102,0,1,0.028035,1,0.005607,1,109.546444645098,1,4.86290953342885,266,1,11.1520004272461,35.3199996948242,0.0280349999666214,0.0125777227804065,105.634696960449,-85.4991,26.314,16.2029367180308,63,63,63,63,61,63,0,8048,1.18876856134864,26,-85,0.001869,51,2026-02-18 18:49:43.002003,266,1.037,0.0011,"aoml_navis",1028.1910378198
"7901009",102,0,1,0.026166,1,0.003738,1,109.612509159243,1,4.86283351708016,268,1,11.0769996643066,35.3110008239746,0.0261659994721413,0.0110055068507791,105.698402404785,-85.4991,26.314,16.2029367180308,63,63,63,63,61,63,0,8048,1.18876856134864,26,-85,0.001869,51,2026-02-18 18:49:43.002003,268,1.037,0.0011,"aoml_navis",1028.20711061525
"7901009",102,0,1,0.026166,1,0.003738,1,109.716519231453,1,4.86278735408752,270,1,11.0520000457764,35.3059997558594,0.0261659994721413,0.0110055068507791,105.798698425293,-85.4991,26.314,16.2029367180308,63,63,63,63,61,63,0,8048,1.18876856134864,26,-85,0.001869,51,2026-02-18 18:49:43.002003,270,1.037,0.0011,"aoml_navis",1028.21687150213
"7901009",102,0,1,0.028035,1,0.005607,1,109.831424014558,1,4.86273248803632,272,1,11.0129995346069,35.2999992370605,0.0280349999666214,0.0125777227804065,105.90950012207,-85.4991,26.314,16.2029367180308,63,63,63,63,61,63,0,8048,1.18876856134864,26,-85,0.001869,51,2026-02-18 18:49:43.002003,272,1.037,0.0011,"aoml_navis",1028.22847283937
"7901009",102,0,1,0.024297,1,0.001869,1,110.293938908915,1,4.86266267123971,274,1,10.9320001602173,35.2879981994629,0.0242970008403063,0.00943329185247421,106.355499267578,-85.4991,26.314,16.2029367180308,63,63,63,63,61,63,0,8048,1.18876856134864,26,-85,0.001869,51,2026-02-18 18:49:43.002003,274,1.037,0.0011,"aoml_navis",1028.24323586593
"7901009",102,0,1,0.028035,1,0.005607,1,110.748676388015,1,4.86261047802747,276,1,10.8999996185303,35.2830009460449,0.0280349999666214,0.0125777227804065,106.793998718262,-85.4991,26.314,16.2029367180308,63,63,63,63,61,63,0,8048,1.18876856134864,26,-85,0.001869,51,2026-02-18 18:49:43.002003,276,1.037,0.0011,"aoml_navis",1028.25427259562
"7901009",102,0,1,0.029904,1,0.007476,1,111.208604085231,1,4.86253160618549,278,1,10.7829999923706,35.2649993896484,0.0299040004611015,0.0141499377787113,107.237503051758,-85.4991,26.314,16.2029367180308,63,63,63,63,61,63,0,8048,1.18876856134864,26,-85,0.001869,51,2026-02-18 18:49:43.002003,278,1.037,0.0011,"aoml_navis",1028.2709512139
"7901009",102,0,1,0.026166,1,0.003738,1,111.382824516545,1,4.86248257193639,280,1,10.7670001983643,35.2630004882812,0.0261659994721413,0.0110055068507791,107.405502319336,-85.4991,26.314,16.2029367180308,63,63,63,63,61,63,0,8048,1.18876856134864,26,-85,0.001869,51,2026-02-18 18:49:43.002003,280,1.037,0.0011,"aoml_navis",1028.28132050432
"7901009",102,0,1,0.029904,1,0.007476,1,111.622895840222,1,4.86243516326704,282,1,10.7360000610352,35.2569999694824,0.0299040004611015,0.0141499377787113,107.637001037598,-85.4991,26.314,16.2029367180308,63,63,63,63,61,63,0,8048,1.18876856134864,26,-85,0.001869,51,2026-02-18 18:49:43.002003,282,1.037,0.0011,"aoml_navis",1028.29134623165
"7901009",102,0,1,0.031773,1,0.009345,1,111.757809863599,1,4.86238198378074,284,1,10.7110004425049,35.2540016174316,0.0317730009555817,0.0157221537083387,107.767097473145,-85.4991,26.314,16.2029367180308,63,63,63,63,61,63,0,8048,1.18876856134864,26,-85,0.001869,51,2026-02-18 18:49:43.002003,284,1.037,0.0011,"aoml_navis",1028.30259257259
"7901009",102,0,1,0.026166,1,0.003738,1,111.846684436939,1,4.86234153342594,286.100006103516,1,10.7030000686646,35.2509994506836,0.0261659994721413,0.0110055068507791,107.852798461914,-85.4991,26.314,16.2029367180308,63,63,63,63,61,63,0,8048,1.18876856134864,26,-85,0.001869,51,2026-02-18 18:49:43.002003,286.100006103516,1.037,0.0011,"aoml_navis",1028.31114713513
"7901009",102,0,1,0.028035,1,0.005607,1,112.000373441402,1,4.86229311636947,288,1,10.6809997558594,35.2480010986328,0.0280349999666214,0.0125777227804065,108.000999450684,-85.4991,26.314,16.2029367180308,63,63,63,63,61,63,0,8048,1.18876856134864,26,-85,0.001869,51,2026-02-18 18:49:43.002003,288,1.037,0.0011,"aoml_navis",1028.3213867068
"7901009",102,0,1,0.031773,1,0.009345,1,112.255999595594,1,4.86223533817616,290,1,10.621000289917,35.2379989624023,0.0317730009555817,0.0157221537083387,108.247497558594,-85.4991,26.314,16.2029367180308,63,63,63,63,61,63,0,8048,1.18876856134864,26,-85,0.001869,51,2026-02-18 18:49:43.002003,290,1.037,0.0011,"aoml_navis",1028.33360630288
"7901009",102,0,1,0.028035,1,0.005607,1,112.457183842981,1,4.86215221171891,292,1,10.5229997634888,35.226001739502,0.0280349999666214,0.0125777227804065,108.441497802734,-85.4991,26.314,16.2029367180308,63,63,63,63,61,63,0,8048,1.18876856134864,26,-85,0.001869,51,2026-02-18 18:49:43.002003,292,1.037,0.0011,"aoml_navis",1028.3511873505
"7901009",102,0,1,0.033642,1,0.011214,1,112.411350102808,1,4.86210098562128,294,1,10.5,35.2229995727539,0.0336420014500618,0.017294367775321,108.397300720215,-85.4991,26.314,16.2029367180308,63,63,63,63,61,63,0,8048,1.18876856134864,26,-85,0.001869,51,2026-02-18 18:49:43.002003,294,1.037,0.0011,"aoml_navis",1028.36202184745
"7901009",102,0,1,0.028035,1,0.005607,1,112.347983552654,1,4.86206033661722,296,1,10.4849996566772,35.2190017700195,0.0280349999666214,0.0125777227804065,108.336196899414,-85.4991,26.314,16.2029367180308,63,63,63,63,61,63,0,8048,1.18876856134864,26,-85,0.001869,51,2026-02-18 18:49:43.002003,296,1.037,0.0011,"aoml_navis",1028.37061941497
"7901009",102,0,1,0.026166,1,0.003738,1,112.306398512373,1,4.86201023781972,298,1,10.4589996337891,35.2150001525879,0.0261659994721413,0.0110055068507791,108.296096801758,-85.4991,26.314,16.2029367180308,63,63,63,63,61,63,0,8048,1.18876856134864,26,-85,0.001869,51,2026-02-18 18:49:43.002003,298,1.037,0.0011,"aoml_navis",1028.38121588205
"7901009",102,0,1,0.026166,1,0.003738,1,112.429080710736,1,4.8619404217087,300,1,10.3800001144409,35.2039985656738,0.0261659994721413,0.0110055068507791,108.414398193359,-85.4991,26.314,16.2029367180308,63,63,63,63,61,63,0,8048,1.18876856134864,26,-85,0.001869,51,2026-02-18 18:49:43.002003,300,1.037,0.0011,"aoml_navis",1028.39598315003
"7901009",102,0,1,0.028035,1,0.005607,1,112.667704153444,1,4.86184836527479,302,1,10.2530002593994,35.1879997253418,0.0280349999666214,0.0125777227804065,108.644500732422,-85.4991,26.314,16.2029367180308,63,63,63,63,61,63,0,8048,1.18876856134864,26,-85,0.001869,51,2026-02-18 18:49:43.002003,302,1.037,0.0011,"aoml_navis",1028.41545526429
"7901009",102,0,1,0.029904,1,0.007476,1,112.816622271436,1,4.86174185570398,304,1,10.1079998016357,35.1720008850098,0.0299040004611015,0.0141499377787113,108.788101196289,-85.4991,26.314,16.2029367180308,63,63,63,63,61,63,0,8048,1.18876856134864,26,-85,0.001869,51,2026-02-18 18:49:43.002003,304,1.037,0.0011,"aoml_navis",1028.43798547918
"7901009",102,0,1,0.028035,1,0.005607,1,112.767054106033,1,4.86167331567025,306,1,10.0290002822876,35.1609992980957,0.0280349999666214,0.0125777227804065,108.740303039551,-85.4991,26.314,16.2029367180308,63,63,63,63,61,63,0,8048,1.18876856134864,26,-85,0.001869,51,2026-02-18 18:49:43.002003,306,1.037,0.0011,"aoml_navis",1028.45248443245
"7901009",102,0,1,0.029904,1,0.007476,1,112.610769992512,1,4.86162369942103,308,1,10.0030002593994,35.1570014953613,0.0299040004611015,0.0141499377787113,108.589599609375,-85.4991,26.314,16.2029367180308,63,63,63,63,61,63,0,8048,1.18876856134864,26,-85,0.001869,51,2026-02-18 18:49:43.002003,308,1.037,0.0011,"aoml_navis",1028.46298050494
"7901009",102,0,1,0.033642,1,0.011214,1,112.461226833008,1,4.86157381990688,310.100006103516,1,9.96599960327148,35.1500015258789,0.0336420014500618,0.017294367775321,108.44539642334,-85.4991,26.314,16.2029367180308,63,63,63,63,61,63,0,8048,1.18876856134864,26,-85,0.001869,51,2026-02-18 18:49:43.002003,310.100006103516,1.037,0.0011,"aoml_navis",1028.47353248578
"7901009",102,0,1,0.029904,1,0.007476,1,112.314800969142,1,4.8615279140523,312,1,9.93299961090088,35.1440010070801,0.0299040004611015,0.0141499377787113,108.30419921875,-85.4991,26.314,16.2029367180308,63,63,63,63,61,63,0,8048,1.18876856134864,26,-85,0.001869,51,2026-02-18 18:49:43.002003,312,1.037,0.0011,"aoml_navis",1028.48324403269
"7901009",102,0,1,0.028035,1,0.005607,1,112.53340725966,1,4.86141110876071,314,1,9.77299976348877,35.1279983520508,0.0280349999666214,0.0125777227804065,108.514999389648,-85.4991,26.314,16.2029367180308,63,63,63,63,61,63,0,8048,1.18876856134864,26,-85,0.001869,51,2026-02-18 18:49:43.002003,314,1.037,0.0011,"aoml_navis",1028.5079554349
"7901009",102,0,1,0.029904,1,0.007476,1,112.716235857608,1,4.86131894820195,316,1,9.64599990844727,35.1129989624023,0.0299040004611015,0.0141499377787113,108.691299438477,-85.4991,26.314,16.2029367180308,63,63,63,63,61,63,0,8048,1.18876856134864,26,-85,0.001869,51,2026-02-18 18:49:43.002003,316,1.037,0.0011,"aoml_navis",1028.52745381978
"7901009",102,0,1,0.028035,1,0.005607,1,112.635866595969,1,4.86127307111571,318,1,9.63300037384033,35.1110000610352,0.0280349999666214,0.0125777227804065,108.613800048828,-85.4991,26.314,16.2029367180308,63,63,63,63,61,63,0,8048,1.18876856134864,26,-85,0.001869,51,2026-02-18 18:49:43.002003,318,1.037,0.0011,"aoml_navis",1028.53716029831
"7901009",102,0,1,0.026166,1,0.003738,1,112.542743322737,1,4.86123048747084,320,1,9.62399959564209,35.109001159668,0.0261659994721413,0.0110055068507791,108.524002075195,-85.4991,26.314,16.2029367180308,63,63,63,63,61,63,0,8048,1.18876856134864,26,-85,0.001869,51,2026-02-18 18:49:43.002003,320,1.037,0.0011,"aoml_navis",1028.54617012849
"7901009",102,0,1,0.033642,1,0.011214,1,112.536619498312,1,4.86117022444938,322,1,9.57100009918213,35.1020011901855,0.0336420014500618,0.017294367775321,108.518096923828,-85.4991,26.314,16.2029367180308,63,63,63,63,61,63,0,8048,1.18876856134864,26,-85,0.001869,51,2026-02-18 18:49:43.002003,322,1.037,0.0011,"aoml_navis",1028.55892082371
"7901009",102,0,1,0.029904,1,0.007476,1,112.559540324357,1,4.86110233170444,324,1,9.50399971008301,35.0940017700195,0.0299040004611015,0.0141499377787113,108.540199279785,-85.4991,26.314,16.2029367180308,63,63,63,63,61,63,0,8048,1.18876856134864,26,-85,0.001869,51,2026-02-18 18:49:43.002003,324,1.037,0.0011,"aoml_navis",1028.57328622557
"7901009",102,0,1,0.026166,1,0.003738,1,112.512567268013,1,4.861051667634,326,1,9.47599983215332,35.0900001525879,0.0261659994721413,0.0110055068507791,108.494903564453,-85.4991,26.314,16.2029367180308,63,63,63,63,61,63,0,8048,1.18876856134864,26,-85,0.001869,51,2026-02-18 18:49:43.002003,326,1.037,0.0011,"aoml_navis",1028.58400647974
"7901009",102,0,1,0.028035,1,0.005607,1,112.582769715199,1,4.86098524747425,328,1,9.41499996185303,35.0830001831055,0.0280349999666214,0.0125777227804065,108.562599182129,-85.4991,26.314,16.2029367180308,63,63,63,63,61,63,0,8048,1.18876856134864,26,-85,0.001869,51,2026-02-18 18:49:43.002003,328,1.037,0.0011,"aoml_navis",1028.59806097909
"7901009",102,0,1,0.024297,1,0.001869,1,112.51442656871,1,4.86093350446033,330,1,9.38099956512451,35.0779991149902,0.0242970008403063,0.00943329185247421,108.496696472168,-85.4991,26.314,16.2029367180308,63,63,63,63,61,63,0,8048,1.18876856134864,26,-85,0.001869,51,2026-02-18 18:49:43.002003,330,1.037,0.0011,"aoml_navis",1028.60901006197
"7901009",102,0,1,0.024297,1,0.001869,1,112.470665751017,1,4.86087568257196,332,1,9.3439998626709,35.0740013122559,0.0242970008403063,0.00943329185247421,108.454498291016,-85.4991,26.314,16.2029367180308,63,63,63,63,61,63,0,8048,1.18876856134864,26,-85,0.001869,51,2026-02-18 18:49:43.002003,332,1.037,0.0011,"aoml_navis",1028.62124574114
"7901009",102,0,1,0.028035,1,0.005607,1,112.526357740845,1,4.86081526368522,334,1,9.28999996185303,35.0670013427734,0.0280349999666214,0.0125777227804065,108.508201599121,-85.4991,26.314,16.2029367180308,63,63,63,63,61,63,0,8048,1.18876856134864,26,-85,0.001869,51,2026-02-18 18:49:43.002003,334,1.037,0.0011,"aoml_navis",1028.63403128167
"7901009",102,0,1,0.033642,1,0.011214,1,112.59864102243,1,4.8607453246174,336,1,9.22399997711182,35.060001373291,0.0336420014500618,0.017294367775321,108.577903747559,-85.4991,26.314,16.2029367180308,63,63,63,63,61,63,0,8048,1.18876856134864,26,-85,0.001869,51,2026-02-18 18:49:43.002003,336,1.037,0.0011,"aoml_navis",1028.64883183189
"7901009",102,0,1,0.029904,1,0.007476,1,112.634102238286,1,4.86068776650842,338,1,9.1870002746582,35.0559997558594,0.0299040004611015,0.0141499377787113,108.612098693848,-85.4991,26.314,16.2029367180308,63,63,63,63,61,63,0,8048,1.18876856134864,26,-85,0.001869,51,2026-02-18 18:49:43.002003,338,1.037,0.0011,"aoml_navis",1028.66101263518
"7901009",102,0,1,0.029904,1,0.007476,1,112.711884302784,1,4.86062754943968,340,1,9.14200019836426,35.0509986877441,0.0299040004611015,0.0141499377787113,108.687103271484,-85.4991,26.314,16.2029367180308,63,63,63,63,61,63,0,8048,1.18876856134864,26,-85,0.001869,51,2026-02-18 18:49:43.002003,340,1.037,0.0011,"aoml_navis",1028.67375645278
"7901009",102,0,1,0.026166,1,0.003738,1,112.655986603091,1,4.86058031108043,342,1,9.1269998550415,35.048999786377,0.0261659994721413,0.0110055068507791,108.633201599121,-85.4991,26.314,16.2029367180308,63,63,63,63,61,63,0,8048,1.18876856134864,26,-85,0.001869,51,2026-02-18 18:49:43.002003,342,1.037,0.0011,"aoml_navis",1028.68375379
"7901009",102,0,1,0.029904,1,0.007476,1,112.714368644992,1,4.86051652021356,344,1,9.08199977874756,35.0449981689453,0.0299040004611015,0.0141499377787113,108.689498901367,-85.4991,26.314,16.2029367180308,63,63,63,63,61,63,0,8048,1.18876856134864,26,-85,0.001869,51,2026-02-18 18:49:43.002003,344,1.037,0.0011,"aoml_navis",1028.69725454206
"7901009",102,0,1,0.033642,1,0.011214,1,112.708869862078,1,4.86045808084362,346,1,9.03899955749512,35.0400009155273,0.0336420014500618,0.017294367775321,108.684196472168,-85.4991,26.314,16.2029367180308,63,63,63,63,61,63,0,8048,1.18876856134864,26,-85,0.001869,51,2026-02-18 18:49:43.002003,346,1.037,0.0011,"aoml_navis",1028.70962300989
"7901009",102,0,1,0.026166,1,0.003738,1,112.666042650693,1,4.86041301283242,348,1,9.02200031280518,35.0369987487793,0.0261659994721413,0.0110055068507791,108.64289855957,-85.4991,26.314,16.2029367180308,63,63,63,63,61,63,0,8048,1.18876856134864,26,-85,0.001869,51,2026-02-18 18:49:43.002003,348,1.037,0.0011,"aoml_navis",1028.71916168421
"7901009",102,0,1,0.029904,1,0.007476,1,112.844203217102,1,4.86033619968777,350,1,8.95100021362305,35.0309982299805,0.0299040004611015,0.0141499377787113,108.814697265625,-85.4991,26.314,16.2029367180308,63,63,63,63,61,63,0,8048,1.18876856134864,26,-85,0.001869,51,2026-02-18 18:49:43.002003,350,1.037,0.0011,"aoml_navis",1028.73541964468
"7901009",102,0,1,0.033642,1,0.011214,1,112.837050843355,1,4.86028037317998,352,1,8.91100025177002,35.0260009765625,0.0336420014500618,0.017294367775321,108.807800292969,-85.4991,26.314,16.2029367180308,63,63,63,63,61,63,0,8048,1.18876856134864,26,-85,0.001869,51,2026-02-18 18:49:43.002003,352,1.037,0.0011,"aoml_navis",1028.74723598067
"7901009",102,0,1,0.029904,1,0.007476,1,112.803448928197,1,4.86022854523572,354,1,8.89000034332275,35.023998260498,0.0299040004611015,0.0141499377787113,108.775398254395,-85.4991,26.314,16.2029367180308,63,63,63,63,61,63,0,8048,1.18876856134864,26,-85,0.001869,51,2026-02-18 18:49:43.002003,354,1.037,0.0011,"aoml_navis",1028.75820621672
"7901009",102,0,1,0.028035,1,0.005607,1,112.85416432169,1,4.86017124622702,356,1,8.84799957275391,35.0190010070801,0.0280349999666214,0.0125777227804065,108.82430267334,-85.4991,26.314,16.2029367180308,63,63,63,63,61,63,0,8048,1.18876856134864,26,-85,0.001869,51,2026-02-18 18:49:43.002003,356,1.037,0.0011,"aoml_navis",1028.77033476578
"7901009",102,0,1,0.026166,1,0.003738,1,112.853230715382,1,4.86011034952583,358,1,8.80599975585938,35.0149993896484,0.0261659994721413,0.0110055068507791,108.823402404785,-85.4991,26.314,16.2029367180308,63,63,63,63,61,63,0,8048,1.18876856134864,26,-85,0.001869,51,2026-02-18 18:49:43.002003,358,1.037,0.0011,"aoml_navis",1028.78322515616
"7901009",102,0,1,0.029904,1,0.007476,1,112.755328643762,1,4.86004516404051,360,1,8.74899959564209,35.0089988708496,0.0299040004611015,0.0141499377787113,108.728996276855,-85.4991,26.314,16.2029367180308,63,63,63,63,61,63,0,8048,1.18876856134864,26,-85,0.001869,51,2026-02-18 18:49:43.002003,360,1.037,0.0011,"aoml_navis",1028.79702373859
"7901009",102,0,1,0.028035,1,0.005607,1,112.809153420975,1,4.8599805317303,362,1,8.70199966430664,35.0050010681152,0.0280349999666214,0.0125777227804065,108.780899047852,-85.4991,26.314,16.2029367180308,63,63,63,63,61,63,0,8048,1.18876856134864,26,-85,0.001869,51,2026-02-18 18:49:43.002003,362,1.037,0.0011,"aoml_navis",1028.81070558936
"7901009",102,0,1,0.029904,1,0.007476,1,112.866499001636,1,4.85992887907565,364,1,8.68099975585938,35.0029983520508,0.0299040004611015,0.0141499377787113,108.836196899414,-85.4991,26.314,16.2029367180308,63,63,63,63,61,63,0,8048,1.18876856134864,26,-85,0.001869,51,2026-02-18 18:49:43.002003,364,1.037,0.0011,"aoml_navis",1028.8216400712
"7901009",102,0,1,0.026166,1,0.003738,1,113.032222033167,1,4.85987624874723,366,1,8.6540002822876,35,0.0261659994721413,0.0110055068507791,108.996002197266,-85.4991,26.314,16.2029367180308,63,63,63,63,61,63,0,8048,1.18876856134864,26,-85,0.001869,51,2026-02-18 18:49:43.002003,366,1.037,0.0011,"aoml_navis",1028.83278175836
"7901009",102,0,1,0.029904,1,0.007476,1,113.091126261647,1,4.85982812842045,368,1,8.62800025939941,34.9959983825684,0.0299040004611015,0.0141499377787113,109.052803039551,-85.4991,26.314,16.2029367180308,63,63,63,63,61,63,0,8048,1.18876856134864,26,-85,0.001869,51,2026-02-18 18:49:43.002003,368,1.037,0.0011,"aoml_navis",1028.8429689025
"7901009",102,0,1,0.029904,1,0.007476,1,113.137371421548,1,4.85977090036333,370,1,8.59500026702881,34.9930000305176,0.0299040004611015,0.0141499377787113,109.097396850586,-85.4991,26.314,16.2029367180308,63,63,63,63,61,63,0,8048,1.18876856134864,26,-85,0.001869,51,2026-02-18 18:49:43.002003,370,1.037,0.0011,"aoml_navis",1028.85508442922
"7901009",102,0,1,0.031773,1,0.009345,1,113.214837009332,1,4.85972051881912,372,1,8.56599998474121,34.9889984130859,0.0317730009555817,0.0157221537083387,109.172096252441,-85.4991,26.314,16.2029367180308,63,63,63,63,61,63,0,8048,1.18876856134864,26,-85,0.001869,51,2026-02-18 18:49:43.002003,372,1.037,0.0011,"aoml_navis",1028.86575074382
"7901009",102,0,1,0.033642,1,0.011214,1,113.680263489462,1,4.85965404885206,374,1,8.49699974060059,34.9809989929199,0.0336420014500618,0.017294367775321,109.620903015137,-85.4991,26.314,16.2029367180308,63,63,63,63,61,63,0,8048,1.18876856134864,26,-85,0.001869,51,2026-02-18 18:49:43.002003,374,1.037,0.0011,"aoml_navis",1028.87982348889
"7901009",102,0,1,0.033642,1,0.011214,1,114.354746575252,1,4.85960470345741,376,1,8.44999980926514,34.9729995727539,0.0336420014500618,0.017294367775321,110.271301269531,-85.4991,26.314,16.2029367180308,63,63,63,63,61,63,0,8048,1.18876856134864,26,-85,0.001869,51,2026-02-18 18:49:43.002003,376,1.037,0.0011,"aoml_navis",1028.89027093967
"7901009",102,0,1,0.026166,1,0.003738,1,115.402149997533,1,4.85947956577136,378,1,8.26000022888184,34.9560012817383,0.0261659994721413,0.0110055068507791,111.281303405762,-85.4991,26.314,16.2029367180308,63,63,63,63,61,63,0,8048,1.18876856134864,26,-85,0.001869,51,2026-02-18 18:49:43.002003,378,1.037,0.0011,"aoml_navis",1028.91676615299
"7901009",102,0,1,0.029904,1,0.007476,1,115.82888719932,1,4.85939639865618,380,1,8.14799976348877,34.9440002441406,0.0299040004611015,0.0141499377787113,111.692802429199,-85.4991,26.314,16.2029367180308,63,63,63,63,61,63,0,8048,1.18876856134864,26,-85,0.001869,51,2026-02-18 18:49:43.002003,380,1.037,0.0011,"aoml_navis",1028.93437575554
"7901009",102,0,1,0.028035,1,0.005607,1,116.021146803358,1,4.85934438095901,382,1,8.12100028991699,34.9410018920898,0.0280349999666214,0.0125777227804065,111.878196716309,-85.4991,26.314,16.2029367180308,63,63,63,63,61,63,0,8048,1.18876856134864,26,-85,0.001869,51,2026-02-18 18:49:43.002003,382,1.037,0.0011,"aoml_navis",1028.94539016254
"7901009",102,0,1,0.029904,1,0.007476,1,116.188009151061,1,4.85928269949641,384,1,8.08600044250488,34.9389991760254,0.0299040004611015,0.0141499377787113,112.039100646973,-85.4991,26.314,16.2029367180308,63,63,63,63,61,63,0,8048,1.18876856134864,26,-85,0.001869,51,2026-02-18 18:49:43.002003,384,1.037,0.0011,"aoml_navis",1028.95845111423
"7901009",102,0,1,0.029904,1,0.007476,1,116.263607526229,1,4.85923080717598,386,1,8.06400012969971,34.9370002746582,0.0299040004611015,0.0141499377787113,112.111999511719,-85.4991,26.314,16.2029367180308,63,63,63,63,61,63,0,8048,1.18876856134864,26,-85,0.001869,51,2026-02-18 18:49:43.002003,386,1.037,0.0011,"aoml_navis",1028.96943948745
"7901009",102,0,1,0.028035,1,0.005607,1,116.322614609641,1,4.85918868275818,388,1,8.05500030517578,34.935001373291,0.0280349999666214,0.0125777227804065,112.168899536133,-85.4991,26.314,16.2029367180308,63,63,63,63,61,63,0,8048,1.18876856134864,26,-85,0.001869,51,2026-02-18 18:49:43.002003,388,1.037,0.0011,"aoml_navis",1028.97835964704
"7901009",102,0,1,0.026166,1,0.003738,1,116.322203189912,1,4.85914063152501,390,1,8.04300022125244,34.9339981079102,0.0261659994721413,0.0110055068507791,112.168502807617,-85.4991,26.314,16.2029367180308,63,63,63,63,61,63,0,8048,1.18876856134864,26,-85,0.001869,51,2026-02-18 18:49:43.002003,390,1.037,0.0011,"aoml_navis",1028.98853504283
"7901009",102,0,1,0.033642,1,0.011214,1,116.409313405569,1,4.85908503045177,392,1,8.01599979400635,34.931999206543,0.0336420014500618,0.017294367775321,112.252502441406,-85.4991,26.314,16.2029367180308,63,63,63,63,61,63,0,8048,1.18876856134864,26,-85,0.001869,51,2026-02-18 18:49:43.002003,392,1.037,0.0011,"aoml_navis",1029.00030945438
"7901009",102,0,1,0.031773,1,0.009345,1,116.358495157144,1,4.8590324939516,394,1,7.9980001449585,34.9309997558594,0.0317730009555817,0.0157221537083387,112.203498840332,-85.4991,26.314,16.2029367180308,63,63,63,63,61,63,0,8048,1.18876856134864,26,-85,0.001869,51,2026-02-18 18:49:43.002003,394,1.037,0.0011,"aoml_navis",1029.01143514143
"7901009",102,0,1,0.028035,1,0.005607,1,116.378615164266,1,4.85898295851665,396,1,7.98400020599365,34.9300003051758,0.0280349999666214,0.0125777227804065,112.222900390625,-85.4991,26.314,16.2029367180308,63,63,63,63,61,63,0,8048,1.18876856134864,26,-85,0.001869,51,2026-02-18 18:49:43.002003,396,1.037,0.0011,"aoml_navis",1029.02192551142
"7901009",102,0,1,0.029904,1,0.007476,1,116.332567802311,1,4.85892376205552,398,1,7.96199989318848,34.9300003051758,0.0299040004611015,0.0141499377787113,112.178497314453,-85.4991,26.314,16.2029367180308,63,63,63,63,61,63,0,8048,1.18876856134864,26,-85,0.001869,51,2026-02-18 18:49:43.002003,398,1.037,0.0011,"aoml_navis",1029.0344621264
"7901009",102,0,1,0.031773,1,0.009345,1,116.250331328057,1,4.85887872180363,400,1,7.9539999961853,34.9290008544922,0.0317730009555817,0.0157221537083387,112.099197387695,-85.4991,26.314,16.2029367180308,63,63,63,63,61,63,0,8048,1.18876856134864,26,-85,0.001869,51,2026-02-18 18:49:43.002003,400,1.037,0.0011,"aoml_navis",1029.04400094678
"7901009",102,0,1,0.028035,1,0.005607,1,116.173799346581,1,4.8588262601241,402,1,7.94099998474121,34.9290008544922,0.0280349999666214,0.0125777227804065,112.025398254395,-85.4991,26.314,16.2029367180308,63,63,63,63,61,63,0,8048,1.18876856134864,26,-85,0.001869,51,2026-02-18 18:49:43.002003,402,1.037,0.0011,"aoml_navis",1029.05511173233
"7901009",102,0,1,0.026166,1,0.003738,1,116.187178399685,1,4.85877085548117,404,1,7.92899990081787,34.9300003051758,0.0261659994721413,0.0110055068507791,112.038299560547,-85.4991,26.314,16.2029367180308,63,63,63,63,61,63,0,8048,1.18876856134864,26,-85,0.001869,51,2026-02-18 18:49:43.002003,404,1.037,0.0011,"aoml_navis",1029.06684606447
"7901009",102,0,1,0.031773,1,0.009345,1,116.224823304871,1,4.85872511236038,406,1,7.92500019073486,34.9300003051758,0.0317730009555817,0.0157221537083387,112.074600219727,-85.4991,26.314,16.2029367180308,63,63,63,63,61,63,0,8048,1.18876856134864,26,-85,0.001869,51,2026-02-18 18:49:43.002003,406,1.037,0.0011,"aoml_navis",1029.07653435265
"7901009",102,0,1,0.035511,1,0.013083,1,116.348122632827,1,4.85867859373802,408,1,7.91499996185303,34.9290008544922,0.0355109982192516,0.0188665837049484,112.193496704102,-85.4991,26.314,16.2029367180308,63,63,63,63,61,63,0,8048,1.18876856134864,26,-85,0.001869,51,2026-02-18 18:49:43.002003,408,1.037,0.0011,"aoml_navis",1029.08638707737
"7901009",102,0,1,0.031773,1,0.009345,1,116.544433138811,1,4.85861942569421,410,1,7.88800001144409,34.9280014038086,0.0317730009555817,0.0157221537083387,112.382797241211,-85.4991,26.314,16.2029367180308,63,63,63,63,61,63,0,8048,1.18876856134864,26,-85,0.001869,51,2026-02-18 18:49:43.002003,410,1.037,0.0011,"aoml_navis",1029.09891924404
"7901009",102,0,1,0.029904,1,0.007476,1,116.645753158948,1,4.85857367811713,412,1,7.87900018692017,34.9269981384277,0.0299040004611015,0.0141499377787113,112.480499267578,-85.4991,26.314,16.2029367180308,63,63,63,63,61,63,0,8048,1.18876856134864,26,-85,0.001869,51,2026-02-18 18:49:43.002003,412,1.037,0.0011,"aoml_navis",1029.10860908004
"7901009",102,0,1,0.026166,1,0.003738,1,116.816864206542,1,4.85852494647367,414,1,7.86600017547607,34.9259986877441,0.0261659994721413,0.0110055068507791,112.645500183105,-85.4991,26.314,16.2029367180308,63,63,63,63,61,63,0,8048,1.18876856134864,26,-85,0.001869,51,2026-02-18 18:49:43.002003,414,1.037,0.0011,"aoml_navis",1029.11893117458
"7901009",102,0,1,0.028035,1,0.005607,1,116.961011438064,1,4.85848511531384,416,1,7.8600001335144,34.923999786377,0.0280349999666214,0.0125777227804065,112.78450012207,-85.4991,26.314,16.2029367180308,63,63,63,63,61,63,0,8048,1.18876856134864,26,-85,0.001869,51,2026-02-18 18:49:43.002003,416,1.037,0.0011,"aoml_navis",1029.1273681667
"7901009",102,0,1,0.028035,1,0.005607,1,117.200877051876,1,4.85843490744443,418,1,7.84499979019165,34.9230003356934,0.0280349999666214,0.0125777227804065,113.015800476074,-85.4991,26.314,16.2029367180308,63,63,63,63,61,63,0,8048,1.18876856134864,26,-85,0.001869,51,2026-02-18 18:49:43.002003,418,1.037,0.0011,"aoml_navis",1029.13800333903
"7901009",102,0,1,0.028035,1,0.005607,1,117.508152205869,1,4.85837950676438,420,1,7.81300020217896,34.9199981689453,0.0280349999666214,0.0125777227804065,113.312103271484,-85.4991,26.314,16.2029367180308,63,63,63,63,61,63,0,8048,1.18876856134864,26,-85,0.001869,51,2026-02-18 18:49:43.002003,420,1.037,0.0011,"aoml_navis",1029.14973872223
"7901009",102,0,1,0.022428,1,0,1,117.621395486223,1,4.85833071634908,421.899993896484,1,7.79199981689453,34.9179992675781,0.0224280003458261,0.00786107685416937,113.42130279541,-85.4991,26.314,16.2029367180308,63,63,63,63,61,63,0,8048,1.18876856134864,26,-85,0.001869,51,2026-02-18 18:49:43.002003,421.899993896484,1.037,0.0011,"aoml_navis",1029.16007409174
"7901009",102,0,1,0.035511,1,0.013083,1,117.751127203401,1,4.85827914779816,424,1,7.77799987792969,34.9169998168945,0.0355109982192516,0.0188665837049484,113.546401977539,-85.4991,26.314,16.2029367180308,63,63,63,63,61,63,0,8048,1.18876856134864,26,-85,0.001869,51,2026-02-18 18:49:43.002003,424,1.037,0.0011,"aoml_navis",1029.17099818483
"7901009",102,0,1,0.031773,1,0.009345,1,117.836061641646,1,4.85823268178498,426,1,7.76800012588501,34.9160003662109,0.0317730009555817,0.0157221537083387,113.628303527832,-85.4991,26.314,16.2029367180308,63,63,63,63,61,63,0,8048,1.18876856134864,26,-85,0.001869,51,2026-02-18 18:49:43.002003,426,1.037,0.0011,"aoml_navis",1029.18084157363
"7901009",102,0,1,0.029904,1,0.007476,1,117.871317147638,1,4.85819213252628,428,1,7.76599979400635,34.9150009155273,0.0299040004611015,0.0141499377787113,113.662300109863,-85.4991,26.314,16.2029367180308,63,63,63,63,61,63,0,8048,1.18876856134864,26,-85,0.001869,51,2026-02-18 18:49:43.002003,428,1.037,0.0011,"aoml_navis",1029.18943170738
"7901009",102,0,1,0.028035,1,0.005607,1,117.938410211105,1,4.85814419425296,430,1,7.75899982452393,34.9150009155273,0.0280349999666214,0.0125777227804065,113.726997375488,-85.4991,26.314,16.2029367180308,63,63,63,63,61,63,0,8048,1.18876856134864,26,-85,0.001869,51,2026-02-18 18:49:43.002003,430,1.037,0.0011,"aoml_navis",1029.19958734754
"7901009",102,0,1,0.033642,1,0.011214,1,118.047713356364,1,4.85809773604702,432,1,7.74900007247925,34.9140014648438,0.0336420014500618,0.017294367775321,113.832397460938,-85.4991,26.314,16.2029367180308,63,63,63,63,61,63,0,8048,1.18876856134864,26,-85,0.001869,51,2026-02-18 18:49:43.002003,432,1.037,0.0011,"aoml_navis",1029.20942962923
"7901009",102,0,1,0.028035,1,0.005607,1,118.041597443856,1,4.85805720576092,434,1,7.74700021743774,34.9129981994629,0.0280349999666214,0.0125777227804065,113.826499938965,-85.4991,26.314,16.2029367180308,63,63,63,63,61,63,0,8048,1.18876856134864,26,-85,0.001869,51,2026-02-18 18:49:43.002003,434,1.037,0.0011,"aoml_navis",1029.21801622071
"7901009",102,0,1,0.029904,1,0.007476,1,118.112741409269,1,4.85801222964405,436,1,7.74399995803833,34.9129981994629,0.0299040004611015,0.0141499377787113,113.89510345459,-85.4991,26.314,16.2029367180308,63,63,63,63,61,63,0,8048,1.18876856134864,26,-85,0.001869,51,2026-02-18 18:49:43.002003,436,1.037,0.0011,"aoml_navis",1029.22754485662
"7901009",102,0,1,0.033642,1,0.011214,1,118.236143592157,1,4.85796356195217,438,1,7.73099994659424,34.9119987487793,0.0336420014500618,0.017294367775321,114.014099121094,-85.4991,26.314,16.2029367180308,63,63,63,63,61,63,0,8048,1.18876856134864,26,-85,0.001869,51,2026-02-18 18:49:43.002003,438,1.037,0.0011,"aoml_navis",1029.23785578802
"7901009",102,0,1,0.028035,1,0.005607,1,118.284263876592,1,4.85791932967589,440,1,7.72399997711182,34.9109992980957,0.0280349999666214,0.0125777227804065,114.060501098633,-85.4991,26.314,16.2029367180308,63,63,63,63,61,63,0,8048,1.18876856134864,26,-85,0.001869,51,2026-02-18 18:49:43.002003,440,1.037,0.0011,"aoml_navis",1029.24722719379
"7901009",102,0,1,0.031773,1,0.009345,1,118.334354228574,1,4.857875097259,442,1,7.72200012207031,34.9109992980957,0.0317730009555817,0.0157221537083387,114.10880279541,-85.4991,26.314,16.2029367180308,63,63,63,63,61,63,0,8048,1.18876856134864,26,-85,0.001869,51,2026-02-18 18:49:43.002003,442,1.037,0.0011,"aoml_navis",1029.2565988
"7901009",102,0,1,0.031773,1,0.009345,1,118.435879958575,1,4.85782717476708,444,1,7.71500015258789,34.9109992980957,0.0317730009555817,0.0157221537083387,114.206703186035,-85.4991,26.314,16.2029367180308,63,63,63,63,61,63,0,8048,1.18876856134864,26,-85,0.001869,51,2026-02-18 18:49:43.002003,444,1.037,0.0011,"aoml_navis",1029.26675242203
"7901009",102,0,1,0.031773,1,0.009345,1,118.496026358159,1,4.85778147224014,446,1,7.70599985122681,34.9099998474121,0.0317730009555817,0.0157221537083387,114.264701843262,-85.4991,26.314,16.2029367180308,63,63,63,63,61,63,0,8048,1.18876856134864,26,-85,0.001869,51,2026-02-18 18:49:43.002003,446,1.037,0.0011,"aoml_navis",1029.27643587357
"7901009",102,0,1,0.029904,1,0.007476,1,118.549953990304,1,4.85773798649744,448,1,7.69999980926514,34.9090003967285,0.0299040004611015,0.0141499377787113,114.316703796387,-85.4991,26.314,16.2029367180308,63,63,63,63,61,63,0,8048,1.18876856134864,26,-85,0.001869,51,2026-02-18 18:49:43.002003,448,1.037,0.0011,"aoml_navis",1029.28564980203
"7901009",102,0,1,0.029904,1,0.007476,1,118.643591538197,1,4.85769302266255,450,1,7.69700002670288,34.9090003967285,0.0299040004611015,0.0141499377787113,114.406997680664,-85.4991,26.314,16.2029367180308,63,63,63,63,61,63,0,8048,1.18876856134864,26,-85,0.001869,51,2026-02-18 18:49:43.002003,450,1.037,0.0011,"aoml_navis",1029.29517708788
"7901009",102,0,1,0.026166,1,0.003738,1,118.70736950808,1,4.85764732249394,452,1,7.69299983978271,34.9090003967285,0.0261659994721413,0.0110055068507791,114.46849822998,-85.4991,26.314,16.2029367180308,63,63,63,63,61,63,0,8048,1.18876856134864,26,-85,0.001869,51,2026-02-18 18:49:43.002003,452,1.037,0.0011,"aoml_navis",1029.30486057456
"7901009",102,0,1,0.035511,1,0.013083,1,118.851936071248,1,4.85760162927311,454,1,7.68400001525879,34.9080009460449,0.0355109982192516,0.0188665837049484,114.607902526855,-85.4991,26.314,16.2029367180308,63,63,63,63,61,63,0,8048,1.18876856134864,26,-85,0.001869,51,2026-02-18 18:49:43.002003,454,1.037,0.0011,"aoml_navis",1029.31454277122
"7901009",102,0,1,0.033642,1,0.011214,1,119.034661814264,1,4.85755077894769,456,1,7.66800022125244,34.9070014953613,0.0336420014500618,0.017294367775321,114.784103393555,-85.4991,26.314,16.2029367180308,63,63,63,63,61,63,0,8048,1.18876856134864,26,-85,0.001869,51,2026-02-18 18:49:43.002003,456,1.037,0.0011,"aoml_navis",1029.32531795029
"7901009",102,0,1,0.026166,1,0.003738,1,119.217696122075,1,4.85750068813582,458,1,7.65299987792969,34.9059982299805,0.0261659994721413,0.0110055068507791,114.960601806641,-85.4991,26.314,16.2029367180308,63,63,63,63,61,63,0,8048,1.18876856134864,26,-85,0.001869,51,2026-02-18 18:49:43.002003,458,1.037,0.0011,"aoml_navis",1029.33593240907
"7901009",102,0,1,0.031773,1,0.009345,1,119.384867034575,1,4.85744029447874,460,1,7.62400007247925,34.9049987792969,0.0317730009555817,0.0157221537083387,115.121803283691,-85.4991,26.314,16.2029367180308,63,63,63,63,61,63,0,8048,1.18876856134864,26,-85,0.001869,51,2026-02-18 18:49:43.002003,460,1.037,0.0011,"aoml_navis",1029.34873037622
"7901009",102,0,1,0.028035,1,0.005607,1,119.580243934251,1,4.85737042638297,462,1,7.5770001411438,34.9029998779297,0.0280349999666214,0.0125777227804065,115.310203552246,-85.4991,26.314,16.2029367180308,63,63,63,63,61,63,0,8048,1.18876856134864,26,-85,0.001869,51,2026-02-18 18:49:43.002003,462,1.037,0.0011,"aoml_navis",1029.36353646045
"7901009",102,0,1,0.029904,1,0.007476,1,119.632612918577,1,4.85732476790384,464,1,7.56799983978271,34.9020004272461,0.0299040004611015,0.0141499377787113,115.360702514648,-85.4991,26.314,16.2029367180308,63,63,63,63,61,63,0,8048,1.18876856134864,26,-85,0.001869,51,2026-02-18 18:49:43.002003,464,1.037,0.0011,"aoml_navis",1029.3732123985
"7901009",102,0,1,0.029904,1,0.007476,1,119.63645019874,1,4.85728128016698,466,1,7.56699991226196,34.9020004272461,0.0299040004611015,0.0141499377787113,115.364402770996,-85.4991,26.314,16.2029367180308,63,63,63,63,61,63,0,8048,1.18876856134864,26,-85,0.001869,51,2026-02-18 18:49:43.002003,466,1.037,0.0011,"aoml_navis",1029.38242848232
"7901009",102,0,1,0.033642,1,0.011214,1,119.771886408696,1,4.8572377946604,468,1,7.56599998474121,34.9020004272461,0.0336420014500618,0.017294367775321,115.495002746582,-85.4991,26.314,16.2029367180308,63,63,63,63,61,63,0,8048,1.18876856134864,26,-85,0.001869,51,2026-02-18 18:49:43.002003,468,1.037,0.0011,"aoml_navis",1029.3916442585
"7901009",102,0,1,0.03738,1,0.014952,1,119.894149275412,1,4.85719727209815,470,1,7.56400012969971,34.9010009765625,0.0373799987137318,0.0204387996345758,115.612899780273,-85.4991,26.314,16.2029367180308,63,63,63,63,61,63,0,8048,1.18876856134864,26,-85,0.001869,51,2026-02-18 18:49:43.002003,470,1.037,0.0011,"aoml_navis",1029.40023225373
"7901009",102,0,1,0.033642,1,0.011214,1,120.116489991161,1,4.85713547574182,472,1,7.53800010681152,34.9010009765625,0.0336420014500618,0.017294367775321,115.827301025391,-85.4991,26.314,16.2029367180308,63,63,63,63,61,63,0,8048,1.18876856134864,26,-85,0.001869,51,2026-02-18 18:49:43.002003,472,1.037,0.0011,"aoml_navis",1029.41332910554
"7901009",102,0,1,0.026166,1,0.003738,1,120.30678743957,1,4.85707311477539,474,1,7.49599981307983,34.8979988098145,0.0261659994721413,0.0110055068507791,116.010803222656,-85.4991,26.314,16.2029367180308,63,63,63,63,61,63,0,8048,1.18876856134864,26,-85,0.001869,51,2026-02-18 18:49:43.002003,474,1.037,0.0011,"aoml_navis",1029.42654595621
"7901009",102,0,1,0.031773,1,0.009345,1,120.374291922765,1,4.85702232945556,476,1,7.4850001335144,34.8979988098145,0.0317730009555817,0.0157221537083387,116.075897216797,-85.4991,26.314,16.2029367180308,63,63,63,63,61,63,0,8048,1.18876856134864,26,-85,0.001869,51,2026-02-18 18:49:43.002003,476,1.037,0.0011,"aoml_navis",1029.43730970256
"7901009",102,0,1,0.031773,1,0.009345,1,120.471671807807,1,4.85697592197294,477.899993896484,1,7.47200012207031,34.8969993591309,0.0317730009555817,0.0157221537083387,116.169799804688,-85.4991,26.314,16.2029367180308,63,63,63,63,61,63,0,8048,1.18876856134864,26,-85,0.001869,51,2026-02-18 18:49:43.002003,477.899993896484,1.037,0.0011,"aoml_navis",1029.44714578057
"7901009",102,0,1,0.033642,1,0.011214,1,120.502678613907,1,4.85692888909923,480,1,7.46400022506714,34.8959999084473,0.0336420014500618,0.017294367775321,116.199699401855,-85.4991,26.314,16.2029367180308,63,63,63,63,61,63,0,8048,1.18876856134864,26,-85,0.001869,51,2026-02-18 18:49:43.002003,480,1.037,0.0011,"aoml_navis",1029.45711460217
"7901009",102,0,1,0.031773,1,0.009345,1,120.534310461518,1,4.85688321809355,482,1,7.46000003814697,34.8959999084473,0.0317730009555817,0.0157221537083387,116.230201721191,-85.4991,26.314,16.2029367180308,63,63,63,63,61,63,0,8048,1.18876856134864,26,-85,0.001869,51,2026-02-18 18:49:43.002003,482,1.037,0.0011,"aoml_navis",1029.46679495469
"7901009",102,0,1,0.033642,1,0.011214,1,120.572058221636,1,4.8568382778876,484,1,7.45699977874756,34.8959999084473,0.0336420014500618,0.017294367775321,116.2666015625,-85.4991,26.314,16.2029367180308,63,63,63,63,61,63,0,8048,1.18876856134864,26,-85,0.001869,51,2026-02-18 18:49:43.002003,484,1.037,0.0011,"aoml_navis",1029.4763205858
"7901009",102,0,1,0.033642,1,0.011214,1,120.592178228758,1,4.85679188201144,486,1,7.4520001411438,34.8959999084473,0.0336420014500618,0.017294367775321,116.286003112793,-85.4991,26.314,16.2029367180308,63,63,63,63,61,63,0,8048,1.18876856134864,26,-85,0.001869,51,2026-02-18 18:49:43.002003,486,1.037,0.0011,"aoml_navis",1029.48615494911
"7901009",102,0,1,0.029904,1,0.007476,1,120.662689240741,1,4.85674767446233,488,1,7.44999980926514,34.8959999084473,0.0299040004611015,0.0141499377787113,116.353996276855,-85.4991,26.314,16.2029367180308,63,63,63,63,61,63,0,8048,1.18876856134864,26,-85,0.001869,51,2026-02-18 18:49:43.002003,488,1.037,0.0011,"aoml_navis",1029.49552563559
"7901009",102,0,1,0.03738,1,0.014952,1,120.688308030777,1,4.85670716289524,490,1,7.44799995422363,34.8950004577637,0.0373799987137318,0.0204387996345758,116.378700256348,-85.4991,26.314,16.2029367180308,63,63,63,63,61,63,0,8048,1.18876856134864,26,-85,0.001869,51,2026-02-18 18:49:43.002003,490,1.037,0.0011,"aoml_navis",1029.50411303352
"7901009",102,0,1,0.028035,1,0.005607,1,120.774896059855,1,4.8566629595945,492,1,7.44600009918213,34.8950004577637,0.0280349999666214,0.0125777227804065,116.462196350098,-85.4991,26.314,16.2029367180308,63,63,63,63,61,63,0,8048,1.18876856134864,26,-85,0.001869,51,2026-02-18 18:49:43.002003,492,1.037,0.0011,"aoml_navis",1029.51348314635
"7901009",102,0,1,0.028035,1,0.005607,1,120.848010092815,1,4.8566172995779,494,1,7.44199991226196,34.8950004577637,0.0280349999666214,0.0125777227804065,116.532699584961,-85.4991,26.314,16.2029367180308,63,63,63,63,61,63,0,8048,1.18876856134864,26,-85,0.001869,51,2026-02-18 18:49:43.002003,494,1.037,0.0011,"aoml_navis",1029.52316222951
"7901009",102,0,1,0.022428,1,0,1,120.920190519467,1,4.85657241869522,496,1,7.43400001525879,34.8940010070801,0.0224280003458261,0.00786107685416937,116.60230255127,-85.4991,26.314,16.2029367180308,63,63,63,63,61,63,0,8048,1.18876856134864,26,-85,0.001869,51,2026-02-18 18:49:43.002003,496,1.037,0.0011,"aoml_navis",1029.53267632799
"7901009",102,0,1,0.033642,1,0.011214,1,121.087978561559,1,4.85652972677455,498,1,7.42899990081787,34.8930015563965,0.0336420014500618,0.017294367775321,116.764099121094,-85.4991,26.314,16.2029367180308,63,63,63,63,61,63,0,8048,1.18876856134864,26,-85,0.001869,51,2026-02-18 18:49:43.002003,498,1.037,0.0011,"aoml_navis",1029.54172656135
"7901009",102,0,1,0.031773,1,0.009345,1,121.34930920853,1,4.85645866472007,500,1,7.38500022888184,34.8919982910156,0.0317730009555817,0.0157221537083387,117.016098022461,-85.4991,26.314,16.2029367180308,63,63,63,63,61,63,0,8048,1.18876856134864,26,-85,0.001869,51,2026-02-18 18:49:43.002003,500,1.037,0.0011,"aoml_navis",1029.55679131436
"7901009",102,0,1,0.028035,1,0.005607,1,121.367150583308,1,4.85640580870819,502,1,7.36600017547607,34.890998840332,0.0280349999666214,0.0125777227804065,117.033302307129,-85.4991,26.314,16.2029367180308,63,63,63,63,61,63,0,8048,1.18876856134864,26,-85,0.001869,51,2026-02-18 18:49:43.002003,502,1.037,0.0011,"aoml_navis",1029.56799677538
"7901009",102,0,1,0.029904,1,0.007476,1,121.434971543218,1,4.85635866582218,503.899993896484,1,7.35699987411499,34.890998840332,0.0299040004611015,0.0141499377787113,117.098701477051,-85.4991,26.314,16.2029367180308,63,63,63,63,61,63,0,8048,1.18876856134864,26,-85,0.001869,51,2026-02-18 18:49:43.002003,503.899993896484,1.037,0.0011,"aoml_navis",1029.57799126097
"7901009",102,0,1,0.029904,1,0.007476,1,121.48817127892,1,4.85630797722746,506,1,7.34899997711182,34.890998840332,0.0299040004611015,0.0141499377787113,117.150001525879,-85.4991,26.314,16.2029367180308,63,63,63,63,61,63,0,8048,1.18876856134864,26,-85,0.001869,51,2026-02-18 18:49:43.002003,506,1.037,0.0011,"aoml_navis",1029.58873766786
"7901009",102,0,1,0.031773,1,0.009345,1,121.488582698649,1,4.85626747578187,508,1,7.34700012207031,34.8899993896484,0.0317730009555817,0.0157221537083387,117.150398254395,-85.4991,26.314,16.2029367180308,63,63,63,63,61,63,0,8048,1.18876856134864,26,-85,0.001869,51,2026-02-18 18:49:43.002003,508,1.037,0.0011,"aoml_navis",1029.59732447501
"7901009",102,0,1,0.028035,1,0.005607,1,121.50227031655,1,4.85622183101343,510,1,7.34299993515015,34.8899993896484,0.0280349999666214,0.0125777227804065,117.163597106934,-85.4991,26.314,16.2029367180308,63,63,63,63,61,63,0,8048,1.18876856134864,26,-85,0.001869,51,2026-02-18 18:49:43.002003,510,1.037,0.0011,"aoml_navis",1029.60700190184
"7901009",102,0,1,0.028035,1,0.005607,1,121.508496995907,1,4.85617909141478,512,1,7.34299993515015,34.8899993896484,0.0280349999666214,0.0125777227804065,117.16960144043,-85.4991,26.314,16.2029367180308,63,63,63,63,61,63,0,8048,1.18876856134864,26,-85,0.001869,51,2026-02-18 18:49:43.002003,512,1.037,0.0011,"aoml_navis",1029.61606355076
"7901009",102,0,1,0.029904,1,0.007476,1,121.54023169845,1,4.85613562836317,514,1,7.34200000762939,34.8899993896484,0.0299040004611015,0.0141499377787113,117.200202941895,-85.4991,26.314,16.2029367180308,63,63,63,63,61,63,0,8048,1.18876856134864,26,-85,0.001869,51,2026-02-18 18:49:43.002003,514,1.037,0.0011,"aoml_navis",1029.62527874975
"7901009",102,0,1,0.029904,1,0.007476,1,121.54811196864,1,4.8560928936787,516,1,7.34200000762939,34.8899993896484,0.0299040004611015,0.0141499377787113,117.207801818848,-85.4991,26.314,16.2029367180308,63,63,63,63,61,63,0,8048,1.18876856134864,26,-85,0.001869,51,2026-02-18 18:49:43.002003,516,1.037,0.0011,"aoml_navis",1029.63433967843
"7901009",102,0,1,0.031773,1,0.009345,1,121.621843131193,1,4.85604798271367,518,1,7.33900022506714,34.8899993896484,0.0317730009555817,0.0157221537083387,117.278900146484,-85.4991,26.314,16.2029367180308,63,63,63,63,61,63,0,8048,1.18876856134864,26,-85,0.001869,51,2026-02-18 18:49:43.002003,518,1.037,0.0011,"aoml_navis",1029.64386221033
"7901009",102,0,1,0.029904,1,0.007476,1,121.713518523456,1,4.85600386119485,520,1,7.33199977874756,34.8889999389648,0.0299040004611015,0.0141499377787113,117.367301940918,-85.4991,26.314,16.2029367180308,63,63,63,63,61,63,0,8048,1.18876856134864,26,-85,0.001869,51,2026-02-18 18:49:43.002003,520,1.037,0.0011,"aoml_navis",1029.65321752642
"7901009",102,0,1,0.026166,1,0.003738,1,121.822299482136,1,4.85596040597112,522,1,7.33099985122681,34.8889999389648,0.0261659994721413,0.0110055068507791,117.472198486328,-85.4991,26.314,16.2029367180308,63,63,63,63,61,63,0,8048,1.18876856134864,26,-85,0.001869,51,2026-02-18 18:49:43.002003,522,1.037,0.0011,"aoml_navis",1029.66243173066
"7901009",102,0,1,0.031773,1,0.009345,1,121.95286195069,1,4.8559170143573,524,1,7.32499980926514,34.8880004882812,0.0317730009555817,0.0157221537083387,117.598098754883,-85.4991,26.314,16.2029367180308,63,63,63,63,61,63,0,8048,1.18876856134864,26,-85,0.001869,51,2026-02-18 18:49:43.002003,524,1.037,0.0011,"aoml_navis",1029.67163261166
"7901009",102,0,1,0.031773,1,0.009345,1,122.20838524995,1,4.85586931138283,526.099975585938,1,7.31599998474121,34.8870010375977,0.0317730009555817,0.0157221537083387,117.844497680664,-85.4991,26.314,16.2029367180308,63,63,63,63,61,63,0,8048,1.18876856134864,26,-85,0.001869,51,2026-02-18 18:49:43.002003,526.099975585938,1.037,0.0011,"aoml_navis",1029.68174787557
"7901009",102,0,1,0.033642,1,0.011214,1,122.512962439953,1,4.85579690059804,528,1,7.26700019836426,34.8860015869141,0.0336420014500618,0.017294367775321,118.138198852539,-85.4991,26.314,16.2029367180308,63,63,63,63,61,63,0,8048,1.18876856134864,26,-85,0.001869,51,2026-02-18 18:49:43.002003,528,1.037,0.0011,"aoml_navis",1029.69710273183
"7901009",102,0,1,0.031773,1,0.009345,1,122.674840279402,1,4.8557434112138,530,1,7.24700021743774,34.8849983215332,0.0317730009555817,0.0157221537083387,118.294296264648,-85.4991,26.314,16.2029367180308,63,63,63,63,61,63,0,8048,1.18876856134864,26,-85,0.001869,51,2026-02-18 18:49:43.002003,530,1.037,0.0011,"aoml_navis",1029.70844556017
"7901009",102,0,1,0.029904,1,0.007476,1,122.908795690572,1,4.85568992284538,532,1,7.22700023651123,34.8839988708496,0.0299040004611015,0.0141499377787113,118.519897460938,-85.4991,26.314,16.2029367180308,63,63,63,63,61,63,0,8048,1.18876856134864,26,-85,0.001869,51,2026-02-18 18:49:43.002003,532,1.037,0.0011,"aoml_navis",1029.71978842299
"7901009",102,0,1,0.029904,1,0.007476,1,123.070467820157,1,4.85563203503996,534,1,7.20599985122681,34.8839988708496,0.0299040004611015,0.0141499377787113,118.675796508789,-85.4991,26.314,16.2029367180308,63,63,63,63,61,63,0,8048,1.18876856134864,26,-85,0.001869,51,2026-02-18 18:49:43.002003,534,1.037,0.0011,"aoml_navis",1029.73206452182
"7901009",102,0,1,0.026166,1,0.003738,1,123.291874929598,1,4.85558866604215,536,1,7.19999980926514,34.882999420166,0.0261659994721413,0.0110055068507791,118.889297485352,-85.4991,26.314,16.2029367180308,63,63,63,63,61,63,0,8048,1.18876856134864,26,-85,0.001869,51,2026-02-18 18:49:43.002003,536,1.037,0.0011,"aoml_navis",1029.74126185107
"7901009",102,0,1,0.026166,1,0.003738,1,123.536827906595,1,4.85553809336175,538,1,7.18400001525879,34.8819999694824,0.0261659994721413,0.0110055068507791,119.125503540039,-85.4991,26.314,16.2029367180308,63,63,63,63,61,63,0,8048,1.18876856134864,26,-85,0.001869,51,2026-02-18 18:49:43.002003,538,1.037,0.0011,"aoml_navis",1029.75198708373
"7901009",102,0,1,0.028035,1,0.005607,1,123.855195569431,1,4.85548899271056,540.099975585938,1,7.1729998588562,34.8810005187988,0.0280349999666214,0.0125777227804065,119.432502746582,-85.4991,26.314,16.2029367180308,63,63,63,63,61,63,0,8048,1.18876856134864,26,-85,0.001869,51,2026-02-18 18:49:43.002003,540.099975585938,1.037,0.0011,"aoml_navis",1029.76240034864
"7901009",102,0,1,0.039249,1,0.016821,1,124.240347730937,1,4.85543122465188,542,1,7.14400005340576,34.8800010681152,0.0392489992082119,0.0220110137015581,119.803901672363,-85.4991,26.314,16.2029367180308,63,63,63,63,61,63,0,8048,1.18876856134864,26,-85,0.001869,51,2026-02-18 18:49:43.002003,542,1.037,0.0011,"aoml_navis",1029.77465206677
"7901009",102,0,1,0.031773,1,0.009345,1,124.757407387033,1,4.85536788992133,544,1,7.10500001907349,34.8779983520508,0.0317730009555817,0.0157221537083387,120.30249786377,-85.4991,26.314,16.2029367180308,63,63,63,63,61,63,0,8048,1.18876856134864,26,-85,0.001869,51,2026-02-18 18:49:43.002003,544,1.037,0.0011,"aoml_navis",1029.78808472554
"7901009",102,0,1,0.028035,1,0.005607,1,125.200221605914,1,4.85529233382537,546,1,7.05399990081787,34.8769989013672,0.0280349999666214,0.0125777227804065,120.729499816895,-85.4991,26.314,16.2029367180308,63,63,63,63,61,63,0,8048,1.18876856134864,26,-85,0.001869,51,2026-02-18 18:49:43.002003,546,1.037,0.0011,"aoml_navis",1029.8041098713
"7901009",102,0,1,0.031773,1,0.009345,1,125.491625452678,1,4.85524541923712,548,1,7.04300022125244,34.8759994506836,0.0317730009555817,0.0157221537083387,121.010498046875,-85.4991,26.314,16.2029367180308,63,63,63,63,61,63,0,8048,1.18876856134864,26,-85,0.001869,51,2026-02-18 18:49:43.002003,548,1.037,0.0011,"aoml_navis",1029.81406051882
"7901009",102,0,1,0.029904,1,0.007476,1,125.965857897388,1,4.8551935100377,549.900024414062,1,7.02199983596802,34.875,0.0299040004611015,0.0141499377787113,121.467796325684,-85.4991,26.314,16.2029367180308,63,63,63,63,61,63,0,8048,1.18876856134864,26,-85,0.001869,51,2026-02-18 18:49:43.002003,549.900024414062,1.037,0.0011,"aoml_navis",1029.82507075422
"7901009",102,0,1,0.029904,1,0.007476,1,126.335249518514,1,4.85511386055488,552,1,6.96799993515015,34.8740005493164,0.0299040004611015,0.0141499377787113,121.823997497559,-85.4991,26.314,16.2029367180308,63,63,63,63,61,63,0,8048,1.18876856134864,26,-85,0.001869,51,2026-02-18 18:49:43.002003,552,1.037,0.0011,"aoml_navis",1029.84196531872
"7901009",102,0,1,0.028035,1,0.005607,1,126.604674057457,1,4.85505987697645,554,1,6.94700002670288,34.8730010986328,0.0280349999666214,0.0125777227804065,122.083801269531,-85.4991,26.314,16.2029367180308,63,63,63,63,61,63,0,8048,1.18876856134864,26,-85,0.001869,51,2026-02-18 18:49:43.002003,554,1.037,0.0011,"aoml_navis",1029.8534161671
"7901009",102,0,1,0.033642,1,0.011214,1,126.848479806364,1,4.85501072800641,556,1,6.93800020217896,34.8730010986328,0.0336420014500618,0.017294367775321,122.318901062012,-85.4991,26.314,16.2029367180308,63,63,63,63,61,63,0,8048,1.18876856134864,26,-85,0.001869,51,2026-02-18 18:49:43.002003,556,1.037,0.0011,"aoml_navis",1029.86384173308
"7901009",102,0,1,0.029904,1,0.007476,1,127.096122835434,1,4.85496244936782,557.900024414062,1,6.92199993133545,34.8720016479492,0.0299040004611015,0.0141499377787113,122.55770111084,-85.4991,26.314,16.2029367180308,63,63,63,63,61,63,0,8048,1.18876856134864,26,-85,0.001869,51,2026-02-18 18:49:43.002003,557.900024414062,1.037,0.0011,"aoml_navis",1029.87408288834
"7901009",102,0,1,0.028035,1,0.005607,1,127.472769685239,1,4.85491204475829,560,1,6.90899991989136,34.8709983825684,0.0280349999666214,0.0125777227804065,122.9208984375,-85.4991,26.314,16.2029367180308,63,63,63,63,61,63,0,8048,1.18876856134864,26,-85,0.001869,51,2026-02-18 18:49:43.002003,560,1.037,0.0011,"aoml_navis",1029.88477523467
"7901009",102,0,1,0.029904,1,0.007476,1,127.879078315107,1,4.85485441204686,562,1,6.88800001144409,34.8709983825684,0.0299040004611015,0.0141499377787113,123.312698364258,-85.4991,26.314,16.2029367180308,63,63,63,63,61,63,0,8048,1.18876856134864,26,-85,0.001869,51,2026-02-18 18:49:43.002003,562,1.037,0.0011,"aoml_navis",1029.8970011527
"7901009",102,0,1,0.028035,1,0.005607,1,128.210927885979,1,4.85480261118462,564,1,6.86999988555908,34.8699989318848,0.0280349999666214,0.0125777227804065,123.632698059082,-85.4991,26.314,16.2029367180308,63,63,63,63,61,63,0,8048,1.18876856134864,26,-85,0.001869,51,2026-02-18 18:49:43.002003,564,1.037,0.0011,"aoml_navis",1029.90799017881
"7901009",102,0,1,0.029904,1,0.007476,1,128.600542369159,1,4.85473811804801,566,1,6.83400011062622,34.8689994812012,0.0299040004611015,0.0141499377787113,124.008399963379,-85.4991,26.314,16.2029367180308,63,63,63,63,61,63,0,8048,1.18876856134864,26,-85,0.001869,51,2026-02-18 18:49:43.002003,566,1.037,0.0011,"aoml_navis",1029.92167206959
"7901009",102,0,1,0.031773,1,0.009345,1,128.873487711551,1,4.85466787293858,568,1,6.79500007629395,34.8689994812012,0.0317730009555817,0.0157221537083387,124.271598815918,-85.4991,26.314,16.2029367180308,63,63,63,63,61,63,0,8048,1.18876856134864,26,-85,0.001869,51,2026-02-18 18:49:43.002003,568,1.037,0.0011,"aoml_navis",1029.93657462574
"7901009",102,0,1,0.033642,1,0.011214,1,128.941205816529,1,4.85461595627588,570,1,6.78200006484985,34.8689994812012,0.0336420014500618,0.017294367775321,124.336898803711,-85.4991,26.314,16.2029367180308,63,63,63,63,61,63,0,8048,1.18876856134864,26,-85,0.001869,51,2026-02-18 18:49:43.002003,570,1.037,0.0011,"aoml_navis",1029.94758906442
"7901009",102,0,1,0.031773,1,0.009345,1,129.089815369724,1,4.85456896558241,572,1,6.77600002288818,34.8689994812012,0.0317730009555817,0.0157221537083387,124.480201721191,-85.4991,26.314,16.2029367180308,63,63,63,63,61,63,0,8048,1.18876856134864,26,-85,0.001869,51,2026-02-18 18:49:43.002003,572,1.037,0.0011,"aoml_navis",1029.9575586316
"7901009",102,0,1,0.031773,1,0.009345,1,129.260712795536,1,4.85452286057395,574,1,6.76599979400635,34.8680000305176,0.0317730009555817,0.0157221537083387,124.644996643066,-85.4991,26.314,16.2029367180308,63,63,63,63,61,63,0,8048,1.18876856134864,26,-85,0.001869,51,2026-02-18 18:49:43.002003,574,1.037,0.0011,"aoml_navis",1029.96734047903
"7901009",102,0,1,0.031773,1,0.009345,1,129.351454581492,1,4.85446955323531,576,1,6.75099992752075,34.8680000305176,0.0317730009555817,0.0157221537083387,124.732498168945,-85.4991,26.314,16.2029367180308,63,63,63,63,61,63,0,8048,1.18876856134864,26,-85,0.001869,51,2026-02-18 18:49:43.002003,576,1.037,0.0011,"aoml_navis",1029.97865063706
"7901009",102,0,1,0.028035,1,0.005607,1,129.422076360325,1,4.85442537875887,578,1,6.74900007247925,34.8680000305176,0.0280349999666214,0.0125777227804065,124.800598144531,-85.4991,26.314,16.2029367180308,63,63,63,63,61,63,0,8048,1.18876856134864,26,-85,0.001869,51,2026-02-18 18:49:43.002003,578,1.037,0.0011,"aoml_navis",1029.98802327421
"7901009",102,0,1,0.028035,1,0.005607,1,129.564253524299,1,4.85438050369616,580,1,6.74599981307983,34.8680000305176,0.0280349999666214,0.0125777227804065,124.937698364258,-85.4991,26.314,16.2029367180308,63,63,63,63,61,63,0,8048,1.18876856134864,26,-85,0.001869,51,2026-02-18 18:49:43.002003,580,1.037,0.0011,"aoml_navis",1029.9975447316
"7901009",102,0,1,0.031773,1,0.009345,1,129.797275329161,1,4.85433862329929,582,1,6.74200010299683,34.867000579834,0.0317730009555817,0.0157221537083387,125.162399291992,-85.4991,26.314,16.2029367180308,63,63,63,63,61,63,0,8048,1.18876856134864,26,-85,0.001869,51,2026-02-18 18:49:43.002003,582,1.037,0.0011,"aoml_navis",1030.00643094851
"7901009",102,0,1,0.033642,1,0.011214,1,130.173922178966,1,4.85428673158978,584,1,6.72900009155273,34.867000579834,0.0336420014500618,0.017294367775321,125.525596618652,-85.4991,26.314,16.2029367180308,63,63,63,63,61,63,0,8048,1.18876856134864,26,-85,0.001869,51,2026-02-18 18:49:43.002003,584,1.037,0.0011,"aoml_navis",1030.01744158662
"7901009",102,0,1,0.028035,1,0.005607,1,130.539373664996,1,4.85422012919066,586,1,6.69500017166138,34.867000579834,0.0280349999666214,0.0125777227804065,125.877998352051,-85.4991,26.314,16.2029367180308,63,63,63,63,61,63,0,8048,1.18876856134864,26,-85,0.001869,51,2026-02-18 18:49:43.002003,586,1.037,0.0011,"aoml_navis",1030.03157395617
"7901009",102,0,1,0.031773,1,0.009345,1,130.774468392338,1,4.85415776751924,588,1,6.66699981689453,34.867000579834,0.0317730009555817,0.0157221537083387,126.104698181152,-85.4991,26.314,16.2029367180308,63,63,63,63,61,63,0,8048,1.18876856134864,26,-85,0.001869,51,2026-02-18 18:49:43.002003,588,1.037,0.0011,"aoml_navis",1030.04480683686
"7901009",102,0,1,0.031773,1,0.009345,1,130.983952241561,1,4.85410730813197,590,1,6.6560001373291,34.867000579834,0.0317730009555817,0.0157221537083387,126.306701660156,-85.4991,26.314,16.2029367180308,63,63,63,63,61,63,0,8048,1.18876856134864,26,-85,0.001869,51,2026-02-18 18:49:43.002003,590,1.037,0.0011,"aoml_navis",1030.05551435248
"7901009",102,0,1,0.031773,1,0.009345,1,131.221531311111,1,4.85405615456637,592,1,6.64400005340576,34.867000579834,0.0317730009555817,0.0157221537083387,126.535797119141,-85.4991,26.314,16.2029367180308,63,63,63,63,61,63,0,8048,1.18876856134864,26,-85,0.001869,51,2026-02-18 18:49:43.002003,592,1.037,0.0011,"aoml_navis",1030.06636940043
"7901009",102,0,1,0.028035,1,0.005607,1,131.407477204696,1,4.85400291293859,594,1,6.62900018692017,34.867000579834,0.0280349999666214,0.0125777227804065,126.715103149414,-85.4991,26.314,16.2029367180308,63,63,63,63,61,63,0,8048,1.18876856134864,26,-85,0.001869,51,2026-02-18 18:49:43.002003,594,1.037,0.0011,"aoml_navis",1030.07766778884
"7901009",102,0,1,0.035511,1,0.013083,1,131.643394771495,1,4.85395476879726,596,1,6.61600017547607,34.8660011291504,0.0355109982192516,0.0188665837049484,126.942596435547,-85.4991,26.314,16.2029367180308,63,63,63,63,61,63,0,8048,1.18876856134864,26,-85,0.001869,51,2026-02-18 18:49:43.002003,596,1.037,0.0011,"aoml_navis",1030.08788465471
"7901009",102,0,1,0.029904,1,0.007476,1,131.915928694158,1,4.8539064199927,598,1,6.60799980163574,34.8660011291504,0.0299040004611015,0.0141499377787113,127.20539855957,-85.4991,26.314,16.2029367180308,63,63,63,63,61,63,0,8048,1.18876856134864,26,-85,0.001869,51,2026-02-18 18:49:43.002003,598,1.037,0.0011,"aoml_navis",1030.09814515697
"7901009",102,0,1,0.031773,1,0.009345,1,132.242287394034,1,4.85385946821894,600,1,6.60200023651123,34.8660011291504,0.0317730009555817,0.0157221537083387,127.52010345459,-85.4991,26.314,16.2029367180308,63,63,63,63,61,63,0,8048,1.18876856134864,26,-85,0.001869,51,2026-02-18 18:49:43.002003,600,1.037,0.0011,"aoml_navis",1030.10810937934
"7901009",102,0,1,0.026166,1,0.003738,1,132.697024873134,1,4.85381551596731,602,1,6.59499979019165,34.8650016784668,0.0261659994721413,0.0110055068507791,127.958602905273,-85.4991,26.314,16.2029367180308,63,63,63,63,61,63,0,8048,1.18876856134864,26,-85,0.001869,51,2026-02-18 18:49:43.002003,602,1.037,0.0011,"aoml_navis",1030.11743721033
"7901009",102,0,1,0.028035,1,0.005607,1,133.150615124143,1,4.85376044142704,604,1,6.57200002670288,34.8639984130859,0.0280349999666214,0.0125777227804065,128.39599609375,-85.4991,26.314,16.2029367180308,63,63,63,63,61,63,0,8048,1.18876856134864,26,-85,0.001869,51,2026-02-18 18:49:43.002003,604,1.037,0.0011,"aoml_navis",1030.1291257238
"7901009",102,0,1,0.028035,1,0.005607,1,133.645695472419,1,4.85370189977036,606,1,6.54400014877319,34.8629989624023,0.0280349999666214,0.0125777227804065,128.873397827148,-85.4991,26.314,16.2029367180308,63,63,63,63,61,63,0,8048,1.18876856134864,26,-85,0.001869,51,2026-02-18 18:49:43.002003,606,1.037,0.0011,"aoml_navis",1030.14155035697
"7901009",102,0,1,0.029904,1,0.007476,1,134.14482672264,1,4.8536383075211,608,1,6.51399993896484,34.8629989624023,0.0299040004611015,0.0141499377787113,129.354705810547,-85.4991,26.314,16.2029367180308,63,63,63,63,61,63,0,8048,1.18876856134864,26,-85,0.001869,51,2026-02-18 18:49:43.002003,608,1.037,0.0011,"aoml_navis",1030.15504724613
"7901009",102,0,1,0.033642,1,0.011214,1,134.493995481711,1,4.85358536891636,610,1,6.49399995803833,34.8619995117188,0.0336420014500618,0.017294367775321,129.69140625,-85.4991,26.314,16.2029367180308,63,63,63,63,61,63,0,8048,1.18876856134864,26,-85,0.001869,51,2026-02-18 18:49:43.002003,610,1.037,0.0011,"aoml_navis",1030.16628326377
"7901009",102,0,1,0.033642,1,0.011214,1,134.866488574639,1,4.85353566873667,612,1,6.48400020599365,34.8619995117188,0.0336420014500618,0.017294367775321,130.050598144531,-85.4991,26.314,16.2029367180308,63,63,63,63,61,63,0,8048,1.18876856134864,26,-85,0.001869,51,2026-02-18 18:49:43.002003,612,1.037,0.0011,"aoml_navis",1030.17683216109
"7901009",102,0,1,0.029904,1,0.007476,1,135.292402936968,1,4.85348458855675,614,1,6.47200012207031,34.8619995117188,0.0299040004611015,0.0141499377787113,130.461303710938,-85.4991,26.314,16.2029367180308,63,63,63,63,61,63,0,8048,1.18876856134864,26,-85,0.001869,51,2026-02-18 18:49:43.002003,614,1.037,0.0011,"aoml_navis",1030.18767418953
"7901009",102,0,1,0.031773,1,0.009345,1,135.73884081423,1,4.85341900764602,616,1,6.43900012969971,34.8619995117188,0.0317730009555817,0.0157221537083387,130.891799926758,-85.4991,26.314,16.2029367180308,63,63,63,63,61,63,0,8048,1.18876856134864,26,-85,0.001869,51,2026-02-18 18:49:43.002003,616,1.037,0.0011,"aoml_navis",1030.20159440655
"7901009",102,0,1,0.029904,1,0.007476,1,136.033259101699,1,4.85335829395423,618,1,6.41300010681152,34.8619995117188,0.0299040004611015,0.0141499377787113,131.175704956055,-85.4991,26.314,16.2029367180308,63,63,63,63,61,63,0,8048,1.18876856134864,26,-85,0.001869,51,2026-02-18 18:49:43.002003,618,1.037,0.0011,"aoml_navis",1030.21448184208
"7901009",102,0,1,0.028035,1,0.005607,1,136.337519814987,1,4.85330423670601,620,1,6.40199995040894,34.8629989624023,0.0280349999666214,0.0125777227804065,131.469100952148,-85.4991,26.314,16.2029367180308,63,63,63,63,61,63,0,8048,1.18876856134864,26,-85,0.001869,51,2026-02-18 18:49:43.002003,620,1.037,0.0011,"aoml_navis",1030.22595661416
"7901009",102,0,1,0.031773,1,0.009345,1,136.627475780781,1,4.8532497503288,622,1,6.38500022888184,34.8629989624023,0.0317730009555817,0.0157221537083387,131.74870300293,-85.4991,26.314,16.2029367180308,63,63,63,63,61,63,0,8048,1.18876856134864,26,-85,0.001869,51,2026-02-18 18:49:43.002003,622,1.037,0.0011,"aoml_navis",1030.23752273644
"7901009",102,0,1,0.033642,1,0.011214,1,136.855718787255,1,4.85318977636517,624,1,6.3600001335144,34.8629989624023,0.0336420014500618,0.017294367775321,131.968795776367,-85.4991,26.314,16.2029367180308,63,63,63,63,61,63,0,8048,1.18876856134864,26,-85,0.001869,51,2026-02-18 18:49:43.002003,624,1.037,0.0011,"aoml_navis",1030.25025403906
"7901009",102,0,1,0.031773,1,0.009345,1,137.008988460071,1,4.85313436624308,626,1,6.34700012207031,34.8639984130859,0.0317730009555817,0.0157221537083387,132.116592407227,-85.4991,26.314,16.2029367180308,63,63,63,63,61,63,0,8048,1.18876856134864,26,-85,0.001869,51,2026-02-18 18:49:43.002003,626,1.037,0.0011,"aoml_navis",1030.2620168068
"7901009",102,0,1,0.031773,1,0.009345,1,137.164346879203,1,4.85308540265941,628,1,6.33799982070923,34.8639984130859,0.0317730009555817,0.0157221537083387,132.266403198242,-85.4991,26.314,16.2029367180308,63,63,63,63,61,63,0,8048,1.18876856134864,26,-85,0.001869,51,2026-02-18 18:49:43.002003,628,1.037,0.0011,"aoml_navis",1030.27241129119
"7901009",102,0,1,0.033642,1,0.011214,1,137.224904698516,1,4.85303438474839,630,1,6.32600021362305,34.8639984130859,0.0336420014500618,0.017294367775321,132.324798583984,-85.4991,26.314,16.2029367180308,63,63,63,63,61,63,0,8048,1.18876856134864,26,-85,0.001869,51,2026-02-18 18:49:43.002003,630,1.037,0.0011,"aoml_navis",1030.28324211209
"7901009",102,0,1,0.029904,1,0.007476,1,137.26710686839,1,4.85298885720118,632,1,6.32200002670288,34.8639984130859,0.0299040004611015,0.0141499377787113,132.365493774414,-85.4991,26.314,16.2029367180308,63,63,63,63,61,63,0,8048,1.18876856134864,26,-85,0.001869,51,2026-02-18 18:49:43.002003,632,1.037,0.0011,"aoml_navis",1030.29290755133
"7901009",102,0,1,0.028035,1,0.005607,1,137.318866635041,1,4.85294333146634,634,1,6.31799983978271,34.8639984130859,0.0280349999666214,0.0125777227804065,132.415405273438,-85.4991,26.314,16.2029367180308,63,63,63,63,61,63,0,8048,1.18876856134864,26,-85,0.001869,51,2026-02-18 18:49:43.002003,634,1.037,0.0011,"aoml_navis",1030.30257278715
"7901009",102,0,1,0.031773,1,0.009345,1,137.369771914563,1,4.85290192412865,636,1,6.32000017166138,34.8639984130859,0.0317730009555817,0.0157221537083387,132.464492797852,-85.4991,26.314,16.2029367180308,63,63,63,63,61,63,0,8048,1.18876856134864,26,-85,0.001869,51,2026-02-18 18:49:43.002003,636,1.037,0.0011,"aoml_navis",1030.31136383366
"7901009",102,0,1,0.029904,1,0.007476,1,137.559974419957,1,4.85285708813078,638,1,6.31699991226196,34.8639984130859,0.0299040004611015,0.0141499377787113,132.647903442383,-85.4991,26.314,16.2029367180308,63,63,63,63,61,63,0,8048,1.18876856134864,26,-85,0.001869,51,2026-02-18 18:49:43.002003,638,1.037,0.0011,"aoml_navis",1030.32088297616
"7901009",102,0,1,0.031773,1,0.009345,1,137.781887892142,1,4.85280128016943,640,1,6.2979998588562,34.8639984130859,0.0317730009555817,0.0157221537083387,132.861892700195,-85.4991,26.314,16.2029367180308,63,63,63,63,61,63,0,8048,1.18876856134864,26,-85,0.001869,51,2026-02-18 18:49:43.002003,640,1.037,0.0011,"aoml_navis",1030.33273182483
"7901009",102,0,1,0.031773,1,0.009345,1,137.916706972504,1,4.85274794071823,642,1,6.28800010681152,34.8650016784668,0.0317730009555817,0.0157221537083387,132.991897583008,-85.4991,26.314,16.2029367180308,63,63,63,63,61,63,0,8048,1.18876856134864,26,-85,0.001869,51,2026-02-18 18:49:43.002003,642,1.037,0.0011,"aoml_navis",1030.34405682731
"7901009",102,0,1,0.029904,1,0.007476,1,138.075071920423,1,4.85270681873121,644,1,6.28499984741211,34.8639984130859,0.0299040004611015,0.0141499377787113,133.144607543945,-85.4991,26.314,16.2029367180308,63,63,63,63,61,63,0,8048,1.18876856134864,26,-85,0.001869,51,2026-02-18 18:49:43.002003,644,1.037,0.0011,"aoml_navis",1030.35278799458
"7901009",102,0,1,0.031773,1,0.009345,1,138.418844751513,1,4.85266130428515,646,1,6.2810001373291,34.8639984130859,0.0317730009555817,0.0157221537083387,133.476104736328,-85.4991,26.314,16.2029367180308,63,63,63,63,61,63,0,8048,1.18876856134864,26,-85,0.001869,51,2026-02-18 18:49:43.002003,646,1.037,0.0011,"aoml_navis",1030.36245195698
"7901009",102,0,1,0.031773,1,0.009345,1,138.90333895369,1,4.85260112559299,648,1,6.26100015640259,34.8650016784668,0.0317730009555817,0.0157221537083387,133.943298339844,-85.4991,26.314,16.2029367180308,63,63,63,63,61,63,0,8048,1.18876856134864,26,-85,0.001869,51,2026-02-18 18:49:43.002003,648,1.037,0.0011,"aoml_navis",1030.37522981842
"7901009",102,0,1,0.031773,1,0.009345,1,139.477127060854,1,4.85254193710741,650,1,6.23699998855591,34.8650016784668,0.0317730009555817,0.0157221537083387,134.496597290039,-85.4991,26.314,16.2029367180308,63,63,63,63,61,63,0,8048,1.18876856134864,26,-85,0.001869,51,2026-02-18 18:49:43.002003,650,1.037,0.0011,"aoml_navis",1030.38779773648
"7901009",102,0,1,0.029904,1,0.007476,1,140.158453955593,1,4.85248004209459,652,1,6.20900011062622,34.8650016784668,0.0299040004611015,0.0141499377787113,135.153594970703,-85.4991,26.314,16.2029367180308,63,63,63,63,61,63,0,8048,1.18876856134864,26,-85,0.001869,51,2026-02-18 18:49:43.002003,652,1.037,0.0011,"aoml_navis",1030.40094067893
"7901009",102,0,1,0.029904,1,0.007476,1,140.790632016576,1,4.85242090226619,654,1,6.18499994277954,34.8650016784668,0.0299040004611015,0.0141499377787113,135.763198852539,-85.4991,26.314,16.2029367180308,63,63,63,63,61,63,0,8048,1.18876856134864,26,-85,0.001869,51,2026-02-18 18:49:43.002003,654,1.037,0.0011,"aoml_navis",1030.41349889184
"7901009",102,0,1,0.029904,1,0.007476,1,141.449773893632,1,4.85233265505116,656,1,6.12900018692017,34.867000579834,0.0299040004611015,0.0141499377787113,136.398803710938,-85.4991,26.314,16.2029367180308,63,63,63,63,61,63,0,8048,1.18876856134864,26,-85,0.001869,51,2026-02-18 18:49:43.002003,656,1.037,0.0011,"aoml_navis",1030.43223856368
"7901009",102,0,1,0.029904,1,0.007476,1,141.746249279744,1,4.85227494719698,658,1,6.10699987411499,34.867000579834,0.0299040004611015,0.0141499377787113,136.684692382812,-85.4991,26.314,16.2029367180308,63,63,63,63,61,63,0,8048,1.18876856134864,26,-85,0.001869,51,2026-02-18 18:49:43.002003,658,1.037,0.0011,"aoml_navis",1030.44449344083
"7901009",102,0,1,0.031773,1,0.009345,1,141.954174481149,1,4.85222168589178,660,1,6.09700012207031,34.8680000305176,0.0317730009555817,0.0157221537083387,136.885192871094,-85.4991,26.314,16.2029367180308,63,63,63,63,61,63,0,8048,1.18876856134864,26,-85,0.001869,51,2026-02-18 18:49:43.002003,660,1.037,0.0011,"aoml_navis",1030.45580430463
"7901009",102,0,1,0.031773,1,0.009345,1,142.243924737079,1,4.85217717448396,662,1,6.08900022506714,34.867000579834,0.0317730009555817,0.0157221537083387,137.164596557617,-85.4991,26.314,16.2029367180308,63,63,63,63,61,63,0,8048,1.18876856134864,26,-85,0.001869,51,2026-02-18 18:49:43.002003,662,1.037,0.0011,"aoml_navis",1030.46525718257
"7901009",102,0,1,0.028035,1,0.005607,1,142.67316210491,1,4.85213100032398,664,1,6.08400011062622,34.867000579834,0.0280349999666214,0.0125777227804065,137.578506469727,-85.4991,26.314,16.2029367180308,63,63,63,63,61,63,0,8048,1.18876856134864,26,-85,0.001869,51,2026-02-18 18:49:43.002003,664,1.037,0.0011,"aoml_navis",1030.47506336209
"7901009",102,0,1,0.029904,1,0.007476,1,143.260732772989,1,4.85206354779126,666,1,6.05299997329712,34.8680000305176,0.0299040004611015,0.0141499377787113,138.145095825195,-85.4991,26.314,16.2029367180308,63,63,63,63,61,63,0,8048,1.18876856134864,26,-85,0.001869,51,2026-02-18 18:49:43.002003,666,1.037,0.0011,"aoml_navis",1030.48938884489
"7901009",102,0,1,0.029904,1,0.007476,1,143.519579077751,1,4.85200220489002,668,1,6.0310001373291,34.8689994812012,0.0299040004611015,0.0141499377787113,138.39469909668,-85.4991,26.314,16.2029367180308,63,63,63,63,61,63,0,8048,1.18876856134864,26,-85,0.001869,51,2026-02-18 18:49:43.002003,668,1.037,0.0011,"aoml_navis",1030.50241711779
"7901009",102,0,1,0.028035,1,0.005607,1,143.78983436807,1,4.85195334042098,670,1,6.02199983596802,34.8689994812012,0.0280349999666214,0.0125777227804065,138.655303955078,-85.4991,26.314,16.2029367180308,63,63,63,63,61,63,0,8048,1.18876856134864,26,-85,0.001869,51,2026-02-18 18:49:43.002003,670,1.037,0.0011,"aoml_navis",1030.51279540256
"7901009",102,0,1,0.028035,1,0.005607,1,144.142009655929,1,4.85190245707123,672,1,6.01000022888184,34.8689994812012,0.0280349999666214,0.0125777227804065,138.994903564453,-85.4991,26.314,16.2029367180308,63,63,63,63,61,63,0,8048,1.18876856134864,26,-85,0.001869,51,2026-02-18 18:49:43.002003,672,1.037,0.0011,"aoml_navis",1030.52360269793
"7901009",102,0,1,0.029904,1,0.007476,1,144.433832834338,1,4.85184114790533,674,1,5.98799991607666,34.8699989318848,0.0299040004611015,0.0141499377787113,139.276306152344,-85.4991,26.314,16.2029367180308,63,63,63,63,61,63,0,8048,1.18876856134864,26,-85,0.001869,51,2026-02-18 18:49:43.002003,674,1.037,0.0011,"aoml_navis",1030.53662467054
"7901009",102,0,1,0.026166,1,0.003738,1,144.556720742566,1,4.85179297021663,676,1,5.98000001907349,34.8699989318848,0.0261659994721413,0.0110055068507791,139.394805908203,-85.4991,26.314,16.2029367180308,63,63,63,63,61,63,0,8048,1.18876856134864,26,-85,0.001869,51,2026-02-18 18:49:43.002003,676,1.037,0.0011,"aoml_navis",1030.54685776849
"7901009",102,0,1,0.031773,1,0.009345,1,144.736954231455,1,4.85174748642237,678,1,5.97599983215332,34.8699989318848,0.0317730009555817,0.0157221537083387,139.568603515625,-85.4991,26.314,16.2029367180308,63,63,63,63,61,63,0,8048,1.18876856134864,26,-85,0.001869,51,2026-02-18 18:49:43.002003,678,1.037,0.0011,"aoml_navis",1030.55651886099
"7901009",102,0,1,0.029904,1,0.007476,1,145.046911525603,1,4.85169864053247,680,1,5.96700000762939,34.8699989318848,0.0299040004611015,0.0141499377787113,139.867492675781,-85.4991,26.314,16.2029367180308,63,63,63,63,61,63,0,8048,1.18876856134864,26,-85,0.001869,51,2026-02-18 18:49:43.002003,680,1.037,0.0011,"aoml_navis",1030.56689428906
"7901009",102,0,1,0.029904,1,0.007476,1,145.352422321914,1,4.85164374764334,682,1,5.94899988174438,34.8699989318848,0.0299040004611015,0.0141499377787113,140.162094116211,-85.4991,26.314,16.2029367180308,63,63,63,63,61,63,0,8048,1.18876856134864,26,-85,0.001869,51,2026-02-18 18:49:43.002003,682,1.037,0.0011,"aoml_navis",1030.57855441854
"7901009",102,0,1,0.028035,1,0.005607,1,145.580681152223,1,4.85158651330841,684,1,5.93300008773804,34.8709983825684,0.0280349999666214,0.0125777227804065,140.382202148438,-85.4991,26.314,16.2029367180308,63,63,63,63,61,63,0,8048,1.18876856134864,26,-85,0.001869,51,2026-02-18 18:49:43.002003,684,1.037,0.0011,"aoml_navis",1030.59071218961
"7901009",102,0,1,0.029904,1,0.007476,1,145.69568879026,1,4.85154036566613,686,1,5.92799997329712,34.8709983825684,0.0299040004611015,0.0141499377787113,140.493103027344,-85.4991,26.314,16.2029367180308,63,63,63,63,61,63,0,8048,1.18876856134864,26,-85,0.001869,51,2026-02-18 18:49:43.002003,686,1.037,0.0011,"aoml_navis",1030.60051512392
"7901009",102,0,1,0.031773,1,0.009345,1,145.880068124108,1,4.85149421988105,688,1,5.9229998588562,34.8709983825684,0.0317730009555817,0.0157221537083387,140.6708984375,-85.4991,26.314,16.2029367180308,63,63,63,63,61,63,0,8048,1.18876856134864,26,-85,0.001869,51,2026-02-18 18:49:43.002003,688,1.037,0.0011,"aoml_navis",1030.6103178502
"7901009",102,0,1,0.028035,1,0.005607,1,146.110605586761,1,4.85144874746185,690,1,5.91900014877319,34.8709983825684,0.0280349999666214,0.0125777227804065,140.893203735352,-85.4991,26.314,16.2029367180308,63,63,63,63,61,63,0,8048,1.18876856134864,26,-85,0.001869,51,2026-02-18 18:49:43.002003,690,1.037,0.0011,"aoml_navis",1030.61997771611
"7901009",102,0,1,0.028035,1,0.005607,1,146.533703306332,1,4.85140563008011,692,1,5.91300010681152,34.8699989318848,0.0280349999666214,0.0125777227804065,141.301193237305,-85.4991,26.314,16.2029367180308,63,63,63,63,61,63,0,8048,1.18876856134864,26,-85,0.001869,51,2026-02-18 18:49:43.002003,692,1.037,0.0011,"aoml_navis",1030.6291374604
"7901009",102,0,1,0.031773,1,0.009345,1,147.186420706084,1,4.85134439248146,694,1,5.89099979400635,34.8709983825684,0.0317730009555817,0.0157221537083387,141.930603027344,-85.4991,26.314,16.2029367180308,63,63,63,63,61,63,0,8048,1.18876856134864,26,-85,0.001869,51,2026-02-18 18:49:43.002003,694,1.037,0.0011,"aoml_navis",1030.64214689621
"7901009",102,0,1,0.029904,1,0.007476,1,147.871371259204,1,4.85127817264778,696,1,5.85599994659424,34.8709983825684,0.0299040004611015,0.0141499377787113,142.591094970703,-85.4991,26.314,16.2029367180308,63,63,63,63,61,63,0,8048,1.18876856134864,26,-85,0.001869,51,2026-02-18 18:49:43.002003,696,1.037,0.0011,"aoml_navis",1030.65621513743
"7901009",102,0,1,0.029904,1,0.007476,1,148.371847535462,1,4.85120562511122,698,1,5.81699991226196,34.8720016479492,0.0299040004611015,0.0141499377787113,143.073699951172,-85.4991,26.314,16.2029367180308,63,63,63,63,61,63,0,8048,1.18876856134864,26,-85,0.001869,51,2026-02-18 18:49:43.002003,698,1.037,0.0011,"aoml_navis",1030.67162812448
"7901009",102,0,1,0.031773,1,0.009345,1,148.574376808885,1,4.85115549529213,700,1,5.80600023269653,34.8720016479492,0.0317730009555817,0.0157221537083387,143.268997192383,-85.4991,26.314,16.2029367180308,63,63,63,63,61,63,0,8048,1.18876856134864,26,-85,0.001869,51,2026-02-18 18:49:43.002003,700,1.037,0.0011,"aoml_navis",1030.68227865553
"7901009",102,0,1,0.031773,1,0.009345,1,148.879365418616,1,4.85110403737415,702,1,5.79300022125244,34.8720016479492,0.0317730009555817,0.0157221537083387,143.563095092773,-85.4991,26.314,16.2029367180308,63,63,63,63,61,63,0,8048,1.18876856134864,26,-85,0.001869,51,2026-02-18 18:49:43.002003,702,1.037,0.0011,"aoml_navis",1030.69321158209
"7901009",102,0,1,0.029904,1,0.007476,1,149.034090884319,1,4.8510499233316,704,1,5.77600002288818,34.8720016479492,0.0299040004611015,0.0141499377787113,143.712295532227,-85.4991,26.314,16.2029367180308,63,63,63,63,61,63,0,8048,1.18876856134864,26,-85,0.001869,51,2026-02-18 18:49:43.002003,704,1.037,0.0011,"aoml_navis",1030.70470908824
"7901009",102,0,1,0.029904,1,0.007476,1,149.103779056845,1,4.85100076919817,706,1,5.77199983596802,34.8730010986328,0.0299040004611015,0.0141499377787113,143.779495239258,-85.4991,26.314,16.2029367180308,63,63,63,63,61,63,0,8048,1.18876856134864,26,-85,0.001869,51,2026-02-18 18:49:43.002003,706,1.037,0.0011,"aoml_navis",1030.71515299439
"7901009",102,0,1,0.031773,1,0.009345,1,149.155428056646,1,4.85095531366991,708,1,5.76800012588501,34.8730010986328,0.0317730009555817,0.0157221537083387,143.829299926758,-85.4991,26.314,16.2029367180308,63,63,63,63,61,63,0,8048,1.18876856134864,26,-85,0.001869,51,2026-02-18 18:49:43.002003,708,1.037,0.0011,"aoml_navis",1030.72481123668
"7901009",102,0,1,0.031773,1,0.009345,1,149.219926011054,1,4.85091119040499,710,1,5.76599979400635,34.8730010986328,0.0317730009555817,0.0157221537083387,143.891494750977,-85.4991,26.314,16.2029367180308,63,63,63,63,61,63,0,8048,1.18876856134864,26,-85,0.001869,51,2026-02-18 18:49:43.002003,710,1.037,0.0011,"aoml_navis",1030.73418657713
"7901009",102,0,1,0.031773,1,0.009345,1,149.280499654203,1,4.85086640391211,712,1,5.76300001144409,34.8730010986328,0.0317730009555817,0.0157221537083387,143.949905395508,-85.4991,26.314,16.2029367180308,63,63,63,63,61,63,0,8048,1.18876856134864,26,-85,0.001869,51,2026-02-18 18:49:43.002003,712,1.037,0.0011,"aoml_navis",1030.74370301512
"7901009",102,0,1,0.029904,1,0.007476,1,149.4254776371,1,4.85082161924897,714,1,5.76000022888184,34.8730010986328,0.0299040004611015,0.0141499377787113,144.089706420898,-85.4991,26.314,16.2029367180308,63,63,63,63,61,63,0,8048,1.18876856134864,26,-85,0.001869,51,2026-02-18 18:49:43.002003,714,1.037,0.0011,"aoml_navis",1030.75321924003
"7901009",102,0,1,0.033642,1,0.011214,1,149.601660224044,1,4.85077350848854,716,1,5.7519998550415,34.8730010986328,0.0336420014500618,0.017294367775321,144.25959777832,-85.4991,26.314,16.2029367180308,63,63,63,63,61,63,0,8048,1.18876856134864,26,-85,0.001869,51,2026-02-18 18:49:43.002003,716,1.037,0.0011,"aoml_navis",1030.76344241806
"7901009",102,0,1,0.028035,1,0.005607,1,149.695511393719,1,4.85072037462112,718,1,5.74200010299683,34.8740005493164,0.0280349999666214,0.0125777227804065,144.35009765625,-85.4991,26.314,16.2029367180308,63,63,63,63,61,63,0,8048,1.18876856134864,26,-85,0.001869,51,2026-02-18 18:49:43.002003,718,1.037,0.0011,"aoml_navis",1030.77473320456
"7901009",102,0,1,0.029904,1,0.007476,1,149.842150879367,1,4.85068062104406,720,1,5.74100017547607,34.8730010986328,0.0299040004611015,0.0141499377787113,144.491500854492,-85.4991,26.314,16.2029367180308,63,63,63,63,61,63,0,8048,1.18876856134864,26,-85,0.001869,51,2026-02-18 18:49:43.002003,720,1.037,0.0011,"aoml_navis",1030.78318088149
"7901009",102,0,1,0.028035,1,0.005607,1,150.021355818934,1,4.85062948672592,722,1,5.73400020599365,34.8740005493164,0.0280349999666214,0.0125777227804065,144.664306640625,-85.4991,26.314,16.2029367180308,63,63,63,63,61,63,0,8048,1.18876856134864,26,-85,0.001869,51,2026-02-18 18:49:43.002003,722,1.037,0.0011,"aoml_navis",1030.79404718147
"7901009",102,0,1,0.031773,1,0.009345,1,150.245769457162,1,4.85058205047109,724,1,5.72700023651123,34.8740005493164,0.0317730009555817,0.0157221537083387,144.880706787109,-85.4991,26.314,16.2029367180308,63,63,63,63,61,63,0,8048,1.18876856134864,26,-85,0.001869,51,2026-02-18 18:49:43.002003,724,1.037,0.0011,"aoml_navis",1030.80412782924
"7901009",102,0,1,0.033642,1,0.011214,1,150.409815162106,1,4.85053062882536,726,1,5.71400022506714,34.8740005493164,0.0336420014500618,0.017294367775321,145.03889465332,-85.4991,26.314,16.2029367180308,63,63,63,63,61,63,0,8048,1.18876856134864,26,-85,0.001869,51,2026-02-18 18:49:43.002003,726,1.037,0.0011,"aoml_navis",1030.81505563255
"7901009",102,0,1,0.026166,1,0.003738,1,150.593783076225,1,4.85048319773328,728,1,5.70699977874756,34.8740005493164,0.0261659994721413,0.0110055068507791,145.216293334961,-85.4991,26.314,16.2029367180308,63,63,63,63,61,63,0,8048,1.18876856134864,26,-85,0.001869,51,2026-02-18 18:49:43.002003,728,1.037,0.0011,"aoml_navis",1030.82513559404
"7901009",102,0,1,0.031773,1,0.009345,1,150.785330607656,1,4.8504370978271,730,1,5.7020001411438,34.8740005493164,0.0317730009555817,0.0157221537083387,145.401000976562,-85.4991,26.314,16.2029367180308,63,63,63,63,61,63,0,8048,1.18876856134864,26,-85,0.001869,51,2026-02-18 18:49:43.002003,730,1.037,0.0011,"aoml_navis",1030.83493284345
"7901009",102,0,1,0.029904,1,0.007476,1,150.982258243233,1,4.85038597580479,732,1,5.69500017166138,34.875,0.0299040004611015,0.0141499377787113,145.590896606445,-85.4991,26.314,16.2029367180308,63,63,63,63,61,63,0,8048,1.18876856134864,26,-85,0.001869,51,2026-02-18 18:49:43.002003,732,1.037,0.0011,"aoml_navis",1030.84579762137
"7901009",102,0,1,0.028035,1,0.005607,1,151.23342998767,1,4.85034054347775,734,1,5.69099998474121,34.875,0.0280349999666214,0.0125777227804065,145.833099365234,-85.4991,26.314,16.2029367180308,63,63,63,63,61,63,0,8048,1.18876856134864,26,-85,0.001869,51,2026-02-18 18:49:43.002003,734,1.037,0.0011,"aoml_navis",1030.85545338121
"7901009",102,0,1,0.029904,1,0.007476,1,151.586649648686,1,4.85029112961925,736,1,5.68100023269653,34.875,0.0299040004611015,0.0141499377787113,146.173706054688,-85.4991,26.314,16.2029367180308,63,63,63,63,61,63,0,8048,1.18876856134864,26,-85,0.001869,51,2026-02-18 18:49:43.002003,736,1.037,0.0011,"aoml_navis",1030.86595554368
"7901009",102,0,1,0.029904,1,0.007476,1,152.020017037641,1,4.85024304605734,738,1,5.6729998588562,34.875,0.0299040004611015,0.0141499377787113,146.591598510742,-85.4991,26.314,16.2029367180308,63,63,63,63,61,63,0,8048,1.18876856134864,26,-85,0.001869,51,2026-02-18 18:49:43.002003,738,1.037,0.0011,"aoml_navis",1030.87617517732
"7901009",102,0,1,0.031773,1,0.009345,1,152.605419840226,1,4.85017933755632,740,1,5.64699983596802,34.8759994506836,0.0317730009555817,0.0157221537083387,147.156097412109,-85.4991,26.314,16.2029367180308,63,63,63,63,61,63,0,8048,1.18876856134864,26,-85,0.001869,51,2026-02-18 18:49:43.002003,740,1.037,0.0011,"aoml_navis",1030.88971603247
"7901009",102,0,1,0.029904,1,0.007476,1,152.954177179568,1,4.8501200125502,742,1,5.62200021743774,34.8759994506836,0.0299040004611015,0.0141499377787113,147.492401123047,-85.4991,26.314,16.2029367180308,63,63,63,63,61,63,0,8048,1.18876856134864,26,-85,0.001869,51,2026-02-18 18:49:43.002003,742,1.037,0.0011,"aoml_navis",1030.90232552225
"7901009",102,0,1,0.029904,1,0.007476,1,153.146958970185,1,4.85006758754945,744,1,5.61299991607666,34.8769989013672,0.0299040004611015,0.0141499377787113,147.678298950195,-85.4991,26.314,16.2029367180308,63,63,63,63,61,63,0,8048,1.18876856134864,26,-85,0.001869,51,2026-02-18 18:49:43.002003,744,1.037,0.0011,"aoml_navis",1030.91346867731
"7901009",102,0,1,0.024297,1,0.001869,1,153.332999806785,1,4.85002652317991,746,1,5.6100001335144,34.8759994506836,0.0242970008403063,0.00943329185247421,147.857696533203,-85.4991,26.314,16.2029367180308,63,63,63,63,61,63,0,8048,1.18876856134864,26,-85,0.001869,51,2026-02-18 18:49:43.002003,746,1.037,0.0011,"aoml_navis",1030.92219725053
"7901009",102,0,1,0.028035,1,0.005607,1,153.616531295275,1,4.8499767472084,748,1,5.60500001907349,34.8769989013672,0.0280349999666214,0.0125777227804065,148.131103515625,-85.4991,26.314,16.2029367180308,63,63,63,63,61,63,0,8048,1.18876856134864,26,-85,0.001869,51,2026-02-18 18:49:43.002003,748,1.037,0.0011,"aoml_navis",1030.93277774537
"7901009",102,0,1,0.026166,1,0.003738,1,153.909066546293,1,4.84992868562404,750,1,5.59700012207031,34.8769989013672,0.0261659994721413,0.0110055068507791,148.413192749023,-85.4991,26.314,16.2029367180308,63,63,63,63,61,63,0,8048,1.18876856134864,26,-85,0.001869,51,2026-02-18 18:49:43.002003,750,1.037,0.0011,"aoml_navis",1030.94299403222
"7901009",102,0,1,0.031773,1,0.009345,1,154.246525666928,1,4.84987996570026,752,1,5.58799982070923,34.8769989013672,0.0317730009555817,0.0157221537083387,148.73860168457,-85.4991,26.314,16.2029367180308,63,63,63,63,61,63,0,8048,1.18876856134864,26,-85,0.001869,51,2026-02-18 18:49:43.002003,752,1.037,0.0011,"aoml_navis",1030.9533504667
"7901009",102,0,1,0.029904,1,0.007476,1,154.590409264868,1,4.84983389135666,754,1,5.58300018310547,34.8769989013672,0.0299040004611015,0.0141499377787113,149.070205688477,-85.4991,26.314,16.2029367180308,63,63,63,63,61,63,0,8048,1.18876856134864,26,-85,0.001869,51,2026-02-18 18:49:43.002003,754,1.037,0.0011,"aoml_navis",1030.96314471944
"7901009",102,0,1,0.026166,1,0.003738,1,155.142629483941,1,4.84978253574371,756,1,5.57000017166138,34.8769989013672,0.0261659994721413,0.0110055068507791,149.60270690918,-85.4991,26.314,16.2029367180308,63,63,63,63,61,63,0,8048,1.18876856134864,26,-85,0.001869,51,2026-02-18 18:49:43.002003,756,1.037,0.0011,"aoml_navis",1030.97406185724
"7901009",102,0,1,0.029904,1,0.007476,1,155.477161194968,1,4.84972221468283,758,1,5.54899978637695,34.8779983520508,0.0299040004611015,0.0141499377787113,149.92529296875,-85.4991,26.314,16.2029367180308,63,63,63,63,61,63,0,8048,1.18876856134864,26,-85,0.001869,51,2026-02-18 18:49:43.002003,758,1.037,0.0011,"aoml_navis",1030.98688515853
"7901009",102,0,1,0.031773,1,0.009345,1,155.666841513783,1,4.84966584783471,760,1,5.53399991989136,34.8790016174316,0.0317730009555817,0.0157221537083387,150.108200073242,-85.4991,26.314,16.2029367180308,63,63,63,63,61,63,0,8048,1.18876856134864,26,-85,0.001869,51,2026-02-18 18:49:43.002003,760,1.037,0.0011,"aoml_navis",1030.9988681452
"7901009",102,0,1,0.031773,1,0.009345,1,155.926922077732,1,4.84961912391403,762,1,5.52799987792969,34.8790016174316,0.0317730009555817,0.0157221537083387,150.358993530273,-85.4991,26.314,16.2029367180308,63,63,63,63,61,63,0,8048,1.18876856134864,26,-85,0.001869,51,2026-02-18 18:49:43.002003,762,1.037,0.0011,"aoml_navis",1031.00880136018
"7901009",102,0,1,0.033642,1,0.011214,1,156.118153132449,1,4.84957174352696,764,1,5.52099990844727,34.8790016174316,0.0336420014500618,0.017294367775321,150.543395996094,-85.4991,26.314,16.2029367180308,63,63,63,63,61,63,0,8048,1.18876856134864,26,-85,0.001869,51,2026-02-18 18:49:43.002003,764,1.037,0.0011,"aoml_navis",1031.01887433129
"7901009",102,0,1,0.031773,1,0.009345,1,156.338215215853,1,4.84952781995061,765.900024414062,1,5.51599979400635,34.8790016174316,0.0317730009555817,0.0157221537083387,150.755599975586,-85.4991,26.314,16.2029367180308,63,63,63,63,61,63,0,8048,1.18876856134864,26,-85,0.001869,51,2026-02-18 18:49:43.002003,765.900024414062,1.037,0.0011,"aoml_navis",1031.02821256749
"7901009",102,0,1,0.033642,1,0.011214,1,156.559511558444,1,4.8494776476617,768,1,5.50799989700317,34.8790016174316,0.0336420014500618,0.017294367775321,150.968994140625,-85.4991,26.314,16.2029367180308,63,63,63,63,61,63,0,8048,1.18876856134864,26,-85,0.001869,51,2026-02-18 18:49:43.002003,768,1.037,0.0011,"aoml_navis",1031.03887949888
"7901009",102,0,1,0.028035,1,0.005607,1,156.725756776553,1,4.84942592092826,770,1,5.5,34.8800010681152,0.0280349999666214,0.0125777227804065,151.129302978516,-85.4991,26.314,16.2029367180308,63,63,63,63,61,63,0,8048,1.18876856134864,26,-85,0.001869,51,2026-02-18 18:49:43.002003,770,1.037,0.0011,"aoml_navis",1031.04987714565
"7901009",102,0,1,0.029904,1,0.007476,1,156.908886027379,1,4.84937526082852,772,1,5.48799991607666,34.8800010681152,0.0299040004611015,0.0141499377787113,151.305892944336,-85.4991,26.314,16.2029367180308,63,63,63,63,61,63,0,8048,1.18876856134864,26,-85,0.001869,51,2026-02-18 18:49:43.002003,772,1.037,0.0011,"aoml_navis",1031.06064824229
"7901009",102,0,1,0.026166,1,0.003738,1,157.013940472747,1,4.84932854997965,774,1,5.48199987411499,34.8800010681152,0.0261659994721413,0.0110055068507791,151.407196044922,-85.4991,26.314,16.2029367180308,63,63,63,63,61,63,0,8048,1.18876856134864,26,-85,0.001869,51,2026-02-18 18:49:43.002003,774,1.037,0.0011,"aoml_navis",1031.07057986842
"7901009",102,0,1,0.028035,1,0.005607,1,157.116921995634,1,4.84928315625026,776,1,5.47800016403198,34.8800010681152,0.0280349999666214,0.0125777227804065,151.506500244141,-85.4991,26.314,16.2029367180308,63,63,63,63,61,63,0,8048,1.18876856134864,26,-85,0.001869,51,2026-02-18 18:49:43.002003,776,1.037,0.0011,"aoml_navis",1031.08023163289
"7901009",102,0,1,0.031773,1,0.009345,1,157.18649940131,1,4.84922995955699,778.099975585938,1,5.47100019454956,34.8810005187988,0.0317730009555817,0.0157221537083387,151.573593139648,-85.4991,26.314,16.2029367180308,63,63,63,63,61,63,0,8048,1.18876856134864,26,-85,0.001869,51,2026-02-18 18:49:43.002003,778.099975585938,1.037,0.0011,"aoml_navis",1031.09154271924
"7901009",102,0,1,0.024297,1,0.001869,1,157.278483358369,1,4.84918802144571,780,1,5.4689998626709,34.8810005187988,0.0242970008403063,0.00943329185247421,151.662292480469,-85.4991,26.314,16.2029367180308,63,63,63,63,61,63,0,8048,1.18876856134864,26,-85,0.001869,51,2026-02-18 18:49:43.002003,780,1.037,0.0011,"aoml_navis",1031.10046009503
"7901009",102,0,1,0.035511,1,0.013083,1,157.299861360432,1,4.84914460558932,782,1,5.46799993515015,34.8810005187988,0.0355109982192516,0.0188665837049484,151.682907104492,-85.4991,26.314,16.2029367180308,63,63,63,63,61,63,0,8048,1.18876856134864,26,-85,0.001869,51,2026-02-18 18:49:43.002003,782,1.037,0.0011,"aoml_navis",1031.10969184891
"7901009",102,0,1,0.029904,1,0.007476,1,157.364976444433,1,4.8491011919463,784,1,5.46700000762939,34.8810005187988,0.0299040004611015,0.0141499377787113,151.745697021484,-85.4991,26.314,16.2029367180308,63,63,63,63,61,63,0,8048,1.18876856134864,26,-85,0.001869,51,2026-02-18 18:49:43.002003,784,1.037,0.0011,"aoml_navis",1031.11892329744
"7901009",102,0,1,0.028035,1,0.005607,1,157.409568013501,1,4.84905778051646,786,1,5.46600008010864,34.8810005187988,0.0280349999666214,0.0125777227804065,151.788696289062,-85.4991,26.314,16.2029367180308,63,63,63,63,61,63,0,8048,1.18876856134864,26,-85,0.001869,51,2026-02-18 18:49:43.002003,786,1.037,0.0011,"aoml_navis",1031.12815444065
"7901009",102,0,1,0.031773,1,0.009345,1,157.474698921339,1,4.84901305506458,788,1,5.46299982070923,34.8810005187988,0.0317730009555817,0.0157221537083387,151.851501464844,-85.4991,26.314,16.2029367180308,63,63,63,63,61,63,0,8048,1.18876856134864,26,-85,0.001869,51,2026-02-18 18:49:43.002003,788,1.037,0.0011,"aoml_navis",1031.13766517451
"7901009",102,0,1,0.028035,1,0.005607,1,157.600593358354,1,4.84896898972703,790,1,5.46099996566772,34.8810005187988,0.0280349999666214,0.0125777227804065,151.972900390625,-85.4991,26.314,16.2029367180308,63,63,63,63,61,63,0,8048,1.18876856134864,26,-85,0.001869,51,2026-02-18 18:49:43.002003,790,1.037,0.0011,"aoml_navis",1031.14703570861
"7901009",102,0,1,0.029904,1,0.007476,1,157.77606387269,1,4.84892360992642,792,1,5.45699977874756,34.8810005187988,0.0299040004611015,0.0141499377787113,152.142105102539,-85.4991,26.314,16.2029367180308,63,63,63,63,61,63,0,8048,1.18876856134864,26,-85,0.001869,51,2026-02-18 18:49:43.002003,792,1.037,0.0011,"aoml_navis",1031.15668594249
"7901009",102,0,1,0.028035,1,0.005607,1,157.912528631968,1,4.84887889023975,794,1,5.4539999961853,34.8810005187988,0.0280349999666214,0.0125777227804065,152.273696899414,-85.4991,26.314,16.2029367180308,63,63,63,63,61,63,0,8048,1.18876856134864,26,-85,0.001869,51,2026-02-18 18:49:43.002003,794,1.037,0.0011,"aoml_navis",1031.16619597665
"7901009",102,0,1,0.029904,1,0.007476,1,158.126989077526,1,4.84883137736161,796.099975585938,1,5.44999980926514,34.8810005187988,0.0299040004611015,0.0141499377787113,152.480499267578,-85.4991,26.314,16.2029367180308,63,63,63,63,61,63,0,8048,1.18876856134864,26,-85,0.001869,51,2026-02-18 18:49:43.002003,796.099975585938,1.037,0.0011,"aoml_navis",1031.17630019971
"7901009",102,0,1,0.029904,1,0.007476,1,158.379616614849,1,4.84878813980413,798,1,5.44600009918213,34.8810005187988,0.0299040004611015,0.0141499377787113,152.724105834961,-85.4991,26.314,16.2029367180308,63,63,63,63,61,63,0,8048,1.18876856134864,26,-85,0.001869,51,2026-02-18 18:49:43.002003,798,1.037,0.0011,"aoml_navis",1031.18549539308
"7901009",102,0,1,0.028035,1,0.005607,1,158.629538276263,1,4.84874276708583,800,1,5.44199991226196,34.8810005187988,0.0280349999666214,0.0125777227804065,152.965103149414,-85.4991,26.314,16.2029367180308,63,63,63,63,61,63,0,8048,1.18876856134864,26,-85,0.001869,51,2026-02-18 18:49:43.002003,800,1.037,0.0011,"aoml_navis",1031.19514484062
"7901009",102,0,1,0.031773,1,0.009345,1,158.863905107162,1,4.84869279108264,802,1,5.43100023269653,34.8810005187988,0.0317730009555817,0.0157221537083387,153.191101074219,-85.4991,26.314,16.2029367180308,63,63,63,63,61,63,0,8048,1.18876856134864,26,-85,0.001869,51,2026-02-18 18:49:43.002003,802,1.037,0.0011,"aoml_navis",1031.20577348097
"7901009",102,0,1,0.031773,1,0.009345,1,159.226650717283,1,4.84863846822945,804,1,5.41900014877319,34.8819999694824,0.0317730009555817,0.0157221537083387,153.540893554688,-85.4991,26.314,16.2029367180308,63,63,63,63,61,63,0,8048,1.18876856134864,26,-85,0.001869,51,2026-02-18 18:49:43.002003,804,1.037,0.0011,"aoml_navis",1031.21732683563
"7901009",102,0,1,0.029904,1,0.007476,1,159.499089696932,1,4.84858981484555,806,1,5.40999984741211,34.8819999694824,0.0299040004611015,0.0141499377787113,153.803604125977,-85.4991,26.314,16.2029367180308,63,63,63,63,61,63,0,8048,1.18876856134864,26,-85,0.001869,51,2026-02-18 18:49:43.002003,806,1.037,0.0011,"aoml_navis",1031.22767463044
"7901009",102,0,1,0.029904,1,0.007476,1,159.681285341451,1,4.84853615792182,808,1,5.39900016784668,34.882999420166,0.0299040004611015,0.0141499377787113,153.979293823242,-85.4991,26.314,16.2029367180308,63,63,63,63,61,63,0,8048,1.18876856134864,26,-85,0.001869,51,2026-02-18 18:49:43.002003,808,1.037,0.0011,"aoml_navis",1031.23908683876
"7901009",102,0,1,0.029904,1,0.007476,1,159.823778982139,1,4.8484861984681,810,1,5.38800001144409,34.882999420166,0.0299040004611015,0.0141499377787113,154.11669921875,-85.4991,26.314,16.2029367180308,63,63,63,63,61,63,0,8048,1.18876856134864,26,-85,0.001869,51,2026-02-18 18:49:43.002003,810,1.037,0.0011,"aoml_navis",1031.24971286497
"7901009",102,0,1,0.033642,1,0.011214,1,159.989074770105,1,4.84844346264685,812,1,5.38800001144409,34.882999420166,0.0336420014500618,0.017294367775321,154.276092529297,-85.4991,26.314,16.2029367180308,63,63,63,63,61,63,0,8048,1.18876856134864,26,-85,0.001869,51,2026-02-18 18:49:43.002003,812,1.037,0.0011,"aoml_navis",1031.25880264888
"7901009",102,0,1,0.029904,1,0.007476,1,160.168801896251,1,4.84840138614059,814,1,5.38899993896484,34.882999420166,0.0299040004611015,0.0141499377787113,154.449401855469,-85.4991,26.314,16.2029367180308,63,63,63,63,61,63,0,8048,1.18876856134864,26,-85,0.001869,51,2026-02-18 18:49:43.002003,814,1.037,0.0011,"aoml_navis",1031.26775235499
"7901009",102,0,1,0.028035,1,0.005607,1,160.406380965801,1,4.84835734178822,816,1,5.38700008392334,34.882999420166,0.0280349999666214,0.0125777227804065,154.678497314453,-85.4991,26.314,16.2029367180308,63,63,63,63,61,63,0,8048,1.18876856134864,26,-85,0.001869,51,2026-02-18 18:49:43.002003,816,1.037,0.0011,"aoml_navis",1031.27712078992
"7901009",102,0,1,0.024297,1,0.001869,1,160.873769601561,1,4.84830935813857,818,1,5.37900018692017,34.882999420166,0.0242970008403063,0.00943329185247421,155.129196166992,-85.4991,26.314,16.2029367180308,63,63,63,63,61,63,0,8048,1.18876856134864,26,-85,0.001869,51,2026-02-18 18:49:43.002003,818,1.037,0.0011,"aoml_navis",1031.2873273251
"7901009",102,0,1,0.029904,1,0.007476,1,161.484996904046,1,4.84825875131682,820,1,5.36700010299683,34.882999420166,0.0299040004611015,0.0141499377787113,155.718597412109,-85.4991,26.314,16.2029367180308,63,63,63,63,61,63,0,8048,1.18876856134864,26,-85,0.001869,51,2026-02-18 18:49:43.002003,820,1.037,0.0011,"aoml_navis",1031.29809205046
"7901009",102,0,1,0.028035,1,0.005607,1,161.908316157317,1,4.84819396860886,822,1,5.33900022506714,34.8839988708496,0.0280349999666214,0.0125777227804065,156.126800537109,-85.4991,26.314,16.2029367180308,63,63,63,63,61,63,0,8048,1.18876856134864,26,-85,0.001869,51,2026-02-18 18:49:43.002003,822,1.037,0.0011,"aoml_navis",1031.3118724981
"7901009",102,0,1,0.035511,1,0.013083,1,162.319182051873,1,4.84813510366444,824,1,5.32000017166138,34.8849983215332,0.0355109982192516,0.0188665837049484,156.522994995117,-85.4991,26.314,16.2029367180308,63,63,63,63,61,63,0,8048,1.18876856134864,26,-85,0.001869,51,2026-02-18 18:49:43.002003,824,1.037,0.0011,"aoml_navis",1031.32439445031
"7901009",102,0,1,0.026166,1,0.003738,1,162.57035379631,1,4.84808779181297,826,1,5.31300020217896,34.8849983215332,0.0261659994721413,0.0110055068507791,156.765197753906,-85.4991,26.314,16.2029367180308,63,63,63,63,61,63,0,8048,1.18876856134864,26,-85,0.001869,51,2026-02-18 18:49:43.002003,826,1.037,0.0011,"aoml_navis",1031.3344590095
"7901009",102,0,1,0.024297,1,0.001869,1,162.924190586919,1,4.84803219763637,828,1,5.29899978637695,34.8860015869141,0.0242970008403063,0.00943329185247421,157.106399536133,-85.4991,26.314,16.2029367180308,63,63,63,63,61,63,0,8048,1.18876856134864,26,-85,0.001869,51,2026-02-18 18:49:43.002003,828,1.037,0.0011,"aoml_navis",1031.34628570283
"7901009",102,0,1,0.029904,1,0.007476,1,163.13191007846,1,4.84798423793315,830,1,5.29099988937378,34.8860015869141,0.0299040004611015,0.0141499377787113,157.306701660156,-85.4991,26.314,16.2029367180308,63,63,63,63,61,63,0,8048,1.18876856134864,26,-85,0.001869,51,2026-02-18 18:49:43.002003,830,1.037,0.0011,"aoml_navis",1031.35648851277
"7901009",102,0,1,0.026166,1,0.003738,1,163.435031475576,1,4.8479362808224,832,1,5.28299999237061,34.8860015869141,0.0261659994721413,0.0110055068507791,157.598999023438,-85.4991,26.314,16.2029367180308,63,63,63,63,61,63,0,8048,1.18876856134864,26,-85,0.001869,51,2026-02-18 18:49:43.002003,832,1.037,0.0011,"aoml_navis",1031.36669097305
"7901009",102,0,1,0.029904,1,0.007476,1,163.601165926835,1,4.84788897935401,834,1,5.27600002288818,34.8860015869141,0.0299040004611015,0.0141499377787113,157.759201049805,-85.4991,26.314,16.2029367180308,63,63,63,63,61,63,0,8048,1.18876856134864,26,-85,0.001869,51,2026-02-18 18:49:43.002003,834,1.037,0.0011,"aoml_navis",1031.37675414883
"7901009",102,0,1,0.029904,1,0.007476,1,163.848698189055,1,4.84784298606196,836,1,5.27099990844727,34.8860015869141,0.0299040004611015,0.0141499377787113,157.997894287109,-85.4991,26.314,16.2029367180308,63,63,63,63,61,63,0,8048,1.18876856134864,26,-85,0.001869,51,2026-02-18 18:49:43.002003,836,1.037,0.0011,"aoml_navis",1031.38653920424
"7901009",102,0,1,0.028035,1,0.005607,1,164.173703950977,1,4.84778481665193,838,1,5.25299978256226,34.8870010375977,0.0280349999666214,0.0125777227804065,158.311294555664,-85.4991,26.314,16.2029367180308,63,63,63,63,61,63,0,8048,1.18876856134864,26,-85,0.001869,51,2026-02-18 18:49:43.002003,838,1.037,0.0011,"aoml_navis",1031.39891499004
"7901009",102,0,1,0.031773,1,0.009345,1,164.230954588624,1,4.84773057015218,840,1,5.24100017547607,34.8880004882812,0.0317730009555817,0.0157221537083387,158.366500854492,-85.4991,26.314,16.2029367180308,63,63,63,63,61,63,0,8048,1.18876856134864,26,-85,0.001869,51,2026-02-18 18:49:43.002003,840,1.037,0.0011,"aoml_navis",1031.41045642787
"7901009",102,0,1,0.029904,1,0.007476,1,164.276274054135,1,4.84768653935695,842,1,5.23899984359741,34.8880004882812,0.0299040004611015,0.0141499377787113,158.410202026367,-85.4991,26.314,16.2029367180308,63,63,63,63,61,63,0,8048,1.18876856134864,26,-85,0.001869,51,2026-02-18 18:49:43.002003,842,1.037,0.0011,"aoml_navis",1031.41982457126
"7901009",102,0,1,0.033642,1,0.011214,1,164.346579356254,1,4.84764316297812,844,1,5.23799991607666,34.8880004882812,0.0336420014500618,0.017294367775321,158.477996826172,-85.4991,26.314,16.2029367180308,63,63,63,63,61,63,0,8048,1.18876856134864,26,-85,0.001869,51,2026-02-18 18:49:43.002003,844,1.037,0.0011,"aoml_navis",1031.42905364517
"7901009",102,0,1,0.028035,1,0.005607,1,164.390237319015,1,4.84759700098747,846.099975585938,1,5.23600006103516,34.8880004882812,0.0280349999666214,0.0125777227804065,158.520095825195,-85.4991,26.314,16.2029367180308,63,63,63,63,61,63,0,8048,1.18876856134864,26,-85,0.001869,51,2026-02-18 18:49:43.002003,846.099975585938,1.037,0.0011,"aoml_navis",1031.43887558753
"7901009",102,0,1,0.031773,1,0.009345,1,164.491351629287,1,4.847556416848,848,1,5.23600006103516,34.8880004882812,0.0317730009555817,0.0157221537083387,158.617599487305,-85.4991,26.314,16.2029367180308,63,63,63,63,61,63,0,8048,1.18876856134864,26,-85,0.001869,51,2026-02-18 18:49:43.002003,848,1.037,0.0011,"aoml_navis",1031.4475108783
"7901009",102,0,1,0.028035,1,0.005607,1,164.555026744238,1,4.84751304709637,850,1,5.2350001335144,34.8880004882812,0.0280349999666214,0.0125777227804065,158.679000854492,-85.4991,26.314,16.2029367180308,63,63,63,63,61,63,0,8048,1.18876856134864,26,-85,0.001869,51,2026-02-18 18:49:43.002003,850,1.037,0.0011,"aoml_navis",1031.45673903755
"7901009",102,0,1,0.028035,1,0.005607,1,164.711413712691,1,4.84746967955345,852,1,5.23400020599365,34.8880004882812,0.0280349999666214,0.0125777227804065,158.829803466797,-85.4991,26.314,16.2029367180308,63,63,63,63,61,63,0,8048,1.18876856134864,26,-85,0.001869,51,2026-02-18 18:49:43.002003,852,1.037,0.0011,"aoml_navis",1031.46596689195
"7901009",102,0,1,0.028035,1,0.005607,1,164.8895742791,1,4.84742500815252,854,1,5.23099994659424,34.8880004882812,0.0280349999666214,0.0125777227804065,159.001602172852,-85.4991,26.314,16.2029367180308,63,63,63,63,61,63,0,8048,1.18876856134864,26,-85,0.001869,51,2026-02-18 18:49:43.002003,854,1.037,0.0011,"aoml_navis",1031.47547235715
"7901009",102,0,1,0.031773,1,0.009345,1,165.138356624343,1,4.84737903290832,856,1,5.22599983215332,34.8880004882812,0.0317730009555817,0.0157221537083387,159.241500854492,-85.4991,26.314,16.2029367180308,63,63,63,63,61,63,0,8048,1.18876856134864,26,-85,0.001869,51,2026-02-18 18:49:43.002003,856,1.037,0.0011,"aoml_navis",1031.48525544538
"7901009",102,0,1,0.029904,1,0.007476,1,165.427790403558,1,4.84733371253578,858,1,5.22200012207031,34.8880004882812,0.0299040004611015,0.0141499377787113,159.520599365234,-85.4991,26.314,16.2029367180308,63,63,63,63,61,63,0,8048,1.18876856134864,26,-85,0.001869,51,2026-02-18 18:49:43.002003,858,1.037,0.0011,"aoml_navis",1031.49489936486
"7901009",102,0,1,0.028035,1,0.005607,1,165.794064729046,1,4.84728186812508,860,1,5.20800018310547,34.8880004882812,0.0280349999666214,0.0125777227804065,159.873794555664,-85.4991,26.314,16.2029367180308,63,63,63,63,61,63,0,8048,1.18876856134864,26,-85,0.001869,51,2026-02-18 18:49:43.002003,860,1.037,0.0011,"aoml_navis",1031.50593178399
"7901009",102,0,1,0.033642,1,0.011214,1,166.033732544912,1,4.8472256865324,862,1,5.19299983978271,34.8889999389648,0.0336420014500618,0.017294367775321,160.104904174805,-85.4991,26.314,16.2029367180308,63,63,63,63,61,63,0,8048,1.18876856134864,26,-85,0.001869,51,2026-02-18 18:49:43.002003,862,1.037,0.0011,"aoml_navis",1031.5178874159
"7901009",102,0,1,0.033642,1,0.011214,1,166.266643582924,1,4.84716998361114,864.099975585938,1,5.18200016021729,34.8899993896484,0.0336420014500618,0.017294367775321,160.329498291016,-85.4991,26.314,16.2029367180308,63,63,63,63,61,63,0,8048,1.18876856134864,26,-85,0.001869,51,2026-02-18 18:49:43.002003,864.099975585938,1.037,0.0011,"aoml_navis",1031.52974145854
"7901009",102,0,1,0.024297,1,0.001869,1,166.371698028291,1,4.84712532166624,866.099975585938,1,5.17899990081787,34.8899993896484,0.0242970008403063,0.00943329185247421,160.430801391602,-85.4991,26.314,16.2029367180308,63,63,63,63,61,63,0,8048,1.18876856134864,26,-85,0.001869,51,2026-02-18 18:49:43.002003,866.099975585938,1.037,0.0011,"aoml_navis",1031.53924608684
"7901009",102,0,1,0.028035,1,0.005607,1,166.511485793071,1,4.84708149340369,868,1,5.17399978637695,34.8899993896484,0.0280349999666214,0.0125777227804065,160.56559753418,-85.4991,26.314,16.2029367180308,63,63,63,63,61,63,0,8048,1.18876856134864,26,-85,0.001869,51,2026-02-18 18:49:43.002003,868,1.037,0.0011,"aoml_navis",1031.54857346723
"7901009",102,0,1,0.029904,1,0.007476,1,166.735582954585,1,4.84703683518261,870,1,5.1710000038147,34.8899993896484,0.0299040004611015,0.0141499377787113,160.781692504883,-85.4991,26.314,16.2029367180308,63,63,63,63,61,63,0,8048,1.18876856134864,26,-85,0.001869,51,2026-02-18 18:49:43.002003,870,1.037,0.0011,"aoml_navis",1031.55807765006
"7901009",102,0,1,0.028035,1,0.005607,1,166.905562597925,1,4.84698957300835,872,1,5.16400003433228,34.8899993896484,0.0280349999666214,0.0125777227804065,160.945602416992,-85.4991,26.314,16.2029367180308,63,63,63,63,61,63,0,8048,1.18876856134864,26,-85,0.001869,51,2026-02-18 18:49:43.002003,872,1.037,0.0011,"aoml_navis",1031.56813619813
"7901009",102,0,1,0.028035,1,0.005607,1,167.08288450104,1,4.84694101094254,874,1,5.15500020980835,34.8899993896484,0.0280349999666214,0.0125777227804065,161.116592407227,-85.4991,26.314,16.2029367180308,63,63,63,63,61,63,0,8048,1.18876856134864,26,-85,0.001869,51,2026-02-18 18:49:43.002003,874,1.037,0.0011,"aoml_navis",1031.57847159928
"7901009",102,0,1,0.029904,1,0.007476,1,167.237831500443,1,4.84689266582252,876,1,5.15199995040894,34.890998840332,0.0299040004611015,0.0141499377787113,161.266006469727,-85.4991,26.314,16.2029367180308,63,63,63,63,61,63,0,8048,1.18876856134864,26,-85,0.001869,51,2026-02-18 18:49:43.002003,876,1.037,0.0011,"aoml_navis",1031.58876103387
"7901009",102,0,1,0.031773,1,0.009345,1,167.36486525363,1,4.84684801442272,878,1,5.14900016784668,34.890998840332,0.0317730009555817,0.0157221537083387,161.38850402832,-85.4991,26.314,16.2029367180308,63,63,63,63,61,63,0,8048,1.18876856134864,26,-85,0.001869,51,2026-02-18 18:49:43.002003,878,1.037,0.0011,"aoml_navis",1031.59826450542
"7901009",102,0,1,0.031773,1,0.009345,1,167.61883781699,1,4.84680271337651,880,1,5.14499998092651,34.890998840332,0.0317730009555817,0.0157221537083387,161.633407592773,-85.4991,26.314,16.2029367180308,63,63,63,63,61,63,0,8048,1.18876856134864,26,-85,0.001869,51,2026-02-18 18:49:43.002003,880,1.037,0.0011,"aoml_navis",1031.60790642472
"7901009",102,0,1,0.031773,1,0.009345,1,167.906198673725,1,4.84675415915368,882,1,5.13600015640259,34.890998840332,0.0317730009555817,0.0157221537083387,161.910507202148,-85.4991,26.314,16.2029367180308,63,63,63,63,61,63,0,8048,1.18876856134864,26,-85,0.001869,51,2026-02-18 18:49:43.002003,882,1.037,0.0011,"aoml_navis",1031.61824095346
"7901009",102,0,1,0.028035,1,0.005607,1,168.091511613881,1,4.84669801334189,884,1,5.12099981307983,34.8919982910156,0.0280349999666214,0.0125777227804065,162.089202880859,-85.4991,26.314,16.2029367180308,63,63,63,63,61,63,0,8048,1.18876856134864,26,-85,0.001869,51,2026-02-18 18:49:43.002003,884,1.037,0.0011,"aoml_navis",1031.63019157292
"7901009",102,0,1,0.026166,1,0.003738,1,168.219589740226,1,4.8466507669654,886,1,5.11399984359741,34.8919982910156,0.0261659994721413,0.0110055068507791,162.212707519531,-85.4991,26.314,16.2029367180308,63,63,63,63,61,63,0,8048,1.18876856134864,26,-85,0.001869,51,2026-02-18 18:49:43.002003,886,1.037,0.0011,"aoml_navis",1031.64024816474
"7901009",102,0,1,0.028035,1,0.005607,1,168.237834622815,1,4.84660612353265,888,1,5.11100006103516,34.8919982910156,0.0280349999666214,0.0125777227804065,162.23030090332,-85.4991,26.314,16.2029367180308,63,63,63,63,61,63,0,8048,1.18876856134864,26,-85,0.001869,51,2026-02-18 18:49:43.002003,888,1.037,0.0011,"aoml_navis",1031.64975088909
"7901009",102,0,1,0.026166,1,0.003738,1,168.298598151993,1,4.84656213218397,890,1,5.10900020599365,34.8919982910156,0.0261659994721413,0.0110055068507791,162.28889465332,-85.4991,26.314,16.2029367180308,63,63,63,63,61,63,0,8048,1.18876856134864,26,-85,0.001869,51,2026-02-18 18:49:43.002003,890,1.037,0.0011,"aoml_navis",1031.6591149832
"7901009",102,0,1,0.028035,1,0.005607,1,168.360200344464,1,4.84651879291194,892,1,5.10799980163574,34.8919982910156,0.0280349999666214,0.0125777227804065,162.348297119141,-85.4991,26.314,16.2029367180308,63,63,63,63,61,63,0,8048,1.18876856134864,26,-85,0.001869,51,2026-02-18 18:49:43.002003,892,1.037,0.0011,"aoml_navis",1031.66834044109
"7901009",102,0,1,0.031773,1,0.009345,1,168.577983795524,1,4.84647610679213,894,1,5.10799980163574,34.8919982910156,0.0317730009555817,0.0157221537083387,162.558303833008,-85.4991,26.314,16.2029367180308,63,63,63,63,61,63,0,8048,1.18876856134864,26,-85,0.001869,51,2026-02-18 18:49:43.002003,894,1.037,0.0011,"aoml_navis",1031.67742702635
"7901009",102,0,1,0.024297,1,0.001869,1,168.78912123558,1,4.84643342323233,896,1,5.10799980163574,34.8919982910156,0.0242970008403063,0.00943329185247421,162.761901855469,-85.4991,26.314,16.2029367180308,63,63,63,63,61,63,0,8048,1.18876856134864,26,-85,0.001869,51,2026-02-18 18:49:43.002003,896,1.037,0.0011,"aoml_navis",1031.68651322672
"7901009",102,0,1,0.031773,1,0.009345,1,169.16286441153,1,4.84639182890881,898,1,5.10400009155273,34.890998840332,0.0317730009555817,0.0157221537083387,163.122299194336,-85.4991,26.314,16.2029367180308,63,63,63,63,61,63,0,8048,1.18876856134864,26,-85,0.001869,51,2026-02-18 18:49:43.002003,898,1.037,0.0011,"aoml_navis",1031.69536771148
"7901009",102,0,1,0.029904,1,0.007476,1,169.556529796655,1,4.84632419283782,900,1,5.0770001411438,34.8930015563965,0.0299040004611015,0.0141499377787113,163.501907348633,-85.4991,26.314,16.2029367180308,63,63,63,63,61,63,0,8048,1.18876856134864,26,-85,0.001869,51,2026-02-18 18:49:43.002003,900,1.037,0.0011,"aoml_navis",1031.70976621607
"7901009",102,0,1,0.028035,1,0.005607,1,169.654827464168,1,4.8462784461539,901.900024414062,1,5.06899976730347,34.8930015563965,0.0280349999666214,0.0125777227804065,163.596694946289,-85.4991,26.314,16.2029367180308,63,63,63,63,61,63,0,8048,1.18876856134864,26,-85,0.001869,51,2026-02-18 18:49:43.002003,901.900024414062,1.037,0.0011,"aoml_navis",1031.71950509119
"7901009",102,0,1,0.031773,1,0.009345,1,169.866597857654,1,4.84623103305069,904,1,5.06500005722046,34.8930015563965,0.0317730009555817,0.0157221537083387,163.800903320312,-85.4991,26.314,16.2029367180308,63,63,63,63,61,63,0,8048,1.18876856134864,26,-85,0.001869,51,2026-02-18 18:49:43.002003,904,1.037,0.0011,"aoml_navis",1031.72959891937
"7901009",102,0,1,0.029904,1,0.007476,1,170.121709737185,1,4.84618141505235,906,1,5.05999994277954,34.8940010070801,0.0299040004611015,0.0141499377787113,164.046905517578,-85.4991,26.314,16.2029367180308,63,63,63,63,61,63,0,8048,1.18876856134864,26,-85,0.001869,51,2026-02-18 18:49:43.002003,906,1.037,0.0011,"aoml_navis",1031.74016236162
"7901009",102,0,1,0.033642,1,0.011214,1,170.392582157097,1,4.84614047898595,908,1,5.05700016021729,34.8930015563965,0.0336420014500618,0.017294367775321,164.30810546875,-85.4991,26.314,16.2029367180308,63,63,63,63,61,63,0,8048,1.18876856134864,26,-85,0.001869,51,2026-02-18 18:49:43.002003,908,1.037,0.0011,"aoml_navis",1031.74887762359
"7901009",102,0,1,0.028035,1,0.005607,1,170.722350893572,1,4.84609520442297,910,1,5.05299997329712,34.8930015563965,0.0280349999666214,0.0125777227804065,164.626098632812,-85.4991,26.314,16.2029367180308,63,63,63,63,61,63,0,8048,1.18876856134864,26,-85,0.001869,51,2026-02-18 18:49:43.002003,910,1.037,0.0011,"aoml_navis",1031.75851672013
"7901009",102,0,1,0.031773,1,0.009345,1,171.180719942969,1,4.84603909959047,912,1,5.03800010681152,34.8940010070801,0.0317730009555817,0.0157221537083387,165.068099975586,-85.4991,26.314,16.2029367180308,63,63,63,63,61,63,0,8048,1.18876856134864,26,-85,0.001869,51,2026-02-18 18:49:43.002003,912,1.037,0.0011,"aoml_navis",1031.77046186494
"7901009",102,0,1,0.033642,1,0.011214,1,171.522419851579,1,4.84598040910633,914,1,5.01900005340576,34.8950004577637,0.0336420014500618,0.017294367775321,165.397598266602,-85.4991,26.314,16.2029367180308,63,63,63,63,61,63,0,8048,1.18876856134864,26,-85,0.001869,51,2026-02-18 18:49:43.002003,914,1.037,0.0011,"aoml_navis",1031.78295781061
"7901009",102,0,1,0.029904,1,0.007476,1,171.705042739662,1,4.84592801256403,916,1,5.00400018692017,34.8950004577637,0.0299040004611015,0.0141499377787113,165.573699951172,-85.4991,26.314,16.2029367180308,63,63,63,63,61,63,0,8048,1.18876856134864,26,-85,0.001869,51,2026-02-18 18:49:43.002003,916,1.037,0.0011,"aoml_navis",1031.79411395227
"7901009",102,0,1,0.031773,1,0.009345,1,171.894818001492,1,4.84587711217636,918,1,4.99700021743774,34.8959999084473,0.0317730009555817,0.0157221537083387,165.756698608398,-85.4991,26.314,16.2029367180308,63,63,63,63,61,63,0,8048,1.18876856134864,26,-85,0.001869,51,2026-02-18 18:49:43.002003,918,1.037,0.0011,"aoml_navis",1031.80495176743
"7901009",102,0,1,0.029904,1,0.007476,1,171.948745633637,1,4.84583378935444,920,1,4.99599981307983,34.8959999084473,0.0299040004611015,0.0141499377787113,165.808700561523,-85.4991,26.314,16.2029367180308,63,63,63,63,61,63,0,8048,1.18876856134864,26,-85,0.001869,51,2026-02-18 18:49:43.002003,920,1.037,0.0011,"aoml_navis",1031.81417633107
"7901009",102,0,1,0.031773,1,0.009345,1,172.094657222842,1,4.84579046904529,922,1,4.99499988555908,34.8959999084473,0.0317730009555817,0.0157221537083387,165.949401855469,-85.4991,26.314,16.2029367180308,63,63,63,63,61,63,0,8048,1.18876856134864,26,-85,0.001869,51,2026-02-18 18:49:43.002003,922,1.037,0.0011,"aoml_navis",1031.8234005246
"7901009",102,0,1,0.028035,1,0.005607,1,172.3711312806,1,4.84575084089079,924,1,4.99399995803833,34.8950004577637,0.0280349999666214,0.0125777227804065,166.216003417969,-85.4991,26.314,16.2029367180308,63,63,63,63,61,63,0,8048,1.18876856134864,26,-85,0.001869,51,2026-02-18 18:49:43.002003,924,1.037,0.0011,"aoml_navis",1031.83183869207
"7901009",102,0,1,0.029904,1,0.007476,1,172.818186287456,1,4.8457068767951,926,1,4.99200010299683,34.8950004577637,0.0299040004611015,0.0141499377787113,166.647094726562,-85.4991,26.314,16.2029367180308,63,63,63,63,61,63,0,8048,1.18876856134864,26,-85,0.001869,51,2026-02-18 18:49:43.002003,926,1.037,0.0011,"aoml_navis",1031.84120028881
"7901009",102,0,1,0.029904,1,0.007476,1,173.364599158818,1,4.84565080254804,928,1,4.97700023651123,34.8959999084473,0.0299040004611015,0.0141499377787113,167.17399597168,-85.4991,26.314,16.2029367180308,63,63,63,63,61,63,0,8048,1.18876856134864,26,-85,0.001869,51,2026-02-18 18:49:43.002003,928,1.037,0.0011,"aoml_navis",1031.85314083524
"7901009",102,0,1,0.028035,1,0.005607,1,174.033077098951,1,4.84558374444529,930,1,4.94500017166138,34.8969993591309,0.0280349999666214,0.0125777227804065,167.818603515625,-85.4991,26.314,16.2029367180308,63,63,63,63,61,63,0,8048,1.18876856134864,26,-85,0.001869,51,2026-02-18 18:49:43.002003,930,1.037,0.0011,"aoml_navis",1031.86742066562
"7901009",102,0,1,0.026166,1,0.003738,1,174.394271973171,1,4.8455346135658,932,1,4.93499994277954,34.8969993591309,0.0261659994721413,0.0110055068507791,168.166900634766,-85.4991,26.314,16.2029367180308,63,63,63,63,61,63,0,8048,1.18876856134864,26,-85,0.001869,51,2026-02-18 18:49:43.002003,932,1.037,0.0011,"aoml_navis",1031.87788319616
"7901009",102,0,1,0.029904,1,0.007476,1,174.922851381674,1,4.84548613206541,934,1,4.92600011825562,34.8969993591309,0.0299040004611015,0.0141499377787113,168.676605224609,-85.4991,26.314,16.2029367180308,63,63,63,63,61,63,0,8048,1.18876856134864,26,-85,0.001869,51,2026-02-18 18:49:43.002003,934,1.037,0.0011,"aoml_navis",1031.88820764795
"7901009",102,0,1,0.029904,1,0.007476,1,175.597120845681,1,4.84542880237656,936,1,4.90899991989136,34.8979988098145,0.0299040004611015,0.0141499377787113,169.326797485352,-85.4991,26.314,16.2029367180308,63,63,63,63,61,63,0,8048,1.18876856134864,26,-85,0.001869,51,2026-02-18 18:49:43.002003,936,1.037,0.0011,"aoml_navis",1031.90041664581
"7901009",102,0,1,0.033642,1,0.011214,1,175.960499409231,1,4.84535940770204,938,1,4.87900018692017,34.9000015258789,0.0336420014500618,0.017294367775321,169.677200317383,-85.4991,26.314,16.2029367180308,63,63,63,63,61,63,0,8048,1.18876856134864,26,-85,0.001869,51,2026-02-18 18:49:43.002003,938,1.037,0.0011,"aoml_navis",1031.9151954037
"7901009",102,0,1,0.026166,1,0.003738,1,176.210215360781,1,4.84530965586948,940,1,4.86800003051758,34.9000015258789,0.0261659994721413,0.0110055068507791,169.917999267578,-85.4991,26.314,16.2029367180308,63,63,63,63,61,63,0,8048,1.18876856134864,26,-85,0.001869,51,2026-02-18 18:49:43.002003,940,1.037,0.0011,"aoml_navis",1031.92579115003
"7901009",102,0,1,0.029904,1,0.007476,1,176.334353352031,1,4.84526312351462,942,1,4.86199998855591,34.9000015258789,0.0299040004611015,0.0141499377787113,170.037704467773,-85.4991,26.314,16.2029367180308,63,63,63,63,61,63,0,8048,1.18876856134864,26,-85,0.001869,51,2026-02-18 18:49:43.002003,942,1.037,0.0011,"aoml_navis",1031.93570143475
"7901009",102,0,1,0.031773,1,0.009345,1,176.464187924141,1,4.84521916587487,944,1,4.8600001335144,34.9000015258789,0.0317730009555817,0.0157221537083387,170.162902832031,-85.4991,26.314,16.2029367180308,63,63,63,63,61,63,0,8048,1.18876856134864,26,-85,0.001869,51,2026-02-18 18:49:43.002003,944,1.037,0.0011,"aoml_navis",1031.94506354125
"7901009",102,0,1,0.026166,1,0.003738,1,176.563735674676,1,4.8451760562415,945.900024414062,1,4.85599994659424,34.9000015258789,0.0261659994721413,0.0110055068507791,170.258895874023,-85.4991,26.314,16.2029367180308,63,63,63,63,61,63,0,8048,1.18876856134864,26,-85,0.001869,51,2026-02-18 18:49:43.002003,945.900024414062,1.037,0.0011,"aoml_navis",1031.95424520417
"7901009",102,0,1,0.029904,1,0.007476,1,176.745219246587,1,4.84512370633787,948,1,4.84999990463257,34.9010009765625,0.0299040004611015,0.0141499377787113,170.433898925781,-85.4991,26.314,16.2029367180308,63,63,63,63,61,63,0,8048,1.18876856134864,26,-85,0.001869,51,2026-02-18 18:49:43.002003,948,1.037,0.0011,"aoml_navis",1031.96539511665
"7901009",102,0,1,0.031773,1,0.009345,1,176.830145772914,1,4.84507975403507,950,1,4.84800004959106,34.9010009765625,0.0317730009555817,0.0157221537083387,170.51579284668,-85.4991,26.314,16.2029367180308,63,63,63,63,61,63,0,8048,1.18876856134864,26,-85,0.001869,51,2026-02-18 18:49:43.002003,950,1.037,0.0011,"aoml_navis",1031.97475662519
"7901009",102,0,1,0.031773,1,0.009345,1,177.014335220734,1,4.845036447038,952,1,4.84700012207031,34.9010009765625,0.0317730009555817,0.0157221537083387,170.693405151367,-85.4991,26.314,16.2029367180308,63,63,63,63,61,63,0,8048,1.18876856134864,26,-85,0.001869,51,2026-02-18 18:49:43.002003,952,1.037,0.0011,"aoml_navis",1031.98398085462
"7901009",102,0,1,0.029904,1,0.007476,1,177.216136597714,1,4.84499121155002,954,1,4.84299993515015,34.9010009765625,0.0299040004611015,0.0141499377787113,170.888000488281,-85.4991,26.314,16.2029367180308,63,63,63,63,61,63,0,8048,1.18876856134864,26,-85,0.001869,51,2026-02-18 18:49:43.002003,954,1.037,0.0011,"aoml_navis",1031.99361602152
"7901009",102,0,1,0.029904,1,0.007476,1,177.598171463582,1,4.84494404787027,956,1,4.83599996566772,34.9010009765625,0.0299040004611015,0.0141499377787113,171.256393432617,-85.4991,26.314,16.2029367180308,63,63,63,63,61,63,0,8048,1.18876856134864,26,-85,0.001869,51,2026-02-18 18:49:43.002003,956,1.037,0.0011,"aoml_navis",1032.0036620852
"7901009",102,0,1,0.029904,1,0.007476,1,177.952119021042,1,4.84489560031933,958,1,4.8270001411438,34.9010009765625,0.0299040004611015,0.0141499377787113,171.597702026367,-85.4991,26.314,16.2029367180308,63,63,63,63,61,63,0,8048,1.18876856134864,26,-85,0.001869,51,2026-02-18 18:49:43.002003,958,1.037,0.0011,"aoml_navis",1032.01398182253
"7901009",102,0,1,0.033642,1,0.011214,1,178.163050751234,1,4.84484346606986,960,1,4.81799983978271,34.9020004272461,0.0336420014500618,0.017294367775321,171.80110168457,-85.4991,26.314,16.2029367180308,63,63,63,63,61,63,0,8048,1.18876856134864,26,-85,0.001869,51,2026-02-18 18:49:43.002003,960,1.037,0.0011,"aoml_navis",1032.02508708831
"7901009",102,0,1,0.029904,1,0.007476,1,178.329074435643,1,4.84479566706773,962,1,4.80999994277954,34.9020004272461,0.0299040004611015,0.0141499377787113,171.961196899414,-85.4991,26.314,16.2029367180308,63,63,63,63,61,63,0,8048,1.18876856134864,26,-85,0.001869,51,2026-02-18 18:49:43.002003,962,1.037,0.0011,"aoml_navis",1032.03526910067
"7901009",102,0,1,0.028035,1,0.005607,1,178.558472582124,1,4.84475172582613,964,1,4.80800008773804,34.9020004272461,0.0280349999666214,0.0125777227804065,172.182403564453,-85.4991,26.314,16.2029367180308,63,63,63,63,61,63,0,8048,1.18876856134864,26,-85,0.001869,51,2026-02-18 18:49:43.002003,964,1.037,0.0011,"aoml_navis",1032.0446295207
"7901009",102,0,1,0.031773,1,0.009345,1,178.769499255331,1,4.84469959878844,966,1,4.79899978637695,34.9029998779297,0.0317730009555817,0.0157221537083387,172.385894775391,-85.4991,26.314,16.2029367180308,63,63,63,63,61,63,0,8048,1.18876856134864,26,-85,0.001869,51,2026-02-18 18:49:43.002003,966,1.037,0.0011,"aoml_navis",1032.05573390978
"7901009",102,0,1,0.031773,1,0.009345,1,178.950254930798,1,4.84465244866854,968,1,4.79199981689453,34.9029998779297,0.0317730009555817,0.0157221537083387,172.560195922852,-85.4991,26.314,16.2029367180308,63,63,63,63,61,63,0,8048,1.18876856134864,26,-85,0.001869,51,2026-02-18 18:49:43.002003,968,1.037,0.0011,"aoml_navis",1032.0657782942
"7901009",102,0,1,0.028035,1,0.005607,1,179.046384732817,1,4.84460786981758,970,1,4.78900003433228,34.9029998779297,0.0280349999666214,0.0125777227804065,172.652893066406,-85.4991,26.314,16.2029367180308,63,63,63,63,61,63,0,8048,1.18876856134864,26,-85,0.001869,51,2026-02-18 18:49:43.002003,970,1.037,0.0011,"aoml_navis",1032.07527510132
"7901009",102,0,1,0.031773,1,0.009345,1,179.23533715519,1,4.84456393512891,972,1,4.78700017929077,34.9029998779297,0.0317730009555817,0.0157221537083387,172.835098266602,-85.4991,26.314,16.2029367180308,63,63,63,63,61,63,0,8048,1.18876856134864,26,-85,0.001869,51,2026-02-18 18:49:43.002003,972,1.037,0.0011,"aoml_navis",1032.08463485103
"7901009",102,0,1,0.029904,1,0.007476,1,179.616137761872,1,4.84451871717667,974,1,4.78299999237061,34.9029998779297,0.0299040004611015,0.0141499377787113,173.202301025391,-85.4991,26.314,16.2029367180308,63,63,63,63,61,63,0,8048,1.18876856134864,26,-85,0.001869,51,2026-02-18 18:49:43.002003,974,1.037,0.0011,"aoml_navis",1032.09426816168
"7901009",102,0,1,0.028035,1,0.005607,1,180.14221700433,1,4.84447350095986,976,1,4.77899980545044,34.9029998779297,0.0280349999666214,0.0125777227804065,173.709594726562,-85.4991,26.314,16.2029367180308,63,63,63,63,61,63,0,8048,1.18876856134864,26,-85,0.001869,51,2026-02-18 18:49:43.002003,976,1.037,0.0011,"aoml_navis",1032.10390128242
"7901009",102,0,1,0.029904,1,0.007476,1,180.970088441703,1,4.84442635950046,978,1,4.77199983596802,34.9029998779297,0.0299040004611015,0.0141499377787113,174.507904052734,-85.4991,26.314,16.2029367180308,63,63,63,63,61,63,0,8048,1.18876856134864,26,-85,0.001869,51,2026-02-18 18:49:43.002003,978,1.037,0.0011,"aoml_navis",1032.11394475931
"7901009",102,99999,9,99999,9,99999,9,181.771185949033,1,4.84435622571927,979.799987792969,1,4.73400020599365,34.9049987792969,99999,99999,175.280395507812,-85.4991,26.314,16.2029367180308,63,63,63,63,61,63,0,8048,1.18876856134864,26,-85,0.001869,51,2026-02-18 18:49:43.002003,979.799987792969,1.037,0.0011,"aoml_navis",1032.12888710669
"7901009",102,0,1,0.026166,1,0.003738,1,185.106185918411,1,4.84386397022931,1000,1,4.65509986877441,34.9080009460449,0.0261659994721413,0.0110055068507791,178.496307373047,-85.4991,26.314,16.2029367180308,63,63,63,63,61,63,0,8048,1.18876856134864,26,-85,0.001869,51,2026-02-18 18:49:43.002003,1000,1.037,0.0011,"aoml_navis",1032.23377673905
"7901009",102,0,1,0.031773,1,0.009345,1,188.854013937976,1,4.84275486220864,1048.5,1,4.55980014801025,34.9119987487793,0.0317730009555817,0.0157221537083387,182.110305786133,-85.4991,26.314,16.2029367180308,63,63,63,63,61,63,0,8048,1.18876856134864,26,-85,0.001869,51,2026-02-18 18:49:43.002003,1048.5,1.037,0.0011,"aoml_navis",1032.470183246
"7901009",102,0,1,0.028035,1,0.005607,1,191.264901901112,1,4.84161809796455,1099.80004882812,1,4.50699996948242,34.9150009155273,0.0280349999666214,0.0125777227804065,184.435104370117,-85.4991,26.314,16.2029367180308,63,63,63,63,61,63,0,8048,1.18876856134864,26,-85,0.001869,51,2026-02-18 18:49:43.002003,1099.80004882812,1.037,0.0011,"aoml_navis",1032.71259707618
"7901009",102,0,1,0.031773,1,0.009345,1,193.105625415464,1,4.84051348173178,1150.09997558594,1,4.46339988708496,34.9169998168945,0.0317730009555817,0.0157221537083387,186.210098266602,-85.4991,26.314,16.2029367180308,63,63,63,63,61,63,0,8048,1.18876856134864,26,-85,0.001869,51,2026-02-18 18:49:43.002003,1150.09997558594,1.037,0.0011,"aoml_navis",1032.94826444965
"7901009",102,0,1,0.029904,1,0.007476,1,194.628606308493,1,4.83943774180373,1199.30004882812,1,4.42640018463135,34.9189987182617,0.0299040004611015,0.0141499377787113,187.678695678711,-85.4991,26.314,16.2029367180308,63,63,63,63,61,63,0,8048,1.18876856134864,26,-85,0.001869,51,2026-02-18 18:49:43.002003,1199.30004882812,1.037,0.0011,"aoml_navis",1033.17787453061
"7901009",102,0,1,0.029904,1,0.007476,1,196.515076531921,1,4.83833664102317,1250,1,4.39169979095459,34.9199981689453,0.0299040004611015,0.0141499377787113,189.497802734375,-85.4991,26.314,16.2029367180308,63,63,63,63,61,63,0,8048,1.18876856134864,26,-85,0.001869,51,2026-02-18 18:49:43.002003,1250,1.037,0.0011,"aoml_navis",1033.41300347027
"7901009",102,0,1,0.024297,1,0.001869,1,197.787297100242,1,4.83725569429052,1300.19995117188,1,4.36959981918335,34.9210014343262,0.0242970008403063,0.00943329185247421,190.724594116211,-85.4991,26.314,16.2029367180308,63,63,63,63,61,63,0,8048,1.18876856134864,26,-85,0.001869,51,2026-02-18 18:49:43.002003,1300.19995117188,1.037,0.0011,"aoml_navis",1033.64393284018
"7901009",102,0,1,0.028035,1,0.005607,1,198.842794414495,1,4.83619094481049,1349.80004882812,1,4.35069990158081,34.9220008850098,0.0280349999666214,0.0125777227804065,191.742401123047,-85.4991,26.314,16.2029367180308,63,63,63,63,61,63,0,8048,1.18876856134864,26,-85,0.001869,51,2026-02-18 18:49:43.002003,1349.80004882812,1.037,0.0011,"aoml_navis",1033.87150281262
"7901009",102,0,1,0.028035,1,0.005607,1,199.325848647622,1,4.83512542447574,1399.59997558594,1,4.33489990234375,34.9230003356934,0.0280349999666214,0.0125777227804065,192.208206176758,-85.4991,26.314,16.2029367180308,63,63,63,63,61,63,0,8048,1.18876856134864,26,-85,0.001869,51,2026-02-18 18:49:43.002003,1399.59997558594,1.037,0.0011,"aoml_navis",1034.09933787646
"7901009",102,0,1,0.033642,1,0.011214,1,200.026559741122,1,4.83407165037935,1449.30004882812,1,4.33139991760254,34.923999786377,0.0336420014500618,0.017294367775321,192.883895874023,-85.4991,26.314,16.2029367180308,63,63,63,63,61,63,0,8048,1.18876856134864,26,-85,0.001869,51,2026-02-18 18:49:43.002003,1449.30004882812,1.037,0.0011,"aoml_navis",1034.32476008245
"7901009",102,0,1,0.020559,1,-0.001869,1,200.584065121327,1,4.83301079655607,1499.5,1,4.3253002166748,34.923999786377,0.020558999851346,0.00628886139020324,193.421493530273,-85.4991,26.314,16.2029367180308,63,63,63,63,61,63,0,8048,1.18876856134864,26,-85,0.001869,51,2026-02-18 18:49:43.002003,1499.5,1.037,0.0011,"aoml_navis",1034.55179606942
"7901009",102,0,1,0.035511,1,0.013083,1,201.107153658833,1,4.83195465365847,1549.69995117188,1,4.32390022277832,34.923999786377,0.0355109982192516,0.0188665837049484,193.925903320312,-85.4991,26.314,16.2029367180308,63,63,63,63,61,63,0,8048,1.18876856134864,26,-85,0.001869,51,2026-02-18 18:49:43.002003,1549.69995117188,1.037,0.0011,"aoml_navis",1034.77792288764
"7901009",102,0,1,0.03738,1,0.014952,1,201.709772794685,1,4.83090536286805,1599,1,4.31330013275146,34.9259986877441,0.0373799987137318,0.0204387996345758,194.50700378418,-85.4991,26.314,16.2029367180308,63,63,63,63,61,63,0,8048,1.18876856134864,26,-85,0.001869,51,2026-02-18 18:49:43.002003,1599,1.037,0.0011,"aoml_navis",1035.00268053928
"7901009",102,0,1,0.031773,1,0.009345,1,202.180262902247,1,4.82984242232113,1649.5,1,4.30670022964478,34.9259986877441,0.0317730009555817,0.0157221537083387,194.960693359375,-85.4991,26.314,16.2029367180308,63,63,63,63,61,63,0,8048,1.18876856134864,26,-85,0.001869,51,2026-02-18 18:49:43.002003,1649.5,1.037,0.0011,"aoml_navis",1035.23046153483
"7901009",102,0,1,0.022428,1,0,1,202.752088853781,1,4.82881125721327,1698.59997558594,1,4.30149984359741,34.9259986877441,0.0224280003458261,0.00786107685416937,195.512100219727,-85.4991,26.314,16.2029367180308,63,63,63,63,61,63,0,8048,1.18876856134864,26,-85,0.001869,51,2026-02-18 18:49:43.002003,1698.59997558594,1.037,0.0011,"aoml_navis",1035.45152909653
"7901009",102,0,1,0.028035,1,0.005607,1,203.183082667377,1,4.82773564986894,1749.69995117188,1,4.29559993743896,34.9269981384277,0.0280349999666214,0.0125777227804065,195.927703857422,-85.4991,26.314,16.2029367180308,63,63,63,63,61,63,0,8048,1.18876856134864,26,-85,0.001869,51,2026-02-18 18:49:43.002003,1749.69995117188,1.037,0.0011,"aoml_navis",1035.68222508947
"7901009",102,0,1,0.035511,1,0.013083,1,203.441201075696,1,4.8266867553296,1799.90002441406,1,4.29360008239746,34.9269981384277,0.0355109982192516,0.0188665837049484,196.176605224609,-85.4991,26.314,16.2029367180308,63,63,63,63,61,63,0,8048,1.18876856134864,26,-85,0.001869,51,2026-02-18 18:49:43.002003,1799.90002441406,1.037,0.0011,"aoml_navis",1035.90729074743
"7901009",102,0,1,0.024297,1,0.001869,1,203.729590481754,1,4.82565108995526,1849.59997558594,1,4.29339981079102,34.9269981384277,0.0242970008403063,0.00943329185247421,196.454696655273,-85.4991,26.314,16.2029367180308,63,63,63,63,61,63,0,8048,1.18876856134864,26,-85,0.001869,51,2026-02-18 18:49:43.002003,1849.59997558594,1.037,0.0011,"aoml_navis",1036.129613765
"7901009",102,0,1,0.029904,1,0.007476,1,203.933575548064,1,4.82460392237249,1899.69995117188,1,4.29169988632202,34.9280014038086,0.0299040004611015,0.0141499377787113,196.651397705078,-85.4991,26.314,16.2029367180308,63,63,63,63,61,63,0,8048,1.18876856134864,26,-85,0.001869,51,2026-02-18 18:49:43.002003,1899.69995117188,1.037,0.0011,"aoml_navis",1036.35450297053
"7901009",102,0,1,0.033642,1,0.011214,1,204.184953002365,1,4.82357209896108,1949.59997558594,1,4.29330015182495,34.9269981384277,0.0336420014500618,0.017294367775321,196.893798828125,-85.4991,26.314,16.2029367180308,63,63,63,63,61,63,0,8048,1.18876856134864,26,-85,0.001869,51,2026-02-18 18:49:43.002003,1949.59997558594,1.037,0.0011,"aoml_navis",1036.57619237762
"7901009",102,0,1,0.029904,1,0.007476,1,203.792331990397,1,4.82251588531661,2000.40002441406,1,4.29489994049072,34.9280014038086,0.0299040004611015,0.0141499377787113,196.515197753906,-85.4991,26.314,16.2029367180308,63,63,63,63,61,63,0,8048,1.18876856134864,26,-85,0.001869,51,2026-02-18 18:49:43.002003,2000.40002441406,1.037,0.0011,"aoml_navis",1036.80322033231
"7901009",103,0.174596424030305,1,0.216804,1,0.194376,1,201.853041019642,1,4.88108055067409,2.09999990463257,1,24.7320003509521,36.2319984436035,0.216803997755051,0.182990476489067,194.645095825195,-85.6223,27.1053,23.8406168573526,63,63,63,63,61,63,0.194376,7819,1.11328740596807,27,-86,0.001869,51,2026-03-01 01:37:48.000161,2.09999990463257,1.037,0.0011,"aoml_navis",1024.36334497891
"7901009",103,0.174596424030305,1,0.216804,1,0.194376,1,201.905940118848,1,4.88103126187352,3.90000009536743,1,24.7159996032715,36.2290000915527,0.216803997755051,0.182990476489067,194.696105957031,-85.6223,27.1053,23.8406168573526,63,63,63,63,61,63,0.194376,7819,1.11328740596807,27,-86,0.001869,51,2026-03-01 01:37:48.000161,3.90000009536743,1.037,0.0011,"aoml_navis",1024.37368903079
"7901009",103,0.177954047569349,1,0.220542,1,0.198114,1,201.92553003354,1,4.88095835394578,6.5,1,24.7000007629395,36.2280006408691,0.220541998744011,0.186348095536232,194.714996337891,-85.6223,27.1053,23.8406168573526,63,63,63,63,61,63,0.198114,7819,1.11328740596807,27,-86,0.001869,51,2026-03-01 01:37:48.000161,6.5,1.037,0.0011,"aoml_navis",1024.38899032154
"7901009",103,0.172917612260783,1,0.214935,1,0.192507,1,201.801819247543,1,4.88093589657392,7.69999980926514,1,24.7040004730225,36.2290000915527,0.214935004711151,0.181311666965485,194.595703125,-85.6223,27.1053,23.8406168573526,63,63,63,63,61,63,0.192507,7819,1.11328740596807,27,-86,0.001869,51,2026-03-01 01:37:48.000161,7.69999980926514,1.037,0.0011,"aoml_navis",1024.39370357428
"7901009",103,0.174596424030305,1,0.216804,1,0.194376,1,201.85044590978,1,4.88086842173066,10,1,24.6849994659424,36.2270011901855,0.216803997755051,0.182990476489067,194.642593383789,-85.6223,27.1053,23.8406168573526,63,63,63,63,61,63,0.194376,7819,1.11328740596807,27,-86,0.001869,51,2026-03-01 01:37:48.000161,10,1.037,0.0011,"aoml_navis",1024.40786515345
"7901009",103,0.177954047569349,1,0.220542,1,0.198114,1,201.844021430487,1,4.88083385933132,12,1,24.6870002746582,36.226001739502,0.220541998744011,0.186348095536232,194.63639831543,-85.6223,27.1053,23.8406168573526,63,63,63,63,61,63,0.198114,7819,1.11328740596807,27,-86,0.001869,51,2026-03-01 01:37:48.000161,12,1.037,0.0011,"aoml_navis",1024.41511924051
"7901009",103,0.177954047569349,1,0.220542,1,0.198114,1,201.847866623758,1,4.8807877498224,14,1,24.6809997558594,36.2249984741211,0.220541998744011,0.186348095536232,194.640106201172,-85.6223,27.1053,23.8406168573526,63,63,63,63,61,63,0.198114,7819,1.11328740596807,27,-86,0.001869,51,2026-03-01 01:37:48.000161,14,1.037,0.0011,"aoml_navis",1024.42479703854
"7901009",103,0.184669294647438,1,0.228018,1,0.20559,1,201.798812717824,1,4.88073658233726,16,1,24.673999786377,36.2249984741211,0.228018000721931,0.193063348531723,194.592803955078,-85.6223,27.1053,23.8406168573526,63,63,63,63,61,63,0.20559,7819,1.11328740596807,27,-86,0.001869,51,2026-03-01 01:37:48.000161,16,1.037,0.0011,"aoml_navis",1024.43553665534
"7901009",103,0.176275235799827,1,0.218673,1,0.196245,1,201.771437473545,1,4.88070275804804,18,1,24.6790008544922,36.2249984741211,0.218673005700111,0.184669300913811,194.56640625,-85.6223,27.1053,23.8406168573526,63,63,63,63,61,63,0.196245,7819,1.11328740596807,27,-86,0.001869,51,2026-03-01 01:37:48.000161,18,1.037,0.0011,"aoml_navis",1024.44263620751
"7901009",103,0.176275235799827,1,0.218673,1,0.196245,1,201.690751710204,1,4.88066749045306,20,1,24.6830005645752,36.2249984741211,0.218673005700111,0.184669300913811,194.48860168457,-85.6223,27.1053,23.8406168573526,63,63,63,63,61,63,0.196245,7819,1.11328740596807,27,-86,0.001869,51,2026-03-01 01:37:48.000161,20,1.037,0.0011,"aoml_navis",1024.45003880727
"7901009",103,0.179632859338871,1,0.222411,1,0.199983,1,201.577706192788,1,4.88062788955484,22,1,24.6840000152588,36.2249984741211,0.222411006689072,0.188026905059814,194.379592895508,-85.6223,27.1053,23.8406168573526,63,63,63,63,61,63,0.199983,7819,1.11328740596807,27,-86,0.001869,51,2026-03-01 01:37:48.000161,22,1.037,0.0011,"aoml_navis",1024.45835108647
"7901009",103,0.184669294647438,1,0.228018,1,0.20559,1,201.476085488302,1,4.88056730705398,24,1,24.6630001068115,36.2220001220703,0.228018000721931,0.193063348531723,194.281600952148,-85.6223,27.1053,23.8406168573526,63,63,63,63,61,63,0.20559,7819,1.11328740596807,27,-86,0.001869,51,2026-03-01 01:37:48.000161,24,1.037,0.0011,"aoml_navis",1024.47106769195
"7901009",103,0.198099788803615,1,0.24297,1,0.220542,1,201.668455918766,1,4.88039133690004,26,1,24.5820007324219,36.2270011901855,0.242970004677773,0.206493854522705,194.467102050781,-85.6223,27.1053,23.8406168573526,63,63,63,63,61,63,0.220542,7819,1.11328740596807,27,-86,0.001869,51,2026-03-01 01:37:48.000161,26,1.037,0.0011,"aoml_navis",1024.50800660095
"7901009",103,0.196420977034093,1,0.241101,1,0.218673,1,201.689200973823,1,4.8803200216231,28,1,24.5659999847412,36.2290000915527,0.241100996732712,0.204815030097961,194.487106323242,-85.6223,27.1053,23.8406168573526,63,63,63,63,61,63,0.218673,7819,1.11328740596807,27,-86,0.001869,51,2026-03-01 01:37:48.000161,28,1.037,0.0011,"aoml_navis",1024.52297756021
"7901009",103,0.199778600573137,1,0.244839,1,0.222411,1,201.882599953927,1,4.88017813527135,30,1,24.5109996795654,36.2350006103516,0.244838997721672,0.208172649145126,194.673599243164,-85.6223,27.1053,23.8406168573526,63,63,63,63,61,63,0.222411,7819,1.11328740596807,27,-86,0.001869,51,2026-03-01 01:37:48.000161,30,1.037,0.0011,"aoml_navis",1024.55276455231
"7901009",103,0.223281965346448,1,0.271005,1,0.248577,1,202.08305636695,1,4.879955869534,32.0999984741211,1,24.4290008544922,36.2519989013672,0.271005004644394,0.231676012277603,194.866897583008,-85.6223,27.1053,23.8406168573526,63,63,63,63,61,63,0.248577,7819,1.11328740596807,27,-86,0.001869,51,2026-03-01 01:37:48.000161,32.0999984741211,1.037,0.0011,"aoml_navis",1024.5994295185
"7901009",103,0.233354835963581,1,0.282219,1,0.259791,1,201.966592899959,1,4.87987593412882,34.0999984741211,1,24.4220008850098,36.2599983215332,0.282218992710114,0.24174889922142,194.754592895508,-85.6223,27.1053,23.8406168573526,63,63,63,63,61,63,0.259791,7819,1.11328740596807,27,-86,0.001869,51,2026-03-01 01:37:48.000161,34.0999984741211,1.037,0.0011,"aoml_navis",1024.6162130949
"7901009",103,0.260215824275935,1,0.312123,1,0.289695,1,202.056725496152,1,4.87965642100078,35.9000015258789,1,24.3449993133545,36.2799987792969,0.312123000621796,0.268609881401062,194.841506958008,-85.6223,27.1053,23.8406168573526,63,63,63,63,61,63,0.289695,7819,1.11328740596807,27,-86,0.001869,51,2026-03-01 01:37:48.000161,35.9000015258789,1.037,0.0011,"aoml_navis",1024.66230582983
"7901009",103,0.369338589294876,1,0.433608,1,0.41118,1,201.964108556981,1,4.87930615188265,38,1,24.2159996032715,36.3139991760254,0.433607995510101,0.377732634544373,194.752197265625,-85.6223,27.1053,23.8406168573526,63,63,63,63,61,63,0.41118,7819,1.11328740596807,27,-86,0.001869,51,2026-03-01 01:37:48.000161,38,1.037,0.0011,"aoml_navis",1024.73586291993
"7901009",103,0.465030860157639,1,0.540141,1,0.517713,1,201.749648045006,1,4.87906229265177,40,1,24.1319999694824,36.3370018005371,0.540140986442566,0.473424911499023,194.545394897461,-85.6223,27.1053,23.8406168573526,63,63,63,63,61,63,0.517713,7819,1.11328740596807,27,-86,0.001869,51,2026-03-01 01:37:48.000161,40,1.037,0.0011,"aoml_navis",1024.78707999494
"7901009",103,0.480140166083339,1,0.556962,1,0.534534,1,201.623753569003,1,4.87893473779529,42,1,24.0890007019043,36.3440017700195,0.556962013244629,0.488534241914749,194.42399597168,-85.6223,27.1053,23.8406168573526,63,63,63,63,61,63,0.534534,7819,1.11328740596807,27,-86,0.001869,51,2026-03-01 01:37:48.000161,42,1.037,0.0011,"aoml_navis",1024.81387202556
"7901009",103,0.565759566328969,1,0.652281,1,0.629853,1,201.504299396134,1,4.87866090675157,44.0999984741211,1,23.9799995422363,36.3650016784668,0.652280986309052,0.57415360212326,194.308807373047,-85.6223,27.1053,23.8406168573526,63,63,63,63,61,63,0.629853,7819,1.11328740596807,27,-86,0.001869,51,2026-03-01 01:37:48.000161,44.0999984741211,1.037,0.0011,"aoml_navis",1024.87139310718
"7901009",103,0.595978178180368,1,0.685923,1,0.663495,1,201.641697804271,1,4.87837037184139,46,1,23.8560009002686,36.3860015869141,0.685922980308533,0.604372203350067,194.441299438477,-85.6223,27.1053,23.8406168573526,63,63,63,63,61,63,0.663495,7819,1.11328740596807,27,-86,0.001869,51,2026-03-01 01:37:48.000161,46,1.037,0.0011,"aoml_navis",1024.93243007146
"7901009",103,0.642984907726988,1,0.738255,1,0.715827,1,201.080046405169,1,4.8780525069798,47.9000015258789,1,23.7019996643066,36.4029998779297,0.738255023956299,0.651378929615021,193.899703979492,-85.6223,27.1053,23.8406168573526,63,63,63,63,61,63,0.715827,7819,1.11328740596807,27,-86,0.001869,51,2026-03-01 01:37:48.000161,47.9000015258789,1.037,0.0011,"aoml_navis",1024.99921697147
"7901009",103,0.767216978671629,1,0.876561,1,0.854133,1,199.975289148178,1,4.87766066462912,50,1,23.548999786377,36.439998626709,0.876560986042023,0.775610983371735,192.834396362305,-85.6223,27.1053,23.8406168573526,63,63,63,63,61,63,0.854133,7819,1.11328740596807,27,-86,0.001869,51,2026-03-01 01:37:48.000161,50,1.037,0.0011,"aoml_navis",1025.08155933397
"7901009",103,0.723567872664052,1,0.827967,1,0.805539,1,201.307150165802,1,4.87741747971451,52,1,23.42799949646,36.4490013122559,0.8279669880867,0.731961905956268,194.118698120117,-85.6223,27.1053,23.8406168573526,63,63,63,63,61,63,0.805539,7819,1.11328740596807,27,-86,0.001869,51,2026-03-01 01:37:48.000161,52,1.037,0.0011,"aoml_navis",1025.1326692446
"7901009",103,0.653057778344121,1,0.749469,1,0.727041,1,201.41489469661,1,4.87707392112958,54,1,23.2320003509521,36.4570007324219,0.749468982219696,0.661451816558838,194.222595214844,-85.6223,27.1053,23.8406168573526,63,63,63,63,61,63,0.727041,7819,1.11328740596807,27,-86,0.001869,51,2026-03-01 01:37:48.000161,54,1.037,0.0011,"aoml_navis",1025.20488326778
"7901009",103,0.809187272909683,1,0.923286,1,0.900858,1,198.116304351693,1,4.87688562488434,56,1,23.2040004730225,36.4869995117188,0.923286020755768,0.817581355571747,191.041793823242,-85.6223,27.1053,23.8406168573526,63,63,63,63,61,63,0.900858,7819,1.11328740596807,27,-86,0.001869,51,2026-03-01 01:37:48.000161,56,1.037,0.0011,"aoml_navis",1025.24446636342
"7901009",103,0.896485484924835,1,1.020474,1,0.998046,1,193.444790122734,1,4.87673625109487,58,1,23.1909999847412,36.5120010375977,1.02047395706177,0.904879510402679,186.537094116211,-85.6223,27.1053,23.8406168573526,63,63,63,63,61,63,0.998046,7819,1.11328740596807,27,-86,0.001869,51,2026-03-01 01:37:48.000161,58,1.037,0.0011,"aoml_navis",1025.27586946648
"7901009",103,0.90823716731149,1,1.033557,1,1.011129,1,188.010550951867,1,4.87666357667932,60,1,23.2019996643066,36.5250015258789,1.03355705738068,0.916631162166595,181.296905517578,-85.6223,27.1053,23.8406168573526,63,63,63,63,61,63,1.011129,7819,1.11328740596807,27,-86,0.001869,51,2026-03-01 01:37:48.000161,60,1.037,0.0011,"aoml_navis",1025.2911486268
"7901009",103,0.839405884761082,1,0.956928,1,0.9345,1,182.808067750776,1,4.87654687977752,62,1,23.2280006408691,36.5559997558594,0.956928014755249,0.847799956798553,176.280197143555,-85.6223,27.1053,23.8406168573526,63,63,63,63,61,63,0.9345,7819,1.11328740596807,27,-86,0.001869,51,2026-03-01 01:37:48.000161,62,1.037,0.0011,"aoml_navis",1025.31568408261
"7901009",103,0.715173813816442,1,0.818622,1,0.796194,1,182.941225369625,1,4.8764240516378,64,1,23.1900005340576,36.5639991760254,0.81862199306488,0.723567843437195,176.408599853516,-85.6223,27.1053,23.8406168573526,63,63,63,63,61,63,0.796194,7819,1.11328740596807,27,-86,0.001869,51,2026-03-01 01:37:48.000161,64,1.037,0.0011,"aoml_navis",1025.34150989611
"7901009",103,0.689991637273609,1,0.790587,1,0.768159,1,178.756183472963,1,4.87630746798166,66.0999984741211,1,23.1060009002686,36.5519981384277,0.79058700799942,0.698385715484619,172.373001098633,-85.6223,27.1053,23.8406168573526,63,63,63,63,61,63,0.768159,7819,1.11328740596807,27,-86,0.001869,51,2026-03-01 01:37:48.000161,66.0999984741211,1.037,0.0011,"aoml_navis",1025.36602394958
"7901009",103,0.700064507890742,1,0.801801,1,0.779373,1,178.352564770172,1,4.87617631917626,68,1,23.0499992370605,36.5559997558594,0.801801025867462,0.708458542823792,171.983795166016,-85.6223,27.1053,23.8406168573526,63,63,63,63,61,63,0.779373,7819,1.11328740596807,27,-86,0.001869,51,2026-03-01 01:37:48.000161,68,1.037,0.0011,"aoml_navis",1025.39360201902
"7901009",103,0.590941742871801,1,0.680316,1,0.657888,1,186.101167222996,1,4.87595311617116,70,1,22.9209995269775,36.556999206543,0.680315971374512,0.599335789680481,179.455703735352,-85.6223,27.1053,23.8406168573526,63,63,63,63,61,63,0.657888,7819,1.11328740596807,27,-86,0.001869,51,2026-03-01 01:37:48.000161,70,1.037,0.0011,"aoml_navis",1025.44054072576
"7901009",103,0.552329072172792,1,0.637329,1,0.614901,1,180.839059790434,1,4.8756858486975,72,1,22.7910003662109,36.5699996948242,0.63732898235321,0.560723125934601,174.381500244141,-85.6223,27.1053,23.8406168573526,63,63,63,63,61,63,0.614901,7819,1.11328740596807,27,-86,0.001869,51,2026-03-01 01:37:48.000161,72,1.037,0.0011,"aoml_navis",1025.49675166945
"7901009",103,0.480140166083339,1,0.556962,1,0.534534,1,170.498306533503,1,4.87538318658983,74,1,22.6399993896484,36.5849990844727,0.556962013244629,0.488534241914749,164.410003662109,-85.6223,27.1053,23.8406168573526,63,63,63,63,61,63,0.534534,7819,1.11328740596807,27,-86,0.001869,51,2026-03-01 01:37:48.000161,74,1.037,0.0011,"aoml_navis",1025.5604141543
"7901009",103,0.614445107645112,1,0.706482,1,0.684054,1,155.535077129707,1,4.87521859542376,76,1,22.6709995269775,36.6310005187988,0.706481993198395,0.622839152812958,149.981094360352,-85.6223,27.1053,23.8406168573526,63,63,63,63,61,63,0.684054,7819,1.11328740596807,27,-86,0.001869,51,2026-03-01 01:37:48.000161,76,1.037,0.0011,"aoml_navis",1025.59503787038
"7901009",103,0.47342491900525,1,0.549486,1,0.527058,1,150.186492408136,1,4.87505717332216,78,1,22.7409992218018,36.6910018920898,0.549485981464386,0.481818974018097,144.823501586914,-85.6223,27.1053,23.8406168573526,63,63,63,63,61,63,0.527058,7819,1.11328740596807,27,-86,0.001869,51,2026-03-01 01:37:48.000161,78,1.037,0.0011,"aoml_navis",1025.62899720676
"7901009",103,0.426418189458629,1,0.497154,1,0.474726,1,148.312680672987,1,4.87490097649787,80,1,22.7150001525879,36.7130012512207,0.497153997421265,0.434812247753143,143.0166015625,-85.6223,27.1053,23.8406168573526,63,63,63,63,61,63,0.474726,7819,1.11328740596807,27,-86,0.001869,51,2026-03-01 01:37:48.000161,80,1.037,0.0011,"aoml_navis",1025.66185941114
"7901009",103,0.371017401064398,1,0.435477,1,0.413049,1,147.26485759456,1,4.87467804215379,82,1,22.6429996490479,36.7360000610352,0.435476988554001,0.379411458969116,142.006195068359,-85.6223,27.1053,23.8406168573526,63,63,63,63,61,63,0.413049,7819,1.11328740596807,27,-86,0.001869,51,2026-03-01 01:37:48.000161,82,1.037,0.0011,"aoml_navis",1025.70876615081
"7901009",103,0.297149683205423,1,0.353241,1,0.330813,1,146.991089327927,1,4.87446702165455,84,1,22.5979995727539,36.765998840332,0.353240996599197,0.305543750524521,141.742202758789,-85.6223,27.1053,23.8406168573526,63,63,63,63,61,63,0.330813,7819,1.11328740596807,27,-86,0.001869,51,2026-03-01 01:37:48.000161,84,1.037,0.0011,"aoml_navis",1025.75317009794
"7901009",103,0.253500577197847,1,0.304647,1,0.282219,1,146.760662560764,1,4.87429627937519,86,1,22.5849990844727,36.7970008850098,0.304646998643875,0.261894643306732,141.520004272461,-85.6223,27.1053,23.8406168573526,63,63,63,63,61,63,0.282219,7819,1.11328740596807,27,-86,0.001869,51,2026-03-01 01:37:48.000161,86,1.037,0.0011,"aoml_navis",1025.78910132252
"7901009",103,0.193063353495049,1,0.237363,1,0.214935,1,146.939028892275,1,4.87412865609458,88,1,22.5400009155273,36.814998626709,0.237362995743752,0.201457411050797,141.692001342773,-85.6223,27.1053,23.8406168573526,63,63,63,63,61,63,0.214935,7819,1.11328740596807,27,-86,0.001869,51,2026-03-01 01:37:48.000161,88,1.037,0.0011,"aoml_navis",1025.82437862982
"7901009",103,0.157808306335083,1,0.198114,1,0.175686,1,148.860755216833,1,4.8738056644095,90,1,22.2830009460449,36.7960014343262,0.198113992810249,0.16620235145092,143.545104980469,-85.6223,27.1053,23.8406168573526,63,63,63,63,61,63,0.175686,7819,1.11328740596807,27,-86,0.001869,51,2026-03-01 01:37:48.000161,90,1.037,0.0011,"aoml_navis",1025.89236097615
"7901009",103,0.156129494565561,1,0.196245,1,0.173817,1,153.895853831805,1,4.8735031009545,92,1,21.9829998016357,36.7560005187988,0.19624499976635,0.164523556828499,148.400405883789,-85.6223,27.1053,23.8406168573526,63,63,63,63,61,63,0.173817,7819,1.11328740596807,27,-86,0.001869,51,2026-03-01 01:37:48.000161,92,1.037,0.0011,"aoml_navis",1025.9560518225
"7901009",103,0.156129494565561,1,0.196245,1,0.173817,1,156.797566430036,1,4.87330770264429,94,1,21.7199993133545,36.701000213623,0.19624499976635,0.164523556828499,151.198501586914,-85.6223,27.1053,23.8406168573526,63,63,63,63,61,63,0.173817,7819,1.11328740596807,27,-86,0.001869,51,2026-03-01 01:37:48.000161,94,1.037,0.0011,"aoml_navis",1025.99718816995
"7901009",103,0.132626129792251,1,0.170079,1,0.147651,1,153.725984902709,1,4.8732100117657,96,1,21.7019996643066,36.7099990844727,0.170078992843628,0.141020178794861,148.236602783203,-85.6223,27.1053,23.8406168573526,63,63,63,63,61,63,0.147651,7819,1.11328740596807,27,-86,0.001869,51,2026-03-01 01:37:48.000161,96,1.037,0.0011,"aoml_navis",1026.01775583818
"7901009",103,0.130947318022729,1,0.16821,1,0.145782,1,149.755814937878,1,4.87309708660391,98,1,21.67799949646,36.7210006713867,0.168209999799728,0.139341369271278,144.408203125,-85.6223,27.1053,23.8406168573526,63,63,63,63,61,63,0.145782,7819,1.11328740596807,27,-86,0.001869,51,2026-03-01 01:37:48.000161,98,1.037,0.0011,"aoml_navis",1026.04153193355
"7901009",103,0.0872982120151525,1,0.119616,1,0.097188,1,146.586853495352,1,4.87279003192062,100,1,21.6790008544922,36.7949981689453,0.119616001844406,0.0956922620534897,141.352401733398,-85.6223,27.1053,23.8406168573526,63,63,63,63,61,63,0.097188,7819,1.11328740596807,27,-86,0.001869,51,2026-03-01 01:37:48.000161,100,1.037,0.0011,"aoml_navis",1026.1061870604
"7901009",103,0.0705100943199309,1,0.100926,1,0.078498,1,146.902729001884,1,4.87256876566495,102,1,21.5900001525879,36.8120002746582,0.100925996899605,0.0789041519165039,141.656997680664,-85.6223,27.1053,23.8406168573526,63,63,63,63,61,63,0.078498,7819,1.11328740596807,27,-86,0.001869,51,2026-03-01 01:37:48.000161,102,1.037,0.0011,"aoml_navis",1026.15278315475
"7901009",103,0.0671524707808865,1,0.097188,1,0.07476,1,147.039826757049,1,4.87246468610858,104,1,21.5209999084473,36.8040008544922,0.0971880033612251,0.0755465254187584,141.789199829102,-85.6223,27.1053,23.8406168573526,63,63,63,63,61,63,0.07476,7819,1.11328740596807,27,-86,0.001869,51,2026-03-01 01:37:48.000161,104,1.037,0.0011,"aoml_navis",1026.17470255968
"7901009",103,0.06211603547232,1,0.091581,1,0.069153,1,147.220060301754,1,4.87231061163834,106,1,21.3759994506836,36.7820014953613,0.0915810018777847,0.0705100893974304,141.962997436523,-85.6223,27.1053,23.8406168573526,63,63,63,63,61,63,0.069153,7819,1.11328740596807,27,-86,0.001869,51,2026-03-01 01:37:48.000161,106,1.037,0.0011,"aoml_navis",1026.20715273297
"7901009",103,0.06211603547232,1,0.091581,1,0.069153,1,147.239254620431,1,4.87216744444854,108,1,21.318000793457,36.7890014648438,0.0915810018777847,0.0705100893974304,141.981506347656,-85.6223,27.1053,23.8406168573526,63,63,63,63,61,63,0.069153,7819,1.11328740596807,27,-86,0.001869,51,2026-03-01 01:37:48.000161,108,1.037,0.0011,"aoml_navis",1026.23730752462
"7901009",103,0.0520431648551871,1,0.080367,1,0.057939,1,147.089497792767,1,4.8720575467636,110,1,21.2549991607666,36.7849998474121,0.0803669989109039,0.0604372248053551,141.837097167969,-85.6223,27.1053,23.8406168573526,63,63,63,63,61,63,0.057939,7819,1.11328740596807,27,-86,0.001869,51,2026-03-01 01:37:48.000161,110,1.037,0.0011,"aoml_navis",1026.26045608213
"7901009",103,0.0587584119332757,1,0.087843,1,0.065415,1,146.773938763047,1,4.87197908126112,112,1,21.2129993438721,36.7799987792969,0.0878430008888245,0.0671524703502655,141.532806396484,-85.6223,27.1053,23.8406168573526,63,63,63,63,61,63,0.065415,7819,1.11328740596807,27,-86,0.001869,51,2026-03-01 01:37:48.000161,112,1.037,0.0011,"aoml_navis",1026.27698448692
"7901009",103,0.0554007883942314,1,0.084105,1,0.061677,1,146.66442196209,1,4.87183753328473,114,1,21.1009998321533,36.7669982910156,0.0841049998998642,0.0637948513031006,141.427200317383,-85.6223,27.1053,23.8406168573526,63,63,63,63,61,63,0.061677,7819,1.11328740596807,27,-86,0.001869,51,2026-03-01 01:37:48.000161,114,1.037,0.0011,"aoml_navis",1026.3068022773
"7901009",103,0.0470067295466206,1,0.07476,1,0.052332,1,146.351236508463,1,4.87170657339565,116,1,21.0049991607666,36.7569999694824,0.0747599974274635,0.0554007887840271,141.125198364258,-85.6223,27.1053,23.8406168573526,63,63,63,63,61,63,0.052332,7819,1.11328740596807,27,-86,0.001869,51,2026-03-01 01:37:48.000161,116,1.037,0.0011,"aoml_navis",1026.3343911772
"7901009",103,0.0470067295466206,1,0.07476,1,0.052332,1,146.002178408143,1,4.87158280815689,118,1,20.9169998168945,36.7480010986328,0.0747599974274635,0.0554007887840271,140.788604736328,-85.6223,27.1053,23.8406168573526,63,63,63,63,61,63,0.052332,7819,1.11328740596807,27,-86,0.001869,51,2026-03-01 01:37:48.000161,118,1.037,0.0011,"aoml_navis",1026.3604657665
"7901009",103,0.0486855413161427,1,0.076629,1,0.054201,1,145.193390266179,1,4.87147179187564,120,1,20.8330001831055,36.7369995117188,0.0766289979219437,0.0570795983076096,140.008697509766,-85.6223,27.1053,23.8406168573526,63,63,63,63,61,63,0.054201,7819,1.11328740596807,27,-86,0.001869,51,2026-03-01 01:37:48.000161,120,1.037,0.0011,"aoml_navis",1026.38385556059
"7901009",103,0.0520431648551871,1,0.080367,1,0.057939,1,144.245336502885,1,4.87124018684405,122,1,20.6280002593994,36.7159996032715,0.0803669989109039,0.0604372248053551,139.094497680664,-85.6223,27.1053,23.8406168573526,63,63,63,63,61,63,0.057939,7819,1.11328740596807,27,-86,0.001869,51,2026-03-01 01:37:48.000161,122,1.037,0.0011,"aoml_navis",1026.43265538491
"7901009",103,0.0470067295466206,1,0.07476,1,0.052332,1,143.700379255642,1,4.87104599710261,124,1,20.4619998931885,36.6990013122559,0.0747599974274635,0.0554007887840271,138.569000244141,-85.6223,27.1053,23.8406168573526,63,63,63,63,61,63,0.052332,7819,1.11328740596807,27,-86,0.001869,51,2026-03-01 01:37:48.000161,124,1.037,0.0011,"aoml_navis",1026.47357528016
"7901009",103,0.0419702942380541,1,0.069153,1,0.046725,1,142.289288268014,1,4.87091486241163,126,1,20.3640003204346,36.6889991760254,0.0691530033946037,0.0503643527626991,137.208297729492,-85.6223,27.1053,23.8406168573526,63,63,63,63,61,63,0.046725,7819,1.11328740596807,27,-86,0.001869,51,2026-03-01 01:37:48.000161,126,1.037,0.0011,"aoml_navis",1026.50120998511
"7901009",103,0.0402914824685319,1,0.067284,1,0.044856,1,139.2139723143,1,4.87075970352016,128,1,20.2299995422363,36.6730003356934,0.0672840029001236,0.0486855395138264,134.242797851562,-85.6223,27.1053,23.8406168573526,63,63,63,63,61,63,0.044856,7819,1.11328740596807,27,-86,0.001869,51,2026-03-01 01:37:48.000161,128,1.037,0.0011,"aoml_navis",1026.53390935842
"7901009",103,0.0587584119332757,1,0.087843,1,0.065415,1,134.963182359846,1,4.8705980303014,130,1,20.0419998168945,36.6399993896484,0.0878430008888245,0.0671524703502655,130.143798828125,-85.6223,27.1053,23.8406168573526,63,63,63,63,61,63,0.065415,7819,1.11328740596807,27,-86,0.001869,51,2026-03-01 01:37:48.000161,130,1.037,0.0011,"aoml_navis",1026.56798382736
"7901009",103,0.0637948472418422,1,0.09345,1,0.071022,1,132.166722037525,1,4.87036319971682,132,1,19.7719993591309,36.5989990234375,0.0934500023722649,0.0721888989210129,127.447196960449,-85.6223,27.1053,23.8406168573526,63,63,63,63,61,63,0.071022,7819,1.11328740596807,27,-86,0.001869,51,2026-03-01 01:37:48.000161,132,1.037,0.0011,"aoml_navis",1026.61748107219
"7901009",103,0.0604372237027979,1,0.089712,1,0.067284,1,130.975178926632,1,4.87016923091185,134,1,19.5669994354248,36.5699996948242,0.0897120013833046,0.068831279873848,126.298202514648,-85.6223,27.1053,23.8406168573526,63,63,63,63,61,63,0.067284,7819,1.11328740596807,27,-86,0.001869,51,2026-03-01 01:37:48.000161,134,1.037,0.0011,"aoml_navis",1026.65836913101
"7901009",103,0.0604372237027979,1,0.089712,1,0.067284,1,130.658156191654,1,4.86997119827827,136,1,19.3689994812012,36.5449981689453,0.0897120013833046,0.068831279873848,125.992500305176,-85.6223,27.1053,23.8406168573526,63,63,63,63,61,63,0.067284,7819,1.11328740596807,27,-86,0.001869,51,2026-03-01 01:37:48.000161,136,1.037,0.0011,"aoml_navis",1026.70011719324
"7901009",103,0.0570796001637536,1,0.085974,1,0.063546,1,130.622172778076,1,4.86986280666702,138,1,19.2830009460449,36.5340003967285,0.0859740003943443,0.065473660826683,125.957801818848,-85.6223,27.1053,23.8406168573526,63,63,63,63,61,63,0.063546,7819,1.11328740596807,27,-86,0.001869,51,2026-03-01 01:37:48.000161,138,1.037,0.0011,"aoml_navis",1026.72296910599
"7901009",103,0.0570796001637536,1,0.085974,1,0.063546,1,130.713737431846,1,4.86977470756079,140,1,19.2189998626709,36.5250015258789,0.0859740003943443,0.065473660826683,126.046096801758,-85.6223,27.1053,23.8406168573526,63,63,63,63,61,63,0.063546,7819,1.11328740596807,27,-86,0.001869,51,2026-03-01 01:37:48.000161,140,1.037,0.0011,"aoml_navis",1026.74154355375
"7901009",103,0.0470067295466206,1,0.07476,1,0.052332,1,131.047042898825,1,4.8696509426381,142,1,19.1259994506836,36.515998840332,0.0747599974274635,0.0554007887840271,126.367500305176,-85.6223,27.1053,23.8406168573526,63,63,63,63,61,63,0.052332,7819,1.11328740596807,27,-86,0.001869,51,2026-03-01 01:37:48.000161,142,1.037,0.0011,"aoml_navis",1026.76763876864
"7901009",103,0.0419702942380541,1,0.069153,1,0.046725,1,131.262120540584,1,4.86955114001857,144,1,19.0610008239746,36.5099983215332,0.0691530033946037,0.0503643527626991,126.574897766113,-85.6223,27.1053,23.8406168573526,63,63,63,63,61,63,0.046725,7819,1.11328740596807,27,-86,0.001869,51,2026-03-01 01:37:48.000161,144,1.037,0.0011,"aoml_navis",1026.78868261787
"7901009",103,0.0402914824685319,1,0.067284,1,0.044856,1,131.553943809368,1,4.8694787002359,146,1,19.0240001678467,36.5060005187988,0.0672840029001236,0.0486855395138264,126.856300354004,-85.6223,27.1053,23.8406168573526,63,63,63,63,61,63,0.044856,7819,1.11328740596807,27,-86,0.001869,51,2026-03-01 01:37:48.000161,146,1.037,0.0011,"aoml_navis",1026.80395742521
"7901009",103,0.0386126706990098,1,0.065415,1,0.042987,1,132.141008296511,1,4.86939389764929,148,1,18.9710006713867,36.5,0.0654150024056435,0.0470067262649536,127.422401428223,-85.6223,27.1053,23.8406168573526,63,63,63,63,61,63,0.042987,7819,1.11328740596807,27,-86,0.001869,51,2026-03-01 01:37:48.000161,148,1.037,0.0011,"aoml_navis",1026.82183965724
"7901009",103,0.0335762353904433,1,0.059808,1,0.03738,1,132.995424482914,1,4.86931902013271,150,1,18.9260005950928,36.4939994812012,0.0598080009222031,0.0419702939689159,128.246307373047,-85.6223,27.1053,23.8406168573526,63,63,63,63,61,63,0.03738,7819,1.11328740596807,27,-86,0.001869,51,2026-03-01 01:37:48.000161,150,1.037,0.0011,"aoml_navis",1026.837629518
"7901009",103,0.0302186118513989,1,0.05607,1,0.033642,1,134.521507320355,1,4.86916664323218,152,1,18.7880001068115,36.4780006408691,0.0560699999332428,0.0386126711964607,129.717895507812,-85.6223,27.1053,23.8406168573526,63,63,63,63,61,63,0.033642,7819,1.11328740596807,27,-86,0.001869,51,2026-03-01 01:37:48.000161,152,1.037,0.0011,"aoml_navis",1026.86976362776
"7901009",103,0.0251821765428324,1,0.050463,1,0.028035,1,137.040979224477,1,4.86893363000475,154,1,18.5830001831055,36.4620018005371,0.0504629984498024,0.0335762351751328,132.147399902344,-85.6223,27.1053,23.8406168573526,63,63,63,63,61,63,0.028035,7819,1.11328740596807,27,-86,0.001869,51,2026-03-01 01:37:48.000161,154,1.037,0.0011,"aoml_navis",1026.91890667549
"7901009",103,0.0218245530037881,1,0.046725,1,0.024297,1,138.297866885225,1,4.86883037481451,156,1,18.5200004577637,36.4580001831055,0.0467250011861324,0.0302186124026775,133.359405517578,-85.6223,27.1053,23.8406168573526,63,63,63,63,61,63,0.024297,7819,1.11328740596807,27,-86,0.001869,51,2026-03-01 01:37:48.000161,156,1.037,0.0011,"aoml_navis",1026.94068494643
"7901009",103,0.0184669294647438,1,0.042987,1,0.020559,1,139.592288695934,1,4.86873090662599,158,1,18.4389991760254,36.4469985961914,0.0429870001971722,0.0268609877675772,134.607604980469,-85.6223,27.1053,23.8406168573526,63,63,63,63,61,63,0.020559,7819,1.11328740596807,27,-86,0.001869,51,2026-03-01 01:37:48.000161,158,1.037,0.0011,"aoml_navis",1026.96166534802
"7901009",103,0.00671524707808865,1,0.029904,1,0.007476,1,141.198535109975,1,4.86860997338424,160,1,18.3490009307861,36.4389991760254,0.0299040004611015,0.0151093062013388,136.156494140625,-85.6223,27.1053,23.8406168573526,63,63,63,63,61,63,0.007476,7819,1.11328740596807,27,-86,0.001869,51,2026-03-01 01:37:48.000161,160,1.037,0.0011,"aoml_navis",1026.98717443665
"7901009",103,0.00839405884761082,1,0.031773,1,0.009345,1,142.32672747493,1,4.8685181255829,162,1,18.2919998168945,36.4339981079102,0.0317730009555817,0.0167881175875664,137.244400024414,-85.6223,27.1053,23.8406168573526,63,63,63,63,61,63,0.009345,7819,1.11328740596807,27,-86,0.001869,51,2026-03-01 01:37:48.000161,162,1.037,0.0011,"aoml_navis",1027.00654922618
"7901009",103,0.00671524707808865,1,0.029904,1,0.007476,1,143.226138752146,1,4.86841934628852,164,1,18.2140007019043,36.423999786377,0.0299040004611015,0.0151093062013388,138.111694335938,-85.6223,27.1053,23.8406168573526,63,63,63,63,61,63,0.007476,7819,1.11328740596807,27,-86,0.001869,51,2026-03-01 01:37:48.000161,164,1.037,0.0011,"aoml_navis",1027.027386992
"7901009",103,0.00503643530856649,1,0.028035,1,0.005607,1,145.357562612651,1,4.86835410010032,166,1,18.181999206543,36.4199981689453,0.0280349999666214,0.0134304938837886,140.167007446289,-85.6223,27.1053,23.8406168573526,63,63,63,63,61,63,0.005607,7819,1.11328740596807,27,-86,0.001869,51,2026-03-01 01:37:48.000161,166,1.037,0.0011,"aoml_navis",1027.0411513199
"7901009",103,0.00503643530856649,1,0.028035,1,0.005607,1,148.931060540725,1,4.86827557316908,168,1,18.1509990692139,36.4199981689453,0.0280349999666214,0.0134304938837886,143.612899780273,-85.6223,27.1053,23.8406168573526,63,63,63,63,61,63,0.005607,7819,1.11328740596807,27,-86,0.001869,51,2026-03-01 01:37:48.000161,168,1.037,0.0011,"aoml_navis",1027.05771784098
"7901009",103,-0.00671524707808865,1,0.014952,1,-0.007476,1,149.802068024021,1,4.86816476632016,170,1,18.0960006713867,36.4210014343262,0.0149520002305508,0.00167881173547357,144.45280456543,-85.6223,27.1053,23.8406168573526,63,63,63,63,61,63,-0.007476,7819,1.11328740596807,27,-86,0.001869,51,2026-03-01 01:37:48.000161,170,1.037,0.0011,"aoml_navis",1027.08109523982
"7901009",103,-0.00503643530856649,1,0.016821,1,-0.005607,1,149.356975034955,1,4.86807368733745,172,1,18.0270004272461,36.4119987487793,0.0168210007250309,0.00335762347094715,144.02360534668,-85.6223,27.1053,23.8406168573526,63,63,63,63,61,63,-0.005607,7819,1.11328740596807,27,-86,0.001869,51,2026-03-01 01:37:48.000161,172,1.037,0.0011,"aoml_navis",1027.10031136252
"7901009",103,0,1,0.022428,1,0,1,148.961758791535,1,4.86798409032955,174,1,17.9529991149902,36.4010009765625,0.0224280003458261,0.00839405879378319,143.642501831055,-85.6223,27.1053,23.8406168573526,63,63,63,63,61,63,0,7819,1.11328740596807,27,-86,0.001869,51,2026-03-01 01:37:48.000161,174,1.037,0.0011,"aoml_navis",1027.11921551525
"7901009",103,-0.00167881176952216,1,0.020559,1,-0.001869,1,148.812429207568,1,4.86792991301676,176,1,17.9270000457764,36.3959999084473,0.020558999851346,0.00671524694189429,143.498504638672,-85.6223,27.1053,23.8406168573526,63,63,63,63,61,63,-0.001869,7819,1.11328740596807,27,-86,0.001869,51,2026-03-01 01:37:48.000161,176,1.037,0.0011,"aoml_navis",1027.13064677248
"7901009",103,-0.00335762353904433,1,0.01869,1,-0.003738,1,148.574011400889,1,4.86789098313049,178,1,17.9230003356934,36.3940010070801,0.0186899993568659,0.0050364350900054,143.268600463867,-85.6223,27.1053,23.8406168573526,63,63,63,63,61,63,-0.003738,7819,1.11328740596807,27,-86,0.001869,51,2026-03-01 01:37:48.000161,178,1.037,0.0011,"aoml_navis",1027.13886102366
"7901009",103,-0.010072870617133,1,0.011214,1,-0.011214,1,148.457247280926,1,4.86783313863846,180,1,17.8999996185303,36.390998840332,0.0112140001729131,-0.00167881173547357,143.156005859375,-85.6223,27.1053,23.8406168573526,63,63,63,63,61,63,-0.011214,7819,1.11328740596807,27,-86,0.001869,51,2026-03-01 01:37:48.000161,180,1.037,0.0011,"aoml_navis",1027.15106652125
"7901009",103,-0.00167881176952216,1,0.020559,1,-0.001869,1,148.263215347197,1,4.86776374147001,182,1,17.8549995422363,36.3839988708496,0.020558999851346,0.00671524694189429,142.968902587891,-85.6223,27.1053,23.8406168573526,63,63,63,63,61,63,-0.001869,7819,1.11328740596807,27,-86,0.001869,51,2026-03-01 01:37:48.000161,182,1.037,0.0011,"aoml_navis",1027.16571007821
"7901009",103,0,1,0.014952,1,-0.007476,1,148.12807974827,1,4.86770389061162,184,1,17.818000793457,36.3769989013672,0.0149520002305508,0.00167881173547357,142.838592529297,-85.6223,27.1053,23.8406168573526,63,63,63,63,61,63,0,7819,1.11328740596807,27,-86,0.001869,51,2026-03-01 01:37:48.000161,184,1.037,0.0011,"aoml_navis",1027.1783395953
"7901009",103,0,1,0.020559,1,-0.001869,1,147.917670139495,1,4.86763218903713,186,1,17.7740001678467,36.3709983825684,0.020558999851346,0.00671524694189429,142.635696411133,-85.6223,27.1053,23.8406168573526,63,63,63,63,61,63,0,7819,1.11328740596807,27,-86,0.001869,51,2026-03-01 01:37:48.000161,186,1.037,0.0011,"aoml_navis",1027.19347021761
"7901009",103,0,1,0.013083,1,-0.009345,1,147.800589542719,1,4.86755628567879,188,1,17.7110004425049,36.3600006103516,0.0130829997360706,0,142.522796630859,-85.6223,27.1053,23.8406168573526,63,63,63,63,61,63,0,7819,1.11328740596807,27,-86,0.001869,51,2026-03-01 01:37:48.000161,188,1.037,0.0011,"aoml_navis",1027.20948799521
"7901009",103,0,1,0.020559,1,-0.001869,1,147.658111681743,1,4.86746898639127,190,1,17.6319999694824,36.3470001220703,0.020558999851346,0.00671524694189429,142.385406494141,-85.6223,27.1053,23.8406168573526,63,63,63,63,61,63,0,7819,1.11328740596807,27,-86,0.001869,51,2026-03-01 01:37:48.000161,190,1.037,0.0011,"aoml_navis",1027.22791125722
"7901009",103,0,1,0.01869,1,-0.003738,1,147.447179886227,1,4.8673634036625,192,1,17.5310001373291,36.3320007324219,0.0186899993568659,0.0050364350900054,142.182006835938,-85.6223,27.1053,23.8406168573526,63,63,63,63,61,63,0,7819,1.11328740596807,27,-86,0.001869,51,2026-03-01 01:37:48.000161,192,1.037,0.0011,"aoml_navis",1027.25019386013
"7901009",103,0,1,0.01869,1,-0.003738,1,147.498923845067,1,4.86727666284574,193.899993896484,1,17.4440002441406,36.3170013427734,0.0186899993568659,0.0050364350900054,142.231903076172,-85.6223,27.1053,23.8406168573526,63,63,63,63,61,63,0,7819,1.11328740596807,27,-86,0.001869,51,2026-03-01 01:37:48.000161,193.899993896484,1.037,0.0011,"aoml_navis",1027.26850071363
"7901009",103,0,1,0.014952,1,-0.007476,1,147.536980181767,1,4.86719797274185,196,1,17.3889999389648,36.3089981079102,0.0149520002305508,0.00167881173547357,142.268600463867,-85.6223,27.1053,23.8406168573526,63,63,63,63,61,63,0,7819,1.11328740596807,27,-86,0.001869,51,2026-03-01 01:37:48.000161,196,1.037,0.0011,"aoml_navis",1027.28510900972
"7901009",103,0,1,0.016821,1,-0.005607,1,146.778290319219,1,4.86709208066874,198,1,17.2900009155273,36.2949981689453,0.0168210007250309,0.00335762347094715,141.537002563477,-85.6223,27.1053,23.8406168573526,63,63,63,63,61,63,0,7819,1.11328740596807,27,-86,0.001869,51,2026-03-01 01:37:48.000161,198,1.037,0.0011,"aoml_navis",1027.30745938815
"7901009",103,0,1,0.024297,1,0.001869,1,144.442485733217,1,4.86699237531179,200,1,17.1959991455078,36.2809982299805,0.0242970008403063,0.0100728701800108,139.284606933594,-85.6223,27.1053,23.8406168573526,63,63,63,63,61,63,0,7819,1.11328740596807,27,-86,0.001869,51,2026-03-01 01:37:48.000161,200,1.037,0.0011,"aoml_navis",1027.32850484067
"7901009",103,0,1,0.016821,1,-0.005607,1,141.717367196348,1,4.86692965349779,202,1,17.1399993896484,36.2690010070801,0.0168210007250309,0.00335762347094715,136.656799316406,-85.6223,27.1053,23.8406168573526,63,63,63,63,61,63,0,7819,1.11328740596807,27,-86,0.001869,51,2026-03-01 01:37:48.000161,202,1.037,0.0011,"aoml_navis",1027.34174438017
"7901009",103,0,1,0.01869,1,-0.003738,1,137.85204599949,1,4.86687233488064,204,1,17.0979995727539,36.2599983215332,0.0186899993568659,0.0050364350900054,132.929504394531,-85.6223,27.1053,23.8406168573526,63,63,63,63,61,63,0,7819,1.11328740596807,27,-86,0.001869,51,2026-03-01 01:37:48.000161,204,1.037,0.0011,"aoml_navis",1027.35384369244
"7901009",103,0,1,0.01869,1,-0.003738,1,134.008498407331,1,4.86677979219423,206,1,16.9780006408691,36.2360000610352,0.0186899993568659,0.0050364350900054,129.223205566406,-85.6223,27.1053,23.8406168573526,63,63,63,63,61,63,0,7819,1.11328740596807,27,-86,0.001869,51,2026-03-01 01:37:48.000161,206,1.037,0.0011,"aoml_navis",1027.37337900914
"7901009",103,0,1,0.01869,1,-0.003738,1,131.99665531042,1,4.86671891437047,208,1,16.9200000762939,36.2229995727539,0.0186899993568659,0.0050364350900054,127.283203125,-85.6223,27.1053,23.8406168573526,63,63,63,63,61,63,0,7819,1.11328740596807,27,-86,0.001869,51,2026-03-01 01:37:48.000161,208,1.037,0.0011,"aoml_navis",1027.38623043052
"7901009",103,0,1,0.020559,1,-0.001869,1,131.641987658599,1,4.86664517388778,210,1,16.8570003509521,36.2120018005371,0.020558999851346,0.00671524694189429,126.941200256348,-85.6223,27.1053,23.8406168573526,63,63,63,63,61,63,0,7819,1.11328740596807,27,-86,0.001869,51,2026-03-01 01:37:48.000161,210,1.037,0.0011,"aoml_navis",1027.40179761363
"7901009",103,0,1,0.01869,1,-0.003738,1,131.25340951632,1,4.86658624640543,212,1,16.8099994659424,36.2019996643066,0.0186899993568659,0.0050364350900054,126.566497802734,-85.6223,27.1053,23.8406168573526,63,63,63,63,61,63,0,7819,1.11328740596807,27,-86,0.001869,51,2026-03-01 01:37:48.000161,212,1.037,0.0011,"aoml_navis",1027.41423799755
"7901009",103,0,1,0.024297,1,0.001869,1,130.989903010333,1,4.86647174572443,214,1,16.6949996948242,36.1860008239746,0.0242970008403063,0.0100728701800108,126.312400817871,-85.6223,27.1053,23.8406168573526,63,63,63,63,61,63,0,7819,1.11328740596807,27,-86,0.001869,51,2026-03-01 01:37:48.000161,214,1.037,0.0011,"aoml_navis",1027.43841149245
"7901009",103,0,1,0.022428,1,0,1,130.43685186861,1,4.86639087632417,216,1,16.6219997406006,36.173999786377,0.0224280003458261,0.00839405879378319,125.779098510742,-85.6223,27.1053,23.8406168573526,63,63,63,63,61,63,0,7819,1.11328740596807,27,-86,0.001869,51,2026-03-01 01:37:48.000161,216,1.037,0.0011,"aoml_navis",1027.45548540415
"7901009",103,0,1,0.024297,1,0.001869,1,130.07689905402,1,4.86630165196939,218,1,16.5349998474121,36.1599998474121,0.0242970008403063,0.0100728701800108,125.431999206543,-85.6223,27.1053,23.8406168573526,63,63,63,63,61,63,0,7819,1.11328740596807,27,-86,0.001869,51,2026-03-01 01:37:48.000161,218,1.037,0.0011,"aoml_navis",1027.47432395123
"7901009",103,0,1,0.022428,1,0,1,129.913153951245,1,4.86622613969065,220,1,16.4759998321533,36.1510009765625,0.0224280003458261,0.00839405879378319,125.274101257324,-85.6223,27.1053,23.8406168573526,63,63,63,63,61,63,0,7819,1.11328740596807,27,-86,0.001869,51,2026-03-01 01:37:48.000161,220,1.037,0.0011,"aoml_navis",1027.49026791382
"7901009",103,0,1,0.024297,1,0.001869,1,129.603600069042,1,4.86617116361621,222,1,16.4479999542236,36.1459999084473,0.0242970008403063,0.0100728701800108,124.975601196289,-85.6223,27.1053,23.8406168573526,63,63,63,63,61,63,0,7819,1.11328740596807,27,-86,0.001869,51,2026-03-01 01:37:48.000161,222,1.037,0.0011,"aoml_navis",1027.50187609191
"7901009",103,0,1,0.020559,1,-0.001869,1,129.631600355026,1,4.86609948788528,224,1,16.3889999389648,36.1360015869141,0.020558999851346,0.00671524694189429,125.002601623535,-85.6223,27.1053,23.8406168573526,63,63,63,63,61,63,0,7819,1.11328740596807,27,-86,0.001869,51,2026-03-01 01:37:48.000161,224,1.037,0.0011,"aoml_navis",1027.51701079028
"7901009",103,0,1,0.024297,1,0.001869,1,130.042885708599,1,4.8660310115076,226,1,16.3229999542236,36.1230010986328,0.0242970008403063,0.0100728701800108,125.399200439453,-85.6223,27.1053,23.8406168573526,63,63,63,63,61,63,0,7819,1.11328740596807,27,-86,0.001869,51,2026-03-01 01:37:48.000161,226,1.037,0.0011,"aoml_navis",1027.53147034525
"7901009",103,0,1,0.022428,1,0,1,130.951846673632,1,4.86589572856949,228,1,16.1580009460449,36.0979995727539,0.0224280003458261,0.00839405879378319,126.275703430176,-85.6223,27.1053,23.8406168573526,63,63,63,63,61,63,0,7819,1.11328740596807,27,-86,0.001869,51,2026-03-01 01:37:48.000161,228,1.037,0.0011,"aoml_navis",1027.56003805078
"7901009",103,0,1,0.020559,1,-0.001869,1,131.350480866627,1,4.86577143577875,230,1,16.0149993896484,36.0769996643066,0.020558999851346,0.00671524694189429,126.660102844238,-85.6223,27.1053,23.8406168573526,63,63,63,63,61,63,0,7819,1.11328740596807,27,-86,0.001869,51,2026-03-01 01:37:48.000161,230,1.037,0.0011,"aoml_navis",1027.58628636648
"7901009",103,0,1,0.016821,1,-0.005607,1,131.378995427431,1,4.86568043442787,232,1,15.9309997558594,36.064998626709,0.0168210007250309,0.00335762347094715,126.687599182129,-85.6223,27.1053,23.8406168573526,63,63,63,63,61,63,0,7819,1.11328740596807,27,-86,0.001869,51,2026-03-01 01:37:48.000161,232,1.037,0.0011,"aoml_navis",1027.60550500229
"7901009",103,0,1,0.020559,1,-0.001869,1,131.144628523952,1,4.86562837344138,234.100006103516,1,15.9069995880127,36.060001373291,0.020558999851346,0.00671524694189429,126.461601257324,-85.6223,27.1053,23.8406168573526,63,63,63,63,61,63,0,7819,1.11328740596807,27,-86,0.001869,51,2026-03-01 01:37:48.000161,234.100006103516,1.037,0.0011,"aoml_navis",1027.61650011992
"7901009",103,0,1,0.01869,1,-0.003738,1,130.884539967539,1,4.86556969259706,236,1,15.8599996566772,36.0509986877441,0.0186899993568659,0.0050364350900054,126.210800170898,-85.6223,27.1053,23.8406168573526,63,63,63,63,61,63,0,7819,1.11328740596807,27,-86,0.001869,51,2026-03-01 01:37:48.000161,236,1.037,0.0011,"aoml_navis",1027.62889361291
"7901009",103,0,1,0.01869,1,-0.003738,1,130.659714839956,1,4.86547776657991,238,1,15.7779998779297,36.0400009155273,0.0186899993568659,0.0050364350900054,125.994003295898,-85.6223,27.1053,23.8406168573526,63,63,63,63,61,63,0,7819,1.11328740596807,27,-86,0.001869,51,2026-03-01 01:37:48.000161,238,1.037,0.0011,"aoml_navis",1027.64830914327
"7901009",103,0,1,0.022428,1,0,1,130.325578621344,1,4.8654037187766,240,1,15.7220001220703,36.0320014953613,0.0224280003458261,0.00839405879378319,125.671798706055,-85.6223,27.1053,23.8406168573526,63,63,63,63,61,63,0,7819,1.11328740596807,27,-86,0.001869,51,2026-03-01 01:37:48.000161,240,1.037,0.0011,"aoml_navis",1027.66394918144
"7901009",103,0,1,0.020559,1,-0.001869,1,129.671421049956,1,4.86535913469414,242,1,15.7159996032715,36.0309982299805,0.020558999851346,0.00671524694189429,125.041000366211,-85.6223,27.1053,23.8406168573526,63,63,63,63,61,63,0,7819,1.11328740596807,27,-86,0.001869,51,2026-03-01 01:37:48.000161,242,1.037,0.0011,"aoml_navis",1027.67336625692
"7901009",103,0,1,0.01869,1,-0.003738,1,128.323490922178,1,4.86532400951808,244,1,15.7119998931885,36.0279998779297,0.0186899993568659,0.0050364350900054,123.741203308105,-85.6223,27.1053,23.8406168573526,63,63,63,63,61,63,0,7819,1.11328740596807,27,-86,0.001869,51,2026-03-01 01:37:48.000161,244,1.037,0.0011,"aoml_navis",1027.68078553832
"7901009",103,0,1,0.014952,1,-0.007476,1,127.126132549856,1,4.86524387347464,246,1,15.6370000839233,36.015998840332,0.0149520002305508,0.00167881173547357,122.586601257324,-85.6223,27.1053,23.8406168573526,63,63,63,63,61,63,0,7819,1.11328740596807,27,-86,0.001869,51,2026-03-01 01:37:48.000161,246,1.037,0.0011,"aoml_navis",1027.69771259773
"7901009",103,0,1,0.024297,1,0.001869,1,126.127782709139,1,4.86517450099543,248,1,15.5749998092651,36.0050010681152,0.0242970008403063,0.0100728701800108,121.623901367188,-85.6223,27.1053,23.8406168573526,63,63,63,63,61,63,0,7819,1.11328740596807,27,-86,0.001869,51,2026-03-01 01:37:48.000161,248,1.037,0.0011,"aoml_navis",1027.71236653012
"7901009",103,0,1,0.020559,1,-0.001869,1,125.158881035823,1,4.86509516191539,250,1,15.4969997406006,35.992000579834,0.020558999851346,0.00671524694189429,120.689598083496,-85.6223,27.1053,23.8406168573526,63,63,63,63,61,63,0,7819,1.11328740596807,27,-86,0.001869,51,2026-03-01 01:37:48.000161,250,1.037,0.0011,"aoml_navis",1027.72912627499
"7901009",103,0,1,0.022428,1,0,1,125.122794767281,1,4.86500701220583,252,1,15.4139995574951,35.9799995422363,0.0224280003458261,0.00839405879378319,120.654800415039,-85.6223,27.1053,23.8406168573526,63,63,63,63,61,63,0,7819,1.11328740596807,27,-86,0.001869,51,2026-03-01 01:37:48.000161,252,1.037,0.0011,"aoml_navis",1027.74774783582
"7901009",103,0,1,0.01869,1,-0.003738,1,125.365564130131,1,4.86494421748858,254,1,15.371000289917,35.9729995727539,0.0186899993568659,0.0050364350900054,120.888900756836,-85.6223,27.1053,23.8406168573526,63,63,63,63,61,63,0,7819,1.11328740596807,27,-86,0.001869,51,2026-03-01 01:37:48.000161,254,1.037,0.0011,"aoml_navis",1027.76101358489
"7901009",103,0,1,0.022428,1,0,1,125.543210476894,1,4.86489634306808,256,1,15.335000038147,35.9640007019043,0.0224280003458261,0.00839405879378319,121.060203552246,-85.6223,27.1053,23.8406168573526,63,63,63,63,61,63,0,7819,1.11328740596807,27,-86,0.001869,51,2026-03-01 01:37:48.000161,256,1.037,0.0011,"aoml_navis",1027.7711275646
"7901009",103,0,1,0.024297,1,0.001869,1,125.848610600934,1,4.86478188792456,258,1,15.1999998092651,35.9440002441406,0.0242970008403063,0.0100728701800108,121.354698181152,-85.6223,27.1053,23.8406168573526,63,63,63,63,61,63,0,7819,1.11328740596807,27,-86,0.001869,51,2026-03-01 01:37:48.000161,258,1.037,0.0011,"aoml_navis",1027.79530823593
"7901009",103,0,1,0.024297,1,0.001869,1,125.647014871386,1,4.86470740451901,260,1,15.1219997406006,35.9300003051758,0.0242970008403063,0.0100728701800108,121.160301208496,-85.6223,27.1053,23.8406168573526,63,63,63,63,61,63,0,7819,1.11328740596807,27,-86,0.001869,51,2026-03-01 01:37:48.000161,260,1.037,0.0011,"aoml_navis",1027.81104478253
"7901009",103,0,1,0.01869,1,-0.003738,1,125.357367380688,1,4.86460591060574,262,1,14.9980001449585,35.9099998474121,0.0186899993568659,0.0050364350900054,120.880996704102,-85.6223,27.1053,23.8406168573526,63,63,63,63,61,63,0,7819,1.11328740596807,27,-86,0.001869,51,2026-03-01 01:37:48.000161,262,1.037,0.0011,"aoml_navis",1027.83248877346
"7901009",103,0,1,0.022428,1,0,1,124.835948096373,1,4.86452358365929,264,1,14.9119997024536,35.8959999084473,0.0224280003458261,0.00839405879378319,120.378196716309,-85.6223,27.1053,23.8406168573526,63,63,63,63,61,63,0,7819,1.11328740596807,27,-86,0.001869,51,2026-03-01 01:37:48.000161,264,1.037,0.0011,"aoml_navis",1027.84988375754
"7901009",103,0,1,0.020559,1,-0.001869,1,124.758276774671,1,4.86442120833176,266,1,14.7930002212524,35.8779983520508,0.020558999851346,0.00671524694189429,120.303298950195,-85.6223,27.1053,23.8406168573526,63,63,63,63,61,63,0,7819,1.11328740596807,27,-86,0.001869,51,2026-03-01 01:37:48.000161,266,1.037,0.0011,"aoml_navis",1027.87151561547
"7901009",103,0,1,0.022428,1,0,1,124.599816834664,1,4.86435179500413,268,1,14.7220001220703,35.8650016784668,0.0224280003458261,0.00839405879378319,120.150497436523,-85.6223,27.1053,23.8406168573526,63,63,63,63,61,63,0,7819,1.11328740596807,27,-86,0.001869,51,2026-03-01 01:37:48.000161,268,1.037,0.0011,"aoml_navis",1027.88618313651
"7901009",103,0,1,0.022428,1,0,1,123.709322291639,1,4.86426620956508,270,1,14.625,35.8489990234375,0.0224280003458261,0.00839405879378319,119.291801452637,-85.6223,27.1053,23.8406168573526,63,63,63,63,61,63,0,7819,1.11328740596807,27,-86,0.001869,51,2026-03-01 01:37:48.000161,270,1.037,0.0011,"aoml_navis",1027.90426851393
"7901009",103,0,1,0.024297,1,0.001869,1,122.780763499994,1,4.86418050837055,272,1,14.5310001373291,35.8339996337891,0.0242970008403063,0.0100728701800108,118.39640045166,-85.6223,27.1053,23.8406168573526,63,63,63,63,61,63,0,7819,1.11328740596807,27,-86,0.001869,51,2026-03-01 01:37:48.000161,272,1.037,0.0011,"aoml_navis",1027.92237898979
"7901009",103,0,1,0.029904,1,0.007476,1,122.275832657609,1,4.86408371226214,274,1,14.4259996414185,35.8190002441406,0.0299040004611015,0.0151093062013388,117.90950012207,-85.6223,27.1053,23.8406168573526,63,63,63,63,61,63,0,7819,1.11328740596807,27,-86,0.001869,51,2026-03-01 01:37:48.000161,274,1.037,0.0011,"aoml_navis",1027.94283482318
"7901009",103,0,1,0.01869,1,-0.003738,1,121.55747776481,1,4.86402005234958,276,1,14.3769998550415,35.8110008239746,0.0186899993568659,0.0050364350900054,117.216796875,-85.6223,27.1053,23.8406168573526,63,63,63,63,61,63,0,7819,1.11328740596807,27,-86,0.001869,51,2026-03-01 01:37:48.000161,276,1.037,0.0011,"aoml_navis",1027.9562884583
"7901009",103,0,1,0.024297,1,0.001869,1,120.729099708154,1,4.86395237557131,278,1,14.3170003890991,35.8009986877441,0.0242970008403063,0.0100728701800108,116.417999267578,-85.6223,27.1053,23.8406168573526,63,63,63,63,61,63,0,7819,1.11328740596807,27,-86,0.001869,51,2026-03-01 01:37:48.000161,278,1.037,0.0011,"aoml_navis",1027.97059138818
"7901009",103,0,1,0.026166,1,0.003738,1,120.197521518158,1,4.86388015082639,280,1,14.2559995651245,35.7919998168945,0.0261659994721413,0.0117516815662384,115.905403137207,-85.6223,27.1053,23.8406168573526,63,63,63,63,61,63,0,7819,1.11328740596807,27,-86,0.001869,51,2026-03-01 01:37:48.000161,280,1.037,0.0011,"aoml_navis",1027.98585593243
"7901009",103,0,1,0.014952,1,-0.007476,1,119.794005670331,1,4.86381172740997,282,1,14.1949996948242,35.7820014953613,0.0149520002305508,0.00167881173547357,115.516296386719,-85.6223,27.1053,23.8406168573526,63,63,63,63,61,63,0,7819,1.11328740596807,27,-86,0.001869,51,2026-03-01 01:37:48.000161,282,1.037,0.0011,"aoml_navis",1028.00031749225
"7901009",103,0,1,0.022428,1,0,1,119.192636431264,1,4.86375003793768,284,1,14.1510000228882,35.7750015258789,0.0224280003458261,0.00839405879378319,114.936401367188,-85.6223,27.1053,23.8406168573526,63,63,63,63,61,63,0,7819,1.11328740596807,27,-86,0.001869,51,2026-03-01 01:37:48.000161,284,1.037,0.0011,"aoml_navis",1028.01335615514
"7901009",103,0,1,0.022428,1,0,1,118.647987748913,1,4.86368076872072,286,1,14.0959997177124,35.7669982910156,0.0224280003458261,0.00839405879378319,114.411201477051,-85.6223,27.1053,23.8406168573526,63,63,63,63,61,63,0,7819,1.11328740596807,27,-86,0.001869,51,2026-03-01 01:37:48.000161,286,1.037,0.0011,"aoml_navis",1028.02799726412
"7901009",103,0,1,0.026166,1,0.003738,1,118.250595727407,1,4.86362028244585,288,1,14.0530004501343,35.7599983215332,0.0261659994721413,0.0117516815662384,114.02799987793,-85.6223,27.1053,23.8406168573526,63,63,63,63,61,63,0,7819,1.11328740596807,27,-86,0.001869,51,2026-03-01 01:37:48.000161,288,1.037,0.0011,"aoml_navis",1028.04078230498
"7901009",103,0,1,0.022428,1,0,1,117.756551687371,1,4.86356396980951,290,1,14.0139999389648,35.7529983520508,0.0224280003458261,0.00839405879378319,113.551597595215,-85.6223,27.1053,23.8406168573526,63,63,63,63,61,63,0,7819,1.11328740596807,27,-86,0.001869,51,2026-03-01 01:37:48.000161,290,1.037,0.0011,"aoml_navis",1028.05268544578
"7901009",103,0,1,0.016821,1,-0.005607,1,117.770761496251,1,4.86344834890883,292,1,13.8739995956421,35.734001159668,0.0168210007250309,0.00335762347094715,113.565299987793,-85.6223,27.1053,23.8406168573526,63,63,63,63,61,63,0,7819,1.11328740596807,27,-86,0.001869,51,2026-03-01 01:37:48.000161,292,1.037,0.0011,"aoml_navis",1028.07712579528
"7901009",103,0,1,0.024297,1,0.001869,1,117.689458603126,1,4.86338969347251,294,1,13.8360004425049,35.7280006408691,0.0242970008403063,0.0100728701800108,113.48690032959,-85.6223,27.1053,23.8406168573526,63,63,63,63,61,63,0,7819,1.11328740596807,27,-86,0.001869,51,2026-03-01 01:37:48.000161,294,1.037,0.0011,"aoml_navis",1028.08952503042
"7901009",103,0,1,0.024297,1,0.001869,1,117.500822599049,1,4.86334454419732,296,1,13.8219995498657,35.7249984741211,0.0242970008403063,0.0100728701800108,113.305000305176,-85.6223,27.1053,23.8406168573526,63,63,63,63,61,63,0,7819,1.11328740596807,27,-86,0.001869,51,2026-03-01 01:37:48.000161,296,1.037,0.0011,"aoml_navis",1028.09906938749
"7901009",103,0,1,0.024297,1,0.001869,1,117.213042321544,1,4.86330040611694,298,1,13.8090000152588,35.7220001220703,0.0242970008403063,0.0100728701800108,113.027496337891,-85.6223,27.1053,23.8406168573526,63,63,63,63,61,63,0,7819,1.11328740596807,27,-86,0.001869,51,2026-03-01 01:37:48.000161,298,1.037,0.0011,"aoml_navis",1028.10840015376
"7901009",103,0,1,0.026166,1,0.003738,1,116.978991894878,1,4.86324264174926,300,1,13.7609996795654,35.7130012512207,0.0261659994721413,0.0117516815662384,112.801803588867,-85.6223,27.1053,23.8406168573526,63,63,63,63,61,63,0,7819,1.11328740596807,27,-86,0.001869,51,2026-03-01 01:37:48.000161,300,1.037,0.0011,"aoml_navis",1028.12061176564
"7901009",103,0,1,0.020559,1,-0.001869,1,116.849046515675,1,4.8631647883293,302,1,13.6750001907349,35.6990013122559,0.020558999851346,0.00671524694189429,112.676498413086,-85.6223,27.1053,23.8406168573526,63,63,63,63,61,63,0,7819,1.11328740596807,27,-86,0.001869,51,2026-03-01 01:37:48.000161,302,1.037,0.0011,"aoml_navis",1028.13707074025
"7901009",103,0,1,0.020559,1,-0.001869,1,116.84002692652,1,4.86307227378228,304,1,13.585000038147,35.6879997253418,0.020558999851346,0.00671524694189429,112.66780090332,-85.6223,27.1053,23.8406168573526,63,63,63,63,61,63,0,7819,1.11328740596807,27,-86,0.001869,51,2026-03-01 01:37:48.000161,304,1.037,0.0011,"aoml_navis",1028.15662990573
"7901009",103,0,1,0.01869,1,-0.003738,1,116.600889135092,1,4.86303354451994,306,1,13.5699996948242,35.6829986572266,0.0186899993568659,0.0050364350900054,112.437202453613,-85.6223,27.1053,23.8406168573526,63,63,63,63,61,63,0,7819,1.11328740596807,27,-86,0.001869,51,2026-03-01 01:37:48.000161,306,1.037,0.0011,"aoml_navis",1028.16481815849
"7901009",103,0,1,0.020559,1,-0.001869,1,116.527569369562,1,4.86295910272904,308,1,13.4940004348755,35.6710014343262,0.020558999851346,0.00671524694189429,112.366500854492,-85.6223,27.1053,23.8406168573526,63,63,63,63,61,63,0,7819,1.11328740596807,27,-86,0.001869,51,2026-03-01 01:37:48.000161,308,1.037,0.0011,"aoml_navis",1028.1805572237
"7901009",103,0,1,0.022428,1,0,1,116.603998519775,1,4.86288522482614,310,1,13.41100025177,35.6570014953613,0.0224280003458261,0.00839405879378319,112.440200805664,-85.6223,27.1053,23.8406168573526,63,63,63,63,61,63,0,7819,1.11328740596807,27,-86,0.001869,51,2026-03-01 01:37:48.000161,310,1.037,0.0011,"aoml_navis",1028.19617754371
"7901009",103,0,1,0.022428,1,0,1,116.612187357298,1,4.86281131327714,312,1,13.335000038147,35.6450004577637,0.0224280003458261,0.00839405879378319,112.448097229004,-85.6223,27.1053,23.8406168573526,63,63,63,63,61,63,0,7819,1.11328740596807,27,-86,0.001869,51,2026-03-01 01:37:48.000161,312,1.037,0.0011,"aoml_navis",1028.2118054526
"7901009",103,0,1,0.024297,1,0.001869,1,116.691836659078,1,4.86272516525151,314,1,13.2279996871948,35.6279983520508,0.0242970008403063,0.0100728701800108,112.52490234375,-85.6223,27.1053,23.8406168573526,63,63,63,63,61,63,0,7819,1.11328740596807,27,-86,0.001869,51,2026-03-01 01:37:48.000161,314,1.037,0.0011,"aoml_navis",1028.23002125011
"7901009",103,0,1,0.022428,1,0,1,116.84510637936,1,4.86264660044273,316,1,13.1429996490479,35.6150016784668,0.0224280003458261,0.00839405879378319,112.672698974609,-85.6223,27.1053,23.8406168573526,63,63,63,63,61,63,0,7819,1.11328740596807,27,-86,0.001869,51,2026-03-01 01:37:48.000161,316,1.037,0.0011,"aoml_navis",1028.24663415696
"7901009",103,0,1,0.022428,1,0,1,116.820112623094,1,4.86258004801384,318,1,13.081000328064,35.6049995422363,0.0224280003458261,0.00839405879378319,112.648597717285,-85.6223,27.1053,23.8406168573526,63,63,63,63,61,63,0,7819,1.11328740596807,27,-86,0.001869,51,2026-03-01 01:37:48.000161,318,1.037,0.0011,"aoml_navis",1028.26070740826
"7901009",103,0,1,0.020559,1,-0.001869,1,116.687682900914,1,4.86252740144971,320,1,13.0329999923706,35.5950012207031,0.020558999851346,0.00671524694189429,112.520896911621,-85.6223,27.1053,23.8406168573526,63,63,63,63,61,63,0,7819,1.11328740596807,27,-86,0.001869,51,2026-03-01 01:37:48.000161,320,1.037,0.0011,"aoml_navis",1028.2718403827
"7901009",103,0,1,0.029904,1,0.007476,1,116.712265237323,1,4.86245466332418,322,1,12.9420003890991,35.5789985656738,0.0299040004611015,0.0151093062013388,112.54460144043,-85.6223,27.1053,23.8406168573526,63,63,63,63,61,63,0,7819,1.11328740596807,27,-86,0.001869,51,2026-03-01 01:37:48.000161,322,1.037,0.0011,"aoml_navis",1028.28722244205
"7901009",103,0,1,0.022428,1,0,1,116.827992895725,1,4.86233464493322,324,1,12.7720003128052,35.5550003051758,0.0224280003458261,0.00839405879378319,112.656196594238,-85.6223,27.1053,23.8406168573526,63,63,63,63,61,63,0,7819,1.11328740596807,27,-86,0.001869,51,2026-03-01 01:37:48.000161,324,1.037,0.0011,"aoml_navis",1028.31260394844
"7901009",103,0,1,0.022428,1,0,1,116.60793865609,1,4.86226821167911,326,1,12.6940002441406,35.5410003662109,0.0224280003458261,0.00839405879378319,112.444000244141,-85.6223,27.1053,23.8406168573526,63,63,63,63,61,63,0,7819,1.11328740596807,27,-86,0.001869,51,2026-03-01 01:37:48.000161,326,1.037,0.0011,"aoml_navis",1028.32665380122
"7901009",103,0,1,0.033642,1,0.011214,1,116.524562839843,1,4.862178333608,328,1,12.5799999237061,35.523998260498,0.0336420014500618,0.018466928973794,112.36360168457,-85.6223,27.1053,23.8406168573526,63,63,63,63,61,63,0,7819,1.11328740596807,27,-86,0.001869,51,2026-03-01 01:37:48.000161,328,1.037,0.0011,"aoml_navis",1028.34566256843
"7901009",103,0,1,0.03738,1,0.014952,1,116.489615887826,1,4.86209563669592,330,1,12.4919996261597,35.5120010375977,0.0373799987137318,0.0218245536088943,112.329902648926,-85.6223,27.1053,23.8406168573526,63,63,63,63,61,63,0,7819,1.11328740596807,27,-86,0.001869,51,2026-03-01 01:37:48.000161,330,1.037,0.0011,"aoml_navis",1028.36315317685
"7901009",103,0,1,0.024297,1,0.001869,1,116.484014248245,1,4.86202126432049,332,1,12.4200000762939,35.5019989013672,0.0242970008403063,0.0100728701800108,112.324501037598,-85.6223,27.1053,23.8406168573526,63,63,63,63,61,63,0,7819,1.11328740596807,27,-86,0.001869,51,2026-03-01 01:37:48.000161,332,1.037,0.0011,"aoml_navis",1028.37888363263
"7901009",103,0,1,0.022428,1,0,1,116.161912060427,1,4.86197888840571,334,1,12.4119997024536,35.5,0.0224280003458261,0.00839405879378319,112.013900756836,-85.6223,27.1053,23.8406168573526,63,63,63,63,61,63,0,7819,1.11328740596807,27,-86,0.001869,51,2026-03-01 01:37:48.000161,334,1.037,0.0011,"aoml_navis",1028.38784675175
"7901009",103,0,1,0.026166,1,0.003738,1,115.822490679046,1,4.86192935919882,336,1,12.3850002288818,35.4949989318848,0.0261659994721413,0.0117516815662384,111.686599731445,-85.6223,27.1053,23.8406168573526,63,63,63,63,61,63,0,7819,1.11328740596807,27,-86,0.001869,51,2026-03-01 01:37:48.000161,336,1.037,0.0011,"aoml_navis",1028.39832309368
"7901009",103,0,1,0.024297,1,0.001869,1,115.607515892252,1,4.86185448683281,338,1,12.3159999847412,35.4860000610352,0.0242970008403063,0.0100728701800108,111.479301452637,-85.6223,27.1053,23.8406168573526,63,63,63,63,61,63,0,7819,1.11328740596807,27,-86,0.001869,51,2026-03-01 01:37:48.000161,338,1.037,0.0011,"aoml_navis",1028.41416038701
"7901009",103,0,1,0.024297,1,0.001869,1,115.487215143909,1,4.86179963100931,340,1,12.2910003662109,35.4830017089844,0.0242970008403063,0.0100728701800108,111.363296508789,-85.6223,27.1053,23.8406168573526,63,63,63,63,61,63,0,7819,1.11328740596807,27,-86,0.001869,51,2026-03-01 01:37:48.000161,340,1.037,0.0011,"aoml_navis",1028.42576401323
"7901009",103,0,1,0.024297,1,0.001869,1,115.162834323042,1,4.86175839546889,342,1,12.2880001068115,35.4819984436035,0.0242970008403063,0.0100728701800108,111.050498962402,-85.6223,27.1053,23.8406168573526,63,63,63,63,61,63,0,7819,1.11328740596807,27,-86,0.001869,51,2026-03-01 01:37:48.000161,342,1.037,0.0011,"aoml_navis",1028.43448671986
"7901009",103,0,1,0.026166,1,0.003738,1,114.725938083418,1,4.86171320396511,344,1,12.2770004272461,35.4799995422363,0.0261659994721413,0.0117516815662384,110.629203796387,-85.6223,27.1053,23.8406168573526,63,63,63,63,61,63,0,7819,1.11328740596807,27,-86,0.001869,51,2026-03-01 01:37:48.000161,344,1.037,0.0011,"aoml_navis",1028.44404641601
"7901009",103,0,1,0.024297,1,0.001869,1,114.400932220846,1,4.86166666224983,346,1,12.2530002593994,35.4749984741211,0.0242970008403063,0.0100728701800108,110.315803527832,-85.6223,27.1053,23.8406168573526,63,63,63,63,61,63,0,7819,1.11328740596807,27,-86,0.001869,51,2026-03-01 01:37:48.000161,346,1.037,0.0011,"aoml_navis",1028.45389191824
"7901009",103,0,1,0.024297,1,0.001869,1,114.185743812203,1,4.8616141894077,348,1,12.2150001525879,35.4679985046387,0.0242970008403063,0.0100728701800108,110.108299255371,-85.6223,27.1053,23.8406168573526,63,63,63,63,61,63,0,7819,1.11328740596807,27,-86,0.001869,51,2026-03-01 01:37:48.000161,348,1.037,0.0011,"aoml_navis",1028.46499232576
"7901009",103,0,1,0.026166,1,0.003738,1,114.1866774188,1,4.86153471798407,350,1,12.128999710083,35.4560012817383,0.0261659994721413,0.0117516815662384,110.109199523926,-85.6223,27.1053,23.8406168573526,63,63,63,63,61,63,0,7819,1.11328740596807,27,-86,0.001869,51,2026-03-01 01:37:48.000161,350,1.037,0.0011,"aoml_navis",1028.48180462513
"7901009",103,0,1,0.024297,1,0.001869,1,114.356332726048,1,4.86144890871234,352,1,12.0319995880127,35.443000793457,0.0242970008403063,0.0100728701800108,110.272796630859,-85.6223,27.1053,23.8406168573526,63,63,63,63,61,63,0,7819,1.11328740596807,27,-86,0.001869,51,2026-03-01 01:37:48.000161,352,1.037,0.0011,"aoml_navis",1028.49995832299
"7901009",103,0,1,0.024297,1,0.001869,1,114.272126158168,1,4.8614007251486,354,1,12.0059995651245,35.4379997253418,0.0242970008403063,0.0100728701800108,110.191596984863,-85.6223,27.1053,23.8406168573526,63,63,63,63,61,63,0,7819,1.11328740596807,27,-86,0.001869,51,2026-03-01 01:37:48.000161,354,1.037,0.0011,"aoml_navis",1028.510152256
"7901009",103,0,1,0.024297,1,0.001869,1,114.104852338934,1,4.86136006770837,356,1,11.9879999160767,35.4329986572266,0.0242970008403063,0.0100728701800108,110.030296325684,-85.6223,27.1053,23.8406168573526,63,63,63,63,61,63,0,7819,1.11328740596807,27,-86,0.001869,51,2026-03-01 01:37:48.000161,356,1.037,0.0011,"aoml_navis",1028.51875408541
"7901009",103,0,1,0.022428,1,0,1,114.185435247311,1,4.86125418897371,358,1,11.8610000610352,35.4179992675781,0.0224280003458261,0.00839405879378319,110.108001708984,-85.6223,27.1053,23.8406168573526,63,63,63,63,61,63,0,7819,1.11328740596807,27,-86,0.001869,51,2026-03-01 01:37:48.000161,358,1.037,0.0011,"aoml_navis",1028.54115535472
"7901009",103,0,1,0.026166,1,0.003738,1,114.0217929995,1,4.86119966952155,360,1,11.8280000686646,35.4129981994629,0.0261659994721413,0.0117516815662384,109.950202941895,-85.6223,27.1053,23.8406168573526,63,63,63,63,61,63,0,7819,1.11328740596807,27,-86,0.001869,51,2026-03-01 01:37:48.000161,360,1.037,0.0011,"aoml_navis",1028.55269067607
"7901009",103,0,1,0.022428,1,0,1,113.730484005536,1,4.86115546093771,362,1,11.8100004196167,35.4090003967285,0.0224280003458261,0.00839405879378319,109.669296264648,-85.6223,27.1053,23.8406168573526,63,63,63,63,61,63,0,7819,1.11328740596807,27,-86,0.001869,51,2026-03-01 01:37:48.000161,362,1.037,0.0011,"aoml_navis",1028.56204459577
"7901009",103,0,1,0.024297,1,0.001869,1,113.530858344146,1,4.8610907469362,364,1,11.7620000839233,35.4029998779297,0.0242970008403063,0.0100728701800108,109.47679901123,-85.6223,27.1053,23.8406168573526,63,63,63,63,61,63,0,7819,1.11328740596807,27,-86,0.001869,51,2026-03-01 01:37:48.000161,364,1.037,0.0011,"aoml_navis",1028.57573748265
"7901009",103,0,1,0.026166,1,0.003738,1,113.318581522178,1,4.8610419164114,366,1,11.7349996566772,35.3979988098145,0.0261659994721413,0.0117516815662384,109.272102355957,-85.6223,27.1053,23.8406168573526,63,63,63,63,61,63,0,7819,1.11328740596807,27,-86,0.001869,51,2026-03-01 01:37:48.000161,366,1.037,0.0011,"aoml_navis",1028.58606981344
"7901009",103,0,1,0.028035,1,0.005607,1,113.173603494383,1,4.86098569817697,368,1,11.6999998092651,35.3930015563965,0.0280349999666214,0.0134304938837886,109.132301330566,-85.6223,27.1053,23.8406168573526,63,63,63,63,61,63,0,7819,1.11328740596807,27,-86,0.001869,51,2026-03-01 01:37:48.000161,368,1.037,0.0011,"aoml_navis",1028.59796560915
"7901009",103,0,1,0.029904,1,0.007476,1,112.998346547554,1,4.86093508562626,370,1,11.6709995269775,35.3880004882812,0.0299040004611015,0.0151093062013388,108.963302612305,-85.6223,27.1053,23.8406168573526,63,63,63,63,61,63,0,7819,1.11328740596807,27,-86,0.001869,51,2026-03-01 01:37:48.000161,370,1.037,0.0011,"aoml_navis",1028.60867547583
"7901009",103,0,1,0.022428,1,0,1,112.868717645164,1,4.86088084515593,372,1,11.6420001983643,35.3839988708496,0.0224280003458261,0.00839405879378319,108.838302612305,-85.6223,27.1053,23.8406168573526,63,63,63,63,61,63,0,7819,1.11328740596807,27,-86,0.001869,51,2026-03-01 01:37:48.000161,372,1.037,0.0011,"aoml_navis",1028.62015327586
"7901009",103,0,1,0.028035,1,0.005607,1,112.732244931704,1,4.86082107135696,374,1,11.6029996871948,35.3790016174316,0.0280349999666214,0.0134304938837886,108.706703186035,-85.6223,27.1053,23.8406168573526,63,63,63,63,61,63,0,7819,1.11328740596807,27,-86,0.001869,51,2026-03-01 01:37:48.000161,374,1.037,0.0011,"aoml_navis",1028.63280227762
"7901009",103,0,1,0.029904,1,0.007476,1,112.573682136733,1,4.86076597206619,376,1,11.5690002441406,35.3740005493164,0.0299040004611015,0.0151093062013388,108.553802490234,-85.6223,27.1053,23.8406168573526,63,63,63,63,61,63,0,7819,1.11328740596807,27,-86,0.001869,51,2026-03-01 01:37:48.000161,376,1.037,0.0011,"aoml_navis",1028.64446236127
"7901009",103,0,1,0.026166,1,0.003738,1,112.367204752353,1,4.86072010291999,378,1,11.5450000762939,35.3689994812012,0.0261659994721413,0.0117516815662384,108.354698181152,-85.6223,27.1053,23.8406168573526,63,63,63,63,61,63,0,7819,1.11328740596807,27,-86,0.001869,51,2026-03-01 01:37:48.000161,378,1.037,0.0011,"aoml_navis",1028.6541693681
"7901009",103,0,1,0.024297,1,0.001869,1,112.279683089863,1,4.86064765844564,380,1,11.4840002059937,35.3619995117188,0.0242970008403063,0.0100728701800108,108.270301818848,-85.6223,27.1053,23.8406168573526,63,63,63,63,61,63,0,7819,1.11328740596807,27,-86,0.001869,51,2026-03-01 01:37:48.000161,380,1.037,0.0011,"aoml_navis",1028.66950072224
"7901009",103,0,1,0.028035,1,0.005607,1,112.351958481912,1,4.86058998455071,382,1,11.4429998397827,35.3559989929199,0.0280349999666214,0.0134304938837886,108.339996337891,-85.6223,27.1053,23.8406168573526,63,63,63,63,61,63,0,7819,1.11328740596807,27,-86,0.001869,51,2026-03-01 01:37:48.000161,382,1.037,0.0011,"aoml_navis",1028.68170651966
"7901009",103,0,1,0.026166,1,0.003738,1,112.263503212825,1,4.860542376011,384,1,11.4250001907349,35.3530006408691,0.0261659994721413,0.0117516815662384,108.254699707031,-85.6223,27.1053,23.8406168573526,63,63,63,63,61,63,0,7819,1.11328740596807,27,-86,0.001869,51,2026-03-01 01:37:48.000161,384,1.037,0.0011,"aoml_navis",1028.6917823569
"7901009",103,0,1,0.026166,1,0.003738,1,112.146525471013,1,4.86050028205233,386,1,11.4090003967285,35.3489990234375,0.0261659994721413,0.0117516815662384,108.141899108887,-85.6223,27.1053,23.8406168573526,63,63,63,63,61,63,0,7819,1.11328740596807,27,-86,0.001869,51,2026-03-01 01:37:48.000161,386,1.037,0.0011,"aoml_navis",1028.70069125657
"7901009",103,0,1,0.026166,1,0.003738,1,112.016588003731,1,4.86044181857554,388,1,11.3669996261597,35.3429985046387,0.0261659994721413,0.0117516815662384,108.0166015625,-85.6223,27.1053,23.8406168573526,63,63,63,63,61,63,0,7819,1.11328740596807,27,-86,0.001869,51,2026-03-01 01:37:48.000161,388,1.037,0.0011,"aoml_navis",1028.71306490926
"7901009",103,0,1,0.028035,1,0.005607,1,111.904998279652,1,4.86037806047424,390,1,11.3070001602173,35.3339996337891,0.0280349999666214,0.0134304938837886,107.908996582031,-85.6223,27.1053,23.8406168573526,63,63,63,63,61,63,0,7819,1.11328740596807,27,-86,0.001869,51,2026-03-01 01:37:48.000161,390,1.037,0.0011,"aoml_navis",1028.72655949569
"7901009",103,0,1,0.026166,1,0.003738,1,111.664096129995,1,4.86031705729053,392,1,11.2620000839233,35.3279991149902,0.0261659994721413,0.0117516815662384,107.676696777344,-85.6223,27.1053,23.8406168573526,63,63,63,63,61,63,0,7819,1.11328740596807,27,-86,0.001869,51,2026-03-01 01:37:48.000161,392,1.037,0.0011,"aoml_navis",1028.73947132728
"7901009",103,0,1,0.026166,1,0.003738,1,111.609448496401,1,4.86025352031801,394,1,11.206000328064,35.3199996948242,0.0261659994721413,0.0117516815662384,107.624000549316,-85.6223,27.1053,23.8406168573526,63,63,63,63,61,63,0,7819,1.11328740596807,27,-86,0.001869,51,2026-03-01 01:37:48.000161,394,1.037,0.0011,"aoml_navis",1028.75291980095
"7901009",103,0,1,0.020559,1,-0.001869,1,111.552205752944,1,4.8601963162995,396,1,11.164999961853,35.3139991760254,0.020558999851346,0.00671524694189429,107.568801879883,-85.6223,27.1053,23.8406168573526,63,63,63,63,61,63,0,7819,1.11328740596807,27,-86,0.001869,51,2026-03-01 01:37:48.000161,396,1.037,0.0011,"aoml_navis",1028.76502811865
"7901009",103,0,1,0.029904,1,0.007476,1,111.558013102453,1,4.8601428466238,398,1,11.1239995956421,35.306999206543,0.0299040004611015,0.0151093062013388,107.574401855469,-85.6223,27.1053,23.8406168573526,63,63,63,63,61,63,0,7819,1.11328740596807,27,-86,0.001869,51,2026-03-01 01:37:48.000161,398,1.037,0.0011,"aoml_navis",1028.77634624944
"7901009",103,0,1,0.028035,1,0.005607,1,111.924184686408,1,4.86006120176602,400,1,11.0270004272461,35.2939987182617,0.0280349999666214,0.0134304938837886,107.92749786377,-85.6223,27.1053,23.8406168573526,63,63,63,63,61,63,0,7819,1.11328740596807,27,-86,0.001869,51,2026-03-01 01:37:48.000161,400,1.037,0.0011,"aoml_navis",1028.79362880927
"7901009",103,0,1,0.024297,1,0.001869,1,112.18272250644,1,4.85999663002636,402,1,10.9610004425049,35.2840003967285,0.0242970008403063,0.0100728701800108,108.176803588867,-85.6223,27.1053,23.8406168573526,63,63,63,63,61,63,0,7819,1.11328740596807,27,-86,0.001869,51,2026-03-01 01:37:48.000161,402,1.037,0.0011,"aoml_navis",1028.80729774763
"7901009",103,0,1,0.028035,1,0.005607,1,112.30498541102,1,4.85994599219687,404,1,10.9309997558594,35.2789993286133,0.0280349999666214,0.0134304938837886,108.294700622559,-85.6223,27.1053,23.8406168573526,63,63,63,63,61,63,0,7819,1.11328740596807,27,-86,0.001869,51,2026-03-01 01:37:48.000161,404,1.037,0.0011,"aoml_navis",1028.81801732529
"7901009",103,0,1,0.029904,1,0.007476,1,112.419573752897,1,4.85989784328535,406,1,10.9119997024536,35.2760009765625,0.0299040004611015,0.0151093062013388,108.405197143555,-85.6223,27.1053,23.8406168573526,63,63,63,63,61,63,0,7819,1.11328740596807,27,-86,0.001869,51,2026-03-01 01:37:48.000161,406,1.037,0.0011,"aoml_navis",1028.82821022837
"7901009",103,0,1,0.024297,1,0.001869,1,112.460541676272,1,4.85985407112133,408,1,10.9020004272461,35.273998260498,0.0242970008403063,0.0100728701800108,108.444702148438,-85.6223,27.1053,23.8406168573526,63,63,63,63,61,63,0,7819,1.11328740596807,27,-86,0.001869,51,2026-03-01 01:37:48.000161,408,1.037,0.0011,"aoml_navis",1028.83747676941
"7901009",103,0,1,0.028035,1,0.005607,1,112.522135975901,1,4.85981474073607,410,1,10.8970003128052,35.2719993591309,0.0280349999666214,0.0134304938837886,108.504096984863,-85.6223,27.1053,23.8406168573526,63,63,63,63,61,63,0,7819,1.11328740596807,27,-86,0.001869,51,2026-03-01 01:37:48.000161,410,1.037,0.0011,"aoml_navis",1028.8458031309
"7901009",103,0,1,0.031773,1,0.009345,1,112.656749388087,1,4.8597695119651,412,1,10.8730001449585,35.2669982910156,0.0317730009555817,0.0167881175875664,108.633903503418,-85.6223,27.1053,23.8406168573526,63,63,63,63,61,63,0,7819,1.11328740596807,27,-86,0.001869,51,2026-03-01 01:37:48.000161,412,1.037,0.0011,"aoml_navis",1028.85537836509
"7901009",103,0,1,0.031773,1,0.009345,1,112.830036266759,1,4.85969927020986,414,1,10.7959995269775,35.2560005187988,0.0317730009555817,0.0167881175875664,108.801002502441,-85.6223,27.1053,23.8406168573526,63,63,63,63,61,63,0,7819,1.11328740596807,27,-86,0.001869,51,2026-03-01 01:37:48.000161,414,1.037,0.0011,"aoml_navis",1028.87024936917
"7901009",103,0,1,0.031773,1,0.009345,1,112.850567699968,1,4.85963608764373,416,1,10.7349996566772,35.2470016479492,0.0317730009555817,0.0167881175875664,108.82080078125,-85.6223,27.1053,23.8406168573526,63,63,63,63,61,63,0,7819,1.11328740596807,27,-86,0.001869,51,2026-03-01 01:37:48.000161,416,1.037,0.0011,"aoml_navis",1028.88362622731
"7901009",103,0,1,0.033642,1,0.011214,1,112.876281440982,1,4.85958159350631,418,1,10.6920003890991,35.2400016784668,0.0336420014500618,0.018466928973794,108.845596313477,-85.6223,27.1053,23.8406168573526,63,63,63,63,61,63,0,7819,1.11328740596807,27,-86,0.001869,51,2026-03-01 01:37:48.000161,418,1.037,0.0011,"aoml_navis",1028.89516387199
"7901009",103,0,1,0.031773,1,0.009345,1,112.890079830006,1,4.85952702758453,420,1,10.6529998779297,35.234001159668,0.0317730009555817,0.0167881175875664,108.858901977539,-85.6223,27.1053,23.8406168573526,63,63,63,63,61,63,0,7819,1.11328740596807,27,-86,0.001869,51,2026-03-01 01:37:48.000161,420,1.037,0.0011,"aoml_navis",1028.90671697432
"7901009",103,0,1,0.026166,1,0.003738,1,112.864983218776,1,4.85946916937284,422,1,10.6059999465942,35.2270011901855,0.0261659994721413,0.0117516815662384,108.834701538086,-85.6223,27.1053,23.8406168573526,63,63,63,63,61,63,0,7819,1.11328740596807,27,-86,0.001869,51,2026-03-01 01:37:48.000161,422,1.037,0.0011,"aoml_navis",1028.91896742814
"7901009",103,0,1,0.028035,1,0.005607,1,112.856889324297,1,4.85941123979841,424,1,10.5629997253418,35.2210006713867,0.0280349999666214,0.0134304938837886,108.82689666748,-85.6223,27.1053,23.8406168573526,63,63,63,63,61,63,0,7819,1.11328740596807,27,-86,0.001869,51,2026-03-01 01:37:48.000161,424,1.037,0.0011,"aoml_navis",1028.93123328402
"7901009",103,0,1,0.028035,1,0.005607,1,112.83843081421,1,4.859357057005,426,1,10.5200004577637,35.2140007019043,0.0280349999666214,0.0134304938837886,108.809097290039,-85.6223,27.1053,23.8406168573526,63,63,63,63,61,63,0,7819,1.11328740596807,27,-86,0.001869,51,2026-03-01 01:37:48.000161,426,1.037,0.0011,"aoml_navis",1028.94270607101
"7901009",103,0,1,0.026166,1,0.003738,1,112.991186259671,1,4.85928279468153,428,1,10.4370002746582,35.2029991149902,0.0261659994721413,0.0117516815662384,108.956398010254,-85.6223,27.1053,23.8406168573526,63,63,63,63,61,63,0,7819,1.11328740596807,27,-86,0.001869,51,2026-03-01 01:37:48.000161,428,1.037,0.0011,"aoml_navis",1028.95843095868
"7901009",103,0,1,0.031773,1,0.009345,1,112.934774267848,1,4.85923935491512,430,1,10.4230003356934,35.2000007629395,0.0317730009555817,0.0167881175875664,108.902000427246,-85.6223,27.1053,23.8406168573526,63,63,63,63,61,63,0,7819,1.11328740596807,27,-86,0.001869,51,2026-03-01 01:37:48.000161,430,1.037,0.0011,"aoml_navis",1028.96762945882
"7901009",103,0,1,0.026166,1,0.003738,1,112.990466274923,1,4.85917583898865,432,1,10.3520002365112,35.1889991760254,0.0261659994721413,0.0117516815662384,108.955703735352,-85.6223,27.1053,23.8406168573526,63,63,63,63,61,63,0,7819,1.11328740596807,27,-86,0.001869,51,2026-03-01 01:37:48.000161,432,1.037,0.0011,"aoml_navis",1028.98107944179
"7901009",103,0,1,0.029904,1,0.007476,1,113.143530285277,1,4.85908902280225,434,1,10.2580003738403,35.1790008544922,0.0299040004611015,0.0151093062013388,109.103302001953,-85.6223,27.1053,23.8406168573526,63,63,63,63,61,63,0,7819,1.11328740596807,27,-86,0.001869,51,2026-03-01 01:37:48.000161,434,1.037,0.0011,"aoml_navis",1028.99946400169
"7901009",103,0,1,0.028035,1,0.005607,1,113.12382169178,1,4.85904029500661,436,1,10.2419996261597,35.1769981384277,0.0280349999666214,0.0134304938837886,109.084297180176,-85.6223,27.1053,23.8406168573526,63,63,63,63,61,63,0,7819,1.11328740596807,27,-86,0.001869,51,2026-03-01 01:37:48.000161,436,1.037,0.0011,"aoml_navis",1029.00978309199
"7901009",103,0,1,0.029904,1,0.007476,1,113.071144126344,1,4.85899281766595,437.899993896484,1,10.2250003814697,35.1749992370605,0.0299040004611015,0.0151093062013388,109.033500671387,-85.6223,27.1053,23.8406168573526,63,63,63,63,61,63,0,7819,1.11328740596807,27,-86,0.001869,51,2026-03-01 01:37:48.000161,437.899993896484,1.037,0.0011,"aoml_navis",1029.01983757239
"7901009",103,0,1,0.024297,1,0.001869,1,113.068137596625,1,4.85894393031722,440,1,10.2069997787476,35.1720008850098,0.0242970008403063,0.0100728701800108,109.030601501465,-85.6223,27.1053,23.8406168573526,63,63,63,63,61,63,0,7819,1.11328740596807,27,-86,0.001869,51,2026-03-01 01:37:48.000161,440,1.037,0.0011,"aoml_navis",1029.03019086157
"7901009",103,0,1,0.026166,1,0.003738,1,113.078296502305,1,4.8588807163737,442,1,10.1569995880127,35.1660003662109,0.0261659994721413,0.0117516815662384,109.040397644043,-85.6223,27.1053,23.8406168573526,63,63,63,63,61,63,0,7819,1.11328740596807,27,-86,0.001869,51,2026-03-01 01:37:48.000161,442,1.037,0.0011,"aoml_navis",1029.04357852432
"7901009",103,0,1,0.029904,1,0.007476,1,113.014518512671,1,4.8588288628817,444,1,10.1330003738403,35.1629981994629,0.0299040004611015,0.0151093062013388,108.978897094727,-85.6223,27.1053,23.8406168573526,63,63,63,63,61,63,0,7819,1.11328740596807,27,-86,0.001869,51,2026-03-01 01:37:48.000161,444,1.037,0.0011,"aoml_navis",1029.05456049229
"7901009",103,0,1,0.028035,1,0.005607,1,112.979057285833,1,4.85878019487449,446,1,10.1169996261597,35.1609992980957,0.0280349999666214,0.0134304938837886,108.944702148438,-85.6223,27.1053,23.8406168573526,63,63,63,63,61,63,0,7819,1.11328740596807,27,-86,0.001869,51,2026-03-01 01:37:48.000161,446,1.037,0.0011,"aoml_navis",1029.06486802479
"7901009",103,0,1,0.01869,1,-0.003738,1,112.897960102636,1,4.85873410477097,448,1,10.1040000915527,35.1590003967285,0.0186899993568659,0.0050364350900054,108.866500854492,-85.6223,27.1053,23.8406168573526,63,63,63,63,61,63,0,7819,1.11328740596807,27,-86,0.001869,51,2026-03-01 01:37:48.000161,448,1.037,0.0011,"aoml_navis",1029.07462976628
"7901009",103,0,1,0.029904,1,0.007476,1,112.844863205423,1,4.85868657329883,450,1,10.085000038147,35.1559982299805,0.0299040004611015,0.0151093062013388,108.815299987793,-85.6223,27.1053,23.8406168573526,63,63,63,63,61,63,0,7819,1.11328740596807,27,-86,0.001869,51,2026-03-01 01:37:48.000161,450,1.037,0.0011,"aoml_navis",1029.08469697917
"7901009",103,0,1,0.028035,1,0.005607,1,112.740742334119,1,4.85863733264416,452,1,10.0640001296997,35.1529998779297,0.0280349999666214,0.0134304938837886,108.714897155762,-85.6223,27.1053,23.8406168573526,63,63,63,63,61,63,0,7819,1.11328740596807,27,-86,0.001869,51,2026-03-01 01:37:48.000161,452,1.037,0.0011,"aoml_navis",1029.09512640634
"7901009",103,0,1,0.026166,1,0.003738,1,112.621177394365,1,4.85858699772154,454,1,10.0459995269775,35.1510009765625,0.0261659994721413,0.0117516815662384,108.599601745605,-85.6223,27.1053,23.8406168573526,63,63,63,63,61,63,0,7819,1.11328740596807,27,-86,0.001869,51,2026-03-01 01:37:48.000161,454,1.037,0.0011,"aoml_navis",1029.10578782366
"7901009",103,0,1,0.029904,1,0.007476,1,112.519548777959,1,4.85853439125287,456,1,10.0209999084473,35.1479988098145,0.0299040004611015,0.0151093062013388,108.501602172852,-85.6223,27.1053,23.8406168573526,63,63,63,63,61,63,0,7819,1.11328740596807,27,-86,0.001869,51,2026-03-01 01:37:48.000161,456,1.037,0.0011,"aoml_navis",1029.11693061221
"7901009",103,0,1,0.029904,1,0.007476,1,112.403188165932,1,4.85848291142512,458,1,9.99300003051758,35.1440010070801,0.0299040004611015,0.0151093062013388,108.38939666748,-85.6223,27.1053,23.8406168573526,63,63,63,63,61,63,0,7819,1.11328740596807,27,-86,0.001869,51,2026-03-01 01:37:48.000161,458,1.037,0.0011,"aoml_navis",1029.127834996
"7901009",103,0,1,0.031773,1,0.009345,1,112.276462938296,1,4.85841787918884,460,1,9.94900035858154,35.1399993896484,0.0317730009555817,0.0167881175875664,108.267196655273,-85.6223,27.1053,23.8406168573526,63,63,63,63,61,63,0,7819,1.11328740596807,27,-86,0.001869,51,2026-03-01 01:37:48.000161,460,1.037,0.0011,"aoml_navis",1029.14161036201
"7901009",103,0,1,0.029904,1,0.007476,1,112.087518369327,1,4.85836592507051,462,1,9.91600036621094,35.1349983215332,0.0299040004611015,0.0151093062013388,108.084999084473,-85.6223,27.1053,23.8406168573526,63,63,63,63,61,63,0,7819,1.11328740596807,27,-86,0.001869,51,2026-03-01 01:37:48.000161,462,1.037,0.0011,"aoml_navis",1029.15261573827
"7901009",103,0,1,0.026166,1,0.003738,1,112.096854435295,1,4.85830046080845,464,1,9.86699962615967,35.1300010681152,0.0261659994721413,0.0117516815662384,108.09400177002,-85.6223,27.1053,23.8406168573526,63,63,63,63,61,63,0,7819,1.11328740596807,27,-86,0.001869,51,2026-03-01 01:37:48.000161,464,1.037,0.0011,"aoml_navis",1029.16648328662
"7901009",103,0,1,0.029904,1,0.007476,1,111.971371379149,1,4.85825450120287,466,1,9.85400009155273,35.1279983520508,0.0299040004611015,0.0151093062013388,107.972999572754,-85.6223,27.1053,23.8406168573526,63,63,63,63,61,63,0,7819,1.11328740596807,27,-86,0.001869,51,2026-03-01 01:37:48.000161,466,1.037,0.0011,"aoml_navis",1029.17621931128
"7901009",103,0,1,0.026166,1,0.003738,1,111.822975401779,1,4.8582085328856,468,1,9.84099960327148,35.1259994506836,0.0261659994721413,0.0117516815662384,107.829902648926,-85.6223,27.1053,23.8406168573526,63,63,63,63,61,63,0,7819,1.11328740596807,27,-86,0.001869,51,2026-03-01 01:37:48.000161,468,1.037,0.0011,"aoml_navis",1029.18595736568
"7901009",103,0,1,0.028035,1,0.005607,1,111.656635189141,1,4.85815864522413,470,1,9.81900024414062,35.1230010986328,0.0280349999666214,0.0134304938837886,107.669502258301,-85.6223,27.1053,23.8406168573526,63,63,63,63,61,63,0,7819,1.11328740596807,27,-86,0.001869,51,2026-03-01 01:37:48.000161,470,1.037,0.0011,"aoml_navis",1029.19652591323
"7901009",103,0,1,0.029904,1,0.007476,1,111.539451737402,1,4.85809369100583,472,1,9.76599979400635,35.117000579834,0.0299040004611015,0.0151093062013388,107.556503295898,-85.6223,27.1053,23.8406168573526,63,63,63,63,61,63,0,7819,1.11328740596807,27,-86,0.001869,51,2026-03-01 01:37:48.000161,472,1.037,0.0011,"aoml_navis",1029.21028658976
"7901009",103,0,1,0.029904,1,0.007476,1,111.510826409713,1,4.85801589423491,474,1,9.68000030517578,35.1069984436035,0.0299040004611015,0.0151093062013388,107.528900146484,-85.6223,27.1053,23.8406168573526,63,63,63,63,61,63,0,7819,1.11328740596807,27,-86,0.001869,51,2026-03-01 01:37:48.000161,474,1.037,0.0011,"aoml_navis",1029.22676847015
"7901009",103,0,1,0.028035,1,0.005607,1,111.498903145803,1,4.85793459056225,476,1,9.58500003814697,35.0960006713867,0.0280349999666214,0.0134304938837886,107.517402648926,-85.6223,27.1053,23.8406168573526,63,63,63,63,61,63,0,7819,1.11328740596807,27,-86,0.001869,51,2026-03-01 01:37:48.000161,476,1.037,0.0011,"aoml_navis",1029.24399388039
"7901009",103,0,1,0.024297,1,0.001869,1,111.422260373742,1,4.85786734010231,478,1,9.53299999237061,35.0909996032715,0.0242970008403063,0.0100728701800108,107.443496704102,-85.6223,27.1053,23.8406168573526,63,63,63,63,61,63,0,7819,1.11328740596807,27,-86,0.001869,51,2026-03-01 01:37:48.000161,478,1.037,0.0011,"aoml_navis",1029.25824234111
"7901009",103,0,1,0.026166,1,0.003738,1,111.399553162446,1,4.85781015284109,480,1,9.49300003051758,35.0859985351562,0.0261659994721413,0.0117516815662384,107.421600341797,-85.6223,27.1053,23.8406168573526,63,63,63,63,61,63,0,7819,1.11328740596807,27,-86,0.001869,51,2026-03-01 01:37:48.000161,480,1.037,0.0011,"aoml_navis",1029.27035900646
"7901009",103,0,1,0.029904,1,0.007476,1,111.480753200608,1,4.85773888582485,482,1,9.42700004577637,35.0789985656738,0.0299040004611015,0.0151093062013388,107.499900817871,-85.6223,27.1053,23.8406168573526,63,63,63,63,61,63,0,7819,1.11328740596807,27,-86,0.001869,51,2026-03-01 01:37:48.000161,482,1.037,0.0011,"aoml_navis",1029.28545924736
"7901009",103,0,1,0.028035,1,0.005607,1,111.425377670345,1,4.85768358627659,484,1,9.39799976348877,35.076000213623,0.0280349999666214,0.0134304938837886,107.446502685547,-85.6223,27.1053,23.8406168573526,63,63,63,63,61,63,0,7819,1.11328740596807,27,-86,0.001869,51,2026-03-01 01:37:48.000161,484,1.037,0.0011,"aoml_navis",1029.29717656487
"7901009",103,0,1,0.033642,1,0.011214,1,111.263594723807,1,4.85764157792198,486,1,9.39400005340576,35.0750007629395,0.0336420014500618,0.018466928973794,107.290496826172,-85.6223,27.1053,23.8406168573526,63,63,63,63,61,63,0,7819,1.11328740596807,27,-86,0.001869,51,2026-03-01 01:37:48.000161,486,1.037,0.0011,"aoml_navis",1029.3060778146
"7901009",103,0,1,0.026166,1,0.003738,1,111.030367136853,1,4.85759589645383,488,1,9.39000034332275,35.0750007629395,0.0261659994721413,0.0117516815662384,107.06559753418,-85.6223,27.1053,23.8406168573526,63,63,63,63,61,63,0,7819,1.11328740596807,27,-86,0.001869,51,2026-03-01 01:37:48.000161,488,1.037,0.0011,"aoml_navis",1029.31575754379
"7901009",103,0,1,0.028035,1,0.005607,1,110.990649296887,1,4.85753279760504,490,1,9.34700012207031,35.0709991455078,0.0280349999666214,0.0134304938837886,107.027297973633,-85.6223,27.1053,23.8406168573526,63,63,63,63,61,63,0,7819,1.11328740596807,27,-86,0.001869,51,2026-03-01 01:37:48.000161,490,1.037,0.0011,"aoml_navis",1029.32912824906
"7901009",103,0,1,0.031773,1,0.009345,1,111.038769596224,1,4.85746767241762,492,1,9.28800010681152,35.0639991760254,0.0317730009555817,0.0167881175875664,107.073699951172,-85.6223,27.1053,23.8406168573526,63,63,63,63,61,63,0,7819,1.11328740596807,27,-86,0.001869,51,2026-03-01 01:37:48.000161,492,1.037,0.0011,"aoml_navis",1029.34292870166
"7901009",103,0,1,0.028035,1,0.005607,1,111.162068962364,1,4.85739330299551,494,1,9.22200012207031,35.0579986572266,0.0280349999666214,0.0134304938837886,107.192596435547,-85.6223,27.1053,23.8406168573526,63,63,63,63,61,63,0,7819,1.11328740596807,27,-86,0.001869,51,2026-03-01 01:37:48.000161,494,1.037,0.0011,"aoml_navis",1029.35868852056
"7901009",103,0,1,0.029904,1,0.007476,1,111.184159043875,1,4.8573427353907,496,1,9.19400024414062,35.0540008544922,0.0299040004611015,0.0151093062013388,107.213897705078,-85.6223,27.1053,23.8406168573526,63,63,63,63,61,63,0,7819,1.11328740596807,27,-86,0.001869,51,2026-03-01 01:37:48.000161,496,1.037,0.0011,"aoml_navis",1029.36940470968
"7901009",103,0,1,0.026166,1,0.003738,1,111.171824360109,1,4.85728853684357,498,1,9.16600036621094,35.0509986877441,0.0261659994721413,0.0117516815662384,107.202003479004,-85.6223,27.1053,23.8406168573526,63,63,63,63,61,63,0,7819,1.11328740596807,27,-86,0.001869,51,2026-03-01 01:37:48.000161,498,1.037,0.0011,"aoml_navis",1029.38089060881
"7901009",103,0,1,0.029904,1,0.007476,1,111.11934459268,1,4.85722784713476,500,1,9.13000011444092,35.0480003356934,0.0299040004611015,0.0151093062013388,107.151397705078,-85.6223,27.1053,23.8406168573526,63,63,63,63,61,63,0,7819,1.11328740596807,27,-86,0.001869,51,2026-03-01 01:37:48.000161,500,1.037,0.0011,"aoml_navis",1029.39375243627
"7901009",103,0,1,0.026166,1,0.003738,1,110.915256608235,1,4.857185044198,502,1,9.125,35.0470008850098,0.0261659994721413,0.0117516815662384,106.954597473145,-85.6223,27.1053,23.8406168573526,63,63,63,63,61,63,0,7819,1.11328740596807,27,-86,0.001869,51,2026-03-01 01:37:48.000161,502,1.037,0.0011,"aoml_navis",1029.40282375542
"7901009",103,0,1,0.024297,1,0.001869,1,110.592015103892,1,4.8571410066201,504,1,9.1230001449585,35.0470008850098,0.0242970008403063,0.0100728701800108,106.64289855957,-85.6223,27.1053,23.8406168573526,63,63,63,63,61,63,0,7819,1.11328740596807,27,-86,0.001869,51,2026-03-01 01:37:48.000161,504,1.037,0.0011,"aoml_navis",1029.4121569016
"7901009",103,0,1,0.024297,1,0.001869,1,110.164969205057,1,4.85709089029467,506,1,9.10900020599365,35.0460014343262,0.0242970008403063,0.0100728701800108,106.231101989746,-85.6223,27.1053,23.8406168573526,63,63,63,63,61,63,0,7819,1.11328740596807,27,-86,0.001869,51,2026-03-01 01:37:48.000161,506,1.037,0.0011,"aoml_navis",1029.42277855885
"7901009",103,0,1,0.028035,1,0.005607,1,109.693640288236,1,4.85702618115718,508,1,9.07699966430664,35.0449981689453,0.0280349999666214,0.0134304938837886,105.77660369873,-85.6223,27.1053,23.8406168573526,63,63,63,63,61,63,0,7819,1.11328740596807,27,-86,0.001869,51,2026-03-01 01:37:48.000161,508,1.037,0.0011,"aoml_navis",1029.43649334185
"7901009",103,0,1,0.026166,1,0.003738,1,109.482700580801,1,4.85695539258885,510,1,9.04199981689453,35.0449981689453,0.0261659994721413,0.0117516815662384,105.573196411133,-85.6223,27.1053,23.8406168573526,63,63,63,63,61,63,0,7819,1.11328740596807,27,-86,0.001869,51,2026-03-01 01:37:48.000161,510,1.037,0.0011,"aoml_navis",1029.45149704884
"7901009",103,0,1,0.031773,1,0.009345,1,109.332959576978,1,4.8569056883274,512,1,9.03299999237061,35.0449981689453,0.0317730009555817,0.0167881175875664,105.428802490234,-85.6223,27.1053,23.8406168573526,63,63,63,63,61,63,0,7819,1.11328740596807,27,-86,0.001869,51,2026-03-01 01:37:48.000161,512,1.037,0.0011,"aoml_navis",1029.4620321775
"7901009",103,0,1,0.031773,1,0.009345,1,109.155107520286,1,4.85686209258718,514,1,9.02700042724609,35.0439987182617,0.0317730009555817,0.0167881175875664,105.257301330566,-85.6223,27.1053,23.8406168573526,63,63,63,63,61,63,0,7819,1.11328740596807,27,-86,0.001869,51,2026-03-01 01:37:48.000161,514,1.037,0.0011,"aoml_navis",1029.47127274445
"7901009",103,0,1,0.028035,1,0.005607,1,108.978189070192,1,4.85680349426177,516,1,9.00699996948242,35.0439987182617,0.0280349999666214,0.0134304938837886,105.086700439453,-85.6223,27.1053,23.8406168573526,63,63,63,63,61,63,0,7819,1.11328740596807,27,-86,0.001869,51,2026-03-01 01:37:48.000161,516,1.037,0.0011,"aoml_navis",1029.48369352547
"7901009",103,0,1,0.031773,1,0.009345,1,109.070378765666,1,4.85675549679826,518,1,8.99100017547607,35.0419998168945,0.0317730009555817,0.0167881175875664,105.175598144531,-85.6223,27.1053,23.8406168573526,63,63,63,63,61,63,0,7819,1.11328740596807,27,-86,0.001869,51,2026-03-01 01:37:48.000161,518,1.037,0.0011,"aoml_navis",1029.49386752044
"7901009",103,0,1,0.031773,1,0.009345,1,109.324968537463,1,4.85669273612718,520,1,8.94299983978271,35.0369987487793,0.0317730009555817,0.0167881175875664,105.421096801758,-85.6223,27.1053,23.8406168573526,63,63,63,63,61,63,0,7819,1.11328740596807,27,-86,0.001869,51,2026-03-01 01:37:48.000161,520,1.037,0.0011,"aoml_navis",1029.50717116749
"7901009",103,0,1,0.029904,1,0.007476,1,109.824408507151,1,4.85660913377195,522,1,8.8459997177124,35.0270004272461,0.0299040004611015,0.0151093062013388,105.902702331543,-85.6223,27.1053,23.8406168573526,63,63,63,63,61,63,0,7819,1.11328740596807,27,-86,0.001869,51,2026-03-01 01:37:48.000161,522,1.037,0.0011,"aoml_navis",1029.52489324927
"7901009",103,0,1,0.028035,1,0.005607,1,110.174091649177,1,4.85656620076162,524,1,8.82699966430664,35.0229988098145,0.0280349999666214,0.0134304938837886,106.239898681641,-85.6223,27.1053,23.8406168573526,63,63,63,63,61,63,0,7819,1.11328740596807,27,-86,0.001869,51,2026-03-01 01:37:48.000161,524,1.037,0.0011,"aoml_navis",1029.53399445392
"7901009",103,0,1,0.031773,1,0.009345,1,110.719159663304,1,4.85649757269571,526,1,8.76200008392334,35.015998840332,0.0317730009555817,0.0167881175875664,106.765502929688,-85.6223,27.1053,23.8406168573526,63,63,63,63,61,63,0,7819,1.11328740596807,27,-86,0.001869,51,2026-03-01 01:37:48.000161,526,1.037,0.0011,"aoml_navis",1029.54854298931
"7901009",103,0,1,0.031773,1,0.009345,1,110.995317329871,1,4.85642399863726,528,1,8.67199993133545,35.0050010681152,0.0317730009555817,0.0167881175875664,107.031799316406,-85.6223,27.1053,23.8406168573526,63,63,63,63,61,63,0,7819,1.11328740596807,27,-86,0.001869,51,2026-03-01 01:37:48.000161,528,1.037,0.0011,"aoml_navis",1029.56414048753
"7901009",103,0,1,0.029904,1,0.007476,1,110.902811157584,1,4.85638045541183,530,1,8.66600036621094,35.0040016174316,0.0299040004611015,0.0151093062013388,106.942596435547,-85.6223,27.1053,23.8406168573526,63,63,63,63,61,63,0,7819,1.11328740596807,27,-86,0.001869,51,2026-03-01 01:37:48.000161,530,1.037,0.0011,"aoml_navis",1029.57337175429
"7901009",103,0,1,0.026166,1,0.003738,1,110.858116719742,1,4.85633720105228,532,1,8.66499996185303,35.0040016174316,0.0261659994721413,0.0117516815662384,106.89949798584,-85.6223,27.1053,23.8406168573526,63,63,63,63,61,63,0,7819,1.11328740596807,27,-86,0.001869,51,2026-03-01 01:37:48.000161,532,1.037,0.0011,"aoml_navis",1029.5825419447
"7901009",103,0,1,0.031773,1,0.009345,1,110.793824455288,1,4.85628308248319,534,1,8.64099979400635,35.0019989013672,0.0317730009555817,0.0167881175875664,106.837501525879,-85.6223,27.1053,23.8406168573526,63,63,63,63,61,63,0,7819,1.11328740596807,27,-86,0.001869,51,2026-03-01 01:37:48.000161,534,1.037,0.0011,"aoml_navis",1029.59401564443
"7901009",103,0,1,0.028035,1,0.005607,1,110.93340655343,1,4.85620705918459,536.099975585938,1,8.57800006866455,34.9970016479492,0.0280349999666214,0.0134304938837886,106.972099304199,-85.6223,27.1053,23.8406168573526,63,63,63,63,61,63,0,7819,1.11328740596807,27,-86,0.001869,51,2026-03-01 01:37:48.000161,536.099975585938,1.037,0.0011,"aoml_navis",1029.61013380668
"7901009",103,0,1,0.029904,1,0.007476,1,111.045407697365,1,4.85615698852375,538,1,8.56099987030029,34.9959983825684,0.0299040004611015,0.0151093062013388,107.080101013184,-85.6223,27.1053,23.8406168573526,63,63,63,63,61,63,0,7819,1.11328740596807,27,-86,0.001869,51,2026-03-01 01:37:48.000161,538,1.037,0.0011,"aoml_navis",1029.62074986789
"7901009",103,0,1,0.028035,1,0.005607,1,111.235491582859,1,4.85611556717991,540,1,8.55300045013428,34.9939994812012,0.0280349999666214,0.0134304938837886,107.263397216797,-85.6223,27.1053,23.8406168573526,63,63,63,63,61,63,0,7819,1.11328740596807,27,-86,0.001869,51,2026-03-01 01:37:48.000161,540,1.037,0.0011,"aoml_navis",1029.6295322526
"7901009",103,0,1,0.029904,1,0.007476,1,111.516942324114,1,4.85605655770263,542,1,8.51799964904785,34.9910011291504,0.0299040004611015,0.0151093062013388,107.534797668457,-85.6223,27.1053,23.8406168573526,63,63,63,63,61,63,0,7819,1.11328740596807,27,-86,0.001869,51,2026-03-01 01:37:48.000161,542,1.037,0.0011,"aoml_navis",1029.64204403037
"7901009",103,0,1,0.028035,1,0.005607,1,111.65331218261,1,4.85600679327423,544,1,8.48999977111816,34.9869995117188,0.0280349999666214,0.0134304938837886,107.666297912598,-85.6223,27.1053,23.8406168573526,63,63,63,63,61,63,0,7819,1.11328740596807,27,-86,0.001869,51,2026-03-01 01:37:48.000161,544,1.037,0.0011,"aoml_navis",1029.65259581704
"7901009",103,0,1,0.029904,1,0.007476,1,111.94554687125,1,4.85596303333566,546,1,8.47900009155273,34.9850006103516,0.0299040004611015,0.0151093062013388,107.948097229004,-85.6223,27.1053,23.8406168573526,63,63,63,63,61,63,0,7819,1.11328740596807,27,-86,0.001869,51,2026-03-01 01:37:48.000161,546,1.037,0.0011,"aoml_navis",1029.6618746221
"7901009",103,0,1,0.031773,1,0.009345,1,112.423411034249,1,4.85592454181214,548,1,8.47000026702881,34.9819984436035,0.0317730009555817,0.0167881175875664,108.408897399902,-85.6223,27.1053,23.8406168573526,63,63,63,63,61,63,0,7819,1.11328740596807,27,-86,0.001869,51,2026-03-01 01:37:48.000161,548,1.037,0.0011,"aoml_navis",1029.67003645697
"7901009",103,0,1,0.022428,1,0,1,113.256457123889,1,4.85583256605499,550,1,8.35499954223633,34.9710006713867,0.0224280003458261,0.00839405879378319,109.212196350098,-85.6223,27.1053,23.8406168573526,63,63,63,63,61,63,0,7819,1.11328740596807,27,-86,0.001869,51,2026-03-01 01:37:48.000161,550,1.037,0.0011,"aoml_navis",1029.68953974089
"7901009",103,0,1,0.029904,1,0.007476,1,113.825996707541,1,4.8557334871657,552,1,8.22999954223633,34.9599990844727,0.0299040004611015,0.0151093062013388,109.76139831543,-85.6223,27.1053,23.8406168573526,63,63,63,63,61,63,0,7819,1.11328740596807,27,-86,0.001869,51,2026-03-01 01:37:48.000161,552,1.037,0.0011,"aoml_navis",1029.71055005708
"7901009",103,0,1,0.031773,1,0.009345,1,113.988499638827,1,4.85568500279344,554,1,8.20800018310547,34.9570007324219,0.0317730009555817,0.0167881175875664,109.918098449707,-85.6223,27.1053,23.8406168573526,63,63,63,63,61,63,0,7819,1.11328740596807,27,-86,0.001869,51,2026-03-01 01:37:48.000161,554,1.037,0.0011,"aoml_navis",1029.72083179274
"7901009",103,0,1,0.029904,1,0.007476,1,114.153391970048,1,4.85563903174715,556,1,8.19400024414062,34.9550018310547,0.0299040004611015,0.0151093062013388,110.077102661133,-85.6223,27.1053,23.8406168573526,63,63,63,63,61,63,0,7819,1.11328740596807,27,-86,0.001869,51,2026-03-01 01:37:48.000161,556,1.037,0.0011,"aoml_navis",1029.73058073489
"7901009",103,0,1,0.029904,1,0.007476,1,114.354054092998,1,4.85559018428081,558.099975585938,1,8.17899990081787,34.9529991149902,0.0299040004611015,0.0151093062013388,110.270599365234,-85.6223,27.1053,23.8406168573526,63,63,63,63,61,63,0,7819,1.11328740596807,27,-86,0.001869,51,2026-03-01 01:37:48.000161,558.099975585938,1.037,0.0011,"aoml_navis",1029.74093987312
"7901009",103,0,1,0.028035,1,0.005607,1,114.568095273196,1,4.8555417270535,560,1,8.15900039672852,34.951000213623,0.0280349999666214,0.0134304938837886,110.476997375488,-85.6223,27.1053,23.8406168573526,63,63,63,63,61,63,0,7819,1.11328740596807,27,-86,0.001869,51,2026-03-01 01:37:48.000161,560,1.037,0.0011,"aoml_navis",1029.75121645884
"7901009",103,0,1,0.026166,1,0.003738,1,114.851832559421,1,4.8554933006967,562,1,8.13700008392334,34.9480018615723,0.0261659994721413,0.0117516815662384,110.750602722168,-85.6223,27.1053,23.8406168573526,63,63,63,63,61,63,0,7819,1.11328740596807,27,-86,0.001869,51,2026-03-01 01:37:48.000161,562,1.037,0.0011,"aoml_navis",1029.76148670261
"7901009",103,0,1,0.029904,1,0.007476,1,115.171648202269,1,4.85542860879491,564,1,8.08899974822998,34.9440002441406,0.0299040004611015,0.0151093062013388,111.05899810791,-85.6223,27.1053,23.8406168573526,63,63,63,63,61,63,0,7819,1.11328740596807,27,-86,0.001869,51,2026-03-01 01:37:48.000161,564,1.037,0.0011,"aoml_navis",1029.77520685676
"7901009",103,0,1,0.029904,1,0.007476,1,115.343692909451,1,4.85538039658889,566,1,8.07199954986572,34.9420013427734,0.0299040004611015,0.0151093062013388,111.224899291992,-85.6223,27.1053,23.8406168573526,63,63,63,63,61,63,0,7819,1.11328740596807,27,-86,0.001869,51,2026-03-01 01:37:48.000161,566,1.037,0.0011,"aoml_navis",1029.78543215949
"7901009",103,0,1,0.033642,1,0.011214,1,115.572877505126,1,4.8553360430497,568,1,8.0600004196167,34.939998626709,0.0336420014500618,0.018466928973794,111.445899963379,-85.6223,27.1053,23.8406168573526,63,63,63,63,61,63,0,7819,1.11328740596807,27,-86,0.001869,51,2026-03-01 01:37:48.000161,568,1.037,0.0011,"aoml_navis",1029.79483925884
"7901009",103,0,1,0.031773,1,0.009345,1,115.866148655328,1,4.85527990165927,570,1,8.02299976348877,34.9360008239746,0.0317730009555817,0.0167881175875664,111.728698730469,-85.6223,27.1053,23.8406168573526,63,63,63,63,61,63,0,7819,1.11328740596807,27,-86,0.001869,51,2026-03-01 01:37:48.000161,570,1.037,0.0011,"aoml_navis",1029.80674673179
"7901009",103,0,1,0.028035,1,0.005607,1,116.172490297884,1,4.85520933609152,572,1,7.96700000762939,34.931999206543,0.0280349999666214,0.0134304938837886,112.024101257324,-85.6223,27.1053,23.8406168573526,63,63,63,63,61,63,0,7819,1.11328740596807,27,-86,0.001869,51,2026-03-01 01:37:48.000161,572,1.037,0.0011,"aoml_navis",1029.82171393356
"7901009",103,0,1,0.026166,1,0.003738,1,116.394933937453,1,4.85515803119351,574,1,7.94099998474121,34.9290008544922,0.0261659994721413,0.0117516815662384,112.23860168457,-85.6223,27.1053,23.8406168573526,63,63,63,63,61,63,0,7819,1.11328740596807,27,-86,0.001869,51,2026-03-01 01:37:48.000161,574,1.037,0.0011,"aoml_navis",1029.8325961536
"7901009",103,0,1,0.024297,1,0.001869,1,116.649626564214,1,4.85510068653997,576,1,7.90700006484985,34.9259986877441,0.0242970008403063,0.0100728701800108,112.484199523926,-85.6223,27.1053,23.8406168573526,63,63,63,63,61,63,0,7819,1.11328740596807,27,-86,0.001869,51,2026-03-01 01:37:48.000161,576,1.037,0.0011,"aoml_navis",1029.84475973109
"7901009",103,0,1,0.028035,1,0.005607,1,116.888867210605,1,4.85504792687955,578,1,7.87900018692017,34.9230003356934,0.0280349999666214,0.0134304938837886,112.714897155762,-85.6223,27.1053,23.8406168573526,63,63,63,63,61,63,0,7819,1.11328740596807,27,-86,0.001869,51,2026-03-01 01:37:48.000161,578,1.037,0.0011,"aoml_navis",1029.85595102325
"7901009",103,0,1,0.028035,1,0.005607,1,117.266139218758,1,4.8549565552781,580,1,7.79500007629395,34.9189987182617,0.0280349999666214,0.0134304938837886,113.07869720459,-85.6223,27.1053,23.8406168573526,63,63,63,63,61,63,0,7819,1.11328740596807,27,-86,0.001869,51,2026-03-01 01:37:48.000161,580,1.037,0.0011,"aoml_navis",1029.87533319206
"7901009",103,0,1,0.028035,1,0.005607,1,117.416821741098,1,4.85490325665457,582,1,7.77099990844727,34.9169998168945,0.0280349999666214,0.0134304938837886,113.223999023438,-85.6223,27.1053,23.8406168573526,63,63,63,63,61,63,0,7819,1.11328740596807,27,-86,0.001869,51,2026-03-01 01:37:48.000161,582,1.037,0.0011,"aoml_navis",1029.88663948072
"7901009",103,0,1,0.026166,1,0.003738,1,117.403031263994,1,4.85485692199071,584,1,7.76599979400635,34.9169998168945,0.0261659994721413,0.0117516815662384,113.21070098877,-85.6223,27.1053,23.8406168573526,63,63,63,63,61,63,0,7819,1.11328740596807,27,-86,0.001869,51,2026-03-01 01:37:48.000161,584,1.037,0.0011,"aoml_navis",1029.89646869959
"7901009",103,0,1,0.029904,1,0.007476,1,117.420247602593,1,4.85481209678399,586,1,7.76300001144409,34.9169998168945,0.0299040004611015,0.0151093062013388,113.22730255127,-85.6223,27.1053,23.8406168573526,63,63,63,63,61,63,0,7819,1.11328740596807,27,-86,0.001869,51,2026-03-01 01:37:48.000161,586,1.037,0.0011,"aoml_navis",1029.90597788783
"7901009",103,0,1,0.033642,1,0.011214,1,117.443579855593,1,4.85477020356516,588,1,7.75899982452393,34.9160003662109,0.0336420014500618,0.018466928973794,113.249801635742,-85.6223,27.1053,23.8406168573526,63,63,63,63,61,63,0,7819,1.11328740596807,27,-86,0.001869,51,2026-03-01 01:37:48.000161,588,1.037,0.0011,"aoml_navis",1029.91486524495
"7901009",103,0,1,0.029904,1,0.007476,1,117.515649537714,1,4.85471784729262,590,1,7.74599981307983,34.9160003662109,0.0299040004611015,0.0151093062013388,113.319297790527,-85.6223,27.1053,23.8406168573526,63,63,63,63,61,63,0,7819,1.11328740596807,27,-86,0.001869,51,2026-03-01 01:37:48.000161,590,1.037,0.0011,"aoml_navis",1029.92597248229
"7901009",103,0,1,0.028035,1,0.005607,1,117.568335015071,1,4.8546714398304,592,1,7.73600006103516,34.9150009155273,0.0280349999666214,0.0134304938837886,113.370101928711,-85.6223,27.1053,23.8406168573526,63,63,63,63,61,63,0,7819,1.11328740596807,27,-86,0.001869,51,2026-03-01 01:37:48.000161,592,1.037,0.0011,"aoml_navis",1029.9358178964
"7901009",103,0,1,0.033642,1,0.011214,1,117.722435486986,1,4.85462353078294,594,1,7.72399997711182,34.9140014648438,0.0336420014500618,0.018466928973794,113.518699645996,-85.6223,27.1053,23.8406168573526,63,63,63,63,61,63,0,7819,1.11328740596807,27,-86,0.001869,51,2026-03-01 01:37:48.000161,594,1.037,0.0011,"aoml_navis",1029.94598207157
"7901009",103,0,1,0.026166,1,0.003738,1,117.898317475519,1,4.85457037775804,596,1,7.70499992370605,34.9129981994629,0.0261659994721413,0.0117516815662384,113.688301086426,-85.6223,27.1053,23.8406168573526,63,63,63,63,61,63,0,7819,1.11328740596807,27,-86,0.001869,51,2026-03-01 01:37:48.000161,596,1.037,0.0011,"aoml_navis",1029.95725902096
"7901009",103,0,1,0.026166,1,0.003738,1,118.08477770151,1,4.85451797497753,598,1,7.68699979782104,34.9119987487793,0.0261659994721413,0.0117516815662384,113.868103027344,-85.6223,27.1053,23.8406168573526,63,63,63,63,61,63,0,7819,1.11328740596807,27,-86,0.001869,51,2026-03-01 01:37:48.000161,598,1.037,0.0011,"aoml_navis",1029.96837704018
"7901009",103,0,1,0.028035,1,0.005607,1,118.26158538472,1,4.85447083776723,600,1,7.67600011825562,34.9109992980957,0.0280349999666214,0.0134304938837886,114.038597106934,-85.6223,27.1053,23.8406168573526,63,63,63,63,61,63,0,7819,1.11328740596807,27,-86,0.001869,51,2026-03-01 01:37:48.000161,600,1.037,0.0011,"aoml_navis",1029.97837809645
"7901009",103,0,1,0.029904,1,0.007476,1,118.58451832417,1,4.85442513828466,602,1,7.66200017929077,34.9090003967285,0.0299040004611015,0.0151093062013388,114.349998474121,-85.6223,27.1053,23.8406168573526,63,63,63,63,61,63,0,7819,1.11328740596807,27,-86,0.001869,51,2026-03-01 01:37:48.000161,602,1.037,0.0011,"aoml_navis",1029.98807429684
"7901009",103,0,1,0.028035,1,0.005607,1,118.877892329336,1,4.85436820705327,604,1,7.63299989700317,34.9070014953613,0.0280349999666214,0.0134304938837886,114.63289642334,-85.6223,27.1053,23.8406168573526,63,63,63,63,61,63,0,7819,1.11328740596807,27,-86,0.001869,51,2026-03-01 01:37:48.000161,604,1.037,0.0011,"aoml_navis",1030.00015382746
"7901009",103,0,1,0.029904,1,0.007476,1,119.100446735789,1,4.85431885922955,606,1,7.61899995803833,34.9059982299805,0.0299040004611015,0.0151093062013388,114.847503662109,-85.6223,27.1053,23.8406168573526,63,63,63,63,61,63,0,7819,1.11328740596807,27,-86,0.001869,51,2026-03-01 01:37:48.000161,606,1.037,0.0011,"aoml_navis",1030.01062455827
"7901009",103,0,1,0.026166,1,0.003738,1,119.369452026394,1,4.8542716932354,608,1,7.60300016403198,34.9039993286133,0.0261659994721413,0.0117516815662384,115.106903076172,-85.6223,27.1053,23.8406168573526,63,63,63,63,61,63,0,7819,1.11328740596807,27,-86,0.001869,51,2026-03-01 01:37:48.000161,608,1.037,0.0011,"aoml_navis",1030.02063254261
"7901009",103,0,1,0.028035,1,0.005607,1,119.704616794647,1,4.85421935778501,610,1,7.58500003814697,34.9029998779297,0.0280349999666214,0.0134304938837886,115.430099487305,-85.6223,27.1053,23.8406168573526,63,63,63,63,61,63,0,7819,1.11328740596807,27,-86,0.001869,51,2026-03-01 01:37:48.000161,610,1.037,0.0011,"aoml_navis",1030.03173764309
"7901009",103,0,1,0.029904,1,0.007476,1,119.954538533459,1,4.85416922627523,612,1,7.56500005722046,34.9010009765625,0.0299040004611015,0.0151093062013388,115.671096801758,-85.6223,27.1053,23.8406168573526,63,63,63,63,61,63,0,7819,1.11328740596807,27,-86,0.001869,51,2026-03-01 01:37:48.000161,612,1.037,0.0011,"aoml_navis",1030.04237531222
"7901009",103,0,1,0.028035,1,0.005607,1,120.201461654473,1,4.85412061468107,614,1,7.54699993133545,34.898998260498,0.0280349999666214,0.0134304938837886,115.909202575684,-85.6223,27.1053,23.8406168573526,63,63,63,63,61,63,0,7819,1.11328740596807,27,-86,0.001869,51,2026-03-01 01:37:48.000161,614,1.037,0.0011,"aoml_navis",1030.05269067228
"7901009",103,0,1,0.029904,1,0.007476,1,120.439768694268,1,4.85406753323158,616,1,7.52299976348877,34.8969993591309,0.0299040004611015,0.0151093062013388,116.138999938965,-85.6223,27.1053,23.8406168573526,63,63,63,63,61,63,0,7819,1.11328740596807,27,-86,0.001869,51,2026-03-01 01:37:48.000161,616,1.037,0.0011,"aoml_navis",1030.06395476976
"7901009",103,0,1,0.029904,1,0.007476,1,120.722461607012,1,4.85401673910055,618,1,7.50699996948242,34.8959999084473,0.0299040004611015,0.0151093062013388,116.411598205566,-85.6223,27.1053,23.8406168573526,63,63,63,63,61,63,0,7819,1.11328740596807,27,-86,0.001869,51,2026-03-01 01:37:48.000161,618,1.037,0.0011,"aoml_navis",1030.07473371971
"7901009",103,0,1,0.028035,1,0.005607,1,120.876356368999,1,4.85396295144684,620,1,7.48199987411499,34.8940010070801,0.0280349999666214,0.0134304938837886,116.559997558594,-85.6223,27.1053,23.8406168573526,63,63,63,63,61,63,0,7819,1.11328740596807,27,-86,0.001869,51,2026-03-01 01:37:48.000161,620,1.037,0.0011,"aoml_navis",1030.08614816675
"7901009",103,0,1,0.028035,1,0.005607,1,120.982035888605,1,4.85391369318679,622,1,7.47300004959106,34.8940010070801,0.0280349999666214,0.0134304938837886,116.661903381348,-85.6223,27.1053,23.8406168573526,63,63,63,63,61,63,0,7819,1.11328740596807,27,-86,0.001869,51,2026-03-01 01:37:48.000161,622,1.037,0.0011,"aoml_navis",1030.09660163885
"7901009",103,0,1,0.028035,1,0.005607,1,121.103776606444,1,4.85386812281725,624,1,7.46400022506714,34.8930015563965,0.0280349999666214,0.0134304938837886,116.779296875,-85.6223,27.1053,23.8406168573526,63,63,63,63,61,63,0,7819,1.11328740596807,27,-86,0.001869,51,2026-03-01 01:37:48.000161,624,1.037,0.0011,"aoml_navis",1030.10627266444
"7901009",103,0,1,0.029904,1,0.007476,1,121.232685524086,1,4.85381663480055,626,1,7.44700002670288,34.8919982910156,0.0299040004611015,0.0151093062013388,116.903602600098,-85.6223,27.1053,23.8406168573526,63,63,63,63,61,63,0,7819,1.11328740596807,27,-86,0.001869,51,2026-03-01 01:37:48.000161,626,1.037,0.0011,"aoml_navis",1030.11719976221
"7901009",103,0,1,0.031773,1,0.009345,1,121.331616175666,1,4.8537703311652,628,1,7.43699979782104,34.890998840332,0.0317730009555817,0.0167881175875664,116.999000549316,-85.6223,27.1053,23.8406168573526,63,63,63,63,61,63,0,7819,1.11328740596807,27,-86,0.001869,51,2026-03-01 01:37:48.000161,628,1.037,0.0011,"aoml_navis",1030.12702679727
"7901009",103,0,1,0.029904,1,0.007476,1,121.457716361597,1,4.85371293920387,630,1,7.41699981689453,34.890998840332,0.0299040004611015,0.0151093062013388,117.120597839355,-85.6223,27.1053,23.8406168573526,63,63,63,63,61,63,0,7819,1.11328740596807,27,-86,0.001869,51,2026-03-01 01:37:48.000161,630,1.037,0.0011,"aoml_navis",1030.13920737144
"7901009",103,0,1,0.028035,1,0.005607,1,121.620947189552,1,4.85366812687784,632,1,7.40899991989136,34.8899993896484,0.0280349999666214,0.0134304938837886,117.27799987793,-85.6223,27.1053,23.8406168573526,63,63,63,63,61,63,0,7819,1.11328740596807,27,-86,0.001869,51,2026-03-01 01:37:48.000161,632,1.037,0.0011,"aoml_navis",1030.14871830891
"7901009",103,0,1,0.031773,1,0.009345,1,121.892856154911,1,4.85361074291373,634,1,7.38399982452393,34.8889999389648,0.0317730009555817,0.0167881175875664,117.540199279785,-85.6223,27.1053,23.8406168573526,63,63,63,63,61,63,0,7819,1.11328740596807,27,-86,0.001869,51,2026-03-01 01:37:48.000161,634,1.037,0.0011,"aoml_navis",1030.16089769869
"7901009",103,0,1,0.026166,1,0.003738,1,122.176902006029,1,4.85354378926093,636,1,7.34100008010864,34.8870010375977,0.0261659994721413,0.0117516815662384,117.814102172852,-85.6223,27.1053,23.8406168573526,63,63,63,63,61,63,0,7819,1.11328740596807,27,-86,0.001869,51,2026-03-01 01:37:48.000161,636,1.037,0.0011,"aoml_navis",1030.17510855947
"7901009",103,0,1,0.029904,1,0.007476,1,122.307978789836,1,4.85349310083722,638,1,7.32499980926514,34.8860015869141,0.0299040004611015,0.0151093062013388,117.940498352051,-85.6223,27.1053,23.8406168573526,63,63,63,63,61,63,0,7819,1.11328740596807,27,-86,0.001869,51,2026-03-01 01:37:48.000161,638,1.037,0.0011,"aoml_navis",1030.18586739878
"7901009",103,0,1,0.029904,1,0.007476,1,122.409401696314,1,4.85344249840371,640.099975585938,1,7.31699991226196,34.8860015869141,0.0299040004611015,0.0151093062013388,118.038299560547,-85.6223,27.1053,23.8406168573526,63,63,63,63,61,63,0,7819,1.11328740596807,27,-86,0.001869,51,2026-03-01 01:37:48.000161,640.099975585938,1.037,0.0011,"aoml_navis",1030.19660821046
"7901009",103,0,1,0.029904,1,0.007476,1,122.537471950403,1,4.85339468341993,642,1,7.30700016021729,34.8860015869141,0.0299040004611015,0.0151093062013388,118.161796569824,-85.6223,27.1053,23.8406168573526,63,63,63,63,61,63,0,7819,1.11328740596807,27,-86,0.001869,51,2026-03-01 01:37:48.000161,642,1.037,0.0011,"aoml_navis",1030.20675756721
"7901009",103,0,1,0.029904,1,0.007476,1,122.738972736906,1,4.85334108661852,644,1,7.28700017929077,34.8849983215332,0.0299040004611015,0.0151093062013388,118.356101989746,-85.6223,27.1053,23.8406168573526,63,63,63,63,61,63,0,7819,1.11328740596807,27,-86,0.001869,51,2026-03-01 01:37:48.000161,644,1.037,0.0011,"aoml_navis",1030.21813442823
"7901009",103,0,1,0.028035,1,0.005607,1,122.825252227908,1,4.85328602145473,646,1,7.2649998664856,34.8839988708496,0.0280349999666214,0.0134304938837886,118.439300537109,-85.6223,27.1053,23.8406168573526,63,63,63,63,61,63,0,7819,1.11328740596807,27,-86,0.001869,51,2026-03-01 01:37:48.000161,646,1.037,0.0011,"aoml_navis",1030.22982323661
"7901009",103,0,1,0.029904,1,0.007476,1,122.874203278877,1,4.85324343953707,648,1,7.2649998664856,34.8839988708496,0.0299040004611015,0.0151093062013388,118.486503601074,-85.6223,27.1053,23.8406168573526,63,63,63,63,61,63,0,7819,1.11328740596807,27,-86,0.001869,51,2026-03-01 01:37:48.000161,648,1.037,0.0011,"aoml_navis",1030.23886237962
"7901009",103,0,1,0.029904,1,0.007476,1,122.90800300245,1,4.85319939072839,650,1,7.26300001144409,34.8839988708496,0.0299040004611015,0.0151093062013388,118.519096374512,-85.6223,27.1053,23.8406168573526,63,63,63,63,61,63,0,7819,1.11328740596807,27,-86,0.001869,51,2026-03-01 01:37:48.000161,650,1.037,0.0011,"aoml_navis",1030.24821307611
"7901009",103,0,1,0.029904,1,0.007476,1,123.044586482794,1,4.85315608986252,652,1,7.25699996948242,34.882999420166,0.0299040004611015,0.0151093062013388,118.650802612305,-85.6223,27.1053,23.8406168573526,63,63,63,63,61,63,0,7819,1.11328740596807,27,-86,0.001869,51,2026-03-01 01:37:48.000161,652,1.037,0.0011,"aoml_navis",1030.25740516449
"7901009",103,0,1,0.029904,1,0.007476,1,123.166018635741,1,4.85310543417258,654,1,7.24599981307983,34.882999420166,0.0299040004611015,0.0151093062013388,118.76789855957,-85.6223,27.1053,23.8406168573526,63,63,63,63,61,63,0,7819,1.11328740596807,27,-86,0.001869,51,2026-03-01 01:37:48.000161,654,1.037,0.0011,"aoml_navis",1030.26815877378
"7901009",103,0,1,0.028035,1,0.005607,1,123.270653781866,1,4.85306066980696,656,1,7.23799991607666,34.8819999694824,0.0280349999666214,0.0134304938837886,118.868797302246,-85.6223,27.1053,23.8406168573526,63,63,63,63,61,63,0,7819,1.11328740596807,27,-86,0.001869,51,2026-03-01 01:37:48.000161,656,1.037,0.0011,"aoml_navis",1030.2776619108
"7901009",103,0,1,0.031773,1,0.009345,1,123.378200514666,1,4.85301444064285,658,1,7.22800016403198,34.8810005187988,0.0317730009555817,0.0167881175875664,118.972503662109,-85.6223,27.1053,23.8406168573526,63,63,63,63,61,63,0,7819,1.11328740596807,27,-86,0.001869,51,2026-03-01 01:37:48.000161,658,1.037,0.0011,"aoml_navis",1030.28747619751
"7901009",103,0,1,0.029904,1,0.007476,1,123.563102092355,1,4.85295573267108,660,1,7.20599985122681,34.8810005187988,0.0299040004611015,0.0151093062013388,119.150802612305,-85.6223,27.1053,23.8406168573526,63,63,63,63,61,63,0,7819,1.11328740596807,27,-86,0.001869,51,2026-03-01 01:37:48.000161,660,1.037,0.0011,"aoml_navis",1030.29993996009
"7901009",103,0,1,0.031773,1,0.009345,1,123.722907058815,1,4.85290804954996,662,1,7.19399976730347,34.8800010681152,0.0317730009555817,0.0167881175875664,119.304901123047,-85.6223,27.1053,23.8406168573526,63,63,63,63,61,63,0,7819,1.11328740596807,27,-86,0.001869,51,2026-03-01 01:37:48.000161,662,1.037,0.0011,"aoml_navis",1030.31006335751
"7901009",103,0,1,0.028035,1,0.005607,1,123.73877045904,1,4.85286034734771,664,1,7.18699979782104,34.8800010681152,0.0280349999666214,0.0134304938837886,119.320198059082,-85.6223,27.1053,23.8406168573526,63,63,63,63,61,63,0,7819,1.11328740596807,27,-86,0.001869,51,2026-03-01 01:37:48.000161,664,1.037,0.0011,"aoml_navis",1030.32019100502
"7901009",103,0,1,0.031773,1,0.009345,1,123.863011343698,1,4.8528119406917,666,1,7.17399978637695,34.8790016174316,0.0317730009555817,0.0167881175875664,119.440002441406,-85.6223,27.1053,23.8406168573526,63,63,63,63,61,63,0,7819,1.11328740596807,27,-86,0.001869,51,2026-03-01 01:37:48.000161,666,1.037,0.0011,"aoml_navis",1030.33046841855
"7901009",103,0,1,0.029904,1,0.007476,1,123.969197226204,1,4.85276501707752,668,1,7.16300010681152,34.8779983520508,0.0299040004611015,0.0151093062013388,119.54239654541,-85.6223,27.1053,23.8406168573526,63,63,63,63,61,63,0,7819,1.11328740596807,27,-86,0.001869,51,2026-03-01 01:37:48.000161,668,1.037,0.0011,"aoml_navis",1030.34043115715
"7901009",103,0,1,0.029904,1,0.007476,1,124.107125733001,1,4.85271878585687,670,1,7.15799999237061,34.8779983520508,0.0299040004611015,0.0151093062013388,119.675399780273,-85.6223,27.1053,23.8406168573526,63,63,63,63,61,63,0,7819,1.11328740596807,27,-86,0.001869,51,2026-03-01 01:37:48.000161,670,1.037,0.0011,"aoml_navis",1030.35024707642
"7901009",103,0,1,0.028035,1,0.005607,1,124.39552314029,1,4.85266746931635,672,1,7.14099979400635,34.8769989013672,0.0280349999666214,0.0134304938837886,119.953498840332,-85.6223,27.1053,23.8406168573526,63,63,63,63,61,63,0,7819,1.11328740596807,27,-86,0.001869,51,2026-03-01 01:37:48.000161,672,1.037,0.0011,"aoml_navis",1030.36114294153
"7901009",103,0,1,0.031773,1,0.009345,1,124.687963538859,1,4.85261908392787,674,1,7.12799978256226,34.8759994506836,0.0317730009555817,0.0167881175875664,120.235496520996,-85.6223,27.1053,23.8406168573526,63,63,63,63,61,63,0,7819,1.11328740596807,27,-86,0.001869,51,2026-03-01 01:37:48.000161,674,1.037,0.0011,"aoml_navis",1030.37141665627
"7901009",103,0,1,0.029904,1,0.007476,1,125.21156651318,1,4.85257365964745,676,1,7.11399984359741,34.8740005493164,0.0299040004611015,0.0151093062013388,120.74040222168,-85.6223,27.1053,23.8406168573526,63,63,63,63,61,63,0,7819,1.11328740596807,27,-86,0.001869,51,2026-03-01 01:37:48.000161,676,1.037,0.0011,"aoml_navis",1030.38106182262
"7901009",103,0,1,0.029904,1,0.007476,1,126.086609075836,1,4.85249615669905,678,1,7.06099987030029,34.8730010986328,0.0299040004611015,0.0151093062013388,121.584197998047,-85.6223,27.1053,23.8406168573526,63,63,63,63,61,63,0,7819,1.11328740596807,27,-86,0.001869,51,2026-03-01 01:37:48.000161,678,1.037,0.0011,"aoml_navis",1030.39751883107
"7901009",103,0,1,0.028035,1,0.005607,1,126.713391402945,1,4.85240003018518,680,1,6.97700023651123,34.8709983825684,0.0280349999666214,0.0134304938837886,122.188598632812,-85.6223,27.1053,23.8406168573526,63,63,63,63,61,63,0,7819,1.11328740596807,27,-86,0.001869,51,2026-03-01 01:37:48.000161,680,1.037,0.0011,"aoml_navis",1030.41793110557
"7901009",103,0,1,0.031773,1,0.009345,1,126.926396121582,1,4.85233503194539,682,1,6.94600009918213,34.8709983825684,0.0317730009555817,0.0167881175875664,122.393997192383,-85.6223,27.1053,23.8406168573526,63,63,63,63,61,63,0,7819,1.11328740596807,27,-86,0.001869,51,2026-03-01 01:37:48.000161,682,1.037,0.0011,"aoml_navis",1030.43173381114
"7901009",103,0,1,0.026166,1,0.003738,1,127.109121921185,1,4.85228962304215,684,1,6.93699979782104,34.8699989318848,0.0261659994721413,0.0117516815662384,122.570198059082,-85.6223,27.1053,23.8406168573526,63,63,63,63,61,63,0,7819,1.11328740596807,27,-86,0.001869,51,2026-03-01 01:37:48.000161,684,1.037,0.0011,"aoml_navis",1030.44137684124
"7901009",103,0,1,0.029904,1,0.007476,1,127.305535342928,1,4.85223764618337,686,1,6.92399978637695,34.8699989318848,0.0299040004611015,0.0151093062013388,122.75959777832,-85.6223,27.1053,23.8406168573526,63,63,63,63,61,63,0,7819,1.11328740596807,27,-86,0.001869,51,2026-03-01 01:37:48.000161,686,1.037,0.0011,"aoml_navis",1030.45241486324
"7901009",103,0,1,0.028035,1,0.005607,1,127.567696822463,1,4.85219440814599,688,1,6.91800022125244,34.8689994812012,0.0280349999666214,0.0134304938837886,123.012397766113,-85.6223,27.1053,23.8406168573526,63,63,63,63,61,63,0,7819,1.11328740596807,27,-86,0.001869,51,2026-03-01 01:37:48.000161,688,1.037,0.0011,"aoml_navis",1030.46159725296
"7901009",103,0,1,0.026166,1,0.003738,1,127.96384667248,1,4.85214612605878,690,1,6.90500020980835,34.8680000305176,0.0261659994721413,0.0117516815662384,123.394401550293,-85.6223,27.1053,23.8406168573526,63,63,63,63,61,63,0,7819,1.11328740596807,27,-86,0.001869,51,2026-03-01 01:37:48.000161,690,1.037,0.0011,"aoml_navis",1030.47185103251
"7901009",103,0,1,0.029904,1,0.007476,1,128.588761786395,1,4.85207545608572,692,1,6.86600017547607,34.8680000305176,0.0299040004611015,0.0151093062013388,123.997001647949,-85.6223,27.1053,23.8406168573526,63,63,63,63,61,63,0,7819,1.11328740596807,27,-86,0.001869,51,2026-03-01 01:37:48.000161,692,1.037,0.0011,"aoml_navis",1030.48685974756
"7901009",103,0,1,0.029904,1,0.007476,1,129.086635195862,1,4.8519985006811,694,1,6.81300020217896,34.867000579834,0.0299040004611015,0.0151093062013388,124.477096557617,-85.6223,27.1053,23.8406168573526,63,63,63,63,61,63,0,7819,1.11328740596807,27,-86,0.001869,51,2026-03-01 01:37:48.000161,694,1.037,0.0011,"aoml_navis",1030.50320384438
"7901009",103,0,1,0.026166,1,0.003738,1,129.432797533349,1,4.85193810266258,696,1,6.78299999237061,34.8660011291504,0.0261659994721413,0.0117516815662384,124.810897827148,-85.6223,27.1053,23.8406168573526,63,63,63,63,61,63,0,7819,1.11328740596807,27,-86,0.001869,51,2026-03-01 01:37:48.000161,696,1.037,0.0011,"aoml_navis",1030.51603178041
"7901009",103,0,1,0.028035,1,0.005607,1,129.681271390744,1,4.85187405385784,698,1,6.75299978256226,34.8660011291504,0.0280349999666214,0.0134304938837886,125.050498962402,-85.6223,27.1053,23.8406168573526,63,63,63,63,61,63,0,7819,1.11328740596807,27,-86,0.001869,51,2026-03-01 01:37:48.000161,698,1.037,0.0011,"aoml_navis",1030.52963545589
"7901009",103,0,1,0.031773,1,0.009345,1,129.899363474142,1,4.85181859530741,700,1,6.7350001335144,34.8660011291504,0.0317730009555817,0.0167881175875664,125.260803222656,-85.6223,27.1053,23.8406168573526,63,63,63,63,61,63,0,7819,1.11328740596807,27,-86,0.001869,51,2026-03-01 01:37:48.000161,700,1.037,0.0011,"aoml_navis",1030.54141489047
"7901009",103,0,1,0.031773,1,0.009345,1,130.118072687323,1,4.85176386061288,702,1,6.71799993515015,34.8660011291504,0.0317730009555817,0.0167881175875664,125.471702575684,-85.6223,27.1053,23.8406168573526,63,63,63,63,61,63,0,7819,1.11328740596807,27,-86,0.001869,51,2026-03-01 01:37:48.000161,702,1.037,0.0011,"aoml_navis",1030.5530408416
"7901009",103,0,1,0.031773,1,0.009345,1,130.280781328538,1,4.85170557810895,704,1,6.69600009918213,34.8660011291504,0.0317730009555817,0.0167881175875664,125.628601074219,-85.6223,27.1053,23.8406168573526,63,63,63,63,61,63,0,7819,1.11328740596807,27,-86,0.001869,51,2026-03-01 01:37:48.000161,704,1.037,0.0011,"aoml_navis",1030.5654206554
"7901009",103,0,1,0.031773,1,0.009345,1,130.437168345423,1,4.85165300072916,706,1,6.68200016021729,34.8660011291504,0.0317730009555817,0.0167881175875664,125.779403686523,-85.6223,27.1053,23.8406168573526,63,63,63,63,61,63,0,7819,1.11328740596807,27,-86,0.001869,51,2026-03-01 01:37:48.000161,706,1.037,0.0011,"aoml_navis",1030.57658889631
"7901009",103,0,1,0.031773,1,0.009345,1,130.540767029987,1,4.85160398349509,708,1,6.6729998588562,34.8660011291504,0.0317730009555817,0.0167881175875664,125.879302978516,-85.6223,27.1053,23.8406168573526,63,63,63,63,61,63,0,7819,1.11328740596807,27,-86,0.001869,51,2026-03-01 01:37:48.000161,708,1.037,0.0011,"aoml_navis",1030.58700112576
"7901009",103,0,1,0.029904,1,0.007476,1,130.678173350044,1,4.85155425926113,710,1,6.66300010681152,34.8660011291504,0.0299040004611015,0.0151093062013388,126.01180267334,-85.6223,27.1053,23.8406168573526,63,63,63,63,61,63,0,7819,1.11328740596807,27,-86,0.001869,51,2026-03-01 01:37:48.000161,710,1.037,0.0011,"aoml_navis",1030.59756375094
"7901009",103,0,1,0.028035,1,0.005607,1,130.753352416847,1,4.85150666940391,712,1,6.6560001373291,34.8660011291504,0.0280349999666214,0.0134304938837886,126.084297180176,-85.6223,27.1053,23.8406168573526,63,63,63,63,61,63,0,7819,1.11328740596807,27,-86,0.001869,51,2026-03-01 01:37:48.000161,712,1.037,0.0011,"aoml_navis",1030.60767318585
"7901009",103,0,1,0.028035,1,0.005607,1,130.915649638205,1,4.85145255438443,714,1,6.64499998092651,34.867000579834,0.0280349999666214,0.0134304938837886,126.240798950195,-85.6223,27.1053,23.8406168573526,63,63,63,63,61,63,0,7819,1.11328740596807,27,-86,0.001869,51,2026-03-01 01:37:48.000161,714,1.037,0.0011,"aoml_navis",1030.61916899122
"7901009",103,0,1,0.026166,1,0.003738,1,131.071308758422,1,4.85140794698721,716,1,6.63700008392334,34.8660011291504,0.0261659994721413,0.0117516815662384,126.390899658203,-85.6223,27.1053,23.8406168573526,63,63,63,63,61,63,0,7819,1.11328740596807,27,-86,0.001869,51,2026-03-01 01:37:48.000161,716,1.037,0.0011,"aoml_navis",1030.62864525855
"7901009",103,0,1,0.028035,1,0.005607,1,131.248124353552,1,4.85135242102207,718,1,6.62400007247925,34.867000579834,0.0280349999666214,0.0134304938837886,126.561401367188,-85.6223,27.1053,23.8406168573526,63,63,63,63,61,63,0,7819,1.11328740596807,27,-86,0.001869,51,2026-03-01 01:37:48.000161,718,1.037,0.0011,"aoml_navis",1030.64044127856
"7901009",103,0,1,0.029904,1,0.007476,1,131.403364141992,1,4.85130200572781,720,1,6.61299991607666,34.867000579834,0.0299040004611015,0.0151093062013388,126.711097717285,-85.6223,27.1053,23.8406168573526,63,63,63,63,61,63,0,7819,1.11328740596807,27,-86,0.001869,51,2026-03-01 01:37:48.000161,720,1.037,0.0011,"aoml_navis",1030.65115181381
"7901009",103,0,1,0.028035,1,0.005607,1,131.607143561545,1,4.85125442984338,722,1,6.60599994659424,34.867000579834,0.0280349999666214,0.0134304938837886,126.907600402832,-85.6223,27.1053,23.8406168573526,63,63,63,63,61,63,0,7819,1.11328740596807,27,-86,0.001869,51,2026-03-01 01:37:48.000161,722,1.037,0.0011,"aoml_navis",1030.66125933152
"7901009",103,0,1,0.031773,1,0.009345,1,131.96772141784,1,4.85121267311375,723.900024414062,1,6.59899997711182,34.8660011291504,0.0317730009555817,0.0167881175875664,127.255302429199,-85.6223,27.1053,23.8406168573526,63,63,63,63,61,63,0,7819,1.11328740596807,27,-86,0.001869,51,2026-03-01 01:37:48.000161,723.900024414062,1.037,0.0011,"aoml_navis",1030.67013073058
"7901009",103,0,1,0.026166,1,0.003738,1,132.483847627466,1,4.85115603669556,726,1,6.5770001411438,34.8650016784668,0.0261659994721413,0.0117516815662384,127.752998352051,-85.6223,27.1053,23.8406168573526,63,63,63,63,61,63,0,7819,1.11328740596807,27,-86,0.001869,51,2026-03-01 01:37:48.000161,726,1.037,0.0011,"aoml_navis",1030.68216362833
"7901009",103,0,1,0.029904,1,0.007476,1,132.910893526301,1,4.85109644796233,728,1,6.55299997329712,34.8650016784668,0.0299040004611015,0.0151093062013388,128.164794921875,-85.6223,27.1053,23.8406168573526,63,63,63,63,61,63,0,7819,1.11328740596807,27,-86,0.001869,51,2026-03-01 01:37:48.000161,728,1.037,0.0011,"aoml_navis",1030.6948240743
"7901009",103,0,1,0.028035,1,0.005607,1,133.353818649202,1,4.85103846558869,730,1,6.52600002288818,34.8639984130859,0.0280349999666214,0.0134304938837886,128.591903686523,-85.6223,27.1053,23.8406168573526,63,63,63,63,61,63,0,7819,1.11328740596807,27,-86,0.001869,51,2026-03-01 01:37:48.000161,730,1.037,0.0011,"aoml_navis",1030.70714352566
"7901009",103,0,1,0.031773,1,0.009345,1,133.777755163355,1,4.85096677116995,732,1,6.48999977111816,34.8650016784668,0.0317730009555817,0.0167881175875664,129.000701904297,-85.6223,27.1053,23.8406168573526,63,63,63,63,61,63,0,7819,1.11328740596807,27,-86,0.001869,51,2026-03-01 01:37:48.000161,732,1.037,0.0011,"aoml_navis",1030.72237676741
"7901009",103,0,1,0.029904,1,0.007476,1,134.072679904901,1,4.85090796686429,734,1,6.46700000762939,34.8650016784668,0.0299040004611015,0.0151093062013388,129.285095214844,-85.6223,27.1053,23.8406168573526,63,63,63,63,61,63,0,7819,1.11328740596807,27,-86,0.001869,51,2026-03-01 01:37:48.000161,734,1.037,0.0011,"aoml_navis",1030.73487152387
"7901009",103,0,1,0.028035,1,0.005607,1,134.364503173685,1,4.8508562057931,736,1,6.4539999961853,34.8650016784668,0.0280349999666214,0.0134304938837886,129.566497802734,-85.6223,27.1053,23.8406168573526,63,63,63,63,61,63,0,7819,1.11328740596807,27,-86,0.001869,51,2026-03-01 01:37:48.000161,736,1.037,0.0011,"aoml_navis",1030.74586998246
"7901009",103,0,1,0.028035,1,0.005607,1,134.713877750818,1,4.85080866438337,738,1,6.44700002670288,34.8650016784668,0.0280349999666214,0.0134304938837886,129.903396606445,-85.6223,27.1053,23.8406168573526,63,63,63,63,61,63,0,7819,1.11328740596807,27,-86,0.001869,51,2026-03-01 01:37:48.000161,738,1.037,0.0011,"aoml_navis",1030.75597203247
"7901009",103,0,1,0.033642,1,0.011214,1,135.200666559928,1,4.85073779376835,740,1,6.41200017929077,34.8660011291504,0.0336420014500618,0.018466928973794,130.372802734375,-85.6223,27.1053,23.8406168573526,63,63,63,63,61,63,0,7819,1.11328740596807,27,-86,0.001869,51,2026-03-01 01:37:48.000161,740,1.037,0.0011,"aoml_navis",1030.77103166108
"7901009",103,0,1,0.029904,1,0.007476,1,135.715969929842,1,4.85068624397213,742,1,6.39400005340576,34.8650016784668,0.0299040004611015,0.0151093062013388,130.869705200195,-85.6223,27.1053,23.8406168573526,63,63,63,63,61,63,0,7819,1.11328740596807,27,-86,0.001869,51,2026-03-01 01:37:48.000161,742,1.037,0.0011,"aoml_navis",1030.78198599495
"7901009",103,0,1,0.024297,1,0.001869,1,136.152138272797,1,4.85061404965273,744,1,6.35699987411499,34.8660011291504,0.0242970008403063,0.0100728701800108,131.290298461914,-85.6223,27.1053,23.8406168573526,63,63,63,63,61,63,0,7819,1.11328740596807,27,-86,0.001869,51,2026-03-01 01:37:48.000161,744,1.037,0.0011,"aoml_navis",1030.79732768225
"7901009",103,0,1,0.031773,1,0.009345,1,136.409117444528,1,4.85055536095816,746,1,6.33400011062622,34.8660011291504,0.0317730009555817,0.0167881175875664,131.538101196289,-85.6223,27.1053,23.8406168573526,63,63,63,63,61,63,0,7819,1.11328740596807,27,-86,0.001869,51,2026-03-01 01:37:48.000161,746,1.037,0.0011,"aoml_navis",1030.809799687
"7901009",103,0,1,0.031773,1,0.009345,1,136.543936566642,1,4.8505071470668,748,1,6.32600021362305,34.8660011291504,0.0317730009555817,0.0167881175875664,131.668106079102,-85.6223,27.1053,23.8406168573526,63,63,63,63,61,63,0,7819,1.11328740596807,27,-86,0.001869,51,2026-03-01 01:37:48.000161,748,1.037,0.0011,"aoml_navis",1030.8200459046
"7901009",103,0,1,0.029904,1,0.007476,1,136.792924698858,1,4.85046033013957,750,1,6.32000017166138,34.8660011291504,0.0299040004611015,0.0151093062013388,131.908203125,-85.6223,27.1053,23.8406168573526,63,63,63,63,61,63,0,7819,1.11328740596807,27,-86,0.001869,51,2026-03-01 01:37:48.000161,750,1.037,0.0011,"aoml_navis",1030.82999544007
"7901009",103,0,1,0.028035,1,0.005607,1,137.046169444201,1,4.85040863644354,752,1,6.30700016021729,34.8660011291504,0.0280349999666214,0.0134304938837886,132.152404785156,-85.6223,27.1053,23.8406168573526,63,63,63,63,61,63,0,7819,1.11328740596807,27,-86,0.001869,51,2026-03-01 01:37:48.000161,752,1.037,0.0011,"aoml_navis",1030.84098160978
"7901009",103,0,1,0.033642,1,0.011214,1,137.327090086796,1,4.85036342211266,754,1,6.2979998588562,34.8650016784668,0.0336420014500618,0.018466928973794,132.423294067383,-85.6223,27.1053,23.8406168573526,63,63,63,63,61,63,0,7819,1.11328740596807,27,-86,0.001869,51,2026-03-01 01:37:48.000161,754,1.037,0.0011,"aoml_navis",1030.85059094854
"7901009",103,0,1,0.031773,1,0.009345,1,137.686322916637,1,4.85030457113514,756,1,6.28000020980835,34.8660011291504,0.0317730009555817,0.0167881175875664,132.76969909668,-85.6223,27.1053,23.8406168573526,63,63,63,63,61,63,0,7819,1.11328740596807,27,-86,0.001869,51,2026-03-01 01:37:48.000161,756,1.037,0.0011,"aoml_navis",1030.86309873316
"7901009",103,0,1,0.033642,1,0.011214,1,137.983019928334,1,4.85025220015101,758,1,6.26599979400635,34.8660011291504,0.0336420014500618,0.018466928973794,133.055801391602,-85.6223,27.1053,23.8406168573526,63,63,63,63,61,63,0,7819,1.11328740596807,27,-86,0.001869,51,2026-03-01 01:37:48.000161,758,1.037,0.0011,"aoml_navis",1030.87422955951
"7901009",103,0,1,0.029904,1,0.007476,1,138.274431777261,1,4.85020977988735,760,1,6.26100015640259,34.8650016784668,0.0299040004611015,0.0151093062013388,133.336807250977,-85.6223,27.1053,23.8406168573526,63,63,63,63,61,63,0,7819,1.11328740596807,27,-86,0.001869,51,2026-03-01 01:37:48.000161,760,1.037,0.0011,"aoml_navis",1030.88324565543
"7901009",103,0,1,0.031773,1,0.009345,1,138.804862738812,1,4.85015325085793,762,1,6.24100017547607,34.8650016784668,0.0317730009555817,0.0167881175875664,133.848297119141,-85.6223,27.1053,23.8406168573526,63,63,63,63,61,63,0,7819,1.11328740596807,27,-86,0.001869,51,2026-03-01 01:37:48.000161,762,1.037,0.0011,"aoml_navis",1030.89526070451
"7901009",103,0,1,0.033642,1,0.011214,1,139.31342515262,1,4.85009396228503,764,1,6.21700000762939,34.8650016784668,0.0336420014500618,0.018466928973794,134.33869934082,-85.6223,27.1053,23.8406168573526,63,63,63,63,61,63,0,7819,1.11328740596807,27,-86,0.001869,51,2026-03-01 01:37:48.000161,764,1.037,0.0011,"aoml_navis",1030.90786258589
"7901009",103,0,1,0.029904,1,0.007476,1,139.610438641129,1,4.85003469575885,766,1,6.19299983978271,34.8650016784668,0.0299040004611015,0.0151093062013388,134.625106811523,-85.6223,27.1053,23.8406168573526,63,63,63,63,61,63,0,7819,1.11328740596807,27,-86,0.001869,51,2026-03-01 01:37:48.000161,766,1.037,0.0011,"aoml_navis",1030.92046008914
"7901009",103,0,1,0.028035,1,0.005607,1,139.856720896598,1,4.84998721311218,768,1,6.18599987030029,34.8650016784668,0.0280349999666214,0.0134304938837886,134.862594604492,-85.6223,27.1053,23.8406168573526,63,63,63,63,61,63,0,7819,1.11328740596807,27,-86,0.001869,51,2026-03-01 01:37:48.000161,768,1.037,0.0011,"aoml_navis",1030.93055307079
"7901009",103,0,1,0.033642,1,0.011214,1,140.285847630475,1,4.8499397327475,770,1,6.17899990081787,34.8650016784668,0.0336420014500618,0.018466928973794,135.276397705078,-85.6223,27.1053,23.8406168573526,63,63,63,63,61,63,0,7819,1.11328740596807,27,-86,0.001869,51,2026-03-01 01:37:48.000161,770,1.037,0.0011,"aoml_navis",1030.94064576499
"7901009",103,0,1,0.031773,1,0.009345,1,140.716002913993,1,4.84988602901407,772,1,6.16300010681152,34.8650016784668,0.0317730009555817,0.0167881175875664,135.691192626953,-85.6223,27.1053,23.8406168573526,63,63,63,63,61,63,0,7819,1.11328740596807,27,-86,0.001869,51,2026-03-01 01:37:48.000161,772,1.037,0.0011,"aoml_navis",1030.95206157173
"7901009",103,0,1,0.029904,1,0.007476,1,141.335838575068,1,4.84983810935226,774,1,6.15000009536743,34.8639984130859,0.0299040004611015,0.0151093062013388,136.28889465332,-85.6223,27.1053,23.8406168573526,63,63,63,63,61,63,0,7819,1.11328740596807,27,-86,0.001869,51,2026-03-01 01:37:48.000161,774,1.037,0.0011,"aoml_navis",1030.96224807137
"7901009",103,0,1,0.028035,1,0.005607,1,141.945926750318,1,4.84975014115784,776,1,6.09499979019165,34.8660011291504,0.0280349999666214,0.0134304938837886,136.877197265625,-85.6223,27.1053,23.8406168573526,63,63,63,63,61,63,0,7819,1.11328740596807,27,-86,0.001869,51,2026-03-01 01:37:48.000161,776,1.037,0.0011,"aoml_navis",1030.980948393
"7901009",103,0,1,0.028035,1,0.005607,1,142.171068354714,1,4.84969073478614,778,1,6.07600021362305,34.867000579834,0.0280349999666214,0.0134304938837886,137.094299316406,-85.6223,27.1053,23.8406168573526,63,63,63,63,61,63,0,7819,1.11328740596807,27,-86,0.001869,51,2026-03-01 01:37:48.000161,778,1.037,0.0011,"aoml_navis",1030.99357741221
"7901009",103,0,1,0.033642,1,0.011214,1,142.510173259282,1,4.84964696574097,780,1,6.06899976730347,34.8660011291504,0.0336420014500618,0.018466928973794,137.421295166016,-85.6223,27.1053,23.8406168573526,63,63,63,63,61,63,0,7819,1.11328740596807,27,-86,0.001869,51,2026-03-01 01:37:48.000161,780,1.037,0.0011,"aoml_navis",1031.00288233786
"7901009",103,0,1,0.028035,1,0.005607,1,142.896259146662,1,4.84958963740545,782,1,6.05299997329712,34.867000579834,0.0280349999666214,0.0134304938837886,137.793594360352,-85.6223,27.1053,23.8406168573526,63,63,63,63,61,63,0,7819,1.11328740596807,27,-86,0.001869,51,2026-03-01 01:37:48.000161,782,1.037,0.0011,"aoml_navis",1031.01507010705
"7901009",103,0,1,0.028035,1,0.005607,1,143.248228833657,1,4.84953188909166,784,1,6.0310001373291,34.867000579834,0.0280349999666214,0.0134304938837886,138.132995605469,-85.6223,27.1053,23.8406168573526,63,63,63,63,61,63,0,7819,1.11328740596807,27,-86,0.001869,51,2026-03-01 01:37:48.000161,784,1.037,0.0011,"aoml_navis",1031.02734745322
"7901009",103,0,1,0.033642,1,0.011214,1,143.427750305534,1,4.84947321138029,786,1,6.01300001144409,34.8680000305176,0.0336420014500618,0.018466928973794,138.306106567383,-85.6223,27.1053,23.8406168573526,63,63,63,63,61,63,0,7819,1.11328740596807,27,-86,0.001869,51,2026-03-01 01:37:48.000161,786,1.037,0.0011,"aoml_navis",1031.0398226897
"7901009",103,0,1,0.029904,1,0.007476,1,143.612446173295,1,4.84942782465754,788,1,6.00899982452393,34.8680000305176,0.0299040004611015,0.0151093062013388,138.48420715332,-85.6223,27.1053,23.8406168573526,63,63,63,63,61,63,0,7819,1.11328740596807,27,-86,0.001869,51,2026-03-01 01:37:48.000161,788,1.037,0.0011,"aoml_navis",1031.04947238865
"7901009",103,0,1,0.031773,1,0.009345,1,143.843173593431,1,4.84937832854556,790,1,5.99900007247925,34.8680000305176,0.0317730009555817,0.0167881175875664,138.706695556641,-85.6223,27.1053,23.8406168573526,63,63,63,63,61,63,0,7819,1.11328740596807,27,-86,0.001869,51,2026-03-01 01:37:48.000161,790,1.037,0.0011,"aoml_navis",1031.05999599326
"7901009",103,0,1,0.033642,1,0.011214,1,144.039183507238,1,4.84933089053366,792,1,5.99200010299683,34.8680000305176,0.0336420014500618,0.018466928973794,138.895706176758,-85.6223,27.1053,23.8406168573526,63,63,63,63,61,63,0,7819,1.11328740596807,27,-86,0.001869,51,2026-03-01 01:37:48.000161,792,1.037,0.0011,"aoml_navis",1031.070082217
"7901009",103,0,1,0.029904,1,0.007476,1,144.271683197524,1,4.84928071592666,794,1,5.98099994659424,34.8680000305176,0.0299040004611015,0.0151093062013388,139.119903564453,-85.6223,27.1053,23.8406168573526,63,63,63,63,61,63,0,7819,1.11328740596807,27,-86,0.001869,51,2026-03-01 01:37:48.000161,794,1.037,0.0011,"aoml_navis",1031.08075050766
"7901009",103,0,1,0.029904,1,0.007476,1,144.421218491419,1,4.84922343693515,796,1,5.96500015258789,34.8689994812012,0.0299040004611015,0.0151093062013388,139.264099121094,-85.6223,27.1053,23.8406168573526,63,63,63,63,61,63,0,7819,1.11328740596807,27,-86,0.001869,51,2026-03-01 01:37:48.000161,796,1.037,0.0011,"aoml_navis",1031.09292962589
"7901009",103,0,1,0.029904,1,0.007476,1,144.450777425704,1,4.84917669161781,798,1,5.95900011062622,34.8689994812012,0.0299040004611015,0.0151093062013388,139.292602539062,-85.6223,27.1053,23.8406168573526,63,63,63,63,61,63,0,7819,1.11328740596807,27,-86,0.001869,51,2026-03-01 01:37:48.000161,798,1.037,0.0011,"aoml_navis",1031.10286920312
"7901009",103,0,1,0.029904,1,0.007476,1,144.49962562171,1,4.84913336789556,800,1,5.95800018310547,34.8689994812012,0.0299040004611015,0.0151093062013388,139.339706420898,-85.6223,27.1053,23.8406168573526,63,63,63,63,61,63,0,7819,1.11328740596807,27,-86,0.001869,51,2026-03-01 01:37:48.000161,800,1.037,0.0011,"aoml_navis",1031.11208140887
"7901009",103,0,1,0.031773,1,0.009345,1,144.506050101003,1,4.84908936195726,802,1,5.95599985122681,34.8689994812012,0.0317730009555817,0.0167881175875664,139.345901489258,-85.6223,27.1053,23.8406168573526,63,63,63,63,61,63,0,7819,1.11328740596807,27,-86,0.001869,51,2026-03-01 01:37:48.000161,802,1.037,0.0011,"aoml_navis",1031.1214388472
"7901009",103,0,1,0.029904,1,0.007476,1,144.506366577815,1,4.8490460425065,804,1,5.95499992370605,34.8689994812012,0.0299040004611015,0.0151093062013388,139.346206665039,-85.6223,27.1053,23.8406168573526,63,63,63,63,61,63,0,7819,1.11328740596807,27,-86,0.001869,51,2026-03-01 01:37:48.000161,804,1.037,0.0011,"aoml_navis",1031.13065047645
"7901009",103,0,1,0.029904,1,0.007476,1,144.496397558222,1,4.84900340965398,806,1,5.95499992370605,34.8689994812012,0.0299040004611015,0.0151093062013388,139.33659362793,-85.6223,27.1053,23.8406168573526,63,63,63,63,61,63,0,7819,1.11328740596807,27,-86,0.001869,51,2026-03-01 01:37:48.000161,806,1.037,0.0011,"aoml_navis",1031.13971626528
"7901009",103,0,1,0.029904,1,0.007476,1,144.51258534718,1,4.84896291028531,807.900024414062,1,5.95499992370605,34.8689994812012,0.0299040004611015,0.0151093062013388,139.352203369141,-85.6223,27.1053,23.8406168573526,63,63,63,63,61,63,0,7819,1.11328740596807,27,-86,0.001869,51,2026-03-01 01:37:48.000161,807.900024414062,1.037,0.0011,"aoml_navis",1031.14832852079
"7901009",103,0,1,0.028035,1,0.005607,1,144.539644114647,1,4.84891746681622,810,1,5.9539999961853,34.8689994812012,0.0280349999666214,0.0134304938837886,139.378295898438,-85.6223,27.1053,23.8406168573526,63,63,63,63,61,63,0,7819,1.11328740596807,27,-86,0.001869,51,2026-03-01 01:37:48.000161,810,1.037,0.0011,"aoml_navis",1031.15799231843
"7901009",103,0,1,0.035511,1,0.013083,1,144.610898868976,1,4.84887484141623,812,1,5.9539999961853,34.8689994812012,0.0355109982192516,0.0201457403600216,139.447006225586,-85.6223,27.1053,23.8406168573526,63,63,63,63,61,63,0,7819,1.11328740596807,27,-86,0.001869,51,2026-03-01 01:37:48.000161,812,1.037,0.0011,"aoml_navis",1031.16705700319
"7901009",103,0,1,0.029904,1,0.007476,1,144.710240940412,1,4.84883221856526,814,1,5.9539999961853,34.8689994812012,0.0299040004611015,0.0151093062013388,139.54280090332,-85.6223,27.1053,23.8406168573526,63,63,63,63,61,63,0,7819,1.11328740596807,27,-86,0.001869,51,2026-03-01 01:37:48.000161,814,1.037,0.0011,"aoml_navis",1031.17612130524
"7901009",103,0,1,0.029904,1,0.007476,1,144.850440168339,1,4.84878891294457,816,1,5.95300006866455,34.8689994812012,0.0299040004611015,0.0151093062013388,139.677993774414,-85.6223,27.1053,23.8406168573526,63,63,63,63,61,63,0,7819,1.11328740596807,27,-86,0.001869,51,2026-03-01 01:37:48.000161,816,1.037,0.0011,"aoml_navis",1031.18533097033
"7901009",103,0,1,0.031773,1,0.009345,1,145.15865693601,1,4.84874218263521,818,1,5.94700002670288,34.8689994812012,0.0317730009555817,0.0167881175875664,139.975204467773,-85.6223,27.1053,23.8406168573526,63,63,63,63,61,63,0,7819,1.11328740596807,27,-86,0.001869,51,2026-03-01 01:37:48.000161,818,1.037,0.0011,"aoml_navis",1031.19526913732
"7901009",103,0,1,0.028035,1,0.005607,1,145.597103912014,1,4.84868655182096,820,1,5.92799997329712,34.8689994812012,0.0280349999666214,0.0134304938837886,140.397994995117,-85.6223,27.1053,23.8406168573526,63,63,63,63,61,63,0,7819,1.11328740596807,27,-86,0.001869,51,2026-03-01 01:37:48.000161,820,1.037,0.0011,"aoml_navis",1031.20710043057
"7901009",103,0,1,0.029904,1,0.007476,1,145.803889861286,1,4.84863640554203,822,1,5.91699981689453,34.8689994812012,0.0299040004611015,0.0151093062013388,140.597396850586,-85.6223,27.1053,23.8406168573526,63,63,63,63,61,63,0,7819,1.11328740596807,27,-86,0.001869,51,2026-03-01 01:37:48.000161,822,1.037,0.0011,"aoml_navis",1031.21776553197
"7901009",103,0,1,0.035511,1,0.013083,1,146.094890290358,1,4.84858694763804,824,1,5.90700006484985,34.8689994812012,0.0355109982192516,0.0201457403600216,140.878005981445,-85.6223,27.1053,23.8406168573526,63,63,63,63,61,63,0,7819,1.11328740596807,27,-86,0.001869,51,2026-03-01 01:37:48.000161,824,1.037,0.0011,"aoml_navis",1031.22828444599
"7901009",103,0,1,0.029904,1,0.007476,1,146.362851207481,1,4.84852902247003,826,1,5.8899998664856,34.8699989318848,0.0299040004611015,0.0151093062013388,141.13639831543,-85.6223,27.1053,23.8406168573526,63,63,63,63,61,63,0,7819,1.11328740596807,27,-86,0.001869,51,2026-03-01 01:37:48.000161,826,1.037,0.0011,"aoml_navis",1031.24060448602
"7901009",103,0,1,0.026166,1,0.003738,1,146.619830379212,1,4.84846564902911,828,1,5.86499977111816,34.8709983825684,0.0261659994721413,0.0117516815662384,141.384201049805,-85.6223,27.1053,23.8406168573526,63,63,63,63,61,63,0,7819,1.11328740596807,27,-86,0.001869,51,2026-03-01 01:37:48.000161,828,1.037,0.0011,"aoml_navis",1031.25408365041
"7901009",103,0,1,0.033642,1,0.011214,1,146.688695733607,1,4.84840637309118,830,1,5.84600019454956,34.8720016479492,0.0336420014500618,0.018466928973794,141.450607299805,-85.6223,27.1053,23.8406168573526,63,63,63,63,61,63,0,7819,1.11328740596807,27,-86,0.001869,51,2026-03-01 01:37:48.000161,830,1.037,0.0011,"aoml_navis",1031.26669161854
"7901009",103,0,1,0.031773,1,0.009345,1,146.719378160576,1,4.84836375239847,832,1,5.84600019454956,34.8720016479492,0.0317730009555817,0.0167881175875664,141.480194091797,-85.6223,27.1053,23.8406168573526,63,63,63,63,61,63,0,7819,1.11328740596807,27,-86,0.001869,51,2026-03-01 01:37:48.000161,832,1.037,0.0011,"aoml_navis",1031.27575721325
"7901009",103,0,1,0.031773,1,0.009345,1,146.808782860101,1,4.84831636307968,834,1,5.83900022506714,34.8720016479492,0.0317730009555817,0.0167881175875664,141.56640625,-85.6223,27.1053,23.8406168573526,63,63,63,63,61,63,0,7819,1.11328740596807,27,-86,0.001869,51,2026-03-01 01:37:48.000161,834,1.037,0.0011,"aoml_navis",1031.28583730126
"7901009",103,0,1,0.029904,1,0.007476,1,146.896193755707,1,4.84826897569163,836,1,5.83199977874756,34.8720016479492,0.0299040004611015,0.0151093062013388,141.650695800781,-85.6223,27.1053,23.8406168573526,63,63,63,63,61,63,0,7819,1.11328740596807,27,-86,0.001869,51,2026-03-01 01:37:48.000161,836,1.037,0.0011,"aoml_navis",1031.29591717562
"7901009",103,0,1,0.031773,1,0.009345,1,146.980613945435,1,4.84822499716222,838,1,5.82999992370605,34.8720016479492,0.0317730009555817,0.0167881175875664,141.73210144043,-85.6223,27.1053,23.8406168573526,63,63,63,63,61,63,0,7819,1.11328740596807,27,-86,0.001869,51,2026-03-01 01:37:48.000161,838,1.037,0.0011,"aoml_navis",1031.30527212054
"7901009",103,0,1,0.029904,1,0.007476,1,147.01525233256,1,4.84818102059616,840,1,5.82800006866455,34.8720016479492,0.0299040004611015,0.0151093062013388,141.765502929688,-85.6223,27.1053,23.8406168573526,63,63,63,63,61,63,0,7819,1.11328740596807,27,-86,0.001869,51,2026-03-01 01:37:48.000161,840,1.037,0.0011,"aoml_navis",1031.31462681754
"7901009",103,0,1,0.029904,1,0.007476,1,147.15401159099,1,4.84813636418462,842,1,5.82499980926514,34.8720016479492,0.0299040004611015,0.0151093062013388,141.899307250977,-85.6223,27.1053,23.8406168573526,63,63,63,63,61,63,0,7819,1.11328740596807,27,-86,0.001869,51,2026-03-01 01:37:48.000161,842,1.037,0.0011,"aoml_navis",1031.32412630496
"7901009",103,0,1,0.031773,1,0.009345,1,147.203255383011,1,4.84809170991854,844,1,5.82200002670288,34.8720016479492,0.0317730009555817,0.0167881175875664,141.946792602539,-85.6223,27.1053,23.8406168573526,63,63,63,63,61,63,0,7819,1.11328740596807,27,-86,0.001869,51,2026-03-01 01:37:48.000161,844,1.037,0.0011,"aoml_navis",1031.33362551098
"7901009",103,0,1,0.033642,1,0.011214,1,147.304274781554,1,4.84804705714776,846,1,5.81899976730347,34.8720016479492,0.0336420014500618,0.018466928973794,142.044204711914,-85.6223,27.1053,23.8406168573526,63,63,63,63,61,63,0,7819,1.11328740596807,27,-86,0.001869,51,2026-03-01 01:37:48.000161,846,1.037,0.0011,"aoml_navis",1031.34312457389
"7901009",103,0,1,0.029904,1,0.007476,1,147.327393412705,1,4.84800308814423,848,1,5.81699991226196,34.8720016479492,0.0299040004611015,0.0151093062013388,142.066497802734,-85.6223,27.1053,23.8406168573526,63,63,63,63,61,63,0,7819,1.11328740596807,27,-86,0.001869,51,2026-03-01 01:37:48.000161,848,1.037,0.0011,"aoml_navis",1031.35247834876
"7901009",103,0,1,0.028035,1,0.005607,1,147.399676716675,1,4.84796048469055,850,1,5.81699991226196,34.8720016479492,0.0280349999666214,0.0134304938837886,142.136199951172,-85.6223,27.1053,23.8406168573526,63,63,63,63,61,63,0,7819,1.11328740596807,27,-86,0.001869,51,2026-03-01 01:37:48.000161,850,1.037,0.0011,"aoml_navis",1031.36154178434
"7901009",103,0,1,0.029904,1,0.007476,1,147.432764367419,1,4.84791651980439,852,1,5.81500005722046,34.8720016479492,0.0299040004611015,0.0151093062013388,142.168106079102,-85.6223,27.1053,23.8406168573526,63,63,63,63,61,63,0,7819,1.11328740596807,27,-86,0.001869,51,2026-03-01 01:37:48.000161,852,1.037,0.0011,"aoml_navis",1031.37089501734
"7901009",103,0,1,0.026166,1,0.003738,1,147.559687393063,1,4.84787187454365,854,1,5.81199979782104,34.8720016479492,0.0261659994721413,0.0117516815662384,142.290496826172,-85.6223,27.1053,23.8406168573526,63,63,63,63,61,63,0,7819,1.11328740596807,27,-86,0.001869,51,2026-03-01 01:37:48.000161,854,1.037,0.0011,"aoml_navis",1031.38039316905
"7901009",103,0,1,0.026166,1,0.003738,1,147.62481832107,1,4.84782791348509,856,1,5.80999994277954,34.8720016479492,0.0261659994721413,0.0117516815662384,142.353302001953,-85.6223,27.1053,23.8406168573526,63,63,63,63,61,63,0,7819,1.11328740596807,27,-86,0.001869,51,2026-03-01 01:37:48.000161,856,1.037,0.0011,"aoml_navis",1031.38974592964
"7901009",103,0,1,0.026166,1,0.003738,1,147.816777331678,1,4.84778327223419,858,1,5.80700016021729,34.8720016479492,0.0261659994721413,0.0117516815662384,142.53840637207,-85.6223,27.1053,23.8406168573526,63,63,63,63,61,63,0,7819,1.11328740596807,27,-86,0.001869,51,2026-03-01 01:37:48.000161,858,1.037,0.0011,"aoml_navis",1031.39924357544
"7901009",103,0,1,0.031773,1,0.009345,1,148.018056584412,1,4.84772744530791,860,1,5.79300022125244,34.8730010986328,0.0317730009555817,0.0167881175875664,142.732498168945,-85.6223,27.1053,23.8406168573526,63,63,63,63,61,63,0,7819,1.11328740596807,27,-86,0.001869,51,2026-03-01 01:37:48.000161,860,1.037,0.0011,"aoml_navis",1031.41112127487
"7901009",103,0,1,0.024297,1,0.001869,1,148.178272970728,1,4.84767667353689,862,1,5.7810001373291,34.8730010986328,0.0242970008403063,0.0100728701800108,142.886993408203,-85.6223,27.1053,23.8406168573526,63,63,63,63,61,63,0,7819,1.11328740596807,27,-86,0.001869,51,2026-03-01 01:37:48.000161,862,1.037,0.0011,"aoml_navis",1031.4219236804
"7901009",103,0,1,0.031773,1,0.009345,1,148.296508707869,1,4.84763067413805,864,1,5.77600002288818,34.8730010986328,0.0317730009555817,0.0167881175875664,143.001007080078,-85.6223,27.1053,23.8406168573526,63,63,63,63,61,63,0,7819,1.11328740596807,27,-86,0.001869,51,2026-03-01 01:37:48.000161,864,1.037,0.0011,"aoml_navis",1031.43171089226
"7901009",103,0,1,0.029904,1,0.007476,1,148.418969410457,1,4.84758603891678,866,1,5.77299976348877,34.8730010986328,0.0299040004611015,0.0151093062013388,143.119094848633,-85.6223,27.1053,23.8406168573526,63,63,63,63,61,63,0,7819,1.11328740596807,27,-86,0.001869,51,2026-03-01 01:37:48.000161,866,1.037,0.0011,"aoml_navis",1031.441208028
"7901009",103,0,1,0.028035,1,0.005607,1,148.562602411799,1,4.84754208713214,868,1,5.77099990844727,34.8730010986328,0.0280349999666214,0.0134304938837886,143.257598876953,-85.6223,27.1053,23.8406168573526,63,63,63,63,61,63,0,7819,1.11328740596807,27,-86,0.001869,51,2026-03-01 01:37:48.000161,868,1.037,0.0011,"aoml_navis",1031.45055991831
"7901009",103,0,1,0.033642,1,0.011214,1,148.851830570721,1,4.84749609296072,870,1,5.76599979400635,34.8730010986328,0.0336420014500618,0.018466928973794,143.536499023438,-85.6223,27.1053,23.8406168573526,63,63,63,63,61,63,0,7819,1.11328740596807,27,-86,0.001869,51,2026-03-01 01:37:48.000161,870,1.037,0.0011,"aoml_navis",1031.46034656134
"7901009",103,0,1,0.028035,1,0.005607,1,149.233359192002,1,4.84744873829679,872,1,5.75899982452393,34.8730010986328,0.0280349999666214,0.0134304938837886,143.904403686523,-85.6223,27.1053,23.8406168573526,63,63,63,63,61,63,0,7819,1.11328740596807,27,-86,0.001869,51,2026-03-01 01:37:48.000161,872,1.037,0.0011,"aoml_navis",1031.4704228841
"7901009",103,0,1,0.031773,1,0.009345,1,149.728328926714,1,4.8473915734311,874,1,5.74300003051758,34.8740005493164,0.0317730009555817,0.0167881175875664,144.381698608398,-85.6223,27.1053,23.8406168573526,63,63,63,63,61,63,0,7819,1.11328740596807,27,-86,0.001869,51,2026-03-01 01:37:48.000161,874,1.037,0.0011,"aoml_navis",1031.48258692476
"7901009",103,0,1,0.028035,1,0.005607,1,149.964673810271,1,4.84733470386991,876,1,5.72200012207031,34.8740005493164,0.0280349999666214,0.0134304938837886,144.609603881836,-85.6223,27.1053,23.8406168573526,63,63,63,63,61,63,0,7819,1.11328740596807,27,-86,0.001869,51,2026-03-01 01:37:48.000161,876,1.037,0.0011,"aoml_navis",1031.49468841262
"7901009",103,0,1,0.031773,1,0.009345,1,150.038919270478,1,4.84729075770572,878,1,5.71999979019165,34.8740005493164,0.0317730009555817,0.0167881175875664,144.681198120117,-85.6223,27.1053,23.8406168573526,63,63,63,63,61,63,0,7819,1.11328740596807,27,-86,0.001869,51,2026-03-01 01:37:48.000161,878,1.037,0.0011,"aoml_navis",1031.50404007672
"7901009",103,0,1,0.031773,1,0.009345,1,150.185448034655,1,4.84724817363726,880,1,5.71999979019165,34.8740005493164,0.0317730009555817,0.0167881175875664,144.822494506836,-85.6223,27.1053,23.8406168573526,63,63,63,63,61,63,0,7819,1.11328740596807,27,-86,0.001869,51,2026-03-01 01:37:48.000161,880,1.037,0.0011,"aoml_navis",1031.51310205108
"7901009",103,0,1,0.029904,1,0.007476,1,150.446778762557,1,4.84720287190297,882,1,5.71600008010864,34.8740005493164,0.0299040004611015,0.0151093062013388,145.074493408203,-85.6223,27.1053,23.8406168573526,63,63,63,63,61,63,0,7819,1.11328740596807,27,-86,0.001869,51,2026-03-01 01:37:48.000161,882,1.037,0.0011,"aoml_navis",1031.52274252491
"7901009",103,0,1,0.031773,1,0.009345,1,150.74948883369,1,4.84715621181661,884,1,5.71000003814697,34.8740005493164,0.0317730009555817,0.0167881175875664,145.366394042969,-85.6223,27.1053,23.8406168573526,63,63,63,63,61,63,0,7819,1.11328740596807,27,-86,0.001869,51,2026-03-01 01:37:48.000161,884,1.037,0.0011,"aoml_navis",1031.5326722524
"7901009",103,0,1,0.029904,1,0.007476,1,151.14595516052,1,4.84710343770405,886,1,5.69500017166138,34.8740005493164,0.0299040004611015,0.0151093062013388,145.74870300293,-85.6223,27.1053,23.8406168573526,63,63,63,63,61,63,0,7819,1.11328740596807,27,-86,0.001869,51,2026-03-01 01:37:48.000161,886,1.037,0.0011,"aoml_navis",1031.54390333547
"7901009",103,0,1,0.029904,1,0.007476,1,151.465359383511,1,4.84704087886939,888,1,5.6710000038147,34.875,0.0299040004611015,0.0151093062013388,146.056701660156,-85.6223,27.1053,23.8406168573526,63,63,63,63,61,63,0,7819,1.11328740596807,27,-86,0.001869,51,2026-03-01 01:37:48.000161,888,1.037,0.0011,"aoml_navis",1031.5572170636
"7901009",103,0,1,0.029904,1,0.007476,1,151.753859645764,1,4.84698715159768,890,1,5.65999984741211,34.8759994506836,0.0299040004611015,0.0151093062013388,146.334899902344,-85.6223,27.1053,23.8406168573526,63,63,63,63,61,63,0,7819,1.11328740596807,27,-86,0.001869,51,2026-03-01 01:37:48.000161,890,1.037,0.0011,"aoml_navis",1031.5686515389
"7901009",103,0,1,0.029904,1,0.007476,1,152.003781384577,1,4.84694050289222,892,1,5.65399980545044,34.8759994506836,0.0299040004611015,0.0151093062013388,146.575897216797,-85.6223,27.1053,23.8406168573526,63,63,63,63,61,63,0,7819,1.11328740596807,27,-86,0.001869,51,2026-03-01 01:37:48.000161,892,1.037,0.0011,"aoml_navis",1031.57857972807
"7901009",103,0,1,0.031773,1,0.009345,1,152.328787247149,1,4.84689182314292,894,1,5.64499998092651,34.8759994506836,0.0317730009555817,0.0167881175875664,146.889297485352,-85.6223,27.1053,23.8406168573526,63,63,63,63,61,63,0,7819,1.11328740596807,27,-86,0.001869,51,2026-03-01 01:37:48.000161,894,1.037,0.0011,"aoml_navis",1031.58894038568
"7901009",103,0,1,0.028035,1,0.005607,1,152.698178982671,1,4.84684246912305,896,1,5.63500022888184,34.8759994506836,0.0280349999666214,0.0134304938837886,147.245498657227,-85.6223,27.1053,23.8406168573526,63,63,63,63,61,63,0,7819,1.11328740596807,27,-86,0.001869,51,2026-03-01 01:37:48.000161,896,1.037,0.0011,"aoml_navis",1031.59944476278
"7901009",103,0,1,0.031773,1,0.009345,1,153.039261867317,1,4.8467840185031,898,1,5.61700010299683,34.8769989013672,0.0317730009555817,0.0167881175875664,147.574401855469,-85.6223,27.1053,23.8406168573526,63,63,63,63,61,63,0,7819,1.11328740596807,27,-86,0.001869,51,2026-03-01 01:37:48.000161,898,1.037,0.0011,"aoml_navis",1031.61188551253
"7901009",103,0,1,0.029904,1,0.007476,1,153.409587209436,1,4.84673535015493,900,1,5.60799980163574,34.8769989013672,0.0299040004611015,0.0151093062013388,147.931503295898,-85.6223,27.1053,23.8406168573526,63,63,63,63,61,63,0,7819,1.11328740596807,27,-86,0.001869,51,2026-03-01 01:37:48.000161,900,1.037,0.0011,"aoml_navis",1031.62224441245
"7901009",103,0,1,0.031773,1,0.009345,1,153.89699314833,1,4.84668262918881,902,1,5.59299993515015,34.8769989013672,0.0317730009555817,0.0167881175875664,148.401504516602,-85.6223,27.1053,23.8406168573526,63,63,63,63,61,63,0,7819,1.11328740596807,27,-86,0.001869,51,2026-03-01 01:37:48.000161,902,1.037,0.0011,"aoml_navis",1031.63346613369
"7901009",103,0,1,0.031773,1,0.009345,1,154.283601222451,1,4.84662352996927,904,1,5.57399988174438,34.8779983520508,0.0317730009555817,0.0167881175875664,148.774307250977,-85.6223,27.1053,23.8406168573526,63,63,63,63,61,63,0,7819,1.11328740596807,27,-86,0.001869,51,2026-03-01 01:37:48.000161,904,1.037,0.0011,"aoml_navis",1031.64604576409
"7901009",103,0,1,0.029904,1,0.007476,1,154.76021530204,1,4.84658125994957,906,1,5.56899976730347,34.8769989013672,0.0299040004611015,0.0151093062013388,149.233901977539,-85.6223,27.1053,23.8406168573526,63,63,63,63,61,63,0,7819,1.11328740596807,27,-86,0.001869,51,2026-03-01 01:37:48.000161,906,1.037,0.0011,"aoml_navis",1031.65504338455
"7901009",103,0,1,0.029904,1,0.007476,1,155.428677625352,1,4.8465221767576,908,1,5.55000019073486,34.8779983520508,0.0299040004611015,0.0151093062013388,149.878494262695,-85.6223,27.1053,23.8406168573526,63,63,63,63,61,63,0,7819,1.11328740596807,27,-86,0.001869,51,2026-03-01 01:37:48.000161,908,1.037,0.0011,"aoml_navis",1031.66762012943
"7901009",103,0,1,0.031773,1,0.009345,1,155.910276214738,1,4.84645905178749,910,1,5.52500009536743,34.8790016174316,0.0317730009555817,0.0167881175875664,150.342895507812,-85.6223,27.1053,23.8406168573526,63,63,63,63,61,63,0,7819,1.11328740596807,27,-86,0.001869,51,2026-03-01 01:37:48.000161,910,1.037,0.0011,"aoml_navis",1031.68105756632
"7901009",103,0,1,0.029904,1,0.007476,1,156.213191995799,1,4.84641108470515,912,1,5.51700019836426,34.8790016174316,0.0299040004611015,0.0151093062013388,150.634994506836,-85.6223,27.1053,23.8406168573526,63,63,63,63,61,63,0,7819,1.11328740596807,27,-86,0.001869,51,2026-03-01 01:37:48.000161,912,1.037,0.0011,"aoml_navis",1031.69126857182
"7901009",103,0,1,0.035511,1,0.013083,1,156.612759795391,1,4.8463644658854,914,1,5.51100015640259,34.8790016174316,0.0355109982192516,0.0201457403600216,151.020294189453,-85.6223,27.1053,23.8406168573526,63,63,63,63,61,63,0,7819,1.11328740596807,27,-86,0.001869,51,2026-03-01 01:37:48.000161,914,1.037,0.0011,"aoml_navis",1031.70119275925
"7901009",103,0,1,0.031773,1,0.009345,1,157.061697977729,1,4.84630811007628,916,1,5.49599981307983,34.8800010681152,0.0317730009555817,0.0167881175875664,151.453201293945,-85.6223,27.1053,23.8406168573526,63,63,63,63,61,63,0,7819,1.11328740596807,27,-86,0.001869,51,2026-03-01 01:37:48.000161,916,1.037,0.0011,"aoml_navis",1031.71319000626
"7901009",103,0,1,0.024297,1,0.001869,1,157.269939720338,1,4.84625746364237,918,1,5.48400020599365,34.8800010681152,0.0242970008403063,0.0100728701800108,151.654006958008,-85.6223,27.1053,23.8406168573526,63,63,63,63,61,63,0,7819,1.11328740596807,27,-86,0.001869,51,2026-03-01 01:37:48.000161,918,1.037,0.0011,"aoml_navis",1031.723972057
"7901009",103,0,1,0.035511,1,0.013083,1,157.415740587846,1,4.84621354010327,920,1,5.48199987411499,34.8800010681152,0.0355109982192516,0.0201457403600216,151.79460144043,-85.6223,27.1053,23.8406168573526,63,63,63,63,61,63,0,7819,1.11328740596807,27,-86,0.001869,51,2026-03-01 01:37:48.000161,920,1.037,0.0011,"aoml_navis",1031.73332306225
"7901009",103,0,1,0.035511,1,0.013083,1,157.628017409814,1,4.84616760265015,922,1,5.47700023651123,34.8800010681152,0.0355109982192516,0.0201457403600216,151.999298095703,-85.6223,27.1053,23.8406168573526,63,63,63,63,61,63,0,7819,1.11328740596807,27,-86,0.001869,51,2026-03-01 01:37:48.000161,922,1.037,0.0011,"aoml_navis",1031.74310299663
"7901009",103,0,1,0.028035,1,0.005607,1,157.884474394804,1,4.84611730978396,924,1,5.47100019454956,34.8810005187988,0.0280349999666214,0.0134304938837886,152.246597290039,-85.6223,27.1053,23.8406168573526,63,63,63,63,61,63,0,7819,1.11328740596807,27,-86,0.001869,51,2026-03-01 01:37:48.000161,924,1.037,0.0011,"aoml_navis",1031.7538103969
"7901009",103,0,1,0.028035,1,0.005607,1,158.137624197103,1,4.84607271956009,926,1,5.46799993515015,34.8810005187988,0.0280349999666214,0.0134304938837886,152.490707397461,-85.6223,27.1053,23.8406168573526,63,63,63,63,61,63,0,7819,1.11328740596807,27,-86,0.001869,51,2026-03-01 01:37:48.000161,926,1.037,0.0011,"aoml_navis",1031.76330388494
"7901009",103,0,1,0.028035,1,0.005607,1,158.405474347343,1,4.84602477181077,928,1,5.46000003814697,34.8810005187988,0.0280349999666214,0.0134304938837886,152.748992919922,-85.6223,27.1053,23.8406168573526,63,63,63,63,61,63,0,7819,1.11328740596807,27,-86,0.001869,51,2026-03-01 01:37:48.000161,928,1.037,0.0011,"aoml_navis",1031.77351240235
"7901009",103,0,1,0.029904,1,0.007476,1,158.646487263884,1,4.84597682663987,930,1,5.4520001411438,34.8810005187988,0.0299040004611015,0.0151093062013388,152.981399536133,-85.6223,27.1053,23.8406168573526,63,63,63,63,61,63,0,7819,1.11328740596807,27,-86,0.001869,51,2026-03-01 01:37:48.000161,930,1.037,0.0011,"aoml_navis",1031.78372057279
"7901009",103,0,1,0.028035,1,0.005607,1,158.835234034844,1,4.84592821241613,932,1,5.44299983978271,34.8810005187988,0.0280349999666214,0.0134304938837886,153.16340637207,-85.6223,27.1053,23.8406168573526,63,63,63,63,61,63,0,7819,1.11328740596807,27,-86,0.001869,51,2026-03-01 01:37:48.000161,932,1.037,0.0011,"aoml_navis",1031.7940713998
"7901009",103,0,1,0.029904,1,0.007476,1,159.130475253203,1,4.84588430032207,934,1,5.44099998474121,34.8810005187988,0.0299040004611015,0.0151093062013388,153.448104858398,-85.6223,27.1053,23.8406168573526,63,63,63,63,61,63,0,7819,1.11328740596807,27,-86,0.001869,51,2026-03-01 01:37:48.000161,934,1.037,0.0011,"aoml_navis",1031.80342123886
"7901009",103,0,1,0.029904,1,0.007476,1,159.61590321202,1,4.84583703307526,936,1,5.43400001525879,34.8810005187988,0.0299040004611015,0.0151093062013388,153.916198730469,-85.6223,27.1053,23.8406168573526,63,63,63,63,61,63,0,7819,1.11328740596807,27,-86,0.001869,51,2026-03-01 01:37:48.000161,936,1.037,0.0011,"aoml_navis",1031.81348565222
"7901009",103,0,1,0.026166,1,0.003738,1,160.276073842845,1,4.84578574215805,938,1,5.4210000038147,34.8810005187988,0.0261659994721413,0.0117516815662384,154.552795410156,-85.6223,27.1053,23.8406168573526,63,63,63,63,61,63,0,7819,1.11328740596807,27,-86,0.001869,51,2026-03-01 01:37:48.000161,938,1.037,0.0011,"aoml_navis",1031.82440703069
"7901009",103,0,1,0.031773,1,0.009345,1,161.022326166664,1,4.8457227314713,940,1,5.39599990844727,34.8819999694824,0.0317730009555817,0.0167881175875664,155.272399902344,-85.6223,27.1053,23.8406168573526,63,63,63,63,61,63,0,7819,1.11328740596807,27,-86,0.001869,51,2026-03-01 01:37:48.000161,940,1.037,0.0011,"aoml_navis",1031.83782421696
"7901009",103,0,1,0.031773,1,0.009345,1,161.624328359356,1,4.845658407241,942,1,5.36899995803833,34.882999420166,0.0317730009555817,0.0167881175875664,155.852905273438,-85.6223,27.1053,23.8406168573526,63,63,63,63,61,63,0,7819,1.11328740596807,27,-86,0.001869,51,2026-03-01 01:37:48.000161,942,1.037,0.0011,"aoml_navis",1031.85152146267
"7901009",103,0,1,0.022428,1,0,1,162.067031948488,1,4.845587089202,944,1,5.33699989318848,34.8849983215332,0.0224280003458261,0.00839405879378319,156.279800415039,-85.6223,27.1053,23.8406168573526,63,63,63,63,61,63,0,7819,1.11328740596807,27,-86,0.001869,51,2026-03-01 01:37:48.000161,944,1.037,0.0011,"aoml_navis",1031.86670839992
"7901009",103,0,1,0.028035,1,0.005607,1,162.344534641507,1,4.84553984379161,946,1,5.32999992370605,34.8849983215332,0.0280349999666214,0.0134304938837886,156.547393798828,-85.6223,27.1053,23.8406168573526,63,63,63,63,61,63,0,7819,1.11328740596807,27,-86,0.001869,51,2026-03-01 01:37:48.000161,946,1.037,0.0011,"aoml_navis",1031.8767693978
"7901009",103,0,1,0.028035,1,0.005607,1,162.783519628093,1,4.84549193372813,948,1,5.32200002670288,34.8849983215332,0.0280349999666214,0.0134304938837886,156.970703125,-85.6223,27.1053,23.8406168573526,63,63,63,63,61,63,0,7819,1.11328740596807,27,-86,0.001869,51,2026-03-01 01:37:48.000161,948,1.037,0.0011,"aoml_navis",1031.88697213515
"7901009",103,0,1,0.029904,1,0.007476,1,163.270292613362,1,4.84543099846965,950,1,5.30000019073486,34.8860015869141,0.0299040004611015,0.0151093062013388,157.440093994141,-85.6223,27.1053,23.8406168573526,63,63,63,63,61,63,0,7819,1.11328740596807,27,-86,0.001869,51,2026-03-01 01:37:48.000161,950,1.037,0.0011,"aoml_navis",1031.89994895793
"7901009",103,0,1,0.028035,1,0.005607,1,163.600599462544,1,4.84536942983857,952,1,5.27699995040894,34.8870010375977,0.0280349999666214,0.0134304938837886,157.758605957031,-85.6223,27.1053,23.8406168573526,63,63,63,63,61,63,0,7819,1.11328740596807,27,-86,0.001869,51,2026-03-01 01:37:48.000161,952,1.037,0.0011,"aoml_navis",1031.91306099576
"7901009",103,0,1,0.031773,1,0.009345,1,163.841596555244,1,4.84531953896059,954,1,5.26599979400635,34.8870010375977,0.0317730009555817,0.0167881175875664,157.990997314453,-85.6223,27.1053,23.8406168573526,63,63,63,63,61,63,0,7819,1.11328740596807,27,-86,0.001869,51,2026-03-01 01:37:48.000161,954,1.037,0.0011,"aoml_navis",1031.92368631122
"7901009",103,0,1,0.031773,1,0.009345,1,164.024947396552,1,4.84527297504211,956,1,5.26000022888184,34.8870010375977,0.0317730009555817,0.0167881175875664,158.16780090332,-85.6223,27.1053,23.8406168573526,63,63,63,63,61,63,0,7819,1.11328740596807,27,-86,0.001869,51,2026-03-01 01:37:48.000161,956,1.037,0.0011,"aoml_navis",1031.93360327785
"7901009",103,0,1,0.033642,1,0.011214,1,164.237429928449,1,4.84522073433937,958,1,5.25099992752075,34.8880004882812,0.0336420014500618,0.018466928973794,158.372695922852,-85.6223,27.1053,23.8406168573526,63,63,63,63,61,63,0,7819,1.11328740596807,27,-86,0.001869,51,2026-03-01 01:37:48.000161,958,1.037,0.0011,"aoml_navis",1031.94472948645
"7901009",103,0,1,0.028035,1,0.005607,1,164.358656371468,1,4.84517351021482,960,1,5.24399995803833,34.8880004882812,0.0280349999666214,0.0134304938837886,158.489593505859,-85.6223,27.1053,23.8406168573526,63,63,63,63,61,63,0,7819,1.11328740596807,27,-86,0.001869,51,2026-03-01 01:37:48.000161,960,1.037,0.0011,"aoml_navis",1031.95478747227
"7901009",103,0,1,0.031773,1,0.009345,1,164.600397184677,1,4.84512828052214,962,1,5.23999977111816,34.8880004882812,0.0317730009555817,0.0167881175875664,158.722702026367,-85.6223,27.1053,23.8406168573526,63,63,63,63,61,63,0,7819,1.11328740596807,27,-86,0.001869,51,2026-03-01 01:37:48.000161,962,1.037,0.0011,"aoml_navis",1031.9644208597
"7901009",103,0,1,0.029904,1,0.007476,1,164.787260918604,1,4.84507973246259,964,1,5.23099994659424,34.8880004882812,0.0299040004611015,0.0151093062013388,158.902893066406,-85.6223,27.1053,23.8406168573526,63,63,63,63,61,63,0,7819,1.11328740596807,27,-86,0.001869,51,2026-03-01 01:37:48.000161,964,1.037,0.0011,"aoml_navis",1031.97476122001
"7901009",103,0,1,0.029904,1,0.007476,1,165.050886103396,1,4.84503384240195,966,1,5.22599983215332,34.8880004882812,0.0299040004611015,0.0151093062013388,159.157104492188,-85.6223,27.1053,23.8406168573526,63,63,63,63,61,63,0,7819,1.11328740596807,27,-86,0.001869,51,2026-03-01 01:37:48.000161,966,1.037,0.0011,"aoml_navis",1031.98453563768
"7901009",103,0,1,0.029904,1,0.007476,1,165.413631825857,1,4.84498028756374,968,1,5.21500015258789,34.8889999389648,0.0299040004611015,0.0151093062013388,159.506896972656,-85.6223,27.1053,23.8406168573526,63,63,63,63,61,63,0,7819,1.11328740596807,27,-86,0.001869,51,2026-03-01 01:37:48.000161,968,1.037,0.0011,"aoml_navis",1031.99594285949
"7901009",103,0,1,0.026166,1,0.003738,1,165.688855885826,1,4.84492776884494,970,1,5.19999980926514,34.8889999389648,0.0261659994721413,0.0117516815662384,159.77229309082,-85.6223,27.1053,23.8406168573526,63,63,63,63,61,63,0,7819,1.11328740596807,27,-86,0.001869,51,2026-03-01 01:37:48.000161,970,1.037,0.0011,"aoml_navis",1032.00712963199
"7901009",103,0,1,0.028035,1,0.005607,1,165.842647792849,1,4.84488254832199,972,1,5.19600009918213,34.8889999389648,0.0280349999666214,0.0134304938837886,159.920593261719,-85.6223,27.1053,23.8406168573526,63,63,63,63,61,63,0,7819,1.11328740596807,27,-86,0.001869,51,2026-03-01 01:37:48.000161,972,1.037,0.0011,"aoml_navis",1032.01676204343
"7901009",103,0,1,0.028035,1,0.005607,1,166.061887104692,1,4.84483600343429,974,1,5.19000005722046,34.8889999389648,0.0280349999666214,0.0134304938837886,160.13200378418,-85.6223,27.1053,23.8406168573526,63,63,63,63,61,63,0,7819,1.11328740596807,27,-86,0.001869,51,2026-03-01 01:37:48.000161,974,1.037,0.0011,"aoml_navis",1032.02667674524
"7901009",103,0,1,0.031773,1,0.009345,1,166.362729962632,1,4.84478511326559,976,1,5.18300008773804,34.8899993896484,0.0317730009555817,0.0167881175875664,160.422103881836,-85.6223,27.1053,23.8406168573526,63,63,63,63,61,63,0,7819,1.11328740596807,27,-86,0.001869,51,2026-03-01 01:37:48.000161,976,1.037,0.0011,"aoml_navis",1032.03751726974
"7901009",103,0,1,0.028035,1,0.005607,1,166.651325167929,1,4.84473923508169,978,1,5.17799997329712,34.8899993896484,0.0280349999666214,0.0134304938837886,160.700393676758,-85.6223,27.1053,23.8406168573526,63,63,63,63,61,63,0,7819,1.11328740596807,27,-86,0.001869,51,2026-03-01 01:37:48.000161,978,1.037,0.0011,"aoml_navis",1032.0472903462
"7901009",103,0,1,0.028035,1,0.005607,1,171.177355006193,1,4.8441888471099,999.799987792969,1,5.06949996948242,34.8940010070801,0.0280349999666214,0.0134304938837886,165.064804077148,-85.6223,27.1053,23.8406168573526,63,63,63,63,61,63,0,7819,1.11328740596807,27,-86,0.001869,51,2026-03-01 01:37:48.000161,999.799987792969,1.037,0.0011,"aoml_navis",1032.16454969196
"7901009",103,0,1,0.028035,1,0.005607,1,176.142654660173,1,4.8430263781182,1049.30004882812,1,4.92539978027344,34.8979988098145,0.0280349999666214,0.0134304938837886,169.852798461914,-85.6223,27.1053,23.8406168573526,63,63,63,63,61,63,0,7819,1.11328740596807,27,-86,0.001869,51,2026-03-01 01:37:48.000161,1049.30004882812,1.037,0.0011,"aoml_navis",1032.41229958834
"7901009",103,0,1,0.028035,1,0.005607,1,180.574200346073,1,4.84185122255591,1099.80004882812,1,4.80380010604858,34.9039993286133,0.0280349999666214,0.0134304938837886,174.126098632812,-85.6223,27.1053,23.8406168573526,63,63,63,63,61,63,0,7819,1.11328740596807,27,-86,0.001869,51,2026-03-01 01:37:48.000161,1099.80004882812,1.037,0.0011,"aoml_navis",1032.66287421376
"7901009",103,0,1,0.029904,1,0.007476,1,185.26138017725,1,4.84068370460165,1149.80004882812,1,4.67030000686646,34.9090003967285,0.0299040004611015,0.0151093062013388,178.645904541016,-85.6223,27.1053,23.8406168573526,63,63,63,63,61,63,0,7819,1.11328740596807,27,-86,0.001869,51,2026-03-01 01:37:48.000161,1149.80004882812,1.037,0.0011,"aoml_navis",1032.91194077541
"7901009",103,0,1,0.026166,1,0.003738,1,188.840685454832,1,4.83955994305388,1198.80004882812,1,4.56389999389648,34.9129981994629,0.0261659994721413,0.0117516815662384,182.097396850586,-85.6223,27.1053,23.8406168573526,63,63,63,63,61,63,0,7819,1.11328740596807,27,-86,0.001869,51,2026-03-01 01:37:48.000161,1198.80004882812,1.037,0.0011,"aoml_navis",1033.15178628511
"7901009",103,0,1,0.028035,1,0.005607,1,191.452252111385,1,4.83844131881829,1250,1,4.51800012588501,34.9140014648438,0.0280349999666214,0.0134304938837886,184.615707397461,-85.6223,27.1053,23.8406168573526,63,63,63,63,61,63,0,7819,1.11328740596807,27,-86,0.001869,51,2026-03-01 01:37:48.000161,1250,1.037,0.0011,"aoml_navis",1033.39064598208
"7901009",103,0,1,0.028035,1,0.005607,1,194.257724110941,1,4.83733924993564,1299.30004882812,1,4.45100021362305,34.9179992675781,0.0280349999666214,0.0134304938837886,187.320999145508,-85.6223,27.1053,23.8406168573526,63,63,63,63,61,63,0,7819,1.11328740596807,27,-86,0.001869,51,2026-03-01 01:37:48.000161,1299.30004882812,1.037,0.0011,"aoml_navis",1033.62607864779
"7901009",103,0,1,0.03738,1,0.014952,1,195.955558914513,1,4.83625518050003,1349.09997558594,1,4.41440010070801,34.9199981689453,0.0373799987137318,0.0218245536088943,188.958206176758,-85.6223,27.1053,23.8406168573526,63,63,63,63,61,63,0,7819,1.11328740596807,27,-86,0.001869,51,2026-03-01 01:37:48.000161,1349.09997558594,1.037,0.0011,"aoml_navis",1033.85777081412
"7901009",103,0,1,0.029904,1,0.007476,1,197.353785119714,1,4.83516577600993,1399.19995117188,1,4.37739992141724,34.9220008850098,0.0299040004611015,0.0151093062013388,190.306503295898,-85.6223,27.1053,23.8406168573526,63,63,63,63,61,63,0,7819,1.11328740596807,27,-86,0.001869,51,2026-03-01 01:37:48.000161,1399.19995117188,1.037,0.0011,"aoml_navis",1034.09070787354
"7901009",103,0,1,0.029904,1,0.007476,1,198.127824107668,1,4.83409912881535,1449.5,1,4.36780023574829,34.9220008850098,0.0299040004611015,0.0151093062013388,191.05290222168,-85.6223,27.1053,23.8406168573526,63,63,63,63,61,63,0,7819,1.11328740596807,27,-86,0.001869,51,2026-03-01 01:37:48.000161,1449.5,1.037,0.0011,"aoml_navis",1034.31888067742
"7901009",103,0,1,0.028035,1,0.005607,1,199.322998789983,1,4.83302935929684,1499.40002441406,1,4.34429979324341,34.9230003356934,0.0280349999666214,0.0134304938837886,192.20539855957,-85.6223,27.1053,23.8406168573526,63,63,63,63,61,63,0,7819,1.11328740596807,27,-86,0.001869,51,2026-03-01 01:37:48.000161,1499.40002441406,1.037,0.0011,"aoml_navis",1034.54782255398
"7901009",103,0,1,0.024297,1,0.001869,1,200.035752043201,1,4.83197133181198,1549.30004882812,1,4.33610010147095,34.923999786377,0.0242970008403063,0.0100728701800108,192.892700195312,-85.6223,27.1053,23.8406168573526,63,63,63,63,61,63,0,7819,1.11328740596807,27,-86,0.001869,51,2026-03-01 01:37:48.000161,1549.30004882812,1.037,0.0011,"aoml_navis",1034.7743512222
"7901009",103,0,1,0.029904,1,0.007476,1,200.468185959769,1,4.83092380267614,1599,1,4.32959985733032,34.923999786377,0.0299040004611015,0.0151093062013388,193.309692382812,-85.6223,27.1053,23.8406168573526,63,63,63,63,61,63,0,7819,1.11328740596807,27,-86,0.001869,51,2026-03-01 01:37:48.000161,1599,1.037,0.0011,"aoml_navis",1034.99872989721
"7901009",103,0,1,0.028035,1,0.005607,1,201.163422221416,1,4.82984385387986,1650,1,4.31869983673096,34.9249992370605,0.0280349999666214,0.0134304938837886,193.980102539062,-85.6223,27.1053,23.8406168573526,63,63,63,63,61,63,0,7819,1.11328740596807,27,-86,0.001869,51,2026-03-01 01:37:48.000161,1650,1.037,0.0011,"aoml_navis",1035.23015469402
"7901009",103,0,1,0.031773,1,0.009345,1,201.69469184652,1,4.82879922190099,1699.5,1,4.3112998008728,34.9259986877441,0.0317730009555817,0.0167881175875664,194.492401123047,-85.6223,27.1053,23.8406168573526,63,63,63,63,61,63,0,7819,1.11328740596807,27,-86,0.001869,51,2026-03-01 01:37:48.000161,1699.5,1.037,0.0011,"aoml_navis",1035.45410985873
"7901009",103,0,1,0.029904,1,0.007476,1,202.184692895276,1,4.82775594081507,1749.30004882812,1,4.30749988555908,34.9259986877441,0.0299040004611015,0.0151093062013388,194.964904785156,-85.6223,27.1053,23.8406168573526,63,63,63,63,61,63,0,7819,1.11328740596807,27,-86,0.001869,51,2026-03-01 01:37:48.000161,1749.30004882812,1.037,0.0011,"aoml_navis",1035.67787214112
"7901009",103,0,1,0.029904,1,0.007476,1,202.55438528377,1,4.82670985584433,1799.30004882812,1,4.30350017547607,34.9259986877441,0.0299040004611015,0.0151093062013388,195.321395874023,-85.6223,27.1053,23.8406168573526,63,63,63,63,61,63,0,7819,1.11328740596807,27,-86,0.001869,51,2026-03-01 01:37:48.000161,1799.30004882812,1.037,0.0011,"aoml_navis",1035.9023329206
"7901009",103,0,1,0.024297,1,0.001869,1,202.925027102702,1,4.82566528716557,1849.19995117188,1,4.30170011520386,34.9269981384277,0.0242970008403063,0.0100728701800108,195.678802490234,-85.6223,27.1053,23.8406168573526,63,63,63,63,61,63,0,7819,1.11328740596807,27,-86,0.001869,51,2026-03-01 01:37:48.000161,1849.19995117188,1.037,0.0011,"aoml_navis",1036.12656544956
"7901009",103,0,1,0.022428,1,0,1,203.720016855642,1,4.82460323814364,1900,1,4.29949998855591,34.9280014038086,0.0224280003458261,0.00839405879378319,196.445404052734,-85.6223,27.1053,23.8406168573526,63,63,63,63,61,63,0,7819,1.11328740596807,27,-86,0.001869,51,2026-03-01 01:37:48.000161,1900,1.037,0.0011,"aoml_navis",1036.3546499471
"7901009",103,0,1,0.033642,1,0.011214,1,203.705284860021,1,4.8235773324725,1949.59997558594,1,4.30060005187988,34.9269981384277,0.0336420014500618,0.018466928973794,196.431198120117,-85.6223,27.1053,23.8406168573526,63,63,63,63,61,63,0,7819,1.11328740596807,27,-86,0.001869,51,2026-03-01 01:37:48.000161,1949.59997558594,1.037,0.0011,"aoml_navis",1036.57506770749
"7901009",103,0,1,0.029904,1,0.007476,1,202.188110844851,1,4.82253523143178,1999.90002441406,1,4.30229997634888,34.9269981384277,0.0299040004611015,0.0151093062013388,194.968200683594,-85.6223,27.1053,23.8406168573526,63,63,63,63,61,63,0,7819,1.11328740596807,27,-86,0.001869,51,2026-03-01 01:37:48.000161,1999.90002441406,1.037,0.0011,"aoml_navis",1036.79906108546
"7901009",104,0.0658915554116302,1,0.095319,1,0.072891,1,202.567929979995,1,4.8814917765378,2.5,1,25.1639995574951,36.2900009155273,0.095319002866745,0.0743391960859299,195.334396362305,-85.4445,27.2095,23.8404308173096,63,63,63,63,61,63,0.072891,7820,1.10622673185727,27,-85,0.001869,51,2026-03-11 08:37:55.000912,2.5,1.037,0.0011,"aoml_navis",1024.27705072285
"7901009",104,0.0658915554116302,1,0.095319,1,0.072891,1,202.584734903946,1,4.88146159545057,3.90000009536743,1,25.1630001068115,36.2900009155273,0.095319002866745,0.0743391960859299,195.350601196289,-85.4445,27.2095,23.8404308173096,63,63,63,63,61,63,0.072891,7820,1.10622673185727,27,-85,0.001869,51,2026-03-11 08:37:55.000912,3.90000009536743,1.037,0.0011,"aoml_navis",1024.28338362017
"7901009",104,0.0675810824734668,1,0.097188,1,0.07476,1,202.588358564572,1,4.88141998185402,6,1,25.1639995574951,36.2900009155273,0.0971880033612251,0.0760287195444107,195.354095458984,-85.4445,27.2095,23.8404308173096,63,63,63,63,61,63,0.07476,7820,1.10622673185727,27,-85,0.001869,51,2026-03-11 08:37:55.000912,6,1.037,0.0011,"aoml_navis",1024.29211552925
"7901009",104,0.0658915554116302,1,0.095319,1,0.072891,1,202.556315277377,1,4.88138402600111,8,1,25.1650009155273,36.2890014648438,0.095319002866745,0.0743391960859299,195.323196411133,-85.4445,27.2095,23.8404308173096,63,63,63,63,61,63,0.072891,7820,1.10622673185727,27,-85,0.001869,51,2026-03-11 08:37:55.000912,8,1.037,0.0011,"aoml_navis",1024.29966037646
"7901009",104,0.0642020283497935,1,0.09345,1,0.071022,1,202.539415410353,1,4.88134300602038,10,1,25.1650009155273,36.2890014648438,0.0934500023722649,0.0726496651768684,195.306900024414,-85.4445,27.2095,23.8404308173096,63,63,63,63,61,63,0.071022,7820,1.10622673185727,27,-85,0.001869,51,2026-03-11 08:37:55.000912,10,1.037,0.0011,"aoml_navis",1024.30826799782
"7901009",104,0.0658915554116302,1,0.095319,1,0.072891,1,202.499491848085,1,4.88130052295762,12,1,25.1639995574951,36.2890014648438,0.095319002866745,0.0743391960859299,195.268402099609,-85.4445,27.2095,23.8404308173096,63,63,63,63,61,63,0.072891,7820,1.10622673185727,27,-85,0.001869,51,2026-03-11 08:37:55.000912,12,1.037,0.0011,"aoml_navis",1024.31718278441
"7901009",104,0.0675810824734668,1,0.097188,1,0.07476,1,202.478746786598,1,4.88125804494752,14,1,25.1630001068115,36.2890014648438,0.0971880033612251,0.0760287195444107,195.248397827148,-85.4445,27.2095,23.8404308173096,63,63,63,63,61,63,0.07476,7820,1.10622673185727,27,-85,0.001869,51,2026-03-11 08:37:55.000912,14,1.037,0.0011,"aoml_navis",1024.32609666588
"7901009",104,0.0625125012879568,1,0.091581,1,0.069153,1,202.423885514151,1,4.88121849464523,16,1,25.1639995574951,36.2890014648438,0.0915810018777847,0.0709601417183876,195.195495605469,-85.4445,27.2095,23.8404308173096,63,63,63,63,61,63,0.069153,7820,1.10622673185727,27,-85,0.001869,51,2026-03-11 08:37:55.000912,16,1.037,0.0011,"aoml_navis",1024.33439631622
"7901009",104,0.0658915554116302,1,0.095319,1,0.072891,1,202.369245775542,1,4.88118041254376,18,1,25.1660003662109,36.2890014648438,0.095319002866745,0.0743391960859299,195.142807006836,-85.4445,27.2095,23.8404308173096,63,63,63,63,61,63,0.072891,7820,1.10622673185727,27,-85,0.001869,51,2026-03-11 08:37:55.000912,18,1.037,0.0011,"aoml_navis",1024.34238799101
"7901009",104,0.0642020283497935,1,0.09345,1,0.071022,1,202.321426114356,1,4.88112252962776,20,1,25.1520004272461,36.2879981994629,0.0934500023722649,0.0726496651768684,195.096694946289,-85.4445,27.2095,23.8404308173096,63,63,63,63,61,63,0.071022,7820,1.10622673185727,27,-85,0.001869,51,2026-03-11 08:37:55.000912,20,1.037,0.0011,"aoml_navis",1024.35453518134
"7901009",104,0.0658915554116302,1,0.095319,1,0.072891,1,202.400561165843,1,4.88105946446075,22,1,25.1319999694824,36.2859992980957,0.095319002866745,0.0743391960859299,195.173004150391,-85.4445,27.2095,23.8404308173096,63,63,63,63,61,63,0.072891,7820,1.10622673185727,27,-85,0.001869,51,2026-03-11 08:37:55.000912,22,1.037,0.0011,"aoml_navis",1024.36777023621
"7901009",104,0.0675810824734668,1,0.097188,1,0.07476,1,202.575604545076,1,4.88095530658671,24,1,25.0739994049072,36.2799987792969,0.0971880033612251,0.0760287195444107,195.341796875,-85.4445,27.2095,23.8404308173096,63,63,63,63,61,63,0.07476,7820,1.10622673185727,27,-85,0.001869,51,2026-03-11 08:37:55.000912,24,1.037,0.0011,"aoml_navis",1024.38962988509
"7901009",104,0.0692706095353035,1,0.099057,1,0.076629,1,202.991565972477,1,4.88072460504177,26,1,24.9340000152588,36.2760009765625,0.0990569964051247,0.0777182504534721,195.742904663086,-85.4445,27.2095,23.8404308173096,63,63,63,63,61,63,0.076629,7820,1.10622673185727,27,-85,0.001869,51,2026-03-11 08:37:55.000912,26,1.037,0.0011,"aoml_navis",1024.43805061958
"7901009",104,0.0726496636589768,1,0.102795,1,0.080367,1,203.06353282194,1,4.88063136220578,28,1,24.9080009460449,36.2799987792969,0.102794997394085,0.0810973048210144,195.812301635742,-85.4445,27.2095,23.8404308173096,63,63,63,63,61,63,0.080367,7820,1.10622673185727,27,-85,0.001869,51,2026-03-11 08:37:55.000912,28,1.037,0.0011,"aoml_navis",1024.4576221672
"7901009",104,0.0760287177826502,1,0.106533,1,0.084105,1,203.036774699152,1,4.88056853439438,30,1,24.8929996490479,36.2799987792969,0.106532998383045,0.0844763591885567,195.786499023438,-85.4445,27.2095,23.8404308173096,63,63,63,63,61,63,0.084105,7820,1.10622673185727,27,-85,0.001869,51,2026-03-11 08:37:55.000912,30,1.037,0.0011,"aoml_navis",1024.4708100632
"7901009",104,0.0810972989681602,1,0.11214,1,0.089712,1,203.02474857655,1,4.88049850244904,32,1,24.8780002593994,36.2820014953613,0.112139999866486,0.0895449444651604,195.77490234375,-85.4445,27.2095,23.8404308173096,63,63,63,63,61,63,0.089712,7820,1.10622673185727,27,-85,0.001869,51,2026-03-11 08:37:55.000912,32,1.037,0.0011,"aoml_navis",1024.4855105459
"7901009",104,0.0861658801536702,1,0.117747,1,0.095319,1,202.894913923991,1,4.88041838465182,34,1,24.8610000610352,36.2859992980957,0.117747001349926,0.0946135148406029,195.649703979492,-85.4445,27.2095,23.8404308173096,63,63,63,63,61,63,0.095319,7820,1.10622673185727,27,-85,0.001869,51,2026-03-11 08:37:55.000912,34,1.037,0.0011,"aoml_navis",1024.50232867826
"7901009",104,0.0963030425246902,1,0.128961,1,0.106533,1,202.756977462521,1,4.88033832578644,36,1,24.8490009307861,36.2919998168945,0.128960996866226,0.10475068539381,195.516693115234,-85.4445,27.2095,23.8404308173096,63,63,63,63,61,63,0.106533,7820,1.10622673185727,27,-85,0.001869,51,2026-03-11 08:37:55.000912,36,1.037,0.0011,"aoml_navis",1024.51913499138
"7901009",104,0.104750677833874,1,0.138306,1,0.115878,1,202.512973764475,1,4.88027639451097,38,1,24.8470001220703,36.2970008850098,0.138306006789207,0.113198317587376,195.281402587891,-85.4445,27.2095,23.8404308173096,63,63,63,63,61,63,0.115878,7820,1.10622673185727,27,-85,0.001869,51,2026-03-11 08:37:55.000912,38,1.037,0.0011,"aoml_navis",1024.53213625845
"7901009",104,0.104750677833874,1,0.138306,1,0.115878,1,202.32650556877,1,4.88019779727103,40,1,24.8360004425049,36.3030014038086,0.138306006789207,0.113198317587376,195.101593017578,-85.4445,27.2095,23.8404308173096,63,63,63,63,61,63,0.115878,7820,1.10622673185727,27,-85,0.001869,51,2026-03-11 08:37:55.000912,40,1.037,0.0011,"aoml_navis",1024.54863669583
"7901009",104,0.113198313143057,1,0.147651,1,0.125223,1,202.370891455477,1,4.88010104652282,42,1,24.8099994659424,36.3079986572266,0.147651001811028,0.121645957231522,195.144393920898,-85.4445,27.2095,23.8404308173096,63,63,63,63,61,63,0.125223,7820,1.10622673185727,27,-85,0.001869,51,2026-03-11 08:37:55.000912,42,1.037,0.0011,"aoml_navis",1024.56894894884
"7901009",104,0.11657736726673,1,0.151389,1,0.128961,1,202.338120271388,1,4.88002671375032,44,1,24.7919998168945,36.310001373291,0.151389002799988,0.125025019049644,195.11279296875,-85.4445,27.2095,23.8404308173096,63,63,63,63,61,63,0.128961,7820,1.10622673185727,27,-85,0.001869,51,2026-03-11 08:37:55.000912,44,1.037,0.0011,"aoml_navis",1024.58455522623
"7901009",104,0.125025002575914,1,0.160734,1,0.138306,1,202.195009412431,1,4.87995965623138,46,1,24.7789993286133,36.3120002746582,0.160733997821808,0.13347265124321,194.974792480469,-85.4445,27.2095,23.8404308173096,63,63,63,63,61,63,0.138306,7820,1.10622673185727,27,-85,0.001869,51,2026-03-11 08:37:55.000912,46,1.037,0.0011,"aoml_navis",1024.59863446111
"7901009",104,0.14192027319428,1,0.179424,1,0.156996,1,201.953600825052,1,4.87988465869173,48,1,24.7630004882812,36.314998626709,0.179424002766609,0.150367915630341,194.742004394531,-85.4445,27.2095,23.8404308173096,63,63,63,63,61,63,0.156996,7820,1.10622673185727,27,-85,0.001869,51,2026-03-11 08:37:55.000912,48,1.037,0.0011,"aoml_navis",1024.61438122197
"7901009",104,0.15712601675081,1,0.196245,1,0.173817,1,201.447111177383,1,4.87983351452502,50,1,24.7560005187988,36.314998626709,0.19624499976635,0.16557365655899,194.253601074219,-85.4445,27.2095,23.8404308173096,63,63,63,63,61,63,0.173817,7820,1.10622673185727,27,-85,0.001869,51,2026-03-11 08:37:55.000912,50,1.037,0.0011,"aoml_navis",1024.62511991798
"7901009",104,0.194295612111217,1,0.237363,1,0.214935,1,201.023174531836,1,4.87975131522422,52,1,24.7399997711182,36.3199996948242,0.237362995743752,0.202743262052536,193.844802856445,-85.4445,27.2095,23.8404308173096,63,63,63,63,61,63,0.214935,7820,1.10622673185727,27,-85,0.001869,51,2026-03-11 08:37:55.000912,52,1.037,0.0011,"aoml_navis",1024.64237970501
"7901009",104,0.217948990976931,1,0.263529,1,0.241101,1,200.926111063365,1,4.87968145148818,54.0999984741211,1,24.7189998626709,36.3190002441406,0.263529002666473,0.226396635174751,193.751205444336,-85.4445,27.2095,23.8404308173096,63,63,63,63,61,63,0.241101,7820,1.10622673185727,27,-85,0.001869,51,2026-03-11 08:37:55.000912,54.0999984741211,1.037,0.0011,"aoml_navis",1024.65704979064
"7901009",104,0.297356762883254,1,0.351372,1,0.328944,1,198.950345710707,1,4.87943512042475,56,1,24.5979995727539,36.3279991149902,0.351372003555298,0.305804401636124,191.845993041992,-85.4445,27.2095,23.8404308173096,63,63,63,63,61,63,0.328944,7820,1.10622673185727,27,-85,0.001869,51,2026-03-11 08:37:55.000912,56,1.037,0.0011,"aoml_navis",1024.70877808593
"7901009",104,0.375075007727741,1,0.437346,1,0.414918,1,197.591014084448,1,4.87904767960029,58,1,24.4099998474121,36.3489990234375,0.437346011400223,0.383522659540176,190.535202026367,-85.4445,27.2095,23.8404308173096,63,63,63,63,61,63,0.414918,7820,1.10622673185727,27,-85,0.001869,51,2026-03-11 08:37:55.000912,58,1.037,0.0011,"aoml_navis",1024.79014929602
"7901009",104,0.493341902056308,1,0.568176,1,0.545748,1,196.879083450287,1,4.87873496507909,60,1,24.2280006408691,36.3520011901855,0.568175971508026,0.501789569854736,189.848693847656,-85.4445,27.2095,23.8404308173096,63,63,63,63,61,63,0.545748,7820,1.10622673185727,27,-85,0.001869,51,2026-03-11 08:37:55.000912,60,1.037,0.0011,"aoml_navis",1024.85583574203
"7901009",104,1.18097941622383,1,1.328859,1,1.306431,1,192.370490086994,1,4.87821798174276,62.0999984741211,1,24.0550003051758,36.4150009155273,1.32885897159576,1.18942713737488,185.501098632812,-85.4445,27.2095,23.8404308173096,63,63,63,63,61,63,1.306431,7820,1.10622673185727,27,-85,0.001869,51,2026-03-11 08:37:55.000912,62.0999984741211,1.037,0.0011,"aoml_navis",1024.96444781948
"7901009",104,1.35331117653117,1,1.519497,1,1.497069,1,187.219448595254,1,4.87789492951933,64,1,23.9489994049072,36.4519996643066,1.5194970369339,1.36175894737244,180.533996582031,-85.4445,27.2095,23.8404308173096,63,63,63,63,61,63,1.497069,7820,1.10622673185727,27,-85,0.001869,51,2026-03-11 08:37:55.000912,64,1.037,0.0011,"aoml_navis",1025.03232895439
"7901009",104,1.32796827060362,1,1.491462,1,1.469034,1,185.631652287258,1,4.87761619090932,66,1,23.82200050354,36.4679985046387,1.49146199226379,1.33641600608826,179.002899169922,-85.4445,27.2095,23.8404308173096,63,63,63,63,61,63,1.469034,7820,1.10622673185727,27,-85,0.001869,51,2026-03-11 08:37:55.000912,66,1.037,0.0011,"aoml_navis",1025.0909059468
"7901009",104,1.30262536467607,1,1.463427,1,1.440999,1,186.777267055813,1,4.87726584881665,68,1,23.6310005187988,36.4790000915527,1.46342694759369,1.31107306480408,180.107604980469,-85.4445,27.2095,23.8404308173096,63,63,63,63,61,63,1.440999,7820,1.10622673185727,27,-85,0.001869,51,2026-03-11 08:37:55.000912,68,1.037,0.0011,"aoml_navis",1025.16453992622
"7901009",104,1.17760036210016,1,1.325121,1,1.302693,1,190.801983046697,1,4.87677240422962,70,1,23.3290004730225,36.4869995117188,1.32512104511261,1.18604815006256,183.98860168457,-85.4445,27.2095,23.8404308173096,63,63,63,63,61,63,1.302693,7820,1.10622673185727,27,-85,0.001869,51,2026-03-11 08:37:55.000912,70,1.037,0.0011,"aoml_navis",1025.26826875568
"7901009",104,0.996820966483636,1,1.125138,1,1.10271,1,191.09847444036,1,4.8760111455702,72,1,22.8490009307861,36.5019989013672,1.1251380443573,1.00526869297028,184.274505615234,-85.4445,27.2095,23.8404308173096,63,63,63,63,61,63,1.10271,7820,1.10622673185727,27,-85,0.001869,51,2026-03-11 08:37:55.000912,72,1.037,0.0011,"aoml_navis",1025.4283369599
"7901009",104,0.927550356948332,1,1.048509,1,1.026081,1,185.980932029603,1,4.87558147609607,74,1,22.6529998779297,36.5349998474121,1.04850900173187,0.93599808216095,179.339706420898,-85.4445,27.2095,23.8404308173096,63,63,63,63,61,63,1.026081,7820,1.10622673185727,27,-85,0.001869,51,2026-03-11 08:37:55.000912,74,1.037,0.0011,"aoml_navis",1025.5187046948
"7901009",104,0.758597650764665,1,0.861609,1,0.839181,1,188.434751579516,1,4.87516477707181,76,1,22.4389991760254,36.5579986572266,0.861608982086182,0.767045319080353,181.705902099609,-85.4445,27.2095,23.8404308173096,63,63,63,63,61,63,0.839181,7820,1.10622673185727,27,-85,0.001869,51,2026-03-11 08:37:55.000912,76,1.037,0.0011,"aoml_navis",1025.6063597102
"7901009",104,0.608229742261202,1,0.695268,1,0.67284,1,191.015304308263,1,4.87487798129436,78,1,22.2450008392334,36.5530014038086,0.695267975330353,0.616677403450012,184.194305419922,-85.4445,27.2095,23.8404308173096,63,63,63,63,61,63,0.67284,7820,1.10622673185727,27,-85,0.001869,51,2026-03-11 08:37:55.000912,78,1.037,0.0011,"aoml_navis",1025.66669754315
"7901009",104,0.538959132725898,1,0.618639,1,0.596211,1,191.079913069555,1,4.87467309454173,80,1,22.1240005493164,36.5530014038086,0.61863899230957,0.547406792640686,184.256607055664,-85.4445,27.2095,23.8404308173096,63,63,63,63,61,63,0.596211,7820,1.10622673185727,27,-85,0.001869,51,2026-03-11 08:37:55.000912,80,1.037,0.0011,"aoml_navis",1025.70980720709
"7901009",104,0.427450346644678,1,0.495285,1,0.472857,1,189.423868515796,1,4.87446821654406,82,1,22.0160007476807,36.5579986572266,0.495285004377365,0.435898005962372,182.659698486328,-85.4445,27.2095,23.8404308173096,63,63,63,63,61,63,0.472857,7820,1.10622673185727,27,-85,0.001869,51,2026-03-11 08:37:55.000912,82,1.037,0.0011,"aoml_navis",1025.75291865272
"7901009",104,0.336215885305498,1,0.394359,1,0.371931,1,190.654520630219,1,4.87425775194371,84,1,21.8819999694824,36.5550003051758,0.394358992576599,0.344663560390472,183.846405029297,-85.4445,27.2095,23.8404308173096,63,63,63,63,61,63,0.371931,7820,1.10622673185727,27,-85,0.001869,51,2026-03-11 08:37:55.000912,84,1.037,0.0011,"aoml_navis",1025.79720943279
"7901009",104,0.315941560563457,1,0.371931,1,0.349503,1,191.902990394707,1,4.8741689647491,86,1,21.8330001831055,36.5499992370605,0.371930986642838,0.324389219284058,185.05029296875,-85.4445,27.2095,23.8404308173096,63,63,63,63,61,63,0.349503,7820,1.10622673185727,27,-85,0.001869,51,2026-03-11 08:37:55.000912,86,1.037,0.0011,"aoml_navis",1025.81589521433
"7901009",104,0.309183452316111,1,0.364455,1,0.342027,1,193.500550015394,1,4.87409444520697,88,1,21.7999992370605,36.5470008850098,0.364455014467239,0.317631095647812,186.590805053711,-85.4445,27.2095,23.8404308173096,63,63,63,63,61,63,0.342027,7820,1.10622673185727,27,-85,0.001869,51,2026-03-11 08:37:55.000912,88,1.037,0.0011,"aoml_navis",1025.83157881088
"7901009",104,0.287219600512234,1,0.340158,1,0.31773,1,194.992216461806,1,4.87402278820057,90,1,21.7609996795654,36.5410003662109,0.340157985687256,0.295667260885239,188.029205322266,-85.4445,27.2095,23.8404308173096,63,63,63,63,61,63,0.31773,7820,1.10622673185727,27,-85,0.001869,51,2026-03-11 08:37:55.000912,90,1.037,0.0011,"aoml_navis",1025.84666040225
"7901009",104,0.265255748708357,1,0.315861,1,0.293433,1,197.073321154146,1,4.87393610006647,92,1,21.7080001831055,36.5340003967285,0.315860986709595,0.273703396320343,190.035995483398,-85.4445,27.2095,23.8404308173096,63,63,63,63,61,63,0.293433,7820,1.10622673185727,27,-85,0.001869,51,2026-03-11 08:37:55.000912,92,1.037,0.0011,"aoml_navis",1025.86490617548
"7901009",104,0.250050005151827,1,0.29904,1,0.276612,1,197.576187141188,1,4.87382455705298,94,1,21.6200008392334,36.5209999084473,0.299039989709854,0.258497655391693,190.520904541016,-85.4445,27.2095,23.8404308173096,63,63,63,63,61,63,0.276612,7820,1.10622673185727,27,-85,0.001869,51,2026-03-11 08:37:55.000912,94,1.037,0.0011,"aoml_navis",1025.88838425963
"7901009",104,0.223017572162441,1,0.269136,1,0.246708,1,195.740320406846,1,4.87373736395188,96,1,21.5990009307861,36.5260009765625,0.269136011600494,0.231465220451355,188.750595092773,-85.4445,27.2095,23.8404308173096,63,63,63,63,61,63,0.246708,7820,1.10622673185727,27,-85,0.001869,51,2026-03-11 08:37:55.000912,96,1.037,0.0011,"aoml_navis",1025.90673781111
"7901009",104,0.216259463915094,1,0.26166,1,0.239232,1,194.723828217802,1,4.87366331614194,98,1,21.6149997711182,36.5410003662109,0.261660009622574,0.22470711171627,187.770401000977,-85.4445,27.2095,23.8404308173096,63,63,63,63,61,63,0.239232,7820,1.10622673185727,27,-85,0.001869,51,2026-03-11 08:37:55.000912,98,1.037,0.0011,"aoml_navis",1025.92232488437
"7901009",104,0.155436489688974,1,0.194376,1,0.171948,1,194.14505524376,1,4.87357556453689,100,1,21.5799999237061,36.5410003662109,0.19437600672245,0.16388413310051,187.212295532227,-85.4445,27.2095,23.8404308173096,63,63,63,63,61,63,0.171948,7820,1.10622673185727,27,-85,0.001869,51,2026-03-11 08:37:55.000912,100,1.037,0.0011,"aoml_navis",1025.94079722146
"7901009",104,0.135162164946934,1,0.171948,1,0.14952,1,193.029632372474,1,4.87350343537338,102,1,21.5540008544922,36.5400009155273,0.171948000788689,0.143609806895256,186.136703491211,-85.4445,27.2095,23.8404308173096,63,63,63,63,61,63,0.14952,7820,1.10622673185727,27,-85,0.001869,51,2026-03-11 08:37:55.000912,102,1.037,0.0011,"aoml_navis",1025.95598142159
"7901009",104,0.130093583761424,1,0.166341,1,0.143913,1,190.521774390083,1,4.87346360992689,104,1,21.5550003051758,36.5400009155273,0.166341006755829,0.138541221618652,183.718399047852,-85.4445,27.2095,23.8404308173096,63,63,63,63,61,63,0.143913,7820,1.10622673185727,27,-85,0.001869,51,2026-03-11 08:37:55.000912,104,1.037,0.0011,"aoml_navis",1025.96436542901
"7901009",104,0.12671452963775,1,0.162603,1,0.140175,1,185.304984820173,1,4.87342188547229,106,1,21.5599994659424,36.5419998168945,0.162603005766869,0.135162174701691,178.687896728516,-85.4445,27.2095,23.8404308173096,63,63,63,63,61,63,0.140175,7820,1.10622673185727,27,-85,0.001869,51,2026-03-11 08:37:55.000912,106,1.037,0.0011,"aoml_navis",1025.97314936042
"7901009",104,0.0777182448444869,1,0.108402,1,0.085974,1,179.619255588034,1,4.87325950281485,108,1,21.5149993896484,36.5589981079102,0.108401998877525,0.0861658900976181,173.205200195312,-85.4445,27.2095,23.8404308173096,63,63,63,63,61,63,0.085974,7820,1.10622673185727,27,-85,0.001869,51,2026-03-11 08:37:55.000912,108,1.037,0.0011,"aoml_navis",1026.00733597543
"7901009",104,0.0810972989681602,1,0.11214,1,0.089712,1,172.492986754384,1,4.87302269568052,110,1,21.4220008850098,36.5789985656738,0.112139999866486,0.0895449444651604,166.333404541016,-85.4445,27.2095,23.8404308173096,63,63,63,63,61,63,0.089712,7820,1.10622673185727,27,-85,0.001869,51,2026-03-11 08:37:55.000912,110,1.037,0.0011,"aoml_navis",1026.05719534859
"7901009",104,0.0709601365971402,1,0.100926,1,0.078498,1,166.568317454768,1,4.87283293752031,112,1,21.3780002593994,36.6040000915527,0.100925996899605,0.079407773911953,160.620300292969,-85.4445,27.2095,23.8404308173096,63,63,63,63,61,63,0.078498,7820,1.10622673185727,27,-85,0.001869,51,2026-03-11 08:37:55.000912,112,1.037,0.0011,"aoml_navis",1026.09715213106
"7901009",104,0.0625125012879568,1,0.091581,1,0.069153,1,162.865284419628,1,4.87261100495631,114,1,21.326000213623,36.6349983215332,0.0915810018777847,0.0709601417183876,157.049499511719,-85.4445,27.2095,23.8404308173096,63,63,63,63,61,63,0.069153,7820,1.10622673185727,27,-85,0.001869,51,2026-03-11 08:37:55.000912,114,1.037,0.0011,"aoml_navis",1026.14388772552
"7901009",104,0.0523753389169368,1,0.080367,1,0.057939,1,160.510712028869,1,4.87235849291432,116,1,21.1410007476807,36.6259994506836,0.0803669989109039,0.0608229786157608,154.779006958008,-85.4445,27.2095,23.8404308173096,63,63,63,63,61,63,0.057939,7820,1.10622673185727,27,-85,0.001869,51,2026-03-11 08:37:55.000912,116,1.037,0.0011,"aoml_navis",1026.197068067
"7901009",104,0.0473067577314268,1,0.07476,1,0.052332,1,157.750020642628,1,4.87214620813104,118,1,21.0739994049072,36.648998260498,0.0747599974274635,0.0557543970644474,152.116897583008,-85.4445,27.2095,23.8404308173096,63,63,63,63,61,63,0.052332,7820,1.10622673185727,27,-85,0.001869,51,2026-03-11 08:37:55.000912,118,1.037,0.0011,"aoml_navis",1026.24178060494
"7901009",104,0.0557543930406101,1,0.084105,1,0.061677,1,155.626175743516,1,4.87205712071139,120,1,21.0540008544922,36.6549987792969,0.0841049998998642,0.0642020329833031,150.068893432617,-85.4445,27.2095,23.8404308173096,63,63,63,63,61,63,0.061677,7820,1.10622673185727,27,-85,0.001869,51,2026-03-11 08:37:55.000912,120,1.037,0.0011,"aoml_navis",1026.26054582667
"7901009",104,0.0439277036077534,1,0.071022,1,0.048594,1,152.70403366135,1,4.87192806211784,122,1,21.0090007781982,36.6629981994629,0.0710219964385033,0.0523753426969051,147.251098632812,-85.4445,27.2095,23.8404308173096,63,63,63,63,61,63,0.048594,7820,1.10622673185727,27,-85,0.001869,51,2026-03-11 08:37:55.000912,122,1.037,0.0011,"aoml_navis",1026.28773172535
"7901009",104,0.0439277036077534,1,0.071022,1,0.048594,1,150.463535373005,1,4.8717634568596,124,1,20.9340000152588,36.6699981689453,0.0710219964385033,0.0523753426969051,145.090606689453,-85.4445,27.2095,23.8404308173096,63,63,63,63,61,63,0.048594,7820,1.10622673185727,27,-85,0.001869,51,2026-03-11 08:37:55.000912,124,1.037,0.0011,"aoml_navis",1026.32240753804
"7901009",104,0.0405486494840801,1,0.067284,1,0.044856,1,148.872716710513,1,4.87165155396751,126,1,20.8659992218018,36.6650009155273,0.0672840029001236,0.0489962846040726,143.556594848633,-85.4445,27.2095,23.8404308173096,63,63,63,63,61,63,0.044856,7820,1.10622673185727,27,-85,0.001869,51,2026-03-11 08:37:55.000912,126,1.037,0.0011,"aoml_navis",1026.34598238619
"7901009",104,0.0388591224222434,1,0.065415,1,0.042987,1,147.34103175876,1,4.87154348440531,128,1,20.8229999542236,36.6679992675781,0.0654150024056435,0.0473067574203014,142.079605102539,-85.4445,27.2095,23.8404308173096,63,63,63,63,61,63,0.042987,7820,1.10622673185727,27,-85,0.001869,51,2026-03-11 08:37:55.000912,128,1.037,0.0011,"aoml_navis",1026.36875068567
"7901009",104,0.0422381765459168,1,0.069153,1,0.046725,1,145.761004958918,1,4.87143737639003,130,1,20.8120002746582,36.681999206543,0.0691530033946037,0.050685815513134,140.555999755859,-85.4445,27.2095,23.8404308173096,63,63,63,63,61,63,0.046725,7820,1.10622673185727,27,-85,0.001869,51,2026-03-11 08:37:55.000912,130,1.037,0.0011,"aoml_navis",1026.3911067056
"7901009",104,0.0456172306695901,1,0.072891,1,0.050463,1,144.823220577531,1,4.87136105955272,132,1,20.8099994659424,36.6910018920898,0.0728909969329834,0.0540648698806763,139.651702880859,-85.4445,27.2095,23.8404308173096,63,63,63,63,61,63,0.050463,7820,1.10622673185727,27,-85,0.001869,51,2026-03-11 08:37:55.000912,132,1.037,0.0011,"aoml_navis",1026.40718659009
"7901009",104,0.0439277036077534,1,0.071022,1,0.048594,1,144.24610910727,1,4.87128229393425,134,1,20.7950000762939,36.6959991455078,0.0710219964385033,0.0523753426969051,139.095199584961,-85.4445,27.2095,23.8404308173096,63,63,63,63,61,63,0.048594,7820,1.10622673185727,27,-85,0.001869,51,2026-03-11 08:37:55.000912,134,1.037,0.0011,"aoml_navis",1026.42378295876
"7901009",104,0.0473067577314268,1,0.07476,1,0.052332,1,143.241532273909,1,4.87119976684406,136,1,20.7660007476807,36.6969985961914,0.0747599974274635,0.0557543970644474,138.126495361328,-85.4445,27.2095,23.8404308173096,63,63,63,63,61,63,0.052332,7820,1.10622673185727,27,-85,0.001869,51,2026-03-11 08:37:55.000912,136,1.037,0.0011,"aoml_navis",1026.44117246692
"7901009",104,0.0388591224222434,1,0.065415,1,0.042987,1,142.535519757975,1,4.8710100358956,138,1,20.6599998474121,36.7000007629395,0.0654150024056435,0.0473067574203014,137.445693969727,-85.4445,27.2095,23.8404308173096,63,63,63,63,61,63,0.042987,7820,1.10622673185727,27,-85,0.001869,51,2026-03-11 08:37:55.000912,138,1.037,0.0011,"aoml_navis",1026.48115342688
"7901009",104,0.0354800682985701,1,0.061677,1,0.039249,1,142.827865304109,1,4.8707780942701,140,1,20.5209999084473,36.7029991149902,0.0616770014166832,0.0439277067780495,137.727600097656,-85.4445,27.2095,23.8404308173096,63,63,63,63,61,63,0.039249,7820,1.10622673185727,27,-85,0.001869,51,2026-03-11 08:37:55.000912,140,1.037,0.0011,"aoml_navis",1026.53003344207
"7901009",104,0.0287219600512234,1,0.054201,1,0.031773,1,143.448017634207,1,4.87059584149194,142,1,20.4060001373291,36.701000213623,0.0542009994387627,0.0371695980429649,138.325607299805,-85.4445,27.2095,23.8404308173096,63,63,63,63,61,63,0.031773,7820,1.10622673185727,27,-85,0.001869,51,2026-03-11 08:37:55.000912,142,1.037,0.0011,"aoml_navis",1026.56844515936
"7901009",104,0.0219638518038767,1,0.046725,1,0.024297,1,143.895072918072,1,4.8704673036798,144,1,20.3239994049072,36.6959991455078,0.0467250011861324,0.0304114893078804,138.756698608398,-85.4445,27.2095,23.8404308173096,63,63,63,63,61,63,0.024297,7820,1.10622673185727,27,-85,0.001869,51,2026-03-11 08:37:55.000912,144,1.037,0.0011,"aoml_navis",1026.59553760321
"7901009",104,0.0185847976802034,1,0.042987,1,0.020559,1,144.27619023762,1,4.8703293777975,146,1,20.2259998321533,36.6879997253418,0.0429870001971722,0.0270324349403381,139.124206542969,-85.4445,27.2095,23.8404308173096,63,63,63,63,61,63,0.020559,7820,1.10622673185727,27,-85,0.001869,51,2026-03-11 08:37:55.000912,146,1.037,0.0011,"aoml_navis",1026.62461039979
"7901009",104,0.01520574355653,1,0.039249,1,0.016821,1,144.829439348824,1,4.87017374366433,148,1,20.1110000610352,36.6790008544922,0.0392489992082119,0.0236533787101507,139.657699584961,-85.4445,27.2095,23.8404308173096,63,63,63,63,61,63,0.016821,7820,1.10622673185727,27,-85,0.001869,51,2026-03-11 08:37:55.000912,148,1.037,0.0011,"aoml_navis",1026.65741781894
"7901009",104,0.00844763530918335,1,0.031773,1,0.009345,1,145.498012646238,1,4.86995107924302,150,1,19.9200000762939,36.6619987487793,0.0317730009555817,0.0168952718377113,140.302398681641,-85.4445,27.2095,23.8404308173096,63,63,63,63,61,63,0.009345,7820,1.10622673185727,27,-85,0.001869,51,2026-03-11 08:37:55.000912,150,1.037,0.0011,"aoml_navis",1026.70435875861
"7901009",104,0.00844763530918335,1,0.031773,1,0.009345,1,145.680224227496,1,4.86983312825687,152,1,19.8279991149902,36.6510009765625,0.0317730009555817,0.0168952718377113,140.478103637695,-85.4445,27.2095,23.8404308173096,63,63,63,63,61,63,0.009345,7820,1.10622673185727,27,-85,0.001869,51,2026-03-11 08:37:55.000912,152,1.037,0.0011,"aoml_navis",1026.72922630302
"7901009",104,0.00675810824734668,1,0.029904,1,0.007476,1,145.939371345712,1,4.86974284502962,154,1,19.7719993591309,36.6450004577637,0.0299040004611015,0.0152057446539402,140.727996826172,-85.4445,27.2095,23.8404308173096,63,63,63,63,61,63,0.007476,7820,1.10622673185727,27,-85,0.001869,51,2026-03-11 08:37:55.000912,154,1.037,0.0011,"aoml_navis",1026.74826148229
"7901009",104,0.00844763530918335,1,0.031773,1,0.009345,1,146.072940425816,1,4.86966292837907,156,1,19.7269992828369,36.6399993896484,0.0317730009555817,0.0168952718377113,140.856796264648,-85.4445,27.2095,23.8404308173096,63,63,63,63,61,63,0.009345,7820,1.10622673185727,27,-85,0.001869,51,2026-03-11 08:37:55.000912,156,1.037,0.0011,"aoml_navis",1026.7651115771
"7901009",104,0.00844763530918335,1,0.031773,1,0.009345,1,146.199768547725,1,4.86957537693752,158,1,19.6730003356934,36.6339988708496,0.0317730009555817,0.0168952718377113,140.979095458984,-85.4445,27.2095,23.8404308173096,63,63,63,63,61,63,0.009345,7820,1.10622673185727,27,-85,0.001869,51,2026-03-11 08:37:55.000912,158,1.037,0.0011,"aoml_navis",1026.78357207082
"7901009",104,0.00506858118551001,1,0.028035,1,0.005607,1,146.522290167282,1,4.86941732553603,160,1,19.5310001373291,36.617000579834,0.0280349999666214,0.0135162174701691,141.290100097656,-85.4445,27.2095,23.8404308173096,63,63,63,63,61,63,0.005607,7820,1.10622673185727,27,-85,0.001869,51,2026-03-11 08:37:55.000912,160,1.037,0.0011,"aoml_navis",1026.8168993812
"7901009",104,0.00168952706183667,1,0.024297,1,0.001869,1,146.56221372955,1,4.86930065287868,162,1,19.4360008239746,36.6049995422363,0.0242970008403063,0.0101371631026268,141.328598022461,-85.4445,27.2095,23.8404308173096,63,63,63,63,61,63,0.001869,7820,1.10622673185727,27,-85,0.001869,51,2026-03-11 08:37:55.000912,162,1.037,0.0011,"aoml_navis",1026.84150280268
"7901009",104,0.00675810824734668,1,0.029904,1,0.007476,1,146.488996796291,1,4.86920710426787,164,1,19.3680000305176,36.5960006713867,0.0299040004611015,0.0152057446539402,141.257995605469,-85.4445,27.2095,23.8404308173096,63,63,63,63,61,63,0.007476,7820,1.10622673185727,27,-85,0.001869,51,2026-03-11 08:37:55.000912,164,1.037,0.0011,"aoml_navis",1026.8612307777
"7901009",104,-0.00168952706183667,1,0.020559,1,-0.001869,1,146.332926207846,1,4.86910471050054,166,1,19.2840003967285,36.5839996337891,0.020558999851346,0.00675810873508453,141.107498168945,-85.4445,27.2095,23.8404308173096,63,63,63,63,61,63,-0.001869,7820,1.10622673185727,27,-85,0.001869,51,2026-03-11 08:37:55.000912,166,1.037,0.0011,"aoml_navis",1026.88282493025
"7901009",104,0.00337905412367334,1,0.026166,1,0.003738,1,146.210354700384,1,4.8689814241833,168,1,19.1800003051758,36.5709991455078,0.0261659994721413,0.0118266893550754,140.989303588867,-85.4445,27.2095,23.8404308173096,63,63,63,63,61,63,0.003738,7820,1.10622673185727,27,-85,0.001869,51,2026-03-11 08:37:55.000912,168,1.037,0.0011,"aoml_navis",1026.90882638532
"7901009",104,0.00506858118551001,1,0.028035,1,0.005607,1,145.991226087508,1,4.86890843371799,170,1,19.1310005187988,36.5629997253418,0.0280349999666214,0.0135162174701691,140.77799987793,-85.4445,27.2095,23.8404308173096,63,63,63,63,61,63,0.005607,7820,1.10622673185727,27,-85,0.001869,51,2026-03-11 08:37:55.000912,170,1.037,0.0011,"aoml_navis",1026.92422091452
"7901009",104,0.00506858118551001,1,0.028035,1,0.005607,1,145.932218967534,1,4.86882178182732,172,1,19.0650005340576,36.5530014038086,0.0280349999666214,0.0135162174701691,140.721099853516,-85.4445,27.2095,23.8404308173096,63,63,63,63,61,63,0.005607,7820,1.10622673185727,27,-85,0.001869,51,2026-03-11 08:37:55.000912,172,1.037,0.0011,"aoml_navis",1026.94249739481
"7901009",104,0.00506858118551001,1,0.028035,1,0.005607,1,146.726797546889,1,4.86870035575943,174,1,18.9500007629395,36.5359992980957,0.0280349999666214,0.0135162174701691,141.4873046875,-85.4445,27.2095,23.8404308173096,63,63,63,63,61,63,0.005607,7820,1.10622673185727,27,-85,0.001869,51,2026-03-11 08:37:55.000912,174,1.037,0.0011,"aoml_navis",1026.96810948434
"7901009",104,0,1,0.022428,1,0,1,148.673716029149,1,4.86853650044222,176,1,18.7940006256104,36.5169982910156,0.0224280003458261,0.00844763591885567,143.364700317383,-85.4445,27.2095,23.8404308173096,63,63,63,63,61,63,0,7820,1.10622673185727,27,-85,0.001869,51,2026-03-11 08:37:55.000912,176,1.037,0.0011,"aoml_navis",1027.00267309197
"7901009",104,-0.00168952706183667,1,0.020559,1,-0.001869,1,149.802114453769,1,4.86831639077041,178,1,18.5820007324219,36.4949989318848,0.020558999851346,0.00675810873508453,144.45280456543,-85.4445,27.2095,23.8404308173096,63,63,63,63,61,63,-0.001869,7820,1.10622673185727,27,-85,0.001869,51,2026-03-11 08:37:55.000912,178,1.037,0.0011,"aoml_navis",1027.04910664378
"7901009",104,-0.00168952706183667,1,0.020559,1,-0.001869,1,149.923657411272,1,4.86819840008465,180,1,18.4680004119873,36.4780006408691,0.020558999851346,0.00675810873508453,144.570007324219,-85.4445,27.2095,23.8404308173096,63,63,63,63,61,63,-0.001869,7820,1.10622673185727,27,-85,0.001869,51,2026-03-11 08:37:55.000912,180,1.037,0.0011,"aoml_navis",1027.07399926697
"7901009",104,0,1,0.01869,1,-0.003738,1,150.451398483484,1,4.86805085686299,182,1,18.3169994354248,36.4570007324219,0.0186899993568659,0.0050685815513134,145.078903198242,-85.4445,27.2095,23.8404308173096,63,63,63,63,61,63,0,7820,1.10622673185727,27,-85,0.001869,51,2026-03-11 08:37:55.000912,182,1.037,0.0011,"aoml_navis",1027.10512831865
"7901009",104,0,1,0.014952,1,-0.007476,1,151.757846817988,1,4.86794599614406,184,1,18.2250003814697,36.4440002441406,0.0149520002305508,0.00168952718377113,146.33869934082,-85.4445,27.2095,23.8404308173096,63,63,63,63,61,63,0,7820,1.10622673185727,27,-85,0.001869,51,2026-03-11 08:37:55.000912,184,1.037,0.0011,"aoml_navis",1027.1272532523
"7901009",104,0,1,0.01869,1,-0.003738,1,152.088660132602,1,4.86781990017312,186,1,18.1180000305176,36.431999206543,0.0186899993568659,0.0050685815513134,146.657699584961,-85.4445,27.2095,23.8404308173096,63,63,63,63,61,63,0,7820,1.10622673185727,27,-85,0.001869,51,2026-03-11 08:37:55.000912,186,1.037,0.0011,"aoml_navis",1027.15385994913
"7901009",104,0,1,0.013083,1,-0.009345,1,151.553244495308,1,4.86775257283428,188,1,18.0690002441406,36.4230003356934,0.0130829997360706,0,146.141403198242,-85.4445,27.2095,23.8404308173096,63,63,63,63,61,63,0,7820,1.10622673185727,27,-85,0.001869,51,2026-03-11 08:37:55.000912,188,1.037,0.0011,"aoml_navis",1027.16806682077
"7901009",104,0,1,0.020559,1,-0.001869,1,150.924594760161,1,4.86764975995024,190,1,17.9810009002686,36.4109992980957,0.020558999851346,0.00675810873508453,145.535202026367,-85.4445,27.2095,23.8404308173096,63,63,63,63,61,63,0,7820,1.10622673185727,27,-85,0.001869,51,2026-03-11 08:37:55.000912,190,1.037,0.0011,"aoml_navis",1027.18976232405
"7901009",104,0,1,0.020559,1,-0.001869,1,150.332244926657,1,4.86756163076678,192,1,17.8990001678467,36.3969993591309,0.020558999851346,0.00675810873508453,144.964004516602,-85.4445,27.2095,23.8404308173096,63,63,63,63,61,63,0,7820,1.10622673185727,27,-85,0.001869,51,2026-03-11 08:37:55.000912,192,1.037,0.0011,"aoml_navis",1027.20836001256
"7901009",104,0,1,0.014952,1,-0.007476,1,149.327984570206,1,4.86750512437025,194,1,17.871000289917,36.3919982910156,0.0149520002305508,0.00168952718377113,143.99560546875,-85.4445,27.2095,23.8404308173096,63,63,63,63,61,63,0,7820,1.10622673185727,27,-85,0.001869,51,2026-03-11 08:37:55.000912,194,1.037,0.0011,"aoml_navis",1027.22028477513
"7901009",104,0,1,0.020559,1,-0.001869,1,148.432924571746,1,4.86742452887443,196,1,17.7919998168945,36.3769989013672,0.020558999851346,0.00675810873508453,143.132507324219,-85.4445,27.2095,23.8404308173096,63,63,63,63,61,63,0,7820,1.10622673185727,27,-85,0.001869,51,2026-03-11 08:37:55.000912,196,1.037,0.0011,"aoml_navis",1027.23729363221
"7901009",104,0,1,0.014952,1,-0.007476,1,147.256722309785,1,4.86733129805456,198,1,17.6989994049072,36.3610000610352,0.0149520002305508,0.00168952718377113,141.998306274414,-85.4445,27.2095,23.8404308173096,63,63,63,63,61,63,0,7820,1.10622673185727,27,-85,0.001869,51,2026-03-11 08:37:55.000912,198,1.037,0.0011,"aoml_navis",1027.25696974818
"7901009",104,0,1,0.01869,1,-0.003738,1,145.50434218445,1,4.86722004493672,200,1,17.5779991149902,36.3409996032715,0.0186899993568659,0.0050685815513134,140.308502197266,-85.4445,27.2095,23.8404308173096,63,63,63,63,61,63,0,7820,1.10622673185727,27,-85,0.001869,51,2026-03-11 08:37:55.000912,200,1.037,0.0011,"aoml_navis",1027.28045040853
"7901009",104,0,1,0.020559,1,-0.001869,1,143.104133823187,1,4.86711653163794,202,1,17.4599990844727,36.3199996948242,0.020558999851346,0.00675810873508453,137.994003295898,-85.4445,27.2095,23.8404308173096,63,63,63,63,61,63,0,7820,1.10622673185727,27,-85,0.001869,51,2026-03-11 08:37:55.000912,202,1.037,0.0011,"aoml_navis",1027.3022984961
"7901009",104,0,1,0.020559,1,-0.001869,1,139.582473705492,1,4.86699873366386,204,1,17.3229999542236,36.2970008850098,0.020558999851346,0.00675810873508453,134.598098754883,-85.4445,27.2095,23.8404308173096,63,63,63,63,61,63,0,7820,1.10622673185727,27,-85,0.001869,51,2026-03-11 08:37:55.000912,204,1.037,0.0011,"aoml_navis",1027.32716271656
"7901009",104,0,1,0.01869,1,-0.003738,1,135.93419117588,1,4.86687972504662,206,1,17.17799949646,36.2719993591309,0.0186899993568659,0.0050685815513134,131.080093383789,-85.4445,27.2095,23.8404308173096,63,63,63,63,61,63,0,7820,1.10622673185727,27,-85,0.001869,51,2026-03-11 08:37:55.000912,206,1.037,0.0011,"aoml_navis",1027.35228369592
"7901009",104,0,1,0.020559,1,-0.001869,1,132.30769808156,1,4.86676238638196,208,1,17.0400009155273,36.2490005493164,0.020558999851346,0.00675810873508453,127.583099365234,-85.4445,27.2095,23.8404308173096,63,63,63,63,61,63,0,7820,1.10622673185727,27,-85,0.001869,51,2026-03-11 08:37:55.000912,208,1.037,0.0011,"aoml_navis",1027.37705337554
"7901009",104,0,1,0.026166,1,0.003738,1,130.335888690284,1,4.86665655746652,210,1,16.9050006866455,36.2239990234375,0.0261659994721413,0.0118266893550754,125.681701660156,-85.4445,27.2095,23.8404308173096,63,63,63,63,61,63,0,7820,1.10622673185727,27,-85,0.001869,51,2026-03-11 08:37:55.000912,210,1.037,0.0011,"aoml_navis",1027.3993944218
"7901009",104,0,1,0.024297,1,0.001869,1,130.061178819991,1,4.86659200024519,212,1,16.8500003814697,36.2130012512207,0.0242970008403063,0.0101371631026268,125.416801452637,-85.4445,27.2095,23.8404308173096,63,63,63,63,61,63,0,7820,1.10622673185727,27,-85,0.001869,51,2026-03-11 08:37:55.000912,212,1.037,0.0011,"aoml_navis",1027.41302327133
"7901009",104,0,1,0.024297,1,0.001869,1,130.948358543378,1,4.86652508714675,214,1,16.7959995269775,36.2029991149902,0.0242970008403063,0.0101371631026268,126.272300720215,-85.4445,27.2095,23.8404308173096,63,63,63,63,61,63,0,7820,1.10622673185727,27,-85,0.001869,51,2026-03-11 08:37:55.000912,214,1.037,0.0011,"aoml_navis",1027.42714985807
"7901009",104,0,1,0.028035,1,0.005607,1,132.696070634283,1,4.86643869384761,216,1,16.7280006408691,36.1940002441406,0.0280349999666214,0.0135162174701691,127.95760345459,-85.4445,27.2095,23.8404308173096,63,63,63,63,61,63,0,7820,1.10622673185727,27,-85,0.001869,51,2026-03-11 08:37:55.000912,216,1.037,0.0011,"aoml_navis",1027.44538964834
"7901009",104,0,1,0.024297,1,0.001869,1,133.833591505849,1,4.86637298344809,218,1,16.6940002441406,36.189998626709,0.0242970008403063,0.0101371631026268,129.054504394531,-85.4445,27.2095,23.8404308173096,63,63,63,63,61,63,0,7820,1.10622673185727,27,-85,0.001869,51,2026-03-11 08:37:55.000912,218,1.037,0.0011,"aoml_navis",1027.45926319384
"7901009",104,0,1,0.026166,1,0.003738,1,134.418061064281,1,4.86633165800156,220,1,16.6909999847412,36.1889991760254,0.0261659994721413,0.0118266893550754,129.618103027344,-85.4445,27.2095,23.8404308173096,63,63,63,63,61,63,0,7820,1.10622673185727,27,-85,0.001869,51,2026-03-11 08:37:55.000912,220,1.037,0.0011,"aoml_navis",1027.46798849574
"7901009",104,0,1,0.016821,1,-0.005607,1,135.075842499045,1,4.86629125352888,222,1,16.6919994354248,36.1889991760254,0.0168210007250309,0.00337905436754227,130.252395629883,-85.4445,27.2095,23.8404308173096,63,63,63,63,61,63,0,7820,1.10622673185727,27,-85,0.001869,51,2026-03-11 08:37:55.000912,222,1.037,0.0011,"aoml_navis",1027.4765194899
"7901009",104,0,1,0.01869,1,-0.003738,1,135.679712092094,1,4.86623466769339,224,1,16.6660003662109,36.185001373291,0.0186899993568659,0.0050685815513134,130.834701538086,-85.4445,27.2095,23.8404308173096,63,63,63,63,61,63,0,7820,1.10622673185727,27,-85,0.001869,51,2026-03-11 08:37:55.000912,224,1.037,0.0011,"aoml_navis",1027.48846725265
"7901009",104,0,1,0.020559,1,-0.001869,1,136.082603023089,1,4.86615361832732,226,1,16.5960006713867,36.173999786377,0.020558999851346,0.00675810873508453,131.223205566406,-85.4445,27.2095,23.8404308173096,63,63,63,63,61,63,0,7820,1.10622673185727,27,-85,0.001869,51,2026-03-11 08:37:55.000912,226,1.037,0.0011,"aoml_navis",1027.50558082848
"7901009",104,0,1,0.022428,1,0,1,136.643210222464,1,4.86607074309523,228,1,16.5209999084473,36.1619987487793,0.0224280003458261,0.00844763591885567,131.763793945312,-85.4445,27.2095,23.8404308173096,63,63,63,63,61,63,0,7820,1.10622673185727,27,-85,0.001869,51,2026-03-11 08:37:55.000912,228,1.037,0.0011,"aoml_navis",1027.52308052546
"7901009",104,0,1,0.01869,1,-0.003738,1,137.165460420279,1,4.86597819894929,230,1,16.4340000152588,36.148998260498,0.0186899993568659,0.0050685815513134,132.267395019531,-85.4445,27.2095,23.8404308173096,63,63,63,63,61,63,0,7820,1.10622673185727,27,-85,0.001869,51,2026-03-11 08:37:55.000912,230,1.037,0.0011,"aoml_navis",1027.5426225871
"7901009",104,0,1,0.01869,1,-0.003738,1,137.529361395892,1,4.86591328480216,232,1,16.3810005187988,36.1389999389648,0.0186899993568659,0.0050685815513134,132.618301391602,-85.4445,27.2095,23.8404308173096,63,63,63,63,61,63,0,7820,1.10622673185727,27,-85,0.001869,51,2026-03-11 08:37:55.000912,232,1.037,0.0011,"aoml_navis",1027.55633061046
"7901009",104,0,1,0.020559,1,-0.001869,1,138.178756192526,1,4.86581675175624,234,1,16.2900009155273,36.1259994506836,0.020558999851346,0.00675810873508453,133.244506835938,-85.4445,27.2095,23.8404308173096,63,63,63,63,61,63,0,7820,1.10622673185727,27,-85,0.001869,51,2026-03-11 08:37:55.000912,234,1.037,0.0011,"aoml_navis",1027.57671632318
"7901009",104,0,1,0.020559,1,-0.001869,1,139.146510937343,1,4.86573451925607,236,1,16.2180004119873,36.1150016784668,0.020558999851346,0.00675810873508453,134.177703857422,-85.4445,27.2095,23.8404308173096,63,63,63,63,61,63,0,7820,1.10622673185727,27,-85,0.001869,51,2026-03-11 08:37:55.000912,236,1.037,0.0011,"aoml_navis",1027.5940827048
"7901009",104,0,1,0.022428,1,0,1,139.741139404604,1,4.86565751479866,238,1,16.1569995880127,36.1059989929199,0.0224280003458261,0.00844763591885567,134.751098632812,-85.4445,27.2095,23.8404308173096,63,63,63,63,61,63,0,7820,1.10622673185727,27,-85,0.001869,51,2026-03-11 08:37:55.000912,238,1.037,0.0011,"aoml_navis",1027.61034552735
"7901009",104,0,1,0.01869,1,-0.003738,1,140.043643859568,1,4.86561009030831,240,1,16.1420001983643,36.1030006408691,0.0186899993568659,0.0050685815513134,135.04280090332,-85.4445,27.2095,23.8404308173096,63,63,63,63,61,63,0,7820,1.10622673185727,27,-85,0.001869,51,2026-03-11 08:37:55.000912,240,1.037,0.0011,"aoml_navis",1027.6203615163
"7901009",104,0,1,0.01869,1,-0.003738,1,140.025288198755,1,4.86554350409303,242,1,16.1000003814697,36.0970001220703,0.0186899993568659,0.0050685815513134,135.025100708008,-85.4445,27.2095,23.8404308173096,63,63,63,63,61,63,0,7820,1.10622673185727,27,-85,0.001869,51,2026-03-11 08:37:55.000912,242,1.037,0.0011,"aoml_navis",1027.63442476547
"7901009",104,0,1,0.01869,1,-0.003738,1,139.404930158665,1,4.86548263047668,244,1,16.0499992370605,36.0870018005371,0.0186899993568659,0.0050685815513134,134.426895141602,-85.4445,27.2095,23.8404308173096,63,63,63,63,61,63,0,7820,1.10622673185727,27,-85,0.001869,51,2026-03-11 08:37:55.000912,244,1.037,0.0011,"aoml_navis",1027.64728182991
"7901009",104,0,1,0.01869,1,-0.003738,1,138.856760501875,1,4.86537798913775,246,1,15.9440002441406,36.0719985961914,0.0186899993568659,0.0050685815513134,133.898300170898,-85.4445,27.2095,23.8404308173096,63,63,63,63,61,63,0,7820,1.10622673185727,27,-85,0.001869,51,2026-03-11 08:37:55.000912,246,1.037,0.0011,"aoml_navis",1027.66938378946
"7901009",104,0,1,0.01869,1,-0.003738,1,138.239931179338,1,4.86531868462863,248,1,15.9049997329712,36.064998626709,0.0186899993568659,0.0050685815513134,133.303497314453,-85.4445,27.2095,23.8404308173096,63,63,63,63,61,63,0,7820,1.10622673185727,27,-85,0.001869,51,2026-03-11 08:37:55.000912,248,1.037,0.0011,"aoml_navis",1027.68191029231
"7901009",104,0,1,0.020559,1,-0.001869,1,137.407929205308,1,4.86526717059926,250,1,15.8730001449585,36.0579986572266,0.020558999851346,0.00675810873508453,132.501205444336,-85.4445,27.2095,23.8404308173096,63,63,63,63,61,63,0,7820,1.10622673185727,27,-85,0.001869,51,2026-03-11 08:37:55.000912,250,1.037,0.0011,"aoml_navis",1027.692791511
"7901009",104,0,1,0.01869,1,-0.003738,1,136.486316794052,1,4.86518826101848,252,1,15.7930002212524,36.0439987182617,0.0186899993568659,0.0050685815513134,131.612503051758,-85.4445,27.2095,23.8404308173096,63,63,63,63,61,63,0,7820,1.10622673185727,27,-85,0.001869,51,2026-03-11 08:37:55.000912,252,1.037,0.0011,"aoml_navis",1027.70945989114
"7901009",104,0,1,0.01869,1,-0.003738,1,136.013626880432,1,4.86509315454237,254,1,15.6979999542236,36.0299987792969,0.0186899993568659,0.0050685815513134,131.156692504883,-85.4445,27.2095,23.8404308173096,63,63,63,63,61,63,0,7820,1.10622673185727,27,-85,0.001869,51,2026-03-11 08:37:55.000912,254,1.037,0.0011,"aoml_navis",1027.72955032355
"7901009",104,0,1,0.022428,1,0,1,135.526853744291,1,4.86503348656816,256,1,15.6549997329712,36.0219993591309,0.0224280003458261,0.00844763591885567,130.687301635742,-85.4445,27.2095,23.8404308173096,63,63,63,63,61,63,0,7820,1.10622673185727,27,-85,0.001869,51,2026-03-11 08:37:55.000912,256,1.037,0.0011,"aoml_navis",1027.74215507549
"7901009",104,0,1,0.020559,1,-0.001869,1,134.843247793625,1,4.86498630968029,258,1,15.6300001144409,36.015998840332,0.020558999851346,0.00675810873508453,130.028106689453,-85.4445,27.2095,23.8404308173096,63,63,63,63,61,63,0,7820,1.10622673185727,27,-85,0.001869,51,2026-03-11 08:37:55.000912,258,1.037,0.0011,"aoml_navis",1027.75212132685
"7901009",104,0,1,0.014952,1,-0.007476,1,134.054793042489,1,4.86489692378374,260,1,15.5430002212524,36.0029983520508,0.0149520002305508,0.00168952718377113,129.267807006836,-85.4445,27.2095,23.8404308173096,63,63,63,63,61,63,0,7820,1.10622673185727,27,-85,0.001869,51,2026-03-11 08:37:55.000912,260,1.037,0.0011,"aoml_navis",1027.77100488106
"7901009",104,0,1,0.024297,1,0.001869,1,133.716716582778,1,4.86479786731786,262,1,15.4200000762939,35.9819984436035,0.0242970008403063,0.0101371631026268,128.941802978516,-85.4445,27.2095,23.8404308173096,63,63,63,63,61,63,0,7820,1.10622673185727,27,-85,0.001869,51,2026-03-11 08:37:55.000912,262,1.037,0.0011,"aoml_navis",1027.79193223843
"7901009",104,0,1,0.014952,1,-0.007476,1,133.574428563788,1,4.86472212604585,264,1,15.3549995422363,35.9720001220703,0.0149520002305508,0.00168952718377113,128.804595947266,-85.4445,27.2095,23.8404308173096,63,63,63,63,61,63,0,7820,1.10622673185727,27,-85,0.001869,51,2026-03-11 08:37:55.000912,264,1.037,0.0011,"aoml_navis",1027.80793444087
"7901009",104,0,1,0.01869,1,-0.003738,1,133.22940543589,1,4.86467975927787,266,1,15.3509998321533,35.9710006713867,0.0186899993568659,0.0050685815513134,128.471893310547,-85.4445,27.2095,23.8404308173096,63,63,63,63,61,63,0,7820,1.10622673185727,27,-85,0.001869,51,2026-03-11 08:37:55.000912,266,1.037,0.0011,"aoml_navis",1027.81688567763
"7901009",104,0,1,0.024297,1,0.001869,1,132.780482938253,1,4.8646310076094,268,1,15.331000328064,35.9669990539551,0.0242970008403063,0.0101371631026268,128.039001464844,-85.4445,27.2095,23.8404308173096,63,63,63,63,61,63,0,7820,1.10622673185727,27,-85,0.001869,51,2026-03-11 08:37:55.000912,268,1.037,0.0011,"aoml_navis",1027.82718610699
"7901009",104,0,1,0.01869,1,-0.003738,1,132.466569490663,1,4.86456480752187,270,1,15.2779998779297,35.9580001831055,0.0186899993568659,0.0050685815513134,127.736297607422,-85.4445,27.2095,23.8404308173096,63,63,63,63,61,63,0,7820,1.10622673185727,27,-85,0.001869,51,2026-03-11 08:37:55.000912,270,1.037,0.0011,"aoml_navis",1027.84117343215
"7901009",104,0,1,0.016821,1,-0.005607,1,132.198394868573,1,4.86452042642443,272,1,15.2620000839233,35.9539985656738,0.0168210007250309,0.00337905436754227,127.477699279785,-85.4445,27.2095,23.8404308173096,63,63,63,63,61,63,0,7820,1.10622673185727,27,-85,0.001869,51,2026-03-11 08:37:55.000912,272,1.037,0.0011,"aoml_navis",1027.85055086615
"7901009",104,0,1,0.028035,1,0.005607,1,131.871624546492,1,4.86446781677114,274,1,15.2349996566772,35.9490013122559,0.0280349999666214,0.0135162174701691,127.16259765625,-85.4445,27.2095,23.8404308173096,63,63,63,63,61,63,0,7820,1.10622673185727,27,-85,0.001869,51,2026-03-11 08:37:55.000912,274,1.037,0.0011,"aoml_navis",1027.86166716153
"7901009",104,0,1,0.020559,1,-0.001869,1,131.647313624206,1,4.86438562011319,276,1,15.1499996185303,35.935001373291,0.020558999851346,0.00675810873508453,126.946296691895,-85.4445,27.2095,23.8404308173096,63,63,63,63,61,63,0,7820,1.10622673185727,27,-85,0.001869,51,2026-03-11 08:37:55.000912,276,1.037,0.0011,"aoml_navis",1027.87903560237
"7901009",104,0,1,0.022428,1,0,1,131.103495524937,1,4.86428064043244,278,1,15.0229997634888,35.9150009155273,0.0224280003458261,0.00844763591885567,126.421897888184,-85.4445,27.2095,23.8404308173096,63,63,63,63,61,63,0,7820,1.10622673185727,27,-85,0.001869,51,2026-03-11 08:37:55.000912,278,1.037,0.0011,"aoml_navis",1027.90121902907
"7901009",104,0,1,0.020559,1,-0.001869,1,130.090832706511,1,4.86418228534974,280,1,14.9049997329712,35.8959999084473,0.020558999851346,0.00675810873508453,125.44539642334,-85.4445,27.2095,23.8404308173096,63,63,63,63,61,63,0,7820,1.10622673185727,27,-85,0.001869,51,2026-03-11 08:37:55.000912,280,1.037,0.0011,"aoml_navis",1027.92200347
"7901009",104,0,1,0.01869,1,-0.003738,1,129.818100816908,1,4.8640455178153,282,1,14.7259998321533,35.8699989318848,0.0186899993568659,0.0050685815513134,125.182403564453,-85.4445,27.2095,23.8404308173096,63,63,63,63,61,63,0,7820,1.10622673185727,27,-85,0.001869,51,2026-03-11 08:37:55.000912,282,1.037,0.0011,"aoml_navis",1027.95090664484
"7901009",104,0,1,0.020559,1,-0.001869,1,129.311714024236,1,4.86399022597486,284,1,14.6890001296997,35.8629989624023,0.020558999851346,0.00675810873508453,124.69409942627,-85.4445,27.2095,23.8404308173096,63,63,63,63,61,63,0,7820,1.10622673185727,27,-85,0.001869,51,2026-03-11 08:37:55.000912,284,1.037,0.0011,"aoml_navis",1027.96259196797
"7901009",104,0,1,0.022428,1,0,1,128.89545194377,1,4.86394033064742,286,1,14.6639995574951,35.8580017089844,0.0224280003458261,0.00844763591885567,124.292701721191,-85.4445,27.2095,23.8404308173096,63,63,63,63,61,63,0,7820,1.10622673185727,27,-85,0.001869,51,2026-03-11 08:37:55.000912,286,1.037,0.0011,"aoml_navis",1027.9731370254
"7901009",104,0,1,0.020559,1,-0.001869,1,128.335659672439,1,4.86388197087836,288,1,14.6239995956421,35.851001739502,0.020558999851346,0.00675810873508453,123.752899169922,-85.4445,27.2095,23.8404308173096,63,63,63,63,61,63,0,7820,1.10622673185727,27,-85,0.001869,51,2026-03-11 08:37:55.000912,288,1.037,0.0011,"aoml_navis",1027.98547126279
"7901009",104,0,1,0.020559,1,-0.001869,1,127.717588178029,1,4.8638178782454,290,1,14.5749998092651,35.8429985046387,0.020558999851346,0.00675810873508453,123.156898498535,-85.4445,27.2095,23.8404308173096,63,63,63,63,61,63,0,7820,1.10622673185727,27,-85,0.001869,51,2026-03-11 08:37:55.000912,290,1.037,0.0011,"aoml_navis",1027.9990174722
"7901009",104,0,1,0.024297,1,0.001869,1,127.031489971692,1,4.86373597133849,292,1,14.4949998855591,35.8310012817383,0.0242970008403063,0.0101371631026268,122.495300292969,-85.4445,27.2095,23.8404308173096,63,63,63,63,61,63,0,7820,1.10622673185727,27,-85,0.001869,51,2026-03-11 08:37:55.000912,292,1.037,0.0011,"aoml_navis",1028.01632931238
"7901009",104,0,1,0.022428,1,0,1,125.821899395666,1,4.86368678444846,294,1,14.4670000076294,35.8250007629395,0.0224280003458261,0.00844763591885567,121.328903198242,-85.4445,27.2095,23.8404308173096,63,63,63,63,61,63,0,7820,1.10622673185727,27,-85,0.001869,51,2026-03-11 08:37:55.000912,294,1.037,0.0011,"aoml_navis",1028.02672573148
"7901009",104,0,1,0.024297,1,0.001869,1,124.148749264891,1,4.86362820859559,296,1,14.4230003356934,35.8170013427734,0.0242970008403063,0.0101371631026268,119.71549987793,-85.4445,27.2095,23.8404308173096,63,63,63,63,61,63,0,7820,1.10622673185727,27,-85,0.001869,51,2026-03-11 08:37:55.000912,296,1.037,0.0011,"aoml_navis",1028.03910692914
"7901009",104,0,1,0.022428,1,0,1,121.945468661228,1,4.86354161584477,298,1,14.3380002975464,35.8050003051758,0.0224280003458261,0.00844763591885567,117.590896606445,-85.4445,27.2095,23.8404308173096,63,63,63,63,61,63,0,7820,1.10622673185727,27,-85,0.001869,51,2026-03-11 08:37:55.000912,298,1.037,0.0011,"aoml_navis",1028.05741061425
"7901009",104,0,1,0.020559,1,-0.001869,1,120.27989815246,1,4.8634486475178,300,1,14.2360000610352,35.7900009155273,0.020558999851346,0.00675810873508453,115.984802246094,-85.4445,27.2095,23.8404308173096,63,63,63,63,61,63,0,7820,1.10622673185727,27,-85,0.001869,51,2026-03-11 08:37:55.000912,300,1.037,0.0011,"aoml_navis",1028.07706267278
"7901009",104,0,1,0.020559,1,-0.001869,1,119.665972505578,1,4.86335256534536,302,1,14.1269998550415,35.773998260498,0.020558999851346,0.00675810873508453,115.392799377441,-85.4445,27.2095,23.8404308173096,63,63,63,63,61,63,0,7820,1.10622673185727,27,-85,0.001869,51,2026-03-11 08:37:55.000912,302,1.037,0.0011,"aoml_navis",1028.09737373933
"7901009",104,0,1,0.024297,1,0.001869,1,119.337548591639,1,4.86330836916493,304,1,14.1070003509521,35.7690010070801,0.0242970008403063,0.0101371631026268,115.076103210449,-85.4445,27.2095,23.8404308173096,63,63,63,63,61,63,0,7820,1.10622673185727,27,-85,0.001869,51,2026-03-11 08:37:55.000912,304,1.037,0.0011,"aoml_navis",1028.10671675721
"7901009",104,0,1,0.026166,1,0.003738,1,118.9447216264,1,4.86326364388377,306,1,14.0900001525879,35.7649993896484,0.0261659994721413,0.0118266893550754,114.697303771973,-85.4445,27.2095,23.8404308173096,63,63,63,63,61,63,0,7820,1.10622673185727,27,-85,0.001869,51,2026-03-11 08:37:55.000912,306,1.037,0.0011,"aoml_navis",1028.1161717992
"7901009",104,0,1,0.01869,1,-0.003738,1,118.730466757947,1,4.86319225665826,308,1,14.0080003738403,35.75,0.0186899993568659,0.0050685815513134,114.490699768066,-85.4445,27.2095,23.8404308173096,63,63,63,63,61,63,0,7820,1.10622673185727,27,-85,0.001869,51,2026-03-11 08:37:55.000912,308,1.037,0.0011,"aoml_navis",1028.13126360662
"7901009",104,0,1,0.026166,1,0.003738,1,118.852943322336,1,4.86307871617634,310,1,13.8629999160767,35.7290000915527,0.0261659994721413,0.0118266893550754,114.60880279541,-85.4445,27.2095,23.8404308173096,63,63,63,63,61,63,0,7820,1.10622673185727,27,-85,0.001869,51,2026-03-11 08:37:55.000912,310,1.037,0.0011,"aoml_navis",1028.15526784878
"7901009",104,0,1,0.022428,1,0,1,118.874305513799,1,4.86298781431379,312,1,13.7609996795654,35.7140007019043,0.0224280003458261,0.00844763591885567,114.629402160645,-85.4445,27.2095,23.8404308173096,63,63,63,63,61,63,0,7820,1.10622673185727,27,-85,0.001869,51,2026-03-11 08:37:55.000912,312,1.037,0.0011,"aoml_navis",1028.17448673898
"7901009",104,0,1,0.022428,1,0,1,118.610276739237,1,4.86293153340718,314,1,13.7180004119873,35.7060012817383,0.0224280003458261,0.00844763591885567,114.374801635742,-85.4445,27.2095,23.8404308173096,63,63,63,63,61,63,0,7820,1.10622673185727,27,-85,0.001869,51,2026-03-11 08:37:55.000912,314,1.037,0.0011,"aoml_navis",1028.18638626746
"7901009",104,0,1,0.016821,1,-0.005607,1,118.076823258789,1,4.86287150991432,316,1,13.6639995574951,35.6959991455078,0.0168210007250309,0.00337905436754227,113.860397338867,-85.4445,27.2095,23.8404308173096,63,63,63,63,61,63,0,7820,1.10622673185727,27,-85,0.001869,51,2026-03-11 08:37:55.000912,316,1.037,0.0011,"aoml_navis",1028.19907739822
"7901009",104,0,1,0.022428,1,0,1,117.786558548341,1,4.86277103170802,318,1,13.5480003356934,35.6800003051758,0.0224280003458261,0.00844763591885567,113.580497741699,-85.4445,27.2095,23.8404308173096,63,63,63,63,61,63,0,7820,1.10622673185727,27,-85,0.001869,51,2026-03-11 08:37:55.000912,318,1.037,0.0011,"aoml_navis",1028.22032281536
"7901009",104,0,1,0.024297,1,0.001869,1,117.693846637391,1,4.86269654055359,320,1,13.4610004425049,35.6650009155273,0.0242970008403063,0.0101371631026268,113.491096496582,-85.4445,27.2095,23.8404308173096,63,63,63,63,61,63,0,7820,1.10622673185727,27,-85,0.001869,51,2026-03-11 08:37:55.000912,320,1.037,0.0011,"aoml_navis",1028.23607401806
"7901009",104,0,1,0.022428,1,0,1,117.394048060013,1,4.86263275483258,322,1,13.3990001678467,35.6539993286133,0.0224280003458261,0.00844763591885567,113.202003479004,-85.4445,27.2095,23.8404308173096,63,63,63,63,61,63,0,7820,1.10622673185727,27,-85,0.001869,51,2026-03-11 08:37:55.000912,322,1.037,0.0011,"aoml_navis",1028.24956193348
"7901009",104,0,1,0.022428,1,0,1,117.217849540056,1,4.86254654198293,324,1,13.2959995269775,35.6380004882812,0.0224280003458261,0.00844763591885567,113.032096862793,-85.4445,27.2095,23.8404308173096,63,63,63,63,61,63,0,7820,1.10622673185727,27,-85,0.001869,51,2026-03-11 08:37:55.000912,324,1.037,0.0011,"aoml_navis",1028.26779277695
"7901009",104,0,1,0.022428,1,0,1,117.244299097856,1,4.8624417560692,326,1,13.1590003967285,35.6180000305176,0.0224280003458261,0.00844763591885567,113.057601928711,-85.4445,27.2095,23.8404308173096,63,63,63,63,61,63,0,7820,1.10622673185727,27,-85,0.001869,51,2026-03-11 08:37:55.000912,326,1.037,0.0011,"aoml_navis",1028.28995201004
"7901009",104,0,1,0.024297,1,0.001869,1,117.104709044529,1,4.86236496679714,328,1,13.0830001831055,35.6069984436035,0.0242970008403063,0.0101371631026268,112.922996520996,-85.4445,27.2095,23.8404308173096,63,63,63,63,61,63,0,7820,1.10622673185727,27,-85,0.001869,51,2026-03-11 08:37:55.000912,328,1.037,0.0011,"aoml_navis",1028.30619135805
"7901009",104,0,1,0.026166,1,0.003738,1,116.964193296238,1,4.86230651901681,330,1,13.043999671936,35.601001739502,0.0261659994721413,0.0118266893550754,112.787498474121,-85.4445,27.2095,23.8404308173096,63,63,63,63,61,63,0,7820,1.10622673185727,27,-85,0.001869,51,2026-03-11 08:37:55.000912,330,1.037,0.0011,"aoml_navis",1028.31855220247
"7901009",104,0,1,0.026166,1,0.003738,1,116.802829631464,1,4.8622498350693,332,1,13.0030002593994,35.5940017700195,0.0261659994721413,0.0118266893550754,112.631896972656,-85.4445,27.2095,23.8404308173096,63,63,63,63,61,63,0,7820,1.10622673185727,27,-85,0.001869,51,2026-03-11 08:37:55.000912,332,1.037,0.0011,"aoml_navis",1028.33054030609
"7901009",104,0,1,0.024297,1,0.001869,1,116.638048016055,1,4.8621971417183,334,1,12.9659996032715,35.5870018005371,0.0242970008403063,0.0101371631026268,112.472999572754,-85.4445,27.2095,23.8404308173096,63,63,63,63,61,63,0,7820,1.10622673185727,27,-85,0.001869,51,2026-03-11 08:37:55.000912,334,1.037,0.0011,"aoml_navis",1028.34168468805
"7901009",104,0,1,0.022428,1,0,1,116.672061372018,1,4.86210457264801,336,1,12.8620004653931,35.5730018615723,0.0224280003458261,0.00844763591885567,112.505798339844,-85.4445,27.2095,23.8404308173096,63,63,63,63,61,63,0,7820,1.10622673185727,27,-85,0.001869,51,2026-03-11 08:37:55.000912,336,1.037,0.0011,"aoml_navis",1028.36126317145
"7901009",104,0,1,0.024297,1,0.001869,1,116.62996203099,1,4.86205526596526,338,1,12.8319997787476,35.5670013427734,0.0242970008403063,0.0101371631026268,112.465202331543,-85.4445,27.2095,23.8404308173096,63,63,63,63,61,63,0,7820,1.10622673185727,27,-85,0.001869,51,2026-03-11 08:37:55.000912,338,1.037,0.0011,"aoml_navis",1028.37169190576
"7901009",104,0,1,0.024297,1,0.001869,1,116.451587732273,1,4.86200063507181,340,1,12.8039999008179,35.5629997253418,0.0242970008403063,0.0101371631026268,112.293197631836,-85.4445,27.2095,23.8404308173096,63,63,63,63,61,63,0,7820,1.10622673185727,27,-85,0.001869,51,2026-03-11 08:37:55.000912,340,1.037,0.0011,"aoml_navis",1028.38324699769
"7901009",104,0,1,0.026166,1,0.003738,1,116.281307330543,1,4.86195042403704,342,1,12.7729997634888,35.556999206543,0.0261659994721413,0.0118266893550754,112.128997802734,-85.4445,27.2095,23.8404308173096,63,63,63,63,61,63,0,7820,1.10622673185727,27,-85,0.001869,51,2026-03-11 08:37:55.000912,342,1.037,0.0011,"aoml_navis",1028.3938674653
"7901009",104,0,1,0.029904,1,0.007476,1,116.226240348105,1,4.86189076868675,344,1,12.7360000610352,35.5519981384277,0.0299040004611015,0.0152057446539402,112.075897216797,-85.4445,27.2095,23.8404308173096,63,63,63,63,61,63,0,7820,1.10622673185727,27,-85,0.001869,51,2026-03-11 08:37:55.000912,344,1.037,0.0011,"aoml_navis",1028.40648584759
"7901009",104,0,1,0.024297,1,0.001869,1,116.046418167522,1,4.86184496062454,346,1,12.7170000076294,35.5480003356934,0.0242970008403063,0.0101371631026268,111.902496337891,-85.4445,27.2095,23.8404308173096,63,63,63,63,61,63,0,7820,1.10622673185727,27,-85,0.001869,51,2026-03-11 08:37:55.000912,346,1.037,0.0011,"aoml_navis",1028.41617544252
"7901009",104,0,1,0.024297,1,0.001869,1,115.717788543591,1,4.86179864634201,348,1,12.7049999237061,35.5460014343262,0.0242970008403063,0.0101371631026268,111.585601806641,-85.4445,27.2095,23.8404308173096,63,63,63,63,61,63,0,7820,1.10622673185727,27,-85,0.001869,51,2026-03-11 08:37:55.000912,348,1.037,0.0011,"aoml_navis",1028.42597230183
"7901009",104,0,1,0.022428,1,0,1,115.44462941016,1,4.86175242995587,350,1,12.6780004501343,35.5400009155273,0.0224280003458261,0.00844763591885567,111.322196960449,-85.4445,27.2095,23.8404308173096,63,63,63,63,61,63,0,7820,1.10622673185727,27,-85,0.001869,51,2026-03-11 08:37:55.000912,350,1.037,0.0011,"aoml_navis",1028.43574863918
"7901009",104,0,1,0.028035,1,0.005607,1,115.055536872465,1,4.86168840093591,352,1,12.625,35.5320014953613,0.0280349999666214,0.0135162174701691,110.946998596191,-85.4445,27.2095,23.8404308173096,63,63,63,63,61,63,0,7820,1.10622673185727,27,-85,0.001869,51,2026-03-11 08:37:55.000912,352,1.037,0.0011,"aoml_navis",1028.44929326147
"7901009",104,0,1,0.022428,1,0,1,114.662915617218,1,4.8616063665047,354,1,12.5190000534058,35.5149993896484,0.0224280003458261,0.00844763591885567,110.568397521973,-85.4445,27.2095,23.8404308173096,63,63,63,63,61,63,0,7820,1.10622673185727,27,-85,0.001869,51,2026-03-11 08:37:55.000912,354,1.037,0.0011,"aoml_navis",1028.46664724828
"7901009",104,0,1,0.022428,1,0,1,114.616876138654,1,4.86146877303352,356,1,12.3159999847412,35.4879989624023,0.0224280003458261,0.00844763591885567,110.524002075195,-85.4445,27.2095,23.8404308173096,63,63,63,63,61,63,0,7820,1.10622673185727,27,-85,0.001869,51,2026-03-11 08:37:55.000912,356,1.037,0.0011,"aoml_navis",1028.49575579605
"7901009",104,0,1,0.026166,1,0.003738,1,114.563676369988,1,4.86137694891255,358,1,12.2019996643066,35.4720001220703,0.0261659994721413,0.0118266893550754,110.472702026367,-85.4445,27.2095,23.8404308173096,63,63,63,63,61,63,0,7820,1.10622673185727,27,-85,0.001869,51,2026-03-11 08:37:55.000912,358,1.037,0.0011,"aoml_navis",1028.51518253865
"7901009",104,0,1,0.024297,1,0.001869,1,114.425747820441,1,4.86133615083902,360,1,12.1840000152588,35.4669990539551,0.0242970008403063,0.0101371631026268,110.339698791504,-85.4445,27.2095,23.8404308173096,63,63,63,63,61,63,0,7820,1.10622673185727,27,-85,0.001869,51,2026-03-11 08:37:55.000912,360,1.037,0.0011,"aoml_navis",1028.52381420632
"7901009",104,0,1,0.026166,1,0.003738,1,114.131542972457,1,4.8612891081069,362,1,12.1709995269775,35.4650001525879,0.0261659994721413,0.0118266893550754,110.055999755859,-85.4445,27.2095,23.8404308173096,63,63,63,63,61,63,0,7820,1.10622673185727,27,-85,0.001869,51,2026-03-11 08:37:55.000912,362,1.037,0.0011,"aoml_navis",1028.53376723918
"7901009",104,0,1,0.026166,1,0.003738,1,113.744001171624,1,4.86124927671045,364,1,12.1540002822876,35.4599990844727,0.0261659994721413,0.0118266893550754,109.68229675293,-85.4445,27.2095,23.8404308173096,63,63,63,63,61,63,0,7820,1.10622673185727,27,-85,0.001869,51,2026-03-11 08:37:55.000912,364,1.037,0.0011,"aoml_navis",1028.5421946894
"7901009",104,0,1,0.022428,1,0,1,113.355533675828,1,4.8611830454045,366,1,12.0780000686646,35.4469985961914,0.0224280003458261,0.00844763591885567,109.30770111084,-85.4445,27.2095,23.8404308173096,63,63,63,63,61,63,0,7820,1.10622673185727,27,-85,0.001869,51,2026-03-11 08:37:55.000912,366,1.037,0.0011,"aoml_navis",1028.5562080874
"7901009",104,0,1,0.028035,1,0.005607,1,113.455397964957,1,4.86106116401147,368,1,11.914999961853,35.4269981384277,0.0280349999666214,0.0135162174701691,109.403999328613,-85.4445,27.2095,23.8404308173096,63,63,63,63,61,63,0,7820,1.10622673185727,27,-85,0.001869,51,2026-03-11 08:37:55.000912,368,1.037,0.0011,"aoml_navis",1028.58199707857
"7901009",104,0,1,0.026166,1,0.003738,1,113.426361208413,1,4.86101976822599,370,1,11.8529996871948,35.4109992980957,0.0261659994721413,0.0118266893550754,109.375999450684,-85.4445,27.2095,23.8404308173096,63,63,63,63,61,63,0,7820,1.10622673185727,27,-85,0.001869,51,2026-03-11 08:37:55.000912,370,1.037,0.0011,"aoml_navis",1028.59075634344
"7901009",104,0,1,0.024297,1,0.001869,1,113.276928723167,1,4.86093104509123,372,1,11.798999786377,35.4099998474121,0.0242970008403063,0.0101371631026268,109.231903076172,-85.4445,27.2095,23.8404308173096,63,63,63,63,61,63,0,7820,1.10622673185727,27,-85,0.001869,51,2026-03-11 08:37:55.000912,372,1.037,0.0011,"aoml_navis",1028.60953048269
"7901009",104,0,1,0.028035,1,0.005607,1,113.189604831619,1,4.8608699365151,374,1,11.7469997406006,35.4020004272461,0.0280349999666214,0.0135162174701691,109.14769744873,-85.4445,27.2095,23.8404308173096,63,63,63,63,61,63,0,7820,1.10622673185727,27,-85,0.001869,51,2026-03-11 08:37:55.000912,374,1.037,0.0011,"aoml_navis",1028.62246167908
"7901009",104,0,1,0.029904,1,0.007476,1,113.088806935604,1,4.86081820023177,376,1,11.7049999237061,35.3940010070801,0.0299040004611015,0.0152057446539402,109.050498962402,-85.4445,27.2095,23.8404308173096,63,63,63,63,61,63,0,7820,1.10622673185727,27,-85,0.001869,51,2026-03-11 08:37:55.000912,376,1.037,0.0011,"aoml_navis",1028.63340985713
"7901009",104,0,1,0.020559,1,-0.001869,1,112.804871763368,1,4.86076113662206,378,1,11.6730003356934,35.3899993896484,0.020558999851346,0.00675810873508453,108.776702880859,-85.4445,27.2095,23.8404308173096,63,63,63,63,61,63,0,7820,1.10622673185727,27,-85,0.001869,51,2026-03-11 08:37:55.000912,378,1.037,0.0011,"aoml_navis",1028.6454856481
"7901009",104,0,1,0.024297,1,0.001869,1,112.589374723041,1,4.86070686901954,380,1,11.6440000534058,35.3860015869141,0.0242970008403063,0.0101371631026268,108.568901062012,-85.4445,27.2095,23.8404308173096,63,63,63,63,61,63,0,7820,1.10622673185727,27,-85,0.001869,51,2026-03-11 08:37:55.000912,380,1.037,0.0011,"aoml_navis",1028.65697001156
"7901009",104,0,1,0.020559,1,-0.001869,1,112.396592812971,1,4.86066098057487,382,1,11.6280002593994,35.382999420166,0.020558999851346,0.00675810873508453,108.383003234863,-85.4445,27.2095,23.8404308173096,63,63,63,63,61,63,0,7820,1.10622673185727,27,-85,0.001869,51,2026-03-11 08:37:55.000912,382,1.037,0.0011,"aoml_navis",1028.66668133861
"7901009",104,0,1,0.022428,1,0,1,112.325140238488,1,4.86061218637257,384,1,11.585000038147,35.3740005493164,0.0224280003458261,0.00844763591885567,108.314102172852,-85.4445,27.2095,23.8404308173096,63,63,63,63,61,63,0,7820,1.10622673185727,27,-85,0.001869,51,2026-03-11 08:37:55.000912,384,1.037,0.0011,"aoml_navis",1028.67700780947
"7901009",104,0,1,0.026166,1,0.003738,1,112.659577213727,1,4.86050935202671,386,1,11.4469995498657,35.3559989929199,0.0261659994721413,0.0118266893550754,108.636596679688,-85.4445,27.2095,23.8404308173096,63,63,63,63,61,63,0,7820,1.10622673185727,27,-85,0.001869,51,2026-03-11 08:37:55.000912,386,1.037,0.0011,"aoml_navis",1028.69877164522
"7901009",104,0,1,0.024297,1,0.001869,1,112.974527123199,1,4.8604263825982,388,1,11.3420000076294,35.3409996032715,0.0242970008403063,0.0101371631026268,108.940299987793,-85.4445,27.2095,23.8404308173096,63,63,63,63,61,63,0,7820,1.10622673185727,27,-85,0.001869,51,2026-03-11 08:37:55.000912,388,1.037,0.0011,"aoml_navis",1028.716331946
"7901009",104,0,1,0.022428,1,0,1,112.902346651822,1,4.86038333947289,390,1,11.3369998931885,35.3400001525879,0.0224280003458261,0.00844763591885567,108.870697021484,-85.4445,27.2095,23.8404308173096,63,63,63,63,61,63,0,7820,1.10622673185727,27,-85,0.001869,51,2026-03-11 08:37:55.000912,390,1.037,0.0011,"aoml_navis",1028.72544216692
"7901009",104,0,1,0.026166,1,0.003738,1,112.875699295952,1,4.86034120843987,392,1,11.3330001831055,35.3390007019043,0.0261659994721413,0.0118266893550754,108.845001220703,-85.4445,27.2095,23.8404308173096,63,63,63,63,61,63,0,7820,1.10622673185727,27,-85,0.001869,51,2026-03-11 08:37:55.000912,392,1.037,0.0011,"aoml_navis",1028.73435949674
"7901009",104,0,1,0.024297,1,0.001869,1,112.787236087527,1,4.86030092225078,394,1,11.3269996643066,35.3370018005371,0.0242970008403063,0.0101371631026268,108.759696960449,-85.4445,27.2095,23.8404308173096,63,63,63,63,61,63,0,7820,1.10622673185727,27,-85,0.001869,51,2026-03-11 08:37:55.000912,394,1.037,0.0011,"aoml_navis",1028.74288649694
"7901009",104,0,1,0.024297,1,0.001869,1,112.804871763368,1,4.8602435007112,396,1,11.28600025177,35.3310012817383,0.0242970008403063,0.0101371631026268,108.776702880859,-85.4445,27.2095,23.8404308173096,63,63,63,63,61,63,0,7820,1.10622673185727,27,-85,0.001869,51,2026-03-11 08:37:55.000912,396,1.037,0.0011,"aoml_navis",1028.75504062057
"7901009",104,0,1,0.028035,1,0.005607,1,112.707183252999,1,4.86019064106951,398,1,11.253999710083,35.326000213623,0.0280349999666214,0.0135162174701691,108.682502746582,-85.4445,27.2095,23.8404308173096,63,63,63,63,61,63,0,7820,1.10622673185727,27,-85,0.001869,51,2026-03-11 08:37:55.000912,398,1.037,0.0011,"aoml_navis",1028.76622940448
"7901009",104,0,1,0.028035,1,0.005607,1,112.67057478637,1,4.86012891126609,400,1,11.1999998092651,35.318000793457,0.0280349999666214,0.0135162174701691,108.647201538086,-85.4445,27.2095,23.8404308173096,63,63,63,63,61,63,0,7820,1.10622673185727,27,-85,0.001869,51,2026-03-11 08:37:55.000912,400,1.037,0.0011,"aoml_navis",1028.77929604083
"7901009",104,0,1,0.029904,1,0.007476,1,112.563241642151,1,4.86006815152143,402,1,11.1510000228882,35.3110008239746,0.0299040004611015,0.0152057446539402,108.543701171875,-85.4445,27.2095,23.8404308173096,63,63,63,63,61,63,0,7820,1.10622673185727,27,-85,0.001869,51,2026-03-11 08:37:55.000912,402,1.037,0.0011,"aoml_navis",1028.79215766445
"7901009",104,0,1,0.028035,1,0.005607,1,112.530676168054,1,4.85999579818601,404,1,11.08899974823,35.3040008544922,0.0280349999666214,0.0135162174701691,108.512298583984,-85.4445,27.2095,23.8404308173096,63,63,63,63,61,63,0,7820,1.10622673185727,27,-85,0.001869,51,2026-03-11 08:37:55.000912,404,1.037,0.0011,"aoml_navis",1028.80747383902
"7901009",104,0,1,0.028035,1,0.005607,1,112.455908497933,1,4.85995024092508,406,1,11.0729999542236,35.3009986877441,0.0280349999666214,0.0135162174701691,108.440200805664,-85.4445,27.2095,23.8404308173096,63,63,63,63,61,63,0,7820,1.10622673185727,27,-85,0.001869,51,2026-03-11 08:37:55.000912,406,1.037,0.0011,"aoml_navis",1028.81711789877
"7901009",104,0,1,0.028035,1,0.005607,1,112.343907319284,1,4.85990550537891,408,1,11.0620002746582,35.298999786377,0.0280349999666214,0.0135162174701691,108.33219909668,-85.4445,27.2095,23.8404308173096,63,63,63,63,61,63,0,7820,1.10622673185727,27,-85,0.001869,51,2026-03-11 08:37:55.000912,408,1.037,0.0011,"aoml_navis",1028.8265881849
"7901009",104,0,1,0.028035,1,0.005607,1,112.167922421242,1,4.85985815369664,410,1,11.043999671936,35.2960014343262,0.0280349999666214,0.0135162174701691,108.162498474121,-85.4445,27.2095,23.8404308173096,63,63,63,63,61,63,0,7820,1.10622673185727,27,-85,0.001869,51,2026-03-11 08:37:55.000912,410,1.037,0.0011,"aoml_navis",1028.83661248359
"7901009",104,0,1,0.026166,1,0.003738,1,111.938840609529,1,4.8598118027848,412,1,11.0229997634888,35.2919998168945,0.0261659994721413,0.0118266893550754,107.941596984863,-85.4445,27.2095,23.8404308173096,63,63,63,63,61,63,0,7820,1.10622673185727,27,-85,0.001869,51,2026-03-11 08:37:55.000912,412,1.037,0.0011,"aoml_navis",1028.84642510948
"7901009",104,0,1,0.026166,1,0.003738,1,111.823010060262,1,4.85974611673499,414,1,10.96399974823,35.2840003967285,0.0261659994721413,0.0118266893550754,107.829902648926,-85.4445,27.2095,23.8404308173096,63,63,63,63,61,63,0,7820,1.10622673185727,27,-85,0.001869,51,2026-03-11 08:37:55.000912,414,1.037,0.0011,"aoml_navis",1028.86033136217
"7901009",104,0,1,0.026166,1,0.003738,1,111.759540615849,1,4.85969287522143,416,1,10.9270000457764,35.2779998779297,0.0261659994721413,0.0118266893550754,107.768699645996,-85.4445,27.2095,23.8404308173096,63,63,63,63,61,63,0,7820,1.10622673185727,27,-85,0.001869,51,2026-03-11 08:37:55.000912,416,1.037,0.0011,"aoml_navis",1028.87160328464
"7901009",104,0,1,0.026166,1,0.003738,1,111.750204546987,1,4.85962921100112,418,1,10.8699998855591,35.2700004577637,0.0261659994721413,0.0118266893550754,107.759696960449,-85.4445,27.2095,23.8404308173096,63,63,63,63,61,63,0,7820,1.10622673185727,27,-85,0.001869,51,2026-03-11 08:37:55.000912,418,1.037,0.0011,"aoml_navis",1028.88508215423
"7901009",104,0,1,0.028035,1,0.005607,1,111.868946683831,1,4.85956161900828,420,1,10.7959995269775,35.2589988708496,0.0280349999666214,0.0135162174701691,107.874198913574,-85.4445,27.2095,23.8404308173096,63,63,63,63,61,63,0,7820,1.10622673185727,27,-85,0.001869,51,2026-03-11 08:37:55.000912,420,1.037,0.0011,"aoml_navis",1028.899392991
"7901009",104,0,1,0.028035,1,0.005607,1,111.964040083533,1,4.85949815037672,422,1,10.7430000305176,35.2519989013672,0.0280349999666214,0.0135162174701691,107.965896606445,-85.4445,27.2095,23.8404308173096,63,63,63,63,61,63,0,7820,1.10622673185727,27,-85,0.001869,51,2026-03-11 08:37:55.000912,422,1.037,0.0011,"aoml_navis",1028.91283117628
"7901009",104,0,1,0.028035,1,0.005607,1,112.202663674099,1,4.85942317742689,424,1,10.6560001373291,35.2400016784668,0.0280349999666214,0.0135162174701691,108.195999145508,-85.4445,27.2095,23.8404308173096,63,63,63,63,61,63,0,7820,1.10622673185727,27,-85,0.001869,51,2026-03-11 08:37:55.000912,424,1.037,0.0011,"aoml_navis",1028.92870561801
"7901009",104,0,1,0.028035,1,0.005607,1,112.351376174374,1,4.85936020037865,426,1,10.5989999771118,35.2319984436035,0.0280349999666214,0.0135162174701691,108.339401245117,-85.4445,27.2095,23.8404308173096,63,63,63,63,61,63,0,7820,1.10622673185727,27,-85,0.001869,51,2026-03-11 08:37:55.000912,426,1.037,0.0011,"aoml_navis",1028.94204047899
"7901009",104,0,1,0.029904,1,0.007476,1,112.414220576889,1,4.85931300944917,428,1,10.585000038147,35.2299995422363,0.0299040004611015,0.0152057446539402,108.400001525879,-85.4445,27.2095,23.8404308173096,63,63,63,63,61,63,0,7820,1.10622673185727,27,-85,0.001869,51,2026-03-11 08:37:55.000912,428,1.037,0.0011,"aoml_navis",1028.95203298846
"7901009",104,0,1,0.028035,1,0.005607,1,112.486606758258,1,4.85926544806075,430,1,10.5579996109009,35.2249984741211,0.0280349999666214,0.0135162174701691,108.469802856445,-85.4445,27.2095,23.8404308173096,63,63,63,63,61,63,0,7820,1.10622673185727,27,-85,0.001869,51,2026-03-11 08:37:55.000912,430,1.037,0.0011,"aoml_navis",1028.96210413766
"7901009",104,0,1,0.029904,1,0.007476,1,112.480174365051,1,4.85921581724741,432,1,10.5369997024536,35.2220001220703,0.0299040004611015,0.0152057446539402,108.463600158691,-85.4445,27.2095,23.8404308173096,63,63,63,63,61,63,0,7820,1.10622673185727,27,-85,0.001869,51,2026-03-11 08:37:55.000912,432,1.037,0.0011,"aoml_navis",1028.97261369888
"7901009",104,0,1,0.022428,1,0,1,112.421689431978,1,4.85916970195273,434,1,10.5200004577637,35.2190017700195,0.0224280003458261,0.00844763591885567,108.407203674316,-85.4445,27.2095,23.8404308173096,63,63,63,63,61,63,0,7820,1.10622673185727,27,-85,0.001869,51,2026-03-11 08:37:55.000912,434,1.037,0.0011,"aoml_navis",1028.98237902469
"7901009",104,0,1,0.024297,1,0.001869,1,112.403848046145,1,4.8591178410452,436,1,10.4879999160767,35.2140007019043,0.0242970008403063,0.0101371631026268,108.389999389648,-85.4445,27.2095,23.8404308173096,63,63,63,63,61,63,0,7820,1.10622673185727,27,-85,0.001869,51,2026-03-11 08:37:55.000912,436,1.037,0.0011,"aoml_navis",1028.9933612568
"7901009",104,0,1,0.028035,1,0.005607,1,112.45020400162,1,4.85905835881882,438,1,10.4429998397827,35.2080001831055,0.0280349999666214,0.0135162174701691,108.434700012207,-85.4445,27.2095,23.8404308173096,63,63,63,63,61,63,0,7820,1.10622673185727,27,-85,0.001869,51,2026-03-11 08:37:55.000912,438,1.037,0.0011,"aoml_navis",1029.00595769248
"7901009",104,0,1,0.029904,1,0.007476,1,112.450512566608,1,4.85900641087247,440,1,10.414999961853,35.2039985656738,0.0299040004611015,0.0152057446539402,108.434997558594,-85.4445,27.2095,23.8404308173096,63,63,63,63,61,63,0,7820,1.10622673185727,27,-85,0.001869,51,2026-03-11 08:37:55.000912,440,1.037,0.0011,"aoml_navis",1029.01695886057
"7901009",104,0,1,0.028035,1,0.005607,1,112.508799701611,1,4.85895032965798,442,1,10.3780002593994,35.1990013122559,0.0280349999666214,0.0135162174701691,108.491203308105,-85.4445,27.2095,23.8404308173096,63,63,63,63,61,63,0,7820,1.10622673185727,27,-85,0.001869,51,2026-03-11 08:37:55.000912,442,1.037,0.0011,"aoml_navis",1029.02883560696
"7901009",104,0,1,0.031773,1,0.009345,1,112.515746369798,1,4.85889738718274,444,1,10.3529996871948,35.1959991455078,0.0317730009555817,0.0168952718377113,108.497901916504,-85.4445,27.2095,23.8404308173096,63,63,63,63,61,63,0,7820,1.10622673185727,27,-85,0.001869,51,2026-03-11 08:37:55.000912,444,1.037,0.0011,"aoml_navis",1029.04004789018
"7901009",104,0,1,0.028035,1,0.005607,1,112.39710708795,1,4.85885485706506,446,1,10.3400001525879,35.193000793457,0.0280349999666214,0.0135162174701691,108.383499145508,-85.4445,27.2095,23.8404308173096,63,63,63,63,61,63,0,7820,1.10622673185727,27,-85,0.001869,51,2026-03-11 08:37:55.000912,446,1.037,0.0011,"aoml_navis",1029.04905519656
"7901009",104,0,1,0.028035,1,0.005607,1,112.263126587862,1,4.85880862830405,448,1,10.3100004196167,35.1870002746582,0.0280349999666214,0.0135162174701691,108.254302978516,-85.4445,27.2095,23.8404308173096,63,63,63,63,61,63,0,7820,1.10622673185727,27,-85,0.001869,51,2026-03-11 08:37:55.000912,448,1.037,0.0011,"aoml_navis",1029.05884600465
"7901009",104,0,1,0.024297,1,0.001869,1,112.306365245768,1,4.8587251537505,450,1,10.2069997787476,35.173999786377,0.0242970008403063,0.0101371631026268,108.295997619629,-85.4445,27.2095,23.8404308173096,63,63,63,63,61,63,0,7820,1.10622673185727,27,-85,0.001869,51,2026-03-11 08:37:55.000912,450,1.037,0.0011,"aoml_navis",1029.07652558623
"7901009",104,0,1,0.031773,1,0.009345,1,112.414117721893,1,4.85864510223323,452,1,10.1160001754761,35.1629981994629,0.0317730009555817,0.0168952718377113,108.39990234375,-85.4445,27.2095,23.8404308173096,63,63,63,63,61,63,0,7820,1.10622673185727,27,-85,0.001869,51,2026-03-11 08:37:55.000912,452,1.037,0.0011,"aoml_navis",1029.09348075285
"7901009",104,0,1,0.031773,1,0.009345,1,112.366725304536,1,4.85859815627513,454,1,10.1020002365112,35.1609992980957,0.0317730009555817,0.0168952718377113,108.354202270508,-85.4445,27.2095,23.8404308173096,63,63,63,63,61,63,0,7820,1.10622673185727,27,-85,0.001869,51,2026-03-11 08:37:55.000912,454,1.037,0.0011,"aoml_navis",1029.10342431638
"7901009",104,0,1,0.026166,1,0.003738,1,112.33353478854,1,4.85855232037983,456,1,10.085000038147,35.1580009460449,0.0261659994721413,0.0118266893550754,108.322196960449,-85.4445,27.2095,23.8404308173096,63,63,63,63,61,63,0,7820,1.10622673185727,27,-85,0.001869,51,2026-03-11 08:37:55.000912,456,1.037,0.0011,"aoml_navis",1029.11313294432
"7901009",104,0,1,0.028035,1,0.005607,1,112.272771221712,1,4.85850454864126,458,1,10.0699996948242,35.1559982299805,0.0280349999666214,0.0135162174701691,108.263603210449,-85.4445,27.2095,23.8404308173096,63,63,63,63,61,63,0,7820,1.10622673185727,27,-85,0.001869,51,2026-03-11 08:37:55.000912,458,1.037,0.0011,"aoml_navis",1029.12325180354
"7901009",104,0,1,0.029904,1,0.007476,1,112.226826686221,1,4.85845386156598,460,1,10.0430002212524,35.1520004272461,0.0299040004611015,0.0152057446539402,108.219299316406,-85.4445,27.2095,23.8404308173096,63,63,63,63,61,63,0,7820,1.10622673185727,27,-85,0.001869,51,2026-03-11 08:37:55.000912,460,1.037,0.0011,"aoml_navis",1029.13398839778
"7901009",104,0,1,0.028035,1,0.005607,1,112.320883624041,1,4.85838182326614,462,1,9.96500015258789,35.1419982910156,0.0280349999666214,0.0135162174701691,108.309997558594,-85.4445,27.2095,23.8404308173096,63,63,63,63,61,63,0,7820,1.10622673185727,27,-85,0.001869,51,2026-03-11 08:37:55.000912,462,1.037,0.0011,"aoml_navis",1029.14924801827
"7901009",104,0,1,0.028035,1,0.005607,1,112.19634204781,1,4.85832897908134,464,1,9.93099975585938,35.1370010375977,0.0280349999666214,0.0135162174701691,108.189903259277,-85.4445,27.2095,23.8404308173096,63,63,63,63,61,63,0,7820,1.10622673185727,27,-85,0.001869,51,2026-03-11 08:37:55.000912,464,1.037,0.0011,"aoml_navis",1029.16044210441
"7901009",104,0,1,0.028035,1,0.005607,1,112.177772765083,1,4.85826913541674,466,1,9.89299964904785,35.132999420166,0.0280349999666214,0.0135162174701691,108.171997070312,-85.4445,27.2095,23.8404308173096,63,63,63,63,61,63,0,7820,1.10622673185727,27,-85,0.001869,51,2026-03-11 08:37:55.000912,466,1.037,0.0011,"aoml_navis",1029.17311919796
"7901009",104,0,1,0.026166,1,0.003738,1,112.090045365474,1,4.85821525852133,468,1,9.86200046539307,35.1290016174316,0.0261659994721413,0.0118266893550754,108.08740234375,-85.4445,27.2095,23.8404308173096,63,63,63,63,61,63,0,7820,1.10622673185727,27,-85,0.001869,51,2026-03-11 08:37:55.000912,468,1.037,0.0011,"aoml_navis",1029.18453257706
"7901009",104,0,1,0.029904,1,0.007476,1,111.98094786248,1,4.85815974440086,470,1,9.82900047302246,35.125,0.0299040004611015,0.0152057446539402,107.982200622559,-85.4445,27.2095,23.8404308173096,63,63,63,63,61,63,0,7820,1.10622673185727,27,-85,0.001869,51,2026-03-11 08:37:55.000912,470,1.037,0.0011,"aoml_navis",1029.19629305368
"7901009",104,0,1,0.028035,1,0.005607,1,111.883773627091,1,4.85810764699823,472,1,9.80000019073486,35.1209983825684,0.0280349999666214,0.0135162174701691,107.888496398926,-85.4445,27.2095,23.8404308173096,63,63,63,63,61,63,0,7820,1.10622673185727,27,-85,0.001869,51,2026-03-11 08:37:55.000912,472,1.037,0.0011,"aoml_navis",1029.20732995479
"7901009",104,0,1,0.029904,1,0.007476,1,111.745022237576,1,4.85805021294968,474,1,9.76900005340576,35.1180000305176,0.0299040004611015,0.0152057446539402,107.754699707031,-85.4445,27.2095,23.8404308173096,63,63,63,63,61,63,0,7820,1.10622673185727,27,-85,0.001869,51,2026-03-11 08:37:55.000912,474,1.037,0.0011,"aoml_navis",1029.21949770547
"7901009",104,0,1,0.024297,1,0.001869,1,111.567589457668,1,4.85799839486234,476,1,9.74899959564209,35.1160011291504,0.0242970008403063,0.0101371631026268,107.583602905273,-85.4445,27.2095,23.8404308173096,63,63,63,63,61,63,0,7820,1.10622673185727,27,-85,0.001869,51,2026-03-11 08:37:55.000912,476,1.037,0.0011,"aoml_navis",1029.23047592766
"7901009",104,0,1,0.029904,1,0.007476,1,111.3422420735,1,4.85794460093148,478,1,9.73099994659424,35.1150016784668,0.0299040004611015,0.0152057446539402,107.366302490234,-85.4445,27.2095,23.8404308173096,63,63,63,63,61,63,0,7820,1.10622673185727,27,-85,0.001869,51,2026-03-11 08:37:55.000912,478,1.037,0.0011,"aoml_navis",1029.24187300145
"7901009",104,0,1,0.026166,1,0.003738,1,111.217170398445,1,4.85789030668155,480,1,9.70800018310547,35.1129989624023,0.0261659994721413,0.0118266893550754,107.245697021484,-85.4445,27.2095,23.8404308173096,63,63,63,63,61,63,0,7820,1.10622673185727,27,-85,0.001869,51,2026-03-11 08:37:55.000912,480,1.037,0.0011,"aoml_navis",1029.25337633149
"7901009",104,0,1,0.026166,1,0.003738,1,111.012465220769,1,4.85784272858767,482,1,9.69299983978271,35.1110000610352,0.0261659994721413,0.0118266893550754,107.048301696777,-85.4445,27.2095,23.8404308173096,63,63,63,63,61,63,0,7820,1.10622673185727,27,-85,0.001869,51,2026-03-11 08:37:55.000912,482,1.037,0.0011,"aoml_navis",1029.26345692003
"7901009",104,0,1,0.026166,1,0.003738,1,110.895796007689,1,4.85778039722495,484,1,9.6560001373291,35.1080017089844,0.0261659994721413,0.0118266893550754,106.93579864502,-85.4445,27.2095,23.8404308173096,63,63,63,63,61,63,0,7820,1.10622673185727,27,-85,0.001869,51,2026-03-11 08:37:55.000912,484,1.037,0.0011,"aoml_navis",1029.27666364999
"7901009",104,0,1,0.028035,1,0.005607,1,110.727279964736,1,4.85772835271727,486,1,9.64000034332275,35.1069984436035,0.0280349999666214,0.0135162174701691,106.773300170898,-85.4445,27.2095,23.8404308173096,63,63,63,63,61,63,0,7820,1.10622673185727,27,-85,0.001869,51,2026-03-11 08:37:55.000912,486,1.037,0.0011,"aoml_navis",1029.28769106719
"7901009",104,0,1,0.028035,1,0.005607,1,110.527234909567,1,4.85767746748888,488,1,9.62100028991699,35.1049995422363,0.0280349999666214,0.0135162174701691,106.58039855957,-85.4445,27.2095,23.8404308173096,63,63,63,63,61,63,0,7820,1.10622673185727,27,-85,0.001869,51,2026-03-11 08:37:55.000912,488,1.037,0.0011,"aoml_navis",1029.29847307971
"7901009",104,0,1,0.029904,1,0.007476,1,110.367635603569,1,4.85762760607585,490,1,9.61200046539307,35.1049995422363,0.0299040004611015,0.0152057446539402,106.426498413086,-85.4445,27.2095,23.8404308173096,63,63,63,63,61,63,0,7820,1.10622673185727,27,-85,0.001869,51,2026-03-11 08:37:55.000912,490,1.037,0.0011,"aoml_navis",1029.30903837628
"7901009",104,0,1,0.033642,1,0.011214,1,110.112009290983,1,4.85757473743703,492,1,9.59500026702881,35.1040000915527,0.0336420014500618,0.0185847990214825,106.180000305176,-85.4445,27.2095,23.8404308173096,63,63,63,63,61,63,0,7820,1.10622673185727,27,-85,0.001869,51,2026-03-11 08:37:55.000912,492,1.037,0.0011,"aoml_navis",1029.3202411206
"7901009",104,0,1,0.029904,1,0.007476,1,109.858764467149,1,4.85751804344374,494,1,9.56900024414062,35.1020011901855,0.0299040004611015,0.0152057446539402,105.93579864502,-85.4445,27.2095,23.8404308173096,63,63,63,63,61,63,0,7820,1.10622673185727,27,-85,0.001869,51,2026-03-11 08:37:55.000912,494,1.037,0.0011,"aoml_navis",1029.33225471979
"7901009",104,0,1,0.031773,1,0.009345,1,109.570058405486,1,4.85747353861339,496,1,9.5620002746582,35.101001739502,0.0317730009555817,0.0168952718377113,105.657402038574,-85.4445,27.2095,23.8404308173096,63,63,63,63,61,63,0,7820,1.10622673185727,27,-85,0.001869,51,2026-03-11 08:37:55.000912,496,1.037,0.0011,"aoml_navis",1029.3416856013
"7901009",104,0,1,0.026166,1,0.003738,1,109.303434520258,1,4.85741904855607,498,1,9.54300022125244,35.0999984741211,0.0261659994721413,0.0118266893550754,105.400299072266,-85.4445,27.2095,23.8404308173096,63,63,63,63,61,63,0,7820,1.10622673185727,27,-85,0.001869,51,2026-03-11 08:37:55.000912,498,1.037,0.0011,"aoml_navis",1029.35323265682
"7901009",104,0,1,0.029904,1,0.007476,1,109.240795827734,1,4.85736025412715,500,1,9.51000022888184,35.0970001220703,0.0299040004611015,0.0152057446539402,105.339897155762,-85.4445,27.2095,23.8404308173096,63,63,63,63,61,63,0,7820,1.10622673185727,27,-85,0.001869,51,2026-03-11 08:37:55.000912,500,1.037,0.0011,"aoml_navis",1029.36569214763
"7901009",104,0,1,0.026166,1,0.003738,1,109.16862326828,1,4.85731160529025,502,1,9.4980001449585,35.0960006713867,0.0261659994721413,0.0118266893550754,105.270301818848,-85.4445,27.2095,23.8404308173096,63,63,63,63,61,63,0,7820,1.10622673185727,27,-85,0.001869,51,2026-03-11 08:37:55.000912,502,1.037,0.0011,"aoml_navis",1029.37600185138
"7901009",104,0,1,0.029904,1,0.007476,1,109.14383521426,1,4.85726164939473,504,1,9.47999954223633,35.0940017700195,0.0299040004611015,0.0152057446539402,105.246398925781,-85.4445,27.2095,23.8404308173096,63,63,63,63,61,63,0,7820,1.10622673185727,27,-85,0.001869,51,2026-03-11 08:37:55.000912,504,1.037,0.0011,"aoml_navis",1029.38658876304
"7901009",104,0,1,0.031773,1,0.009345,1,109.138027862951,1,4.85721456374853,506,1,9.46100044250488,35.0909996032715,0.0317730009555817,0.0168952718377113,105.240798950195,-85.4445,27.2095,23.8404308173096,63,63,63,63,61,63,0,7820,1.10622673185727,27,-85,0.001869,51,2026-03-11 08:37:55.000912,506,1.037,0.0011,"aoml_navis",1029.39656759599
"7901009",104,0,1,0.031773,1,0.009345,1,109.331537669916,1,4.85714501893218,508,1,9.4060001373291,35.0859985351562,0.0317730009555817,0.0168952718377113,105.427398681641,-85.4445,27.2095,23.8404308173096,63,63,63,63,61,63,0,7820,1.10622673185727,27,-85,0.001869,51,2026-03-11 08:37:55.000912,508,1.037,0.0011,"aoml_navis",1029.41130654139
"7901009",104,0,1,0.029904,1,0.007476,1,109.452661295512,1,4.85709466671136,510,1,9.38300037384033,35.0830001831055,0.0299040004611015,0.0152057446539402,105.54419708252,-85.4445,27.2095,23.8404308173096,63,63,63,63,61,63,0,7820,1.10622673185727,27,-85,0.001869,51,2026-03-11 08:37:55.000912,510,1.037,0.0011,"aoml_navis",1029.42197817721
"7901009",104,0,1,0.026166,1,0.003738,1,109.544439599576,1,4.85705222250821,512,1,9.37399959564209,35.0810012817383,0.0261659994721413,0.0118266893550754,105.632698059082,-85.4445,27.2095,23.8404308173096,63,63,63,63,61,63,0,7820,1.10622673185727,27,-85,0.001869,51,2026-03-11 08:37:55.000912,512,1.037,0.0011,"aoml_navis",1029.43097396181
"7901009",104,0,1,0.026166,1,0.003738,1,109.715756463187,1,4.85700814460987,514,1,9.36299991607666,35.0789985656738,0.0261659994721413,0.0118266893550754,105.797897338867,-85.4445,27.2095,23.8404308173096,63,63,63,63,61,63,0,7820,1.10622673185727,27,-85,0.001869,51,2026-03-11 08:37:55.000912,514,1.037,0.0011,"aoml_navis",1029.44031616435
"7901009",104,0,1,0.029904,1,0.007476,1,109.88956558247,1,4.85696112810362,516,1,9.3439998626709,35.076000213623,0.0299040004611015,0.0152057446539402,105.96549987793,-85.4445,27.2095,23.8404308173096,63,63,63,63,61,63,0,7820,1.10622673185727,27,-85,0.001869,51,2026-03-11 08:37:55.000912,516,1.037,0.0011,"aoml_navis",1029.45028138453
"7901009",104,0,1,0.029904,1,0.007476,1,110.169979949076,1,4.85690792428175,518,1,9.3129997253418,35.0719985961914,0.0299040004611015,0.0152057446539402,106.235900878906,-85.4445,27.2095,23.8404308173096,63,63,63,63,61,63,0,7820,1.10622673185727,27,-85,0.001869,51,2026-03-11 08:37:55.000912,518,1.037,0.0011,"aoml_navis",1029.46155824838
"7901009",104,0,1,0.029904,1,0.007476,1,110.409845711516,1,4.8568526288943,520,1,9.26599979400635,35.064998626709,0.0299040004611015,0.0152057446539402,106.46720123291,-85.4445,27.2095,23.8404308173096,63,63,63,63,61,63,0,7820,1.10622673185727,27,-85,0.001869,51,2026-03-11 08:37:55.000912,520,1.037,0.0011,"aoml_navis",1029.47327869371
"7901009",104,0,1,0.028035,1,0.005607,1,110.62430628996,1,4.85679869072135,522,1,9.23400020599365,35.0610008239746,0.0280349999666214,0.0135162174701691,106.674003601074,-85.4445,27.2095,23.8404308173096,63,63,63,63,61,63,0,7820,1.10622673185727,27,-85,0.001869,51,2026-03-11 08:37:55.000912,522,1.037,0.0011,"aoml_navis",1029.48471172014
"7901009",104,0,1,0.028035,1,0.005607,1,110.80992790993,1,4.85675133758574,524,1,9.20100021362305,35.0550003051758,0.0280349999666214,0.0135162174701691,106.852996826172,-85.4445,27.2095,23.8404308173096,63,63,63,63,61,63,0,7820,1.10622673185727,27,-85,0.001869,51,2026-03-11 08:37:55.000912,524,1.037,0.0011,"aoml_navis",1029.49474915582
"7901009",104,0,1,0.024297,1,0.001869,1,111.051874508057,1,4.85669340789888,526,1,9.15499973297119,35.048999786377,0.0242970008403063,0.0101371631026268,107.086303710938,-85.4445,27.2095,23.8404308173096,63,63,63,63,61,63,0,7820,1.10622673185727,27,-85,0.001869,51,2026-03-11 08:37:55.000912,526,1.037,0.0011,"aoml_navis",1029.50702876736
"7901009",104,0,1,0.029904,1,0.007476,1,111.427065797454,1,4.85661085140373,528,1,9.05599975585938,35.0379981994629,0.0299040004611015,0.0152057446539402,107.448097229004,-85.4445,27.2095,23.8404308173096,63,63,63,63,61,63,0,7820,1.10622673185727,27,-85,0.001869,51,2026-03-11 08:37:55.000912,528,1.037,0.0011,"aoml_navis",1029.52452913843
"7901009",104,0,1,0.029904,1,0.007476,1,111.74025134815,1,4.85655122286667,530,1,9.00300025939941,35.0309982299805,0.0299040004611015,0.0152057446539402,107.750099182129,-85.4445,27.2095,23.8404308173096,63,63,63,63,61,63,0,7820,1.10622673185727,27,-85,0.001869,51,2026-03-11 08:37:55.000912,530,1.037,0.0011,"aoml_navis",1029.53716959844
"7901009",104,0,1,0.026166,1,0.003738,1,112.072623311548,1,4.85648893724349,532,1,8.94200038909912,35.0229988098145,0.0261659994721413,0.0118266893550754,108.070602416992,-85.4445,27.2095,23.8404308173096,63,63,63,63,61,63,0,7820,1.10622673185727,27,-85,0.001869,51,2026-03-11 08:37:55.000912,532,1.037,0.0011,"aoml_navis",1029.55037365698
"7901009",104,0,1,0.031773,1,0.009345,1,112.461612994246,1,4.85642348456287,534,1,8.88599967956543,35.0169982910156,0.0317730009555817,0.0168952718377113,108.445701599121,-85.4445,27.2095,23.8404308173096,63,63,63,63,61,63,0,7820,1.10622673185727,27,-85,0.001869,51,2026-03-11 08:37:55.000912,534,1.037,0.0011,"aoml_navis",1029.56424947155
"7901009",104,0,1,0.031773,1,0.009345,1,112.855784986355,1,4.85635157549359,536,1,8.80799961090088,35.007999420166,0.0317730009555817,0.0168952718377113,108.825798034668,-85.4445,27.2095,23.8404308173096,63,63,63,63,61,63,0,7820,1.10622673185727,27,-85,0.001869,51,2026-03-11 08:37:55.000912,536,1.037,0.0011,"aoml_navis",1029.57949445656
"7901009",104,0,1,0.026166,1,0.003738,1,113.100524493218,1,4.85628437535696,538,1,8.75399971008301,35.0029983520508,0.0261659994721413,0.0118266893550754,109.061798095703,-85.4445,27.2095,23.8404308173096,63,63,63,63,61,63,0,7820,1.10622673185727,27,-85,0.001869,51,2026-03-11 08:37:55.000912,538,1.037,0.0011,"aoml_navis",1029.59374153876
"7901009",104,0,1,0.031773,1,0.009345,1,113.183386060326,1,4.85623382620163,540,1,8.72999954223633,35,0.0317730009555817,0.0168952718377113,109.141700744629,-85.4445,27.2095,23.8404308173096,63,63,63,63,61,63,0,7820,1.10622673185727,27,-85,0.001869,51,2026-03-11 08:37:55.000912,540,1.037,0.0011,"aoml_navis",1029.60445871092
"7901009",104,0,1,0.028035,1,0.005607,1,113.253382841021,1,4.85618360395505,542,1,8.71100044250488,34.9980010986328,0.0280349999666214,0.0135162174701691,109.209197998047,-85.4445,27.2095,23.8404308173096,63,63,63,63,61,63,0,7820,1.10622673185727,27,-85,0.001869,51,2026-03-11 08:37:55.000912,542,1.037,0.0011,"aoml_navis",1029.61510679453
"7901009",104,0,1,0.028035,1,0.005607,1,113.350968496393,1,4.85613867760025,544,1,8.69400024414062,34.9949989318848,0.0280349999666214,0.0135162174701691,109.303298950195,-85.4445,27.2095,23.8404308173096,63,63,63,63,61,63,0,7820,1.10622673185727,27,-85,0.001869,51,2026-03-11 08:37:55.000912,544,1.037,0.0011,"aoml_navis",1029.6246322337
"7901009",104,0,1,0.031773,1,0.009345,1,113.432477124709,1,4.85609325053198,546,1,8.68099975585938,34.9930000305176,0.0317730009555817,0.0168952718377113,109.381896972656,-85.4445,27.2095,23.8404308173096,63,63,63,63,61,63,0,7820,1.10622673185727,27,-85,0.001869,51,2026-03-11 08:37:55.000912,546,1.037,0.0011,"aoml_navis",1029.63426401506
"7901009",104,0,1,0.029904,1,0.007476,1,113.580050308106,1,4.85603534435784,548,1,8.64299964904785,34.9889984130859,0.0299040004611015,0.0152057446539402,109.524200439453,-85.4445,27.2095,23.8404308173096,63,63,63,63,61,63,0,7820,1.10622673185727,27,-85,0.001869,51,2026-03-11 08:37:55.000912,548,1.037,0.0011,"aoml_navis",1029.64654196956
"7901009",104,0,1,0.029904,1,0.007476,1,113.688419914206,1,4.85597380621935,550,1,8.60499954223633,34.9860000610352,0.0299040004611015,0.0152057446539402,109.628700256348,-85.4445,27.2095,23.8404308173096,63,63,63,63,61,63,0,7820,1.10622673185727,27,-85,0.001869,51,2026-03-11 08:37:55.000912,550,1.037,0.0011,"aoml_navis",1029.6595903372
"7901009",104,0,1,0.028035,1,0.005607,1,113.759144591795,1,4.8559236739418,552,1,8.58600044250488,34.984001159668,0.0280349999666214,0.0135162174701691,109.696899414062,-85.4445,27.2095,23.8404308173096,63,63,63,63,61,63,0,7820,1.10622673185727,27,-85,0.001869,51,2026-03-11 08:37:55.000912,552,1.037,0.0011,"aoml_navis",1029.67022048377
"7901009",104,0,1,0.028035,1,0.005607,1,113.811205043583,1,4.85587382796355,554,1,8.57199954986572,34.9830017089844,0.0280349999666214,0.0135162174701691,109.747100830078,-85.4445,27.2095,23.8404308173096,63,63,63,63,61,63,0,7820,1.10622673185727,27,-85,0.001869,51,2026-03-11 08:37:55.000912,554,1.037,0.0011,"aoml_navis",1029.68079014048
"7901009",104,0,1,0.028035,1,0.005607,1,113.825929131847,1,4.85583163367196,556,1,8.5629997253418,34.9809989929199,0.0280349999666214,0.0135162174701691,109.761299133301,-85.4445,27.2095,23.8404308173096,63,63,63,63,61,63,0,7820,1.10622673185727,27,-85,0.001869,51,2026-03-11 08:37:55.000912,556,1.037,0.0011,"aoml_navis",1029.68973745472
"7901009",104,0,1,0.033642,1,0.011214,1,113.856627392172,1,4.85578152948803,558,1,8.54399967193604,34.9790000915527,0.0336420014500618,0.0185847990214825,109.790901184082,-85.4445,27.2095,23.8404308173096,63,63,63,63,61,63,0,7820,1.10622673185727,27,-85,0.001869,51,2026-03-11 08:37:55.000912,558,1.037,0.0011,"aoml_navis",1029.70036226633
"7901009",104,0,1,0.026166,1,0.003738,1,114.099911105246,1,4.85570782555677,560,1,8.48099994659424,34.9739990234375,0.0261659994721413,0.0118266893550754,110.025497436523,-85.4445,27.2095,23.8404308173096,63,63,63,63,61,63,0,7820,1.10622673185727,27,-85,0.001869,51,2026-03-11 08:37:55.000912,560,1.037,0.0011,"aoml_navis",1029.71599190622
"7901009",104,0,1,0.031773,1,0.009345,1,114.245411364878,1,4.85565542377559,562,1,8.45899963378906,34.9720001220703,0.0317730009555817,0.0168952718377113,110.165802001953,-85.4445,27.2095,23.8404308173096,63,63,63,63,61,63,0,7820,1.10622673185727,27,-85,0.001869,51,2026-03-11 08:37:55.000912,562,1.037,0.0011,"aoml_navis",1029.72710450532
"7901009",104,0,1,0.031773,1,0.009345,1,114.397747525779,1,4.85560436545183,564,1,8.43400001525879,34.9690017700195,0.0317730009555817,0.0168952718377113,110.312698364258,-85.4445,27.2095,23.8404308173096,63,63,63,63,61,63,0,7820,1.10622673185727,27,-85,0.001869,51,2026-03-11 08:37:55.000912,564,1.037,0.0011,"aoml_navis",1029.73793243444
"7901009",104,0,1,0.031773,1,0.009345,1,114.70139129762,1,4.85554057690717,566,1,8.38799953460693,34.9650001525879,0.0317730009555817,0.0168952718377113,110.605499267578,-85.4445,27.2095,23.8404308173096,63,63,63,63,61,63,0,7820,1.10622673185727,27,-85,0.001869,51,2026-03-11 08:37:55.000912,566,1.037,0.0011,"aoml_navis",1029.75146037907
"7901009",104,0,1,0.029904,1,0.007476,1,115.014885413303,1,4.85547097599553,568,1,8.32499980926514,34.9589996337891,0.0299040004611015,0.0152057446539402,110.90779876709,-85.4445,27.2095,23.8404308173096,63,63,63,63,61,63,0,7820,1.10622673185727,27,-85,0.001869,51,2026-03-11 08:37:55.000912,568,1.037,0.0011,"aoml_navis",1029.76622138594
"7901009",104,0,1,0.029904,1,0.007476,1,115.254442610756,1,4.85541050277883,570,1,8.28299999237061,34.9550018310547,0.0299040004611015,0.0152057446539402,111.138801574707,-85.4445,27.2095,23.8404308173096,63,63,63,63,61,63,0,7820,1.10622673185727,27,-85,0.001869,51,2026-03-11 08:37:55.000912,570,1.037,0.0011,"aoml_navis",1029.77904692887
"7901009",104,0,1,0.024297,1,0.001869,1,115.443387238286,1,4.85534488643054,572,1,8.23900032043457,34.9519996643066,0.0242970008403063,0.0101371631026268,111.320999145508,-85.4445,27.2095,23.8404308173096,63,63,63,63,61,63,0,7820,1.10622673185727,27,-85,0.001869,51,2026-03-11 08:37:55.000912,572,1.037,0.0011,"aoml_navis",1029.79296362113
"7901009",104,0,1,0.026166,1,0.003738,1,115.542840107431,1,4.85529579560485,574,1,8.2209997177124,34.9500007629395,0.0261659994721413,0.0118266893550754,111.416900634766,-85.4445,27.2095,23.8404308173096,63,63,63,63,61,63,0,7820,1.10622673185727,27,-85,0.001869,51,2026-03-11 08:37:55.000912,574,1.037,0.0011,"aoml_navis",1029.80337563082
"7901009",104,0,1,0.028035,1,0.005607,1,115.593136200442,1,4.8552538845611,576,1,8.21700000762939,34.9490013122559,0.0280349999666214,0.0135162174701691,111.465400695801,-85.4445,27.2095,23.8404308173096,63,63,63,63,61,63,0,7820,1.10622673185727,27,-85,0.001869,51,2026-03-11 08:37:55.000912,576,1.037,0.0011,"aoml_navis",1029.81226499796
"7901009",104,0,1,0.029904,1,0.007476,1,115.70181437153,1,4.85521197521123,578,1,8.21300029754639,34.9480018615723,0.0299040004611015,0.0152057446539402,111.570198059082,-85.4445,27.2095,23.8404308173096,63,63,63,63,61,63,0,7820,1.10622673185727,27,-85,0.001869,51,2026-03-11 08:37:55.000912,578,1.037,0.0011,"aoml_navis",1029.82115415928
"7901009",104,0,1,0.031773,1,0.009345,1,115.907769633003,1,4.85516833651906,580,1,8.20199966430664,34.9459991455078,0.0317730009555817,0.0168952718377113,111.768798828125,-85.4445,27.2095,23.8404308173096,63,63,63,63,61,63,0,7820,1.10622673185727,27,-85,0.001869,51,2026-03-11 08:37:55.000912,580,1.037,0.0011,"aoml_navis",1029.83041028497
"7901009",104,0,1,0.028035,1,0.005607,1,116.378062234026,1,4.85508842161392,582,1,8.125,34.939998626709,0.0280349999666214,0.0135162174701691,112.222297668457,-85.4445,27.2095,23.8404308173096,63,63,63,63,61,63,0,7820,1.10622673185727,27,-85,0.001869,51,2026-03-11 08:37:55.000912,582,1.037,0.0011,"aoml_navis",1029.84736132528
"7901009",104,0,1,0.031773,1,0.009345,1,116.721423858143,1,4.8550124579721,584,1,8.04800033569336,34.9329986572266,0.0317730009555817,0.0168952718377113,112.553398132324,-85.4445,27.2095,23.8404308173096,63,63,63,63,61,63,0,7820,1.10622673185727,27,-85,0.001869,51,2026-03-11 08:37:55.000912,584,1.037,0.0011,"aoml_navis",1029.86347476613
"7901009",104,0,1,0.031773,1,0.009345,1,116.841724643772,1,4.85495261923085,586,1,8.01099967956543,34.9300003051758,0.0317730009555817,0.0168952718377113,112.669403076172,-85.4445,27.2095,23.8404308173096,63,63,63,63,61,63,0,7820,1.10622673185727,27,-85,0.001869,51,2026-03-11 08:37:55.000912,586,1.037,0.0011,"aoml_navis",1029.87616814109
"7901009",104,0,1,0.029904,1,0.007476,1,117.006609114176,1,4.8548811257841,588,1,7.94899988174438,34.9249992370605,0.0299040004611015,0.0152057446539402,112.828399658203,-85.4445,27.2095,23.8404308173096,63,63,63,63,61,63,0,7820,1.10622673185727,27,-85,0.001869,51,2026-03-11 08:37:55.000912,588,1.037,0.0011,"aoml_navis",1029.89133419667
"7901009",104,0,1,0.029904,1,0.007476,1,117.022472519318,1,4.85482309202528,590,1,7.91900014877319,34.9230003356934,0.0299040004611015,0.0152057446539402,112.843696594238,-85.4445,27.2095,23.8404308173096,63,63,63,63,61,63,0,7820,1.10622673185727,27,-85,0.001869,51,2026-03-11 08:37:55.000912,590,1.037,0.0011,"aoml_navis",1029.90364534873
"7901009",104,0,1,0.026166,1,0.003738,1,117.127938449764,1,4.85475153005246,592,1,7.87599992752075,34.9220008850098,0.0261659994721413,0.0118266893550754,112.94539642334,-85.4445,27.2095,23.8404308173096,63,63,63,63,61,63,0,7820,1.10622673185727,27,-85,0.001869,51,2026-03-11 08:37:55.000912,592,1.037,0.0011,"aoml_navis",1029.91882675115
"7901009",104,0,1,0.026166,1,0.003738,1,117.218886001938,1,4.85469976713527,594,1,7.85900020599365,34.9210014343262,0.0261659994721413,0.0118266893550754,113.033096313477,-85.4445,27.2095,23.8404308173096,63,63,63,63,61,63,0,7820,1.10622673185727,27,-85,0.001869,51,2026-03-11 08:37:55.000912,594,1.037,0.0011,"aoml_navis",1029.92980819295
"7901009",104,0,1,0.028035,1,0.005607,1,117.302372610945,1,4.85465713375018,596,1,7.85400009155273,34.9199981689453,0.0280349999666214,0.0135162174701691,113.11360168457,-85.4445,27.2095,23.8404308173096,63,63,63,63,61,63,0,7820,1.10622673185727,27,-85,0.001869,51,2026-03-11 08:37:55.000912,596,1.037,0.0011,"aoml_navis",1029.93885299116
"7901009",104,0,1,0.028035,1,0.005607,1,117.364077696582,1,4.85461297031238,598,1,7.84700012207031,34.9189987182617,0.0280349999666214,0.0135162174701691,113.17310333252,-85.4445,27.2095,23.8404308173096,63,63,63,63,61,63,0,7820,1.10622673185727,27,-85,0.001869,51,2026-03-11 08:37:55.000912,598,1.037,0.0011,"aoml_navis",1029.94822256207
"7901009",104,0,1,0.029904,1,0.007476,1,117.465809199484,1,4.85455656914628,600,1,7.81899976730347,34.9169998168945,0.0299040004611015,0.0152057446539402,113.271202087402,-85.4445,27.2095,23.8404308173096,63,63,63,63,61,63,0,7820,1.10622673185727,27,-85,0.001869,51,2026-03-11 08:37:55.000912,600,1.037,0.0011,"aoml_navis",1029.96018869738
"7901009",104,0,1,0.029904,1,0.007476,1,117.489347169707,1,4.85450408419933,602,1,7.80100011825562,34.9160003662109,0.0299040004611015,0.0152057446539402,113.293899536133,-85.4445,27.2095,23.8404308173096,63,63,63,63,61,63,0,7820,1.10622673185727,27,-85,0.001869,51,2026-03-11 08:37:55.000912,602,1.037,0.0011,"aoml_navis",1029.97132421296
"7901009",104,0,1,0.029904,1,0.007476,1,117.584859901315,1,4.85443876096229,604,1,7.76599979400635,34.9150009155273,0.0299040004611015,0.0152057446539402,113.386001586914,-85.4445,27.2095,23.8404308173096,63,63,63,63,61,63,0,7820,1.10622673185727,27,-85,0.001869,51,2026-03-11 08:37:55.000912,604,1.037,0.0011,"aoml_navis",1029.98518391215
"7901009",104,0,1,0.029904,1,0.007476,1,117.700279030598,1,4.85438791318978,606,1,7.75500011444092,34.9150009155273,0.0299040004611015,0.0152057446539402,113.497299194336,-85.4445,27.2095,23.8404308173096,63,63,63,63,61,63,0,7820,1.10622673185727,27,-85,0.001869,51,2026-03-11 08:37:55.000912,606,1.037,0.0011,"aoml_navis",1029.99597259514
"7901009",104,0,1,0.026166,1,0.003738,1,117.95031161379,1,4.85434294023517,608,1,7.74200010299683,34.9129981994629,0.0261659994721413,0.0118266893550754,113.738403320312,-85.4445,27.2095,23.8404308173096,63,63,63,63,61,63,0,7820,1.10622673185727,27,-85,0.001869,51,2026-03-11 08:37:55.000912,608,1.037,0.0011,"aoml_navis",1030.00551497043
"7901009",104,0,1,0.029904,1,0.007476,1,118.384723645078,1,4.85427460401941,610,1,7.69799995422363,34.9109992980957,0.0299040004611015,0.0152057446539402,114.157302856445,-85.4445,27.2095,23.8404308173096,63,63,63,63,61,63,0,7820,1.10622673185727,27,-85,0.001869,51,2026-03-11 08:37:55.000912,610,1.037,0.0011,"aoml_navis",1030.02001490808
"7901009",104,0,1,0.029904,1,0.007476,1,118.840909287812,1,4.85419653039318,612,1,7.63600015640259,34.9080009460449,0.0299040004611015,0.0152057446539402,114.597198486328,-85.4445,27.2095,23.8404308173096,63,63,63,63,61,63,0,7820,1.10622673185727,27,-85,0.001869,51,2026-03-11 08:37:55.000912,612,1.037,0.0011,"aoml_navis",1030.03658148036
"7901009",104,0,1,0.035511,1,0.013083,1,118.999780696915,1,4.85414181802698,614,1,7.60500001907349,34.9049987792969,0.0355109982192516,0.0202743262052536,114.750396728516,-85.4445,27.2095,23.8404308173096,63,63,63,63,61,63,0,7820,1.10622673185727,27,-85,0.001869,51,2026-03-11 08:37:55.000912,614,1.037,0.0011,"aoml_navis",1030.04819130569
"7901009",104,0,1,0.029904,1,0.007476,1,119.146008853442,1,4.85409102948982,616,1,7.5939998626709,34.9049987792969,0.0299040004611015,0.0152057446539402,114.891403198242,-85.4445,27.2095,23.8404308173096,63,63,63,63,61,63,0,7820,1.10622673185727,27,-85,0.001869,51,2026-03-11 08:37:55.000912,616,1.037,0.0011,"aoml_navis",1030.05896873869
"7901009",104,0,1,0.029904,1,0.007476,1,119.281548002314,1,4.85404238110759,618,1,7.57600021362305,34.9029998779297,0.0299040004611015,0.0152057446539402,115.022102355957,-85.4445,27.2095,23.8404308173096,63,63,63,63,61,63,0,7820,1.10622673185727,27,-85,0.001869,51,2026-03-11 08:37:55.000912,618,1.037,0.0011,"aoml_navis",1030.06929223785
"7901009",104,0,1,0.028035,1,0.005607,1,119.542673101221,1,4.853993794107,620,1,7.56300020217896,34.9020004272461,0.0280349999666214,0.0135162174701691,115.273902893066,-85.4445,27.2095,23.8404308173096,63,63,63,63,61,63,0,7820,1.10622673185727,27,-85,0.001869,51,2026-03-11 08:37:55.000912,620,1.037,0.0011,"aoml_navis",1030.07960291797
"7901009",104,0,1,0.029904,1,0.007476,1,119.697604372789,1,4.85393924328673,622,1,7.54199981689453,34.9010009765625,0.0299040004611015,0.0152057446539402,115.423301696777,-85.4445,27.2095,23.8404308173096,63,63,63,63,61,63,0,7820,1.10622673185727,27,-85,0.001869,51,2026-03-11 08:37:55.000912,622,1.037,0.0011,"aoml_navis",1030.09117943025
"7901009",104,0,1,0.029904,1,0.007476,1,119.974387166846,1,4.85389138866424,624,1,7.52500009536743,34.898998260498,0.0299040004611015,0.0152057446539402,115.690200805664,-85.4445,27.2095,23.8404308173096,63,63,63,63,61,63,0,7820,1.10622673185727,27,-85,0.001869,51,2026-03-11 08:37:55.000912,624,1.037,0.0011,"aoml_navis",1030.10133512196
"7901009",104,0,1,0.031773,1,0.009345,1,120.385569792898,1,4.85383016949519,626,1,7.49499988555908,34.8979988098145,0.0317730009555817,0.0168952718377113,116.086700439453,-85.4445,27.2095,23.8404308173096,63,63,63,63,61,63,0,7820,1.10622673185727,27,-85,0.001869,51,2026-03-11 08:37:55.000912,626,1.037,0.0011,"aoml_navis",1030.11432732514
"7901009",104,0,1,0.028035,1,0.005607,1,120.703834798008,1,4.85376818841463,628,1,7.4539999961853,34.8950004577637,0.0280349999666214,0.0135162174701691,116.393600463867,-85.4445,27.2095,23.8404308173096,63,63,63,63,61,63,0,7820,1.10622673185727,27,-85,0.001869,51,2026-03-11 08:37:55.000912,628,1.037,0.0011,"aoml_navis",1030.12748155843
"7901009",104,0,1,0.031773,1,0.009345,1,121.023444829987,1,4.85370927884993,630,1,7.42700004577637,34.8940010070801,0.0317730009555817,0.0168952718377113,116.701797485352,-85.4445,27.2095,23.8404308173096,63,63,63,63,61,63,0,7820,1.10622673185727,27,-85,0.001869,51,2026-03-11 08:37:55.000912,630,1.037,0.0011,"aoml_navis",1030.13998423588
"7901009",104,0,1,0.029904,1,0.007476,1,121.320869830536,1,4.85365853690421,632,1,7.4060001373291,34.8919982910156,0.0299040004611015,0.0152057446539402,116.98860168457,-85.4445,27.2095,23.8404308173096,63,63,63,63,61,63,0,7820,1.10622673185727,27,-85,0.001869,51,2026-03-11 08:37:55.000912,632,1.037,0.0011,"aoml_navis",1030.15075370117
"7901009",104,0,1,0.033642,1,0.011214,1,121.703632830019,1,4.85360557979479,634,1,7.38199996948242,34.8899993896484,0.0336420014500618,0.0185847990214825,117.357696533203,-85.4445,27.2095,23.8404308173096,63,63,63,63,61,63,0,7820,1.10622673185727,27,-85,0.001869,51,2026-03-11 08:37:55.000912,634,1.037,0.0011,"aoml_navis",1030.16199355272
"7901009",104,0,1,0.029904,1,0.007476,1,122.121247849278,1,4.85352536804148,636,1,7.32100009918213,34.8880004882812,0.0299040004611015,0.0152057446539402,117.760398864746,-85.4445,27.2095,23.8404308173096,63,63,63,63,61,63,0,7820,1.10622673185727,27,-85,0.001869,51,2026-03-11 08:37:55.000912,636,1.037,0.0011,"aoml_navis",1030.17901851775
"7901009",104,0,1,0.033642,1,0.011214,1,122.26726238389,1,4.85348131535107,638,1,7.31400012969971,34.8870010375977,0.0336420014500618,0.0185847990214825,117.90119934082,-85.4445,27.2095,23.8404308173096,63,63,63,63,61,63,0,7820,1.10622673185727,27,-85,0.001869,51,2026-03-11 08:37:55.000912,638,1.037,0.0011,"aoml_navis",1030.18836895189
"7901009",104,0,1,0.028035,1,0.005607,1,122.563128735655,1,4.85343358554629,640,1,7.30200004577637,34.8860015869141,0.0280349999666214,0.0135162174701691,118.186500549316,-85.4445,27.2095,23.8404308173096,63,63,63,63,61,63,0,7820,1.10622673185727,27,-85,0.001869,51,2026-03-11 08:37:55.000912,640,1.037,0.0011,"aoml_navis",1030.19850006605
"7901009",104,0,1,0.028035,1,0.005607,1,122.919552944256,1,4.85337117852952,642,1,7.26999998092651,34.8849983215332,0.0280349999666214,0.0135162174701691,118.530197143555,-85.4445,27.2095,23.8404308173096,63,63,63,63,61,63,0,7820,1.10622673185727,27,-85,0.001869,51,2026-03-11 08:37:55.000912,642,1.037,0.0011,"aoml_navis",1030.21174686147
"7901009",104,0,1,0.029904,1,0.007476,1,123.189183360135,1,4.85332126596029,644,1,7.25500011444092,34.8839988708496,0.0299040004611015,0.0152057446539402,118.790199279785,-85.4445,27.2095,23.8404308173096,63,63,63,63,61,63,0,7820,1.10622673185727,27,-85,0.001869,51,2026-03-11 08:37:55.000912,644,1.037,0.0011,"aoml_navis",1030.22234177417
"7901009",104,0,1,0.031773,1,0.009345,1,123.549239141285,1,4.85326698468189,646,1,7.22900009155273,34.8819999694824,0.0317730009555817,0.0168952718377113,119.137397766113,-85.4445,27.2095,23.8404308173096,63,63,63,63,61,63,0,7820,1.10622673185727,27,-85,0.001869,51,2026-03-11 08:37:55.000912,646,1.037,0.0011,"aoml_navis",1030.23386427766
"7901009",104,0,1,0.029904,1,0.007476,1,123.818972412159,1,4.85320319364966,648,1,7.19500017166138,34.8810005187988,0.0299040004611015,0.0152057446539402,119.397499084473,-85.4445,27.2095,23.8404308173096,63,63,63,63,61,63,0,7820,1.10622673185727,27,-85,0.001869,51,2026-03-11 08:37:55.000912,648,1.037,0.0011,"aoml_navis",1030.24740578396
"7901009",104,0,1,0.028035,1,0.005607,1,123.966854160544,1,4.85315624477192,650,1,7.18400001525879,34.8800010681152,0.0280349999666214,0.0135162174701691,119.540100097656,-85.4445,27.2095,23.8404308173096,63,63,63,63,61,63,0,7820,1.10622673185727,27,-85,0.001869,51,2026-03-11 08:37:55.000912,650,1.037,0.0011,"aoml_navis",1030.25737227938
"7901009",104,0,1,0.033642,1,0.011214,1,124.126762031529,1,4.85311514547373,652,1,7.18100023269653,34.8790016174316,0.0336420014500618,0.0185847990214825,119.694297790527,-85.4445,27.2095,23.8404308173096,63,63,63,63,61,63,0,7820,1.10622673185727,27,-85,0.001869,51,2026-03-11 08:37:55.000912,652,1.037,0.0011,"aoml_navis",1030.26609716097
"7901009",104,0,1,0.031773,1,0.009345,1,124.429891528391,1,4.85306602514574,654,1,7.16699981689453,34.8779983520508,0.0317730009555817,0.0168952718377113,119.986602783203,-85.4445,27.2095,23.8404308173096,63,63,63,63,61,63,0,7820,1.10622673185727,27,-85,0.001869,51,2026-03-11 08:37:55.000912,654,1.037,0.0011,"aoml_navis",1030.27652500356
"7901009",104,0,1,0.026166,1,0.003738,1,124.742554892184,1,4.85298556304459,656,1,7.1100001335144,34.8769989013672,0.0261659994721413,0.0118266893550754,120.288101196289,-85.4445,27.2095,23.8404308173096,63,63,63,63,61,63,0,7820,1.10622673185727,27,-85,0.001869,51,2026-03-11 08:37:55.000912,656,1.037,0.0011,"aoml_navis",1030.29360690354
"7901009",104,0,1,0.031773,1,0.009345,1,124.735188892091,1,4.85293864661607,658,1,7.09899997711182,34.8759994506836,0.0317730009555817,0.0168952718377113,120.28099822998,-85.4445,27.2095,23.8404308173096,63,63,63,63,61,63,0,7820,1.10622673185727,27,-85,0.001869,51,2026-03-11 08:37:55.000912,658,1.037,0.0011,"aoml_navis",1030.30356740374
"7901009",104,0,1,0.031773,1,0.009345,1,124.694434577933,1,4.85289241103974,660,1,7.0939998626709,34.8759994506836,0.0317730009555817,0.0168952718377113,120.24169921875,-85.4445,27.2095,23.8404308173096,63,63,63,63,61,63,0,7820,1.10622673185727,27,-85,0.001869,51,2026-03-11 08:37:55.000912,660,1.037,0.0011,"aoml_navis",1030.31338354537
"7901009",104,0,1,0.028035,1,0.005607,1,124.647145015571,1,4.85284908661542,662,1,7.09299993515015,34.8759994506836,0.0280349999666214,0.0135162174701691,120.196098327637,-85.4445,27.2095,23.8404308173096,63,63,63,63,61,63,0,7820,1.10622673185727,27,-85,0.001869,51,2026-03-11 08:37:55.000912,662,1.037,0.0011,"aoml_navis",1030.32258179848
"7901009",104,0,1,0.028035,1,0.005607,1,124.735608223997,1,4.8528050369685,664,1,7.09100008010864,34.8759994506836,0.0280349999666214,0.0135162174701691,120.281402587891,-85.4445,27.2095,23.8404308173096,63,63,63,63,61,63,0,7820,1.10622673185727,27,-85,0.001869,51,2026-03-11 08:37:55.000912,664,1.037,0.0011,"aoml_navis",1030.33193419274
"7901009",104,0,1,0.029904,1,0.007476,1,125.05957772542,1,4.85273991081046,666,1,7.05999994277954,34.8759994506836,0.0299040004611015,0.0152057446539402,120.593803405762,-85.4445,27.2095,23.8404308173096,63,63,63,63,61,63,0,7820,1.10622673185727,27,-85,0.001869,51,2026-03-11 08:37:55.000912,666,1.037,0.0011,"aoml_navis",1030.3457617544
"7901009",104,0,1,0.029904,1,0.007476,1,125.211502466337,1,4.8526785091902,668,1,7.02899980545044,34.875,0.0299040004611015,0.0152057446539402,120.740303039551,-85.4445,27.2095,23.8404308173096,63,63,63,63,61,63,0,7820,1.10622673185727,27,-85,0.001869,51,2026-03-11 08:37:55.000912,668,1.037,0.0011,"aoml_navis",1030.35879886351
"7901009",104,0,1,0.028035,1,0.005607,1,125.259409158673,1,4.85263301075069,670,1,7.02500009536743,34.875,0.0280349999666214,0.0135162174701691,120.786499023438,-85.4445,27.2095,23.8404308173096,63,63,63,63,61,63,0,7820,1.10622673185727,27,-85,0.001869,51,2026-03-11 08:37:55.000912,670,1.037,0.0011,"aoml_navis",1030.36845953997
"7901009",104,0,1,0.029904,1,0.007476,1,125.360832096587,1,4.85258896328364,672,1,7.02299976348877,34.875,0.0299040004611015,0.0152057446539402,120.884300231934,-85.4445,27.2095,23.8404308173096,63,63,63,63,61,63,0,7820,1.10622673185727,27,-85,0.001869,51,2026-03-11 08:37:55.000912,672,1.037,0.0011,"aoml_navis",1030.37781230426
"7901009",104,0,1,0.024297,1,0.001869,1,125.494923363593,1,4.85254715433186,674,1,7.01900005340576,34.8740005493164,0.0242970008403063,0.0101371631026268,121.013603210449,-85.4445,27.2095,23.8404308173096,63,63,63,63,61,63,0,7820,1.10622673185727,27,-85,0.001869,51,2026-03-11 08:37:55.000912,674,1.037,0.0011,"aoml_navis",1030.38668991326
"7901009",104,0,1,0.028035,1,0.005607,1,125.798456368516,1,4.85249151838569,676,1,7.00099992752075,34.8740005493164,0.0280349999666214,0.0135162174701691,121.306297302246,-85.4445,27.2095,23.8404308173096,63,63,63,63,61,63,0,7820,1.10622673185727,27,-85,0.001869,51,2026-03-11 08:37:55.000912,676,1.037,0.0011,"aoml_navis",1030.39850374914
"7901009",104,0,1,0.029904,1,0.007476,1,126.092771983419,1,4.85243741032266,678,1,6.98000001907349,34.8730010986328,0.0299040004611015,0.0152057446539402,121.590103149414,-85.4445,27.2095,23.8404308173096,63,63,63,63,61,63,0,7820,1.10622673185727,27,-85,0.001869,51,2026-03-11 08:37:55.000912,678,1.037,0.0011,"aoml_navis",1030.40999341144
"7901009",104,0,1,0.029904,1,0.007476,1,126.419748015492,1,4.85237674342002,680,1,6.95499992370605,34.8730010986328,0.0299040004611015,0.0152057446539402,121.905403137207,-85.4445,27.2095,23.8404308173096,63,63,63,63,61,63,0,7820,1.10622673185727,27,-85,0.001869,51,2026-03-11 08:37:55.000912,680,1.037,0.0011,"aoml_navis",1030.42287612564
"7901009",104,0,1,0.029904,1,0.007476,1,126.738115875598,1,4.85232195065976,682,1,6.93300008773804,34.8720016479492,0.0299040004611015,0.0152057446539402,122.21240234375,-85.4445,27.2095,23.8404308173096,63,63,63,63,61,63,0,7820,1.10622673185727,27,-85,0.001869,51,2026-03-11 08:37:55.000912,682,1.037,0.0011,"aoml_navis",1030.43451173312
"7901009",104,0,1,0.031773,1,0.009345,1,126.951634935233,1,4.8522722343079,684,1,6.91800022125244,34.8709983825684,0.0317730009555817,0.0168952718377113,122.418296813965,-85.4445,27.2095,23.8404308173096,63,63,63,63,61,63,0,7820,1.10622673185727,27,-85,0.001869,51,2026-03-11 08:37:55.000912,684,1.037,0.0011,"aoml_navis",1030.44506955887
"7901009",104,0,1,0.029904,1,0.007476,1,127.311073586408,1,4.85221963150047,686,1,6.89900016784668,34.8699989318848,0.0299040004611015,0.0152057446539402,122.76490020752,-85.4445,27.2095,23.8404308173096,63,63,63,63,61,63,0,7820,1.10622673185727,27,-85,0.001869,51,2026-03-11 08:37:55.000912,686,1.037,0.0011,"aoml_navis",1030.45624059145
"7901009",104,0,1,0.028035,1,0.005607,1,127.70130544098,1,4.85216551348375,688,1,6.88299989700317,34.8699989318848,0.0280349999666214,0.0135162174701691,123.14119720459,-85.4445,27.2095,23.8404308173096,63,63,63,63,61,63,0,7820,1.10622673185727,27,-85,0.001869,51,2026-03-11 08:37:55.000912,688,1.037,0.0011,"aoml_navis",1030.4677336553
"7901009",104,0,1,0.028035,1,0.005607,1,128.20499426799,1,4.85210144373107,690,1,6.84800004959106,34.8689994812012,0.0280349999666214,0.0135162174701691,123.626899719238,-85.4445,27.2095,23.8404308173096,63,63,63,63,61,63,0,7820,1.10622673185727,27,-85,0.001869,51,2026-03-11 08:37:55.000912,690,1.037,0.0011,"aoml_navis",1030.48134050454
"7901009",104,0,1,0.029904,1,0.007476,1,128.687629468524,1,4.85204674007754,692,1,6.82600021362305,34.8680000305176,0.0299040004611015,0.0152057446539402,124.092300415039,-85.4445,27.2095,23.8404308173096,63,63,63,63,61,63,0,7820,1.10622673185727,27,-85,0.001869,51,2026-03-11 08:37:55.000912,692,1.037,0.0011,"aoml_navis",1030.49295850767
"7901009",104,0,1,0.026166,1,0.003738,1,129.198676383705,1,4.85198060499856,694,1,6.78800010681152,34.867000579834,0.0261659994721413,0.0118266893550754,124.585098266602,-85.4445,27.2095,23.8404308173096,63,63,63,63,61,63,0,7820,1.10622673185727,27,-85,0.001869,51,2026-03-11 08:37:55.000912,694,1.037,0.0011,"aoml_navis",1030.50700467536
"7901009",104,0,1,0.029904,1,0.007476,1,129.638690056309,1,4.85192083703219,696,1,6.76399993896484,34.867000579834,0.0299040004611015,0.0152057446539402,125.009399414062,-85.4445,27.2095,23.8404308173096,63,63,63,63,61,63,0,7820,1.10622673185727,27,-85,0.001869,51,2026-03-11 08:37:55.000912,696,1.037,0.0011,"aoml_navis",1030.51969888659
"7901009",104,0,1,0.028035,1,0.005607,1,130.135432215132,1,4.85186192600259,698,1,6.73600006103516,34.8660011291504,0.0280349999666214,0.0135162174701691,125.488403320312,-85.4445,27.2095,23.8404308173096,63,63,63,63,61,63,0,7820,1.10622673185727,27,-85,0.001869,51,2026-03-11 08:37:55.000912,698,1.037,0.0011,"aoml_navis",1030.53221139775
"7901009",104,0,1,0.028035,1,0.005607,1,130.587574865334,1,4.85180446967365,700,1,6.71000003814697,34.8650016784668,0.0280349999666214,0.0135162174701691,125.92440032959,-85.4445,27.2095,23.8404308173096,63,63,63,63,61,63,0,7820,1.10622673185727,27,-85,0.001869,51,2026-03-11 08:37:55.000912,700,1.037,0.0011,"aoml_navis",1030.54441522791
"7901009",104,0,1,0.031773,1,0.009345,1,130.988384960642,1,4.85174406322444,702,1,6.68499994277954,34.8650016784668,0.0317730009555817,0.0168952718377113,126.310897827148,-85.4445,27.2095,23.8404308173096,63,63,63,63,61,63,0,7820,1.10622673185727,27,-85,0.001869,51,2026-03-11 08:37:55.000912,702,1.037,0.0011,"aoml_navis",1030.55724598074
"7901009",104,0,1,0.033642,1,0.011214,1,131.346264963031,1,4.85169164195305,704,1,6.66599988937378,34.8639984130859,0.0336420014500618,0.0185847990214825,126.65599822998,-85.4445,27.2095,23.8404308173096,63,63,63,63,61,63,0,7820,1.10622673185727,27,-85,0.001869,51,2026-03-11 08:37:55.000912,704,1.037,0.0011,"aoml_navis",1030.56838088483
"7901009",104,0,1,0.029904,1,0.007476,1,131.63238382595,1,4.85163340494156,706,1,6.64400005340576,34.8639984130859,0.0299040004611015,0.0152057446539402,126.931900024414,-85.4445,27.2095,23.8404308173096,63,63,63,63,61,63,0,7820,1.10622673185727,27,-85,0.001869,51,2026-03-11 08:37:55.000912,706,1.037,0.0011,"aoml_navis",1030.58075140371
"7901009",104,0,1,0.029904,1,0.007476,1,131.976370491966,1,4.85157887376424,708,1,6.62200021743774,34.8629989624023,0.0299040004611015,0.0152057446539402,127.263603210449,-85.4445,27.2095,23.8404308173096,63,63,63,63,61,63,0,7820,1.10622673185727,27,-85,0.001869,51,2026-03-11 08:37:55.000912,708,1.037,0.0011,"aoml_navis",1030.59233501044
"7901009",104,0,1,0.029904,1,0.007476,1,132.295149772056,1,4.85151627798954,710,1,6.59899997711182,34.8639984130859,0.0299040004611015,0.0152057446539402,127.570999145508,-85.4445,27.2095,23.8404308173096,63,63,63,63,61,63,0,7820,1.10622673185727,27,-85,0.001869,51,2026-03-11 08:37:55.000912,710,1.037,0.0011,"aoml_navis",1030.60563203387
"7901009",104,0,1,0.031773,1,0.009345,1,132.572138276105,1,4.8514695574429,712,1,6.58799982070923,34.8629989624023,0.0317730009555817,0.0168952718377113,127.838096618652,-85.4445,27.2095,23.8404308173096,63,63,63,63,61,63,0,7820,1.10622673185727,27,-85,0.001869,51,2026-03-11 08:37:55.000912,712,1.037,0.0011,"aoml_navis",1030.61555695619
"7901009",104,0,1,0.029904,1,0.007476,1,132.929923335422,1,4.85141774059528,714,1,6.57499980926514,34.8629989624023,0.0299040004611015,0.0152057446539402,128.18310546875,-85.4445,27.2095,23.8404308173096,63,63,63,63,61,63,0,7820,1.10622673185727,27,-85,0.001869,51,2026-03-11 08:37:55.000912,714,1.037,0.0011,"aoml_navis",1030.62656471766
"7901009",104,0,1,0.029904,1,0.007476,1,133.161489490882,1,4.85136114909564,716,1,6.55000019073486,34.8619995117188,0.0299040004611015,0.0152057446539402,128.406402587891,-85.4445,27.2095,23.8404308173096,63,63,63,63,61,63,0,7820,1.10622673185727,27,-85,0.001869,51,2026-03-11 08:37:55.000912,716,1.037,0.0011,"aoml_navis",1030.63858705553
"7901009",104,0,1,0.029904,1,0.007476,1,133.307812590482,1,4.85131075961628,718,1,6.53900003433228,34.8619995117188,0.0299040004611015,0.0152057446539402,128.547500610352,-85.4445,27.2095,23.8404308173096,63,63,63,63,61,63,0,7820,1.10622673185727,27,-85,0.001869,51,2026-03-11 08:37:55.000912,718,1.037,0.0011,"aoml_navis",1030.64929206792
"7901009",104,0,1,0.031773,1,0.009345,1,133.416807238481,1,4.85126389872651,720,1,6.53299999237061,34.8619995117188,0.0317730009555817,0.0168952718377113,128.652603149414,-85.4445,27.2095,23.8404308173096,63,63,63,63,61,63,0,7820,1.10622673185727,27,-85,0.001869,51,2026-03-11 08:37:55.000912,720,1.037,0.0011,"aoml_navis",1030.65924764731
"7901009",104,0,1,0.026166,1,0.003738,1,133.510864176301,1,4.85122213719363,722,1,6.52899980545044,34.8610000610352,0.0261659994721413,0.0118266893550754,128.743301391602,-85.4445,27.2095,23.8404308173096,63,63,63,63,61,63,0,7820,1.10622673185727,27,-85,0.001869,51,2026-03-11 08:37:55.000912,722,1.037,0.0011,"aoml_navis",1030.66812003221
"7901009",104,0,1,0.033642,1,0.011214,1,133.673675722941,1,4.85117159254537,724,1,6.52299976348877,34.8619995117188,0.0336420014500618,0.0185847990214825,128.900299072266,-85.4445,27.2095,23.8404308173096,63,63,63,63,61,63,0,7820,1.10622673185727,27,-85,0.001869,51,2026-03-11 08:37:55.000912,724,1.037,0.0011,"aoml_navis",1030.67885862527
"7901009",104,0,1,0.031773,1,0.009345,1,133.921318905458,1,4.851118397116,726,1,6.50799989700317,34.8619995117188,0.0317730009555817,0.0168952718377113,129.139099121094,-85.4445,27.2095,23.8404308173096,63,63,63,63,61,63,0,7820,1.10622673185727,27,-85,0.001869,51,2026-03-11 08:37:55.000912,726,1.037,0.0011,"aoml_navis",1030.69016063853
"7901009",104,0,1,0.029904,1,0.007476,1,134.11908532687,1,4.85106872903398,728,1,6.4980001449585,34.8619995117188,0.0299040004611015,0.0152057446539402,129.329803466797,-85.4445,27.2095,23.8404308173096,63,63,63,63,61,63,0,7820,1.10622673185727,27,-85,0.001869,51,2026-03-11 08:37:55.000912,728,1.037,0.0011,"aoml_navis",1030.70071344787
"7901009",104,0,1,0.031773,1,0.009345,1,134.31799106516,1,4.85101906430909,730,1,6.48799991607666,34.8619995117188,0.0317730009555817,0.0168952718377113,129.521606445312,-85.4445,27.2095,23.8404308173096,63,63,63,63,61,63,0,7820,1.10622673185727,27,-85,0.001869,51,2026-03-11 08:37:55.000912,730,1.037,0.0011,"aoml_navis",1030.71126576002
"7901009",104,0,1,0.028035,1,0.005607,1,134.639262600921,1,4.85096870032316,732,1,6.47700023651123,34.8619995117188,0.0280349999666214,0.0135162174701691,129.831405639648,-85.4445,27.2095,23.8404308173096,63,63,63,63,61,63,0,7820,1.10622673185727,27,-85,0.001869,51,2026-03-11 08:37:55.000912,732,1.037,0.0011,"aoml_navis",1030.72196686549
"7901009",104,0,1,0.031773,1,0.009345,1,134.956593999144,1,4.85091271835677,734,1,6.45800018310547,34.8619995117188,0.0317730009555817,0.0168952718377113,130.137405395508,-85.4445,27.2095,23.8404308173096,63,63,63,63,61,63,0,7820,1.10622673185727,27,-85,0.001869,51,2026-03-11 08:37:55.000912,734,1.037,0.0011,"aoml_navis",1030.73386191408
"7901009",104,0,1,0.029904,1,0.007476,1,135.129247977703,1,4.8508567496324,736,1,6.43900012969971,34.8619995117188,0.0299040004611015,0.0152057446539402,130.303894042969,-85.4445,27.2095,23.8404308173096,63,63,63,63,61,63,0,7820,1.10622673185727,27,-85,0.001869,51,2026-03-11 08:37:55.000912,736,1.037,0.0011,"aoml_navis",1030.74575442346
"7901009",104,0,1,0.028035,1,0.005607,1,135.328675902896,1,4.85081061368336,738,1,6.43400001525879,34.8619995117188,0.0280349999666214,0.0135162174701691,130.496200561523,-85.4445,27.2095,23.8404308173096,63,63,63,63,61,63,0,7820,1.10622673185727,27,-85,0.001869,51,2026-03-11 08:37:55.000912,738,1.037,0.0011,"aoml_navis",1030.75555782281
"7901009",104,0,1,0.024297,1,0.001869,1,135.485474388235,1,4.85075886774989,740,1,6.4210000038147,34.8619995117188,0.0242970008403063,0.0101371631026268,130.647399902344,-85.4445,27.2095,23.8404308173096,63,63,63,63,61,63,0,7820,1.10622673185727,27,-85,0.001869,51,2026-03-11 08:37:55.000912,740,1.037,0.0011,"aoml_navis",1030.76655350616
"7901009",104,0,1,0.028035,1,0.005607,1,135.58057569986,1,4.85070782859892,742,1,6.40899991989136,34.8619995117188,0.0280349999666214,0.0135162174701691,130.739105224609,-85.4445,27.2095,23.8404308173096,63,63,63,63,61,63,0,7820,1.10622673185727,27,-85,0.001869,51,2026-03-11 08:37:55.000912,742,1.037,0.0011,"aoml_navis",1030.77739923252
"7901009",104,0,1,0.031773,1,0.009345,1,135.633775468526,1,4.8506566102086,744,1,6.40199995040894,34.8629989624023,0.0317730009555817,0.0168952718377113,130.790405273438,-85.4445,27.2095,23.8404308173096,63,63,63,63,61,63,0,7820,1.10622673185727,27,-85,0.001869,51,2026-03-11 08:37:55.000912,744,1.037,0.0011,"aoml_navis",1030.78828327635
"7901009",104,0,1,0.026166,1,0.003738,1,135.754796239126,1,4.85061627257703,746,1,6.40000009536743,34.8619995117188,0.0261659994721413,0.0118266893550754,130.907104492188,-85.4445,27.2095,23.8404308173096,63,63,63,63,61,63,0,7820,1.10622673185727,27,-85,0.001869,51,2026-03-11 08:37:55.000912,746,1.037,0.0011,"aoml_navis",1030.79685529188
"7901009",104,0,1,0.028035,1,0.005607,1,135.873949795954,1,4.8505566535992,748,1,6.38100004196167,34.8629989624023,0.0280349999666214,0.0135162174701691,131.022003173828,-85.4445,27.2095,23.8404308173096,63,63,63,63,61,63,0,7820,1.10622673185727,27,-85,0.001869,51,2026-03-11 08:37:55.000912,748,1.037,0.0011,"aoml_navis",1030.80952498306
"7901009",104,0,1,0.031773,1,0.009345,1,135.907338110018,1,4.85050334362014,750,1,6.37099981307983,34.8639984130859,0.0317730009555817,0.0168952718377113,131.05419921875,-85.4445,27.2095,23.8404308173096,63,63,63,63,61,63,0,7820,1.10622673185727,27,-85,0.001869,51,2026-03-11 08:37:55.000912,750,1.037,0.0011,"aoml_navis",1030.82085420609
"7901009",104,0,1,0.028035,1,0.005607,1,135.94798956918,1,4.85045282178231,752,1,6.36499977111816,34.8650016784668,0.0280349999666214,0.0135162174701691,131.093399047852,-85.4445,27.2095,23.8404308173096,63,63,63,63,61,63,0,7820,1.10622673185727,27,-85,0.001869,51,2026-03-11 08:37:55.000912,752,1.037,0.0011,"aoml_navis",1030.83159113436
"7901009",104,0,1,0.029904,1,0.007476,1,135.922070110205,1,4.85040740289342,754,1,6.36100006103516,34.8650016784668,0.0299040004611015,0.0152057446539402,131.068405151367,-85.4445,27.2095,23.8404308173096,63,63,63,63,61,63,0,7820,1.10622673185727,27,-85,0.001869,51,2026-03-11 08:37:55.000912,754,1.037,0.0011,"aoml_navis",1030.84124377209
"7901009",104,0,1,0.026166,1,0.003738,1,135.879345727279,1,4.85036338514616,756,1,6.35900020599365,34.8650016784668,0.0261659994721413,0.0118266893550754,131.027206420898,-85.4445,27.2095,23.8404308173096,63,63,63,63,61,63,0,7820,1.10622673185727,27,-85,0.001869,51,2026-03-11 08:37:55.000912,756,1.037,0.0011,"aoml_navis",1030.85059880505
"7901009",104,0,1,0.033642,1,0.011214,1,135.887732365409,1,4.85032006887708,758,1,6.35799980163574,34.8650016784668,0.0336420014500618,0.0185847990214825,131.035293579102,-85.4445,27.2095,23.8404308173096,63,63,63,63,61,63,0,7820,1.10622673185727,27,-85,0.001869,51,2026-03-11 08:37:55.000912,758,1.037,0.0011,"aoml_navis",1030.85980491955
"7901009",104,0,1,0.033642,1,0.011214,1,135.787045236312,1,4.85027255568472,760,1,6.35099983215332,34.8650016784668,0.0336420014500618,0.0185847990214825,130.938201904297,-85.4445,27.2095,23.8404308173096,63,63,63,63,61,63,0,7820,1.10622673185727,27,-85,0.001869,51,2026-03-11 08:37:55.000912,760,1.037,0.0011,"aoml_navis",1030.86990320571
"7901009",104,0,1,0.031773,1,0.009345,1,135.812236798393,1,4.85022555653784,762,1,6.34999990463257,34.8660011291504,0.0317730009555817,0.0168952718377113,130.962493896484,-85.4445,27.2095,23.8404308173096,63,63,63,63,61,63,0,7820,1.10622673185727,27,-85,0.001869,51,2026-03-11 08:37:55.000912,762,1.037,0.0011,"aoml_navis",1030.8798924331
"7901009",104,0,1,0.031773,1,0.009345,1,135.944160198563,1,4.85017734737193,764,1,6.34200000762939,34.8660011291504,0.0317730009555817,0.0168952718377113,131.089706420898,-85.4445,27.2095,23.8404308173096,63,63,63,63,61,63,0,7820,1.10622673185727,27,-85,0.001869,51,2026-03-11 08:37:55.000912,764,1.037,0.0011,"aoml_navis",1030.89013903981
"7901009",104,0,1,0.028035,1,0.005607,1,136.235967733949,1,4.85011985979512,766,1,6.32600021362305,34.867000579834,0.0280349999666214,0.0135162174701691,131.37109375,-85.4445,27.2095,23.8404308173096,63,63,63,63,61,63,0,7820,1.10622673185727,27,-85,0.001869,51,2026-03-11 08:37:55.000912,766,1.037,0.0011,"aoml_navis",1030.90235799063
"7901009",104,0,1,0.026166,1,0.003738,1,136.473040587653,1,4.85006606774231,768,1,6.30999994277954,34.867000579834,0.0261659994721413,0.0118266893550754,131.599700927734,-85.4445,27.2095,23.8404308173096,63,63,63,63,61,63,0,7820,1.10622673185727,27,-85,0.001869,51,2026-03-11 08:37:55.000912,768,1.037,0.0011,"aoml_navis",1030.91379172232
"7901009",104,0,1,0.031773,1,0.009345,1,136.692469853594,1,4.85001368095605,770,1,6.2960000038147,34.867000579834,0.0317730009555817,0.0168952718377113,131.811294555664,-85.4445,27.2095,23.8404308173096,63,63,63,63,61,63,0,7820,1.10622673185727,27,-85,0.001869,51,2026-03-11 08:37:55.000912,770,1.037,0.0011,"aoml_navis",1030.92492700235
"7901009",104,0,1,0.029904,1,0.007476,1,136.956506540078,1,4.84996618474029,772,1,6.28900003433228,34.867000579834,0.0299040004611015,0.0152057446539402,132.065902709961,-85.4445,27.2095,23.8404308173096,63,63,63,63,61,63,0,7820,1.10622673185727,27,-85,0.001869,51,2026-03-11 08:37:55.000912,772,1.037,0.0011,"aoml_navis",1030.93502295578
"7901009",104,0,1,0.026166,1,0.003738,1,137.204355432587,1,4.84991729563785,774,1,6.28000020980835,34.867000579834,0.0261659994721413,0.0118266893550754,132.304901123047,-85.4445,27.2095,23.8404308173096,63,63,63,63,61,63,0,7820,1.10622673185727,27,-85,0.001869,51,2026-03-11 08:37:55.000912,774,1.037,0.0011,"aoml_navis",1030.94541519237
"7901009",104,0,1,0.028035,1,0.005607,1,137.409796419081,1,4.84987119916534,776,1,6.27500009536743,34.867000579834,0.0280349999666214,0.0135162174701691,132.503005981445,-85.4445,27.2095,23.8404308173096,63,63,63,63,61,63,0,7820,1.10622673185727,27,-85,0.001869,51,2026-03-11 08:37:55.000912,776,1.037,0.0011,"aoml_navis",1030.95521399836
"7901009",104,0,1,0.028035,1,0.005607,1,137.756987413816,1,4.8498294885156,778,1,6.27099990844727,34.8660011291504,0.0280349999666214,0.0135162174701691,132.837799072266,-85.4445,27.2095,23.8404308173096,63,63,63,63,61,63,0,7820,1.10622673185727,27,-85,0.001869,51,2026-03-11 08:37:55.000912,778,1.037,0.0011,"aoml_navis",1030.96408066304
"7901009",104,0,1,0.031773,1,0.009345,1,138.131142241332,1,4.84977921207767,780,1,6.26000022888184,34.8660011291504,0.0317730009555817,0.0168952718377113,133.198593139648,-85.4445,27.2095,23.8404308173096,63,63,63,63,61,63,0,7820,1.10622673185727,27,-85,0.001869,51,2026-03-11 08:37:55.000912,780,1.037,0.0011,"aoml_navis",1030.97476840765
"7901009",104,0,1,0.028035,1,0.005607,1,138.45730334536,1,4.84971849328803,782,1,6.23400020599365,34.8660011291504,0.0280349999666214,0.0135162174701691,133.513107299805,-85.4445,27.2095,23.8404308173096,63,63,63,63,61,63,0,7820,1.10622673185727,27,-85,0.001869,51,2026-03-11 08:37:55.000912,782,1.037,0.0011,"aoml_navis",1030.98767627852
"7901009",104,0,1,0.029904,1,0.007476,1,138.711576719153,1,4.84966405717434,784,1,6.21700000762939,34.8660011291504,0.0299040004611015,0.0152057446539402,133.75830078125,-85.4445,27.2095,23.8404308173096,63,63,63,63,61,63,0,7820,1.10622673185727,27,-85,0.001869,51,2026-03-11 08:37:55.000912,784,1.037,0.0011,"aoml_navis",1030.99924882493
"7901009",104,0,1,0.031773,1,0.009345,1,138.898551277915,1,4.84961380084753,786,1,6.20599985122681,34.8660011291504,0.0317730009555817,0.0168952718377113,133.938598632812,-85.4445,27.2095,23.8404308173096,63,63,63,63,61,63,0,7820,1.10622673185727,27,-85,0.001869,51,2026-03-11 08:37:55.000912,786,1.037,0.0011,"aoml_navis",1031.00993302316
"7901009",104,0,1,0.029904,1,0.007476,1,138.993019635719,1,4.84956702299561,788,1,6.19999980926514,34.8660011291504,0.0299040004611015,0.0152057446539402,134.029693603516,-85.4445,27.2095,23.8404308173096,63,63,63,63,61,63,0,7820,1.10622673185727,27,-85,0.001869,51,2026-03-11 08:37:55.000912,788,1.037,0.0011,"aoml_navis",1031.01987791716
"7901009",104,0,1,0.033642,1,0.011214,1,139.350907550032,1,4.84950961489293,790,1,6.18400001525879,34.867000579834,0.0336420014500618,0.0185847990214825,134.374801635742,-85.4445,27.2095,23.8404308173096,63,63,63,63,61,63,0,7820,1.10622673185727,27,-85,0.001869,51,2026-03-11 08:37:55.000912,790,1.037,0.0011,"aoml_navis",1031.0320830471
"7901009",104,0,1,0.031773,1,0.009345,1,139.457512797355,1,4.84945798377852,792,1,6.1710000038147,34.867000579834,0.0317730009555817,0.0168952718377113,134.477600097656,-85.4445,27.2095,23.8404308173096,63,63,63,63,61,63,0,7820,1.10622673185727,27,-85,0.001869,51,2026-03-11 08:37:55.000912,792,1.037,0.0011,"aoml_navis",1031.04306021932
"7901009",104,0,1,0.028035,1,0.005607,1,139.585891656126,1,4.84941260141126,794,1,6.16699981689453,34.867000579834,0.0280349999666214,0.0135162174701691,134.60139465332,-85.4445,27.2095,23.8404308173096,63,63,63,63,61,63,0,7820,1.10622673185727,27,-85,0.001869,51,2026-03-11 08:37:55.000912,794,1.037,0.0011,"aoml_navis",1031.05270905283
"7901009",104,0,1,0.029904,1,0.007476,1,139.717593522458,1,4.84936583328224,796,1,6.16099977493286,34.867000579834,0.0299040004611015,0.0152057446539402,134.728393554688,-85.4445,27.2095,23.8404308173096,63,63,63,63,61,63,0,7820,1.10622673185727,27,-85,0.001869,51,2026-03-11 08:37:55.000912,796,1.037,0.0011,"aoml_navis",1031.0626527048
"7901009",104,0,1,0.026166,1,0.003738,1,139.766853153587,1,4.84932114858941,798,1,6.15799999237061,34.867000579834,0.0261659994721413,0.0118266893550754,134.775894165039,-85.4445,27.2095,23.8404308173096,63,63,63,63,61,63,0,7820,1.10622673185727,27,-85,0.001869,51,2026-03-11 08:37:55.000912,798,1.037,0.0011,"aoml_navis",1031.0721535641
"7901009",104,0,1,0.031773,1,0.009345,1,139.886323187326,1,4.84927715956841,800,1,6.1560001373291,34.867000579834,0.0317730009555817,0.0168952718377113,134.891098022461,-85.4445,27.2095,23.8404308173096,63,63,63,63,61,63,0,7820,1.10622673185727,27,-85,0.001869,51,2026-03-11 08:37:55.000912,800,1.037,0.0011,"aoml_navis",1031.08150668068
"7901009",104,0,1,0.031773,1,0.009345,1,140.057220719031,1,4.84922900899292,802,1,6.14799976348877,34.867000579834,0.0317730009555817,0.0168952718377113,135.055892944336,-85.4445,27.2095,23.8404308173096,63,63,63,63,61,63,0,7820,1.10622673185727,27,-85,0.001869,51,2026-03-11 08:37:55.000912,802,1.037,0.0011,"aoml_navis",1031.09174483768
"7901009",104,0,1,0.029904,1,0.007476,1,140.230206998346,1,4.84917670121942,804,1,6.13399982452393,34.867000579834,0.0299040004611015,0.0152057446539402,135.222702026367,-85.4445,27.2095,23.8404308173096,63,63,63,63,61,63,0,7820,1.10622673185727,27,-85,0.001869,51,2026-03-11 08:37:55.000912,804,1.037,0.0011,"aoml_navis",1031.10286716148
"7901009",104,0,1,0.028035,1,0.005607,1,140.367304796002,1,4.84912994347652,806,1,6.12799978256226,34.867000579834,0.0280349999666214,0.0135162174701691,135.354904174805,-85.4445,27.2095,23.8404308173096,63,63,63,63,61,63,0,7820,1.10622673185727,27,-85,0.001869,51,2026-03-11 08:37:55.000912,806,1.037,0.0011,"aoml_navis",1031.11280957246
"7901009",104,0,1,0.026166,1,0.003738,1,140.602288902097,1,4.8490767302836,808,1,6.11800003051758,34.8680000305176,0.0261659994721413,0.0118266893550754,135.581497192383,-85.4445,27.2095,23.8404308173096,63,63,63,63,61,63,0,7820,1.10622673185727,27,-85,0.001869,51,2026-03-11 08:37:55.000912,808,1.037,0.0011,"aoml_navis",1031.12412488214
"7901009",104,0,1,0.031773,1,0.009345,1,140.82868066007,1,4.84902512939773,810,1,6.10500001907349,34.8680000305176,0.0317730009555817,0.0168952718377113,135.7998046875,-85.4445,27.2095,23.8404308173096,63,63,63,63,61,63,0,7820,1.10622673185727,27,-85,0.001869,51,2026-03-11 08:37:55.000912,810,1.037,0.0011,"aoml_navis",1031.13509758631
"7901009",104,0,1,0.029904,1,0.007476,1,141.130457218139,1,4.84897699462756,812,1,6.09700012207031,34.8680000305176,0.0299040004611015,0.0152057446539402,136.090805053711,-85.4445,27.2095,23.8404308173096,63,63,63,63,61,63,0,7820,1.10622673185727,27,-85,0.001869,51,2026-03-11 08:37:55.000912,812,1.037,0.0011,"aoml_navis",1031.14533344657
"7901009",104,0,1,0.029904,1,0.007476,1,141.395205977672,1,4.84892678671082,814,1,6.08599996566772,34.8680000305176,0.0299040004611015,0.0152057446539402,136.346099853516,-85.4445,27.2095,23.8404308173096,63,63,63,63,61,63,0,7820,1.10622673185727,27,-85,0.001869,51,2026-03-11 08:37:55.000912,814,1.037,0.0011,"aoml_navis",1031.15601037805
"7901009",104,0,1,0.029904,1,0.007476,1,141.812195955033,1,4.84887036232273,816,1,6.06599998474121,34.8680000305176,0.0299040004611015,0.0152057446539402,136.748199462891,-85.4445,27.2095,23.8404308173096,63,63,63,63,61,63,0,7820,1.10622673185727,27,-85,0.001869,51,2026-03-11 08:37:55.000912,816,1.037,0.0011,"aoml_navis",1031.16800953302
"7901009",104,0,1,0.031773,1,0.009345,1,142.105364341135,1,4.84880957641061,818,1,6.04500007629395,34.8689994812012,0.0317730009555817,0.0168952718377113,137.030899047852,-85.4445,27.2095,23.8404308173096,63,63,63,63,61,63,0,7820,1.10622673185727,27,-85,0.001869,51,2026-03-11 08:37:55.000912,818,1.037,0.0011,"aoml_navis",1031.18093651789
"7901009",104,0,1,0.031773,1,0.009345,1,142.314539755173,1,4.84875938818188,820,1,6.03399991989136,34.8689994812012,0.0317730009555817,0.0168952718377113,137.232604980469,-85.4445,27.2095,23.8404308173096,63,63,63,63,61,63,0,7820,1.10622673185727,27,-85,0.001869,51,2026-03-11 08:37:55.000912,820,1.037,0.0011,"aoml_navis",1031.19160999961
"7901009",104,0,1,0.028035,1,0.005607,1,142.642441482209,1,4.84871610124019,822,1,6.03299999237061,34.8689994812012,0.0280349999666214,0.0135162174701691,137.548797607422,-85.4445,27.2095,23.8404308173096,63,63,63,63,61,63,0,7820,1.10622673185727,27,-85,0.001869,51,2026-03-11 08:37:55.000912,822,1.037,0.0011,"aoml_navis",1031.20081596881
"7901009",104,0,1,0.031773,1,0.009345,1,143.125385247732,1,4.8486659180738,824,1,6.02199983596802,34.8689994812012,0.0317730009555817,0.0168952718377113,138.014495849609,-85.4445,27.2095,23.8404308173096,63,63,63,63,61,63,0,7820,1.10622673185727,27,-85,0.001869,51,2026-03-11 08:37:55.000912,824,1.037,0.0011,"aoml_navis",1031.21148878542
"7901009",104,0,1,0.026166,1,0.003738,1,143.571934168539,1,4.84860265329614,826,1,5.99200010299683,34.8689994812012,0.0261659994721413,0.0118266893550754,138.445098876953,-85.4445,27.2095,23.8404308173096,63,63,63,63,61,63,0,7820,1.10622673185727,27,-85,0.001869,51,2026-03-11 08:37:55.000912,826,1.037,0.0011,"aoml_navis",1031.22494407764
"7901009",104,0,1,0.028035,1,0.005607,1,144.08899414502,1,4.84854467263182,828,1,5.97499990463257,34.8699989318848,0.0280349999666214,0.0135162174701691,138.943695068359,-85.4445,27.2095,23.8404308173096,63,63,63,63,61,63,0,7820,1.10622673185727,27,-85,0.001869,51,2026-03-11 08:37:55.000912,828,1.037,0.0011,"aoml_navis",1031.23727584137
"7901009",104,0,1,0.031773,1,0.009345,1,144.430599322284,1,4.84849675559035,830.099975585938,1,5.96500015258789,34.8689994812012,0.0317730009555817,0.0168952718377113,139.273101806641,-85.4445,27.2095,23.8404308173096,63,63,63,63,61,63,0,7820,1.10622673185727,27,-85,0.001869,51,2026-03-11 08:37:55.000912,830.099975585938,1.037,0.0011,"aoml_navis",1031.24746742069
"7901009",104,0,1,0.031773,1,0.009345,1,144.979180399058,1,4.84845010149292,832,1,5.95599985122681,34.8689994812012,0.0317730009555817,0.0168952718377113,139.802093505859,-85.4445,27.2095,23.8404308173096,63,63,63,63,61,63,0,7820,1.10622673185727,27,-85,0.001869,51,2026-03-11 08:37:55.000912,832,1.037,0.0011,"aoml_navis",1031.25739057527
"7901009",104,0,1,0.028035,1,0.005607,1,145.536907658547,1,4.84838322328195,834,1,5.92600011825562,34.8699989318848,0.0280349999666214,0.0135162174701691,140.339904785156,-85.4445,27.2095,23.8404308173096,63,63,63,63,61,63,0,7820,1.10622673185727,27,-85,0.001869,51,2026-03-11 08:37:55.000912,834,1.037,0.0011,"aoml_navis",1031.27161565736
"7901009",104,0,1,0.033642,1,0.011214,1,145.967585262289,1,4.8483303391272,836,1,5.91099977493286,34.8699989318848,0.0336420014500618,0.0185847990214825,140.75520324707,-85.4445,27.2095,23.8404308173096,63,63,63,63,61,63,0,7820,1.10622673185727,27,-85,0.001869,51,2026-03-11 08:37:55.000912,836,1.037,0.0011,"aoml_navis",1031.28286446342
"7901009",104,0,1,0.029904,1,0.007476,1,146.523334541087,1,4.84828251887818,838,1,5.89799976348877,34.8689994812012,0.0299040004611015,0.0152057446539402,141.291107177734,-85.4445,27.2095,23.8404308173096,63,63,63,63,61,63,0,7820,1.10622673185727,27,-85,0.001869,51,2026-03-11 08:37:55.000912,838,1.037,0.0011,"aoml_navis",1031.29303635485
"7901009",104,0,1,0.031773,1,0.009345,1,147.066630453454,1,4.84820928617352,840,1,5.86399984359741,34.8709983825684,0.0317730009555817,0.0168952718377113,141.815002441406,-85.4445,27.2095,23.8404308173096,63,63,63,63,61,63,0,7820,1.10622673185727,27,-85,0.001869,51,2026-03-11 08:37:55.000912,840,1.037,0.0011,"aoml_navis",1031.30861414324
"7901009",104,0,1,0.033642,1,0.011214,1,147.357409438881,1,4.84815370503793,842,1,5.84499979019165,34.8709983825684,0.0336420014500618,0.0185847990214825,142.095397949219,-85.4445,27.2095,23.8404308173096,63,63,63,63,61,63,0,7820,1.10622673185727,27,-85,0.001869,51,2026-03-11 08:37:55.000912,842,1.037,0.0011,"aoml_navis",1031.32043746969
"7901009",104,0,1,0.033642,1,0.011214,1,147.548846322082,1,4.84809511839406,844,1,5.8270001411438,34.8720016479492,0.0336420014500618,0.0185847990214825,142.279998779297,-85.4445,27.2095,23.8404308173096,63,63,63,63,61,63,0,7820,1.10622673185727,27,-85,0.001869,51,2026-03-11 08:37:55.000912,844,1.037,0.0011,"aoml_navis",1031.33290042714
"7901009",104,0,1,0.028035,1,0.005607,1,147.589292071252,1,4.8480463756219,846,1,5.81799983978271,34.8720016479492,0.0280349999666214,0.0135162174701691,142.319000244141,-85.4445,27.2095,23.8404308173096,63,63,63,63,61,63,0,7820,1.10622673185727,27,-85,0.001869,51,2026-03-11 08:37:55.000912,846,1.037,0.0011,"aoml_navis",1031.34326955744
"7901009",104,0,1,0.031773,1,0.009345,1,147.608787048943,1,4.84800172494997,848,1,5.81500005722046,34.8720016479492,0.0317730009555817,0.0168952718377113,142.337799072266,-85.4445,27.2095,23.8404308173096,63,63,63,63,61,63,0,7820,1.10622673185727,27,-85,0.001869,51,2026-03-11 08:37:55.000912,848,1.037,0.0011,"aoml_navis",1031.3527683515
"7901009",104,0,1,0.028035,1,0.005607,1,147.625892625959,1,4.84795912110314,850,1,5.81500005722046,34.8720016479492,0.0280349999666214,0.0135162174701691,142.354293823242,-85.4445,27.2095,23.8404308173096,63,63,63,63,61,63,0,7820,1.10622673185727,27,-85,0.001869,51,2026-03-11 08:37:55.000912,850,1.037,0.0011,"aoml_navis",1031.36183187582
"7901009",104,0,1,0.029904,1,0.007476,1,147.613866503358,1,4.84791515602429,852,1,5.81300020217896,34.8720016479492,0.0299040004611015,0.0152057446539402,142.342697143555,-85.4445,27.2095,23.8404308173096,63,63,63,63,61,63,0,7820,1.10622673185727,27,-85,0.001869,51,2026-03-11 08:37:55.000912,852,1.037,0.0011,"aoml_navis",1031.37118515507
"7901009",104,0,1,0.031773,1,0.009345,1,147.662192527601,1,4.84787187454365,854,1,5.81199979782104,34.8720016479492,0.0317730009555817,0.0168952718377113,142.389297485352,-85.4445,27.2095,23.8404308173096,63,63,63,63,61,63,0,7820,1.10622673185727,27,-85,0.001869,51,2026-03-11 08:37:55.000912,854,1.037,0.0011,"aoml_navis",1031.38039316905
"7901009",104,0,1,0.028035,1,0.005607,1,147.691134341072,1,4.84782859559286,856,1,5.81099987030029,34.8720016479492,0.0280349999666214,0.0135162174701691,142.417205810547,-85.4445,27.2095,23.8404308173096,63,63,63,63,61,63,0,7820,1.10622673185727,27,-85,0.001869,51,2026-03-11 08:37:55.000912,856,1.037,0.0011,"aoml_navis",1031.38960080921
"7901009",104,0,1,0.029904,1,0.007476,1,147.781551794421,1,4.84778463659239,858,1,5.80900001525879,34.8720016479492,0.0299040004611015,0.0152057446539402,142.50439453125,-85.4445,27.2095,23.8404308173096,63,63,63,63,61,63,0,7820,1.10622673185727,27,-85,0.001869,51,2026-03-11 08:37:55.000912,858,1.037,0.0011,"aoml_navis",1031.39895329892
"7901009",104,0,1,0.033642,1,0.011214,1,148.082394745604,1,4.84773221830243,860,1,5.80000019073486,34.8730010986328,0.0336420014500618,0.0185847990214825,142.794494628906,-85.4445,27.2095,23.8404308173096,63,63,63,63,61,63,0,7820,1.10622673185727,27,-85,0.001869,51,2026-03-11 08:37:55.000912,860,1.037,0.0011,"aoml_navis",1031.41010576506
"7901009",104,0,1,0.031773,1,0.009345,1,148.434475308608,1,4.84768212530538,862,1,5.78900003433228,34.8730010986328,0.0317730009555817,0.0168952718377113,143.134002685547,-85.4445,27.2095,23.8404308173096,63,63,63,63,61,63,0,7820,1.10622673185727,27,-85,0.001869,51,2026-03-11 08:37:55.000912,862,1.037,0.0011,"aoml_navis",1031.42076372943
"7901009",104,0,1,0.029904,1,0.007476,1,148.89077171826,1,4.84762454525626,864,1,5.76700019836426,34.8730010986328,0.0299040004611015,0.0152057446539402,143.574005126953,-85.4445,27.2095,23.8404308173096,63,63,63,63,61,63,0,7820,1.10622673185727,27,-85,0.001869,51,2026-03-11 08:37:55.000912,864,1.037,0.0011,"aoml_navis",1031.43301493777
"7901009",104,0,1,0.029904,1,0.007476,1,149.331608230832,1,4.8475737843755,866,1,5.75500011444092,34.8730010986328,0.0299040004611015,0.0152057446539402,143.999099731445,-85.4445,27.2095,23.8404308173096,63,63,63,63,61,63,0,7820,1.10622673185727,27,-85,0.001869,51,2026-03-11 08:37:55.000912,866,1.037,0.0011,"aoml_navis",1031.44381548473
"7901009",104,0,1,0.029904,1,0.007476,1,149.800975136891,1,4.8475173027286,868,1,5.73999977111816,34.8740005493164,0.0299040004611015,0.0152057446539402,144.451705932617,-85.4445,27.2095,23.8404308173096,63,63,63,63,61,63,0,7820,1.10622673185727,27,-85,0.001869,51,2026-03-11 08:37:55.000912,868,1.037,0.0011,"aoml_navis",1031.45583352236
"7901009",104,0,1,0.031773,1,0.009345,1,150.274788543544,1,4.84746315691536,870,1,5.72300004959106,34.8740005493164,0.0317730009555817,0.0168952718377113,144.908599853516,-85.4445,27.2095,23.8404308173096,63,63,63,63,61,63,0,7820,1.10622673185727,27,-85,0.001869,51,2026-03-11 08:37:55.000912,870,1.037,0.0011,"aoml_navis",1031.4673548095
"7901009",104,0,1,0.031773,1,0.009345,1,150.593575735556,1,4.84740329987231,872,1,5.70300006866455,34.875,0.0317730009555817,0.0168952718377113,145.216003417969,-85.4445,27.2095,23.8404308173096,63,63,63,63,61,63,0,7820,1.10622673185727,27,-85,0.001869,51,2026-03-11 08:37:55.000912,872,1.037,0.0011,"aoml_navis",1031.48009164653
"7901009",104,0,1,0.033642,1,0.011214,1,150.738126564456,1,4.84735866927405,874,1,5.69999980926514,34.875,0.0336420014500618,0.0185847990214825,145.355392456055,-85.4445,27.2095,23.8404308173096,63,63,63,63,61,63,0,7820,1.10622673185727,27,-85,0.001869,51,2026-03-11 08:37:55.000912,874,1.037,0.0011,"aoml_navis",1031.4895886895
"7901009",104,0,1,0.029904,1,0.007476,1,151.037830198762,1,4.84731132721509,876,1,5.69299983978271,34.875,0.0299040004611015,0.0152057446539402,145.644393920898,-85.4445,27.2095,23.8404308173096,63,63,63,63,61,63,0,7820,1.10622673185727,27,-85,0.001869,51,2026-03-11 08:37:55.000912,876,1.037,0.0011,"aoml_navis",1031.4996629013
"7901009",104,0,1,0.028035,1,0.005607,1,151.303528389026,1,4.8472605976998,878,1,5.68100023269653,34.875,0.0280349999666214,0.0135162174701691,145.900604248047,-85.4445,27.2095,23.8404308173096,63,63,63,63,61,63,0,7820,1.10622673185727,27,-85,0.001869,51,2026-03-11 08:37:55.000912,878,1.037,0.0011,"aoml_navis",1031.51045816944
"7901009",104,0,1,0.031773,1,0.009345,1,151.589322863112,1,4.84720280020946,880,1,5.66400003433228,34.8759994506836,0.0317730009555817,0.0168952718377113,146.176193237305,-85.4445,27.2095,23.8404308173096,63,63,63,63,61,63,0,7820,1.10622673185727,27,-85,0.001869,51,2026-03-11 08:37:55.000912,880,1.037,0.0011,"aoml_navis",1031.52275778186
"7901009",104,0,1,0.028035,1,0.005607,1,151.780965456305,1,4.84715614427974,882,1,5.65799999237061,34.8759994506836,0.0280349999666214,0.0135162174701691,146.360992431641,-85.4445,27.2095,23.8404308173096,63,63,63,63,61,63,0,7820,1.10622673185727,27,-85,0.001869,51,2026-03-11 08:37:55.000912,882,1.037,0.0011,"aoml_navis",1031.53268662505
"7901009",104,0,1,0.028035,1,0.005607,1,151.991691607205,1,4.84710881339513,884,1,5.65100002288818,34.8759994506836,0.0280349999666214,0.0135162174701691,146.564193725586,-85.4445,27.2095,23.8404308173096,63,63,63,63,61,63,0,7820,1.10622673185727,27,-85,0.001869,51,2026-03-11 08:37:55.000912,884,1.037,0.0011,"aoml_navis",1031.54275930063
"7901009",104,0,1,0.035511,1,0.013083,1,152.299797703485,1,4.84706283836766,886,1,5.64599990844727,34.8759994506836,0.0355109982192516,0.0202743262052536,146.861297607422,-85.4445,27.2095,23.8404308173096,63,63,63,63,61,63,0,7820,1.10622673185727,27,-85,0.001869,51,2026-03-11 08:37:55.000912,886,1.037,0.0011,"aoml_navis",1031.55254361915
"7901009",104,0,1,0.033642,1,0.011214,1,152.768025292666,1,4.84701077561894,888,1,5.63199996948242,34.8759994506836,0.0336420014500618,0.0185847990214825,147.312805175781,-85.4445,27.2095,23.8404308173096,63,63,63,63,61,63,0,7820,1.10622673185727,27,-85,0.001869,51,2026-03-11 08:37:55.000912,888,1.037,0.0011,"aoml_navis",1031.56362373911
"7901009",104,0,1,0.033642,1,0.011214,1,153.193718385068,1,4.84695871971432,890,1,5.61800003051758,34.8759994506836,0.0336420014500618,0.0185847990214825,147.723297119141,-85.4445,27.2095,23.8404308173096,63,63,63,63,61,63,0,7820,1.10622673185727,27,-85,0.001869,51,2026-03-11 08:37:55.000912,890,1.037,0.0011,"aoml_navis",1031.57470264048
"7901009",104,0,1,0.026166,1,0.003738,1,153.656550042924,1,4.84690163428295,892,1,5.60200023651123,34.8769989013672,0.0261659994721413,0.0118266893550754,148.16960144043,-85.4445,27.2095,23.8404308173096,63,63,63,63,61,63,0,7820,1.10622673185727,27,-85,0.001869,51,2026-03-11 08:37:55.000912,892,1.037,0.0011,"aoml_navis",1031.58685223446
"7901009",104,0,1,0.029904,1,0.007476,1,154.002095357724,1,4.84685094266184,894,1,5.59000015258789,34.8769989013672,0.0299040004611015,0.0152057446539402,148.502807617188,-85.4445,27.2095,23.8404308173096,63,63,63,63,61,63,0,7820,1.10622673185727,27,-85,0.001869,51,2026-03-11 08:37:55.000912,894,1.037,0.0011,"aoml_navis",1031.59764126232
"7901009",104,0,1,0.028035,1,0.005607,1,154.253156490875,1,4.84680025606339,896,1,5.57800006866455,34.8769989013672,0.0280349999666214,0.0135162174701691,148.744903564453,-85.4445,27.2095,23.8404308173096,63,63,63,63,61,63,0,7820,1.10622673185727,27,-85,0.001869,51,2026-03-11 08:37:55.000912,896,1.037,0.0011,"aoml_navis",1031.60842944682
"7901009",104,0,1,0.028035,1,0.005607,1,154.589049259904,1,4.84674656281426,898,1,5.56699991226196,34.8779983520508,0.0280349999666214,0.0135162174701691,149.068801879883,-85.4445,27.2095,23.8404308173096,63,63,63,63,61,63,0,7820,1.10622673185727,27,-85,0.001869,51,2026-03-11 08:37:55.000912,898,1.037,0.0011,"aoml_navis",1031.61985781587
"7901009",104,0,1,0.031773,1,0.009345,1,154.874859557835,1,4.84669858138005,900,1,5.55900001525879,34.8779983520508,0.0317730009555817,0.0168952718377113,149.34440612793,-85.4445,27.2095,23.8404308173096,63,63,63,63,61,63,0,7820,1.10622673185727,27,-85,0.001869,51,2026-03-11 08:37:55.000912,900,1.037,0.0011,"aoml_navis",1031.63007066478
"7901009",104,0,1,0.028035,1,0.005607,1,155.358009033349,1,4.84664925492106,902,1,5.54899978637695,34.8779983520508,0.0280349999666214,0.0135162174701691,149.810302734375,-85.4445,27.2095,23.8404308173096,63,63,63,63,61,63,0,7820,1.10622673185727,27,-85,0.001869,51,2026-03-11 08:37:55.000912,902,1.037,0.0011,"aoml_navis",1031.64057001303
"7901009",104,0,1,0.028035,1,0.005607,1,155.83462326066,1,4.84658613816011,904,1,5.52400016784668,34.8790016174316,0.0280349999666214,0.0135162174701691,150.269897460938,-85.4445,27.2095,23.8404308173096,63,63,63,63,61,63,0,7820,1.10622673185727,27,-85,0.001869,51,2026-03-11 08:37:55.000912,904,1.037,0.0011,"aoml_navis",1031.65400499786
"7901009",104,0,1,0.028035,1,0.005607,1,156.000346394878,1,4.846525745325,906,1,5.50299978256226,34.8800010681152,0.0280349999666214,0.0135162174701691,150.429702758789,-85.4445,27.2095,23.8404308173096,63,63,63,63,61,63,0,7820,1.10622673185727,27,-85,0.001869,51,2026-03-11 08:37:55.000912,906,1.037,0.0011,"aoml_navis",1031.66686049755
"7901009",104,0,1,0.028035,1,0.005607,1,156.155483376437,1,4.84648113929168,908,1,5.5,34.8800010681152,0.0280349999666214,0.0135162174701691,150.579299926758,-85.4445,27.2095,23.8404308173096,63,63,63,63,61,63,0,7820,1.10622673185727,27,-85,0.001869,51,2026-03-11 08:37:55.000912,908,1.037,0.0011,"aoml_navis",1031.67635575092
"7901009",104,0,1,0.029904,1,0.007476,1,156.43403052927,1,4.84644223632064,910,1,5.5,34.8790016174316,0.0299040004611015,0.0152057446539402,150.847900390625,-85.4445,27.2095,23.8404308173096,63,63,63,63,61,63,0,7820,1.10622673185727,27,-85,0.001869,51,2026-03-11 08:37:55.000912,910,1.037,0.0011,"aoml_navis",1031.68463714032
"7901009",104,0,1,0.029904,1,0.007476,1,156.816065631859,1,4.84639126050817,912,1,5.49300003051758,34.8800010681152,0.0299040004611015,0.0152057446539402,151.216293334961,-85.4445,27.2095,23.8404308173096,63,63,63,63,61,63,0,7820,1.10622673185727,27,-85,0.001869,51,2026-03-11 08:37:55.000912,912,1.037,0.0011,"aoml_navis",1031.69548871209
"7901009",104,0,1,0.029904,1,0.007476,1,157.266254037138,1,4.8463295460468,914,1,5.46999979019165,34.8810005187988,0.0299040004611015,0.0152057446539402,151.650405883789,-85.4445,27.2095,23.8404308173096,63,63,63,63,61,63,0,7820,1.10622673185727,27,-85,0.001869,51,2026-03-11 08:37:55.000912,914,1.037,0.0011,"aoml_navis",1031.70862659939
"7901009",104,0,1,0.031773,1,0.009345,1,157.451662035193,1,4.84628025095689,916,1,5.46000003814697,34.8810005187988,0.0317730009555817,0.0168952718377113,151.829193115234,-85.4445,27.2095,23.8404308173096,63,63,63,63,61,63,0,7820,1.10622673185727,27,-85,0.001869,51,2026-03-11 08:37:55.000912,916,1.037,0.0011,"aoml_navis",1031.71912086858
"7901009",104,0,1,0.028035,1,0.005607,1,157.605453989882,1,4.84623565239595,918,1,5.45699977874756,34.8810005187988,0.0280349999666214,0.0135162174701691,151.977493286133,-85.4445,27.2095,23.8404308173096,63,63,63,63,61,63,0,7820,1.10622673185727,27,-85,0.001869,51,2026-03-11 08:37:55.000912,918,1.037,0.0011,"aoml_navis",1031.72861549315
"7901009",104,0,1,0.029904,1,0.007476,1,157.6386524178,1,4.84619239734915,920,1,5.45599985122681,34.8810005187988,0.0299040004611015,0.0152057446539402,152.009506225586,-85.4445,27.2095,23.8404308173096,63,63,63,63,61,63,0,7820,1.10622673185727,27,-85,0.001869,51,2026-03-11 08:37:55.000912,920,1.037,0.0011,"aoml_navis",1031.73782426281
"7901009",104,0,1,0.033642,1,0.011214,1,157.784342563579,1,4.84614981542126,922,1,5.45599985122681,34.8810005187988,0.0336420014500618,0.0185847990214825,152.149993896484,-85.4445,27.2095,23.8404308173096,63,63,63,63,61,63,0,7820,1.10622673185727,27,-85,0.001869,51,2026-03-11 08:37:55.000912,922,1.037,0.0011,"aoml_navis",1031.74688988961
"7901009",104,0,1,0.028035,1,0.005607,1,157.911392219325,1,4.8461045518757,924,1,5.4520001411438,34.8810005187988,0.0280349999666214,0.0135162174701691,152.272506713867,-85.4445,27.2095,23.8404308173096,63,63,63,63,61,63,0,7820,1.10622673185727,27,-85,0.001869,51,2026-03-11 08:37:55.000912,924,1.037,0.0011,"aoml_navis",1031.75652660336
"7901009",104,0,1,0.031773,1,0.009345,1,158.105614099339,1,4.84605157955693,926,1,5.44199991226196,34.8819999694824,0.0317730009555817,0.0168952718377113,152.45979309082,-85.4445,27.2095,23.8404308173096,63,63,63,63,61,63,0,7820,1.10622673185727,27,-85,0.001869,51,2026-03-11 08:37:55.000912,926,1.037,0.0011,"aoml_navis",1031.76780476141
"7901009",104,0,1,0.03738,1,0.014952,1,158.117956698851,1,4.84600631963312,928,1,5.43800020217896,34.8819999694824,0.0373799987137318,0.0219638533890247,152.471694946289,-85.4445,27.2095,23.8404308173096,63,63,63,63,61,63,0,7820,1.10622673185727,27,-85,0.001869,51,2026-03-11 08:37:55.000912,928,1.037,0.0011,"aoml_navis",1031.77744109474
"7901009",104,0,1,0.031773,1,0.009345,1,158.148654959176,1,4.84596307330834,930,1,5.43699979782104,34.8819999694824,0.0317730009555817,0.0168952718377113,152.50129699707,-85.4445,27.2095,23.8404308173096,63,63,63,63,61,63,0,7820,1.10622673185727,27,-85,0.001869,51,2026-03-11 08:37:55.000912,930,1.037,0.0011,"aoml_navis",1031.78664887896
"7901009",104,0,1,0.031773,1,0.009345,1,158.319251837816,1,4.84592050047284,932,1,5.43699979782104,34.8819999694824,0.0317730009555817,0.0168952718377113,152.665802001953,-85.4445,27.2095,23.8404308173096,63,63,63,63,61,63,0,7820,1.10622673185727,27,-85,0.001869,51,2026-03-11 08:37:55.000912,932,1.037,0.0011,"aoml_navis",1031.79571342785
"7901009",104,0,1,0.031773,1,0.009345,1,158.46017900609,1,4.84587457484583,934,1,5.43200016021729,34.8819999694824,0.0317730009555817,0.0168952718377113,152.801696777344,-85.4445,27.2095,23.8404308173096,63,63,63,63,61,63,0,7820,1.10622673185727,27,-85,0.001869,51,2026-03-11 08:37:55.000912,934,1.037,0.0011,"aoml_navis",1031.80549202701
"7901009",104,0,1,0.031773,1,0.009345,1,158.713107353014,1,4.845828650711,936,1,5.42700004577637,34.8819999694824,0.0317730009555817,0.0168952718377113,153.045593261719,-85.4445,27.2095,23.8404308173096,63,63,63,63,61,63,0,7820,1.10622673185727,27,-85,0.001869,51,2026-03-11 08:37:55.000912,936,1.037,0.0011,"aoml_navis",1031.8152704938
"7901009",104,0,1,0.029904,1,0.007476,1,159.078258412424,1,4.84577870394096,938,1,5.41599988937378,34.8819999694824,0.0299040004611015,0.0152057446539402,153.397705078125,-85.4445,27.2095,23.8404308173096,63,63,63,63,61,63,0,7820,1.10622673185727,27,-85,0.001869,51,2026-03-11 08:37:55.000912,938,1.037,0.0011,"aoml_navis",1031.82590569677
"7901009",104,0,1,0.029904,1,0.007476,1,159.370065947811,1,4.84573010220089,940,1,5.40700006484985,34.8819999694824,0.0299040004611015,0.0152057446539402,153.679092407227,-85.4445,27.2095,23.8404308173096,63,63,63,63,61,63,0,7820,1.10622673185727,27,-85,0.001869,51,2026-03-11 08:37:55.000912,940,1.037,0.0011,"aoml_navis",1031.83625471197
"7901009",104,0,1,0.028035,1,0.005607,1,159.674959803449,1,4.8456771485999,942,1,5.39699983596802,34.882999420166,0.0280349999666214,0.0135162174701691,153.973098754883,-85.4445,27.2095,23.8404308173096,63,63,63,63,61,63,0,7820,1.10622673185727,27,-85,0.001869,51,2026-03-11 08:37:55.000912,942,1.037,0.0011,"aoml_navis",1031.84753062731
"7901009",104,0,1,0.031773,1,0.009345,1,159.898851393828,1,4.84562788349423,944,1,5.38700008392334,34.882999420166,0.0317730009555817,0.0168952718377113,154.188995361328,-85.4445,27.2095,23.8404308173096,63,63,63,63,61,63,0,7820,1.10622673185727,27,-85,0.001869,51,2026-03-11 08:37:55.000912,944,1.037,0.0011,"aoml_navis",1031.85802133746
"7901009",104,0,1,0.026166,1,0.003738,1,159.95432979625,1,4.84558263919249,946,1,5.38299989700317,34.882999420166,0.0261659994721413,0.0118266893550754,154.242492675781,-85.4445,27.2095,23.8404308173096,63,63,63,63,61,63,0,7820,1.10622673185727,27,-85,0.001869,51,2026-03-11 08:37:55.000912,946,1.037,0.0011,"aoml_navis",1031.86765602934
"7901009",104,0,1,0.028035,1,0.005607,1,160.101697269655,1,4.84553739696601,948,1,5.37900018692017,34.882999420166,0.0280349999666214,0.0135162174701691,154.38459777832,-85.4445,27.2095,23.8404308173096,63,63,63,63,61,63,0,7820,1.10622673185727,27,-85,0.001869,51,2026-03-11 08:37:55.000912,948,1.037,0.0011,"aoml_navis",1031.8772904592
"7901009",104,0,1,0.029904,1,0.007476,1,160.275917808921,1,4.84549215617578,950,1,5.375,34.882999420166,0.0299040004611015,0.0152057446539402,154.552597045898,-85.4445,27.2095,23.8404308173096,63,63,63,63,61,63,0,7820,1.10622673185727,27,-85,0.001869,51,2026-03-11 08:37:55.000912,950,1.037,0.0011,"aoml_navis",1031.88692476311
"7901009",104,0,1,0.028035,1,0.005607,1,160.60299669599,1,4.84543319258018,952,1,5.35599994659424,34.8839988708496,0.0280349999666214,0.0135162174701691,154.86799621582,-85.4445,27.2095,23.8404308173096,63,63,63,63,61,63,0,7820,1.10622673185727,27,-85,0.001869,51,2026-03-11 08:37:55.000912,952,1.037,0.0011,"aoml_navis",1031.89948169268
"7901009",104,0,1,0.031773,1,0.009345,1,160.905817627864,1,4.84538327374958,954,1,5.34499979019165,34.8839988708496,0.0317730009555817,0.0168952718377113,155.160003662109,-85.4445,27.2095,23.8404308173096,63,63,63,63,61,63,0,7820,1.10622673185727,27,-85,0.001869,51,2026-03-11 08:37:55.000912,954,1.037,0.0011,"aoml_navis",1031.9101126815
"7901009",104,0,1,0.029904,1,0.007476,1,161.329137143436,1,4.84533803866303,956,1,5.34100008010864,34.8839988708496,0.0299040004611015,0.0152057446539402,155.568206787109,-85.4445,27.2095,23.8404308173096,63,63,63,63,61,63,0,7820,1.10622673185727,27,-85,0.001869,51,2026-03-11 08:37:55.000912,956,1.037,0.0011,"aoml_navis",1031.91974638361
"7901009",104,0,1,0.026166,1,0.003738,1,161.810308638259,1,4.84528577822576,958,1,5.33199977874756,34.8849983215332,0.0261659994721413,0.0118266893550754,156.032196044922,-85.4445,27.2095,23.8404308173096,63,63,63,63,61,63,0,7820,1.10622673185727,27,-85,0.001869,51,2026-03-11 08:37:55.000912,958,1.037,0.0011,"aoml_navis",1031.93087649639
"7901009",104,0,1,0.031773,1,0.009345,1,162.395822570496,1,4.84523520128694,960,1,5.32000017166138,34.8849983215332,0.0317730009555817,0.0168952718377113,156.596801757812,-85.4445,27.2095,23.8404308173096,63,63,63,63,61,63,0,7820,1.10622673185727,27,-85,0.001869,51,2026-03-11 08:37:55.000912,960,1.037,0.0011,"aoml_navis",1031.94164829645
"7901009",104,0,1,0.033642,1,0.011214,1,162.755466931662,1,4.84517692609771,962,1,5.30200004577637,34.8860015869141,0.0336420014500618,0.0185847990214825,156.943603515625,-85.4445,27.2095,23.8404308173096,63,63,63,63,61,63,0,7820,1.10622673185727,27,-85,0.001869,51,2026-03-11 08:37:55.000912,962,1.037,0.0011,"aoml_navis",1031.95405993708
"7901009",104,0,1,0.031773,1,0.009345,1,163.25116471668,1,4.84512702810695,964,1,5.29099988937378,34.8860015869141,0.0317730009555817,0.0168952718377113,157.421600341797,-85.4445,27.2095,23.8404308173096,63,63,63,63,61,63,0,7820,1.10622673185727,27,-85,0.001869,51,2026-03-11 08:37:55.000912,964,1.037,0.0011,"aoml_navis",1031.96468761183
"7901009",104,0,1,0.031773,1,0.009345,1,163.833244874437,1,4.84506678684597,966,1,5.26999998092651,34.8870010375977,0.0317730009555817,0.0168952718377113,157.982894897461,-85.4445,27.2095,23.8404308173096,63,63,63,63,61,63,0,7820,1.10622673185727,27,-85,0.001869,51,2026-03-11 08:37:55.000912,966,1.037,0.0011,"aoml_navis",1031.97751857098
"7901009",104,0,1,0.028035,1,0.005607,1,164.280933112122,1,4.84501157657445,968,1,5.25099992752075,34.8870010375977,0.0280349999666214,0.0135162174701691,158.414596557617,-85.4445,27.2095,23.8404308173096,63,63,63,63,61,63,0,7820,1.10622673185727,27,-85,0.001869,51,2026-03-11 08:37:55.000912,968,1.037,0.0011,"aoml_navis",1031.98927824547
"7901009",104,0,1,0.029904,1,0.007476,1,164.683934810036,1,4.84495668350853,970,1,5.23799991607666,34.8880004882812,0.0299040004611015,0.0152057446539402,158.803207397461,-85.4445,27.2095,23.8404308173096,63,63,63,63,61,63,0,7820,1.10622673185727,27,-85,0.001869,51,2026-03-11 08:37:55.000912,970,1.037,0.0011,"aoml_navis",1032.00097062152
"7901009",104,0,1,0.029904,1,0.007476,1,165.061301878194,1,4.84490548061779,972,1,5.22499990463257,34.8880004882812,0.0299040004611015,0.0152057446539402,159.167098999023,-85.4445,27.2095,23.8404308173096,63,63,63,63,61,63,0,7820,1.10622673185727,27,-85,0.001869,51,2026-03-11 08:37:55.000912,972,1.037,0.0011,"aoml_navis",1032.0118772188
"7901009",104,0,1,0.029904,1,0.007476,1,165.466993629847,1,4.84484794380082,974,1,5.20800018310547,34.8889999389648,0.0299040004611015,0.0152057446539402,159.558303833008,-85.4445,27.2095,23.8404308173096,63,63,63,63,61,63,0,7820,1.10622673185727,27,-85,0.001869,51,2026-03-11 08:37:55.000912,974,1.037,0.0011,"aoml_navis",1032.02413326464
"7901009",104,0,1,0.033642,1,0.011214,1,165.7378662176,1,4.84479542757375,976,1,5.19299983978271,34.8889999389648,0.0336420014500618,0.0185847990214825,159.81950378418,-85.4445,27.2095,23.8404308173096,63,63,63,63,61,63,0,7820,1.10622673185727,27,-85,0.001869,51,2026-03-11 08:37:55.000912,976,1.037,0.0011,"aoml_navis",1032.03532011753
"7901009",104,0,1,0.029904,1,0.007476,1,170.167435296324,1,4.84421525263438,1000.29998779297,1,5.11439990997314,34.8919982910156,0.0299040004611015,0.0152057446539402,164.090896606445,-85.4445,27.2095,23.8404308173096,63,63,63,63,61,63,0,7820,1.10622673185727,27,-85,0.001869,51,2026-03-11 08:37:55.000912,1000.29998779297,1.037,0.0011,"aoml_navis",1032.1589234254
"7901009",104,0,1,0.031773,1,0.009345,1,176.603990174934,1,4.84300224337863,1049.59997558594,1,4.90959978103638,34.9000015258789,0.0317730009555817,0.0168952718377113,170.297607421875,-85.4445,27.2095,23.8404308173096,63,63,63,63,61,63,0,7820,1.10622673185727,27,-85,0.001869,51,2026-03-11 08:37:55.000912,1049.59997558594,1.037,0.0011,"aoml_navis",1032.41744453784
"7901009",104,0,1,0.033642,1,0.011214,1,181.396004435483,1,4.84182871090906,1099.90002441406,1,4.77269983291626,34.9039993286133,0.0336420014500618,0.0185847990214825,174.918502807617,-85.4445,27.2095,23.8404308173096,63,63,63,63,61,63,0,7820,1.10622673185727,27,-85,0.001869,51,2026-03-11 08:37:55.000912,1099.90002441406,1.037,0.0011,"aoml_navis",1032.66767548686
"7901009",104,0,1,0.028035,1,0.005607,1,185.979270525823,1,4.84069004934001,1148.90002441406,1,4.6508002281189,34.9090003967285,0.0280349999666214,0.0135162174701691,179.338104248047,-85.4445,27.2095,23.8404308173096,63,63,63,63,61,63,0,7820,1.10622673185727,27,-85,0.001869,51,2026-03-11 08:37:55.000912,1148.90002441406,1.037,0.0011,"aoml_navis",1032.91058692793
"7901009",104,0,1,0.028035,1,0.005607,1,189.632838219842,1,4.83954890966784,1199.5,1,4.56409978866577,34.9119987487793,0.0280349999666214,0.0135162174701691,182.861206054688,-85.4445,27.2095,23.8404308173096,63,63,63,63,61,63,0,7820,1.10622673185727,27,-85,0.001869,51,2026-03-11 08:37:55.000912,1199.5,1.037,0.0011,"aoml_navis",1033.1541417035
"7901009",104,0,1,0.024297,1,0.001869,1,192.629020075235,1,4.83841446095774,1249.69995117188,1,4.48420000076294,34.9169998168945,0.0242970008403063,0.0101371631026268,185.750396728516,-85.4445,27.2095,23.8404308173096,63,63,63,63,61,63,0,7820,1.10622673185727,27,-85,0.001869,51,2026-03-11 08:37:55.000912,1249.69995117188,1.037,0.0011,"aoml_navis",1033.39638229551
"7901009",104,0,1,0.026166,1,0.003738,1,194.505838921804,1,4.83733469138798,1299.5,1,4.45050001144409,34.9179992675781,0.0261659994721413,0.0118266893550754,187.560195922852,-85.4445,27.2095,23.8404308173096,63,63,63,63,61,63,0,7820,1.10622673185727,27,-85,0.001869,51,2026-03-11 08:37:55.000912,1299.5,1.037,0.0011,"aoml_navis",1033.62705270355
"7901009",104,0,1,0.031773,1,0.009345,1,196.285277822993,1,4.83624111714387,1349.69995117188,1,4.41230010986328,34.9199981689453,0.0317730009555817,0.0168952718377113,189.276092529297,-85.4445,27.2095,23.8404308173096,63,63,63,63,61,63,0,7820,1.10622673185727,27,-85,0.001869,51,2026-03-11 08:37:55.000912,1349.69995117188,1.037,0.0011,"aoml_navis",1033.86077717995
"7901009",104,0,1,0.03738,1,0.014952,1,197.761088776186,1,4.83517661024198,1399.09997558594,1,4.38500022888184,34.9210014343262,0.0373799987137318,0.0219638533890247,190.699203491211,-85.4445,27.2095,23.8404308173096,63,63,63,63,61,63,0,7820,1.10622673185727,27,-85,0.001869,51,2026-03-11 08:37:55.000912,1399.09997558594,1.037,0.0011,"aoml_navis",1034.0883907754
"7901009",104,0,1,0.031773,1,0.009345,1,199.177560308648,1,4.83408602061956,1449.5,1,4.35370016098022,34.9230003356934,0.0317730009555817,0.0168952718377113,192.065093994141,-85.4445,27.2095,23.8404308173096,63,63,63,63,61,63,0,7820,1.10622673185727,27,-85,0.001869,51,2026-03-11 08:37:55.000912,1449.5,1.037,0.0011,"aoml_navis",1034.32168535536
"7901009",104,0,1,0.028035,1,0.005607,1,199.767837218388,1,4.83302639335968,1499.40002441406,1,4.33990001678467,34.9230003356934,0.0280349999666214,0.0135162174701691,192.634292602539,-85.4445,27.2095,23.8404308173096,63,63,63,63,61,63,0,7820,1.10622673185727,27,-85,0.001869,51,2026-03-11 08:37:55.000912,1499.40002441406,1.037,0.0011,"aoml_navis",1034.54845743647
"7901009",104,0,1,0.033642,1,0.011214,1,200.653466204914,1,4.83195336481802,1549.69995117188,1,4.32200002670288,34.923999786377,0.0336420014500618,0.0185847990214825,193.488296508789,-85.4445,27.2095,23.8404308173096,63,63,63,63,61,63,0,7820,1.10622673185727,27,-85,0.001869,51,2026-03-11 08:37:55.000912,1549.69995117188,1.037,0.0011,"aoml_navis",1034.77819889686
"7901009",104,0,1,0.029904,1,0.007476,1,201.462555250619,1,4.83089132579064,1599.5,1,4.30810022354126,34.9259986877441,0.0299040004611015,0.0152057446539402,194.268493652344,-85.4445,27.2095,23.8404308173096,63,63,63,63,61,63,0,7820,1.10622673185727,27,-85,0.001869,51,2026-03-11 08:37:55.000912,1599.5,1.037,0.0011,"aoml_navis",1035.00568793724
"7901009",104,0,1,0.028035,1,0.005607,1,202.118073875472,1,4.82983734066951,1649.69995117188,1,4.30539989471436,34.9259986877441,0.0280349999666214,0.0135162174701691,194.900604248047,-85.4445,27.2095,23.8404308173096,63,63,63,63,61,63,0,7820,1.10622673185727,27,-85,0.001869,51,2026-03-11 08:37:55.000912,1649.69995117188,1.037,0.0011,"aoml_navis",1035.23155073933
"7901009",104,0,1,0.026166,1,0.003738,1,202.537437429662,1,4.82880643606356,1698.90002441406,1,4.30359983444214,34.9259986877441,0.0261659994721413,0.0118266893550754,195.304992675781,-85.4445,27.2095,23.8404308173096,63,63,63,63,61,63,0,7820,1.10622673185727,27,-85,0.001869,51,2026-03-11 08:37:55.000912,1698.90002441406,1.037,0.0011,"aoml_navis",1035.45256290621
"7901009",104,0,1,0.028035,1,0.005607,1,202.688745040603,1,4.82774018184464,1749.69995117188,1,4.30210018157959,34.9269981384277,0.0280349999666214,0.0135162174701691,195.450897216797,-85.4445,27.2095,23.8404308173096,63,63,63,63,61,63,0,7820,1.10622673185727,27,-85,0.001869,51,2026-03-11 08:37:55.000912,1749.69995117188,1.037,0.0011,"aoml_navis",1035.68125285681
"7901009",104,0,1,0.026166,1,0.003738,1,202.97995126986,1,4.82669883911797,1799.59997558594,1,4.30189990997314,34.9269981384277,0.0261659994721413,0.0118266893550754,195.731704711914,-85.4445,27.2095,23.8404308173096,63,63,63,63,61,63,0,7820,1.10622673185727,27,-85,0.001869,51,2026-03-11 08:37:55.000912,1799.59997558594,1.037,0.0011,"aoml_navis",1035.9046973218
"7901009",104,0,1,0.028035,1,0.005607,1,203.472025394252,1,4.82565904031185,1849.5,1,4.30170011520386,34.9269981384277,0.0280349999666214,0.0135162174701691,196.206207275391,-85.4445,27.2095,23.8404308173096,63,63,63,63,61,63,0,7820,1.10622673185727,27,-85,0.001869,51,2026-03-11 08:37:55.000912,1849.5,1.037,0.0011,"aoml_navis",1036.12790672357
"7901009",104,0,1,0.029904,1,0.007476,1,203.548865988137,1,4.82461727898349,1899.5,1,4.29949998855591,34.9269981384277,0.0299040004611015,0.0152057446539402,196.280303955078,-85.4445,27.2095,23.8404308173096,63,63,63,63,61,63,0,7820,1.10622673185727,27,-85,0.001869,51,2026-03-11 08:37:55.000912,1899.5,1.037,0.0011,"aoml_navis",1036.35163389654
"7901009",104,0,1,0.031773,1,0.009345,1,203.692799687062,1,4.82357003809724,1949.80004882812,1,4.30130004882812,34.9280014038086,0.0317730009555817,0.0168952718377113,196.419097900391,-85.4445,27.2095,23.8404308173096,63,63,63,63,61,63,0,7820,1.10622673185727,27,-85,0.001869,51,2026-03-11 08:37:55.000912,1949.80004882812,1.037,0.0011,"aoml_navis",1036.57663525341
"7901009",104,0,1,0.031773,1,0.009345,1,201.897394525735,1,4.82253094159603,1999.90002441406,1,4.30140018463135,34.9280014038086,0.0317730009555817,0.0168952718377113,194.687805175781,-85.4445,27.2095,23.8404308173096,63,63,63,63,61,63,0,7820,1.10622673185727,27,-85,0.001869,51,2026-03-11 08:37:55.000912,1999.90002441406,1.037,0.0011,"aoml_navis",1036.79998336003
"7901009",105,0.177732314595167,5,0.065415,1,0.042987,1,205.970088990569,1,4.87871542987013,2.29999995231628,1,23.5429992675781,36.4169998168945,0.0654150024056435,0.750030398368835,198.615005493164,-86.1529,27.8293,53.9324858785091,63,63,63,63,61,63,0.1869,7593,1.05158142133981,28,-86,0.001869,51,2026-03-21 15:45:17.001675,2.29999995231628,1.037,0.0011,"aoml_navis",1024.85993943965
"7901009",105,0.177732314595167,5,0.069153,1,0.046725,1,206.011151882448,1,4.87866364980727,4,1,23.5310001373291,36.4169998168945,0.0691530033946037,0.750030398368835,198.654602050781,-86.1529,27.8293,53.9324858785091,63,63,63,63,61,63,0.1869,7593,1.05158142133981,28,-86,0.001869,51,2026-03-21 15:45:17.001675,4,1.037,0.0011,"aoml_navis",1024.87081686755
"7901009",105,0.177732314595167,5,0.071022,1,0.048594,1,205.985010881529,1,4.87861131180124,6,1,23.5230007171631,36.4169998168945,0.0710219964385033,0.750030398368835,198.62939453125,-86.1529,27.8293,53.9324858785091,63,63,63,63,61,63,0.1869,7593,1.05158142133981,28,-86,0.001869,51,2026-03-21 15:45:17.001675,6,1.037,0.0011,"aoml_navis",1024.88181173711
"7901009",105,0.177732314595167,5,0.078498,1,0.05607,1,206.030646866184,1,4.87855477080834,8,1,23.511999130249,36.4169998168945,0.0784979984164238,0.750030398368835,198.673400878906,-86.1529,27.8293,53.9324858785091,63,63,63,63,61,63,0.1869,7593,1.05158142133981,28,-86,0.001869,51,2026-03-21 15:45:17.001675,8,1.037,0.0011,"aoml_navis",1024.89368981124
"7901009",105,0.177732314595167,5,0.087843,1,0.065415,1,206.038321433645,1,4.87850384088592,10,1,23.5049991607666,36.4169998168945,0.0878430008888245,0.750030398368835,198.680801391602,-86.1529,27.8293,53.9324858785091,63,63,63,63,61,63,0.1869,7593,1.05158142133981,28,-86,0.001869,51,2026-03-21 15:45:17.001675,10,1.037,0.0011,"aoml_navis",1024.90438935311
"7901009",105,0.177732314595167,5,0.089712,1,0.067284,1,206.061028659019,1,4.87845350944483,12,1,23.5009994506836,36.4179992675781,0.0897120013833046,0.750030398368835,198.702697753906,-86.1529,27.8293,53.9324858785091,63,63,63,63,61,63,0.1869,7593,1.05158142133981,28,-86,0.001869,51,2026-03-21 15:45:17.001675,12,1.037,0.0011,"aoml_navis",1024.91496338334
"7901009",105,0.177732314595167,5,0.104664,1,0.082236,1,206.072849075294,1,4.87840178057191,14,1,23.496000289917,36.4189987182617,0.104663997888565,0.750030398368835,198.714096069336,-86.1529,27.8293,53.9324858785091,63,63,63,63,61,63,0.1869,7593,1.05158142133981,28,-86,0.001869,51,2026-03-21 15:45:17.001675,14,1.037,0.0011,"aoml_navis",1024.92583122455
"7901009",105,0.177732314595167,5,0.110271,1,0.087843,1,206.085096735531,1,4.87835365908285,16,1,23.4909992218018,36.4189987182617,0.110270999372005,0.750030398368835,198.72590637207,-86.1529,27.8293,53.9324858785091,63,63,63,63,61,63,0.1869,7593,1.05158142133981,28,-86,0.001869,51,2026-03-21 15:45:17.001675,16,1.037,0.0011,"aoml_navis",1024.93594138889
"7901009",105,0.177732314595167,5,0.115878,1,0.09345,1,206.094733460446,1,4.87830333540407,18,1,23.4869995117188,36.4199981689453,0.115878000855446,0.750030398368835,198.735198974609,-86.1529,27.8293,53.9324858785091,63,63,63,63,61,63,0.1869,7593,1.05158142133981,28,-86,0.001869,51,2026-03-21 15:45:17.001675,18,1.037,0.0011,"aoml_navis",1024.9465144393
"7901009",105,0.177732314595167,5,0.125223,1,0.102795,1,206.076377793942,1,4.87825662140143,20,1,23.4829998016357,36.4199981689453,0.125222995877266,0.750030398368835,198.717498779297,-86.1529,27.8293,53.9324858785091,63,63,63,63,61,63,0.1869,7593,1.05158142133981,28,-86,0.001869,51,2026-03-21 15:45:17.001675,20,1.037,0.0011,"aoml_navis",1024.95632928872
"7901009",105,0.177732314595167,5,0.13083,1,0.108402,1,206.07305478535,1,4.87820488937405,22,1,23.4780006408691,36.4210014343262,0.130830004811287,0.750030398368835,198.714294433594,-86.1529,27.8293,53.9324858785091,63,63,63,63,61,63,0.1869,7593,1.05158142133981,28,-86,0.001869,51,2026-03-21 15:45:17.001675,22,1.037,0.0011,"aoml_navis",1024.96719867
"7901009",105,0.177732314595167,5,0.14952,1,0.127092,1,206.115067108255,1,4.87814956427945,24,1,23.4729995727539,36.4230003356934,0.149519994854927,0.750030398368835,198.754806518555,-86.1529,27.8293,53.9324858785091,63,63,63,63,61,63,0.1869,7593,1.05158142133981,28,-86,0.001869,51,2026-03-21 15:45:17.001675,24,1.037,0.0011,"aoml_navis",1024.97882324331
"7901009",105,0.177732314595167,5,0.156996,1,0.134568,1,206.015819918326,1,4.87810845849955,26,1,23.4729995727539,36.4230003356934,0.156995996832848,0.750030398368835,198.659103393555,-86.1529,27.8293,53.9324858785091,63,63,63,63,61,63,0.1869,7593,1.05158142133981,28,-86,0.001869,51,2026-03-21 15:45:17.001675,26,1.037,0.0011,"aoml_navis",1024.98746031119
"7901009",105,0.177732314595167,5,0.158865,1,0.136437,1,206.022560878612,1,4.87806374839406,28,1,23.4729995727539,36.423999786377,0.158865004777908,0.750030398368835,198.665603637695,-86.1529,27.8293,53.9324858785091,63,63,63,63,61,63,0.1869,7593,1.05158142133981,28,-86,0.001869,51,2026-03-21 15:45:17.001675,28,1.037,0.0011,"aoml_navis",1024.99685487835
"7901009",105,0.177732314595167,5,0.164472,1,0.142044,1,206.062690163315,1,4.87801844577758,30,1,23.4699993133545,36.423999786377,0.164471998810768,0.750030398368835,198.704299926758,-86.1529,27.8293,53.9324858785091,63,63,63,63,61,63,0.1869,7593,1.05158142133981,28,-86,0.001869,51,2026-03-21 15:45:17.001675,30,1.037,0.0011,"aoml_navis",1025.00637412062
"7901009",105,0.177732314595167,5,0.170079,1,0.147651,1,206.029918969064,1,4.87797234083074,32,1,23.4689998626709,36.4249992370605,0.170078992843628,0.750030398368835,198.672698974609,-86.1529,27.8293,53.9324858785091,63,63,63,63,61,63,0.1869,7593,1.05158142133981,28,-86,0.001869,51,2026-03-21 15:45:17.001675,32,1.037,0.0011,"aoml_navis",1025.01606213464
"7901009",105,0.177732314595167,5,0.170079,1,0.147651,1,205.95847428435,1,4.87793124443406,34,1,23.4689998626709,36.4249992370605,0.170078992843628,0.750030398368835,198.603805541992,-86.1529,27.8293,53.9324858785091,63,63,63,63,61,63,0.1869,7593,1.05158142133981,28,-86,0.001869,51,2026-03-21 15:45:17.001675,34,1.037,0.0011,"aoml_navis",1025.02469785839
"7901009",105,0.177732314595167,5,0.171948,1,0.14952,1,205.97557986667,1,4.87789015040172,36,1,23.4689998626709,36.4249992370605,0.171948000788689,0.750030398368835,198.620300292969,-86.1529,27.8293,53.9324858785091,63,63,63,63,61,63,0.1869,7593,1.05158142133981,28,-86,0.001869,51,2026-03-21 15:45:17.001675,36,1.037,0.0011,"aoml_navis",1025.03333323081
"7901009",105,0.177732314595167,5,0.183162,1,0.160734,1,205.928915331737,1,4.87784405272911,38,1,23.4680004119873,36.4259986877441,0.183162003755569,0.750030398368835,198.575302124023,-86.1529,27.8293,53.9324858785091,63,63,63,63,61,63,0.1869,7593,1.05158142133981,28,-86,0.001869,51,2026-03-21 15:45:17.001675,38,1.037,0.0011,"aoml_navis",1025.04302022582
"7901009",105,0.177732314595167,5,0.1869,1,0.164472,1,205.862439336059,1,4.87780156088925,40,1,23.4669990539551,36.4259986877441,0.18690000474453,0.750030398368835,198.511199951172,-86.1529,27.8293,53.9324858785091,63,63,63,63,61,63,0.1869,7593,1.05158142133981,28,-86,0.001869,51,2026-03-21 15:45:17.001675,40,1.037,0.0011,"aoml_navis",1025.05194965096
"7901009",105,0.177732314595167,5,0.192507,1,0.170079,1,205.851647470062,1,4.87775686798926,42,1,23.4669990539551,36.4269981384277,0.19250699877739,0.750030398368835,198.500793457031,-86.1529,27.8293,53.9324858785091,63,63,63,63,61,63,0.1869,7593,1.05158142133981,28,-86,0.001869,51,2026-03-21 15:45:17.001675,42,1.037,0.0011,"aoml_navis",1025.06134178457
"7901009",105,0.177732314595167,5,0.190638,1,0.16821,1,205.795868397278,1,4.87771578348623,44,1,23.4669990539551,36.4269981384277,0.19063800573349,0.750030398368835,198.447006225586,-86.1529,27.8293,53.9324858785091,63,63,63,63,61,63,0.1869,7593,1.05158142133981,28,-86,0.001869,51,2026-03-21 15:45:17.001675,44,1.037,0.0011,"aoml_navis",1025.06997577181
"7901009",105,0.177732314595167,5,0.199983,1,0.177555,1,205.732193223128,1,4.87767330125364,46,1,23.4659996032715,36.4269981384277,0.19998300075531,0.750030398368835,198.385604858398,-86.1529,27.8293,53.9324858785091,63,63,63,63,61,63,0.1869,7593,1.05158142133981,28,-86,0.001869,51,2026-03-21 15:45:17.001675,46,1.037,0.0011,"aoml_navis",1025.07890364755
"7901009",105,0.177732314595167,5,0.196245,1,0.173817,1,205.71518258391,1,4.87763082127194,48,1,23.4650001525879,36.4269981384277,0.19624499976635,0.750030398368835,198.369201660156,-86.1529,27.8293,53.9324858785091,63,63,63,63,61,63,0.1869,7593,1.05158142133981,28,-86,0.001869,51,2026-03-21 15:45:17.001675,48,1.037,0.0011,"aoml_navis",1025.08783120575
"7901009",105,0.177732314595167,5,0.20559,1,0.183162,1,205.625587942746,1,4.87758694074042,50,1,23.4629993438721,36.4269981384277,0.20558999478817,0.750030398368835,198.282806396484,-86.1529,27.8293,53.9324858785091,63,63,63,63,61,63,0.1869,7593,1.05158142133981,28,-86,0.001869,51,2026-03-21 15:45:17.001675,50,1.037,0.0011,"aoml_navis",1025.09705326565
"7901009",105,0.177732314595167,5,0.209328,1,0.1869,1,205.536911084908,1,4.87753944595168,52,1,23.4610004425049,36.4280014038086,0.20932799577713,0.750030398368835,198.197296142578,-86.1529,27.8293,53.9324858785091,63,63,63,63,61,63,0.1869,7593,1.05158142133981,28,-86,0.001869,51,2026-03-21 15:45:17.001675,52,1.037,0.0011,"aoml_navis",1025.10703509532
"7901009",105,0.200837515492538,1,0.233625,1,0.211197,1,205.101976731849,1,4.87748580393659,54.2999992370605,1,23.4589996337891,36.4290008544922,0.233624994754791,0.750030398368835,197.777893066406,-86.1529,27.8293,53.9324858785091,63,63,63,63,61,63,0.211197,7593,1.05158142133981,28,-86,0.001869,51,2026-03-21 15:45:17.001675,54.2999992370605,1.037,0.0011,"aoml_navis",1025.1183091019
"7901009",105,0.454994725363626,1,0.500892,1,0.478464,1,203.54840691998,1,4.8770669239869,55.9000015258789,1,23.2549991607666,36.4570007324219,0.500891983509064,0.750030398368835,196.279800415039,-86.1529,27.8293,53.9324858785091,63,63,63,63,61,63,0.478464,7593,1.05158142133981,28,-86,0.001869,51,2026-03-21 15:45:17.001675,55.9000015258789,1.037,0.0011,"aoml_navis",1025.20635413233
"7901009",105,0.58651663816405,1,0.639198,1,0.61677,1,203.254921965961,1,4.87659696306231,58,1,23.0100002288818,36.4809989929199,0.639198005199432,0.750030398368835,195.996795654297,-86.1529,27.8293,53.9324858785091,63,63,63,63,61,63,0.61677,7593,1.05158142133981,28,-86,0.001869,51,2026-03-21 15:45:17.001675,58,1.037,0.0011,"aoml_navis",1025.30515395724
"7901009",105,0.609621839061421,1,0.663495,1,0.641067,1,202.845606426756,1,4.87653733314453,60,1,22.9939994812012,36.4799995422363,0.663495004177094,0.750030398368835,195.602096557617,-86.1529,27.8293,53.9324858785091,63,63,63,63,61,63,0.641067,7593,1.05158142133981,28,-86,0.001869,51,2026-03-21 15:45:17.001675,60,1.037,0.0011,"aoml_navis",1025.31769130861
"7901009",105,0.60784451591547,1,0.661626,1,0.639198,1,202.585209143996,1,4.8764865555196,62,1,22.9869995117188,36.4799995422363,0.661625981330872,0.750030398368835,195.350997924805,-86.1529,27.8293,53.9324858785091,63,63,63,63,61,63,0.639198,7593,1.05158142133981,28,-86,0.001869,51,2026-03-21 15:45:17.001675,62,1.037,0.0011,"aoml_navis",1025.3283676832
"7901009",105,0.616731131645228,1,0.670971,1,0.648543,1,202.096980062671,1,4.87644353765905,64,1,22.9829998016357,36.4790000915527,0.670970976352692,0.750030398368835,194.88020324707,-86.1529,27.8293,53.9324858785091,63,63,63,63,61,63,0.648543,7593,1.05158142133981,28,-86,0.001869,51,2026-03-21 15:45:17.001675,64,1.037,0.0011,"aoml_navis",1025.3374126834
"7901009",105,0.645168301980454,1,0.700875,1,0.678447,1,201.214040856093,1,4.87635481863904,66,1,22.9589996337891,36.4830017089844,0.700874984264374,0.750030398368835,194.028793334961,-86.1529,27.8293,53.9324858785091,63,63,63,63,61,63,0.678447,7593,1.05158142133981,28,-86,0.001869,51,2026-03-21 15:45:17.001675,66,1.037,0.0011,"aoml_navis",1025.35606738221
"7901009",105,0.675382795461633,1,0.732648,1,0.71022,1,200.313173226972,1,4.87619147287929,68,1,22.8939990997314,36.492000579834,0.732648015022278,0.750030398368835,193.160095214844,-86.1529,27.8293,53.9324858785091,63,63,63,63,61,63,0.71022,7593,1.05158142133981,28,-86,0.001869,51,2026-03-21 15:45:17.001675,68,1.037,0.0011,"aoml_navis",1025.39041541115
"7901009",105,0.698487996359004,1,0.756945,1,0.734517,1,199.304671767191,1,4.8759496512933,70,1,22.7849998474121,36.5060005187988,0.756945013999939,0.750030398368835,192.187606811523,-86.1529,27.8293,53.9324858785091,63,63,63,63,61,63,0.734517,7593,1.05158142133981,28,-86,0.001869,51,2026-03-21 15:45:17.001675,70,1.037,0.0011,"aoml_navis",1025.4412694097
"7901009",105,0.748253044445651,1,0.809277,1,0.786849,1,197.703171512355,1,4.87569678122109,72,1,22.6650009155273,36.5190010070801,0.80927699804306,0.750030398368835,190.643295288086,-86.1529,27.8293,53.9324858785091,63,63,63,63,61,63,0.786849,7593,1.05158142133981,28,-86,0.001869,51,2026-03-21 15:45:17.001675,72,1.037,0.0011,"aoml_navis",1025.49445225094
"7901009",105,0.780244861072781,1,0.842919,1,0.820491,1,196.442247990434,1,4.87537963750609,74.0999984741211,1,22.5069999694824,36.5349998474121,0.842918992042542,0.750030398368835,189.427398681641,-86.1529,27.8293,53.9324858785091,63,63,63,63,61,63,0.820491,7593,1.05158142133981,28,-86,0.001869,51,2026-03-21 15:45:17.001675,74.0999984741211,1.037,0.0011,"aoml_navis",1025.56116072177
"7901009",105,0.741143751861844,1,0.801801,1,0.779373,1,196.456046388013,1,4.87516007077794,76,1,22.4169998168945,36.5509986877441,0.801801025867462,0.750030398368835,189.440704345703,-86.1529,27.8293,53.9324858785091,63,63,63,63,61,63,0.779373,7593,1.05158142133981,28,-86,0.001869,51,2026-03-21 15:45:17.001675,76,1.037,0.0011,"aoml_navis",1025.60734979152
"7901009",105,0.693156026921149,1,0.751338,1,0.72891,1,196.110706676117,1,4.87494986617194,78,1,22.2900009155273,36.5499992370605,0.751338005065918,0.702042698860168,189.107696533203,-86.1529,27.8293,53.9324858785091,63,63,63,63,61,63,0.72891,7593,1.05158142133981,28,-86,0.001869,51,2026-03-21 15:45:17.001675,78,1.037,0.0011,"aoml_navis",1025.65157330044
"7901009",105,0.689601380629246,1,0.7476,1,0.725172,1,192.365359516632,1,4.87473035141685,80,1,22.1529998779297,36.5480003356934,0.747600018978119,0.698488056659698,185.49609375,-86.1529,27.8293,53.9324858785091,63,63,63,63,61,63,0.725172,7593,1.05158142133981,28,-86,0.001869,51,2026-03-21 15:45:17.001675,80,1.037,0.0011,"aoml_navis",1025.697759579
"7901009",105,0.680714764899488,1,0.738255,1,0.715827,1,190.888535379374,1,4.87456098832885,82,1,22.0499992370605,36.5449981689453,0.738255023956299,0.689601361751556,184.072006225586,-86.1529,27.8293,53.9324858785091,63,63,63,63,61,63,0.715827,7593,1.05158142133981,28,-86,0.001869,51,2026-03-21 15:45:17.001675,82,1.037,0.0011,"aoml_navis",1025.73339670413
"7901009",105,0.638059009396648,1,0.693399,1,0.670971,1,192.063377154929,1,4.87440276841357,84,1,21.9549999237061,36.5419998168945,0.693399012088776,0.646945655345917,185.204895019531,-86.1529,27.8293,53.9324858785091,63,63,63,63,61,63,0.670971,7593,1.05158142133981,28,-86,0.001869,51,2026-03-21 15:45:17.001675,84,1.037,0.0011,"aoml_navis",1025.7666913371
"7901009",105,0.606067192769518,1,0.659757,1,0.637329,1,191.054037031075,1,4.87426625209382,86,1,21.8840007781982,36.5419998168945,0.659757018089294,0.614953875541687,184.231597900391,-86.1529,27.8293,53.9324858785091,63,63,63,63,61,63,0.637329,7593,1.05158142133981,28,-86,0.001869,51,2026-03-21 15:45:17.001675,86,1.037,0.0011,"aoml_navis",1025.79542056246
"7901009",105,0.591848607601904,1,0.644805,1,0.622377,1,189.101927722148,1,4.8741753717493,88,1,21.8549995422363,36.5449981689453,0.644805014133453,0.600735247135162,182.349197387695,-86.1529,27.8293,53.9324858785091,63,63,63,63,61,63,0.622377,7593,1.05158142133981,28,-86,0.001869,51,2026-03-21 15:45:17.001675,88,1.037,0.0011,"aoml_navis",1025.81454680108
"7901009",105,0.545638205807161,1,0.596211,1,0.573783,1,188.950113701074,1,4.87402279121793,90,1,21.7880001068115,36.5509986877441,0.596211016178131,0.554524898529053,182.20280456543,-86.1529,27.8293,53.9324858785091,63,63,63,63,61,63,0.573783,7593,1.05158142133981,28,-86,0.001869,51,2026-03-21 15:45:17.001675,90,1.037,0.0011,"aoml_navis",1025.84665976718
"7901009",105,0.492318511428611,1,0.540141,1,0.517713,1,190.178376795697,1,4.87382740785483,92,1,21.67799949646,36.5530014038086,0.540140986442566,0.501205146312714,183.38720703125,-86.1529,27.8293,53.9324858785091,63,63,63,63,61,63,0.517713,7593,1.05158142133981,28,-86,0.001869,51,2026-03-21 15:45:17.001675,92,1.037,0.0011,"aoml_navis",1025.88778419643
"7901009",105,0.39456573840127,1,0.437346,1,0.414918,1,190.92472452532,1,4.87369790367981,94,1,21.6089992523193,36.5519981384277,0.437346011400223,0.4034523665905,184.106903076172,-86.1529,27.8293,53.9324858785091,63,63,63,63,61,63,0.414918,7593,1.05158142133981,28,-86,0.001869,51,2026-03-21 15:45:17.001675,94,1.037,0.0011,"aoml_navis",1025.91504414437
"7901009",105,0.302144934811783,1,0.340158,1,0.31773,1,190.350207987572,1,4.87358791456727,96,1,21.5599994659424,36.5530014038086,0.340157985687256,0.311031579971313,183.55290222168,-86.1529,27.8293,53.9324858785091,63,63,63,63,61,63,0.31773,7593,1.05158142133981,28,-86,0.001869,51,2026-03-21 15:45:17.001675,96,1.037,0.0011,"aoml_navis",1025.93819741199
"7901009",105,0.250602563579185,1,0.285957,1,0.263529,1,191.254082148276,1,4.87349137209116,98,1,21.5020008087158,36.5470008850098,0.285957008600235,0.259489178657532,184.424499511719,-86.1529,27.8293,53.9324858785091,63,63,63,63,61,63,0.263529,7593,1.05158142133981,28,-86,0.001869,51,2026-03-21 15:45:17.001675,98,1.037,0.0011,"aoml_navis",1025.95852095549
"7901009",105,0.227497362681813,1,0.26166,1,0.239232,1,190.087215593341,1,4.87341328518348,100,1,21.4659996032715,36.5439987182617,0.261660009622574,0.236383989453316,183.299301147461,-86.1529,27.8293,53.9324858785091,63,63,63,63,61,63,0.239232,7593,1.05158142133981,28,-86,0.001869,51,2026-03-21 15:45:17.001675,100,1.037,0.0011,"aoml_navis",1025.97495993237
"7901009",105,0.177732314595167,1,0.209328,1,0.1869,1,188.309216110751,1,4.87332643786632,102,1,21.4370002746582,36.5460014343262,0.20932799577713,0.186618939042091,181.58479309082,-86.1529,27.8293,53.9324858785091,63,63,63,63,61,63,0.1869,7593,1.05158142133981,28,-86,0.001869,51,2026-03-21 15:45:17.001675,102,1.037,0.0011,"aoml_navis",1025.99324378302
"7901009",105,0.147517821113988,1,0.177555,1,0.155127,1,186.246877859694,1,4.87323158942817,104,1,21.3910007476807,36.5439987182617,0.177554994821548,0.156404435634613,179.596099853516,-86.1529,27.8293,53.9324858785091,63,63,63,63,61,63,0.155127,7593,1.05158142133981,28,-86,0.001869,51,2026-03-21 15:45:17.001675,104,1.037,0.0011,"aoml_navis",1026.01321284358
"7901009",105,0.209724131222296,1,0.24297,1,0.220542,1,186.613263292668,1,4.87310579353451,106,1,21.3269996643066,36.5439987182617,0.242970004677773,0.218610763549805,179.949401855469,-86.1529,27.8293,53.9324858785091,63,63,63,63,61,63,0.220542,7593,1.05158142133981,28,-86,0.001869,51,2026-03-21 15:45:17.001675,106,1.037,0.0011,"aoml_navis",1026.03969867304
"7901009",105,0.232829332119668,1,0.267267,1,0.244839,1,191.023449528184,1,4.87299490073111,108,1,21.2549991607666,36.5369987487793,0.267266988754272,0.241715967655182,184.202102661133,-86.1529,27.8293,53.9324858785091,63,63,63,63,61,63,0.244839,7593,1.05158142133981,28,-86,0.001869,51,2026-03-21 15:45:17.001675,108,1.037,0.0011,"aoml_navis",1026.06304784966
"7901009",105,0.222165393243958,1,0.256053,1,0.233625,1,189.548065361316,1,4.87279977697774,110,1,21.1049995422363,36.5250015258789,0.256053000688553,0.231052026152611,182.779403686523,-86.1529,27.8293,53.9324858785091,63,63,63,63,61,63,0.233625,7593,1.05158142133981,28,-86,0.001869,51,2026-03-21 15:45:17.001675,110,1.037,0.0011,"aoml_navis",1026.10413496225
"7901009",105,0.190173576616828,1,0.222411,1,0.199983,1,177.163623761383,1,4.87270139048166,112,1,21.132999420166,36.5509986877441,0.222411006689072,0.199060201644897,170.837203979492,-86.1529,27.8293,53.9324858785091,63,63,63,63,61,63,0.199983,7593,1.05158142133981,28,-86,0.001869,51,2026-03-21 15:45:17.001675,112,1.037,0.0011,"aoml_navis",1026.12485340616
"7901009",105,0.131521912800423,1,0.160734,1,0.138306,1,171.695138408767,1,4.87253113705114,114,1,21.0869998931885,36.5699996948242,0.160733997821808,0.140408530831337,165.563995361328,-86.1529,27.8293,53.9324858785091,63,63,63,63,61,63,0.138306,7593,1.05158142133981,28,-86,0.001869,51,2026-03-21 15:45:17.001675,114,1.037,0.0011,"aoml_navis",1026.16070772326
"7901009",105,0.0870888341516316,1,0.114009,1,0.091581,1,164.462879215103,1,4.87231134518859,116,1,20.8980007171631,36.5509986877441,0.114009000360966,0.0959754586219788,158.589996337891,-86.1529,27.8293,53.9324858785091,63,63,63,63,61,63,0.091581,7593,1.05158142133981,28,-86,0.001869,51,2026-03-21 15:45:17.001675,116,1.037,0.0011,"aoml_navis",1026.20699823247
"7901009",105,0.0888661572975833,1,0.115878,1,0.09345,1,154.159764486751,1,4.8720043271431,118,1,20.8910007476807,36.6220016479492,0.115878000855446,0.0977527797222137,148.654800415039,-86.1529,27.8293,53.9324858785091,63,63,63,63,61,63,0.09345,7593,1.05158142133981,28,-86,0.001869,51,2026-03-21 15:45:17.001675,118,1.037,0.0011,"aoml_navis",1026.27166649746
"7901009",105,0.0799795415678249,1,0.106533,1,0.084105,1,150.452473687562,1,4.87183561695287,120,1,20.8929996490479,36.6580009460449,0.106532998383045,0.0888661593198776,145.079895019531,-86.1529,27.8293,53.9324858785091,63,63,63,63,61,63,0.084105,7593,1.05158142133981,28,-86,0.001869,51,2026-03-21 15:45:17.001675,120,1.037,0.0011,"aoml_navis",1026.3072059741
"7901009",105,0.0728702489840183,1,0.099057,1,0.076629,1,148.256772025037,1,4.87171803432496,122,1,20.8759994506836,36.6730003356934,0.0990569964051247,0.0817568674683571,142.962600708008,-86.1529,27.8293,53.9324858785091,63,63,63,63,61,63,0.076629,7593,1.05158142133981,28,-86,0.001869,51,2026-03-21 15:45:17.001675,122,1.037,0.0011,"aoml_navis",1026.33197668075
"7901009",105,0.0693156026921149,1,0.095319,1,0.072891,1,146.43812107068,1,4.87161433144391,124,1,20.8530006408691,36.681999206543,0.095319002866745,0.0782022178173065,141.208892822266,-86.1529,27.8293,53.9324858785091,63,63,63,63,61,63,0.072891,7593,1.05158142133981,28,-86,0.001869,51,2026-03-21 15:45:17.001675,124,1.037,0.0011,"aoml_navis",1026.35382438372
"7901009",105,0.0657609564002116,1,0.091581,1,0.069153,1,144.870958571288,1,4.87145332812443,126,1,20.7859992980957,36.6910018920898,0.0915810018777847,0.0746475756168365,139.697692871094,-86.1529,27.8293,53.9324858785091,63,63,63,63,61,63,0.069153,7593,1.05158142133981,28,-86,0.001869,51,2026-03-21 15:45:17.001675,126,1.037,0.0011,"aoml_navis",1026.38774575411
"7901009",105,0.0462104017947433,1,0.071022,1,0.048594,1,144.229048254538,1,4.87117107001061,128,1,20.617000579834,36.6969985961914,0.0710219964385033,0.0550970211625099,139.078704833984,-86.1529,27.8293,53.9324858785091,63,63,63,63,61,63,0.048594,7593,1.05158142133981,28,-86,0.001869,51,2026-03-21 15:45:17.001675,128,1.037,0.0011,"aoml_navis",1026.447219393
"7901009",105,0.047987724940695,1,0.072891,1,0.050463,1,143.668947244537,1,4.87096777615854,130,1,20.5,36.7000007629395,0.0728909969329834,0.0568743422627449,138.538604736328,-86.1529,27.8293,53.9324858785091,63,63,63,63,61,63,0.050463,7593,1.05158142133981,28,-86,0.001869,51,2026-03-21 15:45:17.001675,130,1.037,0.0011,"aoml_navis",1026.49005901312
"7901009",105,0.0408784323568883,1,0.065415,1,0.042987,1,142.66312001548,1,4.87080319178799,132,1,20.3929996490479,36.6959991455078,0.0654150024056435,0.0497650504112244,137.568695068359,-86.1529,27.8293,53.9324858785091,63,63,63,63,61,63,0.042987,7593,1.05158142133981,28,-86,0.001869,51,2026-03-21 15:45:17.001675,132,1.037,0.0011,"aoml_navis",1026.52474409761
"7901009",105,0.037323786064985,1,0.061677,1,0.039249,1,142.302035572401,1,4.87063955671616,134,1,20.2609996795654,36.6829986572266,0.0616770014166832,0.0462104044854641,137.220504760742,-86.1529,27.8293,53.9324858785091,63,63,63,63,61,63,0.039249,7593,1.05158142133981,28,-86,0.001869,51,2026-03-21 15:45:17.001675,134,1.037,0.0011,"aoml_navis",1026.55923144743
"7901009",105,0.026659847189275,1,0.050463,1,0.028035,1,143.537340280468,1,4.87040547221515,136,1,20.0590000152588,36.6650009155273,0.0504629984498024,0.0355464667081833,138.411697387695,-86.1529,27.8293,53.9324858785091,63,63,63,63,61,63,0.028035,7593,1.05158142133981,28,-86,0.001869,51,2026-03-21 15:45:17.001675,136,1.037,0.0011,"aoml_navis",1026.60857058497
"7901009",105,0.0177732314595166,1,0.041118,1,0.01869,1,144.058245612941,1,4.87020593647118,138,1,19.9230003356934,36.6609992980957,0.041117999702692,0.0266598481684923,138.914001464844,-86.1529,27.8293,53.9324858785091,63,63,63,63,61,63,0.01869,7593,1.05158142133981,28,-86,0.001869,51,2026-03-21 15:45:17.001675,138,1.037,0.0011,"aoml_navis",1026.65063145623
"7901009",105,0.015995908313565,1,0.039249,1,0.016821,1,143.353372195309,1,4.87014277611038,140,1,19.8799991607666,36.6520004272461,0.0392489992082119,0.0248825252056122,138.234298706055,-86.1529,27.8293,53.9324858785091,63,63,63,63,61,63,0.016821,7593,1.05158142133981,28,-86,0.001869,51,2026-03-21 15:45:17.001675,140,1.037,0.0011,"aoml_navis",1026.66394597846
"7901009",105,0.015995908313565,1,0.039249,1,0.016821,1,142.81515557046,1,4.87004775881986,142,1,19.8059997558594,36.640998840332,0.0392489992082119,0.0248825252056122,137.715301513672,-86.1529,27.8293,53.9324858785091,63,63,63,63,61,63,0.016821,7593,1.05158142133981,28,-86,0.001869,51,2026-03-21 15:45:17.001675,142,1.037,0.0011,"aoml_navis",1026.68397675255
"7901009",105,0.0231052008973716,1,0.046725,1,0.024297,1,142.187644957606,1,4.86992648389942,144,1,19.6879997253418,36.6220016479492,0.0467250011861324,0.031991820782423,137.110198974609,-86.1529,27.8293,53.9324858785091,63,63,63,63,61,63,0.024297,7593,1.05158142133981,28,-86,0.001869,51,2026-03-21 15:45:17.001675,144,1.037,0.0011,"aoml_navis",1026.70954408257
"7901009",105,0.026659847189275,1,0.050463,1,0.028035,1,142.806135975712,1,4.86980563593727,146,1,19.5669994354248,36.6020011901855,0.0504629984498024,0.0355464667081833,137.706604003906,-86.1529,27.8293,53.9324858785091,63,63,63,63,61,63,0.028035,7593,1.05158142133981,28,-86,0.001869,51,2026-03-21 15:45:17.001675,146,1.037,0.0011,"aoml_navis",1026.73502266742
"7901009",105,0.0142185851676133,1,0.03738,1,0.014952,1,143.840572726356,1,4.86966644034135,148,1,19.4829998016357,36.5999984741211,0.0373799987137318,0.023105202242732,138.7041015625,-86.1529,27.8293,53.9324858785091,63,63,63,63,61,63,0.014952,7593,1.05158142133981,28,-86,0.001869,51,2026-03-21 15:45:17.001675,148,1.037,0.0011,"aoml_navis",1026.76437108278
"7901009",105,0.0177732314595166,1,0.041118,1,0.01869,1,143.349542823504,1,4.86958078145682,150,1,19.4330005645752,36.5950012207031,0.041117999702692,0.0266598481684923,138.230606079102,-86.1529,27.8293,53.9324858785091,63,63,63,63,61,63,0.01869,7593,1.05158142133981,28,-86,0.001869,51,2026-03-21 15:45:17.001675,150,1.037,0.0011,"aoml_navis",1026.78243249189
"7901009",105,0.0124412620216617,1,0.035511,1,0.013083,1,143.114954240804,1,4.86946192480464,152,1,19.3330001831055,36.5820007324219,0.0355109982192516,0.0213278792798519,138.00439453125,-86.1529,27.8293,53.9324858785091,63,63,63,63,61,63,0.013083,7593,1.05158142133981,28,-86,0.001869,51,2026-03-21 15:45:17.001675,152,1.037,0.0011,"aoml_navis",1026.8074947933
"7901009",105,0.015995908313565,1,0.039249,1,0.016821,1,143.099304452723,1,4.86938866720978,154,1,19.2840003967285,36.5740013122559,0.0392489992082119,0.0248825252056122,137.989303588867,-86.1529,27.8293,53.9324858785091,63,63,63,63,61,63,0.016821,7593,1.05158142133981,28,-86,0.001869,51,2026-03-21 15:45:17.001675,154,1.037,0.0011,"aoml_navis",1026.8229426149
"7901009",105,0.015995908313565,1,0.039249,1,0.016821,1,143.184436768064,1,4.86930815946389,156,1,19.2320003509521,36.5670013427734,0.0392489992082119,0.0248825252056122,138.071395874023,-86.1529,27.8293,53.9324858785091,63,63,63,63,61,63,0.016821,7593,1.05158142133981,28,-86,0.001869,51,2026-03-21 15:45:17.001675,156,1.037,0.0011,"aoml_navis",1026.83991981122
"7901009",105,0.0142185851676133,1,0.03738,1,0.014952,1,143.199896669939,1,4.86923528134096,158,1,19.1889991760254,36.5610008239746,0.0373799987137318,0.023105202242732,138.086303710938,-86.1529,27.8293,53.9324858785091,63,63,63,63,61,63,0.014952,7593,1.05158142133981,28,-86,0.001869,51,2026-03-21 15:45:17.001675,158,1.037,0.0011,"aoml_navis",1026.85528858302
"7901009",105,0.01066393887571,1,0.033642,1,0.011214,1,143.335855192878,1,4.86912989997713,160,1,19.1049995422363,36.5499992370605,0.0336420014500618,0.0195505544543266,138.217407226562,-86.1529,27.8293,53.9324858785091,63,63,63,63,61,63,0.011214,7593,1.05158142133981,28,-86,0.001869,51,2026-03-21 15:45:17.001675,160,1.037,0.0011,"aoml_navis",1026.87751255588
"7901009",105,0.00888661572975832,1,0.031773,1,0.009345,1,143.384798362274,1,4.86901007260625,162,1,19.011999130249,36.5400009155273,0.0317730009555817,0.0177732333540916,138.264602661133,-86.1529,27.8293,53.9324858785091,63,63,63,63,61,63,0.009345,7593,1.05158142133981,28,-86,0.001869,51,2026-03-21 15:45:17.001675,162,1.037,0.0011,"aoml_navis",1026.90278422933
"7901009",105,0.00710929258380666,1,0.029904,1,0.007476,1,143.258270854194,1,4.86893004287614,164,1,18.9570007324219,36.5320014953613,0.0299040004611015,0.0159959103912115,138.142593383789,-86.1529,27.8293,53.9324858785091,63,63,63,63,61,63,0.007476,7593,1.05158142133981,28,-86,0.001869,51,2026-03-21 15:45:17.001675,164,1.037,0.0011,"aoml_navis",1026.91966324627
"7901009",105,0.005331969437855,1,0.028035,1,0.005607,1,143.119115913468,1,4.86887235645864,166,1,18.9260005950928,36.5260009765625,0.0280349999666214,0.0142185855656862,138.008407592773,-86.1529,27.8293,53.9324858785091,63,63,63,63,61,63,0.005607,7593,1.05158142133981,28,-86,0.001869,51,2026-03-21 15:45:17.001675,166,1.037,0.0011,"aoml_navis",1026.9318301942
"7901009",105,0.00355464629190333,1,0.026166,1,0.003738,1,142.68313718628,1,4.86878131659862,168,1,18.8530006408691,36.5149993896484,0.0261659994721413,0.0124412626028061,137.587997436523,-86.1529,27.8293,53.9324858785091,63,63,63,63,61,63,0.003738,7593,1.05158142133981,28,-86,0.001869,51,2026-03-21 15:45:17.001675,168,1.037,0.0011,"aoml_navis",1026.95103247994
"7901009",105,0.00710929258380666,1,0.029904,1,0.007476,1,142.105313463792,1,4.86863151348021,170,1,18.7049999237061,36.4949989318848,0.0299040004611015,0.0159959103912115,137.030807495117,-86.1529,27.8293,53.9324858785091,63,63,63,63,61,63,0.007476,7593,1.05158142133981,28,-86,0.001869,51,2026-03-21 15:45:17.001675,170,1.037,0.0011,"aoml_navis",1026.98263077747
"7901009",105,0.00177732314595166,1,0.024297,1,0.001869,1,141.175504012225,1,4.86844855906368,172,1,18.507999420166,36.4679985046387,0.0242970008403063,0.010663939639926,136.134201049805,-86.1529,27.8293,53.9324858785091,63,63,63,63,61,63,0.001869,7593,1.05158142133981,28,-86,0.001869,51,2026-03-21 15:45:17.001675,172,1.037,0.0011,"aoml_navis",1027.02122438809
"7901009",105,0.00355464629190333,1,0.026166,1,0.003738,1,140.39524577112,1,4.86835631501544,174,1,18.4209995269775,36.4529991149902,0.0261659994721413,0.0124412626028061,135.381805419922,-86.1529,27.8293,53.9324858785091,63,63,63,63,61,63,0.003738,7593,1.05158142133981,28,-86,0.001869,51,2026-03-21 15:45:17.001675,174,1.037,0.0011,"aoml_navis",1027.04068405563
"7901009",105,0.00355464629190333,1,0.026166,1,0.003738,1,140.451752741024,1,4.86821149788524,176,1,18.2779998779297,36.4339981079102,0.0261659994721413,0.0124412626028061,135.436294555664,-86.1529,27.8293,53.9324858785091,63,63,63,63,61,63,0.003738,7593,1.05158142133981,28,-86,0.001869,51,2026-03-21 15:45:17.001675,176,1.037,0.0011,"aoml_navis",1027.07123595021
"7901009",105,-0.005331969437855,1,0.016821,1,-0.005607,1,140.714950845311,1,4.86808771061046,178,1,18.1639995574951,36.4189987182617,0.0168210007250309,0.00355464639142156,135.690093994141,-86.1529,27.8293,53.9324858785091,63,63,63,63,61,63,-0.005607,7593,1.05158142133981,28,-86,0.001869,51,2026-03-21 15:45:17.001675,178,1.037,0.0011,"aoml_navis",1027.0973526426
"7901009",105,0,1,0.022428,1,0,1,140.776964515166,1,4.86802852312998,180,1,18.1340007781982,36.4140014648438,0.0224280003458261,0.00888661667704582,135.749893188477,-86.1529,27.8293,53.9324858785091,63,63,63,63,61,63,0,7593,1.05158142133981,28,-86,0.001869,51,2026-03-21 15:45:17.001675,180,1.037,0.0011,"aoml_navis",1027.10984051202
"7901009",105,0,1,0.022428,1,0,1,140.859723252942,1,4.86796941984179,182,1,18.1009998321533,36.4080009460449,0.0224280003458261,0.00888661667704582,135.829696655273,-86.1529,27.8293,53.9324858785091,63,63,63,63,61,63,0,7593,1.05158142133981,28,-86,0.001869,51,2026-03-21 15:45:17.001675,182,1.037,0.0011,"aoml_navis",1027.12231092086
"7901009",105,0,1,0.022428,1,0,1,141.347540914155,1,4.86785364501814,184,1,17.9899997711182,36.3919982910156,0.0224280003458261,0.00888661667704582,136.300094604492,-86.1529,27.8293,53.9324858785091,63,63,63,63,61,63,0,7593,1.05158142133981,28,-86,0.001869,51,2026-03-21 15:45:17.001675,184,1.037,0.0011,"aoml_navis",1027.14673953213
"7901009",105,-0.00177732314595166,1,0.020559,1,-0.001869,1,141.85029629018,1,4.86775225195109,186,1,17.9060001373291,36.3810005187988,0.020558999851346,0.00710929278284311,136.784896850586,-86.1529,27.8293,53.9324858785091,63,63,63,63,61,63,-0.001869,7593,1.05158142133981,28,-86,0.001869,51,2026-03-21 15:45:17.001675,186,1.037,0.0011,"aoml_navis",1027.16813453189
"7901009",105,0,1,0.022428,1,0,1,142.418594054706,1,4.86769567547389,188,1,17.8810005187988,36.3769989013672,0.0224280003458261,0.00888661667704582,137.332901000977,-86.1529,27.8293,53.9324858785091,63,63,63,63,61,63,0,7593,1.05158142133981,28,-86,0.001869,51,2026-03-21 15:45:17.001675,188,1.037,0.0011,"aoml_navis",1027.18007314893
"7901009",105,-0.00355464629190333,1,0.01869,1,-0.003738,1,143.456037336932,1,4.86758967681133,190,1,17.8020000457764,36.3689994812012,0.0186899993568659,0.00533196981996298,138.333297729492,-86.1529,27.8293,53.9324858785091,63,63,63,63,61,63,-0.003738,7593,1.05158142133981,28,-86,0.001869,51,2026-03-21 15:45:17.001675,190,1.037,0.0011,"aoml_navis",1027.20244145053
"7901009",105,-0.00355464629190333,1,0.01869,1,-0.003738,1,144.280175115294,1,4.86750753303855,192,1,17.7430000305176,36.3610000610352,0.0186899993568659,0.00533196981996298,139.128005981445,-86.1529,27.8293,53.9324858785091,63,63,63,63,61,63,-0.003738,7593,1.05158142133981,28,-86,0.001869,51,2026-03-21 15:45:17.001675,192,1.037,0.0011,"aoml_navis",1027.21977645893
"7901009",105,-0.00177732314595166,1,0.020559,1,-0.001869,1,144.542012368443,1,4.86742652118194,194,1,17.6909999847412,36.3549995422363,0.020558999851346,0.00710929278284311,139.380493164062,-86.1529,27.8293,53.9324858785091,63,63,63,63,61,63,-0.001869,7593,1.05158142133981,28,-86,0.001869,51,2026-03-21 15:45:17.001675,194,1.037,0.0011,"aoml_navis",1027.23687316925
"7901009",105,-0.00355464629190333,1,0.01869,1,-0.003738,1,145.300085571238,1,4.86733767390592,196,1,17.6229991912842,36.3460006713867,0.0186899993568659,0.00533196981996298,140.11149597168,-86.1529,27.8293,53.9324858785091,63,63,63,63,61,63,-0.003738,7593,1.05158142133981,28,-86,0.001869,51,2026-03-21 15:45:17.001675,196,1.037,0.0011,"aoml_navis",1027.25562411774
"7901009",105,-0.00177732314595166,1,0.020559,1,-0.001869,1,145.93588788172,1,4.86726405459791,198,1,17.5739994049072,36.3390007019043,0.020558999851346,0.00710929278284311,140.724594116211,-86.1529,27.8293,53.9324858785091,63,63,63,63,61,63,-0.001869,7593,1.05158142133981,28,-86,0.001869,51,2026-03-21 15:45:17.001675,198,1.037,0.0011,"aoml_navis",1027.27116176833
"7901009",105,-0.00355464629190333,1,0.01869,1,-0.003738,1,146.139572484521,1,4.86721214513142,200,1,17.5620002746582,36.3380012512207,0.0186899993568659,0.00533196981996298,140.921005249023,-86.1529,27.8293,53.9324858785091,63,63,63,63,61,63,-0.003738,7593,1.05158142133981,28,-86,0.001869,51,2026-03-21 15:45:17.001675,200,1.037,0.0011,"aoml_navis",1027.28211775223
"7901009",105,-0.00355464629190333,1,0.01869,1,-0.003738,1,145.240556245901,1,4.86715834195462,202,1,17.5359992980957,36.3330001831055,0.0186899993568659,0.00533196981996298,140.054092407227,-86.1529,27.8293,53.9324858785091,63,63,63,63,61,63,-0.003738,7593,1.05158142133981,28,-86,0.001869,51,2026-03-21 15:45:17.001675,202,1.037,0.0011,"aoml_navis",1027.29347366826
"7901009",105,-0.00355464629190333,1,0.01869,1,-0.003738,1,142.829460331254,1,4.86711839330726,204,1,17.5279998779297,36.3300018310547,0.0186899993568659,0.00533196981996298,137.729095458984,-86.1529,27.8293,53.9324858785091,63,63,63,63,61,63,-0.003738,7593,1.05158142133981,28,-86,0.001869,51,2026-03-21 15:45:17.001675,204,1.037,0.0011,"aoml_navis",1027.3019055537
"7901009",105,-0.005331969437855,1,0.016821,1,-0.005607,1,140.096681361111,1,4.86700227828136,206,1,17.3990001678467,36.3089981079102,0.0168210007250309,0.00355464639142156,135.093902587891,-86.1529,27.8293,53.9324858785091,63,63,63,63,61,63,-0.005607,7593,1.05158142133981,28,-86,0.001869,51,2026-03-21 15:45:17.001675,206,1.037,0.0011,"aoml_navis",1027.32641451847
"7901009",105,-0.00355464629190333,1,0.01869,1,-0.003738,1,139.265185492297,1,4.86691909092194,208,1,17.3040008544922,36.2900009155273,0.0186899993568659,0.00533196981996298,134.292098999023,-86.1529,27.8293,53.9324858785091,63,63,63,63,61,63,-0.003738,7593,1.05158142133981,28,-86,0.001869,51,2026-03-21 15:45:17.001675,208,1.037,0.0011,"aoml_navis",1027.34397399913
"7901009",105,0,1,0.022428,1,0,1,138.079140430635,1,4.86686642027218,210,1,17.2849998474121,36.2869987487793,0.0224280003458261,0.00888661667704582,133.148406982422,-86.1529,27.8293,53.9324858785091,63,63,63,63,61,63,0,7593,1.05158142133981,28,-86,0.001869,51,2026-03-21 15:45:17.001675,210,1.037,0.0011,"aoml_navis",1027.35509221565
"7901009",105,-0.00355464629190333,1,0.01869,1,-0.003738,1,135.971166194922,1,4.86681593978119,212,1,17.246000289917,36.2770004272461,0.0186899993568659,0.00533196981996298,131.115707397461,-86.1529,27.8293,53.9324858785091,63,63,63,63,61,63,-0.003738,7593,1.05158142133981,28,-86,0.001869,51,2026-03-21 15:45:17.001675,212,1.037,0.0011,"aoml_navis",1027.3657483387
"7901009",105,-0.00355464629190333,1,0.01869,1,-0.003738,1,134.672581908965,1,4.86670476434979,214,1,17.1200008392334,36.2560005187988,0.0186899993568659,0.00533196981996298,129.863494873047,-86.1529,27.8293,53.9324858785091,63,63,63,63,61,63,-0.003738,7593,1.05158142133981,28,-86,0.001869,51,2026-03-21 15:45:17.001675,214,1.037,0.0011,"aoml_navis",1027.38921757215
"7901009",105,-0.00177732314595166,1,0.020559,1,-0.001869,1,134.231128129527,1,4.86660115075884,216,1,17,36.2350006103516,0.020558999851346,0.00710929278284311,129.437805175781,-86.1529,27.8293,53.9324858785091,63,63,63,63,61,63,-0.001869,7593,1.05158142133981,28,-86,0.001869,51,2026-03-21 15:45:17.001675,216,1.037,0.0011,"aoml_navis",1027.41109145966
"7901009",105,-0.00177732314595166,1,0.020559,1,-0.001869,1,133.835389453995,1,4.8665063316575,218,1,16.9029998779297,36.2190017700195,0.020558999851346,0.00710929278284311,129.056198120117,-86.1529,27.8293,53.9324858785091,63,63,63,63,61,63,-0.001869,7593,1.05158142133981,28,-86,0.001869,51,2026-03-21 15:45:17.001675,218,1.037,0.0011,"aoml_navis",1027.43110955679
"7901009",105,-0.005331969437855,1,0.016821,1,-0.005607,1,133.95413162766,1,4.86637321460309,220,1,16.7530002593994,36.1969985961914,0.0168210007250309,0.00355464639142156,129.170700073242,-86.1529,27.8293,53.9324858785091,63,63,63,63,61,63,-0.005607,7593,1.05158142133981,28,-86,0.001869,51,2026-03-21 15:45:17.001675,220,1.037,0.0011,"aoml_navis",1027.45921438905
"7901009",105,0,1,0.022428,1,0,1,134.82077226829,1,4.86626462571035,222,1,16.6270008087158,36.1759986877441,0.0224280003458261,0.00888661667704582,130.006393432617,-86.1529,27.8293,53.9324858785091,63,63,63,63,61,63,0,7593,1.05158142133981,28,-86,0.001869,51,2026-03-21 15:45:17.001675,222,1.037,0.0011,"aoml_navis",1027.48214176086
"7901009",105,0,1,0.016821,1,-0.005607,1,136.476817335576,1,4.86613273497426,224,1,16.4829998016357,36.1559982299805,0.0168210007250309,0.00355464639142156,131.603302001953,-86.1529,27.8293,53.9324858785091,63,63,63,63,61,63,0,7593,1.05158142133981,28,-86,0.001869,51,2026-03-21 15:45:17.001675,224,1.037,0.0011,"aoml_navis",1027.5099904414
"7901009",105,0,1,0.016821,1,-0.005607,1,137.573172812972,1,4.86603238214848,226,1,16.3759994506836,36.1389999389648,0.0168210007250309,0.00355464639142156,132.660507202148,-86.1529,27.8293,53.9324858785091,63,63,63,63,61,63,0,7593,1.05158142133981,28,-86,0.001869,51,2026-03-21 15:45:17.001675,226,1.037,0.0011,"aoml_navis",1027.53118091507
"7901009",105,0,1,0.016821,1,-0.005607,1,137.970034981885,1,4.8659288714414,228,1,16.2689990997314,36.1230010986328,0.0168210007250309,0.00355464639142156,133.043197631836,-86.1529,27.8293,53.9324858785091,63,63,63,63,61,63,0,7593,1.05158142133981,28,-86,0.001869,51,2026-03-21 15:45:17.001675,228,1.037,0.0011,"aoml_navis",1027.55303912177
"7901009",105,0,1,0.022428,1,0,1,137.758897345529,1,4.86587103896204,230,1,16.2350006103516,36.117000579834,0.0224280003458261,0.00888661667704582,132.839599609375,-86.1529,27.8293,53.9324858785091,63,63,63,63,61,63,0,7593,1.05158142133981,28,-86,0.001869,51,2026-03-21 15:45:17.001675,230,1.037,0.0011,"aoml_navis",1027.56525192796
"7901009",105,0,1,0.01869,1,-0.003738,1,137.465523158462,1,4.86582776470418,232,1,16.2269992828369,36.1150016784668,0.0186899993568659,0.00533196981996298,132.556701660156,-86.1529,27.8293,53.9324858785091,63,63,63,63,61,63,0,7593,1.05158142133981,28,-86,0.001869,51,2026-03-21 15:45:17.001675,232,1.037,0.0011,"aoml_navis",1027.57439058347
"7901009",105,0,1,0.020559,1,-0.001869,1,137.003735731215,1,4.86577388875888,234,1,16.2029991149902,36.1110000610352,0.020558999851346,0.00710929278284311,132.111404418945,-86.1529,27.8293,53.9324858785091,63,63,63,63,61,63,0,7593,1.05158142133981,28,-86,0.001869,51,2026-03-21 15:45:17.001675,234,1.037,0.0011,"aoml_navis",1027.58576832993
"7901009",105,0,1,0.01869,1,-0.003738,1,136.389089908764,1,4.86570889957635,236,1,16.1560001373291,36.1030006408691,0.0186899993568659,0.00533196981996298,131.518707275391,-86.1529,27.8293,53.9324858785091,63,63,63,63,61,63,0,7593,1.05158142133981,28,-86,0.001869,51,2026-03-21 15:45:17.001675,236,1.037,0.0011,"aoml_navis",1027.59949335139
"7901009",105,0,1,0.022428,1,0,1,135.823592965765,1,4.86562018847048,238,1,16.068000793457,36.0890007019043,0.0224280003458261,0.00888661667704582,130.973403930664,-86.1529,27.8293,53.9324858785091,63,63,63,63,61,63,0,7593,1.05158142133981,28,-86,0.001869,51,2026-03-21 15:45:17.001675,238,1.037,0.0011,"aoml_navis",1027.61822878159
"7901009",105,0,1,0.01869,1,-0.003738,1,135.105126860609,1,4.86556736312562,240,1,16.0349998474121,36.0820007324219,0.0186899993568659,0.00533196981996298,130.28059387207,-86.1529,27.8293,53.9324858785091,63,63,63,63,61,63,0,7593,1.05158142133981,28,-86,0.001869,51,2026-03-21 15:45:17.001675,240,1.037,0.0011,"aoml_navis",1027.62938560736
"7901009",105,0,1,0.024297,1,0.001869,1,134.557368453947,1,4.86547275996883,242,1,15.9379997253418,36.0670013427734,0.0242970008403063,0.010663939639926,129.752395629883,-86.1529,27.8293,53.9324858785091,63,63,63,63,61,63,0,7593,1.05158142133981,28,-86,0.001869,51,2026-03-21 15:45:17.001675,242,1.037,0.0011,"aoml_navis",1027.64936660174
"7901009",105,0,1,0.01869,1,-0.003738,1,134.313048203229,1,4.86539621226803,244,1,15.8570003509521,36.0519981384277,0.0186899993568659,0.00533196981996298,129.516799926758,-86.1529,27.8293,53.9324858785091,63,63,63,63,61,63,0,7593,1.05158142133981,28,-86,0.001869,51,2026-03-21 15:45:17.001675,244,1.037,0.0011,"aoml_navis",1027.6655346984
"7901009",105,0,1,0.020559,1,-0.001869,1,134.169114459672,1,4.86530486571771,246,1,15.7589998245239,36.0359992980957,0.020558999851346,0.00710929278284311,129.378005981445,-86.1529,27.8293,53.9324858785091,63,63,63,63,61,63,0,7593,1.05158142133981,28,-86,0.001869,51,2026-03-21 15:45:17.001675,246,1.037,0.0011,"aoml_navis",1027.68482921418
"7901009",105,0,1,0.01869,1,-0.003738,1,134.063537729569,1,4.86519639112404,248,1,15.6350002288818,36.0169982910156,0.0186899993568659,0.00533196981996298,129.27619934082,-86.1529,27.8293,53.9324858785091,63,63,63,63,61,63,0,7593,1.05158142133981,28,-86,0.001869,51,2026-03-21 15:45:17.001675,248,1.037,0.0011,"aoml_navis",1027.70774251208
"7901009",105,0,1,0.01869,1,-0.003738,1,133.968547155407,1,4.86509652231082,250,1,15.5249996185303,36,0.0186899993568659,0.00533196981996298,129.184600830078,-86.1529,27.8293,53.9324858785091,63,63,63,63,61,63,0,7593,1.05158142133981,28,-86,0.001869,51,2026-03-21 15:45:17.001675,250,1.037,0.0011,"aoml_navis",1027.72883889775
"7901009",105,0,1,0.016821,1,-0.005607,1,133.487264744423,1,4.86503248817683,252,1,15.4709997177124,35.9900016784668,0.0168210007250309,0.00355464639142156,128.720504760742,-86.1529,27.8293,53.9324858785091,63,63,63,63,61,63,0,7593,1.05158142133981,28,-86,0.001869,51,2026-03-21 15:45:17.001675,252,1.037,0.0011,"aoml_navis",1027.74236598649
"7901009",105,0,1,0.024297,1,0.001869,1,132.652968054083,1,4.86497897927707,254,1,15.4399995803833,35.984001159668,0.0242970008403063,0.010663939639926,127.916000366211,-86.1529,27.8293,53.9324858785091,63,63,63,63,61,63,0,7593,1.05158142133981,28,-86,0.001869,51,2026-03-21 15:45:17.001675,254,1.037,0.0011,"aoml_navis",1027.75366991267
"7901009",105,0,1,0.022428,1,0,1,132.216063631644,1,4.86488137541745,256,1,15.3380002975464,35.9690017700195,0.0224280003458261,0.00888661667704582,127.494697570801,-86.1529,27.8293,53.9324858785091,63,63,63,63,61,63,0,7593,1.05158142133981,28,-86,0.001869,51,2026-03-21 15:45:17.001675,256,1.037,0.0011,"aoml_navis",1027.77428968059
"7901009",105,0,1,0.022428,1,0,1,131.885978111568,1,4.86481493032413,258,1,15.2779998779297,35.9580001831055,0.0224280003458261,0.00888661667704582,127.176399230957,-86.1529,27.8293,53.9324858785091,63,63,63,63,61,63,0,7593,1.05158142133981,28,-86,0.001869,51,2026-03-21 15:45:17.001675,258,1.037,0.0011,"aoml_navis",1027.78832732839
"7901009",105,0,1,0.022428,1,0,1,131.527480868035,1,4.86474779901777,260,1,15.2239999771118,35.9490013122559,0.0224280003458261,0.00888661667704582,126.830703735352,-86.1529,27.8293,53.9324858785091,63,63,63,63,61,63,0,7593,1.05158142133981,28,-86,0.001869,51,2026-03-21 15:45:17.001675,260,1.037,0.0011,"aoml_navis",1027.8025103397
"7901009",105,0,1,0.01869,1,-0.003738,1,131.300883329805,1,4.86469914538626,262,1,15.2040004730225,35.9449996948242,0.0186899993568659,0.00533196981996298,126.612197875977,-86.1529,27.8293,53.9324858785091,63,63,63,63,61,63,0,7593,1.05158142133981,28,-86,0.001869,51,2026-03-21 15:45:17.001675,262,1.037,0.0011,"aoml_navis",1027.8127897677
"7901009",105,0,1,0.01869,1,-0.003738,1,131.008648459969,1,4.86465156726753,264,1,15.1850004196167,35.9410018920898,0.0186899993568659,0.00533196981996298,126.33039855957,-86.1529,27.8293,53.9324858785091,63,63,63,63,61,63,0,7593,1.05158142133981,28,-86,0.001869,51,2026-03-21 15:45:17.001675,264,1.037,0.0011,"aoml_navis",1027.82284216267
"7901009",105,0,1,0.01869,1,-0.003738,1,130.715479982958,1,4.8645906656576,266,1,15.1400003433228,35.9329986572266,0.0186899993568659,0.00533196981996298,126.047698974609,-86.1529,27.8293,53.9324858785091,63,63,63,63,61,63,0,7593,1.05158142133981,28,-86,0.001869,51,2026-03-21 15:45:17.001675,266,1.037,0.0011,"aoml_navis",1027.83570985702
"7901009",105,0,1,0.01869,1,-0.003738,1,130.093365303102,1,4.8644972825269,268,1,15.0509996414185,35.9210014343262,0.0186899993568659,0.00533196981996298,125.447799682617,-86.1529,27.8293,53.9324858785091,63,63,63,63,61,63,0,7593,1.05158142133981,28,-86,0.001869,51,2026-03-21 15:45:17.001675,268,1.037,0.0011,"aoml_navis",1027.85544108737
"7901009",105,0,1,0.01869,1,-0.003738,1,129.366821122299,1,4.86441579233726,270,1,14.9659996032715,35.9070014953613,0.0186899993568659,0.00533196981996298,124.747200012207,-86.1529,27.8293,53.9324858785091,63,63,63,63,61,63,0,7593,1.05158142133981,28,-86,0.001869,51,2026-03-21 15:45:17.001675,270,1.037,0.0011,"aoml_navis",1027.87266003789
"7901009",105,0,1,0.022428,1,0,1,128.680516993153,1,4.86436733208188,272,1,14.9460000991821,35.9029998779297,0.0224280003458261,0.00888661667704582,124.085403442383,-86.1529,27.8293,53.9324858785091,63,63,63,63,61,63,0,7593,1.05158142133981,28,-86,0.001869,51,2026-03-21 15:45:17.001675,272,1.037,0.0011,"aoml_navis",1027.88290000708
"7901009",105,0,1,0.024297,1,0.001869,1,128.68186202044,1,4.86430031154644,274,1,14.8879995346069,35.8930015563965,0.0242970008403063,0.010663939639926,124.086700439453,-86.1529,27.8293,53.9324858785091,63,63,63,63,61,63,0,7593,1.05158142133981,28,-86,0.001869,51,2026-03-21 15:45:17.001675,274,1.037,0.0011,"aoml_navis",1027.89706222115
"7901009",105,0,1,0.020559,1,-0.001869,1,128.695755361122,1,4.86423995057101,276,1,14.8430004119873,35.8849983215332,0.020558999851346,0.00710929278284311,124.10009765625,-86.1529,27.8293,53.9324858785091,63,63,63,63,61,63,0,7593,1.05158142133981,28,-86,0.001869,51,2026-03-21 15:45:17.001675,276,1.037,0.0011,"aoml_navis",1027.90981752721
"7901009",105,0,1,0.01869,1,-0.003738,1,128.609270106569,1,4.86415543120731,278,1,14.7510004043579,35.8699989318848,0.0186899993568659,0.00533196981996298,124.016700744629,-86.1529,27.8293,53.9324858785091,63,63,63,63,61,63,0,7593,1.05158142133981,28,-86,0.001869,51,2026-03-21 15:45:17.001675,278,1.037,0.0011,"aoml_navis",1027.92767844571
"7901009",105,0,1,0.026166,1,0.003738,1,128.323254009954,1,4.86406868009215,280,1,14.6599998474121,35.8559989929199,0.0261659994721413,0.0124412626028061,123.740898132324,-86.1529,27.8293,53.9324858785091,63,63,63,63,61,63,0,7593,1.05158142133981,28,-86,0.001869,51,2026-03-21 15:45:17.001675,280,1.037,0.0011,"aoml_navis",1027.946011631
"7901009",105,0,1,0.026166,1,0.003738,1,127.675109096132,1,4.86400297747656,282,1,14.6129999160767,35.8489990234375,0.0261659994721413,0.0124412626028061,123.115898132324,-86.1529,27.8293,53.9324858785091,63,63,63,63,61,63,0,7593,1.05158142133981,28,-86,0.001869,51,2026-03-21 15:45:17.001675,282,1.037,0.0011,"aoml_navis",1027.95989705458
"7901009",105,0,1,0.022428,1,0,1,126.853677196196,1,4.86393990039538,284,1,14.5579996109009,35.8390007019043,0.0224280003458261,0.00888661667704582,122.323799133301,-86.1529,27.8293,53.9324858785091,63,63,63,63,61,63,0,7593,1.05158142133981,28,-86,0.001869,51,2026-03-21 15:45:17.001675,284,1.037,0.0011,"aoml_navis",1027.97322795735
"7901009",105,0,1,0.024297,1,0.001869,1,125.857091095793,1,4.86385812755106,286,1,14.4849996566772,35.8289985656738,0.0242970008403063,0.010663939639926,121.362800598145,-86.1529,27.8293,53.9324858785091,63,63,63,63,61,63,0,7593,1.05158142133981,28,-86,0.001869,51,2026-03-21 15:45:17.001675,286,1.037,0.0011,"aoml_navis",1027.99051059441
"7901009",105,0,1,0.022428,1,0,1,125.225228924068,1,4.8637864655423,288,1,14.4180002212524,35.818000793457,0.0224280003458261,0.00888661667704582,120.75350189209,-86.1529,27.8293,53.9324858785091,63,63,63,63,61,63,0,7593,1.05158142133981,28,-86,0.001869,51,2026-03-21 15:45:17.001675,288,1.037,0.0011,"aoml_navis",1028.0056567908
"7901009",105,0,1,0.026166,1,0.003738,1,124.947615292035,1,4.86372538949782,290,1,14.375,35.8110008239746,0.0261659994721413,0.0124412626028061,120.485801696777,-86.1529,27.8293,53.9324858785091,63,63,63,63,61,63,0,7593,1.05158142133981,28,-86,0.001869,51,2026-03-21 15:45:17.001675,290,1.037,0.0011,"aoml_navis",1028.01856593229
"7901009",105,0,1,0.022428,1,0,1,124.701625625096,1,4.86367269612094,292,1,14.3470001220703,35.8059997558594,0.0224280003458261,0.00888661667704582,120.248596191406,-86.1529,27.8293,53.9324858785091,63,63,63,63,61,63,0,7593,1.05158142133981,28,-86,0.001869,51,2026-03-21 15:45:17.001675,292,1.037,0.0011,"aoml_navis",1028.02970355875
"7901009",105,0,1,0.024297,1,0.001869,1,124.706815848039,1,4.86360557593821,294,1,14.2840003967285,35.7949981689453,0.0242970008403063,0.010663939639926,120.253601074219,-86.1529,27.8293,53.9324858785091,63,63,63,63,61,63,0,7593,1.05158142133981,28,-86,0.001869,51,2026-03-21 15:45:17.001675,294,1.037,0.0011,"aoml_navis",1028.0438908814
"7901009",105,0,1,0.01869,1,-0.003738,1,124.336798841389,1,4.86355296700866,296,1,14.2559995651245,35.7900009155273,0.0186899993568659,0.00533196981996298,119.896797180176,-86.1529,27.8293,53.9324858785091,63,63,63,63,61,63,0,7593,1.05158142133981,28,-86,0.001869,51,2026-03-21 15:45:17.001675,296,1.037,0.0011,"aoml_navis",1028.05501120619
"7901009",105,0,1,0.024297,1,0.001869,1,123.734701332334,1,4.86348395976248,298,1,14.1979999542236,35.7809982299805,0.0242970008403063,0.010663939639926,119.316200256348,-86.1529,27.8293,53.9324858785091,63,63,63,63,61,63,0,7593,1.05158142133981,28,-86,0.001869,51,2026-03-21 15:45:17.001675,298,1.037,0.0011,"aoml_navis",1028.06959812492
"7901009",105,0,1,0.024297,1,0.001869,1,123.09941329699,1,4.86341308636927,300,1,14.1309995651245,35.7700004577637,0.0242970008403063,0.010663939639926,118.703598022461,-86.1529,27.8293,53.9324858785091,63,63,63,63,61,63,0,7593,1.05158142133981,28,-86,0.001869,51,2026-03-21 15:45:17.001675,300,1.037,0.0011,"aoml_navis",1028.08457994521
"7901009",105,0,1,0.022428,1,0,1,122.48933265539,1,4.86332822784683,302,1,14.03600025177,35.7550010681152,0.0224280003458261,0.00888661667704582,118.115303039551,-86.1529,27.8293,53.9324858785091,63,63,63,63,61,63,0,7593,1.05158142133981,28,-86,0.001869,51,2026-03-21 15:45:17.001675,302,1.037,0.0011,"aoml_navis",1028.10251863541
"7901009",105,0,1,0.020559,1,-0.001869,1,121.861299855471,1,4.86326180009993,304,1,13.9799995422363,35.7459983825684,0.020558999851346,0.00710929278284311,117.509696960449,-86.1529,27.8293,53.9324858785091,63,63,63,63,61,63,0,7593,1.05158142133981,28,-86,0.001869,51,2026-03-21 15:45:17.001675,304,1.037,0.0011,"aoml_navis",1028.11656158368
"7901009",105,0,1,0.026166,1,0.003738,1,121.003678809589,1,4.86320294222569,306,1,13.9420003890991,35.7400016784668,0.0261659994721413,0.0124412626028061,116.68270111084,-86.1529,27.8293,53.9324858785091,63,63,63,63,61,63,0,7593,1.05158142133981,28,-86,0.001869,51,2026-03-21 15:45:17.001675,306,1.037,0.0011,"aoml_navis",1028.12900456745
"7901009",105,0,1,0.024297,1,0.001869,1,120.071282158476,1,4.86313629485429,308,1,13.8819999694824,35.7299995422363,0.0242970008403063,0.010663939639926,115.783599853516,-86.1529,27.8293,53.9324858785091,63,63,63,63,61,63,0,7593,1.05158142133981,28,-86,0.001869,51,2026-03-21 15:45:17.001675,308,1.037,0.0011,"aoml_navis",1028.14309467134
"7901009",105,0,1,0.022428,1,0,1,119.440765014039,1,4.86306121953927,310,1,13.8100004196167,35.7190017700195,0.0224280003458261,0.00888661667704582,115.175598144531,-86.1529,27.8293,53.9324858785091,63,63,63,63,61,63,0,7593,1.05158142133981,28,-86,0.001869,51,2026-03-21 15:45:17.001675,310,1.037,0.0011,"aoml_navis",1028.15896701249
"7901009",105,0,1,0.024297,1,0.001869,1,119.356249828865,1,4.862979882504,312,1,13.7279996871948,35.7070007324219,0.0242970008403063,0.010663939639926,115.094100952148,-86.1529,27.8293,53.9324858785091,63,63,63,63,61,63,0,7593,1.05158142133981,28,-86,0.001869,51,2026-03-21 15:45:17.001675,312,1.037,0.0011,"aoml_navis",1028.1761637528
"7901009",105,0,1,0.020559,1,-0.001869,1,119.134011761429,1,4.86291820329372,314,1,13.6759996414185,35.6980018615723,0.020558999851346,0.00710929278284311,114.87979888916,-86.1529,27.8293,53.9324858785091,63,63,63,63,61,63,0,7593,1.05158142133981,28,-86,0.001869,51,2026-03-21 15:45:17.001675,314,1.037,0.0011,"aoml_navis",1028.18920470705
"7901009",105,0,1,0.026166,1,0.003738,1,118.971611584414,1,4.86283053462884,316,1,13.5799999237061,35.6839981079102,0.0261659994721413,0.0124412626028061,114.723197937012,-86.1529,27.8293,53.9324858785091,63,63,63,63,61,63,0,7593,1.05158142133981,28,-86,0.001869,51,2026-03-21 15:45:17.001675,316,1.037,0.0011,"aoml_navis",1028.20774123103
"7901009",105,0,1,0.022428,1,0,1,118.831404357634,1,4.86277923308921,318,1,13.5380001068115,35.6749992370605,0.0224280003458261,0.00888661667704582,114.587997436523,-86.1529,27.8293,53.9324858785091,63,63,63,63,61,63,0,7593,1.05158142133981,28,-86,0.001869,51,2026-03-21 15:45:17.001675,318,1.037,0.0011,"aoml_navis",1028.2185886575
"7901009",105,0,1,0.026166,1,0.003738,1,118.814710195425,1,4.8627209766054,320,1,13.4890003204346,35.6660003662109,0.0261659994721413,0.0124412626028061,114.571899414062,-86.1529,27.8293,53.9324858785091,63,63,63,63,61,63,0,7593,1.05158142133981,28,-86,0.001869,51,2026-03-21 15:45:17.001675,320,1.037,0.0011,"aoml_navis",1028.23090694594
"7901009",105,0,1,0.022428,1,0,1,119.199031962867,1,4.86262172170168,322,1,13.3769998550415,35.6510009765625,0.0224280003458261,0.00888661667704582,114.942497253418,-86.1529,27.8293,53.9324858785091,63,63,63,63,61,63,0,7593,1.05158142133981,28,-86,0.001869,51,2026-03-21 15:45:17.001675,322,1.037,0.0011,"aoml_navis",1028.25189499837
"7901009",105,0,1,0.028035,1,0.005607,1,119.515746329326,1,4.86254223300529,324,1,13.2880001068115,35.6370010375977,0.0280349999666214,0.0142185855656862,115.247901916504,-86.1529,27.8293,53.9324858785091,63,63,63,63,61,63,0,7593,1.05158142133981,28,-86,0.001869,51,2026-03-21 15:45:17.001675,324,1.037,0.0011,"aoml_navis",1028.26870398404
"7901009",105,0,1,0.022428,1,0,1,120.363517028312,1,4.86247922277555,326,1,13.2299995422363,35.6269989013672,0.0224280003458261,0.00888661667704582,116.065399169922,-86.1529,27.8293,53.9324858785091,63,63,63,63,61,63,0,7593,1.05158142133981,28,-86,0.001869,51,2026-03-21 15:45:17.001675,326,1.037,0.0011,"aoml_navis",1028.28202876021
"7901009",105,0,1,0.022428,1,0,1,121.193454247858,1,4.86237650750949,328,1,13.0909996032715,35.6059989929199,0.0224280003458261,0.00888661667704582,116.865699768066,-86.1529,27.8293,53.9324858785091,63,63,63,63,61,63,0,7593,1.05158142133981,28,-86,0.001869,51,2026-03-21 15:45:17.001675,328,1.037,0.0011,"aoml_navis",1028.30375070256
"7901009",105,0,1,0.024297,1,0.001869,1,121.153736383265,1,4.86231622340035,330,1,13.0389995574951,35.5970001220703,0.0242970008403063,0.010663939639926,116.82740020752,-86.1529,27.8293,53.9324858785091,63,63,63,63,61,63,0,7593,1.05158142133981,28,-86,0.001869,51,2026-03-21 15:45:17.001675,330,1.037,0.0011,"aoml_navis",1028.31649984775
"7901009",105,0,1,0.022428,1,0,1,121.045058178477,1,4.86226277309722,332,1,13.0050001144409,35.5909996032715,0.0224280003458261,0.00888661667704582,116.722602844238,-86.1529,27.8293,53.9324858785091,63,63,63,63,61,63,0,7593,1.05158142133981,28,-86,0.001869,51,2026-03-21 15:45:17.001675,332,1.037,0.0011,"aoml_navis",1028.32780401439
"7901009",105,0,1,0.020559,1,-0.001869,1,120.807162411036,1,4.86221284417359,334,1,12.9820003509521,35.5870018005371,0.020558999851346,0.00710929278284311,116.493202209473,-86.1529,27.8293,53.9324858785091,63,63,63,63,61,63,0,7593,1.05158142133981,28,-86,0.001869,51,2026-03-21 15:45:17.001675,334,1.037,0.0011,"aoml_navis",1028.3383636715
"7901009",105,0,1,0.020559,1,-0.001869,1,120.413915991948,1,4.86215698830755,336,1,12.9379997253418,35.5789985656738,0.020558999851346,0.00710929278284311,116.113998413086,-86.1529,27.8293,53.9324858785091,63,63,63,63,61,63,0,7593,1.05158142133981,28,-86,0.001869,51,2026-03-21 15:45:17.001675,336,1.037,0.0011,"aoml_navis",1028.35017709711
"7901009",105,0,1,0.022428,1,0,1,120.085800541251,1,4.86206502077411,338,1,12.8269996643066,35.5629997253418,0.0224280003458261,0.00888661667704582,115.79759979248,-86.1529,27.8293,53.9324858785091,63,63,63,63,61,63,0,7593,1.05158142133981,28,-86,0.001869,51,2026-03-21 15:45:17.001675,338,1.037,0.0011,"aoml_navis",1028.36962867352
"7901009",105,0,1,0.024297,1,0.001869,1,119.316840529357,1,4.86202548291102,340,1,12.8219995498657,35.5610008239746,0.0242970008403063,0.010663939639926,115.056098937988,-86.1529,27.8293,53.9324858785091,63,63,63,63,61,63,0,7593,1.05158142133981,28,-86,0.001869,51,2026-03-21 15:45:17.001675,340,1.037,0.0011,"aoml_navis",1028.37799134824
"7901009",105,0,1,0.022428,1,0,1,118.785570574848,1,4.86195388993061,342,1,12.753999710083,35.5509986877441,0.0224280003458261,0.00888661667704582,114.543800354004,-86.1529,27.8293,53.9324858785091,63,63,63,63,61,63,0,7593,1.05158142133981,28,-86,0.001869,51,2026-03-21 15:45:17.001675,342,1.037,0.0011,"aoml_navis",1028.39313436421
"7901009",105,0,1,0.024297,1,0.001869,1,118.712353618885,1,4.86189001071109,344,1,12.6899995803833,35.5400009155273,0.0242970008403063,0.010663939639926,114.473197937012,-86.1529,27.8293,53.9324858785091,63,63,63,63,61,63,0,7593,1.05158142133981,28,-86,0.001869,51,2026-03-21 15:45:17.001675,344,1.037,0.0011,"aoml_navis",1028.40664617765
"7901009",105,0,1,0.020559,1,-0.001869,1,118.627941288739,1,4.86181279781918,346,1,12.6120004653931,35.5289993286133,0.020558999851346,0.00710929278284311,114.391799926758,-86.1529,27.8293,53.9324858785091,63,63,63,63,61,63,0,7593,1.05158142133981,28,-86,0.001869,51,2026-03-21 15:45:17.001675,346,1.037,0.0011,"aoml_navis",1028.42297882033
"7901009",105,0,1,0.024297,1,0.001869,1,117.771245938108,1,4.86173950232284,348,1,12.5340003967285,35.5169982910156,0.0242970008403063,0.010663939639926,113.565696716309,-86.1529,27.8293,53.9324858785091,63,63,63,63,61,63,0,7593,1.05158142133981,28,-86,0.001869,51,2026-03-21 15:45:17.001675,348,1.037,0.0011,"aoml_navis",1028.43848330646
"7901009",105,0,1,0.020559,1,-0.001869,1,116.597741277915,1,4.86167407917758,350,1,12.4829998016357,35.5099983215332,0.020558999851346,0.00710929278284311,112.434097290039,-86.1529,27.8293,53.9324858785091,63,63,63,63,61,63,0,7593,1.05158142133981,28,-86,0.001869,51,2026-03-21 15:45:17.001675,350,1.037,0.0011,"aoml_navis",1028.45232291792
"7901009",105,0,1,0.026166,1,0.003738,1,116.160528290393,1,4.86160841626923,352,1,12.423999786377,35.5009994506836,0.0261659994721413,0.0124412626028061,112.012496948242,-86.1529,27.8293,53.9324858785091,63,63,63,63,61,63,0,7593,1.05158142133981,28,-86,0.001869,51,2026-03-21 15:45:17.001675,352,1.037,0.0011,"aoml_navis",1028.46621362339
"7901009",105,0,1,0.026166,1,0.003738,1,115.468108243054,1,4.8615358968523,354,1,12.3500003814697,35.4900016784668,0.0261659994721413,0.0124412626028061,111.344802856445,-86.1529,27.8293,53.9324858785091,63,63,63,63,61,63,0,7593,1.05158142133981,28,-86,0.001869,51,2026-03-21 15:45:17.001675,354,1.037,0.0011,"aoml_navis",1028.48155522977
"7901009",105,0,1,0.022428,1,0,1,114.597828116824,1,4.86148641533241,356,1,12.3229999542236,35.4850006103516,0.0224280003458261,0.00888661667704582,110.505599975586,-86.1529,27.8293,53.9324858785091,63,63,63,63,61,63,0,7593,1.05158142133981,28,-86,0.001869,51,2026-03-21 15:45:17.001675,356,1.037,0.0011,"aoml_navis",1028.49202339242
"7901009",105,0,1,0.024297,1,0.001869,1,114.473175735021,1,4.86140989000528,358,1,12.2559995651245,35.4770011901855,0.0242970008403063,0.010663939639926,110.385398864746,-86.1529,27.8293,53.9324858785091,63,63,63,63,61,63,0,7593,1.05158142133981,28,-86,0.001869,51,2026-03-21 15:45:17.001675,358,1.037,0.0011,"aoml_navis",1028.50821328184
"7901009",105,0,1,0.024297,1,0.001869,1,114.525441913009,1,4.86134871857625,360,1,12.2049999237061,35.4690017700195,0.0242970008403063,0.010663939639926,110.43579864502,-86.1529,27.8293,53.9324858785091,63,63,63,63,61,63,0,7593,1.05158142133981,28,-86,0.001869,51,2026-03-21 15:45:17.001675,360,1.037,0.0011,"aoml_navis",1028.52115522878
"7901009",105,0,1,0.024297,1,0.001869,1,114.449637757499,1,4.86129775993616,362,1,12.1840000152588,35.4659996032715,0.0242970008403063,0.010663939639926,110.362701416016,-86.1529,27.8293,53.9324858785091,63,63,63,63,61,63,0,7593,1.05158142133981,28,-86,0.001869,51,2026-03-21 15:45:17.001675,362,1.037,0.0011,"aoml_navis",1028.53193672005
"7901009",105,0,1,0.024297,1,0.001869,1,114.281224517318,1,4.86125898043034,364,1,12.1719999313354,35.4620018005371,0.0242970008403063,0.010663939639926,110.200302124023,-86.1529,27.8293,53.9324858785091,63,63,63,63,61,63,0,7593,1.05158142133981,28,-86,0.001869,51,2026-03-21 15:45:17.001675,364,1.037,0.0011,"aoml_navis",1028.54014158229
"7901009",105,0,1,0.022428,1,0,1,114.299057996759,1,4.86118359876736,366,1,12.0979995727539,35.4519996643066,0.0224280003458261,0.00888661667704582,110.217498779297,-86.1529,27.8293,53.9324858785091,63,63,63,63,61,63,0,7593,1.05158142133981,28,-86,0.001869,51,2026-03-21 15:45:17.001675,366,1.037,0.0011,"aoml_navis",1028.55609100381
"7901009",105,0,1,0.028035,1,0.005607,1,114.36346106803,1,4.86109998088775,368,1,12.0150003433228,35.4420013427734,0.0280349999666214,0.0142185855656862,110.279602050781,-86.1529,27.8293,53.9324858785091,63,63,63,63,61,63,0,7593,1.05158142133981,28,-86,0.001869,51,2026-03-21 15:45:17.001675,368,1.037,0.0011,"aoml_navis",1028.57378364122
"7901009",105,0,1,0.028035,1,0.005607,1,114.342716000109,1,4.86104871454358,370,1,11.9739999771118,35.4339981079102,0.0280349999666214,0.0142185855656862,110.25959777832,-86.1529,27.8293,53.9324858785091,63,63,63,63,61,63,0,7593,1.05158142133981,28,-86,0.001869,51,2026-03-21 15:45:17.001675,370,1.037,0.0011,"aoml_navis",1028.58463134523
"7901009",105,0,1,0.028035,1,0.005607,1,114.274064224996,1,4.86099306680355,372,1,11.9399995803833,35.4290008544922,0.0280349999666214,0.0142185855656862,110.193397521973,-86.1529,27.8293,53.9324858785091,63,63,63,63,61,63,0,7593,1.05158142133981,28,-86,0.001869,51,2026-03-21 15:45:17.001675,372,1.037,0.0011,"aoml_navis",1028.59640638983
"7901009",105,0,1,0.026166,1,0.003738,1,114.10036581877,1,4.86094598148586,374,1,11.918999671936,35.4249992370605,0.0261659994721413,0.0124412626028061,110.025901794434,-86.1529,27.8293,53.9324858785091,63,63,63,63,61,63,0,7593,1.05158142133981,28,-86,0.001869,51,2026-03-21 15:45:17.001675,374,1.037,0.0011,"aoml_navis",1028.60636983907
"7901009",105,0,1,0.028035,1,0.005607,1,113.750888169986,1,4.86089509459005,376,1,11.8900003433228,35.4199981689453,0.0280349999666214,0.0142185855656862,109.688903808594,-86.1529,27.8293,53.9324858785091,63,63,63,63,61,63,0,7593,1.05158142133981,28,-86,0.001869,51,2026-03-21 15:45:17.001675,376,1.037,0.0011,"aoml_navis",1028.6171379351
"7901009",105,0,1,0.022428,1,0,1,113.416023847078,1,4.86081958744152,378,1,11.8109998703003,35.4090003967285,0.0224280003458261,0.00888661667704582,109.365997314453,-86.1529,27.8293,53.9324858785091,63,63,63,63,61,63,0,7593,1.05158142133981,28,-86,0.001869,51,2026-03-21 15:45:17.001675,378,1.037,0.0011,"aoml_navis",1028.63311629958
"7901009",105,0,1,0.026166,1,0.003738,1,112.855614271994,1,4.86076504983471,380,1,11.7740001678467,35.4029998779297,0.0261659994721413,0.0124412626028061,108.82559967041,-86.1529,27.8293,53.9324858785091,63,63,63,63,61,63,0,7593,1.05158142133981,28,-86,0.001869,51,2026-03-21 15:45:17.001675,380,1.037,0.0011,"aoml_navis",1028.64465752567
"7901009",105,0,1,0.028035,1,0.005607,1,112.443909331373,1,4.86070309646334,382,1,11.7250003814697,35.3959999084473,0.0280349999666214,0.0142185855656862,108.428596496582,-86.1529,27.8293,53.9324858785091,63,63,63,63,61,63,0,7593,1.05158142133981,28,-86,0.001869,51,2026-03-21 15:45:17.001675,382,1.037,0.0011,"aoml_navis",1028.65776838705
"7901009",105,0,1,0.029904,1,0.007476,1,112.497109116536,1,4.86062356612442,384,1,11.6450004577637,35.3860015869141,0.0299040004611015,0.0159959103912115,108.47989654541,-86.1529,27.8293,53.9324858785091,63,63,63,63,61,63,0,7593,1.05158142133981,28,-86,0.001869,51,2026-03-21 15:45:17.001675,384,1.037,0.0011,"aoml_navis",1028.67459945817
"7901009",105,0,1,0.024297,1,0.001869,1,112.461022825619,1,4.86056182155773,386,1,11.5839996337891,35.3759994506836,0.0242970008403063,0.010663939639926,108.445098876953,-86.1529,27.8293,53.9324858785091,63,63,63,63,61,63,0,7593,1.05158142133981,28,-86,0.001869,51,2026-03-21 15:45:17.001675,386,1.037,0.0011,"aoml_navis",1028.68766689148
"7901009",105,0,1,0.028035,1,0.005607,1,112.363025719874,1,4.86050572349547,388,1,11.5249996185303,35.3650016784668,0.0280349999666214,0.0142185855656862,108.350601196289,-86.1529,27.8293,53.9324858785091,63,63,63,63,61,63,0,7593,1.05158142133981,28,-86,0.001869,51,2026-03-21 15:45:17.001675,388,1.037,0.0011,"aoml_navis",1028.69953960351
"7901009",105,0,1,0.024297,1,0.001869,1,112.400148472995,1,4.8604059097617,390,1,11.4060001373291,35.351001739502,0.0242970008403063,0.010663939639926,108.38639831543,-86.1529,27.8293,53.9324858785091,63,63,63,63,61,63,0,7593,1.05158142133981,28,-86,0.001869,51,2026-03-21 15:45:17.001675,390,1.037,0.0011,"aoml_navis",1028.72066506996
"7901009",105,0,1,0.028035,1,0.005607,1,112.30868661748,1,4.86033756977028,392,1,11.3290004730225,35.3390007019043,0.0280349999666214,0.0142185855656862,108.298202514648,-86.1529,27.8293,53.9324858785091,63,63,63,63,61,63,0,7593,1.05158142133981,28,-86,0.001869,51,2026-03-21 15:45:17.001675,392,1.037,0.0011,"aoml_navis",1028.73512965403
"7901009",105,0,1,0.028035,1,0.005607,1,112.215768967725,1,4.86027749178734,394,1,11.2770004272461,35.3310012817383,0.0280349999666214,0.0142185855656862,108.208602905273,-86.1529,27.8293,53.9324858785091,63,63,63,63,61,63,0,7593,1.05158142133981,28,-86,0.001869,51,2026-03-21 15:45:17.001675,394,1.037,0.0011,"aoml_navis",1028.74784586863
"7901009",105,0,1,0.026166,1,0.003738,1,112.119425454351,1,4.86021834837806,396,1,11.2340002059937,35.3250007629395,0.0261659994721413,0.0124412626028061,108.115699768066,-86.1529,27.8293,53.9324858785091,63,63,63,63,61,63,0,7593,1.05158142133981,28,-86,0.001869,51,2026-03-21 15:45:17.001675,396,1.037,0.0011,"aoml_navis",1028.76036457674
"7901009",105,0,1,0.024297,1,0.001869,1,112.073275194557,1,4.86015396413794,398,1,11.1770000457764,35.3170013427734,0.0242970008403063,0.010663939639926,108.071197509766,-86.1529,27.8293,53.9324858785091,63,63,63,63,61,63,0,7593,1.05158142133981,28,-86,0.001869,51,2026-03-21 15:45:17.001675,398,1.037,0.0011,"aoml_navis",1028.77399294219
"7901009",105,0,1,0.026166,1,0.003738,1,112.059793273986,1,4.8600995070555,400,1,11.1389999389648,35.3110008239746,0.0261659994721413,0.0124412626028061,108.058197021484,-86.1529,27.8293,53.9324858785091,63,63,63,63,61,63,0,7593,1.05158142133981,28,-86,0.001869,51,2026-03-21 15:45:17.001675,400,1.037,0.0011,"aoml_navis",1028.78552028439
"7901009",105,0,1,0.026166,1,0.003738,1,112.033145909853,1,4.8600477435542,402,1,11.1079998016357,35.3059997558594,0.0261659994721413,0.0124412626028061,108.032501220703,-86.1529,27.8293,53.9324858785091,63,63,63,63,61,63,0,7593,1.05158142133981,28,-86,0.001869,51,2026-03-21 15:45:17.001675,402,1.037,0.0011,"aoml_navis",1028.79647769539
"7901009",105,0,1,0.031773,1,0.009345,1,111.906626313699,1,4.85998987335378,404,1,11.0620002746582,35.298999786377,0.0317730009555817,0.0177732333540916,107.910499572754,-86.1529,27.8293,53.9324858785091,63,63,63,63,61,63,0,7593,1.05158142133981,28,-86,0.001869,51,2026-03-21 15:45:17.001675,404,1.037,0.0011,"aoml_navis",1028.80872806214
"7901009",105,0,1,0.024297,1,0.001869,1,111.847207755316,1,4.85992769483516,406,1,11.0069999694824,35.2910003662109,0.0242970008403063,0.010663939639926,107.853202819824,-86.1529,27.8293,53.9324858785091,63,63,63,63,61,63,0,7593,1.05158142133981,28,-86,0.001869,51,2026-03-21 15:45:17.001675,406,1.037,0.0011,"aoml_navis",1028.82189076881
"7901009",105,0,1,0.026166,1,0.003738,1,111.855499452944,1,4.85986564626547,408,1,10.9519996643066,35.2830009460449,0.0261659994721413,0.0124412626028061,107.861198425293,-86.1529,27.8293,53.9324858785091,63,63,63,63,61,63,0,7593,1.05158142133981,28,-86,0.001869,51,2026-03-21 15:45:17.001675,408,1.037,0.0011,"aoml_navis",1028.83502630206
"7901009",105,0,1,0.029904,1,0.007476,1,112.017488209848,1,4.85979917155048,410,1,10.8959999084473,35.2760009765625,0.0299040004611015,0.0159959103912115,108.017402648926,-86.1529,27.8293,53.9324858785091,63,63,63,63,61,63,0,7593,1.05158142133981,28,-86,0.001869,51,2026-03-21 15:45:17.001675,410,1.037,0.0011,"aoml_navis",1028.84909921181
"7901009",105,0,1,0.028035,1,0.005607,1,112.225825024676,1,4.8597433812717,412,1,10.8559999465942,35.2700004577637,0.0280349999666214,0.0142185855656862,108.218299865723,-86.1529,27.8293,53.9324858785091,63,63,63,63,61,63,0,7593,1.05158142133981,28,-86,0.001869,51,2026-03-21 15:45:17.001675,412,1.037,0.0011,"aoml_navis",1028.86091048939
"7901009",105,0,1,0.028035,1,0.005607,1,112.336370443816,1,4.85969375229887,414,1,10.8269996643066,35.2649993896484,0.0280349999666214,0.0142185855656862,108.324897766113,-86.1529,27.8293,53.9324858785091,63,63,63,63,61,63,0,7593,1.05158142133981,28,-86,0.001869,51,2026-03-21 15:45:17.001675,414,1.037,0.0011,"aoml_navis",1028.87141759391
"7901009",105,0,1,0.024297,1,0.001869,1,112.412491076334,1,4.85964390332751,416,1,10.8059997558594,35.2620010375977,0.0242970008403063,0.010663939639926,108.398300170898,-86.1529,27.8293,53.9324858785091,63,63,63,63,61,63,0,7593,1.05158142133981,28,-86,0.001869,51,2026-03-21 15:45:17.001675,416,1.037,0.0011,"aoml_navis",1028.88197149104
"7901009",105,0,1,0.024297,1,0.001869,1,112.435823343801,1,4.85959928110429,418,1,10.7950000762939,35.2599983215332,0.0242970008403063,0.010663939639926,108.420799255371,-86.1529,27.8293,53.9324858785091,63,63,63,63,61,63,0,7593,1.05158142133981,28,-86,0.001869,51,2026-03-21 15:45:17.001675,418,1.037,0.0011,"aoml_navis",1028.89141897803
"7901009",105,0,1,0.028035,1,0.005607,1,112.456149079685,1,4.85955186861733,420,1,10.7849998474121,35.2589988708496,0.0280349999666214,0.0142185855656862,108.440399169922,-86.1529,27.8293,53.9324858785091,63,63,63,63,61,63,0,7593,1.05158142133981,28,-86,0.001869,51,2026-03-21 15:45:17.001675,420,1.037,0.0011,"aoml_navis",1028.90145741414
"7901009",105,0,1,0.028035,1,0.005607,1,112.44505656053,1,4.85951066211465,422,1,10.7819995880127,35.257999420166,0.0280349999666214,0.0142185855656862,108.429702758789,-86.1529,27.8293,53.9324858785091,63,63,63,63,61,63,0,7593,1.05158142133981,28,-86,0.001869,51,2026-03-21 15:45:17.001675,422,1.037,0.0011,"aoml_navis",1028.91018204376
"7901009",105,0,1,0.020559,1,-0.001869,1,112.409690254807,1,4.859466922291,424,1,10.7720003128052,35.2560005187988,0.020558999851346,0.00710929278284311,108.395599365234,-86.1529,27.8293,53.9324858785091,63,63,63,63,61,63,0,7593,1.05158142133981,28,-86,0.001869,51,2026-03-21 15:45:17.001675,424,1.037,0.0011,"aoml_navis",1028.9194432139
"7901009",105,0,1,0.026166,1,0.003738,1,112.352028143822,1,4.85942495646112,426,1,10.7639999389648,35.2540016174316,0.0261659994721413,0.0124412626028061,108.339996337891,-86.1529,27.8293,53.9324858785091,63,63,63,63,61,63,0,7593,1.05158142133981,28,-86,0.001869,51,2026-03-21 15:45:17.001675,426,1.037,0.0011,"aoml_navis",1028.92832892747
"7901009",105,0,1,0.024297,1,0.001869,1,112.259632681131,1,4.85937959230358,428,1,10.7480001449585,35.2509994506836,0.0242970008403063,0.010663939639926,108.250900268555,-86.1529,27.8293,53.9324858785091,63,63,63,63,61,63,0,7593,1.05158142133981,28,-86,0.001869,51,2026-03-21 15:45:17.001675,428,1.037,0.0011,"aoml_navis",1028.93793436494
"7901009",105,0,1,0.020559,1,-0.001869,1,112.252163823726,1,4.85930766427865,430,1,10.6770000457764,35.242000579834,0.020558999851346,0.00710929278284311,108.243698120117,-86.1529,27.8293,53.9324858785091,63,63,63,63,61,63,0,7593,1.05158142133981,28,-86,0.001869,51,2026-03-21 15:45:17.001675,430,1.037,0.0011,"aoml_navis",1028.95316482132
"7901009",105,0,1,0.026166,1,0.003738,1,112.276018278257,1,4.85924547589932,432,1,10.621000289917,35.234001159668,0.0261659994721413,0.0124412626028061,108.266700744629,-86.1529,27.8293,53.9324858785091,63,63,63,63,61,63,0,7593,1.05158142133981,28,-86,0.001869,51,2026-03-21 15:45:17.001675,432,1.037,0.0011,"aoml_navis",1028.9663333122
"7901009",105,0,1,0.026166,1,0.003738,1,112.244283546209,1,4.85918789919359,434,1,10.5909996032715,35.2309989929199,0.0261659994721413,0.0124412626028061,108.236099243164,-86.1529,27.8293,53.9324858785091,63,63,63,63,61,63,0,7593,1.05158142133981,28,-86,0.001869,51,2026-03-21 15:45:17.001675,434,1.037,0.0011,"aoml_navis",1028.97852557416
"7901009",105,0,1,0.029904,1,0.007476,1,112.247187222764,1,4.85913680324055,436,1,10.5600004196167,35.226001739502,0.0299040004611015,0.0159959103912115,108.238899230957,-86.1529,27.8293,53.9324858785091,63,63,63,63,61,63,0,7593,1.05158142133981,28,-86,0.001869,51,2026-03-21 15:45:17.001675,436,1.037,0.0011,"aoml_navis",1028.98934573431
"7901009",105,0,1,0.028035,1,0.005607,1,112.183203483529,1,4.85908121569338,438,1,10.5279998779297,35.2220001220703,0.0280349999666214,0.0142185855656862,108.177200317383,-86.1529,27.8293,53.9324858785091,63,63,63,63,61,63,0,7593,1.05158142133981,28,-86,0.001869,51,2026-03-21 15:45:17.001675,438,1.037,0.0011,"aoml_navis",1029.00111730001
"7901009",105,0,1,0.022428,1,0,1,112.185901450029,1,4.85902916622357,440,1,10.5,35.2179985046387,0.0224280003458261,0.00888661667704582,108.179801940918,-86.1529,27.8293,53.9324858785091,63,63,63,63,61,63,0,7593,1.05158142133981,28,-86,0.001869,51,2026-03-21 15:45:17.001675,440,1.037,0.0011,"aoml_navis",1029.01213986456
"7901009",105,0,1,0.024297,1,0.001869,1,112.078568272527,1,4.85898481909943,442,1,10.4849996566772,35.2150001525879,0.0242970008403063,0.010663939639926,108.076301574707,-86.1529,27.8293,53.9324858785091,63,63,63,63,61,63,0,7593,1.05158142133981,28,-86,0.001869,51,2026-03-21 15:45:17.001675,442,1.037,0.0011,"aoml_navis",1029.02153148252
"7901009",105,0,1,0.028035,1,0.005607,1,112.065600627096,1,4.85892427362933,444,1,10.4429998397827,35.2099990844727,0.0280349999666214,0.0142185855656862,108.06379699707,-86.1529,27.8293,53.9324858785091,63,63,63,63,61,63,0,7593,1.05158142133981,28,-86,0.001869,51,2026-03-21 15:45:17.001675,444,1.037,0.0011,"aoml_navis",1029.03435378409
"7901009",105,0,1,0.026166,1,0.003738,1,111.940956157218,1,4.85888206765756,446,1,10.4219999313354,35.2050018310547,0.0261659994721413,0.0124412626028061,107.943603515625,-86.1529,27.8293,53.9324858785091,63,63,63,63,61,63,0,7593,1.05158142133981,28,-86,0.001869,51,2026-03-21 15:45:17.001675,446,1.037,0.0011,"aoml_navis",1029.04329234121
"7901009",105,0,1,0.026166,1,0.003738,1,111.803233274956,1,4.85882249905651,448,1,10.3809995651245,35.2000007629395,0.0261659994721413,0.0124412626028061,107.81079864502,-86.1529,27.8293,53.9324858785091,63,63,63,63,61,63,0,7593,1.05158142133981,28,-86,0.001869,51,2026-03-21 15:45:17.001675,448,1.037,0.0011,"aoml_navis",1029.05590829278
"7901009",105,0,1,0.031773,1,0.009345,1,111.791618568737,1,4.85875406947561,450,1,10.3170003890991,35.1920013427734,0.0317730009555817,0.0177732333540916,107.799598693848,-86.1529,27.8293,53.9324858785091,63,63,63,63,61,63,0,7593,1.05158142133981,28,-86,0.001869,51,2026-03-21 15:45:17.001675,450,1.037,0.0011,"aoml_navis",1029.0704012808
"7901009",105,0,1,0.031773,1,0.009345,1,111.747026958211,1,4.85869208877437,452,1,10.2729997634888,35.1870002746582,0.0317730009555817,0.0177732333540916,107.75659942627,-86.1529,27.8293,53.9324858785091,63,63,63,63,61,63,0,7593,1.05158142133981,28,-86,0.001869,51,2026-03-21 15:45:17.001675,452,1.037,0.0011,"aoml_navis",1029.08352878589
"7901009",105,0,1,0.026166,1,0.003738,1,111.687189067791,1,4.85863773610266,454,1,10.2419996261597,35.1829986572266,0.0261659994721413,0.0124412626028061,107.69889831543,-86.1529,27.8293,53.9324858785091,63,63,63,63,61,63,0,7593,1.05158142133981,28,-86,0.001869,51,2026-03-21 15:45:17.001675,454,1.037,0.0011,"aoml_navis",1029.09504095087
"7901009",105,0,1,0.029904,1,0.007476,1,111.581517394585,1,4.85858685575236,456,1,10.2150001525879,35.1790008544922,0.0299040004611015,0.0159959103912115,107.59700012207,-86.1529,27.8293,53.9324858785091,63,63,63,63,61,63,0,7593,1.05158142133981,28,-86,0.001869,51,2026-03-21 15:45:17.001675,456,1.037,0.0011,"aoml_navis",1029.1058178944
"7901009",105,0,1,0.03738,1,0.014952,1,111.553928511351,1,4.85852529000011,458,1,10.1669998168945,35.1730003356934,0.0373799987137318,0.023105202242732,107.57039642334,-86.1529,27.8293,53.9324858785091,63,63,63,63,61,63,0,7593,1.05158142133981,28,-86,0.001869,51,2026-03-21 15:45:17.001675,458,1.037,0.0011,"aoml_navis",1029.11885840979
"7901009",105,0,1,0.029904,1,0.007476,1,111.646126175912,1,4.85845904729957,460,1,10.0920000076294,35.1619987487793,0.0299040004611015,0.0159959103912115,107.659301757812,-86.1529,27.8293,53.9324858785091,63,63,63,63,61,63,0,7593,1.05158142133981,28,-86,0.001869,51,2026-03-21 15:45:17.001675,460,1.037,0.0011,"aoml_navis",1029.13288993948
"7901009",105,0,1,0.029904,1,0.007476,1,111.629012681666,1,4.8583980726553,462,1,10.0530004501343,35.1580009460449,0.0299040004611015,0.0159959103912115,107.642799377441,-86.1529,27.8293,53.9324858785091,63,63,63,63,61,63,0,7593,1.05158142133981,28,-86,0.001869,51,2026-03-21 15:45:17.001675,462,1.037,0.0011,"aoml_navis",1029.14580592761
"7901009",105,0,1,0.031773,1,0.009345,1,111.645501133819,1,4.85834766996717,464,1,10.0220003128052,35.1529998779297,0.0317730009555817,0.0177732333540916,107.658699035645,-86.1529,27.8293,53.9324858785091,63,63,63,63,61,63,0,7593,1.05158142133981,28,-86,0.001869,51,2026-03-21 15:45:17.001675,464,1.037,0.0011,"aoml_navis",1029.15648274999
"7901009",105,0,1,0.029904,1,0.007476,1,111.59260991374,1,4.85830017850054,466,1,10.0030002593994,35.1500015258789,0.0299040004611015,0.0159959103912115,107.607696533203,-86.1529,27.8293,53.9324858785091,63,63,63,63,61,63,0,7593,1.05158142133981,28,-86,0.001869,51,2026-03-21 15:45:17.001675,466,1.037,0.0011,"aoml_navis",1029.16654308981
"7901009",105,0,1,0.028035,1,0.005607,1,111.546673275927,1,4.858247340391,468,1,9.98200035095215,35.1479988098145,0.0280349999666214,0.0142185855656862,107.563400268555,-86.1529,27.8293,53.9324858785091,63,63,63,63,61,63,0,7593,1.05158142133981,28,-86,0.001869,51,2026-03-21 15:45:17.001675,468,1.037,0.0011,"aoml_navis",1029.17773626519
"7901009",105,0,1,0.029904,1,0.007476,1,111.4820644946,1,4.85819759217671,470,1,9.95600032806396,35.1440010070801,0.0299040004611015,0.0159959103912115,107.501098632812,-86.1529,27.8293,53.9324858785091,63,63,63,63,61,63,0,7593,1.05158142133981,28,-86,0.001869,51,2026-03-21 15:45:17.001675,470,1.037,0.0011,"aoml_navis",1029.18827510261
"7901009",105,0,1,0.029904,1,0.007476,1,111.37856860083,1,4.85814248783737,472,1,9.91499996185303,35.1380004882812,0.0299040004611015,0.0159959103912115,107.401298522949,-86.1529,27.8293,53.9324858785091,63,63,63,63,61,63,0,7593,1.05158142133981,28,-86,0.001869,51,2026-03-21 15:45:17.001675,472,1.037,0.0011,"aoml_navis",1029.19994885242
"7901009",105,0,1,0.028035,1,0.005607,1,111.386765355355,1,4.85806800646539,474,1,9.83800029754639,35.1290016174316,0.0280349999666214,0.0142185855656862,107.409202575684,-86.1529,27.8293,53.9324858785091,63,63,63,63,61,63,0,7593,1.05158142133981,28,-86,0.001869,51,2026-03-21 15:45:17.001675,474,1.037,0.0011,"aoml_navis",1029.21572801075
"7901009",105,0,1,0.029904,1,0.007476,1,111.253401943888,1,4.85801057910973,476,1,9.79399967193604,35.1230010986328,0.0299040004611015,0.0159959103912115,107.280601501465,-86.1529,27.8293,53.9324858785091,63,63,63,63,61,63,0,7593,1.05158142133981,28,-86,0.001869,51,2026-03-21 15:45:17.001675,476,1.037,0.0011,"aoml_navis",1029.22789454203
"7901009",105,0,1,0.031773,1,0.009345,1,111.240750775465,1,4.85794765453192,478,1,9.73900032043457,35.1160011291504,0.0317730009555817,0.0177732333540916,107.268402099609,-86.1529,27.8293,53.9324858785091,63,63,63,63,61,63,0,7593,1.05158142133981,28,-86,0.001869,51,2026-03-21 15:45:17.001675,478,1.037,0.0011,"aoml_navis",1029.24122604235
"7901009",105,0,1,0.029904,1,0.007476,1,111.473044899852,1,4.85786105000863,480,1,9.63799953460693,35.1049995422363,0.0299040004611015,0.0159959103912115,107.492401123047,-86.1529,27.8293,53.9324858785091,63,63,63,63,61,63,0,7593,1.05158142133981,28,-86,0.001869,51,2026-03-21 15:45:17.001675,480,1.037,0.0011,"aoml_navis",1029.25957505333
"7901009",105,0,1,0.026166,1,0.003738,1,111.519812289813,1,4.857804839783,482,1,9.59500026702881,35.0989990234375,0.0261659994721413,0.0124412626028061,107.537498474121,-86.1529,27.8293,53.9324858785091,63,63,63,63,61,63,0,7593,1.05158142133981,28,-86,0.001869,51,2026-03-21 15:45:17.001675,482,1.037,0.0011,"aoml_navis",1029.27148473576
"7901009",105,0,1,0.029904,1,0.007476,1,111.637415146247,1,4.85773906940956,484,1,9.53600025177002,35.0919990539551,0.0299040004611015,0.0159959103912115,107.650901794434,-86.1529,27.8293,53.9324858785091,63,63,63,63,61,63,0,7593,1.05158142133981,28,-86,0.001869,51,2026-03-21 15:45:17.001675,484,1.037,0.0011,"aoml_navis",1029.28542034839
"7901009",105,0,1,0.026166,1,0.003738,1,111.597483659674,1,4.85768564442353,486,1,9.50500011444092,35.0880012512207,0.0261659994721413,0.0124412626028061,107.612396240234,-86.1529,27.8293,53.9324858785091,63,63,63,63,61,63,0,7593,1.05158142133981,28,-86,0.001869,51,2026-03-21 15:45:17.001675,486,1.037,0.0011,"aoml_navis",1029.2967404632
"7901009",105,0,1,0.028035,1,0.005607,1,111.625072542908,1,4.85762636391866,488,1,9.45800018310547,35.0820007324219,0.0280349999666214,0.0142185855656862,107.638999938965,-86.1529,27.8293,53.9324858785091,63,63,63,63,61,63,0,7593,1.05158142133981,28,-86,0.001869,51,2026-03-21 15:45:17.001675,488,1.037,0.0011,"aoml_navis",1029.30930158376
"7901009",105,0,1,0.028035,1,0.005607,1,111.638657318506,1,4.85756515585269,490,1,9.41300010681152,35.0769996643066,0.0280349999666214,0.0142185855656862,107.652099609375,-86.1529,27.8293,53.9324858785091,63,63,63,63,61,63,0,7593,1.05158142133981,28,-86,0.001869,51,2026-03-21 15:45:17.001675,490,1.037,0.0011,"aoml_navis",1029.32227146263
"7901009",105,0,1,0.033642,1,0.011214,1,111.681801046717,1,4.85751353742819,492,1,9.38399982452393,35.0730018615723,0.0336420014500618,0.0195505544543266,107.693702697754,-86.1529,27.8293,53.9324858785091,63,63,63,63,61,63,0,7593,1.05158142133981,28,-86,0.001869,51,2026-03-21 15:45:17.001675,492,1.037,0.0011,"aoml_navis",1029.3332095678
"7901009",105,0,1,0.028035,1,0.005607,1,111.89066004861,1,4.85743512763161,494,1,9.30000019073486,35.0639991760254,0.0280349999666214,0.0142185855656862,107.89510345459,-86.1529,27.8293,53.9324858785091,63,63,63,63,61,63,0,7593,1.05158142133981,28,-86,0.001869,51,2026-03-21 15:45:17.001675,494,1.037,0.0011,"aoml_navis",1029.34982529307
"7901009",105,0,1,0.029904,1,0.007476,1,112.026919224707,1,4.85737257072863,496,1,9.24400043487549,35.056999206543,0.0299040004611015,0.0159959103912115,108.026496887207,-86.1529,27.8293,53.9324858785091,63,63,63,63,61,63,0,7593,1.05158142133981,28,-86,0.001869,51,2026-03-21 15:45:17.001675,496,1.037,0.0011,"aoml_navis",1029.36308203552
"7901009",105,0,1,0.026166,1,0.003738,1,112.098894008411,1,4.85731422637492,498,1,9.20199966430664,35.0519981384277,0.0261659994721413,0.0124412626028061,108.095901489258,-86.1529,27.8293,53.9324858785091,63,63,63,63,61,63,0,7593,1.05158142133981,28,-86,0.001869,51,2026-03-21 15:45:17.001675,498,1.037,0.0011,"aoml_navis",1029.37544638358
"7901009",105,0,1,0.033642,1,0.011214,1,112.22613358976,1,4.85724903296021,500,1,9.14700031280518,35.0460014343262,0.0336420014500618,0.0195505544543266,108.218597412109,-86.1529,27.8293,53.9324858785091,63,63,63,63,61,63,0,7593,1.05158142133981,28,-86,0.001869,51,2026-03-21 15:45:17.001675,500,1.037,0.0011,"aoml_navis",1029.38926253752
"7901009",105,0,1,0.026166,1,0.003738,1,112.276223988312,1,4.85719891856141,502,1,9.13300037384033,35.0449981689453,0.0261659994721413,0.0124412626028061,108.266899108887,-86.1529,27.8293,53.9324858785091,63,63,63,63,61,63,0,7593,1.05158142133981,28,-86,0.001869,51,2026-03-21 15:45:17.001675,502,1.037,0.0011,"aoml_navis",1029.399883314
"7901009",105,0,1,0.022428,1,0,1,112.273114601702,1,4.85715448988642,504,1,9.12600040435791,35.0439987182617,0.0224280003458261,0.00888661667704582,108.263900756836,-86.1529,27.8293,53.9324858785091,63,63,63,63,61,63,0,7593,1.05158142133981,28,-86,0.001869,51,2026-03-21 15:45:17.001675,504,1.037,0.0011,"aoml_navis",1029.40929929468
"7901009",105,0,1,0.029904,1,0.007476,1,112.323513565338,1,4.85711091149584,506,1,9.11100006103516,35.0410003662109,0.0299040004611015,0.0159959103912115,108.3125,-86.1529,27.8293,53.9324858785091,63,63,63,63,61,63,0,7593,1.05158142133981,28,-86,0.001869,51,2026-03-21 15:45:17.001675,506,1.037,0.0011,"aoml_navis",1029.41853523788
"7901009",105,0,1,0.029904,1,0.007476,1,112.404713653845,1,4.8570559882617,508,1,9.08199977874756,35.0379981994629,0.0299040004611015,0.0159959103912115,108.390800476074,-86.1529,27.8293,53.9324858785091,63,63,63,63,61,63,0,7593,1.05158142133981,28,-86,0.001869,51,2026-03-21 15:45:17.001675,508,1.037,0.0011,"aoml_navis",1029.43017582745
"7901009",105,0,1,0.026166,1,0.003738,1,112.446298732789,1,4.85700065030082,510,1,9.05700016021729,35.0359992980957,0.0261659994721413,0.0124412626028061,108.43090057373,-86.1529,27.8293,53.9324858785091,63,63,63,63,61,63,0,7593,1.05158142133981,28,-86,0.001869,51,2026-03-21 15:45:17.001675,510,1.037,0.0011,"aoml_navis",1029.44190458165
"7901009",105,0,1,0.026166,1,0.003738,1,112.462375764831,1,4.8569558639703,512,1,9.04500007629395,35.0340003967285,0.0261659994721413,0.0124412626028061,108.446403503418,-86.1529,27.8293,53.9324858785091,63,63,63,63,61,63,0,7593,1.05158142133981,28,-86,0.001869,51,2026-03-21 15:45:17.001675,512,1.037,0.0011,"aoml_navis",1029.45139713762
"7901009",105,0,1,0.031773,1,0.009345,1,112.436131908884,1,4.85691020951183,514,1,9.04100036621094,35.0340003967285,0.0317730009555817,0.0177732333540916,108.421096801758,-86.1529,27.8293,53.9324858785091,63,63,63,63,61,63,0,7593,1.05158142133981,28,-86,0.001869,51,2026-03-21 15:45:17.001675,514,1.037,0.0011,"aoml_navis",1029.46107387531
"7901009",105,0,1,0.029904,1,0.007476,1,112.422649988313,1,4.85686418259174,516,1,9.0319995880127,35.0330009460449,0.0299040004611015,0.0159959103912115,108.408096313477,-86.1529,27.8293,53.9324858785091,63,63,63,63,61,63,0,7593,1.05158142133981,28,-86,0.001869,51,2026-03-21 15:45:17.001675,516,1.037,0.0011,"aoml_navis",1029.47082974263
"7901009",105,0,1,0.033642,1,0.011214,1,112.415086187805,1,4.85682104095496,518,1,9.02200031280518,35.0309982299805,0.0336420014500618,0.0195505544543266,108.400802612305,-86.1529,27.8293,53.9324858785091,63,63,63,63,61,63,0,7593,1.05158142133981,28,-86,0.001869,51,2026-03-21 15:45:17.001675,518,1.037,0.0011,"aoml_navis",1029.47997421311
"7901009",105,0,1,0.024297,1,0.001869,1,112.410932427066,1,4.85676899004697,520,1,9.00100040435791,35.0289993286133,0.0242970008403063,0.010663939639926,108.396797180176,-86.1529,27.8293,53.9324858785091,63,63,63,63,61,63,0,7593,1.05158142133981,28,-86,0.001869,51,2026-03-21 15:45:17.001675,520,1.037,0.0011,"aoml_navis",1029.49100734389
"7901009",105,0,1,0.028035,1,0.005607,1,112.367171568688,1,4.85672495981928,522,1,8.99899959564209,35.0289993286133,0.0280349999666214,0.0142185855656862,108.354598999023,-86.1529,27.8293,53.9324858785091,63,63,63,63,61,63,0,7593,1.05158142133981,28,-86,0.001869,51,2026-03-21 15:45:17.001675,522,1.037,0.0011,"aoml_navis",1029.50034053113
"7901009",105,0,1,0.026166,1,0.003738,1,112.275084671081,1,4.8566777746268,524,1,8.98400020599365,35.0270004272461,0.0261659994721413,0.0124412626028061,108.265800476074,-86.1529,27.8293,53.9324858785091,63,63,63,63,61,63,0,7593,1.05158142133981,28,-86,0.001869,51,2026-03-21 15:45:17.001675,524,1.037,0.0011,"aoml_navis",1029.51034267127
"7901009",105,0,1,0.033642,1,0.011214,1,112.207366503144,1,4.85662252261419,526,1,8.95899963378906,35.0250015258789,0.0336420014500618,0.0195505544543266,108.200500488281,-86.1529,27.8293,53.9324858785091,63,63,63,63,61,63,0,7593,1.05158142133981,28,-86,0.001869,51,2026-03-21 15:45:17.001675,526,1.037,0.0011,"aoml_navis",1029.52205503273
"7901009",105,0,1,0.024297,1,0.001869,1,112.106774285928,1,4.85657376036529,528,1,8.94200038909912,35.0229988098145,0.0242970008403063,0.010663939639926,108.103500366211,-86.1529,27.8293,53.9324858785091,63,63,63,63,61,63,0,7593,1.05158142133981,28,-86,0.001869,51,2026-03-21 15:45:17.001675,528,1.037,0.0011,"aoml_navis",1029.53239191078
"7901009",105,0,1,0.029904,1,0.007476,1,111.974447336664,1,4.85652499389207,530,1,8.92500019073486,35.0209999084473,0.0299040004611015,0.0159959103912115,107.975898742676,-86.1529,27.8293,53.9324858785091,63,63,63,63,61,63,0,7593,1.05158142133981,28,-86,0.001869,51,2026-03-21 15:45:17.001675,530,1.037,0.0011,"aoml_navis",1029.54272989192
"7901009",105,0,1,0.028035,1,0.005607,1,111.902377609858,1,4.8564686468076,532,1,8.89400005340576,35.0180015563965,0.0280349999666214,0.0142185855656862,107.906402587891,-86.1529,27.8293,53.9324858785091,63,63,63,63,61,63,0,7593,1.05158142133981,28,-86,0.001869,51,2026-03-21 15:45:17.001675,532,1.037,0.0011,"aoml_navis",1029.55467514173
"7901009",105,0,1,0.028035,1,0.005607,1,111.943543356765,1,4.85639629894031,534,1,8.8430004119873,35.0149993896484,0.0280349999666214,0.0142185855656862,107.946098327637,-86.1529,27.8293,53.9324858785091,63,63,63,63,61,63,0,7593,1.05158142133981,28,-86,0.001869,51,2026-03-21 15:45:17.001675,534,1.037,0.0011,"aoml_navis",1029.57001286963
"7901009",105,0,1,0.029904,1,0.007476,1,111.906523458672,1,4.85634646411461,536,1,8.81999969482422,35.0120010375977,0.0299040004611015,0.0159959103912115,107.910400390625,-86.1529,27.8293,53.9324858785091,63,63,63,63,61,63,0,7593,1.05158142133981,28,-86,0.001869,51,2026-03-21 15:45:17.001675,536,1.037,0.0011,"aoml_navis",1029.58057810473
"7901009",105,0,1,0.029904,1,0.007476,1,111.92975287111,1,4.85627795225309,538,1,8.76900005340576,35.007999420166,0.0299040004611015,0.0159959103912115,107.932800292969,-86.1529,27.8293,53.9324858785091,63,63,63,63,61,63,0,7593,1.05158142133981,28,-86,0.001869,51,2026-03-21 15:45:17.001675,538,1.037,0.0011,"aoml_navis",1029.59510331986
"7901009",105,0,1,0.024297,1,0.001869,1,111.924981980204,1,4.85623169211206,540,1,8.75500011444092,35.0060005187988,0.0242970008403063,0.010663939639926,107.928199768066,-86.1529,27.8293,53.9324858785091,63,63,63,63,61,63,0,7593,1.05158142133981,28,-86,0.001869,51,2026-03-21 15:45:17.001675,540,1.037,0.0011,"aoml_navis",1029.60491117454
"7901009",105,0,1,0.028035,1,0.005607,1,112.037086048612,1,4.85617188104685,542,1,8.72399997711182,35.0040016174316,0.0280349999666214,0.0142185855656862,108.03630065918,-86.1529,27.8293,53.9324858785091,63,63,63,63,61,63,0,7593,1.05158142133981,28,-86,0.001869,51,2026-03-21 15:45:17.001675,542,1.037,0.0011,"aoml_navis",1029.61759230856
"7901009",105,0,1,0.024297,1,0.001869,1,112.245011443329,1,4.85611549986461,544,1,8.6879997253418,35,0.0242970008403063,0.010663939639926,108.236801147461,-86.1529,27.8293,53.9324858785091,63,63,63,63,61,63,0,7593,1.05158142133981,28,-86,0.001869,51,2026-03-21 15:45:17.001675,544,1.037,0.0011,"aoml_navis",1029.62954652528
"7901009",105,0,1,0.031773,1,0.009345,1,112.522419365307,1,4.85606501117392,546,1,8.66399955749512,34.9970016479492,0.0317730009555817,0.0177732333540916,108.504302978516,-86.1529,27.8293,53.9324858785091,63,63,63,63,61,63,0,7593,1.05158142133981,28,-86,0.001869,51,2026-03-21 15:45:17.001675,546,1.037,0.0011,"aoml_navis",1029.64025162243
"7901009",105,0,1,0.024297,1,0.001869,1,112.910886981563,1,4.85600634035193,548,1,8.625,34.9930000305176,0.0242970008403063,0.010663939639926,108.878898620605,-86.1529,27.8293,53.9324858785091,63,63,63,63,61,63,0,7593,1.05158142133981,28,-86,0.001869,51,2026-03-21 15:45:17.001675,548,1.037,0.0011,"aoml_navis",1029.65269185329
"7901009",105,0,1,0.031773,1,0.009345,1,113.134264366231,1,4.8559476986361,550,1,8.57199954986572,34.9860000610352,0.0317730009555817,0.0177732333540916,109.094299316406,-86.1529,27.8293,53.9324858785091,63,63,63,63,61,63,0,7593,1.05158142133981,28,-86,0.001869,51,2026-03-21 15:45:17.001675,550,1.037,0.0011,"aoml_navis",1029.66512621303
"7901009",105,0,1,0.028035,1,0.005607,1,113.272912943743,1,4.85589574341898,552,1,8.54599952697754,34.9830017089844,0.0280349999666214,0.0142185855656862,109.227996826172,-86.1529,27.8293,53.9324858785091,63,63,63,63,61,63,0,7593,1.05158142133981,28,-86,0.001869,51,2026-03-21 15:45:17.001675,552,1.037,0.0011,"aoml_navis",1029.67614302188
"7901009",105,0,1,0.029904,1,0.007476,1,113.460829079585,1,4.85583857389508,554,1,8.51799964904785,34.9809989929199,0.0299040004611015,0.0159959103912115,109.409202575684,-86.1529,27.8293,53.9324858785091,63,63,63,63,61,63,0,7593,1.05158142133981,28,-86,0.001869,51,2026-03-21 15:45:17.001675,554,1.037,0.0011,"aoml_navis",1029.6882657673
"7901009",105,0,1,0.029904,1,0.007476,1,113.62903660971,1,4.85579612093254,556,1,8.50399971008301,34.9780006408691,0.0299040004611015,0.0159959103912115,109.571403503418,-86.1529,27.8293,53.9324858785091,63,63,63,63,61,63,0,7593,1.05158142133981,28,-86,0.001869,51,2026-03-21 15:45:17.001675,556,1.037,0.0011,"aoml_navis",1029.697268064
"7901009",105,0,1,0.033642,1,0.011214,1,113.934128358024,1,4.85572332779217,558,1,8.44200038909912,34.9729995727539,0.0336420014500618,0.0195505544543266,109.865600585938,-86.1529,27.8293,53.9324858785091,63,63,63,63,61,63,0,7593,1.05158142133981,28,-86,0.001869,51,2026-03-21 15:45:17.001675,558,1.037,0.0011,"aoml_navis",1029.7127044661
"7901009",105,0,1,0.028035,1,0.005607,1,114.067286059436,1,4.85566165444175,560,1,8.39400005340576,34.9679985046387,0.0280349999666214,0.0142185855656862,109.994003295898,-86.1529,27.8293,53.9324858785091,63,63,63,63,61,63,0,7593,1.05158142133981,28,-86,0.001869,51,2026-03-21 15:45:17.001675,560,1.037,0.0011,"aoml_navis",1029.72578318471
"7901009",105,0,1,0.031773,1,0.009345,1,114.231442683849,1,4.85559739013133,562,1,8.35200023651123,34.9650001525879,0.0317730009555817,0.0177732333540916,110.152297973633,-86.1529,27.8293,53.9324858785091,63,63,63,63,61,63,0,7593,1.05158142133981,28,-86,0.001869,51,2026-03-21 15:45:17.001675,562,1.037,0.0011,"aoml_navis",1029.73941170702
"7901009",105,0,1,0.029904,1,0.007476,1,114.440926727835,1,4.85554410712304,564,1,8.32400035858154,34.9620018005371,0.0299040004611015,0.0159959103912115,110.354301452637,-86.1529,27.8293,53.9324858785091,63,63,63,63,61,63,0,7593,1.05158142133981,28,-86,0.001869,51,2026-03-21 15:45:17.001675,564,1.037,0.0011,"aoml_navis",1029.75071169986
"7901009",105,0,1,0.028035,1,0.005607,1,114.576671628792,1,4.85548542254903,566,1,8.28899955749512,34.9589996337891,0.0280349999666214,0.0142185855656862,110.485198974609,-86.1529,27.8293,53.9324858785091,63,63,63,63,61,63,0,7593,1.05158142133981,28,-86,0.001869,51,2026-03-21 15:45:17.001675,566,1.037,0.0011,"aoml_navis",1029.76315751662
"7901009",105,0,1,0.028035,1,0.005607,1,114.648535645543,1,4.85544251837698,568,1,8.2790002822876,34.9570007324219,0.0280349999666214,0.0142185855656862,110.554496765137,-86.1529,27.8293,53.9324858785091,63,63,63,63,61,63,0,7593,1.05158142133981,28,-86,0.001869,51,2026-03-21 15:45:17.001675,568,1.037,0.0011,"aoml_navis",1029.77225681818
"7901009",105,0,1,0.031773,1,0.009345,1,114.765410604857,1,4.85538485883476,570,1,8.25,34.9550018310547,0.0317730009555817,0.0177732333540916,110.667198181152,-86.1529,27.8293,53.9324858785091,63,63,63,63,61,63,0,7593,1.05158142133981,28,-86,0.001869,51,2026-03-21 15:45:17.001675,570,1.037,0.0011,"aoml_navis",1029.78448575546
"7901009",105,0,1,0.026166,1,0.003738,1,114.890062986659,1,4.85533499989325,572,1,8.23099994659424,34.9529991149902,0.0261659994721413,0.0124412626028061,110.787399291992,-86.1529,27.8293,53.9324858785091,63,63,63,63,61,63,0,7593,1.05158142133981,28,-86,0.001869,51,2026-03-21 15:45:17.001675,572,1.037,0.0011,"aoml_navis",1029.79506050765
"7901009",105,0,1,0.031773,1,0.009345,1,115.018346942137,1,4.8552853343632,574,1,8.21700000762939,34.9519996643066,0.0317730009555817,0.0177732333540916,110.911102294922,-86.1529,27.8293,53.9324858785091,63,63,63,63,61,63,0,7593,1.05158142133981,28,-86,0.001869,51,2026-03-21 15:45:17.001675,574,1.037,0.0011,"aoml_navis",1029.80559445448
"7901009",105,0,1,0.028035,1,0.005607,1,115.152121773715,1,4.85523316163248,576,1,8.19499969482422,34.9500007629395,0.0280349999666214,0.0142185855656862,111.040100097656,-86.1529,27.8293,53.9324858785091,63,63,63,63,61,63,0,7593,1.05158142133981,28,-86,0.001869,51,2026-03-21 15:45:17.001675,576,1.037,0.0011,"aoml_navis",1029.81666040501
"7901009",105,0,1,0.028035,1,0.005607,1,115.342933674187,1,4.85517929163312,578,1,8.16600036621094,34.9469985961914,0.0280349999666214,0.0142185855656862,111.224098205566,-86.1529,27.8293,53.9324858785091,63,63,63,63,61,63,0,7593,1.05158142133981,28,-86,0.001869,51,2026-03-21 15:45:17.001675,578,1.037,0.0011,"aoml_navis",1029.82808659949
"7901009",105,0,1,0.028035,1,0.005607,1,115.487081039726,1,4.85512947850219,580,1,8.14700031280518,34.9449996948242,0.0280349999666214,0.0142185855656862,111.363098144531,-86.1529,27.8293,53.9324858785091,63,63,63,63,61,63,0,7593,1.05158142133981,28,-86,0.001869,51,2026-03-21 15:45:17.001675,580,1.037,0.0011,"aoml_navis",1029.83865253013
"7901009",105,0,1,0.029904,1,0.007476,1,115.721970275584,1,4.85508490234708,582,1,8.13000011444092,34.9420013427734,0.0299040004611015,0.0159959103912115,111.589599609375,-86.1529,27.8293,53.9324858785091,63,63,63,63,61,63,0,7593,1.05158142133981,28,-86,0.001869,51,2026-03-21 15:45:17.001675,582,1.037,0.0011,"aoml_navis",1029.84810782256
"7901009",105,0,1,0.029904,1,0.007476,1,116.061289012389,1,4.85502263658269,584,1,8.09000015258789,34.9389991760254,0.0299040004611015,0.0159959103912115,111.916801452637,-86.1529,27.8293,53.9324858785091,63,63,63,63,61,63,0,7593,1.05158142133981,28,-86,0.001869,51,2026-03-21 15:45:17.001675,584,1.037,0.0011,"aoml_navis",1029.86131564556
"7901009",105,0,1,0.028035,1,0.005607,1,116.528678082691,1,4.85496165957447,586,1,8.04199981689453,34.9339981079102,0.0280349999666214,0.0142185855656862,112.367500305176,-86.1529,27.8293,53.9324858785091,63,63,63,63,61,63,0,7593,1.05158142133981,28,-86,0.001869,51,2026-03-21 15:45:17.001675,586,1.037,0.0011,"aoml_navis",1029.87425042575
"7901009",105,0,1,0.026166,1,0.003738,1,116.849744008019,1,4.85490489004669,588,1,8.00899982452393,34.9309997558594,0.0261659994721413,0.0124412626028061,112.677101135254,-86.1529,27.8293,53.9324858785091,63,63,63,63,61,63,0,7593,1.05158142133981,28,-86,0.001869,51,2026-03-21 15:45:17.001675,588,1.037,0.0011,"aoml_navis",1029.88629298398
"7901009",105,0,1,0.029904,1,0.007476,1,117.227427670204,1,4.85484269062272,590,1,7.96400022506714,34.9269981384277,0.0299040004611015,0.0159959103912115,113.041297912598,-86.1529,27.8293,53.9324858785091,63,63,63,63,61,63,0,7593,1.05158142133981,28,-86,0.001869,51,2026-03-21 15:45:17.001675,590,1.037,0.0011,"aoml_navis",1029.89948771309
"7901009",105,0,1,0.031773,1,0.009345,1,117.427781352489,1,4.85479073619422,592,1,7.94199991226196,34.9249992370605,0.0317730009555817,0.0177732333540916,113.234497070312,-86.1529,27.8293,53.9324858785091,63,63,63,63,61,63,0,7593,1.05158142133981,28,-86,0.001869,51,2026-03-21 15:45:17.001675,592,1.037,0.0011,"aoml_navis",1029.9105093703
"7901009",105,0,1,0.028035,1,0.005607,1,117.68912015435,1,4.85473714916488,594,1,7.91300010681152,34.9220008850098,0.0280349999666214,0.0142185855656862,113.486503601074,-86.1529,27.8293,53.9324858785091,63,63,63,63,61,63,0,7593,1.05158142133981,28,-86,0.001869,51,2026-03-21 15:45:17.001675,594,1.037,0.0011,"aoml_navis",1029.92187761599
"7901009",105,0,1,0.029904,1,0.007476,1,117.929603121337,1,4.8546723247374,596,1,7.87400007247925,34.9199981689453,0.0299040004611015,0.0159959103912115,113.718399047852,-86.1529,27.8293,53.9324858785091,63,63,63,63,61,63,0,7593,1.05158142133981,28,-86,0.001869,51,2026-03-21 15:45:17.001675,596,1.037,0.0011,"aoml_navis",1029.93563016026
"7901009",105,0,1,0.031773,1,0.009345,1,118.047205977771,1,4.85462424400106,598,1,7.85699987411499,34.9179992675781,0.0317730009555817,0.0177732333540916,113.831802368164,-86.1529,27.8293,53.9324858785091,63,63,63,63,61,63,0,7593,1.05158142133981,28,-86,0.001869,51,2026-03-21 15:45:17.001675,598,1.037,0.0011,"aoml_navis",1029.94583075685
"7901009",105,0,1,0.029904,1,0.007476,1,118.205452394047,1,4.85457325036357,600,1,7.84100008010864,34.9169998168945,0.0299040004611015,0.0159959103912115,113.984397888184,-86.1529,27.8293,53.9324858785091,63,63,63,63,61,63,0,7593,1.05158142133981,28,-86,0.001869,51,2026-03-21 15:45:17.001675,600,1.037,0.0011,"aoml_navis",1029.95664956246
"7901009",105,0,1,0.029904,1,0.007476,1,118.351364118909,1,4.85451988467196,602,1,7.81699991226196,34.9150009155273,0.0299040004611015,0.0159959103912115,114.125099182129,-86.1529,27.8293,53.9324858785091,63,63,63,63,61,63,0,7593,1.05158142133981,28,-86,0.001869,51,2026-03-21 15:45:17.001675,602,1.037,0.0011,"aoml_navis",1029.96797186626
"7901009",105,0,1,0.031773,1,0.009345,1,118.460873075845,1,4.85446512924098,604,1,7.7960000038147,34.9140014648438,0.0317730009555817,0.0177732333540916,114.230697631836,-86.1529,27.8293,53.9324858785091,63,63,63,63,61,63,0,7593,1.05158142133981,28,-86,0.001869,51,2026-03-21 15:45:17.001675,604,1.037,0.0011,"aoml_navis",1029.97958928212
"7901009",105,0,1,0.031773,1,0.009345,1,118.43940802273,1,4.85441721072273,606,1,7.78399991989136,34.9129981994629,0.0317730009555817,0.0177732333540916,114.209999084473,-86.1529,27.8293,53.9324858785091,63,63,63,63,61,63,0,7593,1.05158142133981,28,-86,0.001869,51,2026-03-21 15:45:17.001675,606,1.037,0.0011,"aoml_navis",1029.98975633073
"7901009",105,0,1,0.031773,1,0.009345,1,118.652412873437,1,4.85435785447308,608,1,7.7519998550415,34.9109992980957,0.0317730009555817,0.0177732333540916,114.415397644043,-86.1529,27.8293,53.9324858785091,63,63,63,63,61,63,0,7593,1.05158142133981,28,-86,0.001869,51,2026-03-21 15:45:17.001675,608,1.037,0.0011,"aoml_navis",1030.00235044327
"7901009",105,0,1,0.031773,1,0.009345,1,118.944030613106,1,4.85428272317094,610,1,7.69899988174438,34.9090003967285,0.0317730009555817,0.0177732333540916,114.696601867676,-86.1529,27.8293,53.9324858785091,63,63,63,63,61,63,0,7593,1.05158142133981,28,-86,0.001869,51,2026-03-21 15:45:17.001675,610,1.037,0.0011,"aoml_navis",1030.01829212244
"7901009",105,0,1,0.028035,1,0.005607,1,119.188145153768,1,4.85422197723427,612,1,7.66499996185303,34.9070014953613,0.0280349999666214,0.0142185855656862,114.931999206543,-86.1529,27.8293,53.9324858785091,63,63,63,63,61,63,0,7593,1.05158142133981,28,-86,0.001869,51,2026-03-21 15:45:17.001675,612,1.037,0.0011,"aoml_navis",1030.03118181439
"7901009",105,0,1,0.029904,1,0.007476,1,119.496037723609,1,4.85416497649574,614,1,7.63100004196167,34.9039993286133,0.0299040004611015,0.0159959103912115,115.228897094727,-86.1529,27.8293,53.9324858785091,63,63,63,63,61,63,0,7593,1.05158142133981,28,-86,0.001869,51,2026-03-21 15:45:17.001675,614,1.037,0.0011,"aoml_navis",1030.04327710542
"7901009",105,0,1,0.029904,1,0.007476,1,119.821771684816,1,4.85409011953236,616,1,7.57800006866455,34.9020004272461,0.0299040004611015,0.0159959103912115,115.542999267578,-86.1529,27.8293,53.9324858785091,63,63,63,63,61,63,0,7593,1.05158142133981,28,-86,0.001869,51,2026-03-21 15:45:17.001675,616,1.037,0.0011,"aoml_navis",1030.05916183561
"7901009",105,0,1,0.031773,1,0.009345,1,120.061226101525,1,4.85403476598431,618,1,7.55100011825562,34.9000015258789,0.0317730009555817,0.0177732333540916,115.773902893066,-86.1529,27.8293,53.9324858785091,63,63,63,63,61,63,0,7593,1.05158142133981,28,-86,0.001869,51,2026-03-21 15:45:17.001675,618,1.037,0.0011,"aoml_navis",1030.07090823464
"7901009",105,0,1,0.029904,1,0.007476,1,120.239695398657,1,4.85397502584512,620,1,7.52299976348877,34.898998260498,0.0299040004611015,0.0159959103912115,115.945999145508,-86.1529,27.8293,53.9324858785091,63,63,63,63,61,63,0,7593,1.05158142133981,28,-86,0.001869,51,2026-03-21 15:45:17.001675,620,1.037,0.0011,"aoml_navis",1030.08358579872
"7901009",105,0,1,0.029904,1,0.007476,1,120.372853100069,1,4.85391303986445,622,1,7.48699998855591,34.8969993591309,0.0299040004611015,0.0159959103912115,116.074401855469,-86.1529,27.8293,53.9324858785091,63,63,63,63,61,63,0,7593,1.05158142133981,28,-86,0.001869,51,2026-03-21 15:45:17.001675,622,1.037,0.0011,"aoml_navis",1030.09674028681
"7901009",105,0,1,0.029904,1,0.007476,1,120.566774387151,1,4.85386597972576,624,1,7.47599983215332,34.8959999084473,0.0299040004611015,0.0159959103912115,116.26139831543,-86.1529,27.8293,53.9324858785091,63,63,63,63,61,63,0,7593,1.05158142133981,28,-86,0.001869,51,2026-03-21 15:45:17.001675,624,1.037,0.0011,"aoml_navis",1030.10672747963
"7901009",105,0,1,0.026166,1,0.003738,1,120.72202218377,1,4.85380408345745,626,1,7.44500017166138,34.8950004577637,0.0261659994721413,0.0124412626028061,116.411102294922,-86.1529,27.8293,53.9324858785091,63,63,63,63,61,63,0,7593,1.05158142133981,28,-86,0.001869,51,2026-03-21 15:45:17.001675,626,1.037,0.0011,"aoml_navis",1030.11986351917
"7901009",105,0,1,0.024297,1,0.001869,1,120.782168639273,1,4.85376000466682,628,1,7.43800020217896,34.8940010070801,0.0242970008403063,0.010663939639926,116.469100952148,-86.1529,27.8293,53.9324858785091,63,63,63,63,61,63,0,7593,1.05158142133981,28,-86,0.001869,51,2026-03-21 15:45:17.001675,628,1.037,0.0011,"aoml_navis",1030.12921841883
"7901009",105,0,1,0.026166,1,0.003738,1,120.848328157943,1,4.85371594996097,630,1,7.43599987030029,34.8940010070801,0.0261659994721413,0.0124412626028061,116.532897949219,-86.1529,27.8293,53.9324858785091,63,63,63,63,61,63,0,7593,1.05158142133981,28,-86,0.001869,51,2026-03-21 15:45:17.001675,630,1.037,0.0011,"aoml_navis",1030.13856837671
"7901009",105,0,1,0.028035,1,0.005607,1,120.996834994276,1,4.8536666869798,632,1,7.42199993133545,34.8930015563965,0.0280349999666214,0.0142185855656862,116.67610168457,-86.1529,27.8293,53.9324858785091,63,63,63,63,61,63,0,7593,1.05158142133981,28,-86,0.001869,51,2026-03-21 15:45:17.001675,632,1.037,0.0011,"aoml_navis",1030.1490239148
"7901009",105,0,1,0.029904,1,0.007476,1,121.20610541628,1,4.85360856321213,634,1,7.39599990844727,34.8919982910156,0.0299040004611015,0.0159959103912115,116.877899169922,-86.1529,27.8293,53.9324858785091,63,63,63,63,61,63,0,7593,1.05158142133981,28,-86,0.001869,51,2026-03-21 15:45:17.001675,634,1.037,0.0011,"aoml_navis",1030.16136033248
"7901009",105,0,1,0.029904,1,0.007476,1,121.250697026807,1,4.85356007271567,636,1,7.38800001144409,34.8919982910156,0.0299040004611015,0.0159959103912115,116.9208984375,-86.1529,27.8293,53.9324858785091,63,63,63,63,61,63,0,7593,1.05158142133981,28,-86,0.001869,51,2026-03-21 15:45:17.001675,636,1.037,0.0011,"aoml_navis",1030.17165237277
"7901009",105,0,1,0.031773,1,0.009345,1,121.382715410987,1,4.85351822743859,638,1,7.38399982452393,34.890998840332,0.0317730009555817,0.0177732333540916,117.048202514648,-86.1529,27.8293,53.9324858785091,63,63,63,63,61,63,0,7593,1.05158142133981,28,-86,0.001869,51,2026-03-21 15:45:17.001675,638,1.037,0.0011,"aoml_navis",1030.18053413981
"7901009",105,0,1,0.024297,1,0.001869,1,121.582752616262,1,4.8534726866888,640,1,7.375,34.8899993896484,0.0242970008403063,0.010663939639926,117.241096496582,-86.1529,27.8293,53.9324858785091,63,63,63,63,61,63,0,7593,1.05158142133981,28,-86,0.001869,51,2026-03-21 15:45:17.001675,640,1.037,0.0011,"aoml_navis",1030.19020045442
"7901009",105,0,1,0.026166,1,0.003738,1,121.813187438223,1,4.85341967305308,641.900024414062,1,7.35300016403198,34.8889999389648,0.0261659994721413,0.0124412626028061,117.463302612305,-86.1529,27.8293,53.9324858785091,63,63,63,63,61,63,0,7593,1.05158142133981,28,-86,0.001869,51,2026-03-21 15:45:17.001675,641.900024414062,1.037,0.0011,"aoml_navis",1030.20145316523
"7901009",105,0,1,0.029904,1,0.007476,1,122.020796355932,1,4.85337348401645,644,1,7.34100008010864,34.8870010375977,0.0299040004611015,0.0159959103912115,117.663497924805,-86.1529,27.8293,53.9324858785091,63,63,63,63,61,63,0,7593,1.05158142133981,28,-86,0.001869,51,2026-03-21 15:45:17.001675,644,1.037,0.0011,"aoml_navis",1030.21125748233
"7901009",105,0,1,0.026166,1,0.003738,1,122.294572704235,1,4.85331394819121,646,1,7.31300020217896,34.8860015869141,0.0261659994721413,0.0124412626028061,117.92749786377,-86.1529,27.8293,53.9324858785091,63,63,63,63,61,63,0,7593,1.05158142133981,28,-86,0.001869,51,2026-03-21 15:45:17.001675,646,1.037,0.0011,"aoml_navis",1030.22389513117
"7901009",105,0,1,0.031773,1,0.009345,1,122.417777203722,1,4.85325960764127,648,1,7.29199981689453,34.8849983215332,0.0317730009555817,0.0177732333540916,118.04630279541,-86.1529,27.8293,53.9324858785091,63,63,63,63,61,63,0,7593,1.05158142133981,28,-86,0.001869,51,2026-03-21 15:45:17.001675,648,1.037,0.0011,"aoml_navis",1030.23543025139
"7901009",105,0,1,0.028035,1,0.005607,1,122.556631491291,1,4.85321630208863,650,1,7.28599977493286,34.8839988708496,0.0280349999666214,0.0142185855656862,118.180198669434,-86.1529,27.8293,53.9324858785091,63,63,63,63,61,63,0,7593,1.05158142133981,28,-86,0.001869,51,2026-03-21 15:45:17.001675,650,1.037,0.0011,"aoml_navis",1030.24462310658
"7901009",105,0,1,0.033642,1,0.011214,1,122.781148193189,1,4.85317079166645,652,1,7.27699995040894,34.882999420166,0.0336420014500618,0.0195505544543266,118.396697998047,-86.1529,27.8293,53.9324858785091,63,63,63,63,61,63,0,7593,1.05158142133981,28,-86,0.001869,51,2026-03-21 15:45:17.001675,652,1.037,0.0011,"aoml_navis",1030.25428418585
"7901009",105,0,1,0.028035,1,0.005607,1,123.080226878338,1,4.85311132218202,654,1,7.24900007247925,34.8819999694824,0.0280349999666214,0.0142185855656862,118.685096740723,-86.1529,27.8293,53.9324858785091,63,63,63,63,61,63,0,7593,1.05158142133981,28,-86,0.001869,51,2026-03-21 15:45:17.001675,654,1.037,0.0011,"aoml_navis",1030.26690880685
"7901009",105,0,1,0.029904,1,0.007476,1,123.444230821822,1,4.85305408330752,656,1,7.22399997711182,34.8810005187988,0.0299040004611015,0.0159959103912115,119.036102294922,-86.1529,27.8293,53.9324858785091,63,63,63,63,61,63,0,7593,1.05158142133981,28,-86,0.001869,51,2026-03-21 15:45:17.001675,656,1.037,0.0011,"aoml_navis",1030.27906018973
"7901009",105,0,1,0.028035,1,0.005607,1,123.826376809829,1,4.85299101216225,658,1,7.19099998474121,34.8800010681152,0.0280349999666214,0.0142185855656862,119.404602050781,-86.1529,27.8293,53.9324858785091,63,63,63,63,61,63,0,7593,1.05158142133981,28,-86,0.001869,51,2026-03-21 15:45:17.001675,658,1.037,0.0011,"aoml_navis",1030.2924500518
"7901009",105,0,1,0.031773,1,0.009345,1,124.184359778223,1,4.85293821607581,660,1,7.17199993133545,34.8790016174316,0.0317730009555817,0.0177732333540916,119.749801635742,-86.1529,27.8293,53.9324858785091,63,63,63,63,61,63,0,7593,1.05158142133981,28,-86,0.001869,51,2026-03-21 15:45:17.001675,660,1.037,0.0011,"aoml_navis",1030.30365880963
"7901009",105,0,1,0.031773,1,0.009345,1,124.589426613586,1,4.85287887632854,662,1,7.14400005340576,34.8779983520508,0.0317730009555817,0.0177732333540916,120.140403747559,-86.1529,27.8293,53.9324858785091,63,63,63,63,61,63,0,7593,1.05158142133981,28,-86,0.001869,51,2026-03-21 15:45:17.001675,662,1.037,0.0011,"aoml_navis",1030.31625709619
"7901009",105,0,1,0.029904,1,0.007476,1,124.994485537024,1,4.85282178155567,664,1,7.11399984359741,34.8759994506836,0.0299040004611015,0.0159959103912115,120.53099822998,-86.1529,27.8293,53.9324858785091,63,63,63,63,61,63,0,7593,1.05158142133981,28,-86,0.001869,51,2026-03-21 15:45:17.001675,664,1.037,0.0011,"aoml_navis",1030.32837904819
"7901009",105,0,1,0.029904,1,0.007476,1,125.404734683404,1,4.85275594795649,666,1,7.0770001411438,34.875,0.0299040004611015,0.0159959103912115,120.926597595215,-86.1529,27.8293,53.9324858785091,63,63,63,63,61,63,0,7593,1.05158142133981,28,-86,0.001869,51,2026-03-21 15:45:17.001675,666,1.037,0.0011,"aoml_navis",1030.34235671908
"7901009",105,0,1,0.029904,1,0.007476,1,125.697080320193,1,4.85269162136517,668,1,7.04199981689453,34.8740005493164,0.0299040004611015,0.0159959103912115,121.208503723145,-86.1529,27.8293,53.9324858785091,63,63,63,63,61,63,0,7593,1.05158142133981,28,-86,0.001869,51,2026-03-21 15:45:17.001675,668,1.037,0.0011,"aoml_navis",1030.35601479111
"7901009",105,0,1,0.029904,1,0.007476,1,125.915164626889,1,4.85263386200411,670,1,7.01599979400635,34.8730010986328,0.0299040004611015,0.0159959103912115,121.418800354004,-86.1529,27.8293,53.9324858785091,63,63,63,63,61,63,0,7593,1.05158142133981,28,-86,0.001869,51,2026-03-21 15:45:17.001675,670,1.037,0.0011,"aoml_navis",1030.3682787918
"7901009",105,0,1,0.031773,1,0.009345,1,126.059826267567,1,4.85257316633536,672,1,6.99100017547607,34.8730010986328,0.0317730009555817,0.0177732333540916,121.558296203613,-86.1529,27.8293,53.9324858785091,63,63,63,63,61,63,0,7593,1.05158142133981,28,-86,0.001869,51,2026-03-21 15:45:17.001675,672,1.037,0.0011,"aoml_navis",1030.38116657105
"7901009",105,0,1,0.033642,1,0.011214,1,126.148598068508,1,4.85252918820446,674,1,6.98400020599365,34.8720016479492,0.0336420014500618,0.0195505544543266,121.643898010254,-86.1529,27.8293,53.9324858785091,63,63,63,63,61,63,0,7593,1.05158142133981,28,-86,0.001869,51,2026-03-21 15:45:17.001675,674,1.037,0.0011,"aoml_navis",1030.39050484313
"7901009",105,0,1,0.031773,1,0.009345,1,126.325105208187,1,4.85248224903233,676,1,6.97800016403198,34.8720016479492,0.0317730009555817,0.0177732333540916,121.814102172852,-86.1529,27.8293,53.9324858785091,63,63,63,63,61,63,0,7593,1.05158142133981,28,-86,0.001869,51,2026-03-21 15:45:17.001675,676,1.037,0.0011,"aoml_navis",1030.40047204646
"7901009",105,0,1,0.031773,1,0.009345,1,126.598675846434,1,4.85242808564809,678,1,6.96199989318848,34.8720016479492,0.0317730009555817,0.0177732333540916,122.077903747559,-86.1529,27.8293,53.9324858785091,63,63,63,63,61,63,0,7593,1.05158142133981,28,-86,0.001869,51,2026-03-21 15:45:17.001675,678,1.037,0.0011,"aoml_navis",1030.41197350011
"7901009",105,0,1,0.028035,1,0.005607,1,126.889763487113,1,4.85237185970431,680,1,6.93800020217896,34.8709983825684,0.0280349999666214,0.0142185855656862,122.358596801758,-86.1529,27.8293,53.9324858785091,63,63,63,63,61,63,0,7593,1.05158142133981,28,-86,0.001869,51,2026-03-21 15:45:17.001675,680,1.037,0.0011,"aoml_navis",1030.42391320452
"7901009",105,0,1,0.028035,1,0.005607,1,127.215291738264,1,4.85232212655682,682,1,6.9229998588562,34.8699989318848,0.0280349999666214,0.0142185855656862,122.672500610352,-86.1529,27.8293,53.9324858785091,63,63,63,63,61,63,0,7593,1.05158142133981,28,-86,0.001869,51,2026-03-21 15:45:17.001675,682,1.037,0.0011,"aoml_navis",1030.43447437979
"7901009",105,0,1,0.029904,1,0.007476,1,127.551706798514,1,4.8522622355105,684,1,6.89900016784668,34.8699989318848,0.0299040004611015,0.0159959103912115,122.99690246582,-86.1529,27.8293,53.9324858785091,63,63,63,63,61,63,0,7593,1.05158142133981,28,-86,0.001869,51,2026-03-21 15:45:17.001675,684,1.037,0.0011,"aoml_navis",1030.44719294194
"7901009",105,0,1,0.033642,1,0.011214,1,127.82776178128,1,4.85221396233825,686,1,6.88600015640259,34.8689994812012,0.0336420014500618,0.0195505544543266,123.26309967041,-86.1529,27.8293,53.9324858785091,63,63,63,63,61,63,0,7593,1.05158142133981,28,-86,0.001869,51,2026-03-21 15:45:17.001675,686,1.037,0.0011,"aoml_navis",1030.45744454157
"7901009",105,0,1,0.029904,1,0.007476,1,128.11906304394,1,4.8521570723472,688,1,6.86100006103516,34.8680000305176,0.0299040004611015,0.0159959103912115,123.543998718262,-86.1529,27.8293,53.9324858785091,63,63,63,63,61,63,0,7593,1.05158142133981,28,-86,0.001869,51,2026-03-21 15:45:17.001675,688,1.037,0.0011,"aoml_navis",1030.4695263258
"7901009",105,0,1,0.028035,1,0.005607,1,128.413481605135,1,4.85209795444878,690,1,6.83799982070923,34.8680000305176,0.0280349999666214,0.0142185855656862,123.827903747559,-86.1529,27.8293,53.9324858785091,63,63,63,63,61,63,0,7593,1.05158142133981,28,-86,0.001869,51,2026-03-21 15:45:17.001675,690,1.037,0.0011,"aoml_navis",1030.48208155312
"7901009",105,0,1,0.028035,1,0.005607,1,128.736303977862,1,4.85202740128344,692,1,6.79899978637695,34.8680000305176,0.0280349999666214,0.0142185855656862,124.139198303223,-86.1529,27.8293,53.9324858785091,63,63,63,63,61,63,0,7593,1.05158142133981,28,-86,0.001869,51,2026-03-21 15:45:17.001675,692,1.037,0.0011,"aoml_navis",1030.497065758
"7901009",105,0,1,0.029904,1,0.007476,1,128.916126214206,1,4.85197405755144,694,1,6.78399991989136,34.8680000305176,0.0299040004611015,0.0159959103912115,124.312599182129,-86.1529,27.8293,53.9324858785091,63,63,63,63,61,63,0,7593,1.05158142133981,28,-86,0.001869,51,2026-03-21 15:45:17.001675,694,1.037,0.0011,"aoml_navis",1030.50839528257
"7901009",105,0,1,0.029904,1,0.007476,1,129.22340165388,1,4.85192429484859,696,1,6.77400016784668,34.8680000305176,0.0299040004611015,0.0159959103912115,124.608901977539,-86.1529,27.8293,53.9324858785091,63,63,63,63,61,63,0,7593,1.05158142133981,28,-86,0.001869,51,2026-03-21 15:45:17.001675,696,1.037,0.0011,"aoml_navis",1030.51896446707
"7901009",105,0,1,0.028035,1,0.005607,1,129.550583497402,1,4.85186025740149,698,1,6.74399995803833,34.8680000305176,0.0280349999666214,0.0142185855656862,124.92440032959,-86.1529,27.8293,53.9324858785091,63,63,63,63,61,63,0,7593,1.05158142133981,28,-86,0.001869,51,2026-03-21 15:45:17.001675,698,1.037,0.0011,"aoml_navis",1030.53256580762
"7901009",105,0,1,0.028035,1,0.005607,1,129.840642587803,1,4.85179768034717,700,1,6.71600008010864,34.8680000305176,0.0280349999666214,0.0142185855656862,125.2041015625,-86.1529,27.8293,53.9324858785091,63,63,63,63,61,63,0,7593,1.05158142133981,28,-86,0.001869,51,2026-03-21 15:45:17.001675,700,1.037,0.0011,"aoml_navis",1030.54585731246
"7901009",105,0,1,0.026166,1,0.003738,1,130.077082561004,1,4.85174366953687,702,1,6.69999980926514,34.8680000305176,0.0261659994721413,0.0124412626028061,125.432098388672,-86.1529,27.8293,53.9324858785091,63,63,63,63,61,63,0,7593,1.05158142133981,28,-86,0.001869,51,2026-03-21 15:45:17.001675,702,1.037,0.0011,"aoml_navis",1030.55732960379
"7901009",105,0,1,0.026166,1,0.003738,1,130.22714013468,1,4.85169833360087,704,1,6.69099998474121,34.867000579834,0.0261659994721413,0.0124412626028061,125.576797485352,-86.1529,27.8293,53.9324858785091,63,63,63,63,61,63,0,7593,1.05158142133981,28,-86,0.001869,51,2026-03-21 15:45:17.001675,704,1.037,0.0011,"aoml_navis",1030.56695948552
"7901009",105,0,1,0.026166,1,0.003738,1,130.500710772927,1,4.85165144691645,706,1,6.68499994277954,34.867000579834,0.0261659994721413,0.0124412626028061,125.840599060059,-86.1529,27.8293,53.9324858785091,63,63,63,63,61,63,0,7593,1.05158142133981,28,-86,0.001869,51,2026-03-21 15:45:17.001675,706,1.037,0.0011,"aoml_navis",1030.57691895361
"7901009",105,0,1,0.028035,1,0.005607,1,130.931285655192,1,4.85159532188286,708,1,6.66599988937378,34.867000579834,0.0280349999666214,0.0142185855656862,126.255798339844,-86.1529,27.8293,53.9324858785091,63,63,63,63,61,63,0,7593,1.05158142133981,28,-86,0.001869,51,2026-03-21 15:45:17.001675,708,1.037,0.0011,"aoml_navis",1030.58884104529
"7901009",105,0,1,0.029904,1,0.007476,1,131.379599073794,1,4.85153211553742,710,1,6.63700008392334,34.867000579834,0.0299040004611015,0.0159959103912115,126.688102722168,-86.1529,27.8293,53.9324858785091,63,63,63,63,61,63,0,7593,1.05158142133981,28,-86,0.001869,51,2026-03-21 15:45:17.001675,710,1.037,0.0011,"aoml_navis",1030.60226768099
"7901009",105,0,1,0.029904,1,0.007476,1,131.872701901053,1,4.85146979838002,712,1,6.60400009155273,34.8660011291504,0.0299040004611015,0.0159959103912115,127.163597106934,-86.1529,27.8293,53.9324858785091,63,63,63,63,61,63,0,7593,1.05158142133981,28,-86,0.001869,51,2026-03-21 15:45:17.001675,712,1.037,0.0011,"aoml_navis",1030.61550577303
"7901009",105,0,1,0.031773,1,0.009345,1,132.159960169926,1,4.85140949006411,714,1,6.5789999961853,34.8660011291504,0.0317730009555817,0.0177732333540916,127.44059753418,-86.1529,27.8293,53.9324858785091,63,63,63,63,61,63,0,7593,1.05158142133981,28,-86,0.001869,51,2026-03-21 15:45:17.001675,714,1.037,0.0011,"aoml_navis",1030.62831744882
"7901009",105,0,1,0.028035,1,0.005607,1,132.417873108168,1,4.85135414665051,716,1,6.56099987030029,34.8660011291504,0.0280349999666214,0.0142185855656862,127.689300537109,-86.1529,27.8293,53.9324858785091,63,63,63,63,61,63,0,7593,1.05158142133981,28,-86,0.001869,51,2026-03-21 15:45:17.001675,716,1.037,0.0011,"aoml_navis",1030.64007467938
"7901009",105,0,1,0.029904,1,0.007476,1,132.596658882309,1,4.8513037536719,718,1,6.55000019073486,34.8660011291504,0.0299040004611015,0.0159959103912115,127.861701965332,-86.1529,27.8293,53.9324858785091,63,63,63,63,61,63,0,7593,1.05158142133981,28,-86,0.001869,51,2026-03-21 15:45:17.001675,718,1.037,0.0011,"aoml_navis",1030.65078046609
"7901009",105,0,1,0.031773,1,0.009345,1,132.760095521528,1,4.85125054381105,720,1,6.53499984741211,34.8660011291504,0.0317730009555817,0.0177732333540916,128.019302368164,-86.1529,27.8293,53.9324858785091,63,63,63,63,61,63,0,7593,1.05158142133981,28,-86,0.001869,51,2026-03-21 15:45:17.001675,720,1.037,0.0011,"aoml_navis",1030.66208492957
"7901009",105,0,1,0.029904,1,0.007476,1,132.890863821524,1,4.85121160342903,722,1,6.53499984741211,34.8650016784668,0.0299040004611015,0.0159959103912115,128.145401000977,-86.1529,27.8293,53.9324858785091,63,63,63,63,61,63,0,7593,1.05158142133981,28,-86,0.001869,51,2026-03-21 15:45:17.001675,722,1.037,0.0011,"aoml_navis",1030.67035799177
"7901009",105,0,1,0.031773,1,0.009345,1,133.126275244447,1,4.85116545145519,724,1,6.53000020980835,34.8650016784668,0.0317730009555817,0.0177732333540916,128.372406005859,-86.1529,27.8293,53.9324858785091,63,63,63,63,61,63,0,7593,1.05158142133981,28,-86,0.001869,51,2026-03-21 15:45:17.001675,724,1.037,0.0011,"aoml_navis",1030.6801633616
"7901009",105,0,1,0.029904,1,0.007476,1,133.447341169775,1,4.85111225174373,726,1,6.5149998664856,34.8650016784668,0.0299040004611015,0.0159959103912115,128.682006835938,-86.1529,27.8293,53.9324858785091,63,63,63,63,61,63,0,7593,1.05158142133981,28,-86,0.001869,51,2026-03-21 15:45:17.001675,726,1.037,0.0011,"aoml_navis",1030.69146631327
"7901009",105,0,1,0.031773,1,0.009345,1,133.727644856383,1,4.85106205793474,728,1,6.49900007247925,34.8639984130859,0.0317730009555817,0.0177732333540916,128.952301025391,-86.1529,27.8293,53.9324858785091,63,63,63,63,61,63,0,7593,1.05158142133981,28,-86,0.001869,51,2026-03-21 15:45:17.001675,728,1.037,0.0011,"aoml_navis",1030.70213085022
"7901009",105,0,1,0.028035,1,0.005607,1,134.147641494631,1,4.85100887514055,730,1,6.48400020599365,34.8639984130859,0.0280349999666214,0.0142185855656862,129.357299804688,-86.1529,27.8293,53.9324858785091,63,63,63,63,61,63,0,7593,1.05158142133981,28,-86,0.001869,51,2026-03-21 15:45:17.001675,730,1.037,0.0011,"aoml_navis",1030.71343068923
"7901009",105,0,1,0.026166,1,0.003738,1,134.390205297951,1,4.85095148326505,732,1,6.46299982070923,34.8639984130859,0.0261659994721413,0.0124412626028061,129.591201782227,-86.1529,27.8293,53.9324858785091,63,63,63,63,61,63,0,7593,1.05158142133981,28,-86,0.001869,51,2026-03-21 15:45:17.001675,732,1.037,0.0011,"aoml_navis",1030.72562511687
"7901009",105,0,1,0.029904,1,0.007476,1,134.590250415152,1,4.85089602227536,734,1,6.44999980926514,34.8650016784668,0.0299040004611015,0.0159959103912115,129.784103393555,-86.1529,27.8293,53.9324858785091,63,63,63,63,61,63,0,7593,1.05158142133981,28,-86,0.001869,51,2026-03-21 15:45:17.001675,734,1.037,0.0011,"aoml_navis",1030.73740955072
"7901009",105,0,1,0.029904,1,0.007476,1,134.858622918531,1,4.85085077807543,736,1,6.44099998474121,34.8639984130859,0.0299040004611015,0.0159959103912115,130.042892456055,-86.1529,27.8293,53.9324858785091,63,63,63,63,61,63,0,7593,1.05158142133981,28,-86,0.001869,51,2026-03-21 15:45:17.001675,736,1.037,0.0011,"aoml_navis",1030.74702330541
"7901009",105,0,1,0.028035,1,0.005607,1,135.224391221338,1,4.85079973034762,738,1,6.42899990081787,34.8639984130859,0.0280349999666214,0.0142185855656862,130.395599365234,-86.1529,27.8293,53.9324858785091,63,63,63,63,61,63,0,7593,1.05158142133981,28,-86,0.001869,51,2026-03-21 15:45:17.001675,738,1.037,0.0011,"aoml_navis",1030.75787044329
"7901009",105,0,1,0.031773,1,0.009345,1,135.593260998831,1,4.8507232755167,740,1,6.38600015640259,34.8650016784668,0.0317730009555817,0.0177732333540916,130.75129699707,-86.1529,27.8293,53.9324858785091,63,63,63,63,61,63,0,7593,1.05158142133981,28,-86,0.001869,51,2026-03-21 15:45:17.001675,740,1.037,0.0011,"aoml_navis",1030.77411676662
"7901009",105,0,1,0.031773,1,0.009345,1,135.764585827492,1,4.85067364895053,742,1,6.37599992752075,34.8650016784668,0.0317730009555817,0.0177732333540916,130.91650390625,-86.1529,27.8293,53.9324858785091,63,63,63,63,61,63,0,7593,1.05158142133981,28,-86,0.001869,51,2026-03-21 15:45:17.001675,742,1.037,0.0011,"aoml_navis",1030.78466247297
"7901009",105,0,1,0.031773,1,0.009345,1,136.020726494485,1,4.85063192292788,744,1,6.37200021743774,34.8639984130859,0.0317730009555817,0.0177732333540916,131.163497924805,-86.1529,27.8293,53.9324858785091,63,63,63,63,61,63,0,7593,1.05158142133981,28,-86,0.001869,51,2026-03-21 15:45:17.001675,744,1.037,0.0011,"aoml_navis",1030.7935294711
"7901009",105,0,1,0.026166,1,0.003738,1,136.293371437482,1,4.85058369974997,746,1,6.36399984359741,34.8639984130859,0.0261659994721413,0.0124412626028061,131.426406860352,-86.1529,27.8293,53.9324858785091,63,63,63,63,61,63,0,7593,1.05158142133981,28,-86,0.001869,51,2026-03-21 15:45:17.001675,746,1.037,0.0011,"aoml_navis",1030.80377733874
"7901009",105,0,1,0.029904,1,0.007476,1,136.677273872888,1,4.85051920655159,748,1,6.33799982070923,34.8650016784668,0.0299040004611015,0.0159959103912115,131.796600341797,-86.1529,27.8293,53.9324858785091,63,63,63,63,61,63,0,7593,1.05158142133981,28,-86,0.001869,51,2026-03-21 15:45:17.001675,748,1.037,0.0011,"aoml_navis",1030.81748305347
"7901009",105,0,1,0.029904,1,0.007476,1,136.894329629306,1,4.85046053232933,750,1,6.31500005722046,34.8650016784668,0.0299040004611015,0.0159959103912115,132.005905151367,-86.1529,27.8293,53.9324858785091,63,63,63,63,61,63,0,7593,1.05158142133981,28,-86,0.001869,51,2026-03-21 15:45:17.001675,750,1.037,0.0011,"aoml_navis",1030.82995247028
"7901009",105,0,1,0.029904,1,0.007476,1,136.990870940811,1,4.85041232431428,752,1,6.30700016021729,34.8650016784668,0.0299040004611015,0.0159959103912115,132.098999023438,-86.1529,27.8293,53.9324858785091,63,63,63,63,61,63,0,7593,1.05158142133981,28,-86,0.001869,51,2026-03-21 15:45:17.001675,752,1.037,0.0011,"aoml_navis",1030.84019783965
"7901009",105,0,1,0.033642,1,0.011214,1,137.071968174291,1,4.85036829904406,754,1,6.30499982833862,34.8650016784668,0.0336420014500618,0.0195505544543266,132.177200317383,-86.1529,27.8293,53.9324858785091,63,63,63,63,61,63,0,7593,1.05158142133981,28,-86,0.001869,51,2026-03-21 15:45:17.001675,754,1.037,0.0011,"aoml_navis",1030.84955445248
"7901009",105,0,1,0.029904,1,0.007476,1,137.238925620232,1,4.85032288232987,756,1,6.30100011825562,34.8650016784668,0.0299040004611015,0.0159959103912115,132.338195800781,-86.1529,27.8293,53.9324858785091,63,63,63,63,61,63,0,7593,1.05158142133981,28,-86,0.001869,51,2026-03-21 15:45:17.001675,756,1.037,0.0011,"aoml_navis",1030.85920696443
"7901009",105,0,1,0.031773,1,0.009345,1,137.492281289548,1,4.85027468020814,758,1,6.29300022125244,34.8650016784668,0.0317730009555817,0.0177732333540916,132.582504272461,-86.1529,27.8293,53.9324858785091,63,63,63,63,61,63,0,7593,1.05158142133981,28,-86,0.001869,51,2026-03-21 15:45:17.001675,758,1.037,0.0011,"aoml_navis",1030.86945166277
"7901009",105,0,1,0.026166,1,0.003738,1,137.72944915987,1,4.85022648040519,760,1,6.28499984741211,34.8650016784668,0.0261659994721413,0.0124412626028061,132.81120300293,-86.1529,27.8293,53.9324858785091,63,63,63,63,61,63,0,7593,1.05158142133981,28,-86,0.001869,51,2026-03-21 15:45:17.001675,760,1.037,0.0011,"aoml_navis",1030.8796960719
"7901009",105,0,1,0.029904,1,0.007476,1,137.902324725873,1,4.85017480284366,762,1,6.27199983596802,34.8650016784668,0.0299040004611015,0.0159959103912115,132.977905273438,-86.1529,27.8293,53.9324858785091,63,63,63,63,61,63,0,7593,1.05158142133981,28,-86,0.001869,51,2026-03-21 15:45:17.001675,762,1.037,0.0011,"aoml_navis",1030.89067987168
"7901009",105,0,1,0.028035,1,0.005607,1,137.981649688104,1,4.85012382709943,764,1,6.26000022888184,34.8650016784668,0.0280349999666214,0.0142185855656862,133.054397583008,-86.1529,27.8293,53.9324858785091,63,63,63,63,61,63,0,7593,1.05158142133981,28,-86,0.001869,51,2026-03-21 15:45:17.001675,764,1.037,0.0011,"aoml_navis",1030.90151473312
"7901009",105,0,1,0.029904,1,0.007476,1,138.137720324946,1,4.85007981040004,766,1,6.25799989700317,34.8650016784668,0.0299040004611015,0.0159959103912115,133.204895019531,-86.1529,27.8293,53.9324858785091,63,63,63,63,61,63,0,7593,1.05158142133981,28,-86,0.001869,51,2026-03-21 15:45:17.001675,766,1.037,0.0011,"aoml_navis",1030.91087063732
"7901009",105,0,1,0.028035,1,0.005607,1,138.409732313925,1,4.850030231366,768,1,6.2480001449585,34.8650016784668,0.0280349999666214,0.0142185855656862,133.467193603516,-86.1529,27.8293,53.9324858785091,63,63,63,63,61,63,0,7593,1.05158142133981,28,-86,0.001869,51,2026-03-21 15:45:17.001675,768,1.037,0.0011,"aoml_navis",1030.92140903867
"7901009",105,0,1,0.029904,1,0.007476,1,138.573066098116,1,4.84997418851788,770,1,6.23400020599365,34.8660011291504,0.0299040004611015,0.0159959103912115,133.624694824219,-86.1529,27.8293,53.9324858785091,63,63,63,63,61,63,0,7593,1.05158142133981,28,-86,0.001869,51,2026-03-21 15:45:17.001675,770,1.037,0.0011,"aoml_navis",1030.93332163237
"7901009",105,0,1,0.026166,1,0.003738,1,138.775611383686,1,4.8499280913889,772,1,6.22900009155273,34.8660011291504,0.0261659994721413,0.0124412626028061,133.820007324219,-86.1529,27.8293,53.9324858785091,63,63,63,63,61,63,0,7593,1.05158142133981,28,-86,0.001869,51,2026-03-21 15:45:17.001675,772,1.037,0.0011,"aoml_navis",1030.94312034802
"7901009",105,0,1,0.029904,1,0.007476,1,139.126331204729,1,4.84988568337798,774,1,6.22399997711182,34.8650016784668,0.0299040004611015,0.0159959103912115,134.158203125,-86.1529,27.8293,53.9324858785091,63,63,63,63,61,63,0,7593,1.05158142133981,28,-86,0.001869,51,2026-03-21 15:45:17.001675,774,1.037,0.0011,"aoml_navis",1030.95213504444
"7901009",105,0,1,0.028035,1,0.005607,1,139.499457597989,1,4.849829174872,776,1,6.2039999961853,34.8650016784668,0.0280349999666214,0.0142185855656862,134.518005371094,-86.1529,27.8293,53.9324858785091,63,63,63,63,61,63,0,7593,1.05158142133981,28,-86,0.001869,51,2026-03-21 15:45:17.001675,776,1.037,0.0011,"aoml_navis",1030.96414733658
"7901009",105,0,1,0.028035,1,0.005607,1,139.989031706601,1,4.84977545431589,778,1,6.18800020217896,34.8650016784668,0.0280349999666214,0.0142185855656862,134.990097045898,-86.1529,27.8293,53.9324858785091,63,63,63,63,61,63,0,7593,1.05158142133981,28,-86,0.001869,51,2026-03-21 15:45:17.001675,778,1.037,0.0011,"aoml_navis",1030.97556724001
"7901009",105,0,1,0.033642,1,0.011214,1,140.45776580419,1,4.84970075162183,780,1,6.14699983596802,34.8660011291504,0.0336420014500618,0.0195505544543266,135.442092895508,-86.1529,27.8293,53.9324858785091,63,63,63,63,61,63,0,7593,1.05158142133981,28,-86,0.001869,51,2026-03-21 15:45:17.001675,780,1.037,0.0011,"aoml_navis",1030.991447942
"7901009",105,0,1,0.029904,1,0.007476,1,140.562614637173,1,4.84964544960786,782,1,6.13399982452393,34.867000579834,0.0299040004611015,0.0159959103912115,135.543197631836,-86.1529,27.8293,53.9324858785091,63,63,63,63,61,63,0,7593,1.05158142133981,28,-86,0.001869,51,2026-03-21 15:45:17.001675,782,1.037,0.0011,"aoml_navis",1031.00320465784
"7901009",105,0,1,0.029904,1,0.007476,1,140.657399501279,1,4.84959867667582,784,1,6.12799978256226,34.867000579834,0.0299040004611015,0.0159959103912115,135.63459777832,-86.1529,27.8293,53.9324858785091,63,63,63,63,61,63,0,7593,1.05158142133981,28,-86,0.001869,51,2026-03-21 15:45:17.001675,784,1.037,0.0011,"aoml_navis",1031.01314837608
"7901009",105,0,1,0.031773,1,0.009345,1,140.776758805111,1,4.84955121497711,786,1,6.12099981307983,34.867000579834,0.0317730009555817,0.0177732333540916,135.749694824219,-86.1529,27.8293,53.9324858785091,63,63,63,63,61,63,0,7593,1.05158142133981,28,-86,0.001869,51,2026-03-21 15:45:17.001675,786,1.037,0.0011,"aoml_navis",1031.02323871913
"7901009",105,0,1,0.031773,1,0.009345,1,140.900691201719,1,4.84950582791291,788,1,6.11700010299683,34.867000579834,0.0317730009555817,0.0177732333540916,135.869201660156,-86.1529,27.8293,53.9324858785091,63,63,63,63,61,63,0,7593,1.05158142133981,28,-86,0.001869,51,2026-03-21 15:45:17.001675,788,1.037,0.0011,"aoml_navis",1031.03288818025
"7901009",105,0,1,0.031773,1,0.009345,1,141.130801634746,1,4.8494583702988,790,1,6.1100001335144,34.867000579834,0.0317730009555817,0.0177732333540916,136.091094970703,-86.1529,27.8293,53.9324858785091,63,63,63,63,61,63,0,7593,1.05158142133981,28,-86,0.001869,51,2026-03-21 15:45:17.001675,790,1.037,0.0011,"aoml_navis",1031.04297804126
"7901009",105,0,1,0.024297,1,0.001869,1,141.594567043298,1,4.84940884353476,792,1,6.09999990463257,34.867000579834,0.0242970008403063,0.010663939639926,136.538299560547,-86.1529,27.8293,53.9324858785091,63,63,63,63,61,63,0,7593,1.05158142133981,28,-86,0.001869,51,2026-03-21 15:45:17.001675,792,1.037,0.0011,"aoml_navis",1031.05350803037
"7901009",105,0,1,0.031773,1,0.009345,1,142.176853091609,1,4.849345530087,794,1,6.07000017166138,34.867000579834,0.0317730009555817,0.0177732333540916,137.099792480469,-86.1529,27.8293,53.9324858785091,63,63,63,63,61,63,0,7593,1.05158142133981,28,-86,0.001869,51,2026-03-21 15:45:17.001675,794,1.037,0.0011,"aoml_navis",1031.06696954842
"7901009",105,0,1,0.029904,1,0.007476,1,142.706366598719,1,4.84928613278704,796,1,6.05100011825562,34.8680000305176,0.0299040004611015,0.0159959103912115,137.610397338867,-86.1529,27.8293,53.9324858785091,63,63,63,63,61,63,0,7593,1.05158142133981,28,-86,0.001869,51,2026-03-21 15:45:17.001675,796,1.037,0.0011,"aoml_navis",1031.07959874629
"7901009",105,0,1,0.028035,1,0.005607,1,143.368927040287,1,4.8492215025152,798,1,6.01900005340576,34.8680000305176,0.0280349999666214,0.0142185855656862,138.249298095703,-86.1529,27.8293,53.9324858785091,63,63,63,63,61,63,0,7593,1.05158142133981,28,-86,0.001869,51,2026-03-21 15:45:17.001675,798,1.037,0.0011,"aoml_navis",1031.09334094279
"7901009",105,0,1,0.028035,1,0.005607,1,143.748272206768,1,4.84915459661696,800,1,5.98899984359741,34.8689994812012,0.0280349999666214,0.0142185855656862,138.615097045898,-86.1529,27.8293,53.9324858785091,63,63,63,63,61,63,0,7593,1.05158142133981,28,-86,0.001869,51,2026-03-21 15:45:17.001675,800,1.037,0.0011,"aoml_navis",1031.10756738675
"7901009",105,0,1,0.029904,1,0.007476,1,143.974869744999,1,4.84910579546938,802,1,5.98000001907349,34.8689994812012,0.0299040004611015,0.0159959103912115,138.833602905273,-86.1529,27.8293,53.9324858785091,63,63,63,63,61,63,0,7593,1.05158142133981,28,-86,0.001869,51,2026-03-21 15:45:17.001675,802,1.037,0.0011,"aoml_navis",1031.11794439948
"7901009",105,0,1,0.028035,1,0.005607,1,144.310651851232,1,4.84905768245717,804,1,5.97200012207031,34.8689994812012,0.0280349999666214,0.0142185855656862,139.15739440918,-86.1529,27.8293,53.9324858785091,63,63,63,63,61,63,0,7593,1.05158142133981,28,-86,0.001869,51,2026-03-21 15:45:17.001675,804,1.037,0.0011,"aoml_navis",1031.12817529247
"7901009",105,0,1,0.031773,1,0.009345,1,144.786142732956,1,4.84900751737258,806,1,5.96099996566772,34.8689994812012,0.0317730009555817,0.0177732333540916,139.615905761719,-86.1529,27.8293,53.9324858785091,63,63,63,63,61,63,0,7593,1.05158142133981,28,-86,0.001869,51,2026-03-21 15:45:17.001675,806,1.037,0.0011,"aoml_navis",1031.13884276039
"7901009",105,0,1,0.028035,1,0.005607,1,145.361165633917,1,4.84894272464852,808,1,5.93400001525879,34.8699989318848,0.0280349999666214,0.0142185855656862,140.170394897461,-86.1529,27.8293,53.9324858785091,63,63,63,63,61,63,0,7593,1.05158142133981,28,-86,0.001869,51,2026-03-21 15:45:17.001675,808,1.037,0.0011,"aoml_navis",1031.15262108245
"7901009",105,0,1,0.031773,1,0.009345,1,145.636294921432,1,4.84888574395637,810,1,5.91300010681152,34.8699989318848,0.0317730009555817,0.0177732333540916,140.435699462891,-86.1529,27.8293,53.9324858785091,63,63,63,63,61,63,0,7593,1.05158142133981,28,-86,0.001869,51,2026-03-21 15:45:17.001675,810,1.037,0.0011,"aoml_navis",1031.16473846223
"7901009",105,0,1,0.033642,1,0.011214,1,145.68566533479,1,4.84883696587716,812,1,5.90399980545044,34.8699989318848,0.0336420014500618,0.0195505544543266,140.483306884766,-86.1529,27.8293,53.9324858785091,63,63,63,63,61,63,0,7593,1.05158142133981,28,-86,0.001869,51,2026-03-21 15:45:17.001675,812,1.037,0.0011,"aoml_navis",1031.17511171991
"7901009",105,0,1,0.029904,1,0.007476,1,145.753897777866,1,4.84879365073399,814,1,5.90299987792969,34.8699989318848,0.0299040004611015,0.0159959103912115,140.549102783203,-86.1529,27.8293,53.9324858785091,63,63,63,63,61,63,0,7593,1.05158142133981,28,-86,0.001869,51,2026-03-21 15:45:17.001675,814,1.037,0.0011,"aoml_navis",1031.18432339209
"7901009",105,0,1,0.029904,1,0.007476,1,145.835722908466,1,4.84875033779858,816,1,5.90199995040894,34.8699989318848,0.0299040004611015,0.0159959103912115,140.628005981445,-86.1529,27.8293,53.9324858785091,63,63,63,63,61,63,0,7593,1.05158142133981,28,-86,0.001869,51,2026-03-21 15:45:17.001675,816,1.037,0.0011,"aoml_navis",1031.19353475933
"7901009",105,0,1,0.031773,1,0.009345,1,145.935792938618,1,4.84870702707078,818,1,5.90100002288818,34.8699989318848,0.0317730009555817,0.0177732333540916,140.724502563477,-86.1529,27.8293,53.9324858785091,63,63,63,63,61,63,0,7593,1.05158142133981,28,-86,0.001869,51,2026-03-21 15:45:17.001675,818,1.037,0.0011,"aoml_navis",1031.20274582163
"7901009",105,0,1,0.029904,1,0.007476,1,146.138528110392,1,4.84866166933351,820,1,5.89699983596802,34.8699989318848,0.0299040004611015,0.0159959103912115,140.919998168945,-86.1529,27.8293,53.9324858785091,63,63,63,63,61,63,0,7593,1.05158142133981,28,-86,0.001869,51,2026-03-21 15:45:17.001675,820,1.037,0.0011,"aoml_navis",1031.21239240586
"7901009",105,0,1,0.029904,1,0.007476,1,146.4533752625,1,4.84861563084535,822,1,5.89200019836426,34.8699989318848,0.0299040004611015,0.0159959103912115,141.223602294922,-86.1529,27.8293,53.9324858785091,63,63,63,63,61,63,0,7593,1.05158142133981,28,-86,0.001869,51,2026-03-21 15:45:17.001675,822,1.037,0.0011,"aoml_navis",1031.22218395527
"7901009",105,0,1,0.031773,1,0.009345,1,146.852943309836,1,4.84856413291678,824,1,5.87900018692017,34.8699989318848,0.0317730009555817,0.0177732333540916,141.608901977539,-86.1529,27.8293,53.9324858785091,63,63,63,63,61,63,0,7593,1.05158142133981,28,-86,0.001869,51,2026-03-21 15:45:17.001675,824,1.037,0.0011,"aoml_navis",1031.23313684873
"7901009",105,0,1,0.033642,1,0.011214,1,147.378722388244,1,4.84851400485613,826,1,5.86800003051758,34.8699989318848,0.0336420014500618,0.0195505544543266,142.115905761719,-86.1529,27.8293,53.9324858785091,63,63,63,63,61,63,0,7593,1.05158142133981,28,-86,0.001869,51,2026-03-21 15:45:17.001675,826,1.037,0.0011,"aoml_navis",1031.24379861379
"7901009",105,0,1,0.029904,1,0.007476,1,147.83065155667,1,4.84844724988489,828,1,5.83799982070923,34.8709983825684,0.0299040004611015,0.0159959103912115,142.551696777344,-86.1529,27.8293,53.9324858785091,63,63,63,63,61,63,0,7593,1.05158142133981,28,-86,0.001869,51,2026-03-21 15:45:17.001675,828,1.037,0.0011,"aoml_navis",1031.25799710798
"7901009",105,0,1,0.029904,1,0.007476,1,148.062534260946,1,4.84839003426263,830,1,5.82200002670288,34.8720016479492,0.0299040004611015,0.0159959103912115,142.775299072266,-86.1529,27.8293,53.9324858785091,63,63,63,63,61,63,0,7593,1.05158142133981,28,-86,0.001869,51,2026-03-21 15:45:17.001675,830,1.037,0.0011,"aoml_navis",1031.270166935
"7901009",105,0,1,0.029904,1,0.007476,1,148.397699237012,1,4.84834536777756,832,1,5.81899976730347,34.8720016479492,0.0299040004611015,0.0159959103912115,143.098495483398,-86.1529,27.8293,53.9324858785091,63,63,63,63,61,63,0,7593,1.05158142133981,28,-86,0.001869,51,2026-03-21 15:45:17.001675,832,1.037,0.0011,"aoml_navis",1031.2796677461
"7901009",105,0,1,0.029904,1,0.007476,1,148.858458113982,1,4.84829526295652,834,1,5.80800008773804,34.8720016479492,0.0299040004611015,0.0159959103912115,143.54280090332,-86.1529,27.8293,53.9324858785091,63,63,63,63,61,63,0,7593,1.05158142133981,28,-86,0.001869,51,2026-03-21 15:45:17.001675,834,1.037,0.0011,"aoml_navis",1031.29032553
"7901009",105,0,1,0.029904,1,0.007476,1,149.323046362756,1,4.84823196624893,836,1,5.78299999237061,34.8730010986328,0.0299040004611015,0.0159959103912115,143.990798950195,-86.1529,27.8293,53.9324858785091,63,63,63,63,61,63,0,7593,1.05158142133981,28,-86,0.001869,51,2026-03-21 15:45:17.001675,836,1.037,0.0011,"aoml_navis",1031.3037896717
"7901009",105,0,1,0.029904,1,0.007476,1,149.699495764608,1,4.84818255312676,838,1,5.77299976348877,34.8730010986328,0.0299040004611015,0.0159959103912115,144.353805541992,-86.1529,27.8293,53.9324858785091,63,63,63,63,61,63,0,7593,1.05158142133981,28,-86,0.001869,51,2026-03-21 15:45:17.001675,838,1.037,0.0011,"aoml_navis",1031.31430081471
"7901009",105,0,1,0.029904,1,0.007476,1,149.988929812916,1,4.84812403229929,840,1,5.75500011444092,34.8740005493164,0.0299040004611015,0.0159959103912115,144.632904052734,-86.1529,27.8293,53.9324858785091,63,63,63,63,61,63,0,7593,1.05158142133981,28,-86,0.001869,51,2026-03-21 15:45:17.001675,840,1.037,0.0011,"aoml_navis",1031.32674962292
"7901009",105,0,1,0.029904,1,0.007476,1,150.145934056933,1,4.8480773394893,842,1,5.74900007247925,34.8740005493164,0.0299040004611015,0.0159959103912115,144.784301757812,-86.1529,27.8293,53.9324858785091,63,63,63,63,61,63,0,7593,1.05158142133981,28,-86,0.001869,51,2026-03-21 15:45:17.001675,842,1.037,0.0011,"aoml_navis",1031.33668253871
"7901009",105,0,1,0.033642,1,0.011214,1,150.352925844475,1,4.8480320038927,844,1,5.74499988555908,34.8740005493164,0.0336420014500618,0.0195505544543266,144.983901977539,-86.1529,27.8293,53.9324858785091,63,63,63,63,61,63,0,7593,1.05158142133981,28,-86,0.001869,51,2026-03-21 15:45:17.001675,844,1.037,0.0011,"aoml_navis",1031.3463269189
"7901009",105,0,1,0.029904,1,0.007476,1,150.593211013332,1,4.84798463732571,846,1,5.73799991607666,34.8740005493164,0.0299040004611015,0.0159959103912115,145.215606689453,-86.1529,27.8293,53.9324858785091,63,63,63,63,61,63,0,7593,1.05158142133981,28,-86,0.001869,51,2026-03-21 15:45:17.001675,846,1.037,0.0011,"aoml_navis",1031.35640354631
"7901009",105,0,1,0.028035,1,0.005607,1,150.914688358771,1,4.84793591840352,848,1,5.72900009155273,34.8740005493164,0.0280349999666214,0.0142185855656862,145.525604248047,-86.1529,27.8293,53.9324858785091,63,63,63,63,61,63,0,7593,1.05158142133981,28,-86,0.001869,51,2026-03-21 15:45:17.001675,848,1.037,0.0011,"aoml_navis",1031.3667680753
"7901009",105,0,1,0.031773,1,0.009345,1,151.236988544434,1,4.84788246415265,850,1,5.71299982070923,34.8740005493164,0.0317730009555817,0.0177732333540916,145.836395263672,-86.1529,27.8293,53.9324858785091,63,63,63,63,61,63,0,7593,1.05158142133981,28,-86,0.001869,51,2026-03-21 15:45:17.001675,850,1.037,0.0011,"aoml_navis",1031.37814024415
"7901009",105,0,1,0.028035,1,0.005607,1,151.468776305607,1,4.84782736023322,852,1,5.69999980926514,34.875,0.0280349999666214,0.0142185855656862,146.059906005859,-86.1529,27.8293,53.9324858785091,63,63,63,63,61,63,0,7593,1.05158142133981,28,-86,0.001869,51,2026-03-21 15:45:17.001675,852,1.037,0.0011,"aoml_navis",1031.38986363563
"7901009",105,0,1,0.031773,1,0.009345,1,151.69546878694,1,4.84778068141142,854,1,5.69399976730347,34.875,0.0317730009555817,0.0177732333540916,146.278503417969,-86.1529,27.8293,53.9324858785091,63,63,63,63,61,63,0,7593,1.05158142133981,28,-86,0.001869,51,2026-03-21 15:45:17.001675,854,1.037,0.0011,"aoml_navis",1031.3997947911
"7901009",105,0,1,0.028035,1,0.005607,1,151.918316072618,1,4.84773400489984,856,1,5.68800020217896,34.875,0.0280349999666214,0.0142185855656862,146.493392944336,-86.1529,27.8293,53.9324858785091,63,63,63,63,61,63,0,7593,1.05158142133981,28,-86,0.001869,51,2026-03-21 15:45:17.001675,856,1.037,0.0011,"aoml_navis",1031.4097256463
"7901009",105,0,1,0.031773,1,0.009345,1,152.159329138595,1,4.84768530229138,858,1,5.67899990081787,34.875,0.0317730009555817,0.0177732333540916,146.725799560547,-86.1529,27.8293,53.9324858785091,63,63,63,63,61,63,0,7593,1.05158142133981,28,-86,0.001869,51,2026-03-21 15:45:17.001675,858,1.037,0.0011,"aoml_navis",1031.42008777604
"7901009",105,0,1,0.028035,1,0.005607,1,152.425438831362,1,4.8476322403947,860,1,5.66900014877319,34.8759994506836,0.0280349999666214,0.0142185855656862,146.982406616211,-86.1529,27.8293,53.9324858785091,63,63,63,63,61,63,0,7593,1.05158142133981,28,-86,0.001869,51,2026-03-21 15:45:17.001675,860,1.037,0.0011,"aoml_navis",1031.43137763951
"7901009",105,0,1,0.031773,1,0.009345,1,152.765161076354,1,4.84759060822069,862,1,5.66499996185303,34.875,0.0317730009555817,0.0177732333540916,147.309997558594,-86.1529,27.8293,53.9324858785091,63,63,63,63,61,63,0,7593,1.05158142133981,28,-86,0.001869,51,2026-03-21 15:45:17.001675,862,1.037,0.0011,"aoml_navis",1031.44023579896
"7901009",105,0,1,0.028035,1,0.005607,1,153.280464765773,1,4.84753012776286,864,1,5.64400005340576,34.8759994506836,0.0280349999666214,0.0142185855656862,147.806900024414,-86.1529,27.8293,53.9324858785091,63,63,63,63,61,63,0,7593,1.05158142133981,28,-86,0.001869,51,2026-03-21 15:45:17.001675,864,1.037,0.0011,"aoml_navis",1031.45310461588
"7901009",105,0,1,0.029904,1,0.007476,1,153.610550285849,1,4.84747235888783,866,1,5.6269998550415,34.8769989013672,0.0299040004611015,0.0159959103912115,148.125198364258,-86.1529,27.8293,53.9324858785091,63,63,63,63,61,63,0,7593,1.05158142133981,28,-86,0.001869,51,2026-03-21 15:45:17.001675,866,1.037,0.0011,"aoml_navis",1031.46539677168
"7901009",105,0,1,0.031773,1,0.009345,1,153.87281478296,1,4.84742704541032,868,1,5.6230001449585,34.8769989013672,0.0317730009555817,0.0177732333540916,148.37809753418,-86.1529,27.8293,53.9324858785091,63,63,63,63,61,63,0,7593,1.05158142133981,28,-86,0.001869,51,2026-03-21 15:45:17.001675,868,1.037,0.0011,"aoml_navis",1031.47503885265
"7901009",105,0,1,0.029904,1,0.007476,1,154.206539788637,1,4.8473770167801,870,1,5.61199998855591,34.8769989013672,0.0299040004611015,0.0159959103912115,148.699905395508,-86.1529,27.8293,53.9324858785091,63,63,63,63,61,63,0,7593,1.05158142133981,28,-86,0.001869,51,2026-03-21 15:45:17.001675,870,1.037,0.0011,"aoml_navis",1031.48568446225
"7901009",105,0,1,0.028035,1,0.005607,1,154.561927645559,1,4.84732330531057,872,1,5.60099983215332,34.8779983520508,0.0280349999666214,0.0142185855656862,149.042602539062,-86.1529,27.8293,53.9324858785091,63,63,63,63,61,63,0,7593,1.05158142133981,28,-86,0.001869,51,2026-03-21 15:45:17.001675,872,1.037,0.0011,"aoml_navis",1031.49711398911
"7901009",105,0,1,0.033642,1,0.011214,1,154.95329893837,1,4.84727126683696,874,1,5.58699989318848,34.8779983520508,0.0336420014500618,0.0195505544543266,149.419998168945,-86.1529,27.8293,53.9324858785091,63,63,63,63,61,63,0,7593,1.05158142133981,28,-86,0.001869,51,2026-03-21 15:45:17.001675,874,1.037,0.0011,"aoml_navis",1031.50818775255
"7901009",105,0,1,0.029904,1,0.007476,1,155.258810018721,1,4.84722125243138,876,1,5.57600021362305,34.8779983520508,0.0299040004611015,0.0159959103912115,149.714599609375,-86.1529,27.8293,53.9324858785091,63,63,63,63,61,63,0,7593,1.05158142133981,28,-86,0.001869,51,2026-03-21 15:45:17.001675,876,1.037,0.0011,"aoml_navis",1031.51883101932
"7901009",105,0,1,0.033642,1,0.011214,1,155.643139698089,1,4.84716888497646,878,1,5.56699991226196,34.8790016174316,0.0336420014500618,0.0195505544543266,150.085205078125,-86.1529,27.8293,53.9324858785091,63,63,63,63,61,63,0,7593,1.05158142133981,28,-86,0.001869,51,2026-03-21 15:45:17.001675,878,1.037,0.0011,"aoml_navis",1031.52997525983
"7901009",105,0,1,0.029904,1,0.007476,1,155.987007791894,1,4.84711551985686,880,1,5.55100011825562,34.8790016174316,0.0299040004611015,0.0159959103912115,150.416793823242,-86.1529,27.8293,53.9324858785091,63,63,63,63,61,63,0,7593,1.05158142133981,28,-86,0.001869,51,2026-03-21 15:45:17.001675,880,1.037,0.0011,"aoml_navis",1031.54133205962
"7901009",105,0,1,0.035511,1,0.013083,1,156.254367568846,1,4.84705914731749,882,1,5.53599977493286,34.8800010681152,0.0355109982192516,0.0213278792798519,150.674606323242,-86.1529,27.8293,53.9324858785091,63,63,63,63,61,63,0,7593,1.05158142133981,28,-86,0.001869,51,2026-03-21 15:45:17.001675,882,1.037,0.0011,"aoml_navis",1031.55332914952
"7901009",105,0,1,0.033642,1,0.011214,1,156.525952313863,1,4.84701116460429,884,1,5.52799987792969,34.8800010681152,0.0336420014500618,0.0195505544543266,150.936492919922,-86.1529,27.8293,53.9324858785091,63,63,63,63,61,63,0,7593,1.05158142133981,28,-86,0.001869,51,2026-03-21 15:45:17.001675,884,1.037,0.0011,"aoml_navis",1031.56354095343
"7901009",105,0,1,0.029904,1,0.007476,1,156.755350673621,1,4.84696385507675,886,1,5.52099990844727,34.8800010681152,0.0299040004611015,0.0159959103912115,151.157699584961,-86.1529,27.8293,53.9324858785091,63,63,63,63,61,63,0,7593,1.05158142133981,28,-86,0.001869,51,2026-03-21 15:45:17.001675,886,1.037,0.0011,"aoml_navis",1031.57360968619
"7901009",105,0,1,0.024297,1,0.001869,1,156.983293239139,1,4.84691453660876,888,1,5.51100015640259,34.8800010681152,0.0242970008403063,0.010663939639926,151.377502441406,-86.1529,27.8293,53.9324858785091,63,63,63,63,61,63,0,7593,1.05158142133981,28,-86,0.001869,51,2026-03-21 15:45:17.001675,888,1.037,0.0011,"aoml_navis",1031.58410618446
"7901009",105,0,1,0.028035,1,0.005607,1,157.217043157766,1,4.84686421529067,890,1,5.50500011444092,34.8810005187988,0.0280349999666214,0.0142185855656862,151.602905273438,-86.1529,27.8293,53.9324858785091,63,63,63,63,61,63,0,7593,1.05158142133981,28,-86,0.001869,51,2026-03-21 15:45:17.001675,890,1.037,0.0011,"aoml_navis",1031.59481634048
"7901009",105,0,1,0.029904,1,0.007476,1,157.508027943417,1,4.84681356278784,892,1,5.49300003051758,34.8810005187988,0.0299040004611015,0.0159959103912115,151.883499145508,-86.1529,27.8293,53.9324858785091,63,63,63,63,61,63,0,7593,1.05158142133981,28,-86,0.001869,51,2026-03-21 15:45:17.001675,892,1.037,0.0011,"aoml_navis",1031.60559720891
"7901009",105,0,1,0.029904,1,0.007476,1,157.699259175925,1,4.84676358474548,894,1,5.48199987411499,34.8810005187988,0.0299040004611015,0.0159959103912115,152.067901611328,-86.1529,27.8293,53.9324858785091,63,63,63,63,61,63,0,7593,1.05158142133981,28,-86,0.001869,51,2026-03-21 15:45:17.001675,894,1.037,0.0011,"aoml_navis",1031.61623474617
"7901009",105,0,1,0.029904,1,0.007476,1,157.872134741929,1,4.84671628812183,896,1,5.47499990463257,34.8810005187988,0.0299040004611015,0.0159959103912115,152.234603881836,-86.1529,27.8293,53.9324858785091,63,63,63,63,61,63,0,7593,1.05158142133981,28,-86,0.001869,51,2026-03-21 15:45:17.001675,896,1.037,0.0011,"aoml_navis",1031.62630176102
"7901009",105,0,1,0.028035,1,0.005607,1,158.083066668229,1,4.84666731502278,898,1,5.47100019454956,34.8819999694824,0.0280349999666214,0.0142185855656862,152.438003540039,-86.1529,27.8293,53.9324858785091,63,63,63,63,61,63,0,7593,1.05158142133981,28,-86,0.001869,51,2026-03-21 15:45:17.001675,898,1.037,0.0011,"aoml_navis",1031.63672581816
"7901009",105,0,1,0.029904,1,0.007476,1,158.242254603606,1,4.84662069164801,900,1,5.46500015258789,34.8819999694824,0.0299040004611015,0.0159959103912115,152.591506958008,-86.1529,27.8293,53.9324858785091,63,63,63,63,61,63,0,7593,1.05158142133981,28,-86,0.001869,51,2026-03-21 15:45:17.001675,900,1.037,0.0011,"aoml_navis",1031.64664992585
"7901009",105,0,1,0.033642,1,0.011214,1,158.402676799317,1,4.8465760778106,902,1,5.46199989318848,34.8819999694824,0.0336420014500618,0.0195505544543266,152.746200561523,-86.1529,27.8293,53.9324858785091,63,63,63,63,61,63,0,7593,1.05158142133981,28,-86,0.001869,51,2026-03-21 15:45:17.001675,902,1.037,0.0011,"aoml_navis",1031.6561464684
"7901009",105,0,1,0.028035,1,0.005607,1,158.772891604097,1,4.84652878893559,904,1,5.45499992370605,34.8819999694824,0.0280349999666214,0.0142185855656862,153.10319519043,-86.1529,27.8293,53.9324858785091,63,63,63,63,61,63,0,7593,1.05158142133981,28,-86,0.001869,51,2026-03-21 15:45:17.001675,904,1.037,0.0011,"aoml_navis",1031.66621261278
"7901009",105,0,1,0.028035,1,0.005607,1,159.102154283951,1,4.84647748912771,906,1,5.44199991226196,34.8819999694824,0.0280349999666214,0.0142185855656862,153.420700073242,-86.1529,27.8293,53.9324858785091,63,63,63,63,61,63,0,7593,1.05158142133981,28,-86,0.001869,51,2026-03-21 15:45:17.001675,906,1.037,0.0011,"aoml_navis",1031.67713276636
"7901009",105,0,1,0.033642,1,0.011214,1,159.440120081544,1,4.84642184051786,908,1,5.42799997329712,34.882999420166,0.0336420014500618,0.0195505544543266,153.746597290039,-86.1529,27.8293,53.9324858785091,63,63,63,63,61,63,0,7593,1.05158142133981,28,-86,0.001869,51,2026-03-21 15:45:17.001675,908,1.037,0.0011,"aoml_navis",1031.68897890773
"7901009",105,0,1,0.031773,1,0.009345,1,159.560840236513,1,4.84637122064081,910,1,5.41599988937378,34.882999420166,0.0317730009555817,0.0177732333540916,153.863006591797,-86.1529,27.8293,53.9324858785091,63,63,63,63,61,63,0,7593,1.05158142133981,28,-86,0.001869,51,2026-03-21 15:45:17.001675,910,1.037,0.0011,"aoml_navis",1031.69975479899
"7901009",105,0,1,0.029904,1,0.007476,1,159.609055508789,1,4.8463266146167,912,1,5.41300010681152,34.882999420166,0.0299040004611015,0.0159959103912115,153.90950012207,-86.1529,27.8293,53.9324858785091,63,63,63,63,61,63,0,7593,1.05158142133981,28,-86,0.001869,51,2026-03-21 15:45:17.001675,912,1.037,0.0011,"aoml_navis",1031.70925065591
"7901009",105,0,1,0.028035,1,0.005607,1,159.760774586761,1,4.8462826779591,914,1,5.41099977493286,34.882999420166,0.0280349999666214,0.0142185855656862,154.055801391602,-86.1529,27.8293,53.9324858785091,63,63,63,63,61,63,0,7593,1.05158142133981,28,-86,0.001869,51,2026-03-21 15:45:17.001675,914,1.037,0.0011,"aoml_navis",1031.71860418708
"7901009",105,0,1,0.029904,1,0.007476,1,159.914155169028,1,4.84623438942323,916,1,5.40799999237061,34.8839988708496,0.0299040004611015,0.0159959103912115,154.203704833984,-86.1529,27.8293,53.9324858785091,63,63,63,63,61,63,0,7593,1.05158142133981,28,-86,0.001869,51,2026-03-21 15:45:17.001675,916,1.037,0.0011,"aoml_navis",1031.728884371
"7901009",105,0,1,0.031773,1,0.009345,1,160.016614600595,1,4.84618778484257,918,1,5.40199995040894,34.8839988708496,0.0317730009555817,0.0177732333540916,154.302505493164,-86.1529,27.8293,53.9324858785091,63,63,63,63,61,63,0,7593,1.05158142133981,28,-86,0.001869,51,2026-03-21 15:45:17.001675,918,1.037,0.0011,"aoml_navis",1031.73880625066
"7901009",105,0,1,0.033642,1,0.011214,1,160.108487876222,1,4.84614385398158,920,1,5.40000009536743,34.8839988708496,0.0336420014500618,0.0195505544543266,154.391098022461,-86.1529,27.8293,53.9324858785091,63,63,63,63,61,63,0,7593,1.05158142133981,28,-86,0.001869,51,2026-03-21 15:45:17.001675,920,1.037,0.0011,"aoml_navis",1031.74815908364
"7901009",105,0,1,0.035511,1,0.013083,1,160.266425727414,1,4.84609925672226,922,1,5.39699983596802,34.8839988708496,0.0355109982192516,0.0213278792798519,154.543395996094,-86.1529,27.8293,53.9324858785091,63,63,63,63,61,63,0,7593,1.05158142133981,28,-86,0.001869,51,2026-03-21 15:45:17.001675,922,1.037,0.0011,"aoml_navis",1031.75765396556
"7901009",105,0,1,0.031773,1,0.009345,1,160.455789745571,1,4.8460539935556,924,1,5.39300012588501,34.8839988708496,0.0317730009555817,0.0177732333540916,154.725997924805,-86.1529,27.8293,53.9324858785091,63,63,63,63,61,63,0,7593,1.05158142133981,28,-86,0.001869,51,2026-03-21 15:45:17.001675,924,1.037,0.0011,"aoml_navis",1031.76729079971
"7901009",105,0,1,0.029904,1,0.007476,1,160.667655279047,1,4.8460087318285,926,1,5.38899993896484,34.8839988708496,0.0299040004611015,0.0159959103912115,154.930297851562,-86.1529,27.8293,53.9324858785091,63,63,63,63,61,63,0,7593,1.05158142133981,28,-86,0.001869,51,2026-03-21 15:45:17.001675,926,1.037,0.0011,"aoml_navis",1031.77692750739
"7901009",105,0,1,0.026166,1,0.003738,1,160.923384525929,1,4.84596080025035,928,1,5.38100004196167,34.8839988708496,0.0261659994721413,0.0124412626028061,155.176895141602,-86.1529,27.8293,53.9324858785091,63,63,63,63,61,63,0,7593,1.05158142133981,28,-86,0.001869,51,2026-03-21 15:45:17.001675,928,1.037,0.0011,"aoml_navis",1031.78713285128
"7901009",105,0,1,0.028035,1,0.005607,1,161.129964893359,1,4.84590918564402,930,1,5.3730001449585,34.8849983215332,0.0280349999666214,0.0142185855656862,155.376098632812,-86.1529,27.8293,53.9324858785091,63,63,63,63,61,63,0,7593,1.05158142133981,28,-86,0.001869,51,2026-03-21 15:45:17.001675,930,1.037,0.0011,"aoml_navis",1031.79812259224
"7901009",105,0,1,0.033642,1,0.011214,1,161.338001055029,1,4.84585992423409,932,1,5.36299991607666,34.8849983215332,0.0336420014500618,0.0195505544543266,155.576705932617,-86.1529,27.8293,53.9324858785091,63,63,63,63,61,63,0,7593,1.05158142133981,28,-86,0.001869,51,2026-03-21 15:45:17.001675,932,1.037,0.0011,"aoml_navis",1031.80861151084
"7901009",105,0,1,0.029904,1,0.007476,1,161.61260815548,1,4.84581333514068,934,1,5.35699987411499,34.8849983215332,0.0299040004611015,0.0159959103912115,155.841506958008,-86.1529,27.8293,53.9324858785091,63,63,63,63,61,63,0,7593,1.05158142133981,28,-86,0.001869,51,2026-03-21 15:45:17.001675,934,1.037,0.0011,"aoml_navis",1031.8185316263
"7901009",105,0,1,0.031773,1,0.009345,1,161.750006648808,1,4.84576541390766,936,1,5.34899997711182,34.8849983215332,0.0317730009555817,0.0177732333540916,155.973999023438,-86.1529,27.8293,53.9324858785091,63,63,63,63,61,63,0,7593,1.05158142133981,28,-86,0.001869,51,2026-03-21 15:45:17.001675,936,1.037,0.0011,"aoml_navis",1031.82873559039
"7901009",105,0,1,0.029904,1,0.007476,1,161.993599002406,1,4.84571512949749,938,1,5.34299993515015,34.8860015869141,0.0299040004611015,0.0159959103912115,156.208892822266,-86.1529,27.8293,53.9324858785091,63,63,63,63,61,63,0,7593,1.05158142133981,28,-86,0.001869,51,2026-03-21 15:45:17.001675,938,1.037,0.0011,"aoml_navis",1031.83944296752
"7901009",105,0,1,0.029904,1,0.007476,1,162.283982481741,1,4.84567291276505,940,1,5.33799982070923,34.8849983215332,0.0299040004611015,0.0159959103912115,156.488906860352,-86.1529,27.8293,53.9324858785091,63,63,63,63,61,63,0,7593,1.05158142133981,28,-86,0.001869,51,2026-03-21 15:45:17.001675,940,1.037,0.0011,"aoml_navis",1031.84843261468
"7901009",105,0,1,0.029904,1,0.007476,1,162.582436124797,1,4.84561796595109,942,1,5.32499980926514,34.8860015869141,0.0299040004611015,0.0159959103912115,156.776702880859,-86.1529,27.8293,53.9324858785091,63,63,63,63,61,63,0,7593,1.05158142133981,28,-86,0.001869,51,2026-03-21 15:45:17.001675,942,1.037,0.0011,"aoml_navis",1031.86013324486
"7901009",105,0,1,0.033642,1,0.011214,1,162.816280986527,1,4.84556170723499,944,1,5.30999994277954,34.8870010375977,0.0336420014500618,0.0195505544543266,157.002197265625,-86.1529,27.8293,53.9324858785091,63,63,63,63,61,63,0,7593,1.05158142133981,28,-86,0.001869,51,2026-03-21 15:45:17.001675,944,1.037,0.0011,"aoml_navis",1031.87211351254
"7901009",105,0,1,0.029904,1,0.007476,1,163.05314820369,1,4.84551513178521,946,1,5.30399990081787,34.8870010375977,0.0299040004611015,0.0159959103912115,157.230606079102,-86.1529,27.8293,53.9324858785091,63,63,63,63,61,63,0,7593,1.05158142133981,28,-86,0.001869,51,2026-03-21 15:45:17.001675,946,1.037,0.0011,"aoml_navis",1031.8820319436
"7901009",105,0,1,0.028035,1,0.005607,1,163.243746482181,1,4.84547055580659,948,1,5.30100011825562,34.8870010375977,0.0280349999666214,0.0142185855656862,157.414398193359,-86.1529,27.8293,53.9324858785091,63,63,63,63,61,63,0,7593,1.05158142133981,28,-86,0.001869,51,2026-03-21 15:45:17.001675,948,1.037,0.0011,"aoml_navis",1031.89152475774
"7901009",105,0,1,0.029904,1,0.007476,1,163.628899001772,1,4.84542464970021,950,1,5.2960000038147,34.8870010375977,0.0299040004611015,0.0159959103912115,157.785797119141,-86.1529,27.8293,53.9324858785091,63,63,63,63,61,63,0,7593,1.05158142133981,28,-86,0.001869,51,2026-03-21 15:45:17.001675,950,1.037,0.0011,"aoml_navis",1031.90130101587
"7901009",105,0,1,0.033642,1,0.011214,1,163.918760294042,1,4.8453707599384,952,1,5.27899980545044,34.8870010375977,0.0336420014500618,0.0195505544543266,158.065307617188,-86.1529,27.8293,53.9324858785091,63,63,63,63,61,63,0,7593,1.05158142133981,28,-86,0.001869,51,2026-03-21 15:45:17.001675,952,1.037,0.0011,"aoml_navis",1031.91277772592
"7901009",105,0,1,0.026166,1,0.003738,1,164.205077043815,1,4.84531851319437,954,1,5.26999998092651,34.8880004882812,0.0261659994721413,0.0124412626028061,158.341400146484,-86.1529,27.8293,53.9324858785091,63,63,63,63,61,63,0,7593,1.05158142133981,28,-86,0.001869,51,2026-03-21 15:45:17.001675,954,1.037,0.0011,"aoml_navis",1031.92390477208
"7901009",105,0,1,0.033642,1,0.011214,1,164.500001968224,1,4.84526729624359,956,1,5.25699996948242,34.8880004882812,0.0336420014500618,0.0195505544543266,158.625793457031,-86.1529,27.8293,53.9324858785091,63,63,63,63,61,63,0,7593,1.05158142133981,28,-86,0.001869,51,2026-03-21 15:45:17.001675,956,1.037,0.0011,"aoml_navis",1031.93481273497
"7901009",105,0,1,0.033642,1,0.011214,1,164.75770919641,1,4.84522007006192,958,1,5.25,34.8880004882812,0.0336420014500618,0.0195505544543266,158.874298095703,-86.1529,27.8293,53.9324858785091,63,63,63,63,61,63,0,7593,1.05158142133981,28,-86,0.001869,51,2026-03-21 15:45:17.001675,958,1.037,0.0011,"aoml_navis",1031.9448709656
"7901009",105,0,1,0.033642,1,0.011214,1,165.016555741828,1,4.84516849705303,960,1,5.24200010299683,34.8889999389648,0.0336420014500618,0.0195505544543266,159.123901367188,-86.1529,27.8293,53.9324858785091,63,63,63,63,61,63,0,7593,1.05158142133981,28,-86,0.001869,51,2026-03-21 15:45:17.001675,960,1.037,0.0011,"aoml_navis",1031.95585520734
"7901009",105,0,1,0.031773,1,0.009345,1,165.320199607827,1,4.84512061161654,962,1,5.23400020599365,34.8889999389648,0.0317730009555817,0.0177732333540916,159.416702270508,-86.1529,27.8293,53.9324858785091,63,63,63,63,61,63,0,7593,1.05158142133981,28,-86,0.001869,51,2026-03-21 15:45:17.001675,962,1.037,0.0011,"aoml_navis",1031.96605426336
"7901009",105,0,1,0.031773,1,0.009345,1,165.6919809738,1,4.84506808374745,964,1,5.2189998626709,34.8889999389648,0.0317730009555817,0.0177732333540916,159.775207519531,-86.1529,27.8293,53.9324858785091,63,63,63,63,61,63,0,7593,1.05158142133981,28,-86,0.001869,51,2026-03-21 15:45:17.001675,964,1.037,0.0011,"aoml_navis",1031.97724233685
"7901009",105,0,1,0.031773,1,0.009345,1,165.930794524566,1,4.84501453085463,966,1,5.20800018310547,34.8899993896484,0.0317730009555817,0.0177732333540916,160.005493164062,-86.1529,27.8293,53.9324858785091,63,63,63,63,61,63,0,7593,1.05158142133981,28,-86,0.001869,51,2026-03-21 15:45:17.001675,966,1.037,0.0011,"aoml_navis",1031.98864898307
"7901009",105,0,1,0.028035,1,0.005607,1,166.125459532619,1,4.84496930660977,968,1,5.2039999961853,34.8899993896484,0.0280349999666214,0.0142185855656862,160.193206787109,-86.1529,27.8293,53.9324858785091,63,63,63,63,61,63,0,7593,1.05158142133981,28,-86,0.001869,51,2026-03-21 15:45:17.001675,968,1.037,0.0011,"aoml_navis",1031.99828184231
"7901009",105,0,1,0.031773,1,0.009345,1,166.486543975698,1,4.84492342117853,970,1,5.19899988174438,34.8899993896484,0.0317730009555817,0.0177732333540916,160.541397094727,-86.1529,27.8293,53.9324858785091,63,63,63,63,61,63,0,7593,1.05158142133981,28,-86,0.001869,51,2026-03-21 15:45:17.001675,970,1.037,0.0011,"aoml_navis",1032.00805571943
"7901009",105,0,1,0.033642,1,0.011214,1,166.781991087172,1,4.84487289845195,972,1,5.18699979782104,34.8899993896484,0.0336420014500618,0.0195505544543266,160.826293945312,-86.1529,27.8293,53.9324858785091,63,63,63,63,61,63,0,7593,1.05158142133981,28,-86,0.001869,51,2026-03-21 15:45:17.001675,972,1.037,0.0011,"aoml_navis",1032.01881758294
"7901009",105,0,1,0.031773,1,0.009345,1,167.134388236361,1,4.84482200749415,974,1,5.17999982833862,34.890998840332,0.0317730009555817,0.0177732333540916,161.166107177734,-86.1529,27.8293,53.9324858785091,63,63,63,63,61,63,0,7593,1.05158142133981,28,-86,0.001869,51,2026-03-21 15:45:17.001675,974,1.037,0.0011,"aoml_navis",1032.02965811042
"7901009",105,0,1,0.028035,1,0.005607,1,167.432319692354,1,4.84477281705474,976,1,5.17000007629395,34.890998840332,0.0280349999666214,0.0142185855656862,161.453399658203,-86.1529,27.8293,53.9324858785091,63,63,63,63,61,63,0,7593,1.05158142133981,28,-86,0.001869,51,2026-03-21 15:45:17.001675,976,1.037,0.0011,"aoml_navis",1032.04013661875
"7901009",105,99999,9,99999,9,99999,9,167.619199365992,1,4.84472627762427,978,1,5.16400003433228,34.890998840332,99999,99999,161.633605957031,-86.1529,27.8293,53.9324858785091,63,63,63,63,61,63,0,7593,1.05158142133981,28,-86,0.001869,51,2026-03-21 15:45:17.001675,978,1.037,0.0011,"aoml_navis",1032.05005060717
"7901009",105,0,1,0.031773,1,0.009345,1,171.748765437892,1,4.84422485664334,998.700012207031,1,5.08860015869141,34.8940010070801,0.0317730009555817,0.0177732333540916,165.615707397461,-86.1529,27.8293,53.9324858785091,63,63,63,63,61,63,0,7593,1.05158142133981,28,-86,0.001869,51,2026-03-21 15:45:17.001675,998.700012207031,1.037,0.0011,"aoml_navis",1032.15687709934
"7901009",105,0,1,0.029904,1,0.007476,1,177.880934725457,1,4.84298478495779,1049.59997558594,1,4.88859987258911,34.9010009765625,0.0299040004611015,0.0159959103912115,171.528900146484,-86.1529,27.8293,53.9324858785091,63,63,63,63,61,63,0,7593,1.05158142133981,28,-86,0.001869,51,2026-03-21 15:45:17.001675,1049.59997558594,1.037,0.0011,"aoml_navis",1032.42116628776
"7901009",105,0,1,0.033642,1,0.011214,1,182.714535550916,1,4.84181277633688,1099.69995117188,1,4.75309991836548,34.9059982299805,0.0336420014500618,0.0195505544543266,176.189895629883,-86.1529,27.8293,53.9324858785091,63,63,63,63,61,63,0,7593,1.05158142133981,28,-86,0.001869,51,2026-03-21 15:45:17.001675,1099.69995117188,1.037,0.0011,"aoml_navis",1032.67107403166
"7901009",105,0,1,0.033642,1,0.011214,1,187.148362618982,1,4.84066707158957,1149.80004882812,1,4.65049982070923,34.9099998474121,0.0336420014500618,0.0195505544543266,180.465393066406,-86.1529,27.8293,53.9324858785091,63,63,63,63,61,63,0,7593,1.05158142133981,28,-86,0.001869,51,2026-03-21 15:45:17.001675,1149.80004882812,1.037,0.0011,"aoml_navis",1032.91548996327
"7901009",105,0,1,0.024297,1,0.001869,1,190.75961846988,1,4.83954696106782,1199.30004882812,1,4.56589984893799,34.9140014648438,0.0242970008403063,0.010663939639926,183.947692871094,-86.1529,27.8293,53.9324858785091,63,63,63,63,61,63,0,7593,1.05158142133981,28,-86,0.001869,51,2026-03-21 15:45:17.001675,1199.30004882812,1.037,0.0011,"aoml_navis",1033.15455769372
"7901009",105,0,1,0.026166,1,0.003738,1,193.346390772058,1,4.83841517244151,1249.40002441406,1,4.48120021820068,34.9179992675781,0.0261659994721413,0.0124412626028061,186.442092895508,-86.1529,27.8293,53.9324858785091,63,63,63,63,61,63,0,7593,1.05158142133981,28,-86,0.001869,51,2026-03-21 15:45:17.001675,1249.40002441406,1.037,0.0011,"aoml_navis",1033.39623033568
"7901009",105,0,1,0.033642,1,0.011214,1,195.095970619265,1,4.83733071968143,1299.09997558594,1,4.43720006942749,34.9189987182617,0.0336420014500618,0.0195505544543266,188.129196166992,-86.1529,27.8293,53.9324858785091,63,63,63,63,61,63,0,7593,1.05158142133981,28,-86,0.001869,51,2026-03-21 15:45:17.001675,1299.09997558594,1.037,0.0011,"aoml_navis",1033.6279013665
"7901009",105,0,1,0.028035,1,0.005607,1,196.864523263145,1,4.83622638076895,1349.69995117188,1,4.39559984207153,34.9210014343262,0.0280349999666214,0.0142185855656862,189.834594726562,-86.1529,27.8293,53.9324858785091,63,63,63,63,61,63,0,7593,1.05158142133981,28,-86,0.001869,51,2026-03-21 15:45:17.001675,1349.69995117188,1.037,0.0011,"aoml_navis",1033.86392743778
"7901009",105,0,1,0.022428,1,0,1,198.650403023251,1,4.83515803831755,1399.09997558594,1,4.36259984970093,34.9220008850098,0.0224280003458261,0.00888661667704582,191.556701660156,-86.1529,27.8293,53.9324858785091,63,63,63,63,61,63,0,7593,1.05158142133981,28,-86,0.001869,51,2026-03-21 15:45:17.001675,1399.09997558594,1.037,0.0011,"aoml_navis",1034.09236272654
"7901009",105,0,1,0.031773,1,0.009345,1,200.34947313987,1,4.83405797653681,1450.19995117188,1,4.33930015563965,34.923999786377,0.0317730009555817,0.0177732333540916,193.195098876953,-86.1529,27.8293,53.9324858785091,63,63,63,63,61,63,0,7593,1.05158142133981,28,-86,0.001869,51,2026-03-21 15:45:17.001675,1450.19995117188,1.037,0.0011,"aoml_navis",1034.32768582186
"7901009",105,0,1,0.028035,1,0.005607,1,200.711807667133,1,4.83300429419286,1499.59997558594,1,4.32420015335083,34.9249992370605,0.0280349999666214,0.0142185855656862,193.544494628906,-86.1529,27.8293,53.9324858785091,63,63,63,63,61,63,0,7593,1.05158142133981,28,-86,0.001869,51,2026-03-21 15:45:17.001675,1499.59997558594,1.037,0.0011,"aoml_navis",1034.55318796381
"7901009",105,0,1,0.033642,1,0.011214,1,201.538018369901,1,4.83194292836331,1549.80004882812,1,4.31510019302368,34.9249992370605,0.0336420014500618,0.0195505544543266,194.341201782227,-86.1529,27.8293,53.9324858785091,63,63,63,63,61,63,0,7593,1.05158142133981,28,-86,0.001869,51,2026-03-21 15:45:17.001675,1549.80004882812,1.037,0.0011,"aoml_navis",1034.78043390169
"7901009",105,0,1,0.029904,1,0.007476,1,202.0834981421,1,4.83088613934051,1599.5,1,4.30049991607666,34.9259986877441,0.0299040004611015,0.0159959103912115,194.867202758789,-86.1529,27.8293,53.9324858785091,63,63,63,63,61,63,0,7593,1.05158142133981,28,-86,0.001869,51,2026-03-21 15:45:17.001675,1599.5,1.037,0.0011,"aoml_navis",1035.00679912166
"7901009",105,0,1,0.028035,1,0.005607,1,202.135352899976,1,4.8298396035824,1649.5,1,4.30259990692139,34.9259986877441,0.0280349999666214,0.0142185855656862,194.917205810547,-86.1529,27.8293,53.9324858785091,63,63,63,63,61,63,0,7593,1.05158142133981,28,-86,0.001869,51,2026-03-21 15:45:17.001675,1649.5,1.037,0.0011,"aoml_navis",1035.23106570483
"7901009",105,0,1,0.029904,1,0.007476,1,202.608122079426,1,4.82878844333722,1699.5,1,4.30100011825562,34.9269981384277,0.0299040004611015,0.0159959103912115,195.373092651367,-86.1529,27.8293,53.9324858785091,63,63,63,63,61,63,0,7593,1.05158142133981,28,-86,0.001869,51,2026-03-21 15:45:17.001675,1699.5,1.037,0.0011,"aoml_navis",1035.45642114411
"7901009",105,0,1,0.028035,1,0.005607,1,203.18835102718,1,4.82775374799981,1748.90002441406,1,4.29759979248047,34.9269981384277,0.0280349999666214,0.0142185855656862,195.932601928711,-86.1529,27.8293,53.9324858785091,63,63,63,63,61,63,0,7593,1.05158142133981,28,-86,0.001869,51,2026-03-21 15:45:17.001675,1748.90002441406,1.037,0.0011,"aoml_navis",1035.67834255663
"7901009",105,0,1,0.029904,1,0.007476,1,203.575892948186,1,4.82669064623886,1799.69995117188,1,4.29320001602173,34.9269981384277,0.0299040004611015,0.0159959103912115,196.306304931641,-86.1529,27.8293,53.9324858785091,63,63,63,63,61,63,0,7593,1.05158142133981,28,-86,0.001869,51,2026-03-21 15:45:17.001675,1799.69995117188,1.037,0.0011,"aoml_navis",1035.90645567811
"7901009",105,0,1,0.022428,1,0,1,204.219464769232,1,4.82564524894966,1849.59997558594,1,4.29029989242554,34.9280014038086,0.0224280003458261,0.00888661667704582,196.926895141602,-86.1529,27.8293,53.9324858785091,63,63,63,63,61,63,0,7593,1.05158142133981,28,-86,0.001869,51,2026-03-21 15:45:17.001675,1849.59997558594,1.037,0.0011,"aoml_navis",1036.13086790586
"7901009",105,0,1,0.026166,1,0.003738,1,204.372750408397,1,4.82461237862198,1899.30004882812,1,4.29190015792847,34.9280014038086,0.0261659994721413,0.0124412626028061,197.07470703125,-86.1529,27.8293,53.9324858785091,63,63,63,63,61,63,0,7593,1.05158142133981,28,-86,0.001869,51,2026-03-21 15:45:17.001675,1899.30004882812,1.037,0.0011,"aoml_navis",1036.35268651947
"7901009",105,0,1,0.028035,1,0.005607,1,204.467218795495,1,4.82356673547598,1949.59997558594,1,4.29090023040771,34.9280014038086,0.0280349999666214,0.0142185855656862,197.165802001953,-86.1529,27.8293,53.9324858785091,63,63,63,63,61,63,0,7593,1.05158142133981,28,-86,0.001869,51,2026-03-21 15:45:17.001675,1949.59997558594,1.037,0.0011,"aoml_navis",1036.57734498134
"7901009",105,0,1,0.026166,1,0.003738,1,203.201421527639,1,4.82252624879049,1999.90002441406,1,4.29489994049072,34.9280014038086,0.0261659994721413,0.0124412626028061,195.945205688477,-86.1529,27.8293,53.9324858785091,63,63,63,63,61,63,0,7593,1.05158142133981,28,-86,0.001869,51,2026-03-21 15:45:17.001675,1999.90002441406,1.037,0.0011,"aoml_navis",1036.80099227122
"7901009",106,0.107443953249418,5,0.108402,1,0.085974,1,206.886670496692,1,4.87943645465852,2.20000004768372,1,24.0699996948242,36.423999786377,0.108401998877525,0.629554390907288,199.498794555664,-85.6306,27.3592,17.8803821928013,63,63,63,63,61,63,0.119616,7819,1.11328740596807,27,-86,0.001869,51,2026-03-31 22:37:38.002414,2.20000004768372,1.037,0.0011,"aoml_navis",1024.70849788942
"7901009",106,0.107443953249418,5,0.117747,1,0.095319,1,206.798531622465,1,4.8793980542993,4,1,24.0690002441406,36.423999786377,0.117747001349926,0.629554390907288,199.413803100586,-85.6306,27.3592,17.8803821928013,63,63,63,63,61,63,0.119616,7819,1.11328740596807,27,-86,0.001869,51,2026-03-31 22:37:38.002414,4,1.037,0.0011,"aoml_navis",1024.71656223957
"7901009",106,0.107443953249418,5,0.115878,1,0.09345,1,206.770634165506,1,4.8793498560001,6,1,24.0639991760254,36.423999786377,0.115878000855446,0.629554390907288,199.386901855469,-85.6306,27.3592,17.8803821928013,63,63,63,63,61,63,0.119616,7819,1.11328740596807,27,-86,0.001869,51,2026-03-31 22:37:38.002414,6,1.037,0.0011,"aoml_navis",1024.72668440685
"7901009",106,0.107443953249418,5,0.121485,1,0.099057,1,206.761203147725,1,4.87928602310218,8,1,24.0480003356934,36.423999786377,0.121485002338886,0.629554390907288,199.377807617188,-85.6306,27.3592,17.8803821928013,63,63,63,63,61,63,0.119616,7819,1.11328740596807,27,-86,0.001869,51,2026-03-31 22:37:38.002414,8,1.037,0.0011,"aoml_navis",1024.74009031778
"7901009",106,0.107443953249418,5,0.127092,1,0.104664,1,206.742847475534,1,4.87923356923563,10,1,24.0400009155273,36.423999786377,0.127092003822327,0.629554390907288,199.360107421875,-85.6306,27.3592,17.8803821928013,63,63,63,63,61,63,0.119616,7819,1.11328740596807,27,-86,0.001869,51,2026-03-31 22:37:38.002414,10,1.037,0.0011,"aoml_navis",1024.75110671599
"7901009",106,0.107443953249418,5,0.128961,1,0.106533,1,206.727909756096,1,4.879176852575,12,1,24.0289993286133,36.423999786377,0.128960996866226,0.629554390907288,199.345703125,-85.6306,27.3592,17.8803821928013,63,63,63,63,61,63,0.119616,7819,1.11328740596807,27,-86,0.001869,51,2026-03-31 22:37:38.002414,12,1.037,0.0011,"aoml_navis",1024.76301865575
"7901009",106,0.107443953249418,5,0.136437,1,0.114009,1,206.707781812108,1,4.87908321958141,14,1,23.992000579834,36.423999786377,0.136436998844147,0.629554390907288,199.326293945312,-85.6306,27.3592,17.8803821928013,63,63,63,63,61,63,0.119616,7819,1.11328740596807,27,-86,0.001869,51,2026-03-31 22:37:38.002414,14,1.037,0.0011,"aoml_navis",1024.78268456937
"7901009",106,0.107443953249418,5,0.142044,1,0.119616,1,206.756012923175,1,4.87900021391887,16,1,23.9650001525879,36.4249992370605,0.142043992877007,0.629554390907288,199.372802734375,-85.6306,27.3592,17.8803821928013,63,63,63,63,61,63,0.119616,7819,1.11328740596807,27,-86,0.001869,51,2026-03-31 22:37:38.002414,16,1.037,0.0011,"aoml_navis",1024.80011903585
"7901009",106,0.109122765018941,1,0.143913,1,0.121485,1,206.839183106826,1,4.87893643754169,18,1,23.9489994049072,36.4249992370605,0.143913000822067,0.629554390907288,199.453002929688,-85.6306,27.3592,17.8803821928013,63,63,63,63,61,63,0.121485,7819,1.11328740596807,27,-86,0.001869,51,2026-03-31 22:37:38.002414,18,1.037,0.0011,"aoml_navis",1024.81351499617
"7901009",106,0.117516823866551,1,0.153258,1,0.13083,1,206.784527510492,1,4.87887692730018,20,1,23.9360008239746,36.4249992370605,0.153257995843887,0.629554390907288,199.400299072266,-85.6306,27.3592,17.8803821928013,63,63,63,63,61,63,0.13083,7819,1.11328740596807,27,-86,0.001869,51,2026-03-31 22:37:38.002414,20,1.037,0.0011,"aoml_navis",1024.82601518847
"7901009",106,0.119195635636074,1,0.155127,1,0.132699,1,206.728938306693,1,4.87881664951223,22,1,23.9249992370605,36.4259986877441,0.155127003788948,0.629554390907288,199.346694946289,-85.6306,27.3592,17.8803821928013,63,63,63,63,61,63,0.132699,7819,1.11328740596807,27,-86,0.001869,51,2026-03-31 22:37:38.002414,22,1.037,0.0011,"aoml_navis",1024.83867691562
"7901009",106,0.12423207094464,1,0.160734,1,0.138306,1,206.66796899208,1,4.87875779900631,24,1,23.9150009155273,36.4269981384277,0.160733997821808,0.629554390907288,199.287902832031,-85.6306,27.3592,17.8803821928013,63,63,63,63,61,63,0.138306,7819,1.11328740596807,27,-86,0.001869,51,2026-03-31 22:37:38.002414,24,1.037,0.0011,"aoml_navis",1024.85103913508
"7901009",106,0.132626129792251,1,0.170079,1,0.147651,1,206.650024740128,1,4.87868747626507,26,1,23.9020004272461,36.4300003051758,0.170078992843628,0.629554390907288,199.270599365234,-85.6306,27.3592,17.8803821928013,63,63,63,63,61,63,0.147651,7819,1.11328740596807,27,-86,0.001869,51,2026-03-31 22:37:38.002414,26,1.037,0.0011,"aoml_navis",1024.86581161944
"7901009",106,0.130947318022729,1,0.16821,1,0.145782,1,206.529415314749,1,4.87863069471606,28,1,23.8959999084473,36.431999206543,0.168209999799728,0.629554390907288,199.154296875,-85.6306,27.3592,17.8803821928013,63,63,63,63,61,63,0.145782,7819,1.11328740596807,27,-86,0.001869,51,2026-03-31 22:37:38.002414,28,1.037,0.0011,"aoml_navis",1024.87773985749
"7901009",106,0.13934137687034,1,0.177555,1,0.155127,1,206.424677216274,1,4.87855833802262,30,1,23.878999710083,36.4339981079102,0.177554994821548,0.629554390907288,199.053298950195,-85.6306,27.3592,17.8803821928013,63,63,63,63,61,63,0.155127,7819,1.11328740596807,27,-86,0.001869,51,2026-03-31 22:37:38.002414,30,1.037,0.0011,"aoml_navis",1024.89294040637
"7901009",106,0.144377812178906,1,0.183162,1,0.160734,1,206.364530742138,1,4.87849807763884,32,1,23.8680000305176,36.435001373291,0.183162003755569,0.629554390907288,198.995300292969,-85.6306,27.3592,17.8803821928013,63,63,63,63,61,63,0.160734,7819,1.11328740596807,27,-86,0.001869,51,2026-03-31 22:37:38.002414,32,1.037,0.0011,"aoml_navis",1024.90560013093
"7901009",106,0.149414247487473,1,0.188769,1,0.166341,1,206.167286385362,1,4.87844144115332,34,1,23.8570003509521,36.435001373291,0.188768997788429,0.629554390907288,198.805099487305,-85.6306,27.3592,17.8803821928013,63,63,63,63,61,63,0.166341,7819,1.11328740596807,27,-86,0.001869,51,2026-03-31 22:37:38.002414,34,1.037,0.0011,"aoml_navis",1024.91749881863
"7901009",106,0.161165929874128,1,0.201852,1,0.179424,1,206.048243521662,1,4.87837978853169,36,1,23.8449993133545,36.4360008239746,0.20185199379921,0.629554390907288,198.690307617188,-85.6306,27.3592,17.8803821928013,63,63,63,63,61,63,0.179424,7819,1.11328740596807,27,-86,0.001869,51,2026-03-31 22:37:38.002414,36,1.037,0.0011,"aoml_navis",1024.9304516541
"7901009",106,0.164523553413172,1,0.20559,1,0.183162,1,205.742210159445,1,4.87831750536265,38,1,23.8299999237061,36.4360008239746,0.20558999478817,0.629554390907288,198.395202636719,-85.6306,27.3592,17.8803821928013,63,63,63,63,61,63,0.183162,7819,1.11328740596807,27,-86,0.001869,51,2026-03-31 22:37:38.002414,38,1.037,0.0011,"aoml_navis",1024.94353729613
"7901009",106,0.177954047569349,1,0.220542,1,0.198114,1,205.439911227087,1,4.8781977750396,40,1,23.7819995880127,36.4389991760254,0.220541998744011,0.629554390907288,198.103698730469,-85.6306,27.3592,17.8803821928013,63,63,63,63,61,63,0.198114,7819,1.11328740596807,27,-86,0.001869,51,2026-03-31 22:37:38.002414,40,1.037,0.0011,"aoml_navis",1024.96869347603
"7901009",106,0.206493847651226,1,0.252315,1,0.229887,1,205.370222968183,1,4.87797707419949,42,1,23.6700000762939,36.4449996948242,0.252315014600754,0.629554390907288,198.036499023438,-85.6306,27.3592,17.8803821928013,63,63,63,63,61,63,0.229887,7819,1.11328740596807,27,-86,0.001869,51,2026-03-31 22:37:38.002414,42,1.037,0.0011,"aoml_navis",1025.01506750532
"7901009",106,0.245106518350236,1,0.295302,1,0.272874,1,206.050617099963,1,4.87753835339455,44,1,23.4150009155273,36.4560012817383,0.295302003622055,0.629554390907288,198.692596435547,-85.6306,27.3592,17.8803821928013,63,63,63,63,61,63,0.272874,7819,1.11328740596807,27,-86,0.001869,51,2026-03-31 22:37:38.002414,44,1.037,0.0011,"aoml_navis",1025.10726471689
"7901009",106,0.318974236209211,1,0.377538,1,0.35511,1,206.071362174309,1,4.87729776946208,46,1,23.2980003356934,36.4659996032715,0.377537995576859,0.629554390907288,198.712600708008,-85.6306,27.3592,17.8803821928013,63,63,63,63,61,63,0.35511,7819,1.11328740596807,27,-86,0.001869,51,2026-03-31 22:37:38.002414,46,1.037,0.0011,"aoml_navis",1025.15783049093
"7901009",106,0.312258989131122,1,0.370062,1,0.347634,1,207.386103018838,1,4.87693797200891,48,1,23.1259994506836,36.4879989624023,0.370061993598938,0.629554390907288,199.980392456055,-85.6306,27.3592,17.8803821928013,63,63,63,63,61,63,0.347634,7819,1.11328740596807,27,-86,0.001869,51,2026-03-31 22:37:38.002414,48,1.037,0.0011,"aoml_navis",1025.23346179455
"7901009",106,0.305543742053034,1,0.362586,1,0.340158,1,209.347960427373,1,4.87643800114479,50,1,22.8490009307861,36.5089988708496,0.362585991621017,0.629554390907288,201.872192382812,-85.6306,27.3592,17.8803821928013,63,63,63,63,61,63,0.340158,7819,1.11328740596807,27,-86,0.001869,51,2026-03-31 22:37:38.002414,50,1.037,0.0011,"aoml_navis",1025.33857681082
"7901009",106,0.305543742053034,1,0.362586,1,0.340158,1,210.702957159879,1,4.87618992991408,52,1,22.7089996337891,36.5130004882812,0.362585991621017,0.629554390907288,203.178802490234,-85.6306,27.3592,17.8803821928013,63,63,63,63,61,63,0.340158,7819,1.11328740596807,27,-86,0.001869,51,2026-03-31 22:37:38.002414,52,1.037,0.0011,"aoml_navis",1025.39073987385
"7901009",106,0.312258989131122,1,0.370062,1,0.347634,1,211.58858669538,1,4.87599419471883,54,1,22.6119995117188,36.5190010070801,0.370061993598938,0.629554390907288,204.032806396484,-85.6306,27.3592,17.8803821928013,63,63,63,63,61,63,0.347634,7819,1.11328740596807,27,-86,0.001869,51,2026-03-31 22:37:38.002414,54,1.037,0.0011,"aoml_navis",1025.43190174744
"7901009",106,0.303864930283512,1,0.360717,1,0.338289,1,212.383672130642,1,4.87574712876307,56,1,22.4930000305176,36.5309982299805,0.360716998577118,0.629554390907288,204.799499511719,-85.6306,27.3592,17.8803821928013,63,63,63,63,61,63,0.338289,7819,1.11328740596807,27,-86,0.001869,51,2026-03-31 22:37:38.002414,56,1.037,0.0011,"aoml_navis",1025.48386287384
"7901009",106,0.295470871435901,1,0.351372,1,0.328944,1,212.757210059727,1,4.87546698768793,58,1,22.3360004425049,36.5379981994629,0.351372003555298,0.629554390907288,205.159698486328,-85.6306,27.3592,17.8803821928013,63,63,63,63,61,63,0.328944,7819,1.11328740596807,27,-86,0.001869,51,2026-03-31 22:37:38.002414,58,1.037,0.0011,"aoml_navis",1025.54278649134
"7901009",106,0.300507306744467,1,0.356979,1,0.334551,1,212.575520552747,1,4.87525362533076,60,1,22.2169990539551,36.5410003662109,0.356979012489319,0.629554390907288,204.984497070312,-85.6306,27.3592,17.8803821928013,63,63,63,63,61,63,0.334551,7819,1.11328740596807,27,-86,0.001869,51,2026-03-31 22:37:38.002414,60,1.037,0.0011,"aoml_navis",1025.58766871555
"7901009",106,0.329047106826344,1,0.388752,1,0.366324,1,211.920950952878,1,4.87517864244868,62,1,22.1919994354248,36.5410003662109,0.388752013444901,0.629554390907288,204.353302001953,-85.6306,27.3592,17.8803821928013,63,63,63,63,61,63,0.366324,7819,1.11328740596807,27,-86,0.001869,51,2026-03-31 22:37:38.002414,62,1.037,0.0011,"aoml_navis",1025.60344280812
"7901009",106,0.335762353904433,1,0.396228,1,0.3738,1,211.060418051942,1,4.87510958222101,64,1,22.1580009460449,36.5359992980957,0.396227985620499,0.629554390907288,203.523498535156,-85.6306,27.3592,17.8803821928013,63,63,63,63,61,63,0.3738,7819,1.11328740596807,27,-86,0.001869,51,2026-03-31 22:37:38.002414,64,1.037,0.0011,"aoml_navis",1025.6179713856
"7901009",106,0.350871659830132,1,0.413049,1,0.390621,1,209.856634081036,1,4.87502391891544,66,1,22.1089992523193,36.5299987792969,0.413049012422562,0.629554390907288,202.362701416016,-85.6306,27.3592,17.8803821928013,63,63,63,63,61,63,0.390621,7819,1.11328740596807,27,-86,0.001869,51,2026-03-31 22:37:38.002414,66,1.037,0.0011,"aoml_navis",1025.63599341526
"7901009",106,0.392841954068186,1,0.459774,1,0.437346,1,208.15299034389,1,4.87494054895602,68,1,22.0669994354248,36.5260009765625,0.459773987531662,0.629554390907288,200.71989440918,-85.6306,27.3592,17.8803821928013,63,63,63,63,61,63,0.437346,7819,1.11328740596807,27,-86,0.001869,51,2026-03-31 22:37:38.002414,68,1.037,0.0011,"aoml_navis",1025.65353357402
"7901009",106,0.507001154395693,1,0.586866,1,0.564438,1,204.222534564447,1,4.87485903342622,70,1,22.0289993286133,36.5229988098145,0.586866021156311,0.629554390907288,196.929794311523,-85.6306,27.3592,17.8803821928013,63,63,63,63,61,63,0.564438,7819,1.11328740596807,27,-86,0.001869,51,2026-03-31 22:37:38.002414,70,1.037,0.0011,"aoml_navis",1025.67068416045
"7901009",106,0.790720343444939,1,0.902727,1,0.880299,1,202.648424907089,1,4.87472336930781,72,1,21.9909992218018,36.5349998474121,0.902727007865906,0.629554390907288,195.411895751953,-85.6306,27.3592,17.8803821928013,63,63,63,63,61,63,0.880299,7819,1.11328740596807,27,-86,0.001869,51,2026-03-31 22:37:38.002414,72,1.037,0.0011,"aoml_navis",1025.6992286949
"7901009",106,0.691670449043131,1,0.792456,1,0.770028,1,206.353232509427,1,4.87452900496831,74,1,21.8500003814697,36.5250015258789,0.792455971240997,0.629554390907288,198.984405517578,-85.6306,27.3592,17.8803821928013,63,63,63,63,61,63,0.770028,7819,1.11328740596807,27,-86,0.001869,51,2026-03-31 22:37:38.002414,74,1.037,0.0011,"aoml_navis",1025.74012687253
"7901009",106,0.577511248715624,1,0.665364,1,0.642936,1,205.851822005364,1,4.87440501108566,76,1,21.7530002593994,36.5120010375977,0.665364027023315,0.629554390907288,198.500900268555,-85.6306,27.3592,17.8803821928013,63,63,63,63,61,63,0.642936,7819,1.11328740596807,27,-86,0.001869,51,2026-03-31 22:37:38.002414,76,1.037,0.0011,"aoml_navis",1025.76621939061
"7901009",106,0.616123919414634,1,0.708351,1,0.685923,1,202.287957482513,1,4.87433870446285,78,1,21.7450008392334,36.515998840332,0.708351016044617,0.624517977237701,195.064300537109,-85.6306,27.3592,17.8803821928013,63,63,63,63,61,63,0.685923,7819,1.11328740596807,27,-86,0.001869,51,2026-03-31 22:37:38.002414,78,1.037,0.0011,"aoml_navis",1025.78017309755
"7901009",106,0.6211603547232,1,0.713958,1,0.69153,1,198.536596097773,1,4.87427531022652,80,1,21.75,36.523998260498,0.713958024978638,0.629554390907288,191.446899414062,-85.6306,27.3592,17.8803821928013,63,63,63,63,61,63,0.69153,7819,1.11328740596807,27,-86,0.001869,51,2026-03-31 22:37:38.002414,80,1.037,0.0011,"aoml_navis",1025.79351427067
"7901009",106,0.61276629587559,1,0.704613,1,0.682185,1,195.120921980153,1,4.87418518456431,82,1,21.7350006103516,36.5320014953613,0.704612970352173,0.621160328388214,188.153198242188,-85.6306,27.3592,17.8803821928013,63,63,63,63,61,63,0.682185,7819,1.11328740596807,27,-86,0.001869,51,2026-03-31 22:37:38.002414,82,1.037,0.0011,"aoml_navis",1025.81248160905
"7901009",106,0.629554413570811,1,0.723303,1,0.700875,1,191.296549326889,1,4.87411244451344,84,1,21.7329998016357,36.5400009155273,0.723303020000458,0.637948453426361,184.465393066406,-85.6306,27.3592,17.8803821928013,63,63,63,63,61,63,0.700875,7819,1.11328740596807,27,-86,0.001869,51,2026-03-31 22:37:38.002414,84,1.037,0.0011,"aoml_navis",1025.82779058129
"7901009",106,0.617802731184156,1,0.71022,1,0.687792,1,187.860968799254,1,4.87401041177231,86,1,21.7280006408691,36.5550003051758,0.710219979286194,0.6261967420578,181.152496337891,-85.6306,27.3592,17.8803821928013,63,63,63,63,61,63,0.687792,7819,1.11328740596807,27,-86,0.001869,51,2026-03-31 22:37:38.002414,86,1.037,0.0011,"aoml_navis",1025.84926530386
"7901009",106,0.584226495793713,1,0.67284,1,0.650412,1,187.072624326365,1,4.87389188652558,88,1,21.6889991760254,36.5620002746582,0.672839999198914,0.592620551586151,180.392303466797,-85.6306,27.3592,17.8803821928013,63,63,63,63,61,63,0.650412,7819,1.11328740596807,27,-86,0.001869,51,2026-03-31 22:37:38.002414,88,1.037,0.0011,"aoml_navis",1025.87421231543
"7901009",106,0.577511248715624,1,0.665364,1,0.642936,1,186.245068339952,1,4.87383299319877,90,1,21.6730003356934,36.5610008239746,0.665364027023315,0.585905253887177,179.594299316406,-85.6306,27.3592,17.8803821928013,63,63,63,63,61,63,0.642936,7819,1.11328740596807,27,-86,0.001869,51,2026-03-31 22:37:38.002414,90,1.037,0.0011,"aoml_navis",1025.88660854348
"7901009",106,0.562401942789925,1,0.648543,1,0.626115,1,184.303750295644,1,4.8737762199069,92,1,21.6639995574951,36.5620002746582,0.648543000221252,0.570796012878418,177.722305297852,-85.6306,27.3592,17.8803821928013,63,63,63,63,61,63,0.626115,7819,1.11328740596807,27,-86,0.001869,51,2026-03-31 22:37:38.002414,92,1.037,0.0011,"aoml_navis",1025.89855881719
"7901009",106,0.480140166083339,1,0.556962,1,0.534534,1,181.645216008188,1,4.87364961885202,94,1,21.6270008087158,36.5719985961914,0.556962013244629,0.488534241914749,175.158706665039,-85.6306,27.3592,17.8803821928013,63,63,63,63,61,63,0.534534,7819,1.11328740596807,27,-86,0.001869,51,2026-03-31 22:37:38.002414,94,1.037,0.0011,"aoml_navis",1025.92520821752
"7901009",106,0.392841954068186,1,0.459774,1,0.437346,1,182.606847520872,1,4.8734293873184,96,1,21.5249996185303,36.5839996337891,0.459773987531662,0.401235997676849,176.085998535156,-85.6306,27.3592,17.8803821928013,63,63,63,63,61,63,0.437346,7819,1.11328740596807,27,-86,0.001869,51,2026-03-31 22:37:38.002414,96,1.037,0.0011,"aoml_navis",1025.97157004285
"7901009",106,0.347514036291088,1,0.409311,1,0.386883,1,185.798629909329,1,4.8732641951923,98,1,21.3659992218018,36.560001373291,0.40931099653244,0.355908095836639,179.163803100586,-85.6306,27.3592,17.8803821928013,63,63,63,63,61,63,0.386883,7819,1.11328740596807,27,-86,0.001869,51,2026-03-31 22:37:38.002414,98,1.037,0.0011,"aoml_navis",1026.00634805163
"7901009",106,0.340798789212999,1,0.401835,1,0.379407,1,187.665908134515,1,4.87317065959008,100,1,21.298999786377,36.5499992370605,0.40183499455452,0.34919285774231,180.964401245117,-85.6306,27.3592,17.8803821928013,63,63,63,63,61,63,0.379407,7819,1.11328740596807,27,-86,0.001869,51,2026-03-31 22:37:38.002414,100,1.037,0.0011,"aoml_navis",1026.02604121001
"7901009",106,0.335762353904433,1,0.396228,1,0.3738,1,189.828111375472,1,4.87310164720435,102,1,21.2450008392334,36.5379981994629,0.396227985620499,0.344156414270401,183.049392700195,-85.6306,27.3592,17.8803821928013,63,63,63,63,61,63,0.3738,7819,1.11328740596807,27,-86,0.001869,51,2026-03-31 22:37:38.002414,102,1.037,0.0011,"aoml_navis",1026.04057168979
"7901009",106,0.337441165673955,1,0.398097,1,0.375669,1,192.220140291342,1,4.87300676195037,104,1,21.1630001068115,36.5229988098145,0.398097008466721,0.345835208892822,185.356002807617,-85.6306,27.3592,17.8803821928013,63,63,63,63,61,63,0.375669,7819,1.11328740596807,27,-86,0.001869,51,2026-03-31 22:37:38.002414,104,1.037,0.0011,"aoml_navis",1026.06055034465
"7901009",106,0.33408354213491,1,0.394359,1,0.371931,1,193.680492252682,1,4.87289576897786,106,1,21.0629997253418,36.5060005187988,0.394358992576599,0.342477589845657,186.764205932617,-85.6306,27.3592,17.8803821928013,63,63,63,63,61,63,0.371931,7819,1.11328740596807,27,-86,0.001869,51,2026-03-31 22:37:38.002414,106,1.037,0.0011,"aoml_navis",1026.08392156289
"7901009",106,0.315616612670167,1,0.3738,1,0.351372,1,194.552117676209,1,4.87282455562697,108,1,21.0179996490479,36.4980010986328,0.373800009489059,0.324010670185089,187.604705810547,-85.6306,27.3592,17.8803821928013,63,63,63,63,61,63,0.351372,7819,1.11328740596807,27,-86,0.001869,51,2026-03-31 22:37:38.002414,108,1.037,0.0011,"aoml_navis",1026.0989171519
"7901009",106,0.315616612670167,1,0.3738,1,0.351372,1,195.127567999394,1,4.87274619105217,110,1,20.9729995727539,36.492000579834,0.373800009489059,0.324010670185089,188.159606933594,-85.6306,27.3592,17.8803821928013,63,63,63,63,61,63,0.351372,7819,1.11328740596807,27,-86,0.001869,51,2026-03-31 22:37:38.002414,110,1.037,0.0011,"aoml_navis",1026.11541910012
"7901009",106,0.256858200736891,1,0.308385,1,0.285957,1,195.030488646902,1,4.87261537276299,112,1,20.9209995269775,36.4980010986328,0.308385014533997,0.265252262353897,188.065994262695,-85.6306,27.3592,17.8803821928013,63,63,63,63,61,63,0.285957,7819,1.11328740596807,27,-86,0.001869,51,2026-03-31 22:37:38.002414,112,1.037,0.0011,"aoml_navis",1026.14296789134
"7901009",106,0.221603153576926,1,0.269136,1,0.246708,1,195.132441746838,1,4.87252389125683,114,1,20.8880004882812,36.5,0.269136011600494,0.229997202754021,188.164306640625,-85.6306,27.3592,17.8803821928013,63,63,63,63,61,63,0.246708,7819,1.11328740596807,27,-86,0.001869,51,2026-03-31 22:37:38.002414,114,1.037,0.0011,"aoml_navis",1026.16223369821
"7901009",106,0.194742165264571,1,0.239232,1,0.216804,1,195.584054578156,1,4.87244212798679,116,1,20.8430004119873,36.4949989318848,0.239232003688812,0.203136220574379,188.599792480469,-85.6306,27.3592,17.8803821928013,63,63,63,63,61,63,0.216804,7819,1.11328740596807,27,-86,0.001869,51,2026-03-31 22:37:38.002414,116,1.037,0.0011,"aoml_navis",1026.17945347786
"7901009",106,0.174596424030305,1,0.216804,1,0.194376,1,195.903253388013,1,4.87234267790065,118,1,20.7759990692139,36.4869995117188,0.216803997755051,0.182990476489067,188.907592773438,-85.6306,27.3592,17.8803821928013,63,63,63,63,61,63,0.194376,7819,1.11328740596807,27,-86,0.001869,51,2026-03-31 22:37:38.002414,118,1.037,0.0011,"aoml_navis",1026.20039897406
"7901009",106,0.13934137687034,1,0.177555,1,0.155127,1,196.086810109922,1,4.87227305495192,120,1,20.7430000305176,36.4830017089844,0.177554994821548,0.147735431790352,189.084594726562,-85.6306,27.3592,17.8803821928013,63,63,63,63,61,63,0.155127,7819,1.11328740596807,27,-86,0.001869,51,2026-03-31 22:37:38.002414,120,1.037,0.0011,"aoml_navis",1026.21506299165
"7901009",106,0.130947318022729,1,0.16821,1,0.145782,1,196.377399389331,1,4.87221107127705,122,1,20.7269992828369,36.4830017089844,0.168209999799728,0.139341369271278,189.364807128906,-85.6306,27.3592,17.8803821928013,63,63,63,63,61,63,0.145782,7819,1.11328740596807,27,-86,0.001869,51,2026-03-31 22:37:38.002414,122,1.037,0.0011,"aoml_navis",1026.22811837449
"7901009",106,0.12423207094464,1,0.160734,1,0.138306,1,196.222452197871,1,4.87215688277077,124,1,20.7169990539551,36.4830017089844,0.160733997821808,0.132626131176949,189.215393066406,-85.6306,27.3592,17.8803821928013,63,63,63,63,61,63,0.138306,7819,1.11328740596807,27,-86,0.001869,51,2026-03-31 22:37:38.002414,124,1.037,0.0011,"aoml_navis",1026.23953216312
"7901009",106,0.122553259175118,1,0.158865,1,0.136437,1,195.777991749166,1,4.87208946693763,126,1,20.6940002441406,36.4819984436035,0.158865004777908,0.130947321653366,188.786804199219,-85.6306,27.3592,17.8803821928013,63,63,63,63,61,63,0.136437,7819,1.11328740596807,27,-86,0.001869,51,2026-03-31 22:37:38.002414,126,1.037,0.0011,"aoml_navis",1026.25373239354
"7901009",106,0.122553259175118,1,0.158865,1,0.136437,1,195.10131622339,1,4.87199556242867,128,1,20.6310005187988,36.4739990234375,0.158865004777908,0.130947321653366,188.134292602539,-85.6306,27.3592,17.8803821928013,63,63,63,63,61,63,0.136437,7819,1.11328740596807,27,-86,0.001869,51,2026-03-31 22:37:38.002414,128,1.037,0.0011,"aoml_navis",1026.27351275901
"7901009",106,0.114159200327507,1,0.14952,1,0.127092,1,194.13916252348,1,4.87191500265716,130,1,20.5949993133545,36.4720001220703,0.149519994854927,0.122553251683712,187.206497192383,-85.6306,27.3592,17.8803821928013,63,63,63,63,61,63,0.127092,7819,1.11328740596807,27,-86,0.001869,51,2026-03-31 22:37:38.002414,130,1.037,0.0011,"aoml_navis",1026.29048275123
"7901009",106,0.0906558355541968,1,0.123354,1,0.100926,1,193.377876843218,1,4.87182597349283,132,1,20.57200050354,36.4770011901855,0.123354002833366,0.0990498885512352,186.472396850586,-85.6306,27.3592,17.8803821928013,63,63,63,63,61,63,0.100926,7819,1.11328740596807,27,-86,0.001869,51,2026-03-31 22:37:38.002414,132,1.037,0.0011,"aoml_navis",1026.30923748191
"7901009",106,0.0654736590113644,1,0.095319,1,0.072891,1,194.613925655156,1,4.87171270710309,134,1,20.5189990997314,36.4780006408691,0.095319002866745,0.0738677158951759,187.664306640625,-85.6306,27.3592,17.8803821928013,63,63,63,63,61,63,0.072891,7819,1.11328740596807,27,-86,0.001869,51,2026-03-31 22:37:38.002414,134,1.037,0.0011,"aoml_navis",1026.33309897562
"7901009",106,0.0419702942380541,1,0.069153,1,0.046725,1,193.407847225226,1,4.8715717118579,136,1,20.4500007629395,36.4809989929199,0.0691530033946037,0.0503643527626991,186.50129699707,-85.6306,27.3592,17.8803821928013,63,63,63,63,61,63,0.046725,7819,1.11328740596807,27,-86,0.001869,51,2026-03-31 22:37:38.002414,136,1.037,0.0011,"aoml_navis",1026.36280357518
"7901009",106,0.0352550471599654,1,0.061677,1,0.039249,1,188.769827754389,1,4.87144477219403,138,1,20.3889999389648,36.4830017089844,0.0616770014166832,0.0436491072177887,182.028900146484,-85.6306,27.3592,17.8803821928013,63,63,63,63,61,63,0.039249,7819,1.11328740596807,27,-86,0.001869,51,2026-03-31 22:37:38.002414,138,1.037,0.0011,"aoml_navis",1026.38954844357
"7901009",106,0.0570796001637536,1,0.085974,1,0.063546,1,179.9421894014,1,4.87133735755962,140,1,20.3600006103516,36.4910011291504,0.0859740003943443,0.065473660826683,173.516494750977,-85.6306,27.3592,17.8803821928013,63,63,63,63,61,63,0.063546,7819,1.11328740596807,27,-86,0.001869,51,2026-03-31 22:37:38.002414,140,1.037,0.0011,"aoml_navis",1026.41218067985
"7901009",106,0.0889770237846747,1,0.121485,1,0.099057,1,172.720308416442,1,4.87114547830547,142,1,20.2339992523193,36.4879989624023,0.121485002338886,0.0973710790276527,166.552505493164,-85.6306,27.3592,17.8803821928013,63,63,63,63,61,63,0.099057,7819,1.11328740596807,27,-86,0.001869,51,2026-03-31 22:37:38.002414,142,1.037,0.0011,"aoml_navis",1026.45261207418
"7901009",106,0.0906558355541968,1,0.123354,1,0.100926,1,158.167219430003,1,4.87098017608924,144,1,20.2840003967285,36.5400009155273,0.123354002833366,0.0990498885512352,152.519104003906,-85.6306,27.3592,17.8803821928013,63,63,63,63,61,63,0.100926,7819,1.11328740596807,27,-86,0.001869,51,2026-03-31 22:37:38.002414,144,1.037,0.0011,"aoml_navis",1026.48744590341
"7901009",106,0.0604372237027979,1,0.089712,1,0.067284,1,147.986467383293,1,4.87078320261206,146,1,20.3430004119873,36.6040000915527,0.0897120013833046,0.068831279873848,142.701904296875,-85.6306,27.3592,17.8803821928013,63,63,63,63,61,63,0.067284,7819,1.11328740596807,27,-86,0.001869,51,2026-03-31 22:37:38.002414,146,1.037,0.0011,"aoml_navis",1026.52895684592
"7901009",106,0.0503643530856649,1,0.078498,1,0.05607,1,145.930853631887,1,4.87061834885823,148,1,20.2719993591309,36.6129989624023,0.0784979984164238,0.0587584115564823,140.719696044922,-85.6306,27.3592,17.8803821928013,63,63,63,63,61,63,0.05607,7819,1.11328740596807,27,-86,0.001869,51,2026-03-31 22:37:38.002414,148,1.037,0.0011,"aoml_navis",1026.56370133622
"7901009",106,0.0318974236209211,1,0.057939,1,0.035511,1,145.731330639943,1,4.8704302557569,150,1,20.1940002441406,36.6259994506836,0.0579390004277229,0.0402914807200432,140.527297973633,-85.6306,27.3592,17.8803821928013,63,63,63,63,61,63,0.035511,7819,1.11328740596807,27,-86,0.001869,51,2026-03-31 22:37:38.002414,150,1.037,0.0011,"aoml_navis",1026.60334661192
"7901009",106,0.0554007883942314,1,0.084105,1,0.061677,1,147.703979917817,1,4.87032110148619,152,1,20.1380004882812,36.625,0.0841049998998642,0.0637948513031006,142.429504394531,-85.6306,27.3592,17.8803821928013,63,63,63,63,61,63,0.061677,7819,1.11328740596807,27,-86,0.001869,51,2026-03-31 22:37:38.002414,152,1.037,0.0011,"aoml_navis",1026.62635497981
"7901009",106,0.06211603547232,1,0.091581,1,0.069153,1,155.268399899255,1,4.87017033339944,154,1,19.9039993286133,36.5730018615723,0.0915810018777847,0.0705100893974304,149.72380065918,-85.6306,27.3592,17.8803821928013,63,63,63,63,61,63,0.069153,7819,1.11328740596807,27,-86,0.001869,51,2026-03-31 22:37:38.002414,154,1.037,0.0011,"aoml_navis",1026.65813672064
"7901009",106,0.0654736590113644,1,0.095319,1,0.072891,1,158.603388178512,1,4.870001950612,156,1,19.5849990844727,36.4970016479492,0.095319002866745,0.0738677158951759,152.939697265625,-85.6306,27.3592,17.8803821928013,63,63,63,63,61,63,0.072891,7819,1.11328740596807,27,-86,0.001869,51,2026-03-31 22:37:38.002414,156,1.037,0.0011,"aoml_navis",1026.69363394642
"7901009",106,0.0772253413980195,1,0.108402,1,0.085974,1,154.41895952091,1,4.86984079296122,158,1,19.4109992980957,36.4700012207031,0.108401998877525,0.0856193974614143,148.904693603516,-85.6306,27.3592,17.8803821928013,63,63,63,63,61,63,0.085974,7819,1.11328740596807,27,-86,0.001869,51,2026-03-31 22:37:38.002414,158,1.037,0.0011,"aoml_navis",1026.72761032084
"7901009",106,0.0856194002456303,1,0.117747,1,0.095319,1,151.324778672171,1,4.86961554194671,160,1,19.2689990997314,36.4720001220703,0.117747001349926,0.0940134525299072,145.921005249023,-85.6306,27.3592,17.8803821928013,63,63,63,63,61,63,0.095319,7819,1.11328740596807,27,-86,0.001869,51,2026-03-31 22:37:38.002414,160,1.037,0.0011,"aoml_navis",1026.77510307131
"7901009",106,0.0436491060075762,1,0.071022,1,0.048594,1,150.632041933229,1,4.86939755447398,162,1,19.1000003814697,36.4630012512207,0.0710219964385033,0.0520431622862816,145.253005981445,-85.6306,27.3592,17.8803821928013,63,63,63,63,61,63,0.048594,7819,1.11328740596807,27,-86,0.001869,51,2026-03-31 22:37:38.002414,162,1.037,0.0011,"aoml_navis",1026.82106853363
"7901009",106,0.0318974236209211,1,0.057939,1,0.035511,1,146.709039189649,1,4.86929546940147,164,1,19.0389995574951,36.4589996337891,0.0579390004277229,0.0402914807200432,141.470092773438,-85.6306,27.3592,17.8803821928013,63,63,63,63,61,63,0.035511,7819,1.11328740596807,27,-86,0.001869,51,2026-03-31 22:37:38.002414,164,1.037,0.0011,"aoml_navis",1026.84259589911
"7901009",106,0.0335762353904433,1,0.059808,1,0.03738,1,139.541386556931,1,4.8692345718238,166,1,19.076000213623,36.4770011901855,0.0598080009222031,0.0419702939689159,134.558395385742,-85.6306,27.3592,17.8803821928013,63,63,63,63,61,63,0.03738,7819,1.11328740596807,27,-86,0.001869,51,2026-03-31 22:37:38.002414,166,1.037,0.0011,"aoml_navis",1026.85543821053
"7901009",106,0.0386126706990098,1,0.065415,1,0.042987,1,138.271332279874,1,4.86906762843765,168,1,19.0739994049072,36.5110015869141,0.0654150024056435,0.0470067262649536,133.333694458008,-85.6306,27.3592,17.8803821928013,63,63,63,63,61,63,0.042987,7819,1.11328740596807,27,-86,0.001869,51,2026-03-31 22:37:38.002414,168,1.037,0.0011,"aoml_navis",1026.89064551037
"7901009",106,0.0251821765428324,1,0.050463,1,0.028035,1,142.660268443851,1,4.86890916213528,170,1,18.9759998321533,36.5099983215332,0.0504629984498024,0.0335762351751328,137.565902709961,-85.6306,27.3592,17.8803821928013,63,63,63,63,61,63,0.028035,7819,1.11328740596807,27,-86,0.001869,51,2026-03-31 22:37:38.002414,170,1.037,0.0011,"aoml_navis",1026.92406728065
"7901009",106,0.00503643530856649,1,0.028035,1,0.005607,1,145.978356845608,1,4.86877509293264,172,1,18.9860000610352,36.5390014648438,0.0280349999666214,0.0134304938837886,140.765502929688,-85.6306,27.3592,17.8803821928013,63,63,63,63,61,63,0.005607,7819,1.11328740596807,27,-86,0.001869,51,2026-03-31 22:37:38.002414,172,1.037,0.0011,"aoml_navis",1026.95234521263
"7901009",106,0.00167881176952216,1,0.024297,1,0.001869,1,148.216261410497,1,4.86868437000642,174,1,18.9370002746582,36.5359992980957,0.0242970008403063,0.0100728701800108,142.923492431641,-85.6306,27.3592,17.8803821928013,63,63,63,63,61,63,0.001869,7819,1.11328740596807,27,-86,0.001869,51,2026-03-31 22:37:38.002414,174,1.037,0.0011,"aoml_navis",1026.97148141345
"7901009",106,0,1,0.022428,1,0,1,149.40159476608,1,4.86856948163211,176,1,18.882999420166,36.5379981994629,0.0224280003458261,0.00839405879378319,144.066497802734,-85.6306,27.3592,17.8803821928013,63,63,63,63,61,63,0,7819,1.11328740596807,27,-86,0.001869,51,2026-03-31 22:37:38.002414,176,1.037,0.0011,"aoml_navis",1026.9957158594
"7901009",106,0,1,0.022428,1,0,1,149.336891021607,1,4.86848102018397,178,1,18.8150005340576,36.5279998779297,0.0224280003458261,0.00839405879378319,144.004104614258,-85.6306,27.3592,17.8803821928013,63,63,63,63,61,63,0,7819,1.11328740596807,27,-86,0.001869,51,2026-03-31 22:37:38.002414,178,1.037,0.0011,"aoml_navis",1027.01437661373
"7901009",106,0,1,0.016821,1,-0.005607,1,149.516808256788,1,4.86835093446243,180,1,18.6889991760254,36.5099983215332,0.0168210007250309,0.00335762347094715,144.177597045898,-85.6306,27.3592,17.8803821928013,63,63,63,63,61,63,0,7819,1.11328740596807,27,-86,0.001869,51,2026-03-31 22:37:38.002414,180,1.037,0.0011,"aoml_navis",1027.04181915187
"7901009",106,0,1,0.016821,1,-0.005607,1,149.33138431995,1,4.86824223520279,182,1,18.5949993133545,36.4970016479492,0.0168210007250309,0.00335762347094715,143.998794555664,-85.6306,27.3592,17.8803821928013,63,63,63,63,61,63,0,7819,1.11328740596807,27,-86,0.001869,51,2026-03-31 22:37:38.002414,182,1.037,0.0011,"aoml_navis",1027.06475118359
"7901009",106,0,1,0.016821,1,-0.005607,1,147.906920862514,1,4.86815211703402,184,1,18.5219993591309,36.4860000610352,0.0168210007250309,0.00335762347094715,142.625198364258,-85.6306,27.3592,17.8803821928013,63,63,63,63,61,63,0,7819,1.11328740596807,27,-86,0.001869,51,2026-03-31 22:37:38.002414,184,1.037,0.0011,"aoml_navis",1027.08376398195
"7901009",106,0,1,0.016821,1,-0.005607,1,145.396687747276,1,4.86803438639664,186,1,18.3990001678467,36.4659996032715,0.0168210007250309,0.00335762347094715,140.204605102539,-85.6306,27.3592,17.8803821928013,63,63,63,63,61,63,0,7819,1.11328740596807,27,-86,0.001869,51,2026-03-31 22:37:38.002414,186,1.037,0.0011,"aoml_navis",1027.10860341745
"7901009",106,0,1,0.022428,1,0,1,142.5529352331,1,4.86794013134106,188,1,18.2950000762939,36.4459991455078,0.0224280003458261,0.00839405879378319,137.46240234375,-85.6306,27.3592,17.8803821928013,63,63,63,63,61,63,0,7819,1.11328740596807,27,-86,0.001869,51,2026-03-31 22:37:38.002414,188,1.037,0.0011,"aoml_navis",1027.12849071596
"7901009",106,0,1,0.014952,1,-0.007476,1,138.753342737294,1,4.86786431139433,190,1,18.2059993743896,36.4259986877441,0.0149520002305508,0.00167881173547357,133.798492431641,-85.6306,27.3592,17.8803821928013,63,63,63,63,61,63,0,7819,1.11328740596807,27,-86,0.001869,51,2026-03-31 22:37:38.002414,190,1.037,0.0011,"aoml_navis",1027.14448886679
"7901009",106,0,1,0.022428,1,0,1,135.444701177173,1,4.86770011328579,192,1,17.988000869751,36.3880004882812,0.0224280003458261,0.00839405879378319,130.608001708984,-85.6306,27.3592,17.8803821928013,63,63,63,63,61,63,0,7819,1.11328740596807,27,-86,0.001869,51,2026-03-31 22:37:38.002414,192,1.037,0.0011,"aoml_navis",1027.17913668369
"7901009",106,0,1,0.020559,1,-0.001869,1,135.036524828755,1,4.86749346483692,194,1,17.7169990539551,36.3450012207031,0.020558999851346,0.00671524694189429,130.214401245117,-85.6306,27.3592,17.8803821928013,63,63,63,63,61,63,0,7819,1.11328740596807,27,-86,0.001869,51,2026-03-31 22:37:38.002414,194,1.037,0.0011,"aoml_navis",1027.22274536583
"7901009",106,0,1,0.022428,1,0,1,135.201203691247,1,4.86730705435903,196,1,17.5009994506836,36.314998626709,0.0224280003458261,0.00839405879378319,130.373199462891,-85.6306,27.3592,17.8803821928013,63,63,63,63,61,63,0,7819,1.11328740596807,27,-86,0.001869,51,2026-03-31 22:37:38.002414,196,1.037,0.0011,"aoml_navis",1027.26208643898
"7901009",106,0,1,0.029904,1,0.007476,1,135.273487062426,1,4.8672012214713,198,1,17.3899993896484,36.2970008850098,0.0299040004611015,0.0151093062013388,130.442901611328,-85.6306,27.3592,17.8803821928013,63,63,63,63,61,63,0,7819,1.11328740596807,27,-86,0.001869,51,2026-03-31 22:37:38.002414,198,1.037,0.0011,"aoml_navis",1027.28442332379
"7901009",106,0,1,0.026166,1,0.003738,1,135.221220868248,1,4.86712253050163,200,1,17.3299999237061,36.2879981994629,0.0261659994721413,0.0117516815662384,130.392501831055,-85.6306,27.3592,17.8803821928013,63,63,63,63,61,63,0,7819,1.11328740596807,27,-86,0.001869,51,2026-03-31 22:37:38.002414,200,1.037,0.0011,"aoml_navis",1027.30103231748
"7901009",106,0,1,0.020559,1,-0.001869,1,135.159001469063,1,4.86704425890285,202,1,17.2639999389648,36.2770004272461,0.020558999851346,0.00671524694189429,130.332504272461,-85.6306,27.3592,17.8803821928013,63,63,63,63,61,63,0,7819,1.11328740596807,27,-86,0.001869,51,2026-03-31 22:37:38.002414,202,1.037,0.0011,"aoml_navis",1027.31755332899
"7901009",106,0,1,0.024297,1,0.001869,1,135.086607330897,1,4.86696570072518,204,1,17.2070007324219,36.2690010070801,0.0242970008403063,0.0100728701800108,130.2626953125,-85.6306,27.3592,17.8803821928013,63,63,63,63,61,63,0,7819,1.11328740596807,27,-86,0.001869,51,2026-03-31 22:37:38.002414,204,1.037,0.0011,"aoml_navis",1027.33413536385
"7901009",106,0,1,0.022428,1,0,1,134.988404484675,1,4.86691456789603,206,1,17.1830005645752,36.2639999389648,0.0224280003458261,0.00839405879378319,130.167999267578,-85.6306,27.3592,17.8803821928013,63,63,63,63,61,63,0,7819,1.11328740596807,27,-86,0.001869,51,2026-03-31 22:37:38.002414,206,1.037,0.0011,"aoml_navis",1027.34492875257
"7901009",106,0,1,0.020559,1,-0.001869,1,134.881909938257,1,4.86685898820699,208,1,17.1520004272461,36.257999420166,0.020558999851346,0.00671524694189429,130.065307617188,-85.6306,27.3592,17.8803821928013,63,63,63,63,61,63,0,7819,1.11328740596807,27,-86,0.001869,51,2026-03-31 22:37:38.002414,208,1.037,0.0011,"aoml_navis",1027.3566610653
"7901009",106,0,1,0.020559,1,-0.001869,1,134.819469005098,1,4.866787437024,210,1,17.1040000915527,36.2509994506836,0.020558999851346,0.00671524694189429,130.005096435547,-85.6306,27.3592,17.8803821928013,63,63,63,63,61,63,0,7819,1.11328740596807,27,-86,0.001869,51,2026-03-31 22:37:38.002414,210,1.037,0.0011,"aoml_navis",1027.37176519414
"7901009",106,0,1,0.016821,1,-0.005607,1,134.669316441805,1,4.86671339684194,212,1,17.0380001068115,36.2389984130859,0.0168210007250309,0.00335762347094715,129.860305786133,-85.6306,27.3592,17.8803821928013,63,63,63,63,61,63,0,7819,1.11328740596807,27,-86,0.001869,51,2026-03-31 22:37:38.002414,212,1.037,0.0011,"aoml_navis",1027.38739520691
"7901009",106,0,1,0.022428,1,0,1,134.528784782557,1,4.86658096328564,214,1,16.9020004272461,36.2210006713867,0.0224280003458261,0.00839405879378319,129.724792480469,-85.6306,27.3592,17.8803821928013,63,63,63,63,61,63,0,7819,1.11328740596807,27,-86,0.001869,51,2026-03-31 22:37:38.002414,214,1.037,0.0011,"aoml_navis",1027.4153533499
"7901009",106,0,1,0.016821,1,-0.005607,1,134.365878191863,1,4.86649945986367,216,1,16.8290004730225,36.2089996337891,0.0168210007250309,0.00335762347094715,129.56770324707,-85.6306,27.3592,17.8803821928013,63,63,63,63,61,63,0,7819,1.11328740596807,27,-86,0.001869,51,2026-03-31 22:37:38.002414,216,1.037,0.0011,"aoml_navis",1027.43256035213
"7901009",106,0,1,0.020559,1,-0.001869,1,134.32584383786,1,4.86642416571387,218,1,16.7740001678467,36.201000213623,0.020558999851346,0.00671524694189429,129.529098510742,-85.6306,27.3592,17.8803821928013,63,63,63,63,61,63,0,7819,1.11328740596807,27,-86,0.001869,51,2026-03-31 22:37:38.002414,218,1.037,0.0011,"aoml_navis",1027.44845696502
"7901009",106,0,1,0.01869,1,-0.003738,1,134.352807687354,1,4.86636793634762,220,1,16.742000579834,36.1949996948242,0.0186899993568659,0.0050364350900054,129.555099487305,-85.6306,27.3592,17.8803821928013,63,63,63,63,61,63,0,7819,1.11328740596807,27,-86,0.001869,51,2026-03-31 22:37:38.002414,220,1.037,0.0011,"aoml_navis",1027.46032881202
"7901009",106,0,1,0.022428,1,0,1,134.703226963792,1,4.8662766680008,222,1,16.6599998474121,36.1829986572266,0.0224280003458261,0.00839405879378319,129.893005371094,-85.6306,27.3592,17.8803821928013,63,63,63,63,61,63,0,7819,1.11328740596807,27,-86,0.001869,51,2026-03-31 22:37:38.002414,222,1.037,0.0011,"aoml_navis",1027.47959911086
"7901009",106,0,1,0.022428,1,0,1,134.953449588236,1,4.86618161081152,224,1,16.568000793457,36.1689987182617,0.0224280003458261,0.00839405879378319,130.134292602539,-85.6306,27.3592,17.8803821928013,63,63,63,63,61,63,0,7819,1.11328740596807,27,-86,0.001869,51,2026-03-31 22:37:38.002414,224,1.037,0.0011,"aoml_navis",1027.49967015024
"7901009",106,0,1,0.01869,1,-0.003738,1,134.994417549703,1,4.86609053278761,226,1,16.4759998321533,36.1539993286133,0.0186899993568659,0.0050364350900054,130.173797607422,-85.6306,27.3592,17.8803821928013,63,63,63,63,61,63,0,7819,1.11328740596807,27,-86,0.001869,51,2026-03-31 22:37:38.002414,226,1.037,0.0011,"aoml_navis",1027.51890173644
"7901009",106,0,1,0.01869,1,-0.003738,1,134.783074137822,1,4.86602277650358,228,1,16.4270000457764,36.1459999084473,0.0186899993568659,0.0050364350900054,129.970001220703,-85.6306,27.3592,17.8803821928013,63,63,63,63,61,63,0,7819,1.11328740596807,27,-86,0.001869,51,2026-03-31 22:37:38.002414,228,1.037,0.0011,"aoml_navis",1027.5332092861
"7901009",106,0,1,0.020559,1,-0.001869,1,134.611021358743,1,4.8659455129615,230,1,16.363000869751,36.1360015869141,0.020558999851346,0.00671524694189429,129.804092407227,-85.6306,27.3592,17.8803821928013,63,63,63,63,61,63,0,7819,1.11328740596807,27,-86,0.001869,51,2026-03-31 22:37:38.002414,230,1.037,0.0011,"aoml_navis",1027.54952489324
"7901009",106,0,1,0.01869,1,-0.003738,1,134.456817888485,1,4.86587264513442,232,1,16.3059997558594,36.1269989013672,0.0186899993568659,0.0050364350900054,129.655395507812,-85.6306,27.3592,17.8803821928013,63,63,63,63,61,63,0,7819,1.11328740596807,27,-86,0.001869,51,2026-03-31 22:37:38.002414,232,1.037,0.0011,"aoml_navis",1027.56491273969
"7901009",106,0,1,0.01869,1,-0.003738,1,134.423635263843,1,4.86579176990984,234,1,16.2320003509521,36.1150016784668,0.0186899993568659,0.0050364350900054,129.623397827148,-85.6306,27.3592,17.8803821928013,63,63,63,63,61,63,0,7819,1.11328740596807,27,-86,0.001869,51,2026-03-31 22:37:38.002414,234,1.037,0.0011,"aoml_navis",1027.58199208608
"7901009",106,0,1,0.020559,1,-0.001869,1,134.221422216492,1,4.86570278164981,236,1,16.1439990997314,36.101001739502,0.020558999851346,0.00671524694189429,129.428405761719,-85.6306,27.3592,17.8803821928013,63,63,63,63,61,63,0,7819,1.11328740596807,27,-86,0.001869,51,2026-03-31 22:37:38.002414,236,1.037,0.0011,"aoml_navis",1027.60078541103
"7901009",106,0,1,0.01869,1,-0.003738,1,133.550459102493,1,4.86565068036065,238,1,16.1149997711182,36.0950012207031,0.0186899993568659,0.0050364350900054,128.781402587891,-85.6306,27.3592,17.8803821928013,63,63,63,63,61,63,0,7819,1.11328740596807,27,-86,0.001869,51,2026-03-31 22:37:38.002414,238,1.037,0.0011,"aoml_navis",1027.61178893948
"7901009",106,0,1,0.020559,1,-0.001869,1,132.493718307306,1,4.86558918931953,240,1,16.0709991455078,36.0870018005371,0.020558999851346,0.00671524694189429,127.762397766113,-85.6306,27.3592,17.8803821928013,63,63,63,63,61,63,0,7819,1.11328740596807,27,-86,0.001869,51,2026-03-31 22:37:38.002414,240,1.037,0.0011,"aoml_navis",1027.62477583918
"7901009",106,0,1,0.01869,1,-0.003738,1,131.203029722889,1,4.86551408663627,242,1,15.9949998855591,36.0730018615723,0.0186899993568659,0.0050364350900054,126.517799377441,-85.6306,27.3592,17.8803821928013,63,63,63,63,61,63,0,7819,1.11328740596807,27,-86,0.001869,51,2026-03-31 22:37:38.002414,242,1.037,0.0011,"aoml_navis",1027.64063796118
"7901009",106,0,1,0.020559,1,-0.001869,1,130.270427072821,1,4.86538263195634,244,1,15.8479995727539,36.0530014038086,0.020558999851346,0.00671524694189429,125.618499755859,-85.6306,27.3592,17.8803821928013,63,63,63,63,61,63,0,7819,1.11328740596807,27,-86,0.001869,51,2026-03-31 22:37:38.002414,244,1.037,0.0011,"aoml_navis",1027.6684031302
"7901009",106,0,1,0.013083,1,-0.009345,1,130.303926174569,1,4.86527883884733,246,1,15.7320003509521,36.0349998474121,0.0130829997360706,0,125.650802612305,-85.6306,27.3592,17.8803821928013,63,63,63,63,61,63,0,7819,1.11328740596807,27,-86,0.001869,51,2026-03-31 22:37:38.002414,246,1.037,0.0011,"aoml_navis",1027.6903268271
"7901009",106,0,1,0.022428,1,0,1,129.955587735108,1,4.8652345384416,248,1,15.7130002975464,36.0299987792969,0.0224280003458261,0.00839405879378319,125.314903259277,-85.6306,27.3592,17.8803821928013,63,63,63,63,61,63,0,7819,1.11328740596807,27,-86,0.001869,51,2026-03-31 22:37:38.002414,248,1.037,0.0011,"aoml_navis",1027.69968446404
"7901009",106,0,1,0.020559,1,-0.001869,1,129.33087775026,1,4.86518182704984,250,1,15.6829996109009,36.023998260498,0.020558999851346,0.00671524694189429,124.712501525879,-85.6306,27.3592,17.8803821928013,63,63,63,63,61,63,0,7819,1.11328740596807,27,-86,0.001869,51,2026-03-31 22:37:38.002414,250,1.037,0.0011,"aoml_navis",1027.7108189874
"7901009",106,0,1,0.01869,1,-0.003738,1,128.61749879203,1,4.86509555035964,252,1,15.58899974823,36.007999420166,0.0186899993568659,0.0050364350900054,124.024597167969,-85.6306,27.3592,17.8803821928013,63,63,63,63,61,63,0,7819,1.11328740596807,27,-86,0.001869,51,2026-03-31 22:37:38.002414,252,1.037,0.0011,"aoml_navis",1027.72904421793
"7901009",106,0,1,0.020559,1,-0.001869,1,127.825625599401,1,4.86499730159082,254,1,15.4870004653931,35.9930000305176,0.020558999851346,0.00671524694189429,123.261001586914,-85.6306,27.3592,17.8803821928013,63,63,63,63,61,63,0,7819,1.11328740596807,27,-86,0.001869,51,2026-03-31 22:37:38.002414,254,1.037,0.0011,"aoml_navis",1027.74979923731
"7901009",106,0,1,0.022428,1,0,1,127.047851461877,1,4.86490854657772,256,1,15.3900003433228,35.9770011901855,0.0224280003458261,0.00839405879378319,122.511001586914,-85.6306,27.3592,17.8803821928013,63,63,63,63,61,63,0,7819,1.11328740596807,27,-86,0.001869,51,2026-03-31 22:37:38.002414,256,1.037,0.0011,"aoml_navis",1027.7685494247
"7901009",106,0,1,0.022428,1,0,1,126.471261821108,1,4.86481129031688,258,1,15.2779998779297,35.9589996337891,0.0224280003458261,0.00839405879378319,121.955001831055,-85.6306,27.3592,17.8803821928013,63,63,63,63,61,63,0,7819,1.11328740596807,27,-86,0.001869,51,2026-03-31 22:37:38.002414,258,1.037,0.0011,"aoml_navis",1027.78909635245
"7901009",106,0,1,0.016821,1,-0.005607,1,125.736109237935,1,4.86474954359826,260,1,15.2290000915527,35.9500007629395,0.0168210007250309,0.00335762347094715,121.246101379395,-85.6306,27.3592,17.8803821928013,63,63,63,63,61,63,0,7819,1.11328740596807,27,-86,0.001869,51,2026-03-31 22:37:38.002414,260,1.037,0.0011,"aoml_navis",1027.80214175254
"7901009",106,0,1,0.01869,1,-0.003738,1,124.878068594215,1,4.86467387853639,262,1,15.1499996185303,35.9360008239746,0.0186899993568659,0.0050364350900054,120.418701171875,-85.6306,27.3592,17.8803821928013,63,63,63,63,61,63,0,7819,1.11328740596807,27,-86,0.001869,51,2026-03-31 22:37:38.002414,262,1.037,0.0011,"aoml_navis",1027.81812817108
"7901009",106,0,1,0.022428,1,0,1,124.551400924638,1,4.86454089460607,264,1,14.9829998016357,35.9119987487793,0.0224280003458261,0.00839405879378319,120.103698730469,-85.6306,27.3592,17.8803821928013,63,63,63,63,61,63,0,7819,1.11328740596807,27,-86,0.001869,51,2026-03-31 22:37:38.002414,264,1.037,0.0011,"aoml_navis",1027.84622605272
"7901009",106,0,1,0.024297,1,0.001869,1,124.227122657217,1,4.86447212915406,266,1,14.9200000762939,35.9010009765625,0.0242970008403063,0.0100728701800108,119.791000366211,-85.6306,27.3592,17.8803821928013,63,63,63,63,61,63,0,7819,1.11328740596807,27,-86,0.001869,51,2026-03-31 22:37:38.002414,266,1.037,0.0011,"aoml_navis",1027.86075595617
"7901009",106,0,1,0.01869,1,-0.003738,1,123.901807927272,1,4.86440202136168,268,1,14.8590002059937,35.890998840332,0.0186899993568659,0.0050364350900054,119.47730255127,-85.6306,27.3592,17.8803821928013,63,63,63,63,61,63,0,7819,1.11328740596807,27,-86,0.001869,51,2026-03-31 22:37:38.002414,268,1.037,0.0011,"aoml_navis",1027.87556991442
"7901009",106,0,1,0.024297,1,0.001869,1,123.686310753365,1,4.86433158550986,270,1,14.8009996414185,35.8819999694824,0.0242970008403063,0.0100728701800108,119.269500732422,-85.6306,27.3592,17.8803821928013,63,63,63,63,61,63,0,7819,1.11328740596807,27,-86,0.001869,51,2026-03-31 22:37:38.002414,270,1.037,0.0011,"aoml_navis",1027.8904536225
"7901009",106,0,1,0.020559,1,-0.001869,1,123.068863918116,1,4.86429017821797,272,1,14.7910003662109,35.8790016174316,0.020558999851346,0.00671524694189429,118.674102783203,-85.6306,27.3592,17.8803821928013,63,63,63,63,61,63,0,7819,1.11328740596807,27,-86,0.001869,51,2026-03-31 22:37:38.002414,272,1.037,0.0011,"aoml_navis",1027.89920354458
"7901009",106,0,1,0.024297,1,0.001869,1,122.138128482977,1,4.86424334963851,273.899993896484,1,14.7670001983643,35.8740005493164,0.0242970008403063,0.0100728701800108,117.77660369873,-85.6306,27.3592,17.8803821928013,63,63,63,63,61,63,0,7819,1.11328740596807,27,-86,0.001869,51,2026-03-31 22:37:38.002414,273.899993896484,1.037,0.0011,"aoml_navis",1027.90909923772
"7901009",106,0,1,0.01869,1,-0.003738,1,121.465401009108,1,4.86414871783724,276,1,14.673999786377,35.8610000610352,0.0186899993568659,0.0050364350900054,117.127899169922,-85.6306,27.3592,17.8803821928013,63,63,63,63,61,63,0,7819,1.11328740596807,27,-86,0.001869,51,2026-03-31 22:37:38.002414,276,1.037,0.0011,"aoml_navis",1027.92909716444
"7901009",106,0,1,0.024297,1,0.001869,1,121.312851131732,1,4.86407074637521,278,1,14.5979995727539,35.8489990234375,0.0242970008403063,0.0100728701800108,116.980796813965,-85.6306,27.3592,17.8803821928013,63,63,63,63,61,63,0,7819,1.11328740596807,27,-86,0.001869,51,2026-03-31 22:37:38.002414,278,1.037,0.0011,"aoml_navis",1027.94557495408
"7901009",106,0,1,0.022428,1,0,1,121.385965255316,1,4.86400307367188,280,1,14.548999786377,35.8419990539551,0.0224280003458261,0.00839405879378319,117.051300048828,-85.6306,27.3592,17.8803821928013,63,63,63,63,61,63,0,7819,1.11328740596807,27,-86,0.001869,51,2026-03-31 22:37:38.002414,280,1.037,0.0011,"aoml_navis",1027.95987672464
"7901009",106,0,1,0.01869,1,-0.003738,1,121.694688672941,1,4.86394329136275,282,1,14.4969997406006,35.8320007324219,0.0186899993568659,0.0050364350900054,117.348999023438,-85.6306,27.3592,17.8803821928013,63,63,63,63,61,63,0,7819,1.11328740596807,27,-86,0.001869,51,2026-03-31 22:37:38.002414,282,1.037,0.0011,"aoml_navis",1027.97251129117
"7901009",106,0,1,0.022428,1,0,1,122.02871443525,1,4.86387423929151,284,1,14.4359998703003,35.8219985961914,0.0224280003458261,0.00839405879378319,117.671096801758,-85.6306,27.3592,17.8803821928013,63,63,63,63,61,63,0,7819,1.11328740596807,27,-86,0.001869,51,2026-03-31 22:37:38.002414,284,1.037,0.0011,"aoml_navis",1027.98710534266
"7901009",106,0,1,0.024297,1,0.001869,1,122.615265192953,1,4.86381053320176,286,1,14.3800001144409,35.8120002746582,0.0242970008403063,0.0100728701800108,118.236701965332,-85.6306,27.3592,17.8803821928013,63,63,63,63,61,63,0,7819,1.11328740596807,27,-86,0.001869,51,2026-03-31 22:37:38.002414,286,1.037,0.0011,"aoml_navis",1028.0005698965
"7901009",106,0,1,0.022428,1,0,1,123.200360155966,1,4.86375008654631,288,1,14.3269996643066,35.8019981384277,0.0224280003458261,0.00839405879378319,118.800903320312,-85.6306,27.3592,17.8803821928013,63,63,63,63,61,63,0,7819,1.11328740596807,27,-86,0.001869,51,2026-03-31 22:37:38.002414,288,1.037,0.0011,"aoml_navis",1028.01334588111
"7901009",106,0,1,0.020559,1,-0.001869,1,123.790945996781,1,4.86364087112855,290,1,14.1879997253418,35.7809982299805,0.020558999851346,0.00671524694189429,119.370399475098,-85.6306,27.3592,17.8803821928013,63,63,63,63,61,63,0,7819,1.11328740596807,27,-86,0.001869,51,2026-03-31 22:37:38.002414,290,1.037,0.0011,"aoml_navis",1028.03643042004
"7901009",106,0,1,0.028035,1,0.005607,1,124.16365317346,1,4.8635645347307,292,1,14.1049995422363,35.7669982910156,0.0280349999666214,0.0134304938837886,119.729797363281,-85.6306,27.3592,17.8803821928013,63,63,63,63,61,63,0,7819,1.11328740596807,27,-86,0.001869,51,2026-03-31 22:37:38.002414,292,1.037,0.0011,"aoml_navis",1028.05256603362
"7901009",106,0,1,0.022428,1,0,1,124.060576579795,1,4.8634965771556,294,1,14.0369997024536,35.7550010681152,0.0224280003458261,0.00839405879378319,119.630401611328,-85.6306,27.3592,17.8803821928013,63,63,63,63,61,63,0,7819,1.11328740596807,27,-86,0.001869,51,2026-03-31 22:37:38.002414,294,1.037,0.0011,"aoml_navis",1028.0669309989
"7901009",106,0,1,0.01869,1,-0.003738,1,123.606558522466,1,4.86341172189703,296,1,13.9379997253418,35.7389984130859,0.0186899993568659,0.0050364350900054,119.192596435547,-85.6306,27.3592,17.8803821928013,63,63,63,63,61,63,0,7819,1.11328740596807,27,-86,0.001869,51,2026-03-31 22:37:38.002414,296,1.037,0.0011,"aoml_navis",1028.08486838324
"7901009",106,0,1,0.020559,1,-0.001869,1,123.121747242652,1,4.86331608139368,298,1,13.8280000686646,35.7229995727539,0.020558999851346,0.00671524694189429,118.72509765625,-85.6306,27.3592,17.8803821928013,63,63,63,63,61,63,0,7819,1.11328740596807,27,-86,0.001869,51,2026-03-31 22:37:38.002414,298,1.037,0.0011,"aoml_navis",1028.10508638936
"7901009",106,0,1,0.014952,1,-0.007476,1,122.564344026479,1,4.86325542455882,300,1,13.7700004577637,35.7120018005371,0.0149520002305508,0.00167881173547357,118.187599182129,-85.6306,27.3592,17.8803821928013,63,63,63,63,61,63,0,7819,1.11328740596807,27,-86,0.001869,51,2026-03-31 22:37:38.002414,300,1.037,0.0011,"aoml_navis",1028.11790940501
"7901009",106,0,1,0.022428,1,0,1,122.261222253644,1,4.86315990043978,302.100006103516,1,13.664999961853,35.6969985961914,0.0224280003458261,0.00839405879378319,117.895301818848,-85.6306,27.3592,17.8803821928013,63,63,63,63,61,63,0,7819,1.11328740596807,27,-86,0.001869,51,2026-03-31 22:37:38.002414,302.100006103516,1.037,0.0011,"aoml_navis",1028.13810410549
"7901009",106,0,1,0.022428,1,0,1,122.318876470564,1,4.86309002563312,304,1,13.5989999771118,35.6870002746582,0.0224280003458261,0.00839405879378319,117.950897216797,-85.6306,27.3592,17.8803821928013,63,63,63,63,61,63,0,7819,1.11328740596807,27,-86,0.001869,51,2026-03-31 22:37:38.002414,304,1.037,0.0011,"aoml_navis",1028.15287680163
"7901009",106,0,1,0.01869,1,-0.003738,1,122.417190083773,1,4.8630378263781,306,1,13.5670003890991,35.6809997558594,0.0186899993568659,0.0050364350900054,118.045700073242,-85.6306,27.3592,17.8803821928013,63,63,63,63,61,63,0,7819,1.11328740596807,27,-86,0.001869,51,2026-03-31 22:37:38.002414,306,1.037,0.0011,"aoml_navis",1028.16391286923
"7901009",106,0,1,0.026166,1,0.003738,1,122.289633985901,1,4.8629785356451,308,1,13.5170001983643,35.6720008850098,0.0261659994721413,0.0117516815662384,117.922698974609,-85.6306,27.3592,17.8803821928013,63,63,63,63,61,63,0,7819,1.11328740596807,27,-86,0.001869,51,2026-03-31 22:37:38.002414,308,1.037,0.0011,"aoml_navis",1028.17644851824
"7901009",106,0,1,0.024297,1,0.001869,1,122.05423040198,1,4.86290222305698,310,1,13.4280004501343,35.6570014953613,0.0242970008403063,0.0100728701800108,117.695701599121,-85.6306,27.3592,17.8803821928013,63,63,63,63,61,63,0,7819,1.11328740596807,27,-86,0.001869,51,2026-03-31 22:37:38.002414,310,1.037,0.0011,"aoml_navis",1028.19258349324
"7901009",106,0,1,0.026166,1,0.003738,1,121.633917156519,1,4.86282958949033,312,1,13.3570003509521,35.6459999084473,0.0261659994721413,0.0117516815662384,117.290397644043,-85.6306,27.3592,17.8803821928013,63,63,63,63,61,63,0,7819,1.11328740596807,27,-86,0.001869,51,2026-03-31 22:37:38.002414,312,1.037,0.0011,"aoml_navis",1028.20794107326
"7901009",106,0,1,0.022428,1,0,1,121.226777270626,1,4.86273403415335,314,1,13.2480001449585,35.6310005187988,0.0224280003458261,0.00839405879378319,116.897796630859,-85.6306,27.3592,17.8803821928013,63,63,63,63,61,63,0,7819,1.11328740596807,27,-86,0.001869,51,2026-03-31 22:37:38.002414,314,1.037,0.0011,"aoml_navis",1028.22814591186
"7901009",106,0,1,0.022428,1,0,1,120.625090995293,1,4.86267640549944,316,1,13.1990003585815,35.6220016479492,0.0224280003458261,0.00839405879378319,116.317596435547,-85.6306,27.3592,17.8803821928013,63,63,63,63,61,63,0,7819,1.11328740596807,27,-86,0.001869,51,2026-03-31 22:37:38.002414,316,1.037,0.0011,"aoml_navis",1028.24033167111
"7901009",106,0,1,0.024297,1,0.001869,1,120.090086446349,1,4.86260081272968,318,1,13.1280002593994,35.6119995117188,0.0242970008403063,0.0100728701800108,115.801696777344,-85.6306,27.3592,17.8803821928013,63,63,63,63,61,63,0,7819,1.11328740596807,27,-86,0.001869,51,2026-03-31 22:37:38.002414,318,1.037,0.0011,"aoml_navis",1028.2563164368
"7901009",106,0,1,0.022428,1,0,1,119.745688146867,1,4.86254273144476,320,1,13.0819997787476,35.6040000915527,0.0224280003458261,0.00839405879378319,115.469596862793,-85.6306,27.3592,17.8803821928013,63,63,63,63,61,63,0,7819,1.11328740596807,27,-86,0.001869,51,2026-03-31 22:37:38.002414,320,1.037,0.0011,"aoml_navis",1028.2685985804
"7901009",106,0,1,0.026166,1,0.003738,1,119.392998147189,1,4.86249626369662,322,1,13.0699996948242,35.6020011901855,0.0261659994721413,0.0117516815662384,115.129501342773,-85.6306,27.3592,17.8803821928013,63,63,63,63,61,63,0,7819,1.11328740596807,27,-86,0.001869,51,2026-03-31 22:37:38.002414,322,1.037,0.0011,"aoml_navis",1028.27842508178
"7901009",106,0,1,0.026166,1,0.003738,1,118.686051586154,1,4.8624375852587,324,1,13.0270004272461,35.5950012207031,0.0261659994721413,0.0117516815662384,114.447799682617,-85.6306,27.3592,17.8803821928013,63,63,63,63,61,63,0,7819,1.11328740596807,27,-86,0.001869,51,2026-03-31 22:37:38.002414,324,1.037,0.0011,"aoml_navis",1028.2908340373
"7901009",106,0,1,0.026166,1,0.003738,1,118.187236194366,1,4.86236019916557,326,1,12.9350004196167,35.5800018310547,0.0261659994721413,0.0117516815662384,113.966796875,-85.6306,27.3592,17.8803821928013,63,63,63,63,61,63,0,7819,1.11328740596807,27,-86,0.001869,51,2026-03-31 22:37:38.002414,326,1.037,0.0011,"aoml_navis",1028.30719963076
"7901009",106,0,1,0.024297,1,0.001869,1,117.842117909466,1,4.86227977405955,328,1,12.8470001220703,35.5670013427734,0.0242970008403063,0.0100728701800108,113.634002685547,-85.6306,27.3592,17.8803821928013,63,63,63,63,61,63,0,7819,1.11328740596807,27,-86,0.001869,51,2026-03-31 22:37:38.002414,328,1.037,0.0011,"aoml_navis",1028.32420846599
"7901009",106,0,1,0.024297,1,0.001869,1,117.671418070019,1,4.86220088749677,330,1,12.7639999389648,35.5550003051758,0.0242970008403063,0.0100728701800108,113.469398498535,-85.6306,27.3592,17.8803821928013,63,63,63,63,61,63,0,7819,1.11328740596807,27,-86,0.001869,51,2026-03-31 22:37:38.002414,330,1.037,0.0011,"aoml_navis",1028.34089246653
"7901009",106,0,1,0.024297,1,0.001869,1,117.526653529468,1,4.86214253560194,332,1,12.7170000076294,35.5470008850098,0.0242970008403063,0.0100728701800108,113.329803466797,-85.6306,27.3592,17.8803821928013,63,63,63,63,61,63,0,7819,1.11328740596807,27,-86,0.001869,51,2026-03-31 22:37:38.002414,332,1.037,0.0011,"aoml_navis",1028.35323386524
"7901009",106,0,1,0.028035,1,0.005607,1,117.451260770715,1,4.86208448955949,334,1,12.673999786377,35.5400009155273,0.0280349999666214,0.0134304938837886,113.257102966309,-85.6306,27.3592,17.8803821928013,63,63,63,63,61,63,0,7819,1.11328740596807,27,-86,0.001869,51,2026-03-31 22:37:38.002414,334,1.037,0.0011,"aoml_navis",1028.36551087022
"7901009",106,0,1,0.028035,1,0.005607,1,117.949031788051,1,4.86202377968369,336,1,12.6129999160767,35.5289993286133,0.0280349999666214,0.0134304938837886,113.737098693848,-85.6306,27.3592,17.8803821928013,63,63,63,63,61,63,0,7819,1.11328740596807,27,-86,0.001869,51,2026-03-31 22:37:38.002414,336,1.037,0.0011,"aoml_navis",1028.37835160183
"7901009",106,0,1,0.022428,1,0,1,118.689160973728,1,4.86192061485328,338,1,12.4809999465942,35.5110015869141,0.0224280003458261,0.00839405879378319,114.450798034668,-85.6306,27.3592,17.8803821928013,63,63,63,63,61,63,0,7819,1.11328740596807,27,-86,0.001869,51,2026-03-31 22:37:38.002414,338,1.037,0.0011,"aoml_navis",1028.40017270642
"7901009",106,0,1,0.024297,1,0.001869,1,118.585981525003,1,4.86187788754988,340,1,12.4650001525879,35.5069999694824,0.0242970008403063,0.0100728701800108,114.351303100586,-85.6306,27.3592,17.8803821928013,63,63,63,63,61,63,0,7819,1.11328740596807,27,-86,0.001869,51,2026-03-31 22:37:38.002414,340,1.037,0.0011,"aoml_navis",1028.40921052415
"7901009",106,0,1,0.028035,1,0.005607,1,118.388942878347,1,4.86183628883287,342,1,12.4540004730225,35.5040016174316,0.0280349999666214,0.0134304938837886,114.16130065918,-85.6306,27.3592,17.8803821928013,63,63,63,63,61,63,0,7819,1.11328740596807,27,-86,0.001869,51,2026-03-31 22:37:38.002414,342,1.037,0.0011,"aoml_navis",1028.41800977225
"7901009",106,0,1,0.024297,1,0.001869,1,118.143681032551,1,4.86177505437951,344,1,12.41100025177,35.4980010986328,0.0242970008403063,0.0100728701800108,113.924797058105,-85.6306,27.3592,17.8803821928013,63,63,63,63,61,63,0,7819,1.11328740596807,27,-86,0.001869,51,2026-03-31 22:37:38.002414,344,1.037,0.0011,"aoml_navis",1028.43096278096
"7901009",106,0,1,0.020559,1,-0.001869,1,117.824592989681,1,4.8617104127502,346,1,12.3489999771118,35.4879989624023,0.020558999851346,0.00671524694189429,113.61710357666,-85.6306,27.3592,17.8803821928013,63,63,63,63,61,63,0,7819,1.11328740596807,27,-86,0.001869,51,2026-03-31 22:37:38.002414,346,1.037,0.0011,"aoml_navis",1028.44463686836
"7901009",106,0,1,0.026166,1,0.003738,1,117.305032523546,1,4.86166870244767,348,1,12.3339996337891,35.484001159668,0.0261659994721413,0.0117516815662384,113.116096496582,-85.6306,27.3592,17.8803821928013,63,63,63,63,61,63,0,7819,1.11328740596807,27,-86,0.001869,51,2026-03-31 22:37:38.002414,348,1.037,0.0011,"aoml_navis",1028.45346032787
"7901009",106,0,1,0.026166,1,0.003738,1,117.202992392405,1,4.86159447801478,350,1,12.253999710083,35.4720001220703,0.0261659994721413,0.0117516815662384,113.017700195312,-85.6306,27.3592,17.8803821928013,63,63,63,63,61,63,0,7819,1.11328740596807,27,-86,0.001869,51,2026-03-31 22:37:38.002414,350,1.037,0.0011,"aoml_navis",1028.46916224937
"7901009",106,0,1,0.022428,1,0,1,117.515655950009,1,4.86150858091674,352,1,12.1420001983643,35.4550018310547,0.0224280003458261,0.00839405879378319,113.319198608398,-85.6306,27.3592,17.8803821928013,63,63,63,63,61,63,0,7819,1.11328740596807,27,-86,0.001869,51,2026-03-31 22:37:38.002414,352,1.037,0.0011,"aoml_navis",1028.48733408121
"7901009",106,0,1,0.028035,1,0.005607,1,117.616453908506,1,4.86141875757293,354,1,12.0329999923706,35.439998626709,0.0280349999666214,0.0134304938837886,113.416397094727,-85.6306,27.3592,17.8803821928013,63,63,63,63,61,63,0,7819,1.11328740596807,27,-86,0.001869,51,2026-03-31 22:37:38.002414,354,1.037,0.0011,"aoml_navis",1028.50633721096
"7901009",106,0,1,0.028035,1,0.005607,1,117.55983615411,1,4.86135819267813,356,1,11.9860000610352,35.4329986572266,0.0280349999666214,0.0134304938837886,113.361801147461,-85.6306,27.3592,17.8803821928013,63,63,63,63,61,63,0,7819,1.11328740596807,27,-86,0.001869,51,2026-03-31 22:37:38.002414,356,1.037,0.0011,"aoml_navis",1028.51915078602
"7901009",106,0,1,0.026166,1,0.003738,1,117.608470773488,1,4.86130239796273,358,1,11.9440002441406,35.4259986877441,0.0261659994721413,0.0117516815662384,113.408699035645,-85.6306,27.3592,17.8803821928013,63,63,63,63,61,63,0,7819,1.11328740596807,27,-86,0.001869,51,2026-03-31 22:37:38.002414,358,1.037,0.0011,"aoml_navis",1028.53095542779
"7901009",106,0,1,0.024297,1,0.001869,1,117.425539093865,1,4.86125989829129,360,1,11.923999786377,35.4210014343262,0.0242970008403063,0.0100728701800108,113.232299804688,-85.6306,27.3592,17.8803821928013,63,63,63,63,61,63,0,7819,1.11328740596807,27,-86,0.001869,51,2026-03-31 22:37:38.002414,360,1.037,0.0011,"aoml_navis",1028.53994738226
"7901009",106,0,1,0.024297,1,0.001869,1,117.290830613381,1,4.86119016234202,362,1,11.8629999160767,35.4129981994629,0.0242970008403063,0.0100728701800108,113.102401733398,-85.6306,27.3592,17.8803821928013,63,63,63,63,61,63,0,7819,1.11328740596807,27,-86,0.001869,51,2026-03-31 22:37:38.002414,362,1.037,0.0011,"aoml_navis",1028.55470224829
"7901009",106,0,1,0.024297,1,0.001869,1,117.252560619249,1,4.86112527813822,364,1,11.8109998703003,35.4059982299805,0.0242970008403063,0.0100728701800108,113.065498352051,-85.6306,27.3592,17.8803821928013,63,63,63,63,61,63,0,7819,1.11328740596807,27,-86,0.001869,51,2026-03-31 22:37:38.002414,364,1.037,0.0011,"aoml_navis",1028.56843095288
"7901009",106,0,1,0.022428,1,0,1,117.033645492589,1,4.86107463123664,366,1,11.789999961853,35.4029998779297,0.0224280003458261,0.00839405879378319,112.854400634766,-85.6306,27.3592,17.8803821928013,63,63,63,63,61,63,0,7819,1.11328740596807,27,-86,0.001869,51,2026-03-31 22:37:38.002414,366,1.037,0.0011,"aoml_navis",1028.579147473
"7901009",106,0,1,0.024297,1,0.001869,1,116.818251173742,1,4.86103050030398,368,1,11.7760000228882,35.4000015258789,0.0242970008403063,0.0100728701800108,112.646697998047,-85.6306,27.3592,17.8803821928013,63,63,63,63,61,63,0,7819,1.11328740596807,27,-86,0.001869,51,2026-03-31 22:37:38.002414,368,1.037,0.0011,"aoml_navis",1028.58848544302
"7901009",106,0,1,0.024297,1,0.001869,1,116.880581339914,1,4.8609789168989,370,1,11.75,35.3959999084473,0.0242970008403063,0.0100728701800108,112.706802368164,-85.6306,27.3592,17.8803821928013,63,63,63,63,61,63,0,7819,1.11328740596807,27,-86,0.001869,51,2026-03-31 22:37:38.002414,370,1.037,0.0011,"aoml_navis",1028.59940054827
"7901009",106,0,1,0.026166,1,0.003738,1,116.624124116468,1,4.86092739064278,372,1,11.7279996871948,35.3930015563965,0.0261659994721413,0.0117516815662384,112.459503173828,-85.6306,27.3592,17.8803821928013,63,63,63,63,61,63,0,7819,1.11328740596807,27,-86,0.001869,51,2026-03-31 22:37:38.002414,372,1.037,0.0011,"aoml_navis",1028.61030379202
"7901009",106,0,1,0.024297,1,0.001869,1,116.559721025246,1,4.86087682277503,374,1,11.7069997787476,35.3899993896484,0.0242970008403063,0.0100728701800108,112.397399902344,-85.6306,27.3592,17.8803821928013,63,63,63,63,61,63,0,7819,1.11328740596807,27,-86,0.001869,51,2026-03-31 22:37:38.002414,374,1.037,0.0011,"aoml_navis",1028.62100446017
"7901009",106,0,1,0.028035,1,0.005607,1,116.675456703181,1,4.86082991869054,376,1,11.6859998703003,35.3860015869141,0.0280349999666214,0.0134304938837886,112.509002685547,-85.6306,27.3592,17.8803821928013,63,63,63,63,61,63,0,7819,1.11328740596807,27,-86,0.001869,51,2026-03-31 22:37:38.002414,376,1.037,0.0011,"aoml_navis",1028.63093003405
"7901009",106,0,1,0.026166,1,0.003738,1,116.680536160744,1,4.8607765430613,378,1,11.6540002822876,35.3810005187988,0.0261659994721413,0.0117516815662384,112.513900756836,-85.6306,27.3592,17.8803821928013,63,63,63,63,61,63,0,7819,1.11328740596807,27,-86,0.001869,51,2026-03-31 22:37:38.002414,378,1.037,0.0011,"aoml_navis",1028.64222531222
"7901009",106,0,1,0.026166,1,0.003738,1,116.519069540886,1,4.86072692663401,380,1,11.6300001144409,35.3769989013672,0.0261659994721413,0.0117516815662384,112.358200073242,-85.6306,27.3592,17.8803821928013,63,63,63,63,61,63,0,7819,1.11328740596807,27,-86,0.001869,51,2026-03-31 22:37:38.002414,380,1.037,0.0011,"aoml_navis",1028.65272529564
"7901009",106,0,1,0.022428,1,0,1,116.465972594302,1,4.86066250632599,382,1,11.5740003585815,35.3689994812012,0.0224280003458261,0.00839405879378319,112.306999206543,-85.6306,27.3592,17.8803821928013,63,63,63,63,61,63,0,7819,1.11328740596807,27,-86,0.001869,51,2026-03-31 22:37:38.002414,382,1.037,0.0011,"aoml_navis",1028.66635844243
"7901009",106,0,1,0.026166,1,0.003738,1,116.285319549848,1,4.86060743624594,384,1,11.539999961853,35.3639984130859,0.0261659994721413,0.0117516815662384,112.132797241211,-85.6306,27.3592,17.8803821928013,63,63,63,63,61,63,0,7819,1.11328740596807,27,-86,0.001869,51,2026-03-31 22:37:38.002414,384,1.037,0.0011,"aoml_navis",1028.67801310482
"7901009",106,0,1,0.026166,1,0.003738,1,115.820106114868,1,4.86055884113284,386,1,11.5209999084473,35.3610000610352,0.0261659994721413,0.0117516815662384,111.684196472168,-85.6306,27.3592,17.8803821928013,63,63,63,63,61,63,0,7819,1.11328740596807,27,-86,0.001869,51,2026-03-31 22:37:38.002414,386,1.037,0.0011,"aoml_navis",1028.68829766798
"7901009",106,0,1,0.028035,1,0.005607,1,115.448435400713,1,4.86051392899886,388,1,11.5059995651245,35.3580017089844,0.0280349999666214,0.0134304938837886,111.325798034668,-85.6306,27.3592,17.8803821928013,63,63,63,63,61,63,0,7819,1.11328740596807,27,-86,0.001869,51,2026-03-31 22:37:38.002414,388,1.037,0.0011,"aoml_navis",1028.69780295638
"7901009",106,0,1,0.022428,1,0,1,115.494482819743,1,4.86043882859658,390,1,11.4379997253418,35.3499984741211,0.0224280003458261,0.00839405879378319,111.37020111084,-85.6306,27.3592,17.8803821928013,63,63,63,63,61,63,0,7819,1.11328740596807,27,-86,0.001869,51,2026-03-31 22:37:38.002414,390,1.037,0.0011,"aoml_navis",1028.71369773904
"7901009",106,0,1,0.026166,1,0.003738,1,115.376049174474,1,4.86038487969741,392,1,11.3970003128052,35.3429985046387,0.0261659994721413,0.0117516815662384,111.255996704102,-85.6306,27.3592,17.8803821928013,63,63,63,63,61,63,0,7819,1.11328740596807,27,-86,0.001869,51,2026-03-31 22:37:38.002414,392,1.037,0.0011,"aoml_navis",1028.72511617049
"7901009",106,0,1,0.026166,1,0.003738,1,114.952531598307,1,4.8603409111827,394,1,11.3950004577637,35.3429985046387,0.0261659994721413,0.0117516815662384,110.847602844238,-85.6306,27.3592,17.8803821928013,63,63,63,63,61,63,0,7819,1.11328740596807,27,-86,0.001869,51,2026-03-31 22:37:38.002414,394,1.037,0.0011,"aoml_navis",1028.73442241386
"7901009",106,0,1,0.026166,1,0.003738,1,114.291418834255,1,4.86028512421033,396,1,11.3680000305176,35.3400001525879,0.0261659994721413,0.0117516815662384,110.210098266602,-85.6306,27.3592,17.8803821928013,63,63,63,63,61,63,0,7819,1.11328740596807,27,-86,0.001869,51,2026-03-31 22:37:38.002414,396,1.037,0.0011,"aoml_navis",1028.74623035873
"7901009",106,0,1,0.026166,1,0.003738,1,113.763986000091,1,4.86024119013789,398,1,11.3579998016357,35.3380012512207,0.0261659994721413,0.0117516815662384,109.701499938965,-85.6306,27.3592,17.8803821928013,63,63,63,63,61,63,0,7819,1.11328740596807,27,-86,0.001869,51,2026-03-31 22:37:38.002414,398,1.037,0.0011,"aoml_navis",1028.75552969381
"7901009",106,0,1,0.026166,1,0.003738,1,113.393557458579,1,4.86017364938083,400,1,11.3140001296997,35.3339996337891,0.0261659994721413,0.0117516815662384,109.344299316406,-85.6306,27.3592,17.8803821928013,63,63,63,63,61,63,0,7819,1.11328740596807,27,-86,0.001869,51,2026-03-31 22:37:38.002414,400,1.037,0.0011,"aoml_navis",1028.76982608162
"7901009",106,0,1,0.028035,1,0.005607,1,113.338799007186,1,4.86012248948796,402,1,11.2919998168945,35.3310012817383,0.0280349999666214,0.0134304938837886,109.291496276855,-85.6306,27.3592,17.8803821928013,63,63,63,63,61,63,0,7819,1.11328740596807,27,-86,0.001869,51,2026-03-31 22:37:38.002414,402,1.037,0.0011,"aoml_navis",1028.78065538772
"7901009",106,0,1,0.029904,1,0.007476,1,113.436281867989,1,4.8600704545151,404,1,11.2690000534058,35.3279991149902,0.0299040004611015,0.0151093062013388,109.385498046875,-85.6306,27.3592,17.8803821928013,63,63,63,63,61,63,0,7819,1.11328740596807,27,-86,0.001869,51,2026-03-31 22:37:38.002414,404,1.037,0.0011,"aoml_navis",1028.79167016085
"7901009",106,0,1,0.024297,1,0.001869,1,113.321693419567,1,4.86002756554534,406,1,11.2480001449585,35.3230018615723,0.0242970008403063,0.0100728701800108,109.275001525879,-85.6306,27.3592,17.8803821928013,63,63,63,63,61,63,0,7819,1.11328740596807,27,-86,0.001869,51,2026-03-31 22:37:38.002414,406,1.037,0.0011,"aoml_navis",1028.8007490836
"7901009",106,0,1,0.028035,1,0.005607,1,112.968481232662,1,4.85996396906438,408,1,11.1960000991821,35.3160018920898,0.0280349999666214,0.0134304938837886,108.93440246582,-85.6306,27.3592,17.8803821928013,63,63,63,63,61,63,0,7819,1.11328740596807,27,-86,0.001869,51,2026-03-31 22:37:38.002414,408,1.037,0.0011,"aoml_navis",1028.81421175692
"7901009",106,0,1,0.022428,1,0,1,112.88209089445,1,4.85990303621557,410,1,11.1590003967285,35.3120002746582,0.0224280003458261,0.00839405879378319,108.851097106934,-85.6306,27.3592,17.8803821928013,63,63,63,63,61,63,0,7819,1.11328740596807,27,-86,0.001869,51,2026-03-31 22:37:38.002414,410,1.037,0.0011,"aoml_navis",1028.82711089922
"7901009",106,0,1,0.026166,1,0.003738,1,112.746970993727,1,4.85984768293843,412,1,11.1199998855591,35.3059997558594,0.0261659994721413,0.0117516815662384,108.720802307129,-85.6306,27.3592,17.8803821928013,63,63,63,63,61,63,0,7819,1.11328740596807,27,-86,0.001869,51,2026-03-31 22:37:38.002414,412,1.037,0.0011,"aoml_navis",1028.83882915788
"7901009",106,0,1,0.026166,1,0.003738,1,112.35901753243,1,4.85980473383041,414,1,11.1110000610352,35.3040008544922,0.0261659994721413,0.0117516815662384,108.346702575684,-85.6306,27.3592,17.8803821928013,63,63,63,63,61,63,0,7819,1.11328740596807,27,-86,0.001869,51,2026-03-31 22:37:38.002414,414,1.037,0.0011,"aoml_navis",1028.8479216446
"7901009",106,0,1,0.024297,1,0.001869,1,111.986096733704,1,4.85974219331778,416,1,11.0679998397827,35.298999786377,0.0242970008403063,0.0100728701800108,107.987098693848,-85.6306,27.3592,17.8803821928013,63,63,63,63,61,63,0,7819,1.11328740596807,27,-86,0.001869,51,2026-03-31 22:37:38.002414,416,1.037,0.0011,"aoml_navis",1028.86116199231
"7901009",106,0,1,0.029904,1,0.007476,1,111.783361499126,1,4.85968414358071,418,1,11.0340003967285,35.2949981689453,0.0299040004611015,0.0151093062013388,107.791603088379,-85.6306,27.3592,17.8803821928013,63,63,63,63,61,63,0,7819,1.11328740596807,27,-86,0.001869,51,2026-03-31 22:37:38.002414,418,1.037,0.0011,"aoml_navis",1028.87345191038
"7901009",106,0,1,0.028035,1,0.005607,1,111.701639198238,1,4.85963337519239,420,1,11.003999710083,35.2900009155273,0.0280349999666214,0.0134304938837886,107.712799072266,-85.6306,27.3592,17.8803821928013,63,63,63,63,61,63,0,7819,1.11328740596807,27,-86,0.001869,51,2026-03-31 22:37:38.002414,420,1.037,0.0011,"aoml_navis",1028.88420050866
"7901009",106,0,1,0.028035,1,0.005607,1,111.720825622834,1,4.85956423855839,422,1,10.9370002746582,35.2809982299805,0.0280349999666214,0.0134304938837886,107.731300354004,-85.6306,27.3592,17.8803821928013,63,63,63,63,61,63,0,7819,1.11328740596807,27,-86,0.001869,51,2026-03-31 22:37:38.002414,422,1.037,0.0011,"aoml_navis",1028.89883836236
"7901009",106,0,1,0.029904,1,0.007476,1,111.652070971395,1,4.85950398905883,424,1,10.8879995346069,35.273998260498,0.0299040004611015,0.0151093062013388,107.665000915527,-85.6306,27.3592,17.8803821928013,63,63,63,63,61,63,0,7819,1.11328740596807,27,-86,0.001869,51,2026-03-31 22:37:38.002414,424,1.037,0.0011,"aoml_navis",1028.91159494004
"7901009",106,0,1,0.026166,1,0.003738,1,111.60322272997,1,4.85945261606059,426,1,10.8529996871948,35.2680015563965,0.0261659994721413,0.0117516815662384,107.617897033691,-85.6306,27.3592,17.8803821928013,63,63,63,63,61,63,0,7819,1.11328740596807,27,-86,0.001869,51,2026-03-31 22:37:38.002414,426,1.037,0.0011,"aoml_navis",1028.92247235314
"7901009",106,0,1,0.029904,1,0.007476,1,111.613080991845,1,4.859389762865,428,1,10.8050003051758,35.2620010375977,0.0299040004611015,0.0151093062013388,107.627403259277,-85.6306,27.3592,17.8803821928013,63,63,63,63,61,63,0,7819,1.11328740596807,27,-86,0.001869,51,2026-03-31 22:37:38.002414,428,1.037,0.0011,"aoml_navis",1028.93578082778
"7901009",106,0,1,0.028035,1,0.005607,1,111.700397025594,1,4.85933586480175,430,1,10.7670001983643,35.2560005187988,0.0280349999666214,0.0134304938837886,107.711601257324,-85.6306,27.3592,17.8803821928013,63,63,63,63,61,63,0,7819,1.11328740596807,27,-86,0.001869,51,2026-03-31 22:37:38.002414,430,1.037,0.0011,"aoml_navis",1028.94719342558
"7901009",106,0,1,0.028035,1,0.005607,1,111.721237043073,1,4.85927508230604,432,1,10.7170000076294,35.2490005493164,0.0280349999666214,0.0134304938837886,107.73169708252,-85.6306,27.3592,17.8803821928013,63,63,63,63,61,63,0,7819,1.11328740596807,27,-86,0.001869,51,2026-03-31 22:37:38.002414,432,1.037,0.0011,"aoml_navis",1028.96006406519
"7901009",106,0,1,0.024297,1,0.001869,1,111.755361187107,1,4.85921250301693,434,1,10.668999671936,35.2430000305176,0.0242970008403063,0.0100728701800108,107.764602661133,-85.6306,27.3592,17.8803821928013,63,63,63,63,61,63,0,7819,1.11328740596807,27,-86,0.001869,51,2026-03-31 22:37:38.002414,434,1.037,0.0011,"aoml_navis",1028.97331551062
"7901009",106,0,1,0.028035,1,0.005607,1,112.063665272565,1,4.85915691455011,436,1,10.6330003738403,35.2379989624023,0.0280349999666214,0.0134304938837886,108.061897277832,-85.6306,27.3592,17.8803821928013,63,63,63,63,61,63,0,7819,1.11328740596807,27,-86,0.001869,51,2026-03-31 22:37:38.002414,436,1.037,0.0011,"aoml_navis",1028.98508690431
"7901009",106,0,1,0.024297,1,0.001869,1,112.684640827555,1,4.85911119692461,438,1,10.6040000915527,35.2319984436035,0.0242970008403063,0.0100728701800108,108.660697937012,-85.6306,27.3592,17.8803821928013,63,63,63,63,61,63,0,7819,1.11328740596807,27,-86,0.001869,51,2026-03-31 22:37:38.002414,438,1.037,0.0011,"aoml_navis",1028.99476825403
"7901009",106,0,1,0.031773,1,0.009345,1,113.561037143466,1,4.85904845040311,440,1,10.5430002212524,35.2229995727539,0.0317730009555817,0.0167881175875664,109.505798339844,-85.6306,27.3592,17.8803821928013,63,63,63,63,61,63,0,7819,1.11328740596807,27,-86,0.001869,51,2026-03-31 22:37:38.002414,440,1.037,0.0011,"aoml_navis",1029.00805600841
"7901009",106,0,1,0.026166,1,0.003738,1,114.093660202181,1,4.85899722589403,442,1,10.4949998855591,35.2140007019043,0.0261659994721413,0.0117516815662384,110.019401550293,-85.6306,27.3592,17.8803821928013,63,63,63,63,61,63,0,7819,1.11328740596807,27,-86,0.001869,51,2026-03-31 22:37:38.002414,442,1.037,0.0011,"aoml_navis",1029.01890401471
"7901009",106,0,1,0.028035,1,0.005607,1,114.323564996372,1,4.85893440621392,444,1,10.4420003890991,35.2070007324219,0.0280349999666214,0.0134304938837886,110.241096496582,-85.6306,27.3592,17.8803821928013,63,63,63,63,61,63,0,7819,1.11328740596807,27,-86,0.001869,51,2026-03-31 22:37:38.002414,444,1.037,0.0011,"aoml_navis",1029.03220788609
"7901009",106,0,1,0.024297,1,0.001869,1,114.423334404272,1,4.85888506340844,446,1,10.4169998168945,35.2029991149902,0.0242970008403063,0.0100728701800108,110.337303161621,-85.6306,27.3592,17.8803821928013,63,63,63,63,61,63,0,7819,1.11328740596807,27,-86,0.001869,51,2026-03-31 22:37:38.002414,446,1.037,0.0011,"aoml_navis",1029.04265788345
"7901009",106,0,1,0.028035,1,0.005607,1,114.276283316626,1,4.85883418214608,448,1,10.3859996795654,35.1980018615723,0.0280349999666214,0.0134304938837886,110.195503234863,-85.6306,27.3592,17.8803821928013,63,63,63,63,61,63,0,7819,1.11328740596807,27,-86,0.001869,51,2026-03-31 22:37:38.002414,448,1.037,0.0011,"aoml_navis",1029.05343392303
"7901009",106,0,1,0.024297,1,0.001869,1,114.03091861577,1,4.85877447782508,450,1,10.3489999771118,35.1940002441406,0.0242970008403063,0.0100728701800108,109.95890045166,-85.6306,27.3592,17.8803821928013,63,63,63,63,61,63,0,7819,1.11328740596807,27,-86,0.001869,51,2026-03-31 22:37:38.002414,450,1.037,0.0011,"aoml_navis",1029.06607886813
"7901009",106,0,1,0.026166,1,0.003738,1,113.941838222151,1,4.8587189444364,452,1,10.3210000991821,35.1910018920898,0.0261659994721413,0.0117516815662384,109.873001098633,-85.6306,27.3592,17.8803821928013,63,63,63,63,61,63,0,7819,1.11328740596807,27,-86,0.001869,51,2026-03-31 22:37:38.002414,452,1.037,0.0011,"aoml_navis",1029.07784071877
"7901009",106,0,1,0.026166,1,0.003738,1,113.54361507874,1,4.85866105603416,454,1,10.2690000534058,35.1829986572266,0.0261659994721413,0.0117516815662384,109.488998413086,-85.6306,27.3592,17.8803821928013,63,63,63,63,61,63,0,7819,1.11328740596807,27,-86,0.001869,51,2026-03-31 22:37:38.002414,454,1.037,0.0011,"aoml_navis",1029.09010164237
"7901009",106,0,1,0.022428,1,0,1,112.780881515714,1,4.85858776269838,456,1,10.1990003585815,35.1749992370605,0.0224280003458261,0.00839405879378319,108.75350189209,-85.6306,27.3592,17.8803821928013,63,63,63,63,61,63,0,7819,1.11328740596807,27,-86,0.001869,51,2026-03-31 22:37:38.002414,456,1.037,0.0011,"aoml_navis",1029.1056257926
"7901009",106,0,1,0.024297,1,0.001869,1,112.342109743003,1,4.85851912703708,458,1,10.1470003128052,35.1699981689453,0.0242970008403063,0.0100728701800108,108.33039855957,-85.6306,27.3592,17.8803821928013,63,63,63,63,61,63,0,7819,1.11328740596807,27,-86,0.001869,51,2026-03-31 22:37:38.002414,458,1.037,0.0011,"aoml_navis",1029.12016383255
"7901009",106,0,1,0.028035,1,0.005607,1,112.145696138632,1,4.85846149049615,460,1,10.1120004653931,35.1660003662109,0.0280349999666214,0.0134304938837886,108.140998840332,-85.6306,27.3592,17.8803821928013,63,63,63,63,61,63,0,7819,1.11328740596807,27,-86,0.001869,51,2026-03-31 22:37:38.002414,460,1.037,0.0011,"aoml_navis",1029.13237241475
"7901009",106,0,1,0.026166,1,0.003738,1,111.97572419653,1,4.85841308986808,462,1,10.0920000076294,35.1629981994629,0.0261659994721413,0.0117516815662384,107.977096557617,-85.6306,27.3592,17.8803821928013,63,63,63,63,61,63,0,7819,1.11328740596807,27,-86,0.001869,51,2026-03-31 22:37:38.002414,462,1.037,0.0011,"aoml_navis",1029.14262486802
"7901009",106,0,1,0.026166,1,0.003738,1,111.822454333736,1,4.85836294005391,464.100006103516,1,10.081000328064,35.1619987487793,0.0261659994721413,0.0117516815662384,107.829299926758,-85.6306,27.3592,17.8803821928013,63,63,63,63,61,63,0,7819,1.11328740596807,27,-86,0.001869,51,2026-03-31 22:37:38.002414,464.100006103516,1.037,0.0011,"aoml_navis",1029.15324805778
"7901009",106,0,1,0.026166,1,0.003738,1,111.746436532697,1,4.85831555903955,466,1,10.0640001296997,35.1599998474121,0.0261659994721413,0.0117516815662384,107.755996704102,-85.6306,27.3592,17.8803821928013,63,63,63,63,61,63,0,7819,1.11328740596807,27,-86,0.001869,51,2026-03-31 22:37:38.002414,466,1.037,0.0011,"aoml_navis",1029.16328493665
"7901009",106,0,1,0.029904,1,0.007476,1,111.612661659678,1,4.85827462549708,468,1,10.0570001602173,35.1580009460449,0.0299040004611015,0.0151093062013388,107.626998901367,-85.6306,27.3592,17.8803821928013,63,63,63,63,61,63,0,7819,1.11328740596807,27,-86,0.001869,51,2026-03-31 22:37:38.002414,468,1.037,0.0011,"aoml_navis",1029.17195618361
"7901009",106,0,1,0.028035,1,0.005607,1,111.524103453285,1,4.85822344952516,470,1,10.0380001068115,35.1559982299805,0.0280349999666214,0.0134304938837886,107.541603088379,-85.6306,27.3592,17.8803821928013,63,63,63,63,61,63,0,7819,1.11328740596807,27,-86,0.001869,51,2026-03-31 22:37:38.002414,470,1.037,0.0011,"aoml_navis",1029.18279736365
"7901009",106,0,1,0.026166,1,0.003738,1,111.713878950341,1,4.85816647452348,472,1,9.99499988555908,35.1500015258789,0.0261659994721413,0.0117516815662384,107.724601745605,-85.6306,27.3592,17.8803821928013,63,63,63,63,61,63,0,7819,1.11328740596807,27,-86,0.001869,51,2026-03-31 22:37:38.002414,472,1.037,0.0011,"aoml_navis",1029.1948672859
"7901009",106,0,1,0.033642,1,0.011214,1,111.923774479459,1,4.85810847390323,474,1,9.95499992370605,35.1450004577637,0.0336420014500618,0.018466928973794,107.927001953125,-85.6306,27.3592,17.8803821928013,63,63,63,63,61,63,0,7819,1.11328740596807,27,-86,0.001869,51,2026-03-31 22:37:38.002414,474,1.037,0.0011,"aoml_navis",1029.20715477207
"7901009",106,0,1,0.029904,1,0.007476,1,112.071236987344,1,4.85804966816093,476,1,9.88799953460693,35.1339988708496,0.0299040004611015,0.0151093062013388,108.069198608398,-85.6306,27.3592,17.8803821928013,63,63,63,63,61,63,0,7819,1.11328740596807,27,-86,0.001869,51,2026-03-31 22:37:38.002414,476,1.037,0.0011,"aoml_navis",1029.21961312364
"7901009",106,0,1,0.029904,1,0.007476,1,111.223877445976,1,4.85798117325421,478,1,9.81799983978271,35.125,0.0299040004611015,0.0151093062013388,107.252098083496,-85.6306,27.3592,17.8803821928013,63,63,63,63,61,63,0,7819,1.11328740596807,27,-86,0.001869,51,2026-03-31 22:37:38.002414,478,1.037,0.0011,"aoml_navis",1029.23412456345
"7901009",106,0,1,0.026166,1,0.003738,1,110.681617659361,1,4.85792611362892,480,1,9.82900047302246,35.1310005187988,0.0261659994721413,0.0117516815662384,106.729202270508,-85.6306,27.3592,17.8803821928013,63,63,63,63,61,63,0,7819,1.11328740596807,27,-86,0.001869,51,2026-03-31 22:37:38.002414,480,1.037,0.0011,"aoml_navis",1029.24578987986
"7901009",106,0,1,0.026166,1,0.003738,1,110.680581196836,1,4.85787986631649,482,1,9.81999969482422,35.1300010681152,0.0261659994721413,0.0117516815662384,106.728202819824,-85.6306,27.3592,17.8803821928013,63,63,63,63,61,63,0,7819,1.11328740596807,27,-86,0.001869,51,2026-03-31 22:37:38.002414,482,1.037,0.0011,"aoml_navis",1029.25558836252
"7901009",106,0,1,0.028035,1,0.005607,1,110.866100076807,1,4.8578313952924,484,1,9.80399990081787,35.1279983520508,0.0280349999666214,0.0134304938837886,106.907096862793,-85.6306,27.3592,17.8803821928013,63,63,63,63,61,63,0,7819,1.11328740596807,27,-86,0.001869,51,2026-03-31 22:37:38.002414,484,1.037,0.0011,"aoml_navis",1029.2658581863
"7901009",106,0,1,0.028035,1,0.005607,1,111.092484063186,1,4.85778321570386,486,1,9.78400039672852,35.125,0.0280349999666214,0.0134304938837886,107.125396728516,-85.6306,27.3592,17.8803821928013,63,63,63,63,61,63,0,7819,1.11328740596807,27,-86,0.001869,51,2026-03-31 22:37:38.002414,486,1.037,0.0011,"aoml_navis",1029.27606646513
"7901009",106,0,1,0.022428,1,0,1,111.353095048658,1,4.85773037548388,488,1,9.74100017547607,35.1180000305176,0.0224280003458261,0.00839405879378319,107.37670135498,-85.6306,27.3592,17.8803821928013,63,63,63,63,61,63,0,7819,1.11328740596807,27,-86,0.001869,51,2026-03-31 22:37:38.002414,488,1.037,0.0011,"aoml_navis",1029.28726247017
"7901009",106,0,1,0.026166,1,0.003738,1,111.534887410697,1,4.85768308512221,490,1,9.72200012207031,35.1150016784668,0.0261659994721413,0.0117516815662384,107.552001953125,-85.6306,27.3592,17.8803821928013,63,63,63,63,61,63,0,7819,1.11328740596807,27,-86,0.001869,51,2026-03-31 22:37:38.002414,490,1.037,0.0011,"aoml_navis",1029.29728275475
"7901009",106,0,1,0.024297,1,0.001869,1,111.712320300591,1,4.85763445243392,492,1,9.69699954986572,35.1110000610352,0.0242970008403063,0.0100728701800108,107.723098754883,-85.6306,27.3592,17.8803821928013,63,63,63,63,61,63,0,7819,1.11328740596807,27,-86,0.001869,51,2026-03-31 22:37:38.002414,492,1.037,0.0011,"aoml_navis",1029.30758766641
"7901009",106,0,1,0.028035,1,0.005607,1,111.765520102234,1,4.85757319587526,494,1,9.63500022888184,35.1020011901855,0.0280349999666214,0.0134304938837886,107.774398803711,-85.6306,27.3592,17.8803821928013,63,63,63,63,61,63,0,7819,1.11328740596807,27,-86,0.001869,51,2026-03-31 22:37:38.002414,494,1.037,0.0011,"aoml_navis",1029.32056777769
"7901009",106,0,1,0.026166,1,0.003738,1,111.429935690174,1,4.85750226087129,496,1,9.56999969482422,35.0950012207031,0.0261659994721413,0.0117516815662384,107.450798034668,-85.6306,27.3592,17.8803821928013,63,63,63,63,61,63,0,7819,1.11328740596807,27,-86,0.001869,51,2026-03-31 22:37:38.002414,496,1.037,0.0011,"aoml_navis",1029.33559913632
"7901009",106,0,1,0.029904,1,0.007476,1,111.296991569561,1,4.85744874349677,498,1,9.56099987030029,35.0960006713867,0.0299040004611015,0.0151093062013388,107.322601318359,-85.6306,27.3592,17.8803821928013,63,63,63,63,61,63,0,7819,1.11328740596807,27,-86,0.001869,51,2026-03-31 22:37:38.002414,498,1.037,0.0011,"aoml_navis",1029.34693993304
"7901009",106,0,1,0.031773,1,0.009345,1,111.175765013824,1,4.85740424208102,500,1,9.55399990081787,35.0950012207031,0.0317730009555817,0.0167881175875664,107.205703735352,-85.6306,27.3592,17.8803821928013,63,63,63,63,61,63,0,7819,1.11328740596807,27,-86,0.001869,51,2026-03-31 22:37:38.002414,500,1.037,0.0011,"aoml_navis",1029.35637036004
"7901009",106,0,1,0.028035,1,0.005607,1,111.219209408652,1,4.85735724206519,502,1,9.54399967193604,35.0940017700195,0.0280349999666214,0.0134304938837886,107.247596740723,-85.6306,27.3592,17.8803821928013,63,63,63,63,61,63,0,7819,1.11328740596807,27,-86,0.001869,51,2026-03-31 22:37:38.002414,502,1.037,0.0011,"aoml_navis",1029.36633046042
"7901009",106,0,1,0.029904,1,0.007476,1,111.342619656425,1,4.85730129557121,504,1,9.51000022888184,35.0900001525879,0.0299040004611015,0.0151093062013388,107.366600036621,-85.6306,27.3592,17.8803821928013,63,63,63,63,61,63,0,7819,1.11328740596807,27,-86,0.001869,51,2026-03-31 22:37:38.002414,504,1.037,0.0011,"aoml_navis",1029.37818672251
"7901009",106,0,1,0.029904,1,0.007476,1,111.513730916111,1,4.85725038005284,506,1,9.48200035095215,35.0859985351562,0.0299040004611015,0.0151093062013388,107.531600952148,-85.6306,27.3592,17.8803821928013,63,63,63,63,61,63,0,7819,1.11328740596807,27,-86,0.001869,51,2026-03-31 22:37:38.002414,506,1.037,0.0011,"aoml_navis",1029.38897705035
"7901009",106,0,1,0.031773,1,0.009345,1,111.740629177789,1,4.85719144512276,508,1,9.43099975585938,35.0789985656738,0.0317730009555817,0.0167881175875664,107.750396728516,-85.6306,27.3592,17.8803821928013,63,63,63,63,61,63,0,7819,1.11328740596807,27,-86,0.001869,51,2026-03-31 22:37:38.002414,508,1.037,0.0011,"aoml_navis",1029.40146718339
"7901009",106,0,1,0.026166,1,0.003738,1,111.885607340386,1,4.85714401923615,510,1,9.41600036621094,35.0769996643066,0.0261659994721413,0.0117516815662384,107.890197753906,-85.6306,27.3592,17.8803821928013,63,63,63,63,61,63,0,7819,1.11328740596807,27,-86,0.001869,51,2026-03-31 22:37:38.002414,510,1.037,0.0011,"aoml_navis",1029.41151841454
"7901009",106,0,1,0.028035,1,0.005607,1,112.325209865503,1,4.85710192870929,512,1,9.40299987792969,35.0740013122559,0.0280349999666214,0.0134304938837886,108.314102172852,-85.6306,27.3592,17.8803821928013,63,63,63,63,61,63,0,7819,1.11328740596807,27,-86,0.001869,51,2026-03-31 22:37:38.002414,512,1.037,0.0011,"aoml_navis",1029.42043905772
"7901009",106,0,1,0.029904,1,0.007476,1,113.111378558283,1,4.85702566265595,514,1,9.30399990081787,35.0610008239746,0.0299040004611015,0.0151093062013388,109.072196960449,-85.6306,27.3592,17.8803821928013,63,63,63,63,61,63,0,7819,1.11328740596807,27,-86,0.001869,51,2026-03-31 22:37:38.002414,514,1.037,0.0011,"aoml_navis",1029.43660323711
"7901009",106,0,1,0.026166,1,0.003738,1,113.750195510164,1,4.85696868212719,516,1,9.22799968719482,35.0480003356934,0.0261659994721413,0.0117516815662384,109.688201904297,-85.6306,27.3592,17.8803821928013,63,63,63,63,61,63,0,7819,1.11328740596807,27,-86,0.001869,51,2026-03-31 22:37:38.002414,516,1.037,0.0011,"aoml_navis",1029.44868028471
"7901009",106,0,1,0.029904,1,0.007476,1,114.051038647831,1,4.85689727719881,518,1,9.14299964904785,35.0369987487793,0.0299040004611015,0.0151093062013388,109.978302001953,-85.6306,27.3592,17.8803821928013,63,63,63,63,61,63,0,7819,1.11328740596807,27,-86,0.001869,51,2026-03-31 22:37:38.002414,518,1.037,0.0011,"aoml_navis",1029.46381499008
"7901009",106,0,1,0.031773,1,0.009345,1,114.030815760711,1,4.85684675233792,520,1,9.12399959564209,35.0349998474121,0.0317730009555817,0.0167881175875664,109.958801269531,-85.6306,27.3592,17.8803821928013,63,63,63,63,61,63,0,7819,1.11328740596807,27,-86,0.001869,51,2026-03-31 22:37:38.002414,520,1.037,0.0011,"aoml_navis",1029.47452430801
"7901009",106,0,1,0.029904,1,0.007476,1,114.008203471434,1,4.85680152132319,522,1,9.11600017547607,35.0340003967285,0.0299040004611015,0.0151093062013388,109.936996459961,-85.6306,27.3592,17.8803821928013,63,63,63,63,61,63,0,7819,1.11328740596807,27,-86,0.001869,51,2026-03-31 22:37:38.002414,522,1.037,0.0011,"aoml_navis",1029.48411172417
"7901009",106,0,1,0.031773,1,0.009345,1,114.077583165159,1,4.85675140847279,524,1,9.10200023651123,35.0330009460449,0.0317730009555817,0.0167881175875664,110.003898620605,-85.6306,27.3592,17.8803821928013,63,63,63,63,61,63,0,7819,1.11328740596807,27,-86,0.001869,51,2026-03-31 22:37:38.002414,524,1.037,0.0011,"aoml_navis",1029.49473412975
"7901009",106,0,1,0.028035,1,0.005607,1,114.391496807334,1,4.85669130373277,526,1,9.04399967193604,35.0250015258789,0.0280349999666214,0.0134304938837886,110.306602478027,-85.6306,27.3592,17.8803821928013,63,63,63,63,61,63,0,7819,1.11328740596807,27,-86,0.001869,51,2026-03-31 22:37:38.002414,526,1.037,0.0011,"aoml_navis",1029.50747480226
"7901009",106,0,1,0.028035,1,0.005607,1,114.545075235307,1,4.8566236308446,528,1,8.98099994659424,35.0180015563965,0.0280349999666214,0.0134304938837886,110.454696655273,-85.6306,27.3592,17.8803821928013,63,63,63,63,61,63,0,7819,1.11328740596807,27,-86,0.001869,51,2026-03-31 22:37:38.002414,528,1.037,0.0011,"aoml_navis",1029.52182010663
"7901009",106,0,1,0.035511,1,0.013083,1,114.637581493607,1,4.85656902724999,530,1,8.93400001525879,35.0110015869141,0.0355109982192516,0.0201457403600216,110.543899536133,-85.6306,27.3592,17.8803821928013,63,63,63,63,61,63,0,7819,1.11328740596807,27,-86,0.001869,51,2026-03-31 22:37:38.002414,530,1.037,0.0011,"aoml_navis",1029.53339527251
"7901009",106,0,1,0.024297,1,0.001869,1,114.710592762132,1,4.85650487464353,532,1,8.875,35.0040016174316,0.0242970008403063,0.0100728701800108,110.614303588867,-85.6306,27.3592,17.8803821928013,63,63,63,63,61,63,0,7819,1.11328740596807,27,-86,0.001869,51,2026-03-31 22:37:38.002414,532,1.037,0.0011,"aoml_navis",1029.54699502222
"7901009",106,0,1,0.029904,1,0.007476,1,114.67045555307,1,4.8564521520157,534,1,8.85299968719482,35.0019989013672,0.0299040004611015,0.0151093062013388,110.57559967041,-85.6306,27.3592,17.8803821928013,63,63,63,63,61,63,0,7819,1.11328740596807,27,-86,0.001869,51,2026-03-31 22:37:38.002414,534,1.037,0.0011,"aoml_navis",1029.55817199285
"7901009",106,0,1,0.028035,1,0.005607,1,114.582411621975,1,4.85640250600782,536,1,8.8439998626709,35.0019989013672,0.0280349999666214,0.0134304938837886,110.490699768066,-85.6306,27.3592,17.8803821928013,63,63,63,63,61,63,0,7819,1.11328740596807,27,-86,0.001869,51,2026-03-31 22:37:38.002414,536,1.037,0.0011,"aoml_navis",1029.56869695511
"7901009",106,0,1,0.031773,1,0.009345,1,114.503806620588,1,4.85635607167281,538,1,8.83899974822998,35.0019989013672,0.0317730009555817,0.0167881175875664,110.414901733398,-85.6306,27.3592,17.8803821928013,63,63,63,63,61,63,0,7819,1.11328740596807,27,-86,0.001869,51,2026-03-31 22:37:38.002414,538,1.037,0.0011,"aoml_navis",1029.57854123693
"7901009",106,0,1,0.028035,1,0.005607,1,114.450401108826,1,4.856314118661,540,1,8.83500003814697,35.0009994506836,0.0280349999666214,0.0134304938837886,110.363403320312,-85.6306,27.3592,17.8803821928013,63,63,63,63,61,63,0,7819,1.11328740596807,27,-86,0.001869,51,2026-03-31 22:37:38.002414,540,1.037,0.0011,"aoml_navis",1029.58743562054
"7901009",106,0,1,0.029904,1,0.007476,1,114.624930321265,1,4.8562479478331,542,1,8.78699970245361,34.9970016479492,0.0299040004611015,0.0151093062013388,110.531700134277,-85.6306,27.3592,17.8803821928013,63,63,63,63,61,63,0,7819,1.11328740596807,27,-86,0.001869,51,2026-03-31 22:37:38.002414,542,1.037,0.0011,"aoml_navis",1029.60146469273
"7901009",106,0,1,0.026166,1,0.003738,1,114.731227069492,1,4.85618525653312,544,1,8.73400020599365,34.9910011291504,0.0261659994721413,0.0117516815662384,110.634201049805,-85.6306,27.3592,17.8803821928013,63,63,63,63,61,63,0,7819,1.11328740596807,27,-86,0.001869,51,2026-03-31 22:37:38.002414,544,1.037,0.0011,"aoml_navis",1029.61475641264
"7901009",106,0,1,0.031773,1,0.009345,1,114.667551875616,1,4.85612597670477,546,1,8.69900035858154,34.9879989624023,0.0317730009555817,0.0167881175875664,110.572799682617,-85.6306,27.3592,17.8803821928013,63,63,63,63,61,63,0,7819,1.11328740596807,27,-86,0.001869,51,2026-03-31 22:37:38.002414,546,1.037,0.0011,"aoml_navis",1029.62732515289
"7901009",106,0,1,0.029904,1,0.007476,1,114.44635020186,1,4.8560757746133,548,1,8.68000030517578,34.9860000610352,0.0299040004611015,0.0151093062013388,110.359497070312,-85.6306,27.3592,17.8803821928013,63,63,63,63,61,63,0,7819,1.11328740596807,27,-86,0.001869,51,2026-03-31 22:37:38.002414,548,1.037,0.0011,"aoml_navis",1029.63796943596
"7901009",106,0,1,0.029904,1,0.007476,1,114.031852223235,1,4.85602697376672,550,1,8.67199993133545,34.9860000610352,0.0299040004611015,0.0151093062013388,109.959800720215,-85.6306,27.3592,17.8803821928013,63,63,63,63,61,63,0,7819,1.11328740596807,27,-86,0.001869,51,2026-03-31 22:37:38.002414,550,1.037,0.0011,"aoml_navis",1029.64831682589
"7901009",106,0,1,0.026166,1,0.003738,1,113.849229108791,1,4.85597907292301,552,1,8.67899990081787,34.9889984130859,0.0261659994721413,0.0117516815662384,109.783699035645,-85.6306,27.3592,17.8803821928013,63,63,63,63,61,63,0,7819,1.11328740596807,27,-86,0.001869,51,2026-03-31 22:37:38.002414,552,1.037,0.0011,"aoml_navis",1029.65847358776
"7901009",106,0,1,0.028035,1,0.005607,1,114.018164588369,1,4.85590923901409,554,1,8.62600040435791,34.9850006103516,0.0280349999666214,0.0134304938837886,109.946601867676,-85.6306,27.3592,17.8803821928013,63,63,63,63,61,63,0,7819,1.11328740596807,27,-86,0.001869,51,2026-03-31 22:37:38.002414,554,1.037,0.0011,"aoml_navis",1029.67328133488
"7901009",106,0,1,0.026166,1,0.003738,1,114.157335396057,1,4.85583266939521,556,1,8.55500030517578,34.9790000915527,0.0261659994721413,0.0117516815662384,110.08080291748,-85.6306,27.3592,17.8803821928013,63,63,63,63,61,63,0,7819,1.11328740596807,27,-86,0.001869,51,2026-03-31 22:37:38.002414,556,1.037,0.0011,"aoml_navis",1029.68951782738
"7901009",106,0,1,0.026166,1,0.003738,1,114.165421386135,1,4.8557807265068,558,1,8.5290002822876,34.976001739502,0.0261659994721413,0.0117516815662384,110.088600158691,-85.6306,27.3592,17.8803821928013,63,63,63,63,61,63,0,7819,1.11328740596807,27,-86,0.001869,51,2026-03-31 22:37:38.002414,558,1.037,0.0011,"aoml_navis",1029.70053254381
"7901009",106,0,1,0.029904,1,0.007476,1,114.128915751872,1,4.85572120714159,560,1,8.4980001449585,34.9739990234375,0.0299040004611015,0.0151093062013388,110.053398132324,-85.6306,27.3592,17.8803821928013,63,63,63,63,61,63,0,7819,1.11328740596807,27,-86,0.001869,51,2026-03-31 22:37:38.002414,560,1.037,0.0011,"aoml_navis",1029.71315417496
"7901009",106,0,1,0.026166,1,0.003738,1,114.119065401925,1,4.85566851424703,562,1,8.48499965667725,34.9739990234375,0.0261659994721413,0.0117516815662384,110.043899536133,-85.6306,27.3592,17.8803821928013,63,63,63,63,61,63,0,7819,1.11328740596807,27,-86,0.001869,51,2026-03-31 22:37:38.002414,562,1.037,0.0011,"aoml_navis",1029.72432844818
"7901009",106,0,1,0.028035,1,0.005607,1,114.27721692409,1,4.85560799908528,564,1,8.44799995422363,34.9710006713867,0.0280349999666214,0.0134304938837886,110.196403503418,-85.6306,27.3592,17.8803821928013,63,63,63,63,61,63,0,7819,1.11328740596807,27,-86,0.001869,51,2026-03-31 22:37:38.002414,564,1.037,0.0011,"aoml_navis",1029.73716184295
"7901009",106,0,1,0.033642,1,0.011214,1,114.462015818643,1,4.85555617955863,566,1,8.42199993133545,34.9679985046387,0.0336420014500618,0.018466928973794,110.374603271484,-85.6306,27.3592,17.8803821928013,63,63,63,63,61,63,0,7819,1.11328740596807,27,-86,0.001869,51,2026-03-31 22:37:38.002414,566,1.037,0.0011,"aoml_navis",1029.74815141661
"7901009",106,0,1,0.028035,1,0.005607,1,114.598797224176,1,4.85550045684825,568,1,8.39099979400635,34.9650001525879,0.0280349999666214,0.0134304938837886,110.506500244141,-85.6306,27.3592,17.8803821928013,63,63,63,63,61,63,0,7819,1.11328740596807,27,-86,0.001869,51,2026-03-31 22:37:38.002414,568,1.037,0.0011,"aoml_navis",1029.75996901575
"7901009",106,0,1,0.028035,1,0.005607,1,114.749479886623,1,4.85545125994508,570,1,8.3730001449585,34.9630012512207,0.0280349999666214,0.0134304938837886,110.651802062988,-85.6306,27.3592,17.8803821928013,63,63,63,63,61,63,0,7819,1.11328740596807,27,-86,0.001869,51,2026-03-31 22:37:38.002414,570,1.037,0.0011,"aoml_navis",1029.77040285573
"7901009",106,0,1,0.028035,1,0.005607,1,114.996395325301,1,4.85539326855213,572,1,8.33899974822998,34.9599990844727,0.0280349999666214,0.0134304938837886,110.88990020752,-85.6306,27.3592,17.8803821928013,63,63,63,63,61,63,0,7819,1.11328740596807,27,-86,0.001869,51,2026-03-31 22:37:38.002414,572,1.037,0.0011,"aoml_navis",1029.78270213135
"7901009",106,0,1,0.028035,1,0.005607,1,115.102589218468,1,4.85534622652413,574,1,8.31900024414062,34.9570007324219,0.0280349999666214,0.0134304938837886,110.992301940918,-85.6306,27.3592,17.8803821928013,63,63,63,63,61,63,0,7819,1.11328740596807,27,-86,0.001869,51,2026-03-31 22:37:38.002414,574,1.037,0.0011,"aoml_navis",1029.79267939445
"7901009",106,0,1,0.031773,1,0.009345,1,115.242377156515,1,4.85529651612756,576,1,8.30500030517578,34.9560012817383,0.0317730009555817,0.0167881175875664,111.127098083496,-85.6306,27.3592,17.8803821928013,63,63,63,63,61,63,0,7819,1.11328740596807,27,-86,0.001869,51,2026-03-31 22:37:38.002414,576,1.037,0.0011,"aoml_navis",1029.8032228087
"7901009",106,0,1,0.029904,1,0.007476,1,115.51003766954,1,4.85523472647188,578,1,8.26599979400635,34.9529991149902,0.0299040004611015,0.0151093062013388,111.385200500488,-85.6306,27.3592,17.8803821928013,63,63,63,63,61,63,0,7819,1.11328740596807,27,-86,0.001869,51,2026-03-31 22:37:38.002414,578,1.037,0.0011,"aoml_navis",1029.81632849568
"7901009",106,0,1,0.024297,1,0.001869,1,115.740361795897,1,4.85517686793975,580,1,8.23200035095215,34.9500007629395,0.0242970008403063,0.0100728701800108,111.607299804688,-85.6306,27.3592,17.8803821928013,63,63,63,63,61,63,0,7819,1.11328740596807,27,-86,0.001869,51,2026-03-31 22:37:38.002414,580,1.037,0.0011,"aoml_navis",1029.82860068735
"7901009",106,0,1,0.029904,1,0.007476,1,115.933143825468,1,4.85512992166305,582,1,8.21199989318848,34.9469985961914,0.0299040004611015,0.0151093062013388,111.793197631836,-85.6306,27.3592,17.8803821928013,63,63,63,63,61,63,0,7819,1.11328740596807,27,-86,0.001869,51,2026-03-31 22:37:38.002414,582,1.037,0.0011,"aoml_navis",1029.83855852972
"7901009",106,0,1,0.026166,1,0.003738,1,116.037779068884,1,4.85507987857916,584,1,8.1879997253418,34.9440002441406,0.0261659994721413,0.0117516815662384,111.894096374512,-85.6306,27.3592,17.8803821928013,63,63,63,63,61,63,0,7819,1.11328740596807,27,-86,0.001869,51,2026-03-31 22:37:38.002414,584,1.037,0.0011,"aoml_navis",1029.84917345237
"7901009",106,0,1,0.028035,1,0.005607,1,116.115141897626,1,4.85501809410077,586,1,8.14400005340576,34.939998626709,0.0280349999666214,0.0134304938837886,111.968696594238,-85.6306,27.3592,17.8803821928013,63,63,63,63,61,63,0,7819,1.11328740596807,27,-86,0.001869,51,2026-03-31 22:37:38.002414,586,1.037,0.0011,"aoml_navis",1029.86227921074
"7901009",106,0,1,0.029904,1,0.007476,1,116.071175315572,1,4.85496384107469,588,1,8.12399959564209,34.9389991760254,0.0299040004611015,0.0151093062013388,111.926300048828,-85.6306,27.3592,17.8803821928013,63,63,63,63,61,63,0,7819,1.11328740596807,27,-86,0.001869,51,2026-03-31 22:37:38.002414,588,1.037,0.0011,"aoml_navis",1029.87378766825
"7901009",106,0,1,0.026166,1,0.003738,1,115.990497389137,1,4.85491286257179,590,1,8.11299991607666,34.9389991760254,0.0261659994721413,0.0117516815662384,111.848503112793,-85.6306,27.3592,17.8803821928013,63,63,63,63,61,63,0,7819,1.11328740596807,27,-86,0.001869,51,2026-03-31 22:37:38.002414,590,1.037,0.0011,"aoml_navis",1029.88460174986
"7901009",106,0,1,0.028035,1,0.005607,1,115.895609640608,1,4.85486728624107,592,1,8.10900020599365,34.9389991760254,0.0280349999666214,0.0134304938837886,111.75700378418,-85.6306,27.3592,17.8803821928013,63,63,63,63,61,63,0,7819,1.11328740596807,27,-86,0.001869,51,2026-03-31 22:37:38.002414,592,1.037,0.0011,"aoml_navis",1029.89427005971
"7901009",106,0,1,0.028035,1,0.005607,1,115.848834324232,1,4.85482171104427,594,1,8.10499954223633,34.9389991760254,0.0280349999666214,0.0134304938837886,111.711898803711,-85.6306,27.3592,17.8803821928013,63,63,63,63,61,63,0,7819,1.11328740596807,27,-86,0.001869,51,2026-03-31 22:37:38.002414,594,1.037,0.0011,"aoml_navis",1029.90393831054
"7901009",106,0,1,0.028035,1,0.005607,1,115.950154469955,1,4.85476226415153,596,1,8.08300018310547,34.9389991760254,0.0280349999666214,0.0134304938837886,111.809600830078,-85.6306,27.3592,17.8803821928013,63,63,63,63,61,63,0,7819,1.11328740596807,27,-86,0.001869,51,2026-03-31 22:37:38.002414,596,1.037,0.0011,"aoml_navis",1029.91654955402
"7901009",106,0,1,0.029904,1,0.007476,1,116.160255709192,1,4.85470173466449,598,1,8.05000019073486,34.9370002746582,0.0299040004611015,0.0151093062013388,112.012199401855,-85.6306,27.3592,17.8803821928013,63,63,63,63,61,63,0,7819,1.11328740596807,27,-86,0.001869,51,2026-03-31 22:37:38.002414,598,1.037,0.0011,"aoml_navis",1029.92939077967
"7901009",106,0,1,0.026166,1,0.003738,1,116.308343259363,1,4.85464431956645,600,1,8.02099990844727,34.935001373291,0.0261659994721413,0.0117516815662384,112.154998779297,-85.6306,27.3592,17.8803821928013,63,63,63,63,61,63,0,7819,1.11328740596807,27,-86,0.001869,51,2026-03-31 22:37:38.002414,600,1.037,0.0011,"aoml_navis",1029.94157158902
"7901009",106,0,1,0.029904,1,0.007476,1,116.439111599868,1,4.85459001832777,602,1,7.99599981307983,34.9329986572266,0.0299040004611015,0.0151093062013388,112.281097412109,-85.6306,27.3592,17.8803821928013,63,63,63,63,61,63,0,7819,1.11328740596807,27,-86,0.001869,51,2026-03-31 22:37:38.002414,602,1.037,0.0011,"aoml_navis",1029.95309204758
"7901009",106,0,1,0.033642,1,0.011214,1,116.531206437929,1,4.85453879022294,604,1,7.97499990463257,34.9309997558594,0.0336420014500618,0.018466928973794,112.369903564453,-85.6306,27.3592,17.8803821928013,63,63,63,63,61,63,0,7819,1.11328740596807,27,-86,0.001869,51,2026-03-31 22:37:38.002414,604,1.037,0.0011,"aoml_navis",1029.96396075154
"7901009",106,0,1,0.029904,1,0.007476,1,116.660724693862,1,4.85448389777412,606,1,7.9539999961853,34.9300003051758,0.0299040004611015,0.0151093062013388,112.49479675293,-85.6306,27.3592,17.8803821928013,63,63,63,63,61,63,0,7819,1.11328740596807,27,-86,0.001869,51,2026-03-31 22:37:38.002414,606,1.037,0.0011,"aoml_navis",1029.97560714798
"7901009",106,0,1,0.031773,1,0.009345,1,116.803424221291,1,4.85442811938976,608,1,7.92700004577637,34.9280014038086,0.0317730009555817,0.0167881175875664,112.632400512695,-85.6306,27.3592,17.8803821928013,63,63,63,63,61,63,0,7819,1.11328740596807,27,-86,0.001869,51,2026-03-31 22:37:38.002414,608,1.037,0.0011,"aoml_navis",1029.987441781
"7901009",106,0,1,0.026166,1,0.003738,1,116.883999292667,1,4.85437848627429,610,1,7.90799999237061,34.9259986877441,0.0261659994721413,0.0117516815662384,112.710098266602,-85.6306,27.3592,17.8803821928013,63,63,63,63,61,63,0,7819,1.11328740596807,27,-86,0.001869,51,2026-03-31 22:37:38.002414,610,1.037,0.0011,"aoml_navis",1029.99797278631
"7901009",106,0,1,0.029904,1,0.007476,1,116.949019514247,1,4.85432580415392,612,1,7.88500022888184,34.923999786377,0.0299040004611015,0.0151093062013388,112.772796630859,-85.6306,27.3592,17.8803821928013,63,63,63,63,61,63,0,7819,1.11328740596807,27,-86,0.001869,51,2026-03-31 22:37:38.002414,612,1.037,0.0011,"aoml_navis",1030.00915095592
"7901009",106,0,1,0.028035,1,0.005607,1,116.959186341301,1,4.85427314198885,614,1,7.86199998855591,34.9220008850098,0.0280349999666214,0.0134304938837886,112.782600402832,-85.6306,27.3592,17.8803821928013,63,63,63,63,61,63,0,7819,1.11328740596807,27,-86,0.001869,51,2026-03-31 22:37:38.002414,614,1.037,0.0011,"aoml_navis",1030.02032513388
"7901009",106,0,1,0.028035,1,0.005607,1,116.983246513341,1,4.85421605857167,616,1,7.83799982070923,34.9210014343262,0.0280349999666214,0.0134304938837886,112.805801391602,-85.6306,27.3592,17.8803821928013,63,63,63,63,61,63,0,7819,1.11328740596807,27,-86,0.001869,51,2026-03-31 22:37:38.002414,616,1.037,0.0011,"aoml_navis",1030.03243771379
"7901009",106,0,1,0.031773,1,0.009345,1,117.134443451086,1,4.85415521663935,618,1,7.80900001525879,34.9199981689453,0.0317730009555817,0.0167881175875664,112.951599121094,-85.6306,27.3592,17.8803821928013,63,63,63,63,61,63,0,7819,1.11328740596807,27,-86,0.001869,51,2026-03-31 22:37:38.002414,618,1.037,0.0011,"aoml_navis",1030.04534812993
"7901009",106,0,1,0.029904,1,0.007476,1,117.362386087215,1,4.85409883332085,620,1,7.7810001373291,34.9179992675781,0.0299040004611015,0.0151093062013388,113.171401977539,-85.6306,27.3592,17.8803821928013,63,63,63,63,61,63,0,7819,1.11328740596807,27,-86,0.001869,51,2026-03-31 22:37:38.002414,620,1.037,0.0011,"aoml_navis",1030.05731273488
"7901009",106,0,1,0.026166,1,0.003738,1,117.633361697933,1,4.85403784497937,622,1,7.74200010299683,34.9150009155273,0.0261659994721413,0.0117516815662384,113.43270111084,-85.6306,27.3592,17.8803821928013,63,63,63,63,61,63,0,7819,1.11328740596807,27,-86,0.001869,51,2026-03-31 22:37:38.002414,622,1.037,0.0011,"aoml_navis",1030.07025484393
"7901009",106,0,1,0.029904,1,0.007476,1,117.835060469986,1,4.85398238397608,624,1,7.71999979019165,34.9140014648438,0.0299040004611015,0.0151093062013388,113.627197265625,-85.6306,27.3592,17.8803821928013,63,63,63,63,61,63,0,7819,1.11328740596807,27,-86,0.001869,51,2026-03-31 22:37:38.002414,624,1.037,0.0011,"aoml_navis",1030.08202429946
"7901009",106,0,1,0.028035,1,0.005607,1,118.028364686783,1,4.85393365485467,626,1,7.7020001411438,34.9119987487793,0.0280349999666214,0.0134304938837886,113.813598632812,-85.6306,27.3592,17.8803821928013,63,63,63,63,61,63,0,7819,1.11328740596807,27,-86,0.001869,51,2026-03-31 22:37:38.002414,626,1.037,0.0011,"aoml_navis",1030.09236539507
"7901009",106,0,1,0.028035,1,0.005607,1,118.291562872603,1,4.85387588376509,628,1,7.67199993133545,34.9099998474121,0.0280349999666214,0.0134304938837886,114.067398071289,-85.6306,27.3592,17.8803821928013,63,63,63,63,61,63,0,7819,1.11328740596807,27,-86,0.001869,51,2026-03-31 22:37:38.002414,628,1.037,0.0011,"aoml_navis",1030.10462560933
"7901009",106,0,1,0.026166,1,0.003738,1,118.447427847672,1,4.85381890087506,630,1,7.64300012588501,34.9080009460449,0.0261659994721413,0.0117516815662384,114.217697143555,-85.6306,27.3592,17.8803821928013,63,63,63,63,61,63,0,7819,1.11328740596807,27,-86,0.001869,51,2026-03-31 22:37:38.002414,630,1.037,0.0011,"aoml_navis",1030.11671883732
"7901009",106,0,1,0.026166,1,0.003738,1,118.559223385628,1,4.85376735177453,632,1,7.63100004196167,34.9080009460449,0.0261659994721413,0.0117516815662384,114.325500488281,-85.6306,27.3592,17.8803821928013,63,63,63,63,61,63,0,7819,1.11328740596807,27,-86,0.001869,51,2026-03-31 22:37:38.002414,632,1.037,0.0011,"aoml_navis",1030.12765912071
"7901009",106,0,1,0.028035,1,0.005607,1,118.672466806347,1,4.85371949034411,634,1,7.61899995803833,34.9070014953613,0.0280349999666214,0.0134304938837886,114.434700012207,-85.6306,27.3592,17.8803821928013,63,63,63,63,61,63,0,7819,1.11328740596807,27,-86,0.001869,51,2026-03-31 22:37:38.002414,634,1.037,0.0011,"aoml_navis",1030.13781697663
"7901009",106,0,1,0.029904,1,0.007476,1,118.729709603029,1,4.85367314949631,636,1,7.60900020599365,34.9059982299805,0.0299040004611015,0.0151093062013388,114.489898681641,-85.6306,27.3592,17.8803821928013,63,63,63,63,61,63,0,7819,1.11328740596807,27,-86,0.001869,51,2026-03-31 22:37:38.002414,636,1.037,0.0011,"aoml_navis",1030.14765230306
"7901009",106,0,1,0.033642,1,0.011214,1,118.823980221199,1,4.85362386577991,638,1,7.59999990463257,34.9059982299805,0.0336420014500618,0.018466928973794,114.58080291748,-85.6306,27.3592,17.8803821928013,63,63,63,63,61,63,0,7819,1.11328740596807,27,-86,0.001869,51,2026-03-31 22:37:38.002414,638,1.037,0.0011,"aoml_navis",1030.15811242649
"7901009",106,0,1,0.028035,1,0.005607,1,118.89625568045,1,4.85357451808417,640,1,7.58599996566772,34.9049987792969,0.0280349999666214,0.0134304938837886,114.650497436523,-85.6306,27.3592,17.8803821928013,63,63,63,63,61,63,0,7819,1.11328740596807,27,-86,0.001869,51,2026-03-31 22:37:38.002414,640,1.037,0.0011,"aoml_navis",1030.16858634193
"7901009",106,0,1,0.028035,1,0.005607,1,118.941472347076,1,4.85352749117423,642,1,7.57999992370605,34.9049987792969,0.0280349999666214,0.0134304938837886,114.69409942627,-85.6306,27.3592,17.8803821928013,63,63,63,63,61,63,0,7819,1.11328740596807,27,-86,0.001869,51,2026-03-31 22:37:38.002414,642,1.037,0.0011,"aoml_navis",1030.17856787504
"7901009",106,0,1,0.026166,1,0.003738,1,118.991143428979,1,4.85348639789019,644,1,7.5770001411438,34.9039993286133,0.0261659994721413,0.0117516815662384,114.741996765137,-85.6306,27.3592,17.8803821928013,63,63,63,63,61,63,0,7819,1.11328740596807,27,-86,0.001869,51,2026-03-31 22:37:38.002414,644,1.037,0.0011,"aoml_navis",1030.18729014539
"7901009",106,0,1,0.033642,1,0.011214,1,119.051297815042,1,4.85344162376836,646,1,7.57399988174438,34.9039993286133,0.0336420014500618,0.018466928973794,114.800003051758,-85.6306,27.3592,17.8803821928013,63,63,63,63,61,63,0,7819,1.11328740596807,27,-86,0.001869,51,2026-03-31 22:37:38.002414,646,1.037,0.0011,"aoml_navis",1030.19679386148
"7901009",106,0,1,0.029904,1,0.007476,1,119.180198940617,1,4.85339678534373,648,1,7.56599998474121,34.9029998779297,0.0299040004611015,0.0151093062013388,114.924301147461,-85.6306,27.3592,17.8803821928013,63,63,63,63,61,63,0,7819,1.11328740596807,27,-86,0.001869,51,2026-03-31 22:37:38.002414,648,1.037,0.0011,"aoml_navis",1030.20631140215
"7901009",106,0,1,0.033642,1,0.011214,1,119.321236963236,1,4.85334370942231,650,1,7.54699993133545,34.9020004272461,0.0336420014500618,0.018466928973794,115.060302734375,-85.6306,27.3592,17.8803821928013,63,63,63,63,61,63,0,7819,1.11328740596807,27,-86,0.001869,51,2026-03-31 22:37:38.002414,650,1.037,0.0011,"aoml_navis",1030.21757768628
"7901009",106,0,1,0.028035,1,0.005607,1,119.414874627192,1,4.85329738163726,652,1,7.53700017929077,34.9010009765625,0.0280349999666214,0.0134304938837886,115.150596618652,-85.6306,27.3592,17.8803821928013,63,63,63,63,61,63,0,7819,1.11328740596807,27,-86,0.001869,51,2026-03-31 22:37:38.002414,652,1.037,0.0011,"aoml_navis",1030.22741176294
"7901009",106,0,1,0.028035,1,0.005607,1,119.559338514491,1,4.853242886725,654,1,7.52099990844727,34.9010009765625,0.0280349999666214,0.0134304938837886,115.289901733398,-85.6306,27.3592,17.8803821928013,63,63,63,63,61,63,0,7819,1.11328740596807,27,-86,0.001869,51,2026-03-31 22:37:38.002414,654,1.037,0.0011,"aoml_navis",1030.2389797297
"7901009",106,0,1,0.029904,1,0.007476,1,119.675485612665,1,4.85319731580267,656,1,7.51200008392334,34.9000015258789,0.0299040004611015,0.0151093062013388,115.401901245117,-85.6306,27.3592,17.8803821928013,63,63,63,63,61,63,0,7819,1.11328740596807,27,-86,0.001869,51,2026-03-31 22:37:38.002414,656,1.037,0.0011,"aoml_navis",1030.24865354625
"7901009",106,0,1,0.028035,1,0.005607,1,119.808532588338,1,4.85314727863226,658,1,7.49700021743774,34.898998260498,0.0280349999666214,0.0134304938837886,115.530197143555,-85.6306,27.3592,17.8803821928013,63,63,63,63,61,63,0,7819,1.11328740596807,27,-86,0.001869,51,2026-03-31 22:37:38.002414,658,1.037,0.0011,"aoml_navis",1030.25927566928
"7901009",106,0,1,0.029904,1,0.007476,1,119.929450578896,1,4.85310022173512,660,1,7.48600006103516,34.8979988098145,0.0299040004611015,0.0151093062013388,115.646797180176,-85.6306,27.3592,17.8803821928013,63,63,63,63,61,63,0,7819,1.11328740596807,27,-86,0.001869,51,2026-03-31 22:37:38.002414,660,1.037,0.0011,"aoml_navis",1030.2692653259
"7901009",106,0,1,0.029904,1,0.007476,1,120.146403547494,1,4.85304656626961,662.099975585938,1,7.4689998626709,34.8969993591309,0.0299040004611015,0.0151093062013388,115.856002807617,-85.6306,27.3592,17.8803821928013,63,63,63,63,61,63,0,7819,1.11328740596807,27,-86,0.001869,51,2026-03-31 22:37:38.002414,662.099975585938,1.037,0.0011,"aoml_navis",1030.28065602168
"7901009",106,0,1,0.033642,1,0.011214,1,120.303304985088,1,4.85299940922942,664,1,7.45499992370605,34.8959999084473,0.0336420014500618,0.018466928973794,116.007301330566,-85.6306,27.3592,17.8803821928013,63,63,63,63,61,63,0,7819,1.11328740596807,27,-86,0.001869,51,2026-03-31 22:37:38.002414,664,1.037,0.0011,"aoml_navis",1030.29066735327
"7901009",106,0,1,0.028035,1,0.005607,1,120.628208294794,1,4.85295534997536,666,1,7.44799995422363,34.8950004577637,0.0280349999666214,0.0134304938837886,116.320602416992,-85.6306,27.3592,17.8803821928013,63,63,63,63,61,63,0,7819,1.11328740596807,27,-86,0.001869,51,2026-03-31 22:37:38.002414,666,1.037,0.0011,"aoml_navis",1030.30002120777
"7901009",106,0,1,0.031773,1,0.009345,1,121.152428886326,1,4.85289710406222,668,1,7.41699981689453,34.8930015563965,0.0317730009555817,0.0167881175875664,116.826103210449,-85.6306,27.3592,17.8803821928013,63,63,63,63,61,63,0,7819,1.11328740596807,27,-86,0.001869,51,2026-03-31 22:37:38.002414,668,1.037,0.0011,"aoml_navis",1030.3123871748
"7901009",106,0,1,0.028035,1,0.005607,1,121.675605103405,1,4.85281218544349,670,1,7.34499979019165,34.8899993896484,0.0280349999666214,0.0134304938837886,117.330596923828,-85.6306,27.3592,17.8803821928013,63,63,63,63,61,63,0,7819,1.11328740596807,27,-86,0.001869,51,2026-03-31 22:37:38.002414,670,1.037,0.0011,"aoml_navis",1030.33041645379
"7901009",106,0,1,0.029904,1,0.007476,1,122.017099725432,1,4.85274446652327,672,1,7.30100011825562,34.8880004882812,0.0299040004611015,0.0151093062013388,117.659896850586,-85.6306,27.3592,17.8803821928013,63,63,63,63,61,63,0,7819,1.11328740596807,27,-86,0.001869,51,2026-03-31 22:37:38.002414,672,1.037,0.0011,"aoml_navis",1030.34479447508
"7901009",106,0,1,0.031773,1,0.009345,1,122.292023388057,1,4.85269822168369,674,1,7.29099988937378,34.8870010375977,0.0317730009555817,0.0167881175875664,117.925003051758,-85.6306,27.3592,17.8803821928013,63,63,63,63,61,63,0,7819,1.11328740596807,27,-86,0.001869,51,2026-03-31 22:37:38.002414,674,1.037,0.0011,"aoml_navis",1030.35461336914
"7901009",106,0,1,0.026166,1,0.003738,1,122.684225554512,1,4.85264535055228,676,1,7.26700019836426,34.8849983215332,0.0261659994721413,0.0117516815662384,118.303199768066,-85.6306,27.3592,17.8803821928013,63,63,63,63,61,63,0,7819,1.11328740596807,27,-86,0.001869,51,2026-03-31 22:37:38.002414,676,1.037,0.0011,"aoml_navis",1030.36583941395
"7901009",106,0,1,0.028035,1,0.005607,1,123.293586399684,1,4.85257115476585,678,1,7.21400022506714,34.882999420166,0.0280349999666214,0.0134304938837886,118.890800476074,-85.6306,27.3592,17.8803821928013,63,63,63,63,61,63,0,7819,1.11328740596807,27,-86,0.001869,51,2026-03-31 22:37:38.002414,678,1.037,0.0011,"aoml_navis",1030.381593702
"7901009",106,0,1,0.028035,1,0.005607,1,123.71130453287,1,4.85250001147899,680,1,7.16499996185303,34.8810005187988,0.0280349999666214,0.0134304938837886,119.293601989746,-85.6306,27.3592,17.8803821928013,63,63,63,63,61,63,0,7819,1.11328740596807,27,-86,0.001869,51,2026-03-31 22:37:38.002414,680,1.037,0.0011,"aoml_navis",1030.39670029306
"7901009",106,0,1,0.029904,1,0.007476,1,123.954279831569,1,4.85243990626656,682,1,7.13600015640259,34.8800010681152,0.0299040004611015,0.0151093062013388,119.527900695801,-85.6306,27.3592,17.8803821928013,63,63,63,63,61,63,0,7819,1.11328740596807,27,-86,0.001869,51,2026-03-31 22:37:38.002414,682,1.037,0.0011,"aoml_navis",1030.40946340065
"7901009",106,0,1,0.029904,1,0.007476,1,124.158265150718,1,4.85238053173191,684,1,7.11299991607666,34.8800010681152,0.0299040004611015,0.0151093062013388,119.724601745605,-85.6306,27.3592,17.8803821928013,63,63,63,63,61,63,0,7819,1.11328740596807,27,-86,0.001869,51,2026-03-31 22:37:38.002414,684,1.037,0.0011,"aoml_navis",1030.42207166209
"7901009",106,0,1,0.031773,1,0.009345,1,124.305419093424,1,4.85232993530588,686,1,7.10200023651123,34.8800010681152,0.0317730009555817,0.0167881175875664,119.866500854492,-85.6306,27.3592,17.8803821928013,63,63,63,63,61,63,0,7819,1.11328740596807,27,-86,0.001869,51,2026-03-31 22:37:38.002414,686,1.037,0.0011,"aoml_navis",1030.432816124
"7901009",106,0,1,0.031773,1,0.009345,1,124.493849562777,1,4.85228448659061,688,1,7.09299993515015,34.8790016174316,0.0317730009555817,0.0167881175875664,120.048202514648,-85.6306,27.3592,17.8803821928013,63,63,63,63,61,63,0,7819,1.11328740596807,27,-86,0.001869,51,2026-03-31 22:37:38.002414,688,1.037,0.0011,"aoml_navis",1030.44246762893
"7901009",106,0,1,0.029904,1,0.007476,1,124.700113517095,1,4.85223759608281,690,1,7.08199977874756,34.8779983520508,0.0299040004611015,0.0151093062013388,120.247100830078,-85.6306,27.3592,17.8803821928013,63,63,63,63,61,63,0,7819,1.11328740596807,27,-86,0.001869,51,2026-03-31 22:37:38.002414,690,1.037,0.0011,"aoml_navis",1030.45242550292
"7901009",106,0,1,0.028035,1,0.005607,1,124.922138031328,1,4.85217972318779,692,1,7.06099987030029,34.8779983520508,0.0280349999666214,0.0134304938837886,120.461196899414,-85.6306,27.3592,17.8803821928013,63,63,63,63,61,63,0,7819,1.11328740596807,27,-86,0.001869,51,2026-03-31 22:37:38.002414,692,1.037,0.0011,"aoml_navis",1030.46471591021
"7901009",106,0,1,0.035511,1,0.013083,1,125.09760876316,1,4.85213355955179,694,1,7.05100011825562,34.8769989013672,0.0355109982192516,0.0201457403600216,120.630401611328,-85.6306,27.3592,17.8803821928013,63,63,63,63,61,63,0,7819,1.11328740596807,27,-86,0.001869,51,2026-03-31 22:37:38.002414,694,1.037,0.0011,"aoml_navis",1030.47451984439
"7901009",106,0,1,0.031773,1,0.009345,1,125.349397949282,1,4.85208444302494,696,1,7.04199981689453,34.8769989013672,0.0317730009555817,0.0167881175875664,120.873199462891,-85.6306,27.3592,17.8803821928013,63,63,63,63,61,63,0,7819,1.11328740596807,27,-86,0.001869,51,2026-03-31 22:37:38.002414,696,1.037,0.0011,"aoml_navis",1030.48495109925
"7901009",106,0,1,0.031773,1,0.009345,1,125.696288505979,1,4.85202737601496,698,1,7.01700019836426,34.8759994506836,0.0317730009555817,0.0167881175875664,121.207702636719,-85.6306,27.3592,17.8803821928013,63,63,63,63,61,63,0,7819,1.11328740596807,27,-86,0.001869,51,2026-03-31 22:37:38.002414,698,1.037,0.0011,"aoml_navis",1030.49707112464
"7901009",106,0,1,0.028035,1,0.005607,1,125.888445493264,1,4.85196452699721,700,1,6.98400020599365,34.875,0.0280349999666214,0.0134304938837886,121.392997741699,-85.6306,27.3592,17.8803821928013,63,63,63,63,61,63,0,7819,1.11328740596807,27,-86,0.001869,51,2026-03-31 22:37:38.002414,700,1.037,0.0011,"aoml_navis",1030.51041947629
"7901009",106,0,1,0.029904,1,0.007476,1,126.029792081062,1,4.85191833181075,702,1,6.97900009155273,34.875,0.0299040004611015,0.0151093062013388,121.529296875,-85.6306,27.3592,17.8803821928013,63,63,63,63,61,63,0,7819,1.11328740596807,27,-86,0.001869,51,2026-03-31 22:37:38.002414,702,1.037,0.0011,"aoml_navis",1030.5202309813
"7901009",106,0,1,0.024297,1,0.001869,1,126.137956044218,1,4.85186996261077,704,1,6.97100019454956,34.875,0.0242970008403063,0.0100728701800108,121.633598327637,-85.6306,27.3592,17.8803821928013,63,63,63,63,61,63,0,7819,1.11328740596807,27,-86,0.001869,51,2026-03-31 22:37:38.002414,704,1.037,0.0011,"aoml_navis",1030.5305044304
"7901009",106,0,1,0.029904,1,0.007476,1,126.297349739027,1,4.85182165561504,706,1,6.95800018310547,34.8740005493164,0.0299040004611015,0.0151093062013388,121.787300109863,-85.6306,27.3592,17.8803821928013,63,63,63,63,61,63,0,7819,1.11328740596807,27,-86,0.001869,51,2026-03-31 22:37:38.002414,706,1.037,0.0011,"aoml_navis",1030.54076487199
"7901009",106,0,1,0.024297,1,0.001869,1,126.377513390164,1,4.85177401736258,708,1,6.95100021362305,34.8740005493164,0.0242970008403063,0.0100728701800108,121.864601135254,-85.6306,27.3592,17.8803821928013,63,63,63,63,61,63,0,7819,1.11328740596807,27,-86,0.001869,51,2026-03-31 22:37:38.002414,708,1.037,0.0011,"aoml_navis",1030.5508834721
"7901009",106,0,1,0.031773,1,0.009345,1,126.515022693043,1,4.8517292796302,710,1,6.94799995422363,34.8740005493164,0.0317730009555817,0.0167881175875664,121.997200012207,-85.6306,27.3592,17.8803821928013,63,63,63,63,61,63,0,7819,1.11328740596807,27,-86,0.001869,51,2026-03-31 22:37:38.002414,710,1.037,0.0011,"aoml_navis",1030.56038616835
"7901009",106,0,1,0.033642,1,0.011214,1,126.744618922055,1,4.85168677858462,712,1,6.94299983978271,34.8730010986328,0.0336420014500618,0.018466928973794,122.218597412109,-85.6306,27.3592,17.8803821928013,63,63,63,63,61,63,0,7819,1.11328740596807,27,-86,0.001869,51,2026-03-31 22:37:38.002414,712,1.037,0.0011,"aoml_navis",1030.56941393456
"7901009",106,0,1,0.029904,1,0.007476,1,127.120854818475,1,4.85163414027558,714,1,6.92399978637695,34.8720016479492,0.0299040004611015,0.0151093062013388,122.581398010254,-85.6306,27.3592,17.8803821928013,63,63,63,63,61,63,0,7819,1.11328740596807,27,-86,0.001869,51,2026-03-31 22:37:38.002414,714,1.037,0.0011,"aoml_navis",1030.58059520457
"7901009",106,0,1,0.026166,1,0.003738,1,127.49231982251,1,4.8515763850225,716,1,6.90299987792969,34.8720016479492,0.0261659994721413,0.0117516815662384,122.939598083496,-85.6306,27.3592,17.8803821928013,63,63,63,63,61,63,0,7819,1.11328740596807,27,-86,0.001869,51,2026-03-31 22:37:38.002414,716,1.037,0.0011,"aoml_navis",1030.59286367946
"7901009",106,0,1,0.031773,1,0.009345,1,127.859638976448,1,4.8515129605874,718,1,6.86899995803833,34.8709983825684,0.0317730009555817,0.0167881175875664,123.293800354004,-85.6306,27.3592,17.8803821928013,63,63,63,63,61,63,0,7819,1.11328740596807,27,-86,0.001869,51,2026-03-31 22:37:38.002414,718,1.037,0.0011,"aoml_navis",1030.60633674874
"7901009",106,0,1,0.031773,1,0.009345,1,128.049723038683,1,4.85145741134427,720,1,6.85099983215332,34.8709983825684,0.0317730009555817,0.0167881175875664,123.477096557617,-85.6306,27.3592,17.8803821928013,63,63,63,63,61,63,0,7819,1.11328740596807,27,-86,0.001869,51,2026-03-31 22:37:38.002414,720,1.037,0.0011,"aoml_navis",1030.61813720314
"7901009",106,0,1,0.029904,1,0.007476,1,128.337812148949,1,4.8514098803403,722,1,6.83900022506714,34.8699989318848,0.0299040004611015,0.0151093062013388,123.754898071289,-85.6306,27.3592,17.8803821928013,63,63,63,63,61,63,0,7819,1.11328740596807,27,-86,0.001869,51,2026-03-31 22:37:38.002414,722,1.037,0.0011,"aoml_navis",1030.62823453896
"7901009",106,0,1,0.031773,1,0.009345,1,128.568349897353,1,4.85136307406359,724,1,6.82800006866455,34.8689994812012,0.0317730009555817,0.0167881175875664,123.977203369141,-85.6306,27.3592,17.8803821928013,63,63,63,63,61,63,0,7819,1.11328740596807,27,-86,0.001869,51,2026-03-31 22:37:38.002414,724,1.037,0.0011,"aoml_navis",1030.63817810938
"7901009",106,0,1,0.031773,1,0.009345,1,128.944269316666,1,4.85130179799884,726,1,6.80200004577637,34.8689994812012,0.0317730009555817,0.0167881175875664,124.339698791504,-85.6306,27.3592,17.8803821928013,63,63,63,63,61,63,0,7819,1.11328740596807,27,-86,0.001869,51,2026-03-31 22:37:38.002414,726,1.037,0.0011,"aoml_navis",1030.65119594549
"7901009",106,0,1,0.033642,1,0.011214,1,129.232255571872,1,4.85123839456209,728,1,6.77299976348877,34.8689994812012,0.0336420014500618,0.018466928973794,124.617401123047,-85.6306,27.3592,17.8803821928013,63,63,63,63,61,63,0,7819,1.11328740596807,27,-86,0.001869,51,2026-03-31 22:37:38.002414,728,1.037,0.0011,"aoml_navis",1030.6646660788
"7901009",106,0,1,0.031773,1,0.009345,1,129.434990806449,1,4.85118229248463,730,1,6.74900007247925,34.8680000305176,0.0317730009555817,0.0167881175875664,124.812896728516,-85.6306,27.3592,17.8803821928013,63,63,63,63,61,63,0,7819,1.11328740596807,27,-86,0.001869,51,2026-03-31 22:37:38.002414,730,1.037,0.0011,"aoml_navis",1030.67658532352
"7901009",106,0,1,0.029904,1,0.007476,1,129.540567569258,1,4.85113685102486,732,1,6.74499988555908,34.8680000305176,0.0299040004611015,0.0151093062013388,124.914703369141,-85.6306,27.3592,17.8803821928013,63,63,63,63,61,63,0,7819,1.11328740596807,27,-86,0.001869,51,2026-03-31 22:37:38.002414,732,1.037,0.0011,"aoml_navis",1030.686239854
"7901009",106,0,1,0.029904,1,0.007476,1,129.736356131342,1,4.85109141172269,734,1,6.74100017547607,34.8680000305176,0.0299040004611015,0.0151093062013388,125.103500366211,-85.6306,27.3592,17.8803821928013,63,63,63,63,61,63,0,7819,1.11328740596807,27,-86,0.001869,51,2026-03-31 22:37:38.002414,734,1.037,0.0011,"aoml_navis",1030.69589410694
"7901009",106,0,1,0.035511,1,0.013083,1,130.038030021414,1,4.85104965849181,736,1,6.73699998855591,34.867000579834,0.0355109982192516,0.0201457403600216,125.394401550293,-85.6306,27.3592,17.8803821928013,63,63,63,63,61,63,0,7819,1.11328740596807,27,-86,0.001869,51,2026-03-31 22:37:38.002414,736,1.037,0.0011,"aoml_navis",1030.70476535886
"7901009",106,0,1,0.028035,1,0.005607,1,130.508947956243,1,4.85098417571706,738,1,6.70499992370605,34.867000579834,0.0280349999666214,0.0134304938837886,125.848503112793,-85.6306,27.3592,17.8803821928013,63,63,63,63,61,63,0,7819,1.11328740596807,27,-86,0.001869,51,2026-03-31 22:37:38.002414,738,1.037,0.0011,"aoml_navis",1030.71867870212
"7901009",106,0,1,0.028035,1,0.005607,1,130.838202826167,1,4.850933847273,740,1,6.68900012969971,34.8660011291504,0.0280349999666214,0.0134304938837886,126.166000366211,-85.6306,27.3592,17.8803821928013,63,63,63,63,61,63,0,7819,1.11328740596807,27,-86,0.001869,51,2026-03-31 22:37:38.002414,740,1.037,0.0011,"aoml_navis",1030.72937240956
"7901009",106,0,1,0.029904,1,0.007476,1,131.099019521759,1,4.85088424170165,742,1,6.67399978637695,34.8650016784668,0.0299040004611015,0.0151093062013388,126.417503356934,-85.6306,27.3592,17.8803821928013,63,63,63,63,61,63,0,7819,1.11328740596807,27,-86,0.001869,51,2026-03-31 22:37:38.002414,742,1.037,0.0011,"aoml_navis",1030.7399127393
"7901009",106,0,1,0.029904,1,0.007476,1,131.338466100718,1,4.8508302461794,744,1,6.65799999237061,34.8650016784668,0.0299040004611015,0.0151093062013388,126.648399353027,-85.6306,27.3592,17.8803821928013,63,63,63,63,61,63,0,7819,1.11328740596807,27,-86,0.001869,51,2026-03-31 22:37:38.002414,744,1.037,0.0011,"aoml_navis",1030.75138610305
"7901009",106,0,1,0.028035,1,0.005607,1,131.435323919236,1,4.85078067160592,746,1,6.64300012588501,34.8639984130859,0.0280349999666214,0.0134304938837886,126.741798400879,-85.6306,27.3592,17.8803821928013,63,63,63,63,61,63,0,7819,1.11328740596807,27,-86,0.001869,51,2026-03-31 22:37:38.002414,746,1.037,0.0011,"aoml_navis",1030.76192029616
"7901009",106,0,1,0.028035,1,0.005607,1,131.572216091756,1,4.85073310653868,748,1,6.63600015640259,34.8639984130859,0.0280349999666214,0.0134304938837886,126.873802185059,-85.6306,27.3592,17.8803821928013,63,63,63,63,61,63,0,7819,1.11328740596807,27,-86,0.001869,51,2026-03-31 22:37:38.002414,748,1.037,0.0011,"aoml_navis",1030.77202768796
"7901009",106,0,1,0.031773,1,0.009345,1,131.741246514466,1,4.85068768166823,750,1,6.63199996948242,34.8639984130859,0.0317730009555817,0.0167881175875664,127.036796569824,-85.6306,27.3592,17.8803821928013,63,63,63,63,61,63,0,7819,1.11328740596807,27,-86,0.001869,51,2026-03-31 22:37:38.002414,750,1.037,0.0011,"aoml_navis",1030.78168048132
"7901009",106,0,1,0.029904,1,0.007476,1,131.823174525473,1,4.85063869574282,752,1,6.6230001449585,34.8639984130859,0.0299040004611015,0.0151093062013388,127.115798950195,-85.6306,27.3592,17.8803821928013,63,63,63,63,61,63,0,7819,1.11328740596807,27,-86,0.001869,51,2026-03-31 22:37:38.002414,752,1.037,0.0011,"aoml_navis",1030.79209020211
"7901009",106,0,1,0.033642,1,0.011214,1,131.968674875297,1,4.85059327453317,754,1,6.61899995803833,34.8639984130859,0.0336420014500618,0.018466928973794,127.256103515625,-85.6306,27.3592,17.8803821928013,63,63,63,63,61,63,0,7819,1.11328740596807,27,-86,0.001869,51,2026-03-31 22:37:38.002414,754,1.037,0.0011,"aoml_navis",1030.80174259327
"7901009",106,0,1,0.026166,1,0.003738,1,132.150570092395,1,4.85055367748144,756,1,6.61800003051758,34.8629989624023,0.0261659994721413,0.0117516815662384,127.431503295898,-85.6306,27.3592,17.8803821928013,63,63,63,63,61,63,0,7819,1.11328740596807,27,-86,0.001869,51,2026-03-31 22:37:38.002414,756,1.037,0.0011,"aoml_navis",1030.81015744911
"7901009",106,0,1,0.028035,1,0.005607,1,132.437306263029,1,4.85049887603425,758,1,6.60599994659424,34.8639984130859,0.0280349999666214,0.0134304938837886,127.708000183105,-85.6306,27.3592,17.8803821928013,63,63,63,63,61,63,0,7819,1.11328740596807,27,-86,0.001869,51,2026-03-31 22:37:38.002414,758,1.037,0.0011,"aoml_navis",1030.82180365084
"7901009",106,0,1,0.033642,1,0.011214,1,132.851915008641,1,4.85044362189308,760,1,6.58300018310547,34.8629989624023,0.0336420014500618,0.018466928973794,128.107803344727,-85.6306,27.3592,17.8803821928013,63,63,63,63,61,63,0,7819,1.11328740596807,27,-86,0.001869,51,2026-03-31 22:37:38.002414,760,1.037,0.0011,"aoml_navis",1030.83354632386
"7901009",106,0,1,0.031773,1,0.009345,1,133.164578566245,1,4.85038470293468,762,1,6.55999994277954,34.8629989624023,0.0317730009555817,0.0167881175875664,128.409301757812,-85.6306,27.3592,17.8803821928013,63,63,63,63,61,63,0,7819,1.11328740596807,27,-86,0.001869,51,2026-03-31 22:37:38.002414,762,1.037,0.0011,"aoml_navis",1030.84606814276
"7901009",106,0,1,0.029904,1,0.007476,1,133.465627414031,1,4.850327932493,764,1,6.53999996185303,34.8629989624023,0.0299040004611015,0.0151093062013388,128.699600219727,-85.6306,27.3592,17.8803821928013,63,63,63,63,61,63,0,7819,1.11328740596807,27,-86,0.001869,51,2026-03-31 22:37:38.002414,764,1.037,0.0011,"aoml_navis",1030.85813363347
"7901009",106,0,1,0.031773,1,0.009345,1,133.792817270834,1,4.85027613901854,766,1,6.52699995040894,34.8629989624023,0.0317730009555817,0.0167881175875664,129.015106201172,-85.6306,27.3592,17.8803821928013,63,63,63,63,61,63,0,7819,1.11328740596807,27,-86,0.001869,51,2026-03-31 22:37:38.002414,766,1.037,0.0011,"aoml_navis",1030.86914160969
"7901009",106,0,1,0.028035,1,0.005607,1,134.082552062054,1,4.85022364296641,768,1,6.51300001144409,34.8629989624023,0.0280349999666214,0.0134304938837886,129.294494628906,-85.6306,27.3592,17.8803821928013,63,63,63,63,61,63,0,7819,1.11328740596807,27,-86,0.001869,51,2026-03-31 22:37:38.002414,768,1.037,0.0011,"aoml_navis",1030.88029914884
"7901009",106,0,1,0.029904,1,0.007476,1,134.452054908028,1,4.85016832185856,770,1,6.49499988555908,34.8629989624023,0.0299040004611015,0.0151093062013388,129.650802612305,-85.6306,27.3592,17.8803821928013,63,63,63,63,61,63,0,7819,1.11328740596807,27,-86,0.001869,51,2026-03-31 22:37:38.002414,770,1.037,0.0011,"aoml_navis",1030.89205738823
"7901009",106,0,1,0.029904,1,0.007476,1,134.713591589038,1,4.85010947757387,772,1,6.47200012207031,34.8629989624023,0.0299040004611015,0.0151093062013388,129.90299987793,-85.6306,27.3592,17.8803821928013,63,63,63,63,61,63,0,7819,1.11328740596807,27,-86,0.001869,51,2026-03-31 22:37:38.002414,772,1.037,0.0011,"aoml_navis",1030.90456475657
"7901009",106,0,1,0.026166,1,0.003738,1,134.991094540083,1,4.85005912809546,774,1,6.46099996566772,34.8629989624023,0.0261659994721413,0.0117516815662384,130.170593261719,-85.6306,27.3592,17.8803821928013,63,63,63,63,61,63,0,7819,1.11328740596807,27,-86,0.001869,51,2026-03-31 22:37:38.002414,774,1.037,0.0011,"aoml_navis",1030.91526679251
"7901009",106,0,1,0.031773,1,0.009345,1,135.33425066692,1,4.85000172360805,776,1,6.44000005722046,34.8629989624023,0.0317730009555817,0.0167881175875664,130.501495361328,-85.6306,27.3592,17.8803821928013,63,63,63,63,61,63,0,7819,1.11328740596807,27,-86,0.001869,51,2026-03-31 22:37:38.002414,776,1.037,0.0011,"aoml_navis",1030.92746867734
"7901009",106,0,1,0.028035,1,0.005607,1,135.579520424644,1,4.8499328998985,778,1,6.40799999237061,34.8639984130859,0.0280349999666214,0.0134304938837886,130.738006591797,-85.6306,27.3592,17.8803821928013,63,63,63,63,61,63,0,7819,1.11328740596807,27,-86,0.001869,51,2026-03-31 22:37:38.002414,778,1.037,0.0011,"aoml_navis",1030.94209821019
"7901009",106,0,1,0.029904,1,0.007476,1,135.630220057143,1,4.84987694441855,780,1,6.38899993896484,34.8639984130859,0.0299040004611015,0.0151093062013388,130.786895751953,-85.6306,27.3592,17.8803821928013,63,63,63,63,61,63,0,7819,1.11328740596807,27,-86,0.001869,51,2026-03-31 22:37:38.002414,780,1.037,0.0011,"aoml_navis",1030.9539927099
"7901009",106,0,1,0.028035,1,0.005607,1,135.818967003603,1,4.84982433365858,782,1,6.38000011444092,34.8650016784668,0.0280349999666214,0.0134304938837886,130.968902587891,-85.6306,27.3592,17.8803821928013,63,63,63,63,61,63,0,7819,1.11328740596807,27,-86,0.001869,51,2026-03-31 22:37:38.002414,782,1.037,0.0011,"aoml_navis",1030.96517647024
"7901009",106,0,1,0.033642,1,0.011214,1,135.996811313735,1,4.84977472194946,784,1,6.36999988555908,34.8650016784668,0.0336420014500618,0.018466928973794,131.140396118164,-85.6306,27.3592,17.8803821928013,63,63,63,63,61,63,0,7819,1.11328740596807,27,-86,0.001869,51,2026-03-31 22:37:38.002414,784,1.037,0.0011,"aoml_navis",1030.97572292804
"7901009",106,0,1,0.035511,1,0.013083,1,136.264994013987,1,4.8497251142451,786,1,6.3600001335144,34.8650016784668,0.0355109982192516,0.0201457403600216,131.399002075195,-85.6306,27.3592,17.8803821928013,63,63,63,63,61,63,0,7819,1.11328740596807,27,-86,0.001869,51,2026-03-31 22:37:38.002414,786,1.037,0.0011,"aoml_navis",1030.98626875026
"7901009",106,0,1,0.029904,1,0.007476,1,136.535249639287,1,4.84967340304205,788,1,6.34700012207031,34.8650016784668,0.0299040004611015,0.0151093062013388,131.659606933594,-85.6306,27.3592,17.8803821928013,63,63,63,63,61,63,0,7819,1.11328740596807,27,-86,0.001869,51,2026-03-31 22:37:38.002414,788,1.037,0.0011,"aoml_navis",1030.99726197307
"7901009",106,0,1,0.028035,1,0.005607,1,136.790346011175,1,4.84961959242678,790,1,6.33099985122681,34.8650016784668,0.0280349999666214,0.0134304938837886,131.90559387207,-85.6306,27.3592,17.8803821928013,63,63,63,63,61,63,0,7819,1.11328740596807,27,-86,0.001869,51,2026-03-31 22:37:38.002414,790,1.037,0.0011,"aoml_navis",1031.00870175633
"7901009",106,0,1,0.028035,1,0.005607,1,136.996831499467,1,4.8495728040449,792,1,6.32499980926514,34.8650016784668,0.0280349999666214,0.0134304938837886,132.104705810547,-85.6306,27.3592,17.8803821928013,63,63,63,63,61,63,0,7819,1.11328740596807,27,-86,0.001869,51,2026-03-31 22:37:38.002414,792,1.037,0.0011,"aoml_navis",1031.01864886524
"7901009",106,0,1,0.029904,1,0.007476,1,137.351175092028,1,4.8495304184668,794,1,6.32000017166138,34.8639984130859,0.0299040004611015,0.0151093062013388,132.446395874023,-85.6306,27.3592,17.8803821928013,63,63,63,63,61,63,0,7819,1.11328740596807,27,-86,0.001869,51,2026-03-31 22:37:38.002414,794,1.037,0.0011,"aoml_navis",1031.02766011328
"7901009",106,0,1,0.031773,1,0.009345,1,137.829150466337,1,4.84947311872252,796,1,6.29899978637695,34.8639984130859,0.0317730009555817,0.0167881175875664,132.907302856445,-85.6306,27.3592,17.8803821928013,63,63,63,63,61,63,0,7819,1.11328740596807,27,-86,0.001869,51,2026-03-31 22:37:38.002414,796,1.037,0.0011,"aoml_navis",1031.03984238954
"7901009",106,0,1,0.031773,1,0.009345,1,138.174585228343,1,4.84940584059064,798,1,6.26900005340576,34.8650016784668,0.0317730009555817,0.0167881175875664,133.24040222168,-85.6306,27.3592,17.8803821928013,63,63,63,63,61,63,0,7819,1.11328740596807,27,-86,0.001869,51,2026-03-31 22:37:38.002414,798,1.037,0.0011,"aoml_navis",1031.05414649953
"7901009",106,0,1,0.029904,1,0.007476,1,138.31084444665,1,4.84935626765871,800,1,6.25899982452393,34.8650016784668,0.0299040004611015,0.0151093062013388,133.371795654297,-85.6306,27.3592,17.8803821928013,63,63,63,63,61,63,0,7819,1.11328740596807,27,-86,0.001869,51,2026-03-31 22:37:38.002414,800,1.037,0.0011,"aoml_navis",1031.06468653293
"7901009",106,0,1,0.028035,1,0.005607,1,138.470966038805,1,4.84930809617133,802,1,6.25099992752075,34.8650016784668,0.0280349999666214,0.0134304938837886,133.52619934082,-85.6306,27.3592,17.8803821928013,63,63,63,63,61,63,0,7819,1.11328740596807,27,-86,0.001869,51,2026-03-31 22:37:38.002414,802,1.037,0.0011,"aoml_navis",1031.07492880224
"7901009",106,0,1,0.028035,1,0.005607,1,138.655456368179,1,4.84926062591841,804,1,6.24399995803833,34.8650016784668,0.0280349999666214,0.0134304938837886,133.7041015625,-85.6306,27.3592,17.8803821928013,63,63,63,63,61,63,0,7819,1.11328740596807,27,-86,0.001869,51,2026-03-31 22:37:38.002414,804,1.037,0.0011,"aoml_navis",1031.08502217347
"7901009",106,0,1,0.031773,1,0.009345,1,138.954954478142,1,4.84921106277424,806,1,6.23400020599365,34.8650016784668,0.0317730009555817,0.0167881175875664,133.992904663086,-85.6306,27.3592,17.8803821928013,63,63,63,63,61,63,0,7819,1.11328740596807,27,-86,0.001869,51,2026-03-31 22:37:38.002414,806,1.037,0.0011,"aoml_navis",1031.09556075695
"7901009",106,0,1,0.033642,1,0.011214,1,139.17085516036,1,4.84915522254424,808,1,6.21500015258789,34.8650016784668,0.0336420014500618,0.018466928973794,134.201095581055,-85.6306,27.3592,17.8803821928013,63,63,63,63,61,63,0,7819,1.11328740596807,27,-86,0.001869,51,2026-03-31 22:37:38.002414,808,1.037,0.0011,"aoml_navis",1031.10743429174
"7901009",106,0,1,0.028035,1,0.005607,1,139.320295650163,1,4.84909780100781,810,1,6.19899988174438,34.8660011291504,0.0280349999666214,0.0134304938837886,134.345199584961,-85.6306,27.3592,17.8803821928013,63,63,63,63,61,63,0,7819,1.11328740596807,27,-86,0.001869,51,2026-03-31 22:37:38.002414,810,1.037,0.0011,"aoml_navis",1031.11964435133
"7901009",106,0,1,0.028035,1,0.005607,1,139.401915095991,1,4.84905104048862,812,1,6.19299983978271,34.8660011291504,0.0280349999666214,0.0134304938837886,134.423904418945,-85.6306,27.3592,17.8803821928013,63,63,63,63,61,63,0,7819,1.11328740596807,27,-86,0.001869,51,2026-03-31 22:37:38.002414,812,1.037,0.0011,"aoml_navis",1031.12958767622
"7901009",106,0,1,0.033642,1,0.011214,1,139.479277924733,1,4.84900706974722,814,1,6.19099998474121,34.8660011291504,0.0336420014500618,0.018466928973794,134.498504638672,-85.6306,27.3592,17.8803821928013,63,63,63,63,61,63,0,7819,1.11328740596807,27,-86,0.001869,51,2026-03-31 22:37:38.002414,814,1.037,0.0011,"aoml_navis",1031.13893794769
"7901009",106,0,1,0.024297,1,0.001869,1,139.49907356776,1,4.84896310097416,816,1,6.18900012969971,34.8660011291504,0.0242970008403063,0.0100728701800108,134.517593383789,-85.6306,27.3592,17.8803821928013,63,63,63,63,61,63,0,7819,1.11328740596807,27,-86,0.001869,51,2026-03-31 22:37:38.002414,816,1.037,0.0011,"aoml_navis",1031.14828797016
"7901009",106,0,1,0.031773,1,0.009345,1,139.597592891088,1,4.84891913383684,818,1,6.18699979782104,34.8660011291504,0.0317730009555817,0.0167881175875664,134.612594604492,-85.6306,27.3592,17.8803821928013,63,63,63,63,61,63,0,7819,1.11328740596807,27,-86,0.001869,51,2026-03-31 22:37:38.002414,818,1.037,0.0011,"aoml_navis",1031.15763781435
"7901009",106,0,1,0.026166,1,0.003738,1,139.775136547969,1,4.84887238044113,820,1,6.18100023269653,34.8660011291504,0.0261659994721413,0.0117516815662384,134.783798217773,-85.6306,27.3592,17.8803821928013,63,63,63,63,61,63,0,7819,1.11328740596807,27,-86,0.001869,51,2026-03-31 22:37:38.002414,820,1.037,0.0011,"aoml_navis",1031.16758035713
"7901009",106,0,1,0.031773,1,0.009345,1,139.863180479064,1,4.84882144768005,822,1,6.16900014877319,34.8660011291504,0.0317730009555817,0.0167881175875664,134.868698120117,-85.6306,27.3592,17.8803821928013,63,63,63,63,61,63,0,7819,1.11328740596807,27,-86,0.001869,51,2026-03-31 22:37:38.002414,822,1.037,0.0011,"aoml_navis",1031.17841189889
"7901009",106,0,1,0.028035,1,0.005607,1,139.97663752183,1,4.84877609176912,824,1,6.16499996185303,34.8660011291504,0.0280349999666214,0.0134304938837886,134.978103637695,-85.6306,27.3592,17.8803821928013,63,63,63,63,61,63,0,7819,1.11328740596807,27,-86,0.001869,51,2026-03-31 22:37:38.002414,824,1.037,0.0011,"aoml_navis",1031.18805763945
"7901009",106,0,1,0.033642,1,0.011214,1,140.127723692588,1,4.84873004104814,826,1,6.15999984741211,34.8660011291504,0.0336420014500618,0.018466928973794,135.123794555664,-85.6306,27.3592,17.8803821928013,63,63,63,63,61,63,0,7819,1.11328740596807,27,-86,0.001869,51,2026-03-31 22:37:38.002414,826,1.037,0.0011,"aoml_navis",1031.19785132834
"7901009",106,0,1,0.029904,1,0.007476,1,140.325078816351,1,4.84868399250991,828,1,6.15500020980835,34.8660011291504,0.0299040004611015,0.0151093062013388,135.314102172852,-85.6306,27.3592,17.8803821928013,63,63,63,63,61,63,0,7819,1.11328740596807,27,-86,0.001869,51,2026-03-31 22:37:38.002414,828,1.037,0.0011,"aoml_navis",1031.20764473903
"7901009",106,0,1,0.031773,1,0.009345,1,140.632251496152,1,4.84862590640463,830,1,6.13800001144409,34.867000579834,0.0317730009555817,0.0167881175875664,135.610305786133,-85.6306,27.3592,17.8803821928013,63,63,63,63,61,63,0,7819,1.11328740596807,27,-86,0.001869,51,2026-03-31 22:37:38.002414,830,1.037,0.0011,"aoml_navis",1031.21999851451
"7901009",106,0,1,0.029904,1,0.007476,1,140.828562245463,1,4.84857777473484,832,1,6.13000011444092,34.867000579834,0.0299040004611015,0.0151093062013388,135.799606323242,-85.6306,27.3592,17.8803821928013,63,63,63,63,61,63,0,7819,1.11328740596807,27,-86,0.001869,51,2026-03-31 22:37:38.002414,832,1.037,0.0011,"aoml_navis",1031.23023540103
"7901009",106,0,1,0.035511,1,0.013083,1,141.01626481747,1,4.84853472103526,834,1,6.12400007247925,34.8660011291504,0.0355109982192516,0.0201457403600216,135.980606079102,-85.6306,27.3592,17.8803821928013,63,63,63,63,61,63,0,7819,1.11328740596807,27,-86,0.001869,51,2026-03-31 22:37:38.002414,834,1.037,0.0011,"aoml_navis",1031.23939245142
"7901009",106,0,1,0.026166,1,0.003738,1,141.295429273325,1,4.84848868044478,836,1,6.11899995803833,34.8660011291504,0.0261659994721413,0.0117516815662384,136.249801635742,-85.6306,27.3592,17.8803821928013,63,63,63,63,61,63,0,7819,1.11328740596807,27,-86,0.001869,51,2026-03-31 22:37:38.002414,836,1.037,0.0011,"aoml_navis",1031.24918496073
"7901009",106,0,1,0.028035,1,0.005607,1,141.618884700269,1,4.84842783594433,838,1,6.09800004959106,34.867000579834,0.0280349999666214,0.0134304938837886,136.561706542969,-85.6306,27.3592,17.8803821928013,63,63,63,63,61,63,0,7819,1.11328740596807,27,-86,0.001869,51,2026-03-31 22:37:38.002414,838,1.037,0.0011,"aoml_navis",1031.26212644272
"7901009",106,0,1,0.031773,1,0.009345,1,141.872335391201,1,4.84837971641635,840,1,6.09000015258789,34.867000579834,0.0317730009555817,0.0167881175875664,136.806106567383,-85.6306,27.3592,17.8803821928013,63,63,63,63,61,63,0,7819,1.11328740596807,27,-86,0.001869,51,2026-03-31 22:37:38.002414,840,1.037,0.0011,"aoml_navis",1031.27236158304
"7901009",106,0,1,0.028035,1,0.005607,1,142.252819992779,1,4.84832882257116,842,1,6.07800006866455,34.867000579834,0.0280349999666214,0.0134304938837886,137.173004150391,-85.6306,27.3592,17.8803821928013,63,63,63,63,61,63,0,7819,1.11328740596807,27,-86,0.001869,51,2026-03-31 22:37:38.002414,842,1.037,0.0011,"aoml_navis",1031.28318704844
"7901009",106,0,1,0.028035,1,0.005607,1,142.688055133823,1,4.8482696129159,844,1,6.05399990081787,34.867000579834,0.0280349999666214,0.0134304938837886,137.592697143555,-85.6306,27.3592,17.8803821928013,63,63,63,63,61,63,0,7819,1.11328740596807,27,-86,0.001869,51,2026-03-31 22:37:38.002414,844,1.037,0.0011,"aoml_navis",1031.29578162895
"7901009",106,0,1,0.033642,1,0.011214,1,142.984230234165,1,4.84820535669749,846,1,6.02799987792969,34.8680000305176,0.0336420014500618,0.018466928973794,137.878295898438,-85.6306,27.3592,17.8803821928013,63,63,63,63,61,63,0,7819,1.11328740596807,27,-86,0.001869,51,2026-03-31 22:37:38.002414,846,1.037,0.0011,"aoml_navis",1031.30945002006
"7901009",106,0,1,0.028035,1,0.005607,1,143.149953471109,1,4.84815933096557,848,1,6.02299976348877,34.8680000305176,0.0280349999666214,0.0134304938837886,138.038101196289,-85.6306,27.3592,17.8803821928013,63,63,63,63,61,63,0,7819,1.11328740596807,27,-86,0.001869,51,2026-03-31 22:37:38.002414,848,1.037,0.0011,"aoml_navis",1031.31924069917
"7901009",106,0,1,0.029904,1,0.007476,1,143.355283817962,1,4.84811330740674,850,1,6.01800012588501,34.8680000305176,0.0299040004611015,0.0151093062013388,138.236099243164,-85.6306,27.3592,17.8803821928013,63,63,63,63,61,63,0,7819,1.11328740596807,27,-86,0.001869,51,2026-03-31 22:37:38.002414,850,1.037,0.0011,"aoml_navis",1031.32903110189
"7901009",106,0,1,0.029904,1,0.007476,1,143.578969837006,1,4.84806244368078,852,1,6.00600004196167,34.8680000305176,0.0299040004611015,0.0151093062013388,138.451797485352,-85.6306,27.3592,17.8803821928013,63,63,63,63,61,63,0,7819,1.11328740596807,27,-86,0.001869,51,2026-03-31 22:37:38.002414,852,1.037,0.0011,"aoml_navis",1031.33985134974
"7901009",106,0,1,0.031773,1,0.009345,1,143.981861017741,1,4.84801089398595,854,1,5.99300003051758,34.8680000305176,0.0317730009555817,0.0167881175875664,138.840301513672,-85.6306,27.3592,17.8803821928013,63,63,63,63,61,63,0,7819,1.11328740596807,27,-86,0.001869,51,2026-03-31 22:37:38.002414,854,1.037,0.0011,"aoml_navis",1031.3508177555
"7901009",106,0,1,0.026166,1,0.003738,1,144.388170151229,1,4.84795083292823,856,1,5.97300004959106,34.8689994812012,0.0261659994721413,0.0117516815662384,139.23210144043,-85.6306,27.3592,17.8803821928013,63,63,63,63,61,63,0,7819,1.11328740596807,27,-86,0.001869,51,2026-03-31 22:37:38.002414,856,1.037,0.0011,"aoml_navis",1031.36359511714
"7901009",106,0,1,0.029904,1,0.007476,1,144.639342206992,1,4.84789447087913,858,1,5.95300006866455,34.8689994812012,0.0299040004611015,0.0151093062013388,139.474304199219,-85.6306,27.3592,17.8803821928013,63,63,63,63,61,63,0,7819,1.11328740596807,27,-86,0.001869,51,2026-03-31 22:37:38.002414,858,1.037,0.0011,"aoml_navis",1031.37558584135
"7901009",106,0,1,0.029904,1,0.007476,1,144.813562854253,1,4.8478427065225,860,1,5.94500017166138,34.8699989318848,0.0299040004611015,0.0151093062013388,139.642303466797,-85.6306,27.3592,17.8803821928013,63,63,63,63,61,63,0,7819,1.11328740596807,27,-86,0.001869,51,2026-03-31 22:37:38.002414,860,1.037,0.0011,"aoml_navis",1031.38659867672
"7901009",106,0,1,0.026166,1,0.003738,1,145.002404743844,1,4.84779600732977,862,1,5.93900012969971,34.8699989318848,0.0261659994721413,0.0117516815662384,139.824401855469,-85.6306,27.3592,17.8803821928013,63,63,63,63,61,63,0,7819,1.11328740596807,27,-86,0.001869,51,2026-03-31 22:37:38.002414,862,1.037,0.0011,"aoml_navis",1031.39653410335
"7901009",106,0,1,0.028035,1,0.005607,1,145.206690716245,1,4.84774862116292,864,1,5.93200016021729,34.8699989318848,0.0280349999666214,0.0134304938837886,140.021392822266,-85.6306,27.3592,17.8803821928013,63,63,63,63,61,63,0,7819,1.11328740596807,27,-86,0.001869,51,2026-03-31 22:37:38.002414,864,1.037,0.0011,"aoml_navis",1031.40661588194
"7901009",106,0,1,0.029904,1,0.007476,1,145.458495726222,1,4.84769917077032,866,1,5.92199993133545,34.8699989318848,0.0299040004611015,0.0151093062013388,140.264205932617,-85.6306,27.3592,17.8803821928013,63,63,63,63,61,63,0,7819,1.11328740596807,27,-86,0.001869,51,2026-03-31 22:37:38.002414,866,1.037,0.0011,"aoml_navis",1031.41713705091
"7901009",106,0,1,0.028035,1,0.005607,1,145.666310418363,1,4.84765178957371,868,1,5.91499996185303,34.8699989318848,0.0280349999666214,0.0134304938837886,140.464599609375,-85.6306,27.3592,17.8803821928013,63,63,63,63,61,63,0,7819,1.11328740596807,27,-86,0.001869,51,2026-03-31 22:37:38.002414,868,1.037,0.0011,"aoml_navis",1031.42721817478
"7901009",106,0,1,0.029904,1,0.007476,1,145.947753509387,1,4.84760647585846,870,1,5.91099977493286,34.8699989318848,0.0299040004611015,0.0151093062013388,140.735992431641,-85.6306,27.3592,17.8803821928013,63,63,63,63,61,63,0,7819,1.11328740596807,27,-86,0.001869,51,2026-03-31 22:37:38.002414,870,1.037,0.0011,"aoml_navis",1031.43685959256
"7901009",106,0,1,0.029904,1,0.007476,1,146.353556279504,1,4.84755152976239,872,1,5.89300012588501,34.8699989318848,0.0299040004611015,0.0151093062013388,141.127304077148,-85.6306,27.3592,17.8803821928013,63,63,63,63,61,63,0,7819,1.11328740596807,27,-86,0.001869,51,2026-03-31 22:37:38.002414,872,1.037,0.0011,"aoml_navis",1031.44855073775
"7901009",106,0,1,0.031773,1,0.009345,1,146.698579621271,1,4.84749084978845,874,1,5.87200021743774,34.8709983825684,0.0317730009555817,0.0167881175875664,141.460006713867,-85.6306,27.3592,17.8803821928013,63,63,63,63,61,63,0,7819,1.11328740596807,27,-86,0.001869,51,2026-03-31 22:37:38.002414,874,1.037,0.0011,"aoml_navis",1031.4614622157
"7901009",106,0,1,0.029904,1,0.007476,1,146.923294190912,1,4.8474400474151,876,1,5.8600001335144,34.8709983825684,0.0299040004611015,0.0151093062013388,141.676696777344,-85.6306,27.3592,17.8803821928013,63,63,63,63,61,63,0,7819,1.11328740596807,27,-86,0.001869,51,2026-03-31 22:37:38.002414,876,1.037,0.0011,"aoml_navis",1031.47227218751
"7901009",106,0,1,0.029904,1,0.007476,1,147.160256424583,1,4.84739268168876,878,1,5.85300016403198,34.8709983825684,0.0299040004611015,0.0151093062013388,141.905197143555,-85.6306,27.3592,17.8803821928013,63,63,63,63,61,63,0,7819,1.11328740596807,27,-86,0.001869,51,2026-03-31 22:37:38.002414,878,1.037,0.0011,"aoml_navis",1031.48235109726
"7901009",106,0,1,0.031773,1,0.009345,1,147.4662897868,1,4.84733956125138,880,1,5.84299993515015,34.8720016479492,0.0317730009555817,0.0167881175875664,142.200302124023,-85.6306,27.3592,17.8803821928013,63,63,63,63,61,63,0,7819,1.11328740596807,27,-86,0.001869,51,2026-03-31 22:37:38.002414,880,1.037,0.0011,"aoml_navis",1031.49365478106
"7901009",106,0,1,0.031773,1,0.009345,1,147.754378897066,1,4.84729151463367,882,1,5.83500003814697,34.8720016479492,0.0317730009555817,0.0167881175875664,142.478103637695,-85.6306,27.3592,17.8803821928013,63,63,63,63,61,63,0,7819,1.11328740596807,27,-86,0.001869,51,2026-03-31 22:37:38.002414,882,1.037,0.0011,"aoml_navis",1031.50387900239
"7901009",106,0,1,0.029904,1,0.007476,1,148.13517997575,1,4.8472427849639,884,1,5.82600021362305,34.8720016479492,0.0299040004611015,0.0151093062013388,142.845306396484,-85.6306,27.3592,17.8803821928013,63,63,63,63,61,63,0,7819,1.11328740596807,27,-86,0.001869,51,2026-03-31 22:37:38.002414,884,1.037,0.0011,"aoml_navis",1031.51424878282
"7901009",106,0,1,0.029904,1,0.007476,1,148.481643288353,1,4.84718789132201,886,1,5.80800008773804,34.8720016479492,0.0299040004611015,0.0151093062013388,143.179397583008,-85.6306,27.3592,17.8803821928013,63,63,63,63,61,63,0,7819,1.11328740596807,27,-86,0.001869,51,2026-03-31 22:37:38.002414,886,1.037,0.0011,"aoml_navis",1031.52593051975
"7901009",106,0,1,0.026166,1,0.003738,1,148.758117688801,1,4.8471405395031,888,1,5.80100011825562,34.8720016479492,0.0261659994721413,0.0117516815662384,143.445999145508,-85.6306,27.3592,17.8803821928013,63,63,63,63,61,63,0,7819,1.11328740596807,27,-86,0.001869,51,2026-03-31 22:37:38.002414,888,1.037,0.0011,"aoml_navis",1031.53600751848
"7901009",106,0,1,0.033642,1,0.011214,1,148.985854614811,1,4.84708882137385,890,1,5.79300022125244,34.8730010986328,0.0336420014500618,0.018466928973794,143.665603637695,-85.6306,27.3592,17.8803821928013,63,63,63,63,61,63,0,7819,1.11328740596807,27,-86,0.001869,51,2026-03-31 22:37:38.002414,890,1.037,0.0011,"aoml_navis",1031.54701394203
"7901009",106,0,1,0.029904,1,0.007476,1,149.295511639901,1,4.8470401051745,892,1,5.78399991989136,34.8730010986328,0.0299040004611015,0.0151093062013388,143.964202880859,-85.6306,27.3592,17.8803821928013,63,63,63,63,61,63,0,7819,1.11328740596807,27,-86,0.001869,51,2026-03-31 22:37:38.002414,892,1.037,0.0011,"aoml_navis",1031.55738172296
"7901009",106,0,1,0.031773,1,0.009345,1,149.392258691431,1,4.84699002398169,894,1,5.77299976348877,34.8730010986328,0.0317730009555817,0.0167881175875664,144.057495117188,-85.6306,27.3592,17.8803821928013,63,63,63,63,61,63,0,7819,1.11328740596807,27,-86,0.001869,51,2026-03-31 22:37:38.002414,894,1.037,0.0011,"aoml_navis",1031.56804021903
"7901009",106,0,1,0.031773,1,0.009345,1,149.500841986753,1,4.84694678642873,896,1,5.77199983596802,34.8730010986328,0.0317730009555817,0.0167881175875664,144.162200927734,-85.6306,27.3592,17.8803821928013,63,63,63,63,61,63,0,7819,1.11328740596807,27,-86,0.001869,51,2026-03-31 22:37:38.002414,896,1.037,0.0011,"aoml_navis",1031.57724239924
"7901009",106,0,1,0.031773,1,0.009345,1,149.642813616837,1,4.84690149849723,898,1,5.76800012588501,34.8730010986328,0.0317730009555817,0.0167881175875664,144.299102783203,-85.6306,27.3592,17.8803821928013,63,63,63,63,61,63,0,7819,1.11328740596807,27,-86,0.001869,51,2026-03-31 22:37:38.002414,898,1.037,0.0011,"aoml_navis",1031.58688113432
"7901009",106,0,1,0.029904,1,0.007476,1,149.844820954069,1,4.84685758034092,900,1,5.76599979400635,34.8730010986328,0.0299040004611015,0.0151093062013388,144.493896484375,-85.6306,27.3592,17.8803821928013,63,63,63,63,61,63,0,7819,1.11328740596807,27,-86,0.001869,51,2026-03-31 22:37:38.002414,900,1.037,0.0011,"aoml_navis",1031.59622850901
"7901009",106,0,1,0.028035,1,0.005607,1,150.128558504116,1,4.84680450770966,902,1,5.75600004196167,34.8740005493164,0.0280349999666214,0.0134304938837886,144.767501831055,-85.6306,27.3592,17.8803821928013,63,63,63,63,61,63,0,7819,1.11328740596807,27,-86,0.001869,51,2026-03-31 22:37:38.002414,902,1.037,0.0011,"aoml_navis",1031.60752451366
"7901009",106,0,1,0.031773,1,0.009345,1,150.37101161559,1,4.84675648959509,904,1,5.7480001449585,34.8740005493164,0.0317730009555817,0.0167881175875664,145.00129699707,-85.6306,27.3592,17.8803821928013,63,63,63,63,61,63,0,7819,1.11328740596807,27,-86,0.001869,51,2026-03-31 22:37:38.002414,904,1.037,0.0011,"aoml_navis",1031.61774492568
"7901009",106,0,1,0.028035,1,0.005607,1,150.652470530469,1,4.84670847375047,906,1,5.73999977111816,34.8740005493164,0.0280349999666214,0.0134304938837886,145.272705078125,-85.6306,27.3592,17.8803821928013,63,63,63,63,61,63,0,7819,1.11328740596807,27,-86,0.001869,51,2026-03-31 22:37:38.002414,906,1.037,0.0011,"aoml_navis",1031.62796505706
"7901009",106,0,1,0.029904,1,0.007476,1,150.905493977307,1,4.84665977753909,908,1,5.73099994659424,34.8740005493164,0.0299040004611015,0.0151093062013388,145.516693115234,-85.6306,27.3592,17.8803821928013,63,63,63,63,61,63,0,7819,1.11328740596807,27,-86,0.001869,51,2026-03-31 22:37:38.002414,908,1.037,0.0011,"aoml_navis",1031.63833021074
"7901009",106,0,1,0.029904,1,0.007476,1,151.15449816489,1,4.84660671802693,910,1,5.72100019454956,34.875,0.0299040004611015,0.0151093062013388,145.756805419922,-85.6306,27.3592,17.8803821928013,63,63,63,63,61,63,0,7819,1.11328740596807,27,-86,0.001869,51,2026-03-31 22:37:38.002414,910,1.037,0.0011,"aoml_navis",1031.64962434491
"7901009",106,0,1,0.029904,1,0.007476,1,151.385653043653,1,4.84655666254737,912,1,5.71000003814697,34.875,0.0299040004611015,0.0151093062013388,145.979705810547,-85.6306,27.3592,17.8803821928013,63,63,63,63,61,63,0,7819,1.11328740596807,27,-86,0.001869,51,2026-03-31 22:37:38.002414,912,1.037,0.0011,"aoml_navis",1031.66027927382
"7901009",106,0,1,0.029904,1,0.007476,1,151.66304522771,1,4.84650865867222,914,1,5.7020001411438,34.875,0.0299040004611015,0.0151093062013388,146.247192382812,-85.6306,27.3592,17.8803821928013,63,63,63,63,61,63,0,7819,1.11328740596807,27,-86,0.001869,51,2026-03-31 22:37:38.002414,914,1.037,0.0011,"aoml_navis",1031.67049770006
"7901009",106,0,1,0.026166,1,0.003738,1,152.020933363867,1,4.84646543442096,916,1,5.70100021362305,34.875,0.0261659994721413,0.0117516815662384,146.592300415039,-85.6306,27.3592,17.8803821928013,63,63,63,63,61,63,0,7819,1.11328740596807,27,-86,0.001869,51,2026-03-31 22:37:38.002414,916,1.037,0.0011,"aoml_navis",1031.67969887675
"7901009",106,0,1,0.028035,1,0.005607,1,152.651862123863,1,4.84642248222994,918,1,5.69500017166138,34.8740005493164,0.0280349999666214,0.0134304938837886,147.200698852539,-85.6306,27.3592,17.8803821928013,63,63,63,63,61,63,0,7819,1.11328740596807,27,-86,0.001869,51,2026-03-31 22:37:38.002414,918,1.037,0.0011,"aoml_navis",1031.68884230237
"7901009",106,0,1,0.028035,1,0.005607,1,153.354140647574,1,4.84633686205225,920,1,5.64799976348877,34.8769989013672,0.0280349999666214,0.0134304938837886,147.877899169922,-85.6306,27.3592,17.8803821928013,63,63,63,63,61,63,0,7819,1.11328740596807,27,-86,0.001869,51,2026-03-31 22:37:38.002414,920,1.037,0.0011,"aoml_navis",1031.7070691373
"7901009",106,0,1,0.031773,1,0.009345,1,153.566734144026,1,4.84627635315485,922,1,5.6269998550415,34.8779983520508,0.0317730009555817,0.0167881175875664,148.082901000977,-85.6306,27.3592,17.8803821928013,63,63,63,63,61,63,0,7819,1.11328740596807,27,-86,0.001869,51,2026-03-31 22:37:38.002414,922,1.037,0.0011,"aoml_navis",1031.71995066791
"7901009",106,0,1,0.029904,1,0.007476,1,153.723121306321,1,4.8462304094921,924,1,5.62200021743774,34.8779983520508,0.0299040004611015,0.0151093062013388,148.233703613281,-85.6306,27.3592,17.8803821928013,63,63,63,63,61,63,0,7819,1.11328740596807,27,-86,0.001869,51,2026-03-31 22:37:38.002414,924,1.037,0.0011,"aoml_navis",1031.72973167077
"7901009",106,0,1,0.028035,1,0.005607,1,153.929385260639,1,4.84619018902281,926,1,5.61999988555908,34.8769989013672,0.0280349999666214,0.0134304938837886,148.432601928711,-85.6306,27.3592,17.8803821928013,63,63,63,63,61,63,0,7819,1.11328740596807,27,-86,0.001869,51,2026-03-31 22:37:38.002414,926,1.037,0.0011,"aoml_navis",1031.73829440817
"7901009",106,0,1,0.024297,1,0.001869,1,154.071657543974,1,4.84614424843742,928,1,5.61499977111816,34.8769989013672,0.0242970008403063,0.0100728701800108,148.569793701172,-85.6306,27.3592,17.8803821928013,63,63,63,63,61,63,0,7819,1.11328740596807,27,-86,0.001869,51,2026-03-31 22:37:38.002414,928,1.037,0.0011,"aoml_navis",1031.74807510366
"7901009",106,0,1,0.024297,1,0.001869,1,154.254391425405,1,4.84608987175488,930,1,5.60300016403198,34.8779983520508,0.0242970008403063,0.0100728701800108,148.746002197266,-85.6306,27.3592,17.8803821928013,63,63,63,63,61,63,0,7819,1.11328740596807,27,-86,0.001869,51,2026-03-31 22:37:38.002414,930,1.037,0.0011,"aoml_navis",1031.75965207376
"7901009",106,0,1,0.026166,1,0.003738,1,154.314854376648,1,4.84604189809298,932,1,5.59499979019165,34.8779983520508,0.0261659994721413,0.0117516815662384,148.804306030273,-85.6306,27.3592,17.8803821928013,63,63,63,63,61,63,0,7819,1.11328740596807,27,-86,0.001869,51,2026-03-31 22:37:38.002414,932,1.037,0.0011,"aoml_navis",1031.76986603595
"7901009",106,0,1,0.029904,1,0.007476,1,154.453392230123,1,4.84599732163277,934,1,5.59200000762939,34.8779983520508,0.0299040004611015,0.0151093062013388,148.937896728516,-85.6306,27.3592,17.8803821928013,63,63,63,63,61,63,0,7819,1.11328740596807,27,-86,0.001869,51,2026-03-31 22:37:38.002414,934,1.037,0.0011,"aoml_navis",1031.77935688898
"7901009",106,0,1,0.029904,1,0.007476,1,154.459721772258,1,4.84595342597281,936,1,5.59000015258789,34.8779983520508,0.0299040004611015,0.0151093062013388,148.944000244141,-85.6306,27.3592,17.8803821928013,63,63,63,63,61,63,0,7819,1.11328740596807,27,-86,0.001869,51,2026-03-31 22:37:38.002414,936,1.037,0.0011,"aoml_navis",1031.78870296226
"7901009",106,0,1,0.028035,1,0.005607,1,154.504107686478,1,4.84590953194245,938,1,5.58799982070923,34.8779983520508,0.0280349999666214,0.0134304938837886,148.986801147461,-85.6306,27.3592,17.8803821928013,63,63,63,63,61,63,0,7819,1.11328740596807,27,-86,0.001869,51,2026-03-31 22:37:38.002414,938,1.037,0.0011,"aoml_navis",1031.79804885788
"7901009",106,0,1,0.028035,1,0.005607,1,154.597958972482,1,4.84586631942625,940,1,5.58699989318848,34.8779983520508,0.0280349999666214,0.0134304938837886,149.077301025391,-85.6306,27.3592,17.8803821928013,63,63,63,63,61,63,0,7819,1.11328740596807,27,-86,0.001869,51,2026-03-31 22:37:38.002414,940,1.037,0.0011,"aoml_navis",1031.80724981122
"7901009",106,0,1,0.031773,1,0.009345,1,154.765232947249,1,4.84582242972374,942,1,5.58500003814697,34.8779983520508,0.0317730009555817,0.0167881175875664,149.23860168457,-85.6306,27.3592,17.8803821928013,63,63,63,63,61,63,0,7819,1.11328740596807,27,-86,0.001869,51,2026-03-31 22:37:38.002414,942,1.037,0.0011,"aoml_navis",1031.8165951213
"7901009",106,0,1,0.033642,1,0.011214,1,154.950023929875,1,4.84577786221783,944,1,5.58199977874756,34.8779983520508,0.0336420014500618,0.018466928973794,149.416793823242,-85.6306,27.3592,17.8803821928013,63,63,63,63,61,63,0,7819,1.11328740596807,27,-86,0.001869,51,2026-03-31 22:37:38.002414,944,1.037,0.0011,"aoml_navis",1031.82608492738
"7901009",106,0,1,0.028035,1,0.005607,1,155.251389254768,1,4.84573329684332,946,1,5.5789999961853,34.8779983520508,0.0280349999666214,0.0134304938837886,149.707397460938,-85.6306,27.3592,17.8803821928013,63,63,63,63,61,63,0,7819,1.11328740596807,27,-86,0.001869,51,2026-03-31 22:37:38.002414,946,1.037,0.0011,"aoml_navis",1031.83557445416
"7901009",106,0,1,0.029904,1,0.007476,1,155.617458324133,1,4.84567552763749,948,1,5.56199979782104,34.8790016174316,0.0299040004611015,0.0151093062013388,150.060394287109,-85.6306,27.3592,17.8803821928013,63,63,63,63,61,63,0,7819,1.11328740596807,27,-86,0.001869,51,2026-03-31 22:37:38.002414,948,1.037,0.0011,"aoml_navis",1031.84787579819
"7901009",106,0,1,0.031773,1,0.009345,1,155.899850846477,1,4.84562417855018,950,1,5.54899978637695,34.8790016174316,0.0317730009555817,0.0167881175875664,150.332702636719,-85.6306,27.3592,17.8803821928013,63,63,63,63,61,63,0,7819,1.11328740596807,27,-86,0.001869,51,2026-03-31 22:37:38.002414,950,1.037,0.0011,"aoml_navis",1031.85881029181
"7901009",106,0,1,0.031773,1,0.009345,1,156.156403013056,1,4.84557186524295,952,1,5.53999996185303,34.8800010681152,0.0317730009555817,0.0167881175875664,150.580093383789,-85.6306,27.3592,17.8803821928013,63,63,63,63,61,63,0,7819,1.11328740596807,27,-86,0.001869,51,2026-03-31 22:37:38.002414,952,1.037,0.0011,"aoml_navis",1031.86995034884
"7901009",106,0,1,0.029904,1,0.007476,1,156.410375891214,1,4.84552827563888,954,1,5.53299999237061,34.8790016174316,0.0299040004611015,0.0151093062013388,150.824996948242,-85.6306,27.3592,17.8803821928013,63,63,63,63,61,63,0,7819,1.11328740596807,27,-86,0.001869,51,2026-03-31 22:37:38.002414,954,1.037,0.0011,"aoml_navis",1031.87923288731
"7901009",106,0,1,0.026166,1,0.003738,1,156.832034164379,1,4.84548100582776,956,1,5.52600002288818,34.8790016174316,0.0261659994721413,0.0117516815662384,151.231597900391,-85.6306,27.3592,17.8803821928013,63,63,63,63,61,63,0,7819,1.11328740596807,27,-86,0.001869,51,2026-03-31 22:37:38.002414,956,1.037,0.0011,"aoml_navis",1031.88929932578
"7901009",106,0,1,0.033642,1,0.011214,1,157.294961052263,1,4.84542260406892,958,1,5.50799989700317,34.8800010681152,0.0336420014500618,0.018466928973794,151.677993774414,-85.6306,27.3592,17.8803821928013,63,63,63,63,61,63,0,7819,1.11328740596807,27,-86,0.001869,51,2026-03-31 22:37:38.002414,958,1.037,0.0011,"aoml_navis",1031.90173666199
"7901009",106,0,1,0.029904,1,0.007476,1,157.650665496383,1,4.84535880372505,960,1,5.48199987411499,34.8810005187988,0.0299040004611015,0.0151093062013388,152.02099609375,-85.6306,27.3592,17.8803821928013,63,63,63,63,61,63,0,7819,1.11328740596807,27,-86,0.001869,51,2026-03-31 22:37:38.002414,960,1.037,0.0011,"aoml_navis",1031.91532403257
"7901009",106,0,1,0.033642,1,0.011214,1,157.748884166459,1,4.84531357340933,962,1,5.47800016403198,34.8810005187988,0.0336420014500618,0.018466928973794,152.115707397461,-85.6306,27.3592,17.8803821928013,63,63,63,63,61,63,0,7819,1.11328740596807,27,-86,0.001869,51,2026-03-31 22:37:38.002414,962,1.037,0.0011,"aoml_navis",1031.92495681592
"7901009",106,0,1,0.029904,1,0.007476,1,157.975988138256,1,4.84526398621713,964,1,5.47300004959106,34.8819999694824,0.0299040004611015,0.0151093062013388,152.334701538086,-85.6306,27.3592,17.8803821928013,63,63,63,63,61,63,0,7819,1.11328740596807,27,-86,0.001869,51,2026-03-31 22:37:38.002414,964,1.037,0.0011,"aoml_navis",1031.93551769791
"7901009",106,0,1,0.031773,1,0.009345,1,158.09192952631,1,4.84521547831053,965.900024414062,1,5.46099996566772,34.8819999694824,0.0317730009555817,0.0167881175875664,152.446502685547,-85.6306,27.3592,17.8803821928013,63,63,63,63,61,63,0,7819,1.11328740596807,27,-86,0.001869,51,2026-03-31 22:37:38.002414,965.900024414062,1.037,0.0011,"aoml_navis",1031.94584892712
"7901009",106,0,1,0.024297,1,0.001869,1,158.102294151556,1,4.84517015466223,968,1,5.46000003814697,34.8819999694824,0.0242970008403063,0.0100728701800108,152.456497192383,-85.6306,27.3592,17.8803821928013,63,63,63,63,61,63,0,7819,1.11328740596807,27,-86,0.001869,51,2026-03-31 22:37:38.002414,968,1.037,0.0011,"aoml_navis",1031.95550215895
"7901009",106,0,1,0.029904,1,0.007476,1,158.217206989013,1,4.84512763476862,970,1,5.46000003814697,34.8819999694824,0.0299040004611015,0.0151093062013388,152.567306518555,-85.6306,27.3592,17.8803821928013,63,63,63,63,61,63,0,7819,1.11328740596807,27,-86,0.001869,51,2026-03-31 22:37:38.002414,970,1.037,0.0011,"aoml_navis",1031.96455839884
"7901009",106,0,1,0.033642,1,0.011214,1,158.318622077868,1,4.84508444132153,972,1,5.45900011062622,34.8819999694824,0.0336420014500618,0.018466928973794,152.665100097656,-85.6306,27.3592,17.8803821928013,63,63,63,63,61,63,0,7819,1.11328740596807,27,-86,0.001869,51,2026-03-31 22:37:38.002414,972,1.037,0.0011,"aoml_navis",1031.97375826049
"7901009",106,0,1,0.031773,1,0.009345,1,158.467746090563,1,4.84504057355309,974,1,5.45699977874756,34.8819999694824,0.0317730009555817,0.0167881175875664,152.808898925781,-85.6306,27.3592,17.8803821928013,63,63,63,63,61,63,0,7819,1.11328740596807,27,-86,0.001869,51,2026-03-31 22:37:38.002414,974,1.037,0.0011,"aoml_navis",1031.98310191513
"7901009",106,0,1,0.024297,1,0.001869,1,158.701385314614,1,4.84499535561914,976,1,5.45300006866455,34.8819999694824,0.0242970008403063,0.0100728701800108,153.034194946289,-85.6306,27.3592,17.8803821928013,63,63,63,63,61,63,0,7819,1.11328740596807,27,-86,0.001869,51,2026-03-31 22:37:38.002414,976,1.037,0.0011,"aoml_navis",1031.99273332658
"7901009",106,0,1,0.028035,1,0.005607,1,162.553338947731,1,4.84445641037044,998.299987792969,1,5.37309980392456,34.8849983215332,0.0280349999666214,0.0134304938837886,156.748596191406,-85.6306,27.3592,17.8803821928013,63,63,63,63,61,63,0,7819,1.11328740596807,27,-86,0.001869,51,2026-03-31 22:37:38.002414,998.299987792969,1.037,0.0011,"aoml_navis",1032.10754240591
"7901009",106,0,1,0.024297,1,0.001869,1,169.421082050247,1,4.84318328064691,1049.90002441406,1,5.14799976348877,34.8919982910156,0.0242970008403063,0.0100728701800108,163.37109375,-85.6306,27.3592,17.8803821928013,63,63,63,63,61,63,0,7819,1.11328740596807,27,-86,0.001869,51,2026-03-31 22:37:38.002414,1049.90002441406,1.037,0.0011,"aoml_navis",1032.37885297047
"7901009",106,0,1,0.033642,1,0.011214,1,175.950352887105,1,4.84200245598621,1099,1,4.97359991073608,34.8979988098145,0.0336420014500618,0.018466928973794,169.667205810547,-85.6306,27.3592,17.8803821928013,63,63,63,63,61,63,0,7819,1.11328740596807,27,-86,0.001869,51,2026-03-31 22:37:38.002414,1099,1.037,0.0011,"aoml_navis",1032.63062037865
"7901009",106,0,1,0.029904,1,0.007476,1,185.280113817647,1,4.84073673594503,1149.5,1,4.73019981384277,34.9070014953613,0.0299040004611015,0.0151093062013388,178.663803100586,-85.6306,27.3592,17.8803821928013,63,63,63,63,61,63,0,7819,1.11328740596807,27,-86,0.001869,51,2026-03-31 22:37:38.002414,1149.5,1.037,0.0011,"aoml_navis",1032.90062499627
"7901009",106,0,1,0.031773,1,0.009345,1,191.469124293194,1,4.83952688887533,1199.69995117188,1,4.55380010604858,34.9150009155273,0.0317730009555817,0.0167881175875664,184.631805419922,-85.6306,27.3592,17.8803821928013,63,63,63,63,61,63,0,7819,1.11328740596807,27,-86,0.001869,51,2026-03-31 22:37:38.002414,1199.69995117188,1.037,0.0011,"aoml_navis",1033.15884275662
"7901009",106,0,1,0.033642,1,0.011214,1,193.141025376534,1,4.83841699070572,1249.5,1,4.48159980773926,34.9169998168945,0.0336420014500618,0.018466928973794,186.244003295898,-85.6306,27.3592,17.8803821928013,63,63,63,63,61,63,0,7819,1.11328740596807,27,-86,0.001869,51,2026-03-31 22:37:38.002414,1249.5,1.037,0.0011,"aoml_navis",1033.39584198813
"7901009",106,0,1,0.029904,1,0.007476,1,195.267878124667,1,4.8373342986394,1298.80004882812,1,4.43300008773804,34.9189987182617,0.0299040004611015,0.0151093062013388,188.294906616211,-85.6306,27.3592,17.8803821928013,63,63,63,63,61,63,0,7819,1.11328740596807,27,-86,0.001869,51,2026-03-31 22:37:38.002414,1298.80004882812,1.037,0.0011,"aoml_navis",1033.62713662489
"7901009",106,0,1,0.029904,1,0.007476,1,196.793962381077,1,4.8362259867165,1349.80004882812,1,4.39820003509521,34.9210014343262,0.0299040004611015,0.0151093062013388,189.766494750977,-85.6306,27.3592,17.8803821928013,63,63,63,63,61,63,0,7819,1.11328740596807,27,-86,0.001869,51,2026-03-31 22:37:38.002414,1349.80004882812,1.037,0.0011,"aoml_navis",1033.86401167632
"7901009",106,0,1,0.028035,1,0.005607,1,198.230562735556,1,4.83516322640327,1399.09997558594,1,4.37039995193481,34.9220008850098,0.0280349999666214,0.0134304938837886,191.151794433594,-85.6306,27.3592,17.8803821928013,63,63,63,63,61,63,0,7819,1.11328740596807,27,-86,0.001869,51,2026-03-31 22:37:38.002414,1399.09997558594,1.037,0.0011,"aoml_navis",1034.09125315493
"7901009",106,0,1,0.031773,1,0.009345,1,199.260964723534,1,4.83408718911822,1449.40002441406,1,4.35230016708374,34.9230003356934,0.0317730009555817,0.0167881175875664,192.145401000977,-85.6306,27.3592,17.8803821928013,63,63,63,63,61,63,0,7819,1.11328740596807,27,-86,0.001869,51,2026-03-31 22:37:38.002414,1449.40002441406,1.037,0.0011,"aoml_navis",1034.32143533846
"7901009",106,0,1,0.024297,1,0.001869,1,199.647367447008,1,4.83303668969732,1498.90002441406,1,4.34499979019165,34.923999786377,0.0242970008403063,0.0100728701800108,192.518005371094,-85.6306,27.3592,17.8803821928013,63,63,63,63,61,63,0,7819,1.11328740596807,27,-86,0.001869,51,2026-03-31 22:37:38.002414,1498.90002441406,1.037,0.0011,"aoml_navis",1034.54625342667
"7901009",106,0,1,0.028035,1,0.005607,1,200.319675588711,1,4.83197972802421,1548.69995117188,1,4.32989978790283,34.923999786377,0.0280349999666214,0.0134304938837886,193.166305541992,-85.6306,27.3592,17.8803821928013,63,63,63,63,61,63,0,7819,1.11328740596807,27,-86,0.001869,51,2026-03-31 22:37:38.002414,1548.69995117188,1.037,0.0011,"aoml_navis",1034.77255316311
"7901009",106,0,1,0.035511,1,0.013083,1,200.680253780275,1,4.83095915942107,1597,1,4.3253002166748,34.9249992370605,0.0355109982192516,0.0201457403600216,193.514007568359,-85.6306,27.3592,17.8803821928013,63,63,63,63,61,63,0,7819,1.11328740596807,27,-86,0.001869,51,2026-03-31 22:37:38.002414,1597,1.037,0.0011,"aoml_navis",1034.99115496542
"7901009",106,0,1,0.035511,1,0.013083,1,201.529061204406,1,4.82985370576098,1649.5,1,4.31780004501343,34.9249992370605,0.0355109982192516,0.0201457403600216,194.332504272461,-85.6306,27.3592,17.8803821928013,63,63,63,63,61,63,0,7819,1.11328740596807,27,-86,0.001869,51,2026-03-31 22:37:38.002414,1649.5,1.037,0.0011,"aoml_navis",1035.22804304322
"7901009",106,0,1,0.026166,1,0.003738,1,202.079414893026,1,4.82881009369259,1699,1,4.31190013885498,34.9259986877441,0.0261659994721413,0.0117516815662384,194.863204956055,-85.6306,27.3592,17.8803821928013,63,63,63,63,61,63,0,7819,1.11328740596807,27,-86,0.001869,51,2026-03-31 22:37:38.002414,1699,1.037,0.0011,"aoml_navis",1035.45177859262
"7901009",106,0,1,0.03738,1,0.014952,1,202.634436618971,1,4.82776359634287,1748.90002441406,1,4.30649995803833,34.9259986877441,0.0373799987137318,0.0218245536088943,195.398406982422,-85.6306,27.3592,17.8803821928013,63,63,63,63,61,63,0,7819,1.11328740596807,27,-86,0.001869,51,2026-03-31 22:37:38.002414,1748.90002441406,1.037,0.0011,"aoml_navis",1035.67622983603
"7901009",106,0,1,0.028035,1,0.005607,1,202.940153504082,1,4.82670045475613,1799.59997558594,1,4.30420017242432,34.9269981384277,0.0280349999666214,0.0134304938837886,195.693206787109,-85.6306,27.3592,17.8803821928013,63,63,63,63,61,63,0,7819,1.11328740596807,27,-86,0.001869,51,2026-03-31 22:37:38.002414,1799.59997558594,1.037,0.0011,"aoml_navis",1035.90435057413
"7901009",106,0,1,0.026166,1,0.003738,1,203.028703798548,1,4.82565438238512,1849.69995117188,1,4.30100011825562,34.9269981384277,0.0261659994721413,0.0117516815662384,195.778594970703,-85.6306,27.3592,17.8803821928013,63,63,63,63,61,63,0,7819,1.11328740596807,27,-86,0.001869,51,2026-03-31 22:37:38.002414,1849.69995117188,1.037,0.0011,"aoml_navis",1036.12890683827
"7901009",106,0,1,0.028035,1,0.005607,1,203.207798193252,1,4.82463181699445,1898.90002441406,1,4.3024001121521,34.9269981384277,0.0280349999666214,0.0134304938837886,195.951293945312,-85.6306,27.3592,17.8803821928013,63,63,63,63,61,63,0,7819,1.11328740596807,27,-86,0.001869,51,2026-03-31 22:37:38.002414,1898.90002441406,1.037,0.0011,"aoml_navis",1036.34851106935
"7901009",106,0,1,0.031773,1,0.009345,1,203.424854016909,1,4.82358620982773,1949.19995117188,1,4.30140018463135,34.9269981384277,0.0317730009555817,0.0167881175875664,196.160598754883,-85.6306,27.3592,17.8803821928013,63,63,63,63,61,63,0,7819,1.11328740596807,27,-86,0.001869,51,2026-03-31 22:37:38.002414,1949.19995117188,1.037,0.0011,"aoml_navis",1036.5731599889
"7901009",106,0,1,0.029904,1,0.007476,1,201.662931020557,1,4.82254667799149,1999.40002441406,1,4.30380010604858,34.9269981384277,0.0299040004611015,0.0151093062013388,194.46159362793,-85.6306,27.3592,17.8803821928013,63,63,63,63,61,63,0,7819,1.11328740596807,27,-86,0.001869,51,2026-03-31 22:37:38.002414,1999.40002441406,1.037,0.0011,"aoml_navis",1036.79660019017
"7901009",107,0.0895449342773436,1,0.121485,1,0.099057,1,198.313382946365,1,4.8834362693808,2.40000009536743,1,26.2430000305176,36.1949996948242,0.121485002338886,0.0979925692081451,191.231597900391,-85.4043,26.9211,29.4034326910937,63,63,63,63,61,63,0.099057,7820,1.10622673185727,27,-85,0.001869,51,2026-04-11 05:33:26.000584,2.40000009536743,1.037,0.0011,"aoml_navis",1023.86920278863
"7901009",107,0.0946135154628536,1,0.127092,1,0.104664,1,198.237681598976,1,4.88340499661704,4,1,26.2439994812012,36.1949996948242,0.127092003822327,0.103061154484749,191.158599853516,-85.4043,26.9211,29.4034326910937,63,63,63,63,61,63,0.104664,7820,1.10622673185727,27,-85,0.001869,51,2026-04-11 05:33:26.000584,4,1.037,0.0011,"aoml_navis",1023.87575952921
"7901009",107,0.0929239884010169,1,0.125223,1,0.102795,1,198.218598023527,1,4.8833640299579,6,1,26.2439994812012,36.1949996948242,0.125222995877266,0.101371631026268,191.140197753906,-85.4043,26.9211,29.4034326910937,63,63,63,63,61,63,0.102795,7820,1.10622673185727,27,-85,0.001869,51,2026-04-11 05:33:26.000584,6,1.037,0.0011,"aoml_navis",1023.88434884776
"7901009",107,0.10644020489571,1,0.140175,1,0.117747,1,198.248884892026,1,4.88332306565005,8,1,26.2439994812012,36.1949996948242,0.140174999833107,0.114887848496437,191.169403076172,-85.4043,26.9211,29.4034326910937,63,63,63,63,61,63,0.117747,7820,1.10622673185727,27,-85,0.001869,51,2026-04-11 05:33:26.000584,8,1.037,0.0011,"aoml_navis",1023.89293781742
"7901009",107,0.0912344613391802,1,0.123354,1,0.100926,1,198.157628690022,1,4.88328210369329,10,1,26.2439994812012,36.1949996948242,0.123354002833366,0.0996821001172066,191.081405639648,-85.4043,26.9211,29.4034326910937,63,63,63,63,61,63,0.100926,7820,1.10622673185727,27,-85,0.001869,51,2026-04-11 05:33:26.000584,10,1.037,0.0011,"aoml_navis",1023.90152643822
"7901009",107,0.0861658801536702,1,0.117747,1,0.095319,1,198.178057293592,1,4.8832411440874,12,1,26.2439994812012,36.1949996948242,0.117747001349926,0.0946135148406029,191.101104736328,-85.4043,26.9211,29.4034326910937,63,63,63,63,61,63,0.095319,7820,1.10622673185727,27,-85,0.001869,51,2026-04-11 05:33:26.000584,12,1.037,0.0011,"aoml_navis",1023.91011471018
"7901009",107,0.0878554072155069,1,0.119616,1,0.097188,1,198.174417805737,1,4.88320169234304,14,1,26.2450008392334,36.1949996948242,0.119616001844406,0.0963030457496643,191.097595214844,-85.4043,26.9211,29.4034326910937,63,63,63,63,61,63,0.097188,7820,1.10622673185727,27,-85,0.001869,51,2026-04-11 05:33:26.000584,14,1.037,0.0011,"aoml_navis",1023.91838695504
"7901009",107,0.0912344613391802,1,0.123354,1,0.100926,1,198.13833940439,1,4.88316224023982,16,1,26.246000289917,36.1949996948242,0.123354002833366,0.0996821001172066,191.062805175781,-85.4043,26.9211,29.4034326910937,63,63,63,63,61,63,0.100926,7820,1.10622673185727,27,-85,0.001869,51,2026-04-11 05:33:26.000584,16,1.037,0.0011,"aoml_navis",1023.92665940881
"7901009",107,0.0912344613391802,1,0.123354,1,0.100926,1,198.036702750068,1,4.88311978500502,18,1,26.2450008392334,36.1949996948242,0.123354002833366,0.0996821001172066,190.964797973633,-85.4043,26.9211,29.4034326910937,63,63,63,63,61,63,0.100926,7820,1.10622673185727,27,-85,0.001869,51,2026-04-11 05:33:26.000584,18,1.037,0.0011,"aoml_navis",1023.93556171894
"7901009",107,0.1013716237102,1,0.134568,1,0.11214,1,198.048839650872,1,4.88307883486112,20,1,26.2450008392334,36.1949996948242,0.134568005800247,0.109819263219833,190.976501464844,-85.4043,26.9211,29.4034326910937,63,63,63,63,61,63,0.11214,7820,1.10622673185727,27,-85,0.001869,51,2026-04-11 05:33:26.000584,20,1.037,0.0011,"aoml_navis",1023.94414857777
"7901009",107,0.0946135154628536,1,0.127092,1,0.104664,1,198.049045361055,1,4.88303788706701,22,1,26.2450008392334,36.1949996948242,0.127092003822327,0.103061154484749,190.976699829102,-85.4043,26.9211,29.4034326910937,63,63,63,63,61,63,0.104664,7820,1.10622673185727,27,-85,0.001869,51,2026-04-11 05:33:26.000584,22,1.037,0.0011,"aoml_navis",1023.95273508788
"7901009",107,0.0946135154628536,1,0.127092,1,0.104664,1,198.04075365829,1,4.88299694162246,24,1,26.2450008392334,36.1949996948242,0.127092003822327,0.103061154484749,190.968704223633,-85.4043,26.9211,29.4034326910937,63,63,63,63,61,63,0.104664,7820,1.10622673185727,27,-85,0.001869,51,2026-04-11 05:33:26.000584,24,1.037,0.0011,"aoml_navis",1023.96132124929
"7901009",107,0.0979925695865269,1,0.13083,1,0.108402,1,197.982980744553,1,4.88294638472311,26,1,26.2409992218018,36.1959991455078,0.130830004811287,0.106440208852291,190.912994384766,-85.4043,26.9211,29.4034326910937,63,63,63,63,61,63,0.108402,7820,1.10622673185727,27,-85,0.001869,51,2026-04-11 05:33:26.000584,26,1.037,0.0011,"aoml_navis",1023.97192310837
"7901009",107,0.104750677833874,1,0.138306,1,0.115878,1,197.869333780309,1,4.88289270096344,28.2999992370605,1,26.2390003204346,36.1969985961914,0.138306006789207,0.113198317587376,190.803405761719,-85.4043,26.9211,29.4034326910937,63,63,63,63,61,63,0.115878,7820,1.10622673185727,27,-85,0.001869,51,2026-04-11 05:33:26.000584,28.2999992370605,1.037,0.0011,"aoml_navis",1023.98318091517
"7901009",107,0.109819259019384,1,0.143913,1,0.121485,1,197.823697767377,1,4.88280149773644,29.6000003814697,1,26.2080001831055,36.2019996643066,0.143913000822067,0.118266902863979,190.759399414062,-85.4043,26.9211,29.4034326910937,63,63,63,63,61,63,0.121485,7820,1.10622673185727,27,-85,0.001869,51,2026-04-11 05:33:26.000584,29.6000003814697,1.037,0.0011,"aoml_navis",1024.0023073471
"7901009",107,0.150367908503464,1,0.188769,1,0.166341,1,198.88997276579,1,4.88201069709758,32.0999984741211,1,25.8579998016357,36.2620010375977,0.188768997788429,0.158815547823906,191.78759765625,-85.4043,26.9211,29.4034326910937,63,63,63,63,61,63,0.166341,7820,1.10622673185727,27,-85,0.001869,51,2026-04-11 05:33:26.000584,32.0999984741211,1.037,0.0011,"aoml_navis",1024.1681778724
"7901009",107,0.184158449740197,1,0.226149,1,0.203721,1,201.372419960243,1,4.88055279143109,33.9000015258789,1,25.2280006408691,36.3979988098145,0.226148992776871,0.192606091499329,194.181396484375,-85.4043,26.9211,29.4034326910937,63,63,63,63,61,63,0.203721,7820,1.10622673185727,27,-85,0.001869,51,2026-04-11 05:33:26.000584,33.9000015258789,1.037,0.0011,"aoml_navis",1024.47411464919
"7901009",107,0.214569936853257,1,0.259791,1,0.237363,1,201.476540960622,1,4.87989304949172,36,1,25.0330009460449,36.4900016784668,0.259790986776352,0.22301758825779,194.281799316406,-85.4043,26.9211,29.4034326910937,63,63,63,63,61,63,0.237363,7820,1.10622673185727,27,-85,0.001869,51,2026-04-11 05:33:26.000584,36,1.037,0.0011,"aoml_navis",1024.61261943452
"7901009",107,0.253429059275501,1,0.302778,1,0.28035,1,200.863651205806,1,4.87972226713777,38.0999984741211,1,24.9799995422363,36.5040016174316,0.302778005599976,0.261876702308655,193.690795898438,-85.4043,26.9211,29.4034326910937,63,63,63,63,61,63,0.28035,7820,1.10622673185727,27,-85,0.001869,51,2026-04-11 05:33:26.000584,38.0999984741211,1.037,0.0011,"aoml_navis",1024.64847921207
"7901009",107,0.321010141748967,1,0.377538,1,0.35511,1,199.892161130231,1,4.87953078655809,40,1,24.8999996185303,36.5139999389648,0.377537995576859,0.329457819461823,192.753997802734,-85.4043,26.9211,29.4034326910937,63,63,63,63,61,63,0.35511,7820,1.10622673185727,27,-85,0.001869,51,2026-04-11 05:33:26.000584,40,1.037,0.0011,"aoml_navis",1024.68868805455
"7901009",107,0.315941560563457,1,0.371931,1,0.349503,1,199.725203580838,1,4.87929704105228,42,1,24.8120002746582,36.5320014953613,0.371930986642838,0.324389219284058,192.593002319336,-85.4043,26.9211,29.4034326910937,63,63,63,63,61,63,0.349503,7820,1.10622673185727,27,-85,0.001869,51,2026-04-11 05:33:26.000584,42,1.037,0.0011,"aoml_navis",1024.7377763502
"7901009",107,0.361558791233048,1,0.422394,1,0.399966,1,199.144974273558,1,4.87906413800291,43.9000015258789,1,24.7180004119873,36.5480003356934,0.422394007444382,0.370006442070007,192.033493041992,-85.4043,26.9211,29.4034326910937,63,63,63,63,61,63,0.399966,7820,1.10622673185727,27,-85,0.001869,51,2026-04-11 05:33:26.000584,43.9000015258789,1.037,0.0011,"aoml_navis",1024.78669240175
"7901009",107,0.425760819582841,1,0.493416,1,0.470988,1,200.579407204315,1,4.87856640990541,46,1,24.4629993438721,36.5719985961914,0.493416011333466,0.434208482503891,193.416702270508,-85.4043,26.9211,29.4034326910937,63,63,63,63,61,63,0.470988,7820,1.10622673185727,27,-85,0.001869,51,2026-04-11 05:33:26.000584,46,1.037,0.0011,"aoml_navis",1024.89124465909
"7901009",107,0.305804398192437,1,0.360717,1,0.338289,1,204.726698558479,1,4.87824049512085,48,1,24.3500003814697,36.6059989929199,0.360716998577118,0.31425204873085,197.415893554688,-85.4043,26.9211,29.4034326910937,63,63,63,63,61,63,0.338289,7820,1.10622673185727,27,-85,0.001869,51,2026-04-11 05:33:26.000584,48,1.037,0.0011,"aoml_navis",1024.95971754589
"7901009",107,0.217948990976931,1,0.263529,1,0.241101,1,205.720800930337,1,4.87795590776947,50,1,24.1900005340576,36.6100006103516,0.263529002666473,0.226396635174751,198.374496459961,-85.4043,26.9211,29.4034326910937,63,63,63,63,61,63,0.241101,7820,1.10622673185727,27,-85,0.001869,51,2026-04-11 05:33:26.000584,50,1.037,0.0011,"aoml_navis",1025.01951525149
"7901009",107,0.214569936853257,1,0.259791,1,0.237363,1,205.648216883416,1,4.87783874036873,52,1,24.1189994812012,36.6030006408691,0.259790986776352,0.22301758825779,198.304504394531,-85.4043,26.9211,29.4034326910937,63,63,63,63,61,63,0.237363,7820,1.10622673185727,27,-85,0.001869,51,2026-04-11 05:33:26.000584,52,1.037,0.0011,"aoml_navis",1025.04413658046
"7901009",107,0.223017572162441,1,0.269136,1,0.246708,1,205.542845798078,1,4.87773608542217,54,1,24.05299949646,36.5940017700195,0.269136011600494,0.231465220451355,198.202896118164,-85.4043,26.9211,29.4034326910937,63,63,63,63,61,63,0.246708,7820,1.10622673185727,27,-85,0.001869,51,2026-04-11 05:33:26.000584,54,1.037,0.0011,"aoml_navis",1025.06570926279
"7901009",107,0.223017572162441,1,0.269136,1,0.246708,1,205.264409153295,1,4.8776787565823,56,1,24.0389995574951,36.5929985046387,0.269136011600494,0.231465220451355,197.93440246582,-85.4043,26.9211,29.4034326910937,63,63,63,63,61,63,0.246708,7820,1.10622673185727,27,-85,0.001869,51,2026-04-11 05:33:26.000584,56,1.037,0.0011,"aoml_navis",1025.07775717141
"7901009",107,0.239912842780807,1,0.287826,1,0.265398,1,204.709592965559,1,4.87760785753437,58,1,24.0179996490479,36.5929985046387,0.287826001644135,0.248360484838486,197.399398803711,-85.4043,26.9211,29.4034326910937,63,63,63,63,61,63,0.265398,7820,1.10622673185727,27,-85,0.001869,51,2026-04-11 05:33:26.000584,58,1.037,0.0011,"aoml_navis",1025.09265731081
"7901009",107,0.293977708759581,1,0.347634,1,0.325206,1,202.830082317832,1,4.87753444750069,60.0999984741211,1,23.9839992523193,36.5880012512207,0.347633987665176,0.302425354719162,195.587005615234,-85.4043,26.9211,29.4034326910937,63,63,63,63,61,63,0.325206,7820,1.10622673185727,27,-85,0.001869,51,2026-04-11 05:33:26.000584,60.0999984741211,1.037,0.0011,"aoml_navis",1025.10808561528
"7901009",107,0.723117582466095,1,0.82236,1,0.799932,1,184.519296730922,1,4.87740050627963,61.9000015258789,1,23.9360008239746,36.5960006713867,0.822359979152679,0.731565237045288,177.930099487305,-85.4043,26.9211,29.4034326910937,63,63,63,63,61,63,0.799932,7820,1.10622673185727,27,-85,0.001869,51,2026-04-11 05:33:26.000584,61.9000015258789,1.037,0.0011,"aoml_navis",1025.13623672334
"7901009",107,0.755218596640992,1,0.857871,1,0.835443,1,173.107176197409,1,4.87704228441674,63.9000015258789,1,23.7630004882812,36.6160011291504,0.857870995998383,0.763666272163391,166.925506591797,-85.4043,26.9211,29.4034326910937,63,63,63,63,61,63,0.835443,7820,1.10622673185727,27,-85,0.001869,51,2026-04-11 05:33:26.000584,63.9000015258789,1.037,0.0011,"aoml_navis",1025.21153363303
"7901009",107,0.635262175250588,1,0.725172,1,0.702744,1,191.022428573759,1,4.87647090229826,66,1,23.17799949646,36.5349998474121,0.725171983242035,0.64370983839035,184.20100402832,-85.4043,26.9211,29.4034326910937,63,63,63,63,61,63,0.702744,7820,1.10622673185727,27,-85,0.001869,51,2026-04-11 05:33:26.000584,66,1.037,0.0011,"aoml_navis",1025.33165893464
"7901009",107,0.403796967778964,1,0.469119,1,0.446691,1,186.112173974262,1,4.87628570098028,68,1,23.0300006866455,36.5180015563965,0.469119012355804,0.412244617938995,179.466094970703,-85.4043,26.9211,29.4034326910937,63,63,63,63,61,63,0.446691,7820,1.10622673185727,27,-85,0.001869,51,2026-04-11 05:33:26.000584,68,1.037,0.0011,"aoml_navis",1025.37060102833
"7901009",107,0.920792248700986,1,1.041033,1,1.018605,1,177.835408932564,1,4.8760282682387,70,1,22.9309997558594,36.5400009155273,1.04103302955627,0.929239988327026,171.484893798828,-85.4043,26.9211,29.4034326910937,63,63,63,63,61,63,1.018605,7820,1.10622673185727,27,-85,0.001869,51,2026-04-11 05:33:26.000584,70,1.037,0.0011,"aoml_navis",1025.42473606415
"7901009",107,0.376764534789578,1,0.439215,1,0.416787,1,164.432393599094,1,4.87570729543476,72.1999969482422,1,22.875,36.5950012207031,0.439215004444122,0.385212182998657,158.560501098633,-85.4043,26.9211,29.4034326910937,63,63,63,63,61,63,0.416787,7820,1.10622673185727,27,-85,0.001869,51,2026-04-11 05:33:26.000584,72.1999969482422,1.037,0.0011,"aoml_navis",1025.49224082455
"7901009",107,0.348042574738354,1,0.407442,1,0.385014,1,175.484363073545,1,4.87525292860838,73.9000015258789,1,22.632999420166,36.6189994812012,0.407442003488541,0.356490224599838,169.217803955078,-85.4043,26.9211,29.4034326910937,63,63,63,63,61,63,0.385014,7820,1.10622673185727,27,-85,0.001869,51,2026-04-11 05:33:26.000584,73.9000015258789,1.037,0.0011,"aoml_navis",1025.58781528228
"7901009",107,0.280461492264887,1,0.332682,1,0.310254,1,193.299846011082,1,4.87465955697447,76,1,21.9939994812012,36.5309982299805,0.332682013511658,0.288909137248993,186.397094726562,-85.4043,26.9211,29.4034326910937,63,63,63,63,61,63,0.310254,7820,1.10622673185727,27,-85,0.001869,51,2026-04-11 05:33:26.000584,76,1.037,0.0011,"aoml_navis",1025.7126557374
"7901009",107,0.376764534789578,1,0.439215,1,0.416787,1,191.346295521291,1,4.87443211027697,78,1,21.8579998016357,36.5320014953613,0.439215004444122,0.385212182998657,184.513305664062,-85.4043,26.9211,29.4034326910937,63,63,63,63,61,63,0.416787,7820,1.10622673185727,27,-85,0.001869,51,2026-04-11 05:33:26.000584,78,1.037,0.0011,"aoml_navis",1025.76051668835
"7901009",107,0.322699668810804,1,0.379407,1,0.356979,1,190.157749554804,1,4.87428061734484,80,1,21.7810001373291,36.5340003967285,0.379406988620758,0.331147313117981,183.367202758789,-85.4043,26.9211,29.4034326910937,63,63,63,63,61,63,0.356979,7820,1.10622673185727,27,-85,0.001869,51,2026-04-11 05:33:26.000584,80,1.037,0.0011,"aoml_navis",1025.79239738635
"7901009",107,0.334526358243661,1,0.39249,1,0.370062,1,188.630826160944,1,4.87416964611398,82,1,21.6989994049072,36.5229988098145,0.3924899995327,0.342974036931992,181.894805908203,-85.4043,26.9211,29.4034326910937,63,63,63,63,61,63,0.370062,7820,1.10622673185727,27,-85,0.001869,51,2026-04-11 05:33:26.000584,82,1.037,0.0011,"aoml_navis",1025.81575181453
"7901009",107,0.368316899480394,1,0.42987,1,0.407442,1,186.272612093236,1,4.87397621607287,84,1,21.5139999389648,36.4970016479492,0.429870009422302,0.376764535903931,179.620803833008,-85.4043,26.9211,29.4034326910937,63,63,63,63,61,63,0.407442,7820,1.10622673185727,27,-85,0.001869,51,2026-04-11 05:33:26.000584,84,1.037,0.0011,"aoml_navis",1025.85646263754
"7901009",107,0.322699668810804,1,0.379407,1,0.356979,1,181.898200873047,1,4.87377225539529,86,1,21.3719997406006,36.4900016784668,0.379406988620758,0.331147313117981,175.402603149414,-85.4043,26.9211,29.4034326910937,63,63,63,63,61,63,0.356979,7820,1.10622673185727,27,-85,0.001869,51,2026-04-11 05:33:26.000584,86,1.037,0.0011,"aoml_navis",1025.89939332208
"7901009",107,0.300735817006927,1,0.35511,1,0.332682,1,180.811702981247,1,4.87358389353447,88,1,21.3290004730225,36.5149993896484,0.355109989643097,0.309183478355408,174.354904174805,-85.4043,26.9211,29.4034326910937,63,63,63,63,61,63,0.332682,7820,1.10622673185727,27,-85,0.001869,51,2026-04-11 05:33:26.000584,88,1.037,0.0011,"aoml_navis",1025.93904387965
"7901009",107,0.312562506439784,1,0.368193,1,0.345765,1,185.120461005301,1,4.8734820163553,90,1,21.3460006713867,36.5379981994629,0.368193000555038,0.321010172367096,178.509796142578,-85.4043,26.9211,29.4034326910937,63,63,63,63,61,63,0.345765,7820,1.10622673185727,27,-85,0.001869,51,2026-04-11 05:33:26.000584,90,1.037,0.0011,"aoml_navis",1025.96049051173
"7901009",107,0.319320614687131,1,0.375669,1,0.353241,1,186.364485425789,1,4.87331234023093,92,1,21.2870006561279,36.5519981384277,0.375669002532959,0.327768266201019,179.709396362305,-85.4043,26.9211,29.4034326910937,63,63,63,63,61,63,0.353241,7820,1.10622673185727,27,-85,0.001869,51,2026-04-11 05:33:26.000584,92,1.037,0.0011,"aoml_navis",1025.996211801
"7901009",107,0.288909127574071,1,0.342027,1,0.319599,1,180.906282193902,1,4.87308757225834,94,1,21.1200008392334,36.5419998168945,0.342027008533478,0.297356784343719,174.446105957031,-85.4043,26.9211,29.4034326910937,63,63,63,63,61,63,0.319599,7820,1.10622673185727,27,-85,0.001869,51,2026-04-11 05:33:26.000584,94,1.037,0.0011,"aoml_navis",1026.04353520428
"7901009",107,0.278771965203051,1,0.330813,1,0.308385,1,176.97405292426,1,4.87296014468096,96,1,21.056999206543,36.5429992675781,0.330812990665436,0.287219613790512,170.654296875,-85.4043,26.9211,29.4034326910937,63,63,63,63,61,63,0.308385,7820,1.10622673185727,27,-85,0.001869,51,2026-04-11 05:33:26.000584,96,1.037,0.0011,"aoml_navis",1026.07036617316
"7901009",107,0.266945275770194,1,0.31773,1,0.295302,1,173.073360608076,1,4.87282985805255,98,1,21,36.5470008850098,0.317730009555817,0.275392919778824,166.89289855957,-85.4043,26.9211,29.4034326910937,63,63,63,63,61,63,0.295302,7820,1.10622673185727,27,-85,0.001869,51,2026-04-11 05:33:26.000584,98,1.037,0.0011,"aoml_navis",1026.09780059061
"7901009",107,0.248360478089991,1,0.297171,1,0.274743,1,171.742336603987,1,4.87270784191244,100,1,20.9519996643066,36.5519981384277,0.297170996665955,0.256808131933212,165.609405517578,-85.4043,26.9211,29.4034326910937,63,63,63,63,61,63,0.274743,7820,1.10622673185727,27,-85,0.001869,51,2026-04-11 05:33:26.000584,100,1.037,0.0011,"aoml_navis",1026.1234948241
"7901009",107,0.221328045100604,1,0.267267,1,0.244839,1,171.887931942056,1,4.87251385467312,102,1,20.7819995880127,36.5330009460449,0.267266988754272,0.229775696992874,165.749801635742,-85.4043,26.9211,29.4034326910937,63,63,63,63,61,63,0.244839,7820,1.10622673185727,27,-85,0.001869,51,2026-04-11 05:33:26.000584,102,1.037,0.0011,"aoml_navis",1026.16434742502
"7901009",107,0.217948990976931,1,0.263529,1,0.241101,1,169.723433571406,1,4.87242477337562,104,1,20.7339992523193,36.5289993286133,0.263529002666473,0.226396635174751,163.66259765625,-85.4043,26.9211,29.4034326910937,63,63,63,63,61,63,0.241101,7820,1.10622673185727,27,-85,0.001869,51,2026-04-11 05:33:26.000584,104,1.037,0.0011,"aoml_navis",1026.18310852565
"7901009",107,0.17740034149285,1,0.218673,1,0.196245,1,164.960973826551,1,4.87231585142033,106,1,20.6790008544922,36.5279998779297,0.218673005700111,0.185847997665405,159.070205688477,-85.4043,26.9211,29.4034326910937,63,63,63,63,61,63,0.196245,7820,1.10622673185727,27,-85,0.001869,51,2026-04-11 05:33:26.000584,106,1.037,0.0011,"aoml_navis",1026.2060491301
"7901009",107,0.185847976802034,1,0.228018,1,0.20559,1,159.969827653508,1,4.8721034053254,108,1,20.5690002441406,36.5359992980957,0.228018000721931,0.194295629858971,154.257293701172,-85.4043,26.9211,29.4034326910937,63,63,63,63,61,63,0.20559,7820,1.10622673185727,27,-85,0.001869,51,2026-04-11 05:33:26.000584,108,1.037,0.0011,"aoml_navis",1026.25079642908
"7901009",107,0.174021287369177,1,0.214935,1,0.192507,1,154.680037766154,1,4.87196741988328,110,1,20.5179996490479,36.5439987182617,0.214935004711151,0.182468935847282,149.156402587891,-85.4043,26.9211,29.4034326910937,63,63,63,63,61,63,0.192507,7820,1.10622673185727,27,-85,0.001869,51,2026-04-11 05:33:26.000584,110,1.037,0.0011,"aoml_navis",1026.27944094909
"7901009",107,0.17233176030734,1,0.213066,1,0.190638,1,149.33673158347,1,4.87179782317577,112,1,20.4379997253418,36.5509986877441,0.21306599676609,0.18077939748764,144.00390625,-85.4043,26.9211,29.4034326910937,63,63,63,63,61,63,0.190638,7820,1.10622673185727,27,-85,0.001869,51,2026-04-11 05:33:26.000584,112,1.037,0.0011,"aoml_navis",1026.31516772194
"7901009",107,0.160505070874484,1,0.199983,1,0.177555,1,144.898439439492,1,4.87154468048255,114,1,20.2870006561279,36.5559997558594,0.19998300075531,0.168952718377113,139.724105834961,-85.4043,26.9211,29.4034326910937,63,63,63,63,61,63,0.177555,7820,1.10622673185727,27,-85,0.001869,51,2026-04-11 05:33:26.000584,114,1.037,0.0011,"aoml_navis",1026.36849868833
"7901009",107,0.138541219070607,1,0.175686,1,0.153258,1,141.394293060923,1,4.87122343618825,116,1,20.0790004730225,36.560001373291,0.175686001777649,0.146988868713379,136.345092773438,-85.4043,26.9211,29.4034326910937,63,63,63,63,61,63,0.153258,7820,1.10622673185727,27,-85,0.001869,51,2026-04-11 05:33:26.000584,116,1.037,0.0011,"aoml_navis",1026.43618497462
"7901009",107,0.128404056699587,1,0.164472,1,0.142044,1,139.355800089364,1,4.87098793936397,118,1,19.9459991455078,36.5670013427734,0.164471998810768,0.136851698160172,134.37939453125,-85.4043,26.9211,29.4034326910937,63,63,63,63,61,63,0.142044,7820,1.10622673185727,27,-85,0.001869,51,2026-04-11 05:33:26.000584,118,1.037,0.0011,"aoml_navis",1026.48580991003
"7901009",107,0.13178311082326,1,0.16821,1,0.145782,1,137.38690045514,1,4.87086490048695,120,1,19.8899993896484,36.5699996948242,0.168209999799728,0.140230759978294,132.480804443359,-85.4043,26.9211,29.4034326910937,63,63,63,63,61,63,0.145782,7820,1.10622673185727,27,-85,0.001869,51,2026-04-11 05:33:26.000584,120,1.037,0.0011,"aoml_navis",1026.51173911642
"7901009",107,0.118266894328567,1,0.153258,1,0.13083,1,135.414978463611,1,4.87064640803212,122,1,19.7409992218018,36.5670013427734,0.153257995843887,0.126714542508125,130.579299926758,-85.4043,26.9211,29.4034326910937,63,63,63,63,61,63,0.13083,7820,1.10622673185727,27,-85,0.001869,51,2026-04-11 05:33:26.000584,122,1.037,0.0011,"aoml_navis",1026.55778743342
"7901009",107,0.1013716237102,1,0.134568,1,0.11214,1,134.837660746615,1,4.87043840077814,124,1,19.5909996032715,36.5610008239746,0.134568005800247,0.109819263219833,130.022598266602,-85.4043,26.9211,29.4034326910937,63,63,63,63,61,63,0.11214,7820,1.10622673185727,27,-85,0.001869,51,2026-04-11 05:33:26.000584,124,1.037,0.0011,"aoml_navis",1026.60162978371
"7901009",107,0.0844763530918335,1,0.115878,1,0.09345,1,134.671320327772,1,4.87023953665064,126,1,19.4360008239746,36.5509986877441,0.115878000855446,0.0929239988327026,129.862197875977,-85.4043,26.9211,29.4034326910937,63,63,63,63,61,63,0.09345,7820,1.10622673185727,27,-85,0.001869,51,2026-04-11 05:33:26.000584,126,1.037,0.0011,"aoml_navis",1026.64354850985
"7901009",107,0.0777182448444869,1,0.108402,1,0.085974,1,134.912017065882,1,4.87011613478271,128,1,19.3409996032715,36.5410003662109,0.108401998877525,0.0861658900976181,130.094299316406,-85.4043,26.9211,29.4034326910937,63,63,63,63,61,63,0.085974,7820,1.10622673185727,27,-85,0.001869,51,2026-04-11 05:33:26.000584,128,1.037,0.0011,"aoml_navis",1026.66956220811
"7901009",107,0.0692706095353035,1,0.099057,1,0.076629,1,135.55663366048,1,4.86996849699068,130,1,19.2320003509521,36.5330009460449,0.0990569964051247,0.0777182504534721,130.715896606445,-85.4043,26.9211,29.4034326910937,63,63,63,63,61,63,0.076629,7820,1.10622673185727,27,-85,0.001869,51,2026-04-11 05:33:26.000584,130,1.037,0.0011,"aoml_navis",1026.7006866861
"7901009",107,0.0591334471642835,1,0.087843,1,0.065415,1,135.895644042262,1,4.86982017200559,132,1,19.125,36.5260009765625,0.0878430008888245,0.0675810873508453,131.04280090332,-85.4043,26.9211,29.4034326910937,63,63,63,63,61,63,0.065415,7820,1.10622673185727,27,-85,0.001869,51,2026-04-11 05:33:26.000584,132,1.037,0.0011,"aoml_navis",1026.7319579361
"7901009",107,0.0557543930406101,1,0.084105,1,0.061677,1,136.521382771592,1,4.86969773673625,134,1,19.0209999084473,36.5130004882812,0.0841049998998642,0.0642020329833031,131.646194458008,-85.4043,26.9211,29.4034326910937,63,63,63,63,61,63,0.061677,7820,1.10622673185727,27,-85,0.001869,51,2026-04-11 05:33:26.000584,134,1.037,0.0011,"aoml_navis",1026.75777231116
"7901009",107,0.0489962847932635,1,0.076629,1,0.054201,1,137.964518825481,1,4.86953900928958,136,1,18.8899993896484,36.5009994506836,0.0766289979219437,0.0574439242482185,133.037796020508,-85.4043,26.9211,29.4034326910937,63,63,63,63,61,63,0.054201,7820,1.10622673185727,27,-85,0.001869,51,2026-04-11 05:33:26.000584,136,1.037,0.0011,"aoml_navis",1026.79124049762
"7901009",107,0.0354800682985701,1,0.061677,1,0.039249,1,139.449350751103,1,4.86941150965361,138,1,18.7870006561279,36.4900016784668,0.0616770014166832,0.0439277067780495,134.469604492188,-85.4043,26.9211,29.4034326910937,63,63,63,63,61,63,0.039249,7820,1.10622673185727,27,-85,0.001869,51,2026-04-11 05:33:26.000584,138,1.037,0.0011,"aoml_navis",1026.81812578122
"7901009",107,0.0304114871130601,1,0.05607,1,0.033642,1,140.825488580735,1,4.86924179491418,140,1,18.636999130249,36.4749984741211,0.0560699999332428,0.0388591252267361,135.796600341797,-85.4043,26.9211,29.4034326910937,63,63,63,63,61,63,0.033642,7820,1.10622673185727,27,-85,0.001869,51,2026-04-11 05:33:26.000584,140,1.037,0.0011,"aoml_navis",1026.85391496113
"7901009",107,0.0202743247420401,1,0.044856,1,0.022428,1,142.161813578004,1,4.86908506561883,142,1,18.4939994812012,36.4589996337891,0.0448560006916523,0.0287219621241093,137.085205078125,-85.4043,26.9211,29.4034326910937,63,63,63,63,61,63,0.022428,7820,1.10622673185727,27,-85,0.001869,51,2026-04-11 05:33:26.000584,142,1.037,0.0011,"aoml_navis",1026.8869680067
"7901009",107,0.0219638518038767,1,0.046725,1,0.024297,1,143.020985893595,1,4.86896881559698,144,1,18.4080009460449,36.451000213623,0.0467250011861324,0.0304114893078804,137.913696289062,-85.4043,26.9211,29.4034326910937,63,63,63,63,61,63,0.024297,7820,1.10622673185727,27,-85,0.001869,51,2026-04-11 05:33:26.000584,144,1.037,0.0011,"aoml_navis",1026.91148564831
"7901009",107,0.01013716237102,1,0.033642,1,0.011214,1,143.108729198626,1,4.86885657103062,146,1,18.3099994659424,36.4379997253418,0.0336420014500618,0.0185847990214825,137.998306274414,-85.4043,26.9211,29.4034326910937,63,63,63,63,61,63,0.011214,7820,1.10622673185727,27,-85,0.001869,51,2026-04-11 05:33:26.000584,146,1.037,0.0011,"aoml_navis",1026.93515963269
"7901009",107,0.00506858118551001,1,0.028035,1,0.005607,1,143.124378996404,1,4.86874228517107,148,1,18.2129993438721,36.4259986877441,0.0280349999666214,0.0135162174701691,138.013397216797,-85.4043,26.9211,29.4034326910937,63,63,63,63,61,63,0.005607,7820,1.10622673185727,27,-85,0.001869,51,2026-04-11 05:33:26.000584,148,1.037,0.0011,"aoml_navis",1026.95926527652
"7901009",107,0.00337905412367334,1,0.026166,1,0.003738,1,142.526110488449,1,4.86865460324668,150,1,18.1410007476807,36.4150009155273,0.0261659994721413,0.0118266893550754,137.436492919922,-85.4043,26.9211,29.4034326910937,63,63,63,63,61,63,0.003738,7820,1.10622673185727,27,-85,0.001869,51,2026-04-11 05:33:26.000584,150,1.037,0.0011,"aoml_navis",1026.97776027606
"7901009",107,0.00675810824734668,1,0.029904,1,0.007476,1,140.865317236959,1,4.86858025564778,152,1,18.0799999237061,36.4039993286133,0.0299040004611015,0.0152057446539402,135.835006713867,-85.4043,26.9211,29.4034326910937,63,63,63,63,61,63,0.007476,7820,1.10622673185727,27,-85,0.001869,51,2026-04-11 05:33:26.000584,152,1.037,0.0011,"aoml_navis",1026.99344315004
"7901009",107,0.00844763530918335,1,0.031773,1,0.009345,1,139.904808920391,1,4.86843539574308,154,1,17.9290008544922,36.382999420166,0.0317730009555817,0.0168952718377113,134.908798217773,-85.4043,26.9211,29.4034326910937,63,63,63,63,61,63,0.009345,7820,1.10622673185727,27,-85,0.001869,51,2026-04-11 05:33:26.000584,154,1.037,0.0011,"aoml_navis",1027.02400125756
"7901009",107,0.00337905412367334,1,0.026166,1,0.003738,1,140.060579000593,1,4.86834310395783,156,1,17.8339996337891,36.3660011291504,0.0261659994721413,0.0118266893550754,135.059005737305,-85.4043,26.9211,29.4034326910937,63,63,63,63,61,63,0.003738,7820,1.10622673185727,27,-85,0.001869,51,2026-04-11 05:33:26.000584,156,1.037,0.0011,"aoml_navis",1027.04347110111
"7901009",107,0,1,0.022428,1,0,1,139.656026189697,1,4.86824029598105,158,1,17.7390003204346,36.3520011901855,0.0224280003458261,0.00844763591885567,134.668899536133,-85.4043,26.9211,29.4034326910937,63,63,63,63,61,63,0,7820,1.10622673185727,27,-85,0.001869,51,2026-04-11 05:33:26.000584,158,1.037,0.0011,"aoml_navis",1027.06516030602
"7901009",107,-0.00337905412367334,1,0.01869,1,-0.003738,1,139.767710995271,1,4.86810458477201,160,1,17.5939998626709,36.3310012817383,0.0186899993568659,0.0050685815513134,134.776596069336,-85.4043,26.9211,29.4034326910937,63,63,63,63,61,63,-0.003738,7820,1.10622673185727,27,-85,0.001869,51,2026-04-11 05:33:26.000584,160,1.037,0.0011,"aoml_navis",1027.09379244657
"7901009",107,0.00168952706183667,1,0.024297,1,0.001869,1,139.357050174323,1,4.86793238350404,162,1,17.3920001983643,36.3019981384277,0.0242970008403063,0.0101371631026268,134.380599975586,-85.4043,26.9211,29.4034326910937,63,63,63,63,61,63,0.001869,7820,1.10622673185727,27,-85,0.001869,51,2026-04-11 05:33:26.000584,162,1.037,0.0011,"aoml_navis",1027.13012550123
"7901009",107,0,1,0.01869,1,-0.003738,1,139.089800998729,1,4.86782177168409,164,1,17.2700004577637,36.2820014953613,0.0186899993568659,0.0050685815513134,134.122894287109,-85.4043,26.9211,29.4034326910937,63,63,63,63,61,63,0,7820,1.10622673185727,27,-85,0.001869,51,2026-04-11 05:33:26.000584,164,1.037,0.0011,"aoml_navis",1027.1534650436
"7901009",107,0,1,0.020559,1,-0.001869,1,139.174015582926,1,4.86770815947811,166,1,17.1480007171631,36.2630004882812,0.020558999851346,0.00675810873508453,134.2041015625,-85.4043,26.9211,29.4034326910937,63,63,63,63,61,63,0,7820,1.10622673185727,27,-85,0.001869,51,2026-04-11 05:33:26.000584,166,1.037,0.0011,"aoml_navis",1027.17743878385
"7901009",107,0,1,0.01869,1,-0.003738,1,139.129012524404,1,4.86758041669222,168,1,17.0100002288818,36.2430000305176,0.0186899993568659,0.0050685815513134,134.160705566406,-85.4043,26.9211,29.4034326910937,63,63,63,63,61,63,0,7820,1.10622673185727,27,-85,0.001869,51,2026-04-11 05:33:26.000584,168,1.037,0.0011,"aoml_navis",1027.20439560766
"7901009",107,0,1,0.016821,1,-0.005607,1,138.70548690508,1,4.86751667898244,170,1,16.9589996337891,36.2330017089844,0.0168210007250309,0.00337905436754227,133.752304077148,-85.4043,26.9211,29.4034326910937,63,63,63,63,61,63,0,7820,1.10622673185727,27,-85,0.001869,51,2026-04-11 05:33:26.000584,170,1.037,0.0011,"aoml_navis",1027.21784633828
"7901009",107,0,1,0.022428,1,0,1,137.909657502029,1,4.86745494873467,172,1,16.9160003662109,36.2249984741211,0.0224280003458261,0.00844763591885567,132.984893798828,-85.4043,26.9211,29.4034326910937,63,63,63,63,61,63,0,7820,1.10622673185727,27,-85,0.001869,51,2026-04-11 05:33:26.000584,172,1.037,0.0011,"aoml_navis",1027.2308737649
"7901009",107,0,1,0.01869,1,-0.003738,1,136.888607096182,1,4.86733031892242,174,1,16.7700004577637,36.2019996643066,0.0186899993568659,0.0050685815513134,132.000305175781,-85.4043,26.9211,29.4034326910937,63,63,63,63,61,63,0,7820,1.10622673185727,27,-85,0.001869,51,2026-04-11 05:33:26.000584,174,1.037,0.0011,"aoml_navis",1027.25717639541
"7901009",107,0,1,0.022428,1,0,1,135.995714134419,1,4.86719260232259,176,1,16.6019992828369,36.1759986877441,0.0224280003458261,0.00844763591885567,131.139297485352,-85.4043,26.9211,29.4034326910937,63,63,63,63,61,63,0,7820,1.10622673185727,27,-85,0.001869,51,2026-04-11 05:33:26.000584,176,1.037,0.0011,"aoml_navis",1027.28624250744
"7901009",107,0,1,0.01869,1,-0.003738,1,134.947905580907,1,4.86709563405932,178,1,16.4950008392334,36.1580009460449,0.0186899993568659,0.0050685815513134,130.12890625,-85.4043,26.9211,29.4034326910937,63,63,63,63,61,63,0,7820,1.10622673185727,27,-85,0.001869,51,2026-04-11 05:33:26.000584,178,1.037,0.0011,"aoml_navis",1027.30670936701
"7901009",107,0,1,0.020559,1,-0.001869,1,133.53328412317,1,4.86699694562982,180,1,16.3990001678467,36.1440010070801,0.020558999851346,0.00675810873508453,128.764801025391,-85.4043,26.9211,29.4034326910937,63,63,63,63,61,63,0,7820,1.10622673185727,27,-85,0.001869,51,2026-04-11 05:33:26.000584,180,1.037,0.0011,"aoml_navis",1027.32754013532
"7901009",107,0,1,0.022428,1,0,1,132.583361969102,1,4.86692159309931,182,1,16.3299999237061,36.1319999694824,0.0224280003458261,0.00844763591885567,127.84880065918,-85.4043,26.9211,29.4034326910937,63,63,63,63,61,63,0,7820,1.10622673185727,27,-85,0.001869,51,2026-04-11 05:33:26.000584,182,1.037,0.0011,"aoml_navis",1027.34344582197
"7901009",107,0,1,0.020559,1,-0.001869,1,131.609071070265,1,4.86686764635888,184,1,16.2929992675781,36.1240005493164,0.020558999851346,0.00675810873508453,126.909301757812,-85.4043,26.9211,29.4034326910937,63,63,63,63,61,63,0,7820,1.10622673185727,27,-85,0.001869,51,2026-04-11 05:33:26.000584,184,1.037,0.0011,"aoml_navis",1027.354833399
"7901009",107,0,1,0.01869,1,-0.003738,1,131.065766740854,1,4.86677673856514,186,1,16.2000007629395,36.109001159668,0.0186899993568659,0.0050685815513134,126.385398864746,-85.4043,26.9211,29.4034326910937,63,63,63,63,61,63,0,7820,1.10622673185727,27,-85,0.001869,51,2026-04-11 05:33:26.000584,186,1.037,0.0011,"aoml_navis",1027.37402362824
"7901009",107,0,1,0.01869,1,-0.003738,1,131.059025776392,1,4.86667730382694,188,1,16.0990009307861,36.0940017700195,0.0186899993568659,0.0050685815513134,126.378898620605,-85.4043,26.9211,29.4034326910937,63,63,63,63,61,63,0,7820,1.10622673185727,27,-85,0.001869,51,2026-04-11 05:33:26.000584,188,1.037,0.0011,"aoml_navis",1027.39501467834
"7901009",107,0,1,0.01869,1,-0.003738,1,131.049175423393,1,4.86658969032599,190,1,16.0049991607666,36.0779991149902,0.0186899993568659,0.0050685815513134,126.369400024414,-85.4043,26.9211,29.4034326910937,63,63,63,63,61,63,0,7820,1.10622673185727,27,-85,0.001869,51,2026-04-11 05:33:26.000584,190,1.037,0.0011,"aoml_navis",1027.41351093132
"7901009",107,0,1,0.016821,1,-0.005607,1,130.63031784284,1,4.86652517838907,192,1,15.9580001831055,36.0699996948242,0.0168210007250309,0.00337905436754227,125.96549987793,-85.4043,26.9211,29.4034326910937,63,63,63,63,61,63,0,7820,1.10622673185727,27,-85,0.001869,51,2026-04-11 05:33:26.000584,192,1.037,0.0011,"aoml_navis",1027.42713059488
"7901009",107,0,1,0.020559,1,-0.001869,1,129.890291282925,1,4.86647333024044,194,1,15.9289999008179,36.0639991760254,0.020558999851346,0.00675810873508453,125.251899719238,-85.4043,26.9211,29.4034326910937,63,63,63,63,61,63,0,7820,1.10622673185727,27,-85,0.001869,51,2026-04-11 05:33:26.000584,194,1.037,0.0011,"aoml_navis",1027.43807696013
"7901009",107,0,1,0.022428,1,0,1,129.252202030677,1,4.86635040230918,196,1,15.7889995574951,36.0439987182617,0.0224280003458261,0.00844763591885567,124.636596679688,-85.4043,26.9211,29.4034326910937,63,63,63,63,61,63,0,7820,1.10622673185727,27,-85,0.001869,51,2026-04-11 05:33:26.000584,196,1.037,0.0011,"aoml_navis",1027.46403087361
"7901009",107,0,1,0.020559,1,-0.001869,1,129.234471395278,1,4.86621781125546,198,1,15.6160001754761,36.0169982910156,0.020558999851346,0.00675810873508453,124.619499206543,-85.4043,26.9211,29.4034326910937,63,63,63,63,61,63,0,7820,1.10622673185727,27,-85,0.001869,51,2026-04-11 05:33:26.000584,198,1.037,0.0011,"aoml_navis",1027.49202644302
"7901009",107,0,1,0.016821,1,-0.005607,1,129.104011579529,1,4.86616564125772,200,1,15.5830001831055,36.0099983215332,0.0168210007250309,0.00337905436754227,124.493698120117,-85.4043,26.9211,29.4034326910937,63,63,63,63,61,63,0,7820,1.10622673185727,27,-85,0.001869,51,2026-04-11 05:33:26.000584,200,1.037,0.0011,"aoml_navis",1027.50304215039
"7901009",107,0,1,0.01869,1,-0.003738,1,129.020635659925,1,4.86610947978637,202,1,15.5530004501343,36.0050010681152,0.0186899993568659,0.0050685815513134,124.413299560547,-85.4043,26.9211,29.4034326910937,63,63,63,63,61,63,0,7820,1.10622673185727,27,-85,0.001869,51,2026-04-11 05:33:26.000584,202,1.037,0.0011,"aoml_navis",1027.51490092235
"7901009",107,0,1,0.01869,1,-0.003738,1,128.986827982522,1,4.86605382594949,204,1,15.5100002288818,35.9959983825684,0.0186899993568659,0.0050685815513134,124.380699157715,-85.4043,26.9211,29.4034326910937,63,63,63,63,61,63,0,7820,1.10622673185727,27,-85,0.001869,51,2026-04-11 05:33:26.000584,204,1.037,0.0011,"aoml_navis",1027.52665277482
"7901009",107,0,1,0.020559,1,-0.001869,1,128.889345091513,1,4.8659585447605,206,1,15.4270000457764,35.9860000610352,0.020558999851346,0.00675810873508453,124.286697387695,-85.4043,26.9211,29.4034326910937,63,63,63,63,61,63,0,7820,1.10622673185727,27,-85,0.001869,51,2026-04-11 05:33:26.000584,206,1.037,0.0011,"aoml_navis",1027.5467729547
"7901009",107,0,1,0.01869,1,-0.003738,1,128.6293669797,1,4.86589729269204,208,1,15.3819999694824,35.9780006408691,0.0186899993568659,0.0050685815513134,124.036003112793,-85.4043,26.9211,29.4034326910937,63,63,63,63,61,63,0,7820,1.10622673185727,27,-85,0.001869,51,2026-04-11 05:33:26.000584,208,1.037,0.0011,"aoml_navis",1027.55970774586
"7901009",107,0,1,0.022428,1,0,1,128.320018423938,1,4.8658415154972,210,1,15.3420000076294,35.9700012207031,0.0224280003458261,0.00844763591885567,123.737701416016,-85.4043,26.9211,29.4034326910937,63,63,63,63,61,63,0,7820,1.10622673185727,27,-85,0.001869,51,2026-04-11 05:33:26.000584,210,1.037,0.0011,"aoml_navis",1027.5714866741
"7901009",107,0,1,0.016821,1,-0.005607,1,128.08937774901,1,4.86576576894544,212,1,15.2799997329712,35.9609985351562,0.0168210007250309,0.00337905436754227,123.515296936035,-85.4043,26.9211,29.4034326910937,63,63,63,63,61,63,0,7820,1.10622673185727,27,-85,0.001869,51,2026-04-11 05:33:26.000584,212,1.037,0.0011,"aoml_navis",1027.58748312779
"7901009",107,0,1,0.01869,1,-0.003738,1,128.060135255286,1,4.8656829068183,214.100006103516,1,15.2030000686646,35.9490013122559,0.0186899993568659,0.0050685815513134,123.487098693848,-85.4043,26.9211,29.4034326910937,63,63,63,63,61,63,0,7820,1.10622673185727,27,-85,0.001869,51,2026-04-11 05:33:26.000584,214.100006103516,1.037,0.0011,"aoml_navis",1027.60498284701
"7901009",107,0,1,0.01869,1,-0.003738,1,128.080666713948,1,4.8656265047614,216,1,15.1669998168945,35.943000793457,0.0186899993568659,0.0050685815513134,123.506896972656,-85.4043,26.9211,29.4034326910937,63,63,63,63,61,63,0,7820,1.10622673185727,27,-85,0.001869,51,2026-04-11 05:33:26.000584,216,1.037,0.0011,"aoml_navis",1027.61689478366
"7901009",107,0,1,0.01869,1,-0.003738,1,128.243169846682,1,4.86555805220667,218,1,15.1079998016357,35.9329986572266,0.0186899993568659,0.0050685815513134,123.663597106934,-85.4043,26.9211,29.4034326910937,63,63,63,63,61,63,0,7820,1.10622673185727,27,-85,0.001869,51,2026-04-11 05:33:26.000584,218,1.037,0.0011,"aoml_navis",1027.63135211846
"7901009",107,0,1,0.016821,1,-0.005607,1,128.151185747107,1,4.86548528650515,220,1,15.0380001068115,35.9210014343262,0.0168210007250309,0.00337905436754227,123.574897766113,-85.4043,26.9211,29.4034326910937,63,63,63,63,61,63,0,7820,1.10622673185727,27,-85,0.001869,51,2026-04-11 05:33:26.000584,220,1.037,0.0011,"aoml_navis",1027.6467208457
"7901009",107,0,1,0.016821,1,-0.005607,1,127.797767740577,1,4.86541411367281,222,1,14.9829998016357,35.9129981994629,0.0168210007250309,0.00337905436754227,123.234100341797,-85.4043,26.9211,29.4034326910937,63,63,63,63,61,63,0,7820,1.10622673185727,27,-85,0.001869,51,2026-04-11 05:33:26.000584,222,1.037,0.0011,"aoml_navis",1027.6617535903
"7901009",107,0,1,0.022428,1,0,1,127.320733737851,1,4.86536655108119,224,1,14.9569997787476,35.9070014953613,0.0224280003458261,0.00844763591885567,122.774101257324,-85.4043,26.9211,29.4034326910937,63,63,63,63,61,63,0,7820,1.10622673185727,27,-85,0.001869,51,2026-04-11 05:33:26.000584,224,1.037,0.0011,"aoml_navis",1027.67179975143
"7901009",107,0,1,0.022428,1,0,1,126.734190710335,1,4.86531007495018,226,1,14.9259996414185,35.9020004272461,0.0224280003458261,0.00844763591885567,122.208503723145,-85.4043,26.9211,29.4034326910937,63,63,63,63,61,63,0,7820,1.10622673185727,27,-85,0.001869,51,2026-04-11 05:33:26.000584,226,1.037,0.0011,"aoml_navis",1027.68372888365
"7901009",107,0,1,0.020559,1,-0.001869,1,126.208933493528,1,4.86525019569676,228,1,14.8780002593994,35.8930015563965,0.020558999851346,0.00675810873508453,121.702003479004,-85.4043,26.9211,29.4034326910937,63,63,63,63,61,63,0,7820,1.10622673185727,27,-85,0.001869,51,2026-04-11 05:33:26.000584,228,1.037,0.0011,"aoml_navis",1027.69637714057
"7901009",107,0,1,0.01869,1,-0.003738,1,125.872312514642,1,4.86516637989118,230,1,14.789999961853,35.8790016174316,0.0186899993568659,0.0050685815513134,121.377403259277,-85.4043,26.9211,29.4034326910937,63,63,63,63,61,63,0,7820,1.10622673185727,27,-85,0.001869,51,2026-04-11 05:33:26.000584,230,1.037,0.0011,"aoml_navis",1027.7140820232
"7901009",107,0,1,0.01869,1,-0.003738,1,125.664901266546,1,4.86507567452639,232,1,14.7089996337891,35.8689994812012,0.0186899993568659,0.0050685815513134,121.177398681641,-85.4043,26.9211,29.4034326910937,63,63,63,63,61,63,0,7820,1.10622673185727,27,-85,0.001869,51,2026-04-11 05:33:26.000584,232,1.037,0.0011,"aoml_navis",1027.73324291338
"7901009",107,0,1,0.016821,1,-0.005607,1,125.231841771428,1,4.86502258995487,234,1,14.673999786377,35.8619995117188,0.0168210007250309,0.00337905436754227,120.759803771973,-85.4043,26.9211,29.4034326910937,63,63,63,63,61,63,0,7820,1.10622673185727,27,-85,0.001869,51,2026-04-11 05:33:26.000584,234,1.037,0.0011,"aoml_navis",1027.74445699879
"7901009",107,0,1,0.022428,1,0,1,124.905379710816,1,4.86495752053711,236.100006103516,1,14.6330003738403,35.8559989929199,0.0224280003458261,0.00844763591885567,120.444999694824,-85.4043,26.9211,29.4034326910937,63,63,63,63,61,63,0,7820,1.10622673185727,27,-85,0.001869,51,2026-04-11 05:33:26.000584,236.100006103516,1.037,0.0011,"aoml_navis",1027.75820320996
"7901009",107,0,1,0.01869,1,-0.003738,1,124.487867158384,1,4.86491035345842,238,1,14.6120004653931,35.8520011901855,0.0186899993568659,0.0050685815513134,120.04239654541,-85.4043,26.9211,29.4034326910937,63,63,63,63,61,63,0,7820,1.10622673185727,27,-85,0.001869,51,2026-04-11 05:33:26.000584,238,1.037,0.0011,"aoml_navis",1027.76816770026
"7901009",107,0,1,0.024297,1,0.001869,1,123.901324130867,1,4.86486536018317,240,1,14.6020002365112,35.8499984741211,0.0242970008403063,0.0101371631026268,119.47679901123,-85.4043,26.9211,29.4034326910937,63,63,63,63,61,63,0,7820,1.10622673185727,27,-85,0.001869,51,2026-04-11 05:33:26.000584,240,1.037,0.0011,"aoml_navis",1027.77767313415
"7901009",107,0,1,0.022428,1,0,1,123.518347153409,1,4.86480560076669,242,1,14.5570001602173,35.8419990539551,0.0224280003458261,0.00844763591885567,119.107498168945,-85.4043,26.9211,29.4034326910937,63,63,63,63,61,63,0,7820,1.10622673185727,27,-85,0.001869,51,2026-04-11 05:33:26.000584,242,1.037,0.0011,"aoml_navis",1027.79029838561
"7901009",107,0,1,0.022428,1,0,1,123.414851195509,1,4.86473912738202,244,1,14.5019998550415,35.8330001831055,0.0224280003458261,0.00844763591885567,119.007698059082,-85.4043,26.9211,29.4034326910937,63,63,63,63,61,63,0,7820,1.10622673185727,27,-85,0.001869,51,2026-04-11 05:33:26.000584,244,1.037,0.0011,"aoml_navis",1027.80434244801
"7901009",107,0,1,0.024297,1,0.001869,1,123.20464703608,1,4.8646712154825,246,1,14.4490003585815,35.8250007629395,0.0242970008403063,0.0101371631026268,118.805000305176,-85.4043,26.9211,29.4034326910937,63,63,63,63,61,63,0,7820,1.10622673185727,27,-85,0.001869,51,2026-04-11 05:33:26.000584,246,1.037,0.0011,"aoml_navis",1027.81869082679
"7901009",107,0,1,0.01869,1,-0.003738,1,122.883992332177,1,4.86460448959013,248,1,14.3900003433228,35.814998626709,0.0186899993568659,0.0050685815513134,118.495796203613,-85.4043,26.9211,29.4034326910937,63,63,63,63,61,63,0,7820,1.10622673185727,27,-85,0.001869,51,2026-04-11 05:33:26.000584,248,1.037,0.0011,"aoml_navis",1027.83278901699
"7901009",107,0,1,0.024297,1,0.001869,1,122.466693401858,1,4.86452856413507,250,1,14.3219995498657,35.8050003051758,0.0242970008403063,0.0101371631026268,118.093399047852,-85.4043,26.9211,29.4034326910937,63,63,63,63,61,63,0,7820,1.10622673185727,27,-85,0.001869,51,2026-04-11 05:33:26.000584,250,1.037,0.0011,"aoml_navis",1027.8488314086
"7901009",107,0,1,0.020559,1,-0.001869,1,121.994841713361,1,4.86447966531958,252,1,14.2869997024536,35.7970008850098,0.020558999851346,0.00675810873508453,117.638397216797,-85.4043,26.9211,29.4034326910937,63,63,63,63,61,63,0,7820,1.10622673185727,27,-85,0.001869,51,2026-04-11 05:33:26.000584,252,1.037,0.0011,"aoml_navis",1027.85916357028
"7901009",107,0,1,0.022428,1,0,1,121.727703304789,1,4.86439435815864,254,1,14.1990003585815,35.7840003967285,0.0224280003458261,0.00844763591885567,117.380798339844,-85.4043,26.9211,29.4034326910937,63,63,63,63,61,63,0,7820,1.10622673185727,27,-85,0.001869,51,2026-04-11 05:33:26.000584,254,1.037,0.0011,"aoml_navis",1027.87718919498
"7901009",107,0,1,0.020559,1,-0.001869,1,121.313513763007,1,4.86433739777256,256,1,14.1560001373291,35.7760009765625,0.020558999851346,0.00675810873508453,116.981399536133,-85.4043,26.9211,29.4034326910937,63,63,63,63,61,63,0,7820,1.10622673185727,27,-85,0.001869,51,2026-04-11 05:33:26.000584,256,1.037,0.0011,"aoml_navis",1027.88922542453
"7901009",107,0,1,0.024297,1,0.001869,1,120.830878113756,1,4.86428051213322,258,1,14.1129999160767,35.7680015563965,0.0242970008403063,0.0101371631026268,116.515998840332,-85.4043,26.9211,29.4034326910937,63,63,63,63,61,63,0,7820,1.10622673185727,27,-85,0.001869,51,2026-04-11 05:33:26.000584,258,1.037,0.0011,"aoml_navis",1027.90124614077
"7901009",107,0,1,0.024297,1,0.001869,1,120.303959391624,1,4.86421063338479,260,1,14.0430002212524,35.7560005187988,0.0242970008403063,0.0101371631026268,116.00789642334,-85.4043,26.9211,29.4034326910937,63,63,63,63,61,63,0,7820,1.10622673185727,27,-85,0.001869,51,2026-04-11 05:33:26.000584,260,1.037,0.0011,"aoml_navis",1027.91601286409
"7901009",107,0,1,0.022428,1,0,1,120.223075730007,1,4.86407370823009,262,1,13.8640003204346,35.7319984436035,0.0224280003458261,0.00844763591885567,115.929901123047,-85.4043,26.9211,29.4034326910937,63,63,63,63,61,63,0,7820,1.10622673185727,27,-85,0.001869,51,2026-04-11 05:33:26.000584,262,1.037,0.0011,"aoml_navis",1027.94494901258
"7901009",107,0,1,0.01869,1,-0.003738,1,119.937059456169,1,4.86401226966717,264,1,13.7980003356934,35.7190017700195,0.0186899993568659,0.0050685815513134,115.654098510742,-85.4043,26.9211,29.4034326910937,63,63,63,63,61,63,0,7820,1.10622673185727,27,-85,0.001869,51,2026-04-11 05:33:26.000584,264,1.037,0.0011,"aoml_navis",1027.95793324389
"7901009",107,0,1,0.020559,1,-0.001869,1,119.631548186515,1,4.86393626056804,266,1,13.7209997177124,35.7070007324219,0.020558999851346,0.00675810873508453,115.359497070312,-85.4043,26.9211,29.4034326910937,63,63,63,63,61,63,0,7820,1.10622673185727,27,-85,0.001869,51,2026-04-11 05:33:26.000584,266,1.037,0.0011,"aoml_navis",1027.97399722012
"7901009",107,0,1,0.024297,1,0.001869,1,119.657064161152,1,4.86383916495684,268,1,13.6009998321533,35.6889991760254,0.0242970008403063,0.0101371631026268,115.384101867676,-85.4043,26.9211,29.4034326910937,63,63,63,63,61,63,0,7820,1.10622673185727,27,-85,0.001869,51,2026-04-11 05:33:26.000584,268,1.037,0.0011,"aoml_navis",1027.99451840928
"7901009",107,0,1,0.020559,1,-0.001869,1,119.48615855863,1,4.86378464004078,270,1,13.5629997253418,35.681999206543,0.020558999851346,0.00675810873508453,115.219299316406,-85.4043,26.9211,29.4034326910937,63,63,63,63,61,63,0,7820,1.10622673185727,27,-85,0.001869,51,2026-04-11 05:33:26.000584,270,1.037,0.0011,"aoml_navis",1028.00604262735
"7901009",107,0,1,0.024297,1,0.001869,1,119.277718759619,1,4.86372045078999,272,1,13.5080003738403,35.6730003356934,0.0242970008403063,0.0101371631026268,115.01830291748,-85.4043,26.9211,29.4034326910937,63,63,63,63,61,63,0,7820,1.10622673185727,27,-85,0.001869,51,2026-04-11 05:33:26.000584,272,1.037,0.0011,"aoml_navis",1028.01960980053
"7901009",107,0,1,0.024297,1,0.001869,1,119.149331869561,1,4.8636430607943,274,1,13.4250001907349,35.6599998474121,0.0242970008403063,0.0101371631026268,114.894500732422,-85.4043,26.9211,29.4034326910937,63,63,63,63,61,63,0,7820,1.10622673185727,27,-85,0.001869,51,2026-04-11 05:33:26.000584,274,1.037,0.0011,"aoml_navis",1028.0359675867
"7901009",107,0,1,0.022428,1,0,1,118.828471455475,1,4.86358184878363,276,1,13.3690004348755,35.6500015258789,0.0224280003458261,0.00844763591885567,114.585098266602,-85.4043,26.9211,29.4034326910937,63,63,63,63,61,63,0,7820,1.10622673185727,27,-85,0.001869,51,2026-04-11 05:33:26.000584,276,1.037,0.0011,"aoml_navis",1028.04890622957
"7901009",107,0,1,0.024297,1,0.001869,1,118.57761579909,1,4.86352276711063,278,1,13.3149995803833,35.6399993896484,0.0242970008403063,0.0101371631026268,114.343200683594,-85.4043,26.9211,29.4034326910937,63,63,63,63,61,63,0,7820,1.10622673185727,27,-85,0.001869,51,2026-04-11 05:33:26.000584,278,1.037,0.0011,"aoml_navis",1028.0613948828
"7901009",107,0,1,0.020559,1,-0.001869,1,118.701018173172,1,4.8634180109704,280,1,13.173999786377,35.6189994812012,0.020558999851346,0.00675810873508453,114.462196350098,-85.4043,26.9211,29.4034326910937,63,63,63,63,61,63,0,7820,1.10622673185727,27,-85,0.001869,51,2026-04-11 05:33:26.000584,280,1.037,0.0011,"aoml_navis",1028.08353892705
"7901009",107,0,1,0.022428,1,0,1,118.413348305938,1,4.86333663020281,282,1,13.0819997787476,35.6049995422363,0.0224280003458261,0.00844763591885567,114.184799194336,-85.4043,26.9211,29.4034326910937,63,63,63,63,61,63,0,7820,1.10622673185727,27,-85,0.001869,51,2026-04-11 05:33:26.000584,282,1.037,0.0011,"aoml_navis",1028.10074238918
"7901009",107,0,1,0.020559,1,-0.001869,1,118.108667788947,1,4.86324557944159,284,1,12.9759998321533,35.5900001525879,0.020558999851346,0.00675810873508453,113.890998840332,-85.4043,26.9211,29.4034326910937,63,63,63,63,61,63,0,7820,1.10622673185727,27,-85,0.001869,51,2026-04-11 05:33:26.000584,284,1.037,0.0011,"aoml_navis",1028.11999071906
"7901009",107,0,1,0.022428,1,0,1,117.652687432271,1,4.86318641857487,286,1,12.9209995269775,35.5800018310547,0.0224280003458261,0.00844763591885567,113.451301574707,-85.4043,26.9211,29.4034326910937,63,63,63,63,61,63,0,7820,1.10622673185727,27,-85,0.001869,51,2026-04-11 05:33:26.000584,286,1.037,0.0011,"aoml_navis",1028.13249784186
"7901009",107,0,1,0.024297,1,0.001869,1,117.223457311331,1,4.86309828214177,288,1,12.8210000991821,35.5660018920898,0.0242970008403063,0.0101371631026268,113.037399291992,-85.4043,26.9211,29.4034326910937,63,63,63,63,61,63,0,7820,1.10622673185727,27,-85,0.001869,51,2026-04-11 05:33:26.000584,288,1.037,0.0011,"aoml_navis",1028.15113121628
"7901009",107,0,1,0.024297,1,0.001869,1,116.957149655421,1,4.86303250456842,290,1,12.7550001144409,35.5550003051758,0.0242970008403063,0.0101371631026268,112.780601501465,-85.4043,26.9211,29.4034326910937,63,63,63,63,61,63,0,7820,1.10622673185727,27,-85,0.001869,51,2026-04-11 05:33:26.000584,290,1.037,0.0011,"aoml_navis",1028.16503802985
"7901009",107,0,1,0.024297,1,0.001869,1,116.413331050553,1,4.86297683397481,292,1,12.7220001220703,35.5499992370605,0.0242970008403063,0.0101371631026268,112.256202697754,-85.4043,26.9211,29.4034326910937,63,63,63,63,61,63,0,7820,1.10622673185727,27,-85,0.001869,51,2026-04-11 05:33:26.000584,292,1.037,0.0011,"aoml_navis",1028.17680830143
"7901009",107,0,1,0.020559,1,-0.001869,1,115.884236547638,1,4.86291267988644,294,1,12.664999961853,35.5410003662109,0.020558999851346,0.00675810873508453,111.746002197266,-85.4043,26.9211,29.4034326910937,63,63,63,63,61,63,0,7820,1.10622673185727,27,-85,0.001869,51,2026-04-11 05:33:26.000584,294,1.037,0.0011,"aoml_navis",1028.19037254783
"7901009",107,0,1,0.020559,1,-0.001869,1,115.401284421183,1,4.8628456035514,296,1,12.6009998321533,35.5309982299805,0.020558999851346,0.00675810873508453,111.280296325684,-85.4043,26.9211,29.4034326910937,63,63,63,63,61,63,0,7820,1.10622673185727,27,-85,0.001869,51,2026-04-11 05:33:26.000584,296,1.037,0.0011,"aoml_navis",1028.20455503429
"7901009",107,0,1,0.026166,1,0.003738,1,115.103969911133,1,4.86276588236267,298,1,12.5159997940063,35.5190010070801,0.0261659994721413,0.0118266893550754,110.993598937988,-85.4043,26.9211,29.4034326910937,63,63,63,63,61,63,0,7820,1.10622673185727,27,-85,0.001869,51,2026-04-11 05:33:26.000584,298,1.037,0.0011,"aoml_navis",1028.22141163223
"7901009",107,0,1,0.024297,1,0.001869,1,114.900301005984,1,4.86270033297269,300,1,12.4569997787476,35.5099983215332,0.0242970008403063,0.0101371631026268,110.797203063965,-85.4043,26.9211,29.4034326910937,63,63,63,63,61,63,0,7820,1.10622673185727,27,-85,0.001869,51,2026-04-11 05:33:26.000584,300,1.037,0.0011,"aoml_navis",1028.23527209693
"7901009",107,0,1,0.028035,1,0.005607,1,114.699836432533,1,4.86264394064516,302,1,12.418999671936,35.5040016174316,0.0280349999666214,0.0135162174701691,110.603897094727,-85.4043,26.9211,29.4034326910937,63,63,63,63,61,63,0,7820,1.10622673185727,27,-85,0.001869,51,2026-04-11 05:33:26.000584,302,1.037,0.0011,"aoml_navis",1028.24719659334
"7901009",107,0,1,0.024297,1,0.001869,1,114.587012309022,1,4.86258777009234,304,1,12.3850002288818,35.4990005493164,0.0242970008403063,0.0101371631026268,110.495101928711,-85.4043,26.9211,29.4034326910937,63,63,63,63,61,63,0,7820,1.10622673185727,27,-85,0.001869,51,2026-04-11 05:33:26.000584,304,1.037,0.0011,"aoml_navis",1028.25907446912
"7901009",107,0,1,0.024297,1,0.001869,1,114.441100493749,1,4.8625347869547,306,1,12.3620004653931,35.4959983825684,0.0242970008403063,0.0101371631026268,110.354400634766,-85.4043,26.9211,29.4034326910937,63,63,63,63,61,63,0,7820,1.10622673185727,27,-85,0.001869,51,2026-04-11 05:33:26.000584,306,1.037,0.0011,"aoml_navis",1028.27027858271
"7901009",107,0,1,0.024297,1,0.001869,1,114.285235470385,1,4.8624864196248,308,1,12.3400001525879,35.492000579834,0.0242970008403063,0.0101371631026268,110.2041015625,-85.4043,26.9211,29.4034326910937,63,63,63,63,61,63,0,7820,1.10622673185727,27,-85,0.001869,51,2026-04-11 05:33:26.000584,308,1.037,0.0011,"aoml_navis",1028.2805068247
"7901009",107,0,1,0.026166,1,0.003738,1,114.242091715441,1,4.86242994892069,310,1,12.293999671936,35.484001159668,0.0261659994721413,0.0118266893550754,110.162498474121,-85.4043,26.9211,29.4034326910937,63,63,63,63,61,63,0,7820,1.10622673185727,27,-85,0.001869,51,2026-04-11 05:33:26.000584,310,1.037,0.0011,"aoml_navis",1028.29244894517
"7901009",107,0,1,0.024297,1,0.001869,1,114.305458363772,1,4.8623680142865,312,1,12.246000289917,35.4770011901855,0.0242970008403063,0.0101371631026268,110.223602294922,-85.4043,26.9211,29.4034326910937,63,63,63,63,61,63,0,7820,1.10622673185727,27,-85,0.001869,51,2026-04-11 05:33:26.000584,312,1.037,0.0011,"aoml_navis",1028.3055468671
"7901009",107,0,1,0.024297,1,0.001869,1,114.415900996317,1,4.86230794717944,314,1,12.1960000991821,35.4690017700195,0.0242970008403063,0.0101371631026268,110.330101013184,-85.4043,26.9211,29.4034326910937,63,63,63,63,61,63,0,7820,1.10622673185727,27,-85,0.001869,51,2026-04-11 05:33:26.000584,314,1.037,0.0011,"aoml_navis",1028.31825016357
"7901009",107,0,1,0.026166,1,0.003738,1,114.488698665351,1,4.86225407727881,316,1,12.1680002212524,35.4650001525879,0.0261659994721413,0.0118266893550754,110.400299072266,-85.4043,26.9211,29.4034326910937,63,63,63,63,61,63,0,7820,1.10622673185727,27,-85,0.001869,51,2026-04-11 05:33:26.000584,316,1.037,0.0011,"aoml_navis",1028.32964311036
"7901009",107,0,1,0.022428,1,0,1,114.40552845593,1,4.86220578258782,318,1,12.1420001983643,35.4599990844727,0.0224280003458261,0.00844763591885567,110.320098876953,-85.4043,26.9211,29.4034326910937,63,63,63,63,61,63,0,7820,1.10622673185727,27,-85,0.001869,51,2026-04-11 05:33:26.000584,318,1.037,0.0011,"aoml_navis",1028.33985717051
"7901009",107,0,1,0.024297,1,0.001869,1,114.378153177714,1,4.86214686912733,320,1,12.0930004119873,35.4519996643066,0.0242970008403063,0.0101371631026268,110.293701171875,-85.4043,26.9211,29.4034326910937,63,63,63,63,61,63,0,7820,1.10622673185727,27,-85,0.001869,51,2026-04-11 05:33:26.000584,320,1.037,0.0011,"aoml_navis",1028.35231731645
"7901009",107,0,1,0.026166,1,0.003738,1,114.50248915955,1,4.8620756972196,322,1,12.0229997634888,35.4420013427734,0.0261659994721413,0.0118266893550754,110.413597106934,-85.4043,26.9211,29.4034326910937,63,63,63,63,61,63,0,7820,1.10622673185727,27,-85,0.001869,51,2026-04-11 05:33:26.000584,322,1.037,0.0011,"aoml_navis",1028.36737051611
"7901009",107,0,1,0.024297,1,0.001869,1,114.46951223481,1,4.86202178245446,324,1,11.9829998016357,35.435001373291,0.0242970008403063,0.0101371631026268,110.381797790527,-85.4043,26.9211,29.4034326910937,63,63,63,63,61,63,0,7820,1.10622673185727,27,-85,0.001869,51,2026-04-11 05:33:26.000584,324,1.037,0.0011,"aoml_navis",1028.37877404076
"7901009",107,0,1,0.024297,1,0.001869,1,114.358341704694,1,4.86196340966763,326,1,11.9460000991821,35.4300003051758,0.0242970008403063,0.0101371631026268,110.274597167969,-85.4043,26.9211,29.4034326910937,63,63,63,63,61,63,0,7820,1.10622673185727,27,-85,0.001869,51,2026-04-11 05:33:26.000584,326,1.037,0.0011,"aoml_navis",1028.39112076777
"7901009",107,0,1,0.026166,1,0.003738,1,114.076684904352,1,4.86191641435459,328,1,11.9289999008179,35.4269981384277,0.0261659994721413,0.0118266893550754,110.002998352051,-85.4043,26.9211,29.4034326910937,63,63,63,63,61,63,0,7820,1.10622673185727,27,-85,0.001869,51,2026-04-11 05:33:26.000584,328,1.037,0.0011,"aoml_navis",1028.40106120248
"7901009",107,0,1,0.028035,1,0.005607,1,113.899354814572,1,4.86184742029521,330,1,11.8489999771118,35.4140014648438,0.0280349999666214,0.0135162174701691,109.832000732422,-85.4043,26.9211,29.4034326910937,63,63,63,63,61,63,0,7820,1.10622673185727,27,-85,0.001869,51,2026-04-11 05:33:26.000584,330,1.037,0.0011,"aoml_navis",1028.41565515365
"7901009",107,0,1,0.024297,1,0.001869,1,113.863782776753,1,4.86176765600745,332,1,11.7609996795654,35.4020004272461,0.0242970008403063,0.0101371631026268,109.797698974609,-85.4043,26.9211,29.4034326910937,63,63,63,63,61,63,0,7820,1.10622673185727,27,-85,0.001869,51,2026-04-11 05:33:26.000584,332,1.037,0.0011,"aoml_navis",1028.43252779094
"7901009",107,0,1,0.024297,1,0.001869,1,113.700140326081,1,4.86170402329131,334,1,11.710000038147,35.3950004577637,0.0242970008403063,0.0101371631026268,109.63990020752,-85.4043,26.9211,29.4034326910937,63,63,63,63,61,63,0,7820,1.10622673185727,27,-85,0.001869,51,2026-04-11 05:33:26.000584,334,1.037,0.0011,"aoml_navis",1028.44598849419
"7901009",107,0,1,0.026166,1,0.003738,1,113.458201414941,1,4.861649669917,336,1,11.66100025177,35.3860015869141,0.0261659994721413,0.0118266893550754,109.406600952148,-85.4043,26.9211,29.4034326910937,63,63,63,63,61,63,0,7820,1.10622673185727,27,-85,0.001869,51,2026-04-11 05:33:26.000584,336,1.037,0.0011,"aoml_navis",1028.45748654805
"7901009",107,0,1,0.026166,1,0.003738,1,113.404582264518,1,4.86156879885872,338,1,11.5749998092651,35.375,0.0261659994721413,0.0118266893550754,109.35489654541,-85.4043,26.9211,29.4034326910937,63,63,63,63,61,63,0,7820,1.10622673185727,27,-85,0.001869,51,2026-04-11 05:33:26.000584,338,1.037,0.0011,"aoml_navis",1028.47459469745
"7901009",107,0,1,0.024297,1,0.001869,1,113.183285579061,1,4.86152295786136,340,1,11.5509996414185,35.3699989318848,0.0242970008403063,0.0101371631026268,109.141502380371,-85.4043,26.9211,29.4034326910937,63,63,63,63,61,63,0,7820,1.10622673185727,27,-85,0.001869,51,2026-04-11 05:33:26.000584,340,1.037,0.0011,"aoml_navis",1028.4842925435
"7901009",107,0,1,0.024297,1,0.001869,1,113.088706366407,1,4.86144703090765,342,1,11.4739999771118,35.3600006103516,0.0242970008403063,0.0101371631026268,109.050300598145,-85.4043,26.9211,29.4034326910937,63,63,63,63,61,63,0,7820,1.10622673185727,27,-85,0.001869,51,2026-04-11 05:33:26.000584,342,1.037,0.0011,"aoml_navis",1028.50035559607
"7901009",107,0,1,0.022428,1,0,1,113.157769604424,1,4.86137322628923,344,1,11.3950004577637,35.3489990234375,0.0224280003458261,0.00844763591885567,109.116897583008,-85.4043,26.9211,29.4034326910937,63,63,63,63,61,63,0,7820,1.10622673185727,27,-85,0.001869,51,2026-04-11 05:33:26.000584,344,1.037,0.0011,"aoml_navis",1028.51597012982
"7901009",107,0,1,0.026166,1,0.003738,1,113.078539536202,1,4.86132475499338,346,1,11.3760004043579,35.3460006713867,0.0261659994721413,0.0118266893550754,109.040496826172,-85.4043,26.9211,29.4034326910937,63,63,63,63,61,63,0,7820,1.10622673185727,27,-85,0.001869,51,2026-04-11 05:33:26.000584,346,1.037,0.0011,"aoml_navis",1028.52622525664
"7901009",107,0,1,0.026166,1,0.003738,1,112.97753583629,1,4.86128170868268,348,1,11.3669996261597,35.3440017700195,0.0261659994721413,0.0118266893550754,108.943099975586,-85.4043,26.9211,29.4034326910937,63,63,63,63,61,63,0,7820,1.10622673185727,27,-85,0.001869,51,2026-04-11 05:33:26.000584,348,1.037,0.0011,"aoml_navis",1028.53533278468
"7901009",107,0,1,0.024297,1,0.001869,1,112.827058837338,1,4.86123955426477,350,1,11.3629999160767,35.3429985046387,0.0242970008403063,0.0101371631026268,108.797996520996,-85.4043,26.9211,29.4034326910937,63,63,63,63,61,63,0,7820,1.10622673185727,27,-85,0.001869,51,2026-04-11 05:33:26.000584,350,1.037,0.0011,"aoml_navis",1028.54425176671
"7901009",107,0,1,0.026166,1,0.003738,1,112.646825069204,1,4.8611848725123,352,1,11.3249998092651,35.3370018005371,0.0261659994721413,0.0118266893550754,108.624198913574,-85.4043,26.9211,29.4034326910937,63,63,63,63,61,63,0,7820,1.10622673185727,27,-85,0.001869,51,2026-04-11 05:33:26.000584,352,1.037,0.0011,"aoml_navis",1028.55582149789
"7901009",107,0,1,0.031773,1,0.009345,1,112.586884286615,1,4.86111591041586,354,1,11.2629995346069,35.3289985656738,0.0317730009555817,0.0168952718377113,108.566398620605,-85.4043,26.9211,29.4034326910937,63,63,63,63,61,63,0,7820,1.10622673185727,27,-85,0.001869,51,2026-04-11 05:33:26.000584,354,1.037,0.0011,"aoml_navis",1028.57041307872
"7901009",107,0,1,0.028035,1,0.005607,1,112.401468204253,1,4.86107289870896,356,1,11.253999710083,35.3269996643066,0.0280349999666214,0.0135162174701691,108.387603759766,-85.4043,26.9211,29.4034326910937,63,63,63,63,61,63,0,7820,1.10622673185727,27,-85,0.001869,51,2026-04-11 05:33:26.000584,356,1.037,0.0011,"aoml_navis",1028.57951406735
"7901009",107,0,1,0.024297,1,0.001869,1,112.333852849447,1,4.8610110535953,358,1,11.2159996032715,35.3230018615723,0.0242970008403063,0.0101371631026268,108.322402954102,-85.4043,26.9211,29.4034326910937,63,63,63,63,61,63,0,7820,1.10622673185727,27,-85,0.001869,51,2026-04-11 05:33:26.000584,358,1.037,0.0011,"aoml_navis",1028.59260036076
"7901009",107,0,1,0.028035,1,0.005607,1,112.236987088988,1,4.86096903323929,360,1,11.2040004730225,35.3199996948242,0.0280349999666214,0.0135162174701691,108.228996276855,-85.4043,26.9211,29.4034326910937,63,63,63,63,61,63,0,7820,1.10622673185727,27,-85,0.001869,51,2026-04-11 05:33:26.000584,360,1.037,0.0011,"aoml_navis",1028.60149196796
"7901009",107,0,1,0.026166,1,0.003738,1,112.059348433934,1,4.86091349516423,362,1,11.1770000457764,35.3170013427734,0.0261659994721413,0.0118266893550754,108.05770111084,-85.4043,26.9211,29.4034326910937,63,63,63,63,61,63,0,7820,1.10622673185727,27,-85,0.001869,51,2026-04-11 05:33:26.000584,362,1.037,0.0011,"aoml_navis",1028.6132441925
"7901009",107,0,1,0.024297,1,0.001869,1,111.941128374081,1,4.86085282445669,364,1,11.1319999694824,35.3110008239746,0.0242970008403063,0.0101371631026268,107.943702697754,-85.4043,26.9211,29.4034326910937,63,63,63,63,61,63,0,7820,1.10622673185727,27,-85,0.001869,51,2026-04-11 05:33:26.000584,364,1.037,0.0011,"aoml_navis",1028.626082823
"7901009",107,0,1,0.029904,1,0.007476,1,111.797083774316,1,4.86079867705494,366,1,11.0860004425049,35.3030014038086,0.0299040004611015,0.0152057446539402,107.804801940918,-85.4043,26.9211,29.4034326910937,63,63,63,63,61,63,0,7820,1.10622673185727,27,-85,0.001869,51,2026-04-11 05:33:26.000584,366,1.037,0.0011,"aoml_navis",1028.63754131644
"7901009",107,0,1,0.022428,1,0,1,111.698872985736,1,4.86073033238029,368,1,11.0240001678467,35.2949981689453,0.0224280003458261,0.00844763591885567,107.710098266602,-85.4043,26.9211,29.4034326910937,63,63,63,63,61,63,0,7820,1.10622673185727,27,-85,0.001869,51,2026-04-11 05:33:26.000584,368,1.037,0.0011,"aoml_navis",1028.65200455412
"7901009",107,0,1,0.026166,1,0.003738,1,111.714324985261,1,4.86066481293987,370,1,10.9650001525879,35.2869987487793,0.0261659994721413,0.0118266893550754,107.724998474121,-85.4043,26.9211,29.4034326910937,63,63,63,63,61,63,0,7820,1.10622673185727,27,-85,0.001869,51,2026-04-11 05:33:26.000584,370,1.037,0.0011,"aoml_navis",1028.6658702919
"7901009",107,0,1,0.028035,1,0.005607,1,111.819996723943,1,4.86060899113587,372,1,10.9250001907349,35.2809982299805,0.0280349999666214,0.0135162174701691,107.82689666748,-85.4043,26.9211,29.4034326910937,63,63,63,63,61,63,0,7820,1.10622673185727,27,-85,0.001869,51,2026-04-11 05:33:26.000584,372,1.037,0.0011,"aoml_navis",1028.67768403472
"7901009",107,0,1,0.028035,1,0.005607,1,111.915715254535,1,4.86055233417949,374,1,10.8839998245239,35.2750015258789,0.0280349999666214,0.0135162174701691,107.91919708252,-85.4043,26.9211,29.4034326910937,63,63,63,63,61,63,0,7820,1.10622673185727,27,-85,0.001869,51,2026-04-11 05:33:26.000584,374,1.037,0.0011,"aoml_navis",1028.68967480093
"7901009",107,0,1,0.029904,1,0.007476,1,111.973788821616,1,4.86050779456888,376,1,10.8690004348755,35.2719993591309,0.0299040004611015,0.0152057446539402,107.975196838379,-85.4043,26.9211,29.4034326910937,63,63,63,63,61,63,0,7820,1.10622673185727,27,-85,0.001869,51,2026-04-11 05:33:26.000584,376,1.037,0.0011,"aoml_navis",1028.6991012723
"7901009",107,0,1,0.026166,1,0.003738,1,112.252336233421,1,4.86044973509038,378,1,10.8179998397827,35.2639999389648,0.0261659994721413,0.0118266893550754,108.243797302246,-85.4043,26.9211,29.4034326910937,63,63,63,63,61,63,0,7820,1.10622673185727,27,-85,0.001869,51,2026-04-11 05:33:26.000584,378,1.037,0.0011,"aoml_navis",1028.71138938072
"7901009",107,0,1,0.026166,1,0.003738,1,112.581496262203,1,4.86036683026815,380,1,10.7220001220703,35.2519989013672,0.0261659994721413,0.0118266893550754,108.56120300293,-85.4043,26.9211,29.4034326910937,63,63,63,63,61,63,0,7820,1.10622673185727,27,-85,0.001869,51,2026-04-11 05:33:26.000584,380,1.037,0.0011,"aoml_navis",1028.72893643794
"7901009",107,0,1,0.028035,1,0.005607,1,112.372842841079,1,4.86031849365892,382.100006103516,1,10.7049999237061,35.2490005493164,0.0280349999666214,0.0135162174701691,108.360000610352,-85.4043,26.9211,29.4034326910937,63,63,63,63,61,63,0,7820,1.10622673185727,27,-85,0.001869,51,2026-04-11 05:33:26.000584,382.100006103516,1.037,0.0011,"aoml_navis",1028.73916730422
"7901009",107,0,1,0.026166,1,0.003738,1,111.995570365236,1,4.8602828818327,384,1,10.706000328064,35.2480010986328,0.0261659994721413,0.0118266893550754,107.996200561523,-85.4043,26.9211,29.4034326910937,63,63,63,63,61,63,0,7820,1.10622673185727,27,-85,0.001869,51,2026-04-11 05:33:26.000584,384,1.037,0.0011,"aoml_navis",1028.74670498903
"7901009",107,0,1,0.024297,1,0.001869,1,111.800296017945,1,4.86022892967556,386,1,10.6759996414185,35.2439994812012,0.0242970008403063,0.0101371631026268,107.807899475098,-85.4043,26.9211,29.4034326910937,63,63,63,63,61,63,0,7820,1.10622673185727,27,-85,0.001869,51,2026-04-11 05:33:26.000584,386,1.037,0.0011,"aoml_navis",1028.75812484285
"7901009",107,0,1,0.028035,1,0.005607,1,111.845196221376,1,4.86015044565651,388,1,10.5970001220703,35.2350006103516,0.0280349999666214,0.0135162174701691,107.851196289062,-85.4043,26.9211,29.4034326910937,63,63,63,63,61,63,0,7820,1.10622673185727,27,-85,0.001869,51,2026-04-11 05:33:26.000584,388,1.037,0.0011,"aoml_navis",1028.77473771794
"7901009",107,0,1,0.024297,1,0.001869,1,111.708414773461,1,4.86010500398883,390,1,10.585000038147,35.2330017089844,0.0242970008403063,0.0101371631026268,107.719299316406,-85.4043,26.9211,29.4034326910937,63,63,63,63,61,63,0,7820,1.10622673185727,27,-85,0.001869,51,2026-04-11 05:33:26.000584,390,1.037,0.0011,"aoml_navis",1028.78435669525
"7901009",107,0,1,0.024297,1,0.001869,1,111.573706251238,1,4.86006132934776,392,1,10.5749998092651,35.2309989929199,0.0242970008403063,0.0101371631026268,107.589401245117,-85.4043,26.9211,29.4034326910937,63,63,63,63,61,63,0,7820,1.10622673185727,27,-85,0.001869,51,2026-04-11 05:33:26.000584,392,1.037,0.0011,"aoml_navis",1028.79360180235
"7901009",107,0,1,0.033642,1,0.011214,1,111.486698755708,1,4.86001502433166,394,1,10.5620002746582,35.2290000915527,0.0336420014500618,0.0185847990214825,107.505500793457,-85.4043,26.9211,29.4034326910937,63,63,63,63,61,63,0,7820,1.10622673185727,27,-85,0.001869,51,2026-04-11 05:33:26.000584,394,1.037,0.0011,"aoml_navis",1028.80340389227
"7901009",107,0,1,0.024297,1,0.001869,1,111.394192468745,1,4.85996453924319,396,1,10.539999961853,35.226001739502,0.0242970008403063,0.0101371631026268,107.416297912598,-85.4043,26.9211,29.4034326910937,63,63,63,63,61,63,0,7820,1.10622673185727,27,-85,0.001869,51,2026-04-11 05:33:26.000584,396,1.037,0.0011,"aoml_navis",1028.81409105479
"7901009",107,0,1,0.026166,1,0.003738,1,111.235732332302,1,4.85991321528763,398,1,10.5170001983643,35.2229995727539,0.0261659994721413,0.0118266893550754,107.263496398926,-85.4043,26.9211,29.4034326910937,63,63,63,63,61,63,0,7820,1.10622673185727,27,-85,0.001869,51,2026-04-11 05:33:26.000584,398,1.037,0.0011,"aoml_navis",1028.82495602426
"7901009",107,0,1,0.026166,1,0.003738,1,111.165529776347,1,4.85985841426605,400,1,10.4899997711182,35.2200012207031,0.0261659994721413,0.0118266893550754,107.19580078125,-85.4043,26.9211,29.4034326910937,63,63,63,63,61,63,0,7820,1.10622673185727,27,-85,0.001869,51,2026-04-11 05:33:26.000584,400,1.037,0.0011,"aoml_navis",1028.8365573208
"7901009",107,0,1,0.031773,1,0.009345,1,111.083190319588,1,4.85980906578625,402,1,10.4650001525879,35.2159996032715,0.0317730009555817,0.0168952718377113,107.116401672363,-85.4043,26.9211,29.4034326910937,63,63,63,63,61,63,0,7820,1.10622673185727,27,-85,0.001869,51,2026-04-11 05:33:26.000584,402,1.037,0.0011,"aoml_navis",1028.84700454607
"7901009",107,0,1,0.026166,1,0.003738,1,110.998050039566,1,4.85976126862365,404,1,10.4460000991821,35.2130012512207,0.0261659994721413,0.0118266893550754,107.034301757812,-85.4043,26.9211,29.4034326910937,63,63,63,63,61,63,0,7820,1.10622673185727,27,-85,0.001869,51,2026-04-11 05:33:26.000584,404,1.037,0.0011,"aoml_navis",1028.85712355497
"7901009",107,0,1,0.026166,1,0.003738,1,110.912909759545,1,4.85971022636557,406,1,10.418999671936,35.2089996337891,0.0261659994721413,0.0118266893550754,106.952201843262,-85.4043,26.9211,29.4034326910937,63,63,63,63,61,63,0,7820,1.10622673185727,27,-85,0.001869,51,2026-04-11 05:33:26.000584,406,1.037,0.0011,"aoml_navis",1028.86792979411
"7901009",107,0,1,0.028035,1,0.005607,1,110.871221799743,1,4.85964923380055,408,1,10.3719997406006,35.2029991149902,0.0280349999666214,0.0135162174701691,106.912002563477,-85.4043,26.9211,29.4034326910937,63,63,63,63,61,63,0,7820,1.10622673185727,27,-85,0.001869,51,2026-04-11 05:33:26.000584,408,1.037,0.0011,"aoml_navis",1028.88084292653
"7901009",107,0,1,0.022428,1,0,1,110.847367330431,1,4.85959178997213,410,1,10.3290004730225,35.1969985961914,0.0224280003458261,0.00844763591885567,106.888999938965,-85.4043,26.9211,29.4034326910937,63,63,63,63,61,63,0,7820,1.10622673185727,27,-85,0.001869,51,2026-04-11 05:33:26.000584,410,1.037,0.0011,"aoml_navis",1028.89300502927
"7901009",107,0,1,0.028035,1,0.005607,1,110.845919447219,1,4.859530737874,412,1,10.28600025177,35.1920013427734,0.0280349999666214,0.0135162174701691,106.887603759766,-85.4043,26.9211,29.4034326910937,63,63,63,63,61,63,0,7820,1.10622673185727,27,-85,0.001869,51,2026-04-11 05:33:26.000584,412,1.037,0.0011,"aoml_navis",1028.90593139605
"7901009",107,0,1,0.031773,1,0.009345,1,110.860746404264,1,4.85948268128089,414,1,10.2580003738403,35.1870002746582,0.0317730009555817,0.0168952718377113,106.901901245117,-85.4043,26.9211,29.4034326910937,63,63,63,63,61,63,0,7820,1.10622673185727,27,-85,0.001869,51,2026-04-11 05:33:26.000584,414,1.037,0.0011,"aoml_navis",1028.9161064943
"7901009",107,0,1,0.026166,1,0.003738,1,110.850271008785,1,4.85941304816481,416,1,10.1920003890991,35.1790008544922,0.0261659994721413,0.0118266893550754,106.891799926758,-85.4043,26.9211,29.4034326910937,63,63,63,63,61,63,0,7820,1.10622673185727,27,-85,0.001869,51,2026-04-11 05:33:26.000584,416,1.037,0.0011,"aoml_navis",1028.93085038085
"7901009",107,0,1,0.031773,1,0.009345,1,110.850682429151,1,4.85935849843641,418,1,10.1520004272461,35.1730003356934,0.0317730009555817,0.0168952718377113,106.892196655273,-85.4043,26.9211,29.4034326910937,63,63,63,63,61,63,0,7820,1.10622673185727,27,-85,0.001869,51,2026-04-11 05:33:26.000584,418,1.037,0.0011,"aoml_navis",1028.94240085576
"7901009",107,0,1,0.028035,1,0.005607,1,110.850168153694,1,4.85930717710476,420,1,10.1199998855591,35.1679992675781,0.0280349999666214,0.0135162174701691,106.891700744629,-85.4043,26.9211,29.4034326910937,63,63,63,63,61,63,0,7820,1.10622673185727,27,-85,0.001869,51,2026-04-11 05:33:26.000584,420,1.037,0.0011,"aoml_navis",1028.95326797987
"7901009",107,0,1,0.029904,1,0.007476,1,110.908755996232,1,4.85923820658785,422,1,10.0500001907349,35.1590003967285,0.0299040004611015,0.0152057446539402,106.948196411133,-85.4043,26.9211,29.4034326910937,63,63,63,63,61,63,0,7820,1.10622673185727,27,-85,0.001869,51,2026-04-11 05:33:26.000584,422,1.037,0.0011,"aoml_navis",1028.96787262277
"7901009",107,0,1,0.024297,1,0.001869,1,110.989339004504,1,4.85916551086285,424,1,9.9709997177124,35.148998260498,0.0242970008403063,0.0101371631026268,107.025901794434,-85.4043,26.9211,29.4034326910937,63,63,63,63,61,63,0,7820,1.10622673185727,27,-85,0.001869,51,2026-04-11 05:33:26.000584,424,1.037,0.0011,"aoml_navis",1028.98326653462
"7901009",107,0,1,0.028035,1,0.005607,1,111.156193698805,1,4.8590894094017,426,1,9.89200019836426,35.1399993896484,0.0280349999666214,0.0135162174701691,107.186798095703,-85.4043,26.9211,29.4034326910937,63,63,63,63,61,63,0,7820,1.10622673185727,27,-85,0.001869,51,2026-04-11 05:33:26.000584,426,1.037,0.0011,"aoml_navis",1028.99938213231
"7901009",107,0,1,0.024297,1,0.001869,1,111.273590917926,1,4.85903147166551,428,1,9.8430004119873,35.132999420166,0.0242970008403063,0.0101371631026268,107.300003051758,-85.4043,26.9211,29.4034326910937,63,63,63,63,61,63,0,7820,1.10622673185727,27,-85,0.001869,51,2026-04-11 05:33:26.000584,428,1.037,0.0011,"aoml_navis",1029.01165163398
"7901009",107,0,1,0.031773,1,0.009345,1,111.321086234436,1,4.85897972779633,430,1,9.8100004196167,35.1279983520508,0.0317730009555817,0.0168952718377113,107.345802307129,-85.4043,26.9211,29.4034326910937,63,63,63,63,61,63,0,7820,1.10622673185727,27,-85,0.001869,51,2026-04-11 05:33:26.000584,430,1.037,0.0011,"aoml_navis",1029.02260970486
"7901009",107,0,1,0.031773,1,0.009345,1,111.389113009608,1,4.85892014558674,432,1,9.77200031280518,35.1240005493164,0.0317730009555817,0.0168952718377113,107.411399841309,-85.4043,26.9211,29.4034326910937,63,63,63,63,61,63,0,7820,1.10622673185727,27,-85,0.001869,51,2026-04-11 05:33:26.000584,432,1.037,0.0011,"aoml_navis",1029.03522803136
"7901009",107,0,1,0.028035,1,0.005607,1,111.376770398621,1,4.85887808474523,434,1,9.76799964904785,35.1230010986328,0.0280349999666214,0.0135162174701691,107.39949798584,-85.4043,26.9211,29.4034326910937,63,63,63,63,61,63,0,7820,1.10622673185727,27,-85,0.001869,51,2026-04-11 05:33:26.000584,434,1.037,0.0011,"aoml_navis",1029.04413586705
"7901009",107,0,1,0.028035,1,0.005607,1,111.293291623925,1,4.85883803812873,436,1,9.76200008392334,35.1209983825684,0.0280349999666214,0.0135162174701691,107.319000244141,-85.4043,26.9211,29.4034326910937,63,63,63,63,61,63,0,7820,1.10622673185727,27,-85,0.001869,51,2026-04-11 05:33:26.000584,436,1.037,0.0011,"aoml_navis",1029.05261726436
"7901009",107,0,1,0.029904,1,0.007476,1,111.232622943764,1,4.85878489539562,438,1,9.73600006103516,35.1180000305176,0.0299040004611015,0.0152057446539402,107.260498046875,-85.4043,26.9211,29.4034326910937,63,63,63,63,61,63,0,7820,1.10622673185727,27,-85,0.001869,51,2026-04-11 05:33:26.000584,438,1.037,0.0011,"aoml_navis",1029.06387247935
"7901009",107,0,1,0.029904,1,0.007476,1,111.212819382674,1,4.85871808502074,440,1,9.67599964141846,35.1110000610352,0.0299040004611015,0.0152057446539402,107.241401672363,-85.4043,26.9211,29.4034326910937,63,63,63,63,61,63,0,7820,1.10622673185727,27,-85,0.001869,51,2026-04-11 05:33:26.000584,440,1.037,0.0011,"aoml_navis",1029.07802274325
"7901009",107,0,1,0.024297,1,0.001869,1,111.225573414027,1,4.8586641994796,442,1,9.64900016784668,35.1080017089844,0.0242970008403063,0.0101371631026268,107.253700256348,-85.4043,26.9211,29.4034326910937,63,63,63,63,61,63,0,7820,1.10622673185727,27,-85,0.001869,51,2026-04-11 05:33:26.000584,442,1.037,0.0011,"aoml_navis",1029.08943584443
"7901009",107,0,1,0.031773,1,0.009345,1,111.225161993661,1,4.85861784955217,444,1,9.63099956512451,35.1049995422363,0.0317730009555817,0.0168952718377113,107.253303527832,-85.4043,26.9211,29.4034326910937,63,63,63,63,61,63,0,7820,1.10622673185727,27,-85,0.001869,51,2026-04-11 05:33:26.000584,444,1.037,0.0011,"aoml_navis",1029.09925308509
"7901009",107,0,1,0.028035,1,0.005607,1,111.288109309696,1,4.85855558227185,446,1,9.58500003814697,35.0999984741211,0.0280349999666214,0.0135162174701691,107.314002990723,-85.4043,26.9211,29.4034326910937,63,63,63,63,61,63,0,7820,1.10622673185727,27,-85,0.001869,51,2026-04-11 05:33:26.000584,446,1.037,0.0011,"aoml_navis",1029.11244202789
"7901009",107,0,1,0.026166,1,0.003738,1,111.437541933873,1,4.85848998727263,448,1,9.52600002288818,35.0929985046387,0.0261659994721413,0.0118266893550754,107.458099365234,-85.4043,26.9211,29.4034326910937,63,63,63,63,61,63,0,7820,1.10622673185727,27,-85,0.001869,51,2026-04-11 05:33:26.000584,448,1.037,0.0011,"aoml_navis",1029.12633618636
"7901009",107,0,1,0.029904,1,0.007476,1,111.579205042671,1,4.85843737372978,450,1,9.48700046539307,35.0870018005371,0.0299040004611015,0.0152057446539402,107.594703674316,-85.4043,26.9211,29.4034326910937,63,63,63,63,61,63,0,7820,1.10622673185727,27,-85,0.001869,51,2026-04-11 05:33:26.000584,450,1.037,0.0011,"aoml_navis",1029.13748091838
"7901009",107,0,1,0.026166,1,0.003738,1,111.855774471946,1,4.85836748777998,452,1,9.41800022125244,35.0789985656738,0.0261659994721413,0.0118266893550754,107.861396789551,-85.4043,26.9211,29.4034326910937,63,63,63,63,61,63,0,7820,1.10622673185727,27,-85,0.001869,51,2026-04-11 05:33:26.000584,452,1.037,0.0011,"aoml_navis",1029.15228470803
"7901009",107,0,1,0.029904,1,0.007476,1,111.990799471374,1,4.85830725030306,454,1,9.36499977111816,35.0719985961914,0.0299040004611015,0.0152057446539402,107.991600036621,-85.4043,26.9211,29.4034326910937,63,63,63,63,61,63,0,7820,1.10622673185727,27,-85,0.001869,51,2026-04-11 05:33:26.000584,454,1.037,0.0011,"aoml_navis",1029.16504502429
"7901009",107,0,1,0.029904,1,0.007476,1,111.991005181557,1,4.8582471348659,456,1,9.32100009918213,35.0670013427734,0.0299040004611015,0.0152057446539402,107.991798400879,-85.4043,26.9211,29.4034326910937,63,63,63,63,61,63,0,7820,1.10622673185727,27,-85,0.001869,51,2026-04-11 05:33:26.000584,456,1.037,0.0011,"aoml_navis",1029.17777980391
"7901009",107,0,1,0.029904,1,0.007476,1,112.03601615201,1,4.85819528199703,458,1,9.30500030517578,35.0660018920898,0.0299040004611015,0.0152057446539402,108.035202026367,-85.4043,26.9211,29.4034326910937,63,63,63,63,61,63,0,7820,1.10622673185727,27,-85,0.001869,51,2026-04-11 05:33:26.000584,458,1.037,0.0011,"aoml_navis",1029.18876450448
"7901009",107,0,1,0.026166,1,0.003738,1,112.002619894973,1,4.85815449032054,460,1,9.29800033569336,35.0639991760254,0.0261659994721413,0.0118266893550754,108.002998352051,-85.4043,26.9211,29.4034326910937,63,63,63,63,61,63,0,7820,1.10622673185727,27,-85,0.001869,51,2026-04-11 05:33:26.000584,460,1.037,0.0011,"aoml_navis",1029.19740612656
"7901009",107,0,1,0.029904,1,0.007476,1,112.055408292734,1,4.85809652749972,462,1,9.26099967956543,35.060001373291,0.0299040004611015,0.0152057446539402,108.053901672363,-85.4043,26.9211,29.4034326910937,63,63,63,63,61,63,0,7820,1.10622673185727,27,-85,0.001869,51,2026-04-11 05:33:26.000584,462,1.037,0.0011,"aoml_navis",1029.20968566537
"7901009",107,0,1,0.026166,1,0.003738,1,112.021078427943,1,4.85804595424506,464,1,9.24199962615967,35.0579986572266,0.0261659994721413,0.0118266893550754,108.020797729492,-85.4043,26.9211,29.4034326910937,63,63,63,63,61,63,0,7820,1.10622673185727,27,-85,0.001869,51,2026-04-11 05:33:26.000584,464,1.037,0.0011,"aoml_navis",1029.22039994926
"7901009",107,0,1,0.033642,1,0.011214,1,112.032487431176,1,4.85800066997473,466,1,9.23400020599365,35.056999206543,0.0336420014500618,0.0185847990214825,108.031799316406,-85.4043,26.9211,29.4034326910937,63,63,63,63,61,63,0,7820,1.10622673185727,27,-85,0.001869,51,2026-04-11 05:33:26.000584,466,1.037,0.0011,"aoml_navis",1029.22999391559
"7901009",107,0,1,0.028035,1,0.005607,1,112.133807608293,1,4.85795377900458,468,1,9.21500015258789,35.0540008544922,0.0280349999666214,0.0135162174701691,108.129501342773,-85.4043,26.9211,29.4034326910937,63,63,63,63,61,63,0,7820,1.10622673185727,27,-85,0.001869,51,2026-04-11 05:33:26.000584,468,1.037,0.0011,"aoml_navis",1029.23992846728
"7901009",107,0,1,0.031773,1,0.009345,1,112.286768953303,1,4.85788786842073,470,1,9.15900039672852,35.0480003356934,0.0317730009555817,0.0168952718377113,108.277000427246,-85.4043,26.9211,29.4034326910937,63,63,63,63,61,63,0,7820,1.10622673185727,27,-85,0.001869,51,2026-04-11 05:33:26.000584,470,1.037,0.0011,"aoml_navis",1029.25389293217
"7901009",107,0,1,0.029904,1,0.007476,1,112.338932308584,1,4.85784185791225,472,1,9.14099979400635,35.0449981689453,0.0299040004611015,0.0152057446539402,108.327301025391,-85.4043,26.9211,29.4034326910937,63,63,63,63,61,63,0,7820,1.10622673185727,27,-85,0.001869,51,2026-04-11 05:33:26.000584,472,1.037,0.0011,"aoml_navis",1029.26364139586
"7901009",107,0,1,0.029904,1,0.007476,1,112.398145193602,1,4.85779179329174,474,1,9.11800003051758,35.0419998168945,0.0299040004611015,0.0152057446539402,108.384399414062,-85.4043,26.9211,29.4034326910937,63,63,63,63,61,63,0,7820,1.10622673185727,27,-85,0.001869,51,2026-04-11 05:33:26.000584,474,1.037,0.0011,"aoml_navis",1029.2742490332
"7901009",107,0,1,0.028035,1,0.005607,1,112.591449470294,1,4.85772655919269,476,1,9.05799961090088,35.0349998474121,0.0280349999666214,0.0135162174701691,108.57080078125,-85.4043,26.9211,29.4034326910937,63,63,63,63,61,63,0,7820,1.10622673185727,27,-85,0.001869,51,2026-04-11 05:33:26.000584,476,1.037,0.0011,"aoml_navis",1029.28807109121
"7901009",107,0,1,0.026166,1,0.003738,1,112.770543920491,1,4.85765780679915,478,1,8.9980001449585,35.0289993286133,0.0261659994721413,0.0118266893550754,108.743499755859,-85.4043,26.9211,29.4034326910937,63,63,63,63,61,63,0,7820,1.10622673185727,27,-85,0.001869,51,2026-04-11 05:33:26.000584,478,1.037,0.0011,"aoml_navis",1029.30263902114
"7901009",107,0,1,0.029904,1,0.007476,1,112.830073282714,1,4.85760351672477,480,1,8.96500015258789,35.0250015258789,0.0299040004611015,0.0152057446539402,108.800903320312,-85.4043,26.9211,29.4034326910937,63,63,63,63,61,63,0,7820,1.10622673185727,27,-85,0.001869,51,2026-04-11 05:33:26.000584,480,1.037,0.0011,"aoml_navis",1029.31414282474
"7901009",107,0,1,0.028035,1,0.005607,1,112.820317872876,1,4.85755608576759,481.899993896484,1,8.94699954986572,35.0229988098145,0.0280349999666214,0.0135162174701691,108.791496276855,-85.4043,26.9211,29.4034326910937,63,63,63,63,61,63,0,7820,1.10622673185727,27,-85,0.001869,51,2026-04-11 05:33:26.000584,481.899993896484,1.037,0.0011,"aoml_navis",1029.32419342512
"7901009",107,0,1,0.029904,1,0.007476,1,112.891050528149,1,4.85750648172606,484,1,8.92700004577637,35.0200004577637,0.0299040004611015,0.0152057446539402,108.859703063965,-85.4043,26.9211,29.4034326910937,63,63,63,63,61,63,0,7820,1.10622673185727,27,-85,0.001869,51,2026-04-11 05:33:26.000584,484,1.037,0.0011,"aoml_navis",1029.33470471115
"7901009",107,0,1,0.028035,1,0.005607,1,113.011857789151,1,4.85744669654867,486,1,8.88700008392334,35.015998840332,0.0280349999666214,0.0135162174701691,108.976196289062,-85.4043,26.9211,29.4034326910937,63,63,63,63,61,63,0,7820,1.10622673185727,27,-85,0.001869,51,2026-04-11 05:33:26.000584,486,1.037,0.0011,"aoml_navis",1029.34737370409
"7901009",107,0,1,0.033642,1,0.011214,1,113.085177645573,1,4.85739558225597,488,1,8.86699962615967,35.0139999389648,0.0336420014500618,0.0185847990214825,109.046897888184,-85.4043,26.9211,29.4034326910937,63,63,63,63,61,63,0,7820,1.10622673185727,27,-85,0.001869,51,2026-04-11 05:33:26.000584,488,1.037,0.0011,"aoml_navis",1029.35820550934
"7901009",107,0,1,0.028035,1,0.005607,1,113.175088819457,1,4.85734097866208,490,1,8.83800029754639,35.0110015869141,0.0280349999666214,0.0135162174701691,109.133598327637,-85.4043,26.9211,29.4034326910937,63,63,63,63,61,63,0,7820,1.10622673185727,27,-85,0.001869,51,2026-04-11 05:33:26.000584,490,1.037,0.0011,"aoml_navis",1029.36977699622
"7901009",107,0,1,0.028035,1,0.005607,1,113.288854462652,1,4.85729200138854,492,1,8.81599998474121,35.007999420166,0.0280349999666214,0.0135162174701691,109.243301391602,-85.4043,26.9211,29.4034326910937,63,63,63,63,61,63,0,7820,1.10622673185727,27,-85,0.001869,51,2026-04-11 05:33:26.000584,492,1.037,0.0011,"aoml_navis",1029.38015638563
"7901009",107,0,1,0.029904,1,0.007476,1,113.500411562131,1,4.85723925971612,494,1,8.77999973297119,35.0029983520508,0.0299040004611015,0.0152057446539402,109.447303771973,-85.4043,26.9211,29.4034326910937,63,63,63,63,61,63,0,7820,1.10622673185727,27,-85,0.001869,51,2026-04-11 05:33:26.000584,494,1.037,0.0011,"aoml_navis",1029.39133377017
"7901009",107,0,1,0.028035,1,0.005607,1,113.808715743117,1,4.85716672346245,496,1,8.7189998626709,34.9980010986328,0.0280349999666214,0.0135162174701691,109.744598388672,-85.4043,26.9211,29.4034326910937,63,63,63,63,61,63,0,7820,1.10622673185727,27,-85,0.001869,51,2026-04-11 05:33:26.000584,496,1.037,0.0011,"aoml_navis",1029.40670655747
"7901009",107,0,1,0.028035,1,0.005607,1,114.029917485412,1,4.85711519841548,498,1,8.68900012969971,34.9939994812012,0.0280349999666214,0.0135162174701691,109.957901000977,-85.4043,26.9211,29.4034326910937,63,63,63,63,61,63,0,7820,1.10622673185727,27,-85,0.001869,51,2026-04-11 05:33:26.000584,498,1.037,0.0011,"aoml_navis",1029.41762666678
"7901009",107,0,1,0.024297,1,0.001869,1,114.225911818345,1,4.85706159529959,500,1,8.66100025177002,34.9910011291504,0.0242970008403063,0.0101371631026268,110.146896362305,-85.4043,26.9211,29.4034326910937,63,63,63,63,61,63,0,7820,1.10622673185727,27,-85,0.001869,51,2026-04-11 05:33:26.000584,500,1.037,0.0011,"aoml_navis",1029.42898744351
"7901009",107,0,1,0.028035,1,0.005607,1,114.416834604071,1,4.85700120382574,502,1,8.61499977111816,34.9860000610352,0.0280349999666214,0.0135162174701691,110.331001281738,-85.4043,26.9211,29.4034326910937,63,63,63,63,61,63,0,7820,1.10622673185727,27,-85,0.001869,51,2026-04-11 05:33:26.000584,502,1.037,0.0011,"aoml_navis",1029.44178726199
"7901009",107,0,1,0.028035,1,0.005607,1,114.442864854166,1,4.85695108879228,504,1,8.5959997177124,34.984001159668,0.0280349999666214,0.0135162174701691,110.356101989746,-85.4043,26.9211,29.4034326910937,63,63,63,63,61,63,0,7820,1.10622673185727,27,-85,0.001869,51,2026-04-11 05:33:26.000584,504,1.037,0.0011,"aoml_navis",1029.45240925687
"7901009",107,0,1,0.026166,1,0.003738,1,114.506848633046,1,4.8569065092831,506,1,8.58399963378906,34.9819984436035,0.0261659994721413,0.0118266893550754,110.41780090332,-85.4043,26.9211,29.4034326910937,63,63,63,63,61,63,0,7820,1.10622673185727,27,-85,0.001869,51,2026-04-11 05:33:26.000584,506,1.037,0.0011,"aoml_navis",1029.46185816906
"7901009",107,0,1,0.029904,1,0.007476,1,114.713634838663,1,4.85683707463437,508,1,8.5310001373291,34.9780006408691,0.0299040004611015,0.0152057446539402,110.617202758789,-85.4043,26.9211,29.4034326910937,63,63,63,63,61,63,0,7820,1.10622673185727,27,-85,0.001869,51,2026-04-11 05:33:26.000584,508,1.037,0.0011,"aoml_navis",1029.47657563259
"7901009",107,0,1,0.028035,1,0.005607,1,114.649856769965,1,4.85679564567476,510,1,8.52299976348877,34.976001739502,0.0280349999666214,0.0135162174701691,110.555702209473,-85.4043,26.9211,29.4034326910937,63,63,63,63,61,63,0,7820,1.10622673185727,27,-85,0.001869,51,2026-04-11 05:33:26.000584,510,1.037,0.0011,"aoml_navis",1029.48535717223
"7901009",107,0,1,0.028035,1,0.005607,1,114.705857411355,1,4.85674663215953,512,1,8.51000022888184,34.9749984741211,0.0280349999666214,0.0135162174701691,110.609703063965,-85.4043,26.9211,29.4034326910937,63,63,63,63,61,63,0,7820,1.10622673185727,27,-85,0.001869,51,2026-04-11 05:33:26.000584,512,1.037,0.0011,"aoml_navis",1029.49574657486
"7901009",107,0,1,0.031773,1,0.009345,1,114.78726326036,1,4.85670364241717,514,1,8.5,34.9729995727539,0.0317730009555817,0.0168952718377113,110.688201904297,-85.4043,26.9211,29.4034326910937,63,63,63,63,61,63,0,7820,1.10622673185727,27,-85,0.001869,51,2026-04-11 05:33:26.000584,514,1.037,0.0011,"aoml_navis",1029.50485929002
"7901009",107,0,1,0.031773,1,0.009345,1,114.927154096811,1,4.85665706770316,515.900024414062,1,8.47799968719482,34.9700012207031,0.0317730009555817,0.0168952718377113,110.823097229004,-85.4043,26.9211,29.4034326910937,63,63,63,63,61,63,0,7820,1.10622673185727,27,-85,0.001869,51,2026-04-11 05:33:26.000584,515.900024414062,1.037,0.0011,"aoml_navis",1029.51473210865
"7901009",107,0,1,0.028035,1,0.005607,1,115.208090911512,1,4.85656930528814,518,1,8.38500022888184,34.9620018005371,0.0280349999666214,0.0135162174701691,111.09400177002,-85.4043,26.9211,29.4034326910937,63,63,63,63,61,63,0,7820,1.10622673185727,27,-85,0.001869,51,2026-04-11 05:33:26.000584,518,1.037,0.0011,"aoml_navis",1029.53333633182
"7901009",107,0,1,0.031773,1,0.009345,1,115.297274187825,1,4.8565193719958,520,1,8.36600017547607,34.9599990844727,0.0317730009555817,0.0168952718377113,111.180000305176,-85.4043,26.9211,29.4034326910937,63,63,63,63,61,63,0,7820,1.10622673185727,27,-85,0.001869,51,2026-04-11 05:33:26.000584,520,1.037,0.0011,"aoml_navis",1029.54392168835
"7901009",107,0,1,0.028035,1,0.005607,1,115.365617440202,1,4.85646808619322,522,1,8.35000038146973,34.9589996337891,0.0280349999666214,0.0135162174701691,111.245903015137,-85.4043,26.9211,29.4034326910937,63,63,63,63,61,63,0,7820,1.10622673185727,27,-85,0.001869,51,2026-04-11 05:33:26.000584,522,1.037,0.0011,"aoml_navis",1029.55479399007
"7901009",107,0,1,0.029904,1,0.007476,1,115.458012960143,1,4.85642592680828,524,1,8.34099960327148,34.9570007324219,0.0299040004611015,0.0152057446539402,111.334999084473,-85.4043,26.9211,29.4034326910937,63,63,63,63,61,63,0,7820,1.10622673185727,27,-85,0.001869,51,2026-04-11 05:33:26.000584,524,1.037,0.0011,"aoml_navis",1029.56373171454
"7901009",107,0,1,0.028035,1,0.005607,1,115.500120252242,1,4.85637155190015,526,1,8.32100009918213,34.9560012817383,0.0280349999666214,0.0135162174701691,111.375602722168,-85.4043,26.9211,29.4034326910937,63,63,63,63,61,63,0,7820,1.10622673185727,27,-85,0.001869,51,2026-04-11 05:33:26.000584,526,1.037,0.0011,"aoml_navis",1029.57525934021
"7901009",107,0,1,0.031773,1,0.009345,1,115.543881137736,1,4.85632786569193,528,1,8.3100004196167,34.9539985656738,0.0317730009555817,0.0168952718377113,111.41780090332,-85.4043,26.9211,29.4034326910937,63,63,63,63,61,63,0,7820,1.10622673185727,27,-85,0.001869,51,2026-04-11 05:33:26.000584,528,1.037,0.0011,"aoml_navis",1029.58452111997
"7901009",107,0,1,0.028035,1,0.005607,1,115.577894525321,1,4.85627487154442,530,1,8.28699970245361,34.9519996643066,0.0280349999666214,0.0135162174701691,111.45059967041,-85.4043,26.9211,29.4034326910937,63,63,63,63,61,63,0,7820,1.10622673185727,27,-85,0.001869,51,2026-04-11 05:33:26.000584,530,1.037,0.0011,"aoml_navis",1029.59575647123
"7901009",107,0,1,0.028035,1,0.005607,1,115.643848374802,1,4.85622517947506,532,1,8.27299976348877,34.951000213623,0.0280349999666214,0.0135162174701691,111.514198303223,-85.4043,26.9211,29.4034326910937,63,63,63,63,61,63,0,7820,1.10622673185727,27,-85,0.001869,51,2026-04-11 05:33:26.000584,532,1.037,0.0011,"aoml_navis",1029.6062919678
"7901009",107,0,1,0.033642,1,0.011214,1,115.784680730938,1,4.85617685681981,534,1,8.25599956512451,34.9490013122559,0.0336420014500618,0.0185847990214825,111.650001525879,-85.4043,26.9211,29.4034326910937,63,63,63,63,61,63,0,7820,1.10622673185727,27,-85,0.001869,51,2026-04-11 05:33:26.000584,534,1.037,0.0011,"aoml_navis",1029.61653733393
"7901009",107,0,1,0.026166,1,0.003738,1,115.952469032993,1,4.8561206578919,536,1,8.22399997711182,34.9459991455078,0.0261659994721413,0.0118266893550754,111.811798095703,-85.4043,26.9211,29.4034326910937,63,63,63,63,61,63,0,7820,1.10622673185727,27,-85,0.001869,51,2026-04-11 05:33:26.000584,536,1.037,0.0011,"aoml_navis",1029.62845288333
"7901009",107,0,1,0.028035,1,0.005607,1,116.160497411638,1,4.85605584750856,538,1,8.17599964141846,34.9420013427734,0.0280349999666214,0.0135162174701691,112.012397766113,-85.4043,26.9211,29.4034326910937,63,63,63,63,61,63,0,7820,1.10622673185727,27,-85,0.001869,51,2026-04-11 05:33:26.000584,538,1.037,0.0011,"aoml_navis",1029.64219461465
"7901009",107,0,1,0.033642,1,0.011214,1,116.362512723392,1,4.85600359737406,540,1,8.14900016784668,34.9389991760254,0.0336420014500618,0.0185847990214825,112.20719909668,-85.4043,26.9211,29.4034326910937,63,63,63,63,61,63,0,7820,1.10622673185727,27,-85,0.001869,51,2026-04-11 05:33:26.000584,540,1.037,0.0011,"aoml_navis",1029.65327346623
"7901009",107,0,1,0.029904,1,0.007476,1,116.520039252081,1,4.85594752505826,542,1,8.11699962615967,34.9360008239746,0.0299040004611015,0.0152057446539402,112.359100341797,-85.4043,26.9211,29.4034326910937,63,63,63,63,61,63,0,7820,1.10622673185727,27,-85,0.001869,51,2026-04-11 05:33:26.000584,542,1.037,0.0011,"aoml_navis",1029.66516301883
"7901009",107,0,1,0.029904,1,0.007476,1,116.609641860691,1,4.85589471939512,544,1,8.0939998626709,34.9339981079102,0.0299040004611015,0.0152057446539402,112.445503234863,-85.4043,26.9211,29.4034326910937,63,63,63,63,61,63,0,7820,1.10622673185727,27,-85,0.001869,51,2026-04-11 05:33:26.000584,544,1.037,0.0011,"aoml_navis",1029.67636016269
"7901009",107,0,1,0.033642,1,0.011214,1,116.696435734107,1,4.85584895449701,546,1,8.08500003814697,34.9329986572266,0.0336420014500618,0.0185847990214825,112.529197692871,-85.4043,26.9211,29.4034326910937,63,63,63,63,61,63,0,7820,1.10622673185727,27,-85,0.001869,51,2026-04-11 05:33:26.000584,546,1.037,0.0011,"aoml_navis",1029.68606454892
"7901009",107,0,1,0.028035,1,0.005607,1,116.867341336629,1,4.85579678583166,548,1,8.05799961090088,34.9300003051758,0.0280349999666214,0.0135162174701691,112.694000244141,-85.4043,26.9211,29.4034326910937,63,63,63,63,61,63,0,7820,1.10622673185727,27,-85,0.001869,51,2026-04-11 05:33:26.000584,548,1.037,0.0011,"aoml_navis",1029.69712706864
"7901009",107,0,1,0.028035,1,0.005607,1,117.099121329495,1,4.85573016135293,550,1,8.01200008392334,34.9269981384277,0.0280349999666214,0.0135162174701691,112.917503356934,-85.4043,26.9211,29.4034326910937,63,63,63,63,61,63,0,7820,1.10622673185727,27,-85,0.001869,51,2026-04-11 05:33:26.000584,550,1.037,0.0011,"aoml_navis",1029.71125533196
"7901009",107,0,1,0.026166,1,0.003738,1,117.2537362679,1,4.85567895922736,552,1,7.99100017547607,34.9249992370605,0.0261659994721413,0.0118266893550754,113.066596984863,-85.4043,26.9211,29.4034326910937,63,63,63,63,61,63,0,7820,1.10622673185727,27,-85,0.001869,51,2026-04-11 05:33:26.000584,552,1.037,0.0011,"aoml_navis",1029.72211342317
"7901009",107,0,1,0.029904,1,0.007476,1,117.409814913377,1,4.85562929575587,554,1,7.97200012207031,34.9230003356934,0.0299040004611015,0.0152057446539402,113.217102050781,-85.4043,26.9211,29.4034326910937,63,63,63,63,61,63,0,7820,1.10622673185727,27,-85,0.001869,51,2026-04-11 05:33:26.000584,554,1.037,0.0011,"aoml_navis",1029.7326454411
"7901009",107,0,1,0.031773,1,0.009345,1,117.63215597361,1,4.85557736495903,556,1,7.94999980926514,34.9210014343262,0.0317730009555817,0.0168952718377113,113.431503295898,-85.4043,26.9211,29.4034326910937,63,63,63,63,61,63,0,7820,1.10622673185727,27,-85,0.001869,51,2026-04-11 05:33:26.000584,556,1.037,0.0011,"aoml_navis",1029.74365851592
"7901009",107,0,1,0.029904,1,0.007476,1,117.876476375715,1,4.85551462897962,558,1,7.90399980545044,34.9169998168945,0.0299040004611015,0.0152057446539402,113.667098999023,-85.4043,26.9211,29.4034326910937,63,63,63,63,61,63,0,7820,1.10622673185727,27,-85,0.001869,51,2026-04-11 05:33:26.000584,558,1.037,0.0011,"aoml_navis",1029.75696338304
"7901009",107,0,1,0.029904,1,0.007476,1,118.022182480805,1,4.85546942952611,559.900024414062,1,7.88800001144409,34.9150009155273,0.0299040004611015,0.0152057446539402,113.807601928711,-85.4043,26.9211,29.4034326910937,63,63,63,63,61,63,0,7820,1.10622673185727,27,-85,0.001869,51,2026-04-11 05:33:26.000584,559.900024414062,1.037,0.0011,"aoml_navis",1029.76654936699
"7901009",107,0,1,0.028035,1,0.005607,1,118.14911357572,1,4.85540940647799,562,1,7.85799980163574,34.9129981994629,0.0280349999666214,0.0135162174701691,113.930000305176,-85.4043,26.9211,29.4034326910937,63,63,63,63,61,63,0,7820,1.10622673185727,27,-85,0.001869,51,2026-04-11 05:33:26.000584,562,1.037,0.0011,"aoml_navis",1029.77927944224
"7901009",107,0,1,0.026166,1,0.003738,1,118.316799022684,1,4.85535313405296,564,1,7.83500003814697,34.9119987487793,0.0261659994721413,0.0118266893550754,114.091697692871,-85.4043,26.9211,29.4034326910937,63,63,63,63,61,63,0,7820,1.10622673185727,27,-85,0.001869,51,2026-04-11 05:33:26.000584,564,1.037,0.0011,"aoml_navis",1029.79121434702
"7901009",107,0,1,0.033642,1,0.011214,1,118.468415339574,1,4.85530584710597,566,1,7.81899976730347,34.9099998474121,0.0336420014500618,0.0185847990214825,114.237899780273,-85.4043,26.9211,29.4034326910937,63,63,63,63,61,63,0,7820,1.10622673185727,27,-85,0.001869,51,2026-04-11 05:33:26.000584,566,1.037,0.0011,"aoml_navis",1029.80124372191
"7901009",107,0,1,0.024297,1,0.001869,1,118.762003330537,1,4.85524726671198,568,1,7.78800010681152,34.9080009460449,0.0242970008403063,0.0101371631026268,114.521003723145,-85.4043,26.9211,29.4034326910937,63,63,63,63,61,63,0,7820,1.10622673185727,27,-85,0.001869,51,2026-04-11 05:33:26.000584,568,1.037,0.0011,"aoml_navis",1029.81366866328
"7901009",107,0,1,0.028035,1,0.005607,1,118.88747863031,1,4.85518422888112,570,1,7.75099992752075,34.9059982299805,0.0280349999666214,0.0135162174701691,114.641998291016,-85.4043,26.9211,29.4034326910937,63,63,63,63,61,63,0,7820,1.10622673185727,27,-85,0.001869,51,2026-04-11 05:33:26.000584,570,1.037,0.0011,"aoml_navis",1029.82703936494
"7901009",107,0,1,0.028035,1,0.005607,1,118.968781624223,1,4.8551355600848,572,1,7.73799991607666,34.9049987792969,0.0280349999666214,0.0135162174701691,114.720397949219,-85.4043,26.9211,29.4034326910937,63,63,63,63,61,63,0,7820,1.10622673185727,27,-85,0.001869,51,2026-04-11 05:33:26.000584,572,1.037,0.0011,"aoml_navis",1029.83736254579
"7901009",107,0,1,0.029904,1,0.007476,1,119.062838649489,1,4.85509290369653,574,1,7.73299980163574,34.9039993286133,0.0299040004611015,0.0152057446539402,114.811096191406,-85.4043,26.9211,29.4034326910937,63,63,63,63,61,63,0,7820,1.10622673185727,27,-85,0.001869,51,2026-04-11 05:33:26.000584,574,1.037,0.0011,"aoml_navis",1029.84641059971
"7901009",107,0,1,0.029904,1,0.007476,1,119.182514504485,1,4.85504949859451,576,1,7.72700023651123,34.9029998779297,0.0299040004611015,0.0152057446539402,114.926498413086,-85.4043,26.9211,29.4034326910937,63,63,63,63,61,63,0,7820,1.10622673185727,27,-85,0.001869,51,2026-04-11 05:33:26.000584,576,1.037,0.0011,"aoml_navis",1029.85561763015
"7901009",107,0,1,0.031773,1,0.009345,1,119.439596849874,1,4.85499408907502,578,1,7.70499992370605,34.9020004272461,0.0317730009555817,0.0168952718377113,115.17440032959,-85.4043,26.9211,29.4034326910937,63,63,63,63,61,63,0,7820,1.10622673185727,27,-85,0.001869,51,2026-04-11 05:33:26.000584,578,1.037,0.0011,"aoml_navis",1029.8673712603
"7901009",107,0,1,0.031773,1,0.009345,1,119.706632403354,1,4.85492886791417,580,1,7.65999984741211,34.898998260498,0.0317730009555817,0.0168952718377113,115.431900024414,-85.4043,26.9211,29.4034326910937,63,63,63,63,61,63,0,7820,1.10622673185727,27,-85,0.001869,51,2026-04-11 05:33:26.000584,580,1.037,0.0011,"aoml_navis",1029.88120650842
"7901009",107,0,1,0.024297,1,0.001869,1,119.867790507969,1,4.85486744996903,582,1,7.61999988555908,34.8959999084473,0.0242970008403063,0.0101371631026268,115.587303161621,-85.4043,26.9211,29.4034326910937,63,63,63,63,61,63,0,7820,1.10622673185727,27,-85,0.001869,51,2026-04-11 05:33:26.000584,582,1.037,0.0011,"aoml_navis",1029.89423532704
"7901009",107,0,1,0.029904,1,0.007476,1,119.935295095752,1,4.8548218693677,584,1,7.61600017547607,34.8959999084473,0.0299040004611015,0.0152057446539402,115.652397155762,-85.4043,26.9211,29.4034326910937,63,63,63,63,61,63,0,7820,1.10622673185727,27,-85,0.001869,51,2026-04-11 05:33:26.000584,584,1.037,0.0011,"aoml_navis",1029.90390472374
"7901009",107,0,1,0.035511,1,0.013083,1,120.14477926954,1,4.85477479830288,586,1,7.6100001335144,34.8959999084473,0.0355109982192516,0.0202743262052536,115.854400634766,-85.4043,26.9211,29.4034326910937,63,63,63,63,61,63,0,7820,1.10622673185727,27,-85,0.001869,51,2026-04-11 05:33:26.000584,586,1.037,0.0011,"aoml_navis",1029.91389049558
"7901009",107,0,1,0.028035,1,0.005607,1,120.409741897329,1,4.85471717728797,588,1,7.57499980926514,34.8930015563965,0.0280349999666214,0.0135162174701691,116.109901428223,-85.4043,26.9211,29.4034326910937,63,63,63,63,61,63,0,7820,1.10622673185727,27,-85,0.001869,51,2026-04-11 05:33:26.000584,588,1.037,0.0011,"aoml_navis",1029.92611462347
"7901009",107,0,1,0.028035,1,0.005607,1,120.575354418601,1,4.85467601093358,590,1,7.56699991226196,34.890998840332,0.0280349999666214,0.0135162174701691,116.269599914551,-85.4043,26.9211,29.4034326910937,63,63,63,63,61,63,0,7820,1.10622673185727,27,-85,0.001869,51,2026-04-11 05:33:26.000584,590,1.037,0.0011,"aoml_navis",1029.93484812151
"7901009",107,0,1,0.028035,1,0.005607,1,120.787220083354,1,4.85461847783327,592,1,7.53700017929077,34.8889999389648,0.0280349999666214,0.0135162174701691,116.473899841309,-85.4043,26.9211,29.4034326910937,63,63,63,63,61,63,0,7820,1.10622673185727,27,-85,0.001869,51,2026-04-11 05:33:26.000584,592,1.037,0.0011,"aoml_navis",1029.9470540951
"7901009",107,0,1,0.028035,1,0.005607,1,121.045956022138,1,4.8545617688694,594,1,7.51800012588501,34.8889999389648,0.0280349999666214,0.0135162174701691,116.72339630127,-85.4043,26.9211,29.4034326910937,63,63,63,63,61,63,0,7820,1.10622673185727,27,-85,0.001869,51,2026-04-11 05:33:26.000584,594,1.037,0.0011,"aoml_navis",1029.95908550659
"7901009",107,0,1,0.029904,1,0.007476,1,121.307081363819,1,4.85449910892008,596,1,7.48099994659424,34.8870010375977,0.0299040004611015,0.0152057446539402,116.975196838379,-85.4043,26.9211,29.4034326910937,63,63,63,63,61,63,0,7820,1.10622673185727,27,-85,0.001869,51,2026-04-11 05:33:26.000584,596,1.037,0.0011,"aoml_navis",1029.97237981001
"7901009",107,0,1,0.028035,1,0.005607,1,121.627530357539,1,4.85445278628189,598,1,7.47100019454956,34.8860015869141,0.0280349999666214,0.0135162174701691,117.284202575684,-85.4043,26.9211,29.4034326910937,63,63,63,63,61,63,0,7820,1.10622673185727,27,-85,0.001869,51,2026-04-11 05:33:26.000584,598,1.037,0.0011,"aoml_navis",1029.98220811405
"7901009",107,0,1,0.028035,1,0.005607,1,122.100410596952,1,4.85440200807336,600,1,7.43499994277954,34.8810005187988,0.0280349999666214,0.0135162174701691,117.740196228027,-85.4043,26.9211,29.4034326910937,63,63,63,63,61,63,0,7820,1.10622673185727,27,-85,0.001869,51,2026-04-11 05:33:26.000584,600,1.037,0.0011,"aoml_navis",1029.99298197481
"7901009",107,0,1,0.024297,1,0.001869,1,122.535550929692,1,4.8543255045266,602,1,7.37400007247925,34.8779983520508,0.0242970008403063,0.0101371631026268,118.159797668457,-85.4043,26.9211,29.4034326910937,63,63,63,63,61,63,0,7820,1.10622673185727,27,-85,0.001869,51,2026-04-11 05:33:26.000584,602,1.037,0.0011,"aoml_navis",1030.00921453198
"7901009",107,0,1,0.026166,1,0.003738,1,122.775314060049,1,4.85427113118973,604,1,7.35300016403198,34.8769989013672,0.0261659994721413,0.0118266893550754,118.390998840332,-85.4043,26.9211,29.4034326910937,63,63,63,63,61,63,0,7820,1.10622673185727,27,-85,0.001869,51,2026-04-11 05:33:26.000584,604,1.037,0.0011,"aoml_navis",1030.02075180225
"7901009",107,0,1,0.028035,1,0.005607,1,123.087463439073,1,4.85422336759195,606,1,7.34600019454956,34.8769989013672,0.0280349999666214,0.0135162174701691,118.692001342773,-85.4043,26.9211,29.4034326910937,63,63,63,63,61,63,0,7820,1.10622673185727,27,-85,0.001869,51,2026-04-11 05:33:26.000584,606,1.037,0.0011,"aoml_navis",1030.03088679052
"7901009",107,0,1,0.031773,1,0.009345,1,123.66021597239,1,4.85417418848456,608,1,7.32200002670288,34.8740005493164,0.0317730009555817,0.0168952718377113,119.244300842285,-85.4043,26.9211,29.4034326910937,63,63,63,63,61,63,0,7820,1.10622673185727,27,-85,0.001869,51,2026-04-11 05:33:26.000584,608,1.037,0.0011,"aoml_navis",1030.04132234508
"7901009",107,0,1,0.029904,1,0.007476,1,124.124495943762,1,4.8541002715954,610,1,7.24900007247925,34.8680000305176,0.0299040004611015,0.0152057446539402,119.692001342773,-85.4043,26.9211,29.4034326910937,63,63,63,63,61,63,0,7820,1.10622673185727,27,-85,0.001869,51,2026-04-11 05:33:26.000584,610,1.037,0.0011,"aoml_navis",1030.05700752791
"7901009",107,0,1,0.028035,1,0.005607,1,124.329929209328,1,4.85404818859874,612,1,7.23099994659424,34.867000579834,0.0280349999666214,0.0135162174701691,119.890098571777,-85.4043,26.9211,29.4034326910937,63,63,63,63,61,63,0,7820,1.10622673185727,27,-85,0.001869,51,2026-04-11 05:33:26.000584,612,1.037,0.0011,"aoml_navis",1030.06805984005
"7901009",107,0,1,0.029904,1,0.007476,1,124.463498413614,1,4.85399097237448,614,1,7.21099996566772,34.867000579834,0.0299040004611015,0.0152057446539402,120.018898010254,-85.4043,26.9211,29.4034326910937,63,63,63,63,61,63,0,7820,1.10622673185727,27,-85,0.001869,51,2026-04-11 05:33:26.000584,614,1.037,0.0011,"aoml_navis",1030.08020172606
"7901009",107,0,1,0.033642,1,0.011214,1,124.591363116284,1,4.85394250862233,616,1,7.20300006866455,34.867000579834,0.0336420014500618,0.0185847990214825,120.142196655273,-85.4043,26.9211,29.4034326910937,63,63,63,63,61,63,0,7820,1.10622673185727,27,-85,0.001869,51,2026-04-11 05:33:26.000584,616,1.037,0.0011,"aoml_navis",1030.09048646914
"7901009",107,0,1,0.028035,1,0.005607,1,124.75532204416,1,4.85388822316525,618,1,7.18699979782104,34.867000579834,0.0280349999666214,0.0135162174701691,120.300300598145,-85.4043,26.9211,29.4034326910937,63,63,63,63,61,63,0,7820,1.10622673185727,27,-85,0.001869,51,2026-04-11 05:33:26.000584,618,1.037,0.0011,"aoml_navis",1030.10200691014
"7901009",107,0,1,0.031773,1,0.009345,1,124.923735388695,1,4.85384345437414,620,1,7.17899990081787,34.8660011291504,0.0317730009555817,0.0168952718377113,120.462699890137,-85.4043,26.9211,29.4034326910937,63,63,63,63,61,63,0,7820,1.10622673185727,27,-85,0.001869,51,2026-04-11 05:33:26.000584,620,1.037,0.0011,"aoml_navis",1030.11150792145
"7901009",107,0,1,0.029904,1,0.007476,1,125.142547728094,1,4.85379359774816,622,1,7.16400003433228,34.8650016784668,0.0299040004611015,0.0152057446539402,120.673698425293,-85.4043,26.9211,29.4034326910937,63,63,63,63,61,63,0,7820,1.10622673185727,27,-85,0.001869,51,2026-04-11 05:33:26.000584,622,1.037,0.0011,"aoml_navis",1030.12208889963
"7901009",107,0,1,0.024297,1,0.001869,1,125.267405897317,1,4.85374231021439,624,1,7.14699983596802,34.8639984130859,0.0242970008403063,0.0101371631026268,120.794097900391,-85.4043,26.9211,29.4034326910937,63,63,63,63,61,63,0,7820,1.10622673185727,27,-85,0.001869,51,2026-04-11 05:33:26.000584,624,1.037,0.0011,"aoml_navis",1030.13297378351
"7901009",107,0,1,0.026166,1,0.003738,1,125.376812067017,1,4.85369459104948,626,1,7.1399998664856,34.8639984130859,0.0261659994721413,0.0118266893550754,120.899597167969,-85.4043,26.9211,29.4034326910937,63,63,63,63,61,63,0,7820,1.10622673185727,27,-85,0.001869,51,2026-04-11 05:33:26.000584,626,1.037,0.0011,"aoml_navis",1030.14310154996
"7901009",107,0,1,0.028035,1,0.005607,1,125.540770994894,1,4.85364911013514,628,1,7.13100004196167,34.8629989624023,0.0280349999666214,0.0135162174701691,121.05770111084,-85.4043,26.9211,29.4034326910937,63,63,63,63,61,63,0,7820,1.10622673185727,27,-85,0.001869,51,2026-04-11 05:33:26.000584,628,1.037,0.0011,"aoml_navis",1030.15275446246
"7901009",107,0,1,0.031773,1,0.009345,1,125.759686189384,1,4.85359921859588,630,1,7.12099981307983,34.8629989624023,0.0317730009555817,0.0168952718377113,121.268798828125,-85.4043,26.9211,29.4034326910937,63,63,63,63,61,63,0,7820,1.10622673185727,27,-85,0.001869,51,2026-04-11 05:33:26.000584,630,1.037,0.0011,"aoml_navis",1030.16334369826
"7901009",107,0,1,0.031773,1,0.009345,1,126.146809018226,1,4.85354504324989,632,1,7.09999990463257,34.8619995117188,0.0317730009555817,0.0168952718377113,121.642097473145,-85.4043,26.9211,29.4034326910937,63,63,63,63,61,63,0,7820,1.10622673185727,27,-85,0.001869,51,2026-04-11 05:33:26.000584,632,1.037,0.0011,"aoml_navis",1030.17484239768
"7901009",107,0,1,0.029904,1,0.007476,1,126.502924992927,1,4.85347778979915,634,1,7.06599998474121,34.8619995117188,0.0299040004611015,0.0152057446539402,121.985496520996,-85.4043,26.9211,29.4034326910937,63,63,63,63,61,63,0,7820,1.10622673185727,27,-85,0.001869,51,2026-04-11 05:33:26.000584,634,1.037,0.0011,"aoml_navis",1030.18911727768
"7901009",107,0,1,0.029904,1,0.007476,1,126.777635118624,1,4.85342149169628,636,1,7.04199981689453,34.8610000610352,0.0299040004611015,0.0152057446539402,122.250396728516,-85.4043,26.9211,29.4034326910937,63,63,63,63,61,63,0,7820,1.10622673185727,27,-85,0.001869,51,2026-04-11 05:33:26.000584,636,1.037,0.0011,"aoml_navis",1030.2010671347
"7901009",107,0,1,0.028035,1,0.005607,1,127.131994644839,1,4.85337387493879,638,1,7.03000020980835,34.8600006103516,0.0280349999666214,0.0135162174701691,122.592102050781,-85.4043,26.9211,29.4034326910937,63,63,63,63,61,63,0,7820,1.10622673185727,27,-85,0.001869,51,2026-04-11 05:33:26.000584,638,1.037,0.0011,"aoml_navis",1030.21117450241
"7901009",107,0,1,0.031773,1,0.009345,1,127.487802054265,1,4.85331472618047,640,1,7.0019998550415,34.859001159668,0.0317730009555817,0.0168952718377113,122.935203552246,-85.4043,26.9211,29.4034326910937,63,63,63,63,61,63,0,7820,1.10622673185727,27,-85,0.001869,51,2026-04-11 05:33:26.000584,640,1.037,0.0011,"aoml_navis",1030.22372998567
"7901009",107,0,1,0.029904,1,0.007476,1,127.885083801381,1,4.85326147016603,642,1,6.97700023651123,34.8569984436035,0.0299040004611015,0.0152057446539402,123.318298339844,-85.4043,26.9211,29.4034326910937,63,63,63,63,61,63,0,7820,1.10622673185727,27,-85,0.001869,51,2026-04-11 05:33:26.000584,642,1.037,0.0011,"aoml_navis",1030.23503488036
"7901009",107,0,1,0.028035,1,0.005607,1,128.244625641824,1,4.85319950747507,644,1,6.94500017166138,34.8559989929199,0.0280349999666214,0.0135162174701691,123.665000915527,-85.4043,26.9211,29.4034326910937,63,63,63,63,61,63,0,7820,1.10622673185727,27,-85,0.001869,51,2026-04-11 05:33:26.000584,644,1.037,0.0011,"aoml_navis",1030.24818829286
"7901009",107,0,1,0.033642,1,0.011214,1,128.503780912905,1,4.85314106755798,646,1,6.9229998588562,34.8559989929199,0.0336420014500618,0.0185847990214825,123.914901733398,-85.4043,26.9211,29.4034326910937,63,63,63,63,61,63,0,7820,1.10622673185727,27,-85,0.001869,51,2026-04-11 05:33:26.000584,646,1.037,0.0011,"aoml_navis",1030.26059420027
"7901009",107,0,1,0.028035,1,0.005607,1,128.77112503166,1,4.85309278402897,648,1,6.90999984741211,34.8549995422363,0.0280349999666214,0.0135162174701691,124.172698974609,-85.4043,26.9211,29.4034326910937,63,63,63,63,61,63,0,7820,1.10622673185727,27,-85,0.001869,51,2026-04-11 05:33:26.000584,648,1.037,0.0011,"aoml_navis",1030.27084428604
"7901009",107,0,1,0.031773,1,0.009345,1,128.978947700122,1,4.85304092579472,650,1,6.89200019836426,34.8540000915527,0.0317730009555817,0.0168952718377113,124.373100280762,-85.4043,26.9211,29.4034326910937,63,63,63,63,61,63,0,7820,1.10622673185727,27,-85,0.001869,51,2026-04-11 05:33:26.000584,650,1.037,0.0011,"aoml_navis",1030.28185347133
"7901009",107,0,1,0.028035,1,0.005607,1,129.282591754268,1,4.85298825200447,652,1,6.87799978256226,34.8540000915527,0.0280349999666214,0.0135162174701691,124.665901184082,-85.4043,26.9211,29.4034326910937,63,63,63,63,61,63,0,7820,1.10622673185727,27,-85,0.001869,51,2026-04-11 05:33:26.000584,652,1.037,0.0011,"aoml_navis",1030.29303603503
"7901009",107,0,1,0.028035,1,0.005607,1,129.609148758041,1,4.85293272590543,654,1,6.8600001335144,34.8540000915527,0.0280349999666214,0.0135162174701691,124.980796813965,-85.4043,26.9211,29.4034326910937,63,63,63,63,61,63,0,7820,1.10622673185727,27,-85,0.001869,51,2026-04-11 05:33:26.000584,654,1.037,0.0011,"aoml_navis",1030.30482440227
"7901009",107,0,1,0.031773,1,0.009345,1,129.923371062757,1,4.85286935847485,656,1,6.83099985122681,34.8540000915527,0.0317730009555817,0.0168952718377113,125.283798217773,-85.4043,26.9211,29.4034326910937,63,63,63,63,61,63,0,7820,1.10622673185727,27,-85,0.001869,51,2026-04-11 05:33:26.000584,656,1.037,0.0011,"aoml_navis",1030.3182778387
"7901009",107,0,1,0.029904,1,0.007476,1,130.227220827086,1,4.85281683968239,658,1,6.81199979782104,34.8530006408691,0.0299040004611015,0.0152057446539402,125.576797485352,-85.4043,26.9211,29.4034326910937,63,63,63,63,61,63,0,7820,1.10622673185727,27,-85,0.001869,51,2026-04-11 05:33:26.000584,658,1.037,0.0011,"aoml_navis",1030.32942828463
"7901009",107,0,1,0.031773,1,0.009345,1,130.432036962102,1,4.85276433464736,660,1,6.79300022125244,34.8520011901855,0.0317730009555817,0.0168952718377113,125.774299621582,-85.4043,26.9211,29.4034326910937,63,63,63,63,61,63,0,7820,1.10622673185727,27,-85,0.001869,51,2026-04-11 05:33:26.000584,660,1.037,0.0011,"aoml_navis",1030.34057605094
"7901009",107,0,1,0.029904,1,0.007476,1,130.630112132656,1,4.85270588702809,662,1,6.77600002288818,34.8530006408691,0.0299040004611015,0.0152057446539402,125.965301513672,-85.4043,26.9211,29.4034326910937,63,63,63,63,61,63,0,7820,1.10622673185727,27,-85,0.001869,51,2026-04-11 05:33:26.000584,662,1.037,0.0011,"aoml_navis",1030.35298581883
"7901009",107,0,1,0.033642,1,0.011214,1,130.879931326196,1,4.85265682705139,664,1,6.76700019836426,34.8530006408691,0.0336420014500618,0.0185847990214825,126.206199645996,-85.4043,26.9211,29.4034326910937,63,63,63,63,61,63,0,7820,1.10622673185727,27,-85,0.001869,51,2026-04-11 05:33:26.000584,664,1.037,0.0011,"aoml_navis",1030.36340260602
"7901009",107,0,1,0.031773,1,0.009345,1,131.134624268689,1,4.8526135920777,666,1,6.76100015640259,34.8520011901855,0.0317730009555817,0.0168952718377113,126.451797485352,-85.4043,26.9211,29.4034326910937,63,63,63,63,61,63,0,7820,1.10622673185727,27,-85,0.001869,51,2026-04-11 05:33:26.000584,666,1.037,0.0011,"aoml_navis",1030.37258275889
"7901009",107,0,1,0.028035,1,0.005607,1,131.532744680397,1,4.85254607333304,668,1,6.72599983215332,34.8520011901855,0.0280349999666214,0.0135162174701691,126.83570098877,-85.4043,26.9211,29.4034326910937,63,63,63,63,61,63,0,7820,1.10622673185727,27,-85,0.001869,51,2026-04-11 05:33:26.000584,668,1.037,0.0011,"aoml_navis",1030.38691945189
"7901009",107,0,1,0.033642,1,0.011214,1,131.722314526072,1,4.85249277411384,670,1,6.71099996566772,34.8520011901855,0.0336420014500618,0.0185847990214825,127.018501281738,-85.4043,26.9211,29.4034326910937,63,63,63,63,61,63,0,7820,1.10622673185727,27,-85,0.001869,51,2026-04-11 05:33:26.000584,670,1.037,0.0011,"aoml_navis",1030.3982371026
"7901009",107,0,1,0.029904,1,0.007476,1,131.946522801813,1,4.85243948293741,672,1,6.69600009918213,34.8520011901855,0.0299040004611015,0.0152057446539402,127.234703063965,-85.4043,26.9211,29.4034326910937,63,63,63,63,61,63,0,7820,1.10622673185727,27,-85,0.001869,51,2026-04-11 05:33:26.000584,672,1.037,0.0011,"aoml_navis",1030.40955329406
"7901009",107,0,1,0.024297,1,0.001869,1,132.144906537642,1,4.85238463409978,674,1,6.68400001525879,34.8530006408691,0.0242970008403063,0.0101371631026268,127.426002502441,-85.4043,26.9211,29.4034326910937,63,63,63,63,61,63,0,7820,1.10622673185727,27,-85,0.001869,51,2026-04-11 05:33:26.000584,674,1.037,0.0011,"aoml_navis",1030.42120050889
"7901009",107,0,1,0.028035,1,0.005607,1,132.347641835037,1,4.85232923505199,676,1,6.66599988937378,34.8530006408691,0.0280349999666214,0.0135162174701691,127.62149810791,-85.4043,26.9211,29.4034326910937,63,63,63,63,61,63,0,7820,1.10622673185727,27,-85,0.001869,51,2026-04-11 05:33:26.000584,676,1.037,0.0011,"aoml_navis",1030.43296482878
"7901009",107,0,1,0.029904,1,0.007476,1,132.478204505877,1,4.85226380131329,678,1,6.63899993896484,34.8540000915527,0.0299040004611015,0.0152057446539402,127.747398376465,-85.4043,26.9211,29.4034326910937,63,63,63,63,61,63,0,7820,1.10622673185727,27,-85,0.001869,51,2026-04-11 05:33:26.000584,678,1.037,0.0011,"aoml_navis",1030.44686042147
"7901009",107,0,1,0.033642,1,0.011214,1,132.368695481086,1,4.85220246448274,680,1,6.6230001449585,34.8559989929199,0.0336420014500618,0.0185847990214825,127.641799926758,-85.4043,26.9211,29.4034326910937,63,63,63,63,61,63,0,7820,1.10622673185727,27,-85,0.001869,51,2026-04-11 05:33:26.000584,680,1.037,0.0011,"aoml_navis",1030.45988632979
"7901009",107,0,1,0.028035,1,0.005607,1,132.307409670377,1,4.85215734992734,682,1,6.63000011444092,34.8580017089844,0.0280349999666214,0.0135162174701691,127.582702636719,-85.4043,26.9211,29.4034326910937,63,63,63,63,61,63,0,7820,1.10622673185727,27,-85,0.001869,51,2026-04-11 05:33:26.000584,682,1.037,0.0011,"aoml_navis",1030.46946737514
"7901009",107,0,1,0.029904,1,0.007476,1,132.539601083609,1,4.85210644888509,684,1,6.63399982452393,34.8610000610352,0.0299040004611015,0.0152057446539402,127.806602478027,-85.4043,26.9211,29.4034326910937,63,63,63,63,61,63,0,7820,1.10622673185727,27,-85,0.001869,51,2026-04-11 05:33:26.000584,684,1.037,0.0011,"aoml_navis",1030.48027751924
"7901009",107,0,1,0.029904,1,0.007476,1,132.629923677859,1,4.85205385995726,686,1,6.59899997711182,34.8569984436035,0.0299040004611015,0.0152057446539402,127.893699645996,-85.4043,26.9211,29.4034326910937,63,63,63,63,61,63,0,7820,1.10622673185727,27,-85,0.001869,51,2026-04-11 05:33:26.000584,686,1.037,0.0011,"aoml_navis",1030.49144636742
"7901009",107,0,1,0.031773,1,0.009345,1,132.315392807868,1,4.85200608644992,688,1,6.59700012207031,34.8580017089844,0.0317730009555817,0.0168952718377113,127.590400695801,-85.4043,26.9211,29.4034326910937,63,63,63,63,61,63,0,7820,1.10622673185727,27,-85,0.001869,51,2026-04-11 05:33:26.000584,688,1.037,0.0011,"aoml_navis",1030.5015927254
"7901009",107,0,1,0.031773,1,0.009345,1,132.095646860715,1,4.85195784511834,690,1,6.6100001335144,34.8619995117188,0.0317730009555817,0.0168952718377113,127.37850189209,-85.4043,26.9211,29.4034326910937,63,63,63,63,61,63,0,7820,1.10622673185727,27,-85,0.001869,51,2026-04-11 05:33:26.000584,690,1.037,0.0011,"aoml_navis",1030.51183864481
"7901009",107,0,1,0.020559,1,-0.001869,1,131.984167765324,1,4.85191063996844,692,1,6.61399984359741,34.8639984130859,0.020558999851346,0.00675810873508453,127.271003723145,-85.4043,26.9211,29.4034326910937,63,63,63,63,61,63,0,7820,1.10622673185727,27,-85,0.001869,51,2026-04-11 05:33:26.000584,692,1.037,0.0011,"aoml_navis",1030.52186468804
"7901009",107,0,1,0.026166,1,0.003738,1,132.083098539545,1,4.85186413337096,694,1,6.61899995803833,34.8660011291504,0.0261659994721413,0.0118266893550754,127.366401672363,-85.4043,26.9211,29.4034326910937,63,63,63,63,61,63,0,7820,1.10622673185727,27,-85,0.001869,51,2026-04-11 05:33:26.000584,694,1.037,0.0011,"aoml_navis",1030.53174255441
"7901009",107,0,1,0.031773,1,0.009345,1,132.192401854153,1,4.85181952270779,696,1,6.61100006103516,34.8650016784668,0.0317730009555817,0.0168952718377113,127.471801757812,-85.4043,26.9211,29.4034326910937,63,63,63,63,61,63,0,7820,1.10622673185727,27,-85,0.001869,51,2026-04-11 05:33:26.000584,696,1.037,0.0011,"aoml_navis",1030.54121790777
"7901009",107,0,1,0.029904,1,0.007476,1,132.391299865439,1,4.85177775432344,698,1,6.60699987411499,34.8639984130859,0.0299040004611015,0.0152057446539402,127.663597106934,-85.4043,26.9211,29.4034326910937,63,63,63,63,61,63,0,7820,1.10622673185727,27,-85,0.001869,51,2026-04-11 05:33:26.000584,698,1.037,0.0011,"aoml_navis",1030.55008971598
"7901009",107,0,1,0.033642,1,0.011214,1,132.667980061736,1,4.85172592838046,700,1,6.5939998626709,34.8639984130859,0.0336420014500618,0.0185847990214825,127.930397033691,-85.4043,26.9211,29.4034326910937,63,63,63,63,61,63,0,7820,1.10622673185727,27,-85,0.001869,51,2026-04-11 05:33:26.000584,700,1.037,0.0011,"aoml_navis",1030.56109801096
"7901009",107,0,1,0.028035,1,0.005607,1,132.867605970594,1,4.85165559828308,702,1,6.55999994277954,34.8650016784668,0.0280349999666214,0.0135162174701691,128.122894287109,-85.4043,26.9211,29.4034326910937,63,63,63,63,61,63,0,7820,1.10622673185727,27,-85,0.001869,51,2026-04-11 05:33:26.000584,702,1.037,0.0011,"aoml_navis",1030.57603713038
"7901009",107,0,1,0.029904,1,0.007476,1,132.96758111959,1,4.85160362680977,704,1,6.55200004577637,34.8660011291504,0.0299040004611015,0.0152057446539402,128.219299316406,-85.4043,26.9211,29.4034326910937,63,63,63,63,61,63,0,7820,1.10622673185727,27,-85,0.001869,51,2026-04-11 05:33:26.000584,704,1.037,0.0011,"aoml_navis",1030.58707689354
"7901009",107,0,1,0.031773,1,0.009345,1,133.138589577204,1,4.85155675502812,706,1,6.5460000038147,34.8660011291504,0.0317730009555817,0.0168952718377113,128.384201049805,-85.4043,26.9211,29.4034326910937,63,63,63,63,61,63,0,7820,1.10622673185727,27,-85,0.001869,51,2026-04-11 05:33:26.000584,706,1.037,0.0011,"aoml_navis",1030.59703358474
"7901009",107,0,1,0.033642,1,0.011214,1,133.327115048103,1,4.85150636486265,708,1,6.53499984741211,34.8660011291504,0.0336420014500618,0.0185847990214825,128.565994262695,-85.4043,26.9211,29.4034326910937,63,63,63,63,61,63,0,7820,1.10622673185727,27,-85,0.001869,51,2026-04-11 05:33:26.000584,708,1.037,0.0011,"aoml_navis",1030.60773787969
"7901009",107,0,1,0.031773,1,0.009345,1,133.577986528348,1,4.85144455428096,710,1,6.51300001144409,34.867000579834,0.0317730009555817,0.0168952718377113,128.807907104492,-85.4043,26.9211,29.4034326910937,63,63,63,63,61,63,0,7820,1.10622673185727,27,-85,0.001869,51,2026-04-11 05:33:26.000584,710,1.037,0.0011,"aoml_navis",1030.6208684974
"7901009",107,0,1,0.035511,1,0.013083,1,133.782177620885,1,4.85140050325364,712,1,6.51100015640259,34.867000579834,0.0355109982192516,0.0202743262052536,129.004806518555,-85.4043,26.9211,29.4034326910937,63,63,63,63,61,63,0,7820,1.10622673185727,27,-85,0.001869,51,2026-04-11 05:33:26.000584,712,1.037,0.0011,"aoml_navis",1030.6302266009
"7901009",107,0,1,0.033642,1,0.011214,1,134.13258118204,1,4.85135311264006,714,1,6.49900007247925,34.8660011291504,0.0336420014500618,0.0185847990214825,129.342697143555,-85.4043,26.9211,29.4034326910937,63,63,63,63,61,63,0,7820,1.10622673185727,27,-85,0.001869,51,2026-04-11 05:33:26.000584,714,1.037,0.0011,"aoml_navis",1030.64029434853
"7901009",107,0,1,0.026166,1,0.003738,1,134.414546547657,1,4.85129730297383,716,1,6.47499990463257,34.8650016784668,0.0261659994721413,0.0118266893550754,129.614593505859,-85.4043,26.9211,29.4034326910937,63,63,63,63,61,63,0,7820,1.10622673185727,27,-85,0.001869,51,2026-04-11 05:33:26.000584,716,1.037,0.0011,"aoml_navis",1030.65215090714
"7901009",107,0,1,0.029904,1,0.007476,1,134.593023867304,1,4.85124904477135,718,1,6.46700000762939,34.8650016784668,0.0299040004611015,0.0152057446539402,129.786697387695,-85.4043,26.9211,29.4034326910937,63,63,63,63,61,63,0,7820,1.10622673185727,27,-85,0.001869,51,2026-04-11 05:33:26.000584,718,1.037,0.0011,"aoml_navis",1030.66240340495
"7901009",107,0,1,0.028035,1,0.005607,1,134.823355976958,1,4.8512007892359,720,1,6.45900011062622,34.8650016784668,0.0280349999666214,0.0135162174701691,130.008804321289,-85.4043,26.9211,29.4034326910937,63,63,63,63,61,63,0,7820,1.10622673185727,27,-85,0.001869,51,2026-04-11 05:33:26.000584,720,1.037,0.0011,"aoml_navis",1030.6726555401
"7901009",107,0,1,0.029904,1,0.007476,1,135.073689445955,1,4.85115323742862,722,1,6.4520001411438,34.8650016784668,0.0299040004611015,0.0152057446539402,130.250198364258,-85.4043,26.9211,29.4034326910937,63,63,63,63,61,63,0,7820,1.10622673185727,27,-85,0.001869,51,2026-04-11 05:33:26.000584,722,1.037,0.0011,"aoml_navis",1030.68275836413
"7901009",107,0,1,0.031773,1,0.009345,1,135.443603826785,1,4.85110939032827,724,1,6.44500017166138,34.8639984130859,0.0317730009555817,0.0168952718377113,130.606903076172,-85.4043,26.9211,29.4034326910937,63,63,63,63,61,63,0,7820,1.10622673185727,27,-85,0.001869,51,2026-04-11 05:33:26.000584,724,1.037,0.0011,"aoml_navis",1030.6920742642
"7901009",107,0,1,0.029904,1,0.007476,1,135.915028271056,1,4.8510557246858,726,1,6.42399978637695,34.8629989624023,0.0299040004611015,0.0152057446539402,131.061492919922,-85.4043,26.9211,29.4034326910937,63,63,63,63,61,63,0,7820,1.10622673185727,27,-85,0.001869,51,2026-04-11 05:33:26.000584,726,1.037,0.0011,"aoml_navis",1030.70347647343
"7901009",107,0,1,0.029904,1,0.007476,1,136.458751932763,1,4.85101257045603,728,1,6.41800022125244,34.8619995117188,0.0299040004611015,0.0152057446539402,131.585800170898,-85.4043,26.9211,29.4034326910937,63,63,63,63,61,63,0,7820,1.10622673185727,27,-85,0.001869,51,2026-04-11 05:33:26.000584,728,1.037,0.0011,"aoml_navis",1030.71264553123
"7901009",107,0,1,0.035511,1,0.013083,1,137.171711779736,1,4.8509654105199,730,1,6.40100002288818,34.8600006103516,0.0355109982192516,0.0202743262052536,132.273300170898,-85.4043,26.9211,29.4034326910937,63,63,63,63,61,63,0,7820,1.10622673185727,27,-85,0.001869,51,2026-04-11 05:33:26.000584,730,1.037,0.0011,"aoml_navis",1030.72266587531
"7901009",107,0,1,0.031773,1,0.009345,1,137.668042980024,1,4.8508966277699,732,1,6.35300016403198,34.8580017089844,0.0317730009555817,0.0168952718377113,132.751907348633,-85.4043,26.9211,29.4034326910937,63,63,63,63,61,63,0,7820,1.10622673185727,27,-85,0.001869,51,2026-04-11 05:33:26.000584,732,1.037,0.0011,"aoml_navis",1030.73728089288
"7901009",107,0,1,0.029904,1,0.007476,1,137.786357983039,1,4.85084631192693,734,1,6.34200000762939,34.8580017089844,0.0299040004611015,0.0152057446539402,132.865997314453,-85.4043,26.9211,29.4034326910937,63,63,63,63,61,63,0,7820,1.10622673185727,27,-85,0.001869,51,2026-04-11 05:33:26.000584,734,1.037,0.0011,"aoml_navis",1030.74797230874
"7901009",107,0,1,0.026166,1,0.003738,1,137.825775218897,1,4.85079091915724,736,1,6.3289999961853,34.859001159668,0.0261659994721413,0.0118266893550754,132.904006958008,-85.4043,26.9211,29.4034326910937,63,63,63,63,61,63,0,7820,1.10622673185727,27,-85,0.001869,51,2026-04-11 05:33:26.000584,736,1.037,0.0011,"aoml_navis",1030.75974275731
"7901009",107,0,1,0.031773,1,0.009345,1,137.720926320947,1,4.85074110057744,738,1,6.32399988174438,34.8600006103516,0.0317730009555817,0.0168952718377113,132.80290222168,-85.4043,26.9211,29.4034326910937,63,63,63,63,61,63,0,7820,1.10622673185727,27,-85,0.001869,51,2026-04-11 05:33:26.000584,738,1.037,0.0011,"aoml_navis",1030.77032897196
"7901009",107,0,1,0.029904,1,0.007476,1,137.585806378357,1,4.85069267673927,740,1,6.32100009918213,34.8610000610352,0.0299040004611015,0.0152057446539402,132.672607421875,-85.4043,26.9211,29.4034326910937,63,63,63,63,61,63,0,7820,1.10622673185727,27,-85,0.001869,51,2026-04-11 05:33:26.000584,740,1.037,0.0011,"aoml_navis",1030.78061901895
"7901009",107,0,1,0.028035,1,0.005607,1,137.670827979427,1,4.85064126251004,742,1,6.31899976730347,34.8629989624023,0.0280349999666214,0.0135162174701691,132.754592895508,-85.4043,26.9211,29.4034326910937,63,63,63,63,61,63,0,7820,1.10622673185727,27,-85,0.001869,51,2026-04-11 05:33:26.000584,742,1.037,0.0011,"aoml_navis",1030.79154474777
"7901009",107,0,1,0.029904,1,0.007476,1,137.941922353059,1,4.85059513855051,744,1,6.31400012969971,34.8629989624023,0.0299040004611015,0.0152057446539402,133.016006469727,-85.4043,26.9211,29.4034326910937,63,63,63,63,61,63,0,7820,1.10622673185727,27,-85,0.001869,51,2026-04-11 05:33:26.000584,744,1.037,0.0011,"aoml_navis",1030.80134647027
"7901009",107,0,1,0.028035,1,0.005607,1,138.262672000124,1,4.85054713582447,746,1,6.30100011825562,34.8619995117188,0.0280349999666214,0.0135162174701691,133.325302124023,-85.4043,26.9211,29.4034326910937,63,63,63,63,61,63,0,7820,1.10622673185727,27,-85,0.001869,51,2026-04-11 05:33:26.000584,746,1.037,0.0011,"aoml_navis",1030.81154764412
"7901009",107,0,1,0.028035,1,0.005607,1,138.410340263883,1,4.85049475537984,748,1,6.28700017929077,34.8619995117188,0.0280349999666214,0.0135162174701691,133.467697143555,-85.4043,26.9211,29.4034326910937,63,63,63,63,61,63,0,7820,1.10622673185727,27,-85,0.001869,51,2026-04-11 05:33:26.000584,748,1.037,0.0011,"aoml_navis",1030.82267936778
"7901009",107,0,1,0.029904,1,0.007476,1,138.450469573452,1,4.85044585656873,750,1,6.27799987792969,34.8619995117188,0.0299040004611015,0.0152057446539402,133.506393432617,-85.4043,26.9211,29.4034326910937,63,63,63,63,61,63,0,7820,1.10622673185727,27,-85,0.001869,51,2026-04-11 05:33:26.000584,750,1.037,0.0011,"aoml_navis",1030.83307140286
"7901009",107,0,1,0.033642,1,0.011214,1,138.528671090758,1,4.8503918833969,752,1,6.26700019836426,34.8629989624023,0.0336420014500618,0.0185847990214825,133.581802368164,-85.4043,26.9211,29.4034326910937,63,63,63,63,61,63,0,7820,1.10622673185727,27,-85,0.001869,51,2026-04-11 05:33:26.000584,752,1.037,0.0011,"aoml_navis",1030.84454209055
"7901009",107,0,1,0.029904,1,0.007476,1,138.607790391958,1,4.8503409082051,754,1,6.25500011444092,34.8629989624023,0.0299040004611015,0.0152057446539402,133.658096313477,-85.4043,26.9211,29.4034326910937,63,63,63,63,61,63,0,7820,1.10622673185727,27,-85,0.001869,51,2026-04-11 05:33:26.000584,754,1.037,0.0011,"aoml_navis",1030.85537586476
"7901009",107,0,1,0.033642,1,0.011214,1,138.683191086002,1,4.85028902624803,756,1,6.24700021743774,34.8639984130859,0.0336420014500618,0.0185847990214825,133.730804443359,-85.4043,26.9211,29.4034326910937,63,63,63,63,61,63,0,7820,1.10622673185727,27,-85,0.001869,51,2026-04-11 05:33:26.000584,756,1.037,0.0011,"aoml_navis",1030.86640258793
"7901009",107,0,1,0.031773,1,0.009345,1,138.768434221115,1,4.85023852091043,758,1,6.24100017547607,34.8650016784668,0.0317730009555817,0.0168952718377113,133.813003540039,-85.4043,26.9211,29.4034326910937,63,63,63,63,61,63,0,7820,1.10622673185727,27,-85,0.001869,51,2026-04-11 05:33:26.000584,758,1.037,0.0011,"aoml_navis",1030.87713695809
"7901009",107,0,1,0.026166,1,0.003738,1,138.922843449337,1,4.85019033183371,760,1,6.23299980163574,34.8650016784668,0.0261659994721413,0.0118266893550754,133.961898803711,-85.4043,26.9211,29.4034326910937,63,63,63,63,61,63,0,7820,1.10622673185727,27,-85,0.001869,51,2026-04-11 05:33:26.000584,760,1.037,0.0011,"aoml_navis",1030.88737924016
"7901009",107,0,1,0.028035,1,0.005607,1,139.106922415509,1,4.85014283936891,762,1,6.22599983215332,34.8650016784668,0.0280349999666214,0.0135162174701691,134.139404296875,-85.4043,26.9211,29.4034326910937,63,63,63,63,61,63,0,7820,1.10622673185727,27,-85,0.001869,51,2026-04-11 05:33:26.000584,762,1.037,0.0011,"aoml_navis",1030.89747366092
"7901009",107,0,1,0.033642,1,0.011214,1,139.311841405617,1,4.85009257558122,764,1,6.21500015258789,34.8650016784668,0.0336420014500618,0.0185847990214825,134.337005615234,-85.4043,26.9211,29.4034326910937,63,63,63,63,61,63,0,7820,1.10622673185727,27,-85,0.001869,51,2026-04-11 05:33:26.000584,764,1.037,0.0011,"aoml_navis",1030.9081573357
"7901009",107,0,1,0.029904,1,0.007476,1,139.547965048118,1,4.85004093000488,766,1,6.2020001411438,34.8650016784668,0.0299040004611015,0.0152057446539402,134.564697265625,-85.4043,26.9211,29.4034326910937,63,63,63,63,61,63,0,7820,1.10622673185727,27,-85,0.001869,51,2026-04-11 05:33:26.000584,766,1.037,0.0011,"aoml_navis",1030.91913494325
"7901009",107,0,1,0.033642,1,0.011214,1,139.821955188174,1,4.84999206034384,768,1,6.19299983978271,34.8650016784668,0.0336420014500618,0.0185847990214825,134.828903198242,-85.4043,26.9211,29.4034326910937,63,63,63,63,61,63,0,7820,1.10622673185727,27,-85,0.001869,51,2026-04-11 05:33:26.000584,768,1.037,0.0011,"aoml_navis",1030.929522727
"7901009",107,0,1,0.031773,1,0.009345,1,140.168940795517,1,4.84993673688445,770,1,6.17999982833862,34.8660011291504,0.0317730009555817,0.0168952718377113,135.163497924805,-85.4043,26.9211,29.4034326910937,63,63,63,63,61,63,0,7820,1.10622673185727,27,-85,0.001869,51,2026-04-11 05:33:26.000584,770,1.037,0.0011,"aoml_navis",1030.94128258917
"7901009",107,0,1,0.029904,1,0.007476,1,140.560533864876,1,4.849887874831,772,1,6.1710000038147,34.8660011291504,0.0299040004611015,0.0152057446539402,135.541107177734,-85.4043,26.9211,29.4034326910937,63,63,63,63,61,63,0,7820,1.10622673185727,27,-85,0.001869,51,2026-04-11 05:33:26.000584,772,1.037,0.0011,"aoml_navis",1030.95166920209
"7901009",107,0,1,0.029904,1,0.007476,1,141.234693606542,1,4.84983624942646,774,1,6.15799999237061,34.8660011291504,0.0299040004611015,0.0152057446539402,136.191192626953,-85.4043,26.9211,29.4034326910937,63,63,63,63,61,63,0,7820,1.10622673185727,27,-85,0.001869,51,2026-04-11 05:33:26.000584,774,1.037,0.0011,"aoml_navis",1030.96264344828
"7901009",107,0,1,0.028035,1,0.005607,1,142.075114647749,1,4.84977265316602,776,1,6.13299989700317,34.867000579834,0.0280349999666214,0.0135162174701691,137.001602172852,-85.4043,26.9211,29.4034326910937,63,63,63,63,61,63,0,7820,1.10622673185727,27,-85,0.001869,51,2026-04-11 05:33:26.000584,776,1.037,0.0011,"aoml_navis",1030.97616271474
"7901009",107,0,1,0.029904,1,0.007476,1,143.002218795351,1,4.84972152433515,778,1,6.1100001335144,34.8650016784668,0.0299040004611015,0.0152057446539402,137.895599365234,-85.4043,26.9211,29.4034326910937,63,63,63,63,61,63,0,7820,1.10622673185727,27,-85,0.001869,51,2026-04-11 05:33:26.000584,778,1.037,0.0011,"aoml_navis",1030.98703191735
"7901009",107,0,1,0.029904,1,0.007476,1,143.536812089699,1,4.84967042976393,780,1,6.08699989318848,34.8629989624023,0.0299040004611015,0.0152057446539402,138.411102294922,-85.4043,26.9211,29.4034326910937,63,63,63,63,61,63,0,7820,1.10622673185727,27,-85,0.001869,51,2026-04-11 05:33:26.000584,780,1.037,0.0011,"aoml_navis",1030.99789406584
"7901009",107,0,1,0.028035,1,0.005607,1,143.852798754832,1,4.8496202191396,782,1,6.07600021362305,34.8629989624023,0.0280349999666214,0.0135162174701691,138.715805053711,-85.4043,26.9211,29.4034326910937,63,63,63,63,61,63,0,7820,1.10622673185727,27,-85,0.001869,51,2026-04-11 05:33:26.000584,782,1.037,0.0011,"aoml_navis",1031.00856851984
"7901009",107,0,1,0.028035,1,0.005607,1,144.220830096294,1,4.84956588677855,784,1,6.05900001525879,34.8629989624023,0.0280349999666214,0.0135162174701691,139.070693969727,-85.4043,26.9211,29.4034326910937,63,63,63,63,61,63,0,7820,1.10622673185727,27,-85,0.001869,51,2026-04-11 05:33:26.000584,784,1.037,0.0011,"aoml_navis",1031.02011947741
"7901009",107,0,1,0.031773,1,0.009345,1,144.461732544588,1,4.84951087808275,786,1,6.04099988937378,34.8629989624023,0.0317730009555817,0.0168952718377113,139.302993774414,-85.4043,26.9211,29.4034326910937,63,63,63,63,61,63,0,7820,1.10622673185727,27,-85,0.001869,51,2026-04-11 05:33:26.000584,786,1.037,0.0011,"aoml_navis",1031.03181448615
"7901009",107,0,1,0.029904,1,0.007476,1,144.663850711434,1,4.84945974258886,788,1,6.03399991989136,34.8639984130859,0.0299040004611015,0.0152057446539402,139.497894287109,-85.4043,26.9211,29.4034326910937,63,63,63,63,61,63,0,7820,1.10622673185727,27,-85,0.001869,51,2026-04-11 05:33:26.000584,788,1.037,0.0011,"aoml_navis",1031.04268627886
"7901009",107,0,1,0.028035,1,0.005607,1,144.867741150626,1,4.84941435748663,790,1,6.03000020980835,34.8639984130859,0.0280349999666214,0.0135162174701691,139.69450378418,-85.4043,26.9211,29.4034326910937,63,63,63,63,61,63,0,7820,1.10622673185727,27,-85,0.001869,51,2026-04-11 05:33:26.000584,790,1.037,0.0011,"aoml_navis",1031.05233568686
"7901009",107,0,1,0.031773,1,0.009345,1,145.305682306629,1,4.8493648550966,792,1,6.01999998092651,34.8639984130859,0.0317730009555817,0.0168952718377113,140.116806030273,-85.4043,26.9211,29.4034326910937,63,63,63,63,61,63,0,7820,1.10622673185727,27,-85,0.001869,51,2026-04-11 05:33:26.000584,792,1.037,0.0011,"aoml_navis",1031.06286068475
"7901009",107,0,1,0.031773,1,0.009345,1,145.547613305838,1,4.84930712827536,794,1,5.9980001449585,34.8639984130859,0.0317730009555817,0.0168952718377113,140.35009765625,-85.4043,26.9211,29.4034326910937,63,63,63,63,61,63,0,7820,1.10622673185727,27,-85,0.001869,51,2026-04-11 05:33:26.000584,794,1.037,0.0011,"aoml_navis",1031.07513459933
"7901009",107,0,1,0.029904,1,0.007476,1,145.687828531425,1,4.84926449042521,796,1,5.9980001449585,34.8639984130859,0.0299040004611015,0.0152057446539402,140.485305786133,-85.4043,26.9211,29.4034326910937,63,63,63,63,61,63,0,7820,1.10622673185727,27,-85,0.001869,51,2026-04-11 05:33:26.000584,796,1.037,0.0011,"aoml_navis",1031.08420047461
"7901009",107,0,1,0.028035,1,0.005607,1,145.968860289287,1,4.84921568486988,798,1,5.98899984359741,34.8639984130859,0.0280349999666214,0.0135162174701691,140.756301879883,-85.4043,26.9211,29.4034326910937,63,63,63,63,61,63,0,7820,1.10622673185727,27,-85,0.001869,51,2026-04-11 05:33:26.000584,798,1.037,0.0011,"aoml_navis",1031.09457795424
"7901009",107,0,1,0.029904,1,0.007476,1,146.167861155666,1,4.84916962357966,800,1,5.98400020599365,34.8639984130859,0.0299040004611015,0.0152057446539402,140.948196411133,-85.4043,26.9211,29.4034326910937,63,63,63,63,61,63,0,7820,1.10622673185727,27,-85,0.001869,51,2026-04-11 05:33:26.000584,800,1.037,0.0011,"aoml_navis",1031.10437211495
"7901009",107,0,1,0.029904,1,0.007476,1,146.376103156424,1,4.84912630491259,802,1,5.98299980163574,34.8639984130859,0.0299040004611015,0.0152057446539402,141.149002075195,-85.4043,26.9211,29.4034326910937,63,63,63,63,61,63,0,7820,1.10622673185727,27,-85,0.001869,51,2026-04-11 05:33:26.000584,802,1.037,0.0011,"aoml_navis",1031.11358327263
"7901009",107,0,1,0.033642,1,0.011214,1,146.659730027366,1,4.84907750588601,804,1,5.97399997711182,34.8639984130859,0.0336420014500618,0.0185847990214825,141.422500610352,-85.4043,26.9211,29.4034326910937,63,63,63,63,61,63,0,7820,1.10622673185727,27,-85,0.001869,51,2026-04-11 05:33:26.000584,804,1.037,0.0011,"aoml_navis",1031.12395995543
"7901009",107,0,1,0.031773,1,0.009345,1,146.894097221381,1,4.84902597056226,806,1,5.96099996566772,34.8639984130859,0.0317730009555817,0.0168952718377113,141.648498535156,-85.4043,26.9211,29.4034326910937,63,63,63,63,61,63,0,7820,1.10622673185727,27,-85,0.001869,51,2026-04-11 05:33:26.000584,806,1.037,0.0011,"aoml_navis",1031.13491871445
"7901009",107,0,1,0.029904,1,0.007476,1,147.073919569148,1,4.84898197115068,808,1,5.95900011062622,34.8639984130859,0.0299040004611015,0.0152057446539402,141.821899414062,-85.4043,26.9211,29.4034326910937,63,63,63,63,61,63,0,7820,1.10622673185727,27,-85,0.001869,51,2026-04-11 05:33:26.000584,808,1.037,0.0011,"aoml_navis",1031.14427517937
"7901009",107,0,1,0.029904,1,0.007476,1,147.302479406455,1,4.84893728854908,810,1,5.95599985122681,34.8639984130859,0.0299040004611015,0.0152057446539402,142.042297363281,-85.4043,26.9211,29.4034326910937,63,63,63,63,61,63,0,7820,1.10622673185727,27,-85,0.001869,51,2026-04-11 05:33:26.000584,810,1.037,0.0011,"aoml_navis",1031.15377709826
"7901009",107,0,1,0.026166,1,0.003738,1,147.695417503935,1,4.84888849957156,812,1,5.94700002670288,34.8639984130859,0.0261659994721413,0.0118266893550754,142.421203613281,-85.4043,26.9211,29.4034326910937,63,63,63,63,61,63,0,7820,1.10622673185727,27,-85,0.001869,51,2026-04-11 05:33:26.000584,812,1.037,0.0011,"aoml_navis",1031.16415245304
"7901009",107,0,1,0.031773,1,0.009345,1,148.26672215404,1,4.84883629250643,814,1,5.93300008773804,34.8639984130859,0.0317730009555817,0.0168952718377113,142.972106933594,-85.4043,26.9211,29.4034326910937,63,63,63,63,61,63,0,7820,1.10622673185727,27,-85,0.001869,51,2026-04-11 05:33:26.000584,814,1.037,0.0011,"aoml_navis",1031.17525492193
"7901009",107,0,1,0.028035,1,0.005607,1,148.921703377095,1,4.84878340881924,816,1,5.91800022125244,34.8639984130859,0.0280349999666214,0.0135162174701691,143.603698730469,-85.4043,26.9211,29.4034326910937,63,63,63,63,61,63,0,7820,1.10622673185727,27,-85,0.001869,51,2026-04-11 05:33:26.000584,816,1.037,0.0011,"aoml_navis",1031.18650152649
"7901009",107,0,1,0.031773,1,0.009345,1,149.540084011414,1,4.84871249935819,818,1,5.88199996948242,34.8650016784668,0.0317730009555817,0.0168952718377113,144.199996948242,-85.4043,26.9211,29.4034326910937,63,63,63,63,61,63,0,7820,1.10622673185727,27,-85,0.001869,51,2026-04-11 05:33:26.000584,818,1.037,0.0011,"aoml_navis",1031.20158199972
"7901009",107,0,1,0.028035,1,0.005607,1,149.935189977747,1,4.84865595537085,820,1,5.86700010299683,34.8660011291504,0.0280349999666214,0.0135162174701691,144.580993652344,-85.4043,26.9211,29.4034326910937,63,63,63,63,61,63,0,7820,1.10622673185727,27,-85,0.001869,51,2026-04-11 05:33:26.000584,820,1.037,0.0011,"aoml_navis",1031.21360765173
"7901009",107,0,1,0.028035,1,0.005607,1,150.157736748162,1,4.84861088061952,822,1,5.85799980163574,34.8650016784668,0.0280349999666214,0.0135162174701691,144.795593261719,-85.4043,26.9211,29.4034326910937,63,63,63,63,61,63,0,7820,1.10622673185727,27,-85,0.001869,51,2026-04-11 05:33:26.000584,822,1.037,0.0011,"aoml_navis",1031.22319425252
"7901009",107,0,1,0.029904,1,0.007476,1,150.359142841297,1,4.84855639135296,824,1,5.84600019454956,34.8660011291504,0.0299040004611015,0.0152057446539402,144.989807128906,-85.4043,26.9211,29.4034326910937,63,63,63,63,61,63,0,7820,1.10622673185727,27,-85,0.001869,51,2026-04-11 05:33:26.000584,824,1.037,0.0011,"aoml_navis",1031.23478339184
"7901009",107,0,1,0.031773,1,0.009345,1,150.434322001297,1,4.84851035812887,826,1,5.84100008010864,34.8660011291504,0.0317730009555817,0.0168952718377113,145.062301635742,-85.4043,26.9211,29.4034326910937,63,63,63,63,61,63,0,7820,1.10622673185727,27,-85,0.001869,51,2026-04-11 05:33:26.000584,826,1.037,0.0011,"aoml_navis",1031.24457424684
"7901009",107,0,1,0.031773,1,0.009345,1,150.637990906447,1,4.84846500734104,828,1,5.83699989318848,34.8660011291504,0.0317730009555817,0.0168952718377113,145.258697509766,-85.4043,26.9211,29.4034326910937,63,63,63,63,61,63,0,7820,1.10622673185727,27,-85,0.001869,51,2026-04-11 05:33:26.000584,828,1.037,0.0011,"aoml_navis",1031.25422013555
"7901009",107,0,1,0.029904,1,0.007476,1,150.807337858735,1,4.84841188791678,830,1,5.8270001411438,34.867000579834,0.0299040004611015,0.0152057446539402,145.421997070312,-85.4043,26.9211,29.4034326910937,63,63,63,63,61,63,0,7820,1.10622673185727,27,-85,0.001869,51,2026-04-11 05:33:26.000584,830,1.037,0.0011,"aoml_navis",1031.26551860435
"7901009",107,0,1,0.035511,1,0.013083,1,150.961129956408,1,4.84836790155191,832,1,5.82499980926514,34.867000579834,0.0355109982192516,0.0202743262052536,145.570297241211,-85.4043,26.9211,29.4034326910937,63,63,63,63,61,63,0,7820,1.10622673185727,27,-85,0.001869,51,2026-04-11 05:33:26.000584,832,1.037,0.0011,"aoml_navis",1031.27487466443
"7901009",107,0,1,0.026166,1,0.003738,1,151.270787077445,1,4.84832323698021,834,1,5.82200002670288,34.867000579834,0.0261659994721413,0.0118266893550754,145.868896484375,-85.4043,26.9211,29.4034326910937,63,63,63,63,61,63,0,7820,1.10622673185727,27,-85,0.001869,51,2026-04-11 05:33:26.000584,834,1.037,0.0011,"aoml_navis",1031.28437515529
"7901009",107,0,1,0.029904,1,0.007476,1,151.692856901626,1,4.84827517195164,836,1,5.81400012969971,34.867000579834,0.0299040004611015,0.0152057446539402,146.275894165039,-85.4043,26.9211,29.4034326910937,63,63,63,63,61,63,0,7820,1.10622673185727,27,-85,0.001869,51,2026-04-11 05:33:26.000584,836,1.037,0.0011,"aoml_navis",1031.29459914448
"7901009",107,0,1,0.029904,1,0.007476,1,152.191371794628,1,4.8482196312591,838,1,5.79500007629395,34.867000579834,0.0299040004611015,0.0152057446539402,146.756607055664,-85.4043,26.9211,29.4034326910937,63,63,63,63,61,63,0,7820,1.10622673185727,27,-85,0.001869,51,2026-04-11 05:33:26.000584,838,1.037,0.0011,"aoml_navis",1031.30641354659
"7901009",107,0,1,0.028035,1,0.005607,1,152.637082466008,1,4.84816381104966,840,1,5.7810001373291,34.8680000305176,0.0280349999666214,0.0135162174701691,147.186401367188,-85.4043,26.9211,29.4034326910937,63,63,63,63,61,63,0,7820,1.10622673185727,27,-85,0.001869,51,2026-04-11 05:33:26.000584,840,1.037,0.0011,"aoml_navis",1031.3182876792
"7901009",107,0,1,0.031773,1,0.009345,1,153.052522092749,1,4.84811507828181,842,1,5.77199983596802,34.8680000305176,0.0317730009555817,0.0168952718377113,147.587005615234,-85.4043,26.9211,29.4034326910937,63,63,63,63,61,63,0,7820,1.10622673185727,27,-85,0.001869,51,2026-04-11 05:33:26.000584,842,1.037,0.0011,"aoml_navis",1031.32865438747
"7901009",107,0,1,0.029904,1,0.007476,1,153.461109988006,1,4.84805045549958,844,1,5.74499988555908,34.8689994812012,0.0299040004611015,0.0152057446539402,147.981002807617,-85.4043,26.9211,29.4034326910937,63,63,63,63,61,63,0,7820,1.10622673185727,27,-85,0.001869,51,2026-04-11 05:33:26.000584,844,1.037,0.0011,"aoml_navis",1031.34240163034
"7901009",107,0,1,0.031773,1,0.009345,1,153.550609741524,1,4.84799330569991,846,1,5.72900009155273,34.8699989318848,0.0317730009555817,0.0168952718377113,148.067306518555,-85.4043,26.9211,29.4034326910937,63,63,63,63,61,63,0,7820,1.10622673185727,27,-85,0.001869,51,2026-04-11 05:33:26.000584,846,1.037,0.0011,"aoml_navis",1031.35455944656
"7901009",107,0,1,0.031773,1,0.009345,1,153.645695317706,1,4.84794865036631,848,1,5.72599983215332,34.8699989318848,0.0317730009555817,0.0168952718377113,148.158996582031,-85.4043,26.9211,29.4034326910937,63,63,63,63,61,63,0,7820,1.10622673185727,27,-85,0.001869,51,2026-04-11 05:33:26.000584,848,1.037,0.0011,"aoml_navis",1031.36405944032
"7901009",107,0,1,0.028035,1,0.005607,1,153.871675865794,1,4.84788848586937,850,1,5.71099996566772,34.8720016479492,0.0280349999666214,0.0135162174701691,148.376907348633,-85.4043,26.9211,29.4034326910937,63,63,63,63,61,63,0,7820,1.10622673185727,27,-85,0.001869,51,2026-04-11 05:33:26.000584,850,1.037,0.0011,"aoml_navis",1031.37685913651
"7901009",107,0,1,0.028035,1,0.005607,1,154.092861784228,1,4.84784685871064,852,1,5.70699977874756,34.8709983825684,0.0280349999666214,0.0135162174701691,148.590194702148,-85.4043,26.9211,29.4034326910937,63,63,63,63,61,63,0,7820,1.10622673185727,27,-85,0.001869,51,2026-04-11 05:33:26.000584,852,1.037,0.0011,"aoml_navis",1031.38571529255
"7901009",107,0,1,0.029904,1,0.007476,1,154.375254394072,1,4.84779377224126,854,1,5.69700002670288,34.8720016479492,0.0299040004611015,0.0152057446539402,148.862503051758,-85.4043,26.9211,29.4034326910937,63,63,63,63,61,63,0,7820,1.10622673185727,27,-85,0.001869,51,2026-04-11 05:33:26.000584,854,1.037,0.0011,"aoml_navis",1031.39700963153
"7901009",107,0,1,0.026166,1,0.003738,1,154.456351677802,1,4.84774439051487,856,1,5.68699979782104,34.8720016479492,0.0261659994721413,0.0118266893550754,148.940704345703,-85.4043,26.9211,29.4034326910937,63,63,63,63,61,63,0,7820,1.10622673185727,27,-85,0.001869,51,2026-04-11 05:33:26.000584,856,1.037,0.0011,"aoml_navis",1031.40751599507
"7901009",107,0,1,0.029904,1,0.007476,1,154.4008732238,1,4.84769906759734,858,1,5.68300008773804,34.8720016479492,0.0299040004611015,0.0152057446539402,148.88720703125,-85.4043,26.9211,29.4034326910937,63,63,63,63,61,63,0,7820,1.10622673185727,27,-85,0.001869,51,2026-04-11 05:33:26.000584,858,1.037,0.0011,"aoml_navis",1031.41715900244
"7901009",107,0,1,0.024297,1,0.001869,1,154.280564414395,1,4.84764735575002,860,1,5.67500019073486,34.8730010986328,0.0242970008403063,0.0101371631026268,148.771194458008,-85.4043,26.9211,29.4034326910937,63,63,63,63,61,63,0,7820,1.10622673185727,27,-85,0.001869,51,2026-04-11 05:33:26.000584,860,1.037,0.0011,"aoml_navis",1031.42816155331
"7901009",107,0,1,0.026166,1,0.003738,1,153.892816543074,1,4.84759933339709,862,1,5.66699981689453,34.8730010986328,0.0261659994721413,0.0118266893550754,148.39729309082,-85.4043,26.9211,29.4034326910937,63,63,63,63,61,63,0,7820,1.10622673185727,27,-85,0.001869,51,2026-04-11 05:33:26.000584,862,1.037,0.0011,"aoml_navis",1031.43837931344
"7901009",107,0,1,0.029904,1,0.007476,1,153.363318531723,1,4.84754695161711,864,1,5.65799999237061,34.8740005493164,0.0299040004611015,0.0152057446539402,147.886703491211,-85.4043,26.9211,29.4034326910937,63,63,63,63,61,63,0,7820,1.10622673185727,27,-85,0.001869,51,2026-04-11 05:33:26.000584,864,1.037,0.0011,"aoml_navis",1031.44952486371
"7901009",107,0,1,0.024297,1,0.001869,1,153.087366232998,1,4.84749727346751,866,1,5.65299987792969,34.875,0.0242970008403063,0.0101371631026268,147.62060546875,-85.4043,26.9211,29.4034326910937,63,63,63,63,61,63,0,7820,1.10622673185727,27,-85,0.001869,51,2026-04-11 05:33:26.000584,866,1.037,0.0011,"aoml_navis",1031.4600953707
"7901009",107,0,1,0.031773,1,0.009345,1,153.056462233949,1,4.8474519597282,868,1,5.64900016784668,34.875,0.0317730009555817,0.0168952718377113,147.590805053711,-85.4043,26.9211,29.4034326910937,63,63,63,63,61,63,0,7820,1.10622673185727,27,-85,0.001869,51,2026-04-11 05:33:26.000584,868,1.037,0.0011,"aoml_navis",1031.46973740826
"7901009",107,0,1,0.029904,1,0.007476,1,153.029181898895,1,4.84739890986166,870,1,5.63899993896484,34.8759994506836,0.0299040004611015,0.0152057446539402,147.564498901367,-85.4043,26.9211,29.4034326910937,63,63,63,63,61,63,0,7820,1.10622673185727,27,-85,0.001869,51,2026-04-11 05:33:26.000584,870,1.037,0.0011,"aoml_navis",1031.48102579878
"7901009",107,0,1,0.024297,1,0.001869,1,152.95700927234,1,4.84735562476557,872,1,5.63800001144409,34.8759994506836,0.0242970008403063,0.0101371631026268,147.494903564453,-85.4043,26.9211,29.4034326910937,63,63,63,63,61,63,0,7820,1.10622673185727,27,-85,0.001869,51,2026-04-11 05:33:26.000584,872,1.037,0.0011,"aoml_navis",1031.49023654352
"7901009",107,0,1,0.026166,1,0.003738,1,152.933669078486,1,4.84730829113259,874,1,5.63100004196167,34.8759994506836,0.0261659994721413,0.0118266893550754,147.472396850586,-85.4043,26.9211,29.4034326910937,63,63,63,63,61,63,0,7820,1.10622673185727,27,-85,0.001869,51,2026-04-11 05:33:26.000584,874,1.037,0.0011,"aoml_navis",1031.50030897493
"7901009",107,0,1,0.031773,1,0.009345,1,153.009370425875,1,4.84726230937074,876,1,5.62599992752075,34.8759994506836,0.0317730009555817,0.0168952718377113,147.545394897461,-85.4043,26.9211,29.4034326910937,63,63,63,63,61,63,0,7820,1.10622673185727,27,-85,0.001869,51,2026-04-11 05:33:26.000584,876,1.037,0.0011,"aoml_navis",1031.51009392126
"7901009",107,0,1,0.031773,1,0.009345,1,153.268533608885,1,4.84721331809238,878,1,5.62200021743774,34.8769989013672,0.0317730009555817,0.0168952718377113,147.795303344727,-85.4043,26.9211,29.4034326910937,63,63,63,63,61,63,0,7820,1.10622673185727,27,-85,0.001869,51,2026-04-11 05:33:26.000584,878,1.037,0.0011,"aoml_navis",1031.52051949877
"7901009",107,0,1,0.028035,1,0.005607,1,153.56024647241,1,4.84716261717629,880,1,5.6100001335144,34.8769989013672,0.0280349999666214,0.0135162174701691,148.076599121094,-85.4043,26.9211,29.4034326910937,63,63,63,63,61,63,0,7820,1.10622673185727,27,-85,0.001869,51,2026-04-11 05:33:26.000584,880,1.037,0.0011,"aoml_navis",1031.53130911724
"7901009",107,0,1,0.033642,1,0.011214,1,153.837543799256,1,4.8471153991796,881.900024414062,1,5.59999990463257,34.8769989013672,0.0336420014500618,0.0185847990214825,148.343994140625,-85.4043,26.9211,29.4034326910937,63,63,63,63,61,63,0,7820,1.10622673185727,27,-85,0.001869,51,2026-04-11 05:33:26.000584,881.900024414062,1.037,0.0011,"aoml_navis",1031.54135774161
"7901009",107,0,1,0.029904,1,0.007476,1,154.013014585457,1,4.84706594759832,884,1,5.59299993515015,34.8769989013672,0.0299040004611015,0.0152057446539402,148.513198852539,-85.4043,26.9211,29.4034326910937,63,63,63,63,61,63,0,7820,1.10622673185727,27,-85,0.001869,51,2026-04-11 05:33:26.000584,884,1.037,0.0011,"aoml_navis",1031.5518819127
"7901009",107,0,1,0.031773,1,0.009345,1,154.246448171718,1,4.84701157254354,886,1,5.58099985122681,34.8779983520508,0.0317730009555817,0.0168952718377113,148.738296508789,-85.4043,26.9211,29.4034326910937,63,63,63,63,61,63,0,7820,1.10622673185727,27,-85,0.001869,51,2026-04-11 05:33:26.000584,886,1.037,0.0011,"aoml_navis",1031.5634541339
"7901009",107,0,1,0.029904,1,0.007476,1,154.408326261973,1,4.84696290909764,888,1,5.57200002670288,34.8779983520508,0.0299040004611015,0.0152057446539402,148.894393920898,-85.4043,26.9211,29.4034326910937,63,63,63,63,61,63,0,7820,1.10622673185727,27,-85,0.001869,51,2026-04-11 05:33:26.000584,888,1.037,0.0011,"aoml_navis",1031.57381101785
"7901009",107,0,1,0.026166,1,0.003738,1,154.582452020054,1,4.84691492183491,890,1,5.56400012969971,34.8779983520508,0.0261659994721413,0.0118266893550754,149.062301635742,-85.4043,26.9211,29.4034326910937,63,63,63,63,61,63,0,7820,1.10622673185727,27,-85,0.001869,51,2026-04-11 05:33:26.000584,890,1.037,0.0011,"aoml_navis",1031.58402419557
"7901009",107,0,1,0.029904,1,0.007476,1,154.858293551758,1,4.84686626391214,892,1,5.55499982833862,34.8779983520508,0.0299040004611015,0.0152057446539402,149.32829284668,-85.4043,26.9211,29.4034326910937,63,63,63,63,61,63,0,7820,1.10622673185727,27,-85,0.001869,51,2026-04-11 05:33:26.000584,892,1.037,0.0011,"aoml_navis",1031.59438031704
"7901009",107,0,1,0.028035,1,0.005607,1,155.118390342523,1,4.84681189131018,894,1,5.54300022125244,34.8790016174316,0.0280349999666214,0.0135162174701691,149.5791015625,-85.4043,26.9211,29.4034326910937,63,63,63,63,61,63,0,7820,1.10622673185727,27,-85,0.001869,51,2026-04-11 05:33:26.000584,894,1.037,0.0011,"aoml_navis",1031.60595296972
"7901009",107,0,1,0.031773,1,0.009345,1,155.478035038058,1,4.84676055165645,896,1,5.53000020980835,34.8790016174316,0.0317730009555817,0.0168952718377113,149.925903320312,-85.4043,26.9211,29.4034326910937,63,63,63,63,61,63,0,7820,1.10622673185727,27,-85,0.001869,51,2026-04-11 05:33:26.000584,896,1.037,0.0011,"aoml_navis",1031.61688032869
"7901009",107,0,1,0.028035,1,0.005607,1,155.788926420194,1,4.84671056118601,898,1,5.51900005340576,34.8790016174316,0.0280349999666214,0.0135162174701691,150.225692749023,-85.4043,26.9211,29.4034326910937,63,63,63,63,61,63,0,7820,1.10622673185727,27,-85,0.001869,51,2026-04-11 05:33:26.000584,898,1.037,0.0011,"aoml_navis",1031.62752074398
"7901009",107,0,1,0.029904,1,0.007476,1,156.069040394162,1,4.84665487491734,900,1,5.50500011444092,34.8800010681152,0.0299040004611015,0.0152057446539402,150.495803833008,-85.4043,26.9211,29.4034326910937,63,63,63,63,61,63,0,7820,1.10622673185727,27,-85,0.001869,51,2026-04-11 05:33:26.000584,900,1.037,0.0011,"aoml_navis",1031.63937376194
"7901009",107,0,1,0.028035,1,0.005607,1,156.32601988446,1,4.84660556492677,902,1,5.49499988555908,34.8800010681152,0.0280349999666214,0.0135162174701691,150.743606567383,-85.4043,26.9211,29.4034326910937,63,63,63,63,61,63,0,7820,1.10622673185727,27,-85,0.001869,51,2026-04-11 05:33:26.000584,902,1.037,0.0011,"aoml_navis",1031.64986979409
"7901009",107,0,1,0.028035,1,0.005607,1,156.500952659413,1,4.84654989031958,904,1,5.48099994659424,34.8810005187988,0.0280349999666214,0.0135162174701691,150.912292480469,-85.4043,26.9211,29.4034326910937,63,63,63,63,61,63,0,7820,1.10622673185727,27,-85,0.001869,51,2026-04-11 05:33:26.000584,904,1.037,0.0011,"aoml_navis",1031.6617208433
"7901009",107,0,1,0.033642,1,0.011214,1,156.715207727063,1,4.84650528137682,906,1,5.47800016403198,34.8810005187988,0.0336420014500618,0.0185847990214825,151.118896484375,-85.4043,26.9211,29.4034326910937,63,63,63,63,61,63,0,7820,1.10622673185727,27,-85,0.001869,51,2026-04-11 05:33:26.000584,906,1.037,0.0011,"aoml_navis",1031.67121662139
"7901009",107,0,1,0.029904,1,0.007476,1,156.857179401136,1,4.8464579923057,908,1,5.47100019454956,34.8810005187988,0.0299040004611015,0.0152057446539402,151.255798339844,-85.4043,26.9211,29.4034326910937,63,63,63,63,61,63,0,7820,1.10622673185727,27,-85,0.001869,51,2026-04-11 05:33:26.000584,908,1.037,0.0011,"aoml_navis",1031.68128310161
"7901009",107,0,1,0.024297,1,0.001869,1,157.0209247069,1,4.8464133864668,910,1,5.46799993515015,34.8810005187988,0.0242970008403063,0.0101371631026268,151.413696289062,-85.4043,26.9211,29.4034326910937,63,63,63,63,61,63,0,7820,1.10622673185727,27,-85,0.001869,51,2026-04-11 05:33:26.000584,910,1.037,0.0011,"aoml_navis",1031.69077857908
"7901009",107,0,1,0.029904,1,0.007476,1,157.178150582245,1,4.84636811238037,912,1,5.46400022506714,34.8810005187988,0.0299040004611015,0.0152057446539402,151.565307617188,-85.4043,26.9211,29.4034326910937,63,63,63,63,61,63,0,7820,1.10622673185727,27,-85,0.001869,51,2026-04-11 05:33:26.000584,912,1.037,0.0011,"aoml_navis",1031.70041648862
"7901009",107,0,1,0.031773,1,0.009345,1,157.28464516166,1,4.84632216941291,914,1,5.45900011062622,34.8810005187988,0.0317730009555817,0.0168952718377113,151.667999267578,-85.4043,26.9211,29.4034326910937,63,63,63,63,61,63,0,7820,1.10622673185727,27,-85,0.001869,51,2026-04-11 05:33:26.000584,914,1.037,0.0011,"aoml_navis",1031.71019697308
"7901009",107,0,1,0.026166,1,0.003738,1,157.444038905858,1,4.84627756885179,916,1,5.45599985122681,34.8810005187988,0.0261659994721413,0.0118266893550754,151.821701049805,-85.4043,26.9211,29.4034326910937,63,63,63,63,61,63,0,7820,1.10622673185727,27,-85,0.001869,51,2026-04-11 05:33:26.000584,916,1.037,0.0011,"aoml_navis",1031.71969185922
"7901009",107,0,1,0.028035,1,0.005607,1,157.58922282356,1,4.84622660330243,918,1,5.44899988174438,34.8819999694824,0.0280349999666214,0.0135162174701691,151.961700439453,-85.4043,26.9211,29.4034326910937,63,63,63,63,61,63,0,7820,1.10622673185727,27,-85,0.001869,51,2026-04-11 05:33:26.000584,918,1.037,0.0011,"aoml_navis",1031.73054198349
"7901009",107,0,1,0.035511,1,0.013083,1,157.782004912864,1,4.84618200658314,920,1,5.44600009918213,34.8819999694824,0.0355109982192516,0.0202743262052536,152.147598266602,-85.4043,26.9211,29.4034326910937,63,63,63,63,61,63,0,7820,1.10622673185727,27,-85,0.001869,51,2026-04-11 05:33:26.000584,920,1.037,0.0011,"aoml_navis",1031.74003642618
"7901009",107,0,1,0.031773,1,0.009345,1,157.993348390229,1,4.84613607085092,922,1,5.44099998474121,34.8819999694824,0.0317730009555817,0.0168952718377113,152.35139465332,-85.4043,26.9211,29.4034326910937,63,63,63,63,61,63,0,7820,1.10622673185727,27,-85,0.001869,51,2026-04-11 05:33:26.000584,922,1.037,0.0011,"aoml_navis",1031.74981612146
"7901009",107,0,1,0.029904,1,0.007476,1,158.193599341567,1,4.8460887967379,924,1,5.43400001525879,34.8819999694824,0.0299040004611015,0.0152057446539402,152.544494628906,-85.4043,26.9211,29.4034326910937,63,63,63,63,61,63,0,7820,1.10622673185727,27,-85,0.001869,51,2026-04-11 05:33:26.000584,924,1.037,0.0011,"aoml_navis",1031.75988095095
"7901009",107,0,1,0.029904,1,0.007476,1,158.59337334667,1,4.84604018515921,926,1,5.42500019073486,34.8819999694824,0.0299040004611015,0.0152057446539402,152.929992675781,-85.4043,26.9211,29.4034326910937,63,63,63,63,61,63,0,7820,1.10622673185727,27,-85,0.001869,51,2026-04-11 05:33:26.000584,926,1.037,0.0011,"aoml_navis",1031.77023073649
"7901009",107,0,1,0.033642,1,0.011214,1,159.129216725978,1,4.84598956789821,928,1,5.41300010681152,34.8819999694824,0.0336420014500618,0.0185847990214825,153.446701049805,-85.4043,26.9211,29.4034326910937,63,63,63,63,61,63,0,7820,1.10622673185727,27,-85,0.001869,51,2026-04-11 05:33:26.000584,928,1.037,0.0011,"aoml_navis",1031.78100776816
"7901009",107,0,1,0.024297,1,0.001869,1,159.677497659434,1,4.84592858223156,930,1,5.39099979400635,34.882999420166,0.0242970008403063,0.0101371631026268,153.975402832031,-85.4043,26.9211,29.4034326910937,63,63,63,63,61,63,0,7820,1.10622673185727,27,-85,0.001869,51,2026-04-11 05:33:26.000584,930,1.037,0.0011,"aoml_navis",1031.79399265878
"7901009",107,0,1,0.029904,1,0.007476,1,160.185633459461,1,4.84587397138939,932,1,5.3730001449585,34.882999420166,0.0299040004611015,0.0152057446539402,154.465393066406,-85.4043,26.9211,29.4034326910937,63,63,63,63,61,63,0,7820,1.10622673185727,27,-85,0.001869,51,2026-04-11 05:33:26.000584,932,1.037,0.0011,"aoml_navis",1031.8056205177
"7901009",107,0,1,0.031773,1,0.009345,1,160.528378272259,1,4.84581435227407,934,1,5.35300016403198,34.8839988708496,0.0317730009555817,0.0168952718377113,154.7958984375,-85.4043,26.9211,29.4034326910937,63,63,63,63,61,63,0,7820,1.10622673185727,27,-85,0.001869,51,2026-04-11 05:33:26.000584,934,1.037,0.0011,"aoml_navis",1031.81831504824
"7901009",107,0,1,0.031773,1,0.009345,1,160.789820091145,1,4.84576341313076,936,1,5.34600019454956,34.8849983215332,0.0317730009555817,0.0168952718377113,155.048004150391,-85.4043,26.9211,29.4034326910937,63,63,63,63,61,63,0,7820,1.10622673185727,27,-85,0.001869,51,2026-04-11 05:33:26.000584,936,1.037,0.0011,"aoml_navis",1031.82916162421
"7901009",107,0,1,0.029904,1,0.007476,1,161.035390578209,1,4.84571549475966,938,1,5.33799982070923,34.8849983215332,0.0299040004611015,0.0152057446539402,155.284805297852,-85.4043,26.9211,29.4034326910937,63,63,63,63,61,63,0,7820,1.10622673185727,27,-85,0.001869,51,2026-04-11 05:33:26.000584,938,1.037,0.0011,"aoml_navis",1031.83936518914
"7901009",107,0,1,0.031773,1,0.009345,1,161.173311344061,1,4.84566691285785,940,1,5.3289999961853,34.8849983215332,0.0317730009555817,0.0168952718377113,155.41780090332,-85.4043,26.9211,29.4034326910937,63,63,63,63,61,63,0,7820,1.10622673185727,27,-85,0.001869,51,2026-04-11 05:33:26.000584,940,1.037,0.0011,"aoml_navis",1031.84971024992
"7901009",107,0,1,0.029904,1,0.007476,1,161.319745346722,1,4.84562166531945,942,1,5.32499980926514,34.8849983215332,0.0299040004611015,0.0152057446539402,155.559005737305,-85.4043,26.9211,29.4034326910937,63,63,63,63,61,63,0,7820,1.10622673185727,27,-85,0.001869,51,2026-04-11 05:33:26.000584,942,1.037,0.0011,"aoml_navis",1031.85934547582
"7901009",107,0,1,0.029904,1,0.007476,1,161.471353751682,1,4.84557775273815,944,1,5.32299995422363,34.8849983215332,0.0299040004611015,0.0152057446539402,155.705200195312,-85.4043,26.9211,29.4034326910937,63,63,63,63,61,63,0,7820,1.10622673185727,27,-85,0.001869,51,2026-04-11 05:33:26.000584,944,1.037,0.0011,"aoml_navis",1031.86869660168
"7901009",107,0,1,0.028035,1,0.005607,1,161.732684803546,1,4.84553184223968,946,1,5.31799983978271,34.8849983215332,0.0280349999666214,0.0135162174701691,155.95719909668,-85.4043,26.9211,29.4034326910937,63,63,63,63,61,63,0,7820,1.10622673185727,27,-85,0.001869,51,2026-04-11 05:33:26.000584,946,1.037,0.0011,"aoml_navis",1031.87847336257
"7901009",107,0,1,0.028035,1,0.005607,1,162.051883712307,1,4.8454846008691,948,1,5.31099987030029,34.8849983215332,0.0280349999666214,0.0135162174701691,156.264999389648,-85.4043,26.9211,29.4034326910937,63,63,63,63,61,63,0,7820,1.10622673185727,27,-85,0.001869,51,2026-04-11 05:33:26.000584,948,1.037,0.0011,"aoml_navis",1031.88853372956
"7901009",107,0,1,0.029904,1,0.007476,1,162.416497099957,1,4.84542833476945,950,1,5.2960000038147,34.8860015869141,0.0299040004611015,0.0152057446539402,156.616592407227,-85.4043,26.9211,29.4034326910937,63,63,63,63,61,63,0,7820,1.10622673185727,27,-85,0.001869,51,2026-04-11 05:33:26.000584,950,1.037,0.0011,"aoml_navis",1031.90051622916
"7901009",107,0,1,0.031773,1,0.009345,1,162.657921735639,1,4.84537475176297,952,1,5.28499984741211,34.8870010375977,0.0317730009555817,0.0168952718377113,156.849395751953,-85.4043,26.9211,29.4034326910937,63,63,63,63,61,63,0,7820,1.10622673185727,27,-85,0.001869,51,2026-04-11 05:33:26.000584,952,1.037,0.0011,"aoml_navis",1031.91192759255
"7901009",107,0,1,0.031773,1,0.009345,1,162.849358796823,1,4.84532884989242,954,1,5.28000020980835,34.8870010375977,0.0317730009555817,0.0168952718377113,157.033996582031,-85.4043,26.9211,29.4034326910937,63,63,63,63,61,63,0,7820,1.10622673185727,27,-85,0.001869,51,2026-04-11 05:33:26.000584,954,1.037,0.0011,"aoml_navis",1031.92170333516
"7901009",107,0,1,0.033642,1,0.011214,1,163.031048360099,1,4.8452816186932,956,1,5.27299976348877,34.8870010375977,0.0336420014500618,0.0185847990214825,157.209197998047,-85.4043,26.9211,29.4034326910937,63,63,63,63,61,63,0,7820,1.10622673185727,27,-85,0.001869,51,2026-04-11 05:33:26.000584,956,1.037,0.0011,"aoml_navis",1031.93176237887
"7901009",107,0,1,0.033642,1,0.011214,1,163.161199610573,1,4.84523505541095,958,1,5.26700019836426,34.8870010375977,0.0336420014500618,0.0185847990214825,157.334701538086,-85.4043,26.9211,29.4034326910937,63,63,63,63,61,63,0,7820,1.10622673185727,27,-85,0.001869,51,2026-04-11 05:33:26.000584,958,1.037,0.0011,"aoml_navis",1031.94167936522
"7901009",107,0,1,0.028035,1,0.005607,1,163.323599888216,1,4.84518915878882,960,1,5.26200008392334,34.8870010375977,0.0280349999666214,0.0135162174701691,157.491302490234,-85.4043,26.9211,29.4034326910937,63,63,63,63,61,63,0,7820,1.10622673185727,27,-85,0.001869,51,2026-04-11 05:33:26.000584,960,1.037,0.0011,"aoml_navis",1031.95145455371
"7901009",107,0,1,0.028035,1,0.005607,1,163.467438777798,1,4.84514090940651,962,1,5.25899982452393,34.8880004882812,0.0280349999666214,0.0135162174701691,157.630004882812,-85.4043,26.9211,29.4034326910937,63,63,63,63,61,63,0,7820,1.10622673185727,27,-85,0.001869,51,2026-04-11 05:33:26.000584,962,1.037,0.0011,"aoml_navis",1031.9617310392
"7901009",107,0,1,0.029904,1,0.007476,1,163.66343311073,1,4.84510136183946,964,1,5.25799989700317,34.8870010375977,0.0299040004611015,0.0152057446539402,157.819000244141,-85.4043,26.9211,29.4034326910937,63,63,63,63,61,63,0,7820,1.10622673185727,27,-85,0.001869,51,2026-04-11 05:33:26.000584,964,1.037,0.0011,"aoml_navis",1031.97015430483
"7901009",107,0,1,0.028035,1,0.005607,1,163.899778287275,1,4.84504912545038,966,1,5.24900007247925,34.8880004882812,0.0280349999666214,0.0135162174701691,158.046905517578,-85.4043,26.9211,29.4034326910937,63,63,63,63,61,63,0,7820,1.10622673185727,27,-85,0.001869,51,2026-04-11 05:33:26.000584,966,1.037,0.0011,"aoml_navis",1031.98128038283
"7901009",107,0,1,0.028035,1,0.005607,1,164.025973572689,1,4.84500390099489,968,1,5.24499988555908,34.8880004882812,0.0280349999666214,0.0135162174701691,158.168594360352,-85.4043,26.9211,29.4034326910937,63,63,63,63,61,63,0,7820,1.10622673185727,27,-85,0.001869,51,2026-04-11 05:33:26.000584,968,1.037,0.0011,"aoml_navis",1031.99091314938
"7901009",107,0,1,0.028035,1,0.005607,1,164.27921863197,1,4.84495801331204,970,1,5.23999977111816,34.8880004882812,0.0280349999666214,0.0135162174701691,158.412796020508,-85.4043,26.9211,29.4034326910937,63,63,63,63,61,63,0,7820,1.10622673185727,27,-85,0.001869,51,2026-04-11 05:33:26.000584,970,1.037,0.0011,"aoml_navis",1032.00068736653
"7901009",107,0,1,0.028035,1,0.005607,1,164.514108013373,1,4.84491212774753,972,1,5.2350001335144,34.8880004882812,0.0280349999666214,0.0135162174701691,158.639297485352,-85.4043,26.9211,29.4034326910937,63,63,63,63,61,63,0,7820,1.10622673185727,27,-85,0.001869,51,2026-04-11 05:33:26.000584,972,1.037,0.0011,"aoml_navis",1032.01046131761
"7901009",107,0,1,0.031773,1,0.009345,1,164.796389856195,1,4.84486624366678,974,1,5.23000001907349,34.8880004882812,0.0317730009555817,0.0168952718377113,158.911499023438,-85.4043,26.9211,29.4034326910937,63,63,63,63,61,63,0,7820,1.10622673185727,27,-85,0.001869,51,2026-04-11 05:33:26.000584,974,1.037,0.0011,"aoml_navis",1032.02023513776
"7901009",107,0,1,0.029904,1,0.007476,1,165.259949841926,1,4.84481003141315,976,1,5.21500015258789,34.8889999389648,0.0299040004611015,0.0152057446539402,159.358505249023,-85.4043,26.9211,29.4034326910937,63,63,63,63,61,63,0,7820,1.10622673185727,27,-85,0.001869,51,2026-04-11 05:33:26.000584,976,1.037,0.0011,"aoml_navis",1032.03220922608
"7901009",107,0,1,0.031773,1,0.009345,1,165.590241276715,1,4.84475117199558,978,1,5.19600009918213,34.8899993896484,0.0317730009555817,0.0168952718377113,159.677001953125,-85.4043,26.9211,29.4034326910937,63,63,63,63,61,63,0,7820,1.10622673185727,27,-85,0.001869,51,2026-04-11 05:33:26.000584,978,1.037,0.0011,"aoml_navis",1032.04474749948
"7901009",107,0,1,0.033642,1,0.011214,1,169.754654047659,1,4.84425219490291,999.299987792969,1,5.13250017166138,34.890998840332,0.0336420014500618,0.0185847990214825,163.69270324707,-85.4043,26.9211,29.4034326910937,63,63,63,63,61,63,0,7820,1.10622673185727,27,-85,0.001869,51,2026-04-11 05:33:26.000584,999.299987792969,1.037,0.0011,"aoml_navis",1032.15105218117
"7901009",107,0,1,0.033642,1,0.011214,1,176.254557823007,1,4.84302362320641,1049.90002441406,1,4.94619989395142,34.898998260498,0.0336420014500618,0.0185847990214825,169.960494995117,-85.4043,26.9211,29.4034326910937,63,63,63,63,61,63,0,7820,1.10622673185727,27,-85,0.001869,51,2026-04-11 05:33:26.000584,1049.90002441406,1.037,0.0011,"aoml_navis",1032.41288686708
"7901009",107,0,1,0.028035,1,0.005607,1,182.756961768272,1,4.84181804737171,1100,1,4.77089977264404,34.9059982299805,0.0280349999666214,0.0135162174701691,176.230697631836,-85.4043,26.9211,29.4034326910937,63,63,63,63,61,63,0,7820,1.10622673185727,27,-85,0.001869,51,2026-04-11 05:33:26.000584,1100,1.037,0.0011,"aoml_navis",1032.66994981651
"7901009",107,0,1,0.033642,1,0.011214,1,189.070001578045,1,4.84061290822231,1150.09997558594,1,4.58850002288818,34.9119987487793,0.0336420014500618,0.0185847990214825,182.318298339844,-85.4043,26.9211,29.4034326910937,63,63,63,63,61,63,0,7820,1.10622673185727,27,-85,0.001869,51,2026-04-11 05:33:26.000584,1150.09997558594,1.037,0.0011,"aoml_navis",1032.92704762799
"7901009",107,0,1,0.031773,1,0.009345,1,192.284286484738,1,4.83949733207995,1199.19995117188,1,4.49790000915527,34.9160003662109,0.0317730009555817,0.0168952718377113,185.41780090332,-85.4043,26.9211,29.4034326910937,63,63,63,63,61,63,0,7820,1.10622673185727,27,-85,0.001869,51,2026-04-11 05:33:26.000584,1199.19995117188,1.037,0.0011,"aoml_navis",1033.16515268148
"7901009",107,0,1,0.031773,1,0.009345,1,194.355661437876,1,4.83839749082999,1249.40002441406,1,4.45419979095459,34.9179992675781,0.0317730009555817,0.0168952718377113,187.41520690918,-85.4043,26.9211,29.4034326910937,63,63,63,63,61,63,0,7820,1.10622673185727,27,-85,0.001869,51,2026-04-11 05:33:26.000584,1249.40002441406,1.037,0.0011,"aoml_navis",1033.40000681554
"7901009",107,0,1,0.029904,1,0.007476,1,195.771311446528,1,4.83730173603034,1299.59997558594,1,4.41480016708374,34.9199981689453,0.0299040004611015,0.0152057446539402,188.780303955078,-85.4043,26.9211,29.4034326910937,63,63,63,63,61,63,0,7820,1.10622673185727,27,-85,0.001869,51,2026-04-11 05:33:26.000584,1299.59997558594,1.037,0.0011,"aoml_navis",1033.63409455272
"7901009",107,0,1,0.029904,1,0.007476,1,197.618683834108,1,4.83620315849827,1350.19995117188,1,4.38199996948242,34.9220008850098,0.0299040004611015,0.0152057446539402,190.561706542969,-85.4043,26.9211,29.4034326910937,63,63,63,63,61,63,0,7820,1.10622673185727,27,-85,0.001869,51,2026-04-11 05:33:26.000584,1350.19995117188,1.037,0.0011,"aoml_navis",1033.86889180077
"7901009",107,0,1,0.028035,1,0.005607,1,198.930102075359,1,4.83513643071837,1399.5,1,4.34829998016357,34.9230003356934,0.0280349999666214,0.0135162174701691,191.826293945312,-85.4043,26.9211,29.4034326910937,63,63,63,63,61,63,0,7820,1.10622673185727,27,-85,0.001869,51,2026-04-11 05:33:26.000584,1399.5,1.037,0.0011,"aoml_navis",1034.09698395152
"7901009",107,0,1,0.028035,1,0.005607,1,199.857316989982,1,4.83407746972969,1449.09997558594,1,4.33379983901978,34.923999786377,0.0280349999666214,0.0135162174701691,192.720397949219,-85.4043,26.9211,29.4034326910937,63,63,63,63,61,63,0,7820,1.10622673185727,27,-85,0.001869,51,2026-04-11 05:33:26.000584,1449.09997558594,1.037,0.0011,"aoml_navis",1034.3235149435
"7901009",107,0,1,0.024297,1,0.001869,1,200.697215843801,1,4.83300341875092,1499.59997558594,1,4.32289981842041,34.9249992370605,0.0242970008403063,0.0101371631026268,193.530303955078,-85.4043,26.9211,29.4034326910937,63,63,63,63,61,63,0,7820,1.10622673185727,27,-85,0.001869,51,2026-04-11 05:33:26.000584,1499.59997558594,1.037,0.0011,"aoml_navis",1034.553375361
"7901009",107,0,1,0.029904,1,0.007476,1,201.181615853469,1,4.83195038194977,1549.40002441406,1,4.3137001991272,34.9249992370605,0.0299040004611015,0.0152057446539402,193.997406005859,-85.4043,26.9211,29.4034326910937,63,63,63,63,61,63,0,7820,1.10622673185727,27,-85,0.001869,51,2026-04-11 05:33:26.000584,1549.40002441406,1.037,0.0011,"aoml_navis",1034.77883768798
"7901009",107,0,1,0.028035,1,0.005607,1,201.842815853597,1,4.83087812719867,1600.09997558594,1,4.30719995498657,34.9259986877441,0.0280349999666214,0.0135162174701691,194.634994506836,-85.4043,26.9211,29.4034326910937,63,63,63,63,61,63,0,7820,1.10622673185727,27,-85,0.001869,51,2026-04-11 05:33:26.000584,1600.09997558594,1.037,0.0011,"aoml_navis",1035.00851570839
"7901009",107,0,1,0.026166,1,0.003738,1,202.199976203075,1,4.82984049707299,1649.5,1,4.30389976501465,34.9259986877441,0.0261659994721413,0.0118266893550754,194.979400634766,-85.4043,26.9211,29.4034326910937,63,63,63,63,61,63,0,7820,1.10622673185727,27,-85,0.001869,51,2026-04-11 05:33:26.000584,1649.5,1.037,0.0011,"aoml_navis",1035.23087419349
"7901009",107,0,1,0.024297,1,0.001869,1,202.523226020058,1,4.82879757049924,1699.09997558594,1,4.30210018157959,34.9269981384277,0.0242970008403063,0.0101371631026268,195.291107177734,-85.4043,26.9211,29.4034326910937,63,63,63,63,61,63,0,7820,1.10622673185727,27,-85,0.001869,51,2026-04-11 05:33:26.000584,1699.09997558594,1.037,0.0011,"aoml_navis",1035.45446397395
"7901009",107,0,1,0.024297,1,0.001869,1,202.879341994759,1,4.82774316769056,1749.40002441406,1,4.29739999771118,34.9269981384277,0.0242970008403063,0.0101371631026268,195.634506225586,-85.4043,26.9211,29.4034326910937,63,63,63,63,61,63,0,7820,1.10622673185727,27,-85,0.001869,51,2026-04-11 05:33:26.000584,1749.40002441406,1.037,0.0011,"aoml_navis",1035.68061231224
"7901009",107,0,1,0.026166,1,0.003738,1,203.145641738738,1,4.82669553896237,1799.59997558594,1,4.29720020294189,34.9269981384277,0.0261659994721413,0.0118266893550754,195.891296386719,-85.4043,26.9211,29.4034326910937,63,63,63,63,61,63,0,7820,1.10622673185727,27,-85,0.001869,51,2026-04-11 05:33:26.000584,1799.59997558594,1.037,0.0011,"aoml_navis",1035.90540560072
"7901009",107,0,1,0.028035,1,0.005607,1,203.345275559526,1,4.82564246557981,1849.90002441406,1,4.29519987106323,34.9280014038086,0.0280349999666214,0.0135162174701691,196.083801269531,-85.4043,26.9211,29.4034326910937,63,63,63,63,61,63,0,7820,1.10622673185727,27,-85,0.001869,51,2026-04-11 05:33:26.000584,1849.90002441406,1.037,0.0011,"aoml_navis",1036.13146553311
"7901009",107,0,1,0.026166,1,0.003738,1,203.534940348363,1,4.82461270852495,1899.59997558594,1,4.2960000038147,34.9269981384277,0.0261659994721413,0.0118266893550754,196.266693115234,-85.4043,26.9211,29.4034326910937,63,63,63,63,61,63,0,7820,1.10622673185727,27,-85,0.001869,51,2026-04-11 05:33:26.000584,1899.59997558594,1.037,0.0011,"aoml_navis",1036.35261565455
"7901009",107,0,1,0.024297,1,0.001869,1,203.796587877431,1,4.82357389644274,1949.40002441406,1,4.29510021209717,34.9280014038086,0.0242970008403063,0.0101371631026268,196.518997192383,-85.4043,26.9211,29.4034326910937,63,63,63,63,61,63,0,7820,1.10622673185727,27,-85,0.001869,51,2026-04-11 05:33:26.000584,1949.40002441406,1.037,0.0011,"aoml_navis",1036.57580610248
"7901009",107,0,1,0.026166,1,0.003738,1,201.853607726281,1,4.82253220035723,1999.69995117188,1,4.29739999771118,34.9280014038086,0.0261659994721413,0.0118266893550754,194.645401000977,-85.4043,26.9211,29.4034326910937,63,63,63,63,61,63,0,7820,1.10622673185727,27,-85,0.001869,51,2026-04-11 05:33:26.000584,1999.69995117188,1.037,0.0011,"aoml_navis",1036.79971273797
"7901009",108,0.0839405884761082,5,0.115878,1,0.09345,1,205.829131523363,1,4.87945555761788,2.20000004768372,1,24.1669998168945,36.4570007324219,0.115878000855446,0.866266846656799,198.478897094727,-85.9903,27.3723,41.7184227935718,63,63,63,63,61,63,0.09345,7819,1.11328740596807,27,-86,0.001869,51,2026-04-21 12:21:08.001318,2.20000004768372,1.037,0.0011,"aoml_navis",1024.70448617857
"7901009",108,0.0839405884761082,5,0.095319,1,0.072891,1,205.827897261882,1,4.87941573769517,4,1,24.1650009155273,36.4570007324219,0.095319002866745,0.866266846656799,198.47770690918,-85.9903,27.3723,41.7184227935718,63,63,63,63,61,63,0.09345,7819,1.11328740596807,27,-86,0.001869,51,2026-04-21 12:21:08.001318,4,1.037,0.0011,"aoml_navis",1024.71284858416
"7901009",108,0.0839405884761082,5,0.091581,1,0.069153,1,205.779666120934,1,4.87937323479039,6,1,24.1639995574951,36.4570007324219,0.0915810018777847,0.866266846656799,198.431198120117,-85.9903,27.3723,41.7184227935718,63,63,63,63,61,63,0.09345,7819,1.11328740596807,27,-86,0.001869,51,2026-04-21 12:21:08.001318,6,1.037,0.0011,"aoml_navis",1024.72177458152
"7901009",108,0.0839405884761082,5,0.102795,1,0.080367,1,205.873833942384,1,4.87933073686278,8,1,24.1630001068115,36.4570007324219,0.102794997394085,0.866266846656799,198.522003173828,-85.9903,27.3723,41.7184227935718,63,63,63,63,61,63,0.09345,7819,1.11328740596807,27,-86,0.001869,51,2026-04-21 12:21:08.001318,8,1.037,0.0011,"aoml_navis",1024.73069968911
"7901009",108,0.0839405884761082,5,0.085974,1,0.063546,1,205.89084459741,1,4.87928681308356,10,1,24.1609992980957,36.4570007324219,0.0859740003943443,0.866266846656799,198.53840637207,-85.9903,27.3723,41.7184227935718,63,63,63,63,61,63,0.09345,7819,1.11328740596807,27,-86,0.001869,51,2026-04-21 12:21:08.001318,10,1.037,0.0011,"aoml_navis",1024.73992440714
"7901009",108,0.0839405884761082,5,0.095319,1,0.072891,1,205.82093476122,1,4.87923928973903,12,1,24.1590003967285,36.4580001831055,0.095319002866745,0.866266846656799,198.470993041992,-85.9903,27.3723,41.7184227935718,63,63,63,63,61,63,0.09345,7819,1.11328740596807,27,-86,0.001869,51,2026-04-21 12:21:08.001318,12,1.037,0.0011,"aoml_navis",1024.7499052803
"7901009",108,0.0839405884761082,5,0.100926,1,0.078498,1,205.788480013817,1,4.87919679862203,14,1,24.1580009460449,36.4580001831055,0.100925996899605,0.866266846656799,198.439697265625,-85.9903,27.3723,41.7184227935718,63,63,63,63,61,63,0.09345,7819,1.11328740596807,27,-86,0.001869,51,2026-04-21 12:21:08.001318,14,1.037,0.0011,"aoml_navis",1024.75882944752
"7901009",108,0.0839405884761082,5,0.102795,1,0.080367,1,205.858168315895,1,4.87915795870391,16.1000003814697,1,24.1609992980957,36.4580001831055,0.102794997394085,0.866266846656799,198.506896972656,-85.9903,27.3723,41.7184227935718,63,63,63,63,61,63,0.09345,7819,1.11328740596807,27,-86,0.001869,51,2026-04-21 12:21:08.001318,16.1000003814697,1.037,0.0011,"aoml_navis",1024.76698691021
"7901009",108,0.0839405884761082,5,0.099057,1,0.076629,1,205.809019390769,1,4.87911895097906,18,1,24.1609992980957,36.4580001831055,0.0990569964051247,0.866266846656799,198.459503173828,-85.9903,27.3723,41.7184227935718,63,63,63,63,61,63,0.09345,7819,1.11328740596807,27,-86,0.001869,51,2026-04-21 12:21:08.001318,18,1.037,0.0011,"aoml_navis",1024.77517974771
"7901009",108,0.0839405884761082,5,0.099057,1,0.076629,1,205.795743167917,1,4.87908595135077,20.2000007629395,1,24.1669998168945,36.4570007324219,0.0990569964051247,0.866266846656799,198.446701049805,-85.9903,27.3723,41.7184227935718,63,63,63,63,61,63,0.09345,7819,1.11328740596807,27,-86,0.001869,51,2026-04-21 12:21:08.001318,20.2000007629395,1.037,0.0011,"aoml_navis",1024.78211080003
"7901009",108,0.0839405884761082,5,0.099057,1,0.076629,1,205.707176994726,1,4.87904745007541,21.8999996185303,1,24.1669998168945,36.4580001831055,0.0990569964051247,0.866266846656799,198.361297607422,-85.9903,27.3723,41.7184227935718,63,63,63,63,61,63,0.09345,7819,1.11328740596807,27,-86,0.001869,51,2026-04-21 12:21:08.001318,21.8999996185303,1.037,0.0011,"aoml_navis",1024.79019750519
"7901009",108,0.0839405884761082,5,0.097188,1,0.07476,1,205.607629059128,1,4.87901776046607,23.7999992370605,1,24.1709995269775,36.4570007324219,0.0971880033612251,0.866266846656799,198.26530456543,-85.9903,27.3723,41.7184227935718,63,63,63,63,61,63,0.09345,7819,1.11328740596807,27,-86,0.001869,51,2026-04-21 12:21:08.001318,23.7999992370605,1.037,0.0011,"aoml_navis",1024.79643351869
"7901009",108,0.0839405884761082,5,0.099057,1,0.076629,1,205.598910109436,1,4.87896329306003,26,1,24.1669998168945,36.4580001831055,0.0990569964051247,0.866266846656799,198.256896972656,-85.9903,27.3723,41.7184227935718,63,63,63,63,61,63,0.09345,7819,1.11328740596807,27,-86,0.001869,51,2026-04-21 12:21:08.001318,26,1.037,0.0011,"aoml_navis",1024.80787406459
"7901009",108,0.0839405884761082,5,0.117747,1,0.095319,1,205.497083537258,1,4.87892081823501,28,1,24.1660003662109,36.4580001831055,0.117747001349926,0.866266846656799,198.158706665039,-85.9903,27.3723,41.7184227935718,63,63,63,63,61,63,0.09345,7819,1.11328740596807,27,-86,0.001869,51,2026-04-21 12:21:08.001318,28,1.037,0.0011,"aoml_navis",1024.81679581937
"7901009",108,0.0839405884761082,5,0.106533,1,0.084105,1,205.541247944864,1,4.87887977192344,30,1,24.1660003662109,36.4580001831055,0.106532998383045,0.866266846656799,198.201293945312,-85.9903,27.3723,41.7184227935718,63,63,63,63,61,63,0.09345,7819,1.11328740596807,27,-86,0.001869,51,2026-04-21 12:21:08.001318,30,1.037,0.0011,"aoml_navis",1024.82541766526
"7901009",108,0.0839405884761082,5,0.108402,1,0.085974,1,205.459944925773,1,4.87883444637328,32,1,24.1630001068115,36.4580001831055,0.108401998877525,0.866266846656799,198.122894287109,-85.9903,27.3723,41.7184227935718,63,63,63,63,61,63,0.09345,7819,1.11328740596807,27,-86,0.001869,51,2026-04-21 12:21:08.001318,32,1.037,0.0011,"aoml_navis",1024.83493854086
"7901009",108,0.0839405884761082,5,0.106533,1,0.084105,1,205.417014779648,1,4.87878627078576,34,1,24.1580009460449,36.4580001831055,0.106532998383045,0.866266846656799,198.081497192383,-85.9903,27.3723,41.7184227935718,63,63,63,63,61,63,0.09345,7819,1.11328740596807,27,-86,0.001869,51,2026-04-21 12:21:08.001318,34,1.037,0.0011,"aoml_navis",1024.84505827609
"7901009",108,0.0839405884761082,5,0.108402,1,0.085974,1,205.411618841635,1,4.87873449187588,36,1,24.1529998779297,36.4589996337891,0.108401998877525,0.866266846656799,198.076293945312,-85.9903,27.3723,41.7184227935718,63,63,63,63,61,63,0.09345,7819,1.11328740596807,27,-86,0.001869,51,2026-04-21 12:21:08.001318,36,1.037,0.0011,"aoml_navis",1024.8559351459
"7901009",108,0.0839405884761082,5,0.108402,1,0.085974,1,205.487336036331,1,4.87867055524871,38,1,24.1420001983643,36.4609985351562,0.108401998877525,0.866266846656799,198.149307250977,-85.9903,27.3723,41.7184227935718,63,63,63,63,61,63,0.09345,7819,1.11328740596807,27,-86,0.001869,51,2026-04-21 12:21:08.001318,38,1.037,0.0011,"aoml_navis",1024.86936622944
"7901009",108,0.0839405884761082,5,0.115878,1,0.09345,1,205.521452289574,1,4.87860245810637,40.0999984741211,1,24.1270008087158,36.4620018005371,0.115878000855446,0.866266846656799,198.182205200195,-85.9903,27.3723,41.7184227935718,63,63,63,63,61,63,0.09345,7819,1.11328740596807,27,-86,0.001869,51,2026-04-21 12:21:08.001318,40.0999984741211,1.037,0.0011,"aoml_navis",1024.88367169412
"7901009",108,0.0856194002456303,1,0.117747,1,0.095319,1,205.524664534197,1,4.87854561365418,42,1,24.117000579834,36.4630012512207,0.117747001349926,0.866266846656799,198.185302734375,-85.9903,27.3723,41.7184227935718,63,63,63,63,61,63,0.095319,7819,1.11328740596807,27,-86,0.001869,51,2026-04-21 12:21:08.001318,42,1.037,0.0011,"aoml_navis",1024.89561356276
"7901009",108,0.10072870617133,1,0.134568,1,0.11214,1,206.216879514762,1,4.87831051210743,44,1,24.0060005187988,36.4729995727539,0.134568005800247,0.866266846656799,198.852798461914,-85.9903,27.3723,41.7184227935718,63,63,63,63,61,63,0.11214,7819,1.11328740596807,27,-86,0.001869,51,2026-04-21 12:21:08.001318,44,1.037,0.0011,"aoml_navis",1024.9450065941
"7901009",108,0.110801576788463,1,0.145782,1,0.123354,1,206.655437937127,1,4.87812223313301,46,1,23.9150009155273,36.4780006408691,0.145781993865967,0.866266846656799,199.275695800781,-85.9903,27.3723,41.7184227935718,63,63,63,63,61,63,0.123354,7819,1.11328740596807,27,-86,0.001869,51,2026-04-21 12:21:08.001318,46,1.037,0.0011,"aoml_navis",1024.98456599533
"7901009",108,0.125910882714162,1,0.162603,1,0.140175,1,207.095040734591,1,4.8777979889436,48,1,23.7479991912842,36.4910011291504,0.162603005766869,0.866266846656799,199.699600219727,-85.9903,27.3723,41.7184227935718,63,63,63,63,61,63,0.140175,7819,1.11328740596807,27,-86,0.001869,51,2026-04-21 12:21:08.001318,48,1.037,0.0011,"aoml_navis",1025.05270028267
"7901009",108,0.144377812178906,1,0.183162,1,0.160734,1,206.723575500421,1,4.87762386976553,50,1,23.6690006256104,36.4970016479492,0.183162003755569,0.866266846656799,199.341400146484,-85.9903,27.3723,41.7184227935718,63,63,63,63,61,63,0.160734,7819,1.11328740596807,27,-86,0.001869,51,2026-04-21 12:21:08.001318,50,1.037,0.0011,"aoml_navis",1025.08929214346
"7901009",108,0.169559988721738,1,0.211197,1,0.188769,1,206.721708284335,1,4.87735486051297,52,1,23.5300006866455,36.5060005187988,0.211197003722191,0.866266846656799,199.339599609375,-85.9903,27.3723,41.7184227935718,63,63,63,63,61,63,0.188769,7819,1.11328740596807,27,-86,0.001869,51,2026-04-21 12:21:08.001318,52,1.037,0.0011,"aoml_navis",1025.14583067965
"7901009",108,0.174596424030305,1,0.216804,1,0.194376,1,206.731455785261,1,4.87723564126234,54,1,23.4820003509521,36.5089988708496,0.216803997755051,0.866266846656799,199.348999023438,-85.9903,27.3723,41.7184227935718,63,63,63,63,61,63,0.194376,7819,1.11328740596807,27,-86,0.001869,51,2026-04-21 12:21:08.001318,54,1.037,0.0011,"aoml_navis",1025.1708893659
"7901009",108,0.181311671108394,1,0.22428,1,0.201852,1,206.975048365232,1,4.87702135298287,56,1,23.3659992218018,36.5120010375977,0.224279999732971,0.866266846656799,199.583892822266,-85.9903,27.3723,41.7184227935718,63,63,63,63,61,63,0.201852,7819,1.11328740596807,27,-86,0.001869,51,2026-04-21 12:21:08.001318,56,1.037,0.0011,"aoml_navis",1025.215933685
"7901009",108,0.213209094729315,1,0.259791,1,0.237363,1,206.813280991902,1,4.8767449661421,58,1,23.2180004119873,36.5200004577637,0.259790986776352,0.866266846656799,199.42790222168,-85.9903,27.3723,41.7184227935718,63,63,63,63,61,63,0.237363,7819,1.11328740596807,27,-86,0.001869,51,2026-04-21 12:21:08.001318,58,1.037,0.0011,"aoml_navis",1025.2740372346
"7901009",108,0.236712459502625,1,0.285957,1,0.263529,1,206.294147448242,1,4.87645134104807,60,1,23.0830001831055,36.5379981994629,0.285957008600235,0.866266846656799,198.927307128906,-85.9903,27.3723,41.7184227935718,63,63,63,63,61,63,0.263529,7819,1.11328740596807,27,-86,0.001869,51,2026-04-21 12:21:08.001318,60,1.037,0.0011,"aoml_navis",1025.33577191921
"7901009",108,0.22496077711597,1,0.272874,1,0.250446,1,206.579119435555,1,4.87620996850442,62,1,22.9540004730225,36.5439987182617,0.272873997688293,0.866266846656799,199.202102661133,-85.9903,27.3723,41.7184227935718,63,63,63,63,61,63,0.250446,7819,1.11328740596807,27,-86,0.001869,51,2026-04-21 12:21:08.001318,62,1.037,0.0011,"aoml_navis",1025.38652607151
"7901009",108,0.24846414188928,1,0.29904,1,0.276612,1,206.771173686763,1,4.87595937307164,64.0999984741211,1,22.8010005950928,36.5429992675781,0.299039989709854,0.866266846656799,199.387298583984,-85.9903,27.3723,41.7184227935718,63,63,63,63,61,63,0.276612,7819,1.11328740596807,27,-86,0.001869,51,2026-04-21 12:21:08.001318,64.0999984741211,1.037,0.0011,"aoml_navis",1025.43922486586
"7901009",108,0.265252259584502,1,0.31773,1,0.295302,1,207.426677300202,1,4.87577931029154,66,1,22.6800003051758,36.5359992980957,0.317730009555817,0.866266846656799,200.019393920898,-85.9903,27.3723,41.7184227935718,63,63,63,63,61,63,0.295302,7819,1.11328740596807,27,-86,0.001869,51,2026-04-21 12:21:08.001318,66,1.037,0.0011,"aoml_navis",1025.47709438905
"7901009",108,0.273646318432113,1,0.327075,1,0.304647,1,208.037288608238,1,4.87560993785587,68,1,22.5599994659424,36.5260009765625,0.327075004577637,0.866266846656799,200.608200073242,-85.9903,27.3723,41.7184227935718,63,63,63,63,61,63,0.304647,7819,1.11328740596807,27,-86,0.001869,51,2026-04-21 12:21:08.001318,68,1.037,0.0011,"aoml_navis",1025.51271814801
"7901009",108,0.275325130201635,1,0.328944,1,0.306516,1,209.628504839022,1,4.8754604757523,70,1,22.4330005645752,36.507999420166,0.328943997621536,0.866266846656799,202.142593383789,-85.9903,27.3723,41.7184227935718,63,63,63,63,61,63,0.306516,7819,1.11328740596807,27,-86,0.001869,51,2026-04-21 12:21:08.001318,70,1.037,0.0011,"aoml_navis",1025.54415626321
"7901009",108,0.318974236209211,1,0.377538,1,0.35511,1,207.791306624631,1,4.87516838901271,72,1,22.2269992828369,36.5,0.377537995576859,0.866266846656799,200.371002197266,-85.9903,27.3723,41.7184227935718,63,63,63,63,61,63,0.35511,7819,1.11328740596807,27,-86,0.001869,51,2026-04-21 12:21:08.001318,72,1.037,0.0011,"aoml_navis",1025.60559985346
"7901009",108,0.433133436536718,1,0.50463,1,0.482202,1,204.718992440576,1,4.87486598217517,74,1,22.1380004882812,36.5390014648438,0.504630029201508,0.866266846656799,197.408401489258,-85.9903,27.3723,41.7184227935718,63,63,63,63,61,63,0.482202,7819,1.11328740596807,27,-86,0.001869,51,2026-04-21 12:21:08.001318,74,1.037,0.0011,"aoml_navis",1025.66922214526
"7901009",108,0.463352048388117,1,0.538272,1,0.515844,1,204.388384426199,1,4.87472621671718,76,1,22.0809993743896,36.5449981689453,0.538272023200989,0.866266846656799,197.089599609375,-85.9903,27.3723,41.7184227935718,63,63,63,63,61,63,0.515844,7819,1.11328740596807,27,-86,0.001869,51,2026-04-21 12:21:08.001318,76,1.037,0.0011,"aoml_navis",1025.69862956677
"7901009",108,0.57415362517658,1,0.661626,1,0.639198,1,203.807648575548,1,4.87454250775787,78,1,21.951000213623,36.5359992980957,0.661625981330872,0.866266846656799,196.529602050781,-85.9903,27.3723,41.7184227935718,63,63,63,63,61,63,0.639198,7819,1.11328740596807,27,-86,0.001869,51,2026-04-21 12:21:08.001318,78,1.037,0.0011,"aoml_navis",1025.73728550781
"7901009",108,0.82261776706586,1,0.938238,1,0.91581,1,202.340143322432,1,4.87436200451722,80,1,21.8309993743896,36.5299987792969,0.938238024711609,0.866266846656799,195.114501953125,-85.9903,27.3723,41.7184227935718,63,63,63,63,61,63,0.91581,7819,1.11328740596807,27,-86,0.001869,51,2026-04-21 12:21:08.001318,80,1.037,0.0011,"aoml_navis",1025.77526974122
"7901009",108,0.857872814225825,1,0.977487,1,0.955059,1,201.21308852781,1,4.87421206477702,82,1,21.7469997406006,36.5289993286133,0.977487027645111,0.866266846656799,194.027694702148,-85.9903,27.3723,41.7184227935718,63,63,63,63,61,63,0.955059,7819,1.11328740596807,27,-86,0.001869,51,2026-04-21 12:21:08.001318,82,1.037,0.0011,"aoml_navis",1025.80682447774
"7901009",108,0.856194002456303,1,0.975618,1,0.95319,1,199.846903483188,1,4.87408984054991,84,1,21.6889991760254,36.5299987792969,0.975618004798889,0.866266846656799,192.710296630859,-85.9903,27.3723,41.7184227935718,63,63,63,63,61,63,0.95319,7819,1.11328740596807,27,-86,0.001869,51,2026-04-21 12:21:08.001318,84,1.037,0.0011,"aoml_navis",1025.83254793594
"7901009",108,0.867945684842958,1,0.988701,1,0.966273,1,198.338224532977,1,4.87399476239297,86,1,21.6539993286133,36.5320014953613,0.988700985908508,0.876339733600616,191.255493164062,-85.9903,27.3723,41.7184227935718,63,63,63,63,61,63,0.966273,7819,1.11328740596807,27,-86,0.001869,51,2026-04-21 12:21:08.001318,86,1.037,0.0011,"aoml_navis",1025.85255909162
"7901009",108,0.86123043776487,1,0.981225,1,0.958797,1,195.776546477001,1,4.87388890748526,88,1,21.6189994812012,36.5369987487793,0.98122501373291,0.869624495506287,188.785293579102,-85.9903,27.3723,41.7184227935718,63,63,63,63,61,63,0.958797,7819,1.11328740596807,27,-86,0.001869,51,2026-04-21 12:21:08.001318,88,1.037,0.0011,"aoml_navis",1025.87483935489
"7901009",108,0.856194002456303,1,0.975618,1,0.95319,1,195.164495197237,1,4.87374888319085,90,1,21.5610008239746,36.5429992675781,0.975618004798889,0.864588022232056,188.195098876953,-85.9903,27.3723,41.7184227935718,63,63,63,63,61,63,0.95319,7819,1.11328740596807,27,-86,0.001869,51,2026-04-21 12:21:08.001318,90,1.037,0.0011,"aoml_navis",1025.90431305244
"7901009",108,0.809187272909683,1,0.923286,1,0.900858,1,194.635914806089,1,4.87365647301671,92,1,21.5170001983643,36.5410003662109,0.923286020755768,0.817581355571747,187.685394287109,-85.9903,27.3723,41.7184227935718,63,63,63,63,61,63,0.900858,7819,1.11328740596807,27,-86,0.001869,51,2026-04-21 12:21:08.001318,92,1.037,0.0011,"aoml_navis",1025.92376538699
"7901009",108,0.775611037519239,1,0.885906,1,0.863478,1,192.970959363751,1,4.87356052184949,94,1,21.4729995727539,36.5400009155273,0.885905981063843,0.784005045890808,186.079895019531,-85.9903,27.3723,41.7184227935718,63,63,63,63,61,63,0.863478,7819,1.11328740596807,27,-86,0.001869,51,2026-04-21 12:21:08.001318,94,1.037,0.0011,"aoml_navis",1025.94396388096
"7901009",108,0.716852625585964,1,0.820491,1,0.798063,1,189.8657790118,1,4.87346814600225,96,1,21.4479999542236,36.5449981689453,0.820491015911102,0.725246667861938,183.085601806641,-85.9903,27.3723,41.7184227935718,63,63,63,63,61,63,0.798063,7819,1.11328740596807,27,-86,0.001869,51,2026-04-21 12:21:08.001318,96,1.037,0.0011,"aoml_navis",1025.9634104927
"7901009",108,0.584226495793713,1,0.67284,1,0.650412,1,186.613753191345,1,4.8732890603225,98,1,21.3519992828369,36.5480003356934,0.672839999198914,0.592620551586151,179.94970703125,-85.9903,27.3723,41.7184227935718,63,63,63,63,61,63,0.650412,7819,1.11328740596807,27,-86,0.001869,51,2026-04-21 12:21:08.001318,98,1.037,0.0011,"aoml_navis",1026.0011130284
"7901009",108,0.476782542544294,1,0.553224,1,0.530796,1,185.028233552013,1,4.87309583934417,100,1,21.2450008392334,36.5509986877441,0.55322402715683,0.485176563262939,178.420806884766,-85.9903,27.3723,41.7184227935718,63,63,63,63,61,63,0.530796,7819,1.11328740596807,27,-86,0.001869,51,2026-04-21 12:21:08.001318,100,1.037,0.0011,"aoml_navis",1026.04179454696
"7901009",108,0.458315613079551,1,0.532665,1,0.510237,1,184.173190999154,1,4.87303918543773,102,1,21.2360000610352,36.5519981384277,0.532665014266968,0.466709673404694,177.596298217773,-85.9903,27.3723,41.7184227935718,63,63,63,63,61,63,0.510237,7819,1.11328740596807,27,-86,0.001869,51,2026-04-21 12:21:08.001318,102,1.037,0.0011,"aoml_navis",1026.05372329894
"7901009",108,0.451600366001462,1,0.525189,1,0.502761,1,183.318259213351,1,4.87298549687778,104,1,21.2320003509521,36.5540008544922,0.525188982486725,0.459994405508041,176.771896362305,-85.9903,27.3723,41.7184227935718,63,63,63,63,61,63,0.502761,7819,1.11328740596807,27,-86,0.001869,51,2026-04-21 12:21:08.001318,104,1.037,0.0011,"aoml_navis",1026.06502793895
"7901009",108,0.423060565919585,1,0.493416,1,0.470988,1,182.98102099948,1,4.87288968158023,106,1,21.1849994659424,36.5519981384277,0.493416011333466,0.431454598903656,176.446701049805,-85.9903,27.3723,41.7184227935718,63,63,63,63,61,63,0.470988,7819,1.11328740596807,27,-86,0.001869,51,2026-04-21 12:21:08.001318,106,1.037,0.0011,"aoml_navis",1026.08520338563
"7901009",108,0.376053836372965,1,0.441084,1,0.418656,1,182.436996515954,1,4.872763402647,108,1,21.1119995117188,36.548999786377,0.441083997488022,0.384447902441025,175.922103881836,-85.9903,27.3723,41.7184227935718,63,63,63,63,61,63,0.418656,7819,1.11328740596807,27,-86,0.001869,51,2026-04-21 12:21:08.001318,108,1.037,0.0011,"aoml_navis",1026.11179465104
"7901009",108,0.371017401064398,1,0.435477,1,0.413049,1,181.015016522847,1,4.87266874490821,110,1,21.0739994049072,36.5499992370605,0.435476988554001,0.379411458969116,174.550903320312,-85.9903,27.3723,41.7184227935718,63,63,63,63,61,63,0.413049,7819,1.11328740596807,27,-86,0.001869,51,2026-04-21 12:21:08.001318,110,1.037,0.0011,"aoml_navis",1026.13172816741
"7901009",108,0.357586906908221,1,0.420525,1,0.398097,1,176.521655953728,1,4.87252987079477,112,1,21.0160007476807,36.5559997558594,0.420525014400482,0.365980952978134,170.218002319336,-85.9903,27.3723,41.7184227935718,63,63,63,63,61,63,0.398097,7819,1.11328740596807,27,-86,0.001869,51,2026-04-21 12:21:08.001318,112,1.037,0.0011,"aoml_navis",1026.16097439839
"7901009",108,0.317295424439689,1,0.375669,1,0.353241,1,173.211335014097,1,4.87237904663481,114,1,20.9459991455078,36.5610008239746,0.375669002532959,0.32568946480751,167.025894165039,-85.9903,27.3723,41.7184227935718,63,63,63,63,61,63,0.353241,7819,1.11328740596807,27,-86,0.001869,51,2026-04-21 12:21:08.001318,114,1.037,0.0011,"aoml_navis",1026.19273914113
"7901009",108,0.268609883123546,1,0.321468,1,0.29904,1,172.726222780489,1,4.87220797668571,116,1,20.8519992828369,36.5629997253418,0.321467995643616,0.277003943920135,166.55810546875,-85.9903,27.3723,41.7184227935718,63,63,63,63,61,63,0.29904,7819,1.11328740596807,27,-86,0.001869,51,2026-04-21 12:21:08.001318,116,1.037,0.0011,"aoml_navis",1026.22877018506
"7901009",108,0.240070083041669,1,0.289695,1,0.267267,1,169.315008876723,1,4.87211527840772,118,1,20.7929992675781,36.5559997558594,0.289694994688034,0.24846413731575,163.268707275391,-85.9903,27.3723,41.7184227935718,63,63,63,63,61,63,0.267267,7819,1.11328740596807,27,-86,0.001869,51,2026-04-21 12:21:08.001318,118,1.037,0.0011,"aoml_navis",1026.2482955112
"7901009",108,0.229997212424536,1,0.278481,1,0.256053,1,162.166530327974,1,4.87191814000034,120,1,20.6979999542236,36.564998626709,0.278481006622314,0.238391265273094,156.375503540039,-85.9903,27.3723,41.7184227935718,63,63,63,63,61,63,0.256053,7819,1.11328740596807,27,-86,0.001869,51,2026-04-21 12:21:08.001318,120,1.037,0.0011,"aoml_navis",1026.28982185642
"7901009",108,0.233354835963581,1,0.282219,1,0.259791,1,156.706236655588,1,4.87178422000277,122,1,20.6459999084473,36.5719985961914,0.282218992710114,0.24174889922142,151.110198974609,-85.9903,27.3723,41.7184227935718,63,63,63,63,61,63,0.259791,7819,1.11328740596807,27,-86,0.001869,51,2026-04-21 12:21:08.001318,122,1.037,0.0011,"aoml_navis",1026.31803343646
"7901009",108,0.211530282959793,1,0.257922,1,0.235494,1,154.483363376132,1,4.87158681819545,124,1,20.5279998779297,36.5730018615723,0.257921993732452,0.219924330711365,148.966705322266,-85.9903,27.3723,41.7184227935718,63,63,63,63,61,63,0.235494,7819,1.11328740596807,27,-86,0.001869,51,2026-04-21 12:21:08.001318,124,1.037,0.0011,"aoml_navis",1026.3596209196
"7901009",108,0.188026918186482,1,0.231756,1,0.209328,1,153.754848448936,1,4.8714697707894,126,1,20.4720001220703,36.5740013122559,0.231756001710892,0.196420967578888,148.264205932617,-85.9903,27.3723,41.7184227935718,63,63,63,63,61,63,0.209328,7819,1.11328740596807,27,-86,0.001869,51,2026-04-21 12:21:08.001318,126,1.037,0.0011,"aoml_navis",1026.38428138902
"7901009",108,0.152771871026517,1,0.192507,1,0.170079,1,153.637245483213,1,4.87130912472325,128,1,20.3819999694824,36.5750007629395,0.19250699877739,0.161165922880173,148.150802612305,-85.9903,27.3723,41.7184227935718,63,63,63,63,61,63,0.170079,7819,1.11328740596807,27,-86,0.001869,51,2026-04-21 12:21:08.001318,128,1.037,0.0011,"aoml_navis",1026.41812949698
"7901009",108,0.120874447405596,1,0.156996,1,0.134568,1,154.190495280115,1,4.87111820633926,130,1,20.253999710083,36.5709991455078,0.156995996832848,0.129268497228622,148.684295654297,-85.9903,27.3723,41.7184227935718,63,63,63,63,61,63,0.134568,7819,1.11328740596807,27,-86,0.001869,51,2026-04-21 12:21:08.001318,130,1.037,0.0011,"aoml_navis",1026.45835888216
"7901009",108,0.104086329710374,1,0.138306,1,0.115878,1,153.871296272504,1,4.87097277013065,132,1,20.1639995574951,36.568000793457,0.138306006789207,0.112480379641056,148.376495361328,-85.9903,27.3723,41.7184227935718,63,63,63,63,61,63,0.115878,7819,1.11328740596807,27,-86,0.001869,51,2026-04-21 12:21:08.001318,132,1.037,0.0011,"aoml_navis",1026.48900660266
"7901009",108,0.0956922708627633,1,0.128961,1,0.106533,1,152.022989704785,1,4.87089176291253,134,1,20.1299991607666,36.5670013427734,0.128960996866226,0.104086324572563,146.594192504883,-85.9903,27.3723,41.7184227935718,63,63,63,63,61,63,0.106533,7819,1.11328740596807,27,-86,0.001869,51,2026-04-21 12:21:08.001318,134,1.037,0.0011,"aoml_navis",1026.50607801851
"7901009",108,0.104086329710374,1,0.138306,1,0.115878,1,149.326096721185,1,4.87076877795556,136,1,20.0629997253418,36.5660018920898,0.138306006789207,0.112480379641056,143.993606567383,-85.9903,27.3723,41.7184227935718,63,63,63,63,61,63,0.115878,7819,1.11328740596807,27,-86,0.001869,51,2026-04-21 12:21:08.001318,136,1.037,0.0011,"aoml_navis",1026.53199688503
"7901009",108,0.0956922708627633,1,0.128961,1,0.106533,1,148.970597766942,1,4.87064536084667,138,1,20.0240001678467,36.5750007629395,0.128960996866226,0.104086324572563,143.650802612305,-85.9903,27.3723,41.7184227935718,63,63,63,63,61,63,0.106533,7819,1.11328740596807,27,-86,0.001869,51,2026-04-21 12:21:08.001318,138,1.037,0.0011,"aoml_navis",1026.55800814265
"7901009",108,0.0839405884761082,1,0.115878,1,0.09345,1,150.187753649672,1,4.87051806692089,140,1,19.9990005493164,36.5900001525879,0.115878000855446,0.0923346504569054,144.824493408203,-85.9903,27.3723,41.7184227935718,63,63,63,63,61,63,0.09345,7819,1.11328740596807,27,-86,0.001869,51,2026-04-21 12:21:08.001318,140,1.037,0.0011,"aoml_navis",1026.58483785504
"7901009",108,0.06211603547232,1,0.091581,1,0.069153,1,150.555278741422,1,4.87033832185689,142,1,19.8239994049072,36.5670013427734,0.0915810018777847,0.0705100893974304,145.178894042969,-85.9903,27.3723,41.7184227935718,63,63,63,63,61,63,0.069153,7819,1.11328740596807,27,-86,0.001869,51,2026-04-21 12:21:08.001318,142,1.037,0.0011,"aoml_navis",1026.6227250705
"7901009",108,0.0587584119332757,1,0.087843,1,0.065415,1,150.936807953821,1,4.87023356932883,144,1,19.7450008392334,36.556999206543,0.0878430008888245,0.0671524703502655,145.546798706055,-85.9903,27.3723,41.7184227935718,63,63,63,63,61,63,0.065415,7819,1.11328740596807,27,-86,0.001869,51,2026-04-21 12:21:08.001318,144,1.037,0.0011,"aoml_navis",1026.64480641922
"7901009",108,0.0570796001637536,1,0.085974,1,0.063546,1,151.71125956152,1,4.87018819395469,146,1,19.7360000610352,36.5550003051758,0.0859740003943443,0.065473660826683,146.293594360352,-85.9903,27.3723,41.7184227935718,63,63,63,63,61,63,0.063546,7819,1.11328740596807,27,-86,0.001869,51,2026-04-21 12:21:08.001318,146,1.037,0.0011,"aoml_navis",1026.6543716332
"7901009",108,0.0537219766247092,1,0.082236,1,0.059808,1,152.838203589086,1,4.87006087885835,148,1,19.6590003967285,36.5519981384277,0.0822359994053841,0.0621160343289375,147.380294799805,-85.9903,27.3723,41.7184227935718,63,63,63,63,61,63,0.059808,7819,1.11328740596807,27,-86,0.001869,51,2026-04-21 12:21:08.001318,148,1.037,0.0011,"aoml_navis",1026.68121084599
"7901009",108,0.0436491060075762,1,0.071022,1,0.048594,1,152.390831273838,1,4.86990411535152,150,1,19.5410003662109,36.5429992675781,0.0710219964385033,0.0520431622862816,146.94889831543,-85.9903,27.3723,41.7184227935718,63,63,63,63,61,63,0.048594,7819,1.11328740596807,27,-86,0.001869,51,2026-04-21 12:21:08.001318,150,1.037,0.0011,"aoml_navis",1026.71425998684
"7901009",108,0.0419702942380541,1,0.069153,1,0.046725,1,152.647905786908,1,4.86975500557977,152,1,19.4489994049072,36.5410003662109,0.0691530033946037,0.0503643527626991,147.196792602539,-85.9903,27.3723,41.7184227935718,63,63,63,63,61,63,0.046725,7819,1.11328740596807,27,-86,0.001869,51,2026-04-21 12:21:08.001318,152,1.037,0.0011,"aoml_navis",1026.74569752913
"7901009",108,0.0302186118513989,1,0.05607,1,0.033642,1,152.288276803863,1,4.86965945677598,154,1,19.3910007476807,36.5359992980957,0.0560699999332428,0.0386126711964607,146.850006103516,-85.9903,27.3723,41.7184227935718,63,63,63,63,61,63,0.033642,7819,1.11328740596807,27,-86,0.001869,51,2026-04-21 12:21:08.001318,154,1.037,0.0011,"aoml_navis",1026.76584356277
"7901009",108,0.0235033647733103,1,0.048594,1,0.026166,1,151.140176268605,1,4.86958724497626,156,1,19.3719997406006,36.5379981994629,0.0485940016806126,0.0318974256515503,145.742904663086,-85.9903,27.3723,41.7184227935718,63,63,63,63,61,63,0.026166,7819,1.11328740596807,27,-86,0.001869,51,2026-04-21 12:21:08.001318,156,1.037,0.0011,"aoml_navis",1026.78106961905
"7901009",108,0.0268609883123546,1,0.052332,1,0.029904,1,148.881097985708,1,4.8694713169167,158,1,19.2800006866455,36.5270004272461,0.0523319989442825,0.0352550446987152,143.564498901367,-85.9903,27.3723,41.7184227935718,63,63,63,63,61,63,0.029904,7819,1.11328740596807,27,-86,0.001869,51,2026-04-21 12:21:08.001318,158,1.037,0.0011,"aoml_navis",1026.8055143132
"7901009",108,0.0251821765428324,1,0.050463,1,0.028035,1,144.749455149832,1,4.86934588977988,160,1,19.1420001983643,36.5029983520508,0.0504629984498024,0.0335762351751328,139.58039855957,-85.9903,27.3723,41.7184227935718,63,63,63,63,61,63,0.028035,7819,1.11328740596807,27,-86,0.001869,51,2026-04-21 12:21:08.001318,160,1.037,0.0011,"aoml_navis",1026.83196330216
"7901009",108,0.020145741234266,1,0.044856,1,0.022428,1,142.343847875735,1,4.86921202024107,162,1,19.0230007171631,36.4879989624023,0.0448560006916523,0.0285397991538048,137.260696411133,-85.9903,27.3723,41.7184227935718,63,63,63,63,61,63,0.022428,7819,1.11328740596807,27,-86,0.001869,51,2026-04-21 12:21:08.001318,162,1.037,0.0011,"aoml_navis",1026.86019405506
"7901009",108,0.0167881176952216,1,0.041118,1,0.01869,1,141.667076987547,1,4.86908086275159,164,1,18.9500007629395,36.4879989624023,0.041117999702692,0.0251821763813496,136.608093261719,-85.9903,27.3723,41.7184227935718,63,63,63,63,61,63,0.01869,7819,1.11328740596807,27,-86,0.001869,51,2026-04-21 12:21:08.001318,164,1.037,0.0011,"aoml_navis",1026.88785438951
"7901009",108,0.0117516823866551,1,0.035511,1,0.013083,1,141.834572600058,1,4.86898162230224,166,1,18.8939990997314,36.4850006103516,0.0355109982192516,0.0201457403600216,136.769607543945,-85.9903,27.3723,41.7184227935718,63,63,63,63,61,63,0.013083,7819,1.11328740596807,27,-86,0.001869,51,2026-04-21 12:21:08.001318,166,1.037,0.0011,"aoml_navis",1026.90878460039
"7901009",108,0.00671524707808865,1,0.029904,1,0.007476,1,141.497223619131,1,4.86888475753265,168,1,18.8279991149902,36.4780006408691,0.0299040004611015,0.0151093062013388,136.444305419922,-85.9903,27.3723,41.7184227935718,63,63,63,63,61,63,0.007476,7819,1.11328740596807,27,-86,0.001869,51,2026-04-21 12:21:08.001318,168,1.037,0.0011,"aoml_navis",1026.92921459365
"7901009",108,0.00335762353904433,1,0.026166,1,0.003738,1,141.088730540533,1,4.86877576417942,170,1,18.746000289917,36.4690017700195,0.0261659994721413,0.0117516815662384,136.050399780273,-85.9903,27.3723,41.7184227935718,63,63,63,63,61,63,0.003738,7819,1.11328740596807,27,-86,0.001869,51,2026-04-21 12:21:08.001318,170,1.037,0.0011,"aoml_navis",1026.9522036291
"7901009",108,0.00503643530856649,1,0.028035,1,0.005607,1,141.045800394407,1,4.86864629370943,172,1,18.6410007476807,36.4580001831055,0.0280349999666214,0.0134304938837886,136.009002685547,-85.9903,27.3723,41.7184227935718,63,63,63,63,61,63,0.005607,7819,1.11328740596807,27,-86,0.001869,51,2026-04-21 12:21:08.001318,172,1.037,0.0011,"aoml_navis",1026.97951306512
"7901009",108,0.00167881176952216,1,0.024297,1,0.001869,1,140.93960643545,1,4.86858173600067,174,1,18.6100006103516,36.4539985656738,0.0242970008403063,0.0100728701800108,135.906600952148,-85.9903,27.3723,41.7184227935718,63,63,63,63,61,63,0.001869,7819,1.11328740596807,27,-86,0.001869,51,2026-04-21 12:21:08.001318,174,1.037,0.0011,"aoml_navis",1026.99313087989
"7901009",108,0.00335762353904433,1,0.026166,1,0.003738,1,140.569596996873,1,4.86852450823342,176,1,18.5879993438721,36.451000213623,0.0261659994721413,0.0117516815662384,135.5498046875,-85.9903,27.3723,41.7184227935718,63,63,63,63,61,63,0.003738,7819,1.11328740596807,27,-86,0.001869,51,2026-04-21 12:21:08.001318,176,1.037,0.0011,"aoml_navis",1027.00520281745
"7901009",108,0.00167881176952216,1,0.024297,1,0.001869,1,140.310022313111,1,4.86843691134383,178,1,18.5289993286133,36.4440002441406,0.0242970008403063,0.0100728701800108,135.299499511719,-85.9903,27.3723,41.7184227935718,63,63,63,63,61,63,0.001869,7819,1.11328740596807,27,-86,0.001869,51,2026-04-21 12:21:08.001318,178,1.037,0.0011,"aoml_navis",1027.02368153311
"7901009",108,0.00503643530856649,1,0.028035,1,0.005607,1,140.149394258071,1,4.86832524415912,180,1,18.4440002441406,36.435001373291,0.0280349999666214,0.0134304938837886,135.144607543945,-85.9903,27.3723,41.7184227935718,63,63,63,63,61,63,0.005607,7819,1.11328740596807,27,-86,0.001869,51,2026-04-21 12:21:08.001318,180,1.037,0.0011,"aoml_navis",1027.0472388834
"7901009",108,0,1,0.022428,1,0,1,139.884217926049,1,4.86821508074095,182,1,18.3600006103516,36.4259986877441,0.0224280003458261,0.00839405879378319,134.888900756836,-85.9903,27.3723,41.7184227935718,63,63,63,63,61,63,0,7819,1.11328740596807,27,-86,0.001869,51,2026-04-21 12:21:08.001318,182,1.037,0.0011,"aoml_navis",1027.07048005755
"7901009",108,0.00335762353904433,1,0.026166,1,0.003738,1,139.28221480065,1,4.86810385566856,184,1,18.2959995269775,36.423999786377,0.0261659994721413,0.0117516815662384,134.308395385742,-85.9903,27.3723,41.7184227935718,63,63,63,63,61,63,0.003738,7819,1.11328740596807,27,-86,0.001869,51,2026-04-21 12:21:08.001318,184,1.037,0.0011,"aoml_navis",1027.09394627599
"7901009",108,0.00335762353904433,1,0.026166,1,0.003738,1,139.159231720779,1,4.86801440994798,186,1,18.25,36.4220008850098,0.0261659994721413,0.0117516815662384,134.189804077148,-85.9903,27.3723,41.7184227935718,63,63,63,63,61,63,0.003738,7819,1.11328740596807,27,-86,0.001869,51,2026-04-21 12:21:08.001318,186,1.037,0.0011,"aoml_navis",1027.11281827398
"7901009",108,0.00671524707808865,1,0.029904,1,0.007476,1,139.170118539995,1,4.86792641359879,188,1,18.1870002746582,36.4140014648438,0.0299040004611015,0.0151093062013388,134.200302124023,-85.9903,27.3723,41.7184227935718,63,63,63,63,61,63,0.007476,7819,1.11328740596807,27,-86,0.001869,51,2026-04-21 12:21:08.001318,188,1.037,0.0011,"aoml_navis",1027.13138514836
"7901009",108,0.00503643530856649,1,0.028035,1,0.005607,1,138.543430184977,1,4.86784086212306,190,1,18.1350002288818,36.4090003967285,0.0280349999666214,0.0134304938837886,133.595993041992,-85.9903,27.3723,41.7184227935718,63,63,63,63,61,63,0.005607,7819,1.11328740596807,27,-86,0.001869,51,2026-04-21 12:21:08.001318,190,1.037,0.0011,"aoml_navis",1027.14943680786
"7901009",108,0.00839405884761082,1,0.031773,1,0.009345,1,137.222264036679,1,4.86778167531315,192,1,18.1079998016357,36.4049987792969,0.0317730009555817,0.0167881175875664,132.322006225586,-85.9903,27.3723,41.7184227935718,63,63,63,63,61,63,0.009345,7819,1.11328740596807,27,-86,0.001869,51,2026-04-21 12:21:08.001318,192,1.037,0.0011,"aoml_navis",1027.16192580234
"7901009",108,0.00503643530856649,1,0.028035,1,0.005607,1,136.325114178681,1,4.86772506658983,194,1,18.0709991455078,36.3969993591309,0.0280349999666214,0.0134304938837886,131.456893920898,-85.9903,27.3723,41.7184227935718,63,63,63,63,61,63,0.005607,7819,1.11328740596807,27,-86,0.001869,51,2026-04-21 12:21:08.001318,194,1.037,0.0011,"aoml_navis",1027.17387107954
"7901009",108,0.010072870617133,1,0.033642,1,0.011214,1,135.734425116857,1,4.86766736560741,196,1,18.0300006866455,36.3880004882812,0.0336420014500618,0.018466928973794,130.887298583984,-85.9903,27.3723,41.7184227935718,63,63,63,63,61,63,0.011214,7819,1.11328740596807,27,-86,0.001869,51,2026-04-21 12:21:08.001318,196,1.037,0.0011,"aoml_navis",1027.18604712549
"7901009",108,0.00671524707808865,1,0.029904,1,0.007476,1,136.231579311837,1,4.86756014980274,198,1,17.9260005950928,36.3720016479492,0.0299040004611015,0.0151093062013388,131.36669921875,-85.9903,27.3723,41.7184227935718,63,63,63,63,61,63,0.007476,7819,1.11328740596807,27,-86,0.001869,51,2026-04-21 12:21:08.001318,198,1.037,0.0011,"aoml_navis",1027.20867254257
"7901009",108,0.010072870617133,1,0.033642,1,0.011214,1,136.512310503292,1,4.86745441273189,200,1,17.8290004730225,36.3580017089844,0.0336420014500618,0.018466928973794,131.637405395508,-85.9903,27.3723,41.7184227935718,63,63,63,63,61,63,0.011214,7819,1.11328740596807,27,-86,0.001869,51,2026-04-21 12:21:08.001318,200,1.037,0.0011,"aoml_navis",1027.23098688329
"7901009",108,0.00167881176952216,1,0.024297,1,0.001869,1,135.966308036624,1,4.86735715694656,202,1,17.7450008392334,36.3460006713867,0.0242970008403063,0.0100728701800108,131.110900878906,-85.9903,27.3723,41.7184227935718,63,63,63,63,61,63,0.001869,7819,1.11328740596807,27,-86,0.001869,51,2026-04-21 12:21:08.001318,202,1.037,0.0011,"aoml_navis",1027.25151222243
"7901009",108,0.010072870617133,1,0.033642,1,0.011214,1,134.888212280747,1,4.86724065894249,204,1,17.628999710083,36.3289985656738,0.0336420014500618,0.018466928973794,130.071304321289,-85.9903,27.3723,41.7184227935718,63,63,63,63,61,63,0.011214,7819,1.11328740596807,27,-86,0.001869,51,2026-04-21 12:21:08.001318,204,1.037,0.0011,"aoml_navis",1027.27609961377
"7901009",108,0.00671524707808865,1,0.029904,1,0.007476,1,134.340754018486,1,4.86711263161524,206,1,17.4810009002686,36.3050003051758,0.0299040004611015,0.0151093062013388,129.543395996094,-85.9903,27.3723,41.7184227935718,63,63,63,63,61,63,0.007476,7819,1.11328740596807,27,-86,0.001869,51,2026-04-21 12:21:08.001318,206,1.037,0.0011,"aoml_navis",1027.30312167456
"7901009",108,0.00503643530856649,1,0.028035,1,0.005607,1,134.129410475671,1,4.86698690328073,208,1,17.3560009002686,36.2879981994629,0.0280349999666214,0.0134304938837886,129.339599609375,-85.9903,27.3723,41.7184227935718,63,63,63,63,61,63,0.005607,7819,1.11328740596807,27,-86,0.001869,51,2026-04-21 12:21:08.001318,208,1.037,0.0011,"aoml_navis",1027.32965988251
"7901009",108,0.00167881176952216,1,0.024297,1,0.001869,1,134.174002127637,1,4.86686861524888,210,1,17.2399997711182,36.2719993591309,0.0242970008403063,0.0100728701800108,129.382598876953,-85.9903,27.3723,41.7184227935718,63,63,63,63,61,63,0.001869,7819,1.11328740596807,27,-86,0.001869,51,2026-04-21 12:21:08.001318,210,1.037,0.0011,"aoml_navis",1027.35462887451
"7901009",108,0.00503643530856649,1,0.028035,1,0.005607,1,133.742390382069,1,4.86681844507706,212,1,17.2199993133545,36.2680015563965,0.0280349999666214,0.0134304938837886,128.966400146484,-85.9903,27.3723,41.7184227935718,63,63,63,63,61,63,0.005607,7819,1.11328740596807,27,-86,0.001869,51,2026-04-21 12:21:08.001318,212,1.037,0.0011,"aoml_navis",1027.36521948084
"7901009",108,0.00335762353904433,1,0.026166,1,0.003738,1,133.18841268737,1,4.8667681517587,214,1,17.2029991149902,36.2649993896484,0.0261659994721413,0.0117516815662384,128.432205200195,-85.9903,27.3723,41.7184227935718,63,63,63,63,61,63,0.003738,7819,1.11328740596807,27,-86,0.001869,51,2026-04-21 12:21:08.001318,214,1.037,0.0011,"aoml_navis",1027.37583630179
"7901009",108,0.00167881176952216,1,0.024297,1,0.001869,1,132.760741084222,1,4.86671848704374,216,1,17.173999786377,36.257999420166,0.0242970008403063,0.0100728701800108,128.019805908203,-85.9903,27.3723,41.7184227935718,63,63,63,63,61,63,0.001869,7819,1.11328740596807,27,-86,0.001869,51,2026-04-21 12:21:08.001318,216,1.037,0.0011,"aoml_navis",1027.38632064112
"7901009",108,0,1,0.022428,1,0,1,133.035443383058,1,4.86657673610048,218,1,17.0179996490479,36.2360000610352,0.0224280003458261,0.00839405879378319,128.284698486328,-85.9903,27.3723,41.7184227935718,63,63,63,63,61,63,0,7819,1.11328740596807,27,-86,0.001869,51,2026-04-21 12:21:08.001318,218,1.037,0.0011,"aoml_navis",1027.41624577905
"7901009",108,0,1,0.022428,1,0,1,133.373520261782,1,4.86640860178694,220,1,16.8190002441406,36.2080001831055,0.0224280003458261,0.00839405879378319,128.610702514648,-85.9903,27.3723,41.7184227935718,63,63,63,63,61,63,0,7819,1.11328740596807,27,-86,0.001869,51,2026-04-21 12:21:08.001318,220,1.037,0.0011,"aoml_navis",1027.45174298846
"7901009",108,0.00167881176952216,1,0.024297,1,0.001869,1,132.855098792054,1,4.86635023408692,222,1,16.7819995880127,36.201000213623,0.0242970008403063,0.0100728701800108,128.110794067383,-85.9903,27.3723,41.7184227935718,63,63,63,63,61,63,0.001869,7819,1.11328740596807,27,-86,0.001869,51,2026-04-21 12:21:08.001318,222,1.037,0.0011,"aoml_navis",1027.46406639146
"7901009",108,-0.00335762353904433,1,0.01869,1,-0.003738,1,132.871903736833,1,4.86627134679122,224,1,16.7110004425049,36.1889991760254,0.0186899993568659,0.0050364350900054,128.126998901367,-85.9903,27.3723,41.7184227935718,63,63,63,63,61,63,-0.003738,7819,1.11328740596807,27,-86,0.001869,51,2026-04-21 12:21:08.001318,224,1.037,0.0011,"aoml_navis",1027.48072264753
"7901009",108,0,1,0.016821,1,-0.005607,1,132.726205498553,1,4.86622433175427,226,1,16.7029991149902,36.1879997253418,0.0168210007250309,0.00335762347094715,127.986503601074,-85.9903,27.3723,41.7184227935718,63,63,63,63,61,63,0,7819,1.11328740596807,27,-86,0.001869,51,2026-04-21 12:21:08.001318,226,1.037,0.0011,"aoml_navis",1027.49064965476
"7901009",108,0,1,0.022428,1,0,1,132.484677932983,1,4.86617845982487,228,1,16.6959991455078,36.1870002746582,0.0224280003458261,0.00839405879378319,127.753601074219,-85.9903,27.3723,41.7184227935718,63,63,63,63,61,63,0,7819,1.11328740596807,27,-86,0.001869,51,2026-04-21 12:21:08.001318,228,1.037,0.0011,"aoml_navis",1027.50033548501
"7901009",108,0,1,0.016821,1,-0.005607,1,132.078779968268,1,4.86613622231273,230,1,16.6889991760254,36.185001373291,0.0168210007250309,0.00335762347094715,127.362197875977,-85.9903,27.3723,41.7184227935718,63,63,63,63,61,63,0,7819,1.11328740596807,27,-86,0.001869,51,2026-04-21 12:21:08.001318,230,1.037,0.0011,"aoml_navis",1027.50925407173
"7901009",108,0,1,0.020559,1,-0.001869,1,131.491097440821,1,4.86607986908086,232,1,16.6599998474121,36.1800003051758,0.020558999851346,0.00671524694189429,126.795501708984,-85.9903,27.3723,41.7184227935718,63,63,63,63,61,63,0,7819,1.11328740596807,27,-86,0.001869,51,2026-04-21 12:21:08.001318,232,1.037,0.0011,"aoml_navis",1027.52115347922
"7901009",108,0,1,0.020559,1,-0.001869,1,130.563265108316,1,4.86599473401633,234,1,16.5799999237061,36.1669998168945,0.020558999851346,0.00671524694189429,125.900802612305,-85.9903,27.3723,41.7184227935718,63,63,63,63,61,63,0,7819,1.11328740596807,27,-86,0.001869,51,2026-04-21 12:21:08.001318,234,1.037,0.0011,"aoml_navis",1027.53913090922
"7901009",108,0,1,0.022428,1,0,1,129.532759626849,1,4.86592229867715,236,1,16.5109996795654,36.1539993286133,0.0224280003458261,0.00839405879378319,124.907096862793,-85.9903,27.3723,41.7184227935718,63,63,63,63,61,63,0,7819,1.11328740596807,27,-86,0.001869,51,2026-04-21 12:21:08.001318,236,1.037,0.0011,"aoml_navis",1027.55442711432
"7901009",108,0,1,0.01869,1,-0.003738,1,129.177782860155,1,4.86581248468836,238,1,16.3990001678467,36.1380004882812,0.0186899993568659,0.0050364350900054,124.564796447754,-85.9903,27.3723,41.7184227935718,63,63,63,63,61,63,0,7819,1.11328740596807,27,-86,0.001869,51,2026-04-21 12:21:08.001318,238,1.037,0.0011,"aoml_navis",1027.57761745523
"7901009",108,0,1,0.01869,1,-0.003738,1,129.129464687949,1,4.86570401264125,240,1,16.2779998779297,36.1189994812012,0.0186899993568659,0.0050364350900054,124.518203735352,-85.9903,27.3723,41.7184227935718,63,63,63,63,61,63,0,7819,1.11328740596807,27,-86,0.001869,51,2026-04-21 12:21:08.001318,240,1.037,0.0011,"aoml_navis",1027.60052543473
"7901009",108,0,1,0.022428,1,0,1,129.043699338888,1,4.86562487319647,242,1,16.2119998931885,36.109001159668,0.0224280003458261,0.00839405879378319,124.435501098633,-85.9903,27.3723,41.7184227935718,63,63,63,63,61,63,0,7819,1.11328740596807,27,-86,0.001869,51,2026-04-21 12:21:08.001318,242,1.037,0.0011,"aoml_navis",1027.61723936914
"7901009",108,0,1,0.022428,1,0,1,129.10053075054,1,4.86554149869641,244,1,16.128999710083,36.0950012207031,0.0224280003458261,0.00839405879378319,124.490303039551,-85.9903,27.3723,41.7184227935718,63,63,63,63,61,63,0,7819,1.11328740596807,27,-86,0.001869,51,2026-04-21 12:21:08.001318,244,1.037,0.0011,"aoml_navis",1027.63484831845
"7901009",108,0,1,0.020559,1,-0.001869,1,129.174879180902,1,4.86545691408853,246,1,16.0610008239746,36.0859985351562,0.020558999851346,0.00671524694189429,124.561996459961,-85.9903,27.3723,41.7184227935718,63,63,63,63,61,63,0,7819,1.11328740596807,27,-86,0.001869,51,2026-04-21 12:21:08.001318,246,1.037,0.0011,"aoml_navis",1027.65271346292
"7901009",108,0,1,0.020559,1,-0.001869,1,129.081858589674,1,4.86540347200961,248,1,16.0340003967285,36.0810012817383,0.020558999851346,0.00671524694189429,124.472297668457,-85.9903,27.3723,41.7184227935718,63,63,63,63,61,63,0,7819,1.11328740596807,27,-86,0.001869,51,2026-04-21 12:21:08.001318,248,1.037,0.0011,"aoml_navis",1027.66400130322
"7901009",108,0,1,0.016821,1,-0.005607,1,128.980435526057,1,4.86532738050421,250,1,15.9799995422363,36.0740013122559,0.0168210007250309,0.00335762347094715,124.374496459961,-85.9903,27.3723,41.7184227935718,63,63,63,63,61,63,0,7819,1.11328740596807,27,-86,0.001869,51,2026-04-21 12:21:08.001318,250,1.037,0.0011,"aoml_navis",1027.68007350038
"7901009",108,0,1,0.020559,1,-0.001869,1,128.848733496494,1,4.86527545605016,252,1,15.951000213623,36.068000793457,0.020558999851346,0.00671524694189429,124.247497558594,-85.9903,27.3723,41.7184227935718,63,63,63,63,61,63,0,7819,1.11328740596807,27,-86,0.001869,51,2026-04-21 12:21:08.001318,252,1.037,0.0011,"aoml_navis",1027.69104137409
"7901009",108,0,1,0.020559,1,-0.001869,1,128.719420870567,1,4.86521360301563,254,1,15.9130001068115,36.0620002746582,0.020558999851346,0.00671524694189429,124.122802734375,-85.9903,27.3723,41.7184227935718,63,63,63,63,61,63,0,7819,1.11328740596807,27,-86,0.001869,51,2026-04-21 12:21:08.001318,254,1.037,0.0011,"aoml_navis",1027.70410674278
"7901009",108,0,1,0.01869,1,-0.003738,1,128.573089677682,1,4.8651363347681,256.100006103516,1,15.8529996871948,36.0530014038086,0.0186899993568659,0.0050364350900054,123.98169708252,-85.9903,27.3723,41.7184227935718,63,63,63,63,61,63,0,7819,1.11328740596807,27,-86,0.001869,51,2026-04-21 12:21:08.001318,256.100006103516,1.037,0.0011,"aoml_navis",1027.72042877157
"7901009",108,0,1,0.022428,1,0,1,128.25130346812,1,4.8650862000278,258,1,15.8170003890991,36.0449981689453,0.0224280003458261,0.00839405879378319,123.671401977539,-85.9903,27.3723,41.7184227935718,63,63,63,63,61,63,0,7819,1.11328740596807,27,-86,0.001869,51,2026-04-21 12:21:08.001318,258,1.037,0.0011,"aoml_navis",1027.73101943629
"7901009",108,0,1,0.016821,1,-0.005607,1,127.773747130117,1,4.86501191695447,260,1,15.7510004043579,36.0340003967285,0.0168210007250309,0.00335762347094715,123.210899353027,-85.9903,27.3723,41.7184227935718,63,63,63,63,61,63,0,7819,1.11328740596807,27,-86,0.001869,51,2026-04-21 12:21:08.001318,260,1.037,0.0011,"aoml_navis",1027.74671169357
"7901009",108,0,1,0.020559,1,-0.001869,1,127.298785905997,1,4.86491983175874,262,1,15.6520004272461,36.0180015563965,0.020558999851346,0.00671524694189429,122.752899169922,-85.9903,27.3723,41.7184227935718,63,63,63,63,61,63,0,7819,1.11328740596807,27,-86,0.001869,51,2026-04-21 12:21:08.001318,262,1.037,0.0011,"aoml_navis",1027.7661653044
"7901009",108,0,1,0.020559,1,-0.001869,1,126.906583496561,1,4.86484746134098,264,1,15.5839996337891,36.0060005187988,0.020558999851346,0.00671524694189429,122.374702453613,-85.9903,27.3723,41.7184227935718,63,63,63,63,61,63,0,7819,1.11328740596807,27,-86,0.001869,51,2026-04-21 12:21:08.001318,264,1.037,0.0011,"aoml_navis",1027.78145455393
"7901009",108,0,1,0.024297,1,0.001869,1,126.529722324378,1,4.86474883558398,266,1,15.4750003814697,35.9889984130859,0.0242970008403063,0.0100728701800108,122.011299133301,-85.9903,27.3723,41.7184227935718,63,63,63,63,61,63,0,7819,1.11328740596807,27,-86,0.001869,51,2026-04-21 12:21:08.001318,266,1.037,0.0011,"aoml_navis",1027.8022913386
"7901009",108,0,1,0.020559,1,-0.001869,1,126.22493885791,1,4.86466539838632,268,1,15.3929996490479,35.976001739502,0.020558999851346,0.00671524694189429,121.717399597168,-85.9903,27.3723,41.7184227935718,63,63,63,63,61,63,0,7819,1.11328740596807,27,-86,0.001869,51,2026-04-21 12:21:08.001318,268,1.037,0.0011,"aoml_navis",1027.81991987744
"7901009",108,0,1,0.016821,1,-0.005607,1,125.974597399457,1,4.86458579267613,270,1,15.3210000991821,35.9650001525879,0.0168210007250309,0.00335762347094715,121.475997924805,-85.9903,27.3723,41.7184227935718,63,63,63,63,61,63,0,7819,1.11328740596807,27,-86,0.001869,51,2026-04-21 12:21:08.001318,270,1.037,0.0011,"aoml_navis",1027.83673946665
"7901009",108,0,1,0.01869,1,-0.003738,1,126.285188224432,1,4.86450289434462,272,1,15.2390003204346,35.9519996643066,0.0186899993568659,0.0050364350900054,121.775497436523,-85.9903,27.3723,41.7184227935718,63,63,63,63,61,63,0,7819,1.11328740596807,27,-86,0.001869,51,2026-04-21 12:21:08.001318,272,1.037,0.0011,"aoml_navis",1027.85425532646
"7901009",108,0,1,0.022428,1,0,1,127.40798639933,1,4.86442887526295,274,1,15.164999961853,35.9389991760254,0.0224280003458261,0.00839405879378319,122.858200073242,-85.9903,27.3723,41.7184227935718,63,63,63,63,61,63,0,7819,1.11328740596807,27,-86,0.001869,51,2026-04-21 12:21:08.001318,274,1.037,0.0011,"aoml_navis",1027.86989556502
"7901009",108,0,1,0.022428,1,0,1,129.132154745023,1,4.86433837747632,276,1,15.0550003051758,35.9199981689453,0.0224280003458261,0.00839405879378319,124.520797729492,-85.9903,27.3723,41.7184227935718,63,63,63,63,61,63,0,7819,1.11328740596807,27,-86,0.001869,51,2026-04-21 12:21:08.001318,276,1.037,0.0011,"aoml_navis",1027.88901840214
"7901009",108,0,1,0.01869,1,-0.003738,1,129.850091418373,1,4.86421230803653,278,1,14.8940000534058,35.8959999084473,0.0186899993568659,0.0050364350900054,125.213096618652,-85.9903,27.3723,41.7184227935718,63,63,63,63,61,63,0,7819,1.11328740596807,27,-86,0.001869,51,2026-04-21 12:21:08.001318,278,1.037,0.0011,"aoml_navis",1027.91565897301
"7901009",108,0,1,0.016821,1,-0.005607,1,129.458197574307,1,4.86415630859377,280,1,14.8599996566772,35.8899993896484,0.0168210007250309,0.00335762347094715,124.83519744873,-85.9903,27.3723,41.7184227935718,63,63,63,63,61,63,0,7819,1.11328740596807,27,-86,0.001869,51,2026-04-21 12:21:08.001318,280,1.037,0.0011,"aoml_navis",1027.92749303024
"7901009",108,0,1,0.020559,1,-0.001869,1,128.942687695765,1,4.86410035496276,282,1,14.826000213623,35.8839988708496,0.020558999851346,0.00671524694189429,124.338096618652,-85.9903,27.3723,41.7184227935718,63,63,63,63,61,63,0,7819,1.11328740596807,27,-86,0.001869,51,2026-04-21 12:21:08.001318,282,1.037,0.0011,"aoml_navis",1027.93931767846
"7901009",108,0,1,0.020559,1,-0.001869,1,128.397421038826,1,4.86403855468342,284,1,14.7829999923706,35.8769989013672,0.020558999851346,0.00671524694189429,123.812301635742,-85.9903,27.3723,41.7184227935718,63,63,63,63,61,63,0,7819,1.11328740596807,27,-86,0.001869,51,2026-04-21 12:21:08.001318,284,1.037,0.0011,"aoml_navis",1027.95237821165
"7901009",108,0,1,0.022428,1,0,1,128.060380623269,1,4.86397459944777,286,1,14.7309999465942,35.8680000305176,0.0224280003458261,0.00839405879378319,123.487297058105,-85.9903,27.3723,41.7184227935718,63,63,63,63,61,63,0,7819,1.11328740596807,27,-86,0.001869,51,2026-04-21 12:21:08.001318,286,1.037,0.0011,"aoml_navis",1027.96589451098
"7901009",108,0,1,0.020559,1,-0.001869,1,127.781318849587,1,4.86391085247678,288,1,14.6859998703003,35.8610000610352,0.020558999851346,0.00671524694189429,123.218200683594,-85.9903,27.3723,41.7184227935718,63,63,63,63,61,63,0,7819,1.11328740596807,27,-86,0.001869,51,2026-04-21 12:21:08.001318,288,1.037,0.0011,"aoml_navis",1027.97936714936
"7901009",108,0,1,0.020559,1,-0.001869,1,127.315377228596,1,4.86386057199503,290,1,14.6709995269775,35.859001159668,0.020558999851346,0.00671524694189429,122.768898010254,-85.9903,27.3723,41.7184227935718,63,63,63,63,61,63,0,7819,1.11328740596807,27,-86,0.001869,51,2026-04-21 12:21:08.001318,290,1.037,0.0011,"aoml_navis",1027.98999395436
"7901009",108,0,1,0.01869,1,-0.003738,1,126.757870811972,1,4.86380122610241,292,1,14.6370000839233,35.8540000915527,0.0186899993568659,0.0050364350900054,122.231300354004,-85.9903,27.3723,41.7184227935718,63,63,63,63,61,63,0,7819,1.11328740596807,27,-86,0.001869,51,2026-04-21 12:21:08.001318,292,1.037,0.0011,"aoml_navis",1028.00253702118
"7901009",108,0,1,0.01869,1,-0.003738,1,126.263620296245,1,4.86373498075341,294,1,14.5860004425049,35.8460006713867,0.0186899993568659,0.0050364350900054,121.754699707031,-85.9903,27.3723,41.7184227935718,63,63,63,63,61,63,0,7819,1.11328740596807,27,-86,0.001869,51,2026-04-21 12:21:08.001318,294,1.037,0.0011,"aoml_navis",1028.01653868597
"7901009",108,0,1,0.01869,1,-0.003738,1,125.679252868545,1,4.86368778827066,296,1,14.5600004196167,35.8400001525879,0.0186899993568659,0.0050364350900054,121.191200256348,-85.9903,27.3723,41.7184227935718,63,63,63,63,61,63,0,7819,1.11328740596807,27,-86,0.001869,51,2026-04-21 12:21:08.001318,296,1.037,0.0011,"aoml_navis",1028.02651355584
"7901009",108,0,1,0.022428,1,0,1,125.121327119494,1,4.86361588392503,298,1,14.4930000305176,35.8289985656738,0.0224280003458261,0.00839405879378319,120.653198242188,-85.9903,27.3723,41.7184227935718,63,63,63,63,61,63,0,7819,1.11328740596807,27,-86,0.001869,51,2026-04-21 12:21:08.001318,298,1.037,0.0011,"aoml_navis",1028.04171203687
"7901009",108,0,1,0.020559,1,-0.001869,1,125.073626078028,1,4.86352430582349,300,1,14.3929996490479,35.8139991760254,0.020558999851346,0.00671524694189429,120.607200622559,-85.9903,27.3723,41.7184227935718,63,63,63,63,61,63,0,7819,1.11328740596807,27,-86,0.001869,51,2026-04-21 12:21:08.001318,300,1.037,0.0011,"aoml_navis",1028.06106962663
"7901009",108,0,1,0.024297,1,0.001869,1,124.669595329399,1,4.86346637425337,302,1,14.3529996871948,35.806999206543,0.0242970008403063,0.0100728701800108,120.217597961426,-85.9903,27.3723,41.7184227935718,63,63,63,63,61,63,0,7819,1.11328740596807,27,-86,0.001869,51,2026-04-21 12:21:08.001318,302,1.037,0.0011,"aoml_navis",1028.07331545858
"7901009",108,0,1,0.022428,1,0,1,124.239542234547,1,4.86340902083273,304,1,14.3170003890991,35.8009986877441,0.0224280003458261,0.00839405879378319,119.80290222168,-85.9903,27.3723,41.7184227935718,63,63,63,63,61,63,0,7819,1.11328740596807,27,-86,0.001869,51,2026-04-21 12:21:08.001318,304,1.037,0.0011,"aoml_navis",1028.08543936613
"7901009",108,0,1,0.020559,1,-0.001869,1,123.587456575979,1,4.86335275482759,306,1,14.2819995880127,35.7949981689453,0.020558999851346,0.00671524694189429,119.174102783203,-85.9903,27.3723,41.7184227935718,63,63,63,63,61,63,0,7819,1.11328740596807,27,-86,0.001869,51,2026-04-21 12:21:08.001318,306,1.037,0.0011,"aoml_navis",1028.09733368339
"7901009",108,0,1,0.020559,1,-0.001869,1,122.83643220062,1,4.86328728179497,308,1,14.2239999771118,35.7849998474121,0.020558999851346,0.00671524694189429,118.449897766113,-85.9903,27.3723,41.7184227935718,63,63,63,63,61,63,0,7819,1.11328740596807,27,-86,0.001869,51,2026-04-21 12:21:08.001318,308,1.037,0.0011,"aoml_navis",1028.11117466097
"7901009",108,0,1,0.020559,1,-0.001869,1,121.656707670879,1,4.86321120698555,310,1,14.1450004577637,35.7719993591309,0.020558999851346,0.00671524694189429,117.312301635742,-85.9903,27.3723,41.7184227935718,63,63,63,63,61,63,0,7819,1.11328740596807,27,-86,0.001869,51,2026-04-21 12:21:08.001318,310,1.037,0.0011,"aoml_navis",1028.12725731878
"7901009",108,0,1,0.020559,1,-0.001869,1,121.057196804239,1,4.86311399056684,312,1,14.0310001373291,35.7550010681152,0.020558999851346,0.00671524694189429,116.734199523926,-85.9903,27.3723,41.7184227935718,63,63,63,63,61,63,0,7819,1.11328740596807,27,-86,0.001869,51,2026-04-21 12:21:08.001318,312,1.037,0.0011,"aoml_navis",1028.14781016828
"7901009",108,0,1,0.020559,1,-0.001869,1,120.373582094378,1,4.86305561935071,314,1,13.9899997711182,35.7480010986328,0.020558999851346,0.00671524694189429,116.074996948242,-85.9903,27.3723,41.7184227935718,63,63,63,63,61,63,0,7819,1.11328740596807,27,-86,0.001869,51,2026-04-21 12:21:08.001318,314,1.037,0.0011,"aoml_navis",1028.16015101789
"7901009",108,0,1,0.024297,1,0.001869,1,119.361028787912,1,4.86299860676431,316,1,13.9359998703003,35.7369995117188,0.0242970008403063,0.0100728701800108,115.098602294922,-85.9903,27.3723,41.7184227935718,63,63,63,63,61,63,0,7819,1.11328740596807,27,-86,0.001869,51,2026-04-21 12:21:08.001318,316,1.037,0.0011,"aoml_navis",1028.17220491183
"7901009",108,0,1,0.020559,1,-0.001869,1,118.921948177998,1,4.86290283401835,318,1,13.826000213623,35.7210006713867,0.020558999851346,0.00671524694189429,114.675201416016,-85.9903,27.3723,41.7184227935718,63,63,63,63,61,63,0,7819,1.11328740596807,27,-86,0.001869,51,2026-04-21 12:21:08.001318,318,1.037,0.0011,"aoml_navis",1028.19245431403
"7901009",108,0,1,0.024297,1,0.001869,1,120.047752887273,1,4.86279381777502,320,1,13.6879997253418,35.701000213623,0.0242970008403063,0.0100728701800108,115.760803222656,-85.9903,27.3723,41.7184227935718,63,63,63,63,61,63,0,7819,1.11328740596807,27,-86,0.001869,51,2026-04-21 12:21:08.001318,320,1.037,0.0011,"aoml_navis",1028.21550478317
"7901009",108,0,1,0.022428,1,0,1,120.29062548138,1,4.86272296558212,322,1,13.6160001754761,35.6889991760254,0.0224280003458261,0.00839405879378319,115.995002746582,-85.9903,27.3723,41.7184227935718,63,63,63,63,61,63,0,7819,1.11328740596807,27,-86,0.001869,51,2026-04-21 12:21:08.001318,322,1.037,0.0011,"aoml_navis",1028.23048637348
"7901009",108,0,1,0.022428,1,0,1,120.240946456772,1,4.86267513792034,324,1,13.5920000076294,35.6839981079102,0.0224280003458261,0.00839405879378319,115.94709777832,-85.9903,27.3723,41.7184227935718,63,63,63,63,61,63,0,7819,1.11328740596807,27,-86,0.001869,51,2026-04-21 12:21:08.001318,324,1.037,0.0011,"aoml_navis",1028.24059970792
"7901009",108,0,1,0.020559,1,-0.001869,1,120.106546458202,1,4.86260568070268,326,1,13.5319995880127,35.6749992370605,0.020558999851346,0.00671524694189429,115.817497253418,-85.9903,27.3723,41.7184227935718,63,63,63,63,61,63,0,7819,1.11328740596807,27,-86,0.001869,51,2026-04-21 12:21:08.001318,326,1.037,0.0011,"aoml_navis",1028.2552870455
"7901009",108,0,1,0.024297,1,0.001869,1,119.974535863269,1,4.86254038839465,328,1,13.4759998321533,35.6660003662109,0.0242970008403063,0.0100728701800108,115.690200805664,-85.9903,27.3723,41.7184227935718,63,63,63,63,61,63,0,7819,1.11328740596807,27,-86,0.001869,51,2026-04-21 12:21:08.001318,328,1.037,0.0011,"aoml_navis",1028.26909405903
"7901009",108,0,1,0.026166,1,0.003738,1,119.858285838015,1,4.86248896363008,330,1,13.4409999847412,35.6590003967285,0.0261659994721413,0.0117516815662384,115.578102111816,-85.9903,27.3723,41.7184227935718,63,63,63,63,61,63,0,7819,1.11328740596807,27,-86,0.001869,51,2026-04-21 12:21:08.001318,330,1.037,0.0011,"aoml_navis",1028.27996883869
"7901009",108,0,1,0.024297,1,0.001869,1,119.790251129844,1,4.86241720179774,332,1,13.371000289917,35.6479988098145,0.0242970008403063,0.0100728701800108,115.512496948242,-85.9903,27.3723,41.7184227935718,63,63,63,63,61,63,0,7819,1.11328740596807,27,-86,0.001869,51,2026-04-21 12:21:08.001318,332,1.037,0.0011,"aoml_navis",1028.29514467648
"7901009",108,0,1,0.01869,1,-0.003738,1,119.892607801505,1,4.86232873451297,334,1,13.2620000839233,35.6310005187988,0.0186899993568659,0.0050364350900054,115.611198425293,-85.9903,27.3723,41.7184227935718,63,63,63,63,61,63,0,7819,1.11328740596807,27,-86,0.001869,51,2026-04-21 12:21:08.001318,334,1.037,0.0011,"aoml_navis",1028.31385391733
"7901009",108,0,1,0.020559,1,-0.001869,1,119.888359093714,1,4.86226048277875,336,1,13.1949996948242,35.6199989318848,0.020558999851346,0.00671524694189429,115.60710144043,-85.9903,27.3723,41.7184227935718,63,63,63,63,61,63,0,7819,1.11328740596807,27,-86,0.001869,51,2026-04-21 12:21:08.001318,336,1.037,0.0011,"aoml_navis",1028.32828839777
"7901009",108,0,1,0.022428,1,0,1,119.847604729045,1,4.86219210551924,338,1,13.1239995956421,35.6080017089844,0.0224280003458261,0.00839405879378319,115.567802429199,-85.9903,27.3723,41.7184227935718,63,63,63,63,61,63,0,7819,1.11328740596807,27,-86,0.001869,51,2026-04-21 12:21:08.001318,338,1.037,0.0011,"aoml_navis",1028.34274983177
"7901009",108,0,1,0.026166,1,0.003738,1,119.844701049792,1,4.86209526956568,340,1,13.0089998245239,35.5919990539551,0.0261659994721413,0.0117516815662384,115.565002441406,-85.9903,27.3723,41.7184227935718,63,63,63,63,61,63,0,7819,1.11328740596807,27,-86,0.001869,51,2026-04-21 12:21:08.001318,340,1.037,0.0011,"aoml_navis",1028.36323082716
"7901009",108,0,1,0.028035,1,0.005607,1,119.542821262577,1,4.86204298752836,342,1,12.9650001525879,35.5830001831055,0.0280349999666214,0.0134304938837886,115.273902893066,-85.9903,27.3723,41.7184227935718,63,63,63,63,61,63,0,7819,1.11328740596807,27,-86,0.001869,51,2026-04-21 12:21:08.001318,342,1.037,0.0011,"aoml_navis",1028.37428892042
"7901009",108,0,1,0.024297,1,0.001869,1,119.269661790592,1,4.86196482405279,344,1,12.8870000839233,35.5719985961914,0.0242970008403063,0.0100728701800108,115.010498046875,-85.9903,27.3723,41.7184227935718,63,63,63,63,61,63,0,7819,1.11328740596807,27,-86,0.001869,51,2026-04-21 12:21:08.001318,344,1.037,0.0011,"aoml_navis",1028.39082160042
"7901009",108,0,1,0.026166,1,0.003738,1,119.041726925178,1,4.86190543482893,346,1,12.8280000686646,35.5610008239746,0.0261659994721413,0.0117516815662384,114.790702819824,-85.9903,27.3723,41.7184227935718,63,63,63,63,61,63,0,7819,1.11328740596807,27,-86,0.001869,51,2026-04-21 12:21:08.001318,346,1.037,0.0011,"aoml_navis",1028.40338361619
"7901009",108,0,1,0.022428,1,0,1,118.965709077043,1,4.86183574377983,348,1,12.7620000839233,35.5509986877441,0.0224280003458261,0.00839405879378319,114.717399597168,-85.9903,27.3723,41.7184227935718,63,63,63,63,61,63,0,7819,1.11328740596807,27,-86,0.001869,51,2026-04-21 12:21:08.001318,348,1.037,0.0011,"aoml_navis",1028.41812506664
"7901009",108,0,1,0.024297,1,0.001869,1,119.057693205104,1,4.86177689422316,350,1,12.7069997787476,35.5410003662109,0.0242970008403063,0.0100728701800108,114.806098937988,-85.9903,27.3723,41.7184227935718,63,63,63,63,61,63,0,7819,1.11328740596807,27,-86,0.001869,51,2026-04-21 12:21:08.001318,350,1.037,0.0011,"aoml_navis",1028.43057359153
"7901009",108,0,1,0.026166,1,0.003738,1,119.439222417503,1,4.86168405431247,352,1,12.5939998626709,35.5250015258789,0.0261659994721413,0.0117516815662384,115.174003601074,-85.9903,27.3723,41.7184227935718,63,63,63,63,61,63,0,7819,1.11328740596807,27,-86,0.001869,51,2026-04-21 12:21:08.001318,352,1.037,0.0011,"aoml_navis",1028.45021275392
"7901009",108,0,1,0.024297,1,0.001869,1,119.589280130629,1,4.86161175407736,354,1,12.5170001983643,35.5130004882812,0.0242970008403063,0.0100728701800108,115.318702697754,-85.9903,27.3723,41.7184227935718,63,63,63,63,61,63,0,7819,1.11328740596807,27,-86,0.001869,51,2026-04-21 12:21:08.001318,354,1.037,0.0011,"aoml_navis",1028.4655075154
"7901009",108,0,1,0.026166,1,0.003738,1,119.712065412186,1,4.86153378419142,356,1,12.4300003051758,35.5,0.0261659994721413,0.0117516815662384,115.437103271484,-85.9903,27.3723,41.7184227935718,63,63,63,63,61,63,0,7819,1.11328740596807,27,-86,0.001869,51,2026-04-21 12:21:08.001318,356,1.037,0.0011,"aoml_navis",1028.48200217364
"7901009",108,0,1,0.022428,1,0,1,119.750327518095,1,4.8614561452387,358,1,12.3430004119873,35.4869995117188,0.0224280003458261,0.00839405879378319,115.473999023438,-85.9903,27.3723,41.7184227935718,63,63,63,63,61,63,0,7819,1.11328740596807,27,-86,0.001869,51,2026-04-21 12:21:08.001318,358,1.037,0.0011,"aoml_navis",1028.49842734815
"7901009",108,0,1,0.022428,1,0,1,119.68209501161,1,4.86139588137899,360,1,12.2969999313354,35.4799995422363,0.0224280003458261,0.00839405879378319,115.408203125,-85.9903,27.3723,41.7184227935718,63,63,63,63,61,63,0,7819,1.11328740596807,27,-86,0.001869,51,2026-04-21 12:21:08.001318,360,1.037,0.0011,"aoml_navis",1028.51117703701
"7901009",108,0,1,0.029904,1,0.007476,1,119.616243996828,1,4.86133694502481,362,1,12.2600002288818,35.4749984741211,0.0299040004611015,0.0151093062013388,115.344703674316,-85.9903,27.3723,41.7184227935718,63,63,63,63,61,63,0,7819,1.11328740596807,27,-86,0.001869,51,2026-04-21 12:21:08.001318,362,1.037,0.0011,"aoml_navis",1028.52364617867
"7901009",108,0,1,0.028035,1,0.005607,1,119.445235486257,1,4.86128877505565,364,1,12.2419996261597,35.4720001220703,0.0280349999666214,0.0134304938837886,115.179801940918,-85.9903,27.3723,41.7184227935718,63,63,63,63,61,63,0,7819,1.11328740596807,27,-86,0.001869,51,2026-04-21 12:21:08.001318,364,1.037,0.0011,"aoml_navis",1028.53383770495
"7901009",108,0,1,0.022428,1,0,1,119.281276507605,1,4.86122964739982,366,1,12.1969995498657,35.4650001525879,0.0224280003458261,0.00839405879378319,115.021697998047,-85.9903,27.3723,41.7184227935718,63,63,63,63,61,63,0,7819,1.11328740596807,27,-86,0.001869,51,2026-04-21 12:21:08.001318,366,1.037,0.0011,"aoml_navis",1028.54634787196
"7901009",108,0,1,0.029904,1,0.007476,1,119.030317918411,1,4.86117640918067,368,1,12.1619997024536,35.4589996337891,0.0299040004611015,0.0151093062013388,114.77970123291,-85.9903,27.3723,41.7184227935718,63,63,63,63,61,63,0,7819,1.11328740596807,27,-86,0.001869,51,2026-04-21 12:21:08.001318,368,1.037,0.0011,"aoml_navis",1028.55761221855
"7901009",108,0,1,0.026166,1,0.003738,1,118.905871131015,1,4.86111730941036,370,1,12.1129999160767,35.451000213623,0.0261659994721413,0.0117516815662384,114.659698486328,-85.9903,27.3723,41.7184227935718,63,63,63,63,61,63,0,7819,1.11328740596807,27,-86,0.001869,51,2026-04-21 12:21:08.001318,370,1.037,0.0011,"aoml_navis",1028.57011706358
"7901009",108,0,1,0.022428,1,0,1,118.680317757305,1,4.86106041934755,372,1,12.0740003585815,35.4449996948242,0.0224280003458261,0.00839405879378319,114.442199707031,-85.9903,27.3723,41.7184227935718,63,63,63,63,61,63,0,7819,1.11328740596807,27,-86,0.001869,51,2026-04-21 12:21:08.001318,372,1.037,0.0011,"aoml_navis",1028.58215464664
"7901009",108,0,1,0.028035,1,0.005607,1,118.240200684223,1,4.86100432037959,374,1,12.0279998779297,35.4370002746582,0.0280349999666214,0.0134304938837886,114.017799377441,-85.9903,27.3723,41.7184227935718,63,63,63,63,61,63,0,7819,1.11328740596807,27,-86,0.001869,51,2026-04-21 12:21:08.001318,374,1.037,0.0011,"aoml_navis",1028.59402511487
"7901009",108,0,1,0.028035,1,0.005607,1,117.846542479194,1,4.86092919261233,376,1,11.9460000991821,35.4249992370605,0.0280349999666214,0.0134304938837886,113.638198852539,-85.9903,27.3723,41.7184227935718,63,63,63,63,61,63,0,7819,1.11328740596807,27,-86,0.001869,51,2026-04-21 12:21:08.001318,376,1.037,0.0011,"aoml_navis",1028.60992248129
"7901009",108,0,1,0.028035,1,0.005607,1,117.668484436702,1,4.86084889341226,378,1,11.8660001754761,35.4150009155273,0.0280349999666214,0.0134304938837886,113.466499328613,-85.9903,27.3723,41.7184227935718,63,63,63,63,61,63,0,7819,1.11328740596807,27,-86,0.001869,51,2026-04-21 12:21:08.001318,378,1.037,0.0011,"aoml_navis",1028.62691468898
"7901009",108,0,1,0.024297,1,0.001869,1,117.476319418438,1,4.86079426813655,380,1,11.8290004730225,35.4090003967285,0.0242970008403063,0.0100728701800108,113.281196594238,-85.9903,27.3723,41.7184227935718,63,63,63,63,61,63,0,7819,1.11328740596807,27,-86,0.001869,51,2026-04-21 12:21:08.001318,380,1.037,0.0011,"aoml_navis",1028.63847432836
"7901009",108,0,1,0.022428,1,0,1,117.251905363018,1,4.86074361089701,382,1,11.8079996109009,35.4059982299805,0.0224280003458261,0.00839405879378319,113.064796447754,-85.9903,27.3723,41.7184227935718,63,63,63,63,61,63,0,7819,1.11328740596807,27,-86,0.001869,51,2026-04-21 12:21:08.001318,382,1.037,0.0011,"aoml_navis",1028.64919449584
"7901009",108,0,1,0.024297,1,0.001869,1,117.02334545493,1,4.86068622471798,384,1,11.7639999389648,35.398998260498,0.0242970008403063,0.0100728701800108,112.844398498535,-85.9903,27.3723,41.7184227935718,63,63,63,63,61,63,0,7819,1.11328740596807,27,-86,0.001869,51,2026-04-21 12:21:08.001318,384,1.037,0.0011,"aoml_navis",1028.66133892239
"7901009",108,0,1,0.024297,1,0.001869,1,116.823300151826,1,4.86063467760864,386,1,11.7419996261597,35.3959999084473,0.0242970008403063,0.0100728701800108,112.651496887207,-85.9903,27.3723,41.7184227935718,63,63,63,63,61,63,0,7819,1.11328740596807,27,-86,0.001869,51,2026-04-21 12:21:08.001318,386,1.037,0.0011,"aoml_navis",1028.67224789252
"7901009",108,0,1,0.022428,1,0,1,116.53625523818,1,4.86059062358746,388,1,11.7320003509521,35.3940010070801,0.0224280003458261,0.00839405879378319,112.374702453613,-85.9903,27.3723,41.7184227935718,63,63,63,63,61,63,0,7819,1.11328740596807,27,-86,0.001869,51,2026-04-21 12:21:08.001318,388,1.037,0.0011,"aoml_navis",1028.68157127572
"7901009",108,0,1,0.026166,1,0.003738,1,116.341083685539,1,4.86053916513114,390,1,11.71399974823,35.3919982910156,0.0261659994721413,0.0117516815662384,112.186500549316,-85.9903,27.3723,41.7184227935718,63,63,63,63,61,63,0,7819,1.11328740596807,27,-86,0.001869,51,2026-04-21 12:21:08.001318,390,1.037,0.0011,"aoml_navis",1028.69246191232
"7901009",108,0,1,0.029904,1,0.007476,1,116.294830527734,1,4.86048576042832,392,1,11.6859998703003,35.3880004882812,0.0299040004611015,0.0151093062013388,112.141899108887,-85.9903,27.3723,41.7184227935718,63,63,63,63,61,63,0,7819,1.11328740596807,27,-86,0.001869,51,2026-04-21 12:21:08.001318,392,1.037,0.0011,"aoml_navis",1028.7037646952
"7901009",108,0,1,0.028035,1,0.005607,1,116.295764135777,1,4.86043517600835,394,1,11.66100025177,35.3839988708496,0.0280349999666214,0.0134304938837886,112.142799377441,-85.9903,27.3723,41.7184227935718,63,63,63,63,61,63,0,7819,1.11328740596807,27,-86,0.001869,51,2026-04-21 12:21:08.001318,394,1.037,0.0011,"aoml_navis",1028.71447081129
"7901009",108,0,1,0.026166,1,0.003738,1,116.299909988444,1,4.8603817925176,396,1,11.628999710083,35.3790016174316,0.0261659994721413,0.0117516815662384,112.146797180176,-85.9903,27.3723,41.7184227935718,63,63,63,63,61,63,0,7819,1.11328740596807,27,-86,0.001869,51,2026-04-21 12:21:08.001318,396,1.037,0.0011,"aoml_navis",1028.72576958817
"7901009",108,0,1,0.026166,1,0.003738,1,116.333409110946,1,4.86032935746876,398,1,11.5939998626709,35.3730010986328,0.0261659994721413,0.0117516815662384,112.179100036621,-85.9903,27.3723,41.7184227935718,63,63,63,63,61,63,0,7819,1.11328740596807,27,-86,0.001869,51,2026-04-21 12:21:08.001318,398,1.037,0.0011,"aoml_navis",1028.73686786609
"7901009",108,0,1,0.028035,1,0.005607,1,116.268388849084,1,4.86027978340097,400,1,11.5699996948242,35.3689994812012,0.0280349999666214,0.0134304938837886,112.116401672363,-85.9903,27.3723,41.7184227935718,63,63,63,63,61,63,0,7819,1.11328740596807,27,-86,0.001869,51,2026-04-21 12:21:08.001318,400,1.037,0.0011,"aoml_navis",1028.74736081577
"7901009",108,0,1,0.026166,1,0.003738,1,116.125894943495,1,4.86022007275947,402,1,11.5270004272461,35.3629989624023,0.0261659994721413,0.0117516815662384,111.978996276855,-85.9903,27.3723,41.7184227935718,63,63,63,63,61,63,0,7819,1.11328740596807,27,-86,0.001869,51,2026-04-21 12:21:08.001318,402,1.037,0.0011,"aoml_navis",1028.75999957779
"7901009",108,0,1,0.028035,1,0.005607,1,116.001353212908,1,4.86016132830972,404,1,11.4729995727539,35.3540000915527,0.0280349999666214,0.0134304938837886,111.858901977539,-85.9903,27.3723,41.7184227935718,63,63,63,63,61,63,0,7819,1.11328740596807,27,-86,0.001869,51,2026-04-21 12:21:08.001318,404,1.037,0.0011,"aoml_navis",1028.77243413212
"7901009",108,0,1,0.029904,1,0.007476,1,115.94773404588,1,4.86006259148562,406,1,11.3509998321533,35.3390007019043,0.0299040004611015,0.0151093062013388,111.807197570801,-85.9903,27.3723,41.7184227935718,63,63,63,63,61,63,0,7819,1.11328740596807,27,-86,0.001869,51,2026-04-21 12:21:08.001318,406,1.037,0.0011,"aoml_navis",1028.79333462897
"7901009",108,0,1,0.028035,1,0.005607,1,115.669708735364,1,4.86001060416789,408,1,11.3079996109009,35.3310012817383,0.0280349999666214,0.0134304938837886,111.539100646973,-85.9903,27.3723,41.7184227935718,63,63,63,63,61,63,0,7819,1.11328740596807,27,-86,0.001869,51,2026-04-21 12:21:08.001318,408,1.037,0.0011,"aoml_navis",1028.80433958561
"7901009",108,0,1,0.028035,1,0.005607,1,115.167372224551,1,4.85995412413657,410,1,11.2639999389648,35.3240013122559,0.0280349999666214,0.0134304938837886,111.054702758789,-85.9903,27.3723,41.7184227935718,63,63,63,63,61,63,0,7819,1.11328740596807,27,-86,0.001869,51,2026-04-21 12:21:08.001318,410,1.037,0.0011,"aoml_navis",1028.816295851
"7901009",108,0,1,0.029904,1,0.007476,1,114.774750482689,1,4.85987799685779,412,1,11.1820001602173,35.3129997253418,0.0299040004611015,0.0151093062013388,110.67610168457,-85.9903,27.3723,41.7184227935718,63,63,63,63,61,63,0,7819,1.11328740596807,27,-86,0.001869,51,2026-04-21 12:21:08.001318,412,1.037,0.0011,"aoml_navis",1028.83241168458
"7901009",108,0,1,0.029904,1,0.007476,1,114.636616051946,1,4.85979952840824,414,1,11.0930004119873,35.3009986877441,0.0299040004611015,0.0151093062013388,110.542900085449,-85.9903,27.3723,41.7184227935718,63,63,63,63,61,63,0,7819,1.11328740596807,27,-86,0.001869,51,2026-04-21 12:21:08.001318,414,1.037,0.0011,"aoml_navis",1028.84902366285
"7901009",108,0,1,0.028035,1,0.005607,1,114.502216053377,1,4.85974329775628,416,1,11.0570001602173,35.2960014343262,0.0280349999666214,0.0134304938837886,110.413299560547,-85.9903,27.3723,41.7184227935718,63,63,63,63,61,63,0,7819,1.11328740596807,27,-86,0.001869,51,2026-04-21 12:21:08.001318,416,1.037,0.0011,"aoml_navis",1028.86092817052
"7901009",108,0,1,0.024297,1,0.001869,1,114.366154548967,1,4.85969244327835,418,1,11.0310001373291,35.2919998168945,0.0242970008403063,0.0100728701800108,110.282096862793,-85.9903,27.3723,41.7184227935718,63,63,63,63,61,63,0,7819,1.11328740596807,27,-86,0.001869,51,2026-04-21 12:21:08.001318,418,1.037,0.0011,"aoml_navis",1028.87169473363
"7901009",108,0,1,0.022428,1,0,1,114.325922371848,1,4.85964062664384,420,1,11.0080003738403,35.2890014648438,0.0224280003458261,0.00839405879378319,110.243301391602,-85.9903,27.3723,41.7184227935718,63,63,63,63,61,63,0,7819,1.11328740596807,27,-86,0.001869,51,2026-04-21 12:21:08.001318,420,1.037,0.0011,"aoml_navis",1028.88266522973
"7901009",108,0,1,0.024297,1,0.001869,1,114.267951641906,1,4.85959854233458,422,1,11.003999710083,35.2879981994629,0.0242970008403063,0.0100728701800108,110.187400817871,-85.9903,27.3723,41.7184227935718,63,63,63,63,61,63,0,7819,1.11328740596807,27,-86,0.001869,51,2026-04-21 12:21:08.001318,422,1.037,0.0011,"aoml_navis",1028.89157539297
"7901009",108,0,1,0.022428,1,0,1,114.183539233315,1,4.85955383582716,424,1,10.9930000305176,35.2859992980957,0.0224280003458261,0.00839405879378319,110.106002807617,-85.9903,27.3723,41.7184227935718,63,63,63,63,61,63,0,7819,1.11328740596807,27,-86,0.001869,51,2026-04-21 12:21:08.001318,424,1.037,0.0011,"aoml_navis",1028.90104090162
"7901009",108,0,1,0.028035,1,0.005607,1,114.167359331209,1,4.85950034299196,426,1,10.96399974823,35.2820014953613,0.0280349999666214,0.0134304938837886,110.090400695801,-85.9903,27.3723,41.7184227935718,63,63,63,63,61,63,0,7819,1.11328740596807,27,-86,0.001869,51,2026-04-21 12:21:08.001318,426,1.037,0.0011,"aoml_navis",1028.91236692897
"7901009",108,0,1,0.022428,1,0,1,114.175445326296,1,4.85944251904063,428,1,10.9259996414185,35.2770004272461,0.0224280003458261,0.00839405879378319,110.098197937012,-85.9903,27.3723,41.7184227935718,63,63,63,63,61,63,0,7819,1.11328740596807,27,-86,0.001869,51,2026-04-21 12:21:08.001318,428,1.037,0.0011,"aoml_navis",1028.92461026314
"7901009",108,0,1,0.024297,1,0.001869,1,114.221698484101,1,4.85938485234102,430,1,10.8839998245239,35.2709999084473,0.0242970008403063,0.0100728701800108,110.142799377441,-85.9903,27.3723,41.7184227935718,63,63,63,63,61,63,0,7819,1.11328740596807,27,-86,0.001869,51,2026-04-21 12:21:08.001318,430,1.037,0.0011,"aoml_navis",1028.93682059186
"7901009",108,0,1,0.028035,1,0.005607,1,114.258101285856,1,4.85932893306297,432,1,10.8479995727539,35.265998840332,0.0280349999666214,0.0134304938837886,110.17790222168,-85.9903,27.3723,41.7184227935718,63,63,63,63,61,63,0,7819,1.11328740596807,27,-86,0.001869,51,2026-04-21 12:21:08.001318,432,1.037,0.0011,"aoml_navis",1028.94866119885
"7901009",108,0,1,0.024297,1,0.001869,1,114.282367183049,1,4.85926340956373,434,1,10.7969999313354,35.2599983215332,0.0242970008403063,0.0100728701800108,110.201301574707,-85.9903,27.3723,41.7184227935718,63,63,63,63,61,63,0,7819,1.11328740596807,27,-86,0.001869,51,2026-04-21 12:21:08.001318,434,1.037,0.0011,"aoml_navis",1028.96253579489
"7901009",108,0,1,0.028035,1,0.005607,1,114.233107490867,1,4.85921623541301,436,1,10.7790002822876,35.2569999694824,0.0280349999666214,0.0134304938837886,110.153800964355,-85.9903,27.3723,41.7184227935718,63,63,63,63,61,63,0,7819,1.11328740596807,27,-86,0.001869,51,2026-04-21 12:21:08.001318,436,1.037,0.0011,"aoml_navis",1028.97252514942
"7901009",108,0,1,0.029904,1,0.007476,1,114.145688547899,1,4.8591637549057,438,1,10.7550001144409,35.2540016174316,0.0299040004611015,0.0151093062013388,110.06950378418,-85.9903,27.3723,41.7184227935718,63,63,63,63,61,63,0,7819,1.11328740596807,27,-86,0.001869,51,2026-04-21 12:21:08.001318,438,1.037,0.0011,"aoml_navis",1028.98363837854
"7901009",108,0,1,0.022428,1,0,1,113.944393159449,1,4.85910713864599,440,1,10.7180004119873,35.2490005493164,0.0224280003458261,0.00839405879378319,109.875396728516,-85.9903,27.3723,41.7184227935718,63,63,63,63,61,63,0,7819,1.11328740596807,27,-86,0.001869,51,2026-04-21 12:21:08.001318,440,1.037,0.0011,"aoml_navis",1028.99562766037
"7901009",108,0,1,0.024297,1,0.001869,1,113.625922049634,1,4.85904819979772,442,1,10.6700000762939,35.242000579834,0.0242970008403063,0.0100728701800108,109.568298339844,-85.9903,27.3723,41.7184227935718,63,63,63,63,61,63,0,7819,1.11328740596807,27,-86,0.001869,51,2026-04-21 12:21:08.001318,442,1.037,0.0011,"aoml_navis",1029.0081090795
"7901009",108,0,1,0.024297,1,0.001869,1,113.269600254404,1,4.85899981588053,444,1,10.6630001068115,35.242000579834,0.0242970008403063,0.0100728701800108,109.224700927734,-85.9903,27.3723,41.7184227935718,63,63,63,63,61,63,0,7819,1.11328740596807,27,-86,0.001869,51,2026-04-21 12:21:08.001318,444,1.037,0.0011,"aoml_navis",1029.01835551807
"7901009",108,0,1,0.026166,1,0.003738,1,113.123174118327,1,4.85895435624135,446,1,10.6510000228882,35.2400016784668,0.0261659994721413,0.0117516815662384,109.083503723145,-85.9903,27.3723,41.7184227935718,63,63,63,63,61,63,0,7819,1.11328740596807,27,-86,0.001869,51,2026-04-21 12:21:08.001318,446,1.037,0.0011,"aoml_navis",1029.02798285756
"7901009",108,0,1,0.026166,1,0.003738,1,112.852506905102,1,4.85890993738606,448,1,10.6359996795654,35.2369995117188,0.0261659994721413,0.0117516815662384,108.82250213623,-85.9903,27.3723,41.7184227935718,63,63,63,63,61,63,0,7819,1.11328740596807,27,-86,0.001869,51,2026-04-21 12:21:08.001318,448,1.037,0.0011,"aoml_navis",1029.0373899562
"7901009",108,0,1,0.028035,1,0.005607,1,112.563792573684,1,4.85885685356361,450,1,10.6070003509521,35.2330017089844,0.0280349999666214,0.0134304938837886,108.544097900391,-85.9903,27.3723,41.7184227935718,63,63,63,63,61,63,0,7819,1.11328740596807,27,-86,0.001869,51,2026-04-21 12:21:08.001318,450,1.037,0.0011,"aoml_navis",1029.04863236151
"7901009",108,0,1,0.026166,1,0.003738,1,112.221158421799,1,4.85880733172265,452,1,10.5819997787476,35.2290000915527,0.0261659994721413,0.0117516815662384,108.21369934082,-85.9903,27.3723,41.7184227935718,63,63,63,63,61,63,0,7819,1.11328740596807,27,-86,0.001869,51,2026-04-21 12:21:08.001318,452,1.037,0.0011,"aoml_navis",1029.05912061084
"7901009",108,0,1,0.020559,1,-0.001869,1,111.681382646064,1,4.85874921329167,454,1,10.5430002212524,35.2239990234375,0.020558999851346,0.00671524694189429,107.693199157715,-85.9903,27.3723,41.7184227935718,63,63,63,63,61,63,0,7819,1.11328740596807,27,-86,0.001869,51,2026-04-21 12:21:08.001318,454,1.037,0.0011,"aoml_navis",1029.07142980789
"7901009",108,0,1,0.033642,1,0.011214,1,111.228717247927,1,4.8586965745966,456,1,10.5059995651245,35.2179985046387,0.0336420014500618,0.018466928973794,107.256698608398,-85.9903,27.3723,41.7184227935718,63,63,63,63,61,63,0,7819,1.11328740596807,27,-86,0.001869,51,2026-04-21 12:21:08.001318,456,1.037,0.0011,"aoml_navis",1029.08257867803
"7901009",108,0,1,0.026166,1,0.003738,1,111.051798523725,1,4.85862075977369,458,1,10.4340000152588,35.2099990844727,0.0261659994721413,0.0117516815662384,107.086097717285,-85.9903,27.3723,41.7184227935718,63,63,63,63,61,63,0,7819,1.11328740596807,27,-86,0.001869,51,2026-04-21 12:21:08.001318,458,1.037,0.0011,"aoml_navis",1029.09863667419
"7901009",108,0,1,0.029904,1,0.007476,1,110.865345920776,1,4.8585649926443,460,1,10.3889999389648,35.2029991149902,0.0299040004611015,0.0151093062013388,106.906303405762,-85.9903,27.3723,41.7184227935718,63,63,63,63,61,63,0,7819,1.11328740596807,27,-86,0.001869,51,2026-04-21 12:21:08.001318,460,1.037,0.0011,"aoml_navis",1029.11044877856
"7901009",108,0,1,0.028035,1,0.005607,1,110.732702371237,1,4.8584997602344,462,1,10.3330001831055,35.1959991455078,0.0280349999666214,0.0134304938837886,106.778396606445,-85.9903,27.3723,41.7184227935718,63,63,63,63,61,63,0,7819,1.11328740596807,27,-86,0.001869,51,2026-04-21 12:21:08.001318,462,1.037,0.0011,"aoml_navis",1029.12426607978
"7901009",108,0,1,0.031773,1,0.009345,1,110.674217365679,1,4.85842967803876,464,1,10.2670001983643,35.1879997253418,0.0317730009555817,0.0167881175875664,106.72200012207,-85.9903,27.3723,41.7184227935718,63,63,63,63,61,63,0,7819,1.11328740596807,27,-86,0.001869,51,2026-04-21 12:21:08.001318,464,1.037,0.0011,"aoml_navis",1029.13911105911
"7901009",108,0,1,0.028035,1,0.005607,1,110.666028515469,1,4.85837121164846,466,1,10.2270002365112,35.1829986572266,0.0280349999666214,0.0134304938837886,106.71410369873,-85.9903,27.3723,41.7184227935718,63,63,63,63,61,63,0,7819,1.11328740596807,27,-86,0.001869,51,2026-04-21 12:21:08.001318,466,1.037,0.0011,"aoml_navis",1029.15149587828
"7901009",108,0,1,0.028035,1,0.005607,1,110.671416541549,1,4.8583147573804,468,1,10.1850004196167,35.1769981384277,0.0280349999666214,0.0134304938837886,106.719299316406,-85.9903,27.3723,41.7184227935718,63,63,63,63,61,63,0,7819,1.11328740596807,27,-86,0.001869,51,2026-04-21 12:21:08.001318,468,1.037,0.0011,"aoml_navis",1029.16345475648
"7901009",108,0,1,0.026166,1,0.003738,1,110.785387930222,1,4.85824190008026,470,1,10.1110000610352,35.1679992675781,0.0261659994721413,0.0117516815662384,106.829200744629,-85.9903,27.3723,41.7184227935718,63,63,63,63,61,63,0,7819,1.11328740596807,27,-86,0.001869,51,2026-04-21 12:21:08.001318,470,1.037,0.0011,"aoml_navis",1029.17888874932
"7901009",108,0,1,0.028035,1,0.005607,1,110.804780076952,1,4.85818919509919,472,1,10.0860004425049,35.1650009155273,0.0280349999666214,0.0134304938837886,106.847900390625,-85.9903,27.3723,41.7184227935718,63,63,63,63,61,63,0,7819,1.11328740596807,27,-86,0.001869,51,2026-04-21 12:21:08.001318,472,1.037,0.0011,"aoml_navis",1029.19005399046
"7901009",108,0,1,0.029904,1,0.007476,1,110.786630103636,1,4.85814509051405,474,1,10.0710000991821,35.1619987487793,0.0299040004611015,0.0151093062013388,106.83039855957,-85.9903,27.3723,41.7184227935718,63,63,63,63,61,63,0,7819,1.11328740596807,27,-86,0.001869,51,2026-04-21 12:21:08.001318,474,1.037,0.0011,"aoml_navis",1029.19939747434
"7901009",108,0,1,0.029904,1,0.007476,1,110.818989907848,1,4.85809242260843,476,1,10.0459995269775,35.1590003967285,0.0299040004611015,0.0151093062013388,106.861602783203,-85.9903,27.3723,41.7184227935718,63,63,63,63,61,63,0,7819,1.11328740596807,27,-86,0.001869,51,2026-04-21 12:21:08.001318,476,1.037,0.0011,"aoml_navis",1029.21055530586
"7901009",108,0,1,0.026166,1,0.003738,1,110.837242736287,1,4.85804663114974,478,1,10.0290002822876,35.1559982299805,0.0261659994721413,0.0117516815662384,106.879203796387,-85.9903,27.3723,41.7184227935718,63,63,63,63,61,63,0,7819,1.11328740596807,27,-86,0.001869,51,2026-04-21 12:21:08.001318,478,1.037,0.0011,"aoml_navis",1029.22025654098
"7901009",108,0,1,0.024297,1,0.001869,1,110.922588752922,1,4.85798342335276,480,1,9.98299980163574,35.1510009765625,0.0242970008403063,0.0100728701800108,106.961502075195,-85.9903,27.3723,41.7184227935718,63,63,63,63,61,63,0,7819,1.11328740596807,27,-86,0.001869,51,2026-04-21 12:21:08.001318,480,1.037,0.0011,"aoml_navis",1029.23364784749
"7901009",108,0,1,0.029904,1,0.007476,1,110.967386115134,1,4.85793393780957,482,1,9.95300006866455,35.1459999084473,0.0299040004611015,0.0151093062013388,107.004699707031,-85.9903,27.3723,41.7184227935718,63,63,63,63,61,63,0,7819,1.11328740596807,27,-86,0.001869,51,2026-04-21 12:21:08.001318,482,1.037,0.0011,"aoml_navis",1029.24413217823
"7901009",108,0,1,0.028035,1,0.005607,1,111.096184465444,1,4.85787343889851,484,1,9.90999984741211,35.140998840332,0.0280349999666214,0.0134304938837886,107.128898620605,-85.9903,27.3723,41.7184227935718,63,63,63,63,61,63,0,7819,1.11328740596807,27,-86,0.001869,51,2026-04-21 12:21:08.001318,484,1.037,0.0011,"aoml_navis",1029.2569501633
"7901009",108,0,1,0.026166,1,0.003738,1,111.171371560658,1,4.85782460050978,486,1,9.88500022888184,35.1370010375977,0.0261659994721413,0.0117516815662384,107.201400756836,-85.9903,27.3723,41.7184227935718,63,63,63,63,61,63,0,7819,1.11328740596807,27,-86,0.001869,51,2026-04-21 12:21:08.001318,486,1.037,0.0011,"aoml_navis",1029.26729785083
"7901009",108,0,1,0.029904,1,0.007476,1,111.284615051535,1,4.85777015032912,488,1,9.84899997711182,35.1319999694824,0.0299040004611015,0.0151093062013388,107.310600280762,-85.9903,27.3723,41.7184227935718,63,63,63,63,61,63,0,7819,1.11328740596807,27,-86,0.001869,51,2026-04-21 12:21:08.001318,488,1.037,0.0011,"aoml_navis",1029.27883478827
"7901009",108,0,1,0.031773,1,0.009345,1,111.348701705354,1,4.85771237231559,490,1,9.80900001525879,35.1269989013672,0.0317730009555817,0.0167881175875664,107.372398376465,-85.9903,27.3723,41.7184227935718,63,63,63,63,61,63,0,7819,1.11328740596807,27,-86,0.001869,51,2026-04-21 12:21:08.001318,490,1.037,0.0011,"aoml_navis",1029.29107711179
"7901009",108,0,1,0.029904,1,0.007476,1,111.360632899669,1,4.85766025721329,492,1,9.77999973297119,35.1230010986328,0.0299040004611015,0.0151093062013388,107.383903503418,-85.9903,27.3723,41.7184227935718,63,63,63,63,61,63,0,7819,1.11328740596807,27,-86,0.001869,51,2026-04-21 12:21:08.001318,492,1.037,0.0011,"aoml_navis",1029.30211979632
"7901009",108,0,1,0.031773,1,0.009345,1,111.418390007432,1,4.85760060639476,494,1,9.74199962615967,35.1189994812012,0.0317730009555817,0.0167881175875664,107.439598083496,-85.9903,27.3723,41.7184227935718,63,63,63,63,61,63,0,7819,1.11328740596807,27,-86,0.001869,51,2026-04-21 12:21:08.001318,494,1.037,0.0011,"aoml_navis",1029.31475951682
"7901009",108,0,1,0.031773,1,0.009345,1,111.45178627481,1,4.85755162909076,496,1,9.7209997177124,35.1160011291504,0.0317730009555817,0.0167881175875664,107.471801757812,-85.9903,27.3723,41.7184227935718,63,63,63,63,61,63,0,7819,1.11328740596807,27,-86,0.001869,51,2026-04-21 12:21:08.001318,496,1.037,0.0011,"aoml_navis",1029.3251378032
"7901009",108,0,1,0.029904,1,0.007476,1,111.616465239326,1,4.85750184223409,498,1,9.69900035858154,35.1129989624023,0.0299040004611015,0.0151093062013388,107.630599975586,-85.9903,27.3723,41.7184227935718,63,63,63,63,61,63,0,7819,1.11328740596807,27,-86,0.001869,51,2026-04-21 12:21:08.001318,498,1.037,0.0011,"aoml_navis",1029.33568784822
"7901009",108,0,1,0.028035,1,0.005607,1,111.743602083796,1,4.85745184626247,500,1,9.66800022125244,35.1080017089844,0.0280349999666214,0.0134304938837886,107.753196716309,-85.9903,27.3723,41.7184227935718,63,63,63,63,61,63,0,7819,1.11328740596807,27,-86,0.001869,51,2026-04-21 12:21:08.001318,500,1.037,0.0011,"aoml_navis",1029.3462824232
"7901009",108,0,1,0.029904,1,0.007476,1,111.958165783167,1,4.85739655586187,502,1,9.63500022888184,35.1040000915527,0.0299040004611015,0.0151093062013388,107.960098266602,-85.9903,27.3723,41.7184227935718,63,63,63,63,61,63,0,7819,1.11328740596807,27,-86,0.001869,51,2026-04-21 12:21:08.001318,502,1.037,0.0011,"aoml_navis",1029.35799918704
"7901009",108,0,1,0.026166,1,0.003738,1,112.247916577752,1,4.85734330876392,504,1,9.60000038146973,35.0989990234375,0.0261659994721413,0.0117516815662384,108.239501953125,-85.9903,27.3723,41.7184227935718,63,63,63,63,61,63,0,7819,1.11328740596807,27,-86,0.001869,51,2026-04-21 12:21:08.001318,504,1.037,0.0011,"aoml_navis",1029.36928320028
"7901009",108,0,1,0.028035,1,0.005607,1,112.518473023922,1,4.85728410465283,506,1,9.54899978637695,35.0919990539551,0.0280349999666214,0.0134304938837886,108.500396728516,-85.9903,27.3723,41.7184227935718,63,63,63,63,61,63,0,7819,1.11328740596807,27,-86,0.001869,51,2026-04-21 12:21:08.001318,506,1.037,0.0011,"aoml_navis",1029.38182990171
"7901009",108,0,1,0.029904,1,0.007476,1,112.624049852138,1,4.857235624805,508,1,9.52400016784668,35.0880012512207,0.0299040004611015,0.0151093062013388,108.602203369141,-85.9903,27.3723,41.7184227935718,63,63,63,63,61,63,0,7819,1.11328740596807,27,-86,0.001869,51,2026-04-21 12:21:08.001318,508,1.037,0.0011,"aoml_navis",1029.39210411493
"7901009",108,0,1,0.028035,1,0.005607,1,112.485598944092,1,4.85718801492882,510,1,9.5,35.0839996337891,0.0280349999666214,0.0134304938837886,108.468696594238,-85.9903,27.3723,41.7184227935718,63,63,63,63,61,63,0,7819,1.11328740596807,27,-86,0.001869,51,2026-04-21 12:21:08.001318,510,1.037,0.0011,"aoml_navis",1029.40219415683
"7901009",108,0,1,0.028035,1,0.005607,1,112.245527174116,1,4.85713971841591,512,1,9.48400020599365,35.0820007324219,0.0280349999666214,0.0134304938837886,108.237197875977,-85.9903,27.3723,41.7184227935718,63,63,63,63,61,63,0,7819,1.11328740596807,27,-86,0.001869,51,2026-04-21 12:21:08.001318,512,1.037,0.0011,"aoml_navis",1029.41242992093
"7901009",108,0,1,0.029904,1,0.007476,1,112.029207025714,1,4.85707460006299,514,1,9.43000030517578,35.076000213623,0.0299040004611015,0.0151093062013388,108.028602600098,-85.9903,27.3723,41.7184227935718,63,63,63,63,61,63,0,7819,1.11328740596807,27,-86,0.001869,51,2026-04-21 12:21:08.001318,514,1.037,0.0011,"aoml_navis",1029.4262311588
"7901009",108,0,1,0.028035,1,0.005607,1,111.776586930681,1,4.85699969316634,516,1,9.36400032043457,35.0699996948242,0.0280349999666214,0.0134304938837886,107.785003662109,-85.9903,27.3723,41.7184227935718,63,63,63,63,61,63,0,7819,1.11328740596807,27,-86,0.001869,51,2026-04-21 12:21:08.001318,516,1.037,0.0011,"aoml_navis",1029.44210744647
"7901009",108,0,1,0.024297,1,0.001869,1,111.543976113118,1,4.85694652628813,518,1,9.34200000762939,35.068000793457,0.0242970008403063,0.0100728701800108,107.560699462891,-85.9903,27.3723,41.7184227935718,63,63,63,63,61,63,0,7819,1.11328740596807,27,-86,0.001869,51,2026-04-21 12:21:08.001318,518,1.037,0.0011,"aoml_navis",1029.45337630085
"7901009",108,0,1,0.029904,1,0.007476,1,111.60816562206,1,4.85687768066313,520,1,9.29199981689453,35.0639991760254,0.0299040004611015,0.0151093062013388,107.622596740723,-85.9903,27.3723,41.7184227935718,63,63,63,63,61,63,0,7819,1.11328740596807,27,-86,0.001869,51,2026-04-21 12:21:08.001318,520,1.037,0.0011,"aoml_navis",1029.46796867187
"7901009",108,0,1,0.028035,1,0.005607,1,111.799919219831,1,4.8568262200909,522,1,9.27200031280518,35.0620002746582,0.0280349999666214,0.0134304938837886,107.807502746582,-85.9903,27.3723,41.7184227935718,63,63,63,63,61,63,0,7819,1.11328740596807,27,-86,0.001869,51,2026-04-21 12:21:08.001318,522,1.037,0.0011,"aoml_navis",1029.47887641457
"7901009",108,0,1,0.026166,1,0.003738,1,112.041438873468,1,4.85678010395226,524,1,9.25399971008301,35.0589981079102,0.0261659994721413,0.0117516815662384,108.040397644043,-85.9903,27.3723,41.7184227935718,63,63,63,63,61,63,0,7819,1.11328740596807,27,-86,0.001869,51,2026-04-21 12:21:08.001318,524,1.037,0.0011,"aoml_navis",1029.48865153092
"7901009",108,0,1,0.029904,1,0.007476,1,112.237955454646,1,4.8567381323982,526,1,9.25,35.0579986572266,0.0299040004611015,0.0151093062013388,108.22989654541,-85.9903,27.3723,41.7184227935718,63,63,63,63,61,63,0,7819,1.11328740596807,27,-86,0.001869,51,2026-04-21 12:21:08.001318,526,1.037,0.0011,"aoml_navis",1029.49754829196
"7901009",108,0,1,0.028035,1,0.005607,1,112.66407631901,1,4.85669776226013,528,1,9.23900032043457,35.0550003051758,0.0280349999666214,0.0134304938837886,108.640800476074,-85.9903,27.3723,41.7184227935718,63,63,63,63,61,63,0,7819,1.11328740596807,27,-86,0.001869,51,2026-04-21 12:21:08.001318,528,1.037,0.0011,"aoml_navis",1029.50610574399
"7901009",108,0,1,0.026166,1,0.003738,1,113.096621672622,1,4.85662990479236,530,1,9.17199993133545,35.0470008850098,0.0261659994721413,0.0117516815662384,109.057899475098,-85.9903,27.3723,41.7184227935718,63,63,63,63,61,63,0,7819,1.11328740596807,27,-86,0.001869,51,2026-04-21 12:21:08.001318,530,1.037,0.0011,"aoml_navis",1029.52049013786
"7901009",108,0,1,0.029904,1,0.007476,1,113.200323372819,1,4.85657895779395,532,1,9.13000011444092,35.0400009155273,0.0299040004611015,0.0151093062013388,109.157897949219,-85.9903,27.3723,41.7184227935718,63,63,63,63,61,63,0,7819,1.11328740596807,27,-86,0.001869,51,2026-04-21 12:21:08.001318,532,1.037,0.0011,"aoml_navis",1029.53129012263
"7901009",108,0,1,0.026166,1,0.003738,1,113.084595535115,1,4.85653660426301,534,1,9.12100028991699,35.0379981994629,0.0261659994721413,0.0117516815662384,109.04630279541,-85.9903,27.3723,41.7184227935718,63,63,63,63,61,63,0,7819,1.11328740596807,27,-86,0.001869,51,2026-04-21 12:21:08.001318,534,1.037,0.0011,"aoml_navis",1029.54026859615
"7901009",108,0,1,0.029904,1,0.007476,1,112.802827880494,1,4.85648730358546,536,1,9.10799980163574,35.0369987487793,0.0299040004611015,0.0151093062013388,108.774597167969,-85.9903,27.3723,41.7184227935718,63,63,63,63,61,63,0,7819,1.11328740596807,27,-86,0.001869,51,2026-04-21 12:21:08.001318,536,1.037,0.0011,"aoml_navis",1029.55071998409
"7901009",108,0,1,0.029904,1,0.007476,1,112.352029698443,1,4.85644411615408,538,1,9.10700035095215,35.0369987487793,0.0299040004611015,0.0151093062013388,108.339897155762,-85.9903,27.3723,41.7184227935718,63,63,63,63,61,63,0,7819,1.11328740596807,27,-86,0.001869,51,2026-04-21 12:21:08.001318,538,1.037,0.0011,"aoml_navis",1029.5598755823
"7901009",108,0,1,0.026166,1,0.003738,1,111.639386107982,1,4.85639480951364,540,1,9.10299968719482,35.0379981994629,0.0261659994721413,0.0117516815662384,107.652702331543,-85.9903,27.3723,41.7184227935718,63,63,63,63,61,63,0,7819,1.11328740596807,27,-86,0.001869,51,2026-04-21 12:21:08.001318,540,1.037,0.0011,"aoml_navis",1029.57032863247
"7901009",108,0,1,0.026166,1,0.003738,1,111.3530611802,1,4.85633324171682,542,1,9.10200023651123,35.0429992675781,0.0261659994721413,0.0117516815662384,107.376602172852,-85.9903,27.3723,41.7184227935718,63,63,63,63,61,63,0,7819,1.11328740596807,27,-86,0.001869,51,2026-04-21 12:21:08.001318,542,1.037,0.0011,"aoml_navis",1029.58338135634
"7901009",108,0,1,0.029904,1,0.007476,1,111.34185788368,1,4.8562851801322,544,1,9.08600044250488,35.0410003662109,0.0299040004611015,0.0151093062013388,107.365798950195,-85.9903,27.3723,41.7184227935718,63,63,63,63,61,63,0,7819,1.11328740596807,27,-86,0.001869,51,2026-04-21 12:21:08.001318,544,1.037,0.0011,"aoml_navis",1029.59357091626
"7901009",108,0,1,0.028035,1,0.005607,1,111.329206703501,1,4.85624404323187,546,1,9.08300018310547,35.0400009155273,0.0280349999666214,0.0134304938837886,107.35359954834,-85.9903,27.3723,41.7184227935718,63,63,63,63,61,63,0,7819,1.11328740596807,27,-86,0.001869,51,2026-04-21 12:21:08.001318,546,1.037,0.0011,"aoml_navis",1029.60229253068
"7901009",108,0,1,0.029904,1,0.007476,1,111.324855140587,1,4.85619682020789,548,1,9.06799983978271,35.0379981994629,0.0299040004611015,0.0151093062013388,107.349403381348,-85.9903,27.3723,41.7184227935718,63,63,63,63,61,63,0,7819,1.11328740596807,27,-86,0.001869,51,2026-04-21 12:21:08.001318,548,1.037,0.0011,"aoml_navis",1029.61230467301
"7901009",108,0,1,0.026166,1,0.003738,1,111.433224881001,1,4.85611917326184,550,1,9.0019998550415,35.0330009460449,0.0261659994721413,0.0117516815662384,107.453903198242,-85.9903,27.3723,41.7184227935718,63,63,63,63,61,63,0,7819,1.11328740596807,27,-86,0.001869,51,2026-04-21 12:21:08.001318,550,1.037,0.0011,"aoml_navis",1029.62876766501
"7901009",108,0,1,0.026166,1,0.003738,1,111.450433334341,1,4.85606999538981,552,1,8.97999954223633,35.0299987792969,0.0261659994721413,0.0117516815662384,107.470497131348,-85.9903,27.3723,41.7184227935718,63,63,63,63,61,63,0,7819,1.11328740596807,27,-86,0.001869,51,2026-04-21 12:21:08.001318,552,1.037,0.0011,"aoml_navis",1029.6391948112
"7901009",108,0,1,0.028035,1,0.005607,1,111.46609896083,1,4.85602076116171,554,1,8.96700000762939,35.0289993286133,0.0280349999666214,0.0134304938837886,107.48560333252,-85.9903,27.3723,41.7184227935718,63,63,63,63,61,63,0,7819,1.11328740596807,27,-86,0.001869,51,2026-04-21 12:21:08.001318,554,1.037,0.0011,"aoml_navis",1029.64963411809
"7901009",108,0,1,0.029904,1,0.007476,1,111.564301867891,1,4.85597116049848,556,1,8.94900035858154,35.0270004272461,0.0299040004611015,0.0151093062013388,107.580299377441,-85.9903,27.3723,41.7184227935718,63,63,63,63,61,63,0,7819,1.11328740596807,27,-86,0.001869,51,2026-04-21 12:21:08.001318,556,1.037,0.0011,"aoml_navis",1029.66015133556
"7901009",108,0,1,0.031773,1,0.009345,1,111.764244315872,1,4.85591600365727,558,1,8.91499996185303,35.0229988098145,0.0317730009555817,0.0167881175875664,107.773101806641,-85.9903,27.3723,41.7184227935718,63,63,63,63,61,63,0,7819,1.11328740596807,27,-86,0.001869,51,2026-04-21 12:21:08.001318,558,1.037,0.0011,"aoml_navis",1029.67184692532
"7901009",108,0,1,0.028035,1,0.005607,1,111.917719983868,1,4.85586329955492,560,1,8.88399982452393,35.0190010070801,0.0280349999666214,0.0134304938837886,107.921096801758,-85.9903,27.3723,41.7184227935718,63,63,63,63,61,63,0,7819,1.11328740596807,27,-86,0.001869,51,2026-04-21 12:21:08.001318,560,1.037,0.0011,"aoml_navis",1029.68302267864
"7901009",108,0,1,0.028035,1,0.005607,1,111.988555516169,1,4.85581341605893,562,1,8.86100006103516,35.015998840332,0.0280349999666214,0.0134304938837886,107.989402770996,-85.9903,27.3723,41.7184227935718,63,63,63,63,61,63,0,7819,1.11328740596807,27,-86,0.001869,51,2026-04-21 12:21:08.001318,562,1.037,0.0011,"aoml_navis",1029.69360055397
"7901009",108,0,1,0.024297,1,0.001869,1,112.017592308701,1,4.8557591708128,564,1,8.82800006866455,35.0120010375977,0.0242970008403063,0.0100728701800108,108.017402648926,-85.9903,27.3723,41.7184227935718,63,63,63,63,61,63,0,7819,1.11328740596807,27,-86,0.001869,51,2026-04-21 12:21:08.001318,564,1.037,0.0011,"aoml_navis",1029.70510359208
"7901009",108,0,1,0.028035,1,0.005607,1,112.003588188052,1,4.85569970358263,566,1,8.79300022125244,35.0089988708496,0.0280349999666214,0.0134304938837886,108.003898620605,-85.9903,27.3723,41.7184227935718,63,63,63,63,61,63,0,7819,1.11328740596807,27,-86,0.001869,51,2026-04-21 12:21:08.001318,566,1.037,0.0011,"aoml_navis",1029.71771427935
"7901009",108,0,1,0.028035,1,0.005607,1,111.819722787054,1,4.85565342869327,568,1,8.7790002822876,35.0069999694824,0.0280349999666214,0.0134304938837886,107.826599121094,-85.9903,27.3723,41.7184227935718,63,63,63,63,61,63,0,7819,1.11328740596807,27,-86,0.001869,51,2026-04-21 12:21:08.001318,568,1.037,0.0011,"aoml_navis",1029.72752759778
"7901009",108,0,1,0.033642,1,0.011214,1,111.590023560677,1,4.85559947823084,570,1,8.76000022888184,35.0060005187988,0.0336420014500618,0.018466928973794,107.605102539062,-85.9903,27.3723,41.7184227935718,63,63,63,63,61,63,0,7819,1.11328740596807,27,-86,0.001869,51,2026-04-21 12:21:08.001318,570,1.037,0.0011,"aoml_navis",1029.73896887842
"7901009",108,0,1,0.028035,1,0.005607,1,111.582863261701,1,4.85552761936681,572,1,8.71399974822998,35.0040016174316,0.0280349999666214,0.0134304938837886,107.598197937012,-85.9903,27.3723,41.7184227935718,63,63,63,63,61,63,0,7819,1.11328740596807,27,-86,0.001869,51,2026-04-21 12:21:08.001318,572,1.037,0.0011,"aoml_navis",1029.75420839065
"7901009",108,0,1,0.024297,1,0.001869,1,111.492746349726,1,4.85547549325302,574,1,8.6879997253418,35.0009994506836,0.0242970008403063,0.0100728701800108,107.511299133301,-85.9903,27.3723,41.7184227935718,63,63,63,63,61,63,0,7819,1.11328740596807,27,-86,0.001869,51,2026-04-21 12:21:08.001318,574,1.037,0.0011,"aoml_navis",1029.76526335017
"7901009",108,0,1,0.028035,1,0.005607,1,111.35564838215,1,4.85542032467692,576,1,8.67199993133545,35.0009994506836,0.0280349999666214,0.0134304938837886,107.379096984863,-85.9903,27.3723,41.7184227935718,63,63,63,63,61,63,0,7819,1.11328740596807,27,-86,0.001869,51,2026-04-21 12:21:08.001318,576,1.037,0.0011,"aoml_navis",1029.77696381676
"7901009",108,0,1,0.028035,1,0.005607,1,111.196776776141,1,4.85537074516319,578,1,8.66300010681152,35.0009994506836,0.0280349999666214,0.0134304938837886,107.225898742676,-85.9903,27.3723,41.7184227935718,63,63,63,63,61,63,0,7819,1.11328740596807,27,-86,0.001869,51,2026-04-21 12:21:08.001318,578,1.037,0.0011,"aoml_navis",1029.78747914995
"7901009",108,0,1,0.029904,1,0.007476,1,111.218969747,1,4.85531687671878,580,1,8.64400005340576,35,0.0299040004611015,0.0151093062013388,107.247299194336,-85.9903,27.3723,41.7184227935718,63,63,63,63,61,63,0,7819,1.11328740596807,27,-86,0.001869,51,2026-04-21 12:21:08.001318,580,1.037,0.0011,"aoml_navis",1029.79890436708
"7901009",108,0,1,0.029904,1,0.007476,1,111.282747835449,1,4.85526779689477,582,1,8.63099956512451,34.9990005493164,0.0299040004611015,0.0151093062013388,107.308799743652,-85.9903,27.3723,41.7184227935718,63,63,63,63,61,63,0,7819,1.11328740596807,27,-86,0.001869,51,2026-04-21 12:21:08.001318,582,1.037,0.0011,"aoml_navis",1029.80931416343
"7901009",108,0,1,0.026166,1,0.003738,1,111.49170988656,1,4.85521575050842,584,1,8.60499954223633,34.9959983825684,0.0261659994721413,0.0117516815662384,107.510299682617,-85.9903,27.3723,41.7184227935718,63,63,63,63,61,63,0,7819,1.11328740596807,27,-86,0.001869,51,2026-04-21 12:21:08.001318,584,1.037,0.0011,"aoml_navis",1029.8203533955
"7901009",108,0,1,0.026166,1,0.003738,1,111.668320045391,1,4.85516986779452,586,1,8.5959997177124,34.9949989318848,0.0261659994721413,0.0117516815662384,107.680603027344,-85.9903,27.3723,41.7184227935718,63,63,63,63,61,63,0,7819,1.11328740596807,27,-86,0.001869,51,2026-04-21 12:21:08.001318,586,1.037,0.0011,"aoml_navis",1029.83008548602
"7901009",108,0,1,0.028035,1,0.005607,1,111.923424487251,1,4.85512260454636,588,1,8.57600021362305,34.992000579834,0.0280349999666214,0.0134304938837886,107.926597595215,-85.9903,27.3723,41.7184227935718,63,63,63,63,61,63,0,7819,1.11328740596807,27,-86,0.001869,51,2026-04-21 12:21:08.001318,588,1.037,0.0011,"aoml_navis",1029.84011059123
"7901009",108,0,1,0.028035,1,0.005607,1,112.248327998245,1,4.85507695582443,590,1,8.55799961090088,34.9889984130859,0.0280349999666214,0.0134304938837886,108.239898681641,-85.9903,27.3723,41.7184227935718,63,63,63,63,61,63,0,7819,1.11328740596807,27,-86,0.001869,51,2026-04-21 12:21:08.001318,590,1.037,0.0011,"aoml_navis",1029.84979342124
"7901009",108,0,1,0.024297,1,0.001869,1,112.527603394108,1,4.85502151670842,592,1,8.52299976348877,34.9850006103516,0.0242970008403063,0.0100728701800108,108.509201049805,-85.9903,27.3723,41.7184227935718,63,63,63,63,61,63,0,7819,1.11328740596807,27,-86,0.001869,51,2026-04-21 12:21:08.001318,592,1.037,0.0011,"aoml_navis",1029.86155319655
"7901009",108,0,1,0.031773,1,0.009345,1,112.688033650833,1,4.85497009354544,594,1,8.49300003051758,34.9809989929199,0.0317730009555817,0.0167881175875664,108.663902282715,-85.9903,27.3723,41.7184227935718,63,63,63,63,61,63,0,7819,1.11328740596807,27,-86,0.001869,51,2026-04-21 12:21:08.001318,594,1.037,0.0011,"aoml_navis",1029.87246134582
"7901009",108,0,1,0.035511,1,0.013083,1,112.951026289466,1,4.85491238153952,596,1,8.45499992370605,34.9770011901855,0.0355109982192516,0.0201457403600216,108.917503356934,-85.9903,27.3723,41.7184227935718,63,63,63,63,61,63,0,7819,1.11328740596807,27,-86,0.001869,51,2026-04-21 12:21:08.001318,596,1.037,0.0011,"aoml_navis",1029.88470379242
"7901009",108,0,1,0.033642,1,0.011214,1,113.190267306523,1,4.85483797570531,598,1,8.39099979400635,34.9720001220703,0.0336420014500618,0.018466928973794,109.14820098877,-85.9903,27.3723,41.7184227935718,63,63,63,63,61,63,0,7819,1.11328740596807,27,-86,0.001869,51,2026-04-21 12:21:08.001318,598,1.037,0.0011,"aoml_navis",1029.90048793
"7901009",108,0,1,0.029904,1,0.007476,1,113.351211838865,1,4.85479033476538,600,1,8.375,34.9700012207031,0.0299040004611015,0.0151093062013388,109.303398132324,-85.9903,27.3723,41.7184227935718,63,63,63,63,61,63,0,7819,1.11328740596807,27,-86,0.001869,51,2026-04-21 12:21:08.001318,600,1.037,0.0011,"aoml_navis",1029.91059453068
"7901009",108,0,1,0.028035,1,0.005607,1,113.480635231848,1,4.85474271714165,602,1,8.35900020599365,34.9679985046387,0.0280349999666214,0.0134304938837886,109.428199768066,-85.9903,27.3723,41.7184227935718,63,63,63,63,61,63,0,7819,1.11328740596807,27,-86,0.001869,51,2026-04-21 12:21:08.001318,602,1.037,0.0011,"aoml_navis",1029.92069638324
"7901009",108,0,1,0.028035,1,0.005607,1,113.610992232874,1,4.85468913039104,604,1,8.32600021362305,34.9640007019043,0.0280349999666214,0.0134304938837886,109.553901672363,-85.9903,27.3723,41.7184227935718,63,63,63,63,61,63,0,7819,1.11328740596807,27,-86,0.001869,51,2026-04-21 12:21:08.001318,604,1.037,0.0011,"aoml_navis",1029.93206479469
"7901009",108,0,1,0.031773,1,0.009345,1,113.708680864318,1,4.85464098018174,606,1,8.31400012969971,34.9630012512207,0.0317730009555817,0.0167881175875664,109.648101806641,-85.9903,27.3723,41.7184227935718,63,63,63,63,61,63,0,7819,1.11328740596807,27,-86,0.001869,51,2026-04-21 12:21:08.001318,606,1.037,0.0011,"aoml_navis",1029.94228005978
"7901009",108,0,1,0.029904,1,0.007476,1,113.853034074061,1,4.85458401736375,608,1,8.28600025177002,34.9609985351562,0.0299040004611015,0.0151093062013388,109.787300109863,-85.9903,27.3723,41.7184227935718,63,63,63,63,61,63,0,7819,1.11328740596807,27,-86,0.001869,51,2026-04-21 12:21:08.001318,608,1.037,0.0011,"aoml_navis",1029.95436521773
"7901009",108,0,1,0.028035,1,0.005607,1,114.052660044739,1,4.85452818627048,610,1,8.25,34.9570007324219,0.0280349999666214,0.0134304938837886,109.979797363281,-85.9903,27.3723,41.7184227935718,63,63,63,63,61,63,0,7819,1.11328740596807,27,-86,0.001869,51,2026-04-21 12:21:08.001318,610,1.037,0.0011,"aoml_navis",1029.96621054564
"7901009",108,0,1,0.029904,1,0.007476,1,114.163727754159,1,4.8544736174895,612,1,8.22500038146973,34.9550018310547,0.0299040004611015,0.0151093062013388,110.086898803711,-85.9903,27.3723,41.7184227935718,63,63,63,63,61,63,0,7819,1.11328740596807,27,-86,0.001869,51,2026-04-21 12:21:08.001318,612,1.037,0.0011,"aoml_navis",1029.97778832008
"7901009",108,0,1,0.031773,1,0.009345,1,114.331104687681,1,4.85442375410301,614,1,8.20600032806396,34.9529991149902,0.0317730009555817,0.0167881175875664,110.24829864502,-85.9903,27.3723,41.7184227935718,63,63,63,63,61,63,0,7819,1.11328740596807,27,-86,0.001869,51,2026-04-21 12:21:08.001318,614,1.037,0.0011,"aoml_navis",1029.98836798579
"7901009",108,0,1,0.031773,1,0.009345,1,114.546807705342,1,4.85435562226243,616,1,8.1540002822876,34.9490013122559,0.0317730009555817,0.0167881175875664,110.456298828125,-85.9903,27.3723,41.7184227935718,63,63,63,63,61,63,0,7819,1.11328740596807,27,-86,0.001869,51,2026-04-21 12:21:08.001318,616,1.037,0.0011,"aoml_navis",1030.0028240761
"7901009",108,0,1,0.033642,1,0.011214,1,114.702261356481,1,4.85430271093908,618,1,8.13099956512451,34.9469985961914,0.0336420014500618,0.018466928973794,110.606201171875,-85.9903,27.3723,41.7184227935718,63,63,63,63,61,63,0,7819,1.11328740596807,27,-86,0.001869,51,2026-04-21 12:21:08.001318,618,1.037,0.0011,"aoml_navis",1030.01405098462
"7901009",108,0,1,0.031773,1,0.009345,1,114.808763880808,1,4.8542600645508,620,1,8.12600040435791,34.9459991455078,0.0317730009555817,0.0167881175875664,110.70890045166,-85.9903,27.3723,41.7184227935718,63,63,63,63,61,63,0,7819,1.11328740596807,27,-86,0.001869,51,2026-04-21 12:21:08.001318,620,1.037,0.0011,"aoml_navis",1030.02310002167
"7901009",108,0,1,0.028035,1,0.005607,1,115.082018295984,1,4.85420774675616,622,1,8.09899997711182,34.943000793457,0.0280349999666214,0.0134304938837886,110.972396850586,-85.9903,27.3723,41.7184227935718,63,63,63,63,61,63,0,7819,1.11328740596807,27,-86,0.001869,51,2026-04-21 12:21:08.001318,622,1.037,0.0011,"aoml_navis",1030.03420142891
"7901009",108,0,1,0.031773,1,0.009345,1,115.412317744991,1,4.85414234943544,624,1,8.05500030517578,34.939998626709,0.0317730009555817,0.0167881175875664,111.290901184082,-85.9903,27.3723,41.7184227935718,63,63,63,63,61,63,0,7819,1.11328740596807,27,-86,0.001869,51,2026-04-21 12:21:08.001318,624,1.037,0.0011,"aoml_navis",1030.0480785409
"7901009",108,0,1,0.033642,1,0.011214,1,115.617236798559,1,4.85409609960048,626,1,8.0310001373291,34.9360008239746,0.0336420014500618,0.018466928973794,111.488502502441,-85.9903,27.3723,41.7184227935718,63,63,63,63,61,63,0,7819,1.11328740596807,27,-86,0.001869,51,2026-04-21 12:21:08.001318,626,1.037,0.0011,"aoml_navis",1030.05789284055
"7901009",108,0,1,0.028035,1,0.005607,1,115.887484679358,1,4.85402391232563,628,1,7.97800016403198,34.9329986572266,0.0280349999666214,0.0134304938837886,111.749099731445,-85.9903,27.3723,41.7184227935718,63,63,63,63,61,63,0,7819,1.11328740596807,27,-86,0.001869,51,2026-04-21 12:21:08.001318,628,1.037,0.0011,"aoml_navis",1030.07321148619
"7901009",108,0,1,0.028035,1,0.005607,1,115.905428942427,1,4.85397974681447,630,1,7.97100019454956,34.931999206543,0.0280349999666214,0.0134304938837886,111.766403198242,-85.9903,27.3723,41.7184227935718,63,63,63,63,61,63,0,7819,1.11328740596807,27,-86,0.001869,51,2026-04-21 12:21:08.001318,630,1.037,0.0011,"aoml_navis",1030.08258394184
"7901009",108,0,1,0.028035,1,0.005607,1,116.069688574517,1,4.85393558356289,632,1,7.96400022506714,34.9309997558594,0.0280349999666214,0.0134304938837886,111.924797058105,-85.9903,27.3723,41.7184227935718,63,63,63,63,61,63,0,7819,1.11328740596807,27,-86,0.001869,51,2026-04-21 12:21:08.001318,632,1.037,0.0011,"aoml_navis",1030.09195608853
"7901009",108,0,1,0.029904,1,0.007476,1,116.220577040563,1,4.85388359322204,634,1,7.94199991226196,34.9290008544922,0.0299040004611015,0.0151093062013388,112.070297241211,-85.9903,27.3723,41.7184227935718,63,63,63,63,61,63,0,7819,1.11328740596807,27,-86,0.001869,51,2026-04-21 12:21:08.001318,634,1.037,0.0011,"aoml_navis",1030.10298948701
"7901009",108,0,1,0.028035,1,0.005607,1,116.344398785286,1,4.85383867035624,636,1,7.93400001525879,34.9280014038086,0.0280349999666214,0.0134304938837886,112.189697265625,-85.9903,27.3723,41.7184227935718,63,63,63,63,61,63,0,7819,1.11328740596807,27,-86,0.001869,51,2026-04-21 12:21:08.001318,636,1.037,0.0011,"aoml_navis",1030.11252321516
"7901009",108,0,1,0.031773,1,0.009345,1,116.559998947823,1,4.85378595244312,638,1,7.91099977493286,34.9259986877441,0.0317730009555817,0.0167881175875664,112.397598266602,-85.9903,27.3723,41.7184227935718,63,63,63,63,61,63,0,7819,1.11328740596807,27,-86,0.001869,51,2026-04-21 12:21:08.001318,638,1.037,0.0011,"aoml_navis",1030.1237114676
"7901009",108,0,1,0.031773,1,0.009345,1,116.848396801939,1,4.85372163591851,640,1,7.86800003051758,34.9230003356934,0.0317730009555817,0.0167881175875664,112.67569732666,-85.9903,27.3723,41.7184227935718,63,63,63,63,61,63,0,7819,1.11328740596807,27,-86,0.001869,51,2026-04-21 12:21:08.001318,640,1.037,0.0011,"aoml_navis",1030.13736160702
"7901009",108,0,1,0.026166,1,0.003738,1,117.060365387426,1,4.85365741152456,642,1,7.82499980926514,34.9199981689453,0.0261659994721413,0.0117516815662384,112.880096435547,-85.9903,27.3723,41.7184227935718,63,63,63,63,61,63,0,7819,1.11328740596807,27,-86,0.001869,51,2026-04-21 12:21:08.001318,642,1.037,0.0011,"aoml_navis",1030.15099255418
"7901009",108,0,1,0.028035,1,0.005607,1,117.215716183442,1,4.85360249657181,644,1,7.79899978637695,34.9179992675781,0.0280349999666214,0.0134304938837886,113.029899597168,-85.9903,27.3723,41.7184227935718,63,63,63,63,61,63,0,7819,1.11328740596807,27,-86,0.001869,51,2026-04-21 12:21:08.001318,644,1.037,0.0011,"aoml_navis",1030.16264795718
"7901009",108,0,1,0.029904,1,0.007476,1,117.2814643431,1,4.85355380703864,646,1,7.78599977493286,34.9169998168945,0.0299040004611015,0.0151093062013388,113.093299865723,-85.9903,27.3723,41.7184227935718,63,63,63,63,61,63,0,7819,1.11328740596807,27,-86,0.001869,51,2026-04-21 12:21:08.001318,646,1.037,0.0011,"aoml_navis",1030.17298226899
"7901009",108,0,1,0.033642,1,0.011214,1,117.387341824754,1,4.8535051235286,648,1,7.77299976348877,34.9160003662109,0.0336420014500618,0.018466928973794,113.19539642334,-85.9903,27.3723,41.7184227935718,63,63,63,63,61,63,0,7819,1.11328740596807,27,-86,0.001869,51,2026-04-21 12:21:08.001318,648,1.037,0.0011,"aoml_navis",1030.1833155097
"7901009",108,0,1,0.031773,1,0.009345,1,117.436292951566,1,4.85345884253607,650,1,7.76800012588501,34.9160003662109,0.0317730009555817,0.0167881175875664,113.242599487305,-85.9903,27.3723,41.7184227935718,63,63,63,63,61,63,0,7819,1.11328740596807,27,-86,0.001869,51,2026-04-21 12:21:08.001318,650,1.037,0.0011,"aoml_navis",1030.1931390001
"7901009",108,0,1,0.028035,1,0.005607,1,117.592055168075,1,4.85340713056163,652,1,7.75099992752075,34.9150009155273,0.0280349999666214,0.0134304938837886,113.392799377441,-85.9903,27.3723,41.7184227935718,63,63,63,63,61,63,0,7819,1.11328740596807,27,-86,0.001869,51,2026-04-21 12:21:08.001318,652,1.037,0.0011,"aoml_navis",1030.20411547906
"7901009",108,0,1,0.031773,1,0.009345,1,117.804443085988,1,4.85335078385079,654,1,7.72300004959106,34.9129981994629,0.0317730009555817,0.0167881175875664,113.597602844238,-85.9903,27.3723,41.7184227935718,63,63,63,63,61,63,0,7819,1.11328740596807,27,-86,0.001869,51,2026-04-21 12:21:08.001318,654,1.037,0.0011,"aoml_navis",1030.216076002
"7901009",108,0,1,0.024297,1,0.001869,1,117.899125183056,1,4.8533027802803,656,1,7.70599985122681,34.9109992980957,0.0242970008403063,0.0100728701800108,113.688903808594,-85.9903,27.3723,41.7184227935718,63,63,63,63,61,63,0,7819,1.11328740596807,27,-86,0.001869,51,2026-04-21 12:21:08.001318,656,1.037,0.0011,"aoml_navis",1030.22626577426
"7901009",108,0,1,0.028035,1,0.005607,1,118.068155710485,1,4.85324883773973,658,1,7.68599987030029,34.9099998474121,0.0280349999666214,0.0134304938837886,113.851898193359,-85.9903,27.3723,41.7184227935718,63,63,63,63,61,63,0,7819,1.11328740596807,27,-86,0.001869,51,2026-04-21 12:21:08.001318,658,1.037,0.0011,"aoml_navis",1030.23771645894
"7901009",108,0,1,0.031773,1,0.009345,1,118.266855985052,1,4.8531941545182,660,1,7.66499996185303,34.9090003967285,0.0317730009555817,0.0167881175875664,114.043502807617,-85.9903,27.3723,41.7184227935718,63,63,63,63,61,63,0,7819,1.11328740596807,27,-86,0.001869,51,2026-04-21 12:21:08.001318,660,1.037,0.0011,"aoml_navis",1030.24932463193
"7901009",108,0,1,0.029904,1,0.007476,1,118.528598538339,1,4.85313562348736,662,1,7.63399982452393,34.9070014953613,0.0299040004611015,0.0151093062013388,114.2958984375,-85.9903,27.3723,41.7184227935718,63,63,63,63,61,63,0,7819,1.11328740596807,27,-86,0.001869,51,2026-04-21 12:21:08.001318,662,1.037,0.0011,"aoml_navis",1030.26174990904
"7901009",108,0,1,0.029904,1,0.007476,1,118.744507266246,1,4.85308024260996,664,1,7.61199998855591,34.9059982299805,0.0299040004611015,0.0151093062013388,114.504096984863,-85.9903,27.3723,41.7184227935718,63,63,63,63,61,63,0,7819,1.11328740596807,27,-86,0.001869,51,2026-04-21 12:21:08.001318,664,1.037,0.0011,"aoml_navis",1030.27350673086
"7901009",108,0,1,0.029904,1,0.007476,1,119.100631263163,1,4.8530225286768,666,1,7.58199977874756,34.9039993286133,0.0299040004611015,0.0151093062013388,114.847503662109,-85.9903,27.3723,41.7184227935718,63,63,63,63,61,63,0,7819,1.11328740596807,27,-86,0.001869,51,2026-04-21 12:21:08.001318,666,1.037,0.0011,"aoml_navis",1030.28575912325
"7901009",108,0,1,0.031773,1,0.009345,1,119.482563984123,1,4.85295802710406,668,1,7.53800010681152,34.9010009765625,0.0317730009555817,0.0167881175875664,115.215797424316,-85.9903,27.3723,41.7184227935718,63,63,63,63,61,63,0,7819,1.11328740596807,27,-86,0.001869,51,2026-04-21 12:21:08.001318,668,1.037,0.0011,"aoml_navis",1030.29945284396
"7901009",108,0,1,0.026166,1,0.003738,1,119.775012747714,1,4.8529064601476,670,1,7.52099990844727,34.9000015258789,0.0261659994721413,0.0117516815662384,115.497802734375,-85.9903,27.3723,41.7184227935718,63,63,63,63,61,63,0,7819,1.11328740596807,27,-86,0.001869,51,2026-04-21 12:21:08.001318,670,1.037,0.0011,"aoml_navis",1030.31040080009
"7901009",108,0,1,0.022428,1,0,1,120.089955135602,1,4.85283535903085,672,1,7.46799993515015,34.8969993591309,0.0224280003458261,0.00839405879378319,115.801498413086,-85.9903,27.3723,41.7184227935718,63,63,63,63,61,63,0,7819,1.11328740596807,27,-86,0.001869,51,2026-04-21 12:21:08.001318,672,1.037,0.0011,"aoml_navis",1030.32549635035
"7901009",108,0,1,0.033642,1,0.011214,1,120.371406312921,1,4.85277115736846,674,1,7.43400001525879,34.8959999084473,0.0336420014500618,0.018466928973794,116.072898864746,-85.9903,27.3723,41.7184227935718,63,63,63,63,61,63,0,7819,1.11328740596807,27,-86,0.001869,51,2026-04-21 12:21:08.001318,674,1.037,0.0011,"aoml_navis",1030.33912745051
"7901009",108,0,1,0.033642,1,0.011214,1,120.557969682926,1,4.85272482838508,676,1,7.41900014877319,34.8940010070801,0.0336420014500618,0.018466928973794,116.252799987793,-85.9903,27.3723,41.7184227935718,63,63,63,63,61,63,0,7819,1.11328740596807,27,-86,0.001869,51,2026-04-21 12:21:08.001318,676,1.037,0.0011,"aoml_navis",1030.34896410228
"7901009",108,0,1,0.026166,1,0.003738,1,120.843052437295,1,4.85267408115014,678,1,7.40299987792969,34.8930015563965,0.0261659994721413,0.0117516815662384,116.527702331543,-85.9903,27.3723,41.7184227935718,63,63,63,63,61,63,0,7819,1.11328740596807,27,-86,0.001869,51,2026-04-21 12:21:08.001318,678,1.037,0.0011,"aoml_navis",1030.3597390606
"7901009",108,0,1,0.035511,1,0.013083,1,121.15395182764,1,4.8526077516061,680,1,7.36600017547607,34.8919982910156,0.0355109982192516,0.0201457403600216,116.827499389648,-85.9903,27.3723,41.7184227935718,63,63,63,63,61,63,0,7819,1.11328740596807,27,-86,0.001869,51,2026-04-21 12:21:08.001318,680,1.037,0.0011,"aoml_navis",1030.37382288835
"7901009",108,0,1,0.029904,1,0.007476,1,121.405124039012,1,4.85255478316316,682,1,7.34200000762939,34.8899993896484,0.0299040004611015,0.0151093062013388,117.069702148438,-85.9903,27.3723,41.7184227935718,63,63,63,63,61,63,0,7819,1.11328740596807,27,-86,0.001869,51,2026-04-21 12:21:08.001318,682,1.037,0.0011,"aoml_navis",1030.38507001475
"7901009",108,0,1,0.031773,1,0.009345,1,121.598111898264,1,4.85249075127491,684,1,7.30800008773804,34.8889999389648,0.0317730009555817,0.0167881175875664,117.255798339844,-85.9903,27.3723,41.7184227935718,63,63,63,63,61,63,0,7819,1.11328740596807,27,-86,0.001869,51,2026-04-21 12:21:08.001318,684,1.037,0.0011,"aoml_navis",1030.3986666407
"7901009",108,0,1,0.031773,1,0.009345,1,121.794011348702,1,4.85243119913884,686,1,7.28000020980835,34.8880004882812,0.0317730009555817,0.0167881175875664,117.444702148438,-85.9903,27.3723,41.7184227935718,63,63,63,63,61,63,0,7819,1.11328740596807,27,-86,0.001869,51,2026-04-21 12:21:08.001318,686,1.037,0.0011,"aoml_navis",1030.4113123515
"7901009",108,0,1,0.029904,1,0.007476,1,121.886826229682,1,4.85238349828895,688,1,7.27299976348877,34.8880004882812,0.0299040004611015,0.0151093062013388,117.534202575684,-85.9903,27.3723,41.7184227935718,63,63,63,63,61,63,0,7819,1.11328740596807,27,-86,0.001869,51,2026-04-21 12:21:08.001318,688,1.037,0.0011,"aoml_navis",1030.42144170243
"7901009",108,0,1,0.029904,1,0.007476,1,122.006810687109,1,4.85233136965326,690,1,7.26000022888184,34.8880004882812,0.0299040004611015,0.0151093062013388,117.64990234375,-85.9903,27.3723,41.7184227935718,63,63,63,63,61,63,0,7819,1.11328740596807,27,-86,0.001869,51,2026-04-21 12:21:08.001318,690,1.037,0.0011,"aoml_navis",1030.43251152843
"7901009",108,0,1,0.029904,1,0.007476,1,122.236929245913,1,4.8522851426839,692,1,7.25,34.8870010375977,0.0299040004611015,0.0151093062013388,117.871803283691,-85.9903,27.3723,41.7184227935718,63,63,63,63,61,63,0,7819,1.11328740596807,27,-86,0.001869,51,2026-04-21 12:21:08.001318,692,1.037,0.0011,"aoml_navis",1030.44232829944
"7901009",108,0,1,0.028035,1,0.005607,1,122.4882992556,1,4.85223080799569,694,1,7.22900009155273,34.8860015869141,0.0280349999666214,0.0134304938837886,118.114196777344,-85.9903,27.3723,41.7184227935718,63,63,63,63,61,63,0,7819,1.11328740596807,27,-86,0.001869,51,2026-04-21 12:21:08.001318,694,1.037,0.0011,"aoml_navis",1030.45386706684
"7901009",108,0,1,0.026166,1,0.003738,1,122.746315288646,1,4.85217503115648,696,1,7.20599985122681,34.8849983215332,0.0261659994721413,0.0117516815662384,118.362998962402,-85.9903,27.3723,41.7184227935718,63,63,63,63,61,63,0,7819,1.11328740596807,27,-86,0.001869,51,2026-04-21 12:21:08.001318,696,1.037,0.0011,"aoml_navis",1030.46571236493
"7901009",108,0,1,0.028035,1,0.005607,1,122.982344061079,1,4.85211926774748,698,1,7.17799997329712,34.882999420166,0.0280349999666214,0.0134304938837886,118.590599060059,-85.9903,27.3723,41.7184227935718,63,63,63,63,61,63,0,7819,1.11328740596807,27,-86,0.001869,51,2026-04-21 12:21:08.001318,698,1.037,0.0011,"aoml_navis",1030.47755508309
"7901009",108,0,1,0.029904,1,0.007476,1,123.05462747704,1,4.85207159045353,700,1,7.1710000038147,34.882999420166,0.0299040004611015,0.0151093062013388,118.660301208496,-85.9903,27.3723,41.7184227935718,63,63,63,63,61,63,0,7819,1.11328740596807,27,-86,0.001869,51,2026-04-21 12:21:08.001318,700,1.037,0.0011,"aoml_navis",1030.48768073363
"7901009",108,0,1,0.028035,1,0.005607,1,123.18508733319,1,4.85203200694913,702,1,7.17000007629395,34.8819999694824,0.0280349999666214,0.0134304938837886,118.786102294922,-85.9903,27.3723,41.7184227935718,63,63,63,63,61,63,0,7819,1.11328740596807,27,-86,0.001869,51,2026-04-21 12:21:08.001318,702,1.037,0.0011,"aoml_navis",1030.49608758536
"7901009",108,0,1,0.035511,1,0.013083,1,123.367085518102,1,4.851979925368,704,1,7.15700006484985,34.8819999694824,0.0355109982192516,0.0201457403600216,118.961601257324,-85.9903,27.3723,41.7184227935718,63,63,63,63,61,63,0,7819,1.11328740596807,27,-86,0.001869,51,2026-04-21 12:21:08.001318,704,1.037,0.0011,"aoml_navis",1030.50714902139
"7901009",108,0,1,0.031773,1,0.009345,1,123.553546032983,1,4.85193006439406,706,1,7.14200019836426,34.8810005187988,0.0317730009555817,0.0167881175875664,119.141403198242,-85.9903,27.3723,41.7184227935718,63,63,63,63,61,63,0,7819,1.11328740596807,27,-86,0.001869,51,2026-04-21 12:21:08.001318,706,1.037,0.0011,"aoml_navis",1030.51773905246
"7901009",108,0,1,0.026166,1,0.003738,1,123.798902973917,1,4.85188241167282,708,1,7.13000011444092,34.8800010681152,0.0261659994721413,0.0117516815662384,119.377998352051,-85.9903,27.3723,41.7184227935718,63,63,63,63,61,63,0,7819,1.11328740596807,27,-86,0.001869,51,2026-04-21 12:21:08.001318,708,1.037,0.0011,"aoml_navis",1030.52786027354
"7901009",108,0,1,0.031773,1,0.009345,1,124.04644360824,1,4.85181496474136,710,1,7.09600019454956,34.8800010681152,0.0317730009555817,0.0167881175875664,119.61669921875,-85.9903,27.3723,41.7184227935718,63,63,63,63,61,63,0,7819,1.11328740596807,27,-86,0.001869,51,2026-04-21 12:21:08.001318,710,1.037,0.0011,"aoml_navis",1030.54218603461
"7901009",108,0,1,0.033642,1,0.011214,1,124.292322736723,1,4.85175633449355,712,1,7.07399988174438,34.8800010681152,0.0336420014500618,0.018466928973794,119.853797912598,-85.9903,27.3723,41.7184227935718,63,63,63,63,61,63,0,7819,1.11328740596807,27,-86,0.001869,51,2026-04-21 12:21:08.001318,712,1.037,0.0011,"aoml_navis",1030.55463945139
"7901009",108,0,1,0.029904,1,0.007476,1,124.465720650931,1,4.85170283570125,714,1,7.05900001525879,34.8800010681152,0.0299040004611015,0.0151093062013388,120.021003723145,-85.9903,27.3723,41.7184227935718,63,63,63,63,61,63,0,7819,1.11328740596807,27,-86,0.001869,51,2026-04-21 12:21:08.001318,714,1.037,0.0011,"aoml_navis",1030.56600317882
"7901009",108,0,1,0.031773,1,0.009345,1,124.662237232109,1,4.85166033042311,716,1,7.05399990081787,34.8790016174316,0.0317730009555817,0.0167881175875664,120.210502624512,-85.9903,27.3723,41.7184227935718,63,63,63,63,61,63,0,7819,1.11328740596807,27,-86,0.001869,51,2026-04-21 12:21:08.001318,716,1.037,0.0011,"aoml_navis",1030.57503194251
"7901009",108,0,1,0.031773,1,0.009345,1,124.923568364902,1,4.85161195318716,718,1,7.0460000038147,34.8790016174316,0.0317730009555817,0.0167881175875664,120.462501525879,-85.9903,27.3723,41.7184227935718,63,63,63,63,61,63,0,7819,1.11328740596807,27,-86,0.001869,51,2026-04-21 12:21:08.001318,718,1.037,0.0011,"aoml_navis",1030.5853081913
"7901009",108,0,1,0.029904,1,0.007476,1,125.23509279792,1,4.85156289552151,720,1,7.03200006484985,34.8779983520508,0.0299040004611015,0.0151093062013388,120.762901306152,-85.9903,27.3723,41.7184227935718,63,63,63,63,61,63,0,7819,1.11328740596807,27,-86,0.001869,51,2026-04-21 12:21:08.001318,720,1.037,0.0011,"aoml_navis",1030.59572918564
"7901009",108,0,1,0.026166,1,0.003738,1,125.60458796088,1,4.85151313855222,722,1,7.01200008392334,34.8759994506836,0.0261659994721413,0.0117516815662384,121.119201660156,-85.9903,27.3723,41.7184227935718,63,63,63,63,61,63,0,7819,1.11328740596807,27,-86,0.001869,51,2026-04-21 12:21:08.001318,722,1.037,0.0011,"aoml_navis",1030.60629894369
"7901009",108,0,1,0.028035,1,0.005607,1,126.005920740502,1,4.85144293118928,724,1,6.97399997711182,34.8759994506836,0.0280349999666214,0.0134304938837886,121.506202697754,-85.9903,27.3723,41.7184227935718,63,63,63,63,61,63,0,7819,1.11328740596807,27,-86,0.001869,51,2026-04-21 12:21:08.001318,724,1.037,0.0011,"aoml_navis",1030.62121330041
"7901009",108,0,1,0.029904,1,0.007476,1,126.251071971189,1,4.85137796863077,726.099975585938,1,6.94099998474121,34.875,0.0299040004611015,0.0151093062013388,121.742599487305,-85.9903,27.3723,41.7184227935718,63,63,63,63,61,63,0,7819,1.11328740596807,27,-86,0.001869,51,2026-04-21 12:21:08.001318,726.099975585938,1.037,0.0011,"aoml_navis",1030.63501387239
"7901009",108,0,1,0.029904,1,0.007476,1,126.354670816263,1,4.85133252716002,728,1,6.92899990081787,34.8740005493164,0.0299040004611015,0.0151093062013388,121.842498779297,-85.9903,27.3723,41.7184227935718,63,63,63,63,61,63,0,7819,1.11328740596807,27,-86,0.001869,51,2026-04-21 12:21:08.001318,728,1.037,0.0011,"aoml_navis",1030.6446676264
"7901009",108,0,1,0.028035,1,0.005607,1,126.458475371583,1,4.85128708320979,730,1,6.92500019073486,34.8740005493164,0.0280349999666214,0.0134304938837886,121.942596435547,-85.9903,27.3723,41.7184227935718,63,63,63,63,61,63,0,7819,1.11328740596807,27,-86,0.001869,51,2026-04-21 12:21:08.001318,730,1.037,0.0011,"aoml_navis",1030.65432208803
"7901009",108,0,1,0.029904,1,0.007476,1,126.709236162463,1,4.85124091537707,732,1,6.92000007629395,34.8740005493164,0.0299040004611015,0.0151093062013388,122.18440246582,-85.9903,27.3723,41.7184227935718,63,63,63,63,61,63,0,7819,1.11328740596807,27,-86,0.001869,51,2026-04-21 12:21:08.001318,732,1.037,0.0011,"aoml_navis",1030.66413052203
"7901009",108,0,1,0.031773,1,0.009345,1,127.069600955236,1,4.8511919066396,734,1,6.9060001373291,34.8730010986328,0.0317730009555817,0.0167881175875664,122.531898498535,-85.9903,27.3723,41.7184227935718,63,63,63,63,61,63,0,7819,1.11328740596807,27,-86,0.001869,51,2026-04-21 12:21:08.001318,734,1.037,0.0011,"aoml_navis",1030.67454271531
"7901009",108,0,1,0.028035,1,0.005607,1,127.41586668417,1,4.85112191887963,736,1,6.86299991607666,34.8720016479492,0.0280349999666214,0.0134304938837886,122.865798950195,-85.9903,27.3723,41.7184227935718,63,63,63,63,61,63,0,7819,1.11328740596807,27,-86,0.001869,51,2026-04-21 12:21:08.001318,736,1.037,0.0011,"aoml_navis",1030.68941238953
"7901009",108,0,1,0.029904,1,0.007476,1,127.616220552645,1,4.85106853319882,738,1,6.84800004959106,34.8720016479492,0.0299040004611015,0.0151093062013388,123.05899810791,-85.9903,27.3723,41.7184227935718,63,63,63,63,61,63,0,7819,1.11328740596807,27,-86,0.001869,51,2026-04-21 12:21:08.001318,738,1.037,0.0011,"aoml_navis",1030.70075505674
"7901009",108,0,1,0.026166,1,0.003738,1,127.840017477325,1,4.8510231847584,740,1,6.83900022506714,34.8709983825684,0.0261659994721413,0.0117516815662384,123.274803161621,-85.9903,27.3723,41.7184227935718,63,63,63,63,61,63,0,7819,1.11328740596807,27,-86,0.001869,51,2026-04-21 12:21:08.001318,740,1.037,0.0011,"aoml_navis",1030.71039027595
"7901009",108,0,1,0.029904,1,0.007476,1,128.186069584079,1,4.85096331946305,742,1,6.81500005722046,34.8709983825684,0.0299040004611015,0.0151093062013388,123.608497619629,-85.9903,27.3723,41.7184227935718,63,63,63,63,61,63,0,7819,1.11328740596807,27,-86,0.001869,51,2026-04-21 12:21:08.001318,742,1.037,0.0011,"aoml_navis",1030.72311017875
"7901009",108,0,1,0.029904,1,0.007476,1,128.373463707004,1,4.8509020360363,744,1,6.78900003433228,34.8709983825684,0.0299040004611015,0.0151093062013388,123.789199829102,-85.9903,27.3723,41.7184227935718,63,63,63,63,61,63,0,7819,1.11328740596807,27,-86,0.001869,51,2026-04-21 12:21:08.001318,744,1.037,0.0011,"aoml_navis",1030.7361317248
"7901009",108,0,1,0.033642,1,0.011214,1,128.495726801011,1,4.85085588704174,746,1,6.78399991989136,34.8709983825684,0.0336420014500618,0.018466928973794,123.907096862793,-85.9903,27.3723,41.7184227935718,63,63,63,63,61,63,0,7819,1.11328740596807,27,-86,0.001869,51,2026-04-21 12:21:08.001318,746,1.037,0.0011,"aoml_navis",1030.74593771311
"7901009",108,0,1,0.031773,1,0.009345,1,128.690486933158,1,4.85081414352343,748,1,6.78000020980835,34.8699989318848,0.0317730009555817,0.0167881175875664,124.094902038574,-85.9903,27.3723,41.7184227935718,63,63,63,63,61,63,0,7819,1.11328740596807,27,-86,0.001869,51,2026-04-21 12:21:08.001318,748,1.037,0.0011,"aoml_navis",1030.75480776268
"7901009",108,0,1,0.031773,1,0.009345,1,128.945282809648,1,4.85075864374939,750,1,6.76200008392334,34.8699989318848,0.0317730009555817,0.0167881175875664,124.340599060059,-85.9903,27.3723,41.7184227935718,63,63,63,63,61,63,0,7819,1.11328740596807,27,-86,0.001869,51,2026-04-21 12:21:08.001318,750,1.037,0.0011,"aoml_navis",1030.76660110536
"7901009",108,0,1,0.031773,1,0.009345,1,129.236481487893,1,4.85070746791463,752,1,6.75,34.8699989318848,0.0317730009555817,0.0167881175875664,124.621398925781,-85.9903,27.3723,41.7184227935718,63,63,63,63,61,63,0,7819,1.11328740596807,27,-86,0.001869,51,2026-04-21 12:21:08.001318,752,1.037,0.0011,"aoml_navis",1030.77747587808
"7901009",108,0,1,0.028035,1,0.005607,1,129.60981393815,1,4.8506549528033,754,1,6.73099994659424,34.8689994812012,0.0280349999666214,0.0134304938837886,124.981399536133,-85.9903,27.3723,41.7184227935718,63,63,63,63,61,63,0,7819,1.11328740596807,27,-86,0.001869,51,2026-04-21 12:21:08.001318,754,1.037,0.0011,"aoml_navis",1030.78863548321
"7901009",108,0,1,0.029904,1,0.007476,1,129.878819645536,1,4.85059518132246,756,1,6.70699977874756,34.8689994812012,0.0299040004611015,0.0151093062013388,125.240798950195,-85.9903,27.3723,41.7184227935718,63,63,63,63,61,63,0,7819,1.11328740596807,27,-86,0.001869,51,2026-04-21 12:21:08.001318,756,1.037,0.0011,"aoml_navis",1030.80133738079
"7901009",108,0,1,0.028035,1,0.005607,1,129.984079996449,1,4.8505491457217,758,1,6.69700002670288,34.8680000305176,0.0280349999666214,0.0134304938837886,125.342300415039,-85.9903,27.3723,41.7184227935718,63,63,63,63,61,63,0,7819,1.11328740596807,27,-86,0.001869,51,2026-04-21 12:21:08.001318,758,1.037,0.0011,"aoml_navis",1030.81112051202
"7901009",108,0,1,0.029904,1,0.007476,1,130.099190703413,1,4.85050229629583,760,1,6.69099998474121,34.8680000305176,0.0299040004611015,0.0151093062013388,125.453300476074,-85.9903,27.3723,41.7184227935718,63,63,63,63,61,63,0,7819,1.11328740596807,27,-86,0.001869,51,2026-04-21 12:21:08.001318,760,1.037,0.0011,"aoml_navis",1030.82107678175
"7901009",108,0,1,0.029904,1,0.007476,1,130.292075707541,1,4.85045401599537,762,1,6.68300008773804,34.8680000305176,0.0299040004611015,0.0151093062013388,125.639297485352,-85.9903,27.3723,41.7184227935718,63,63,63,63,61,63,0,7819,1.11328740596807,27,-86,0.001869,51,2026-04-21 12:21:08.001318,762,1.037,0.0011,"aoml_navis",1030.83133733697
"7901009",108,0,1,0.029904,1,0.007476,1,130.467752258329,1,4.85040144169176,764,1,6.66900014877319,34.8680000305176,0.0299040004611015,0.0151093062013388,125.808700561523,-85.9903,27.3723,41.7184227935718,63,63,63,63,61,63,0,7819,1.11328740596807,27,-86,0.001869,51,2026-04-21 12:21:08.001318,764,1.037,0.0011,"aoml_navis",1030.84251068836
"7901009",108,0,1,0.029904,1,0.007476,1,130.689262634496,1,4.85034815858242,766,1,6.65399980545044,34.8680000305176,0.0299040004611015,0.0151093062013388,126.022300720215,-85.9903,27.3723,41.7184227935718,63,63,63,63,61,63,0,7819,1.11328740596807,27,-86,0.001869,51,2026-04-21 12:21:08.001318,766,1.037,0.0011,"aoml_navis",1030.8538349258
"7901009",108,0,1,0.031773,1,0.009345,1,130.79794094028,1,4.85030285723921,768,1,6.64499998092651,34.867000579834,0.0317730009555817,0.0167881175875664,126.127098083496,-85.9903,27.3723,41.7184227935718,63,63,63,63,61,63,0,7819,1.11328740596807,27,-86,0.001869,51,2026-04-21 12:21:08.001318,768,1.037,0.0011,"aoml_navis",1030.86346299744
"7901009",108,0,1,0.029904,1,0.007476,1,130.925394262053,1,4.85025673530195,770,1,6.6399998664856,34.867000579834,0.0299040004611015,0.0151093062013388,126.25,-85.9903,27.3723,41.7184227935718,63,63,63,63,61,63,0,7819,1.11328740596807,27,-86,0.001869,51,2026-04-21 12:21:08.001318,770,1.037,0.0011,"aoml_navis",1030.87326565791
"7901009",108,0,1,0.028035,1,0.005607,1,131.088625342908,1,4.85020704098267,772,1,6.63000011444092,34.867000579834,0.0280349999666214,0.0134304938837886,126.407402038574,-85.9903,27.3723,41.7184227935718,63,63,63,63,61,63,0,7819,1.11328740596807,27,-86,0.001869,51,2026-04-21 12:21:08.001318,772,1.037,0.0011,"aoml_navis",1030.88382779366
"7901009",108,0,1,0.028035,1,0.005607,1,131.27850381266,1,4.850158779291,774,1,6.62200021743774,34.867000579834,0.0280349999666214,0.0134304938837886,126.59049987793,-85.9903,27.3723,41.7184227935718,63,63,63,63,61,63,0,7819,1.11328740596807,27,-86,0.001869,51,2026-04-21 12:21:08.001318,774,1.037,0.0011,"aoml_navis",1030.89408564288
"7901009",108,0,1,0.029904,1,0.007476,1,131.551758227836,1,4.85010980562826,776,1,6.61299991607666,34.867000579834,0.0299040004611015,0.0151093062013388,126.853996276855,-85.9903,27.3723,41.7184227935718,63,63,63,63,61,63,0,7819,1.11328740596807,27,-86,0.001869,51,2026-04-21 12:21:08.001318,776,1.037,0.0011,"aoml_navis",1030.90449502768
"7901009",108,0,1,0.029904,1,0.007476,1,131.865980629861,1,4.85005441064011,778,1,6.59499979019165,34.867000579834,0.0299040004611015,0.0151093062013388,127.156997680664,-85.9903,27.3723,41.7184227935718,63,63,63,63,61,63,0,7819,1.11328740596807,27,-86,0.001869,51,2026-04-21 12:21:08.001318,778,1.037,0.0011,"aoml_navis",1030.91626952286
"7901009",108,0,1,0.035511,1,0.013083,1,132.25880808197,1,4.85000271101128,780,1,6.5770001411438,34.8660011291504,0.0355109982192516,0.0201457403600216,127.535797119141,-85.9903,27.3723,41.7184227935718,63,63,63,63,61,63,0,7819,1.11328740596807,27,-86,0.001869,51,2026-04-21 12:21:08.001318,780,1.037,0.0011,"aoml_navis",1030.9272587927
"7901009",108,0,1,0.028035,1,0.005607,1,132.678813022458,1,4.84994093175985,782,1,6.55000019073486,34.8660011291504,0.0280349999666214,0.0134304938837886,127.940803527832,-85.9903,27.3723,41.7184227935718,63,63,63,63,61,63,0,7819,1.11328740596807,27,-86,0.001869,51,2026-04-21 12:21:08.001318,782,1.037,0.0011,"aoml_navis",1030.94039089373
"7901009",108,0,1,0.029904,1,0.007476,1,133.016359801699,1,4.84988557827185,784,1,6.53200006484985,34.8660011291504,0.0299040004611015,0.0151093062013388,128.266296386719,-85.9903,27.3723,41.7184227935718,63,63,63,63,61,63,0,7819,1.11328740596807,27,-86,0.001869,51,2026-04-21 12:21:08.001318,784,1.037,0.0011,"aoml_navis",1030.95215738711
"7901009",108,0,1,0.033642,1,0.011214,1,133.272310820344,1,4.84982810579287,786,1,6.51100015640259,34.8660011291504,0.0336420014500618,0.018466928973794,128.513107299805,-85.9903,27.3723,41.7184227935718,63,63,63,63,61,63,0,7819,1.11328740596807,27,-86,0.001869,51,2026-04-21 12:21:08.001318,786,1.037,0.0011,"aoml_navis",1030.96437459871
"7901009",108,0,1,0.028035,1,0.005607,1,133.501377092116,1,4.84977490644239,788,1,6.49599981307983,34.8660011291504,0.0280349999666214,0.0134304938837886,128.733993530273,-85.9903,27.3723,41.7184227935718,63,63,63,63,61,63,0,7819,1.11328740596807,27,-86,0.001869,51,2026-04-21 12:21:08.001318,788,1.037,0.0011,"aoml_navis",1030.97568370813
"7901009",108,0,1,0.028035,1,0.005607,1,133.803786978813,1,4.84972468997305,790,1,6.48000001907349,34.8650016784668,0.0280349999666214,0.0134304938837886,129.025604248047,-85.9903,27.3723,41.7184227935718,63,63,63,63,61,63,0,7819,1.11328740596807,27,-86,0.001869,51,2026-04-21 12:21:08.001318,790,1.037,0.0011,"aoml_navis",1030.9863589448
"7901009",108,0,1,0.028035,1,0.005607,1,134.092809875602,1,4.84966640665425,792,1,6.46299982070923,34.8660011291504,0.0280349999666214,0.0134304938837886,129.304306030273,-85.9903,27.3723,41.7184227935718,63,63,63,63,61,63,0,7819,1.11328740596807,27,-86,0.001869,51,2026-04-21 12:21:08.001318,792,1.037,0.0011,"aoml_navis",1030.9987493448
"7901009",108,0,1,0.026166,1,0.003738,1,134.342826944819,1,4.84962045676537,794,1,6.45300006866455,34.8650016784668,0.0261659994721413,0.0117516815662384,129.545394897461,-85.9903,27.3723,41.7184227935718,63,63,63,63,61,63,0,7819,1.11328740596807,27,-86,0.001869,51,2026-04-21 12:21:08.001318,794,1.037,0.0011,"aoml_navis",1031.00851800162
"7901009",108,0,1,0.033642,1,0.011214,1,134.584045945019,1,4.84956799599667,796,1,6.43900012969971,34.8650016784668,0.0336420014500618,0.018466928973794,129.77799987793,-85.9903,27.3723,41.7184227935718,63,63,63,63,61,63,0,7819,1.11328740596807,27,-86,0.001869,51,2026-04-21 12:21:08.001318,796,1.037,0.0011,"aoml_navis",1031.01967105679
"7901009",108,0,1,0.028035,1,0.005607,1,134.910508106729,1,4.84951256555072,798,1,6.42600011825562,34.8660011291504,0.0280349999666214,0.0134304938837886,130.092803955078,-85.9903,27.3723,41.7184227935718,63,63,63,63,61,63,0,7819,1.11328740596807,27,-86,0.001869,51,2026-04-21 12:21:08.001318,798,1.037,0.0011,"aoml_navis",1031.03145572161
"7901009",108,0,1,0.031773,1,0.009345,1,135.329666470432,1,4.84946082467935,800,1,6.41300010681152,34.8660011291504,0.0317730009555817,0.0167881175875664,130.496994018555,-85.9903,27.3723,41.7184227935718,63,63,63,63,61,63,0,7819,1.11328740596807,27,-86,0.001869,51,2026-04-21 12:21:08.001318,800,1.037,0.0011,"aoml_navis",1031.04245621586
"7901009",108,0,1,0.028035,1,0.005607,1,135.629275533,1,4.84940641909443,802,1,6.39099979400635,34.8650016784668,0.0280349999666214,0.0134304938837886,130.785903930664,-85.9903,27.3723,41.7184227935718,63,63,63,63,61,63,0,7819,1.11328740596807,27,-86,0.001869,51,2026-04-21 12:21:08.001318,802,1.037,0.0011,"aoml_navis",1031.05402350123
"7901009",108,0,1,0.029904,1,0.007476,1,135.912174593979,1,4.84935822153274,804,1,6.38299989700317,34.8650016784668,0.0299040004611015,0.0151093062013388,131.058700561523,-85.9903,27.3723,41.7184227935718,63,63,63,63,61,63,0,7819,1.11328740596807,27,-86,0.001869,51,2026-04-21 12:21:08.001318,804,1.037,0.0011,"aoml_navis",1031.06427110259
"7901009",108,0,1,0.031773,1,0.009345,1,136.198491609828,1,4.84930156563491,806,1,6.36299991607666,34.8650016784668,0.0317730009555817,0.0167881175875664,131.33479309082,-85.9903,27.3723,41.7184227935718,63,63,63,63,61,63,0,7819,1.11328740596807,27,-86,0.001869,51,2026-04-21 12:21:08.001318,806,1.037,0.0011,"aoml_navis",1031.07631734702
"7901009",108,0,1,0.028035,1,0.005607,1,136.331649434984,1,4.84924687406073,808,1,6.35099983215332,34.8660011291504,0.0280349999666214,0.0134304938837886,131.463195800781,-85.9903,27.3723,41.7184227935718,63,63,63,63,61,63,0,7819,1.11328740596807,27,-86,0.001869,51,2026-04-21 12:21:08.001318,808,1.037,0.0011,"aoml_navis",1031.08794620164
"7901009",108,0,1,0.029904,1,0.007476,1,136.369199466962,1,4.84920220936512,810,1,6.34800004959106,34.8660011291504,0.0299040004611015,0.0151093062013388,131.499404907227,-85.9903,27.3723,41.7184227935718,63,63,63,63,61,63,0,7819,1.11328740596807,27,-86,0.001869,51,2026-04-21 12:21:08.001318,810,1.037,0.0011,"aoml_navis",1031.09744327503
"7901009",108,0,1,0.031773,1,0.009345,1,136.50026854192,1,4.84915965998987,812,1,6.34800004959106,34.8660011291504,0.0317730009555817,0.0167881175875664,131.625793457031,-85.9903,27.3723,41.7184227935718,63,63,63,63,61,63,0,7819,1.11328740596807,27,-86,0.001869,51,2026-04-21 12:21:08.001318,812,1.037,0.0011,"aoml_navis",1031.10649072966
"7901009",108,0,1,0.028035,1,0.005607,1,136.69762378795,1,4.84911586413467,814,1,6.34100008010864,34.8650016784668,0.0280349999666214,0.0134304938837886,131.816101074219,-85.9903,27.3723,41.7184227935718,63,63,63,63,61,63,0,7819,1.11328740596807,27,-86,0.001869,51,2026-04-21 12:21:08.001318,814,1.037,0.0011,"aoml_navis",1031.11580339445
"7901009",108,0,1,0.033642,1,0.011214,1,136.928873753112,1,4.84906557012695,816,1,6.32999992370605,34.8650016784668,0.0336420014500618,0.018466928973794,132.039093017578,-85.9903,27.3723,41.7184227935718,63,63,63,63,61,63,0,7819,1.11328740596807,27,-86,0.001869,51,2026-04-21 12:21:08.001318,816,1.037,0.0011,"aoml_navis",1031.12649802116
"7901009",108,0,1,0.028035,1,0.005607,1,137.236363100519,1,4.84901457676189,818,1,6.31799983978271,34.8650016784668,0.0280349999666214,0.0134304938837886,132.335601806641,-85.9903,27.3723,41.7184227935718,63,63,63,63,61,63,0,7819,1.11328740596807,27,-86,0.001869,51,2026-04-21 12:21:08.001318,818,1.037,0.0011,"aoml_navis",1031.13734158723
"7901009",108,0,1,0.031773,1,0.009345,1,137.592273475256,1,4.84895849866565,820,1,6.30399990081787,34.8660011291504,0.0317730009555817,0.0167881175875664,132.678802490234,-85.9903,27.3723,41.7184227935718,63,63,63,63,61,63,0,7819,1.11328740596807,27,-86,0.001869,51,2026-04-21 12:21:08.001318,820,1.037,0.0011,"aoml_navis",1031.14926666745
"7901009",108,0,1,0.031773,1,0.009345,1,137.906598732404,1,4.84890330030469,822,1,6.28599977493286,34.8660011291504,0.0317730009555817,0.0167881175875664,132.981903076172,-85.9903,27.3723,41.7184227935718,63,63,63,63,61,63,0,7819,1.11328740596807,27,-86,0.001869,51,2026-04-21 12:21:08.001318,822,1.037,0.0011,"aoml_navis",1031.16100494019
"7901009",108,0,1,0.033642,1,0.011214,1,138.239485383361,1,4.84884741224593,824,1,6.26700019836426,34.8660011291504,0.0336420014500618,0.018466928973794,133.30290222168,-85.9903,27.3723,41.7184227935718,63,63,63,63,61,63,0,7819,1.11328740596807,27,-86,0.001869,51,2026-04-21 12:21:08.001318,824,1.037,0.0011,"aoml_navis",1031.17289015372
"7901009",108,0,1,0.029904,1,0.007476,1,138.42873881044,1,4.84879083607226,826,1,6.24700021743774,34.8660011291504,0.0299040004611015,0.0151093062013388,133.485397338867,-85.9903,27.3723,41.7184227935718,63,63,63,63,61,63,0,7819,1.11328740596807,27,-86,0.001869,51,2026-04-21 12:21:08.001318,826,1.037,0.0011,"aoml_navis",1031.18492198154
"7901009",108,0,1,0.029904,1,0.007476,1,138.536689218427,1,4.84873917686178,828,1,6.23400020599365,34.8660011291504,0.0299040004611015,0.0151093062013388,133.589492797852,-85.9903,27.3723,41.7184227935718,63,63,63,63,61,63,0,7819,1.11328740596807,27,-86,0.001869,51,2026-04-21 12:21:08.001318,828,1.037,0.0011,"aoml_navis",1031.19590838378
"7901009",108,0,1,0.029904,1,0.007476,1,138.689342045436,1,4.84869382588857,830,1,6.23000001907349,34.8660011291504,0.0299040004611015,0.0151093062013388,133.736694335938,-85.9903,27.3723,41.7184227935718,63,63,63,63,61,63,0,7819,1.11328740596807,27,-86,0.001869,51,2026-04-21 12:21:08.001318,830,1.037,0.0011,"aoml_navis",1031.20555340153
"7901009",108,0,1,0.029904,1,0.007476,1,138.784965662479,1,4.84865057857894,832,1,6.22900009155273,34.8660011291504,0.0299040004611015,0.0151093062013388,133.828903198242,-85.9903,27.3723,41.7184227935718,63,63,63,63,61,63,0,7819,1.11328740596807,27,-86,0.001869,51,2026-04-21 12:21:08.001318,832,1.037,0.0011,"aoml_navis",1031.21475119072
"7901009",108,0,1,0.033642,1,0.011214,1,139.020883667857,1,4.84860172855106,834,1,6.21999979019165,34.8660011291504,0.0336420014500618,0.018466928973794,134.056396484375,-85.9903,27.3723,41.7184227935718,63,63,63,63,61,63,0,7819,1.11328740596807,27,-86,0.001869,51,2026-04-21 12:21:08.001318,834,1.037,0.0011,"aoml_navis",1031.22514075706
"7901009",108,0,1,0.029904,1,0.007476,1,139.295902443996,1,4.84855218189278,836,1,6.21000003814697,34.8660011291504,0.0299040004611015,0.0151093062013388,134.321594238281,-85.9903,27.3723,41.7184227935718,63,63,63,63,61,63,0,7819,1.11328740596807,27,-86,0.001869,51,2026-04-21 12:21:08.001318,836,1.037,0.0011,"aoml_navis",1031.23567869864
"7901009",108,0,1,0.028035,1,0.005607,1,139.658458842092,1,4.8485012391955,838,1,6.19799995422363,34.8660011291504,0.0280349999666214,0.0134304938837886,134.671203613281,-85.9903,27.3723,41.7184227935718,63,63,63,63,61,63,0,7819,1.11328740596807,27,-86,0.001869,51,2026-04-21 12:21:08.001318,838,1.037,0.0011,"aoml_navis",1031.24651378446
"7901009",108,0,1,0.029904,1,0.007476,1,140.096194423469,1,4.8484475050625,840,1,6.18200016021729,34.8660011291504,0.0299040004611015,0.0151093062013388,135.093307495117,-85.9903,27.3723,41.7184227935718,63,63,63,63,61,63,0,7819,1.11328740596807,27,-86,0.001869,51,2026-04-21 12:21:08.001318,840,1.037,0.0011,"aoml_navis",1031.25794283206
"7901009",108,0,1,0.026166,1,0.003738,1,140.606197596943,1,4.84837892710003,842,1,6.15000009536743,34.867000579834,0.0261659994721413,0.0117516815662384,135.585098266602,-85.9903,27.3723,41.7184227935718,63,63,63,63,61,63,0,7819,1.11328740596807,27,-86,0.001869,51,2026-04-21 12:21:08.001318,842,1.037,0.0011,"aoml_navis",1031.27252947423
"7901009",108,0,1,0.029904,1,0.007476,1,140.92218435993,1,4.8483245233834,844,1,6.13299989700317,34.867000579834,0.0299040004611015,0.0151093062013388,135.889801025391,-85.9903,27.3723,41.7184227935718,63,63,63,63,61,63,0,7819,1.11328740596807,27,-86,0.001869,51,2026-04-21 12:21:08.001318,844,1.037,0.0011,"aoml_navis",1031.28410152519
"7901009",108,0,1,0.029904,1,0.007476,1,141.175635207884,1,4.84827709648162,846,1,6.12599992752075,34.867000579834,0.0299040004611015,0.0151093062013388,136.134201049805,-85.9903,27.3723,41.7184227935718,63,63,63,63,61,63,0,7819,1.11328740596807,27,-86,0.001869,51,2026-04-21 12:21:08.001318,846,1.037,0.0011,"aoml_navis",1031.29418977073
"7901009",108,0,1,0.029904,1,0.007476,1,141.44297940943,1,4.8482317624306,848,1,6.12200021743774,34.867000579834,0.0299040004611015,0.0151093062013388,136.391998291016,-85.9903,27.3723,41.7184227935718,63,63,63,63,61,63,0,7819,1.11328740596807,27,-86,0.001869,51,2026-04-21 12:21:08.001318,848,1.037,0.0011,"aoml_navis",1031.30383302743
"7901009",108,0,1,0.028035,1,0.005607,1,141.763634212634,1,4.84817299511195,850,1,6.10400009155273,34.8680000305176,0.0280349999666214,0.0134304938837886,136.701202392578,-85.9903,27.3723,41.7184227935718,63,63,63,63,61,63,0,7819,1.11328740596807,27,-86,0.001869,51,2026-04-21 12:21:08.001318,850,1.037,0.0011,"aoml_navis",1031.31633401719
"7901009",108,0,1,0.029904,1,0.007476,1,141.974455567899,1,4.8481193138364,852,1,6.08799982070923,34.8680000305176,0.0299040004611015,0.0151093062013388,136.904495239258,-85.9903,27.3723,41.7184227935718,63,63,63,63,61,63,0,7819,1.11328740596807,27,-86,0.001869,51,2026-04-21 12:21:08.001318,852,1.037,0.0011,"aoml_navis",1031.32775336823
"7901009",108,0,1,0.029904,1,0.007476,1,142.140178907514,1,4.8480718986787,854,1,6.08099985122681,34.8680000305176,0.0299040004611015,0.0151093062013388,137.064300537109,-85.9903,27.3723,41.7184227935718,63,63,63,63,61,63,0,7819,1.11328740596807,27,-86,0.001869,51,2026-04-21 12:21:08.001318,854,1.037,0.0011,"aoml_navis",1031.33783996947
"7901009",108,0,1,0.033642,1,0.011214,1,142.296977587189,1,4.84802657200913,856,1,6.0770001411438,34.8680000305176,0.0336420014500618,0.018466928973794,137.21549987793,-85.9903,27.3723,41.7184227935718,63,63,63,63,61,63,0,7819,1.11328740596807,27,-86,0.001869,51,2026-04-21 12:21:08.001318,856,1.037,0.0011,"aoml_navis",1031.34748247221
"7901009",108,0,1,0.033642,1,0.011214,1,142.488098230354,1,4.8479805514498,858,1,6.07200002670288,34.8680000305176,0.0336420014500618,0.018466928973794,137.399795532227,-85.9903,27.3723,41.7184227935718,63,63,63,63,61,63,0,7819,1.11328740596807,27,-86,0.001869,51,2026-04-21 12:21:08.001318,858,1.037,0.0011,"aoml_navis",1031.35727277304
"7901009",108,0,1,0.033642,1,0.011214,1,142.779827008082,1,4.84793244716841,860,1,6.06400012969971,34.8680000305176,0.0336420014500618,0.018466928973794,137.681106567383,-85.9903,27.3723,41.7184227935718,63,63,63,63,61,63,0,7819,1.11328740596807,27,-86,0.001869,51,2026-04-21 12:21:08.001318,860,1.037,0.0011,"aoml_navis",1031.36750655847
"7901009",108,0,1,0.029904,1,0.007476,1,142.919203612238,1,4.84788156593205,862,1,6.05200004577637,34.8680000305176,0.0299040004611015,0.0151093062013388,137.815505981445,-85.9903,27.3723,41.7184227935718,63,63,63,63,61,63,0,7819,1.11328740596807,27,-86,0.001869,51,2026-04-21 12:21:08.001318,862,1.037,0.0011,"aoml_navis",1031.37833133898
"7901009",108,0,1,0.029904,1,0.007476,1,143.090512776248,1,4.8478369408615,864,1,6.04899978637695,34.8680000305176,0.0299040004611015,0.0151093062013388,137.980697631836,-85.9903,27.3723,41.7184227935718,63,63,63,63,61,63,0,7819,1.11328740596807,27,-86,0.001869,51,2026-04-21 12:21:08.001318,864,1.037,0.0011,"aoml_navis",1031.38782533215
"7901009",108,0,1,0.028035,1,0.005607,1,143.35454978998,1,4.84778953880802,866,1,6.04199981689453,34.8680000305176,0.0280349999666214,0.0134304938837886,138.235305786133,-85.9903,27.3723,41.7184227935718,63,63,63,63,61,63,0,7819,1.11328740596807,27,-86,0.001869,51,2026-04-21 12:21:08.001318,866,1.037,0.0011,"aoml_navis",1031.39791032047
"7901009",108,0,1,0.031773,1,0.009345,1,143.661706836219,1,4.84773081969541,868,1,6.02400016784668,34.8689994812012,0.0317730009555817,0.0167881175875664,138.531494140625,-85.9903,27.3723,41.7184227935718,63,63,63,63,61,63,0,7819,1.11328740596807,27,-86,0.001869,51,2026-04-21 12:21:08.001318,868,1.037,0.0011,"aoml_navis",1031.41040333468
"7901009",108,0,1,0.028035,1,0.005607,1,143.858223417397,1,4.8476799554202,870,1,6.01200008392334,34.8689994812012,0.0280349999666214,0.0134304938837886,138.720993041992,-85.9903,27.3723,41.7184227935718,63,63,63,63,61,63,0,7819,1.11328740596807,27,-86,0.001869,51,2026-04-21 12:21:08.001318,870,1.037,0.0011,"aoml_navis",1031.42122540691
"7901009",108,0,1,0.031773,1,0.009345,1,144.059724516094,1,4.84763186933555,872,1,6.00400018692017,34.8689994812012,0.0317730009555817,0.0167881175875664,138.915298461914,-85.9903,27.3723,41.7184227935718,63,63,63,63,61,63,0,7819,1.11328740596807,27,-86,0.001869,51,2026-04-21 12:21:08.001318,872,1.037,0.0011,"aoml_navis",1031.43145658982
"7901009",108,0,1,0.033642,1,0.011214,1,144.269406553069,1,4.84758309245829,874,1,5.99499988555908,34.8689994812012,0.0336420014500618,0.018466928973794,139.117492675781,-85.9903,27.3723,41.7184227935718,63,63,63,63,61,63,0,7819,1.11328740596807,27,-86,0.001869,51,2026-04-21 12:21:08.001318,874,1.037,0.0011,"aoml_navis",1031.44183495871
"7901009",108,0,1,0.028035,1,0.005607,1,144.619826046602,1,4.84752808548916,876,1,5.97700023651123,34.8689994812012,0.0280349999666214,0.0134304938837886,139.45539855957,-85.9903,27.3723,41.7184227935718,63,63,63,63,61,63,0,7819,1.11328740596807,27,-86,0.001869,51,2026-04-21 12:21:08.001318,876,1.037,0.0011,"aoml_navis",1031.45353916922
"7901009",108,0,1,0.033642,1,0.011214,1,144.855854819035,1,4.84747724096704,878,1,5.96500015258789,34.8689994812012,0.0336420014500618,0.018466928973794,139.682998657227,-85.9903,27.3723,41.7184227935718,63,63,63,63,61,63,0,7819,1.11328740596807,27,-86,0.001869,51,2026-04-21 12:21:08.001318,878,1.037,0.0011,"aoml_navis",1031.46435794354
"7901009",108,0,1,0.028035,1,0.005607,1,145.041168103694,1,4.84742271848591,880,1,5.95300006866455,34.8699989318848,0.0280349999666214,0.0134304938837886,139.861694335938,-85.9903,27.3723,41.7184227935718,63,63,63,63,61,63,0,7819,1.11328740596807,27,-86,0.001869,51,2026-04-21 12:21:08.001318,880,1.037,0.0011,"aoml_navis",1031.47595957172
"7901009",108,0,1,0.029904,1,0.007476,1,145.264347897634,1,4.84737395772339,882,1,5.94399976730347,34.8699989318848,0.0299040004611015,0.0151093062013388,140.076904296875,-85.9903,27.3723,41.7184227935718,63,63,63,63,61,63,0,7819,1.11328740596807,27,-86,0.001869,51,2026-04-21 12:21:08.001318,882,1.037,0.0011,"aoml_navis",1031.48633540712
"7901009",108,0,1,0.031773,1,0.009345,1,145.55087062373,1,4.84732727405329,884,1,5.93800020217896,34.8699989318848,0.0317730009555817,0.0167881175875664,140.35319519043,-85.9903,27.3723,41.7184227935718,63,63,63,63,61,63,0,7819,1.11328740596807,27,-86,0.001869,51,2026-04-21 12:21:08.001318,884,1.037,0.0011,"aoml_navis",1031.49626945223
"7901009",108,0,1,0.031773,1,0.009345,1,145.777784849843,1,4.84727506423535,886,1,5.92399978637695,34.8699989318848,0.0317730009555817,0.0167881175875664,140.572006225586,-85.9903,27.3723,41.7184227935718,63,63,63,63,61,63,0,7819,1.11328740596807,27,-86,0.001869,51,2026-04-21 12:21:08.001318,886,1.037,0.0011,"aoml_navis",1031.50737965986
"7901009",108,0,1,0.033642,1,0.011214,1,145.965487538137,1,4.84722493271965,888,1,5.91300010681152,34.8699989318848,0.0336420014500618,0.018466928973794,140.753005981445,-85.9903,27.3723,41.7184227935718,63,63,63,63,61,63,0,7819,1.11328740596807,27,-86,0.001869,51,2026-04-21 12:21:08.001318,888,1.037,0.0011,"aoml_navis",1031.51804783168
"7901009",108,0,1,0.031773,1,0.009345,1,146.226502193628,1,4.84717549516384,890,1,5.90299987792969,34.8699989318848,0.0317730009555817,0.0167881175875664,141.004699707031,-85.9903,27.3723,41.7184227935718,63,63,63,63,61,63,0,7819,1.11328740596807,27,-86,0.001869,51,2026-04-21 12:21:08.001318,890,1.037,0.0011,"aoml_navis",1031.52856854237
"7901009",108,0,1,0.026166,1,0.003738,1,146.528690546213,1,4.84712030940084,892,1,5.8899998664856,34.8709983825684,0.0261659994721413,0.0117516815662384,141.296096801758,-85.9903,27.3723,41.7184227935718,63,63,63,63,61,63,0,7819,1.11328740596807,27,-86,0.001869,51,2026-04-21 12:21:08.001318,892,1.037,0.0011,"aoml_navis",1031.54031277141
"7901009",108,0,1,0.029904,1,0.007476,1,146.801430685772,1,4.84707156966696,894,1,5.88100004196167,34.8709983825684,0.0299040004611015,0.0151093062013388,141.559097290039,-85.9903,27.3723,41.7184227935718,63,63,63,63,61,63,0,7819,1.11328740596807,27,-86,0.001869,51,2026-04-21 12:21:08.001318,894,1.037,0.0011,"aoml_navis",1031.55068542624
"7901009",108,0,1,0.028035,1,0.005607,1,147.124569835803,1,4.84701869901611,896,1,5.86600017547607,34.8709983825684,0.0280349999666214,0.0134304938837886,141.870697021484,-85.9903,27.3723,41.7184227935718,63,63,63,63,61,63,0,7819,1.11328740596807,27,-86,0.001869,51,2026-04-21 12:21:08.001318,896,1.037,0.0011,"aoml_navis",1031.56193744723
"7901009",108,0,1,0.028035,1,0.005607,1,147.43205918321,1,4.84696721283415,898,1,5.85300016403198,34.8709983825684,0.0280349999666214,0.0134304938837886,142.167205810547,-85.9903,27.3723,41.7184227935718,63,63,63,63,61,63,0,7819,1.11328740596807,27,-86,0.001869,51,2026-04-21 12:21:08.001318,898,1.037,0.0011,"aoml_navis",1031.57289505913
"7901009",108,0,1,0.028035,1,0.005607,1,147.765452197852,1,4.84690584594289,900,1,5.83099985122681,34.8720016479492,0.0280349999666214,0.0134304938837886,142.488693237305,-85.9903,27.3723,41.7184227935718,63,63,63,63,61,63,0,7819,1.11328740596807,27,-86,0.001869,51,2026-04-21 12:21:08.001318,900,1.037,0.0011,"aoml_navis",1031.5859558496
"7901009",108,0,1,0.029904,1,0.007476,1,147.861487235389,1,4.84685643713073,902,1,5.82100009918213,34.8720016479492,0.0299040004611015,0.0151093062013388,142.581298828125,-85.9903,27.3723,41.7184227935718,63,63,63,63,61,63,0,7819,1.11328740596807,27,-86,0.001869,51,2026-04-21 12:21:08.001318,902,1.037,0.0011,"aoml_navis",1031.59647182782
"7901009",108,0,1,0.033642,1,0.011214,1,148.065156203611,1,4.84680909268327,904,1,5.81400012969971,34.8720016479492,0.0336420014500618,0.018466928973794,142.777694702148,-85.9903,27.3723,41.7184227935718,63,63,63,63,61,63,0,7819,1.11328740596807,27,-86,0.001869,51,2026-04-21 12:21:08.001318,904,1.037,0.0011,"aoml_navis",1031.60654863588
"7901009",108,0,1,0.028035,1,0.005607,1,148.235136162948,1,4.84676381122137,906,1,5.80999994277954,34.8720016479492,0.0280349999666214,0.0134304938837886,142.941604614258,-85.9903,27.3723,41.7184227935718,63,63,63,63,61,63,0,7819,1.11328740596807,27,-86,0.001869,51,2026-04-21 12:21:08.001318,906,1.037,0.0011,"aoml_navis",1031.6161865416
"7901009",108,0,1,0.028035,1,0.005607,1,148.477178004135,1,4.84671715766015,908,1,5.80399990081787,34.8720016479492,0.0280349999666214,0.0134304938837886,143.175003051758,-85.9903,27.3723,41.7184227935718,63,63,63,63,61,63,0,7819,1.11328740596807,27,-86,0.001869,51,2026-04-21 12:21:08.001318,908,1.037,0.0011,"aoml_navis",1031.62611667933
"7901009",108,0,1,0.026166,1,0.003738,1,148.824575139426,1,4.84666407672732,910,1,5.79400014877319,34.8730010986328,0.0261659994721413,0.0117516815662384,143.509994506836,-85.9903,27.3723,41.7184227935718,63,63,63,63,61,63,0,7819,1.11328740596807,27,-86,0.001869,51,2026-04-21 12:21:08.001318,910,1.037,0.0011,"aoml_navis",1031.63741510557
"7901009",108,0,1,0.029904,1,0.007476,1,149.171260200786,1,4.84661330924728,912,1,5.78200006484985,34.8730010986328,0.0299040004611015,0.0151093062013388,143.844299316406,-85.9903,27.3723,41.7184227935718,63,63,63,63,61,63,0,7819,1.11328740596807,27,-86,0.001869,51,2026-04-21 12:21:08.001318,912,1.037,0.0011,"aoml_navis",1031.64822133841
"7901009",108,0,1,0.031773,1,0.009345,1,149.395879966454,1,4.84656529066537,914,1,5.77400016784668,34.8730010986328,0.0317730009555817,0.0167881175875664,144.060897827148,-85.9903,27.3723,41.7184227935718,63,63,63,63,61,63,0,7819,1.11328740596807,27,-86,0.001869,51,2026-04-21 12:21:08.001318,914,1.037,0.0011,"aoml_navis",1031.65844265632
"7901009",108,0,1,0.029904,1,0.007476,1,149.705236529947,1,4.84651933225951,916,1,5.76900005340576,34.8730010986328,0.0299040004611015,0.0151093062013388,144.35920715332,-85.9903,27.3723,41.7184227935718,63,63,63,63,61,63,0,7819,1.11328740596807,27,-86,0.001869,51,2026-04-21 12:21:08.001318,916,1.037,0.0011,"aoml_navis",1031.66822563131
"7901009",108,0,1,0.029904,1,0.007476,1,150.197295440352,1,4.84646489292974,918,1,5.75699996948242,34.8740005493164,0.0299040004611015,0.0151093062013388,144.833694458008,-85.9903,27.3723,41.7184227935718,63,63,63,63,61,63,0,7819,1.11328740596807,27,-86,0.001869,51,2026-04-21 12:21:08.001318,918,1.037,0.0011,"aoml_navis",1031.67981414541
"7901009",108,0,1,0.031773,1,0.009345,1,150.61646962792,1,4.84641208589484,920,1,5.74200010299683,34.8740005493164,0.0317730009555817,0.0167881175875664,145.237899780273,-85.9903,27.3723,41.7184227935718,63,63,63,63,61,63,0,7819,1.11328740596807,27,-86,0.001869,51,2026-04-21 12:21:08.001318,920,1.037,0.0011,"aoml_navis",1031.69105544123
"7901009",108,0,1,0.031773,1,0.009345,1,151.08832146254,1,4.84635654904951,922,1,5.72300004959106,34.8740005493164,0.0317730009555817,0.0167881175875664,145.692901611328,-85.9903,27.3723,41.7184227935718,63,63,63,63,61,63,0,7819,1.11328740596807,27,-86,0.001869,51,2026-04-21 12:21:08.001318,922,1.037,0.0011,"aoml_navis",1031.70287810966
"7901009",108,0,1,0.029904,1,0.007476,1,151.582358356087,1,4.84629119288835,924,1,5.69500017166138,34.875,0.0299040004611015,0.0151093062013388,146.169296264648,-85.9903,27.3723,41.7184227935718,63,63,63,63,61,63,0,7819,1.11328740596807,27,-86,0.001869,51,2026-04-21 12:21:08.001318,924,1.037,0.0011,"aoml_navis",1031.71679145843
"7901009",108,0,1,0.031773,1,0.009345,1,152.094655990006,1,4.84623500665112,926,1,5.67500019073486,34.875,0.0317730009555817,0.0167881175875664,146.663299560547,-85.9903,27.3723,41.7184227935718,63,63,63,63,61,63,0,7819,1.11328740596807,27,-86,0.001869,51,2026-04-21 12:21:08.001318,926,1.037,0.0011,"aoml_navis",1031.72875296758
"7901009",108,0,1,0.028035,1,0.005607,1,152.964003316951,1,4.84618428854328,928,1,5.66300010681152,34.875,0.0280349999666214,0.0134304938837886,147.501602172852,-85.9903,27.3723,41.7184227935718,63,63,63,63,61,63,0,7819,1.11328740596807,27,-86,0.001869,51,2026-04-21 12:21:08.001318,928,1.037,0.0011,"aoml_navis",1031.7395506028
"7901009",108,0,1,0.029904,1,0.007476,1,153.603224173161,1,4.84611054819475,930,1,5.62799978256226,34.8769989013672,0.0299040004611015,0.0151093062013388,148.11799621582,-85.9903,27.3723,41.7184227935718,63,63,63,63,61,63,0,7819,1.11328740596807,27,-86,0.001869,51,2026-04-21 12:21:08.001318,930,1.037,0.0011,"aoml_navis",1031.75524996279
"7901009",108,0,1,0.031773,1,0.009345,1,154.021464752686,1,4.84605848965077,932,1,5.61399984359741,34.8769989013672,0.0317730009555817,0.0167881175875664,148.521301269531,-85.9903,27.3723,41.7184227935718,63,63,63,63,61,63,0,7819,1.11328740596807,27,-86,0.001869,51,2026-04-21 12:21:08.001318,932,1.037,0.0011,"aoml_navis",1031.76633354261
"7901009",108,0,1,0.029904,1,0.007476,1,154.492794399756,1,4.84600207561629,934,1,5.59899997711182,34.8779983520508,0.0299040004611015,0.0151093062013388,148.975799560547,-85.9903,27.3723,41.7184227935718,63,63,63,63,61,63,0,7819,1.11328740596807,27,-86,0.001869,51,2026-04-21 12:21:08.001318,934,1.037,0.0011,"aoml_navis",1031.77834470162
"7901009",108,0,1,0.028035,1,0.005607,1,154.802863037181,1,4.84594226201784,936,1,5.5789999961853,34.8790016174316,0.0280349999666214,0.0134304938837886,149.274795532227,-85.9903,27.3723,41.7184227935718,63,63,63,63,61,63,0,7819,1.11328740596807,27,-86,0.001869,51,2026-04-21 12:21:08.001318,936,1.037,0.0011,"aoml_navis",1031.79107997007
"7901009",108,0,1,0.029904,1,0.007476,1,154.975422286537,1,4.84589429647755,938,1,5.57100009918213,34.8790016174316,0.0299040004611015,0.0151093062013388,149.441192626953,-85.9903,27.3723,41.7184227935718,63,63,63,63,61,63,0,7819,1.11328740596807,27,-86,0.001869,51,2026-04-21 12:21:08.001318,938,1.037,0.0011,"aoml_navis",1031.80129282524
"7901009",108,0,1,0.026166,1,0.003738,1,155.155149746801,1,4.84584497715043,940,1,5.56099987030029,34.8790016174316,0.0261659994721413,0.0117516815662384,149.614501953125,-85.9903,27.3723,41.7184227935718,63,63,63,63,61,63,0,7819,1.11328740596807,27,-86,0.001869,51,2026-04-21 12:21:08.001318,940,1.037,0.0011,"aoml_navis",1031.81179414044
"7901009",108,0,1,0.029904,1,0.007476,1,155.331332661274,1,4.84579972897918,942,1,5.55700016021729,34.8790016174316,0.0299040004611015,0.0151093062013388,149.784393310547,-85.9903,27.3723,41.7184227935718,63,63,63,63,61,63,0,7819,1.11328740596807,27,-86,0.001869,51,2026-04-21 12:21:08.001318,942,1.037,0.0011,"aoml_navis",1031.82142879299
"7901009",108,0,1,0.028035,1,0.005607,1,155.531377964378,1,4.84575177045183,944,1,5.54899978637695,34.8790016174316,0.0280349999666214,0.0134304938837886,149.977294921875,-85.9903,27.3723,41.7184227935718,63,63,63,63,61,63,0,7819,1.11328740596807,27,-86,0.001869,51,2026-04-21 12:21:08.001318,944,1.037,0.0011,"aoml_navis",1031.83164075567
"7901009",108,0,1,0.029904,1,0.007476,1,155.738369944279,1,4.84569674443341,946,1,5.53599977493286,34.8800010681152,0.0299040004611015,0.0151093062013388,150.176895141602,-85.9903,27.3723,41.7184227935718,63,63,63,63,61,63,0,7819,1.11328740596807,27,-86,0.001869,51,2026-04-21 12:21:08.001318,946,1.037,0.0011,"aoml_navis",1031.84335787085
"7901009",108,0,1,0.033642,1,0.011214,1,155.857840126088,1,4.84565082436563,948,1,5.5310001373291,34.8800010681152,0.0336420014500618,0.018466928973794,150.292098999023,-85.9903,27.3723,41.7184227935718,63,63,63,63,61,63,0,7819,1.11328740596807,27,-86,0.001869,51,2026-04-21 12:21:08.001318,948,1.037,0.0011,"aoml_navis",1031.85313618931
"7901009",108,0,1,0.029904,1,0.007476,1,156.04574852463,1,4.84560355144621,950,1,5.52400016784668,34.8800010681152,0.0299040004611015,0.0151093062013388,150.473297119141,-85.9903,27.3723,41.7184227935718,63,63,63,63,61,63,0,7819,1.11328740596807,27,-86,0.001869,51,2026-04-21 12:21:08.001318,950,1.037,0.0011,"aoml_navis",1031.86320278053
"7901009",108,0,1,0.029904,1,0.007476,1,156.324818210245,1,4.8455556034818,952,1,5.51599979400635,34.8800010681152,0.0299040004611015,0.0151093062013388,150.742401123047,-85.9903,27.3723,41.7184227935718,63,63,63,63,61,63,0,7819,1.11328740596807,27,-86,0.001869,51,2026-04-21 12:21:08.001318,952,1.037,0.0011,"aoml_navis",1031.8734133207
"7901009",108,0,1,0.028035,1,0.005607,1,156.562508488519,1,4.84550765841594,954,1,5.50799989700317,34.8800010681152,0.0280349999666214,0.0134304938837886,150.971603393555,-85.9903,27.3723,41.7184227935718,63,63,63,63,61,63,0,7819,1.11328740596807,27,-86,0.001869,51,2026-04-21 12:21:08.001318,954,1.037,0.0011,"aoml_navis",1031.88362344567
"7901009",108,0,1,0.029904,1,0.007476,1,156.844062520961,1,4.84546039246523,956,1,5.50099992752075,34.8800010681152,0.0299040004611015,0.0151093062013388,151.243103027344,-85.9903,27.3723,41.7184227935718,63,63,63,63,61,63,0,7819,1.11328740596807,27,-86,0.001869,51,2026-04-21 12:21:08.001318,956,1.037,0.0011,"aoml_navis",1031.8936891477
"7901009",108,0,1,0.031773,1,0.009345,1,157.090566692117,1,4.84541012268058,958,1,5.49499988555908,34.8810005187988,0.0317730009555817,0.0167881175875664,151.480804443359,-85.9903,27.3723,41.7184227935718,63,63,63,63,61,63,0,7819,1.11328740596807,27,-86,0.001869,51,2026-04-21 12:21:08.001318,958,1.037,0.0011,"aoml_navis",1031.90439475821
"7901009",108,0,1,0.028035,1,0.005607,1,157.325962509945,1,4.84536489059096,960,1,5.49100017547607,34.8810005187988,0.0280349999666214,0.0134304938837886,151.707794189453,-85.9903,27.3723,41.7184227935718,63,63,63,63,61,63,0,7819,1.11328740596807,27,-86,0.001869,51,2026-04-21 12:21:08.001318,960,1.037,0.0011,"aoml_navis",1031.9140277153
"7901009",108,0,1,0.031773,1,0.009345,1,157.530580910075,1,4.84531560169407,962,1,5.48099994659424,34.8810005187988,0.0317730009555817,0.0167881175875664,151.90510559082,-85.9903,27.3723,41.7184227935718,63,63,63,63,61,63,0,7819,1.11328740596807,27,-86,0.001869,51,2026-04-21 12:21:08.001318,962,1.037,0.0011,"aoml_navis",1031.92452484454
"7901009",108,0,1,0.026166,1,0.003738,1,157.71040331353,1,4.84526969666487,964,1,5.47599983215332,34.8810005187988,0.0261659994721413,0.0117516815662384,152.078506469727,-85.9903,27.3723,41.7184227935718,63,63,63,63,61,63,0,7819,1.11328740596807,27,-86,0.001869,51,2026-04-21 12:21:08.001318,964,1.037,0.0011,"aoml_navis",1031.93430149856
"7901009",108,0,1,0.028035,1,0.005607,1,157.957413848371,1,4.84521605567954,966,1,5.46500015258789,34.8819999694824,0.0280349999666214,0.0134304938837886,152.316696166992,-85.9903,27.3723,41.7184227935718,63,63,63,63,61,63,0,7819,1.11328740596807,27,-86,0.001869,51,2026-04-21 12:21:08.001318,966,1.037,0.0011,"aoml_navis",1031.94572595767
"7901009",108,0,1,0.028035,1,0.005607,1,158.160671396099,1,4.84516610089068,968,1,5.4539999961853,34.8819999694824,0.0280349999666214,0.0134304938837886,152.5126953125,-85.9903,27.3723,41.7184227935718,63,63,63,63,61,63,0,7819,1.11328740596807,27,-86,0.001869,51,2026-04-21 12:21:08.001318,968,1.037,0.0011,"aoml_navis",1031.95636555801
"7901009",108,0,1,0.026166,1,0.003738,1,158.375543660839,1,4.84512155316138,970,1,5.45100021362305,34.8819999694824,0.0261659994721413,0.0117516815662384,152.71989440918,-85.9903,27.3723,41.7184227935718,63,63,63,63,61,63,0,7819,1.11328740596807,27,-86,0.001869,51,2026-04-21 12:21:08.001318,970,1.037,0.0011,"aoml_navis",1031.96585372302
"7901009",108,0,1,0.029904,1,0.007476,1,158.821570947551,1,4.84507160401791,972,1,5.44000005722046,34.8819999694824,0.0299040004611015,0.0151093062013388,153.149993896484,-85.9903,27.3723,41.7184227935718,63,63,63,63,61,63,0,7819,1.11328740596807,27,-86,0.001869,51,2026-04-21 12:21:08.001318,972,1.037,0.0011,"aoml_navis",1031.97649253596
"7901009",108,0,1,0.028035,1,0.005607,1,159.100846343413,1,4.8450112313751,974,1,5.41900014877319,34.882999420166,0.0280349999666214,0.0134304938837886,153.419296264648,-85.9903,27.3723,41.7184227935718,63,63,63,63,61,63,0,7819,1.11328740596807,27,-86,0.001869,51,2026-04-21 12:21:08.001318,974,1.037,0.0011,"aoml_navis",1031.98935177306
"7901009",108,0,1,0.028035,1,0.005607,1,159.347144804322,1,4.84496533901388,976,1,5.41400003433228,34.882999420166,0.0280349999666214,0.0134304938837886,153.656799316406,-85.9903,27.3723,41.7184227935718,63,63,63,63,61,63,0,7819,1.11328740596807,27,-86,0.001869,51,2026-04-21 12:21:08.001318,976,1.037,0.0011,"aoml_navis",1031.99912695715
"7901009",108,0,1,0.031773,1,0.009345,1,159.570941729002,1,4.84491742615444,978,1,5.4060001373291,34.882999420166,0.0317730009555817,0.0167881175875664,153.872604370117,-85.9903,27.3723,41.7184227935718,63,63,63,63,61,63,0,7819,1.11328740596807,27,-86,0.001869,51,2026-04-21 12:21:08.001318,978,1.037,0.0011,"aoml_navis",1032.00933270986
"7901009",108,0,1,0.03738,1,0.014952,1,162.574501219022,1,4.84440933266154,999.900024414062,1,5.35370016098022,34.8849983215332,0.0373799987137318,0.0218245536088943,156.768905639648,-85.9903,27.3723,41.7184227935718,63,63,63,63,61,63,0,7819,1.11328740596807,27,-86,0.001869,51,2026-04-21 12:21:08.001318,999.900024414062,1.037,0.0011,"aoml_navis",1032.1175723714
"7901009",108,0,1,0.028035,1,0.005607,1,170.30059831699,1,4.84315653950747,1049.69995117188,1,5.10710000991821,34.8930015563965,0.0280349999666214,0.0134304938837886,164.219100952148,-85.9903,27.3723,41.7184227935718,63,63,63,63,61,63,0,7819,1.11328740596807,27,-86,0.001869,51,2026-04-21 12:21:08.001318,1049.69995117188,1.037,0.0011,"aoml_navis",1032.38455317583
"7901009",108,0,1,0.028035,1,0.005607,1,175.755385284306,1,4.84197696401702,1099.30004882812,1,4.94479990005493,34.8979988098145,0.0280349999666214,0.0134304938837886,169.479095458984,-85.9903,27.3723,41.7184227935718,63,63,63,63,61,63,0,7819,1.11328740596807,27,-86,0.001869,51,2026-04-21 12:21:08.001318,1099.30004882812,1.037,0.0011,"aoml_navis",1032.63605695717
"7901009",108,0,1,0.024297,1,0.001869,1,181.265967200108,1,4.84079328236744,1149.5,1,4.7992000579834,34.9039993286133,0.0242970008403063,0.0100728701800108,174.792892456055,-85.9903,27.3723,41.7184227935718,63,63,63,63,61,63,0,7819,1.11328740596807,27,-86,0.001869,51,2026-04-21 12:21:08.001318,1149.5,1.037,0.0011,"aoml_navis",1032.88855944592
"7901009",108,0,1,0.028035,1,0.005607,1,187.150625287827,1,4.83960999127479,1199.90002441406,1,4.65880012512207,34.9099998474121,0.0280349999666214,0.0134304938837886,180.467407226562,-85.9903,27.3723,41.7184227935718,63,63,63,63,61,63,0,7819,1.11328740596807,27,-86,0.001869,51,2026-04-21 12:21:08.001318,1199.90002441406,1.037,0.0011,"aoml_navis",1033.14110207524
"7901009",108,0,1,0.028035,1,0.005607,1,191.757949333687,1,4.83844306850498,1250.30004882812,1,4.5359001159668,34.9150009155273,0.0280349999666214,0.0134304938837886,184.910202026367,-85.9903,27.3723,41.7184227935718,63,63,63,63,61,63,0,7819,1.11328740596807,27,-86,0.001869,51,2026-04-21 12:21:08.001318,1250.30004882812,1.037,0.0011,"aoml_navis",1033.39027228545
"7901009",108,0,1,0.028035,1,0.005607,1,194.112635409762,1,4.83734550535879,1299.59997558594,1,4.47009992599487,34.9179992675781,0.0280349999666214,0.0134304938837886,187.180801391602,-85.9903,27.3723,41.7184227935718,63,63,63,63,61,63,0,7819,1.11328740596807,27,-86,0.001869,51,2026-04-21 12:21:08.001318,1299.59997558594,1.037,0.0011,"aoml_navis",1033.62474201213
"7901009",108,0,1,0.031773,1,0.009345,1,195.728647637221,1,4.83626006527112,1349.40002441406,1,4.42579984664917,34.9189987182617,0.0317730009555817,0.0167881175875664,188.739105224609,-85.9903,27.3723,41.7184227935718,63,63,63,63,61,63,0,7819,1.11328740596807,27,-86,0.001869,51,2026-04-21 12:21:08.001318,1349.40002441406,1.037,0.0011,"aoml_navis",1033.85672658604
"7901009",108,0,1,0.026166,1,0.003738,1,197.533185393961,1,4.83517083710596,1399.5,1,4.38899993896484,34.9210014343262,0.0261659994721413,0.0117516815662384,190.479202270508,-85.9903,27.3723,41.7184227935718,63,63,63,63,61,63,0,7819,1.11328740596807,27,-86,0.001869,51,2026-04-21 12:21:08.001318,1399.5,1.037,0.0011,"aoml_navis",1034.08962546455
"7901009",108,0,1,0.028035,1,0.005607,1,198.762588948311,1,4.83411682131087,1448.80004882812,1,4.37220001220703,34.9220008850098,0.0280349999666214,0.0134304938837886,191.664703369141,-85.9903,27.3723,41.7184227935718,63,63,63,63,61,63,0,7819,1.11328740596807,27,-86,0.001869,51,2026-04-21 12:21:08.001318,1448.80004882812,1.037,0.0011,"aoml_navis",1034.31509514992
"7901009",108,0,1,0.022428,1,0,1,199.900831215586,1,4.83303143361089,1499.40002441406,1,4.35279989242554,34.923999786377,0.0224280003458261,0.00839405879378319,192.762298583984,-85.9903,27.3723,41.7184227935718,63,63,63,63,61,63,0,7819,1.11328740596807,27,-86,0.001869,51,2026-04-21 12:21:08.001318,1499.40002441406,1.037,0.0011,"aoml_navis",1034.54737853099
"7901009",108,0,1,0.031773,1,0.009345,1,200.323312590969,1,4.83197317394389,1549.19995117188,1,4.34110021591187,34.9249992370605,0.0317730009555817,0.0167881175875664,193.169692993164,-85.9903,27.3723,41.7184227935718,63,63,63,63,61,63,0,7819,1.11328740596807,27,-86,0.001869,51,2026-04-21 12:21:08.001318,1549.19995117188,1.037,0.0011,"aoml_navis",1034.77395672687
"7901009",108,0,1,0.028035,1,0.005607,1,200.62281088648,1,4.83091242268292,1599.59997558594,1,4.33669996261597,34.9249992370605,0.0280349999666214,0.0134304938837886,193.45849609375,-85.9903,27.3723,41.7184227935718,63,63,63,63,61,63,0,7819,1.11328740596807,27,-86,0.001869,51,2026-04-21 12:21:08.001318,1599.59997558594,1.037,0.0011,"aoml_navis",1035.00116800362
"7901009",108,0,1,0.024297,1,0.001869,1,200.960571287901,1,4.82986046513752,1649.69995117188,1,4.33370018005371,34.9249992370605,0.0242970008403063,0.0100728701800108,193.784194946289,-85.9903,27.3723,41.7184227935718,63,63,63,63,61,63,0,7819,1.11328740596807,27,-86,0.001869,51,2026-04-21 12:21:08.001318,1649.69995117188,1.037,0.0011,"aoml_navis",1035.2265942444
"7901009",108,0,1,0.028035,1,0.005607,1,201.303205439785,1,4.82881571215001,1699.30004882812,1,4.3238000869751,34.9249992370605,0.0280349999666214,0.0134304938837886,194.114593505859,-85.9903,27.3723,41.7184227935718,63,63,63,63,61,63,0,7819,1.11328740596807,27,-86,0.001869,51,2026-04-21 12:21:08.001318,1699.30004882812,1.037,0.0011,"aoml_navis",1035.45057381653
"7901009",108,0,1,0.026166,1,0.003738,1,202.155763645817,1,4.82776048938337,1749.5,1,4.32000017166138,34.9259986877441,0.0261659994721413,0.0117516815662384,194.936706542969,-85.9903,27.3723,41.7184227935718,63,63,63,63,61,63,0,7819,1.11328740596807,27,-86,0.001869,51,2026-04-21 12:21:08.001318,1749.5,1.037,0.0011,"aoml_navis",1035.6768963571
"7901009",108,0,1,0.024297,1,0.001869,1,202.357771108198,1,4.8267103716658,1799.69995117188,1,4.31610012054443,34.9259986877441,0.0242970008403063,0.0100728701800108,195.131500244141,-85.9903,27.3723,41.7184227935718,63,63,63,63,61,63,0,7819,1.11328740596807,27,-86,0.001869,51,2026-04-21 12:21:08.001318,1799.69995117188,1.037,0.0011,"aoml_navis",1035.90222221567
"7901009",108,0,1,0.029904,1,0.007476,1,202.720628159732,1,4.82566601323995,1849.69995117188,1,4.31230020523071,34.9259986877441,0.0299040004611015,0.0151093062013388,195.481399536133,-85.9903,27.3723,41.7184227935718,63,63,63,63,61,63,0,7819,1.11328740596807,27,-86,0.001869,51,2026-04-21 12:21:08.001318,1849.69995117188,1.037,0.0011,"aoml_navis",1036.12640955295
"7901009",108,0,1,0.026166,1,0.003738,1,202.821426180676,1,4.82462726438143,1899.40002441406,1,4.31059980392456,34.9269981384277,0.0261659994721413,0.0117516815662384,195.578598022461,-85.9903,27.3723,41.7184227935718,63,63,63,63,61,63,0,7819,1.11328740596807,27,-86,0.001869,51,2026-04-21 12:21:08.001318,1899.40002441406,1.037,0.0011,"aoml_navis",1036.34948898815
"7901009",108,0,1,0.029904,1,0.007476,1,202.990678242217,1,4.82357970715385,1949.80004882812,1,4.30970001220703,34.9269981384277,0.0299040004611015,0.0151093062013388,195.741806030273,-85.9903,27.3723,41.7184227935718,63,63,63,63,61,63,0,7819,1.11328740596807,27,-86,0.001869,51,2026-04-21 12:21:08.001318,1949.80004882812,1.037,0.0011,"aoml_navis",1036.57455739448
"7901009",108,0,1,0.026166,1,0.003738,1,201.134997753343,1,4.82253385456953,2000.19995117188,1,4.30900001525879,34.9269981384277,0.0261659994721413,0.0117516815662384,193.952392578125,-85.9903,27.3723,41.7184227935718,63,63,63,63,61,63,0,7819,1.11328740596807,27,-86,0.001869,51,2026-04-21 12:21:08.001318,2000.19995117188,1.037,0.0011,"aoml_navis",1036.79935709779
"7901009",109,0.0218245530037881,5,0.03738,1,0.014952,1,199.814305343998,1,4.88333514490398,2.29999995231628,1,26.492000579834,36.3279991149902,0.0373799987137318,0.658094227313995,192.678802490234,-85.9569,27.3961,9.93371080695368,63,63,63,63,61,63,0.024297,7819,1.11328740596807,27,-86,0.001869,51,2026-05-01 20:54:06.002224,2.29999995231628,1.037,0.0011,"aoml_navis",1023.89040515021
"7901009",109,0.0218245530037881,5,0.042987,1,0.020559,1,199.8649100805,1,4.88323345506206,4,1,26.443000793457,36.326000213623,0.0429870001971722,0.658094227313995,192.727600097656,-85.9569,27.3961,9.93371080695368,63,63,63,63,61,63,0.024297,7819,1.11328740596807,27,-86,0.001869,51,2026-05-01 20:54:06.002224,4,1.037,0.0011,"aoml_navis",1023.91172693513
"7901009",109,0.0218245530037881,5,0.042987,1,0.020559,1,199.857235503513,1,4.88316136513856,6,1,26.4200000762939,36.3250007629395,0.0429870001971722,0.658094227313995,192.720199584961,-85.9569,27.3961,9.93371080695368,63,63,63,63,61,63,0.024297,7819,1.11328740596807,27,-86,0.001869,51,2026-05-01 20:54:06.002224,6,1.037,0.0011,"aoml_navis",1023.92684290459
"7901009",109,0.0218245530037881,5,0.046725,1,0.024297,1,199.912191804285,1,4.88304611625107,8,1,26.3659992218018,36.3230018615723,0.0467250011861324,0.658094227313995,192.773193359375,-85.9569,27.3961,9.93371080695368,63,63,63,63,61,63,0.024297,7819,1.11328740596807,27,-86,0.001869,51,2026-05-01 20:54:06.002224,8,1.037,0.0011,"aoml_navis",1023.95100946512
"7901009",109,0.0251821765428324,1,0.050463,1,0.028035,1,200.466391205941,1,4.88273094554474,10,1,26.1669998168945,36.3160018920898,0.0504629984498024,0.658094227313995,193.307601928711,-85.9569,27.3961,9.93371080695368,63,63,63,63,61,63,0.028035,7819,1.11328740596807,27,-86,0.001869,51,2026-05-01 20:54:06.002224,10,1.037,0.0011,"aoml_navis",1024.01710349456
"7901009",109,0.0285398000818768,1,0.054201,1,0.031773,1,200.933986566672,1,4.88251047610185,12,1,26.0400009155273,36.3129997253418,0.0542009994387627,0.658094227313995,193.758499145508,-85.9569,27.3961,9.93371080695368,63,63,63,63,61,63,0.031773,7819,1.11328740596807,27,-86,0.001869,51,2026-05-01 20:54:06.002224,12,1.037,0.0011,"aoml_navis",1024.06334292025
"7901009",109,0.0302186118513989,1,0.05607,1,0.033642,1,200.955554501585,1,4.8824255341937,14,1,26.0130004882812,36.3139991760254,0.0560699999332428,0.658094227313995,193.779296875,-85.9569,27.3961,9.93371080695368,63,63,63,63,61,63,0.033642,7819,1.11328740596807,27,-86,0.001869,51,2026-05-01 20:54:06.002224,14,1.037,0.0011,"aoml_navis",1024.08115904336
"7901009",109,0.0318974236209211,1,0.057939,1,0.035511,1,200.895091494027,1,4.88236303745867,16,1,26.0009994506836,36.314998626709,0.0579390004277229,0.658094227313995,193.720993041992,-85.9569,27.3961,9.93371080695368,63,63,63,63,61,63,0.035511,7819,1.11328740596807,27,-86,0.001869,51,2026-05-01 20:54:06.002224,16,1.037,0.0011,"aoml_navis",1024.09426780409
"7901009",109,0.0335762353904433,1,0.059808,1,0.03738,1,200.895407971428,1,4.88230265348541,18,1,25.988000869751,36.314998626709,0.0598080009222031,0.658094227313995,193.721298217773,-85.9569,27.3961,9.93371080695368,63,63,63,63,61,63,0.03738,7819,1.11328740596807,27,-86,0.001869,51,2026-05-01 20:54:06.002224,18,1.037,0.0011,"aoml_navis",1024.10693372943
"7901009",109,0.0386126706990098,1,0.065415,1,0.042987,1,200.833188514291,1,4.88225633044147,20,1,25.9820003509521,36.3139991760254,0.0654150024056435,0.658094227313995,193.66130065918,-85.9569,27.3961,9.93371080695368,63,63,63,63,61,63,0.042987,7819,1.11328740596807,27,-86,0.001869,51,2026-05-01 20:54:06.002224,20,1.037,0.0011,"aoml_navis",1024.1166504971
"7901009",109,0.0402914824685319,1,0.067284,1,0.044856,1,200.756553511516,1,4.88219833313815,22,1,25.9729995727539,36.314998626709,0.0672840029001236,0.658094227313995,193.58740234375,-85.9569,27.3961,9.93371080695368,63,63,63,63,61,63,0.044856,7819,1.11328740596807,27,-86,0.001869,51,2026-05-01 20:54:06.002224,22,1.037,0.0011,"aoml_navis",1024.12881632896
"7901009",109,0.0402914824685319,1,0.067284,1,0.044856,1,200.835577918673,1,4.88214903017731,24,1,25.9650001525879,36.3139991760254,0.0672840029001236,0.658094227313995,193.663604736328,-85.9569,27.3961,9.93371080695368,63,63,63,63,61,63,0.044856,7819,1.11328740596807,27,-86,0.001869,51,2026-05-01 20:54:06.002224,24,1.037,0.0011,"aoml_navis",1024.13915861524
"7901009",109,0.0436491060075762,1,0.071022,1,0.048594,1,200.762677349235,1,4.88209762664518,26,1,25.9580001831055,36.3139991760254,0.0710219964385033,0.658094227313995,193.593307495117,-85.9569,27.3961,9.93371080695368,63,63,63,63,61,63,0.048594,7819,1.11328740596807,27,-86,0.001869,51,2026-05-01 20:54:06.002224,26,1.037,0.0011,"aoml_navis",1024.14994176096
"7901009",109,0.0453279177770984,1,0.072891,1,0.050463,1,200.729795347218,1,4.88204235492334,28,1,25.9459991455078,36.3129997253418,0.0728909969329834,0.658094227313995,193.561599731445,-85.9569,27.3961,9.93371080695368,63,63,63,63,61,63,0.050463,7819,1.11328740596807,27,-86,0.001869,51,2026-05-01 20:54:06.002224,28,1.037,0.0011,"aoml_navis",1024.16153660726
"7901009",109,0.0503643530856649,1,0.078498,1,0.05607,1,200.810164783331,1,4.88196058700603,30,1,25.9090003967285,36.3089981079102,0.0784979984164238,0.658094227313995,193.639099121094,-85.9569,27.3961,9.93371080695368,63,63,63,63,61,63,0.05607,7819,1.11328740596807,27,-86,0.001869,51,2026-05-01 20:54:06.002224,30,1.037,0.0011,"aoml_navis",1024.17869028032
"7901009",109,0.0520431648551871,1,0.080367,1,0.057939,1,201.034990329365,1,4.88176465407803,32,1,25.8339996337891,36.3209991455078,0.0803669989109039,0.658094227313995,193.855895996094,-85.9569,27.3961,9.93371080695368,63,63,63,63,61,63,0.057939,7819,1.11328740596807,27,-86,0.001869,51,2026-05-01 20:54:06.002224,32,1.037,0.0011,"aoml_navis",1024.21979638515
"7901009",109,0.0587584119332757,1,0.087843,1,0.065415,1,201.089123788893,1,4.8814620412279,34,1,25.7670001983643,36.3660011291504,0.0878430008888245,0.658094227313995,193.908096313477,-85.9569,27.3961,9.93371080695368,63,63,63,63,61,63,0.065415,7819,1.11328740596807,27,-86,0.001869,51,2026-05-01 20:54:06.002224,34,1.037,0.0011,"aoml_navis",1024.28329008214
"7901009",109,0.06211603547232,1,0.091581,1,0.069153,1,201.120439227772,1,4.88133371497873,36,1,25.7299995422363,36.375,0.0915810018777847,0.658094227313995,193.938293457031,-85.9569,27.3961,9.93371080695368,63,63,63,63,61,63,0.069153,7819,1.11328740596807,27,-86,0.001869,51,2026-05-01 20:54:06.002224,36,1.037,0.0011,"aoml_navis",1024.31021764751
"7901009",109,0.0654736590113644,1,0.095319,1,0.072891,1,201.110596780585,1,4.8812406137073,38,1,25.7070007324219,36.3800010681152,0.095319002866745,0.658094227313995,193.928802490234,-85.9569,27.3961,9.93371080695368,63,63,63,63,61,63,0.072891,7819,1.11328740596807,27,-86,0.001869,51,2026-05-01 20:54:06.002224,38,1.037,0.0011,"aoml_navis",1024.32975460361
"7901009",109,0.0705100943199309,1,0.100926,1,0.078498,1,201.23514646195,1,4.88104012986417,40,1,25.6310005187988,36.3930015563965,0.100925996899605,0.658094227313995,194.048904418945,-85.9569,27.3961,9.93371080695368,63,63,63,63,61,63,0.078498,7819,1.11328740596807,27,-86,0.001869,51,2026-05-01 20:54:06.002224,40,1.037,0.0011,"aoml_navis",1024.37182792413
"7901009",109,0.072188906089453,1,0.102795,1,0.080367,1,201.458104791314,1,4.88077581935733,41.9000015258789,1,25.5030002593994,36.4029998779297,0.102794997394085,0.658094227313995,194.263900756836,-85.9569,27.3961,9.93371080695368,63,63,63,63,61,63,0.080367,7819,1.11328740596807,27,-86,0.001869,51,2026-05-01 20:54:06.002224,41.9000015258789,1.037,0.0011,"aoml_navis",1024.42730112082
"7901009",109,0.0856194002456303,1,0.117747,1,0.095319,1,204.069660484709,1,4.88024104511661,43.9000015258789,1,25.1599998474121,36.4000015258789,0.117747001349926,0.658094227313995,196.782196044922,-85.9569,27.3961,9.93371080695368,63,63,63,63,61,63,0.095319,7819,1.11328740596807,27,-86,0.001869,51,2026-05-01 20:54:06.002224,43.9000015258789,1.037,0.0011,"aoml_navis",1024.53955732437
"7901009",109,0.0973710826322855,1,0.13083,1,0.108402,1,206.213320163841,1,4.87938203462067,46,1,24.7159996032715,36.4469985961914,0.130830004811287,0.658094227313995,198.849304199219,-85.9569,27.3961,9.93371080695368,63,63,63,63,61,63,0.108402,7819,1.11328740596807,27,-86,0.001869,51,2026-05-01 20:54:06.002224,46,1.037,0.0011,"aoml_navis",1024.7199265242
"7901009",109,0.0990498944018076,1,0.132699,1,0.110271,1,207.010684976947,1,4.87898448052988,48.0999984741211,1,24.5279998779297,36.4700012207031,0.132698997855186,0.658094227313995,199.618194580078,-85.9569,27.3961,9.93371080695368,63,63,63,63,61,63,0.110271,7819,1.11328740596807,27,-86,0.001869,51,2026-05-01 20:54:06.002224,48.0999984741211,1.037,0.0011,"aoml_navis",1024.80342373563
"7901009",109,0.105765141479896,1,0.140175,1,0.117747,1,208.019519989743,1,4.87848479452893,50,1,24.2700004577637,36.4949989318848,0.140174999833107,0.658094227313995,200.591003417969,-85.9569,27.3961,9.93371080695368,63,63,63,63,61,63,0.117747,7819,1.11328740596807,27,-86,0.001869,51,2026-05-01 20:54:06.002224,50,1.037,0.0011,"aoml_navis",1024.90839073791
"7901009",109,0.112480388557985,1,0.147651,1,0.125223,1,208.389529543719,1,4.87828364649357,52,1,24.1580009460449,36.4949989318848,0.147651001811028,0.658094227313995,200.947799682617,-85.9569,27.3961,9.93371080695368,63,63,63,63,61,63,0.125223,7819,1.11328740596807,27,-86,0.001869,51,2026-05-01 20:54:06.002224,52,1.037,0.0011,"aoml_navis",1024.95065115656
"7901009",109,0.120874447405596,1,0.156996,1,0.134568,1,208.770220209996,1,4.8780237571259,54,1,24.011999130249,36.4980010986328,0.156995996832848,0.658094227313995,201.314895629883,-85.9569,27.3961,9.93371080695368,63,63,63,63,61,63,0.134568,7819,1.11328740596807,27,-86,0.001869,51,2026-05-01 20:54:06.002224,54,1.037,0.0011,"aoml_navis",1025.00525806089
"7901009",109,0.127589694483684,1,0.164472,1,0.142044,1,208.633850097685,1,4.87791866842664,56,1,23.9720001220703,36.5,0.164471998810768,0.658094227313995,201.183395385742,-85.9569,27.3961,9.93371080695368,63,63,63,63,61,63,0.142044,7819,1.11328740596807,27,-86,0.001869,51,2026-05-01 20:54:06.002224,56,1.037,0.0011,"aoml_navis",1025.02734052611
"7901009",109,0.132626129792251,1,0.170079,1,0.147651,1,208.503081635381,1,4.87778501970397,58,1,23.9220008850098,36.5060005187988,0.170078992843628,0.658094227313995,201.05729675293,-85.9569,27.3961,9.93371080695368,63,63,63,63,61,63,0.147651,7819,1.11328740596807,27,-86,0.001869,51,2026-05-01 20:54:06.002224,58,1.037,0.0011,"aoml_navis",1025.05542573163
"7901009",109,0.134304941561773,1,0.171948,1,0.14952,1,208.307815078649,1,4.87759094207629,60,1,23.8419990539551,36.5169982910156,0.171948000788689,0.658094227313995,200.869003295898,-85.9569,27.3961,9.93371080695368,63,63,63,63,61,63,0.14952,7819,1.11328740596807,27,-86,0.001869,51,2026-05-01 20:54:06.002224,60,1.037,0.0011,"aoml_navis",1025.09621232641
"7901009",109,0.152771871026517,1,0.192507,1,0.170079,1,208.300235444882,1,4.8774323526762,62,1,23.7639999389648,36.5190010070801,0.19250699877739,0.658094227313995,200.861694335938,-85.9569,27.3961,9.93371080695368,63,63,63,63,61,63,0.170079,7819,1.11328740596807,27,-86,0.001869,51,2026-05-01 20:54:06.002224,62,1.037,0.0011,"aoml_navis",1025.129543264
"7901009",109,0.16284474164365,1,0.203721,1,0.181293,1,208.461401561602,1,4.87723514668996,64,1,23.6609992980957,36.5219993591309,0.20372100174427,0.658094227313995,201.017105102539,-85.9569,27.3961,9.93371080695368,63,63,63,63,61,63,0.181293,7819,1.11328740596807,27,-86,0.001869,51,2026-05-01 20:54:06.002224,64,1.037,0.0011,"aoml_navis",1025.17099332259
"7901009",109,0.193063353495049,1,0.237363,1,0.214935,1,209.069196411203,1,4.87705861490864,66,1,23.5750007629395,36.5260009765625,0.237362995743752,0.658094227313995,201.60319519043,-85.9569,27.3961,9.93371080695368,63,63,63,63,61,63,0.214935,7819,1.11328740596807,27,-86,0.001869,51,2026-05-01 20:54:06.002224,66,1.037,0.0011,"aoml_navis",1025.20810078344
"7901009",109,0.198099788803615,1,0.24297,1,0.220542,1,209.569151586239,1,4.87690140246977,68,1,23.5,36.5289993286133,0.242970004677773,0.658094227313995,202.085296630859,-85.9569,27.3961,9.93371080695368,63,63,63,63,61,63,0.220542,7819,1.11328740596807,27,-86,0.001869,51,2026-05-01 20:54:06.002224,68,1.037,0.0011,"aoml_navis",1025.24114952742
"7901009",109,0.20145741234266,1,0.246708,1,0.22428,1,210.136722158108,1,4.87672499901847,70,1,23.4060001373291,36.5299987792969,0.246708005666733,0.658094227313995,202.632598876953,-85.9569,27.3961,9.93371080695368,63,63,63,63,61,63,0.22428,7819,1.11328740596807,27,-86,0.001869,51,2026-05-01 20:54:06.002224,70,1.037,0.0011,"aoml_navis",1025.27823508735
"7901009",109,0.231676024194058,1,0.28035,1,0.257922,1,210.152182079172,1,4.87657200899853,72.0999984741211,1,23.3299999237061,36.5309982299805,0.280349999666214,0.658094227313995,202.647506713867,-85.9569,27.3961,9.93371080695368,63,63,63,63,61,63,0.257922,7819,1.11328740596807,27,-86,0.001869,51,2026-05-01 20:54:06.002224,72.0999984741211,1.037,0.0011,"aoml_navis",1025.31040057928
"7901009",109,0.235033647733103,1,0.284088,1,0.26166,1,209.631070389845,1,4.87646622788505,74,1,23.2770004272461,36.5289993286133,0.284087985754013,0.658094227313995,202.145004272461,-85.9569,27.3961,9.93371080695368,63,63,63,63,61,63,0.26166,7819,1.11328740596807,27,-86,0.001869,51,2026-05-01 20:54:06.002224,74,1.037,0.0011,"aoml_navis",1025.33264178239
"7901009",109,0.293792059666379,1,0.349503,1,0.327075,1,206.170279237236,1,4.87627775663624,76,1,23.1660003662109,36.5270004272461,0.349503010511398,0.658094227313995,198.807800292969,-85.9569,27.3961,9.93371080695368,63,63,63,63,61,63,0.327075,7819,1.11328740596807,27,-86,0.001869,51,2026-05-01 20:54:06.002224,76,1.037,0.0011,"aoml_navis",1025.37227154368
"7901009",109,0.386126706990097,1,0.452298,1,0.42987,1,204.945654108221,1,4.87605868241935,78,1,23.0429992675781,36.5289993286133,0.452297985553741,0.658094227313995,197.626907348633,-85.9569,27.3961,9.93371080695368,63,63,63,63,61,63,0.42987,7819,1.11328740596807,27,-86,0.001869,51,2026-05-01 20:54:06.002224,78,1.037,0.0011,"aoml_navis",1025.41834002686
"7901009",109,0.379411459912009,1,0.444822,1,0.422394,1,207.618179173017,1,4.87593401193695,80,1,22.9669990539551,36.5229988098145,0.444822013378143,0.658094227313995,200.203994750977,-85.9569,27.3961,9.93371080695368,63,63,63,63,61,63,0.422394,7819,1.11328740596807,27,-86,0.001869,51,2026-05-01 20:54:06.002224,80,1.037,0.0011,"aoml_navis",1025.44455847009
"7901009",109,0.397878389376753,1,0.465381,1,0.442953,1,209.217814198952,1,4.87560462638825,82,1,22.757999420166,36.5229988098145,0.465380996465683,0.658094227313995,201.746505737305,-85.9569,27.3961,9.93371080695368,63,63,63,63,61,63,0.442953,7819,1.11328740596807,27,-86,0.001869,51,2026-05-01 20:54:06.002224,82,1.037,0.0011,"aoml_navis",1025.51383533818
"7901009",109,0.443206307153851,1,0.515844,1,0.493416,1,208.555870065953,1,4.87538878379746,84,1,22.6359996795654,36.5250015258789,0.515843987464905,0.658094227313995,201.108200073242,-85.9569,27.3961,9.93371080695368,63,63,63,63,61,63,0.493416,7819,1.11328740596807,27,-86,0.001869,51,2026-05-01 20:54:06.002224,84,1.037,0.0011,"aoml_navis",1025.55923675598
"7901009",109,0.475103730774772,1,0.551355,1,0.528927,1,206.490301185643,1,4.87520757793622,86,1,22.5310001373291,36.523998260498,0.551355004310608,0.658094227313995,199.116394042969,-85.9569,27.3961,9.93371080695368,63,63,63,63,61,63,0.528927,7819,1.11328740596807,27,-86,0.001869,51,2026-05-01 20:54:06.002224,86,1.037,0.0011,"aoml_navis",1025.59735561385
"7901009",109,0.532183330938526,1,0.614901,1,0.592473,1,205.008490696291,1,4.87485040479295,88,1,22.306999206543,36.5270004272461,0.614901006221771,0.658094227313995,197.6875,-85.9569,27.3961,9.93371080695368,63,63,63,63,61,63,0.592473,7819,1.11328740596807,27,-86,0.001869,51,2026-05-01 20:54:06.002224,88,1.037,0.0011,"aoml_navis",1025.67249962871
"7901009",109,0.649700154805077,1,0.745731,1,0.723303,1,204.678499709735,1,4.87466554414326,90,1,22.2250003814697,36.5359992980957,0.745730996131897,0.658094227313995,197.369293212891,-85.9569,27.3961,9.93371080695368,63,63,63,63,61,63,0.723303,7819,1.11328740596807,27,-86,0.001869,51,2026-05-01 20:54:06.002224,90,1.037,0.0011,"aoml_navis",1025.71139593512
"7901009",109,0.649700154805077,1,0.745731,1,0.723303,1,204.510402737923,1,4.87452388559145,92,1,22.1079998016357,36.5200004577637,0.745730996131897,0.658094227313995,197.20719909668,-85.9569,27.3961,9.93371080695368,63,63,63,63,61,63,0.723303,7819,1.11328740596807,27,-86,0.001869,51,2026-05-01 20:54:06.002224,92,1.037,0.0011,"aoml_navis",1025.74120413677
"7901009",109,0.673203519578388,1,0.771897,1,0.749469,1,202.359084305675,1,4.87432987762811,94,1,22,36.5219993591309,0.77189701795578,0.681597590446472,195.132705688477,-85.9569,27.3961,9.93371080695368,63,63,63,63,61,63,0.749469,7819,1.11328740596807,27,-86,0.001869,51,2026-05-01 20:54:06.002224,94,1.037,0.0011,"aoml_navis",1025.78203066409
"7901009",109,0.695028072582175,1,0.796194,1,0.773766,1,200.161813354727,1,4.8741937664357,96,1,21.9669990539551,36.5359992980957,0.796194016933441,0.703422129154205,193.013900756836,-85.9569,27.3961,9.93371080695368,63,63,63,63,61,63,0.773766,7819,1.11328740596807,27,-86,0.001869,51,2026-05-01 20:54:06.002224,96,1.037,0.0011,"aoml_navis",1025.8106754866
"7901009",109,0.599335801719412,1,0.689661,1,0.667233,1,197.771760194649,1,4.87406894891654,98,1,21.9370002746582,36.5480003356934,0.689661026000977,0.607729852199554,190.709197998047,-85.9569,27.3961,9.93371080695368,63,63,63,63,61,63,0.667233,7819,1.11328740596807,27,-86,0.001869,51,2026-05-01 20:54:06.002224,98,1.037,0.0011,"aoml_navis",1025.83694494339
"7901009",109,0.555686695711836,1,0.641067,1,0.618639,1,195.885301699724,1,4.87391223096601,100,1,21.8589992523193,36.5509986877441,0.641067028045654,0.564080715179443,188.890106201172,-85.9569,27.3961,9.93371080695368,63,63,63,63,61,63,0.618639,7819,1.11328740596807,27,-86,0.001869,51,2026-05-01 20:54:06.002224,100,1.037,0.0011,"aoml_navis",1025.86993016265
"7901009",109,0.547292636864225,1,0.631722,1,0.609294,1,194.460409671033,1,4.87371651932476,102,1,21.7490005493164,36.5530014038086,0.631721973419189,0.55568665266037,187.516098022461,-85.9569,27.3961,9.93371080695368,63,63,63,63,61,63,0.609294,7819,1.11328740596807,27,-86,0.001869,51,2026-05-01 20:54:06.002224,102,1.037,0.0011,"aoml_navis",1025.91112555983
"7901009",109,0.55065026040327,1,0.63546,1,0.613032,1,192.76682832846,1,4.87361790486001,104,1,21.7059993743896,36.5530014038086,0.635460019111633,0.559044361114502,185.882995605469,-85.9569,27.3961,9.93371080695368,63,63,63,63,61,63,0.613032,7819,1.11328740596807,27,-86,0.001869,51,2026-05-01 20:54:06.002224,104,1.037,0.0011,"aoml_navis",1025.9318841992
"7901009",109,0.533862142708048,1,0.61677,1,0.594342,1,191.631070053788,1,4.87347497795909,106,1,21.6270008087158,36.5519981384277,0.616770029067993,0.54225617647171,184.787796020508,-85.9569,27.3961,9.93371080695368,63,63,63,63,61,63,0.594342,7819,1.11328740596807,27,-86,0.001869,51,2026-05-01 20:54:06.002224,106,1.037,0.0011,"aoml_navis",1025.96197222991
"7901009",109,0.55065026040327,1,0.63546,1,0.613032,1,189.951397893011,1,4.87340585330861,108,1,21.6060009002686,36.5519981384277,0.635460019111633,0.559044361114502,183.168106079102,-85.9569,27.3961,9.93371080695368,63,63,63,63,61,63,0.613032,7819,1.11328740596807,27,-86,0.001869,51,2026-05-01 20:54:06.002224,108,1.037,0.0011,"aoml_navis",1025.97652452965
"7901009",109,0.485176601391905,1,0.562569,1,0.540141,1,187.342326547218,1,4.87330214115643,110,1,21.5590000152588,36.5519981384277,0.56256902217865,0.493570625782013,180.652206420898,-85.9569,27.3961,9.93371080695368,63,63,63,63,61,63,0.540141,7819,1.11328740596807,27,-86,0.001869,51,2026-05-01 20:54:06.002224,110,1.037,0.0011,"aoml_navis",1025.99835905383
"7901009",109,0.47342491900525,1,0.549486,1,0.527058,1,184.544302368852,1,4.8731641940394,112,1,21.4780006408691,36.548999786377,0.549485981464386,0.481818974018097,177.9541015625,-85.9569,27.3961,9.93371080695368,63,63,63,63,61,63,0.527058,7819,1.11328740596807,27,-86,0.001869,51,2026-05-01 20:54:06.002224,112,1.037,0.0011,"aoml_navis",1026.02740250693
"7901009",109,0.448242742462418,1,0.521451,1,0.499023,1,181.673266853959,1,4.87301480692647,114,1,21.4099998474121,36.5540008544922,0.521450996398926,0.456636786460876,175.185592651367,-85.9569,27.3961,9.93371080695368,63,63,63,63,61,63,0.499023,7819,1.11328740596807,27,-86,0.001869,51,2026-05-01 20:54:06.002224,114,1.037,0.0011,"aoml_navis",1026.05885639687
"7901009",109,0.399557201146275,1,0.46725,1,0.444822,1,179.430787106205,1,4.87286842662035,116,1,21.3250007629395,36.5519981384277,0.467249989509583,0.407951265573502,173.023193359375,-85.9569,27.3961,9.93371080695368,63,63,63,63,61,63,0.444822,7819,1.11328740596807,27,-86,0.001869,51,2026-05-01 20:54:06.002224,116,1.037,0.0011,"aoml_navis",1026.08967906565
"7901009",109,0.359265718677743,1,0.422394,1,0.399966,1,176.587348420723,1,4.8726999879611,118,1,21.2450008392334,36.5579986572266,0.422394007444382,0.367659747600555,170.281295776367,-85.9569,27.3961,9.93371080695368,63,63,63,63,61,63,0.399966,7819,1.11328740596807,27,-86,0.001869,51,2026-05-01 20:54:06.002224,118,1.037,0.0011,"aoml_navis",1026.12514875806
"7901009",109,0.317295424439689,1,0.375669,1,0.353241,1,174.424098790437,1,4.87248545029966,120,1,21.1049995422363,36.5550003051758,0.375669002532959,0.32568946480751,168.195297241211,-85.9569,27.3961,9.93371080695368,63,63,63,63,61,63,0.353241,7819,1.11328740596807,27,-86,0.001869,51,2026-05-01 20:54:06.002224,120,1.037,0.0011,"aoml_navis",1026.17032949631
"7901009",109,0.312258989131122,1,0.370062,1,0.347634,1,173.096602682061,1,4.87237867319355,122,1,21.0550003051758,36.5550003051758,0.370061993598938,0.320653051137924,166.91520690918,-85.9569,27.3961,9.93371080695368,63,63,63,63,61,63,0.347634,7819,1.11328740596807,27,-86,0.001869,51,2026-05-01 20:54:06.002224,122,1.037,0.0011,"aoml_navis",1026.1928177932
"7901009",109,0.285398000818768,1,0.340158,1,0.31773,1,170.753008404525,1,4.87230048256048,124,1,21.0240001678467,36.5540008544922,0.340157985687256,0.29379203915596,164.655303955078,-85.9569,27.3961,9.93371080695368,63,63,63,63,61,63,0.31773,7819,1.11328740596807,27,-86,0.001869,51,2026-05-01 20:54:06.002224,124,1.037,0.0011,"aoml_navis",1026.20928612605
"7901009",109,0.273646318432113,1,0.327075,1,0.304647,1,166.01510434586,1,4.87221940984942,126,1,20.988000869751,36.5519981384277,0.327075004577637,0.282040357589722,160.08659362793,-85.9569,27.3961,9.93371080695368,63,63,63,63,61,63,0.304647,7819,1.11328740596807,27,-86,0.001869,51,2026-05-01 20:54:06.002224,126,1.037,0.0011,"aoml_navis",1026.22636203375
"7901009",109,0.235033647733103,1,0.284088,1,0.26166,1,158.141225715627,1,4.87199704566601,128,1,20.8770008087158,36.5620002746582,0.284087985754013,0.243427708745003,152.493896484375,-85.9569,27.3961,9.93371080695368,63,63,63,63,61,63,0.26166,7819,1.11328740596807,27,-86,0.001869,51,2026-05-01 20:54:06.002224,128,1.037,0.0011,"aoml_navis",1026.27320031892
"7901009",109,0.240070083041669,1,0.289695,1,0.267267,1,153.012899310589,1,4.87179421136493,130,1,20.9580001831055,36.6360015869141,0.289694994688034,0.24846413731575,147.548706054688,-85.9569,27.3961,9.93371080695368,63,63,63,63,61,63,0.267267,7819,1.11328740596807,27,-86,0.001869,51,2026-05-01 20:54:06.002224,130,1.037,0.0011,"aoml_navis",1026.31592860306
"7901009",109,0.22496077711597,1,0.272874,1,0.250446,1,153.774802830856,1,4.87170245532285,132,1,20.9109992980957,36.632999420166,0.272873997688293,0.233354836702347,148.283401489258,-85.9569,27.3961,9.93371080695368,63,63,63,63,61,63,0.250446,7819,1.11328740596807,27,-86,0.001869,51,2026-05-01 20:54:06.002224,132,1.037,0.0011,"aoml_navis",1026.33525874245
"7901009",109,0.196420977034093,1,0.241101,1,0.218673,1,154.546770332491,1,4.87149519048203,134,1,20.6499996185303,36.5849990844727,0.241100996732712,0.204815030097961,149.027801513672,-85.9569,27.3961,9.93371080695368,63,63,63,63,61,63,0.218673,7819,1.11328740596807,27,-86,0.001869,51,2026-05-01 20:54:06.002224,134,1.037,0.0011,"aoml_navis",1026.37892566722
"7901009",109,0.172917612260783,1,0.214935,1,0.192507,1,154.496687783702,1,4.87128899479944,136,1,20.4860000610352,36.5719985961914,0.214935004711151,0.181311666965485,148.979507446289,-85.9569,27.3961,9.93371080695368,63,63,63,63,61,63,0.192507,7819,1.11328740596807,27,-86,0.001869,51,2026-05-01 20:54:06.002224,136,1.037,0.0011,"aoml_navis",1026.42237102705
"7901009",109,0.135983753331295,1,0.173817,1,0.151389,1,158.733798002216,1,4.87106050785519,138,1,20.3320007324219,36.5690002441406,0.173816993832588,0.144377797842026,153.065307617188,-85.9569,27.3961,9.93371080695368,63,63,63,63,61,63,0.151389,7819,1.11328740596807,27,-86,0.001869,51,2026-05-01 20:54:06.002224,138,1.037,0.0011,"aoml_navis",1026.47051744417
"7901009",109,0.112480388557985,1,0.147651,1,0.125223,1,159.449448350252,1,4.87093915008847,140,1,20.1959991455078,36.5429992675781,0.147651001811028,0.12087444961071,153.755401611328,-85.9569,27.3961,9.93371080695368,63,63,63,63,61,63,0.125223,7819,1.11328740596807,27,-86,0.001869,51,2026-05-01 20:54:06.002224,140,1.037,0.0011,"aoml_navis",1026.49609160262
"7901009",109,0.107443953249418,1,0.142044,1,0.119616,1,159.528361990318,1,4.87081831000441,142,1,20.1450004577637,36.5470008850098,0.142043992877007,0.115838006138802,153.831497192383,-85.9569,27.3961,9.93371080695368,63,63,63,63,61,63,0.119616,7819,1.11328740596807,27,-86,0.001869,51,2026-05-01 20:54:06.002224,142,1.037,0.0011,"aoml_navis",1026.52155793417
"7901009",109,0.0856194002456303,1,0.117747,1,0.095319,1,158.24855902635,1,4.87071391320032,144,1,20.0499992370605,36.5309982299805,0.117747001349926,0.0940134525299072,152.597396850586,-85.9569,27.3961,9.93371080695368,63,63,63,63,61,63,0.095319,7819,1.11328740596807,27,-86,0.001869,51,2026-05-01 20:54:06.002224,144,1.037,0.0011,"aoml_navis",1026.54355995931
"7901009",109,0.0889770237846747,1,0.121485,1,0.099057,1,155.839010858339,1,4.87057283301529,146,1,19.9799995422363,36.5340003967285,0.121485002338886,0.0973710790276527,150.273895263672,-85.9569,27.3961,9.93371080695368,63,63,63,63,61,63,0.099057,7819,1.11328740596807,27,-86,0.001869,51,2026-05-01 20:54:06.002224,146,1.037,0.0011,"aoml_navis",1026.57329464563
"7901009",109,0.0889770237846747,1,0.121485,1,0.099057,1,154.341123316989,1,4.87046561171848,148,1,19.92799949646,36.5340003967285,0.121485002338886,0.0973710790276527,148.829498291016,-85.9569,27.3961,9.93371080695368,63,63,63,63,61,63,0.099057,7819,1.11328740596807,27,-86,0.001869,51,2026-05-01 20:54:06.002224,148,1.037,0.0011,"aoml_navis",1026.5958942344
"7901009",109,0.0856194002456303,1,0.117747,1,0.095319,1,152.936153540723,1,4.87036518238578,150,1,19.886999130249,36.5359992980957,0.117747001349926,0.0940134525299072,147.474700927734,-85.9569,27.3961,9.93371080695368,63,63,63,63,61,63,0.095319,7819,1.11328740596807,27,-86,0.001869,51,2026-05-01 20:54:06.002224,150,1.037,0.0011,"aoml_navis",1026.61706314817
"7901009",109,0.0705100943199309,1,0.100926,1,0.078498,1,151.329476892604,1,4.87023959298312,152,1,19.8059997558594,36.5309982299805,0.100925996899605,0.0789041519165039,145.925399780273,-85.9569,27.3961,9.93371080695368,63,63,63,63,61,63,0.078498,7819,1.11328740596807,27,-86,0.001869,51,2026-05-01 20:54:06.002224,152,1.037,0.0011,"aoml_navis",1026.643536635
"7901009",109,0.0587584119332757,1,0.087843,1,0.065415,1,150.578982382662,1,4.87007614658688,154,1,19.7119998931885,36.5320014953613,0.0878430008888245,0.0671524703502655,145.201705932617,-85.9569,27.3961,9.93371080695368,63,63,63,63,61,63,0.065415,7819,1.11328740596807,27,-86,0.001869,51,2026-05-01 20:54:06.002224,154,1.037,0.0011,"aoml_navis",1026.67799219201
"7901009",109,0.0453279177770984,1,0.072891,1,0.050463,1,148.494234971821,1,4.86997171342376,156,1,19.632999420166,36.5219993591309,0.0728909969329834,0.0537219755351543,143.19140625,-85.9569,27.3961,9.93371080695368,63,63,63,63,61,63,0.050463,7819,1.11328740596807,27,-86,0.001869,51,2026-05-01 20:54:06.002224,156,1.037,0.0011,"aoml_navis",1026.70000858893
"7901009",109,0.0520431648551871,1,0.080367,1,0.057939,1,145.508096625998,1,4.86988877957246,158,1,19.6200008392334,36.5289993286133,0.0803669989109039,0.0604372248053551,140.311904907227,-85.9569,27.3961,9.93371080695368,63,63,63,63,61,63,0.057939,7819,1.11328740596807,27,-86,0.001869,51,2026-05-01 20:54:06.002224,158,1.037,0.0011,"aoml_navis",1026.71749321531
"7901009",109,0.0503643530856649,1,0.078498,1,0.05607,1,145.491402443068,1,4.86966589805139,160,1,19.4489994049072,36.5200004577637,0.0784979984164238,0.0587584115564823,140.295806884766,-85.9569,27.3961,9.93371080695368,63,63,63,63,61,63,0.05607,7819,1.11328740596807,27,-86,0.001869,51,2026-05-01 20:54:06.002224,160,1.037,0.0011,"aoml_navis",1026.7644854241
"7901009",109,0.0268609883123546,1,0.052332,1,0.029904,1,145.324634676342,1,4.86946902809345,162,1,19.2980003356934,36.5110015869141,0.0523319989442825,0.0352550446987152,140.134994506836,-85.9569,27.3961,9.93371080695368,63,63,63,63,61,63,0.029904,7819,1.11328740596807,27,-86,0.001869,51,2026-05-01 20:54:06.002224,162,1.037,0.0011,"aoml_navis",1026.80599694822
"7901009",109,0.0218245530037881,1,0.046725,1,0.024297,1,145.04546996047,1,4.86934127118453,164,1,19.2049999237061,36.5029983520508,0.0467250011861324,0.0302186124026775,139.865798950195,-85.9569,27.3961,9.93371080695368,63,63,63,63,61,63,0.024297,7819,1.11328740596807,27,-86,0.001869,51,2026-05-01 20:54:06.002224,164,1.037,0.0011,"aoml_navis",1026.83293725759
"7901009",109,0.0167881176952216,1,0.041118,1,0.01869,1,144.422737377517,1,4.86922107851155,166,1,19.1119995117188,36.4930000305176,0.041117999702692,0.0251821763813496,139.26530456543,-85.9569,27.3961,9.93371080695368,63,63,63,63,61,63,0.01869,7819,1.11328740596807,27,-86,0.001869,51,2026-05-01 20:54:06.002224,166,1.037,0.0011,"aoml_navis",1026.85828377471
"7901009",109,0.0218245530037881,1,0.046725,1,0.024297,1,143.852777401267,1,4.86911901830782,168,1,19.0540008544922,36.4900016784668,0.0467250011861324,0.0302186124026775,138.715698242188,-85.9569,27.3961,9.93371080695368,63,63,63,63,61,63,0.024297,7819,1.11328740596807,27,-86,0.001869,51,2026-05-01 20:54:06.002224,168,1.037,0.0011,"aoml_navis",1026.87980745594
"7901009",109,0.0184669294647438,1,0.042987,1,0.020559,1,143.455803972682,1,4.86901963215362,170,1,19.0009994506836,36.4879989624023,0.0429870001971722,0.0268609877675772,138.332901000977,-85.9569,27.3961,9.93371080695368,63,63,63,63,61,63,0.020559,7819,1.11328740596807,27,-86,0.001869,51,2026-05-01 20:54:06.002224,170,1.037,0.0011,"aoml_navis",1026.90076806867
"7901009",109,0.0167881176952216,1,0.041118,1,0.01869,1,142.761610792469,1,4.86894377582529,172,1,18.9699993133545,36.4869995117188,0.041117999702692,0.0251821763813496,137.663497924805,-85.9569,27.3961,9.93371080695368,63,63,63,63,61,63,0.01869,7819,1.11328740596807,27,-86,0.001869,51,2026-05-01 20:54:06.002224,172,1.037,0.0011,"aoml_navis",1026.91676679969
"7901009",109,0.00839405884761082,1,0.031773,1,0.009345,1,141.5676839714,1,4.86881378933578,174,1,18.8889999389648,36.484001159668,0.0317730009555817,0.0167881175875664,136.51220703125,-85.9569,27.3961,9.93371080695368,63,63,63,63,61,63,0.009345,7819,1.11328740596807,27,-86,0.001869,51,2026-05-01 20:54:06.002224,174,1.037,0.0011,"aoml_navis",1026.94418319131
"7901009",109,0.0117516823866551,1,0.035511,1,0.013083,1,139.558321477599,1,4.8687045854352,176,1,18.806999206543,36.4749984741211,0.0355109982192516,0.0201457403600216,134.574600219727,-85.9569,27.3961,9.93371080695368,63,63,63,63,61,63,0.013083,7819,1.11328740596807,27,-86,0.001869,51,2026-05-01 20:54:06.002224,176,1.037,0.0011,"aoml_navis",1026.96721730819
"7901009",109,0.00671524707808865,1,0.029904,1,0.007476,1,136.305455977783,1,4.86856627597315,178,1,18.6949996948242,36.4640007019043,0.0299040004611015,0.0151093062013388,131.437896728516,-85.9569,27.3961,9.93371080695368,63,63,63,63,61,63,0.007476,7819,1.11328740596807,27,-86,0.001869,51,2026-05-01 20:54:06.002224,178,1.037,0.0011,"aoml_navis",1026.9963920745
"7901009",109,0.00503643530856649,1,0.028035,1,0.005607,1,134.727816131252,1,4.86840281154092,180,1,18.5319995880127,36.443000793457,0.0280349999666214,0.0134304938837886,129.916595458984,-85.9569,27.3961,9.93371080695368,63,63,63,63,61,63,0.005607,7819,1.11328740596807,27,-86,0.001869,51,2026-05-01 20:54:06.002224,180,1.037,0.0011,"aoml_navis",1027.03087512543
"7901009",109,0.00671524707808865,1,0.029904,1,0.007476,1,133.798116292705,1,4.86827904488897,182,1,18.4340000152588,36.4329986572266,0.0299040004611015,0.0151093062013388,129.020095825195,-85.9569,27.3961,9.93371080695368,63,63,63,63,61,63,0.007476,7819,1.11328740596807,27,-86,0.001869,51,2026-05-01 20:54:06.002224,182,1.037,0.0011,"aoml_navis",1027.05698541445
"7901009",109,0.00503643530856649,1,0.028035,1,0.005607,1,132.702700974791,1,4.86816014286309,183.899993896484,1,18.3320007324219,36.4210014343262,0.0280349999666214,0.0134304938837886,127.963798522949,-85.9569,27.3961,9.93371080695368,63,63,63,63,61,63,0.005607,7819,1.11328740596807,27,-86,0.001869,51,2026-05-01 20:54:06.002224,183.899993896484,1.037,0.0011,"aoml_navis",1027.08207069363
"7901009",109,0.00503643530856649,1,0.028035,1,0.005607,1,132.342850345404,1,4.86800898680358,186,1,18.1790008544922,36.4000015258789,0.0280349999666214,0.0134304938837886,127.616798400879,-85.9569,27.3961,9.93371080695368,63,63,63,63,61,63,0.005607,7819,1.11328740596807,27,-86,0.001869,51,2026-05-01 20:54:06.002224,186,1.037,0.0011,"aoml_navis",1027.11396251614
"7901009",109,0.00335762353904433,1,0.026166,1,0.003738,1,132.392212908104,1,4.86789876934343,188,1,18.076000213623,36.3849983215332,0.0261659994721413,0.0117516815662384,127.664398193359,-85.9569,27.3961,9.93371080695368,63,63,63,63,61,63,0.003738,7819,1.11328740596807,27,-86,0.001869,51,2026-05-01 20:54:06.002224,188,1.037,0.0011,"aoml_navis",1027.13721811318
"7901009",109,-0.00167881176952216,1,0.020559,1,-0.001869,1,133.668075728424,1,4.86778045716346,190,1,17.9750003814697,36.3730010986328,0.020558999851346,0.00671524694189429,128.89469909668,-85.9569,27.3961,9.93371080695368,63,63,63,63,61,63,-0.001869,7819,1.11328740596807,27,-86,0.001869,51,2026-05-01 20:54:06.002224,190,1.037,0.0011,"aoml_navis",1027.162182847
"7901009",109,0,1,0.022428,1,0,1,132.906583628779,1,4.86767396319008,192,1,17.9050006866455,36.3680000305176,0.0224280003458261,0.00839405879378319,128.160400390625,-85.9569,27.3961,9.93371080695368,63,63,63,63,61,63,0,7819,1.11328740596807,27,-86,0.001869,51,2026-05-01 20:54:06.002224,192,1.037,0.0011,"aoml_navis",1027.18465489073
"7901009",109,0.00335762353904433,1,0.026166,1,0.003738,1,130.737526638176,1,4.86759201683968,194,1,17.8279991149902,36.3540000915527,0.0261659994721413,0.0117516815662384,126.068801879883,-85.9569,27.3961,9.93371080695368,63,63,63,63,61,63,0.003738,7819,1.11328740596807,27,-86,0.001869,51,2026-05-01 20:54:06.002224,194,1.037,0.0011,"aoml_navis",1027.20194763699
"7901009",109,-0.00167881176952216,1,0.020559,1,-0.001869,1,130.706100432206,1,4.8674566670637,196,1,17.6840000152588,36.3330001831055,0.020558999851346,0.00671524694189429,126.038497924805,-85.9569,27.3961,9.93371080695368,63,63,63,63,61,63,-0.001869,7819,1.11328740596807,27,-86,0.001869,51,2026-05-01 20:54:06.002224,196,1.037,0.0011,"aoml_navis",1027.23051112775
"7901009",109,0.00167881176952216,1,0.024297,1,0.001869,1,131.604690542185,1,4.86733389677296,198,1,17.5499992370605,36.3120002746582,0.0242970008403063,0.0100728701800108,126.904998779297,-85.9569,27.3961,9.93371080695368,63,63,63,63,61,63,0.001869,7819,1.11328740596807,27,-86,0.001869,51,2026-05-01 20:54:06.002224,198,1.037,0.0011,"aoml_navis",1027.25642128538
"7901009",109,0.00167881176952216,1,0.024297,1,0.001869,1,132.264348125959,1,4.86726159513179,200,1,17.5020008087158,36.3050003051758,0.0242970008403063,0.0100728701800108,127.54109954834,-85.9569,27.3961,9.93371080695368,63,63,63,63,61,63,0.001869,7819,1.11328740596807,27,-86,0.001869,51,2026-05-01 20:54:06.002224,200,1.037,0.0011,"aoml_navis",1027.27168085664
"7901009",109,0.00335762353904433,1,0.026166,1,0.003738,1,131.775904816402,1,4.86713733682036,202,1,17.3969993591309,36.2939987182617,0.0261659994721413,0.0117516815662384,127.070098876953,-85.9569,27.3961,9.93371080695368,63,63,63,63,61,63,0.003738,7819,1.11328740596807,27,-86,0.001869,51,2026-05-01 20:54:06.002224,202,1.037,0.0011,"aoml_navis",1027.29790716496
"7901009",109,0,1,0.022428,1,0,1,130.779111768735,1,4.86706469951286,204,1,17.3360004425049,36.2830009460449,0.0224280003458261,0.00839405879378319,126.108901977539,-85.9569,27.3961,9.93371080695368,63,63,63,63,61,63,0,7819,1.11328740596807,27,-86,0.001869,51,2026-05-01 20:54:06.002224,204,1.037,0.0011,"aoml_navis",1027.31323881937
"7901009",109,-0.00335762353904433,1,0.01869,1,-0.003738,1,129.449946242065,1,4.86696510642713,206,1,17.2360000610352,36.2669982910156,0.0186899993568659,0.0050364350900054,124.827201843262,-85.9569,27.3961,9.93371080695368,63,63,63,63,61,63,-0.003738,7819,1.11328740596807,27,-86,0.001869,51,2026-05-01 20:54:06.002224,206,1.037,0.0011,"aoml_navis",1027.33426081013
"7901009",109,-0.00167881176952216,1,0.020559,1,-0.001869,1,129.997080285732,1,4.86680943602737,208,1,17.0429992675781,36.2369995117188,0.020558999851346,0.00671524694189429,125.354797363281,-85.9569,27.3961,9.93371080695368,63,63,63,63,61,63,-0.001869,7819,1.11328740596807,27,-86,0.001869,51,2026-05-01 20:54:06.002224,208,1.037,0.0011,"aoml_navis",1027.36712125744
"7901009",109,0.00167881176952216,1,0.024297,1,0.001869,1,131.133566458427,1,4.86671948436797,210,1,16.9629993438721,36.2249984741211,0.0242970008403063,0.0100728701800108,126.450698852539,-85.9569,27.3961,9.93371080695368,63,63,63,63,61,63,0.001869,7819,1.11328740596807,27,-86,0.001869,51,2026-05-01 20:54:06.002224,210,1.037,0.0011,"aoml_navis",1027.3861101015
"7901009",109,0.00167881176952216,1,0.024297,1,0.001869,1,131.661521971561,1,4.86658313125948,212,1,16.8199996948242,36.2060012817383,0.0242970008403063,0.0100728701800108,126.959800720215,-85.9569,27.3961,9.93371080695368,63,63,63,63,61,63,0.001869,7819,1.11328740596807,27,-86,0.001869,51,2026-05-01 20:54:06.002224,212,1.037,0.0011,"aoml_navis",1027.41489565514
"7901009",109,-0.00167881176952216,1,0.020559,1,-0.001869,1,131.632279459662,1,4.86649846689779,214,1,16.7439994812012,36.1940002441406,0.020558999851346,0.00671524694189429,126.931602478027,-85.9569,27.3961,9.93371080695368,63,63,63,63,61,63,-0.001869,7819,1.11328740596807,27,-86,0.001869,51,2026-05-01 20:54:06.002224,214,1.037,0.0011,"aoml_navis",1027.43276999064
"7901009",109,0.00167881176952216,1,0.024297,1,0.001869,1,130.808765701256,1,4.8664213170761,216,1,16.6840000152588,36.185001373291,0.0242970008403063,0.0100728701800108,126.137496948242,-85.9569,27.3961,9.93371080695368,63,63,63,63,61,63,0.001869,7819,1.11328740596807,27,-86,0.001869,51,2026-05-01 20:54:06.002224,216,1.037,0.0011,"aoml_navis",1027.44905839845
"7901009",109,0.00167881176952216,1,0.024297,1,0.001869,1,129.515591567074,1,4.86636429359593,218,1,16.6480007171631,36.1780014038086,0.0242970008403063,0.0100728701800108,124.890502929688,-85.9569,27.3961,9.93371080695368,63,63,63,63,61,63,0.001869,7819,1.11328740596807,27,-86,0.001869,51,2026-05-01 20:54:06.002224,218,1.037,0.0011,"aoml_navis",1027.46109792478
"7901009",109,0,1,0.022428,1,0,1,128.201253006665,1,4.86627538753978,220,1,16.5709991455078,36.1669998168945,0.0224280003458261,0.00839405879378319,123.623100280762,-85.9569,27.3961,9.93371080695368,63,63,63,63,61,63,0,7819,1.11328740596807,27,-86,0.001869,51,2026-05-01 20:54:06.002224,220,1.037,0.0011,"aoml_navis",1027.47986947114
"7901009",109,-0.00335762353904433,1,0.01869,1,-0.003738,1,127.38728895385,1,4.86620617485984,222,1,16.507999420166,36.1549987792969,0.0186899993568659,0.0050364350900054,122.838203430176,-85.9569,27.3961,9.93371080695368,63,63,63,63,61,63,-0.003738,7819,1.11328740596807,27,-86,0.001869,51,2026-05-01 20:54:06.002224,222,1.037,0.0011,"aoml_navis",1027.49448345025
"7901009",109,0,1,0.022428,1,0,1,126.991763409377,1,4.86611283745254,224,1,16.4169998168945,36.140998840332,0.0224280003458261,0.00839405879378319,122.456802368164,-85.9569,27.3961,9.93371080695368,63,63,63,63,61,63,0,7819,1.11328740596807,27,-86,0.001869,51,2026-05-01 20:54:06.002224,224,1.037,0.0011,"aoml_navis",1027.51419192687
"7901009",109,-0.00335762353904433,1,0.01869,1,-0.003738,1,127.023703891125,1,4.86603448916718,226,1,16.3519992828369,36.1310005187988,0.0186899993568659,0.0050364350900054,122.487602233887,-85.9569,27.3961,9.93371080695368,63,63,63,63,61,63,-0.003738,7819,1.11328740596807,27,-86,0.001869,51,2026-05-01 20:54:06.002224,226,1.037,0.0011,"aoml_navis",1027.53073598863
"7901009",109,-0.00167881176952216,1,0.020559,1,-0.001869,1,126.537847784326,1,4.8659694975633,228,1,16.3020000457764,36.1220016479492,0.020558999851346,0.00671524694189429,122.019096374512,-85.9569,27.3961,9.93371080695368,63,63,63,63,61,63,-0.001869,7819,1.11328740596807,27,-86,0.001869,51,2026-05-01 20:54:06.002224,228,1.037,0.0011,"aoml_navis",1027.54446005135
"7901009",109,0,1,0.022428,1,0,1,126.347866400199,1,4.86587217218589,230,1,16.2099990844727,36.109001159668,0.0224280003458261,0.00839405879378319,121.835899353027,-85.9569,27.3961,9.93371080695368,63,63,63,63,61,63,0,7819,1.11328740596807,27,-86,0.001869,51,2026-05-01 20:54:06.002224,230,1.037,0.0011,"aoml_navis",1027.56501261599
"7901009",109,-0.00335762353904433,1,0.01869,1,-0.003738,1,126.244678943436,1,4.86581722380359,232,1,16.1720008850098,36.101001739502,0.0186899993568659,0.0050364350900054,121.736396789551,-85.9569,27.3961,9.93371080695368,63,63,63,63,61,63,-0.003738,7819,1.11328740596807,27,-86,0.001869,51,2026-05-01 20:54:06.002224,232,1.037,0.0011,"aoml_navis",1027.57661663492
"7901009",109,-0.00167881176952216,1,0.020559,1,-0.001869,1,126.112146119619,1,4.86576562840393,234,1,16.1499996185303,36.0970001220703,0.020558999851346,0.00671524694189429,121.608596801758,-85.9569,27.3961,9.93371080695368,63,63,63,63,61,63,-0.001869,7819,1.11328740596807,27,-86,0.001869,51,2026-05-01 20:54:06.002224,234,1.037,0.0011,"aoml_navis",1027.58751280836
"7901009",109,0,1,0.020559,1,-0.001869,1,126.194382772401,1,4.86568080067462,236,1,16.07200050354,36.0849990844727,0.020558999851346,0.00671524694189429,121.687896728516,-85.9569,27.3961,9.93371080695368,63,63,63,63,61,63,0,7819,1.11328740596807,27,-86,0.001869,51,2026-05-01 20:54:06.002224,236,1.037,0.0011,"aoml_navis",1027.60542765295
"7901009",109,0,1,0.01869,1,-0.003738,1,126.730535050235,1,4.8655715000633,238,1,15.9519996643066,36.0670013427734,0.0186899993568659,0.0050364350900054,122.204902648926,-85.9569,27.3961,9.93371080695368,63,63,63,63,61,63,0,7819,1.11328740596807,27,-86,0.001869,51,2026-05-01 20:54:06.002224,238,1.037,0.0011,"aoml_navis",1027.62851186853
"7901009",109,0,1,0.01869,1,-0.003738,1,126.913047567686,1,4.86550101774797,240,1,15.8929996490479,36.056999206543,0.0186899993568659,0.0050364350900054,122.380897521973,-85.9569,27.3961,9.93371080695368,63,63,63,63,61,63,0,7819,1.11328740596807,27,-86,0.001869,51,2026-05-01 20:54:06.002224,240,1.037,0.0011,"aoml_navis",1027.64339823616
"7901009",109,0,1,0.020559,1,-0.001869,1,126.44348213513,1,4.86544666928928,242,1,15.8649997711182,36.0519981384277,0.020558999851346,0.00671524694189429,121.928100585938,-85.9569,27.3961,9.93371080695368,63,63,63,63,61,63,0,7819,1.11328740596807,27,-86,0.001869,51,2026-05-01 20:54:06.002224,242,1.037,0.0011,"aoml_navis",1027.65487731271
"7901009",109,0,1,0.024297,1,0.001869,1,125.854968671216,1,4.86535420227019,244,1,15.7659997940063,36.0359992980957,0.0242970008403063,0.0100728701800108,121.36060333252,-85.9569,27.3961,9.93371080695368,63,63,63,63,61,63,0,7819,1.11328740596807,27,-86,0.001869,51,2026-05-01 20:54:06.002224,244,1.037,0.0011,"aoml_navis",1027.67440809694
"7901009",109,0,1,0.01869,1,-0.003738,1,125.31322265531,1,4.86523840400787,246,1,15.6319999694824,36.015998840332,0.0186899993568659,0.0050364350900054,120.838203430176,-85.9569,27.3961,9.93371080695368,63,63,63,63,61,63,0,7819,1.11328740596807,27,-86,0.001869,51,2026-05-01 20:54:06.002224,246,1.037,0.0011,"aoml_navis",1027.69886792826
"7901009",109,0,1,0.01869,1,-0.003738,1,125.013312845769,1,4.86514873772826,248,1,15.5279998779297,35.9980010986328,0.0186899993568659,0.0050364350900054,120.549003601074,-85.9569,27.3961,9.93371080695368,63,63,63,63,61,63,0,7819,1.11328740596807,27,-86,0.001869,51,2026-05-01 20:54:06.002224,248,1.037,0.0011,"aoml_navis",1027.71780875392
"7901009",109,0,1,0.01869,1,-0.003738,1,124.805798613598,1,4.86506450837564,250,1,15.4420003890991,35.984001159668,0.0186899993568659,0.0050364350900054,120.348899841309,-85.9569,27.3961,9.93371080695368,63,63,63,63,61,63,0,7819,1.11328740596807,27,-86,0.001869,51,2026-05-01 20:54:06.002224,250,1.037,0.0011,"aoml_navis",1027.73560173602
"7901009",109,0,1,0.01869,1,-0.003738,1,124.474051177465,1,4.86497517688244,252,1,15.3509998321533,35.9700012207031,0.0186899993568659,0.0050364350900054,120.028999328613,-85.9569,27.3961,9.93371080695368,63,63,63,63,61,63,0,7819,1.11328740596807,27,-86,0.001869,51,2026-05-01 20:54:06.002224,252,1.037,0.0011,"aoml_navis",1027.75447319016
"7901009",109,0,1,0.01869,1,-0.003738,1,123.992554546872,1,4.86490209597521,254,1,15.2950000762939,35.9620018005371,0.0186899993568659,0.0050364350900054,119.564697265625,-85.9569,27.3961,9.93371080695368,63,63,63,63,61,63,0,7819,1.11328740596807,27,-86,0.001869,51,2026-05-01 20:54:06.002224,254,1.037,0.0011,"aoml_navis",1027.76991219136
"7901009",109,0,1,0.022428,1,0,1,123.418037296039,1,4.86484233660158,256,1,15.2580003738403,35.9560012817383,0.0224280003458261,0.00839405879378319,119.010696411133,-85.9569,27.3961,9.93371080695368,63,63,63,63,61,63,0,7819,1.11328740596807,27,-86,0.001869,51,2026-05-01 20:54:06.002224,256,1.037,0.0011,"aoml_navis",1027.78253724309
"7901009",109,0,1,0.022428,1,0,1,123.049792103577,1,4.86476253349517,258,1,15.1820001602173,35.9440002441406,0.0224280003458261,0.00839405879378319,118.655601501465,-85.9569,27.3961,9.93371080695368,63,63,63,63,61,63,0,7819,1.11328740596807,27,-86,0.001869,51,2026-05-01 20:54:06.002224,258,1.037,0.0011,"aoml_navis",1027.79939731357
"7901009",109,0,1,0.016821,1,-0.005607,1,122.83885991547,1,4.86470508649272,260,1,15.1470003128052,35.9379997253418,0.0168210007250309,0.00335762347094715,118.452201843262,-85.9569,27.3961,9.93371080695368,63,63,63,63,61,63,0,7819,1.11328740596807,27,-86,0.001869,51,2026-05-01 20:54:06.002224,260,1.037,0.0011,"aoml_navis",1027.81153453329
"7901009",109,0,1,0.022428,1,0,1,122.730284430947,1,4.86464447069439,262,1,15.1090002059937,35.931999206543,0.0224280003458261,0.00839405879378319,118.347503662109,-85.9569,27.3961,9.93371080695368,63,63,63,63,61,63,0,7819,1.11328740596807,27,-86,0.001869,51,2026-05-01 20:54:06.002224,262,1.037,0.0011,"aoml_navis",1027.82434155692
"7901009",109,0,1,0.01869,1,-0.003738,1,122.38007845037,1,4.86458732150101,264,1,15.081000328064,35.9280014038086,0.0186899993568659,0.0050364350900054,118.009803771973,-85.9569,27.3961,9.93371080695368,63,63,63,63,61,63,0,7819,1.11328740596807,27,-86,0.001869,51,2026-05-01 20:54:06.002224,264,1.037,0.0011,"aoml_navis",1027.83641644184
"7901009",109,0,1,0.01869,1,-0.003738,1,122.128383972949,1,4.86454412541551,266,1,15.0659999847412,35.923999786377,0.0186899993568659,0.0050364350900054,117.767097473145,-85.9569,27.3961,9.93371080695368,63,63,63,63,61,63,0,7819,1.11328740596807,27,-86,0.001869,51,2026-05-01 20:54:06.002224,266,1.037,0.0011,"aoml_navis",1027.84554340391
"7901009",109,0,1,0.020559,1,-0.001869,1,122.124760306701,1,4.86449368229803,268,1,15.0340003967285,35.9169998168945,0.020558999851346,0.00671524694189429,117.763603210449,-85.9569,27.3961,9.93371080695368,63,63,63,63,61,63,0,7819,1.11328740596807,27,-86,0.001869,51,2026-05-01 20:54:06.002224,268,1.037,0.0011,"aoml_navis",1027.85620180679
"7901009",109,0,1,0.020559,1,-0.001869,1,122.207614090417,1,4.86441243093877,270,1,14.956000328064,35.9049987792969,0.020558999851346,0.00671524694189429,117.84349822998,-85.9569,27.3961,9.93371080695368,63,63,63,63,61,63,0,7819,1.11328740596807,27,-86,0.001869,51,2026-05-01 20:54:06.002224,270,1.037,0.0011,"aoml_navis",1027.87337031681
"7901009",109,0,1,0.024297,1,0.001869,1,122.322930543592,1,4.86431761109526,272,1,14.8649997711182,35.8930015563965,0.0242970008403063,0.0100728701800108,117.954696655273,-85.9569,27.3961,9.93371080695368,63,63,63,63,61,63,0,7819,1.11328740596807,27,-86,0.001869,51,2026-05-01 20:54:06.002224,272,1.037,0.0011,"aoml_navis",1027.89340658909
"7901009",109,0,1,0.022428,1,0,1,122.242458252323,1,4.8642642422203,274,1,14.8299999237061,35.8860015869141,0.0224280003458261,0.00839405879378319,117.877098083496,-85.9569,27.3961,9.93371080695368,63,63,63,63,61,63,0,7819,1.11328740596807,27,-86,0.001869,51,2026-05-01 20:54:06.002224,274,1.037,0.0011,"aoml_navis",1027.90468424835
"7901009",109,0,1,0.022428,1,0,1,122.007363014611,1,4.86419645915012,276,1,14.7709999084473,35.8759994506836,0.0224280003458261,0.00839405879378319,117.650398254395,-85.9569,27.3961,9.93371080695368,63,63,63,63,61,63,0,7819,1.11328740596807,27,-86,0.001869,51,2026-05-01 20:54:06.002224,276,1.037,0.0011,"aoml_navis",1027.91900820421
"7901009",109,0,1,0.022428,1,0,1,121.798400898329,1,4.86410906563212,278,1,14.6759996414185,35.8610000610352,0.0224280003458261,0.00839405879378319,117.44889831543,-85.9569,27.3961,9.93371080695368,63,63,63,63,61,63,0,7819,1.11328740596807,27,-86,0.001869,51,2026-05-01 20:54:06.002224,278,1.037,0.0011,"aoml_navis",1027.93747683991
"7901009",109,0,1,0.01869,1,-0.003738,1,121.640462851105,1,4.8640279277815,280,1,14.5970001220703,35.8489990234375,0.0186899993568659,0.0050364350900054,117.296600341797,-85.9569,27.3961,9.93371080695368,63,63,63,63,61,63,0,7819,1.11328740596807,27,-86,0.001869,51,2026-05-01 20:54:06.002224,280,1.037,0.0011,"aoml_navis",1027.95462407645
"7901009",109,0,1,0.020559,1,-0.001869,1,121.422267506633,1,4.86396389631184,282,1,14.5480003356934,35.8409996032715,0.020558999851346,0.00671524694189429,117.086196899414,-85.9569,27.3961,9.93371080695368,63,63,63,63,61,63,0,7819,1.11328740596807,27,-86,0.001869,51,2026-05-01 20:54:06.002224,282,1.037,0.0011,"aoml_navis",1027.96815654642
"7901009",109,0,1,0.020559,1,-0.001869,1,121.272423368953,1,4.86390523330545,284,1,14.5109996795654,35.8349990844727,0.020558999851346,0.00671524694189429,116.941703796387,-85.9569,27.3961,9.93371080695368,63,63,63,63,61,63,0,7819,1.11328740596807,27,-86,0.001869,51,2026-05-01 20:54:06.002224,284,1.037,0.0011,"aoml_navis",1027.98055475313
"7901009",109,0,1,0.024297,1,0.001869,1,121.160319161403,1,4.86384188043746,286,1,14.4589996337891,35.826000213623,0.0242970008403063,0.0100728701800108,116.833602905273,-85.9569,27.3961,9.93371080695368,63,63,63,63,61,63,0,7819,1.11328740596807,27,-86,0.001869,51,2026-05-01 20:54:06.002224,286,1.037,0.0011,"aoml_navis",1027.99394448043
"7901009",109,0,1,0.022428,1,0,1,120.937558630415,1,4.86376822367884,288,1,14.3900003433228,35.814998626709,0.0224280003458261,0.00839405879378319,116.618797302246,-85.9569,27.3961,9.93371080695368,63,63,63,63,61,63,0,7819,1.11328740596807,27,-86,0.001869,51,2026-05-01 20:54:06.002224,288,1.037,0.0011,"aoml_navis",1028.00951238958
"7901009",109,0,1,0.020559,1,-0.001869,1,120.566409757793,1,4.86371396382233,290,1,14.3500003814697,35.806999206543,0.020558999851346,0.00671524694189429,116.260902404785,-85.9569,27.3961,9.93371080695368,63,63,63,63,61,63,0,7819,1.11328740596807,27,-86,0.001869,51,2026-05-01 20:54:06.002224,290,1.037,0.0011,"aoml_navis",1028.0209809194
"7901009",109,0,1,0.020559,1,-0.001869,1,120.102232352998,1,4.86363700283307,292,1,14.2740001678467,35.7949981689453,0.020558999851346,0.00671524694189429,115.813301086426,-85.9569,27.3961,9.93371080695368,63,63,63,63,61,63,0,7819,1.11328740596807,27,-86,0.001869,51,2026-05-01 20:54:06.002224,292,1.037,0.0011,"aoml_navis",1028.03724806919
"7901009",109,0,1,0.024297,1,0.001869,1,119.898041133543,1,4.8635515899935,294,1,14.1789999008179,35.7799987792969,0.0242970008403063,0.0100728701800108,115.616401672363,-85.9569,27.3961,9.93371080695368,63,63,63,63,61,63,0,7819,1.11328740596807,27,-86,0.001869,51,2026-05-01 20:54:06.002224,294,1.037,0.0011,"aoml_navis",1028.05530227894
"7901009",109,0,1,0.020559,1,-0.001869,1,119.695400653356,1,4.86346759280491,296,1,14.085000038147,35.7649993896484,0.020558999851346,0.00671524694189429,115.420997619629,-85.9569,27.3961,9.93371080695368,63,63,63,63,61,63,0,7819,1.11328740596807,27,-86,0.001869,51,2026-05-01 20:54:06.002224,296,1.037,0.0011,"aoml_navis",1028.07305787276
"7901009",109,0,1,0.024297,1,0.001869,1,119.595433354154,1,4.86337975477463,298,1,13.9940004348755,35.7519989013672,0.0242970008403063,0.0100728701800108,115.324600219727,-85.9569,27.3961,9.93371080695368,63,63,63,63,61,63,0,7819,1.11328740596807,27,-86,0.001869,51,2026-05-01 20:54:06.002224,298,1.037,0.0011,"aoml_navis",1028.09162601198
"7901009",109,0,1,0.020559,1,-0.001869,1,119.61980211407,1,4.86330350209302,300,1,13.9139995574951,35.7389984130859,0.020558999851346,0.00671524694189429,115.348098754883,-85.9569,27.3961,9.93371080695368,63,63,63,63,61,63,0,7819,1.11328740596807,27,-86,0.001869,51,2026-05-01 20:54:06.002224,300,1.037,0.0011,"aoml_navis",1028.10774566057
"7901009",109,0,1,0.022428,1,0,1,119.663982359321,1,4.86324390721188,302,1,13.8680000305176,35.7309989929199,0.0224280003458261,0.00839405879378319,115.390701293945,-85.9569,27.3961,9.93371080695368,63,63,63,63,61,63,0,7819,1.11328740596807,27,-86,0.001869,51,2026-05-01 20:54:06.002224,302,1.037,0.0011,"aoml_navis",1028.12034423882
"7901009",109,0,1,0.020559,1,-0.001869,1,119.758245153361,1,4.86318558948101,304,1,13.8159999847412,35.7210006713867,0.020558999851346,0.00671524694189429,115.481597900391,-85.9569,27.3961,9.93371080695368,63,63,63,63,61,63,0,7819,1.11328740596807,27,-86,0.001869,51,2026-05-01 20:54:06.002224,304,1.037,0.0011,"aoml_navis",1028.13267312169
"7901009",109,0,1,0.024297,1,0.001869,1,119.833020851403,1,4.86309233792753,306,1,13.6969995498657,35.7019996643066,0.0242970008403063,0.0100728701800108,115.553703308105,-85.9569,27.3961,9.93371080695368,63,63,63,63,61,63,0,7819,1.11328740596807,27,-86,0.001869,51,2026-05-01 20:54:06.002224,306,1.037,0.0011,"aoml_navis",1028.15238793735
"7901009",109,0,1,0.028035,1,0.005607,1,119.670929038284,1,4.86300461466658,308,1,13.6009998321533,35.6879997253418,0.0280349999666214,0.0134304938837886,115.397399902344,-85.9569,27.3961,9.93371080695368,63,63,63,63,61,63,0,7819,1.11328740596807,27,-86,0.001869,51,2026-05-01 20:54:06.002224,308,1.037,0.0011,"aoml_navis",1028.17093467694
"7901009",109,0,1,0.024297,1,0.001869,1,119.387199135895,1,4.86292778182928,310,1,13.5299997329712,35.6780014038086,0.0242970008403063,0.0100728701800108,115.123802185059,-85.9569,27.3961,9.93371080695368,63,63,63,63,61,63,0,7819,1.11328740596807,27,-86,0.001869,51,2026-05-01 20:54:06.002224,310,1.037,0.0011,"aoml_navis",1028.18717947712
"7901009",109,0,1,0.024297,1,0.001869,1,119.114767476739,1,4.86287666933949,312,1,13.4989995956421,35.6720008850098,0.0242970008403063,0.0100728701800108,114.861099243164,-85.9569,27.3961,9.93371080695368,63,63,63,63,61,63,0,7819,1.11328740596807,27,-86,0.001869,51,2026-05-01 20:54:06.002224,312,1.037,0.0011,"aoml_navis",1028.19798649739
"7901009",109,0,1,0.020559,1,-0.001869,1,118.912854894576,1,4.86282223039411,314,1,13.4610004425049,35.6650009155273,0.020558999851346,0.00671524694189429,114.666397094727,-85.9569,27.3961,9.93371080695368,63,63,63,63,61,63,0,7819,1.11328740596807,27,-86,0.001869,51,2026-05-01 20:54:06.002224,314,1.037,0.0011,"aoml_navis",1028.20949709995
"7901009",109,0,1,0.01869,1,-0.003738,1,118.987005549749,1,4.86276519764323,316,1,13.423999786377,35.6590003967285,0.0186899993568659,0.0050364350900054,114.737899780273,-85.9569,27.3961,9.93371080695368,63,63,63,63,61,63,0,7819,1.11328740596807,27,-86,0.001869,51,2026-05-01 20:54:06.002224,316,1.037,0.0011,"aoml_navis",1028.22155641471
"7901009",109,0,1,0.022428,1,0,1,119.270118321206,1,4.86270653315056,318,1,13.3780002593994,35.6510009765625,0.0224280003458261,0.00839405879378319,115.010902404785,-85.9569,27.3961,9.93371080695368,63,63,63,63,61,63,0,7819,1.11328740596807,27,-86,0.001869,51,2026-05-01 20:54:06.002224,318,1.037,0.0011,"aoml_navis",1028.23396104895
"7901009",109,0,1,0.020559,1,-0.001869,1,119.482814870826,1,4.86264032698393,320,1,13.3170003890991,35.640998840332,0.020558999851346,0.00671524694189429,115.216003417969,-85.9569,27.3961,9.93371080695368,63,63,63,63,61,63,0,7819,1.11328740596807,27,-86,0.001869,51,2026-05-01 20:54:06.002224,320,1.037,0.0011,"aoml_navis",1028.24796073315
"7901009",109,0,1,0.024297,1,0.001869,1,119.394145814858,1,4.86256636742157,322,1,13.2370004653931,35.6279983520508,0.0242970008403063,0.0100728701800108,115.130500793457,-85.9569,27.3961,9.93371080695368,63,63,63,63,61,63,0,7819,1.11328740596807,27,-86,0.001869,51,2026-05-01 20:54:06.002224,322,1.037,0.0011,"aoml_navis",1028.26360036939
"7901009",109,0,1,0.01869,1,-0.003738,1,119.258915021192,1,4.86248249372808,324,1,13.1429996490479,35.6139984130859,0.0186899993568659,0.0050364350900054,115.000099182129,-85.9569,27.3961,9.93371080695368,63,63,63,63,61,63,0,7819,1.11328740596807,27,-86,0.001869,51,2026-05-01 20:54:06.002224,324,1.037,0.0011,"aoml_navis",1028.28133704323
"7901009",109,0,1,0.024297,1,0.001869,1,118.823362997363,1,4.86243708345593,326,1,13.121000289917,35.609001159668,0.0242970008403063,0.0100728701800108,114.580101013184,-85.9569,27.3961,9.93371080695368,63,63,63,63,61,63,0,7819,1.11328740596807,27,-86,0.001869,51,2026-05-01 20:54:06.002224,326,1.037,0.0011,"aoml_navis",1028.29094015676
"7901009",109,0,1,0.022428,1,0,1,118.595214438614,1,4.86235451944968,328,1,13.0389995574951,35.5979995727539,0.0224280003458261,0.00839405879378319,114.36009979248,-85.9569,27.3961,9.93371080695368,63,63,63,63,61,63,0,7819,1.11328740596807,27,-86,0.001869,51,2026-05-01 20:54:06.002224,328,1.037,0.0011,"aoml_navis",1028.30840079631
"7901009",109,0,1,0.026166,1,0.003738,1,118.342174932237,1,4.86228873731986,330,1,12.9849996566772,35.5900001525879,0.0261659994721413,0.0117516815662384,114.116096496582,-85.9569,27.3961,9.93371080695368,63,63,63,63,61,63,0,7819,1.11328740596807,27,-86,0.001869,51,2026-05-01 20:54:06.002224,330,1.037,0.0011,"aoml_navis",1028.32231282835
"7901009",109,0,1,0.020559,1,-0.001869,1,118.098265798892,1,4.86222059312612,332,1,12.9209995269775,35.5800018310547,0.020558999851346,0.00671524694189429,113.880897521973,-85.9569,27.3961,9.93371080695368,63,63,63,63,61,63,0,7819,1.11328740596807,27,-86,0.001869,51,2026-05-01 20:54:06.002224,332,1.037,0.0011,"aoml_navis",1028.33672480197
"7901009",109,0,1,0.01869,1,-0.003738,1,117.793379382212,1,4.86216509877375,334,1,12.8809995651245,35.5730018615723,0.0186899993568659,0.0050364350900054,113.586898803711,-85.9569,27.3961,9.93371080695368,63,63,63,63,61,63,0,7819,1.11328740596807,27,-86,0.001869,51,2026-05-01 20:54:06.002224,334,1.037,0.0011,"aoml_navis",1028.34846172974
"7901009",109,0,1,0.024297,1,0.001869,1,117.479259737343,1,4.86210748599577,336,1,12.835000038147,35.564998626709,0.0242970008403063,0.0100728701800108,113.283996582031,-85.9569,27.3961,9.93371080695368,63,63,63,63,61,63,0,7819,1.11328740596807,27,-86,0.001869,51,2026-05-01 20:54:06.002224,336,1.037,0.0011,"aoml_navis",1028.3606469831
"7901009",109,0,1,0.022428,1,0,1,117.303693898855,1,4.86203173391037,338,1,12.7589998245239,35.5540008544922,0.0224280003458261,0.00839405879378319,113.114700317383,-85.9569,27.3961,9.93371080695368,63,63,63,63,61,63,0,7819,1.11328740596807,27,-86,0.001869,51,2026-05-01 20:54:06.002224,338,1.037,0.0011,"aoml_navis",1028.37666918695
"7901009",109,0,1,0.020559,1,-0.001869,1,117.345176174258,1,4.86195580844648,340,1,12.6750001907349,35.5410003662109,0.020558999851346,0.00671524694189429,113.15470123291,-85.9569,27.3961,9.93371080695368,63,63,63,63,61,63,0,7819,1.11328740596807,27,-86,0.001869,51,2026-05-01 20:54:06.002224,340,1.037,0.0011,"aoml_navis",1028.39272856279
"7901009",109,0,1,0.024297,1,0.001869,1,117.284507456388,1,4.86189547219589,342,1,12.6219997406006,35.5320014953613,0.0242970008403063,0.0100728701800108,113.096199035645,-85.9569,27.3961,9.93371080695368,63,63,63,63,61,63,0,7819,1.11328740596807,27,-86,0.001869,51,2026-05-01 20:54:06.002224,342,1.037,0.0011,"aoml_navis",1028.40549094358
"7901009",109,0,1,0.028035,1,0.005607,1,117.097944028198,1,4.86183796072677,344,1,12.5679998397827,35.5219993591309,0.0280349999666214,0.0134304938837886,112.916297912598,-85.9569,27.3961,9.93371080695368,63,63,63,63,61,63,0,7819,1.11328740596807,27,-86,0.001869,51,2026-05-01 20:54:06.002224,344,1.037,0.0011,"aoml_navis",1028.41765611879
"7901009",109,0,1,0.028035,1,0.005607,1,116.783515817862,1,4.86175960905493,346,1,12.496000289917,35.5130004882812,0.0280349999666214,0.0134304938837886,112.613098144531,-85.9569,27.3961,9.93371080695368,63,63,63,63,61,63,0,7819,1.11328740596807,27,-86,0.001869,51,2026-05-01 20:54:06.002224,346,1.037,0.0011,"aoml_navis",1028.43423000339
"7901009",109,0,1,0.024297,1,0.001869,1,116.478629401182,1,4.86169185033796,348,1,12.4309997558594,35.5029983520508,0.0242970008403063,0.0100728701800108,112.31909942627,-85.9569,27.3961,9.93371080695368,63,63,63,63,61,63,0,7819,1.11328740596807,27,-86,0.001869,51,2026-05-01 20:54:06.002224,348,1.037,0.0011,"aoml_navis",1028.44856356999
"7901009",109,0,1,0.028035,1,0.005607,1,116.205992031715,1,4.86163334639368,350,1,12.3870000839233,35.4959983825684,0.0280349999666214,0.0134304938837886,112.056198120117,-85.9569,27.3961,9.93371080695368,63,63,63,63,61,63,0,7819,1.11328740596807,27,-86,0.001869,51,2026-05-01 20:54:06.002224,350,1.037,0.0011,"aoml_navis",1028.46093971874
"7901009",109,0,1,0.026166,1,0.003738,1,116.081133784884,1,4.8615691998745,352,1,12.3369998931885,35.4889984130859,0.0261659994721413,0.0117516815662384,111.93579864502,-85.9569,27.3961,9.93371080695368,63,63,63,63,61,63,0,7819,1.11328740596807,27,-86,0.001869,51,2026-05-01 20:54:06.002224,352,1.037,0.0011,"aoml_navis",1028.47450986177
"7901009",109,0,1,0.022428,1,0,1,115.861909888858,1,4.86151972186297,354,1,12.3100004196167,35.484001159668,0.0224280003458261,0.00839405879378319,111.724403381348,-85.9569,27.3961,9.93371080695368,63,63,63,63,61,63,0,7819,1.11328740596807,27,-86,0.001869,51,2026-05-01 20:54:06.002224,354,1.037,0.0011,"aoml_navis",1028.48497713879
"7901009",109,0,1,0.022428,1,0,1,115.711638506686,1,4.86145274037678,356,1,12.2530002593994,35.476001739502,0.0224280003458261,0.00839405879378319,111.579498291016,-85.9569,27.3961,9.93371080695368,63,63,63,63,61,63,0,7819,1.11328740596807,27,-86,0.001869,51,2026-05-01 20:54:06.002224,356,1.037,0.0011,"aoml_navis",1028.49914768738
"7901009",109,0,1,0.024297,1,0.001869,1,115.486607250342,1,4.86139322612179,358,1,12.1960000991821,35.4659996032715,0.0242970008403063,0.0100728701800108,111.362503051758,-85.9569,27.3961,9.93371080695368,63,63,63,63,61,63,0,7819,1.11328740596807,27,-86,0.001869,51,2026-05-01 20:54:06.002224,358,1.037,0.0011,"aoml_navis",1028.51173880225
"7901009",109,0,1,0.024297,1,0.001869,1,115.169275359847,1,4.86131789834172,360,1,12.1260004043579,35.4570007324219,0.0242970008403063,0.0100728701800108,111.056503295898,-85.9569,27.3961,9.93371080695368,63,63,63,63,61,63,0,7819,1.11328740596807,27,-86,0.001869,51,2026-05-01 20:54:06.002224,360,1.037,0.0011,"aoml_navis",1028.52767594269
"7901009",109,0,1,0.024297,1,0.001869,1,115.136084792364,1,4.861248124905,362,1,12.0500001907349,35.4449996948242,0.0242970008403063,0.0100728701800108,111.02449798584,-85.9569,27.3961,9.93371080695368,63,63,63,63,61,63,0,7819,1.11328740596807,27,-86,0.001869,51,2026-05-01 20:54:06.002224,362,1.037,0.0011,"aoml_navis",1028.54243838823
"7901009",109,0,1,0.022428,1,0,1,114.962172548298,1,4.86119521286314,364,1,12.0190000534058,35.439998626709,0.0224280003458261,0.00839405879378319,110.856796264648,-85.9569,27.3961,9.93371080695368,63,63,63,63,61,63,0,7819,1.11328740596807,27,-86,0.001869,51,2026-05-01 20:54:06.002224,364,1.037,0.0011,"aoml_navis",1028.55363363511
"7901009",109,0,1,0.024297,1,0.001869,1,114.814709903065,1,4.86114814814722,366,1,12.0019998550415,35.4370002746582,0.0242970008403063,0.0100728701800108,110.714599609375,-85.9569,27.3961,9.93371080695368,63,63,63,63,61,63,0,7819,1.11328740596807,27,-86,0.001869,51,2026-05-01 20:54:06.002224,366,1.037,0.0011,"aoml_navis",1028.56359189664
"7901009",109,0,1,0.028035,1,0.005607,1,114.602638396312,1,4.86109726210524,368,1,11.9770002365112,35.4329986572266,0.0280349999666214,0.0134304938837886,110.510101318359,-85.9569,27.3961,9.93371080695368,63,63,63,63,61,63,0,7819,1.11328740596807,27,-86,0.001869,51,2026-05-01 20:54:06.002224,368,1.037,0.0011,"aoml_navis",1028.57435891637
"7901009",109,0,1,0.026166,1,0.003738,1,114.420948720105,1,4.86102648127576,370,1,11.918999671936,35.4259986877441,0.0261659994721413,0.0117516815662384,110.334899902344,-85.9569,27.3961,9.93371080695368,63,63,63,63,61,63,0,7819,1.11328740596807,27,-86,0.001869,51,2026-05-01 20:54:06.002224,370,1.037,0.0011,"aoml_navis",1028.58933586549
"7901009",109,0,1,0.024297,1,0.001869,1,114.133792949845,1,4.86097846665768,372,1,11.8970003128052,35.4220008850098,0.0242970008403063,0.0100728701800108,110.057998657227,-85.9569,27.3961,9.93371080695368,63,63,63,63,61,63,0,7819,1.11328740596807,27,-86,0.001869,51,2026-05-01 20:54:06.002224,372,1.037,0.0011,"aoml_navis",1028.59949582083
"7901009",109,0,1,0.024297,1,0.001869,1,114.085783328035,1,4.86090675967699,374,1,11.826000213623,35.4119987487793,0.0242970008403063,0.0100728701800108,110.011703491211,-85.9569,27.3961,9.93371080695368,63,63,63,63,61,63,0,7819,1.11328740596807,27,-86,0.001869,51,2026-05-01 20:54:06.002224,374,1.037,0.0011,"aoml_navis",1028.61466948448
"7901009",109,0,1,0.026166,1,0.003738,1,114.065868987545,1,4.86085586505296,376,1,11.7889995574951,35.4049987792969,0.0261659994721413,0.0117516815662384,109.992500305176,-85.9569,27.3961,9.93371080695368,63,63,63,63,61,63,0,7819,1.11328740596807,27,-86,0.001869,51,2026-05-01 20:54:06.002224,376,1.037,0.0011,"aoml_navis",1028.62543938968
"7901009",109,0,1,0.022428,1,0,1,114.075925056978,1,4.86078730152329,378,1,11.7250003814697,35.3959999084473,0.0224280003458261,0.00839405879378319,110.002197265625,-85.9569,27.3961,9.93371080695368,63,63,63,63,61,63,0,7819,1.11328740596807,27,-86,0.001869,51,2026-05-01 20:54:06.002224,378,1.037,0.0011,"aoml_navis",1028.63994860114
"7901009",109,0,1,0.024297,1,0.001869,1,113.939143524045,1,4.86071516233907,380,1,11.6490001678467,35.3849983215332,0.0242970008403063,0.0100728701800108,109.870300292969,-85.9569,27.3961,9.93371080695368,63,63,63,63,61,63,0,7819,1.11328740596807,27,-86,0.001869,51,2026-05-01 20:54:06.002224,380,1.037,0.0011,"aoml_navis",1028.65521492395
"7901009",109,0,1,0.028035,1,0.005607,1,113.803184832356,1,4.860655298375,382,1,11.5979995727539,35.3769989013672,0.0280349999666214,0.0134304938837886,109.739196777344,-85.9569,27.3961,9.93371080695368,63,63,63,63,61,63,0,7819,1.11328740596807,27,-86,0.001869,51,2026-05-01 20:54:06.002224,382,1.037,0.0011,"aoml_navis",1028.66788386981
"7901009",109,0,1,0.024297,1,0.001869,1,113.731217871253,1,4.86059554541189,384,1,11.5469999313354,35.3689994812012,0.0242970008403063,0.0100728701800108,109.669799804688,-85.9569,27.3961,9.93371080695368,63,63,63,63,61,63,0,7819,1.11328740596807,27,-86,0.001869,51,2026-05-01 20:54:06.002224,384,1.037,0.0011,"aoml_navis",1028.68052963586
"7901009",109,0,1,0.028035,1,0.005607,1,113.723646149422,1,4.86052123302344,386,1,11.4720001220703,35.359001159668,0.0280349999666214,0.0134304938837886,109.662498474121,-85.9569,27.3961,9.93371080695368,63,63,63,63,61,63,0,7819,1.11328740596807,27,-86,0.001869,51,2026-05-01 20:54:06.002224,386,1.037,0.0011,"aoml_navis",1028.69625710694
"7901009",109,0,1,0.026166,1,0.003738,1,113.562179379171,1,4.86046813340972,388,1,11.4399995803833,35.3540000915527,0.0261659994721413,0.0117516815662384,109.506797790527,-85.9569,27.3961,9.93371080695368,63,63,63,63,61,63,0,7819,1.11328740596807,27,-86,0.001869,51,2026-05-01 20:54:06.002224,388,1.037,0.0011,"aoml_navis",1028.70749540177
"7901009",109,0,1,0.020559,1,-0.001869,1,113.266834756146,1,4.86041508627763,390,1,11.4040002822876,35.3479995727539,0.020558999851346,0.00671524694189429,109.22200012207,-85.9569,27.3961,9.93371080695368,63,63,63,63,61,63,0,7819,1.11328740596807,27,-86,0.001869,51,2026-05-01 20:54:06.002224,390,1.037,0.0011,"aoml_navis",1028.71872283428
"7901009",109,0,1,0.026166,1,0.003738,1,113.027902229941,1,4.8603484664716,392,1,11.3450002670288,35.3400001525879,0.0261659994721413,0.0117516815662384,108.991600036621,-85.9569,27.3961,9.93371080695368,63,63,63,63,61,63,0,7819,1.11328740596807,27,-86,0.001869,51,2026-05-01 20:54:06.002224,392,1.037,0.0011,"aoml_navis",1028.73282327219
"7901009",109,0,1,0.028035,1,0.005607,1,113.106713014852,1,4.8602864734987,394,1,11.298999786377,35.3339996337891,0.0280349999666214,0.0134304938837886,109.067596435547,-85.9569,27.3961,9.93371080695368,63,63,63,63,61,63,0,7819,1.11328740596807,27,-86,0.001869,51,2026-05-01 20:54:06.002224,394,1.037,0.0011,"aoml_navis",1028.74594476336
"7901009",109,0,1,0.026166,1,0.003738,1,113.107543768031,1,4.860242592449,396,1,11.2849998474121,35.3310012817383,0.0261659994721413,0.0117516815662384,109.068397521973,-85.9569,27.3961,9.93371080695368,63,63,63,63,61,63,0,7819,1.11328740596807,27,-86,0.001869,51,2026-05-01 20:54:06.002224,396,1.037,0.0011,"aoml_navis",1028.75523287009
"7901009",109,0,1,0.028035,1,0.005607,1,113.009957961275,1,4.86018882815844,398,1,11.2519998550415,35.326000213623,0.0280349999666214,0.0134304938837886,108.974296569824,-85.9569,27.3961,9.93371080695368,63,63,63,63,61,63,0,7819,1.11328740596807,27,-86,0.001869,51,2026-05-01 20:54:06.002224,398,1.037,0.0011,"aoml_navis",1028.76661314711
"7901009",109,0,1,0.024297,1,0.001869,1,112.873484993809,1,4.86012248786595,400,1,11.201000213623,35.3199996948242,0.0242970008403063,0.0100728701800108,108.842697143555,-85.9569,27.3961,9.93371080695368,63,63,63,63,61,63,0,7819,1.11328740596807,27,-86,0.001869,51,2026-05-01 20:54:06.002224,400,1.037,0.0011,"aoml_navis",1028.78065573106
"7901009",109,0,1,0.022428,1,0,1,112.646167188239,1,4.86006979190197,402,1,11.164999961853,35.3139991760254,0.0224280003458261,0.00839405879378319,108.623497009277,-85.9569,27.3961,9.93371080695368,63,63,63,63,61,63,0,7819,1.11328740596807,27,-86,0.001869,51,2026-05-01 20:54:06.002224,402,1.037,0.0011,"aoml_navis",1028.79181042445
"7901009",109,0,1,0.026166,1,0.003738,1,112.321785763626,1,4.86000723920943,404,1,11.1180000305176,35.3079986572266,0.0261659994721413,0.0117516815662384,108.310699462891,-85.9569,27.3961,9.93371080695368,63,63,63,63,61,63,0,7819,1.11328740596807,27,-86,0.001869,51,2026-05-01 20:54:06.002224,404,1.037,0.0011,"aoml_navis",1028.80505190633
"7901009",109,0,1,0.026166,1,0.003738,1,112.127967091005,1,4.8599475448482,406,1,11.0699996948242,35.3009986877441,0.0261659994721413,0.0117516815662384,108.123802185059,-85.9569,27.3961,9.93371080695368,63,63,63,63,61,63,0,7819,1.11328740596807,27,-86,0.001869,51,2026-05-01 20:54:06.002224,406,1.037,0.0011,"aoml_navis",1028.81768863951
"7901009",109,0,1,0.029904,1,0.007476,1,112.051015610828,1,4.85989936513797,408,1,11.0469999313354,35.2970008850098,0.0299040004611015,0.0151093062013388,108.049598693848,-85.9569,27.3961,9.93371080695368,63,63,63,63,61,63,0,7819,1.11328740596807,27,-86,0.001869,51,2026-05-01 20:54:06.002224,408,1.037,0.0011,"aoml_navis",1028.82788805608
"7901009",109,0,1,0.024297,1,0.001869,1,111.906140168352,1,4.85985734482856,410,1,11.0389995574951,35.2949981689453,0.0242970008403063,0.0100728701800108,107.909896850586,-85.9569,27.3961,9.93371080695368,63,63,63,63,61,63,0,7819,1.11328740596807,27,-86,0.001869,51,2026-05-01 20:54:06.002224,410,1.037,0.0011,"aoml_navis",1028.83678372176
"7901009",109,0,1,0.026166,1,0.003738,1,111.732132981066,1,4.8598056061693,412,1,11.0120000839233,35.2910003662109,0.0261659994721413,0.0117516815662384,107.74210357666,-85.9569,27.3961,9.93371080695368,63,63,63,63,61,63,0,7819,1.11328740596807,27,-86,0.001869,51,2026-05-01 20:54:06.002224,412,1.037,0.0011,"aoml_navis",1028.84773696559
"7901009",109,0,1,0.026166,1,0.003738,1,111.554066971106,1,4.85975211897555,414,1,10.9829998016357,35.2869987487793,0.0261659994721413,0.0117516815662384,107.57039642334,-85.9569,27.3961,9.93371080695368,63,63,63,63,61,63,0,7819,1.11328740596807,27,-86,0.001869,51,2026-05-01 20:54:06.002224,414,1.037,0.0011,"aoml_navis",1028.85906062509
"7901009",109,0,1,0.029904,1,0.007476,1,111.293772220299,1,4.85969169998825,416,1,10.9379997253418,35.2809982299805,0.0299040004611015,0.0151093062013388,107.319396972656,-85.9569,27.3961,9.93371080695368,63,63,63,63,61,63,0,7819,1.11328740596807,27,-86,0.001869,51,2026-05-01 20:54:06.002224,416,1.037,0.0011,"aoml_navis",1028.87185209961
"7901009",109,0,1,0.028035,1,0.005607,1,111.187791850468,1,4.85963156994276,418,1,10.8850002288818,35.2729988098145,0.0280349999666214,0.0134304938837886,107.21720123291,-85.9569,27.3961,9.93371080695368,63,63,63,63,61,63,0,7819,1.11328740596807,27,-86,0.001869,51,2026-05-01 20:54:06.002224,418,1.037,0.0011,"aoml_navis",1028.88458271722
"7901009",109,0,1,0.026166,1,0.003738,1,111.162695192528,1,4.85956445445818,420,1,10.8240003585815,35.2649993896484,0.0261659994721413,0.0117516815662384,107.193000793457,-85.9569,27.3961,9.93371080695368,63,63,63,63,61,63,0,7819,1.11328740596807,27,-86,0.001869,51,2026-05-01 20:54:06.002224,420,1.037,0.0011,"aoml_navis",1028.89879265064
"7901009",109,0,1,0.029904,1,0.007476,1,111.128784638956,1,4.85949990827806,422,1,10.7740001678467,35.2589988708496,0.0299040004611015,0.0151093062013388,107.160301208496,-85.9569,27.3961,9.93371080695368,63,63,63,63,61,63,0,7819,1.11328740596807,27,-86,0.001869,51,2026-05-01 20:54:06.002224,422,1.037,0.0011,"aoml_navis",1028.91245897188
"7901009",109,0,1,0.026166,1,0.003738,1,111.049032333776,1,4.8594502255166,424,1,10.7489995956421,35.2550010681152,0.0261659994721413,0.0117516815662384,107.083396911621,-85.9569,27.3961,9.93371080695368,63,63,63,63,61,63,0,7819,1.11328740596807,27,-86,0.001869,51,2026-05-01 20:54:06.002224,424,1.037,0.0011,"aoml_navis",1028.92297851831
"7901009",109,0,1,0.028035,1,0.005607,1,110.979866197675,1,4.85939894704135,426,1,10.7180004119873,35.25,0.0280349999666214,0.0134304938837886,107.016700744629,-85.9569,27.3961,9.93371080695368,63,63,63,63,61,63,0,7819,1.11328740596807,27,-86,0.001869,51,2026-05-01 20:54:06.002224,426,1.037,0.0011,"aoml_navis",1028.93383615771
"7901009",109,0,1,0.024297,1,0.001869,1,111.01968696672,1,4.85932624478445,428,1,10.6459999084473,35.2410011291504,0.0242970008403063,0.0100728701800108,107.055099487305,-85.9569,27.3961,9.93371080695368,63,63,63,63,61,63,0,7819,1.11328740596807,27,-86,0.001869,51,2026-05-01 20:54:06.002224,428,1.037,0.0011,"aoml_navis",1028.94923043427
"7901009",109,0,1,0.026166,1,0.003738,1,110.90758275917,1,4.85927919298446,430,1,10.6280002593994,35.2379989624023,0.0261659994721413,0.0117516815662384,106.946998596191,-85.9569,27.3961,9.93371080695368,63,63,63,63,61,63,0,7819,1.11328740596807,27,-86,0.001869,51,2026-05-01 20:54:06.002224,430,1.037,0.0011,"aoml_navis",1028.95919362252
"7901009",109,0,1,0.026166,1,0.003738,1,110.803153128607,1,4.85922629627667,432,1,10.5950002670288,35.2330017089844,0.0261659994721413,0.0117516815662384,106.846298217773,-85.9569,27.3961,9.93371080695368,63,63,63,63,61,63,0,7819,1.11328740596807,27,-86,0.001869,51,2026-05-01 20:54:06.002224,432,1.037,0.0011,"aoml_navis",1028.97039469662
"7901009",109,0,1,0.024297,1,0.001869,1,110.758561462734,1,4.85916501920727,434,1,10.543999671936,35.226001739502,0.0242970008403063,0.0100728701800108,106.803298950195,-85.9569,27.3961,9.93371080695368,63,63,63,63,61,63,0,7819,1.11328740596807,27,-86,0.001869,51,2026-05-01 20:54:06.002224,434,1.037,0.0011,"aoml_navis",1028.98337064826
"7901009",109,0,1,0.026166,1,0.003738,1,110.62249991589,1,4.85911749830222,436,1,10.5170001983643,35.2210006713867,0.0261659994721413,0.0117516815662384,106.672096252441,-85.9569,27.3961,9.93371080695368,63,63,63,63,61,63,0,7819,1.11328740596807,27,-86,0.001869,51,2026-05-01 20:54:06.002224,436,1.037,0.0011,"aoml_navis",1028.99343383794
"7901009",109,0,1,0.031773,1,0.009345,1,110.720813620669,1,4.85903466206957,438,1,10.4200000762939,35.2089996337891,0.0317730009555817,0.0167881175875664,106.766899108887,-85.9569,27.3961,9.93371080695368,63,63,63,63,61,63,0,7819,1.11328740596807,27,-86,0.001869,51,2026-05-01 20:54:06.002224,438,1.037,0.0011,"aoml_navis",1029.01097599299
"7901009",109,0,1,0.028035,1,0.005607,1,110.76913971988,1,4.85896595999611,440,1,10.3599996566772,35.2019996643066,0.0280349999666214,0.0134304938837886,106.813499450684,-85.9569,27.3961,9.93371080695368,63,63,63,63,61,63,0,7819,1.11328740596807,27,-86,0.001869,51,2026-05-01 20:54:06.002224,440,1.037,0.0011,"aoml_navis",1029.02552542352
"7901009",109,0,1,0.028035,1,0.005607,1,110.70536161154,1,4.85892342657982,442,1,10.3470001220703,35.1990013122559,0.0280349999666214,0.0134304938837886,106.751998901367,-85.9569,27.3961,9.93371080695368,63,63,63,63,61,63,0,7819,1.11328740596807,27,-86,0.001869,51,2026-05-01 20:54:06.002224,442,1.037,0.0011,"aoml_navis",1029.03453317425
"7901009",109,0,1,0.028035,1,0.005607,1,110.668033102032,1,4.85887311466652,444,1,10.3249998092651,35.1959991455078,0.0280349999666214,0.0134304938837886,106.716003417969,-85.9569,27.3961,9.93371080695368,63,63,63,63,61,63,0,7819,1.11328740596807,27,-86,0.001869,51,2026-05-01 20:54:06.002224,444,1.037,0.0011,"aoml_navis",1029.04518846304
"7901009",109,0,1,0.028035,1,0.005607,1,110.622088495268,1,4.85881675087439,446,1,10.2959995269775,35.193000793457,0.0280349999666214,0.0134304938837886,106.671699523926,-85.9569,27.3961,9.93371080695368,63,63,63,63,61,63,0,7819,1.11328740596807,27,-86,0.001869,51,2026-05-01 20:54:06.002224,446,1.037,0.0011,"aoml_navis",1029.05712570868
"7901009",109,0,1,0.028035,1,0.005607,1,110.531243657164,1,4.85877576615019,448,1,10.2889995574951,35.1910018920898,0.0280349999666214,0.0134304938837886,106.584098815918,-85.9569,27.3961,9.93371080695368,63,63,63,63,61,63,0,7819,1.11328740596807,27,-86,0.001869,51,2026-05-01 20:54:06.002224,448,1.037,0.0011,"aoml_navis",1029.06580600687
"7901009",109,0,1,0.028035,1,0.005607,1,110.462283231375,1,4.85872139867129,450,1,10.2580003738403,35.1870002746582,0.0280349999666214,0.0134304938837886,106.517601013184,-85.9569,27.3961,9.93371080695368,63,63,63,63,61,63,0,7819,1.11328740596807,27,-86,0.001869,51,2026-05-01 20:54:06.002224,450,1.037,0.0011,"aoml_navis",1029.07732091149
"7901009",109,0,1,0.028035,1,0.005607,1,110.465914809557,1,4.8586670687883,452,1,10.2270002365112,35.1829986572266,0.0280349999666214,0.0134304938837886,106.521102905273,-85.9569,27.3961,9.93371080695368,63,63,63,63,61,63,0,7819,1.11328740596807,27,-86,0.001869,51,2026-05-01 20:54:06.002224,452,1.037,0.0011,"aoml_navis",1029.08882811082
"7901009",109,0,1,0.026166,1,0.003738,1,110.486026948423,1,4.85861706840984,454,1,10.201000213623,35.1790008544922,0.0261659994721413,0.0117516815662384,106.540496826172,-85.9569,27.3961,9.93371080695368,63,63,63,63,61,63,0,7819,1.11328740596807,27,-86,0.001869,51,2026-05-01 20:54:06.002224,454,1.037,0.0011,"aoml_navis",1029.09941853813
"7901009",109,0,1,0.026166,1,0.003738,1,110.585582827003,1,4.85856819801905,456,1,10.1719999313354,35.173999786377,0.0261659994721413,0.0117516815662384,106.636497497559,-85.9569,27.3961,9.93371080695368,63,63,63,63,61,63,0,7819,1.11328740596807,27,-86,0.001869,51,2026-05-01 20:54:06.002224,456,1.037,0.0011,"aoml_navis",1029.10976983685
"7901009",109,0,1,0.026166,1,0.003738,1,110.763023794095,1,4.85849839162131,458,1,10.1099996566772,35.1669998168945,0.0261659994721413,0.0117516815662384,106.807601928711,-85.9569,27.3961,9.93371080695368,63,63,63,63,61,63,0,7819,1.11328740596807,27,-86,0.001869,51,2026-05-01 20:54:06.002224,458,1.037,0.0011,"aoml_navis",1029.1245559786
"7901009",109,0,1,0.028035,1,0.005607,1,110.869526351639,1,4.85844308377522,459.899993896484,1,10.0579996109009,35.1590003967285,0.0280349999666214,0.0134304938837886,106.910301208496,-85.9569,27.3961,9.93371080695368,63,63,63,63,61,63,0,7819,1.11328740596807,27,-86,0.001869,51,2026-05-01 20:54:06.002224,459.899993896484,1.037,0.0011,"aoml_navis",1029.13627139063
"7901009",109,0,1,0.026166,1,0.003738,1,110.926974911948,1,4.85838032572172,462,1,10.0150003433228,35.1539993286133,0.0261659994721413,0.0117516815662384,106.965698242188,-85.9569,27.3961,9.93371080695368,63,63,63,63,61,63,0,7819,1.11328740596807,27,-86,0.001869,51,2026-05-01 20:54:06.002224,462,1.037,0.0011,"aoml_navis",1029.14956524266
"7901009",109,0,1,0.029904,1,0.007476,1,110.851479227818,1,4.85832969563538,464,1,9.98799991607666,35.1500015258789,0.0299040004611015,0.0151093062013388,106.89289855957,-85.9569,27.3961,9.93371080695368,63,63,63,63,61,63,0,7819,1.11328740596807,27,-86,0.001869,51,2026-05-01 20:54:06.002224,464,1.037,0.0011,"aoml_navis",1029.16029031375
"7901009",109,0,1,0.029904,1,0.007476,1,110.58703862305,1,4.85828453097995,466,1,9.97599983215332,35.1479988098145,0.0299040004611015,0.0151093062013388,106.637901306152,-85.9569,27.3961,9.93371080695368,63,63,63,63,61,63,0,7819,1.11328740596807,27,-86,0.001869,51,2026-05-01 20:54:06.002224,466,1.037,0.0011,"aoml_navis",1029.16985782047
"7901009",109,0,1,0.026166,1,0.003738,1,110.47597087899,1,4.85822826331431,468,1,9.9379997253418,35.1430015563965,0.0261659994721413,0.0117516815662384,106.530799865723,-85.9569,27.3961,9.93371080695368,63,63,63,63,61,63,0,7819,1.11328740596807,27,-86,0.001869,51,2026-05-01 20:54:06.002224,468,1.037,0.0011,"aoml_navis",1029.18177759498
"7901009",109,0,1,0.029904,1,0.007476,1,110.439884543283,1,4.85816443968615,470,1,9.89099979400635,35.1380004882812,0.0299040004611015,0.0151093062013388,106.496002197266,-85.9569,27.3961,9.93371080695368,63,63,63,63,61,63,0,7819,1.11328740596807,27,-86,0.001869,51,2026-05-01 20:54:06.002224,470,1.037,0.0011,"aoml_navis",1029.19529836314
"7901009",109,0,1,0.026166,1,0.003738,1,110.477632385348,1,4.85810155549033,472,1,9.84500026702881,35.132999420166,0.0261659994721413,0.0117516815662384,106.532402038574,-85.9569,27.3961,9.93371080695368,63,63,63,63,61,63,0,7819,1.11328740596807,27,-86,0.001869,51,2026-05-01 20:54:06.002224,472,1.037,0.0011,"aoml_navis",1029.20862046396
"7901009",109,0,1,0.026166,1,0.003738,1,110.539337566708,1,4.85804574865078,474,1,9.81599998474121,35.1300010681152,0.0261659994721413,0.0117516815662384,106.591903686523,-85.9569,27.3961,9.93371080695368,63,63,63,63,61,63,0,7819,1.11328740596807,27,-86,0.001869,51,2026-05-01 20:54:06.002224,474,1.037,0.0011,"aoml_navis",1029.22044350625
"7901009",109,0,1,0.029904,1,0.007476,1,110.51879818335,1,4.85800179667367,476,1,9.80099964141846,35.1269989013672,0.0299040004611015,0.0151093062013388,106.57209777832,-85.9569,27.3961,9.93371080695368,63,63,63,63,61,63,0,7819,1.11328740596807,27,-86,0.001869,51,2026-05-01 20:54:06.002224,476,1.037,0.0011,"aoml_navis",1029.22975520996
"7901009",109,0,1,0.031773,1,0.009345,1,110.543689130979,1,4.85794995246712,478,1,9.7810001373291,35.125,0.0317730009555817,0.0167881175875664,106.596099853516,-85.9569,27.3961,9.93371080695368,63,63,63,63,61,63,0,7819,1.11328740596807,27,-86,0.001869,51,2026-05-01 20:54:06.002224,478,1.037,0.0011,"aoml_navis",1029.2407391848
"7901009",109,0,1,0.026166,1,0.003738,1,110.606945051605,1,4.85790011017329,480,1,9.75899982452393,35.1220016479492,0.0261659994721413,0.0117516815662384,106.657096862793,-85.9569,27.3961,9.93371080695368,63,63,63,63,61,63,0,7819,1.11328740596807,27,-86,0.001869,51,2026-05-01 20:54:06.002224,480,1.037,0.0011,"aoml_navis",1029.25129924535
"7901009",109,0,1,0.033642,1,0.011214,1,110.638474112731,1,4.85785884197074,481.899993896484,1,9.74899959564209,35.1199989318848,0.0336420014500618,0.018466928973794,106.6875,-85.9569,27.3961,9.93371080695368,63,63,63,63,61,63,0,7819,1.11328740596807,27,-86,0.001869,51,2026-05-01 20:54:06.002224,481.899993896484,1.037,0.0011,"aoml_navis",1029.26004288169
"7901009",109,0,1,0.026166,1,0.003738,1,110.773182718684,1,4.85779777420747,484,1,9.70300006866455,35.1139984130859,0.0261659994721413,0.0117516815662384,106.817398071289,-85.9569,27.3961,9.93371080695368,63,63,63,63,61,63,0,7819,1.11328740596807,27,-86,0.001869,51,2026-05-01 20:54:06.002224,484,1.037,0.0011,"aoml_navis",1029.27298179178
"7901009",109,0,1,0.029904,1,0.007476,1,110.903128339744,1,4.85774328474591,486,1,9.67099952697754,35.1100006103516,0.0299040004611015,0.0151093062013388,106.94270324707,-85.9569,27.3961,9.93371080695368,63,63,63,63,61,63,0,7819,1.11328740596807,27,-86,0.001869,51,2026-05-01 20:54:06.002224,486,1.037,0.0011,"aoml_navis",1029.28452717969
"7901009",109,0,1,0.028035,1,0.005607,1,110.984431384192,1,4.85768968876214,488,1,9.64000034332275,35.1059989929199,0.0280349999666214,0.0134304938837886,107.021102905273,-85.9569,27.3961,9.93371080695368,63,63,63,63,61,63,0,7819,1.11328740596807,27,-86,0.001869,51,2026-05-01 20:54:06.002224,488,1.037,0.0011,"aoml_navis",1029.29588350756
"7901009",109,0,1,0.029904,1,0.007476,1,110.994898874247,1,4.85764180498952,490,1,9.60700035095215,35.0999984741211,0.0299040004611015,0.0151093062013388,107.031196594238,-85.9569,27.3961,9.93371080695368,63,63,63,63,61,63,0,7819,1.11328740596807,27,-86,0.001869,51,2026-05-01 20:54:06.002224,490,1.037,0.0011,"aoml_navis",1029.30602970031
"7901009",109,0,1,0.029904,1,0.007476,1,111.102960082993,1,4.8575774335788,492,1,9.5629997253418,35.0960006713867,0.0299040004611015,0.0151093062013388,107.135398864746,-85.9569,27.3961,9.93371080695368,63,63,63,63,61,63,0,7819,1.11328740596807,27,-86,0.001869,51,2026-05-01 20:54:06.002224,492,1.037,0.0011,"aoml_navis",1029.31966980839
"7901009",109,0,1,0.028035,1,0.005607,1,111.159585802058,1,4.85752813513517,494,1,9.53699970245361,35.0919990539551,0.0280349999666214,0.0134304938837886,107.190002441406,-85.9569,27.3961,9.93371080695368,63,63,63,63,61,63,0,7819,1.11328740596807,27,-86,0.001869,51,2026-05-01 20:54:06.002224,494,1.037,0.0011,"aoml_navis",1029.33011624458
"7901009",109,0,1,0.028035,1,0.005607,1,111.187586140157,1,4.85746627098818,496,1,9.48700046539307,35.0859985351562,0.0280349999666214,0.0134304938837886,107.217002868652,-85.9569,27.3961,9.93371080695368,63,63,63,63,61,63,0,7819,1.11328740596807,27,-86,0.001869,51,2026-05-01 20:54:06.002224,496,1.037,0.0011,"aoml_navis",1029.34322567778
"7901009",109,0,1,0.029904,1,0.007476,1,111.167466089356,1,4.85740507537609,498,1,9.45100021362305,35.0830001831055,0.0299040004611015,0.0151093062013388,107.197601318359,-85.9569,27.3961,9.93371080695368,63,63,63,63,61,63,0,7819,1.11328740596807,27,-86,0.001869,51,2026-05-01 20:54:06.002224,498,1.037,0.0011,"aoml_navis",1029.35619377243
"7901009",109,0,1,0.031773,1,0.009345,1,111.200340179438,1,4.85734798657002,500,1,9.41100025177002,35.0779991149902,0.0317730009555817,0.0167881175875664,107.229301452637,-85.9569,27.3961,9.93371080695368,63,63,63,63,61,63,0,7819,1.11328740596807,27,-86,0.001869,51,2026-05-01 20:54:06.002224,500,1.037,0.0011,"aoml_navis",1029.36829187952
"7901009",109,0,1,0.031773,1,0.009345,1,111.174824188941,1,4.85729396258401,502,1,9.38799953460693,35.076000213623,0.0317730009555817,0.0167881175875664,107.204696655273,-85.9569,27.3961,9.93371080695368,63,63,63,63,61,63,0,7819,1.11328740596807,27,-86,0.001869,51,2026-05-01 20:54:06.002224,502,1.037,0.0011,"aoml_navis",1029.37974076003
"7901009",109,0,1,0.024297,1,0.001869,1,111.060338488945,1,4.85724243503757,504,1,9.36800003051758,35.0740013122559,0.0242970008403063,0.0100728701800108,107.094299316406,-85.9569,27.3961,9.93371080695368,63,63,63,63,61,63,0,7819,1.11328740596807,27,-86,0.001869,51,2026-05-01 20:54:06.002224,504,1.037,0.0011,"aoml_navis",1029.39066082694
"7901009",109,0,1,0.029904,1,0.007476,1,111.001228422277,1,4.85719384447881,506,1,9.35599994659424,35.0730018615723,0.0299040004611015,0.0151093062013388,107.037300109863,-85.9569,27.3961,9.93371080695368,63,63,63,63,61,63,0,7819,1.11328740596807,27,-86,0.001869,51,2026-05-01 20:54:06.002224,506,1.037,0.0011,"aoml_navis",1029.40095867978
"7901009",109,0,1,0.029904,1,0.007476,1,111.031721019913,1,4.85714729868515,508,1,9.34200000762939,35.0709991455078,0.0299040004611015,0.0151093062013388,107.066703796387,-85.9569,27.3961,9.93371080695368,63,63,63,63,61,63,0,7819,1.11328740596807,27,-86,0.001869,51,2026-05-01 20:54:06.002224,508,1.037,0.0011,"aoml_navis",1029.41082337641
"7901009",109,0,1,0.029904,1,0.007476,1,111.108039545287,1,4.85709453847661,510,1,9.31599998474121,35.068000793457,0.0299040004611015,0.0151093062013388,107.140296936035,-85.9569,27.3961,9.93371080695368,63,63,63,63,61,63,0,7819,1.11328740596807,27,-86,0.001869,51,2026-05-01 20:54:06.002224,510,1.037,0.0011,"aoml_navis",1029.42200535553
"7901009",109,0,1,0.029904,1,0.007476,1,111.125572393331,1,4.85704470894255,512,1,9.29800033569336,35.0660018920898,0.0299040004611015,0.0151093062013388,107.157203674316,-85.9569,27.3961,9.93371080695368,63,63,63,63,61,63,0,7819,1.11328740596807,27,-86,0.001869,51,2026-05-01 20:54:06.002224,512,1.037,0.0011,"aoml_navis",1029.43256643165
"7901009",109,0,1,0.028035,1,0.005607,1,111.249908452449,1,4.85699403851773,514,1,9.27000045776367,35.0620002746582,0.0280349999666214,0.0134304938837886,107.277099609375,-85.9569,27.3961,9.93371080695368,63,63,63,63,61,63,0,7819,1.11328740596807,27,-86,0.001869,51,2026-05-01 20:54:06.002224,514,1.037,0.0011,"aoml_navis",1029.44330595182
"7901009",109,0,1,0.029904,1,0.007476,1,111.32747706356,1,4.85692453025962,516,1,9.21000003814697,35.0559997558594,0.0299040004611015,0.0151093062013388,107.351898193359,-85.9569,27.3961,9.93371080695368,63,63,63,63,61,63,0,7819,1.11328740596807,27,-86,0.001869,51,2026-05-01 20:54:06.002224,516,1.037,0.0011,"aoml_navis",1029.45803848691
"7901009",109,0,1,0.028035,1,0.005607,1,111.354132372702,1,4.85687477326146,518,1,9.19200038909912,35.0540008544922,0.0280349999666214,0.0134304938837886,107.377601623535,-85.9569,27.3961,9.93371080695368,63,63,63,63,61,63,0,7819,1.11328740596807,27,-86,0.001869,51,2026-05-01 20:54:06.002224,518,1.037,0.0011,"aoml_navis",1029.46858492759
"7901009",109,0,1,0.028035,1,0.005607,1,111.312127909586,1,4.85683116177382,520,1,9.18599987030029,35.0530014038086,0.0280349999666214,0.0134304938837886,107.337097167969,-85.9569,27.3961,9.93371080695368,63,63,63,63,61,63,0,7819,1.11328740596807,27,-86,0.001869,51,2026-05-01 20:54:06.002224,520,1.037,0.0011,"aoml_navis",1029.47782895008
"7901009",109,0,1,0.029904,1,0.007476,1,111.29190500363,1,4.85678960277618,522,1,9.1870002746582,35.0530014038086,0.0299040004611015,0.0151093062013388,107.317596435547,-85.9569,27.3961,9.93371080695368,63,63,63,63,61,63,0,7819,1.11328740596807,27,-86,0.001869,51,2026-05-01 20:54:06.002224,522,1.037,0.0011,"aoml_navis",1029.48663807507
"7901009",109,0,1,0.028035,1,0.005607,1,111.246696206824,1,4.8567460085821,524,1,9.18099975585938,35.0519981384277,0.0280349999666214,0.0134304938837886,107.274002075195,-85.9569,27.3961,9.93371080695368,63,63,63,63,61,63,0,7819,1.11328740596807,27,-86,0.001869,51,2026-05-01 20:54:06.002224,524,1.037,0.0011,"aoml_navis",1029.49587875602
"7901009",109,0,1,0.029904,1,0.007476,1,111.182712388174,1,4.85669953744164,526,1,9.16699981689453,35.0499992370605,0.0299040004611015,0.0151093062013388,107.212303161621,-85.9569,27.3961,9.93371080695368,63,63,63,63,61,63,0,7819,1.11328740596807,27,-86,0.001869,51,2026-05-01 20:54:06.002224,526,1.037,0.0011,"aoml_navis",1029.50572944725
"7901009",109,0,1,0.026166,1,0.003738,1,111.201376642928,1,4.85664083365254,528,1,9.12899971008301,35.0460014343262,0.0261659994721413,0.0117516815662384,107.23030090332,-85.9569,27.3961,9.93371080695368,63,63,63,63,61,63,0,7819,1.11328740596807,27,-86,0.001869,51,2026-05-01 20:54:06.002224,528,1.037,0.0011,"aoml_navis",1029.5181734161
"7901009",109,0,1,0.028035,1,0.005607,1,111.139260040946,1,4.85658504237552,530,1,9.09899997711182,35.0429992675781,0.0280349999666214,0.0134304938837886,107.170402526855,-85.9569,27.3961,9.93371080695368,63,63,63,63,61,63,0,7819,1.11328740596807,27,-86,0.001869,51,2026-05-01 20:54:06.002224,530,1.037,0.0011,"aoml_navis",1029.53000027244
"7901009",109,0,1,0.029904,1,0.007476,1,111.165701727842,1,4.85652725793872,532,1,9.0620002746582,35.0390014648438,0.0299040004611015,0.0151093062013388,107.195899963379,-85.9569,27.3961,9.93371080695368,63,63,63,63,61,63,0,7819,1.11328740596807,27,-86,0.001869,51,2026-05-01 20:54:06.002224,532,1.037,0.0011,"aoml_navis",1029.54224993317
"7901009",109,0,1,0.026166,1,0.003738,1,111.306011983802,1,4.85644411999257,534,1,8.97999954223633,35.0320014953613,0.0261659994721413,0.0117516815662384,107.331199645996,-85.9569,27.3961,9.93371080695368,63,63,63,63,61,63,0,7819,1.11328740596807,27,-86,0.001869,51,2026-05-01 20:54:06.002224,534,1.037,0.0011,"aoml_navis",1029.55987476855
"7901009",109,0,1,0.029904,1,0.007476,1,111.362843413178,1,4.85639534102949,536,1,8.96300029754639,35.0299987792969,0.0299040004611015,0.0151093062013388,107.386001586914,-85.9569,27.3961,9.93371080695368,63,63,63,63,61,63,0,7819,1.11328740596807,27,-86,0.001869,51,2026-05-01 20:54:06.002224,536,1.037,0.0011,"aoml_navis",1029.57021594952
"7901009",109,0,1,0.028035,1,0.005607,1,111.385036390959,1,4.85635257683835,538,1,8.95800018310547,35.0289993286133,0.0280349999666214,0.0134304938837886,107.407402038574,-85.9569,27.3961,9.93371080695368,63,63,63,63,61,63,0,7819,1.11328740596807,27,-86,0.001869,51,2026-05-01 20:54:06.002224,538,1.037,0.0011,"aoml_navis",1029.57928216472
"7901009",109,0,1,0.029904,1,0.007476,1,111.463950031026,1,4.85630065459225,540,1,8.92800045013428,35.0250015258789,0.0299040004611015,0.0151093062013388,107.483497619629,-85.9569,27.3961,9.93371080695368,63,63,63,63,61,63,0,7819,1.11328740596807,27,-86,0.001869,51,2026-05-01 20:54:06.002224,540,1.037,0.0011,"aoml_navis",1029.59029014644
"7901009",109,0,1,0.028035,1,0.005607,1,111.595865723911,1,4.85624072823495,542,1,8.88799953460693,35.0209999084473,0.0280349999666214,0.0134304938837886,107.610702514648,-85.9569,27.3961,9.93371080695368,63,63,63,63,61,63,0,7819,1.11328740596807,27,-86,0.001869,51,2026-05-01 20:54:06.002224,542,1.037,0.0011,"aoml_navis",1029.60299536413
"7901009",109,0,1,0.026166,1,0.003738,1,111.710557134218,1,4.856183607926,544,1,8.85599994659424,35.0180015563965,0.0261659994721413,0.0117516815662384,107.721298217773,-85.9569,27.3961,9.93371080695368,63,63,63,63,61,63,0,7819,1.11328740596807,27,-86,0.001869,51,2026-05-01 20:54:06.002224,544,1.037,0.0011,"aoml_navis",1029.6151059526
"7901009",109,0,1,0.028035,1,0.005607,1,111.835209670738,1,4.8561313576365,546,1,8.82999992370605,35.0149993896484,0.0280349999666214,0.0134304938837886,107.841499328613,-85.9569,27.3961,9.93371080695368,63,63,63,63,61,63,0,7819,1.11328740596807,27,-86,0.001869,51,2026-05-01 20:54:06.002224,546,1.037,0.0011,"aoml_navis",1029.62618425411
"7901009",109,0,1,0.028035,1,0.005607,1,111.976762100499,1,4.85607046654896,548,1,8.78400039672852,35.0099983215332,0.0280349999666214,0.0134304938837886,107.977996826172,-85.9569,27.3961,9.93371080695368,63,63,63,63,61,63,0,7819,1.11328740596807,27,-86,0.001869,51,2026-05-01 20:54:06.002224,548,1.037,0.0011,"aoml_navis",1029.63909491069
"7901009",109,0,1,0.028035,1,0.005607,1,111.910808210024,1,4.85602132071853,550,1,8.77099990844727,35.0089988708496,0.0280349999666214,0.0134304938837886,107.914398193359,-85.9569,27.3961,9.93371080695368,63,63,63,63,61,63,0,7819,1.11328740596807,27,-86,0.001869,51,2026-05-01 20:54:06.002224,550,1.037,0.0011,"aoml_navis",1029.6495154721
"7901009",109,0,1,0.028035,1,0.005607,1,111.864871515195,1,4.85597617988279,552,1,8.76299953460693,35.007999420166,0.0280349999666214,0.0134304938837886,107.870101928711,-85.9569,27.3961,9.93371080695368,63,63,63,63,61,63,0,7819,1.11328740596807,27,-86,0.001869,51,2026-05-01 20:54:06.002224,552,1.037,0.0011,"aoml_navis",1029.65908702639
"7901009",109,0,1,0.029904,1,0.007476,1,111.844545754083,1,4.85592752428414,554,1,8.74600028991699,35.0060005187988,0.0299040004611015,0.0151093062013388,107.85050201416,-85.9569,27.3961,9.93371080695368,63,63,63,63,61,63,0,7819,1.11328740596807,27,-86,0.001869,51,2026-05-01 20:54:06.002224,554,1.037,0.0011,"aoml_navis",1029.66940404184
"7901009",109,0,1,0.028035,1,0.005607,1,111.810010157643,1,4.85587249117845,556,1,8.7209997177124,35.0040016174316,0.0280349999666214,0.0134304938837886,107.817199707031,-85.9569,27.3961,9.93371080695368,63,63,63,63,61,63,0,7819,1.11328740596807,27,-86,0.001869,51,2026-05-01 20:54:06.002224,556,1.037,0.0011,"aoml_navis",1029.68107360384
"7901009",109,0,1,0.028035,1,0.005607,1,111.866944442175,1,4.85581289912528,558,1,8.68099975585938,35,0.0280349999666214,0.0134304938837886,107.872100830078,-85.9569,27.3961,9.93371080695368,63,63,63,63,61,63,0,7819,1.11328740596807,27,-86,0.001869,51,2026-05-01 20:54:06.002224,558,1.037,0.0011,"aoml_navis",1029.69371017172
"7901009",109,0,1,0.031773,1,0.009345,1,111.919938583058,1,4.85576380179724,560,1,8.66800022125244,34.9990005493164,0.0317730009555817,0.0167881175875664,107.923202514648,-85.9569,27.3961,9.93371080695368,63,63,63,63,61,63,0,7819,1.11328740596807,27,-86,0.001869,51,2026-05-01 20:54:06.002224,560,1.037,0.0011,"aoml_navis",1029.70412155331
"7901009",109,0,1,0.029904,1,0.007476,1,112.002586656462,1,4.85571043499956,562,1,8.64500045776367,34.9970016479492,0.0299040004611015,0.0151093062013388,108.002899169922,-85.9569,27.3961,9.93371080695368,63,63,63,63,61,63,0,7819,1.11328740596807,27,-86,0.001869,51,2026-05-01 20:54:06.002224,562,1.037,0.0011,"aoml_navis",1029.71543854024
"7901009",109,0,1,0.031773,1,0.009345,1,112.139993232263,1,4.85565731192647,564,1,8.61299991607666,34.9930000305176,0.0317730009555817,0.0167881175875664,108.135398864746,-85.9569,27.3961,9.93371080695368,63,63,63,63,61,63,0,7819,1.11328740596807,27,-86,0.001869,51,2026-05-01 20:54:06.002224,564,1.037,0.0011,"aoml_navis",1029.72670408989
"7901009",109,0,1,0.029904,1,0.007476,1,112.18977512752,1,4.85559420343186,566,1,8.57299995422363,34.9900016784668,0.0299040004611015,0.0151093062013388,108.183403015137,-85.9569,27.3961,9.93371080695368,63,63,63,63,61,63,0,7819,1.11328740596807,27,-86,0.001869,51,2026-05-01 20:54:06.002224,566,1.037,0.0011,"aoml_navis",1029.74008751927
"7901009",109,0,1,0.028035,1,0.005607,1,112.184790608447,1,4.85554675276931,568,1,8.5620002746582,34.9889984130859,0.0280349999666214,0.0134304938837886,108.178596496582,-85.9569,27.3961,9.93371080695368,63,63,63,63,61,63,0,7819,1.11328740596807,27,-86,0.001869,51,2026-05-01 20:54:06.002224,568,1.037,0.0011,"aoml_navis",1029.75015061863
"7901009",109,0,1,0.033642,1,0.011214,1,112.168302135828,1,4.85550720539318,570,1,8.56099987030029,34.9879989624023,0.0336420014500618,0.018466928973794,108.162696838379,-85.9569,27.3961,9.93371080695368,63,63,63,63,61,63,0,7819,1.11328740596807,27,-86,0.001869,51,2026-05-01 20:54:06.002224,570,1.037,0.0011,"aoml_navis",1029.75853777878
"7901009",109,0,1,0.029904,1,0.007476,1,112.210100888632,1,4.85546291097406,572,1,8.55399990081787,34.9869995117188,0.0299040004611015,0.0151093062013388,108.203002929688,-85.9569,27.3961,9.93371080695368,63,63,63,63,61,63,0,7819,1.11328740596807,27,-86,0.001869,51,2026-05-01 20:54:06.002224,572,1.037,0.0011,"aoml_navis",1029.76793184832
"7901009",109,0,1,0.026166,1,0.003738,1,112.407756849746,1,4.85539725092306,574,1,8.50599956512451,34.9830017089844,0.0261659994721413,0.0117516815662384,108.393600463867,-85.9569,27.3961,9.93371080695368,63,63,63,63,61,63,0,7819,1.11328740596807,27,-86,0.001869,51,2026-05-01 20:54:06.002224,574,1.037,0.0011,"aoml_navis",1029.78185750907
"7901009",109,0,1,0.033642,1,0.011214,1,112.620247689055,1,4.855339318735,576,1,8.46300029754639,34.9780006408691,0.0336420014500618,0.018466928973794,108.598503112793,-85.9569,27.3961,9.93371080695368,63,63,63,63,61,63,0,7819,1.11328740596807,27,-86,0.001869,51,2026-05-01 20:54:06.002224,576,1.037,0.0011,"aoml_navis",1029.79414450125
"7901009",109,0,1,0.029904,1,0.007476,1,112.936123783503,1,4.85525949348046,578,1,8.39200019836426,34.9729995727539,0.0299040004611015,0.0151093062013388,108.903099060059,-85.9569,27.3961,9.93371080695368,63,63,63,63,61,63,0,7819,1.11328740596807,27,-86,0.001869,51,2026-05-01 20:54:06.002224,578,1.037,0.0011,"aoml_navis",1029.81107533261
"7901009",109,0,1,0.026166,1,0.003738,1,113.150790404948,1,4.85519808034263,580,1,8.34899997711182,34.9690017700195,0.0261659994721413,0.0117516815662384,109.11009979248,-85.9569,27.3961,9.93371080695368,63,63,63,63,61,63,0,7819,1.11328740596807,27,-86,0.001869,51,2026-05-01 20:54:06.002224,580,1.037,0.0011,"aoml_navis",1029.82410135719
"7901009",109,0,1,0.029904,1,0.007476,1,113.377586022805,1,4.8551367599503,582,1,8.30599975585938,34.9650001525879,0.0299040004611015,0.0151093062013388,109.328796386719,-85.9569,27.3961,9.93371080695368,63,63,63,63,61,63,0,7819,1.11328740596807,27,-86,0.001869,51,2026-05-01 20:54:06.002224,582,1.037,0.0011,"aoml_navis",1029.83710803878
"7901009",109,0,1,0.028035,1,0.005607,1,113.615070664899,1,4.85507785339543,584,1,8.26599979400635,34.9609985351562,0.0280349999666214,0.0134304938837886,109.557800292969,-85.9569,27.3961,9.93371080695368,63,63,63,63,61,63,0,7819,1.11328740596807,27,-86,0.001869,51,2026-05-01 20:54:06.002224,584,1.037,0.0011,"aoml_navis",1029.8496030302
"7901009",109,0,1,0.024297,1,0.001869,1,113.770207887119,1,4.85502562806459,586,1,8.24400043487549,34.9589996337891,0.0242970008403063,0.0100728701800108,109.707397460938,-85.9569,27.3961,9.93371080695368,63,63,63,63,61,63,0,7819,1.11328740596807,27,-86,0.001869,51,2026-05-01 20:54:06.002224,586,1.037,0.0011,"aoml_navis",1029.86068108423
"7901009",109,0,1,0.029904,1,0.007476,1,113.988506086746,1,4.85497477033424,588,1,8.2189998626709,34.9560012817383,0.0299040004611015,0.0151093062013388,109.917900085449,-85.9569,27.3961,9.93371080695368,63,63,63,63,61,63,0,7819,1.11328740596807,27,-86,0.001869,51,2026-05-01 20:54:06.002224,588,1.037,0.0011,"aoml_navis",1029.87146927146
"7901009",109,0,1,0.026166,1,0.003738,1,114.326472303819,1,4.85492065568759,590,1,8.1850004196167,34.9519996643066,0.0261659994721413,0.0117516815662384,110.243797302246,-85.9569,27.3961,9.93371080695368,63,63,63,63,61,63,0,7819,1.11328740596807,27,-86,0.001869,51,2026-05-01 20:54:06.002224,590,1.037,0.0011,"aoml_navis",1029.8829485797
"7901009",109,0,1,0.029904,1,0.007476,1,114.750931794725,1,4.85484554499747,592,1,8.11900043487549,34.9469985961914,0.0299040004611015,0.0151093062013388,110.653099060059,-85.9569,27.3961,9.93371080695368,63,63,63,63,61,63,0,7819,1.11328740596807,27,-86,0.001869,51,2026-05-01 20:54:06.002224,592,1.037,0.0011,"aoml_navis",1029.89888219041
"7901009",109,0,1,0.028035,1,0.005607,1,115.102174238792,1,4.85479310043317,594,1,8.08699989318848,34.943000793457,0.0280349999666214,0.0134304938837886,110.991798400879,-85.9569,27.3961,9.93371080695368,63,63,63,63,61,63,0,7819,1.11328740596807,27,-86,0.001869,51,2026-05-01 20:54:06.002224,594,1.037,0.0011,"aoml_navis",1029.91000781349
"7901009",109,0,1,0.029904,1,0.007476,1,115.540946420181,1,4.85473456193175,596,1,8.04699993133545,34.9389991760254,0.0299040004611015,0.0151093062013388,111.414901733398,-85.9569,27.3961,9.93371080695368,63,63,63,63,61,63,0,7819,1.11328740596807,27,-86,0.001869,51,2026-05-01 20:54:06.002224,596,1.037,0.0011,"aoml_navis",1029.92242649214
"7901009",109,0,1,0.031773,1,0.009345,1,116.045561724955,1,4.85465664485221,598,1,7.97200012207031,34.9329986572266,0.0317730009555817,0.0167881175875664,111.901496887207,-85.9569,27.3961,9.93371080695368,63,63,63,63,61,63,0,7819,1.11328740596807,27,-86,0.001869,51,2026-05-01 20:54:06.002224,598,1.037,0.0011,"aoml_navis",1029.93895671322
"7901009",109,0,1,0.028035,1,0.005607,1,116.510569882929,1,4.85458976649257,600,1,7.91599988937378,34.9280014038086,0.0280349999666214,0.0134304938837886,112.349899291992,-85.9569,27.3961,9.93371080695368,63,63,63,63,61,63,0,7819,1.11328740596807,27,-86,0.001869,51,2026-05-01 20:54:06.002224,600,1.037,0.0011,"aoml_navis",1029.95314547711
"7901009",109,0,1,0.026166,1,0.003738,1,116.761425695237,1,4.85452936380107,602,1,7.87799978256226,34.9249992370605,0.0261659994721413,0.0117516815662384,112.591796875,-85.9569,27.3961,9.93371080695368,63,63,63,63,61,63,0,7819,1.11328740596807,27,-86,0.001869,51,2026-05-01 20:54:06.002224,602,1.037,0.0011,"aoml_navis",1029.96596071365
"7901009",109,0,1,0.028035,1,0.005607,1,116.938447329771,1,4.85447204460369,604,1,7.8439998626709,34.9220008850098,0.0280349999666214,0.0134304938837886,112.762496948242,-85.9569,27.3961,9.93371080695368,63,63,63,63,61,63,0,7819,1.11328740596807,27,-86,0.001869,51,2026-05-01 20:54:06.002224,604,1.037,0.0011,"aoml_navis",1029.9781220407
"7901009",109,0,1,0.028035,1,0.005607,1,117.113396037327,1,4.85442551225523,606,1,7.8289999961853,34.9199981689453,0.0280349999666214,0.0134304938837886,112.931198120117,-85.9569,27.3961,9.93371080695368,63,63,63,63,61,63,0,7819,1.11328740596807,27,-86,0.001869,51,2026-05-01 20:54:06.002224,606,1.037,0.0011,"aoml_navis",1029.98799494961
"7901009",109,0,1,0.029904,1,0.007476,1,117.34040527743,1,4.85437063681884,608,1,7.80299997329712,34.9179992675781,0.0299040004611015,0.0151093062013388,113.150100708008,-85.9569,27.3961,9.93371080695368,63,63,63,63,61,63,0,7819,1.11328740596807,27,-86,0.001869,51,2026-05-01 20:54:06.002224,608,1.037,0.0011,"aoml_navis",1029.99963827991
"7901009",109,0,1,0.033642,1,0.011214,1,117.56565015602,1,4.85429915598994,610,1,7.75500011444092,34.9160003662109,0.0336420014500618,0.018466928973794,113.367301940918,-85.9569,27.3961,9.93371080695368,63,63,63,63,61,63,0,7819,1.11328740596807,27,-86,0.001869,51,2026-05-01 20:54:06.002224,610,1.037,0.0011,"aoml_navis",1030.01480529486
"7901009",109,0,1,0.029904,1,0.007476,1,117.64425523062,1,4.85425190382999,612,1,7.73899984359741,34.9140014648438,0.0299040004611015,0.0151093062013388,113.443099975586,-85.9569,27.3961,9.93371080695368,63,63,63,63,61,63,0,7819,1.11328740596807,27,-86,0.001869,51,2026-05-01 20:54:06.002224,612,1.037,0.0011,"aoml_navis",1030.02483164399
"7901009",109,0,1,0.029904,1,0.007476,1,117.693926358787,1,4.85420635036512,614,1,7.7350001335144,34.9140014648438,0.0299040004611015,0.0151093062013388,113.490997314453,-85.9569,27.3961,9.93371080695368,63,63,63,63,61,63,0,7819,1.11328740596807,27,-86,0.001869,51,2026-05-01 20:54:06.002224,614,1.037,0.0011,"aoml_navis",1030.03449773492
"7901009",109,0,1,0.031773,1,0.009345,1,117.814330186192,1,4.85415845816108,616,1,7.72300004959106,34.9129981994629,0.0317730009555817,0.0167881175875664,113.60710144043,-85.9569,27.3961,9.93371080695368,63,63,63,63,61,63,0,7819,1.11328740596807,27,-86,0.001869,51,2026-05-01 20:54:06.002224,616,1.037,0.0011,"aoml_navis",1030.04466028375
"7901009",109,0,1,0.029904,1,0.007476,1,117.93120529057,1,4.85410678755186,618,1,7.70599985122681,34.9119987487793,0.0299040004611015,0.0151093062013388,113.719802856445,-85.9569,27.3961,9.93371080695368,63,63,63,63,61,63,0,7819,1.11328740596807,27,-86,0.001869,51,2026-05-01 20:54:06.002224,618,1.037,0.0011,"aoml_navis",1030.05562482109
"7901009",109,0,1,0.031773,1,0.009345,1,118.018624260802,1,4.854061907621,620,1,7.69799995422363,34.9109992980957,0.0317730009555817,0.0167881175875664,113.804100036621,-85.9569,27.3961,9.93371080695368,63,63,63,63,61,63,0,7819,1.11328740596807,27,-86,0.001869,51,2026-05-01 20:54:06.002224,620,1.037,0.0011,"aoml_navis",1030.06514856143
"7901009",109,0,1,0.028035,1,0.005607,1,118.178951712408,1,4.8540110053473,622,1,7.68200016021729,34.9099998474121,0.0280349999666214,0.0134304938837886,113.958702087402,-85.9569,27.3961,9.93371080695368,63,63,63,63,61,63,0,7819,1.11328740596807,27,-86,0.001869,51,2026-05-01 20:54:06.002224,622,1.037,0.0011,"aoml_navis",1030.07595048546
"7901009",109,0,1,0.026166,1,0.003738,1,118.422860845752,1,4.85394274897062,624,1,7.63800001144409,34.9080009460449,0.0261659994721413,0.0117516815662384,114.193901062012,-85.9569,27.3961,9.93371080695368,63,63,63,63,61,63,0,7819,1.11328740596807,27,-86,0.001869,51,2026-05-01 20:54:06.002224,624,1.037,0.0011,"aoml_navis",1030.09043546308
"7901009",109,0,1,0.028035,1,0.005607,1,118.556532988215,1,4.85388657879029,626,1,7.6100001335144,34.9059982299805,0.0280349999666214,0.0134304938837886,114.322799682617,-85.9569,27.3961,9.93371080695368,63,63,63,63,61,63,0,7819,1.11328740596807,27,-86,0.001869,51,2026-05-01 20:54:06.002224,626,1.037,0.0011,"aoml_navis",1030.10235588284
"7901009",109,0,1,0.029904,1,0.007476,1,118.719241932266,1,4.85383647742854,628,1,7.59499979019165,34.9049987792969,0.0299040004611015,0.0151093062013388,114.479698181152,-85.9569,27.3961,9.93371080695368,63,63,63,63,61,63,0,7819,1.11328740596807,27,-86,0.001869,51,2026-05-01 20:54:06.002224,628,1.037,0.0011,"aoml_navis",1030.11298861244
"7901009",109,0,1,0.026166,1,0.003738,1,118.870336155683,1,4.85378189360785,630,1,7.57399988174438,34.9039993286133,0.0261659994721413,0.0117516815662384,114.625396728516,-85.9569,27.3961,9.93371080695368,63,63,63,63,61,63,0,7819,1.11328740596807,27,-86,0.001869,51,2026-05-01 20:54:06.002224,630,1.037,0.0011,"aoml_navis",1030.12457287887
"7901009",109,0,1,0.028035,1,0.005607,1,118.979125262452,1,4.85373555167392,632,1,7.56400012969971,34.9029998779297,0.0280349999666214,0.0134304938837886,114.73030090332,-85.9569,27.3961,9.93371080695368,63,63,63,63,61,63,0,7819,1.11328740596807,27,-86,0.001869,51,2026-05-01 20:54:06.002224,632,1.037,0.0011,"aoml_navis",1030.13440818292
"7901009",109,0,1,0.029904,1,0.007476,1,119.211111109694,1,4.8536817387209,634,1,7.54400014877319,34.9020004272461,0.0299040004611015,0.0151093062013388,114.954002380371,-85.9569,27.3961,9.93371080695368,63,63,63,63,61,63,0,7819,1.11328740596807,27,-86,0.001869,51,2026-05-01 20:54:06.002224,634,1.037,0.0011,"aoml_navis",1030.14582932206
"7901009",109,0,1,0.029904,1,0.007476,1,119.388235599385,1,4.85362794067412,636,1,7.52400016784668,34.9010009765625,0.0299040004611015,0.0151093062013388,115.124801635742,-85.9569,27.3961,9.93371080695368,63,63,63,63,61,63,0,7819,1.11328740596807,27,-86,0.001869,51,2026-05-01 20:54:06.002224,636,1.037,0.0011,"aoml_navis",1030.15724755069
"7901009",109,0,1,0.031773,1,0.009345,1,119.544828617652,1,4.85357639438906,638,1,7.50699996948242,34.9000015258789,0.0317730009555817,0.0167881175875664,115.275802612305,-85.9569,27.3961,9.93371080695368,63,63,63,63,61,63,0,7819,1.11328740596807,27,-86,0.001869,51,2026-05-01 20:54:06.002224,638,1.037,0.0011,"aoml_navis",1030.16818809738
"7901009",109,0,1,0.028035,1,0.005607,1,119.788318418439,1,4.85351887453212,640,1,7.47700023651123,34.8979988098145,0.0280349999666214,0.0134304938837886,115.510597229004,-85.9569,27.3961,9.93371080695368,63,63,63,63,61,63,0,7819,1.11328740596807,27,-86,0.001869,51,2026-05-01 20:54:06.002224,640,1.037,0.0011,"aoml_navis",1030.18039679139
"7901009",109,0,1,0.033642,1,0.011214,1,119.93205454227,1,4.85346590577067,642,1,7.46299982070923,34.8979988098145,0.0336420014500618,0.018466928973794,115.649200439453,-85.9569,27.3961,9.93371080695368,63,63,63,63,61,63,0,7819,1.11328740596807,27,-86,0.001869,51,2026-05-01 20:54:06.002224,642,1.037,0.0011,"aoml_navis",1030.19163976306
"7901009",109,0,1,0.029904,1,0.007476,1,120.020201410526,1,4.85341588451933,644,1,7.44799995422363,34.8969993591309,0.0299040004611015,0.0151093062013388,115.734199523926,-85.9569,27.3961,9.93371080695368,63,63,63,63,61,63,0,7819,1.11328740596807,27,-86,0.001869,51,2026-05-01 20:54:06.002224,644,1.037,0.0011,"aoml_navis",1030.20225733142
"7901009",109,0,1,0.033642,1,0.011214,1,120.150241974807,1,4.85336809984998,646,1,7.43599987030029,34.8959999084473,0.0336420014500618,0.018466928973794,115.859596252441,-85.9569,27.3961,9.93371080695368,63,63,63,63,61,63,0,7819,1.11328740596807,27,-86,0.001869,51,2026-05-01 20:54:06.002224,646,1.037,0.0011,"aoml_navis",1030.21240036472
"7901009",109,0,1,0.029904,1,0.007476,1,120.328513695078,1,4.85331660846118,648,1,7.41900014877319,34.8950004577637,0.0299040004611015,0.0151093062013388,116.03150177002,-85.9569,27.3961,9.93371080695368,63,63,63,63,61,63,0,7819,1.11328740596807,27,-86,0.001869,51,2026-05-01 20:54:06.002224,648,1.037,0.0011,"aoml_navis",1030.22333042998
"7901009",109,0,1,0.029904,1,0.007476,1,120.537159333959,1,4.85326735257958,650,1,7.40500020980835,34.8940010070801,0.0299040004611015,0.0151093062013388,116.232696533203,-85.9569,27.3961,9.93371080695368,63,63,63,63,61,63,0,7819,1.11328740596807,27,-86,0.001869,51,2026-05-01 20:54:06.002224,650,1.037,0.0011,"aoml_navis",1030.23378618168
"7901009",109,0,1,0.031773,1,0.009345,1,120.8065844578,1,4.85321958624749,652,1,7.39300012588501,34.8930015563965,0.0317730009555817,0.0167881175875664,116.492500305176,-85.9569,27.3961,9.93371080695368,63,63,63,63,61,63,0,7819,1.11328740596807,27,-86,0.001869,51,2026-05-01 20:54:06.002224,652,1.037,0.0011,"aoml_navis",1030.24392594319
"7901009",109,0,1,0.029904,1,0.007476,1,121.000197420109,1,4.85316517255063,654,1,7.37200021743774,34.8919982910156,0.0299040004611015,0.0151093062013388,116.67919921875,-85.9569,27.3961,9.93371080695368,63,63,63,63,61,63,0,7819,1.11328740596807,27,-86,0.001869,51,2026-05-01 20:54:06.002224,654,1.037,0.0011,"aoml_navis",1030.25547703999
"7901009",109,0,1,0.031773,1,0.009345,1,121.184268588762,1,4.85312038084784,656,1,7.36399984359741,34.890998840332,0.0317730009555817,0.0167881175875664,116.85669708252,-85.9569,27.3961,9.93371080695368,63,63,63,63,61,63,0,7819,1.11328740596807,27,-86,0.001869,51,2026-05-01 20:54:06.002224,656,1.037,0.0011,"aoml_navis",1030.26498574645
"7901009",109,0,1,0.033642,1,0.011214,1,121.397693036406,1,4.85306745399611,658,1,7.34499979019165,34.8899993896484,0.0336420014500618,0.018466928973794,117.0625,-85.9569,27.3961,9.93371080695368,63,63,63,63,61,63,0,7819,1.11328740596807,27,-86,0.001869,51,2026-05-01 20:54:06.002224,658,1.037,0.0011,"aoml_navis",1030.27622166737
"7901009",109,0,1,0.028035,1,0.005607,1,121.57658188761,1,4.85300198833999,660,1,7.30900001525879,34.8889999389648,0.0280349999666214,0.0134304938837886,117.235000610352,-85.9569,27.3961,9.93371080695368,63,63,63,63,61,63,0,7819,1.11328740596807,27,-86,0.001869,51,2026-05-01 20:54:06.002224,660,1.037,0.0011,"aoml_navis",1030.29011980898
"7901009",109,0,1,0.028035,1,0.005607,1,121.66877175467,1,4.85295205037565,662,1,7.29400014877319,34.8880004882812,0.0280349999666214,0.0134304938837886,117.32389831543,-85.9569,27.3961,9.93371080695368,63,63,63,63,61,63,0,7819,1.11328740596807,27,-86,0.001869,51,2026-05-01 20:54:06.002224,662,1.037,0.0011,"aoml_navis",1030.30072172524
"7901009",109,0,1,0.029904,1,0.007476,1,121.823703266579,1,4.85290580728028,664,1,7.28900003433228,34.8880004882812,0.0299040004611015,0.0151093062013388,117.473297119141,-85.9569,27.3961,9.93371080695368,63,63,63,63,61,63,0,7819,1.11328740596807,27,-86,0.001869,51,2026-05-01 20:54:06.002224,664,1.037,0.0011,"aoml_navis",1030.310539409
"7901009",109,0,1,0.031773,1,0.009345,1,122.009752418992,1,4.85285661655567,666,1,7.27500009536743,34.8870010375977,0.0317730009555817,0.0167881175875664,117.652702331543,-85.9569,27.3961,9.93371080695368,63,63,63,63,61,63,0,7819,1.11328740596807,27,-86,0.001869,51,2026-05-01 20:54:06.002224,666,1.037,0.0011,"aoml_navis",1030.32098309733
"7901009",109,0,1,0.029904,1,0.007476,1,122.180238795186,1,4.85280154007268,668,1,7.25799989700317,34.8870010375977,0.0299040004611015,0.0151093062013388,117.817100524902,-85.9569,27.3961,9.93371080695368,63,63,63,63,61,63,0,7819,1.11328740596807,27,-86,0.001869,51,2026-05-01 20:54:06.002224,668,1.037,0.0011,"aoml_navis",1030.33267664293
"7901009",109,0,1,0.029904,1,0.007476,1,122.381320624171,1,4.85274868708254,670,1,7.23899984359741,34.8860015869141,0.0299040004611015,0.0151093062013388,118.011001586914,-85.9569,27.3961,9.93371080695368,63,63,63,63,61,63,0,7819,1.11328740596807,27,-86,0.001869,51,2026-05-01 20:54:06.002224,670,1.037,0.0011,"aoml_navis",1030.34389835794
"7901009",109,0,1,0.028035,1,0.005607,1,122.531378384097,1,4.85270541618324,672,1,7.23299980163574,34.8849983215332,0.0280349999666214,0.0134304938837886,118.155700683594,-85.9569,27.3961,9.93371080695368,63,63,63,63,61,63,0,7819,1.11328740596807,27,-86,0.001869,51,2026-05-01 20:54:06.002224,672,1.037,0.0011,"aoml_navis",1030.35308579119
"7901009",109,0,1,0.029904,1,0.007476,1,122.78337351505,1,4.85265110017432,674,1,7.21700000762939,34.8849983215332,0.0299040004611015,0.0151093062013388,118.398696899414,-85.9569,27.3961,9.93371080695368,63,63,63,63,61,63,0,7819,1.11328740596807,27,-86,0.001869,51,2026-05-01 20:54:06.002224,674,1.037,0.0011,"aoml_navis",1030.36461859382
"7901009",109,0,1,0.029904,1,0.007476,1,123.094898045227,1,4.85259388860469,676,1,7.18699979782104,34.882999420166,0.0299040004611015,0.0151093062013388,118.699096679688,-85.9569,27.3961,9.93371080695368,63,63,63,63,61,63,0,7819,1.11328740596807,27,-86,0.001869,51,2026-05-01 20:54:06.002224,676,1.037,0.0011,"aoml_navis",1030.37676648389
"7901009",109,0,1,0.031773,1,0.009345,1,123.387030422626,1,4.85253373878941,678,1,7.16300010681152,34.882999420166,0.0317730009555817,0.0167881175875664,118.980796813965,-85.9569,27.3961,9.93371080695368,63,63,63,63,61,63,0,7819,1.11328740596807,27,-86,0.001869,51,2026-05-01 20:54:06.002224,678,1.037,0.0011,"aoml_navis",1030.38953856864
"7901009",109,0,1,0.031773,1,0.009345,1,123.626999412322,1,4.85248461129439,680,1,7.14900016784668,34.8819999694824,0.0317730009555817,0.0167881175875664,119.212196350098,-85.9569,27.3961,9.93371080695368,63,63,63,63,61,63,0,7819,1.11328740596807,27,-86,0.001869,51,2026-05-01 20:54:06.002224,680,1.037,0.0011,"aoml_navis",1030.39997043211
"7901009",109,0,1,0.029904,1,0.007476,1,123.906583460751,1,4.85243183448743,682,1,7.13000011444092,34.8810005187988,0.0299040004611015,0.0151093062013388,119.481796264648,-85.9569,27.3961,9.93371080695368,63,63,63,63,61,63,0,7819,1.11328740596807,27,-86,0.001869,51,2026-05-01 20:54:06.002224,682,1.037,0.0011,"aoml_navis",1030.41117743556
"7901009",109,0,1,0.033642,1,0.011214,1,124.292155790947,1,4.85237031018472,684,1,7.09899997711182,34.8800010681152,0.0336420014500618,0.018466928973794,119.85359954834,-85.9569,27.3961,9.93371080695368,63,63,63,63,61,63,0,7819,1.11328740596807,27,-86,0.001869,51,2026-05-01 20:54:06.002224,684,1.037,0.0011,"aoml_navis",1030.42424225237
"7901009",109,0,1,0.033642,1,0.011214,1,124.55784648145,1,4.85231975660502,686,1,7.08300018310547,34.8790016174316,0.0336420014500618,0.018466928973794,120.109802246094,-85.9569,27.3961,9.93371080695368,63,63,63,63,61,63,0,7819,1.11328740596807,27,-86,0.001869,51,2026-05-01 20:54:06.002224,686,1.037,0.0011,"aoml_navis",1030.43497766073
"7901009",109,0,1,0.033642,1,0.011214,1,124.772513102894,1,4.85226776908062,688,1,7.06500005722046,34.8779983520508,0.0336420014500618,0.018466928973794,120.316802978516,-85.9569,27.3961,9.93371080695368,63,63,63,63,61,63,0,7819,1.11328740596807,27,-86,0.001869,51,2026-05-01 20:54:06.002224,688,1.037,0.0011,"aoml_navis",1030.44601781063
"7901009",109,0,1,0.026166,1,0.003738,1,124.910536809628,1,4.85222155974018,690,1,7.05999994277954,34.8779983520508,0.0261659994721413,0.0117516815662384,120.449897766113,-85.9569,27.3961,9.93371080695368,63,63,63,63,61,63,0,7819,1.11328740596807,27,-86,0.001869,51,2026-05-01 20:54:06.002224,690,1.037,0.0011,"aoml_navis",1030.45583109518
"7901009",109,0,1,0.031773,1,0.009345,1,125.1287321541,1,4.85217539588492,692,1,7.05000019073486,34.8769989013672,0.0317730009555817,0.0167881175875664,120.660301208496,-85.9569,27.3961,9.93371080695368,63,63,63,63,61,63,0,7819,1.11328740596807,27,-86,0.001869,51,2026-05-01 20:54:06.002224,692,1.037,0.0011,"aoml_navis",1030.46563490686
"7901009",109,0,1,0.031773,1,0.009345,1,125.306584541814,1,4.8521262787621,694,1,7.04099988937378,34.8769989013672,0.0317730009555817,0.0167881175875664,120.831802368164,-85.9569,27.3961,9.93371080695368,63,63,63,63,61,63,0,7819,1.11328740596807,27,-86,0.001869,51,2026-05-01 20:54:06.002224,694,1.037,0.0011,"aoml_navis",1030.47606610841
"7901009",109,0,1,0.029904,1,0.007476,1,125.547898560465,1,4.85208012194311,696,1,7.0310001373291,34.8759994506836,0.0299040004611015,0.0151093062013388,121.064498901367,-85.9569,27.3961,9.93371080695368,63,63,63,63,61,63,0,7819,1.11328740596807,27,-86,0.001869,51,2026-05-01 20:54:06.002224,696,1.037,0.0011,"aoml_navis",1030.48586881077
"7901009",109,0,1,0.028035,1,0.005607,1,125.826754710871,1,4.85203173857,698,1,7.02299976348877,34.8759994506836,0.0280349999666214,0.0134304938837886,121.333396911621,-85.9569,27.3961,9.93371080695368,63,63,63,63,61,63,0,7819,1.11328740596807,27,-86,0.001869,51,2026-05-01 20:54:06.002224,698,1.037,0.0011,"aoml_navis",1030.49614458491
"7901009",109,0,1,0.029904,1,0.007476,1,126.183290239478,1,4.8519819541132,700,1,7.00799989700317,34.875,0.0299040004611015,0.0151093062013388,121.677200317383,-85.9569,27.3961,9.93371080695368,63,63,63,63,61,63,0,7819,1.11328740596807,27,-86,0.001869,51,2026-05-01 20:54:06.002224,700,1.037,0.0011,"aoml_navis",1030.50671813841
"7901009",109,0,1,0.029904,1,0.007476,1,126.566781730759,1,4.85192570062505,702,1,6.97900009155273,34.8730010986328,0.0299040004611015,0.0151093062013388,122.046997070312,-85.9569,27.3961,9.93371080695368,63,63,63,63,61,63,0,7819,1.11328740596807,27,-86,0.001869,51,2026-05-01 20:54:06.002224,702,1.037,0.0011,"aoml_navis",1030.51866588886
"7901009",109,0,1,0.028035,1,0.005607,1,126.934204081977,1,4.85185783285366,704,1,6.93900012969971,34.8720016479492,0.0280349999666214,0.0134304938837886,122.401298522949,-85.9569,27.3961,9.93371080695368,63,63,63,63,61,63,0,7819,1.11328740596807,27,-86,0.001869,51,2026-05-01 20:54:06.002224,704,1.037,0.0011,"aoml_navis",1030.53308078057
"7901009",109,0,1,0.029904,1,0.007476,1,127.116621656208,1,4.85180007193118,706,1,6.91800022125244,34.8720016479492,0.0299040004611015,0.0151093062013388,122.577201843262,-85.9569,27.3961,9.93371080695368,63,63,63,63,61,63,0,7819,1.11328740596807,27,-86,0.001869,51,2026-05-01 20:54:06.002224,706,1.037,0.0011,"aoml_navis",1030.54534932843
"7901009",109,0,1,0.031773,1,0.009345,1,127.346012388758,1,4.85175613827139,708,1,6.91099977493286,34.8709983825684,0.0317730009555817,0.0167881175875664,122.798400878906,-85.9569,27.3961,9.93371080695368,63,63,63,63,61,63,0,7819,1.11328740596807,27,-86,0.001869,51,2026-05-01 20:54:06.002224,708,1.037,0.0011,"aoml_navis",1030.55468113066
"7901009",109,0,1,0.029904,1,0.007476,1,127.572499441149,1,4.85170561907182,710,1,6.90000009536743,34.8709983825684,0.0299040004611015,0.0151093062013388,123.016799926758,-85.9569,27.3961,9.93371080695368,63,63,63,63,61,63,0,7819,1.11328740596807,27,-86,0.001869,51,2026-05-01 20:54:06.002224,710,1.037,0.0011,"aoml_navis",1030.56541195435
"7901009",109,0,1,0.029904,1,0.007476,1,127.90165176259,1,4.85165157185108,712,1,6.87900018692017,34.8699989318848,0.0299040004611015,0.0151093062013388,123.334197998047,-85.9569,27.3961,9.93371080695368,63,63,63,63,61,63,0,7819,1.11328740596807,27,-86,0.001869,51,2026-05-01 20:54:06.002224,712,1.037,0.0011,"aoml_navis",1030.57689241528
"7901009",109,0,1,0.035511,1,0.013083,1,128.107195922936,1,4.85158737282897,714,1,6.84899997711182,34.8699989318848,0.0355109982192516,0.0201457403600216,123.532402038574,-85.9569,27.3961,9.93371080695368,63,63,63,63,61,63,0,7819,1.11328740596807,27,-86,0.001869,51,2026-05-01 20:54:06.002224,714,1.037,0.0011,"aoml_navis",1030.59052960732
"7901009",109,0,1,0.031773,1,0.009345,1,128.274367198349,1,4.85154416118741,716,1,6.84299993515015,34.8689994812012,0.0317730009555817,0.0167881175875664,123.693603515625,-85.9569,27.3961,9.93371080695368,63,63,63,63,61,63,0,7819,1.11328740596807,27,-86,0.001869,51,2026-05-01 20:54:06.002224,716,1.037,0.0011,"aoml_navis",1030.59970885151
"7901009",109,0,1,0.033642,1,0.011214,1,128.528126690815,1,4.8514936676073,718,1,6.83199977874756,34.8689994812012,0.0336420014500618,0.018466928973794,123.938301086426,-85.9569,27.3961,9.93371080695368,63,63,63,63,61,63,0,7819,1.11328740596807,27,-86,0.001869,51,2026-05-01 20:54:06.002224,718,1.037,0.0011,"aoml_navis",1030.61043517057
"7901009",109,0,1,0.029904,1,0.007476,1,128.845355726155,1,4.85143814474085,720,1,6.81400012969971,34.8689994812012,0.0299040004611015,0.0151093062013388,124.244201660156,-85.9569,27.3961,9.93371080695368,63,63,63,63,61,63,0,7819,1.11328740596807,27,-86,0.001869,51,2026-05-01 20:54:06.002224,720,1.037,0.0011,"aoml_navis",1030.62223011545
"7901009",109,0,1,0.029904,1,0.007476,1,129.19950185038,1,4.8513725823908,722,1,6.78200006484985,34.8689994812012,0.0299040004611015,0.0151093062013388,124.58570098877,-85.9569,27.3961,9.93371080695368,63,63,63,63,61,63,0,7819,1.11328740596807,27,-86,0.001869,51,2026-05-01 20:54:06.002224,722,1.037,0.0011,"aoml_navis",1030.63615813567
"7901009",109,0,1,0.028035,1,0.005607,1,129.406596749993,1,4.85132507976331,724,1,6.76999998092651,34.8680000305176,0.0280349999666214,0.0134304938837886,124.785400390625,-85.9569,27.3961,9.93371080695368,63,63,63,63,61,63,0,7819,1.11328740596807,27,-86,0.001869,51,2026-05-01 20:54:06.002224,724,1.037,0.0011,"aoml_navis",1030.64624979614
"7901009",109,0,1,0.028035,1,0.005607,1,129.633708845252,1,4.85127471584691,726,1,6.75400018692017,34.867000579834,0.0280349999666214,0.0134304938837886,125.004402160645,-85.9569,27.3961,9.93371080695368,63,63,63,63,61,63,0,7819,1.11328740596807,27,-86,0.001869,51,2026-05-01 20:54:06.002224,726,1.037,0.0011,"aoml_navis",1030.65694953685
"7901009",109,0,1,0.031773,1,0.009345,1,129.774327666679,1,4.85122497229458,728,1,6.74399995803833,34.867000579834,0.0317730009555817,0.0167881175875664,125.139999389648,-85.9569,27.3961,9.93371080695368,63,63,63,63,61,63,0,7819,1.11328740596807,27,-86,0.001869,51,2026-05-01 20:54:06.002224,728,1.037,0.0011,"aoml_navis",1030.66751770019
"7901009",109,0,1,0.024297,1,0.001869,1,130.07838333018,1,4.85117512787154,730,1,6.73899984359741,34.8680000305176,0.0242970008403063,0.0100728701800108,125.433197021484,-85.9569,27.3961,9.93371080695368,63,63,63,63,61,63,0,7819,1.11328740596807,27,-86,0.001869,51,2026-05-01 20:54:06.002224,730,1.037,0.0011,"aoml_navis",1030.67810751119
"7901009",109,0,1,0.031773,1,0.009345,1,130.604677336957,1,4.85112324292783,732,1,6.72599983215332,34.8680000305176,0.0317730009555817,0.0167881175875664,125.940696716309,-85.9569,27.3961,9.93371080695368,63,63,63,63,61,63,0,7819,1.11328740596807,27,-86,0.001869,51,2026-05-01 20:54:06.002224,732,1.037,0.0011,"aoml_navis",1030.68913107685
"7901009",109,0,1,0.031773,1,0.009345,1,131.348335935027,1,4.85106503991882,734,1,6.69899988174438,34.867000579834,0.0317730009555817,0.0167881175875664,126.65779876709,-85.9569,27.3961,9.93371080695368,63,63,63,63,61,63,0,7819,1.11328740596807,27,-86,0.001869,51,2026-05-01 20:54:06.002224,734,1.037,0.0011,"aoml_navis",1030.70149727031
"7901009",109,0,1,0.031773,1,0.009345,1,132.047505722379,1,4.85100627120257,736,1,6.66599988937378,34.8650016784668,0.0317730009555817,0.0167881175875664,127.332000732422,-85.9569,27.3961,9.93371080695368,63,63,63,63,61,63,0,7819,1.11328740596807,27,-86,0.001869,51,2026-05-01 20:54:06.002224,736,1.037,0.0011,"aoml_navis",1030.71398395873
"7901009",109,0,1,0.031773,1,0.009345,1,132.721365229545,1,4.85095325608665,738,1,6.64099979400635,34.8629989624023,0.0317730009555817,0.0167881175875664,127.981796264648,-85.9569,27.3961,9.93371080695368,63,63,63,63,61,63,0,7819,1.11328740596807,27,-86,0.001869,51,2026-05-01 20:54:06.002224,738,1.037,0.0011,"aoml_navis",1030.72524842954
"7901009",109,0,1,0.026166,1,0.003738,1,133.276593182755,1,4.85088915466982,740,1,6.59000015258789,34.859001159668,0.0261659994721413,0.0117516815662384,128.517196655273,-85.9569,27.3961,9.93371080695368,63,63,63,63,61,63,0,7819,1.11328740596807,27,-86,0.001869,51,2026-05-01 20:54:06.002224,740,1.037,0.0011,"aoml_navis",1030.73886880854
"7901009",109,0,1,0.031773,1,0.009345,1,133.531816383204,1,4.85083450116011,742,1,6.57299995422363,34.859001159668,0.0317730009555817,0.0167881175875664,128.763305664062,-85.9569,27.3961,9.93371080695368,63,63,63,63,61,63,0,7819,1.11328740596807,27,-86,0.001869,51,2026-05-01 20:54:06.002224,742,1.037,0.0011,"aoml_navis",1030.75048196433
"7901009",109,0,1,0.031773,1,0.009345,1,133.71961407326,1,4.85078907098872,744,1,6.56899976730347,34.859001159668,0.0317730009555817,0.0167881175875664,128.944396972656,-85.9569,27.3961,9.93371080695368,63,63,63,63,61,63,0,7819,1.11328740596807,27,-86,0.001869,51,2026-05-01 20:54:06.002224,744,1.037,0.0011,"aoml_navis",1030.76013548057
"7901009",109,0,1,0.028035,1,0.005607,1,133.949835558989,1,4.85074307557214,746,1,6.55900001525879,34.8580017089844,0.0280349999666214,0.0134304938837886,129.166397094727,-85.9569,27.3961,9.93371080695368,63,63,63,63,61,63,0,7819,1.11328740596807,27,-86,0.001869,51,2026-05-01 20:54:06.002224,746,1.037,0.0011,"aoml_navis",1030.7699092907
"7901009",109,0,1,0.033642,1,0.011214,1,134.265616710216,1,4.85069694036398,748,1,6.55399990081787,34.8580017089844,0.0336420014500618,0.018466928973794,129.470901489258,-85.9569,27.3961,9.93371080695368,63,63,63,63,61,63,0,7819,1.11328740596807,27,-86,0.001869,51,2026-05-01 20:54:06.002224,748,1.037,0.0011,"aoml_navis",1030.77971299209
"7901009",109,0,1,0.028035,1,0.005607,1,134.767534045142,1,4.85065025647828,750,1,6.54300022125244,34.8569984436035,0.0280349999666214,0.0134304938837886,129.954895019531,-85.9569,27.3961,9.93371080695368,63,63,63,63,61,63,0,7819,1.11328740596807,27,-86,0.001869,51,2026-05-01 20:54:06.002224,750,1.037,0.0011,"aoml_navis",1030.78963347693
"7901009",109,0,1,0.028035,1,0.005607,1,135.191471348335,1,4.85058376069633,752,1,6.50400018692017,34.8559989929199,0.0280349999666214,0.0134304938837886,130.363693237305,-85.9569,27.3961,9.93371080695368,63,63,63,63,61,63,0,7819,1.11328740596807,27,-86,0.001869,51,2026-05-01 20:54:06.002224,752,1.037,0.0011,"aoml_navis",1030.80376438695
"7901009",109,0,1,0.029904,1,0.007476,1,135.41454044479,1,4.85053849354683,754,1,6.49499988555908,34.8549995422363,0.0299040004611015,0.0151093062013388,130.578796386719,-85.9569,27.3961,9.93371080695368,63,63,63,63,61,63,0,7819,1.11328740596807,27,-86,0.001869,51,2026-05-01 20:54:06.002224,754,1.037,0.0011,"aoml_navis",1030.81338425662
"7901009",109,0,1,0.029904,1,0.007476,1,135.58638767381,1,4.85047683040029,756.099975585938,1,6.47100019454956,34.8549995422363,0.0299040004611015,0.0151093062013388,130.744506835938,-85.9569,27.3961,9.93371080695368,63,63,63,63,61,63,0,7819,1.11328740596807,27,-86,0.001869,51,2026-05-01 20:54:06.002224,756.099975585938,1.037,0.0011,"aoml_navis",1030.82648878201
"7901009",109,0,1,0.033642,1,0.011214,1,135.719640483716,1,4.85042562587011,758,1,6.46099996566772,34.8559989929199,0.0336420014500618,0.018466928973794,130.873001098633,-85.9569,27.3961,9.93371080695368,63,63,63,63,61,63,0,7819,1.11328740596807,27,-86,0.001869,51,2026-05-01 20:54:06.002224,758,1.037,0.0011,"aoml_navis",1030.83737091692
"7901009",109,0,1,0.031773,1,0.009345,1,135.831008881308,1,4.85037229609155,760,1,6.45100021362305,34.8569984436035,0.0317730009555817,0.0167881175875664,130.980392456055,-85.9569,27.3961,9.93371080695368,63,63,63,63,61,63,0,7819,1.11328740596807,27,-86,0.001869,51,2026-05-01 20:54:06.002224,760,1.037,0.0011,"aoml_navis",1030.84870496003
"7901009",109,0,1,0.028035,1,0.005607,1,136.095979585723,1,4.85031315703719,762,1,6.43800020217896,34.859001159668,0.0280349999666214,0.0134304938837886,131.235900878906,-85.9569,27.3961,9.93371080695368,63,63,63,63,61,63,0,7819,1.11328740596807,27,-86,0.001869,51,2026-05-01 20:54:06.002224,762,1.037,0.0011,"aoml_navis",1030.8612739253
"7901009",109,0,1,0.029904,1,0.007476,1,136.309301178211,1,4.85025578104432,764,1,6.41699981689453,34.859001159668,0.0299040004611015,0.0151093062013388,131.441604614258,-85.9569,27.3961,9.93371080695368,63,63,63,63,61,63,0,7819,1.11328740596807,27,-86,0.001869,51,2026-05-01 20:54:06.002224,764,1.037,0.0011,"aoml_navis",1030.87346847581
"7901009",109,0,1,0.029904,1,0.007476,1,136.39288285995,1,4.85020474667374,766,1,6.40500020980835,34.859001159668,0.0299040004611015,0.0151093062013388,131.522201538086,-85.9569,27.3961,9.93371080695368,63,63,63,63,61,63,0,7819,1.11328740596807,27,-86,0.001869,51,2026-05-01 20:54:06.002224,766,1.037,0.0011,"aoml_navis",1030.88431543617
"7901009",109,0,1,0.028035,1,0.005607,1,136.305250267472,1,4.85014932860492,768,1,6.39200019836426,34.8600006103516,0.0280349999666214,0.0134304938837886,131.437698364258,-85.9569,27.3961,9.93371080695368,63,63,63,63,61,63,0,7819,1.11328740596807,27,-86,0.001869,51,2026-05-01 20:54:06.002224,768,1.037,0.0011,"aoml_navis",1030.89609437617
"7901009",109,0,1,0.029904,1,0.007476,1,136.395272264331,1,4.85007864684305,770,1,6.3730001449585,34.8639984130859,0.0299040004611015,0.0151093062013388,131.524505615234,-85.9569,27.3961,9.93371080695368,63,63,63,63,61,63,0,7819,1.11328740596807,27,-86,0.001869,51,2026-05-01 20:54:06.002224,770,1.037,0.0011,"aoml_navis",1030.91111795775
"7901009",109,0,1,0.031773,1,0.009345,1,136.53952266394,1,4.85002692939713,772,1,6.3600001335144,34.8639984130859,0.0317730009555817,0.0167881175875664,131.663604736328,-85.9569,27.3961,9.93371080695368,63,63,63,63,61,63,0,7819,1.11328740596807,27,-86,0.001869,51,2026-05-01 20:54:06.002224,772,1.037,0.0011,"aoml_navis",1030.92211090496
"7901009",109,0,1,0.028035,1,0.005607,1,136.616458320247,1,4.84997642536076,774,1,6.35400009155273,34.8650016784668,0.0280349999666214,0.0134304938837886,131.73779296875,-85.9569,27.3961,9.93371080695368,63,63,63,63,61,63,0,7819,1.11328740596807,27,-86,0.001869,51,2026-05-01 20:54:06.002224,774,1.037,0.0011,"aoml_navis",1030.93284615875
"7901009",109,0,1,0.033642,1,0.011214,1,136.850619949625,1,4.84993172695333,776,1,6.35099983215332,34.8650016784668,0.0336420014500618,0.018466928973794,131.963592529297,-85.9569,27.3961,9.93371080695368,63,63,63,63,61,63,0,7819,1.11328740596807,27,-86,0.001869,51,2026-05-01 20:54:06.002224,776,1.037,0.0011,"aoml_navis",1030.94234754124
"7901009",109,0,1,0.028035,1,0.005607,1,137.195849323063,1,4.84988492673613,778,1,6.34499979019165,34.8650016784668,0.0280349999666214,0.0134304938837886,132.296493530273,-85.9569,27.3961,9.93371080695368,63,63,63,63,61,63,0,7819,1.11328740596807,27,-86,0.001869,51,2026-05-01 20:54:06.002224,778,1.037,0.0011,"aoml_navis",1030.95229588569
"7901009",109,0,1,0.028035,1,0.005607,1,137.738323236992,1,4.84983622137547,780,1,6.33099985122681,34.8639984130859,0.0280349999666214,0.0134304938837886,132.819595336914,-85.9569,27.3961,9.93371080695368,63,63,63,63,61,63,0,7819,1.11328740596807,27,-86,0.001869,51,2026-05-01 20:54:06.002224,780,1.037,0.0011,"aoml_navis",1030.96264941127
"7901009",109,0,1,0.028035,1,0.005607,1,138.421423884282,1,4.84977071953966,782,1,6.29300022125244,34.8629989624023,0.0280349999666214,0.0134304938837886,133.478302001953,-85.9569,27.3961,9.93371080695368,63,63,63,63,61,63,0,7819,1.11328740596807,27,-86,0.001869,51,2026-05-01 20:54:06.002224,782,1.037,0.0011,"aoml_navis",1030.97657376978
"7901009",109,0,1,0.031773,1,0.009345,1,138.571275933898,1,4.84971624492866,784,1,6.27600002288818,34.8629989624023,0.0317730009555817,0.0167881175875664,133.622802734375,-85.9569,27.3961,9.93371080695368,63,63,63,63,61,63,0,7819,1.11328740596807,27,-86,0.001869,51,2026-05-01 20:54:06.002224,784,1.037,0.0011,"aoml_navis",1030.98815425098
"7901009",109,0,1,0.029904,1,0.007476,1,138.710652581523,1,4.84967364823663,786,1,6.27600002288818,34.8629989624023,0.0299040004611015,0.0151093062013388,133.757202148438,-85.9569,27.3961,9.93371080695368,63,63,63,63,61,63,0,7819,1.11328740596807,27,-86,0.001869,51,2026-05-01 20:54:06.002224,786,1.037,0.0011,"aoml_navis",1030.9972098469
"7901009",109,0,1,0.031773,1,0.009345,1,138.931427216817,1,4.84962965689208,788,1,6.27400016784668,34.8629989624023,0.0317730009555817,0.0167881175875664,133.970092773438,-85.9569,27.3961,9.93371080695368,63,63,63,63,61,63,0,7819,1.11328740596807,27,-86,0.001869,51,2026-05-01 20:54:06.002224,788,1.037,0.0011,"aoml_navis",1031.00656209783
"7901009",109,0,1,0.033642,1,0.011214,1,139.562878752181,1,4.8495870649026,790,1,6.27400016784668,34.8629989624023,0.0336420014500618,0.018466928973794,134.578994750977,-85.9569,27.3961,9.93371080695368,63,63,63,63,61,63,0,7819,1.11328740596807,27,-86,0.001869,51,2026-05-01 20:54:06.002224,790,1.037,0.0011,"aoml_navis",1031.01561701737
"7901009",109,0,1,0.029904,1,0.007476,1,140.534685908999,1,4.84952721404556,792,1,6.24399995803833,34.8619995117188,0.0299040004611015,0.0151093062013388,135.516098022461,-85.9569,27.3961,9.93371080695368,63,63,63,63,61,63,0,7819,1.11328740596807,27,-86,0.001869,51,2026-05-01 20:54:06.002224,792,1.037,0.0011,"aoml_navis",1031.02834138525
"7901009",109,0,1,0.028035,1,0.005607,1,140.957388950327,1,4.84946899730682,794,1,6.21099996566772,34.8600006103516,0.0280349999666214,0.0134304938837886,135.923706054688,-85.9569,27.3961,9.93371080695368,63,63,63,63,61,63,0,7819,1.11328740596807,27,-86,0.001869,51,2026-05-01 20:54:06.002224,794,1.037,0.0011,"aoml_navis",1031.04071863884
"7901009",109,0,1,0.031773,1,0.009345,1,141.051651744367,1,4.84941964916596,796,1,6.19600009918213,34.859001159668,0.0317730009555817,0.0167881175875664,136.014602661133,-85.9569,27.3961,9.93371080695368,63,63,63,63,61,63,0,7819,1.11328740596807,27,-86,0.001869,51,2026-05-01 20:54:06.002224,796,1.037,0.0011,"aoml_navis",1031.05121060413
"7901009",109,0,1,0.029904,1,0.007476,1,140.991394447119,1,4.84936759285405,798,1,6.19299983978271,34.8610000610352,0.0299040004611015,0.0151093062013388,135.956497192383,-85.9569,27.3961,9.93371080695368,63,63,63,63,61,63,0,7819,1.11328740596807,27,-86,0.001869,51,2026-05-01 20:54:06.002224,798,1.037,0.0011,"aoml_navis",1031.06227858823
"7901009",109,0,1,0.031773,1,0.009345,1,141.484513710283,1,4.84931414818471,800,1,6.18800020217896,34.8629989624023,0.0317730009555817,0.0167881175875664,136.432006835938,-85.9569,27.3961,9.93371080695368,63,63,63,63,61,63,0,7819,1.11328740596807,27,-86,0.001869,51,2026-05-01 20:54:06.002224,800,1.037,0.0011,"aoml_navis",1031.07364200599
"7901009",109,0,1,0.031773,1,0.009345,1,142.271814542021,1,4.84926342153362,802,1,6.1710000038147,34.8619995117188,0.0317730009555817,0.0167881175875664,137.191192626953,-85.9569,27.3961,9.93371080695368,63,63,63,63,61,63,0,7819,1.11328740596807,27,-86,0.001869,51,2026-05-01 20:54:06.002224,802,1.037,0.0011,"aoml_navis",1031.08442774979
"7901009",109,0,1,0.029904,1,0.007476,1,142.785979552385,1,4.84920945268419,804,1,6.14400005340576,34.8600006103516,0.0299040004611015,0.0151093062013388,137.686996459961,-85.9569,27.3961,9.93371080695368,63,63,63,63,61,63,0,7819,1.11328740596807,27,-86,0.001869,51,2026-05-01 20:54:06.002224,804,1.037,0.0011,"aoml_navis",1031.0959031131
"7901009",109,0,1,0.031773,1,0.009345,1,142.897047296445,1,4.84916199993565,806,1,6.13700008392334,34.8600006103516,0.0317730009555817,0.0167881175875664,137.794097900391,-85.9569,27.3961,9.93371080695368,63,63,63,63,61,63,0,7819,1.11328740596807,27,-86,0.001869,51,2026-05-01 20:54:06.002224,806,1.037,0.0011,"aoml_navis",1031.10599317291
"7901009",109,0,1,0.026166,1,0.003738,1,142.997323161114,1,4.84912239625906,808,1,6.13600015640259,34.859001159668,0.0261659994721413,0.0117516815662384,137.89079284668,-85.9569,27.3961,9.93371080695368,63,63,63,63,61,63,0,7819,1.11328740596807,27,-86,0.001869,51,2026-05-01 20:54:06.002224,808,1.037,0.0011,"aoml_navis",1031.11441440565
"7901009",109,0,1,0.031773,1,0.009345,1,143.202147335371,1,4.84907056747188,810,1,6.12799978256226,34.8600006103516,0.0317730009555817,0.0167881175875664,138.088302612305,-85.9569,27.3961,9.93371080695368,63,63,63,63,61,63,0,7819,1.11328740596807,27,-86,0.001869,51,2026-05-01 20:54:06.002224,810,1.037,0.0011,"aoml_navis",1031.12543536499
"7901009",109,0,1,0.029904,1,0.007476,1,143.303467575465,1,4.84902034831546,812,1,6.11700010299683,34.8600006103516,0.0299040004611015,0.0151093062013388,138.186004638672,-85.9569,27.3961,9.93371080695368,63,63,63,63,61,63,0,7819,1.11328740596807,27,-86,0.001869,51,2026-05-01 20:54:06.002224,812,1.037,0.0011,"aoml_navis",1031.1361142745
"7901009",109,0,1,0.026166,1,0.003738,1,143.442733456,1,4.84896852586438,814,1,6.10900020599365,34.8610000610352,0.0261659994721413,0.0117516815662384,138.320297241211,-85.9569,27.3961,9.93371080695368,63,63,63,63,61,63,0,7819,1.11328740596807,27,-86,0.001869,51,2026-05-01 20:54:06.002224,814,1.037,0.0011,"aoml_navis",1031.14713435033
"7901009",109,0,1,0.024297,1,0.001869,1,143.719936011983,1,4.84892108453719,816,1,6.10200023651123,34.8610000610352,0.0242970008403063,0.0100728701800108,138.587600708008,-85.9569,27.3961,9.93371080695368,63,63,63,63,61,63,0,7819,1.11328740596807,27,-86,0.001869,51,2026-05-01 20:54:06.002224,816,1.037,0.0011,"aoml_navis",1031.15722298401
"7901009",109,0,1,0.029904,1,0.007476,1,143.958037785009,1,4.84887087551818,818,1,6.09100008010864,34.8610000610352,0.0299040004611015,0.0151093062013388,138.817199707031,-85.9569,27.3961,9.93371080695368,63,63,63,63,61,63,0,7819,1.11328740596807,27,-86,0.001869,51,2026-05-01 20:54:06.002224,818,1.037,0.0011,"aoml_navis",1031.16790039612
"7901009",109,0,1,0.029904,1,0.007476,1,144.112447109206,1,4.84882920166634,820,1,6.08699989318848,34.8600006103516,0.0299040004611015,0.0151093062013388,138.966094970703,-85.9569,27.3961,9.93371080695368,63,63,63,63,61,63,0,7819,1.11328740596807,27,-86,0.001869,51,2026-05-01 20:54:06.002224,820,1.037,0.0011,"aoml_navis",1031.17676289396
"7901009",109,0,1,0.029904,1,0.007476,1,144.343301549738,1,4.84877600545179,822,1,6.0770001411438,34.8610000610352,0.0299040004611015,0.0151093062013388,139.188705444336,-85.9569,27.3961,9.93371080695368,63,63,63,63,61,63,0,7819,1.11328740596807,27,-86,0.001869,51,2026-05-01 20:54:06.002224,822,1.037,0.0011,"aoml_navis",1031.18807599654
"7901009",109,0,1,0.033642,1,0.011214,1,144.553917260443,1,4.84871658897797,824,1,6.05800008773804,34.8619995117188,0.0336420014500618,0.018466928973794,139.391799926758,-85.9569,27.3961,9.93371080695368,63,63,63,63,61,63,0,7819,1.11328740596807,27,-86,0.001869,51,2026-05-01 20:54:06.002224,824,1.037,0.0011,"aoml_navis",1031.20071223918
"7901009",109,0,1,0.026166,1,0.003738,1,144.67047588742,1,4.84867192633121,826,1,6.05499982833862,34.8619995117188,0.0261659994721413,0.0117516815662384,139.504196166992,-85.9569,27.3961,9.93371080695368,63,63,63,63,61,63,0,7819,1.11328740596807,27,-86,0.001869,51,2026-05-01 20:54:06.002224,826,1.037,0.0011,"aoml_navis",1031.21021095426
"7901009",109,0,1,0.031773,1,0.009345,1,144.920303148172,1,4.84862242732555,828,1,6.04500007629395,34.8619995117188,0.0317730009555817,0.0167881175875664,139.745101928711,-85.9569,27.3961,9.93371080695368,63,63,63,63,61,63,0,7819,1.11328740596807,27,-86,0.001869,51,2026-05-01 20:54:06.002224,828,1.037,0.0011,"aoml_navis",1031.2207384558
"7901009",109,0,1,0.028035,1,0.005607,1,145.050755133075,1,4.84857085978882,830,1,6.03200006484985,34.8619995117188,0.0280349999666214,0.0134304938837886,139.870895385742,-85.9569,27.3961,9.93371080695368,63,63,63,63,61,63,0,7819,1.11328740596807,27,-86,0.001869,51,2026-05-01 20:54:06.002224,830,1.037,0.0011,"aoml_navis",1031.23170612335
"7901009",109,0,1,0.033642,1,0.011214,1,145.127390135851,1,4.84851285233461,832,1,6.0149998664856,34.8629989624023,0.0336420014500618,0.018466928973794,139.944793701172,-85.9569,27.3961,9.93371080695368,63,63,63,63,61,63,0,7819,1.11328740596807,27,-86,0.001869,51,2026-05-01 20:54:06.002224,832,1.037,0.0011,"aoml_navis",1031.24404374683
"7901009",109,0,1,0.029904,1,0.007476,1,144.925794031088,1,4.84846175083312,834,1,6.00799989700317,34.8639984130859,0.0299040004611015,0.0151093062013388,139.750396728516,-85.9569,27.3961,9.93371080695368,63,63,63,63,61,63,0,7819,1.11328740596807,27,-86,0.001869,51,2026-05-01 20:54:06.002224,834,1.037,0.0011,"aoml_navis",1031.25491278566
"7901009",109,0,1,0.028035,1,0.005607,1,144.88420890053,1,4.84840695222308,836,1,6.00099992752075,34.8660011291504,0.0280349999666214,0.0134304938837886,139.710296630859,-85.9569,27.3961,9.93371080695368,63,63,63,63,61,63,0,7819,1.11328740596807,27,-86,0.001869,51,2026-05-01 20:54:06.002224,836,1.037,0.0011,"aoml_navis",1031.26656843593
"7901009",109,0,1,0.026166,1,0.003738,1,144.924243291821,1,4.84836436872293,838,1,6.00099992752075,34.8660011291504,0.0261659994721413,0.0117516815662384,139.748901367188,-85.9569,27.3961,9.93371080695368,63,63,63,63,61,63,0,7819,1.11328740596807,27,-86,0.001869,51,2026-05-01 20:54:06.002224,838,1.037,0.0011,"aoml_navis",1031.27562611739
"7901009",109,0,1,0.026166,1,0.003738,1,144.979832547396,1,4.8483176482918,840,1,5.99499988555908,34.8660011291504,0.0261659994721413,0.0117516815662384,139.802505493164,-85.9569,27.3961,9.93371080695368,63,63,63,63,61,63,0,7819,1.11328740596807,27,-86,0.001869,51,2026-05-01 20:54:06.002224,840,1.037,0.0011,"aoml_navis",1031.28556392373
"7901009",109,0,1,0.029904,1,0.007476,1,145.080108412065,1,4.84825804384042,842,1,5.98099994659424,34.8680000305176,0.0299040004611015,0.0151093062013388,139.899200439453,-85.9569,27.3961,9.93371080695368,63,63,63,63,61,63,0,7819,1.11328740596807,27,-86,0.001869,51,2026-05-01 20:54:06.002224,842,1.037,0.0011,"aoml_navis",1031.29824254144
"7901009",109,0,1,0.026166,1,0.003738,1,145.138593435864,1,4.84821063929657,844,1,5.97399997711182,34.8680000305176,0.0261659994721413,0.0117516815662384,139.955596923828,-85.9569,27.3961,9.93371080695368,63,63,63,63,61,63,0,7819,1.11328740596807,27,-86,0.001869,51,2026-05-01 20:54:06.002224,844,1.037,0.0011,"aoml_navis",1031.30832630767
"7901009",109,0,1,0.029904,1,0.007476,1,145.243442398985,1,4.84816599340272,846,1,5.97100019454956,34.8680000305176,0.0299040004611015,0.0151093062013388,140.056701660156,-85.9569,27.3961,9.93371080695368,63,63,63,63,61,63,0,7819,1.11328740596807,27,-86,0.001869,51,2026-05-01 20:54:06.002224,846,1.037,0.0011,"aoml_navis",1031.31782344167
"7901009",109,0,1,0.033642,1,0.011214,1,145.381062597032,1,4.8481135295865,848,1,5.96199989318848,34.8689994812012,0.0336420014500618,0.018466928973794,140.189407348633,-85.9569,27.3961,9.93371080695368,63,63,63,63,61,63,0,7819,1.11328740596807,27,-86,0.001869,51,2026-05-01 20:54:06.002224,848,1.037,0.0011,"aoml_navis",1031.32898383806
"7901009",109,0,1,0.031773,1,0.009345,1,145.555995480717,1,4.84806888716787,850,1,5.95900011062622,34.8689994812012,0.0317730009555817,0.0167881175875664,140.358093261719,-85.9569,27.3961,9.93371080695368,63,63,63,63,61,63,0,7819,1.11328740596807,27,-86,0.001869,51,2026-05-01 20:54:06.002224,850,1.037,0.0011,"aoml_navis",1031.33848061323
"7901009",109,0,1,0.028035,1,0.005607,1,145.859845433907,1,4.84802286841888,852,1,5.9539999961853,34.8689994812012,0.0280349999666214,0.0134304938837886,140.651092529297,-85.9569,27.3961,9.93371080695368,63,63,63,63,61,63,0,7819,1.11328740596807,27,-86,0.001869,51,2026-05-01 20:54:06.002224,852,1.037,0.0011,"aoml_navis",1031.34827035803
"7901009",109,0,1,0.029904,1,0.007476,1,146.340732845502,1,4.84797616272713,854,1,5.94799995422363,34.8689994812012,0.0299040004611015,0.0151093062013388,141.114807128906,-85.9569,27.3961,9.93371080695368,63,63,63,63,61,63,0,7819,1.11328740596807,27,-86,0.001869,51,2026-05-01 20:54:06.002224,854,1.037,0.0011,"aoml_navis",1031.35820642884
"7901009",109,0,1,0.028035,1,0.005607,1,147.049120037173,1,4.84792188653558,856,1,5.93100023269653,34.8689994812012,0.0280349999666214,0.0134304938837886,141.797897338867,-85.9569,27.3961,9.93371080695368,63,63,63,63,61,63,0,7819,1.11328740596807,27,-86,0.001869,51,2026-05-01 20:54:06.002224,856,1.037,0.0011,"aoml_navis",1031.36975327239
"7901009",109,0,1,0.031773,1,0.009345,1,147.550119587635,1,4.84786786829667,858,1,5.90899991989136,34.8680000305176,0.0317730009555817,0.0167881175875664,142.281005859375,-85.9569,27.3961,9.93371080695368,63,63,63,63,61,63,0,7819,1.11328740596807,27,-86,0.001869,51,2026-05-01 20:54:06.002224,858,1.037,0.0011,"aoml_navis",1031.3812454952
"7901009",109,0,1,0.028035,1,0.005607,1,147.856042467805,1,4.84781636263074,860,1,5.89599990844727,34.8680000305176,0.0280349999666214,0.0134304938837886,142.57600402832,-85.9569,27.3961,9.93371080695368,63,63,63,63,61,63,0,7819,1.11328740596807,27,-86,0.001869,51,2026-05-01 20:54:06.002224,860,1.037,0.0011,"aoml_navis",1031.39220341397
"7901009",109,0,1,0.029904,1,0.007476,1,147.93256670349,1,4.8477628042428,862,1,5.88000011444092,34.8680000305176,0.0299040004611015,0.0151093062013388,142.649795532227,-85.9569,27.3961,9.93371080695368,63,63,63,63,61,63,0,7819,1.11328740596807,27,-86,0.001869,51,2026-05-01 20:54:06.002224,862,1.037,0.0011,"aoml_navis",1031.40359829981
"7901009",109,0,1,0.029904,1,0.007476,1,147.859460423741,1,4.84771611304621,864,1,5.87400007247925,34.8680000305176,0.0299040004611015,0.0151093062013388,142.579299926758,-85.9569,27.3961,9.93371080695368,63,63,63,63,61,63,0,7819,1.11328740596807,27,-86,0.001869,51,2026-05-01 20:54:06.002224,864,1.037,0.0011,"aoml_navis",1031.41353235268
"7901009",109,0,1,0.029904,1,0.007476,1,147.810612136818,1,4.84765588244738,866,1,5.85900020599365,34.8699989318848,0.0299040004611015,0.0151093062013388,142.532196044922,-85.9569,27.3961,9.93371080695368,63,63,63,63,61,63,0,7819,1.11328740596807,27,-86,0.001869,51,2026-05-01 20:54:06.002224,866,1.037,0.0011,"aoml_navis",1031.42634734124
"7901009",109,0,1,0.024297,1,0.001869,1,148.015230600765,1,4.84760139966948,868,1,5.84700012207031,34.8709983825684,0.0242970008403063,0.0100728701800108,142.729507446289,-85.9569,27.3961,9.93371080695368,63,63,63,63,61,63,0,7819,1.11328740596807,27,-86,0.001869,51,2026-05-01 20:54:06.002224,868,1.037,0.0011,"aoml_navis",1031.4379396666
"7901009",109,0,1,0.026166,1,0.003738,1,148.218583155105,1,4.84755334632829,870,1,5.83900022506714,34.8709983825684,0.0261659994721413,0.0117516815662384,142.925598144531,-85.9569,27.3961,9.93371080695368,63,63,63,63,61,63,0,7819,1.11328740596807,27,-86,0.001869,51,2026-05-01 20:54:06.002224,870,1.037,0.0011,"aoml_navis",1031.44816421405
"7901009",109,0,1,0.031773,1,0.009345,1,148.423391505493,1,4.84750392597917,872,1,5.8289999961853,34.8709983825684,0.0317730009555817,0.0167881175875664,143.123092651367,-85.9569,27.3961,9.93371080695368,63,63,63,63,61,63,0,7819,1.11328740596807,27,-86,0.001869,51,2026-05-01 20:54:06.002224,872,1.037,0.0011,"aoml_navis",1031.458679838
"7901009",109,0,1,0.031773,1,0.009345,1,148.753176781737,1,4.84745081043274,874,1,5.81899976730347,34.8720016479492,0.0317730009555817,0.0167881175875664,143.441101074219,-85.9569,27.3961,9.93371080695368,63,63,63,63,61,63,0,7819,1.11328740596807,27,-86,0.001869,51,2026-05-01 20:54:06.002224,874,1.037,0.0011,"aoml_navis",1031.46998196226
"7901009",109,0,1,0.031773,1,0.009345,1,149.14133631469,1,4.84739524340798,876,1,5.80000019073486,34.8720016479492,0.0317730009555817,0.0167881175875664,143.815399169922,-85.9569,27.3961,9.93371080695368,63,63,63,63,61,63,0,7819,1.11328740596807,27,-86,0.001869,51,2026-05-01 20:54:06.002224,876,1.037,0.0011,"aoml_navis",1031.48180598633
"7901009",109,0,1,0.028035,1,0.005607,1,149.440106805586,1,4.84734173780022,878,1,5.78399991989136,34.8720016479492,0.0280349999666214,0.0134304938837886,144.103500366211,-85.9569,27.3961,9.93371080695368,63,63,63,63,61,63,0,7819,1.11328740596807,27,-86,0.001869,51,2026-05-01 20:54:06.002224,878,1.037,0.0011,"aoml_navis",1031.49319162075
"7901009",109,0,1,0.026166,1,0.003738,1,149.617539860743,1,4.84728114525825,880,1,5.76300001144409,34.8730010986328,0.0261659994721413,0.0117516815662384,144.274597167969,-85.9569,27.3961,9.93371080695368,63,63,63,63,61,63,0,7819,1.11328740596807,27,-86,0.001869,51,2026-05-01 20:54:06.002224,880,1.037,0.0011,"aoml_navis",1031.50608561072
"7901009",109,0,1,0.031773,1,0.009345,1,149.72177169293,1,4.84723584296261,882,1,5.75899982452393,34.8730010986328,0.0317730009555817,0.0167881175875664,144.375106811523,-85.9569,27.3961,9.93371080695368,63,63,63,63,61,63,0,7819,1.11328740596807,27,-86,0.001869,51,2026-05-01 20:54:06.002224,882,1.037,0.0011,"aoml_navis",1031.51572607287
"7901009",109,0,1,0.028035,1,0.005607,1,149.862493369512,1,4.84719190704964,884,1,5.75699996948242,34.8730010986328,0.0280349999666214,0.0134304938837886,144.510803222656,-85.9569,27.3961,9.93371080695368,63,63,63,63,61,63,0,7819,1.11328740596807,27,-86,0.001869,51,2026-05-01 20:54:06.002224,884,1.037,0.0011,"aoml_navis",1031.52507593688
"7901009",109,0,1,0.029904,1,0.007476,1,150.058899244889,1,4.84714865540969,886,1,5.75600004196167,34.8730010986328,0.0299040004611015,0.0151093062013388,144.7001953125,-85.9569,27.3961,9.93371080695368,63,63,63,63,61,63,0,7819,1.11328740596807,27,-86,0.001869,51,2026-05-01 20:54:06.002224,886,1.037,0.0011,"aoml_navis",1031.53428034845
"7901009",109,0,1,0.029904,1,0.007476,1,150.437216330655,1,4.84709012531624,888,1,5.73799991607666,34.8740005493164,0.0299040004611015,0.0151093062013388,145.065002441406,-85.9569,27.3961,9.93371080695368,63,63,63,63,61,63,0,7819,1.11328740596807,27,-86,0.001869,51,2026-05-01 20:54:06.002224,888,1.037,0.0011,"aoml_navis",1031.54673643989
"7901009",109,0,1,0.026166,1,0.003738,1,150.676773899729,1,4.84703160679488,890,1,5.71999979019165,34.875,0.0261659994721413,0.0117516815662384,145.296005249023,-85.9569,27.3961,9.93371080695368,63,63,63,63,61,63,0,7819,1.11328740596807,27,-86,0.001869,51,2026-05-01 20:54:06.002224,890,1.037,0.0011,"aoml_navis",1031.55919036936
"7901009",109,0,1,0.031773,1,0.009345,1,150.75257023739,1,4.846984270998,892,1,5.71299982070923,34.875,0.0317730009555817,0.0167881175875664,145.369094848633,-85.9569,27.3961,9.93371080695368,63,63,63,63,61,63,0,7819,1.11328740596807,27,-86,0.001869,51,2026-05-01 20:54:06.002224,892,1.037,0.0011,"aoml_navis",1031.56926460801
"7901009",109,0,1,0.031773,1,0.009345,1,150.797478380665,1,4.84694170350782,894,1,5.71299982070923,34.875,0.0317730009555817,0.0167881175875664,145.412399291992,-85.9569,27.3961,9.93371080695368,63,63,63,63,61,63,0,7819,1.11328740596807,27,-86,0.001869,51,2026-05-01 20:54:06.002224,894,1.037,0.0011,"aoml_navis",1031.57832420006
"7901009",109,0,1,0.029904,1,0.007476,1,150.934987811621,1,4.8468991385633,896,1,5.71299982070923,34.875,0.0299040004611015,0.0151093062013388,145.544998168945,-85.9569,27.3961,9.93371080695368,63,63,63,63,61,63,0,7819,1.11328740596807,27,-86,0.001869,51,2026-05-01 20:54:06.002224,896,1.037,0.0011,"aoml_navis",1031.58738340944
"7901009",109,0,1,0.031773,1,0.009345,1,151.129225816798,1,4.84685657616423,898,1,5.71299982070923,34.875,0.0317730009555817,0.0167881175875664,145.732299804688,-85.9569,27.3961,9.93371080695368,63,63,63,63,61,63,0,7819,1.11328740596807,27,-86,0.001869,51,2026-05-01 20:54:06.002224,898,1.037,0.0011,"aoml_navis",1031.59644223617
"7901009",109,0,1,0.033642,1,0.011214,1,151.469897915654,1,4.846809927368,900,1,5.70699977874756,34.875,0.0336420014500618,0.018466928973794,146.060806274414,-85.9569,27.3961,9.93371080695368,63,63,63,63,61,63,0,7819,1.11328740596807,27,-86,0.001869,51,2026-05-01 20:54:06.002224,900,1.037,0.0011,"aoml_navis",1031.6063709796
"7901009",109,0,1,0.029904,1,0.007476,1,151.862409012878,1,4.84675006400319,902,1,5.68699979782104,34.8759994506836,0.0299040004611015,0.0151093062013388,146.439300537109,-85.9569,27.3961,9.93371080695368,63,63,63,63,61,63,0,7819,1.11328740596807,27,-86,0.001869,51,2026-05-01 20:54:06.002224,902,1.037,0.0011,"aoml_navis",1031.61911259567
"7901009",109,0,1,0.028035,1,0.005607,1,152.134532106567,1,4.84669389948352,904,1,5.66699981689453,34.8759994506836,0.0280349999666214,0.0134304938837886,146.701705932617,-85.9569,27.3961,9.93371080695368,63,63,63,63,61,63,0,7819,1.11328740596807,27,-86,0.001869,51,2026-05-01 20:54:06.002224,904,1.037,0.0011,"aoml_navis",1031.63106721735
"7901009",109,0,1,0.029904,1,0.007476,1,152.320161926423,1,4.84664861918507,906,1,5.66300010681152,34.8759994506836,0.0299040004611015,0.0151093062013388,146.880706787109,-85.9569,27.3961,9.93371080695368,63,63,63,63,61,63,0,7819,1.11328740596807,27,-86,0.001869,51,2026-05-01 20:54:06.002224,906,1.037,0.0011,"aoml_navis",1031.64070533356
"7901009",109,0,1,0.024297,1,0.001869,1,152.580970953008,1,4.84660469979711,908,1,5.66099977493286,34.8759994506836,0.0242970008403063,0.0100728701800108,147.132202148438,-85.9569,27.3961,9.93371080695368,63,63,63,63,61,63,0,7819,1.11328740596807,27,-86,0.001869,51,2026-05-01 20:54:06.002224,908,1.037,0.0011,"aoml_navis",1031.65005394587
"7901009",109,0,1,0.029904,1,0.007476,1,153.001490300265,1,4.84655874327272,910,1,5.6560001373291,34.8759994506836,0.0299040004611015,0.0151093062013388,147.537704467773,-85.9569,27.3961,9.93371080695368,63,63,63,63,61,63,0,7819,1.11328740596807,27,-86,0.001869,51,2026-05-01 20:54:06.002224,910,1.037,0.0011,"aoml_navis",1031.65983636127
"7901009",109,0,1,0.028035,1,0.005607,1,153.60586719393,1,4.84649551957861,912,1,5.63100004196167,34.8769989013672,0.0280349999666214,0.0134304938837886,148.120498657227,-85.9569,27.3961,9.93371080695368,63,63,63,63,61,63,0,7819,1.11328740596807,27,-86,0.001869,51,2026-05-01 20:54:06.002224,912,1.037,0.0011,"aoml_navis",1031.67329461077
"7901009",109,0,1,0.031773,1,0.009345,1,153.995371755839,1,4.84644481797651,914,1,5.61899995803833,34.8769989013672,0.0317730009555817,0.0167881175875664,148.49609375,-85.9569,27.3961,9.93371080695368,63,63,63,63,61,63,0,7819,1.11328740596807,27,-86,0.001869,51,2026-05-01 20:54:06.002224,914,1.037,0.0011,"aoml_navis",1031.68408757156
"7901009",109,0,1,0.029904,1,0.007476,1,154.249756291173,1,4.84638908157478,916,1,5.60500001907349,34.8779983520508,0.0299040004611015,0.0151093062013388,148.741394042969,-85.9569,27.3961,9.93371080695368,63,63,63,63,61,63,0,7819,1.11328740596807,27,-86,0.001869,51,2026-05-01 20:54:06.002224,916,1.037,0.0011,"aoml_navis",1031.69595256172
"7901009",109,0,1,0.028035,1,0.005607,1,154.507463839223,1,4.84633974568808,918,1,5.59499979019165,34.8779983520508,0.0280349999666214,0.0134304938837886,148.989898681641,-85.9569,27.3961,9.93371080695368,63,63,63,63,61,63,0,7819,1.11328740596807,27,-86,0.001869,51,2026-05-01 20:54:06.002224,918,1.037,0.0011,"aoml_navis",1031.70645525804
"7901009",109,0,1,0.029904,1,0.007476,1,154.746910641206,1,4.84629176819209,920,1,5.58699989318848,34.8779983520508,0.0299040004611015,0.0151093062013388,149.220794677734,-85.9569,27.3961,9.93371080695368,63,63,63,63,61,63,0,7819,1.11328740596807,27,-86,0.001869,51,2026-05-01 20:54:06.002224,920,1.037,0.0011,"aoml_navis",1031.71666898323
"7901009",109,0,1,0.031773,1,0.009345,1,154.928078129701,1,4.84623671004318,922,1,5.57399988174438,34.8790016174316,0.0317730009555817,0.0167881175875664,149.395492553711,-85.9569,27.3961,9.93371080695368,63,63,63,63,61,63,0,7819,1.11328740596807,27,-86,0.001869,51,2026-05-01 20:54:06.002224,922,1.037,0.0011,"aoml_navis",1031.72839032773
"7901009",109,0,1,0.031773,1,0.009345,1,155.069227050774,1,4.84619279984083,924,1,5.57200002670288,34.8790016174316,0.0317730009555817,0.0167881175875664,149.531600952148,-85.9569,27.3961,9.93371080695368,63,63,63,63,61,63,0,7819,1.11328740596807,27,-86,0.001869,51,2026-05-01 20:54:06.002224,924,1.037,0.0011,"aoml_navis",1031.73773857372
"7901009",109,0,1,0.028035,1,0.005607,1,155.288862367423,1,4.84614618352072,926,1,5.56599998474121,34.8790016174316,0.0280349999666214,0.0134304938837886,149.743392944336,-85.9569,27.3961,9.93371080695368,63,63,63,63,61,63,0,7819,1.11328740596807,27,-86,0.001869,51,2026-05-01 20:54:06.002224,926,1.037,0.0011,"aoml_navis",1031.74766312301
"7901009",109,0,1,0.028035,1,0.005607,1,155.46018740873,1,4.84609550934464,928,1,5.55399990081787,34.8790016174316,0.0280349999666214,0.0134304938837886,149.908599853516,-85.9569,27.3961,9.93371080695368,63,63,63,63,61,63,0,7819,1.11328740596807,27,-86,0.001869,51,2026-05-01 20:54:06.002224,928,1.037,0.0011,"aoml_navis",1031.75845180075
"7901009",109,0,1,0.029904,1,0.007476,1,155.662194934115,1,4.846042812306,930,1,5.53900003433228,34.8790016174316,0.0299040004611015,0.0151093062013388,150.103393554688,-85.9569,27.3961,9.93371080695368,63,63,63,63,61,63,0,7819,1.11328740596807,27,-86,0.001869,51,2026-05-01 20:54:06.002224,930,1.037,0.0011,"aoml_navis",1031.76967139107
"7901009",109,0,1,0.033642,1,0.011214,1,155.920013249255,1,4.84599755509652,932,1,5.53499984741211,34.8790016174316,0.0336420014500618,0.018466928973794,150.352005004883,-85.9569,27.3961,9.93371080695368,63,63,63,63,61,63,0,7819,1.11328740596807,27,-86,0.001869,51,2026-05-01 20:54:06.002224,932,1.037,0.0011,"aoml_navis",1031.77930718135
"7901009",109,0,1,0.029904,1,0.007476,1,156.096829173479,1,4.84594388595295,934,1,5.52400016784668,34.8800010681152,0.0299040004611015,0.0151093062013388,150.522506713867,-85.9569,27.3961,9.93371080695368,63,63,63,63,61,63,0,7819,1.11328740596807,27,-86,0.001869,51,2026-05-01 20:54:06.002224,934,1.037,0.0011,"aoml_navis",1031.79073420425
"7901009",109,0,1,0.028035,1,0.005607,1,156.268043447696,1,4.84589728140496,936,1,5.51800012588501,34.8800010681152,0.0280349999666214,0.0134304938837886,150.687606811523,-85.9569,27.3961,9.93371080695368,63,63,63,63,61,63,0,7819,1.11328740596807,27,-86,0.001869,51,2026-05-01 20:54:06.002224,936,1.037,0.0011,"aoml_navis",1031.80065726659
"7901009",109,0,1,0.029904,1,0.007476,1,156.523456534586,1,4.84585067882658,938,1,5.51200008392334,34.8800010681152,0.0299040004611015,0.0151093062013388,150.933898925781,-85.9569,27.3961,9.93371080695368,63,63,63,63,61,63,0,7819,1.11328740596807,27,-86,0.001869,51,2026-05-01 20:54:06.002224,938,1.037,0.0011,"aoml_navis",1031.81058010041
"7901009",109,0,1,0.026166,1,0.003738,1,156.769960782622,1,4.84580272785884,940,1,5.50400018692017,34.8800010681152,0.0261659994721413,0.0117516815662384,151.171600341797,-85.9569,27.3961,9.93371080695368,63,63,63,63,61,63,0,7819,1.11328740596807,27,-86,0.001869,51,2026-05-01 20:54:06.002224,940,1.037,0.0011,"aoml_navis",1031.82079023867
"7901009",109,0,1,0.033642,1,0.011214,1,157.105331885003,1,4.84575545442064,942,1,5.49700021743774,34.8800010681152,0.0336420014500618,0.018466928973794,151.494995117188,-85.9569,27.3961,9.93371080695368,63,63,63,63,61,63,0,7819,1.11328740596807,27,-86,0.001869,51,2026-05-01 20:54:06.002224,942,1.037,0.0011,"aoml_navis",1031.83085630924
"7901009",109,0,1,0.033642,1,0.011214,1,157.40638101319,1,4.84569370782064,944,1,5.47399997711182,34.8810005187988,0.0336420014500618,0.018466928973794,151.785293579102,-85.9569,27.3961,9.93371080695368,63,63,63,63,61,63,0,7819,1.11328740596807,27,-86,0.001869,51,2026-05-01 20:54:06.002224,944,1.037,0.0011,"aoml_navis",1031.84400448801
"7901009",109,0,1,0.028035,1,0.005607,1,157.545251296973,1,4.84564006226125,946,1,5.46299982070923,34.8819999694824,0.0280349999666214,0.0134304938837886,151.919204711914,-85.9569,27.3961,9.93371080695368,63,63,63,63,61,63,0,7819,1.11328740596807,27,-86,0.001869,51,2026-05-01 20:54:06.002224,946,1.037,0.0011,"aoml_navis",1031.85542792188
"7901009",109,0,1,0.031773,1,0.009345,1,157.542861892591,1,4.84559684110811,948,1,5.46199989318848,34.8819999694824,0.0317730009555817,0.0167881175875664,151.916900634766,-85.9569,27.3961,9.93371080695368,63,63,63,63,61,63,0,7819,1.11328740596807,27,-86,0.001869,51,2026-05-01 20:54:06.002224,948,1.037,0.0011,"aoml_navis",1031.86463173783
"7901009",109,0,1,0.029904,1,0.007476,1,157.691986044183,1,4.84555362215343,950,1,5.46099996566772,34.8819999694824,0.0299040004611015,0.0151093062013388,152.060699462891,-85.9569,27.3961,9.93371080695368,63,63,63,63,61,63,0,7819,1.11328740596807,27,-86,0.001869,51,2026-05-01 20:54:06.002224,950,1.037,0.0011,"aoml_navis",1031.8738352498
"7901009",109,0,1,0.031773,1,0.009345,1,157.736989130678,1,4.84551408864599,952,1,5.46000003814697,34.8810005187988,0.0317730009555817,0.0167881175875664,152.104095458984,-85.9569,27.3961,9.93371080695368,63,63,63,63,61,63,0,7819,1.11328740596807,27,-86,0.001869,51,2026-05-01 20:54:06.002224,952,1.037,0.0011,"aoml_navis",1031.88225408652
"7901009",109,0,1,0.031773,1,0.009345,1,157.964931979116,1,4.84547019971559,954,1,5.45800018310547,34.8810005187988,0.0317730009555817,0.0167881175875664,152.32389831543,-85.9569,27.3961,9.93371080695368,63,63,63,63,61,63,0,7819,1.11328740596807,27,-86,0.001869,51,2026-05-01 20:54:06.002224,954,1.037,0.0011,"aoml_navis",1031.89160059089
"7901009",109,0,1,0.031773,1,0.009345,1,158.26962059742,1,4.84541521442943,956,1,5.44500017166138,34.8819999694824,0.0317730009555817,0.0167881175875664,152.617706298828,-85.9569,27.3961,9.93371080695368,63,63,63,63,61,63,0,7819,1.11328740596807,27,-86,0.001869,51,2026-05-01 20:54:06.002224,956,1.037,0.0011,"aoml_navis",1031.90331039334
"7901009",109,0,1,0.028035,1,0.005607,1,158.526078059734,1,4.84536526488549,958,1,5.43400001525879,34.8819999694824,0.0280349999666214,0.0134304938837886,152.865005493164,-85.9569,27.3961,9.93371080695368,63,63,63,63,61,63,0,7819,1.11328740596807,27,-86,0.001869,51,2026-05-01 20:54:06.002224,958,1.037,0.0011,"aoml_navis",1031.91394800205
"7901009",109,0,1,0.028035,1,0.005607,1,158.723101066045,1,4.84531365628905,960,1,5.42600011825562,34.882999420166,0.0280349999666214,0.0134304938837886,153.054992675781,-85.9569,27.3961,9.93371080695368,63,63,63,63,61,63,0,7819,1.11328740596807,27,-86,0.001869,51,2026-05-01 20:54:06.002224,960,1.037,0.0011,"aoml_navis",1031.92493916471
"7901009",109,0,1,0.033642,1,0.011214,1,158.831478752192,1,4.84526842592667,962,1,5.42199993133545,34.882999420166,0.0336420014500618,0.018466928973794,153.15950012207,-85.9569,27.3961,9.93371080695368,63,63,63,63,61,63,0,7819,1.11328740596807,27,-86,0.001869,51,2026-05-01 20:54:06.002224,962,1.037,0.0011,"aoml_navis",1031.9345721375
"7901009",109,0,1,0.028035,1,0.005607,1,158.959857810115,1,4.84522387090162,964,1,5.41900014877319,34.882999420166,0.0280349999666214,0.0134304938837886,153.283294677734,-85.9569,27.3961,9.93371080695368,63,63,63,63,61,63,0,7819,1.11328740596807,27,-86,0.001869,51,2026-05-01 20:54:06.002224,964,1.037,0.0011,"aoml_navis",1031.94406145563
"7901009",109,0,1,0.029904,1,0.007476,1,159.158035958941,1,4.84517999071729,966,1,5.41699981689453,34.882999420166,0.0299040004611015,0.0151093062013388,153.474395751953,-85.9569,27.3961,9.93371080695368,63,63,63,63,61,63,0,7819,1.11328740596807,27,-86,0.001869,51,2026-05-01 20:54:06.002224,966,1.037,0.0011,"aoml_navis",1031.95340721693
"7901009",109,0,1,0.028035,1,0.005607,1,159.595565966529,1,4.84513341895109,968,1,5.41099977493286,34.882999420166,0.0280349999666214,0.0134304938837886,153.896301269531,-85.9569,27.3961,9.93371080695368,63,63,63,63,61,63,0,7819,1.11328740596807,27,-86,0.001869,51,2026-05-01 20:54:06.002224,968,1.037,0.0011,"aoml_navis",1031.9633264263
"7901009",109,0,1,0.029904,1,0.007476,1,160.121234930438,1,4.84507877425797,970,1,5.39300012588501,34.882999420166,0.0299040004611015,0.0151093062013388,154.403198242188,-85.9569,27.3961,9.93371080695368,63,63,63,63,61,63,0,7819,1.11328740596807,27,-86,0.001869,51,2026-05-01 20:54:06.002224,970,1.037,0.0011,"aoml_navis",1031.97496531225
"7901009",109,0,1,0.028035,1,0.005607,1,160.556264766555,1,4.84502449060816,972,1,5.38100004196167,34.8839988708496,0.0280349999666214,0.0134304938837886,154.822692871094,-85.9569,27.3961,9.93371080695368,63,63,63,63,61,63,0,7819,1.11328740596807,27,-86,0.001869,51,2026-05-01 20:54:06.002224,972,1.037,0.0011,"aoml_navis",1031.98652755879
"7901009",109,0,1,0.031773,1,0.009345,1,160.940072735237,1,4.84496685328308,974,1,5.36399984359741,34.8849983215332,0.0317730009555817,0.0167881175875664,155.192794799805,-85.9569,27.3961,9.93371080695368,63,63,63,63,61,63,0,7819,1.11328740596807,27,-86,0.001869,51,2026-05-01 20:54:06.002224,974,1.037,0.0011,"aoml_navis",1031.99880441119
"7901009",109,0,1,0.031773,1,0.009345,1,161.227022795186,1,4.84491358018078,976,1,5.34800004959106,34.8849983215332,0.0317730009555817,0.0167881175875664,155.469497680664,-85.9569,27.3961,9.93371080695368,63,63,63,63,61,63,0,7819,1.11328740596807,27,-86,0.001869,51,2026-05-01 20:54:06.002224,976,1.037,0.0011,"aoml_navis",1032.01015193617
"7901009",109,0,1,0.029904,1,0.007476,1,161.365260124166,1,4.84486836409381,978,1,5.3439998626709,34.8849983215332,0.0299040004611015,0.0151093062013388,155.602798461914,-85.9569,27.3961,9.93371080695368,63,63,63,63,61,63,0,7819,1.11328740596807,27,-86,0.001869,51,2026-05-01 20:54:06.002224,978,1.037,0.0011,"aoml_navis",1032.01978345911
"7901009",109,0,1,0.029904,1,0.007476,1,164.628901679504,1,4.84437409985756,999.599975585938,1,5.29729986190796,34.8860015869141,0.0299040004611015,0.0151093062013388,158.749893188477,-85.9569,27.3961,9.93371080695368,63,63,63,63,61,63,0,7819,1.11328740596807,27,-86,0.001869,51,2026-05-01 20:54:06.002224,999.599975585938,1.037,0.0011,"aoml_navis",1032.12507889245
"7901009",109,0,1,0.031773,1,0.009345,1,171.988314645841,1,4.84314274355434,1049.40002441406,1,5.07679986953735,34.8930015563965,0.0317730009555817,0.0167881175875664,165.846496582031,-85.9569,27.3961,9.93371080695368,63,63,63,63,61,63,0,7819,1.11328740596807,27,-86,0.001869,51,2026-05-01 20:54:06.002224,1049.40002441406,1.037,0.0011,"aoml_navis",1032.38749397887
"7901009",109,0,1,0.028035,1,0.005607,1,177.045718465201,1,4.84195874283095,1098.80004882812,1,4.91239976882935,34.9000015258789,0.0280349999666214,0.0134304938837886,170.723297119141,-85.9569,27.3961,9.93371080695368,63,63,63,63,61,63,0,7819,1.11328740596807,27,-86,0.001869,51,2026-05-01 20:54:06.002224,1098.80004882812,1.037,0.0011,"aoml_navis",1032.6399429576
"7901009",109,0,1,0.029904,1,0.007476,1,182.616875874303,1,4.84076875965277,1149.30004882812,1,4.76119995117188,34.9049987792969,0.0299040004611015,0.0151093062013388,176.095504760742,-85.9569,27.3961,9.93371080695368,63,63,63,63,61,63,0,7819,1.11328740596807,27,-86,0.001869,51,2026-05-01 20:54:06.002224,1149.30004882812,1.037,0.0011,"aoml_navis",1032.8937919271
"7901009",109,0,1,0.026166,1,0.003738,1,188.843220623882,1,4.83956540425956,1199.90002441406,1,4.60220003128052,34.9119987487793,0.0261659994721413,0.0117516815662384,182.099502563477,-85.9569,27.3961,9.93371080695368,63,63,63,63,61,63,0,7819,1.11328740596807,27,-86,0.001869,51,2026-05-01 20:54:06.002224,1199.90002441406,1.037,0.0011,"aoml_navis",1033.15062042539
"7901009",109,0,1,0.022428,1,0,1,192.586594448299,1,4.83845021821314,1249,1,4.51049995422363,34.9160003662109,0.0224280003458261,0.00839405879378319,185.709197998047,-85.9569,27.3961,9.93371080695368,63,63,63,63,61,63,0,7819,1.11328740596807,27,-86,0.001869,51,2026-05-01 20:54:06.002224,1249,1.037,0.0011,"aoml_navis",1033.38874525953
"7901009",109,0,1,0.029904,1,0.007476,1,195.094662031401,1,4.83733227849686,1299.40002441406,1,4.44920015335083,34.9189987182617,0.0299040004611015,0.0151093062013388,188.127700805664,-85.9569,27.3961,9.93371080695368,63,63,63,63,61,63,0,7819,1.11328740596807,27,-86,0.001869,51,2026-05-01 20:54:06.002224,1299.40002441406,1.037,0.0011,"aoml_navis",1033.62756828309
"7901009",109,0,1,0.028035,1,0.005607,1,196.3348420247,1,4.83625671947052,1349.30004882812,1,4.42309999465942,34.9199981689453,0.0280349999666214,0.0134304938837886,189.323593139648,-85.9569,27.3961,9.93371080695368,63,63,63,63,61,63,0,7819,1.11328740596807,27,-86,0.001869,51,2026-05-01 20:54:06.002224,1349.30004882812,1.037,0.0011,"aoml_navis",1033.85744182484
"7901009",109,0,1,0.031773,1,0.009345,1,197.093438356121,1,4.83518409762205,1399.19995117188,1,4.39940023422241,34.9210014343262,0.0317730009555817,0.0167881175875664,190.055099487305,-85.9569,27.3961,9.93371080695368,63,63,63,63,61,63,0,7819,1.11328740596807,27,-86,0.001869,51,2026-05-01 20:54:06.002224,1399.19995117188,1.037,0.0011,"aoml_navis",1034.08678946868
"7901009",109,0,1,0.026166,1,0.003738,1,198.455367205782,1,4.83410641324699,1449.19995117188,1,4.37470006942749,34.9230003356934,0.0261659994721413,0.0117516815662384,191.368392944336,-85.9569,27.3961,9.93371080695368,63,63,63,63,61,63,0,7819,1.11328740596807,27,-86,0.001869,51,2026-05-01 20:54:06.002224,1449.19995117188,1.037,0.0011,"aoml_navis",1034.31732208013
"7901009",109,0,1,0.031773,1,0.009345,1,199.570918398366,1,4.83303923289542,1499.19995117188,1,4.35270023345947,34.9230003356934,0.0317730009555817,0.0167881175875664,192.444107055664,-85.9569,27.3961,9.93371080695368,63,63,63,63,61,63,0,7819,1.11328740596807,27,-86,0.001869,51,2026-05-01 20:54:06.002224,1499.19995117188,1.037,0.0011,"aoml_navis",1034.54570903712
"7901009",109,0,1,0.029904,1,0.007476,1,200.373267730546,1,4.8319646204815,1549.5,1,4.33239984512329,34.923999786377,0.0299040004611015,0.0151093062013388,193.217803955078,-85.9569,27.3961,9.93371080695368,63,63,63,63,61,63,0,7819,1.11328740596807,27,-86,0.001869,51,2026-05-01 20:54:06.002224,1549.5,1.037,0.0011,"aoml_navis",1034.7757884663
"7901009",109,0,1,0.026166,1,0.003738,1,200.876118673806,1,4.83090588134076,1599.69995117188,1,4.3302001953125,34.9249992370605,0.0261659994721413,0.0117516815662384,193.702697753906,-85.9569,27.3961,9.93371080695368,63,63,63,63,61,63,0,7819,1.11328740596807,27,-86,0.001869,51,2026-05-01 20:54:06.002224,1599.69995117188,1.037,0.0011,"aoml_navis",1035.00256945853
"7901009",109,0,1,0.028035,1,0.005607,1,201.486002274257,1,4.82985951582323,1649.40002441406,1,4.32320022583008,34.9249992370605,0.0280349999666214,0.0134304938837886,194.290802001953,-85.9569,27.3961,9.93371080695368,63,63,63,63,61,63,0,7819,1.11328740596807,27,-86,0.001869,51,2026-05-01 20:54:06.002224,1649.40002441406,1.037,0.0011,"aoml_navis",1035.22679771935
"7901009",109,0,1,0.024297,1,0.001869,1,201.994565634615,1,4.82879912918201,1699.69995117188,1,4.31720018386841,34.9259986877441,0.0242970008403063,0.0100728701800108,194.781204223633,-85.9569,27.3961,9.93371080695368,63,63,63,63,61,63,0,7819,1.11328740596807,27,-86,0.001869,51,2026-05-01 20:54:06.002224,1699.69995117188,1.037,0.0011,"aoml_navis",1035.45412974074
"7901009",109,0,1,0.033642,1,0.011214,1,202.235879653267,1,4.82774759944665,1749.90002441406,1,4.31349992752075,34.9259986877441,0.0336420014500618,0.018466928973794,195.013900756836,-85.9569,27.3961,9.93371080695368,63,63,63,63,61,63,0,7819,1.11328740596807,27,-86,0.001869,51,2026-05-01 20:54:06.002224,1749.90002441406,1.037,0.0011,"aoml_navis",1035.67966158237
"7901009",109,0,1,0.035511,1,0.013083,1,202.584637749731,1,4.82670106075079,1799.80004882812,1,4.31099987030029,34.9269981384277,0.0355109982192516,0.0201457403600216,195.350204467773,-85.9569,27.3961,9.93371080695368,63,63,63,63,61,63,0,7819,1.11328740596807,27,-86,0.001869,51,2026-05-01 20:54:06.002224,1799.80004882812,1.037,0.0011,"aoml_navis",1035.90422051583
"7901009",109,0,1,0.031773,1,0.009345,1,202.74993389654,1,4.82565972720926,1849.80004882812,1,4.31150007247925,34.9269981384277,0.0317730009555817,0.0167881175875664,195.50959777832,-85.9569,27.3961,9.93371080695368,63,63,63,63,61,63,0,7819,1.11328740596807,27,-86,0.001869,51,2026-05-01 20:54:06.002224,1849.80004882812,1.037,0.0011,"aoml_navis",1036.12775923833
"7901009",109,0,1,0.026166,1,0.003738,1,202.994570927908,1,4.82461889206927,1899.69995117188,1,4.3076000213623,34.9269981384277,0.0261659994721413,0.0117516815662384,195.745498657227,-85.9569,27.3961,9.93371080695368,63,63,63,63,61,63,0,7819,1.11328740596807,27,-86,0.001869,51,2026-05-01 20:54:06.002224,1899.69995117188,1.037,0.0011,"aoml_navis",1036.35128739786
"7901009",109,0,1,0.031773,1,0.009345,1,203.128551635837,1,4.82363152686773,1947.19995117188,1,4.30670022964478,34.9269981384277,0.0317730009555817,0.0167881175875664,195.874694824219,-85.9569,27.3961,9.93371080695368,63,63,63,63,61,63,0,7819,1.11328740596807,27,-86,0.001869,51,2026-05-01 20:54:06.002224,1947.19995117188,1.037,0.0011,"aoml_navis",1036.56342159427
"7901009",109,0,1,0.024297,1,0.001869,1,200.84967698691,4,4.82252961396619,2000.09997558594,1,4.30530023574829,34.9280014038086,0.0242970008403063,0.0100728701800108,193.677200317383,-85.9569,27.3961,9.93371080695368,63,63,63,63,61,63,0,7819,1.11328740596807,27,-86,0.001869,51,2026-05-01 20:54:06.002224,2000.09997558594,1.037,0.0011,"aoml_navis",1036.80026878837
"7901009",110,0.0657609564002116,1,0.091581,1,0.069153,1,198.127320640959,1,4.88380058991123,2.29999995231628,1,27.007999420166,36.4169998168945,0.0915810018777847,0.0746475756168365,191.052001953125,-85.8639,27.5145,9.9336220710332,63,63,63,63,61,63,0.069153,7593,1.05158142133981,28,-86,0.001869,51,2026-05-12 03:47:51.00039,2.29999995231628,1.037,0.0011,"aoml_navis",1023.79282445086
"7901009",110,0.0657609564002116,1,0.091581,1,0.069153,1,197.927480923863,1,4.88375150695524,4,1,27.0009994506836,36.4179992675781,0.0915810018777847,0.0746475756168365,190.859298706055,-85.8639,27.5145,9.9336220710332,63,63,63,63,61,63,0.069153,7593,1.05158142133981,28,-86,0.001869,51,2026-05-12 03:47:51.00039,4,1.037,0.0011,"aoml_navis",1023.80311383149
"7901009",110,0.0657609564002116,1,0.091581,1,0.069153,1,197.857998288836,1,4.88366213665068,6,1,26.9669990539551,36.4169998168945,0.0915810018777847,0.0746475756168365,190.792297363281,-85.8639,27.5145,9.9336220710332,63,63,63,63,61,63,0.069153,7593,1.05158142133981,28,-86,0.001869,51,2026-05-12 03:47:51.00039,6,1.037,0.0011,"aoml_navis",1023.8218492791
"7901009",110,0.0657609564002116,1,0.091581,1,0.069153,1,198.73076411324,1,4.88331079747009,7.90000009536743,1,26.7600002288818,36.4160003662109,0.0915810018777847,0.0746475756168365,191.633895874023,-85.8639,27.5145,9.9336220710332,63,63,63,63,61,63,0.069153,7593,1.05158142133981,28,-86,0.001869,51,2026-05-12 03:47:51.00039,7.90000009536743,1.037,0.0011,"aoml_navis",1023.89551010973
"7901009",110,0.0604289869623566,1,0.085974,1,0.063546,1,200.334640433247,1,4.88253927143786,10,1,26.2980003356934,36.423999786377,0.0859740003943443,0.0693156123161316,193.18049621582,-85.8639,27.5145,9.9336220710332,63,63,63,63,61,63,0.063546,7593,1.05158142133981,28,-86,0.001869,51,2026-05-12 03:47:51.00039,10,1.037,0.0011,"aoml_navis",1024.05730338909
"7901009",110,0.0693156026921149,1,0.095319,1,0.072891,1,201.38401652628,1,4.88219527392175,12,1,26.0289993286133,36.3959999084473,0.095319002866745,0.0782022178173065,194.192398071289,-85.8639,27.5145,9.9336220710332,63,63,63,63,61,63,0.072891,7593,1.05158142133981,28,-86,0.001869,51,2026-05-12 03:47:51.00039,12,1.037,0.0011,"aoml_navis",1024.12945805497
"7901009",110,0.0604289869623566,1,0.085974,1,0.063546,1,201.481285885769,1,4.8820873638321,14,1,25.9769992828369,36.3930015563965,0.0859740003943443,0.0693156123161316,194.286193847656,-85.8639,27.5145,9.9336220710332,63,63,63,63,61,63,0.063546,7593,1.05158142133981,28,-86,0.001869,51,2026-05-12 03:47:51.00039,14,1.037,0.0011,"aoml_navis",1024.15209466373
"7901009",110,0.0693156026921149,1,0.095319,1,0.072891,1,201.607402169343,1,4.88196288742045,16,1,25.9090003967285,36.3880004882812,0.095319002866745,0.0782022178173065,194.407806396484,-85.8639,27.5145,9.9336220710332,63,63,63,63,61,63,0.072891,7593,1.05158142133981,28,-86,0.001869,51,2026-05-12 03:47:51.00039,16,1.037,0.0011,"aoml_navis",1024.1782076803
"7901009",110,0.0746475721299699,1,0.100926,1,0.078498,1,201.419477830106,1,4.881785345918,18,1,25.9260005950928,36.4329986572266,0.100925996899605,0.0835341885685921,194.226593017578,-85.8639,27.5145,9.9336220710332,63,63,63,63,61,63,0.078498,7593,1.05158142133981,28,-86,0.001869,51,2026-05-12 03:47:51.00039,18,1.037,0.0011,"aoml_navis",1024.21545514713
"7901009",110,0.0817568647137766,1,0.108402,1,0.085974,1,202.45340982116,1,4.88150698634679,20,1,25.7399997711182,36.4220008850098,0.108401998877525,0.0906434878706932,195.223602294922,-85.8639,27.5145,9.9336220710332,63,63,63,63,61,63,0.085974,7593,1.05158142133981,28,-86,0.001869,51,2026-05-12 03:47:51.00039,20,1.037,0.0011,"aoml_navis",1024.27385927842
"7901009",110,0.0746475721299699,1,0.100926,1,0.078498,1,202.925673369874,1,4.8812153830983,22,1,25.6049995422363,36.4360008239746,0.100925996899605,0.0835341885685921,195.679000854492,-85.8639,27.5145,9.9336220710332,63,63,63,63,61,63,0.078498,7593,1.05158142133981,28,-86,0.001869,51,2026-05-12 03:47:51.00039,22,1.037,0.0011,"aoml_navis",1024.33504928158
"7901009",110,0.0817568647137766,1,0.108402,1,0.085974,1,203.347537876785,1,4.88103936492004,24,1,25.5209999084473,36.4389991760254,0.108401998877525,0.0906434878706932,196.085800170898,-85.8639,27.5145,9.9336220710332,63,63,63,63,61,63,0.085974,7593,1.05158142133981,28,-86,0.001869,51,2026-05-12 03:47:51.00039,24,1.037,0.0011,"aoml_navis",1024.37198846109
"7901009",110,0.0835341878597283,1,0.110271,1,0.087843,1,203.200898027365,1,4.8809641448217,26,1,25.5100002288818,36.4440002441406,0.110270999372005,0.0924208089709282,195.944396972656,-85.8639,27.5145,9.9336220710332,63,63,63,63,61,63,0.087843,7593,1.05158142133981,28,-86,0.001869,51,2026-05-12 03:47:51.00039,26,1.037,0.0011,"aoml_navis",1024.38777496544
"7901009",110,0.0959754498813899,1,0.123354,1,0.100926,1,203.785479440672,1,4.88068774057454,28,1,25.4090003967285,36.4679985046387,0.123354002833366,0.104862071573734,196.508102416992,-85.8639,27.5145,9.9336220710332,63,63,63,63,61,63,0.100926,7593,1.05158142133981,28,-86,0.001869,51,2026-05-12 03:47:51.00039,28,1.037,0.0011,"aoml_navis",1024.44578833298
"7901009",110,0.0959754498813899,1,0.123354,1,0.100926,1,205.581520898411,1,4.88011948217024,29.8999996185303,1,25.0629997253418,36.4739990234375,0.123354002833366,0.104862071573734,198.240005493164,-85.8639,27.5145,9.9336220710332,63,63,63,63,61,63,0.100926,7593,1.05158142133981,28,-86,0.001869,51,2026-05-12 03:47:51.00039,29.8999996185303,1.037,0.0011,"aoml_navis",1024.56507843051
"7901009",110,0.1066393887571,1,0.134568,1,0.11214,1,206.29717146816,1,4.87958546576626,32,1,24.8050003051758,36.5060005187988,0.134568005800247,0.115526013076305,198.930099487305,-85.8639,27.5145,9.9336220710332,63,63,63,63,61,63,0.11214,7593,1.05158142133981,28,-86,0.001869,51,2026-05-12 03:47:51.00039,32,1.037,0.0011,"aoml_navis",1024.67720569268
"7901009",110,0.1066393887571,1,0.134568,1,0.11214,1,206.098376126813,1,4.87928327400916,34,1,24.6669998168945,36.5229988098145,0.134568005800247,0.115526013076305,198.738403320312,-85.8639,27.5145,9.9336220710332,63,63,63,63,61,63,0.11214,7593,1.05158142133981,28,-86,0.001869,51,2026-05-12 03:47:51.00039,34,1.037,0.0011,"aoml_navis",1024.74066767836
"7901009",110,0.101307419319245,1,0.128961,1,0.106533,1,206.433541622719,1,4.87916429616033,36,1,24.632999420166,36.5309982299805,0.128960996866226,0.11019404232502,199.061599731445,-85.8639,27.5145,9.9336220710332,63,63,63,63,61,63,0.106533,7593,1.05158142133981,28,-86,0.001869,51,2026-05-12 03:47:51.00039,36,1.037,0.0011,"aoml_navis",1024.7656558593
"7901009",110,0.11730332763281,1,0.145782,1,0.123354,1,206.652148455539,1,4.87908500866099,38,1,24.6089992523193,36.5320014953613,0.145781993865967,0.126189947128296,199.272399902344,-85.8639,27.5145,9.9336220710332,63,63,63,63,61,63,0.123354,7593,1.05158142133981,28,-86,0.001869,51,2026-05-12 03:47:51.00039,38,1.037,0.0011,"aoml_navis",1024.78230879855
"7901009",110,0.0977527730273416,1,0.125223,1,0.102795,1,206.598837820738,1,4.87899419570945,40,1,24.5669994354248,36.5289993286133,0.125222995877266,0.106639392673969,199.220993041992,-85.8639,27.5145,9.9336220710332,63,63,63,63,61,63,0.102795,7593,1.05158142133981,28,-86,0.001869,51,2026-05-12 03:47:51.00039,40,1.037,0.0011,"aoml_navis",1024.80138312051
"7901009",110,0.104862065611148,1,0.132699,1,0.110271,1,206.541919342443,1,4.87889910823135,42,1,24.5219993591309,36.5260009765625,0.132698997855186,0.11374868452549,199.166107177734,-85.8639,27.5145,9.9336220710332,63,63,63,63,61,63,0.110271,7593,1.05158142133981,28,-86,0.001869,51,2026-05-12 03:47:51.00039,42,1.037,0.0011,"aoml_navis",1024.8213560236
"7901009",110,0.111971358194955,1,0.140175,1,0.117747,1,206.409378565628,1,4.87880840794511,44,1,24.4899997711182,36.5270004272461,0.140174999833107,0.120857983827591,199.038299560547,-85.8639,27.5145,9.9336220710332,63,63,63,63,61,63,0.117747,7593,1.05158142133981,28,-86,0.001869,51,2026-05-12 03:47:51.00039,44,1.037,0.0011,"aoml_navis",1024.84040813276
"7901009",110,0.115526004486858,1,0.143913,1,0.121485,1,205.960233698256,1,4.87871624951342,46,1,24.4969997406006,36.5439987182617,0.143913000822067,0.124412626028061,198.605194091797,-85.8639,27.5145,9.9336220710332,63,63,63,63,61,63,0.121485,7593,1.05158142133981,28,-86,0.001869,51,2026-05-12 03:47:51.00039,46,1.037,0.0011,"aoml_navis",1024.8597672592
"7901009",110,0.111971358194955,1,0.140175,1,0.117747,1,205.879658526869,1,4.87864067648889,48,1,24.488000869751,36.5499992370605,0.140174999833107,0.120857983827591,198.527496337891,-85.8639,27.5145,9.9336220710332,63,63,63,63,61,63,0.117747,7593,1.05158142133981,28,-86,0.001869,51,2026-05-12 03:47:51.00039,48,1.037,0.0011,"aoml_navis",1024.87564294209
"7901009",110,0.124412620216617,1,0.153258,1,0.13083,1,206.109880083922,1,4.8785507419872,50,1,24.4489994049072,36.5480003356934,0.153257995843887,0.133299246430397,198.749496459961,-85.8639,27.5145,9.9336220710332,63,63,63,63,61,63,0.13083,7593,1.05158142133981,28,-86,0.001869,51,2026-05-12 03:47:51.00039,50,1.037,0.0011,"aoml_navis",1024.89453619239
"7901009",110,0.126189943362568,1,0.155127,1,0.132699,1,206.564310125537,1,4.87843082194819,52,1,24.3640003204346,36.5359992980957,0.155127003788948,0.135076567530632,199.187698364258,-85.8639,27.5145,9.9336220710332,63,63,63,63,61,63,0.132699,7593,1.05158142133981,28,-86,0.001869,51,2026-05-12 03:47:51.00039,52,1.037,0.0011,"aoml_navis",1024.91972982478
"7901009",110,0.124412620216617,1,0.153258,1,0.13083,1,206.989909066941,1,4.87827516901566,54,1,24.2740001678467,36.5320014953613,0.153257995843887,0.133299246430397,199.598098754883,-85.8639,27.5145,9.9336220710332,63,63,63,63,61,63,0.13083,7593,1.05158142133981,28,-86,0.001869,51,2026-05-12 03:47:51.00039,54,1.037,0.0011,"aoml_navis",1024.95243231818
"7901009",110,0.136853882238278,1,0.166341,1,0.143913,1,207.453153006919,1,4.87811342792754,56,1,24.1770000457764,36.5270004272461,0.166341006755829,0.145740494132042,200.044799804688,-85.8639,27.5145,9.9336220710332,63,63,63,63,61,63,0.143913,7593,1.05158142133981,28,-86,0.001869,51,2026-05-12 03:47:51.00039,56,1.037,0.0011,"aoml_navis",1024.98641613675
"7901009",110,0.13863120538423,1,0.16821,1,0.145782,1,207.682852376097,1,4.87798910075019,58,1,24.1060009002686,36.5219993591309,0.168209999799728,0.147517830133438,200.266296386719,-85.8639,27.5145,9.9336220710332,63,63,63,63,61,63,0.145782,7593,1.05158142133981,28,-86,0.001869,51,2026-05-12 03:47:51.00039,58,1.037,0.0011,"aoml_navis",1025.01254035829
"7901009",110,0.142185851676133,1,0.171948,1,0.14952,1,207.877707572575,1,4.87788279453218,60,1,24.0450000762939,36.515998840332,0.171948000788689,0.151072472333908,200.454193115234,-85.8639,27.5145,9.9336220710332,63,63,63,63,61,63,0.14952,7593,1.05158142133981,28,-86,0.001869,51,2026-05-12 03:47:51.00039,60,1.037,0.0011,"aoml_navis",1025.03487898576
"7901009",110,0.151072467405892,1,0.181293,1,0.158865,1,207.954136888718,1,4.87771444884422,62,1,23.9580001831055,36.5169982910156,0.181292995810509,0.159959092736244,200.527893066406,-85.8639,27.5145,9.9336220710332,63,63,63,63,61,63,0.158865,7593,1.05158142133981,28,-86,0.001869,51,2026-05-12 03:47:51.00039,62,1.037,0.0011,"aoml_navis",1025.07025625183
"7901009",110,0.156404436843747,1,0.1869,1,0.164472,1,207.442788368808,1,4.87755074918511,64,1,23.8689994812012,36.515998840332,0.18690000474453,0.16529107093811,200.034805297852,-85.8639,27.5145,9.9336220710332,63,63,63,63,61,63,0.164472,7593,1.05158142133981,28,-86,0.001869,51,2026-05-12 03:47:51.00039,64,1.037,0.0011,"aoml_navis",1025.10465951284
"7901009",110,0.183064284033021,1,0.214935,1,0.192507,1,206.403365493137,1,4.87742064697359,66,1,23.8010005950928,36.5139999389648,0.214935004711151,0.191950917243958,199.032501220703,-85.8639,27.5145,9.9336220710332,63,63,63,63,61,63,0.192507,7593,1.05158142133981,28,-86,0.001869,51,2026-05-12 03:47:51.00039,66,1.037,0.0011,"aoml_navis",1025.13200355242
"7901009",110,0.199060192346586,1,0.231756,1,0.209328,1,204.647358439092,1,4.87712771754421,68,1,23.6429996490479,36.5219993591309,0.231756001710892,0.207946822047234,197.339202880859,-85.8639,27.5145,9.9336220710332,63,63,63,63,61,63,0.209328,7593,1.05158142133981,28,-86,0.001869,51,2026-05-12 03:47:51.00039,68,1.037,0.0011,"aoml_navis",1025.19357490143
"7901009",110,0.238161301557523,1,0.272874,1,0.250446,1,204.875301358148,1,4.87681127448939,70,1,23.44700050354,36.5219993591309,0.272873997688293,0.247047945857048,197.559005737305,-85.8639,27.5145,9.9336220710332,63,63,63,63,61,63,0.250446,7593,1.05158142133981,28,-86,0.001869,51,2026-05-12 03:47:51.00039,70,1.037,0.0011,"aoml_navis",1025.26009693158
"7901009",110,0.270153118184653,1,0.306516,1,0.284088,1,205.190243941833,1,4.87649535547206,72,1,23.1830005645752,36.4959983825684,0.306515991687775,0.279039740562439,197.862701416016,-85.8639,27.5145,9.9336220710332,63,63,63,63,61,63,0.284088,7593,1.05158142133981,28,-86,0.001869,51,2026-05-12 03:47:51.00039,72,1.037,0.0011,"aoml_navis",1025.3265174116
"7901009",110,0.323472812563203,1,0.362586,1,0.340158,1,203.41847630831,1,4.87605781043634,74,1,22.8759994506836,36.4879989624023,0.362585991621017,0.332359462976456,196.154205322266,-85.8639,27.5145,9.9336220710332,63,63,63,63,61,63,0.340158,7593,1.05158142133981,28,-86,0.001869,51,2026-05-12 03:47:51.00039,74,1.037,0.0011,"aoml_navis",1025.41852340191
"7901009",110,0.407007000422931,1,0.450429,1,0.428001,1,201.562177534656,1,4.8758019688641,76,1,22.7199993133545,36.4879989624023,0.450428992509842,0.415893644094467,194.364196777344,-85.8639,27.5145,9.9336220710332,63,63,63,63,61,63,0.428001,7593,1.05158142133981,28,-86,0.001869,51,2026-05-12 03:47:51.00039,76,1.037,0.0011,"aoml_navis",1025.47232884539
"7901009",110,0.655832240856164,1,0.712089,1,0.689661,1,199.271782398734,1,4.87563314743104,78,1,22.6189994812012,36.4850006103516,0.712089002132416,0.664718925952911,192.15559387207,-85.8639,27.5145,9.9336220710332,63,63,63,63,61,63,0.689661,7593,1.05158142133981,28,-86,0.001869,51,2026-05-12 03:47:51.00039,78,1.037,0.0011,"aoml_navis",1025.50783637905
"7901009",110,0.872665664662267,1,0.940107,1,0.917679,1,199.424229610271,1,4.87527566372107,80,1,22.4349994659424,36.5029983520508,0.940106987953186,0.881552338600159,192.302597045898,-85.8639,27.5145,9.9336220710332,63,63,63,63,61,63,0.917679,7593,1.05158142133981,28,-86,0.001869,51,2026-05-12 03:47:51.00039,80,1.037,0.0011,"aoml_navis",1025.5830326082
"7901009",110,0.657609564002116,1,0.713958,1,0.69153,1,201.798522931326,1,4.87505248967267,82,1,22.3490009307861,36.5209999084473,0.713958024978638,0.666496217250824,194.592102050781,-85.8639,27.5145,9.9336220710332,63,63,63,63,61,63,0.69153,7593,1.05158142133981,28,-86,0.001869,51,2026-05-12 03:47:51.00039,82,1.037,0.0011,"aoml_navis",1025.62998256778
"7901009",110,0.707374612088763,1,0.76629,1,0.743862,1,201.289437225537,1,4.87491403298099,84,1,22.2800006866455,36.5219993591309,0.766290009021759,0.716261267662048,194.101196289062,-85.8639,27.5145,9.9336220710332,63,63,63,63,61,63,0.743862,7593,1.05158142133981,28,-86,0.001869,51,2026-05-12 03:47:51.00039,84,1.037,0.0011,"aoml_navis",1025.6591123808
"7901009",110,0.719815874110424,1,0.779373,1,0.756945,1,199.764901814669,1,4.87481415221252,86,1,22.242000579834,36.523998260498,0.779372990131378,0.728702545166016,192.631103515625,-85.8639,27.5145,9.9336220710332,63,63,63,63,61,63,0.756945,7593,1.05158142133981,28,-86,0.001869,51,2026-05-12 03:47:51.00039,86,1.037,0.0011,"aoml_navis",1025.68012725791
"7901009",110,0.726925166694231,1,0.786849,1,0.764421,1,198.247297261041,1,4.87461550412358,88,1,22.1469993591309,36.5320014953613,0.786849021911621,0.735811829566956,191.167694091797,-85.8639,27.5145,9.9336220710332,63,63,63,63,61,63,0.764421,7593,1.05158142133981,28,-86,0.001869,51,2026-05-12 03:47:51.00039,88,1.037,0.0011,"aoml_navis",1025.72192530269
"7901009",110,0.737589105569941,1,0.798063,1,0.775635,1,195.485160764279,1,4.87454103320694,90,1,22.125,36.5330009460449,0.798062980175018,0.746475756168365,188.504196166992,-85.8639,27.5145,9.9336220710332,63,63,63,63,61,63,0.775635,7593,1.05158142133981,28,-86,0.001869,51,2026-05-12 03:47:51.00039,90,1.037,0.0011,"aoml_navis",1025.73759579382
"7901009",110,0.710929258380666,1,0.770028,1,0.7476,1,193.022617692472,1,4.87430918910118,92,1,21.9969997406006,36.5379981994629,0.770027995109558,0.719815909862518,186.129592895508,-85.8639,27.5145,9.9336220710332,63,63,63,63,61,63,0.7476,7593,1.05158142133981,28,-86,0.001869,51,2026-05-12 03:47:51.00039,92,1.037,0.0011,"aoml_navis",1025.78638449523
"7901009",110,0.625617747374986,1,0.680316,1,0.657888,1,190.883024085089,1,4.87414659901512,94,1,21.9039993286133,36.5369987487793,0.680315971374512,0.634504377841949,184.06640625,-85.8639,27.5145,9.9336220710332,63,63,63,63,61,63,0.657888,7593,1.05158142133981,28,-86,0.001869,51,2026-05-12 03:47:51.00039,94,1.037,0.0011,"aoml_navis",1025.82060232048
"7901009",110,0.590071284455953,1,0.642936,1,0.620508,1,189.292107518688,1,4.87394363748544,96,1,21.7859992980957,36.5379981994629,0.642935991287231,0.59895795583725,182.532302856445,-85.8639,27.5145,9.9336220710332,63,63,63,63,61,63,0.620508,7593,1.05158142133981,28,-86,0.001869,51,2026-05-12 03:47:51.00039,96,1.037,0.0011,"aoml_navis",1025.86331970379
"7901009",110,0.550970175245016,1,0.601818,1,0.57939,1,188.558512674714,1,4.87374347691275,98,1,21.6669998168945,36.5379981994629,0.601818025112152,0.559856772422791,181.824905395508,-85.8639,27.5145,9.9336220710332,63,63,63,63,61,63,0.57939,7593,1.05158142133981,28,-86,0.001869,51,2026-05-12 03:47:51.00039,98,1.037,0.0011,"aoml_navis",1025.90545105325
"7901009",110,0.502982450304321,1,0.551355,1,0.528927,1,188.192332383851,1,4.87358869243418,100,1,21.5790004730225,36.5369987487793,0.551355004310608,0.511869132518768,181.471801757812,-85.8639,27.5145,9.9336220710332,63,63,63,63,61,63,0.528927,7593,1.05158142133981,28,-86,0.001869,51,2026-05-12 03:47:51.00039,100,1.037,0.0011,"aoml_navis",1025.93803366338
"7901009",110,0.430112201320303,1,0.474726,1,0.452298,1,188.445878332622,1,4.87336872743496,102,1,21.42799949646,36.5309982299805,0.474725991487503,0.438998848199844,181.716293334961,-85.8639,27.5145,9.9336220710332,63,63,63,63,61,63,0.452298,7593,1.05158142133981,28,-86,0.001869,51,2026-05-12 03:47:51.00039,102,1.037,0.0011,"aoml_navis",1025.98434053474
"7901009",110,0.376792506941753,1,0.418656,1,0.396228,1,188.570744530072,1,4.87320707678444,104,1,21.326000213623,36.5270004272461,0.41865599155426,0.38567915558815,181.836700439453,-85.8639,27.5145,9.9336220710332,63,63,63,63,61,63,0.396228,7593,1.05158142133981,28,-86,0.001869,51,2026-05-12 03:47:51.00039,104,1.037,0.0011,"aoml_navis",1026.01837377681
"7901009",110,0.353687306044381,1,0.394359,1,0.371931,1,188.538906893616,1,4.87305505440648,106,1,21.2310009002686,36.5229988098145,0.394358992576599,0.362573951482773,181.805999755859,-85.8639,27.5145,9.9336220710332,63,63,63,63,61,63,0.371931,7593,1.05158142133981,28,-86,0.001869,51,2026-05-12 03:47:51.00039,106,1.037,0.0011,"aoml_navis",1026.05038198342
"7901009",110,0.343023367168671,1,0.383145,1,0.360717,1,188.591695340543,1,4.87294574353117,108,1,21.1709995269775,36.5200004577637,0.38314500451088,0.351909995079041,181.856903076172,-85.8639,27.5145,9.9336220710332,63,63,63,63,61,63,0.360717,7593,1.05158142133981,28,-86,0.001869,51,2026-05-12 03:47:51.00039,108,1.037,0.0011,"aoml_navis",1026.07339854697
"7901009",110,0.316363519979396,1,0.35511,1,0.332682,1,188.424104680652,1,4.87279987232789,110,1,21.07200050354,36.5130004882812,0.355109989643097,0.325250148773193,181.695297241211,-85.8639,27.5145,9.9336220710332,63,63,63,63,61,63,0.332682,7593,1.05158142133981,28,-86,0.001869,51,2026-05-12 03:47:51.00039,110,1.037,0.0011,"aoml_navis",1026.10411488362
"7901009",110,0.302144934811783,1,0.340158,1,0.31773,1,187.849175831081,1,4.87269055357546,112,1,21.0200004577637,36.5130004882812,0.340157985687256,0.311031579971313,181.140899658203,-85.8639,27.5145,9.9336220710332,63,63,63,63,61,63,0.31773,7593,1.05158142133981,28,-86,0.001869,51,2026-05-12 03:47:51.00039,112,1.037,0.0011,"aoml_navis",1026.12713551677
"7901009",110,0.293258319082025,1,0.330813,1,0.308385,1,187.562130738982,1,4.87259926141689,114,1,20.9899997711182,36.515998840332,0.330812990665436,0.302144944667816,180.864105224609,-85.8639,27.5145,9.9336220710332,63,63,63,63,61,63,0.308385,7593,1.05158142133981,28,-86,0.001869,51,2026-05-12 03:47:51.00039,114,1.037,0.0011,"aoml_navis",1026.14636085342
"7901009",110,0.259489179308943,1,0.295302,1,0.272874,1,187.616881346406,1,4.87250716471232,116,1,20.9400005340576,36.5120010375977,0.295302003622055,0.268375784158707,180.916900634766,-85.8639,27.5145,9.9336220710332,63,63,63,63,61,63,0.272874,7593,1.05158142133981,28,-86,0.001869,51,2026-05-12 03:47:51.00039,116,1.037,0.0011,"aoml_navis",1026.16575635045
"7901009",110,0.239938624703475,1,0.274743,1,0.252315,1,187.258897822781,1,4.8724080550948,118,1,20.878999710083,36.5060005187988,0.274742990732193,0.248825252056122,180.571701049805,-85.8639,27.5145,9.9336220710332,63,63,63,63,61,63,0.252315,7593,1.05158142133981,28,-86,0.001869,51,2026-05-12 03:47:51.00039,118,1.037,0.0011,"aoml_navis",1026.18662958079
"7901009",110,0.216833423806103,1,0.250446,1,0.228018,1,186.373995086269,1,4.87232805079888,120,1,20.8519992828369,36.5069999694824,0.250445991754532,0.225720062851906,179.718399047852,-85.8639,27.5145,9.9336220710332,63,63,63,63,61,63,0.228018,7593,1.05158142133981,28,-86,0.001869,51,2026-05-12 03:47:51.00039,120,1.037,0.0011,"aoml_navis",1026.20347970621
"7901009",110,0.163513729427553,1,0.194376,1,0.171948,1,187.583065725578,1,4.87223201116173,122,1,20.8209991455078,36.5110015869141,0.19437600672245,0.172400340437889,180.884292602539,-85.8639,27.5145,9.9336220710332,63,63,63,63,61,63,0.171948,7593,1.05158142133981,28,-86,0.001869,51,2026-05-12 03:47:51.00039,122,1.037,0.0011,"aoml_navis",1026.22370785003
"7901009",110,0.158181759989698,1,0.188769,1,0.166341,1,187.182784984138,1,4.87218546805553,124,1,20.80299949646,36.5060005187988,0.188768997788429,0.167068377137184,180.498306274414,-85.8639,27.5145,9.9336220710332,63,63,63,63,61,63,0.166341,7593,1.05158142133981,28,-86,0.001869,51,2026-05-12 03:47:51.00039,124,1.037,0.0011,"aoml_navis",1026.23351117942
"7901009",110,0.163513729427553,1,0.194376,1,0.171948,1,185.004280468184,1,4.87210423810191,126,1,20.7749996185303,36.5069999694824,0.19437600672245,0.172400340437889,178.397598266602,-85.8639,27.5145,9.9336220710332,63,63,63,63,61,63,0.171948,7593,1.05158142133981,28,-86,0.001869,51,2026-05-12 03:47:51.00039,126,1.037,0.0011,"aoml_navis",1026.25062101461
"7901009",110,0.151072467405892,1,0.181293,1,0.158865,1,182.762939344693,1,4.87197796324572,128,1,20.7290000915527,36.5139999389648,0.181292995810509,0.159959092736244,176.236297607422,-85.8639,27.5145,9.9336220710332,63,63,63,63,61,63,0.158865,7593,1.05158142133981,28,-86,0.001869,51,2026-05-12 03:47:51.00039,128,1.037,0.0011,"aoml_navis",1026.27721999567
"7901009",110,0.119080650778762,1,0.147651,1,0.125223,1,181.325514365578,1,4.8718771498045,130,1,20.69700050354,36.5190010070801,0.147651001811028,0.127967283129692,174.850204467773,-85.8639,27.5145,9.9336220710332,63,63,63,63,61,63,0.125223,7593,1.05158142133981,28,-86,0.001869,51,2026-05-12 03:47:51.00039,130,1.037,0.0011,"aoml_navis",1026.29845668433
"7901009",110,0.113748681340907,1,0.142044,1,0.119616,1,178.963247189506,1,4.87177405454972,132,1,20.6660003662109,36.5250015258789,0.142043992877007,0.122635297477245,172.572296142578,-85.8639,27.5145,9.9336220710332,63,63,63,63,61,63,0.119616,7593,1.05158142133981,28,-86,0.001869,51,2026-05-12 03:47:51.00039,132,1.037,0.0011,"aoml_navis",1026.32017495362
"7901009",110,0.108416711903052,1,0.136437,1,0.114009,1,175.795006765311,1,4.87170155193729,134,1,20.6529998779297,36.5289993286133,0.136436998844147,0.11730333417654,169.517196655273,-85.8639,27.5145,9.9336220710332,63,63,63,63,61,63,0.114009,7593,1.05158142133981,28,-86,0.001869,51,2026-05-12 03:47:51.00039,134,1.037,0.0011,"aoml_navis",1026.33544906126
"7901009",110,0.0995300961732932,1,0.127092,1,0.104664,1,173.004877833713,1,4.87162570199934,136,1,20.6429996490479,36.5349998474121,0.127092003822327,0.108416713774204,166.826705932617,-85.8639,27.5145,9.9336220710332,63,63,63,63,61,63,0.104664,7593,1.05158142133981,28,-86,0.001869,51,2026-05-12 03:47:51.00039,136,1.037,0.0011,"aoml_navis",1026.35142883575
"7901009",110,0.0817568647137766,1,0.108402,1,0.085974,1,172.542978923109,1,4.8715386477842,138,1,20.6019992828369,36.5330009460449,0.108401998877525,0.0906434878706932,166.381301879883,-85.8639,27.5145,9.9336220710332,63,63,63,63,61,63,0.085974,7593,1.05158142133981,28,-86,0.001869,51,2026-05-12 03:47:51.00039,138,1.037,0.0011,"aoml_navis",1026.36976969776
"7901009",110,0.0693156026921149,1,0.095319,1,0.072891,1,171.504078235311,1,4.87140157696775,140,1,20.4969997406006,36.5219993591309,0.095319002866745,0.0782022178173065,165.379501342773,-85.8639,27.5145,9.9336220710332,63,63,63,63,61,63,0.072891,7593,1.05158142133981,28,-86,0.001869,51,2026-05-12 03:47:51.00039,140,1.037,0.0011,"aoml_navis",1026.39864954683
"7901009",110,0.0746475721299699,1,0.100926,1,0.078498,1,169.402936644124,1,4.87127331660761,142,1,20.507999420166,36.5499992370605,0.100925996899605,0.0835341885685921,163.353393554688,-85.8639,27.5145,9.9336220710332,63,63,63,63,61,63,0.078498,7593,1.05158142133981,28,-86,0.001869,51,2026-05-12 03:47:51.00039,142,1.037,0.0011,"aoml_navis",1026.42567456717
"7901009",110,0.0710929258380666,1,0.097188,1,0.07476,1,168.022240256805,1,4.87120451552119,144,1,20.4810009002686,36.5480003356934,0.0971880033612251,0.0799795463681221,162.022003173828,-85.8639,27.5145,9.9336220710332,63,63,63,63,61,63,0.07476,7593,1.05158142133981,28,-86,0.001869,51,2026-05-12 03:47:51.00039,144,1.037,0.0011,"aoml_navis",1026.44017184424
"7901009",110,0.0746475721299699,1,0.100926,1,0.078498,1,165.837200480485,1,4.87107907929877,146,1,20.4099998474121,36.5460014343262,0.100925996899605,0.0835341885685921,159.914993286133,-85.8639,27.5145,9.9336220710332,63,63,63,63,61,63,0.078498,7593,1.05158142133981,28,-86,0.001869,51,2026-05-12 03:47:51.00039,146,1.037,0.0011,"aoml_navis",1026.46660392953
"7901009",110,0.0924208035894866,1,0.119616,1,0.097188,1,163.249395614354,1,4.87094345836606,148,1,20.3139991760254,36.5379981994629,0.119616001844406,0.101307421922684,157.41960144043,-85.8639,27.5145,9.9336220710332,63,63,63,63,61,63,0.097188,7593,1.05158142133981,28,-86,0.001869,51,2026-05-12 03:47:51.00039,148,1.037,0.0011,"aoml_navis",1026.49518368198
"7901009",110,0.104862065611148,1,0.132699,1,0.110271,1,160.062071596936,1,4.87083828129652,150,1,20.25,36.5330009460449,0.132698997855186,0.11374868452549,154.346099853516,-85.8639,27.5145,9.9336220710332,63,63,63,63,61,63,0.110271,7593,1.05158142133981,28,-86,0.001869,51,2026-05-12 03:47:51.00039,150,1.037,0.0011,"aoml_navis",1026.51734901556
"7901009",110,0.0888661572975833,1,0.115878,1,0.09345,1,155.048118571447,1,4.87069519775051,152,1,20.193000793457,36.5410003662109,0.115878000855446,0.0977527797222137,149.511199951172,-85.8639,27.5145,9.9336220710332,63,63,63,63,61,63,0.09345,7593,1.05158142133981,28,-86,0.001869,51,2026-05-12 03:47:51.00039,152,1.037,0.0011,"aoml_navis",1026.54750441153
"7901009",110,0.0853115110056799,1,0.11214,1,0.089712,1,151.827928365699,1,4.87043884879906,154,1,20.1009998321533,36.568000793457,0.112139999866486,0.0941981375217438,146.406005859375,-85.8639,27.5145,9.9336220710332,63,63,63,63,61,63,0.089712,7593,1.05158142133981,28,-86,0.001869,51,2026-05-12 03:47:51.00039,154,1.037,0.0011,"aoml_navis",1026.60153534889
"7901009",110,0.0764248952759216,1,0.102795,1,0.080367,1,151.903218362844,1,4.87031080837933,156,1,20.0300006866455,36.5670013427734,0.102794997394085,0.0853115171194077,146.478607177734,-85.8639,27.5145,9.9336220710332,63,63,63,63,61,63,0.080367,7593,1.05158142133981,28,-86,0.001869,51,2026-05-12 03:47:51.00039,156,1.037,0.0011,"aoml_navis",1026.62852469242
"7901009",110,0.0675382795461633,1,0.09345,1,0.071022,1,151.757607065298,1,4.87023377267193,158,1,19.9990005493164,36.5660018920898,0.0934500023722649,0.0764248967170715,146.338195800781,-85.8639,27.5145,9.9336220710332,63,63,63,63,61,63,0.071022,7593,1.05158142133981,28,-86,0.001869,51,2026-05-12 03:47:51.00039,158,1.037,0.0011,"aoml_navis",1026.64476355452
"7901009",110,0.0586516638164049,1,0.084105,1,0.061677,1,150.545624832992,1,4.87016128140867,160,1,19.9629993438721,36.5620002746582,0.0841049998998642,0.067538283765316,145.169494628906,-85.8639,27.5145,9.9336220710332,63,63,63,63,61,63,0.061677,7593,1.05158142133981,28,-86,0.001869,51,2026-05-12 03:47:51.00039,160,1.037,0.0011,"aoml_navis",1026.66004493259
"7901009",110,0.0586516638164049,1,0.084105,1,0.061677,1,147.87287740598,1,4.87002093599486,162,1,19.8619995117188,36.5540008544922,0.0841049998998642,0.067538283765316,142.592193603516,-85.8639,27.5145,9.9336220710332,63,63,63,63,61,63,0.061677,7593,1.05158142133981,28,-86,0.001869,51,2026-05-12 03:47:51.00039,162,1.037,0.0011,"aoml_navis",1026.6896314643
"7901009",110,0.0497650480866466,1,0.07476,1,0.052332,1,145.359318161244,1,4.86983795457531,164,1,19.7240009307861,36.5449981689453,0.0747599974274635,0.0586516670882702,140.168395996094,-85.8639,27.5145,9.9336220710332,63,63,63,63,61,63,0.052332,7593,1.05158142133981,28,-86,0.001869,51,2026-05-12 03:47:51.00039,164,1.037,0.0011,"aoml_navis",1026.7282087492
"7901009",110,0.0497650480866466,1,0.07476,1,0.052332,1,143.469330357762,1,4.86971233943858,166,1,19.6569995880127,36.5449981689453,0.0747599974274635,0.0586516670882702,138.345901489258,-85.8639,27.5145,9.9336220710332,63,63,63,63,61,63,0.052332,7593,1.05158142133981,28,-86,0.001869,51,2026-05-12 03:47:51.00039,166,1.037,0.0011,"aoml_navis",1026.75469339457
"7901009",110,0.04265575550284,1,0.067284,1,0.044856,1,142.967302100214,1,4.86958172639572,168,1,19.5830001831055,36.5439987182617,0.0672840029001236,0.0515423715114594,137.861801147461,-85.8639,27.5145,9.9336220710332,63,63,63,63,61,63,0.044856,7593,1.05158142133981,28,-86,0.001869,51,2026-05-12 03:47:51.00039,168,1.037,0.0011,"aoml_navis",1026.78223324548
"7901009",110,0.0231052008973716,1,0.046725,1,0.024297,1,144.11446974061,1,4.86937836122363,170,1,19.4130001068115,36.5299987792969,0.0467250011861324,0.031991820782423,138.968002319336,-85.8639,27.5145,9.9336220710332,63,63,63,63,61,63,0.024297,7593,1.05158142133981,28,-86,0.001869,51,2026-05-12 03:47:51.00039,170,1.037,0.0011,"aoml_navis",1026.82511587445
"7901009",110,0.0142185851676133,1,0.03738,1,0.014952,1,143.77090176709,1,4.86917334863083,172,1,19.2320003509521,36.5130004882812,0.0373799987137318,0.023105202242732,138.636703491211,-85.8639,27.5145,9.9336220710332,63,63,63,63,61,63,0.014952,7593,1.05158142133981,28,-86,0.001869,51,2026-05-12 03:47:51.00039,172,1.037,0.0011,"aoml_navis",1026.86834951275
"7901009",110,0.00710929258380666,1,0.029904,1,0.007476,1,142.254341589211,1,4.86902281333804,174,1,19.1380004882812,36.5110015869141,0.0299040004611015,0.0159959103912115,137.174301147461,-85.8639,27.5145,9.9336220710332,63,63,63,63,61,63,0.007476,7593,1.05158142133981,28,-86,0.001869,51,2026-05-12 03:47:51.00039,174,1.037,0.0011,"aoml_navis",1026.90009714129
"7901009",110,0.0124412620216617,1,0.035511,1,0.013083,1,140.979934170118,1,4.86885536526517,176,1,19.0300006866455,36.5089988708496,0.0355109982192516,0.0213278792798519,135.945404052734,-85.8639,27.5145,9.9336220710332,63,63,63,63,61,63,0.013083,7593,1.05158142133981,28,-86,0.001869,51,2026-05-12 03:47:51.00039,176,1.037,0.0011,"aoml_navis",1026.93541395179
"7901009",110,0.00888661572975832,1,0.031773,1,0.009345,1,140.310315252679,1,4.86874068542388,178,1,18.9409999847412,36.4990005493164,0.0317730009555817,0.0177732333540916,135.299697875977,-85.8639,27.5145,9.9336220710332,63,63,63,63,61,63,0.009345,7593,1.05158142133981,28,-86,0.001869,51,2026-05-12 03:47:51.00039,178,1.037,0.0011,"aoml_navis",1026.95960270981
"7901009",110,0.00888661572975832,1,0.031773,1,0.009345,1,139.940400527322,1,4.86861708969812,179.899993896484,1,18.8279991149902,36.484001159668,0.0317730009555817,0.0177732333540916,134.942993164062,-85.8639,27.5145,9.9336220710332,63,63,63,63,61,63,0.009345,7593,1.05158142133981,28,-86,0.001869,51,2026-05-12 03:47:51.00039,179.899993896484,1.037,0.0011,"aoml_navis",1026.98567331982
"7901009",110,0.00355464629190333,1,0.026166,1,0.003738,1,139.933042425457,1,4.86846537819082,182,1,18.6860008239746,36.4659996032715,0.0261659994721413,0.0124412626028061,134.935897827148,-85.8639,27.5145,9.9336220710332,63,63,63,63,61,63,0.003738,7593,1.05158142133981,28,-86,0.001869,51,2026-05-12 03:47:51.00039,182,1.037,0.0011,"aoml_navis",1027.01767632947
"7901009",110,0.005331969437855,1,0.028035,1,0.005607,1,140.287291514587,1,4.86837499149451,184,1,18.613000869751,36.4550018310547,0.0280349999666214,0.0142185855656862,135.277496337891,-85.8639,27.5145,9.9336220710332,63,63,63,63,61,63,0.005607,7593,1.05158142133981,28,-86,0.001869,51,2026-05-12 03:47:51.00039,184,1.037,0.0011,"aoml_navis",1027.03674403378
"7901009",110,0.00710929258380666,1,0.029904,1,0.007476,1,140.196763125838,1,4.86826423646026,186,1,18.5289993286133,36.4459991455078,0.0299040004611015,0.0159959103912115,135.190200805664,-85.8639,27.5145,9.9336220710332,63,63,63,63,61,63,0.007476,7593,1.05158142133981,28,-86,0.001869,51,2026-05-12 03:47:51.00039,186,1.037,0.0011,"aoml_navis",1027.06010954646
"7901009",110,0.005331969437855,1,0.028035,1,0.005607,1,139.480273890715,1,4.8681477108648,188,1,18.4459991455078,36.4389991760254,0.0280349999666214,0.0142185855656862,134.499298095703,-85.8639,27.5145,9.9336220710332,63,63,63,63,61,63,0.005607,7593,1.05158142133981,28,-86,0.001869,51,2026-05-12 03:47:51.00039,188,1.037,0.0011,"aoml_navis",1027.08469359731
"7901009",110,-0.00177732314595166,1,0.020559,1,-0.001869,1,138.379470204004,1,4.86806766582711,190,1,18.3899993896484,36.4309997558594,0.020558999851346,0.00710929278284311,133.437805175781,-85.8639,27.5145,9.9336220710332,63,63,63,63,61,63,-0.001869,7593,1.05158142133981,28,-86,0.001869,51,2026-05-12 03:47:51.00039,190,1.037,0.0011,"aoml_navis",1027.10158182456
"7901009",110,0.00177732314595166,1,0.024297,1,0.001869,1,136.756399523649,1,4.86800100223644,192,1,18.3449993133545,36.4230003356934,0.0242970008403063,0.010663939639926,131.872695922852,-85.8639,27.5145,9.9336220710332,63,63,63,63,61,63,0.001869,7593,1.05158142133981,28,-86,0.001869,51,2026-05-12 03:47:51.00039,192,1.037,0.0011,"aoml_navis",1027.11564720363
"7901009",110,0.00355464629190333,1,0.026166,1,0.003738,1,135.358898181103,1,4.86782538994168,194,1,18.1700000762939,36.4020004272461,0.0261659994721413,0.0124412626028061,130.525100708008,-85.8639,27.5145,9.9336220710332,63,63,63,63,61,63,0.003738,7593,1.05158142133981,28,-86,0.001869,51,2026-05-12 03:47:51.00039,194,1.037,0.0011,"aoml_navis",1027.1527015598
"7901009",110,0.00177732314595166,1,0.024297,1,0.001869,1,134.529996138137,1,4.8676771550513,196,1,18.0230007171631,36.382999420166,0.0242970008403063,0.010663939639926,129.725799560547,-85.8639,27.5145,9.9336220710332,63,63,63,63,61,63,0.001869,7593,1.05158142133981,28,-86,0.001869,51,2026-05-12 03:47:51.00039,196,1.037,0.0011,"aoml_navis",1027.18398133931
"7901009",110,0.005331969437855,1,0.028035,1,0.005607,1,133.865678218816,1,4.8675710400687,198,1,17.9260005950928,36.3689994812012,0.0280349999666214,0.0142185855656862,129.085205078125,-85.8639,27.5145,9.9336220710332,63,63,63,63,61,63,0.005607,7593,1.05158142133981,28,-86,0.001869,51,2026-05-12 03:47:51.00039,198,1.037,0.0011,"aoml_navis",1027.20637435821
"7901009",110,-0.00177732314595166,1,0.020559,1,-0.001869,1,133.182688127021,1,4.86745597482613,200,1,17.8150005340576,36.3530006408691,0.020558999851346,0.00710929278284311,128.426605224609,-85.8639,27.5145,9.9336220710332,63,63,63,63,61,63,-0.001869,7593,1.05158142133981,28,-86,0.001869,51,2026-05-12 03:47:51.00039,200,1.037,0.0011,"aoml_navis",1027.23065721793
"7901009",110,0.00177732314595166,1,0.024297,1,0.001869,1,132.461839414341,1,4.86733452445019,202,1,17.6919994354248,36.3349990844727,0.0242970008403063,0.010663939639926,127.731498718262,-85.8639,27.5145,9.9336220710332,63,63,63,63,61,63,0.001869,7593,1.05158142133981,28,-86,0.001869,51,2026-05-12 03:47:51.00039,202,1.037,0.0011,"aoml_navis",1027.25628881339
"7901009",110,-0.00177732314595166,1,0.020559,1,-0.001869,1,132.048060907545,1,4.86719641310939,204,1,17.5450000762939,36.3139991760254,0.020558999851346,0.00710929278284311,127.332496643066,-85.8639,27.5145,9.9336220710332,63,63,63,63,61,63,-0.001869,7593,1.05158142133981,28,-86,0.001869,51,2026-05-12 03:47:51.00039,204,1.037,0.0011,"aoml_navis",1027.28543819044
"7901009",110,0,1,0.022428,1,0,1,131.797410727895,1,4.86710375603401,206,1,17.4610004425049,36.3009986877441,0.0224280003458261,0.00888661667704582,127.090797424316,-85.8639,27.5145,9.9336220710332,63,63,63,63,61,63,0,7593,1.05158142133981,28,-86,0.001869,51,2026-05-12 03:47:51.00039,206,1.037,0.0011,"aoml_navis",1027.30499504993
"7901009",110,-0.00355464629190333,1,0.01869,1,-0.003738,1,131.263339123517,1,4.86704433286796,208,1,17.4270000457764,36.2949981689453,0.0186899993568659,0.00533196981996298,126.575798034668,-85.8639,27.5145,9.9336220710332,63,63,63,63,61,63,-0.003738,7593,1.05158142133981,28,-86,0.001869,51,2026-05-12 03:47:51.00039,208,1.037,0.0011,"aoml_navis",1027.31753771671
"7901009",110,-0.00177732314595166,1,0.020559,1,-0.001869,1,130.630028087215,1,4.86694972705009,210,1,17.3409996032715,36.2820014953613,0.020558999851346,0.00710929278284311,125.965103149414,-85.8639,27.5145,9.9336220710332,63,63,63,63,61,63,-0.001869,7593,1.05158142133981,28,-86,0.001869,51,2026-05-12 03:47:51.00039,210,1.037,0.0011,"aoml_navis",1027.33750714753
"7901009",110,0,1,0.022428,1,0,1,130.221329044287,1,4.86683993589687,212,1,17.2259998321533,36.2639999389648,0.0224280003458261,0.00888661667704582,125.570999145508,-85.8639,27.5145,9.9336220710332,63,63,63,63,61,63,0,7593,1.05158142133981,28,-86,0.001869,51,2026-05-12 03:47:51.00039,212,1.037,0.0011,"aoml_navis",1027.36068287781
"7901009",110,-0.005331969437855,1,0.016821,1,-0.005607,1,129.65552265864,1,4.86672029306374,214,1,17.1019992828369,36.2459983825684,0.0168210007250309,0.00355464639142156,125.025398254395,-85.8639,27.5145,9.9336220710332,63,63,63,63,61,63,-0.005607,7593,1.05158142133981,28,-86,0.001869,51,2026-05-12 03:47:51.00039,214,1.037,0.0011,"aoml_navis",1027.38593938226
"7901009",110,-0.00710929258380666,1,0.014952,1,-0.007476,1,129.150907197534,1,4.86662161932316,216,1,17.0020008087158,36.2299995422363,0.0149520002305508,0.00177732319571078,124.538803100586,-85.8639,27.5145,9.9336220710332,63,63,63,63,61,63,-0.007476,7593,1.05158142133981,28,-86,0.001869,51,2026-05-12 03:47:51.00039,216,1.037,0.0011,"aoml_navis",1027.40677026282
"7901009",110,0,1,0.022428,1,0,1,128.924412163038,1,4.86652029946596,218,1,16.9120006561279,36.2179985046387,0.0224280003458261,0.00888661667704582,124.32039642334,-85.8639,27.5145,9.9336220710332,63,63,63,63,61,63,0,7593,1.05158142133981,28,-86,0.001869,51,2026-05-12 03:47:51.00039,218,1.037,0.0011,"aoml_navis",1027.42816064051
"7901009",110,0,1,0.020559,1,-0.001869,1,128.903152787005,1,4.86646752431994,220,1,16.8799991607666,36.2109985351562,0.020558999851346,0.00710929278284311,124.299896240234,-85.8639,27.5145,9.9336220710332,63,63,63,63,61,63,0,7593,1.05158142133981,28,-86,0.001869,51,2026-05-12 03:47:51.00039,220,1.037,0.0011,"aoml_navis",1027.43930274121
"7901009",110,0,1,0.016821,1,-0.005607,1,128.847674281333,1,4.86640980430415,222,1,16.8500003814697,36.2060012817383,0.0168210007250309,0.00355464639142156,124.246398925781,-85.8639,27.5145,9.9336220710332,63,63,63,63,61,63,0,7593,1.05158142133981,28,-86,0.001869,51,2026-05-12 03:47:51.00039,222,1.037,0.0011,"aoml_navis",1027.45148909936
"7901009",110,0,1,0.020559,1,-0.001869,1,128.410666326069,1,4.86633809496571,224,1,16.7950000762939,36.1969985961914,0.020558999851346,0.00710929278284311,123.824996948242,-85.8639,27.5145,9.9336220710332,63,63,63,63,61,63,0,7593,1.05158142133981,28,-86,0.001869,51,2026-05-12 03:47:51.00039,224,1.037,0.0011,"aoml_navis",1027.4666294092
"7901009",110,0,1,0.01869,1,-0.003738,1,127.925751589309,1,4.86621676699838,226,1,16.673999786377,36.1809997558594,0.0186899993568659,0.00533196981996298,123.357398986816,-85.8639,27.5145,9.9336220710332,63,63,63,63,61,63,0,7593,1.05158142133981,28,-86,0.001869,51,2026-05-12 03:47:51.00039,226,1.037,0.0011,"aoml_navis",1027.49224693584
"7901009",110,0,1,0.020559,1,-0.001869,1,127.655812106062,1,4.86612890285666,228,1,16.5820007324219,36.1650009155273,0.020558999851346,0.00710929278284311,123.097099304199,-85.8639,27.5145,9.9336220710332,63,63,63,63,61,63,0,7593,1.05158142133981,28,-86,0.001869,51,2026-05-12 03:47:51.00039,228,1.037,0.0011,"aoml_navis",1027.5107996142
"7901009",110,0,1,0.01869,1,-0.003738,1,126.9221144069,1,4.86603589298243,230,1,16.4979991912842,36.1529998779297,0.0186899993568659,0.00533196981996298,122.389602661133,-85.8639,27.5145,9.9336220710332,63,63,63,63,61,63,0,7593,1.05158142133981,28,-86,0.001869,51,2026-05-12 03:47:51.00039,230,1.037,0.0011,"aoml_navis",1027.53043955363
"7901009",110,0,1,0.01869,1,-0.003738,1,126.141949898866,1,4.86596596608248,232,1,16.4309997558594,36.1399993896484,0.0186899993568659,0.00533196981996298,121.637298583984,-85.8639,27.5145,9.9336220710332,63,63,63,63,61,63,0,7593,1.05158142133981,28,-86,0.001869,51,2026-05-12 03:47:51.00039,232,1.037,0.0011,"aoml_navis",1027.54520579301
"7901009",110,0,1,0.020559,1,-0.001869,1,126.681931720548,1,4.86582844538195,234,1,16.2679996490479,36.1160011291504,0.020558999851346,0.00710929278284311,122.157997131348,-85.8639,27.5145,9.9336220710332,63,63,63,63,61,63,0,7593,1.05158142133981,28,-86,0.001869,51,2026-05-12 03:47:51.00039,234,1.037,0.0011,"aoml_navis",1027.57424683671
"7901009",110,0,1,0.016821,1,-0.005607,1,127.349580565552,1,4.86571229737575,236,1,16.1459999084473,36.0989990234375,0.0168210007250309,0.00355464639142156,122.801803588867,-85.8639,27.5145,9.9336220710332,63,63,63,63,61,63,0,7593,1.05158142133981,28,-86,0.001869,51,2026-05-12 03:47:51.00039,236,1.037,0.0011,"aoml_navis",1027.59877576335
"7901009",110,0,1,0.024297,1,0.001869,1,127.091247894601,1,4.86564496162266,238,1,16.0869998931885,36.0880012512207,0.0242970008403063,0.010663939639926,122.552696228027,-85.8639,27.5145,9.9336220710332,63,63,63,63,61,63,0,7593,1.05158142133981,28,-86,0.001869,51,2026-05-12 03:47:51.00039,238,1.037,0.0011,"aoml_navis",1027.61299672234
"7901009",110,0,1,0.01869,1,-0.003738,1,126.404531280249,1,4.86557555878951,240,1,16.0259990692139,36.0769996643066,0.0186899993568659,0.00533196981996298,121.890502929688,-85.8639,27.5145,9.9336220710332,63,63,63,63,61,63,0,7593,1.05158142133981,28,-86,0.001869,51,2026-05-12 03:47:51.00039,240,1.037,0.0011,"aoml_navis",1027.62765464975
"7901009",110,0,1,0.01869,1,-0.003738,1,125.565359542422,1,4.86544236830219,242,1,15.871000289917,36.0550003051758,0.0186899993568659,0.00533196981996298,121.081298828125,-85.8639,27.5145,9.9336220710332,63,63,63,63,61,63,0,7593,1.05158142133981,28,-86,0.001869,51,2026-05-12 03:47:51.00039,242,1.037,0.0011,"aoml_navis",1027.65578574611
"7901009",110,0,1,0.022428,1,0,1,125.411986634199,1,4.86535276376903,244,1,15.7679996490479,36.0369987487793,0.0224280003458261,0.00888661667704582,120.933403015137,-85.8639,27.5145,9.9336220710332,63,63,63,63,61,63,0,7593,1.05158142133981,28,-86,0.001869,51,2026-05-12 03:47:51.00039,244,1.037,0.0011,"aoml_navis",1027.67471194148
"7901009",110,0,1,0.020559,1,-0.001869,1,125.157079832181,1,4.86527976347735,246,1,15.7030000686646,36.0260009765625,0.020558999851346,0.00710929278284311,120.687599182129,-85.8639,27.5145,9.9336220710332,63,63,63,63,61,63,0,7593,1.05158142133981,28,-86,0.001869,51,2026-05-12 03:47:51.00039,246,1.037,0.0011,"aoml_navis",1027.69013151802
"7901009",110,0,1,0.020559,1,-0.001869,1,125.049746488206,1,4.86521756037822,248,1,15.66100025177,36.0190010070801,0.020558999851346,0.00710929278284311,120.584098815918,-85.8639,27.5145,9.9336220710332,63,63,63,63,61,63,0,7593,1.05158142133981,28,-86,0.001869,51,2026-05-12 03:47:51.00039,248,1.037,0.0011,"aoml_navis",1027.7032708094
"7901009",110,0,1,0.016821,1,-0.005607,1,125.785319316552,1,4.86515105240464,250,1,15.6149997711182,36.0120010375977,0.0168210007250309,0.00355464639142156,121.293403625488,-85.8639,27.5145,9.9336220710332,63,63,63,63,61,63,0,7593,1.05158142133981,28,-86,0.001869,51,2026-05-12 03:47:51.00039,250,1.037,0.0011,"aoml_navis",1027.71731980011
"7901009",110,0,1,0.020559,1,-0.001869,1,126.074959524147,1,4.86508101518949,252,1,15.548999786377,36,0.020558999851346,0.00710929278284311,121.572700500488,-85.8639,27.5145,9.9336220710332,63,63,63,63,61,63,0,7593,1.05158142133981,28,-86,0.001869,51,2026-05-12 03:47:51.00039,252,1.037,0.0011,"aoml_navis",1027.7321147149
"7901009",110,0,1,0.022428,1,0,1,126.055148032675,1,4.86497758626716,254,1,15.4320001602173,35.9819984436035,0.0224280003458261,0.00888661667704582,121.553596496582,-85.8639,27.5145,9.9336220710332,63,63,63,63,61,63,0,7593,1.05158142133981,28,-86,0.001869,51,2026-05-12 03:47:51.00039,254,1.037,0.0011,"aoml_navis",1027.75396419379
"7901009",110,0,1,0.01869,1,-0.003738,1,126.997712969607,1,4.8648754062466,256,1,15.3190002441406,35.9650001525879,0.0186899993568659,0.00533196981996298,122.462501525879,-85.8639,27.5145,9.9336220710332,63,63,63,63,61,63,0,7593,1.05158142133981,28,-86,0.001869,51,2026-05-12 03:47:51.00039,256,1.037,0.0011,"aoml_navis",1027.77555075304
"7901009",110,0,1,0.024297,1,0.001869,1,127.826512157385,1,4.8648228866266,258,1,15.2819995880127,35.9570007324219,0.0242970008403063,0.010663939639926,123.261703491211,-85.8639,27.5145,9.9336220710332,63,63,63,63,61,63,0,7593,1.05158142133981,28,-86,0.001869,51,2026-05-12 03:47:51.00039,258,1.037,0.0011,"aoml_navis",1027.78664640495
"7901009",110,0,1,0.016821,1,-0.005607,1,128.676879286759,1,4.86475012022927,260,1,15.2159996032715,35.9459991455078,0.0168210007250309,0.00355464639142156,124.081703186035,-85.8639,27.5145,9.9336220710332,63,63,63,63,61,63,0,7593,1.05158142133981,28,-86,0.001869,51,2026-05-12 03:47:51.00039,260,1.037,0.0011,"aoml_navis",1027.80201992458
"7901009",110,0,1,0.020559,1,-0.001869,1,129.08380605569,1,4.86468312563738,262,1,15.1619997024536,35.9370002746582,0.020558999851346,0.00710929278284311,124.474098205566,-85.8639,27.5145,9.9336220710332,63,63,63,63,61,63,0,7593,1.05158142133981,28,-86,0.001869,51,2026-05-12 03:47:51.00039,262,1.037,0.0011,"aoml_navis",1027.8161744286
"7901009",110,0,1,0.01869,1,-0.003738,1,128.502547656128,1,4.86462463018982,264,1,15.1260004043579,35.9309997558594,0.0186899993568659,0.00533196981996298,123.913597106934,-85.8639,27.5145,9.9336220710332,63,63,63,63,61,63,0,7593,1.05158142133981,28,-86,0.001869,51,2026-05-12 03:47:51.00039,264,1.037,0.0011,"aoml_navis",1027.82853356661
"7901009",110,0,1,0.022428,1,0,1,127.579074224356,1,4.86455121287862,266,1,15.0590000152588,35.9199981689453,0.0224280003458261,0.00888661667704582,123.023101806641,-85.8639,27.5145,9.9336220710332,63,63,63,63,61,63,0,7593,1.05158142133981,28,-86,0.001869,51,2026-05-12 03:47:51.00039,266,1.037,0.0011,"aoml_navis",1027.84404587268
"7901009",110,0,1,0.022428,1,0,1,126.926157406957,1,4.86446543958543,268,1,14.9700002670288,35.9059982299805,0.0224280003458261,0.00888661667704582,122.393501281738,-85.8639,27.5145,9.9336220710332,63,63,63,63,61,63,0,7593,1.05158142133981,28,-86,0.001869,51,2026-05-12 03:47:51.00039,268,1.037,0.0011,"aoml_navis",1027.86216946093
"7901009",110,0,1,0.020559,1,-0.001869,1,126.431487251274,1,4.86438834881634,270,1,14.9060001373291,35.8969993591309,0.020558999851346,0.00710929278284311,121.916496276855,-85.8639,27.5145,9.9336220710332,63,63,63,63,61,63,0,7593,1.05158142133981,28,-86,0.001869,51,2026-05-12 03:47:51.00039,270,1.037,0.0011,"aoml_navis",1027.87845900845
"7901009",110,0,1,0.020559,1,-0.001869,1,125.966384005986,1,4.86432642819694,272,1,14.8629999160767,35.8899993896484,0.020558999851346,0.00710929278284311,121.468002319336,-85.8639,27.5145,9.9336220710332,63,63,63,63,61,63,0,7593,1.05158142133981,28,-86,0.001869,51,2026-05-12 03:47:51.00039,272,1.037,0.0011,"aoml_navis",1027.89154342451
"7901009",110,0,1,0.022428,1,0,1,125.500030674576,1,4.86427001925344,274,1,14.8319997787476,35.8849983215332,0.0224280003458261,0.00888661667704582,121.01830291748,-85.8639,27.5145,9.9336220710332,63,63,63,63,61,63,0,7593,1.05158142133981,28,-86,0.001869,51,2026-05-12 03:47:51.00039,274,1.037,0.0011,"aoml_navis",1027.90346346098
"7901009",110,0,1,0.022428,1,0,1,124.61917093812,1,4.86422363254186,276,1,14.8070001602173,35.8790016174316,0.0224280003458261,0.00888661667704582,120.168899536133,-85.8639,27.5145,9.9336220710332,63,63,63,63,61,63,0,7593,1.05158142133981,28,-86,0.001869,51,2026-05-12 03:47:51.00039,276,1.037,0.0011,"aoml_navis",1027.9132658601
"7901009",110,0,1,0.01869,1,-0.003738,1,123.709488013392,1,4.86415320301651,278,1,14.7419996261597,35.8680000305176,0.0186899993568659,0.00533196981996298,119.291702270508,-85.8639,27.5145,9.9336220710332,63,63,63,63,61,63,0,7593,1.05158142133981,28,-86,0.001869,51,2026-05-12 03:47:51.00039,278,1.037,0.0011,"aoml_navis",1027.92814932294
"7901009",110,0,1,0.022428,1,0,1,123.186097524624,1,4.86407921550071,280,1,14.6700000762939,35.8559989929199,0.0224280003458261,0.00888661667704582,118.787002563477,-85.8639,27.5145,9.9336220710332,63,63,63,63,61,63,0,7593,1.05158142133981,28,-86,0.001869,51,2026-05-12 03:47:51.00039,280,1.037,0.0011,"aoml_navis",1027.94378513947
"7901009",110,0,1,0.01869,1,-0.003738,1,123.003988459441,1,4.86397018763344,282,1,14.5539999008179,35.8409996032715,0.0186899993568659,0.00533196981996298,118.611396789551,-85.8639,27.5145,9.9336220710332,63,63,63,63,61,63,0,7593,1.05158142133981,28,-86,0.001869,51,2026-05-12 03:47:51.00039,282,1.037,0.0011,"aoml_navis",1027.96682691691
"7901009",110,0,1,0.016821,1,-0.005607,1,122.596025226699,1,4.86388259035592,284,1,14.4440002441406,35.8219985961914,0.0168210007250309,0.00355464639142156,118.218002319336,-85.8639,27.5145,9.9336220710332,63,63,63,63,61,63,0,7593,1.05158142133981,28,-86,0.001869,51,2026-05-12 03:47:51.00039,284,1.037,0.0011,"aoml_navis",1027.98534033572
"7901009",110,0,1,0.020559,1,-0.001869,1,122.320792657272,1,4.8637840720454,286,1,14.3229999542236,35.8030014038086,0.020558999851346,0.00710929278284311,117.952598571777,-85.8639,27.5145,9.9336220710332,63,63,63,63,61,63,0,7593,1.05158142133981,28,-86,0.001869,51,2026-05-12 03:47:51.00039,286,1.037,0.0011,"aoml_navis",1028.00616267846
"7901009",110,0,1,0.020559,1,-0.001869,1,122.097106360584,1,4.86371235642788,288,1,14.2589998245239,35.7929992675781,0.020558999851346,0.00710929278284311,117.73690032959,-85.8639,27.5145,9.9336220710332,63,63,63,63,61,63,0,7593,1.05158142133981,28,-86,0.001869,51,2026-05-12 03:47:51.00039,288,1.037,0.0011,"aoml_navis",1028.02132066712
"7901009",110,0,1,0.01869,1,-0.003738,1,121.59103510298,1,4.86366240669636,290,1,14.2299995422363,35.7869987487793,0.0186899993568659,0.00533196981996298,117.248901367188,-85.8639,27.5145,9.9336220710332,63,63,63,63,61,63,0,7593,1.05158142133981,28,-86,0.001869,51,2026-05-12 03:47:51.00039,290,1.037,0.0011,"aoml_navis",1028.03187842888
"7901009",110,0,1,0.020559,1,-0.001869,1,121.247672839835,1,4.86358536518167,292,1,14.1499996185303,35.773998260498,0.020558999851346,0.00710929278284311,116.91780090332,-85.8639,27.5145,9.9336220710332,63,63,63,63,61,63,0,7593,1.05158142133981,28,-86,0.001869,51,2026-05-12 03:47:51.00039,292,1.037,0.0011,"aoml_navis",1028.04816294475
"7901009",110,0,1,0.022428,1,0,1,121.224443391367,1,4.86347753730442,294,1,14.0220003128052,35.7560005187988,0.0224280003458261,0.00888661667704582,116.895401000977,-85.8639,27.5145,9.9336220710332,63,63,63,63,61,63,0,7593,1.05158142133981,28,-86,0.001869,51,2026-05-12 03:47:51.00039,294,1.037,0.0011,"aoml_navis",1028.0709557407
"7901009",110,0,1,0.020559,1,-0.001869,1,120.895805243889,1,4.86342991178622,296,1,13.9949998855591,35.75,0.020558999851346,0.00710929278284311,116.578498840332,-85.8639,27.5145,9.9336220710332,63,63,63,63,61,63,0,7593,1.05158142133981,28,-86,0.001869,51,2026-05-12 03:47:51.00039,296,1.037,0.0011,"aoml_navis",1028.08102320603
"7901009",110,0,1,0.022428,1,0,1,120.427378984857,1,4.86336563309297,298,1,13.9409999847412,35.7410011291504,0.0224280003458261,0.00888661667704582,116.126800537109,-85.8639,27.5145,9.9336220710332,63,63,63,63,61,63,0,7593,1.05158142133981,28,-86,0.001869,51,2026-05-12 03:47:51.00039,298,1.037,0.0011,"aoml_navis",1028.09461126618
"7901009",110,0,1,0.022428,1,0,1,119.99079036228,1,4.8632985841219,300,1,13.8769998550415,35.7299995422363,0.0224280003458261,0.00888661667704582,115.70580291748,-85.8639,27.5145,9.9336220710332,63,63,63,63,61,63,0,7593,1.05158142133981,28,-86,0.001869,51,2026-05-12 03:47:51.00039,300,1.037,0.0011,"aoml_navis",1028.10878532616
"7901009",110,0,1,0.01869,1,-0.003738,1,119.634879766277,1,4.86321257575492,302,1,13.7869997024536,35.7169990539551,0.0186899993568659,0.00533196981996298,115.362602233887,-85.8639,27.5145,9.9336220710332,63,63,63,63,61,63,0,7593,1.05158142133981,28,-86,0.001869,51,2026-05-12 03:47:51.00039,302,1.037,0.0011,"aoml_navis",1028.12696794852
"7901009",110,0,1,0.022428,1,0,1,119.701458720247,1,4.86313602456449,304,1,13.706000328064,35.7039985656738,0.0224280003458261,0.00888661667704582,115.426803588867,-85.8639,27.5145,9.9336220710332,63,63,63,63,61,63,0,7593,1.05158142133981,28,-86,0.001869,51,2026-05-12 03:47:51.00039,304,1.037,0.0011,"aoml_navis",1028.14315181484
"7901009",110,0,1,0.024297,1,0.001869,1,119.942978524034,1,4.86307659145682,306,1,13.6669998168945,35.6980018615723,0.0242970008403063,0.010663939639926,115.659698486328,-85.8639,27.5145,9.9336220710332,63,63,63,63,61,63,0,7593,1.05158142133981,28,-86,0.001869,51,2026-05-12 03:47:51.00039,306,1.037,0.0011,"aoml_navis",1028.15571705856
"7901009",110,0,1,0.020559,1,-0.001869,1,119.886044221864,1,4.86300802170081,308,1,13.6079998016357,35.6889991760254,0.020558999851346,0.00710929278284311,115.604797363281,-85.8639,27.5145,9.9336220710332,63,63,63,63,61,63,0,7593,1.05158142133981,28,-86,0.001869,51,2026-05-12 03:47:51.00039,308,1.037,0.0011,"aoml_navis",1028.1702143381
"7901009",110,0,1,0.024297,1,0.001869,1,119.757665124168,1,4.86293912690372,310.100006103516,1,13.5469999313354,35.6790008544922,0.0242970008403063,0.010663939639926,115.481002807617,-85.8639,27.5145,9.9336220710332,63,63,63,63,61,63,0,7593,1.05158142133981,28,-86,0.001869,51,2026-05-12 03:47:51.00039,310.100006103516,1.037,0.0011,"aoml_navis",1028.1847807508
"7901009",110,0,1,0.022428,1,0,1,119.490415699667,1,4.862884795889,312,1,13.5179996490479,35.6749992370605,0.0224280003458261,0.00888661667704582,115.223297119141,-85.8639,27.5145,9.9336220710332,63,63,63,63,61,63,0,7593,1.05158142133981,28,-86,0.001869,51,2026-05-12 03:47:51.00039,312,1.037,0.0011,"aoml_navis",1028.1962682371
"7901009",110,0,1,0.029904,1,0.007476,1,118.902835662051,1,4.86284381037037,314,1,13.5080003738403,35.6720008850098,0.0299040004611015,0.0159959103912115,114.656700134277,-85.8639,27.5145,9.9336220710332,63,63,63,63,61,63,0,7593,1.05158142133981,28,-86,0.001869,51,2026-05-12 03:47:51.00039,314,1.037,0.0011,"aoml_navis",1028.20493418628
"7901009",110,0,1,0.020559,1,-0.001869,1,118.320746509052,1,4.86276160440603,316,1,13.4350004196167,35.6629981994629,0.020558999851346,0.00710929278284311,114.095397949219,-85.8639,27.5145,9.9336220710332,63,63,63,63,61,63,0,7593,1.05158142133981,28,-86,0.001869,51,2026-05-12 03:47:51.00039,316,1.037,0.0011,"aoml_navis",1028.22231619778
"7901009",110,0,1,0.022428,1,0,1,118.23861268598,1,4.86269923141007,318,1,13.3780002593994,35.6529998779297,0.0224280003458261,0.00888661667704582,114.01619720459,-85.8639,27.5145,9.9336220710332,63,63,63,63,61,63,0,7593,1.05158142133981,28,-86,0.001869,51,2026-05-12 03:47:51.00039,318,1.037,0.0011,"aoml_navis",1028.23550502631
"7901009",110,0,1,0.022428,1,0,1,118.037119373949,1,4.86265029944308,320,1,13.3489999771118,35.6469993591309,0.0224280003458261,0.00888661667704582,113.821899414062,-85.8639,27.5145,9.9336220710332,63,63,63,63,61,63,0,7593,1.05158142133981,28,-86,0.001869,51,2026-05-12 03:47:51.00039,320,1.037,0.0011,"aoml_navis",1028.24585197349
"7901009",110,0,1,0.020559,1,-0.001869,1,117.47847329173,1,4.86260737555659,322,1,13.3369998931885,35.6440010070801,0.020558999851346,0.00710929278284311,113.283203125,-85.8639,27.5145,9.9336220710332,63,63,63,63,61,63,0,7593,1.05158142133981,28,-86,0.001869,51,2026-05-12 03:47:51.00039,322,1.037,0.0011,"aoml_navis",1028.25492864879
"7901009",110,0,1,0.022428,1,0,1,117.203762910177,1,4.86253231773087,324,1,13.2670001983643,35.6339988708496,0.0224280003458261,0.00888661667704582,113.01830291748,-85.8639,27.5145,9.9336220710332,63,63,63,63,61,63,0,7593,1.05158142133981,28,-86,0.001869,51,2026-05-12 03:47:51.00039,324,1.037,0.0011,"aoml_navis",1028.27080074468
"7901009",110,0,1,0.022428,1,0,1,117.30123798004,1,4.86247624640368,326,1,13.2270002365112,35.6269989013672,0.0224280003458261,0.00888661667704582,113.112297058105,-85.8639,27.5145,9.9336220710332,63,63,63,63,61,63,0,7593,1.05158142133981,28,-86,0.001869,51,2026-05-12 03:47:51.00039,326,1.037,0.0011,"aoml_navis",1028.28265818224
"7901009",110,0,1,0.024297,1,0.001869,1,117.591922563384,1,4.86240705737453,328,1,13.1700000762939,35.6189994812012,0.0242970008403063,0.010663939639926,113.392601013184,-85.8639,27.5145,9.9336220710332,63,63,63,63,61,63,0,7593,1.05158142133981,28,-86,0.001869,51,2026-05-12 03:47:51.00039,328,1.037,0.0011,"aoml_navis",1028.29729000512
"7901009",110,0,1,0.026166,1,0.003738,1,117.844748525843,1,4.86233346233305,330,1,13.1009998321533,35.609001159668,0.0261659994721413,0.0124412626028061,113.63639831543,-85.8639,27.5145,9.9336220710332,63,63,63,63,61,63,0,7593,1.05158142133981,28,-86,0.001869,51,2026-05-12 03:47:51.00039,330,1.037,0.0011,"aoml_navis",1028.31285405113
"7901009",110,0,1,0.024297,1,0.001869,1,117.922736493671,1,4.86227401032336,332,1,13.0609998703003,35.6030006408691,0.0242970008403063,0.010663939639926,113.711601257324,-85.8639,27.5145,9.9336220710332,63,63,63,63,61,63,0,7593,1.05158142133981,28,-86,0.001869,51,2026-05-12 03:47:51.00039,332,1.037,0.0011,"aoml_navis",1028.32542744079
"7901009",110,0,1,0.026166,1,0.003738,1,117.863626408692,1,4.86220860422899,334,1,13,35.5929985046387,0.0261659994721413,0.0124412626028061,113.654602050781,-85.8639,27.5145,9.9336220710332,63,63,63,63,61,63,0,7593,1.05158142133981,28,-86,0.001869,51,2026-05-12 03:47:51.00039,334,1.037,0.0011,"aoml_navis",1028.33926040342
"7901009",110,0,1,0.024297,1,0.001869,1,117.746854123292,1,4.86213446390861,336,1,12.914999961853,35.5789985656738,0.0242970008403063,0.010663939639926,113.541999816895,-85.8639,27.5145,9.9336220710332,63,63,63,63,61,63,0,7593,1.05158142133981,28,-86,0.001869,51,2026-05-12 03:47:51.00039,336,1.037,0.0011,"aoml_navis",1028.35494104796
"7901009",110,0,1,0.024297,1,0.001869,1,117.583520085771,1,4.86208703306881,338,1,12.8870000839233,35.5730018615723,0.0242970008403063,0.010663939639926,113.384498596191,-85.8639,27.5145,9.9336220710332,63,63,63,63,61,63,0,7593,1.05158142133981,28,-86,0.001869,51,2026-05-12 03:47:51.00039,338,1.037,0.0011,"aoml_navis",1028.36497290016
"7901009",110,0,1,0.020559,1,-0.001869,1,117.495167479832,1,4.86201549615655,340,1,12.8229999542236,35.5639991760254,0.020558999851346,0.00710929278284311,113.299301147461,-85.8639,27.5145,9.9336220710332,63,63,63,63,61,63,0,7593,1.05158142133981,28,-86,0.001869,51,2026-05-12 03:47:51.00039,340,1.037,0.0011,"aoml_navis",1028.38010367358
"7901009",110,0,1,0.022428,1,0,1,117.338052225176,1,4.86195334280259,342,1,12.7760000228882,35.556999206543,0.0224280003458261,0.00888661667704582,113.147796630859,-85.8639,27.5145,9.9336220710332,63,63,63,63,61,63,0,7593,1.05158142133981,28,-86,0.001869,51,2026-05-12 03:47:51.00039,342,1.037,0.0011,"aoml_navis",1028.39325009191
"7901009",110,0,1,0.024297,1,0.001869,1,117.2225300259,1,4.86189562549964,344,1,12.7410001754761,35.5519981384277,0.0242970008403063,0.010663939639926,113.036399841309,-85.8639,27.5145,9.9336220710332,63,63,63,63,61,63,0,7593,1.05158142133981,28,-86,0.001869,51,2026-05-12 03:47:51.00039,344,1.037,0.0011,"aoml_navis",1028.40545851623
"7901009",110,0,1,0.020559,1,-0.001869,1,117.151180173625,1,4.86182684418854,346,1,12.6870002746582,35.5449981689453,0.020558999851346,0.00710929278284311,112.967597961426,-85.8639,27.5145,9.9336220710332,63,63,63,63,61,63,0,7593,1.05158142133981,28,-86,0.001869,51,2026-05-12 03:47:51.00039,346,1.037,0.0011,"aoml_navis",1028.42000758966
"7901009",110,0,1,0.024297,1,0.001869,1,117.045096915774,1,4.86177054200429,348,1,12.6420001983643,35.5369987487793,0.0242970008403063,0.010663939639926,112.865303039551,-85.8639,27.5145,9.9336220710332,63,63,63,63,61,63,0,7593,1.05158142133981,28,-86,0.001869,51,2026-05-12 03:47:51.00039,348,1.037,0.0011,"aoml_navis",1028.43191730285
"7901009",110,0,1,0.026166,1,0.003738,1,116.841522764183,1,4.86172770183783,350,1,12.6260004043579,35.5330009460449,0.0261659994721413,0.0124412626028061,112.668998718262,-85.8639,27.5145,9.9336220710332,63,63,63,63,61,63,0,7593,1.05158142133981,28,-86,0.001869,51,2026-05-12 03:47:51.00039,350,1.037,0.0011,"aoml_navis",1028.4409795534
"7901009",110,0,1,0.024297,1,0.001869,1,116.578427106864,1,4.86167929720999,352,1,12.6079998016357,35.5299987792969,0.0242970008403063,0.010663939639926,112.415298461914,-85.8639,27.5145,9.9336220710332,63,63,63,63,61,63,0,7593,1.05158142133981,28,-86,0.001869,51,2026-05-12 03:47:51.00039,352,1.037,0.0011,"aoml_navis",1028.45121908172
"7901009",110,0,1,0.022428,1,0,1,116.374132968962,1,4.86161253479248,354,1,12.5520000457764,35.5219993591309,0.0224280003458261,0.00888661667704582,112.218299865723,-85.8639,27.5145,9.9336220710332,63,63,63,63,61,63,0,7593,1.05158142133981,28,-86,0.001869,51,2026-05-12 03:47:51.00039,354,1.037,0.0011,"aoml_navis",1028.4653423565
"7901009",110,0,1,0.026166,1,0.003738,1,116.203124352076,1,4.86156186548416,356,1,12.5240001678467,35.5169982910156,0.0261659994721413,0.0124412626028061,112.053398132324,-85.8639,27.5145,9.9336220710332,63,63,63,63,61,63,0,7593,1.05158142133981,28,-86,0.001869,51,2026-05-12 03:47:51.00039,356,1.037,0.0011,"aoml_navis",1028.47606146879
"7901009",110,0,1,0.026166,1,0.003738,1,116.129915194491,1,4.86150525806268,358,1,12.4860000610352,35.5110015869141,0.0261659994721413,0.0124412626028061,111.982803344727,-85.8639,27.5145,9.9336220710332,63,63,63,63,61,63,0,7593,1.05158142133981,28,-86,0.001869,51,2026-05-12 03:47:51.00039,358,1.037,0.0011,"aoml_navis",1028.48803705552
"7901009",110,0,1,0.028035,1,0.005607,1,115.864121566487,1,4.86145543801396,360,1,12.4549999237061,35.5050010681152,0.0280349999666214,0.0142185855656862,111.726501464844,-85.8639,27.5145,9.9336220710332,63,63,63,63,61,63,0,7593,1.05158142133981,28,-86,0.001869,51,2026-05-12 03:47:51.00039,360,1.037,0.0011,"aoml_navis",1028.49857696991
"7901009",110,0,1,0.024297,1,0.001869,1,115.765293555313,1,4.86136812187216,362,1,12.3579998016357,35.492000579834,0.0242970008403063,0.010663939639926,111.631202697754,-85.8639,27.5145,9.9336220710332,63,63,63,63,61,63,0,7593,1.05158142133981,28,-86,0.001869,51,2026-05-12 03:47:51.00039,362,1.037,0.0011,"aoml_navis",1028.51705006747
"7901009",110,0,1,0.024297,1,0.001869,1,115.604443866163,1,4.86130546178147,364,1,12.2980003356934,35.4819984436035,0.0242970008403063,0.010663939639926,111.476097106934,-85.8639,27.5145,9.9336220710332,63,63,63,63,61,63,0,7593,1.05158142133981,28,-86,0.001869,51,2026-05-12 03:47:51.00039,364,1.037,0.0011,"aoml_navis",1028.53030720018
"7901009",110,0,1,0.028035,1,0.005607,1,115.593762750553,1,4.86122855711557,366,1,12.2189998626709,35.4710006713867,0.0280349999666214,0.0142185855656862,111.465797424316,-85.8639,27.5145,9.9336220710332,63,63,63,63,61,63,0,7593,1.05158142133981,28,-86,0.001869,51,2026-05-12 03:47:51.00039,366,1.037,0.0011,"aoml_navis",1028.54657855601
"7901009",110,0,1,0.024297,1,0.001869,1,115.377236757293,1,4.86118422276989,368,1,12.2049999237061,35.4679985046387,0.0242970008403063,0.010663939639926,111.25700378418,-85.8639,27.5145,9.9336220710332,63,63,63,63,61,63,0,7593,1.05158142133981,28,-86,0.001869,51,2026-05-12 03:47:51.00039,368,1.037,0.0011,"aoml_navis",1028.55595897393
"7901009",110,0,1,0.028035,1,0.005607,1,115.181440040255,1,4.86113474333292,370,1,12.173999786377,35.4620018005371,0.0280349999666214,0.0142185855656862,111.068199157715,-85.8639,27.5145,9.9336220710332,63,63,63,63,61,63,0,7593,1.05158142133981,28,-86,0.001869,51,2026-05-12 03:47:51.00039,370,1.037,0.0011,"aoml_navis",1028.56642821052
"7901009",110,0,1,0.026166,1,0.003738,1,115.092770956816,1,4.8610691181567,372,1,12.1219997406006,35.4550018310547,0.0261659994721413,0.0124412626028061,110.982696533203,-85.8639,27.5145,9.9336220710332,63,63,63,63,61,63,0,7593,1.05158142133981,28,-86,0.001869,51,2026-05-12 03:47:51.00039,372,1.037,0.0011,"aoml_navis",1028.58031401454
"7901009",110,0,1,0.026166,1,0.003738,1,114.892005543034,1,4.86100643473826,374,1,12.0729999542236,35.4480018615723,0.0261659994721413,0.0124412626028061,110.789100646973,-85.8639,27.5145,9.9336220710332,63,63,63,63,61,63,0,7593,1.05158142133981,28,-86,0.001869,51,2026-05-12 03:47:51.00039,374,1.037,0.0011,"aoml_navis",1028.59357771437
"7901009",110,0,1,0.024297,1,0.001869,1,114.695591694871,1,4.86095137858809,376,1,12.0319995880127,35.4410018920898,0.0242970008403063,0.010663939639926,110.599700927734,-85.8639,27.5145,9.9336220710332,63,63,63,63,61,63,0,7593,1.05158142133981,28,-86,0.001869,51,2026-05-12 03:47:51.00039,376,1.037,0.0011,"aoml_navis",1028.60522777998
"7901009",110,0,1,0.026166,1,0.003738,1,114.465781558568,1,4.8608792211299,378,1,11.9610004425049,35.4309997558594,0.0261659994721413,0.0124412626028061,110.37809753418,-85.8639,27.5145,9.9336220710332,63,63,63,63,61,63,0,7593,1.05158142133981,28,-86,0.001869,51,2026-05-12 03:47:51.00039,378,1.037,0.0011,"aoml_navis",1028.62049693918
"7901009",110,0,1,0.028035,1,0.005607,1,114.416418980574,1,4.86080813537176,380,1,11.8870000839233,35.4199981689453,0.0280349999666214,0.0142185855656862,110.330497741699,-85.8639,27.5145,9.9336220710332,63,63,63,63,61,63,0,7593,1.05158142133981,28,-86,0.001869,51,2026-05-12 03:47:51.00039,380,1.037,0.0011,"aoml_navis",1028.63553976043
"7901009",110,0,1,0.026166,1,0.003738,1,114.360529054152,1,4.8607344149509,382,1,11.8059997558594,35.4080009460449,0.0261659994721413,0.0124412626028061,110.27660369873,-85.8639,27.5145,9.9336220710332,63,63,63,63,61,63,0,7593,1.05158142133981,28,-86,0.001869,51,2026-05-12 03:47:51.00039,382,1.037,0.0011,"aoml_navis",1028.65114058088
"7901009",110,0,1,0.022428,1,0,1,114.17126759748,1,4.8606808077122,384,1,11.7700004577637,35.4020004272461,0.0224280003458261,0.00888661667704582,110.094100952148,-85.8639,27.5145,9.9336220710332,63,63,63,63,61,63,0,7593,1.05158142133981,28,-86,0.001869,51,2026-05-12 03:47:51.00039,384,1.037,0.0011,"aoml_navis",1028.66248531826
"7901009",110,0,1,0.024297,1,0.001869,1,114.026811442807,1,4.86062544792491,386,1,11.7360000610352,35.3969993591309,0.0242970008403063,0.010663939639926,109.954803466797,-85.8639,27.5145,9.9336220710332,63,63,63,63,61,63,0,7593,1.05158142133981,28,-86,0.001869,51,2026-05-12 03:47:51.00039,386,1.037,0.0011,"aoml_navis",1028.67420120482
"7901009",110,0,1,0.026166,1,0.003738,1,113.892617071057,1,4.86057291503681,388,1,11.7049999237061,35.3919982910156,0.0261659994721413,0.0124412626028061,109.825401306152,-85.8639,27.5145,9.9336220710332,63,63,63,63,61,63,0,7593,1.05158142133981,28,-86,0.001869,51,2026-05-12 03:47:51.00039,388,1.037,0.0011,"aoml_navis",1028.68531907666
"7901009",110,0,1,0.024297,1,0.001869,1,113.652125819143,1,4.86051582063432,390,1,11.6730003356934,35.3880004882812,0.0242970008403063,0.010663939639926,109.59349822998,-85.8639,27.5145,9.9336220710332,63,63,63,63,61,63,0,7593,1.05158142133981,28,-86,0.001869,51,2026-05-12 03:47:51.00039,390,1.037,0.0011,"aoml_navis",1028.69740260355
"7901009",110,0,1,0.028035,1,0.005607,1,113.367873640978,1,4.86045686108608,392,1,11.6309995651245,35.3819999694824,0.0280349999666214,0.0142185855656862,109.319396972656,-85.8639,27.5145,9.9336220710332,63,63,63,63,61,63,0,7593,1.05158142133981,28,-86,0.001869,51,2026-05-12 03:47:51.00039,392,1.037,0.0011,"aoml_navis",1028.70988117005
"7901009",110,0,1,0.022428,1,0,1,113.191682705037,1,4.86040822738728,394,1,11.6160001754761,35.3800010681152,0.0224280003458261,0.00888661667704582,109.14949798584,-85.8639,27.5145,9.9336220710332,63,63,63,63,61,63,0,7593,1.05158142133981,28,-86,0.001869,51,2026-05-12 03:47:51.00039,394,1.037,0.0011,"aoml_navis",1028.72017453722
"7901009",110,0,1,0.026166,1,0.003738,1,113.061847810843,1,4.86035118174754,396,1,11.5719995498657,35.3730010986328,0.0261659994721413,0.0124412626028061,109.024299621582,-85.8639,27.5145,9.9336220710332,63,63,63,63,61,63,0,7593,1.05158142133981,28,-86,0.001869,51,2026-05-12 03:47:51.00039,396,1.037,0.0011,"aoml_navis",1028.73224856197
"7901009",110,0,1,0.022428,1,0,1,112.912201425178,1,4.86029977111429,398,1,11.5419998168945,35.3680000305176,0.0224280003458261,0.00888661667704582,108.879997253418,-85.8639,27.5145,9.9336220710332,63,63,63,63,61,63,0,7593,1.05158142133981,28,-86,0.001869,51,2026-05-12 03:47:51.00039,398,1.037,0.0011,"aoml_navis",1028.74313014929
"7901009",110,0,1,0.022428,1,0,1,112.852054876387,1,4.8602355374314,400,1,11.4980001449585,35.3629989624023,0.0224280003458261,0.00888661667704582,108.821998596191,-85.8639,27.5145,9.9336220710332,63,63,63,63,61,63,0,7593,1.05158142133981,28,-86,0.001869,51,2026-05-12 03:47:51.00039,400,1.037,0.0011,"aoml_navis",1028.75672618995
"7901009",110,0,1,0.026166,1,0.003738,1,112.825921746861,1,4.86017412233848,402,1,11.4409999847412,35.3540000915527,0.0261659994721413,0.0124412626028061,108.796798706055,-85.8639,27.5145,9.9336220710332,63,63,63,63,61,63,0,7593,1.05158142133981,28,-86,0.001869,51,2026-05-12 03:47:51.00039,402,1.037,0.0011,"aoml_navis",1028.76972596904
"7901009",110,0,1,0.024297,1,0.001869,1,112.833287760663,1,4.86012653228279,404,1,11.41100025177,35.3479995727539,0.0242970008403063,0.010663939639926,108.803901672363,-85.8639,27.5145,9.9336220710332,63,63,63,63,61,63,0,7593,1.05158142133981,28,-86,0.001869,51,2026-05-12 03:47:51.00039,404,1.037,0.0011,"aoml_navis",1028.779799618
"7901009",110,0,1,0.022428,1,0,1,112.962814089294,1,4.86005258378737,406,1,11.3360004425049,35.3380012512207,0.0224280003458261,0.00888661667704582,108.928802490234,-85.8639,27.5145,9.9336220710332,63,63,63,63,61,63,0,7593,1.05158142133981,28,-86,0.001869,51,2026-05-12 03:47:51.00039,406,1.037,0.0011,"aoml_navis",1028.79545309437
"7901009",110,0,1,0.024297,1,0.001869,1,112.954000190932,1,4.8599924444814,408,1,11.2840003967285,35.3300018310547,0.0242970008403063,0.010663939639926,108.920303344727,-85.8639,27.5145,9.9336220710332,63,63,63,63,61,63,0,7593,1.05158142133981,28,-86,0.001869,51,2026-05-12 03:47:51.00039,408,1.037,0.0011,"aoml_navis",1028.80818378176
"7901009",110,0,1,0.028035,1,0.005607,1,112.812336950192,1,4.85994679849627,410,1,11.2639999389648,35.326000213623,0.0280349999666214,0.0142185855656862,108.783699035645,-85.8639,27.5145,9.9336220710332,63,63,63,63,61,63,0,7593,1.05158142133981,28,-86,0.001869,51,2026-05-12 03:47:51.00039,410,1.037,0.0011,"aoml_navis",1028.81784663714
"7901009",110,0,1,0.026166,1,0.003738,1,112.78174939986,1,4.85988401759629,412,1,11.2170000076294,35.3199996948242,0.0261659994721413,0.0124412626028061,108.754203796387,-85.8639,27.5145,9.9336220710332,63,63,63,63,61,63,0,7593,1.05158142133981,28,-86,0.001869,51,2026-05-12 03:47:51.00039,412,1.037,0.0011,"aoml_navis",1028.83113710047
"7901009",110,0,1,0.031773,1,0.009345,1,112.748558822094,1,4.85982142613089,414,1,11.1619997024536,35.3120002746582,0.0317730009555817,0.0177732333540916,108.722198486328,-85.8639,27.5145,9.9336220710332,63,63,63,63,61,63,0,7593,1.05158142133981,28,-86,0.001869,51,2026-05-12 03:47:51.00039,414,1.037,0.0011,"aoml_navis",1028.84438780309
"7901009",110,0,1,0.028035,1,0.005607,1,112.588342087943,1,4.85976882158244,416,1,11.1219997406006,35.3050003051758,0.0280349999666214,0.0142185855656862,108.56770324707,-85.8639,27.5145,9.9336220710332,63,63,63,63,61,63,0,7593,1.05158142133981,28,-86,0.001869,51,2026-05-12 03:47:51.00039,416,1.037,0.0011,"aoml_navis",1028.85552452512
"7901009",110,0,1,0.028035,1,0.005607,1,112.480177990532,1,4.85970272247949,418,1,11.0710000991821,35.298999786377,0.0280349999666214,0.0142185855656862,108.463401794434,-85.8639,27.5145,9.9336220710332,63,63,63,63,61,63,0,7593,1.05158142133981,28,-86,0.001869,51,2026-05-12 03:47:51.00039,418,1.037,0.0011,"aoml_navis",1028.86951847312
"7901009",110,0,1,0.028035,1,0.005607,1,112.454875614442,1,4.85964226649354,420,1,11.0179996490479,35.2910003662109,0.0280349999666214,0.0142185855656862,108.439002990723,-85.8639,27.5145,9.9336220710332,63,63,63,63,61,63,0,7593,1.05158142133981,28,-86,0.001869,51,2026-05-12 03:47:51.00039,420,1.037,0.0011,"aoml_navis",1028.88231804102
"7901009",110,0,1,0.022428,1,0,1,112.52404177197,1,4.85958355306656,422,1,10.9750003814697,35.2849998474121,0.0224280003458261,0.00888661667704582,108.505699157715,-85.8639,27.5145,9.9336220710332,63,63,63,63,61,63,0,7593,1.05158142133981,28,-86,0.001869,51,2026-05-12 03:47:51.00039,422,1.037,0.0011,"aoml_navis",1028.89474898417
"7901009",110,0,1,0.024297,1,0.001869,1,112.443047267896,1,4.85953536341328,424,1,10.956000328064,35.2820014953613,0.0242970008403063,0.010663939639926,108.427597045898,-85.8639,27.5145,9.9336220710332,63,63,63,63,61,63,0,7593,1.05158142133981,28,-86,0.001869,51,2026-05-12 03:47:51.00039,424,1.037,0.0011,"aoml_navis",1028.90495203395
"7901009",110,0,1,0.026166,1,0.003738,1,112.376990501801,1,4.85948841615638,425.899993896484,1,10.9359998703003,35.2789993286133,0.0261659994721413,0.0124412626028061,108.363899230957,-85.8639,27.5145,9.9336220710332,63,63,63,63,61,63,0,7593,1.05158142133981,28,-86,0.001869,51,2026-05-12 03:47:51.00039,425.899993896484,1.037,0.0011,"aoml_navis",1028.91489222949
"7901009",110,0,1,0.026166,1,0.003738,1,112.299319011472,1,4.85943031357082,428,1,10.8999996185303,35.273998260498,0.0261659994721413,0.0124412626028061,108.289001464844,-85.8639,27.5145,9.9336220710332,63,63,63,63,61,63,0,7593,1.05158142133981,28,-86,0.001869,51,2026-05-12 03:47:51.00039,428,1.037,0.0011,"aoml_navis",1028.92719462127
"7901009",110,0,1,0.024297,1,0.001869,1,112.263232664585,1,4.85938059559306,430,1,10.871000289917,35.2690010070801,0.0242970008403063,0.010663939639926,108.254203796387,-85.8639,27.5145,9.9336220710332,63,63,63,63,61,63,0,7593,1.05158142133981,28,-86,0.001869,51,2026-05-12 03:47:51.00039,430,1.037,0.0011,"aoml_navis",1028.93772192581
"7901009",110,0,1,0.029904,1,0.007476,1,112.121363713471,1,4.8593274721677,432,1,10.8339996337891,35.2630004882812,0.0299040004611015,0.0159959103912115,108.117401123047,-85.8639,27.5145,9.9336220710332,63,63,63,63,61,63,0,7593,1.05158142133981,28,-86,0.001869,51,2026-05-12 03:47:51.00039,432,1.037,0.0011,"aoml_navis",1028.94897053924
"7901009",110,0,1,0.026166,1,0.003738,1,111.988933703781,1,4.85926044273706,434,1,10.7729997634888,35.2550010681152,0.0261659994721413,0.0124412626028061,107.989700317383,-85.8639,27.5145,9.9336220710332,63,63,63,63,61,63,0,7593,1.05158142133981,28,-86,0.001869,51,2026-05-12 03:47:51.00039,434,1.037,0.0011,"aoml_navis",1028.96316402907
"7901009",110,0,1,0.029904,1,0.007476,1,111.879424576997,1,4.8591876663362,436,1,10.6969995498657,35.2449989318848,0.0299040004611015,0.0159959103912115,107.884101867676,-85.8639,27.5145,9.9336220710332,63,63,63,63,61,63,0,7593,1.05158142133981,28,-86,0.001869,51,2026-05-12 03:47:51.00039,436,1.037,0.0011,"aoml_navis",1028.97857488389
"7901009",110,0,1,0.029904,1,0.007476,1,111.771260479585,1,4.85912231871667,438,1,10.625,35.234001159668,0.0299040004611015,0.0159959103912115,107.779800415039,-85.8639,27.5145,9.9336220710332,63,63,63,63,61,63,0,7593,1.05158142133981,28,-86,0.001869,51,2026-05-12 03:47:51.00039,438,1.037,0.0011,"aoml_navis",1028.99241304148
"7901009",110,0,1,0.024297,1,0.001869,1,111.763380189847,1,4.85904462101708,440,1,10.5469999313354,35.2249984741211,0.0242970008403063,0.010663939639926,107.772201538086,-85.8639,27.5145,9.9336220710332,63,63,63,63,61,63,0,7593,1.05158142133981,28,-86,0.001869,51,2026-05-12 03:47:51.00039,440,1.037,0.0011,"aoml_navis",1029.00886696394
"7901009",110,0,1,0.026166,1,0.003738,1,111.577647457294,1,4.85898936717075,442,1,10.5069999694824,35.2190017700195,0.0261659994721413,0.0124412626028061,107.593101501465,-85.8639,27.5145,9.9336220710332,63,63,63,63,61,63,0,7593,1.05158142133981,28,-86,0.001869,51,2026-05-12 03:47:51.00039,442,1.037,0.0011,"aoml_navis",1029.02056830623
"7901009",110,0,1,0.024297,1,0.001869,1,111.452061273532,1,4.8589204112418,444,1,10.4469995498657,35.2120018005371,0.0242970008403063,0.010663939639926,107.47200012207,-85.8639,27.5145,9.9336220710332,63,63,63,63,61,63,0,7593,1.05158142133981,28,-86,0.001869,51,2026-05-12 03:47:51.00039,444,1.037,0.0011,"aoml_navis",1029.03517177021
"7901009",110,0,1,0.026166,1,0.003738,1,111.397516376483,1,4.85885896274385,446,1,10.3870000839233,35.2029991149902,0.0261659994721413,0.0124412626028061,107.419403076172,-85.8639,27.5145,9.9336220710332,63,63,63,63,61,63,0,7593,1.05158142133981,28,-86,0.001869,51,2026-05-12 03:47:51.00039,446,1.037,0.0011,"aoml_navis",1029.04818566218
"7901009",110,0,1,0.026166,1,0.003738,1,111.30158413443,1,4.85880204625792,448,1,10.3489999771118,35.1980018615723,0.0261659994721413,0.0124412626028061,107.32689666748,-85.8639,27.5145,9.9336220710332,63,63,63,63,61,63,0,7593,1.05158142133981,28,-86,0.001869,51,2026-05-12 03:47:51.00039,448,1.037,0.0011,"aoml_navis",1029.06024003403
"7901009",110,0,1,0.024297,1,0.001869,1,111.242687671762,1,4.85874933061751,450,1,10.3199996948242,35.1940002441406,0.0242970008403063,0.010663939639926,107.27010345459,-85.8639,27.5145,9.9336220710332,63,63,63,63,61,63,0,7593,1.05158142133981,28,-86,0.001869,51,2026-05-12 03:47:51.00039,450,1.037,0.0011,"aoml_navis",1029.07140495855
"7901009",110,0,1,0.026166,1,0.003738,1,111.180563138599,1,4.85869339725464,452,1,10.2829999923706,35.1889991760254,0.0261659994721413,0.0124412626028061,107.21019744873,-85.8639,27.5145,9.9336220710332,63,63,63,63,61,63,0,7593,1.05158142133981,28,-86,0.001869,51,2026-05-12 03:47:51.00039,452,1.037,0.0011,"aoml_navis",1029.08325164646
"7901009",110,0,1,0.026166,1,0.003738,1,111.109838329385,1,4.8586383829775,454,1,10.2469997406006,35.1839981079102,0.0261659994721413,0.0124412626028061,107.141998291016,-85.8639,27.5145,9.9336220710332,63,63,63,63,61,63,0,7593,1.05158142133981,28,-86,0.001869,51,2026-05-12 03:47:51.00039,454,1.037,0.0011,"aoml_navis",1029.09490393806
"7901009",110,0,1,0.029904,1,0.007476,1,110.976577566259,1,4.85857932359138,456,1,10.2019996643066,35.1780014038086,0.0299040004611015,0.0159959103912115,107.013496398926,-85.8639,27.5145,9.9336220710332,63,63,63,63,61,63,0,7593,1.05158142133981,28,-86,0.001869,51,2026-05-12 03:47:51.00039,456,1.037,0.0011,"aoml_navis",1029.10741329712
"7901009",110,0,1,0.029904,1,0.007476,1,110.941219117621,1,4.85851434971036,458,1,10.1499996185303,35.1720008850098,0.0299040004611015,0.0159959103912115,106.979400634766,-85.8639,27.5145,9.9336220710332,63,63,63,63,61,63,0,7593,1.05158142133981,28,-86,0.001869,51,2026-05-12 03:47:51.00039,458,1.037,0.0011,"aoml_navis",1029.12117575573
"7901009",110,0,1,0.031773,1,0.009345,1,110.883351206827,1,4.85846468028443,460,1,10.1199998855591,35.1669998168945,0.0317730009555817,0.0177732333540916,106.923599243164,-85.8639,27.5145,9.9336220710332,63,63,63,63,61,63,0,7593,1.05158142133981,28,-86,0.001869,51,2026-05-12 03:47:51.00039,460,1.037,0.0011,"aoml_navis",1029.13169674566
"7901009",110,0,1,0.029904,1,0.007476,1,110.911042988038,1,4.85839329561974,462,1,10.0559997558594,35.1599998474121,0.0299040004611015,0.0159959103912115,106.950302124023,-85.8639,27.5145,9.9336220710332,63,63,63,63,61,63,0,7593,1.05158142133981,28,-86,0.001869,51,2026-05-12 03:47:51.00039,462,1.037,0.0011,"aoml_navis",1029.14681783954
"7901009",110,0,1,0.028035,1,0.005607,1,110.905544191484,1,4.85833947525697,464,1,10.0209999084473,35.1549987792969,0.0280349999666214,0.0142185855656862,106.944999694824,-85.8639,27.5145,9.9336220710332,63,63,63,63,61,63,0,7593,1.05158142133981,28,-86,0.001869,51,2026-05-12 03:47:51.00039,464,1.037,0.0011,"aoml_navis",1029.15821865979
"7901009",110,0,1,0.028035,1,0.005607,1,110.916533872656,1,4.85828058077284,466,1,9.97999954223633,35.1500015258789,0.0280349999666214,0.0142185855656862,106.955596923828,-85.8639,27.5145,9.9336220710332,63,63,63,63,61,63,0,7593,1.05158142133981,28,-86,0.001869,51,2026-05-12 03:47:51.00039,466,1.037,0.0011,"aoml_navis",1029.17069462559
"7901009",110,0,1,0.026166,1,0.003738,1,110.950341581546,1,4.85823112065198,468,1,9.94999980926514,35.1450004577637,0.0261659994721413,0.0124412626028061,106.98819732666,-85.8639,27.5145,9.9336220710332,63,63,63,63,61,63,0,7593,1.05158142133981,28,-86,0.001869,51,2026-05-12 03:47:51.00039,468,1.037,0.0011,"aoml_navis",1029.18117228828
"7901009",110,0,1,0.029904,1,0.007476,1,110.954598203915,1,4.85817293242929,470,1,9.91399955749512,35.140998840332,0.0299040004611015,0.0159959103912115,106.992301940918,-85.8639,27.5145,9.9336220710332,63,63,63,63,61,63,0,7593,1.05158142133981,28,-86,0.001869,51,2026-05-12 03:47:51.00039,470,1.037,0.0011,"aoml_navis",1029.19349919061
"7901009",110,0,1,0.028035,1,0.005607,1,110.972431711015,1,4.85811676133236,472,1,9.87600040435791,35.1360015869141,0.0280349999666214,0.0142185855656862,107.009498596191,-85.8639,27.5145,9.9336220710332,63,63,63,63,61,63,0,7593,1.05158142133981,28,-86,0.001869,51,2026-05-12 03:47:51.00039,472,1.037,0.0011,"aoml_navis",1029.20539905441
"7901009",110,0,1,0.029904,1,0.007476,1,110.95086376942,1,4.85806264443912,474,1,9.83600044250488,35.1300010681152,0.0299040004611015,0.0159959103912115,106.988700866699,-85.8639,27.5145,9.9336220710332,63,63,63,63,61,63,0,7593,1.05158142133981,28,-86,0.001869,51,2026-05-12 03:47:51.00039,474,1.037,0.0011,"aoml_navis",1029.21686399482
"7901009",110,0,1,0.024297,1,0.001869,1,110.905029915547,1,4.85801192494138,476,1,9.8129997253418,35.1269989013672,0.0242970008403063,0.010663939639926,106.94450378418,-85.8639,27.5145,9.9336220710332,63,63,63,63,61,63,0,7593,1.05158142133981,28,-86,0.001869,51,2026-05-12 03:47:51.00039,476,1.037,0.0011,"aoml_navis",1029.22760941151
"7901009",110,0,1,0.029904,1,0.007476,1,110.843427570258,1,4.85795645290542,478,1,9.77999973297119,35.1230010986328,0.0299040004611015,0.0159959103912115,106.885101318359,-85.8639,27.5145,9.9336220710332,63,63,63,63,61,63,0,7593,1.05158142133981,28,-86,0.001869,51,2026-05-12 03:47:51.00039,478,1.037,0.0011,"aoml_navis",1029.23936195633
"7901009",110,0,1,0.028035,1,0.005607,1,110.908447872542,1,4.85787675670474,480,1,9.70499992370605,35.1160011291504,0.0280349999666214,0.0142185855656862,106.947799682617,-85.8639,27.5145,9.9336220710332,63,63,63,63,61,63,0,7593,1.05158142133981,28,-86,0.001869,51,2026-05-12 03:47:51.00039,480,1.037,0.0011,"aoml_navis",1029.25624720699
"7901009",110,0,1,0.026166,1,0.003738,1,110.952414509168,1,4.85782595820925,482,1,9.67300033569336,35.1110000610352,0.0261659994721413,0.0124412626028061,106.990196228027,-85.8639,27.5145,9.9336220710332,63,63,63,63,61,63,0,7593,1.05158142133981,28,-86,0.001869,51,2026-05-12 03:47:51.00039,482,1.037,0.0011,"aoml_navis",1029.26701018395
"7901009",110,0,1,0.031773,1,0.009345,1,110.957604740161,1,4.85778258765397,484,1,9.66300010681152,35.109001159668,0.0317730009555817,0.0177732333540916,106.99520111084,-85.8639,27.5145,9.9336220710332,63,63,63,63,61,63,0,7593,1.05158142133981,28,-86,0.001869,51,2026-05-12 03:47:51.00039,484,1.037,0.0011,"aoml_navis",1029.27619953752
"7901009",110,0,1,0.029904,1,0.007476,1,111.011010318211,1,4.85772616891601,486,1,9.63300037384033,35.1059989929199,0.0299040004611015,0.0159959103912115,107.046699523926,-85.8639,27.5145,9.9336220710332,63,63,63,63,61,63,0,7593,1.05158142133981,28,-86,0.001869,51,2026-05-12 03:47:51.00039,486,1.037,0.0011,"aoml_navis",1029.28815378569
"7901009",110,0,1,0.026166,1,0.003738,1,111.092313387847,1,4.85767377674895,488,1,9.59899997711182,35.101001739502,0.0261659994721413,0.0124412626028061,107.125099182129,-85.8639,27.5145,9.9336220710332,63,63,63,63,61,63,0,7593,1.05158142133981,28,-86,0.001869,51,2026-05-12 03:47:51.00039,488,1.037,0.0011,"aoml_navis",1029.29925511513
"7901009",110,0,1,0.029904,1,0.007476,1,111.150181298641,1,4.8576199357717,490,1,9.57199954986572,35.0979995727539,0.0299040004611015,0.0159959103912115,107.18090057373,-85.8639,27.5145,9.9336220710332,63,63,63,63,61,63,0,7593,1.05158142133981,28,-86,0.001869,51,2026-05-12 03:47:51.00039,490,1.037,0.0011,"aoml_navis",1029.31066368116
"7901009",110,0,1,0.028035,1,0.005607,1,111.277531844463,1,4.85756264884302,492,1,9.5319995880127,35.0929985046387,0.0280349999666214,0.0142185855656862,107.303703308105,-85.8639,27.5145,9.9336220710332,63,63,63,63,61,63,0,7593,1.05158142133981,28,-86,0.001869,51,2026-05-12 03:47:51.00039,492,1.037,0.0011,"aoml_navis",1029.32280270043
"7901009",110,0,1,0.026166,1,0.003738,1,111.328864494892,1,4.85750755490505,494,1,9.49899959564209,35.0890007019043,0.0261659994721413,0.0124412626028061,107.353202819824,-85.8639,27.5145,9.9336220710332,63,63,63,63,61,63,0,7593,1.05158142133981,28,-86,0.001869,51,2026-05-12 03:47:51.00039,494,1.037,0.0011,"aoml_navis",1029.33447729815
"7901009",110,0,1,0.026166,1,0.003738,1,111.329378770828,1,4.8574647230547,496,1,9.49400043487549,35.0880012512207,0.0261659994721413,0.0124412626028061,107.353698730469,-85.8639,27.5145,9.9336220710332,63,63,63,63,61,63,0,7593,1.05158142133981,28,-86,0.001869,51,2026-05-12 03:47:51.00039,496,1.037,0.0011,"aoml_navis",1029.34355369969
"7901009",110,0,1,0.031773,1,0.009345,1,111.397722086858,1,4.85742261009802,498,1,9.48099994659424,35.0849990844727,0.0317730009555817,0.0177732333540916,107.41960144043,-85.8639,27.5145,9.9336220710332,63,63,63,63,61,63,0,7593,1.05158142133981,28,-86,0.001869,51,2026-05-12 03:47:51.00039,498,1.037,0.0011,"aoml_navis",1029.35247791814
"7901009",110,0,1,0.026166,1,0.003738,1,111.540627501783,1,4.85737042431088,500,1,9.44699954986572,35.0800018310547,0.0261659994721413,0.0124412626028061,107.557403564453,-85.8639,27.5145,9.9336220710332,63,63,63,63,61,63,0,7593,1.05158142133981,28,-86,0.001869,51,2026-05-12 03:47:51.00039,500,1.037,0.0011,"aoml_navis",1029.36353689957
"7901009",110,0,1,0.026166,1,0.003738,1,111.79314489868,1,4.85730378881614,502,1,9.39099979400635,35.0740013122559,0.0261659994721413,0.0124412626028061,107.800903320312,-85.8639,27.5145,9.9336220710332,63,63,63,63,61,63,0,7593,1.05158142133981,28,-86,0.001869,51,2026-05-12 03:47:51.00039,502,1.037,0.0011,"aoml_navis",1029.37765834462
"7901009",110,0,1,0.026166,1,0.003738,1,111.914996647947,1,4.85724717621341,504,1,9.34700012207031,35.068000793457,0.0261659994721413,0.0124412626028061,107.918403625488,-85.8639,27.5145,9.9336220710332,63,63,63,63,61,63,0,7593,1.05158142133981,28,-86,0.001869,51,2026-05-12 03:47:51.00039,504,1.037,0.0011,"aoml_navis",1029.38965603514
"7901009",110,0,1,0.028035,1,0.005607,1,111.91634167732,1,4.8571935501641,506,1,9.31099987030029,35.0629997253418,0.0280349999666214,0.0142185855656862,107.919700622559,-85.8639,27.5145,9.9336220710332,63,63,63,63,61,63,0,7593,1.05158142133981,28,-86,0.001869,51,2026-05-12 03:47:51.00039,506,1.037,0.0011,"aoml_navis",1029.40102105486
"7901009",110,0,1,0.026166,1,0.003738,1,111.809111188533,1,4.85712766933297,508,1,9.26000022888184,35.0579986572266,0.0261659994721413,0.0124412626028061,107.816299438477,-85.8639,27.5145,9.9336220710332,63,63,63,63,61,63,0,7593,1.05158142133981,28,-86,0.001869,51,2026-05-12 03:47:51.00039,508,1.037,0.0011,"aoml_navis",1029.41498358569
"7901009",110,0,1,0.024297,1,0.001869,1,111.786609638314,1,4.85707296347754,510,1,9.23600006103516,35.0559997558594,0.0242970008403063,0.010663939639926,107.79460144043,-85.8639,27.5145,9.9336220710332,63,63,63,63,61,63,0,7593,1.05158142133981,28,-86,0.001869,51,2026-05-12 03:47:51.00039,510,1.037,0.0011,"aoml_navis",1029.42657802285
"7901009",110,0,1,0.028035,1,0.005607,1,111.790961203933,1,4.85701295689377,512,1,9.20100021362305,35.0530014038086,0.0280349999666214,0.0142185855656862,107.798797607422,-85.8639,27.5145,9.9336220710332,63,63,63,63,61,63,0,7593,1.05158142133981,28,-86,0.001869,51,2026-05-12 03:47:51.00039,512,1.037,0.0011,"aoml_navis",1029.43929620432
"7901009",110,0,1,0.026166,1,0.003738,1,111.720339249907,1,4.85695424095219,514,1,9.16300010681152,35.048999786377,0.0261659994721413,0.0124412626028061,107.730697631836,-85.8639,27.5145,9.9336220710332,63,63,63,63,61,63,0,7593,1.05158142133981,28,-86,0.001869,51,2026-05-12 03:47:51.00039,514,1.037,0.0011,"aoml_navis",1029.45174114298
"7901009",110,0,1,0.029904,1,0.007476,1,111.702505742807,1,4.85690085653282,516,1,9.13599967956543,35.0460014343262,0.0299040004611015,0.0159959103912115,107.713500976562,-85.8639,27.5145,9.9336220710332,63,63,63,63,61,63,0,7593,1.05158142133981,28,-86,0.001869,51,2026-05-12 03:47:51.00039,516,1.037,0.0011,"aoml_navis",1029.46305631804
"7901009",110,0,1,0.028035,1,0.005607,1,111.573707312424,1,4.85685116602376,518,1,9.11800003051758,35.0439987182617,0.0280349999666214,0.0142185855656862,107.589302062988,-85.8639,27.5145,9.9336220710332,63,63,63,63,61,63,0,7593,1.05158142133981,28,-86,0.001869,51,2026-05-12 03:47:51.00039,518,1.037,0.0011,"aoml_navis",1029.4735887683
"7901009",110,0,1,0.029904,1,0.007476,1,111.618504702487,1,4.85679740630678,520,1,9.09500026702881,35.0419998168945,0.0299040004611015,0.0159959103912115,107.632499694824,-85.8639,27.5145,9.9336220710332,63,63,63,63,61,63,0,7593,1.05158142133981,28,-86,0.001869,51,2026-05-12 03:47:51.00039,520,1.037,0.0011,"aoml_navis",1029.48498397468
"7901009",110,0,1,0.029904,1,0.007476,1,111.623584166354,1,4.85674610343069,522,1,9.07499980926514,35.0400009155273,0.0299040004611015,0.0159959103912115,107.637397766113,-85.8639,27.5145,9.9336220710332,63,63,63,63,61,63,0,7593,1.05158142133981,28,-86,0.001869,51,2026-05-12 03:47:51.00039,522,1.037,0.0011,"aoml_navis",1029.49585865074
"7901009",110,0,1,0.028035,1,0.005607,1,111.625870716289,1,4.85668920050038,524,1,9.03899955749512,35.0359992980957,0.0280349999666214,0.0142185855656862,107.639602661133,-85.8639,27.5145,9.9336220710332,63,63,63,63,61,63,0,7593,1.05158142133981,28,-86,0.001869,51,2026-05-12 03:47:51.00039,524,1.037,0.0011,"aoml_navis",1029.50792063961
"7901009",110,0,1,0.028035,1,0.005607,1,111.532327879357,1,4.85663713078606,526,1,9.01799964904785,35.0340003967285,0.0280349999666214,0.0142185855656862,107.54940032959,-85.8639,27.5145,9.9336220710332,63,63,63,63,61,63,0,7593,1.05158142133981,28,-86,0.001869,51,2026-05-12 03:47:51.00039,526,1.037,0.0011,"aoml_navis",1029.51895835601
"7901009",110,0,1,0.029904,1,0.007476,1,111.501320996338,1,4.85658391368389,528,1,8.99100017547607,35.0309982299805,0.0299040004611015,0.0159959103912115,107.519500732422,-85.8639,27.5145,9.9336220710332,63,63,63,63,61,63,0,7593,1.05158142133981,28,-86,0.001869,51,2026-05-12 03:47:51.00039,528,1.037,0.0011,"aoml_navis",1029.53023953978
"7901009",110,0,1,0.028035,1,0.005607,1,111.518537372314,1,4.85652550444839,530,1,8.95300006866455,35.0270004272461,0.0280349999666214,0.0142185855656862,107.536102294922,-85.8639,27.5145,9.9336220710332,63,63,63,63,61,63,0,7593,1.05158142133981,28,-86,0.001869,51,2026-05-12 03:47:51.00039,530,1.037,0.0011,"aoml_navis",1029.54262165826
"7901009",110,0,1,0.024297,1,0.001869,1,111.545184777777,1,4.85646624880169,532,1,8.92300033569336,35.0250015258789,0.0242970008403063,0.010663939639926,107.561798095703,-85.8639,27.5145,9.9336220710332,63,63,63,63,61,63,0,7593,1.05158142133981,28,-86,0.001869,51,2026-05-12 03:47:51.00039,532,1.037,0.0011,"aoml_navis",1029.555183511
"7901009",110,0,1,0.029904,1,0.007476,1,111.543942603591,1,4.85641680974391,534,1,8.89599990844727,35.0209999084473,0.0299040004611015,0.0159959103912115,107.560600280762,-85.8639,27.5145,9.9336220710332,63,63,63,63,61,63,0,7593,1.05158142133981,28,-86,0.001869,51,2026-05-12 03:47:51.00039,534,1.037,0.0011,"aoml_navis",1029.56566453851
"7901009",110,0,1,0.029904,1,0.007476,1,111.436917825178,1,4.85635615332471,536,1,8.85499954223633,35.0169982910156,0.0299040004611015,0.0159959103912115,107.457397460938,-85.8639,27.5145,9.9336220710332,63,63,63,63,61,63,0,7593,1.05158142133981,28,-86,0.001869,51,2026-05-12 03:47:51.00039,536,1.037,0.0011,"aoml_navis",1029.5785239262
"7901009",110,0,1,0.028035,1,0.005607,1,111.325857958646,1,4.85630008865507,538,1,8.83800029754639,35.0169982910156,0.0280349999666214,0.0142185855656862,107.350303649902,-85.8639,27.5145,9.9336220710332,63,63,63,63,61,63,0,7593,1.05158142133981,28,-86,0.001869,51,2026-05-12 03:47:51.00039,538,1.037,0.0011,"aoml_navis",1029.5904101315
"7901009",110,0,1,0.024297,1,0.001869,1,111.450716244159,1,4.85624818131001,540,1,8.81700038909912,35.0149993896484,0.0242970008403063,0.010663939639926,107.470703125,-85.8639,27.5145,9.9336220710332,63,63,63,63,61,63,0,7593,1.05158142133981,28,-86,0.001869,51,2026-05-12 03:47:51.00039,540,1.037,0.0011,"aoml_navis",1029.60141519193
"7901009",110,0,1,0.026166,1,0.003738,1,111.645160019887,1,4.85618796316945,542,1,8.7810001373291,35.0120010375977,0.0261659994721413,0.0124412626028061,107.658203125,-85.8639,27.5145,9.9336220710332,63,63,63,63,61,63,0,7593,1.05158142133981,28,-86,0.001869,51,2026-05-12 03:47:51.00039,542,1.037,0.0011,"aoml_navis",1029.61418254838
"7901009",110,0,1,0.031773,1,0.009345,1,111.753316205361,1,4.85614378907686,544,1,8.76500034332275,35.0089988708496,0.0317730009555817,0.0177732333540916,107.762496948242,-85.8639,27.5145,9.9336220710332,63,63,63,63,61,63,0,7593,1.05158142133981,28,-86,0.001869,51,2026-05-12 03:47:51.00039,544,1.037,0.0011,"aoml_navis",1029.62354847209
"7901009",110,0,1,0.029904,1,0.007476,1,111.818241564395,1,4.85609641546138,546,1,8.74499988555908,35.0060005187988,0.0299040004611015,0.0159959103912115,107.825103759766,-85.8639,27.5145,9.9336220710332,63,63,63,63,61,63,0,7593,1.05158142133981,28,-86,0.001869,51,2026-05-12 03:47:51.00039,546,1.037,0.0011,"aoml_navis",1029.6335929576
"7901009",110,0,1,0.029904,1,0.007476,1,111.921318286001,1,4.85603790906739,548,1,8.71100044250488,35.0029983520508,0.0299040004611015,0.0159959103912115,107.924499511719,-85.8639,27.5145,9.9336220710332,63,63,63,63,61,63,0,7593,1.05158142133981,28,-86,0.001869,51,2026-05-12 03:47:51.00039,548,1.037,0.0011,"aoml_navis",1029.64599816319
"7901009",110,0,1,0.033642,1,0.011214,1,111.938012474102,1,4.85598959352275,550,1,8.69900035858154,35.0019989013672,0.0336420014500618,0.0195505544543266,107.94059753418,-85.8639,27.5145,9.9336220710332,63,63,63,63,61,63,0,7593,1.05158142133981,28,-86,0.001869,51,2026-05-12 03:47:51.00039,550,1.037,0.0011,"aoml_navis",1029.65624281183
"7901009",110,0,1,0.031773,1,0.009345,1,111.92525843087,1,4.85594018400235,552,1,8.68099975585938,35,0.0317730009555817,0.0177732333540916,107.928298950195,-85.8639,27.5145,9.9336220710332,63,63,63,63,61,63,0,7593,1.05158142133981,28,-86,0.001869,51,2026-05-12 03:47:51.00039,552,1.037,0.0011,"aoml_navis",1029.66671963387
"7901009",110,0,1,0.031773,1,0.009345,1,111.859715940712,1,4.85588572099852,554,1,8.65200042724609,34.9970016479492,0.0317730009555817,0.0177732333540916,107.865097045898,-85.8639,27.5145,9.9336220710332,63,63,63,63,61,63,0,7593,1.05158142133981,28,-86,0.001869,51,2026-05-12 03:47:51.00039,554,1.037,0.0011,"aoml_navis",1029.67826824636
"7901009",110,0,1,0.029904,1,0.007476,1,111.914783025635,1,4.85582733841638,556,1,8.61800003051758,34.9939994812012,0.0299040004611015,0.0159959103912115,107.918197631836,-85.8639,27.5145,9.9336220710332,63,63,63,63,61,63,0,7593,1.05158142133981,28,-86,0.001869,51,2026-05-12 03:47:51.00039,556,1.037,0.0011,"aoml_navis",1029.69064827388
"7901009",110,0,1,0.029904,1,0.007476,1,112.008950905628,1,4.85577243874662,558,1,8.5930004119873,34.992000579834,0.0299040004611015,0.0159959103912115,108.009002685547,-85.8639,27.5145,9.9336220710332,63,63,63,63,61,63,0,7593,1.05158142133981,28,-86,0.001869,51,2026-05-12 03:47:51.00039,558,1.037,0.0011,"aoml_navis",1029.70229002136
"7901009",110,0,1,0.028035,1,0.005607,1,112.154237813737,1,4.85572310114918,560,1,8.57499980926514,34.9900016784668,0.0280349999666214,0.0142185855656862,108.149101257324,-85.8639,27.5145,9.9336220710332,63,63,63,63,61,63,0,7593,1.05158142133981,28,-86,0.001869,51,2026-05-12 03:47:51.00039,560,1.037,0.0011,"aoml_navis",1029.71275252839
"7901009",110,0,1,0.028035,1,0.005607,1,112.38093064667,1,4.85566297363788,562,1,8.53400039672852,34.9860000610352,0.0280349999666214,0.0142185855656862,108.367698669434,-85.8639,27.5145,9.9336220710332,63,63,63,63,61,63,0,7593,1.05158142133981,28,-86,0.001869,51,2026-05-12 03:47:51.00039,562,1.037,0.0011,"aoml_navis",1029.72550342677
"7901009",110,0,1,0.029904,1,0.007476,1,112.57464652415,1,4.85560685577056,564,1,8.4980001449585,34.9819984436035,0.0299040004611015,0.0159959103912115,108.554496765137,-85.8639,27.5145,9.9336220710332,63,63,63,63,61,63,0,7593,1.05158142133981,28,-86,0.001869,51,2026-05-12 03:47:51.00039,564,1.037,0.0011,"aoml_navis",1029.73740430773
"7901009",110,0,1,0.029904,1,0.007476,1,112.813064848441,1,4.85555103178668,566,1,8.46700000762939,34.9790000915527,0.0299040004611015,0.0159959103912115,108.784400939941,-85.8639,27.5145,9.9336220710332,63,63,63,63,61,63,0,7593,1.05158142133981,28,-86,0.001869,51,2026-05-12 03:47:51.00039,566,1.037,0.0011,"aoml_navis",1029.74924313794
"7901009",110,0,1,0.029904,1,0.007476,1,113.096383417983,1,4.85549446182798,568,1,8.4350004196167,34.976001739502,0.0299040004611015,0.0159959103912115,109.057601928711,-85.8639,27.5145,9.9336220710332,63,63,63,63,61,63,0,7593,1.05158142133981,28,-86,0.001869,51,2026-05-12 03:47:51.00039,568,1.037,0.0011,"aoml_navis",1029.76124044792
"7901009",110,0,1,0.031773,1,0.009345,1,113.524158142197,1,4.85544295324088,570,1,8.39999961853027,34.9710006713867,0.0317730009555817,0.0177732333540916,109.470100402832,-85.8639,27.5145,9.9336220710332,63,63,63,63,61,63,0,7593,1.05158142133981,28,-86,0.001869,51,2026-05-12 03:47:51.00039,570,1.037,0.0011,"aoml_navis",1029.77216458956
"7901009",110,0,1,0.028035,1,0.005607,1,114.024944225559,1,4.85538211456506,572,1,8.35299968719482,34.9659996032715,0.0280349999666214,0.0142185855656862,109.953002929688,-85.8639,27.5145,9.9336220710332,63,63,63,63,61,63,0,7593,1.05158142133981,28,-86,0.001869,51,2026-05-12 03:47:51.00039,572,1.037,0.0011,"aoml_navis",1029.78506779129
"7901009",110,0,1,0.029904,1,0.007476,1,114.375150314632,1,4.85533171568595,574,1,8.32400035858154,34.9620018005371,0.0299040004611015,0.0159959103912115,110.290702819824,-85.8639,27.5145,9.9336220710332,63,63,63,63,61,63,0,7593,1.05158142133981,28,-86,0.001869,51,2026-05-12 03:47:51.00039,574,1.037,0.0011,"aoml_navis",1029.79575707396
"7901009",110,0,1,0.031773,1,0.009345,1,114.729810824511,1,4.85528058483064,576,1,8.29399967193604,34.9580001831055,0.0317730009555817,0.0177732333540916,110.632698059082,-85.8639,27.5145,9.9336220710332,63,63,63,63,61,63,0,7593,1.05158142133981,28,-86,0.001869,51,2026-05-12 03:47:51.00039,576,1.037,0.0011,"aoml_navis",1029.8066018309
"7901009",110,0,1,0.033642,1,0.011214,1,115.107708694795,1,4.85522813093653,578,1,8.26700019836426,34.9550018310547,0.0336420014500618,0.0195505544543266,110.997100830078,-85.8639,27.5145,9.9336220710332,63,63,63,63,61,63,0,7593,1.05158142133981,28,-86,0.001869,51,2026-05-12 03:47:51.00039,578,1.037,0.0011,"aoml_navis",1029.81772743921
"7901009",110,0,1,0.028035,1,0.005607,1,115.544819505246,1,4.85517221082989,580,1,8.22599983215332,34.9500007629395,0.0280349999666214,0.0142185855656862,111.418601989746,-85.8639,27.5145,9.9336220710332,63,63,63,63,61,63,0,7593,1.05158142133981,28,-86,0.001869,51,2026-05-12 03:47:51.00039,580,1.037,0.0011,"aoml_navis",1029.82958850503
"7901009",110,0,1,0.028035,1,0.005607,1,115.98223888126,1,4.85511791157608,582,1,8.1870002746582,34.9449996948242,0.0280349999666214,0.0142185855656862,111.840400695801,-85.8639,27.5145,9.9336220710332,63,63,63,63,61,63,0,7593,1.05158142133981,28,-86,0.001869,51,2026-05-12 03:47:51.00039,582,1.037,0.0011,"aoml_navis",1029.8411060375
"7901009",110,0,1,0.031773,1,0.009345,1,116.285986073398,1,4.85505380392033,584,1,8.14000034332275,34.9410018920898,0.0317730009555817,0.0177732333540916,112.13330078125,-85.8639,27.5145,9.9336220710332,63,63,63,63,61,63,0,7593,1.05158142133981,28,-86,0.001869,51,2026-05-12 03:47:51.00039,584,1.037,0.0011,"aoml_navis",1029.85470438301
"7901009",110,0,1,0.029904,1,0.007476,1,116.487898718115,1,4.85500461691644,586,1,8.11699962615967,34.9379997253418,0.0299040004611015,0.0159959103912115,112.328002929688,-85.8639,27.5145,9.9336220710332,63,63,63,63,61,63,0,7593,1.05158142133981,28,-86,0.001869,51,2026-05-12 03:47:51.00039,586,1.037,0.0011,"aoml_navis",1029.86513804299
"7901009",110,0,1,0.028035,1,0.005607,1,116.645314626395,1,4.85495406716,588,1,8.09700012207031,34.9360008239746,0.0280349999666214,0.0142185855656862,112.479797363281,-85.8639,27.5145,9.9336220710332,63,63,63,63,61,63,0,7593,1.05158142133981,28,-86,0.001869,51,2026-05-12 03:47:51.00039,588,1.037,0.0011,"aoml_navis",1029.87586099344
"7901009",110,0,1,0.029904,1,0.007476,1,116.820160532963,1,4.85488861351991,590,1,8.04800033569336,34.931999206543,0.0299040004611015,0.0159959103912115,112.648399353027,-85.8639,27.5145,9.9336220710332,63,63,63,63,61,63,0,7593,1.05158142133981,28,-86,0.001869,51,2026-05-12 03:47:51.00039,590,1.037,0.0011,"aoml_navis",1029.88974578654
"7901009",110,0,1,0.029904,1,0.007476,1,116.867450183334,1,4.85483504824661,592,1,8.02400016784668,34.9300003051758,0.0299040004611015,0.0159959103912115,112.694000244141,-85.8639,27.5145,9.9336220710332,63,63,63,63,61,63,0,7593,1.05158142133981,28,-86,0.001869,51,2026-05-12 03:47:51.00039,592,1.037,0.0011,"aoml_navis",1029.90110895855
"7901009",110,0,1,0.035511,1,0.013083,1,116.874088298888,1,4.85478932069297,594,1,8.01500034332275,34.9290008544922,0.0355109982192516,0.0213278792798519,112.700401306152,-85.8639,27.5145,9.9336220710332,63,63,63,63,61,63,0,7593,1.05158142133981,28,-86,0.001869,51,2026-05-12 03:47:51.00039,594,1.037,0.0011,"aoml_navis",1029.91080965925
"7901009",110,0,1,0.029904,1,0.007476,1,116.965653151447,1,4.85472904049801,596,1,7.98699998855591,34.9280014038086,0.0299040004611015,0.0159959103912115,112.788696289062,-85.8639,27.5145,9.9336220710332,63,63,63,63,61,63,0,7593,1.05158142133981,28,-86,0.001869,51,2026-05-12 03:47:51.00039,596,1.037,0.0011,"aoml_navis",1029.92359785482
"7901009",110,0,1,0.029904,1,0.007476,1,117.014707163879,1,4.85467951214534,598,1,7.97300004959106,34.9269981384277,0.0299040004611015,0.0159959103912115,112.835998535156,-85.8639,27.5145,9.9336220710332,63,63,63,63,61,63,0,7593,1.05158142133981,28,-86,0.001869,51,2026-05-12 03:47:51.00039,598,1.037,0.0011,"aoml_navis",1029.93410532891
"7901009",110,0,1,0.033642,1,0.011214,1,117.010767019009,1,4.85462997676317,600,1,7.95900011062622,34.9259986877441,0.0336420014500618,0.0195505544543266,112.83219909668,-85.8639,27.5145,9.9336220710332,63,63,63,63,61,63,0,7593,1.05158142133981,28,-86,0.001869,51,2026-05-12 03:47:51.00039,600,1.037,0.0011,"aoml_navis",1029.94461450876
"7901009",110,0,1,0.028035,1,0.005607,1,117.036591582973,1,4.85458211682175,602,1,7.9520001411438,34.9259986877441,0.0280349999666214,0.0142185855656862,112.85710144043,-85.8639,27.5145,9.9336220710332,63,63,63,63,61,63,0,7593,1.05158142133981,28,-86,0.001869,51,2026-05-12 03:47:51.00039,602,1.037,0.0011,"aoml_navis",1029.95476843915
"7901009",110,0,1,0.029904,1,0.007476,1,117.074133726358,1,4.85453259190388,604,1,7.93800020217896,34.9249992370605,0.0299040004611015,0.0159959103912115,112.89330291748,-85.8639,27.5145,9.9336220710332,63,63,63,63,61,63,0,7593,1.05158142133981,28,-86,0.001869,51,2026-05-12 03:47:51.00039,604,1.037,0.0011,"aoml_navis",1029.96527582052
"7901009",110,0,1,0.029904,1,0.007476,1,117.161141302924,1,4.85447544214381,606,1,7.91400003433228,34.923999786377,0.0299040004611015,0.0159959103912115,112.977203369141,-85.8639,27.5145,9.9336220710332,63,63,63,63,61,63,0,7593,1.05158142133981,28,-86,0.001869,51,2026-05-12 03:47:51.00039,606,1.037,0.0011,"aoml_navis",1029.97740118177
"7901009",110,0,1,0.029904,1,0.007476,1,117.152216637436,1,4.85442669874415,608,1,7.90100002288818,34.9230003356934,0.0299040004611015,0.0159959103912115,112.968597412109,-85.8639,27.5145,9.9336220710332,63,63,63,63,61,63,0,7593,1.05158142133981,28,-86,0.001869,51,2026-05-12 03:47:51.00039,608,1.037,0.0011,"aoml_navis",1029.98774320632
"7901009",110,0,1,0.028035,1,0.005607,1,117.258102096851,1,4.85436501421786,610,1,7.87099981307983,34.9220008850098,0.0280349999666214,0.0142185855656862,113.070701599121,-85.8639,27.5145,9.9336220710332,63,63,63,63,61,63,0,7593,1.05158142133981,28,-86,0.001869,51,2026-05-12 03:47:51.00039,610,1.037,0.0011,"aoml_navis",1030.00083128392
"7901009",110,0,1,0.024297,1,0.001869,1,117.318660066391,1,4.85431553011433,612,1,7.85699987411499,34.9210014343262,0.0242970008403063,0.010663939639926,113.129096984863,-85.8639,27.5145,9.9336220710332,63,63,63,63,61,63,0,7593,1.05158142133981,28,-86,0.001869,51,2026-05-12 03:47:51.00039,612,1.037,0.0011,"aoml_navis",1030.01133094499
"7901009",110,0,1,0.029904,1,0.007476,1,117.507296480002,1,4.85426606707678,614,1,7.84299993515015,34.9199981689453,0.0299040004611015,0.0159959103912115,113.310997009277,-85.8639,27.5145,9.9336220710332,63,63,63,63,61,63,0,7593,1.05158142133981,28,-86,0.001869,51,2026-05-12 03:47:51.00039,614,1.037,0.0011,"aoml_navis",1030.02182635015
"7901009",110,0,1,0.029904,1,0.007476,1,117.802435484152,1,4.85420661294691,616,1,7.81099987030029,34.9179992675781,0.0299040004611015,0.0159959103912115,113.595596313477,-85.8639,27.5145,9.9336220710332,63,63,63,63,61,63,0,7593,1.05158142133981,28,-86,0.001869,51,2026-05-12 03:47:51.00039,616,1.037,0.0011,"aoml_navis",1030.03444201659
"7901009",110,0,1,0.029904,1,0.007476,1,118.091980748497,1,4.85414861062886,618,1,7.77600002288818,34.9150009155273,0.0299040004611015,0.0159959103912115,113.874801635742,-85.8639,27.5145,9.9336220710332,63,63,63,63,61,63,0,7593,1.05158142133981,28,-86,0.001869,51,2026-05-12 03:47:51.00039,618,1.037,0.0011,"aoml_navis",1030.04674991857
"7901009",110,0,1,0.026166,1,0.003738,1,118.237267656607,1,4.85409984405611,620,1,7.75799989700317,34.9129981994629,0.0261659994721413,0.0124412626028061,114.01490020752,-85.8639,27.5145,9.9336220710332,63,63,63,63,61,63,0,7593,1.05158142133981,28,-86,0.001869,51,2026-05-12 03:47:51.00039,620,1.037,0.0011,"aoml_navis",1030.05709825325
"7901009",110,0,1,0.033642,1,0.011214,1,118.344909566144,1,4.85405268534548,622,1,7.74700021743774,34.9119987487793,0.0336420014500618,0.0195505544543266,114.118698120117,-85.8639,27.5145,9.9336220710332,63,63,63,63,61,63,0,7593,1.05158142133981,28,-86,0.001869,51,2026-05-12 03:47:51.00039,622,1.037,0.0011,"aoml_navis",1030.06710559511
"7901009",110,0,1,0.031773,1,0.009345,1,118.513117357158,1,4.85400250785413,624,1,7.73199987411499,34.9109992980957,0.0317730009555817,0.0177732333540916,114.280899047852,-85.8639,27.5145,9.9336220710332,63,63,63,63,61,63,0,7593,1.05158142133981,28,-86,0.001869,51,2026-05-12 03:47:51.00039,624,1.037,0.0011,"aoml_navis",1030.07775375263
"7901009",110,0,1,0.028035,1,0.005607,1,118.636836323673,1,4.85395384880812,626,1,7.7189998626709,34.9099998474121,0.0280349999666214,0.0142185855656862,114.400199890137,-85.8639,27.5145,9.9336220710332,63,63,63,63,61,63,0,7593,1.05158142133981,28,-86,0.001869,51,2026-05-12 03:47:51.00039,626,1.037,0.0011,"aoml_navis",1030.08807989135
"7901009",110,0,1,0.033642,1,0.011214,1,118.815313809548,1,4.85390284239098,628,1,7.69799995422363,34.9080009460449,0.0336420014500618,0.0195505544543266,114.572303771973,-85.8639,27.5145,9.9336220710332,63,63,63,63,61,63,0,7593,1.05158142133981,28,-86,0.001869,51,2026-05-12 03:47:51.00039,628,1.037,0.0011,"aoml_navis",1030.09890439773
"7901009",110,0,1,0.029904,1,0.007476,1,119.019188614763,1,4.85384132418883,630,1,7.66300010681152,34.9059982299805,0.0299040004611015,0.0159959103912115,114.768898010254,-85.8639,27.5145,9.9336220710332,63,63,63,63,61,63,0,7593,1.05158142133981,28,-86,0.001869,51,2026-05-12 03:47:51.00039,630,1.037,0.0011,"aoml_navis",1030.11196000224
"7901009",110,0,1,0.028035,1,0.005607,1,119.108371974139,1,4.853785176986,632,1,7.6399998664856,34.9049987792969,0.0280349999666214,0.0142185855656862,114.85489654541,-85.8639,27.5145,9.9336220710332,63,63,63,63,61,63,0,7593,1.05158142133981,28,-86,0.001869,51,2026-05-12 03:47:51.00039,632,1.037,0.0011,"aoml_navis",1030.12387604364
"7901009",110,0,1,0.026166,1,0.003738,1,119.099558075776,1,4.85373881482374,634,1,7.63000011444092,34.9039993286133,0.0261659994721413,0.0124412626028061,114.846397399902,-85.8639,27.5145,9.9336220710332,63,63,63,63,61,63,0,7593,1.05158142133981,28,-86,0.001869,51,2026-05-12 03:47:51.00039,634,1.037,0.0011,"aoml_navis",1030.13371562754
"7901009",110,0,1,0.028035,1,0.005607,1,119.141871117467,1,4.85368952473677,636,1,7.62099981307983,34.9039993286133,0.0280349999666214,0.0142185855656862,114.887199401855,-85.8639,27.5145,9.9336220710332,63,63,63,63,61,63,0,7593,1.05158142133981,28,-86,0.001869,51,2026-05-12 03:47:51.00039,636,1.037,0.0011,"aoml_navis",1030.14417682004
"7901009",110,0,1,0.028035,1,0.005607,1,119.306035908425,1,4.85363191235461,638,1,7.59600019454956,34.9029998779297,0.0280349999666214,0.0142185855656862,115.045501708984,-85.8639,27.5145,9.9336220710332,63,63,63,63,61,63,0,7593,1.05158142133981,28,-86,0.001869,51,2026-05-12 03:47:51.00039,638,1.037,0.0011,"aoml_navis",1030.15640458289
"7901009",110,0,1,0.031773,1,0.009345,1,119.445824019979,1,4.85357732026454,640,1,7.57499980926514,34.9020004272461,0.0317730009555817,0.0177732333540916,115.180297851562,-85.8639,27.5145,9.9336220710332,63,63,63,63,61,63,0,7593,1.05158142133981,28,-86,0.001869,51,2026-05-12 03:47:51.00039,640,1.037,0.0011,"aoml_navis",1030.167991581
"7901009",110,0,1,0.026166,1,0.003738,1,119.606254376442,1,4.85352505141147,642,1,7.56199979782104,34.9020004272461,0.0261659994721413,0.0124412626028061,115.334999084473,-85.8639,27.5145,9.9336220710332,63,63,63,63,61,63,0,7593,1.05158142133981,28,-86,0.001869,51,2026-05-12 03:47:51.00039,642,1.037,0.0011,"aoml_navis",1030.17908572367
"7901009",110,0,1,0.028035,1,0.005607,1,119.82994067313,1,4.85347566475758,644,1,7.54300022125244,34.9000015258789,0.0280349999666214,0.0142185855656862,115.55069732666,-85.8639,27.5145,9.9336220710332,63,63,63,63,61,63,0,7593,1.05158142133981,28,-86,0.001869,51,2026-05-12 03:47:51.00039,644,1.037,0.0011,"aoml_navis",1030.18956833479
"7901009",110,0,1,0.029904,1,0.007476,1,120.146449820437,1,4.85342032819604,646,1,7.51599979400635,34.8979988098145,0.0299040004611015,0.0159959103912115,115.855903625488,-85.8639,27.5145,9.9336220710332,63,63,63,63,61,63,0,7593,1.05158142133981,28,-86,0.001869,51,2026-05-12 03:47:51.00039,646,1.037,0.0011,"aoml_navis",1030.20131410264
"7901009",110,0,1,0.029904,1,0.007476,1,120.543731937569,1,4.85335397841949,648.099975585938,1,7.48199987411499,34.8969993591309,0.0299040004611015,0.0159959103912115,116.238998413086,-85.8639,27.5145,9.9336220710332,63,63,63,63,61,63,0,7593,1.05158142133981,28,-86,0.001869,51,2026-05-12 03:47:51.00039,648.099975585938,1.037,0.0011,"aoml_navis",1030.21539789444
"7901009",110,0,1,0.028035,1,0.005607,1,120.859196709128,1,4.8533007825996,650,1,7.44999980926514,34.8940010070801,0.0280349999666214,0.0142185855656862,116.543197631836,-85.8639,27.5145,9.9336220710332,63,63,63,63,61,63,0,7593,1.05158142133981,28,-86,0.001869,51,2026-05-12 03:47:51.00039,650,1.037,0.0011,"aoml_navis",1030.22668982857
"7901009",110,0,1,0.026166,1,0.003738,1,121.201625363649,1,4.85323515189538,652,1,7.40899991989136,34.8919982910156,0.0261659994721413,0.0124412626028061,116.873397827148,-85.8639,27.5145,9.9336220710332,63,63,63,63,61,63,0,7593,1.05158142133981,28,-86,0.001869,51,2026-05-12 03:47:51.00039,652,1.037,0.0011,"aoml_navis",1030.24062167013
"7901009",110,0,1,0.024297,1,0.001869,1,121.45466494842,1,4.85318367625816,654,1,7.39200019836426,34.890998840332,0.0242970008403063,0.010663939639926,117.117401123047,-85.8639,27.5145,9.9336220710332,63,63,63,63,61,63,0,7593,1.05158142133981,28,-86,0.001869,51,2026-05-12 03:47:51.00039,654,1.037,0.0011,"aoml_navis",1030.25154899042
"7901009",110,0,1,0.029904,1,0.007476,1,121.654085332829,1,4.85312478748156,656,1,7.3600001335144,34.8889999389648,0.0299040004611015,0.0159959103912115,117.309700012207,-85.8639,27.5145,9.9336220710332,63,63,63,63,61,63,0,7593,1.05158142133981,28,-86,0.001869,51,2026-05-12 03:47:51.00039,656,1.037,0.0011,"aoml_navis",1030.2640502666
"7901009",110,0,1,0.029904,1,0.007476,1,121.793667734009,1,4.85307851962803,658,1,7.34999990463257,34.8880004882812,0.0299040004611015,0.0159959103912115,117.444297790527,-85.8639,27.5145,9.9336220710332,63,63,63,63,61,63,0,7593,1.05158142133981,28,-86,0.001869,51,2026-05-12 03:47:51.00039,658,1.037,0.0011,"aoml_navis",1030.27387250747
"7901009",110,0,1,0.031773,1,0.009345,1,121.986457914802,1,4.85301157727253,660,1,7.31699991226196,34.8880004882812,0.0317730009555817,0.0177732333540916,117.63020324707,-85.8639,27.5145,9.9336220710332,63,63,63,63,61,63,0,7593,1.05158142133981,28,-86,0.001869,51,2026-05-12 03:47:51.00039,660,1.037,0.0011,"aoml_navis",1030.28808408697
"7901009",110,0,1,0.026166,1,0.003738,1,122.189715588892,1,4.85296089713685,662,1,7.30100011825562,34.8870010375977,0.0261659994721413,0.0124412626028061,117.826202392578,-85.8639,27.5145,9.9336220710332,63,63,63,63,61,63,0,7593,1.05158142133981,28,-86,0.001869,51,2026-05-12 03:47:51.00039,662,1.037,0.0011,"aoml_navis",1030.29884352662
"7901009",110,0,1,0.029904,1,0.007476,1,122.430515406368,1,4.85290212079293,664,1,7.27400016784668,34.8860015869141,0.0299040004611015,0.0159959103912115,118.058403015137,-85.8639,27.5145,9.9336220710332,63,63,63,63,61,63,0,7593,1.05158142133981,28,-86,0.001869,51,2026-05-12 03:47:51.00039,664,1.037,0.0011,"aoml_navis",1030.31132208021
"7901009",110,0,1,0.031773,1,0.009345,1,122.552984286759,1,4.8528500078267,666,1,7.25600004196167,34.8849983215332,0.0317730009555817,0.0177732333540916,118.176498413086,-85.8639,27.5145,9.9336220710332,63,63,63,63,61,63,0,7593,1.05158142133981,28,-86,0.001869,51,2026-05-12 03:47:51.00039,666,1.037,0.0011,"aoml_navis",1030.32238621346
"7901009",110,0,1,0.031773,1,0.009345,1,122.716840512155,1,4.85280524159929,668,1,7.25299978256226,34.8849983215332,0.0317730009555817,0.0177732333540916,118.334503173828,-85.8639,27.5145,9.9336220710332,63,63,63,63,61,63,0,7593,1.05158142133981,28,-86,0.001869,51,2026-05-12 03:47:51.00039,668,1.037,0.0011,"aoml_navis",1030.33189074619
"7901009",110,0,1,0.035511,1,0.013083,1,122.944261243337,1,4.85275974171963,670,1,7.24900007247925,34.8849983215332,0.0355109982192516,0.0213278792798519,118.553802490234,-85.8639,27.5145,9.9336220710332,63,63,63,63,61,63,0,7593,1.05158142133981,28,-86,0.001869,51,2026-05-12 03:47:51.00039,670,1.037,0.0011,"aoml_navis",1030.34155122384
"7901009",110,0,1,0.031773,1,0.009345,1,123.38064415554,1,4.85270176035888,672,1,7.21799993515015,34.882999420166,0.0317730009555817,0.0177732333540916,118.974601745605,-85.8639,27.5145,9.9336220710332,63,63,63,63,61,63,0,7593,1.05158142133981,28,-86,0.001869,51,2026-05-12 03:47:51.00039,672,1.037,0.0011,"aoml_navis",1030.35386201649
"7901009",110,0,1,0.029904,1,0.007476,1,123.67184301482,1,4.8526394201039,674,1,7.18100023269653,34.8810005187988,0.0299040004611015,0.0159959103912115,119.255401611328,-85.8639,27.5145,9.9336220710332,63,63,63,63,61,63,0,7593,1.05158142133981,28,-86,0.001869,51,2026-05-12 03:47:51.00039,674,1.037,0.0011,"aoml_navis",1030.36709863206
"7901009",110,0,1,0.029904,1,0.007476,1,123.856744993936,1,4.85258147378011,676,1,7.15999984741211,34.8810005187988,0.0299040004611015,0.0159959103912115,119.433700561523,-85.8639,27.5145,9.9336220710332,63,63,63,63,61,63,0,7593,1.05158142133981,28,-86,0.001869,51,2026-05-12 03:47:51.00039,676,1.037,0.0011,"aoml_navis",1030.37940259559
"7901009",110,0,1,0.031773,1,0.009345,1,124.023599843641,1,4.85253673810839,678,1,7.15199995040894,34.8800010681152,0.0317730009555817,0.0177732333540916,119.594596862793,-85.8639,27.5145,9.9336220710332,63,63,63,63,61,63,0,7593,1.05158142133981,28,-86,0.001869,51,2026-05-12 03:47:51.00039,678,1.037,0.0011,"aoml_navis",1030.38890169208
"7901009",110,0,1,0.029904,1,0.007476,1,124.266891921425,1,4.85247884408659,680,1,7.12599992752075,34.8790016174316,0.0299040004611015,0.0159959103912115,119.829200744629,-85.8639,27.5145,9.9336220710332,63,63,63,63,61,63,0,7593,1.05158142133981,28,-86,0.001869,51,2026-05-12 03:47:51.00039,680,1.037,0.0011,"aoml_navis",1030.40119507026
"7901009",110,0,1,0.033642,1,0.011214,1,124.42659437964,1,4.85241875152169,682,1,7.10200023651123,34.8790016174316,0.0336420014500618,0.0195505544543266,119.983200073242,-85.8639,27.5145,9.9336220710332,63,63,63,63,61,63,0,7593,1.05158142133981,28,-86,0.001869,51,2026-05-12 03:47:51.00039,682,1.037,0.0011,"aoml_navis",1030.41395560349
"7901009",110,0,1,0.029904,1,0.007476,1,124.500642202599,1,4.85237331538165,684,1,7.09299993515015,34.8779983520508,0.0299040004611015,0.0159959103912115,120.05460357666,-85.8639,27.5145,9.9336220710332,63,63,63,63,61,63,0,7593,1.05158142133981,28,-86,0.001869,51,2026-05-12 03:47:51.00039,684,1.037,0.0011,"aoml_navis",1030.4236040847
"7901009",110,0,1,0.031773,1,0.009345,1,124.573851360184,1,4.85232345508224,686,1,7.08300018310547,34.8779983520508,0.0317730009555817,0.0177732333540916,120.125198364258,-85.8639,27.5145,9.9336220710332,63,63,63,63,61,63,0,7593,1.05158142133981,28,-86,0.001869,51,2026-05-12 03:47:51.00039,686,1.037,0.0011,"aoml_navis",1030.43419225548
"7901009",110,0,1,0.029904,1,0.007476,1,124.639188139967,1,4.85227578509791,688,1,7.07600021362305,34.8779983520508,0.0299040004611015,0.0159959103912115,120.188201904297,-85.8639,27.5145,9.9336220710332,63,63,63,63,61,63,0,7593,1.05158142133981,28,-86,0.001869,51,2026-05-12 03:47:51.00039,688,1.037,0.0011,"aoml_navis",1030.44431550156
"7901009",110,0,1,0.028035,1,0.005607,1,124.745793585693,1,4.85222811710032,690,1,7.06899976730347,34.8779983520508,0.0280349999666214,0.0142185855656862,120.291000366211,-85.8639,27.5145,9.9336220710332,63,63,63,63,61,63,0,7593,1.05158142133981,28,-86,0.001869,51,2026-05-12 03:47:51.00039,690,1.037,0.0011,"aoml_navis",1030.45443852462
"7901009",110,0,1,0.031773,1,0.009345,1,124.871482624642,1,4.85218486499869,692,1,7.06300020217896,34.8769989013672,0.0317730009555817,0.0177732333540916,120.412200927734,-85.8639,27.5145,9.9336220710332,63,63,63,63,61,63,0,7593,1.05158142133981,28,-86,0.001869,51,2026-05-12 03:47:51.00039,692,1.037,0.0011,"aoml_navis",1030.46362393724
"7901009",110,0,1,0.026166,1,0.003738,1,125.081172703912,1,4.85213210279116,694,1,7.04899978637695,34.8769989013672,0.0261659994721413,0.0124412626028061,120.614402770996,-85.8639,27.5145,9.9336220710332,63,63,63,63,61,63,0,7593,1.05158142133981,28,-86,0.001869,51,2026-05-12 03:47:51.00039,694,1.037,0.0011,"aoml_navis",1030.47482922482
"7901009",110,0,1,0.028035,1,0.005607,1,125.314709362773,1,4.85208157693673,696,1,7.03299999237061,34.8759994506836,0.0280349999666214,0.0142185855656862,120.839599609375,-85.8639,27.5145,9.9336220710332,63,63,63,63,61,63,0,7593,1.05158142133981,28,-86,0.001869,51,2026-05-12 03:47:51.00039,696,1.037,0.0011,"aoml_navis",1030.48555979899
"7901009",110,0,1,0.028035,1,0.005607,1,125.632144206766,1,4.85202742589999,698,1,7.01200008392334,34.875,0.0280349999666214,0.0142185855656862,121.145698547363,-85.8639,27.5145,9.9336220710332,63,63,63,63,61,63,0,7593,1.05158142133981,28,-86,0.001869,51,2026-05-12 03:47:51.00039,698,1.037,0.0011,"aoml_navis",1030.49706052982
"7901009",110,0,1,0.028035,1,0.005607,1,126.002264642499,1,4.85197256528078,700,1,6.98999977111816,34.8740005493164,0.0280349999666214,0.0142185855656862,121.502601623535,-85.8639,27.5145,9.9336220710332,63,63,63,63,61,63,0,7593,1.05158142133981,28,-86,0.001869,51,2026-05-12 03:47:51.00039,700,1.037,0.0011,"aoml_navis",1030.5087122253
"7901009",110,0,1,0.031773,1,0.009345,1,126.385447687025,1,4.85190975203529,702,1,6.95699977874756,34.8730010986328,0.0317730009555817,0.0177732333540916,121.872100830078,-85.8639,27.5145,9.9336220710332,63,63,63,63,61,63,0,7593,1.05158142133981,28,-86,0.001869,51,2026-05-12 03:47:51.00039,702,1.037,0.0011,"aoml_navis",1030.52205328069
"7901009",110,0,1,0.029904,1,0.007476,1,126.657768663457,1,4.85184980694403,704,1,6.93300008773804,34.8730010986328,0.0299040004611015,0.0159959103912115,122.134696960449,-85.8639,27.5145,9.9336220710332,63,63,63,63,61,63,0,7593,1.05158142133981,28,-86,0.001869,51,2026-05-12 03:47:51.00039,704,1.037,0.0011,"aoml_navis",1030.53478548407
"7901009",110,0,1,0.031773,1,0.009345,1,126.867664453101,1,4.85179284600629,706,1,6.90799999237061,34.8720016479492,0.0317730009555817,0.0177732333540916,122.337097167969,-85.8639,27.5145,9.9336220710332,63,63,63,63,61,63,0,7593,1.05158142133981,28,-86,0.001869,51,2026-05-12 03:47:51.00039,706,1.037,0.0011,"aoml_navis",1030.54688415143
"7901009",110,0,1,0.033642,1,0.011214,1,127.034321504368,1,4.85174304902899,708,1,6.89799976348877,34.8720016479492,0.0336420014500618,0.0195505544543266,122.497802734375,-85.8639,27.5145,9.9336220710332,63,63,63,63,61,63,0,7593,1.05158142133981,28,-86,0.001869,51,2026-05-12 03:47:51.00039,708,1.037,0.0011,"aoml_navis",1030.55746140569
"7901009",110,0,1,0.026166,1,0.003738,1,127.262359366674,1,4.85169839837347,710,1,6.8899998664856,34.8709983825684,0.0261659994721413,0.0124412626028061,122.717697143555,-85.8639,27.5145,9.9336220710332,63,63,63,63,61,63,0,7593,1.05158142133981,28,-86,0.001869,51,2026-05-12 03:47:51.00039,710,1.037,0.0011,"aoml_navis",1030.56694572693
"7901009",110,0,1,0.029904,1,0.007476,1,127.572127543241,1,4.8516313066226,712,1,6.85599994659424,34.8709983825684,0.0299040004611015,0.0159959103912115,123.016403198242,-85.8639,27.5145,9.9336220710332,63,63,63,63,61,63,0,7593,1.05158142133981,28,-86,0.001869,51,2026-05-12 03:47:51.00039,712,1.037,0.0011,"aoml_navis",1030.58119712742
"7901009",110,0,1,0.031773,1,0.009345,1,127.752464334426,1,4.85157504952911,714,1,6.83699989318848,34.8709983825684,0.0317730009555817,0.0177732333540916,123.190299987793,-85.8639,27.5145,9.9336220710332,63,63,63,63,61,63,0,7593,1.05158142133981,28,-86,0.001869,51,2026-05-12 03:47:51.00039,714,1.037,0.0011,"aoml_navis",1030.59314737083
"7901009",110,0,1,0.031773,1,0.009345,1,127.892774633855,1,4.85152311944954,716,1,6.82399988174438,34.8709983825684,0.0317730009555817,0.0177732333540916,123.32559967041,-85.8639,27.5145,9.9336220710332,63,63,63,63,61,63,0,7593,1.05158142133981,28,-86,0.001869,51,2026-05-12 03:47:51.00039,716,1.037,0.0011,"aoml_navis",1030.60417870735
"7901009",110,0,1,0.048594,1,0.026166,1,128.011414136502,1,4.85147694610653,718,1,6.81899976730347,34.8709983825684,0.0485940016806126,0.033769141882658,123.440002441406,-85.8639,27.5145,9.9336220710332,63,63,63,63,61,63,0,7593,1.05158142133981,28,-86,0.001869,51,2026-05-12 03:47:51.00039,718,1.037,0.0011,"aoml_navis",1030.61398735753
"7901009",110,0,1,0.031773,1,0.009345,1,128.196830391555,1,4.8514286180519,720,1,6.81099987030029,34.8709983825684,0.0317730009555817,0.0177732333540916,123.618797302246,-85.8639,27.5145,9.9336220710332,63,63,63,63,61,63,0,7593,1.05158142133981,28,-86,0.001869,51,2026-05-12 03:47:51.00039,720,1.037,0.0011,"aoml_navis",1030.62425393528
"7901009",110,0,1,0.029904,1,0.007476,1,128.393038529343,1,4.85137382707233,722,1,6.79400014877319,34.8709983825684,0.0299040004611015,0.0159959103912115,123.807998657227,-85.8639,27.5145,9.9336220710332,63,63,63,63,61,63,0,7593,1.05158142133981,28,-86,0.001869,51,2026-05-12 03:47:51.00039,722,1.037,0.0011,"aoml_navis",1030.63589371289
"7901009",110,0,1,0.035511,1,0.013083,1,128.601692144802,1,4.85132416619021,724,1,6.77899980545044,34.8699989318848,0.0355109982192516,0.0213278792798519,124.009201049805,-85.8639,27.5145,9.9336220710332,63,63,63,63,61,63,0,7593,1.05158142133981,28,-86,0.001869,51,2026-05-12 03:47:51.00039,724,1.037,0.0011,"aoml_navis",1030.64644388143
"7901009",110,0,1,0.029904,1,0.007476,1,128.77622157387,1,4.851275849431,726,1,6.77099990844727,34.8699989318848,0.0299040004611015,0.0159959103912115,124.17749786377,-85.8639,27.5145,9.9336220710332,63,63,63,63,61,63,0,7593,1.05158142133981,28,-86,0.001869,51,2026-05-12 03:47:51.00039,726,1.037,0.0011,"aoml_navis",1030.65670870611
"7901009",110,0,1,0.033642,1,0.011214,1,129.024901681085,1,4.85123040474337,728,1,6.76700019836426,34.8699989318848,0.0336420014500618,0.0195505544543266,124.417297363281,-85.8639,27.5145,9.9336220710332,63,63,63,63,61,63,0,7593,1.05158142133981,28,-86,0.001869,51,2026-05-12 03:47:51.00039,728,1.037,0.0011,"aoml_navis",1030.66636354999
"7901009",110,0,1,0.033642,1,0.011214,1,129.390045508137,1,4.85117359193404,730,1,6.74200010299683,34.8689994812012,0.0336420014500618,0.0195505544543266,124.769401550293,-85.8639,27.5145,9.9336220710332,63,63,63,63,61,63,0,7593,1.05158142133981,28,-86,0.001869,51,2026-05-12 03:47:51.00039,730,1.037,0.0011,"aoml_navis",1030.67843383576
"7901009",110,0,1,0.029904,1,0.007476,1,129.779969523404,1,4.85111526430379,732,1,6.71999979019165,34.8689994812012,0.0299040004611015,0.0159959103912115,125.145401000977,-85.8639,27.5145,9.9336220710332,63,63,63,63,61,63,0,7593,1.05158142133981,28,-86,0.001869,51,2026-05-12 03:47:51.00039,732,1.037,0.0011,"aoml_navis",1030.69082625015
"7901009",110,0,1,0.028035,1,0.005607,1,130.038088572043,1,4.85106349900682,734,1,6.7020001411438,34.8680000305176,0.0280349999666214,0.0142185855656862,125.394302368164,-85.8639,27.5145,9.9336220710332,63,63,63,63,61,63,0,7593,1.05158142133981,28,-86,0.001869,51,2026-05-12 03:47:51.00039,734,1.037,0.0011,"aoml_navis",1030.70182466663
"7901009",110,0,1,0.031773,1,0.009345,1,130.351266793668,1,4.85101448836326,736,1,6.69299983978271,34.8680000305176,0.0317730009555817,0.0177732333540916,125.696296691895,-85.8639,27.5145,9.9336220710332,63,63,63,63,61,63,0,7593,1.05158142133981,28,-86,0.001869,51,2026-05-12 03:47:51.00039,736,1.037,0.0011,"aoml_navis",1030.71223802653
"7901009",110,0,1,0.031773,1,0.009345,1,130.841996804481,1,4.85096202627938,738,1,6.67399978637695,34.867000579834,0.0317730009555817,0.0177732333540916,126.169502258301,-85.8639,27.5145,9.9336220710332,63,63,63,63,61,63,0,7593,1.05158142133981,28,-86,0.001869,51,2026-05-12 03:47:51.00039,738,1.037,0.0011,"aoml_navis",1030.72338495194
"7901009",110,0,1,0.026166,1,0.003738,1,131.296941122033,1,4.85089662820985,740,1,6.64200019836426,34.867000579834,0.0261659994721413,0.0124412626028061,126.608200073242,-85.8639,27.5145,9.9336220710332,63,63,63,63,61,63,0,7593,1.05158142133981,28,-86,0.001869,51,2026-05-12 03:47:51.00039,740,1.037,0.0011,"aoml_navis",1030.7372807994
"7901009",110,0,1,0.029904,1,0.007476,1,131.472301304538,1,4.85083980577791,742,1,6.62200021743774,34.867000579834,0.0299040004611015,0.0159959103912115,126.777297973633,-85.8639,27.5145,9.9336220710332,63,63,63,63,61,63,0,7593,1.05158142133981,28,-86,0.001869,51,2026-05-12 03:47:51.00039,742,1.037,0.0011,"aoml_navis",1030.74935479098
"7901009",110,0,1,0.026166,1,0.003738,1,131.740167860163,1,4.85079081888776,744,1,6.61299991607666,34.867000579834,0.0261659994721413,0.0124412626028061,127.035598754883,-85.8639,27.5145,9.9336220710332,63,63,63,63,61,63,0,7593,1.05158142133981,28,-86,0.001869,51,2026-05-12 03:47:51.00039,744,1.037,0.0011,"aoml_navis",1030.75976406388
"7901009",110,0,1,0.031773,1,0.009345,1,132.058330602406,1,4.85073983433773,746,1,6.59600019454956,34.8660011291504,0.0317730009555817,0.0177732333540916,127.342399597168,-85.8639,27.5145,9.9336220710332,63,63,63,63,61,63,0,7593,1.05158142133981,28,-86,0.001869,51,2026-05-12 03:47:51.00039,746,1.037,0.0011,"aoml_navis",1030.77059804479
"7901009",110,0,1,0.033642,1,0.011214,1,132.243335436709,1,4.85067878704974,748,1,6.57000017166138,34.8660011291504,0.0336420014500618,0.0195505544543266,127.520797729492,-85.8639,27.5145,9.9336220710332,63,63,63,63,61,63,0,7593,1.05158142133981,28,-86,0.001869,51,2026-05-12 03:47:51.00039,748,1.037,0.0011,"aoml_navis",1030.78357061055
"7901009",110,0,1,0.029904,1,0.007476,1,132.304209883749,1,4.85062754932883,750,1,6.56300020217896,34.867000579834,0.0299040004611015,0.0159959103912115,127.579498291016,-85.8639,27.5145,9.9336220710332,63,63,63,63,61,63,0,7593,1.05158142133981,28,-86,0.001869,51,2026-05-12 03:47:51.00039,750,1.037,0.0011,"aoml_navis",1030.79445889261
"7901009",110,0,1,0.026166,1,0.003738,1,132.392878967188,1,4.85058723109756,752,1,6.56099987030029,34.8660011291504,0.0261659994721413,0.0124412626028061,127.665000915527,-85.8639,27.5145,9.9336220710332,63,63,63,63,61,63,0,7593,1.05158142133981,28,-86,0.001869,51,2026-05-12 03:47:51.00039,752,1.037,0.0011,"aoml_navis",1030.80302688807
"7901009",110,0,1,0.031773,1,0.009345,1,132.545009701225,1,4.8505331607738,754,1,6.55000019073486,34.867000579834,0.0317730009555817,0.0177732333540916,127.811698913574,-85.8639,27.5145,9.9336220710332,63,63,63,63,61,63,0,7593,1.05158142133981,28,-86,0.001869,51,2026-05-12 03:47:51.00039,754,1.037,0.0011,"aoml_navis",1030.81451755344
"7901009",110,0,1,0.029904,1,0.007476,1,132.650784393515,1,4.85048703316363,756,1,6.54500007629395,34.867000579834,0.0299040004611015,0.0159959103912115,127.913696289062,-85.8639,27.5145,9.9336220710332,63,63,63,63,61,63,0,7593,1.05158142133981,28,-86,0.001869,51,2026-05-12 03:47:51.00039,756,1.037,0.0011,"aoml_navis",1030.82432048867
"7901009",110,0,1,0.031773,1,0.009345,1,132.884851152187,1,4.85044246599434,758,1,6.53700017929077,34.8660011291504,0.0317730009555817,0.0177732333540916,128.139404296875,-85.8639,27.5145,9.9336220710332,63,63,63,63,61,63,0,7593,1.05158142133981,28,-86,0.001869,51,2026-05-12 03:47:51.00039,758,1.037,0.0011,"aoml_navis",1030.83379197964
"7901009",110,0,1,0.031773,1,0.009345,1,133.065496508935,1,4.85038557166075,760,1,6.52199983596802,34.867000579834,0.0317730009555817,0.0177732333540916,128.313598632812,-85.8639,27.5145,9.9336220710332,63,63,63,63,61,63,0,7593,1.05158142133981,28,-86,0.001869,51,2026-05-12 03:47:51.00039,760,1.037,0.0011,"aoml_navis",1030.84588351355
"7901009",110,0,1,0.031773,1,0.009345,1,133.21193064798,1,4.85033874225717,762,1,6.51599979400635,34.867000579834,0.0317730009555817,0.0177732333540916,128.454803466797,-85.8639,27.5145,9.9336220710332,63,63,63,63,61,63,0,7593,1.05158142133981,28,-86,0.001869,51,2026-05-12 03:47:51.00039,762,1.037,0.0011,"aoml_navis",1030.85583619943
"7901009",110,0,1,0.031773,1,0.009345,1,133.438101293039,1,4.85029191522557,764,1,6.51000022888184,34.867000579834,0.0317730009555817,0.0177732333540916,128.672897338867,-85.8639,27.5145,9.9336220710332,63,63,63,63,61,63,0,7593,1.05158142133981,28,-86,0.001869,51,2026-05-12 03:47:51.00039,764,1.037,0.0011,"aoml_navis",1030.86578857336
"7901009",110,0,1,0.029904,1,0.007476,1,133.683466298446,1,4.85024099023948,766,1,6.49300003051758,34.8660011291504,0.0299040004611015,0.0159959103912115,128.90950012207,-85.8639,27.5145,9.9336220710332,63,63,63,63,61,63,0,7593,1.05158142133981,28,-86,0.001869,51,2026-05-12 03:47:51.00039,766,1.037,0.0011,"aoml_navis",1030.87661212337
"7901009",110,0,1,0.031773,1,0.009345,1,133.872925553556,1,4.85019204650972,768,1,6.48400020599365,34.8660011291504,0.0317730009555817,0.0177732333540916,129.092193603516,-85.8639,27.5145,9.9336220710332,63,63,63,63,61,63,0,7593,1.05158142133981,28,-86,0.001869,51,2026-05-12 03:47:51.00039,768,1.037,0.0011,"aoml_navis",1030.88701479317
"7901009",110,0,1,0.031773,1,0.009345,1,134.122958602081,1,4.8501445196896,770,1,6.47700023651123,34.8660011291504,0.0317730009555817,0.0177732333540916,129.333297729492,-85.8639,27.5145,9.9336220710332,63,63,63,63,61,63,0,7593,1.05158142133981,28,-86,0.001869,51,2026-05-12 03:47:51.00039,770,1.037,0.0011,"aoml_navis",1030.89711650901
"7901009",110,0,1,0.031773,1,0.009345,1,134.375270288603,1,4.85008851659317,772,1,6.45800018310547,34.8660011291504,0.0317730009555817,0.0177732333540916,129.576599121094,-85.8639,27.5145,9.9336220710332,63,63,63,63,61,63,0,7593,1.05158142133981,28,-86,0.001869,51,2026-05-12 03:47:51.00039,772,1.037,0.0011,"aoml_navis",1030.90902009189
"7901009",110,0,1,0.028035,1,0.005607,1,134.543683789993,1,4.85003817214475,774,1,6.44700002670288,34.8660011291504,0.0280349999666214,0.0142185855656862,129.738998413086,-85.8639,27.5145,9.9336220710332,63,63,63,63,61,63,0,7593,1.05158142133981,28,-86,0.001869,51,2026-05-12 03:47:51.00039,774,1.037,0.0011,"aoml_navis",1030.91972115117
"7901009",110,0,1,0.028035,1,0.005607,1,134.656508018585,1,4.8499906547016,776,1,6.44000005722046,34.8660011291504,0.0280349999666214,0.0142185855656862,129.847793579102,-85.8639,27.5145,9.9336220710332,63,63,63,63,61,63,0,7593,1.05158142133981,28,-86,0.001869,51,2026-05-12 03:47:51.00039,776,1.037,0.0011,"aoml_navis",1030.92982151481
"7901009",110,0,1,0.029904,1,0.007476,1,134.851996170062,1,4.84994313955003,778,1,6.43300008773804,34.8660011291504,0.0299040004611015,0.0159959103912115,130.03630065918,-85.8639,27.5145,9.9336220710332,63,63,63,63,61,63,0,7593,1.05158142133981,28,-86,0.001869,51,2026-05-12 03:47:51.00039,778,1.037,0.0011,"aoml_navis",1030.93992158924
"7901009",110,0,1,0.028035,1,0.005607,1,135.138218420662,1,4.84989280526716,780,1,6.42199993133545,34.8660011291504,0.0280349999666214,0.0142185855656862,130.312301635742,-85.8639,27.5145,9.9336220710332,63,63,63,63,61,63,0,7593,1.05158142133981,28,-86,0.001869,51,2026-05-12 03:47:51.00039,780,1.037,0.0011,"aoml_navis",1030.95062112915
"7901009",110,0,1,0.028035,1,0.005607,1,135.440312017864,1,4.84983824730557,782,1,6.40500020980835,34.8660011291504,0.0280349999666214,0.0142185855656862,130.603607177734,-85.8639,27.5145,9.9336220710332,63,63,63,63,61,63,0,7593,1.05158142133981,28,-86,0.001869,51,2026-05-12 03:47:51.00039,782,1.037,0.0011,"aoml_navis",1030.96221874572
"7901009",110,0,1,0.028035,1,0.005607,1,135.689601344265,1,4.84978299554133,784,1,6.38700008392334,34.8660011291504,0.0280349999666214,0.0142185855656862,130.843994140625,-85.8639,27.5145,9.9336220710332,63,63,63,63,61,63,0,7593,1.05158142133981,28,-86,0.001869,51,2026-05-12 03:47:51.00039,784,1.037,0.0011,"aoml_navis",1030.97396411278
"7901009",110,0,1,0.031773,1,0.009345,1,135.844121483424,1,4.84973478980801,786,1,6.37900018692017,34.8660011291504,0.0317730009555817,0.0177732333540916,130.99299621582,-85.8639,27.5145,9.9336220710332,63,63,63,63,61,63,0,7593,1.05158142133981,28,-86,0.001869,51,2026-05-12 03:47:51.00039,786,1.037,0.0011,"aoml_navis",1030.98421185995
"7901009",110,0,1,0.028035,1,0.005607,1,136.148288008249,1,4.84968588300644,788,1,6.36999988555908,34.8660011291504,0.0280349999666214,0.0142185855656862,131.28630065918,-85.8639,27.5145,9.9336220710332,63,63,63,63,61,63,0,7593,1.05158142133981,28,-86,0.001869,51,2026-05-12 03:47:51.00039,788,1.037,0.0011,"aoml_navis",1030.99460885091
"7901009",110,0,1,0.029904,1,0.007476,1,136.406407056888,1,4.8496334644282,790,1,6.35599994659424,34.8660011291504,0.0299040004611015,0.0159959103912115,131.535202026367,-85.8639,27.5145,9.9336220710332,63,63,63,63,61,63,0,7593,1.05158142133981,28,-86,0.001869,51,2026-05-12 03:47:51.00039,790,1.037,0.0011,"aoml_navis",1031.00575263569
"7901009",110,0,1,0.028035,1,0.005607,1,136.708706364465,1,4.84958316002195,792,1,6.34499979019165,34.8660011291504,0.0280349999666214,0.0142185855656862,131.826705932617,-85.8639,27.5145,9.9336220710332,63,63,63,63,61,63,0,7593,1.05158142133981,28,-86,0.001869,51,2026-05-12 03:47:51.00039,792,1.037,0.0011,"aoml_navis",1031.01644719035
"7901009",110,0,1,0.031773,1,0.009345,1,137.049157034614,1,4.84952794615297,794,1,6.3270001411438,34.8660011291504,0.0317730009555817,0.0177732333540916,132.154998779297,-85.8639,27.5145,9.9336220710332,63,63,63,63,61,63,0,7593,1.05158142133981,28,-86,0.001869,51,2026-05-12 03:47:51.00039,794,1.037,0.0011,"aoml_navis",1031.02818573639
"7901009",110,0,1,0.029904,1,0.007476,1,137.415543035852,1,4.84947204260521,796,1,6.30800008773804,34.8660011291504,0.0299040004611015,0.0159959103912115,132.50830078125,-85.8639,27.5145,9.9336220710332,63,63,63,63,61,63,0,7593,1.05158142133981,28,-86,0.001869,51,2026-05-12 03:47:51.00039,796,1.037,0.0011,"aoml_navis",1031.04007118142
"7901009",110,0,1,0.029904,1,0.007476,1,137.653439172269,1,4.8494161522366,798,1,6.28900003433228,34.8660011291504,0.0299040004611015,0.0159959103912115,132.737701416016,-85.8639,27.5145,9.9336220710332,63,63,63,63,61,63,0,7593,1.05158142133981,28,-86,0.001869,51,2026-05-12 03:47:51.00039,798,1.037,0.0011,"aoml_navis",1031.05195409842
"7901009",110,0,1,0.033642,1,0.011214,1,137.853373832615,1,4.84936657323935,800,1,6.27899980545044,34.8660011291504,0.0336420014500618,0.0195505544543266,132.93049621582,-85.8639,27.5145,9.9336220710332,63,63,63,63,61,63,0,7593,1.05158142133981,28,-86,0.001869,51,2026-05-12 03:47:51.00039,800,1.037,0.0011,"aoml_navis",1031.06249537659
"7901009",110,0,1,0.028035,1,0.005607,1,138.045127549597,1,4.84931699823697,802,1,6.26900005340576,34.8660011291504,0.0280349999666214,0.0142185855656862,133.11540222168,-85.8639,27.5145,9.9336220710332,63,63,63,63,61,63,0,7593,1.05158142133981,28,-86,0.001869,51,2026-05-12 03:47:51.00039,802,1.037,0.0011,"aoml_navis",1031.07303602091
"7901009",110,0,1,0.031773,1,0.009345,1,138.209806616492,1,4.84926882574736,804,1,6.26100015640259,34.8660011291504,0.0317730009555817,0.0177732333540916,133.274200439453,-85.8639,27.5145,9.9336220710332,63,63,63,63,61,63,0,7593,1.05158142133981,28,-86,0.001869,51,2026-05-12 03:47:51.00039,804,1.037,0.0011,"aoml_navis",1031.08327866921
"7901009",110,0,1,0.029904,1,0.007476,1,138.385578219746,1,4.84921855797443,806,1,6.25,34.8660011291504,0.0299040004611015,0.0159959103912115,133.443695068359,-85.8639,27.5145,9.9336220710332,63,63,63,63,61,63,0,7593,1.05158142133981,28,-86,0.001869,51,2026-05-12 03:47:51.00039,806,1.037,0.0011,"aoml_navis",1031.09396704292
"7901009",110,0,1,0.031773,1,0.009345,1,138.58976950246,1,4.84916899331104,808,1,6.23999977111816,34.8660011291504,0.0317730009555817,0.0177732333540916,133.640594482422,-85.8639,27.5145,9.9336220710332,63,63,63,63,61,63,0,7593,1.05158142133981,28,-86,0.001869,51,2026-05-12 03:47:51.00039,808,1.037,0.0011,"aoml_navis",1031.10450613229
"7901009",110,0,1,0.029904,1,0.007476,1,138.695140685938,1,4.84911857450634,809.900024414062,1,6.23099994659424,34.867000579834,0.0299040004611015,0.0159959103912115,133.742202758789,-85.8639,27.5145,9.9336220710332,63,63,63,63,61,63,0,7593,1.05158142133981,28,-86,0.001869,51,2026-05-12 03:47:51.00039,809.900024414062,1.037,0.0011,"aoml_navis",1031.11522706145
"7901009",110,0,1,0.029904,1,0.007476,1,138.822902652509,1,4.84907247714891,812,1,6.22900009155273,34.867000579834,0.0299040004611015,0.0159959103912115,133.86540222168,-85.8639,27.5145,9.9336220710332,63,63,63,63,61,63,0,7593,1.05158142133981,28,-86,0.001869,51,2026-05-12 03:47:51.00039,812,1.037,0.0011,"aoml_navis",1031.12502928392
"7901009",110,0,1,0.029904,1,0.007476,1,139.038708659457,1,4.84903149542081,814,1,6.22599983215332,34.8660011291504,0.0299040004611015,0.0159959103912115,134.073501586914,-85.8639,27.5145,9.9336220710332,63,63,63,63,61,63,0,7593,1.05158142133981,28,-86,0.001869,51,2026-05-12 03:47:51.00039,814,1.037,0.0011,"aoml_navis",1031.13374386653
"7901009",110,0,1,0.028035,1,0.005607,1,139.359980793133,1,4.84898124247071,816,1,6.21500015258789,34.8660011291504,0.0280349999666214,0.0142185855656862,134.38330078125,-85.8639,27.5145,9.9336220710332,63,63,63,63,61,63,0,7593,1.05158142133981,28,-86,0.001869,51,2026-05-12 03:47:51.00039,816,1.037,0.0011,"aoml_navis",1031.14443013443
"7901009",110,0,1,0.031773,1,0.009345,1,139.657200636843,1,4.84892102861566,818,1,6.19500017166138,34.867000579834,0.0317730009555817,0.0177732333540916,134.669906616211,-85.8639,27.5145,9.9336220710332,63,63,63,63,61,63,0,7593,1.05158142133981,28,-86,0.001869,51,2026-05-12 03:47:51.00039,818,1.037,0.0011,"aoml_navis",1031.15723487612
"7901009",110,0,1,0.031773,1,0.009345,1,139.817211660619,1,4.84886660453001,820,1,6.17799997329712,34.867000579834,0.0317730009555817,0.0177732333540916,134.824203491211,-85.8639,27.5145,9.9336220710332,63,63,63,63,61,63,0,7593,1.05158142133981,28,-86,0.001869,51,2026-05-12 03:47:51.00039,820,1.037,0.0011,"aoml_navis",1031.16880867145
"7901009",110,0,1,0.029904,1,0.007476,1,139.948803004935,1,4.84881915643049,822,1,6.1710000038147,34.867000579834,0.0299040004611015,0.0159959103912115,134.951095581055,-85.8639,27.5145,9.9336220710332,63,63,63,63,61,63,0,7593,1.05158142133981,28,-86,0.001869,51,2026-05-12 03:47:51.00039,822,1.037,0.0011,"aoml_navis",1031.1788991695
"7901009",110,0,1,0.029904,1,0.007476,1,140.074492043884,1,4.84877171060301,824,1,6.16400003433228,34.867000579834,0.0299040004611015,0.0159959103912115,135.072296142578,-85.8639,27.5145,9.9336220710332,63,63,63,63,61,63,0,7593,1.05158142133981,28,-86,0.001869,51,2026-05-12 03:47:51.00039,824,1.037,0.0011,"aoml_navis",1031.18898938185
"7901009",110,0,1,0.024297,1,0.001869,1,140.143768968537,1,4.84872705318959,826,1,6.16099977493286,34.867000579834,0.0242970008403063,0.010663939639926,135.139099121094,-85.8639,27.5145,9.9336220710332,63,63,63,63,61,63,0,7593,1.05158142133981,28,-86,0.001869,51,2026-05-12 03:47:51.00039,826,1.037,0.0011,"aoml_navis",1031.19848676797
"7901009",110,0,1,0.033642,1,0.011214,1,140.255865298881,1,4.84868379139576,828,1,6.15999984741211,34.867000579834,0.0336420014500618,0.0195505544543266,135.247192382812,-85.8639,27.5145,9.9336220710332,63,63,63,63,61,63,0,7593,1.05158142133981,28,-86,0.001869,51,2026-05-12 03:47:51.00039,828,1.037,0.0011,"aoml_navis",1031.20768751156
"7901009",110,0,1,0.028035,1,0.005607,1,140.458505841847,1,4.84863983490874,830,1,6.15799999237061,34.867000579834,0.0280349999666214,0.0142185855656862,135.442596435547,-85.8639,27.5145,9.9336220710332,63,63,63,63,61,63,0,7593,1.05158142133981,28,-86,0.001869,51,2026-05-12 03:47:51.00039,830,1.037,0.0011,"aoml_navis",1031.21703616786
"7901009",110,0,1,0.031773,1,0.009345,1,140.77480927878,1,4.84859588038849,832,1,6.1560001373291,34.867000579834,0.0317730009555817,0.0177732333540916,135.747604370117,-85.8639,27.5145,9.9336220710332,63,63,63,63,61,63,0,7593,1.05158142133981,28,-86,0.001869,51,2026-05-12 03:47:51.00039,832,1.037,0.0011,"aoml_navis",1031.22638457536
"7901009",110,0,1,0.031773,1,0.009345,1,141.267184972591,1,4.84854635227083,834,1,6.14599990844727,34.867000579834,0.0317730009555817,0.0177732333540916,136.222396850586,-85.8639,27.5145,9.9336220710332,63,63,63,63,61,63,0,7593,1.05158142133981,28,-86,0.001869,51,2026-05-12 03:47:51.00039,834,1.037,0.0011,"aoml_navis",1031.23691859896
"7901009",110,0,1,0.031773,1,0.009345,1,141.619772554848,1,4.84847873828912,836,1,6.1100001335144,34.867000579834,0.0317730009555817,0.0177732333540916,136.562393188477,-85.8639,27.5145,9.9336220710332,63,63,63,63,61,63,0,7593,1.05158142133981,28,-86,0.001869,51,2026-05-12 03:47:51.00039,836,1.037,0.0011,"aoml_navis",1031.25129961163
"7901009",110,0,1,0.031773,1,0.009345,1,141.849582691152,1,4.84843061531821,838,1,6.10200023651123,34.867000579834,0.0317730009555817,0.0177732333540916,136.783996582031,-85.8639,27.5145,9.9336220710332,63,63,63,63,61,63,0,7593,1.05158142133981,28,-86,0.001869,51,2026-05-12 03:47:51.00039,838,1.037,0.0011,"aoml_navis",1031.26153526936
"7901009",110,0,1,0.028035,1,0.005607,1,142.236191604611,1,4.8483845791644,840,1,6.09700012207031,34.867000579834,0.0280349999666214,0.0142185855656862,137.156799316406,-85.8639,27.5145,9.9336220710332,63,63,63,63,61,63,0,7593,1.05158142133981,28,-86,0.001869,51,2026-05-12 03:47:51.00039,840,1.037,0.0011,"aoml_navis",1031.27132725551
"7901009",110,0,1,0.031773,1,0.009345,1,142.779488528102,1,4.84833437692035,842,1,6.08599996566772,34.867000579834,0.0317730009555817,0.0177732333540916,137.680694580078,-85.8639,27.5145,9.9336220710332,63,63,63,63,61,63,0,7593,1.05158142133981,28,-86,0.001869,51,2026-05-12 03:47:51.00039,842,1.037,0.0011,"aoml_navis",1031.28200558972
"7901009",110,0,1,0.026166,1,0.003738,1,143.557374398139,1,4.84827724015704,844,1,6.06500005722046,34.867000579834,0.0261659994721413,0.0124412626028061,138.430801391602,-85.8639,27.5145,9.9336220710332,63,63,63,63,61,63,0,7593,1.05158142133981,28,-86,0.001869,51,2026-05-12 03:47:51.00039,844,1.037,0.0011,"aoml_navis",1031.29415920902
"7901009",110,0,1,0.031773,1,0.009345,1,144.23237343307,1,4.84821596383288,846,1,6.03800010681152,34.867000579834,0.0317730009555817,0.0177732333540916,139.081695556641,-85.8639,27.5145,9.9336220710332,63,63,63,63,61,63,0,7593,1.05158142133981,28,-86,0.001869,51,2026-05-12 03:47:51.00039,846,1.037,0.0011,"aoml_navis",1031.30719367689
"7901009",110,0,1,0.031773,1,0.009345,1,144.569833390848,1,4.84815748147637,848,1,6.0149998664856,34.867000579834,0.0317730009555817,0.0177732333540916,139.407104492188,-85.8639,27.5145,9.9336220710332,63,63,63,63,61,63,0,7593,1.05158142133981,28,-86,0.001869,51,2026-05-12 03:47:51.00039,848,1.037,0.0011,"aoml_navis",1031.31963412983
"7901009",110,0,1,0.029904,1,0.007476,1,144.783772180549,1,4.84810869257666,850,1,6.00600004196167,34.867000579834,0.0299040004611015,0.0159959103912115,139.613403320312,-85.8639,27.5145,9.9336220710332,63,63,63,63,61,63,0,7593,1.05158142133981,28,-86,0.001869,51,2026-05-12 03:47:51.00039,850,1.037,0.0011,"aoml_navis",1031.33001280601
"7901009",110,0,1,0.028035,1,0.005607,1,144.964322594047,1,4.84806128882931,852,1,5.99900007247925,34.867000579834,0.0280349999666214,0.0142185855656862,139.787506103516,-85.8639,27.5145,9.9336220710332,63,63,63,63,61,63,0,7593,1.05158142133981,28,-86,0.001869,51,2026-05-12 03:47:51.00039,852,1.037,0.0011,"aoml_navis",1031.3400970241
"7901009",110,0,1,0.033642,1,0.011214,1,145.143100733547,1,4.84802102723825,854,1,5.99700021743774,34.8660011291504,0.0336420014500618,0.0195505544543266,139.959899902344,-85.8639,27.5145,9.9336220710332,63,63,63,63,61,63,0,7593,1.05158142133981,28,-86,0.001869,51,2026-05-12 03:47:51.00039,854,1.037,0.0011,"aoml_navis",1031.34866204331
"7901009",110,0,1,0.026166,1,0.003738,1,145.466967982719,1,4.84796579735816,856,1,5.98400020599365,34.867000579834,0.0261659994721413,0.0124412626028061,140.272201538086,-85.8639,27.5145,9.9336220710332,63,63,63,63,61,63,0,7593,1.05158142133981,28,-86,0.001869,51,2026-05-12 03:47:51.00039,856,1.037,0.0011,"aoml_navis",1031.36041156163
"7901009",110,0,1,0.028035,1,0.005607,1,145.681840381043,1,4.84791149662607,858,1,5.96700000762939,34.867000579834,0.0280349999666214,0.0142185855656862,140.479400634766,-85.8639,27.5145,9.9336220710332,63,63,63,63,61,63,0,7593,1.05158142133981,28,-86,0.001869,51,2026-05-12 03:47:51.00039,858,1.037,0.0011,"aoml_navis",1031.37196367545
"7901009",110,0,1,0.026166,1,0.003738,1,145.838749925324,1,4.84786617359912,860,1,5.96299982070923,34.867000579834,0.0261659994721413,0.0124412626028061,140.630706787109,-85.8639,27.5145,9.9336220710332,63,63,63,63,61,63,0,7593,1.05158142133981,28,-86,0.001869,51,2026-05-12 03:47:51.00039,860,1.037,0.0011,"aoml_navis",1031.38160604131
"7901009",110,0,1,0.028035,1,0.005607,1,146.113246684565,1,4.84782223291665,862,1,5.96099996566772,34.867000579834,0.0280349999666214,0.0142185855656862,140.895401000977,-85.8639,27.5145,9.9336220710332,63,63,63,63,61,63,0,7593,1.05158142133981,28,-86,0.001869,51,2026-05-12 03:47:51.00039,862,1.037,0.0011,"aoml_navis",1031.39095448881
"7901009",110,0,1,0.028035,1,0.005607,1,146.504729351518,1,4.84777346325218,864,1,5.9520001411438,34.867000579834,0.0280349999666214,0.0142185855656862,141.272903442383,-85.8639,27.5145,9.9336220710332,63,63,63,63,61,63,0,7593,1.05158142133981,28,-86,0.001869,51,2026-05-12 03:47:51.00039,864,1.037,0.0011,"aoml_navis",1031.40133050807
"7901009",110,0,1,0.029904,1,0.007476,1,147.122271896404,1,4.84771963305927,866,1,5.94099998474121,34.8680000305176,0.0299040004611015,0.0159959103912115,141.868392944336,-85.8639,27.5145,9.9336220710332,63,63,63,63,61,63,0,7593,1.05158142133981,28,-86,0.001869,51,2026-05-12 03:47:51.00039,866,1.037,0.0011,"aoml_navis",1031.41278342548
"7901009",110,0,1,0.029904,1,0.007476,1,147.730494178929,1,4.84766904058516,868,1,5.92399978637695,34.867000579834,0.0299040004611015,0.0159959103912115,142.454895019531,-85.8639,27.5145,9.9336220710332,63,63,63,63,61,63,0,7593,1.05158142133981,28,-86,0.001869,51,2026-05-12 03:47:51.00039,868,1.037,0.0011,"aoml_navis",1031.42354771737
"7901009",110,0,1,0.028035,1,0.005607,1,148.266749478054,1,4.84761477471086,870,1,5.90700006484985,34.867000579834,0.0280349999666214,0.0142185855656862,142.97200012207,-85.8639,27.5145,9.9336220710332,63,63,63,63,61,63,0,7593,1.05158142133981,28,-86,0.001869,51,2026-05-12 03:47:51.00039,870,1.037,0.0011,"aoml_navis",1031.43509382885
"7901009",110,0,1,0.026166,1,0.003738,1,148.59829130659,1,4.84755983125404,872,1,5.88899993896484,34.867000579834,0.0261659994721413,0.0124412626028061,143.291702270508,-85.8639,27.5145,9.9336220710332,63,63,63,63,61,63,0,7593,1.05158142133981,28,-86,0.001869,51,2026-05-12 03:47:51.00039,872,1.037,0.0011,"aoml_navis",1031.44678437244
"7901009",110,0,1,0.022428,1,0,1,148.770122764975,1,4.84750970896136,874,1,5.87799978256226,34.867000579834,0.0224280003458261,0.00888661667704582,143.457397460938,-85.8639,27.5145,9.9336220710332,63,63,63,63,61,63,0,7593,1.05158142133981,28,-86,0.001869,51,2026-05-12 03:47:51.00039,874,1.037,0.0011,"aoml_navis",1031.45744932841
"7901009",110,0,1,0.028035,1,0.005607,1,149.046075320714,1,4.84745547078346,876,1,5.86100006103516,34.867000579834,0.0280349999666214,0.0142185855656862,143.723495483398,-85.8639,27.5145,9.9336220710332,63,63,63,63,61,63,0,7593,1.05158142133981,28,-86,0.001869,51,2026-05-12 03:47:51.00039,876,1.037,0.0011,"aoml_navis",1031.46899030552
"7901009",110,0,1,0.029904,1,0.007476,1,149.159121083556,1,4.84739824427369,878,1,5.84499979019165,34.8680000305176,0.0299040004611015,0.0159959103912115,143.832504272461,-85.8639,27.5145,9.9336220710332,63,63,63,63,61,63,0,7593,1.05158142133981,28,-86,0.001869,51,2026-05-12 03:47:51.00039,878,1.037,0.0011,"aoml_navis",1031.48116742968
"7901009",110,0,1,0.031773,1,0.009345,1,149.240424153192,1,4.84734308339318,880,1,5.83199977874756,34.8689994812012,0.0317730009555817,0.0177732333540916,143.910903930664,-85.8639,27.5145,9.9336220710332,63,63,63,63,61,63,0,7593,1.05158142133981,28,-86,0.001869,51,2026-05-12 03:47:51.00039,880,1.037,0.0011,"aoml_navis",1031.49290528451
"7901009",110,0,1,0.026166,1,0.003738,1,149.404375321838,1,4.8472977808088,882,1,5.82800006866455,34.8689994812012,0.0261659994721413,0.0124412626028061,144.069000244141,-85.8639,27.5145,9.9336220710332,63,63,63,63,61,63,0,7593,1.05158142133981,28,-86,0.001869,51,2026-05-12 03:47:51.00039,882,1.037,0.0011,"aoml_navis",1031.50254556173
"7901009",110,0,1,0.028035,1,0.005607,1,149.623599285782,1,4.84724742470054,884,1,5.82200002670288,34.8699989318848,0.0280349999666214,0.0142185855656862,144.280395507812,-85.8639,27.5145,9.9336220710332,63,63,63,63,61,63,0,7593,1.05158142133981,28,-86,0.001869,51,2026-05-12 03:47:51.00039,884,1.037,0.0011,"aoml_navis",1031.51326142773
"7901009",110,0,1,0.029904,1,0.007476,1,149.948922331452,1,4.84719869902481,886,1,5.81300020217896,34.8699989318848,0.0299040004611015,0.0159959103912115,144.594100952148,-85.8639,27.5145,9.9336220710332,63,63,63,63,61,63,0,7593,1.05158142133981,28,-86,0.001869,51,2026-05-12 03:47:51.00039,886,1.037,0.0011,"aoml_navis",1031.52363054684
"7901009",110,0,1,0.029904,1,0.007476,1,150.1465783538,1,4.84714723686464,888,1,5.80000019073486,34.8699989318848,0.0299040004611015,0.0159959103912115,144.784698486328,-85.8639,27.5145,9.9336220710332,63,63,63,63,61,63,0,7593,1.05158142133981,28,-86,0.001869,51,2026-05-12 03:47:51.00039,888,1.037,0.0011,"aoml_navis",1031.53458223279
"7901009",110,0,1,0.029904,1,0.007476,1,150.353253984886,1,4.84709646486595,890,1,5.78800010681152,34.8699989318848,0.0299040004611015,0.0159959103912115,144.983993530273,-85.8639,27.5145,9.9336220710332,63,63,63,63,61,63,0,7593,1.05158142133981,28,-86,0.001869,51,2026-05-12 03:47:51.00039,890,1.037,0.0011,"aoml_navis",1031.54538727305
"7901009",110,0,1,0.028035,1,0.005607,1,150.559945439847,1,4.84704406583536,892,1,5.77899980545044,34.8709983825684,0.0280349999666214,0.0142185855656862,145.183303833008,-85.8639,27.5145,9.9336220710332,63,63,63,63,61,63,0,7593,1.05158142133981,28,-86,0.001869,51,2026-05-12 03:47:51.00039,892,1.037,0.0011,"aoml_navis",1031.55653880739
"7901009",110,0,1,0.028035,1,0.005607,1,150.614901757645,1,4.84699672191497,894,1,5.77199983596802,34.8709983825684,0.0280349999666214,0.0142185855656862,145.236297607422,-85.8639,27.5145,9.9336220710332,63,63,63,63,61,63,0,7593,1.05158142133981,28,-86,0.001869,51,2026-05-12 03:47:51.00039,894,1.037,0.0011,"aoml_navis",1031.56661472314
"7901009",110,0,1,0.029904,1,0.007476,1,150.76880476568,1,4.8469436312635,896,1,5.76200008392334,34.8720016479492,0.0299040004611015,0.0159959103912115,145.384704589844,-85.8639,27.5145,9.9336220710332,63,63,63,63,61,63,0,7593,1.05158142133981,28,-86,0.001869,51,2026-05-12 03:47:51.00039,896,1.037,0.0011,"aoml_navis",1031.57791391451
"7901009",110,0,1,0.028035,1,0.005607,1,150.917928963472,1,4.84689492520504,898,1,5.75299978256226,34.8720016479492,0.0280349999666214,0.0142185855656862,145.528503417969,-85.8639,27.5145,9.9336220710332,63,63,63,63,61,63,0,7593,1.05158142133981,28,-86,0.001869,51,2026-05-12 03:47:51.00039,898,1.037,0.0011,"aoml_navis",1031.58828015825
"7901009",110,0,1,0.029904,1,0.007476,1,151.037399219555,1,4.84684390505784,900,1,5.74599981307983,34.8730010986328,0.0299040004611015,0.0159959103912115,145.643707275391,-85.8639,27.5145,9.9336220710332,63,63,63,63,61,63,0,7593,1.05158142133981,28,-86,0.001869,51,2026-05-12 03:47:51.00039,900,1.037,0.0011,"aoml_navis",1031.59913913925
"7901009",110,0,1,0.028035,1,0.005607,1,151.1480397534,1,4.84680435424745,902,1,5.74499988555908,34.8720016479492,0.0280349999666214,0.0142185855656862,145.750396728516,-85.8639,27.5145,9.9336220710332,63,63,63,63,61,63,0,7593,1.05158142133981,28,-86,0.001869,51,2026-05-12 03:47:51.00039,902,1.037,0.0011,"aoml_navis",1031.60755717699
"7901009",110,0,1,0.028035,1,0.005607,1,151.398484222675,1,4.84675265465987,904,1,5.73699998855591,34.8730010986328,0.0280349999666214,0.0142185855656862,145.991897583008,-85.8639,27.5145,9.9336220710332,63,63,63,63,61,63,0,7593,1.05158142133981,28,-86,0.001869,51,2026-05-12 03:47:51.00039,904,1.037,0.0011,"aoml_navis",1031.61856118092
"7901009",110,0,1,0.031773,1,0.009345,1,151.595317403525,1,4.8467032755126,906,1,5.72700023651123,34.8730010986328,0.0317730009555817,0.0177732333540916,146.181701660156,-85.8639,27.5145,9.9336220710332,63,63,63,63,61,63,0,7593,1.05158142133981,28,-86,0.001869,51,2026-05-12 03:47:51.00039,906,1.037,0.0011,"aoml_navis",1031.62907150968
"7901009",110,0,1,0.026166,1,0.003738,1,151.900623247348,1,4.84664612129651,908,1,5.71099996566772,34.8740005493164,0.0261659994721413,0.0124412626028061,146.476104736328,-85.8639,27.5145,9.9336220710332,63,63,63,63,61,63,0,7593,1.05158142133981,28,-86,0.001869,51,2026-05-12 03:47:51.00039,908,1.037,0.0011,"aoml_navis",1031.64123702567
"7901009",110,0,1,0.031773,1,0.009345,1,152.32062053701,1,4.84659402344133,910,1,5.69700002670288,34.8740005493164,0.0317730009555817,0.0177732333540916,146.881103515625,-85.8639,27.5145,9.9336220710332,63,63,63,63,61,63,0,7593,1.05158142133981,28,-86,0.001869,51,2026-05-12 03:47:51.00039,910,1.037,0.0011,"aoml_navis",1031.65232652388
"7901009",110,0,1,0.028035,1,0.005607,1,152.735633306055,1,4.84653620488585,912,1,5.67999982833862,34.875,0.0280349999666214,0.0142185855656862,147.281295776367,-85.8639,27.5145,9.9336220710332,63,63,63,63,61,63,0,7593,1.05158142133981,28,-86,0.001869,51,2026-05-12 03:47:51.00039,912,1.037,0.0011,"aoml_navis",1031.66463400386
"7901009",110,0,1,0.031773,1,0.009345,1,153.064073655096,1,4.84648684536796,914,1,5.67000007629395,34.875,0.0317730009555817,0.0177732333540916,147.598007202148,-85.8639,27.5145,9.9336220710332,63,63,63,63,61,63,0,7593,1.05158142133981,28,-86,0.001869,51,2026-05-12 03:47:51.00039,914,1.037,0.0011,"aoml_navis",1031.67514109293
"7901009",110,0,1,0.026166,1,0.003738,1,153.431076787458,1,4.84643885057648,916,1,5.66200017929077,34.875,0.0261659994721413,0.0124412626028061,147.951904296875,-85.8639,27.5145,9.9336220710332,63,63,63,63,61,63,0,7593,1.05158142133981,28,-86,0.001869,51,2026-05-12 03:47:51.00039,916,1.037,0.0011,"aoml_navis",1031.68535787989
"7901009",110,0,1,0.029904,1,0.007476,1,153.963692595338,1,4.84639085805017,918,1,5.65399980545044,34.875,0.0299040004611015,0.0159959103912115,148.46549987793,-85.8639,27.5145,9.9336220710332,63,63,63,63,61,63,0,7593,1.05158142133981,28,-86,0.001869,51,2026-05-12 03:47:51.00039,918,1.037,0.0011,"aoml_navis",1031.695574387
"7901009",110,0,1,0.029904,1,0.007476,1,154.536548517287,1,4.8463428684373,920,1,5.64599990844727,34.875,0.0299040004611015,0.0159959103912115,149.01789855957,-85.8639,27.5145,9.9336220710332,63,63,63,63,61,63,0,7593,1.05158142133981,28,-86,0.001869,51,2026-05-12 03:47:51.00039,920,1.037,0.0011,"aoml_navis",1031.70579047624
"7901009",110,0,1,0.028035,1,0.005607,1,155.015663803867,1,4.84629012228693,922,1,5.63100004196167,34.875,0.0280349999666214,0.0142185855656862,149.479904174805,-85.8639,27.5145,9.9336220710332,63,63,63,63,61,63,0,7593,1.05158142133981,28,-86,0.001869,51,2026-05-12 03:47:51.00039,922,1.037,0.0011,"aoml_navis",1031.71701937657
"7901009",110,0,1,0.033642,1,0.011214,1,155.587681060442,1,4.846226232654,924,1,5.60500001907349,34.8759994506836,0.0336420014500618,0.0195505544543266,150.031494140625,-85.8639,27.5145,9.9336220710332,63,63,63,63,61,63,0,7593,1.05158142133981,28,-86,0.001869,51,2026-05-12 03:47:51.00039,924,1.037,0.0011,"aoml_navis",1031.73062089216
"7901009",110,0,1,0.028035,1,0.005607,1,155.802142038017,1,4.84616575713805,926,1,5.58400011062622,34.8769989013672,0.0280349999666214,0.0142185855656862,150.238296508789,-85.8639,27.5145,9.9336220710332,63,63,63,63,61,63,0,7593,1.05158142133981,28,-86,0.001869,51,2026-05-12 03:47:51.00039,926,1.037,0.0011,"aoml_navis",1031.74349590403
"7901009",110,0,1,0.029904,1,0.007476,1,156.066274159148,1,4.84610935992046,928,1,5.56899976730347,34.8779983520508,0.0299040004611015,0.0159959103912115,150.49299621582,-85.8639,27.5145,9.9336220710332,63,63,63,63,61,63,0,7593,1.05158142133981,28,-86,0.001869,51,2026-05-12 03:47:51.00039,928,1.037,0.0011,"aoml_navis",1031.75550295094
"7901009",110,0,1,0.028035,1,0.005607,1,156.243295848525,1,4.84605800827214,930,1,5.55600023269653,34.8779983520508,0.0280349999666214,0.0142185855656862,150.663696289062,-85.8639,27.5145,9.9336220710332,63,63,63,63,61,63,0,7593,1.05158142133981,28,-86,0.001869,51,2026-05-12 03:47:51.00039,930,1.037,0.0011,"aoml_navis",1031.76643603215
"7901009",110,0,1,0.031773,1,0.009345,1,156.525894431755,1,4.84601275093275,932,1,5.55200004577637,34.8779983520508,0.0317730009555817,0.0177732333540916,150.93620300293,-85.8639,27.5145,9.9336220710332,63,63,63,63,61,63,0,7593,1.05158142133981,28,-86,0.001869,51,2026-05-12 03:47:51.00039,932,1.037,0.0011,"aoml_navis",1031.77607178966
"7901009",110,0,1,0.029904,1,0.007476,1,156.95511704053,1,4.84595906156221,934,1,5.54099988937378,34.8790016174316,0.0299040004611015,0.0159959103912115,151.35009765625,-85.8639,27.5145,9.9336220710332,63,63,63,63,61,63,0,7593,1.05158142133981,28,-86,0.001869,51,2026-05-12 03:47:51.00039,934,1.037,0.0011,"aoml_navis",1031.78750304757
"7901009",110,0,1,0.031773,1,0.009345,1,157.040360255036,1,4.84590637043537,936,1,5.52600002288818,34.8790016174316,0.0317730009555817,0.0177732333540916,151.43229675293,-85.8639,27.5145,9.9336220710332,63,63,63,63,61,63,0,7593,1.05158142133981,28,-86,0.001869,51,2026-05-12 03:47:51.00039,936,1.037,0.0011,"aoml_navis",1031.79872201096
"7901009",110,0,1,0.029904,1,0.007476,1,157.274316246584,1,4.84585986693274,937.900024414062,1,5.51700019836426,34.8790016174316,0.0299040004611015,0.0159959103912115,151.657897949219,-85.8639,27.5145,9.9336220710332,63,63,63,63,61,63,0,7593,1.05158142133981,28,-86,0.001869,51,2026-05-12 03:47:51.00039,937.900024414062,1.037,0.0011,"aoml_navis",1031.80862371178
"7901009",110,0,1,0.028035,1,0.005607,1,157.45568950158,1,4.84580475347168,940,1,5.50699996948242,34.8800010681152,0.0280349999666214,0.0142185855656862,151.832794189453,-85.8639,27.5145,9.9336220710332,63,63,63,63,61,63,0,7593,1.05158142133981,28,-86,0.001869,51,2026-05-12 03:47:51.00039,940,1.037,0.0011,"aoml_navis",1031.82035892343
"7901009",110,0,1,0.028035,1,0.005607,1,157.574542626539,1,4.84575882993108,942,1,5.5019998550415,34.8800010681152,0.0280349999666214,0.0142185855656862,151.947402954102,-85.8639,27.5145,9.9336220710332,63,63,63,63,61,63,0,7593,1.05158142133981,28,-86,0.001869,51,2026-05-12 03:47:51.00039,942,1.037,0.0011,"aoml_navis",1031.83013754548
"7901009",110,0,1,0.029904,1,0.007476,1,157.770125721265,1,4.84571155795407,944,1,5.49499988555908,34.8800010681152,0.0299040004611015,0.0159959103912115,152.136001586914,-85.8639,27.5145,9.9336220710332,63,63,63,63,61,63,0,7593,1.05158142133981,28,-86,0.001869,51,2026-05-12 03:47:51.00039,944,1.037,0.0011,"aoml_navis",1031.84020348728
"7901009",110,0,1,0.029904,1,0.007476,1,157.950676134763,1,4.84565655581864,946,1,5.48199987411499,34.8810005187988,0.0299040004611015,0.0159959103912115,152.310104370117,-85.8639,27.5145,9.9336220710332,63,63,63,63,61,63,0,7593,1.05158142133981,28,-86,0.001869,51,2026-05-12 03:47:51.00039,946,1.037,0.0011,"aoml_navis",1031.8519157112
"7901009",110,0,1,0.026166,1,0.003738,1,158.131527201885,1,4.84560726604183,948,1,5.47200012207031,34.8810005187988,0.0261659994721413,0.0124412626028061,152.484497070312,-85.8639,27.5145,9.9336220710332,63,63,63,63,61,63,0,7593,1.05158142133981,28,-86,0.001869,51,2026-05-12 03:47:51.00039,948,1.037,0.0011,"aoml_navis",1031.86241176419
"7901009",110,0,1,0.029904,1,0.007476,1,158.290098253038,1,4.84555497022982,950,1,5.46299982070923,34.8819999694824,0.0299040004611015,0.0159959103912115,152.637405395508,-85.8639,27.5145,9.9336220710332,63,63,63,63,61,63,0,7593,1.05158142133981,28,-86,0.001869,51,2026-05-12 03:47:51.00039,950,1.037,0.0011,"aoml_navis",1031.87354817334
"7901009",110,0,1,0.029904,1,0.007476,1,158.498530334247,1,4.84550703501866,952,1,5.45499992370605,34.8819999694824,0.0299040004611015,0.0159959103912115,152.838394165039,-85.8639,27.5145,9.9336220710332,63,63,63,63,61,63,0,7593,1.05158142133981,28,-86,0.001869,51,2026-05-12 03:47:51.00039,952,1.037,0.0011,"aoml_navis",1031.88375620236
"7901009",110,0,1,0.029904,1,0.007476,1,158.701788008338,1,4.8454597760896,954,1,5.44799995422363,34.8819999694824,0.0299040004611015,0.0159959103912115,153.034393310547,-85.8639,27.5145,9.9336220710332,63,63,63,63,61,63,0,7593,1.05158142133981,28,-86,0.001869,51,2026-05-12 03:47:51.00039,954,1.037,0.0011,"aoml_navis",1031.89382041164
"7901009",110,0,1,0.031773,1,0.009345,1,158.744211817153,1,4.84541251937875,956,1,5.44099998474121,34.8819999694824,0.0317730009555817,0.0177732333540916,153.075302124023,-85.8639,27.5145,9.9336220710332,63,63,63,63,61,63,0,7593,1.05158142133981,28,-86,0.001869,51,2026-05-12 03:47:51.00039,956,1.037,0.0011,"aoml_navis",1031.90388434483
"7901009",110,0,1,0.029904,1,0.007476,1,158.823647669542,1,4.84536863298404,958,1,5.43900012969971,34.8819999694824,0.0299040004611015,0.0159959103912115,153.151901245117,-85.8639,27.5145,9.9336220710332,63,63,63,63,61,63,0,7593,1.05158142133981,28,-86,0.001869,51,2026-05-12 03:47:51.00039,958,1.037,0.0011,"aoml_navis",1031.91323070103
"7901009",110,0,1,0.028035,1,0.005607,1,158.977756387952,1,4.84532272710606,960,1,5.43400001525879,34.8819999694824,0.0280349999666214,0.0142185855656862,153.300506591797,-85.8639,27.5145,9.9336220710332,63,63,63,63,61,63,0,7593,1.05158142133981,28,-86,0.001869,51,2026-05-12 03:47:51.00039,960,1.037,0.0011,"aoml_navis",1031.92300732181
"7901009",110,0,1,0.031773,1,0.009345,1,159.165031948315,1,4.84527179305931,962,1,5.42700004577637,34.882999420166,0.0317730009555817,0.0177732333540916,153.481094360352,-85.8639,27.5145,9.9336220710332,63,63,63,63,61,63,0,7593,1.05158142133981,28,-86,0.001869,51,2026-05-12 03:47:51.00039,962,1.037,0.0011,"aoml_navis",1031.93385501353
"7901009",110,0,1,0.029904,1,0.007476,1,159.284612971523,1,4.84522589098399,964,1,5.42199993133545,34.882999420166,0.0299040004611015,0.0159959103912115,153.596405029297,-85.8639,27.5145,9.9336220710332,63,63,63,63,61,63,0,7593,1.05158142133981,28,-86,0.001869,51,2026-05-12 03:47:51.00039,964,1.037,0.0011,"aoml_navis",1031.94363121522
"7901009",110,0,1,0.031773,1,0.009345,1,159.430619865943,1,4.84518066444781,966,1,5.41800022125244,34.882999420166,0.0317730009555817,0.0177732333540916,153.737197875977,-85.8639,27.5145,9.9336220710332,63,63,63,63,61,63,0,7593,1.05158142133981,28,-86,0.001869,51,2026-05-12 03:47:51.00039,966,1.037,0.0011,"aoml_navis",1031.95326372207
"7901009",110,0,1,0.028035,1,0.005607,1,159.557242513516,1,4.84513678631175,968,1,5.41599988937378,34.882999420166,0.0280349999666214,0.0142185855656862,153.859298706055,-85.8639,27.5145,9.9336220710332,63,63,63,63,61,63,0,7593,1.05158142133981,28,-86,0.001869,51,2026-05-12 03:47:51.00039,968,1.037,0.0011,"aoml_navis",1031.96260921379
"7901009",110,0,1,0.029904,1,0.007476,1,159.73717579589,1,4.84509156328282,970,1,5.41200017929077,34.882999420166,0.0299040004611015,0.0159959103912115,154.032806396484,-85.8639,27.5145,9.9336220710332,63,63,63,63,61,63,0,7593,1.05158142133981,28,-86,0.001869,51,2026-05-12 03:47:51.00039,970,1.037,0.0011,"aoml_navis",1031.97224132793
"7901009",110,0,1,0.029904,1,0.007476,1,159.773776418714,1,4.84503996515092,972,1,5.40399980545044,34.8839988708496,0.0299040004611015,0.0159959103912115,154.068099975586,-85.8639,27.5145,9.9336220710332,63,63,63,63,61,63,0,7593,1.05158142133981,28,-86,0.001869,51,2026-05-12 03:47:51.00039,972,1.037,0.0011,"aoml_navis",1031.98323150349
"7901009",110,0,1,0.026166,1,0.003738,1,159.852072952104,1,4.84499541909169,974,1,5.40100002288818,34.8839988708496,0.0261659994721413,0.0124412626028061,154.143600463867,-85.8639,27.5145,9.9336220710332,63,63,63,63,61,63,0,7593,1.05158142133981,28,-86,0.001869,51,2026-05-12 03:47:51.00039,974,1.037,0.0011,"aoml_navis",1031.99271980682
"7901009",110,0,1,0.028035,1,0.005607,1,159.98719302054,1,4.84495154829662,976,1,5.39900016784668,34.8839988708496,0.0280349999666214,0.0142185855656862,154.273895263672,-85.8639,27.5145,9.9336220710332,63,63,63,63,61,63,0,7593,1.05158142133981,28,-86,0.001869,51,2026-05-12 03:47:51.00039,976,1.037,0.0011,"aoml_navis",1032.00206444952
"7901009",110,0,1,0.033642,1,0.011214,1,160.17302860828,1,4.84490700556746,978,1,5.39599990844727,34.8839988708496,0.0336420014500618,0.0195505544543266,154.453094482422,-85.8639,27.5145,9.9336220710332,63,63,63,63,61,63,0,7593,1.05158142133981,28,-86,0.001869,51,2026-05-12 03:47:51.00039,978,1.037,0.0011,"aoml_navis",1032.01155238982
"7901009",110,0,1,0.026166,1,0.003738,1,163.265773324956,1,4.84440872147164,999.400024414062,1,5.34250020980835,34.8860015869141,0.0261659994721413,0.0124412626028061,157.435394287109,-85.8639,27.5145,9.9336220710332,63,63,63,63,61,63,0,7593,1.05158142133981,28,-86,0.001869,51,2026-05-12 03:47:51.00039,999.400024414062,1.037,0.0011,"aoml_navis",1032.11770258747
"7901009",110,0,1,0.028035,1,0.005607,1,168.966450876735,1,4.84319254710503,1049.69995117188,1,5.15000009536743,34.890998840332,0.0280349999666214,0.0142185855656862,162.932495117188,-85.8639,27.5145,9.9336220710332,63,63,63,63,61,63,0,7593,1.05158142133981,28,-86,0.001869,51,2026-05-12 03:47:51.00039,1049.69995117188,1.037,0.0011,"aoml_navis",1032.37687772473
"7901009",110,0,1,0.026166,1,0.003738,1,175.096050383664,1,4.84198885763587,1099.59997558594,1,4.97230005264282,34.8979988098145,0.0261659994721413,0.0124412626028061,168.843200683594,-85.8639,27.5145,9.9336220710332,63,63,63,63,61,63,0,7593,1.05158142133981,28,-86,0.001869,51,2026-05-12 03:47:51.00039,1099.59997558594,1.037,0.0011,"aoml_navis",1032.6335204417
"7901009",110,0,1,0.029904,1,0.007476,1,181.37384047976,1,4.84077066117278,1150.19995117188,1,4.79300022125244,34.9049987792969,0.0299040004611015,0.0159959103912115,174.89680480957,-85.8639,27.5145,9.9336220710332,63,63,63,63,61,63,0,7593,1.05158142133981,28,-86,0.001869,51,2026-05-12 03:47:51.00039,1150.19995117188,1.037,0.0011,"aoml_navis",1032.89338619249
"7901009",110,0,1,0.029904,1,0.007476,1,185.431018728587,1,4.83963712266231,1199.19995117188,1,4.66629981994629,34.9080009460449,0.0299040004611015,0.0159959103912115,178.809097290039,-85.8639,27.5145,9.9336220710332,63,63,63,63,61,63,0,7593,1.05158142133981,28,-86,0.001869,51,2026-05-12 03:47:51.00039,1199.19995117188,1.037,0.0011,"aoml_navis",1033.13531020472
"7901009",110,0,1,0.029904,1,0.007476,1,190.282049137304,1,4.83849574544725,1249.09997558594,1,4.57170009613037,34.9140014648438,0.0299040004611015,0.0159959103912115,183.486892700195,-85.8639,27.5145,9.9336220710332,63,63,63,63,61,63,0,7593,1.05158142133981,28,-86,0.001869,51,2026-05-12 03:47:51.00039,1249.09997558594,1.037,0.0011,"aoml_navis",1033.37902171449
"7901009",110,0,1,0.029904,1,0.007476,1,193.526940411892,1,4.83735075562084,1299.90002441406,1,4.48210000991821,34.9169998168945,0.0299040004611015,0.0159959103912115,186.615905761719,-85.8639,27.5145,9.9336220710332,63,63,63,63,61,63,0,7593,1.05158142133981,28,-86,0.001869,51,2026-05-12 03:47:51.00039,1299.90002441406,1.037,0.0011,"aoml_navis",1033.62362015824
"7901009",110,0,1,0.024297,1,0.001869,1,195.433622403476,1,4.83627506139072,1349.40002441406,1,4.44840002059937,34.9189987182617,0.0242970008403063,0.010663939639926,188.454498291016,-85.8639,27.5145,9.9336220710332,63,63,63,63,61,63,0,7593,1.05158142133981,28,-86,0.001869,51,2026-05-12 03:47:51.00039,1349.40002441406,1.037,0.0011,"aoml_navis",1033.85352084631
"7901009",110,0,1,0.029904,1,0.007476,1,197.08240688067,1,4.83517650994653,1399.80004882812,1,4.40700006484985,34.9210014343262,0.0299040004611015,0.0159959103912115,190.044403076172,-85.8639,27.5145,9.9336220710332,63,63,63,63,61,63,0,7593,1.05158142133981,28,-86,0.001869,51,2026-05-12 03:47:51.00039,1399.80004882812,1.037,0.0011,"aoml_navis",1034.08841222537
"7901009",110,0,1,0.029904,1,0.007476,1,198.267947417887,1,4.83410560699593,1449.59997558594,1,4.38059997558594,34.9220008850098,0.0299040004611015,0.0159959103912115,191.187606811523,-85.8639,27.5145,9.9336220710332,63,63,63,63,61,63,0,7593,1.05158142133981,28,-86,0.001869,51,2026-05-12 03:47:51.00039,1449.59997558594,1.037,0.0011,"aoml_navis",1034.31749458762
"7901009",110,0,1,0.026166,1,0.003738,1,199.459073782972,1,4.83304418802165,1498.80004882812,1,4.35300016403198,34.923999786377,0.0261659994721413,0.0124412626028061,192.336196899414,-85.8639,27.5145,9.9336220710332,63,63,63,63,61,63,0,7593,1.05158142133981,28,-86,0.001869,51,2026-05-12 03:47:51.00039,1498.80004882812,1.037,0.0011,"aoml_navis",1034.54464835892
"7901009",110,0,1,0.022428,1,0,1,200.206467045927,1,4.83196077296809,1550,1,4.34219980239868,34.923999786377,0.0224280003458261,0.00888661667704582,193.056900024414,-85.8639,27.5145,9.9336220710332,63,63,63,63,61,63,0,7593,1.05158142133981,28,-86,0.001869,51,2026-05-12 03:47:51.00039,1550,1.037,0.0011,"aoml_navis",1034.77661242036
"7901009",110,0,1,0.035511,1,0.013083,1,200.608725771739,1,4.83090980126337,1599.5,1,4.32980012893677,34.9249992370605,0.0355109982192516,0.0213278792798519,193.444793701172,-85.8639,27.5145,9.9336220710332,63,63,63,63,61,63,0,7593,1.05158142133981,28,-86,0.001869,51,2026-05-12 03:47:51.00039,1599.5,1.037,0.0011,"aoml_navis",1035.00172963122
"7901009",110,0,1,0.028035,1,0.005607,1,200.841241790664,1,4.82986654438482,1648.90002441406,1,4.32350015640259,34.9259986877441,0.0280349999666214,0.0142185855656862,193.669006347656,-85.8639,27.5145,9.9336220710332,63,63,63,63,61,63,0,7593,1.05158142133981,28,-86,0.001869,51,2026-05-12 03:47:51.00039,1648.90002441406,1.037,0.0011,"aoml_navis",1035.22529122735
"7901009",110,0,1,0.029904,1,0.007476,1,201.193623662546,1,4.828807280564,1699.69995117188,1,4.32369995117188,34.9249992370605,0.0299040004611015,0.0159959103912115,194.008804321289,-85.8639,27.5145,9.9336220710332,63,63,63,63,61,63,0,7593,1.05158142133981,28,-86,0.001869,51,2026-05-12 03:47:51.00039,1699.69995117188,1.037,0.0011,"aoml_navis",1035.45238181798
"7901009",110,0,1,0.026166,1,0.003738,1,201.879620290587,1,4.82775904893863,1749.69995117188,1,4.31869983673096,34.9249992370605,0.0261659994721413,0.0124412626028061,194.670303344727,-85.8639,27.5145,9.9336220710332,63,63,63,63,61,63,0,7593,1.05158142133981,28,-86,0.001869,51,2026-05-12 03:47:51.00039,1749.69995117188,1.037,0.0011,"aoml_navis",1035.67720536907
"7901009",110,0,1,0.024297,1,0.001869,1,202.167598991309,1,4.82672011512877,1799.30004882812,1,4.31809997558594,34.9259986877441,0.0242970008403063,0.010663939639926,194.947998046875,-85.8639,27.5145,9.9336220710332,63,63,63,63,61,63,0,7593,1.05158142133981,28,-86,0.001869,51,2026-05-12 03:47:51.00039,1799.30004882812,1.037,0.0011,"aoml_navis",1035.9001310907
"7901009",110,0,1,0.028035,1,0.005607,1,202.52849410793,1,4.82566806573127,1849.69995117188,1,4.31519985198975,34.9259986877441,0.0280349999666214,0.0142185855656862,195.296005249023,-85.8639,27.5145,9.9336220710332,63,63,63,63,61,63,0,7593,1.05158142133981,28,-86,0.001869,51,2026-05-12 03:47:51.00039,1849.69995117188,1.037,0.0011,"aoml_navis",1036.12596885947
"7901009",110,0,1,0.031773,1,0.009345,1,202.728745245775,1,4.82462687198025,1899.69995117188,1,4.3137001991272,34.9259986877441,0.0317730009555817,0.0177732333540916,195.489105224609,-85.8639,27.5145,9.9336220710332,63,63,63,63,61,63,0,7593,1.05158142133981,28,-86,0.001869,51,2026-05-12 03:47:51.00039,1899.69995117188,1.037,0.0011,"aoml_navis",1036.34957327752
"7901009",110,0,1,0.035511,1,0.013083,1,202.728428768275,1,4.82358321990686,1949.69995117188,1,4.31169986724854,34.9269981384277,0.0355109982192516,0.0213278792798519,195.488800048828,-85.8639,27.5145,9.9336220710332,63,63,63,63,61,63,0,7593,1.05158142133981,28,-86,0.001869,51,2026-05-12 03:47:51.00039,1949.69995117188,1.037,0.0011,"aoml_navis",1036.57380251367
"7901009",110,0,1,0.026166,1,0.003738,1,200.547756381449,4,4.82255481772976,1999.30004882812,1,4.31220006942749,34.9269981384277,0.0261659994721413,0.0124412626028061,193.386001586914,-85.8639,27.5145,9.9336220710332,63,63,63,63,61,63,0,7593,1.05158142133981,28,-86,0.001869,51,2026-05-12 03:47:51.00039,1999.30004882812,1.037,0.0011,"aoml_navis",1036.79485023537
"7901009",111,0.0402914824685319,5,0.067284,1,0.044856,1,199.1154726225,1,4.8829767454435,2.29999995231628,1,26.6590003967285,36.4980010986328,0.0672840029001236,0.611087501049042,192.004806518555,-86.134,27.483,12.2183162423571,63,63,63,63,61,63,0.044856,7819,1.11328740596807,27,-86,0.001869,51,2026-05-22 10:58:10.001157,2.29999995231628,1.037,0.0011,"aoml_navis",1023.96555639256
"7901009",111,0.0402914824685319,5,0.071022,1,0.048594,1,199.096183312919,1,4.88293992577243,4.09999990463257,1,26.6590003967285,36.4980010986328,0.0710219964385033,0.611087501049042,191.986206054688,-86.134,27.483,12.2183162423571,63,63,63,63,61,63,0.044856,7819,1.11328740596807,27,-86,0.001869,51,2026-05-22 10:58:10.001157,4.09999990463257,1.037,0.0011,"aoml_navis",1023.97327757602
"7901009",111,0.0402914824685319,5,0.071022,1,0.048594,1,199.080628438991,1,4.88290258148815,6,1,26.6599998474121,36.4980010986328,0.0710219964385033,0.611087501049042,191.971206665039,-86.134,27.483,12.2183162423571,63,63,63,63,61,63,0.044856,7819,1.11328740596807,27,-86,0.001869,51,2026-05-22 10:58:10.001157,6,1.037,0.0011,"aoml_navis",1023.98110889121
"7901009",111,0.0402914824685319,5,0.071022,1,0.048594,1,198.972772873691,1,4.88286471611365,8,1,26.6620006561279,36.4980010986328,0.0710219964385033,0.611087501049042,191.867202758789,-86.134,27.483,12.2183162423571,63,63,63,63,61,63,0.044856,7819,1.11328740596807,27,-86,0.001869,51,2026-05-22 10:58:10.001157,8,1.037,0.0011,"aoml_navis",1023.98904960438
"7901009",111,0.0402914824685319,5,0.067284,1,0.044856,1,198.982108962823,1,4.8828253314377,10,1,26.6630001068115,36.4980010986328,0.0672840029001236,0.611087501049042,191.876205444336,-86.134,27.483,12.2183162423571,63,63,63,63,61,63,0.044856,7819,1.11328740596807,27,-86,0.001869,51,2026-05-22 10:58:10.001157,10,1.037,0.0011,"aoml_navis",1023.99730905955
"7901009",111,0.0419702942380541,1,0.069153,1,0.046725,1,198.61986870448,1,4.88276862124369,12.3000001907349,1,26.6590003967285,36.4990005493164,0.0691530033946037,0.611087501049042,191.526901245117,-86.134,27.483,12.2183162423571,63,63,63,63,61,63,0.046725,7819,1.11328740596807,27,-86,0.001869,51,2026-05-22 10:58:10.001157,12.3000001907349,1.037,0.0011,"aoml_navis",1024.00920212485
"7901009",111,0.0520431648551871,1,0.080367,1,0.057939,1,201.223023536716,1,4.88224398427867,13.8999996185303,1,26.3460006713867,36.5040016174316,0.0803669989109039,0.611087501049042,194.037094116211,-86.134,27.483,12.2183162423571,63,63,63,63,61,63,0.057939,7819,1.11328740596807,27,-86,0.001869,51,2026-05-22 10:58:10.001157,13.8999996185303,1.037,0.0011,"aoml_navis",1024.11924027159
"7901009",111,0.0570796001637536,1,0.085974,1,0.063546,1,204.027584712138,1,4.88104761788714,16,1,25.7269992828369,36.5670013427734,0.0859740003943443,0.611087501049042,196.741500854492,-86.134,27.483,12.2183162423571,63,63,63,63,61,63,0.063546,7819,1.11328740596807,27,-86,0.001869,51,2026-05-22 10:58:10.001157,16,1.037,0.0011,"aoml_navis",1024.37025643367
"7901009",111,0.0554007883942314,1,0.084105,1,0.061677,1,204.115834490261,1,4.88080725964555,18,1,25.6119995117188,36.5750007629395,0.0841049998998642,0.611087501049042,196.826599121094,-86.134,27.483,12.2183162423571,63,63,63,63,61,63,0.061677,7819,1.11328740596807,27,-86,0.001869,51,2026-05-22 10:58:10.001157,18,1.037,0.0011,"aoml_navis",1024.42070215309
"7901009",111,0.0570796001637536,1,0.085974,1,0.063546,1,204.479831199272,1,4.8806236097493,20,1,25.5179996490479,36.576000213623,0.0859740003943443,0.611087501049042,197.177597045898,-86.134,27.483,12.2183162423571,63,63,63,63,61,63,0.063546,7819,1.11328740596807,27,-86,0.001869,51,2026-05-22 10:58:10.001157,20,1.037,0.0011,"aoml_navis",1024.45924943121
"7901009",111,0.0537219766247092,1,0.082236,1,0.059808,1,204.75143227363,1,4.88050750760222,22,1,25.4720001220703,36.5779991149902,0.0822359994053841,0.611087501049042,197.439498901367,-86.134,27.483,12.2183162423571,63,63,63,63,61,63,0.059808,7819,1.11328740596807,27,-86,0.001869,51,2026-05-22 10:58:10.001157,22,1.037,0.0011,"aoml_navis",1024.48362024065
"7901009",111,0.06211603547232,1,0.091581,1,0.069153,1,204.797368996938,1,4.88042900721119,24,1,25.4489994049072,36.5789985656738,0.0915810018777847,0.611087501049042,197.483795166016,-86.134,27.483,12.2183162423571,63,63,63,63,61,63,0.069153,7819,1.11328740596807,27,-86,0.001869,51,2026-05-22 10:58:10.001157,24,1.037,0.0011,"aoml_navis",1024.50009878479
"7901009",111,0.0688312825504087,1,0.099057,1,0.076629,1,204.962269649227,1,4.88031530153768,26,1,25.4069995880127,36.5820007324219,0.0990569964051247,0.611087501049042,197.642807006836,-86.134,27.483,12.2183162423571,63,63,63,63,61,63,0.076629,7819,1.11328740596807,27,-86,0.001869,51,2026-05-22 10:58:10.001157,26,1.037,0.0011,"aoml_navis",1024.52396844618
"7901009",111,0.0688312825504087,1,0.099057,1,0.076629,1,205.040566206901,1,4.88020314398661,28,1,25.3659992218018,36.5849990844727,0.0990569964051247,0.611087501049042,197.718307495117,-86.134,27.483,12.2183162423571,63,63,63,63,61,63,0.076629,7819,1.11328740596807,27,-86,0.001869,51,2026-05-22 10:58:10.001157,28,1.037,0.0011,"aoml_navis",1024.54751420768
"7901009",111,0.072188906089453,1,0.102795,1,0.080367,1,204.963820389456,1,4.88015335966867,30,1,25.3600006103516,36.5849990844727,0.102794997394085,0.611087501049042,197.644302368164,-86.134,27.483,12.2183162423571,63,63,63,63,61,63,0.080367,7819,1.11328740596807,27,-86,0.001869,51,2026-05-22 10:58:10.001157,30,1.037,0.0011,"aoml_navis",1024.55796601021
"7901009",111,0.0738677178589752,1,0.104664,1,0.082236,1,205.326677779115,1,4.88008149481018,32,1,25.3390007019043,36.5849990844727,0.104663997888565,0.611087501049042,197.994201660156,-86.134,27.483,12.2183162423571,63,63,63,63,61,63,0.082236,7819,1.11328740596807,27,-86,0.001869,51,2026-05-22 10:58:10.001157,32,1.037,0.0011,"aoml_navis",1024.57305381423
"7901009",111,0.0772253413980195,1,0.108402,1,0.085974,1,206.309261600617,1,4.87965866863679,34,1,25.1229991912842,36.6030006408691,0.108401998877525,0.611087501049042,198.941696166992,-86.134,27.483,12.2183162423571,63,63,63,63,61,63,0.085974,7819,1.11328740596807,27,-86,0.001869,51,2026-05-22 10:58:10.001157,34,1.037,0.0011,"aoml_navis",1024.66183385668
"7901009",111,0.0856194002456303,1,0.117747,1,0.095319,1,206.961553577266,1,4.8793422296913,36,1,24.9220008850098,36.5979995727539,0.117747001349926,0.611087501049042,199.570693969727,-86.134,27.483,12.2183162423571,63,63,63,63,61,63,0.095319,7819,1.11328740596807,27,-86,0.001869,51,2026-05-22 10:58:10.001157,36,1.037,0.0011,"aoml_navis",1024.728286033
"7901009",111,0.0856194002456303,1,0.117747,1,0.095319,1,207.108193472166,1,4.87920419631581,38,1,24.8330001831055,36.5890007019043,0.117747001349926,0.611087501049042,199.712097167969,-86.134,27.483,12.2183162423571,63,63,63,63,61,63,0.095319,7819,1.11328740596807,27,-86,0.001869,51,2026-05-22 10:58:10.001157,38,1.037,0.0011,"aoml_navis",1024.75727574087
"7901009",111,0.0856194002456303,1,0.117747,1,0.095319,1,207.253899758154,1,4.87911523013526,40,1,24.7950000762939,36.5870018005371,0.117747001349926,0.611087501049042,199.852600097656,-86.134,27.483,12.2183162423571,63,63,63,63,61,63,0.095319,7819,1.11328740596807,27,-86,0.001869,51,2026-05-22 10:58:10.001157,40,1.037,0.0011,"aoml_navis",1024.77596124767
"7901009",111,0.0956922708627633,1,0.128961,1,0.106533,1,207.459752611587,1,4.87900472964379,42.0999984741211,1,24.746000289917,36.5859985351562,0.128960996866226,0.611087501049042,200.05110168457,-86.134,27.483,12.2183162423571,63,63,63,63,61,63,0.106533,7819,1.11328740596807,27,-86,0.001869,51,2026-05-22 10:58:10.001157,42.0999984741211,1.037,0.0011,"aoml_navis",1024.79917054006
"7901009",111,0.107443953249418,1,0.142044,1,0.119616,1,207.552559667117,1,4.8788962464406,44,1,24.6979999542236,36.5859985351562,0.142043992877007,0.611087501049042,200.140594482422,-86.134,27.483,12.2183162423571,63,63,63,63,61,63,0.119616,7819,1.11328740596807,27,-86,0.001869,51,2026-05-22 10:58:10.001157,44,1.037,0.0011,"aoml_navis",1024.82195714815
"7901009",111,0.105765141479896,1,0.140175,1,0.117747,1,207.634796370883,1,4.87882627644572,46,1,24.6730003356934,36.5839996337891,0.140174999833107,0.611087501049042,200.21989440918,-86.134,27.483,12.2183162423571,63,63,63,63,61,63,0.117747,7819,1.11328740596807,27,-86,0.001869,51,2026-05-22 10:58:10.001157,46,1.037,0.0011,"aoml_navis",1024.83665469691
"7901009",111,0.110801576788463,1,0.145782,1,0.123354,1,208.53359274839,1,4.87862773143936,48,1,24.548999786377,36.5779991149902,0.145781993865967,0.611087501049042,201.08659362793,-86.134,27.483,12.2183162423571,63,63,63,63,61,63,0.123354,7819,1.11328740596807,27,-86,0.001869,51,2026-05-22 10:58:10.001157,48,1.037,0.0011,"aoml_navis",1024.87836236786
"7901009",111,0.132626129792251,1,0.170079,1,0.147651,1,209.705651707644,1,4.87847526273202,50,1,24.3939990997314,36.5470008850098,0.170078992843628,0.611087501049042,202.216796875,-86.134,27.483,12.2183162423571,63,63,63,63,61,63,0.147651,7819,1.11328740596807,27,-86,0.001869,51,2026-05-22 10:58:10.001157,50,1.037,0.0011,"aoml_navis",1024.91039325265
"7901009",111,0.129268506253207,1,0.166341,1,0.143913,1,210.17968767738,1,4.87834869872647,52,1,24.2639999389648,36.5190010070801,0.166341006755829,0.611087501049042,202.673904418945,-86.134,27.483,12.2183162423571,63,63,63,63,61,63,0.143913,7819,1.11328740596807,27,-86,0.001869,51,2026-05-22 10:58:10.001157,52,1.037,0.0011,"aoml_navis",1024.93698355456
"7901009",111,0.122553259175118,1,0.158865,1,0.136437,1,210.240245665703,1,4.87822066565601,54,1,24.1830005645752,36.5110015869141,0.158865004777908,0.611087501049042,202.732299804688,-86.134,27.483,12.2183162423571,63,63,63,63,61,63,0.136437,7819,1.11328740596807,27,-86,0.001869,51,2026-05-22 10:58:10.001157,54,1.037,0.0011,"aoml_navis",1024.96388390163
"7901009",111,0.117516823866551,1,0.153258,1,0.13083,1,209.658575664984,1,4.87814343877821,56,1,24.1979999542236,36.5270004272461,0.153257995843887,0.611087501049042,202.171401977539,-86.134,27.483,12.2183162423571,63,63,63,63,61,63,0.13083,7819,1.11328740596807,27,-86,0.001869,51,2026-05-22 10:58:10.001157,56,1.037,0.0011,"aoml_navis",1024.98011031269
"7901009",111,0.132626129792251,1,0.170079,1,0.147651,1,209.182261056545,1,4.87807481392876,58,1,24.2189998626709,36.5429992675781,0.170078992843628,0.611087501049042,201.712097167969,-86.134,27.483,12.2183162423571,63,63,63,63,61,63,0.147651,7819,1.11328740596807,27,-86,0.001869,51,2026-05-22 10:58:10.001157,58,1.037,0.0011,"aoml_navis",1024.99452975241
"7901009",111,0.142699000409384,1,0.181293,1,0.158865,1,209.046001626849,1,4.87792146433154,60,1,24.1529998779297,36.5480003356934,0.181292995810509,0.611087501049042,201.580703735352,-86.134,27.483,12.2183162423571,63,63,63,63,61,63,0.158865,7819,1.11328740596807,27,-86,0.001869,51,2026-05-22 10:58:10.001157,60,1.037,0.0011,"aoml_navis",1025.02675300558
"7901009",111,0.142699000409384,1,0.181293,1,0.158865,1,209.003277151158,1,4.87775009021854,62,1,24.0540008544922,36.5449981689453,0.181292995810509,0.611087501049042,201.539505004883,-86.134,27.483,12.2183162423571,63,63,63,63,61,63,0.158865,7819,1.11328740596807,27,-86,0.001869,51,2026-05-22 10:58:10.001157,62,1.037,0.0011,"aoml_navis",1025.06276613609
"7901009",111,0.151093059256995,1,0.190638,1,0.16821,1,208.622064060831,1,4.87760047396742,64,1,23.9650001525879,36.5400009155273,0.19063800573349,0.611087501049042,201.171905517578,-86.134,27.483,12.2183162423571,63,63,63,63,61,63,0.16821,7819,1.11328740596807,27,-86,0.001869,51,2026-05-22 10:58:10.001157,64,1.037,0.0011,"aoml_navis",1025.09420906568
"7901009",111,0.149414247487473,1,0.188769,1,0.166341,1,207.791911674268,1,4.87728555775236,66,1,23.7590007781982,36.5349998474121,0.188768997788429,0.611087501049042,200.371398925781,-86.134,27.483,12.2183162423571,63,63,63,63,61,63,0.166341,7819,1.11328740596807,27,-86,0.001869,51,2026-05-22 10:58:10.001157,66,1.037,0.0011,"aoml_navis",1025.16039727315
"7901009",111,0.169559988721738,1,0.211197,1,0.188769,1,206.784959077741,1,4.87705203397378,68.0999984741211,1,23.6240005493164,36.5349998474121,0.211197003722191,0.611087501049042,199.400405883789,-86.134,27.483,12.2183162423571,63,63,63,63,61,63,0.188769,7819,1.11328740596807,27,-86,0.001869,51,2026-05-22 10:58:10.001157,68.0999984741211,1.037,0.0011,"aoml_navis",1025.2094841658
"7901009",111,0.181311671108394,1,0.22428,1,0.201852,1,206.0818407989,1,4.87688628380447,70,1,23.5389995574951,36.5369987487793,0.224279999732971,0.611087501049042,198.722396850586,-86.134,27.483,12.2183162423571,63,63,63,63,61,63,0.201852,7819,1.11328740596807,27,-86,0.001869,51,2026-05-22 10:58:10.001157,70,1.037,0.0011,"aoml_navis",1025.2443278418
"7901009",111,0.177954047569349,1,0.220542,1,0.198114,1,205.04211694713,1,4.87676500726165,72,1,23.4689998626709,36.5320014953613,0.220541998744011,0.611087501049042,197.719802856445,-86.134,27.483,12.2183162423571,63,63,63,63,61,63,0.198114,7819,1.11328740596807,27,-86,0.001869,51,2026-05-22 10:58:10.001157,72,1.037,0.0011,"aoml_navis",1025.26982385964
"7901009",111,0.196420977034093,1,0.241101,1,0.218673,1,204.811483897796,1,4.87649763606822,74,1,23.2840003967285,36.5229988098145,0.241100996732712,0.611087501049042,197.497406005859,-86.134,27.483,12.2183162423571,63,63,63,63,61,63,0.218673,7819,1.11328740596807,27,-86,0.001869,51,2026-05-22 10:58:10.001157,74,1.037,0.0011,"aoml_navis",1025.3260378962
"7901009",111,0.182990482877916,1,0.226149,1,0.203721,1,204.383083997651,1,4.87640464418983,76,1,23.2390003204346,36.5200004577637,0.226148992776871,0.611087501049042,197.08430480957,-86.134,27.483,12.2183162423571,63,63,63,63,61,63,0.203721,7819,1.11328740596807,27,-86,0.001869,51,2026-05-22 10:58:10.001157,76,1.037,0.0011,"aoml_navis",1025.34559062022
"7901009",111,0.188026918186482,1,0.231756,1,0.209328,1,203.087092411132,1,4.87617743033497,78,1,23.0869998931885,36.5130004882812,0.231756001710892,0.611087501049042,195.834594726562,-86.134,27.483,12.2183162423571,63,63,63,63,61,63,0.209328,7819,1.11328740596807,27,-86,0.001869,51,2026-05-22 10:58:10.001157,78,1.037,0.0011,"aoml_navis",1025.3933683575
"7901009",111,0.208172659420748,1,0.254184,1,0.231756,1,202.290549945445,1,4.87594856570158,80,1,22.9409999847412,36.5089988708496,0.254184007644653,0.611087501049042,195.066497802734,-86.134,27.483,12.2183162423571,63,63,63,63,61,63,0.231756,7819,1.11328740596807,27,-86,0.001869,51,2026-05-22 10:58:10.001157,80,1.037,0.0011,"aoml_navis",1025.44149771616
"7901009",111,0.213209094729315,1,0.259791,1,0.237363,1,201.175124652302,1,4.87578800081099,82,1,22.8439998626709,36.5050010681152,0.259790986776352,0.611087501049042,193.990905761719,-86.134,27.483,12.2183162423571,63,63,63,63,61,63,0.237363,7819,1.11328740596807,27,-86,0.001869,51,2026-05-22 10:58:10.001157,82,1.037,0.0011,"aoml_navis",1025.47526659657
"7901009",111,0.258537012506413,1,0.310254,1,0.287826,1,199.073254510965,1,4.87560236268429,84,1,22.7390003204346,36.5050010681152,0.310254007577896,0.611087501049042,191.964096069336,-86.134,27.483,12.2183162423571,63,63,63,63,61,63,0.287826,7819,1.11328740596807,27,-86,0.001869,51,2026-05-22 10:58:10.001157,84,1.037,0.0011,"aoml_navis",1025.51431147622
"7901009",111,0.290434436127334,1,0.345765,1,0.323337,1,198.815135382269,1,4.87532811740144,86,1,22.5979995727539,36.515998840332,0.345764994621277,0.611087501049042,191.715194702148,-86.134,27.483,12.2183162423571,63,63,63,63,61,63,0.323337,7819,1.11328740596807,27,-86,0.001869,51,2026-05-22 10:58:10.001157,86,1.037,0.0011,"aoml_navis",1025.57199835506
"7901009",111,0.329047106826344,1,0.388752,1,0.366324,1,198.292789107242,1,4.87523029207914,88,1,22.5459995269775,36.5120010375977,0.388752013444901,0.611087501049042,191.211502075195,-86.134,27.483,12.2183162423571,63,63,63,63,61,63,0.366324,7819,1.11328740596807,27,-86,0.001869,51,2026-05-22 10:58:10.001157,88,1.037,0.0011,"aoml_navis",1025.59257726216
"7901009",111,0.476782542544294,1,0.553224,1,0.530796,1,198.788899389419,1,4.87499697417228,90,1,22.4290008544922,36.5209999084473,0.55322402715683,0.611087501049042,191.689895629883,-86.134,27.483,12.2183162423571,63,63,63,63,61,63,0.530796,7819,1.11328740596807,27,-86,0.001869,51,2026-05-22 10:58:10.001157,90,1.037,0.0011,"aoml_navis",1025.64166223897
"7901009",111,0.543935013325181,1,0.627984,1,0.605556,1,198.030619065296,1,4.87484014147278,92,1,22.3439998626709,36.5209999084473,0.62798398733139,0.611087501049042,190.958694458008,-86.134,27.483,12.2183162423571,63,63,63,63,61,63,0.605556,7819,1.11328740596807,27,-86,0.001869,51,2026-05-22 10:58:10.001157,92,1.037,0.0011,"aoml_navis",1025.67465904419
"7901009",111,0.6211603547232,1,0.713958,1,0.69153,1,196.251587721386,1,4.874710638019,94,1,22.2549991607666,36.5120010375977,0.713958024978638,0.611087501049042,189.243194580078,-86.134,27.483,12.2183162423571,63,63,63,63,61,63,0.69153,7819,1.11328740596807,27,-86,0.001869,51,2026-05-22 10:58:10.001157,94,1.037,0.0011,"aoml_navis",1025.70190751505
"7901009",111,0.602693425258457,1,0.693399,1,0.670971,1,195.727579938971,1,4.87456880831871,96,1,22.1620006561279,36.5050010681152,0.693399012088776,0.611087501049042,188.737899780273,-86.134,27.483,12.2183162423571,63,63,63,63,61,63,0.670971,7819,1.11328740596807,27,-86,0.001869,51,2026-05-22 10:58:10.001157,96,1.037,0.0011,"aoml_navis",1025.73175117915
"7901009",111,0.619481542953678,1,0.712089,1,0.689661,1,196.377387566478,1,4.87441389788646,98,1,22.0429992675781,36.492000579834,0.712089002132416,0.627875626087189,189.364501953125,-86.134,27.483,12.2183162423571,63,63,63,63,61,63,0.689661,7819,1.11328740596807,27,-86,0.001869,51,2026-05-22 10:58:10.001157,98,1.037,0.0011,"aoml_navis",1025.76434926217
"7901009",111,0.589262931102279,1,0.678447,1,0.656019,1,195.534591899885,1,4.87426041743719,100,1,21.9729995727539,36.4970016479492,0.678447008132935,0.597656965255737,188.551803588867,-86.134,27.483,12.2183162423571,63,63,63,63,61,63,0.656019,7819,1.11328740596807,27,-86,0.001869,51,2026-05-22 10:58:10.001157,100,1.037,0.0011,"aoml_navis",1025.79664847471
"7901009",111,0.579190060485146,1,0.667233,1,0.644805,1,191.964503063353,1,4.87419048036965,102,1,21.9650001525879,36.5019989013672,0.667232990264893,0.58758407831192,185.10920715332,-86.134,27.483,12.2183162423571,63,63,63,63,61,63,0.644805,7819,1.11328740596807,27,-86,0.001869,51,2026-05-22 10:58:10.001157,102,1.037,0.0011,"aoml_navis",1025.81136706434
"7901009",111,0.548971448633747,1,0.633591,1,0.611163,1,184.177714186519,1,4.87409384832118,104,1,21.9640007019043,36.5169982910156,0.633590996265411,0.557365477085114,177.600494384766,-86.134,27.483,12.2183162423571,63,63,63,63,61,63,0.611163,7819,1.11328740596807,27,-86,0.001869,51,2026-05-22 10:58:10.001157,104,1.037,0.0011,"aoml_navis",1025.83170443511
"7901009",111,0.505322342626171,1,0.584997,1,0.562569,1,180.872374684354,1,4.87392796770796,106,1,21.8899993896484,36.523998260498,0.584996998310089,0.513716399669647,174.413192749023,-86.134,27.483,12.2183162423571,63,63,63,63,61,63,0.562569,7819,1.11328740596807,27,-86,0.001869,51,2026-05-22 10:58:10.001157,106,1.037,0.0011,"aoml_navis",1025.86661787522
"7901009",111,0.493570660239516,1,0.571914,1,0.549486,1,181.9597125907,1,4.87373625056407,108,1,21.7479991912842,36.5130004882812,0.57191401720047,0.501964747905731,175.461700439453,-86.134,27.483,12.2183162423571,63,63,63,63,61,63,0.549486,7819,1.11328740596807,27,-86,0.001869,51,2026-05-22 10:58:10.001157,108,1.037,0.0011,"aoml_navis",1025.90697217588
"7901009",111,0.48853422493095,1,0.566307,1,0.543879,1,180.023471000126,1,4.87361313358217,110,1,21.6650009155273,36.5050010681152,0.566307008266449,0.4969282746315,173.594604492188,-86.134,27.483,12.2183162423571,63,63,63,63,61,63,0.543879,7819,1.11328740596807,27,-86,0.001869,51,2026-05-22 10:58:10.001157,110,1.037,0.0011,"aoml_navis",1025.93288858874
"7901009",111,0.418024130611019,1,0.487809,1,0.465381,1,174.604029497472,1,4.87339941895023,112,1,21.548999786377,36.5099983215332,0.487809002399445,0.42641818523407,168.368698120117,-86.134,27.483,12.2183162423571,63,63,63,63,61,63,0.465381,7819,1.11328740596807,27,-86,0.001869,51,2026-05-22 10:58:10.001157,112,1.037,0.0011,"aoml_navis",1025.97787912837
"7901009",111,0.401236012915797,1,0.469119,1,0.446691,1,170.529633608982,1,4.87320031567203,114,1,21.4599990844727,36.5209999084473,0.469119012355804,0.409630060195923,164.439804077148,-86.134,27.483,12.2183162423571,63,63,63,63,61,63,0.446691,7819,1.11328740596807,27,-86,0.001869,51,2026-05-22 10:58:10.001157,114,1.037,0.0011,"aoml_navis",1026.01979728192
"7901009",111,0.392841954068186,1,0.459774,1,0.437346,1,164.629937351797,1,4.87305567332891,116,1,21.4009990692139,36.5279998779297,0.459773987531662,0.401235997676849,158.750793457031,-86.134,27.483,12.2183162423571,63,63,63,63,61,63,0.437346,7819,1.11328740596807,27,-86,0.001869,51,2026-05-22 10:58:10.001157,116,1.037,0.0011,"aoml_navis",1026.05025166568
"7901009",111,0.376053836372965,1,0.441084,1,0.418656,1,161.27098654458,1,4.87291019112241,118,1,21.3439998626709,36.5359992980957,0.441083997488022,0.384447902441025,155.511795043945,-86.134,27.483,12.2183162423571,63,63,63,63,61,63,0.418656,7819,1.11328740596807,27,-86,0.001869,51,2026-05-22 10:58:10.001157,118,1.037,0.0011,"aoml_navis",1026.08088470605
"7901009",111,0.365980965755832,1,0.42987,1,0.407442,1,160.054763136565,1,4.8727149746699,120,1,21.2409992218018,36.5410003662109,0.429870009422302,0.374375015497208,154.339004516602,-86.134,27.483,12.2183162423571,63,63,63,63,61,63,0.407442,7819,1.11328740596807,27,-86,0.001869,51,2026-05-22 10:58:10.001157,120,1.037,0.0011,"aoml_navis",1026.12199276826
"7901009",111,0.401236012915797,1,0.469119,1,0.446691,1,156.672677816955,1,4.87258753219363,122,1,21.1700000762939,36.5390014648438,0.469119012355804,0.409630060195923,151.077697753906,-86.134,27.483,12.2183162423571,63,63,63,63,61,63,0.446691,7819,1.11328740596807,27,-86,0.001869,51,2026-05-22 10:58:10.001157,122,1.037,0.0011,"aoml_navis",1026.14883097831
"7901009",111,0.307222553822556,1,0.364455,1,0.342027,1,151.435970479221,1,4.87233658243189,124,1,21.0349998474121,36.5480003356934,0.364455014467239,0.315616607666016,146.02799987793,-86.134,27.483,12.2183162423571,63,63,63,63,61,63,0.342027,7819,1.11328740596807,27,-86,0.001869,51,2026-05-22 10:58:10.001157,124,1.037,0.0011,"aoml_navis",1026.20168278777
"7901009",111,0.288755624357812,1,0.343896,1,0.321468,1,149.31648835957,1,4.87209976650104,126,1,20.9020004272461,36.5540008544922,0.343896001577377,0.297149658203125,143.98420715332,-86.134,27.483,12.2183162423571,63,63,63,63,61,63,0.321468,7819,1.11328740596807,27,-86,0.001869,51,2026-05-22 10:58:10.001157,126,1.037,0.0011,"aoml_navis",1026.25156290484
"7901009",111,0.273646318432113,1,0.327075,1,0.304647,1,145.563143170082,1,4.87194965376503,128,1,20.8239994049072,36.5559997558594,0.327075004577637,0.282040357589722,140.364898681641,-86.134,27.483,12.2183162423571,63,63,63,63,61,63,0.304647,7819,1.11328740596807,27,-86,0.001869,51,2026-05-22 10:58:10.001157,128,1.037,0.0011,"aoml_navis",1026.28318339374
"7901009",111,0.258537012506413,1,0.310254,1,0.287826,1,141.743021207475,1,4.87173198152581,130,1,20.7299995422363,36.5709991455078,0.310254007577896,0.266931056976318,136.681198120117,-86.134,27.483,12.2183162423571,63,63,63,63,61,63,0.287826,7819,1.11328740596807,27,-86,0.001869,51,2026-05-22 10:58:10.001157,130,1.037,0.0011,"aoml_navis",1026.32903841192
"7901009",111,0.253500577197847,1,0.304647,1,0.282219,1,138.578102815416,1,4.87157724747927,132,1,20.6620006561279,36.5779991149902,0.304646998643875,0.261894643306732,133.629302978516,-86.134,27.483,12.2183162423571,63,63,63,63,61,63,0.282219,7819,1.11328740596807,27,-86,0.001869,51,2026-05-22 10:58:10.001157,132,1.037,0.0011,"aoml_navis",1026.36163730898
"7901009",111,0.243427706580714,1,0.293433,1,0.271005,1,136.15755555706,1,4.87125259705479,134,1,20.4370002746582,36.576000213623,0.293433010578156,0.251821756362915,131.295196533203,-86.134,27.483,12.2183162423571,63,63,63,63,61,63,0.271005,7819,1.11328740596807,27,-86,0.001869,51,2026-05-22 10:58:10.001157,134,1.037,0.0011,"aoml_navis",1026.43004040132
"7901009",111,0.213209094729315,1,0.259791,1,0.237363,1,134.10174873007,1,4.87108294749414,136,1,20.3229999542236,36.5709991455078,0.259790986776352,0.221603155136108,129.312805175781,-86.134,27.483,12.2183162423571,63,63,63,63,61,63,0.237363,7819,1.11328740596807,27,-86,0.001869,51,2026-05-22 10:58:10.001157,136,1.037,0.0011,"aoml_navis",1026.46578879799
"7901009",111,0.229997212424536,1,0.278481,1,0.256053,1,131.663051481485,1,4.87092618157981,138,1,20.2299995422363,36.5699996948242,0.278481006622314,0.238391265273094,126.961196899414,-86.134,27.483,12.2183162423571,63,63,63,63,61,63,0.256053,7819,1.11328740596807,27,-86,0.001869,51,2026-05-22 10:58:10.001157,138,1.037,0.0011,"aoml_navis",1026.49882457844
"7901009",111,0.194742165264571,1,0.239232,1,0.216804,1,130.125342217773,1,4.87067644329226,140,1,20.0779991149902,36.5740013122559,0.239232003688812,0.203136220574379,125.478401184082,-86.134,27.483,12.2183162423571,63,63,63,63,61,63,0.216804,7819,1.11328740596807,27,-86,0.001869,51,2026-05-22 10:58:10.001157,140,1.037,0.0011,"aoml_navis",1026.55145711554
"7901009",111,0.182990482877916,1,0.226149,1,0.203721,1,129.595210593842,1,4.87053649099404,142,1,19.9890003204346,36.5699996948242,0.226148992776871,0.191384524106979,124.96720123291,-86.134,27.483,12.2183162423571,63,63,63,63,61,63,0.203721,7819,1.11328740596807,27,-86,0.001869,51,2026-05-22 10:58:10.001157,142,1.037,0.0011,"aoml_navis",1026.58095453044
"7901009",111,0.18634810641696,1,0.229887,1,0.207459,1,128.661253555228,1,4.87044045016686,144,1,19.9230003356934,36.5620002746582,0.229886993765831,0.194742158055305,124.066596984863,-86.134,27.483,12.2183162423571,63,63,63,63,61,63,0.207459,7819,1.11328740596807,27,-86,0.001869,51,2026-05-22 10:58:10.001157,144,1.037,0.0011,"aoml_navis",1026.60119780927
"7901009",111,0.172917612260783,1,0.214935,1,0.192507,1,127.42739443308,1,4.8703152704854,146,1,19.8509998321533,36.560001373291,0.214935004711151,0.181311666965485,122.876800537109,-86.134,27.483,12.2183162423571,63,63,63,63,61,63,0.192507,7819,1.11328740596807,27,-86,0.001869,51,2026-05-22 10:58:10.001157,146,1.037,0.0011,"aoml_navis",1026.62758411155
"7901009",111,0.142699000409384,1,0.181293,1,0.158865,1,127.64206118761,1,4.86998925576036,148,1,19.576000213623,36.5429992675781,0.181292995810509,0.151093050837517,123.083801269531,-86.134,27.483,12.2183162423571,63,63,63,63,61,63,0.158865,7819,1.11328740596807,27,-86,0.001869,51,2026-05-22 10:58:10.001157,148,1.037,0.0011,"aoml_navis",1026.69631028156
"7901009",111,0.141020188639862,1,0.179424,1,0.156996,1,127.591764985393,1,4.86988439687768,150,1,19.5049991607666,36.5359992980957,0.179424002766609,0.149414241313934,123.035301208496,-86.134,27.483,12.2183162423571,63,63,63,63,61,63,0.156996,7819,1.11328740596807,27,-86,0.001869,51,2026-05-22 10:58:10.001157,150,1.037,0.0011,"aoml_navis",1026.71841721864
"7901009",111,0.134304941561773,1,0.171948,1,0.14952,1,127.621007515422,1,4.86979284276288,152,1,19.4589996337891,36.5340003967285,0.171948000788689,0.142699003219604,123.063499450684,-86.134,27.483,12.2183162423571,63,63,63,63,61,63,0.14952,7819,1.11328740596807,27,-86,0.001869,51,2026-05-22 10:58:10.001157,152,1.037,0.0011,"aoml_navis",1026.73771994852
"7901009",111,0.132626129792251,1,0.170079,1,0.147651,1,127.718799093116,1,4.86970749618639,154,1,19.4150009155273,36.5309982299805,0.170078992843628,0.141020178794861,123.15779876709,-86.134,27.483,12.2183162423571,63,63,63,63,61,63,0.147651,7819,1.11328740596807,27,-86,0.001869,51,2026-05-22 10:58:10.001157,154,1.037,0.0011,"aoml_navis",1026.75571457129
"7901009",111,0.130947318022729,1,0.16821,1,0.145782,1,128.299432629702,1,4.86959706420977,156,1,19.3449993133545,36.5260009765625,0.168209999799728,0.139341369271278,123.717697143555,-86.134,27.483,12.2183162423571,63,63,63,63,61,63,0.145782,7819,1.11328740596807,27,-86,0.001869,51,2026-05-22 10:58:10.001157,156,1.037,0.0011,"aoml_navis",1026.77899918017
"7901009",111,0.122553259175118,1,0.158865,1,0.136437,1,129.320191561428,1,4.86946676071136,158,1,19.2530002593994,36.5190010070801,0.158865004777908,0.130947321653366,124.702003479004,-86.134,27.483,12.2183162423571,63,63,63,63,61,63,0.136437,7819,1.11328740596807,27,-86,0.001869,51,2026-05-22 10:58:10.001157,158,1.037,0.0011,"aoml_navis",1026.80647506249
"7901009",111,0.0990498944018076,1,0.132699,1,0.110271,1,129.858409187981,1,4.86929398290516,160,1,19.1000003814697,36.5029983520508,0.132698997855186,0.107443951070309,125.221000671387,-86.134,27.483,12.2183162423571,63,63,63,63,61,63,0.110271,7819,1.11328740596807,27,-86,0.001869,51,2026-05-22 10:58:10.001157,160,1.037,0.0011,"aoml_navis",1026.84290937325
"7901009",111,0.0872982120151525,1,0.119616,1,0.097188,1,130.056587459669,1,4.86914767436152,162,1,18.9559993743896,36.4830017089844,0.119616001844406,0.0956922620534897,125.412101745605,-86.134,27.483,12.2183162423571,63,63,63,63,61,63,0.097188,7819,1.11328740596807,27,-86,0.001869,51,2026-05-22 10:58:10.001157,162,1.037,0.0011,"aoml_navis",1026.87376403215
"7901009",111,0.0688312825504087,1,0.099057,1,0.076629,1,130.31117786315,1,4.86894225188059,164,1,18.7569999694824,36.4609985351562,0.0990569964051247,0.0772253423929214,125.657600402832,-86.134,27.483,12.2183162423571,63,63,63,63,61,63,0.076629,7819,1.11328740596807,27,-86,0.001869,51,2026-05-22 10:58:10.001157,164,1.037,0.0011,"aoml_navis",1026.91708821742
"7901009",111,0.0587584119332757,1,0.087843,1,0.065415,1,130.322167547731,1,4.8687298896912,166,1,18.5419998168945,36.4360008239746,0.0878430008888245,0.0671524703502655,125.668197631836,-86.134,27.483,12.2183162423571,63,63,63,63,61,63,0.065415,7819,1.11328740596807,27,-86,0.001869,51,2026-05-22 10:58:10.001157,166,1.037,0.0011,"aoml_navis",1026.96187985017
"7901009",111,0.0554007883942314,1,0.084105,1,0.061677,1,130.353490917965,1,4.86854827912378,168,1,18.363000869751,36.4150009155273,0.0841049998998642,0.0637948513031006,125.698402404785,-86.134,27.483,12.2183162423571,63,63,63,63,61,63,0.061677,7819,1.11328740596807,27,-86,0.001869,51,2026-05-22 10:58:10.001157,168,1.037,0.0011,"aoml_navis",1027.00018842164
"7901009",111,0.0419702942380541,1,0.069153,1,0.046725,1,130.155518356715,1,4.86842175365833,170,1,18.2469997406006,36.4000015258789,0.0691530033946037,0.0503643527626991,125.507499694824,-86.134,27.483,12.2183162423571,63,63,63,63,61,63,0.046725,7819,1.11328740596807,27,-86,0.001869,51,2026-05-22 10:58:10.001157,170,1.037,0.0011,"aoml_navis",1027.02687914062
"7901009",111,0.0352550471599654,1,0.061677,1,0.039249,1,129.762896248991,1,4.86827810574912,172,1,18.0979995727539,36.3790016174316,0.0616770014166832,0.0436491072177887,125.128898620605,-86.134,27.483,12.2183162423571,63,63,63,63,61,63,0.039249,7819,1.11328740596807,27,-86,0.001869,51,2026-05-22 10:58:10.001157,172,1.037,0.0011,"aoml_navis",1027.05718354408
"7901009",111,0.0302186118513989,1,0.05607,1,0.033642,1,129.741636866364,1,4.86801983427756,174,1,17.8239994049072,36.3489990234375,0.0560699999332428,0.0386126711964607,125.1083984375,-86.134,27.483,12.2183162423571,63,63,63,63,61,63,0.033642,7819,1.11328740596807,27,-86,0.001869,51,2026-05-22 10:58:10.001157,174,1.037,0.0011,"aoml_navis",1027.1116737843
"7901009",111,0.0218245530037881,1,0.046725,1,0.024297,1,130.229352580261,1,4.86785438068913,176,1,17.6450004577637,36.3250007629395,0.0467250011861324,0.0302186124026775,125.57869720459,-86.134,27.483,12.2183162423571,63,63,63,63,61,63,0.024297,7819,1.11328740596807,27,-86,0.001869,51,2026-05-22 10:58:10.001157,176,1.037,0.0011,"aoml_navis",1027.1465843011
"7901009",111,0.0184669294647438,1,0.042987,1,0.020559,1,130.785720197042,1,4.86775657869587,178,1,17.5629997253418,36.3139991760254,0.0429870001971722,0.0268609877675772,126.115196228027,-86.134,27.483,12.2183162423571,63,63,63,63,61,63,0.020559,7819,1.11328740596807,27,-86,0.001869,51,2026-05-22 10:58:10.001157,178,1.037,0.0011,"aoml_navis",1027.16722152519
"7901009",111,0.0151093059256995,1,0.039249,1,0.016821,1,131.313058906173,1,4.86767633465149,180,1,17.5020008087158,36.3050003051758,0.0392489992082119,0.0235033631324768,126.62370300293,-86.134,27.483,12.2183162423571,63,63,63,63,61,63,0.016821,7819,1.11328740596807,27,-86,0.001869,51,2026-05-22 10:58:10.001157,180,1.037,0.0011,"aoml_navis",1027.18415446124
"7901009",111,0.0184669294647438,1,0.042987,1,0.020559,1,132.337022173577,1,4.86761454541693,182,1,17.4659996032715,36.298999786377,0.0429870001971722,0.0268609877675772,127.611099243164,-86.134,27.483,12.2183162423571,63,63,63,63,61,63,0.020559,7819,1.11328740596807,27,-86,0.001869,51,2026-05-22 10:58:10.001157,182,1.037,0.0011,"aoml_navis",1027.19719348109
"7901009",111,0.00839405884761082,1,0.031773,1,0.009345,1,134.213750151901,1,4.86749999189031,184,1,17.3659992218018,36.2869987487793,0.0317730009555817,0.0167881175875664,129.420806884766,-86.134,27.483,12.2183162423571,63,63,63,63,61,63,0.009345,7819,1.11328740596807,27,-86,0.001869,51,2026-05-22 10:58:10.001157,184,1.037,0.0011,"aoml_navis",1027.22136791586
"7901009",111,0.00671524707808865,1,0.029904,1,0.007476,1,134.744593850427,1,4.86740062344957,186,1,17.2849998474121,36.2770004272461,0.0299040004611015,0.0151093062013388,129.932693481445,-86.134,27.483,12.2183162423571,63,63,63,63,61,63,0.007476,7819,1.11328740596807,27,-86,0.001869,51,2026-05-22 10:58:10.001157,186,1.037,0.0011,"aoml_navis",1027.24233873653
"7901009",111,0.00671524707808865,1,0.029904,1,0.007476,1,134.838761759626,1,4.86731311257105,188,1,17.2140007019043,36.2669982910156,0.0299040004611015,0.0151093062013388,130.023498535156,-86.134,27.483,12.2183162423571,63,63,63,63,61,63,0.007476,7819,1.11328740596807,27,-86,0.001869,51,2026-05-22 10:58:10.001157,188,1.037,0.0011,"aoml_navis",1027.26080783384
"7901009",111,0.00167881176952216,1,0.024297,1,0.001869,1,134.390866839462,1,4.86723486709201,190,1,17.1539993286133,36.257999420166,0.0242970008403063,0.0100728701800108,129.591598510742,-86.134,27.483,12.2183162423571,63,63,63,63,61,63,0.001869,7819,1.11328740596807,27,-86,0.001869,51,2026-05-22 10:58:10.001157,190,1.037,0.0011,"aoml_navis",1027.27732203877
"7901009",111,-0.00167881176952216,1,0.020559,1,-0.001869,1,134.112524792272,1,4.86714346352286,192,1,17.0729999542236,36.2459983825684,0.020558999851346,0.00671524694189429,129.323196411133,-86.134,27.483,12.2183162423571,63,63,63,63,61,63,-0.001869,7819,1.11328740596807,27,-86,0.001869,51,2026-05-22 10:58:10.001157,192,1.037,0.0011,"aoml_navis",1027.29661401453
"7901009",111,0.00335762353904433,1,0.026166,1,0.003738,1,134.078408507239,1,4.86706803800092,194,1,17.011999130249,36.2360000610352,0.0261659994721413,0.0117516815662384,129.290298461914,-86.134,27.483,12.2183162423571,63,63,63,63,61,63,0.003738,7819,1.11328740596807,27,-86,0.001869,51,2026-05-22 10:58:10.001157,194,1.037,0.0011,"aoml_navis",1027.31253415017
"7901009",111,0.00335762353904433,1,0.026166,1,0.003738,1,134.013799605665,1,4.86701460799338,196,1,16.9890003204346,36.2319984436035,0.0261659994721413,0.0117516815662384,129.227996826172,-86.134,27.483,12.2183162423571,63,63,63,63,61,63,0.003738,7819,1.11328740596807,27,-86,0.001869,51,2026-05-22 10:58:10.001157,196,1.037,0.0011,"aoml_navis",1027.32381197053
"7901009",111,0.00167881176952216,1,0.024297,1,0.001869,1,133.959982590174,1,4.86696940605416,198,1,16.9699993133545,36.2270011901855,0.0242970008403063,0.0100728701800108,129.17610168457,-86.134,27.483,12.2183162423571,63,63,63,63,61,63,0.001869,7819,1.11328740596807,27,-86,0.001869,51,2026-05-22 10:58:10.001157,198,1.037,0.0011,"aoml_navis",1027.33335323217
"7901009",111,-0.00335762353904433,1,0.01869,1,-0.003738,1,134.366292353999,1,4.86684736883014,200,1,16.8490009307861,36.2109985351562,0.0186899993568659,0.0050364350900054,129.567901611328,-86.134,27.483,12.2183162423571,63,63,63,63,61,63,-0.003738,7819,1.11328740596807,27,-86,0.001869,51,2026-05-22 10:58:10.001157,200,1.037,0.0011,"aoml_navis",1027.35911383263
"7901009",111,0,1,0.022428,1,0,1,134.55855249461,1,4.86676948521058,202,1,16.7789993286133,36.1990013122559,0.0224280003458261,0.00839405879378319,129.753295898438,-86.134,27.483,12.2183162423571,63,63,63,63,61,63,0,7819,1.11328740596807,27,-86,0.001869,51,2026-05-22 10:58:10.001157,202,1.037,0.0011,"aoml_navis",1027.37555480988
"7901009",111,0.00167881176952216,1,0.024297,1,0.001869,1,134.76897844933,1,4.86668341295687,204,1,16.7080001831055,36.1889991760254,0.0242970008403063,0.0100728701800108,129.956207275391,-86.134,27.483,12.2183162423571,63,63,63,63,61,63,0.001869,7819,1.11328740596807,27,-86,0.001869,51,2026-05-22 10:58:10.001157,204,1.037,0.0011,"aoml_navis",1027.39372499312
"7901009",111,0.00167881176952216,1,0.024297,1,0.001869,1,135.105172601382,1,4.86661092109368,206,1,16.6520004272461,36.1800003051758,0.0242970008403063,0.0100728701800108,130.280395507812,-86.134,27.483,12.2183162423571,63,63,63,63,61,63,0.001869,7819,1.11328740596807,27,-86,0.001869,51,2026-05-22 10:58:10.001157,206,1.037,0.0011,"aoml_navis",1027.4090288024
"7901009",111,-0.00335762353904433,1,0.01869,1,-0.003738,1,135.744204166686,1,4.86653855404947,208,1,16.5960006713867,36.1710014343262,0.0186899993568659,0.0050364350900054,130.896606445312,-86.134,27.483,12.2183162423571,63,63,63,63,61,63,-0.003738,7819,1.11328740596807,27,-86,0.001869,51,2026-05-22 10:58:10.001157,208,1.037,0.0011,"aoml_navis",1027.4243067158
"7901009",111,0,1,0.022428,1,0,1,136.536600775842,1,4.86648458622706,210,1,16.5690002441406,36.1660003662109,0.0224280003458261,0.00839405879378319,131.660705566406,-86.134,27.483,12.2183162423571,63,63,63,63,61,63,0,7819,1.11328740596807,27,-86,0.001869,51,2026-05-22 10:58:10.001157,210,1.037,0.0011,"aoml_navis",1027.43570053644
"7901009",111,-0.00167881176952216,1,0.020559,1,-0.001869,1,137.009592369506,1,4.86642749380396,212,1,16.5359992980957,36.1599998474121,0.020558999851346,0.00671524694189429,132.116806030273,-86.134,27.483,12.2183162423571,63,63,63,63,61,63,-0.001869,7819,1.11328740596807,27,-86,0.001869,51,2026-05-22 10:58:10.001157,212,1.037,0.0011,"aoml_navis",1027.44775430562
"7901009",111,-0.00839405884761082,1,0.013083,1,-0.009345,1,136.776047726273,1,4.86632057831487,214,1,16.4330005645752,36.1459999084473,0.0130829997360706,0,131.8916015625,-86.134,27.483,12.2183162423571,63,63,63,63,61,63,-0.009345,7819,1.11328740596807,27,-86,0.001869,51,2026-05-22 10:58:10.001157,214,1.037,0.0011,"aoml_navis",1027.47032784499
"7901009",111,0,1,0.022428,1,0,1,136.882653205063,1,4.86623205934663,216,1,16.3460006713867,36.1319999694824,0.0224280003458261,0.00839405879378319,131.994400024414,-86.134,27.483,12.2183162423571,63,63,63,63,61,63,0,7819,1.11328740596807,27,-86,0.001869,51,2026-05-22 10:58:10.001157,216,1.037,0.0011,"aoml_navis",1027.48901799626
"7901009",111,0,1,0.020559,1,-0.001869,1,136.926517000106,1,4.86618144711542,218,1,16.3250007629395,36.1279983520508,0.020558999851346,0.00671524694189429,132.036697387695,-86.134,27.483,12.2183162423571,63,63,63,63,61,63,0,7819,1.11328740596807,27,-86,0.001869,51,2026-05-22 10:58:10.001157,218,1.037,0.0011,"aoml_navis",1027.49970471485
"7901009",111,0,1,0.01869,1,-0.003738,1,136.836083526559,1,4.8661370242441,220,1,16.3159999847412,36.1259994506836,0.0186899993568659,0.0050364350900054,131.949493408203,-86.134,27.483,12.2183162423571,63,63,63,63,61,63,0,7819,1.11328740596807,27,-86,0.001869,51,2026-05-22 10:58:10.001157,220,1.037,0.0011,"aoml_navis",1027.5090847399
"7901009",111,0,1,0.01869,1,-0.003738,1,136.43175174772,1,4.86607435905073,222,1,16.2679996490479,36.117000579834,0.0186899993568659,0.0050364350900054,131.559600830078,-86.134,27.483,12.2183162423571,63,63,63,63,61,63,0,7819,1.11328740596807,27,-86,0.001869,51,2026-05-22 10:58:10.001157,222,1.037,0.0011,"aoml_navis",1027.5223169782
"7901009",111,0,1,0.020559,1,-0.001869,1,135.665907609012,1,4.8660087297846,224,1,16.2140007019043,36.1069984436035,0.020558999851346,0.00671524694189429,130.821105957031,-86.134,27.483,12.2183162423571,63,63,63,63,61,63,0,7819,1.11328740596807,27,-86,0.001869,51,2026-05-22 10:58:10.001157,224,1.037,0.0011,"aoml_navis",1027.53617546866
"7901009",111,0,1,0.024297,1,0.001869,1,134.54745995481,1,4.86592008032913,226,1,16.1359996795654,36.0960006713867,0.0242970008403063,0.0100728701800108,129.742599487305,-86.134,27.483,12.2183162423571,63,63,63,63,61,63,0,7819,1.11328740596807,27,-86,0.001869,51,2026-05-22 10:58:10.001157,226,1.037,0.0011,"aoml_navis",1027.55489557112
"7901009",111,0,1,0.01869,1,-0.003738,1,133.022291115907,1,4.86584856419649,228,1,16.0830001831055,36.0880012512207,0.0186899993568659,0.0050364350900054,128.271896362305,-86.134,27.483,12.2183162423571,63,63,63,63,61,63,0,7819,1.11328740596807,27,-86,0.001869,51,2026-05-22 10:58:10.001157,228,1.037,0.0011,"aoml_navis",1027.56999812748
"7901009",111,0,1,0.022428,1,0,1,131.62219422362,1,4.86578381923635,230,1,16.0359992980957,36.0800018310547,0.0224280003458261,0.00839405879378319,126.921798706055,-86.134,27.483,12.2183162423571,63,63,63,63,61,63,0,7819,1.11328740596807,27,-86,0.001869,51,2026-05-22 10:58:10.001157,230,1.037,0.0011,"aoml_navis",1027.58367115141
"7901009",111,0,1,0.01869,1,-0.003738,1,130.217223576329,1,4.86571552732106,232,1,15.9890003204346,36.0730018615723,0.0186899993568659,0.0050364350900054,125.567001342773,-86.134,27.483,12.2183162423571,63,63,63,63,61,63,0,7819,1.11328740596807,27,-86,0.001869,51,2026-05-22 10:58:10.001157,232,1.037,0.0011,"aoml_navis",1027.59809362568
"7901009",111,0,1,0.01869,1,-0.003738,1,129.473255951563,1,4.86564354589381,234,1,15.9320001602173,36.0639991760254,0.0186899993568659,0.0050364350900054,124.849601745605,-86.134,27.483,12.2183162423571,63,63,63,63,61,63,0,7819,1.11328740596807,27,-86,0.001869,51,2026-05-22 10:58:10.001157,234,1.037,0.0011,"aoml_navis",1027.61329572109
"7901009",111,0,1,0.020559,1,-0.001869,1,128.615111121481,1,4.86557278531245,236,1,15.8760004043579,36.0550003051758,0.020558999851346,0.00671524694189429,124.022102355957,-86.134,27.483,12.2183162423571,63,63,63,63,61,63,0,7819,1.11328740596807,27,-86,0.001869,51,2026-05-22 10:58:10.001157,236,1.037,0.0011,"aoml_navis",1027.62824041875
"7901009",111,0,1,0.020559,1,-0.001869,1,127.645067724788,1,4.8655058918825,238,1,15.8299999237061,36.0480003356934,0.020558999851346,0.00671524694189429,123.086700439453,-86.134,27.483,12.2183162423571,63,63,63,63,61,63,0,7819,1.11328740596807,27,-86,0.001869,51,2026-05-22 10:58:10.001157,238,1.037,0.0011,"aoml_navis",1027.6423687703
"7901009",111,0,1,0.022428,1,0,1,127.448448105268,1,4.86544018230909,240,1,15.7849998474121,36.0410003662109,0.0224280003458261,0.00839405879378319,122.897102355957,-86.134,27.483,12.2183162423571,63,63,63,63,61,63,0,7819,1.11328740596807,27,-86,0.001869,51,2026-05-22 10:58:10.001157,240,1.037,0.0011,"aoml_navis",1027.65624746147
"7901009",111,0,1,0.01869,1,-0.003738,1,127.827793977768,1,4.86537010880763,242,1,15.7259998321533,36.0309982299805,0.0186899993568659,0.0050364350900054,123.262901306152,-86.134,27.483,12.2183162423571,63,63,63,63,61,63,0,7819,1.11328740596807,27,-86,0.001869,51,2026-05-22 10:58:10.001157,242,1.037,0.0011,"aoml_navis",1027.67104828236
"7901009",111,0,1,0.01869,1,-0.003738,1,128.020884872074,1,4.86528260765474,244,1,15.6309995651245,36.0149993896484,0.0186899993568659,0.0050364350900054,123.449096679688,-86.134,27.483,12.2183162423571,63,63,63,63,61,63,0,7819,1.11328740596807,27,-86,0.001869,51,2026-05-22 10:58:10.001157,244,1.037,0.0011,"aoml_navis",1027.68953074448
"7901009",111,0,1,0.020559,1,-0.001869,1,127.60876774433,1,4.86519920329825,246.100006103516,1,15.5480003356934,36.0009994506836,0.020558999851346,0.00671524694189429,123.051696777344,-86.134,27.483,12.2183162423571,63,63,63,63,61,63,0,7819,1.11328740596807,27,-86,0.001869,51,2026-05-22 10:58:10.001157,246.100006103516,1.037,0.0011,"aoml_navis",1027.70714847819
"7901009",111,0,1,0.01869,1,-0.003738,1,126.676060792228,1,4.86513797705509,248,1,15.4879999160767,35.9889984130859,0.0186899993568659,0.0050364350900054,122.152297973633,-86.134,27.483,12.2183162423571,63,63,63,63,61,63,0,7819,1.11328740596807,27,-86,0.001869,51,2026-05-22 10:58:10.001157,248,1.037,0.0011,"aoml_navis",1027.72008185193
"7901009",111,0,1,0.022428,1,0,1,125.516866647321,1,4.86503330943939,250,1,15.3830003738403,35.9749984741211,0.0224280003458261,0.00839405879378319,121.03450012207,-86.134,27.483,12.2183162423571,63,63,63,63,61,63,0,7819,1.11328740596807,27,-86,0.001869,51,2026-05-22 10:58:10.001157,250,1.037,0.0011,"aoml_navis",1027.74219249409
"7901009",111,0,1,0.026166,1,0.003738,1,124.778081343217,1,4.86493031815216,252,1,15.2690000534058,35.9580001831055,0.0261659994721413,0.0117516815662384,120.32209777832,-86.134,27.483,12.2183162423571,63,63,63,63,61,63,0,7819,1.11328740596807,27,-86,0.001869,51,2026-05-22 10:58:10.001157,252,1.037,0.0011,"aoml_navis",1027.7639499468
"7901009",111,0,1,0.01869,1,-0.003738,1,124.537803639093,1,4.86486429874278,254,1,15.2159996032715,35.9490013122559,0.0186899993568659,0.0050364350900054,120.090400695801,-86.134,27.483,12.2183162423571,63,63,63,63,61,63,0,7819,1.11328740596807,27,-86,0.001869,51,2026-05-22 10:58:10.001157,254,1.037,0.0011,"aoml_navis",1027.77789737982
"7901009",111,0,1,0.022428,1,0,1,124.06325339326,1,4.86480680850979,256,1,15.1809997558594,35.943000793457,0.0224280003458261,0.00839405879378319,119.632797241211,-86.134,27.483,12.2183162423571,63,63,63,63,61,63,0,7819,1.11328740596807,27,-86,0.001869,51,2026-05-22 10:58:10.001157,256,1.037,0.0011,"aoml_navis",1027.79004322509
"7901009",111,0,1,0.020559,1,-0.001869,1,123.399038123118,1,4.8647502092367,258,1,15.1400003433228,35.935001373291,0.020558999851346,0.00671524694189429,118.992301940918,-86.134,27.483,12.2183162423571,63,63,63,63,61,63,0,7819,1.11328740596807,27,-86,0.001869,51,2026-05-22 10:58:10.001157,258,1.037,0.0011,"aoml_navis",1027.8020011195
"7901009",111,0,1,0.020559,1,-0.001869,1,123.021242990847,1,4.86468126507301,260,1,15.0839996337891,35.9259986877441,0.020558999851346,0.00671524694189429,118.627998352051,-86.134,27.483,12.2183162423571,63,63,63,63,61,63,0,7819,1.11328740596807,27,-86,0.001869,51,2026-05-22 10:58:10.001157,260,1.037,0.0011,"aoml_navis",1027.81656753106
"7901009",111,0,1,0.020559,1,-0.001869,1,121.823992414815,1,4.86461991500851,262,1,15.0349998474121,35.9169998168945,0.020558999851346,0.00671524694189429,117.473503112793,-86.134,27.483,12.2183162423571,63,63,63,63,61,63,0,7819,1.11328740596807,27,-86,0.001869,51,2026-05-22 10:58:10.001157,262,1.037,0.0011,"aoml_navis",1027.82952982078
"7901009",111,0,1,0.014952,1,-0.007476,1,120.768183589142,1,4.86450581108191,264,1,14.9090003967285,35.9000015258789,0.0149520002305508,0.00167881173547357,116.45539855957,-86.134,27.483,12.2183162423571,63,63,63,63,61,63,0,7819,1.11328740596807,27,-86,0.001869,51,2026-05-22 10:58:10.001157,264,1.037,0.0011,"aoml_navis",1027.85363902936
"7901009",111,0,1,0.022428,1,0,1,120.258694216522,1,4.86443891994872,266,1,14.8509998321533,35.8899993896484,0.0224280003458261,0.00839405879378319,115.96410369873,-86.134,27.483,12.2183162423571,63,63,63,63,61,63,0,7819,1.11328740596807,27,-86,0.001869,51,2026-05-22 10:58:10.001157,266,1.037,0.0011,"aoml_navis",1027.86777309411
"7901009",111,0,1,0.020559,1,-0.001869,1,119.985843055653,1,4.86438677175759,268,1,14.8240003585815,35.8849983215332,0.020558999851346,0.00671524694189429,115.700996398926,-86.134,27.483,12.2183162423571,63,63,63,63,61,63,0,7819,1.11328740596807,27,-86,0.001869,51,2026-05-22 10:58:10.001157,268,1.037,0.0011,"aoml_navis",1027.87879225184
"7901009",111,0,1,0.020559,1,-0.001869,1,119.70522236976,1,4.86433192804061,270,1,14.7910003662109,35.8790016174316,0.020558999851346,0.00671524694189429,115.430397033691,-86.134,27.483,12.2183162423571,63,63,63,63,61,63,0,7819,1.11328740596807,27,-86,0.001869,51,2026-05-22 10:58:10.001157,270,1.037,0.0011,"aoml_navis",1027.89038124173
"7901009",111,0,1,0.022428,1,0,1,119.474486465206,1,4.86424995426539,272,1,14.7150001525879,35.8680000305176,0.0224280003458261,0.00839405879378319,115.207901000977,-86.134,27.483,12.2183162423571,63,63,63,63,61,63,0,7819,1.11328740596807,27,-86,0.001869,51,2026-05-22 10:58:10.001157,272,1.037,0.0011,"aoml_navis",1027.90770355367
"7901009",111,0,1,0.01869,1,-0.003738,1,118.954102351285,1,4.86418934075702,274,1,14.6660003662109,35.859001159668,0.0186899993568659,0.0050364350900054,114.706100463867,-86.134,27.483,12.2183162423571,63,63,63,63,61,63,0,7819,1.11328740596807,27,-86,0.001869,51,2026-05-22 10:58:10.001157,274,1.037,0.0011,"aoml_navis",1027.92051249013
"7901009",111,0,1,0.014952,1,-0.007476,1,118.588032714009,1,4.86409346749327,276,1,14.5590000152588,35.8429985046387,0.0149520002305508,0.00167881173547357,114.353103637695,-86.134,27.483,12.2183162423571,63,63,63,63,61,63,0,7819,1.11328740596807,27,-86,0.001869,51,2026-05-22 10:58:10.001157,276,1.037,0.0011,"aoml_navis",1027.94077322218
"7901009",111,0,1,0.022428,1,0,1,118.383216324709,1,4.86402007490201,278,1,14.4940004348755,35.8330001831055,0.0224280003458261,0.00839405879378319,114.155601501465,-86.134,27.483,12.2183162423571,63,63,63,63,61,63,0,7819,1.11328740596807,27,-86,0.001869,51,2026-05-22 10:58:10.001157,278,1.037,0.0011,"aoml_navis",1027.95628369209
"7901009",111,0,1,0.024297,1,0.001869,1,118.208892551948,1,4.86396098962358,280,1,14.460000038147,35.8279991149902,0.0242970008403063,0.0100728701800108,113.987503051758,-86.134,27.483,12.2183162423571,63,63,63,63,61,63,0,7819,1.11328740596807,27,-86,0.001869,51,2026-05-22 10:58:10.001157,280,1.037,0.0011,"aoml_navis",1027.96877085705
"7901009",111,0,1,0.026166,1,0.003738,1,117.880879345797,1,4.86392022588505,282,1,14.4540004730225,35.826000213623,0.0261659994721413,0.0117516815662384,113.671203613281,-86.134,27.483,12.2183162423571,63,63,63,63,61,63,0,7819,1.11328740596807,27,-86,0.001869,51,2026-05-22 10:58:10.001157,282,1.037,0.0011,"aoml_navis",1027.97738609913
"7901009",111,0,1,0.01869,1,-0.003738,1,117.448119966743,1,4.86387215220649,284,1,14.4340000152588,35.8219985961914,0.0186899993568659,0.0050364350900054,113.253898620605,-86.134,27.483,12.2183162423571,63,63,63,63,61,63,0,7819,1.11328740596807,27,-86,0.001869,51,2026-05-22 10:58:10.001157,284,1.037,0.0011,"aoml_navis",1027.98754645139
"7901009",111,0,1,0.022428,1,0,1,117.141263288,1,4.86379026355332,286,1,14.3500003814697,35.8089981079102,0.0224280003458261,0.00839405879378319,112.958000183105,-86.134,27.483,12.2183162423571,63,63,63,63,61,63,0,7819,1.11328740596807,27,-86,0.001869,51,2026-05-22 10:58:10.001157,286,1.037,0.0011,"aoml_navis",1028.00485404713
"7901009",111,0,1,0.01869,1,-0.003738,1,117.028644734853,1,4.86371119880793,288,1,14.2790002822876,35.798999786377,0.0186899993568659,0.0050364350900054,112.849403381348,-86.134,27.483,12.2183162423571,63,63,63,63,61,63,0,7819,1.11328740596807,27,-86,0.001869,51,2026-05-22 10:58:10.001157,288,1.037,0.0011,"aoml_navis",1028.02156534818
"7901009",111,0,1,0.020559,1,-0.001869,1,116.791262800748,1,4.86366172259813,290,1,14.253999710083,35.7939987182617,0.020558999851346,0.00671524694189429,112.620498657227,-86.134,27.483,12.2183162423571,63,63,63,63,61,63,0,7819,1.11328740596807,27,-86,0.001869,51,2026-05-22 10:58:10.001157,290,1.037,0.0011,"aoml_navis",1028.03202302668
"7901009",111,0,1,0.022428,1,0,1,116.434418485445,1,4.86361585726647,292,1,14.2360000610352,35.7900009155273,0.0224280003458261,0.00839405879378319,112.276397705078,-86.134,27.483,12.2183162423571,63,63,63,63,61,63,0,7819,1.11328740596807,27,-86,0.001869,51,2026-05-22 10:58:10.001157,292,1.037,0.0011,"aoml_navis",1028.04171767179
"7901009",111,0,1,0.024297,1,0.001869,1,116.123827371049,1,4.86354436085097,294,1,14.1719999313354,35.7799987792969,0.0242970008403063,0.0100728701800108,111.976898193359,-86.134,27.483,12.2183162423571,63,63,63,63,61,63,0,7819,1.11328740596807,27,-86,0.001869,51,2026-05-22 10:58:10.001157,294,1.037,0.0011,"aoml_navis",1028.05683037404
"7901009",111,0,1,0.022428,1,0,1,115.890290639756,1,4.86347207696269,296,1,14.1000003814697,35.7680015563965,0.0224280003458261,0.00839405879378319,111.75170135498,-86.134,27.483,12.2183162423571,63,63,63,63,61,63,0,7819,1.11328740596807,27,-86,0.001869,51,2026-05-22 10:58:10.001157,296,1.037,0.0011,"aoml_navis",1028.07210998168
"7901009",111,0,1,0.022428,1,0,1,115.836362857105,1,4.86340253745598,298,1,14.0340003967285,35.7569999694824,0.0224280003458261,0.00839405879378319,111.699699401855,-86.134,27.483,12.2183162423571,63,63,63,63,61,63,0,7819,1.11328740596807,27,-86,0.001869,51,2026-05-22 10:58:10.001157,298,1.037,0.0011,"aoml_navis",1028.0868099015
"7901009",111,0,1,0.024297,1,0.001869,1,115.954274498074,1,4.86332409822867,300,1,13.9519996643066,35.7439994812012,0.0242970008403063,0.0100728701800108,111.813400268555,-86.134,27.483,12.2183162423571,63,63,63,63,61,63,0,7819,1.11328740596807,27,-86,0.001869,51,2026-05-22 10:58:10.001157,300,1.037,0.0011,"aoml_navis",1028.10339163312
"7901009",111,0,1,0.020559,1,-0.001869,1,116.200051000458,1,4.8632402592304,302,1,13.8680000305176,35.7319984436035,0.020558999851346,0.00671524694189429,112.050399780273,-86.134,27.483,12.2183162423571,63,63,63,63,61,63,0,7819,1.11328740596807,27,-86,0.001869,51,2026-05-22 10:58:10.001157,302,1.037,0.0011,"aoml_navis",1028.12111544562
"7901009",111,0,1,0.028035,1,0.005607,1,116.701873703274,1,4.86317214526227,304,1,13.7919998168945,35.7179985046387,0.0280349999666214,0.0134304938837886,112.534301757812,-86.134,27.483,12.2183162423571,63,63,63,63,61,63,0,7819,1.11328740596807,27,-86,0.001869,51,2026-05-22 10:58:10.001157,304,1.037,0.0011,"aoml_navis",1028.1355153901
"7901009",111,0,1,0.020559,1,-0.001869,1,116.81863811295,1,4.86307535891043,306,1,13.6730003356934,35.7000007629395,0.020558999851346,0.00671524694189429,112.646896362305,-86.134,27.483,12.2183162423571,63,63,63,63,61,63,0,7819,1.11328740596807,27,-86,0.001869,51,2026-05-22 10:58:10.001157,306,1.037,0.0011,"aoml_navis",1028.15597764462
"7901009",111,0,1,0.028035,1,0.005607,1,116.854732382969,1,4.86301382028746,308,1,13.621000289917,35.6910018920898,0.0280349999666214,0.0134304938837886,112.681701660156,-86.134,27.483,12.2183162423571,63,63,63,63,61,63,0,7819,1.11328740596807,27,-86,0.001869,51,2026-05-22 10:58:10.001157,308,1.037,0.0011,"aoml_navis",1028.16898836295
"7901009",111,0,1,0.024297,1,0.001869,1,116.943710059567,1,4.86296978793666,310,1,13.6079998016357,35.6879997253418,0.0242970008403063,0.0100728701800108,112.767501831055,-86.134,27.483,12.2183162423571,63,63,63,63,61,63,0,7819,1.11328740596807,27,-86,0.001869,51,2026-05-22 10:58:10.001157,310,1.037,0.0011,"aoml_navis",1028.17829804398
"7901009",111,0,1,0.024297,1,0.001869,1,117.391399269293,1,4.86289156289865,312,1,13.5319995880127,35.6769981384277,0.0242970008403063,0.0100728701800108,113.199203491211,-86.134,27.483,12.2183162423571,63,63,63,63,61,63,0,7819,1.11328740596807,27,-86,0.001869,51,2026-05-22 10:58:10.001157,312,1.037,0.0011,"aoml_navis",1028.1948374394
"7901009",111,0,1,0.022428,1,0,1,117.440864717816,1,4.86282394963145,314,1,13.4700002670288,35.6669998168945,0.0224280003458261,0.00839405879378319,113.24690246582,-86.134,27.483,12.2183162423571,63,63,63,63,61,63,0,7819,1.11328740596807,27,-86,0.001869,51,2026-05-22 10:58:10.001157,314,1.037,0.0011,"aoml_navis",1028.20913357946
"7901009",111,0,1,0.022428,1,0,1,117.150077189096,1,4.86277927343164,316,1,13.4490003585815,35.6619987487793,0.0224280003458261,0.00839405879378319,112.966499328613,-86.134,27.483,12.2183162423571,63,63,63,63,61,63,0,7819,1.11328740596807,27,-86,0.001869,51,2026-05-22 10:58:10.001157,316,1.037,0.0011,"aoml_navis",1028.21858012723
"7901009",111,0,1,0.020559,1,-0.001869,1,116.944121480444,1,4.86269689111246,318,1,13.3719997406006,35.6520004272461,0.020558999851346,0.00671524694189429,112.76789855957,-86.134,27.483,12.2183162423571,63,63,63,63,61,63,0,7819,1.11328740596807,27,-86,0.001869,51,2026-05-22 10:58:10.001157,318,1.037,0.0011,"aoml_navis",1028.23599989102
"7901009",111,0,1,0.026166,1,0.003738,1,116.819682489023,1,4.86264032743874,320,1,13.33899974823,35.6469993591309,0.0261659994721413,0.0117516815662384,112.647903442383,-86.134,27.483,12.2183162423571,63,63,63,63,61,63,0,7819,1.11328740596807,27,-86,0.001869,51,2026-05-22 10:58:10.001157,320,1.037,0.0011,"aoml_navis",1028.24796063698
"7901009",111,0,1,0.022428,1,0,1,116.886672884519,1,4.86258149255163,322,1,13.2889995574951,35.6380004882812,0.0224280003458261,0.00839405879378319,112.712501525879,-86.134,27.483,12.2183162423571,63,63,63,63,61,63,0,7819,1.11328740596807,27,-86,0.001869,51,2026-05-22 10:58:10.001157,322,1.037,0.0011,"aoml_navis",1028.26040194059
"7901009",111,0,1,0.026166,1,0.003738,1,116.894030988666,1,4.8625316487158,324,1,13.2700004577637,35.6349983215332,0.0261659994721413,0.0117516815662384,112.719596862793,-86.134,27.483,12.2183162423571,63,63,63,63,61,63,0,7819,1.11328740596807,27,-86,0.001869,51,2026-05-22 10:58:10.001157,324,1.037,0.0011,"aoml_navis",1028.27094222009
"7901009",111,0,1,0.020559,1,-0.001869,1,116.773223577678,1,4.86247557120892,326,1,13.2299995422363,35.6279983520508,0.020558999851346,0.00671524694189429,112.603103637695,-86.134,27.483,12.2183162423571,63,63,63,63,61,63,0,7819,1.11328740596807,27,-86,0.001869,51,2026-05-22 10:58:10.001157,326,1.037,0.0011,"aoml_navis",1028.28280096776
"7901009",111,0,1,0.026166,1,0.003738,1,116.392833329106,1,4.86241818761886,328,1,13.1960000991821,35.6230010986328,0.0261659994721413,0.0117516815662384,112.236297607422,-86.134,27.483,12.2183162423571,63,63,63,63,61,63,0,7819,1.11328740596807,27,-86,0.001869,51,2026-05-22 10:58:10.001157,328,1.037,0.0011,"aoml_navis",1028.29493619686
"7901009",111,0,1,0.024297,1,0.001869,1,115.812508358178,1,4.86235987335553,330,1,13.16100025177,35.6180000305176,0.0242970008403063,0.0100728701800108,111.676696777344,-86.134,27.483,12.2183162423571,63,63,63,63,61,63,0,7819,1.11328740596807,27,-86,0.001869,51,2026-05-22 10:58:10.001157,330,1.037,0.0011,"aoml_navis",1028.30726853409
"7901009",111,0,1,0.022428,1,0,1,115.520692277266,1,4.86230495860307,332,1,13.1219997406006,35.6110000610352,0.0224280003458261,0.00839405879378319,111.395301818848,-86.134,27.483,12.2183162423571,63,63,63,63,61,63,0,7819,1.11328740596807,27,-86,0.001869,51,2026-05-22 10:58:10.001157,332,1.037,0.0011,"aoml_navis",1028.31888221106
"7901009",111,0,1,0.024297,1,0.001869,1,115.149432407387,1,4.86224802797176,334,1,13.0920000076294,35.6069984436035,0.0242970008403063,0.0100728701800108,111.037300109863,-86.134,27.483,12.2183162423571,63,63,63,63,61,63,0,7819,1.11328740596807,27,-86,0.001869,51,2026-05-22 10:58:10.001157,334,1.037,0.0011,"aoml_navis",1028.33092249424
"7901009",111,0,1,0.022428,1,0,1,115.037430985556,1,4.86217394476354,336,1,13.0260000228882,35.5979995727539,0.0224280003458261,0.00839405879378319,110.929298400879,-86.134,27.483,12.2183162423571,63,63,63,63,61,63,0,7819,1.11328740596807,27,-86,0.001869,51,2026-05-22 10:58:10.001157,336,1.037,0.0011,"aoml_navis",1028.34659080531
"7901009",111,0,1,0.020559,1,-0.001869,1,114.861865038224,1,4.86211826163409,338,1,12.9860000610352,35.5909996032715,0.020558999851346,0.00671524694189429,110.76000213623,-86.134,27.483,12.2183162423571,63,63,63,63,61,63,0,7819,1.11328740596807,27,-86,0.001869,51,2026-05-22 10:58:10.001157,338,1.037,0.0011,"aoml_navis",1028.35836788543
"7901009",111,0,1,0.024297,1,0.001869,1,114.63122407695,1,4.86207201291661,340,1,12.9630002975464,35.5859985351562,0.0242970008403063,0.0100728701800108,110.53759765625,-86.134,27.483,12.2183162423571,63,63,63,63,61,63,0,7819,1.11328740596807,27,-86,0.001869,51,2026-05-22 10:58:10.001157,340,1.037,0.0011,"aoml_navis",1028.36814977585
"7901009",111,0,1,0.022428,1,0,1,114.53716693491,1,4.86199606509249,342,1,12.8909997940063,35.576000213623,0.0224280003458261,0.00839405879378319,110.446899414062,-86.134,27.483,12.2183162423571,63,63,63,63,61,63,0,7819,1.11328740596807,27,-86,0.001869,51,2026-05-22 10:58:10.001157,342,1.037,0.0011,"aoml_navis",1028.38421361513
"7901009",111,0,1,0.026166,1,0.003738,1,114.644397456955,1,4.86190966068235,344,1,12.7779998779297,35.5579986572266,0.0261659994721413,0.0117516815662384,110.550300598145,-86.134,27.483,12.2183162423571,63,63,63,63,61,63,0,7819,1.11328740596807,27,-86,0.001869,51,2026-05-22 10:58:10.001157,344,1.037,0.0011,"aoml_navis",1028.40248975302
"7901009",111,0,1,0.020559,1,-0.001869,1,114.519230567059,1,4.86184735920379,346,1,12.7270002365112,35.5499992370605,0.020558999851346,0.00671524694189429,110.42960357666,-86.134,27.483,12.2183162423571,63,63,63,63,61,63,0,7819,1.11328740596807,27,-86,0.001869,51,2026-05-22 10:58:10.001157,346,1.037,0.0011,"aoml_navis",1028.41566807619
"7901009",111,0,1,0.024297,1,0.001869,1,114.395511562173,1,4.86177601276425,348,1,12.6590003967285,35.5400009155273,0.0242970008403063,0.0100728701800108,110.310302734375,-86.134,27.483,12.2183162423571,63,63,63,63,61,63,0,7819,1.11328740596807,27,-86,0.001869,51,2026-05-22 10:58:10.001157,348,1.037,0.0011,"aoml_navis",1028.43076005
"7901009",111,0,1,0.026166,1,0.003738,1,114.093940059311,1,4.86172963501168,350,1,12.6280002593994,35.5330009460449,0.0261659994721413,0.0117516815662384,110.019500732422,-86.134,27.483,12.2183162423571,63,63,63,63,61,63,0,7819,1.11328740596807,27,-86,0.001869,51,2026-05-22 10:58:10.001157,350,1.037,0.0011,"aoml_navis",1028.44057061351
"7901009",111,0,1,0.020559,1,-0.001869,1,114.089272014745,1,4.86162951971042,352,1,12.5069999694824,35.5169982910156,0.020558999851346,0.00671524694189429,110.014999389648,-86.134,27.483,12.2183162423571,63,63,63,63,61,63,0,7819,1.11328740596807,27,-86,0.001869,51,2026-05-22 10:58:10.001157,352,1.037,0.0011,"aoml_navis",1028.46174924037
"7901009",111,0,1,0.024297,1,0.001869,1,113.927805144391,1,4.8615642110914,354,1,12.4370002746582,35.5050010681152,0.0242970008403063,0.0100728701800108,109.859298706055,-86.134,27.483,12.2183162423571,63,63,63,63,61,63,0,7819,1.11328740596807,27,-86,0.001869,51,2026-05-22 10:58:10.001157,354,1.037,0.0011,"aoml_navis",1028.47556524971
"7901009",111,0,1,0.028035,1,0.005607,1,113.708683967674,1,4.86150359971315,356,1,12.3870000839233,35.4970016479492,0.0280349999666214,0.0134304938837886,109.648002624512,-86.134,27.483,12.2183162423571,63,63,63,63,61,63,0,7819,1.11328740596807,27,-86,0.001869,51,2026-05-22 10:58:10.001157,356,1.037,0.0011,"aoml_navis",1028.48838789197
"7901009",111,0,1,0.026166,1,0.003738,1,113.49598728619,1,4.86144039016256,358,1,12.3380002975464,35.4900016784668,0.0261659994721413,0.0117516815662384,109.442901611328,-86.134,27.483,12.2183162423571,63,63,63,63,61,63,0,7819,1.11328740596807,27,-86,0.001869,51,2026-05-22 10:58:10.001157,358,1.037,0.0011,"aoml_navis",1028.50176053127
"7901009",111,0,1,0.026166,1,0.003738,1,113.363865801085,1,4.86136609464825,360,1,12.2580003738403,35.4780006408691,0.0261659994721413,0.0117516815662384,109.315498352051,-86.134,27.483,12.2183162423571,63,63,63,63,61,63,0,7819,1.11328740596807,27,-86,0.001869,51,2026-05-22 10:58:10.001157,360,1.037,0.0011,"aoml_navis",1028.51747896633
"7901009",111,0,1,0.026166,1,0.003738,1,113.220960341837,1,4.86129233841411,362,1,12.1859998703003,35.4679985046387,0.0261659994721413,0.0117516815662384,109.177696228027,-86.134,27.483,12.2183162423571,63,63,63,63,61,63,0,7819,1.11328740596807,27,-86,0.001869,51,2026-05-22 10:58:10.001157,362,1.037,0.0011,"aoml_navis",1028.53308378305
"7901009",111,0,1,0.024297,1,0.001869,1,112.998832627942,1,4.86123746794093,364,1,12.1569995880127,35.4640007019043,0.0242970008403063,0.0100728701800108,108.963500976562,-86.134,27.483,12.2183162423571,63,63,63,63,61,63,0,7819,1.11328740596807,27,-86,0.001869,51,2026-05-22 10:58:10.001157,364,1.037,0.0011,"aoml_navis",1028.54469319267
"7901009",111,0,1,0.028035,1,0.005607,1,112.721012768788,1,4.86118712657986,366,1,12.125,35.4580001831055,0.0280349999666214,0.0134304938837886,108.695602416992,-86.134,27.483,12.2183162423571,63,63,63,63,61,63,0,7819,1.11328740596807,27,-86,0.001869,51,2026-05-22 10:58:10.001157,366,1.037,0.0011,"aoml_navis",1028.55534457029
"7901009",111,0,1,0.026166,1,0.003738,1,112.668327160709,1,4.86111597118751,368,1,12.0670003890991,35.451000213623,0.0261659994721413,0.0117516815662384,108.644798278809,-86.134,27.483,12.2183162423571,63,63,63,63,61,63,0,7819,1.11328740596807,27,-86,0.001869,51,2026-05-22 10:58:10.001157,368,1.037,0.0011,"aoml_navis",1028.57040021996
"7901009",111,0,1,0.026166,1,0.003738,1,112.665739956348,1,4.86106972231442,370,1,12.0469999313354,35.4469985961914,0.0261659994721413,0.0117516815662384,108.642303466797,-86.134,27.483,12.2183162423571,63,63,63,63,61,63,0,7819,1.11328740596807,27,-86,0.001869,51,2026-05-22 10:58:10.001157,370,1.037,0.0011,"aoml_navis",1028.5801861775
"7901009",111,0,1,0.026166,1,0.003738,1,112.716756145099,1,4.86102274381695,372,1,12.0340003967285,35.4449996948242,0.0261659994721413,0.0117516815662384,108.691497802734,-86.134,27.483,12.2183162423571,63,63,63,63,61,63,0,7819,1.11328740596807,27,-86,0.001869,51,2026-05-22 10:58:10.001157,372,1.037,0.0011,"aoml_navis",1028.59012670941
"7901009",111,0,1,0.028035,1,0.005607,1,112.725989379012,1,4.86098205811033,374,1,12.0159997940063,35.439998626709,0.0280349999666214,0.0134304938837886,108.700401306152,-86.134,27.483,12.2183162423571,63,63,63,63,61,63,0,7819,1.11328740596807,27,-86,0.001869,51,2026-05-22 10:58:10.001157,374,1.037,0.0011,"aoml_navis",1028.59873585785
"7901009",111,0,1,0.028035,1,0.005607,1,112.741647108159,1,4.86092325647159,376,1,11.9670000076294,35.431999206543,0.0280349999666214,0.0134304938837886,108.71549987793,-86.134,27.483,12.2183162423571,63,63,63,63,61,63,0,7819,1.11328740596807,27,-86,0.001869,51,2026-05-22 10:58:10.001157,376,1.037,0.0011,"aoml_navis",1028.61117861576
"7901009",111,0,1,0.024297,1,0.001869,1,112.940133945506,1,4.86083970713404,378,1,11.8640003204346,35.4169998168945,0.0242970008403063,0.0100728701800108,108.906898498535,-86.134,27.483,12.2183162423571,63,63,63,63,61,63,0,7819,1.11328740596807,27,-86,0.001869,51,2026-05-22 10:58:10.001157,378,1.037,0.0011,"aoml_navis",1028.62885864385
"7901009",111,0,1,0.020559,1,-0.001869,1,112.614090812401,1,4.86076040279708,380,1,11.7690000534058,35.4029998779297,0.020558999851346,0.00671524694189429,108.592498779297,-86.134,27.483,12.2183162423571,63,63,63,63,61,63,0,7819,1.11328740596807,27,-86,0.001869,51,2026-05-22 10:58:10.001157,380,1.037,0.0011,"aoml_navis",1028.64564094186
"7901009",111,0,1,0.024297,1,0.001869,1,112.214522021407,1,4.86069011774732,382,1,11.7110004425049,35.3959999084473,0.0242970008403063,0.0100728701800108,108.20719909668,-86.134,27.483,12.2183162423571,63,63,63,63,61,63,0,7819,1.11328740596807,27,-86,0.001869,51,2026-05-22 10:58:10.001157,382,1.037,0.0011,"aoml_navis",1028.6605150458
"7901009",111,0,1,0.028035,1,0.005607,1,111.842122832177,1,4.86063665715642,384,1,11.6750001907349,35.3899993896484,0.0280349999666214,0.0134304938837886,107.848098754883,-86.134,27.483,12.2183162423571,63,63,63,63,61,63,0,7819,1.11328740596807,27,-86,0.001869,51,2026-05-22 10:58:10.001157,384,1.037,0.0011,"aoml_navis",1028.67182895442
"7901009",111,0,1,0.028035,1,0.005607,1,111.758121765804,1,4.86058140198094,386,1,11.6370000839233,35.3839988708496,0.0280349999666214,0.0134304938837886,107.767097473145,-86.134,27.483,12.2183162423571,63,63,63,63,61,63,0,7819,1.11328740596807,27,-86,0.001869,51,2026-05-22 10:58:10.001157,386,1.037,0.0011,"aoml_navis",1028.683522914
"7901009",111,0,1,0.024297,1,0.001869,1,112.123059995667,1,4.86050491139575,388,1,11.5559997558594,35.3730010986328,0.0242970008403063,0.0100728701800108,108.119003295898,-86.134,27.483,12.2183162423571,63,63,63,63,61,63,0,7819,1.11328740596807,27,-86,0.001869,51,2026-05-22 10:58:10.001157,388,1.037,0.0011,"aoml_navis",1028.69971148002
"7901009",111,0,1,0.029904,1,0.007476,1,112.12544148959,1,4.86045445073878,390,1,11.5270004272461,35.3680000305176,0.0299040004611015,0.0151093062013388,108.121299743652,-86.134,27.483,12.2183162423571,63,63,63,63,61,63,0,7819,1.11328740596807,27,-86,0.001869,51,2026-05-22 10:58:10.001157,390,1.037,0.0011,"aoml_navis",1028.71039131742
"7901009",111,0,1,0.028035,1,0.005607,1,112.181236490067,1,4.8603976006384,392,1,11.4910001754761,35.3629989624023,0.0280349999666214,0.0134304938837886,108.175102233887,-86.134,27.483,12.2183162423571,63,63,63,63,61,63,0,7819,1.11328740596807,27,-86,0.001869,51,2026-05-22 10:58:10.001157,392,1.037,0.0011,"aoml_navis",1028.72242372584
"7901009",111,0,1,0.029904,1,0.007476,1,112.156551237446,1,4.86034903184816,394,1,11.46399974823,35.3580017089844,0.0299040004611015,0.0151093062013388,108.151298522949,-86.134,27.483,12.2183162423571,63,63,63,63,61,63,0,7819,1.11328740596807,27,-86,0.001869,51,2026-05-22 10:58:10.001157,394,1.037,0.0011,"aoml_navis",1028.7327036056
"7901009",111,0,1,0.022428,1,0,1,112.020386751029,1,4.86030141851042,396,1,11.4499998092651,35.3559989929199,0.0224280003458261,0.00839405879378319,108.019996643066,-86.134,27.483,12.2183162423571,63,63,63,63,61,63,0,7819,1.11328740596807,27,-86,0.001869,51,2026-05-22 10:58:10.001157,396,1.037,0.0011,"aoml_navis",1028.74278145745
"7901009",111,0,1,0.028035,1,0.005607,1,111.92757178356,1,4.86025563038835,398,1,11.4340000152588,35.3530006408691,0.0280349999666214,0.0134304938837886,107.93049621582,-86.134,27.483,12.2183162423571,63,63,63,63,61,63,0,7819,1.11328740596807,27,-86,0.001869,51,2026-05-22 10:58:10.001157,398,1.037,0.0011,"aoml_navis",1028.75247316991
"7901009",111,0,1,0.029904,1,0.007476,1,111.863587925242,1,4.86020257291145,400,1,11.3979997634888,35.3470001220703,0.0299040004611015,0.0151093062013388,107.868797302246,-86.134,27.483,12.2183162423571,63,63,63,63,61,63,0,7819,1.11328740596807,27,-86,0.001869,51,2026-05-22 10:58:10.001157,400,1.037,0.0011,"aoml_navis",1028.76370377394
"7901009",111,0,1,0.028035,1,0.005607,1,111.918346461586,1,4.8601295563672,402,1,11.3319997787476,35.3390007019043,0.0280349999666214,0.0134304938837886,107.921600341797,-86.134,27.483,12.2183162423571,63,63,63,63,61,63,0,7819,1.11328740596807,27,-86,0.001869,51,2026-05-22 10:58:10.001157,402,1.037,0.0011,"aoml_navis",1028.77915948754
"7901009",111,0,1,0.028035,1,0.005607,1,111.821282782367,1,4.86007665091414,404,1,11.2959995269775,35.3330001831055,0.0280349999666214,0.0134304938837886,107.828002929688,-86.134,27.483,12.2183162423571,63,63,63,63,61,63,0,7819,1.11328740596807,27,-86,0.001869,51,2026-05-22 10:58:10.001157,404,1.037,0.0011,"aoml_navis",1028.79035849353
"7901009",111,0,1,0.026166,1,0.003738,1,111.725975553816,1,4.86002913779036,406,1,11.2779998779297,35.3300018310547,0.0261659994721413,0.0117516815662384,107.736099243164,-86.134,27.483,12.2183162423571,63,63,63,63,61,63,0,7819,1.11328740596807,27,-86,0.001869,51,2026-05-22 10:58:10.001157,406,1.037,0.0011,"aoml_navis",1028.80041626114
"7901009",111,0,1,0.024297,1,0.001869,1,111.734583744474,1,4.85997529836379,408,1,11.2530002593994,35.3269996643066,0.0242970008403063,0.0100728701800108,107.744400024414,-86.134,27.483,12.2183162423571,63,63,63,63,61,63,0,7819,1.11328740596807,27,-86,0.001869,51,2026-05-22 10:58:10.001157,408,1.037,0.0011,"aoml_navis",1028.81181344345
"7901009",111,0,1,0.026166,1,0.003738,1,111.792032340399,1,4.85991797715681,410,1,11.2119998931885,35.3209991455078,0.0261659994721413,0.0117516815662384,107.799797058105,-86.134,27.483,12.2183162423571,63,63,63,63,61,63,0,7819,1.11328740596807,27,-86,0.001869,51,2026-05-22 10:58:10.001157,410,1.037,0.0011,"aoml_navis",1028.82394795583
"7901009",111,0,1,0.026166,1,0.003738,1,111.866388751981,1,4.85986961549928,412,1,11.1929998397827,35.318000793457,0.0261659994721413,0.0117516815662384,107.87149810791,-86.134,27.483,12.2183162423571,63,63,63,63,61,63,0,7819,1.11328740596807,27,-86,0.001869,51,2026-05-22 10:58:10.001157,412,1.037,0.0011,"aoml_navis",1028.83418601475
"7901009",111,0,1,0.028035,1,0.005607,1,111.89843210875,1,4.85981681014937,414,1,11.164999961853,35.3139991760254,0.0280349999666214,0.0134304938837886,107.902397155762,-86.134,27.483,12.2183162423571,63,63,63,63,61,63,0,7819,1.11328740596807,27,-86,0.001869,51,2026-05-22 10:58:10.001157,414,1.037,0.0011,"aoml_navis",1028.84536502649
"7901009",111,0,1,0.026166,1,0.003738,1,111.850936733273,1,4.85975777493944,416,1,11.1260004043579,35.3089981079102,0.0261659994721413,0.0117516815662384,107.856597900391,-86.134,27.483,12.2183162423571,63,63,63,63,61,63,0,7819,1.11328740596807,27,-86,0.001869,51,2026-05-22 10:58:10.001157,416,1.037,0.0011,"aoml_navis",1028.85786320128
"7901009",111,0,1,0.026166,1,0.003738,1,111.836940511514,1,4.85970509010254,418,1,11.0939998626709,35.3040008544922,0.0261659994721413,0.0117516815662384,107.843101501465,-86.134,27.483,12.2183162423571,63,63,63,63,61,63,0,7819,1.11328740596807,27,-86,0.001869,51,2026-05-22 10:58:10.001157,418,1.037,0.0011,"aoml_navis",1028.86901721324
"7901009",111,0,1,0.024297,1,0.001869,1,111.779800481247,1,4.8596604275443,420,1,11.0790004730225,35.3009986877441,0.0242970008403063,0.0100728701800108,107.78800201416,-86.134,27.483,12.2183162423571,63,63,63,63,61,63,0,7819,1.11328740596807,27,-86,0.001869,51,2026-05-22 10:58:10.001157,420,1.037,0.0011,"aoml_navis",1028.878473002
"7901009",111,0,1,0.028035,1,0.005607,1,111.687816267471,1,4.85960939597189,422,1,11.0609998703003,35.298999786377,0.0280349999666214,0.0134304938837886,107.69930267334,-86.134,27.483,12.2183162423571,63,63,63,63,61,63,0,7819,1.11328740596807,27,-86,0.001869,51,2026-05-22 10:58:10.001157,422,1.037,0.0011,"aoml_navis",1028.88927742721
"7901009",111,0,1,0.029904,1,0.007476,1,111.496790389491,1,4.85956039829091,424,1,11.0329999923706,35.2939987182617,0.0299040004611015,0.0151093062013388,107.515098571777,-86.134,27.483,12.2183162423571,63,63,63,63,61,63,0,7819,1.11328740596807,27,-86,0.001869,51,2026-05-22 10:58:10.001157,424,1.037,0.0011,"aoml_navis",1028.89965144964
"7901009",111,0,1,0.024297,1,0.001869,1,111.131337883531,1,4.85950334635157,426,1,10.996000289917,35.2890014648438,0.0242970008403063,0.0100728701800108,107.162696838379,-86.134,27.483,12.2183162423571,63,63,63,63,61,63,0,7819,1.11328740596807,27,-86,0.001869,51,2026-05-22 10:58:10.001157,426,1.037,0.0011,"aoml_navis",1028.91173102163
"7901009",111,0,1,0.029904,1,0.007476,1,110.89333881811,1,4.8594506743604,428,1,10.9720001220703,35.2859992980957,0.0299040004611015,0.0151093062013388,106.933197021484,-86.134,27.483,12.2183162423571,63,63,63,63,61,63,0,7819,1.11328740596807,27,-86,0.001869,51,2026-05-22 10:58:10.001157,428,1.037,0.0011,"aoml_navis",1028.9228834817
"7901009",111,0,1,0.029904,1,0.007476,1,110.941981424879,1,4.85938568153547,430,1,10.9259996414185,35.2809982299805,0.0299040004611015,0.0151093062013388,106.980102539062,-86.134,27.483,12.2183162423571,63,63,63,63,61,63,0,7819,1.11328740596807,27,-86,0.001869,51,2026-05-22 10:58:10.001157,430,1.037,0.0011,"aoml_navis",1028.93664501643
"7901009",111,0,1,0.026166,1,0.003738,1,110.987815292968,1,4.85933940395393,432,1,10.9049997329712,35.2770004272461,0.0261659994721413,0.0117516815662384,107.024299621582,-86.134,27.483,12.2183162423571,63,63,63,63,61,63,0,7819,1.11328740596807,27,-86,0.001869,51,2026-05-22 10:58:10.001157,432,1.037,0.0011,"aoml_navis",1028.94644402316
"7901009",111,0,1,0.024297,1,0.001869,1,110.976303420351,1,4.85928344820369,434,1,10.8690004348755,35.2719993591309,0.0242970008403063,0.0100728701800108,107.013198852539,-86.134,27.483,12.2183162423571,63,63,63,63,61,63,0,7819,1.11328740596807,27,-86,0.001869,51,2026-05-22 10:58:10.001157,434,1.037,0.0011,"aoml_navis",1028.95829257466
"7901009",111,0,1,0.028035,1,0.005607,1,110.901013399855,1,4.85923199349512,436,1,10.8380002975464,35.2669982910156,0.0280349999666214,0.0134304938837886,106.94059753418,-86.134,27.483,12.2183162423571,63,63,63,63,61,63,0,7819,1.11328740596807,27,-86,0.001869,51,2026-05-22 10:58:10.001157,436,1.037,0.0011,"aoml_navis",1028.96918827776
"7901009",111,0,1,0.026166,1,0.003738,1,110.805611228024,1,4.85918045279586,438,1,10.8109998703003,35.2630004882812,0.0261659994721413,0.0117516815662384,106.848602294922,-86.134,27.483,12.2183162423571,63,63,63,63,61,63,0,7819,1.11328740596807,27,-86,0.001869,51,2026-05-22 10:58:10.001157,438,1.037,0.0011,"aoml_navis",1028.980102421
"7901009",111,0,1,0.029904,1,0.007476,1,110.575595310005,1,4.85912972858995,440,1,10.7889995574951,35.2599983215332,0.0299040004611015,0.0151093062013388,106.626800537109,-86.134,27.483,12.2183162423571,63,63,63,63,61,63,0,7819,1.11328740596807,27,-86,0.001869,51,2026-05-22 10:58:10.001157,440,1.037,0.0011,"aoml_navis",1028.99084389149
"7901009",111,0,1,0.024297,1,0.001869,1,110.363935092654,1,4.8590668357653,442,1,10.7449998855591,35.2550010681152,0.0242970008403063,0.0100728701800108,106.422698974609,-86.134,27.483,12.2183162423571,63,63,63,63,61,63,0,7819,1.11328740596807,27,-86,0.001869,51,2026-05-22 10:58:10.001157,442,1.037,0.0011,"aoml_navis",1029.00416252713
"7901009",111,0,1,0.026166,1,0.003738,1,110.173850735527,1,4.85901540863442,444,1,10.7180004119873,35.2509994506836,0.0261659994721413,0.0117516815662384,106.239402770996,-86.134,27.483,12.2183162423571,63,63,63,63,61,63,0,7819,1.11328740596807,27,-86,0.001869,51,2026-05-22 10:58:10.001157,444,1.037,0.0011,"aoml_navis",1029.01505336144
"7901009",111,0,1,0.028035,1,0.005607,1,110.029180913672,1,4.85895544024094,446,1,10.6730003356934,35.2449989318848,0.0280349999666214,0.0134304938837886,106.099899291992,-86.134,27.483,12.2183162423571,63,63,63,63,61,63,0,7819,1.11328740596807,27,-86,0.001869,51,2026-05-22 10:58:10.001157,446,1.037,0.0011,"aoml_navis",1029.02775328848
"7901009",111,0,1,0.031773,1,0.009345,1,109.897787327041,1,4.85889643724791,448,1,10.628999710083,35.2389984130859,0.0317730009555817,0.0167881175875664,105.973197937012,-86.134,27.483,12.2183162423571,63,63,63,63,61,63,0,7819,1.11328740596807,27,-86,0.001869,51,2026-05-22 10:58:10.001157,448,1.037,0.0011,"aoml_navis",1029.04024907187
"7901009",111,0,1,0.026166,1,0.003738,1,109.864913216579,1,4.85884160144927,450,1,10.5979995727539,35.2350006103516,0.0261659994721413,0.0117516815662384,105.941497802734,-86.134,27.483,12.2183162423571,63,63,63,63,61,63,0,7819,1.11328740596807,27,-86,0.001869,51,2026-05-22 10:58:10.001157,450,1.037,0.0011,"aoml_navis",1029.05186258976
"7901009",111,0,1,0.031773,1,0.009345,1,109.997446122561,1,4.85877236407682,452,1,10.5380001068115,35.2280006408691,0.0317730009555817,0.0167881175875664,106.069297790527,-86.134,27.483,12.2183162423571,63,63,63,63,61,63,0,7819,1.11328740596807,27,-86,0.001869,51,2026-05-22 10:58:10.001157,452,1.037,0.0011,"aoml_navis",1029.06652655048
"7901009",111,0,1,0.029904,1,0.007476,1,110.110484008525,1,4.85872466469344,454,1,10.5150003433228,35.2239990234375,0.0299040004611015,0.0151093062013388,106.178298950195,-86.134,27.483,12.2183162423571,63,63,63,63,61,63,0,7819,1.11328740596807,27,-86,0.001869,51,2026-05-22 10:58:10.001157,454,1.037,0.0011,"aoml_navis",1029.07662916838
"7901009",111,0,1,0.029904,1,0.007476,1,110.20806987578,1,4.85868101878114,456,1,10.5050001144409,35.2220001220703,0.0299040004611015,0.0151093062013388,106.272399902344,-86.134,27.483,12.2183162423571,63,63,63,63,61,63,0,7819,1.11328740596807,27,-86,0.001869,51,2026-05-22 10:58:10.001157,456,1.037,0.0011,"aoml_navis",1029.08587344438
"7901009",111,0,1,0.031773,1,0.009345,1,110.428338283789,1,4.85863212515386,458,1,10.4890003204346,35.2200012207031,0.0317730009555817,0.0167881175875664,106.484802246094,-86.134,27.483,12.2183162423571,63,63,63,63,61,63,0,7819,1.11328740596807,27,-86,0.001869,51,2026-05-22 10:58:10.001157,458,1.037,0.0011,"aoml_navis",1029.09622939227
"7901009",111,0,1,0.028035,1,0.005607,1,110.685413036412,1,4.85859078168924,459.899993896484,1,10.4750003814697,35.2169990539551,0.0280349999666214,0.0134304938837886,106.732696533203,-86.134,27.483,12.2183162423571,63,63,63,63,61,63,0,7819,1.11328740596807,27,-86,0.001869,51,2026-05-22 10:58:10.001157,459.899993896484,1.037,0.0011,"aoml_navis",1029.10498633548
"7901009",111,0,1,0.026166,1,0.003738,1,110.871770869826,1,4.85854520906278,462,1,10.4610004425049,35.2140007019043,0.0261659994721413,0.0117516815662384,106.912399291992,-86.134,27.483,12.2183162423571,63,63,63,63,61,63,0,7819,1.11328740596807,27,-86,0.001869,51,2026-05-22 10:58:10.001157,462,1.037,0.0011,"aoml_navis",1029.1146392285
"7901009",111,0,1,0.024297,1,0.001869,1,111.080733115656,1,4.85848693899154,464,1,10.4090003967285,35.2060012817383,0.0242970008403063,0.0100728701800108,107.113899230957,-86.134,27.483,12.2183162423571,63,63,63,63,61,63,0,7819,1.11328740596807,27,-86,0.001869,51,2026-05-22 10:58:10.001157,464,1.037,0.0011,"aoml_navis",1029.12698187429
"7901009",111,0,1,0.029904,1,0.007476,1,111.054908543683,1,4.85842096109827,466,1,10.3479995727539,35.1980018615723,0.0299040004611015,0.0151093062013388,107.088996887207,-86.134,27.483,12.2183162423571,63,63,63,63,61,63,0,7819,1.11328740596807,27,-86,0.001869,51,2026-05-22 10:58:10.001157,466,1.037,0.0011,"aoml_navis",1029.14095753237
"7901009",111,0,1,0.026166,1,0.003738,1,111.194182422497,1,4.85836014446469,468,1,10.2969999313354,35.1910018920898,0.0261659994721413,0.0117516815662384,107.223297119141,-86.134,27.483,12.2183162423571,63,63,63,63,61,63,0,7819,1.11328740596807,27,-86,0.001869,51,2026-05-22 10:58:10.001157,468,1.037,0.0011,"aoml_navis",1029.15384025136
"7901009",111,0,1,0.026166,1,0.003738,1,111.168262907244,1,4.85829577120876,470,1,10.246000289917,35.185001373291,0.0261659994721413,0.0117516815662384,107.198303222656,-86.134,27.483,12.2183162423571,63,63,63,63,61,63,0,7819,1.11328740596807,27,-86,0.001869,51,2026-05-22 10:58:10.001157,470,1.037,0.0011,"aoml_navis",1029.16747671704
"7901009",111,0,1,0.024297,1,0.001869,1,111.116819473736,1,4.85824833402097,472,1,10.2229995727539,35.1809997558594,0.0242970008403063,0.0100728701800108,107.148696899414,-86.134,27.483,12.2183162423571,63,63,63,63,61,63,0,7819,1.11328740596807,27,-86,0.001869,51,2026-05-22 10:58:10.001157,472,1.037,0.0011,"aoml_navis",1029.17752577331
"7901009",111,0,1,0.026166,1,0.003738,1,111.019652939298,1,4.85819982416635,474,1,10.2030000686646,35.1780014038086,0.0261659994721413,0.0117516815662384,107.055000305176,-86.134,27.483,12.2183162423571,63,63,63,63,61,63,0,7819,1.11328740596807,27,-86,0.001869,51,2026-05-22 10:58:10.001157,474,1.037,0.0011,"aoml_navis",1029.18780226542
"7901009",111,0,1,0.026166,1,0.003738,1,110.991549728621,1,4.8581416734411,476,1,10.1590003967285,35.1720008850098,0.0261659994721413,0.0117516815662384,107.027900695801,-86.134,27.483,12.2183162423571,63,63,63,63,61,63,0,7819,1.11328740596807,27,-86,0.001869,51,2026-05-22 10:58:10.001157,476,1.037,0.0011,"aoml_navis",1029.20012138271
"7901009",111,0,1,0.029904,1,0.007476,1,111.107697006982,1,4.8580735355182,478,1,10.0989999771118,35.1650009155273,0.0299040004611015,0.0151093062013388,107.13990020752,-86.134,27.483,12.2183162423571,63,63,63,63,61,63,0,7819,1.11328740596807,27,-86,0.001869,51,2026-05-22 10:58:10.001157,478,1.037,0.0011,"aoml_navis",1029.21455664352
"7901009",111,0,1,0.028035,1,0.005607,1,111.081975290227,1,4.85802537508069,480,1,10.0749998092651,35.1609992980957,0.0280349999666214,0.0134304938837886,107.115097045898,-86.134,27.483,12.2183162423571,63,63,63,63,61,63,0,7819,1.11328740596807,27,-86,0.001869,51,2026-05-22 10:58:10.001157,480,1.037,0.0011,"aoml_navis",1029.2247598474
"7901009",111,0,1,0.028035,1,0.005607,1,111.012603400809,1,4.85797551071377,482,1,10.048999786377,35.1570014953613,0.0280349999666214,0.0134304938837886,107.048202514648,-86.134,27.483,12.2183162423571,63,63,63,63,61,63,0,7819,1.11328740596807,27,-86,0.001869,51,2026-05-22 10:58:10.001157,482,1.037,0.0011,"aoml_navis",1029.23532425658
"7901009",111,0,1,0.024297,1,0.001869,1,110.945296527715,1,4.85791945324281,484,1,10.0200004577637,35.1539993286133,0.0242970008403063,0.0100728701800108,106.983299255371,-86.134,27.483,12.2183162423571,63,63,63,63,61,63,0,7819,1.11328740596807,27,-86,0.001869,51,2026-05-22 10:58:10.001157,484,1.037,0.0011,"aoml_navis",1029.24720101367
"7901009",111,0,1,0.024297,1,0.001869,1,110.982110784269,1,4.85786334238657,486,1,9.97799968719482,35.1479988098145,0.0242970008403063,0.0100728701800108,107.018798828125,-86.134,27.483,12.2183162423571,63,63,63,63,61,63,0,7819,1.11328740596807,27,-86,0.001869,51,2026-05-22 10:58:10.001157,486,1.037,0.0011,"aoml_navis",1029.25908935586
"7901009",111,0,1,0.024297,1,0.001869,1,111.008766109936,1,4.85780702766778,488,1,9.9399995803833,35.1430015563965,0.0242970008403063,0.0100728701800108,107.044502258301,-86.134,27.483,12.2183162423571,63,63,63,63,61,63,0,7819,1.11328740596807,27,-86,0.001869,51,2026-05-22 10:58:10.001157,488,1.037,0.0011,"aoml_navis",1029.27102116703
"7901009",111,0,1,0.026166,1,0.003738,1,110.92933023291,1,4.85775704923291,490,1,9.91800022125244,35.1399993896484,0.0261659994721413,0.0117516815662384,106.967903137207,-86.134,27.483,12.2183162423571,63,63,63,63,61,63,0,7819,1.11328740596807,27,-86,0.001869,51,2026-05-22 10:58:10.001157,490,1.037,0.0011,"aoml_navis",1029.28161069511
"7901009",111,0,1,0.026166,1,0.003738,1,110.691536877928,1,4.85770309996052,492,1,9.88700008392334,35.1360015869141,0.0261659994721413,0.0117516815662384,106.73860168457,-86.134,27.483,12.2183162423571,63,63,63,63,61,63,0,7819,1.11328740596807,27,-86,0.001869,51,2026-05-22 10:58:10.001157,492,1.037,0.0011,"aoml_navis",1029.29304181654
"7901009",111,0,1,0.029904,1,0.007476,1,110.53204008062,1,4.85765486203089,494,1,9.86699962615967,35.132999420166,0.0299040004611015,0.0151093062013388,106.584800720215,-86.134,27.483,12.2183162423571,63,63,63,63,61,63,0,7819,1.11328740596807,27,-86,0.001869,51,2026-05-22 10:58:10.001157,494,1.037,0.0011,"aoml_navis",1029.30326299666
"7901009",111,0,1,0.028035,1,0.005607,1,110.36725810743,1,4.85759504773379,496,1,9.82900047302246,35.1290016174316,0.0280349999666214,0.0134304938837886,106.425903320312,-86.134,27.483,12.2183162423571,63,63,63,63,61,63,0,7819,1.11328740596807,27,-86,0.001869,51,2026-05-22 10:58:10.001157,496,1.037,0.0011,"aoml_navis",1029.31593738606
"7901009",111,0,1,0.028035,1,0.005607,1,109.928074233142,1,4.85753195836363,498,1,9.77400016784668,35.1220016479492,0.0280349999666214,0.0134304938837886,106.002403259277,-86.134,27.483,12.2183162423571,63,63,63,63,61,63,0,7819,1.11328740596807,27,-86,0.001869,51,2026-05-22 10:58:10.001157,498,1.037,0.0011,"aoml_navis",1029.32930608744
"7901009",111,0,1,0.028035,1,0.005607,1,109.482869372558,1,4.8574688154438,500,1,9.75800037384033,35.1240005493164,0.0280349999666214,0.0134304938837886,105.573097229004,-86.134,27.483,12.2183162423571,63,63,63,63,61,63,0,7819,1.11328740596807,27,-86,0.001869,51,2026-05-22 10:58:10.001157,500,1.037,0.0011,"aoml_navis",1029.34268648376
"7901009",111,0,1,0.029904,1,0.007476,1,109.456839090146,1,4.85742289316012,502,1,9.74499988555908,35.1220016479492,0.0299040004611015,0.0151093062013388,105.547996520996,-86.134,27.483,12.2183162423571,63,63,63,63,61,63,0,7819,1.11328740596807,27,-86,0.001869,51,2026-05-22 10:58:10.001157,502,1.037,0.0011,"aoml_navis",1029.35241793352
"7901009",111,0,1,0.033642,1,0.011214,1,109.605757623751,1,4.857358536449,504,1,9.69699954986572,35.117000579834,0.0336420014500618,0.018466928973794,105.691596984863,-86.134,27.483,12.2183162423571,63,63,63,63,61,63,0,7819,1.11328740596807,27,-86,0.001869,51,2026-05-22 10:58:10.001157,504,1.037,0.0011,"aoml_navis",1029.36605615596
"7901009",111,0,1,0.033642,1,0.011214,1,109.678563295105,1,4.8573023570672,506,1,9.66300010681152,35.1129989624023,0.0336420014500618,0.018466928973794,105.76180267334,-86.134,27.483,12.2183162423571,63,63,63,63,61,63,0,7819,1.11328740596807,27,-86,0.001869,51,2026-05-22 10:58:10.001157,506,1.037,0.0011,"aoml_navis",1029.3779617662
"7901009",111,0,1,0.033642,1,0.011214,1,109.764534434524,1,4.85725459384388,508,1,9.63899993896484,35.109001159668,0.0336420014500618,0.018466928973794,105.844703674316,-86.134,27.483,12.2183162423571,63,63,63,63,61,63,0,7819,1.11328740596807,27,-86,0.001869,51,2026-05-22 10:58:10.001157,508,1.037,0.0011,"aoml_navis",1029.38808402941
"7901009",111,0,1,0.029904,1,0.007476,1,109.891149209429,1,4.85719295899902,510,1,9.5939998626709,35.1040000915527,0.0299040004611015,0.0151093062013388,105.966796875,-86.134,27.483,12.2183162423571,63,63,63,63,61,63,0,7819,1.11328740596807,27,-86,0.001869,51,2026-05-22 10:58:10.001157,510,1.037,0.0011,"aoml_navis",1029.40114634244
"7901009",111,0,1,0.031773,1,0.009345,1,109.96436630166,1,4.85714444039954,512,1,9.56900024414062,35.0999984741211,0.0317730009555817,0.0167881175875664,106.037399291992,-86.134,27.483,12.2183162423571,63,63,63,63,61,63,0,7819,1.11328740596807,27,-86,0.001869,51,2026-05-22 10:58:10.001157,512,1.037,0.0011,"aoml_navis",1029.41142915419
"7901009",111,0,1,0.026166,1,0.003738,1,109.894266513767,1,4.85709693591749,514,1,9.55399990081787,35.0979995727539,0.0261659994721413,0.0117516815662384,105.969802856445,-86.134,27.483,12.2183162423571,63,63,63,63,61,63,0,7819,1.11328740596807,27,-86,0.001869,51,2026-05-22 10:58:10.001157,514,1.037,0.0011,"aoml_navis",1029.42149723753
"7901009",111,0,1,0.028035,1,0.005607,1,109.883585394844,1,4.85704560321957,516,1,9.52999973297119,35.0950012207031,0.0280349999666214,0.0134304938837886,105.959503173828,-86.134,27.483,12.2183162423571,63,63,63,63,61,63,0,7819,1.11328740596807,27,-86,0.001869,51,2026-05-22 10:58:10.001157,516,1.037,0.0011,"aoml_navis",1029.432376893
"7901009",111,0,1,0.028035,1,0.005607,1,109.883474627685,1,4.85699146827108,518,1,9.50699996948242,35.0929985046387,0.0280349999666214,0.0134304938837886,105.959396362305,-86.134,27.483,12.2183162423571,63,63,63,63,61,63,0,7819,1.11328740596807,27,-86,0.001869,51,2026-05-22 10:58:10.001157,518,1.037,0.0011,"aoml_navis",1029.4438507177
"7901009",111,0,1,0.028035,1,0.005607,1,110.014971069535,1,4.85693553198231,520,1,9.47299957275391,35.0890007019043,0.0280349999666214,0.0134304938837886,106.086196899414,-86.134,27.483,12.2183162423571,63,63,63,63,61,63,0,7819,1.11328740596807,27,-86,0.001869,51,2026-05-22 10:58:10.001157,520,1.037,0.0011,"aoml_navis",1029.45570660257
"7901009",111,0,1,0.035511,1,0.013083,1,110.070868925231,1,4.8568867810295,522,1,9.45199966430664,35.0859985351562,0.0355109982192516,0.0201457403600216,106.140098571777,-86.134,27.483,12.2183162423571,63,63,63,63,61,63,0,7819,1.11328740596807,27,-86,0.001869,51,2026-05-22 10:58:10.001157,522,1.037,0.0011,"aoml_navis",1029.466039754
"7901009",111,0,1,0.028035,1,0.005607,1,110.199050264245,1,4.8568330543989,524,1,9.42500019073486,35.0830001831055,0.0280349999666214,0.0134304938837886,106.263702392578,-86.134,27.483,12.2183162423571,63,63,63,63,61,63,0,7819,1.11328740596807,27,-86,0.001869,51,2026-05-22 10:58:10.001157,524,1.037,0.0011,"aoml_navis",1029.47742778011
"7901009",111,0,1,0.028035,1,0.005607,1,110.284602070847,1,4.85678552778572,526,1,9.40100002288818,35.0789985656738,0.0280349999666214,0.0134304938837886,106.346199035645,-86.134,27.483,12.2183162423571,63,63,63,63,61,63,0,7819,1.11328740596807,27,-86,0.001869,51,2026-05-22 10:58:10.001157,526,1.037,0.0011,"aoml_navis",1029.4875018456
"7901009",111,0,1,0.029904,1,0.007476,1,110.334383996968,1,4.85673397548401,528,1,9.38099956512451,35.0769996643066,0.0299040004611015,0.0151093062013388,106.394203186035,-86.134,27.483,12.2183162423571,63,63,63,63,61,63,0,7819,1.11328740596807,27,-86,0.001869,51,2026-05-22 10:58:10.001157,528,1.037,0.0011,"aoml_navis",1029.49842944645
"7901009",111,0,1,0.029904,1,0.007476,1,110.373168326567,1,4.85669107399839,530,1,9.36699962615967,35.0740013122559,0.0299040004611015,0.0151093062013388,106.431602478027,-86.134,27.483,12.2183162423571,63,63,63,63,61,63,0,7819,1.11328740596807,27,-86,0.001869,51,2026-05-22 10:58:10.001157,530,1.037,0.0011,"aoml_navis",1029.50752350069
"7901009",111,0,1,0.028035,1,0.005607,1,110.424500992917,1,4.85664414303534,532,1,9.35700035095215,35.0730018615723,0.0280349999666214,0.0134304938837886,106.481101989746,-86.134,27.483,12.2183162423571,63,63,63,63,61,63,0,7819,1.11328740596807,27,-86,0.001869,51,2026-05-22 10:58:10.001157,532,1.037,0.0011,"aoml_navis",1029.51747188853
"7901009",111,0,1,0.031773,1,0.009345,1,110.57216944001,1,4.85660007438754,534,1,9.3459997177124,35.0709991455078,0.0317730009555817,0.0167881175875664,106.623497009277,-86.134,27.483,12.2183162423571,63,63,63,63,61,63,0,7819,1.11328740596807,27,-86,0.001869,51,2026-05-22 10:58:10.001157,534,1.037,0.0011,"aoml_navis",1029.52681370013
"7901009",111,0,1,0.029904,1,0.007476,1,110.751272024496,1,4.85654053657829,536,1,9.29399967193604,35.0639991760254,0.0299040004611015,0.0151093062013388,106.796203613281,-86.134,27.483,12.2183162423571,63,63,63,63,61,63,0,7819,1.11328740596807,27,-86,0.001869,51,2026-05-22 10:58:10.001157,536,1.037,0.0011,"aoml_navis",1029.53943498282
"7901009",111,0,1,0.029904,1,0.007476,1,110.729490453834,1,4.85648034788485,538,1,9.25,35.0589981079102,0.0299040004611015,0.0151093062013388,106.775199890137,-86.134,27.483,12.2183162423571,63,63,63,63,61,63,0,7819,1.11328740596807,27,-86,0.001869,51,2026-05-22 10:58:10.001157,538,1.037,0.0011,"aoml_navis",1029.55219455951
"7901009",111,0,1,0.029904,1,0.007476,1,110.495431534504,1,4.85642558072762,540,1,9.21700000762939,35.0550003051758,0.0299040004611015,0.0151093062013388,106.549499511719,-86.134,27.483,12.2183162423571,63,63,63,63,61,63,0,7819,1.11328740596807,27,-86,0.001869,51,2026-05-22 10:58:10.001157,540,1.037,0.0011,"aoml_navis",1029.56380508375
"7901009",111,0,1,0.031773,1,0.009345,1,110.38384944549,1,4.85636068900218,542,1,9.19400024414062,35.0559997558594,0.0317730009555817,0.0167881175875664,106.441902160645,-86.134,27.483,12.2183162423571,63,63,63,63,61,63,0,7819,1.11328740596807,27,-86,0.001869,51,2026-05-22 10:58:10.001157,542,1.037,0.0011,"aoml_navis",1029.57756233451
"7901009",111,0,1,0.031773,1,0.009345,1,110.404072363984,1,4.85630764636868,544,1,9.16300010681152,35.0519981384277,0.0317730009555817,0.0167881175875664,106.461402893066,-86.134,27.483,12.2183162423571,63,63,63,63,61,63,0,7819,1.11328740596807,27,-86,0.001869,51,2026-05-22 10:58:10.001157,544,1.037,0.0011,"aoml_navis",1029.58880781344
"7901009",111,0,1,0.026166,1,0.003738,1,110.338941274375,1,4.85625996462495,546,1,9.15200042724609,35.0509986877441,0.0261659994721413,0.0117516815662384,106.398597717285,-86.134,27.483,12.2183162423571,63,63,63,63,61,63,0,7819,1.11328740596807,27,-86,0.001869,51,2026-05-22 10:58:10.001157,546,1.037,0.0011,"aoml_navis",1029.59891694887
"7901009",111,0,1,0.031773,1,0.009345,1,110.369948167011,1,4.8562045074865,548,1,9.11800003051758,35.0470008850098,0.0317730009555817,0.0167881175875664,106.428497314453,-86.134,27.483,12.2183162423571,63,63,63,63,61,63,0,7819,1.11328740596807,27,-86,0.001869,51,2026-05-22 10:58:10.001157,548,1.037,0.0011,"aoml_navis",1029.61067481648
"7901009",111,0,1,0.031773,1,0.009345,1,110.547697809767,1,4.85614219054907,550,1,9.07100009918213,35.0419998168945,0.0317730009555817,0.0167881175875664,106.599899291992,-86.134,27.483,12.2183162423571,63,63,63,63,61,63,0,7819,1.11328740596807,27,-86,0.001869,51,2026-05-22 10:58:10.001157,550,1.037,0.0011,"aoml_navis",1029.62388739994
"7901009",111,0,1,0.028035,1,0.005607,1,110.826245567395,1,4.85607915515282,552,1,9.02299976348877,35.0369987487793,0.0280349999666214,0.0134304938837886,106.868499755859,-86.134,27.483,12.2183162423571,63,63,63,63,61,63,0,7819,1.11328740596807,27,-86,0.001869,51,2026-05-22 10:58:10.001157,552,1.037,0.0011,"aoml_navis",1029.63725265773
"7901009",111,0,1,0.028035,1,0.005607,1,111.114026558936,1,4.85601584240937,554,1,8.97000026702881,35.0309982299805,0.0280349999666214,0.0134304938837886,107.146003723145,-86.134,27.483,12.2183162423571,63,63,63,63,61,63,0,7819,1.11328740596807,27,-86,0.001869,51,2026-05-22 10:58:10.001157,554,1.037,0.0011,"aoml_navis",1029.65067707011
"7901009",111,0,1,0.028035,1,0.005607,1,111.273618299523,1,4.85595946749184,556,1,8.93000030517578,35.0260009765625,0.0280349999666214,0.0134304938837886,107.299896240234,-86.134,27.483,12.2183162423571,63,63,63,63,61,63,0,7819,1.11328740596807,27,-86,0.001869,51,2026-05-22 10:58:10.001157,556,1.037,0.0011,"aoml_navis",1029.66263072673
"7901009",111,0,1,0.031773,1,0.009345,1,111.373593572641,1,4.85590559344463,558,1,8.89299964904785,35.0209999084473,0.0317730009555817,0.0167881175875664,107.396301269531,-86.134,27.483,12.2183162423571,63,63,63,63,61,63,0,7819,1.11328740596807,27,-86,0.001869,51,2026-05-22 10:58:10.001157,558,1.037,0.0011,"aoml_navis",1029.67405436174
"7901009",111,0,1,0.024297,1,0.001869,1,111.471385150335,1,4.85584763340924,560,1,8.85999965667725,35.0180015563965,0.0242970008403063,0.0100728701800108,107.490600585938,-86.134,27.483,12.2183162423571,63,63,63,63,61,63,0,7819,1.11328740596807,27,-86,0.001869,51,2026-05-22 10:58:10.001157,560,1.037,0.0011,"aoml_navis",1029.68634468655
"7901009",111,0,1,0.028035,1,0.005607,1,111.542007126265,1,4.85579570623292,562,1,8.83899974822998,35.015998840332,0.0280349999666214,0.0134304938837886,107.558700561523,-86.134,27.483,12.2183162423571,63,63,63,63,61,63,0,7819,1.11328740596807,27,-86,0.001869,51,2026-05-22 10:58:10.001157,562,1.037,0.0011,"aoml_navis",1029.69735600326
"7901009",111,0,1,0.033642,1,0.011214,1,111.552166057151,1,4.85574940799888,564,1,8.82499980926514,35.0139999389648,0.0336420014500618,0.018466928973794,107.568496704102,-86.134,27.483,12.2183162423571,63,63,63,63,61,63,0,7819,1.11328740596807,27,-86,0.001869,51,2026-05-22 10:58:10.001157,564,1.037,0.0011,"aoml_navis",1029.70717388412
"7901009",111,0,1,0.031773,1,0.009345,1,111.686360470522,1,4.85570231384055,566,1,8.8100004196167,35.0120010375977,0.0317730009555817,0.0167881175875664,107.697898864746,-86.134,27.483,12.2183162423571,63,63,63,63,61,63,0,7819,1.11328740596807,27,-86,0.001869,51,2026-05-22 10:58:10.001157,566,1.037,0.0011,"aoml_navis",1029.71716073865
"7901009",111,0,1,0.031773,1,0.009345,1,111.859544923931,1,4.85565570577022,568,1,8.79100036621094,35.0089988708496,0.0317730009555817,0.0167881175875664,107.864898681641,-86.134,27.483,12.2183162423571,63,63,63,63,61,63,0,7819,1.11328740596807,27,-86,0.001869,51,2026-05-22 10:58:10.001157,568,1.037,0.0011,"aoml_navis",1029.72704470341
"7901009",111,0,1,0.029904,1,0.007476,1,112.010330675362,1,4.85558281230559,570,1,8.72999954223633,35.0040016174316,0.0299040004611015,0.0151093062013388,108.010299682617,-86.134,27.483,12.2183162423571,63,63,63,63,61,63,0,7819,1.11328740596807,27,-86,0.001869,51,2026-05-22 10:58:10.001157,570,1.037,0.0011,"aoml_navis",1029.74250327446
"7901009",111,0,1,0.033642,1,0.011214,1,111.953712833131,1,4.85553226923663,572,1,8.70600032806396,35.0009994506836,0.0336420014500618,0.018466928973794,107.955703735352,-86.134,27.483,12.2183162423571,63,63,63,63,61,63,0,7819,1.11328740596807,27,-86,0.001869,51,2026-05-22 10:58:10.001157,572,1.037,0.0011,"aoml_navis",1029.75322225303
"7901009",111,0,1,0.026166,1,0.003738,1,111.892007613516,1,4.85547837154882,574,1,8.6870002746582,35,0.0261659994721413,0.0117516815662384,107.896202087402,-86.134,27.483,12.2183162423571,63,63,63,63,61,63,0,7819,1.11328740596807,27,-86,0.001869,51,2026-05-22 10:58:10.001157,574,1.037,0.0011,"aoml_navis",1029.76465291206
"7901009",111,0,1,0.028035,1,0.005607,1,111.81951841976,1,4.85543294767268,576,1,8.67399978637695,34.9980010986328,0.0280349999666214,0.0134304938837886,107.826301574707,-86.134,27.483,12.2183162423571,63,63,63,63,61,63,0,7819,1.11328740596807,27,-86,0.001869,51,2026-05-22 10:58:10.001157,576,1.037,0.0011,"aoml_navis",1029.7742866363
"7901009",111,0,1,0.028035,1,0.005607,1,111.877069870904,1,4.85538037234124,578,1,8.65200042724609,34.9959983825684,0.0280349999666214,0.0134304938837886,107.881797790527,-86.134,27.483,12.2183162423571,63,63,63,63,61,63,0,7819,1.11328740596807,27,-86,0.001869,51,2026-05-22 10:58:10.001157,578,1.037,0.0011,"aoml_navis",1029.78543730221
"7901009",111,0,1,0.026166,1,0.003738,1,111.909738270928,1,4.85531556958864,580,1,8.60999965667725,34.9930000305176,0.0261659994721413,0.0117516815662384,107.913299560547,-86.134,27.483,12.2183162423571,63,63,63,63,61,63,0,7819,1.11328740596807,27,-86,0.001869,51,2026-05-22 10:58:10.001157,580,1.037,0.0011,"aoml_navis",1029.79918160574
"7901009",111,0,1,0.031773,1,0.009345,1,111.926646086586,1,4.85525985893817,582,1,8.58399963378906,34.9910011291504,0.0317730009555817,0.0167881175875664,107.92960357666,-86.134,27.483,12.2183162423571,63,63,63,63,61,63,0,7819,1.11328740596807,27,-86,0.001869,51,2026-05-22 10:58:10.001157,582,1.037,0.0011,"aoml_navis",1029.81099781825
"7901009",111,0,1,0.031773,1,0.009345,1,111.822216391281,1,4.85520894595049,584,1,8.56400012969971,34.9889984130859,0.0317730009555817,0.0167881175875664,107.828903198242,-86.134,27.483,12.2183162423571,63,63,63,63,61,63,0,7819,1.11328740596807,27,-86,0.001869,51,2026-05-22 10:58:10.001157,584,1.037,0.0011,"aoml_navis",1029.82179668504
"7901009",111,0,1,0.031773,1,0.009345,1,111.812674591709,1,4.85515169780083,586,1,8.53600025177002,34.9869995117188,0.0317730009555817,0.0167881175875664,107.819702148438,-86.134,27.483,12.2183162423571,63,63,63,63,61,63,0,7819,1.11328740596807,27,-86,0.001869,51,2026-05-22 10:58:10.001157,586,1.037,0.0011,"aoml_navis",1029.83393953783
"7901009",111,0,1,0.029904,1,0.007476,1,111.797839704317,1,4.85510294836833,588,1,8.52799987792969,34.9869995117188,0.0299040004611015,0.0151093062013388,107.805397033691,-86.134,27.483,12.2183162423571,63,63,63,63,61,63,0,7819,1.11328740596807,27,-86,0.001869,51,2026-05-22 10:58:10.001157,588,1.037,0.0011,"aoml_navis",1029.84427996122
"7901009",111,0,1,0.029904,1,0.007476,1,111.873232580032,1,4.85505550496326,590,1,8.51700019836426,34.9860000610352,0.0299040004611015,0.0151093062013388,107.87809753418,-86.134,27.483,12.2183162423571,63,63,63,63,61,63,0,7819,1.11328740596807,27,-86,0.001869,51,2026-05-22 10:58:10.001157,590,1.037,0.0011,"aoml_navis",1029.85434355767
"7901009",111,0,1,0.029904,1,0.007476,1,111.98430039295,1,4.85500541705436,592,1,8.4980001449585,34.984001159668,0.0299040004611015,0.0151093062013388,107.985198974609,-86.134,27.483,12.2183162423571,63,63,63,63,61,63,0,7819,1.11328740596807,27,-86,0.001869,51,2026-05-22 10:58:10.001157,592,1.037,0.0011,"aoml_navis",1029.86496831421
"7901009",111,0,1,0.026166,1,0.003738,1,112.149604554176,1,4.85494140570666,594,1,8.45199966430664,34.9799995422363,0.0261659994721413,0.0117516815662384,108.144599914551,-86.134,27.483,12.2183162423571,63,63,63,63,61,63,0,7819,1.11328740596807,27,-86,0.001869,51,2026-05-22 10:58:10.001157,594,1.037,0.0011,"aoml_navis",1029.87854686008
"7901009",111,0,1,0.029904,1,0.007476,1,112.341666896288,1,4.85488952991304,596,1,8.42599964141846,34.9770011901855,0.0299040004611015,0.0151093062013388,108.329803466797,-86.134,27.483,12.2183162423571,63,63,63,63,61,63,0,7819,1.11328740596807,27,-86,0.001869,51,2026-05-22 10:58:10.001157,596,1.037,0.0011,"aoml_navis",1029.88955138791
"7901009",111,0,1,0.031773,1,0.009345,1,112.42317570158,1,4.85483559064876,598,1,8.40200042724609,34.9749984741211,0.0317730009555817,0.0167881175875664,108.408401489258,-86.134,27.483,12.2183162423571,63,63,63,63,61,63,0,7819,1.11328740596807,27,-86,0.001869,51,2026-05-22 10:58:10.001157,598,1.037,0.0011,"aoml_navis",1029.90099389377
"7901009",111,0,1,0.028035,1,0.005607,1,112.557259347791,1,4.85478660735308,600.099975585938,1,8.38700008392334,34.9729995727539,0.0280349999666214,0.0134304938837886,108.537696838379,-86.134,27.483,12.2183162423571,63,63,63,63,61,63,0,7819,1.11328740596807,27,-86,0.001869,51,2026-05-22 10:58:10.001157,600.099975585938,1.037,0.0011,"aoml_navis",1029.91138527633
"7901009",111,0,1,0.028035,1,0.005607,1,112.793185484947,1,4.85472828982338,602,1,8.35000038146973,34.9700012207031,0.0280349999666214,0.0134304938837886,108.765197753906,-86.134,27.483,12.2183162423571,63,63,63,63,61,63,0,7819,1.11328740596807,27,-86,0.001869,51,2026-05-22 10:58:10.001157,602,1.037,0.0011,"aoml_navis",1029.92375710936
"7901009",111,0,1,0.026166,1,0.003738,1,112.964194154872,1,4.85467316393941,604,1,8.3149995803833,34.9659996032715,0.0261659994721413,0.0117516815662384,108.930099487305,-86.134,27.483,12.2183162423571,63,63,63,63,61,63,0,7819,1.11328740596807,27,-86,0.001869,51,2026-05-22 10:58:10.001157,604,1.037,0.0011,"aoml_navis",1029.93545212067
"7901009",111,0,1,0.029904,1,0.007476,1,113.088016014977,1,4.85461618817165,606,1,8.28699970245361,34.9640007019043,0.0299040004611015,0.0151093062013388,109.049499511719,-86.134,27.483,12.2183162423571,63,63,63,63,61,63,0,7819,1.11328740596807,27,-86,0.001869,51,2026-05-22 10:58:10.001157,606,1.037,0.0011,"aoml_navis",1029.94753986578
"7901009",111,0,1,0.031773,1,0.009345,1,113.239426809664,1,4.85456215555106,608,1,8.25800037384033,34.9609985351562,0.0317730009555817,0.0167881175875664,109.195503234863,-86.134,27.483,12.2183162423571,63,63,63,63,61,63,0,7819,1.11328740596807,27,-86,0.001869,51,2026-05-22 10:58:10.001157,608,1.037,0.0011,"aoml_navis",1029.959003467
"7901009",111,0,1,0.028035,1,0.005607,1,113.271256544054,1,4.85451225501956,610,1,8.23900032043457,34.9589996337891,0.0280349999666214,0.0134304938837886,109.226196289062,-86.134,27.483,12.2183162423571,63,63,63,63,61,63,0,7819,1.11328740596807,27,-86,0.001869,51,2026-05-22 10:58:10.001157,610,1.037,0.0011,"aoml_navis",1029.96959062777
"7901009",111,0,1,0.029904,1,0.007476,1,113.342606418458,1,4.8544618044308,612,1,8.22399997711182,34.9580001831055,0.0299040004611015,0.0151093062013388,109.294998168945,-86.134,27.483,12.2183162423571,63,63,63,63,61,63,0,7819,1.11328740596807,27,-86,0.001869,51,2026-05-22 10:58:10.001157,612,1.037,0.0011,"aoml_navis",1029.98029471287
"7901009",111,0,1,0.031773,1,0.009345,1,113.486548341839,1,4.85440959349735,614,1,8.20199966430664,34.9560012817383,0.0317730009555817,0.0167881175875664,109.433799743652,-86.134,27.483,12.2183162423571,63,63,63,63,61,63,0,7819,1.11328740596807,27,-86,0.001869,51,2026-05-22 10:58:10.001157,614,1.037,0.0011,"aoml_navis",1029.991372524
"7901009",111,0,1,0.031773,1,0.009345,1,113.721232304423,1,4.85435042415064,616,1,8.17099952697754,34.9539985656738,0.0317730009555817,0.0167881175875664,109.660102844238,-86.134,27.483,12.2183162423571,63,63,63,63,61,63,0,7819,1.11328740596807,27,-86,0.001869,51,2026-05-22 10:58:10.001157,616,1.037,0.0011,"aoml_navis",1030.00392701869
"7901009",111,0,1,0.029904,1,0.007476,1,114.056500759502,1,4.85430291327802,618,1,8.15499973297119,34.9519996643066,0.0299040004611015,0.0151093062013388,109.9833984375,-86.134,27.483,12.2183162423571,63,63,63,63,61,63,0,7819,1.11328740596807,27,-86,0.001869,51,2026-05-22 10:58:10.001157,618,1.037,0.0011,"aoml_navis",1030.01400805118
"7901009",111,0,1,0.035511,1,0.013083,1,114.522339959457,1,4.85424591635317,620,1,8.12199974060059,34.9490013122559,0.0355109982192516,0.0201457403600216,110.432601928711,-86.134,27.483,12.2183162423571,63,63,63,63,61,63,0,7819,1.11328740596807,27,-86,0.001869,51,2026-05-22 10:58:10.001157,620,1.037,0.0011,"aoml_navis",1030.02610212964
"7901009",111,0,1,0.029904,1,0.007476,1,114.91651280741,1,4.85419033821179,622,1,8.08600044250488,34.9449996948242,0.0299040004611015,0.0151093062013388,110.812698364258,-86.134,27.483,12.2183162423571,63,63,63,63,61,63,0,7819,1.11328740596807,27,-86,0.001869,51,2026-05-22 10:58:10.001157,622,1.037,0.0011,"aoml_navis",1030.03789543241
"7901009",111,0,1,0.031773,1,0.009345,1,115.231771966372,1,4.85414019960695,624,1,8.05700016021729,34.9410018920898,0.0317730009555817,0.0167881175875664,111.11669921875,-86.134,27.483,12.2183162423571,63,63,63,63,61,63,0,7819,1.11328740596807,27,-86,0.001869,51,2026-05-22 10:58:10.001157,624,1.037,0.0011,"aoml_navis",1030.0485347343
"7901009",111,0,1,0.029904,1,0.007476,1,115.511561898571,1,4.85409336539273,626,1,8.03699970245361,34.9379997253418,0.0299040004611015,0.0151093062013388,111.386497497559,-86.134,27.483,12.2183162423571,63,63,63,63,61,63,0,7819,1.11328740596807,27,-86,0.001869,51,2026-05-22 10:58:10.001157,626,1.037,0.0011,"aoml_navis",1030.0584730503
"7901009",111,0,1,0.031773,1,0.009345,1,115.677071770236,1,4.85404516446161,628,1,8.02000045776367,34.9360008239746,0.0317730009555817,0.0167881175875664,111.546096801758,-86.134,27.483,12.2183162423571,63,63,63,63,61,63,0,7819,1.11328740596807,27,-86,0.001869,51,2026-05-22 10:58:10.001157,628,1.037,0.0011,"aoml_navis",1030.06870158667
"7901009",111,0,1,0.029904,1,0.007476,1,115.958420354604,1,4.85398989797893,630,1,7.98899984359741,34.9329986572266,0.0299040004611015,0.0151093062013388,111.817398071289,-86.134,27.483,12.2183162423571,63,63,63,63,61,63,0,7819,1.11328740596807,27,-86,0.001869,51,2026-05-22 10:58:10.001157,630,1.037,0.0011,"aoml_navis",1030.08042972687
"7901009",111,0,1,0.026166,1,0.003738,1,116.227845645478,1,4.85392851873182,632,1,7.94999980926514,34.9300003051758,0.0261659994721413,0.0117516815662384,112.077201843262,-86.134,27.483,12.2183162423571,63,63,63,63,61,63,0,7819,1.11328740596807,27,-86,0.001869,51,2026-05-22 10:58:10.001157,632,1.037,0.0011,"aoml_navis",1030.09345537423
"7901009",111,0,1,0.031773,1,0.009345,1,116.405175955417,1,4.85387286206464,634,1,7.92799997329712,34.9290008544922,0.0317730009555817,0.0167881175875664,112.248199462891,-86.134,27.483,12.2183162423571,63,63,63,63,61,63,0,7819,1.11328740596807,27,-86,0.001869,51,2026-05-22 10:58:10.001157,634,1.037,0.0011,"aoml_navis",1030.10526688439
"7901009",111,0,1,0.031773,1,0.009345,1,116.539473224007,1,4.85382091721209,636,1,7.9060001373291,34.9269981384277,0.0317730009555817,0.0167881175875664,112.377700805664,-86.134,27.483,12.2183162423571,63,63,63,63,61,63,0,7819,1.11328740596807,27,-86,0.001869,51,2026-05-22 10:58:10.001157,636,1.037,0.0011,"aoml_navis",1030.11629091414
"7901009",111,0,1,0.029904,1,0.007476,1,116.610095199936,1,4.85377738740759,638,1,7.89499998092651,34.9249992370605,0.0299040004611015,0.0151093062013388,112.44580078125,-86.134,27.483,12.2183162423571,63,63,63,63,61,63,0,7819,1.11328740596807,27,-86,0.001869,51,2026-05-22 10:58:10.001157,638,1.037,0.0011,"aoml_navis",1030.12552923662
"7901009",111,0,1,0.031773,1,0.009345,1,116.606985807539,1,4.85372774737948,640,1,7.87599992752075,34.9230003356934,0.0317730009555817,0.0167881175875664,112.442802429199,-86.134,27.483,12.2183162423571,63,63,63,63,61,63,0,7819,1.11328740596807,27,-86,0.001869,51,2026-05-22 10:58:10.001157,640,1.037,0.0011,"aoml_navis",1030.13606453298
"7901009",111,0,1,0.029904,1,0.007476,1,116.395428445407,1,4.8536736778144,642,1,7.85599994659424,34.9220008850098,0.0299040004611015,0.0151093062013388,112.238800048828,-86.134,27.483,12.2183162423571,63,63,63,63,61,63,0,7819,1.11328740596807,27,-86,0.001869,51,2026-05-22 10:58:10.001157,642,1.037,0.0011,"aoml_navis",1030.14754017239
"7901009",111,0,1,0.029904,1,0.007476,1,115.932081506534,1,4.85361733586551,644,1,7.83300018310547,34.9210014343262,0.0299040004611015,0.0151093062013388,111.791999816895,-86.134,27.483,12.2183162423571,63,63,63,63,61,63,0,7819,1.11328740596807,27,-86,0.001869,51,2026-05-22 10:58:10.001157,644,1.037,0.0011,"aoml_navis",1030.159498371
"7901009",111,0,1,0.029904,1,0.007476,1,115.709123038944,1,4.85355507067836,646,1,7.83599996566772,34.9269981384277,0.0299040004611015,0.0151093062013388,111.577003479004,-86.134,27.483,12.2183162423571,63,63,63,63,61,63,0,7819,1.11328740596807,27,-86,0.001869,51,2026-05-22 10:58:10.001157,646,1.037,0.0011,"aoml_navis",1030.17271405992
"7901009",111,0,1,0.029904,1,0.007476,1,115.837818654055,1,4.85349798154109,648,1,7.81199979782104,34.9259986877441,0.0299040004611015,0.0151093062013388,111.701103210449,-86.134,27.483,12.2183162423571,63,63,63,63,61,63,0,7819,1.11328740596807,27,-86,0.001869,51,2026-05-22 10:58:10.001157,648,1.037,0.0011,"aoml_navis",1030.18483143829
"7901009",111,0,1,0.033642,1,0.011214,1,115.927413461968,1,4.85344700255188,650,1,7.7960000038147,34.9249992370605,0.0336420014500618,0.018466928973794,111.787498474121,-86.134,27.483,12.2183162423571,63,63,63,63,61,63,0,7819,1.11328740596807,27,-86,0.001869,51,2026-05-22 10:58:10.001157,650,1.037,0.0011,"aoml_navis",1030.19565215631
"7901009",111,0,1,0.028035,1,0.005607,1,116.080374996883,1,4.85340287973813,652,1,7.78900003433228,34.923999786377,0.0280349999666214,0.0134304938837886,111.934997558594,-86.134,27.483,12.2183162423571,63,63,63,63,61,63,0,7819,1.11328740596807,27,-86,0.001869,51,2026-05-22 10:58:10.001157,652,1.037,0.0011,"aoml_navis",1030.20501777709
"7901009",111,0,1,0.031773,1,0.009345,1,116.329783079701,1,4.8533487515994,654,1,7.76399993896484,34.9220008850098,0.0317730009555817,0.0167881175875664,112.175498962402,-86.134,27.483,12.2183162423571,63,63,63,63,61,63,0,7819,1.11328740596807,27,-86,0.001869,51,2026-05-22 10:58:10.001157,654,1.037,0.0011,"aoml_navis",1030.21650738622
"7901009",111,0,1,0.028035,1,0.005607,1,116.50307038833,1,4.85329628143509,656,1,7.74599981307983,34.9210014343262,0.0280349999666214,0.0134304938837886,112.342597961426,-86.134,27.483,12.2183162423571,63,63,63,63,61,63,0,7819,1.11328740596807,27,-86,0.001869,51,2026-05-22 10:58:10.001157,656,1.037,0.0011,"aoml_navis",1030.22764530698
"7901009",111,0,1,0.033642,1,0.011214,1,116.880034766907,1,4.85323906673949,658,1,7.71199989318848,34.9179992675781,0.0336420014500618,0.018466928973794,112.706100463867,-86.134,27.483,12.2183162423571,63,63,63,63,61,63,0,7819,1.11328740596807,27,-86,0.001869,51,2026-05-22 10:58:10.001157,658,1.037,0.0011,"aoml_navis",1030.23979063103
"7901009",111,0,1,0.033642,1,0.011214,1,117.095215797532,1,4.85317961723963,660,1,7.67500019073486,34.9150009155273,0.0336420014500618,0.018466928973794,112.913597106934,-86.134,27.483,12.2183162423571,63,63,63,63,61,63,0,7819,1.11328740596807,27,-86,0.001869,51,2026-05-22 10:58:10.001157,660,1.037,0.0011,"aoml_navis",1030.25241065441
"7901009",111,0,1,0.029904,1,0.007476,1,117.213649626537,1,4.85313335155426,662,1,7.67000007629395,34.9150009155273,0.0299040004611015,0.0151093062013388,113.027801513672,-86.134,27.483,12.2183162423571,63,63,63,63,61,63,0,7819,1.11328740596807,27,-86,0.001869,51,2026-05-22 10:58:10.001157,662,1.037,0.0011,"aoml_navis",1030.26223221307
"7901009",111,0,1,0.029904,1,0.007476,1,117.33643502251,1,4.85308850032705,664,1,7.66200017929077,34.9140014648438,0.0299040004611015,0.0151093062013388,113.146202087402,-86.134,27.483,12.2183162423571,63,63,63,63,61,63,0,7819,1.11328740596807,27,-86,0.001869,51,2026-05-22 10:58:10.001157,664,1.037,0.0011,"aoml_navis",1030.27175368078
"7901009",111,0,1,0.031773,1,0.009345,1,117.581792192078,1,4.85304139897115,666,1,7.65100002288818,34.9129981994629,0.0317730009555817,0.0167881175875664,113.382797241211,-86.134,27.483,12.2183162423571,63,63,63,63,61,63,0,7819,1.11328740596807,27,-86,0.001869,51,2026-05-22 10:58:10.001157,666,1.037,0.0011,"aoml_navis",1030.28175301781
"7901009",111,0,1,0.029904,1,0.007476,1,117.853812599253,1,4.85298513871351,668,1,7.6230001449585,34.9109992980957,0.0299040004611015,0.0151093062013388,113.64510345459,-86.134,27.483,12.2183162423571,63,63,63,63,61,63,0,7819,1.11328740596807,27,-86,0.001869,51,2026-05-22 10:58:10.001157,668,1.037,0.0011,"aoml_navis",1030.29369698945
"7901009",111,0,1,0.028035,1,0.005607,1,118.201115114984,1,4.8529387030837,670,1,7.60799980163574,34.9090003967285,0.0280349999666214,0.0134304938837886,113.980003356934,-86.134,27.483,12.2183162423571,63,63,63,63,61,63,0,7819,1.11328740596807,27,-86,0.001869,51,2026-05-22 10:58:10.001157,670,1.037,0.0011,"aoml_navis",1030.30355541537
"7901009",111,0,1,0.026166,1,0.003738,1,118.651082963414,1,4.85286588454194,672,1,7.55299997329712,34.9059982299805,0.0261659994721413,0.0117516815662384,114.413902282715,-86.134,27.483,12.2183162423571,63,63,63,63,61,63,0,7819,1.11328740596807,27,-86,0.001869,51,2026-05-22 10:58:10.001157,672,1.037,0.0011,"aoml_navis",1030.31901539392
"7901009",111,0,1,0.029904,1,0.007476,1,118.952235133459,1,4.85280666744285,674,1,7.51599979400635,34.9029998779297,0.0299040004611015,0.0151093062013388,114.704299926758,-86.134,27.483,12.2183162423571,63,63,63,63,61,63,0,7819,1.11328740596807,27,-86,0.001869,51,2026-05-22 10:58:10.001157,674,1.037,0.0011,"aoml_navis",1030.33158801579
"7901009",111,0,1,0.029904,1,0.007476,1,119.211493581506,1,4.85275361554552,676,1,7.49700021743774,34.9020004272461,0.0299040004611015,0.0151093062013388,114.954299926758,-86.134,27.483,12.2183162423571,63,63,63,63,61,63,0,7819,1.11328740596807,27,-86,0.001869,51,2026-05-22 10:58:10.001157,676,1.037,0.0011,"aoml_navis",1030.34285193932
"7901009",111,0,1,0.024297,1,0.001869,1,119.510992156103,1,4.85270350967021,678,1,7.47700023651123,34.9000015258789,0.0242970008403063,0.0100728701800108,115.243103027344,-86.134,27.483,12.2183162423571,63,63,63,63,61,63,0,7819,1.11328740596807,27,-86,0.001869,51,2026-05-22 10:58:10.001157,678,1.037,0.0011,"aoml_navis",1030.35349059267
"7901009",111,0,1,0.029904,1,0.007476,1,119.807784847239,1,4.85265193840932,680,1,7.45499992370605,34.8979988098145,0.0299040004611015,0.0151093062013388,115.529296875,-86.134,27.483,12.2183162423571,63,63,63,63,61,63,0,7819,1.11328740596807,27,-86,0.001869,51,2026-05-22 10:58:10.001157,680,1.037,0.0011,"aoml_navis",1030.36444061121
"7901009",111,0,1,0.029904,1,0.007476,1,120.17178946819,1,4.85259296052994,682,1,7.42799997329712,34.8969993591309,0.0299040004611015,0.0151093062013388,115.880302429199,-86.134,27.483,12.2183162423571,63,63,63,63,61,63,0,7819,1.11328740596807,27,-86,0.001869,51,2026-05-22 10:58:10.001157,682,1.037,0.0011,"aoml_navis",1030.37696354692
"7901009",111,0,1,0.029904,1,0.007476,1,120.40709056209,1,4.85253769252363,684,1,7.40100002288818,34.8950004577637,0.0299040004611015,0.0151093062013388,116.107200622559,-86.134,27.483,12.2183162423571,63,63,63,63,61,63,0,7819,1.11328740596807,27,-86,0.001869,51,2026-05-22 10:58:10.001157,684,1.037,0.0011,"aoml_navis",1030.38869903135
"7901009",111,0,1,0.033642,1,0.011214,1,120.712807921482,1,4.85248989138897,686,1,7.38399982452393,34.8930015563965,0.0336420014500618,0.018466928973794,116.402000427246,-86.134,27.483,12.2183162423571,63,63,63,63,61,63,0,7819,1.11328740596807,27,-86,0.001869,51,2026-05-22 10:58:10.001157,686,1.037,0.0011,"aoml_navis",1030.3988492326
"7901009",111,0,1,0.026166,1,0.003738,1,121.045900593076,1,4.85242060575283,688,1,7.34299993515015,34.8919982910156,0.0261659994721413,0.0117516815662384,116.723197937012,-86.134,27.483,12.2183162423571,63,63,63,63,61,63,0,7819,1.11328740596807,27,-86,0.001869,51,2026-05-22 10:58:10.001157,688,1.037,0.0011,"aoml_navis",1030.41356185657
"7901009",111,0,1,0.033642,1,0.011214,1,121.225208888,1,4.85236397009943,690,1,7.31899976730347,34.890998840332,0.0336420014500618,0.018466928973794,116.896102905273,-86.134,27.483,12.2183162423571,63,63,63,63,61,63,0,7819,1.11328740596807,27,-86,0.001869,51,2026-05-22 10:58:10.001157,690,1.037,0.0011,"aoml_navis",1030.42558860183
"7901009",111,0,1,0.031773,1,0.009345,1,121.365622086166,1,4.85232143032582,692,1,7.31400012969971,34.8899993896484,0.0317730009555817,0.0167881175875664,117.03150177002,-86.134,27.483,12.2183162423571,63,63,63,63,61,63,0,7819,1.11328740596807,27,-86,0.001869,51,2026-05-22 10:58:10.001157,692,1.037,0.0011,"aoml_navis",1030.43462223076
"7901009",111,0,1,0.033642,1,0.011214,1,121.581428160047,1,4.8522788919462,694,1,7.30900001525879,34.8889999389648,0.0336420014500618,0.018466928973794,117.239601135254,-86.134,27.483,12.2183162423571,63,63,63,63,61,63,0,7819,1.11328740596807,27,-86,0.001869,51,2026-05-22 10:58:10.001157,694,1.037,0.0011,"aoml_navis",1030.44365572205
"7901009",111,0,1,0.033642,1,0.011214,1,121.903111814244,1,4.85220749231583,696,1,7.2649998664856,34.8880004882812,0.0336420014500618,0.018466928973794,117.549797058105,-86.134,27.483,12.2183162423571,63,63,63,63,61,63,0,7819,1.11328740596807,27,-86,0.001869,51,2026-05-22 10:58:10.001157,696,1.037,0.0011,"aoml_navis",1030.45881857242
"7901009",111,0,1,0.029904,1,0.007476,1,122.030668110002,1,4.85215682377652,698,1,7.24399995803833,34.8860015869141,0.0299040004611015,0.0151093062013388,117.672798156738,-86.134,27.483,12.2183162423571,63,63,63,63,61,63,0,7819,1.11328740596807,27,-86,0.001869,51,2026-05-22 10:58:10.001157,698,1.037,0.0011,"aoml_navis",1030.46957911563
"7901009",111,0,1,0.028035,1,0.005607,1,122.153975694012,1,4.85210913625343,700,1,7.23699998855591,34.8860015869141,0.0280349999666214,0.0134304938837886,117.791702270508,-86.134,27.483,12.2183162423571,63,63,63,63,61,63,0,7819,1.11328740596807,27,-86,0.001869,51,2026-05-22 10:58:10.001157,700,1.037,0.0011,"aoml_navis",1030.47970678186
"7901009",111,0,1,0.028035,1,0.005607,1,122.373824769204,1,4.85205407393833,702,1,7.21999979019165,34.8860015869141,0.0280349999666214,0.0134304938837886,118.003700256348,-86.134,27.483,12.2183162423571,63,63,63,63,61,63,0,7819,1.11328740596807,27,-86,0.001869,51,2026-05-22 10:58:10.001157,702,1.037,0.0011,"aoml_navis",1030.49140092159
"7901009",111,0,1,0.029904,1,0.007476,1,122.69830925014,1,4.85200345361811,704,1,7.19899988174438,34.8839988708496,0.0299040004611015,0.0151093062013388,118.316596984863,-86.134,27.483,12.2183162423571,63,63,63,63,61,63,0,7819,1.11328740596807,27,-86,0.001869,51,2026-05-22 10:58:10.001157,704,1.037,0.0011,"aoml_navis",1030.50215190418
"7901009",111,0,1,0.031773,1,0.009345,1,123.033063429122,1,4.85194474022428,706,1,7.17199993133545,34.882999420166,0.0317730009555817,0.0167881175875664,118.63939666748,-86.134,27.483,12.2183162423571,63,63,63,63,61,63,0,7819,1.11328740596807,27,-86,0.001869,51,2026-05-22 10:58:10.001157,706,1.037,0.0011,"aoml_navis",1030.51462201296
"7901009",111,0,1,0.029904,1,0.007476,1,123.415004417923,1,4.85187651376378,708,1,7.13199996948242,34.8819999694824,0.0299040004611015,0.0151093062013388,119.007698059082,-86.134,27.483,12.2183162423571,63,63,63,63,61,63,0,7819,1.11328740596807,27,-86,0.001869,51,2026-05-22 10:58:10.001157,708,1.037,0.0011,"aoml_navis",1030.5291129764
"7901009",111,0,1,0.028035,1,0.005607,1,123.717509529698,1,4.85181272498741,710,1,7.10300016403198,34.8819999694824,0.0280349999666214,0.0134304938837886,119.29940032959,-86.134,27.483,12.2183162423571,63,63,63,63,61,63,0,7819,1.11328740596807,27,-86,0.001869,51,2026-05-22 10:58:10.001157,710,1.037,0.0011,"aoml_navis",1030.54266176627
"7901009",111,0,1,0.033642,1,0.011214,1,123.833759663278,1,4.85176216098097,712,1,7.08699989318848,34.8810005187988,0.0336420014500618,0.018466928973794,119.411499023438,-86.134,27.483,12.2183162423571,63,63,63,63,61,63,0,7819,1.11328740596807,27,-86,0.001869,51,2026-05-22 10:58:10.001157,712,1.037,0.0011,"aoml_navis",1030.553401857
"7901009",111,0,1,0.029904,1,0.007476,1,124.006944116687,1,4.85171523813378,714,1,7.08099985122681,34.8810005187988,0.0299040004611015,0.0151093062013388,119.578498840332,-86.134,27.483,12.2183162423571,63,63,63,63,61,63,0,7819,1.11328740596807,27,-86,0.001869,51,2026-05-22 10:58:10.001157,714,1.037,0.0011,"aoml_navis",1030.56336874447
"7901009",111,0,1,0.031773,1,0.009345,1,124.273252103224,1,4.85166761127165,716,1,7.06899976730347,34.8800010681152,0.0317730009555817,0.0167881175875664,119.835296630859,-86.134,27.483,12.2183162423571,63,63,63,63,61,63,0,7819,1.11328740596807,27,-86,0.001869,51,2026-05-22 10:58:10.001157,716,1.037,0.0011,"aoml_navis",1030.57348536898
"7901009",111,0,1,0.028035,1,0.005607,1,124.635698072006,1,4.85161268348529,718,1,7.04699993133545,34.8790016174316,0.0280349999666214,0.0134304938837886,120.184799194336,-86.134,27.483,12.2183162423571,63,63,63,63,61,63,0,7819,1.11328740596807,27,-86,0.001869,51,2026-05-22 10:58:10.001157,718,1.037,0.0011,"aoml_navis",1030.58515306051
"7901009",111,0,1,0.029904,1,0.007476,1,125.026658672342,1,4.85156216578406,720,1,7.0310001373291,34.8779983520508,0.0299040004611015,0.0151093062013388,120.561798095703,-86.134,27.483,12.2183162423571,63,63,63,63,61,63,0,7819,1.11328740596807,27,-86,0.001869,51,2026-05-22 10:58:10.001157,720,1.037,0.0011,"aoml_navis",1030.59588420052
"7901009",111,0,1,0.028035,1,0.005607,1,125.546734220605,1,4.85150508259754,722,1,7.00600004196167,34.8769989013672,0.0280349999666214,0.0134304938837886,121.063301086426,-86.134,27.483,12.2183162423571,63,63,63,63,61,63,0,7819,1.11328740596807,27,-86,0.001869,51,2026-05-22 10:58:10.001157,722,1.037,0.0011,"aoml_navis",1030.60801027193
"7901009",111,0,1,0.031773,1,0.009345,1,126.171548029832,1,4.8514349335902,724,1,6.96299982070923,34.8759994506836,0.0317730009555817,0.0167881175875664,121.665802001953,-86.134,27.483,12.2183162423571,63,63,63,63,61,63,0,7819,1.11328740596807,27,-86,0.001869,51,2026-05-22 10:58:10.001157,724,1.037,0.0011,"aoml_navis",1030.62291228131
"7901009",111,0,1,0.033642,1,0.011214,1,126.727496313796,1,4.851381601292,726,1,6.93800020217896,34.8740005493164,0.0336420014500618,0.018466928973794,122.20189666748,-86.134,27.483,12.2183162423571,63,63,63,63,61,63,0,7819,1.11328740596807,27,-86,0.001869,51,2026-05-22 10:58:10.001157,726,1.037,0.0011,"aoml_navis",1030.63424214422
"7901009",111,0,1,0.029904,1,0.007476,1,127.254621400548,1,4.85131308646254,728,1,6.89200019836426,34.8720016479492,0.0299040004611015,0.0151093062013388,122.71019744873,-86.134,27.483,12.2183162423571,63,63,63,63,61,63,0,7819,1.11328740596807,27,-86,0.001869,51,2026-05-22 10:58:10.001157,728,1.037,0.0011,"aoml_navis",1030.64879773527
"7901009",111,0,1,0.026166,1,0.003738,1,127.517305718591,1,4.85125471015475,730,1,6.86499977111816,34.8709983825684,0.0261659994721413,0.0117516815662384,122.963500976562,-86.134,27.483,12.2183162423571,63,63,63,63,61,63,0,7819,1.11328740596807,27,-86,0.001869,51,2026-05-22 10:58:10.001157,730,1.037,0.0011,"aoml_navis",1030.66119977867
"7901009",111,0,1,0.029904,1,0.007476,1,127.709573771142,1,4.85120493447483,732,1,6.85500001907349,34.8709983825684,0.0299040004611015,0.0151093062013388,123.148902893066,-86.134,27.483,12.2183162423571,63,63,63,63,61,63,0,7819,1.11328740596807,27,-86,0.001869,51,2026-05-22 10:58:10.001157,732,1.037,0.0011,"aoml_navis",1030.6717748549
"7901009",111,0,1,0.033642,1,0.011214,1,127.900386026744,1,4.85115956795131,734,1,6.84600019454956,34.8699989318848,0.0336420014500618,0.018466928973794,123.332901000977,-86.134,27.483,12.2183162423571,63,63,63,63,61,63,0,7819,1.11328740596807,27,-86,0.001869,51,2026-05-22 10:58:10.001157,734,1.037,0.0011,"aoml_navis",1030.68141337423
"7901009",111,0,1,0.029904,1,0.007476,1,128.295081062733,1,4.85111276110966,736,1,6.83500003814697,34.8689994812012,0.0299040004611015,0.0151093062013388,123.713500976562,-86.134,27.483,12.2183162423571,63,63,63,63,61,63,0,7819,1.11328740596807,27,-86,0.001869,51,2026-05-22 10:58:10.001157,736,1.037,0.0011,"aoml_navis",1030.69135809086
"7901009",111,0,1,0.028035,1,0.005607,1,128.693716244814,1,4.85103994281057,738,1,6.79300022125244,34.8689994812012,0.0280349999666214,0.0134304938837886,124.097900390625,-86.134,27.483,12.2183162423571,63,63,63,63,61,63,0,7819,1.11328740596807,27,-86,0.001869,51,2026-05-22 10:58:10.001157,738,1.037,0.0011,"aoml_navis",1030.70682965829
"7901009",111,0,1,0.031773,1,0.009345,1,128.907757956087,1,4.85098300029774,740,1,6.77299976348877,34.8689994812012,0.0317730009555817,0.0167881175875664,124.304298400879,-86.134,27.483,12.2183162423571,63,63,63,63,61,63,0,7819,1.11328740596807,27,-86,0.001869,51,2026-05-22 10:58:10.001157,740,1.037,0.0011,"aoml_navis",1030.71892845081
"7901009",111,0,1,0.029904,1,0.007476,1,129.190451570245,1,4.85092607287075,742,1,6.75299978256226,34.8689994812012,0.0299040004611015,0.0151093062013388,124.57689666748,-86.134,27.483,12.2183162423571,63,63,63,63,61,63,0,7819,1.11328740596807,27,-86,0.001869,51,2026-05-22 10:58:10.001157,742,1.037,0.0011,"aoml_navis",1030.73102432192
"7901009",111,0,1,0.028035,1,0.005607,1,129.440484696319,1,4.8508764311288,744,1,6.73799991607666,34.8680000305176,0.0280349999666214,0.0134304938837886,124.818000793457,-86.134,27.483,12.2183162423571,63,63,63,63,61,63,0,7819,1.11328740596807,27,-86,0.001869,51,2026-05-22 10:58:10.001157,744,1.037,0.0011,"aoml_navis",1030.74157237118
"7901009",111,0,1,0.029904,1,0.007476,1,129.627048240172,1,4.85081512852365,746,1,6.71700000762939,34.8689994812012,0.0299040004611015,0.0151093062013388,124.997901916504,-86.134,27.483,12.2183162423571,63,63,63,63,61,63,0,7819,1.11328740596807,27,-86,0.001869,51,2026-05-22 10:58:10.001157,746,1.037,0.0011,"aoml_navis",1030.75459845895
"7901009",111,0,1,0.031773,1,0.009345,1,129.767872859215,1,4.85077410264859,748,1,6.71400022506714,34.8680000305176,0.0317730009555817,0.0167881175875664,125.133697509766,-86.134,27.483,12.2183162423571,63,63,63,63,61,63,0,7819,1.11328740596807,27,-86,0.001869,51,2026-05-22 10:58:10.001157,748,1.037,0.0011,"aoml_navis",1030.76331616225
"7901009",111,0,1,0.029904,1,0.007476,1,129.973931423086,1,4.85072867751235,750,1,6.71000003814697,34.8680000305176,0.0299040004611015,0.0151093062013388,125.332397460938,-86.134,27.483,12.2183162423571,63,63,63,63,61,63,0,7819,1.11328740596807,27,-86,0.001869,51,2026-05-22 10:58:10.001157,750,1.037,0.0011,"aoml_navis",1030.77296884892
"7901009",111,0,1,0.029904,1,0.007476,1,130.428780938461,1,4.85066893110076,752,1,6.68599987030029,34.8680000305176,0.0299040004611015,0.0151093062013388,125.771003723145,-86.134,27.483,12.2183162423571,63,63,63,63,61,63,0,7819,1.11328740596807,27,-86,0.001869,51,2026-05-22 10:58:10.001157,752,1.037,0.0011,"aoml_navis",1030.78566503308
"7901009",111,0,1,0.026166,1,0.003738,1,130.797651402476,1,4.85061146167622,754,1,6.65999984741211,34.867000579834,0.0261659994721413,0.0117516815662384,126.12670135498,-86.134,27.483,12.2183162423571,63,63,63,63,61,63,0,7819,1.11328740596807,27,-86,0.001869,51,2026-05-22 10:58:10.001157,754,1.037,0.0011,"aoml_navis",1030.79787764987
"7901009",111,0,1,0.031773,1,0.009345,1,131.103780182745,1,4.850553188676,756,1,6.63800001144409,34.867000579834,0.0317730009555817,0.0167881175875664,126.421897888184,-86.134,27.483,12.2183162423571,63,63,63,63,61,63,0,7819,1.11328740596807,27,-86,0.001869,51,2026-05-22 10:58:10.001157,756,1.037,0.0011,"aoml_navis",1030.81026132708
"7901009",111,0,1,0.029904,1,0.007476,1,131.40908612126,1,4.85050135049208,758,1,6.625,34.867000579834,0.0299040004611015,0.0151093062013388,126.716300964355,-86.134,27.483,12.2183162423571,63,63,63,63,61,63,0,7819,1.11328740596807,27,-86,0.001869,51,2026-05-22 10:58:10.001157,758,1.037,0.0011,"aoml_navis",1030.8212777825
"7901009",111,0,1,0.031773,1,0.009345,1,131.719052192401,1,4.85044096880979,760,1,6.59999990463257,34.867000579834,0.0317730009555817,0.0167881175875664,127.015197753906,-86.134,27.483,12.2183162423571,63,63,63,63,61,63,0,7819,1.11328740596807,27,-86,0.001869,51,2026-05-22 10:58:10.001157,760,1.037,0.0011,"aoml_navis",1030.83411016688
"7901009",111,0,1,0.029904,1,0.007476,1,131.896493269499,1,4.85038985966591,762,1,6.58799982070923,34.867000579834,0.0299040004611015,0.0151093062013388,127.186302185059,-86.134,27.483,12.2183162423571,63,63,63,63,61,63,0,7819,1.11328740596807,27,-86,0.001869,51,2026-05-22 10:58:10.001157,762,1.037,0.0011,"aoml_navis",1030.84497219042
"7901009",111,0,1,0.024297,1,0.001869,1,132.075065754009,1,4.85033519977858,764,1,6.57100009918213,34.867000579834,0.0242970008403063,0.0100728701800108,127.358497619629,-86.134,27.483,12.2183162423571,63,63,63,63,61,63,0,7819,1.11328740596807,27,-86,0.001869,51,2026-05-22 10:58:10.001157,764,1.037,0.0011,"aoml_navis",1030.8565890927
"7901009",111,0,1,0.031773,1,0.009345,1,132.214442488042,1,4.85029063052352,766,1,6.56300020217896,34.8660011291504,0.0317730009555817,0.0167881175875664,127.492897033691,-86.134,27.483,12.2183162423571,63,63,63,63,61,63,0,7819,1.11328740596807,27,-86,0.001869,51,2026-05-22 10:58:10.001157,766,1.037,0.0011,"aoml_navis",1030.86606161997
"7901009",111,0,1,0.029904,1,0.007476,1,132.338477970526,1,4.85024451160767,768,1,6.55800008773804,34.8660011291504,0.0299040004611015,0.0151093062013388,127.612503051758,-86.134,27.483,12.2183162423571,63,63,63,63,61,63,0,7819,1.11328740596807,27,-86,0.001869,51,2026-05-22 10:58:10.001157,768,1.037,0.0011,"aoml_navis",1030.87586368768
"7901009",111,0,1,0.026166,1,0.003738,1,132.476707473268,1,4.85019697323177,770,1,6.55100011825562,34.8660011291504,0.0261659994721413,0.0117516815662384,127.745796203613,-86.134,27.483,12.2183162423571,63,63,63,63,61,63,0,7819,1.11328740596807,27,-86,0.001869,51,2026-05-22 10:58:10.001157,770,1.037,0.0011,"aoml_navis",1030.88596764111
"7901009",111,0,1,0.029904,1,0.007476,1,132.731614354347,1,4.85014801599337,772,1,6.54199981689453,34.8660011291504,0.0299040004611015,0.0151093062013388,127.991600036621,-86.134,27.483,12.2183162423571,63,63,63,63,61,63,0,7819,1.11328740596807,27,-86,0.001869,51,2026-05-22 10:58:10.001157,772,1.037,0.0011,"aoml_navis",1030.89637337098
"7901009",111,0,1,0.029904,1,0.007476,1,133.037434568958,1,4.85009693211875,774,1,6.53000020980835,34.8660011291504,0.0299040004611015,0.0151093062013388,128.286499023438,-86.134,27.483,12.2183162423571,63,63,63,63,61,63,0,7819,1.11328740596807,27,-86,0.001869,51,2026-05-22 10:58:10.001157,774,1.037,0.0011,"aoml_navis",1030.90723133563
"7901009",111,0,1,0.035511,1,0.013083,1,133.473920471725,1,4.85004244353189,776,1,6.50799989700317,34.8650016784668,0.0355109982192516,0.0201457403600216,128.707397460938,-86.134,27.483,12.2183162423571,63,63,63,63,61,63,0,7819,1.11328740596807,27,-86,0.001869,51,2026-05-22 10:58:10.001157,776,1.037,0.0011,"aoml_navis",1030.91881322979
"7901009",111,0,1,0.028035,1,0.005607,1,133.845702529639,1,4.84998358112167,778,1,6.4850001335144,34.8650016784668,0.0280349999666214,0.0134304938837886,129.065902709961,-86.134,27.483,12.2183162423571,63,63,63,63,61,63,0,7819,1.11328740596807,27,-86,0.001869,51,2026-05-22 10:58:10.001157,778,1.037,0.0011,"aoml_navis",1030.93132510021
"7901009",111,0,1,0.028035,1,0.005607,1,134.206787644751,1,4.84992686036287,780,1,6.46500015258789,34.8650016784668,0.0280349999666214,0.0134304938837886,129.414093017578,-86.134,27.483,12.2183162423571,63,63,63,63,61,63,0,7819,1.11328740596807,27,-86,0.001869,51,2026-05-22 10:58:10.001157,780,1.037,0.0011,"aoml_navis",1030.94338202574
"7901009",111,0,1,0.029904,1,0.007476,1,134.518217424782,1,4.84986874110727,782,1,6.44299983978271,34.8650016784668,0.0299040004611015,0.0151093062013388,129.714401245117,-86.134,27.483,12.2183162423571,63,63,63,63,61,63,0,7819,1.11328740596807,27,-86,0.001869,51,2026-05-22 10:58:10.001157,782,1.037,0.0011,"aoml_navis",1030.9557365172
"7901009",111,0,1,0.033642,1,0.011214,1,134.763171085412,1,4.84982122902498,784,1,6.43599987030029,34.8650016784668,0.0336420014500618,0.018466928973794,129.950607299805,-86.134,27.483,12.2183162423571,63,63,63,63,61,63,0,7819,1.11328740596807,27,-86,0.001869,51,2026-05-22 10:58:10.001157,784,1.037,0.0011,"aoml_navis",1030.96583644697
"7901009",111,0,1,0.031773,1,0.009345,1,135.121154720067,1,4.84976313287011,786,1,6.41400003433228,34.8650016784668,0.0317730009555817,0.0167881175875664,130.295806884766,-86.134,27.483,12.2183162423571,63,63,63,63,61,63,0,7819,1.11328740596807,27,-86,0.001869,51,2026-05-22 10:58:10.001157,786,1.037,0.0011,"aoml_navis",1030.97818656578
"7901009",111,0,1,0.029904,1,0.007476,1,135.460466176456,1,4.849707168393,788,1,6.39499998092651,34.8650016784668,0.0299040004611015,0.0151093062013388,130.623001098633,-86.134,27.483,12.2183162423571,63,63,63,63,61,63,0,7819,1.11328740596807,27,-86,0.001869,51,2026-05-22 10:58:10.001157,788,1.037,0.0011,"aoml_navis",1030.99008381094
"7901009",111,0,1,0.031773,1,0.009345,1,135.737969558011,1,4.84965473723459,790,1,6.38100004196167,34.8650016784668,0.0317730009555817,0.0167881175875664,130.890594482422,-86.134,27.483,12.2183162423571,63,63,63,63,61,63,0,7819,1.11328740596807,27,-86,0.001869,51,2026-05-22 10:58:10.001157,790,1.037,0.0011,"aoml_navis",1031.00123017234
"7901009",111,0,1,0.028035,1,0.005607,1,136.074796665258,1,4.84960160942012,792,1,6.36600017547607,34.8650016784668,0.0280349999666214,0.0134304938837886,131.215393066406,-86.134,27.483,12.2183162423571,63,63,63,63,61,63,0,7819,1.11328740596807,27,-86,0.001869,51,2026-05-22 10:58:10.001157,792,1.037,0.0011,"aoml_navis",1031.01252488199
"7901009",111,0,1,0.035511,1,0.013083,1,136.383109140951,1,4.84953707436847,794,1,6.34000015258789,34.8660011291504,0.0355109982192516,0.0201457403600216,131.5126953125,-86.134,27.483,12.2183162423571,63,63,63,63,61,63,0,7819,1.11328740596807,27,-86,0.001869,51,2026-05-22 10:58:10.001157,794,1.037,0.0011,"aoml_navis",1031.02624504652
"7901009",111,0,1,0.029904,1,0.007476,1,136.427400180751,1,4.8494881807597,796,1,6.33099985122681,34.8660011291504,0.0299040004611015,0.0151093062013388,131.555404663086,-86.134,27.483,12.2183162423571,63,63,63,63,61,63,0,7819,1.11328740596807,27,-86,0.001869,51,2026-05-22 10:58:10.001157,796,1.037,0.0011,"aoml_navis",1031.03664008038
"7901009",111,0,1,0.029904,1,0.007476,1,136.447100911209,1,4.8494442056682,798,1,6.3289999961853,34.8660011291504,0.0299040004611015,0.0151093062013388,131.574401855469,-86.134,27.483,12.2183162423571,63,63,63,63,61,63,0,7819,1.11328740596807,27,-86,0.001869,51,2026-05-22 10:58:10.001157,798,1.037,0.0011,"aoml_navis",1031.0459895911
"7901009",111,0,1,0.028035,1,0.005607,1,136.525603179322,1,4.84940093494559,800,1,6.32800006866455,34.8660011291504,0.0280349999666214,0.0134304938837886,131.650100708008,-86.134,27.483,12.2183162423571,63,63,63,63,61,63,0,7819,1.11328740596807,27,-86,0.001869,51,2026-05-22 10:58:10.001157,800,1.037,0.0011,"aoml_navis",1031.055189512
"7901009",111,0,1,0.035511,1,0.013083,1,136.62826851202,1,4.84935696388863,802,1,6.32600021362305,34.8660011291504,0.0355109982192516,0.0201457403600216,131.749099731445,-86.134,27.483,12.2183162423571,63,63,63,63,61,63,0,7819,1.11328740596807,27,-86,0.001869,51,2026-05-22 10:58:10.001157,802,1.037,0.0011,"aoml_navis",1031.06453850132
"7901009",111,0,1,0.031773,1,0.009345,1,136.779370741049,1,4.84931597615858,804,1,6.32299995422363,34.8650016784668,0.0317730009555817,0.0167881175875664,131.894805908203,-86.134,27.483,12.2183162423571,63,63,63,63,61,63,0,7819,1.11328740596807,27,-86,0.001869,51,2026-05-22 10:58:10.001157,804,1.037,0.0011,"aoml_navis",1031.07325333764
"7901009",111,0,1,0.029904,1,0.007476,1,136.950585121412,1,4.84926059783301,806,1,6.30999994277954,34.8660011291504,0.0299040004611015,0.0151093062013388,132.059906005859,-86.134,27.483,12.2183162423571,63,63,63,63,61,63,0,7819,1.11328740596807,27,-86,0.001869,51,2026-05-22 10:58:10.001157,806,1.037,0.0011,"aoml_navis",1031.08502814519
"7901009",111,0,1,0.031773,1,0.009345,1,137.119093618315,1,4.84921382283587,808,1,6.30399990081787,34.8660011291504,0.0317730009555817,0.0167881175875664,132.222396850586,-86.134,27.483,12.2183162423571,63,63,63,63,61,63,0,7819,1.11328740596807,27,-86,0.001869,51,2026-05-22 10:58:10.001157,808,1.037,0.0011,"aoml_navis",1031.09497388093
"7901009",111,0,1,0.031773,1,0.009345,1,137.29144731803,1,4.84916634798824,810,1,6.29699993133545,34.8660011291504,0.0317730009555817,0.0167881175875664,132.388595581055,-86.134,27.483,12.2183162423571,63,63,63,63,61,63,0,7819,1.11328740596807,27,-86,0.001869,51,2026-05-22 10:58:10.001157,810,1.037,0.0011,"aoml_navis",1031.10506862161
"7901009",111,0,1,0.029904,1,0.007476,1,137.519706785381,1,4.84911606872411,812,1,6.28599977493286,34.8660011291504,0.0299040004611015,0.0151093062013388,132.608703613281,-86.134,27.483,12.2183162423571,63,63,63,63,61,63,0,7819,1.11328740596807,27,-86,0.001869,51,2026-05-22 10:58:10.001157,812,1.037,0.0011,"aoml_navis",1031.11575989056
"7901009",111,0,1,0.031773,1,0.009345,1,137.65689982399,1,4.84906859905568,814,1,6.27899980545044,34.8660011291504,0.0317730009555817,0.0167881175875664,132.740997314453,-86.134,27.483,12.2183162423571,63,63,63,63,61,63,0,7819,1.11328740596807,27,-86,0.001869,51,2026-05-22 10:58:10.001157,814,1.037,0.0011,"aoml_navis",1031.12585393692
"7901009",111,0,1,0.029904,1,0.007476,1,137.857151023944,1,4.84902323576544,816,1,6.27500009536743,34.8660011291504,0.0299040004611015,0.0151093062013388,132.934097290039,-86.134,27.483,12.2183162423571,63,63,63,63,61,63,0,7819,1.11328740596807,27,-86,0.001869,51,2026-05-22 10:58:10.001157,816,1.037,0.0011,"aoml_navis",1031.13550026343
"7901009",111,0,1,0.029904,1,0.007476,1,138.213678861648,1,4.84897945409475,818,1,6.26800012588501,34.8650016784668,0.0299040004611015,0.0151093062013388,133.277893066406,-86.134,27.483,12.2183162423571,63,63,63,63,61,63,0,7819,1.11328740596807,27,-86,0.001869,51,2026-05-22 10:58:10.001157,818,1.037,0.0011,"aoml_navis",1031.14481043588
"7901009",111,0,1,0.031773,1,0.009345,1,138.618960073281,1,4.84892568299069,820,1,6.2519998550415,34.8650016784668,0.0317730009555817,0.0167881175875664,133.668701171875,-86.134,27.483,12.2183162423571,63,63,63,63,61,63,0,7819,1.11328740596807,27,-86,0.001869,51,2026-05-22 10:58:10.001157,820,1.037,0.0011,"aoml_navis",1031.15624509141
"7901009",111,0,1,0.024297,1,0.001869,1,139.033878027764,1,4.84886054001775,822,1,6.22499990463257,34.8660011291504,0.0242970008403063,0.0100728701800108,134.068801879883,-86.134,27.483,12.2183162423571,63,63,63,63,61,63,0,7819,1.11328740596807,27,-86,0.001869,51,2026-05-22 10:58:10.001157,822,1.037,0.0011,"aoml_navis",1031.1700983633
"7901009",111,0,1,0.026166,1,0.003738,1,139.339911864753,1,4.84880889071564,824,1,6.21199989318848,34.8660011291504,0.0261659994721413,0.0117516815662384,134.363906860352,-86.134,27.483,12.2183162423571,63,63,63,63,61,63,0,7819,1.11328740596807,27,-86,0.001869,51,2026-05-22 10:58:10.001157,824,1.037,0.0011,"aoml_navis",1031.18108234248
"7901009",111,0,1,0.029904,1,0.007476,1,139.737502670762,1,4.84875654884544,826,1,6.19799995422363,34.8660011291504,0.0299040004611015,0.0151093062013388,134.747299194336,-86.134,27.483,12.2183162423571,63,63,63,63,61,63,0,7819,1.11328740596807,27,-86,0.001869,51,2026-05-22 10:58:10.001157,826,1.037,0.0011,"aoml_navis",1031.19221384513
"7901009",111,0,1,0.029904,1,0.007476,1,140.14609107329,1,4.84869076234099,828,1,6.17000007629395,34.867000579834,0.0299040004611015,0.0151093062013388,135.141296386719,-86.134,27.483,12.2183162423571,63,63,63,63,61,63,0,7819,1.11328740596807,27,-86,0.001869,51,2026-05-22 10:58:10.001157,828,1.037,0.0011,"aoml_navis",1031.20620494798
"7901009",111,0,1,0.031773,1,0.009345,1,140.607990127154,1,4.84863286800097,830,1,6.14799976348877,34.867000579834,0.0317730009555817,0.0167881175875664,135.586700439453,-86.134,27.483,12.2183162423571,63,63,63,63,61,63,0,7819,1.11328740596807,27,-86,0.001869,51,2026-05-22 10:58:10.001157,830,1.037,0.0011,"aoml_navis",1031.21851790388
"7901009",111,0,1,0.033642,1,0.011214,1,141.012226962714,1,4.84857777473484,832,1,6.13000011444092,34.867000579834,0.0336420014500618,0.018466928973794,135.976501464844,-86.134,27.483,12.2183162423571,63,63,63,63,61,63,0,7819,1.11328740596807,27,-86,0.001869,51,2026-05-22 10:58:10.001157,832,1.037,0.0011,"aoml_navis",1031.23023540103
"7901009",111,0,1,0.028035,1,0.005607,1,141.341063010619,1,4.84852199789092,834,1,6.11100006103516,34.867000579834,0.0280349999666214,0.0134304938837886,136.293594360352,-86.134,27.483,12.2183162423571,63,63,63,63,61,63,0,7819,1.11328740596807,27,-86,0.001869,51,2026-05-22 10:58:10.001157,834,1.037,0.0011,"aoml_navis",1031.24209855601
"7901009",111,0,1,0.028035,1,0.005607,1,141.593786196273,1,4.84846254970635,836,1,6.09200000762939,34.8680000305176,0.0280349999666214,0.0134304938837886,136.537292480469,-86.134,27.483,12.2183162423571,63,63,63,63,61,63,0,7819,1.11328740596807,27,-86,0.001869,51,2026-05-22 10:58:10.001157,836,1.037,0.0011,"aoml_navis",1031.25474286747
"7901009",111,0,1,0.031773,1,0.009345,1,141.775064564244,1,4.84841720675942,838,1,6.08799982070923,34.8680000305176,0.0317730009555817,0.0167881175875664,136.712097167969,-86.134,27.483,12.2183162423571,63,63,63,63,61,63,0,7819,1.11328740596807,27,-86,0.001869,51,2026-05-22 10:58:10.001157,838,1.037,0.0011,"aoml_navis",1031.26438727865
"7901009",111,0,1,0.033642,1,0.011214,1,142.058802554474,1,4.84836978331977,840,1,6.08099985122681,34.8680000305176,0.0336420014500618,0.018466928973794,136.985702514648,-86.134,27.483,12.2183162423571,63,63,63,63,61,63,0,7819,1.11328740596807,27,-86,0.001869,51,2026-05-22 10:58:10.001157,840,1.037,0.0011,"aoml_navis",1031.27447440208
"7901009",111,0,1,0.028035,1,0.005607,1,142.311731450567,1,4.8483133454646,842,1,6.06099987030029,34.8680000305176,0.0280349999666214,0.0134304938837886,137.229598999023,-86.134,27.483,12.2183162423571,63,63,63,63,61,63,0,7819,1.11328740596807,27,-86,0.001869,51,2026-05-22 10:58:10.001157,842,1.037,0.0011,"aoml_navis",1031.28647917885
"7901009",111,0,1,0.031773,1,0.009345,1,142.484702281598,1,4.84826592856278,844,1,6.05399990081787,34.8680000305176,0.0317730009555817,0.0167881175875664,137.396392822266,-86.134,27.483,12.2183162423571,63,63,63,63,61,63,0,7819,1.11328740596807,27,-86,0.001869,51,2026-05-22 10:58:10.001157,844,1.037,0.0011,"aoml_navis",1031.29656534377
"7901009",111,0,1,0.031773,1,0.009345,1,142.754230427691,1,4.84821482963595,846,1,6.04699993133545,34.8689994812012,0.0317730009555817,0.0167881175875664,137.656295776367,-86.134,27.483,12.2183162423571,63,63,63,63,61,63,0,7819,1.11328740596807,27,-86,0.001869,51,2026-05-22 10:58:10.001157,846,1.037,0.0011,"aoml_navis",1031.30743494208
"7901009",111,0,1,0.031773,1,0.009345,1,143.034961880743,1,4.84816326131053,848,1,6.03399991989136,34.8689994812012,0.0317730009555817,0.0167881175875664,137.927001953125,-86.134,27.483,12.2183162423571,63,63,63,63,61,63,0,7819,1.11328740596807,27,-86,0.001869,51,2026-05-22 10:58:10.001157,848,1.037,0.0011,"aoml_navis",1031.31840462163
"7901009",111,0,1,0.028035,1,0.005607,1,143.27762107879,1,4.84811009122531,850,1,6.02400016784668,34.8699989318848,0.0280349999666214,0.0134304938837886,138.160995483398,-86.134,27.483,12.2183162423571,63,63,63,63,61,63,0,7819,1.11328740596807,27,-86,0.001869,51,2026-05-22 10:58:10.001157,850,1.037,0.0011,"aoml_navis",1031.32971527392
"7901009",111,0,1,0.031773,1,0.009345,1,143.507225575932,1,4.84806060872998,852,1,6.01399993896484,34.8699989318848,0.0317730009555817,0.0167881175875664,138.382400512695,-86.134,27.483,12.2183162423571,63,63,63,63,61,63,0,7819,1.11328740596807,27,-86,0.001869,51,2026-05-22 10:58:10.001157,852,1.037,0.0011,"aoml_navis",1031.34024170334
"7901009",111,0,1,0.033642,1,0.011214,1,143.825079851196,1,4.84801113019915,854,1,6.00400018692017,34.8699989318848,0.0336420014500618,0.018466928973794,138.688903808594,-86.134,27.483,12.2183162423571,63,63,63,63,61,63,0,7819,1.11328740596807,27,-86,0.001869,51,2026-05-22 10:58:10.001157,854,1.037,0.0011,"aoml_navis",1031.35076750424
"7901009",111,0,1,0.028035,1,0.005607,1,144.151637260397,1,4.84795612616964,856,1,5.98600006103516,34.8699989318848,0.0280349999666214,0.0134304938837886,139.003799438477,-86.134,27.483,12.2183162423571,63,63,63,63,61,63,0,7819,1.11328740596807,27,-86,0.001869,51,2026-05-22 10:58:10.001157,856,1.037,0.0011,"aoml_navis",1031.36246902269
"7901009",111,0,1,0.028035,1,0.005607,1,144.285111687233,1,4.84790803854648,858,1,5.97800016403198,34.8699989318848,0.0280349999666214,0.0134304938837886,139.132507324219,-86.134,27.483,12.2183162423571,63,63,63,63,61,63,0,7819,1.11328740596807,27,-86,0.001869,51,2026-05-22 10:58:10.001157,858,1.037,0.0011,"aoml_navis",1031.37269936728
"7901009",111,0,1,0.031773,1,0.009345,1,144.611669096434,1,4.84786133454195,860,1,5.97200012207031,34.8699989318848,0.0317730009555817,0.0167881175875664,139.447402954102,-86.134,27.483,12.2183162423571,63,63,63,63,61,63,0,7819,1.11328740596807,27,-86,0.001869,51,2026-05-22 10:58:10.001157,860,1.037,0.0011,"aoml_navis",1031.38263554983
"7901009",111,0,1,0.031773,1,0.009345,1,144.949746290192,1,4.84780473573326,862,1,5.95699977874756,34.8709983825684,0.0317730009555817,0.0167881175875664,139.773406982422,-86.134,27.483,12.2183162423571,63,63,63,63,61,63,0,7819,1.11328740596807,27,-86,0.001869,51,2026-05-22 10:58:10.001157,862,1.037,0.0011,"aoml_navis",1031.39467708856
"7901009",111,0,1,0.031773,1,0.009345,1,145.262616043292,1,4.84774907186453,864,1,5.93800020217896,34.8709983825684,0.0317730009555817,0.0167881175875664,140.075103759766,-86.134,27.483,12.2183162423571,63,63,63,63,61,63,0,7819,1.11328740596807,27,-86,0.001869,51,2026-05-22 10:58:10.001157,864,1.037,0.0011,"aoml_navis",1031.40651999071
"7901009",111,0,1,0.035511,1,0.013083,1,145.504753053303,1,4.84769686394213,866,1,5.92399978637695,34.8709983825684,0.0355109982192516,0.0201457403600216,140.30859375,-86.134,27.483,12.2183162423571,63,63,63,63,61,63,0,7819,1.11328740596807,27,-86,0.001869,51,2026-05-22 10:58:10.001157,866,1.037,0.0011,"aoml_navis",1031.41762786174
"7901009",111,0,1,0.026166,1,0.003738,1,145.742032132189,1,4.84764604012967,868,1,5.91200017929077,34.8709983825684,0.0261659994721413,0.0117516815662384,140.537399291992,-86.134,27.483,12.2183162423571,63,63,63,63,61,63,0,7819,1.11328740596807,27,-86,0.001869,51,2026-05-22 10:58:10.001157,868,1.037,0.0011,"aoml_navis",1031.42844147636
"7901009",111,0,1,0.031773,1,0.009345,1,146.061547914841,1,4.84759358686944,870,1,5.90299987792969,34.8720016479492,0.0317730009555817,0.0167881175875664,140.845504760742,-86.134,27.483,12.2183162423571,63,63,63,63,61,63,0,7819,1.11328740596807,27,-86,0.001869,51,2026-05-22 10:58:10.001157,870,1.037,0.0011,"aoml_navis",1031.43960202097
"7901009",111,0,1,0.029904,1,0.007476,1,146.394735529715,1,4.84754208392984,872,1,5.8899998664856,34.8720016479492,0.0299040004611015,0.0151093062013388,141.166793823242,-86.134,27.483,12.2183162423571,63,63,63,63,61,63,0,7819,1.11328740596807,27,-86,0.001869,51,2026-05-22 10:58:10.001157,872,1.037,0.0011,"aoml_navis",1031.45056059969
"7901009",111,0,1,0.029904,1,0.007476,1,146.827914241586,1,4.84749058688489,874,1,5.8769998550415,34.8720016479492,0.0299040004611015,0.0151093062013388,141.584503173828,-86.134,27.483,12.2183162423571,63,63,63,63,61,63,0,7819,1.11328740596807,27,-86,0.001869,51,2026-05-22 10:58:10.001157,874,1.037,0.0011,"aoml_navis",1031.46151815699
"7901009",111,0,1,0.031773,1,0.009345,1,147.407194836441,1,4.84743566263035,876,1,5.85900020599365,34.8720016479492,0.0317730009555817,0.0167881175875664,142.143096923828,-86.134,27.483,12.2183162423571,63,63,63,63,61,63,0,7819,1.11328740596807,27,-86,0.001869,51,2026-05-22 10:58:10.001157,876,1.037,0.0011,"aoml_navis",1031.47320521359
"7901009",111,0,1,0.029904,1,0.007476,1,147.886515982059,1,4.84738006395576,878,1,5.84000015258789,34.8720016479492,0.0299040004611015,0.0151093062013388,142.60530090332,-86.134,27.483,12.2183162423571,63,63,63,63,61,63,0,7819,1.11328740596807,27,-86,0.001869,51,2026-05-22 10:58:10.001157,878,1.037,0.0011,"aoml_navis",1031.4850360464
"7901009",111,0,1,0.028035,1,0.005607,1,148.375679580966,1,4.8473194238532,880,1,5.81899976730347,34.8730010986328,0.0280349999666214,0.0134304938837886,143.076995849609,-86.134,27.483,12.2183162423571,63,63,63,63,61,63,0,7819,1.11328740596807,27,-86,0.001869,51,2026-05-22 10:58:10.001157,880,1.037,0.0011,"aoml_navis",1031.49793995326
"7901009",111,0,1,0.028035,1,0.005607,1,148.841518780921,1,4.84726248469298,882,1,5.7979998588562,34.8730010986328,0.0280349999666214,0.0134304938837886,143.52619934082,-86.134,27.483,12.2183162423571,63,63,63,63,61,63,0,7819,1.11328740596807,27,-86,0.001869,51,2026-05-22 10:58:10.001157,882,1.037,0.0011,"aoml_navis",1031.51005661223
"7901009",111,0,1,0.031773,1,0.009345,1,149.123389553325,1,4.84720461090008,884,1,5.7810001373291,34.8740005493164,0.0317730009555817,0.0167881175875664,143.798004150391,-86.134,27.483,12.2183162423571,63,63,63,63,61,63,0,7819,1.11328740596807,27,-86,0.001869,51,2026-05-22 10:58:10.001157,884,1.037,0.0011,"aoml_navis",1031.52237245284
"7901009",111,0,1,0.029904,1,0.007476,1,149.487797683213,1,4.84715521232771,886,1,5.77099990844727,34.8740005493164,0.0299040004611015,0.0151093062013388,144.149398803711,-86.134,27.483,12.2183162423571,63,63,63,63,61,63,0,7819,1.11328740596807,27,-86,0.001869,51,2026-05-22 10:58:10.001157,886,1.037,0.0011,"aoml_navis",1031.53288495561
"7901009",111,0,1,0.029904,1,0.007476,1,149.866827078115,1,4.8471071833881,888,1,5.76300001144409,34.8740005493164,0.0299040004611015,0.0151093062013388,144.514892578125,-86.134,27.483,12.2183162423571,63,63,63,63,61,63,0,7819,1.11328740596807,27,-86,0.001869,51,2026-05-22 10:58:10.001157,888,1.037,0.0011,"aoml_navis",1031.54310619247
"7901009",111,0,1,0.033642,1,0.011214,1,150.440521843371,1,4.84704728322287,890,1,5.74300003051758,34.875,0.0336420014500618,0.018466928973794,145.068099975586,-86.134,27.483,12.2183162423571,63,63,63,63,61,63,0,7819,1.11328740596807,27,-86,0.001869,51,2026-05-22 10:58:10.001157,890,1.037,0.0011,"aoml_navis",1031.55585407771
"7901009",111,0,1,0.029904,1,0.007476,1,150.838128473259,1,4.84699517115327,892,1,5.72900009155273,34.875,0.0299040004611015,0.0151093062013388,145.451507568359,-86.134,27.483,12.2183162423571,63,63,63,63,61,63,0,7819,1.11328740596807,27,-86,0.001869,51,2026-05-22 10:58:10.001157,892,1.037,0.0011,"aoml_navis",1031.56694476556
"7901009",111,0,1,0.028035,1,0.005607,1,151.337862423929,1,4.84694102253742,894,1,5.71199989318848,34.875,0.0280349999666214,0.0134304938837886,145.933395385742,-86.134,27.483,12.2183162423571,63,63,63,63,61,63,0,7819,1.11328740596807,27,-86,0.001869,51,2026-05-22 10:58:10.001157,894,1.037,0.0011,"aoml_navis",1031.57846913154
"7901009",111,0,1,0.031773,1,0.009345,1,151.986435788804,1,4.8468770786623,896,1,5.68599987030029,34.8759994506836,0.0317730009555817,0.0167881175875664,146.558807373047,-86.134,27.483,12.2183162423571,63,63,63,63,61,63,0,7819,1.11328740596807,27,-86,0.001869,51,2026-05-22 10:58:10.001157,896,1.037,0.0011,"aoml_navis",1031.59207853894
"7901009",111,0,1,0.028035,1,0.005607,1,152.405594543097,1,4.84681927214715,898,1,5.66900014877319,34.8769989013672,0.0280349999666214,0.0134304938837886,146.962997436523,-86.134,27.483,12.2183162423571,63,63,63,63,61,63,0,7819,1.11328740596807,27,-86,0.001869,51,2026-05-22 10:58:10.001157,898,1.037,0.0011,"aoml_navis",1031.60438201876
"7901009",111,0,1,0.029904,1,0.007476,1,152.832855123891,1,4.84676787520296,900,1,5.6560001373291,34.8769989013672,0.0299040004611015,0.0151093062013388,147.375,-86.134,27.483,12.2183162423571,63,63,63,63,61,63,0,7819,1.11328740596807,27,-86,0.001869,51,2026-05-22 10:58:10.001157,900,1.037,0.0011,"aoml_navis",1031.61532153851
"7901009",111,0,1,0.029904,1,0.007476,1,153.168653678945,1,4.84671309293835,902,1,5.63800001144409,34.8769989013672,0.0299040004611015,0.0151093062013388,147.698806762695,-86.134,27.483,12.2183162423571,63,63,63,63,61,63,0,7819,1.11328740596807,27,-86,0.001869,51,2026-05-22 10:58:10.001157,902,1.037,0.0011,"aoml_navis",1031.62698185807
"7901009",111,0,1,0.029904,1,0.007476,1,153.422405416792,1,4.8466593805894,904,1,5.6269998550415,34.8779983520508,0.0299040004611015,0.0151093062013388,147.943496704102,-86.134,27.483,12.2183162423571,63,63,63,63,61,63,0,7819,1.11328740596807,27,-86,0.001869,51,2026-05-22 10:58:10.001157,904,1.037,0.0011,"aoml_navis",1031.63841470369
"7901009",111,0,1,0.031773,1,0.009345,1,153.70789985769,1,4.84661206737709,906,1,5.61999988555908,34.8779983520508,0.0317730009555817,0.0167881175875664,148.218795776367,-86.134,27.483,12.2183162423571,63,63,63,63,61,63,0,7819,1.11328740596807,27,-86,0.001869,51,2026-05-22 10:58:10.001157,906,1.037,0.0011,"aoml_navis",1031.64848568248
"7901009",111,0,1,0.029904,1,0.007476,1,154.019851825757,1,4.84656204719756,908,1,5.60900020599365,34.8779983520508,0.0299040004611015,0.0151093062013388,148.519607543945,-86.134,27.483,12.2183162423571,63,63,63,63,61,63,0,7819,1.11328740596807,27,-86,0.001869,51,2026-05-22 10:58:10.001157,908,1.037,0.0011,"aoml_navis",1031.65913307376
"7901009",111,0,1,0.029904,1,0.007476,1,154.239803756168,1,4.84650630160405,910,1,5.59499979019165,34.8790016174316,0.0299040004611015,0.0151093062013388,148.731704711914,-86.134,27.483,12.2183162423571,63,63,63,63,61,63,0,7819,1.11328740596807,27,-86,0.001869,51,2026-05-22 10:58:10.001157,910,1.037,0.0011,"aoml_navis",1031.67099944658
"7901009",111,0,1,0.029904,1,0.007476,1,154.341219002355,1,4.84646035036438,912,1,5.59000015258789,34.8790016174316,0.0299040004611015,0.0151093062013388,148.829498291016,-86.134,27.483,12.2183162423571,63,63,63,63,61,63,0,7819,1.11328740596807,27,-86,0.001869,51,2026-05-22 10:58:10.001157,912,1.037,0.0011,"aoml_navis",1031.68078113423
"7901009",111,0,1,0.031773,1,0.009345,1,154.493349783576,1,4.84641643065172,914,1,5.58799982070923,34.8790016174316,0.0317730009555817,0.0167881175875664,148.976196289062,-86.134,27.483,12.2183162423571,63,63,63,63,61,63,0,7819,1.11328740596807,27,-86,0.001869,51,2026-05-22 10:58:10.001157,914,1.037,0.0011,"aoml_navis",1031.69013054201
"7901009",111,0,1,0.024297,1,0.001869,1,154.804985274045,1,4.84636507026072,916,1,5.57499980926514,34.8790016174316,0.0242970008403063,0.0100728701800108,149.276702880859,-86.134,27.483,12.2183162423571,63,63,63,63,61,63,0,7819,1.11328740596807,27,-86,0.001869,51,2026-05-22 10:58:10.001157,916,1.037,0.0011,"aoml_navis",1031.70106409896
"7901009",111,0,1,0.031773,1,0.009345,1,155.02026915989,1,4.84631641983984,918,1,5.56599998474121,34.8790016174316,0.0317730009555817,0.0167881175875664,149.484298706055,-86.134,27.483,12.2183162423571,63,63,63,63,61,63,0,7819,1.11328740596807,27,-86,0.001869,51,2026-05-22 10:58:10.001157,918,1.037,0.0011,"aoml_navis",1031.71142097347
"7901009",111,0,1,0.028035,1,0.005607,1,155.252674483772,1,4.84626980006175,920,1,5.55999994277954,34.8790016174316,0.0280349999666214,0.0134304938837886,149.708404541016,-86.134,27.483,12.2183162423571,63,63,63,63,61,63,0,7819,1.11328740596807,27,-86,0.001869,51,2026-05-22 10:58:10.001157,920,1.037,0.0011,"aoml_navis",1031.72134575262
"7901009",111,0,1,0.028035,1,0.005607,1,155.632321009989,1,4.84622115496313,922,1,5.55100011825562,34.8790016174316,0.0280349999666214,0.0134304938837886,150.074493408203,-86.134,27.483,12.2183162423571,63,63,63,63,61,63,0,7819,1.11328740596807,27,-86,0.001869,51,2026-05-22 10:58:10.001157,922,1.037,0.0011,"aoml_navis",1031.73170190126
"7901009",111,0,1,0.031773,1,0.009345,1,155.908067940878,1,4.84616612692995,924,1,5.53800010681152,34.8800010681152,0.0317730009555817,0.0167881175875664,150.340393066406,-86.134,27.483,12.2183162423571,63,63,63,63,61,63,0,7819,1.11328740596807,27,-86,0.001869,51,2026-05-22 10:58:10.001157,924,1.037,0.0011,"aoml_navis",1031.74341717573
"7901009",111,0,1,0.033642,1,0.011214,1,156.175317448267,1,4.84611748863824,926,1,5.52899980545044,34.8800010681152,0.0336420014500618,0.018466928973794,150.598098754883,-86.134,27.483,12.2183162423571,63,63,63,63,61,63,0,7819,1.11328740596807,27,-86,0.001869,51,2026-05-22 10:58:10.001157,926,1.037,0.0011,"aoml_navis",1031.75377231826
"7901009",111,0,1,0.029904,1,0.007476,1,156.408023425866,1,4.84606817899024,928,1,5.51900005340576,34.8800010681152,0.0299040004611015,0.0151093062013388,150.822494506836,-86.134,27.483,12.2183162423571,63,63,63,63,61,63,0,7819,1.11328740596807,27,-86,0.001869,51,2026-05-22 10:58:10.001157,928,1.037,0.0011,"aoml_navis",1031.76427060542
"7901009",111,0,1,0.031773,1,0.009345,1,156.671332787164,1,4.84601518840803,930,1,5.50899982452393,34.8810005187988,0.0317730009555817,0.0167881175875664,151.076400756836,-86.134,27.483,12.2183162423571,63,63,63,63,61,63,0,7819,1.11328740596807,27,-86,0.001869,51,2026-05-22 10:58:10.001157,930,1.037,0.0011,"aoml_navis",1031.77555282128
"7901009",111,0,1,0.029904,1,0.007476,1,156.86857744994,1,4.84596656009278,932,1,5.5,34.8810005187988,0.0299040004611015,0.0151093062013388,151.2666015625,-86.134,27.483,12.2183162423571,63,63,63,63,61,63,0,7819,1.11328740596807,27,-86,0.001869,51,2026-05-22 10:58:10.001157,932,1.037,0.0011,"aoml_navis",1031.78590648473
"7901009",111,0,1,0.029904,1,0.007476,1,157.073908115336,1,4.84591658680597,934,1,5.48899984359741,34.8810005187988,0.0299040004611015,0.0151093062013388,151.464599609375,-86.134,27.483,12.2183162423571,63,63,63,63,61,63,0,7819,1.11328740596807,27,-86,0.001869,51,2026-05-22 10:58:10.001157,934,1.037,0.0011,"aoml_navis",1031.79654672834
"7901009",111,0,1,0.033642,1,0.011214,1,157.212034762859,1,4.84586863862911,936,1,5.48099994659424,34.8810005187988,0.0336420014500618,0.018466928973794,151.597793579102,-86.134,27.483,12.2183162423571,63,63,63,63,61,63,0,7819,1.11328740596807,27,-86,0.001869,51,2026-05-22 10:58:10.001157,936,1.037,0.0011,"aoml_navis",1031.80675599463
"7901009",111,0,1,0.029904,1,0.007476,1,157.403677772154,1,4.84582136644212,938,1,5.47399997711182,34.8810005187988,0.0299040004611015,0.0151093062013388,151.782592773438,-86.134,27.483,12.2183162423571,63,63,63,63,61,63,0,7819,1.11328740596807,27,-86,0.001869,51,2026-05-22 10:58:10.001157,938,1.037,0.0011,"aoml_navis",1031.81682152495
"7901009",111,0,1,0.028035,1,0.005607,1,157.594703650135,1,4.84577409647718,940,1,5.46700000762939,34.8810005187988,0.0280349999666214,0.0134304938837886,151.966796875,-86.134,27.483,12.2183162423571,63,63,63,63,61,63,0,7819,1.11328740596807,27,-86,0.001869,51,2026-05-22 10:58:10.001157,940,1.037,0.0011,"aoml_navis",1031.82688677851
"7901009",111,0,1,0.026166,1,0.003738,1,157.808753273348,1,4.84572817509949,942,1,5.46199989318848,34.8810005187988,0.0261659994721413,0.0117516815662384,152.173202514648,-86.134,27.483,12.2183162423571,63,63,63,63,61,63,0,7819,1.11328740596807,27,-86,0.001869,51,2026-05-22 10:58:10.001157,942,1.037,0.0011,"aoml_navis",1031.83666506373
"7901009",111,0,1,0.028035,1,0.005607,1,158.027977305285,1,4.8456758793584,944,1,5.45300006866455,34.8819999694824,0.0280349999666214,0.0134304938837886,152.38459777832,-86.134,27.483,12.2183162423571,63,63,63,63,61,63,0,7819,1.11328740596807,27,-86,0.001869,51,2026-05-22 10:58:10.001157,944,1.037,0.0011,"aoml_navis",1031.84780090203
"7901009",111,0,1,0.029904,1,0.007476,1,158.208527774781,1,4.8456292889797,946,1,5.44700002670288,34.8819999694824,0.0299040004611015,0.0151093062013388,152.558700561523,-86.134,27.483,12.2183162423571,63,63,63,63,61,63,0,7819,1.11328740596807,27,-86,0.001869,51,2026-05-22 10:58:10.001157,946,1.037,0.0011,"aoml_navis",1031.85772204477
"7901009",111,0,1,0.026166,1,0.003738,1,158.482407487842,1,4.84558135509284,948,1,5.43900012969971,34.8819999694824,0.0261659994721413,0.0117516815662384,152.822799682617,-86.134,27.483,12.2183162423571,63,63,63,63,61,63,0,7819,1.11328740596807,27,-86,0.001869,51,2026-05-22 10:58:10.001157,948,1.037,0.0011,"aoml_navis",1031.86792947865
"7901009",111,0,1,0.029904,1,0.007476,1,158.83997970162,1,4.84553006166348,950,1,5.42600011825562,34.8819999694824,0.0299040004611015,0.0151093062013388,153.167602539062,-86.134,27.483,12.2183162423571,63,63,63,63,61,63,0,7819,1.11328740596807,27,-86,0.001869,51,2026-05-22 10:58:10.001157,950,1.037,0.0011,"aoml_navis",1031.87885254467
"7901009",111,0,1,0.028035,1,0.005607,1,159.150776526455,1,4.8454777779152,952,1,5.41699981689453,34.882999420166,0.0280349999666214,0.0134304938837886,153.467300415039,-86.134,27.483,12.2183162423571,63,63,63,63,61,63,0,7819,1.11328740596807,27,-86,0.001869,51,2026-05-22 10:58:10.001157,952,1.037,0.0011,"aoml_navis",1031.88998673961
"7901009",111,0,1,0.033642,1,0.011214,1,159.443834781938,1,4.84542783786556,954,1,5.4060001373291,34.882999420166,0.0336420014500618,0.018466928973794,153.749893188477,-86.134,27.483,12.2183162423571,63,63,63,63,61,63,0,7819,1.11328740596807,27,-86,0.001869,51,2026-05-22 10:58:10.001157,954,1.037,0.0011,"aoml_navis",1031.90062205168
"7901009",111,0,1,0.029904,1,0.007476,1,159.720309611301,1,4.84538125910996,956,1,5.40000009536743,34.882999420166,0.0299040004611015,0.0151093062013388,154.016494750977,-86.134,27.483,12.2183162423571,63,63,63,63,61,63,0,7819,1.11328740596807,27,-86,0.001869,51,2026-05-22 10:58:10.001157,956,1.037,0.0011,"aoml_navis",1031.91054173484
"7901009",111,0,1,0.028035,1,0.005607,1,160.080065520502,1,4.84533266791553,958,1,5.39099979400635,34.882999420166,0.0280349999666214,0.0134304938837886,154.363403320312,-86.134,27.483,12.2183162423571,63,63,63,63,61,63,0,7819,1.11328740596807,27,-86,0.001869,51,2026-05-22 10:58:10.001157,958,1.037,0.0011,"aoml_navis",1031.92089020195
"7901009",111,0,1,0.028035,1,0.005607,1,160.523909527416,1,4.84527368830062,960,1,5.37200021743774,34.8839988708496,0.0280349999666214,0.0134304938837886,154.791397094727,-86.134,27.483,12.2183162423571,63,63,63,63,61,63,0,7819,1.11328740596807,27,-86,0.001869,51,2026-05-22 10:58:10.001157,960,1.037,0.0011,"aoml_navis",1031.93345136994
"7901009",111,0,1,0.029904,1,0.007476,1,160.797900007637,1,4.8452200816332,962,1,5.36100006103516,34.8849983215332,0.0299040004611015,0.0151093062013388,155.055603027344,-86.134,27.483,12.2183162423571,63,63,63,63,61,63,0,7819,1.11328740596807,27,-86,0.001869,51,2026-05-22 10:58:10.001157,962,1.037,0.0011,"aoml_navis",1031.94486850113
"7901009",111,0,1,0.028035,1,0.005607,1,161.061399255494,1,4.84517016281636,964,1,5.34999990463257,34.8849983215332,0.0280349999666214,0.0134304938837886,155.309692382812,-86.134,27.483,12.2183162423571,63,63,63,63,61,63,0,7819,1.11328740596807,27,-86,0.001869,51,2026-05-22 10:58:10.001157,964,1.037,0.0011,"aoml_navis",1031.95550042223
"7901009",111,0,1,0.028035,1,0.005607,1,161.235730940195,1,4.84512158763767,966,1,5.34100008010864,34.8849983215332,0.0280349999666214,0.0134304938837886,155.477798461914,-86.134,27.483,12.2183162423571,63,63,63,63,61,63,0,7819,1.11328740596807,27,-86,0.001869,51,2026-05-22 10:58:10.001157,966,1.037,0.0011,"aoml_navis",1031.96584637989
"7901009",111,0,1,0.031773,1,0.009345,1,161.458594464505,1,4.84507435426406,968,1,5.33400011062622,34.8849983215332,0.0317730009555817,0.0167881175875664,155.69270324707,-86.134,27.483,12.2183162423571,63,63,63,63,61,63,0,7819,1.11328740596807,27,-86,0.001869,51,2026-05-22 10:58:10.001157,968,1.037,0.0011,"aoml_navis",1031.97590674735
"7901009",111,0,1,0.026166,1,0.003738,1,161.603050663981,1,4.8450247643265,970,1,5.3289999961853,34.8860015869141,0.0261659994721413,0.0117516815662384,155.832000732422,-86.134,27.483,12.2183162423571,63,63,63,63,61,63,0,7819,1.11328740596807,27,-86,0.001869,51,2026-05-22 10:58:10.001157,970,1.037,0.0011,"aoml_navis",1031.98646925699
"7901009",111,0,1,0.033642,1,0.011214,1,161.820106824373,1,4.84498021285457,972,1,5.32600021362305,34.8860015869141,0.0336420014500618,0.018466928973794,156.041305541992,-86.134,27.483,12.2183162423571,63,63,63,63,61,63,0,7819,1.11328740596807,27,-86,0.001869,51,2026-05-22 10:58:10.001157,972,1.037,0.0011,"aoml_navis",1031.99595877278
"7901009",111,0,1,0.026166,1,0.003738,1,162.046894670895,1,4.84492963907118,974,1,5.31400012969971,34.8860015869141,0.0261659994721413,0.0117516815662384,156.259994506836,-86.134,27.483,12.2183162423571,63,63,63,63,61,63,0,7819,1.11328740596807,27,-86,0.001869,51,2026-05-22 10:58:10.001157,974,1.037,0.0011,"aoml_navis",1032.00673125948
"7901009",111,0,1,0.031773,1,0.009345,1,162.230151023852,1,4.8448837523413,976,1,5.30900001525879,34.8860015869141,0.0317730009555817,0.0167881175875664,156.436706542969,-86.134,27.483,12.2183162423571,63,63,63,63,61,63,0,7819,1.11328740596807,27,-86,0.001869,51,2026-05-22 10:58:10.001157,976,1.037,0.0011,"aoml_navis",1032.01650557327
"7901009",111,99999,9,99999,9,99999,9,162.359985958314,1,4.844837198493,978,1,5.30299997329712,34.8860015869141,99999,99999,156.561904907227,-86.134,27.483,12.2183162423571,63,63,63,63,61,63,0,7819,1.11328740596807,27,-86,0.001869,51,2026-05-22 10:58:10.001157,978,1.037,0.0011,"aoml_navis",1032.02642217891
"7901009",111,0,1,0.026166,1,0.003738,1,165.912130515056,1,4.84433065936676,999.599975585938,1,5.23789978027344,34.8870010375977,0.0261659994721413,0.0117516815662384,159.987197875977,-86.134,27.483,12.2183162423571,63,63,63,63,61,63,0,7819,1.11328740596807,27,-86,0.001869,51,2026-05-22 10:58:10.001157,999.599975585938,1.037,0.0011,"aoml_navis",1032.13433425157
"7901009",111,0,1,0.031773,1,0.009345,1,172.042760475293,1,4.84312979870748,1049,1,5.0556001663208,34.8950004577637,0.0317730009555817,0.0167881175875664,165.898895263672,-86.134,27.483,12.2183162423571,63,63,63,63,61,63,0,7819,1.11328740596807,27,-86,0.001869,51,2026-05-22 10:58:10.001157,1049,1.037,0.0011,"aoml_navis",1032.39025337177
"7901009",111,0,1,0.03738,1,0.014952,1,177.725084094488,1,4.84193469723267,1099.40002441406,1,4.89529991149902,34.9000015258789,0.0373799987137318,0.0218245536088943,171.378295898438,-86.134,27.483,12.2183162423571,63,63,63,63,61,63,0,7819,1.11328740596807,27,-86,0.001869,51,2026-05-22 10:58:10.001157,1099.40002441406,1.037,0.0011,"aoml_navis",1032.64507116498
"7901009",111,0,1,0.033642,1,0.011214,1,183.17251804066,1,4.84075116897938,1149.40002441406,1,4.74329996109009,34.9059982299805,0.0336420014500618,0.018466928973794,176.631195068359,-86.134,27.483,12.2183162423571,63,63,63,63,61,63,0,7819,1.11328740596807,27,-86,0.001869,51,2026-05-22 10:58:10.001157,1149.40002441406,1.037,0.0011,"aoml_navis",1032.89754533163
"7901009",111,0,1,0.028035,1,0.005607,1,187.585719021382,1,4.83959958687345,1199,1,4.61959981918335,34.9109992980957,0.0280349999666214,0.0134304938837886,180.886795043945,-86.134,27.483,12.2183162423571,63,63,63,63,61,63,0,7819,1.11328740596807,27,-86,0.001869,51,2026-05-22 10:58:10.001157,1199,1.037,0.0011,"aoml_navis",1033.14332317112
"7901009",111,0,1,0.028035,1,0.005607,1,190.695063947282,1,4.83847701313586,1249.19995117188,1,4.54650020599365,34.9140014648438,0.0280349999666214,0.0134304938837886,183.885101318359,-86.134,27.483,12.2183162423571,63,63,63,63,61,63,0,7819,1.11328740596807,27,-86,0.001869,51,2026-05-22 10:58:10.001157,1249.19995117188,1.037,0.0011,"aoml_navis",1033.3830224729
"7901009",111,0,1,0.028035,1,0.005607,1,193.786970957549,1,4.83735293850856,1299.69995117188,1,4.47900009155273,34.9169998168945,0.0280349999666214,0.0134304938837886,186.866592407227,-86.134,27.483,12.2183162423571,63,63,63,63,61,63,0,7819,1.11328740596807,27,-86,0.001869,51,2026-05-22 10:58:10.001157,1299.69995117188,1.037,0.0011,"aoml_navis",1033.6231537287
"7901009",111,0,1,0.020559,1,-0.001869,1,195.479414030724,1,4.83625895222035,1349.69995117188,1,4.43919992446899,34.9199981689453,0.020558999851346,0.00671524694189429,188.498596191406,-86.134,27.483,12.2183162423571,63,63,63,63,61,63,0,7819,1.11328740596807,27,-86,0.001869,51,2026-05-22 10:58:10.001157,1349.69995117188,1.037,0.0011,"aoml_navis",1033.85696452513
"7901009",111,0,1,0.029904,1,0.007476,1,197.1467604304,1,4.83517330810405,1399.80004882812,1,4.40220022201538,34.9210014343262,0.0299040004611015,0.0151093062013388,190.106399536133,-86.134,27.483,12.2183162423571,63,63,63,63,61,63,0,7819,1.11328740596807,27,-86,0.001869,51,2026-05-22 10:58:10.001157,1399.80004882812,1.037,0.0011,"aoml_navis",1034.08909699673
"7901009",111,0,1,0.028035,1,0.005607,1,198.359882357958,1,4.83410001310185,1449.69995117188,1,4.37540006637573,34.9220008850098,0.0280349999666214,0.0134304938837886,191.27619934082,-86.134,27.483,12.2183162423571,63,63,63,63,61,63,0,7819,1.11328740596807,27,-86,0.001869,51,2026-05-22 10:58:10.001157,1449.69995117188,1.037,0.0011,"aoml_navis",1034.31869147277
"7901009",111,0,1,0.029904,1,0.007476,1,199.109665258582,1,4.83304944406536,1499,1,4.36159992218018,34.9230003356934,0.0299040004611015,0.0151093062013388,191.999206542969,-86.134,27.483,12.2183162423571,63,63,63,63,61,63,0,7819,1.11328740596807,27,-86,0.001869,51,2026-05-22 10:58:10.001157,1499,1.037,0.0011,"aoml_navis",1034.54352326969
"7901009",111,0,1,0.029904,1,0.007476,1,199.971639467595,1,4.83196227398474,1550.09997558594,1,4.34749984741211,34.923999786377,0.0299040004611015,0.0151093062013388,192.83039855957,-86.134,27.483,12.2183162423571,63,63,63,63,61,63,0,7819,1.11328740596807,27,-86,0.001869,51,2026-05-22 10:58:10.001157,1550.09997558594,1.037,0.0011,"aoml_navis",1034.77629097395
"7901009",111,0,1,0.028035,1,0.005607,1,200.752532116075,1,4.83092056621684,1599.19995117188,1,4.33099985122681,34.923999786377,0.0280349999666214,0.0134304938837886,193.583404541016,-86.134,27.483,12.2183162423571,63,63,63,63,61,63,0,7819,1.11328740596807,27,-86,0.001869,51,2026-05-22 10:58:10.001157,1599.19995117188,1.037,0.0011,"aoml_navis",1034.99942329119
"7901009",111,0,1,0.028035,1,0.005607,1,201.056271490481,1,4.82986905096194,1648.80004882812,1,4.32410001754761,34.9259986877441,0.0280349999666214,0.0134304938837886,193.87629699707,-86.134,27.483,12.2183162423571,63,63,63,63,61,63,0,7819,1.11328740596807,27,-86,0.001869,51,2026-05-22 10:58:10.001157,1648.80004882812,1.037,0.0011,"aoml_navis",1035.2247539722
"7901009",111,0,1,0.026166,1,0.003738,1,201.363444646822,1,4.82880252582085,1699.69995117188,1,4.3221001625061,34.9259986877441,0.0261659994721413,0.0117516815662384,194.172500610352,-86.134,27.483,12.2183162423571,63,63,63,63,61,63,0,7819,1.11328740596807,27,-86,0.001869,51,2026-05-22 10:58:10.001157,1699.69995117188,1.037,0.0011,"aoml_navis",1035.45340138962
"7901009",111,0,1,0.028035,1,0.005607,1,201.877499208789,1,4.82776535789213,1749.19995117188,1,4.31799983978271,34.9259986877441,0.0280349999666214,0.0134304938837886,194.668197631836,-86.134,27.483,12.2183162423571,63,63,63,63,61,63,0,7819,1.11328740596807,27,-86,0.001869,51,2026-05-22 10:58:10.001157,1749.19995117188,1.037,0.0011,"aoml_navis",1035.67585193972
"7901009",111,0,1,0.026166,1,0.003738,1,201.924068887293,1,4.82672580836002,1799,1,4.31729984283447,34.9259986877441,0.0261659994721413,0.0117516815662384,194.713104248047,-86.134,27.483,12.2183162423571,63,63,63,63,61,63,0,7819,1.11328740596807,27,-86,0.001869,51,2026-05-22 10:58:10.001157,1799,1.037,0.0011,"aoml_navis",1035.89890922328
"7901009",111,0,1,0.029904,1,0.007476,1,202.208518952118,1,4.82566425473964,1849.90002441406,1,4.3157000541687,34.9259986877441,0.0299040004611015,0.0151093062013388,194.987396240234,-86.134,27.483,12.2183162423571,63,63,63,63,61,63,0,7819,1.11328740596807,27,-86,0.001869,51,2026-05-22 10:58:10.001157,1849.90002441406,1.037,0.0011,"aoml_navis",1036.12678712348
"7901009",111,0,1,0.028035,1,0.005607,1,202.712319639919,1,4.82463420297164,1899.19995117188,1,4.3144998550415,34.9269981384277,0.0280349999666214,0.0134304938837886,195.473205566406,-86.134,27.483,12.2183162423571,63,63,63,63,61,63,0,7819,1.11328740596807,27,-86,0.001869,51,2026-05-22 10:58:10.001157,1899.19995117188,1.037,0.0011,"aoml_navis",1036.347998553
"7901009",111,0,1,0.029904,1,0.007476,1,203.02093276933,1,4.82357950407726,1950,1,4.31519985198975,34.9269981384277,0.0299040004611015,0.0151093062013388,195.770797729492,-86.134,27.483,12.2183162423571,63,63,63,63,61,63,0,7819,1.11328740596807,27,-86,0.001869,51,2026-05-22 10:58:10.001157,1950,1.037,0.0011,"aoml_navis",1036.57460103511
"7901009",111,0,1,0.028035,1,0.005607,1,200.7739892972,4,4.82255855410655,1999.19995117188,1,4.3144998550415,34.9269981384277,0.0280349999666214,0.0134304938837886,193.604095458984,-86.134,27.483,12.2183162423571,63,63,63,63,61,63,0,7819,1.11328740596807,27,-86,0.001869,51,2026-05-22 10:58:10.001157,1999.19995117188,1.037,0.0011,"aoml_navis",1036.79404695716
"7901009",112,0.0675939188624854,5,0.080367,1,0.057939,1,193.707911621428,1,4.88608708359091,2.40000009536743,1,28.2169990539551,36.3030014038086,0.0803669989109039,0.313240110874176,186.790298461914,-86.6681,27.2147,9.93384625750302,63,63,63,63,61,63,0.076629,7818,1.13366707078925,27,-87,0.001869,51,2026-06-01 18:04:35.001937,2.40000009536743,1.037,0.0011,"aoml_navis",1023.31373028362
"7901009",112,0.0675939188624854,5,0.082236,1,0.059808,1,194.130298578187,1,4.88549580013198,4,1,28.0559997558594,36.3880004882812,0.0822359994053841,0.313240110874176,187.197601318359,-86.6681,27.2147,9.93384625750302,63,63,63,63,61,63,0.076629,7818,1.13366707078925,27,-87,0.001869,51,2026-06-01 18:04:35.001937,4,1.037,0.0011,"aoml_navis",1023.43758024824
"7901009",112,0.0675939188624854,5,0.089712,1,0.067284,1,194.199876199618,1,4.88517137788171,6,1,27.9759998321533,36.431999206543,0.0897120013833046,0.313240110874176,187.264694213867,-86.6681,27.2147,9.93384625750302,63,63,63,63,61,63,0.076629,7818,1.13366707078925,27,-87,0.001869,51,2026-06-01 18:04:35.001937,6,1.037,0.0011,"aoml_navis",1023.50554632294
"7901009",112,0.0675939188624854,5,0.099057,1,0.076629,1,194.150410735758,1,4.88500937607517,8,1,27.9559993743896,36.4570007324219,0.0990569964051247,0.313240110874176,187.216995239258,-86.6681,27.2147,9.93384625750302,63,63,63,63,61,63,0.076629,7818,1.13366707078925,27,-87,0.001869,51,2026-06-01 18:04:35.001937,8,1.037,0.0011,"aoml_navis",1023.53948888778
"7901009",112,0.0725398153646185,1,0.104664,1,0.082236,1,194.211395987747,1,4.88486720323859,10,1,27.92799949646,36.4729995727539,0.104663997888565,0.313240110874176,187.275802612305,-86.6681,27.2147,9.93384625750302,63,63,63,63,61,63,0.082236,7818,1.13366707078925,27,-87,0.001869,51,2026-06-01 18:04:35.001937,10,1.037,0.0011,"aoml_navis",1023.56927874827
"7901009",112,0.0873775048710178,1,0.121485,1,0.099057,1,194.697964621223,1,4.88444875224798,12,1,27.8059997558594,36.5250015258789,0.121485002338886,0.313240110874176,187.744995117188,-86.6681,27.2147,9.93384625750302,63,63,63,63,61,63,0.099057,7818,1.13366707078925,27,-87,0.001869,51,2026-06-01 18:04:35.001937,12,1.037,0.0011,"aoml_navis",1023.65696798412
"7901009",112,0.0890261370383954,1,0.123354,1,0.100926,1,194.949754276038,1,4.88421474095626,14,1,27.7719993591309,36.5639991760254,0.123354002833366,0.313240110874176,187.98779296875,-86.6681,27.2147,9.93384625750302,63,63,63,63,61,63,0.100926,7818,1.13366707078925,27,-87,0.001869,51,2026-06-01 18:04:35.001937,14,1.037,0.0011,"aoml_navis",1023.70601318423
"7901009",112,0.0939720335405285,1,0.128961,1,0.106533,1,195.448776306846,1,4.88382232280212,16,1,27.6639995574951,36.6150016784668,0.128960996866226,0.313240110874176,188.468994140625,-86.6681,27.2147,9.93384625750302,63,63,63,63,61,63,0.106533,7818,1.13366707078925,27,-87,0.001869,51,2026-06-01 18:04:35.001937,16,1.037,0.0011,"aoml_navis",1023.78826859762
"7901009",112,0.105512458712172,1,0.142044,1,0.119616,1,195.684504718595,1,4.88366476971149,18,1,27.6189994812012,36.6279983520508,0.142043992877007,0.313240110874176,188.696304321289,-86.6681,27.2147,9.93384625750302,63,63,63,63,61,63,0.119616,7818,1.13366707078925,27,-87,0.001869,51,2026-06-01 18:04:35.001937,18,1.037,0.0011,"aoml_navis",1023.82129727864
"7901009",112,0.115404251716439,1,0.153258,1,0.13083,1,195.883094472738,1,4.88353999306216,20,1,27.5650005340576,36.6279983520508,0.153257995843887,0.313240110874176,188.887802124023,-86.6681,27.2147,9.93384625750302,63,63,63,63,61,63,0.13083,7818,1.13366707078925,27,-87,0.001869,51,2026-06-01 18:04:35.001937,20,1.037,0.0011,"aoml_navis",1023.84745637453
"7901009",112,0.120350148218572,1,0.158865,1,0.136437,1,196.083757155788,1,4.88342791017603,22,1,27.5330009460449,36.6339988708496,0.158865004777908,0.313240110874176,189.081298828125,-86.6681,27.2147,9.93384625750302,63,63,63,63,61,63,0.136437,7818,1.13366707078925,27,-87,0.001869,51,2026-06-01 18:04:35.001937,22,1.037,0.0011,"aoml_navis",1023.87095539612
"7901009",112,0.125296044720705,1,0.164472,1,0.142044,1,196.045589945669,1,4.88334814764141,24,1,27.5380001068115,36.6469993591309,0.164471998810768,0.313240110874176,189.044494628906,-86.6681,27.2147,9.93384625750302,63,63,63,63,61,63,0.142044,7818,1.13366707078925,27,-87,0.001869,51,2026-06-01 18:04:35.001937,24,1.037,0.0011,"aoml_navis",1023.88767886945
"7901009",112,0.126944676888082,1,0.166341,1,0.143913,1,196.065084971734,1,4.88327538683125,26,1,27.5289993286133,36.6520004272461,0.166341006755829,0.313240110874176,189.063293457031,-86.6681,27.2147,9.93384625750302,63,63,63,63,61,63,0.143913,7818,1.13366707078925,27,-87,0.001869,51,2026-06-01 18:04:35.001937,26,1.037,0.0011,"aoml_navis",1023.90293479731
"7901009",112,0.131890573390215,1,0.171948,1,0.14952,1,195.882366574038,1,4.8832228191168,28,1,27.5330009460449,36.6570014953613,0.171948000788689,0.313240110874176,188.887100219727,-86.6681,27.2147,9.93384625750302,63,63,63,63,61,63,0.14952,7818,1.13366707078925,27,-87,0.001869,51,2026-06-01 18:04:35.001937,28,1.037,0.0011,"aoml_navis",1023.91395707483
"7901009",112,0.141782366394482,1,0.183162,1,0.160734,1,196.087903013604,1,4.883123689598,30,1,27.5069999694824,36.6619987487793,0.183162003755569,0.313240110874176,189.085296630859,-86.6681,27.2147,9.93384625750302,63,63,63,63,61,63,0.160734,7818,1.13366707078925,27,-87,0.001869,51,2026-06-01 18:04:35.001937,30,1.037,0.0011,"aoml_navis",1023.93474297015
"7901009",112,0.154971423733503,1,0.198114,1,0.175686,1,196.439050841028,1,4.88298327590967,32,1,27.4589996337891,36.6689987182617,0.198113992810249,0.313240110874176,189.423904418945,-86.6681,27.2147,9.93384625750302,63,63,63,63,61,63,0.175686,7818,1.13366707078925,27,-87,0.001869,51,2026-06-01 18:04:35.001937,32,1.037,0.0011,"aoml_navis",1023.96418694851
"7901009",112,0.164863216737769,1,0.209328,1,0.1869,1,196.679320707714,1,4.88284914000693,34,1,27.4150009155273,36.6759986877441,0.20932799577713,0.313240110874176,189.65559387207,-86.6681,27.2147,9.93384625750302,63,63,63,63,61,63,0.1869,7818,1.13366707078925,27,-87,0.001869,51,2026-06-01 18:04:35.001937,34,1.037,0.0011,"aoml_navis",1023.99231609128
"7901009",112,0.173106377574658,1,0.218673,1,0.196245,1,196.698103658962,1,4.88271457159372,36,1,27.3729991912842,36.6839981079102,0.218673005700111,0.313240110874176,189.673706054688,-86.6681,27.2147,9.93384625750302,63,63,63,63,61,63,0.196245,7818,1.13366707078925,27,-87,0.001869,51,2026-06-01 18:04:35.001937,36,1.037,0.0011,"aoml_navis",1024.0205374872
"7901009",112,0.2143221817591,1,0.265398,1,0.24297,1,196.573553861762,1,4.88265629435549,38,1,27.371000289917,36.6879997253418,0.265397995710373,0.313240110874176,189.553604125977,-86.6681,27.2147,9.93384625750302,63,63,63,63,61,63,0.24297,7818,1.13366707078925,27,-87,0.001869,51,2026-06-01 18:04:35.001937,38,1.037,0.0011,"aoml_navis",1024.03275974599
"7901009",112,0.186295434913679,1,0.233625,1,0.211197,1,196.362716420791,1,4.88260929755161,40,1,27.367000579834,36.6879997253418,0.233624994754791,0.313240110874176,189.350296020508,-86.6681,27.2147,9.93384625750302,63,63,63,63,61,63,0.211197,7818,1.13366707078925,27,-87,0.001869,51,2026-06-01 18:04:35.001937,40,1.037,0.0011,"aoml_navis",1024.04261641562
"7901009",112,0.191241331415812,1,0.239232,1,0.216804,1,196.655474113332,1,4.88253550801377,42,1,27.3479995727539,36.6889991760254,0.239232003688812,0.313240110874176,189.632598876953,-86.6681,27.2147,9.93384625750302,63,63,63,63,61,63,0.216804,7818,1.13366707078925,27,-87,0.001869,51,2026-06-01 18:04:35.001937,42,1.037,0.0011,"aoml_navis",1024.05809272527
"7901009",112,0.240700296437143,1,0.295302,1,0.272874,1,198.107537077407,1,4.88215640646783,44.0999984741211,1,27.0949993133545,36.673999786377,0.295302003622055,0.313240110874176,191.032806396484,-86.6681,27.2147,9.93384625750302,63,63,63,63,61,63,0.272874,7818,1.13366707078925,27,-87,0.001869,51,2026-06-01 18:04:35.001937,44.0999984741211,1.037,0.0011,"aoml_navis",1024.13761127686
"7901009",112,0.232457135600255,1,0.285957,1,0.263529,1,199.785137871425,1,4.88177027312796,46.0999984741211,1,26.8110008239746,36.648998260498,0.285957008600235,0.313240110874176,192.650497436523,-86.6681,27.2147,9.93384625750302,63,63,63,63,61,63,0.263529,7818,1.13366707078925,27,-87,0.001869,51,2026-06-01 18:04:35.001937,46.0999984741211,1.037,0.0011,"aoml_navis",1024.21861748039
"7901009",112,0.260483882445676,1,0.31773,1,0.295302,1,203.722547652623,1,4.88088975678982,47.9000015258789,1,26.1399993896484,36.601001739502,0.317730009555817,0.313240110874176,196.447296142578,-86.6681,27.2147,9.93384625750302,63,63,63,63,61,63,0.295302,7818,1.13366707078925,27,-87,0.001869,51,2026-06-01 18:04:35.001937,47.9000015258789,1.037,0.0011,"aoml_navis",1024.40338732185
"7901009",112,0.255537985943542,1,0.312123,1,0.289695,1,205.691466165666,1,4.88035633648656,50,1,25.7590007781982,36.5789985656738,0.312123000621796,0.313240110874176,198.345901489258,-86.6681,27.2147,9.93384625750302,63,63,63,63,61,63,0.289695,7818,1.13366707078925,27,-87,0.001869,51,2026-06-01 18:04:35.001937,50,1.037,0.0011,"aoml_navis",1024.51535405703
"7901009",112,0.252240721608787,1,0.308385,1,0.285957,1,206.68587073378,1,4.8800139112072,52,1,25.5510005950928,36.5769996643066,0.308385014533997,0.313240110874176,199.304794311523,-86.6681,27.2147,9.93384625750302,63,63,63,63,61,63,0.285957,7818,1.13366707078925,27,-87,0.001869,51,2026-06-01 18:04:35.001937,52,1.037,0.0011,"aoml_navis",1024.58724318741
"7901009",112,0.267078411115186,1,0.325206,1,0.302778,1,207.12308467059,1,4.87977891147526,54,1,25.4270000457764,36.5800018310547,0.325206011533737,0.313240110874176,199.72639465332,-86.6681,27.2147,9.93384625750302,63,63,63,63,61,63,0.302778,7818,1.13366707078925,27,-87,0.001869,51,2026-06-01 18:04:35.001937,54,1.037,0.0011,"aoml_navis",1024.63658512111
"7901009",112,0.273672939784697,1,0.332682,1,0.310254,1,207.23726982325,1,4.87948736866099,56.0999984741211,1,25.2679996490479,36.5839996337891,0.332682013511658,0.313240110874176,199.836502075195,-86.6681,27.2147,9.93384625750302,63,63,63,63,61,63,0.310254,7818,1.13366707078925,27,-87,0.001869,51,2026-06-01 18:04:35.001937,56.0999984741211,1.037,0.0011,"aoml_navis",1024.69780578038
"7901009",112,0.283564732788963,1,0.343896,1,0.321468,1,208.045949455558,1,4.87919020690158,58.0999984741211,1,25.0809993743896,36.5789985656738,0.343896001577377,0.313240110874176,200.616302490234,-86.6681,27.2147,9.93384625750302,63,63,63,63,61,63,0.321468,7818,1.13366707078925,27,-87,0.001869,51,2026-06-01 18:04:35.001937,58.0999984741211,1.037,0.0011,"aoml_navis",1024.76021388294
"7901009",112,0.272024307617319,1,0.330813,1,0.308385,1,207.983619173361,1,4.87897350253723,59.9000015258789,1,24.9479999542236,36.5750007629395,0.330812990665436,0.313240110874176,200.556198120117,-86.6681,27.2147,9.93384625750302,63,63,63,63,61,63,0.308385,7818,1.13366707078925,27,-87,0.001869,51,2026-06-01 18:04:35.001937,59.9000015258789,1.037,0.0011,"aoml_navis",1024.80572960682
"7901009",112,0.253889353776165,1,0.310254,1,0.287826,1,207.625224006702,1,4.8783882761069,61.9000015258789,1,24.5130004882812,36.5509986877441,0.310254007577896,0.313240110874176,200.210601806641,-86.6681,27.2147,9.93384625750302,63,63,63,63,61,63,0.287826,7818,1.13366707078925,27,-87,0.001869,51,2026-06-01 18:04:35.001937,61.9000015258789,1.037,0.0011,"aoml_navis",1024.92866844747
"7901009",112,0.232457135600255,1,0.285957,1,0.263529,1,205.535395189961,1,4.87792734535346,64,1,24.2169990539551,36.548999786377,0.285957008600235,0.313240110874176,198.195404052734,-86.6681,27.2147,9.93384625750302,63,63,63,63,61,63,0.263529,7818,1.13366707078925,27,-87,0.001869,51,2026-06-01 18:04:35.001937,64,1.037,0.0011,"aoml_navis",1025.02551719283
"7901009",112,0.237403032102388,1,0.291564,1,0.269136,1,203.783738615114,1,4.87764618965174,66,1,24.117000579834,36.576000213623,0.291563987731934,0.313240110874176,196.506301879883,-86.6681,27.2147,9.93384625750302,63,63,63,63,61,63,0.269136,7818,1.13366707078925,27,-87,0.001869,51,2026-06-01 18:04:35.001937,66,1.037,0.0011,"aoml_navis",1025.08460138167
"7901009",112,0.215970813926478,1,0.267267,1,0.244839,1,202.502684373989,1,4.87751251807413,68,1,24.0520000457764,36.576000213623,0.267266988754272,0.313240110874176,195.27099609375,-86.6681,27.2147,9.93384625750302,63,63,63,63,61,63,0.244839,7818,1.13366707078925,27,-87,0.001869,51,2026-06-01 18:04:35.001937,68,1.037,0.0011,"aoml_navis",1025.11269452861
"7901009",112,0.245646192939276,1,0.300909,1,0.278481,1,200.389626094373,1,4.8773449101333,70,1,24.0389995574951,36.6059989929199,0.300909012556076,0.313240110874176,193.2333984375,-86.6681,27.2147,9.93384625750302,63,63,63,63,61,63,0.278481,7818,1.13366707078925,27,-87,0.001869,51,2026-06-01 18:04:35.001937,70,1.037,0.0011,"aoml_navis",1025.14792210243
"7901009",112,0.234105767767632,1,0.287826,1,0.265398,1,198.547441074631,1,4.87721436380118,72,1,24.0090007781982,36.6189994812012,0.287826001644135,0.313240110874176,191.457000732422,-86.6681,27.2147,9.93384625750302,63,63,63,63,61,63,0.265398,7818,1.13366707078925,27,-87,0.001869,51,2026-06-01 18:04:35.001937,72,1.037,0.0011,"aoml_navis",1025.17536180286
"7901009",112,0.230808503432877,1,0.284088,1,0.26166,1,198.2900497646,1,4.8770501187396,74,1,23.9020004272461,36.6110000610352,0.284087985754013,0.313240110874176,191.208801269531,-86.6681,27.2147,9.93384625750302,63,63,63,63,61,63,0.26166,7818,1.13366707078925,27,-87,0.001869,51,2026-06-01 18:04:35.001937,74,1.037,0.0011,"aoml_navis",1025.20988676905
"7901009",112,0.230808503432877,1,0.284088,1,0.26166,1,197.932382496641,1,4.8769874199557,76,1,23.8740005493164,36.6059989929199,0.284087985754013,0.313240110874176,190.863906860352,-86.6681,27.2147,9.93384625750302,63,63,63,63,61,63,0.26166,7818,1.13366707078925,27,-87,0.001869,51,2026-06-01 18:04:35.001937,76,1.037,0.0011,"aoml_navis",1025.22306691647
"7901009",112,0.237403032102388,1,0.291564,1,0.269136,1,197.215164918433,1,4.87691559618824,78,1,23.8369998931885,36.5999984741211,0.291563987731934,0.313240110874176,190.172302246094,-86.6681,27.2147,9.93384625750302,63,63,63,63,61,63,0.269136,7818,1.13366707078925,27,-87,0.001869,51,2026-06-01 18:04:35.001937,78,1.037,0.0011,"aoml_navis",1025.2381656775
"7901009",112,0.255537985943542,1,0.312123,1,0.289695,1,194.996529679483,1,4.87674004661076,80.0999984741211,1,23.7000007629395,36.5830001831055,0.312123000621796,0.313240110874176,188.032897949219,-86.6681,27.2147,9.93384625750302,63,63,63,63,61,63,0.289695,7818,1.13366707078925,27,-87,0.001869,51,2026-06-01 18:04:35.001937,80.0999984741211,1.037,0.0011,"aoml_navis",1025.27507150497
"7901009",112,0.265429778947809,1,0.323337,1,0.300909,1,193.307203386834,1,4.87644627261214,82,1,23.4599990844727,36.560001373291,0.323336988687515,0.313240110874176,186.403900146484,-86.6681,27.2147,9.93384625750302,63,63,63,63,61,63,0.300909,7818,1.13366707078925,27,-87,0.001869,51,2026-06-01 18:04:35.001937,82,1.037,0.0011,"aoml_navis",1025.33683762329
"7901009",112,0.263781146780431,1,0.321468,1,0.29904,1,193.091397246037,1,4.87631684229569,84,1,23.3659992218018,36.5480003356934,0.321467995643616,0.313240110874176,186.19580078125,-86.6681,27.2147,9.93384625750302,63,63,63,63,61,63,0.29904,7818,1.13366707078925,27,-87,0.001869,51,2026-06-01 18:04:35.001937,84,1.037,0.0011,"aoml_navis",1025.36405276858
"7901009",112,0.267078411115186,1,0.325206,1,0.302778,1,192.782467543238,1,4.87625189232174,86,1,23.3360004425049,36.5429992675781,0.325206011533737,0.313240110874176,185.897903442383,-86.6681,27.2147,9.93384625750302,63,63,63,63,61,63,0.302778,7818,1.13366707078925,27,-87,0.001869,51,2026-06-01 18:04:35.001937,86,1.037,0.0011,"aoml_navis",1025.37771026003
"7901009",112,0.270375675449942,1,0.328944,1,0.306516,1,192.288002791251,1,4.87618533816403,88,1,23.3099994659424,36.5400009155273,0.328943997621536,0.313240110874176,185.421096801758,-86.6681,27.2147,9.93384625750302,63,63,63,63,61,63,0.306516,7818,1.13366707078925,27,-87,0.001869,51,2026-06-01 18:04:35.001937,88,1.037,0.0011,"aoml_navis",1025.39170545199
"7901009",112,0.268727043282564,1,0.327075,1,0.304647,1,190.949824326026,1,4.8761241679626,90,1,23.2929992675781,36.5390014648438,0.327075004577637,0.313240110874176,184.130706787109,-86.6681,27.2147,9.93384625750302,63,63,63,63,61,63,0.304647,7818,1.13366707078925,27,-87,0.001869,51,2026-06-01 18:04:35.001937,90,1.037,0.0011,"aoml_navis",1025.4045688277
"7901009",112,0.260483882445676,1,0.31773,1,0.295302,1,188.791129962669,1,4.87596949959988,92,1,23.1959991455078,36.5330009460449,0.317730009555817,0.313240110874176,182.049102783203,-86.6681,27.2147,9.93384625750302,63,63,63,63,61,63,0.295302,7818,1.13366707078925,27,-87,0.001869,51,2026-06-01 18:04:35.001937,92,1.037,0.0011,"aoml_navis",1025.43709520954
"7901009",112,0.255537985943542,1,0.312123,1,0.289695,1,186.551338189752,1,4.87580403540427,94,1,23.0520000457764,36.5120010375977,0.312123000621796,0.313240110874176,179.889297485352,-86.6681,27.2147,9.93384625750302,63,63,63,63,61,63,0.289695,7818,1.13366707078925,27,-87,0.001869,51,2026-06-01 18:04:35.001937,94,1.037,0.0011,"aoml_navis",1025.47189421353
"7901009",112,0.311591479634384,1,0.375669,1,0.353241,1,183.263831180856,1,4.87544518535138,96,1,22.7959995269775,36.5019989013672,0.375669002532959,0.313240110874176,176.719192504883,-86.6681,27.2147,9.93384625750302,63,63,63,63,61,63,0.353241,7818,1.13366707078925,27,-87,0.001869,51,2026-06-01 18:04:35.001937,96,1.037,0.0011,"aoml_navis",1025.54737258104
"7901009",112,0.30005105446274,1,0.362586,1,0.340158,1,181.680698979047,1,4.87525372439709,98,1,22.6630001068115,36.4930000305176,0.362585991621017,0.313240110874176,175.192596435547,-86.6681,27.2147,9.93384625750302,63,63,63,63,61,63,0.340158,7818,1.13366707078925,27,-87,0.001869,51,2026-06-01 18:04:35.001937,98,1.037,0.0011,"aoml_navis",1025.58764787536
"7901009",112,0.304996950964873,1,0.368193,1,0.345765,1,175.421893651059,1,4.87502832161749,100,1,22.568000793457,36.507999420166,0.368193000555038,0.313240110874176,169.157302856445,-86.6681,27.2147,9.93384625750302,63,63,63,63,61,63,0.345765,7818,1.13366707078925,27,-87,0.001869,51,2026-06-01 18:04:35.001937,100,1.037,0.0011,"aoml_navis",1025.63506714994
"7901009",112,0.316537376136517,1,0.381276,1,0.358848,1,172.094668691334,1,4.87485503967521,102,1,22.5030002593994,36.5200004577637,0.38127601146698,0.324780523777008,165.94889831543,-86.6681,27.2147,9.93384625750302,63,63,63,63,61,63,0.358848,7818,1.13366707078925,27,-87,0.001869,51,2026-06-01 18:04:35.001937,102,1.037,0.0011,"aoml_navis",1025.67152444663
"7901009",112,0.288510629291096,1,0.349503,1,0.327075,1,166.93874066171,1,4.87458492518534,104,1,22.3349990844727,36.5200004577637,0.349503010511398,0.296753793954849,160.977096557617,-86.6681,27.2147,9.93384625750302,63,63,63,63,61,63,0.327075,7818,1.13366707078925,27,-87,0.001869,51,2026-06-01 18:04:35.001937,104,1.037,0.0011,"aoml_navis",1025.72835979668
"7901009",112,0.288510629291096,1,0.349503,1,0.327075,1,164.819352828177,1,4.87419160728409,106,1,22.0510005950928,36.5110015869141,0.349503010511398,0.296753793954849,158.933395385742,-86.6681,27.2147,9.93384625750302,63,63,63,63,61,63,0.327075,7818,1.13366707078925,27,-87,0.001869,51,2026-06-01 18:04:35.001937,106,1.037,0.0011,"aoml_navis",1025.81112989647
"7901009",112,0.253889353776165,1,0.310254,1,0.287826,1,166.403640173576,1,4.87389523480866,107.900001525879,1,21.7870006561279,36.484001159668,0.310254007577896,0.262132495641708,160.46110534668,-86.6681,27.2147,9.93384625750302,63,63,63,63,61,63,0.287826,7818,1.13366707078925,27,-87,0.001869,51,2026-06-01 18:04:35.001937,107.900001525879,1.037,0.0011,"aoml_navis",1025.87350755731
"7901009",112,0.240700296437143,1,0.295302,1,0.272874,1,165.472483672977,1,4.87349894157784,110,1,21.5440006256104,36.492000579834,0.295302003622055,0.248943448066711,159.563201904297,-86.6681,27.2147,9.93384625750302,63,63,63,63,61,63,0.272874,7818,1.13366707078925,27,-87,0.001869,51,2026-06-01 18:04:35.001937,110,1.037,0.0011,"aoml_navis",1025.95692744343
"7901009",112,0.207727653089589,1,0.257922,1,0.235494,1,154.296785919036,1,4.87306224482795,112,1,21.4419994354248,36.5639991760254,0.257921993732452,0.215970799326897,148.786605834961,-86.6681,27.2147,9.93384625750302,63,63,63,63,61,63,0.235494,7818,1.13366707078925,27,-87,0.001869,51,2026-06-01 18:04:35.001937,112,1.037,0.0011,"aoml_navis",1026.04886800015
"7901009",112,0.189592699248435,1,0.237363,1,0.214935,1,145.994594876172,1,4.87269049517068,114,1,21.3969993591309,36.6389999389648,0.237362995743752,0.197835847735405,140.780899047852,-86.6681,27.2147,9.93384625750302,63,63,63,63,61,63,0.214935,7818,1.13366707078925,27,-87,0.001869,51,2026-06-01 18:04:35.001937,114,1.037,0.0011,"aoml_navis",1026.12714781608
"7901009",112,0.169809113239902,1,0.214935,1,0.192507,1,142.130402209908,1,4.87238710906203,116,1,21.3490009307861,36.6940002441406,0.214935004711151,0.17805227637291,137.054702758789,-86.6681,27.2147,9.93384625750302,63,63,63,63,61,63,0.192507,7818,1.13366707078925,27,-87,0.001869,51,2026-06-01 18:04:35.001937,116,1.037,0.0011,"aoml_navis",1026.19104108141
"7901009",112,0.159917320235636,1,0.203721,1,0.181293,1,140.864380659335,1,4.87204668943906,118,1,21.1770000457764,36.7140007019043,0.20372100174427,0.168160483241081,135.833892822266,-86.6681,27.2147,9.93384625750302,63,63,63,63,61,63,0.181293,7818,1.13366707078925,27,-87,0.001869,51,2026-06-01 18:04:35.001937,118,1.037,0.0011,"aoml_navis",1026.26274309692
"7901009",112,0.15002552723137,1,0.192507,1,0.170079,1,139.063274444513,1,4.87180731375122,120,1,20.9930000305176,36.7019996643066,0.19250699877739,0.158268690109253,134.097106933594,-86.6681,27.2147,9.93384625750302,63,63,63,63,61,63,0.170079,7818,1.13366707078925,27,-87,0.001869,51,2026-06-01 18:04:35.001937,120,1.037,0.0011,"aoml_navis",1026.31316839788
"7901009",112,0.146728262896615,1,0.188769,1,0.166341,1,136.399022785929,1,4.87149293842632,122,1,20.742000579834,36.6870002746582,0.188768997788429,0.154971420764923,131.52799987793,-86.6681,27.2147,9.93384625750302,63,63,63,63,61,63,0.166341,7818,1.13366707078925,27,-87,0.001869,51,2026-06-01 18:04:35.001937,122,1.037,0.0011,"aoml_navis",1026.37940015473
"7901009",112,0.117052883883816,1,0.155127,1,0.132699,1,137.344800556076,1,4.87123784679726,124,1,20.5069999694824,36.6619987487793,0.155127003788948,0.125296041369438,132.440002441406,-86.6681,27.2147,9.93384625750302,63,63,63,63,61,63,0.132699,7818,1.13366707078925,27,-87,0.001869,51,2026-06-01 18:04:35.001937,124,1.037,0.0011,"aoml_navis",1026.43314846295
"7901009",112,0.0263781146780431,1,0.052332,1,0.029904,1,139.409738402039,1,4.87100882325253,126,1,20.4230003356934,36.6839981079102,0.0523319989442825,0.0346212722361088,134.431198120117,-86.6681,27.2147,9.93384625750302,63,63,63,63,61,63,0.029904,7818,1.13366707078925,27,-87,0.001869,51,2026-06-01 18:04:35.001937,126,1.037,0.0011,"aoml_navis",1026.4814089705
"7901009",112,0.0115404251716439,1,0.035511,1,0.013083,1,140.115024771114,1,4.87079666952686,128,1,20.2730007171631,36.6780014038086,0.0355109982192516,0.0197835862636566,135.111297607422,-86.6681,27.2147,9.93384625750302,63,63,63,63,61,63,0.013083,7818,1.13366707078925,27,-87,0.001869,51,2026-06-01 18:04:35.001937,128,1.037,0.0011,"aoml_navis",1026.52611866996
"7901009",112,0.0148376895063992,1,0.039249,1,0.016821,1,141.027714798161,1,4.87053171215496,130,1,20.0240001678467,36.6520004272461,0.0392489992082119,0.0230808481574059,135.991394042969,-86.6681,27.2147,9.93384625750302,63,63,63,63,61,63,0.016821,7818,1.13366707078925,27,-87,0.001869,51,2026-06-01 18:04:35.001937,130,1.037,0.0011,"aoml_navis",1026.58196178498
"7901009",112,0.00494589650213308,1,0.028035,1,0.005607,1,141.835049400261,1,4.8703483412309,132,1,19.8719997406006,36.6380004882812,0.0280349999666214,0.0131890568882227,136.769897460938,-86.6681,27.2147,9.93384625750302,63,63,63,63,61,63,0.005607,7818,1.13366707078925,27,-87,0.001869,51,2026-06-01 18:04:35.001937,132,1.037,0.0011,"aoml_navis",1026.62061308254
"7901009",112,0.00659452866951077,1,0.029904,1,0.007476,1,142.541269378538,1,4.87027189846386,134,1,19.8269996643066,36.6319999694824,0.0299040004611015,0.0148376896977425,137.450897216797,-86.6681,27.2147,9.93384625750302,63,63,63,63,61,63,0.007476,7818,1.13366707078925,27,-87,0.001869,51,2026-06-01 18:04:35.001937,134,1.037,0.0011,"aoml_navis",1026.63672670453
"7901009",112,0.00824316083688847,1,0.031773,1,0.009345,1,143.886093875376,1,4.87012871075433,136,1,19.7290000915527,36.6259994506836,0.0317730009555817,0.0164863225072622,138.747695922852,-86.6681,27.2147,9.93384625750302,63,63,63,63,61,63,0.009345,7818,1.13366707078925,27,-87,0.001869,51,2026-06-01 18:04:35.001937,136,1.037,0.0011,"aoml_navis",1026.66691107339
"7901009",112,0.00164863216737769,1,0.024297,1,0.001869,1,145.083360646526,1,4.86993246734531,138,1,19.5739994049072,36.6150016784668,0.0242970008403063,0.00989179313182831,139.902206420898,-86.6681,27.2147,9.93384625750302,63,63,63,63,61,63,0.001869,7818,1.13366707078925,27,-87,0.001869,51,2026-06-01 18:04:35.001937,138,1.037,0.0011,"aoml_navis",1026.70828261518
"7901009",112,0,1,0.022428,1,0,1,145.516729379331,1,4.86986460207198,140,1,19.5470008850098,36.6129989624023,0.0224280003458261,0.00824316125363111,140.320098876953,-86.6681,27.2147,9.93384625750302,63,63,63,63,61,63,0,7818,1.13366707078925,27,-87,0.001869,51,2026-06-01 18:04:35.001937,140,1.037,0.0011,"aoml_navis",1026.72259057729
"7901009",112,0.00329726433475539,1,0.026166,1,0.003738,1,145.920554919229,1,4.86978937315702,142,1,19.5170001983643,36.6119995117188,0.0261659994721413,0.0115404240787029,140.709503173828,-86.6681,27.2147,9.93384625750302,63,63,63,63,61,63,0.003738,7818,1.13366707078925,27,-87,0.001869,51,2026-06-01 18:04:35.001937,142,1.037,0.0011,"aoml_navis",1026.73845147404
"7901009",112,-0.00494589650213308,1,0.016821,1,-0.005607,1,146.196396878927,1,4.8697340545592,144,1,19.5,36.6100006103516,0.0168210007250309,0.00329726422205567,140.975494384766,-86.6681,27.2147,9.93384625750302,63,63,63,63,61,63,-0.005607,7818,1.13366707078925,27,-87,0.001869,51,2026-06-01 18:04:35.001937,144,1.037,0.0011,"aoml_navis",1026.75011488951
"7901009",112,-0.00164863216737769,1,0.020559,1,-0.001869,1,146.589335586088,1,4.86966737981861,146,1,19.4710006713867,36.6069984436035,0.020558999851346,0.00659452844411135,141.354400634766,-86.6681,27.2147,9.93384625750302,63,63,63,63,61,63,-0.001869,7818,1.13366707078925,27,-87,0.001869,51,2026-06-01 18:04:35.001937,146,1.037,0.0011,"aoml_navis",1026.76417299496
"7901009",112,0,1,0.022428,1,0,1,147.024682304492,1,4.86958948406114,148,1,19.4330005645752,36.6040000915527,0.0224280003458261,0.00824316125363111,141.774200439453,-86.6681,27.2147,9.93384625750302,63,63,63,63,61,63,0,7818,1.13366707078925,27,-87,0.001869,51,2026-06-01 18:04:35.001937,148,1.037,0.0011,"aoml_navis",1026.78059749507
"7901009",112,-0.00164863216737769,1,0.020559,1,-0.001869,1,147.188744342018,1,4.86949372510603,150,1,19.3689994812012,36.5970001220703,0.020558999851346,0.00659452844411135,141.932403564453,-86.6681,27.2147,9.93384625750302,63,63,63,63,61,63,-0.001869,7818,1.13366707078925,27,-87,0.001869,51,2026-06-01 18:04:35.001937,150,1.037,0.0011,"aoml_navis",1026.80078921164
"7901009",112,0,1,0.022428,1,0,1,147.026960943902,1,4.86939914753829,152,1,19.2999992370605,36.5880012512207,0.0224280003458261,0.00824316125363111,141.776397705078,-86.6681,27.2147,9.93384625750302,63,63,63,63,61,63,0,7818,1.13366707078925,27,-87,0.001869,51,2026-06-01 18:04:35.001937,152,1.037,0.0011,"aoml_navis",1026.8207326006
"7901009",112,0.00164863216737769,1,0.024297,1,0.001869,1,146.664419919427,1,4.86930218785692,154,1,19.2259998321533,36.5779991149902,0.0242970008403063,0.00989179313182831,141.426803588867,-86.6681,27.2147,9.93384625750302,63,63,63,63,61,63,0.001869,7818,1.13366707078925,27,-87,0.001869,51,2026-06-01 18:04:35.001937,154,1.037,0.0011,"aoml_navis",1026.8411791055
"7901009",112,-0.00659452866951077,1,0.014952,1,-0.007476,1,146.462095728474,1,4.86922656227228,156,1,19.1720008850098,36.5690002441406,0.0149520002305508,0.00164863211102784,141.231704711914,-86.6681,27.2147,9.93384625750302,63,63,63,63,61,63,-0.007476,7818,1.13366707078925,27,-87,0.001869,51,2026-06-01 18:04:35.001937,156,1.037,0.0011,"aoml_navis",1026.85712731894
"7901009",112,-0.00329726433475539,1,0.01869,1,-0.003738,1,146.246178820484,1,4.86914850252656,158,1,19.113000869751,36.5589981079102,0.0186899993568659,0.00494589656591415,141.023498535156,-86.6681,27.2147,9.93384625750302,63,63,63,63,61,63,-0.003738,7818,1.13366707078925,27,-87,0.001869,51,2026-06-01 18:04:35.001937,158,1.037,0.0011,"aoml_navis",1026.87358937719
"7901009",112,-0.00164863216737769,1,0.020559,1,-0.001869,1,145.69810274682,1,4.86905329987805,160,1,19.0400009155273,36.548999786377,0.020558999851346,0.00659452844411135,140.494995117188,-86.6681,27.2147,9.93384625750302,63,63,63,63,61,63,-0.001869,7818,1.13366707078925,27,-87,0.001869,51,2026-06-01 18:04:35.001937,160,1.037,0.0011,"aoml_navis",1026.89366742509
"7901009",112,-0.00329726433475539,1,0.01869,1,-0.003738,1,144.574686045995,1,4.86890603311654,162,1,18.8920001983643,36.5279998779297,0.0186899993568659,0.00494589656591415,139.411697387695,-86.6681,27.2147,9.93384625750302,63,63,63,63,61,63,-0.003738,7818,1.13366707078925,27,-87,0.001869,51,2026-06-01 18:04:35.001937,162,1.037,0.0011,"aoml_navis",1026.92472723684
"7901009",112,0.00164863216737769,1,0.024297,1,0.001869,1,144.091946792638,1,4.86874231817688,164,1,18.7089996337891,36.5,0.0242970008403063,0.00989179313182831,138.946197509766,-86.6681,27.2147,9.93384625750302,63,63,63,63,61,63,0.001869,7818,1.13366707078925,27,-87,0.001869,51,2026-06-01 18:04:35.001937,164,1.037,0.0011,"aoml_navis",1026.95925831463
"7901009",112,0,1,0.022428,1,0,1,143.996338880723,1,4.86866895992671,166,1,18.6499996185303,36.4889984130859,0.0224280003458261,0.00824316125363111,138.85400390625,-86.6681,27.2147,9.93384625750302,63,63,63,63,61,63,0,7818,1.13366707078925,27,-87,0.001869,51,2026-06-01 18:04:35.001937,166,1.037,0.0011,"aoml_navis",1026.9747319348
"7901009",112,0,1,0.022428,1,0,1,143.791720226475,1,4.86863122486327,168,1,18.6499996185303,36.4879989624023,0.0224280003458261,0.00824316125363111,138.656692504883,-86.6681,27.2147,9.93384625750302,63,63,63,63,61,63,0,7818,1.13366707078925,27,-87,0.001869,51,2026-06-01 18:04:35.001937,168,1.037,0.0011,"aoml_navis",1026.98269165795
"7901009",112,-0.00329726433475539,1,0.01869,1,-0.003738,1,143.561197872822,1,4.86857269894251,170,1,18.621000289917,36.4830017089844,0.0186899993568659,0.00494589656591415,138.43440246582,-86.6681,27.2147,9.93384625750302,63,63,63,63,61,63,-0.003738,7818,1.13366707078925,27,-87,0.001869,51,2026-06-01 18:04:35.001937,170,1.037,0.0011,"aoml_navis",1026.9950371874
"7901009",112,-0.00164863216737769,1,0.020559,1,-0.001869,1,143.415491541655,1,4.86848256527116,172,1,18.5510005950928,36.4729995727539,0.020558999851346,0.00659452844411135,138.293899536133,-86.6681,27.2147,9.93384625750302,63,63,63,63,61,63,-0.001869,7818,1.13366707078925,27,-87,0.001869,51,2026-06-01 18:04:35.001937,172,1.037,0.0011,"aoml_navis",1027.01405067505
"7901009",112,0,1,0.022428,1,0,1,143.270101688184,1,4.8684193238541,174,1,18.5240001678467,36.4700012207031,0.0224280003458261,0.00824316125363111,138.153701782227,-86.6681,27.2147,9.93384625750302,63,63,63,63,61,63,0,7818,1.13366707078925,27,-87,0.001869,51,2026-06-01 18:04:35.001937,174,1.037,0.0011,"aoml_navis",1027.0273917247
"7901009",112,-0.00494589650213308,1,0.016821,1,-0.005607,1,143.196061731241,1,4.86835125801557,176,1,18.4869995117188,36.4650001525879,0.0168210007250309,0.00329726422205567,138.082305908203,-86.6681,27.2147,9.93384625750302,63,63,63,63,61,63,-0.005607,7818,1.13366707078925,27,-87,0.001869,51,2026-06-01 18:04:35.001937,176,1.037,0.0011,"aoml_navis",1027.04175089414
"7901009",112,0,1,0.022428,1,0,1,143.246761458115,1,4.86828444435617,178,1,18.4449996948242,36.4580001831055,0.0224280003458261,0.00824316125363111,138.131195068359,-86.6681,27.2147,9.93384625750302,63,63,63,63,61,63,0,7818,1.13366707078925,27,-87,0.001869,51,2026-06-01 18:04:35.001937,178,1.037,0.0011,"aoml_navis",1027.05584629438
"7901009",112,0,1,0.022428,1,0,1,143.449307183456,1,4.86820924711184,180,1,18.3929996490479,36.4500007629395,0.0224280003458261,0.00824316125363111,138.326507568359,-86.6681,27.2147,9.93384625750302,63,63,63,63,61,63,0,7818,1.13366707078925,27,-87,0.001869,51,2026-06-01 18:04:35.001937,180,1.037,0.0011,"aoml_navis",1027.07171080749
"7901009",112,-0.00164863216737769,1,0.020559,1,-0.001869,1,143.572701837066,1,4.8681353511096,182,1,18.3449993133545,36.443000793457,0.020558999851346,0.00659452844411135,138.445495605469,-86.6681,27.2147,9.93384625750302,63,63,63,63,61,63,-0.001869,7818,1.13366707078925,27,-87,0.001869,51,2026-06-01 18:04:35.001937,182,1.037,0.0011,"aoml_navis",1027.08730127242
"7901009",112,0,1,0.022428,1,0,1,143.629019043041,1,4.86807236480538,184,1,18.3090000152588,36.4370002746582,0.0224280003458261,0.00824316125363111,138.499801635742,-86.6681,27.2147,9.93384625750302,63,63,63,63,61,63,0,7818,1.13366707078925,27,-87,0.001869,51,2026-06-01 18:04:35.001937,184,1.037,0.0011,"aoml_navis",1027.10059039969
"7901009",112,-0.00164863216737769,1,0.020559,1,-0.001869,1,143.757920408559,1,4.8680081914778,186,1,18.2779998779297,36.4329986572266,0.020558999851346,0.00659452844411135,138.624099731445,-86.6681,27.2147,9.93384625750302,63,63,63,63,61,63,-0.001869,7818,1.13366707078925,27,-87,0.001869,51,2026-06-01 18:04:35.001937,186,1.037,0.0011,"aoml_navis",1027.11413032404
"7901009",112,-0.00494589650213308,1,0.016821,1,-0.005607,1,143.790485963461,1,4.86794413525402,188,1,18.2350006103516,36.4249992370605,0.0168210007250309,0.00329726422205567,138.655502319336,-86.6681,27.2147,9.93384625750302,63,63,63,63,61,63,-0.005607,7818,1.13366707078925,27,-87,0.001869,51,2026-06-01 18:04:35.001937,188,1.037,0.0011,"aoml_navis",1027.12764589668
"7901009",112,-0.00494589650213308,1,0.016821,1,-0.005607,1,144.498256682448,1,4.86786341917179,190,1,18.1720008850098,36.4150009155273,0.0168210007250309,0.00329726422205567,139.337997436523,-86.6681,27.2147,9.93384625750302,63,63,63,63,61,63,-0.005607,7818,1.13366707078925,27,-87,0.001869,51,2026-06-01 18:04:35.001937,190,1.037,0.0011,"aoml_navis",1027.14467713038
"7901009",112,-0.00164863216737769,1,0.020559,1,-0.001869,1,145.965352337076,1,4.86775447973143,192,1,18.0639991760254,36.3979988098145,0.020558999851346,0.00659452844411135,140.752700805664,-86.6681,27.2147,9.93384625750302,63,63,63,63,61,63,-0.001869,7818,1.13366707078925,27,-87,0.001869,51,2026-06-01 18:04:35.001937,192,1.037,0.0011,"aoml_navis",1027.16766443731
"7901009",112,-0.00494589650213308,1,0.016821,1,-0.005607,1,147.522770726097,1,4.86760420731236,194,1,17.9300003051758,36.3839988708496,0.0168210007250309,0.00329726422205567,142.254501342773,-86.6681,27.2147,9.93384625750302,63,63,63,63,61,63,-0.005607,7818,1.13366707078925,27,-87,0.001869,51,2026-06-01 18:04:35.001937,194,1.037,0.0011,"aoml_navis",1027.199375103
"7901009",112,-0.00329726433475539,1,0.01869,1,-0.003738,1,148.369918222334,1,4.86743183083434,196,1,17.746000289917,36.3600006103516,0.0186899993568659,0.00494589656591415,143.071395874023,-86.6681,27.2147,9.93384625750302,63,63,63,63,61,63,-0.003738,7818,1.13366707078925,27,-87,0.001869,51,2026-06-01 18:04:35.001937,196,1.037,0.0011,"aoml_navis",1027.23575260487
"7901009",112,-0.00824316083688847,1,0.013083,1,-0.009345,1,148.842292831152,1,4.86735669992758,198,1,17.6989994049072,36.3540000915527,0.0130829997360706,0,143.526901245117,-86.6681,27.2147,9.93384625750302,63,63,63,63,61,63,-0.009345,7818,1.13366707078925,27,-87,0.001869,51,2026-06-01 18:04:35.001937,198,1.037,0.0011,"aoml_navis",1027.25160867589
"7901009",112,-0.00329726433475539,1,0.01869,1,-0.003738,1,148.888134625395,1,4.86728763676788,200,1,17.6539993286133,36.3470001220703,0.0186899993568659,0.00494589656591415,143.571105957031,-86.6681,27.2147,9.93384625750302,63,63,63,63,61,63,-0.003738,7818,1.13366707078925,27,-87,0.001869,51,2026-06-01 18:04:35.001937,200,1.037,0.0011,"aoml_navis",1027.26618460549
"7901009",112,0,1,0.014952,1,-0.007476,1,149.007177710687,1,4.86721384930361,202,1,17.6079998016357,36.3409996032715,0.0149520002305508,0.00164863211102784,143.685897827148,-86.6681,27.2147,9.93384625750302,63,63,63,63,61,63,0,7818,1.13366707078925,27,-87,0.001869,51,2026-06-01 18:04:35.001937,202,1.037,0.0011,"aoml_navis",1027.28175806686
"7901009",112,0,1,0.016821,1,-0.005607,1,148.803192011831,1,4.86716223354594,204,1,17.5869998931885,36.3370018005371,0.0168210007250309,0.00329726422205567,143.489196777344,-86.6681,27.2147,9.93384625750302,63,63,63,63,61,63,0,7818,1.13366707078925,27,-87,0.001869,51,2026-06-01 18:04:35.001937,204,1.037,0.0011,"aoml_navis",1027.29265228484
"7901009",112,0,1,0.014952,1,-0.007476,1,148.649304732226,1,4.86710936968111,206,1,17.568000793457,36.3339996337891,0.0149520002305508,0.00164863211102784,143.340805053711,-86.6681,27.2147,9.93384625750302,63,63,63,63,61,63,0,7818,1.13366707078925,27,-87,0.001869,51,2026-06-01 18:04:35.001937,206,1.037,0.0011,"aoml_navis",1027.30381017257
"7901009",112,0,1,0.013083,1,-0.009345,1,148.625442313959,1,4.86704839672938,208,1,17.5389995574951,36.3300018310547,0.0130829997360706,0,143.317794799805,-86.6681,27.2147,9.93384625750302,63,63,63,63,61,63,0,7818,1.13366707078925,27,-87,0.001869,51,2026-06-01 18:04:35.001937,208,1.037,0.0011,"aoml_navis",1027.31667993274
"7901009",112,0,1,0.016821,1,-0.005607,1,148.885223030594,1,4.86700366508358,210,1,17.5300006866455,36.3279991149902,0.0168210007250309,0.00329726422205567,143.568298339844,-86.6681,27.2147,9.93384625750302,63,63,63,63,61,63,0,7818,1.13366707078925,27,-87,0.001869,51,2026-06-01 18:04:35.001937,210,1.037,0.0011,"aoml_navis",1027.32612179246
"7901009",112,0,1,0.016821,1,-0.005607,1,148.950037662703,1,4.86696093969607,212,1,17.5319995880127,36.3289985656738,0.0168210007250309,0.00329726422205567,143.630798339844,-86.6681,27.2147,9.93384625750302,63,63,63,63,61,63,0,7818,1.13366707078925,27,-87,0.001869,51,2026-06-01 18:04:35.001937,212,1.037,0.0011,"aoml_navis",1027.33514033754
"7901009",112,0,1,0.014952,1,-0.007476,1,148.985609755716,1,4.86692391888378,213.899993896484,1,17.5340003967285,36.3289985656738,0.0149520002305508,0.00164863211102784,143.665100097656,-86.6681,27.2147,9.93384625750302,63,63,63,63,61,63,0,7818,1.13366707078925,27,-87,0.001869,51,2026-06-01 18:04:35.001937,213.899993896484,1.037,0.0011,"aoml_navis",1027.34295487955
"7901009",112,0,1,0.014952,1,-0.007476,1,149.09419325316,1,4.86688627542721,216,1,17.5389995574951,36.3289985656738,0.0149520002305508,0.00164863211102784,143.769805908203,-86.6681,27.2147,9.93384625750302,63,63,63,63,61,63,0,7818,1.13366707078925,27,-87,0.001869,51,2026-06-01 18:04:35.001937,216,1.037,0.0011,"aoml_navis",1027.35090097438
"7901009",112,0,1,0.016821,1,-0.005607,1,149.309477205758,1,4.86683086831403,218,1,17.5240001678467,36.3279991149902,0.0168210007250309,0.00329726422205567,143.977401733398,-86.6681,27.2147,9.93384625750302,63,63,63,63,61,63,0,7818,1.13366707078925,27,-87,0.001869,51,2026-06-01 18:04:35.001937,218,1.037,0.0011,"aoml_navis",1027.36259699366
"7901009",112,0,1,0.016821,1,-0.005607,1,149.3854951483,1,4.866776969753,220,1,17.5009994506836,36.3240013122559,0.0168210007250309,0.00329726422205567,144.050704956055,-86.6681,27.2147,9.93384625750302,63,63,63,63,61,63,0,7818,1.13366707078925,27,-87,0.001869,51,2026-06-01 18:04:35.001937,220,1.037,0.0011,"aoml_navis",1027.37397482461
"7901009",112,0,1,0.014952,1,-0.007476,1,149.170511849513,1,4.86672639495991,222,1,17.4869995117188,36.3219985961914,0.0149520002305508,0.00164863211102784,143.843399047852,-86.6681,27.2147,9.93384625750302,63,63,63,63,61,63,0,7818,1.13366707078925,27,-87,0.001869,51,2026-06-01 18:04:35.001937,222,1.037,0.0011,"aoml_navis",1027.38465124691
"7901009",112,0,1,0.016821,1,-0.005607,1,148.603573705177,1,4.86666784454055,224,1,17.4599990844727,36.318000793457,0.0168210007250309,0.00329726422205567,143.29670715332,-86.6681,27.2147,9.93384625750302,63,63,63,63,61,63,0,7818,1.13366707078925,27,-87,0.001869,51,2026-06-01 18:04:35.001937,224,1.037,0.0011,"aoml_navis",1027.39701161422
"7901009",112,0,1,0.016821,1,-0.005607,1,147.726028526253,1,4.86662103573592,226,1,17.443000793457,36.3139991760254,0.0168210007250309,0.00329726422205567,142.450500488281,-86.6681,27.2147,9.93384625750302,63,63,63,63,61,63,0,7818,1.13366707078925,27,-87,0.001869,51,2026-06-01 18:04:35.001937,226,1.037,0.0011,"aoml_navis",1027.40689346565
"7901009",112,0,1,0.014952,1,-0.007476,1,145.785213232601,1,4.86657798055571,228,1,17.4230003356934,36.3079986572266,0.0149520002305508,0.00164863211102784,140.578994750977,-86.6681,27.2147,9.93384625750302,63,63,63,63,61,63,0,7818,1.13366707078925,27,-87,0.001869,51,2026-06-01 18:04:35.001937,228,1.037,0.0011,"aoml_navis",1027.41598305367
"7901009",112,0,1,0.014952,1,-0.007476,1,142.852066299742,1,4.86649705996145,230,1,17.3269996643066,36.2879981994629,0.0149520002305508,0.00164863211102784,137.750595092773,-86.6681,27.2147,9.93384625750302,63,63,63,63,61,63,0,7818,1.13366707078925,27,-87,0.001869,51,2026-06-01 18:04:35.001937,230,1.037,0.0011,"aoml_navis",1027.43306702822
"7901009",112,0,1,0.016821,1,-0.005607,1,141.00760264059,1,4.86634957855732,232,1,17.1200008392334,36.2509994506836,0.0168210007250309,0.00329726422205567,135.97200012207,-86.6681,27.2147,9.93384625750302,63,63,63,63,61,63,0,7818,1.13366707078925,27,-87,0.001869,51,2026-06-01 18:04:35.001937,232,1.037,0.0011,"aoml_navis",1027.4642047977
"7901009",112,0,1,0.016821,1,-0.005607,1,140.639966325212,1,4.86624504374938,234,1,16.9930000305176,36.2280006408691,0.0168210007250309,0.00329726422205567,135.617492675781,-86.6681,27.2147,9.93384625750302,63,63,63,63,61,63,0,7818,1.13366707078925,27,-87,0.001869,51,2026-06-01 18:04:35.001937,234,1.037,0.0011,"aoml_navis",1027.48627638931
"7901009",112,0,1,0.022428,1,0,1,140.017343930292,1,4.86615686116578,236,1,16.9050006866455,36.2130012512207,0.0224280003458261,0.00824316125363111,135.017105102539,-86.6681,27.2147,9.93384625750302,63,63,63,63,61,63,0,7818,1.13366707078925,27,-87,0.001869,51,2026-06-01 18:04:35.001937,236,1.037,0.0011,"aoml_navis",1027.5048960921
"7901009",112,0,1,0.01869,1,-0.003738,1,139.653853472729,1,4.86607471589163,238,1,16.82200050354,36.1980018615723,0.0186899993568659,0.00494589656591415,134.666595458984,-86.6681,27.2147,9.93384625750302,63,63,63,63,61,63,0,7818,1.13366707078925,27,-87,0.001869,51,2026-06-01 18:04:35.001937,238,1.037,0.0011,"aoml_navis",1027.52224162753
"7901009",112,0,1,0.016821,1,-0.005607,1,139.29618620477,1,4.86599544783847,240,1,16.753999710083,36.1870002746582,0.0168210007250309,0.00329726422205567,134.321701049805,-86.6681,27.2147,9.93384625750302,63,63,63,63,61,63,0,7818,1.13366707078925,27,-87,0.001869,51,2026-06-01 18:04:35.001937,240,1.037,0.0011,"aoml_navis",1027.53898017333
"7901009",112,0,1,0.016821,1,-0.005607,1,139.035994067131,1,4.86592868435237,242,1,16.7000007629395,36.1769981384277,0.0168210007250309,0.00329726422205567,134.07080078125,-86.6681,27.2147,9.93384625750302,63,63,63,63,61,63,0,7818,1.13366707078925,27,-87,0.001869,51,2026-06-01 18:04:35.001937,242,1.037,0.0011,"aoml_navis",1027.55307862994
"7901009",112,0,1,0.013083,1,-0.009345,1,138.988190111174,1,4.86583110699614,244,1,16.6060009002686,36.1629981994629,0.0130829997360706,0,134.024703979492,-86.6681,27.2147,9.93384625750302,63,63,63,63,61,63,0,7818,1.13366707078925,27,-87,0.001869,51,2026-06-01 18:04:35.001937,244,1.037,0.0011,"aoml_navis",1027.57368475263
"7901009",112,0,1,0.01869,1,-0.003738,1,138.683089788495,1,4.86572781744503,246,1,16.4969997406006,36.1459999084473,0.0186899993568659,0.00494589656591415,133.730499267578,-86.6681,27.2147,9.93384625750302,63,63,63,63,61,63,0,7818,1.13366707078925,27,-87,0.001869,51,2026-06-01 18:04:35.001937,246,1.037,0.0011,"aoml_navis",1027.59549806168
"7901009",112,0,1,0.01869,1,-0.003738,1,138.484088613348,1,4.86563829100003,248,1,16.4029998779297,36.1300010681152,0.0186899993568659,0.00494589656591415,133.538604736328,-86.6681,27.2147,9.93384625750302,63,63,63,63,61,63,0,7818,1.13366707078925,27,-87,0.001869,51,2026-06-01 18:04:35.001937,248,1.037,0.0011,"aoml_navis",1027.61440554439
"7901009",112,0,1,0.013083,1,-0.009345,1,138.342939561001,1,4.86556467953624,250,1,16.3390007019043,36.1189994812012,0.0130829997360706,0,133.402496337891,-86.6681,27.2147,9.93384625750302,63,63,63,63,61,63,0,7818,1.13366707078925,27,-87,0.001869,51,2026-06-01 18:04:35.001937,250,1.037,0.0011,"aoml_navis",1027.62995239364
"7901009",112,0,1,0.016821,1,-0.005607,1,138.272016909362,1,4.86549068316963,252,1,16.2810001373291,36.1100006103516,0.0168210007250309,0.00329726422205567,133.334106445312,-86.6681,27.2147,9.93384625750302,63,63,63,63,61,63,0,7818,1.13366707078925,27,-87,0.001869,51,2026-06-01 18:04:35.001937,252,1.037,0.0011,"aoml_navis",1027.64558100906
"7901009",112,0,1,0.022428,1,0,1,138.303427320675,1,4.86539081054785,254,1,16.1770000457764,36.0940017700195,0.0224280003458261,0.00824316125363111,133.364395141602,-86.6681,27.2147,9.93384625750302,63,63,63,63,61,63,0,7818,1.13366707078925,27,-87,0.001869,51,2026-06-01 18:04:35.001937,254,1.037,0.0011,"aoml_navis",1027.66667564717
"7901009",112,0,1,0.020559,1,-0.001869,1,137.653208070677,1,4.86533335772966,256,1,16.1399993896484,36.0870018005371,0.020558999851346,0.00659452844411135,132.737396240234,-86.6681,27.2147,9.93384625750302,63,63,63,63,61,63,0,7818,1.13366707078925,27,-87,0.001869,51,2026-06-01 18:04:35.001937,256,1.037,0.0011,"aoml_navis",1027.6788109609
"7901009",112,0,1,0.01869,1,-0.003738,1,137.018749409932,1,4.86525849273676,258,1,16.0709991455078,36.0750007629395,0.0186899993568659,0.00494589656591415,132.125595092773,-86.6681,27.2147,9.93384625750302,63,63,63,63,61,63,0,7818,1.13366707078925,27,-87,0.001869,51,2026-06-01 18:04:35.001937,258,1.037,0.0011,"aoml_navis",1027.69462454346
"7901009",112,0,1,0.01869,1,-0.003738,1,136.86506784083,1,4.86516507976926,260,1,15.9720001220703,36.0589981079102,0.0186899993568659,0.00494589656591415,131.977401733398,-86.6681,27.2147,9.93384625750302,63,63,63,63,61,63,0,7818,1.13366707078925,27,-87,0.001869,51,2026-06-01 18:04:35.001937,260,1.037,0.0011,"aoml_navis",1027.71435666005
"7901009",112,0,1,0.01869,1,-0.003738,1,136.477002890185,1,4.86509495102142,262,1,15.9200000762939,36.0509986877441,0.0186899993568659,0.00494589656591415,131.60319519043,-86.6681,27.2147,9.93384625750302,63,63,63,63,61,63,0,7818,1.13366707078925,27,-87,0.001869,51,2026-06-01 18:04:35.001937,262,1.037,0.0011,"aoml_navis",1027.72917082538
"7901009",112,0,1,0.01869,1,-0.003738,1,135.826166508681,1,4.86501705715382,264,1,15.8509998321533,36.0400009155273,0.0186899993568659,0.00494589656591415,130.975601196289,-86.6681,27.2147,9.93384625750302,63,63,63,63,61,63,0,7818,1.13366707078925,27,-87,0.001869,51,2026-06-01 18:04:35.001937,264,1.037,0.0011,"aoml_navis",1027.74562581393
"7901009",112,0,1,0.01869,1,-0.003738,1,134.477085386834,1,4.86496151229935,266,1,15.8120002746582,36.0320014953613,0.0186899993568659,0.00494589656591415,129.674697875977,-86.6681,27.2147,9.93384625750302,63,63,63,63,61,63,0,7818,1.13366707078925,27,-87,0.001869,51,2026-06-01 18:04:35.001937,266,1.037,0.0011,"aoml_navis",1027.7573599214
"7901009",112,0,1,0.020559,1,-0.001869,1,132.66144493383,1,4.86484568415813,268,1,15.6850004196167,36.0139999389648,0.020558999851346,0.00659452844411135,127.923896789551,-86.6681,27.2147,9.93384625750302,63,63,63,63,61,63,0,7818,1.13366707078925,27,-87,0.001869,51,2026-06-01 18:04:35.001937,268,1.037,0.0011,"aoml_navis",1027.78183001405
"7901009",112,0,1,0.022428,1,0,1,130.732252283558,1,4.86470909740745,270,1,15.5150003433228,35.9889984130859,0.0224280003458261,0.00824316125363111,126.063598632812,-86.6681,27.2147,9.93384625750302,63,63,63,63,61,63,0,7818,1.13366707078925,27,-87,0.001869,51,2026-06-01 18:04:35.001937,270,1.037,0.0011,"aoml_navis",1027.81068711069
"7901009",112,0,1,0.024297,1,0.001869,1,128.868079975896,1,4.86460966122796,272,1,15.4049997329712,35.9720001220703,0.0242970008403063,0.00989179313182831,124.265998840332,-86.6681,27.2147,9.93384625750302,63,63,63,63,61,63,0,7818,1.13366707078925,27,-87,0.001869,51,2026-06-01 18:04:35.001937,272,1.037,0.0011,"aoml_navis",1027.83169631289
"7901009",112,0,1,0.020559,1,-0.001869,1,127.861744198649,1,4.86452429660099,274,1,15.3210000991821,35.9589996337891,0.020558999851346,0.00659452844411135,123.295600891113,-86.6681,27.2147,9.93384625750302,63,63,63,63,61,63,0,7818,1.13366707078925,27,-87,0.001869,51,2026-06-01 18:04:35.001937,274,1.037,0.0011,"aoml_navis",1027.84973311649
"7901009",112,0,1,0.022428,1,0,1,127.691874795405,1,4.86445135077097,276,1,15.2550001144409,35.9480018615723,0.0224280003458261,0.00824316125363111,123.131797790527,-86.6681,27.2147,9.93384625750302,63,63,63,63,61,63,0,7818,1.13366707078925,27,-87,0.001869,51,2026-06-01 18:04:35.001937,276,1.037,0.0011,"aoml_navis",1027.86514643785
"7901009",112,0,1,0.020559,1,-0.001869,1,127.55208659715,1,4.86438962406204,278,1,15.206000328064,35.9389991760254,0.020558999851346,0.00659452844411135,122.997001647949,-86.6681,27.2147,9.93384625750302,63,63,63,63,61,63,0,7818,1.13366707078925,27,-87,0.001869,51,2026-06-01 18:04:35.001937,278,1.037,0.0011,"aoml_navis",1027.8781895404
"7901009",112,0,1,0.01869,1,-0.003738,1,127.477310829564,1,4.86431139272251,280,1,15.1280002593994,35.9259986877441,0.0186899993568659,0.00494589656591415,122.924896240234,-86.6681,27.2147,9.93384625750302,63,63,63,63,61,63,0,7818,1.13366707078925,27,-87,0.001869,51,2026-06-01 18:04:35.001937,280,1.037,0.0011,"aoml_navis",1027.89472061359
"7901009",112,0,1,0.024297,1,0.001869,1,127.187567587076,1,4.86426129791132,282,1,15.1099996566772,35.9230003356934,0.0242970008403063,0.00989179313182831,122.645500183105,-86.6681,27.2147,9.93384625750302,63,63,63,63,61,63,0,7818,1.13366707078925,27,-87,0.001869,51,2026-06-01 18:04:35.001937,282,1.037,0.0011,"aoml_navis",1027.90530643306
"7901009",112,0,1,0.026166,1,0.003738,1,127.076088318715,1,4.86420349869076,284,1,15.0780000686646,35.9179992675781,0.0261659994721413,0.0115404240787029,122.53800201416,-86.6681,27.2147,9.93384625750302,63,63,63,63,61,63,0,7818,1.13366707078925,27,-87,0.001869,51,2026-06-01 18:04:35.001937,284,1.037,0.0011,"aoml_navis",1027.91752058601
"7901009",112,0,1,0.016821,1,-0.005607,1,126.257138985177,1,4.86414830761722,286,1,15.0450000762939,35.9119987487793,0.0168210007250309,0.00329726422205567,121.74829864502,-86.6681,27.2147,9.93384625750302,63,63,63,63,61,63,0,7818,1.13366707078925,27,-87,0.001869,51,2026-06-01 18:04:35.001937,286,1.037,0.0011,"aoml_navis",1027.92918385528
"7901009",112,0,1,0.022428,1,0,1,125.512759708723,1,4.8640862965673,288,1,15.0089998245239,35.9070014953613,0.0224280003458261,0.00824316125363111,121.030502319336,-86.6681,27.2147,9.93384625750302,63,63,63,63,61,63,0,7818,1.13366707078925,27,-87,0.001869,51,2026-06-01 18:04:35.001937,288,1.037,0.0011,"aoml_navis",1027.94228867375
"7901009",112,0,1,0.016821,1,-0.005607,1,125.955678156,1,4.86402842805641,290,1,14.9700002670288,35.9000015258789,0.0168210007250309,0.00329726422205567,121.45760345459,-86.6681,27.2147,9.93384625750302,63,63,63,63,61,63,0,7818,1.13366707078925,27,-87,0.001869,51,2026-06-01 18:04:35.001937,290,1.037,0.0011,"aoml_navis",1027.95451834929
"7901009",112,0,1,0.016821,1,-0.005607,1,126.859451423967,1,4.86395474779917,292,1,14.8990001678467,35.8880004882812,0.0168210007250309,0.00329726422205567,122.3291015625,-86.6681,27.2147,9.93384625750302,63,63,63,63,61,63,0,7818,1.13366707078925,27,-87,0.001869,51,2026-06-01 18:04:35.001937,292,1.037,0.0011,"aoml_navis",1027.97009003063
"7901009",112,0,1,0.024297,1,0.001869,1,128.219000045603,1,4.86387355921176,294,1,14.8070001602173,35.8720016479492,0.0242970008403063,0.00989179313182831,123.640098571777,-86.6681,27.2147,9.93384625750302,63,63,63,63,61,63,0,7818,1.13366707078925,27,-87,0.001869,51,2026-06-01 18:04:35.001937,294,1.037,0.0011,"aoml_navis",1027.98724907855
"7901009",112,0,1,0.020559,1,-0.001869,1,129.355384420016,1,4.86378090740108,296,1,14.6899995803833,35.8520011901855,0.020558999851346,0.00659452844411135,124.735900878906,-86.6681,27.2147,9.93384625750302,63,63,63,63,61,63,0,7818,1.13366707078925,27,-87,0.001869,51,2026-06-01 18:04:35.001937,296,1.037,0.0011,"aoml_navis",1028.00683155601
"7901009",112,0,1,0.016821,1,-0.005607,1,129.54371238487,1,4.86371113786305,298,1,14.6149997711182,35.8380012512207,0.0168210007250309,0.00329726422205567,124.917503356934,-86.6681,27.2147,9.93384625750302,63,63,63,63,61,63,0,7818,1.13366707078925,27,-87,0.001869,51,2026-06-01 18:04:35.001937,298,1.037,0.0011,"aoml_navis",1028.02157822984
"7901009",112,0,1,0.022428,1,0,1,129.325105416466,1,4.86364907661809,300,1,14.5609998703003,35.8279991149902,0.0224280003458261,0.00824316125363111,124.706703186035,-86.6681,27.2147,9.93384625750302,63,63,63,63,61,63,0,7818,1.13366707078925,27,-87,0.001869,51,2026-06-01 18:04:35.001937,300,1.037,0.0011,"aoml_navis",1028.03469601403
"7901009",112,0,1,0.014952,1,-0.007476,1,128.629455793229,1,4.86358772063851,302,1,14.5179996490479,35.8209991455078,0.0149520002305508,0.00164863211102784,124.03589630127,-86.6681,27.2147,9.93384625750302,63,63,63,63,61,63,0,7818,1.13366707078925,27,-87,0.001869,51,2026-06-01 18:04:35.001937,302,1.037,0.0011,"aoml_navis",1028.04766505652
"7901009",112,0,1,0.01869,1,-0.003738,1,127.389377501774,1,4.86350599050207,304,1,14.4449996948242,35.8110008239746,0.0186899993568659,0.00494589656591415,122.840103149414,-86.6681,27.2147,9.93384625750302,63,63,63,63,61,63,0,7818,1.13366707078925,27,-87,0.001869,51,2026-06-01 18:04:35.001937,304,1.037,0.0011,"aoml_navis",1028.06494116888
"7901009",112,0,1,0.020559,1,-0.001869,1,126.147321224719,1,4.86344903026225,306,1,14.4130001068115,35.8059997558594,0.020558999851346,0.00659452844411135,121.642402648926,-86.6681,27.2147,9.93384625750302,63,63,63,63,61,63,0,7818,1.13366707078925,27,-87,0.001869,51,2026-06-01 18:04:35.001937,306,1.037,0.0011,"aoml_navis",1028.07698176502
"7901009",112,0,1,0.022428,1,0,1,126.225198473724,1,4.86336087986457,308,1,14.3159999847412,35.7910003662109,0.0224280003458261,0.00824316125363111,121.717498779297,-86.6681,27.2147,9.93384625750302,63,63,63,63,61,63,0,7818,1.13366707078925,27,-87,0.001869,51,2026-06-01 18:04:35.001937,308,1.037,0.0011,"aoml_navis",1028.09561607923
"7901009",112,0,1,0.020559,1,-0.001869,1,126.628296114922,1,4.8632670208162,310,1,14.1990003585815,35.7719993591309,0.020558999851346,0.00659452844411135,122.106201171875,-86.6681,27.2147,9.93384625750302,63,63,63,63,61,63,0,7818,1.13366707078925,27,-87,0.001869,51,2026-06-01 18:04:35.001937,310,1.037,0.0011,"aoml_navis",1028.11545790074
"7901009",112,0,1,0.01869,1,-0.003738,1,126.810816714058,1,4.86318142391501,312,1,14.0930004119873,35.7540016174316,0.0186899993568659,0.00494589656591415,122.282203674316,-86.6681,27.2147,9.93384625750302,63,63,63,63,61,63,0,7818,1.13366707078925,27,-87,0.001869,51,2026-06-01 18:04:35.001937,312,1.037,0.0011,"aoml_navis",1028.13355377041
"7901009",112,0,1,0.024297,1,0.001869,1,126.750456505518,1,4.86309416186481,314,1,13.9919996261597,35.7379989624023,0.0242970008403063,0.00989179313182831,122.223999023438,-86.6681,27.2147,9.93384625750302,63,63,63,63,61,63,0,7818,1.13366707078925,27,-87,0.001869,51,2026-06-01 18:04:35.001937,314,1.037,0.0011,"aoml_navis",1028.15200232164
"7901009",112,0,1,0.022428,1,0,1,126.567318774875,1,4.86302779375096,316,1,13.9359998703003,35.7290000915527,0.0224280003458261,0.00824316125363111,122.047401428223,-86.6681,27.2147,9.93384625750302,63,63,63,63,61,63,0,7818,1.13366707078925,27,-87,0.001869,51,2026-06-01 18:04:35.001937,316,1.037,0.0011,"aoml_navis",1028.16603401384
"7901009",112,0,1,0.022428,1,0,1,126.290843859785,1,4.86297250975663,318,1,13.8800001144409,35.7169990539551,0.0224280003458261,0.00824316125363111,121.780799865723,-86.6681,27.2147,9.93384625750302,63,63,63,63,61,63,0,7818,1.13366707078925,27,-87,0.001869,51,2026-06-01 18:04:35.001937,318,1.037,0.0011,"aoml_navis",1028.17772256957
"7901009",112,0,1,0.020559,1,-0.001869,1,126.031482476098,1,4.8629132682624,320,1,13.8199996948242,35.7050018310547,0.020558999851346,0.00659452844411135,121.530700683594,-86.6681,27.2147,9.93384625750302,63,63,63,63,61,63,0,7818,1.13366707078925,27,-87,0.001869,51,2026-06-01 18:04:35.001937,320,1.037,0.0011,"aoml_navis",1028.19024814452
"7901009",112,0,1,0.026166,1,0.003738,1,125.823659485179,1,4.86282535393033,322,1,13.7279996871948,35.6920013427734,0.0261659994721413,0.0115404240787029,121.330299377441,-86.6681,27.2147,9.93384625750302,63,63,63,63,61,63,0,7818,1.13366707078925,27,-87,0.001869,51,2026-06-01 18:04:35.001937,322,1.037,0.0011,"aoml_navis",1028.20883665065
"7901009",112,0,1,0.01869,1,-0.003738,1,125.489838811602,1,4.86277458321631,324,1,13.6940002441406,35.685001373291,0.0186899993568659,0.00494589656591415,121.008399963379,-86.6681,27.2147,9.93384625750302,63,63,63,63,61,63,0,7818,1.13366707078925,27,-87,0.001869,51,2026-06-01 18:04:35.001937,324,1.037,0.0011,"aoml_navis",1028.21957185869
"7901009",112,0,1,0.022428,1,0,1,125.235865460686,1,4.86269826152933,326,1,13.6129999160767,35.6720008850098,0.0224280003458261,0.00824316125363111,120.763496398926,-86.6681,27.2147,9.93384625750302,63,63,63,63,61,63,0,7818,1.13366707078925,27,-87,0.001869,51,2026-06-01 18:04:35.001937,326,1.037,0.0011,"aoml_navis",1028.23571011118
"7901009",112,0,1,0.024297,1,0.001869,1,125.182982037711,1,4.86261068811972,328,1,13.5059995651245,35.6549987792969,0.0242970008403063,0.00989179313182831,120.712501525879,-86.6681,27.2147,9.93384625750302,63,63,63,63,61,63,0,7818,1.13366707078925,27,-87,0.001869,51,2026-06-01 18:04:35.001937,328,1.037,0.0011,"aoml_navis",1028.25422816923
"7901009",112,0,1,0.024297,1,0.001869,1,125.053661339246,1,4.86256468889118,330,1,13.4910001754761,35.6520004272461,0.0242970008403063,0.00989179313182831,120.587799072266,-86.6681,27.2147,9.93384625750302,63,63,63,63,61,63,0,7818,1.13366707078925,27,-87,0.001869,51,2026-06-01 18:04:35.001937,330,1.037,0.0011,"aoml_navis",1028.26395532029
"7901009",112,0,1,0.022428,1,0,1,124.764329517762,1,4.86252381594462,332,1,13.4919996261597,35.6520004272461,0.0224280003458261,0.00824316125363111,120.308799743652,-86.6681,27.2147,9.93384625750302,63,63,63,63,61,63,0,7818,1.13366707078925,27,-87,0.001869,51,2026-06-01 18:04:35.001937,332,1.037,0.0011,"aoml_navis",1028.27259860499
"7901009",112,0,1,0.020559,1,-0.001869,1,124.289889891979,1,4.86248723060716,334,1,13.4899997711182,35.6500015258789,0.020558999851346,0.00659452844411135,119.851303100586,-86.6681,27.2147,9.93384625750302,63,63,63,63,61,63,0,7818,1.13366707078925,27,-87,0.001869,51,2026-06-01 18:04:35.001937,334,1.037,0.0011,"aoml_navis",1028.28033532453
"7901009",112,0,1,0.026166,1,0.003738,1,123.999205128346,1,4.86239828717256,336,1,13.4029998779297,35.6389999389648,0.0261659994721413,0.0115404240787029,119.570999145508,-86.6681,27.2147,9.93384625750302,63,63,63,63,61,63,0,7818,1.13366707078925,27,-87,0.001869,51,2026-06-01 18:04:35.001937,336,1.037,0.0011,"aoml_navis",1028.29914472256
"7901009",112,0,1,0.020559,1,-0.001869,1,123.936882758092,1,4.86231330316774,338,1,13.3050003051758,35.6240005493164,0.020558999851346,0.00659452844411135,119.510902404785,-86.6681,27.2147,9.93384625750302,63,63,63,63,61,63,0,7818,1.13366707078925,27,-87,0.001869,51,2026-06-01 18:04:35.001937,338,1.037,0.0011,"aoml_navis",1028.31711743926
"7901009",112,0,1,0.024297,1,0.001869,1,123.835665279018,1,4.86224324992196,340,1,13.2399997711182,35.6139984130859,0.0242970008403063,0.00989179313182831,119.413299560547,-86.6681,27.2147,9.93384625750302,63,63,63,63,61,63,0,7818,1.13366707078925,27,-87,0.001869,51,2026-06-01 18:04:35.001937,340,1.037,0.0011,"aoml_navis",1028.33193301883
"7901009",112,0,1,0.024297,1,0.001869,1,123.660716408755,1,4.86219012292925,342,1,13.21399974823,35.6100006103516,0.0242970008403063,0.00989179313182831,119.244598388672,-86.6681,27.2147,9.93384625750302,63,63,63,63,61,63,0,7818,1.13366707078925,27,-87,0.001869,51,2026-06-01 18:04:35.001937,342,1.037,0.0011,"aoml_navis",1028.34316914529
"7901009",112,0,1,0.022428,1,0,1,123.455179969189,1,4.86214032741808,344,1,13.1949996948242,35.6069984436035,0.0224280003458261,0.00824316125363111,119.046401977539,-86.6681,27.2147,9.93384625750302,63,63,63,63,61,63,0,7818,1.13366707078925,27,-87,0.001869,51,2026-06-01 18:04:35.001937,344,1.037,0.0011,"aoml_navis",1028.35370090092
"7901009",112,0,1,0.024297,1,0.001869,1,123.22889841666,1,4.86208724434857,346,1,13.168999671936,35.6030006408691,0.0242970008403063,0.00989179313182831,118.828201293945,-86.6681,27.2147,9.93384625750302,63,63,63,63,61,63,0,7818,1.13366707078925,27,-87,0.001869,51,2026-06-01 18:04:35.001937,346,1.037,0.0011,"aoml_navis",1028.36492821303
"7901009",112,0,1,0.020559,1,-0.001869,1,123.066600742288,1,4.86203587225201,348,1,13.1409997940063,35.5979995727539,0.020558999851346,0.00659452844411135,118.671699523926,-86.6681,27.2147,9.93384625750302,63,63,63,63,61,63,0,7818,1.13366707078925,27,-87,0.001869,51,2026-06-01 18:04:35.001937,348,1.037,0.0011,"aoml_navis",1028.37579387996
"7901009",112,0,1,0.022428,1,0,1,122.937905087273,1,4.86197009229111,350,1,13.0909996032715,35.5909996032715,0.0224280003458261,0.00824316125363111,118.54759979248,-86.6681,27.2147,9.93384625750302,63,63,63,63,61,63,0,7818,1.13366707078925,27,-87,0.001869,51,2026-06-01 18:04:35.001937,350,1.037,0.0011,"aoml_navis",1028.38970727684
"7901009",112,0,1,0.028035,1,0.005607,1,122.856293401457,1,4.8619155523349,352,1,13.0559997558594,35.5849990844727,0.0280349999666214,0.0131890568882227,118.468902587891,-86.6681,27.2147,9.93384625750302,63,63,63,63,61,63,0,7818,1.13366707078925,27,-87,0.001869,51,2026-06-01 18:04:35.001937,352,1.037,0.0011,"aoml_navis",1028.40124353842
"7901009",112,0,1,0.024297,1,0.001869,1,122.480056804694,1,4.86188064281605,354,1,13.0520000457764,35.5820007324219,0.0242970008403063,0.00989179313182831,118.106101989746,-86.6681,27.2147,9.93384625750302,63,63,63,63,61,63,0,7818,1.13366707078925,27,-87,0.001869,51,2026-06-01 18:04:35.001937,354,1.037,0.0011,"aoml_navis",1028.40862771653
"7901009",112,0,1,0.026166,1,0.003738,1,121.968383577995,1,4.86182164403568,356,1,13.0050001144409,35.5740013122559,0.0261659994721413,0.0115404240787029,117.612701416016,-86.6681,27.2147,9.93384625750302,63,63,63,63,61,63,0,7818,1.13366707078925,27,-87,0.001869,51,2026-06-01 18:04:35.001937,356,1.037,0.0011,"aoml_navis",1028.42110757679
"7901009",112,0,1,0.024297,1,0.001869,1,121.819464998215,1,4.86171396234209,358,1,12.8559999465942,35.5519981384277,0.0242970008403063,0.00989179313182831,117.469100952148,-86.6681,27.2147,9.93384625750302,63,63,63,63,61,63,0,7818,1.13366707078925,27,-87,0.001869,51,2026-06-01 18:04:35.001937,358,1.037,0.0011,"aoml_navis",1028.4438859894
"7901009",112,0,1,0.022428,1,0,1,121.533764758291,1,4.86163635280739,360,1,12.7670001983643,35.5379981994629,0.0224280003458261,0.00824316125363111,117.193603515625,-86.6681,27.2147,9.93384625750302,63,63,63,63,61,63,0,7818,1.13366707078925,27,-87,0.001869,51,2026-06-01 18:04:35.001937,360,1.037,0.0011,"aoml_navis",1028.46030372319
"7901009",112,0,1,0.022428,1,0,1,121.332682742294,1,4.86156296751362,362,1,12.6820001602173,35.523998260498,0.0224280003458261,0.00824316125363111,116.999702453613,-86.6681,27.2147,9.93384625750302,63,63,63,63,61,63,0,7818,1.13366707078925,27,-87,0.001869,51,2026-06-01 18:04:35.001937,362,1.037,0.0011,"aoml_navis",1028.47582833164
"7901009",112,0,1,0.024297,1,0.001869,1,121.106606900267,1,4.86149513799983,364,1,12.6099996566772,35.5120010375977,0.0242970008403063,0.00989179313182831,116.781700134277,-86.6681,27.2147,9.93384625750302,63,63,63,63,61,63,0,7818,1.13366707078925,27,-87,0.001869,51,2026-06-01 18:04:35.001937,364,1.037,0.0011,"aoml_navis",1028.49017803547
"7901009",112,0,1,0.022428,1,0,1,120.92533638803,1,4.86141771611651,366,1,12.5240001678467,35.4990005493164,0.0224280003458261,0.00824316125363111,116.606903076172,-86.6681,27.2147,9.93384625750302,63,63,63,63,61,63,0,7818,1.13366707078925,27,-87,0.001869,51,2026-06-01 18:04:35.001937,366,1.037,0.0011,"aoml_navis",1028.5065575468
"7901009",112,0,1,0.024297,1,0.001869,1,120.754121954578,1,4.86134823924464,368,1,12.4650001525879,35.4910011291504,0.0242970008403063,0.00989179313182831,116.441802978516,-86.6681,27.2147,9.93384625750302,63,63,63,63,61,63,0,7818,1.13366707078925,27,-87,0.001869,51,2026-06-01 18:04:35.001937,368,1.037,0.0011,"aoml_navis",1028.52125664153
"7901009",112,0,1,0.026166,1,0.003738,1,120.492268309036,1,4.86128692888807,370,1,12.4219999313354,35.4850006103516,0.0261659994721413,0.0115404240787029,116.189300537109,-86.6681,27.2147,9.93384625750302,63,63,63,63,61,63,0,7818,1.13366707078925,27,-87,0.001869,51,2026-06-01 18:04:35.001937,370,1.037,0.0011,"aoml_navis",1028.53422831054
"7901009",112,0,1,0.026166,1,0.003738,1,119.944405857817,1,4.86123325130616,372,1,12.4060001373291,35.484001159668,0.0261659994721413,0.0115404240787029,115.661003112793,-86.6681,27.2147,9.93384625750302,63,63,63,63,61,63,0,7818,1.13366707078925,27,-87,0.001869,51,2026-06-01 18:04:35.001937,372,1.037,0.0011,"aoml_navis",1028.54558535256
"7901009",112,0,1,0.024297,1,0.001869,1,119.557385283568,1,4.86117018321596,374,1,12.3839998245239,35.484001159668,0.0242970008403063,0.00989179313182831,115.287803649902,-86.6681,27.2147,9.93384625750302,63,63,63,63,61,63,0,7818,1.13366707078925,27,-87,0.001869,51,2026-06-01 18:04:35.001937,374,1.037,0.0011,"aoml_navis",1028.55892954815
"7901009",112,0,1,0.026166,1,0.003738,1,118.991578546995,1,4.86112098296927,376,1,12.3649997711182,35.4809989929199,0.0261659994721413,0.0115404240787029,114.742202758789,-86.6681,27.2147,9.93384625750302,63,63,63,63,61,63,0,7818,1.13366707078925,27,-87,0.001869,51,2026-06-01 18:04:35.001937,376,1.037,0.0011,"aoml_navis",1028.56933977107
"7901009",112,0,1,0.022428,1,0,1,118.565251442922,1,4.86105235168268,378,1,12.3179998397827,35.476001739502,0.0224280003458261,0.00824316125363111,114.331100463867,-86.6681,27.2147,9.93384625750302,63,63,63,63,61,63,0,7818,1.13366707078925,27,-87,0.001869,51,2026-06-01 18:04:35.001937,378,1.037,0.0011,"aoml_navis",1028.5838617371
"7901009",112,0,1,0.024297,1,0.001869,1,118.578939103268,1,4.8610017724455,380,1,12.28600025177,35.4700012207031,0.0242970008403063,0.00989179313182831,114.344299316406,-86.6681,27.2147,9.93384625750302,63,63,63,63,61,63,0,7818,1.13366707078925,27,-87,0.001869,51,2026-06-01 18:04:35.001937,380,1.037,0.0011,"aoml_navis",1028.59456426089
"7901009",112,0,1,0.026166,1,0.003738,1,118.781991192922,1,4.86092375506464,382,1,12.2019996643066,35.4580001831055,0.0261659994721413,0.0115404240787029,114.540100097656,-86.6681,27.2147,9.93384625750302,63,63,63,63,61,63,0,7818,1.13366707078925,27,-87,0.001869,51,2026-06-01 18:04:35.001937,382,1.037,0.0011,"aoml_navis",1028.6110731094
"7901009",112,0,1,0.028035,1,0.005607,1,118.897829941543,1,4.86085361354724,384,1,12.1260004043579,35.4459991455078,0.0280349999666214,0.0131890568882227,114.651802062988,-86.6681,27.2147,9.93384625750302,63,63,63,63,61,63,0,7818,1.13366707078925,27,-87,0.001869,51,2026-06-01 18:04:35.001937,384,1.037,0.0011,"aoml_navis",1028.62591584016
"7901009",112,0,1,0.028035,1,0.005607,1,118.778676089058,1,4.86079148190527,386,1,12.0659999847412,35.4360008239746,0.0280349999666214,0.0131890568882227,114.536903381348,-86.6681,27.2147,9.93384625750302,63,63,63,63,61,63,0,7818,1.13366707078925,27,-87,0.001869,51,2026-06-01 18:04:35.001937,386,1.037,0.0011,"aoml_navis",1028.63906394935
"7901009",112,0,1,0.028035,1,0.005607,1,118.411459106627,1,4.86072501140654,388,1,12.0089998245239,35.4280014038086,0.0280349999666214,0.0131890568882227,114.182800292969,-86.6681,27.2147,9.93384625750302,63,63,63,63,61,63,0,7818,1.13366707078925,27,-87,0.001869,51,2026-06-01 18:04:35.001937,388,1.037,0.0011,"aoml_navis",1028.65313060637
"7901009",112,0,1,0.026166,1,0.003738,1,117.551446792053,1,4.86067692008829,390,1,11.9870004653931,35.423999786377,0.0261659994721413,0.0115404240787029,113.353500366211,-86.6681,27.2147,9.93384625750302,63,63,63,63,61,63,0,7818,1.13366707078925,27,-87,0.001869,51,2026-06-01 18:04:35.001937,390,1.037,0.0011,"aoml_navis",1028.66330805405
"7901009",112,0,1,0.026166,1,0.003738,1,116.483920052315,1,4.86062715169347,392,1,11.9709997177124,35.4220008850098,0.0261659994721413,0.0115404240787029,112.324096679688,-86.6681,27.2147,9.93384625750302,63,63,63,63,61,63,0,7818,1.13366707078925,27,-87,0.001869,51,2026-06-01 18:04:35.001937,392,1.037,0.0011,"aoml_navis",1028.67384062939
"7901009",112,0,1,0.028035,1,0.005607,1,114.540311842996,1,4.86057956851712,394,1,11.9689998626709,35.4230003356934,0.0280349999666214,0.0131890568882227,110.449897766113,-86.6681,27.2147,9.93384625750302,63,63,63,63,61,63,0,7818,1.13366707078925,27,-87,0.001869,51,2026-06-01 18:04:35.001937,394,1.037,0.0011,"aoml_navis",1028.68391094468
"7901009",112,0,1,0.020559,1,-0.001869,1,112.393240123019,1,4.86053259193156,396,1,11.9910001754761,35.4300003051758,0.020558999851346,0.00659452844411135,108.379501342773,-86.6681,27.2147,9.93384625750302,63,63,63,63,61,63,0,7818,1.13366707078925,27,-87,0.001869,51,2026-06-01 18:04:35.001937,396,1.037,0.0011,"aoml_navis",1028.69385307692
"7901009",112,0,1,0.024297,1,0.001869,1,110.646045883685,1,4.86047594251529,398,1,12.0260000228882,35.443000793457,0.0242970008403063,0.00989179313182831,106.694702148438,-86.6681,27.2147,9.93384625750302,63,63,63,63,61,63,0,7818,1.13366707078925,27,-87,0.001869,51,2026-06-01 18:04:35.001937,398,1.037,0.0011,"aoml_navis",1028.70584262423
"7901009",112,0,1,0.026166,1,0.003738,1,109.666254673176,1,4.86042716551877,400,1,12.0459995269775,35.4500007629395,0.0261659994721413,0.0115404240787029,105.749900817871,-86.6681,27.2147,9.93384625750302,63,63,63,63,61,63,0,7818,1.13366707078925,27,-87,0.001869,51,2026-06-01 18:04:35.001937,400,1.037,0.0011,"aoml_navis",1028.71616623975
"7901009",112,0,1,0.024297,1,0.001869,1,109.543263528629,1,4.86035975025793,402,1,11.9879999160767,35.4420013427734,0.0242970008403063,0.00989179313182831,105.631301879883,-86.6681,27.2147,9.93384625750302,63,63,63,63,61,63,0,7818,1.13366707078925,27,-87,0.001869,51,2026-06-01 18:04:35.001937,402,1.037,0.0011,"aoml_navis",1028.73043497133
"7901009",112,0,1,0.026166,1,0.003738,1,109.417780122226,1,4.86029896394105,404,1,11.9329996109009,35.4329986572266,0.0261659994721413,0.0115404240787029,105.510299682617,-86.6681,27.2147,9.93384625750302,63,63,63,63,61,63,0,7818,1.13366707078925,27,-87,0.001869,51,2026-06-01 18:04:35.001937,404,1.037,0.0011,"aoml_navis",1028.74330099761
"7901009",112,0,1,0.022428,1,0,1,109.608908914689,1,4.86022535969628,406,1,11.8719997406006,35.4259986877441,0.0224280003458261,0.00824316125363111,105.694602966309,-86.6681,27.2147,9.93384625750302,63,63,63,63,61,63,0,7818,1.13366707078925,27,-87,0.001869,51,2026-06-01 18:04:35.001937,406,1.037,0.0011,"aoml_navis",1028.75888049612
"7901009",112,0,1,0.028035,1,0.005607,1,109.745168386635,1,4.86017455706276,408,1,11.8470001220703,35.4220008850098,0.0280349999666214,0.0131890568882227,105.825996398926,-86.6681,27.2147,9.93384625750302,63,63,63,63,61,63,0,7818,1.13366707078925,27,-87,0.001869,51,2026-06-01 18:04:35.001937,408,1.037,0.0011,"aoml_navis",1028.76963394947
"7901009",112,0,1,0.028035,1,0.005607,1,109.908193959707,1,4.86012542808299,410,1,11.8120002746582,35.4150009155273,0.0280349999666214,0.0131890568882227,105.983200073242,-86.6681,27.2147,9.93384625750302,63,63,63,63,61,63,0,7818,1.13366707078925,27,-87,0.001869,51,2026-06-01 18:04:35.001937,410,1.037,0.0011,"aoml_navis",1028.78003335239
"7901009",112,0,1,0.024297,1,0.001869,1,109.886728859987,1,4.86004618885911,412,1,11.7209997177124,35.4020004272461,0.0242970008403063,0.00989179313182831,105.962501525879,-86.6681,27.2147,9.93384625750302,63,63,63,63,61,63,0,7818,1.13366707078925,27,-87,0.001869,51,2026-06-01 18:04:35.001937,412,1.037,0.0011,"aoml_navis",1028.79680680026
"7901009",112,0,1,0.026166,1,0.003738,1,109.550415924555,1,4.85998879193174,414,1,11.668999671936,35.3930015563965,0.0261659994721413,0.0115404240787029,105.638198852539,-86.6681,27.2147,9.93384625750302,63,63,63,63,61,63,0,7818,1.13366707078925,27,-87,0.001869,51,2026-06-01 18:04:35.001937,414,1.037,0.0011,"aoml_navis",1028.80895698786
"7901009",112,0,1,0.028035,1,0.005607,1,109.187661277635,1,4.85991307114516,416,1,11.6009998321533,35.3849983215332,0.0280349999666214,0.0131890568882227,105.288398742676,-86.6681,27.2147,9.93384625750302,63,63,63,63,61,63,0,7818,1.13366707078925,27,-87,0.001869,51,2026-06-01 18:04:35.001937,416,1.037,0.0011,"aoml_navis",1028.82498653866
"7901009",112,0,1,0.029904,1,0.007476,1,108.793899728465,1,4.85986435104061,418,1,11.5740003585815,35.3800010681152,0.0299040004611015,0.0148376896977425,104.908699035645,-86.6681,27.2147,9.93384625750302,63,63,63,63,61,63,0,7818,1.13366707078925,27,-87,0.001869,51,2026-06-01 18:04:35.001937,418,1.037,0.0011,"aoml_navis",1028.83530050162
"7901009",112,0,1,0.029904,1,0.007476,1,108.400763222745,1,4.85981114853994,420,1,11.5539999008179,35.3779983520508,0.0299040004611015,0.0148376896977425,104.529602050781,-86.6681,27.2147,9.93384625750302,63,63,63,63,61,63,0,7818,1.13366707078925,27,-87,0.001869,51,2026-06-01 18:04:35.001937,420,1.037,0.0011,"aoml_navis",1028.8465636164
"7901009",112,0,1,0.028035,1,0.005607,1,108.806653779608,1,4.85974771437901,422,1,11.5030002593994,35.3709983825684,0.0280349999666214,0.0131890568882227,104.920997619629,-86.6681,27.2147,9.93384625750302,63,63,63,63,61,63,0,7818,1.13366707078925,27,-87,0.001869,51,2026-06-01 18:04:35.001937,422,1.037,0.0011,"aoml_navis",1028.85999312392
"7901009",112,0,1,0.029904,1,0.007476,1,109.453146504737,1,4.85967610416336,424,1,11.4309997558594,35.3610000610352,0.0299040004611015,0.0148376896977425,105.544403076172,-86.6681,27.2147,9.93384625750302,63,63,63,63,61,63,0,7818,1.13366707078925,27,-87,0.001869,51,2026-06-01 18:04:35.001937,424,1.037,0.0011,"aoml_navis",1028.87515398741
"7901009",112,0,1,0.024297,1,0.001869,1,110.016041646509,1,4.85961357958854,426.100006103516,1,11.375,35.3520011901855,0.0242970008403063,0.00989179313182831,106.087196350098,-86.6681,27.2147,9.93384625750302,63,63,63,63,61,63,0,7818,1.13366707078925,27,-87,0.001869,51,2026-06-01 18:04:35.001937,426.100006103516,1.037,0.0011,"aoml_navis",1028.88839166166
"7901009",112,0,1,0.026166,1,0.003738,1,109.967509791851,1,4.85955628736944,428,1,11.3280000686646,35.3450012207031,0.0261659994721413,0.0115404240787029,106.040397644043,-86.6681,27.2147,9.93384625750302,63,63,63,63,61,63,0,7818,1.13366707078925,27,-87,0.001869,51,2026-06-01 18:04:35.001937,428,1.037,0.0011,"aoml_navis",1028.90052184303
"7901009",112,0,1,0.029904,1,0.007476,1,109.893264124406,1,4.85949973300764,430,1,11.2799997329712,35.3370018005371,0.0299040004611015,0.0148376896977425,105.968803405762,-86.6681,27.2147,9.93384625750302,63,63,63,63,61,63,0,7818,1.13366707078925,27,-87,0.001869,51,2026-06-01 18:04:35.001937,430,1.037,0.0011,"aoml_navis",1028.91249608227
"7901009",112,0,1,0.028035,1,0.005607,1,109.822950692332,1,4.85944503730843,432,1,11.2419996261597,35.3310012817383,0.0280349999666214,0.0131890568882227,105.901000976562,-86.6681,27.2147,9.93384625750302,63,63,63,63,61,63,0,7818,1.13366707078925,27,-87,0.001869,51,2026-06-01 18:04:35.001937,432,1.037,0.0011,"aoml_navis",1028.92407705252
"7901009",112,0,1,0.029904,1,0.007476,1,109.826265796196,1,4.8593778336948,434,1,11.1780004501343,35.3219985961914,0.0299040004611015,0.0148376896977425,105.904197692871,-86.6681,27.2147,9.93384625750302,63,63,63,63,61,63,0,7818,1.13366707078925,27,-87,0.001869,51,2026-06-01 18:04:35.001937,434,1.037,0.0011,"aoml_navis",1028.93830673757
"7901009",112,0,1,0.028035,1,0.005607,1,109.739780353864,1,4.85932328516476,436,1,11.1400003433228,35.3160018920898,0.0280349999666214,0.0131890568882227,105.82080078125,-86.6681,27.2147,9.93384625750302,63,63,63,63,61,63,0,7818,1.13366707078925,27,-87,0.001869,51,2026-06-01 18:04:35.001937,436,1.037,0.0011,"aoml_navis",1028.94985712614
"7901009",112,0,1,0.028035,1,0.005607,1,109.853332551133,1,4.85926357208638,438,1,11.0839996337891,35.306999206543,0.0280349999666214,0.0131890568882227,105.930297851562,-86.6681,27.2147,9.93384625750302,63,63,63,63,61,63,0,7818,1.13366707078925,27,-87,0.001869,51,2026-06-01 18:04:35.001937,438,1.037,0.0011,"aoml_navis",1028.96250138026
"7901009",112,0,1,0.029904,1,0.007476,1,110.17969226303,1,4.85919595815383,440,1,11.0150003433228,35.2970008850098,0.0299040004611015,0.0148376896977425,106.245002746582,-86.6681,27.2147,9.93384625750302,63,63,63,63,61,63,0,7818,1.13366707078925,27,-87,0.001869,51,2026-06-01 18:04:35.001937,440,1.037,0.0011,"aoml_navis",1028.97681901671
"7901009",112,0,1,0.028035,1,0.005607,1,110.498369478861,1,4.85913035690751,442,1,10.9479999542236,35.2869987487793,0.0280349999666214,0.0131890568882227,106.552299499512,-86.6681,27.2147,9.93384625750302,63,63,63,63,61,63,0,7818,1.13366707078925,27,-87,0.001869,51,2026-06-01 18:04:35.001937,442,1.037,0.0011,"aoml_navis",1028.9907108362
"7901009",112,0,1,0.031773,1,0.009345,1,110.873981032174,1,4.85906484575694,444,1,10.8850002288818,35.2779998779297,0.0317730009555817,0.0164863225072622,106.914497375488,-86.6681,27.2147,9.93384625750302,63,63,63,63,61,63,0,7818,1.13366707078925,27,-87,0.001869,51,2026-06-01 18:04:35.001937,444,1.037,0.0011,"aoml_navis",1029.0045839512
"7901009",112,0,1,0.026166,1,0.003738,1,111.23569921464,1,4.85901464334594,446,1,10.83899974823,35.2690010070801,0.0261659994721413,0.0115404240787029,107.263298034668,-86.6681,27.2147,9.93384625750302,63,63,63,63,61,63,0,7818,1.13366707078925,27,-87,0.001869,51,2026-06-01 18:04:35.001937,446,1.037,0.0011,"aoml_navis",1029.01521542997
"7901009",112,0,1,0.026166,1,0.003738,1,111.567763437005,1,4.85895898047227,448,1,10.7950000762939,35.2620010375977,0.0261659994721413,0.0115404240787029,107.583503723145,-86.6681,27.2147,9.93384625750302,63,63,63,63,61,63,0,7818,1.13366707078925,27,-87,0.001869,51,2026-06-01 18:04:35.001937,448,1.037,0.0011,"aoml_navis",1029.02700354017
"7901009",112,0,1,0.026166,1,0.003738,1,111.741565075621,1,4.85889933634996,450,1,10.7340002059937,35.2519989013672,0.0261659994721413,0.0115404240787029,107.751098632812,-86.6681,27.2147,9.93384625750302,63,63,63,63,61,63,0,7818,1.13366707078925,27,-87,0.001869,51,2026-06-01 18:04:35.001937,450,1.037,0.0011,"aoml_navis",1029.03963508658
"7901009",112,0,1,0.026166,1,0.003738,1,111.815090756308,1,4.85883149474629,452,1,10.6759996414185,35.2449989318848,0.0261659994721413,0.0115404240787029,107.821998596191,-86.6681,27.2147,9.93384625750302,63,63,63,63,61,63,0,7818,1.13366707078925,27,-87,0.001869,51,2026-06-01 18:04:35.001937,452,1.037,0.0011,"aoml_navis",1029.05400308826
"7901009",112,0,1,0.026166,1,0.003738,1,111.777240023885,1,4.85878881384363,454,1,10.6630001068115,35.242000579834,0.0261659994721413,0.0115404240787029,107.785499572754,-86.6681,27.2147,9.93384625750302,63,63,63,63,61,63,0,7818,1.13366707078925,27,-87,0.001869,51,2026-06-01 18:04:35.001937,454,1.037,0.0011,"aoml_navis",1029.06304257432
"7901009",112,0,1,0.028035,1,0.005607,1,111.753076951807,1,4.8587370010698,456,1,10.6230001449585,35.2350006103516,0.0280349999666214,0.0131890568882227,107.762199401855,-86.6681,27.2147,9.93384625750302,63,63,63,63,61,63,0,7818,1.13366707078925,27,-87,0.001869,51,2026-06-01 18:04:35.001937,456,1.037,0.0011,"aoml_navis",1029.07401633369
"7901009",112,0,1,0.028035,1,0.005607,1,111.692202467011,1,4.85868144202737,458,1,10.5869998931885,35.2299995422363,0.0280349999666214,0.0131890568882227,107.703498840332,-86.6681,27.2147,9.93384625750302,63,63,63,63,61,63,0,7818,1.13366707078925,27,-87,0.001869,51,2026-06-01 18:04:35.001937,458,1.037,0.0011,"aoml_navis",1029.08578379933
"7901009",112,0,1,0.024297,1,0.001869,1,111.621889034937,1,4.85862361032432,460,1,10.539999961853,35.2229995727539,0.0242970008403063,0.00989179313182831,107.635696411133,-86.6681,27.2147,9.93384625750302,63,63,63,63,61,63,0,7818,1.13366707078925,27,-87,0.001869,51,2026-06-01 18:04:35.001937,460,1.037,0.0011,"aoml_navis",1029.09803290283
"7901009",112,0,1,0.024297,1,0.001869,1,111.472456178901,1,4.85856992664941,462,1,10.5059995651245,35.2179985046387,0.0242970008403063,0.00989179313182831,107.491600036621,-86.6681,27.2147,9.93384625750302,63,63,63,63,61,63,0,7818,1.13366707078925,27,-87,0.001869,51,2026-06-01 18:04:35.001937,462,1.037,0.0011,"aoml_navis",1029.10940368993
"7901009",112,0,1,0.026166,1,0.003738,1,111.368651494664,1,4.85851102821192,464,1,10.4659996032715,35.2130012512207,0.0261659994721413,0.0115404240787029,107.391502380371,-86.6681,27.2147,9.93384625750302,63,63,63,63,61,63,0,7818,1.13366707078925,27,-87,0.001869,51,2026-06-01 18:04:35.001937,464,1.037,0.0011,"aoml_navis",1029.12187930963
"7901009",112,0,1,0.026166,1,0.003738,1,111.304873327009,1,4.85845325898434,466,1,10.4230003356934,35.2070007324219,0.0261659994721413,0.0115404240787029,107.330001831055,-86.6681,27.2147,9.93384625750302,63,63,63,63,61,63,0,7818,1.13366707078925,27,-87,0.001869,51,2026-06-01 18:04:35.001937,466,1.037,0.0011,"aoml_navis",1029.13411603866
"7901009",112,0,1,0.028035,1,0.005607,1,111.334115866105,1,4.85839382505264,468,1,10.3780002593994,35.201000213623,0.0280349999666214,0.0131890568882227,107.358200073242,-86.6681,27.2147,9.93384625750302,63,63,63,63,61,63,0,7818,1.13366707078925,27,-87,0.001869,51,2026-06-01 18:04:35.001937,468,1.037,0.0011,"aoml_navis",1029.1467056905
"7901009",112,0,1,0.031773,1,0.009345,1,111.5026323272,1,4.85833795119931,470,1,10.3369998931885,35.1949996948242,0.0317730009555817,0.0164863225072622,107.520698547363,-86.6681,27.2147,9.93384625750302,63,63,63,63,61,63,0,7818,1.13366707078925,27,-87,0.001869,51,2026-06-01 18:04:35.001937,470,1.037,0.0011,"aoml_navis",1029.1585415061
"7901009",112,0,1,0.028035,1,0.005607,1,111.709933129921,1,4.85827954709037,472,1,10.2930002212524,35.1889991760254,0.0280349999666214,0.0131890568882227,107.720596313477,-86.6681,27.2147,9.93384625750302,63,63,63,63,61,63,0,7818,1.13366707078925,27,-87,0.001869,51,2026-06-01 18:04:35.001937,472,1.037,0.0011,"aoml_navis",1029.17091359934
"7901009",112,0,1,0.031773,1,0.009345,1,111.796007151248,1,4.85822164130283,474,1,10.2410001754761,35.1809997558594,0.0317730009555817,0.0164863225072622,107.803596496582,-86.6681,27.2147,9.93384625750302,63,63,63,63,61,63,0,7818,1.13366707078925,27,-87,0.001869,51,2026-06-01 18:04:35.001937,474,1.037,0.0011,"aoml_navis",1029.18318042384
"7901009",112,0,1,0.028035,1,0.005607,1,111.797771514403,1,4.85815651585951,476,1,10.1890001296997,35.1749992370605,0.0280349999666214,0.0131890568882227,107.805297851562,-86.6681,27.2147,9.93384625750302,63,63,63,63,61,63,0,7818,1.13366707078925,27,-87,0.001869,51,2026-06-01 18:04:35.001937,476,1.037,0.0011,"aoml_navis",1029.1969770174
"7901009",112,0,1,0.028035,1,0.005607,1,111.800366631509,1,4.85809173522554,478,1,10.1330003738403,35.1679992675781,0.0280349999666214,0.0131890568882227,107.807800292969,-86.6681,27.2147,9.93384625750302,63,63,63,63,61,63,0,7818,1.13366707078925,27,-87,0.001869,51,2026-06-01 18:04:35.001937,478,1.037,0.0011,"aoml_navis",1029.21070093129
"7901009",112,0,1,0.026166,1,0.003738,1,111.749136804494,1,4.85804034030926,480,1,10.1009998321533,35.1629981994629,0.0261659994721413,0.0115404240787029,107.758399963379,-86.6681,27.2147,9.93384625750302,63,63,63,63,61,63,0,7818,1.13366707078925,27,-87,0.001869,51,2026-06-01 18:04:35.001937,480,1.037,0.0011,"aoml_navis",1029.22158931305
"7901009",112,0,1,0.029904,1,0.007476,1,111.763133030592,1,4.85796917169686,482,1,10.0329999923706,35.1549987792969,0.0299040004611015,0.0148376896977425,107.771896362305,-86.6681,27.2147,9.93384625750302,63,63,63,63,61,63,0,7818,1.13366707078925,27,-87,0.001869,51,2026-06-01 18:04:35.001937,482,1.037,0.0011,"aoml_navis",1029.23666727459
"7901009",112,0,1,0.031773,1,0.009345,1,111.679970604067,1,4.85791362711076,484,1,9.99600028991699,35.1500015258789,0.0317730009555817,0.0164863225072622,107.691703796387,-86.6681,27.2147,9.93384625750302,63,63,63,63,61,63,0,7818,1.13366707078925,27,-87,0.001869,51,2026-06-01 18:04:35.001937,484,1.037,0.0011,"aoml_navis",1029.24843539751
"7901009",112,0,1,0.031773,1,0.009345,1,111.347597815948,1,4.8578673528482,486,1,9.98700046539307,35.148998260498,0.0317730009555817,0.0164863225072622,107.371200561523,-86.6681,27.2147,9.93384625750302,63,63,63,63,61,63,0,7818,1.13366707078925,27,-87,0.001869,51,2026-06-01 18:04:35.001937,486,1.037,0.0011,"aoml_navis",1029.25823964058
"7901009",112,0,1,0.029904,1,0.007476,1,110.859984806076,1,4.85781279632817,488,1,9.96399974822998,35.1469993591309,0.0299040004611015,0.0148376896977425,106.901000976562,-86.6681,27.2147,9.93384625750302,63,63,63,63,61,63,0,7818,1.13366707078925,27,-87,0.001869,51,2026-06-01 18:04:35.001937,488,1.037,0.0011,"aoml_navis",1029.26979890606
"7901009",112,0,1,0.031773,1,0.009345,1,110.222931028225,1,4.85775171430936,490,1,9.92899990081787,35.1440010070801,0.0317730009555817,0.0164863225072622,106.286697387695,-86.6681,27.2147,9.93384625750302,63,63,63,63,61,63,0,7818,1.13366707078925,27,-87,0.001869,51,2026-06-01 18:04:35.001937,490,1.037,0.0011,"aoml_navis",1029.28274108198
"7901009",112,0,1,0.028035,1,0.005607,1,109.234539536332,1,4.85770092548556,492,1,9.91899967193604,35.1440010070801,0.0280349999666214,0.0131890568882227,105.333602905273,-86.6681,27.2147,9.93384625750302,63,63,63,63,61,63,0,7818,1.13366707078925,27,-87,0.001869,51,2026-06-01 18:04:35.001937,492,1.037,0.0011,"aoml_navis",1029.29350256371
"7901009",112,0,1,0.028035,1,0.005607,1,107.866477664677,1,4.85764955936539,494,1,9.9040002822876,35.1430015563965,0.0280349999666214,0.0131890568882227,104.01439666748,-86.6681,27.2147,9.93384625750302,63,63,63,63,61,63,0,7818,1.13366707078925,27,-87,0.001869,51,2026-06-01 18:04:35.001937,494,1.037,0.0011,"aoml_navis",1029.30438659581
"7901009",112,0,1,0.028035,1,0.005607,1,106.606896435215,1,4.85758732679428,496,1,9.92800045013428,35.1539993286133,0.0280349999666214,0.0131890568882227,102.799797058105,-86.6681,27.2147,9.93384625750302,63,63,63,63,61,63,0,7818,1.13366707078925,27,-87,0.001869,51,2026-06-01 18:04:35.001937,496,1.037,0.0011,"aoml_navis",1029.31757344231
"7901009",112,0,1,0.026166,1,0.003738,1,106.27463441429,1,4.85753005357634,498,1,9.91899967193604,35.1559982299805,0.0261659994721413,0.0115404240787029,102.479400634766,-86.6681,27.2147,9.93384625750302,63,63,63,63,61,63,0,7818,1.13366707078925,27,-87,0.001869,51,2026-06-01 18:04:35.001937,498,1.037,0.0011,"aoml_navis",1029.3297097192
"7901009",112,0,1,0.028035,1,0.005607,1,106.123223572656,1,4.8574698693726,500,1,9.88500022888184,35.1529998779297,0.0280349999666214,0.0131890568882227,102.333396911621,-86.6681,27.2147,9.93384625750302,63,63,63,63,61,63,0,7818,1.13366707078925,27,-87,0.001869,51,2026-06-01 18:04:35.001937,500,1.037,0.0011,"aoml_navis",1029.34246314652
"7901009",112,0,1,0.028035,1,0.005607,1,105.978253052132,1,4.85741142764266,502,1,9.85299968719482,35.1500015258789,0.0280349999666214,0.0131890568882227,102.193603515625,-86.6681,27.2147,9.93384625750302,63,63,63,63,61,63,0,7818,1.13366707078925,27,-87,0.001869,51,2026-06-01 18:04:35.001937,502,1.037,0.0011,"aoml_navis",1029.35484763467
"7901009",112,0,1,0.026166,1,0.003738,1,105.968814104853,1,4.85735812501695,504,1,9.82699966430664,35.1469993591309,0.0261659994721413,0.0115404240787029,102.184501647949,-86.6681,27.2147,9.93384625750302,63,63,63,63,61,63,0,7818,1.13366707078925,27,-87,0.001869,51,2026-06-01 18:04:35.001937,504,1.037,0.0011,"aoml_navis",1029.3661433462
"7901009",112,0,1,0.026166,1,0.003738,1,105.956780040468,1,4.85729721939233,506,1,9.79199981689453,35.1440010070801,0.0261659994721413,0.0115404240787029,102.172897338867,-86.6681,27.2147,9.93384625750302,63,63,63,63,61,63,0,7818,1.13366707078925,27,-87,0.001869,51,2026-06-01 18:04:35.001937,506,1.037,0.0011,"aoml_navis",1029.37905056292
"7901009",112,0,1,0.029904,1,0.007476,1,105.913644130525,1,4.85725285394916,507.899993896484,1,9.77400016784668,35.140998840332,0.0299040004611015,0.0148376896977425,102.131301879883,-86.6681,27.2147,9.93384625750302,63,63,63,63,61,63,0,7818,1.13366707078925,27,-87,0.001869,51,2026-06-01 18:04:35.001937,507.899993896484,1.037,0.0011,"aoml_navis",1029.38845276189
"7901009",112,0,1,0.057939,1,0.035511,1,105.798841846357,1,4.85720143195902,510,1,9.75699996948242,35.1389999389648,0.0579390004277229,0.0395671725273132,102.020599365234,-86.6681,27.2147,9.93384625750302,63,63,63,63,61,63,0,7818,1.13366707078925,27,-87,0.001869,51,2026-06-01 18:04:35.001937,510,1.037,0.0011,"aoml_navis",1029.39935064282
"7901009",112,0,1,0.024297,1,0.001869,1,105.662780172971,1,4.85714454142492,512,1,9.73099994659424,35.1370010375977,0.0242970008403063,0.00989179313182831,101.88939666748,-86.6681,27.2147,9.93384625750302,63,63,63,63,61,63,0,7818,1.13366707078925,27,-87,0.001869,51,2026-06-01 18:04:35.001937,512,1.037,0.0011,"aoml_navis",1029.41140774311
"7901009",112,0,1,0.028035,1,0.005607,1,105.72604406437,1,4.85709220388867,514,1,9.70600032806396,35.1339988708496,0.0280349999666214,0.0131890568882227,101.950401306152,-86.6681,27.2147,9.93384625750302,63,63,63,63,61,63,0,7818,1.13366707078925,27,-87,0.001869,51,2026-06-01 18:04:35.001937,514,1.037,0.0011,"aoml_navis",1029.42250015285
"7901009",112,0,1,0.028035,1,0.005607,1,105.816263943513,1,4.85704630632279,516,1,9.69299983978271,35.1319999694824,0.0280349999666214,0.0131890568882227,102.037399291992,-86.6681,27.2147,9.93384625750302,63,63,63,63,61,63,0,7818,1.13366707078925,27,-87,0.001869,51,2026-06-01 18:04:35.001937,516,1.037,0.0011,"aoml_navis",1029.43222787296
"7901009",112,0,1,0.028035,1,0.005607,1,106.131831765983,1,4.85699515186315,518,1,9.66499996185303,35.1279983520508,0.0280349999666214,0.0131890568882227,102.341697692871,-86.6681,27.2147,9.93384625750302,63,63,63,63,61,63,0,7818,1.13366707078925,27,-87,0.001869,51,2026-06-01 18:04:35.001937,518,1.037,0.0011,"aoml_navis",1029.44306997753
"7901009",112,0,1,0.026166,1,0.003738,1,106.749074040073,1,4.85694245035993,520,1,9.62199974060059,35.1209983825684,0.0261659994721413,0.0115404240787029,102.936897277832,-86.6681,27.2147,9.93384625750302,63,63,63,63,61,63,0,7818,1.13366707078925,27,-87,0.001869,51,2026-06-01 18:04:35.001937,520,1.037,0.0011,"aoml_navis",1029.45424021433
"7901009",112,0,1,0.028035,1,0.005607,1,107.393383069101,1,4.85690173646071,522,1,9.60200023651123,35.1160011291504,0.0280349999666214,0.0131890568882227,103.558197021484,-86.6681,27.2147,9.93384625750302,63,63,63,63,61,63,0,7818,1.13366707078925,27,-87,0.001869,51,2026-06-01 18:04:35.001937,522,1.037,0.0011,"aoml_navis",1029.46286980959
"7901009",112,0,1,0.029904,1,0.007476,1,108.394536524079,1,4.85684078454517,524,1,9.52700042724609,35.1040000915527,0.0299040004611015,0.0148376896977425,104.523597717285,-86.6681,27.2147,9.93384625750302,63,63,63,63,61,63,0,7818,1.13366707078925,27,-87,0.001869,51,2026-06-01 18:04:35.001937,524,1.037,0.0011,"aoml_navis",1029.47578926416
"7901009",112,0,1,0.028035,1,0.005607,1,109.203216156386,1,4.85677663072532,526,1,9.43900012969971,35.0900001525879,0.0280349999666214,0.0131890568882227,105.303398132324,-86.6681,27.2147,9.93384625750302,63,63,63,63,61,63,0,7818,1.13366707078925,27,-87,0.001869,51,2026-06-01 18:04:35.001937,526,1.037,0.0011,"aoml_navis",1029.48938774919
"7901009",112,0,1,0.024297,1,0.001869,1,109.84648872096,1,4.85672352327443,528,1,9.39500045776367,35.0830001831055,0.0242970008403063,0.00989179313182831,105.923698425293,-86.6681,27.2147,9.93384625750302,63,63,63,63,61,63,0,7818,1.13366707078925,27,-87,0.001869,51,2026-06-01 18:04:35.001937,528,1.037,0.0011,"aoml_navis",1029.50064504165
"7901009",112,0,1,0.028035,1,0.005607,1,110.34343782286,1,4.856655026751,530,1,9.3100004196167,35.0709991455078,0.0280349999666214,0.0131890568882227,106.402900695801,-86.6681,27.2147,9.93384625750302,63,63,63,63,61,63,0,7818,1.13366707078925,27,-87,0.001869,51,2026-06-01 18:04:35.001937,530,1.037,0.0011,"aoml_navis",1029.51516475011
"7901009",112,0,1,0.031773,1,0.009345,1,110.443199504533,1,4.85660172765584,532,1,9.26099967956543,35.0629997253418,0.0317730009555817,0.0164863225072622,106.499099731445,-86.6681,27.2147,9.93384625750302,63,63,63,63,61,63,0,7818,1.13366707078925,27,-87,0.001869,51,2026-06-01 18:04:35.001937,532,1.037,0.0011,"aoml_navis",1029.52646323201
"7901009",112,0,1,0.028035,1,0.005607,1,110.536845254733,1,4.8565370567398,534,1,9.19799995422363,35.0550003051758,0.0280349999666214,0.0131890568882227,106.589401245117,-86.6681,27.2147,9.93384625750302,63,63,63,63,61,63,0,7818,1.13366707078925,27,-87,0.001869,51,2026-06-01 18:04:35.001937,534,1.037,0.0011,"aoml_navis",1029.54017267532
"7901009",112,0,1,0.028035,1,0.005607,1,110.741345229846,1,4.85647705688236,536,1,9.14500045776367,35.0480003356934,0.0280349999666214,0.0131890568882227,106.786598205566,-86.6681,27.2147,9.93384625750302,63,63,63,63,61,63,0,7818,1.13366707078925,27,-87,0.001869,51,2026-06-01 18:04:35.001937,536,1.037,0.0011,"aoml_navis",1029.55289223785
"7901009",112,0,1,0.026166,1,0.003738,1,111.035970140792,1,4.85640577845751,538,1,9.07800006866455,35.0410003662109,0.0261659994721413,0.0115404240787029,107.070701599121,-86.6681,27.2147,9.93384625750302,63,63,63,63,61,63,0,7818,1.13366707078925,27,-87,0.001869,51,2026-06-01 18:04:35.001937,538,1.037,0.0011,"aoml_navis",1029.56800318858
"7901009",112,0,1,0.028035,1,0.005607,1,111.152734586674,1,4.85634037757736,540,1,9.01799964904785,35.0340003967285,0.0280349999666214,0.0131890568882227,107.183296203613,-86.6681,27.2147,9.93384625750302,63,63,63,63,61,63,0,7818,1.13366707078925,27,-87,0.001869,51,2026-06-01 18:04:35.001937,540,1.037,0.0011,"aoml_navis",1029.58186849627
"7901009",112,0,1,0.029904,1,0.007476,1,111.11177446089,1,4.85629243826042,542,1,8.99300003051758,35.0299987792969,0.0299040004611015,0.0148376896977425,107.143798828125,-86.6681,27.2147,9.93384625750302,63,63,63,63,61,63,0,7818,1.13366707078925,27,-87,0.001869,51,2026-06-01 18:04:35.001937,542,1.037,0.0011,"aoml_navis",1029.59203210403
"7901009",112,0,1,0.028035,1,0.005607,1,111.144237160541,1,4.85622070122015,544,1,8.93400001525879,35.0250015258789,0.0280349999666214,0.0131890568882227,107.175102233887,-86.6681,27.2147,9.93384625750302,63,63,63,63,61,63,0,7818,1.13366707078925,27,-87,0.001869,51,2026-06-01 18:04:35.001937,544,1.037,0.0011,"aoml_navis",1029.60724143854
"7901009",112,0,1,0.033642,1,0.011214,1,111.198884946671,1,4.85616317286254,546,1,8.89700031280518,35.0209999084473,0.0336420014500618,0.0181349534541368,107.227798461914,-86.6681,27.2147,9.93384625750302,63,63,63,63,61,63,0,7818,1.13366707078925,27,-87,0.001869,51,2026-06-01 18:04:35.001937,546,1.037,0.0011,"aoml_navis",1029.61943864268
"7901009",112,0,1,0.026166,1,0.003738,1,111.327477746435,1,4.85610328855315,548,1,8.85700035095215,35.0169982910156,0.0261659994721413,0.0115404240787029,107.35179901123,-86.6681,27.2147,9.93384625750302,63,63,63,63,61,63,0,7818,1.13366707078925,27,-87,0.001869,51,2026-06-01 18:04:35.001937,548,1.037,0.0011,"aoml_navis",1029.63213566442
"7901009",112,0,1,0.033642,1,0.011214,1,111.602496864124,1,4.85603750896584,550,1,8.80500030517578,35.0120010375977,0.0336420014500618,0.0181349534541368,107.616996765137,-86.6681,27.2147,9.93384625750302,63,63,63,63,61,63,0,7818,1.13366707078925,27,-87,0.001869,51,2026-06-01 18:04:35.001937,550,1.037,0.0011,"aoml_navis",1029.6460829984
"7901009",112,0,1,0.028035,1,0.005607,1,111.853044343982,1,4.85598385662115,552,1,8.76799964904785,35.0069999694824,0.0280349999666214,0.0131890568882227,107.858596801758,-86.6681,27.2147,9.93384625750302,63,63,63,63,61,63,0,7818,1.13366707078925,27,-87,0.001869,51,2026-06-01 18:04:35.001937,552,1.037,0.0011,"aoml_navis",1029.65745925668
"7901009",112,0,1,0.028035,1,0.005607,1,112.182307738739,1,4.85591319541956,554,1,8.70499992370605,35.0009994506836,0.0280349999666214,0.0131890568882227,108.17610168457,-86.6681,27.2147,9.93384625750302,63,63,63,63,61,63,0,7818,1.13366707078925,27,-87,0.001869,51,2026-06-01 18:04:35.001937,554,1.037,0.0011,"aoml_navis",1029.67244239793
"7901009",112,0,1,0.028035,1,0.005607,1,112.36596765758,1,4.8558541338195,556,1,8.66100025177002,34.9959983825684,0.0280349999666214,0.0131890568882227,108.353202819824,-86.6681,27.2147,9.93384625750302,63,63,63,63,61,63,0,7818,1.13366707078925,27,-87,0.001869,51,2026-06-01 18:04:35.001937,556,1.037,0.0011,"aoml_navis",1029.68496627124
"7901009",112,0,1,0.033642,1,0.011214,1,112.379758173176,1,4.85580633860259,558,1,8.64500045776367,34.9939994812012,0.0336420014500618,0.0181349534541368,108.366500854492,-86.6681,27.2147,9.93384625750302,63,63,63,63,61,63,0,7818,1.13366707078925,27,-87,0.001869,51,2026-06-01 18:04:35.001937,558,1.037,0.0011,"aoml_navis",1029.69510135754
"7901009",112,0,1,0.028035,1,0.005607,1,112.318677977878,1,4.85575646251277,560,1,8.63099956512451,34.9930000305176,0.0280349999666214,0.0131890568882227,108.307601928711,-86.6681,27.2147,9.93384625750302,63,63,63,63,61,63,0,7818,1.13366707078925,27,-87,0.001869,51,2026-06-01 18:04:35.001937,560,1.037,0.0011,"aoml_navis",1029.7056779105
"7901009",112,0,1,0.028035,1,0.005607,1,112.381522536331,1,4.8557047176218,562,1,8.60999965667725,34.9910011291504,0.0280349999666214,0.0131890568882227,108.368202209473,-86.6681,27.2147,9.93384625750302,63,63,63,63,61,63,0,7818,1.13366707078925,27,-87,0.001869,51,2026-06-01 18:04:35.001937,562,1.037,0.0011,"aoml_navis",1029.71665098467
"7901009",112,0,1,0.028035,1,0.005607,1,112.477652636444,1,4.85564480073866,564,1,8.57400035858154,34.9879989624023,0.0280349999666214,0.0131890568882227,108.460899353027,-86.6681,27.2147,9.93384625750302,63,63,63,63,61,63,0,7818,1.13366707078925,27,-87,0.001869,51,2026-06-01 18:04:35.001937,564,1.037,0.0011,"aoml_navis",1029.72935731201
"7901009",112,0,1,0.028035,1,0.005607,1,112.5409086159,1,4.8555894241483,566,1,8.55300045013428,34.9869995117188,0.0280349999666214,0.0131890568882227,108.521896362305,-86.6681,27.2147,9.93384625750302,63,63,63,63,61,63,0,7818,1.13366707078925,27,-87,0.001869,51,2026-06-01 18:04:35.001937,566,1.037,0.0011,"aoml_navis",1029.74110107694
"7901009",112,0,1,0.031773,1,0.009345,1,112.637046627956,1,4.85554406289655,568,1,8.53999996185303,34.9850006103516,0.0317730009555817,0.0164863225072622,108.614601135254,-86.6681,27.2147,9.93384625750302,63,63,63,63,61,63,0,7818,1.13366707078925,27,-87,0.001869,51,2026-06-01 18:04:35.001937,568,1.037,0.0011,"aoml_navis",1029.75072107929
"7901009",112,0,1,0.028035,1,0.005607,1,112.773622577597,1,4.85549213526682,570,1,8.51399993896484,34.9819984436035,0.0280349999666214,0.0131890568882227,108.746299743652,-86.6681,27.2147,9.93384625750302,63,63,63,63,61,63,0,7818,1.13366707078925,27,-87,0.001869,51,2026-06-01 18:04:35.001937,570,1.037,0.0011,"aoml_navis",1029.76173386907
"7901009",112,0,1,0.031773,1,0.009345,1,112.941624762437,1,4.8554404837638,572,1,8.49300003051758,34.9799995422363,0.0317730009555817,0.0164863225072622,108.908302307129,-86.6681,27.2147,9.93384625750302,63,63,63,63,61,63,0,7818,1.13366707078925,27,-87,0.001869,51,2026-06-01 18:04:35.001937,572,1.037,0.0011,"aoml_navis",1029.7726883317
"7901009",112,0,1,0.029904,1,0.007476,1,113.10931046958,1,4.85538833170969,574,1,8.46199989318848,34.976001739502,0.0299040004611015,0.0148376896977425,109.069999694824,-86.6681,27.2147,9.93384625750302,63,63,63,63,61,63,0,7818,1.13366707078925,27,-87,0.001869,51,2026-06-01 18:04:35.001937,574,1.037,0.0011,"aoml_navis",1029.78374918972
"7901009",112,0,1,0.028035,1,0.005607,1,113.422599652639,1,4.85532131291706,576,1,8.41199970245361,34.9720001220703,0.0280349999666214,0.0131890568882227,109.372100830078,-86.6681,27.2147,9.93384625750302,63,63,63,63,61,63,0,7818,1.13366707078925,27,-87,0.001869,51,2026-06-01 18:04:35.001937,576,1.037,0.0011,"aoml_navis",1029.7979634629
"7901009",112,0,1,0.026166,1,0.003738,1,113.696273740121,1,4.85525651618566,578,1,8.35999965667725,34.9669990539551,0.0261659994721413,0.0115404240787029,109.636001586914,-86.6681,27.2147,9.93384625750302,63,63,63,63,61,63,0,7818,1.13366707078925,27,-87,0.001869,51,2026-06-01 18:04:35.001937,578,1.037,0.0011,"aoml_navis",1029.81170682369
"7901009",112,0,1,0.028035,1,0.005607,1,113.880550790469,1,4.85521046362382,580,1,8.3459997177124,34.9650001525879,0.0280349999666214,0.0131890568882227,109.813697814941,-86.6681,27.2147,9.93384625750302,63,63,63,63,61,63,0,7818,1.13366707078925,27,-87,0.001869,51,2026-06-01 18:04:35.001937,580,1.037,0.0011,"aoml_navis",1029.82147477663
"7901009",112,0,1,0.028035,1,0.005607,1,114.082463560418,1,4.85515929430407,582,1,8.31599998474121,34.9609985351562,0.0280349999666214,0.0131890568882227,110.008399963379,-86.6681,27.2147,9.93384625750302,63,63,63,63,61,63,0,7818,1.13366707078925,27,-87,0.001869,51,2026-06-01 18:04:35.001937,582,1.037,0.0011,"aoml_navis",1029.83232823398
"7901009",112,0,1,0.029904,1,0.007476,1,114.383410113339,1,4.85509257097186,584,1,8.26599979400635,34.9570007324219,0.0299040004611015,0.0148376896977425,110.298599243164,-86.6681,27.2147,9.93384625750302,63,63,63,63,61,63,0,7818,1.13366707078925,27,-87,0.001869,51,2026-06-01 18:04:35.001937,584,1.037,0.0011,"aoml_navis",1029.84648117618
"7901009",112,0,1,0.029904,1,0.007476,1,114.543634858803,1,4.85502752280269,586,1,8.2180004119873,34.9529991149902,0.0299040004611015,0.0148376896977425,110.453102111816,-86.6681,27.2147,9.93384625750302,63,63,63,63,61,63,0,7818,1.13366707078925,27,-87,0.001869,51,2026-06-01 18:04:35.001937,586,1.037,0.0011,"aoml_navis",1029.86027916761
"7901009",112,0,1,0.029904,1,0.007476,1,114.684048100507,1,4.85498174135112,588,1,8.20899963378906,34.9519996643066,0.0299040004611015,0.0148376896977425,110.588500976562,-86.6681,27.2147,9.93384625750302,63,63,63,63,61,63,0,7818,1.13366707078925,27,-87,0.001869,51,2026-06-01 18:04:35.001937,588,1.037,0.0011,"aoml_navis",1029.86999053235
"7901009",112,0,1,0.029904,1,0.007476,1,114.844787122226,1,4.85493634483886,590,1,8.19099998474121,34.9490013122559,0.0299040004611015,0.0148376896977425,110.743499755859,-86.6681,27.2147,9.93384625750302,63,63,63,63,61,63,0,7818,1.13366707078925,27,-87,0.001869,51,2026-06-01 18:04:35.001937,590,1.037,0.0011,"aoml_navis",1029.8796204229
"7901009",112,0,1,0.029904,1,0.007476,1,115.09357023893,1,4.85486448783743,592,1,8.13399982452393,34.9449996948242,0.0299040004611015,0.0148376896977425,110.9833984375,-86.6681,27.2147,9.93384625750302,63,63,63,63,61,63,0,7818,1.13366707078925,27,-87,0.001869,51,2026-06-01 18:04:35.001937,592,1.037,0.0011,"aoml_navis",1029.89486370344
"7901009",112,0,1,0.029904,1,0.007476,1,115.233469204378,1,4.85481314790621,594,1,8.11299991607666,34.943000793457,0.0299040004611015,0.0148376896977425,111.118301391602,-86.6681,27.2147,9.93384625750302,63,63,63,63,61,63,0,7818,1.13366707078925,27,-87,0.001869,51,2026-06-01 18:04:35.001937,594,1.037,0.0011,"aoml_navis",1029.90575490149
"7901009",112,0,1,0.028035,1,0.005607,1,115.38787867218,1,4.85476336628306,596,1,8.0939998626709,34.9410018920898,0.0280349999666214,0.0131890568882227,111.267196655273,-86.6681,27.2147,9.93384625750302,63,63,63,63,61,63,0,7818,1.13366707078925,27,-87,0.001869,51,2026-06-01 18:04:35.001937,596,1.037,0.0011,"aoml_navis",1029.9163157417
"7901009",112,0,1,0.031773,1,0.009345,1,115.621004054882,1,4.85470514350609,598,1,8.06400012969971,34.9389991760254,0.0317730009555817,0.0164863225072622,111.491996765137,-86.6681,27.2147,9.93384625750302,63,63,63,63,61,63,0,7818,1.13366707078925,27,-87,0.001869,51,2026-06-01 18:04:35.001937,598,1.037,0.0011,"aoml_navis",1029.92866759133
"7901009",112,0,1,0.029904,1,0.007476,1,115.858283207342,1,4.85465292801394,600,1,8.03699970245361,34.9360008239746,0.0299040004611015,0.0148376896977425,111.720802307129,-86.6681,27.2147,9.93384625750302,63,63,63,63,61,63,0,7818,1.13366707078925,27,-87,0.001869,51,2026-06-01 18:04:35.001937,600,1.037,0.0011,"aoml_navis",1029.93974525909
"7901009",112,0,1,0.031773,1,0.009345,1,116.065789720565,1,4.85459998868948,602,1,8.00899982452393,34.9329986572266,0.0317730009555817,0.0164863225072622,111.9208984375,-86.6681,27.2147,9.93384625750302,63,63,63,63,61,63,0,7818,1.13366707078925,27,-87,0.001869,51,2026-06-01 18:04:35.001937,602,1.037,0.0011,"aoml_navis",1029.95097673326
"7901009",112,0,1,0.028035,1,0.005607,1,116.236798443514,1,4.85453634667371,604,1,7.96700000762939,34.9300003051758,0.0280349999666214,0.0131890568882227,112.085800170898,-86.6681,27.2147,9.93384625750302,63,63,63,63,61,63,0,7818,1.13366707078925,27,-87,0.001869,51,2026-06-01 18:04:35.001937,604,1.037,0.0011,"aoml_navis",1029.96447918779
"7901009",112,0,1,0.026166,1,0.003738,1,116.406976412512,1,4.85447202966944,606,1,7.92399978637695,34.9269981384277,0.0261659994721413,0.0115404240787029,112.249900817871,-86.6681,27.2147,9.93384625750302,63,63,63,63,61,63,0,7818,1.13366707078925,27,-87,0.001869,51,2026-06-01 18:04:35.001937,606,1.037,0.0011,"aoml_navis",1029.97812520932
"7901009",112,0,1,0.029904,1,0.007476,1,116.508502457339,1,4.85441794202713,608,1,7.90399980545044,34.9259986877441,0.0299040004611015,0.0148376896977425,112.347801208496,-86.6681,27.2147,9.93384625750302,63,63,63,63,61,63,0,7818,1.13366707078925,27,-87,0.001869,51,2026-06-01 18:04:35.001937,608,1.037,0.0011,"aoml_navis",1029.98960116567
"7901009",112,0,1,0.031773,1,0.009345,1,116.61469654818,1,4.85436602727005,610,1,7.88199996948242,34.923999786377,0.0317730009555817,0.0164863225072622,112.450202941895,-86.6681,27.2147,9.93384625750302,63,63,63,63,61,63,0,7818,1.13366707078925,27,-87,0.001869,51,2026-06-01 18:04:35.001937,610,1.037,0.0011,"aoml_navis",1030.00061633421
"7901009",112,0,1,0.031773,1,0.009345,1,116.73198318226,1,4.8543089275993,612,1,7.85799980163574,34.9230003356934,0.0317730009555817,0.0164863225072622,112.563301086426,-86.6681,27.2147,9.93384625750302,63,63,63,63,61,63,0,7818,1.13366707078925,27,-87,0.001869,51,2026-06-01 18:04:35.001937,612,1.037,0.0011,"aoml_navis",1030.01273189936
"7901009",112,0,1,0.031773,1,0.009345,1,116.904234080166,1,4.85425792974584,614,1,7.84200000762939,34.9220008850098,0.0317730009555817,0.0164863225072622,112.729400634766,-86.6681,27.2147,9.93384625750302,63,63,63,63,61,63,0,7818,1.13366707078925,27,-87,0.001869,51,2026-06-01 18:04:35.001937,614,1.037,0.0011,"aoml_navis",1030.0235530051
"7901009",112,0,1,0.031773,1,0.009345,1,117.160897491496,1,4.85420076730407,616,1,7.81300020217896,34.9199981689453,0.0317730009555817,0.0164863225072622,112.976898193359,-86.6681,27.2147,9.93384625750302,63,63,63,63,61,63,0,7818,1.13366707078925,27,-87,0.001869,51,2026-06-01 18:04:35.001937,616,1.037,0.0011,"aoml_navis",1030.03568242953
"7901009",112,0,1,0.029904,1,0.007476,1,117.355657865519,1,4.85414741285368,618,1,7.78900003433228,34.9179992675781,0.0299040004611015,0.0148376896977425,113.164703369141,-86.6681,27.2147,9.93384625750302,63,63,63,63,61,63,0,7818,1.13366707078925,27,-87,0.001869,51,2026-06-01 18:04:35.001937,618,1.037,0.0011,"aoml_navis",1030.04700408564
"7901009",112,0,1,0.029904,1,0.007476,1,117.551652502556,1,4.85409408070324,620,1,7.7649998664856,34.9160003662109,0.0299040004611015,0.0148376896977425,113.353698730469,-86.6681,27.2147,9.93384625750302,63,63,63,63,61,63,0,7818,1.13366707078925,27,-87,0.001869,51,2026-06-01 18:04:35.001937,620,1.037,0.0011,"aoml_navis",1030.0583212585
"7901009",112,0,1,0.028035,1,0.005607,1,117.752212330355,1,4.85404681953479,622,1,7.74900007247925,34.9140014648438,0.0280349999666214,0.0131890568882227,113.547096252441,-86.6681,27.2147,9.93384625750302,63,63,63,63,61,63,0,7818,1.13366707078925,27,-87,0.001869,51,2026-06-01 18:04:35.001937,622,1.037,0.0011,"aoml_navis",1030.06835036651
"7901009",112,0,1,0.031773,1,0.009345,1,117.905696100897,1,4.85399958136308,624,1,7.73299980163574,34.9119987487793,0.0317730009555817,0.0164863225072622,113.695098876953,-86.6681,27.2147,9.93384625750302,63,63,63,63,61,63,0,7818,1.13366707078925,27,-87,0.001869,51,2026-06-01 18:04:35.001937,624,1.037,0.0011,"aoml_navis",1030.07837478962
"7901009",112,0,1,0.029904,1,0.007476,1,118.121921574641,1,4.85394714691449,626,1,7.71500015258789,34.9109992980957,0.0299040004611015,0.0148376896977425,113.903602600098,-86.6681,27.2147,9.93384625750302,63,63,63,63,61,63,0,7818,1.13366707078925,27,-87,0.001869,51,2026-06-01 18:04:35.001937,626,1.037,0.0011,"aoml_navis",1030.08950214432
"7901009",112,0,1,0.031773,1,0.009345,1,118.434791424753,1,4.85389472397785,628,1,7.69700002670288,34.9099998474121,0.0317730009555817,0.0164863225072622,114.205299377441,-86.6681,27.2147,9.93384625750302,63,63,63,63,61,63,0,7818,1.13366707078925,27,-87,0.001869,51,2026-06-01 18:04:35.001937,628,1.037,0.0011,"aoml_navis",1030.10062729634
"7901009",112,0,1,0.031773,1,0.009345,1,118.729622046202,1,4.85383311239428,630,1,7.65700006484985,34.9070014953613,0.0317730009555817,0.0164863225072622,114.489601135254,-86.6681,27.2147,9.93384625750302,63,63,63,63,61,63,0,7818,1.13366707078925,27,-87,0.001869,51,2026-06-01 18:04:35.001937,630,1.037,0.0011,"aoml_navis",1030.11370276256
"7901009",112,0,1,0.026166,1,0.003738,1,118.868998823452,1,4.85378751012188,632,1,7.64799976348877,34.9059982299805,0.0261659994721413,0.0115404240787029,114.624000549316,-86.6681,27.2147,9.93384625750302,63,63,63,63,61,63,0,7818,1.13366707078925,27,-87,0.001869,51,2026-06-01 18:04:35.001937,632,1.037,0.0011,"aoml_navis",1030.12338088003
"7901009",112,0,1,0.033642,1,0.011214,1,119.162690125196,1,4.85374031768091,634,1,7.63199996948242,34.9039993286133,0.0336420014500618,0.0181349534541368,114.907203674316,-86.6681,27.2147,9.93384625750302,63,63,63,63,61,63,0,7818,1.13366707078925,27,-87,0.001869,51,2026-06-01 18:04:35.001937,634,1.037,0.0011,"aoml_navis",1030.13339666861
"7901009",112,0,1,0.033642,1,0.011214,1,119.452955555882,1,4.85366831779806,636,1,7.57800006866455,34.9010009765625,0.0336420014500618,0.0181349534541368,115.187103271484,-86.6681,27.2147,9.93384625750302,63,63,63,63,61,63,0,7818,1.13366707078925,27,-87,0.001869,51,2026-06-01 18:04:35.001937,636,1.037,0.0011,"aoml_navis",1030.14867778776
"7901009",112,0,1,0.035511,1,0.013083,1,119.55157791785,1,4.85360547505593,638,1,7.54099988937378,34.898998260498,0.0355109982192516,0.0197835862636566,115.282203674316,-86.6681,27.2147,9.93384625750302,63,63,63,63,61,63,0,7818,1.13366707078925,27,-87,0.001869,51,2026-06-01 18:04:35.001937,638,1.037,0.0011,"aoml_navis",1030.1620157832
"7901009",112,0,1,0.029904,1,0.007476,1,119.495680044821,1,4.85355695686433,640,1,7.53299999237061,34.898998260498,0.0299040004611015,0.0148376896977425,115.228302001953,-86.6681,27.2147,9.93384625750302,63,63,63,63,61,63,0,7818,1.13366707078925,27,-87,0.001869,51,2026-06-01 18:04:35.001937,640,1.037,0.0011,"aoml_navis",1030.1723137149
"7901009",112,0,1,0.031773,1,0.009345,1,119.576460976685,1,4.85350022741698,642,1,7.51399993896484,34.898998260498,0.0317730009555817,0.0164863225072622,115.306198120117,-86.6681,27.2147,9.93384625750302,63,63,63,63,61,63,0,7818,1.13366707078925,27,-87,0.001869,51,2026-06-01 18:04:35.001937,642,1.037,0.0011,"aoml_navis",1030.18435473753
"7901009",112,0,1,0.028035,1,0.005607,1,119.718844292046,1,4.8534494782844,644,1,7.50299978256226,34.898998260498,0.0280349999666214,0.0131890568882227,115.443496704102,-86.6681,27.2147,9.93384625750302,63,63,63,63,61,63,0,7818,1.13366707078925,27,-87,0.001869,51,2026-06-01 18:04:35.001937,644,1.037,0.0011,"aoml_navis",1030.19512665606
"7901009",112,0,1,0.028035,1,0.005607,1,119.909245185809,1,4.85339868878168,646,1,7.48699998855591,34.8979988098145,0.0280349999666214,0.0131890568882227,115.627098083496,-86.6681,27.2147,9.93384625750302,63,63,63,63,61,63,0,7818,1.13366707078925,27,-87,0.001869,51,2026-06-01 18:04:35.001937,646,1.037,0.0011,"aoml_navis",1030.20590736903
"7901009",112,0,1,0.029904,1,0.007476,1,119.872747395535,1,4.85335159156399,648,1,7.47100019454956,34.8959999084473,0.0299040004611015,0.0148376896977425,115.591903686523,-86.6681,27.2147,9.93384625750302,63,63,63,63,61,63,0,7818,1.13366707078925,27,-87,0.001869,51,2026-06-01 18:04:35.001937,648,1.037,0.0011,"aoml_navis",1030.21590454953
"7901009",112,0,1,0.028035,1,0.005607,1,119.792686450429,1,4.8533090518192,650,1,7.47100019454956,34.8959999084473,0.0280349999666214,0.0131890568882227,115.514701843262,-86.6681,27.2147,9.93384625750302,63,63,63,63,61,63,0,7818,1.13366707078925,27,-87,0.001869,51,2026-06-01 18:04:35.001937,650,1.037,0.0011,"aoml_navis",1030.22493449615
"7901009",112,0,1,0.029904,1,0.007476,1,119.984123808645,1,4.85324719228914,652,1,7.44999980926514,34.8969993591309,0.0299040004611015,0.0148376896977425,115.69930267334,-86.6681,27.2147,9.93384625750302,63,63,63,63,61,63,0,7818,1.13366707078925,27,-87,0.001869,51,2026-06-01 18:04:35.001937,652,1.037,0.0011,"aoml_navis",1030.23806575194
"7901009",112,0,1,0.031773,1,0.009345,1,120.124117717402,1,4.85319788559925,654,1,7.43100023269653,34.8950004577637,0.0317730009555817,0.0164863225072622,115.834297180176,-86.6681,27.2147,9.93384625750302,63,63,63,63,61,63,0,7818,1.13366707078925,27,-87,0.001869,51,2026-06-01 18:04:35.001937,654,1.037,0.0011,"aoml_navis",1030.24853258845
"7901009",112,0,1,0.029904,1,0.007476,1,120.504508083923,1,4.85313602813068,656,1,7.40500020980835,34.8950004577637,0.0299040004611015,0.0148376896977425,116.201103210449,-86.6681,27.2147,9.93384625750302,63,63,63,63,61,63,0,7818,1.13366707078925,27,-87,0.001869,51,2026-06-01 18:04:35.001937,656,1.037,0.0011,"aoml_navis",1030.26166400819
"7901009",112,0,1,0.033642,1,0.011214,1,120.924505634078,1,4.85307488788424,658,1,7.36499977111816,34.8919982910156,0.0336420014500618,0.0181349534541368,116.606101989746,-86.6681,27.2147,9.93384625750302,63,63,63,63,61,63,0,7818,1.13366707078925,27,-87,0.001869,51,2026-06-01 18:04:35.001937,658,1.037,0.0011,"aoml_navis",1030.27464350129
"7901009",112,0,1,0.029904,1,0.007476,1,121.110341337078,1,4.85301974011456,660,1,7.34299993515015,34.890998840332,0.0299040004611015,0.0148376896977425,116.785301208496,-86.6681,27.2147,9.93384625750302,63,63,63,63,61,63,0,7818,1.13366707078925,27,-87,0.001869,51,2026-06-01 18:04:35.001937,660,1.037,0.0011,"aoml_navis",1030.28635112908
"7901009",112,0,1,0.028035,1,0.005607,1,121.300322897894,1,4.85297423260413,662,1,7.33900022506714,34.890998840332,0.0280349999666214,0.0131890568882227,116.96849822998,-86.6681,27.2147,9.93384625750302,63,63,63,63,61,63,0,7818,1.13366707078925,27,-87,0.001869,51,2026-06-01 18:04:35.001937,662,1.037,0.0011,"aoml_navis",1030.2960123728
"7901009",112,0,1,0.028035,1,0.005607,1,121.624712536135,1,4.85293091727727,664,1,7.32800006866455,34.8889999389648,0.0280349999666214,0.0131890568882227,117.281303405762,-86.6681,27.2147,9.93384625750302,63,63,63,63,61,63,0,7818,1.13366707078925,27,-87,0.001869,51,2026-06-01 18:04:35.001937,664,1.037,0.0011,"aoml_navis",1030.30520838431
"7901009",112,0,1,0.029904,1,0.007476,1,122.014533937992,1,4.85287652862389,666,1,7.30200004577637,34.8870010375977,0.0299040004611015,0.0148376896977425,117.657203674316,-86.6681,27.2147,9.93384625750302,63,63,63,63,61,63,0,7818,1.13366707078925,27,-87,0.001869,51,2026-06-01 18:04:35.001937,666,1.037,0.0011,"aoml_navis",1030.31675553835
"7901009",112,0,1,0.026166,1,0.003738,1,122.40901547392,1,4.85281186697417,668,1,7.26200008392334,34.8849983215332,0.0261659994721413,0.0115404240787029,118.03759765625,-86.6681,27.2147,9.93384625750302,63,63,63,63,61,63,0,7818,1.13366707078925,27,-87,0.001869,51,2026-06-01 18:04:35.001937,668,1.037,0.0011,"aoml_navis",1030.33048406997
"7901009",112,0,1,0.026166,1,0.003738,1,122.687460462666,1,4.85275680432575,670,1,7.23999977111816,34.8839988708496,0.0261659994721413,0.0115404240787029,118.306098937988,-86.6681,27.2147,9.93384625750302,63,63,63,63,61,63,0,7818,1.13366707078925,27,-87,0.001869,51,2026-06-01 18:04:35.001937,670,1.037,0.0011,"aoml_navis",1030.34217489387
"7901009",112,0,1,0.029904,1,0.007476,1,122.988098449834,1,4.85269588570409,672,1,7.21000003814697,34.882999420166,0.0299040004611015,0.0148376896977425,118.596000671387,-86.6681,27.2147,9.93384625750302,63,63,63,63,61,63,0,7818,1.13366707078925,27,-87,0.001869,51,2026-06-01 18:04:35.001937,672,1.037,0.0011,"aoml_navis",1030.35510935887
"7901009",112,0,1,0.026166,1,0.003738,1,123.201412328776,1,4.8526394201039,674,1,7.18100023269653,34.8810005187988,0.0261659994721413,0.0115404240787029,118.801696777344,-86.6681,27.2147,9.93384625750302,63,63,63,63,61,63,0,7818,1.13366707078925,27,-87,0.001869,51,2026-06-01 18:04:35.001937,674,1.037,0.0011,"aoml_navis",1030.36709863206
"7901009",112,0,1,0.026166,1,0.003738,1,123.319118295803,1,4.85258513466287,676,1,7.16499996185303,34.8810005187988,0.0261659994721413,0.0115404240787029,118.915199279785,-86.6681,27.2147,9.93384625750302,63,63,63,63,61,63,0,7818,1.13366707078925,27,-87,0.001869,51,2026-06-01 18:04:35.001937,676,1.037,0.0011,"aoml_navis",1030.37862525773
"7901009",112,0,1,0.033642,1,0.011214,1,123.49583152922,1,4.85253524975385,678,1,7.15500020980835,34.8810005187988,0.0336420014500618,0.0181349534541368,119.085601806641,-86.6681,27.2147,9.93384625750302,63,63,63,63,61,63,0,7818,1.13366707078925,27,-87,0.001869,51,2026-06-01 18:04:35.001937,678,1.037,0.0011,"aoml_navis",1030.38921772977
"7901009",112,0,1,0.029904,1,0.007476,1,123.796469516388,1,4.8524773522929,680,1,7.12900018692017,34.8800010681152,0.0299040004611015,0.0148376896977425,119.375503540039,-86.6681,27.2147,9.93384625750302,63,63,63,63,61,63,0,7818,1.13366707078925,27,-87,0.001869,51,2026-06-01 18:04:35.001937,680,1.037,0.0011,"aoml_navis",1030.40151184578
"7901009",112,0,1,0.031773,1,0.009345,1,124.079574639206,1,4.85241798613763,682,1,7.10599994659424,34.8800010681152,0.0317730009555817,0.0164863225072622,119.648498535156,-86.6681,27.2147,9.93384625750302,63,63,63,63,61,63,0,7818,1.13366707078925,27,-87,0.001869,51,2026-06-01 18:04:35.001937,682,1.037,0.0011,"aoml_navis",1030.41411813326
"7901009",112,0,1,0.033642,1,0.011214,1,124.315089428511,1,4.85236597008721,684,1,7.08799982070923,34.8790016174316,0.0336420014500618,0.0181349534541368,119.875602722168,-86.6681,27.2147,9.93384625750302,63,63,63,63,61,63,0,7818,1.13366707078925,27,-87,0.001869,51,2026-06-01 18:04:35.001937,684,1.037,0.0011,"aoml_navis",1030.42516389384
"7901009",112,0,1,0.031773,1,0.009345,1,124.508496860384,1,4.85231398032005,686,1,7.07000017166138,34.8779983520508,0.0317730009555817,0.0164863225072622,120.062103271484,-86.6681,27.2147,9.93384625750302,63,63,63,63,61,63,0,7818,1.13366707078925,27,-87,0.001869,51,2026-06-01 18:04:35.001937,686,1.037,0.0011,"aoml_navis",1030.43620430972
"7901009",112,0,1,0.028035,1,0.005607,1,124.644550621828,1,4.85226339925317,688,1,7.05900001525879,34.8779983520508,0.0280349999666214,0.0131890568882227,120.193298339844,-86.6681,27.2147,9.93384625750302,63,63,63,63,61,63,0,7818,1.13366707078925,27,-87,0.001869,51,2026-06-01 18:04:35.001937,688,1.037,0.0011,"aoml_navis",1030.44694580462
"7901009",112,0,1,0.026166,1,0.003738,1,124.748671783761,1,4.85221583509085,690.099975585938,1,7.05000019073486,34.8769989013672,0.0261659994721413,0.0115404240787029,120.293701171875,-86.6681,27.2147,9.93384625750302,63,63,63,63,61,63,0,7818,1.13366707078925,27,-87,0.001869,51,2026-06-01 18:04:35.001937,690.099975585938,1.037,0.0011,"aoml_navis",1030.45704682805
"7901009",112,0,1,0.033642,1,0.011214,1,124.842001056265,1,4.85216957261183,692,1,7.04199981689453,34.8769989013672,0.0336420014500618,0.0181349534541368,120.383697509766,-86.6681,27.2147,9.93384625750302,63,63,63,63,61,63,0,7818,1.13366707078925,27,-87,0.001869,51,2026-06-01 18:04:35.001937,692,1.037,0.0011,"aoml_navis",1030.46687160783
"7901009",112,0,1,0.031773,1,0.009345,1,124.894892391183,1,4.85212336810414,694,1,7.03700017929077,34.8769989013672,0.0317730009555817,0.0164863225072622,120.434700012207,-86.6681,27.2147,9.93384625750302,63,63,63,63,61,63,0,7818,1.13366707078925,27,-87,0.001869,51,2026-06-01 18:04:35.001937,694,1.037,0.0011,"aoml_navis",1030.47668426321
"7901009",112,0,1,0.031773,1,0.009345,1,125.013840533166,1,4.85208303212752,696,1,7.03499984741211,34.8759994506836,0.0317730009555817,0.0164863225072622,120.54940032959,-86.6681,27.2147,9.93384625750302,63,63,63,63,61,63,0,7818,1.13366707078925,27,-87,0.001869,51,2026-06-01 18:04:35.001937,696,1.037,0.0011,"aoml_navis",1030.48525074552
"7901009",112,0,1,0.026166,1,0.003738,1,125.214400360966,1,4.85201502404324,698,1,7,34.8759994506836,0.0261659994721413,0.0115404240787029,120.742797851562,-86.6681,27.2147,9.93384625750302,63,63,63,63,61,63,0,7818,1.13366707078925,27,-87,0.001869,51,2026-06-01 18:04:35.001937,698,1.037,0.0011,"aoml_navis",1030.49969450289
"7901009",112,0,1,0.029904,1,0.007476,1,125.257235617098,1,4.85196592260024,700,1,6.99100017547607,34.8759994506836,0.0299040004611015,0.0148376896977425,120.784103393555,-86.6681,27.2147,9.93384625750302,63,63,63,63,61,63,0,7818,1.13366707078925,27,-87,0.001869,51,2026-06-01 18:04:35.001937,700,1.037,0.0011,"aoml_navis",1030.51012306377
"7901009",112,0,1,0.033642,1,0.011214,1,125.394950886445,1,4.85192413722007,702,1,6.98699998855591,34.875,0.0336420014500618,0.0181349534541368,120.916900634766,-86.6681,27.2147,9.93384625750302,63,63,63,63,61,63,0,7818,1.13366707078925,27,-87,0.001869,51,2026-06-01 18:04:35.001937,702,1.037,0.0011,"aoml_navis",1030.5189979464
"7901009",112,0,1,0.031773,1,0.009345,1,125.629215588852,1,4.85186996261077,704,1,6.97100019454956,34.875,0.0317730009555817,0.0164863225072622,121.142799377441,-86.6681,27.2147,9.93384625750302,63,63,63,63,61,63,0,7818,1.13366707078925,27,-87,0.001869,51,2026-06-01 18:04:35.001937,704,1.037,0.0011,"aoml_navis",1030.5305044304
"7901009",112,0,1,0.029904,1,0.007476,1,125.934205144337,1,4.85181585838253,706,1,6.94999980926514,34.8740005493164,0.0299040004611015,0.0148376896977425,121.436897277832,-86.6681,27.2147,9.93384625750302,63,63,63,63,61,63,0,7818,1.13366707078925,27,-87,0.001869,51,2026-06-01 18:04:35.001937,706,1.037,0.0011,"aoml_navis",1030.54199622219
"7901009",112,0,1,0.033642,1,0.011214,1,126.285139349317,1,4.85175229962137,708,1,6.9210000038147,34.8740005493164,0.0336420014500618,0.0181349534541368,121.775299072266,-86.6681,27.2147,9.93384625750302,63,63,63,63,61,63,0,7818,1.13366707078925,27,-87,0.001869,51,2026-06-01 18:04:35.001937,708,1.037,0.0011,"aoml_navis",1030.55549649354
"7901009",112,0,1,0.029904,1,0.007476,1,126.691243528625,1,4.85169390260513,710,1,6.89400005340576,34.8730010986328,0.0299040004611015,0.0148376896977425,122.166900634766,-86.6681,27.2147,9.93384625750302,63,63,63,63,61,63,0,7818,1.13366707078925,27,-87,0.001869,51,2026-06-01 18:04:35.001937,710,1.037,0.0011,"aoml_navis",1030.56790069036
"7901009",112,0,1,0.031773,1,0.009345,1,127.076919072666,1,4.85164058151495,712,1,6.87400007247925,34.8720016479492,0.0317730009555817,0.0164863225072622,122.538803100586,-86.6681,27.2147,9.93384625750302,63,63,63,63,61,63,0,7818,1.13366707078925,27,-87,0.001869,51,2026-06-01 18:04:35.001937,712,1.037,0.0011,"aoml_navis",1030.579226963
"7901009",112,0,1,0.031773,1,0.009345,1,127.578425453387,1,4.85157926884076,714,1,6.84800004959106,34.8720016479492,0.0317730009555817,0.0164863225072622,123.022399902344,-86.6681,27.2147,9.93384625750302,63,63,63,63,61,63,0,7818,1.13366707078925,27,-87,0.001869,51,2026-06-01 18:04:35.001937,714,1.037,0.0011,"aoml_navis",1030.59225108667
"7901009",112,0,1,0.029904,1,0.007476,1,128.050895005513,1,4.8515253664898,716,1,6.82200002670288,34.8699989318848,0.0299040004611015,0.0148376896977425,123.477996826172,-86.6681,27.2147,9.93384625750302,63,63,63,63,61,63,0,7818,1.13366707078925,27,-87,0.001869,51,2026-06-01 18:04:35.001937,716,1.037,0.0011,"aoml_navis",1030.60370137107
"7901009",112,0,1,0.029904,1,0.007476,1,128.548049817916,1,4.85146841471507,718,1,6.80200004577637,34.8699989318848,0.0299040004611015,0.0148376896977425,123.957397460938,-86.6681,27.2147,9.93384625750302,63,63,63,63,61,63,0,7818,1.13366707078925,27,-87,0.001869,51,2026-06-01 18:04:35.001937,718,1.037,0.0011,"aoml_navis",1030.61579971013
"7901009",112,0,1,0.031773,1,0.009345,1,128.934967536913,1,4.85140010871607,720,1,6.76100015640259,34.8689994812012,0.0317730009555817,0.0164863225072622,124.330497741699,-86.6681,27.2147,9.93384625750302,63,63,63,63,61,63,0,7818,1.13366707078925,27,-87,0.001869,51,2026-06-01 18:04:35.001937,720,1.037,0.0011,"aoml_navis",1030.63031041636
"7901009",112,0,1,0.031773,1,0.009345,1,129.152743751366,1,4.85133819576993,722,1,6.73400020599365,34.8689994812012,0.0317730009555817,0.0164863225072622,124.540496826172,-86.6681,27.2147,9.93384625750302,63,63,63,63,61,63,0,7818,1.13366707078925,27,-87,0.001869,51,2026-06-01 18:04:35.001937,722,1.037,0.0011,"aoml_navis",1030.64346335609
"7901009",112,0,1,0.033642,1,0.011214,1,129.197651936407,1,4.85129131721911,724,1,6.72800016403198,34.8689994812012,0.0336420014500618,0.0181349534541368,124.583801269531,-86.6681,27.2147,9.93384625750302,63,63,63,63,61,63,0,7818,1.13366707078925,27,-87,0.001869,51,2026-06-01 18:04:35.001937,724,1.037,0.0011,"aoml_navis",1030.65342257495
"7901009",112,0,1,0.033642,1,0.011214,1,129.33660938071,1,4.85124658574219,726,1,6.72499990463257,34.8689994812012,0.0336420014500618,0.0181349534541368,124.717796325684,-86.6681,27.2147,9.93384625750302,63,63,63,63,61,63,0,7818,1.13366707078925,27,-87,0.001869,51,2026-06-01 18:04:35.001937,726,1.037,0.0011,"aoml_navis",1030.66292583333
"7901009",112,0,1,0.029904,1,0.007476,1,129.476508346158,1,4.85120185645468,728,1,6.72200012207031,34.8689994812012,0.0299040004611015,0.0148376896977425,124.852699279785,-86.6681,27.2147,9.93384625750302,63,63,63,63,61,63,0,7818,1.13366707078925,27,-87,0.001869,51,2026-06-01 18:04:35.001937,728,1.037,0.0011,"aoml_navis",1030.67242880181
"7901009",112,0,1,0.028035,1,0.005607,1,129.746756562582,1,4.85115938363051,730,1,6.71700000762939,34.8680000305176,0.0280349999666214,0.0131890568882227,125.113296508789,-86.6681,27.2147,9.93384625750302,63,63,63,63,61,63,0,7818,1.13366707078925,27,-87,0.001869,51,2026-06-01 18:04:35.001937,730,1.037,0.0011,"aoml_navis",1030.68145253519
"7901009",112,0,1,0.029904,1,0.007476,1,130.003427885854,1,4.85110322161895,732,1,6.69799995422363,34.8680000305176,0.0299040004611015,0.0148376896977425,125.360801696777,-86.6681,27.2147,9.93384625750302,63,63,63,63,61,63,0,7818,1.13366707078925,27,-87,0.001869,51,2026-06-01 18:04:35.001937,732,1.037,0.0011,"aoml_navis",1030.69338490212
"7901009",112,0,1,0.031773,1,0.009345,1,130.210625833324,1,4.85105064154519,734,1,6.68400001525879,34.8680000305176,0.0317730009555817,0.0164863225072622,125.560600280762,-86.6681,27.2147,9.93384625750302,63,63,63,63,61,63,0,7818,1.13366707078925,27,-87,0.001869,51,2026-06-01 18:04:35.001937,734,1.037,0.0011,"aoml_navis",1030.7045564891
"7901009",112,0,1,0.028035,1,0.005607,1,130.392212823257,1,4.85100817560106,736,1,6.67899990081787,34.867000579834,0.0280349999666214,0.0131890568882227,125.735702514648,-86.6681,27.2147,9.93384625750302,63,63,63,63,61,63,0,7818,1.13366707078925,27,-87,0.001869,51,2026-06-01 18:04:35.001937,736,1.037,0.0011,"aoml_navis",1030.71357932323
"7901009",112,0,1,0.029904,1,0.007476,1,130.730590775654,1,4.85095774512023,738,1,6.66800022125244,34.867000579834,0.0299040004611015,0.0148376896977425,126.061996459961,-86.6681,27.2147,9.93384625750302,63,63,63,63,61,63,0,7818,1.13366707078925,27,-87,0.001869,51,2026-06-01 18:04:35.001937,738,1.037,0.0011,"aoml_navis",1030.72429460547
"7901009",112,0,1,0.026166,1,0.003738,1,131.252945124589,1,4.85089734051385,740,1,6.64300012588501,34.867000579834,0.0261659994721413,0.0115404240787029,126.565696716309,-86.6681,27.2147,9.93384625750302,63,63,63,63,61,63,0,7818,1.13366707078925,27,-87,0.001869,51,2026-06-01 18:04:35.001937,740,1.037,0.0011,"aoml_navis",1030.73712944631
"7901009",112,0,1,0.028035,1,0.005607,1,131.691195525852,1,4.85083198184509,742,1,6.61100006103516,34.867000579834,0.0280349999666214,0.0131890568882227,126.988296508789,-86.6681,27.2147,9.93384625750302,63,63,63,63,61,63,0,7818,1.13366707078925,27,-87,0.001869,51,2026-06-01 18:04:35.001937,742,1.037,0.0011,"aoml_navis",1030.75101729213
"7901009",112,0,1,0.028035,1,0.005607,1,132.04129897688,1,4.85077660335573,744,1,6.59299993515015,34.867000579834,0.0280349999666214,0.0131890568882227,127.325897216797,-86.6681,27.2147,9.93384625750302,63,63,63,63,61,63,0,7818,1.13366707078925,27,-87,0.001869,51,2026-06-01 18:04:35.001937,744,1.037,0.0011,"aoml_navis",1030.76278477575
"7901009",112,0,1,0.028035,1,0.005607,1,132.361851323059,1,4.85072279385598,746,1,6.57200002670288,34.8660011291504,0.0280349999666214,0.0131890568882227,127.63500213623,-86.6681,27.2147,9.93384625750302,63,63,63,63,61,63,0,7818,1.13366707078925,27,-87,0.001869,51,2026-06-01 18:04:35.001937,746,1.037,0.0011,"aoml_navis",1030.77421911908
"7901009",112,0,1,0.033642,1,0.011214,1,132.595388126765,1,4.85066956759283,748,1,6.55700016021729,34.8660011291504,0.0336420014500618,0.0181349534541368,127.860198974609,-86.6681,27.2147,9.93384625750302,63,63,63,63,61,63,0,7818,1.13366707078925,27,-87,0.001869,51,2026-06-01 18:04:35.001937,748,1.037,0.0011,"aoml_navis",1030.7855297761
"7901009",112,0,1,0.033642,1,0.011214,1,132.873619493067,1,4.85061776593484,750,1,6.54400014877319,34.8660011291504,0.0336420014500618,0.0181349534541368,128.128494262695,-86.6681,27.2147,9.93384625750302,63,63,63,63,61,63,0,7818,1.13366707078925,27,-87,0.001869,51,2026-06-01 18:04:35.001937,750,1.037,0.0011,"aoml_navis",1030.79653794085
"7901009",112,0,1,0.028035,1,0.005607,1,133.155901773876,1,4.85056667817409,752,1,6.53200006484985,34.8660011291504,0.0280349999666214,0.0131890568882227,128.400695800781,-86.6681,27.2147,9.93384625750302,63,63,63,63,61,63,0,7818,1.13366707078925,27,-87,0.001869,51,2026-06-01 18:04:35.001937,752,1.037,0.0011,"aoml_navis",1030.80739462841
"7901009",112,0,1,0.029904,1,0.007476,1,133.521670870848,1,4.85051362204108,754,1,6.51200008392334,34.8650016784668,0.0299040004611015,0.0148376896977425,128.753402709961,-86.6681,27.2147,9.93384625750302,63,63,63,63,61,63,0,7818,1.13366707078925,27,-87,0.001869,51,2026-06-01 18:04:35.001937,754,1.037,0.0011,"aoml_navis",1030.8186698579
"7901009",112,0,1,0.031773,1,0.009345,1,133.782274429492,1,4.85044967786486,756,1,6.48699998855591,34.8660011291504,0.0317730009555817,0.0164863225072622,129.004699707031,-86.6681,27.2147,9.93384625750302,63,63,63,63,61,63,0,7818,1.13366707078925,27,-87,0.001869,51,2026-06-01 18:04:35.001937,756,1.037,0.0011,"aoml_navis",1030.83225928879
"7901009",112,0,1,0.028035,1,0.005607,1,133.996735540081,1,4.85039649705596,758,1,6.47200012207031,34.8660011291504,0.0280349999666214,0.0131890568882227,129.211502075195,-86.6681,27.2147,9.93384625750302,63,63,63,63,61,63,0,7818,1.13366707078925,27,-87,0.001869,51,2026-06-01 18:04:35.001937,758,1.037,0.0011,"aoml_navis",1030.84356155932
"7901009",112,0,1,0.031773,1,0.009345,1,134.189312218002,1,4.85034755508386,760,1,6.46299982070923,34.8660011291504,0.0317730009555817,0.0164863225072622,129.397201538086,-86.6681,27.2147,9.93384625750302,63,63,63,63,61,63,0,7818,1.13366707078925,27,-87,0.001869,51,2026-06-01 18:04:35.001937,760,1.037,0.0011,"aoml_navis",1030.85396318853
"7901009",112,0,1,0.031773,1,0.009345,1,134.326410355842,1,4.85029932162879,762,1,6.45499992370605,34.8660011291504,0.0317730009555817,0.0164863225072622,129.529403686523,-86.6681,27.2147,9.93384625750302,63,63,63,63,61,63,0,7818,1.13366707078925,27,-87,0.001869,51,2026-06-01 18:04:35.001937,762,1.037,0.0011,"aoml_navis",1030.86421444212
"7901009",112,0,1,0.031773,1,0.009345,1,134.456973229263,1,4.85025038597544,764,1,6.44600009918213,34.8660011291504,0.0317730009555817,0.0164863225072622,129.655303955078,-86.6681,27.2147,9.93384625750302,63,63,63,63,61,63,0,7818,1.13366707078925,27,-87,0.001869,51,2026-06-01 18:04:35.001937,764,1.037,0.0011,"aoml_navis",1030.87461514514
"7901009",112,0,1,0.029904,1,0.007476,1,134.577266401453,1,4.8502021580393,766,1,6.43800020217896,34.8660011291504,0.0299040004611015,0.0148376896977425,129.771301269531,-86.6681,27.2147,9.93384625750302,63,63,63,63,61,63,0,7818,1.13366707078925,27,-87,0.001869,51,2026-06-01 18:04:35.001937,766,1.037,0.0011,"aoml_navis",1030.88486563646
"7901009",112,0,1,0.026166,1,0.003738,1,134.774099704384,1,4.85016043636131,768,1,6.43400001525879,34.8650016784668,0.0261659994721413,0.0115404240787029,129.96110534668,-86.6681,27.2147,9.93384625750302,63,63,63,63,61,63,0,7818,1.13366707078925,27,-87,0.001869,51,2026-06-01 18:04:35.001937,768,1.037,0.0011,"aoml_navis",1030.89373343516
"7901009",112,0,1,0.026166,1,0.003738,1,135.027123622212,1,4.85010430147041,770,1,6.42000007629395,34.8660011291504,0.0261659994721413,0.0115404240787029,130.205093383789,-86.6681,27.2147,9.93384625750302,63,63,63,63,61,63,0,7818,1.13366707078925,27,-87,0.001869,51,2026-06-01 18:04:35.001937,770,1.037,0.0011,"aoml_navis",1030.90566495326
"7901009",112,0,1,0.029904,1,0.007476,1,135.26337422216,1,4.85005765559432,772,1,6.40899991989136,34.8650016784668,0.0299040004611015,0.0148376896977425,130.432907104492,-86.6681,27.2147,9.93384625750302,63,63,63,63,61,63,0,7818,1.13366707078925,27,-87,0.001869,51,2026-06-01 18:04:35.001937,772,1.037,0.0011,"aoml_navis",1030.91557978341
"7901009",112,0,1,0.029904,1,0.007476,1,135.520449054495,1,4.85000662514505,774,1,6.39699983596802,34.8650016784668,0.0299040004611015,0.0148376896977425,130.680801391602,-86.6681,27.2147,9.93384625750302,63,63,63,63,61,63,0,7818,1.13366707078925,27,-87,0.001869,51,2026-06-01 18:04:35.001937,774,1.037,0.0011,"aoml_navis",1030.92642679647
"7901009",112,0,1,0.028035,1,0.005607,1,135.761763297576,1,4.84994840016966,776,1,6.38000011444092,34.8660011291504,0.0280349999666214,0.0131890568882227,130.913497924805,-86.6681,27.2147,9.93384625750302,63,63,63,63,61,63,0,7818,1.13366707078925,27,-87,0.001869,51,2026-06-01 18:04:35.001937,776,1.037,0.0011,"aoml_navis",1030.93880335409
"7901009",112,0,1,0.026166,1,0.003738,1,136.00826777487,1,4.84989738194101,778,1,6.36800003051758,34.8660011291504,0.0261659994721413,0.0115404240787029,131.15119934082,-86.6681,27.2147,9.93384625750302,63,63,63,63,61,63,0,7818,1.13366707078925,27,-87,0.001869,51,2026-06-01 18:04:35.001937,778,1.037,0.0011,"aoml_navis",1030.94964825811
"7901009",112,0,1,0.029904,1,0.007476,1,136.272811480826,1,4.84984847503494,780,1,6.35900020599365,34.8660011291504,0.0299040004611015,0.0148376896977425,131.406295776367,-86.6681,27.2147,9.93384625750302,63,63,63,63,61,63,0,7818,1.13366707078925,27,-87,0.001869,51,2026-06-01 18:04:35.001937,780,1.037,0.0011,"aoml_navis",1030.96004457417
"7901009",112,0,1,0.028035,1,0.005607,1,136.534047994861,1,4.84979676416302,782,1,6.34600019454956,34.8660011291504,0.0280349999666214,0.0131890568882227,131.658203125,-86.6681,27.2147,9.93384625750302,63,63,63,63,61,63,0,7818,1.13366707078925,27,-87,0.001869,51,2026-06-01 18:04:35.001937,782,1.037,0.0011,"aoml_navis",1030.97103716735
"7901009",112,0,1,0.024297,1,0.001869,1,136.782720344371,1,4.8497464616014,784,1,6.33500003814697,34.8660011291504,0.0242970008403063,0.00989179313182831,131.897994995117,-86.6681,27.2147,9.93384625750302,63,63,63,63,61,63,0,7818,1.13366707078925,27,-87,0.001869,51,2026-06-01 18:04:35.001937,784,1.037,0.0011,"aoml_navis",1030.98173060968
"7901009",112,0,1,0.028035,1,0.005607,1,137.066458422581,1,4.84970036985462,786,1,6.32999992370605,34.8660011291504,0.0280349999666214,0.0131890568882227,132.171600341797,-86.6681,27.2147,9.93384625750302,63,63,63,63,61,63,0,7818,1.13366707078925,27,-87,0.001869,51,2026-06-01 18:04:35.001937,786,1.037,0.0011,"aoml_navis",1030.99152910139
"7901009",112,0,1,0.033642,1,0.011214,1,137.492991237156,1,4.84965375919133,788,1,6.31899976730347,34.8650016784668,0.0336420014500618,0.0181349534541368,132.582901000977,-86.6681,27.2147,9.93384625750302,63,63,63,63,61,63,0,7818,1.13366707078925,27,-87,0.001869,51,2026-06-01 18:04:35.001937,788,1.037,0.0011,"aoml_navis",1031.00143809725
"7901009",112,0,1,0.029904,1,0.007476,1,137.984433627148,1,4.84958648159166,790,1,6.28900003433228,34.8660011291504,0.0299040004611015,0.0148376896977425,133.056793212891,-86.6681,27.2147,9.93384625750302,63,63,63,63,61,63,0,7818,1.13366707078925,27,-87,0.001869,51,2026-06-01 18:04:35.001937,790,1.037,0.0011,"aoml_navis",1031.01574102849
"7901009",112,0,1,0.035511,1,0.013083,1,138.356421510844,1,4.84951734033426,792,1,6.25099992752075,34.8660011291504,0.0355109982192516,0.0197835862636566,133.415496826172,-86.6681,27.2147,9.93384625750302,63,63,63,63,61,63,0,7818,1.13366707078925,27,-87,0.001869,51,2026-06-01 18:04:35.001937,792,1.037,0.0011,"aoml_navis",1031.03044057893
"7901009",112,0,1,0.028035,1,0.005607,1,138.567876083323,1,4.84946079810387,794,1,6.23099994659424,34.8660011291504,0.0280349999666214,0.0131890568882227,133.619400024414,-86.6681,27.2147,9.93384625750302,63,63,63,63,61,63,0,7818,1.13366707078925,27,-87,0.001869,51,2026-06-01 18:04:35.001937,794,1.037,0.0011,"aoml_navis",1031.04246186607
"7901009",112,0,1,0.029904,1,0.007476,1,138.770200274276,1,4.84941193263727,796,1,6.22200012207031,34.8660011291504,0.0299040004611015,0.0148376896977425,133.814498901367,-86.6681,27.2147,9.93384625750302,63,63,63,63,61,63,0,7818,1.13366707078925,27,-87,0.001869,51,2026-06-01 18:04:35.001937,796,1.037,0.0011,"aoml_navis",1031.05285124352
"7901009",112,0,1,0.028035,1,0.005607,1,138.953757337866,1,4.84936516001142,798,1,6.21600008010864,34.8660011291504,0.0280349999666214,0.0131890568882227,133.991500854492,-86.6681,27.2147,9.93384625750302,63,63,63,63,61,63,0,7818,1.13366707078925,27,-87,0.001869,51,2026-06-01 18:04:35.001937,798,1.037,0.0011,"aoml_navis",1031.06279585434
"7901009",112,0,1,0.033642,1,0.011214,1,139.191859332335,1,4.84932047927516,800,1,6.21299982070923,34.8660011291504,0.0336420014500618,0.0181349534541368,134.221099853516,-86.6681,27.2147,9.93384625750302,63,63,63,63,61,63,0,7818,1.13366707078925,27,-87,0.001869,51,2026-06-01 18:04:35.001937,800,1.037,0.0011,"aoml_navis",1031.07229587502
"7901009",112,0,1,0.029904,1,0.007476,1,139.600447861555,1,4.8492667465926,802,1,6.19700002670288,34.8660011291504,0.0299040004611015,0.0148376896977425,134.615097045898,-86.6681,27.2147,9.93384625750302,63,63,63,63,61,63,0,7818,1.13366707078925,27,-87,0.001869,51,2026-06-01 18:04:35.001937,802,1.037,0.0011,"aoml_navis",1031.0837207529
"7901009",112,0,1,0.026166,1,0.003738,1,139.95770370851,1,4.84920864150523,804,1,6.17999982833862,34.867000579834,0.0261659994721413,0.0115404240787029,134.959594726562,-86.6681,27.2147,9.93384625750302,63,63,63,63,61,63,0,7818,1.13366707078925,27,-87,0.001869,51,2026-06-01 18:04:35.001937,804,1.037,0.0011,"aoml_navis",1031.09607559554
"7901009",112,0,1,0.031773,1,0.009345,1,140.312174551741,1,4.84916069810367,806,1,6.16699981689453,34.8660011291504,0.0317730009555817,0.0164863225072622,135.301406860352,-86.6681,27.2147,9.93384625750302,63,63,63,63,61,63,0,7818,1.13366707078925,27,-87,0.001869,51,2026-06-01 18:04:35.001937,806,1.037,0.0011,"aoml_navis",1031.10626998922
"7901009",112,0,1,0.031773,1,0.009345,1,140.552349475117,1,4.84910490829239,808,1,6.14799976348877,34.8660011291504,0.0317730009555817,0.0164863225072622,135.533004760742,-86.6681,27.2147,9.93384625750302,63,63,63,63,61,63,0,7818,1.13366707078925,27,-87,0.001869,51,2026-06-01 18:04:35.001937,808,1.037,0.0011,"aoml_navis",1031.11813304958
"7901009",112,0,1,0.031773,1,0.009345,1,140.740258107025,1,4.84905099599242,810,1,6.13700008392334,34.867000579834,0.0317730009555817,0.0164863225072622,135.714202880859,-86.6681,27.2147,9.93384625750302,63,63,63,63,61,63,0,7818,1.13366707078925,27,-87,0.001869,51,2026-06-01 18:04:35.001937,810,1.037,0.0011,"aoml_navis",1031.12959713815
"7901009",112,0,1,0.029904,1,0.007476,1,140.953263420213,1,4.84899938648749,812,1,6.12400007247925,34.867000579834,0.0299040004611015,0.0148376896977425,135.91960144043,-86.6681,27.2147,9.93384625750302,63,63,63,63,61,63,0,7818,1.13366707078925,27,-87,0.001869,51,2026-06-01 18:04:35.001937,812,1.037,0.0011,"aoml_navis",1031.14057179164
"7901009",112,0,1,0.031773,1,0.009345,1,141.180573525254,1,4.84895194201457,814,1,6.11700010299683,34.867000579834,0.0317730009555817,0.0164863225072622,136.138793945312,-86.6681,27.2147,9.93384625750302,63,63,63,63,61,63,0,7818,1.13366707078925,27,-87,0.001869,51,2026-06-01 18:04:35.001937,814,1.037,0.0011,"aoml_navis",1031.15066096586
"7901009",112,0,1,0.031773,1,0.009345,1,141.305534743458,1,4.84890588615893,816,1,6.11199998855591,34.867000579834,0.0317730009555817,0.0164863225072622,136.259292602539,-86.6681,27.2147,9.93384625750302,63,63,63,63,61,63,0,7818,1.13366707078925,27,-87,0.001869,51,2026-06-01 18:04:35.001937,816,1.037,0.0011,"aoml_navis",1031.16045503633
"7901009",112,0,1,0.028035,1,0.005607,1,141.533683514392,1,4.84885290264012,818,1,6.09700012207031,34.867000579834,0.0280349999666214,0.0131890568882227,136.479293823242,-86.6681,27.2147,9.93384625750302,63,63,63,63,61,63,0,7818,1.13366707078925,27,-87,0.001869,51,2026-06-01 18:04:35.001937,818,1.037,0.0011,"aoml_navis",1031.17172254856
"7901009",112,0,1,0.029904,1,0.007476,1,141.805917628358,1,4.84880685103579,820,1,6.09200000762939,34.867000579834,0.0299040004611015,0.0148376896977425,136.741806030273,-86.6681,27.2147,9.93384625750302,63,63,63,63,61,63,0,7818,1.13366707078925,27,-87,0.001869,51,2026-06-01 18:04:35.001937,820,1.037,0.0011,"aoml_navis",1031.18151611502
"7901009",112,0,1,0.031773,1,0.009345,1,142.008447529814,1,4.8487601087467,822,1,6.08599996566772,34.867000579834,0.0317730009555817,0.0164863225072622,136.937103271484,-86.6681,27.2147,9.93384625750302,63,63,63,63,61,63,0,7818,1.13366707078925,27,-87,0.001869,51,2026-06-01 18:04:35.001937,822,1.037,0.0011,"aoml_navis",1031.19145675623
"7901009",112,0,1,0.031773,1,0.009345,1,142.182352023681,1,4.84870068523441,824,1,6.06699991226196,34.8680000305176,0.0317730009555817,0.0164863225072622,137.104797363281,-86.6681,27.2147,9.93384625750302,63,63,63,63,61,63,0,7818,1.13366707078925,27,-87,0.001869,51,2026-06-01 18:04:35.001937,824,1.037,0.0011,"aoml_navis",1031.20409457864
"7901009",112,0,1,0.033642,1,0.011214,1,142.226738020523,1,4.84865464008203,826,1,6.06199979782104,34.8680000305176,0.0336420014500618,0.0181349534541368,137.147598266602,-86.6681,27.2147,9.93384625750302,63,63,63,63,61,63,0,7818,1.13366707078925,27,-87,0.001869,51,2026-06-01 18:04:35.001937,826,1.037,0.0011,"aoml_navis",1031.21388738782
"7901009",112,0,1,0.031773,1,0.009345,1,142.351493528225,1,4.84860998051609,828,1,6.05900001525879,34.8680000305176,0.0317730009555817,0.0164863225072622,137.26789855957,-86.6681,27.2147,9.93384625750302,63,63,63,63,61,63,0,7818,1.13366707078925,27,-87,0.001869,51,2026-06-01 18:04:35.001937,828,1.037,0.0011,"aoml_navis",1031.22338569039
"7901009",112,0,1,0.028035,1,0.005607,1,142.483923620051,1,4.84856393894735,830,1,6.05399990081787,34.8680000305176,0.0280349999666214,0.0131890568882227,137.395599365234,-86.6681,27.2147,9.93384625750302,63,63,63,63,61,63,0,7818,1.13366707078925,27,-87,0.001869,51,2026-06-01 18:04:35.001937,830,1.037,0.0011,"aoml_navis",1031.23317810377
"7901009",112,0,1,0.029904,1,0.007476,1,142.667686394143,1,4.84851789922486,832,1,6.04899978637695,34.8680000305176,0.0299040004611015,0.0148376896977425,137.572799682617,-86.6681,27.2147,9.93384625750302,63,63,63,63,61,63,0,7818,1.13366707078925,27,-87,0.001869,51,2026-06-01 18:04:35.001937,832,1.037,0.0011,"aoml_navis",1031.24297031045
"7901009",112,0,1,0.031773,1,0.009345,1,142.925694835681,1,4.84846840402207,834,1,6.03900003433228,34.8680000305176,0.0317730009555817,0.0164863225072622,137.821594238281,-86.6681,27.2147,9.93384625750302,63,63,63,63,61,63,0,7818,1.13366707078925,27,-87,0.001869,51,2026-06-01 18:04:35.001937,834,1.037,0.0011,"aoml_navis",1031.25349767201
"7901009",112,0,1,0.031773,1,0.009345,1,143.125534676722,1,4.84841753015873,836,1,6.02699995040894,34.8680000305176,0.0317730009555817,0.0164863225072622,138.014297485352,-86.6681,27.2147,9.93384625750302,63,63,63,63,61,63,0,7818,1.13366707078925,27,-87,0.001869,51,2026-06-01 18:04:35.001937,836,1.037,0.0011,"aoml_navis",1031.26431849121
"7901009",112,0,1,0.033642,1,0.011214,1,143.284928668234,1,4.8483673519101,838,1,6.01599979400635,34.8680000305176,0.0336420014500618,0.0181349534541368,138.167999267578,-86.6681,27.2147,9.93384625750302,63,63,63,63,61,63,0,7818,1.13366707078925,27,-87,0.001869,51,2026-06-01 18:04:35.001937,838,1.037,0.0011,"aoml_navis",1031.27499157632
"7901009",112,0,1,0.029904,1,0.007476,1,143.520134891786,1,4.84832063038094,840,1,6.01000022888184,34.8680000305176,0.0299040004611015,0.0148376896977425,138.394805908203,-86.6681,27.2147,9.93384625750302,63,63,63,63,61,63,0,7818,1.13366707078925,27,-87,0.001869,51,2026-06-01 18:04:35.001937,840,1.037,0.0011,"aoml_navis",1031.28492960399
"7901009",112,0,1,0.029904,1,0.007476,1,143.806357319908,1,4.84826332354192,842,1,5.99399995803833,34.8689994812012,0.0299040004611015,0.0148376896977425,138.670806884766,-86.6681,27.2147,9.93384625750302,63,63,63,63,61,63,0,7818,1.13366707078925,27,-87,0.001869,51,2026-06-01 18:04:35.001937,842,1.037,0.0011,"aoml_navis",1031.29711946983
"7901009",112,0,1,0.028035,1,0.005607,1,144.077642000786,1,4.84821453769202,844,1,5.9850001335144,34.8689994812012,0.0280349999666214,0.0131890568882227,138.932403564453,-86.6681,27.2147,9.93384625750302,63,63,63,63,61,63,0,7818,1.13366707078925,27,-87,0.001869,51,2026-06-01 18:04:35.001937,844,1.037,0.0011,"aoml_navis",1031.3074970441
"7901009",112,0,1,0.033642,1,0.011214,1,144.469014143352,1,4.84816437594051,846,1,5.97399997711182,34.8689994812012,0.0336420014500618,0.0181349534541368,139.309799194336,-86.6681,27.2147,9.93384625750302,63,63,63,63,61,63,0,7818,1.13366707078925,27,-87,0.001869,51,2026-06-01 18:04:35.001937,846,1.037,0.0011,"aoml_navis",1031.31816751367
"7901009",112,0,1,0.026166,1,0.003738,1,144.727956194092,1,4.84811559675359,848,1,5.96500015258789,34.8689994812012,0.0261659994721413,0.0115404240787029,139.559494018555,-86.6681,27.2147,9.93384625750302,63,63,63,63,61,63,0,7818,1.13366707078925,27,-87,0.001869,51,2026-06-01 18:04:35.001937,848,1.037,0.0011,"aoml_navis",1031.32854409415
"7901009",112,0,1,0.029904,1,0.007476,1,144.967213332151,1,4.84806613157208,850,1,5.95499992370605,34.8689994812012,0.0299040004611015,0.0148376896977425,139.79020690918,-86.6681,27.2147,9.93384625750302,63,63,63,63,61,63,0,7818,1.13366707078925,27,-87,0.001869,51,2026-06-01 18:04:35.001937,850,1.037,0.0011,"aoml_navis",1031.33906681645
"7901009",112,0,1,0.031773,1,0.009345,1,145.196802076602,1,4.84801367387201,852,1,5.94600009918213,34.8699989318848,0.0317730009555817,0.0164863225072622,140.011596679688,-86.6681,27.2147,9.93384625750302,63,63,63,63,61,63,0,7818,1.13366707078925,27,-87,0.001869,51,2026-06-01 18:04:35.001937,852,1.037,0.0011,"aoml_navis",1031.35022637149
"7901009",112,0,1,0.029904,1,0.007476,1,145.623651368872,1,4.84796790057018,854,1,5.93599987030029,34.8689994812012,0.0299040004611015,0.0148376896977425,140.423202514648,-86.6681,27.2147,9.93384625750302,63,63,63,63,61,63,0,7818,1.13366707078925,27,-87,0.001869,51,2026-06-01 18:04:35.001937,854,1.037,0.0011,"aoml_navis",1031.35996412269
"7901009",112,0,1,0.029904,1,0.007476,1,146.008282536517,1,4.84790513558288,856,1,5.91200017929077,34.8699989318848,0.0299040004611015,0.0148376896977425,140.794097900391,-86.6681,27.2147,9.93384625750302,63,63,63,63,61,63,0,7818,1.13366707078925,27,-87,0.001869,51,2026-06-01 18:04:35.001937,856,1.037,0.0011,"aoml_navis",1031.37331696133
"7901009",112,0,1,0.029904,1,0.007476,1,146.256543465022,1,4.84784513739876,858,1,5.89200019836426,34.8709983825684,0.0299040004611015,0.0148376896977425,141.033493041992,-86.6681,27.2147,9.93384625750302,63,63,63,63,61,63,0,7818,1.13366707078925,27,-87,0.001869,51,2026-06-01 18:04:35.001937,858,1.037,0.0011,"aoml_navis",1031.38608150402
"7901009",112,0,1,0.029904,1,0.007476,1,146.477951261035,1,4.84780050145363,860,1,5.88899993896484,34.8709983825684,0.0299040004611015,0.0148376896977425,141.246994018555,-86.6681,27.2147,9.93384625750302,63,63,63,63,61,63,0,7818,1.13366707078925,27,-87,0.001869,51,2026-06-01 18:04:35.001937,860,1.037,0.0011,"aoml_navis",1031.39557795349
"7901009",112,0,1,0.031773,1,0.009345,1,146.828054712064,1,4.84774900486475,862,1,5.87599992752075,34.8709983825684,0.0317730009555817,0.0164863225072622,141.584594726562,-86.6681,27.2147,9.93384625750302,63,63,63,63,61,63,0,7818,1.13366707078925,27,-87,0.001869,51,2026-06-01 18:04:35.001937,862,1.037,0.0011,"aoml_navis",1031.40653424558
"7901009",112,0,1,0.028035,1,0.005607,1,147.136066629545,1,4.84769408692526,864,1,5.85799980163574,34.8709983825684,0.0280349999666214,0.0131890568882227,141.881607055664,-86.6681,27.2147,9.93384625750302,63,63,63,63,61,63,0,7818,1.13366707078925,27,-87,0.001869,51,2026-06-01 18:04:35.001937,864,1.037,0.0011,"aoml_navis",1031.41821871259
"7901009",112,0,1,0.029904,1,0.007476,1,147.438556011233,1,4.84764465937551,866,1,5.84800004959106,34.8709983825684,0.0299040004611015,0.0148376896977425,142.173294067383,-86.6681,27.2147,9.93384625750302,63,63,63,63,61,63,0,7818,1.13366707078925,27,-87,0.001869,51,2026-06-01 18:04:35.001937,866,1.037,0.0011,"aoml_navis",1031.42873525802
"7901009",112,0,1,0.028035,1,0.005607,1,147.686627053121,1,4.84758742870138,868,1,5.83199977874756,34.8720016479492,0.0280349999666214,0.0131890568882227,142.412506103516,-86.6681,27.2147,9.93384625750302,63,63,63,63,61,63,0,7818,1.13366707078925,27,-87,0.001869,51,2026-06-01 18:04:35.001937,868,1.037,0.0011,"aoml_navis",1031.44091231779
"7901009",112,0,1,0.033642,1,0.011214,1,147.913731447659,1,4.84753595797642,870,1,5.81899976730347,34.8720016479492,0.0336420014500618,0.0181349534541368,142.631500244141,-86.6681,27.2147,9.93384625750302,63,63,63,63,61,63,0,7818,1.13366707078925,27,-87,0.001869,51,2026-06-01 18:04:35.001937,870,1.037,0.0011,"aoml_navis",1031.45186406977
"7901009",112,0,1,0.028035,1,0.005607,1,148.054358311808,1,4.84748654406111,872,1,5.80900001525879,34.8720016479492,0.0280349999666214,0.0131890568882227,142.767105102539,-86.6681,27.2147,9.93384625750302,63,63,63,63,61,63,0,7818,1.13366707078925,27,-87,0.001869,51,2026-06-01 18:04:35.001937,872,1.037,0.0011,"aoml_navis",1031.46237840015
"7901009",112,0,1,0.028035,1,0.005607,1,148.203894023094,1,4.84744260209743,874,1,5.80700016021729,34.8720016479492,0.0280349999666214,0.0131890568882227,142.91130065918,-86.6681,27.2147,9.93384625750302,63,63,63,63,61,63,0,7818,1.13366707078925,27,-87,0.001869,51,2026-06-01 18:04:35.001937,874,1.037,0.0011,"aoml_navis",1031.47172858459
"7901009",112,0,1,0.026166,1,0.003738,1,148.349283876565,1,4.84739224217644,876,1,5.80100011825562,34.8730010986328,0.0261659994721413,0.0115404240787029,143.051498413086,-86.6681,27.2147,9.93384625750302,63,63,63,63,61,63,0,7818,1.13366707078925,27,-87,0.001869,51,2026-06-01 18:04:35.001937,876,1.037,0.0011,"aoml_navis",1031.48244462161
"7901009",112,0,1,0.028035,1,0.005607,1,148.56488430686,1,4.84734215190064,878,1,5.78999996185303,34.8730010986328,0.0280349999666214,0.0131890568882227,143.259399414062,-86.6681,27.2147,9.93384625750302,63,63,63,63,61,63,0,7818,1.13366707078925,27,-87,0.001869,51,2026-06-01 18:04:35.001937,878,1.037,0.0011,"aoml_navis",1031.49310350199
"7901009",112,0,1,0.028035,1,0.005607,1,148.74989716785,1,4.84729821467574,880,1,5.78800010681152,34.8730010986328,0.0280349999666214,0.0131890568882227,143.437805175781,-86.6681,27.2147,9.93384625750302,63,63,63,63,61,63,0,7818,1.13366707078925,27,-87,0.001869,51,2026-06-01 18:04:35.001937,880,1.037,0.0011,"aoml_navis",1031.50245323507
"7901009",112,0,1,0.026166,1,0.003738,1,149.046595007705,1,4.84724744679579,882,1,5.77600002288818,34.8730010986328,0.0261659994721413,0.0115404240787029,143.723907470703,-86.6681,27.2147,9.93384625750302,63,63,63,63,61,63,0,7818,1.13366707078925,27,-87,0.001869,51,2026-06-01 18:04:35.001937,882,1.037,0.0011,"aoml_navis",1031.51325672577
"7901009",112,0,1,0.029904,1,0.007476,1,149.318386052896,1,4.84719804913225,884,1,5.76599979400635,34.8730010986328,0.0299040004611015,0.0148376896977425,143.985992431641,-86.6681,27.2147,9.93384625750302,63,63,63,63,61,63,0,7818,1.13366707078925,27,-87,0.001869,51,2026-06-01 18:04:35.001937,884,1.037,0.0011,"aoml_navis",1031.52376884933
"7901009",112,0,1,0.026166,1,0.003738,1,149.694108373403,1,4.84715138549136,886,1,5.76000022888184,34.8730010986328,0.0261659994721413,0.0115404240787029,144.348297119141,-86.6681,27.2147,9.93384625750302,63,63,63,63,61,63,0,7818,1.13366707078925,27,-87,0.001869,51,2026-06-01 18:04:35.001937,886,1.037,0.0011,"aoml_navis",1031.53369935302
"7901009",112,0,1,0.028035,1,0.005607,1,150.078027466232,1,4.84708944369582,888,1,5.73699998855591,34.8740005493164,0.0280349999666214,0.0131890568882227,144.718505859375,-86.6681,27.2147,9.93384625750302,63,63,63,63,61,63,0,7818,1.13366707078925,27,-87,0.001869,51,2026-06-01 18:04:35.001937,888,1.037,0.0011,"aoml_navis",1031.54688150083
"7901009",112,0,1,0.028035,1,0.005607,1,150.417750448837,1,4.84704074127937,890,1,5.72800016403198,34.8740005493164,0.0280349999666214,0.0131890568882227,145.046096801758,-86.6681,27.2147,9.93384625750302,63,63,63,63,61,63,0,7818,1.13366707078925,27,-87,0.001869,51,2026-06-01 18:04:35.001937,890,1.037,0.0011,"aoml_navis",1031.55724634579
"7901009",112,0,1,0.028035,1,0.005607,1,150.751681889607,1,4.8469893176398,892,1,5.71500015258789,34.8740005493164,0.0280349999666214,0.0131890568882227,145.368103027344,-86.6681,27.2147,9.93384625750302,63,63,63,63,61,63,0,7818,1.13366707078925,27,-87,0.001869,51,2026-06-01 18:04:35.001937,892,1.037,0.0011,"aoml_navis",1031.56819054734
"7901009",112,0,1,0.029904,1,0.007476,1,151.022760859983,1,4.84693421526143,894,1,5.7020001411438,34.875,0.0299040004611015,0.0148376896977425,145.629501342773,-86.6681,27.2147,9.93384625750302,63,63,63,63,61,63,0,7818,1.13366707078925,27,-87,0.001869,51,2026-06-01 18:04:35.001937,894,1.037,0.0011,"aoml_navis",1031.57991793175
"7901009",112,0,1,0.029904,1,0.007476,1,151.314268465626,1,4.84688280338477,896,1,5.68900012969971,34.875,0.0299040004611015,0.0148376896977425,145.910598754883,-86.6681,27.2147,9.93384625750302,63,63,63,63,61,63,0,7818,1.13366707078925,27,-87,0.001869,51,2026-06-01 18:04:35.001937,896,1.037,0.0011,"aoml_navis",1031.59086011081
"7901009",112,0,1,0.031773,1,0.009345,1,151.646126977489,1,4.84683411593923,898,1,5.67999982833862,34.875,0.0317730009555817,0.0164863225072622,146.230606079102,-86.6681,27.2147,9.93384625750302,63,63,63,63,61,63,0,7818,1.13366707078925,27,-87,0.001869,51,2026-06-01 18:04:35.001937,898,1.037,0.0011,"aoml_navis",1031.60122265317
"7901009",112,0,1,0.026166,1,0.003738,1,152.009079422968,1,4.84677902942681,900,1,5.66699981689453,34.8759994506836,0.0261659994721413,0.0115404240787029,146.580596923828,-86.6681,27.2147,9.93384625750302,63,63,63,63,61,63,0,7818,1.13366707078925,27,-87,0.001869,51,2026-06-01 18:04:35.001937,900,1.037,0.0011,"aoml_navis",1031.61294741166
"7901009",112,0,1,0.029904,1,0.007476,1,152.416322921981,1,4.84672967044337,902,1,5.65700006484985,34.8759994506836,0.0299040004611015,0.0148376896977425,146.973297119141,-86.6681,27.2147,9.93384625750302,63,63,63,63,61,63,0,7818,1.13366707078925,27,-87,0.001869,51,2026-06-01 18:04:35.001937,902,1.037,0.0011,"aoml_navis",1031.62345333417
"7901009",112,0,1,0.033642,1,0.011214,1,152.882051499186,1,4.84667285188306,904,1,5.63600015640259,34.8759994506836,0.0336420014500618,0.0181349534541368,147.422393798828,-86.6681,27.2147,9.93384625750302,63,63,63,63,61,63,0,7818,1.13366707078925,27,-87,0.001869,51,2026-06-01 18:04:35.001937,904,1.037,0.0011,"aoml_navis",1031.63554727185
"7901009",112,0,1,0.029904,1,0.007476,1,153.20965338604,1,4.84661439705118,906,1,5.61800003051758,34.8769989013672,0.0299040004611015,0.0148376896977425,147.738296508789,-86.6681,27.2147,9.93384625750302,63,63,63,63,61,63,0,7818,1.13366707078925,27,-87,0.001869,51,2026-06-01 18:04:35.001937,906,1.037,0.0011,"aoml_navis",1031.64798978894
"7901009",112,0,1,0.028035,1,0.005607,1,153.499293773277,1,4.84656911841364,908,1,5.61399984359741,34.8769989013672,0.0280349999666214,0.0131890568882227,148.017593383789,-86.6681,27.2147,9.93384625750302,63,63,63,63,61,63,0,7818,1.13366707078925,27,-87,0.001869,51,2026-06-01 18:04:35.001937,908,1.037,0.0011,"aoml_navis",1031.65762786781
"7901009",112,0,1,0.035511,1,0.013083,1,153.837165361361,1,4.84651057995047,910.099975585938,1,5.59899997711182,34.8779983520508,0.0355109982192516,0.0197835862636566,148.343399047852,-86.6681,27.2147,9.93384625750302,63,63,63,63,61,63,0,7818,1.13366707078925,27,-87,0.001869,51,2026-06-01 18:04:35.001937,910.099975585938,1.037,0.0011,"aoml_navis",1031.67008872002
"7901009",112,0,1,0.028035,1,0.005607,1,154.032337156388,1,4.84646404899596,912,1,5.59000015258789,34.8779983520508,0.0280349999666214,0.0131890568882227,148.531600952148,-86.6681,27.2147,9.93384625750302,63,63,63,63,61,63,0,7818,1.13366707078925,27,-87,0.001869,51,2026-06-01 18:04:35.001937,912,1.037,0.0011,"aoml_navis",1031.67999379586
"7901009",112,0,1,0.031773,1,0.009345,1,154.230721200028,1,4.84641674609106,914,1,5.58300018310547,34.8779983520508,0.0317730009555817,0.0164863225072622,148.722900390625,-86.6681,27.2147,9.93384625750302,63,63,63,63,61,63,0,7818,1.13366707078925,27,-87,0.001869,51,2026-06-01 18:04:35.001937,914,1.037,0.0011,"aoml_navis",1031.69006339226
"7901009",112,0,1,0.029904,1,0.007476,1,154.534982856814,1,4.84636876878172,916,1,5.57499980926514,34.8779983520508,0.0299040004611015,0.0148376896977425,149.016296386719,-86.6681,27.2147,9.93384625750302,63,63,63,63,61,63,0,7818,1.13366707078925,27,-87,0.001869,51,2026-06-01 18:04:35.001937,916,1.037,0.0011,"aoml_navis",1031.70027675317
"7901009",112,0,1,0.031773,1,0.009345,1,154.858850306856,1,4.84631876635202,918,1,5.56400012969971,34.8779983520508,0.0317730009555817,0.0164863225072622,149.328598022461,-86.6681,27.2147,9.93384625750302,63,63,63,63,61,63,0,7818,1.13366707078925,27,-87,0.001869,51,2026-06-01 18:04:35.001937,918,1.037,0.0011,"aoml_navis",1031.71092143484
"7901009",112,0,1,0.028035,1,0.005607,1,155.131179364131,1,4.84626574498703,920,1,5.55399990081787,34.8790016174316,0.0280349999666214,0.0131890568882227,149.591201782227,-86.6681,27.2147,9.93384625750302,63,63,63,63,61,63,0,7818,1.13366707078925,27,-87,0.001869,51,2026-06-01 18:04:35.001937,920,1.037,0.0011,"aoml_navis",1031.72220903734
"7901009",112,0,1,0.031773,1,0.009345,1,155.342633936609,1,4.84621710140621,922,1,5.54500007629395,34.8790016174316,0.0317730009555817,0.0164863225072622,149.795104980469,-86.6681,27.2147,9.93384625750302,63,63,63,63,61,63,0,7818,1.13366707078925,27,-87,0.001869,51,2026-06-01 18:04:35.001937,922,1.037,0.0011,"aoml_navis",1031.73256488018
"7901009",112,0,1,0.029904,1,0.007476,1,155.597224419032,1,4.84616643536065,924,1,5.53299999237061,34.8790016174316,0.0299040004611015,0.0148376896977425,150.040603637695,-86.6681,27.2147,9.93384625750302,63,63,63,63,61,63,0,7818,1.13366707078925,27,-87,0.001869,51,2026-06-01 18:04:35.001937,924,1.037,0.0011,"aoml_navis",1031.74335151118
"7901009",112,0,1,0.028035,1,0.005607,1,155.702279190167,1,4.84611613875139,926,1,5.52699995040894,34.8800010681152,0.0280349999666214,0.0131890568882227,150.141906738281,-86.6681,27.2147,9.93384625750302,63,63,63,63,61,63,0,7818,1.13366707078925,27,-87,0.001869,51,2026-06-01 18:04:35.001937,926,1.037,0.0011,"aoml_navis",1031.75405971353
"7901009",112,0,1,0.031773,1,0.009345,1,155.834282037104,1,4.84607020328761,928,1,5.52199983596802,34.8800010681152,0.0317730009555817,0.0164863225072622,150.269195556641,-86.6681,27.2147,9.93384625750302,63,63,63,63,61,63,0,7818,1.13366707078925,27,-87,0.001869,51,2026-06-01 18:04:35.001937,928,1.037,0.0011,"aoml_navis",1031.7638396175
"7901009",112,0,1,0.031773,1,0.009345,1,156.071355479061,1,4.84602930374458,930,1,5.51900005340576,34.8790016174316,0.0317730009555817,0.0164863225072622,150.497802734375,-86.6681,27.2147,9.93384625750302,63,63,63,63,61,63,0,7818,1.13366707078925,27,-87,0.001869,51,2026-06-01 18:04:35.001937,930,1.037,0.0011,"aoml_navis",1031.77254750326
"7901009",112,0,1,0.031773,1,0.009345,1,156.328018890391,1,4.84597496475228,932,1,5.50699996948242,34.8800010681152,0.0317730009555817,0.0164863225072622,150.745300292969,-86.6681,27.2147,9.93384625750302,63,63,63,63,61,63,0,7818,1.13366707078925,27,-87,0.001869,51,2026-06-01 18:04:35.001937,932,1.037,0.0011,"aoml_navis",1031.78411699772
"7901009",112,0,1,0.028035,1,0.005607,1,156.597230642362,1,4.84592364081022,934,1,5.49399995803833,34.8800010681152,0.0280349999666214,0.0131890568882227,151.004898071289,-86.6681,27.2147,9.93384625750302,63,63,63,63,61,63,0,7818,1.13366707078925,27,-87,0.001869,51,2026-06-01 18:04:35.001937,934,1.037,0.0011,"aoml_navis",1031.79504478614
"7901009",112,0,1,0.026166,1,0.003738,1,156.990786481029,1,4.84587065994515,936,1,5.48400020599365,34.8810005187988,0.0261659994721413,0.0115404240787029,151.384399414062,-86.6681,27.2147,9.93384625750302,63,63,63,63,61,63,0,7818,1.13366707078925,27,-87,0.001869,51,2026-06-01 18:04:35.001937,936,1.037,0.0011,"aoml_navis",1031.80632560601
"7901009",112,0,1,0.033642,1,0.011214,1,157.339434134657,1,4.84582338730102,938,1,5.47700023651123,34.8810005187988,0.0336420014500618,0.0181349534541368,151.720596313477,-86.6681,27.2147,9.93384625750302,63,63,63,63,61,63,0,7818,1.13366707078925,27,-87,0.001869,51,2026-06-01 18:04:35.001937,938,1.037,0.0011,"aoml_navis",1031.81639122528
"7901009",112,0,1,0.028035,1,0.005607,1,157.682590900261,1,4.84577611655794,940,1,5.46999979019165,34.8810005187988,0.0280349999666214,0.0131890568882227,152.051498413086,-86.6681,27.2147,9.93384625750302,63,63,63,63,61,63,0,7818,1.13366707078925,27,-87,0.001869,51,2026-06-01 18:04:35.001937,940,1.037,0.0011,"aoml_navis",1031.82645663614
"7901009",112,0,1,0.029904,1,0.007476,1,158.113997471352,1,4.84572009927161,942,1,5.44999980926514,34.8810005187988,0.0299040004611015,0.0148376896977425,152.467498779297,-86.6681,27.2147,9.93384625750302,63,63,63,63,61,63,0,7818,1.13366707078925,27,-87,0.001869,51,2026-06-01 18:04:35.001937,942,1.037,0.0011,"aoml_navis",1031.83838471223
"7901009",112,0,1,0.029904,1,0.007476,1,158.403843569091,1,4.84566108473271,944,1,5.43100023269653,34.8819999694824,0.0299040004611015,0.0148376896977425,152.746994018555,-86.6681,27.2147,9.93384625750302,63,63,63,63,61,63,0,7818,1.13366707078925,27,-87,0.001869,51,2026-06-01 18:04:35.001937,944,1.037,0.0011,"aoml_navis",1031.85095130849
"7901009",112,0,1,0.026166,1,0.003738,1,158.581909744658,1,4.84561315280777,946,1,5.4229998588562,34.8819999694824,0.0261659994721413,0.0115404240787029,152.918701171875,-86.6681,27.2147,9.93384625750302,63,63,63,63,61,63,0,7818,1.13366707078925,27,-87,0.001869,51,2026-06-01 18:04:35.001937,946,1.037,0.0011,"aoml_navis",1031.86115819064
"7901009",112,0,1,0.031773,1,0.009345,1,158.759453732027,1,4.84556153979849,948,1,5.41499996185303,34.882999420166,0.0317730009555817,0.0164863225072622,153.089904785156,-86.6681,27.2147,9.93384625750302,63,63,63,63,61,63,0,7818,1.13366707078925,27,-87,0.001869,51,2026-06-01 18:04:35.001937,948,1.037,0.0011,"aoml_navis",1031.87214916848
"7901009",112,0,1,0.029904,1,0.007476,1,158.857545993854,1,4.845514956071,950,1,5.40899991989136,34.882999420166,0.0299040004611015,0.0148376896977425,153.184494018555,-86.6681,27.2147,9.93384625750302,63,63,63,63,61,63,0,7818,1.13366707078925,27,-87,0.001869,51,2026-06-01 18:04:35.001937,950,1.037,0.0011,"aoml_navis",1031.88206936302
"7901009",112,0,1,0.029904,1,0.007476,1,158.917391926139,1,4.84547038872093,952,1,5.4060001373291,34.882999420166,0.0299040004611015,0.0148376896977425,153.242202758789,-86.6681,27.2147,9.93384625750302,63,63,63,63,61,63,0,7818,1.13366707078925,27,-87,0.001869,51,2026-06-01 18:04:35.001937,952,1.037,0.0011,"aoml_navis",1031.89156034031
"7901009",112,0,1,0.031773,1,0.009345,1,159.066927637425,1,4.84542447997703,954,1,5.40100002288818,34.882999420166,0.0317730009555817,0.0164863225072622,153.38639831543,-86.6681,27.2147,9.93384625750302,63,63,63,63,61,63,0,7818,1.13366707078925,27,-87,0.001869,51,2026-06-01 18:04:35.001937,954,1.037,0.0011,"aoml_navis",1031.90133716081
"7901009",112,0,1,0.026166,1,0.003738,1,159.100521744839,1,4.84538125910996,956,1,5.40000009536743,34.882999420166,0.0261659994721413,0.0115404240787029,153.418792724609,-86.6681,27.2147,9.93384625750302,63,63,63,63,61,63,0,7818,1.13366707078925,27,-87,0.001869,51,2026-06-01 18:04:35.001937,956,1.037,0.0011,"aoml_navis",1031.91054173484
"7901009",112,0,1,0.033642,1,0.011214,1,159.132153690539,1,4.84533938391379,958,1,5.40100002288818,34.882999420166,0.0336420014500618,0.0181349534541368,153.449295043945,-86.6681,27.2147,9.93384625750302,63,63,63,63,61,63,0,7818,1.13366707078925,27,-87,0.001869,51,2026-06-01 18:04:35.001937,958,1.037,0.0011,"aoml_navis",1031.91945988338
"7901009",112,0,1,0.028035,1,0.005607,1,159.369844264003,1,4.84529683970135,960,1,5.40100002288818,34.882999420166,0.0280349999666214,0.0131890568882227,153.678497314453,-86.6681,27.2147,9.93384625750302,63,63,63,63,61,63,0,7818,1.13366707078925,27,-87,0.001869,51,2026-06-01 18:04:35.001937,960,1.037,0.0011,"aoml_navis",1031.92852066999
"7901009",112,0,1,0.031773,1,0.009345,1,159.63283722925,1,4.84525228138568,962,1,5.39799976348877,34.882999420166,0.0317730009555817,0.0164863225072622,153.932098388672,-86.6681,27.2147,9.93384625750302,63,63,63,63,61,63,0,7818,1.13366707078925,27,-87,0.001869,51,2026-06-01 18:04:35.001937,962,1.037,0.0011,"aoml_navis",1031.93801057766
"7901009",112,0,1,0.035511,1,0.013083,1,159.928601459902,1,4.84520772519272,964,1,5.39499998092651,34.882999420166,0.0355109982192516,0.0197835862636566,154.217300415039,-86.6681,27.2147,9.93384625750302,63,63,63,63,61,63,0,7818,1.13366707078925,27,-87,0.001869,51,2026-06-01 18:04:35.001937,964,1.037,0.0011,"aoml_navis",1031.94750020777
"7901009",112,0,1,0.029904,1,0.007476,1,160.13434360997,1,4.84515679929593,966,1,5.38800001144409,34.8839988708496,0.0299040004611015,0.0148376896977425,154.41569519043,-86.6681,27.2147,9.93384625750302,63,63,63,63,61,63,0,7818,1.13366707078925,27,-87,0.001869,51,2026-06-01 18:04:35.001937,966,1.037,0.0011,"aoml_navis",1031.9583466786
"7901009",112,0,1,0.029904,1,0.007476,1,160.294259789681,1,4.84511224661328,968,1,5.38500022888184,34.8839988708496,0.0299040004611015,0.0148376896977425,154.569900512695,-86.6681,27.2147,9.93384625750302,63,63,63,63,61,63,0,7818,1.13366707078925,27,-87,0.001869,51,2026-06-01 18:04:35.001937,968,1.037,0.0011,"aoml_navis",1031.96783593507
"7901009",112,0,1,0.028035,1,0.005607,1,160.509021554081,1,4.84506567951943,970,1,5.37900018692017,34.8839988708496,0.0280349999666214,0.0131890568882227,154.776992797852,-86.6681,27.2147,9.93384625750302,63,63,63,63,61,63,0,7818,1.13366707078925,27,-87,0.001869,51,2026-06-01 18:04:35.001937,970,1.037,0.0011,"aoml_navis",1031.97775442663
"7901009",112,0,1,0.031773,1,0.009345,1,160.722865533163,1,4.84501911438493,972,1,5.3730001449585,34.8839988708496,0.0317730009555817,0.0164863225072622,154.983200073242,-86.6681,27.2147,9.93384625750302,63,63,63,63,61,63,0,7818,1.13366707078925,27,-87,0.001869,51,2026-06-01 18:04:35.001937,972,1.037,0.0011,"aoml_navis",1031.98767269151
"7901009",112,0,1,0.033642,1,0.011214,1,160.950602883093,1,4.84497456649257,974,1,5.36999988555908,34.8839988708496,0.0336420014500618,0.0181349534541368,155.20280456543,-86.6681,27.2147,9.93384625750302,63,63,63,63,61,63,0,7818,1.13366707078925,27,-87,0.001869,51,2026-06-01 18:04:35.001937,974,1.037,0.0011,"aoml_navis",1031.99716146697
"7901009",112,0,1,0.029904,1,0.007476,1,161.219197503556,1,4.84492733326117,976,1,5.36299991607666,34.8839988708496,0.0299040004611015,0.0148376896977425,155.461807250977,-86.6681,27.2147,9.93384625750302,63,63,63,63,61,63,0,7818,1.13366707078925,27,-87,0.001869,51,2026-06-01 18:04:35.001937,976,1.037,0.0011,"aoml_navis",1032.00722241472
"7901009",112,0,1,0.028035,1,0.005607,1,161.455527222929,1,4.84487171975149,978,1,5.34899997711182,34.8849983215332,0.0280349999666214,0.0131890568882227,155.689697265625,-86.6681,27.2147,9.93384625750302,63,63,63,63,61,63,0,7818,1.13366707078925,27,-87,0.001869,51,2026-06-01 18:04:35.001937,978,1.037,0.0011,"aoml_navis",1032.01906866101
"7901009",112,0,1,0.035511,1,0.013083,1,166.031747233189,1,4.84433643056932,999.799987792969,1,5.25290012359619,34.8870010375977,0.0355109982192516,0.0197835862636566,160.102493286133,-86.6681,27.2147,9.93384625750302,63,63,63,63,61,63,0,7818,1.13366707078925,27,-87,0.001869,51,2026-06-01 18:04:35.001937,999.799987792969,1.037,0.0011,"aoml_navis",1032.13310463914
"7901009",112,0,1,0.031773,1,0.009345,1,172.378818190548,1,4.84319275118111,1046,1,5.0543999671936,34.8950004577637,0.0317730009555817,0.0164863225072622,166.222900390625,-86.6681,27.2147,9.93384625750302,63,63,63,63,61,63,0,7818,1.13366707078925,27,-87,0.001869,51,2026-06-01 18:04:35.001937,1046,1.037,0.0011,"aoml_navis",1032.3768342238
"7901009",112,0,1,0.028035,1,0.005607,1,178.61108686374,1,4.84191062160852,1099.40002441406,1,4.86439990997314,34.9010009765625,0.0280349999666214,0.0131890568882227,172.232604980469,-86.6681,27.2147,9.93384625750302,63,63,63,63,61,63,0,7818,1.13366707078925,27,-87,0.001869,51,2026-06-01 18:04:35.001937,1099.40002441406,1.037,0.0011,"aoml_navis",1032.650205827
"7901009",112,0,1,0.026166,1,0.003738,1,183.524450563384,1,4.84072443477625,1149.90002441406,1,4.72440004348755,34.9070014953613,0.0261659994721413,0.0115404240787029,176.970504760742,-86.6681,27.2147,9.93384625750302,63,63,63,63,61,63,0,7818,1.13366707078925,27,-87,0.001869,51,2026-06-01 18:04:35.001937,1149.90002441406,1.037,0.0011,"aoml_navis",1032.90324978623
"7901009",112,0,1,0.033642,1,0.011214,1,187.368531072077,1,4.83958862355249,1199.69995117188,1,4.61990022659302,34.9099998474121,0.0336420014500618,0.0181349534541368,180.677307128906,-86.6681,27.2147,9.93384625750302,63,63,63,63,61,63,0,7818,1.13366707078925,27,-87,0.001869,51,2026-06-01 18:04:35.001937,1199.69995117188,1.037,0.0011,"aoml_navis",1033.14566359356
"7901009",112,0,1,0.029904,1,0.007476,1,190.966724234984,1,4.83844289490348,1250.09997558594,1,4.52920007705688,34.9150009155273,0.0299040004611015,0.0148376896977425,184.147003173828,-86.6681,27.2147,9.93384625750302,63,63,63,63,61,63,0,7818,1.13366707078925,27,-87,0.001869,51,2026-06-01 18:04:35.001937,1250.09997558594,1.037,0.0011,"aoml_navis",1033.3903093631
"7901009",112,0,1,0.028035,1,0.005607,1,193.884616942903,1,4.83735088794831,1299.80004882812,1,4.47910022735596,34.9169998168945,0.0280349999666214,0.0131890568882227,186.960693359375,-86.6681,27.2147,9.93384625750302,63,63,63,63,61,63,0,7818,1.13366707078925,27,-87,0.001869,51,2026-06-01 18:04:35.001937,1299.80004882812,1.037,0.0011,"aoml_navis",1033.62359188309
"7901009",112,0,1,0.020559,1,-0.001869,1,196.117351263202,1,4.83625131295011,1349.59997558594,1,4.42449998855591,34.9199981689453,0.020558999851346,0.00659452844411135,189.113693237305,-86.6681,27.2147,9.93384625750302,63,63,63,63,61,63,0,7818,1.13366707078925,27,-87,0.001869,51,2026-06-01 18:04:35.001937,1349.59997558594,1.037,0.0011,"aoml_navis",1033.85859759012
"7901009",112,0,1,0.022428,1,0,1,197.095077456745,1,4.83519209021162,1398.90002441406,1,4.40189981460571,34.9210014343262,0.0224280003458261,0.00824316125363111,190.056503295898,-86.6681,27.2147,9.93384625750302,63,63,63,63,61,63,0,7818,1.13366707078925,27,-87,0.001869,51,2026-06-01 18:04:35.001937,1398.90002441406,1.037,0.0011,"aoml_navis",1034.08508011957
"7901009",112,0,1,0.028035,1,0.005607,1,198.40815924069,1,4.83411668735841,1448.80004882812,1,4.37200021743774,34.9220008850098,0.0280349999666214,0.0131890568882227,191.322692871094,-86.6681,27.2147,9.93384625750302,63,63,63,63,61,63,0,7818,1.13366707078925,27,-87,0.001869,51,2026-06-01 18:04:35.001937,1448.80004882812,1.037,0.0011,"aoml_navis",1034.3151238106
"7901009",112,0,1,0.035511,1,0.013083,1,199.381945286919,1,4.83302004029714,1499.90002441406,1,4.35150003433228,34.923999786377,0.0355109982192516,0.0197835862636566,192.261703491211,-86.6681,27.2147,9.93384625750302,63,63,63,63,61,63,0,7818,1.13366707078925,27,-87,0.001869,51,2026-06-01 18:04:35.001937,1499.90002441406,1.037,0.0011,"aoml_navis",1034.54981736277
"7901009",112,0,1,0.031773,1,0.009345,1,199.86591880329,1,4.83197892893053,1549.09997558594,1,4.34110021591187,34.923999786377,0.0317730009555817,0.0164863225072622,192.728393554688,-86.6681,27.2147,9.93384625750302,63,63,63,63,61,63,0,7818,1.13366707078925,27,-87,0.001869,51,2026-06-01 18:04:35.001937,1549.09997558594,1.037,0.0011,"aoml_navis",1034.77272428973
"7901009",112,0,1,0.029904,1,0.007476,1,200.718256533739,1,4.83090918583495,1599.5,1,4.32889986038208,34.9249992370605,0.0299040004611015,0.0148376896977425,193.55029296875,-86.6681,27.2147,9.93384625750302,63,63,63,63,61,63,0,7818,1.13366707078925,27,-87,0.001869,51,2026-06-01 18:04:35.001937,1599.5,1.037,0.0011,"aoml_navis",1035.00186148414
"7901009",112,0,1,0.033642,1,0.011214,1,201.439525026453,1,4.82986098025685,1649.09997558594,1,4.32149982452393,34.9259986877441,0.0336420014500618,0.0181349534541368,194.245803833008,-86.6681,27.2147,9.93384625750302,63,63,63,63,61,63,0,7818,1.13366707078925,27,-87,0.001869,51,2026-06-01 18:04:35.001937,1649.09997558594,1.037,0.0011,"aoml_navis",1035.22648383435
"7901009",112,0,1,0.028035,1,0.005607,1,201.832036488725,1,4.82879628136679,1700.09997558594,1,4.31990003585815,34.9249992370605,0.0280349999666214,0.0131890568882227,194.624298095703,-86.6681,27.2147,9.93384625750302,63,63,63,63,61,63,0,7818,1.13366707078925,27,-87,0.001869,51,2026-06-01 18:04:35.001937,1700.09997558594,1.037,0.0011,"aoml_navis",1035.45474040681
"7901009",112,0,1,0.028035,1,0.005607,1,202.147817933639,1,4.8277528938766,1749.69995117188,1,4.31510019302368,34.9259986877441,0.0280349999666214,0.0131890568882227,194.928802490234,-86.6681,27.2147,9.93384625750302,63,63,63,63,61,63,0,7818,1.13366707078925,27,-87,0.001869,51,2026-06-01 18:04:35.001937,1749.69995117188,1.037,0.0011,"aoml_navis",1035.67852578824
"7901009",112,0,1,0.033642,1,0.011214,1,202.431334477461,1,4.82670385044818,1799.69995117188,1,4.31199979782104,34.9269981384277,0.0336420014500618,0.0181349534541368,195.202194213867,-86.6681,27.2147,9.93384625750302,63,63,63,63,61,63,0,7818,1.13366707078925,27,-87,0.001869,51,2026-06-01 18:04:35.001937,1799.69995117188,1.037,0.0011,"aoml_navis",1035.90362179269
"7901009",112,0,1,0.031773,1,0.009345,1,202.689564453386,1,4.82566261849826,1849.59997558594,1,4.30970001220703,34.9269981384277,0.0317730009555817,0.0164863225072622,195.451202392578,-86.6681,27.2147,9.93384625750302,63,63,63,63,61,63,0,7818,1.13366707078925,27,-87,0.001869,51,2026-06-01 18:04:35.001937,1849.59997558594,1.037,0.0011,"aoml_navis",1036.12713844384
"7901009",112,0,1,0.020559,1,-0.001869,1,202.813481295194,1,4.82461946218497,1899.69995117188,1,4.30840015411377,34.9269981384277,0.020558999851346,0.00659452844411135,195.570693969727,-86.6681,27.2147,9.93384625750302,63,63,63,63,61,63,0,7818,1.13366707078925,27,-87,0.001869,51,2026-06-01 18:04:35.001937,1899.69995117188,1.037,0.0011,"aoml_navis",1036.35116493428
"7901009",112,0,1,0.029904,1,0.007476,1,203.126461912499,1,4.82357669932274,1949.90002441406,1,4.30840015411377,34.9269981384277,0.0299040004611015,0.0148376896977425,195.872497558594,-86.6681,27.2147,9.93384625750302,63,63,63,63,61,63,0,7818,1.13366707078925,27,-87,0.001869,51,2026-06-01 18:04:35.001937,1949.90002441406,1.037,0.0011,"aoml_navis",1036.57520376986
"7901009",112,0,1,0.026166,1,0.003738,1,200.592266763023,4,4.82256523121509,1998.5,1,4.30870008468628,34.9280014038086,0.0261659994721413,0.0115404240787029,193.428802490234,-86.6681,27.2147,9.93384625750302,63,63,63,63,61,63,0,7818,1.13366707078925,27,-87,0.001869,51,2026-06-01 18:04:35.001937,1998.5,1.037,0.0011,"aoml_navis",1036.7926114584
"7901009",113,0.0527562293560862,1,0.082236,1,0.059808,1,194.626374478592,1,4.88632350613766,2.29999995231628,1,28.3950004577637,36.3160018920898,0.0822359994053841,0.0609993897378445,187.675903320312,-87.0946,27.25,11.9205261084068,63,63,63,63,61,63,0.059808,7818,1.13366707078925,27,-87,0.001869,51,2026-06-12 01:25:39.000144,2.29999995231628,1.037,0.0011,"aoml_navis",1023.26421771288
"7901009",113,0.0544048615234639,1,0.084105,1,0.061677,1,194.605423648624,1,4.88623716717519,4,1,28.3509998321533,36.3110008239746,0.0841049998998642,0.0626480206847191,187.655700683594,-87.0946,27.25,11.9205261084068,63,63,63,63,61,63,0.061677,7818,1.13366707078925,27,-87,0.001869,51,2026-06-12 01:25:39.000144,4,1.037,0.0011,"aoml_navis",1023.28229861396
"7901009",113,0.0560534936908416,1,0.085974,1,0.063546,1,194.575864622658,1,4.88617550273176,6,1,28.3309993743896,36.3079986572266,0.0859740003943443,0.064296655356884,187.627197265625,-87.0946,27.25,11.9205261084068,63,63,63,63,61,63,0.063546,7818,1.13366707078925,27,-87,0.001869,51,2026-06-12 01:25:39.000144,6,1.037,0.0011,"aoml_navis",1023.29521262685
"7901009",113,0.0544048615234639,1,0.084105,1,0.061677,1,194.458989373307,1,4.88612331690618,8,1,28.3169994354248,36.3050003051758,0.0841049998998642,0.0626480206847191,187.514495849609,-87.0946,27.25,11.9205261084068,63,63,63,63,61,63,0.061677,7818,1.13366707078925,27,-87,0.001869,51,2026-06-12 01:25:39.000144,8,1.037,0.0011,"aoml_navis",1023.30614184456
"7901009",113,0.059350758025597,1,0.089712,1,0.067284,1,194.501413221602,1,4.88604288701694,10,1,28.2759990692139,36.2980003356934,0.0897120013833046,0.0675939172506332,187.555404663086,-87.0946,27.25,11.9205261084068,63,63,63,63,61,63,0.067284,7818,1.13366707078925,27,-87,0.001869,51,2026-06-12 01:25:39.000144,10,1.037,0.0011,"aoml_navis",1023.32298664137
"7901009",113,0.059350758025597,1,0.089712,1,0.067284,1,194.545799232221,1,4.88592677782324,12,1,28.2259998321533,36.2970008850098,0.0897120013833046,0.0675939172506332,187.598205566406,-87.0946,27.25,11.9205261084068,63,63,63,63,61,63,0.067284,7818,1.13366707078925,27,-87,0.001869,51,2026-06-12 01:25:39.000144,12,1.037,0.0011,"aoml_navis",1023.34730489506
"7901009",113,0.059350758025597,1,0.089712,1,0.067284,1,194.722298897975,1,4.88581396335991,14,1,28.1940002441406,36.3030014038086,0.0897120013833046,0.0675939172506332,187.768402099609,-87.0946,27.25,11.9205261084068,63,63,63,63,61,63,0.067284,7818,1.13366707078925,27,-87,0.001869,51,2026-06-12 01:25:39.000144,14,1.037,0.0011,"aoml_navis",1023.37093419774
"7901009",113,0.0675939188624854,1,0.099057,1,0.076629,1,194.814172401594,1,4.88566028883636,16.1000003814697,1,28.1509990692139,36.314998626709,0.0990569964051247,0.0758370757102966,187.856994628906,-87.0946,27.25,11.9205261084068,63,63,63,63,61,63,0.076629,7818,1.13366707078925,27,-87,0.001869,51,2026-06-12 01:25:39.000144,16.1000003814697,1.037,0.0011,"aoml_navis",1023.4031235092
"7901009",113,0.06429665452773,1,0.095319,1,0.072891,1,195.060376301493,1,4.88552217854872,18.1000003814697,1,28.1119995117188,36.3250007629395,0.095319002866745,0.0725398138165474,188.09440612793,-87.0946,27.25,11.9205261084068,63,63,63,63,61,63,0.072891,7818,1.13366707078925,27,-87,0.001869,51,2026-06-12 01:25:39.000144,18.1000003814697,1.037,0.0011,"aoml_navis",1023.43205439818
"7901009",113,0.06429665452773,1,0.095319,1,0.072891,1,195.817296241576,1,4.88526186268075,19.8999996185303,1,28.0359992980957,36.3540000915527,0.095319002866745,0.0725398138165474,188.824295043945,-87.0946,27.25,11.9205261084068,63,63,63,63,61,63,0.072891,7818,1.13366707078925,27,-87,0.001869,51,2026-06-12 01:25:39.000144,19.8999996185303,1.037,0.0011,"aoml_navis",1023.48658895765
"7901009",113,0.06429665452773,1,0.095319,1,0.072891,1,195.265707094287,1,4.88482949106023,22,1,27.9640007019043,36.4309997558594,0.095319002866745,0.0725398138165474,188.292404174805,-87.0946,27.25,11.9205261084068,63,63,63,63,61,63,0.072891,7818,1.13366707078925,27,-87,0.001869,51,2026-06-12 01:25:39.000144,22,1.037,0.0011,"aoml_navis",1023.57718097439
"7901009",113,0.0741884475319962,1,0.106533,1,0.084105,1,195.259583248972,1,4.88424346396998,24,1,27.7670001983643,36.4970016479492,0.106532998383045,0.0824316069483757,188.286499023438,-87.0946,27.25,11.9205261084068,63,63,63,63,61,63,0.084105,7818,1.13366707078925,27,-87,0.001869,51,2026-06-12 01:25:39.000144,24,1.037,0.0011,"aoml_navis",1023.69999302531
"7901009",113,0.0741884475319962,1,0.106533,1,0.084105,1,195.710896407209,1,4.8839217513233,26,1,27.8239994049072,36.5999984741211,0.106532998383045,0.0824316069483757,188.721694946289,-87.0946,27.25,11.9205261084068,63,63,63,63,61,63,0.084105,7818,1.13366707078925,27,-87,0.001869,51,2026-06-12 01:25:39.000144,26,1.037,0.0011,"aoml_navis",1023.76742597181
"7901009",113,0.0725398153646185,1,0.104664,1,0.082236,1,195.428202617654,1,4.88377611381698,28.1000003814697,1,27.7719993591309,36.6059989929199,0.104663997888565,0.0807829722762108,188.449096679688,-87.0946,27.25,11.9205261084068,63,63,63,63,61,63,0.082236,7818,1.13366707078925,27,-87,0.001869,51,2026-06-12 01:25:39.000144,28.1000003814697,1.037,0.0011,"aoml_navis",1023.79795540877
"7901009",113,0.0791343440341293,1,0.11214,1,0.089712,1,194.422183005856,1,4.88365157679991,30,1,27.6940002441406,36.5960006713867,0.112139999866486,0.0873775035142899,187.47900390625,-87.0946,27.25,11.9205261084068,63,63,63,63,61,63,0.089712,7818,1.13366707078925,27,-87,0.001869,51,2026-06-12 01:25:39.000144,30,1.037,0.0011,"aoml_navis",1023.82406307461
"7901009",113,0.0989179300426616,1,0.134568,1,0.11214,1,193.022180188218,1,4.88313759964243,32,1,27.3080005645752,36.5610008239746,0.134568005800247,0.107161089777946,186.128997802734,-87.0946,27.25,11.9205261084068,63,63,63,63,61,63,0.11214,7818,1.13366707078925,27,-87,0.001869,51,2026-06-12 01:25:39.000144,32,1.037,0.0011,"aoml_navis",1023.93182620251
"7901009",113,0.0923234013731508,1,0.127092,1,0.104664,1,191.909032843127,1,4.88289963869746,34,1,27.068000793457,36.5130004882812,0.127092003822327,0.100566558539867,185.055603027344,-87.0946,27.25,11.9205261084068,63,63,63,63,61,63,0.104664,7818,1.13366707078925,27,-87,0.001869,51,2026-06-12 01:25:39.000144,34,1.037,0.0011,"aoml_navis",1023.98172601675
"7901009",113,0.102215194377417,1,0.138306,1,0.115878,1,193.262054532235,1,4.88266659279134,36,1,26.9449996948242,36.5139999389648,0.138306006789207,0.110458344221115,186.360305786133,-87.0946,27.25,11.9205261084068,63,63,63,63,61,63,0.115878,7818,1.13366707078925,27,-87,0.001869,51,2026-06-12 01:25:39.000144,36,1.037,0.0011,"aoml_navis",1024.03059987382
"7901009",113,0.118701516051194,1,0.156996,1,0.134568,1,192.866837062998,1,4.88233942312695,38.0999984741211,1,26.878999710083,36.564998626709,0.156995996832848,0.126944676041603,185.979202270508,-87.0946,27.25,11.9205261084068,63,63,63,63,61,63,0.134568,7818,1.13366707078925,27,-87,0.001869,51,2026-06-12 01:25:39.000144,38.0999984741211,1.037,0.0011,"aoml_navis",1024.09922102419
"7901009",113,0.133539205557593,1,0.173817,1,0.151389,1,191.667085569559,1,4.88205886943191,40,1,26.6709995269775,36.5439987182617,0.173816993832588,0.141782358288765,184.822296142578,-87.0946,27.25,11.9205261084068,63,63,63,63,61,63,0.151389,7818,1.13366707078925,27,-87,0.001869,51,2026-06-12 01:25:39.000144,40,1.037,0.0011,"aoml_navis",1024.15807218273
"7901009",113,0.146728262896615,1,0.188769,1,0.166341,1,191.626022575778,1,4.88152672449413,42,1,26.3729991912842,36.5550003051758,0.188768997788429,0.154971420764923,184.782699584961,-87.0946,27.25,11.9205261084068,63,63,63,63,61,63,0.166341,7818,1.13366707078925,27,-87,0.001869,51,2026-06-12 01:25:39.000144,42,1.037,0.0011,"aoml_navis",1024.26971769127
"7901009",113,0.158268688068259,1,0.201852,1,0.179424,1,191.310873988441,1,4.88118101675776,44,1,26.19700050354,36.5660018920898,0.20185199379921,0.166511833667755,184.478805541992,-87.0946,27.25,11.9205261084068,63,63,63,63,61,63,0.179424,7818,1.13366707078925,27,-87,0.001869,51,2026-06-12 01:25:39.000144,44,1.037,0.0011,"aoml_navis",1024.34226119341
"7901009",113,0.163214584570392,1,0.207459,1,0.185031,1,191.580908666233,1,4.88079868531744,46,1,26.0030002593994,36.5800018310547,0.207459002733231,0.171457752585411,184.739196777344,-87.0946,27.25,11.9205261084068,63,63,63,63,61,63,0.185031,7818,1.13366707078925,27,-87,0.001869,51,2026-06-12 01:25:39.000144,46,1.037,0.0011,"aoml_navis",1024.42250180102
"7901009",113,0.173106377574658,1,0.218673,1,0.196245,1,192.407643607688,1,4.88045468557761,48.2000007629395,1,25.8099994659424,36.5830001831055,0.218673005700111,0.181349545717239,185.536407470703,-87.0946,27.25,11.9205261084068,63,63,63,63,61,63,0.196245,7818,1.13366707078925,27,-87,0.001869,51,2026-06-12 01:25:39.000144,48.2000007629395,1.037,0.0011,"aoml_navis",1024.49470840815
"7901009",113,0.199484492252701,1,0.248577,1,0.226149,1,191.240251968693,1,4.88029177775431,49.9000015258789,1,25.7360000610352,36.5880012512207,0.248576998710632,0.207727640867233,184.410705566406,-87.0946,27.25,11.9205261084068,63,63,63,63,61,63,0.226149,7818,1.13366707078925,27,-87,0.001869,51,2026-06-12 01:25:39.000144,49.9000015258789,1.037,0.0011,"aoml_navis",1024.52890681482
"7901009",113,0.255537985943542,1,0.312123,1,0.289695,1,188.570192115663,1,4.87980551189977,52,1,25.5049991607666,36.6160011291504,0.312123000621796,0.263781160116196,181.835998535156,-87.0946,27.25,11.9205261084068,63,63,63,63,61,63,0.289695,7818,1.13366707078925,27,-87,0.001869,51,2026-06-12 01:25:39.000144,52,1.037,0.0011,"aoml_navis",1024.63099970012
"7901009",113,0.431941627852956,1,0.512106,1,0.489678,1,185.387438236236,1,4.87919107108197,54,1,25.2110004425049,36.6549987792969,0.512106001377106,0.44018480181694,178.766906738281,-87.0946,27.25,11.9205261084068,63,63,63,63,61,63,0.489678,7818,1.13366707078925,27,-87,0.001869,51,2026-06-12 01:25:39.000144,54,1.037,0.0011,"aoml_navis",1024.76003238201
"7901009",113,0.402266248840157,1,0.478464,1,0.456036,1,188.545206193821,1,4.87883655930569,56,1,24.9449996948242,36.6339988708496,0.478464007377625,0.410509377717972,181.811904907227,-87.0946,27.25,11.9205261084068,63,63,63,63,61,63,0.456036,7818,1.13366707078925,27,-87,0.001869,51,2026-06-12 01:25:39.000144,56,1.037,0.0011,"aoml_navis",1024.83449470411
"7901009",113,0.70726319980503,1,0.824229,1,0.801801,1,184.278420926358,1,4.87844727692097,58.0999984741211,1,24.7490005493164,36.6510009765625,0.824229001998901,0.715506374835968,177.697494506836,-87.0946,27.25,11.9205261084068,63,63,63,63,61,63,0.801801,7818,1.13366707078925,27,-87,0.001869,51,2026-06-12 01:25:39.000144,58.0999984741211,1.037,0.0011,"aoml_navis",1024.91627277681
"7901009",113,0.771559854332761,1,0.89712,1,0.874692,1,184.418224991889,1,4.87820858606004,60,1,24.6259994506836,36.6570014953613,0.897119998931885,0.779802978038788,177.832305908203,-87.0946,27.25,11.9205261084068,63,63,63,63,61,63,0.874692,7818,1.13366707078925,27,-87,0.001869,51,2026-06-12 01:25:39.000144,60,1.037,0.0011,"aoml_navis",1024.96642195416
"7901009",113,0.667696027787966,1,0.779373,1,0.756945,1,189.68356099521,1,4.87800069681759,61.9000015258789,1,24.4839992523193,36.6469993591309,0.779372990131378,0.67593914270401,182.909606933594,-87.0946,27.25,11.9205261084068,63,63,63,63,61,63,0.756945,7818,1.13366707078925,27,-87,0.001869,51,2026-06-12 01:25:39.000144,61.9000015258789,1.037,0.0011,"aoml_navis",1025.0101036808
"7901009",113,0.684182349461743,1,0.798063,1,0.775635,1,185.45556008141,1,4.87766691267123,64,1,24.2490005493164,36.6339988708496,0.798062980175018,0.692425489425659,178.832595825195,-87.0946,27.25,11.9205261084068,63,63,63,63,61,63,0.775635,7818,1.13366707078925,27,-87,0.001869,51,2026-06-12 01:25:39.000144,64,1.037,0.0011,"aoml_navis",1025.08024625687
"7901009",113,0.832559244525735,1,0.966273,1,0.943845,1,173.339587508701,1,4.87734883888636,66,1,24.1509990692139,36.6720008850098,0.966273009777069,0.840802371501923,167.149307250977,-87.0946,27.25,11.9205261084068,63,63,63,63,61,63,0.943845,7818,1.13366707078925,27,-87,0.001869,51,2026-06-12 01:25:39.000144,66,1.037,0.0011,"aoml_navis",1025.14709633557
"7901009",113,0.867180520040667,1,1.005522,1,0.983094,1,171.186066887266,1,4.87704363763221,68.0999984741211,1,24.0429992675781,36.7019996643066,1.00552201271057,0.875423669815063,165.072692871094,-87.0946,27.25,11.9205261084068,63,63,63,63,61,63,0.983094,7818,1.13366707078925,27,-87,0.001869,51,2026-06-12 01:25:39.000144,68.0999984741211,1.037,0.0011,"aoml_navis",1025.21124917133
"7901009",113,0.76496532566325,1,0.889644,1,0.867216,1,169.826209277806,1,4.87659450823797,70,1,23.6800003051758,36.6730003356934,0.889644026756287,0.773208439350128,163.76139831543,-87.0946,27.25,11.9205261084068,63,63,63,63,61,63,0.867216,7818,1.13366707078925,27,-87,0.001869,51,2026-06-12 01:25:39.000144,70,1.037,0.0011,"aoml_navis",1025.30567008464
"7901009",113,0.774857118667516,1,0.900858,1,0.87843,1,167.245855055506,1,4.87630163904403,72,1,23.5370006561279,36.6870002746582,0.900857985019684,0.783100247383118,161.273193359375,-87.0946,27.25,11.9205261084068,63,63,63,63,61,63,0.87843,7818,1.13366707078925,27,-87,0.001869,51,2026-06-12 01:25:39.000144,72,1.037,0.0011,"aoml_navis",1025.36724963147
"7901009",113,0.761668061328494,1,0.885906,1,0.863478,1,168.687332288057,1,4.87613967591564,74,1,23.4559993743896,36.6889991760254,0.885905981063843,0.769911170005798,162.663192749023,-87.0946,27.25,11.9205261084068,63,63,63,63,61,63,0.863478,7818,1.13366707078925,27,-87,0.001869,51,2026-06-12 01:25:39.000144,74,1.037,0.0011,"aoml_navis",1025.40130765657
"7901009",113,0.66439876345321,1,0.775635,1,0.753207,1,176.972926647439,1,4.87591940582867,76,1,23.1909999847412,36.6360015869141,0.775635004043579,0.672641932964325,170.652893066406,-87.0946,27.25,11.9205261084068,63,63,63,63,61,63,0.753207,7818,1.13366707078925,27,-87,0.001869,51,2026-06-12 01:25:39.000144,76,1.037,0.0011,"aoml_navis",1025.44763025062
"7901009",113,0.670993292122721,1,0.783111,1,0.760683,1,178.935721926276,1,4.87575080621587,78,1,22.9769992828369,36.5890007019043,0.783110976219177,0.67923641204834,172.545593261719,-87.0946,27.25,11.9205261084068,63,63,63,63,61,63,0.760683,7818,1.13366707078925,27,-87,0.001869,51,2026-06-12 01:25:39.000144,78,1.037,0.0011,"aoml_navis",1025.48308941994
"7901009",113,0.746830371822095,1,0.869085,1,0.846657,1,175.581136428557,1,4.87556653757876,80,1,22.8759994506836,36.5900001525879,0.869085013866425,0.755073547363281,169.310806274414,-87.0946,27.25,11.9205261084068,63,63,63,63,61,63,0.846657,7818,1.13366707078925,27,-87,0.001869,51,2026-06-12 01:25:39.000144,80,1.037,0.0011,"aoml_navis",1025.52184683814
"7901009",113,0.733641314483074,1,0.854133,1,0.831705,1,165.362717237437,1,4.87526975248207,82,1,22.7689990997314,36.6199989318848,0.854133009910583,0.741884469985962,159.457305908203,-87.0946,27.25,11.9205261084068,63,63,63,63,61,63,0.831705,7818,1.13366707078925,27,-87,0.001869,51,2026-06-12 01:25:39.000144,82,1.037,0.0011,"aoml_navis",1025.58427612225
"7901009",113,0.712209096307164,1,0.829836,1,0.807408,1,156.553826845556,1,4.87480717224625,84,1,22.7169990539551,36.7169990539551,0.829836010932922,0.72045224905014,150.962997436523,-87.0946,27.25,11.9205261084068,63,63,63,63,61,63,0.807408,7818,1.13366707078925,27,-87,0.001869,51,2026-06-12 01:25:39.000144,84,1.037,0.0011,"aoml_navis",1025.68159587245
"7901009",113,0.70726319980503,1,0.824229,1,0.801801,1,155.589803837032,1,4.87450579655649,86,1,22.57200050354,36.734001159668,0.824229001998901,0.715506374835968,150.033401489258,-87.0946,27.25,11.9205261084068,63,63,63,63,61,63,0.801801,7818,1.13366707078925,27,-87,0.001869,51,2026-06-12 01:25:39.000144,86,1.037,0.0011,"aoml_navis",1025.74501060849
"7901009",113,0.667696027787966,1,0.779373,1,0.756945,1,154.817629667275,1,4.87435937512855,88,1,22.4580001831055,36.7200012207031,0.779372990131378,0.67593914270401,149.288803100586,-87.0946,27.25,11.9205261084068,63,63,63,63,61,63,0.756945,7818,1.13366707078925,27,-87,0.001869,51,2026-06-12 01:25:39.000144,88,1.037,0.0011,"aoml_navis",1025.77582307791
"7901009",113,0.598453476758103,1,0.700875,1,0.678447,1,149.632251778626,1,4.87411803719979,90,1,22.3110008239746,36.7200012207031,0.700874984264374,0.606696605682373,144.288604736328,-87.0946,27.25,11.9205261084068,63,63,63,63,61,63,0.678447,7818,1.13366707078925,27,-87,0.001869,51,2026-06-12 01:25:39.000144,90,1.037,0.0011,"aoml_navis",1025.82661352053
"7901009",113,0.509427339719707,1,0.599949,1,0.577521,1,146.436205831848,1,4.8737607267538,92,1,22.2189998626709,36.7729988098145,0.59994900226593,0.517670512199402,141.206695556641,-87.0946,27.25,11.9205261084068,63,63,63,63,61,63,0.577521,7818,1.13366707078925,27,-87,0.001869,51,2026-06-12 01:25:39.000144,92,1.037,0.0011,"aoml_navis",1025.90182003668
"7901009",113,0.451725213861488,1,0.534534,1,0.512106,1,146.253898798572,1,4.87352116257465,94,1,22.0590000152588,36.7680015563965,0.534533977508545,0.459968358278275,141.030899047852,-87.0946,27.25,11.9205261084068,63,63,63,63,61,63,0.512106,7818,1.13366707078925,27,-87,0.001869,51,2026-06-12 01:25:39.000144,94,1.037,0.0011,"aoml_navis",1025.95224955554
"7901009",113,0.45007658169411,1,0.532665,1,0.510237,1,146.190951365331,1,4.8733962176659,96,1,21.9619998931885,36.7550010681152,0.532665014266968,0.458319753408432,140.970199584961,-87.0946,27.25,11.9205261084068,63,63,63,63,61,63,0.510237,7818,1.13366707078925,27,-87,0.001869,51,2026-06-12 01:25:39.000144,96,1.037,0.0011,"aoml_navis",1025.97855308279
"7901009",113,0.433590260020333,1,0.513975,1,0.491547,1,145.403222311995,1,4.87324282410174,98,1,21.82200050354,36.734001159668,0.513975024223328,0.44183337688446,140.210601806641,-87.0946,27.25,11.9205261084068,63,63,63,63,61,63,0.491547,7818,1.13366707078925,27,-87,0.001869,51,2026-06-12 01:25:39.000144,98,1.037,0.0011,"aoml_navis",1026.01084749386
"7901009",113,0.402266248840157,1,0.478464,1,0.456036,1,144.273887127738,1,4.87304868332935,100,1,21.7049999237061,36.7330017089844,0.478464007377625,0.410509377717972,139.121597290039,-87.0946,27.25,11.9205261084068,63,63,63,63,61,63,0.456036,7818,1.13366707078925,27,-87,0.001869,51,2026-06-12 01:25:39.000144,100,1.037,0.0011,"aoml_navis",1026.05172345291
"7901009",113,0.398968984505402,1,0.474726,1,0.452298,1,144.094792344072,1,4.87288470916497,102,1,21.5750007629395,36.7190017700195,0.474725991487503,0.407212138175964,138.94889831543,-87.0946,27.25,11.9205261084068,63,63,63,63,61,63,0.452298,7818,1.13366707078925,27,-87,0.001869,51,2026-06-12 01:25:39.000144,102,1.037,0.0011,"aoml_navis",1026.08625042902
"7901009",113,0.361050444655715,1,0.431739,1,0.409311,1,145.582522806227,1,4.87264958535202,104,1,21.3279991149902,36.681999206543,0.431739002466202,0.369293570518494,140.383499145508,-87.0946,27.25,11.9205261084068,63,63,63,63,61,63,0.409311,7818,1.13366707078925,27,-87,0.001869,51,2026-06-12 01:25:39.000144,104,1.037,0.0011,"aoml_navis",1026.13576298013
"7901009",113,0.309942847467006,1,0.3738,1,0.351372,1,149.270834137796,1,4.8725626874621,106,1,21.2660007476807,36.6720008850098,0.373800009489059,0.318185985088348,143.940093994141,-87.0946,27.25,11.9205261084068,63,63,63,63,61,63,0.351372,7818,1.13366707078925,27,-87,0.001869,51,2026-06-12 01:25:39.000144,106,1.037,0.0011,"aoml_navis",1026.15406321315
"7901009",113,0.290159261458474,1,0.351372,1,0.328944,1,156.667806323091,1,4.87245682762514,108,1,21.1730003356934,36.6559982299805,0.351372003555298,0.298402398824692,151.072906494141,-87.0946,27.25,11.9205261084068,63,63,63,63,61,63,0.328944,7818,1.13366707078925,27,-87,0.001869,51,2026-06-12 01:25:39.000144,108,1.037,0.0011,"aoml_navis",1026.17635761321
"7901009",113,0.262132514613053,1,0.319599,1,0.297171,1,164.730426252659,1,4.87230047248838,110,1,20.8419990539551,36.568000793457,0.319599002599716,0.270375669002533,158.847595214844,-87.0946,27.25,11.9205261084068,63,63,63,63,61,63,0.297171,7818,1.13366707078925,27,-87,0.001869,51,2026-06-12 01:25:39.000144,110,1.037,0.0011,"aoml_navis",1026.20928824745
"7901009",113,0.239051664269766,1,0.293433,1,0.271005,1,164.416306218153,1,4.87219867665018,112,1,20.7369995117188,36.5470008850098,0.293433010578156,0.247294813394547,158.544692993164,-87.0946,27.25,11.9205261084068,63,63,63,63,61,63,0.271005,7818,1.13366707078925,27,-87,0.001869,51,2026-06-12 01:25:39.000144,112,1.037,0.0011,"aoml_navis",1026.23072904689
"7901009",113,0.224213974763366,1,0.276612,1,0.254184,1,163.480702915536,1,4.87208142614026,114,1,20.6700000762939,36.5439987182617,0.276612013578415,0.232457131147385,157.642501831055,-87.0946,27.25,11.9205261084068,63,63,63,63,61,63,0.254184,7818,1.13366707078925,27,-87,0.001869,51,2026-06-12 01:25:39.000144,114,1.037,0.0011,"aoml_navis",1026.25542610462
"7901009",113,0.197835860085323,1,0.246708,1,0.22428,1,161.342958712136,1,4.8719555441338,116,1,20.5990009307861,36.5419998168945,0.246708005666733,0.20607902109623,155.581100463867,-87.0946,27.25,11.9205261084068,63,63,63,63,61,63,0.22428,7818,1.13366707078925,27,-87,0.001869,51,2026-06-12 01:25:39.000144,116,1.037,0.0011,"aoml_navis",1026.28194258061
"7901009",113,0.164863216737769,1,0.209328,1,0.1869,1,159.78159969119,1,4.87180993085298,118,1,20.5629997253418,36.5579986572266,0.20932799577713,0.173106372356415,154.075500488281,-87.0946,27.25,11.9205261084068,63,63,63,63,61,63,0.1869,7818,1.13366707078925,27,-87,0.001869,51,2026-06-12 01:25:39.000144,118,1.037,0.0011,"aoml_navis",1026.31261706973
"7901009",113,0.118701516051194,1,0.156996,1,0.134568,1,158.558112363196,1,4.87156741287864,120,1,20.3419990539551,36.5349998474121,0.156995996832848,0.126944676041603,152.895706176758,-87.0946,27.25,11.9205261084068,63,63,63,63,61,63,0.134568,7818,1.13366707078925,27,-87,0.001869,51,2026-06-12 01:25:39.000144,120,1.037,0.0011,"aoml_navis",1026.36370930264
"7901009",113,0.118701516051194,1,0.156996,1,0.134568,1,155.691424856709,1,4.87137184940444,122,1,20.2129993438721,36.5320014953613,0.156995996832848,0.126944676041603,150.131393432617,-87.0946,27.25,11.9205261084068,63,63,63,63,61,63,0.134568,7818,1.13366707078925,27,-87,0.001869,51,2026-06-12 01:25:39.000144,122,1.037,0.0011,"aoml_navis",1026.40491314809
"7901009",113,0.102215194377417,1,0.138306,1,0.115878,1,150.215884302565,1,4.87124101232741,124,1,20.1569995880127,36.5369987487793,0.138306006789207,0.110458344221115,144.85139465332,-87.0946,27.25,11.9205261084068,63,63,63,63,61,63,0.115878,7818,1.13366707078925,27,-87,0.001869,51,2026-06-12 01:25:39.000144,124,1.037,0.0011,"aoml_navis",1026.43248144502
"7901009",113,0.0989179300426616,1,0.134568,1,0.11214,1,144.399687050882,1,4.87102610797428,126,1,20.0690002441406,36.5540008544922,0.134568005800247,0.107161089777946,139.242904663086,-87.0946,27.25,11.9205261084068,63,63,63,63,61,63,0.11214,7818,1.13366707078925,27,-87,0.001869,51,2026-06-12 01:25:39.000144,126,1.037,0.0011,"aoml_navis",1026.47776652533
"7901009",113,0.115404251716439,1,0.153258,1,0.13083,1,141.272918093226,1,4.87085075280279,128,1,20.0659999847412,36.5900001525879,0.153257995843887,0.123647406697273,136.227798461914,-87.0946,27.25,11.9205261084068,63,63,63,63,61,63,0.13083,7818,1.13366707078925,27,-87,0.001869,51,2026-06-12 01:25:39.000144,128,1.037,0.0011,"aoml_navis",1026.5147206826
"7901009",113,0.0972692978752839,1,0.132699,1,0.110271,1,141.097668514758,1,4.87069395131471,130,1,20.2080001831055,36.6720008850098,0.132698997855186,0.105512455105782,136.058807373047,-87.0946,27.25,11.9205261084068,63,63,63,63,61,63,0.110271,7818,1.13366707078925,27,-87,0.001869,51,2026-06-12 01:25:39.000144,130,1.037,0.0011,"aoml_navis",1026.54776711035
"7901009",113,0.0774857118667516,1,0.110271,1,0.087843,1,141.208214208227,1,4.87055288642254,132,1,20.1270008087158,36.6710014343262,0.110270999372005,0.0857288762927055,136.165405273438,-87.0946,27.25,11.9205261084068,63,63,63,63,61,63,0.087843,7818,1.13366707078925,27,-87,0.001869,51,2026-06-12 01:25:39.000144,132,1.037,0.0011,"aoml_navis",1026.57749881709
"7901009",113,0.0692425510298631,1,0.100926,1,0.078498,1,141.231538621651,1,4.87042281756659,134,1,20.0259990692139,36.6599998474121,0.100925996899605,0.0774857103824615,136.187896728516,-87.0946,27.25,11.9205261084068,63,63,63,63,61,63,0.078498,7818,1.13366707078925,27,-87,0.001869,51,2026-06-12 01:25:39.000144,134,1.037,0.0011,"aoml_navis",1026.60491445754
"7901009",113,0.0577021258582193,1,0.087843,1,0.065415,1,141.157292931161,1,4.87024989186279,136,1,19.8880004882812,36.6479988098145,0.0878430008888245,0.0659452900290489,136.116302490234,-87.0946,27.25,11.9205261084068,63,63,63,63,61,63,0.065415,7818,1.13366707078925,27,-87,0.001869,51,2026-06-12 01:25:39.000144,136,1.037,0.0011,"aoml_navis",1026.64136564204
"7901009",113,0.0544048615234639,1,0.084105,1,0.061677,1,141.083252951238,1,4.87014521657192,137.899993896484,1,19.798999786377,36.6349983215332,0.0841049998998642,0.0626480206847191,136.044906616211,-87.0946,27.25,11.9205261084068,63,63,63,63,61,63,0.061677,7818,1.13366707078925,27,-87,0.001869,51,2026-06-12 01:25:39.000144,137.899993896484,1.037,0.0011,"aoml_navis",1026.66343151046
"7901009",113,0.0609993901929747,1,0.091581,1,0.069153,1,140.758135313387,1,4.87009822908746,139.899993896484,1,19.7830009460449,36.6310005187988,0.0915810018777847,0.0692425444722176,135.731399536133,-87.0946,27.25,11.9205261084068,63,63,63,63,61,63,0.069153,7818,1.13366707078925,27,-87,0.001869,51,2026-06-12 01:25:39.000144,139.899993896484,1.037,0.0011,"aoml_navis",1026.673336923
"7901009",113,0.059350758025597,1,0.089712,1,0.067284,1,140.286282746315,1,4.87002756479494,142,1,19.7240009307861,36.6180000305176,0.0897120013833046,0.0675939172506332,135.276397705078,-87.0946,27.25,11.9205261084068,63,63,63,63,61,63,0.067284,7818,1.13366707078925,27,-87,0.001869,51,2026-06-12 01:25:39.000144,142,1.037,0.0011,"aoml_navis",1026.68823399371
"7901009",113,0.0544048615234639,1,0.084105,1,0.061677,1,141.788318004762,1,4.86983764594176,144,1,19.4669990539551,36.5699996948242,0.0841049998998642,0.0626480206847191,136.724792480469,-87.0946,27.25,11.9205261084068,63,63,63,63,61,63,0.061677,7818,1.13366707078925,27,-87,0.001869,51,2026-06-12 01:25:39.000144,144,1.037,0.0011,"aoml_navis",1026.7282738197
"7901009",113,0.0296753790127985,1,0.05607,1,0.033642,1,142.751312460455,1,4.86967799881223,146,1,19.4069995880127,36.5820007324219,0.0560699999332428,0.0379185378551483,137.653396606445,-87.0946,27.25,11.9205261084068,63,63,63,63,61,63,0.033642,7818,1.13366707078925,27,-87,0.001869,51,2026-06-12 01:25:39.000144,146,1.037,0.0011,"aoml_navis",1026.76193399637
"7901009",113,0.0412158041844423,1,0.069153,1,0.046725,1,140.841194910442,1,4.86955187454499,148,1,19.3360004425049,36.5810012817383,0.0691530033946037,0.0494589619338512,135.811492919922,-87.0946,27.25,11.9205261084068,63,63,63,63,61,63,0.046725,7818,1.13366707078925,27,-87,0.001869,51,2026-06-12 01:25:39.000144,148,1.037,0.0011,"aoml_navis",1026.78852773638
"7901009",113,0.0544048615234639,1,0.084105,1,0.061677,1,138.986366031052,1,4.86940706637412,150,1,19.1240005493164,36.5369987487793,0.0841049998998642,0.0626480206847191,134.022903442383,-87.0946,27.25,11.9205261084068,63,63,63,63,61,63,0.061677,7818,1.13366707078925,27,-87,0.001869,51,2026-06-12 01:25:39.000144,150,1.037,0.0011,"aoml_navis",1026.81906274127
"7901009",113,0.0675939188624854,1,0.099057,1,0.076629,1,138.082995991762,1,4.86921846329815,152,1,18.9249992370605,36.5099983215332,0.0990569964051247,0.0758370757102966,133.151794433594,-87.0946,27.25,11.9205261084068,63,63,63,63,61,63,0.076629,7818,1.13366707078925,27,-87,0.001869,51,2026-06-12 01:25:39.000144,152,1.037,0.0011,"aoml_navis",1026.85883529105
"7901009",113,0.0659452866951077,1,0.097188,1,0.07476,1,139.228297480731,1,4.86907706822743,154,1,18.7959995269775,36.4939994812012,0.0971880033612251,0.0741884484887123,134.256195068359,-87.0946,27.25,11.9205261084068,63,63,63,63,61,63,0.07476,7818,1.13366707078925,27,-87,0.001869,51,2026-06-12 01:25:39.000144,154,1.037,0.0011,"aoml_navis",1026.88865465427
"7901009",113,0.0609993901929747,1,0.091581,1,0.069153,1,140.371526040148,1,4.86896223018725,156,1,18.7180004119873,36.4879989624023,0.0915810018777847,0.0692425444722176,135.358596801758,-87.0946,27.25,11.9205261084068,63,63,63,63,61,63,0.069153,7818,1.13366707078925,27,-87,0.001869,51,2026-06-12 01:25:39.000144,156,1.037,0.0011,"aoml_navis",1026.91287457527
"7901009",113,0.0544048615234639,1,0.084105,1,0.061677,1,140.355670502665,1,4.86887561179392,158,1,18.6630001068115,36.4819984436035,0.0841049998998642,0.0626480206847191,135.343307495117,-87.0946,27.25,11.9205261084068,63,63,63,63,61,63,0.061677,7818,1.13366707078925,27,-87,0.001869,51,2026-06-12 01:25:39.000144,158,1.037,0.0011,"aoml_navis",1026.93114358651
"7901009",113,0.0478103328539531,1,0.076629,1,0.054201,1,139.642076372591,1,4.86872466621311,160,1,18.5279998779297,36.4669990539551,0.0766289979219437,0.0560534931719303,134.655197143555,-87.0946,27.25,11.9205261084068,63,63,63,63,61,63,0.054201,7818,1.13366707078925,27,-87,0.001869,51,2026-06-12 01:25:39.000144,160,1.037,0.0011,"aoml_navis",1026.96298164032
"7901009",113,0.0494589650213308,1,0.078498,1,0.05607,1,138.200076951679,1,4.86865536215254,162,1,18.4689998626709,36.4550018310547,0.0784979984164238,0.0577021241188049,133.264694213867,-87.0946,27.25,11.9205261084068,63,63,63,63,61,63,0.05607,7818,1.13366707078925,27,-87,0.001869,51,2026-06-12 01:25:39.000144,162,1.037,0.0011,"aoml_navis",1026.97760019501
"7901009",113,0.0511075971887085,1,0.080367,1,0.057939,1,136.887611891882,1,4.8685970543719,164,1,18.4370002746582,36.4490013122559,0.0803669989109039,0.0593507587909698,131.999099731445,-87.0946,27.25,11.9205261084068,63,63,63,63,61,63,0.057939,7818,1.13366707078925,27,-87,0.001869,51,2026-06-12 01:25:39.000144,164,1.037,0.0011,"aoml_navis",1026.98989958721
"7901009",113,0.0395671720170646,1,0.067284,1,0.044856,1,133.565164714151,1,4.86850621963315,166,1,18.375,36.4420013427734,0.0672840029001236,0.0478103309869766,128.795303344727,-87.0946,27.25,11.9205261084068,63,63,63,63,61,63,0.044856,7818,1.13366707078925,27,-87,0.001869,51,2026-06-12 01:25:39.000144,166,1.037,0.0011,"aoml_navis",1027.00906077445
"7901009",113,0.0527562293560862,1,0.082236,1,0.059808,1,131.034901014707,1,4.86838958094904,168,1,18.2280006408691,36.4140014648438,0.0822359994053841,0.0609993897378445,126.355400085449,-87.0946,27.25,11.9205261084068,63,63,63,63,61,63,0.059808,7818,1.13366707078925,27,-87,0.001869,51,2026-06-12 01:25:39.000144,168,1.037,0.0011,"aoml_navis",1027.03366623862
"7901009",113,0.0577021258582193,1,0.087843,1,0.065415,1,131.311170305043,1,4.86833529945267,170,1,18.1870002746582,36.4039993286133,0.0878430008888245,0.0659452900290489,126.621803283691,-87.0946,27.25,11.9205261084068,63,63,63,63,61,63,0.065415,7818,1.13366707078925,27,-87,0.001869,51,2026-06-12 01:25:39.000144,170,1.037,0.0011,"aoml_navis",1027.04511757071
"7901009",113,0.0511075971887085,1,0.080367,1,0.057939,1,132.163714010605,1,4.86828084343429,172,1,18.1639995574951,36.4000015258789,0.0803669989109039,0.0593507587909698,127.443901062012,-87.0946,27.25,11.9205261084068,63,63,63,63,61,63,0.057939,7818,1.13366707078925,27,-87,0.001869,51,2026-06-12 01:25:39.000144,172,1.037,0.0011,"aoml_navis",1027.0566059769
"7901009",113,0.0494589650213308,1,0.078498,1,0.05607,1,133.62820709073,1,4.8682264962638,174,1,18.1350002288818,36.3940010070801,0.0784979984164238,0.0577021241188049,128.856094360352,-87.0946,27.25,11.9205261084068,63,63,63,63,61,63,0.05607,7818,1.13366707078925,27,-87,0.001869,51,2026-06-12 01:25:39.000144,174,1.037,0.0011,"aoml_navis",1027.06807167607
"7901009",113,0.080782976201507,1,0.114009,1,0.091581,1,137.657823899316,1,4.86810315111167,176,1,18.0359992980957,36.3839988708496,0.114009000360966,0.0890261381864548,132.741806030273,-87.0946,27.25,11.9205261084068,63,63,63,63,61,63,0.091581,7818,1.13366707078925,27,-87,0.001869,51,2026-06-12 01:25:39.000144,176,1.037,0.0011,"aoml_navis",1027.09409492652
"7901009",113,0.0379185398496869,1,0.065415,1,0.042987,1,143.269940445492,1,4.86802717408172,178,1,18.0069999694824,36.3839988708496,0.0654150024056435,0.0461616963148117,138.153503417969,-87.0946,27.25,11.9205261084068,63,63,63,63,61,63,0.042987,7818,1.13366707078925,27,-87,0.001869,51,2026-06-12 01:25:39.000144,178,1.037,0.0011,"aoml_navis",1027.11012514904
"7901009",113,0.0263781146780431,1,0.052332,1,0.029904,1,147.319875128457,1,4.86792838068564,180,1,17.9710006713867,36.3880004882812,0.0523319989442825,0.0346212722361088,142.058807373047,-87.0946,27.25,11.9205261084068,63,63,63,63,61,63,0.029904,7818,1.13366707078925,27,-87,0.001869,51,2026-06-12 01:25:39.000144,180,1.037,0.0011,"aoml_navis",1027.13097009364
"7901009",113,0.00824316083688847,1,0.031773,1,0.009345,1,148.14887288614,1,4.86780286894048,182,1,17.8880004882812,36.3839988708496,0.0317730009555817,0.0164863225072622,142.858200073242,-87.0946,27.25,11.9205261084068,63,63,63,63,61,63,0.009345,7818,1.13366707078925,27,-87,0.001869,51,2026-06-12 01:25:39.000144,182,1.037,0.0011,"aoml_navis",1027.15745370525
"7901009",113,0.00824316083688847,1,0.031773,1,0.009345,1,148.890665187666,1,4.8677205383025,184,1,17.8290004730225,36.3759994506836,0.0317730009555817,0.0164863225072622,143.573501586914,-87.0946,27.25,11.9205261084068,63,63,63,63,61,63,0.009345,7818,1.13366707078925,27,-87,0.001869,51,2026-06-12 01:25:39.000144,184,1.037,0.0011,"aoml_navis",1027.17482662709
"7901009",113,0.00494589650213308,1,0.028035,1,0.005607,1,149.856666182403,1,4.86766512652524,186,1,17.8080005645752,36.3730010986328,0.0280349999666214,0.0131890568882227,144.505004882812,-87.0946,27.25,11.9205261084068,63,63,63,63,61,63,0.005607,7818,1.13366707078925,27,-87,0.001869,51,2026-06-12 01:25:39.000144,186,1.037,0.0011,"aoml_navis",1027.18651962183
"7901009",113,0,1,0.022428,1,0,1,150.733467910881,1,4.86758981281716,188,1,17.7639999389648,36.3680000305176,0.0224280003458261,0.00824316125363111,145.350494384766,-87.0946,27.25,11.9205261084068,63,63,63,63,61,63,0,7818,1.13366707078925,27,-87,0.001869,51,2026-06-12 01:25:39.000144,188,1.037,0.0011,"aoml_navis",1027.20241274936
"7901009",113,-0.00659452866951077,1,0.014952,1,-0.007476,1,150.788851524843,1,4.86751811259685,190,1,17.7229995727539,36.3629989624023,0.0149520002305508,0.00164863211102784,145.403900146484,-87.0946,27.25,11.9205261084068,63,63,63,63,61,63,-0.007476,7818,1.13366707078925,27,-87,0.001869,51,2026-06-12 01:25:39.000144,190,1.037,0.0011,"aoml_navis",1027.21754379512
"7901009",113,-0.00494589650213308,1,0.016821,1,-0.005607,1,150.778170399293,1,4.86741751733261,192,1,17.6420001983643,36.3530006408691,0.0168210007250309,0.00329726422205567,145.393600463867,-87.0946,27.25,11.9205261084068,63,63,63,63,61,63,-0.005607,7818,1.13366707078925,27,-87,0.001869,51,2026-06-12 01:25:39.000144,192,1.037,0.0011,"aoml_navis",1027.2387733732
"7901009",113,-0.00494589650213308,1,0.016821,1,-0.005607,1,150.609234552817,1,4.8673533677376,194,1,17.5979995727539,36.3450012207031,0.0168210007250309,0.00329726422205567,145.230697631836,-87.0946,27.25,11.9205261084068,63,63,63,63,61,63,-0.005607,7818,1.13366707078925,27,-87,0.001869,51,2026-06-12 01:25:39.000144,194,1.037,0.0011,"aoml_navis",1027.25231193232
"7901009",113,-0.00494589650213308,1,0.016821,1,-0.005607,1,150.305178512162,1,4.86730636672675,196,1,17.5839996337891,36.3419990539551,0.0168210007250309,0.00329726422205567,144.9375,-87.0946,27.25,11.9205261084068,63,63,63,63,61,63,-0.005607,7818,1.13366707078925,27,-87,0.001869,51,2026-06-12 01:25:39.000144,196,1.037,0.0011,"aoml_navis",1027.26223156618
"7901009",113,-0.00824316083688847,1,0.013083,1,-0.009345,1,149.846807899118,1,4.86725124982412,198,1,17.5599994659424,36.3380012512207,0.0130829997360706,0,144.495498657227,-87.0946,27.25,11.9205261084068,63,63,63,63,61,63,-0.009345,7818,1.13366707078925,27,-87,0.001869,51,2026-06-12 01:25:39.000144,198,1.037,0.0011,"aoml_navis",1027.27386431524
"7901009",113,0,1,0.013083,1,-0.009345,1,149.451384719314,1,4.86719158879304,200,1,17.5289993286133,36.3330001831055,0.0130829997360706,0,144.114196777344,-87.0946,27.25,11.9205261084068,63,63,63,63,61,63,0,7818,1.13366707078925,27,-87,0.001869,51,2026-06-12 01:25:39.000144,200,1.037,0.0011,"aoml_navis",1027.28645642649
"7901009",113,0,1,0.016821,1,-0.005607,1,148.915761876736,1,4.86713008478955,202,1,17.4839992523193,36.3240013122559,0.0168210007250309,0.00329726422205567,143.597702026367,-87.0946,27.25,11.9205261084068,63,63,63,63,61,63,0,7818,1.13366707078925,27,-87,0.001869,51,2026-06-12 01:25:39.000144,202,1.037,0.0011,"aoml_navis",1027.29943784032
"7901009",113,0,1,0.013083,1,-0.009345,1,148.284420325341,1,4.86706633748843,204,1,17.4370002746582,36.314998626709,0.0130829997360706,0,142.988906860352,-87.0946,27.25,11.9205261084068,63,63,63,63,61,63,0,7818,1.13366707078925,27,-87,0.001869,51,2026-06-12 01:25:39.000144,204,1.037,0.0011,"aoml_navis",1027.31289308462
"7901009",113,0,1,0.01869,1,-0.003738,1,147.919584724334,1,4.86696513418011,206,1,17.3360004425049,36.298999786377,0.0186899993568659,0.00494589656591415,142.637100219727,-87.0946,27.25,11.9205261084068,63,63,63,63,61,63,0,7818,1.13366707078925,27,-87,0.001869,51,2026-06-12 01:25:39.000144,206,1.037,0.0011,"aoml_navis",1027.33425495194
"7901009",113,0,1,0.020559,1,-0.001869,1,147.729903758457,1,4.86687217538963,208,1,17.2479991912842,36.2849998474121,0.020558999851346,0.00659452844411135,142.454193115234,-87.0946,27.25,11.9205261084068,63,63,63,63,61,63,0,7818,1.13366707078925,27,-87,0.001869,51,2026-06-12 01:25:39.000144,208,1.037,0.0011,"aoml_navis",1027.35387735958
"7901009",113,0,1,0.01869,1,-0.003738,1,147.318830751736,1,4.86681056636242,210,1,17.2150001525879,36.2799987792969,0.0186899993568659,0.00494589656591415,142.057800292969,-87.0946,27.25,11.9205261084068,63,63,63,63,61,63,0,7818,1.13366707078925,27,-87,0.001869,51,2026-06-12 01:25:39.000144,210,1.037,0.0011,"aoml_navis",1027.36688264757
"7901009",113,0,1,0.016821,1,-0.005607,1,146.794822644201,1,4.86675146787148,212,1,17.1809997558594,36.273998260498,0.0168210007250309,0.00329726422205567,141.552505493164,-87.0946,27.25,11.9205261084068,63,63,63,63,61,63,0,7818,1.13366707078925,27,-87,0.001869,51,2026-06-12 01:25:39.000144,212,1.037,0.0011,"aoml_navis",1027.37935828615
"7901009",113,0,1,0.014952,1,-0.007476,1,146.097210642727,1,4.86669073924381,214,1,17.132999420166,36.2639999389648,0.0149520002305508,0.00164863211102784,140.879806518555,-87.0946,27.25,11.9205261084068,63,63,63,63,61,63,0,7818,1.13366707078925,27,-87,0.001869,51,2026-06-12 01:25:39.000144,214,1.037,0.0011,"aoml_navis",1027.39217836079
"7901009",113,0,1,0.016821,1,-0.005607,1,144.937382823011,1,4.86661925004349,216,1,17.0629997253418,36.25,0.0168210007250309,0.00329726422205567,139.76139831543,-87.0946,27.25,11.9205261084068,63,63,63,63,61,63,0,7818,1.13366707078925,27,-87,0.001869,51,2026-06-12 01:25:39.000144,216,1.037,0.0011,"aoml_navis",1027.40727044864
"7901009",113,0,1,0.01869,1,-0.003738,1,144.037557335014,1,4.86649487243318,218,1,16.9309997558594,36.2309989929199,0.0186899993568659,0.00494589656591415,138.893707275391,-87.0946,27.25,11.9205261084068,63,63,63,63,61,63,0,7818,1.13366707078925,27,-87,0.001869,51,2026-06-12 01:25:39.000144,218,1.037,0.0011,"aoml_navis",1027.43352886758
"7901009",113,0,1,0.01869,1,-0.003738,1,143.147669249752,1,4.86642202126443,220,1,16.8719997406006,36.2210006713867,0.0186899993568659,0.00494589656591415,138.035598754883,-87.0946,27.25,11.9205261084068,63,63,63,63,61,63,0,7818,1.13366707078925,27,-87,0.001869,51,2026-06-12 01:25:39.000144,220,1.037,0.0011,"aoml_navis",1027.44890972297
"7901009",113,0,1,0.016821,1,-0.005607,1,142.214028109459,1,4.86635504027364,222,1,16.818000793457,36.2109985351562,0.0168210007250309,0.00329726422205567,137.135299682617,-87.0946,27.25,11.9205261084068,63,63,63,63,61,63,0,7818,1.13366707078925,27,-87,0.001869,51,2026-06-12 01:25:39.000144,222,1.037,0.0011,"aoml_navis",1027.46305163111
"7901009",113,0,1,0.013083,1,-0.009345,1,141.206441932581,1,4.8662838036369,224,1,16.7569999694824,36.2000007629395,0.0130829997360706,0,136.163696289062,-87.0946,27.25,11.9205261084068,63,63,63,63,61,63,0,7818,1.13366707078925,27,-87,0.001869,51,2026-06-12 01:25:39.000144,224,1.037,0.0011,"aoml_navis",1027.47809247442
"7901009",113,0,1,0.020559,1,-0.001869,1,140.111539532318,1,4.86621430369219,226,1,16.6909999847412,36.1870002746582,0.020558999851346,0.00659452844411135,135.107894897461,-87.0946,27.25,11.9205261084068,63,63,63,63,61,63,0,7818,1.13366707078925,27,-87,0.001869,51,2026-06-12 01:25:39.000144,226,1.037,0.0011,"aoml_navis",1027.49276705843
"7901009",113,0,1,0.01869,1,-0.003738,1,139.035926453604,1,4.86614248313969,228,1,16.6259994506836,36.1749992370605,0.0186899993568659,0.00494589656591415,134.070693969727,-87.0946,27.25,11.9205261084068,63,63,63,63,61,63,0,7818,1.13366707078925,27,-87,0.001869,51,2026-06-12 01:25:39.000144,228,1.037,0.0011,"aoml_navis",1027.50793206818
"7901009",113,0,1,0.022428,1,0,1,138.309594092318,1,4.86607692062378,230,1,16.576000213623,36.1660003662109,0.0224280003458261,0.00824316125363111,133.370300292969,-87.0946,27.25,11.9205261084068,63,63,63,63,61,63,0,7818,1.13366707078925,27,-87,0.001869,51,2026-06-12 01:25:39.000144,230,1.037,0.0011,"aoml_navis",1027.52177607563
"7901009",113,0,1,0.020559,1,-0.001869,1,137.463158408182,1,4.86602432856113,232,1,16.5470008850098,36.1599998474121,0.020558999851346,0.00659452844411135,132.554092407227,-87.0946,27.25,11.9205261084068,63,63,63,63,61,63,0,7818,1.13366707078925,27,-87,0.001869,51,2026-06-12 01:25:39.000144,232,1.037,0.0011,"aoml_navis",1027.53288154613
"7901009",113,0,1,0.020559,1,-0.001869,1,136.72646139914,1,4.8659526384266,234,1,16.4850006103516,36.148998260498,0.020558999851346,0.00659452844411135,131.843704223633,-87.0946,27.25,11.9205261084068,63,63,63,63,61,63,0,7818,1.13366707078925,27,-87,0.001869,51,2026-06-12 01:25:39.000144,234,1.037,0.0011,"aoml_navis",1027.54802019954
"7901009",113,0,1,0.020559,1,-0.001869,1,137.428741448076,1,4.86585299389147,236,1,16.3689994812012,36.1290016174316,0.020558999851346,0.00659452844411135,132.520904541016,-87.0946,27.25,11.9205261084068,63,63,63,63,61,63,0,7818,1.13366707078925,27,-87,0.001869,51,2026-06-12 01:25:39.000144,236,1.037,0.0011,"aoml_navis",1027.56906266526
"7901009",113,0,1,0.016821,1,-0.005607,1,137.56417812005,1,4.8657614986316,238,1,16.2630004882812,36.1100006103516,0.0168210007250309,0.00329726422205567,132.651504516602,-87.0946,27.25,11.9205261084068,63,63,63,63,61,63,0,7818,1.13366707078925,27,-87,0.001869,51,2026-06-12 01:25:39.000144,238,1.037,0.0011,"aoml_navis",1027.58838496424
"7901009",113,0,1,0.020559,1,-0.001869,1,137.53637554584,1,4.86564739817304,240,1,16.1200008392334,36.0859985351562,0.020558999851346,0.00659452844411135,132.624694824219,-87.0946,27.25,11.9205261084068,63,63,63,63,61,63,0,7818,1.13366707078925,27,-87,0.001869,51,2026-06-12 01:25:39.000144,240,1.037,0.0011,"aoml_navis",1027.61248212877
"7901009",113,0,1,0.020559,1,-0.001869,1,137.240405512824,1,4.86559398212011,242,1,16.0799999237061,36.0769996643066,0.020558999851346,0.00659452844411135,132.339294433594,-87.0946,27.25,11.9205261084068,63,63,63,63,61,63,0,7818,1.13366707078925,27,-87,0.001869,51,2026-06-12 01:25:39.000144,242,1.037,0.0011,"aoml_navis",1027.62376358854
"7901009",113,0,1,0.01869,1,-0.003738,1,136.787019425036,1,4.8655220503776,244,1,16.0200004577637,36.0670013427734,0.0186899993568659,0.00494589656591415,131.902099609375,-87.0946,27.25,11.9205261084068,63,63,63,63,61,63,0,7818,1.13366707078925,27,-87,0.001869,51,2026-06-12 01:25:39.000144,244,1.037,0.0011,"aoml_navis",1027.63895594964
"7901009",113,0,1,0.01869,1,-0.003738,1,136.468959241993,1,4.86544045708222,246,1,15.9379997253418,36.0530014038086,0.0186899993568659,0.00494589656591415,131.595397949219,-87.0946,27.25,11.9205261084068,63,63,63,63,61,63,0,7818,1.13366707078925,27,-87,0.001869,51,2026-06-12 01:25:39.000144,246,1.037,0.0011,"aoml_navis",1027.65618942513
"7901009",113,0,1,0.016821,1,-0.005607,1,136.239053948489,1,4.86536557209957,248,1,15.875,36.0429992675781,0.0168210007250309,0.00329726422205567,131.37370300293,-87.0946,27.25,11.9205261084068,63,63,63,63,61,63,0,7818,1.13366707078925,27,-87,0.001869,51,2026-06-12 01:25:39.000144,248,1.037,0.0011,"aoml_navis",1027.67200653379
"7901009",113,0,1,0.020559,1,-0.001869,1,135.758070997058,1,4.86530637845248,250,1,15.8360004425049,36.0359992980957,0.020558999851346,0.00659452844411135,130.909896850586,-87.0946,27.25,11.9205261084068,63,63,63,63,61,63,0,7818,1.13366707078925,27,-87,0.001869,51,2026-06-12 01:25:39.000144,250,1.037,0.0011,"aoml_navis",1027.68450968351
"7901009",113,0,1,0.01869,1,-0.003738,1,135.32925940998,1,4.8652210064208,252,1,15.75,36.0219993591309,0.0186899993568659,0.00494589656591415,130.496398925781,-87.0946,27.25,11.9205261084068,63,63,63,63,61,63,0,7818,1.13366707078925,27,-87,0.001869,51,2026-06-12 01:25:39.000144,252,1.037,0.0011,"aoml_navis",1027.70254288579
"7901009",113,0,1,0.020559,1,-0.001869,1,135.067722160958,1,4.86513997412142,254,1,15.6709995269775,36.0089988708496,0.020558999851346,0.00659452844411135,130.244201660156,-87.0946,27.25,11.9205261084068,63,63,63,63,61,63,0,7818,1.13366707078925,27,-87,0.001869,51,2026-06-12 01:25:39.000144,254,1.037,0.0011,"aoml_navis",1027.71965998839
"7901009",113,0,1,0.01869,1,-0.003738,1,134.857517610135,1,4.86508473493849,256,1,15.6319999694824,36.0009994506836,0.0186899993568659,0.00494589656591415,130.04150390625,-87.0946,27.25,11.9205261084068,63,63,63,63,61,63,0,7818,1.13366707078925,27,-87,0.001869,51,2026-06-12 01:25:39.000144,256,1.037,0.0011,"aoml_navis",1027.73132893095
"7901009",113,0,1,0.01869,1,-0.003738,1,134.468313218985,1,4.86502373149017,258,1,15.5909996032715,35.9939994812012,0.0186899993568659,0.00494589656591415,129.666198730469,-87.0946,27.25,11.9205261084068,63,63,63,63,61,63,0,7818,1.13366707078925,27,-87,0.001869,51,2026-06-12 01:25:39.000144,258,1.037,0.0011,"aoml_navis",1027.74421584753
"7901009",113,0,1,0.020559,1,-0.001869,1,134.138226879767,1,4.86496025436232,260,1,15.5410003662109,35.9850006103516,0.020558999851346,0.00659452844411135,129.347900390625,-87.0946,27.25,11.9205261084068,63,63,63,63,61,63,0,7818,1.13366707078925,27,-87,0.001869,51,2026-06-12 01:25:39.000144,260,1.037,0.0011,"aoml_navis",1027.75762566952
"7901009",113,0,1,0.016821,1,-0.005607,1,133.7120104106,1,4.86490157575455,262,1,15.5019998550415,35.9780006408691,0.0168210007250309,0.00329726422205567,128.936904907227,-87.0946,27.25,11.9205261084068,63,63,63,63,61,63,0,7818,1.13366707078925,27,-87,0.001869,51,2026-06-12 01:25:39.000144,262,1.037,0.0011,"aoml_navis",1027.77002209433
"7901009",113,0,1,0.01869,1,-0.003738,1,133.151480765629,1,4.86483175469275,264,1,15.4460000991821,35.9690017700195,0.0186899993568659,0.00494589656591415,128.396392822266,-87.0946,27.25,11.9205261084068,63,63,63,63,61,63,0,7818,1.13366707078925,27,-87,0.001869,51,2026-06-12 01:25:39.000144,264,1.037,0.0011,"aoml_navis",1027.78477286021
"7901009",113,0,1,0.020559,1,-0.001869,1,132.759079948759,1,4.86474816157601,266,1,15.3570003509521,35.9539985656738,0.020558999851346,0.00659452844411135,128.018005371094,-87.0946,27.25,11.9205261084068,63,63,63,63,61,63,0,7818,1.13366707078925,27,-87,0.001869,51,2026-06-12 01:25:39.000144,266,1.037,0.0011,"aoml_navis",1027.80243374
"7901009",113,0,1,0.020559,1,-0.001869,1,132.517449152984,1,4.86469311851192,268,1,15.3109998703003,35.9440002441406,0.020558999851346,0.00659452844411135,127.785003662109,-87.0946,27.25,11.9205261084068,63,63,63,63,61,63,0,7818,1.13366707078925,27,-87,0.001869,51,2026-06-12 01:25:39.000144,268,1.037,0.0011,"aoml_navis",1027.81406312624
"7901009",113,0,1,0.024297,1,0.001869,1,132.296555564667,1,4.86460689902704,270,1,15.2360000610352,35.9339981079102,0.0242970008403063,0.00989179313182831,127.571998596191,-87.0946,27.25,11.9205261084068,63,63,63,63,61,63,0,7818,1.13366707078925,27,-87,0.001869,51,2026-06-12 01:25:39.000144,270,1.037,0.0011,"aoml_navis",1027.83227993202
"7901009",113,0,1,0.022428,1,0,1,131.97631959679,1,4.86454521464335,272,1,15.1870002746582,35.9249992370605,0.0224280003458261,0.00824316125363111,127.263198852539,-87.0946,27.25,11.9205261084068,63,63,63,63,61,63,0,7818,1.13366707078925,27,-87,0.001869,51,2026-06-12 01:25:39.000144,272,1.037,0.0011,"aoml_navis",1027.84531325742
"7901009",113,0,1,0.020559,1,-0.001869,1,131.665625434404,1,4.86447718415782,274,1,15.1319999694824,35.9160003662109,0.020558999851346,0.00659452844411135,126.963600158691,-87.0946,27.25,11.9205261084068,63,63,63,63,61,63,0,7818,1.13366707078925,27,-87,0.001869,51,2026-06-12 01:25:39.000144,274,1.037,0.0011,"aoml_navis",1027.85968783727
"7901009",113,0,1,0.020559,1,-0.001869,1,131.406572536066,1,4.86440735938332,276,1,15.0649995803833,35.9039993286133,0.020558999851346,0.00659452844411135,126.713798522949,-87.0946,27.25,11.9205261084068,63,63,63,63,61,63,0,7818,1.13366707078925,27,-87,0.001869,51,2026-06-12 01:25:39.000144,276,1.037,0.0011,"aoml_navis",1027.87444196159
"7901009",113,0,1,0.01869,1,-0.003738,1,131.086336568189,1,4.86433790236935,278,1,15.0050001144409,35.8940010070801,0.0186899993568659,0.00494589656591415,126.404998779297,-87.0946,27.25,11.9205261084068,63,63,63,63,61,63,0,7818,1.13366707078925,27,-87,0.001869,51,2026-06-12 01:25:39.000144,278,1.037,0.0011,"aoml_navis",1027.88911879756
"7901009",113,0,1,0.020559,1,-0.001869,1,130.750237150884,1,4.86426434330768,280,1,14.9409999847412,35.8839988708496,0.020558999851346,0.00659452844411135,126.080902099609,-87.0946,27.25,11.9205261084068,63,63,63,63,61,63,0,7818,1.13366707078925,27,-87,0.001869,51,2026-06-12 01:25:39.000144,280,1.037,0.0011,"aoml_navis",1027.90466288681
"7901009",113,0,1,0.020559,1,-0.001869,1,130.448459750346,1,4.8642050867806,282,1,14.9040002822876,35.8779983520508,0.020558999851346,0.00659452844411135,125.789901733398,-87.0946,27.25,11.9205261084068,63,63,63,63,61,63,0,7818,1.13366707078925,27,-87,0.001869,51,2026-06-12 01:25:39.000144,282,1.037,0.0011,"aoml_navis",1027.91718498639
"7901009",113,0,1,0.022428,1,0,1,130.277553829602,1,4.86413935669682,284,1,14.8540000915527,35.8699989318848,0.0224280003458261,0.00824316125363111,125.625099182129,-87.0946,27.25,11.9205261084068,63,63,63,63,61,63,0,7818,1.13366707078925,27,-87,0.001869,51,2026-06-12 01:25:39.000144,284,1.037,0.0011,"aoml_navis",1027.93107543601
"7901009",113,0,1,0.022428,1,0,1,130.026278373054,1,4.86407902751216,286,1,14.8090000152588,35.8619995117188,0.0224280003458261,0.00824316125363111,125.382797241211,-87.0946,27.25,11.9205261084068,63,63,63,63,61,63,0,7818,1.13366707078925,27,-87,0.001869,51,2026-06-12 01:25:39.000144,286,1.037,0.0011,"aoml_navis",1027.94382486778
"7901009",113,0,1,0.01869,1,-0.003738,1,129.826343526648,1,4.86401231025548,288,1,14.7510004043579,35.8520011901855,0.0186899993568659,0.00494589656591415,125.190002441406,-87.0946,27.25,11.9205261084068,63,63,63,63,61,63,0,7818,1.13366707078925,27,-87,0.001869,51,2026-06-12 01:25:39.000144,288,1.037,0.0011,"aoml_navis",1027.95792466598
"7901009",113,0,1,0.016821,1,-0.005607,1,129.803628332979,1,4.86393087803809,290,1,14.6719999313354,35.8400001525879,0.0168210007250309,0.00329726422205567,125.168098449707,-87.0946,27.25,11.9205261084068,63,63,63,63,61,63,0,7818,1.13366707078925,27,-87,0.001869,51,2026-06-12 01:25:39.000144,290,1.037,0.0011,"aoml_navis",1027.97513479813
"7901009",113,0,1,0.01869,1,-0.003738,1,129.559093853444,1,4.86386715751688,292,1,14.6199998855591,35.8310012817383,0.0186899993568659,0.00494589656591415,124.93229675293,-87.0946,27.25,11.9205261084068,63,63,63,63,61,63,0,7818,1.13366707078925,27,-87,0.001869,51,2026-06-12 01:25:39.000144,292,1.037,0.0011,"aoml_navis",1027.98860208851
"7901009",113,0,1,0.01869,1,-0.003738,1,129.294858631228,1,4.86379565698833,294,1,14.5570001602173,35.8209991455078,0.0186899993568659,0.00494589656591415,124.67749786377,-87.0946,27.25,11.9205261084068,63,63,63,63,61,63,0,7818,1.13366707078925,27,-87,0.001869,51,2026-06-12 01:25:39.000144,294,1.037,0.0011,"aoml_navis",1028.00371409847
"7901009",113,0,1,0.016821,1,-0.005607,1,128.835554408691,1,4.8637489942769,296,1,14.5279998779297,35.8139991760254,0.0168210007250309,0.00329726422205567,124.234596252441,-87.0946,27.25,11.9205261084068,63,63,63,63,61,63,0,7818,1.13366707078925,27,-87,0.001869,51,2026-06-12 01:25:39.000144,296,1.037,0.0011,"aoml_navis",1028.01357674572
"7901009",113,0,1,0.022428,1,0,1,128.460567782439,1,4.86366408711303,298,1,14.4379997253418,35.7999992370605,0.0224280003458261,0.00824316125363111,123.873001098633,-87.0946,27.25,11.9205261084068,63,63,63,63,61,63,0,7818,1.13366707078925,27,-87,0.001869,51,2026-06-12 01:25:39.000144,298,1.037,0.0011,"aoml_navis",1028.03152323949
"7901009",113,0,1,0.020559,1,-0.001869,1,128.209814514251,1,4.86359045351266,300,1,14.3620004653931,35.7869987487793,0.020558999851346,0.00659452844411135,123.631202697754,-87.0946,27.25,11.9205261084068,63,63,63,63,61,63,0,7818,1.13366707078925,27,-87,0.001869,51,2026-06-12 01:25:39.000144,300,1.037,0.0011,"aoml_navis",1028.04708739175
"7901009",113,0,1,0.016821,1,-0.005607,1,127.838032225664,1,4.86351291010071,302,1,14.2819995880127,35.773998260498,0.0168210007250309,0.00329726422205567,123.27269744873,-87.0946,27.25,11.9205261084068,63,63,63,63,61,63,0,7818,1.13366707078925,27,-87,0.001869,51,2026-06-12 01:25:39.000144,302,1.037,0.0011,"aoml_navis",1028.06347848195
"7901009",113,0,1,0.022428,1,0,1,127.496956195048,1,4.86342589568018,304,1,14.1820001602173,35.757999420166,0.0224280003458261,0.00824316125363111,122.943801879883,-87.0946,27.25,11.9205261084068,63,63,63,63,61,63,0,7818,1.13366707078925,27,-87,0.001869,51,2026-06-12 01:25:39.000144,304,1.037,0.0011,"aoml_navis",1028.08187217186
"7901009",113,0,1,0.022428,1,0,1,127.406522665391,1,4.86333716417576,306,1,14.0869998931885,35.7439994812012,0.0224280003458261,0.00824316125363111,122.856597900391,-87.0946,27.25,11.9205261084068,63,63,63,63,61,63,0,7818,1.13366707078925,27,-87,0.001869,51,2026-06-12 01:25:39.000144,306,1.037,0.0011,"aoml_navis",1028.10062950826
"7901009",113,0,1,0.022428,1,0,1,127.132128505986,1,4.86328693531295,308,1,14.0539999008179,35.7369995117188,0.0224280003458261,0.00824316125363111,122.592002868652,-87.0946,27.25,11.9205261084068,63,63,63,63,61,63,0,7818,1.13366707078925,27,-87,0.001869,51,2026-06-12 01:25:39.000144,308,1.037,0.0011,"aoml_navis",1028.11124790815
"7901009",113,0,1,0.016821,1,-0.005607,1,126.66100383784,1,4.86324280831701,310,1,14.0340003967285,35.7319984436035,0.0168210007250309,0.00329726422205567,122.137702941895,-87.0946,27.25,11.9205261084068,63,63,63,63,61,63,0,7818,1.13366707078925,27,-87,0.001869,51,2026-06-12 01:25:39.000144,310,1.037,0.0011,"aoml_navis",1028.12057655215
"7901009",113,0,1,0.020559,1,-0.001869,1,126.526500775359,1,4.86312705981233,312,1,13.8870000839233,35.7109985351562,0.020558999851346,0.00659452844411135,122.008003234863,-87.0946,27.25,11.9205261084068,63,63,63,63,61,63,0,7818,1.13366707078925,27,-87,0.001869,51,2026-06-12 01:25:39.000144,312,1.037,0.0011,"aoml_navis",1028.1450471074
"7901009",113,0,1,0.01869,1,-0.003738,1,126.456290176744,1,4.86305934462263,314,1,13.8330001831055,35.7029991149902,0.0186899993568659,0.00494589656591415,121.940299987793,-87.0946,27.25,11.9205261084068,63,63,63,63,61,63,0,7818,1.13366707078925,27,-87,0.001869,51,2026-06-12 01:25:39.000144,314,1.037,0.0011,"aoml_navis",1028.15936341159
"7901009",113,0,1,0.020559,1,-0.001869,1,126.27605607302,1,4.86301316701396,316,1,13.8179998397827,35.7000007629395,0.020558999851346,0.00659452844411135,121.766502380371,-87.0946,27.25,11.9205261084068,63,63,63,63,61,63,0,7818,1.13366707078925,27,-87,0.001869,51,2026-06-12 01:25:39.000144,316,1.037,0.0011,"aoml_navis",1028.16912648216
"7901009",113,0,1,0.024297,1,0.001869,1,125.979152430511,1,4.86296964214628,318,1,13.8020000457764,35.6959991455078,0.0242970008403063,0.00989179313182831,121.480201721191,-87.0946,27.25,11.9205261084068,63,63,63,63,61,63,0,7818,1.13366707078925,27,-87,0.001869,51,2026-06-12 01:25:39.000144,318,1.037,0.0011,"aoml_navis",1028.17832886846
"7901009",113,0,1,0.020559,1,-0.001869,1,125.698428715224,1,4.86290252070694,320,1,13.7519998550415,35.6889991760254,0.020558999851346,0.00659452844411135,121.209503173828,-87.0946,27.25,11.9205261084068,63,63,63,63,61,63,0,7818,1.13366707078925,27,-87,0.001869,51,2026-06-12 01:25:39.000144,320,1.037,0.0011,"aoml_navis",1028.19252055933
"7901009",113,0,1,0.022428,1,0,1,125.4271360382,1,4.86283448822876,322,1,13.701000213623,35.681999206543,0.0224280003458261,0.00824316125363111,120.947898864746,-87.0946,27.25,11.9205261084068,63,63,63,63,61,63,0,7818,1.13366707078925,27,-87,0.001869,51,2026-06-12 01:25:39.000144,322,1.037,0.0011,"aoml_navis",1028.20690527372
"7901009",113,0,1,0.022428,1,0,1,125.092175940954,1,4.86277667413295,324,1,13.6599998474121,35.6749992370605,0.0224280003458261,0.00824316125363111,120.624900817871,-87.0946,27.25,11.9205261084068,63,63,63,63,61,63,0,7818,1.13366707078925,27,-87,0.001869,51,2026-06-12 01:25:39.000144,324,1.037,0.0011,"aoml_navis",1028.21912974063
"7901009",113,0,1,0.020559,1,-0.001869,1,124.774535090988,1,4.86270590275333,326,1,13.5880002975464,35.6629981994629,0.020558999851346,0.00659452844411135,120.318603515625,-87.0946,27.25,11.9205261084068,63,63,63,63,61,63,0,7818,1.13366707078925,27,-87,0.001869,51,2026-06-12 01:25:39.000144,326,1.037,0.0011,"aoml_navis",1028.23409434836
"7901009",113,0,1,0.01869,1,-0.003738,1,124.568476399268,1,4.86262054356952,328,1,13.4940004348755,35.648998260498,0.0186899993568659,0.00494589656591415,120.119903564453,-87.0946,27.25,11.9205261084068,63,63,63,63,61,63,0,7818,1.13366707078925,27,-87,0.001869,51,2026-06-12 01:25:39.000144,328,1.037,0.0011,"aoml_navis",1028.25214412672
"7901009",113,0,1,0.024297,1,0.001869,1,124.3796261876,1,4.86255198024713,330,1,13.4309997558594,35.6389999389648,0.0242970008403063,0.00989179313182831,119.937797546387,-87.0946,27.25,11.9205261084068,63,63,63,63,61,63,0,7818,1.13366707078925,27,-87,0.001869,51,2026-06-12 01:25:39.000144,330,1.037,0.0011,"aoml_navis",1028.2666427652
"7901009",113,0,1,0.020559,1,-0.001869,1,124.085111952436,1,4.86249932451881,332,1,13.4020004272461,35.6339988708496,0.020558999851346,0.00659452844411135,119.653800964355,-87.0946,27.25,11.9205261084068,63,63,63,63,61,63,0,7818,1.13366707078925,27,-87,0.001869,51,2026-06-12 01:25:39.000144,332,1.037,0.0011,"aoml_navis",1028.27777780613
"7901009",113,0,1,0.01869,1,-0.003738,1,123.831241377976,1,4.86242800838522,334,1,13.3360004425049,35.6240005493164,0.0186899993568659,0.00494589656591415,119.408996582031,-87.0946,27.25,11.9205261084068,63,63,63,63,61,63,0,7818,1.13366707078925,27,-87,0.001869,51,2026-06-12 01:25:39.000144,334,1.037,0.0011,"aoml_navis",1028.29285932409
"7901009",113,0,1,0.020559,1,-0.001869,1,123.558089393912,1,4.86237279900589,336,1,13.2969999313354,35.617000579834,0.020558999851346,0.00659452844411135,119.145599365234,-87.0946,27.25,11.9205261084068,63,63,63,63,61,63,0,7818,1.13366707078925,27,-87,0.001869,51,2026-06-12 01:25:39.000144,336,1.037,0.0011,"aoml_navis",1028.30453498388
"7901009",113,0,1,0.024297,1,0.001869,1,122.946132107404,1,4.86233522319311,338,1,13.2829999923706,35.6119995117188,0.0242970008403063,0.00989179313182831,118.55549621582,-87.0946,27.25,11.9205261084068,63,63,63,63,61,63,0,7818,1.13366707078925,27,-87,0.001869,51,2026-06-12 01:25:39.000144,338,1.037,0.0011,"aoml_navis",1028.31248165495
"7901009",113,0,1,0.024297,1,0.001869,1,122.37317279707,1,4.8622412170929,340,1,13.1680002212524,35.5950012207031,0.0242970008403063,0.00989179313182831,118.002998352051,-87.0946,27.25,11.9205261084068,63,63,63,63,61,63,0,7818,1.13366707078925,27,-87,0.001869,51,2026-06-12 01:25:39.000144,340,1.037,0.0011,"aoml_navis",1028.33236294876
"7901009",113,0,1,0.020559,1,-0.001869,1,122.108731864288,1,4.86214046232239,342,1,13.0270004272461,35.5730018615723,0.020558999851346,0.00659452844411135,117.748001098633,-87.0946,27.25,11.9205261084068,63,63,63,63,61,63,0,7818,1.13366707078925,27,-87,0.001869,51,2026-06-12 01:25:39.000144,342,1.037,0.0011,"aoml_navis",1028.35367236835
"7901009",113,0,1,0.026166,1,0.003738,1,121.834646270732,1,4.86207502697981,344,1,12.951000213623,35.5589981079102,0.0261659994721413,0.0115404240787029,117.483703613281,-87.0946,27.25,11.9205261084068,63,63,63,63,61,63,0,7818,1.13366707078925,27,-87,0.001869,51,2026-06-12 01:25:39.000144,344,1.037,0.0011,"aoml_navis",1028.36751227713
"7901009",113,0,1,0.026166,1,0.003738,1,121.621221558354,1,4.86200591868208,346,1,12.871000289917,35.5449981689453,0.0261659994721413,0.0115404240787029,117.277900695801,-87.0946,27.25,11.9205261084068,63,63,63,63,61,63,0,7818,1.13366707078925,27,-87,0.001869,51,2026-06-12 01:25:39.000144,346,1.037,0.0011,"aoml_navis",1028.38212943915
"7901009",113,0,1,0.020559,1,-0.001869,1,121.359162120973,1,4.86193951111693,348,1,12.8159999847412,35.5369987487793,0.020558999851346,0.00659452844411135,117.025199890137,-87.0946,27.25,11.9205261084068,63,63,63,63,61,63,0,7818,1.13366707078925,27,-87,0.001869,51,2026-06-12 01:25:39.000144,348,1.037,0.0011,"aoml_navis",1028.39617575813
"7901009",113,0,1,0.026166,1,0.003738,1,121.254423795024,1,4.8618543599692,350,1,12.7189998626709,35.5229988098145,0.0261659994721413,0.0115404240787029,116.924201965332,-87.0946,27.25,11.9205261084068,63,63,63,63,61,63,0,7818,1.13366707078925,27,-87,0.001869,51,2026-06-12 01:25:39.000144,350,1.037,0.0011,"aoml_navis",1028.41418722211
"7901009",113,0,1,0.024297,1,0.001869,1,121.102704340546,1,4.86178260083919,352,1,12.6429996490479,35.5110015869141,0.0242970008403063,0.00989179313182831,116.777900695801,-87.0946,27.25,11.9205261084068,63,63,63,63,61,63,0,7818,1.13366707078925,27,-87,0.001869,51,2026-06-12 01:25:39.000144,352,1.037,0.0011,"aoml_navis",1028.42936645027
"7901009",113,0,1,0.01869,1,-0.003738,1,121.043902766407,1,4.86171496237555,354,1,12.5710000991821,35.4990005493164,0.0186899993568659,0.00494589656591415,116.721199035645,-87.0946,27.25,11.9205261084068,63,63,63,63,61,63,0,7818,1.13366707078925,27,-87,0.001869,51,2026-06-12 01:25:39.000144,354,1.037,0.0011,"aoml_navis",1028.44367444299
"7901009",113,0,1,0.024297,1,0.001869,1,121.024716300142,1,4.86166637395053,355.899993896484,1,12.5430002212524,35.4939994812012,0.0242970008403063,0.00989179313182831,116.702697753906,-87.0946,27.25,11.9205261084068,63,63,63,63,61,63,0,7818,1.13366707078925,27,-87,0.001869,51,2026-06-12 01:25:39.000144,355.899993896484,1.037,0.0011,"aoml_navis",1028.45395290608
"7901009",113,0,1,0.026166,1,0.003738,1,120.874144077667,1,4.86161899359609,358,1,12.5319995880127,35.492000579834,0.0261659994721413,0.0115404240787029,116.557502746582,-87.0946,27.25,11.9205261084068,63,63,63,63,61,63,0,7818,1.13366707078925,27,-87,0.001869,51,2026-06-12 01:25:39.000144,358,1.037,0.0011,"aoml_navis",1028.46397601009
"7901009",113,0,1,0.022428,1,0,1,120.854332567758,1,4.86156469060492,360,1,12.503999710083,35.4879989624023,0.0224280003458261,0.00824316125363111,116.538398742676,-87.0946,27.25,11.9205261084068,63,63,63,63,61,63,0,7818,1.13366707078925,27,-87,0.001869,51,2026-06-12 01:25:39.000144,360,1.037,0.0011,"aoml_navis",1028.47546380749
"7901009",113,0,1,0.024297,1,0.001869,1,120.807976482871,1,4.86151117820834,362,1,12.4729995727539,35.4830017089844,0.0242970008403063,0.00989179313182831,116.493698120117,-87.0946,27.25,11.9205261084068,63,63,63,63,61,63,0,7818,1.13366707078925,27,-87,0.001869,51,2026-06-12 01:25:39.000144,362,1.037,0.0011,"aoml_navis",1028.48678460567
"7901009",113,0,1,0.020559,1,-0.001869,1,120.774271597803,1,4.86145520161771,364,1,12.4469995498657,35.4799995422363,0.020558999851346,0.00659452844411135,116.461196899414,-87.0946,27.25,11.9205261084068,63,63,63,63,61,63,0,7818,1.13366707078925,27,-87,0.001869,51,2026-06-12 01:25:39.000144,364,1.037,0.0011,"aoml_navis",1028.49862698235
"7901009",113,0,1,0.01869,1,-0.003738,1,120.648898919681,1,4.86140229022481,366,1,12.4280004501343,35.4780006408691,0.0186899993568659,0.00494589656591415,116.340301513672,-87.0946,27.25,11.9205261084068,63,63,63,63,61,63,0,7818,1.13366707078925,27,-87,0.001869,51,2026-06-12 01:25:39.000144,366,1.037,0.0011,"aoml_navis",1028.50982113821
"7901009",113,0,1,0.024297,1,0.001869,1,120.17828852795,1,4.86134608714379,368,1,12.4169998168945,35.4790000915527,0.0242970008403063,0.00989179313182831,115.886497497559,-87.0946,27.25,11.9205261084068,63,63,63,63,61,63,0,7818,1.13366707078925,27,-87,0.001869,51,2026-06-12 01:25:39.000144,368,1.037,0.0011,"aoml_navis",1028.52171196428
"7901009",113,0,1,0.022428,1,0,1,119.56727276288,1,4.86128117800288,370,1,12.3509998321533,35.4679985046387,0.0224280003458261,0.00824316125363111,115.297302246094,-87.0946,27.25,11.9205261084068,63,63,63,63,61,63,0,7818,1.13366707078925,27,-87,0.001869,51,2026-06-12 01:25:39.000144,370,1.037,0.0011,"aoml_navis",1028.53544506432
"7901009",113,0,1,0.024297,1,0.001869,1,119.401137744881,1,4.86121335676141,372,1,12.2510004043579,35.4490013122559,0.0242970008403063,0.00989179313182831,115.137100219727,-87.0946,27.25,11.9205261084068,63,63,63,63,61,63,0,7818,1.13366707078925,27,-87,0.001869,51,2026-06-12 01:25:39.000144,372,1.037,0.0011,"aoml_navis",1028.54979468152
"7901009",113,0,1,0.024297,1,0.001869,1,119.530458483484,1,4.86114797642641,374,1,12.1840000152588,35.4379997253418,0.0242970008403063,0.00989179313182831,115.26180267334,-87.0946,27.25,11.9205261084068,63,63,63,63,61,63,0,7818,1.13366707078925,27,-87,0.001869,51,2026-06-12 01:25:39.000144,374,1.037,0.0011,"aoml_navis",1028.56362823081
"7901009",113,0,1,0.022428,1,0,1,119.649406662386,1,4.86108578327911,376,1,12.1549997329712,35.4360008239746,0.0224280003458261,0.00824316125363111,115.376502990723,-87.0946,27.25,11.9205261084068,63,63,63,63,61,63,0,7818,1.13366707078925,27,-87,0.001869,51,2026-06-12 01:25:39.000144,376,1.037,0.0011,"aoml_navis",1028.57678776185
"7901009",113,0,1,0.024297,1,0.001869,1,119.583033357024,1,4.8610190198397,378,1,12.125,35.435001373291,0.0242970008403063,0.00989179313182831,115.3125,-87.0946,27.25,11.9205261084068,63,63,63,63,61,63,0,7818,1.13366707078925,27,-87,0.001869,51,2026-06-12 01:25:39.000144,378,1.037,0.0011,"aoml_navis",1028.59091470185
"7901009",113,0,1,0.028035,1,0.005607,1,119.105689900225,1,4.86095762335297,380,1,12.1199998855591,35.4389991760254,0.0280349999666214,0.0131890568882227,114.852203369141,-87.0946,27.25,11.9205261084068,63,63,63,63,61,63,0,7818,1.13366707078925,27,-87,0.001869,51,2026-06-12 01:25:39.000144,380,1.037,0.0011,"aoml_navis",1028.60390635356
"7901009",113,0,1,0.024297,1,0.001869,1,118.021777191362,1,4.86090329836022,382,1,12.1070003509521,35.4389991760254,0.0242970008403063,0.00989179313182831,113.806999206543,-87.0946,27.25,11.9205261084068,63,63,63,63,61,63,0,7818,1.13366707078925,27,-87,0.001869,51,2026-06-12 01:25:39.000144,382,1.037,0.0011,"aoml_navis",1028.61540193295
"7901009",113,0,1,0.024297,1,0.001869,1,116.03492168823,1,4.86085617341813,384,1,12.0900001525879,35.4360008239746,0.0242970008403063,0.00989179313182831,111.891098022461,-87.0946,27.25,11.9205261084068,63,63,63,63,61,63,0,7818,1.13366707078925,27,-87,0.001869,51,2026-06-12 01:25:39.000144,384,1.037,0.0011,"aoml_navis",1028.62537413528
"7901009",113,0,1,0.026166,1,0.003738,1,114.578514615743,1,4.86075660738947,386,1,12.0290002822876,35.4360008239746,0.0261659994721413,0.0115404240787029,110.486701965332,-87.0946,27.25,11.9205261084068,63,63,63,63,61,63,0,7818,1.13366707078925,27,-87,0.001869,51,2026-06-12 01:25:39.000144,386,1.037,0.0011,"aoml_navis",1028.64644413564
"7901009",113,0,1,0.028035,1,0.005607,1,114.418084109983,1,4.86069192389765,388,1,11.9659996032715,35.4259986877441,0.0280349999666214,0.0131890568882227,110.332000732422,-87.0946,27.25,11.9205261084068,63,63,63,63,61,63,0,7818,1.13366707078925,27,-87,0.001869,51,2026-06-12 01:25:39.000144,388,1.037,0.0011,"aoml_navis",1028.66013281307
"7901009",113,0,1,0.028035,1,0.005607,1,114.605684234365,1,4.86059615297863,390,1,11.8500003814697,35.4109992980957,0.0280349999666214,0.0131890568882227,110.512901306152,-87.0946,27.25,11.9205261084068,63,63,63,63,61,63,0,7818,1.13366707078925,27,-87,0.001869,51,2026-06-12 01:25:39.000144,390,1.037,0.0011,"aoml_navis",1028.68040105244
"7901009",113,0,1,0.028035,1,0.005607,1,114.795562998863,1,4.86052997234269,392,1,11.7770004272461,35.398998260498,0.0280349999666214,0.0131890568882227,110.695999145508,-87.0946,27.25,11.9205261084068,63,63,63,63,61,63,0,7818,1.13366707078925,27,-87,0.001869,51,2026-06-12 01:25:39.000144,392,1.037,0.0011,"aoml_navis",1028.69440749279
"7901009",113,0,1,0.026166,1,0.003738,1,114.952464777219,1,4.86045669098486,394,1,11.7040004730225,35.3889999389648,0.0261659994721413,0.0115404240787029,110.847297668457,-87.0946,27.25,11.9205261084068,63,63,63,63,61,63,0,7818,1.13366707078925,27,-87,0.001869,51,2026-06-12 01:25:39.000144,394,1.037,0.0011,"aoml_navis",1028.70991717177
"7901009",113,0,1,0.024297,1,0.001869,1,115.030033484547,1,4.86040031988887,396,1,11.6529998779297,35.3800010681152,0.0242970008403063,0.00989179313182831,110.922096252441,-87.0946,27.25,11.9205261084068,63,63,63,63,61,63,0,7818,1.13366707078925,27,-87,0.001869,51,2026-06-12 01:25:39.000144,396,1.037,0.0011,"aoml_navis",1028.72184818602
"7901009",113,0,1,0.024297,1,0.001869,1,115.012405671417,1,4.86034135361609,398,1,11.6070003509521,35.3730010986328,0.0242970008403063,0.00989179313182831,110.905097961426,-87.0946,27.25,11.9205261084068,63,63,63,63,61,63,0,7818,1.13366707078925,27,-87,0.001869,51,2026-06-12 01:25:39.000144,398,1.037,0.0011,"aoml_navis",1028.7343287689
"7901009",113,0,1,0.029904,1,0.007476,1,114.780941724777,1,4.8602889478884,400,1,11.5719995498657,35.367000579834,0.0299040004611015,0.0148376896977425,110.681900024414,-87.0946,27.25,11.9205261084068,63,63,63,63,61,63,0,7818,1.13366707078925,27,-87,0.001869,51,2026-06-12 01:25:39.000144,400,1.037,0.0011,"aoml_navis",1028.74542102529
"7901009",113,0,1,0.026166,1,0.003738,1,114.315418713586,1,4.86023477172188,402,1,11.5389995574951,35.3619995117188,0.0261659994721413,0.0115404240787029,110.233001708984,-87.0946,27.25,11.9205261084068,63,63,63,63,61,63,0,7818,1.13366707078925,27,-87,0.001869,51,2026-06-12 01:25:39.000144,402,1.037,0.0011,"aoml_navis",1028.75688826624
"7901009",113,0,1,0.026166,1,0.003738,1,113.539407250576,1,4.86016959558681,404,1,11.4860000610352,35.3549995422363,0.0261659994721413,0.0115404240787029,109.484703063965,-87.0946,27.25,11.9205261084068,63,63,63,63,61,63,0,7818,1.13366707078925,27,-87,0.001869,51,2026-06-12 01:25:39.000144,404,1.037,0.0011,"aoml_navis",1028.77068416299
"7901009",113,0,1,0.026166,1,0.003738,1,112.228595787252,1,4.86010910963932,406,1,11.4499998092651,35.351001739502,0.0261659994721413,0.0115404240787029,108.220703125,-87.0946,27.25,11.9205261084068,63,63,63,63,61,63,0,7818,1.13366707078925,27,-87,0.001869,51,2026-06-12 01:25:39.000144,406,1.037,0.0011,"aoml_navis",1028.78348761414
"7901009",113,0,1,0.028035,1,0.005607,1,110.250965611818,1,4.8600541727748,408,1,11.4440002441406,35.3530006408691,0.0280349999666214,0.0131890568882227,106.313697814941,-87.0946,27.25,11.9205261084068,63,63,63,63,61,63,0,7818,1.13366707078925,27,-87,0.001869,51,2026-06-12 01:25:39.000144,408,1.037,0.0011,"aoml_navis",1028.79511673124
"7901009",113,0,1,0.024297,1,0.001869,1,108.561947360688,1,4.85999561004777,410,1,11.4739999771118,35.3650016784668,0.0242970008403063,0.00989179313182831,104.684997558594,-87.0946,27.25,11.9205261084068,63,63,63,63,61,63,0,7818,1.13366707078925,27,-87,0.001869,51,2026-06-12 01:25:39.000144,410,1.037,0.0011,"aoml_navis",1028.80751366581
"7901009",113,0,1,0.026166,1,0.003738,1,108.147654192413,1,4.85994620669338,412,1,11.4820003509521,35.3689994812012,0.0261659994721413,0.0115404240787029,104.285499572754,-87.0946,27.25,11.9205261084068,63,63,63,63,61,63,0,7818,1.13366707078925,27,-87,0.001869,51,2026-06-12 01:25:39.000144,412,1.037,0.0011,"aoml_navis",1028.81797191782
"7901009",113,0,1,0.026166,1,0.003738,1,108.039489994344,1,4.85989763301135,414,1,11.4589996337891,35.3650016784668,0.0261659994721413,0.0115404240787029,104.181198120117,-87.0946,27.25,11.9205261084068,63,63,63,63,61,63,0,7818,1.13366707078925,27,-87,0.001869,51,2026-06-12 01:25:39.000144,414,1.037,0.0011,"aoml_navis",1028.82825474285
"7901009",113,0,1,0.026166,1,0.003738,1,108.003609324441,1,4.85983992441326,416,1,11.4139995574951,35.3580017089844,0.0261659994721413,0.0115404240787029,104.146598815918,-87.0946,27.25,11.9205261084068,63,63,63,63,61,63,0,7818,1.13366707078925,27,-87,0.001869,51,2026-06-12 01:25:39.000144,416,1.037,0.0011,"aoml_navis",1028.84047165477
"7901009",113,0,1,0.022428,1,0,1,108.173993056824,1,4.85977050070916,418,1,11.3360004425049,35.3460006713867,0.0224280003458261,0.00824316125363111,104.310897827148,-87.0946,27.25,11.9205261084068,63,63,63,63,61,63,0,7818,1.13366707078925,27,-87,0.001869,51,2026-06-12 01:25:39.000144,418,1.037,0.0011,"aoml_navis",1028.85516903944
"7901009",113,0,1,0.028035,1,0.005607,1,108.570974889764,1,4.85969949968866,420,1,11.2600002288818,35.3349990844727,0.0280349999666214,0.0131890568882227,104.693702697754,-87.0946,27.25,11.9205261084068,63,63,63,63,61,63,0,7818,1.13366707078925,27,-87,0.001869,51,2026-06-12 01:25:39.000144,420,1.037,0.0011,"aoml_navis",1028.87020078512
"7901009",113,0,1,0.020559,1,-0.001869,1,108.904273478591,1,4.859644927853,422,1,11.21399974823,35.3269996643066,0.020558999851346,0.00659452844411135,105.015098571777,-87.0946,27.25,11.9205261084068,63,63,63,63,61,63,0,7818,1.13366707078925,27,-87,0.001869,51,2026-06-12 01:25:39.000144,422,1.037,0.0011,"aoml_navis",1028.88175457893
"7901009",113,0,1,0.022428,1,0,1,109.3610854385,1,4.85959841052232,424,1,11.1929998397827,35.3230018615723,0.0224280003458261,0.00824316125363111,105.455596923828,-87.0946,27.25,11.9205261084068,63,63,63,63,61,63,0,7818,1.13366707078925,27,-87,0.001869,51,2026-06-12 01:25:39.000144,424,1.037,0.0011,"aoml_navis",1028.89160330073
"7901009",113,0,1,0.022428,1,0,1,109.943277988476,1,4.85951904129643,426,1,11.0950002670288,35.3089981079102,0.0224280003458261,0.00824316125363111,106.016998291016,-87.0946,27.25,11.9205261084068,63,63,63,63,61,63,0,7818,1.13366707078925,27,-87,0.001869,51,2026-06-12 01:25:39.000144,426,1.037,0.0011,"aoml_navis",1028.90840791234
"7901009",113,0,1,0.024297,1,0.001869,1,110.102569174177,1,4.85946935574392,428,1,11.0500001907349,35.2999992370605,0.0242970008403063,0.00989179313182831,106.170600891113,-87.0946,27.25,11.9205261084068,63,63,63,63,61,63,0,7818,1.13366707078925,27,-87,0.001869,51,2026-06-12 01:25:39.000144,428,1.037,0.0011,"aoml_navis",1028.91892796689
"7901009",113,0,1,0.024297,1,0.001869,1,110.127974429096,1,4.85941422331287,430,1,11.0069999694824,35.2929992675781,0.0242970008403063,0.00989179313182831,106.195098876953,-87.0946,27.25,11.9205261084068,63,63,63,63,61,63,0,7818,1.13366707078925,27,-87,0.001869,51,2026-06-12 01:25:39.000144,430,1.037,0.0011,"aoml_navis",1028.93060155536
"7901009",113,0,1,0.024297,1,0.001869,1,110.033395040338,1,4.8593483414401,432,1,10.956000328064,35.2869987487793,0.0242970008403063,0.00989179313182831,106.103897094727,-87.0946,27.25,11.9205261084068,63,63,63,63,61,63,0,7818,1.13366707078925,27,-87,0.001869,51,2026-06-12 01:25:39.000144,432,1.037,0.0011,"aoml_navis",1028.94455154829
"7901009",113,0,1,0.026166,1,0.003738,1,110.064615574723,1,4.85927730606293,434,1,10.8950004577637,35.2799987792969,0.0261659994721413,0.0115404240787029,106.134002685547,-87.0946,27.25,11.9205261084068,63,63,63,63,61,63,0,7818,1.13366707078925,27,-87,0.001869,51,2026-06-12 01:25:39.000144,434,1.037,0.0011,"aoml_navis",1028.95959318096
"7901009",113,0,1,0.028035,1,0.005607,1,109.799446743015,1,4.85923174978615,436,1,10.8830003738403,35.2779998779297,0.0280349999666214,0.0131890568882227,105.878303527832,-87.0946,27.25,11.9205261084068,63,63,63,63,61,63,0,7818,1.13366707078925,27,-87,0.001869,51,2026-06-12 01:25:39.000144,436,1.037,0.0011,"aoml_navis",1028.96923988448
"7901009",113,0,1,0.026166,1,0.003738,1,109.479519340987,1,4.85919154936013,438,1,10.8769998550415,35.2760009765625,0.0261659994721413,0.0115404240787029,105.569801330566,-87.0946,27.25,11.9205261084068,63,63,63,63,61,63,0,7818,1.13366707078925,27,-87,0.001869,51,2026-06-12 01:25:39.000144,438,1.037,0.0011,"aoml_navis",1028.9777526178
"7901009",113,0,1,0.026166,1,0.003738,1,109.077663750019,1,4.85914233670398,440,1,10.8649997711182,35.2750015258789,0.0261659994721413,0.0115404240787029,105.18229675293,-87.0946,27.25,11.9205261084068,63,63,63,63,61,63,0,7818,1.13366707078925,27,-87,0.001869,51,2026-06-12 01:25:39.000144,440,1.037,0.0011,"aoml_navis",1028.98817394832
"7901009",113,0,1,0.024297,1,0.001869,1,108.519120003205,1,4.8590706323572,442,1,10.8030004501343,35.2680015563965,0.0242970008403063,0.00989179313182831,104.643699645996,-87.0946,27.25,11.9205261084068,63,63,63,63,61,63,0,7818,1.13366707078925,27,-87,0.001869,51,2026-06-12 01:25:39.000144,442,1.037,0.0011,"aoml_navis",1029.00335852382
"7901009",113,0,1,0.026166,1,0.003738,1,107.904678366014,1,4.85901512024602,444,1,10.7880001068115,35.2680015563965,0.0261659994721413,0.0115404240787029,104.051200866699,-87.0946,27.25,11.9205261084068,63,63,63,63,61,63,0,7818,1.13366707078925,27,-87,0.001869,51,2026-06-12 01:25:39.000144,444,1.037,0.0011,"aoml_navis",1029.01511443472
"7901009",113,0,1,0.029904,1,0.007476,1,107.799006430573,1,4.85895974476313,446,1,10.7690000534058,35.2669982910156,0.0299040004611015,0.0148376896977425,103.94930267334,-87.0946,27.25,11.9205261084068,63,63,63,63,61,63,0,7818,1.13366707078925,27,-87,0.001869,51,2026-06-12 01:25:39.000144,446,1.037,0.0011,"aoml_navis",1029.02684167921
"7901009",113,0,1,0.029904,1,0.007476,1,108.304350260203,1,4.85889864433285,448,1,10.7270002365112,35.2620010375977,0.0299040004611015,0.0148376896977425,104.436599731445,-87.0946,27.25,11.9205261084068,63,63,63,63,61,63,0,7818,1.13366707078925,27,-87,0.001869,51,2026-06-12 01:25:39.000144,448,1.037,0.0011,"aoml_navis",1029.03978164511
"7901009",113,0,1,0.024297,1,0.001869,1,108.892975221343,1,4.85883212361967,450,1,10.6579999923706,35.2519989013672,0.0242970008403063,0.00989179313182831,105.004203796387,-87.0946,27.25,11.9205261084068,63,63,63,63,61,63,0,7818,1.13366707078925,27,-87,0.001869,51,2026-06-12 01:25:39.000144,450,1.037,0.0011,"aoml_navis",1029.05386989892
"7901009",113,0,1,0.028035,1,0.005607,1,108.565167522243,1,4.85877826683477,452,1,10.6239995956421,35.2470016479492,0.0280349999666214,0.0131890568882227,104.688102722168,-87.0946,27.25,11.9205261084068,63,63,63,63,61,63,0,7818,1.13366707078925,27,-87,0.001869,51,2026-06-12 01:25:39.000144,452,1.037,0.0011,"aoml_navis",1029.06527637394
"7901009",113,0,1,0.029904,1,0.007476,1,107.896070170015,1,4.85873857064449,454,1,10.6309995651245,35.2480010986328,0.0299040004611015,0.0148376896977425,104.042900085449,-87.0946,27.25,11.9205261084068,63,63,63,63,61,63,0,7818,1.13366707078925,27,-87,0.001869,51,2026-06-12 01:25:39.000144,454,1.037,0.0011,"aoml_navis",1029.07368389997
"7901009",113,0,1,0.020559,1,-0.001869,1,107.864335359214,1,4.85869225921639,456,1,10.6180000305176,35.2459983825684,0.020558999851346,0.00659452844411135,104.012298583984,-87.0946,27.25,11.9205261084068,63,63,63,63,61,63,0,7818,1.13366707078925,27,-87,0.001869,51,2026-06-12 01:25:39.000144,456,1.037,0.0011,"aoml_navis",1029.08349268583
"7901009",113,0,1,0.024297,1,0.001869,1,107.95507745472,1,4.85863551900849,458,1,10.58899974823,35.2430000305176,0.0242970008403063,0.00989179313182831,104.099800109863,-87.0946,27.25,11.9205261084068,63,63,63,63,61,63,0,7818,1.13366707078925,27,-87,0.001869,51,2026-06-12 01:25:39.000144,458,1.037,0.0011,"aoml_navis",1029.09551054786
"7901009",113,0,1,0.026166,1,0.003738,1,108.018024887961,1,4.8585833706662,460,1,10.5609998703003,35.2389984130859,0.0261659994721413,0.0115404240787029,104.160499572754,-87.0946,27.25,11.9205261084068,63,63,63,63,61,63,0,7818,1.13366707078925,27,-87,0.001869,51,2026-06-12 01:25:39.000144,460,1.037,0.0011,"aoml_navis",1029.10655607715
"7901009",113,0,1,0.029904,1,0.007476,1,107.970323772449,1,4.858528606104,462,1,10.5299997329712,35.2350006103516,0.0299040004611015,0.0148376896977425,104.114501953125,-87.0946,27.25,11.9205261084068,63,63,63,63,61,63,0,7818,1.13366707078925,27,-87,0.001869,51,2026-06-12 01:25:39.000144,462,1.037,0.0011,"aoml_navis",1029.11815600268
"7901009",113,0,1,0.028035,1,0.005607,1,107.842767397548,1,4.8584765227968,464,1,10.5019998550415,35.2309989929199,0.0280349999666214,0.0131890568882227,103.991500854492,-87.0946,27.25,11.9205261084068,63,63,63,63,61,63,0,7818,1.13366707078925,27,-87,0.001869,51,2026-06-12 01:25:39.000144,464,1.037,0.0011,"aoml_navis",1029.12918824227
"7901009",113,0,1,0.026166,1,0.003738,1,107.537461269606,1,4.85842008086608,466,1,10.4689998626709,35.2270011901855,0.0261659994721413,0.0115404240787029,103.69709777832,-87.0946,27.25,11.9205261084068,63,63,63,63,61,63,0,7818,1.13366707078925,27,-87,0.001869,51,2026-06-12 01:25:39.000144,466,1.037,0.0011,"aoml_navis",1029.14114398866
"7901009",113,0,1,0.028035,1,0.005607,1,107.12109517178,1,4.85836510179993,468,1,10.4460000991821,35.2249984741211,0.0280349999666214,0.0131890568882227,103.295600891113,-87.0946,27.25,11.9205261084068,63,63,63,63,61,63,0,7818,1.13366707078925,27,-87,0.001869,51,2026-06-12 01:25:39.000144,468,1.037,0.0011,"aoml_navis",1029.15279013255
"7901009",113,0,1,0.026166,1,0.003738,1,106.984827745597,1,4.85832148247785,470,1,10.4359998703003,35.2229995727539,0.0261659994721413,0.0115404240787029,103.164199829102,-87.0946,27.25,11.9205261084068,63,63,63,63,61,63,0,7818,1.13366707078925,27,-87,0.001869,51,2026-06-12 01:25:39.000144,470,1.037,0.0011,"aoml_navis",1029.16203014418
"7901009",113,0,1,0.026166,1,0.003738,1,107.031808874127,1,4.85827524758884,472,1,10.4230003356934,35.2210006713867,0.0261659994721413,0.0115404240787029,103.209503173828,-87.0946,27.25,11.9205261084068,63,63,63,63,61,63,0,7818,1.13366707078925,27,-87,0.001869,51,2026-06-12 01:25:39.000144,472,1.037,0.0011,"aoml_navis",1029.17182440034
"7901009",113,0,1,0.029904,1,0.007476,1,107.244917108711,1,4.85822432904398,474,1,10.3920001983643,35.2159996032715,0.0299040004611015,0.0148376896977425,103.415000915527,-87.0946,27.25,11.9205261084068,63,63,63,63,61,63,0,7818,1.13366707078925,27,-87,0.001869,51,2026-06-12 01:25:39.000144,474,1.037,0.0011,"aoml_navis",1029.18261104339
"7901009",113,0,1,0.024297,1,0.001869,1,107.473580226873,1,4.8581531379095,476,1,10.3249998092651,35.2080001831055,0.0242970008403063,0.00989179313182831,103.635498046875,-87.0946,27.25,11.9205261084068,63,63,63,63,61,63,0,7818,1.13366707078925,27,-87,0.001869,51,2026-06-12 01:25:39.000144,476,1.037,0.0011,"aoml_navis",1029.19769263419
"7901009",113,0,1,0.033642,1,0.011214,1,107.437802412253,1,4.85811062125545,478,1,10.3120002746582,35.2050018310547,0.0336420014500618,0.0181349534541368,103.600997924805,-87.0946,27.25,11.9205261084068,63,63,63,63,61,63,0,7818,1.13366707078925,27,-87,0.001869,51,2026-06-12 01:25:39.000144,478,1.037,0.0011,"aoml_navis",1029.20669984824
"7901009",113,0,1,0.022428,1,0,1,107.08988254934,1,4.85805917436794,480,1,10.2760000228882,35.1990013122559,0.0224280003458261,0.00824316125363111,103.265502929688,-87.0946,27.25,11.9205261084068,63,63,63,63,61,63,0,7818,1.13366707078925,27,-87,0.001869,51,2026-06-12 01:25:39.000144,480,1.037,0.0011,"aoml_navis",1029.21759915584
"7901009",113,0,1,0.028035,1,0.005607,1,106.528118640971,1,4.85799048426215,482,1,10.2200002670288,35.193000793457,0.0280349999666214,0.0131890568882227,102.72380065918,-87.0946,27.25,11.9205261084068,63,63,63,63,61,63,0,7818,1.13366707078925,27,-87,0.001869,51,2026-06-12 01:25:39.000144,482,1.037,0.0011,"aoml_navis",1029.23215189447
"7901009",113,0,1,0.028035,1,0.005607,1,106.242204689861,1,4.85792492278769,484,1,10.1929998397827,35.193000793457,0.0280349999666214,0.0131890568882227,102.448097229004,-87.0946,27.25,11.9205261084068,63,63,63,63,61,63,0,7818,1.13366707078925,27,-87,0.001869,51,2026-06-12 01:25:39.000144,484,1.037,0.0011,"aoml_navis",1029.24604218271
"7901009",113,0,1,0.029904,1,0.007476,1,106.531955934224,1,4.85787365213419,486,1,10.1569995880127,35.1870002746582,0.0299040004611015,0.0148376896977425,102.727500915527,-87.0946,27.25,11.9205261084068,63,63,63,63,61,63,0,7818,1.13366707078925,27,-87,0.001869,51,2026-06-12 01:25:39.000144,486,1.037,0.0011,"aoml_navis",1029.25690498421
"7901009",113,0,1,0.031773,1,0.009345,1,107.049333831974,1,4.85780250498679,488,1,10.085000038147,35.1780014038086,0.0317730009555817,0.0164863225072622,103.226402282715,-87.0946,27.25,11.9205261084068,63,63,63,63,61,63,0,7818,1.13366707078925,27,-87,0.001869,51,2026-06-12 01:25:39.000144,488,1.037,0.0011,"aoml_navis",1029.27197943252
"7901009",113,0,1,0.029904,1,0.007476,1,107.378486561699,1,4.85775335337927,490,1,10.0469999313354,35.1710014343262,0.0299040004611015,0.0148376896977425,103.543800354004,-87.0946,27.25,11.9205261084068,63,63,63,63,61,63,0,7818,1.13366707078925,27,-87,0.001869,51,2026-06-12 01:25:39.000144,490,1.037,0.0011,"aoml_navis",1029.28239378843
"7901009",113,0,1,0.028035,1,0.005607,1,107.900532506911,1,4.85768999817355,492,1,9.98799991607666,35.1629981994629,0.0280349999666214,0.0131890568882227,104.047203063965,-87.0946,27.25,11.9205261084068,63,63,63,63,61,63,0,7818,1.13366707078925,27,-87,0.001869,51,2026-06-12 01:25:39.000144,492,1.037,0.0011,"aoml_navis",1029.29581794638
"7901009",113,0,1,0.026166,1,0.003738,1,108.358380931596,1,4.85763726404064,494,1,9.9370002746582,35.1539993286133,0.0261659994721413,0.0115404240787029,104.488700866699,-87.0946,27.25,11.9205261084068,63,63,63,63,61,63,0,7818,1.13366707078925,27,-87,0.001869,51,2026-06-12 01:25:39.000144,494,1.037,0.0011,"aoml_navis",1029.30699190185
"7901009",113,0,1,0.026166,1,0.003738,1,108.804614621238,1,4.85757475527014,496,1,9.88300037384033,35.1469993591309,0.0261659994721413,0.0115404240787029,104.918998718262,-87.0946,27.25,11.9205261084068,63,63,63,63,61,63,0,7818,1.13366707078925,27,-87,0.001869,51,2026-06-12 01:25:39.000144,496,1.037,0.0011,"aoml_navis",1029.32023734176
"7901009",113,0,1,0.024297,1,0.001869,1,109.194436144087,1,4.85751322288193,498,1,9.81700038909912,35.1370010375977,0.0242970008403063,0.00989179313182831,105.294898986816,-87.0946,27.25,11.9205261084068,63,63,63,63,61,63,0,7818,1.13366707078925,27,-87,0.001869,51,2026-06-12 01:25:39.000144,498,1.037,0.0011,"aoml_navis",1029.33327622185
"7901009",113,0,1,0.031773,1,0.009345,1,109.085441191808,1,4.85745804349831,500,1,9.76700019836426,35.1290016174316,0.0317730009555817,0.0164863225072622,105.189796447754,-87.0946,27.25,11.9205261084068,63,63,63,63,61,63,0,7818,1.13366707078925,27,-87,0.001869,51,2026-06-12 01:25:39.000144,500,1.037,0.0011,"aoml_navis",1029.34496916396
"7901009",113,0,1,0.026166,1,0.003738,1,108.39176933887,1,4.85740652437522,502,1,9.74300003051758,35.1259994506836,0.0261659994721413,0.0115404240787029,104.520896911621,-87.0946,27.25,11.9205261084068,63,63,63,63,61,63,0,7818,1.13366707078925,27,-87,0.001869,51,2026-06-12 01:25:39.000144,502,1.037,0.0011,"aoml_navis",1029.35588670811
"7901009",113,0,1,0.029904,1,0.007476,1,107.434795873209,1,4.85735404565719,504,1,9.74400043487549,35.1290016174316,0.0299040004611015,0.0148376896977425,103.598098754883,-87.0946,27.25,11.9205261084068,63,63,63,63,61,63,0,7818,1.13366707078925,27,-87,0.001869,51,2026-06-12 01:25:39.000144,504,1.037,0.0011,"aoml_navis",1029.36700784048
"7901009",113,0,1,0.029904,1,0.007476,1,106.932664293189,1,4.85730630506295,506,1,9.76799964904785,35.1360015869141,0.0299040004611015,0.0148376896977425,103.113899230957,-87.0946,27.25,11.9205261084068,63,63,63,63,61,63,0,7818,1.13366707078925,27,-87,0.001869,51,2026-06-12 01:25:39.000144,506,1.037,0.0011,"aoml_navis",1029.37712509263
"7901009",113,0,1,0.026166,1,0.003738,1,107.192547945737,1,4.85725448451393,508,1,9.7480001449585,35.1339988708496,0.0261659994721413,0.0115404240787029,103.364501953125,-87.0946,27.25,11.9205261084068,63,63,63,63,61,63,0,7818,1.13366707078925,27,-87,0.001869,51,2026-06-12 01:25:39.000144,508,1.037,0.0011,"aoml_navis",1029.38810719948
"7901009",113,0,1,0.028035,1,0.005607,1,107.275821165302,1,4.85720303320109,510,1,9.71100044250488,35.1279983520508,0.0280349999666214,0.0131890568882227,103.444801330566,-87.0946,27.25,11.9205261084068,63,63,63,63,61,63,0,7818,1.13366707078925,27,-87,0.001869,51,2026-06-12 01:25:39.000144,510,1.037,0.0011,"aoml_navis",1029.39901128753
"7901009",113,0,1,0.029904,1,0.007476,1,107.255495378978,1,4.85715521665007,512,1,9.6870002746582,35.1240005493164,0.0299040004611015,0.0148376896977425,103.425201416016,-87.0946,27.25,11.9205261084068,63,63,63,63,61,63,0,7818,1.13366707078925,27,-87,0.001869,51,2026-06-12 01:25:39.000144,512,1.037,0.0011,"aoml_navis",1029.40914526682
"7901009",113,0,1,0.028035,1,0.005607,1,107.436354526345,1,4.85709788457154,514,1,9.6560001373291,35.1209983825684,0.0280349999666214,0.0131890568882227,103.599601745605,-87.0946,27.25,11.9205261084068,63,63,63,63,61,63,0,7818,1.13366707078925,27,-87,0.001869,51,2026-06-12 01:25:39.000144,514,1.037,0.0011,"aoml_navis",1029.42129617819
"7901009",113,0,1,0.029904,1,0.007476,1,107.900943928044,1,4.85703464333829,516,1,9.5959997177124,35.1129989624023,0.0299040004611015,0.0148376896977425,104.04759979248,-87.0946,27.25,11.9205261084068,63,63,63,63,61,63,0,7818,1.13366707078925,27,-87,0.001869,51,2026-06-12 01:25:39.000144,516,1.037,0.0011,"aoml_navis",1029.43469980347
"7901009",113,0,1,0.026166,1,0.003738,1,108.245548686064,1,4.85698893575913,518,1,9.56999969482422,35.1080017089844,0.0261659994721413,0.0115404240787029,104.379898071289,-87.0946,27.25,11.9205261084068,63,63,63,63,61,63,0,7818,1.13366707078925,27,-87,0.001869,51,2026-06-12 01:25:39.000144,518,1.037,0.0011,"aoml_navis",1029.44438748624
"7901009",113,0,1,0.033642,1,0.011214,1,108.757641404653,1,4.85694511587381,520,1,9.55500030517578,35.1049995422363,0.0336420014500618,0.0181349534541368,104.87370300293,-87.0946,27.25,11.9205261084068,63,63,63,63,61,63,0,7818,1.13366707078925,27,-87,0.001869,51,2026-06-12 01:25:39.000144,520,1.037,0.0011,"aoml_navis",1029.45367524509
"7901009",113,0,1,0.026166,1,0.003738,1,109.463964457408,1,4.85688929197605,522,1,9.50800037384033,35.0979995727539,0.0261659994721413,0.0115404240787029,105.554801940918,-87.0946,27.25,11.9205261084068,63,63,63,63,61,63,0,7818,1.13366707078925,27,-87,0.001869,51,2026-06-12 01:25:39.000144,522,1.037,0.0011,"aoml_navis",1029.46550753388
"7901009",113,0,1,0.031773,1,0.009345,1,109.87846333625,1,4.85683591896863,524,1,9.45499992370605,35.0890007019043,0.0317730009555817,0.0164863225072622,105.954498291016,-87.0946,27.25,11.9205261084068,63,63,63,63,61,63,0,7818,1.13366707078925,27,-87,0.001869,51,2026-06-12 01:25:39.000144,524,1.037,0.0011,"aoml_navis",1029.47682059265
"7901009",113,0,1,0.028035,1,0.005607,1,110.194862010874,1,4.85676740025267,526,1,9.38799953460693,35.0810012817383,0.0280349999666214,0.0131890568882227,106.25959777832,-87.0946,27.25,11.9205261084068,63,63,63,63,61,63,0,7818,1.13366707078925,27,-87,0.001869,51,2026-06-12 01:25:39.000144,526,1.037,0.0011,"aoml_navis",1029.49134433325
"7901009",113,0,1,0.026166,1,0.003738,1,110.230956303288,1,4.8567136611127,528,1,9.35200023651123,35.076000213623,0.0261659994721413,0.0115404240787029,106.294403076172,-87.0946,27.25,11.9205261084068,63,63,63,63,61,63,0,7818,1.13366707078925,27,-87,0.001869,51,2026-06-12 01:25:39.000144,528,1.037,0.0011,"aoml_navis",1029.50273557088
"7901009",113,0,1,0.031773,1,0.009345,1,110.192171949624,1,4.85666875395823,530,1,9.34000015258789,35.0740013122559,0.0317730009555817,0.0164863225072622,106.25700378418,-87.0946,27.25,11.9205261084068,63,63,63,63,61,63,0,7818,1.13366707078925,27,-87,0.001869,51,2026-06-12 01:25:39.000144,530,1.037,0.0011,"aoml_navis",1029.5122548609
"7901009",113,0,1,0.028035,1,0.005607,1,110.070525797528,1,4.85662304007672,532,1,9.32699966430664,35.0719985961914,0.0280349999666214,0.0131890568882227,106.139701843262,-87.0946,27.25,11.9205261084068,63,63,63,63,61,63,0,7818,1.13366707078925,27,-87,0.001869,51,2026-06-12 01:25:39.000144,532,1.037,0.0011,"aoml_navis",1029.52194533941
"7901009",113,0,1,0.028035,1,0.005607,1,109.784406135851,1,4.85657814372805,534,1,9.3149995803833,35.0699996948242,0.0280349999666214,0.0131890568882227,105.863800048828,-87.0946,27.25,11.9205261084068,63,63,63,63,61,63,0,7818,1.13366707078925,27,-87,0.001869,51,2026-06-12 01:25:39.000144,534,1.037,0.0011,"aoml_navis",1029.53146269399
"7901009",113,0,1,0.029904,1,0.007476,1,109.545370457989,1,4.85650846956309,536,1,9.26399993896484,35.0660018920898,0.0299040004611015,0.0148376896977425,105.63330078125,-87.0946,27.25,11.9205261084068,63,63,63,63,61,63,0,7818,1.13366707078925,27,-87,0.001869,51,2026-06-12 01:25:39.000144,536,1.037,0.0011,"aoml_navis",1029.54623292355
"7901009",113,0,1,0.024297,1,0.001869,1,109.659342023579,1,4.85644548635112,538,1,9.2209997177124,35.0620002746582,0.0242970008403063,0.00989179313182831,105.743202209473,-87.0946,27.25,11.9205261084068,63,63,63,63,61,63,0,7818,1.13366707078925,27,-87,0.001869,51,2026-06-12 01:25:39.000144,538,1.037,0.0011,"aoml_navis",1029.55958510238
"7901009",113,0,1,0.029904,1,0.007476,1,109.693355474497,1,4.85639116996742,540,1,9.18400001525879,35.056999206543,0.0299040004611015,0.0148376896977425,105.776000976562,-87.0946,27.25,11.9205261084068,63,63,63,63,61,63,0,7818,1.13366707078925,27,-87,0.001869,51,2026-06-12 01:25:39.000144,540,1.037,0.0011,"aoml_navis",1029.57110022781
"7901009",113,0,1,0.026166,1,0.003738,1,109.485635274357,1,4.85633611010951,542,1,9.16399955749512,35.0559997558594,0.0261659994721413,0.0115404240787029,105.575698852539,-87.0946,27.25,11.9205261084068,63,63,63,63,61,63,0,7818,1.13366707078925,27,-87,0.001869,51,2026-06-12 01:25:39.000144,542,1.037,0.0011,"aoml_navis",1029.58277323339
"7901009",113,0,1,0.029904,1,0.007476,1,109.445505890069,1,4.85628679140225,544,1,9.15100002288818,35.0550003051758,0.0299040004611015,0.0148376896977425,105.537002563477,-87.0946,27.25,11.9205261084068,63,63,63,63,61,63,0,7818,1.13366707078925,27,-87,0.001869,51,2026-06-12 01:25:39.000144,544,1.037,0.0011,"aoml_navis",1029.59322930684
"7901009",113,0,1,0.031773,1,0.009345,1,109.442499351025,1,4.85622971974019,546,1,9.11499977111816,35.0509986877441,0.0317730009555817,0.0164863225072622,105.534103393555,-87.0946,27.25,11.9205261084068,63,63,63,63,61,63,0,7818,1.13366707078925,27,-87,0.001869,51,2026-06-12 01:25:39.000144,546,1.037,0.0011,"aoml_navis",1029.60532935157
"7901009",113,0,1,0.028035,1,0.005607,1,109.414807544044,1,4.85616901431777,548,1,9.07900047302246,35.0480003356934,0.0280349999666214,0.0131890568882227,105.507400512695,-87.0946,27.25,11.9205261084068,63,63,63,63,61,63,0,7818,1.13366707078925,27,-87,0.001869,51,2026-06-12 01:25:39.000144,548,1.037,0.0011,"aoml_navis",1029.61820011992
"7901009",113,0,1,0.031773,1,0.009345,1,109.385042807512,1,4.85611732518742,550,1,9.05399990081787,35.0449981689453,0.0317730009555817,0.0164863225072622,105.478698730469,-87.0946,27.25,11.9205261084068,63,63,63,63,61,63,0,7818,1.13366707078925,27,-87,0.001869,51,2026-06-12 01:25:39.000144,550,1.037,0.0011,"aoml_navis",1029.62915950698
"7901009",113,0,1,0.031773,1,0.009345,1,109.444572280577,1,4.85605102242032,552,1,9.01099967956543,35.0419998168945,0.0317730009555817,0.0164863225072622,105.536102294922,-87.0946,27.25,11.9205261084068,63,63,63,63,61,63,0,7818,1.13366707078925,27,-87,0.001869,51,2026-06-12 01:25:39.000144,552,1.037,0.0011,"aoml_navis",1029.64321769171
"7901009",113,0,1,0.026166,1,0.003738,1,109.556463004671,1,4.85601113047894,554,1,9.00500011444092,35.0400009155273,0.0261659994721413,0.0115404240787029,105.643997192383,-87.0946,27.25,11.9205261084068,63,63,63,63,61,63,0,7818,1.13366707078925,27,-87,0.001869,51,2026-06-12 01:25:39.000144,554,1.037,0.0011,"aoml_navis",1029.65167617045
"7901009",113,0,1,0.029904,1,0.007476,1,109.930626788658,1,4.85596037704495,556,1,8.97200012207031,35.0349998474121,0.0299040004611015,0.0148376896977425,106.00479888916,-87.0946,27.25,11.9205261084068,63,63,63,63,61,63,0,7818,1.13366707078925,27,-87,0.001869,51,2026-06-12 01:25:39.000144,556,1.037,0.0011,"aoml_navis",1029.66243786419
"7901009",113,0,1,0.029904,1,0.007476,1,110.334033120817,1,4.85588155799194,558,1,8.88599967956543,35.0260009765625,0.0299040004611015,0.0148376896977425,106.393798828125,-87.0946,27.25,11.9205261084068,63,63,63,63,61,63,0,7818,1.13366707078925,27,-87,0.001869,51,2026-06-12 01:25:39.000144,558,1.037,0.0011,"aoml_navis",1029.67915100212
"7901009",113,0,1,0.028035,1,0.005607,1,110.525059117319,1,4.85581855709434,560,1,8.83300018310547,35.0200004577637,0.0280349999666214,0.0131890568882227,106.578002929688,-87.0946,27.25,11.9205261084068,63,63,63,63,61,63,0,7818,1.13366707078925,27,-87,0.001869,51,2026-06-12 01:25:39.000144,560,1.037,0.0011,"aoml_navis",1029.69251037912
"7901009",113,0,1,0.031773,1,0.009345,1,110.528065656363,1,4.85576791868484,562,1,8.80900001525879,35.0169982910156,0.0317730009555817,0.0164863225072622,106.580902099609,-87.0946,27.25,11.9205261084068,63,63,63,63,61,63,0,7818,1.13366707078925,27,-87,0.001869,51,2026-06-12 01:25:39.000144,562,1.037,0.0011,"aoml_navis",1029.70324853463
"7901009",113,0,1,0.031773,1,0.009345,1,110.554198810208,1,4.8557176237663,564,1,8.78999996185303,35.0149993896484,0.0317730009555817,0.0164863225072622,106.606101989746,-87.0946,27.25,11.9205261084068,63,63,63,63,61,63,0,7818,1.13366707078925,27,-87,0.001869,51,2026-06-12 01:25:39.000144,564,1.037,0.0011,"aoml_navis",1029.71391407266
"7901009",113,0,1,0.028035,1,0.005607,1,110.770938627479,1,4.85566333509027,566,1,8.76599979400635,35.0130004882812,0.0280349999666214,0.0131890568882227,106.815101623535,-87.0946,27.25,11.9205261084068,63,63,63,63,61,63,0,7818,1.13366707078925,27,-87,0.001869,51,2026-06-12 01:25:39.000144,566,1.037,0.0011,"aoml_navis",1029.72542677468
"7901009",113,0,1,0.028035,1,0.005607,1,110.900251454137,1,4.85560971093232,568,1,8.72900009155273,35.007999420166,0.0280349999666214,0.0131890568882227,106.939796447754,-87.0946,27.25,11.9205261084068,63,63,63,63,61,63,0,7818,1.13366707078925,27,-87,0.001869,51,2026-06-12 01:25:39.000144,568,1.037,0.0011,"aoml_navis",1029.73679880872
"7901009",113,0,1,0.026166,1,0.003738,1,111.017648891848,1,4.85555867442297,570,1,8.70899963378906,35.0060005187988,0.0261659994721413,0.0115404240787029,107.053001403809,-87.0946,27.25,11.9205261084068,63,63,63,63,61,63,0,7818,1.13366707078925,27,-87,0.001869,51,2026-06-12 01:25:39.000144,570,1.037,0.0011,"aoml_navis",1029.74762231541
"7901009",113,0,1,0.033642,1,0.011214,1,111.119483534036,1,4.85549986589106,572,1,8.67000007629395,35.0019989013672,0.0336420014500618,0.0181349534541368,107.15119934082,-87.0946,27.25,11.9205261084068,63,63,63,63,61,63,0,7818,1.13366707078925,27,-87,0.001869,51,2026-06-12 01:25:39.000144,572,1.037,0.0011,"aoml_navis",1029.76009434662
"7901009",113,0,1,0.028035,1,0.005607,1,111.05840331978,1,4.85543951565505,574,1,8.62899971008301,34.9980010986328,0.0280349999666214,0.0131890568882227,107.092300415039,-87.0946,27.25,11.9205261084068,63,63,63,63,61,63,0,7818,1.13366707078925,27,-87,0.001869,51,2026-06-12 01:25:39.000144,574,1.037,0.0011,"aoml_navis",1029.7728936544
"7901009",113,0,1,0.029904,1,0.007476,1,111.014745208087,1,4.85538242501903,576,1,8.59200000762939,34.9939994812012,0.0299040004611015,0.0148376896977425,107.050201416016,-87.0946,27.25,11.9205261084068,63,63,63,63,61,63,0,7818,1.13366707078925,27,-87,0.001869,51,2026-06-12 01:25:39.000144,576,1.037,0.0011,"aoml_navis",1029.78500194666
"7901009",113,0,1,0.033642,1,0.011214,1,110.864062218385,1,4.85531112830578,578,1,8.53699970245361,34.9900016784668,0.0336420014500618,0.0181349534541368,106.904899597168,-87.0946,27.25,11.9205261084068,63,63,63,63,61,63,0,7818,1.13366707078925,27,-87,0.001869,51,2026-06-12 01:25:39.000144,578,1.037,0.0011,"aoml_navis",1029.80012359058
"7901009",113,0,1,0.029904,1,0.007476,1,110.699066520445,1,4.85525581151575,580,1,8.52999973297119,34.992000579834,0.0299040004611015,0.0148376896977425,106.745796203613,-87.0946,27.25,11.9205261084068,63,63,63,63,61,63,0,7818,1.13366707078925,27,-87,0.001869,51,2026-06-12 01:25:39.000144,580,1.037,0.0011,"aoml_navis",1029.81185628591
"7901009",113,0,1,0.031773,1,0.009345,1,111.00499769203,1,4.85519702916511,582,1,8.5,34.9900016784668,0.0317730009555817,0.0164863225072622,107.040802001953,-87.0946,27.25,11.9205261084068,63,63,63,63,61,63,0,7818,1.13366707078925,27,-87,0.001869,51,2026-06-12 01:25:39.000144,582,1.037,0.0011,"aoml_navis",1029.82432431991
"7901009",113,0,1,0.028035,1,0.005607,1,111.447291233136,1,4.85514302274578,584,1,8.46199989318848,34.9850006103516,0.0280349999666214,0.0131890568882227,107.467300415039,-87.0946,27.25,11.9205261084068,63,63,63,63,61,63,0,7818,1.13366707078925,27,-87,0.001869,51,2026-06-12 01:25:39.000144,584,1.037,0.0011,"aoml_navis",1029.83577962082
"7901009",113,0,1,0.028035,1,0.005607,1,111.874029890663,1,4.85507939420395,586,1,8.4069995880127,34.9790000915527,0.0280349999666214,0.0131890568882227,107.878799438477,-87.0946,27.25,11.9205261084068,63,63,63,63,61,63,0,7818,1.13366707078925,27,-87,0.001869,51,2026-06-12 01:25:39.000144,586,1.037,0.0011,"aoml_navis",1029.84927619702
"7901009",113,0,1,0.026166,1,0.003738,1,111.988832210463,1,4.85502499679553,588,1,8.3730001449585,34.9749984741211,0.0261659994721413,0.0115404240787029,107.989501953125,-87.0946,27.25,11.9205261084068,63,63,63,63,61,63,0,7818,1.13366707078925,27,-87,0.001869,51,2026-06-12 01:25:39.000144,588,1.037,0.0011,"aoml_navis",1029.86081499069
"7901009",113,0,1,0.031773,1,0.009345,1,112.090769707934,1,4.85498387949528,590,1,8.36999988555908,34.9739990234375,0.0317730009555817,0.0164863225072622,108.087799072266,-87.0946,27.25,11.9205261084068,63,63,63,63,61,63,0,7818,1.13366707078925,27,-87,0.001869,51,2026-06-12 01:25:39.000144,590,1.037,0.0011,"aoml_navis",1029.86953697564
"7901009",113,0,1,0.031773,1,0.009345,1,112.42572980518,1,4.85492505546715,592,1,8.33500003814697,34.9710006713867,0.0317730009555817,0.0164863225072622,108.410797119141,-87.0946,27.25,11.9205261084068,63,63,63,63,61,63,0,7818,1.13366707078925,27,-87,0.001869,51,2026-06-12 01:25:39.000144,592,1.037,0.0011,"aoml_navis",1029.88201524748
"7901009",113,0,1,0.031773,1,0.009345,1,112.815654183312,1,4.85485470416529,594,1,8.27099990844727,34.9650001525879,0.0317730009555817,0.0164863225072622,108.786796569824,-87.0946,27.25,11.9205261084068,63,63,63,63,61,63,0,7818,1.13366707078925,27,-87,0.001869,51,2026-06-12 01:25:39.000144,594,1.037,0.0011,"aoml_navis",1029.89693918341
"7901009",113,0,1,0.031773,1,0.009345,1,112.86056238229,1,4.854796026189,596,1,8.23600006103516,34.9620018005371,0.0317730009555817,0.0164863225072622,108.830101013184,-87.0946,27.25,11.9205261084068,63,63,63,63,61,63,0,7818,1.13366707078925,27,-87,0.001869,51,2026-06-12 01:25:39.000144,596,1.037,0.0011,"aoml_navis",1029.90938713546
"7901009",113,0,1,0.026166,1,0.003738,1,112.653570081077,1,4.85474771743724,598,1,8.2189998626709,34.9599990844727,0.0261659994721413,0.0115404240787029,108.630500793457,-87.0946,27.25,11.9205261084068,63,63,63,63,61,63,0,7818,1.13366707078925,27,-87,0.001869,51,2026-06-12 01:25:39.000144,598,1.037,0.0011,"aoml_navis",1029.91963558499
"7901009",113,0,1,0.029904,1,0.007476,1,112.433926580046,1,4.8546978864654,600,1,8.2189998626709,34.9620018005371,0.0299040004611015,0.0148376896977425,108.418701171875,-87.0946,27.25,11.9205261084068,63,63,63,63,61,63,0,7818,1.13366707078925,27,-87,0.001869,51,2026-06-12 01:25:39.000144,600,1.037,0.0011,"aoml_navis",1029.93020717926
"7901009",113,0,1,0.031773,1,0.009345,1,112.391922064828,1,4.85465175124119,602,1,8.2189998626709,34.9630012512207,0.0317730009555817,0.0164863225072622,108.378196716309,-87.0946,27.25,11.9205261084068,63,63,63,63,61,63,0,7818,1.13366707078925,27,-87,0.001869,51,2026-06-12 01:25:39.000144,602,1.037,0.0011,"aoml_navis",1029.93999491759
"7901009",113,0,1,0.033642,1,0.011214,1,112.369839826747,1,4.85460675479607,604,1,8.21100044250488,34.9620018005371,0.0336420014500618,0.0181349534541368,108.356903076172,-87.0946,27.25,11.9205261084068,63,63,63,63,61,63,0,7818,1.13366707078925,27,-87,0.001869,51,2026-06-12 01:25:39.000144,604,1.037,0.0011,"aoml_navis",1029.94954123942
"7901009",113,0,1,0.029904,1,0.007476,1,112.40436755408,1,4.85455457589742,606,1,8.18900012969971,34.9599990844727,0.0299040004611015,0.0148376896977425,108.390197753906,-87.0946,27.25,11.9205261084068,63,63,63,63,61,63,0,7818,1.13366707078925,27,-87,0.001869,51,2026-06-12 01:25:39.000144,606,1.037,0.0011,"aoml_navis",1029.9606115924
"7901009",113,0,1,0.029904,1,0.007476,1,112.344426659883,1,4.85450725866463,608,1,8.17800045013428,34.9589996337891,0.0299040004611015,0.0148376896977425,108.332397460938,-87.0946,27.25,11.9205261084068,63,63,63,63,61,63,0,7818,1.13366707078925,27,-87,0.001869,51,2026-06-12 01:25:39.000144,608,1.037,0.0011,"aoml_navis",1029.97065069286
"7901009",113,0,1,0.029904,1,0.007476,1,112.512326041583,1,4.85444908774419,610,1,8.15299987792969,34.9580001831055,0.0299040004611015,0.0148376896977425,108.494300842285,-87.0946,27.25,11.9205261084068,63,63,63,63,61,63,0,7818,1.13366707078925,27,-87,0.001869,51,2026-06-12 01:25:39.000144,610,1.037,0.0011,"aoml_navis",1029.98299284326
"7901009",113,0,1,0.033642,1,0.011214,1,112.812964122062,1,4.85437818825123,612,1,8.10200023651123,34.9550018310547,0.0336420014500618,0.0181349534541368,108.784202575684,-87.0946,27.25,11.9205261084068,63,63,63,63,61,63,0,7818,1.13366707078925,27,-87,0.001869,51,2026-06-12 01:25:39.000144,612,1.037,0.0011,"aoml_navis",1029.9980360206
"7901009",113,0,1,0.029904,1,0.007476,1,113.069002569411,1,4.85432610182042,614,1,8.07999992370605,34.9529991149902,0.0299040004611015,0.0148376896977425,109.031097412109,-87.0946,27.25,11.9205261084068,63,63,63,63,61,63,0,7818,1.13366707078925,27,-87,0.001869,51,2026-06-12 01:25:39.000144,614,1.037,0.0011,"aoml_navis",1030.00908779592
"7901009",113,0,1,0.028035,1,0.005607,1,113.388304927796,1,4.85428096189898,616,1,8.06700038909912,34.951000213623,0.0280349999666214,0.0131890568882227,109.338996887207,-87.0946,27.25,11.9205261084068,63,63,63,63,61,63,0,7818,1.13366707078925,27,-87,0.001869,51,2026-06-12 01:25:39.000144,616,1.037,0.0011,"aoml_navis",1030.01866584253
"7901009",113,0,1,0.028035,1,0.005607,1,113.79814367112,1,4.85423009938662,618,1,8.03699970245361,34.9469985961914,0.0280349999666214,0.0131890568882227,109.734199523926,-87.0946,27.25,11.9205261084068,63,63,63,63,61,63,0,7818,1.13366707078925,27,-87,0.001869,51,2026-06-12 01:25:39.000144,618,1.037,0.0011,"aoml_navis",1030.02945835464
"7901009",113,0,1,0.028035,1,0.005607,1,113.950488169241,1,4.85416833995607,620,1,7.98799991607666,34.9420013427734,0.0280349999666214,0.0131890568882227,109.881103515625,-87.0946,27.25,11.9205261084068,63,63,63,63,61,63,0,7818,1.13366707078925,27,-87,0.001869,51,2026-06-12 01:25:39.000144,620,1.037,0.0011,"aoml_navis",1030.04256338692
"7901009",113,0,1,0.031773,1,0.009345,1,114.119313248489,1,4.85411495881608,622,1,7.9689998626709,34.9410018920898,0.0317730009555817,0.0164863225072622,110.043899536133,-87.0946,27.25,11.9205261084068,63,63,63,63,61,63,0,7818,1.13366707078925,27,-87,0.001869,51,2026-06-12 01:25:39.000144,622,1.037,0.0011,"aoml_navis",1030.05389085789
"7901009",113,0,1,0.024297,1,0.001869,1,114.501357329549,1,4.85405915500875,624,1,7.94199991226196,34.9389991760254,0.0242970008403063,0.00989179313182831,110.412300109863,-87.0946,27.25,11.9205261084068,63,63,63,63,61,63,0,7818,1.13366707078925,27,-87,0.001869,51,2026-06-12 01:25:39.000144,624,1.037,0.0011,"aoml_navis",1030.06573268491
"7901009",113,0,1,0.029904,1,0.007476,1,114.917517716809,1,4.85400030649113,626,1,7.91099977493286,34.9370002746582,0.0299040004611015,0.0148376896977425,110.813598632812,-87.0946,27.25,11.9205261084068,63,63,63,63,61,63,0,7818,1.13366707078925,27,-87,0.001869,51,2026-06-12 01:25:39.000144,626,1.037,0.0011,"aoml_navis",1030.07822090856
"7901009",113,0,1,0.031773,1,0.009345,1,115.183723013293,1,4.85394860119323,628,1,7.86999988555908,34.9309997558594,0.0317730009555817,0.0164863225072622,111.070297241211,-87.0946,27.25,11.9205261084068,63,63,63,63,61,63,0,7818,1.13366707078925,27,-87,0.001869,51,2026-06-12 01:25:39.000144,628,1.037,0.0011,"aoml_navis",1030.08919352192
"7901009",113,0,1,0.031773,1,0.009345,1,115.107396481308,1,4.85389391148146,630,1,7.85400009155273,34.9309997558594,0.0317730009555817,0.0164863225072622,110.996696472168,-87.0946,27.25,11.9205261084068,63,63,63,63,61,63,0,7818,1.13366707078925,27,-87,0.001869,51,2026-06-12 01:25:39.000144,630,1.037,0.0011,"aoml_navis",1030.10079972554
"7901009",113,0,1,0.031773,1,0.009345,1,115.430536132945,1,4.85384761174491,632,1,7.84899997711182,34.9309997558594,0.0317730009555817,0.0164863225072622,111.308296203613,-87.0946,27.25,11.9205261084068,63,63,63,63,61,63,0,7818,1.13366707078925,27,-87,0.001869,51,2026-06-12 01:25:39.000144,632,1.037,0.0011,"aoml_navis",1030.11062562027
"7901009",113,0,1,0.029904,1,0.007476,1,115.465388250017,1,4.85378980780822,634,1,7.79500007629395,34.923999786377,0.0299040004611015,0.0148376896977425,111.341903686523,-87.0946,27.25,11.9205261084068,63,63,63,63,61,63,0,7818,1.13366707078925,27,-87,0.001869,51,2026-06-12 01:25:39.000144,634,1.037,0.0011,"aoml_navis",1030.12289324036
"7901009",113,0,1,0.026166,1,0.003738,1,115.46175666733,1,4.85372108350849,636,1,7.77500009536743,34.9269981384277,0.0261659994721413,0.0115404240787029,111.338401794434,-87.0946,27.25,11.9205261084068,63,63,63,63,61,63,0,7818,1.13366707078925,27,-87,0.001869,51,2026-06-12 01:25:39.000144,636,1.037,0.0011,"aoml_navis",1030.13747884865
"7901009",113,0,1,0.031773,1,0.009345,1,115.721846030444,1,4.85366309263763,638,1,7.73999977111816,34.923999786377,0.0317730009555817,0.0164863225072622,111.589202880859,-87.0946,27.25,11.9205261084068,63,63,63,63,61,63,0,7818,1.13366707078925,27,-87,0.001869,51,2026-06-12 01:25:39.000144,638,1.037,0.0011,"aoml_navis",1030.14978678358
"7901009",113,0,1,0.029904,1,0.007476,1,115.961498840005,1,4.85360071590346,640,1,7.7039999961853,34.9220008850098,0.0299040004611015,0.0148376896977425,111.820297241211,-87.0946,27.25,11.9205261084068,63,63,63,63,61,63,0,7818,1.13366707078925,27,-87,0.001869,51,2026-06-12 01:25:39.000144,640,1.037,0.0011,"aoml_navis",1030.16302589886
"7901009",113,0,1,0.029904,1,0.007476,1,116.163103106774,1,4.85354293225488,642,1,7.67399978637695,34.9199981689453,0.0299040004611015,0.0148376896977425,112.014701843262,-87.0946,27.25,11.9205261084068,63,63,63,63,61,63,0,7818,1.13366707078925,27,-87,0.001869,51,2026-06-12 01:25:39.000144,642,1.037,0.0011,"aoml_navis",1030.17529046088
"7901009",113,0,1,0.031773,1,0.009345,1,116.257366017739,1,4.85348751636361,644,1,7.65199995040894,34.9189987182617,0.0317730009555817,0.0164863225072622,112.105598449707,-87.0946,27.25,11.9205261084068,63,63,63,63,61,63,0,7818,1.13366707078925,27,-87,0.001869,51,2026-06-12 01:25:39.000144,644,1.037,0.0011,"aoml_navis",1030.18705274144
"7901009",113,0,1,0.029904,1,0.007476,1,116.327679471637,1,4.85344274683778,646,1,7.64900016784668,34.9189987182617,0.0299040004611015,0.0148376896977425,112.173400878906,-87.0946,27.25,11.9205261084068,63,63,63,63,61,63,0,7818,1.13366707078925,27,-87,0.001869,51,2026-06-12 01:25:39.000144,646,1.037,0.0011,"aoml_navis",1030.1965554776
"7901009",113,0,1,0.029904,1,0.007476,1,116.485206293636,1,4.85340166009846,648,1,7.64599990844727,34.9179992675781,0.0299040004611015,0.0148376896977425,112.325302124023,-87.0946,27.25,11.9205261084068,63,63,63,63,61,63,0,7818,1.13366707078925,27,-87,0.001869,51,2026-06-12 01:25:39.000144,648,1.037,0.0011,"aoml_navis",1030.20527666333
"7901009",113,0,1,0.029904,1,0.007476,1,116.82753241154,1,4.85335153500237,650,1,7.63100004196167,34.9169998168945,0.0299040004611015,0.0148376896977425,112.655403137207,-87.0946,27.25,11.9205261084068,63,63,63,63,61,63,0,7818,1.13366707078925,27,-87,0.001869,51,2026-06-12 01:25:39.000144,650,1.037,0.0011,"aoml_navis",1030.21591655581
"7901009",113,0,1,0.031773,1,0.009345,1,117.235915357011,1,4.85330208952884,652,1,7.61199998855591,34.9150009155273,0.0317730009555817,0.0164863225072622,113.049201965332,-87.0946,27.25,11.9205261084068,63,63,63,63,61,63,0,7818,1.13366707078925,27,-87,0.001869,51,2026-06-12 01:25:39.000144,652,1.037,0.0011,"aoml_navis",1030.22641240232
"7901009",113,0,1,0.029904,1,0.007476,1,117.631441392097,1,4.85325334743039,654,1,7.58900022506714,34.9119987487793,0.0299040004611015,0.0148376896977425,113.430603027344,-87.0946,27.25,11.9205261084068,63,63,63,63,61,63,0,7818,1.13366707078925,27,-87,0.001869,51,2026-06-12 01:25:39.000144,654,1.037,0.0011,"aoml_navis",1030.23675915194
"7901009",113,0,1,0.028035,1,0.005607,1,118.059944413327,1,4.85319404497811,656,1,7.54699993133545,34.9080009460449,0.0280349999666214,0.0131890568882227,113.843803405762,-87.0946,27.25,11.9205261084068,63,63,63,63,61,63,0,7818,1.13366707078925,27,-87,0.001869,51,2026-06-12 01:25:39.000144,656,1.037,0.0011,"aoml_navis",1030.2493478854
"7901009",113,0,1,0.033642,1,0.011214,1,118.399881123885,1,4.85311555214734,658,1,7.49399995803833,34.9070014953613,0.0336420014500618,0.0181349534541368,114.171600341797,-87.0946,27.25,11.9205261084068,63,63,63,63,61,63,0,7818,1.13366707078925,27,-87,0.001869,51,2026-06-12 01:25:39.000144,658,1.037,0.0011,"aoml_navis",1030.26601082838
"7901009",113,0,1,0.031773,1,0.009345,1,118.951786748968,1,4.85306851055887,660,1,7.48299980163574,34.9059982299805,0.0317730009555817,0.0164863225072622,114.703796386719,-87.0946,27.25,11.9205261084068,63,63,63,63,61,63,0,7818,1.13366707078925,27,-87,0.001869,51,2026-06-12 01:25:39.000144,660,1.037,0.0011,"aoml_navis",1030.27599736568
"7901009",113,0,1,0.028035,1,0.005607,1,119.562604715417,1,4.85300116852166,662,1,7.42500019073486,34.9010009765625,0.0280349999666214,0.0131890568882227,115.29280090332,-87.0946,27.25,11.9205261084068,63,63,63,63,61,63,0,7818,1.13366707078925,27,-87,0.001869,51,2026-06-12 01:25:39.000144,662,1.037,0.0011,"aoml_navis",1030.29029385606
"7901009",113,0,1,0.033642,1,0.011214,1,120.09771328158,1,4.85294668725473,664,1,7.39900016784668,34.898998260498,0.0336420014500618,0.0181349534541368,115.808799743652,-87.0946,27.25,11.9205261084068,63,63,63,63,61,63,0,7818,1.13366707078925,27,-87,0.001869,51,2026-06-12 01:25:39.000144,664,1.037,0.0011,"aoml_navis",1030.30186033806
"7901009",113,0,1,0.033642,1,0.011214,1,120.743889729572,1,4.85288478079158,666,1,7.35799980163574,34.8959999084473,0.0336420014500618,0.0181349534541368,116.431900024414,-87.0946,27.25,11.9205261084068,63,63,63,63,61,63,0,7818,1.13366707078925,27,-87,0.001869,51,2026-06-12 01:25:39.000144,666,1.037,0.0011,"aoml_navis",1030.31500351929
"7901009",113,0,1,0.031773,1,0.009345,1,121.151133354984,1,4.85282442438353,668,1,7.31899976730347,34.8930015563965,0.0317730009555817,0.0164863225072622,116.824600219727,-87.0946,27.25,11.9205261084068,63,63,63,63,61,63,0,7818,1.13366707078925,27,-87,0.001869,51,2026-06-12 01:25:39.000144,668,1.037,0.0011,"aoml_navis",1030.32781793567
"7901009",113,0,1,0.031773,1,0.009345,1,121.468157073251,1,4.85277743796547,670,1,7.30299997329712,34.890998840332,0.0317730009555817,0.0164863225072622,117.130302429199,-87.0946,27.25,11.9205261084068,63,63,63,63,61,63,0,7818,1.13366707078925,27,-87,0.001869,51,2026-06-12 01:25:39.000144,670,1.037,0.0011,"aoml_navis",1030.33779395749
"7901009",113,0,1,0.028035,1,0.005607,1,121.863785963621,1,4.85271791100007,672,1,7.27500009536743,34.8899993896484,0.0280349999666214,0.0131890568882227,117.51180267334,-87.0946,27.25,11.9205261084068,63,63,63,63,61,63,0,7818,1.13366707078925,27,-87,0.001869,51,2026-06-12 01:25:39.000144,672,1.037,0.0011,"aoml_navis",1030.35043282983
"7901009",113,0,1,0.031773,1,0.009345,1,122.279740640315,1,4.85266209853193,674,1,7.24700021743774,34.8880004882812,0.0317730009555817,0.0164863225072622,117.912902832031,-87.0946,27.25,11.9205261084068,63,63,63,63,61,63,0,7818,1.13366707078925,27,-87,0.001869,51,2026-06-12 01:25:39.000144,674,1.037,0.0011,"aoml_navis",1030.3622833151
"7901009",113,0,1,0.031773,1,0.009345,1,122.743087866672,1,4.85260190788579,676,1,7.21299982070923,34.8860015869141,0.0317730009555817,0.0164863225072622,118.359703063965,-87.0946,27.25,11.9205261084068,63,63,63,63,61,63,0,7818,1.13366707078925,27,-87,0.001869,51,2026-06-12 01:25:39.000144,676,1.037,0.0011,"aoml_navis",1030.3750637106
"7901009",113,0,1,0.035511,1,0.013083,1,123.192533805924,1,4.8525388470619,678,1,7.17500019073486,34.8839988708496,0.0355109982192516,0.0197835862636566,118.793098449707,-87.0946,27.25,11.9205261084068,63,63,63,63,61,63,0,7818,1.13366707078925,27,-87,0.001869,51,2026-06-12 01:25:39.000144,678,1.037,0.0011,"aoml_navis",1030.38845387655
"7901009",113,0,1,0.031773,1,0.009345,1,123.615332314915,1,4.85247799985722,680,1,7.14499998092651,34.882999420166,0.0317730009555817,0.0164863225072622,119.200798034668,-87.0946,27.25,11.9205261084068,63,63,63,63,61,63,0,7818,1.13366707078925,27,-87,0.001869,51,2026-06-12 01:25:39.000144,680,1.037,0.0011,"aoml_navis",1030.40137433846
"7901009",113,0,1,0.026166,1,0.003738,1,123.981615801829,1,4.8524179193524,682,1,7.11600017547607,34.8819999694824,0.0261659994721413,0.0115404240787029,119.554000854492,-87.0946,27.25,11.9205261084068,63,63,63,63,61,63,0,7818,1.13366707078925,27,-87,0.001869,51,2026-06-12 01:25:39.000144,682,1.037,0.0011,"aoml_navis",1030.41413231515
"7901009",113,0,1,0.031773,1,0.009345,1,124.265662533954,1,4.85236082734537,684,1,7.08599996566772,34.8800010681152,0.0317730009555817,0.0164863225072622,119.827903747559,-87.0946,27.25,11.9205261084068,63,63,63,63,61,63,0,7818,1.13366707078925,27,-87,0.001869,51,2026-06-12 01:25:39.000144,684,1.037,0.0011,"aoml_navis",1030.42625598299
"7901009",113,0,1,0.031773,1,0.009345,1,124.444337984543,1,4.85230882453801,686,1,7.06799983978271,34.8790016174316,0.0317730009555817,0.0164863225072622,120.000198364258,-87.0946,27.25,11.9205261084068,63,63,63,63,61,63,0,7818,1.13366707078925,27,-87,0.001869,51,2026-06-12 01:25:39.000144,686,1.037,0.0011,"aoml_navis",1030.43729919149
"7901009",113,0,1,0.031773,1,0.009345,1,124.616794646478,1,4.85226048690523,688,1,7.05499982833862,34.8779983520508,0.0317730009555817,0.0164863225072622,120.166496276855,-87.0946,27.25,11.9205261084068,63,63,63,63,61,63,0,7818,1.13366707078925,27,-87,0.001869,51,2026-06-12 01:25:39.000144,688,1.037,0.0011,"aoml_navis",1030.44756428338
"7901009",113,0,1,0.026166,1,0.003738,1,124.790501395699,1,4.85221136718415,690,1,7.0460000038147,34.8779983520508,0.0261659994721413,0.0115404240787029,120.333999633789,-87.0946,27.25,11.9205261084068,63,63,63,63,61,63,0,7818,1.13366707078925,27,-87,0.001869,51,2026-06-12 01:25:39.000144,690,1.037,0.0011,"aoml_navis",1030.45799567087
"7901009",113,0,1,0.029904,1,0.007476,1,124.933406943613,1,4.85216375284144,692,1,7.03399991989136,34.8769989013672,0.0299040004611015,0.0148376896977425,120.471801757812,-87.0946,27.25,11.9205261084068,63,63,63,63,61,63,0,7818,1.13366707078925,27,-87,0.001869,51,2026-06-12 01:25:39.000144,692,1.037,0.0011,"aoml_navis",1030.46810756788
"7901009",113,0,1,0.033642,1,0.011214,1,125.081186249555,1,4.85211391322014,694,1,7.02400016784668,34.8769989013672,0.0336420014500618,0.0181349534541368,120.614303588867,-87.0946,27.25,11.9205261084068,63,63,63,63,61,63,0,7818,1.13366707078925,27,-87,0.001869,51,2026-06-12 01:25:39.000144,694,1.037,0.0011,"aoml_navis",1030.47869226172
"7901009",113,0,1,0.028035,1,0.005607,1,125.247835543968,1,4.85206630830014,696,1,7.01200008392334,34.8759994506836,0.0280349999666214,0.0131890568882227,120.775001525879,-87.0946,27.25,11.9205261084068,63,63,63,63,61,63,0,7818,1.13366707078925,27,-87,0.001869,51,2026-06-12 01:25:39.000144,696,1.037,0.0011,"aoml_navis",1030.48880256372
"7901009",113,0,1,0.028035,1,0.005607,1,125.407015962442,1,4.85201647635429,698,1,7.0019998550415,34.8759994506836,0.0280349999666214,0.0131890568882227,120.928497314453,-87.0946,27.25,11.9205261084068,63,63,63,63,61,63,0,7818,1.13366707078925,27,-87,0.001869,51,2026-06-12 01:25:39.000144,698,1.037,0.0011,"aoml_navis",1030.49938605256
"7901009",113,0,1,0.029904,1,0.007476,1,125.606436532432,1,4.85196742937033,700,1,6.98799991607666,34.875,0.0299040004611015,0.0148376896977425,121.120796203613,-87.0946,27.25,11.9205261084068,63,63,63,63,61,63,0,7818,1.13366707078925,27,-87,0.001869,51,2026-06-12 01:25:39.000144,700,1.037,0.0011,"aoml_navis",1030.50980304064
"7901009",113,0,1,0.029904,1,0.007476,1,125.869643201817,1,4.85191615538012,702,1,6.97599983215332,34.875,0.0299040004611015,0.0148376896977425,121.374603271484,-87.0946,27.25,11.9205261084068,63,63,63,63,61,63,0,7818,1.13366707078925,27,-87,0.001869,51,2026-06-12 01:25:39.000144,702,1.037,0.0011,"aoml_navis",1030.52069324316
"7901009",113,0,1,0.028035,1,0.005607,1,126.129107521287,1,4.85186567185133,704,1,6.96000003814697,34.8740005493164,0.0280349999666214,0.0131890568882227,121.624801635742,-87.0946,27.25,11.9205261084068,63,63,63,63,61,63,0,7818,1.13366707078925,27,-87,0.001869,51,2026-06-12 01:25:39.000144,704,1.037,0.0011,"aoml_navis",1030.53141578261
"7901009",113,0,1,0.029904,1,0.007476,1,126.457745974597,1,4.85180723513073,706,1,6.93300008773804,34.8730010986328,0.0299040004611015,0.0148376896977425,121.941703796387,-87.0946,27.25,11.9205261084068,63,63,63,63,61,63,0,7818,1.13366707078925,27,-87,0.001869,51,2026-06-12 01:25:39.000144,706,1.037,0.0011,"aoml_navis",1030.54382783311
"7901009",113,0,1,0.028035,1,0.005607,1,126.690760662428,1,4.85175605353972,708,1,6.91599988937378,34.8720016479492,0.0280349999666214,0.0131890568882227,122.166397094727,-87.0946,27.25,11.9205261084068,63,63,63,63,61,63,0,7818,1.13366707078925,27,-87,0.001869,51,2026-06-12 01:25:39.000144,708,1.037,0.0011,"aoml_navis",1030.5546991284
"7901009",113,0,1,0.033642,1,0.011214,1,126.90553040543,1,4.85170480976252,710,1,6.90399980545044,34.8720016479492,0.0336420014500618,0.0181349534541368,122.373497009277,-87.0946,27.25,11.9205261084068,63,63,63,63,61,63,0,7818,1.13366707078925,27,-87,0.001869,51,2026-06-12 01:25:39.000144,710,1.037,0.0011,"aoml_navis",1030.56558386221
"7901009",113,0,1,0.029904,1,0.007476,1,127.214151638264,1,4.85165221672461,712,1,6.88500022888184,34.8709983825684,0.0299040004611015,0.0148376896977425,122.671096801758,-87.0946,27.25,11.9205261084068,63,63,63,63,61,63,0,7818,1.13366707078925,27,-87,0.001869,51,2026-06-12 01:25:39.000144,712,1.037,0.0011,"aoml_navis",1030.57675543272
"7901009",113,0,1,0.031773,1,0.009345,1,127.575664222433,1,4.8515945769344,714,1,6.85900020599365,34.8699989318848,0.0317730009555817,0.0164863225072622,123.01969909668,-87.0946,27.25,11.9205261084068,63,63,63,63,61,63,0,7818,1.13366707078925,27,-87,0.001869,51,2026-06-12 01:25:39.000144,714,1.037,0.0011,"aoml_navis",1030.58899928925
"7901009",113,0,1,0.028035,1,0.005607,1,127.87910313139,1,4.85154047633638,716,1,6.84299993515015,34.8699989318848,0.0280349999666214,0.0131890568882227,123.312301635742,-87.0946,27.25,11.9205261084068,63,63,63,63,61,63,0,7818,1.13366707078925,27,-87,0.001869,51,2026-06-12 01:25:39.000144,716,1.037,0.0011,"aoml_navis",1030.60049161452
"7901009",113,0,1,0.029904,1,0.007476,1,128.149659997543,1,4.85148135041659,718,1,6.82000017166138,34.8699989318848,0.0299040004611015,0.0148376896977425,123.573196411133,-87.0946,27.25,11.9205261084068,63,63,63,63,61,63,0,7818,1.13366707078925,27,-87,0.001869,51,2026-06-12 01:25:39.000144,718,1.037,0.0011,"aoml_navis",1030.61305173742
"7901009",113,0,1,0.026166,1,0.003738,1,128.460979203572,1,4.85142799080943,720,1,6.80499982833862,34.8699989318848,0.0261659994721413,0.0115404240787029,123.873397827148,-87.0946,27.25,11.9205261084068,63,63,63,63,61,63,0,7818,1.13366707078925,27,-87,0.001869,51,2026-06-12 01:25:39.000144,720,1.037,0.0011,"aoml_navis",1030.62438718497
"7901009",113,0,1,0.026166,1,0.003738,1,128.905970717872,1,4.85137473519252,722,1,6.78499984741211,34.8689994812012,0.0261659994721413,0.0115404240787029,124.30249786377,-87.0946,27.25,11.9205261084068,63,63,63,63,61,63,0,7818,1.13366707078925,27,-87,0.001869,51,2026-06-12 01:25:39.000144,722,1.037,0.0011,"aoml_navis",1030.63570078999
"7901009",113,0,1,0.029904,1,0.007476,1,129.371288018497,1,4.85130573442467,724,1,6.74300003051758,34.8680000305176,0.0299040004611015,0.0148376896977425,124.751197814941,-87.0946,27.25,11.9205261084068,63,63,63,63,61,63,0,7818,1.13366707078925,27,-87,0.001869,51,2026-06-12 01:25:39.000144,724,1.037,0.0011,"aoml_navis",1030.65035965889
"7901009",113,0,1,0.031773,1,0.009345,1,129.677219190082,1,4.85122872279327,726,1,6.69999980926514,34.8689994812012,0.0317730009555817,0.0164863225072622,125.046203613281,-87.0946,27.25,11.9205261084068,63,63,63,63,61,63,0,7818,1.13366707078925,27,-87,0.001869,51,2026-06-12 01:25:39.000144,726,1.037,0.0011,"aoml_navis",1030.6667208882
"7901009",113,0,1,0.029904,1,0.007476,1,129.842729164437,1,4.85116817688855,728,1,6.67999982833862,34.8699989318848,0.0299040004611015,0.0148376896977425,125.20580291748,-87.0946,27.25,11.9205261084068,63,63,63,63,61,63,0,7818,1.13366707078925,27,-87,0.001869,51,2026-06-12 01:25:39.000144,728,1.037,0.0011,"aoml_navis",1030.67958431549
"7901009",113,0,1,0.033642,1,0.011214,1,130.018920264342,1,4.85112071731713,730,1,6.66800022125244,34.8689994812012,0.0336420014500618,0.0181349534541368,125.375701904297,-87.0946,27.25,11.9205261084068,63,63,63,63,61,63,0,7818,1.13366707078925,27,-87,0.001869,51,2026-06-12 01:25:39.000144,730,1.037,0.0011,"aoml_navis",1030.68966767853
"7901009",113,0,1,0.028035,1,0.005607,1,130.065584915077,1,4.85106672796904,732,1,6.65199995040894,34.8689994812012,0.0280349999666214,0.0131890568882227,125.420700073242,-87.0946,27.25,11.9205261084068,63,63,63,63,61,63,0,7818,1.13366707078925,27,-87,0.001869,51,2026-06-12 01:25:39.000144,732,1.037,0.0011,"aoml_navis",1030.7011386119
"7901009",113,0,1,0.028035,1,0.005607,1,130.177792116966,1,4.85101107019074,734,1,6.64400005340576,34.8709983825684,0.0280349999666214,0.0131890568882227,125.528900146484,-87.0946,27.25,11.9205261084068,63,63,63,63,61,63,0,7818,1.13366707078925,27,-87,0.001869,51,2026-06-12 01:25:39.000144,734,1.037,0.0011,"aoml_navis",1030.71296429827
"7901009",113,0,1,0.029904,1,0.007476,1,130.63699348422,1,4.85096634530462,736,1,6.64099979400635,34.8709983825684,0.0299040004611015,0.0148376896977425,125.971702575684,-87.0946,27.25,11.9205261084068,63,63,63,63,61,63,0,7818,1.13366707078925,27,-87,0.001869,51,2026-06-12 01:25:39.000144,736,1.037,0.0011,"aoml_navis",1030.72246725431
"7901009",113,0,1,0.031773,1,0.009345,1,131.327658798114,1,4.85090836758859,738,1,6.60900020599365,34.8689994812012,0.0317730009555817,0.0164863225072622,126.637702941895,-87.0946,27.25,11.9205261084068,63,63,63,63,61,63,0,7818,1.13366707078925,27,-87,0.001869,51,2026-06-12 01:25:39.000144,738,1.037,0.0011,"aoml_navis",1030.73478637683
"7901009",113,0,1,0.026166,1,0.003738,1,131.686576264372,1,4.85084745462856,740,1,6.57800006866455,34.8680000305176,0.0261659994721413,0.0115404240787029,126.98380279541,-87.0946,27.25,11.9205261084068,63,63,63,63,61,63,0,7818,1.13366707078925,27,-87,0.001869,51,2026-06-12 01:25:39.000144,740,1.037,0.0011,"aoml_navis",1030.7477294981
"7901009",113,0,1,0.028035,1,0.005607,1,131.899162310595,1,4.85079139179145,742,1,6.55900001525879,34.8680000305176,0.0280349999666214,0.0131890568882227,127.18879699707,-87.0946,27.25,11.9205261084068,63,63,63,63,61,63,0,7818,1.13366707078925,27,-87,0.001869,51,2026-06-12 01:25:39.000144,742,1.037,0.0011,"aoml_navis",1030.75964232579
"7901009",113,0,1,0.031773,1,0.009345,1,131.973621623595,1,4.85074312953878,744,1,6.55100011825562,34.8680000305176,0.0317730009555817,0.0164863225072622,127.260597229004,-87.0946,27.25,11.9205261084068,63,63,63,63,61,63,0,7818,1.13366707078925,27,-87,0.001869,51,2026-06-12 01:25:39.000144,744,1.037,0.0011,"aoml_navis",1030.76989782294
"7901009",113,0,1,0.031773,1,0.009345,1,132.029108092841,1,4.85070351294897,746,1,6.55000019073486,34.867000579834,0.0317730009555817,0.0164863225072622,127.314102172852,-87.0946,27.25,11.9205261084068,63,63,63,63,61,63,0,7818,1.13366707078925,27,-87,0.001869,51,2026-06-12 01:25:39.000144,746,1.037,0.0011,"aoml_navis",1030.77831631071
"7901009",113,0,1,0.033642,1,0.011214,1,132.237967613039,1,4.85066092109191,748,1,6.55000019073486,34.867000579834,0.0336420014500618,0.0181349534541368,127.515502929688,-87.0946,27.25,11.9205261084068,63,63,63,63,61,63,0,7818,1.13366707078925,27,-87,0.001869,51,2026-06-12 01:25:39.000144,748,1.037,0.0011,"aoml_navis",1030.78736719335
"7901009",113,0,1,0.031773,1,0.009345,1,132.729101589715,1,4.85060416734153,750,1,6.53000020980835,34.867000579834,0.0317730009555817,0.0164863225072622,127.989097595215,-87.0946,27.25,11.9205261084068,63,63,63,63,61,63,0,7818,1.13366707078925,27,-87,0.001869,51,2026-06-12 01:25:39.000144,750,1.037,0.0011,"aoml_navis",1030.7994277629
"7901009",113,0,1,0.031773,1,0.009345,1,133.204680682813,1,4.8505354177035,752,1,6.49300003051758,34.867000579834,0.0317730009555817,0.0164863225072622,128.447692871094,-87.0946,27.25,11.9205261084068,63,63,63,63,61,63,0,7818,1.13366707078925,27,-87,0.001869,51,2026-06-12 01:25:39.000144,752,1.037,0.0011,"aoml_navis",1030.81403792063
"7901009",113,0,1,0.031773,1,0.009345,1,133.379218186244,1,4.85047518129679,754,1,6.46799993515015,34.867000579834,0.0317730009555817,0.0164863225072622,128.615997314453,-87.0946,27.25,11.9205261084068,63,63,63,63,61,63,0,7818,1.13366707078925,27,-87,0.001869,51,2026-06-12 01:25:39.000144,754,1.037,0.0011,"aoml_navis",1030.82683925067
"7901009",113,0,1,0.026166,1,0.003738,1,133.642005522552,1,4.85042607763405,756,1,6.46400022506714,34.8680000305176,0.0261659994721413,0.0115404240787029,128.869400024414,-87.0946,27.25,11.9205261084068,63,63,63,63,61,63,0,7818,1.13366707078925,27,-87,0.001869,51,2026-06-12 01:25:39.000144,756,1.037,0.0011,"aoml_navis",1030.83727490574
"7901009",113,0,1,0.029904,1,0.007476,1,134.007458255257,1,4.85037870903076,758,1,6.4520001411438,34.867000579834,0.0299040004611015,0.0148376896977425,129.221801757812,-87.0946,27.25,11.9205261084068,63,63,63,63,61,63,0,7818,1.13366707078925,27,-87,0.001869,51,2026-06-12 01:25:39.000144,758,1.037,0.0011,"aoml_navis",1030.84734202108
"7901009",113,0,1,0.033642,1,0.011214,1,134.247316775384,1,4.85033064138833,760,1,6.43900012969971,34.8660011291504,0.0336420014500618,0.0181349534541368,129.453094482422,-87.0946,27.25,11.9205261084068,63,63,63,63,61,63,0,7818,1.13366707078925,27,-87,0.001869,51,2026-06-12 01:25:39.000144,760,1.037,0.0011,"aoml_navis",1030.85755790224
"7901009",113,0,1,0.028035,1,0.005607,1,134.441555021496,1,4.85028382076229,762,1,6.43300008773804,34.8660011291504,0.0280349999666214,0.0131890568882227,129.640396118164,-87.0946,27.25,11.9205261084068,63,63,63,63,61,63,0,7818,1.13366707078925,27,-87,0.001869,51,2026-06-12 01:25:39.000144,762,1.037,0.0011,"aoml_navis",1030.867508948
"7901009",113,0,1,0.031773,1,0.009345,1,134.657471996502,1,4.85023418668769,764,1,6.4229998588562,34.8660011291504,0.0317730009555817,0.0164863225072622,129.848602294922,-87.0946,27.25,11.9205261084068,63,63,63,63,61,63,0,7818,1.13366707078925,27,-87,0.001869,51,2026-06-12 01:25:39.000144,764,1.037,0.0011,"aoml_navis",1030.87805816127
"7901009",113,0,1,0.028035,1,0.005607,1,134.813653787877,1,4.85018033690063,766,1,6.40700006484985,34.8660011291504,0.0280349999666214,0.0131890568882227,129.999206542969,-87.0946,27.25,11.9205261084068,63,63,63,63,61,63,0,7818,1.13366707078925,27,-87,0.001869,51,2026-06-12 01:25:39.000144,766,1.037,0.0011,"aoml_navis",1030.88950362516
"7901009",113,0,1,0.026166,1,0.003738,1,134.948773982056,1,4.85013422685657,768,1,6.40199995040894,34.8660011291504,0.0261659994721413,0.0115404240787029,130.129501342773,-87.0946,27.25,11.9205261084068,63,63,63,63,61,63,0,7818,1.13366707078925,27,-87,0.001869,51,2026-06-12 01:25:39.000144,768,1.037,0.0011,"aoml_navis",1030.89930425298
"7901009",113,0,1,0.029904,1,0.007476,1,135.116665451811,1,4.85008811867832,770,1,6.39699983596802,34.8660011291504,0.0299040004611015,0.0148376896977425,130.291397094727,-87.0946,27.25,11.9205261084068,63,63,63,63,61,63,0,7818,1.13366707078925,27,-87,0.001869,51,2026-06-12 01:25:39.000144,770,1.037,0.0011,"aoml_navis",1030.90910467056
"7901009",113,0,1,0.024297,1,0.001869,1,135.307580681086,1,4.85003287836944,772,1,6.37900018692017,34.8660011291504,0.0242970008403063,0.00989179313182831,130.475494384766,-87.0946,27.25,11.9205261084068,63,63,63,63,61,63,0,7818,1.13366707078925,27,-87,0.001869,51,2026-06-12 01:25:39.000144,772,1.037,0.0011,"aoml_navis",1030.92084639248
"7901009",113,0,1,0.033642,1,0.011214,1,135.497783835323,1,4.84998466791731,774,1,6.37099981307983,34.8660011291504,0.0336420014500618,0.0181349534541368,130.658905029297,-87.0946,27.25,11.9205261084068,63,63,63,63,61,63,0,7818,1.13366707078925,27,-87,0.001869,51,2026-06-12 01:25:39.000144,774,1.037,0.0011,"aoml_navis",1030.93109408676
"7901009",113,0,1,0.028035,1,0.005607,1,135.745111231391,1,4.84993435511167,776,1,6.3600001335144,34.8660011291504,0.0280349999666214,0.0131890568882227,130.897399902344,-87.0946,27.25,11.9205261084068,63,63,63,63,61,63,0,7818,1.13366707078925,27,-87,0.001869,51,2026-06-12 01:25:39.000144,776,1.037,0.0011,"aoml_navis",1030.94178887806
"7901009",113,0,1,0.029904,1,0.007476,1,136.032267357842,1,4.84988053984131,778,1,6.3439998626709,34.8660011291504,0.0299040004611015,0.0148376896977425,131.174301147461,-87.0946,27.25,11.9205261084068,63,63,63,63,61,63,0,7818,1.13366707078925,27,-87,0.001869,51,2026-06-12 01:25:39.000144,778,1.037,0.0011,"aoml_navis",1030.95322841985
"7901009",113,0,1,0.029904,1,0.007476,1,136.323047155036,1,4.84982164731199,780,1,6.32600021362305,34.867000579834,0.0299040004611015,0.0148376896977425,131.454696655273,-87.0946,27.25,11.9205261084068,63,63,63,63,61,63,0,7818,1.13366707078925,27,-87,0.001869,51,2026-06-12 01:25:39.000144,780,1.037,0.0011,"aoml_navis",1030.96574752831
"7901009",113,0,1,0.033642,1,0.011214,1,136.438893851556,1,4.84977713760198,782,1,6.31799983978271,34.8660011291504,0.0336420014500618,0.0181349534541368,131.56640625,-87.0946,27.25,11.9205261084068,63,63,63,63,61,63,0,7818,1.13366707078925,27,-87,0.001869,51,2026-06-12 01:25:39.000144,782,1.037,0.0011,"aoml_navis",1030.9752094036
"7901009",113,0,1,0.028035,1,0.005607,1,136.65864020787,1,4.84973104556489,784,1,6.31300020217896,34.8660011291504,0.0280349999666214,0.0131890568882227,131.778305053711,-87.0946,27.25,11.9205261084068,63,63,63,63,61,63,0,7818,1.13366707078925,27,-87,0.001869,51,2026-06-12 01:25:39.000144,784,1.037,0.0011,"aoml_navis",1030.98500783307
"7901009",113,0,1,0.026166,1,0.003738,1,136.816989872135,1,4.84968355499511,786,1,6.30600023269653,34.8660011291504,0.0261659994721413,0.0115404240787029,131.930999755859,-87.0946,27.25,11.9205261084068,63,63,63,63,61,63,0,7818,1.13366707078925,27,-87,0.001869,51,2026-06-12 01:25:39.000144,786,1.037,0.0011,"aoml_navis",1030.99510376302
"7901009",113,0,1,0.031773,1,0.009345,1,137.135572243537,1,4.8496304690413,788,1,6.29099988937378,34.8660011291504,0.0317730009555817,0.0164863225072622,132.238204956055,-87.0946,27.25,11.9205261084068,63,63,63,63,61,63,0,7818,1.13366707078925,27,-87,0.001869,51,2026-06-12 01:25:39.000144,788,1.037,0.0011,"aoml_navis",1031.00638943907
"7901009",113,0,1,0.029904,1,0.007476,1,137.551930429419,1,4.84958018760189,790,1,6.28000020980835,34.8660011291504,0.0299040004611015,0.0148376896977425,132.639694213867,-87.0946,27.25,11.9205261084068,63,63,63,63,61,63,0,7818,1.13366707078925,27,-87,0.001869,51,2026-06-12 01:25:39.000144,790,1.037,0.0011,"aoml_navis",1031.01707912422
"7901009",113,0,1,0.029904,1,0.007476,1,137.868550638499,1,4.84951943434938,792,1,6.25400018692017,34.8660011291504,0.0299040004611015,0.0148376896977425,132.945007324219,-87.0946,27.25,11.9205261084068,63,63,63,63,61,63,0,7818,1.13366707078925,27,-87,0.001869,51,2026-06-12 01:25:39.000144,792,1.037,0.0011,"aoml_navis",1031.02999538156
"7901009",113,0,1,0.029904,1,0.007476,1,138.075321405256,1,4.84946269037703,794,1,6.23899984359741,34.867000579834,0.0299040004611015,0.0148376896977425,133.144393920898,-87.0946,27.25,11.9205261084068,63,63,63,63,61,63,0,7818,1.13366707078925,27,-87,0.001869,51,2026-06-12 01:25:39.000144,794,1.037,0.0011,"aoml_navis",1031.04205955057
"7901009",113,0,1,0.031773,1,0.009345,1,138.244668672864,1,4.84941452010398,796,1,6.23099994659424,34.867000579834,0.0317730009555817,0.0164863225072622,133.307693481445,-87.0946,27.25,11.9205261084068,63,63,63,63,61,63,0,7818,1.13366707078925,27,-87,0.001869,51,2026-06-12 01:25:39.000144,796,1.037,0.0011,"aoml_navis",1031.05230111217
"7901009",113,0,1,0.029904,1,0.007476,1,138.429792358507,1,4.84937282689681,798,1,6.22700023651123,34.8660011291504,0.0299040004611015,0.0148376896977425,133.486206054688,-87.0946,27.25,11.9205261084068,63,63,63,63,61,63,0,7818,1.13366707078925,27,-87,0.001869,51,2026-06-12 01:25:39.000144,798,1.037,0.0011,"aoml_navis",1031.06116573833
"7901009",113,0,1,0.028035,1,0.005607,1,138.730636149552,1,4.84932605512639,800,1,6.22100019454956,34.8660011291504,0.0280349999666214,0.0131890568882227,133.776306152344,-87.0946,27.25,11.9205261084068,63,63,63,63,61,63,0,7818,1.13366707078925,27,-87,0.001869,51,2026-06-12 01:25:39.000144,800,1.037,0.0011,"aoml_navis",1031.07111032766
"7901009",113,0,1,0.033642,1,0.011214,1,139.09058216864,1,4.84926883510164,802,1,6.19999980926514,34.8660011291504,0.0336420014500618,0.0181349534541368,134.123397827148,-87.0946,27.25,11.9205261084068,63,63,63,63,61,63,0,7818,1.13366707078925,27,-87,0.001869,51,2026-06-12 01:25:39.000144,802,1.037,0.0011,"aoml_navis",1031.08327668025
"7901009",113,0,1,0.031773,1,0.009345,1,139.29561230753,1,4.84921142404018,804,1,6.18400001525879,34.867000579834,0.0317730009555817,0.0164863225072622,134.321105957031,-87.0946,27.25,11.9205261084068,63,63,63,63,61,63,0,7818,1.13366707078925,27,-87,0.001869,51,2026-06-12 01:25:39.000144,804,1.037,0.0011,"aoml_navis",1031.09548394039
"7901009",113,0,1,0.031773,1,0.009345,1,139.458630019257,1,4.84916257461605,806,1,6.17500019073486,34.867000579834,0.0317730009555817,0.0164863225072622,134.478302001953,-87.0946,27.25,11.9205261084068,63,63,63,63,61,63,0,7818,1.13366707078925,27,-87,0.001869,51,2026-06-12 01:25:39.000144,806,1.037,0.0011,"aoml_navis",1031.10587097523
"7901009",113,0,1,0.031773,1,0.009345,1,139.518159492322,1,4.84912228101885,808,1,6.1729998588562,34.8660011291504,0.0317730009555817,0.0164863225072622,134.535705566406,-87.0946,27.25,11.9205261084068,63,63,63,63,61,63,0,7818,1.13366707078925,27,-87,0.001869,51,2026-06-12 01:25:39.000144,808,1.037,0.0011,"aoml_navis",1031.11443891026
"7901009",113,0,1,0.029904,1,0.007476,1,139.639686965246,1,4.84907691303689,810,1,6.16900014877319,34.8660011291504,0.0299040004611015,0.0148376896977425,134.652893066406,-87.0946,27.25,11.9205261084068,63,63,63,63,61,63,0,7818,1.13366707078925,27,-87,0.001869,51,2026-06-12 01:25:39.000144,810,1.037,0.0011,"aoml_navis",1031.12408602086
"7901009",113,0,1,0.031773,1,0.009345,1,139.822516186881,1,4.84903085107156,812,1,6.16400003433228,34.8660011291504,0.0317730009555817,0.0164863225072622,134.829193115234,-87.0946,27.25,11.9205261084068,63,63,63,63,61,63,0,7818,1.13366707078925,27,-87,0.001869,51,2026-06-12 01:25:39.000144,812,1.037,0.0011,"aoml_navis",1031.13388088572
"7901009",113,0,1,0.031773,1,0.009345,1,140.071204437463,1,4.84897415411744,814,1,6.14900016784668,34.867000579834,0.0317730009555817,0.0164863225072622,135.069000244141,-87.0946,27.25,11.9205261084068,63,63,63,63,61,63,0,7818,1.13366707078925,27,-87,0.001869,51,2026-06-12 01:25:39.000144,814,1.037,0.0011,"aoml_navis",1031.14593748748
"7901009",113,0,1,0.029904,1,0.007476,1,140.281408988286,1,4.84892462268771,816,1,6.13899993896484,34.867000579834,0.0299040004611015,0.0148376896977425,135.271697998047,-87.0946,27.25,11.9205261084068,63,63,63,63,61,63,0,7818,1.13366707078925,27,-87,0.001869,51,2026-06-12 01:25:39.000144,816,1.037,0.0011,"aoml_navis",1031.15647057193
"7901009",113,0,1,0.029904,1,0.007476,1,140.546680675278,1,4.84886746067845,818,1,6.11800003051758,34.867000579834,0.0299040004611015,0.0148376896977425,135.527496337891,-87.0946,27.25,11.9205261084068,63,63,63,63,61,63,0,7818,1.13366707078925,27,-87,0.001869,51,2026-06-12 01:25:39.000144,818,1.037,0.0011,"aoml_navis",1031.1686266014
"7901009",113,0,1,0.029904,1,0.007476,1,140.608077367328,1,4.84881499647167,819.900024414062,1,6.10599994659424,34.8680000305176,0.0299040004611015,0.0148376896977425,135.586700439453,-87.0946,27.25,11.9205261084068,63,63,63,63,61,63,0,7818,1.13366707078925,27,-87,0.001869,51,2026-06-12 01:25:39.000144,819.900024414062,1.037,0.0011,"aoml_navis",1031.179783852
"7901009",113,0,1,0.029904,1,0.007476,1,140.667084652033,1,4.8487688976769,822,1,6.10400009155273,34.8680000305176,0.0299040004611015,0.0148376896977425,135.643600463867,-87.0946,27.25,11.9205261084068,63,63,63,63,61,63,0,7818,1.13366707078925,27,-87,0.001869,51,2026-06-12 01:25:39.000144,822,1.037,0.0011,"aoml_navis",1031.1895876076
"7901009",113,0,1,0.033642,1,0.011214,1,140.750255016315,1,4.84872354230036,824,1,6.09999990463257,34.8680000305176,0.0336420014500618,0.0181349534541368,135.72380065918,-87.0946,27.25,11.9205261084068,63,63,63,63,61,63,0,7818,1.13366707078925,27,-87,0.001869,51,2026-06-12 01:25:39.000144,824,1.037,0.0011,"aoml_navis",1031.19923344359
"7901009",113,0,1,0.029904,1,0.007476,1,140.923748143025,1,4.84867541548586,826,1,6.09200000762939,34.8680000305176,0.0299040004611015,0.0148376896977425,135.891098022461,-87.0946,27.25,11.9205261084068,63,63,63,63,61,63,0,7818,1.13366707078925,27,-87,0.001869,51,2026-06-12 01:25:39.000144,826,1.037,0.0011,"aoml_navis",1031.20946888522
"7901009",113,0,1,0.033642,1,0.011214,1,141.084281504069,1,4.84862937052958,828,1,6.08699989318848,34.8680000305176,0.0336420014500618,0.0181349534541368,136.0458984375,-87.0946,27.25,11.9205261084068,63,63,63,63,61,63,0,7818,1.13366707078925,27,-87,0.001869,51,2026-06-12 01:25:39.000144,828,1.037,0.0011,"aoml_navis",1031.21926175477
"7901009",113,0,1,0.031773,1,0.009345,1,141.226142675262,1,4.84858194132734,830,1,6.07999992370605,34.8680000305176,0.0317730009555817,0.0164863225072622,136.182693481445,-87.0946,27.25,11.9205261084068,63,63,63,63,61,63,0,7818,1.13366707078925,27,-87,0.001869,51,2026-06-12 01:25:39.000144,830,1.037,0.0011,"aoml_navis",1031.22934922107
"7901009",113,0,1,0.031773,1,0.009345,1,141.413750711588,1,4.84852805810207,832,1,6.06899976730347,34.8689994812012,0.0317730009555817,0.0164863225072622,136.36360168457,-87.0946,27.25,11.9205261084068,63,63,63,63,61,63,0,7818,1.13366707078925,27,-87,0.001869,51,2026-06-12 01:25:39.000144,832,1.037,0.0011,"aoml_navis",1031.24080959887
"7901009",113,0,1,0.029904,1,0.007476,1,141.607577536567,1,4.84847855684215,834,1,6.05900001525879,34.8689994812012,0.0299040004611015,0.0148376896977425,136.550506591797,-87.0946,27.25,11.9205261084068,63,63,63,63,61,63,0,7818,1.13366707078925,27,-87,0.001869,51,2026-06-12 01:25:39.000144,834,1.037,0.0011,"aoml_navis",1031.25133820465
"7901009",113,0,1,0.031773,1,0.009345,1,141.945749883423,1,4.84843113558159,836,1,6.05200004577637,34.8689994812012,0.0317730009555817,0.0164863225072622,136.876602172852,-87.0946,27.25,11.9205261084068,63,63,63,63,61,63,0,7818,1.13366707078925,27,-87,0.001869,51,2026-06-12 01:25:39.000144,836,1.037,0.0011,"aoml_navis",1031.26142460931
"7901009",113,0,1,0.026166,1,0.003738,1,142.4179031044,1,4.84837887320233,838,1,6.03800010681152,34.8689994812012,0.0261659994721413,0.0115404240787029,137.331893920898,-87.0946,27.25,11.9205261084068,63,63,63,63,61,63,0,7818,1.13366707078925,27,-87,0.001869,51,2026-06-12 01:25:39.000144,838,1.037,0.0011,"aoml_navis",1031.27254093852
"7901009",113,0,1,0.028035,1,0.005607,1,142.850559896676,1,4.84832316205818,840,1,6.01900005340576,34.8689994812012,0.0280349999666214,0.0131890568882227,137.749099731445,-87.0946,27.25,11.9205261084068,63,63,63,63,61,63,0,7818,1.13366707078925,27,-87,0.001869,51,2026-06-12 01:25:39.000144,840,1.037,0.0011,"aoml_navis",1031.28439109192
"7901009",113,0,1,0.028035,1,0.005607,1,143.371767175734,1,4.84826815428067,842,1,6.00099992752075,34.8689994812012,0.0280349999666214,0.0131890568882227,138.251693725586,-87.0946,27.25,11.9205261084068,63,63,63,63,61,63,0,7818,1.13366707078925,27,-87,0.001869,51,2026-06-12 01:25:39.000144,842,1.037,0.0011,"aoml_navis",1031.29609190147
"7901009",113,0,1,0.029904,1,0.007476,1,143.799961631114,1,4.84821660680513,844,1,5.98799991607666,34.8689994812012,0.0299040004611015,0.0148376896977425,138.664596557617,-87.0946,27.25,11.9205261084068,63,63,63,63,61,63,0,7818,1.13366707078925,27,-87,0.001869,51,2026-06-12 01:25:39.000144,844,1.037,0.0011,"aoml_navis",1031.30705690456
"7901009",113,0,1,0.031773,1,0.009345,1,144.247556175271,1,4.84815724477954,846,1,5.9689998626709,34.8699989318848,0.0317730009555817,0.0164863225072622,139.096206665039,-87.0946,27.25,11.9205261084068,63,63,63,63,61,63,0,7818,1.13366707078925,27,-87,0.001869,51,2026-06-12 01:25:39.000144,846,1.037,0.0011,"aoml_navis",1031.31968448094
"7901009",113,0,1,0.029904,1,0.007476,1,144.527243425782,1,4.84811008552604,848,1,5.95699977874756,34.8689994812012,0.0299040004611015,0.0148376896977425,139.365905761719,-87.0946,27.25,11.9205261084068,63,63,63,63,61,63,0,7818,1.13366707078925,27,-87,0.001869,51,2026-06-12 01:25:39.000144,848,1.037,0.0011,"aoml_navis",1031.32971648631
"7901009",113,0,1,0.031773,1,0.009345,1,144.784207570679,1,4.84806268828329,850,1,5.94999980926514,34.8689994812012,0.0317730009555817,0.0164863225072622,139.613693237305,-87.0946,27.25,11.9205261084068,63,63,63,63,61,63,0,7818,1.13366707078925,27,-87,0.001869,51,2026-06-12 01:25:39.000144,850,1.037,0.0011,"aoml_navis",1031.33979931487
"7901009",113,0,1,0.031773,1,0.009345,1,145.120623465778,1,4.84801322858415,852,1,5.94000005722046,34.8689994812012,0.0317730009555817,0.0164863225072622,139.938095092773,-87.0946,27.25,11.9205261084068,63,63,63,63,61,63,0,7818,1.13366707078925,27,-87,0.001869,51,2026-06-12 01:25:39.000144,852,1.037,0.0011,"aoml_navis",1031.35032110055
"7901009",113,0,1,0.028035,1,0.005607,1,145.363820826633,1,4.84795733616222,854,1,5.92600011825562,34.8699989318848,0.0280349999666214,0.0131890568882227,140.172607421875,-87.0946,27.25,11.9205261084068,63,63,63,63,61,63,0,7818,1.13366707078925,27,-87,0.001869,51,2026-06-12 01:25:39.000144,854,1.037,0.0011,"aoml_navis",1031.36221160687
"7901009",113,0,1,0.033642,1,0.011214,1,145.716203026443,1,4.84790925980298,856,1,5.91800022125244,34.8699989318848,0.0336420014500618,0.0181349534541368,140.512405395508,-87.0946,27.25,11.9205261084068,63,63,63,63,61,63,0,7818,1.13366707078925,27,-87,0.001869,51,2026-06-12 01:25:39.000144,856,1.037,0.0011,"aoml_navis",1031.37243954999
"7901009",113,0,1,0.029904,1,0.007476,1,146.05168531205,1,4.84785637579792,858,1,5.90299987792969,34.8699989318848,0.0299040004611015,0.0148376896977425,140.835906982422,-87.0946,27.25,11.9205261084068,63,63,63,63,61,63,0,7818,1.13366707078925,27,-87,0.001869,51,2026-06-12 01:25:39.000144,858,1.037,0.0011,"aoml_navis",1031.38369052384
"7901009",113,0,1,0.028035,1,0.005607,1,146.390996978965,1,4.84780487285419,860,1,5.8899998664856,34.8699989318848,0.0280349999666214,0.0131890568882227,141.163101196289,-87.0946,27.25,11.9205261084068,63,63,63,63,61,63,0,7818,1.13366707078925,27,-87,0.001869,51,2026-06-12 01:25:39.000144,860,1.037,0.0011,"aoml_navis",1031.3946479154
"7901009",113,0,1,0.031773,1,0.009345,1,146.784030751423,1,4.84775037689228,862,1,5.87799978256226,34.8709983825684,0.0317730009555817,0.0164863225072622,141.542098999023,-87.0946,27.25,11.9205261084068,63,63,63,63,61,63,0,7818,1.13366707078925,27,-87,0.001869,51,2026-06-12 01:25:39.000144,862,1.037,0.0011,"aoml_navis",1031.40624233324
"7901009",113,0,1,0.028035,1,0.005607,1,147.269570983089,1,4.84769957125782,864,1,5.86600017547607,34.8709983825684,0.0280349999666214,0.0131890568882227,142.010299682617,-87.0946,27.25,11.9205261084068,63,63,63,63,61,63,0,7818,1.13366707078925,27,-87,0.001869,51,2026-06-12 01:25:39.000144,864,1.037,0.0011,"aoml_navis",1031.41705184149
"7901009",113,0,1,0.033642,1,0.011214,1,147.734682573147,1,4.84765082633035,866,1,5.85699987411499,34.8709983825684,0.0336420014500618,0.0181349534541368,142.458801269531,-87.0946,27.25,11.9205261084068,63,63,63,63,61,63,0,7818,1.13366707078925,27,-87,0.001869,51,2026-06-12 01:25:39.000144,866,1.037,0.0011,"aoml_navis",1031.42742312259
"7901009",113,0,1,0.028035,1,0.005607,1,148.228625290246,1,4.84758263906503,868,1,5.82499980926514,34.8720016479492,0.0280349999666214,0.0131890568882227,142.935104370117,-87.0946,27.25,11.9205261084068,63,63,63,63,61,63,0,7818,1.13366707078925,27,-87,0.001869,51,2026-06-12 01:25:39.000144,868,1.037,0.0011,"aoml_navis",1031.44193142922
"7901009",113,0,1,0.029904,1,0.007476,1,148.478864282019,1,4.84752843768625,870,1,5.80800008773804,34.8720016479492,0.0299040004611015,0.0148376896977425,143.176406860352,-87.0946,27.25,11.9205261084068,63,63,63,63,61,63,0,7818,1.13366707078925,27,-87,0.001869,51,2026-06-12 01:25:39.000144,870,1.037,0.0011,"aoml_navis",1031.45346422899
"7901009",113,0,1,0.028035,1,0.005607,1,148.647689361267,1,4.84747807467215,872,1,5.80200004577637,34.8730010986328,0.0280349999666214,0.0131890568882227,143.339202880859,-87.0946,27.25,11.9205261084068,63,63,63,63,61,63,0,7818,1.13366707078925,27,-87,0.001869,51,2026-06-12 01:25:39.000144,872,1.037,0.0011,"aoml_navis",1031.46418054468
"7901009",113,0,1,0.029904,1,0.007476,1,148.899273383665,1,4.84742798327327,874,1,5.79099988937378,34.8730010986328,0.0299040004611015,0.0148376896977425,143.581802368164,-87.0946,27.25,11.9205261084068,63,63,63,63,61,63,0,7818,1.13366707078925,27,-87,0.001869,51,2026-06-12 01:25:39.000144,874,1.037,0.0011,"aoml_navis",1031.47483928657
"7901009",113,0,1,0.031773,1,0.009345,1,149.172836788861,1,4.84738267592545,876,1,5.78700017929077,34.8730010986328,0.0317730009555817,0.0164863225072622,143.845596313477,-87.0946,27.25,11.9205261084068,63,63,63,63,61,63,0,7818,1.13366707078925,27,-87,0.001869,51,2026-06-12 01:25:39.000144,876,1.037,0.0011,"aoml_navis",1031.48448023972
"7901009",113,0,1,0.029904,1,0.007476,1,149.599274792484,1,4.84733327318136,878,1,5.77699995040894,34.8730010986328,0.0299040004611015,0.0148376896977425,144.256805419922,-87.0946,27.25,11.9205261084068,63,63,63,63,61,63,0,7818,1.13366707078925,27,-87,0.001869,51,2026-06-12 01:25:39.000144,878,1.037,0.0011,"aoml_navis",1031.49499285789
"7901009",113,0,1,0.033642,1,0.011214,1,150.125039351776,1,4.84727637146509,880,1,5.75600004196167,34.8730010986328,0.0336420014500618,0.0181349534541368,144.763793945312,-87.0946,27.25,11.9205261084068,63,63,63,63,61,63,0,7818,1.13366707078925,27,-87,0.001869,51,2026-06-12 01:25:39.000144,880,1.037,0.0011,"aoml_navis",1031.50710147949
"7901009",113,0,1,0.028035,1,0.005607,1,150.543597058327,1,4.84721443899119,882,1,5.73299980163574,34.8740005493164,0.0280349999666214,0.0131890568882227,145.167404174805,-87.0946,27.25,11.9205261084068,63,63,63,63,61,63,0,7818,1.13366707078925,27,-87,0.001869,51,2026-06-12 01:25:39.000144,882,1.037,0.0011,"aoml_navis",1031.5202809638
"7901009",113,0,1,0.029904,1,0.007476,1,150.88352585694,1,4.84716301314122,884,1,5.71999979019165,34.8740005493164,0.0299040004611015,0.0148376896977425,145.495193481445,-87.0946,27.25,11.9205261084068,63,63,63,63,61,63,0,7818,1.13366707078925,27,-87,0.001869,51,2026-06-12 01:25:39.000144,884,1.037,0.0011,"aoml_navis",1031.53122485141
"7901009",113,0,1,0.035511,1,0.013083,1,151.326768831428,1,4.84711703460164,886,1,5.71500015258789,34.8740005493164,0.0355109982192516,0.0197835862636566,145.922607421875,-87.0946,27.25,11.9205261084068,63,63,63,63,61,63,0,7818,1.13366707078925,27,-87,0.001869,51,2026-06-12 01:25:39.000144,886,1.037,0.0011,"aoml_navis",1031.54100969855
"7901009",113,0,1,0.028035,1,0.005607,1,151.997923289317,1,4.8470558145729,888,1,5.69299983978271,34.875,0.0280349999666214,0.0131890568882227,146.569793701172,-87.0946,27.25,11.9205261084068,63,63,63,63,61,63,0,7818,1.13366707078925,27,-87,0.001869,51,2026-06-12 01:25:39.000144,888,1.037,0.0011,"aoml_navis",1031.55403842623
"7901009",113,0,1,0.035511,1,0.013083,1,152.489065177938,1,4.84698444017232,890,1,5.6560001373291,34.8759994506836,0.0355109982192516,0.0197835862636566,147.043395996094,-87.0946,27.25,11.9205261084068,63,63,63,63,61,63,0,7818,1.13366707078925,27,-87,0.001869,51,2026-06-12 01:25:39.000144,890,1.037,0.0011,"aoml_navis",1031.56922860314
"7901009",113,0,1,0.031773,1,0.009345,1,152.782028671911,1,4.84693034008575,892,1,5.63899993896484,34.8759994506836,0.0317730009555817,0.0164863225072622,147.325897216797,-87.0946,27.25,11.9205261084068,63,63,63,63,61,63,0,7818,1.13366707078925,27,-87,0.001869,51,2026-06-12 01:25:39.000144,892,1.037,0.0011,"aoml_navis",1031.58074269158
"7901009",113,0,1,0.031773,1,0.009345,1,153.198291914455,1,4.84687459479761,894,1,5.625,34.8769989013672,0.0317730009555817,0.0164863225072622,147.727294921875,-87.0946,27.25,11.9205261084068,63,63,63,63,61,63,0,7818,1.13366707078925,27,-87,0.001869,51,2026-06-12 01:25:39.000144,894,1.037,0.0011,"aoml_navis",1031.59260719614
"7901009",113,0,1,0.026166,1,0.003738,1,153.469276025629,1,4.84681848570941,896,1,5.60500001907349,34.8769989013672,0.0261659994721413,0.0115404240787029,147.98860168457,-87.0946,27.25,11.9205261084068,63,63,63,63,61,63,0,7818,1.13366707078925,27,-87,0.001869,51,2026-06-12 01:25:39.000144,896,1.037,0.0011,"aoml_navis",1031.6045494054
"7901009",113,0,1,0.029904,1,0.007476,1,153.636028175326,1,4.84676816142241,898,1,5.59899997711182,34.8779983520508,0.0299040004611015,0.0148376896977425,148.149398803711,-87.0946,27.25,11.9205261084068,63,63,63,63,61,63,0,7818,1.13366707078925,27,-87,0.001869,51,2026-06-12 01:25:39.000144,898,1.037,0.0011,"aoml_navis",1031.61526061783
"7901009",113,0,1,0.029904,1,0.007476,1,153.864588438205,1,4.84672656122178,900,1,5.59499979019165,34.8769989013672,0.0299040004611015,0.0148376896977425,148.36979675293,-87.0946,27.25,11.9205261084068,63,63,63,63,61,63,0,7818,1.13366707078925,27,-87,0.001869,51,2026-06-12 01:25:39.000144,900,1.037,0.0011,"aoml_navis",1031.62411513052
"7901009",113,0,1,0.031773,1,0.009345,1,154.147598705554,1,4.84667286345579,902,1,5.58400011062622,34.8779983520508,0.0317730009555817,0.0164863225072622,148.642700195312,-87.0946,27.25,11.9205261084068,63,63,63,63,61,63,0,7818,1.13366707078925,27,-87,0.001869,51,2026-06-12 01:25:39.000144,902,1.037,0.0011,"aoml_navis",1031.63554480854
"7901009",113,0,1,0.031773,1,0.009345,1,154.461101608362,1,4.84662420504343,904,1,5.57499980926514,34.8779983520508,0.0317730009555817,0.0164863225072622,148.945007324219,-87.0946,27.25,11.9205261084068,63,63,63,63,61,63,0,7818,1.13366707078925,27,-87,0.001869,51,2026-06-12 01:25:39.000144,904,1.037,0.0011,"aoml_navis",1031.64590206869
"7901009",113,0,1,0.029904,1,0.007476,1,154.842520645779,1,4.84657285069451,906,1,5.56199979782104,34.8779983520508,0.0299040004611015,0.0148376896977425,149.312805175781,-87.0946,27.25,11.9205261084068,63,63,63,63,61,63,0,7818,1.13366707078925,27,-87,0.001869,51,2026-06-12 01:25:39.000144,906,1.037,0.0011,"aoml_navis",1031.65683340208
"7901009",113,0,1,0.029904,1,0.007476,1,155.205172550006,1,4.84651443251581,908,1,5.54400014877319,34.8790016174316,0.0299040004611015,0.0148376896977425,149.662506103516,-87.0946,27.25,11.9205261084068,63,63,63,63,61,63,0,7818,1.13366707078925,27,-87,0.001869,51,2026-06-12 01:25:39.000144,908,1.037,0.0011,"aoml_navis",1031.66926863035
"7901009",113,0,1,0.029904,1,0.007476,1,155.402306567934,1,4.84646376570449,910,1,5.53200006484985,34.8790016174316,0.0299040004611015,0.0148376896977425,149.852600097656,-87.0946,27.25,11.9205261084068,63,63,63,63,61,63,0,7818,1.13366707078925,27,-87,0.001869,51,2026-06-12 01:25:39.000144,910,1.037,0.0011,"aoml_navis",1031.68005410089
"7901009",113,0,1,0.031773,1,0.009345,1,155.548012944325,1,4.84641916454498,912,1,5.52899980545044,34.8790016174316,0.0317730009555817,0.0164863225072622,149.993103027344,-87.0946,27.25,11.9205261084068,63,63,63,63,61,63,0,7818,1.13366707078925,27,-87,0.001869,51,2026-06-12 01:25:39.000144,912,1.037,0.0011,"aoml_navis",1031.6895485596
"7901009",113,0,1,0.028035,1,0.005607,1,155.604535878346,1,4.84636740486573,914.099975585938,1,5.52400016784668,34.8800010681152,0.0280349999666214,0.0131890568882227,150.047607421875,-87.0946,27.25,11.9205261084068,63,63,63,63,61,63,0,7818,1.13366707078925,27,-87,0.001869,51,2026-06-12 01:25:39.000144,914.099975585938,1.037,0.0011,"aoml_navis",1031.70056710517
"7901009",113,0,1,0.028035,1,0.005607,1,155.664460948654,1,4.84632628298058,916,1,5.52299976348877,34.8800010681152,0.0280349999666214,0.0131890568882227,150.105392456055,-87.0946,27.25,11.9205261084068,63,63,63,63,61,63,0,7818,1.13366707078925,27,-87,0.001869,51,2026-06-12 01:25:39.000144,916,1.037,0.0011,"aoml_navis",1031.7093212562
"7901009",113,0,1,0.029904,1,0.007476,1,155.757173118427,1,4.84628303526738,918,1,5.52199983596802,34.8800010681152,0.0299040004611015,0.0148376896977425,150.194793701172,-87.0946,27.25,11.9205261084068,63,63,63,63,61,63,0,7818,1.13366707078925,27,-87,0.001869,51,2026-06-12 01:25:39.000144,918,1.037,0.0011,"aoml_navis",1031.71852812021
"7901009",113,0,1,0.031773,1,0.009345,1,155.903195972612,1,4.84623978975493,920,1,5.52099990844727,34.8800010681152,0.0317730009555817,0.0164863225072622,150.335601806641,-87.0946,27.25,11.9205261084068,63,63,63,63,61,63,0,7818,1.13366707078925,27,-87,0.001869,51,2026-06-12 01:25:39.000144,920,1.037,0.0011,"aoml_navis",1031.72773468001
"7901009",113,0,1,0.029904,1,0.007476,1,156.123148039493,1,4.84619654644308,922,1,5.51999998092651,34.8800010681152,0.0299040004611015,0.0148376896977425,150.547698974609,-87.0946,27.25,11.9205261084068,63,63,63,63,61,63,0,7818,1.13366707078925,27,-87,0.001869,51,2026-06-12 01:25:39.000144,922,1.037,0.0011,"aoml_navis",1031.73694093563
"7901009",113,0,1,0.029904,1,0.007476,1,156.421301769288,1,4.84614858618243,924,1,5.51200008392334,34.8800010681152,0.0299040004611015,0.0148376896977425,150.835205078125,-87.0946,27.25,11.9205261084068,63,63,63,63,61,63,0,7818,1.13366707078925,27,-87,0.001869,51,2026-06-12 01:25:39.000144,924,1.037,0.0011,"aoml_navis",1031.74715159503
"7901009",113,0,1,0.029904,1,0.007476,1,156.807278086939,1,4.84609928080251,926,1,5.5019998550415,34.8800010681152,0.0299040004611015,0.0148376896977425,151.207397460938,-87.0946,27.25,11.9205261084068,63,63,63,63,61,63,0,7818,1.13366707078925,27,-87,0.001869,51,2026-06-12 01:25:39.000144,926,1.037,0.0011,"aoml_navis",1031.75764883876
"7901009",113,0,1,0.028035,1,0.005607,1,156.999759881294,1,4.84604427468639,928,1,5.48899984359741,34.8810005187988,0.0280349999666214,0.0131890568882227,151.393005371094,-87.0946,27.25,11.9205261084068,63,63,63,63,61,63,0,7818,1.13366707078925,27,-87,0.001869,51,2026-06-12 01:25:39.000144,928,1.037,0.0011,"aoml_navis",1031.76936003615
"7901009",113,0,1,0.033642,1,0.011214,1,157.071315510533,1,4.84600036282292,930,1,5.48699998855591,34.8810005187988,0.0336420014500618,0.0181349534541368,151.462005615234,-87.0946,27.25,11.9205261084068,63,63,63,63,61,63,0,7818,1.13366707078925,27,-87,0.001869,51,2026-06-12 01:25:39.000144,930,1.037,0.0011,"aoml_navis",1031.77870937826
"7901009",113,0,1,0.031773,1,0.009345,1,157.210375853249,1,4.84595510590569,932,1,5.48299980163574,34.8810005187988,0.0317730009555817,0.0164863225072622,151.596099853516,-87.0946,27.25,11.9205261084068,63,63,63,63,61,63,0,7818,1.13366707078925,27,-87,0.001869,51,2026-06-12 01:25:39.000144,932,1.037,0.0011,"aoml_navis",1031.78834527513
"7901009",113,0,1,0.026166,1,0.003738,1,157.296141335443,1,4.84591052438548,934,1,5.48000001907349,34.8810005187988,0.0261659994721413,0.0115404240787029,151.678802490234,-87.0946,27.25,11.9205261084068,63,63,63,63,61,63,0,7818,1.13366707078925,27,-87,0.001869,51,2026-06-12 01:25:39.000144,934,1.037,0.0011,"aoml_navis",1031.79783754552
"7901009",113,0,1,0.031773,1,0.009345,1,157.422131145263,1,4.84586594467142,936,1,5.47700023651123,34.8810005187988,0.0317730009555817,0.0164863225072622,151.80029296875,-87.0946,27.25,11.9205261084068,63,63,63,63,61,63,0,7818,1.13366707078925,27,-87,0.001869,51,2026-06-12 01:25:39.000144,936,1.037,0.0011,"aoml_navis",1031.80732960599
"7901009",113,0,1,0.029904,1,0.007476,1,157.563375184757,1,4.84582203990454,938,1,5.47499990463257,34.8810005187988,0.0299040004611015,0.0148376896977425,151.936492919922,-87.0946,27.25,11.9205261084068,63,63,63,63,61,63,0,7818,1.13366707078925,27,-87,0.001869,51,2026-06-12 01:25:39.000144,938,1.037,0.0011,"aoml_navis",1031.81667812516
"7901009",113,0,1,0.031773,1,0.009345,1,157.717800524375,1,4.8457747697873,940,1,5.46799993515015,34.8810005187988,0.0317730009555817,0.0164863225072622,152.085403442383,-87.0946,27.25,11.9205261084068,63,63,63,63,61,63,0,7818,1.13366707078925,27,-87,0.001869,51,2026-06-12 01:25:39.000144,940,1.037,0.0011,"aoml_navis",1031.82674340836
"7901009",113,0,1,0.028035,1,0.005607,1,157.847113351033,1,4.84572952198697,942,1,5.46400022506714,34.8810005187988,0.0280349999666214,0.0131890568882227,152.210098266602,-87.0946,27.25,11.9205261084068,63,63,63,63,61,63,0,7818,1.13366707078925,27,-87,0.001869,51,2026-06-12 01:25:39.000144,942,1.037,0.0011,"aoml_navis",1031.83637826112
"7901009",113,0,1,0.026166,1,0.003738,1,157.937024692329,1,4.84568427562422,944,1,5.46000003814697,34.8810005187988,0.0261659994721413,0.0115404240787029,152.296798706055,-87.0946,27.25,11.9205261084068,63,63,63,63,61,63,0,7818,1.13366707078925,27,-87,0.001869,51,2026-06-12 01:25:39.000144,944,1.037,0.0011,"aoml_navis",1031.84601298769
"7901009",113,0,1,0.029904,1,0.007476,1,158.103776842026,1,4.84563534733124,946,1,5.45599985122681,34.8819999694824,0.0299040004611015,0.0148376896977425,152.457595825195,-87.0946,27.25,11.9205261084068,63,63,63,63,61,63,0,7818,1.13366707078925,27,-87,0.001869,51,2026-06-12 01:25:39.000144,946,1.037,0.0011,"aoml_navis",1031.85643194422
"7901009",113,0,1,0.029904,1,0.007476,1,158.259135791136,1,4.84559300837662,948.099975585938,1,5.4539999961853,34.8810005187988,0.0299040004611015,0.0148376896977425,152.607406616211,-87.0946,27.25,11.9205261084068,63,63,63,63,61,63,0,7818,1.13366707078925,27,-87,0.001869,51,2026-06-12 01:25:39.000144,948.099975585938,1.037,0.0011,"aoml_navis",1031.86544791452
"7901009",113,0,1,0.028035,1,0.005607,1,158.715734128534,1,4.84555056793164,950,1,5.45100021362305,34.8810005187988,0.0280349999666214,0.0131890568882227,153.047698974609,-87.0946,27.25,11.9205261084068,63,63,63,63,61,63,0,7818,1.13366707078925,27,-87,0.001869,51,2026-06-12 01:25:39.000144,950,1.037,0.0011,"aoml_navis",1031.87448565505
"7901009",113,0,1,0.031773,1,0.009345,1,159.338894728952,1,4.84549994207901,952,1,5.43900012969971,34.8810005187988,0.0317730009555817,0.0164863225072622,153.64860534668,-87.0946,27.25,11.9205261084068,63,63,63,63,61,63,0,7818,1.13366707078925,27,-87,0.001869,51,2026-06-12 01:25:39.000144,952,1.037,0.0011,"aoml_navis",1031.88526669442
"7901009",113,0,1,0.028035,1,0.005607,1,160.038373949411,1,4.84542582285386,954,1,5.40299987792969,34.882999420166,0.0280349999666214,0.0131890568882227,154.323104858398,-87.0946,27.25,11.9205261084068,63,63,63,63,61,63,0,7818,1.13366707078925,27,-87,0.001869,51,2026-06-12 01:25:39.000144,954,1.037,0.0011,"aoml_navis",1031.90105117637
"7901009",113,0,1,0.029904,1,0.007476,1,160.398952924087,1,4.8453661654899,956,1,5.38299989700317,34.8839988708496,0.0299040004611015,0.0148376896977425,154.670806884766,-87.0946,27.25,11.9205261084068,63,63,63,63,61,63,0,7818,1.13366707078925,27,-87,0.001869,51,2026-06-12 01:25:39.000144,956,1.037,0.0011,"aoml_navis",1031.91375620102
"7901009",113,0,1,0.029904,1,0.007476,1,160.738786779362,1,4.84531556752171,958,1,5.37099981307983,34.8839988708496,0.0299040004611015,0.0148376896977425,154.998504638672,-87.0946,27.25,11.9205261084068,63,63,63,63,61,63,0,7818,1.13366707078925,27,-87,0.001869,51,2026-06-12 01:25:39.000144,958,1.037,0.0011,"aoml_navis",1031.92453212236
"7901009",113,0,1,0.029904,1,0.007476,1,161.093336852061,1,4.8452676548193,960,1,5.36299991607666,34.8839988708496,0.0299040004611015,0.0148376896977425,155.340393066406,-87.0946,27.25,11.9205261084068,63,63,63,63,61,63,0,7818,1.13366707078925,27,-87,0.001869,51,2026-06-12 01:25:39.000144,960,1.037,0.0011,"aoml_navis",1031.93473636628
"7901009",113,0,1,0.029904,1,0.007476,1,161.485452838917,1,4.84521070311984,962,1,5.34700012207031,34.8849983215332,0.0299040004611015,0.0148376896977425,155.718505859375,-87.0946,27.25,11.9205261084068,63,63,63,63,61,63,0,7818,1.13366707078925,27,-87,0.001869,51,2026-06-12 01:25:39.000144,962,1.037,0.0011,"aoml_navis",1031.94686595992
"7901009",113,0,1,0.028035,1,0.005607,1,161.669927745082,1,4.84515878203194,964,1,5.33300018310547,34.8849983215332,0.0280349999666214,0.0131890568882227,155.896392822266,-87.0946,27.25,11.9205261084068,63,63,63,63,61,63,0,7818,1.13366707078925,27,-87,0.001869,51,2026-06-12 01:25:39.000144,964,1.037,0.0011,"aoml_navis",1031.95792438058
"7901009",113,0,1,0.031773,1,0.009345,1,161.884594632801,1,4.84511355547469,966,1,5.3289999961853,34.8849983215332,0.0317730009555817,0.0164863225072622,156.103393554688,-87.0946,27.25,11.9205261084068,63,63,63,63,61,63,0,7818,1.13366707078925,27,-87,0.001869,51,2026-06-12 01:25:39.000144,966,1.037,0.0011,"aoml_navis",1031.96755715876
"7901009",113,0,1,0.028035,1,0.005607,1,162.233353161869,1,4.84506833066998,968,1,5.32499980926514,34.8849983215332,0.0280349999666214,0.0131890568882227,156.439697265625,-87.0946,27.25,11.9205261084068,63,63,63,63,61,63,0,7818,1.13366707078925,27,-87,0.001869,51,2026-06-12 01:25:39.000144,968,1.037,0.0011,"aoml_navis",1031.97718974349
"7901009",113,0,1,0.029904,1,0.007476,1,162.714858301661,1,4.84501339078204,970,1,5.31199979782104,34.8860015869141,0.0299040004611015,0.0148376896977425,156.904006958008,-87.0946,27.25,11.9205261084068,63,63,63,63,61,63,0,7818,1.13366707078925,27,-87,0.001869,51,2026-06-12 01:25:39.000144,970,1.037,0.0011,"aoml_navis",1031.98889181872
"7901009",113,0,1,0.029904,1,0.007476,1,163.181615576248,1,4.84495948238099,972,1,5.29500007629395,34.8860015869141,0.0299040004611015,0.0148376896977425,157.354095458984,-87.0946,27.25,11.9205261084068,63,63,63,63,61,63,0,7818,1.13366707078925,27,-87,0.001869,51,2026-06-12 01:25:39.000144,972,1.037,0.0011,"aoml_navis",1032.00037444747
"7901009",113,0,1,0.031773,1,0.009345,1,163.690796699131,1,4.84490123303512,974,1,5.27699995040894,34.8870010375977,0.0317730009555817,0.0164863225072622,157.845092773438,-87.0946,27.25,11.9205261084068,63,63,63,63,61,63,0,7818,1.13366707078925,27,-87,0.001869,51,2026-06-12 01:25:39.000144,974,1.037,0.0011,"aoml_navis",1032.01278199591
"7901009",113,0,1,0.031773,1,0.009345,1,163.967698945055,1,4.84484432863763,976,1,5.26100015640259,34.8880004882812,0.0317730009555817,0.0164863225072622,158.112106323242,-87.0946,27.25,11.9205261084068,63,63,63,63,61,63,0,7818,1.13366707078925,27,-87,0.001869,51,2026-06-12 01:25:39.000144,976,1.037,0.0011,"aoml_navis",1032.02490334834
"7901009",113,0,1,0.03738,1,0.014952,1,164.13559041481,1,4.84479911290625,978,1,5.25699996948242,34.8880004882812,0.0373799987137318,0.0214322190731764,158.274002075195,-87.0946,27.25,11.9205261084068,63,63,63,63,61,63,0,7818,1.13366707078925,27,-87,0.001869,51,2026-06-12 01:25:39.000144,978,1.037,0.0011,"aoml_navis",1032.03453507088
"7901009",113,0,1,0.029904,1,0.007476,1,168.336200175534,1,4.84426578174418,999.5,1,5.15939998626709,34.890998840332,0.0299040004611015,0.0148376896977425,162.324600219727,-87.0946,27.25,11.9205261084068,63,63,63,63,61,63,0,7818,1.13366707078925,27,-87,0.001869,51,2026-06-12 01:25:39.000144,999.5,1.037,0.0011,"aoml_navis",1032.14815727962
"7901009",113,0,1,0.031773,1,0.009345,1,174.041234602049,1,4.84308523889624,1049.19995117188,1,5.00029993057251,34.8959999084473,0.0317730009555817,0.0164863225072622,167.825897216797,-87.0946,27.25,11.9205261084068,63,63,63,63,61,63,0,7818,1.13366707078925,27,-87,0.001869,51,2026-06-12 01:25:39.000144,1049.19995117188,1.037,0.0011,"aoml_navis",1032.39975209264
"7901009",113,0,1,0.033642,1,0.011214,1,180.264897013601,1,4.8418682555994,1099.40002441406,1,4.81680011749268,34.9039993286133,0.0336420014500618,0.0181349534541368,173.827301025391,-87.0946,27.25,11.9205261084068,63,63,63,63,61,63,0,7818,1.13366707078925,27,-87,0.001869,51,2026-06-12 01:25:39.000144,1099.40002441406,1.037,0.0011,"aoml_navis",1032.65924144419
"7901009",113,0,1,0.029904,1,0.007476,1,185.429324072281,1,4.84069390873227,1149.40002441406,1,4.6673002243042,34.9080009460449,0.0299040004611015,0.0148376896977425,178.80729675293,-87.0946,27.25,11.9205261084068,63,63,63,63,61,63,0,7818,1.13366707078925,27,-87,0.001869,51,2026-06-12 01:25:39.000144,1149.40002441406,1.037,0.0011,"aoml_navis",1032.90976340817
"7901009",113,0,1,0.029904,1,0.007476,1,190.443803952131,1,4.83954849139365,1199.30004882812,1,4.56260013580322,34.9129981994629,0.0299040004611015,0.0148376896977425,183.642700195312,-87.0946,27.25,11.9205261084068,63,63,63,63,61,63,0,7818,1.13366707078925,27,-87,0.001869,51,2026-06-12 01:25:39.000144,1199.30004882812,1.037,0.0011,"aoml_navis",1033.15423099731
"7901009",113,0,1,0.031773,1,0.009345,1,193.611635903568,1,4.83841856120503,1249.19995117188,1,4.47429990768433,34.9169998168945,0.0317730009555817,0.0164863225072622,186.697402954102,-87.0946,27.25,11.9205261084068,63,63,63,63,61,63,0,7818,1.13366707078925,27,-87,0.001869,51,2026-06-12 01:25:39.000144,1249.19995117188,1.037,0.0011,"aoml_navis",1033.39550655881
"7901009",113,0,1,0.033642,1,0.011214,1,195.464091199501,1,4.83730621105264,1300.09997558594,1,4.43209981918335,34.9189987182617,0.0336420014500618,0.0181349534541368,188.483703613281,-87.0946,27.25,11.9205261084068,63,63,63,63,61,63,0,7818,1.13366707078925,27,-87,0.001869,51,2026-06-12 01:25:39.000144,1300.09997558594,1.037,0.0011,"aoml_navis",1033.63313833134
"7901009",113,0,1,0.026166,1,0.003738,1,197.179036893911,1,4.83623415933752,1349.59997558594,1,4.39860010147095,34.9199981689453,0.0261659994721413,0.0115404240787029,190.137405395508,-87.0946,27.25,11.9205261084068,63,63,63,63,61,63,0,7818,1.13366707078925,27,-87,0.001869,51,2026-06-12 01:25:39.000144,1349.59997558594,1.037,0.0011,"aoml_navis",1033.86226457755
"7901009",113,0,1,0.026166,1,0.003738,1,198.312723647837,1,4.83515769569076,1399.40002441406,1,4.37160015106201,34.9220008850098,0.0261659994721413,0.0115404240787029,191.230606079102,-87.0946,27.25,11.9205261084068,63,63,63,63,61,63,0,7818,1.13366707078925,27,-87,0.001869,51,2026-06-12 01:25:39.000144,1399.40002441406,1.037,0.0011,"aoml_navis",1034.09243600393
"7901009",113,0,1,0.026166,1,0.003738,1,199.3616734724,1,4.8340846812419,1449.5,1,4.35169982910156,34.9230003356934,0.0261659994721413,0.0115404240787029,192.242095947266,-87.0946,27.25,11.9205261084068,63,63,63,63,61,63,0,7818,1.13366707078925,27,-87,0.001869,51,2026-06-12 01:25:39.000144,1449.5,1.037,0.0011,"aoml_navis",1034.3219719344
"7901009",113,0,1,0.029904,1,0.007476,1,200.406588205089,1,4.8330281250419,1498.80004882812,1,4.33459997177124,34.9249992370605,0.0299040004611015,0.0148376896977425,193.249694824219,-87.0946,27.25,11.9205261084068,63,63,63,63,61,63,0,7818,1.13366707078925,27,-87,0.001869,51,2026-06-12 01:25:39.000144,1498.80004882812,1.037,0.0011,"aoml_navis",1034.54808675599
"7901009",113,0,1,0.026166,1,0.003738,1,200.911939946664,1,4.83195404478946,1549.5,1,4.32219982147217,34.9249992370605,0.0261659994721413,0.0115404240787029,193.736999511719,-87.0946,27.25,11.9205261084068,63,63,63,63,61,63,0,7818,1.13366707078925,27,-87,0.001869,51,2026-06-12 01:25:39.000144,1549.5,1.037,0.0011,"aoml_navis",1034.77805327883
"7901009",113,0,1,0.031773,1,0.009345,1,201.406499795461,1,4.83088783628815,1600,1,4.31300020217896,34.9249992370605,0.0317730009555817,0.0164863225072622,194.213897705078,-87.0946,27.25,11.9205261084068,63,63,63,63,61,63,0,7818,1.13366707078925,27,-87,0.001869,51,2026-06-12 01:25:39.000144,1600,1.037,0.0011,"aoml_navis",1035.00643555446
"7901009",113,0,1,0.026166,1,0.003738,1,201.984024297974,1,4.82983826997718,1649.80004882812,1,4.30980014801025,34.9259986877441,0.0261659994721413,0.0115404240787029,194.770797729492,-87.0946,27.25,11.9205261084068,63,63,63,63,61,63,0,7818,1.13366707078925,27,-87,0.001869,51,2026-06-12 01:25:39.000144,1649.80004882812,1.037,0.0011,"aoml_navis",1035.23135155075
"7901009",113,0,1,0.029904,1,0.007476,1,202.237681249923,1,4.82879499708569,1699.5,1,4.30520009994507,34.9259986877441,0.0299040004611015,0.0148376896977425,195.015396118164,-87.0946,27.25,11.9205261084068,63,63,63,63,61,63,0,7818,1.13366707078925,27,-87,0.001869,51,2026-06-12 01:25:39.000144,1699.5,1.037,0.0011,"aoml_navis",1035.45501579952
"7901009",113,0,1,0.028035,1,0.005607,1,202.775598556508,1,4.82775377865131,1749.30004882812,1,4.3043999671936,34.9259986877441,0.0280349999666214,0.0131890568882227,195.534103393555,-87.0946,27.25,11.9205261084068,63,63,63,63,61,63,0,7818,1.13366707078925,27,-87,0.001869,51,2026-06-12 01:25:39.000144,1749.30004882812,1.037,0.0011,"aoml_navis",1035.67833598109
"7901009",113,0,1,0.029904,1,0.007476,1,202.975327692347,1,4.8266933333903,1799.80004882812,1,4.30000019073486,34.9269981384277,0.0299040004611015,0.0148376896977425,195.726699829102,-87.0946,27.25,11.9205261084068,63,63,63,63,61,63,0,7818,1.13366707078925,27,-87,0.001869,51,2026-06-12 01:25:39.000144,1799.80004882812,1.037,0.0011,"aoml_navis",1035.90587896082
"7901009",113,0,1,0.029904,1,0.007476,1,203.268908318018,1,4.82566316550149,1849.19995117188,1,4.29869985580444,34.9269981384277,0.0299040004611015,0.0148376896977425,196.009796142578,-87.0946,27.25,11.9205261084068,63,63,63,63,61,63,0,7818,1.13366707078925,27,-87,0.001869,51,2026-06-12 01:25:39.000144,1849.19995117188,1.037,0.0011,"aoml_navis",1036.12702099575
"7901009",113,0,1,0.031773,1,0.009345,1,203.506598965256,1,4.82461477346776,1899.59997558594,1,4.29890012741089,34.9269981384277,0.0317730009555817,0.0164863225072622,196.238998413086,-87.0946,27.25,11.9205261084068,63,63,63,63,61,63,0,7818,1.13366707078925,27,-87,0.001869,51,2026-06-12 01:25:39.000144,1899.59997558594,1.037,0.0011,"aoml_navis",1036.35217209398
"7901009",113,0,1,0.024297,1,0.001869,1,203.599105424464,1,4.82356180039529,1950,1,4.29559993743896,34.9280014038086,0.0242970008403063,0.00989179313182831,196.328201293945,-87.0946,27.25,11.9205261084068,63,63,63,63,61,63,0,7818,1.13366707078925,27,-87,0.001869,51,2026-06-12 01:25:39.000144,1950,1.037,0.0011,"aoml_navis",1036.57840552395
"7901009",113,0,1,0.029904,1,0.007476,1,201.760227025896,1,4.82255054415425,1998.90002441406,1,4.2947998046875,34.9269981384277,0.0299040004611015,0.0148376896977425,194.554992675781,-87.0946,27.25,11.9205261084068,63,63,63,63,61,63,0,7818,1.13366707078925,27,-87,0.001869,51,2026-06-12 01:25:39.000144,1998.90002441406,1.037,0.0011,"aoml_navis",1036.79576900668
"7901009",114,0.0313240111801762,1,0.057939,1,0.035511,1,192.513675929327,1,4.88704791271603,2.29999995231628,1,29.1770000457764,36.4620018005371,0.0579390004277229,0.0395671725273132,185.638595581055,-86.5718,27.0931,11.9206662278526,63,63,63,63,61,63,0.035511,7818,1.13366707078925,27,-87,0.001869,51,2026-06-22 08:41:50.000917,2.29999995231628,1.037,0.0011,"aoml_navis",1023.11253936964
"7901009",114,0.0362699076823093,1,0.063546,1,0.041118,1,192.410393369185,1,4.88701684650774,4,1,29.1770000457764,36.4609985351562,0.0635460019111633,0.0445130690932274,185.539001464844,-86.5718,27.0931,11.9206662278526,63,63,63,63,61,63,0.041118,7818,1.13366707078925,27,-87,0.001869,51,2026-06-22 08:41:50.000917,4,1.037,0.0011,"aoml_navis",1023.11904317927
"7901009",114,0.0280267468454208,1,0.054201,1,0.031773,1,192.478325348761,1,4.88695944242328,6,1,29.1599998474121,36.4580001831055,0.0542009994387627,0.0362699069082737,185.604507446289,-86.5718,27.0931,11.9206662278526,63,63,63,63,61,63,0.031773,7818,1.13366707078925,27,-87,0.001869,51,2026-06-22 08:41:50.000917,6,1.037,0.0011,"aoml_navis",1023.13106112472
"7901009",114,0.0329726433475539,1,0.059808,1,0.03738,1,192.659493118189,1,4.88686776293283,8,1,29.1149997711182,36.4519996643066,0.0598080009222031,0.0412158034741879,185.779205322266,-86.5718,27.0931,11.9206662278526,63,63,63,63,61,63,0.03738,7818,1.13366707078925,27,-87,0.001869,51,2026-06-22 08:41:50.000917,8,1.037,0.0011,"aoml_navis",1023.150255451
"7901009",114,0.0362699076823093,1,0.063546,1,0.041118,1,192.840961541616,1,4.88675761941469,10,1,29.0540008544922,36.4440002441406,0.0635460019111633,0.0445130690932274,185.954193115234,-86.5718,27.0931,11.9206662278526,63,63,63,63,61,63,0.041118,7818,1.13366707078925,27,-87,0.001869,51,2026-06-22 08:41:50.000917,10,1.037,0.0011,"aoml_navis",1023.17331642057
"7901009",114,0.0329726433475539,1,0.059808,1,0.03738,1,193.195116126958,1,4.88658621495302,12,1,28.9479999542236,36.4329986572266,0.0598080009222031,0.0412158034741879,186.295700073242,-86.5718,27.0931,11.9206662278526,63,63,63,63,61,63,0.03738,7818,1.13366707078925,27,-87,0.001869,51,2026-06-22 08:41:50.000917,12,1.037,0.0011,"aoml_navis",1023.20920578459
"7901009",114,0.0362699076823093,1,0.063546,1,0.041118,1,193.40418142259,1,4.88646686977801,14,1,28.8899993896484,36.4290008544922,0.0635460019111633,0.0445130690932274,186.497299194336,-86.5718,27.0931,11.9206662278526,63,63,63,63,61,63,0.041118,7818,1.13366707078925,27,-87,0.001869,51,2026-06-22 08:41:50.000917,14,1.037,0.0011,"aoml_navis",1023.23419625009
"7901009",114,0.0412158041844423,1,0.069153,1,0.046725,1,193.616569736091,1,4.88632169375961,16,1,28.818000793457,36.4259986877441,0.0691530033946037,0.0494589619338512,186.702102661133,-86.5718,27.0931,11.9206662278526,63,63,63,63,61,63,0.046725,7818,1.13366707078925,27,-87,0.001869,51,2026-06-22 08:41:50.000917,16,1.037,0.0011,"aoml_navis",1023.26459725023
"7901009",114,0.0445130685191977,1,0.072891,1,0.050463,1,193.85933992725,1,4.88610844096578,18.1000003814697,1,28.7180004119873,36.4290008544922,0.0728909969329834,0.0527562275528908,186.93620300293,-86.5718,27.0931,11.9206662278526,63,63,63,63,61,63,0.050463,7818,1.13366707078925,27,-87,0.001869,51,2026-06-22 08:41:50.000917,18.1000003814697,1.037,0.0011,"aoml_navis",1023.30925733849
"7901009",114,0.0478103328539531,1,0.076629,1,0.054201,1,193.892316923624,1,4.8860414059435,20,1,28.6889991760254,36.423999786377,0.0766289979219437,0.0560534931719303,186.968002319336,-86.5718,27.0931,11.9206662278526,63,63,63,63,61,63,0.054201,7818,1.13366707078925,27,-87,0.001869,51,2026-06-22 08:41:50.000917,20,1.037,0.0011,"aoml_navis",1023.3232968345
"7901009",114,0.0478103328539531,1,0.076629,1,0.054201,1,193.971436396691,1,4.88598436150389,21.8999996185303,1,28.6639995574951,36.4179992675781,0.0766289979219437,0.0560534931719303,187.044296264648,-86.5718,27.0931,11.9206662278526,63,63,63,63,61,63,0.054201,7818,1.13366707078925,27,-87,0.001869,51,2026-06-22 08:41:50.000917,21.8999996185303,1.037,0.0011,"aoml_navis",1023.33524425384
"7901009",114,0.0461617006865754,1,0.07476,1,0.052332,1,195.018329440418,1,4.88567756203659,24,1,28.5590000152588,36.4449996948242,0.0747599974274635,0.0544048622250557,188.053802490234,-86.5718,27.0931,11.9206662278526,63,63,63,63,61,63,0.052332,7818,1.13366707078925,27,-87,0.001869,51,2026-06-22 08:41:50.000917,24,1.037,0.0011,"aoml_navis",1023.39950529108
"7901009",114,0.04286443635182,1,0.071022,1,0.048594,1,195.680053065361,1,4.88525798624727,26.2000007629395,1,28.4020004272461,36.4799995422363,0.0710219964385033,0.0511075966060162,188.69189453125,-86.5718,27.0931,11.9206662278526,63,63,63,63,61,63,0.048594,7818,1.13366707078925,27,-87,0.001869,51,2026-06-22 08:41:50.000917,26.2000007629395,1.037,0.0011,"aoml_navis",1023.48740109033
"7901009",114,0.0445130685191977,1,0.072891,1,0.050463,1,195.68824984277,1,4.88510526344398,27.7999992370605,1,28.3419990539551,36.4869995117188,0.0728909969329834,0.0527562275528908,188.699798583984,-86.5718,27.0931,11.9206662278526,63,63,63,63,61,63,0.050463,7818,1.13366707078925,27,-87,0.001869,51,2026-06-22 08:41:50.000917,27.7999992370605,1.037,0.0011,"aoml_navis",1023.51939832613
"7901009",114,0.04286443635182,1,0.071022,1,0.048594,1,196.366984154423,1,4.8848576636348,29.8999996185303,1,28.2259998321533,36.4930000305176,0.0710219964385033,0.0511075966060162,189.354293823242,-86.5718,27.0931,11.9206662278526,63,63,63,63,61,63,0.048594,7818,1.13366707078925,27,-87,0.001869,51,2026-06-22 08:41:50.000917,29.8999996185303,1.037,0.0011,"aoml_navis",1023.57127766943
"7901009",114,0.0560534936908416,1,0.085974,1,0.063546,1,199.311130514506,1,4.88382440212319,32.2000007629395,1,27.7530002593994,36.5610008239746,0.0859740003943443,0.064296655356884,192.193298339844,-86.5718,27.0931,11.9206662278526,63,63,63,63,61,63,0.063546,7818,1.13366707078925,27,-87,0.001869,51,2026-06-22 08:41:50.000917,32.2000007629395,1.037,0.0011,"aoml_navis",1023.78783271288
"7901009",114,0.0659452866951077,1,0.097188,1,0.07476,1,202.213169491023,1,4.88286982946948,33.9000015258789,1,27.3759994506836,36.6539993286133,0.0971880033612251,0.0741884484887123,194.99169921875,-86.5718,27.0931,11.9206662278526,63,63,63,63,61,63,0.07476,7818,1.13366707078925,27,-87,0.001869,51,2026-06-22 08:41:50.000917,33.9000015258789,1.037,0.0011,"aoml_navis",1023.98797728
"7901009",114,0.0758370796993739,1,0.108402,1,0.085974,1,203.141003551679,1,4.88229707423911,36,1,26.9290008544922,36.6100006103516,0.108401998877525,0.0840802416205406,195.88639831543,-86.5718,27.0931,11.9206662278526,63,63,63,63,61,63,0.085974,7818,1.13366707078925,27,-87,0.001869,51,2026-06-22 08:41:50.000917,36,1.037,0.0011,"aoml_navis",1024.1081040279
"7901009",114,0.0725398153646185,1,0.104664,1,0.082236,1,204.532082127142,1,4.88196533797552,38,1,26.6630001068115,36.5779991149902,0.104663997888565,0.0807829722762108,197.227798461914,-86.5718,27.0931,11.9206662278526,63,63,63,63,61,63,0.082236,7818,1.13366707078925,27,-87,0.001869,51,2026-06-22 08:41:50.000917,38,1.037,0.0011,"aoml_navis",1024.17769358302
"7901009",114,0.0840802405362624,1,0.117747,1,0.095319,1,207.080393763471,1,4.88166310983046,40.2000007629395,1,26.4270000457764,36.5499992370605,0.117747001349926,0.0923233926296234,199.685104370117,-86.5718,27.0931,11.9206662278526,63,63,63,63,61,63,0.095319,7818,1.13366707078925,27,-87,0.001869,51,2026-06-22 08:41:50.000917,40.2000007629395,1.037,0.0011,"aoml_navis",1024.24110134336
"7901009",114,0.080782976201507,1,0.114009,1,0.091581,1,209.977036791925,1,4.88134629936055,41.9000015258789,1,26.2089996337891,36.5369987487793,0.114009000360966,0.0890261381864548,202.478302001953,-86.5718,27.0931,11.9206662278526,63,63,63,63,61,63,0.091581,7818,1.13366707078925,27,-87,0.001869,51,2026-06-22 08:41:50.000917,41.9000015258789,1.037,0.0011,"aoml_navis",1024.30757691889
"7901009",114,0.0774857118667516,1,0.110271,1,0.087843,1,211.983285094378,1,4.8806813979391,44,1,25.8199996948242,36.5480003356934,0.110270999372005,0.0857288762927055,204.412902832031,-86.5718,27.0931,11.9206662278526,63,63,63,63,61,63,0.087843,7818,1.13366707078925,27,-87,0.001869,51,2026-06-22 08:41:50.000917,44,1.037,0.0011,"aoml_navis",1024.44711964016
"7901009",114,0.0824316083688847,1,0.115878,1,0.09345,1,212.136033149081,1,4.88050529238348,46,1,25.7339992523193,36.5499992370605,0.115878000855446,0.0906747728586197,204.560195922852,-86.5718,27.0931,11.9206662278526,63,63,63,63,61,63,0.09345,7818,1.13366707078925,27,-87,0.001869,51,2026-06-22 08:41:50.000917,46,1.037,0.0011,"aoml_navis",1024.48408524482
"7901009",114,0.080782976201507,1,0.114009,1,0.091581,1,212.196701961029,1,4.880432303125,48,1,25.7099990844727,36.548999786377,0.114009000360966,0.0890261381864548,204.618698120117,-86.5718,27.0931,11.9206662278526,63,63,63,63,61,63,0.091581,7818,1.13366707078925,27,-87,0.001869,51,2026-06-22 08:41:50.000917,48,1.037,0.0011,"aoml_navis",1024.49940690673
"7901009",114,0.0890261370383954,1,0.123354,1,0.100926,1,212.815194705888,1,4.8801972509327,50,1,25.5839996337891,36.5509986877441,0.123354002833366,0.0972692966461182,205.215103149414,-86.5718,27.0931,11.9206662278526,63,63,63,63,61,63,0.100926,7818,1.13366707078925,27,-87,0.001869,51,2026-06-22 08:41:50.000917,50,1.037,0.0011,"aoml_navis",1024.5487513941
"7901009",114,0.10716109087955,1,0.143913,1,0.121485,1,212.981329775434,1,4.87995094845238,52,1,25.4500007629395,36.5530014038086,0.143913000822067,0.11540424823761,205.375305175781,-86.5718,27.0931,11.9206662278526,63,63,63,63,61,63,0.121485,7818,1.13366707078925,27,-87,0.001869,51,2026-06-22 08:41:50.000917,52,1.037,0.0011,"aoml_navis",1024.60046275377
"7901009",114,0.102215194377417,1,0.138306,1,0.115878,1,212.614310363771,1,4.87972558259928,54,1,25.3419990539551,36.560001373291,0.138306006789207,0.110458344221115,205.021392822266,-86.5718,27.0931,11.9206662278526,63,63,63,63,61,63,0.115878,7818,1.13366707078925,27,-87,0.001869,51,2026-06-22 08:41:50.000917,54,1.037,0.0011,"aoml_navis",1024.64778302895
"7901009",114,0.102215194377417,1,0.138306,1,0.115878,1,212.100366090623,1,4.87953317880647,56,1,25.2390003204346,36.560001373291,0.138306006789207,0.110458344221115,204.525802612305,-86.5718,27.0931,11.9206662278526,63,63,63,63,61,63,0.115878,7818,1.13366707078925,27,-87,0.001869,51,2026-06-22 08:41:50.000917,56,1.037,0.0011,"aoml_navis",1024.6881856889
"7901009",114,0.105512458712172,1,0.142044,1,0.119616,1,211.220336015594,1,4.87939113519705,58,1,25.2019996643066,36.5730018615723,0.142043992877007,0.113755613565445,203.677200317383,-86.5718,27.0931,11.9206662278526,63,63,63,63,61,63,0.119616,7818,1.13366707078925,27,-87,0.001869,51,2026-06-22 08:41:50.000917,58,1.037,0.0011,"aoml_navis",1024.71801531403
"7901009",114,0.120350148218572,1,0.158865,1,0.136437,1,211.582782321713,1,4.8792064761876,60.0999984741211,1,25.125,36.5810012817383,0.158865004777908,0.128593310713768,204.026702880859,-86.5718,27.0931,11.9206662278526,63,63,63,63,61,63,0.136437,7818,1.13366707078925,27,-87,0.001869,51,2026-06-22 08:41:50.000917,60.0999984741211,1.037,0.0011,"aoml_navis",1024.75679690989
"7901009",114,0.120350148218572,1,0.158865,1,0.136437,1,211.458849579101,1,4.87902089971959,61.9000015258789,1,25.0109996795654,36.576000213623,0.158865004777908,0.128593310713768,203.907196044922,-86.5718,27.0931,11.9206662278526,63,63,63,63,61,63,0.136437,7818,1.13366707078925,27,-87,0.001869,51,2026-06-22 08:41:50.000917,61.9000015258789,1.037,0.0011,"aoml_navis",1024.79577414546
"7901009",114,0.135187837724971,1,0.175686,1,0.153258,1,209.847929635774,1,4.87865877714225,64,1,24.7770004272461,36.5699996948242,0.175686001777649,0.14343099296093,202.353805541992,-86.5718,27.0931,11.9206662278526,63,63,63,63,61,63,0.153258,7818,1.13366707078925,27,-87,0.001869,51,2026-06-22 08:41:50.000917,64,1.037,0.0011,"aoml_navis",1024.87184047925
"7901009",114,0.143430998561859,1,0.185031,1,0.162603,1,208.389441269258,1,4.8784113044974,66,1,24.6319999694824,36.5690002441406,0.185030996799469,0.151674151420593,200.947402954102,-86.5718,27.0931,11.9206662278526,63,63,63,63,61,63,0.162603,7818,1.13366707078925,27,-87,0.001869,51,2026-06-22 08:41:50.000917,66,1.037,0.0011,"aoml_navis",1024.92383030322
"7901009",114,0.145079630729237,1,0.1869,1,0.164472,1,205.256658261489,1,4.87826351072342,68,1,24.5830001831055,36.5789985656738,0.18690000474453,0.153322800993919,197.926498413086,-86.5718,27.0931,11.9206662278526,63,63,63,63,61,63,0.164472,7818,1.13366707078925,27,-87,0.001869,51,2026-06-22 08:41:50.000917,68,1.037,0.0011,"aoml_navis",1024.95488179533
"7901009",114,0.141782366394482,1,0.183162,1,0.160734,1,204.843401429766,1,4.87802858309893,70,1,24.5009994506836,36.5999984741211,0.183162003755569,0.15002553164959,197.52799987793,-86.5718,27.0931,11.9206662278526,63,63,63,63,61,63,0.160734,7818,1.13366707078925,27,-87,0.001869,51,2026-06-22 08:41:50.000917,70,1.037,0.0011,"aoml_navis",1025.00424399391
"7901009",114,0.151674159398748,1,0.194376,1,0.171948,1,205.507925884055,1,4.87777983215566,72,1,24.3239994049072,36.5870018005371,0.19437600672245,0.159917309880257,198.168792724609,-86.5718,27.0931,11.9206662278526,63,63,63,63,61,63,0.171948,7818,1.13366707078925,27,-87,0.001869,51,2026-06-22 08:41:50.000917,72,1.037,0.0011,"aoml_navis",1025.05651588426
"7901009",114,0.158268688068259,1,0.201852,1,0.179424,1,205.165496804621,1,4.87762431203927,74,1,24.2290000915527,36.5810012817383,0.20185199379921,0.166511833667755,197.838592529297,-86.5718,27.0931,11.9206662278526,63,63,63,63,61,63,0.179424,7818,1.13366707078925,27,-87,0.001869,51,2026-06-22 08:41:50.000917,74,1.037,0.0011,"aoml_navis",1025.08919919451
"7901009",114,0.153322791566125,1,0.196245,1,0.173817,1,203.952690225873,1,4.87746807289053,76,1,24.1609992980957,36.5859985351562,0.19624499976635,0.161565944552422,196.669097900391,-86.5718,27.0931,11.9206662278526,63,63,63,63,61,63,0.173817,7818,1.13366707078925,27,-87,0.001869,51,2026-06-22 08:41:50.000917,76,1.037,0.0011,"aoml_navis",1025.12203571163
"7901009",114,0.169809113239902,1,0.214935,1,0.192507,1,201.643525108835,1,4.87728556636716,78,1,24.0769996643066,36.5919990539551,0.214935004711151,0.17805227637291,194.442398071289,-86.5718,27.0931,11.9206662278526,63,63,63,63,61,63,0.192507,7818,1.13366707078925,27,-87,0.001869,51,2026-06-22 08:41:50.000917,78,1.037,0.0011,"aoml_navis",1025.1603954624
"7901009",114,0.182998170578924,1,0.229887,1,0.207459,1,200.302323449194,1,4.87709667942633,80,1,24.0009994506836,36.6030006408691,0.229886993765831,0.191241323947906,193.14909362793,-86.5718,27.0931,11.9206662278526,63,63,63,63,61,63,0.207459,7818,1.13366707078925,27,-87,0.001869,51,2026-06-22 08:41:50.000917,80,1.037,0.0011,"aoml_navis",1025.20009929107
"7901009",114,0.191241331415812,1,0.239232,1,0.216804,1,199.494576924759,1,4.87699483384507,82,1,23.943000793457,36.5970001220703,0.239232003688812,0.199484497308731,192.370193481445,-86.5718,27.0931,11.9206662278526,63,63,63,63,61,63,0.216804,7818,1.13366707078925,27,-87,0.001869,51,2026-06-22 08:41:50.000917,82,1.037,0.0011,"aoml_navis",1025.2215083972
"7901009",114,0.206079020922212,1,0.256053,1,0.233625,1,198.704157564925,1,4.87681848231768,84.1999969482422,1,23.8199996948242,36.5849990844727,0.256053000688553,0.214322179555893,191.608001708984,-86.5718,27.0931,11.9206662278526,63,63,63,63,61,63,0.233625,7818,1.13366707078925,27,-87,0.001869,51,2026-06-22 08:41:50.000917,84.1999969482422,1.037,0.0011,"aoml_navis",1025.25858162016
"7901009",114,0.219268078261233,1,0.271005,1,0.248577,1,197.940591354251,1,4.87671495833425,86,1,23.75,36.576000213623,0.271005004644394,0.22751122713089,190.871704101562,-86.5718,27.0931,11.9206662278526,63,63,63,63,61,63,0.248577,7818,1.13366707078925,27,-87,0.001869,51,2026-06-22 08:41:50.000917,86,1.037,0.0011,"aoml_navis",1025.28034603603
"7901009",114,0.248943457274032,1,0.304647,1,0.282219,1,196.729746938434,1,4.87655643990895,88,1,23.6310005187988,36.5620002746582,0.304646998643875,0.257186621427536,189.7041015625,-86.5718,27.0931,11.9206662278526,63,63,63,63,61,63,0.282219,7818,1.13366707078925,27,-87,0.001869,51,2026-06-22 08:41:50.000917,88,1.037,0.0011,"aoml_navis",1025.31367402637
"7901009",114,0.290159261458474,1,0.351372,1,0.328944,1,195.032839951779,1,4.87632704601479,90,1,23.4379997253418,36.5390014648438,0.351372003555298,0.298402398824692,188.067794799805,-86.5718,27.0931,11.9206662278526,63,63,63,63,61,63,0.328944,7818,1.13366707078925,27,-87,0.001869,51,2026-06-22 08:41:50.000917,90,1.037,0.0011,"aoml_navis",1025.3619071933
"7901009",114,0.344564122981938,1,0.413049,1,0.390621,1,193.178311150879,1,4.87602900007912,91.9000015258789,1,23.201000213623,36.5190010070801,0.413049012422562,0.352807283401489,186.279495239258,-86.5718,27.0931,11.9206662278526,63,63,63,63,61,63,0.390621,7818,1.13366707078925,27,-87,0.001869,51,2026-06-22 08:41:50.000917,91.9000015258789,1.037,0.0011,"aoml_navis",1025.42458215873
"7901009",114,0.484697857209042,1,0.571914,1,0.549486,1,190.215508419046,1,4.87573043308748,93.9000015258789,1,22.9869995117188,36.507999420166,0.57191401720047,0.49294102191925,183.422500610352,-86.5718,27.0931,11.9206662278526,63,63,63,63,61,63,0.549486,7818,1.13366707078925,27,-87,0.001869,51,2026-06-22 08:41:50.000917,93.9000015258789,1.037,0.0011,"aoml_navis",1025.48737437763
"7901009",114,0.654506970448944,1,0.764421,1,0.741993,1,188.940165808786,1,4.87522385766439,96,1,22.6060009002686,36.4910011291504,0.764420986175537,0.662750124931335,182.19270324707,-86.5718,27.0931,11.9206662278526,63,63,63,63,61,63,0.741993,7818,1.13366707078925,27,-87,0.001869,51,2026-06-22 08:41:50.000917,96,1.037,0.0011,"aoml_navis",1025.59393085908
"7901009",114,0.708911831972408,1,0.826098,1,0.80367,1,186.744347248864,1,4.87506536968706,98,1,22.5069999694824,36.4860000610352,0.826098024845123,0.717154979705811,180.075302124023,-86.5718,27.0931,11.9206662278526,63,63,63,63,61,63,0.80367,7818,1.13366707078925,27,-87,0.001869,51,2026-06-22 08:41:50.000917,98,1.037,0.0011,"aoml_navis",1025.62727283408
"7901009",114,0.741884475319962,1,0.863478,1,0.84105,1,182.191353875648,1,4.87489392328481,100,1,22.4300003051758,36.4930000305176,0.863478004932404,0.750127613544464,175.684906005859,-86.5718,27.0931,11.9206662278526,63,63,63,63,61,63,0.84105,7818,1.13366707078925,27,-87,0.001869,51,2026-06-22 08:41:50.000917,100,1.037,0.0011,"aoml_navis",1025.66334338428
"7901009",114,0.68583098162912,1,0.799932,1,0.777504,1,176.320182609453,1,4.87461850112156,102,1,22.3560009002686,36.5299987792969,0.79993200302124,0.694074153900146,170.023406982422,-86.5718,27.0931,11.9206662278526,63,63,63,63,61,63,0.777504,7818,1.13366707078925,27,-87,0.001869,51,2026-06-22 08:41:50.000917,102,1.037,0.0011,"aoml_navis",1025.72129467149
"7901009",114,0.690776878131254,1,0.805539,1,0.783111,1,170.323733569604,1,4.87449794053775,104,1,22.4009990692139,36.5690002441406,0.805539011955261,0.699020028114319,164.241104125977,-86.5718,27.0931,11.9206662278526,63,63,63,63,61,63,0.783111,7818,1.13366707078925,27,-87,0.001869,51,2026-06-22 08:41:50.000917,104,1.037,0.0011,"aoml_navis",1025.74666375762
"7901009",114,0.639669280942545,1,0.7476,1,0.725172,1,164.271172999456,1,4.87427893060164,106,1,22.378999710083,36.6100006103516,0.747600018978119,0.647912442684174,158.404693603516,-86.5718,27.0931,11.9206662278526,63,63,63,63,61,63,0.725172,7818,1.13366707078925,27,-87,0.001869,51,2026-06-22 08:41:50.000917,106,1.037,0.0011,"aoml_navis",1025.7927523616
"7901009",114,0.57207536208006,1,0.670971,1,0.648543,1,160.071606312431,1,4.87409046509535,108,1,22.3369998931885,36.6349983215332,0.670970976352692,0.580318510532379,154.355102539062,-86.5718,27.0931,11.9206662278526,63,63,63,63,61,63,0.648543,7818,1.13366707078925,27,-87,0.001869,51,2026-06-22 08:41:50.000917,108,1.037,0.0011,"aoml_navis",1025.83241649008
"7901009",114,0.478103328539531,1,0.564438,1,0.54201,1,157.230441858491,1,4.87374549644366,110,1,22.1609992980957,36.6529998779297,0.564437985420227,0.486346483230591,151.61540222168,-86.5718,27.0931,11.9206662278526,63,63,63,63,61,63,0.54201,7818,1.13366707078925,27,-87,0.001869,51,2026-06-22 08:41:50.000917,110,1.037,0.0011,"aoml_navis",1025.90502594944
"7901009",114,0.491292385878553,1,0.57939,1,0.556962,1,155.811465756825,1,4.87361779789698,112,1,22.113000869751,36.6590003967285,0.579389989376068,0.499535530805588,150.247100830078,-86.5718,27.0931,11.9206662278526,63,63,63,63,61,63,0.556962,7818,1.13366707078925,27,-87,0.001869,51,2026-06-22 08:41:50.000917,112,1.037,0.0011,"aoml_navis",1025.9319067157
"7901009",114,0.426995731350823,1,0.506499,1,0.484071,1,155.410646506268,1,4.87322252764175,114,1,21.8339996337891,36.6529998779297,0.506498992443085,0.435238897800446,149.860595703125,-86.5718,27.0931,11.9206662278526,63,63,63,63,61,63,0.484071,7818,1.13366707078925,27,-87,0.001869,51,2026-06-22 08:41:50.000917,114,1.037,0.0011,"aoml_navis",1026.01512072128
"7901009",114,0.418752570513934,1,0.497154,1,0.474726,1,153.900825425626,1,4.87311915817008,116,1,21.7660007476807,36.6450004577637,0.497153997421265,0.426995724439621,148.404693603516,-86.5718,27.0931,11.9206662278526,63,63,63,63,61,63,0.474726,7818,1.13366707078925,27,-87,0.001869,51,2026-06-22 08:41:50.000917,116,1.037,0.0011,"aoml_navis",1026.03688473679
"7901009",114,0.430292995685578,1,0.510237,1,0.487809,1,150.582728788039,1,4.87283284065884,118,1,21.5580005645752,36.6360015869141,0.510236978530884,0.438536137342453,145.205093383789,-86.5718,27.0931,11.9206662278526,63,63,63,63,61,63,0.487809,7818,1.13366707078925,27,-87,0.001869,51,2026-06-22 08:41:50.000917,118,1.037,0.0011,"aoml_navis",1026.09717252767
"7901009",114,0.382482662831625,1,0.456036,1,0.433608,1,148.428811901054,1,4.87253879464827,120,1,21.3619995117188,36.6339988708496,0.456036001443863,0.390725821256638,143.12809753418,-86.5718,27.0931,11.9206662278526,63,63,63,63,61,63,0.433608,7818,1.13366707078925,27,-87,0.001869,51,2026-06-22 08:41:50.000917,120,1.037,0.0011,"aoml_navis",1026.15909502696
"7901009",114,0.379185398496869,1,0.452298,1,0.42987,1,146.578745438435,1,4.87241566854404,122,1,21.2999992370605,36.6339988708496,0.452297985553741,0.387428551912308,141.344100952148,-86.5718,27.0931,11.9206662278526,63,63,63,63,61,63,0.42987,7818,1.13366707078925,27,-87,0.001869,51,2026-06-22 08:41:50.000917,122,1.037,0.0011,"aoml_navis",1026.18502610104
"7901009",114,0.362699076823093,1,0.433608,1,0.41118,1,144.327543247367,1,4.87227382857457,124,1,21.2099990844727,36.6290016174316,0.433607995510101,0.370942234992981,139.173294067383,-86.5718,27.0931,11.9206662278526,63,63,63,63,61,63,0.41118,7818,1.13366707078925,27,-87,0.001869,51,2026-06-22 08:41:50.000917,124,1.037,0.0011,"aoml_navis",1026.21490004859
"7901009",114,0.351158651651449,1,0.420525,1,0.398097,1,140.573387545919,1,4.87217175494834,126,1,21.1499996185303,36.6240005493164,0.420525014400482,0.359401792287827,135.553207397461,-86.5718,27.0931,11.9206662278526,63,63,63,63,61,63,0.398097,7818,1.13366707078925,27,-87,0.001869,51,2026-06-22 08:41:50.000917,126,1.037,0.0011,"aoml_navis",1026.23639959364
"7901009",114,0.326429169140783,1,0.39249,1,0.370062,1,134.739845501114,1,4.87201466710005,128,1,21.0590000152588,36.6230010986328,0.3924899995327,0.334672331809998,129.927993774414,-86.5718,27.0931,11.9206662278526,63,63,63,63,61,63,0.370062,7818,1.13366707078925,27,-87,0.001869,51,2026-06-22 08:41:50.000917,128,1.037,0.0011,"aoml_navis",1026.26948842421
"7901009",114,0.303348318797496,1,0.366324,1,0.343896,1,128.630682859934,1,4.87181839404074,130,1,20.9820003509521,36.6380004882812,0.366324007511139,0.311591476202011,124.037002563477,-86.5718,27.0931,11.9206662278526,63,63,63,63,61,63,0.343896,7818,1.13366707078925,27,-87,0.001869,51,2026-06-22 08:41:50.000917,130,1.037,0.0011,"aoml_navis",1026.31083418792
"7901009",114,0.293456525793229,1,0.35511,1,0.332682,1,125.512623986103,1,4.87161401888359,132,1,20.9179992675781,36.6599998474121,0.355109989643097,0.301699697971344,121.030296325684,-86.5718,27.0931,11.9206662278526,63,63,63,63,61,63,0.332682,7818,1.13366707078925,27,-87,0.001869,51,2026-06-22 08:41:50.000917,132,1.037,0.0011,"aoml_navis",1026.35389023407
"7901009",114,0.275321571952075,1,0.334551,1,0.312123,1,125.613327251422,1,4.8714597872408,134,1,20.8479995727539,36.6660003662109,0.334551006555557,0.28356471657753,121.127403259277,-86.5718,27.0931,11.9206662278526,63,63,63,63,61,63,0.312123,7818,1.13366707078925,27,-87,0.001869,51,2026-06-22 08:41:50.000917,134,1.037,0.0011,"aoml_navis",1026.38638485652
"7901009",114,0.260483882445676,1,0.31773,1,0.295302,1,126.13546830198,1,4.8712831959458,136,1,20.7439994812012,36.6660003662109,0.317730009555817,0.268727034330368,121.630897521973,-86.5718,27.0931,11.9206662278526,63,63,63,63,61,63,0.295302,7818,1.13366707078925,27,-87,0.001869,51,2026-06-22 08:41:50.000917,136,1.037,0.0011,"aoml_navis",1026.4235928967
"7901009",114,0.262132514613053,1,0.319599,1,0.297171,1,127.501141614641,1,4.87115373651669,138,1,20.636999130249,36.6520004272461,0.319599002599716,0.270375669002533,122.947799682617,-86.5718,27.0931,11.9206662278526,63,63,63,63,61,63,0.297171,7818,1.13366707078925,27,-87,0.001869,51,2026-06-22 08:41:50.000917,138,1.037,0.0011,"aoml_navis",1026.45087189867
"7901009",114,0.253889353776165,1,0.310254,1,0.287826,1,131.416257972097,1,4.87092226780628,140,1,20.4589996337891,36.640998840332,0.310254007577896,0.262132495641708,126.723098754883,-86.5718,27.0931,11.9206662278526,63,63,63,63,61,63,0.287826,7818,1.13366707078925,27,-87,0.001869,51,2026-06-22 08:41:50.000917,140,1.037,0.0011,"aoml_navis",1026.4996493676
"7901009",114,0.219268078261233,1,0.271005,1,0.248577,1,133.435877465498,1,4.87079020262996,142,1,20.3799991607666,36.6380004882812,0.271005004644394,0.22751122713089,128.670593261719,-86.5718,27.0931,11.9206662278526,63,63,63,63,61,63,0.248577,7818,1.13366707078925,27,-87,0.001869,51,2026-06-22 08:41:50.000917,142,1.037,0.0011,"aoml_navis",1026.52748157789
"7901009",114,0.215970813926478,1,0.267267,1,0.244839,1,134.592699105105,1,4.87067064643822,144,1,20.2880001068115,36.6269989013672,0.267266988754272,0.224213972687721,129.786102294922,-86.5718,27.0931,11.9206662278526,63,63,63,63,61,63,0.244839,7818,1.13366707078925,27,-87,0.001869,51,2026-06-22 08:41:50.000917,144,1.037,0.0011,"aoml_navis",1026.5526788711
"7901009",114,0.197835860085323,1,0.246708,1,0.22428,1,135.313635743691,1,4.87052136405546,146,1,20.1639995574951,36.6129989624023,0.246708005666733,0.20607902109623,130.481292724609,-86.5718,27.0931,11.9206662278526,63,63,63,63,61,63,0.22428,7818,1.13366707078925,27,-87,0.001869,51,2026-06-22 08:41:50.000917,146,1.037,0.0011,"aoml_navis",1026.58414290102
"7901009",114,0.199484492252701,1,0.248577,1,0.226149,1,135.438090674825,1,4.87033745467282,148,1,20.0179996490479,36.601001739502,0.248576998710632,0.207727640867233,130.601303100586,-86.5718,27.0931,11.9206662278526,63,63,63,63,61,63,0.226149,7818,1.13366707078925,27,-87,0.001869,51,2026-06-22 08:41:50.000917,148,1.037,0.0011,"aoml_navis",1026.62290786499
"7901009",114,0.184646802746302,1,0.231756,1,0.209328,1,135.072226407469,1,4.8702269940369,150,1,19.9349994659424,36.5909996032715,0.231756001710892,0.192889958620071,130.248504638672,-86.5718,27.0931,11.9206662278526,63,63,63,63,61,63,0.209328,7818,1.13366707078925,27,-87,0.001869,51,2026-06-22 08:41:50.000917,150,1.037,0.0011,"aoml_navis",1026.64619249205
"7901009",114,0.178052274076791,1,0.22428,1,0.201852,1,134.490033676853,1,4.87016634184754,152,1,19.8939990997314,36.5820007324219,0.224279999732971,0.186295434832573,129.687103271484,-86.5718,27.0931,11.9206662278526,63,63,63,63,61,63,0.201852,7818,1.13366707078925,27,-87,0.001869,51,2026-06-22 08:41:50.000917,152,1.037,0.0011,"aoml_navis",1026.65897816197
"7901009",114,0.173106377574658,1,0.218673,1,0.196245,1,134.127903848625,1,4.87007127017093,154,1,19.8199996948242,36.5709991455078,0.218673005700111,0.181349545717239,129.337905883789,-86.5718,27.0931,11.9206662278526,63,63,63,63,61,63,0.196245,7818,1.13366707078925,27,-87,0.001869,51,2026-06-22 08:41:50.000917,154,1.037,0.0011,"aoml_navis",1026.67902020754
"7901009",114,0.163214584570392,1,0.207459,1,0.185031,1,134.343393645471,1,4.8698976759093,156,1,19.6720008850098,36.5559997558594,0.207459002733231,0.171457752585411,129.545700073242,-86.5718,27.0931,11.9206662278526,63,63,63,63,61,63,0.185031,7818,1.13366707078925,27,-87,0.001869,51,2026-06-22 08:41:50.000917,156,1.037,0.0011,"aoml_navis",1026.71561760616
"7901009",114,0.130241941222838,1,0.170079,1,0.147651,1,134.572792645681,1,4.86962369144937,158,1,19.4720001220703,36.5509986877441,0.170078992843628,0.138485088944435,129.766906738281,-86.5718,27.0931,11.9206662278526,63,63,63,63,61,63,0.147651,7818,1.13366707078925,27,-87,0.001869,51,2026-06-22 08:41:50.000917,158,1.037,0.0011,"aoml_navis",1026.77338472366
"7901009",114,0.130241941222838,1,0.170079,1,0.147651,1,134.876643070047,1,4.86950151454367,160,1,19.3840007781982,36.5429992675781,0.170078992843628,0.138485088944435,130.059906005859,-86.5718,27.0931,11.9206662278526,63,63,63,63,61,63,0.147651,7818,1.13366707078925,27,-87,0.001869,51,2026-06-22 08:41:50.000917,160,1.037,0.0011,"aoml_navis",1026.7991467025
"7901009",114,0.12859330905546,1,0.16821,1,0.145782,1,135.364762747186,1,4.86943642810508,162,1,19.3619995117188,36.5419998168945,0.168209999799728,0.136836469173431,130.53059387207,-86.5718,27.0931,11.9206662278526,63,63,63,63,61,63,0.145782,7818,1.13366707078925,27,-87,0.001869,51,2026-06-22 08:41:50.000917,162,1.037,0.0011,"aoml_navis",1026.81287122702
"7901009",114,0.120350148218572,1,0.158865,1,0.136437,1,136.864836308746,1,4.86933992241818,164,1,19.3059997558594,36.5379981994629,0.158865004777908,0.128593310713768,131.977096557617,-86.5718,27.0931,11.9206662278526,63,63,63,63,61,63,0.136437,7818,1.13366707078925,27,-87,0.001869,51,2026-06-22 08:41:50.000917,164,1.037,0.0011,"aoml_navis",1026.83322168171
"7901009",114,0.102215194377417,1,0.138306,1,0.115878,1,139.619934599883,1,4.86925512584792,166,1,19.2709999084473,36.5379981994629,0.138306006789207,0.110458344221115,134.633804321289,-86.5718,27.0931,11.9206662278526,63,63,63,63,61,63,0.115878,7818,1.13366707078925,27,-87,0.001869,51,2026-06-22 08:41:50.000917,166,1.037,0.0011,"aoml_navis",1026.8511036643
"7901009",114,0.0461617006865754,1,0.07476,1,0.052332,1,139.962363679317,1,4.86909817859803,168,1,19.2070007324219,36.5480003356934,0.0747599974274635,0.0544048622250557,134.964004516602,-86.5718,27.0931,11.9206662278526,63,63,63,63,61,63,0.052332,7818,1.13366707078925,27,-87,0.001869,51,2026-06-22 08:41:50.000917,168,1.037,0.0011,"aoml_navis",1026.8842024951
"7901009",114,0.0329726433475539,1,0.059808,1,0.03738,1,139.30902671852,1,4.86895989611142,170,1,19.0729999542236,36.5289993286133,0.0598080009222031,0.0412158034741879,134.333999633789,-86.5718,27.0931,11.9206662278526,63,63,63,63,61,63,0.03738,7818,1.13366707078925,27,-87,0.001869,51,2026-06-22 08:41:50.000917,170,1.037,0.0011,"aoml_navis",1026.91336685546
"7901009",114,0.0197835860085323,1,0.044856,1,0.022428,1,141.172780849979,1,4.86878583141471,172,1,18.8649997711182,36.4949989318848,0.0448560006916523,0.0280267465859652,136.131195068359,-86.5718,27.0931,11.9206662278526,63,63,63,63,61,63,0.022428,7818,1.13366707078925,27,-87,0.001869,51,2026-06-22 08:41:50.000917,172,1.037,0.0011,"aoml_navis",1026.95008019015
"7901009",114,0.02143221817591,1,0.046725,1,0.024297,1,143.00127934424,1,4.86867316879263,174,1,18.7889995574951,36.4889984130859,0.0467250011861324,0.0296753793954849,137.894393920898,-86.5718,27.0931,11.9206662278526,63,63,63,63,61,63,0.024297,7818,1.13366707078925,27,-87,0.001869,51,2026-06-22 08:41:50.000917,174,1.037,0.0011,"aoml_navis",1026.97384413666
"7901009",114,0.0131890573390215,1,0.03738,1,0.014952,1,143.976411025896,1,4.8685681185029,176,1,18.7250003814697,36.4850006103516,0.0373799987137318,0.0214322190731764,138.834701538086,-86.5718,27.0931,11.9206662278526,63,63,63,63,61,63,0.014952,7818,1.13366707078925,27,-87,0.001869,51,2026-06-22 08:41:50.000917,176,1.037,0.0011,"aoml_navis",1026.99600340346
"7901009",114,0.0115404251716439,1,0.035511,1,0.013083,1,145.022370459841,1,4.86843661859812,178,1,18.6569995880127,36.4869995117188,0.0355109982192516,0.0197835862636566,139.843307495117,-86.5718,27.0931,11.9206662278526,63,63,63,63,61,63,0.013083,7818,1.13366707078925,27,-87,0.001869,51,2026-06-22 08:41:50.000917,178,1.037,0.0011,"aoml_navis",1027.02374328943
"7901009",114,0.00824316083688847,1,0.031773,1,0.009345,1,144.791309950696,1,4.86835513039831,180,1,18.6270008087158,36.4879989624023,0.0317730009555817,0.0164863225072622,139.620498657227,-86.5718,27.0931,11.9206662278526,63,63,63,63,61,63,0.009345,7818,1.13366707078925,27,-87,0.001869,51,2026-06-22 08:41:50.000917,180,1.037,0.0011,"aoml_navis",1027.0409339655
"7901009",114,0.00329726433475539,1,0.026166,1,0.003738,1,144.206110680103,1,4.86827468900223,182,1,18.5709991455078,36.4799995422363,0.0261659994721413,0.0115404240787029,139.056198120117,-86.5718,27.0931,11.9206662278526,63,63,63,63,61,63,0.003738,7818,1.13366707078925,27,-87,0.001869,51,2026-06-22 08:41:50.000917,182,1.037,0.0011,"aoml_navis",1027.05790437326
"7901009",114,0.00659452866951077,1,0.029904,1,0.007476,1,143.63284262605,1,4.86822228788399,184,1,18.5410003662109,36.4729995727539,0.0299040004611015,0.0148376896977425,138.503402709961,-86.5718,27.0931,11.9206662278526,63,63,63,63,61,63,0.007476,7818,1.13366707078925,27,-87,0.001869,51,2026-06-22 08:41:50.000917,184,1.037,0.0011,"aoml_navis",1027.06895953457
"7901009",114,0.00989179300426616,1,0.033642,1,0.011214,1,142.984996556683,1,4.86813595729735,186,1,18.4740009307861,36.4630012512207,0.0336420014500618,0.0181349534541368,137.878692626953,-86.5718,27.0931,11.9206662278526,63,63,63,63,61,63,0.011214,7818,1.13366707078925,27,-87,0.001869,51,2026-06-22 08:41:50.000917,186,1.037,0.0011,"aoml_navis",1027.08717337793
"7901009",114,0.00989179300426616,1,0.033642,1,0.011214,1,141.925982409682,1,4.8680534356327,188,1,18.4039993286133,36.451000213623,0.0336420014500618,0.0181349534541368,136.857498168945,-86.5718,27.0931,11.9206662278526,63,63,63,63,61,63,0.011214,7818,1.13366707078925,27,-87,0.001869,51,2026-06-22 08:41:50.000917,188,1.037,0.0011,"aoml_navis",1027.10458422693
"7901009",114,0.0148376895063992,1,0.039249,1,0.016821,1,140.476307952465,1,4.86797472644751,190,1,18.3369998931885,36.4389991760254,0.0392489992082119,0.0230808481574059,135.459594726562,-86.5718,27.0931,11.9206662278526,63,63,63,63,61,63,0.016821,7818,1.13366707078925,27,-87,0.001869,51,2026-06-22 08:41:50.000917,190,1.037,0.0011,"aoml_navis",1027.12119124925
"7901009",114,0.0115404251716439,1,0.035511,1,0.013083,1,138.657351266656,1,4.8678950408221,192,1,18.2600002288818,36.423999786377,0.0355109982192516,0.0197835862636566,133.705596923828,-86.5718,27.0931,11.9206662278526,63,63,63,63,61,63,0.013083,7818,1.13366707078925,27,-87,0.001869,51,2026-06-22 08:41:50.000917,192,1.037,0.0011,"aoml_navis",1027.13800483989
"7901009",114,0.00659452866951077,1,0.029904,1,0.007476,1,137.628718997313,1,4.86779036047888,194,1,18.1679992675781,36.4109992980957,0.0299040004611015,0.0148376896977425,132.71369934082,-86.5718,27.0931,11.9206662278526,63,63,63,63,61,63,0.007476,7818,1.13366707078925,27,-87,0.001869,51,2026-06-22 08:41:50.000917,194,1.037,0.0011,"aoml_navis",1027.1600931286
"7901009",114,0.00824316083688847,1,0.031773,1,0.009345,1,136.859139706686,1,4.86771581825344,196,1,18.1070003509521,36.4000015258789,0.0317730009555817,0.0164863225072622,131.971603393555,-86.5718,27.0931,11.9206662278526,63,63,63,63,61,63,0.009345,7818,1.13366707078925,27,-87,0.001869,51,2026-06-22 08:41:50.000917,196,1.037,0.0011,"aoml_navis",1027.1758226416
"7901009",114,0.00164863216737769,1,0.024297,1,0.001869,1,137.013454326955,1,4.86763895956299,198,1,18.0499992370605,36.390998840332,0.0242970008403063,0.00989179313182831,132.120407104492,-86.5718,27.0931,11.9206662278526,63,63,63,63,61,63,0.001869,7818,1.13366707078925,27,-87,0.001869,51,2026-06-22 08:41:50.000917,198,1.037,0.0011,"aoml_navis",1027.19204146745
"7901009",114,0.00824316083688847,1,0.031773,1,0.009345,1,136.915551890982,1,4.86753595982298,200,1,17.9740009307861,36.382999420166,0.0317730009555817,0.0164863225072622,132.026000976562,-86.5718,27.0931,11.9206662278526,63,63,63,63,61,63,0.009345,7818,1.13366707078925,27,-87,0.001869,51,2026-06-22 08:41:50.000917,200,1.037,0.0011,"aoml_navis",1027.21377741642
"7901009",114,0.00659452866951077,1,0.029904,1,0.007476,1,136.237118233328,1,4.86742045784251,202,1,17.8719997406006,36.3699989318848,0.0299040004611015,0.0148376896977425,131.371795654297,-86.5718,27.0931,11.9206662278526,63,63,63,63,61,63,0.007476,7818,1.13366707078925,27,-87,0.001869,51,2026-06-22 08:41:50.000917,202,1.037,0.0011,"aoml_navis",1027.2381527969
"7901009",114,0.00824316083688847,1,0.031773,1,0.009345,1,136.241169150349,1,4.86734551716442,204,1,17.806999206543,36.3580017089844,0.0317730009555817,0.0164863225072622,131.375701904297,-86.5718,27.0931,11.9206662278526,63,63,63,63,61,63,0.009345,7818,1.13366707078925,27,-87,0.001869,51,2026-06-22 08:41:50.000917,204,1.037,0.0011,"aoml_navis",1027.25396879424
"7901009",114,0.00824316083688847,1,0.031773,1,0.009345,1,136.185785519202,1,4.86729242651932,206,1,17.7910003662109,36.3559989929199,0.0317730009555817,0.0164863225072622,131.322296142578,-86.5718,27.0931,11.9206662278526,63,63,63,63,61,63,0.009345,7818,1.13366707078925,27,-87,0.001869,51,2026-06-22 08:41:50.000917,206,1.037,0.0011,"aoml_navis",1027.26517370471
"7901009",114,0.00164863216737769,1,0.024297,1,0.001869,1,135.649323844019,1,4.86722444801562,208,1,17.7439994812012,36.3479995727539,0.0242970008403063,0.00989179313182831,130.804992675781,-86.5718,27.0931,11.9206662278526,63,63,63,63,61,63,0.001869,7818,1.13366707078925,27,-87,0.001869,51,2026-06-22 08:41:50.000917,208,1.037,0.0011,"aoml_navis",1027.27952109102
"7901009",114,0,1,0.022428,1,0,1,135.462554415897,1,4.86715546514303,210,1,17.693000793457,36.3390007019043,0.0224280003458261,0.00824316125363111,130.624893188477,-86.5718,27.0931,11.9206662278526,63,63,63,63,61,63,0,7818,1.13366707078925,27,-87,0.001869,51,2026-06-22 08:41:50.000917,210,1.037,0.0011,"aoml_navis",1027.29408086681
"7901009",114,0.00164863216737769,1,0.024297,1,0.001869,1,135.279519426904,1,4.86709572693187,212,1,17.6590003967285,36.3330001831055,0.0242970008403063,0.00989179313182831,130.448394775391,-86.5718,27.0931,11.9206662278526,63,63,63,63,61,63,0.001869,7818,1.13366707078925,27,-87,0.001869,51,2026-06-22 08:41:50.000917,212,1.037,0.0011,"aoml_navis",1027.30668976423
"7901009",114,0,1,0.022428,1,0,1,135.054171343715,1,4.86702200999603,214,1,17.6100006103516,36.326000213623,0.0224280003458261,0.00824316125363111,130.231094360352,-86.5718,27.0931,11.9206662278526,63,63,63,63,61,63,0,7818,1.13366707078925,27,-87,0.001869,51,2026-06-22 08:41:50.000917,214,1.037,0.0011,"aoml_navis",1027.32224956675
"7901009",114,0,1,0.022428,1,0,1,134.641753178406,1,4.86693836082257,216,1,17.5370006561279,36.3139991760254,0.0224280003458261,0.00824316125363111,129.833404541016,-86.5718,27.0931,11.9206662278526,63,63,63,63,61,63,0,7818,1.13366707078925,27,-87,0.001869,51,2026-06-22 08:41:50.000917,216,1.037,0.0011,"aoml_navis",1027.33990638726
"7901009",114,-0.00164863216737769,1,0.020559,1,-0.001869,1,133.961246590557,1,4.86685258340109,218,1,17.4619998931885,36.3019981384277,0.020558999851346,0.00659452844411135,129.177200317383,-86.5718,27.0931,11.9206662278526,63,63,63,63,61,63,-0.001869,7818,1.13366707078925,27,-87,0.001869,51,2026-06-22 08:41:50.000917,218,1.037,0.0011,"aoml_navis",1027.35801307256
"7901009",114,0.00329726433475539,1,0.026166,1,0.003738,1,133.465436500636,1,4.86672479696201,220,1,17.3290004730225,36.2830009460449,0.0261659994721413,0.0115404240787029,128.699096679688,-86.5718,27.0931,11.9206662278526,63,63,63,63,61,63,0.003738,7818,1.13366707078925,27,-87,0.001869,51,2026-06-22 08:41:50.000917,220,1.037,0.0011,"aoml_navis",1027.38498859052
"7901009",114,0.00494589650213308,1,0.028035,1,0.005607,1,133.095426372891,1,4.86662730838294,222,1,17.2339992523193,36.2680015563965,0.0280349999666214,0.0131890568882227,128.342300415039,-86.5718,27.0931,11.9206662278526,63,63,63,63,61,63,0.005607,7818,1.13366707078925,27,-87,0.001869,51,2026-06-22 08:41:50.000917,222,1.037,0.0011,"aoml_navis",1027.40556923012
"7901009",114,0.00164863216737769,1,0.024297,1,0.001869,1,133.180353215281,1,4.86654214384968,224,1,17.1650009155273,36.257999420166,0.0242970008403063,0.00989179313182831,128.424194335938,-86.5718,27.0931,11.9206662278526,63,63,63,63,61,63,0.001869,7818,1.13366707078925,27,-87,0.001869,51,2026-06-22 08:41:50.000917,224,1.037,0.0011,"aoml_navis",1027.42354883723
"7901009",114,-0.00164863216737769,1,0.020559,1,-0.001869,1,133.450198090123,1,4.86647400639783,226,1,17.1200008392334,36.2509994506836,0.020558999851346,0.00659452844411135,128.68440246582,-86.5718,27.0931,11.9206662278526,63,63,63,63,61,63,-0.001869,7818,1.13366707078925,27,-87,0.001869,51,2026-06-22 08:41:50.000917,226,1.037,0.0011,"aoml_navis",1027.43793420588
"7901009",114,-0.00164863216737769,1,0.020559,1,-0.001869,1,133.370350717904,1,4.86642475496452,228,1,17.1070003509521,36.2490005493164,0.020558999851346,0.00659452844411135,128.607406616211,-86.5718,27.0931,11.9206662278526,63,63,63,63,61,63,-0.001869,7818,1.13366707078925,27,-87,0.001869,51,2026-06-22 08:41:50.000917,228,1.037,0.0011,"aoml_navis",1027.44833255651
"7901009",114,-0.00329726433475539,1,0.01869,1,-0.003738,1,133.127153281591,1,4.86633732917381,230,1,17.0200004577637,36.234001159668,0.0186899993568659,0.00494589656591415,128.372894287109,-86.5718,27.0931,11.9206662278526,63,63,63,63,61,63,-0.003738,7818,1.13366707078925,27,-87,0.001869,51,2026-06-22 08:41:50.000917,230,1.037,0.0011,"aoml_navis",1027.46679109664
"7901009",114,0.00164863216737769,1,0.024297,1,0.001869,1,132.90553963753,1,4.86623835833191,232,1,16.9290008544922,36.2210006713867,0.0242970008403063,0.00989179313182831,128.159194946289,-86.5718,27.0931,11.9206662278526,63,63,63,63,61,63,0.001869,7818,1.13366707078925,27,-87,0.001869,51,2026-06-22 08:41:50.000917,232,1.037,0.0011,"aoml_navis",1027.4876879878
"7901009",114,-0.00164863216737769,1,0.020559,1,-0.001869,1,132.549842222463,1,4.86617311849096,234,1,16.882999420166,36.2130012512207,0.020558999851346,0.00659452844411135,127.816200256348,-86.5718,27.0931,11.9206662278526,63,63,63,63,61,63,-0.001869,7818,1.13366707078925,27,-87,0.001869,51,2026-06-22 08:41:50.000917,234,1.037,0.0011,"aoml_navis",1027.50146331632
"7901009",114,0.00164863216737769,1,0.024297,1,0.001869,1,132.25397495293,1,4.86608777209417,236,1,16.8129997253418,36.2029991149902,0.0242970008403063,0.00989179313182831,127.530899047852,-86.5718,27.0931,11.9206662278526,63,63,63,63,61,63,0.001869,7818,1.13366707078925,27,-87,0.001869,51,2026-06-22 08:41:50.000917,236,1.037,0.0011,"aoml_navis",1027.51948468208
"7901009",114,-0.00329726433475539,1,0.01869,1,-0.003738,1,131.994819118899,1,4.86600666885461,238,1,16.7369995117188,36.189998626709,0.0186899993568659,0.00494589656591415,127.28099822998,-86.5718,27.0931,11.9206662278526,63,63,63,63,61,63,-0.003738,7818,1.13366707078925,27,-87,0.001869,51,2026-06-22 08:41:50.000917,238,1.037,0.0011,"aoml_navis",1027.53661066744
"7901009",114,0,1,0.022428,1,0,1,131.828066917463,1,4.86591760531238,240,1,16.6569995880127,36.1780014038086,0.0224280003458261,0.00824316125363111,127.12020111084,-86.5718,27.0931,11.9206662278526,63,63,63,63,61,63,0,7818,1.13366707078925,27,-87,0.001869,51,2026-06-22 08:41:50.000917,240,1.037,0.0011,"aoml_navis",1027.55541823011
"7901009",114,0,1,0.022428,1,0,1,131.624492513262,1,4.86584174807703,242,1,16.5979995727539,36.1689987182617,0.0224280003458261,0.00824316125363111,126.923896789551,-86.5718,27.0931,11.9206662278526,63,63,63,63,61,63,0,7818,1.13366707078925,27,-87,0.001869,51,2026-06-22 08:41:50.000917,242,1.037,0.0011,"aoml_navis",1027.57143755774
"7901009",114,-0.00494589650213308,1,0.016821,1,-0.005607,1,131.340247894321,1,4.86578028190185,244,1,16.5580005645752,36.1619987487793,0.0168210007250309,0.00329726422205567,126.649803161621,-86.5718,27.0931,11.9206662278526,63,63,63,63,61,63,-0.005607,7818,1.13366707078925,27,-87,0.001869,51,2026-06-22 08:41:50.000917,244,1.037,0.0011,"aoml_navis",1027.5844181862
"7901009",114,0.00164863216737769,1,0.024297,1,0.001869,1,131.150361158961,1,4.86571095310568,246,1,16.5109996795654,36.1549987792969,0.0242970008403063,0.00989179313182831,126.466697692871,-86.5718,27.0931,11.9206662278526,63,63,63,63,61,63,0.001869,7818,1.13366707078925,27,-87,0.001869,51,2026-06-22 08:41:50.000917,246,1.037,0.0011,"aoml_navis",1027.59905966231
"7901009",114,0,1,0.016821,1,-0.005607,1,130.887581653063,1,4.86564308466315,248,1,16.4619998931885,36.1469993591309,0.0168210007250309,0.00329726422205567,126.213302612305,-86.5718,27.0931,11.9206662278526,63,63,63,63,61,63,0,7818,1.13366707078925,27,-87,0.001869,51,2026-06-22 08:41:50.000917,248,1.037,0.0011,"aoml_navis",1027.61339313201
"7901009",114,0,1,0.024297,1,0.001869,1,130.597418897538,1,4.86556003049804,250,1,16.3929996490479,36.1370010375977,0.0242970008403063,0.00989179313182831,125.933502197266,-86.5718,27.0931,11.9206662278526,63,63,63,63,61,63,0,7818,1.13366707078925,27,-87,0.001869,51,2026-06-22 08:41:50.000917,250,1.037,0.0011,"aoml_navis",1027.63093429313
"7901009",114,0,1,0.016821,1,-0.005607,1,130.342828257103,1,4.86549603776859,252,1,16.3439998626709,36.1279983520508,0.0168210007250309,0.00329726422205567,125.688003540039,-86.5718,27.0931,11.9206662278526,63,63,63,63,61,63,0,7818,1.13366707078925,27,-87,0.001869,51,2026-06-22 08:41:50.000917,252,1.037,0.0011,"aoml_navis",1027.64445005963
"7901009",114,0,1,0.016821,1,-0.005607,1,130.025385107264,1,4.86542341104165,254,1,16.2840003967285,36.1180000305176,0.0168210007250309,0.00329726422205567,125.381896972656,-86.5718,27.0931,11.9206662278526,63,63,63,63,61,63,0,7818,1.13366707078925,27,-87,0.001869,51,2026-06-22 08:41:50.000917,254,1.037,0.0011,"aoml_navis",1027.65978982486
"7901009",114,0,1,0.020559,1,-0.001869,1,129.679435211279,1,4.86535233551047,256,1,16.2220001220703,36.1069984436035,0.020558999851346,0.00659452844411135,125.048301696777,-86.5718,27.0931,11.9206662278526,63,63,63,63,61,63,0,7818,1.13366707078925,27,-87,0.001869,51,2026-06-22 08:41:50.000917,256,1.037,0.0011,"aoml_navis",1027.67480239957
"7901009",114,0,1,0.01869,1,-0.003738,1,129.424425237636,1,4.86526158203272,258,1,16.1389999389648,36.0950012207031,0.0186899993568659,0.00494589656591415,124.802398681641,-86.5718,27.0931,11.9206662278526,63,63,63,63,61,63,0,7818,1.13366707078925,27,-87,0.001869,51,2026-06-22 08:41:50.000917,258,1.037,0.0011,"aoml_navis",1027.69397198803
"7901009",114,0,1,0.01869,1,-0.003738,1,129.294693037649,1,4.86518307548491,260,1,16.0699996948242,36.0839996337891,0.0186899993568659,0.00494589656591415,124.677299499512,-86.5718,27.0931,11.9206662278526,63,63,63,63,61,63,0,7818,1.13366707078925,27,-87,0.001869,51,2026-06-22 08:41:50.000917,260,1.037,0.0011,"aoml_navis",1027.71055527066
"7901009",114,0,1,0.024297,1,0.001869,1,129.030663444077,1,4.86511628231762,262,1,16.0310001373291,36.0789985656738,0.0242970008403063,0.00989179313182831,124.422698974609,-86.5718,27.0931,11.9206662278526,63,63,63,63,61,63,0,7818,1.13366707078925,27,-87,0.001869,51,2026-06-22 08:41:50.000917,262,1.037,0.0011,"aoml_navis",1027.72466470588
"7901009",114,0,1,0.020559,1,-0.001869,1,128.760620770552,1,4.86506125830401,264,1,15.996000289917,36.0719985961914,0.020558999851346,0.00659452844411135,124.162300109863,-86.5718,27.0931,11.9206662278526,63,63,63,63,61,63,0,7818,1.13366707078925,27,-87,0.001869,51,2026-06-22 08:41:50.000917,264,1.037,0.0011,"aoml_navis",1027.73628830791
"7901009",114,0,1,0.01869,1,-0.003738,1,128.469112983984,1,4.86497728236858,266,1,15.9250001907349,36.0620002746582,0.0186899993568659,0.00494589656591415,123.881202697754,-86.5718,27.0931,11.9206662278526,63,63,63,63,61,63,0,7818,1.13366707078925,27,-87,0.001869,51,2026-06-22 08:41:50.000917,266,1.037,0.0011,"aoml_navis",1027.75402839408
"7901009",114,0,1,0.016821,1,-0.005607,1,128.236193167222,1,4.86490489423144,268,1,15.8610000610352,36.0509986877441,0.0168210007250309,0.00329726422205567,123.656600952148,-86.5718,27.0931,11.9206662278526,63,63,63,63,61,63,0,7818,1.13366707078925,27,-87,0.001869,51,2026-06-22 08:41:50.000917,268,1.037,0.0011,"aoml_navis",1027.76932102594
"7901009",114,0,1,0.022428,1,0,1,127.918552218701,1,4.86483012598614,270,1,15.7980003356934,36.0410003662109,0.0224280003458261,0.00824316125363111,123.350303649902,-86.5718,27.0931,11.9206662278526,63,63,63,63,61,63,0,7818,1.13366707078925,27,-87,0.001869,51,2026-06-22 08:41:50.000917,270,1.037,0.0011,"aoml_navis",1027.78511695441
"7901009",114,0,1,0.020559,1,-0.001869,1,127.584937048567,1,4.86476618319481,272,1,15.7480001449585,36.0320014953613,0.020558999851346,0.00659452844411135,123.028602600098,-86.5718,27.0931,11.9206662278526,63,63,63,63,61,63,0,7818,1.13366707078925,27,-87,0.001869,51,2026-06-22 08:41:50.000917,272,1.037,0.0011,"aoml_navis",1027.79862622634
"7901009",114,0,1,0.016821,1,-0.005607,1,127.19759975622,1,4.86469240219321,274,1,15.6789999008179,36.0200004577637,0.0168210007250309,0.00329726422205567,122.655097961426,-86.5718,27.0931,11.9206662278526,63,63,63,63,61,63,0,7818,1.13366707078925,27,-87,0.001869,51,2026-06-22 08:41:50.000917,274,1.037,0.0011,"aoml_navis",1027.81421447033
"7901009",114,0,1,0.014952,1,-0.007476,1,126.909723553466,1,4.86459436458255,276,1,15.581000328064,36.0060005187988,0.0149520002305508,0.00164863211102784,122.377502441406,-86.5718,27.0931,11.9206662278526,63,63,63,63,61,63,0,7818,1.13366707078925,27,-87,0.001869,51,2026-06-22 08:41:50.000917,276,1.037,0.0011,"aoml_navis",1027.83492831454
"7901009",114,0,1,0.020559,1,-0.001869,1,126.730415091654,1,4.86450507404251,278,1,15.4940004348755,35.9930000305176,0.020558999851346,0.00659452844411135,122.204597473145,-86.5718,27.0931,11.9206662278526,63,63,63,63,61,63,0,7818,1.13366707078925,27,-87,0.001869,51,2026-06-22 08:41:50.000917,278,1.037,0.0011,"aoml_navis",1027.85379476332
"7901009",114,0,1,0.016821,1,-0.005607,1,126.31207878976,1,4.86445188062801,280,1,15.460000038147,35.9860000610352,0.0168210007250309,0.00329726422205567,121.801200866699,-86.5718,27.0931,11.9206662278526,63,63,63,63,61,63,0,7818,1.13366707078925,27,-87,0.001869,51,2026-06-22 08:41:50.000917,280,1.037,0.0011,"aoml_navis",1027.86503447835
"7901009",114,0,1,0.020559,1,-0.001869,1,125.978257908996,1,4.86435983794945,282,1,15.3599996566772,35.9700012207031,0.020558999851346,0.00659452844411135,121.479301452637,-86.5718,27.0931,11.9206662278526,63,63,63,63,61,63,0,7818,1.13366707078925,27,-87,0.001869,51,2026-06-22 08:41:50.000917,282,1.037,0.0011,"aoml_navis",1027.88448358453
"7901009",114,0,1,0.01869,1,-0.003738,1,125.931071055259,1,4.86426634016703,284,1,15.2650003433228,35.9560012817383,0.0186899993568659,0.00494589656591415,121.433799743652,-86.5718,27.0931,11.9206662278526,63,63,63,63,61,63,0,7818,1.13366707078925,27,-87,0.001869,51,2026-06-22 08:41:50.000917,284,1.037,0.0011,"aoml_navis",1027.90424091546
"7901009",114,0,1,0.01869,1,-0.003738,1,125.708112380156,1,4.86421737039362,286,1,15.2379999160767,35.9500007629395,0.0186899993568659,0.00494589656591415,121.218803405762,-86.5718,27.0931,11.9206662278526,63,63,63,63,61,63,0,7818,1.13366707078925,27,-87,0.001869,51,2026-06-22 08:41:50.000917,286,1.037,0.0011,"aoml_navis",1027.91458918609
"7901009",114,0,1,0.024297,1,0.001869,1,125.339755849399,1,4.86416371208411,288,1,15.210000038147,35.9449996948242,0.0242970008403063,0.00989179313182831,120.86360168457,-86.5718,27.0931,11.9206662278526,63,63,63,63,61,63,0,7818,1.13366707078925,27,-87,0.001869,51,2026-06-22 08:41:50.000917,288,1.037,0.0011,"aoml_navis",1027.92592847532
"7901009",114,0,1,0.01869,1,-0.003738,1,124.998054669117,1,4.86409947088049,290,1,15.1619997024536,35.9370002746582,0.0186899993568659,0.00494589656591415,120.534103393555,-86.5718,27.0931,11.9206662278526,63,63,63,63,61,63,0,7818,1.13366707078925,27,-87,0.001869,51,2026-06-22 08:41:50.000917,290,1.037,0.0011,"aoml_navis",1027.93950451324
"7901009",114,0,1,0.020559,1,-0.001869,1,124.680200098018,1,4.8640198384343,292,1,15.0860004425049,35.9249992370605,0.020558999851346,0.00659452844411135,120.227600097656,-86.5718,27.0931,11.9206662278526,63,63,63,63,61,63,0,7818,1.13366707078925,27,-87,0.001869,51,2026-06-22 08:41:50.000917,292,1.037,0.0011,"aoml_navis",1027.9563336669
"7901009",114,0,1,0.022428,1,0,1,124.375107497924,1,4.86394023824199,294,1,15.0030002593994,35.9109992980957,0.0224280003458261,0.00824316125363111,119.933403015137,-86.5718,27.0931,11.9206662278526,63,63,63,63,61,63,0,7818,1.13366707078925,27,-87,0.001869,51,2026-06-22 08:41:50.000917,294,1.037,0.0011,"aoml_navis",1027.9731565549
"7901009",114,0,1,0.020559,1,-0.001869,1,124.255534238278,1,4.86384920637355,296,1,14.9090003967285,35.8969993591309,0.020558999851346,0.00659452844411135,119.818099975586,-86.5718,27.0931,11.9206662278526,63,63,63,63,61,63,0,7818,1.13366707078925,27,-87,0.001869,51,2026-06-22 08:41:50.000917,296,1.037,0.0011,"aoml_navis",1027.99239611459
"7901009",114,0,1,0.020559,1,-0.001869,1,124.113767966437,1,4.86378342679293,298,1,14.8590002059937,35.8889999389648,0.020558999851346,0.00659452844411135,119.681396484375,-86.5718,27.0931,11.9206662278526,63,63,63,63,61,63,0,7818,1.13366707078925,27,-87,0.001869,51,2026-06-22 08:41:50.000917,298,1.037,0.0011,"aoml_navis",1028.00629905861
"7901009",114,0,1,0.020559,1,-0.001869,1,123.874115082517,1,4.86373124316316,300,1,14.8319997787476,35.8839988708496,0.020558999851346,0.00659452844411135,119.450302124023,-86.5718,27.0931,11.9206662278526,63,63,63,63,61,63,0,7818,1.13366707078925,27,-87,0.001869,51,2026-06-22 08:41:50.000917,300,1.037,0.0011,"aoml_navis",1028.01732867711
"7901009",114,0,1,0.022428,1,0,1,123.703414819375,1,4.86365369247691,302,1,14.7569999694824,35.8720016479492,0.0224280003458261,0.00824316125363111,119.285697937012,-86.5718,27.0931,11.9206662278526,63,63,63,63,61,63,0,7818,1.13366707078925,27,-87,0.001869,51,2026-06-22 08:41:50.000917,302,1.037,0.0011,"aoml_navis",1028.03372035595
"7901009",114,0,1,0.022428,1,0,1,123.58986255163,1,4.86357322260315,304,1,14.6789999008179,35.8600006103516,0.0224280003458261,0.00824316125363111,119.176200866699,-86.5718,27.0931,11.9206662278526,63,63,63,63,61,63,0,7818,1.13366707078925,27,-87,0.001869,51,2026-06-22 08:41:50.000917,304,1.037,0.0011,"aoml_navis",1028.05072960818
"7901009",114,0,1,0.020559,1,-0.001869,1,123.323032128711,1,4.86351309970099,306,1,14.6269998550415,35.8499984741211,0.020558999851346,0.00659452844411135,118.918899536133,-86.5718,27.0931,11.9206662278526,63,63,63,63,61,63,0,7818,1.13366707078925,27,-87,0.001869,51,2026-06-22 08:41:50.000917,306,1.037,0.0011,"aoml_navis",1028.06343840369
"7901009",114,0,1,0.022428,1,0,1,123.218293770265,1,4.86343038006653,308,1,14.5430002212524,35.8370018005371,0.0224280003458261,0.00824316125363111,118.817901611328,-86.5718,27.0931,11.9206662278526,63,63,63,63,61,63,0,7818,1.13366707078925,27,-87,0.001869,51,2026-06-22 08:41:50.000917,308,1.037,0.0011,"aoml_navis",1028.08092421621
"7901009",114,0,1,0.01869,1,-0.003738,1,122.957998615822,1,4.86336903812068,310,1,14.5,35.8300018310547,0.0186899993568659,0.00494589656591415,118.566902160645,-86.5718,27.0931,11.9206662278526,63,63,63,63,61,63,0,7818,1.13366707078925,27,-87,0.001869,51,2026-06-22 08:41:50.000917,310,1.037,0.0011,"aoml_navis",1028.09389145845
"7901009",114,0,1,0.01869,1,-0.003738,1,122.605094118155,1,4.86329880696235,312,1,14.4309997558594,35.818000793457,0.0186899993568659,0.00494589656591415,118.226600646973,-86.5718,27.0931,11.9206662278526,63,63,63,63,61,63,0,7818,1.13366707078925,27,-87,0.001869,51,2026-06-22 08:41:50.000917,312,1.037,0.0011,"aoml_navis",1028.10873821735
"7901009",114,0,1,0.022428,1,0,1,122.336190765042,1,4.86322252209171,314,1,14.3559999465942,35.8059997558594,0.0224280003458261,0.00824316125363111,117.967300415039,-86.5718,27.0931,11.9206662278526,63,63,63,63,61,63,0,7818,1.13366707078925,27,-87,0.001869,51,2026-06-22 08:41:50.000917,314,1.037,0.0011,"aoml_navis",1028.12486520758
"7901009",114,0,1,0.022428,1,0,1,122.111151247798,1,4.86313559900147,316,1,14.2600002288818,35.7910003662109,0.0224280003458261,0.00824316125363111,117.750297546387,-86.5718,27.0931,11.9206662278526,63,63,63,63,61,63,0,7818,1.13366707078925,27,-87,0.001869,51,2026-06-22 08:41:50.000917,316,1.037,0.0011,"aoml_navis",1028.14324178553
"7901009",114,0,1,0.020559,1,-0.001869,1,121.823275045044,1,4.86305103698546,318,1,14.1800003051758,35.7799987792969,0.020558999851346,0.00659452844411135,117.472702026367,-86.5718,27.0931,11.9206662278526,63,63,63,63,61,63,0,7818,1.13366707078925,27,-87,0.001869,51,2026-06-22 08:41:50.000917,318,1.037,0.0011,"aoml_navis",1028.16111983464
"7901009",114,0,1,0.024297,1,0.001869,1,121.707127658581,1,4.86296943128817,320,1,14.0920000076294,35.765998840332,0.0242970008403063,0.00989179313182831,117.360702514648,-86.5718,27.0931,11.9206662278526,63,63,63,63,61,63,0,7818,1.13366707078925,27,-87,0.001869,51,2026-06-22 08:41:50.000917,320,1.037,0.0011,"aoml_navis",1028.17837345022
"7901009",114,0,1,0.022428,1,0,1,121.628308839512,1,4.86289868569452,322,1,14.0319995880127,35.7569999694824,0.0224280003458261,0.00824316125363111,117.284698486328,-86.5718,27.0931,11.9206662278526,63,63,63,63,61,63,0,7818,1.13366707078925,27,-87,0.001869,51,2026-06-22 08:41:50.000917,322,1.037,0.0011,"aoml_navis",1028.19333141955
"7901009",114,0,1,0.01869,1,-0.003738,1,121.495570099548,1,4.86285297831363,324,1,14.0139999389648,35.7529983520508,0.0186899993568659,0.00494589656591415,117.156700134277,-86.5718,27.0931,11.9206662278526,63,63,63,63,61,63,0,7818,1.13366707078925,27,-87,0.001869,51,2026-06-22 08:41:50.000917,324,1.037,0.0011,"aoml_navis",1028.20299571013
"7901009",114,0,1,0.022428,1,0,1,121.300398183386,1,4.86280773079474,326,1,14,35.75,0.0224280003458261,0.00824316125363111,116.96849822998,-86.5718,27.0931,11.9206662278526,63,63,63,63,61,63,0,7818,1.13366707078925,27,-87,0.001869,51,2026-06-22 08:41:50.000917,326,1.037,0.0011,"aoml_navis",1028.21256294722
"7901009",114,0,1,0.01869,1,-0.003738,1,121.015109187401,1,4.86276363640907,328,1,13.9799995422363,35.7449989318848,0.0186899993568659,0.00494589656591415,116.693397521973,-86.5718,27.0931,11.9206662278526,63,63,63,63,61,63,0,7818,1.13366707078925,27,-87,0.001869,51,2026-06-22 08:41:50.000917,328,1.037,0.0011,"aoml_navis",1028.22188653452
"7901009",114,0,1,0.022428,1,0,1,120.729305914842,1,4.86268919037232,330,1,13.9090003967285,35.734001159668,0.0224280003458261,0.00824316125363111,116.41780090332,-86.5718,27.0931,11.9206662278526,63,63,63,63,61,63,0,7818,1.13366707078925,27,-87,0.001869,51,2026-06-22 08:41:50.000917,330,1.037,0.0011,"aoml_navis",1028.23762824479
"7901009",114,0,1,0.020559,1,-0.001869,1,120.498664738904,1,4.8626129288178,332,1,13.8360004425049,35.7229995727539,0.020558999851346,0.00659452844411135,116.19539642334,-86.5718,27.0931,11.9206662278526,63,63,63,63,61,63,0,7818,1.13366707078925,27,-87,0.001869,51,2026-06-22 08:41:50.000917,332,1.037,0.0011,"aoml_navis",1028.25375434841
"7901009",114,0,1,0.022428,1,0,1,120.318739145203,1,4.86255256048857,334,1,13.7819995880127,35.7130012512207,0.0224280003458261,0.00824316125363111,116.021896362305,-86.5718,27.0931,11.9206662278526,63,63,63,63,61,63,0,7818,1.13366707078925,27,-87,0.001869,51,2026-06-22 08:41:50.000917,334,1.037,0.0011,"aoml_navis",1028.26652006362
"7901009",114,0,1,0.020559,1,-0.001869,1,120.047042874691,1,4.86247852837595,336,1,13.7180004119873,35.7039985656738,0.020558999851346,0.00659452844411135,115.759902954102,-86.5718,27.0931,11.9206662278526,63,63,63,63,61,63,0,7818,1.13366707078925,27,-87,0.001869,51,2026-06-22 08:41:50.000917,336,1.037,0.0011,"aoml_navis",1028.28217560685
"7901009",114,0,1,0.01869,1,-0.003738,1,119.880907805145,1,4.86239716522114,338,1,13.6429996490479,35.6940002441406,0.0186899993568659,0.00494589656591415,115.599700927734,-86.5718,27.0931,11.9206662278526,63,63,63,63,61,63,0,7818,1.13366707078925,27,-87,0.001869,51,2026-06-22 08:41:50.000917,338,1.037,0.0011,"aoml_navis",1028.29938199271
"7901009",114,0,1,0.022428,1,0,1,119.614908136694,1,4.86235699236559,340,1,13.6230001449585,35.6879997253418,0.0224280003458261,0.00824316125363111,115.343200683594,-86.5718,27.0931,11.9206662278526,63,63,63,63,61,63,0,7818,1.13366707078925,27,-87,0.001869,51,2026-06-22 08:41:50.000917,340,1.037,0.0011,"aoml_navis",1028.30787781533
"7901009",114,0,1,0.024297,1,0.001869,1,119.423162093716,1,4.86226723797246,342,1,13.5430002212524,35.6790008544922,0.0242970008403063,0.00989179313182831,115.158302307129,-86.5718,27.0931,11.9206662278526,63,63,63,63,61,63,0,7818,1.13366707078925,27,-87,0.001869,51,2026-06-22 08:41:50.000917,342,1.037,0.0011,"aoml_navis",1028.32685973159
"7901009",114,0,1,0.024297,1,0.001869,1,119.272993333835,1,4.8622051567806,344,1,13.4829998016357,35.6679992675781,0.0242970008403063,0.00989179313182831,115.013496398926,-86.5718,27.0931,11.9206662278526,63,63,63,63,61,63,0,7818,1.13366707078925,27,-87,0.001869,51,2026-06-22 08:41:50.000917,344,1.037,0.0011,"aoml_navis",1028.33998952661
"7901009",114,0,1,0.024297,1,0.001869,1,119.000149830964,1,4.86215779635479,346,1,13.4630002975464,35.6640014648438,0.0242970008403063,0.00989179313182831,114.750396728516,-86.5718,27.0931,11.9206662278526,63,63,63,63,61,63,0,7818,1.13366707078925,27,-87,0.001869,51,2026-06-22 08:41:50.000917,346,1.037,0.0011,"aoml_navis",1028.35000619448
"7901009",114,0,1,0.024297,1,0.001869,1,118.790364548127,1,4.86209362397071,348,1,13.4079999923706,35.6549987792969,0.0242970008403063,0.00989179313182831,114.54810333252,-86.5718,27.0931,11.9206662278526,63,63,63,63,61,63,0,7818,1.13366707078925,27,-87,0.001869,51,2026-06-22 08:41:50.000917,348,1.037,0.0011,"aoml_navis",1028.36357888079
"7901009",114,0,1,0.020559,1,-0.001869,1,118.553298870976,1,4.86203691342384,350,1,13.3640003204346,35.6469993591309,0.020558999851346,0.00659452844411135,114.31950378418,-86.5718,27.0931,11.9206662278526,63,63,63,63,61,63,0,7818,1.13366707078925,27,-87,0.001869,51,2026-06-22 08:41:50.000917,350,1.037,0.0011,"aoml_navis",1028.37557366034
"7901009",114,0,1,0.020559,1,-0.001869,1,118.413194108069,1,4.8619530041675,352,1,13.2779998779297,35.6349983215332,0.020558999851346,0.00659452844411135,114.18440246582,-86.5718,27.0931,11.9206662278526,63,63,63,63,61,63,0,7818,1.13366707078925,27,-87,0.001869,51,2026-06-22 08:41:50.000917,352,1.037,0.0011,"aoml_navis",1028.39332171952
"7901009",114,0,1,0.022428,1,0,1,118.276823784291,1,4.86187766394989,354,1,13.2040004730225,35.6240005493164,0.0224280003458261,0.00824316125363111,114.05290222168,-86.5718,27.0931,11.9206662278526,63,63,63,63,61,63,0,7818,1.13366707078925,27,-87,0.001869,51,2026-06-22 08:41:50.000917,354,1.037,0.0011,"aoml_navis",1028.40925782116
"7901009",114,0,1,0.022428,1,0,1,117.960836432756,1,4.86182921747103,356,1,13.1789999008179,35.6189994812012,0.0224280003458261,0.00824316125363111,113.748199462891,-86.5718,27.0931,11.9206662278526,63,63,63,63,61,63,0,7818,1.13366707078925,27,-87,0.001869,51,2026-06-22 08:41:50.000917,356,1.037,0.0011,"aoml_navis",1028.41950557055
"7901009",114,0,1,0.022428,1,0,1,117.548924632075,1,4.86177584009401,358,1,13.1490001678467,35.6139984130859,0.0224280003458261,0.00824316125363111,113.350997924805,-86.5718,27.0931,11.9206662278526,63,63,63,63,61,63,0,7818,1.13366707078925,27,-87,0.001869,51,2026-06-22 08:41:50.000917,358,1.037,0.0011,"aoml_navis",1028.43079657562
"7901009",114,0,1,0.026166,1,0.003738,1,116.993181541306,1,4.86171792442417,360,1,13.1070003509521,35.6069984436035,0.0261659994721413,0.0115404240787029,112.815101623535,-86.5718,27.0931,11.9206662278526,63,63,63,63,61,63,0,7818,1.13366707078925,27,-87,0.001869,51,2026-06-22 08:41:50.000917,360,1.037,0.0011,"aoml_navis",1028.44304785375
"7901009",114,0,1,0.020559,1,-0.001869,1,116.655317655468,1,4.86164438722938,362,1,13.0380001068115,35.5970001220703,0.020558999851346,0.00659452844411135,112.489303588867,-86.5718,27.0931,11.9206662278526,63,63,63,63,61,63,0,7818,1.13366707078925,27,-87,0.001869,51,2026-06-22 08:41:50.000917,362,1.037,0.0011,"aoml_navis",1028.45860407521
"7901009",114,0,1,0.028035,1,0.005607,1,116.938320098681,1,4.86157710388521,364,1,12.96399974823,35.5839996337891,0.0280349999666214,0.0131890568882227,112.762199401855,-86.5718,27.0931,11.9206662278526,63,63,63,63,61,63,0,7818,1.13366707078925,27,-87,0.001869,51,2026-06-22 08:41:50.000917,364,1.037,0.0011,"aoml_navis",1028.4728377555
"7901009",114,0,1,0.020559,1,-0.001869,1,117.042852746497,1,4.86148335729618,366,1,12.8590002059937,35.5699996948242,0.020558999851346,0.00659452844411135,112.862998962402,-86.5718,27.0931,11.9206662278526,63,63,63,63,61,63,0,7818,1.13366707078925,27,-87,0.001869,51,2026-06-22 08:41:50.000917,366,1.037,0.0011,"aoml_navis",1028.49267034843
"7901009",114,0,1,0.026166,1,0.003738,1,117.08620230579,1,4.86143401743574,368,1,12.8290004730225,35.5639991760254,0.0261659994721413,0.0115404240787029,112.904800415039,-86.5718,27.0931,11.9206662278526,63,63,63,63,61,63,0,7818,1.13366707078925,27,-87,0.001869,51,2026-06-22 08:41:50.000917,368,1.037,0.0011,"aoml_navis",1028.50310876735
"7901009",114,0,1,0.028035,1,0.005607,1,117.174452166049,1,4.86138129800708,370,1,12.8030004501343,35.560001373291,0.0280349999666214,0.0131890568882227,112.989898681641,-86.5718,27.0931,11.9206662278526,63,63,63,63,61,63,0,7818,1.13366707078925,27,-87,0.001869,51,2026-06-22 08:41:50.000917,370,1.037,0.0011,"aoml_navis",1028.51426240722
"7901009",114,0,1,0.022428,1,0,1,117.132139071853,1,4.86132569749055,372,1,12.7589998245239,35.5519981384277,0.0224280003458261,0.00824316125363111,112.949096679688,-86.5718,27.0931,11.9206662278526,63,63,63,63,61,63,0,7818,1.13366707078925,27,-87,0.001869,51,2026-06-22 08:41:50.000917,372,1.037,0.0011,"aoml_navis",1028.5260258495
"7901009",114,0,1,0.022428,1,0,1,116.962277475126,1,4.86125632014853,374,1,12.6969995498657,35.5429992675781,0.0224280003458261,0.00824316125363111,112.785301208496,-86.5718,27.0931,11.9206662278526,63,63,63,63,61,63,0,7818,1.13366707078925,27,-87,0.001869,51,2026-06-22 08:41:50.000917,374,1.037,0.0011,"aoml_navis",1028.54070444227
"7901009",114,0,1,0.026166,1,0.003738,1,116.571522221543,1,4.86120306593321,376,1,12.6590003967285,35.5359992980957,0.0261659994721413,0.0115404240787029,112.408500671387,-86.5718,27.0931,11.9206662278526,63,63,63,63,61,63,0,7818,1.13366707078925,27,-87,0.001869,51,2026-06-22 08:41:50.000917,376,1.037,0.0011,"aoml_navis",1028.55197204977
"7901009",114,0,1,0.028035,1,0.005607,1,116.158779666394,1,4.86114546714235,378,1,12.6239995956421,35.5309982299805,0.0280349999666214,0.0131890568882227,112.010498046875,-86.5718,27.0931,11.9206662278526,63,63,63,63,61,63,0,7818,1.13366707078925,27,-87,0.001869,51,2026-06-22 08:41:50.000917,378,1.037,0.0011,"aoml_navis",1028.56415916705
"7901009",114,0,1,0.026166,1,0.003738,1,116.076337175459,1,4.86107898966661,380,1,12.576000213623,35.5250015258789,0.0261659994721413,0.0115404240787029,111.930999755859,-86.5718,27.0931,11.9206662278526,63,63,63,63,61,63,0,7818,1.13366707078925,27,-87,0.001869,51,2026-06-22 08:41:50.000917,380,1.037,0.0011,"aoml_navis",1028.57822525178
"7901009",114,0,1,0.020559,1,-0.001869,1,116.182325621579,1,4.8610162733546,382,1,12.5279998779297,35.5180015563965,0.020558999851346,0.00659452844411135,112.033203125,-86.5718,27.0931,11.9206662278526,63,63,63,63,61,63,0,7818,1.13366707078925,27,-87,0.001869,51,2026-06-22 08:41:50.000917,382,1.037,0.0011,"aoml_navis",1028.59149585802
"7901009",114,0,1,0.026166,1,0.003738,1,116.236767730996,1,4.86097081954061,384,1,12.5129995346069,35.5149993896484,0.0261659994721413,0.0115404240787029,112.08570098877,-86.5718,27.0931,11.9206662278526,63,63,63,63,61,63,0,7818,1.13366707078925,27,-87,0.001869,51,2026-06-22 08:41:50.000917,384,1.037,0.0011,"aoml_navis",1028.60111397923
"7901009",114,0,1,0.026166,1,0.003738,1,116.323775415528,1,4.860907458753,386,1,12.4490003585815,35.5040016174316,0.0261659994721413,0.0115404240787029,112.16960144043,-86.5718,27.0931,11.9206662278526,63,63,63,63,61,63,0,7818,1.13366707078925,27,-87,0.001869,51,2026-06-22 08:41:50.000917,386,1.037,0.0011,"aoml_navis",1028.61452155328
"7901009",114,0,1,0.028035,1,0.005607,1,116.124457638978,1,4.86084254821846,388,1,12.3870000839233,35.4939994812012,0.0280349999666214,0.0131890568882227,111.977401733398,-86.5718,27.0931,11.9206662278526,63,63,63,63,61,63,0,7818,1.13366707078925,27,-87,0.001869,51,2026-06-22 08:41:50.000917,388,1.037,0.0011,"aoml_navis",1028.6282574268
"7901009",114,0,1,0.020559,1,-0.001869,1,115.879614517625,1,4.86078420425682,390,1,12.3470001220703,35.4879989624023,0.020558999851346,0.00659452844411135,111.741302490234,-86.5718,27.0931,11.9206662278526,63,63,63,63,61,63,0,7818,1.13366707078925,27,-87,0.001869,51,2026-06-22 08:41:50.000917,390,1.037,0.0011,"aoml_navis",1028.64060404518
"7901009",114,0,1,0.028035,1,0.005607,1,115.890707067749,1,4.86070539997267,392,1,12.2740001678467,35.4790000915527,0.0280349999666214,0.0131890568882227,111.751998901367,-86.5718,27.0931,11.9206662278526,63,63,63,63,61,63,0,7818,1.13366707078925,27,-87,0.001869,51,2026-06-22 08:41:50.000917,392,1.037,0.0011,"aoml_navis",1028.65728090168
"7901009",114,0,1,0.028035,1,0.005607,1,115.864993239002,1,4.86064693965651,394,1,12.2259998321533,35.4710006713867,0.0280349999666214,0.0131890568882227,111.727203369141,-86.5718,27.0931,11.9206662278526,63,63,63,63,61,63,0,7818,1.13366707078925,27,-87,0.001869,51,2026-06-22 08:41:50.000917,394,1.037,0.0011,"aoml_navis",1028.66965284118
"7901009",114,0,1,0.024297,1,0.001869,1,115.572132509445,1,4.86060779464973,396,1,12.2290000915527,35.4710006713867,0.0242970008403063,0.00989179313182831,111.444801330566,-86.5718,27.0931,11.9206662278526,63,63,63,63,61,63,0,7818,1.13366707078925,27,-87,0.001869,51,2026-06-22 08:41:50.000917,396,1.037,0.0011,"aoml_navis",1028.67793725379
"7901009",114,0,1,0.029904,1,0.007476,1,115.185111694991,1,4.86056454325871,398,1,12.2200002670288,35.4690017700195,0.0299040004611015,0.0148376896977425,111.071601867676,-86.5718,27.0931,11.9206662278526,63,63,63,63,61,63,0,7818,1.13366707078925,27,-87,0.001869,51,2026-06-22 08:41:50.000917,398,1.037,0.0011,"aoml_navis",1028.68709087192
"7901009",114,0,1,0.024297,1,0.001869,1,114.685986499148,1,4.86051230991819,400,1,12.1899995803833,35.4640007019043,0.0242970008403063,0.00989179313182831,110.590301513672,-86.5718,27.0931,11.9206662278526,63,63,63,63,61,63,0,7818,1.13366707078925,27,-87,0.001869,51,2026-06-22 08:41:50.000917,400,1.037,0.0011,"aoml_navis",1028.69814562493
"7901009",114,0,1,0.020559,1,-0.001869,1,113.653406168098,1,4.86045631740176,402,1,12.1560001373291,35.4589996337891,0.020558999851346,0.00659452844411135,109.594596862793,-86.5718,27.0931,11.9206662278526,63,63,63,63,61,63,0,7818,1.13366707078925,27,-87,0.001869,51,2026-06-22 08:41:50.000917,402,1.037,0.0011,"aoml_navis",1028.7099962402
"7901009",114,0,1,0.028035,1,0.005607,1,113.015426297023,1,4.86038319490708,404,1,12.1000003814697,35.4529991149902,0.0280349999666214,0.0131890568882227,108.979400634766,-86.5718,27.0931,11.9206662278526,63,63,63,63,61,63,0,7818,1.13366707078925,27,-87,0.001869,51,2026-06-22 08:41:50.000917,404,1.037,0.0011,"aoml_navis",1028.72547276503
"7901009",114,0,1,0.020559,1,-0.001869,1,113.284329650136,1,4.8603155088219,406,1,12.0380001068115,35.4440002441406,0.020558999851346,0.00659452844411135,109.238700866699,-86.5718,27.0931,11.9206662278526,63,63,63,63,61,63,0,7818,1.13366707078925,27,-87,0.001869,51,2026-06-22 08:41:50.000917,406,1.037,0.0011,"aoml_navis",1028.73979907777
"7901009",114,0,1,0.029904,1,0.007476,1,113.44756103502,1,4.8602515509317,408,1,11.9720001220703,35.4329986572266,0.0299040004611015,0.0148376896977425,109.396102905273,-86.5718,27.0931,11.9206662278526,63,63,63,63,61,63,0,7818,1.13366707078925,27,-87,0.001869,51,2026-06-22 08:41:50.000917,408,1.037,0.0011,"aoml_navis",1028.75333665426
"7901009",114,0,1,0.022428,1,0,1,113.299259494703,1,4.86017848301611,410,1,11.8999996185303,35.4230003356934,0.0224280003458261,0.00824316125363111,109.25309753418,-86.5718,27.0931,11.9206662278526,63,63,63,63,61,63,0,7818,1.13366707078925,27,-87,0.001869,51,2026-06-22 08:41:50.000917,410,1.037,0.0011,"aoml_navis",1028.76880293028
"7901009",114,0,1,0.028035,1,0.005607,1,113.164242113915,1,4.86012374198133,412,1,11.8629999160767,35.4169998168945,0.0280349999666214,0.0131890568882227,109.122901916504,-86.5718,27.0931,11.9206662278526,63,63,63,63,61,63,0,7818,1.13366707078925,27,-87,0.001869,51,2026-06-22 08:41:50.000917,412,1.037,0.0011,"aoml_navis",1028.78039026258
"7901009",114,0,1,0.024297,1,0.001869,1,113.058878711631,1,4.86006259510291,414,1,11.8229999542236,35.4119987487793,0.0242970008403063,0.00989179313182831,109.021301269531,-86.5718,27.0931,11.9206662278526,63,63,63,63,61,63,0,7818,1.13366707078925,27,-87,0.001869,51,2026-06-22 08:41:50.000917,414,1.037,0.0011,"aoml_navis",1028.79333386325
"7901009",114,0,1,0.026166,1,0.003738,1,112.92375056358,1,4.8600089015399,416,1,11.7869997024536,35.4059982299805,0.0261659994721413,0.0115404240787029,108.890998840332,-86.5718,27.0931,11.9206662278526,63,63,63,63,61,63,0,7818,1.13366707078925,27,-87,0.001869,51,2026-06-22 08:41:50.000917,416,1.037,0.0011,"aoml_navis",1028.80470001109
"7901009",114,0,1,0.026166,1,0.003738,1,112.665219773387,1,4.85994314380987,418,1,11.7379999160767,35.4000015258789,0.0261659994721413,0.0115404240787029,108.641700744629,-86.5718,27.0931,11.9206662278526,63,63,63,63,61,63,0,7818,1.13366707078925,27,-87,0.001869,51,2026-06-22 08:41:50.000917,418,1.037,0.0011,"aoml_navis",1028.8186203101
"7901009",114,0,1,0.026166,1,0.003738,1,112.396316420274,1,4.85988208624413,420,1,11.6899995803833,35.3930015563965,0.0261659994721413,0.0115404240787029,108.382400512695,-86.5718,27.0931,11.9206662278526,63,63,63,63,61,63,0,7818,1.13366707078925,27,-87,0.001869,51,2026-06-22 08:41:50.000917,420,1.037,0.0011,"aoml_navis",1028.83154596538
"7901009",114,0,1,0.024297,1,0.001869,1,112.130111041193,1,4.85983245235917,422,1,11.6700000762939,35.3899993896484,0.0242970008403063,0.00989179313182831,108.125701904297,-86.5718,27.0931,11.9206662278526,63,63,63,63,61,63,0,7818,1.13366707078925,27,-87,0.001869,51,2026-06-22 08:41:50.000917,422,1.037,0.0011,"aoml_navis",1028.84205351005
"7901009",114,0,1,0.026166,1,0.003738,1,112.001929582877,1,4.8597770835369,424,1,11.6280002593994,35.382999420166,0.0261659994721413,0.0115404240787029,108.002098083496,-86.5718,27.0931,11.9206662278526,63,63,63,63,61,63,0,7818,1.13366707078925,27,-87,0.001869,51,2026-06-22 08:41:50.000917,424,1.037,0.0011,"aoml_navis",1028.85377540013
"7901009",114,0,1,0.026166,1,0.003738,1,111.862552719123,1,4.85972090080112,426,1,11.58899974823,35.3769989013672,0.0261659994721413,0.0115404240787029,107.867698669434,-86.5718,27.0931,11.9206662278526,63,63,63,63,61,63,0,7818,1.13366707078925,27,-87,0.001869,51,2026-06-22 08:41:50.000917,426,1.037,0.0011,"aoml_navis",1028.8656698733
"7901009",114,0,1,0.026166,1,0.003738,1,111.930690409328,1,4.85964996758706,428,1,11.5260000228882,35.3689994812012,0.0261659994721413,0.0115404240787029,107.933403015137,-86.5718,27.0931,11.9206662278526,63,63,63,63,61,63,0,7818,1.13366707078925,27,-87,0.001869,51,2026-06-22 08:41:50.000917,428,1.037,0.0011,"aoml_navis",1028.8806875699
"7901009",114,0,1,0.028035,1,0.005607,1,112.136646309669,1,4.85960131060282,430,1,11.4949998855591,35.3629989624023,0.0280349999666214,0.0131890568882227,108.13200378418,-86.5718,27.0931,11.9206662278526,63,63,63,63,61,63,0,7818,1.13366707078925,27,-87,0.001869,51,2026-06-22 08:41:50.000917,430,1.037,0.0011,"aoml_navis",1028.89098928565
"7901009",114,0,1,0.026166,1,0.003738,1,112.364170178367,1,4.85954258598624,432,1,11.4530000686646,35.3569984436035,0.0261659994721413,0.0115404240787029,108.351402282715,-86.5718,27.0931,11.9206662278526,63,63,63,63,61,63,0,7818,1.13366707078925,27,-87,0.001869,51,2026-06-22 08:41:50.000917,432,1.037,0.0011,"aoml_navis",1028.90342280749
"7901009",114,0,1,0.024297,1,0.001869,1,112.598435026171,1,4.8594820851208,434,1,11.3970003128052,35.3479995727539,0.0242970008403063,0.00989179313182831,108.577301025391,-86.5718,27.0931,11.9206662278526,63,63,63,63,61,63,0,7818,1.13366707078925,27,-87,0.001869,51,2026-06-22 08:41:50.000917,434,1.037,0.0011,"aoml_navis",1028.91623272148
"7901009",114,0,1,0.026166,1,0.003738,1,112.779705650915,1,4.85941805708517,436,1,11.3409996032715,35.3400001525879,0.0261659994721413,0.0115404240787029,108.752098083496,-86.5718,27.0931,11.9206662278526,63,63,63,63,61,63,0,7818,1.13366707078925,27,-87,0.001869,51,2026-06-22 08:41:50.000917,436,1.037,0.0011,"aoml_navis",1028.92978979445
"7901009",114,0,1,0.028035,1,0.005607,1,112.759799191491,1,4.85936052743998,438,1,11.2959995269775,35.3330001831055,0.0280349999666214,0.0131890568882227,108.732902526855,-86.5718,27.0931,11.9206662278526,63,63,63,63,61,63,0,7818,1.13366707078925,27,-87,0.001869,51,2026-06-22 08:41:50.000917,438,1.037,0.0011,"aoml_navis",1028.94197122561
"7901009",114,0,1,0.026166,1,0.003738,1,112.60963043161,1,4.85931125129672,440,1,11.2639999389648,35.3269996643066,0.0261659994721413,0.0115404240787029,108.588096618652,-86.5718,27.0931,11.9206662278526,63,63,63,63,61,63,0,7818,1.13366707078925,27,-87,0.001869,51,2026-06-22 08:41:50.000917,440,1.037,0.0011,"aoml_navis",1028.95240527466
"7901009",114,0,1,0.028035,1,0.005607,1,112.451589284159,1,4.85925568157793,442,1,11.2209997177124,35.3199996948242,0.0280349999666214,0.0131890568882227,108.435699462891,-86.5718,27.0931,11.9206662278526,63,63,63,63,61,63,0,7818,1.13366707078925,27,-87,0.001869,51,2026-06-22 08:41:50.000917,442,1.037,0.0011,"aoml_navis",1028.96417221997
"7901009",114,0,1,0.026166,1,0.003738,1,112.1947200029,1,4.85919199597587,444,1,11.1730003356934,35.3139991760254,0.0261659994721413,0.0115404240787029,108.188003540039,-86.5718,27.0931,11.9206662278526,63,63,63,63,61,63,0,7818,1.13366707078925,27,-87,0.001869,51,2026-06-22 08:41:50.000917,444,1.037,0.0011,"aoml_navis",1028.97765804289
"7901009",114,0,1,0.026166,1,0.003738,1,111.929337466339,1,4.85913658927009,446,1,11.1300001144409,35.306999206543,0.0261659994721413,0.0115404240787029,107.932098388672,-86.5718,27.0931,11.9206662278526,63,63,63,63,61,63,0,7818,1.13366707078925,27,-87,0.001869,51,2026-06-22 08:41:50.000917,446,1.037,0.0011,"aoml_navis",1028.98939104551
"7901009",114,0,1,0.024297,1,0.001869,1,111.620716137746,1,4.85908285185177,448,1,11.1049995422363,35.3040008544922,0.0242970008403063,0.00989179313182831,107.634498596191,-86.5718,27.0931,11.9206662278526,63,63,63,63,61,63,0,7818,1.13366707078925,27,-87,0.001869,51,2026-06-22 08:41:50.000917,448,1.037,0.0011,"aoml_navis",1029.00077081306
"7901009",114,0,1,0.033642,1,0.011214,1,111.350048420384,1,4.85901140406036,450,1,11.039999961853,35.2960014343262,0.0336420014500618,0.0181349534541368,107.373497009277,-86.5718,27.0931,11.9206662278526,63,63,63,63,61,63,0,7818,1.13366707078925,27,-87,0.001869,51,2026-06-22 08:41:50.000917,450,1.037,0.0011,"aoml_navis",1029.01590142839
"7901009",114,0,1,0.026166,1,0.003738,1,111.004929278866,1,4.85895010012519,452,1,10.9820003509521,35.2869987487793,0.0261659994721413,0.0115404240787029,107.040702819824,-86.5718,27.0931,11.9206662278526,63,63,63,63,61,63,0,7818,1.13366707078925,27,-87,0.001869,51,2026-06-22 08:41:50.000917,452,1.037,0.0011,"aoml_navis",1029.02888421743
"7901009",114,0,1,0.026166,1,0.003738,1,110.757593894112,1,4.85888518316222,454,1,10.9280004501343,35.2799987792969,0.0261659994721413,0.0115404240787029,106.802200317383,-86.5718,27.0931,11.9206662278526,63,63,63,63,61,63,0,7818,1.13366707078925,27,-87,0.001869,51,2026-06-22 08:41:50.000917,454,1.037,0.0011,"aoml_navis",1029.0426325213
"7901009",114,0,1,0.028035,1,0.005607,1,110.78735863988,1,4.8588186947246,456,1,10.8680000305176,35.2719993591309,0.0280349999666214,0.0131890568882227,106.830902099609,-86.5718,27.0931,11.9206662278526,63,63,63,63,61,63,0,7818,1.13366707078925,27,-87,0.001869,51,2026-06-22 08:41:50.000917,456,1.037,0.0011,"aoml_navis",1029.05671401748
"7901009",114,0,1,0.026166,1,0.003738,1,110.874049846519,1,4.85874123392002,458,1,10.7790002822876,35.2599983215332,0.0261659994721413,0.0115404240787029,106.914497375488,-86.5718,27.0931,11.9206662278526,63,63,63,63,61,63,0,7818,1.13366707078925,27,-87,0.001869,51,2026-06-22 08:41:50.000917,458,1.037,0.0011,"aoml_navis",1029.07311982244
"7901009",114,0,1,0.031773,1,0.009345,1,110.800737742775,1,4.8586846392949,460,1,10.7379999160767,35.2540016174316,0.0317730009555817,0.0164863225072622,106.843803405762,-86.5718,27.0931,11.9206662278526,63,63,63,63,61,63,0,7818,1.13366707078925,27,-87,0.001869,51,2026-06-22 08:41:50.000917,460,1.037,0.0011,"aoml_navis",1029.08510660729
"7901009",114,0,1,0.024297,1,0.001869,1,110.604007172994,1,4.85863344166937,462,1,10.7030000686646,35.2480010986328,0.0242970008403063,0.00989179313182831,106.654098510742,-86.5718,27.0931,11.9206662278526,63,63,63,63,61,63,0,7818,1.13366707078925,27,-87,0.001869,51,2026-06-22 08:41:50.000917,462,1.037,0.0011,"aoml_navis",1029.09595054408
"7901009",114,0,1,0.024297,1,0.001869,1,110.528930705001,1,4.85857168799713,464,1,10.6560001373291,35.242000579834,0.0242970008403063,0.00989179313182831,106.581703186035,-86.5718,27.0931,11.9206662278526,63,63,63,63,61,63,0,7818,1.13366707078925,27,-87,0.001869,51,2026-06-22 08:41:50.000917,464,1.037,0.0011,"aoml_navis",1029.10903061331
"7901009",114,0,1,0.028035,1,0.005607,1,110.385091502965,1,4.85852210089425,466,1,10.6309995651245,35.2379989624023,0.0280349999666214,0.0131890568882227,106.443000793457,-86.5718,27.0931,11.9206662278526,63,63,63,63,61,63,0,7818,1.13366707078925,27,-87,0.001869,51,2026-06-22 08:41:50.000917,466,1.037,0.0011,"aoml_navis",1029.11953391747
"7901009",114,0,1,0.022428,1,0,1,110.223315916385,1,4.85846737695369,468,1,10.5959997177124,35.2330017089844,0.0224280003458261,0.00824316125363111,106.287002563477,-86.5718,27.0931,11.9206662278526,63,63,63,63,61,63,0,7818,1.13366707078925,27,-87,0.001869,51,2026-06-22 08:41:50.000917,468,1.037,0.0011,"aoml_navis",1029.131125531
"7901009",114,0,1,0.026166,1,0.003738,1,110.067656265073,1,4.8584079408118,469.899993896484,1,10.548999786377,35.2270011901855,0.0261659994721413,0.0115404240787029,106.136901855469,-86.5718,27.0931,11.9206662278526,63,63,63,63,61,63,0,7818,1.13366707078925,27,-87,0.001869,51,2026-06-22 08:41:50.000917,469.899993896484,1.037,0.0011,"aoml_navis",1029.14371557785
"7901009",114,0,1,0.028035,1,0.005607,1,109.948083005427,1,4.85834246609605,472,1,10.503999710083,35.2220001220703,0.0280349999666214,0.0131890568882227,106.021598815918,-86.5718,27.0931,11.9206662278526,63,63,63,63,61,63,0,7818,1.13366707078925,27,-87,0.001869,51,2026-06-22 08:41:50.000917,472,1.037,0.0011,"aoml_navis",1029.15758510078
"7901009",114,0,1,0.028035,1,0.005607,1,109.92516209408,1,4.85827935205456,474,1,10.4549999237061,35.2159996032715,0.0280349999666214,0.0131890568882227,105.999496459961,-86.5718,27.0931,11.9206662278526,63,63,63,63,61,63,0,7818,1.13366707078925,27,-87,0.001869,51,2026-06-22 08:41:50.000917,474,1.037,0.0011,"aoml_navis",1029.17095491545
"7901009",114,0,1,0.028035,1,0.005607,1,109.932630972337,1,4.85821895806482,476,1,10.4090003967285,35.2099990844727,0.0280349999666214,0.0131890568882227,106.006698608398,-86.5718,27.0931,11.9206662278526,63,63,63,63,61,63,0,7818,1.13366707078925,27,-87,0.001869,51,2026-06-22 08:41:50.000917,476,1.037,0.0011,"aoml_navis",1029.18374885097
"7901009",114,0,1,0.028035,1,0.005607,1,109.90069044106,1,4.85817447977688,478,1,10.3979997634888,35.2080001831055,0.0280349999666214,0.0131890568882227,105.975898742676,-86.5718,27.0931,11.9206662278526,63,63,63,63,61,63,0,7818,1.13366707078925,27,-87,0.001869,51,2026-06-22 08:41:50.000917,478,1.037,0.0011,"aoml_navis",1029.19317138845
"7901009",114,0,1,0.026166,1,0.003738,1,109.958661278976,1,4.85812184482204,480,1,10.3649997711182,35.2029991149902,0.0261659994721413,0.0115404240787029,106.031799316406,-86.5718,27.0931,11.9206662278526,63,63,63,63,61,63,0,7818,1.13366707078925,27,-87,0.001869,51,2026-06-22 08:41:50.000917,480,1.037,0.0011,"aoml_navis",1029.20432210427
"7901009",114,0,1,0.031773,1,0.009345,1,110.125413480412,1,4.85805572942962,482,1,10.3079996109009,35.1959991455078,0.0317730009555817,0.0164863225072622,106.192596435547,-86.5718,27.0931,11.9206662278526,63,63,63,63,61,63,0,7818,1.13366707078925,27,-87,0.001869,51,2026-06-22 08:41:50.000917,482,1.037,0.0011,"aoml_navis",1029.21832899333
"7901009",114,0,1,0.026166,1,0.003738,1,110.235239220976,1,4.85799928307195,484,1,10.2620000839233,35.1889991760254,0.0261659994721413,0.0115404240787029,106.298500061035,-86.5718,27.0931,11.9206662278526,63,63,63,63,61,63,0,7818,1.13366707078925,27,-87,0.001869,51,2026-06-22 08:41:50.000917,484,1.037,0.0011,"aoml_navis",1029.23028774888
"7901009",114,0,1,0.026166,1,0.003738,1,110.234202755879,1,4.85794142212326,486,1,10.2270002365112,35.185001373291,0.0261659994721413,0.0115404240787029,106.297500610352,-86.5718,27.0931,11.9206662278526,63,63,63,63,61,63,0,7818,1.13366707078925,27,-87,0.001869,51,2026-06-22 08:41:50.000917,486,1.037,0.0011,"aoml_navis",1029.24254648889
"7901009",114,0,1,0.028035,1,0.005607,1,110.149473712172,1,4.85788211179835,488,1,10.1859998703003,35.1800003051758,0.0280349999666214,0.0131890568882227,106.215797424316,-86.5718,27.0931,11.9206662278526,63,63,63,63,61,63,0,7818,1.13366707078925,27,-87,0.001869,51,2026-06-22 08:41:50.000917,488,1.037,0.0011,"aoml_navis",1029.25511260483
"7901009",114,0,1,0.029904,1,0.007476,1,110.084556184521,1,4.85783771811192,490,1,10.1750001907349,35.1780014038086,0.0299040004611015,0.0148376896977425,106.153198242188,-86.5718,27.0931,11.9206662278526,63,63,63,63,61,63,0,7818,1.13366707078925,27,-87,0.001869,51,2026-06-22 08:41:50.000917,490,1.037,0.0011,"aoml_navis",1029.26451852396
"7901009",114,0,1,0.028035,1,0.005607,1,109.897058857246,1,4.85779161736741,492,1,10.1619997024536,35.1759986877441,0.0280349999666214,0.0131890568882227,105.972396850586,-86.5718,27.0931,11.9206662278526,63,63,63,63,61,63,0,7818,1.13366707078925,27,-87,0.001869,51,2026-06-22 08:41:50.000917,492,1.037,0.0011,"aoml_navis",1029.27428630824
"7901009",114,0,1,0.029904,1,0.007476,1,109.543331517059,1,4.85774809565291,494,1,10.1520004272461,35.173999786377,0.0299040004611015,0.0148376896977425,105.631301879883,-86.5718,27.0931,11.9206662278526,63,63,63,63,61,63,0,7818,1.13366707078925,27,-87,0.001869,51,2026-06-22 08:41:50.000917,494,1.037,0.0011,"aoml_navis",1029.28350782009
"7901009",114,0,1,0.029904,1,0.007476,1,109.327730952951,1,4.85767795322216,496,1,10.0939998626709,35.1679992675781,0.0299040004611015,0.0148376896977425,105.423400878906,-86.5718,27.0931,11.9206662278526,63,63,63,63,61,63,0,7818,1.13366707078925,27,-87,0.001869,51,2026-06-22 08:41:50.000917,496,1.037,0.0011,"aoml_navis",1029.29837015717
"7901009",114,0,1,0.026166,1,0.003738,1,109.336442006936,1,4.85761971908123,498,1,10.0539999008179,35.1629981994629,0.0261659994721413,0.0115404240787029,105.431800842285,-86.5718,27.0931,11.9206662278526,63,63,63,63,61,63,0,7818,1.13366707078925,27,-87,0.001869,51,2026-06-22 08:41:50.000917,498,1.037,0.0011,"aoml_navis",1029.31070959702
"7901009",114,0,1,0.029904,1,0.007476,1,109.27826545839,1,4.85757427927868,500,1,10.0459995269775,35.1619987487793,0.0299040004611015,0.0148376896977425,105.375701904297,-86.5718,27.0931,11.9206662278526,63,63,63,63,61,63,0,7818,1.13366707078925,27,-87,0.001869,51,2026-06-22 08:41:50.000917,500,1.037,0.0011,"aoml_navis",1029.32033820438
"7901009",114,0,1,0.026166,1,0.003738,1,109.334052598849,1,4.85752442450349,502,1,10.0200004577637,35.1580009460449,0.0261659994721413,0.0115404240787029,105.429496765137,-86.5718,27.0931,11.9206662278526,63,63,63,63,61,63,0,7818,1.13366707078925,27,-87,0.001869,51,2026-06-22 08:41:50.000917,502,1.037,0.0011,"aoml_navis",1029.33090254324
"7901009",114,0,1,0.031773,1,0.009345,1,109.426353376129,1,4.85746570352481,504,1,9.97500038146973,35.1520004272461,0.0317730009555817,0.0164863225072622,105.518501281738,-86.5718,27.0931,11.9206662278526,63,63,63,63,61,63,0,7818,1.13366707078925,27,-87,0.001869,51,2026-06-22 08:41:50.000917,504,1.037,0.0011,"aoml_navis",1029.34334592867
"7901009",114,0,1,0.031773,1,0.009345,1,109.521969259331,1,4.85740732699919,506,1,9.92599964141846,35.1450004577637,0.0317730009555817,0.0164863225072622,105.610702514648,-86.5718,27.0931,11.9206662278526,63,63,63,63,61,63,0,7818,1.13366707078925,27,-87,0.001869,51,2026-06-22 08:41:50.000917,506,1.037,0.0011,"aoml_navis",1029.35571662031
"7901009",114,0,1,0.029904,1,0.007476,1,109.681149727194,1,4.85733943611646,508,1,9.86999988555908,35.1389999389648,0.0299040004611015,0.0148376896977425,105.764198303223,-86.5718,27.0931,11.9206662278526,63,63,63,63,61,63,0,7818,1.13366707078925,27,-87,0.001869,51,2026-06-22 08:41:50.000917,508,1.037,0.0011,"aoml_navis",1029.37010389325
"7901009",114,0,1,0.028035,1,0.005607,1,109.703137028759,1,4.85728723318436,510,1,9.84099960327148,35.1349983215332,0.0280349999666214,0.0131890568882227,105.785400390625,-86.5718,27.0931,11.9206662278526,63,63,63,63,61,63,0,7818,1.13366707078925,27,-87,0.001869,51,2026-06-22 08:41:50.000917,510,1.037,0.0011,"aoml_navis",1029.38116688687
"7901009",114,0,1,0.028035,1,0.005607,1,109.760902156046,1,4.85723872984582,512,1,9.82499980926514,35.132999420166,0.0280349999666214,0.0131890568882227,105.841102600098,-86.5718,27.0931,11.9206662278526,63,63,63,63,61,63,0,7818,1.13366707078925,27,-87,0.001869,51,2026-06-22 08:41:50.000917,512,1.037,0.0011,"aoml_navis",1029.39144606522
"7901009",114,0,1,0.028035,1,0.005607,1,109.831002009183,1,4.85719079738981,514,1,9.80099964141846,35.1290016174316,0.0280349999666214,0.0131890568882227,105.908699035645,-86.5718,27.0931,11.9206662278526,63,63,63,63,61,63,0,7818,1.13366707078925,27,-87,0.001869,51,2026-06-22 08:41:50.000917,514,1.037,0.0011,"aoml_navis",1029.40160445971
"7901009",114,0,1,0.024297,1,0.001869,1,109.925272861342,1,4.85713782703792,516,1,9.77099990844727,35.125,0.0242970008403063,0.00989179313182831,105.999603271484,-86.5718,27.0931,11.9206662278526,63,63,63,63,61,63,0,7818,1.13366707078925,27,-87,0.001869,51,2026-06-22 08:41:50.000917,516,1.037,0.0011,"aoml_navis",1029.41283077594
"7901009",114,0,1,0.029904,1,0.007476,1,110.082586109641,1,4.85708518553392,518,1,9.73700046539307,35.1199989318848,0.0299040004611015,0.0148376896977425,106.151298522949,-86.5718,27.0931,11.9206662278526,63,63,63,63,61,63,0,7818,1.13366707078925,27,-87,0.001869,51,2026-06-22 08:41:50.000917,518,1.037,0.0011,"aoml_navis",1029.4239876401
"7901009",114,0,1,0.033642,1,0.011214,1,110.246228915785,1,4.85702025819857,520,1,9.68400001525879,35.1139984130859,0.0336420014500618,0.0181349534541368,106.309097290039,-86.5718,27.0931,11.9206662278526,63,63,63,63,61,63,0,7818,1.13366707078925,27,-87,0.001869,51,2026-06-22 08:41:50.000917,520,1.037,0.0011,"aoml_navis",1029.43774870201
"7901009",114,0,1,0.026166,1,0.003738,1,110.318203900434,1,4.85696153423848,522,1,9.64700031280518,35.1100006103516,0.0261659994721413,0.0115404240787029,106.37850189209,-86.5718,27.0931,11.9206662278526,63,63,63,63,61,63,0,7818,1.13366707078925,27,-87,0.001869,51,2026-06-22 08:41:50.000917,522,1.037,0.0011,"aoml_navis",1029.4501953028
"7901009",114,0,1,0.026166,1,0.003738,1,110.296738787391,1,4.85691619311367,524,1,9.63899993896484,35.109001159668,0.0261659994721413,0.0115404240787029,106.357803344727,-86.5718,27.0931,11.9206662278526,63,63,63,63,61,63,0,7818,1.13366707078925,27,-87,0.001869,51,2026-06-22 08:41:50.000917,524,1.037,0.0011,"aoml_navis",1029.45980560447
"7901009",114,0,1,0.028035,1,0.005607,1,110.329090739929,1,4.85686950179153,526,1,9.625,35.1069984436035,0.0280349999666214,0.0131890568882227,106.388999938965,-86.5718,27.0931,11.9206662278526,63,63,63,63,61,63,0,7818,1.13366707078925,27,-87,0.001869,51,2026-06-22 08:41:50.000917,526,1.037,0.0011,"aoml_navis",1029.46970227544
"7901009",114,0,1,0.029904,1,0.007476,1,110.376894725556,1,4.85682227962474,528,1,9.60599994659424,35.1040000915527,0.0299040004611015,0.0148376896977425,106.435096740723,-86.5718,27.0931,11.9206662278526,63,63,63,63,61,63,0,7818,1.13366707078925,27,-87,0.001869,51,2026-06-22 08:41:50.000917,528,1.037,0.0011,"aoml_navis",1029.47971165754
"7901009",114,0,1,0.028035,1,0.005607,1,110.377622624708,1,4.85677590916107,530,1,9.58800029754639,35.101001739502,0.0280349999666214,0.0131890568882227,106.43579864502,-86.5718,27.0931,11.9206662278526,63,63,63,63,61,63,0,7818,1.13366707078925,27,-87,0.001869,51,2026-06-22 08:41:50.000917,530,1.037,0.0011,"aoml_navis",1029.48954069896
"7901009",114,0,1,0.026166,1,0.003738,1,110.326187055267,1,4.85672035697667,532,1,9.55900001525879,35.0979995727539,0.0261659994721413,0.0115404240787029,106.386199951172,-86.5718,27.0931,11.9206662278526,63,63,63,63,61,63,0,7818,1.13366707078925,27,-87,0.001869,51,2026-06-22 08:41:50.000917,532,1.037,0.0011,"aoml_navis",1029.50131621589
"7901009",114,0,1,0.035511,1,0.013083,1,110.310529311547,1,4.85665798206339,534,1,9.51299953460693,35.0929985046387,0.0355109982192516,0.0197835862636566,106.371101379395,-86.5718,27.0931,11.9206662278526,63,63,63,63,61,63,0,7818,1.13366707078925,27,-87,0.001869,51,2026-06-22 08:41:50.000917,534,1.037,0.0011,"aoml_navis",1029.5145382825
"7901009",114,0,1,0.029904,1,0.007476,1,110.206724562883,1,4.85659784238445,536,1,9.47399997711182,35.0890007019043,0.0299040004611015,0.0148376896977425,106.271003723145,-86.5718,27.0931,11.9206662278526,63,63,63,63,61,63,0,7818,1.13366707078925,27,-87,0.001869,51,2026-06-22 08:41:50.000917,536,1.037,0.0011,"aoml_navis",1029.52728685172
"7901009",114,0,1,0.029904,1,0.007476,1,110.060495952761,1,4.85655074364526,538,1,9.45499992370605,35.0859985351562,0.0299040004611015,0.0148376896977425,106.129997253418,-86.5718,27.0931,11.9206662278526,63,63,63,63,61,63,0,7818,1.13366707078925,27,-87,0.001869,51,2026-06-22 08:41:50.000917,538,1.037,0.0011,"aoml_navis",1029.53727118829
"7901009",114,0,1,0.028035,1,0.005607,1,109.857135171137,1,4.85649283917991,540,1,9.42300033569336,35.0830001831055,0.0280349999666214,0.0131890568882227,105.933898925781,-86.5718,27.0931,11.9206662278526,63,63,63,63,61,63,0,7818,1.13366707078925,27,-87,0.001869,51,2026-06-22 08:41:50.000917,540,1.037,0.0011,"aoml_navis",1029.54954646743
"7901009",114,0,1,0.026166,1,0.003738,1,109.802170873197,1,4.85643285491648,542,1,9.38399982452393,35.0789985656738,0.0261659994721413,0.0115404240787029,105.880897521973,-86.5718,27.0931,11.9206662278526,63,63,63,63,61,63,0,7818,1.13366707078925,27,-87,0.001869,51,2026-06-22 08:41:50.000917,542,1.037,0.0011,"aoml_navis",1029.56226295565
"7901009",114,0,1,0.031773,1,0.009345,1,109.893743751325,1,4.85638829308392,544,1,9.36800003051758,35.076000213623,0.0317730009555817,0.0164863225072622,105.969200134277,-86.5718,27.0931,11.9206662278526,63,63,63,63,61,63,0,7818,1.13366707078925,27,-87,0.001869,51,2026-06-22 08:41:50.000917,544,1.037,0.0011,"aoml_navis",1029.57171013706
"7901009",114,0,1,0.028035,1,0.005607,1,110.011552646722,1,4.85632132226519,546,1,9.31599998474121,35.0709991455078,0.0280349999666214,0.0131890568882227,106.082801818848,-86.5718,27.0931,11.9206662278526,63,63,63,63,61,63,0,7818,1.13366707078925,27,-87,0.001869,51,2026-06-22 08:41:50.000917,546,1.037,0.0011,"aoml_navis",1029.58590838627
"7901009",114,0,1,0.026166,1,0.003738,1,110.045668963508,1,4.85627395457522,548,1,9.30099964141846,35.0690002441406,0.0261659994721413,0.0115404240787029,106.115699768066,-86.5718,27.0931,11.9206662278526,63,63,63,63,61,63,0,7818,1.13366707078925,27,-87,0.001869,51,2026-06-22 08:41:50.000917,548,1.037,0.0011,"aoml_navis",1029.5959508811
"7901009",114,0,1,0.031773,1,0.009345,1,110.115151684755,1,4.85622366793657,550,1,9.27799987792969,35.0660018920898,0.0317730009555817,0.0164863225072622,106.18270111084,-86.5718,27.0931,11.9206662278526,63,63,63,63,61,63,0,7818,1.13366707078925,27,-87,0.001869,51,2026-06-22 08:41:50.000917,550,1.037,0.0011,"aoml_navis",1029.606612441
"7901009",114,0,1,0.028035,1,0.005607,1,110.166895820141,1,4.85617012100964,552,1,9.25100040435791,35.0629997253418,0.0280349999666214,0.0131890568882227,106.232597351074,-86.5718,27.0931,11.9206662278526,63,63,63,63,61,63,0,7818,1.13366707078925,27,-87,0.001869,51,2026-06-22 08:41:50.000917,552,1.037,0.0011,"aoml_navis",1029.61796547615
"7901009",114,0,1,0.029904,1,0.007476,1,110.235547786921,1,4.85610422097611,554,1,9.19999980926514,35.0579986572266,0.0299040004611015,0.0148376896977425,106.298797607422,-86.5718,27.0931,11.9206662278526,63,63,63,63,61,63,0,7818,1.13366707078925,27,-87,0.001869,51,2026-06-22 08:41:50.000917,554,1.037,0.0011,"aoml_navis",1029.63193796425
"7901009",114,0,1,0.026166,1,0.003738,1,110.227050355514,1,4.85605277626167,556,1,9.17099952697754,35.0540008544922,0.0261659994721413,0.0115404240787029,106.290603637695,-86.5718,27.0931,11.9206662278526,63,63,63,63,61,63,0,7818,1.13366707078925,27,-87,0.001869,51,2026-06-22 08:41:50.000917,556,1.037,0.0011,"aoml_navis",1029.64284581955
"7901009",114,0,1,0.028035,1,0.005607,1,110.095237313385,1,4.85600386425899,558,1,9.1540002822876,35.0519981384277,0.0280349999666214,0.0131890568882227,106.163497924805,-86.5718,27.0931,11.9206662278526,63,63,63,63,61,63,0,7818,1.13366707078925,27,-87,0.001869,51,2026-06-22 08:41:50.000917,558,1.037,0.0011,"aoml_navis",1029.65321687671
"7901009",114,0,1,0.029904,1,0.007476,1,110.042559568217,1,4.85594839908373,560,1,9.12899971008301,35.0499992370605,0.0299040004611015,0.0148376896977425,106.112701416016,-86.5718,27.0931,11.9206662278526,63,63,63,63,61,63,0,7818,1.13366707078925,27,-87,0.001869,51,2026-06-22 08:41:50.000917,560,1.037,0.0011,"aoml_navis",1029.66497768869
"7901009",114,0,1,0.029904,1,0.007476,1,110.116188149853,1,4.85588560022082,562,1,9.08600044250488,35.0460014343262,0.0299040004611015,0.0148376896977425,106.183700561523,-86.5718,27.0931,11.9206662278526,63,63,63,63,61,63,0,7818,1.13366707078925,27,-87,0.001869,51,2026-06-22 08:41:50.000917,562,1.037,0.0011,"aoml_navis",1029.67829385697
"7901009",114,0,1,0.028035,1,0.005607,1,110.136308231854,1,4.85583633570518,564,1,9.06400012969971,35.0429992675781,0.0280349999666214,0.0131890568882227,106.203102111816,-86.5718,27.0931,11.9206662278526,63,63,63,63,61,63,0,7818,1.13366707078925,27,-87,0.001869,51,2026-06-22 08:41:50.000917,564,1.037,0.0011,"aoml_navis",1029.68874037924
"7901009",114,0,1,0.029904,1,0.007476,1,110.179547023885,1,4.8557878906197,566,1,9.04300022125244,35.0400009155273,0.0299040004611015,0.0148376896977425,106.24479675293,-86.5718,27.0931,11.9206662278526,63,63,63,63,61,63,0,7818,1.13366707078925,27,-87,0.001869,51,2026-06-22 08:41:50.000917,566,1.037,0.0011,"aoml_navis",1029.69901334836
"7901009",114,0,1,0.028035,1,0.005607,1,110.235967120129,1,4.85573378028687,568,1,9.01500034332275,35.0369987487793,0.0280349999666214,0.0131890568882227,106.299201965332,-86.5718,27.0931,11.9206662278526,63,63,63,63,61,63,0,7818,1.13366707078925,27,-87,0.001869,51,2026-06-22 08:41:50.000917,568,1.037,0.0011,"aoml_navis",1029.71048789759
"7901009",114,0,1,0.029904,1,0.007476,1,110.3165423915,1,4.85567562559708,570,1,8.98200035095215,35.0340003967285,0.0299040004611015,0.0148376896977425,106.376899719238,-86.5718,27.0931,11.9206662278526,63,63,63,63,61,63,0,7818,1.13366707078925,27,-87,0.001869,51,2026-06-22 08:41:50.000917,570,1.037,0.0011,"aoml_navis",1029.72282037171
"7901009",114,0,1,0.028035,1,0.005607,1,110.360928415891,1,4.85562888325262,572,1,8.96300029754639,35.0309982299805,0.0280349999666214,0.0131890568882227,106.419700622559,-86.5718,27.0931,11.9206662278526,63,63,63,63,61,63,0,7818,1.13366707078925,27,-87,0.001869,51,2026-06-22 08:41:50.000917,572,1.037,0.0011,"aoml_navis",1029.73273292062
"7901009",114,0,1,0.029904,1,0.007476,1,110.465983252229,1,4.85557441426218,574,1,8.93900012969971,35.0289993286133,0.0299040004611015,0.0148376896977425,106.521003723145,-86.5718,27.0931,11.9206662278526,63,63,63,63,61,63,0,7818,1.13366707078925,27,-87,0.001869,51,2026-06-22 08:41:50.000917,574,1.037,0.0011,"aoml_navis",1029.74428428356
"7901009",114,0,1,0.026166,1,0.003738,1,110.644144481681,1,4.85552084093304,576,1,8.9069995880127,35.0250015258789,0.0261659994721413,0.0115404240787029,106.692802429199,-86.5718,27.0931,11.9206662278526,63,63,63,63,61,63,0,7818,1.13366707078925,27,-87,0.001869,51,2026-06-22 08:41:50.000917,576,1.037,0.0011,"aoml_navis",1029.75564595439
"7901009",114,0,1,0.029904,1,0.007476,1,110.835787669344,1,4.85545727562242,578,1,8.85799980163574,35.0200004577637,0.0299040004611015,0.0148376896977425,106.877601623535,-86.5718,27.0931,11.9206662278526,63,63,63,63,61,63,0,7818,1.13366707078925,27,-87,0.001869,51,2026-06-22 08:41:50.000917,578,1.037,0.0011,"aoml_navis",1029.76912701988
"7901009",114,0,1,0.03738,1,0.014952,1,110.888781892404,1,4.85540301835934,580,1,8.82499980926514,35.015998840332,0.0373799987137318,0.0214322190731764,106.928703308105,-86.5718,27.0931,11.9206662278526,63,63,63,63,61,63,0,7818,1.13366707078925,27,-87,0.001869,51,2026-06-22 08:41:50.000917,580,1.037,0.0011,"aoml_navis",1029.78063429419
"7901009",114,0,1,0.026166,1,0.003738,1,110.970805050133,1,4.85535350712284,582,1,8.80700016021729,35.0139999389648,0.0261659994721413,0.0115404240787029,107.007797241211,-86.5718,27.0931,11.9206662278526,63,63,63,63,61,63,0,7818,1.13366707078925,27,-87,0.001869,51,2026-06-22 08:41:50.000917,582,1.037,0.0011,"aoml_navis",1029.79113522115
"7901009",114,0,1,0.031773,1,0.009345,1,110.998599721021,1,4.85530596141524,584,1,8.79599952697754,35.0130004882812,0.0317730009555817,0.0164863225072622,107.034599304199,-86.5718,27.0931,11.9206662278526,63,63,63,63,61,63,0,7818,1.13366707078925,27,-87,0.001869,51,2026-06-22 08:41:50.000917,584,1.037,0.0011,"aoml_navis",1029.80121947713
"7901009",114,0,1,0.029904,1,0.007476,1,111.102515236947,1,4.85524857267971,586,1,8.75899982452393,35.0089988708496,0.0299040004611015,0.0148376896977425,107.134803771973,-86.5718,27.0931,11.9206662278526,63,63,63,63,61,63,0,7818,1.13366707078925,27,-87,0.001869,51,2026-06-22 08:41:50.000917,586,1.037,0.0011,"aoml_navis",1029.81339166336
"7901009",114,0,1,0.026166,1,0.003738,1,111.202585546482,1,4.85519202727398,588,1,8.72299957275391,35.0050010681152,0.0261659994721413,0.0115404240787029,107.231300354004,-86.5718,27.0931,11.9206662278526,63,63,63,63,61,63,0,7818,1.13366707078925,27,-87,0.001869,51,2026-06-22 08:41:50.000917,588,1.037,0.0011,"aoml_navis",1029.82538526027
"7901009",114,0,1,0.026166,1,0.003738,1,111.320188731249,1,4.85513507341444,590,1,8.69099998474121,35.0019989013672,0.0261659994721413,0.0115404240787029,107.344703674316,-86.5718,27.0931,11.9206662278526,63,63,63,63,61,63,0,7818,1.13366707078925,27,-87,0.001869,51,2026-06-22 08:41:50.000917,590,1.037,0.0011,"aoml_navis",1029.83746577491
"7901009",114,0,1,0.024297,1,0.001869,1,111.356275122915,1,4.85508485351929,592,1,8.67199993133545,35,0.0242970008403063,0.00989179313182831,107.379501342773,-86.5718,27.0931,11.9206662278526,63,63,63,63,61,63,0,7818,1.13366707078925,27,-87,0.001869,51,2026-06-22 08:41:50.000917,592,1.037,0.0011,"aoml_navis",1029.84811817978
"7901009",114,0,1,0.029904,1,0.007476,1,111.480405664209,1,4.85502157098188,594,1,8.63199996948242,34.9970016479492,0.0299040004611015,0.0148376896977425,107.499198913574,-86.5718,27.0931,11.9206662278526,63,63,63,63,61,63,0,7818,1.13366707078925,27,-87,0.001869,51,2026-06-22 08:41:50.000917,594,1.037,0.0011,"aoml_navis",1029.8615416839
"7901009",114,0,1,0.029904,1,0.007476,1,111.525725298382,1,4.85496981506257,596,1,8.61100006103516,34.9949989318848,0.0299040004611015,0.0148376896977425,107.542900085449,-86.5718,27.0931,11.9206662278526,63,63,63,63,61,63,0,7818,1.13366707078925,27,-87,0.001869,51,2026-06-22 08:41:50.000917,596,1.037,0.0011,"aoml_navis",1029.87252041969
"7901009",114,0,1,0.031773,1,0.009345,1,111.529040404304,1,4.85492791656288,598,1,8.60700035095215,34.9939994812012,0.0317730009555817,0.0164863225072622,107.546096801758,-86.5718,27.0931,11.9206662278526,63,63,63,63,61,63,0,7818,1.13366707078925,27,-87,0.001869,51,2026-06-22 08:41:50.000917,598,1.037,0.0011,"aoml_navis",1029.88140831962
"7901009",114,0,1,0.033642,1,0.011214,1,111.57155920913,1,4.85487855123192,600,1,8.58899974822998,34.992000579834,0.0336420014500618,0.0181349534541368,107.587097167969,-86.5718,27.0931,11.9206662278526,63,63,63,63,61,63,0,7818,1.13366707078925,27,-87,0.001869,51,2026-06-22 08:41:50.000917,600,1.037,0.0011,"aoml_navis",1029.89188035018
"7901009",114,0,1,0.029904,1,0.007476,1,111.636271026151,1,4.85482601963616,602,1,8.56700038909912,34.9900016784668,0.0299040004611015,0.0148376896977425,107.64949798584,-86.5718,27.0931,11.9206662278526,63,63,63,63,61,63,0,7818,1.13366707078925,27,-87,0.001869,51,2026-06-22 08:41:50.000917,602,1.037,0.0011,"aoml_navis",1029.90302428484
"7901009",114,0,1,0.028035,1,0.005607,1,111.816513097745,1,4.85475441717093,604,1,8.50699996948242,34.9850006103516,0.0280349999666214,0.0131890568882227,107.823303222656,-86.5718,27.0931,11.9206662278526,63,63,63,63,61,63,0,7818,1.13366707078925,27,-87,0.001869,51,2026-06-22 08:41:50.000917,604,1.037,0.0011,"aoml_navis",1029.91821425927
"7901009",114,0,1,0.031773,1,0.009345,1,111.93400551525,1,4.85469879219633,606,1,8.48099994659424,34.9830017089844,0.0317730009555817,0.0164863225072622,107.936599731445,-86.5718,27.0931,11.9206662278526,63,63,63,63,61,63,0,7818,1.13366707078925,27,-87,0.001869,51,2026-06-22 08:41:50.000917,606,1.037,0.0011,"aoml_navis",1029.93001502734
"7901009",114,0,1,0.029904,1,0.007476,1,111.958374312954,1,4.85465031722927,608,1,8.46399974822998,34.9809989929199,0.0299040004611015,0.0148376896977425,107.960098266602,-86.5718,27.0931,11.9206662278526,63,63,63,63,61,63,0,7818,1.13366707078925,27,-87,0.001869,51,2026-06-22 08:41:50.000917,608,1.037,0.0011,"aoml_navis",1029.94029915088
"7901009",114,0,1,0.024297,1,0.001869,1,112.075771787091,1,4.85459789232851,610,1,8.44200038909912,34.9790000915527,0.0242970008403063,0.00989179313182831,108.073303222656,-86.5718,27.0931,11.9206662278526,63,63,63,63,61,63,0,7818,1.13366707078925,27,-87,0.001869,51,2026-06-22 08:41:50.000917,610,1.037,0.0011,"aoml_navis",1029.95142149698
"7901009",114,0,1,0.033642,1,0.011214,1,112.276434594683,1,4.85454758450066,612,1,8.41800022125244,34.976001739502,0.0336420014500618,0.0181349534541368,108.266799926758,-86.5718,27.0931,11.9206662278526,63,63,63,63,61,63,0,7818,1.13366707078925,27,-87,0.001869,51,2026-06-22 08:41:50.000917,612,1.037,0.0011,"aoml_navis",1029.96209491565
"7901009",114,0,1,0.028035,1,0.005607,1,112.699336090173,1,4.85446825390119,614,1,8.3430004119873,34.9700012207031,0.0280349999666214,0.0131890568882227,108.674598693848,-86.5718,27.0931,11.9206662278526,63,63,63,63,61,63,0,7818,1.13366707078925,27,-87,0.001869,51,2026-06-22 08:41:50.000917,614,1.037,0.0011,"aoml_navis",1029.97892631842
"7901009",114,0,1,0.033642,1,0.011214,1,113.005884488571,1,4.85441052653362,616,1,8.30000019073486,34.9650001525879,0.0336420014500618,0.0181349534541368,108.970199584961,-86.5718,27.0931,11.9206662278526,63,63,63,63,61,63,0,7818,1.13366707078925,27,-87,0.001869,51,2026-06-22 08:41:50.000917,616,1.037,0.0011,"aoml_navis",1029.99117455572
"7901009",114,0,1,0.028035,1,0.005607,1,113.281837386734,1,4.85434841975077,618,1,8.25599956512451,34.9609985351562,0.0280349999666214,0.0131890568882227,109.236297607422,-86.5718,27.0931,11.9206662278526,63,63,63,63,61,63,0,7818,1.13366707078925,27,-87,0.001869,51,2026-06-22 08:41:50.000917,618,1.037,0.0011,"aoml_navis",1030.00435231567
"7901009",114,0,1,0.028035,1,0.005607,1,113.444863060989,1,4.85429205524387,620,1,8.22399997711182,34.9580001831055,0.0280349999666214,0.0131890568882227,109.393501281738,-86.5718,27.0931,11.9206662278526,63,63,63,63,61,63,0,7818,1.13366707078925,27,-87,0.001869,51,2026-06-22 08:41:50.000917,620,1.037,0.0011,"aoml_navis",1030.01631197668
"7901009",114,0,1,0.029904,1,0.007476,1,113.493703511713,1,4.854246847715,622,1,8.21100044250488,34.9560012817383,0.0299040004611015,0.0148376896977425,109.44059753418,-86.5718,27.0931,11.9206662278526,63,63,63,63,61,63,0,7818,1.13366707078925,27,-87,0.001869,51,2026-06-22 08:41:50.000917,622,1.037,0.0011,"aoml_navis",1030.02590450331
"7901009",114,0,1,0.031773,1,0.009345,1,113.618459096845,1,4.85419387604331,624,1,8.1879997253418,34.9539985656738,0.0317730009555817,0.0164863225072622,109.560897827148,-86.5718,27.0931,11.9206662278526,63,63,63,63,61,63,0,7818,1.13366707078925,27,-87,0.001869,51,2026-06-22 08:41:50.000917,624,1.037,0.0011,"aoml_navis",1030.03714472063
"7901009",114,0,1,0.028035,1,0.005607,1,113.781896192359,1,4.85413216121664,626,1,8.14900016784668,34.951000213623,0.0280349999666214,0.0131890568882227,109.71849822998,-86.5718,27.0931,11.9206662278526,63,63,63,63,61,63,0,7818,1.13366707078925,27,-87,0.001869,51,2026-06-22 08:41:50.000917,626,1.037,0.0011,"aoml_navis",1030.05024048352
"7901009",114,0,1,0.029904,1,0.007476,1,113.897940723506,1,4.85407613022001,628,1,8.12199974060059,34.9490013122559,0.0299040004611015,0.0148376896977425,109.83039855957,-86.5718,27.0931,11.9206662278526,63,63,63,63,61,63,0,7818,1.13366707078925,27,-87,0.001869,51,2026-06-22 08:41:50.000917,628,1.037,0.0011,"aoml_navis",1030.06213043745
"7901009",114,0,1,0.029904,1,0.007476,1,114.026533603082,1,4.85402806662599,630,1,8.10999965667725,34.9480018615723,0.0299040004611015,0.0148376896977425,109.954399108887,-86.5718,27.0931,11.9206662278526,63,63,63,63,61,63,0,7818,1.13366707078925,27,-87,0.001869,51,2026-06-22 08:41:50.000917,630,1.037,0.0011,"aoml_navis",1030.07232990218
"7901009",114,0,1,0.033642,1,0.011214,1,114.184471895218,1,4.85397422127693,632,1,8.08100032806396,34.9449996948242,0.0336420014500618,0.0181349534541368,110.10669708252,-86.5718,27.0931,11.9206662278526,63,63,63,63,61,63,0,7818,1.13366707078925,27,-87,0.001869,51,2026-06-22 08:41:50.000917,632,1.037,0.0011,"aoml_navis",1030.08375653974
"7901009",114,0,1,0.031773,1,0.009345,1,114.345005306071,1,4.85391285557014,634,1,8.04699993133545,34.943000793457,0.0317730009555817,0.0164863225072622,110.261497497559,-86.5718,27.0931,11.9206662278526,63,63,63,63,61,63,0,7818,1.13366707078925,27,-87,0.001869,51,2026-06-22 08:41:50.000917,634,1.037,0.0011,"aoml_navis",1030.09677939772
"7901009",114,0,1,0.028035,1,0.005607,1,114.476399014993,1,4.85385384905322,636,1,8.01599979400635,34.9410018920898,0.0280349999666214,0.0131890568882227,110.388198852539,-86.5718,27.0931,11.9206662278526,63,63,63,63,61,63,0,7818,1.13366707078925,27,-87,0.001869,51,2026-06-22 08:41:50.000917,636,1.037,0.0011,"aoml_navis",1030.1093019056
"7901009",114,0,1,0.031773,1,0.009345,1,114.593685721868,1,4.8538043034708,638,1,8.0019998550415,34.939998626709,0.0317730009555817,0.0164863225072622,110.50129699707,-86.5718,27.0931,11.9206662278526,63,63,63,63,61,63,0,7818,1.13366707078925,27,-87,0.001869,51,2026-06-22 08:41:50.000917,638,1.037,0.0011,"aoml_navis",1030.11981682588
"7901009",114,0,1,0.026166,1,0.003738,1,114.815615843821,1,4.85375056786803,640,1,7.97300004959106,34.9370002746582,0.0261659994721413,0.0115404240787029,110.715301513672,-86.5718,27.0931,11.9206662278526,63,63,63,63,61,63,0,7818,1.13366707078925,27,-87,0.001869,51,2026-06-22 08:41:50.000917,640,1.037,0.0011,"aoml_navis",1030.13122122512
"7901009",114,0,1,0.033642,1,0.011214,1,114.97054759598,1,4.85370009859212,642,1,7.95300006866455,34.935001373291,0.0336420014500618,0.0181349534541368,110.864700317383,-86.5718,27.0931,11.9206662278526,63,63,63,63,61,63,0,7818,1.13366707078925,27,-87,0.001869,51,2026-06-22 08:41:50.000917,642,1.037,0.0011,"aoml_navis",1030.14193263616
"7901009",114,0,1,0.028035,1,0.005607,1,115.344608640746,1,4.85363033833553,644,1,7.90299987792969,34.931999206543,0.0280349999666214,0.0131890568882227,111.225402832031,-86.5718,27.0931,11.9206662278526,63,63,63,63,61,63,0,7818,1.13366707078925,27,-87,0.001869,51,2026-06-22 08:41:50.000917,644,1.037,0.0011,"aoml_navis",1030.1567386598
"7901009",114,0,1,0.026166,1,0.003738,1,115.70134252091,1,4.85357748342313,646,1,7.875,34.9290008544922,0.0261659994721413,0.0115404240787029,111.569396972656,-86.5718,27.0931,11.9206662278526,63,63,63,63,61,63,0,7818,1.13366707078925,27,-87,0.001869,51,2026-06-22 08:41:50.000917,646,1.037,0.0011,"aoml_navis",1030.16795695072
"7901009",114,0,1,0.031773,1,0.009345,1,116.170813738248,1,4.85350318509188,648,1,7.81400012969971,34.9249992370605,0.0317730009555817,0.0164863225072622,112.022102355957,-86.5718,27.0931,11.9206662278526,63,63,63,63,61,63,0,7818,1.13366707078925,27,-87,0.001869,51,2026-06-22 08:41:50.000917,648,1.037,0.0011,"aoml_navis",1030.18372695378
"7901009",114,0,1,0.029904,1,0.007476,1,116.480368676622,1,4.85343663025352,650,1,7.76300001144409,34.9210014343262,0.0299040004611015,0.0148376896977425,112.320602416992,-86.5718,27.0931,11.9206662278526,63,63,63,63,61,63,0,7818,1.13366707078925,27,-87,0.001869,51,2026-06-22 08:41:50.000917,650,1.037,0.0011,"aoml_navis",1030.19785379145
"7901009",114,0,1,0.031773,1,0.009345,1,116.666307350277,1,4.85338027109391,652,1,7.7350001335144,34.9189987182617,0.0317730009555817,0.0164863225072622,112.499900817871,-86.5718,27.0931,11.9206662278526,63,63,63,63,61,63,0,7818,1.13366707078925,27,-87,0.001869,51,2026-06-22 08:41:50.000917,652,1.037,0.0011,"aoml_navis",1030.20981681146
"7901009",114,0,1,0.029904,1,0.007476,1,116.802883384685,1,4.85332695765574,654,1,7.71099996566772,34.9169998168945,0.0299040004611015,0.0148376896977425,112.63159942627,-86.5718,27.0931,11.9206662278526,63,63,63,63,61,63,0,7818,1.13366707078925,27,-87,0.001869,51,2026-06-22 08:41:50.000917,654,1.037,0.0011,"aoml_navis",1030.22113359021
"7901009",114,0,1,0.031773,1,0.009345,1,116.994945905555,1,4.85327149910877,656,1,7.68900012969971,34.9160003662109,0.0317730009555817,0.0164863225072622,112.816802978516,-86.5718,27.0931,11.9206662278526,63,63,63,63,61,63,0,7818,1.13366707078925,27,-87,0.001869,51,2026-06-22 08:41:50.000917,656,1.037,0.0011,"aoml_navis",1030.23290597243
"7901009",114,0,1,0.031773,1,0.009345,1,117.2192496117,1,4.85321596215593,658,1,7.66200017929077,34.9140014648438,0.0317730009555817,0.0164863225072622,113.033096313477,-86.5718,27.0931,11.9206662278526,63,63,63,63,61,63,0,7818,1.13366707078925,27,-87,0.001869,51,2026-06-22 08:41:50.000917,658,1.037,0.0011,"aoml_navis",1030.24469526777
"7901009",114,0,1,0.033642,1,0.011214,1,117.374703552382,1,4.85317036943893,660,1,7.65299987792969,34.9129981994629,0.0336420014500618,0.0181349534541368,113.182998657227,-86.5718,27.0931,11.9206662278526,63,63,63,63,61,63,0,7818,1.13366707078925,27,-87,0.001869,51,2026-06-22 08:41:50.000917,660,1.037,0.0011,"aoml_navis",1030.25437381833
"7901009",114,0,1,0.033642,1,0.011214,1,117.671812997643,1,4.85311797552289,662,1,7.63500022888184,34.9119987487793,0.0336420014500618,0.0181349534541368,113.469497680664,-86.5718,27.0931,11.9206662278526,63,63,63,63,61,63,0,7818,1.13366707078925,27,-87,0.001869,51,2026-06-22 08:41:50.000917,662,1.037,0.0011,"aoml_navis",1030.26549637118
"7901009",114,0,1,0.029904,1,0.007476,1,117.966232380819,1,4.85307002718967,664,1,7.61800003051758,34.9099998474121,0.0299040004611015,0.0148376896977425,113.753402709961,-86.5718,27.0931,11.9206662278526,63,63,63,63,61,63,0,7818,1.13366707078925,27,-87,0.001869,51,2026-06-22 08:41:50.000917,664,1.037,0.0011,"aoml_navis",1030.27567539457
"7901009",114,0,1,0.031773,1,0.009345,1,118.39400763585,1,4.85300634043174,666.099975585938,1,7.57800006866455,34.9070014953613,0.0317730009555817,0.0164863225072622,114.165901184082,-86.5718,27.0931,11.9206662278526,63,63,63,63,61,63,0,7818,1.13366707078925,27,-87,0.001869,51,2026-06-22 08:41:50.000917,666.099975585938,1.037,0.0011,"aoml_navis",1030.2891958627
"7901009",114,0,1,0.031773,1,0.009345,1,118.85019469366,1,4.85294555306898,668,1,7.54099988937378,34.9049987792969,0.0317730009555817,0.0164863225072622,114.605796813965,-86.5718,27.0931,11.9206662278526,63,63,63,63,61,63,0,7818,1.13366707078925,27,-87,0.001869,51,2026-06-22 08:41:50.000917,668,1.037,0.0011,"aoml_navis",1030.30210113073
"7901009",114,0,1,0.033642,1,0.011214,1,119.370373581286,1,4.85288412002008,670,1,7.50099992752075,34.9020004272461,0.0336420014500618,0.0181349534541368,115.107398986816,-86.5718,27.0931,11.9206662278526,63,63,63,63,61,63,0,7818,1.13366707078925,27,-87,0.001869,51,2026-06-22 08:41:50.000917,670,1.037,0.0011,"aoml_navis",1030.31514380758
"7901009",114,0,1,0.026166,1,0.003738,1,119.850415160225,1,4.85281605123655,672,1,7.4520001411438,34.898998260498,0.0261659994721413,0.0115404240787029,115.570297241211,-86.5718,27.0931,11.9206662278526,63,63,63,63,61,63,0,7818,1.13366707078925,27,-87,0.001869,51,2026-06-22 08:41:50.000917,672,1.037,0.0011,"aoml_navis",1030.32959568413
"7901009",114,0,1,0.033642,1,0.011214,1,120.277676138681,1,4.85276002341489,674,1,7.42399978637695,34.8969993591309,0.0336420014500618,0.0181349534541368,115.982299804688,-86.5718,27.0931,11.9206662278526,63,63,63,63,61,63,0,7818,1.13366707078925,27,-87,0.001869,51,2026-06-22 08:41:50.000917,674,1.037,0.0011,"aoml_navis",1030.3414914141
"7901009",114,0,1,0.028035,1,0.005607,1,120.712295228132,1,4.85270176071245,676,1,7.38800001144409,34.8940010070801,0.0280349999666214,0.0131890568882227,116.401397705078,-86.5718,27.0931,11.9206662278526,63,63,63,63,61,63,0,7818,1.13366707078925,27,-87,0.001869,51,2026-06-22 08:41:50.000917,676,1.037,0.0011,"aoml_navis",1030.35386194142
"7901009",114,0,1,0.031773,1,0.009345,1,121.143290645717,1,4.85263765860666,678,1,7.34899997711182,34.8919982910156,0.0317730009555817,0.0164863225072622,116.817001342773,-86.5718,27.0931,11.9206662278526,63,63,63,63,61,63,0,7818,1.13366707078925,27,-87,0.001869,51,2026-06-22 08:41:50.000917,678,1.037,0.0011,"aoml_navis",1030.36747265314
"7901009",114,0,1,0.03738,1,0.014952,1,121.384605038571,1,4.85257878634016,680,1,7.31699991226196,34.8899993896484,0.0373799987137318,0.0214322190731764,117.049697875977,-86.5718,27.0931,11.9206662278526,63,63,63,63,61,63,0,7818,1.13366707078925,27,-87,0.001869,51,2026-06-22 08:41:50.000917,680,1.037,0.0011,"aoml_navis",1030.37997323708
"7901009",114,0,1,0.031773,1,0.009345,1,121.65651493166,1,4.85252070685165,682,1,7.29099988937378,34.8889999389648,0.0317730009555817,0.0164863225072622,117.311897277832,-86.5718,27.0931,11.9206662278526,63,63,63,63,61,63,0,7818,1.13366707078925,27,-87,0.001869,51,2026-06-22 08:41:50.000917,682,1.037,0.0011,"aoml_navis",1030.39230578452
"7901009",114,0,1,0.031773,1,0.009345,1,121.920544525232,1,4.8524574888334,684,1,7.25799989700317,34.8880004882812,0.0317730009555817,0.0164863225072622,117.566497802734,-86.5718,27.0931,11.9206662278526,63,63,63,63,61,63,0,7818,1.13366707078925,27,-87,0.001869,51,2026-06-22 08:41:50.000917,684,1.037,0.0011,"aoml_navis",1030.40572977839
"7901009",114,0,1,0.029904,1,0.007476,1,122.143716822912,1,4.85240536267568,686,1,7.2350001335144,34.8860015869141,0.0299040004611015,0.0148376896977425,117.781700134277,-86.5718,27.0931,11.9206662278526,63,63,63,63,61,63,0,7818,1.13366707078925,27,-87,0.001869,51,2026-06-22 08:41:50.000917,686,1.037,0.0011,"aoml_navis",1030.4167987406
"7901009",114,0,1,0.028035,1,0.005607,1,122.363566102723,1,4.85235104203175,688,1,7.2189998626709,34.8860015869141,0.0280349999666214,0.0131890568882227,117.993698120117,-86.5718,27.0931,11.9206662278526,63,63,63,63,61,63,0,7818,1.13366707078925,27,-87,0.001869,51,2026-06-22 08:41:50.000917,688,1.037,0.0011,"aoml_navis",1030.42833395385
"7901009",114,0,1,0.028035,1,0.005607,1,122.573565008137,1,4.85230116337208,690,1,7.2039999961853,34.8849983215332,0.0280349999666214,0.0131890568882227,118.196197509766,-86.5718,27.0931,11.9206662278526,63,63,63,63,61,63,0,7818,1.13366707078925,27,-87,0.001869,51,2026-06-22 08:41:50.000917,690,1.037,0.0011,"aoml_navis",1030.43892612083
"7901009",114,0,1,0.028035,1,0.005607,1,122.945030934187,1,4.85224466563815,692,1,7.17999982833862,34.8839988708496,0.0280349999666214,0.0131890568882227,118.554397583008,-86.5718,27.0931,11.9206662278526,63,63,63,63,61,63,0,7818,1.13366707078925,27,-87,0.001869,51,2026-06-22 08:41:50.000917,692,1.037,0.0011,"aoml_navis",1030.45092416881
"7901009",114,0,1,0.033642,1,0.011214,1,123.223373240436,1,4.85218672315793,694,1,7.15399980545044,34.882999420166,0.0336420014500618,0.0181349534541368,118.822799682617,-86.5718,27.0931,11.9206662278526,63,63,63,63,61,63,0,7818,1.13366707078925,27,-87,0.001869,51,2026-06-22 08:41:50.000917,694,1.037,0.0011,"aoml_navis",1030.46322931815
"7901009",114,0,1,0.031773,1,0.009345,1,123.467907795844,1,4.85213899245283,695.900024414062,1,7.13899993896484,34.8819999694824,0.0317730009555817,0.0164863225072622,119.058601379395,-86.5718,27.0931,11.9206662278526,63,63,63,63,61,63,0,7818,1.13366707078925,27,-87,0.001869,51,2026-06-22 08:41:50.000917,695.900024414062,1.037,0.0011,"aoml_navis",1030.47336603035
"7901009",114,0,1,0.028035,1,0.005607,1,123.648869854643,1,4.85208628423749,698,1,7.1230001449585,34.8810005187988,0.0280349999666214,0.0131890568882227,119.233100891113,-86.5718,27.0931,11.9206662278526,63,63,63,63,61,63,0,7818,1.13366707078925,27,-87,0.001869,51,2026-06-22 08:41:50.000917,698,1.037,0.0011,"aoml_navis",1030.48456006296
"7901009",114,0,1,0.026166,1,0.003738,1,123.925653507273,1,4.85203129670368,700,1,7.10599994659424,34.8810005187988,0.0261659994721413,0.0115404240787029,119.5,-86.5718,27.0931,11.9206662278526,63,63,63,63,61,63,0,7818,1.13366707078925,27,-87,0.001869,51,2026-06-22 08:41:50.000917,700,1.037,0.0011,"aoml_navis",1030.49623843046
"7901009",114,0,1,0.029904,1,0.007476,1,124.252321987672,1,4.85196904415269,702,1,7.07399988174438,34.8800010681152,0.0299040004611015,0.0148376896977425,119.815002441406,-86.5718,27.0931,11.9206662278526,63,63,63,63,61,63,0,7818,1.13366707078925,27,-87,0.001869,51,2026-06-22 08:41:50.000917,702,1.037,0.0011,"aoml_navis",1030.50946007698
"7901009",114,0,1,0.033642,1,0.011214,1,124.525679767118,1,4.85191558240745,704,1,7.05399990081787,34.8790016174316,0.0336420014500618,0.0181349534541368,120.078598022461,-86.5718,27.0931,11.9206662278526,63,63,63,63,61,63,0,7818,1.13366707078925,27,-87,0.001869,51,2026-06-22 08:41:50.000917,704,1.037,0.0011,"aoml_navis",1030.52081493946
"7901009",114,0,1,0.031773,1,0.009345,1,124.797075383632,1,4.85186652214774,706,1,7.03999996185303,34.8779983520508,0.0317730009555817,0.0164863225072622,120.340301513672,-86.5718,27.0931,11.9206662278526,63,63,63,63,61,63,0,7818,1.13366707078925,27,-87,0.001869,51,2026-06-22 08:41:50.000917,706,1.037,0.0011,"aoml_navis",1030.53123518054
"7901009",114,0,1,0.031773,1,0.009345,1,125.101962273096,1,4.85180794573389,708,1,7.01800012588501,34.8779983520508,0.0317730009555817,0.0164863225072622,120.634300231934,-86.5718,27.0931,11.9206662278526,63,63,63,63,61,63,0,7818,1.13366707078925,27,-87,0.001869,51,2026-06-22 08:41:50.000917,708,1.037,0.0011,"aoml_navis",1030.5436768981
"7901009",114,0,1,0.029904,1,0.007476,1,125.405187653625,1,4.85175820903176,710,1,6.9980001449585,34.8759994506836,0.0299040004611015,0.0148376896977425,120.926696777344,-86.5718,27.0931,11.9206662278526,63,63,63,63,61,63,0,7818,1.13366707078925,27,-87,0.001869,51,2026-06-22 08:41:50.000917,710,1.037,0.0011,"aoml_navis",1030.55424128356
"7901009",114,0,1,0.031773,1,0.009345,1,125.729577493199,1,4.85170335070446,712,1,6.97599983215332,34.875,0.0317730009555817,0.0164863225072622,121.239501953125,-86.5718,27.0931,11.9206662278526,63,63,63,63,61,63,0,7818,1.13366707078925,27,-87,0.001869,51,2026-06-22 08:41:50.000917,712,1.037,0.0011,"aoml_navis",1030.56589378532
"7901009",114,0,1,0.031773,1,0.009345,1,126.015175055129,1,4.85164337661792,714,1,6.9520001411438,34.875,0.0317730009555817,0.0164863225072622,121.51490020752,-86.5718,27.0931,11.9206662278526,63,63,63,63,61,63,0,7818,1.13366707078925,27,-87,0.001869,51,2026-06-22 08:41:50.000917,714,1.037,0.0011,"aoml_navis",1030.57863323118
"7901009",114,0,1,0.028035,1,0.005607,1,126.23481862431,1,4.85159435350671,716,1,6.93800020217896,34.8740005493164,0.0280349999666214,0.0131890568882227,121.726699829102,-86.5718,27.0931,11.9206662278526,63,63,63,63,61,63,0,7818,1.13366707078925,27,-87,0.001869,51,2026-06-22 08:41:50.000917,716,1.037,0.0011,"aoml_navis",1030.58904675038
"7901009",114,0,1,0.028035,1,0.005607,1,126.423763837941,1,4.85154678586627,718,1,6.92600011825562,34.8730010986328,0.0280349999666214,0.0131890568882227,121.908897399902,-86.5718,27.0931,11.9206662278526,63,63,63,63,61,63,0,7818,1.13366707078925,27,-87,0.001869,51,2026-06-22 08:41:50.000917,718,1.037,0.0011,"aoml_navis",1030.59915129876
"7901009",114,0,1,0.028035,1,0.005607,1,126.695570875716,1,4.85148974949521,720,1,6.9060001373291,34.8730010986328,0.0280349999666214,0.0131890568882227,122.170997619629,-86.5718,27.0931,11.9206662278526,63,63,63,63,61,63,0,7818,1.13366707078925,27,-87,0.001869,51,2026-06-22 08:41:50.000917,720,1.037,0.0011,"aoml_navis",1030.61126750195
"7901009",114,0,1,0.031773,1,0.009345,1,127.071910561306,1,4.85143489621605,722,1,6.88899993896484,34.8730010986328,0.0317730009555817,0.0164863225072622,122.533897399902,-86.5718,27.0931,11.9206662278526,63,63,63,63,61,63,0,7818,1.13366707078925,27,-87,0.001869,51,2026-06-22 08:41:50.000917,722,1.037,0.0011,"aoml_navis",1030.62292022095
"7901009",114,0,1,0.031773,1,0.009345,1,127.518563722611,1,4.85137074519074,724,1,6.85400009155273,34.8720016479492,0.0317730009555817,0.0164863225072622,122.964599609375,-86.5718,27.0931,11.9206662278526,63,63,63,63,61,63,0,7818,1.13366707078925,27,-87,0.001869,51,2026-06-22 08:41:50.000917,724,1.037,0.0011,"aoml_navis",1030.6365484346
"7901009",114,0,1,0.031773,1,0.009345,1,127.855707621244,1,4.85131457913892,726,1,6.82999992370605,34.8709983825684,0.0317730009555817,0.0164863225072622,123.289703369141,-86.5718,27.0931,11.9206662278526,63,63,63,63,61,63,0,7818,1.13366707078925,27,-87,0.001869,51,2026-06-22 08:41:50.000917,726,1.037,0.0011,"aoml_navis",1030.64848062017
"7901009",114,0,1,0.028035,1,0.005607,1,128.227379257923,1,4.85125473710125,728,1,6.80600023269653,34.8709983825684,0.0280349999666214,0.0131890568882227,123.648101806641,-86.5718,27.0931,11.9206662278526,63,63,63,63,61,63,0,7818,1.13366707078925,27,-87,0.001869,51,2026-06-22 08:41:50.000917,728,1.037,0.0011,"aoml_navis",1030.66119405381
"7901009",114,0,1,0.029904,1,0.007476,1,128.448573568776,1,4.85120219362278,730,1,6.78700017929077,34.8699989318848,0.0299040004611015,0.0148376896977425,123.861396789551,-86.5718,27.0931,11.9206662278526,63,63,63,63,61,63,0,7818,1.13366707078925,27,-87,0.001869,51,2026-06-22 08:41:50.000917,730,1.037,0.0011,"aoml_navis",1030.67235716805
"7901009",114,0,1,0.028035,1,0.005607,1,128.683882793624,1,4.85114526115834,732,1,6.76700019836426,34.8699989318848,0.0280349999666214,0.0131890568882227,124.088302612305,-86.5718,27.0931,11.9206662278526,63,63,63,63,61,63,0,7818,1.13366707078925,27,-87,0.001869,51,2026-06-22 08:41:50.000917,732,1.037,0.0011,"aoml_navis",1030.68445301638
"7901009",114,0,1,0.035511,1,0.013083,1,128.871269353636,1,4.85109479825708,734,1,6.75600004196167,34.8699989318848,0.0355109982192516,0.0197835862636566,124.268997192383,-86.5718,27.0931,11.9206662278526,63,63,63,63,61,63,0,7818,1.13366707078925,27,-87,0.001869,51,2026-06-22 08:41:50.000917,734,1.037,0.0011,"aoml_navis",1030.6951745813
"7901009",114,0,1,0.031773,1,0.009345,1,129.199496487654,1,4.8510437226497,736,1,6.73899984359741,34.8689994812012,0.0317730009555817,0.0164863225072622,124.585502624512,-86.5718,27.0931,11.9206662278526,63,63,63,63,61,63,0,7818,1.13366707078925,27,-87,0.001869,51,2026-06-22 08:41:50.000917,736,1.037,0.0011,"aoml_navis",1030.70602655153
"7901009",114,0,1,0.028035,1,0.005607,1,129.632042646911,1,4.85098968934696,738,1,6.72300004959106,34.8689994812012,0.0280349999666214,0.0131890568882227,125.002601623535,-86.5718,27.0931,11.9206662278526,63,63,63,63,61,63,0,7818,1.13366707078925,27,-87,0.001869,51,2026-06-22 08:41:50.000917,738,1.037,0.0011,"aoml_navis",1030.71750718833
"7901009",114,0,1,0.029904,1,0.007476,1,129.990857369217,1,4.85093291155411,740,1,6.69799995422363,34.8680000305176,0.0299040004611015,0.0148376896977425,125.348602294922,-86.5718,27.0931,11.9206662278526,63,63,63,63,61,63,0,7818,1.13366707078925,27,-87,0.001869,51,2026-06-22 08:41:50.000917,740,1.037,0.0011,"aoml_navis",1030.72957123172
"7901009",114,0,1,0.029904,1,0.007476,1,130.332036360977,1,4.85088176022747,742,1,6.68599987030029,34.8680000305176,0.0299040004611015,0.0148376896977425,125.677597045898,-86.5718,27.0931,11.9206662278526,63,63,63,63,61,63,0,7818,1.13366707078925,27,-87,0.001869,51,2026-06-22 08:41:50.000917,742,1.037,0.0011,"aoml_navis",1030.74044001549
"7901009",114,0,1,0.026166,1,0.003738,1,130.696658452606,1,4.85082715839802,744,1,6.66400003433228,34.867000579834,0.0261659994721413,0.0115404240787029,126.029197692871,-86.5718,27.0931,11.9206662278526,63,63,63,63,61,63,0,7818,1.13366707078925,27,-87,0.001869,51,2026-06-22 08:41:50.000917,744,1.037,0.0011,"aoml_navis",1030.75204222515
"7901009",114,0,1,0.028035,1,0.005607,1,131.13605635823,1,4.85077459473817,746,1,6.65000009536743,34.867000579834,0.0280349999666214,0.0131890568882227,126.452903747559,-86.5718,27.0931,11.9206662278526,63,63,63,63,61,63,0,7818,1.13366707078925,27,-87,0.001869,51,2026-06-22 08:41:50.000917,746,1.037,0.0011,"aoml_navis",1030.76321159588
"7901009",114,0,1,0.026166,1,0.003738,1,131.633314334509,1,4.85070850381735,748,1,6.61700010299683,34.867000579834,0.0261659994721413,0.0115404240787029,126.932403564453,-86.5718,27.0931,11.9206662278526,63,63,63,63,61,63,0,7818,1.13366707078925,27,-87,0.001869,51,2026-06-22 08:41:50.000917,748,1.037,0.0011,"aoml_navis",1030.77725574834
"7901009",114,0,1,0.029904,1,0.007476,1,132.024275298722,1,4.85064529867906,750,1,6.58799982070923,34.867000579834,0.0299040004611015,0.0148376896977425,127.30940246582,-86.5718,27.0931,11.9206662278526,63,63,63,63,61,63,0,7818,1.13366707078925,27,-87,0.001869,51,2026-06-22 08:41:50.000917,750,1.037,0.0011,"aoml_navis",1030.79068703737
"7901009",114,0,1,0.029904,1,0.007476,1,132.409531748926,1,4.85058922295558,752,1,6.56899976730347,34.867000579834,0.0299040004611015,0.0148376896977425,127.68090057373,-86.5718,27.0931,11.9206662278526,63,63,63,63,61,63,0,7818,1.13366707078925,27,-87,0.001869,51,2026-06-22 08:41:50.000917,752,1.037,0.0011,"aoml_navis",1030.80260359655
"7901009",114,0,1,0.028035,1,0.005607,1,132.739823901192,1,4.85053755512271,754,1,6.55100011825562,34.8660011291504,0.0280349999666214,0.0131890568882227,127.999397277832,-86.5718,27.0931,11.9206662278526,63,63,63,63,61,63,0,7818,1.13366707078925,27,-87,0.001869,51,2026-06-22 08:41:50.000917,754,1.037,0.0011,"aoml_navis",1030.81358368609
"7901009",114,0,1,0.033642,1,0.011214,1,133.135761480261,1,4.85048433885831,756,1,6.53599977493286,34.8660011291504,0.0336420014500618,0.0181349534541368,128.381195068359,-86.5718,27.0931,11.9206662278526,63,63,63,63,61,63,0,7818,1.13366707078925,27,-87,0.001869,51,2026-06-22 08:41:50.000917,756,1.037,0.0011,"aoml_navis",1030.8248930821
"7901009",114,0,1,0.031773,1,0.009345,1,133.510344713549,1,4.8504263234617,758,1,6.50899982452393,34.8650016784668,0.0317730009555817,0.0164863225072622,128.742401123047,-86.5718,27.0931,11.9206662278526,63,63,63,63,61,63,0,7818,1.13366707078925,27,-87,0.001869,51,2026-06-22 08:41:50.000917,758,1.037,0.0011,"aoml_navis",1030.83722266119
"7901009",114,0,1,0.029904,1,0.007476,1,133.730201905307,1,4.85036873789334,760,1,6.49300003051758,34.8660011291504,0.0299040004611015,0.0148376896977425,128.954406738281,-86.5718,27.0931,11.9206662278526,63,63,63,63,61,63,0,7818,1.13366707078925,27,-87,0.001869,51,2026-06-22 08:41:50.000917,760,1.037,0.0011,"aoml_navis",1030.84946118378
"7901009",114,0,1,0.029904,1,0.007476,1,133.899849879457,1,4.85031979170606,762,1,6.48400020599365,34.8660011291504,0.0299040004611015,0.0148376896977425,129.11799621582,-86.5718,27.0931,11.9206662278526,63,63,63,63,61,63,0,7818,1.13366707078925,27,-87,0.001869,51,2026-06-22 08:41:50.000917,762,1.037,0.0011,"aoml_navis",1030.85986382793
"7901009",114,0,1,0.031773,1,0.009345,1,134.118979172064,1,4.85027014205493,764,1,6.47399997711182,34.8660011291504,0.0317730009555817,0.0164863225072622,129.329299926758,-86.5718,27.0931,11.9206662278526,63,63,63,63,61,63,0,7818,1.13366707078925,27,-87,0.001869,51,2026-06-22 08:41:50.000917,764,1.037,0.0011,"aoml_navis",1030.87041619534
"7901009",114,0,1,0.029904,1,0.007476,1,134.303359192099,1,4.85022488771287,766,1,6.46500015258789,34.8650016784668,0.0299040004611015,0.0148376896977425,129.507095336914,-86.5718,27.0931,11.9206662278526,63,63,63,63,61,63,0,7818,1.13366707078925,27,-87,0.001869,51,2026-06-22 08:41:50.000917,766,1.037,0.0011,"aoml_navis",1030.88003458696
"7901009",114,0,1,0.033642,1,0.011214,1,134.507250074192,1,4.85017030640757,768,1,6.44799995422363,34.8650016784668,0.0336420014500618,0.0181349534541368,129.703704833984,-86.5718,27.0931,11.9206662278526,63,63,63,63,61,63,0,7818,1.13366707078925,27,-87,0.001869,51,2026-06-22 08:41:50.000917,768,1.037,0.0011,"aoml_navis",1030.8916355771
"7901009",114,0,1,0.033642,1,0.011214,1,134.608871125399,1,4.85012208002486,770,1,6.44000005722046,34.8650016784668,0.0336420014500618,0.0181349534541368,129.801696777344,-86.5718,27.0931,11.9206662278526,63,63,63,63,61,63,0,7818,1.13366707078925,27,-87,0.001869,51,2026-06-22 08:41:50.000917,770,1.037,0.0011,"aoml_navis",1030.90188607672
"7901009",114,0,1,0.029904,1,0.007476,1,134.747520090002,1,4.85007597119513,772,1,6.43499994277954,34.8650016784668,0.0299040004611015,0.0148376896977425,129.935394287109,-86.5718,27.0931,11.9206662278526,63,63,63,63,61,63,0,7818,1.13366707078925,27,-87,0.001869,51,2026-06-22 08:41:50.000917,772,1.037,0.0011,"aoml_navis",1030.91168668187
"7901009",114,0,1,0.028035,1,0.005607,1,134.937201114733,1,4.850029864232,774,1,6.42999982833862,34.8650016784668,0.0280349999666214,0.0131890568882227,130.118301391602,-86.5718,27.0931,11.9206662278526,63,63,63,63,61,63,0,7818,1.13366707078925,27,-87,0.001869,51,2026-06-22 08:41:50.000917,774,1.037,0.0011,"aoml_navis",1030.92148707661
"7901009",114,0,1,0.033642,1,0.011214,1,135.142326260606,1,4.84998305423249,776,1,6.42399978637695,34.8650016784668,0.0336420014500618,0.0181349534541368,130.316101074219,-86.5718,27.0931,11.9206662278526,63,63,63,63,61,63,0,7818,1.13366707078925,27,-87,0.001869,51,2026-06-22 08:41:50.000917,776,1.037,0.0011,"aoml_navis",1030.93143709783
"7901009",114,0,1,0.03738,1,0.014952,1,135.384779973872,1,4.84992849644598,778,1,6.40700006484985,34.8650016784668,0.0373799987137318,0.0214322190731764,130.549896240234,-86.5718,27.0931,11.9206662278526,63,63,63,63,61,63,0,7818,1.13366707078925,27,-87,0.001869,51,2026-06-22 08:41:50.000917,778,1.037,0.0011,"aoml_navis",1030.94303424556
"7901009",114,0,1,0.029904,1,0.007476,1,135.544585485573,1,4.84987676372343,780,1,6.39400005340576,34.8650016784668,0.0299040004611015,0.0148376896977425,130.703994750977,-86.5718,27.0931,11.9206662278526,63,63,63,63,61,63,0,7818,1.13366707078925,27,-87,0.001869,51,2026-06-22 08:41:50.000917,780,1.037,0.0011,"aoml_navis",1030.95403112085
"7901009",114,0,1,0.026166,1,0.003738,1,135.718189433376,1,4.84982416584819,782,1,6.38500022888184,34.8660011291504,0.0261659994721413,0.0115404240787029,130.871398925781,-86.5718,27.0931,11.9206662278526,63,63,63,63,61,63,0,7818,1.13366707078925,27,-87,0.001869,51,2026-06-22 08:41:50.000917,782,1.037,0.0011,"aoml_navis",1030.96521214301
"7901009",114,0,1,0.028035,1,0.005607,1,135.793368756685,1,4.84977384944948,784,1,6.37400007247925,34.8660011291504,0.0280349999666214,0.0131890568882227,130.943893432617,-86.5718,27.0931,11.9206662278526,63,63,63,63,61,63,0,7818,1.13366707078925,27,-87,0.001869,51,2026-06-22 08:41:50.000917,784,1.037,0.0011,"aoml_navis",1030.97590840603
"7901009",114,0,1,0.035511,1,0.013083,1,135.850936085288,1,4.8497291618355,786,1,6.37099981307983,34.8660011291504,0.0355109982192516,0.0197835862636566,130.999404907227,-86.5718,27.0931,11.9206662278526,63,63,63,63,61,63,0,7818,1.13366707078925,27,-87,0.001869,51,2026-06-22 08:41:50.000917,786,1.037,0.0011,"aoml_navis",1030.98540828776
"7901009",114,0,1,0.031773,1,0.009345,1,135.86068360437,1,4.84968658638768,788,1,6.37099981307983,34.8660011291504,0.0317730009555817,0.0164863225072622,131.008804321289,-86.5718,27.0931,11.9206662278526,63,63,63,63,61,63,0,7818,1.13366707078925,27,-87,0.001869,51,2026-06-22 08:41:50.000917,788,1.037,0.0011,"aoml_navis",1030.99445931913
"7901009",114,0,1,0.031773,1,0.009345,1,136.027957994328,1,4.84964699463343,790,1,6.36999988555908,34.8650016784668,0.0317730009555817,0.0164863225072622,131.170104980469,-86.5718,27.0931,11.9206662278526,63,63,63,63,61,63,0,7818,1.13366707078925,27,-87,0.001869,51,2026-06-22 08:41:50.000917,790,1.037,0.0011,"aoml_navis",1031.00287619551
"7901009",114,0,1,0.026166,1,0.003738,1,136.138187244205,1,4.84959370409358,792,1,6.3600001335144,34.8660011291504,0.0261659994721413,0.0115404240787029,131.276397705078,-86.5718,27.0931,11.9206662278526,63,63,63,63,61,63,0,7818,1.13366707078925,27,-87,0.001869,51,2026-06-22 08:41:50.000917,792,1.037,0.0011,"aoml_navis",1031.01420553632
"7901009",114,0,1,0.031773,1,0.009345,1,136.246976519672,1,4.84954832047462,794,1,6.35599994659424,34.8660011291504,0.0317730009555817,0.0164863225072622,131.381301879883,-86.5718,27.0931,11.9206662278526,63,63,63,63,61,63,0,7818,1.13366707078925,27,-87,0.001869,51,2026-06-22 08:41:50.000917,794,1.037,0.0011,"aoml_navis",1031.02385409589
"7901009",114,0,1,0.035511,1,0.013083,1,136.377634417495,1,4.84950153229192,796,1,6.34999990463257,34.8660011291504,0.0355109982192516,0.0197835862636566,131.507293701172,-86.5718,27.0931,11.9206662278526,63,63,63,63,61,63,0,7818,1.13366707078925,27,-87,0.001869,51,2026-06-22 08:41:50.000917,796,1.037,0.0011,"aoml_navis",1031.03380145484
"7901009",114,0,1,0.028035,1,0.005607,1,136.58369317315,1,4.84945404313128,798,1,6.34299993515015,34.8660011291504,0.0280349999666214,0.0131890568882227,131.705993652344,-86.5718,27.0931,11.9206662278526,63,63,63,63,61,63,0,7818,1.13366707078925,27,-87,0.001869,51,2026-06-22 08:41:50.000917,798,1.037,0.0011,"aoml_navis",1031.04389804084
"7901009",114,0,1,0.033642,1,0.011214,1,136.731377581577,1,4.84940515071268,800,1,6.33400011062622,34.8660011291504,0.0336420014500618,0.0181349534541368,131.848403930664,-86.5718,27.0931,11.9206662278526,63,63,63,63,61,63,0,7818,1.13366707078925,27,-87,0.001869,51,2026-06-22 08:41:50.000917,800,1.037,0.0011,"aoml_navis",1031.05429317763
"7901009",114,0,1,0.028035,1,0.005607,1,136.866703528311,1,4.84935907166017,802,1,6.3289999961853,34.8660011291504,0.0280349999666214,0.0131890568882227,131.978897094727,-86.5718,27.0931,11.9206662278526,63,63,63,63,61,63,0,7818,1.13366707078925,27,-87,0.001869,51,2026-06-22 08:41:50.000917,802,1.037,0.0011,"aoml_navis",1031.06409034963
"7901009",114,0,1,0.029904,1,0.007476,1,137.019562350276,1,4.84931316602411,804,1,6.31899976730347,34.8650016784668,0.0299040004611015,0.0148376896977425,132.12629699707,-86.5718,27.0931,11.9206662278526,63,63,63,63,61,63,0,7818,1.13366707078925,27,-87,0.001869,51,2026-06-22 08:41:50.000917,804,1.037,0.0011,"aoml_navis",1031.07385083555
"7901009",114,0,1,0.029904,1,0.007476,1,137.243359691793,1,4.84926358003704,806,1,6.30900001525879,34.8650016784668,0.0299040004611015,0.0148376896977425,132.342102050781,-86.5718,27.0931,11.9206662278526,63,63,63,63,61,63,0,7818,1.13366707078925,27,-87,0.001869,51,2026-06-22 08:41:50.000917,806,1.037,0.0011,"aoml_navis",1031.08439404768
"7901009",114,0,1,0.031773,1,0.009345,1,137.433958502412,1,4.84921680507417,808,1,6.30299997329712,34.8650016784668,0.0317730009555817,0.0164863225072622,132.525894165039,-86.5718,27.0931,11.9206662278526,63,63,63,63,61,63,0,7818,1.13366707078925,27,-87,0.001869,51,2026-06-22 08:41:50.000917,808,1.037,0.0011,"aoml_navis",1031.09433976391
"7901009",114,0,1,0.031773,1,0.009345,1,137.655572146472,1,4.84916003306158,810,1,6.28800010681152,34.8660011291504,0.0317730009555817,0.0164863225072622,132.739593505859,-86.5718,27.0931,11.9206662278526,63,63,63,63,61,63,0,7818,1.13366707078925,27,-87,0.001869,51,2026-06-22 08:41:50.000917,810,1.037,0.0011,"aoml_navis",1031.10641140115
"7901009",114,0,1,0.031773,1,0.009345,1,137.868371881233,1,4.8491146894241,811.900024414062,1,6.2810001373291,34.8660011291504,0.0317730009555817,0.0164863225072622,132.944793701172,-86.5718,27.0931,11.9206662278526,63,63,63,63,61,63,0,7818,1.13366707078925,27,-87,0.001869,51,2026-06-22 08:41:50.000917,811.900024414062,1.037,0.0011,"aoml_navis",1031.11605318492
"7901009",114,0,1,0.028035,1,0.005607,1,138.224710164032,1,4.84905388096171,814,1,6.25799989700317,34.8660011291504,0.0280349999666214,0.0131890568882227,133.28840637207,-86.5718,27.0931,11.9206662278526,63,63,63,63,61,63,0,7818,1.13366707078925,27,-87,0.001869,51,2026-06-22 08:41:50.000917,814,1.037,0.0011,"aoml_navis",1031.12898366235
"7901009",114,0,1,0.029904,1,0.007476,1,138.486864626092,1,4.84900431664266,816,1,6.2480001449585,34.8660011291504,0.0299040004611015,0.0148376896977425,133.541198730469,-86.5718,27.0931,11.9206662278526,63,63,63,63,61,63,0,7818,1.13366707078925,27,-87,0.001869,51,2026-06-22 08:41:50.000917,816,1.037,0.0011,"aoml_navis",1031.13952339434
"7901009",114,0,1,0.028035,1,0.005607,1,138.821207695378,1,4.84895265681838,818,1,6.2350001335144,34.8660011291504,0.0280349999666214,0.0131890568882227,133.86360168457,-86.5718,27.0931,11.9206662278526,63,63,63,63,61,63,0,7818,1.13366707078925,27,-87,0.001869,51,2026-06-22 08:41:50.000917,818,1.037,0.0011,"aoml_navis",1031.15050895975
"7901009",114,0,1,0.031773,1,0.009345,1,139.169333376873,1,4.84889820666309,820,1,6.21799993515015,34.8660011291504,0.0317730009555817,0.0164863225072622,134.199295043945,-86.5718,27.0931,11.9206662278526,63,63,63,63,61,63,0,7818,1.13366707078925,27,-87,0.001869,51,2026-06-22 08:41:50.000917,820,1.037,0.0011,"aoml_navis",1031.16208814804
"7901009",114,0,1,0.028035,1,0.005607,1,139.486570816082,1,4.84884586210224,822,1,6.2039999961853,34.8660011291504,0.0280349999666214,0.0131890568882227,134.50520324707,-86.5718,27.0931,11.9206662278526,63,63,63,63,61,63,0,7818,1.13366707078925,27,-87,0.001869,51,2026-06-22 08:41:50.000917,822,1.037,0.0011,"aoml_navis",1031.17321981281
"7901009",114,0,1,0.029904,1,0.007476,1,139.768426026936,1,4.84879631632126,824,1,6.19399976730347,34.8660011291504,0.0299040004611015,0.0148376896977425,134.776992797852,-86.5718,27.0931,11.9206662278526,63,63,63,63,61,63,0,7818,1.13366707078925,27,-87,0.001869,51,2026-06-22 08:41:50.000917,824,1.037,0.0011,"aoml_navis",1031.1837565067
"7901009",114,0,1,0.031773,1,0.009345,1,140.036609392843,1,4.84874817016282,826,1,6.18599987030029,34.8660011291504,0.0317730009555817,0.0164863225072622,135.035598754883,-86.5718,27.0931,11.9206662278526,63,63,63,63,61,63,0,7818,1.13366707078925,27,-87,0.001869,51,2026-06-22 08:41:50.000917,826,1.037,0.0011,"aoml_navis",1031.19399575501
"7901009",114,0,1,0.029904,1,0.007476,1,140.359654201376,1,4.84869793386505,828,1,6.17500019073486,34.8660011291504,0.0299040004611015,0.0148376896977425,135.347106933594,-86.5718,27.0931,11.9206662278526,63,63,63,63,61,63,0,7818,1.13366707078925,27,-87,0.001869,51,2026-06-22 08:41:50.000917,828,1.037,0.0011,"aoml_navis",1031.20467973024
"7901009",114,0,1,0.028035,1,0.005607,1,140.705501242046,1,4.84864282229558,830,1,6.15700006484985,34.8660011291504,0.0280349999666214,0.0131890568882227,135.680603027344,-86.5718,27.0931,11.9206662278526,63,63,63,63,61,63,0,7818,1.13366707078925,27,-87,0.001869,51,2026-06-22 08:41:50.000917,830,1.037,0.0011,"aoml_navis",1031.21640080569
"7901009",114,0,1,0.031773,1,0.009345,1,140.931260746495,1,4.84859259675384,832,1,6.14599990844727,34.8660011291504,0.0317730009555817,0.0164863225072622,135.898300170898,-86.5718,27.0931,11.9206662278526,63,63,63,63,61,63,0,7818,1.13366707078925,27,-87,0.001869,51,2026-06-22 08:41:50.000917,832,1.037,0.0011,"aoml_navis",1031.22708295754
"7901009",114,0,1,0.026166,1,0.003738,1,141.070526842987,1,4.84854516066866,834,1,6.13899993896484,34.8660011291504,0.0261659994721413,0.0115404240787029,136.032592773438,-86.5718,27.0931,11.9206662278526,63,63,63,63,61,63,0,7818,1.13366707078925,27,-87,0.001869,51,2026-06-22 08:41:50.000917,834,1.037,0.0011,"aoml_navis",1031.23717204079
"7901009",114,0,1,0.028035,1,0.005607,1,141.162416199007,1,4.84850051218262,836,1,6.13600015640259,34.8660011291504,0.0280349999666214,0.0131890568882227,136.121200561523,-86.5718,27.0931,11.9206662278526,63,63,63,63,61,63,0,7818,1.13366707078925,27,-87,0.001869,51,2026-06-22 08:41:50.000917,836,1.037,0.0011,"aoml_navis",1031.24666841567
"7901009",114,0,1,0.033642,1,0.011214,1,141.337887366375,1,4.84845168739388,838,1,6.1269998550415,34.8660011291504,0.0336420014500618,0.0181349534541368,136.290405273438,-86.5718,27.0931,11.9206662278526,63,63,63,63,61,63,0,7818,1.13366707078925,27,-87,0.001869,51,2026-06-22 08:41:50.000917,838,1.037,0.0011,"aoml_navis",1031.25705325685
"7901009",114,0,1,0.031773,1,0.009345,1,141.582303242574,1,4.84840217020618,840,1,6.11700010299683,34.8660011291504,0.0317730009555817,0.0164863225072622,136.526092529297,-86.5718,27.0931,11.9206662278526,63,63,63,63,61,63,0,7818,1.13366707078925,27,-87,0.001869,51,2026-06-22 08:41:50.000917,840,1.037,0.0011,"aoml_navis",1031.26758558219
"7901009",114,0,1,0.028035,1,0.005607,1,141.822589082278,1,4.84834688611058,842,1,6.10400009155273,34.867000579834,0.0280349999666214,0.0131890568882227,136.757797241211,-86.5718,27.0931,11.9206662278526,63,63,63,63,61,63,0,7818,1.13366707078925,27,-87,0.001869,51,2026-06-22 08:41:50.000917,842,1.037,0.0011,"aoml_navis",1031.27934478531
"7901009",114,0,1,0.029904,1,0.007476,1,142.047731454837,1,4.84829390221861,844,1,6.08900022506714,34.867000579834,0.0299040004611015,0.0148376896977425,136.974899291992,-86.5718,27.0931,11.9206662278526,63,63,63,63,61,63,0,7818,1.13366707078925,27,-87,0.001869,51,2026-06-22 08:41:50.000917,844,1.037,0.0011,"aoml_navis",1031.29061497529
"7901009",114,0,1,0.031773,1,0.009345,1,142.289045847691,1,4.84824995593902,846,1,6.08699989318848,34.867000579834,0.0317730009555817,0.0164863225072622,137.207595825195,-86.5718,27.0931,11.9206662278526,63,63,63,63,61,63,0,7818,1.13366707078925,27,-87,0.001869,51,2026-06-22 08:41:50.000917,846,1.037,0.0011,"aoml_navis",1031.29996296397
"7901009",114,0,1,0.028035,1,0.005607,1,142.675338762993,1,4.84819975878309,848,1,6.07600021362305,34.867000579834,0.0280349999666214,0.0131890568882227,137.580093383789,-86.5718,27.0931,11.9206662278526,63,63,63,63,61,63,0,7818,1.13366707078925,27,-87,0.001869,51,2026-06-22 08:41:50.000917,848,1.037,0.0011,"aoml_navis",1031.31064080887
"7901009",114,0,1,0.028035,1,0.005607,1,143.001801532762,1,4.84814540106194,850,1,6.05900001525879,34.867000579834,0.0280349999666214,0.0131890568882227,137.894897460938,-86.5718,27.0931,11.9206662278526,63,63,63,63,61,63,0,7818,1.13366707078925,27,-87,0.001869,51,2026-06-22 08:41:50.000917,850,1.037,0.0011,"aoml_navis",1031.32220393077
"7901009",114,0,1,0.029904,1,0.007476,1,143.237308556293,1,4.84809452078105,852,1,6.04699993133545,34.867000579834,0.0299040004611015,0.0148376896977425,138.121994018555,-86.5718,27.0931,11.9206662278526,63,63,63,63,61,63,0,7818,1.13366707078925,27,-87,0.001869,51,2026-06-22 08:41:50.000917,852,1.037,0.0011,"aoml_navis",1031.33302755708
"7901009",114,0,1,0.026166,1,0.003738,1,143.349310082367,1,4.84803996166457,854,1,6.03499984741211,34.8680000305176,0.0261659994721413,0.0115404240787029,138.229995727539,-86.5718,27.0931,11.9206662278526,63,63,63,63,61,63,0,7818,1.13366707078925,27,-87,0.001869,51,2026-06-22 08:41:50.000917,854,1.037,0.0011,"aoml_navis",1031.34463402469
"7901009",114,0,1,0.028035,1,0.005607,1,143.557346824849,1,4.84799324882238,856,1,6.02899980545044,34.8680000305176,0.0280349999666214,0.0131890568882227,138.430603027344,-86.5718,27.0931,11.9206662278526,63,63,63,63,61,63,0,7818,1.13366707078925,27,-87,0.001869,51,2026-06-22 08:41:50.000917,856,1.037,0.0011,"aoml_navis",1031.3545715466
"7901009",114,0,1,0.031773,1,0.009345,1,143.772314433172,1,4.84794861717124,858,1,6.02600002288818,34.8680000305176,0.0317730009555817,0.0164863225072622,138.637893676758,-86.5718,27.0931,11.9206662278526,63,63,63,63,61,63,0,7818,1.13366707078925,27,-87,0.001869,51,2026-06-22 08:41:50.000917,858,1.037,0.0011,"aoml_navis",1031.36406650231
"7901009",114,0,1,0.029904,1,0.007476,1,144.068189614653,1,4.84790697758664,860,1,6.02199983596802,34.867000579834,0.0299040004611015,0.0148376896977425,138.923202514648,-86.5718,27.0931,11.9206662278526,63,63,63,63,61,63,0,7818,1.13366707078925,27,-87,0.001869,51,2026-06-22 08:41:50.000917,860,1.037,0.0011,"aoml_navis",1031.37292508221
"7901009",114,0,1,0.028035,1,0.005607,1,144.418704704234,1,4.84784273720179,862,1,5.99599981307983,34.8680000305176,0.0280349999666214,0.0131890568882227,139.261199951172,-86.5718,27.0931,11.9206662278526,63,63,63,63,61,63,0,7818,1.13366707078925,27,-87,0.001869,51,2026-06-22 08:41:50.000917,862,1.037,0.0011,"aoml_navis",1031.38659214965
"7901009",114,0,1,0.026166,1,0.003738,1,144.591469985623,1,4.84779188391425,864,1,5.98400020599365,34.8680000305176,0.0261659994721413,0.0115404240787029,139.427795410156,-86.5718,27.0931,11.9206662278526,63,63,63,63,61,63,0,7818,1.13366707078925,27,-87,0.001869,51,2026-06-22 08:41:50.000917,864,1.037,0.0011,"aoml_navis",1031.39741138451
"7901009",114,0,1,0.033642,1,0.011214,1,144.667282264716,1,4.8477465661918,866,1,5.98000001907349,34.8680000305176,0.0336420014500618,0.0181349534541368,139.500900268555,-86.5718,27.0931,11.9206662278526,63,63,63,63,61,63,0,7818,1.13366707078925,27,-87,0.001869,51,2026-06-22 08:41:50.000917,866,1.037,0.0011,"aoml_navis",1031.40705309762
"7901009",114,0,1,0.031773,1,0.009345,1,144.924151545975,1,4.8477012502502,868,1,5.97599983215332,34.8680000305176,0.0317730009555817,0.0164863225072622,139.748596191406,-86.5718,27.0931,11.9206662278526,63,63,63,63,61,63,0,7818,1.13366707078925,27,-87,0.001869,51,2026-06-22 08:41:50.000917,868,1.037,0.0011,"aoml_navis",1031.4166946121
"7901009",114,0,1,0.029904,1,0.007476,1,145.287325751247,1,4.8476552449381,870,1,5.97100019454956,34.8680000305176,0.0299040004611015,0.0148376896977425,140.09880065918,-86.5718,27.0931,11.9206662278526,63,63,63,63,61,63,0,7818,1.13366707078925,27,-87,0.001869,51,2026-06-22 08:41:50.000917,870,1.037,0.0011,"aoml_navis",1031.42648298288
"7901009",114,0,1,0.031773,1,0.009345,1,145.573643300382,1,4.847597263726,872,1,5.9539999961853,34.8689994812012,0.0317730009555817,0.0164863225072622,140.374893188477,-86.5718,27.0931,11.9206662278526,63,63,63,63,61,63,0,7818,1.13366707078925,27,-87,0.001869,51,2026-06-22 08:41:50.000917,872,1.037,0.0011,"aoml_navis",1031.43881968381
"7901009",114,0,1,0.033642,1,0.011214,1,145.849817733069,1,4.84754366682209,874,1,5.93800020217896,34.8689994812012,0.0336420014500618,0.0181349534541368,140.641204833984,-86.5718,27.0931,11.9206662278526,63,63,63,63,61,63,0,7818,1.13366707078925,27,-87,0.001869,51,2026-06-22 08:41:50.000917,874,1.037,0.0011,"aoml_navis",1031.45022379507
"7901009",114,0,1,0.033642,1,0.011214,1,146.075055048996,1,4.84748639507323,876,1,5.92199993133545,34.8699989318848,0.0336420014500618,0.0181349534541368,140.8583984375,-86.5718,27.0931,11.9206662278526,63,63,63,63,61,63,0,7818,1.13366707078925,27,-87,0.001869,51,2026-06-22 08:41:50.000917,876,1.037,0.0011,"aoml_navis",1031.46241010223
"7901009",114,0,1,0.033642,1,0.011214,1,146.260795923968,1,4.84744039878528,878,1,5.91699981689453,34.8699989318848,0.0336420014500618,0.0181349534541368,141.037506103516,-86.5718,27.0931,11.9206662278526,63,63,63,63,61,63,0,7818,1.13366707078925,27,-87,0.001869,51,2026-06-22 08:41:50.000917,878,1.037,0.0011,"aoml_navis",1031.47219742051
"7901009",114,0,1,0.031773,1,0.009345,1,146.595961835774,1,4.84739371484715,880,1,5.91099977493286,34.8699989318848,0.0317730009555817,0.0164863225072622,141.360702514648,-86.5718,27.0931,11.9206662278526,63,63,63,63,61,63,0,7818,1.13366707078925,27,-87,0.001869,51,2026-06-22 08:41:50.000917,880,1.037,0.0011,"aoml_navis",1031.48213125033
"7901009",114,0,1,0.028035,1,0.005607,1,146.876994204108,1,4.84734565428714,882,1,5.90299987792969,34.8699989318848,0.0280349999666214,0.0131890568882227,141.631698608398,-86.5718,27.0931,11.9206662278526,63,63,63,63,61,63,0,7818,1.13366707078925,27,-87,0.001869,51,2026-06-22 08:41:50.000917,882,1.037,0.0011,"aoml_navis",1031.49235821007
"7901009",114,0,1,0.031773,1,0.009345,1,147.128483361199,1,4.84729690730503,884,1,5.89400005340576,34.8699989318848,0.0317730009555817,0.0164863225072622,141.874206542969,-86.5718,27.0931,11.9206662278526,63,63,63,63,61,63,0,7818,1.13366707078925,27,-87,0.001869,51,2026-06-22 08:41:50.000917,884,1.037,0.0011,"aoml_navis",1031.50273144293
"7901009",114,0,1,0.028035,1,0.005607,1,147.497559879161,1,4.84724609702859,886,1,5.88199996948242,34.8699989318848,0.0280349999666214,0.0131890568882227,142.230102539062,-86.5718,27.0931,11.9206662278526,63,63,63,63,61,63,0,7818,1.13366707078925,27,-87,0.001869,51,2026-06-22 08:41:50.000917,886,1.037,0.0011,"aoml_navis",1031.5135439616
"7901009",114,0,1,0.029904,1,0.007476,1,147.904803630932,1,4.8471952917831,888,1,5.86999988555908,34.8699989318848,0.0299040004611015,0.0148376896977425,142.622802734375,-86.5718,27.0931,11.9206662278526,63,63,63,63,61,63,0,7818,1.13366707078925,27,-87,0.001869,51,2026-06-22 08:41:50.000917,888,1.037,0.0011,"aoml_navis",1031.52435563633
"7901009",114,0,1,0.026166,1,0.003738,1,148.316082475828,1,4.84714036569024,890,1,5.85200023651123,34.8699989318848,0.0261659994721413,0.0115404240787029,143.019393920898,-86.5718,27.0931,11.9206662278526,63,63,63,63,61,63,0,7818,1.13366707078925,27,-87,0.001869,51,2026-06-22 08:41:50.000917,890,1.037,0.0011,"aoml_navis",1031.53604450817
"7901009",114,0,1,0.029904,1,0.007476,1,148.509181461795,1,4.84708751153629,892,1,5.83699989318848,34.8699989318848,0.0299040004611015,0.0148376896977425,143.205596923828,-86.5718,27.0931,11.9206662278526,63,63,63,63,61,63,0,7818,1.13366707078925,27,-87,0.001869,51,2026-06-22 08:41:50.000917,892,1.037,0.0011,"aoml_navis",1031.54729269892
"7901009",114,0,1,0.033642,1,0.011214,1,148.722186907186,1,4.84703510183492,894,1,5.82800006866455,34.8709983825684,0.0336420014500618,0.0181349534541368,143.410995483398,-86.5718,27.0931,11.9206662278526,63,63,63,63,61,63,0,7818,1.13366707078925,27,-87,0.001869,51,2026-06-22 08:41:50.000917,894,1.037,0.0011,"aoml_navis",1031.55844654543
"7901009",114,0,1,0.029904,1,0.007476,1,148.953753780958,1,4.84698912476538,896,1,5.82299995422363,34.8709983825684,0.0299040004611015,0.0148376896977425,143.634292602539,-86.5718,27.0931,11.9206662278526,63,63,63,63,61,63,0,7818,1.13366707078925,27,-87,0.001869,51,2026-06-22 08:41:50.000917,896,1.037,0.0011,"aoml_navis",1031.56823159615
"7901009",114,0,1,0.029904,1,0.007476,1,149.184197158213,1,4.84693971718019,898,1,5.81300020217896,34.8709983825684,0.0299040004611015,0.0148376896977425,143.856506347656,-86.5718,27.0931,11.9206662278526,63,63,63,63,61,63,0,7818,1.13366707078925,27,-87,0.001869,51,2026-06-22 08:41:50.000917,898,1.037,0.0011,"aoml_navis",1031.57874695187
"7901009",114,0,1,0.026166,1,0.003738,1,149.450291770032,1,4.84688619720194,900,1,5.79699993133545,34.8709983825684,0.0261659994721413,0.0115404240787029,144.113098144531,-86.5718,27.0931,11.9206662278526,63,63,63,63,61,63,0,7818,1.13366707078925,27,-87,0.001869,51,2026-06-22 08:41:50.000917,900,1.037,0.0011,"aoml_navis",1031.59013778505
"7901009",114,0,1,0.028035,1,0.005607,1,149.528699167841,1,4.84683447236879,902,1,5.78900003433228,34.8720016479492,0.0280349999666214,0.0131890568882227,144.188705444336,-86.5718,27.0931,11.9206662278526,63,63,63,63,61,63,0,7818,1.13366707078925,27,-87,0.001869,51,2026-06-22 08:41:50.000917,902,1.037,0.0011,"aoml_navis",1031.60114679063
"7901009",114,0,1,0.031773,1,0.009345,1,149.654689016753,1,4.84678576213036,904,1,5.78000020980835,34.8720016479492,0.0317730009555817,0.0164863225072622,144.310195922852,-86.5718,27.0931,11.9206662278526,63,63,63,63,61,63,0,7818,1.13366707078925,27,-87,0.001869,51,2026-06-22 08:41:50.000917,904,1.037,0.0011,"aoml_navis",1031.61151439099
"7901009",114,0,1,0.029904,1,0.007476,1,149.761816783286,1,4.84673911029998,906,1,5.77400016784668,34.8720016479492,0.0299040004611015,0.0148376896977425,144.413497924805,-86.5718,27.0931,11.9206662278526,63,63,63,63,61,63,0,7818,1.13366707078925,27,-87,0.001869,51,2026-06-22 08:41:50.000917,906,1.037,0.0011,"aoml_navis",1031.62144407037
"7901009",114,0,1,0.026166,1,0.003738,1,149.88791739946,1,4.8466945159483,908,1,5.77099990844727,34.8720016479492,0.0261659994721413,0.0115404240787029,144.535095214844,-86.5718,27.0931,11.9206662278526,63,63,63,63,61,63,0,7818,1.13366707078925,27,-87,0.001869,51,2026-06-22 08:41:50.000917,908,1.037,0.0011,"aoml_navis",1031.63093600128
"7901009",114,0,1,0.033642,1,0.011214,1,150.110464653303,1,4.84664349973253,910,1,5.76399993896484,34.8730010986328,0.0336420014500618,0.0181349534541368,144.749694824219,-86.5718,27.0931,11.9206662278526,63,63,63,63,61,63,0,7818,1.13366707078925,27,-87,0.001869,51,2026-06-22 08:41:50.000917,910,1.037,0.0011,"aoml_navis",1031.6417950435
"7901009",114,0,1,0.033642,1,0.011214,1,150.262184154856,1,4.84659205965727,912,1,5.75099992752075,34.8730010986328,0.0336420014500618,0.0181349534541368,144.89599609375,-86.5718,27.0931,11.9206662278526,63,63,63,63,61,63,0,7818,1.13366707078925,27,-87,0.001869,51,2026-06-22 08:41:50.000917,912,1.037,0.0011,"aoml_navis",1031.65274453769
"7901009",114,0,1,0.029904,1,0.007476,1,150.207844900753,1,4.84654404736366,914,1,5.74300003051758,34.8730010986328,0.0299040004611015,0.0148376896977425,144.843597412109,-86.5718,27.0931,11.9206662278526,63,63,63,63,61,63,0,7818,1.13366707078925,27,-87,0.001869,51,2026-06-22 08:41:50.000917,914,1.037,0.0011,"aoml_navis",1031.66296460667
"7901009",114,0,1,0.031773,1,0.009345,1,150.280951293867,1,4.84649098611006,916,1,5.73299980163574,34.8740005493164,0.0317730009555817,0.0164863225072622,144.914093017578,-86.5718,27.0931,11.9206662278526,63,63,63,63,61,63,0,7818,1.13366707078925,27,-87,0.001869,51,2026-06-22 08:41:50.000917,916,1.037,0.0011,"aoml_navis",1031.67425965093
"7901009",114,0,1,0.026166,1,0.003738,1,150.660613997326,1,4.84644024407202,918,1,5.72100019454956,34.8740005493164,0.0261659994721413,0.0115404240787029,145.280197143555,-86.5718,27.0931,11.9206662278526,63,63,63,63,61,63,0,7818,1.13366707078925,27,-87,0.001869,51,2026-06-22 08:41:50.000917,918,1.037,0.0011,"aoml_navis",1031.6850612397
"7901009",114,0,1,0.031773,1,0.009345,1,151.003976686542,1,4.84638035832818,920,1,5.70100021362305,34.875,0.0317730009555817,0.0164863225072622,145.611297607422,-86.5718,27.0931,11.9206662278526,63,63,63,63,61,63,0,7818,1.13366707078925,27,-87,0.001869,51,2026-06-22 08:41:50.000917,920,1.037,0.0011,"aoml_navis",1031.69780956376
"7901009",114,0,1,0.029904,1,0.007476,1,151.330028035051,1,4.84632621675255,922,1,5.68400001525879,34.875,0.0299040004611015,0.0148376896977425,145.925704956055,-86.5718,27.0931,11.9206662278526,63,63,63,63,61,63,0,7818,1.13366707078925,27,-87,0.001869,51,2026-06-22 08:41:50.000917,922,1.037,0.0011,"aoml_navis",1031.70933535515
"7901009",114,0,1,0.028035,1,0.005607,1,151.579222727423,1,4.84627685856524,924,1,5.67399978637695,34.875,0.0280349999666214,0.0131890568882227,146.166000366211,-86.5718,27.0931,11.9206662278526,63,63,63,63,61,63,0,7818,1.13366707078925,27,-87,0.001869,51,2026-06-22 08:41:50.000917,924,1.037,0.0011,"aoml_navis",1031.71984307151
"7901009",114,0,1,0.028035,1,0.005607,1,151.808305249741,1,4.84622382141328,926,1,5.66400003433228,34.8759994506836,0.0280349999666214,0.0131890568882227,146.386901855469,-86.5718,27.0931,11.9206662278526,63,63,63,63,61,63,0,7818,1.13366707078925,27,-87,0.001869,51,2026-06-22 08:41:50.000917,926,1.037,0.0011,"aoml_navis",1031.73113423017
"7901009",114,0,1,0.028035,1,0.005607,1,152.205485004537,1,4.84617583368864,928,1,5.6560001373291,34.8759994506836,0.0280349999666214,0.0131890568882227,146.769897460938,-86.5718,27.0931,11.9206662278526,63,63,63,63,61,63,0,7818,1.13366707078925,27,-87,0.001869,51,2026-06-22 08:41:50.000917,928,1.037,0.0011,"aoml_navis",1031.74135062167
"7901009",114,0,1,0.028035,1,0.005607,1,152.613773133351,1,4.84612239907583,930,1,5.6399998664856,34.8759994506836,0.0280349999666214,0.0131890568882227,147.163604736328,-86.5718,27.0931,11.9206662278526,63,63,63,63,61,63,0,7818,1.13366707078925,27,-87,0.001869,51,2026-06-22 08:41:50.000917,930,1.037,0.0011,"aoml_navis",1031.75272687159
"7901009",114,0,1,0.031773,1,0.009345,1,152.912433320285,1,4.84606869341873,932,1,5.62900018692017,34.8769989013672,0.0317730009555817,0.0164863225072622,147.451599121094,-86.5718,27.0931,11.9206662278526,63,63,63,63,61,63,0,7818,1.13366707078925,27,-87,0.001869,51,2026-06-22 08:41:50.000917,932,1.037,0.0011,"aoml_navis",1031.76416107975
"7901009",114,0,1,0.033642,1,0.011214,1,153.315736922296,1,4.8460213961131,934,1,5.62200021743774,34.8769989013672,0.0336420014500618,0.0181349534541368,147.84049987793,-86.5718,27.0931,11.9206662278526,63,63,63,63,61,63,0,7818,1.13366707078925,27,-87,0.001869,51,2026-06-22 08:41:50.000917,934,1.037,0.0011,"aoml_navis",1031.77423112709
"7901009",114,0,1,0.031773,1,0.009345,1,153.720290611982,1,4.84596865993723,936,1,5.60699987411499,34.8769989013672,0.0317730009555817,0.0164863225072622,148.230606079102,-86.5718,27.0931,11.9206662278526,63,63,63,63,61,63,0,7818,1.13366707078925,27,-87,0.001869,51,2026-06-22 08:41:50.000917,936,1.037,0.0011,"aoml_navis",1031.78545939353
"7901009",114,0,1,0.029904,1,0.007476,1,154.084287659774,1,4.84592136830857,938,1,5.59999990463257,34.8769989013672,0.0299040004611015,0.0148376896977425,148.581604003906,-86.5718,27.0931,11.9206662278526,63,63,63,63,61,63,0,7818,1.13366707078925,27,-87,0.001869,51,2026-06-22 08:41:50.000917,938,1.037,0.0011,"aoml_navis",1031.79552864788
"7901009",114,0,1,0.029904,1,0.007476,1,154.548260073733,1,4.84586020776869,940,1,5.57800006866455,34.8779983520508,0.0299040004611015,0.0148376896977425,149.029006958008,-86.5718,27.0931,11.9206662278526,63,63,63,63,61,63,0,7818,1.13366707078925,27,-87,0.001869,51,2026-06-22 08:41:50.000917,940,1.037,0.0011,"aoml_navis",1031.80855113901
"7901009",114,0,1,0.033642,1,0.011214,1,154.978211114273,1,4.84580613819494,942,1,5.56099987030029,34.8779983520508,0.0336420014500618,0.0181349534541368,149.443603515625,-86.5718,27.0931,11.9206662278526,63,63,63,63,61,63,0,7818,1.13366707078925,27,-87,0.001869,51,2026-06-22 08:41:50.000917,942,1.037,0.0011,"aoml_navis",1031.82006407349
"7901009",114,0,1,0.029904,1,0.007476,1,155.401737653601,1,4.84574499495284,944,1,5.53900003433228,34.8790016174316,0.0299040004611015,0.0148376896977425,149.852005004883,-86.5718,27.0931,11.9206662278526,63,63,63,63,61,63,0,7818,1.13366707078925,27,-87,0.001869,51,2026-06-22 08:41:50.000917,944,1.037,0.0011,"aoml_navis",1031.83308350064
"7901009",114,0,1,0.031773,1,0.009345,1,155.617638871706,1,4.84569568699682,946,1,5.52899980545044,34.8790016174316,0.0317730009555817,0.0164863225072622,150.060195922852,-86.5718,27.0931,11.9206662278526,63,63,63,63,61,63,0,7818,1.13366707078925,27,-87,0.001869,51,2026-06-22 08:41:50.000917,946,1.037,0.0011,"aoml_navis",1031.84358304159
"7901009",114,0,1,0.033642,1,0.011214,1,155.9111246451,1,4.84564909000197,948,1,5.52299976348877,34.8790016174316,0.0336420014500618,0.0181349534541368,150.343200683594,-86.5718,27.0931,11.9206662278526,63,63,63,63,61,63,0,7818,1.13366707078925,27,-87,0.001869,51,2026-06-22 08:41:50.000917,948,1.037,0.0011,"aoml_navis",1031.85350551209
"7901009",114,0,1,0.028035,1,0.005607,1,156.245768368384,1,4.84559475244919,950,1,5.51100015640259,34.8800010681152,0.0280349999666214,0.0131890568882227,150.665893554688,-86.5718,27.0931,11.9206662278526,63,63,63,63,61,63,0,7818,1.13366707078925,27,-87,0.001869,51,2026-06-22 08:41:50.000917,950,1.037,0.0011,"aoml_navis",1031.86507651569
"7901009",114,0,1,0.031773,1,0.009345,1,156.529300912067,1,4.84554410243739,952,1,5.49900007247925,34.8800010681152,0.0317730009555817,0.0164863225072622,150.939300537109,-86.5718,27.0931,11.9206662278526,63,63,63,63,61,63,0,7818,1.13366707078925,27,-87,0.001869,51,2026-06-22 08:41:50.000917,952,1.037,0.0011,"aoml_navis",1031.87586250323
"7901009",114,0,1,0.029904,1,0.007476,1,156.788765312042,1,4.84549751264026,954,1,5.49300003051758,34.8800010681152,0.0299040004611015,0.0148376896977425,151.189498901367,-86.5718,27.0931,11.9206662278526,63,63,63,63,61,63,0,7818,1.13366707078925,27,-87,0.001869,51,2026-06-22 08:41:50.000917,954,1.037,0.0011,"aoml_navis",1031.88578406174
"7901009",114,0,1,0.031773,1,0.009345,1,157.098217395102,1,4.84544048553006,956,1,5.47700023651123,34.8810005187988,0.0317730009555817,0.0164863225072622,151.487899780273,-86.5718,27.0931,11.9206662278526,63,63,63,63,61,63,0,7818,1.13366707078925,27,-87,0.001869,51,2026-06-22 08:41:50.000917,956,1.037,0.0011,"aoml_navis",1031.89792856429
"7901009",114,0,1,0.028035,1,0.005607,1,157.309767042188,1,4.84539457605214,958,1,5.47200012207031,34.8810005187988,0.0280349999666214,0.0131890568882227,151.69189453125,-86.5718,27.0931,11.9206662278526,63,63,63,63,61,63,0,7818,1.13366707078925,27,-87,0.001869,51,2026-06-22 08:41:50.000917,958,1.037,0.0011,"aoml_navis",1031.90770566178
"7901009",114,0,1,0.028035,1,0.005607,1,157.455062042528,1,4.84534934368137,960,1,5.46799993515015,34.8810005187988,0.0280349999666214,0.0131890568882227,151.832000732422,-86.5718,27.0931,11.9206662278526,63,63,63,63,61,63,0,7818,1.13366707078925,27,-87,0.001869,51,2026-06-22 08:41:50.000917,960,1.037,0.0011,"aoml_navis",1031.91733874056
"7901009",114,0,1,0.028035,1,0.005607,1,157.675014177655,1,4.84530276252921,962,1,5.46199989318848,34.8810005187988,0.0280349999666214,0.0131890568882227,152.044097900391,-86.5718,27.0931,11.9206662278526,63,63,63,63,61,63,0,7818,1.13366707078925,27,-87,0.001869,51,2026-06-22 08:41:50.000917,962,1.037,0.0011,"aoml_navis",1031.92725925553
"7901009",114,0,1,0.029904,1,0.007476,1,157.767409898302,1,4.84525753399797,964,1,5.45800018310547,34.8810005187988,0.0299040004611015,0.0148376896977425,152.133193969727,-86.5718,27.0931,11.9206662278526,63,63,63,63,61,63,0,7818,1.13366707078925,27,-87,0.001869,51,2026-06-22 08:41:50.000917,964,1.037,0.0011,"aoml_navis",1031.93689188165
"7901009",114,0,1,0.028035,1,0.005607,1,157.927326177265,1,4.84520862451884,966,1,5.4539999961853,34.8819999694824,0.0280349999666214,0.0131890568882227,152.287399291992,-86.5718,27.0931,11.9206662278526,63,63,63,63,61,63,0,7818,1.13366707078925,27,-87,0.001869,51,2026-06-22 08:41:50.000917,966,1.037,0.0011,"aoml_navis",1031.94730866651
"7901009",114,0,1,0.028035,1,0.005607,1,158.029991605517,1,4.84516272406999,968,1,5.44899988174438,34.8819999694824,0.0280349999666214,0.0131890568882227,152.38639831543,-86.5718,27.0931,11.9206662278526,63,63,63,63,61,63,0,7818,1.13366707078925,27,-87,0.001869,51,2026-06-22 08:41:50.000917,968,1.037,0.0011,"aoml_navis",1031.9570847767
"7901009",114,0,1,0.029904,1,0.007476,1,158.143971118417,1,4.84511817609845,970,1,5.44600009918213,34.8819999694824,0.0299040004611015,0.0148376896977425,152.496307373047,-86.5718,27.0931,11.9206662278526,63,63,63,63,61,63,0,7818,1.13366707078925,27,-87,0.001869,51,2026-06-22 08:41:50.000917,970,1.037,0.0011,"aoml_navis",1031.96657300654
"7901009",114,0,1,0.029904,1,0.007476,1,158.190208538477,1,4.84507362960748,972,1,5.44299983978271,34.8819999694824,0.0299040004611015,0.0148376896977425,152.540893554688,-86.5718,27.0931,11.9206662278526,63,63,63,63,61,63,0,7818,1.13366707078925,27,-87,0.001869,51,2026-06-22 08:41:50.000917,972,1.037,0.0011,"aoml_navis",1031.9760610955
"7901009",114,0,1,0.028035,1,0.005607,1,158.348051887246,1,4.84502976058596,974,1,5.44099998474121,34.8819999694824,0.0280349999666214,0.0131890568882227,152.693099975586,-86.5718,27.0931,11.9206662278526,63,63,63,63,61,63,0,7818,1.13366707078925,27,-87,0.001869,51,2026-06-22 08:41:50.000917,974,1.037,0.0011,"aoml_navis",1031.98540505875
"7901009",114,0,1,0.028035,1,0.005607,1,158.628150645797,1,4.84498521807005,976,1,5.43800020217896,34.8819999694824,0.0280349999666214,0.0131890568882227,152.963195800781,-86.5718,27.0931,11.9206662278526,63,63,63,63,61,63,0,7818,1.13366707078925,27,-87,0.001869,51,2026-06-22 08:41:50.000917,976,1.037,0.0011,"aoml_navis",1031.99489264731
"7901009",114,0,1,0.031773,1,0.009345,1,159.040584635001,1,4.84493797556566,978,1,5.43100023269653,34.8819999694824,0.0317730009555817,0.0164863225072622,153.360900878906,-86.5718,27.0931,11.9206662278526,63,63,63,63,61,63,0,7818,1.13366707078925,27,-87,0.001869,51,2026-06-22 08:41:50.000917,978,1.037,0.0011,"aoml_navis",1032.00495552603
"7901009",114,0,1,0.031773,1,0.009345,1,163.248047445439,1,4.84439089319366,999.900024414062,1,5.32630014419556,34.8849983215332,0.0317730009555817,0.0164863225072622,157.418106079102,-86.5718,27.0931,11.9206662278526,63,63,63,63,61,63,0,7818,1.13366707078925,27,-87,0.001869,51,2026-06-22 08:41:50.000917,999.900024414062,1.037,0.0011,"aoml_navis",1032.12150097651
"7901009",114,0,1,0.029904,1,0.007476,1,169.172830066583,1,4.84322810024958,1048.69995117188,1,5.16590023040771,34.8899993896484,0.0299040004611015,0.0148376896977425,163.131301879883,-86.5718,27.0931,11.9206662278526,63,63,63,63,61,63,0,7818,1.13366707078925,27,-87,0.001869,51,2026-06-22 08:41:50.000917,1048.69995117188,1.037,0.0011,"aoml_navis",1032.36929925773
"7901009",114,0,1,0.031773,1,0.009345,1,175.705107825831,1,4.84195670324085,1100.09997558594,1,4.94540023803711,34.898998260498,0.0317730009555817,0.0164863225072622,169.430297851562,-86.5718,27.0931,11.9206662278526,63,63,63,63,61,63,0,7818,1.13366707078925,27,-87,0.001869,51,2026-06-22 08:41:50.000917,1100.09997558594,1.037,0.0011,"aoml_navis",1032.64037793923
"7901009",114,0,1,0.026166,1,0.003738,1,180.924097275535,1,4.84079725011162,1149.5,1,4.80520009994507,34.9039993286133,0.0261659994721413,0.0115404240787029,174.462905883789,-86.5718,27.0931,11.9206662278526,63,63,63,63,61,63,0,7818,1.13366707078925,27,-87,0.001869,51,2026-06-22 08:41:50.000917,1149.5,1.037,0.0011,"aoml_navis",1032.88771284208
"7901009",114,0,1,0.033642,1,0.011214,1,185.757505885195,1,4.83964207796871,1199.09997558594,1,4.67059993743896,34.9080009460449,0.0336420014500618,0.0181349534541368,179.12370300293,-86.5718,27.0931,11.9206662278526,63,63,63,63,61,63,0,7818,1.13366707078925,27,-87,0.001869,51,2026-06-22 08:41:50.000917,1199.09997558594,1.037,0.0011,"aoml_navis",1033.13425237814
"7901009",114,0,1,0.01869,1,-0.003738,1,190.524849734843,1,4.83848212421391,1249.5,1,4.55830001831055,34.9129981994629,0.0186899993568659,0.00494589656591415,183.720794677734,-86.5718,27.0931,11.9206662278526,63,63,63,63,61,63,0,7818,1.13366707078925,27,-87,0.001869,51,2026-06-22 08:41:50.000917,1249.5,1.037,0.0011,"aoml_navis",1033.38193086997
"7901009",114,0,1,0.028035,1,0.005607,1,193.782182617115,1,4.83734808016932,1299.59997558594,1,4.47399997711182,34.9179992675781,0.0280349999666214,0.0131890568882227,186.861801147461,-86.5718,27.0931,11.9206662278526,63,63,63,63,61,63,0,7818,1.13366707078925,27,-87,0.001869,51,2026-06-22 08:41:50.000917,1299.59997558594,1.037,0.0011,"aoml_navis",1033.62419183715
"7901009",114,0,1,0.035511,1,0.013083,1,195.786452932741,1,4.83626367355243,1349.19995117188,1,4.43039989471436,34.9199981689453,0.0355109982192516,0.0197835862636566,188.794494628906,-86.5718,27.0931,11.9206662278526,63,63,63,63,61,63,0,7818,1.13366707078925,27,-87,0.001869,51,2026-06-22 08:41:50.000917,1349.19995117188,1.037,0.0011,"aoml_navis",1033.8559552373
"7901009",114,0,1,0.026166,1,0.003738,1,197.328523110605,1,4.83516770713901,1399.80004882812,1,4.39379978179932,34.9210014343262,0.0261659994721413,0.0115404240787029,190.281494140625,-86.5718,27.0931,11.9206662278526,63,63,63,63,61,63,0,7818,1.13366707078925,27,-87,0.001869,51,2026-06-22 08:41:50.000917,1399.80004882812,1.037,0.0011,"aoml_navis",1034.0902948656
"7901009",114,0,1,0.028035,1,0.005607,1,198.31246870156,1,4.83411879570465,1448.69995117188,1,4.37200021743774,34.9220008850098,0.0280349999666214,0.0131890568882227,191.23030090332,-86.5718,27.0931,11.9206662278526,63,63,63,63,61,63,0,7818,1.13366707078925,27,-87,0.001869,51,2026-06-22 08:41:50.000917,1448.69995117188,1.037,0.0011,"aoml_navis",1034.31467270576
"7901009",114,0,1,0.03738,1,0.014952,1,199.525702525463,1,4.83302824420001,1499.69995117188,1,4.35200023651123,34.9230003356934,0.0373799987137318,0.0214322190731764,192.400207519531,-86.5718,27.0931,11.9206662278526,63,63,63,63,61,63,0,7818,1.13366707078925,27,-87,0.001869,51,2026-06-22 08:41:50.000917,1499.69995117188,1.037,0.0011,"aoml_navis",1034.54806124925
"7901009",114,0,1,0.029904,1,0.007476,1,200.226621937363,1,4.83197350447505,1549.30004882812,1,4.33930015563965,34.923999786377,0.0299040004611015,0.0148376896977425,193.076095581055,-86.5718,27.0931,11.9206662278526,63,63,63,63,61,63,0,7818,1.13366707078925,27,-87,0.001869,51,2026-06-22 08:41:50.000917,1549.30004882812,1.037,0.0011,"aoml_navis",1034.77388594315
"7901009",114,0,1,0.026166,1,0.003738,1,200.726055699151,1,4.83091068992271,1599.5,1,4.33109998703003,34.9249992370605,0.0261659994721413,0.0115404240787029,193.557693481445,-86.5718,27.0931,11.9206662278526,63,63,63,63,61,63,0,7818,1.13366707078925,27,-87,0.001869,51,2026-06-22 08:41:50.000917,1599.5,1.037,0.0011,"aoml_navis",1035.0015392398
"7901009",114,0,1,0.028035,1,0.005607,1,201.290826321798,1,4.82987366348214,1648.80004882812,1,4.32550001144409,34.9249992370605,0.0280349999666214,0.0131890568882227,194.102294921875,-86.5718,27.0931,11.9206662278526,63,63,63,63,61,63,0,7818,1.13366707078925,27,-87,0.001869,51,2026-06-22 08:41:50.000917,1648.80004882812,1.037,0.0011,"aoml_navis",1035.22376533452
"7901009",114,0,1,0.028035,1,0.005607,1,201.680141600971,1,4.82879844132695,1700,1,4.32000017166138,34.9249992370605,0.0280349999666214,0.0131890568882227,194.47770690918,-86.5718,27.0931,11.9206662278526,63,63,63,63,61,63,0,7818,1.13366707078925,27,-87,0.001869,51,2026-06-22 08:41:50.000917,1700,1.037,0.0011,"aoml_navis",1035.45427723962
"7901009",114,0,1,0.028035,1,0.005607,1,202.093398432694,1,4.8277577227735,1749.69995117188,1,4.31680011749268,34.9249992370605,0.0280349999666214,0.0131890568882227,194.876205444336,-86.5718,27.0931,11.9206662278526,63,63,63,63,61,63,0,7818,1.13366707078925,27,-87,0.001869,51,2026-06-22 08:41:50.000917,1749.69995117188,1.037,0.0011,"aoml_navis",1035.67748986533
"7901009",114,0,1,0.024297,1,0.001869,1,202.376709441852,1,4.82671083912927,1799.59997558594,1,4.31379985809326,34.9259986877441,0.0242970008403063,0.00989179313182831,195.149398803711,-86.5718,27.0931,11.9206662278526,63,63,63,63,61,63,0,7818,1.13366707078925,27,-87,0.001869,51,2026-06-22 08:41:50.000917,1799.59997558594,1.037,0.0011,"aoml_navis",1035.90212188928
"7901009",114,0,1,0.026166,1,0.003738,1,202.538382173117,1,4.8256734183078,1849.30004882812,1,4.31099987030029,34.9259986877441,0.0261659994721413,0.0115404240787029,195.305297851562,-86.5718,27.0931,11.9206662278526,63,63,63,63,61,63,0,7818,1.13366707078925,27,-87,0.001869,51,2026-06-22 08:41:50.000917,1849.30004882812,1.037,0.0011,"aoml_navis",1036.12481960152
"7901009",114,0,1,0.031773,1,0.009345,1,202.892742469089,1,4.82463563808093,1899.09997558594,1,4.30849981307983,34.9259986877441,0.0317730009555817,0.0164863225072622,195.647003173828,-86.5718,27.0931,11.9206662278526,63,63,63,63,61,63,0,7818,1.13366707078925,27,-87,0.001869,51,2026-06-22 08:41:50.000917,1899.09997558594,1.037,0.0011,"aoml_navis",1036.34769028669
"7901009",114,0,1,0.026166,1,0.003738,1,203.147428052892,1,4.82362594366974,1947.5,1,4.3076000213623,34.9269981384277,0.0261659994721413,0.0115404240787029,195.892593383789,-86.5718,27.0931,11.9206662278526,63,63,63,63,61,63,0,7818,1.13366707078925,27,-87,0.001869,51,2026-06-22 08:41:50.000917,1947.5,1.037,0.0011,"aoml_navis",1036.5646213844
"7901009",114,0,1,0.029904,1,0.007476,1,200.907334235842,4,4.82254691702346,1999.5,1,4.30700016021729,34.9269981384277,0.0299040004611015,0.0148376896977425,193.732498168945,-86.5718,27.0931,11.9206662278526,63,63,63,63,61,63,0,7818,1.13366707078925,27,-87,0.001869,51,2026-06-22 08:41:50.000917,1999.5,1.037,0.0011,"aoml_navis",1036.79654880083
"7901009",115,0.02143221817591,5,0.033642,1,0.011214,1,191.004341423516,1,4.88874027751662,2.20000004768372,1,30.2339992523193,36.4710006713867,0.0336420014500618,0.517670512199402,184.18310546875,-86.723,27.1218,13.9073466143278,63,63,63,63,61,63,0.024297,7818,1.13366707078925,27,-87,0.001869,51,2026-07-02 16:14:28.001737,2.20000004768372,1.037,0.0011,"aoml_navis",1022.75836231167
"7901009",115,0.02143221817591,5,0.035511,1,0.013083,1,191.070596090842,1,4.88862946706342,4,1,30.1889991760254,36.4710006713867,0.0355109982192516,0.517670512199402,184.246994018555,-86.723,27.1218,13.9073466143278,63,63,63,63,61,63,0.024297,7818,1.13366707078925,27,-87,0.001869,51,2026-07-02 16:14:28.001737,4,1.037,0.0011,"aoml_navis",1022.78154515226
"7901009",115,0.02143221817591,5,0.041118,1,0.01869,1,191.21434039416,1,4.88855562540932,6,1,30.1580009460449,36.4659996032715,0.041117999702692,0.517670512199402,184.385604858398,-86.723,27.1218,13.9073466143278,63,63,63,63,61,63,0.024297,7818,1.13366707078925,27,-87,0.001869,51,2026-07-02 16:14:28.001737,6,1.037,0.0011,"aoml_navis",1022.79699427197
"7901009",115,0.02143221817591,5,0.046725,1,0.024297,1,191.362214735255,1,4.88849826093901,8,1,30.136999130249,36.4609985351562,0.0467250011861324,0.517670512199402,184.528198242188,-86.723,27.1218,13.9073466143278,63,63,63,63,61,63,0.024297,7818,1.13366707078925,27,-87,0.001869,51,2026-07-02 16:14:28.001737,8,1.037,0.0011,"aoml_navis",1022.80899636437
"7901009",115,0.02143221817591,5,0.044856,1,0.022428,1,191.357246030803,1,4.88843005461107,10.1000003814697,1,30.1149997711182,36.4580001831055,0.0448560006916523,0.517670512199402,184.523406982422,-86.723,27.1218,13.9073466143278,63,63,63,63,61,63,0.024297,7818,1.13366707078925,27,-87,0.001869,51,2026-07-02 16:14:28.001737,10.1000003814697,1.037,0.0011,"aoml_navis",1022.8232672131
"7901009",115,0.02143221817591,5,0.046725,1,0.024297,1,191.287241099288,1,4.88832755929081,12,1,30.0979995727539,36.4679985046387,0.0467250011861324,0.517670512199402,184.455902099609,-86.723,27.1218,13.9073466143278,63,63,63,63,61,63,0.024297,7818,1.13366707078925,27,-87,0.001869,51,2026-07-02 16:14:28.001737,12,1.037,0.0011,"aoml_navis",1022.84471311603
"7901009",115,0.0263781146780431,1,0.052332,1,0.029904,1,191.256337023509,1,4.8882448378068,14,1,30.0790004730225,36.4710006713867,0.0523319989442825,0.517670512199402,184.42610168457,-86.723,27.1218,13.9073466143278,63,63,63,63,61,63,0.029904,7818,1.13366707078925,27,-87,0.001869,51,2026-07-02 16:14:28.001737,14,1.037,0.0011,"aoml_navis",1022.86202223932
"7901009",115,0.0263781146780431,1,0.052332,1,0.029904,1,191.559048221491,1,4.88808752308211,16,1,30.007999420166,36.4710006713867,0.0523319989442825,0.517670512199402,184.718002319336,-86.723,27.1218,13.9073466143278,63,63,63,63,61,63,0.029904,7818,1.13366707078925,27,-87,0.001869,51,2026-07-02 16:14:28.001737,16,1.037,0.0011,"aoml_navis",1022.89494130157
"7901009",115,0.0263781146780431,1,0.052332,1,0.029904,1,192.500681010739,1,4.88774308659066,17.8999996185303,1,29.761999130249,36.4440002441406,0.0523319989442825,0.517670512199402,185.626007080078,-86.723,27.1218,13.9073466143278,63,63,63,63,61,63,0.029904,7818,1.13366707078925,27,-87,0.001869,51,2026-07-02 16:14:28.001737,17.8999996185303,1.037,0.0011,"aoml_navis",1022.96702412967
"7901009",115,0.0247294825106654,1,0.050463,1,0.028035,1,194.118025957658,1,4.88730417063447,20,1,29.4699993133545,36.4220008850098,0.0504629984498024,0.517670512199402,187.185592651367,-86.723,27.1218,13.9073466143278,63,63,63,63,61,63,0.028035,7818,1.13366707078925,27,-87,0.001869,51,2026-07-02 16:14:28.001737,20,1.037,0.0011,"aoml_navis",1023.05889411235
"7901009",115,0.02143221817591,1,0.046725,1,0.024297,1,194.762343498664,1,4.88699452786938,22,1,29.2950000762939,36.4179992675781,0.0467250011861324,0.517670512199402,187.806900024414,-86.723,27.1218,13.9073466143278,63,63,63,63,61,63,0.024297,7818,1.13366707078925,27,-87,0.001869,51,2026-07-02 16:14:28.001737,22,1.037,0.0011,"aoml_navis",1023.12371570833
"7901009",115,0.0263781146780431,1,0.052332,1,0.029904,1,195.133809540097,1,4.88678278887453,24,1,29.1690006256104,36.4090003967285,0.0523319989442825,0.517670512199402,188.165100097656,-86.723,27.1218,13.9073466143278,63,63,63,63,61,63,0.029904,7818,1.13366707078925,27,-87,0.001869,51,2026-07-02 16:14:28.001737,24,1.037,0.0011,"aoml_navis",1023.16804654859
"7901009",115,0.0263781146780431,1,0.052332,1,0.029904,1,195.539803330303,1,4.88655668520384,26,1,29.0270004272461,36.3969993591309,0.0523319989442825,0.517670512199402,188.556594848633,-86.723,27.1218,13.9073466143278,63,63,63,63,61,63,0.029904,7818,1.13366707078925,27,-87,0.001869,51,2026-07-02 16:14:28.001737,26,1.037,0.0011,"aoml_navis",1023.21538909794
"7901009",115,0.0247294825106654,1,0.050463,1,0.028035,1,195.594142601284,1,4.8864456679218,28,1,28.9810009002686,36.3959999084473,0.0504629984498024,0.517670512199402,188.608993530273,-86.723,27.1218,13.9073466143278,63,63,63,63,61,63,0.028035,7818,1.13366707078925,27,-87,0.001869,51,2026-07-02 16:14:28.001737,28,1.037,0.0011,"aoml_navis",1023.2386359729
"7901009",115,0.0280267468454208,1,0.054201,1,0.031773,1,195.983347234089,1,4.88624381333949,30,1,28.8759994506836,36.3940010070801,0.0542009994387627,0.517670512199402,188.984298706055,-86.723,27.1218,13.9073466143278,63,63,63,63,61,63,0.031773,7818,1.13366707078925,27,-87,0.001869,51,2026-07-02 16:14:28.001737,30,1.037,0.0011,"aoml_navis",1023.28090676727
"7901009",115,0.0329726433475539,1,0.059808,1,0.03738,1,196.644770410485,1,4.88597811034067,32,1,28.7329998016357,36.3930015563965,0.0598080009222031,0.517670512199402,189.622100830078,-86.723,27.1218,13.9073466143278,63,63,63,63,61,63,0.03738,7818,1.13366707078925,27,-87,0.001869,51,2026-07-02 16:14:28.001737,32,1.037,0.0011,"aoml_navis",1023.33655351792
"7901009",115,0.0362699076823093,1,0.063546,1,0.041118,1,197.044228930185,1,4.88577157581376,34,1,28.6380004882812,36.3969993591309,0.0635460019111633,0.517670512199402,190.007293701172,-86.723,27.1218,13.9073466143278,63,63,63,63,61,63,0.041118,7818,1.13366707078925,27,-87,0.001869,51,2026-07-02 16:14:28.001737,34,1.037,0.0011,"aoml_navis",1023.37981266904
"7901009",115,0.0395671720170646,1,0.067284,1,0.044856,1,197.915967555216,1,4.88550217141134,36,1,28.5100002288818,36.4039993286133,0.0672840029001236,0.517670512199402,190.847900390625,-86.723,27.1218,13.9073466143278,63,63,63,63,61,63,0.044856,7818,1.13366707078925,27,-87,0.001869,51,2026-07-02 16:14:28.001737,36,1.037,0.0011,"aoml_navis",1023.43624556318
"7901009",115,0.0412158041844423,1,0.069153,1,0.046725,1,198.805334004321,1,4.88518382687389,38.0999984741211,1,28.3519992828369,36.4109992980957,0.0691530033946037,0.517670512199402,191.705505371094,-86.723,27.1218,13.9073466143278,63,63,63,63,61,63,0.046725,7818,1.13366707078925,27,-87,0.001869,51,2026-07-02 16:14:28.001737,38.0999984741211,1.037,0.0011,"aoml_navis",1023.50293810736
"7901009",115,0.0461617006865754,1,0.07476,1,0.052332,1,199.483862816108,1,4.88484309064123,39.7999992370605,1,28.1900005340576,36.4249992370605,0.0747599974274635,0.517670512199402,192.359802246094,-86.723,27.1218,13.9073466143278,63,63,63,63,61,63,0.052332,7818,1.13366707078925,27,-87,0.001869,51,2026-07-02 16:14:28.001737,39.7999992370605,1.037,0.0011,"aoml_navis",1023.57433129826
"7901009",115,0.0494589650213308,1,0.078498,1,0.05607,1,200.589336261075,1,4.88445945465236,41.9000015258789,1,28.0030002593994,36.4379997253418,0.0784979984164238,0.517670512199402,193.425796508789,-86.723,27.1218,13.9073466143278,63,63,63,63,61,63,0.05607,7818,1.13366707078925,27,-87,0.001869,51,2026-07-02 16:14:28.001737,41.9000015258789,1.037,0.0011,"aoml_navis",1023.65472503566
"7901009",115,0.0560534936908416,1,0.085974,1,0.063546,1,203.307091005113,1,4.88379212567073,44.0999984741211,1,27.6299991607666,36.4490013122559,0.0859740003943443,0.517670512199402,196.046493530273,-86.723,27.1218,13.9073466143278,63,63,63,63,61,63,0.063546,7818,1.13366707078925,27,-87,0.001869,51,2026-07-02 16:14:28.001737,44.0999984741211,1.037,0.0011,"aoml_navis",1023.79459881563
"7901009",115,0.0609993901929747,1,0.091581,1,0.069153,1,206.692076296673,1,4.88295462494343,45.9000015258789,1,27.1660003662109,36.4720001220703,0.0915810018777847,0.517670512199402,199.310592651367,-86.723,27.1218,13.9073466143278,63,63,63,63,61,63,0.069153,7818,1.13366707078925,27,-87,0.001869,51,2026-07-02 16:14:28.001737,45.9000015258789,1.037,0.0011,"aoml_navis",1023.9701951066
"7901009",115,0.0692425510298631,1,0.100926,1,0.078498,1,208.194017544329,1,4.88244592596287,48,1,26.9139995574951,36.4939994812012,0.100925996899605,0.517670512199402,200.758895874023,-86.723,27.1218,13.9073466143278,63,63,63,63,61,63,0.078498,7818,1.13366707078925,27,-87,0.001869,51,2026-07-02 16:14:28.001737,48,1.037,0.0011,"aoml_navis",1024.07688191937
"7901009",115,0.0758370796993739,1,0.108402,1,0.085974,1,208.443940213484,1,4.88230873236953,50,1,26.8980007171631,36.5139999389648,0.108401998877525,0.517670512199402,200.999893188477,-86.723,27.1218,13.9073466143278,63,63,63,63,61,63,0.085974,7818,1.13366707078925,27,-87,0.001869,51,2026-07-02 16:14:28.001737,50,1.037,0.0011,"aoml_navis",1024.10565863035
"7901009",115,0.0725398153646185,1,0.104664,1,0.082236,1,209.1718395918,1,4.88200466577004,52.0999984741211,1,26.7670001983643,36.5309982299805,0.104663997888565,0.517670512199402,201.701797485352,-86.723,27.1218,13.9073466143278,63,63,63,63,61,63,0.082236,7818,1.13366707078925,27,-87,0.001869,51,2026-07-02 16:14:28.001737,52.0999984741211,1.037,0.0011,"aoml_navis",1024.16944315053
"7901009",115,0.080782976201507,1,0.114009,1,0.091581,1,211.734868246246,1,4.88132591254533,53.9000015258789,1,26.3819999694824,36.5470008850098,0.114009000360966,0.517670512199402,204.173294067383,-86.723,27.1218,13.9073466143278,63,63,63,63,61,63,0.091581,7818,1.13366707078925,27,-87,0.001869,51,2026-07-02 16:14:28.001737,53.9000015258789,1.037,0.0011,"aoml_navis",1024.31185493058
"7901009",115,0.080782976201507,1,0.114009,1,0.091581,1,213.714469725073,1,4.88047241291146,56,1,25.882999420166,36.5639991760254,0.114009000360966,0.517670512199402,206.08219909668,-86.723,27.1218,13.9073466143278,63,63,63,63,61,63,0.091581,7818,1.13366707078925,27,-87,0.001869,51,2026-07-02 16:14:28.001737,56,1.037,0.0011,"aoml_navis",1024.49098713729
"7901009",115,0.0906747692057731,1,0.125223,1,0.102795,1,215.137069940494,1,4.87996007202014,58.0999984741211,1,25.5259990692139,36.5470008850098,0.125222995877266,0.517670512199402,207.453994750977,-86.723,27.1218,13.9073466143278,63,63,63,63,61,63,0.102795,7818,1.13366707078925,27,-87,0.001869,51,2026-07-02 16:14:28.001737,58.0999984741211,1.037,0.0011,"aoml_navis",1024.59854716192
"7901009",115,0.102215194377417,1,0.138306,1,0.115878,1,215.944405294443,1,4.87960779550122,60,1,25.2719993591309,36.5299987792969,0.138306006789207,0.517670512199402,208.232498168945,-86.723,27.1218,13.9073466143278,63,63,63,63,61,63,0.115878,7818,1.13366707078925,27,-87,0.001869,51,2026-07-02 16:14:28.001737,60,1.037,0.0011,"aoml_navis",1024.67251663336
"7901009",115,0.108809723046928,1,0.145782,1,0.123354,1,215.867880916322,1,4.87945862461113,61.9000015258789,1,25.1919994354248,36.5279998779297,0.145781993865967,0.517670512199402,208.158706665039,-86.723,27.1218,13.9073466143278,63,63,63,63,61,63,0.123354,7818,1.13366707078925,27,-87,0.001869,51,2026-07-02 16:14:28.001737,61.9000015258789,1.037,0.0011,"aoml_navis",1024.70384209856
"7901009",115,0.10716109087955,1,0.143913,1,0.121485,1,215.376422244763,1,4.87927982854236,63.9000015258789,1,25.0930004119873,36.5260009765625,0.143913000822067,0.517670512199402,207.684799194336,-86.723,27.1218,13.9073466143278,63,63,63,63,61,63,0.121485,7818,1.13366707078925,27,-87,0.001869,51,2026-07-02 16:14:28.001737,63.9000015258789,1.037,0.0011,"aoml_navis",1024.74139129129
"7901009",115,0.126944676888082,1,0.166341,1,0.143913,1,214.802220402569,1,4.87887342577412,66,1,24.8810005187988,36.5410003662109,0.166341006755829,0.517670512199402,207.131103515625,-86.723,27.1218,13.9073466143278,63,63,63,63,61,63,0.143913,7818,1.13366707078925,27,-87,0.001869,51,2026-07-02 16:14:28.001737,66,1.037,0.0011,"aoml_navis",1024.8267506974
"7901009",115,0.131890573390215,1,0.171948,1,0.14952,1,214.337836423103,1,4.87865457611212,68,1,24.7709999084473,36.5460014343262,0.171948000788689,0.517670512199402,206.683303833008,-86.723,27.1218,13.9073466143278,63,63,63,63,61,63,0.14952,7818,1.13366707078925,27,-87,0.001869,51,2026-07-02 16:14:28.001737,68,1.037,0.0011,"aoml_navis",1024.87272300073
"7901009",115,0.140133734227104,1,0.181293,1,0.158865,1,213.767875385982,1,4.87847808544705,70,1,24.6800003051758,36.5470008850098,0.181292995810509,0.517670512199402,206.133697509766,-86.723,27.1218,13.9073466143278,63,63,63,63,61,63,0.158865,7818,1.13366707078925,27,-87,0.001869,51,2026-07-02 16:14:28.001737,70,1.037,0.0011,"aoml_navis",1024.9098002337
"7901009",115,0.146728262896615,1,0.188769,1,0.166341,1,213.128336662634,1,4.87837055263523,72,1,24.6340007781982,36.5470008850098,0.188768997788429,0.517670512199402,205.516998291016,-86.723,27.1218,13.9073466143278,63,63,63,63,61,63,0.166341,7818,1.13366707078925,27,-87,0.001869,51,2026-07-02 16:14:28.001737,72,1.037,0.0011,"aoml_navis",1024.93239208716
"7901009",115,0.148376895063992,1,0.190638,1,0.16821,1,212.425644756268,1,4.87817429526562,74,1,24.5240001678467,36.5460014343262,0.19063800573349,0.517670512199402,204.839401245117,-86.723,27.1218,13.9073466143278,63,63,63,63,61,63,0.16821,7818,1.13366707078925,27,-87,0.001869,51,2026-07-02 16:14:28.001737,74,1.037,0.0011,"aoml_navis",1024.97362688591
"7901009",115,0.148376895063992,1,0.190638,1,0.16821,1,211.630240622563,1,4.87808505256162,76,1,24.507999420166,36.5530014038086,0.19063800573349,0.517670512199402,204.072402954102,-86.723,27.1218,13.9073466143278,63,63,63,63,61,63,0.16821,7818,1.13366707078925,27,-87,0.001869,51,2026-07-02 16:14:28.001737,76,1.037,0.0011,"aoml_navis",1024.99237838716
"7901009",115,0.153322791566125,1,0.196245,1,0.173817,1,210.169678872174,1,4.87794251382539,78,1,24.4599990844727,36.5620002746582,0.19624499976635,0.517670512199402,202.664001464844,-86.723,27.1218,13.9073466143278,63,63,63,63,61,63,0.173817,7818,1.13366707078925,27,-87,0.001869,51,2026-07-02 16:14:28.001737,78,1.037,0.0011,"aoml_navis",1025.02232976889
"7901009",115,0.166511848905147,1,0.211197,1,0.188769,1,209.460340928005,1,4.87775340199438,80,1,24.3570003509521,36.5620002746582,0.211197003722191,0.517670512199402,201.979995727539,-86.723,27.1218,13.9073466143278,63,63,63,63,61,63,0.188769,7818,1.13366707078925,27,-87,0.001869,51,2026-07-02 16:14:28.001737,80,1.037,0.0011,"aoml_navis",1025.06207016444
"7901009",115,0.164863216737769,1,0.209328,1,0.1869,1,208.623256642942,1,4.8776671962718,82,1,24.3279991149902,36.5629997253418,0.20932799577713,0.517670512199402,201.172805786133,-86.723,27.1218,13.9073466143278,63,63,63,63,61,63,0.1869,7818,1.13366707078925,27,-87,0.001869,51,2026-07-02 16:14:28.001737,82,1.037,0.0011,"aoml_navis",1025.08018665597
"7901009",115,0.174755009742036,1,0.220542,1,0.198114,1,207.361696253025,1,4.87748343852973,84,1,24.246000289917,36.5699996948242,0.220541998744011,0.517670512199402,199.956298828125,-86.723,27.1218,13.9073466143278,63,63,63,63,61,63,0.198114,7818,1.13366707078925,27,-87,0.001869,51,2026-07-02 16:14:28.001737,84,1.037,0.0011,"aoml_navis",1025.118806248
"7901009",115,0.189592699248435,1,0.237363,1,0.214935,1,206.378066834427,1,4.8773108966019,86,1,24.1490001678467,36.568000793457,0.237362995743752,0.517670512199402,199.007797241211,-86.723,27.1218,13.9073466143278,63,63,63,63,61,63,0.214935,7818,1.13366707078925,27,-87,0.001869,51,2026-07-02 16:14:28.001737,86,1.037,0.0011,"aoml_navis",1025.15507130857
"7901009",115,0.199484492252701,1,0.248577,1,0.226149,1,206.056477724307,1,4.87711356443567,88,1,24.003999710083,36.5540008544922,0.248576998710632,0.517670512199402,198.697692871094,-86.723,27.1218,13.9073466143278,63,63,63,63,61,63,0.226149,7818,1.13366707078925,27,-87,0.001869,51,2026-07-02 16:14:28.001737,88,1.037,0.0011,"aoml_navis",1025.19654995537
"7901009",115,0.211024917424345,1,0.26166,1,0.239232,1,205.160275350606,1,4.87696270972423,90.1999969482422,1,23.9220008850098,36.5509986877441,0.261660009622574,0.517670512199402,197.83349609375,-86.723,27.1218,13.9073466143278,63,63,63,63,61,63,0.239232,7818,1.13366707078925,27,-87,0.001869,51,2026-07-02 16:14:28.001737,90.1999969482422,1.037,0.0011,"aoml_navis",1025.22826144035
"7901009",115,0.237403032102388,1,0.291564,1,0.269136,1,204.376280248461,1,4.87667415099469,92,1,23.7240009307861,36.5429992675781,0.291563987731934,0.517670512199402,197.077499389648,-86.723,27.1218,13.9073466143278,63,63,63,63,61,63,0.269136,7818,1.13366707078925,27,-87,0.001869,51,2026-07-02 16:14:28.001737,92,1.037,0.0011,"aoml_navis",1025.28892544116
"7901009",115,0.245646192939276,1,0.300909,1,0.278481,1,202.917696485513,1,4.87647938578774,93.9000015258789,1,23.6110000610352,36.5419998168945,0.300909012556076,0.517670512199402,195.671005249023,-86.723,27.1218,13.9073466143278,63,63,63,63,61,63,0.278481,7818,1.13366707078925,27,-87,0.001869,51,2026-07-02 16:14:28.001737,93.9000015258789,1.037,0.0011,"aoml_navis",1025.32987519075
"7901009",115,0.255537985943542,1,0.312123,1,0.289695,1,202.8442735917,1,4.87612682683714,95.9000015258789,1,23.3659992218018,36.5330009460449,0.312123000621796,0.517670512199402,195.600204467773,-86.723,27.1218,13.9073466143278,63,63,63,63,61,63,0.289695,7818,1.13366707078925,27,-87,0.001869,51,2026-07-02 16:14:28.001737,95.9000015258789,1.037,0.0011,"aoml_navis",1025.40400969087
"7901009",115,0.273672939784697,1,0.332682,1,0.310254,1,202.766799779608,1,4.87578428081795,98,1,23.1410007476807,36.5289993286133,0.332682013511658,0.517670512199402,195.525497436523,-86.723,27.1218,13.9073466143278,63,63,63,63,61,63,0.310254,7818,1.13366707078925,27,-87,0.001869,51,2026-07-02 16:14:28.001737,98,1.037,0.0011,"aoml_navis",1025.47604898575
"7901009",115,0.288510629291096,1,0.349503,1,0.327075,1,202.607199928963,1,4.87541743957497,100,1,22.9060001373291,36.5289993286133,0.349503010511398,0.517670512199402,195.371597290039,-86.723,27.1218,13.9073466143278,63,63,63,63,61,63,0.327075,7818,1.13366707078925,27,-87,0.001869,51,2026-07-02 16:14:28.001737,100,1.037,0.0011,"aoml_navis",1025.55320892397
"7901009",115,0.323131904806028,1,0.388752,1,0.366324,1,202.337877158986,1,4.87517037665387,102,1,22.753999710083,36.5279998779297,0.388752013444901,0.517670512199402,195.111892700195,-86.723,27.1218,13.9073466143278,63,63,63,63,61,63,0.366324,7818,1.13366707078925,27,-87,0.001869,51,2026-07-02 16:14:28.001737,102,1.037,0.0011,"aoml_navis",1025.60518170686
"7901009",115,0.341266858647183,1,0.409311,1,0.386883,1,202.348051926383,1,4.87492706921082,104,1,22.6119995117188,36.5299987792969,0.40931099653244,0.517670512199402,195.121704101562,-86.723,27.1218,13.9073466143278,63,63,63,63,61,63,0.386883,7818,1.13366707078925,27,-87,0.001869,51,2026-07-02 16:14:28.001737,104,1.037,0.0011,"aoml_navis",1025.65636962635
"7901009",115,0.346212755149316,1,0.414918,1,0.39249,1,201.596511642171,1,4.87482385170545,106,1,22.5639991760254,36.5289993286133,0.414918005466461,0.517670512199402,194.397003173828,-86.723,27.1218,13.9073466143278,63,63,63,63,61,63,0.39249,7818,1.13366707078925,27,-87,0.001869,51,2026-07-02 16:14:28.001737,106,1.037,0.0011,"aoml_navis",1025.6780864504
"7901009",115,0.369293605492603,1,0.441084,1,0.418656,1,200.501086373404,1,4.87457921929717,108,1,22.4150009155273,36.5289993286133,0.441083997488022,0.517670512199402,193.340698242188,-86.723,27.1218,13.9073466143278,63,63,63,63,61,63,0.418656,7818,1.13366707078925,27,-87,0.001869,51,2026-07-02 16:14:28.001737,108,1.037,0.0011,"aoml_navis",1025.72956045238
"7901009",115,0.410509409677046,1,0.487809,1,0.465381,1,198.635986631566,1,4.87429106955509,110,1,22.2280006408691,36.5270004272461,0.487809002399445,0.517670512199402,191.542205810547,-86.723,27.1218,13.9073466143278,63,63,63,63,61,63,0.465381,7818,1.13366707078925,27,-87,0.001869,51,2026-07-02 16:14:28.001737,110,1.037,0.0011,"aoml_navis",1025.79019772334
"7901009",115,0.491292385878553,1,0.57939,1,0.556962,1,197.162971472248,1,4.87392068035142,112,1,21.9790000915527,36.5250015258789,0.579389989376068,0.517670512199402,190.121795654297,-86.723,27.1218,13.9073466143278,63,63,63,63,61,63,0.556962,7818,1.13366707078925,27,-87,0.001869,51,2026-07-02 16:14:28.001737,112,1.037,0.0011,"aoml_navis",1025.86815172369
"7901009",115,0.544048615234639,1,0.639198,1,0.61677,1,195.312587956972,1,4.87366605255747,114,1,21.8120002746582,36.5219993591309,0.639198005199432,0.517670512199402,188.337493896484,-86.723,27.1218,13.9073466143278,63,63,63,63,61,63,0.61677,7818,1.13366707078925,27,-87,0.001869,51,2026-07-02 16:14:28.001737,114,1.037,0.0011,"aoml_navis",1025.92174886013
"7901009",115,0.509427339719707,1,0.599949,1,0.577521,1,192.512912885075,1,4.87348148519782,116,1,21.6940002441406,36.5180015563965,0.59994900226593,0.517670512199402,185.637802124023,-86.723,27.1218,13.9073466143278,63,63,63,63,61,63,0.577521,7818,1.13366707078925,27,-87,0.001869,51,2026-07-02 16:14:28.001737,116,1.037,0.0011,"aoml_navis",1025.96060233048
"7901009",115,0.509427339719707,1,0.599949,1,0.577521,1,190.410834423896,1,4.87319167095492,118,1,21.4909992218018,36.5120010375977,0.59994900226593,0.517670512199402,183.610794067383,-86.723,27.1218,13.9073466143278,63,63,63,63,61,63,0.577521,7818,1.13366707078925,27,-87,0.001869,51,2026-07-02 16:14:28.001737,118,1.037,0.0011,"aoml_navis",1026.02161737263
"7901009",115,0.42204983484869,1,0.500892,1,0.478464,1,189.31002902929,1,4.87295188617354,120,1,21.3110008239746,36.5009994506836,0.500891983509064,0.430292993783951,182.549301147461,-86.723,27.1218,13.9073466143278,63,63,63,63,61,63,0.478464,7818,1.13366707078925,27,-87,0.001869,51,2026-07-02 16:14:28.001737,120,1.037,0.0011,"aoml_navis",1026.07210512112
"7901009",115,0.435238892187711,1,0.515844,1,0.493416,1,188.797935992745,1,4.8728103696577,122,1,21.2129993438721,36.4930000305176,0.515843987464905,0.443482041358948,182.05549621582,-86.723,27.1218,13.9073466143278,63,63,63,63,61,63,0.493416,7818,1.13366707078925,27,-87,0.001869,51,2026-07-02 16:14:28.001737,122,1.037,0.0011,"aoml_navis",1026.10190438239
"7901009",115,0.42204983484869,1,0.500892,1,0.478464,1,188.013418701916,1,4.87269720723517,124,1,21.1940002441406,36.5060005187988,0.500891983509064,0.430292993783951,181.29899597168,-86.723,27.1218,13.9073466143278,63,63,63,63,61,63,0.478464,7818,1.13366707078925,27,-87,0.001869,51,2026-07-02 16:14:28.001737,124,1.037,0.0011,"aoml_navis",1026.12573434192
"7901009",115,0.377536766329492,1,0.450429,1,0.428001,1,187.648282220294,1,4.87258073364835,126,1,21.1340007781982,36.5050010681152,0.450428992509842,0.385779917240143,180.946899414062,-86.723,27.1218,13.9073466143278,63,63,63,63,61,63,0.428001,7818,1.13366707078925,27,-87,0.001869,51,2026-07-02 16:14:28.001737,126,1.037,0.0011,"aoml_navis",1026.15026272869
"7901009",115,0.333023697810294,1,0.399966,1,0.377538,1,187.61685595583,1,4.87245457889482,128,1,21.0610008239746,36.5019989013672,0.39996600151062,0.341266870498657,180.916595458984,-86.723,27.1218,13.9073466143278,63,63,63,63,61,63,0.377538,7818,1.13366707078925,27,-87,0.001869,51,2026-07-02 16:14:28.001737,128,1.037,0.0011,"aoml_navis",1026.17683121309
"7901009",115,0.316537376136517,1,0.381276,1,0.358848,1,187.611365062694,1,4.8723695118307,130,1,21.0219993591309,36.5,0.38127601146698,0.324780523777008,180.91130065918,-86.723,27.1218,13.9073466143278,63,63,63,63,61,63,0.358848,7818,1.13366707078925,27,-87,0.001869,51,2026-07-02 16:14:28.001737,130,1.037,0.0011,"aoml_navis",1026.19474731122
"7901009",115,0.30005105446274,1,0.362586,1,0.340158,1,187.835463127818,1,4.87228549952022,132,1,20.9810009002686,36.4970016479492,0.362585991621017,0.308294206857681,181.127395629883,-86.723,27.1218,13.9073466143278,63,63,63,63,61,63,0.340158,7818,1.13366707078925,27,-87,0.001869,51,2026-07-02 16:14:28.001737,132,1.037,0.0011,"aoml_navis",1026.21244188017
"7901009",115,0.298402422295363,1,0.360717,1,0.338289,1,187.965931179431,1,4.87220840338127,134,1,20.9479999542236,36.4949989318848,0.360716998577118,0.306645601987839,181.253204345703,-86.723,27.1218,13.9073466143278,63,63,63,63,61,63,0.338289,7818,1.13366707078925,27,-87,0.001869,51,2026-07-02 16:14:28.001737,134,1.037,0.0011,"aoml_navis",1026.22868031056
"7901009",115,0.290159261458474,1,0.351372,1,0.328944,1,188.173335030552,1,4.87213233487212,136,1,20.9130001068115,36.492000579834,0.351372003555298,0.298402398824692,181.453201293945,-86.723,27.1218,13.9073466143278,63,63,63,63,61,63,0.328944,7818,1.13366707078925,27,-87,0.001869,51,2026-07-02 16:14:28.001737,136,1.037,0.0011,"aoml_navis",1026.24470279936
"7901009",115,0.273672939784697,1,0.332682,1,0.310254,1,188.212008641,1,4.87204458394252,138,1,20.8689994812012,36.4889984130859,0.332682013511658,0.281916081905365,181.490493774414,-86.723,27.1218,13.9073466143278,63,63,63,63,61,63,0.310254,7818,1.13366707078925,27,-87,0.001869,51,2026-07-02 16:14:28.001737,138,1.037,0.0011,"aoml_navis",1026.26318660531
"7901009",115,0.253889353776165,1,0.310254,1,0.287826,1,188.177892313617,1,4.87194923746445,140,1,20.8330001831055,36.4910011291504,0.310254007577896,0.262132495641708,181.457595825195,-86.723,27.1218,13.9073466143278,63,63,63,63,61,63,0.287826,7818,1.13366707078925,27,-87,0.001869,51,2026-07-02 16:14:28.001737,140,1.037,0.0011,"aoml_navis",1026.28327108806
"7901009",115,0.243997560771899,1,0.29904,1,0.276612,1,188.042977746236,1,4.87189372866436,142,1,20.82200050354,36.4910011291504,0.299039989709854,0.252240717411041,181.327499389648,-86.723,27.1218,13.9073466143278,63,63,63,63,61,63,0.276612,7818,1.13366707078925,27,-87,0.001869,51,2026-07-02 16:14:28.001737,142,1.037,0.0011,"aoml_navis",1026.29496423165
"7901009",115,0.222565342595989,1,0.274743,1,0.252315,1,187.919772864506,1,4.87180886711881,144,1,20.7940006256104,36.4930000305176,0.274742990732193,0.23080849647522,181.208694458008,-86.723,27.1218,13.9073466143278,63,63,63,63,61,63,0.252315,7818,1.13366707078925,27,-87,0.001869,51,2026-07-02 16:14:28.001737,144,1.037,0.0011,"aoml_navis",1026.31284115976
"7901009",115,0.206079020922212,1,0.256053,1,0.233625,1,188.449810203116,1,4.87170611485283,146,1,20.7549991607666,36.4959983825684,0.256053000688553,0.214322179555893,181.719802856445,-86.723,27.1218,13.9073466143278,63,63,63,63,61,63,0.233625,7818,1.13366707078925,27,-87,0.001869,51,2026-07-02 16:14:28.001737,146,1.037,0.0011,"aoml_navis",1026.33448777955
"7901009",115,0.169809113239902,1,0.214935,1,0.192507,1,188.934622836873,1,4.87162639398476,148,1,20.7169990539551,36.4930000305176,0.214935004711151,0.17805227637291,182.187301635742,-86.723,27.1218,13.9073466143278,63,63,63,63,61,63,0.192507,7818,1.13366707078925,27,-87,0.001869,51,2026-07-02 16:14:28.001737,148,1.037,0.0011,"aoml_navis",1026.35128304867
"7901009",115,0.12859330905546,1,0.16821,1,0.145782,1,188.618746154483,1,4.8715449723273,150,1,20.6860008239746,36.4930000305176,0.168209999799728,0.136836469173431,181.882705688477,-86.723,27.1218,13.9073466143278,63,63,63,63,61,63,0.145782,7818,1.13366707078925,27,-87,0.001869,51,2026-07-02 16:14:28.001737,150,1.037,0.0011,"aoml_navis",1026.3684372006
"7901009",115,0.130241941222838,1,0.170079,1,0.147651,1,187.889185266717,1,4.87147710461711,152,1,20.6709995269775,36.4949989318848,0.170078992843628,0.138485088944435,181.17919921875,-86.723,27.1218,13.9073466143278,63,63,63,63,61,63,0.147651,7818,1.13366707078925,27,-87,0.001869,51,2026-07-02 16:14:28.001737,152,1.037,0.0011,"aoml_navis",1026.38273620563
"7901009",115,0.12859330905546,1,0.16821,1,0.145782,1,187.418266016746,1,4.87140664003293,154,1,20.6539993286133,36.4970016479492,0.168209999799728,0.136836469173431,180.72509765625,-86.723,27.1218,13.9073466143278,63,63,63,63,61,63,0.145782,7818,1.13366707078925,27,-87,0.001869,51,2026-07-02 16:14:28.001737,154,1.037,0.0011,"aoml_navis",1026.39758276599
"7901009",115,0.113755619549061,1,0.151389,1,0.128961,1,187.046182843231,1,4.87134601838449,156,1,20.6389999389648,36.4970016479492,0.151389002799988,0.121998779475689,180.366302490234,-86.723,27.1218,13.9073466143278,63,63,63,63,61,63,0.128961,7818,1.13366707078925,27,-87,0.001869,51,2026-07-02 16:14:28.001737,156,1.037,0.0011,"aoml_navis",1026.41035580925
"7901009",115,0.12859330905546,1,0.16821,1,0.145782,1,186.858274036328,1,4.8712921576389,158,1,20.6319999694824,36.4980010986328,0.168209999799728,0.136836469173431,180.185104370117,-86.723,27.1218,13.9073466143278,63,63,63,63,61,63,0.145782,7818,1.13366707078925,27,-87,0.001869,51,2026-07-02 16:14:28.001737,158,1.037,0.0011,"aoml_navis",1026.42170459008
"7901009",115,0.115404251716439,1,0.153258,1,0.13083,1,186.779977381461,1,4.87124320755276,160,1,20.6259994506836,36.4980010986328,0.153257995843887,0.123647406697273,180.109603881836,-86.723,27.1218,13.9073466143278,63,63,63,63,61,63,0.13083,7818,1.13366707078925,27,-87,0.001869,51,2026-07-02 16:14:28.001737,160,1.037,0.0011,"aoml_navis",1026.43201888331
"7901009",115,0.100566562210039,1,0.136437,1,0.114009,1,186.527965957568,1,4.87119528289417,162,1,20.6180000305176,36.4970016479492,0.136436998844147,0.108809724450111,179.866592407227,-86.723,27.1218,13.9073466143278,63,63,63,63,61,63,0.114009,7818,1.13366707078925,27,-87,0.001869,51,2026-07-02 16:14:28.001737,162,1.037,0.0011,"aoml_navis",1026.4421173091
"7901009",115,0.0873775048710178,1,0.121485,1,0.099057,1,186.097508418692,1,4.87112820737436,164,1,20.5979995727539,36.4970016479492,0.121485002338886,0.0956206619739532,179.451507568359,-86.723,27.1218,13.9073466143278,63,63,63,63,61,63,0.099057,7818,1.13366707078925,27,-87,0.001869,51,2026-07-02 16:14:28.001737,164,1.037,0.0011,"aoml_navis",1026.45625143484
"7901009",115,0.0758370796993739,1,0.108402,1,0.085974,1,185.399990927471,1,4.87103734011124,166,1,20.5540008544922,36.4949989318848,0.108401998877525,0.0840802416205406,178.778900146484,-86.723,27.1218,13.9073466143278,63,63,63,63,61,63,0.085974,7818,1.13366707078925,27,-87,0.001869,51,2026-07-02 16:14:28.001737,166,1.037,0.0011,"aoml_navis",1026.47539956773
"7901009",115,0.0511075971887085,1,0.080367,1,0.057939,1,184.153890487393,1,4.87095066543498,168,1,20.5160007476807,36.4939994812012,0.0803669989109039,0.0593507587909698,177.577301025391,-86.723,27.1218,13.9073466143278,63,63,63,63,61,63,0.057939,7818,1.13366707078925,27,-87,0.001869,51,2026-07-02 16:14:28.001737,168,1.037,0.0011,"aoml_navis",1026.49366487753
"7901009",115,0.0494589650213308,1,0.078498,1,0.05607,1,182.480006747459,1,4.87082611678137,170,1,20.4570007324219,36.4959983825684,0.0784979984164238,0.0577021241188049,175.963195800781,-86.723,27.1218,13.9073466143278,63,63,63,63,61,63,0.05607,7818,1.13366707078925,27,-87,0.001869,51,2026-07-02 16:14:28.001737,170,1.037,0.0011,"aoml_navis",1026.51991266401
"7901009",115,0.0461617006865754,1,0.07476,1,0.052332,1,181.233178408002,1,4.87075474712939,172,1,20.4419994354248,36.4990005493164,0.0747599974274635,0.0544048622250557,174.760894775391,-86.723,27.1218,13.9073466143278,63,63,63,63,61,63,0.052332,7818,1.13366707078925,27,-87,0.001869,51,2026-07-02 16:14:28.001737,172,1.037,0.0011,"aoml_navis",1026.53495394051
"7901009",115,0.0346212755149316,1,0.061677,1,0.039249,1,179.555370340984,1,4.87066357728037,174,1,20.4060001373291,36.5,0.0616770014166832,0.0428644381463528,173.143005371094,-86.723,27.1218,13.9073466143278,63,63,63,63,61,63,0.039249,7818,1.13366707078925,27,-87,0.001869,51,2026-07-02 16:14:28.001737,174,1.037,0.0011,"aoml_navis",1026.55416878368
"7901009",115,0.0346212755149316,1,0.061677,1,0.039249,1,178.108496263687,1,4.87051717437476,176,1,20.3269996643066,36.5009994506836,0.0616770014166832,0.0428644381463528,171.747802734375,-86.723,27.1218,13.9073466143278,63,63,63,63,61,63,0.039249,7818,1.13366707078925,27,-87,0.001869,51,2026-07-02 16:14:28.001737,176,1.037,0.0011,"aoml_navis",1026.58502598174
"7901009",115,0.0296753790127985,1,0.05607,1,0.033642,1,176.296169226777,1,4.87041869144586,178,1,20.2880001068115,36.5029983520508,0.0560699999332428,0.0379185378551483,170.000198364258,-86.723,27.1218,13.9073466143278,63,63,63,63,61,63,0.033642,7818,1.13366707078925,27,-87,0.001869,51,2026-07-02 16:14:28.001737,178,1.037,0.0011,"aoml_navis",1026.60578417657
"7901009",115,0.0296753790127985,1,0.05607,1,0.033642,1,173.601738910645,1,4.87033427780769,180.100006103516,1,20.2700004577637,36.507999420166,0.0560699999332428,0.0379185378551483,167.401992797852,-86.723,27.1218,13.9073466143278,63,63,63,63,61,63,0.033642,7818,1.13366707078925,27,-87,0.001869,51,2026-07-02 16:14:28.001737,180.100006103516,1.037,0.0011,"aoml_navis",1026.62357751975
"7901009",115,0.0263781146780431,1,0.052332,1,0.029904,1,171.793890037302,1,4.87021147744576,182,1,20.2159996032715,36.5120010375977,0.0523319989442825,0.0346212722361088,165.658706665039,-86.723,27.1218,13.9073466143278,63,63,63,63,61,63,0.029904,7818,1.13366707078925,27,-87,0.001869,51,2026-07-02 16:14:28.001737,182,1.037,0.0011,"aoml_navis",1026.64946340735
"7901009",115,0.02143221817591,1,0.046725,1,0.024297,1,170.211262725949,1,4.87006095513905,184,1,20.1389999389648,36.5149993896484,0.0467250011861324,0.0296753793954849,164.132598876953,-86.723,27.1218,13.9073466143278,63,63,63,63,61,63,0.024297,7818,1.13366707078925,27,-87,0.001869,51,2026-07-02 16:14:28.001737,184,1.037,0.0011,"aoml_navis",1026.68119476489
"7901009",115,0.0148376895063992,1,0.039249,1,0.016821,1,168.798615743332,1,4.86996166105758,186,1,20.1019992828369,36.5180015563965,0.0392489992082119,0.0230808481574059,162.770401000977,-86.723,27.1218,13.9073466143278,63,63,63,63,61,63,0.016821,7818,1.13366707078925,27,-87,0.001869,51,2026-07-02 16:14:28.001737,186,1.037,0.0011,"aoml_navis",1026.70212785909
"7901009",115,0.0148376895063992,1,0.039249,1,0.016821,1,166.778156955922,1,4.86988857496672,188,1,20.0769996643066,36.5180015563965,0.0392489992082119,0.0230808481574059,160.82209777832,-86.723,27.1218,13.9073466143278,63,63,63,63,61,63,0.016821,7818,1.13366707078925,27,-87,0.001869,51,2026-07-02 16:14:28.001737,188,1.037,0.0011,"aoml_navis",1026.71753635229
"7901009",115,0.0164863216737769,1,0.041118,1,0.01869,1,163.670374736304,1,4.86977918611776,190,1,20.0319995880127,36.5209999084473,0.041117999702692,0.0247294809669256,157.825302124023,-86.723,27.1218,13.9073466143278,63,63,63,63,61,63,0.01869,7818,1.13366707078925,27,-87,0.001869,51,2026-07-02 16:14:28.001737,190,1.037,0.0011,"aoml_navis",1026.74059929729
"7901009",115,0.0131890573390215,1,0.03738,1,0.014952,1,161.385577707269,1,4.8695535647005,192,1,19.9039993286133,36.5270004272461,0.0373799987137318,0.0214322190731764,155.622100830078,-86.723,27.1218,13.9073466143278,63,63,63,63,61,63,0.014952,7818,1.13366707078925,27,-87,0.001869,51,2026-07-02 16:14:28.001737,192,1.037,0.0011,"aoml_navis",1026.78817135212
"7901009",115,0.00659452866951077,1,0.029904,1,0.007476,1,159.887481667198,1,4.86939615721916,194,1,19.818000793457,36.5289993286133,0.0299040004611015,0.0148376896977425,154.177505493164,-86.723,27.1218,13.9073466143278,63,63,63,63,61,63,0.007476,7818,1.13366707078925,27,-87,0.001869,51,2026-07-02 16:14:28.001737,194,1.037,0.0011,"aoml_navis",1026.82136317605
"7901009",115,0.00989179300426616,1,0.033642,1,0.011214,1,158.172218429996,1,4.86930291799684,196,1,19.7740001678467,36.5279998779297,0.0336420014500618,0.0181349534541368,152.523498535156,-86.723,27.1218,13.9073466143278,63,63,63,63,61,63,0.011214,7818,1.13366707078925,27,-87,0.001869,51,2026-07-02 16:14:28.001737,196,1.037,0.0011,"aoml_navis",1026.84102513321
"7901009",115,0.00329726433475539,1,0.026166,1,0.003738,1,155.768378204807,1,4.86918972881831,198,1,19.7169990539551,36.5279998779297,0.0261659994721413,0.0115404240787029,150.205505371094,-86.723,27.1218,13.9073466143278,63,63,63,63,61,63,0.003738,7818,1.13366707078925,27,-87,0.001869,51,2026-07-02 16:14:28.001737,198,1.037,0.0011,"aoml_navis",1026.86489507843
"7901009",115,0.00494589650213308,1,0.028035,1,0.005607,1,152.387633718321,1,4.86907540377537,200,1,19.6590003967285,36.5279998779297,0.0280349999666214,0.0131890568882227,146.945495605469,-86.723,27.1218,13.9073466143278,63,63,63,63,61,63,0.005607,7818,1.13366707078925,27,-87,0.001869,51,2026-07-02 16:14:28.001737,200,1.037,0.0011,"aoml_navis",1026.88900568743
"7901009",115,0.00329726433475539,1,0.026166,1,0.003738,1,150.373409547325,1,4.8688516768104,202,1,19.507999420166,36.5260009765625,0.0261659994721413,0.0115404240787029,145.003204345703,-86.723,27.1218,13.9073466143278,63,63,63,63,61,63,0.003738,7818,1.13366707078925,27,-87,0.001869,51,2026-07-02 16:14:28.001737,202,1.037,0.0011,"aoml_navis",1026.93619191857
"7901009",115,0.00164863216737769,1,0.024297,1,0.001869,1,148.736126487,1,4.86866802003538,204,1,19.371000289917,36.5180015563965,0.0242970008403063,0.00989179313182831,143.424392700195,-86.723,27.1218,13.9073466143278,63,63,63,63,61,63,0.001869,7818,1.13366707078925,27,-87,0.001869,51,2026-07-02 16:14:28.001737,204,1.037,0.0011,"aoml_navis",1026.97493019121
"7901009",115,0.00494589650213308,1,0.028035,1,0.005607,1,146.955858670535,1,4.86848602144135,206,1,19.2259998321533,36.5069999694824,0.0280349999666214,0.0131890568882227,141.707702636719,-86.723,27.1218,13.9073466143278,63,63,63,63,61,63,0.005607,7818,1.13366707078925,27,-87,0.001869,51,2026-07-02 16:14:28.001737,206,1.037,0.0011,"aoml_navis",1027.01332159103
"7901009",115,-0.00164863216737769,1,0.020559,1,-0.001869,1,145.535837750738,1,4.86827386109653,208,1,19.05299949646,36.4949989318848,0.020558999851346,0.00659452844411135,140.338394165039,-86.723,27.1218,13.9073466143278,63,63,63,63,61,63,-0.001869,7818,1.13366707078925,27,-87,0.001869,51,2026-07-02 16:14:28.001737,208,1.037,0.0011,"aoml_navis",1027.05807903621
"7901009",115,0.00164863216737769,1,0.024297,1,0.001869,1,143.662541228944,1,4.86815036170731,210,1,18.9570007324219,36.4850006103516,0.0242970008403063,0.00989179313182831,138.531997680664,-86.723,27.1218,13.9073466143278,63,63,63,63,61,63,0.001869,7818,1.13366707078925,27,-87,0.001869,51,2026-07-02 16:14:28.001737,210,1.037,0.0011,"aoml_navis",1027.08413432128
"7901009",115,0,1,0.022428,1,0,1,141.358043444996,1,4.86798521382349,212,1,18.8120002746582,36.4700012207031,0.0224280003458261,0.00824316125363111,136.309799194336,-86.723,27.1218,13.9073466143278,63,63,63,63,61,63,0,7818,1.13366707078925,27,-87,0.001869,51,2026-07-02 16:14:28.001737,212,1.037,0.0011,"aoml_navis",1027.11897846395
"7901009",115,-0.00164863216737769,1,0.020559,1,-0.001869,1,139.58046569145,1,4.86771715277534,214,1,18.5580005645752,36.4469985961914,0.020558999851346,0.00659452844411135,134.595703125,-86.723,27.1218,13.9073466143278,63,63,63,63,61,63,-0.001869,7818,1.13366707078925,27,-87,0.001869,51,2026-07-02 16:14:28.001737,214,1.037,0.0011,"aoml_navis",1027.17554103349
"7901009",115,0,1,0.022428,1,0,1,138.952019521672,1,4.86751321373244,216,1,18.3700008392334,36.4290008544922,0.0224280003458261,0.00824316125363111,133.989700317383,-86.723,27.1218,13.9073466143278,63,63,63,63,61,63,0,7818,1.13366707078925,27,-87,0.001869,51,2026-07-02 16:14:28.001737,216,1.037,0.0011,"aoml_navis",1027.21857762888
"7901009",115,0.00164863216737769,1,0.024297,1,0.001869,1,138.74564422402,1,4.86742603825417,218,1,18.3110008239746,36.4220008850098,0.0242970008403063,0.00989179313182831,133.79069519043,-86.723,27.1218,13.9073466143278,63,63,63,63,61,63,0.001869,7818,1.13366707078925,27,-87,0.001869,51,2026-07-02 16:14:28.001737,218,1.037,0.0011,"aoml_navis",1027.23697508784
"7901009",115,0,1,0.022428,1,0,1,138.607406637738,1,4.86736184113794,220,1,18.2800006866455,36.4179992675781,0.0224280003458261,0.00824316125363111,133.65739440918,-86.723,27.1218,13.9073466143278,63,63,63,63,61,63,0,7818,1.13366707078925,27,-87,0.001869,51,2026-07-02 16:14:28.001737,220,1.037,0.0011,"aoml_navis",1027.25052362884
"7901009",115,0,1,0.022428,1,0,1,138.467301831312,1,4.8673048846948,222,1,18.2549991607666,36.4140014648438,0.0224280003458261,0.00824316125363111,133.52229309082,-86.723,27.1218,13.9073466143278,63,63,63,63,61,63,0,7818,1.13366707078925,27,-87,0.001869,51,2026-07-02 16:14:28.001737,222,1.037,0.0011,"aoml_navis",1027.26254435436
"7901009",115,0.00164863216737769,1,0.024297,1,0.001869,1,138.771674538745,1,4.86722035263546,224,1,18.201000213623,36.4080009460449,0.0242970008403063,0.00989179313182831,133.815795898438,-86.723,27.1218,13.9073466143278,63,63,63,63,61,63,0.001869,7818,1.13366707078925,27,-87,0.001869,51,2026-07-02 16:14:28.001737,224,1.037,0.0011,"aoml_navis",1027.28038546532
"7901009",115,0.00164863216737769,1,0.024297,1,0.001869,1,139.459333740559,1,4.86714070406449,226,1,18.1539993286133,36.4029998779297,0.0242970008403063,0.00989179313182831,134.478897094727,-86.723,27.1218,13.9073466143278,63,63,63,63,61,63,0.001869,7818,1.13366707078925,27,-87,0.001869,51,2026-07-02 16:14:28.001737,226,1.037,0.0011,"aoml_navis",1027.2971964473
"7901009",115,0,1,0.022428,1,0,1,139.829343983236,1,4.86704676974935,228,1,18.0949993133545,36.3979988098145,0.0224280003458261,0.00824316125363111,134.835693359375,-86.723,27.1218,13.9073466143278,63,63,63,63,61,63,0,7818,1.13366707078925,27,-87,0.001869,51,2026-07-02 16:14:28.001737,228,1.037,0.0011,"aoml_navis",1027.31702334915
"7901009",115,0.00164863216737769,1,0.024297,1,0.001869,1,139.774909768858,1,4.8669697411898,230,1,18.0470008850098,36.3919982910156,0.0242970008403063,0.00989179313182831,134.783203125,-86.723,27.1218,13.9073466143278,63,63,63,63,61,63,0.001869,7818,1.13366707078925,27,-87,0.001869,51,2026-07-02 16:14:28.001737,230,1.037,0.0011,"aoml_navis",1027.33328249082
"7901009",115,-0.00329726433475539,1,0.01869,1,-0.003738,1,139.280761034379,1,4.86691658361681,232,1,18.0249996185303,36.3880004882812,0.0186899993568659,0.00494589656591415,134.306701660156,-86.723,27.1218,13.9073466143278,63,63,63,63,61,63,-0.003738,7818,1.13366707078925,27,-87,0.001869,51,2026-07-02 16:14:28.001737,232,1.037,0.0011,"aoml_navis",1027.34450325925
"7901009",115,-0.00164863216737769,1,0.020559,1,-0.001869,1,137.972741675445,1,4.86683977159779,234,1,17.9710006713867,36.3800010681152,0.020558999851346,0.00659452844411135,133.045394897461,-86.723,27.1218,13.9073466143278,63,63,63,63,61,63,-0.001869,7818,1.13366707078925,27,-87,0.001869,51,2026-07-02 16:14:28.001737,234,1.037,0.0011,"aoml_navis",1027.36071756036
"7901009",115,-0.00164863216737769,1,0.020559,1,-0.001869,1,136.498919497251,1,4.86671842474975,236,1,17.8519992828369,36.3629989624023,0.020558999851346,0.00659452844411135,131.624206542969,-86.723,27.1218,13.9073466143278,63,63,63,63,61,63,-0.001869,7818,1.13366707078925,27,-87,0.001869,51,2026-07-02 16:14:28.001737,236,1.037,0.0011,"aoml_navis",1027.38633379167
"7901009",115,-0.00164863216737769,1,0.020559,1,-0.001869,1,135.357557448152,1,4.86656774477755,238,1,17.6770000457764,36.3359985351562,0.020558999851346,0.00659452844411135,130.52360534668,-86.723,27.1218,13.9073466143278,63,63,63,63,61,63,-0.001869,7818,1.13366707078925,27,-87,0.001869,51,2026-07-02 16:14:28.001737,238,1.037,0.0011,"aoml_navis",1027.41814400213
"7901009",115,0,1,0.022428,1,0,1,135.082633017742,1,4.86644331354782,240,1,17.5480003356934,36.3170013427734,0.0224280003458261,0.00824316125363111,130.258499145508,-86.723,27.1218,13.9073466143278,63,63,63,63,61,63,0,7818,1.13366707078925,27,-87,0.001869,51,2026-07-02 16:14:28.001737,240,1.037,0.0011,"aoml_navis",1027.44441429747
"7901009",115,-0.00164863216737769,1,0.020559,1,-0.001869,1,134.894819154237,1,4.86636753504644,242,1,17.4939994812012,36.3089981079102,0.020558999851346,0.00659452844411135,130.077392578125,-86.723,27.1218,13.9073466143278,63,63,63,63,61,63,-0.001869,7818,1.13366707078925,27,-87,0.001869,51,2026-07-02 16:14:28.001737,242,1.037,0.0011,"aoml_navis",1027.46041354073
"7901009",115,-0.00329726433475539,1,0.01869,1,-0.003738,1,134.747878423215,1,4.8663171748297,244,1,17.4740009307861,36.3050003051758,0.0186899993568659,0.00494589656591415,129.935699462891,-86.723,27.1218,13.9073466143278,63,63,63,63,61,63,-0.003738,7818,1.13366707078925,27,-87,0.001869,51,2026-07-02 16:14:28.001737,244,1.037,0.0011,"aoml_navis",1027.47104645413
"7901009",115,-0.00164863216737769,1,0.020559,1,-0.001869,1,134.641795000775,1,4.86627258789874,246,1,17.4619998931885,36.3019981384277,0.020558999851346,0.00659452844411135,129.833404541016,-86.723,27.1218,13.9073466143278,63,63,63,63,61,63,-0.001869,7818,1.13366707078925,27,-87,0.001869,51,2026-07-02 16:14:28.001737,246,1.037,0.0011,"aoml_navis",1027.48046059602
"7901009",115,-0.00164863216737769,1,0.020559,1,-0.001869,1,134.971359356257,1,4.86619931123841,248,1,17.4099998474121,36.2939987182617,0.020558999851346,0.00659452844411135,130.15119934082,-86.723,27.1218,13.9073466143278,63,63,63,63,61,63,-0.001869,7818,1.13366707078925,27,-87,0.001869,51,2026-07-02 16:14:28.001737,248,1.037,0.0011,"aoml_navis",1027.49593269897
"7901009",115,-0.00494589650213308,1,0.016821,1,-0.005607,1,136.666906014646,1,4.86610019783287,250,1,17.3139991760254,36.2789993286133,0.0168210007250309,0.00329726422205567,131.786193847656,-86.723,27.1218,13.9073466143278,63,63,63,63,61,63,-0.005607,7818,1.13366707078925,27,-87,0.001869,51,2026-07-02 16:14:28.001737,250,1.037,0.0011,"aoml_navis",1027.51686087902
"7901009",115,0.00164863216737769,1,0.024297,1,0.001869,1,139.319133990736,1,4.86593605875392,252,1,17.1459999084473,36.2589988708496,0.0242970008403063,0.00989179313182831,134.343704223633,-86.723,27.1218,13.9073466143278,63,63,63,63,61,63,0.001869,7818,1.13366707078925,27,-87,0.001869,51,2026-07-02 16:14:28.001737,252,1.037,0.0011,"aoml_navis",1027.55152135731
"7901009",115,0,1,0.022428,1,0,1,140.81308416913,1,4.86587600745347,254,1,17.1079998016357,36.2519989013672,0.0224280003458261,0.00824316125363111,135.784301757812,-86.723,27.1218,13.9073466143278,63,63,63,63,61,63,0,7818,1.13366707078925,27,-87,0.001869,51,2026-07-02 16:14:28.001737,254,1.037,0.0011,"aoml_navis",1027.5642026926
"7901009",115,0,1,0.022428,1,0,1,141.423269558853,1,4.86578976277325,256,1,17.0410003662109,36.2430000305176,0.0224280003458261,0.00824316125363111,136.372695922852,-86.723,27.1218,13.9073466143278,63,63,63,63,61,63,0,7818,1.13366707078925,27,-87,0.001869,51,2026-07-02 16:14:28.001737,256,1.037,0.0011,"aoml_navis",1027.58241596329
"7901009",115,0,1,0.01869,1,-0.003738,1,141.325272149072,1,4.86573298931262,258,1,17.011999130249,36.2379989624023,0.0186899993568659,0.00494589656591415,136.278198242188,-86.723,27.1218,13.9073466143278,63,63,63,63,61,63,0,7818,1.13366707078925,27,-87,0.001869,51,2026-07-02 16:14:28.001737,258,1.037,0.0011,"aoml_navis",1027.59440581353
"7901009",115,0,1,0.014952,1,-0.007476,1,140.744218558382,1,4.86568407264767,259.899993896484,1,16.988000869751,36.2330017089844,0.0149520002305508,0.00164863211102784,135.717895507812,-86.723,27.1218,13.9073466143278,63,63,63,63,61,63,0,7818,1.13366707078925,27,-87,0.001869,51,2026-07-02 16:14:28.001737,259.899993896484,1.037,0.0011,"aoml_navis",1027.60473663043
"7901009",115,0,1,0.01869,1,-0.003738,1,139.721076862662,1,4.86560855508213,262,1,16.9349994659424,36.2249984741211,0.0186899993568659,0.00494589656591415,134.731292724609,-86.723,27.1218,13.9073466143278,63,63,63,63,61,63,0,7818,1.13366707078925,27,-87,0.001869,51,2026-07-02 16:14:28.001737,262,1.037,0.0011,"aoml_navis",1027.62068575728
"7901009",115,0,1,0.020559,1,-0.001869,1,137.658004313821,1,4.86550057714871,264,1,16.8169994354248,36.2060012817383,0.020558999851346,0.00659452844411135,132.741897583008,-86.723,27.1218,13.9073466143278,63,63,63,63,61,63,0,7818,1.13366707078925,27,-87,0.001869,51,2026-07-02 16:14:28.001737,264,1.037,0.0011,"aoml_navis",1027.64349129522
"7901009",115,0,1,0.022428,1,0,1,135.205426478084,1,4.8653991019925,266,1,16.701000213623,36.1860008239746,0.0224280003458261,0.00824316125363111,130.376907348633,-86.723,27.1218,13.9073466143278,63,63,63,63,61,63,0,7818,1.13366707078925,27,-87,0.001869,51,2026-07-02 16:14:28.001737,266,1.037,0.0011,"aoml_navis",1027.66492433321
"7901009",115,0,1,0.026166,1,0.003738,1,132.889092417289,1,4.86532235736787,268,1,16.6350002288818,36.1749992370605,0.0261659994721413,0.0115404240787029,128.143295288086,-86.723,27.1218,13.9073466143278,63,63,63,63,61,63,0,7818,1.13366707078925,27,-87,0.001869,51,2026-07-02 16:14:28.001737,268,1.037,0.0011,"aoml_navis",1027.68113451479
"7901009",115,0,1,0.024297,1,0.001869,1,130.036217395177,1,4.86526918761214,270,1,16.5960006713867,36.1660003662109,0.0242970008403063,0.00989179313182831,125.392303466797,-86.723,27.1218,13.9073466143278,63,63,63,63,61,63,0,7818,1.13366707078925,27,-87,0.001869,51,2026-07-02 16:14:28.001737,270,1.037,0.0011,"aoml_navis",1027.69236545655
"7901009",115,0,1,0.024297,1,0.001869,1,128.255103000087,1,4.86515429317882,272,1,16.4640007019043,36.1450004577637,0.0242970008403063,0.00989179313182831,123.674797058105,-86.723,27.1218,13.9073466143278,63,63,63,63,61,63,0,7818,1.13366707078925,27,-87,0.001869,51,2026-07-02 16:14:28.001737,272,1.037,0.0011,"aoml_navis",1027.71663521756
"7901009",115,0,1,0.028035,1,0.005607,1,128.119879866665,1,4.86502999831966,274,1,16.3229999542236,36.1240005493164,0.0280349999666214,0.0131890568882227,123.544403076172,-86.723,27.1218,13.9073466143278,63,63,63,63,61,63,0,7818,1.13366707078925,27,-87,0.001869,51,2026-07-02 16:14:28.001737,274,1.037,0.0011,"aoml_navis",1027.74289197126
"7901009",115,0,1,0.024297,1,0.001869,1,128.182202294959,1,4.86493402055681,276,1,16.2259998321533,36.109001159668,0.0242970008403063,0.00989179313182831,123.604499816895,-86.723,27.1218,13.9073466143278,63,63,63,63,61,63,0,7818,1.13366707078925,27,-87,0.001869,51,2026-07-02 16:14:28.001737,276,1.037,0.0011,"aoml_navis",1027.76316777832
"7901009",115,0,1,0.022428,1,0,1,128.02706478398,1,4.8648700159372,278,1,16.1669998168945,36.0970001220703,0.0224280003458261,0.00824316125363111,123.454902648926,-86.723,27.1218,13.9073466143278,63,63,63,63,61,63,0,7818,1.13366707078925,27,-87,0.001869,51,2026-07-02 16:14:28.001737,278,1.037,0.0011,"aoml_navis",1027.77668953541
"7901009",115,0,1,0.020559,1,-0.001869,1,127.806384681154,1,4.86472865099755,280,1,15.996000289917,36.0719985961914,0.020558999851346,0.00659452844411135,123.24210357666,-86.723,27.1218,13.9073466143278,63,63,63,63,61,63,0,7818,1.13366707078925,27,-87,0.001869,51,2026-07-02 16:14:28.001737,280,1.037,0.0011,"aoml_navis",1027.80655586509
"7901009",115,0,1,0.022428,1,0,1,127.503673483172,1,4.86463952933164,282,1,15.9040002822876,36.056999206543,0.0224280003458261,0.00824316125363111,122.950202941895,-86.723,27.1218,13.9073466143278,63,63,63,63,61,63,0,7818,1.13366707078925,27,-87,0.001869,51,2026-07-02 16:14:28.001737,282,1.037,0.0011,"aoml_navis",1027.82538559172
"7901009",115,0,1,0.020559,1,-0.001869,1,127.179077832142,1,4.86455485235912,284,1,15.8190002441406,36.0429992675781,0.020558999851346,0.00659452844411135,122.637199401855,-86.723,27.1218,13.9073466143278,63,63,63,63,61,63,0,7818,1.13366707078925,27,-87,0.001869,51,2026-07-02 16:14:28.001737,284,1.037,0.0011,"aoml_navis",1027.84327687768
"7901009",115,0,1,0.020559,1,-0.001869,1,126.792056897472,1,4.86446793930814,286,1,15.7349996566772,36.0299987792969,0.020558999851346,0.00659452844411135,122.263999938965,-86.723,27.1218,13.9073466143278,63,63,63,63,61,63,0,7818,1.13366707078925,27,-87,0.001869,51,2026-07-02 16:14:28.001737,286,1.037,0.0011,"aoml_navis",1027.86164126947
"7901009",115,0,1,0.01869,1,-0.003738,1,126.348307282991,1,4.86439009752272,288,1,15.6590003967285,36.0169982910156,0.0186899993568659,0.00494589656591415,121.836097717285,-86.723,27.1218,13.9073466143278,63,63,63,63,61,63,0,7818,1.13366707078925,27,-87,0.001869,51,2026-07-02 16:14:28.001737,288,1.037,0.0011,"aoml_navis",1027.87808949499
"7901009",115,0,1,0.014952,1,-0.007476,1,125.884026158872,1,4.86430372550425,290,1,15.5749998092651,36.0040016174316,0.0149520002305508,0.00164863211102784,121.388397216797,-86.723,27.1218,13.9073466143278,63,63,63,63,61,63,0,7818,1.13366707078925,27,-87,0.001869,51,2026-07-02 16:14:28.001737,290,1.037,0.0011,"aoml_navis",1027.89634080295
"7901009",115,0,1,0.01869,1,-0.003738,1,125.305361977011,1,4.86423693285506,292,1,15.5120000839233,35.992000579834,0.0186899993568659,0.00494589656591415,120.83039855957,-86.723,27.1218,13.9073466143278,63,63,63,63,61,63,0,7818,1.13366707078925,27,-87,0.001869,51,2026-07-02 16:14:28.001737,292,1.037,0.0011,"aoml_navis",1027.91045523049
"7901009",115,0,1,0.022428,1,0,1,124.678165895295,1,4.86414602093865,294,1,15.4200000762939,35.9780006408691,0.0224280003458261,0.00824316125363111,120.225601196289,-86.723,27.1218,13.9073466143278,63,63,63,63,61,63,0,7818,1.13366707078925,27,-87,0.001869,51,2026-07-02 16:14:28.001737,294,1.037,0.0011,"aoml_navis",1027.92966709398
"7901009",115,0,1,0.022428,1,0,1,124.249456897316,1,4.86403753725717,296,1,15.2980003356934,35.9599990844727,0.0224280003458261,0.00824316125363111,119.812202453613,-86.723,27.1218,13.9073466143278,63,63,63,63,61,63,0,7818,1.13366707078925,27,-87,0.001869,51,2026-07-02 16:14:28.001737,296,1.037,0.0011,"aoml_navis",1027.95259323173
"7901009",115,0,1,0.01869,1,-0.003738,1,123.924030491561,1,4.86397321316055,298,1,15.2399997711182,35.9490013122559,0.0186899993568659,0.00494589656591415,119.498397827148,-86.723,27.1218,13.9073466143278,63,63,63,63,61,63,0,7818,1.13366707078925,27,-87,0.001869,51,2026-07-02 16:14:28.001737,298,1.037,0.0011,"aoml_navis",1027.96618749285
"7901009",115,0,1,0.01869,1,-0.003738,1,123.739958980295,1,4.86389544561894,300,1,15.1660003662109,35.9370002746582,0.0186899993568659,0.00494589656591415,119.320899963379,-86.723,27.1218,13.9073466143278,63,63,63,63,61,63,0,7818,1.13366707078925,27,-87,0.001869,51,2026-07-02 16:14:28.001737,300,1.037,0.0011,"aoml_navis",1027.98262337313
"7901009",115,0,1,0.024297,1,0.001869,1,123.717663105859,1,4.86379576607601,302,1,15.0509996414185,35.9189987182617,0.0242970008403063,0.00989179313182831,119.29940032959,-86.723,27.1218,13.9073466143278,63,63,63,63,61,63,0,7818,1.13366707078925,27,-87,0.001869,51,2026-07-02 16:14:28.001737,302,1.037,0.0011,"aoml_navis",1028.00369104188
"7901009",115,0,1,0.01869,1,-0.003738,1,123.528504210894,1,4.86371856816566,304,1,14.9770002365112,35.9070014953613,0.0186899993568659,0.00494589656591415,119.116996765137,-86.723,27.1218,13.9073466143278,63,63,63,63,61,63,0,7818,1.13366707078925,27,-87,0.001869,51,2026-07-02 16:14:28.001737,304,1.037,0.0011,"aoml_navis",1028.02000772132
"7901009",115,0,1,0.024297,1,0.001869,1,123.441393643989,1,4.86364774692435,306,1,14.918999671936,35.8979988098145,0.0242970008403063,0.00989179313182831,119.032997131348,-86.723,27.1218,13.9073466143278,63,63,63,63,61,63,0,7818,1.13366707078925,27,-87,0.001869,51,2026-07-02 16:14:28.001737,306,1.037,0.0011,"aoml_navis",1028.03497707289
"7901009",115,0,1,0.016821,1,-0.005607,1,123.210863163706,1,4.86359867587671,308,1,14.8950004577637,35.8930015563965,0.0168210007250309,0.00329726422205567,118.810699462891,-86.723,27.1218,13.9073466143278,63,63,63,63,61,63,0,7818,1.13366707078925,27,-87,0.001869,51,2026-07-02 16:14:28.001737,308,1.037,0.0011,"aoml_navis",1028.04534938292
"7901009",115,0,1,0.022428,1,0,1,122.955750255506,1,4.86352135461895,310,1,14.8170003890991,35.8800010681152,0.0224280003458261,0.00824316125363111,118.564697265625,-86.723,27.1218,13.9073466143278,63,63,63,63,61,63,0,7818,1.13366707078925,27,-87,0.001869,51,2026-07-02 16:14:28.001737,310,1.037,0.0011,"aoml_navis",1028.06169345827
"7901009",115,0,1,0.020559,1,-0.001869,1,122.733930831914,1,4.86342616973323,312,1,14.7150001525879,35.8650016784668,0.020558999851346,0.00659452844411135,118.350799560547,-86.723,27.1218,13.9073466143278,63,63,63,63,61,63,0,7818,1.13366707078925,27,-87,0.001869,51,2026-07-02 16:14:28.001737,312,1.037,0.0011,"aoml_navis",1028.08181423966
"7901009",115,0,1,0.020559,1,-0.001869,1,122.459528590189,1,4.86334675261247,314,1,14.6309995651245,35.851001739502,0.020558999851346,0.00659452844411135,118.086196899414,-86.723,27.1218,13.9073466143278,63,63,63,63,61,63,0,7818,1.13366707078925,27,-87,0.001869,51,2026-07-02 16:14:28.001737,314,1.037,0.0011,"aoml_navis",1028.09860253418
"7901009",115,0,1,0.024297,1,0.001869,1,121.957499553745,1,4.86327925237154,315.899993896484,1,14.5629997253418,35.8390007019043,0.0242970008403063,0.00989179313182831,117.602096557617,-86.723,27.1218,13.9073466143278,63,63,63,63,61,63,0,7818,1.13366707078925,27,-87,0.001869,51,2026-07-02 16:14:28.001737,315.899993896484,1.037,0.0011,"aoml_navis",1028.1128721041
"7901009",115,0,1,0.01869,1,-0.003738,1,121.518109423584,1,4.86317935891193,317.899993896484,1,14.4449996948242,35.8209991455078,0.0186899993568659,0.00494589656591415,117.178398132324,-86.723,27.1218,13.9073466143278,63,63,63,63,61,63,0,7818,1.13366707078925,27,-87,0.001869,51,2026-07-02 16:14:28.001737,317.899993896484,1.037,0.0011,"aoml_navis",1028.13399033645
"7901009",115,0,1,0.024297,1,0.001869,1,121.543728316921,1,4.86308577463332,320,1,14.3380002975464,35.8040008544922,0.0242970008403063,0.00989179313182831,117.203102111816,-86.723,27.1218,13.9073466143278,63,63,63,63,61,63,0,7818,1.13366707078925,27,-87,0.001869,51,2026-07-02 16:14:28.001737,320,1.037,0.0011,"aoml_navis",1028.15377554738
"7901009",115,0,1,0.022428,1,0,1,121.53605372565,1,4.86304662804671,322,1,14.3299999237061,35.8009986877441,0.0224280003458261,0.00824316125363111,117.195701599121,-86.723,27.1218,13.9073466143278,63,63,63,63,61,63,0,7818,1.13366707078925,27,-87,0.001869,51,2026-07-02 16:14:28.001737,322,1.037,0.0011,"aoml_navis",1028.1620519868
"7901009",115,0,1,0.020559,1,-0.001869,1,121.60418352507,1,4.86299602284576,324,1,14.3039999008179,35.7960014343262,0.020558999851346,0.00659452844411135,117.26139831543,-86.723,27.1218,13.9073466143278,63,63,63,63,61,63,0,7818,1.13366707078925,27,-87,0.001869,51,2026-07-02 16:14:28.001737,324,1.037,0.0011,"aoml_navis",1028.17275122386
"7901009",115,0,1,0.022428,1,0,1,121.836066948762,1,4.86292839948642,326,1,14.2370004653931,35.7840003967285,0.0224280003458261,0.00824316125363111,117.485000610352,-86.723,27.1218,13.9073466143278,63,63,63,63,61,63,0,7818,1.13366707078925,27,-87,0.001869,51,2026-07-02 16:14:28.001737,326,1.037,0.0011,"aoml_navis",1028.18704888356
"7901009",115,0,1,0.020559,1,-0.001869,1,122.101860989144,1,4.86285278683409,328,1,14.1479997634888,35.7680015563965,0.020558999851346,0.00659452844411135,117.741302490234,-86.723,27.1218,13.9073466143278,63,63,63,63,61,63,0,7818,1.13366707078925,27,-87,0.001869,51,2026-07-02 16:14:28.001737,328,1.037,0.0011,"aoml_navis",1028.20303619662
"7901009",115,0,1,0.01869,1,-0.003738,1,122.445010162372,1,4.86276770536055,330,1,14.0530004501343,35.7529983520508,0.0186899993568659,0.00494589656591415,118.072196960449,-86.723,27.1218,13.9073466143278,63,63,63,63,61,63,0,7818,1.13366707078925,27,-87,0.001869,51,2026-07-02 16:14:28.001737,330,1.037,0.0011,"aoml_navis",1028.22102616339
"7901009",115,0,1,0.020559,1,-0.001869,1,122.662478013593,1,4.86269427826912,332,1,13.9689998626709,35.7379989624023,0.020558999851346,0.00659452844411135,118.281898498535,-86.723,27.1218,13.9073466143278,63,63,63,63,61,63,0,7818,1.13366707078925,27,-87,0.001869,51,2026-07-02 16:14:28.001737,332,1.037,0.0011,"aoml_navis",1028.23655238712
"7901009",115,0,1,0.022428,1,0,1,122.665381699157,1,4.86262042860894,334,1,13.8950004577637,35.726001739502,0.0224280003458261,0.00824316125363111,118.284698486328,-86.723,27.1218,13.9073466143278,63,63,63,63,61,63,0,7818,1.13366707078925,27,-87,0.001869,51,2026-07-02 16:14:28.001737,334,1.037,0.0011,"aoml_navis",1028.25216843634
"7901009",115,0,1,0.020559,1,-0.001869,1,122.313410701942,1,4.86256633588049,336,1,13.8579998016357,35.7190017700195,0.020558999851346,0.00659452844411135,117.945297241211,-86.723,27.1218,13.9073466143278,63,63,63,63,61,63,0,7818,1.13366707078925,27,-87,0.001869,51,2026-07-02 16:14:28.001737,336,1.037,0.0011,"aoml_navis",1028.26360703923
"7901009",115,0,1,0.020559,1,-0.001869,1,121.85359191749,1,4.86249718011956,338,1,13.798999786377,35.7099990844727,0.020558999851346,0.00659452844411135,117.501899719238,-86.723,27.1218,13.9073466143278,63,63,63,63,61,63,0,7818,1.13366707078925,27,-87,0.001869,51,2026-07-02 16:14:28.001737,338,1.037,0.0011,"aoml_navis",1028.27823128466
"7901009",115,0,1,0.022428,1,0,1,121.111593444694,1,4.86243526958939,340,1,13.7469997406006,35.701000213623,0.0224280003458261,0.00824316125363111,116.786399841309,-86.723,27.1218,13.9073466143278,63,63,63,63,61,63,0,7818,1.13366707078925,27,-87,0.001869,51,2026-07-02 16:14:28.001737,340,1.037,0.0011,"aoml_navis",1028.29132374696
"7901009",115,0,1,0.01869,1,-0.003738,1,120.057864151185,1,4.86236130037545,342,1,13.6829996109009,35.6920013427734,0.0186899993568659,0.00494589656591415,115.770301818848,-86.723,27.1218,13.9073466143278,63,63,63,63,61,63,0,7818,1.13366707078925,27,-87,0.001869,51,2026-07-02 16:14:28.001737,342,1.037,0.0011,"aoml_navis",1028.30696674349
"7901009",115,0,1,0.01869,1,-0.003738,1,119.710561204332,1,4.86227740677969,344,1,13.6090002059937,35.6829986572266,0.0186899993568659,0.00494589656591415,115.435401916504,-86.723,27.1218,13.9073466143278,63,63,63,63,61,63,0,7818,1.13366707078925,27,-87,0.001869,51,2026-07-02 16:14:28.001737,344,1.037,0.0011,"aoml_navis",1028.32470912258
"7901009",115,0,1,0.024297,1,0.001869,1,119.729636915213,1,4.86220265675439,346,1,13.5329999923706,35.6710014343262,0.0242970008403063,0.00989179313182831,115.453796386719,-86.723,27.1218,13.9073466143278,63,63,63,63,61,63,0,7818,1.13366707078925,27,-87,0.001869,51,2026-07-02 16:14:28.001737,346,1.037,0.0011,"aoml_navis",1028.34051827399
"7901009",115,0,1,0.022428,1,0,1,119.97209861574,1,4.86213255286792,348,1,13.4650001525879,35.6599998474121,0.0224280003458261,0.00824316125363111,115.687599182129,-86.723,27.1218,13.9073466143278,63,63,63,63,61,63,0,7818,1.13366707078925,27,-87,0.001869,51,2026-07-02 16:14:28.001737,348,1.037,0.0011,"aoml_navis",1028.35534523853
"7901009",115,0,1,0.026166,1,0.003738,1,119.829920878476,1,4.8620814766168,350,1,13.4340000152588,35.6539993286133,0.0261659994721413,0.0115404240787029,115.550498962402,-86.723,27.1218,13.9073466143278,63,63,63,63,61,63,0,7818,1.13366707078925,27,-87,0.001869,51,2026-07-02 16:14:28.001737,350,1.037,0.0011,"aoml_navis",1028.36614812946
"7901009",115,0,1,0.022428,1,0,1,119.205525626977,1,4.86201906127138,352,1,13.3879995346069,35.6469993591309,0.0224280003458261,0.00824316125363111,114.948402404785,-86.723,27.1218,13.9073466143278,63,63,63,63,61,63,0,7818,1.13366707078925,27,-87,0.001869,51,2026-07-02 16:14:28.001737,352,1.037,0.0011,"aoml_navis",1028.37934960554
"7901009",115,0,1,0.022428,1,0,1,118.628934375954,1,4.86194339829923,354,1,13.3249998092651,35.6389999389648,0.0224280003458261,0.00824316125363111,114.392402648926,-86.723,27.1218,13.9073466143278,63,63,63,63,61,63,0,7818,1.13366707078925,27,-87,0.001869,51,2026-07-02 16:14:28.001737,354,1.037,0.0011,"aoml_navis",1028.395353543
"7901009",115,0,1,0.020559,1,-0.001869,1,118.448177971639,1,4.86188417839403,356,1,13.2819995880127,35.6319999694824,0.020558999851346,0.00659452844411135,114.218101501465,-86.723,27.1218,13.9073466143278,63,63,63,63,61,63,0,7818,1.13366707078925,27,-87,0.001869,51,2026-07-02 16:14:28.001737,356,1.037,0.0011,"aoml_navis",1028.40787985443
"7901009",115,0,1,0.022428,1,0,1,118.164233918497,1,4.86183033160441,358,1,13.2589998245239,35.6290016174316,0.0224280003458261,0.00824316125363111,113.944297790527,-86.723,27.1218,13.9073466143278,63,63,63,63,61,63,0,7818,1.13366707078925,27,-87,0.001869,51,2026-07-02 16:14:28.001737,358,1.037,0.0011,"aoml_navis",1028.41926989871
"7901009",115,0,1,0.022428,1,0,1,117.962534583156,1,4.86176227897629,360,1,13.2069997787476,35.6220016479492,0.0224280003458261,0.00824316125363111,113.749801635742,-86.723,27.1218,13.9073466143278,63,63,63,63,61,63,0,7818,1.13366707078925,27,-87,0.001869,51,2026-07-02 16:14:28.001737,360,1.037,0.0011,"aoml_navis",1028.43366522084
"7901009",115,0,1,0.022428,1,0,1,117.826892116397,1,4.86169836158261,362,1,13.1479997634888,35.6119995117188,0.0224280003458261,0.00824316125363111,113.619003295898,-86.723,27.1218,13.9073466143278,63,63,63,63,61,63,0,7818,1.13366707078925,27,-87,0.001869,51,2026-07-02 16:14:28.001737,362,1.037,0.0011,"aoml_navis",1028.44718617474
"7901009",115,0,1,0.026166,1,0.003738,1,117.674136102297,1,4.86163952035287,364,1,13.0939998626709,35.6020011901855,0.0261659994721413,0.0115404240787029,113.471702575684,-86.723,27.1218,13.9073466143278,63,63,63,63,61,63,0,7818,1.13366707078925,27,-87,0.001869,51,2026-07-02 16:14:28.001737,364,1.037,0.0011,"aoml_navis",1028.45963364168
"7901009",115,0,1,0.024297,1,0.001869,1,117.628610743354,1,4.86154700803744,366,1,13.0019998550415,35.5909996032715,0.0242970008403063,0.00989179313182831,113.427803039551,-86.723,27.1218,13.9073466143278,63,63,63,63,61,63,0,7818,1.13366707078925,27,-87,0.001869,51,2026-07-02 16:14:28.001737,366,1.037,0.0011,"aoml_navis",1028.4792046099
"7901009",115,0,1,0.020559,1,-0.001869,1,117.659301196489,1,4.86146706732735,368,1,12.914999961853,35.5779991149902,0.020558999851346,0.00659452844411135,113.457397460938,-86.723,27.1218,13.9073466143278,63,63,63,63,61,63,0,7818,1.13366707078925,27,-87,0.001869,51,2026-07-02 16:14:28.001737,368,1.037,0.0011,"aoml_navis",1028.49611665657
"7901009",115,0,1,0.022428,1,0,1,117.452103056062,1,4.86141986881213,370,1,12.8909997940063,35.5730018615723,0.0224280003458261,0.00824316125363111,113.257598876953,-86.723,27.1218,13.9073466143278,63,63,63,63,61,63,0,7818,1.13366707078925,27,-87,0.001869,51,2026-07-02 16:14:28.001737,370,1.037,0.0011,"aoml_navis",1028.50610211163
"7901009",115,0,1,0.022428,1,0,1,117.188698424509,1,4.8613717274656,372,1,12.8660001754761,35.568000793457,0.0224280003458261,0.00824316125363111,113.003601074219,-86.723,27.1218,13.9073466143278,63,63,63,63,61,63,0,7818,1.13366707078925,27,-87,0.001869,51,2026-07-02 16:14:28.001737,372,1.037,0.0011,"aoml_navis",1028.51628723457
"7901009",115,0,1,0.028035,1,0.005607,1,117.042264058271,1,4.86130695443506,374,1,12.8090000152588,35.5589981079102,0.0280349999666214,0.0131890568882227,112.862396240234,-86.723,27.1218,13.9073466143278,63,63,63,63,61,63,0,7818,1.13366707078925,27,-87,0.001869,51,2026-07-02 16:14:28.001737,374,1.037,0.0011,"aoml_navis",1028.52999139221
"7901009",115,0,1,0.026166,1,0.003738,1,116.826046295112,1,4.86125326986921,376,1,12.7670001983643,35.5509986877441,0.0261659994721413,0.0115404240787029,112.653900146484,-86.723,27.1218,13.9073466143278,63,63,63,63,61,63,0,7818,1.13366707078925,27,-87,0.001869,51,2026-07-02 16:14:28.001737,376,1.037,0.0011,"aoml_navis",1028.54134981832
"7901009",115,0,1,0.024297,1,0.001869,1,116.730224671517,1,4.861182413984,378,1,12.6960000991821,35.5400009155273,0.0242970008403063,0.00989179313182831,112.561500549316,-86.723,27.1218,13.9073466143278,63,63,63,63,61,63,0,7818,1.13366707078925,27,-87,0.001869,51,2026-07-02 16:14:28.001737,378,1.037,0.0011,"aoml_navis",1028.55634168688
"7901009",115,0,1,0.026166,1,0.003738,1,117.002546070454,1,4.86110553707225,380,1,12.6110000610352,35.5270004272461,0.0261659994721413,0.0115404240787029,112.824096679688,-86.723,27.1218,13.9073466143278,63,63,63,63,61,63,0,7818,1.13366707078925,27,-87,0.001869,51,2026-07-02 16:14:28.001737,380,1.037,0.0011,"aoml_navis",1028.5726079939
"7901009",115,0,1,0.024297,1,0.001869,1,117.448993659805,1,4.86103923899544,382,1,12.5480003356934,35.5169982910156,0.0242970008403063,0.00989179313182831,113.254600524902,-86.723,27.1218,13.9073466143278,63,63,63,63,61,63,0,7818,1.13366707078925,27,-87,0.001869,51,2026-07-02 16:14:28.001737,382,1.037,0.0011,"aoml_navis",1028.58663634924
"7901009",115,0,1,0.026166,1,0.003738,1,117.948119010685,1,4.86097425384369,384,1,12.4709997177124,35.5029983520508,0.0261659994721413,0.0115404240787029,113.735900878906,-86.723,27.1218,13.9073466143278,63,63,63,63,61,63,0,7818,1.13366707078925,27,-87,0.001869,51,2026-07-02 16:14:28.001737,384,1.037,0.0011,"aoml_navis",1028.6003872673
"7901009",115,0,1,0.024297,1,0.001869,1,118.139350836489,1,4.86092903351949,386,1,12.4409999847412,35.4959983825684,0.0242970008403063,0.00989179313182831,113.920303344727,-86.723,27.1218,13.9073466143278,63,63,63,63,61,63,0,7818,1.13366707078925,27,-87,0.001869,51,2026-07-02 16:14:28.001737,386,1.037,0.0011,"aoml_navis",1028.60995614656
"7901009",115,0,1,0.022428,1,0,1,117.997275954571,1,4.86084526630958,388,1,12.3439998626709,35.4819984436035,0.0224280003458261,0.00824316125363111,113.783302307129,-86.723,27.1218,13.9073466143278,63,63,63,63,61,63,0,7818,1.13366707078925,27,-87,0.001869,51,2026-07-02 16:14:28.001737,388,1.037,0.0011,"aoml_navis",1028.62768223768
"7901009",115,0,1,0.020559,1,-0.001869,1,117.474604641192,1,4.86079557735784,390,1,12.3129997253418,35.476001739502,0.020558999851346,0.00659452844411135,113.279296875,-86.723,27.1218,13.9073466143278,63,63,63,63,61,63,0,7818,1.13366707078925,27,-87,0.001869,51,2026-07-02 16:14:28.001737,390,1.037,0.0011,"aoml_navis",1028.63819727178
"7901009",115,0,1,0.024297,1,0.001869,1,117.0446534671,1,4.86072862365525,392,1,12.2600002288818,35.4690017700195,0.0242970008403063,0.00989179313182831,112.864700317383,-86.723,27.1218,13.9073466143278,63,63,63,63,61,63,0,7818,1.13366707078925,27,-87,0.001869,51,2026-07-02 16:14:28.001737,392,1.037,0.0011,"aoml_navis",1028.65236616317
"7901009",115,0,1,0.028035,1,0.005607,1,116.992798548345,1,4.86066055898536,394,1,12.1979999542236,35.4599990844727,0.0280349999666214,0.0131890568882227,112.814697265625,-86.723,27.1218,13.9073466143278,63,63,63,63,61,63,0,7818,1.13366707078925,27,-87,0.001869,51,2026-07-02 16:14:28.001737,394,1.037,0.0011,"aoml_navis",1028.66677056003
"7901009",115,0,1,0.029904,1,0.007476,1,116.968738309112,1,4.86058278180631,396,1,12.1140003204346,35.4480018615723,0.0299040004611015,0.0148376896977425,112.791496276855,-86.723,27.1218,13.9073466143278,63,63,63,63,61,63,0,7818,1.13366707078925,27,-87,0.001869,51,2026-07-02 16:14:28.001737,396,1.037,0.0011,"aoml_navis",1028.68323089065
"7901009",115,0,1,0.024297,1,0.001869,1,116.664167802935,1,4.86053528711032,398,1,12.085000038147,35.4420013427734,0.0242970008403063,0.00989179313182831,112.497802734375,-86.723,27.1218,13.9073466143278,63,63,63,63,61,63,0,7818,1.13366707078925,27,-87,0.001869,51,2026-07-02 16:14:28.001737,398,1.037,0.0011,"aoml_navis",1028.69328266365
"7901009",115,0,1,0.020559,1,-0.001869,1,116.382818869316,1,4.86046768343249,400,1,12.0229997634888,35.4329986572266,0.020558999851346,0.00659452844411135,112.226501464844,-86.723,27.1218,13.9073466143278,63,63,63,63,61,63,0,7818,1.13366707078925,27,-87,0.001869,51,2026-07-02 16:14:28.001737,400,1.037,0.0011,"aoml_navis",1028.70759063847
"7901009",115,0,1,0.026166,1,0.003738,1,116.04132329359,1,4.86041003706059,402,1,11.9870004653931,35.4280014038086,0.0261659994721413,0.0115404240787029,111.897201538086,-86.723,27.1218,13.9073466143278,63,63,63,63,61,63,0,7818,1.13366707078925,27,-87,0.001869,51,2026-07-02 16:14:28.001737,402,1.037,0.0011,"aoml_navis",1028.71979151451
"7901009",115,0,1,0.026166,1,0.003738,1,116.067456463661,1,4.8603395931818,404,1,11.9099998474121,35.4160003662109,0.0261659994721413,0.0115404240787029,111.922401428223,-86.723,27.1218,13.9073466143278,63,63,63,63,61,63,0,7818,1.13366707078925,27,-87,0.001869,51,2026-07-02 16:14:28.001737,404,1.037,0.0011,"aoml_navis",1028.73470138056
"7901009",115,0,1,0.028035,1,0.005607,1,115.508081615325,1,4.86027415991522,406,1,11.8420000076294,35.4049987792969,0.0280349999666214,0.0131890568882227,111.383003234863,-86.723,27.1218,13.9073466143278,63,63,63,63,61,63,0,7818,1.13366707078925,27,-87,0.001869,51,2026-07-02 16:14:28.001737,406,1.037,0.0011,"aoml_navis",1028.74855110791
"7901009",115,0,1,0.031773,1,0.009345,1,114.446986296585,1,4.86021012219063,408,1,11.7910003662109,35.3979988098145,0.0317730009555817,0.0164863225072622,110.359802246094,-86.723,27.1218,13.9073466143278,63,63,63,63,61,63,0,7818,1.13366707078925,27,-87,0.001869,51,2026-07-02 16:14:28.001737,408,1.037,0.0011,"aoml_navis",1028.76210581331
"7901009",115,0,1,0.028035,1,0.005607,1,113.808586894003,1,4.86014184264258,410,1,11.7550001144409,35.3959999084473,0.0280349999666214,0.0131890568882227,109.744201660156,-86.723,27.1218,13.9073466143278,63,63,63,63,61,63,0,7818,1.13366707078925,27,-87,0.001869,51,2026-07-02 16:14:28.001737,410,1.037,0.0011,"aoml_navis",1028.77655876837
"7901009",115,0,1,0.029904,1,0.007476,1,112.768331650943,1,4.86008088764409,412,1,11.7150001525879,35.390998840332,0.0299040004611015,0.0148376896977425,108.741096496582,-86.723,27.1218,13.9073466143278,63,63,63,63,61,63,0,7818,1.13366707078925,27,-87,0.001869,51,2026-07-02 16:14:28.001737,412,1.037,0.0011,"aoml_navis",1028.78946165518
"7901009",115,0,1,0.028035,1,0.005607,1,111.233318453272,1,4.86002870453287,414,1,11.7119998931885,35.3930015563965,0.0280349999666214,0.0131890568882227,107.260902404785,-86.723,27.1218,13.9073466143278,63,63,63,63,61,63,0,7818,1.13366707078925,27,-87,0.001869,51,2026-07-02 16:14:28.001737,414,1.037,0.0011,"aoml_navis",1028.80050797572
"7901009",115,0,1,0.024297,1,0.001869,1,110.539543314289,1,4.85996724872594,416,1,11.6990003585815,35.3950004577637,0.0242970008403063,0.00989179313182831,106.591903686523,-86.723,27.1218,13.9073466143278,63,63,63,63,61,63,0,7818,1.13366707078925,27,-87,0.001869,51,2026-07-02 16:14:28.001737,416,1.037,0.0011,"aoml_navis",1028.81351748014
"7901009",115,0,1,0.028035,1,0.005607,1,110.305586959759,1,4.85990642602666,418,1,11.6630001068115,35.390998840332,0.0280349999666214,0.0131890568882227,106.366302490234,-86.723,27.1218,13.9073466143278,63,63,63,63,61,63,0,7818,1.13366707078925,27,-87,0.001869,51,2026-07-02 16:14:28.001737,418,1.037,0.0011,"aoml_navis",1028.82639328673
"7901009",115,0,1,0.026166,1,0.003738,1,109.996340491272,1,4.85986231195581,420,1,11.6450004577637,35.3870010375977,0.0261659994721413,0.0115404240787029,106.068099975586,-86.723,27.1218,13.9073466143278,63,63,63,63,61,63,0,7818,1.13366707078925,27,-87,0.001869,51,2026-07-02 16:14:28.001737,420,1.037,0.0011,"aoml_navis",1028.83573217691
"7901009",115,0,1,0.029904,1,0.007476,1,109.4046057684,1,4.8598071591571,422,1,11.6190004348755,35.3839988708496,0.0299040004611015,0.0148376896977425,105.497497558594,-86.723,27.1218,13.9073466143278,63,63,63,63,61,63,0,7818,1.13366707078925,27,-87,0.001869,51,2026-07-02 16:14:28.001737,422,1.037,0.0011,"aoml_navis",1028.84740818959
"7901009",115,0,1,0.026166,1,0.003738,1,108.995494669987,1,4.8597492830619,424,1,11.5939998626709,35.3819999694824,0.0261659994721413,0.0115404240787029,105.102996826172,-86.723,27.1218,13.9073466143278,63,63,63,63,61,63,0,7818,1.13366707078925,27,-87,0.001869,51,2026-07-02 16:14:28.001737,424,1.037,0.0011,"aoml_navis",1028.85966101727
"7901009",115,0,1,0.026166,1,0.003738,1,108.797110441597,1,4.85969509054392,426,1,11.5690002441406,35.3790016174316,0.0261659994721413,0.0115404240787029,104.911697387695,-86.723,27.1218,13.9073466143278,63,63,63,63,61,63,0,7818,1.13366707078925,27,-87,0.001869,51,2026-07-02 16:14:28.001737,426,1.037,0.0011,"aoml_navis",1028.87113426706
"7901009",115,0,1,0.026166,1,0.003738,1,108.666966779924,1,4.85962978742147,428,1,11.5200004577637,35.3730010986328,0.0261659994721413,0.0115404240787029,104.786201477051,-86.723,27.1218,13.9073466143278,63,63,63,63,61,63,0,7818,1.13366707078925,27,-87,0.001869,51,2026-07-02 16:14:28.001737,428,1.037,0.0011,"aoml_navis",1028.88496011401
"7901009",115,0,1,0.029904,1,0.007476,1,108.642075785966,1,4.85957375979008,430,1,11.4770002365112,35.3660011291504,0.0299040004611015,0.0148376896977425,104.762199401855,-86.723,27.1218,13.9073466143278,63,63,63,63,61,63,0,7818,1.13366707078925,27,-87,0.001869,51,2026-07-02 16:14:28.001737,430,1.037,0.0011,"aoml_navis",1028.89682246864
"7901009",115,0,1,0.026166,1,0.003738,1,108.500206614742,1,4.85950955194522,432,1,11.4250001907349,35.359001159668,0.0261659994721413,0.0115404240787029,104.625396728516,-86.723,27.1218,13.9073466143278,63,63,63,63,61,63,0,7818,1.13366707078925,27,-87,0.001869,51,2026-07-02 16:14:28.001737,432,1.037,0.0011,"aoml_navis",1028.91041710136
"7901009",115,0,1,0.026166,1,0.003738,1,108.450432538775,1,4.85943999065411,434,1,11.3549995422363,35.3489990234375,0.0261659994721413,0.0115404240787029,104.57740020752,-86.723,27.1218,13.9073466143278,63,63,63,63,61,63,0,7818,1.13366707078925,27,-87,0.001869,51,2026-07-02 16:14:28.001737,434,1.037,0.0011,"aoml_navis",1028.92514561683
"7901009",115,0,1,0.026166,1,0.003738,1,108.516077985969,1,4.85936250585035,436,1,11.2639999389648,35.3359985351562,0.0261659994721413,0.0115404240787029,104.640701293945,-86.723,27.1218,13.9073466143278,63,63,63,63,61,63,0,7818,1.13366707078925,27,-87,0.001869,51,2026-07-02 16:14:28.001737,436,1.037,0.0011,"aoml_navis",1028.94155230863
"7901009",115,0,1,0.022428,1,0,1,108.550922212731,1,4.85929063744144,438,1,11.1990003585815,35.3279991149902,0.0224280003458261,0.00824316125363111,104.674301147461,-86.723,27.1218,13.9073466143278,63,63,63,63,61,63,0,7818,1.13366707078925,27,-87,0.001869,51,2026-07-02 16:14:28.001737,438,1.037,0.0011,"aoml_navis",1028.95677024839
"7901009",115,0,1,0.024297,1,0.001869,1,108.563984841792,1,4.85923415520574,440,1,11.1669998168945,35.3240013122559,0.0242970008403063,0.00989179313182831,104.686897277832,-86.723,27.1218,13.9073466143278,63,63,63,63,61,63,0,7818,1.13366707078925,27,-87,0.001869,51,2026-07-02 16:14:28.001737,440,1.037,0.0011,"aoml_navis",1028.96873052381
"7901009",115,0,1,0.020559,1,-0.001869,1,108.52478904266,1,4.85918492360257,442,1,11.1470003128052,35.3209991455078,0.020558999851346,0.00659452844411135,104.649101257324,-86.723,27.1218,13.9073466143278,63,63,63,63,61,63,0,7818,1.13366707078925,27,-87,0.001869,51,2026-07-02 16:14:28.001737,442,1.037,0.0011,"aoml_navis",1028.9791556838
"7901009",115,0,1,0.028035,1,0.005607,1,108.547393483136,1,4.8591375455813,444,1,11.125,35.3170013427734,0.0280349999666214,0.0131890568882227,104.6708984375,-86.723,27.1218,13.9073466143278,63,63,63,63,61,63,0,7818,1.13366707078925,27,-87,0.001869,51,2026-07-02 16:14:28.001737,444,1.037,0.0011,"aoml_navis",1028.98918853343
"7901009",115,0,1,0.024297,1,0.001869,1,108.531427168512,1,4.85908658740484,446,1,11.0989999771118,35.3129997253418,0.0242970008403063,0.00989179313182831,104.655502319336,-86.723,27.1218,13.9073466143278,63,63,63,63,61,63,0,7818,1.13366707078925,27,-87,0.001869,51,2026-07-02 16:14:28.001737,446,1.037,0.0011,"aoml_navis",1028.99997974113
"7901009",115,0,1,0.029904,1,0.007476,1,108.505080375797,1,4.85903926348549,448,1,11.0769996643066,35.3089981079102,0.0299040004611015,0.0148376896977425,104.630096435547,-86.723,27.1218,13.9073466143278,63,63,63,63,61,63,0,7818,1.13366707078925,27,-87,0.001869,51,2026-07-02 16:14:28.001737,448,1.037,0.0011,"aoml_navis",1029.01000153956
"7901009",115,0,1,0.024297,1,0.001869,1,108.522193923137,1,4.8589839533666,450,1,11.0380001068115,35.3030014038086,0.0242970008403063,0.00989179313182831,104.646598815918,-86.723,27.1218,13.9073466143278,63,63,63,63,61,63,0,7818,1.13366707078925,27,-87,0.001869,51,2026-07-02 16:14:28.001737,450,1.037,0.0011,"aoml_navis",1029.02171482491
"7901009",115,0,1,0.022428,1,0,1,108.534433709422,1,4.85891195276498,452,1,10.96399974823,35.2929992675781,0.0224280003458261,0.00824316125363111,104.658401489258,-86.723,27.1218,13.9073466143278,63,63,63,63,61,63,0,7818,1.13366707078925,27,-87,0.001869,51,2026-07-02 16:14:28.001737,452,1.037,0.0011,"aoml_navis",1029.0369631322
"7901009",115,0,1,0.029904,1,0.007476,1,108.639069245055,1,4.85883590341616,454,1,10.8769998550415,35.2809982299805,0.0299040004611015,0.0148376896977425,104.759300231934,-86.723,27.1218,13.9073466143278,63,63,63,63,61,63,0,7818,1.13366707078925,27,-87,0.001869,51,2026-07-02 16:14:28.001737,454,1.037,0.0011,"aoml_navis",1029.05306937503
"7901009",115,0,1,0.026166,1,0.003738,1,108.692894239302,1,4.85878965134447,456,1,10.8559999465942,35.2770004272461,0.0261659994721413,0.0115404240787029,104.81120300293,-86.723,27.1218,13.9073466143278,63,63,63,63,61,63,0,7818,1.13366707078925,27,-87,0.001869,51,2026-07-02 16:14:28.001737,456,1.037,0.0011,"aoml_navis",1029.06286519657
"7901009",115,0,1,0.024297,1,0.001869,1,108.783739246495,1,4.85874164691653,458,1,10.8330001831055,35.2729988098145,0.0242970008403063,0.00989179313182831,104.898803710938,-86.723,27.1218,13.9073466143278,63,63,63,63,61,63,0,7818,1.13366707078925,27,-87,0.001869,51,2026-07-02 16:14:28.001737,458,1.037,0.0011,"aoml_navis",1029.07303235049
"7901009",115,0,1,0.029904,1,0.007476,1,108.96117263191,1,4.85868685171892,460,1,10.789999961853,35.265998840332,0.0299040004611015,0.0148376896977425,105.069900512695,-86.723,27.1218,13.9073466143278,63,63,63,63,61,63,0,7818,1.13366707078925,27,-87,0.001869,51,2026-07-02 16:14:28.001737,460,1.037,0.0011,"aoml_navis",1029.08463800895
"7901009",115,0,1,0.029904,1,0.007476,1,109.133423690228,1,4.8586179363133,462,1,10.7309999465942,35.2589988708496,0.0299040004611015,0.0148376896977425,105.236000061035,-86.723,27.1218,13.9073466143278,63,63,63,63,61,63,0,7818,1.13366707078925,27,-87,0.001869,51,2026-07-02 16:14:28.001737,462,1.037,0.0011,"aoml_navis",1029.09923470829
"7901009",115,0,1,0.026166,1,0.003738,1,109.20217853368,1,4.85857676883658,464,1,10.7279996871948,35.257999420166,0.0261659994721413,0.0115404240787029,105.302299499512,-86.723,27.1218,13.9073466143278,63,63,63,63,61,63,0,7818,1.13366707078925,27,-87,0.001869,51,2026-07-02 16:14:28.001737,464,1.037,0.0011,"aoml_navis",1029.10795442619
"7901009",115,0,1,0.026166,1,0.003738,1,109.422344359771,1,4.85853595533428,466,1,10.7130002975464,35.2540016174316,0.0261659994721413,0.0115404240787029,105.514602661133,-86.723,27.1218,13.9073466143278,63,63,63,63,61,63,0,7818,1.13366707078925,27,-87,0.001869,51,2026-07-02 16:14:28.001737,466,1.037,0.0011,"aoml_navis",1029.11659931433
"7901009",115,0,1,0.026166,1,0.003738,1,109.756165344227,1,4.85846573016726,468,1,10.6440000534058,35.2449989318848,0.0261659994721413,0.0115404240787029,105.836502075195,-86.723,27.1218,13.9073466143278,63,63,63,63,61,63,0,7818,1.13366707078925,27,-87,0.001869,51,2026-07-02 16:14:28.001737,468,1.037,0.0011,"aoml_navis",1029.131474357
"7901009",115,0,1,0.024297,1,0.001869,1,109.780945570888,1,4.85841627326114,470,1,10.6149997711182,35.2400016784668,0.0242970008403063,0.00989179313182831,105.860397338867,-86.723,27.1218,13.9073466143278,63,63,63,63,61,63,0,7818,1.13366707078925,27,-87,0.001869,51,2026-07-02 16:14:28.001737,470,1.037,0.0011,"aoml_navis",1029.14195054016
"7901009",115,0,1,0.029904,1,0.007476,1,109.903113987199,1,4.85835746580125,472,1,10.5670003890991,35.2330017089844,0.0299040004611015,0.0148376896977425,105.978202819824,-86.723,27.1218,13.9073466143278,63,63,63,63,61,63,0,7818,1.13366707078925,27,-87,0.001869,51,2026-07-02 16:14:28.001737,472,1.037,0.0011,"aoml_navis",1029.15440767704
"7901009",115,0,1,0.028035,1,0.005607,1,110.298118079182,1,4.85829541265861,474,1,10.5109996795654,35.2249984741211,0.0280349999666214,0.0131890568882227,106.359100341797,-86.723,27.1218,13.9073466143278,63,63,63,63,61,63,0,7818,1.13366707078925,27,-87,0.001869,51,2026-07-02 16:14:28.001737,474,1.037,0.0011,"aoml_navis",1029.16755267129
"7901009",115,0,1,0.028035,1,0.005607,1,110.578224836687,1,4.85823331616696,476,1,10.4589996337891,35.2179985046387,0.0280349999666214,0.0131890568882227,106.629203796387,-86.723,27.1218,13.9073466143278,63,63,63,63,61,63,0,7818,1.13366707078925,27,-87,0.001869,51,2026-07-02 16:14:28.001737,476,1.037,0.0011,"aoml_navis",1029.1807071845
"7901009",115,0,1,0.029904,1,0.007476,1,110.701833227855,1,4.85818162826061,478,1,10.4230003356934,35.2120018005371,0.0299040004611015,0.0148376896977425,106.748397827148,-86.723,27.1218,13.9073466143278,63,63,63,63,61,63,0,7818,1.13366707078925,27,-87,0.001869,51,2026-07-02 16:14:28.001737,478,1.037,0.0011,"aoml_navis",1029.19165700072
"7901009",115,0,1,0.028035,1,0.005607,1,110.773286046176,1,4.85812703564867,480,1,10.3920001983643,35.2080001831055,0.0280349999666214,0.0131890568882227,106.81729888916,-86.723,27.1218,13.9073466143278,63,63,63,63,61,63,0,7818,1.13366707078925,27,-87,0.001869,51,2026-07-02 16:14:28.001737,480,1.037,0.0011,"aoml_navis",1029.20322241684
"7901009",115,0,1,0.026166,1,0.003738,1,110.754930322723,1,4.85808448686947,482,1,10.378999710083,35.2050018310547,0.0261659994721413,0.0115404240787029,106.799598693848,-86.723,27.1218,13.9073466143278,63,63,63,63,61,63,0,7818,1.13366707078925,27,-87,0.001869,51,2026-07-02 16:14:28.001737,482,1.037,0.0011,"aoml_navis",1029.21223653358
"7901009",115,0,1,0.029904,1,0.007476,1,110.662843139416,1,4.85803517163351,484,1,10.3540000915527,35.201000213623,0.0299040004611015,0.0148376896977425,106.710800170898,-86.723,27.1218,13.9073466143278,63,63,63,63,61,63,0,7818,1.13366707078925,27,-87,0.001869,51,2026-07-02 16:14:28.001737,484,1.037,0.0011,"aoml_navis",1029.22268434684
"7901009",115,0,1,0.026166,1,0.003738,1,110.507808483785,1,4.85798017130148,486,1,10.3140001296997,35.1949996948242,0.0261659994721413,0.0115404240787029,106.561302185059,-86.723,27.1218,13.9073466143278,63,63,63,63,61,63,0,7818,1.13366707078925,27,-87,0.001869,51,2026-07-02 16:14:28.001737,486,1.037,0.0011,"aoml_navis",1029.23433684178
"7901009",115,0,1,0.028035,1,0.005607,1,110.502103968005,1,4.85791044218929,488,1,10.2399997711182,35.185001373291,0.0280349999666214,0.0131890568882227,106.555801391602,-86.723,27.1218,13.9073466143278,63,63,63,63,61,63,0,7818,1.13366707078925,27,-87,0.001869,51,2026-07-02 16:14:28.001737,488,1.037,0.0011,"aoml_navis",1029.24911018876
"7901009",115,0,1,0.026166,1,0.003738,1,110.441537992559,1,4.85785283253404,490,1,10.201000213623,35.1800003051758,0.0261659994721413,0.0115404240787029,106.497398376465,-86.723,27.1218,13.9073466143278,63,63,63,63,61,63,0,7818,1.13366707078925,27,-87,0.001869,51,2026-07-02 16:14:28.001737,490,1.037,0.0011,"aoml_navis",1029.26131613415
"7901009",115,0,1,0.031773,1,0.009345,1,110.383883614627,1,4.85779269859225,492,1,10.1590003967285,35.1749992370605,0.0317730009555817,0.0164863225072622,106.441802978516,-86.723,27.1218,13.9073466143278,63,63,63,63,61,63,0,7818,1.13366707078925,27,-87,0.001869,51,2026-07-02 16:14:28.001737,492,1.037,0.0011,"aoml_navis",1029.27405721717
"7901009",115,0,1,0.024297,1,0.001869,1,110.401511438701,1,4.85773780071955,494,1,10.1230001449585,35.1699981689453,0.0242970008403063,0.00989179313182831,106.458801269531,-86.723,27.1218,13.9073466143278,63,63,63,63,61,63,0,7818,1.13366707078925,27,-87,0.001869,51,2026-07-02 16:14:28.001737,494,1.037,0.0011,"aoml_navis",1029.28568916572
"7901009",115,0,1,0.029904,1,0.007476,1,110.430239728296,1,4.85767692944989,496,1,10.0799999237061,35.1650009155273,0.0299040004611015,0.0148376896977425,106.486503601074,-86.723,27.1218,13.9073466143278,63,63,63,63,61,63,0,7818,1.13366707078925,27,-87,0.001869,51,2026-07-02 16:14:28.001737,496,1.037,0.0011,"aoml_navis",1029.29858708538
"7901009",115,0,1,0.029904,1,0.007476,1,110.528965037455,1,4.85762043445625,498,1,10.0419998168945,35.1599998474121,0.0299040004611015,0.0148376896977425,106.581703186035,-86.723,27.1218,13.9073466143278,63,63,63,63,61,63,0,7818,1.13366707078925,27,-87,0.001869,51,2026-07-02 16:14:28.001737,498,1.037,0.0011,"aoml_navis",1029.31055801187
"7901009",115,0,1,0.028035,1,0.005607,1,110.594088295964,1,4.8575699883484,500,1,10.0109996795654,35.1549987792969,0.0280349999666214,0.0131890568882227,106.644500732422,-86.723,27.1218,13.9073466143278,63,63,63,63,61,63,0,7818,1.13366707078925,27,-87,0.001869,51,2026-07-02 16:14:28.001737,500,1.037,0.0011,"aoml_navis",1029.32124745361
"7901009",115,0,1,0.031773,1,0.009345,1,110.604144384115,1,4.85752138435688,502,1,9.99499988555908,35.1529998779297,0.0317730009555817,0.0164863225072622,106.654197692871,-86.723,27.1218,13.9073466143278,63,63,63,63,61,63,0,7818,1.13366707078925,27,-87,0.001869,51,2026-07-02 16:14:28.001737,502,1.037,0.0011,"aoml_navis",1029.33154676415
"7901009",115,0,1,0.026166,1,0.003738,1,110.574387541051,1,4.85747672271367,504,1,9.97500038146973,35.148998260498,0.0261659994721413,0.0115404240787029,106.625503540039,-86.723,27.1218,13.9073466143278,63,63,63,63,61,63,0,7818,1.13366707078925,27,-87,0.001869,51,2026-07-02 16:14:28.001737,504,1.037,0.0011,"aoml_navis",1029.34101086268
"7901009",115,0,1,0.029904,1,0.007476,1,110.537256760808,1,4.85742352768512,506,1,9.94499969482422,35.1450004577637,0.0299040004611015,0.0148376896977425,106.589698791504,-86.723,27.1218,13.9073466143278,63,63,63,63,61,63,0,7818,1.13366707078925,27,-87,0.001869,51,2026-07-02 16:14:28.001737,506,1.037,0.0011,"aoml_navis",1029.35228346926
"7901009",115,0,1,0.026166,1,0.003738,1,110.485718320043,1,4.85737438295733,508,1,9.92399978637695,35.1419982910156,0.0261659994721413,0.0115404240787029,106.540000915527,-86.723,27.1218,13.9073466143278,63,63,63,63,61,63,0,7818,1.13366707078925,27,-87,0.001869,51,2026-07-02 16:14:28.001737,508,1.037,0.0011,"aoml_navis",1029.36269799237
"7901009",115,0,1,0.031773,1,0.009345,1,110.41934497347,1,4.85732609259472,510,1,9.9040002822876,35.1389999389648,0.0317730009555817,0.0164863225072622,106.475997924805,-86.723,27.1218,13.9073466143278,63,63,63,63,61,63,0,7818,1.13366707078925,27,-87,0.001869,51,2026-07-02 16:14:28.001737,510,1.037,0.0011,"aoml_navis",1029.37293166765
"7901009",115,0,1,0.031773,1,0.009345,1,110.436972797545,1,4.85725797116603,512,1,9.85200023651123,35.1339988708496,0.0317730009555817,0.0164863225072622,106.49299621582,-86.723,27.1218,13.9073466143278,63,63,63,63,61,63,0,7818,1.13366707078925,27,-87,0.001869,51,2026-07-02 16:14:28.001737,512,1.037,0.0011,"aoml_navis",1029.3873682809
"7901009",115,0,1,0.029904,1,0.007476,1,110.476801552659,1,4.85719588002346,514,1,9.80700016021729,35.1290016174316,0.0299040004611015,0.0148376896977425,106.531402587891,-86.723,27.1218,13.9073466143278,63,63,63,63,61,63,0,7818,1.13366707078925,27,-87,0.001869,51,2026-07-02 16:14:28.001737,514,1.037,0.0011,"aoml_navis",1029.40052728033
"7901009",115,0,1,0.026166,1,0.003738,1,110.490592081098,1,4.85713923256933,516,1,9.77700042724609,35.1259994506836,0.0261659994721413,0.0115404240787029,106.544700622559,-86.723,27.1218,13.9073466143278,63,63,63,63,61,63,0,7818,1.13366707078925,27,-87,0.001869,51,2026-07-02 16:14:28.001737,516,1.037,0.0011,"aoml_navis",1029.41253289029
"7901009",115,0,1,0.029904,1,0.007476,1,110.46736259659,1,4.85709612595934,518,1,9.76299953460693,35.1230010986328,0.0299040004611015,0.0148376896977425,106.522300720215,-86.723,27.1218,13.9073466143278,63,63,63,63,61,63,0,7818,1.13366707078925,27,-87,0.001869,51,2026-07-02 16:14:28.001737,518,1.037,0.0011,"aoml_navis",1029.42166890148
"7901009",115,0,1,0.026166,1,0.003738,1,110.44786755237,1,4.85704628423114,520,1,9.74100017547607,35.1199989318848,0.0261659994721413,0.0115404240787029,106.50350189209,-86.723,27.1218,13.9073466143278,63,63,63,63,61,63,0,7818,1.13366707078925,27,-87,0.001869,51,2026-07-02 16:14:28.001737,520,1.037,0.0011,"aoml_navis",1029.4322325552
"7901009",115,0,1,0.026166,1,0.003738,1,110.445580998889,1,4.85698325350538,522,1,9.69900035858154,35.1160011291504,0.0261659994721413,0.0115404240787029,106.50129699707,-86.723,27.1218,13.9073466143278,63,63,63,63,61,63,0,7818,1.13366707078925,27,-87,0.001869,51,2026-07-02 16:14:28.001737,522,1.037,0.0011,"aoml_navis",1029.44559184786
"7901009",115,0,1,0.026166,1,0.003738,1,110.493290055967,1,4.85693629336018,524,1,9.67599964141846,35.1119995117188,0.0261659994721413,0.0115404240787029,106.547302246094,-86.723,27.1218,13.9073466143278,63,63,63,63,61,63,0,7818,1.13366707078925,27,-87,0.001869,51,2026-07-02 16:14:28.001737,524,1.037,0.0011,"aoml_navis",1029.45554522414
"7901009",115,0,1,0.028035,1,0.005607,1,110.554987440229,1,4.85688483011115,526,1,9.65200042724609,35.109001159668,0.0280349999666214,0.0131890568882227,106.606796264648,-86.723,27.1218,13.9073466143278,63,63,63,63,61,63,0,7818,1.13366707078925,27,-87,0.001869,51,2026-07-02 16:14:28.001737,526,1.037,0.0011,"aoml_navis",1029.46645327095
"7901009",115,0,1,0.026166,1,0.003738,1,110.59087604436,1,4.85683729155905,528,1,9.63700008392334,35.1069984436035,0.0261659994721413,0.0115404240787029,106.641403198242,-86.723,27.1218,13.9073466143278,63,63,63,63,61,63,0,7818,1.13366707078925,27,-87,0.001869,51,2026-07-02 16:14:28.001737,528,1.037,0.0011,"aoml_navis",1029.47652965228
"7901009",115,0,1,0.026166,1,0.003738,1,110.635673503926,1,4.85679341710645,530,1,9.62199974060059,35.1040000915527,0.0261659994721413,0.0115404240787029,106.684600830078,-86.723,27.1218,13.9073466143278,63,63,63,63,61,63,0,7818,1.13366707078925,27,-87,0.001869,51,2026-07-02 16:14:28.001737,530,1.037,0.0011,"aoml_navis",1029.48582955766
"7901009",115,0,1,0.026166,1,0.003738,1,110.731700838215,1,4.85672956385811,532,1,9.56999969482422,35.0979995727539,0.0261659994721413,0.0115404240787029,106.777198791504,-86.723,27.1218,13.9073466143278,63,63,63,63,61,63,0,7818,1.13366707078925,27,-87,0.001869,51,2026-07-02 16:14:28.001737,532,1.037,0.0011,"aoml_navis",1029.49936459466
"7901009",115,0,1,0.026166,1,0.003738,1,110.7154180456,1,4.85666532356394,534,1,9.51299953460693,35.0909996032715,0.0261659994721413,0.0115404240787029,106.761497497559,-86.723,27.1218,13.9073466143278,63,63,63,63,61,63,0,7818,1.13366707078925,27,-87,0.001869,51,2026-07-02 16:14:28.001737,534,1.037,0.0011,"aoml_navis",1029.51298203329
"7901009",115,0,1,0.026166,1,0.003738,1,110.529898647527,1,4.85660220668972,536,1,9.46599960327148,35.0859985351562,0.0261659994721413,0.0115404240787029,106.58260345459,-86.723,27.1218,13.9073466143278,63,63,63,63,61,63,0,7818,1.13366707078925,27,-87,0.001869,51,2026-07-02 16:14:28.001737,536,1.037,0.0011,"aoml_navis",1029.52636168405
"7901009",115,0,1,0.029904,1,0.007476,1,110.269595500281,1,4.85654332286758,538,1,9.42399978637695,35.0810012817383,0.0299040004611015,0.0148376896977425,106.331596374512,-86.723,27.1218,13.9073466143278,63,63,63,63,61,63,0,7818,1.13366707078925,27,-87,0.001869,51,2026-07-02 16:14:28.001737,538,1.037,0.0011,"aoml_navis",1029.53884431689
"7901009",115,0,1,0.031773,1,0.009345,1,110.117361674866,1,4.85647671159247,540,1,9.3769998550415,35.0769996643066,0.0317730009555817,0.0164863225072622,106.184799194336,-86.723,27.1218,13.9073466143278,63,63,63,63,61,63,0,7818,1.13366707078925,27,-87,0.001869,51,2026-07-02 16:14:28.001737,540,1.037,0.0011,"aoml_navis",1029.55296543787
"7901009",115,0,1,0.033642,1,0.011214,1,110.016974856257,1,4.85642139361351,542,1,9.34799957275391,35.0740013122559,0.0336420014500618,0.0181349534541368,106.087997436523,-86.723,27.1218,13.9073466143278,63,63,63,63,61,63,0,7818,1.13366707078925,27,-87,0.001869,51,2026-07-02 16:14:28.001737,542,1.037,0.0011,"aoml_navis",1029.56469275407
"7901009",115,0,1,0.024297,1,0.001869,1,109.770367294053,1,4.85636823643927,544,1,9.32600021362305,35.0719985961914,0.0242970008403063,0.00989179313182831,105.850196838379,-86.723,27.1218,13.9073466143278,63,63,63,63,61,63,0,7818,1.13366707078925,27,-87,0.001869,51,2026-07-02 16:14:28.001737,544,1.037,0.0011,"aoml_navis",1029.57596223511
"7901009",115,0,1,0.028035,1,0.005607,1,109.528016360823,1,4.85631636606212,546,1,9.3100004196167,35.0709991455078,0.0280349999666214,0.0131890568882227,105.616500854492,-86.723,27.1218,13.9073466143278,63,63,63,63,61,63,0,7818,1.13366707078925,27,-87,0.001869,51,2026-07-02 16:14:28.001737,546,1.037,0.0011,"aoml_navis",1029.58695914912
"7901009",115,0,1,0.031773,1,0.009345,1,109.421197127055,1,4.85625497668371,548,1,9.27799987792969,35.0690002441406,0.0317730009555817,0.0164863225072622,105.513496398926,-86.723,27.1218,13.9073466143278,63,63,63,63,61,63,0,7818,1.13366707078925,27,-87,0.001869,51,2026-07-02 16:14:28.001737,548,1.037,0.0011,"aoml_navis",1029.59997446725
"7901009",115,0,1,0.028035,1,0.005607,1,109.454387756317,1,4.8562068063752,550,1,9.26200008392334,35.0670013427734,0.0280349999666214,0.0131890568882227,105.545501708984,-86.723,27.1218,13.9073466143278,63,63,63,63,61,63,0,7818,1.13366707078925,27,-87,0.001869,51,2026-07-02 16:14:28.001737,550,1.037,0.0011,"aoml_navis",1029.61018740718
"7901009",115,0,1,0.028035,1,0.005607,1,109.614921217034,1,4.85614335207528,552,1,9.21399974822998,35.0620002746582,0.0280349999666214,0.0131890568882227,105.700302124023,-86.723,27.1218,13.9073466143278,63,63,63,63,61,63,0,7818,1.13366707078925,27,-87,0.001869,51,2026-07-02 16:14:28.001737,552,1.037,0.0011,"aoml_navis",1029.62364112732
"7901009",115,0,1,0.031773,1,0.009345,1,109.828654627967,1,4.8560948005424,554,1,9.19299983978271,35.0589981079102,0.0317730009555817,0.0164863225072622,105.906402587891,-86.723,27.1218,13.9073466143278,63,63,63,63,61,63,0,7818,1.13366707078925,27,-87,0.001869,51,2026-07-02 16:14:28.001737,554,1.037,0.0011,"aoml_navis",1029.63393536747
"7901009",115,0,1,0.028035,1,0.005607,1,109.999552742876,1,4.85603926689614,556,1,9.15900039672852,35.0550003051758,0.0280349999666214,0.0131890568882227,106.071197509766,-86.723,27.1218,13.9073466143278,63,63,63,63,61,63,0,7818,1.13366707078925,27,-87,0.001869,51,2026-07-02 16:14:28.001737,556,1.037,0.0011,"aoml_navis",1029.64571025717
"7901009",115,0,1,0.028035,1,0.005607,1,110.017188478901,1,4.85599567226613,558,1,9.14400005340576,35.0519981384277,0.0280349999666214,0.0131890568882227,106.088203430176,-86.723,27.1218,13.9073466143278,63,63,63,63,61,63,0,7818,1.13366707078925,27,-87,0.001869,51,2026-07-02 16:14:28.001737,558,1.037,0.0011,"aoml_navis",1029.65495388645
"7901009",115,0,1,0.029904,1,0.007476,1,110.19244607813,1,4.85593530038698,560,1,9.10400009155273,35.0480003356934,0.0299040004611015,0.0148376896977425,106.257202148438,-86.723,27.1218,13.9073466143278,63,63,63,63,61,63,0,7818,1.13366707078925,27,-87,0.001869,51,2026-07-02 16:14:28.001737,560,1.037,0.0011,"aoml_navis",1029.66775516996
"7901009",115,0,1,0.029904,1,0.007476,1,110.468501917356,1,4.85587216028555,562,1,9.05599975585938,35.0429992675781,0.0299040004611015,0.0148376896977425,106.523399353027,-86.723,27.1218,13.9073466143278,63,63,63,63,61,63,0,7818,1.13366707078925,27,-87,0.001869,51,2026-07-02 16:14:28.001737,562,1.037,0.0011,"aoml_navis",1029.68114376923
"7901009",115,0,1,0.028035,1,0.005607,1,110.607570258363,1,4.8558220953518,564,1,9.03299999237061,35.0400009155273,0.0280349999666214,0.0131890568882227,106.657501220703,-86.723,27.1218,13.9073466143278,63,63,63,63,61,63,0,7818,1.13366707078925,27,-87,0.001869,51,2026-07-02 16:14:28.001737,564,1.037,0.0011,"aoml_navis",1029.69176008038
"7901009",115,0,1,0.031773,1,0.009345,1,110.72682707716,1,4.85577733847883,566,1,9.02099990844727,35.0379981994629,0.0317730009555817,0.0164863225072622,106.772499084473,-86.723,27.1218,13.9073466143278,63,63,63,63,61,63,0,7818,1.13366707078925,27,-87,0.001869,51,2026-07-02 16:14:28.001737,566,1.037,0.0011,"aoml_navis",1029.70125099812
"7901009",115,0,1,0.028035,1,0.005607,1,110.882795342864,1,4.85572772675251,568,1,8.99400043487549,35.0340003967285,0.0280349999666214,0.0131890568882227,106.922897338867,-86.723,27.1218,13.9073466143278,63,63,63,63,61,63,0,7818,1.13366707078925,27,-87,0.001869,51,2026-07-02 16:14:28.001737,568,1.037,0.0011,"aoml_navis",1029.71177161615
"7901009",115,0,1,0.028035,1,0.005607,1,110.994069004349,1,4.85567896887743,570,1,8.9680004119873,35.0299987792969,0.0280349999666214,0.0131890568882227,107.030197143555,-86.723,27.1218,13.9073466143278,63,63,63,63,61,63,0,7818,1.13366707078925,27,-87,0.001869,51,2026-07-02 16:14:28.001737,570,1.037,0.0011,"aoml_navis",1029.72211137672
"7901009",115,0,1,0.028035,1,0.005607,1,111.096948087134,1,4.85562455260598,572,1,8.9350004196167,35.0260009765625,0.0280349999666214,0.0131890568882227,107.129402160645,-86.723,27.1218,13.9073466143278,63,63,63,63,61,63,0,7818,1.13366707078925,27,-87,0.001869,51,2026-07-02 16:14:28.001737,572,1.037,0.0011,"aoml_navis",1029.73365132124
"7901009",115,0,1,0.029904,1,0.007476,1,111.217447082044,1,4.85557019475755,574,1,8.90200042724609,35.0219993591309,0.0299040004611015,0.0148376896977425,107.245597839355,-86.723,27.1218,13.9073466143278,63,63,63,63,61,63,0,7818,1.13366707078925,27,-87,0.001869,51,2026-07-02 16:14:28.001737,574,1.037,0.0011,"aoml_navis",1029.74517913434
"7901009",115,0,1,0.029904,1,0.007476,1,111.317833900654,1,4.85551703642488,576,1,8.875,35.0190010070801,0.0299040004611015,0.0148376896977425,107.342399597168,-86.723,27.1218,13.9073466143278,63,63,63,63,61,63,0,7818,1.13366707078925,27,-87,0.001869,51,2026-07-02 16:14:28.001737,576,1.037,0.0011,"aoml_navis",1029.75645281259
"7901009",115,0,1,0.028035,1,0.005607,1,111.45493216617,1,4.85545112816063,578,1,8.82299995422363,35.0139999389648,0.0280349999666214,0.0131890568882227,107.474601745605,-86.723,27.1218,13.9073466143278,63,63,63,63,61,63,0,7818,1.13366707078925,27,-87,0.001869,51,2026-07-02 16:14:28.001737,578,1.037,0.0011,"aoml_navis",1029.77043080529
"7901009",115,0,1,0.029904,1,0.007476,1,111.474838631777,1,4.85540001078044,580,1,8.80300045013428,35.0120010375977,0.0299040004611015,0.0148376896977425,107.493797302246,-86.723,27.1218,13.9073466143278,63,63,63,63,61,63,0,7818,1.13366707078925,27,-87,0.001869,51,2026-07-02 16:14:28.001737,580,1.037,0.0011,"aoml_navis",1029.78127217088
"7901009",115,0,1,0.028035,1,0.005607,1,111.587670947365,1,4.85534938292644,582,1,8.7790002822876,35.0089988708496,0.0280349999666214,0.0131890568882227,107.602600097656,-86.723,27.1218,13.9073466143278,63,63,63,63,61,63,0,7818,1.13366707078925,27,-87,0.001869,51,2026-07-02 16:14:28.001737,582,1.037,0.0011,"aoml_navis",1029.79200993902
"7901009",115,0,1,0.028035,1,0.005607,1,111.706516344775,1,4.85528753641315,584,1,8.74100017547607,35.0060005187988,0.0280349999666214,0.0131890568882227,107.71720123291,-86.723,27.1218,13.9073466143278,63,63,63,63,61,63,0,7818,1.13366707078925,27,-87,0.001869,51,2026-07-02 16:14:28.001737,584,1.037,0.0011,"aoml_navis",1029.80512740009
"7901009",115,0,1,0.029904,1,0.007476,1,111.805138798587,1,4.85523376533815,586,1,8.71300029754639,35.0029983520508,0.0299040004611015,0.0148376896977425,107.812301635742,-86.723,27.1218,13.9073466143278,63,63,63,63,61,63,0,7818,1.13366707078925,27,-87,0.001869,51,2026-07-02 16:14:28.001737,586,1.037,0.0011,"aoml_navis",1029.81653235635
"7901009",115,0,1,0.029904,1,0.007476,1,111.947727957239,1,4.855176814298,588,1,8.68099975585938,35,0.0299040004611015,0.0148376896977425,107.949798583984,-86.723,27.1218,13.9073466143278,63,63,63,63,61,63,0,7818,1.13366707078925,27,-87,0.001869,51,2026-07-02 16:14:28.001737,588,1.037,0.0011,"aoml_navis",1029.82861206527
"7901009",115,0,1,0.031773,1,0.009345,1,112.101211870717,1,4.85512469168302,590,1,8.65499973297119,34.9970016479492,0.0317730009555817,0.0164863225072622,108.097801208496,-86.723,27.1218,13.9073466143278,63,63,63,63,61,63,0,7818,1.13366707078925,27,-87,0.001869,51,2026-07-02 16:14:28.001737,590,1.037,0.0011,"aoml_navis",1029.83966788024
"7901009",115,0,1,0.029904,1,0.007476,1,112.164159343042,1,4.85507579778,592,1,8.63300037384033,34.9939994812012,0.0299040004611015,0.0148376896977425,108.158500671387,-86.723,27.1218,13.9073466143278,63,63,63,63,61,63,0,7818,1.13366707078925,27,-87,0.001869,51,2026-07-02 16:14:28.001737,592,1.037,0.0011,"aoml_navis",1029.8500390635
"7901009",115,0,1,0.031773,1,0.009345,1,112.285180526636,1,4.85501974466224,594,1,8.60200023651123,34.9910011291504,0.0317730009555817,0.0164863225072622,108.275199890137,-86.723,27.1218,13.9073466143278,63,63,63,63,61,63,0,7818,1.13366707078925,27,-87,0.001869,51,2026-07-02 16:14:28.001737,594,1.037,0.0011,"aoml_navis",1029.86192908837
"7901009",115,0,1,0.029904,1,0.007476,1,112.429534050086,1,4.85496851079852,596,1,8.57699966430664,34.9879989624023,0.0299040004611015,0.0148376896977425,108.414398193359,-86.723,27.1218,13.9073466143278,63,63,63,63,61,63,0,7818,1.13366707078925,27,-87,0.001869,51,2026-07-02 16:14:28.001737,596,1.037,0.0011,"aoml_navis",1029.87279709001
"7901009",115,0,1,0.026166,1,0.003738,1,112.573270441454,1,4.85491728801355,598,1,8.55200004577637,34.9850006103516,0.0261659994721413,0.0115404240787029,108.553001403809,-86.723,27.1218,13.9073466143278,63,63,63,63,61,63,0,7818,1.13366707078925,27,-87,0.001869,51,2026-07-02 16:14:28.001737,598,1.037,0.0011,"aoml_navis",1029.88366297087
"7901009",115,0,1,0.029904,1,0.007476,1,112.688895675309,1,4.85486293336025,600,1,8.52299976348877,34.9819984436035,0.0299040004611015,0.0148376896977425,108.664497375488,-86.723,27.1218,13.9073466143278,63,63,63,63,61,63,0,7818,1.13366707078925,27,-87,0.001869,51,2026-07-02 16:14:28.001737,600,1.037,0.0011,"aoml_navis",1029.89519346518
"7901009",115,0,1,0.026166,1,0.003738,1,112.831492745911,1,4.85480701623688,602,1,8.49199962615967,34.9790000915527,0.0261659994721413,0.0115404240787029,108.802001953125,-86.723,27.1218,13.9073466143278,63,63,63,63,61,63,0,7818,1.13366707078925,27,-87,0.001869,51,2026-07-02 16:14:28.001737,602,1.037,0.0011,"aoml_navis",1029.90705568265
"7901009",115,0,1,0.028035,1,0.005607,1,112.977919200199,1,4.85474955871849,604,1,8.45899963378906,34.976001739502,0.0280349999666214,0.0131890568882227,108.943199157715,-86.723,27.1218,13.9073466143278,63,63,63,63,61,63,0,7818,1.13366707078925,27,-87,0.001869,51,2026-07-02 16:14:28.001737,604,1.037,0.0011,"aoml_navis",1029.91924496304
"7901009",115,0,1,0.024297,1,0.001869,1,113.232304209021,1,4.85468480706469,606,1,8.41199970245361,34.9720001220703,0.0242970008403063,0.00989179313182831,109.188499450684,-86.723,27.1218,13.9073466143278,63,63,63,63,61,63,0,7818,1.13366707078925,27,-87,0.001869,51,2026-07-02 16:14:28.001737,606,1.037,0.0011,"aoml_navis",1029.93298199789
"7901009",115,0,1,0.028035,1,0.005607,1,113.342952826475,1,4.85462172063627,608,1,8.36699962615967,34.9679985046387,0.0280349999666214,0.0131890568882227,109.295196533203,-86.723,27.1218,13.9073466143278,63,63,63,63,61,63,0,7818,1.13366707078925,27,-87,0.001869,51,2026-07-02 16:14:28.001737,608,1.037,0.0011,"aoml_navis",1029.94636610835
"7901009",115,0,1,0.029904,1,0.007476,1,113.447074085373,1,4.85457276965379,610,1,8.35400009155273,34.9669990539551,0.0299040004611015,0.0148376896977425,109.395599365234,-86.723,27.1218,13.9073466143278,63,63,63,63,61,63,0,7818,1.13366707078925,27,-87,0.001869,51,2026-07-02 16:14:28.001737,610,1.037,0.0011,"aoml_navis",1029.95675155089
"7901009",115,0,1,0.029904,1,0.007476,1,113.549430979474,1,4.85452750082258,612,1,8.34099960327148,34.9650001525879,0.0299040004611015,0.0148376896977425,109.494300842285,-86.723,27.1218,13.9073466143278,63,63,63,63,61,63,0,7818,1.13366707078925,27,-87,0.001869,51,2026-07-02 16:14:28.001737,612,1.037,0.0011,"aoml_navis",1029.96635597445
"7901009",115,0,1,0.031773,1,0.009345,1,113.70498782379,1,4.85447259411502,614,1,8.31099987030029,34.9620018005371,0.0317730009555817,0.0164863225072622,109.644302368164,-86.723,27.1218,13.9073466143278,63,63,63,63,61,63,0,7818,1.13366707078925,27,-87,0.001869,51,2026-07-02 16:14:28.001737,614,1.037,0.0011,"aoml_navis",1029.97800545036
"7901009",115,0,1,0.031773,1,0.009345,1,113.870078567572,1,4.85441875242879,616,1,8.28699970245361,34.9599990844727,0.0317730009555817,0.0164863225072622,109.803497314453,-86.723,27.1218,13.9073466143278,63,63,63,63,61,63,0,7818,1.13366707078925,27,-87,0.001869,51,2026-07-02 16:14:28.001737,616,1.037,0.0011,"aoml_navis",1029.98942921815
"7901009",115,0,1,0.033642,1,0.011214,1,114.04938708508,1,4.85436625324489,618,1,8.26000022888184,34.9570007324219,0.0336420014500618,0.0181349534541368,109.976402282715,-86.723,27.1218,13.9073466143278,63,63,63,63,61,63,0,7818,1.13366707078925,27,-87,0.001869,51,2026-07-02 16:14:28.001737,618,1.037,0.0011,"aoml_navis",1030.00056838681
"7901009",115,0,1,0.029904,1,0.007476,1,114.208567602388,1,4.85430911797695,620,1,8.22700023651123,34.9539985656738,0.0299040004611015,0.0148376896977425,110.129898071289,-86.723,27.1218,13.9073466143278,63,63,63,63,61,63,0,7818,1.13366707078925,27,-87,0.001869,51,2026-07-02 16:14:28.001737,620,1.037,0.0011,"aoml_navis",1030.01269150403
"7901009",115,0,1,0.028035,1,0.005607,1,114.346599477976,1,4.85425767713659,622,1,8.20600032806396,34.9519996643066,0.0280349999666214,0.0131890568882227,110.263000488281,-86.723,27.1218,13.9073466143278,63,63,63,63,61,63,0,7818,1.13366707078925,27,-87,0.001869,51,2026-07-02 16:14:28.001737,622,1.037,0.0011,"aoml_navis",1030.02360660619
"7901009",115,0,1,0.031773,1,0.009345,1,114.48711570579,1,4.8541992530933,624,1,8.17599964141846,34.9500007629395,0.0317730009555817,0.0164863225072622,110.398498535156,-86.723,27.1218,13.9073466143278,63,63,63,63,61,63,0,7818,1.13366707078925,27,-87,0.001869,51,2026-07-02 16:14:28.001737,624,1.037,0.0011,"aoml_navis",1030.03600373713
"7901009",115,0,1,0.029904,1,0.007476,1,114.639563153848,1,4.8541486300968,626,1,8.1560001373291,34.9480018615723,0.0299040004611015,0.0148376896977425,110.545501708984,-86.723,27.1218,13.9073466143278,63,63,63,63,61,63,0,7818,1.13366707078925,27,-87,0.001869,51,2026-07-02 16:14:28.001737,626,1.037,0.0011,"aoml_navis",1030.04674578749
"7901009",115,0,1,0.031773,1,0.009345,1,114.836388728135,1,4.85409958704706,628,1,8.13799953460693,34.9459991455078,0.0317730009555817,0.0164863225072622,110.735298156738,-86.723,27.1218,13.9073466143278,63,63,63,63,61,63,0,7818,1.13366707078925,27,-87,0.001869,51,2026-07-02 16:14:28.001737,628,1.037,0.0011,"aoml_navis",1030.05715279148
"7901009",115,0,1,0.029904,1,0.007476,1,115.075115988373,1,4.85404162922322,630,1,8.09899997711182,34.9420013427734,0.0299040004611015,0.0148376896977425,110.96549987793,-86.723,27.1218,13.9073466143278,63,63,63,63,61,63,0,7818,1.13366707078925,27,-87,0.001869,51,2026-07-02 16:14:28.001737,630,1.037,0.0011,"aoml_navis",1030.06945179416
"7901009",115,0,1,0.029904,1,0.007476,1,115.284806392976,1,4.85397775373367,632,1,8.05700016021729,34.9389991760254,0.0299040004611015,0.0148376896977425,111.167701721191,-86.723,27.1218,13.9073466143278,63,63,63,63,61,63,0,7818,1.13366707078925,27,-87,0.001869,51,2026-07-02 16:14:28.001737,632,1.037,0.0011,"aoml_navis",1030.08300690171
"7901009",115,0,1,0.031773,1,0.009345,1,115.434445098869,1,4.85392105120455,634,1,8.0290002822876,34.9370002746582,0.0317730009555817,0.0164863225072622,111.311996459961,-86.723,27.1218,13.9073466143278,63,63,63,63,61,63,0,7818,1.13366707078925,27,-87,0.001869,51,2026-07-02 16:14:28.001737,634,1.037,0.0011,"aoml_navis",1030.09504012415
"7901009",115,0,1,0.026166,1,0.003738,1,115.596228647649,1,4.85386977043522,636,1,8.00800037384033,34.935001373291,0.0261659994721413,0.0115404240787029,111.468002319336,-86.723,27.1218,13.9073466143278,63,63,63,63,61,63,0,7818,1.13366707078925,27,-87,0.001869,51,2026-07-02 16:14:28.001737,636,1.037,0.0011,"aoml_navis",1030.10592300083
"7901009",115,0,1,0.028035,1,0.005607,1,115.746183831532,1,4.85382330822961,638,1,7.9980001449585,34.9339981079102,0.0280349999666214,0.0131890568882227,111.612602233887,-86.723,27.1218,13.9073466143278,63,63,63,63,61,63,0,7818,1.13366707078925,27,-87,0.001869,51,2026-07-02 16:14:28.001737,638,1.037,0.0011,"aoml_navis",1030.11578347373
"7901009",115,0,1,0.029904,1,0.007476,1,116.028355607926,1,4.85376513089048,640,1,7.96799993515015,34.931999206543,0.0299040004611015,0.0148376896977425,111.884696960449,-86.723,27.1218,13.9073466143278,63,63,63,63,61,63,0,7818,1.13366707078925,27,-87,0.001869,51,2026-07-02 16:14:28.001737,640,1.037,0.0011,"aoml_navis",1030.12813046491
"7901009",115,0,1,0.033642,1,0.011214,1,116.234208716893,1,4.85370606526896,642,1,7.93200016021729,34.9290008544922,0.0336420014500618,0.0181349534541368,112.083198547363,-86.723,27.1218,13.9073466143278,63,63,63,63,61,63,0,7818,1.13366707078925,27,-87,0.001869,51,2026-07-02 16:14:28.001737,642,1.037,0.0011,"aoml_navis",1030.14066627929
"7901009",115,0,1,0.031773,1,0.009345,1,116.397954429215,1,4.85365104551898,644,1,7.9060001373291,34.9269981384277,0.0317730009555817,0.0164863225072622,112.241096496582,-86.723,27.1218,13.9073466143278,63,63,63,63,61,63,0,7818,1.13366707078925,27,-87,0.001869,51,2026-07-02 16:14:28.001737,644,1.037,0.0011,"aoml_navis",1030.15234369107
"7901009",115,0,1,0.031773,1,0.009345,1,116.571661286291,1,4.85359909786291,646,1,7.88399982452393,34.9249992370605,0.0317730009555817,0.0164863225072622,112.408599853516,-86.723,27.1218,13.9073466143278,63,63,63,63,61,63,0,7818,1.13366707078925,27,-87,0.001869,51,2026-07-02 16:14:28.001737,646,1.037,0.0011,"aoml_navis",1030.16336932351
"7901009",115,0,1,0.033642,1,0.011214,1,116.671217350175,1,4.85354793311154,648,1,7.86299991607666,34.9230003356934,0.0336420014500618,0.0181349534541368,112.504600524902,-86.723,27.1218,13.9073466143278,63,63,63,63,61,63,0,7818,1.13366707078925,27,-87,0.001869,51,2026-07-02 16:14:28.001737,648,1.037,0.0011,"aoml_navis",1030.17422901901
"7901009",115,0,1,0.029904,1,0.007476,1,116.755424231516,1,4.85349539592317,650,1,7.84499979019165,34.9220008850098,0.0299040004611015,0.0148376896977425,112.585800170898,-86.723,27.1218,13.9073466143278,63,63,63,63,61,63,0,7818,1.13366707078925,27,-87,0.001869,51,2026-07-02 16:14:28.001737,650,1.037,0.0011,"aoml_navis",1030.18538025191
"7901009",115,0,1,0.029904,1,0.007476,1,116.944060937797,1,4.85343893836587,652,1,7.81699991226196,34.9199981689453,0.0299040004611015,0.0148376896977425,112.767700195312,-86.723,27.1218,13.9073466143278,63,63,63,63,61,63,0,7818,1.13366707078925,27,-87,0.001869,51,2026-07-02 16:14:28.001737,652,1.037,0.0011,"aoml_navis",1030.19736386824
"7901009",115,0,1,0.029904,1,0.007476,1,117.094641165711,1,4.85338719386543,654,1,7.80000019073486,34.9189987182617,0.0299040004611015,0.0148376896977425,112.912902832031,-86.723,27.1218,13.9073466143278,63,63,63,63,61,63,0,7818,1.13366707078925,27,-87,0.001869,51,2026-07-02 16:14:28.001737,654,1.037,0.0011,"aoml_navis",1030.20834734139
"7901009",115,0,1,0.029904,1,0.007476,1,117.22727709156,1,4.85333926526946,656,1,7.78800010681152,34.9179992675781,0.0299040004611015,0.0148376896977425,113.040802001953,-86.723,27.1218,13.9073466143278,63,63,63,63,61,63,0,7818,1.13366707078925,27,-87,0.001869,51,2026-07-02 16:14:28.001737,656,1.037,0.0011,"aoml_navis",1030.21852104592
"7901009",115,0,1,0.029904,1,0.007476,1,117.45148592398,1,4.85329045699648,658,1,7.76999998092651,34.9160003662109,0.0299040004611015,0.0148376896977425,113.25700378418,-86.723,27.1218,13.9073466143278,63,63,63,63,61,63,0,7818,1.13366707078925,27,-87,0.001869,51,2026-07-02 16:14:28.001737,658,1.037,0.0011,"aoml_navis",1030.22888168418
"7901009",115,0,1,0.028035,1,0.005607,1,117.712817624695,1,4.85323254602221,660,1,7.73999977111816,34.9140014648438,0.0280349999666214,0.0131890568882227,113.509002685547,-86.723,27.1218,13.9073466143278,63,63,63,63,61,63,0,7818,1.13366707078925,27,-87,0.001869,51,2026-07-02 16:14:28.001737,660,1.037,0.0011,"aoml_navis",1030.24117484296
"7901009",115,0,1,0.029904,1,0.007476,1,117.956727212029,1,4.85317468547784,662,1,7.71000003814697,34.9119987487793,0.0299040004611015,0.0148376896977425,113.744201660156,-86.723,27.1218,13.9073466143278,63,63,63,63,61,63,0,7818,1.13366707078925,27,-87,0.001869,51,2026-07-02 16:14:28.001737,662,1.037,0.0011,"aoml_navis",1030.25345758963
"7901009",115,0,1,0.031773,1,0.009345,1,118.122031578455,1,4.85312300748397,664,1,7.69299983978271,34.9109992980957,0.0317730009555817,0.0164863225072622,113.903602600098,-86.723,27.1218,13.9073466143278,63,63,63,63,61,63,0,7818,1.13366707078925,27,-87,0.001869,51,2026-07-02 16:14:28.001737,664,1.037,0.0011,"aoml_navis",1030.2644281403
"7901009",115,0,1,0.031773,1,0.009345,1,118.263062083003,1,4.85307653343977,666,1,7.67799997329712,34.9090003967285,0.0317730009555817,0.0164863225072622,114.039596557617,-86.723,27.1218,13.9073466143278,63,63,63,63,61,63,0,7818,1.13366707078925,27,-87,0.001869,51,2026-07-02 16:14:28.001737,666,1.037,0.0011,"aoml_navis",1030.27429416121
"7901009",115,0,1,0.033642,1,0.011214,1,118.441017657102,1,4.8530188280889,668,1,7.65299987792969,34.9080009460449,0.0336420014500618,0.0181349534541368,114.211196899414,-86.723,27.1218,13.9073466143278,63,63,63,63,61,63,0,7818,1.13366707078925,27,-87,0.001869,51,2026-07-02 16:14:28.001737,668,1.037,0.0011,"aoml_navis",1030.28654475033
"7901009",115,0,1,0.028035,1,0.005607,1,118.585481947848,1,4.85296794084399,670,1,7.63700008392334,34.9070014953613,0.0280349999666214,0.0131890568882227,114.35050201416,-86.723,27.1218,13.9073466143278,63,63,63,63,61,63,0,7818,1.13366707078925,27,-87,0.001869,51,2026-07-02 16:14:28.001737,670,1.037,0.0011,"aoml_navis",1030.29734812764
"7901009",115,0,1,0.026166,1,0.003738,1,118.823061975371,1,4.85291170664025,672,1,7.60900020599365,34.9049987792969,0.0261659994721413,0.0115404240787029,114.579597473145,-86.723,27.1218,13.9073466143278,63,63,63,63,61,63,0,7818,1.13366707078925,27,-87,0.001869,51,2026-07-02 16:14:28.001737,672,1.037,0.0011,"aoml_navis",1030.30928692943
"7901009",115,0,1,0.031773,1,0.009345,1,118.975715134123,1,4.85285783224365,674,1,7.58900022506714,34.9039993286133,0.0317730009555817,0.0164863225072622,114.72679901123,-86.723,27.1218,13.9073466143278,63,63,63,63,61,63,0,7818,1.13366707078925,27,-87,0.001869,51,2026-07-02 16:14:28.001737,674,1.037,0.0011,"aoml_navis",1030.32072499192
"7901009",115,0,1,0.031773,1,0.009345,1,119.132411299205,1,4.85280999244244,676,1,7.5770001411438,34.9029998779297,0.0317730009555817,0.0164863225072622,114.877899169922,-86.723,27.1218,13.9073466143278,63,63,63,63,61,63,0,7818,1.13366707078925,27,-87,0.001869,51,2026-07-02 16:14:28.001737,676,1.037,0.0011,"aoml_navis",1030.33088206354
"7901009",115,0,1,0.029904,1,0.007476,1,119.347806219588,1,4.85276140559226,678,1,7.56400012969971,34.9020004272461,0.0299040004611015,0.0148376896977425,115.085601806641,-86.723,27.1218,13.9073466143278,63,63,63,63,61,63,0,7818,1.13366707078925,27,-87,0.001869,51,2026-07-02 16:14:28.001737,678,1.037,0.0011,"aoml_navis",1030.34119794929
"7901009",115,0,1,0.026166,1,0.003738,1,119.624487102846,1,4.85270748744199,680,1,7.53900003433228,34.9000015258789,0.0261659994721413,0.0115404240787029,115.352401733398,-86.723,27.1218,13.9073466143278,63,63,63,63,61,63,0,7818,1.13366707078925,27,-87,0.001869,51,2026-07-02 16:14:28.001737,680,1.037,0.0011,"aoml_navis",1030.35264601033
"7901009",115,0,1,0.031773,1,0.009345,1,119.889553243849,1,4.8526506078426,682,1,7.51000022888184,34.8979988098145,0.0317730009555817,0.0164863225072622,115.608001708984,-86.723,27.1218,13.9073466143278,63,63,63,63,61,63,0,7818,1.13366707078925,27,-87,0.001869,51,2026-07-02 16:14:28.001737,682,1.037,0.0011,"aoml_navis",1030.36472313075
"7901009",115,0,1,0.033642,1,0.011214,1,120.0825415225,1,4.85259755605839,684,1,7.49100017547607,34.8969993591309,0.0336420014500618,0.0181349534541368,115.794097900391,-86.723,27.1218,13.9073466143278,63,63,63,63,61,63,0,7818,1.13366707078925,27,-87,0.001869,51,2026-07-02 16:14:28.001737,684,1.037,0.0011,"aoml_navis",1030.37598775476
"7901009",115,0,1,0.029904,1,0.007476,1,120.303640958664,1,4.85254751133944,686,1,7.47599983215332,34.8959999084473,0.0299040004611015,0.0148376896977425,116.007301330566,-86.723,27.1218,13.9073466143278,63,63,63,63,61,63,0,7818,1.13366707078925,27,-87,0.001869,51,2026-07-02 16:14:28.001737,686,1.037,0.0011,"aoml_navis",1030.38661410651
"7901009",115,0,1,0.031773,1,0.009345,1,120.572750105997,1,4.85249373535006,688,1,7.45599985122681,34.8950004577637,0.0317730009555817,0.0164863225072622,116.266799926758,-86.723,27.1218,13.9073466143278,63,63,63,63,61,63,0,7818,1.13366707078925,27,-87,0.001869,51,2026-07-02 16:14:28.001737,688,1.037,0.0011,"aoml_navis",1030.39803298979
"7901009",115,0,1,0.033642,1,0.011214,1,120.890082587143,1,4.85243618766485,690,1,7.42600011825562,34.8930015563965,0.0336420014500618,0.0181349534541368,116.572799682617,-86.723,27.1218,13.9073466143278,63,63,63,63,61,63,0,7818,1.13366707078925,27,-87,0.001869,51,2026-07-02 16:14:28.001737,690,1.037,0.0011,"aoml_navis",1030.41025304161
"7901009",115,0,1,0.033642,1,0.011214,1,121.097280727571,1,4.85238022645786,692,1,7.40299987792969,34.8919982910156,0.0336420014500618,0.0181349534541368,116.772598266602,-86.723,27.1218,13.9073466143278,63,63,63,63,61,63,0,7818,1.13366707078925,27,-87,0.001869,51,2026-07-02 16:14:28.001737,692,1.037,0.0011,"aoml_navis",1030.42213648824
"7901009",115,0,1,0.031773,1,0.009345,1,121.284263836351,1,4.85233022990288,694,1,7.38800001144409,34.890998840332,0.0317730009555817,0.0164863225072622,116.952903747559,-86.723,27.1218,13.9073466143278,63,63,63,63,61,63,0,7818,1.13366707078925,27,-87,0.001869,51,2026-07-02 16:14:28.001737,694,1.037,0.0011,"aoml_navis",1030.43275356386
"7901009",115,0,1,0.026166,1,0.003738,1,121.451743988961,1,4.85227875238113,696,1,7.37099981307983,34.8899993896484,0.0261659994721413,0.0115404240787029,117.114402770996,-86.723,27.1218,13.9073466143278,63,63,63,63,61,63,0,7818,1.13366707078925,27,-87,0.001869,51,2026-07-02 16:14:28.001737,696,1.037,0.0011,"aoml_navis",1030.44368536049
"7901009",115,0,1,0.028035,1,0.005607,1,121.634779034809,1,4.85222579854073,698,1,7.35200023651123,34.8889999389648,0.0280349999666214,0.0131890568882227,117.290901184082,-86.723,27.1218,13.9073466143278,63,63,63,63,61,63,0,7818,1.13366707078925,27,-87,0.001869,51,2026-07-02 16:14:28.001737,698,1.037,0.0011,"aoml_navis",1030.45493091103
"7901009",115,0,1,0.033642,1,0.011214,1,121.792408809963,1,4.85217582908893,700,1,7.33699989318848,34.8880004882812,0.0336420014500618,0.0181349534541368,117.442901611328,-86.723,27.1218,13.9073466143278,63,63,63,63,61,63,0,7818,1.13366707078925,27,-87,0.001869,51,2026-07-02 16:14:28.001737,700,1.037,0.0011,"aoml_navis",1030.46554290652
"7901009",115,0,1,0.029904,1,0.007476,1,121.950758572545,1,4.8521325519874,702,1,7.33099985122681,34.8870010375977,0.0299040004611015,0.0148376896977425,117.595596313477,-86.723,27.1218,13.9073466143278,63,63,63,63,61,63,0,7818,1.13366707078925,27,-87,0.001869,51,2026-07-02 16:14:28.001737,702,1.037,0.0011,"aoml_navis",1030.47473382648
"7901009",115,0,1,0.033642,1,0.011214,1,122.313727179932,1,4.85207520178262,704,1,7.31099987030029,34.8870010375977,0.0336420014500618,0.0181349534541368,117.945602416992,-86.723,27.1218,13.9073466143278,63,63,63,63,61,63,0,7818,1.13366707078925,27,-87,0.001869,51,2026-07-02 16:14:28.001737,704,1.037,0.0011,"aoml_navis",1030.48691375662
"7901009",115,0,1,0.029904,1,0.007476,1,122.52258682981,1,4.85201931374975,706,1,7.28299999237061,34.8849983215332,0.0299040004611015,0.0148376896977425,118.147003173828,-86.723,27.1218,13.9073466143278,63,63,63,63,61,63,0,7818,1.13366707078925,27,-87,0.001869,51,2026-07-02 16:14:28.001737,706,1.037,0.0011,"aoml_navis",1030.49878343042
"7901009",115,0,1,0.028035,1,0.005607,1,122.65822929657,1,4.85196272051564,708,1,7.25899982452393,34.8839988708496,0.0280349999666214,0.0131890568882227,118.277801513672,-86.723,27.1218,13.9073466143278,63,63,63,63,61,63,0,7818,1.13366707078925,27,-87,0.001869,51,2026-07-02 16:14:28.001737,708,1.037,0.0011,"aoml_navis",1030.51080315568
"7901009",115,0,1,0.029904,1,0.007476,1,122.735173008027,1,4.85191575952652,710,1,7.2480001449585,34.882999420166,0.0299040004611015,0.0148376896977425,118.351997375488,-86.723,27.1218,13.9073466143278,63,63,63,63,61,63,0,7818,1.13366707078925,27,-87,0.001869,51,2026-07-02 16:14:28.001737,710,1.037,0.0011,"aoml_navis",1030.52077732032
"7901009",115,0,1,0.033642,1,0.011214,1,122.821769298198,1,4.85186438222921,712,1,7.23600006103516,34.882999420166,0.0336420014500618,0.0181349534541368,118.435501098633,-86.723,27.1218,13.9073466143278,63,63,63,63,61,63,0,7818,1.13366707078925,27,-87,0.001869,51,2026-07-02 16:14:28.001737,712,1.037,0.0011,"aoml_navis",1030.53168969713
"7901009",115,0,1,0.029904,1,0.007476,1,123.002731413207,1,4.85180341070445,714,1,7.21099996566772,34.882999420166,0.0299040004611015,0.0148376896977425,118.610000610352,-86.723,27.1218,13.9073466143278,63,63,63,63,61,63,0,7818,1.13366707078925,27,-87,0.001869,51,2026-07-02 16:14:28.001737,714,1.037,0.0011,"aoml_navis",1030.54464015763
"7901009",115,0,1,0.031773,1,0.009345,1,123.17985623258,1,4.85174983040697,716,1,7.19099998474121,34.8819999694824,0.0317730009555817,0.0164863225072622,118.780799865723,-86.723,27.1218,13.9073466143278,63,63,63,63,61,63,0,7818,1.13366707078925,27,-87,0.001869,51,2026-07-02 16:14:28.001737,716,1.037,0.0011,"aoml_navis",1030.55602097699
"7901009",115,0,1,0.035511,1,0.013083,1,123.437769970997,1,4.85169994807527,718,1,7.17600011825562,34.8810005187988,0.0355109982192516,0.0197835862636566,119.029502868652,-86.723,27.1218,13.9073466143278,63,63,63,63,61,63,0,7818,1.13366707078925,27,-87,0.001869,51,2026-07-02 16:14:28.001737,718,1.037,0.0011,"aoml_navis",1030.56661654923
"7901009",115,0,1,0.028035,1,0.005607,1,123.752301621927,1,4.85164050420547,720,1,7.15299987792969,34.8810005187988,0.0280349999666214,0.0131890568882227,119.332801818848,-86.723,27.1218,13.9073466143278,63,63,63,63,61,63,0,7818,1.13366707078925,27,-87,0.001869,51,2026-07-02 16:14:28.001737,720,1.037,0.0011,"aoml_navis",1030.57924338498
"7901009",115,0,1,0.029904,1,0.007476,1,123.994652555157,1,4.8515840356879,722,1,7.12400007247925,34.8790016174316,0.0299040004611015,0.0148376896977425,119.566497802734,-86.723,27.1218,13.9073466143278,63,63,63,63,61,63,0,7818,1.13366707078925,27,-87,0.001869,51,2026-07-02 16:14:28.001737,722,1.037,0.0011,"aoml_navis",1030.59123849455
"7901009",115,0,1,0.029904,1,0.007476,1,124.263350281103,1,4.85153197602437,724,1,7.11100006103516,34.8790016174316,0.0299040004611015,0.0148376896977425,119.82559967041,-86.723,27.1218,13.9073466143278,63,63,63,63,61,63,0,7818,1.13366707078925,27,-87,0.001869,51,2026-07-02 16:14:28.001737,724,1.037,0.0011,"aoml_navis",1030.60229731749
"7901009",115,0,1,0.029904,1,0.007476,1,124.58368930316,1,4.8514770175973,726,1,7.08900022506714,34.8779983520508,0.0299040004611015,0.0148376896977425,120.134498596191,-86.723,27.1218,13.9073466143278,63,63,63,63,61,63,0,7818,1.13366707078925,27,-87,0.001869,51,2026-07-02 16:14:28.001737,726,1.037,0.0011,"aoml_navis",1030.61397217053
"7901009",115,0,1,0.028035,1,0.005607,1,124.920002551791,1,4.85141693835057,728,1,7.05999994277954,34.8769989013672,0.0280349999666214,0.0131890568882227,120.458801269531,-86.723,27.1218,13.9073466143278,63,63,63,63,61,63,0,7818,1.13366707078925,27,-87,0.001869,51,2026-07-02 16:14:28.001737,728,1.037,0.0011,"aoml_navis",1030.62673514512
"7901009",115,0,1,0.029904,1,0.007476,1,125.170344554283,1,4.851367858428,730,1,7.0460000038147,34.8759994506836,0.0299040004611015,0.0148376896977425,120.700202941895,-86.723,27.1218,13.9073466143278,63,63,63,63,61,63,0,7818,1.13366707078925,27,-87,0.001869,51,2026-07-02 16:14:28.001737,730,1.037,0.0011,"aoml_navis",1030.6371617056
"7901009",115,0,1,0.028035,1,0.005607,1,125.463300318206,1,4.85131147867376,732,1,7.02199983596802,34.875,0.0280349999666214,0.0131890568882227,120.982696533203,-86.723,27.1218,13.9073466143278,63,63,63,63,61,63,0,7818,1.13366707078925,27,-87,0.001869,51,2026-07-02 16:14:28.001737,732,1.037,0.0011,"aoml_navis",1030.64913930591
"7901009",115,0,1,0.026166,1,0.003738,1,125.824085227458,1,4.8512558507366,734,1,6.99900007247925,34.8740005493164,0.0261659994721413,0.0115404240787029,121.330596923828,-86.723,27.1218,13.9073466143278,63,63,63,63,61,63,0,7818,1.13366707078925,27,-87,0.001869,51,2026-07-02 16:14:28.001737,734,1.037,0.0011,"aoml_navis",1030.66095745926
"7901009",115,0,1,0.028035,1,0.005607,1,126.034709242133,1,4.85119364690469,736,1,6.97200012207031,34.8740005493164,0.0280349999666214,0.0131890568882227,121.533699035645,-86.723,27.1218,13.9073466143278,63,63,63,63,61,63,0,7818,1.13366707078925,27,-87,0.001869,51,2026-07-02 16:14:28.001737,736,1.037,0.0011,"aoml_navis",1030.6741729822
"7901009",115,0,1,0.029904,1,0.007476,1,126.259123785248,1,4.8511453389016,738,1,6.95900011062622,34.8730010986328,0.0299040004611015,0.0148376896977425,121.750099182129,-86.723,27.1218,13.9073466143278,63,63,63,63,61,63,0,7818,1.13366707078925,27,-87,0.001869,51,2026-07-02 16:14:28.001737,738,1.037,0.0011,"aoml_navis",1030.68443649889
"7901009",115,0,1,0.029904,1,0.007476,1,126.490073598868,1,4.85109117243612,740,1,6.94299983978271,34.8730010986328,0.0299040004611015,0.0148376896977425,121.972801208496,-86.723,27.1218,13.9073466143278,63,63,63,63,61,63,0,7818,1.13366707078925,27,-87,0.001869,51,2026-07-02 16:14:28.001737,740,1.037,0.0011,"aoml_navis",1030.69594494739
"7901009",115,0,1,0.029904,1,0.007476,1,126.802943740347,1,4.85104210324993,742,1,6.93400001525879,34.8730010986328,0.0299040004611015,0.0148376896977425,122.27449798584,-86.723,27.1218,13.9073466143278,63,63,63,63,61,63,0,7818,1.13366707078925,27,-87,0.001869,51,2026-07-02 16:14:28.001737,742,1.037,0.0011,"aoml_navis",1030.7063706271
"7901009",115,0,1,0.033642,1,0.011214,1,127.194324159338,1,4.85097856623243,744,1,6.90000009536743,34.8720016479492,0.0336420014500618,0.0181349534541368,122.651901245117,-86.723,27.1218,13.9073466143278,63,63,63,63,61,63,0,7818,1.13366707078925,27,-87,0.001869,51,2026-07-02 16:14:28.001737,744,1.037,0.0011,"aoml_navis",1030.71987058547
"7901009",115,0,1,0.028035,1,0.005607,1,127.44165962092,1,4.85092305724594,746,1,6.8769998550415,34.8709983825684,0.0280349999666214,0.0131890568882227,122.890403747559,-86.723,27.1218,13.9073466143278,63,63,63,63,61,63,0,7818,1.13366707078925,27,-87,0.001869,51,2026-07-02 16:14:28.001737,746,1.037,0.0011,"aoml_navis",1030.73166508617
"7901009",115,0,1,0.031773,1,0.009345,1,127.712010944366,1,4.85086893849688,748,1,6.86100006103516,34.8709983825684,0.0317730009555817,0.0164863225072622,123.151100158691,-86.723,27.1218,13.9073466143278,63,63,63,63,61,63,0,7818,1.13366707078925,27,-87,0.001869,51,2026-07-02 16:14:28.001737,748,1.037,0.0011,"aoml_navis",1030.74316445031
"7901009",115,0,1,0.024297,1,0.001869,1,128.036187262058,1,4.85081417226742,750,1,6.83900022506714,34.8699989318848,0.0242970008403063,0.00989179313182831,123.46369934082,-86.723,27.1218,13.9073466143278,63,63,63,63,61,63,0,7818,1.13366707078925,27,-87,0.001869,51,2026-07-02 16:14:28.001737,750,1.037,0.0011,"aoml_navis",1030.75480165484
"7901009",115,0,1,0.028035,1,0.005607,1,128.292130924984,1,4.85075285322961,752,1,6.81300020217896,34.8699989318848,0.0280349999666214,0.0131890568882227,123.710502624512,-86.723,27.1218,13.9073466143278,63,63,63,63,61,63,0,7818,1.13366707078925,27,-87,0.001869,51,2026-07-02 16:14:28.001737,752,1.037,0.0011,"aoml_navis",1030.76783156887
"7901009",115,0,1,0.029904,1,0.007476,1,128.45774385745,1,4.85070678293855,754,1,6.80299997329712,34.8689994812012,0.0299040004611015,0.0148376896977425,123.87020111084,-86.723,27.1218,13.9073466143278,63,63,63,63,61,63,0,7818,1.13366707078925,27,-87,0.001869,51,2026-07-02 16:14:28.001737,754,1.037,0.0011,"aoml_navis",1030.77762143582
"7901009",115,0,1,0.031773,1,0.009345,1,128.730793155766,1,4.8506563122998,756,1,6.79199981689453,34.8689994812012,0.0317730009555817,0.0164863225072622,124.133499145508,-86.723,27.1218,13.9073466143278,63,63,63,63,61,63,0,7818,1.13366707078925,27,-87,0.001869,51,2026-07-02 16:14:28.001737,756,1.037,0.0011,"aoml_navis",1030.78834658343
"7901009",115,0,1,0.029904,1,0.007476,1,129.064202718834,1,4.85060152162383,758,1,6.77500009536743,34.8689994812012,0.0299040004611015,0.0148376896977425,124.455001831055,-86.723,27.1218,13.9073466143278,63,63,63,63,61,63,0,7818,1.13366707078925,27,-87,0.001869,51,2026-07-02 16:14:28.001737,758,1.037,0.0011,"aoml_navis",1030.79999000333
"7901009",115,0,1,0.029904,1,0.007476,1,129.404661829141,1,4.85054250726671,760,1,6.74700021743774,34.8680000305176,0.0299040004611015,0.0148376896977425,124.783302307129,-86.723,27.1218,13.9073466143278,63,63,63,63,61,63,0,7818,1.13366707078925,27,-87,0.001869,51,2026-07-02 16:14:28.001737,760,1.037,0.0011,"aoml_navis",1030.81253128065
"7901009",115,0,1,0.031773,1,0.009345,1,129.737446348177,1,4.85048918174017,762,1,6.73199987411499,34.8680000305176,0.0317730009555817,0.0164863225072622,125.104202270508,-86.723,27.1218,13.9073466143278,63,63,63,63,61,63,0,7818,1.13366707078925,27,-87,0.001869,51,2026-07-02 16:14:28.001737,762,1.037,0.0011,"aoml_navis",1030.82386387391
"7901009",115,0,1,0.031773,1,0.009345,1,130.090034477474,1,4.85043452047179,764,1,6.71000003814697,34.867000579834,0.0317730009555817,0.0164863225072622,125.444198608398,-86.723,27.1218,13.9073466143278,63,63,63,63,61,63,0,7818,1.13366707078925,27,-87,0.001869,51,2026-07-02 16:14:28.001737,764,1.037,0.0011,"aoml_navis",1030.83548059395
"7901009",115,0,1,0.028035,1,0.005607,1,130.41743095872,1,4.85037476008,766,1,6.68599987030029,34.867000579834,0.0280349999666214,0.0131890568882227,125.759902954102,-86.723,27.1218,13.9073466143278,63,63,63,63,61,63,0,7818,1.13366707078925,27,-87,0.001869,51,2026-07-02 16:14:28.001737,766,1.037,0.0011,"aoml_navis",1030.8481812893
"7901009",115,0,1,0.031773,1,0.009345,1,130.669948747398,1,4.85032505047485,768,1,6.67600011825562,34.867000579834,0.0317730009555817,0.0164863225072622,126.003402709961,-86.723,27.1218,13.9073466143278,63,63,63,63,61,63,0,7818,1.13366707078925,27,-87,0.001869,51,2026-07-02 16:14:28.001737,768,1.037,0.0011,"aoml_navis",1030.85874615981
"7901009",115,0,1,0.029904,1,0.007476,1,131.149784764753,1,4.85027043447241,770,1,6.65399980545044,34.8660011291504,0.0299040004611015,0.0148376896977425,126.466102600098,-86.723,27.1218,13.9073466143278,63,63,63,63,61,63,0,7818,1.13366707078925,27,-87,0.001869,51,2026-07-02 16:14:28.001737,770,1.037,0.0011,"aoml_navis",1030.8703540453
"7901009",115,0,1,0.031773,1,0.009345,1,131.518449975971,1,4.85020929460566,772,1,6.62799978256226,34.8660011291504,0.0317730009555817,0.0164863225072622,126.821601867676,-86.723,27.1218,13.9073466143278,63,63,63,63,61,63,0,7818,1.13366707078925,27,-87,0.001869,51,2026-07-02 16:14:28.001737,772,1.037,0.0011,"aoml_navis",1030.88334879918
"7901009",115,0,1,0.029904,1,0.007476,1,131.885350822391,1,4.85014461383218,774,1,6.59700012207031,34.8660011291504,0.0299040004611015,0.0148376896977425,127.175399780273,-86.723,27.1218,13.9073466143278,63,63,63,63,61,63,0,7818,1.13366707078925,27,-87,0.001869,51,2026-07-02 16:14:28.001737,774,1.037,0.0011,"aoml_navis",1030.89709649903
"7901009",115,0,1,0.031773,1,0.009345,1,132.15425425903,1,4.85008994358461,776,1,6.57999992370605,34.8660011291504,0.0317730009555817,0.0164863225072622,127.434700012207,-86.723,27.1218,13.9073466143278,63,63,63,63,61,63,0,7818,1.13366707078925,27,-87,0.001869,51,2026-07-02 16:14:28.001737,776,1.037,0.0011,"aoml_navis",1030.90871677827
"7901009",115,0,1,0.028035,1,0.005607,1,132.418489645308,1,4.85003955677675,778,1,6.56899976730347,34.8660011291504,0.0280349999666214,0.0131890568882227,127.689498901367,-86.723,27.1218,13.9073466143278,63,63,63,63,61,63,0,7818,1.13366707078925,27,-87,0.001869,51,2026-07-02 16:14:28.001737,778,1.037,0.0011,"aoml_navis",1030.91942683513
"7901009",115,0,1,0.031773,1,0.009345,1,132.784765447697,1,4.84998419210389,780,1,6.55100011825562,34.8660011291504,0.0317730009555817,0.0164863225072622,128.042694091797,-86.723,27.1218,13.9073466143278,63,63,63,63,61,63,0,7818,1.13366707078925,27,-87,0.001869,51,2026-07-02 16:14:28.001737,780,1.037,0.0011,"aoml_navis",1030.93119522747
"7901009",115,0,1,0.028035,1,0.005607,1,133.09515123695,1,4.84993097164035,782,1,6.53599977493286,34.8660011291504,0.0280349999666214,0.0131890568882227,128.341995239258,-86.723,27.1218,13.9073466143278,63,63,63,63,61,63,0,7818,1.13366707078925,27,-87,0.001869,51,2026-07-02 16:14:28.001737,782,1.037,0.0011,"aoml_navis",1030.94250809695
"7901009",115,0,1,0.028035,1,0.005607,1,133.402941906681,1,4.84987349723379,784,1,6.5149998664856,34.8660011291504,0.0280349999666214,0.0131890568882227,128.638793945312,-86.723,27.1218,13.9073466143278,63,63,63,63,61,63,0,7818,1.13366707078925,27,-87,0.001869,51,2026-07-02 16:14:28.001737,784,1.037,0.0011,"aoml_navis",1030.95472548961
"7901009",115,0,1,0.028035,1,0.005607,1,133.675381984865,1,4.84981674853898,786,1,6.49499988555908,34.8660011291504,0.0280349999666214,0.0131890568882227,128.901504516602,-86.723,27.1218,13.9073466143278,63,63,63,63,61,63,0,7818,1.13366707078925,27,-87,0.001869,51,2026-07-02 16:14:28.001737,786,1.037,0.0011,"aoml_navis",1030.9667889011
"7901009",115,0,1,0.028035,1,0.005607,1,133.934941408833,1,4.8497679509447,788,1,6.48099994659424,34.8650016784668,0.0280349999666214,0.0131890568882227,129.151794433594,-86.723,27.1218,13.9073466143278,63,63,63,63,61,63,0,7818,1.13366707078925,27,-87,0.001869,51,2026-07-02 16:14:28.001737,788,1.037,0.0011,"aoml_navis",1030.97716232506
"7901009",115,0,1,0.026166,1,0.003738,1,134.200118317133,1,4.84971689332409,790,1,6.4689998626709,34.8650016784668,0.0261659994721413,0.0115404240787029,129.407501220703,-86.723,27.1218,13.9073466143278,63,63,63,63,61,63,0,7818,1.13366707078925,27,-87,0.001869,51,2026-07-02 16:14:28.001737,790,1.037,0.0011,"aoml_navis",1030.98801641036
"7901009",115,0,1,0.031773,1,0.009345,1,134.59128511348,1,4.8496615933911,792,1,6.45100021362305,34.8650016784668,0.0317730009555817,0.0164863225072622,129.784698486328,-86.723,27.1218,13.9073466143278,63,63,63,63,61,63,0,7818,1.13366707078925,27,-87,0.001869,51,2026-07-02 16:14:28.001737,792,1.037,0.0011,"aoml_navis",1030.99977260553
"7901009",115,0,1,0.029904,1,0.007476,1,134.885910298803,1,4.84960686459751,794,1,6.43900012969971,34.8660011291504,0.0299040004611015,0.0148376896977425,130.068801879883,-86.723,27.1218,13.9073466143278,63,63,63,63,61,63,0,7818,1.13366707078925,27,-87,0.001869,51,2026-07-02 16:14:28.001737,794,1.037,0.0011,"aoml_navis",1031.01140764633
"7901009",115,0,1,0.029904,1,0.007476,1,135.145264012077,1,4.84955950842319,796,1,6.42700004577637,34.8650016784668,0.0299040004611015,0.0148376896977425,130.318893432617,-86.723,27.1218,13.9073466143278,63,63,63,63,61,63,0,7818,1.13366707078925,27,-87,0.001869,51,2026-07-02 16:14:28.001737,796,1.037,0.0011,"aoml_navis",1031.02147552072
"7901009",115,0,1,0.033642,1,0.011214,1,135.491854883452,1,4.84949560818155,798,1,6.40199995040894,34.8660011291504,0.0336420014500618,0.0181349534541368,130.653106689453,-86.723,27.1218,13.9073466143278,63,63,63,63,61,63,0,7818,1.13366707078925,27,-87,0.001869,51,2026-07-02 16:14:28.001737,798,1.037,0.0011,"aoml_navis",1031.03506095862
"7901009",115,0,1,0.033642,1,0.011214,1,135.776416068674,1,4.84944528919038,800,1,6.39099979400635,34.8660011291504,0.0336420014500618,0.0181349534541368,130.927505493164,-86.723,27.1218,13.9073466143278,63,63,63,63,61,63,0,7818,1.13366707078925,27,-87,0.001869,51,2026-07-02 16:14:28.001737,800,1.037,0.0011,"aoml_navis",1031.04575922224
"7901009",115,0,1,0.031773,1,0.009345,1,136.152122915182,1,4.84939709067518,802,1,6.38299989700317,34.8660011291504,0.0317730009555817,0.0164863225072622,131.289794921875,-86.723,27.1218,13.9073466143278,63,63,63,63,61,63,0,7818,1.13366707078925,27,-87,0.001869,51,2026-07-02 16:14:28.001737,802,1.037,0.0011,"aoml_navis",1031.05600686205
"7901009",115,0,1,0.029904,1,0.007476,1,136.566313485343,1,4.84934184519916,804,1,6.36499977111816,34.8660011291504,0.0299040004611015,0.0148376896977425,131.689193725586,-86.723,27.1218,13.9073466143278,63,63,63,63,61,63,0,7818,1.13366707078925,27,-87,0.001869,51,2026-07-02 16:14:28.001737,804,1.037,0.0011,"aoml_navis",1031.06775302921
"7901009",115,0,1,0.029904,1,0.007476,1,136.884373865868,1,4.84928731573629,806,1,6.34800004959106,34.8660011291504,0.0299040004611015,0.0148376896977425,131.995895385742,-86.723,27.1218,13.9073466143278,63,63,63,63,61,63,0,7818,1.13366707078925,27,-87,0.001869,51,2026-07-02 16:14:28.001737,806,1.037,0.0011,"aoml_navis",1031.07934722173
"7901009",115,0,1,0.026166,1,0.003738,1,137.178065441119,1,4.8492319265043,808,1,6.33500003814697,34.867000579834,0.0261659994721413,0.0115404240787029,132.279098510742,-86.723,27.1218,13.9073466143278,63,63,63,63,61,63,0,7818,1.13366707078925,27,-87,0.001869,51,2026-07-02 16:14:28.001737,808,1.037,0.0011,"aoml_navis",1031.0911244875
"7901009",115,0,1,0.029904,1,0.007476,1,137.499448840545,1,4.84917671189337,810,1,6.31699991226196,34.867000579834,0.0299040004611015,0.0148376896977425,132.589004516602,-86.723,27.1218,13.9073466143278,63,63,63,63,61,63,0,7818,1.13366707078925,27,-87,0.001869,51,2026-07-02 16:14:28.001737,810,1.037,0.0011,"aoml_navis",1031.10286489183
"7901009",115,0,1,0.028035,1,0.005607,1,137.754561748745,1,4.84913098390456,812,1,6.30200004577637,34.8650016784668,0.0280349999666214,0.0131890568882227,132.835006713867,-86.723,27.1218,13.9073466143278,63,63,63,63,61,63,0,7818,1.13366707078925,27,-87,0.001869,51,2026-07-02 16:14:28.001737,812,1.037,0.0011,"aoml_navis",1031.11258833721
"7901009",115,0,1,0.031773,1,0.009345,1,138.066798934243,1,4.84907579070021,814,1,6.28399991989136,34.8650016784668,0.0317730009555817,0.0164863225072622,133.136093139648,-86.723,27.1218,13.9073466143278,63,63,63,63,61,63,0,7818,1.13366707078925,27,-87,0.001869,51,2026-07-02 16:14:28.001737,814,1.037,0.0011,"aoml_navis",1031.12432467837
"7901009",115,0,1,0.029904,1,0.007476,1,138.309569200811,1,4.84901412200936,816,1,6.26200008392334,34.8660011291504,0.0299040004611015,0.0148376896977425,133.370193481445,-86.723,27.1218,13.9073466143278,63,63,63,63,61,63,0,7818,1.13366707078925,27,-87,0.001869,51,2026-07-02 16:14:28.001737,816,1.037,0.0011,"aoml_navis",1031.13743828984
"7901009",115,0,1,0.031773,1,0.009345,1,138.635509883301,1,4.84896455675132,818,1,6.2519998550415,34.8660011291504,0.0317730009555817,0.0164863225072622,133.684494018555,-86.723,27.1218,13.9073466143278,63,63,63,63,61,63,0,7818,1.13366707078925,27,-87,0.001869,51,2026-07-02 16:14:28.001737,818,1.037,0.0011,"aoml_navis",1031.14797839435
"7901009",115,0,1,0.029904,1,0.007476,1,139.056757912652,1,4.84890869615052,820,1,6.23299980163574,34.8660011291504,0.0299040004611015,0.0148376896977425,134.090698242188,-86.723,27.1218,13.9073466143278,63,63,63,63,61,63,0,7818,1.13366707078925,27,-87,0.001869,51,2026-07-02 16:14:28.001737,820,1.037,0.0011,"aoml_navis",1031.15985746843
"7901009",115,0,1,0.031773,1,0.009345,1,139.358219022571,1,4.84885424689148,822,1,6.21600008010864,34.8660011291504,0.0317730009555817,0.0164863225072622,134.381393432617,-86.723,27.1218,13.9073466143278,63,63,63,63,61,63,0,7818,1.13366707078925,27,-87,0.001869,51,2026-07-02 16:14:28.001737,822,1.037,0.0011,"aoml_navis",1031.17143667608
"7901009",115,0,1,0.026166,1,0.003738,1,139.633349163675,1,4.84879771290205,824,1,6.19600009918213,34.8660011291504,0.0261659994721413,0.0115404240787029,134.646697998047,-86.723,27.1218,13.9073466143278,63,63,63,63,61,63,0,7818,1.13366707078925,27,-87,0.001869,51,2026-07-02 16:14:28.001737,824,1.037,0.0011,"aoml_navis",1031.18345949876
"7901009",115,0,1,0.033642,1,0.011214,1,139.864093266601,1,4.84874886805723,826,1,6.18699979782104,34.8660011291504,0.0336420014500618,0.0181349534541368,134.869201660156,-86.723,27.1218,13.9073466143278,63,63,63,63,61,63,0,7818,1.13366707078925,27,-87,0.001869,51,2026-07-02 16:14:28.001737,826,1.037,0.0011,"aoml_navis",1031.19384733229
"7901009",115,0,1,0.029904,1,0.007476,1,140.178830628225,1,4.84870002663589,828,1,6.17799997329712,34.8660011291504,0.0299040004611015,0.0148376896977425,135.172698974609,-86.723,27.1218,13.9073466143278,63,63,63,63,61,63,0,7818,1.13366707078925,27,-87,0.001869,51,2026-07-02 16:14:28.001737,828,1.037,0.0011,"aoml_navis",1031.20423464701
"7901009",115,0,1,0.033642,1,0.011214,1,140.528522983908,1,4.84864282229558,830,1,6.15700006484985,34.8660011291504,0.0336420014500618,0.0181349534541368,135.509902954102,-86.723,27.1218,13.9073466143278,63,63,63,63,61,63,0,7818,1.13366707078925,27,-87,0.001869,51,2026-07-02 16:14:28.001737,830,1.037,0.0011,"aoml_navis",1031.21640080569
"7901009",115,0,1,0.029904,1,0.007476,1,140.699531866113,1,4.84859050759953,832,1,6.14300012588501,34.8660011291504,0.0299040004611015,0.0148376896977425,135.6748046875,-86.723,27.1218,13.9073466143278,63,63,63,63,61,63,0,7818,1.13366707078925,27,-87,0.001869,51,2026-07-02 16:14:28.001737,832,1.037,0.0011,"aoml_navis",1031.22752729131
"7901009",115,0,1,0.029904,1,0.007476,1,140.826154710141,1,4.84854516066866,834,1,6.13899993896484,34.8660011291504,0.0299040004611015,0.0148376896977425,135.796905517578,-86.723,27.1218,13.9073466143278,63,63,63,63,61,63,0,7818,1.13366707078925,27,-87,0.001869,51,2026-07-02 16:14:28.001737,834,1.037,0.0011,"aoml_navis",1031.23717204079
"7901009",115,0,1,0.033642,1,0.011214,1,141.042894661984,1,4.84849981585831,836,1,6.13500022888184,34.8660011291504,0.0336420014500618,0.0181349534541368,136.005905151367,-86.723,27.1218,13.9073466143278,63,63,63,63,61,63,0,7818,1.13366707078925,27,-87,0.001869,51,2026-07-02 16:14:28.001737,836,1.037,0.0011,"aoml_navis",1031.24681651965
"7901009",115,0,1,0.031773,1,0.009345,1,141.39081474092,1,4.84845168739388,838,1,6.1269998550415,34.8660011291504,0.0317730009555817,0.0164863225072622,136.341400146484,-86.723,27.1218,13.9073466143278,63,63,63,63,61,63,0,7818,1.13366707078925,27,-87,0.001869,51,2026-07-02 16:14:28.001737,838,1.037,0.0011,"aoml_navis",1031.25705325685
"7901009",115,0,1,0.029904,1,0.007476,1,141.608804780826,1,4.8483986915414,840,1,6.11199998855591,34.8660011291504,0.0299040004611015,0.0148376896977425,136.551605224609,-86.723,27.1218,13.9073466143278,63,63,63,63,61,63,0,7818,1.13366707078925,27,-87,0.001869,51,2026-07-02 16:14:28.001737,840,1.037,0.0011,"aoml_navis",1031.26832550365
"7901009",115,0,1,0.029904,1,0.007476,1,141.71541039195,1,4.84834917951531,842,1,6.10200023651123,34.8660011291504,0.0299040004611015,0.0148376896977425,136.654403686523,-86.723,27.1218,13.9073466143278,63,63,63,63,61,63,0,7818,1.13366707078925,27,-87,0.001869,51,2026-07-02 16:14:28.001737,842,1.037,0.0011,"aoml_navis",1031.27885696134
"7901009",115,0,1,0.029904,1,0.007476,1,142.060846118659,1,4.84829529190844,844,1,6.09100008010864,34.867000579834,0.0299040004611015,0.0148376896977425,136.987503051758,-86.723,27.1218,13.9073466143278,63,63,63,63,61,63,0,7818,1.13366707078925,27,-87,0.001869,51,2026-07-02 16:14:28.001737,844,1.037,0.0011,"aoml_navis",1031.29031937158
"7901009",115,0,1,0.031773,1,0.009345,1,142.576452060899,1,4.84824509260026,846,1,6.07999992370605,34.867000579834,0.0317730009555817,0.0164863225072622,137.48469543457,-86.723,27.1218,13.9073466143278,63,63,63,63,61,63,0,7818,1.13366707078925,27,-87,0.001869,51,2026-07-02 16:14:28.001737,846,1.037,0.0011,"aoml_navis",1031.3009974746
"7901009",115,0,1,0.031773,1,0.009345,1,142.913073875571,1,4.84819302937376,848,1,6.06099987030029,34.8660011291504,0.0317730009555817,0.0164863225072622,137.809295654297,-86.723,27.1218,13.9073466143278,63,63,63,63,61,63,0,7818,1.13366707078925,27,-87,0.001869,51,2026-07-02 16:14:28.001737,848,1.037,0.0011,"aoml_navis",1031.31207229302
"7901009",115,0,1,0.029904,1,0.007476,1,143.011498530639,1,4.84814214806623,850,1,6.04899978637695,34.8660011291504,0.0299040004611015,0.0148376896977425,137.904205322266,-86.723,27.1218,13.9073466143278,63,63,63,63,61,63,0,7818,1.13366707078925,27,-87,0.001869,51,2026-07-02 16:14:28.001737,850,1.037,0.0011,"aoml_navis",1031.32289592506
"7901009",115,0,1,0.033642,1,0.011214,1,143.117581953079,1,4.84809174725851,852,1,6.04300022125244,34.867000579834,0.0336420014500618,0.0181349534541368,138.006500244141,-86.723,27.1218,13.9073466143278,63,63,63,63,61,63,0,7818,1.13366707078925,27,-87,0.001869,51,2026-07-02 16:14:28.001737,852,1.037,0.0011,"aoml_navis",1031.33361756765
"7901009",115,0,1,0.033642,1,0.011214,1,143.27697609303,1,4.84804295249834,854,1,6.03399991989136,34.867000579834,0.0336420014500618,0.0181349534541368,138.160202026367,-86.723,27.1218,13.9073466143278,63,63,63,63,61,63,0,7818,1.13366707078925,27,-87,0.001869,51,2026-07-02 16:14:28.001737,854,1.037,0.0011,"aoml_navis",1031.343997772
"7901009",115,0,1,0.029904,1,0.007476,1,143.494649654946,1,4.84799554679173,856,1,6.02699995040894,34.867000579834,0.0299040004611015,0.0148376896977425,138.370101928711,-86.723,27.1218,13.9073466143278,63,63,63,63,61,63,0,7818,1.13366707078925,27,-87,0.001869,51,2026-07-02 16:14:28.001737,856,1.037,0.0011,"aoml_navis",1031.35408268039
"7901009",115,0,1,0.033642,1,0.011214,1,143.589023391734,1,4.84794883608869,858,1,6.02099990844727,34.867000579834,0.0336420014500618,0.0181349534541368,138.46110534668,-86.723,27.1218,13.9073466143278,63,63,63,63,61,63,0,7818,1.13366707078925,27,-87,0.001869,51,2026-07-02 16:14:28.001737,858,1.037,0.0011,"aoml_navis",1031.3640199293
"7901009",115,0,1,0.026166,1,0.003738,1,143.786046764765,1,4.84790420593361,860,1,6.01800012588501,34.867000579834,0.0261659994721413,0.0115404240787029,138.651092529297,-86.723,27.1218,13.9073466143278,63,63,63,63,61,63,0,7818,1.13366707078925,27,-87,0.001869,51,2026-07-02 16:14:28.001737,860,1.037,0.0011,"aoml_navis",1031.37351474071
"7901009",115,0,1,0.029904,1,0.007476,1,143.999068100219,1,4.84785242998815,862,1,6.01000022888184,34.8680000305176,0.0299040004611015,0.0148376896977425,138.856506347656,-86.723,27.1218,13.9073466143278,63,63,63,63,61,63,0,7818,1.13366707078925,27,-87,0.001869,51,2026-07-02 16:14:28.001737,862,1.037,0.0011,"aoml_navis",1031.38452999738
"7901009",115,0,1,0.029904,1,0.007476,1,144.307159424041,1,4.84780572525298,864,1,6.00400018692017,34.8680000305176,0.0299040004611015,0.0148376896977425,139.153594970703,-86.723,27.1218,13.9073466143278,63,63,63,63,61,63,0,7818,1.13366707078925,27,-87,0.001869,51,2026-07-02 16:14:28.001737,864,1.037,0.0011,"aoml_navis",1031.39446656334
"7901009",115,0,1,0.028035,1,0.005607,1,144.694908258089,1,4.84774219104282,866,1,5.97900009155273,34.8689994812012,0.0280349999666214,0.0131890568882227,139.527496337891,-86.723,27.1218,13.9073466143278,63,63,63,63,61,63,0,7818,1.13366707078925,27,-87,0.001869,51,2026-07-02 16:14:28.001737,866,1.037,0.0011,"aoml_navis",1031.4079839556
"7901009",115,0,1,0.031773,1,0.009345,1,144.816768108359,1,4.84768858048008,868,1,5.96299982070923,34.8689994812012,0.0317730009555817,0.0164863225072622,139.645004272461,-86.723,27.1218,13.9073466143278,63,63,63,63,61,63,0,7818,1.13366707078925,27,-87,0.001869,51,2026-07-02 16:14:28.001737,868,1.037,0.0011,"aoml_navis",1031.41939029112
"7901009",115,0,1,0.026166,1,0.003738,1,144.901283555741,1,4.84764326679723,870,1,5.95900011062622,34.8689994812012,0.0261659994721413,0.0115404240787029,139.726501464844,-86.723,27.1218,13.9073466143278,63,63,63,63,61,63,0,7818,1.13366707078925,27,-87,0.001869,51,2026-07-02 16:14:28.001737,870,1.037,0.0011,"aoml_navis",1031.42903155566
"7901009",115,0,1,0.031773,1,0.009345,1,144.995024336549,1,4.8475979545648,872,1,5.95499992370605,34.8689994812012,0.0317730009555817,0.0164863225072622,139.81689453125,-86.723,27.1218,13.9073466143278,63,63,63,63,61,63,0,7818,1.13366707078925,27,-87,0.001869,51,2026-07-02 16:14:28.001737,872,1.037,0.0011,"aoml_navis",1031.43867269184
"7901009",115,0,1,0.031773,1,0.009345,1,145.218616036888,1,4.84755126249283,874,1,5.94899988174438,34.8689994812012,0.0317730009555817,0.0164863225072622,140.032501220703,-86.723,27.1218,13.9073466143278,63,63,63,63,61,63,0,7818,1.13366707078925,27,-87,0.001869,51,2026-07-02 16:14:28.001737,874,1.037,0.0011,"aoml_navis",1031.44860760663
"7901009",115,0,1,0.029904,1,0.007476,1,145.568403335968,1,4.84748984412108,876,1,5.92700004577637,34.8699989318848,0.0299040004611015,0.0148376896977425,140.36979675293,-86.723,27.1218,13.9073466143278,63,63,63,63,61,63,0,7818,1.13366707078925,27,-87,0.001869,51,2026-07-02 16:14:28.001737,876,1.037,0.0011,"aoml_navis",1031.46167620421
"7901009",115,0,1,0.024297,1,0.001869,1,145.714521224215,1,4.84744246803387,878,1,5.92000007629395,34.8699989318848,0.0242970008403063,0.00989179313182831,140.510696411133,-86.723,27.1218,13.9073466143278,63,63,63,63,61,63,0,7818,1.13366707078925,27,-87,0.001869,51,2026-07-02 16:14:28.001737,878,1.037,0.0011,"aoml_navis",1031.47175711154
"7901009",115,0,1,0.028035,1,0.005607,1,145.919551490407,1,4.84739371484715,880,1,5.91099977493286,34.8699989318848,0.0280349999666214,0.0131890568882227,140.708404541016,-86.723,27.1218,13.9073466143278,63,63,63,63,61,63,0,7818,1.13366707078925,27,-87,0.001869,51,2026-07-02 16:14:28.001737,880,1.037,0.0011,"aoml_navis",1031.48213125033
"7901009",115,0,1,0.029904,1,0.007476,1,146.10641591994,1,4.84734427587131,882,1,5.90100002288818,34.8699989318848,0.0299040004611015,0.0148376896977425,140.888595581055,-86.723,27.1218,13.9073466143278,63,63,63,63,61,63,0,7818,1.13366707078925,27,-87,0.001869,51,2026-07-02 16:14:28.001737,882,1.037,0.0011,"aoml_navis",1031.49265153057
"7901009",115,0,1,0.029904,1,0.007476,1,146.379362362909,1,4.84729460210508,884,1,5.89599990844727,34.8709983825684,0.0299040004611015,0.0148376896977425,141.151794433594,-86.723,27.1218,13.9073466143278,63,63,63,63,61,63,0,7818,1.13366707078925,27,-87,0.001869,51,2026-07-02 16:14:28.001737,884,1.037,0.0011,"aoml_navis",1031.50322198874
"7901009",115,0,1,0.029904,1,0.007476,1,146.654903925401,1,4.8472486135632,886,1,5.89099979400635,34.8709983825684,0.0299040004611015,0.0148376896977425,141.417495727539,-86.723,27.1218,13.9073466143278,63,63,63,63,61,63,0,7818,1.13366707078925,27,-87,0.001869,51,2026-07-02 16:14:28.001737,886,1.037,0.0011,"aoml_navis",1031.51300843315
"7901009",115,0,1,0.033642,1,0.011214,1,147.067338042714,1,4.84719987122745,888,1,5.88199996948242,34.8709983825684,0.0336420014500618,0.0181349534541368,141.815200805664,-86.723,27.1218,13.9073466143278,63,63,63,63,61,63,0,7818,1.13366707078925,27,-87,0.001869,51,2026-07-02 16:14:28.001737,888,1.037,0.0011,"aoml_navis",1031.52338109257
"7901009",115,0,1,0.029904,1,0.007476,1,147.409656461216,1,4.84714287223769,890,1,5.86100006103516,34.8709983825684,0.0299040004611015,0.0148376896977425,142.145294189453,-86.723,27.1218,13.9073466143278,63,63,63,63,61,63,0,7818,1.13366707078925,27,-87,0.001869,51,2026-07-02 16:14:28.001737,890,1.037,0.0011,"aoml_navis",1031.53551108176
"7901009",115,0,1,0.033642,1,0.011214,1,147.62971943196,1,4.84708631607195,892,1,5.84600019454956,34.8720016479492,0.0336420014500618,0.0181349534541368,142.357498168945,-86.723,27.1218,13.9073466143278,63,63,63,63,61,63,0,7818,1.13366707078925,27,-87,0.001869,51,2026-07-02 16:14:28.001737,892,1.037,0.0011,"aoml_navis",1031.54754711527
"7901009",115,0,1,0.031773,1,0.009345,1,147.851238201461,1,4.84704171137548,894,1,5.84299993515015,34.8720016479492,0.0317730009555817,0.0164863225072622,142.571105957031,-86.723,27.1218,13.9073466143278,63,63,63,63,61,63,0,7818,1.13366707078925,27,-87,0.001869,51,2026-07-02 16:14:28.001737,894,1.037,0.0011,"aoml_navis",1031.55703988797
"7901009",115,0,1,0.026166,1,0.003738,1,148.184536997232,1,4.84699298435852,896,1,5.83400011062622,34.8720016479492,0.0261659994721413,0.0115404240787029,142.892501831055,-86.723,27.1218,13.9073466143278,63,63,63,63,61,63,0,7818,1.13366707078925,27,-87,0.001869,51,2026-07-02 16:14:28.001737,896,1.037,0.0011,"aoml_navis",1031.56741017271
"7901009",115,0,1,0.029904,1,0.007476,1,148.472516144753,1,4.84693945229181,898,1,5.81799983978271,34.8720016479492,0.0299040004611015,0.0148376896977425,143.170196533203,-86.723,27.1218,13.9073466143278,63,63,63,63,61,63,0,7818,1.13366707078925,27,-87,0.001869,51,2026-07-02 16:14:28.001737,898,1.037,0.0011,"aoml_navis",1031.57880332832
"7901009",115,0,1,0.029904,1,0.007476,1,148.70792829804,1,4.84688936055775,900,1,5.80700016021729,34.8720016479492,0.0299040004611015,0.0148376896977425,143.397201538086,-86.723,27.1218,13.9073466143278,63,63,63,63,61,63,0,7818,1.13366707078925,27,-87,0.001869,51,2026-07-02 16:14:28.001737,900,1.037,0.0011,"aoml_navis",1031.58946451062
"7901009",115,0,1,0.029904,1,0.007476,1,148.941884652571,1,4.84684201708461,902,1,5.80000019073486,34.8720016479492,0.0299040004611015,0.0148376896977425,143.622802734375,-86.723,27.1218,13.9073466143278,63,63,63,63,61,63,0,7818,1.13366707078925,27,-87,0.001869,51,2026-07-02 16:14:28.001737,902,1.037,0.0011,"aoml_navis",1031.59954097442
"7901009",115,0,1,0.028035,1,0.005607,1,149.286798190596,1,4.84679673391359,904,1,5.7960000038147,34.8720016479492,0.0280349999666214,0.0131890568882227,143.95539855957,-86.723,27.1218,13.9073466143278,63,63,63,63,61,63,0,7818,1.13366707078925,27,-87,0.001869,51,2026-07-02 16:14:28.001737,904,1.037,0.0011,"aoml_navis",1031.60917911297
"7901009",115,0,1,0.028035,1,0.005607,1,149.646855200469,1,4.84673337149326,906,1,5.77099990844727,34.8730010986328,0.0280349999666214,0.0131890568882227,144.302597045898,-86.723,27.1218,13.9073466143278,63,63,63,63,61,63,0,7818,1.13366707078925,27,-87,0.001869,51,2026-07-02 16:14:28.001737,906,1.037,0.0011,"aoml_navis",1031.62266556857
"7901009",115,0,1,0.028035,1,0.005607,1,149.785203554048,1,4.84668466740062,908,1,5.76200008392334,34.8730010986328,0.0280349999666214,0.0131890568882227,144.436004638672,-86.723,27.1218,13.9073466143278,63,63,63,63,61,63,0,7818,1.13366707078925,27,-87,0.001869,51,2026-07-02 16:14:28.001737,908,1.037,0.0011,"aoml_navis",1031.63303229331
"7901009",115,0,1,0.029904,1,0.007476,1,149.970833719418,1,4.84663502195012,910,1,5.75699996948242,34.8740005493164,0.0299040004611015,0.0148376896977425,144.615005493164,-86.723,27.1218,13.9073466143278,63,63,63,63,61,63,0,7818,1.13366707078925,27,-87,0.001869,51,2026-07-02 16:14:28.001737,910,1.037,0.0011,"aoml_navis",1031.64359960164
"7901009",115,0,1,0.029904,1,0.007476,1,150.14298192239,1,4.84658837672787,912,1,5.75099992752075,34.8740005493164,0.0299040004611015,0.0148376896977425,144.781005859375,-86.723,27.1218,13.9073466143278,63,63,63,63,61,63,0,7818,1.13366707078925,27,-87,0.001869,51,2026-07-02 16:14:28.001737,912,1.037,0.0011,"aoml_navis",1031.65352849208
"7901009",115,0,1,0.031773,1,0.009345,1,150.347173521907,1,4.84654104896134,914,1,5.74399995803833,34.8740005493164,0.0317730009555817,0.0164863225072622,144.977905273438,-86.723,27.1218,13.9073466143278,63,63,63,63,61,63,0,7818,1.13366707078925,27,-87,0.001869,51,2026-07-02 16:14:28.001737,914,1.037,0.0011,"aoml_navis",1031.66360286406
"7901009",115,0,1,0.029904,1,0.007476,1,150.586620769573,1,4.84649030198577,916,1,5.73199987411499,34.8740005493164,0.0299040004611015,0.0148376896977425,145.208801269531,-86.723,27.1218,13.9073466143278,63,63,63,63,61,63,0,7818,1.13366707078925,27,-87,0.001869,51,2026-07-02 16:14:28.001737,916,1.037,0.0011,"aoml_navis",1031.67440528073
"7901009",115,0,1,0.026166,1,0.003738,1,150.830008168223,1,4.84644366343002,918,1,5.72599983215332,34.8740005493164,0.0261659994721413,0.0115404240787029,145.443496704102,-86.723,27.1218,13.9073466143278,63,63,63,63,61,63,0,7818,1.13366707078925,27,-87,0.001869,51,2026-07-02 16:14:28.001737,918,1.037,0.0011,"aoml_navis",1031.68433334502
"7901009",115,0,1,0.026166,1,0.003738,1,151.095912975901,1,4.84639771109951,920,1,5.72100019454956,34.8740005493164,0.0261659994721413,0.0115404240787029,145.699905395508,-86.723,27.1218,13.9073466143278,63,63,63,63,61,63,0,7818,1.13366707078925,27,-87,0.001869,51,2026-07-02 16:14:28.001737,920,1.037,0.0011,"aoml_navis",1031.69411551774
"7901009",115,0,1,0.029904,1,0.007476,1,151.422882211861,1,4.84633509156247,922,1,5.69700002670288,34.875,0.0299040004611015,0.0148376896977425,146.015197753906,-86.723,27.1218,13.9073466143278,63,63,63,63,61,63,0,7818,1.13366707078925,27,-87,0.001869,51,2026-07-02 16:14:28.001737,922,1.037,0.0011,"aoml_navis",1031.7074460462
"7901009",115,0,1,0.028035,1,0.005607,1,151.629463220207,1,4.84628777794097,924,1,5.69000005722046,34.875,0.0280349999666214,0.0131890568882227,146.214401245117,-86.723,27.1218,13.9073466143278,63,63,63,63,61,63,0,7818,1.13366707078925,27,-87,0.001869,51,2026-07-02 16:14:28.001737,924,1.037,0.0011,"aoml_navis",1031.71751845994
"7901009",115,0,1,0.026166,1,0.003738,1,151.884671071804,1,4.84623268849063,926,1,5.67700004577637,34.8759994506836,0.0261659994721413,0.0115404240787029,146.460494995117,-86.723,27.1218,13.9073466143278,63,63,63,63,61,63,0,7818,1.13366707078925,27,-87,0.001869,51,2026-07-02 16:14:28.001737,926,1.037,0.0011,"aoml_navis",1031.7292464876
"7901009",115,0,1,0.031773,1,0.009345,1,152.145797061825,1,4.84618401600245,928,1,5.66800022125244,34.8759994506836,0.0317730009555817,0.0164863225072622,146.712295532227,-86.723,27.1218,13.9073466143278,63,63,63,63,61,63,0,7818,1.13366707078925,27,-87,0.001869,51,2026-07-02 16:14:28.001737,928,1.037,0.0011,"aoml_navis",1031.73960862601
"7901009",115,0,1,0.026166,1,0.003738,1,152.433269844561,1,4.84613466440392,930,1,5.65799999237061,34.8759994506836,0.0261659994721413,0.0115404240787029,146.989501953125,-86.723,27.1218,13.9073466143278,63,63,63,63,61,63,0,7818,1.13366707078925,27,-87,0.001869,51,2026-07-02 16:14:28.001737,930,1.037,0.0011,"aoml_navis",1031.75011555627
"7901009",115,0,1,0.028035,1,0.005607,1,152.75588750815,1,4.84608599825205,932,1,5.64900016784668,34.8759994506836,0.0280349999666214,0.0131890568882227,147.300598144531,-86.723,27.1218,13.9073466143278,63,63,63,63,61,63,0,7818,1.13366707078925,27,-87,0.001869,51,2026-07-02 16:14:28.001737,932,1.037,0.0011,"aoml_navis",1031.76047676485
"7901009",115,0,1,0.029904,1,0.007476,1,153.14964942402,1,4.84603733481579,934,1,5.6399998664856,34.8759994506836,0.0299040004611015,0.0148376896977425,147.680297851562,-86.723,27.1218,13.9073466143278,63,63,63,63,61,63,0,7818,1.13366707078925,27,-87,0.001869,51,2026-07-02 16:14:28.001737,934,1.037,0.0011,"aoml_navis",1031.77083760335
"7901009",115,0,1,0.026166,1,0.003738,1,153.631249806173,1,4.84598731275329,936,1,5.62900018692017,34.8759994506836,0.0261659994721413,0.0115404240787029,148.14469909668,-86.723,27.1218,13.9073466143278,63,63,63,63,61,63,0,7818,1.13366707078925,27,-87,0.001869,51,2026-07-02 16:14:28.001737,936,1.037,0.0011,"aoml_navis",1031.78148792123
"7901009",115,0,1,0.029904,1,0.007476,1,153.910003620269,1,4.84592816849631,938,1,5.6100001335144,34.8769989013672,0.0299040004611015,0.0148376896977425,148.413497924805,-86.723,27.1218,13.9073466143278,63,63,63,63,61,63,0,7818,1.13366707078925,27,-87,0.001869,51,2026-07-02 16:14:28.001737,938,1.037,0.0011,"aoml_navis",1031.7940807512
"7901009",115,0,1,0.029904,1,0.007476,1,154.094494464873,1,4.84588155764794,940,1,5.60400009155273,34.8769989013672,0.0299040004611015,0.0148376896977425,148.591400146484,-86.723,27.1218,13.9073466143278,63,63,63,63,61,63,0,7818,1.13366707078925,27,-87,0.001869,51,2026-07-02 16:14:28.001737,940,1.037,0.0011,"aoml_navis",1031.80400521941
"7901009",115,0,1,0.029904,1,0.007476,1,154.251815673986,1,4.84583426879812,942,1,5.59700012207031,34.8769989013672,0.0299040004611015,0.0148376896977425,148.743103027344,-86.723,27.1218,13.9073466143278,63,63,63,63,61,63,0,7818,1.13366707078925,27,-87,0.001869,51,2026-07-02 16:14:28.001737,942,1.037,0.0011,"aoml_navis",1031.81407424404
"7901009",115,0,1,0.028035,1,0.005607,1,154.383517989763,1,4.84578058057107,944,1,5.58599996566772,34.8779983520508,0.0280349999666214,0.0131890568882227,148.870101928711,-86.723,27.1218,13.9073466143278,63,63,63,63,61,63,0,7818,1.13366707078925,27,-87,0.001869,51,2026-07-02 16:14:28.001737,944,1.037,0.0011,"aoml_navis",1031.82550610056
"7901009",115,0,1,0.028035,1,0.005607,1,154.535443249137,1,4.84573125870309,946,1,5.57600021362305,34.8779983520508,0.0280349999666214,0.0131890568882227,149.0166015625,-86.723,27.1218,13.9073466143278,63,63,63,63,61,63,0,7818,1.13366707078925,27,-87,0.001869,51,2026-07-02 16:14:28.001737,946,1.037,0.0011,"aoml_navis",1031.83600844967
"7901009",115,0,1,0.024297,1,0.001869,1,154.613739904004,1,4.84568329820534,948,1,5.56799983978271,34.8779983520508,0.0242970008403063,0.00989179313182831,149.092102050781,-86.723,27.1218,13.9073466143278,63,63,63,63,61,63,0,7818,1.13366707078925,27,-87,0.001869,51,2026-07-02 16:14:28.001737,948,1.037,0.0011,"aoml_navis",1031.84622112052
"7901009",115,0,1,0.029904,1,0.007476,1,154.717544684912,1,4.84563669851186,950,1,5.56199979782104,34.8779983520508,0.0299040004611015,0.0148376896977425,149.192199707031,-86.723,27.1218,13.9073466143278,63,63,63,63,61,63,0,7818,1.13366707078925,27,-87,0.001869,51,2026-07-02 16:14:28.001737,950,1.037,0.0011,"aoml_navis",1031.85614421641
"7901009",115,0,1,0.031773,1,0.009345,1,154.774574018813,1,4.84558776270753,952,1,5.55800008773804,34.8790016174316,0.0317730009555817,0.0164863225072622,149.247192382812,-86.723,27.1218,13.9073466143278,63,63,63,63,61,63,0,7818,1.13366707078925,27,-87,0.001869,51,2026-07-02 16:14:28.001737,952,1.037,0.0011,"aoml_navis",1031.86656497708
"7901009",115,0,1,0.035511,1,0.013083,1,154.973591203184,1,4.84554388317052,954,1,5.55600023269653,34.8790016174316,0.0355109982192516,0.0197835862636566,149.439102172852,-86.723,27.1218,13.9073466143278,63,63,63,63,61,63,0,7818,1.13366707078925,27,-87,0.001869,51,2026-07-02 16:14:28.001737,954,1.037,0.0011,"aoml_navis",1031.87590919689
"7901009",115,0,1,0.026166,1,0.003738,1,155.237201545431,1,4.84550438055747,956,1,5.55499982833862,34.8779983520508,0.0261659994721413,0.0115404240787029,149.693298339844,-86.723,27.1218,13.9073466143278,63,63,63,63,61,63,0,7818,1.13366707078925,27,-87,0.001869,51,2026-07-02 16:14:28.001737,956,1.037,0.0011,"aoml_navis",1031.88432148827
"7901009",115,0,1,0.029904,1,0.007476,1,155.708943638178,1,4.84545069648329,958,1,5.54400014877319,34.8790016174316,0.0299040004611015,0.0148376896977425,150.148193359375,-86.723,27.1218,13.9073466143278,63,63,63,63,61,63,0,7818,1.13366707078925,27,-87,0.001869,51,2026-07-02 16:14:28.001737,958,1.037,0.0011,"aoml_navis",1031.89575401704
"7901009",115,0,1,0.029904,1,0.007476,1,156.159434233857,1,4.84539935538675,960,1,5.5310001373291,34.8790016174316,0.0299040004611015,0.0148376896977425,150.582595825195,-86.723,27.1218,13.9073466143278,63,63,63,63,61,63,0,7818,1.13366707078925,27,-87,0.001869,51,2026-07-02 16:14:28.001737,960,1.037,0.0011,"aoml_navis",1031.90668782365
"7901009",115,0,1,0.033642,1,0.011214,1,156.457271670785,1,4.84535073252994,962,1,5.52199983596802,34.8790016174316,0.0336420014500618,0.0181349534541368,150.86979675293,-86.723,27.1218,13.9073466143278,63,63,63,63,61,63,0,7818,1.13366707078925,27,-87,0.001869,51,2026-07-02 16:14:28.001737,962,1.037,0.0011,"aoml_navis",1031.91704295662
"7901009",115,0,1,0.031773,1,0.009345,1,156.57560279146,1,4.84530211302404,964,1,5.51300001144409,34.8790016174316,0.0317730009555817,0.0164863225072622,150.983901977539,-86.723,27.1218,13.9073466143278,63,63,63,63,61,63,0,7818,1.13366707078925,27,-87,0.001869,51,2026-07-02 16:14:28.001737,964,1.037,0.0011,"aoml_navis",1031.92739758376
"7901009",115,0,1,0.031773,1,0.009345,1,156.833200051886,1,4.84524913666731,966,1,5.50299978256226,34.8800010681152,0.0317730009555817,0.0164863225072622,151.232299804688,-86.723,27.1218,13.9073466143278,63,63,63,63,61,63,0,7818,1.13366707078925,27,-87,0.001869,51,2026-07-02 16:14:28.001737,966,1.037,0.0011,"aoml_navis",1031.93868033773
"7901009",115,0,1,0.029904,1,0.007476,1,157.311176761047,1,4.84519713678508,968,1,5.48899984359741,34.8800010681152,0.0299040004611015,0.0148376896977425,151.693206787109,-86.723,27.1218,13.9073466143278,63,63,63,63,61,63,0,7818,1.13366707078925,27,-87,0.001869,51,2026-07-02 16:14:28.001737,968,1.037,0.0011,"aoml_navis",1031.94975536488
"7901009",115,0,1,0.031773,1,0.009345,1,157.737282727553,1,4.84514281553923,970,1,5.47700023651123,34.8810005187988,0.0317730009555817,0.0164863225072622,152.104095458984,-86.723,27.1218,13.9073466143278,63,63,63,63,61,63,0,7818,1.13366707078925,27,-87,0.001869,51,2026-07-02 16:14:28.001737,970,1.037,0.0011,"aoml_navis",1031.96132505406
"7901009",115,0,1,0.028035,1,0.005607,1,158.218471688318,1,4.84509904209929,971.900024414062,1,5.47200012207031,34.8810005187988,0.0280349999666214,0.0131890568882227,152.568099975586,-86.723,27.1218,13.9073466143278,63,63,63,63,61,63,0,7818,1.13366707078925,27,-87,0.001869,51,2026-07-02 16:14:28.001737,971.900024414062,1.037,0.0011,"aoml_navis",1031.97064839228
"7901009",115,0,1,0.033642,1,0.011214,1,158.661604170717,1,4.84504763712079,974,1,5.46199989318848,34.8810005187988,0.0336420014500618,0.0181349534541368,152.995407104492,-86.723,27.1218,13.9073466143278,63,63,63,63,61,63,0,7818,1.13366707078925,27,-87,0.001869,51,2026-07-02 16:14:28.001737,974,1.037,0.0011,"aoml_navis",1031.98159739277
"7901009",115,0,1,0.029904,1,0.007476,1,158.890892474886,1,4.84500241908779,976,1,5.45800018310547,34.8810005187988,0.0299040004611015,0.0148376896977425,153.216506958008,-86.723,27.1218,13.9073466143278,63,63,63,63,61,63,0,7818,1.13366707078925,27,-87,0.001869,51,2026-07-02 16:14:28.001737,976,1.037,0.0011,"aoml_navis",1031.99122879724
"7901009",115,0,1,0.029904,1,0.007476,1,161.891024706011,1,4.84443375100141,999.799987792969,1,5.38129997253418,34.8839988708496,0.0299040004611015,0.0148376896977425,156.109497070312,-86.723,27.1218,13.9073466143278,63,63,63,63,61,63,0,7818,1.13366707078925,27,-87,0.001869,51,2026-07-02 16:14:28.001737,999.799987792969,1.037,0.0011,"aoml_navis",1032.11236998884
"7901009",115,0,1,0.028035,1,0.005607,1,167.836253645701,1,4.84324043271025,1049.09997558594,1,5.19150018692017,34.8889999389648,0.0280349999666214,0.0131890568882227,161.842407226562,-86.723,27.1218,13.9073466143278,63,63,63,63,61,63,0,7818,1.13366707078925,27,-87,0.001869,51,2026-07-02 16:14:28.001737,1049.09997558594,1.037,0.0011,"aoml_navis",1032.36667051073
"7901009",115,0,1,0.031773,1,0.009345,1,173.503124368783,1,4.84200548994335,1100,1,4.99900007247925,34.8959999084473,0.0317730009555817,0.0164863225072622,167.306900024414,-86.723,27.1218,13.9073466143278,63,63,63,63,61,63,0,7818,1.13366707078925,27,-87,0.001869,51,2026-07-02 16:14:28.001737,1100,1.037,0.0011,"aoml_navis",1032.62997334158
"7901009",115,0,1,0.035511,1,0.013083,1,180.096072987877,1,4.8408087959951,1149.90002441406,1,4.82989978790283,34.9029998779297,0.0355109982192516,0.0197835862636566,173.664398193359,-86.723,27.1218,13.9073466143278,63,63,63,63,61,63,0,7818,1.13366707078925,27,-87,0.001869,51,2026-07-02 16:14:28.001737,1149.90002441406,1.037,0.0011,"aoml_navis",1032.88524928657
"7901009",115,0,1,0.026166,1,0.003738,1,185.430167103872,1,4.83965270679057,1199.09997558594,1,4.68669986724854,34.9080009460449,0.0261659994721413,0.0115404240787029,178.807998657227,-86.723,27.1218,13.9073466143278,63,63,63,63,61,63,0,7818,1.13366707078925,27,-87,0.001869,51,2026-07-02 16:14:28.001737,1199.09997558594,1.037,0.0011,"aoml_navis",1033.1319834137
"7901009",115,0,1,0.033642,1,0.011214,1,189.045485076971,1,4.83849879917529,1249.40002441406,1,4.57480001449585,34.9119987487793,0.0336420014500618,0.0181349534541368,182.294204711914,-86.723,27.1218,13.9073466143278,63,63,63,63,61,63,0,7818,1.13366707078925,27,-87,0.001869,51,2026-07-02 16:14:28.001737,1249.40002441406,1.037,0.0011,"aoml_navis",1033.37836951664
"7901009",115,0,1,0.024297,1,0.001869,1,192.282073838752,1,4.8373803438674,1299.5,1,4.50850009918213,34.9160003662109,0.0242970008403063,0.00989179313182831,185.41520690918,-86.723,27.1218,13.9073466143278,63,63,63,63,61,63,0,7818,1.13366707078925,27,-87,0.001869,51,2026-07-02 16:14:28.001737,1299.5,1.037,0.0011,"aoml_navis",1033.61729791183
"7901009",115,0,1,0.029904,1,0.007476,1,195.505481292225,1,4.83626262974977,1349.80004882812,1,4.4423999786377,34.9189987182617,0.0299040004611015,0.0148376896977425,188.523498535156,-86.723,27.1218,13.9073466143278,63,63,63,63,61,63,0,7818,1.13366707078925,27,-87,0.001869,51,2026-07-02 16:14:28.001737,1349.80004882812,1.037,0.0011,"aoml_navis",1033.85617837274
"7901009",115,0,1,0.033642,1,0.011214,1,196.937829029755,1,4.8351770122002,1399.90002441406,1,4.40539979934692,34.9199981689453,0.0336420014500618,0.0181349534541368,189.904693603516,-86.723,27.1218,13.9073466143278,63,63,63,63,61,63,0,7818,1.13366707078925,27,-87,0.001869,51,2026-07-02 16:14:28.001737,1399.90002441406,1.037,0.0011,"aoml_navis",1034.08830480951
"7901009",115,0,1,0.028035,1,0.005607,1,198.13031809823,1,4.83411338765078,1449.09997558594,1,4.37650012969971,34.9220008850098,0.0280349999666214,0.0131890568882227,191.054595947266,-86.723,27.1218,13.9073466143278,63,63,63,63,61,63,0,7818,1.13366707078925,27,-87,0.001869,51,2026-07-02 16:14:28.001737,1449.09997558594,1.037,0.0011,"aoml_navis",1034.31582982166
"7901009",115,0,1,0.026166,1,0.003738,1,199.157716422924,1,4.83302855704233,1499.90002441406,1,4.35869979858398,34.9230003356934,0.0261659994721413,0.0115404240787029,192.045303344727,-86.723,27.1218,13.9073466143278,63,63,63,63,61,63,0,7818,1.13366707078925,27,-87,0.001869,51,2026-07-02 16:14:28.001737,1499.90002441406,1.037,0.0011,"aoml_navis",1034.54799428288
"7901009",115,0,1,0.029904,1,0.007476,1,200.130664709339,1,4.83196300870512,1549.90002441406,1,4.34240007400513,34.923999786377,0.0299040004611015,0.0148376896977425,192.983505249023,-86.723,27.1218,13.9073466143278,63,63,63,63,61,63,0,7818,1.13366707078925,27,-87,0.001869,51,2026-07-02 16:14:28.001737,1549.90002441406,1.037,0.0011,"aoml_navis",1034.77613363185
"7901009",115,0,1,0.028035,1,0.005607,1,200.597216563041,1,4.83092281692587,1599,1,4.33349990844727,34.9249992370605,0.0280349999666214,0.0131890568882227,193.433395385742,-86.723,27.1218,13.9073466143278,63,63,63,63,61,63,0,7818,1.13366707078925,27,-87,0.001869,51,2026-07-02 16:14:28.001737,1599,1.037,0.0011,"aoml_navis",1034.9989410888
"7901009",115,0,1,0.026166,1,0.003738,1,201.048118580108,1,4.82986587782582,1649.30004882812,1,4.32940006256104,34.9249992370605,0.0261659994721413,0.0115404240787029,193.868194580078,-86.723,27.1218,13.9073466143278,63,63,63,63,61,63,0,7818,1.13366707078925,27,-87,0.001869,51,2026-07-02 16:14:28.001737,1649.30004882812,1.037,0.0011,"aoml_navis",1035.22543409648
"7901009",115,0,1,0.028035,1,0.005607,1,201.650123013774,1,4.82882994633948,1698.5,1,4.32019996643066,34.9249992370605,0.0280349999666214,0.0131890568882227,194.448699951172,-86.723,27.1218,13.9073466143278,63,63,63,63,61,63,0,7818,1.13366707078925,27,-87,0.001869,51,2026-07-02 16:14:28.001737,1698.5,1.037,0.0011,"aoml_navis",1035.44752156581
"7901009",115,0,1,0.033642,1,0.011214,1,202.049898011465,1,4.82775073394428,1749.80004882812,1,4.31500005722046,34.9259986877441,0.0336420014500618,0.0181349534541368,194.834197998047,-86.723,27.1218,13.9073466143278,63,63,63,63,61,63,0,7818,1.13366707078925,27,-87,0.001869,51,2026-07-02 16:14:28.001737,1749.80004882812,1.037,0.0011,"aoml_navis",1035.67898915009
"7901009",115,0,1,0.028035,1,0.005607,1,202.433912405225,1,4.82670791149461,1799.69995117188,1,4.31260013580322,34.9259986877441,0.0280349999666214,0.0131890568882227,195.204498291016,-86.723,27.1218,13.9073466143278,63,63,63,63,61,63,0,7818,1.13366707078925,27,-87,0.001869,51,2026-07-02 16:14:28.001737,1799.69995117188,1.037,0.0011,"aoml_navis",1035.90275021463
"7901009",115,0,1,0.035511,1,0.013083,1,202.787339201196,1,4.82568082653665,1848.90002441406,1,4.30970001220703,34.9259986877441,0.0355109982192516,0.0197835862636566,195.545303344727,-86.723,27.1218,13.9073466143278,63,63,63,63,61,63,0,7818,1.13366707078925,27,-87,0.001869,51,2026-07-02 16:14:28.001737,1848.90002441406,1.037,0.0011,"aoml_navis",1036.12322897626
"7901009",115,0,1,0.026166,1,0.003738,1,203.231911658452,1,4.82462139774496,1899.59997558594,1,4.30819988250732,34.9269981384277,0.0261659994721413,0.0115404240787029,195.973999023438,-86.723,27.1218,13.9073466143278,63,63,63,63,61,63,0,7818,1.13366707078925,27,-87,0.001869,51,2026-07-02 16:14:28.001737,1899.59997558594,1.037,0.0011,"aoml_navis",1036.35074916697
"7901009",115,0,1,0.031773,1,0.009345,1,203.404471282812,1,4.82361256218333,1947.90002441406,1,4.3056001663208,34.9280014038086,0.0317730009555817,0.0164863225072622,196.140396118164,-86.723,27.1218,13.9073466143278,63,63,63,63,61,63,0,7818,1.13366707078925,27,-87,0.001869,51,2026-07-02 16:14:28.001737,1947.90002441406,1.037,0.0011,"aoml_navis",1036.56749698339
"7901009",115,0,1,0.01869,1,-0.003738,1,200.689406601694,4,4.82248409060287,2002.5,1,4.3060998916626,34.9269981384277,0.0186899993568659,0.00494589656591415,193.52229309082,-86.723,27.1218,13.9073466143278,63,63,63,63,61,63,0,7818,1.13366707078925,27,-87,0.001869,51,2026-07-02 16:14:28.001737,2002.5,1.037,0.0011,"aoml_navis",1036.81005599231
"7901009",116,0.0609993901929747,5,0.085974,1,0.063546,1,190.67129164285,1,4.88999360376152,2.40000009536743,1,30.6189994812012,36.2980003356934,0.0859740003943443,1.31560838222504,183.861892700195,-86.8876,27.0845,11.9206738921536,63,63,63,63,61,63,0.069153,7818,1.13366707078925,27,-87,0.001869,51,2026-07-12 23:22:33.0025,2.40000009536743,1.037,0.0011,"aoml_navis",1022.4962249754
"7901009",116,0.0609993901929747,5,0.087843,1,0.065415,1,190.933667802298,1,4.88966549115481,4,1,30.5359992980957,36.3419990539551,0.0878430008888245,1.31560838222504,184.114898681641,-86.8876,27.0845,11.9206738921536,63,63,63,63,61,63,0.069153,7818,1.13366707078925,27,-87,0.001869,51,2026-07-12 23:22:33.0025,4,1.037,0.0011,"aoml_navis",1022.56483782884
"7901009",116,0.0609993901929747,5,0.084105,1,0.061677,1,191.054689023422,1,4.88948808844797,6,1,30.4860000610352,36.3569984436035,0.0841049998998642,1.31560838222504,184.231597900391,-86.8876,27.0845,11.9206738921536,63,63,63,63,61,63,0.069153,7818,1.13366707078925,27,-87,0.001869,51,2026-07-12 23:22:33.0025,6,1.037,0.0011,"aoml_navis",1022.6019390073
"7901009",116,0.0609993901929747,5,0.085974,1,0.063546,1,191.250683903762,1,4.88939765422312,8,1,30.4559993743896,36.3569984436035,0.0859740003943443,1.31560838222504,184.420593261719,-86.8876,27.0845,11.9206738921536,63,63,63,63,61,63,0.069153,7818,1.13366707078925,27,-87,0.001869,51,2026-07-12 23:22:33.0025,8,1.037,0.0011,"aoml_navis",1022.62085303725
"7901009",116,0.0609993901929747,5,0.091581,1,0.069153,1,191.386753658005,1,4.88930920391366,10,1,30.451000213623,36.3680000305176,0.0915810018777847,1.31560838222504,184.551803588867,-86.8876,27.0845,11.9206738921536,63,63,63,63,61,63,0.069153,7818,1.13366707078925,27,-87,0.001869,51,2026-07-12 23:22:33.0025,10,1.037,0.0011,"aoml_navis",1022.63935281445
"7901009",116,0.0659452866951077,1,0.097188,1,0.07476,1,191.602354355941,1,4.88917440569471,12,1,30.4179992675781,36.3790016174316,0.0971880033612251,1.31560838222504,184.759704589844,-86.8876,27.0845,11.9206738921536,63,63,63,63,61,63,0.07476,7818,1.13366707078925,27,-87,0.001869,51,2026-07-12 23:22:33.0025,12,1.037,0.0011,"aoml_navis",1022.66754775125
"7901009",116,0.0659452866951077,1,0.097188,1,0.07476,1,191.8376558149,1,4.88907133865747,14.1000003814697,1,30.3360004425049,36.3580017089844,0.0971880033612251,1.31560838222504,184.986602783203,-86.8876,27.0845,11.9206738921536,63,63,63,63,61,63,0.07476,7818,1.13366707078925,27,-87,0.001869,51,2026-07-12 23:22:33.0025,14.1000003814697,1.037,0.0011,"aoml_navis",1022.68910671551
"7901009",116,0.0725398153646185,1,0.104664,1,0.082236,1,191.596341272256,1,4.88900996524602,16,1,30.3959999084473,36.3919982910156,0.104663997888565,1.31560838222504,184.75390625,-86.8876,27.0845,11.9206738921536,63,63,63,63,61,63,0.082236,7818,1.13366707078925,27,-87,0.001869,51,2026-07-12 23:22:33.0025,16,1.037,0.0011,"aoml_navis",1022.70194488106
"7901009",116,0.0659452866951077,1,0.097188,1,0.07476,1,191.907550000792,1,4.888882422997,18,1,30.3500003814697,36.3950004577637,0.0971880033612251,1.31560838222504,185.054000854492,-86.8876,27.0845,11.9206738921536,63,63,63,63,61,63,0.07476,7818,1.13366707078925,27,-87,0.001869,51,2026-07-12 23:22:33.0025,18,1.037,0.0011,"aoml_navis",1022.72862535624
"7901009",116,0.080782976201507,1,0.114009,1,0.091581,1,192.329098814959,1,4.88857595627931,20,1,30.2520008087158,36.423999786377,0.114009000360966,1.31560838222504,185.460494995117,-86.8876,27.0845,11.9206738921536,63,63,63,63,61,63,0.091581,7818,1.13366707078925,27,-87,0.001869,51,2026-07-12 23:22:33.0025,20,1.037,0.0011,"aoml_navis",1022.79274060937
"7901009",116,0.06429665452773,1,0.095319,1,0.072891,1,192.236908747717,1,4.8884749445952,22,1,30.2350006103516,36.4329986572266,0.095319002866745,1.31560838222504,185.371597290039,-86.8876,27.0845,11.9206738921536,63,63,63,63,61,63,0.072891,7818,1.13366707078925,27,-87,0.001869,51,2026-07-12 23:22:33.0025,22,1.037,0.0011,"aoml_navis",1022.81387481143
"7901009",116,0.0675939188624854,1,0.099057,1,0.076629,1,192.292292413242,1,4.88836422406788,24,1,30.1860008239746,36.4300003051758,0.0990569964051247,1.31560838222504,185.425003051758,-86.8876,27.0845,11.9206738921536,63,63,63,63,61,63,0.076629,7818,1.13366707078925,27,-87,0.001869,51,2026-07-12 23:22:33.0025,24,1.037,0.0011,"aoml_navis",1022.8370413527
"7901009",116,0.0675939188624854,1,0.099057,1,0.076629,1,192.54750034398,1,4.88819836372996,26.2000007629395,1,30.0949993133545,36.4220008850098,0.0990569964051247,1.31560838222504,185.671096801758,-86.8876,27.0845,11.9206738921536,63,63,63,63,61,63,0.076629,7818,1.13366707078925,27,-87,0.001869,51,2026-07-12 23:22:33.0025,26.2000007629395,1.037,0.0011,"aoml_navis",1022.87174700184
"7901009",116,0.06429665452773,1,0.095319,1,0.072891,1,192.760410978163,1,4.88801041717013,27.8999996185303,1,30.0060005187988,36.423999786377,0.095319002866745,1.31560838222504,185.876403808594,-86.8876,27.0845,11.9206738921536,63,63,63,63,61,63,0.072891,7818,1.13366707078925,27,-87,0.001869,51,2026-07-12 23:22:33.0025,27.8999996185303,1.037,0.0011,"aoml_navis",1022.91107695607
"7901009",116,0.06429665452773,1,0.095319,1,0.072891,1,193.930810245844,1,4.88747210613326,30,1,29.7029991149902,36.423999786377,0.095319002866745,1.31560838222504,187.005004882812,-86.8876,27.0845,11.9206738921536,63,63,63,63,61,63,0.072891,7818,1.13366707078925,27,-87,0.001869,51,2026-07-12 23:22:33.0025,30,1.037,0.0011,"aoml_navis",1023.02374139906
"7901009",116,0.0692425510298631,1,0.100926,1,0.078498,1,194.523051517158,1,4.8870574706304,32,1,29.503999710083,36.4379997253418,0.100925996899605,1.31560838222504,187.576095581055,-86.8876,27.0845,11.9206738921536,63,63,63,63,61,63,0.078498,7818,1.13366707078925,27,-87,0.001869,51,2026-07-12 23:22:33.0025,32,1.037,0.0011,"aoml_navis",1023.11053840646
"7901009",116,0.0758370796993739,1,0.108402,1,0.085974,1,195.294720040869,1,4.88657660394214,34,1,29.1919994354248,36.4199981689453,0.108401998877525,1.31560838222504,188.320205688477,-86.8876,27.0845,11.9206738921536,63,63,63,63,61,63,0.085974,7818,1.13366707078925,27,-87,0.001869,51,2026-07-12 23:22:33.0025,34,1.037,0.0011,"aoml_navis",1023.21121825172
"7901009",116,0.0758370796993739,1,0.108402,1,0.085974,1,195.576781137435,1,4.88610065575359,35.9000015258789,1,28.9109992980957,36.4160003662109,0.108401998877525,1.31560838222504,188.592193603516,-86.8876,27.0845,11.9206738921536,63,63,63,63,61,63,0.085974,7818,1.13366707078925,27,-87,0.001869,51,2026-07-12 23:22:33.0025,35.9000015258789,1.037,0.0011,"aoml_navis",1023.3108878165
"7901009",116,0.0840802405362624,1,0.117747,1,0.095319,1,195.689716343393,1,4.88538414718906,38,1,28.4500007629395,36.398998260498,0.117747001349926,1.31560838222504,188.701095581055,-86.8876,27.0845,11.9206738921536,63,63,63,63,61,63,0.095319,7818,1.13366707078925,27,-87,0.001869,51,2026-07-12 23:22:33.0025,38,1.037,0.0011,"aoml_navis",1023.46097038795
"7901009",116,0.0989179300426616,1,0.134568,1,0.11214,1,195.746445040795,1,4.88499216408637,40,1,28.2119998931885,36.3919982910156,0.134568005800247,1.31560838222504,188.755798339844,-86.8876,27.0845,11.9206738921536,63,63,63,63,61,63,0.11214,7818,1.13366707078925,27,-87,0.001869,51,2026-07-12 23:22:33.0025,40,1.037,0.0011,"aoml_navis",1023.54309527028
"7901009",116,0.108809723046928,1,0.145782,1,0.123354,1,195.152020070668,1,4.88461694082677,42,1,28.0200004577637,36.4010009765625,0.145781993865967,1.31560838222504,188.182601928711,-86.8876,27.0845,11.9206738921536,63,63,63,63,61,63,0.123354,7818,1.13366707078925,27,-87,0.001869,51,2026-07-12 23:22:33.0025,42,1.037,0.0011,"aoml_navis",1023.62172112389
"7901009",116,0.117052883883816,1,0.155127,1,0.132699,1,194.683062838812,1,4.88424474297337,43.9000015258789,1,27.8139991760254,36.4039993286133,0.155127003788948,1.31560838222504,187.730392456055,-86.8876,27.0845,11.9206738921536,63,63,63,63,61,63,0.132699,7818,1.13366707078925,27,-87,0.001869,51,2026-07-12 23:22:33.0025,43.9000015258789,1.037,0.0011,"aoml_navis",1023.69972495608
"7901009",116,0.138485102059726,1,0.179424,1,0.156996,1,193.040921332094,1,4.88370567000444,46,1,27.5669994354248,36.435001373291,0.179424002766609,1.31560838222504,186.146896362305,-86.8876,27.0845,11.9206738921536,63,63,63,63,61,63,0.156996,7818,1.13366707078925,27,-87,0.001869,51,2026-07-12 23:22:33.0025,46,1.037,0.0011,"aoml_navis",1023.81272293083
"7901009",116,0.166511848905147,1,0.211197,1,0.188769,1,192.210467003405,1,4.88329496373121,48.0999984741211,1,27.3899993896484,36.4609985351562,0.211197003722191,1.31560838222504,185.346099853516,-86.8876,27.0845,11.9206738921536,63,63,63,63,61,63,0.188769,7818,1.13366707078925,27,-87,0.001869,51,2026-07-12 23:22:33.0025,48.0999984741211,1.037,0.0011,"aoml_navis",1023.89883001858
"7901009",116,0.166511848905147,1,0.211197,1,0.188769,1,189.94557573762,1,4.88283651244105,49.9000015258789,1,27.1679992675781,36.4830017089844,0.211197003722191,1.31560838222504,183.162094116211,-86.8876,27.0845,11.9206738921536,63,63,63,63,61,63,0.188769,7818,1.13366707078925,27,-87,0.001869,51,2026-07-12 23:22:33.0025,49.9000015258789,1.037,0.0011,"aoml_navis",1023.99496425089
"7901009",116,0.194538595750568,1,0.24297,1,0.220542,1,188.516028386996,1,4.88222514586938,52,1,26.863000869751,36.5110015869141,0.242970004677773,1.31560838222504,181.783599853516,-86.8876,27.0845,11.9206738921536,63,63,63,63,61,63,0.220542,7818,1.13366707078925,27,-87,0.001869,51,2026-07-12 23:22:33.0025,52,1.037,0.0011,"aoml_navis",1024.12319190774
"7901009",116,0.201133124420079,1,0.250446,1,0.228018,1,188.145812318818,1,4.88196672727128,54,1,26.7439994812012,36.5209999084473,0.250445991754532,1.31560838222504,181.426605224609,-86.8876,27.0845,11.9206738921536,63,63,63,63,61,63,0.228018,7818,1.13366707078925,27,-87,0.001869,51,2026-07-12 23:22:33.0025,54,1.037,0.0011,"aoml_navis",1024.17740212554
"7901009",116,0.220916710428611,1,0.272874,1,0.250446,1,189.059532032648,1,4.88163108846207,56,1,26.5620002746582,36.5260009765625,0.272873997688293,1.31560838222504,182.307693481445,-86.8876,27.0845,11.9206738921536,63,63,63,63,61,63,0.250446,7818,1.13366707078925,27,-87,0.001869,51,2026-07-12 23:22:33.0025,56,1.037,0.0011,"aoml_navis",1024.24781991775
"7901009",116,0.222565342595989,1,0.274743,1,0.252315,1,188.520285017289,1,4.88116352924966,58.0999984741211,1,26.3169994354248,36.5410003662109,0.274742990732193,1.31560838222504,181.787704467773,-86.8876,27.0845,11.9206738921536,63,63,63,63,61,63,0.252315,7818,1.13366707078925,27,-87,0.001869,51,2026-07-12 23:22:33.0025,58.0999984741211,1.037,0.0011,"aoml_navis",1024.3459310548
"7901009",116,0.245646192939276,1,0.300909,1,0.278481,1,187.175759505197,1,4.88057987459285,59.9000015258789,1,26.0249996185303,36.5709991455078,0.300909012556076,1.31560838222504,180.491195678711,-86.8876,27.0845,11.9206738921536,63,63,63,63,61,63,0.278481,7818,1.13366707078925,27,-87,0.001869,51,2026-07-12 23:22:33.0025,59.9000015258789,1.037,0.0011,"aoml_navis",1024.46842966936
"7901009",116,0.286861997123719,1,0.347634,1,0.325206,1,185.310247763465,1,4.88023041390875,62,1,25.8439998626709,36.5810012817383,0.347633987665176,1.31560838222504,178.692306518555,-86.8876,27.0845,11.9206738921536,63,63,63,63,61,63,0.325206,7818,1.13366707078925,27,-87,0.001869,51,2026-07-12 23:22:33.0025,62,1.037,0.0011,"aoml_navis",1024.54178920526
"7901009",116,0.303348318797496,1,0.366324,1,0.343896,1,183.54240115991,1,4.87997817942473,64,1,25.7479991912842,36.5999984741211,0.366324007511139,1.31560838222504,176.987594604492,-86.8876,27.0845,11.9206738921536,63,63,63,63,61,63,0.343896,7818,1.13366707078925,27,-87,0.001869,51,2026-07-12 23:22:33.0025,64,1.037,0.0011,"aoml_navis",1024.59474533745
"7901009",116,0.344564122981938,1,0.413049,1,0.390621,1,182.053735702314,1,4.87962080127071,66.0999984741211,1,25.5919990539551,36.6230010986328,0.413049012422562,1.31560838222504,175.552093505859,-86.8876,27.0845,11.9206738921536,63,63,63,63,61,63,0.390621,7818,1.13366707078925,27,-87,0.001869,51,2026-07-12 23:22:33.0025,66.0999984741211,1.037,0.0011,"aoml_navis",1024.66978554931
"7901009",116,0.448427949526733,1,0.530796,1,0.508368,1,181.449879685143,1,4.87934931463925,67.9000015258789,1,25.4479999542236,36.6290016174316,0.530795991420746,1.31560838222504,174.969802856445,-86.8876,27.0845,11.9206738921536,63,63,63,63,61,63,0.508368,7818,1.13366707078925,27,-87,0.001869,51,2026-07-12 23:22:33.0025,67.9000015258789,1.037,0.0011,"aoml_navis",1024.72679809965
"7901009",116,0.662750131285833,1,0.773766,1,0.751338,1,178.627797096369,1,4.87887811827513,69.9000015258789,1,25.1630001068115,36.6319999694824,0.773765981197357,1.31560838222504,172.248504638672,-86.8876,27.0845,11.9206738921536,63,63,63,63,61,63,0.751338,7818,1.13366707078925,27,-87,0.001869,51,2026-07-12 23:22:33.0025,69.9000015258789,1.037,0.0011,"aoml_navis",1024.82576501987
"7901009",116,0.825964715856224,1,0.958797,1,0.936369,1,175.748574388678,1,4.87844782709871,72,1,24.9400005340576,36.648998260498,0.958796977996826,1.31560838222504,169.472106933594,-86.8876,27.0845,11.9206738921536,63,63,63,63,61,63,0.936369,7818,1.13366707078925,27,-87,0.001869,51,2026-07-12 23:22:33.0025,72,1.037,0.0011,"aoml_navis",1024.91615718961
"7901009",116,1.39639144576891,1,1.605471,1,1.583043,1,166.279502502649,1,4.87802169584394,74,1,24.7469997406006,36.6780014038086,1.6054710149765,1.31560838222504,160.341201782227,-86.8876,27.0845,11.9206738921536,63,63,63,63,61,63,1.583043,7818,1.13366707078925,27,-87,0.001869,51,2026-07-12 23:22:33.0025,74,1.037,0.0011,"aoml_navis",1025.00569119239
"7901009",116,1.43101272128384,1,1.64472,1,1.622292,1,161.2920926548,1,4.87768429390286,76,1,24.6019992828369,36.7019996643066,1.64471995830536,1.31560838222504,155.53190612793,-86.8876,27.0845,11.9206738921536,63,63,63,63,61,63,1.622292,7818,1.13366707078925,27,-87,0.001869,51,2026-07-12 23:22:33.0025,76,1.037,0.0011,"aoml_navis",1025.07659346671
"7901009",116,1.30736530873051,1,1.504545,1,1.482117,1,157.063154194362,1,4.87747675114456,78,1,24.548999786377,36.7270011901855,1.50454497337341,1.31560838222504,151.453994750977,-86.8876,27.0845,11.9206738921536,63,63,63,63,61,63,1.482117,7818,1.13366707078925,27,-87,0.001869,51,2026-07-12 23:22:33.0025,78,1.037,0.0011,"aoml_navis",1025.1202117625
"7901009",116,1.09634039130617,1,1.265313,1,1.242885,1,154.017701370574,1,4.87714179348854,80,1,24.4449996948242,36.7669982910156,1.26531302928925,1.1045835018158,148.517303466797,-86.8876,27.0845,11.9206738921536,63,63,63,63,61,63,1.242885,7818,1.13366707078925,27,-87,0.001869,51,2026-07-12 23:22:33.0025,80,1.037,0.0011,"aoml_navis",1025.19061608491
"7901009",116,1.04523279411746,1,1.207374,1,1.184946,1,153.274658289988,1,4.87694556297057,82,1,24.3169994354248,36.7589988708496,1.20737397670746,1.05347585678101,147.800796508789,-86.8876,27.0845,11.9206738921536,63,63,63,63,61,63,1.184946,7818,1.13366707078925,27,-87,0.001869,51,2026-07-12 23:22:33.0025,82,1.037,0.0011,"aoml_navis",1025.23186601953
"7901009",116,0.995773829096127,1,1.151304,1,1.128876,1,152.254839296916,1,4.87678720062536,84,1,24.2099990844727,36.7490005493164,1.15130400657654,1.00401699542999,146.817398071289,-86.8876,27.0845,11.9206738921536,63,63,63,63,61,63,1.128876,7818,1.13366707078925,27,-87,0.001869,51,2026-07-12 23:22:33.0025,84,1.037,0.0011,"aoml_navis",1025.2651580448
"7901009",116,0.964449817915951,1,1.115793,1,1.093365,1,151.351895662007,1,4.87651148250124,86,1,24.0279998779297,36.742000579834,1.11579298973083,0.972692966461182,145.946701049805,-86.8876,27.0845,11.9206738921536,63,63,63,63,61,63,1.093365,7818,1.13366707078925,27,-87,0.001869,51,2026-07-12 23:22:33.0025,86,1.037,0.0011,"aoml_navis",1025.3231265715
"7901009",116,0.933125806735774,1,1.080282,1,1.057854,1,149.981134116361,1,4.87630537089951,88,1,23.9169998168945,36.7439994812012,1.08028197288513,0.941368937492371,144.624893188477,-86.8876,27.0845,11.9206738921536,63,63,63,63,61,63,1.057854,7818,1.13366707078925,27,-87,0.001869,51,2026-07-12 23:22:33.0025,88,1.037,0.0011,"aoml_navis",1025.36646491392
"7901009",116,0.817721555019336,1,0.949452,1,0.927024,1,148.743230072357,1,4.87594578514905,90,1,23.6870002746582,36.742000579834,0.949451982975006,0.825964689254761,143.431198120117,-86.8876,27.0845,11.9206738921536,63,63,63,63,61,63,0.927024,7818,1.13366707078925,27,-87,0.001869,51,2026-07-12 23:22:33.0025,90,1.037,0.0011,"aoml_navis",1025.44208248352
"7901009",116,0.745181739654717,1,0.867216,1,0.844788,1,148.095288657429,1,4.87571212746175,92,1,23.5580005645752,36.7449989318848,0.867215991020203,0.753424882888794,142.806396484375,-86.8876,27.0845,11.9206738921536,63,63,63,63,61,63,0.844788,7818,1.13366707078925,27,-87,0.001869,51,2026-07-12 23:22:33.0025,92,1.037,0.0011,"aoml_navis",1025.49122452046
"7901009",116,0.756722164826361,1,0.880299,1,0.857871,1,148.149833656019,1,4.87554700126322,94,1,23.4619998931885,36.742000579834,0.880298972129822,0.764965295791626,142.858993530273,-86.8876,27.0845,11.9206738921536,63,63,63,63,61,63,0.857871,7818,1.13366707078925,27,-87,0.001869,51,2026-07-12 23:22:33.0025,94,1.037,0.0011,"aoml_navis",1025.52595610391
"7901009",116,0.773208486500138,1,0.898989,1,0.876561,1,147.598544649384,1,4.87547010897066,96,1,23.4209995269775,36.7360000610352,0.898989021778107,0.781451642513275,142.327392578125,-86.8876,27.0845,11.9206738921536,63,63,63,63,61,63,0.876561,7818,1.13366707078925,27,-87,0.001869,51,2026-07-12 23:22:33.0025,96,1.037,0.0011,"aoml_navis",1025.54212993742
"7901009",116,0.703965935470275,1,0.820491,1,0.798063,1,145.858516469827,1,4.87532925209411,98,1,23.3419990539551,36.7330017089844,0.820491015911102,0.712209105491638,140.649505615234,-86.8876,27.0845,11.9206738921536,63,63,63,63,61,63,0.798063,7818,1.13366707078925,27,-87,0.001869,51,2026-07-12 23:22:33.0025,98,1.037,0.0011,"aoml_navis",1025.57175966164
"7901009",116,0.598453476758103,1,0.700875,1,0.678447,1,143.16367389662,1,4.8749721978482,100,1,23.1310005187988,36.7389984130859,0.700874984264374,0.606696605682373,138.050903320312,-86.8876,27.0845,11.9206738921536,63,63,63,63,61,63,0.678447,7818,1.13366707078925,27,-87,0.001869,51,2026-07-12 23:22:33.0025,100,1.037,0.0011,"aoml_navis",1025.64687491079
"7901009",116,0.487995121543797,1,0.575652,1,0.553224,1,141.843010832418,1,4.87438201264698,102,1,22.7630004882812,36.75,0.575652003288269,0.49623829126358,136.777404785156,-86.8876,27.0845,11.9206738921536,63,63,63,63,61,63,0.553224,7818,1.13366707078925,27,-87,0.001869,51,2026-07-12 23:22:33.0025,102,1.037,0.0011,"aoml_navis",1025.77105918803
"7901009",116,0.42204983484869,1,0.500892,1,0.478464,1,140.896092567082,1,4.87399729329737,104,1,22.5389995574951,36.7599983215332,0.500891983509064,0.430292993783951,135.864303588867,-86.8876,27.0845,11.9206738921536,63,63,63,63,61,63,0.478464,7818,1.13366707078925,27,-87,0.001869,51,2026-07-12 23:22:33.0025,104,1.037,0.0011,"aoml_navis",1025.85202640057
"7901009",116,0.328077801308161,1,0.394359,1,0.371931,1,140.357557627422,1,4.87369188281806,106,1,22.2950000762939,36.7410011291504,0.394358992576599,0.336320966482162,135.345001220703,-86.8876,27.0845,11.9206738921536,63,63,63,63,61,63,0.371931,7818,1.13366707078925,27,-87,0.001869,51,2026-07-12 23:22:33.0025,106,1.037,0.0011,"aoml_navis",1025.91631153935
"7901009",116,0.237403032102388,1,0.291564,1,0.269136,1,139.481372214913,1,4.87328233709593,108,1,22.0389995574951,36.7470016479492,0.291563987731934,0.245646193623543,134.500106811523,-86.8876,27.0845,11.9206738921536,63,63,63,63,61,63,0.269136,7818,1.13366707078925,27,-87,0.001869,51,2026-07-12 23:22:33.0025,108,1.037,0.0011,"aoml_navis",1026.00252850927
"7901009",116,0.230808503432877,1,0.284088,1,0.26166,1,138.811340629393,1,4.87298874505751,110,1,21.8810005187988,36.757999420166,0.284087985754013,0.239051654934883,133.85400390625,-86.8876,27.0845,11.9206738921536,63,63,63,63,61,63,0.26166,7818,1.13366707078925,27,-87,0.001869,51,2026-07-12 23:22:33.0025,110,1.037,0.0011,"aoml_navis",1026.06434399655
"7901009",116,0.219268078261233,1,0.271005,1,0.248577,1,138.377544113193,1,4.87278289836927,112,1,21.8040008544922,36.7750015258789,0.271005004644394,0.22751122713089,133.435699462891,-86.8876,27.0845,11.9206738921536,63,63,63,63,61,63,0.248577,7818,1.13366707078925,27,-87,0.001869,51,2026-07-12 23:22:33.0025,112,1.037,0.0011,"aoml_navis",1026.10768923715
"7901009",116,0.225862606930744,1,0.278481,1,0.256053,1,138.533520339216,1,4.87265042418364,114,1,21.7250003814697,36.7709999084473,0.278481006622314,0.234105750918388,133.58610534668,-86.8876,27.0845,11.9206738921536,63,63,63,63,61,63,0.256053,7818,1.13366707078925,27,-87,0.001869,51,2026-07-12 23:22:33.0025,114,1.037,0.0011,"aoml_navis",1026.13558632983
"7901009",116,0.217619446093856,1,0.269136,1,0.246708,1,138.360644183256,1,4.87257244297062,116,1,21.6650009155273,36.7589988708496,0.269136011600494,0.225862592458725,133.419403076172,-86.8876,27.0845,11.9206738921536,63,63,63,63,61,63,0.246708,7818,1.13366707078925,27,-87,0.001869,51,2026-07-12 23:22:33.0025,116,1.037,0.0011,"aoml_navis",1026.15200872246
"7901009",116,0.196187227917946,1,0.244839,1,0.222411,1,138.025984428345,1,4.87242911591424,118,1,21.5639991760254,36.75,0.244838997721672,0.204430386424065,133.096694946289,-86.8876,27.0845,11.9206738921536,63,63,63,63,61,63,0.222411,7818,1.13366707078925,27,-87,0.001869,51,2026-07-12 23:22:33.0025,118,1.037,0.0011,"aoml_navis",1026.18219394287
"7901009",116,0.181349538411546,1,0.228018,1,0.20559,1,138.26533680684,1,4.87204577010555,120,1,21.2759990692139,36.7389984130859,0.228018000721931,0.189592689275742,133.327499389648,-86.8876,27.0845,11.9206738921536,63,63,63,63,61,63,0.20559,7818,1.13366707078925,27,-87,0.001869,51,2026-07-12 23:22:33.0025,120,1.037,0.0011,"aoml_navis",1026.26293674816
"7901009",116,0.156620055900881,1,0.199983,1,0.177555,1,138.409587519675,1,4.87176558668114,122,1,21.0669994354248,36.7290000915527,0.19998300075531,0.164863213896751,133.466598510742,-86.8876,27.0845,11.9206738921536,63,63,63,63,61,63,0.177555,7818,1.13366707078925,27,-87,0.001869,51,2026-07-12 23:22:33.0025,122,1.037,0.0011,"aoml_navis",1026.32195885398
"7901009",116,0.138485102059726,1,0.179424,1,0.156996,1,138.473468621882,1,4.87159598921175,124,1,20.9689998626709,36.7290000915527,0.179424002766609,0.14672826230526,133.528198242188,-86.8876,27.0845,11.9206738921536,63,63,63,63,61,63,0.156996,7818,1.13366707078925,27,-87,0.001869,51,2026-07-12 23:22:33.0025,124,1.037,0.0011,"aoml_navis",1026.35768874771
"7901009",116,0.110458355214305,1,0.147651,1,0.125223,1,138.909654547652,1,4.87139005520039,126,1,20.8290004730225,36.7239990234375,0.147651001811028,0.11870151758194,133.948806762695,-86.8876,27.0845,11.9206738921536,63,63,63,63,61,63,0.125223,7818,1.13366707078925,27,-87,0.001869,51,2026-07-12 23:22:33.0025,126,1.037,0.0011,"aoml_navis",1026.40107717556
"7901009",116,0.0939720335405285,1,0.128961,1,0.106533,1,139.309524612742,1,4.87116320659899,128,1,20.6499996185303,36.7109985351562,0.128960996866226,0.102215193212032,134.334396362305,-86.8876,27.0845,11.9206738921536,63,63,63,63,61,63,0.106533,7818,1.13366707078925,27,-87,0.001869,51,2026-07-12 23:22:33.0025,128,1.037,0.0011,"aoml_navis",1026.44887636417
"7901009",116,0.0906747692057731,1,0.125223,1,0.102795,1,139.207587020367,1,4.87104503974702,130,1,20.5709991455078,36.7039985656738,0.125222995877266,0.0989179238677025,134.236099243164,-86.8876,27.0845,11.9206738921536,63,63,63,63,61,63,0.102795,7818,1.13366707078925,27,-87,0.001869,51,2026-07-12 23:22:33.0025,130,1.037,0.0011,"aoml_navis",1026.47377702336
"7901009",116,0.0857288727036401,1,0.119616,1,0.097188,1,139.076612563353,1,4.87090184667139,132,1,20.4640007019043,36.6940002441406,0.119616001844406,0.0939720273017883,134.109802246094,-86.8876,27.0845,11.9206738921536,63,63,63,63,61,63,0.097188,7818,1.13366707078925,27,-87,0.001869,51,2026-07-12 23:22:33.0025,132,1.037,0.0011,"aoml_navis",1026.50395294186
"7901009",116,0.0725398153646185,1,0.104664,1,0.082236,1,139.175654381216,1,4.8707345959412,134,1,20.3519992828369,36.6889991760254,0.104663997888565,0.0807829722762108,134.205307006836,-86.8876,27.0845,11.9206738921536,63,63,63,63,61,63,0.082236,7818,1.13366707078925,27,-87,0.001869,51,2026-07-12 23:22:33.0025,134,1.037,0.0011,"aoml_navis",1026.53920091777
"7901009",116,0.0675939188624854,1,0.099057,1,0.076629,1,139.348514713271,1,4.87065370125443,136,1,20.306999206543,36.6839981079102,0.0990569964051247,0.0758370757102966,134.371994018555,-86.8876,27.0845,11.9206738921536,63,63,63,63,61,63,0.076629,7818,1.13366707078925,27,-87,0.001869,51,2026-07-12 23:22:33.0025,136,1.037,0.0011,"aoml_navis",1026.55625028572
"7901009",116,0.059350758025597,1,0.089712,1,0.067284,1,139.574590835944,1,4.87055916463175,138,1,20.2399997711182,36.6749992370605,0.0897120013833046,0.0675939172506332,134.589996337891,-86.8876,27.0845,11.9206738921536,63,63,63,63,61,63,0.067284,7818,1.13366707078925,27,-87,0.001869,51,2026-07-12 23:22:33.0025,138,1.037,0.0011,"aoml_navis",1026.57617554637
"7901009",116,0.0544048615234639,1,0.084105,1,0.061677,1,139.797549649443,1,4.87038741977985,140,1,20.0839996337891,36.6559982299805,0.0841049998998642,0.0626480206847191,134.804992675781,-86.8876,27.0845,11.9206738921536,63,63,63,63,61,63,0.061677,7818,1.13366707078925,27,-87,0.001869,51,2026-07-12 23:22:33.0025,140,1.037,0.0011,"aoml_navis",1026.61237578221
"7901009",116,0.0461617006865754,1,0.07476,1,0.052332,1,139.668030991637,1,4.87019326986629,142,1,19.9009990692139,36.6339988708496,0.0747599974274635,0.0544048622250557,134.680099487305,-86.8876,27.0845,11.9206738921536,63,63,63,63,61,63,0.052332,7818,1.13366707078925,27,-87,0.001869,51,2026-07-12 23:22:33.0025,142,1.037,0.0011,"aoml_navis",1026.65330161266
"7901009",116,0.0445130685191977,1,0.072891,1,0.050463,1,139.593785232025,1,4.8700121237467,144,1,19.7329998016357,36.6139984130859,0.0728909969329834,0.0527562275528908,134.608505249023,-86.8876,27.0845,11.9206738921536,63,63,63,63,61,63,0.050463,7818,1.13366707078925,27,-87,0.001869,51,2026-07-12 23:22:33.0025,144,1.037,0.0011,"aoml_navis",1026.69148925101
"7901009",116,0.0197835860085323,1,0.044856,1,0.022428,1,139.430340123108,1,4.86992000864695,146,1,19.6840000152588,36.6110000610352,0.0448560006916523,0.0280267465859652,134.450897216797,-86.8876,27.0845,11.9206738921536,63,63,63,63,61,63,0.022428,7818,1.13366707078925,27,-87,0.001869,51,2026-07-12 23:22:33.0025,146,1.037,0.0011,"aoml_navis",1026.71090923918
"7901009",116,0.00659452866951077,1,0.029904,1,0.007476,1,138.732838239488,1,4.86985766879618,148,1,19.6730003356934,36.6129989624023,0.0299040004611015,0.0148376896977425,133.778305053711,-86.8876,27.0845,11.9206738921536,63,63,63,63,61,63,0.007476,7818,1.13366707078925,27,-87,0.001869,51,2026-07-12 23:22:33.0025,148,1.037,0.0011,"aoml_navis",1026.72405233478
"7901009",116,0.00824316083688847,1,0.031773,1,0.009345,1,138.972602039497,1,4.86973535022793,150,1,19.5709991455078,36.5999984741211,0.0317730009555817,0.0164863225072622,134.009506225586,-86.8876,27.0845,11.9206738921536,63,63,63,63,61,63,0.009345,7818,1.13366707078925,27,-87,0.001869,51,2026-07-12 23:22:33.0025,150,1.037,0.0011,"aoml_navis",1026.74984170669
"7901009",116,0.00824316083688847,1,0.031773,1,0.009345,1,140.818618730965,1,4.86956822149361,152,1,19.4270000457764,36.5849990844727,0.0317730009555817,0.0164863225072622,135.789596557617,-86.8876,27.0845,11.9206738921536,63,63,63,63,61,63,0.009345,7818,1.13366707078925,27,-87,0.001869,51,2026-07-12 23:22:33.0025,152,1.037,0.0011,"aoml_navis",1026.78508084776
"7901009",116,0.00329726433475539,1,0.026166,1,0.003738,1,141.917573070119,1,4.8694741809451,154,1,19.3759994506836,36.5820007324219,0.0261659994721413,0.0115404240787029,136.849304199219,-86.8876,27.0845,11.9206738921536,63,63,63,63,61,63,0.003738,7818,1.13366707078925,27,-87,0.001869,51,2026-07-12 23:22:33.0025,154,1.037,0.0011,"aoml_navis",1026.80491038759
"7901009",116,0.00494589650213308,1,0.028035,1,0.005607,1,142.382574325866,1,4.86939133814867,156,1,19.3309993743896,36.5779991149902,0.0280349999666214,0.0131890568882227,137.297698974609,-86.8876,27.0845,11.9206738921536,63,63,63,63,61,63,0.005607,7818,1.13366707078925,27,-87,0.001869,51,2026-07-12 23:22:33.0025,156,1.037,0.0011,"aoml_navis",1026.82237938612
"7901009",116,0,1,0.022428,1,0,1,142.80111659819,1,4.86933353394217,158,1,19.3090000152588,36.5750007629395,0.0224280003458261,0.00824316125363111,137.701293945312,-86.8876,27.0845,11.9206738921536,63,63,63,63,61,63,0,7818,1.13366707078925,27,-87,0.001869,51,2026-07-12 23:22:33.0025,158,1.037,0.0011,"aoml_navis",1026.834568868
"7901009",116,0.00329726433475539,1,0.026166,1,0.003738,1,142.989452708783,1,4.86926591245086,160,1,19.2819995880127,36.5730018615723,0.0261659994721413,0.0115404240787029,137.882904052734,-86.8876,27.0845,11.9206738921536,63,63,63,63,61,63,0.003738,7818,1.13366707078925,27,-87,0.001869,51,2026-07-12 23:22:33.0025,160,1.037,0.0011,"aoml_navis",1026.84882894049
"7901009",116,0.00494589650213308,1,0.028035,1,0.005607,1,142.665062667852,1,4.86919822757477,162,1,19.2520008087158,36.5699996948242,0.0280349999666214,0.0131890568882227,137.570098876953,-86.8876,27.0845,11.9206738921536,63,63,63,63,61,63,0.005607,7818,1.13366707078925,27,-87,0.001869,51,2026-07-12 23:22:33.0025,162,1.037,0.0011,"aoml_navis",1026.86310277624
"7901009",116,0.00494589650213308,1,0.028035,1,0.005607,1,143.1357763531,1,4.86909214611494,164,1,19.1529998779297,36.5540008544922,0.0280349999666214,0.0131890568882227,138.024002075195,-86.8876,27.0845,11.9206738921536,63,63,63,63,61,63,0.005607,7818,1.13366707078925,27,-87,0.001869,51,2026-07-12 23:22:33.0025,164,1.037,0.0011,"aoml_navis",1026.8854747367
"7901009",116,0.00164863216737769,1,0.024297,1,0.001869,1,145.551548547679,1,4.86897599121603,166,1,19.0690002441406,36.5460014343262,0.0242970008403063,0.00989179313182831,140.353500366211,-86.8876,27.0845,11.9206738921536,63,63,63,63,61,63,0.001869,7818,1.13366707078925,27,-87,0.001869,51,2026-07-12 23:22:33.0025,166,1.037,0.0011,"aoml_navis",1026.90997224475
"7901009",116,-0.00329726433475539,1,0.01869,1,-0.003738,1,146.853033039705,1,4.86887272060442,168,1,19.0069999694824,36.5419998168945,0.0186899993568659,0.00494589656591415,141.608505249023,-86.8876,27.0845,11.9206738921536,63,63,63,63,61,63,-0.003738,7818,1.13366707078925,27,-87,0.001869,51,2026-07-12 23:22:33.0025,168,1.037,0.0011,"aoml_navis",1026.93175338938
"7901009",116,-0.00164863216737769,1,0.020559,1,-0.001869,1,147.714185743,1,4.86877431278248,170,1,18.9400005340576,36.5349998474121,0.020558999851346,0.00659452844411135,142.438903808594,-86.8876,27.0845,11.9206738921536,63,63,63,63,61,63,-0.001869,7818,1.13366707078925,27,-87,0.001869,51,2026-07-12 23:22:33.0025,170,1.037,0.0011,"aoml_navis",1026.95250976678
"7901009",116,-0.00164863216737769,1,0.020559,1,-0.001869,1,148.550969633464,1,4.86866369864379,172,1,18.8570003509521,36.5260009765625,0.020558999851346,0.00659452844411135,143.245803833008,-86.8876,27.0845,11.9206738921536,63,63,63,63,61,63,-0.001869,7818,1.13366707078925,27,-87,0.001869,51,2026-07-12 23:22:33.0025,172,1.037,0.0011,"aoml_navis",1026.97584172692
"7901009",116,-0.00164863216737769,1,0.020559,1,-0.001869,1,149.401441201264,1,4.86859031002836,174,1,18.8190002441406,36.5219993591309,0.020558999851346,0.00659452844411135,144.065902709961,-86.8876,27.0845,11.9206738921536,63,63,63,63,61,63,-0.001869,7818,1.13366707078925,27,-87,0.001869,51,2026-07-12 23:22:33.0025,174,1.037,0.0011,"aoml_navis",1026.99132225214
"7901009",116,-0.00329726433475539,1,0.01869,1,-0.003738,1,149.986846545862,1,4.86851221225114,176,1,18.7859992980957,36.5209999084473,0.0186899993568659,0.00494589656591415,144.630401611328,-86.8876,27.0845,11.9206738921536,63,63,63,63,61,63,-0.003738,7818,1.13366707078925,27,-87,0.001869,51,2026-07-12 23:22:33.0025,176,1.037,0.0011,"aoml_navis",1027.0077966361
"7901009",116,-0.00164863216737769,1,0.020559,1,-0.001869,1,150.038907191456,1,4.86846100316217,178,1,18.7719993591309,36.5190010070801,0.020558999851346,0.00659452844411135,144.680603027344,-86.8876,27.0845,11.9206738921536,63,63,63,63,61,63,-0.001869,7818,1.13366707078925,27,-87,0.001869,51,2026-07-12 23:22:33.0025,178,1.037,0.0011,"aoml_navis",1027.01859925598
"7901009",116,-0.00494589650213308,1,0.016821,1,-0.005607,1,150.156510449222,1,4.86839999353378,180,1,18.7469997406006,36.515998840332,0.0168210007250309,0.00329726422205567,144.794006347656,-86.8876,27.0845,11.9206738921536,63,63,63,63,61,63,-0.005607,7818,1.13366707078925,27,-87,0.001869,51,2026-07-12 23:22:33.0025,180,1.037,0.0011,"aoml_navis",1027.03146960829
"7901009",116,-0.00164863216737769,1,0.020559,1,-0.001869,1,150.146129967912,1,4.86833654992103,182,1,18.7199993133545,36.5130004882812,0.020558999851346,0.00659452844411135,144.783996582031,-86.8876,27.0845,11.9206738921536,63,63,63,63,61,63,-0.001869,7818,1.13366707078925,27,-87,0.001869,51,2026-07-12 23:22:33.0025,182,1.037,0.0011,"aoml_navis",1027.04485376655
"7901009",116,0,1,0.020559,1,-0.001869,1,149.97709902073,1,4.86829147797033,184,1,18.7110004425049,36.5110015869141,0.020558999851346,0.00659452844411135,144.621002197266,-86.8876,27.0845,11.9206738921536,63,63,63,63,61,63,0,7818,1.13366707078925,27,-87,0.001869,51,2026-07-12 23:22:33.0025,184,1.037,0.0011,"aoml_navis",1027.05436242379
"7901009",116,0,1,0.016821,1,-0.005607,1,149.71492857204,1,4.86824394214555,186,1,18.69700050354,36.507999420166,0.0168210007250309,0.00329726422205567,144.368194580078,-86.8876,27.0845,11.9206738921536,63,63,63,63,61,63,0,7818,1.13366707078925,27,-87,0.001869,51,2026-07-12 23:22:33.0025,186,1.037,0.0011,"aoml_navis",1027.06439106591
"7901009",116,0,1,0.01869,1,-0.003738,1,149.503790215154,1,4.86814740970333,188,1,18.6189994812012,36.4970016479492,0.0186899993568659,0.00494589656591415,144.164596557617,-86.8876,27.0845,11.9206738921536,63,63,63,63,61,63,0,7818,1.13366707078925,27,-87,0.001869,51,2026-07-12 23:22:33.0025,188,1.037,0.0011,"aoml_navis",1027.08475713654
"7901009",116,0,1,0.016821,1,-0.005607,1,149.166646107247,1,4.8680425599014,190,1,18.5189990997314,36.4809989929199,0.0168210007250309,0.00329726422205567,143.839492797852,-86.8876,27.0845,11.9206738921536,63,63,63,63,61,63,0,7818,1.13366707078925,27,-87,0.001869,51,2026-07-12 23:22:33.0025,190,1.037,0.0011,"aoml_navis",1027.10687888918
"7901009",116,0,1,0.01869,1,-0.003738,1,148.765431010281,1,4.86794415485182,192,1,18.4360008239746,36.4690017700195,0.0186899993568659,0.00494589656591415,143.452606201172,-86.8876,27.0845,11.9206738921536,63,63,63,63,61,63,0,7818,1.13366707078925,27,-87,0.001869,51,2026-07-12 23:22:33.0025,192,1.037,0.0011,"aoml_navis",1027.12764176158
"7901009",116,0,1,0.01869,1,-0.003738,1,148.542044951362,1,4.86786775315845,194,1,18.3770008087158,36.4589996337891,0.0186899993568659,0.00494589656591415,143.237197875977,-86.8876,27.0845,11.9206738921536,63,63,63,63,61,63,0,7818,1.13366707078925,27,-87,0.001869,51,2026-07-12 23:22:33.0025,194,1.037,0.0011,"aoml_navis",1027.14376263731
"7901009",116,0,1,0.022428,1,0,1,148.185105139006,1,4.8678131445771,196,1,18.3509998321533,36.4539985656738,0.0224280003458261,0.00824316125363111,142.893005371094,-86.8876,27.0845,11.9206738921536,63,63,63,63,61,63,0,7818,1.13366707078925,27,-87,0.001869,51,2026-07-12 23:22:33.0025,196,1.037,0.0011,"aoml_navis",1027.15528544274
"7901009",116,0,1,0.022428,1,0,1,147.484485946212,1,4.86774654547931,198,1,18.30299949646,36.4449996948242,0.0224280003458261,0.00824316125363111,142.217407226562,-86.8876,27.0845,11.9206738921536,63,63,63,63,61,63,0,7818,1.13366707078925,27,-87,0.001869,51,2026-07-12 23:22:33.0025,198,1.037,0.0011,"aoml_navis",1027.16933868373
"7901009",116,0,1,0.024297,1,0.001869,1,146.467246249563,1,4.86765608254922,200,1,18.2229995727539,36.431999206543,0.0242970008403063,0.00989179313182831,141.23649597168,-86.8876,27.0845,11.9206738921536,63,63,63,63,61,63,0,7818,1.13366707078925,27,-87,0.001869,51,2026-07-12 23:22:33.0025,200,1.037,0.0011,"aoml_navis",1027.18842810716
"7901009",116,0,1,0.026166,1,0.003738,1,145.632440347154,1,4.86755515794394,202,1,18.1280002593994,36.4169998168945,0.0261659994721413,0.0115404240787029,140.431503295898,-86.8876,27.0845,11.9206738921536,63,63,63,63,61,63,0,7818,1.13366707078925,27,-87,0.001869,51,2026-07-12 23:22:33.0025,202,1.037,0.0011,"aoml_navis",1027.20972598326
"7901009",116,0,1,0.022428,1,0,1,144.076365056662,1,4.8675068440917,204,1,18.1009998321533,36.4099998474121,0.0224280003458261,0.00824316125363111,138.930999755859,-86.8876,27.0845,11.9206738921536,63,63,63,63,61,63,0,7818,1.13366707078925,27,-87,0.001869,51,2026-07-12 23:22:33.0025,204,1.037,0.0011,"aoml_navis",1027.2199218516
"7901009",116,0,1,0.024297,1,0.001869,1,141.746453367551,1,4.86744186676976,206,1,18.056999206543,36.4020004272461,0.0242970008403063,0.00989179313182831,136.684295654297,-86.8876,27.0845,11.9206738921536,63,63,63,63,61,63,0,7818,1.13366707078925,27,-87,0.001869,51,2026-07-12 23:22:33.0025,206,1.037,0.0011,"aoml_navis",1027.23363459874
"7901009",116,0,1,0.028035,1,0.005607,1,138.791212622951,1,4.86736767579619,208,1,17.9899997711182,36.3889999389648,0.0280349999666214,0.0131890568882227,133.834594726562,-86.8876,27.0845,11.9206738921536,63,63,63,63,61,63,0,7818,1.13366707078925,27,-87,0.001869,51,2026-07-12 23:22:33.0025,208,1.037,0.0011,"aoml_navis",1027.24929223312
"7901009",116,0,1,0.031773,1,0.009345,1,135.119592076738,1,4.86729609995063,210,1,17.9220008850098,36.375,0.0317730009555817,0.0164863225072622,130.294097900391,-86.8876,27.0845,11.9206738921536,63,63,63,63,61,63,0,7818,1.13366707078925,27,-87,0.001869,51,2026-07-12 23:22:33.0025,210,1.037,0.0011,"aoml_navis",1027.26439841018
"7901009",116,0,1,0.035511,1,0.013083,1,131.578740276782,1,4.86718720472366,212,1,17.8040008544922,36.3549995422363,0.0355109982192516,0.0197835862636566,126.879699707031,-86.8876,27.0845,11.9206738921536,63,63,63,63,61,63,0,7818,1.13366707078925,27,-87,0.001869,51,2026-07-12 23:22:33.0025,212,1.037,0.0011,"aoml_navis",1027.28738174432
"7901009",116,0,1,0.042987,1,0.020559,1,129.944059741005,1,4.86707787731281,214,1,17.6790008544922,36.3330001831055,0.0429870001971722,0.0263781137764454,125.303398132324,-86.8876,27.0845,11.9206738921536,63,63,63,63,61,63,0,7818,1.13366707078925,27,-87,0.001869,51,2026-07-12 23:22:33.0025,214,1.037,0.0011,"aoml_navis",1027.31045732939
"7901009",116,0,1,0.041118,1,0.01869,1,128.318921019603,1,4.86698941547693,216,1,17.5990009307861,36.3199996948242,0.041117999702692,0.0247294809669256,123.736297607422,-86.8876,27.0845,11.9206738921536,63,63,63,63,61,63,0,7818,1.13366707078925,27,-87,0.001869,51,2026-07-12 23:22:33.0025,216,1.037,0.0011,"aoml_navis",1027.32912960528
"7901009",116,0,1,0.048594,1,0.026166,1,127.842407873379,1,4.86685938903871,218,1,17.443000793457,36.2939987182617,0.0485940016806126,0.0313240103423595,123.276802062988,-86.8876,27.0845,11.9206738921536,63,63,63,63,61,63,0,7818,1.13366707078925,27,-87,0.001869,51,2026-07-12 23:22:33.0025,218,1.037,0.0011,"aoml_navis",1027.3565764528
"7901009",116,0,1,0.046725,1,0.024297,1,128.399401397563,1,4.86676546293576,220,1,17.367000579834,36.2840003967285,0.0467250011861324,0.0296753793954849,123.813903808594,-86.8876,27.0845,11.9206738921536,63,63,63,63,61,63,0,7818,1.13366707078925,27,-87,0.001869,51,2026-07-12 23:22:33.0025,220,1.037,0.0011,"aoml_navis",1027.37640391322
"7901009",116,0,1,0.048594,1,0.026166,1,128.863888376416,1,4.86663341907191,222,1,17.2329998016357,36.265998840332,0.0485940016806126,0.0313240103423595,124.26180267334,-86.8876,27.0845,11.9206738921536,63,63,63,63,61,63,0,7818,1.13366707078925,27,-87,0.001869,51,2026-07-12 23:22:33.0025,222,1.037,0.0011,"aoml_navis",1027.40427918927
"7901009",116,0,1,0.052332,1,0.029904,1,128.734045328569,1,4.86658356489521,224,1,17.2070007324219,36.2599983215332,0.0523319989442825,0.0346212722361088,124.136596679688,-86.8876,27.0845,11.9206738921536,63,63,63,63,61,63,0,7818,1.13366707078925,27,-87,0.001869,51,2026-07-12 23:22:33.0025,224,1.037,0.0011,"aoml_navis",1027.41480410758
"7901009",116,0,1,0.050463,1,0.028035,1,128.629101194352,1,4.86652313781323,226,1,17.1749992370605,36.2550010681152,0.0504629984498024,0.0329726450145245,124.035400390625,-86.8876,27.0845,11.9206738921536,63,63,63,63,61,63,0,7818,1.13366707078925,27,-87,0.001869,51,2026-07-12 23:22:33.0025,226,1.037,0.0011,"aoml_navis",1027.42756140408
"7901009",116,0,1,0.054201,1,0.031773,1,128.625469608284,1,4.86643036489422,228,1,17.0930004119873,36.2430000305176,0.0542009994387627,0.0362699069082737,124.031898498535,-86.8876,27.0845,11.9206738921536,63,63,63,63,61,63,0,7818,1.13366707078925,27,-87,0.001869,51,2026-07-12 23:22:33.0025,228,1.037,0.0011,"aoml_navis",1027.44714813333
"7901009",116,0,1,0.052332,1,0.029904,1,128.512431546948,1,4.86637141361607,230,1,17.0590000152588,36.2369995117188,0.0523319989442825,0.0346212722361088,123.922897338867,-86.8876,27.0845,11.9206738921536,63,63,63,63,61,63,0,7818,1.13366707078925,27,-87,0.001869,51,2026-07-12 23:22:33.0025,230,1.037,0.0011,"aoml_navis",1027.45959463966
"7901009",116,0,1,0.046725,1,0.024297,1,128.806020357895,1,4.86630345935011,232,1,17.0139999389648,36.2299995422363,0.0467250011861324,0.0296753793954849,124.206001281738,-86.8876,27.0845,11.9206738921536,63,63,63,63,61,63,0,7818,1.13366707078925,27,-87,0.001869,51,2026-07-12 23:22:33.0025,232,1.037,0.0011,"aoml_navis",1027.47394233975
"7901009",116,0,1,0.042987,1,0.020559,1,128.774079806792,1,4.86623267195067,234,1,16.9570007324219,36.2200012207031,0.0429870001971722,0.0263781137764454,124.175201416016,-86.8876,27.0845,11.9206738921536,63,63,63,63,61,63,0,7818,1.13366707078925,27,-87,0.001869,51,2026-07-12 23:22:33.0025,234,1.037,0.0011,"aoml_navis",1027.48888864694
"7901009",116,0,1,0.044856,1,0.022428,1,128.401577184423,1,4.86610910771883,236,1,16.8379993438721,36.2050018310547,0.0448560006916523,0.0280267465859652,123.81600189209,-86.8876,27.0845,11.9206738921536,63,63,63,63,61,63,0,7818,1.13366707078925,27,-87,0.001869,51,2026-07-12 23:22:33.0025,236,1.037,0.0011,"aoml_navis",1027.51497948716
"7901009",116,0,1,0.042987,1,0.020559,1,128.40645094699,1,4.86600915966295,238,1,16.7360000610352,36.1889991760254,0.0429870001971722,0.0263781137764454,123.820701599121,-86.8876,27.0845,11.9206738921536,63,63,63,63,61,63,0,7818,1.13366707078925,27,-87,0.001869,51,2026-07-12 23:22:33.0025,238,1.037,0.0011,"aoml_navis",1027.53608469293
"7901009",116,0,1,0.035511,1,0.013083,1,128.426048852633,1,4.86593125944994,240,1,16.6690006256104,36.1780014038086,0.0355109982192516,0.0197835862636566,123.839599609375,-86.8876,27.0845,11.9206738921536,63,63,63,63,61,63,0,7818,1.13366707078925,27,-87,0.001869,51,2026-07-12 23:22:33.0025,240,1.037,0.0011,"aoml_navis",1027.55253483898
"7901009",116,0,1,0.042987,1,0.020559,1,128.111414248786,1,4.86586581774093,242,1,16.6159992218018,36.1679992675781,0.0429870001971722,0.0263781137764454,123.536201477051,-86.8876,27.0845,11.9206738921536,63,63,63,63,61,63,0,7818,1.13366707078925,27,-87,0.001869,51,2026-07-12 23:22:33.0025,242,1.037,0.0011,"aoml_navis",1027.56635453654
"7901009",116,0,1,0.026166,1,0.003738,1,127.473639692458,1,4.86575975512274,244,1,16.5109996795654,36.1529998779297,0.0261659994721413,0.0115404240787029,122.921203613281,-86.8876,27.0845,11.9206738921536,63,63,63,63,61,63,0,7818,1.13366707078925,27,-87,0.001869,51,2026-07-12 23:22:33.0025,244,1.037,0.0011,"aoml_navis",1027.58875317178
"7901009",116,0,1,0.028035,1,0.005607,1,126.995045702801,1,4.86565239804654,246,1,16.3980007171631,36.1360015869141,0.0280349999666214,0.0131890568882227,122.459701538086,-86.8876,27.0845,11.9206738921536,63,63,63,63,61,63,0,7818,1.13366707078925,27,-87,0.001869,51,2026-07-12 23:22:33.0025,246,1.037,0.0011,"aoml_navis",1027.61142616916
"7901009",116,0,1,0.033642,1,0.011214,1,126.469264830116,1,4.86557059698271,248,1,16.3169994354248,36.1220016479492,0.0336420014500618,0.0181349534541368,121.952697753906,-86.8876,27.0845,11.9206738921536,63,63,63,63,61,63,0,7818,1.13366707078925,27,-87,0.001869,51,2026-07-12 23:22:33.0025,248,1.037,0.0011,"aoml_navis",1027.62870260287
"7901009",116,0,1,0.031773,1,0.009345,1,126.084419562288,1,4.86546863824246,250,1,16.2080001831055,36.1049995422363,0.0317730009555817,0.0164863225072622,121.581596374512,-86.8876,27.0845,11.9206738921536,63,63,63,63,61,63,0,7818,1.13366707078925,27,-87,0.001869,51,2026-07-12 23:22:33.0025,250,1.037,0.0011,"aoml_navis",1027.65023716321
"7901009",116,0,1,0.033642,1,0.011214,1,125.812200934281,1,4.86538913088195,252,1,16.1350002288818,36.0929985046387,0.0336420014500618,0.0181349534541368,121.31909942627,-86.8876,27.0845,11.9206738921536,63,63,63,63,61,63,0,7818,1.13366707078925,27,-87,0.001869,51,2026-07-12 23:22:33.0025,252,1.037,0.0011,"aoml_navis",1027.66703042592
"7901009",116,0,1,0.028035,1,0.005607,1,125.503270847983,1,4.86530426253144,254,1,16.056999206543,36.0810012817383,0.0280349999666214,0.0131890568882227,121.021202087402,-86.8876,27.0845,11.9206738921536,63,63,63,63,61,63,0,7818,1.13366707078925,27,-87,0.001869,51,2026-07-12 23:22:33.0025,254,1.037,0.0011,"aoml_navis",1027.68495662355
"7901009",116,0,1,0.029904,1,0.007476,1,125.408382805034,1,4.86520379059124,256,1,15.9449996948242,36.0629997253418,0.0299040004611015,0.0148376896977425,120.929702758789,-86.8876,27.0845,11.9206738921536,63,63,63,63,61,63,0,7818,1.13366707078925,27,-87,0.001869,51,2026-07-12 23:22:33.0025,256,1.037,0.0011,"aoml_navis",1027.70617947586
"7901009",116,0,1,0.026166,1,0.003738,1,125.464169980122,1,4.86510915159287,258,1,15.8509998321533,36.048999786377,0.0261659994721413,0.0115404240787029,120.983497619629,-86.8876,27.0845,11.9206738921536,63,63,63,63,61,63,0,7818,1.13366707078925,27,-87,0.001869,51,2026-07-12 23:22:33.0025,258,1.037,0.0011,"aoml_navis",1027.72617102804
"7901009",116,0,1,0.026166,1,0.003738,1,125.633105983877,1,4.86502444656924,260,1,15.7690000534058,36.0359992980957,0.0261659994721413,0.0115404240787029,121.14640045166,-86.8876,27.0845,11.9206738921536,63,63,63,63,61,63,0,7818,1.13366707078925,27,-87,0.001869,51,2026-07-12 23:22:33.0025,260,1.037,0.0011,"aoml_navis",1027.74406478593
"7901009",116,0,1,0.028035,1,0.005607,1,125.723848163864,1,4.86496616111924,262,1,15.7340002059937,36.0299987792969,0.0280349999666214,0.0131890568882227,121.233901977539,-86.8876,27.0845,11.9206738921536,63,63,63,63,61,63,0,7818,1.13366707078925,27,-87,0.001869,51,2026-07-12 23:22:33.0025,262,1.037,0.0011,"aoml_navis",1027.75637782642
"7901009",116,0,1,0.01869,1,-0.003738,1,125.862702925287,1,4.86488219740353,264,1,15.6490001678467,36.015998840332,0.0186899993568659,0.00494589656591415,121.367797851562,-86.8876,27.0845,11.9206738921536,63,63,63,63,61,63,0,7818,1.13366707078925,27,-87,0.001869,51,2026-07-12 23:22:33.0025,264,1.037,0.0011,"aoml_navis",1027.77411602455
"7901009",116,0,1,0.020559,1,-0.001869,1,126.001977020178,1,4.86480544466545,266,1,15.5769996643066,36.0040016174316,0.020558999851346,0.00659452844411135,121.502098083496,-86.8876,27.0845,11.9206738921536,63,63,63,63,61,63,0,7818,1.13366707078925,27,-87,0.001869,51,2026-07-12 23:22:33.0025,266,1.037,0.0011,"aoml_navis",1027.79033136521
"7901009",116,0,1,0.020559,1,-0.001869,1,125.721047332779,1,4.86474997106335,268,1,15.5410003662109,35.9970016479492,0.020558999851346,0.00659452844411135,121.231201171875,-86.8876,27.0845,11.9206738921536,63,63,63,63,61,63,0,7818,1.13366707078925,27,-87,0.001869,51,2026-07-12 23:22:33.0025,268,1.037,0.0011,"aoml_navis",1027.80205143967
"7901009",116,0,1,0.020559,1,-0.001869,1,125.534483499482,1,4.86462413260753,270,1,15.3900003433228,35.9749984741211,0.020558999851346,0.00659452844411135,121.051300048828,-86.8876,27.0845,11.9206738921536,63,63,63,63,61,63,0,7818,1.13366707078925,27,-87,0.001869,51,2026-07-12 23:22:33.0025,270,1.037,0.0011,"aoml_navis",1027.82863869894
"7901009",116,0,1,0.01869,1,-0.003738,1,125.324793029853,1,4.86453381975339,272,1,15.2980003356934,35.9609985351562,0.0186899993568659,0.00494589656591415,120.849098205566,-86.8876,27.0845,11.9206738921536,63,63,63,63,61,63,0,7818,1.13366707078925,27,-87,0.001869,51,2026-07-12 23:22:33.0025,272,1.037,0.0011,"aoml_navis",1027.8477209258
"7901009",116,0,1,0.024297,1,0.001869,1,124.909874431644,1,4.86446916535774,274,1,15.2430000305176,35.951000213623,0.0242970008403063,0.00989179313182831,120.448997497559,-86.8876,27.0845,11.9206738921536,63,63,63,63,61,63,0,7818,1.13366707078925,27,-87,0.001869,51,2026-07-12 23:22:33.0025,274,1.037,0.0011,"aoml_navis",1027.86138220537
"7901009",116,0,1,0.01869,1,-0.003738,1,124.419879318841,1,4.86440786305076,276,1,15.1909999847412,35.9410018920898,0.0186899993568659,0.00494589656591415,119.976501464844,-86.8876,27.0845,11.9206738921536,63,63,63,63,61,63,0,7818,1.13366707078925,27,-87,0.001869,51,2026-07-12 23:22:33.0025,276,1.037,0.0011,"aoml_navis",1027.87433553407
"7901009",116,0,1,0.016821,1,-0.005607,1,124.019273442195,1,4.8643082297268,278,1,15.076000213623,35.9230003356934,0.0168210007250309,0.00329726422205567,119.590202331543,-86.8876,27.0845,11.9206738921536,63,63,63,63,61,63,0,7818,1.13366707078925,27,-87,0.001869,51,2026-07-12 23:22:33.0025,278,1.037,0.0011,"aoml_navis",1027.89538899775
"7901009",116,0,1,0.022428,1,0,1,123.739894497431,1,4.86421813306999,280,1,14.9659996032715,35.9039993286133,0.0224280003458261,0.00824316125363111,119.32080078125,-86.8876,27.0845,11.9206738921536,63,63,63,63,61,63,0,7818,1.13366707078925,27,-87,0.001869,51,2026-07-12 23:22:33.0025,280,1.037,0.0011,"aoml_navis",1027.91442801606
"7901009",116,0,1,0.020559,1,-0.001869,1,123.418724621052,1,4.86412687861979,282,1,14.875,35.890998840332,0.020558999851346,0.00659452844411135,119.011100769043,-86.8876,27.0845,11.9206738921536,63,63,63,63,61,63,0,7818,1.13366707078925,27,-87,0.001869,51,2026-07-12 23:22:33.0025,282,1.037,0.0011,"aoml_navis",1027.93371241557
"7901009",116,0,1,0.022428,1,0,1,123.140279286649,1,4.86404714687694,284,1,14.7980003356934,35.8790016174316,0.0224280003458261,0.00824316125363111,118.742599487305,-86.8876,27.0845,11.9206738921536,63,63,63,63,61,63,0,7818,1.13366707078925,27,-87,0.001869,51,2026-07-12 23:22:33.0025,284,1.037,0.0011,"aoml_navis",1027.95056236458
"7901009",116,0,1,0.022428,1,0,1,122.983274506838,1,4.86396556300424,286,1,14.7189998626709,35.867000579834,0.0224280003458261,0.00824316125363111,118.591201782227,-86.8876,27.0845,11.9206738921536,63,63,63,63,61,63,0,7818,1.13366707078925,27,-87,0.001869,51,2026-07-12 23:22:33.0025,286,1.037,0.0011,"aoml_navis",1027.96780430159
"7901009",116,0,1,0.024297,1,0.001869,1,122.815691446912,1,4.8639033725284,288,1,14.6719999313354,35.859001159668,0.0242970008403063,0.00989179313182831,118.42960357666,-86.8876,27.0845,11.9206738921536,63,63,63,63,61,63,0,7818,1.13366707078925,27,-87,0.001869,51,2026-07-12 23:22:33.0025,288,1.037,0.0011,"aoml_navis",1027.98094802629
"7901009",116,0,1,0.020559,1,-0.001869,1,122.743304996071,1,4.86383068596317,290,1,14.6079998016357,35.8489990234375,0.020558999851346,0.00659452844411135,118.359802246094,-86.8876,27.0845,11.9206738921536,63,63,63,63,61,63,0,7818,1.13366707078925,27,-87,0.001869,51,2026-07-12 23:22:33.0025,290,1.037,0.0011,"aoml_navis",1027.99631048626
"7901009",116,0,1,0.022428,1,0,1,122.728470085663,1,4.86374917651259,292,1,14.5249996185303,35.8359985351562,0.0224280003458261,0.00824316125363111,118.345497131348,-86.8876,27.0845,11.9206738921536,63,63,63,63,61,63,0,7818,1.13366707078925,27,-87,0.001869,51,2026-07-12 23:22:33.0025,292,1.037,0.0011,"aoml_navis",1028.01353822795
"7901009",116,0,1,0.01869,1,-0.003738,1,122.587645248137,1,4.863689955992,294,1,14.4770002365112,35.8269996643066,0.0186899993568659,0.00494589656591415,118.209701538086,-86.8876,27.0845,11.9206738921536,63,63,63,63,61,63,0,7818,1.13366707078925,27,-87,0.001869,51,2026-07-12 23:22:33.0025,294,1.037,0.0011,"aoml_navis",1028.02605536977
"7901009",116,0,1,0.020559,1,-0.001869,1,122.395685463428,1,4.86363874178427,296,1,14.4610004425049,35.8250007629395,0.020558999851346,0.00659452844411135,118.024597167969,-86.8876,27.0845,11.9206738921536,63,63,63,63,61,63,0,7818,1.13366707078925,27,-87,0.001869,51,2026-07-12 23:22:33.0025,296,1.037,0.0011,"aoml_navis",1028.03688050353
"7901009",116,0,1,0.020559,1,-0.001869,1,122.139021733481,1,4.86359379300574,298,1,14.4440002441406,35.8209991455078,0.020558999851346,0.00659452844411135,117.777099609375,-86.8876,27.0845,11.9206738921536,63,63,63,63,61,63,0,7818,1.13366707078925,27,-87,0.001869,51,2026-07-12 23:22:33.0025,298,1.037,0.0011,"aoml_navis",1028.046381503
"7901009",116,0,1,0.020559,1,-0.001869,1,121.895523492025,1,4.86352690770174,300,1,14.3920001983643,35.8129997253418,0.020558999851346,0.00659452844411135,117.542297363281,-86.8876,27.0845,11.9206738921536,63,63,63,63,61,63,0,7818,1.13366707078925,27,-87,0.001869,51,2026-07-12 23:22:33.0025,300,1.037,0.0011,"aoml_navis",1028.06051963692
"7901009",116,0,1,0.020559,1,-0.001869,1,121.525821700741,1,4.86346949888275,302,1,14.3489999771118,35.8050003051758,0.020558999851346,0.00659452844411135,117.18579864502,-86.8876,27.0845,11.9206738921536,63,63,63,63,61,63,0,7818,1.13366707078925,27,-87,0.001869,51,2026-07-12 23:22:33.0025,302,1.037,0.0011,"aoml_navis",1028.07265495314
"7901009",116,0,1,0.022428,1,0,1,121.197705130315,1,4.86338679519045,304,1,14.2639999389648,35.7919998168945,0.0224280003458261,0.00824316125363111,116.869400024414,-86.8876,27.0845,11.9206738921536,63,63,63,63,61,63,0,7818,1.13366707078925,27,-87,0.001869,51,2026-07-12 23:22:33.0025,304,1.037,0.0011,"aoml_navis",1028.09013770911
"7901009",116,0,1,0.020559,1,-0.001869,1,120.906402873559,1,4.86330494168372,306,1,14.1759996414185,35.7779998779297,0.020558999851346,0.00659452844411135,116.588500976562,-86.8876,27.0845,11.9206738921536,63,63,63,63,61,63,0,7818,1.13366707078925,27,-87,0.001869,51,2026-07-12 23:22:33.0025,306,1.037,0.0011,"aoml_navis",1028.10744132959
"7901009",116,0,1,0.024297,1,0.001869,1,120.91168805764,1,4.86320544978452,308,1,14.0670003890991,35.7630004882812,0.0242970008403063,0.00989179313182831,116.593597412109,-86.8876,27.0845,11.9206738921536,63,63,63,63,61,63,0,7818,1.13366707078925,27,-87,0.001869,51,2026-07-12 23:22:33.0025,308,1.037,0.0011,"aoml_navis",1028.12847444509
"7901009",116,0,1,0.020559,1,-0.001869,1,120.651709219714,1,4.86316028229755,310,1,14.0459995269775,35.757999420166,0.020558999851346,0.00659452844411135,116.342903137207,-86.8876,27.0845,11.9206738921536,63,63,63,63,61,63,0,7818,1.13366707078925,27,-87,0.001869,51,2026-07-12 23:22:33.0025,310,1.037,0.0011,"aoml_navis",1028.13802337557
"7901009",116,0,1,0.028035,1,0.005607,1,120.361332661367,1,4.86311342738035,312,1,14.0340003967285,35.7560005187988,0.0280349999666214,0.0131890568882227,116.062896728516,-86.8876,27.0845,11.9206738921536,63,63,63,63,61,63,0,7818,1.13366707078925,27,-87,0.001869,51,2026-07-12 23:22:33.0025,312,1.037,0.0011,"aoml_navis",1028.14792923582
"7901009",116,0,1,0.020559,1,-0.001869,1,119.895397795258,1,4.86307136604974,314,1,14.0159997940063,35.7509994506836,0.020558999851346,0.00659452844411135,115.61360168457,-86.8876,27.0845,11.9206738921536,63,63,63,63,61,63,0,7818,1.13366707078925,27,-87,0.001869,51,2026-07-12 23:22:33.0025,314,1.037,0.0011,"aoml_navis",1028.15682181968
"7901009",116,0,1,0.024297,1,0.001869,1,119.655222573733,1,4.86298063555292,316,1,13.9219999313354,35.7379989624023,0.0242970008403063,0.00989179313182831,115.38200378418,-86.8876,27.0845,11.9206738921536,63,63,63,63,61,63,0,7818,1.13366707078925,27,-87,0.001869,51,2026-07-12 23:22:33.0025,316,1.037,0.0011,"aoml_navis",1028.17600453626
"7901009",116,0,1,0.01869,1,-0.003738,1,119.534818484882,1,4.862900472781,318,1,13.8380002975464,35.7249984741211,0.0186899993568659,0.00494589656591415,115.265899658203,-86.8876,27.0845,11.9206738921536,63,63,63,63,61,63,0,7818,1.13366707078925,27,-87,0.001869,51,2026-07-12 23:22:33.0025,318,1.037,0.0011,"aoml_navis",1028.19295356473
"7901009",116,0,1,0.022428,1,0,1,119.353128414151,1,4.8628469051683,320,1,13.8050003051758,35.7190017700195,0.0224280003458261,0.00824316125363111,115.090698242188,-86.8876,27.0845,11.9206738921536,63,63,63,63,61,63,0,7818,1.13366707078925,27,-87,0.001869,51,2026-07-12 23:22:33.0025,320,1.037,0.0011,"aoml_navis",1028.20427981928
"7901009",116,0,1,0.028035,1,0.005607,1,119.160037220275,1,4.86279602462683,322,1,13.7709999084473,35.7120018005371,0.0280349999666214,0.0131890568882227,114.904502868652,-86.8876,27.0845,11.9206738921536,63,63,63,63,61,63,0,7818,1.13366707078925,27,-87,0.001869,51,2026-07-12 23:22:33.0025,322,1.037,0.0011,"aoml_navis",1028.21503815466
"7901009",116,0,1,0.024297,1,0.001869,1,119.101235591392,1,4.86271841796074,324,1,13.7069997787476,35.7039985656738,0.0242970008403063,0.00989179313182831,114.847801208496,-86.8876,27.0845,11.9206738921536,63,63,63,63,61,63,0,7818,1.13366707078925,27,-87,0.001869,51,2026-07-12 23:22:33.0025,324,1.037,0.0011,"aoml_navis",1028.23144797614
"7901009",116,0,1,0.024297,1,0.001869,1,118.98093435792,1,4.86266299707347,326,1,13.6719999313354,35.6980018615723,0.0242970008403063,0.00989179313182831,114.731796264648,-86.8876,27.0845,11.9206738921536,63,63,63,63,61,63,0,7818,1.13366707078925,27,-87,0.001869,51,2026-07-12 23:22:33.0025,326,1.037,0.0011,"aoml_navis",1028.24316696616
"7901009",116,0,1,0.022428,1,0,1,118.841873885739,1,4.86261186313428,328,1,13.6520004272461,35.6949996948242,0.0224280003458261,0.00824316125363111,114.597702026367,-86.8876,27.0845,11.9206738921536,63,63,63,63,61,63,0,7818,1.13366707078925,27,-87,0.001869,51,2026-07-12 23:22:33.0025,328,1.037,0.0011,"aoml_navis",1028.25397969913
"7901009",116,0,1,0.020559,1,-0.001869,1,118.661742469595,1,4.86255248959836,330,1,13.6129999160767,35.6889991760254,0.020558999851346,0.00659452844411135,114.424003601074,-86.8876,27.0845,11.9206738921536,63,63,63,63,61,63,0,7818,1.13366707078925,27,-87,0.001869,51,2026-07-12 23:22:33.0025,330,1.037,0.0011,"aoml_navis",1028.26653505451
"7901009",116,0,1,0.01869,1,-0.003738,1,118.583857211963,1,4.86249658871712,332,1,13.581000328064,35.6839981079102,0.0186899993568659,0.00494589656591415,114.348899841309,-86.8876,27.0845,11.9206738921536,63,63,63,63,61,63,0,7818,1.13366707078925,27,-87,0.001869,51,2026-07-12 23:22:33.0025,332,1.037,0.0011,"aoml_navis",1028.27835634928
"7901009",116,0,1,0.028035,1,0.005607,1,118.304066845683,1,4.8624395869687,334,1,13.5369997024536,35.6759986877441,0.0280349999666214,0.0131890568882227,114.0791015625,-86.8876,27.0845,11.9206738921536,63,63,63,63,61,63,0,7818,1.13366707078925,27,-87,0.001869,51,2026-07-12 23:22:33.0025,334,1.037,0.0011,"aoml_navis",1028.29041072304
"7901009",116,0,1,0.024297,1,0.001869,1,117.987976442628,1,4.86237901598343,336,1,13.4930000305176,35.6689987182617,0.0242970008403063,0.00989179313182831,113.774299621582,-86.8876,27.0845,11.9206738921536,63,63,63,63,61,63,0,7818,1.13366707078925,27,-87,0.001869,51,2026-07-12 23:22:33.0025,336,1.037,0.0011,"aoml_navis",1028.30322020644
"7901009",116,0,1,0.024297,1,0.001869,1,117.696982752008,1,4.86231679422011,338,1,13.4399995803833,35.6599998474121,0.0242970008403063,0.00989179313182831,113.493698120117,-86.8876,27.0845,11.9206738921536,63,63,63,63,61,63,0,7818,1.13366707078925,27,-87,0.001869,51,2026-07-12 23:22:33.0025,338,1.037,0.0011,"aoml_navis",1028.31637912683
"7901009",116,0,1,0.020559,1,-0.001869,1,117.228144199435,1,4.86224703890158,340,1,13.3830003738403,35.6520004272461,0.020558999851346,0.00659452844411135,113.041603088379,-86.8876,27.0845,11.9206738921536,63,63,63,63,61,63,0,7818,1.13366707078925,27,-87,0.001869,51,2026-07-12 23:22:33.0025,340,1.037,0.0011,"aoml_navis",1028.3311316756
"7901009",116,0,1,0.028035,1,0.005607,1,116.761789999859,1,4.86217242046622,342,1,13.3100004196167,35.640998840332,0.0280349999666214,0.0131890568882227,112.591903686523,-86.8876,27.0845,11.9206738921536,63,63,63,63,61,63,0,7818,1.13366707078925,27,-87,0.001869,51,2026-07-12 23:22:33.0025,342,1.037,0.0011,"aoml_navis",1028.34691319329
"7901009",116,0,1,0.022428,1,0,1,116.16974652735,1,4.86209734555871,344,1,13.2399997711182,35.6310005187988,0.0224280003458261,0.00824316125363111,112.021003723145,-86.8876,27.0845,11.9206738921536,63,63,63,63,61,63,0,7818,1.13366707078925,27,-87,0.001869,51,2026-07-12 23:22:33.0025,344,1.037,0.0011,"aoml_navis",1028.36279174197
"7901009",116,0,1,0.028035,1,0.005607,1,115.43147435395,1,4.86204489977538,346,1,13.2110004425049,35.6259994506836,0.0280349999666214,0.0131890568882227,111.309097290039,-86.8876,27.0845,11.9206738921536,63,63,63,63,61,63,0,7818,1.13366707078925,27,-87,0.001869,51,2026-07-12 23:22:33.0025,346,1.037,0.0011,"aoml_navis",1028.37388445981
"7901009",116,0,1,0.022428,1,0,1,114.780526397179,1,4.86198882096989,348,1,13.1820001602173,35.6220016479492,0.0224280003458261,0.00824316125363111,110.681396484375,-86.8876,27.0845,11.9206738921536,63,63,63,63,61,63,0,7818,1.13366707078925,27,-87,0.001869,51,2026-07-12 23:22:33.0025,348,1.037,0.0011,"aoml_navis",1028.38574585669
"7901009",116,0,1,0.024297,1,0.001869,1,114.693526570592,1,4.86191762510706,350,1,13.1339998245239,35.617000579834,0.0242970008403063,0.00989179313182831,110.597503662109,-86.8876,27.0845,11.9206738921536,63,63,63,63,61,63,0,7818,1.13366707078925,27,-87,0.001869,51,2026-07-12 23:22:33.0025,350,1.037,0.0011,"aoml_navis",1028.40080510206
"7901009",116,0,1,0.022428,1,0,1,114.708662135185,1,4.86186659080108,352,1,13.1099996566772,35.6129989624023,0.0224280003458261,0.00824316125363111,110.612098693848,-86.8876,27.0845,11.9206738921536,63,63,63,63,61,63,0,7818,1.13366707078925,27,-87,0.001869,51,2026-07-12 23:22:33.0025,352,1.037,0.0011,"aoml_navis",1028.41160007563
"7901009",116,0,1,0.024297,1,0.001869,1,114.294368581202,1,4.86181566762557,354,1,13.0749998092651,35.6059989929199,0.0242970008403063,0.00989179313182831,110.212600708008,-86.8876,27.0845,11.9206738921536,63,63,63,63,61,63,0,7818,1.13366707078925,27,-87,0.001869,51,2026-07-12 23:22:33.0025,354,1.037,0.0011,"aoml_navis",1028.42237176835
"7901009",116,0,1,0.024297,1,0.001869,1,113.811731583961,1,4.86175099481928,356,1,13.0260000228882,35.5989990234375,0.0242970008403063,0.00989179313182831,109.747200012207,-86.8876,27.0845,11.9206738921536,63,63,63,63,61,63,0,7818,1.13366707078925,27,-87,0.001869,51,2026-07-12 23:22:33.0025,356,1.037,0.0011,"aoml_navis",1028.43605222235
"7901009",116,0,1,0.024297,1,0.001869,1,113.503632252646,1,4.86167422097258,358,1,12.9460000991821,35.5870018005371,0.0242970008403063,0.00989179313182831,109.450103759766,-86.8876,27.0845,11.9206738921536,63,63,63,63,61,63,0,7818,1.13366707078925,27,-87,0.001869,51,2026-07-12 23:22:33.0025,358,1.037,0.0011,"aoml_navis",1028.4522929222
"7901009",116,0,1,0.026166,1,0.003738,1,113.612516539068,1,4.86160662005154,360,1,12.8900003433228,35.5789985656738,0.0261659994721413,0.0115404240787029,109.555099487305,-86.8876,27.0845,11.9206738921536,63,63,63,63,61,63,0,7818,1.13366707078925,27,-87,0.001869,51,2026-07-12 23:22:33.0025,360,1.037,0.0011,"aoml_navis",1028.46659361077
"7901009",116,0,1,0.028035,1,0.005607,1,113.921035203851,1,4.86154474227358,362,1,12.8360004425049,35.5699996948242,0.0280349999666214,0.0131890568882227,109.852600097656,-86.8876,27.0845,11.9206738921536,63,63,63,63,61,63,0,7818,1.13366707078925,27,-87,0.001869,51,2026-07-12 23:22:33.0025,362,1.037,0.0011,"aoml_navis",1028.4796839413
"7901009",116,0,1,0.026166,1,0.003738,1,114.141090330885,1,4.86148738170596,364,1,12.7790002822876,35.5589981079102,0.0261659994721413,0.0115404240787029,110.064796447754,-86.8876,27.0845,11.9206738921536,63,63,63,63,61,63,0,7818,1.13366707078925,27,-87,0.001869,51,2026-07-12 23:22:33.0025,364,1.037,0.0011,"aoml_navis",1028.49181894728
"7901009",116,0,1,0.022428,1,0,1,114.514843041704,1,4.86143038041591,366,1,12.7259998321533,35.548999786377,0.0224280003458261,0.00824316125363111,110.425201416016,-86.8876,27.0845,11.9206738921536,63,63,63,63,61,63,0,7818,1.13366707078925,27,-87,0.001869,51,2026-07-12 23:22:33.0025,366,1.037,0.0011,"aoml_navis",1028.5038782294
"7901009",116,0,1,0.022428,1,0,1,115.216190134103,1,4.86133924762517,368,1,12.6149997711182,35.5330009460449,0.0224280003458261,0.00824316125363111,111.101501464844,-86.8876,27.0845,11.9206738921536,63,63,63,63,61,63,0,7818,1.13366707078925,27,-87,0.001869,51,2026-07-12 23:22:33.0025,368,1.037,0.0011,"aoml_navis",1028.52315901273
"7901009",116,0,1,0.022428,1,0,1,115.602277578429,1,4.86125810329583,370,1,12.5100002288818,35.515998840332,0.0224280003458261,0.00824316125363111,111.47380065918,-86.8876,27.0845,11.9206738921536,63,63,63,63,61,63,0,7818,1.13366707078925,27,-87,0.001869,51,2026-07-12 23:22:33.0025,370,1.037,0.0011,"aoml_navis",1028.54032716553
"7901009",116,0,1,0.024297,1,0.001869,1,115.589001322608,1,4.86119824630198,372,1,12.4610004425049,35.507999420166,0.0242970008403063,0.00989179313182831,111.460998535156,-86.8876,27.0845,11.9206738921536,63,63,63,63,61,63,0,7818,1.13366707078925,27,-87,0.001869,51,2026-07-12 23:22:33.0025,372,1.037,0.0011,"aoml_navis",1028.55299180683
"7901009",116,0,1,0.01869,1,-0.003738,1,115.382008828684,1,4.86114250308493,374,1,12.4200000762939,35.5009994506836,0.0186899993568659,0.00494589656591415,111.26139831543,-86.8876,27.0845,11.9206738921536,63,63,63,63,61,63,0,7818,1.13366707078925,27,-87,0.001869,51,2026-07-12 23:22:33.0025,374,1.037,0.0011,"aoml_navis",1028.56478632892
"7901009",116,0,1,0.020559,1,-0.001869,1,115.225518325768,1,4.86107196892821,376,1,12.3520002365112,35.4910011291504,0.020558999851346,0.00659452844411135,111.110496520996,-86.8876,27.0845,11.9206738921536,63,63,63,63,61,63,0,7818,1.13366707078925,27,-87,0.001869,51,2026-07-12 23:22:33.0025,376,1.037,0.0011,"aoml_navis",1028.57971080449
"7901009",116,0,1,0.020559,1,-0.001869,1,115.124617199133,1,4.86101354808832,378,1,12.3079996109009,35.484001159668,0.020558999851346,0.00659452844411135,111.013198852539,-86.8876,27.0845,11.9206738921536,63,63,63,63,61,63,0,7818,1.13366707078925,27,-87,0.001869,51,2026-07-12 23:22:33.0025,378,1.037,0.0011,"aoml_navis",1028.59207252495
"7901009",116,0,1,0.024297,1,0.001869,1,114.800543636291,1,4.86096630932941,380,1,12.2910003662109,35.4809989929199,0.0242970008403063,0.00989179313182831,110.700698852539,-86.8876,27.0845,11.9206738921536,63,63,63,63,61,63,0,7818,1.13366707078925,27,-87,0.001869,51,2026-07-12 23:22:33.0025,380,1.037,0.0011,"aoml_navis",1028.60206835907
"7901009",116,0,1,0.022428,1,0,1,114.482902490601,1,4.86091430282979,382,1,12.2690000534058,35.4780006408691,0.0224280003458261,0.00824316125363111,110.394401550293,-86.8876,27.0845,11.9206738921536,63,63,63,63,61,63,0,7818,1.13366707078925,27,-87,0.001869,51,2026-07-12 23:22:33.0025,382,1.037,0.0011,"aoml_navis",1028.6130732832
"7901009",116,0,1,0.024297,1,0.001869,1,114.304013250955,1,4.86085617415671,384,1,12.2290000915527,35.4720001220703,0.0242970008403063,0.00989179313182831,110.221900939941,-86.8876,27.0845,11.9206738921536,63,63,63,63,61,63,0,7818,1.13366707078925,27,-87,0.001869,51,2026-07-12 23:22:33.0025,384,1.037,0.0011,"aoml_navis",1028.62537397898
"7901009",116,0,1,0.026166,1,0.003738,1,114.22208498574,1,4.86078834530453,386,1,12.1709995269775,35.4640007019043,0.0261659994721413,0.0115404240787029,110.14289855957,-86.8876,27.0845,11.9206738921536,63,63,63,63,61,63,0,7818,1.13366707078925,27,-87,0.001869,51,2026-07-12 23:22:33.0025,386,1.037,0.0011,"aoml_navis",1028.63972771617
"7901009",116,0,1,0.024297,1,0.001869,1,114.116824373433,1,4.86073132443697,388,1,12.1319999694824,35.4580001831055,0.0242970008403063,0.00989179313182831,110.041397094727,-86.8876,27.0845,11.9206738921536,63,63,63,63,61,63,0,7818,1.13366707078925,27,-87,0.001869,51,2026-07-12 23:22:33.0025,388,1.037,0.0011,"aoml_navis",1028.65179461018
"7901009",116,0,1,0.022428,1,0,1,113.93337784931,1,4.86068123147102,390,1,12.1079998016357,35.4539985656738,0.0224280003458261,0.00824316125363111,109.864501953125,-86.8876,27.0845,11.9206738921536,63,63,63,63,61,63,0,7818,1.13366707078925,27,-87,0.001869,51,2026-07-12 23:22:33.0025,390,1.037,0.0011,"aoml_navis",1028.66239563849
"7901009",116,0,1,0.022428,1,0,1,113.92538677757,1,4.86062535873379,392,1,12.0740003585815,35.4490013122559,0.0224280003458261,0.00824316125363111,109.856796264648,-86.8876,27.0845,11.9206738921536,63,63,63,63,61,63,0,7818,1.13366707078925,27,-87,0.001869,51,2026-07-12 23:22:33.0025,392,1.037,0.0011,"aoml_navis",1028.67422008071
"7901009",116,0,1,0.026166,1,0.003738,1,113.931407773208,1,4.86057260495674,394,1,12.0509996414185,35.4459991455078,0.0261659994721413,0.0115404240787029,109.862602233887,-86.8876,27.0845,11.9206738921536,63,63,63,63,61,63,0,7818,1.13366707078925,27,-87,0.001869,51,2026-07-12 23:22:33.0025,394,1.037,0.0011,"aoml_navis",1028.6853847016
"7901009",116,0,1,0.026166,1,0.003738,1,114.010843773475,1,4.86053034353451,396,1,12.0430002212524,35.4440002441406,0.0261659994721413,0.0115404240787029,109.93920135498,-86.8876,27.0845,11.9206738921536,63,63,63,63,61,63,0,7818,1.13366707078925,27,-87,0.001869,51,2026-07-12 23:22:33.0025,396,1.037,0.0011,"aoml_navis",1028.69432893285
"7901009",116,0,1,0.026166,1,0.003738,1,114.0771063733,1,4.86048033106902,398,1,12.0190000534058,35.439998626709,0.0261659994721413,0.0115404240787029,110.00309753418,-86.8876,27.0845,11.9206738921536,63,63,63,63,61,63,0,7818,1.13366707078925,27,-87,0.001869,51,2026-07-12 23:22:33.0025,398,1.037,0.0011,"aoml_navis",1028.70491380021
"7901009",116,0,1,0.026166,1,0.003738,1,114.104901061441,1,4.86041195431762,400,1,11.956000328064,35.4309997558594,0.0261659994721413,0.0115404240787029,110.029899597168,-86.8876,27.0845,11.9206738921536,63,63,63,63,61,63,0,7818,1.13366707078925,27,-87,0.001869,51,2026-07-12 23:22:33.0025,400,1.037,0.0011,"aoml_navis",1028.71938572169
"7901009",116,0,1,0.022428,1,0,1,113.737683623154,1,4.86034954854492,402,1,11.9069995880127,35.423999786377,0.0224280003458261,0.00824316125363111,109.675796508789,-86.8876,27.0845,11.9206738921536,63,63,63,63,61,63,0,7818,1.13366707078925,27,-87,0.001869,51,2026-07-12 23:22:33.0025,402,1.037,0.0011,"aoml_navis",1028.7325942425
"7901009",116,0,1,0.028035,1,0.005607,1,113.254010160173,1,4.86029200422148,404,1,11.8669996261597,35.4179992675781,0.0280349999666214,0.0131890568882227,109.209396362305,-86.8876,27.0845,11.9206738921536,63,63,63,63,61,63,0,7818,1.13366707078925,27,-87,0.001869,51,2026-07-12 23:22:33.0025,404,1.037,0.0011,"aoml_navis",1028.74477411176
"7901009",116,0,1,0.026166,1,0.003738,1,112.757376919459,1,4.86024035533642,406,1,11.8450002670288,35.4150009155273,0.0261659994721413,0.0115404240787029,108.730499267578,-86.8876,27.0845,11.9206738921536,63,63,63,63,61,63,0,7818,1.13366707078925,27,-87,0.001869,51,2026-07-12 23:22:33.0025,406,1.037,0.0011,"aoml_navis",1028.75570639426
"7901009",116,0,1,0.026166,1,0.003738,1,112.382382032142,1,4.86019542135511,408,1,11.8380002975464,35.4140014648438,0.0261659994721413,0.0115404240787029,108.368896484375,-86.8876,27.0845,11.9206738921536,63,63,63,63,61,63,0,7818,1.13366707078925,27,-87,0.001869,51,2026-07-12 23:22:33.0025,408,1.037,0.0011,"aoml_navis",1028.7652175529
"7901009",116,0,1,0.028035,1,0.005607,1,112.424180875709,1,4.86013906526234,410,1,11.8070001602173,35.4099998474121,0.0280349999666214,0.0131890568882227,108.409202575684,-86.8876,27.0845,11.9206738921536,63,63,63,63,61,63,0,7818,1.13366707078925,27,-87,0.001869,51,2026-07-12 23:22:33.0025,410,1.037,0.0011,"aoml_navis",1028.77714667412
"7901009",116,0,1,0.022428,1,0,1,112.465766096566,1,4.86009414017907,412,1,11.8000001907349,35.4090003967285,0.0224280003458261,0.00824316125363111,108.44930267334,-86.8876,27.0845,11.9206738921536,63,63,63,63,61,63,0,7818,1.13366707078925,27,-87,0.001869,51,2026-07-12 23:22:33.0025,412,1.037,0.0011,"aoml_navis",1028.78665634567
"7901009",116,0,1,0.026166,1,0.003738,1,112.444087347489,1,4.86004535547981,414,1,11.7810001373291,35.4059982299805,0.0261659994721413,0.0115404240787029,108.428398132324,-86.8876,27.0845,11.9206738921536,63,63,63,63,61,63,0,7818,1.13366707078925,27,-87,0.001869,51,2026-07-12 23:22:33.0025,414,1.037,0.0011,"aoml_navis",1028.79698321383
"7901009",116,0,1,0.022428,1,0,1,112.366621423324,1,4.85999370780958,416,1,11.7550001144409,35.4020004272461,0.0224280003458261,0.00824316125363111,108.353698730469,-86.8876,27.0845,11.9206738921536,63,63,63,63,61,63,0,7818,1.13366707078925,27,-87,0.001869,51,2026-07-12 23:22:33.0025,416,1.037,0.0011,"aoml_navis",1028.80791634883
"7901009",116,0,1,0.029904,1,0.007476,1,112.375751816183,1,4.85993831727382,418,1,11.7209997177124,35.3969993591309,0.0299040004611015,0.0148376896977425,108.362503051758,-86.8876,27.0845,11.9206738921536,63,63,63,63,61,63,0,7818,1.13366707078925,27,-87,0.001869,51,2026-07-12 23:22:33.0025,418,1.037,0.0011,"aoml_navis",1028.81964205767
"7901009",116,0,1,0.028035,1,0.005607,1,112.242902226494,1,4.85989329235235,420,1,11.706000328064,35.3940010070801,0.0280349999666214,0.0131890568882227,108.234397888184,-86.8876,27.0845,11.9206738921536,63,63,63,63,61,63,0,7818,1.13366707078925,27,-87,0.001869,51,2026-07-12 23:22:33.0025,420,1.037,0.0011,"aoml_navis",1028.8291736504
"7901009",116,0,1,0.022428,1,0,1,111.974418039933,1,4.85983801984703,422,1,11.6759996414185,35.3899993896484,0.0224280003458261,0.00824316125363111,107.97550201416,-86.8876,27.0845,11.9206738921536,63,63,63,63,61,63,0,7818,1.13366707078925,27,-87,0.001869,51,2026-07-12 23:22:33.0025,422,1.037,0.0011,"aoml_navis",1028.84087485644
"7901009",116,0,1,0.028035,1,0.005607,1,111.748864106107,1,4.85978467339132,424,1,11.6520004272461,35.3870010375977,0.0280349999666214,0.0131890568882227,107.758003234863,-86.8876,27.0845,11.9206738921536,63,63,63,63,61,63,0,7818,1.13366707078925,27,-87,0.001869,51,2026-07-12 23:22:33.0025,424,1.037,0.0011,"aoml_navis",1028.85216856961
"7901009",116,0,1,0.031773,1,0.009345,1,111.466375764121,1,4.85974160073254,426,1,11.6429996490479,35.3849983215332,0.0317730009555817,0.0164863225072622,107.48560333252,-86.8876,27.0845,11.9206738921536,63,63,63,63,61,63,0,7818,1.13366707078925,27,-87,0.001869,51,2026-07-12 23:22:33.0025,426,1.037,0.0011,"aoml_navis",1028.86128744918
"7901009",116,0,1,0.026166,1,0.003738,1,111.172581242416,1,4.85968352515309,428,1,11.6020002365112,35.3790016174316,0.0261659994721413,0.0115404240787029,107.202301025391,-86.8876,27.0845,11.9206738921536,63,63,63,63,61,63,0,7818,1.13366707078925,27,-87,0.001869,51,2026-07-12 23:22:33.0025,428,1.037,0.0011,"aoml_navis",1028.87358284149
"7901009",116,0,1,0.028035,1,0.005607,1,111.070635738089,1,4.85960054650605,430,1,11.5220003128052,35.3699989318848,0.0280349999666214,0.0131890568882227,107.103996276855,-86.8876,27.0845,11.9206738921536,63,63,63,63,61,63,0,7818,1.13366707078925,27,-87,0.001869,51,2026-07-12 23:22:33.0025,430,1.037,0.0011,"aoml_navis",1028.8911510628
"7901009",116,0,1,0.028035,1,0.005607,1,110.957914154841,1,4.85954545727922,432,1,11.4879999160767,35.3650016784668,0.0280349999666214,0.0131890568882227,106.995300292969,-86.8876,27.0845,11.9206738921536,63,63,63,63,61,63,0,7818,1.13366707078925,27,-87,0.001869,51,2026-07-12 23:22:33.0025,432,1.037,0.0011,"aoml_navis",1028.90281487344
"7901009",116,0,1,0.026166,1,0.003738,1,110.831916315772,1,4.85949873421817,434,1,11.4709997177124,35.3619995117188,0.0261659994721413,0.0115404240787029,106.873802185059,-86.8876,27.0845,11.9206738921536,63,63,63,63,61,63,0,7818,1.13366707078925,27,-87,0.001869,51,2026-07-12 23:22:33.0025,434,1.037,0.0011,"aoml_navis",1028.91270755819
"7901009",116,0,1,0.028035,1,0.005607,1,110.758699109948,1,4.85943638133993,436,1,11.4329996109009,35.3580017089844,0.0280349999666214,0.0131890568882227,106.803199768066,-86.8876,27.0845,11.9206738921536,63,63,63,63,61,63,0,7818,1.13366707078925,27,-87,0.001869,51,2026-07-12 23:22:33.0025,436,1.037,0.0011,"aoml_navis",1028.92590984416
"7901009",116,0,1,0.022428,1,0,1,110.623365167262,1,4.85939061054097,438,1,11.4169998168945,35.3549995422363,0.0224280003458261,0.00824316125363111,106.672698974609,-86.8876,27.0845,11.9206738921536,63,63,63,63,61,63,0,7818,1.13366707078925,27,-87,0.001869,51,2026-07-12 23:22:33.0025,438,1.037,0.0011,"aoml_navis",1028.9356013394
"7901009",116,0,1,0.031773,1,0.009345,1,110.486480481941,1,4.85933841415757,440,1,11.3900003433228,35.351001739502,0.0317730009555817,0.0164863225072622,106.540702819824,-86.8876,27.0845,11.9206738921536,63,63,63,63,61,63,0,7818,1.13366707078925,27,-87,0.001869,51,2026-07-12 23:22:33.0025,440,1.037,0.0011,"aoml_navis",1028.94665360877
"7901009",116,0,1,0.024297,1,0.001869,1,110.404030027879,1,4.85928900589487,442,1,11.3699998855591,35.3479995727539,0.0242970008403063,0.00989179313182831,106.461196899414,-86.8876,27.0845,11.9206738921536,63,63,63,63,61,63,0,7818,1.13366707078925,27,-87,0.001869,51,2026-07-12 23:22:33.0025,442,1.037,0.0011,"aoml_navis",1028.95711572916
"7901009",116,0,1,0.028035,1,0.005607,1,110.220686359135,1,4.85924783274516,444,1,11.3590002059937,35.3450012207031,0.0280349999666214,0.0131890568882227,106.284400939941,-86.8876,27.0845,11.9206738921536,63,63,63,63,61,63,0,7818,1.13366707078925,27,-87,0.001869,51,2026-07-12 23:22:33.0025,444,1.037,0.0011,"aoml_navis",1028.9658342401
"7901009",116,0,1,0.024297,1,0.001869,1,110.186356398462,1,4.85917836013749,446,1,11.3090000152588,35.3400001525879,0.0242970008403063,0.00989179313182831,106.25129699707,-86.8876,27.0845,11.9206738921536,63,63,63,63,61,63,0,7818,1.13366707078925,27,-87,0.001869,51,2026-07-12 23:22:33.0025,446,1.037,0.0011,"aoml_navis",1028.98054556255
"7901009",116,0,1,0.028035,1,0.005607,1,110.039518477251,1,4.85912812643015,448,1,11.2799997329712,35.3349990844727,0.0280349999666214,0.0131890568882227,106.109703063965,-86.8876,27.0845,11.9206738921536,63,63,63,63,61,63,0,7818,1.13366707078925,27,-87,0.001869,51,2026-07-12 23:22:33.0025,448,1.037,0.0011,"aoml_navis",1028.99118317206
"7901009",116,0,1,0.029904,1,0.007476,1,109.78647842142,1,4.8590806267083,450,1,11.2580003738403,35.3310012817383,0.0299040004611015,0.0148376896977425,105.865699768066,-86.8876,27.0845,11.9206738921536,63,63,63,63,61,63,0,7818,1.13366707078925,27,-87,0.001869,51,2026-07-12 23:22:33.0025,450,1.037,0.0011,"aoml_navis",1029.00124202861
"7901009",116,0,1,0.026166,1,0.003738,1,109.618689650736,1,4.8590250420695,452,1,11.2150001525879,35.3240013122559,0.0261659994721413,0.0115404240787029,105.703903198242,-86.8876,27.0845,11.9206738921536,63,63,63,63,61,63,0,7818,1.13366707078925,27,-87,0.001869,51,2026-07-12 23:22:33.0025,452,1.037,0.0011,"aoml_navis",1029.01301325059
"7901009",116,0,1,0.028035,1,0.005607,1,109.472983138692,1,4.85896412664342,454,1,11.1619997024536,35.3160018920898,0.0280349999666214,0.0131890568882227,105.563400268555,-86.8876,27.0845,11.9206738921536,63,63,63,63,61,63,0,7818,1.13366707078925,27,-87,0.001869,51,2026-07-12 23:22:33.0025,454,1.037,0.0011,"aoml_navis",1029.02591368873
"7901009",116,0,1,0.022428,1,0,1,109.539562216605,1,4.85888451411926,456,1,11.076000213623,35.3050003051758,0.0224280003458261,0.00824316125363111,105.627601623535,-86.8876,27.0845,11.9206738921536,63,63,63,63,61,63,0,7818,1.13366707078925,27,-87,0.001869,51,2026-07-12 23:22:33.0025,456,1.037,0.0011,"aoml_navis",1029.04277421509
"7901009",116,0,1,0.022428,1,0,1,109.462610569334,1,4.85881401443352,458,1,11.0120000839233,35.2970008850098,0.0224280003458261,0.00824316125363111,105.553398132324,-86.8876,27.0845,11.9206738921536,63,63,63,63,61,63,0,7818,1.13366707078925,27,-87,0.001869,51,2026-07-12 23:22:33.0025,458,1.037,0.0011,"aoml_navis",1029.05770526451
"7901009",116,0,1,0.026166,1,0.003738,1,109.358077856632,1,4.85875521525264,460,1,10.9689998626709,35.2910003662109,0.0261659994721413,0.0115404240787029,105.452598571777,-86.8876,27.0845,11.9206738921536,63,63,63,63,61,63,0,7818,1.13366707078925,27,-87,0.001869,51,2026-07-12 23:22:33.0025,460,1.037,0.0011,"aoml_navis",1029.07015860852
"7901009",116,0,1,0.031773,1,0.009345,1,109.216525119503,1,4.85869551923681,462,1,10.9289999008179,35.2859992980957,0.0317730009555817,0.0164863225072622,105.316101074219,-86.8876,27.0845,11.9206738921536,63,63,63,63,61,63,0,7818,1.13366707078925,27,-87,0.001869,51,2026-07-12 23:22:33.0025,462,1.037,0.0011,"aoml_navis",1029.0828022056
"7901009",116,0,1,0.029904,1,0.007476,1,109.001652321171,1,4.85864474098721,464,1,10.9029998779297,35.2820014953613,0.0299040004611015,0.0148376896977425,105.108901977539,-86.8876,27.0845,11.9206738921536,63,63,63,63,61,63,0,7818,1.13366707078925,27,-87,0.001869,51,2026-07-12 23:22:33.0025,464,1.037,0.0011,"aoml_navis",1029.09355726718
"7901009",116,0,1,0.026166,1,0.003738,1,108.814669154406,1,4.85858524099339,466,1,10.8590002059937,35.2760009765625,0.0261659994721413,0.0115404240787029,104.928596496582,-86.8876,27.0845,11.9206738921536,63,63,63,63,61,63,0,7818,1.13366707078925,27,-87,0.001869,51,2026-07-12 23:22:33.0025,466,1.037,0.0011,"aoml_navis",1029.10615991945
"7901009",116,0,1,0.028035,1,0.005607,1,108.567855804971,1,4.85853117054626,468,1,10.8210000991821,35.2700004577637,0.0280349999666214,0.0131890568882227,104.69059753418,-86.8876,27.0845,11.9206738921536,63,63,63,63,61,63,0,7818,1.13366707078925,27,-87,0.001869,51,2026-07-12 23:22:33.0025,468,1.037,0.0011,"aoml_navis",1029.11761281092
"7901009",116,0,1,0.029904,1,0.007476,1,108.352674440502,1,4.85845581102324,470,1,10.7589998245239,35.2639999389648,0.0299040004611015,0.0148376896977425,104.483100891113,-86.8876,27.0845,11.9206738921536,63,63,63,63,61,63,0,7818,1.13366707078925,27,-87,0.001869,51,2026-07-12 23:22:33.0025,470,1.037,0.0011,"aoml_navis",1029.13357545737
"7901009",116,0,1,0.028035,1,0.005607,1,107.993653784713,1,4.8584079988196,472,1,10.7320003509521,35.2589988708496,0.0280349999666214,0.0131890568882227,104.136901855469,-86.8876,27.0845,11.9206738921536,63,63,63,63,61,63,0,7818,1.13366707078925,27,-87,0.001869,51,2026-07-12 23:22:33.0025,472,1.037,0.0011,"aoml_navis",1029.14370329021
"7901009",116,0,1,0.033642,1,0.011214,1,107.877086992687,1,4.8583443816001,474,1,10.6829996109009,35.2529983520508,0.0336420014500618,0.0181349534541368,104.02449798584,-86.8876,27.0845,11.9206738921536,63,63,63,63,61,63,0,7818,1.13366707078925,27,-87,0.001869,51,2026-07-12 23:22:33.0025,474,1.037,0.0011,"aoml_navis",1029.15717933385
"7901009",116,0,1,0.026166,1,0.003738,1,108.075471282597,1,4.85828153882462,476.100006103516,1,10.6330003738403,35.2459983825684,0.0261659994721413,0.0115404240787029,104.215797424316,-86.8876,27.0845,11.9206738921536,63,63,63,63,61,63,0,7818,1.13366707078925,27,-87,0.001869,51,2026-07-12 23:22:33.0025,476.100006103516,1.037,0.0011,"aoml_navis",1029.17049167341
"7901009",116,0,1,0.028035,1,0.005607,1,108.351321496673,1,4.8582374549539,478,1,10.6160001754761,35.2430000305176,0.0280349999666214,0.0131890568882227,104.481796264648,-86.8876,27.0845,11.9206738921536,63,63,63,63,61,63,0,7818,1.13366707078925,27,-87,0.001869,51,2026-07-12 23:22:33.0025,478,1.037,0.0011,"aoml_navis",1029.17983041392
"7901009",116,0,1,0.024297,1,0.001869,1,108.76759303871,1,4.85819067801852,480,1,10.5900001525879,35.2379989624023,0.0242970008403063,0.00989179313182831,104.883201599121,-86.8876,27.0845,11.9206738921536,63,63,63,63,61,63,0,7818,1.13366707078925,27,-87,0.001869,51,2026-07-12 23:22:33.0025,480,1.037,0.0011,"aoml_navis",1029.18973983938
"7901009",116,0,1,0.029904,1,0.007476,1,109.331533256941,1,4.85814817684503,482,1,10.5729999542236,35.234001159668,0.0299040004611015,0.0148376896977425,105.427001953125,-86.8876,27.0845,11.9206738921536,63,63,63,63,61,63,0,7818,1.13366707078925,27,-87,0.001869,51,2026-07-12 23:22:33.0025,482,1.037,0.0011,"aoml_navis",1029.19874363468
"7901009",116,0,1,0.026166,1,0.003738,1,109.981547603351,1,4.8580742390327,484,1,10.4910001754761,35.2229995727539,0.0261659994721413,0.0115404240787029,106.053802490234,-86.8876,27.0845,11.9206738921536,63,63,63,63,61,63,0,7818,1.13366707078925,27,-87,0.001869,51,2026-07-12 23:22:33.0025,484,1.037,0.0011,"aoml_navis",1029.21440759941
"7901009",116,0,1,0.028035,1,0.005607,1,110.356953912183,1,4.85798750941199,486,1,10.3730001449585,35.2070007324219,0.0280349999666214,0.0131890568882227,106.415802001953,-86.8876,27.0845,11.9206738921536,63,63,63,63,61,63,0,7818,1.13366707078925,27,-87,0.001869,51,2026-07-12 23:22:33.0025,486,1.037,0.0011,"aoml_navis",1029.23278215781
"7901009",116,0,1,0.028035,1,0.005607,1,110.315052213237,1,4.85794847037377,488,1,10.3640003204346,35.2039985656738,0.0280349999666214,0.0131890568882227,106.375396728516,-86.8876,27.0845,11.9206738921536,63,63,63,63,61,63,0,7818,1.13366707078925,27,-87,0.001869,51,2026-07-12 23:22:33.0025,488,1.037,0.0011,"aoml_navis",1029.24105319201
"7901009",116,0,1,0.024297,1,0.001869,1,110.187503631533,1,4.85790176208233,490,1,10.3420000076294,35.2000007629395,0.0242970008403063,0.00989179313182831,106.252403259277,-86.8876,27.0845,11.9206738921536,63,63,63,63,61,63,0,7818,1.13366707078925,27,-87,0.001869,51,2026-07-12 23:22:33.0025,490,1.037,0.0011,"aoml_navis",1029.25094925278
"7901009",116,0,1,0.029904,1,0.007476,1,109.988802863534,1,4.85783065486373,492,1,10.2749996185303,35.1920013427734,0.0299040004611015,0.0148376896977425,106.06079864502,-86.8876,27.0845,11.9206738921536,63,63,63,63,61,63,0,7818,1.13366707078925,27,-87,0.001869,51,2026-07-12 23:22:33.0025,492,1.037,0.0011,"aoml_navis",1029.26601506661
"7901009",116,0,1,0.028035,1,0.005607,1,109.390849162718,1,4.85777730640539,494,1,10.2410001754761,35.1870002746582,0.0280349999666214,0.0131890568882227,105.484199523926,-86.8876,27.0845,11.9206738921536,63,63,63,63,61,63,0,7818,1.13366707078925,27,-87,0.001869,51,2026-07-12 23:22:33.0025,494,1.037,0.0011,"aoml_navis",1029.27731853971
"7901009",116,0,1,0.028035,1,0.005607,1,108.530835780543,1,4.85772469469652,496,1,10.2290000915527,35.1870002746582,0.0280349999666214,0.0131890568882227,104.654899597168,-86.8876,27.0845,11.9206738921536,63,63,63,63,61,63,0,7818,1.13366707078925,27,-87,0.001869,51,2026-07-12 23:22:33.0025,496,1.037,0.0011,"aoml_navis",1029.28846615347
"7901009",116,0,1,0.029904,1,0.007476,1,108.206453651564,1,4.85767142791534,498,1,10.2119998931885,35.1860008239746,0.0299040004611015,0.0148376896977425,104.342102050781,-86.8876,27.0845,11.9206738921536,63,63,63,63,61,63,0,7818,1.13366707078925,27,-87,0.001869,51,2026-07-12 23:22:33.0025,498,1.037,0.0011,"aoml_navis",1029.29975281299
"7901009",116,0,1,0.026166,1,0.003738,1,108.378182574452,1,4.8576058590112,500,1,10.1680002212524,35.181999206543,0.0261659994721413,0.0115404240787029,104.507698059082,-86.8876,27.0845,11.9206738921536,63,63,63,63,61,63,0,7818,1.13366707078925,27,-87,0.001869,51,2026-07-12 23:22:33.0025,500,1.037,0.0011,"aoml_navis",1029.31364650029
"7901009",116,0,1,0.028035,1,0.005607,1,108.605192307487,1,4.8575627680973,502,1,10.1499996185303,35.1780014038086,0.0280349999666214,0.0131890568882227,104.726600646973,-86.8876,27.0845,11.9206738921536,63,63,63,63,61,63,0,7818,1.13366707078925,27,-87,0.001869,51,2026-07-12 23:22:33.0025,502,1.037,0.0011,"aoml_navis",1029.32277743031
"7901009",116,0,1,0.029904,1,0.007476,1,109.18997260786,1,4.85750550536532,504,1,10.1070003509521,35.1720008850098,0.0299040004611015,0.0148376896977425,105.290496826172,-86.8876,27.0845,11.9206738921536,63,63,63,63,61,63,0,7818,1.13366707078925,27,-87,0.001869,51,2026-07-12 23:22:33.0025,504,1.037,0.0011,"aoml_navis",1029.33491160788
"7901009",116,0,1,0.028035,1,0.005607,1,109.823601301226,1,4.85743069993526,505.799987792969,1,10,35.1570014953613,0.0280349999666214,0.0131890568882227,105.901496887207,-86.8876,27.0845,11.9206738921536,63,63,63,63,61,63,0,7818,1.13366707078925,27,-87,0.001869,51,2026-07-12 23:22:33.0025,505.799987792969,1.037,0.0011,"aoml_navis",1029.35076357685
"7901009",116,0,1,0.028035,1,0.005607,1,109.874934047215,1,4.85737428014608,508,1,9.95400047302246,35.148998260498,0.0280349999666214,0.0131890568882227,105.950996398926,-86.8876,27.0845,11.9206738921536,63,63,63,63,61,63,0,7818,1.13366707078925,27,-87,0.001869,51,2026-07-12 23:22:33.0025,508,1.037,0.0011,"aoml_navis",1029.36271977988
"7901009",116,0,1,0.029904,1,0.007476,1,109.906257466046,1,4.85731625211689,510,1,9.91399955749512,35.1440010070801,0.0299040004611015,0.0148376896977425,105.981201171875,-86.8876,27.0845,11.9206738921536,63,63,63,63,61,63,0,7818,1.13366707078925,27,-87,0.001869,51,2026-07-12 23:22:33.0025,510,1.037,0.0011,"aoml_navis",1029.37501708293
"7901009",116,0,1,0.031773,1,0.009345,1,110.267453908695,1,4.85723703429097,512,1,9.82299995422363,35.132999420166,0.0317730009555817,0.0164863225072622,106.329498291016,-86.8876,27.0845,11.9206738921536,63,63,63,63,61,63,0,7818,1.13366707078925,27,-87,0.001869,51,2026-07-12 23:22:33.0025,512,1.037,0.0011,"aoml_navis",1029.39180540319
"7901009",116,0,1,0.029904,1,0.007476,1,110.495602962848,1,4.85716661551013,514,1,9.74199962615967,35.1220016479492,0.0299040004611015,0.0148376896977425,106.549499511719,-86.8876,27.0845,11.9206738921536,63,63,63,63,61,63,0,7818,1.13366707078925,27,-87,0.001869,51,2026-07-12 23:22:33.0025,514,1.037,0.0011,"aoml_navis",1029.40672943641
"7901009",116,0,1,0.028035,1,0.005607,1,110.533873075726,1,4.85711065130612,516,1,9.70400047302246,35.117000579834,0.0280349999666214,0.0131890568882227,106.586402893066,-86.8876,27.0845,11.9206738921536,63,63,63,63,61,63,0,7818,1.13366707078925,27,-87,0.001869,51,2026-07-12 23:22:33.0025,516,1.037,0.0011,"aoml_navis",1029.41859038263
"7901009",116,0,1,0.028035,1,0.005607,1,110.470925583881,1,4.85706675512878,518,1,9.68900012969971,35.1139984130859,0.0280349999666214,0.0131890568882227,106.525703430176,-86.8876,27.0845,11.9206738921536,63,63,63,63,61,63,0,7818,1.13366707078925,27,-87,0.001869,51,2026-07-12 23:22:33.0025,518,1.037,0.0011,"aoml_navis",1029.42789384566
"7901009",116,0,1,0.028035,1,0.005607,1,110.608743879563,1,4.85700120800342,520,1,9.62199974060059,35.1049995422363,0.0280349999666214,0.0131890568882227,106.658599853516,-86.8876,27.0845,11.9206738921536,63,63,63,63,61,63,0,7818,1.13366707078925,27,-87,0.001869,51,2026-07-12 23:22:33.0025,520,1.037,0.0011,"aoml_navis",1029.44178637653
"7901009",116,0,1,0.022428,1,0,1,110.648256168939,1,4.85693520616627,522,1,9.5629997253418,35.0979995727539,0.0224280003458261,0.00824316125363111,106.696701049805,-86.8876,27.0845,11.9206738921536,63,63,63,63,61,63,0,7818,1.13366707078925,27,-87,0.001869,51,2026-07-12 23:22:33.0025,522,1.037,0.0011,"aoml_navis",1029.45577566118
"7901009",116,0,1,0.024297,1,0.001869,1,110.620358625419,1,4.85688836361067,524,1,9.53999996185303,35.0940017700195,0.0242970008403063,0.00989179313182831,106.669799804688,-86.8876,27.0845,11.9206738921536,63,63,63,63,61,63,0,7818,1.13366707078925,27,-87,0.001869,51,2026-07-12 23:22:33.0025,524,1.037,0.0011,"aoml_navis",1029.4657043101
"7901009",116,0,1,0.028035,1,0.005607,1,110.716599612197,1,4.85682805747123,526,1,9.49199962615967,35.0880012512207,0.0280349999666214,0.0131890568882227,106.762603759766,-86.8876,27.0845,11.9206738921536,63,63,63,63,61,63,0,7818,1.13366707078925,27,-87,0.001869,51,2026-07-12 23:22:33.0025,526,1.037,0.0011,"aoml_navis",1029.47848695375
"7901009",116,0,1,0.029904,1,0.007476,1,110.766270848221,1,4.85678677745597,528,1,9.47999954223633,35.0849990844727,0.0299040004611015,0.0148376896977425,106.810501098633,-86.8876,27.0845,11.9206738921536,63,63,63,63,61,63,0,7818,1.13366707078925,27,-87,0.001869,51,2026-07-12 23:22:33.0025,528,1.037,0.0011,"aoml_navis",1029.48723695444
"7901009",116,0,1,0.028035,1,0.005607,1,110.937999771109,1,4.85672955007176,530,1,9.4399995803833,35.0800018310547,0.0280349999666214,0.0131890568882227,106.976097106934,-86.8876,27.0845,11.9206738921536,63,63,63,63,61,63,0,7818,1.13366707078925,27,-87,0.001869,51,2026-07-12 23:22:33.0025,530,1.037,0.0011,"aoml_navis",1029.499367517
"7901009",116,0,1,0.029904,1,0.007476,1,111.255332350662,1,4.85665941197743,532,1,9.37100028991699,35.0719985961914,0.0299040004611015,0.0148376896977425,107.282096862793,-86.8876,27.0845,11.9206738921536,63,63,63,63,61,63,0,7818,1.13366707078925,27,-87,0.001869,51,2026-07-12 23:22:33.0025,532,1.037,0.0011,"aoml_navis",1029.51423516936
"7901009",116,0,1,0.028035,1,0.005607,1,111.221738201545,1,4.85660815282234,534,1,9.33800029754639,35.0670013427734,0.0280349999666214,0.0131890568882227,107.249702453613,-86.8876,27.0845,11.9206738921536,63,63,63,63,61,63,0,7818,1.13366707078925,27,-87,0.001869,51,2026-07-12 23:22:33.0025,534,1.037,0.0011,"aoml_navis",1029.52510119523
"7901009",116,0,1,0.028035,1,0.005607,1,111.151424682185,1,4.85655657904434,536,1,9.30900001525879,35.0629997253418,0.0280349999666214,0.0131890568882227,107.181900024414,-86.8876,27.0845,11.9206738921536,63,63,63,63,61,63,0,7818,1.13366707078925,27,-87,0.001869,51,2026-07-12 23:22:33.0025,536,1.037,0.0011,"aoml_navis",1029.53603414703
"7901009",116,0,1,0.028035,1,0.005607,1,110.822580212155,1,4.85650921679911,538,1,9.29399967193604,35.0610008239746,0.0280349999666214,0.0131890568882227,106.864799499512,-86.8876,27.0845,11.9206738921536,63,63,63,63,61,63,0,7818,1.13366707078925,27,-87,0.001869,51,2026-07-12 23:22:33.0025,538,1.037,0.0011,"aoml_navis",1029.5460745147
"7901009",116,0,1,0.029904,1,0.007476,1,110.695854473482,1,4.8564578140156,540,1,9.28299999237061,35.0610008239746,0.0299040004611015,0.0148376896977425,106.742599487305,-86.8876,27.0845,11.9206738921536,63,63,63,63,61,63,0,7818,1.13366707078925,27,-87,0.001869,51,2026-07-12 23:22:33.0025,540,1.037,0.0011,"aoml_navis",1029.55697166155
"7901009",116,0,1,0.029904,1,0.007476,1,110.761602796412,1,4.85639357961807,542,1,9.24300003051758,35.0579986572266,0.0299040004611015,0.0148376896977425,106.805999755859,-86.8876,27.0845,11.9206738921536,63,63,63,63,61,63,0,7818,1.13366707078925,27,-87,0.001869,51,2026-07-12 23:22:33.0025,542,1.037,0.0011,"aoml_navis",1029.57058937411
"7901009",116,0,1,0.029904,1,0.007476,1,110.824447432879,1,4.8563441750805,544,1,9.2209997177124,35.0550003051758,0.0299040004611015,0.0148376896977425,106.866600036621,-86.8876,27.0845,11.9206738921536,63,63,63,63,61,63,0,7818,1.13366707078925,27,-87,0.001869,51,2026-07-12 23:22:33.0025,544,1.037,0.0011,"aoml_navis",1029.58106339675
"7901009",116,0,1,0.028035,1,0.005607,1,110.8275568301,1,4.85628947516358,546,1,9.19699954986572,35.0530014038086,0.0280349999666214,0.0131890568882227,106.869598388672,-86.8876,27.0845,11.9206738921536,63,63,63,63,61,63,0,7818,1.13366707078925,27,-87,0.001869,51,2026-07-12 23:22:33.0025,546,1.037,0.0011,"aoml_navis",1029.59266031636
"7901009",116,0,1,0.028035,1,0.005607,1,110.763778583272,1,4.85624589682361,548,1,9.19099998474121,35.0519981384277,0.0280349999666214,0.0131890568882227,106.808097839355,-86.8876,27.0845,11.9206738921536,63,63,63,63,61,63,0,7818,1.13366707078925,27,-87,0.001869,51,2026-07-12 23:22:33.0025,548,1.037,0.0011,"aoml_navis",1029.6018995394
"7901009",116,0,1,0.026166,1,0.003738,1,110.686312659107,1,4.8561998459023,550,1,9.18200016021729,35.0509986877441,0.0261659994721413,0.0115404240787029,106.7333984375,-86.8876,27.0845,11.9206738921536,63,63,63,63,61,63,0,7818,1.13366707078925,27,-87,0.001869,51,2026-07-12 23:22:33.0025,550,1.037,0.0011,"aoml_navis",1029.61166316478
"7901009",116,0,1,0.028035,1,0.005607,1,110.578361983047,1,4.85614190364427,552,1,9.1540002822876,35.048999786377,0.0280349999666214,0.0131890568882227,106.629302978516,-86.8876,27.0845,11.9206738921536,63,63,63,63,61,63,0,7818,1.13366707078925,27,-87,0.001869,51,2026-07-12 23:22:33.0025,552,1.037,0.0011,"aoml_navis",1029.62394823096
"7901009",116,0,1,0.028035,1,0.005607,1,110.416681239475,1,4.85609339014172,554,1,9.13300037384033,35.0460014343262,0.0280349999666214,0.0131890568882227,106.47339630127,-86.8876,27.0845,11.9206738921536,63,63,63,63,61,63,0,7818,1.13366707078925,27,-87,0.001869,51,2026-07-12 23:22:33.0025,554,1.037,0.0011,"aoml_navis",1029.6342344137
"7901009",116,0,1,0.028035,1,0.005607,1,110.177439628312,1,4.85603673775769,556,1,9.10200023651123,35.0429992675781,0.0280349999666214,0.0131890568882227,106.242698669434,-86.8876,27.0845,11.9206738921536,63,63,63,63,61,63,0,7818,1.13366707078925,27,-87,0.001869,51,2026-07-12 23:22:33.0025,556,1.037,0.0011,"aoml_navis",1029.64624652094
"7901009",116,0,1,0.026166,1,0.003738,1,109.899097149288,1,4.85597846886856,558,1,9.08699989318848,35.0439987182617,0.0261659994721413,0.0115404240787029,105.974296569824,-86.8876,27.0845,11.9206738921536,63,63,63,63,61,63,0,7818,1.13366707078925,27,-87,0.001869,51,2026-07-12 23:22:33.0025,558,1.037,0.0011,"aoml_navis",1029.65860167107
"7901009",116,0,1,0.031773,1,0.009345,1,109.744165300959,1,4.85592877628104,560,1,9.07800006866455,35.0439987182617,0.0317730009555817,0.0164863225072622,105.824897766113,-86.8876,27.0845,11.9206738921536,63,63,63,63,61,63,0,7818,1.13366707078925,27,-87,0.001869,51,2026-07-12 23:22:33.0025,560,1.037,0.0011,"aoml_navis",1029.6691385637
"7901009",116,0,1,0.029904,1,0.007476,1,109.54453883455,1,4.85586850039506,562,1,9.04699993133545,35.0419998168945,0.0299040004611015,0.0148376896977425,105.632400512695,-86.8876,27.0845,11.9206738921536,63,63,63,63,61,63,0,7818,1.13366707078925,27,-87,0.001869,51,2026-07-12 23:22:33.0025,562,1.037,0.0011,"aoml_navis",1029.68191984466
"7901009",116,0,1,0.029904,1,0.007476,1,109.348021765363,1,4.85580458920077,564,1,9.01599979400635,35.0410003662109,0.0299040004611015,0.0148376896977425,105.442901611328,-86.8876,27.0845,11.9206738921536,63,63,63,63,61,63,0,7818,1.13366707078925,27,-87,0.001869,51,2026-07-12 23:22:33.0025,564,1.037,0.0011,"aoml_navis",1029.69547232603
"7901009",116,0,1,0.031773,1,0.009345,1,109.296063975149,1,4.85575088701727,566,1,8.99300003051758,35.0390014648438,0.0317730009555817,0.0164863225072622,105.392799377441,-86.8876,27.0845,11.9206738921536,63,63,63,63,61,63,0,7818,1.13366707078925,27,-87,0.001869,51,2026-07-12 23:22:33.0025,566,1.037,0.0011,"aoml_navis",1029.7068602445
"7901009",116,0,1,0.031773,1,0.009345,1,109.397898712145,1,4.85569884173923,568,1,8.97200012207031,35.0369987487793,0.0317730009555817,0.0164863225072622,105.490997314453,-86.8876,27.0845,11.9206738921536,63,63,63,63,61,63,0,7818,1.13366707078925,27,-87,0.001869,51,2026-07-12 23:22:33.0025,568,1.037,0.0011,"aoml_navis",1029.71789704509
"7901009",116,0,1,0.029904,1,0.007476,1,109.425796255665,1,4.85564679897197,570,1,8.95100021362305,35.0349998474121,0.0299040004611015,0.0148376896977425,105.51789855957,-86.8876,27.0845,11.9206738921536,63,63,63,63,61,63,0,7818,1.13366707078925,27,-87,0.001869,51,2026-07-12 23:22:33.0025,570,1.037,0.0011,"aoml_navis",1029.72893354982
"7901009",116,0,1,0.033642,1,0.011214,1,109.446849960516,1,4.85559639233149,572,1,8.93200016021729,35.0330009460449,0.0336420014500618,0.0181349534541368,105.538200378418,-86.8876,27.0845,11.9206738921536,63,63,63,63,61,63,0,7818,1.13366707078925,27,-87,0.001869,51,2026-07-12 23:22:33.0025,572,1.037,0.0011,"aoml_navis",1029.73962331313
"7901009",116,0,1,0.031773,1,0.009345,1,109.47318884945,1,4.85553718710848,574,1,8.89299964904785,35.0289993286133,0.0317730009555817,0.0164863225072622,105.563598632812,-86.8876,27.0845,11.9206738921536,63,63,63,63,61,63,0,7818,1.13366707078925,27,-87,0.001869,51,2026-07-12 23:22:33.0025,574,1.037,0.0011,"aoml_navis",1029.75217927999
"7901009",116,0,1,0.031773,1,0.009345,1,109.409829936089,1,4.85548682226702,576,1,8.87399959564209,35.0270004272461,0.0317730009555817,0.0164863225072622,105.502502441406,-86.8876,27.0845,11.9206738921536,63,63,63,63,61,63,0,7818,1.13366707078925,27,-87,0.001869,51,2026-07-12 23:22:33.0025,576,1.037,0.0011,"aoml_navis",1029.76286066111
"7901009",116,0,1,0.029904,1,0.007476,1,109.362437342304,1,4.85543566455646,578,1,8.85400009155273,35.0250015258789,0.0299040004611015,0.0148376896977425,105.456802368164,-86.8876,27.0845,11.9206738921536,63,63,63,63,61,63,0,7818,1.13366707078925,27,-87,0.001869,51,2026-07-12 23:22:33.0025,578,1.037,0.0011,"aoml_navis",1029.77371042084
"7901009",116,0,1,0.029904,1,0.007476,1,109.532401899848,1,4.855373362324,580,1,8.81099987030029,35.0209999084473,0.0299040004611015,0.0148376896977425,105.620697021484,-86.8876,27.0845,11.9206738921536,63,63,63,63,61,63,0,7818,1.13366707078925,27,-87,0.001869,51,2026-07-12 23:22:33.0025,580,1.037,0.0011,"aoml_navis",1029.7869240702
"7901009",116,0,1,0.028035,1,0.005607,1,109.643367029703,1,4.85530825254973,582,1,8.76900005340576,35.0180015563965,0.0280349999666214,0.0131890568882227,105.727699279785,-86.8876,27.0845,11.9206738921536,63,63,63,63,61,63,0,7818,1.13366707078925,27,-87,0.001869,51,2026-07-12 23:22:33.0025,582,1.037,0.0011,"aoml_navis",1029.80073353206
"7901009",116,0,1,0.031773,1,0.009345,1,109.744268156337,1,4.85525845824481,584,1,8.74600028991699,35.0149993896484,0.0317730009555817,0.0164863225072622,105.824996948242,-86.8876,27.0845,11.9206738921536,63,63,63,63,61,63,0,7818,1.13366707078925,27,-87,0.001869,51,2026-07-12 23:22:33.0025,584,1.037,0.0011,"aoml_navis",1029.81129490839
"7901009",116,0,1,0.026166,1,0.003738,1,109.808149258544,1,4.85521427732453,586,1,8.72999954223633,35.0120010375977,0.0261659994721413,0.0115404240787029,105.886596679688,-86.8876,27.0845,11.9206738921536,63,63,63,63,61,63,0,7818,1.13366707078925,27,-87,0.001869,51,2026-07-12 23:22:33.0025,586,1.037,0.0011,"aoml_navis",1029.82066586673
"7901009",116,0,1,0.024297,1,0.001869,1,110.064718045064,1,4.8551485201101,588,1,8.6870002746582,35.0089988708496,0.0242970008403063,0.00989179313182831,106.134002685547,-86.8876,27.0845,11.9206738921536,63,63,63,63,61,63,0,7818,1.13366707078925,27,-87,0.001869,51,2026-07-12 23:22:33.0025,588,1.037,0.0011,"aoml_navis",1029.8346135633
"7901009",116,0,1,0.033642,1,0.011214,1,110.223898611735,1,4.85509496156305,590,1,8.64999961853027,35.0040016174316,0.0336420014500618,0.0181349534541368,106.287498474121,-86.8876,27.0845,11.9206738921536,63,63,63,63,61,63,0,7818,1.13366707078925,27,-87,0.001869,51,2026-07-12 23:22:33.0025,590,1.037,0.0011,"aoml_navis",1029.84597409199
"7901009",116,0,1,0.031773,1,0.009345,1,110.364312027745,1,4.85503302413731,592,1,8.60700035095215,35,0.0317730009555817,0.0164863225072622,106.422897338867,-86.8876,27.0845,11.9206738921536,63,63,63,63,61,63,0,7818,1.13366707078925,27,-87,0.001869,51,2026-07-12 23:22:33.0025,592,1.037,0.0011,"aoml_navis",1029.85911221241
"7901009",116,0,1,0.026166,1,0.003738,1,110.600657864397,1,4.85497354628962,594,1,8.56700038909912,34.9959983825684,0.0261659994721413,0.0115404240787029,106.650802612305,-86.8876,27.0845,11.9206738921536,63,63,63,63,61,63,0,7818,1.13366707078925,27,-87,0.001869,51,2026-07-12 23:22:33.0025,594,1.037,0.0011,"aoml_navis",1029.8717289245
"7901009",116,0,1,0.029904,1,0.007476,1,110.788978151086,1,4.85491966859899,596,1,8.53400039672852,34.992000579834,0.0299040004611015,0.0148376896977425,106.832397460938,-86.8876,27.0845,11.9206738921536,63,63,63,63,61,63,0,7818,1.13366707078925,27,-87,0.001869,51,2026-07-12 23:22:33.0025,596,1.037,0.0011,"aoml_navis",1029.8831579726
"7901009",116,0,1,0.029904,1,0.007476,1,110.939969847211,1,4.85486296413398,598,1,8.5019998550415,34.9889984130859,0.0299040004611015,0.0148376896977425,106.977996826172,-86.8876,27.0845,11.9206738921536,63,63,63,63,61,63,0,7818,1.13366707078925,27,-87,0.001869,51,2026-07-12 23:22:33.0025,598,1.037,0.0011,"aoml_navis",1029.89518693694
"7901009",116,0,1,0.029904,1,0.007476,1,111.024596088133,1,4.85481157869604,600,1,8.48600006103516,34.9879989624023,0.0299040004611015,0.0148376896977425,107.059600830078,-86.8876,27.0845,11.9206738921536,63,63,63,63,61,63,0,7818,1.13366707078925,27,-87,0.001869,51,2026-07-12 23:22:33.0025,600,1.037,0.0011,"aoml_navis",1029.90608779568
"7901009",116,0,1,0.029904,1,0.007476,1,111.110875927069,1,4.85475282336876,602,1,8.45600032806396,34.9860000610352,0.0299040004611015,0.0148376896977425,107.142799377441,-86.8876,27.0845,11.9206738921536,63,63,63,63,61,63,0,7818,1.13366707078925,27,-87,0.001869,51,2026-07-12 23:22:33.0025,602,1.037,0.0011,"aoml_navis",1029.91855237863
"7901009",116,0,1,0.028035,1,0.005607,1,111.210843443341,1,4.85470698634989,604,1,8.44699954986572,34.9850006103516,0.0280349999666214,0.0131890568882227,107.239196777344,-86.8876,27.0845,11.9206738921536,63,63,63,63,61,63,0,7818,1.13366707078925,27,-87,0.001869,51,2026-07-12 23:22:33.0025,604,1.037,0.0011,"aoml_navis",1029.92827663104
"7901009",116,0,1,0.029904,1,0.007476,1,111.568313356496,1,4.85466009795319,606,1,8.43200016021729,34.9830017089844,0.0299040004611015,0.0148376896977425,107.58390045166,-86.8876,27.0845,11.9206738921536,63,63,63,63,61,63,0,7818,1.13366707078925,27,-87,0.001869,51,2026-07-12 23:22:33.0025,606,1.037,0.0011,"aoml_navis",1029.93822412162
"7901009",116,0,1,0.028035,1,0.005607,1,112.062976521108,1,4.854598284946,608,1,8.38399982452393,34.9780006408691,0.0280349999666214,0.0131890568882227,108.060897827148,-86.8876,27.0845,11.9206738921536,63,63,63,63,61,63,0,7818,1.13366707078925,27,-87,0.001869,51,2026-07-12 23:22:33.0025,608,1.037,0.0011,"aoml_navis",1029.95133819927
"7901009",116,0,1,0.029904,1,0.007476,1,112.40178213898,1,4.85453970903529,610,1,8.34000015258789,34.9729995727539,0.0299040004611015,0.0148376896977425,108.387603759766,-86.8876,27.0845,11.9206738921536,63,63,63,63,61,63,0,7818,1.13366707078925,27,-87,0.001869,51,2026-07-12 23:22:33.0025,610,1.037,0.0011,"aoml_navis",1029.96376581161
"7901009",116,0,1,0.035511,1,0.013083,1,112.716519598206,1,4.85448848262886,612,1,8.3100004196167,34.9690017700195,0.0355109982192516,0.0197835862636566,108.691101074219,-86.8876,27.0845,11.9206738921536,63,63,63,63,61,63,0,7818,1.13366707078925,27,-87,0.001869,51,2026-07-12 23:22:33.0025,612,1.037,0.0011,"aoml_navis",1029.9746343805
"7901009",116,0,1,0.033642,1,0.011214,1,112.888248521094,1,4.85444144874469,614,1,8.28999996185303,34.9659996032715,0.0336420014500618,0.0181349534541368,108.85669708252,-86.8876,27.0845,11.9206738921536,63,63,63,63,61,63,0,7818,1.13366707078925,27,-87,0.001869,51,2026-07-12 23:22:33.0025,614,1.037,0.0011,"aoml_navis",1029.9846136352
"7901009",116,0,1,0.028035,1,0.005607,1,113.058015279833,1,4.85438605130035,616,1,8.26399993896484,34.9640007019043,0.0280349999666214,0.0131890568882227,109.020401000977,-86.8876,27.0845,11.9206738921536,63,63,63,63,61,63,0,7818,1.13366707078925,27,-87,0.001869,51,2026-07-12 23:22:33.0025,616,1.037,0.0011,"aoml_navis",1029.9963676479
"7901009",116,0,1,0.031773,1,0.009345,1,113.187336138833,1,4.85432947204822,618,1,8.22700023651123,34.9599990844727,0.0317730009555817,0.0164863225072622,109.14510345459,-86.8876,27.0845,11.9206738921536,63,63,63,63,61,63,0,7818,1.13366707078925,27,-87,0.001869,51,2026-07-12 23:22:33.0025,618,1.037,0.0011,"aoml_navis",1030.00837268887
"7901009",116,0,1,0.029904,1,0.007476,1,113.364872434649,1,4.85427336086471,620,1,8.19999980926514,34.9580001831055,0.0299040004611015,0.0148376896977425,109.316299438477,-86.8876,27.0845,11.9206738921536,63,63,63,63,61,63,0,7818,1.13366707078925,27,-87,0.001869,51,2026-07-12 23:22:33.0025,620,1.037,0.0011,"aoml_navis",1030.02027869097
"7901009",116,0,1,0.029904,1,0.007476,1,113.536814980248,1,4.85422194276984,622,1,8.17899990081787,34.9560012817383,0.0299040004611015,0.0148376896977425,109.48210144043,-86.8876,27.0845,11.9206738921536,63,63,63,63,61,63,0,7818,1.13366707078925,27,-87,0.001869,51,2026-07-12 23:22:33.0025,622,1.037,0.0011,"aoml_navis",1030.0311891275
"7901009",116,0,1,0.028035,1,0.005607,1,113.748364758648,1,4.85417210858374,624,1,8.15999984741211,34.9539985656738,0.0280349999666214,0.0131890568882227,109.686096191406,-86.8876,27.0845,11.9206738921536,63,63,63,63,61,63,0,7818,1.13366707078925,27,-87,0.001869,51,2026-07-12 23:22:33.0025,624,1.037,0.0011,"aoml_navis",1030.04176369404
"7901009",116,0,1,0.026166,1,0.003738,1,113.908589703012,1,4.85412227374414,626,1,8.14099979400635,34.9519996643066,0.0261659994721413,0.0115404240787029,109.840599060059,-86.8876,27.0845,11.9206738921536,63,63,63,63,61,63,0,7818,1.13366707078925,27,-87,0.001869,51,2026-07-12 23:22:33.0025,626,1.037,0.0011,"aoml_navis",1030.05233861638
"7901009",116,0,1,0.029904,1,0.007476,1,114.133107171098,1,4.85406838106895,628,1,8.11200046539307,34.9490013122559,0.0299040004611015,0.0148376896977425,110.057098388672,-86.8876,27.0845,11.9206738921536,63,63,63,63,61,63,0,7818,1.13366707078925,27,-87,0.001869,51,2026-07-12 23:22:33.0025,628,1.037,0.0011,"aoml_navis",1030.06377485331
"7901009",116,0,1,0.029904,1,0.007476,1,114.344973427587,1,4.85401376160322,630,1,8.08199977874756,34.9459991455078,0.0299040004611015,0.0148376896977425,110.26139831543,-86.8876,27.0845,11.9206738921536,63,63,63,63,61,63,0,7818,1.13366707078925,27,-87,0.001869,51,2026-07-12 23:22:33.0025,630,1.037,0.0011,"aoml_navis",1030.07536557716
"7901009",116,0,1,0.031773,1,0.009345,1,114.512975820981,1,4.85396707454081,632,1,8.06700038909912,34.9440002441406,0.0317730009555817,0.0164863225072622,110.423400878906,-86.8876,27.0845,11.9206738921536,63,63,63,63,61,63,0,7818,1.13366707078925,27,-87,0.001869,51,2026-07-12 23:22:33.0025,632,1.037,0.0011,"aoml_navis",1030.08527318307
"7901009",116,0,1,0.029904,1,0.007476,1,114.716858917682,1,4.85391035862927,634,1,8.03899955749512,34.9420013427734,0.0299040004611015,0.0148376896977425,110.620002746582,-86.8876,27.0845,11.9206738921536,63,63,63,63,61,63,0,7818,1.13366707078925,27,-87,0.001869,51,2026-07-12 23:22:33.0025,634,1.037,0.0011,"aoml_navis",1030.09730929847
"7901009",116,0,1,0.029904,1,0.007476,1,114.863593983515,1,4.85386216713231,636,1,8.02200031280518,34.939998626709,0.0299040004611015,0.0148376896977425,110.761497497559,-86.8876,27.0845,11.9206738921536,63,63,63,63,61,63,0,7818,1.13366707078925,27,-87,0.001869,51,2026-07-12 23:22:33.0025,636,1.037,0.0011,"aoml_navis",1030.107536604
"7901009",116,0,1,0.029904,1,0.007476,1,115.089978672324,1,4.8538031913135,638,1,7.99100017547607,34.9379997253418,0.0299040004611015,0.0148376896977425,110.979797363281,-86.8876,27.0845,11.9206738921536,63,63,63,63,61,63,0,7818,1.13366707078925,27,-87,0.001869,51,2026-07-12 23:22:33.0025,638,1.037,0.0011,"aoml_navis",1030.12005285837
"7901009",116,0,1,0.033642,1,0.011214,1,115.215462234499,1,4.85374716456117,640,1,7.95900011062622,34.935001373291,0.0336420014500618,0.0181349534541368,111.100799560547,-86.8876,27.0845,11.9206738921536,63,63,63,63,61,63,0,7818,1.13366707078925,27,-87,0.001869,51,2026-07-12 23:22:33.0025,640,1.037,0.0011,"aoml_navis",1030.13194352328
"7901009",116,0,1,0.033642,1,0.011214,1,115.283386344289,1,4.8536982343988,641.900024414062,1,7.94299983978271,34.9339981079102,0.0336420014500618,0.0181349534541368,111.166297912598,-86.8876,27.0845,11.9206738921536,63,63,63,63,61,63,0,7818,1.13366707078925,27,-87,0.001869,51,2026-07-12 23:22:33.0025,641.900024414062,1.037,0.0011,"aoml_navis",1030.14232828987
"7901009",116,0,1,0.031773,1,0.009345,1,115.384912515148,1,4.85364275385133,644,1,7.92399978637695,34.9329986572266,0.0317730009555817,0.0164863225072622,111.264198303223,-86.8876,27.0845,11.9206738921536,63,63,63,63,61,63,0,7818,1.13366707078925,27,-87,0.001869,51,2026-07-12 23:22:33.0025,644,1.037,0.0011,"aoml_navis",1030.15410354059
"7901009",116,0,1,0.033642,1,0.011214,1,115.534353468639,1,4.85359032805665,646,1,7.91099977493286,34.9329986572266,0.0336420014500618,0.0181349534541368,111.408302307129,-86.8876,27.0845,11.9206738921536,63,63,63,63,61,63,0,7818,1.13366707078925,27,-87,0.001869,51,2026-07-12 23:22:33.0025,646,1.037,0.0011,"aoml_navis",1030.16523069469
"7901009",116,0,1,0.028035,1,0.005607,1,115.726613907533,1,4.85353086776952,648,1,7.88399982452393,34.931999206543,0.0280349999666214,0.0131890568882227,111.593696594238,-86.8876,27.0845,11.9206738921536,63,63,63,63,61,63,0,7818,1.13366707078925,27,-87,0.001869,51,2026-07-12 23:22:33.0025,648,1.037,0.0011,"aoml_navis",1030.17785118111
"7901009",116,0,1,0.031773,1,0.009345,1,115.928321217374,1,4.85348213927383,650,1,7.87099981307983,34.9309997558594,0.0317730009555817,0.0164863225072622,111.788200378418,-86.8876,27.0845,11.9206738921536,63,63,63,63,61,63,0,7818,1.13366707078925,27,-87,0.001869,51,2026-07-12 23:22:33.0025,650,1.037,0.0011,"aoml_navis",1030.18819406804
"7901009",116,0,1,0.029904,1,0.007476,1,116.187991489164,1,4.85343876884809,652,1,7.86499977111816,34.9300003051758,0.0299040004611015,0.0148376896977425,112.038597106934,-86.8876,27.0845,11.9206738921536,63,63,63,63,61,63,0,7818,1.13366707078925,27,-87,0.001869,51,2026-07-12 23:22:33.0025,652,1.037,0.0011,"aoml_navis",1030.19739985031
"7901009",116,0,1,0.024297,1,0.001869,1,116.616914242798,1,4.85339512853909,654,1,7.84899997711182,34.9269981384277,0.0242970008403063,0.00989179313182831,112.452201843262,-86.8876,27.0845,11.9206738921536,63,63,63,63,61,63,0,7818,1.13366707078925,27,-87,0.001869,51,2026-07-12 23:22:33.0025,654,1.037,0.0011,"aoml_navis",1030.20666308392
"7901009",116,0,1,0.031773,1,0.009345,1,116.962761498144,1,4.85333317327241,656,1,7.80900001525879,34.923999786377,0.0317730009555817,0.0164863225072622,112.785697937012,-86.8876,27.0845,11.9206738921536,63,63,63,63,61,63,0,7818,1.13366707078925,27,-87,0.001869,51,2026-07-12 23:22:33.0025,656,1.037,0.0011,"aoml_navis",1030.219814196
"7901009",116,0,1,0.026166,1,0.003738,1,117.255313843351,1,4.8532804154121,658,1,7.7810001373291,34.9210014343262,0.0261659994721413,0.0115404240787029,113.067802429199,-86.8876,27.0845,11.9206738921536,63,63,63,63,61,63,0,7818,1.13366707078925,27,-87,0.001869,51,2026-07-12 23:22:33.0025,658,1.037,0.0011,"aoml_navis",1030.23101325899
"7901009",116,0,1,0.035511,1,0.013083,1,117.528260370962,1,4.85322402307651,660,1,7.75299978256226,34.9189987182617,0.0355109982192516,0.0197835862636566,113.331001281738,-86.8876,27.0845,11.9206738921536,63,63,63,63,61,63,0,7818,1.13366707078925,27,-87,0.001869,51,2026-07-12 23:22:33.0025,660,1.037,0.0011,"aoml_navis",1030.24298409173
"7901009",116,0,1,0.028035,1,0.005607,1,117.779536061449,1,4.85317436313729,662,1,7.72900009155273,34.9160003662109,0.0280349999666214,0.0131890568882227,113.573303222656,-86.8876,27.0845,11.9206738921536,63,63,63,63,61,63,0,7818,1.13366707078925,27,-87,0.001869,51,2026-07-12 23:22:33.0025,662,1.037,0.0011,"aoml_navis",1030.25352601752
"7901009",116,0,1,0.026166,1,0.003738,1,117.981029748581,1,4.85311034782089,664,1,7.68599987030029,34.9129981994629,0.0261659994721413,0.0115404240787029,113.767601013184,-86.8876,27.0845,11.9206738921536,63,63,63,63,61,63,0,7818,1.13366707078925,27,-87,0.001869,51,2026-07-12 23:22:33.0025,664,1.037,0.0011,"aoml_navis",1030.267115654
"7901009",116,0,1,0.033642,1,0.011214,1,118.071977639325,1,4.85304875912641,666,1,7.65100002288818,34.9109992980957,0.0336420014500618,0.0181349534541368,113.85530090332,-86.8876,27.0845,11.9206738921536,63,63,63,63,61,63,0,7818,1.13366707078925,27,-87,0.001869,51,2026-07-12 23:22:33.0025,666,1.037,0.0011,"aoml_navis",1030.28019048794
"7901009",116,0,1,0.029904,1,0.007476,1,118.368256514026,1,4.85299325337294,668,1,7.62400007247925,34.9090003967285,0.0299040004611015,0.0148376896977425,114.140998840332,-86.8876,27.0845,11.9206738921536,63,63,63,63,61,63,0,7818,1.13366707078925,27,-87,0.001869,51,2026-07-12 23:22:33.0025,668,1.037,0.0011,"aoml_navis",1030.29197424185
"7901009",116,0,1,0.028035,1,0.005607,1,118.904504899495,1,4.85292497986264,670,1,7.57999992370605,34.9070014953613,0.0280349999666214,0.0131890568882227,114.658096313477,-86.8876,27.0845,11.9206738921536,63,63,63,63,61,63,0,7818,1.13366707078925,27,-87,0.001869,51,2026-07-12 23:22:33.0025,670,1.037,0.0011,"aoml_navis",1030.3064689332
"7901009",116,0,1,0.029904,1,0.007476,1,119.344211644002,1,4.85285584649285,672,1,7.51999998092651,34.9020004272461,0.0299040004611015,0.0148376896977425,115.082099914551,-86.8876,27.0845,11.9206738921536,63,63,63,63,61,63,0,7818,1.13366707078925,27,-87,0.001869,51,2026-07-12 23:22:33.0025,672,1.037,0.0011,"aoml_navis",1030.32114659113
"7901009",116,0,1,0.029904,1,0.007476,1,119.532017653797,1,4.85278926512869,674,1,7.47800016403198,34.9000015258789,0.0299040004611015,0.0148376896977425,115.263198852539,-86.8876,27.0845,11.9206738921536,63,63,63,63,61,63,0,7818,1.13366707078925,27,-87,0.001869,51,2026-07-12 23:22:33.0025,674,1.037,0.0011,"aoml_navis",1030.33528282984
"7901009",116,0,1,0.028035,1,0.005607,1,119.665381520381,1,4.85273330723604,676,1,7.46000003814697,34.9000015258789,0.0280349999666214,0.0131890568882227,115.391799926758,-86.8876,27.0845,11.9206738921536,63,63,63,63,61,63,0,7818,1.13366707078925,27,-87,0.001869,51,2026-07-12 23:22:33.0025,676,1.037,0.0011,"aoml_navis",1030.34716384359
"7901009",116,0,1,0.029904,1,0.007476,1,119.828715861966,1,4.85268697693557,678,1,7.44500017166138,34.8979988098145,0.0299040004611015,0.0148376896977425,115.549301147461,-86.8876,27.0845,11.9206738921536,63,63,63,63,61,63,0,7818,1.13366707078925,27,-87,0.001869,51,2026-07-12 23:22:33.0025,678,1.037,0.0011,"aoml_navis",1030.35700092847
"7901009",116,0,1,0.031773,1,0.009345,1,119.801340507292,1,4.85262950350798,680,1,7.42000007629395,34.8969993591309,0.0317730009555817,0.0164863225072622,115.522903442383,-86.8876,27.0845,11.9206738921536,63,63,63,63,61,63,0,7818,1.13366707078925,27,-87,0.001869,51,2026-07-12 23:22:33.0025,680,1.037,0.0011,"aoml_navis",1030.36920423978
"7901009",116,0,1,0.035511,1,0.013083,1,119.750110616682,1,4.85257441494941,682,1,7.41300010681152,34.898998260498,0.0355109982192516,0.0197835862636566,115.473503112793,-86.8876,27.0845,11.9206738921536,63,63,63,63,61,63,0,7818,1.13366707078925,27,-87,0.001869,51,2026-07-12 23:22:33.0025,682,1.037,0.0011,"aoml_navis",1030.38090144407
"7901009",116,0,1,0.028035,1,0.005607,1,120.07024402732,1,4.8525296718924,684,1,7.40999984741211,34.898998260498,0.0280349999666214,0.0131890568882227,115.782203674316,-86.8876,27.0845,11.9206738921536,63,63,63,63,61,63,0,7818,1.13366707078925,27,-87,0.001869,51,2026-07-12 23:22:33.0025,684,1.037,0.0011,"aoml_navis",1030.3904021364
"7901009",116,0,1,0.033642,1,0.011214,1,120.64102808422,1,4.85247967274282,686,1,7.39499998092651,34.8979988098145,0.0336420014500618,0.0181349534541368,116.33260345459,-86.8876,27.0845,11.9206738921536,63,63,63,63,61,63,0,7818,1.13366707078925,27,-87,0.001869,51,2026-07-12 23:22:33.0025,686,1.037,0.0011,"aoml_navis",1030.40101910902
"7901009",116,0,1,0.029904,1,0.007476,1,121.221559666252,1,4.85241100192715,688,1,7.34000015258789,34.8940010070801,0.0299040004611015,0.0148376896977425,116.892402648926,-86.8876,27.0845,11.9206738921536,63,63,63,63,61,63,0,7818,1.13366707078925,27,-87,0.001869,51,2026-07-12 23:22:33.0025,688,1.037,0.0011,"aoml_navis",1030.41560123704
"7901009",116,0,1,0.026166,1,0.003738,1,121.398581685174,1,4.85236397009943,690,1,7.31899976730347,34.890998840332,0.0261659994721413,0.0115404240787029,117.063102722168,-86.8876,27.0845,11.9206738921536,63,63,63,63,61,63,0,7818,1.13366707078925,27,-87,0.001869,51,2026-07-12 23:22:33.0025,690,1.037,0.0011,"aoml_navis",1030.42558860183
"7901009",116,0,1,0.029904,1,0.007476,1,121.646534355729,1,4.85229997425652,692,1,7.28999996185303,34.890998840332,0.0299040004611015,0.0148376896977425,117.302200317383,-86.8876,27.0845,11.9206738921536,63,63,63,63,61,63,0,7818,1.13366707078925,27,-87,0.001869,51,2026-07-12 23:22:33.0025,692,1.037,0.0011,"aoml_navis",1030.43917864252
"7901009",116,0,1,0.033642,1,0.011214,1,121.906204627519,1,4.85224854805498,694,1,7.26800012588501,34.8889999389648,0.0336420014500618,0.0181349534541368,117.552597045898,-86.8876,27.0845,11.9206738921536,63,63,63,63,61,63,0,7818,1.13366707078925,27,-87,0.001869,51,2026-07-12 23:22:33.0025,694,1.037,0.0011,"aoml_navis",1030.45009967683
"7901009",116,0,1,0.029904,1,0.007476,1,122.094018549266,1,4.85219566380606,696,1,7.24399995803833,34.8870010375977,0.0299040004611015,0.0148376896977425,117.733703613281,-86.8876,27.0845,11.9206738921536,63,63,63,63,61,63,0,7818,1.13366707078925,27,-87,0.001869,51,2026-07-12 23:22:33.0025,696,1.037,0.0011,"aoml_navis",1030.46133058822
"7901009",116,0,1,0.031773,1,0.009345,1,122.255794236264,1,4.85215092733546,698,1,7.24100017547607,34.8870010375977,0.0317730009555817,0.0164863225072622,117.889701843262,-86.8876,27.0845,11.9206738921536,63,63,63,63,61,63,0,7818,1.13366707078925,27,-87,0.001869,51,2026-07-12 23:22:33.0025,698,1.037,0.0011,"aoml_navis",1030.47083136504
"7901009",116,0,1,0.028035,1,0.005607,1,122.511010078955,1,4.85210470850982,700,1,7.23099994659424,34.8860015869141,0.0280349999666214,0.0131890568882227,118.135803222656,-86.8876,27.0845,11.9206738921536,63,63,63,63,61,63,0,7818,1.13366707078925,27,-87,0.001869,51,2026-07-12 23:22:33.0025,700,1.037,0.0011,"aoml_navis",1030.48064713665
"7901009",116,0,1,0.028035,1,0.005607,1,122.925200777559,1,4.85205187210531,702,1,7.21199989318848,34.8849983215332,0.0280349999666214,0.0131890568882227,118.535202026367,-86.8876,27.0845,11.9206738921536,63,63,63,63,61,63,0,7818,1.13366707078925,27,-87,0.001869,51,2026-07-12 23:22:33.0025,702,1.037,0.0011,"aoml_navis",1030.49186855261
"7901009",116,0,1,0.033642,1,0.011214,1,123.503342950022,1,4.85199241885909,704,1,7.17399978637695,34.8819999694824,0.0336420014500618,0.0181349534541368,119.092697143555,-86.8876,27.0845,11.9206738921536,63,63,63,63,61,63,0,7818,1.13366707078925,27,-87,0.001869,51,2026-07-12 23:22:33.0025,704,1.037,0.0011,"aoml_navis",1030.50449554818
"7901009",116,0,1,0.028035,1,0.005607,1,123.864958726138,1,4.85193815109121,706,1,7.14799976348877,34.8800010681152,0.0280349999666214,0.0131890568882227,119.441398620605,-86.8876,27.0845,11.9206738921536,63,63,63,63,61,63,0,7818,1.13366707078925,27,-87,0.001869,51,2026-07-12 23:22:33.0025,706,1.037,0.0011,"aoml_navis",1030.51602149452
"7901009",116,0,1,0.031773,1,0.009345,1,124.325822030875,1,4.85187361275945,708,1,7.11800003051758,34.8800010681152,0.0317730009555817,0.0164863225072622,119.885803222656,-86.8876,27.0845,11.9206738921536,63,63,63,63,61,63,0,7818,1.13366707078925,27,-87,0.001869,51,2026-07-12 23:22:33.0025,708,1.037,0.0011,"aoml_navis",1030.52972914443
"7901009",116,0,1,0.028035,1,0.005607,1,124.723207742969,1,4.85182014816879,710,1,7.09299993515015,34.8779983520508,0.0280349999666214,0.0131890568882227,120.268997192383,-86.8876,27.0845,11.9206738921536,63,63,63,63,61,63,0,7818,1.13366707078925,27,-87,0.001869,51,2026-07-12 23:22:33.0025,710,1.037,0.0011,"aoml_navis",1030.54108505797
"7901009",116,0,1,0.028035,1,0.005607,1,125.144661613709,1,4.85176008835348,712,1,7.06400012969971,34.8769989013672,0.0280349999666214,0.0131890568882227,120.675399780273,-86.8876,27.0845,11.9206738921536,63,63,63,63,61,63,0,7818,1.13366707078925,27,-87,0.001869,51,2026-07-12 23:22:33.0025,712,1.037,0.0011,"aoml_navis",1030.55384209998
"7901009",116,0,1,0.028035,1,0.005607,1,125.370215547535,1,4.85169926228173,714,1,7.04400014877319,34.8779983520508,0.0280349999666214,0.0131890568882227,120.89289855957,-86.8876,27.0845,11.9206738921536,63,63,63,63,61,63,0,7818,1.13366707078925,27,-87,0.001869,51,2026-07-12 23:22:33.0025,714,1.037,0.0011,"aoml_navis",1030.56676222106
"7901009",116,0,1,0.028035,1,0.005607,1,125.584257590885,1,4.85165019202205,716,1,7.03000020980835,34.8769989013672,0.0280349999666214,0.0131890568882227,121.099296569824,-86.8876,27.0845,11.9206738921536,63,63,63,63,61,63,0,7818,1.13366707078925,27,-87,0.001869,51,2026-07-12 23:22:33.0025,716,1.037,0.0011,"aoml_navis",1030.57718551554
"7901009",116,0,1,0.033642,1,0.011214,1,125.742203893009,1,4.8515959879337,718,1,7.01399993896484,34.8769989013672,0.0336420014500618,0.0181349534541368,121.251602172852,-86.8876,27.0845,11.9206738921536,63,63,63,63,61,63,0,7818,1.13366707078925,27,-87,0.001869,51,2026-07-12 23:22:33.0025,718,1.037,0.0011,"aoml_navis",1030.58869956101
"7901009",116,0,1,0.028035,1,0.005607,1,125.930943513166,1,4.8515454763688,720,1,6.9980001449585,34.8759994506836,0.0280349999666214,0.0131890568882227,121.433601379395,-86.8876,27.0845,11.9206738921536,63,63,63,63,61,63,0,7818,1.13366707078925,27,-87,0.001869,51,2026-07-12 23:22:33.0025,720,1.037,0.0011,"aoml_navis",1030.59942947135
"7901009",116,0,1,0.031773,1,0.009345,1,126.12206463094,1,4.85150006742465,722,1,6.98899984359741,34.875,0.0317730009555817,0.0164863225072622,121.617897033691,-86.8876,27.0845,11.9206738921536,63,63,63,63,61,63,0,7818,1.13366707078925,27,-87,0.001869,51,2026-07-12 23:22:33.0025,722,1.037,0.0011,"aoml_navis",1030.60907564909
"7901009",116,0,1,0.029904,1,0.007476,1,126.364937828171,1,4.85144952394745,724,1,6.97800016403198,34.875,0.0299040004611015,0.0148376896977425,121.852096557617,-86.8876,27.0845,11.9206738921536,63,63,63,63,61,63,0,7818,1.13366707078925,27,-87,0.001869,51,2026-07-12 23:22:33.0025,724,1.037,0.0011,"aoml_navis",1030.61981276303
"7901009",116,0,1,0.026166,1,0.003738,1,126.563013551945,1,4.85139171530968,726,1,6.95699977874756,34.875,0.0261659994721413,0.0115404240787029,122.043098449707,-86.8876,27.0845,11.9206738921536,63,63,63,63,61,63,0,7818,1.13366707078925,27,-87,0.001869,51,2026-07-12 23:22:33.0025,726,1.037,0.0011,"aoml_navis",1030.63209351274
"7901009",116,0,1,0.031773,1,0.009345,1,126.839385954867,1,4.85133827916575,728,1,6.94199991226196,34.875,0.0317730009555817,0.0164863225072622,122.309600830078,-86.8876,27.0845,11.9206738921536,63,63,63,63,61,63,0,7818,1.13366707078925,27,-87,0.001869,51,2026-07-12 23:22:33.0025,728,1.037,0.0011,"aoml_navis",1030.64344563905
"7901009",116,0,1,0.029904,1,0.007476,1,127.019311660253,1,4.85129071078489,730,1,6.92999982833862,34.8740005493164,0.0299040004611015,0.0148376896977425,122.483100891113,-86.8876,27.0845,11.9206738921536,63,63,63,63,61,63,0,7818,1.13366707078925,27,-87,0.001869,51,2026-07-12 23:22:33.0025,730,1.037,0.0011,"aoml_navis",1030.65355141149
"7901009",116,0,1,0.028035,1,0.005607,1,127.28157705237,1,4.85123946480897,732,1,6.91800022125244,34.8740005493164,0.0280349999666214,0.0131890568882227,122.736000061035,-86.8876,27.0845,11.9206738921536,63,63,63,63,61,63,0,7818,1.13366707078925,27,-87,0.001869,51,2026-07-12 23:22:33.0025,732,1.037,0.0011,"aoml_navis",1030.6644387007
"7901009",116,0,1,0.028035,1,0.005607,1,127.678037066054,1,4.85118610895382,734,1,6.89799976348877,34.8730010986328,0.0280349999666214,0.0131890568882227,123.118301391602,-86.8876,27.0845,11.9206738921536,63,63,63,63,61,63,0,7818,1.13366707078925,27,-87,0.001869,51,2026-07-12 23:22:33.0025,734,1.037,0.0011,"aoml_navis",1030.67577448153
"7901009",116,0,1,0.029904,1,0.007476,1,128.015798306233,1,4.85111823555193,736,1,6.86299991607666,34.8730010986328,0.0299040004611015,0.0148376896977425,123.444000244141,-86.8876,27.0845,11.9206738921536,63,63,63,63,61,63,0,7818,1.13366707078925,27,-87,0.001869,51,2026-07-12 23:22:33.0025,736,1.037,0.0011,"aoml_navis",1030.69019496515
"7901009",116,0,1,0.031773,1,0.009345,1,128.225797341999,1,4.85106347776653,738,1,6.84100008010864,34.8720016479492,0.0317730009555817,0.0164863225072622,123.646499633789,-86.8876,27.0845,11.9206738921536,63,63,63,63,61,63,0,7818,1.13366707078925,27,-87,0.001869,51,2026-07-12 23:22:33.0025,738,1.037,0.0011,"aoml_navis",1030.70182917953
"7901009",116,0,1,0.026166,1,0.003738,1,128.428327494872,1,4.85101091579183,740,1,6.82200002670288,34.8709983825684,0.0261659994721413,0.0115404240787029,123.841796875,-86.8876,27.0845,11.9206738921536,63,63,63,63,61,63,0,7818,1.13366707078925,27,-87,0.001869,51,2026-07-12 23:22:33.0025,740,1.037,0.0011,"aoml_navis",1030.712997104
"7901009",116,0,1,0.031773,1,0.009345,1,128.548312250255,1,4.85095899360659,742,1,6.80900001525879,34.8709983825684,0.0317730009555817,0.0164863225072622,123.957496643066,-86.8876,27.0845,11.9206738921536,63,63,63,63,61,63,0,7818,1.13366707078925,27,-87,0.001869,51,2026-07-12 23:22:33.0025,742,1.037,0.0011,"aoml_navis",1030.72402932901
"7901009",116,0,1,0.028035,1,0.005607,1,128.747527295149,1,4.85091292201321,744,1,6.79899978637695,34.8699989318848,0.0280349999666214,0.0131890568882227,124.149597167969,-86.8876,27.0845,11.9206738921536,63,63,63,63,61,63,0,7818,1.13366707078925,27,-87,0.001869,51,2026-07-12 23:22:33.0025,744,1.037,0.0011,"aoml_navis",1030.73381864066
"7901009",116,0,1,0.033642,1,0.011214,1,129.018503746658,1,4.85086029043211,746,1,6.78499984741211,34.8699989318848,0.0336420014500618,0.0181349534541368,124.41089630127,-86.8876,27.0845,11.9206738921536,63,63,63,63,61,63,0,7818,1.13366707078925,27,-87,0.001869,51,2026-07-12 23:22:33.0025,746,1.037,0.0011,"aoml_navis",1030.74500204882
"7901009",116,0,1,0.028035,1,0.005607,1,129.223011887584,1,4.85080838525233,748,1,6.77199983596802,34.8699989318848,0.0280349999666214,0.0131890568882227,124.608100891113,-86.8876,27.0845,11.9206738921536,63,63,63,63,61,63,0,7818,1.13366707078925,27,-87,0.001869,51,2026-07-12 23:22:33.0025,748,1.037,0.0011,"aoml_navis",1030.75603134547
"7901009",116,0,1,0.028035,1,0.005607,1,129.484652235476,1,4.85075729373683,750,1,6.75500011444092,34.8689994812012,0.0280349999666214,0.0131890568882227,124.860397338867,-86.8876,27.0845,11.9206738921536,63,63,63,63,61,63,0,7818,1.13366707078925,27,-87,0.001869,51,2026-07-12 23:22:33.0025,750,1.037,0.0011,"aoml_navis",1030.76688797765
"7901009",116,0,1,0.031773,1,0.009345,1,129.792450912607,1,4.85070037446172,752,1,6.7350001335144,34.8689994812012,0.0317730009555817,0.0164863225072622,125.157203674316,-86.8876,27.0845,11.9206738921536,63,63,63,63,61,63,0,7818,1.13366707078925,27,-87,0.001869,51,2026-07-12 23:22:33.0025,752,1.037,0.0011,"aoml_navis",1030.77898324216
"7901009",116,0,1,0.029904,1,0.007476,1,130.027333038098,1,4.85064858811017,754,1,6.71700000762939,34.8680000305176,0.0299040004611015,0.0148376896977425,125.383697509766,-86.8876,27.0845,11.9206738921536,63,63,63,63,61,63,0,7818,1.13366707078925,27,-87,0.001869,51,2026-07-12 23:22:33.0025,754,1.037,0.0011,"aoml_navis",1030.78998801437
"7901009",116,0,1,0.035511,1,0.013083,1,130.287841976823,1,4.8505968135901,756,1,6.69899988174438,34.867000579834,0.0355109982192516,0.0197835862636566,125.634902954102,-86.8876,27.0845,11.9206738921536,63,63,63,63,61,63,0,7818,1.13366707078925,27,-87,0.001869,51,2026-07-12 23:22:33.0025,756,1.037,0.0011,"aoml_navis",1030.80099050725
"7901009",116,0,1,0.033642,1,0.011214,1,130.545233606374,1,4.85054208347537,758,1,6.68200016021729,34.867000579834,0.0336420014500618,0.0181349534541368,125.883102416992,-86.8876,27.0845,11.9206738921536,63,63,63,63,61,63,0,7818,1.13366707078925,27,-87,0.001869,51,2026-07-12 23:22:33.0025,758,1.037,0.0011,"aoml_navis",1030.81262134263
"7901009",116,0,1,0.031773,1,0.009345,1,130.777734234247,1,4.85048593285972,760,1,6.66300010681152,34.867000579834,0.0317730009555817,0.0164863225072622,126.107299804688,-86.8876,27.0845,11.9206738921536,63,63,63,63,61,63,0,7818,1.13366707078925,27,-87,0.001869,51,2026-07-12 23:22:33.0025,760,1.037,0.0011,"aoml_navis",1030.82455432504
"7901009",116,0,1,0.031773,1,0.009345,1,131.007956219882,1,4.85043408347687,762,1,6.65000009536743,34.867000579834,0.0317730009555817,0.0164863225072622,126.329299926758,-86.8876,27.0845,11.9206738921536,63,63,63,63,61,63,0,7818,1.13366707078925,27,-87,0.001869,51,2026-07-12 23:22:33.0025,762,1.037,0.0011,"aoml_navis",1030.83557346602
"7901009",116,0,1,0.028035,1,0.005607,1,131.217021645287,1,4.85038152576553,764,1,6.63600015640259,34.867000579834,0.0280349999666214,0.0131890568882227,126.530899047852,-86.8876,27.0845,11.9206738921536,63,63,63,63,61,63,0,7818,1.13366707078925,27,-87,0.001869,51,2026-07-12 23:22:33.0025,764,1.037,0.0011,"aoml_navis",1030.8467433829
"7901009",116,0,1,0.031773,1,0.009345,1,131.430857977878,1,4.85033551414611,766,1,6.62599992752075,34.8660011291504,0.0317730009555817,0.0164863225072622,126.737098693848,-86.8876,27.0845,11.9206738921536,63,63,63,63,61,63,0,7818,1.13366707078925,27,-87,0.001869,51,2026-07-12 23:22:33.0025,766,1.037,0.0011,"aoml_navis",1030.85652227921
"7901009",116,0,1,0.026166,1,0.003738,1,131.607049241817,1,4.85028213908214,768,1,6.61600017547607,34.867000579834,0.0261659994721413,0.0115404240787029,126.906997680664,-86.8876,27.0845,11.9206738921536,63,63,63,63,61,63,0,7818,1.13366707078925,27,-87,0.001869,51,2026-07-12 23:22:33.0025,768,1.037,0.0011,"aoml_navis",1030.86786636832
"7901009",116,0,1,0.031773,1,0.009345,1,131.743316794865,1,4.85023328180219,770,1,6.60200023651123,34.8660011291504,0.0317730009555817,0.0164863225072622,127.038398742676,-86.8876,27.0845,11.9206738921536,63,63,63,63,61,63,0,7818,1.13366707078925,27,-87,0.001869,51,2026-07-12 23:22:33.0025,770,1.037,0.0011,"aoml_navis",1030.8782504874
"7901009",116,0,1,0.029904,1,0.007476,1,131.947199891567,1,4.85018502445926,772,1,6.5939998626709,34.8660011291504,0.0299040004611015,0.0148376896977425,127.235000610352,-86.8876,27.0845,11.9206738921536,63,63,63,63,61,63,0,7818,1.13366707078925,27,-87,0.001869,51,2026-07-12 23:22:33.0025,772,1.037,0.0011,"aoml_navis",1030.88850730132
"7901009",116,0,1,0.028035,1,0.005607,1,132.155434561988,1,4.85013534475413,774,1,6.58400011062622,34.8660011291504,0.0280349999666214,0.0131890568882227,127.43579864502,-86.8876,27.0845,11.9206738921536,63,63,63,63,61,63,0,7818,1.13366707078925,27,-87,0.001869,51,2026-07-12 23:22:33.0025,774,1.037,0.0011,"aoml_navis",1030.89906664315
"7901009",116,0,1,0.028035,1,0.005607,1,132.403703710632,1,4.85007712334611,776,1,6.56199979782104,34.8660011291504,0.0280349999666214,0.0131890568882227,127.675201416016,-86.8876,27.0845,11.9206738921536,63,63,63,63,61,63,0,7818,1.13366707078925,27,-87,0.001869,51,2026-07-12 23:22:33.0025,776,1.037,0.0011,"aoml_navis",1030.91144178558
"7901009",116,0,1,0.028035,1,0.005607,1,132.545881491987,1,4.85002745465492,778,1,6.55200004577637,34.8660011291504,0.0280349999666214,0.0131890568882227,127.812301635742,-86.8876,27.0845,11.9206738921536,63,63,63,63,61,63,0,7818,1.13366707078925,27,-87,0.001869,51,2026-07-12 23:22:33.0025,778,1.037,0.0011,"aoml_navis",1030.92199925614
"7901009",116,0,1,0.031773,1,0.009345,1,132.72497644239,1,4.84997921198877,780,1,6.54400014877319,34.8660011291504,0.0317730009555817,0.0164863225072622,127.985000610352,-86.8876,27.0845,11.9206738921536,63,63,63,63,61,63,0,7818,1.13366707078925,27,-87,0.001869,51,2026-07-12 23:22:33.0025,780,1.037,0.0011,"aoml_navis",1030.93225382088
"7901009",116,0,1,0.031773,1,0.009345,1,132.891728747333,1,4.84993168302197,782,1,6.53700017929077,34.8660011291504,0.0317730009555817,0.0164863225072622,128.145797729492,-86.8876,27.0845,11.9206738921536,63,63,63,63,61,63,0,7818,1.13366707078925,27,-87,0.001869,51,2026-07-12 23:22:33.0025,782,1.037,0.0011,"aoml_navis",1030.94235687966
"7901009",116,0,1,0.026166,1,0.003738,1,133.183236714847,1,4.84988202349946,784,1,6.52699995040894,34.8660011291504,0.0261659994721413,0.0115404240787029,128.426895141602,-86.8876,27.0845,11.9206738921536,63,63,63,63,61,63,0,7818,1.13366707078925,27,-87,0.001869,51,2026-07-12 23:22:33.0025,784,1.037,0.0011,"aoml_navis",1030.95291303441
"7901009",116,0,1,0.031773,1,0.009345,1,133.490315404326,1,4.84982739565637,786,1,6.51000022888184,34.8660011291504,0.0317730009555817,0.0164863225072622,128.723007202148,-86.8876,27.0845,11.9206738921536,63,63,63,63,61,63,0,7818,1.13366707078925,27,-87,0.001869,51,2026-07-12 23:22:33.0025,786,1.037,0.0011,"aoml_navis",1030.96452555778
"7901009",116,0,1,0.031773,1,0.009345,1,133.851717557733,1,4.84977929999542,788,1,6.49700021743774,34.8650016784668,0.0317730009555817,0.0164863225072622,129.071502685547,-86.8876,27.0845,11.9206738921536,63,63,63,63,61,63,0,7818,1.13366707078925,27,-87,0.001869,51,2026-07-12 23:22:33.0025,788,1.037,0.0011,"aoml_navis",1030.97474971793
"7901009",116,0,1,0.024297,1,0.001869,1,134.170078691075,1,4.8497174615979,790,1,6.47499990463257,34.8660011291504,0.0242970008403063,0.00989179313182831,129.378494262695,-86.8876,27.0845,11.9206738921536,63,63,63,63,61,63,0,7818,1.13366707078925,27,-87,0.001869,51,2026-07-12 23:22:33.0025,790,1.037,0.0011,"aoml_navis",1030.9878956026
"7901009",116,0,1,0.033642,1,0.011214,1,134.532319511416,1,4.84966144903828,792,1,6.45599985122681,34.8660011291504,0.0336420014500618,0.0181349534541368,129.727798461914,-86.8876,27.0845,11.9206738921536,63,63,63,63,61,63,0,7818,1.13366707078925,27,-87,0.001869,51,2026-07-12 23:22:33.0025,792,1.037,0.0011,"aoml_navis",1030.9998032938
"7901009",116,0,1,0.028035,1,0.005607,1,134.839176666233,1,4.84961550135026,794,1,6.44600009918213,34.8650016784668,0.0280349999666214,0.0131890568882227,130.023696899414,-86.8876,27.0845,11.9206738921536,63,63,63,63,61,63,0,7818,1.13366707078925,27,-87,0.001869,51,2026-07-12 23:22:33.0025,794,1.037,0.0011,"aoml_navis",1031.0095715027
"7901009",116,0,1,0.026166,1,0.003738,1,135.211687200554,1,4.84956799599667,796,1,6.43900012969971,34.8650016784668,0.0261659994721413,0.0115404240787029,130.382904052734,-86.8876,27.0845,11.9206738921536,63,63,63,63,61,63,0,7818,1.13366707078925,27,-87,0.001869,51,2026-07-12 23:22:33.0025,796,1.037,0.0011,"aoml_navis",1031.01967105679
"7901009",116,0,1,0.028035,1,0.005607,1,135.680533665079,1,4.84950282249173,798,1,6.40700006484985,34.8650016784668,0.0280349999666214,0.0131890568882227,130.835006713867,-86.8876,27.0845,11.9206738921536,63,63,63,63,61,63,0,7818,1.13366707078925,27,-87,0.001869,51,2026-07-12 23:22:33.0025,798,1.037,0.0011,"aoml_navis",1031.03352715051
"7901009",116,0,1,0.031773,1,0.009345,1,136.109852016323,1,4.84944332996405,800,1,6.38299989700317,34.8650016784668,0.0317730009555817,0.0164863225072622,131.248992919922,-86.8876,27.0845,11.9206738921536,63,63,63,63,61,63,0,7818,1.13366707078925,27,-87,0.001869,51,2026-07-12 23:22:33.0025,800,1.037,0.0011,"aoml_navis",1031.04617577562
"7901009",116,0,1,0.029904,1,0.007476,1,136.458610870086,1,4.84938738103536,802,1,6.36399984359741,34.8650016784668,0.0299040004611015,0.0148376896977425,131.585296630859,-86.8876,27.0845,11.9206738921536,63,63,63,63,61,63,0,7818,1.13366707078925,27,-87,0.001869,51,2026-07-12 23:22:33.0025,802,1.037,0.0011,"aoml_navis",1031.05807128415
"7901009",116,0,1,0.029904,1,0.007476,1,136.781022922963,1,4.84932494700542,804,1,6.34100008010864,34.8660011291504,0.0299040004611015,0.0148376896977425,131.896194458008,-86.8876,27.0845,11.9206738921536,63,63,63,63,61,63,0,7818,1.13366707078925,27,-87,0.001869,51,2026-07-12 23:22:33.0025,804,1.037,0.0011,"aoml_navis",1031.07134593808
"7901009",116,0,1,0.029904,1,0.007476,1,136.967080391318,1,4.84927692888634,806,1,6.32800006866455,34.8650016784668,0.0299040004611015,0.0148376896977425,132.075607299805,-86.8876,27.0845,11.9206738921536,63,63,63,63,61,63,0,7818,1.13366707078925,27,-87,0.001869,51,2026-07-12 23:22:33.0025,806,1.037,0.0011,"aoml_navis",1031.08155572964
"7901009",116,0,1,0.028035,1,0.005607,1,137.127297423729,1,4.84922576502479,808,1,6.32100009918213,34.8660011291504,0.0280349999666214,0.0131890568882227,132.230102539062,-86.8876,27.0845,11.9206738921536,63,63,63,63,61,63,0,7818,1.13366707078925,27,-87,0.001869,51,2026-07-12 23:22:33.0025,808,1.037,0.0011,"aoml_navis",1031.0924346032
"7901009",116,0,1,0.026166,1,0.003738,1,137.35243993604,1,4.84917547684144,810,1,6.30999994277954,34.8660011291504,0.0261659994721413,0.0115404240787029,132.447204589844,-86.8876,27.0845,11.9206738921536,63,63,63,63,61,63,0,7818,1.13366707078925,27,-87,0.001869,51,2026-07-12 23:22:33.0025,810,1.037,0.0011,"aoml_navis",1031.1031275067
"7901009",116,0,1,0.033642,1,0.011214,1,137.652556107568,1,4.84912378880068,812,1,6.29699993133545,34.8660011291504,0.0336420014500618,0.0181349534541368,132.736602783203,-86.8876,27.0845,11.9206738921536,63,63,63,63,61,63,0,7818,1.13366707078925,27,-87,0.001869,51,2026-07-12 23:22:33.0025,812,1.037,0.0011,"aoml_navis",1031.11411829654
"7901009",116,0,1,0.031773,1,0.009345,1,137.854880549682,1,4.84907859772915,814,1,6.28800010681152,34.8650016784668,0.0317730009555817,0.0164863225072622,132.931701660156,-86.8876,27.0845,11.9206738921536,63,63,63,63,61,63,0,7818,1.13366707078925,27,-87,0.001869,51,2026-07-12 23:22:33.0025,814,1.037,0.0011,"aoml_navis",1031.12372778233
"7901009",116,0,1,0.029904,1,0.007476,1,138.044245214064,1,4.84902744497312,816,1,6.2810001373291,34.8660011291504,0.0299040004611015,0.0148376896977425,133.114303588867,-86.8876,27.0845,11.9206738921536,63,63,63,63,61,63,0,7818,1.13366707078925,27,-87,0.001869,51,2026-07-12 23:22:33.0025,816,1.037,0.0011,"aoml_navis",1031.13460518426
"7901009",116,0,1,0.028035,1,0.005607,1,138.337715345728,1,4.84897945409475,818,1,6.26800012588501,34.8650016784668,0.0280349999666214,0.0131890568882227,133.39729309082,-86.8876,27.0845,11.9206738921536,63,63,63,63,61,63,0,7818,1.13366707078925,27,-87,0.001869,51,2026-07-12 23:22:33.0025,818,1.037,0.0011,"aoml_navis",1031.14481043588
"7901009",116,0,1,0.029904,1,0.007476,1,138.547002305795,1,4.84892848597144,820,1,6.25600004196167,34.8650016784668,0.0299040004611015,0.0148376896977425,133.599105834961,-86.8876,27.0845,11.9206738921536,63,63,63,63,61,63,0,7818,1.13366707078925,27,-87,0.001869,51,2026-07-12 23:22:33.0025,820,1.037,0.0011,"aoml_navis",1031.15564901929
"7901009",116,0,1,0.033642,1,0.011214,1,138.78717752732,1,4.84887752291718,822,1,6.24399995803833,34.8650016784668,0.0336420014500618,0.0181349534541368,133.830703735352,-86.8876,27.0845,11.9206738921536,63,63,63,63,61,63,0,7818,1.13366707078925,27,-87,0.001869,51,2026-07-12 23:22:33.0025,822,1.037,0.0011,"aoml_navis",1031.16648675257
"7901009",116,0,1,0.029904,1,0.007476,1,139.009408441215,1,4.84882726490972,824,1,6.23299980163574,34.8650016784668,0.0299040004611015,0.0148376896977425,134.044998168945,-86.8876,27.0845,11.9206738921536,63,63,63,63,61,63,0,7818,1.13366707078925,27,-87,0.001869,51,2026-07-12 23:22:33.0025,824,1.037,0.0011,"aoml_navis",1031.17717477467
"7901009",116,0,1,0.029904,1,0.007476,1,139.2651385608,1,4.84876633291841,826,1,6.21199989318848,34.8660011291504,0.0299040004611015,0.0148376896977425,134.291595458984,-86.8876,27.0845,11.9206738921536,63,63,63,63,61,63,0,7818,1.13366707078925,27,-87,0.001869,51,2026-07-12 23:22:33.0025,826,1.037,0.0011,"aoml_navis",1031.19013305609
"7901009",116,0,1,0.033642,1,0.011214,1,139.436780452214,1,4.84871748513821,828,1,6.20300006866455,34.8660011291504,0.0336420014500618,0.0181349534541368,134.457107543945,-86.8876,27.0845,11.9206738921536,63,63,63,63,61,63,0,7818,1.13366707078925,27,-87,0.001869,51,2026-07-12 23:22:33.0025,828,1.037,0.0011,"aoml_navis",1031.20052164835
"7901009",116,0,1,0.026166,1,0.003738,1,139.607267198604,1,4.84867423160772,830,1,6.2020001411438,34.8660011291504,0.0261659994721413,0.0115404240787029,134.621505737305,-86.8876,27.0845,11.9206738921536,63,63,63,63,61,63,0,7818,1.13366707078925,27,-87,0.001869,51,2026-07-12 23:22:33.0025,830,1.037,0.0011,"aoml_navis",1031.20972067082
"7901009",116,0,1,0.028035,1,0.005607,1,139.857189945261,1,4.84862189427288,832,1,6.18800020217896,34.8660011291504,0.0280349999666214,0.0131890568882227,134.862503051758,-86.8876,27.0845,11.9206738921536,63,63,63,63,61,63,0,7818,1.13366707078925,27,-87,0.001869,51,2026-07-12 23:22:33.0025,832,1.037,0.0011,"aoml_navis",1031.22085182718
"7901009",116,0,1,0.033642,1,0.011214,1,139.979350487505,1,4.84857026188396,834,1,6.17500019073486,34.8660011291504,0.0336420014500618,0.0181349534541368,134.98030090332,-86.8876,27.0845,11.9206738921536,63,63,63,63,61,63,0,7818,1.13366707078925,27,-87,0.001869,51,2026-07-12 23:22:33.0025,834,1.037,0.0011,"aoml_navis",1031.23183329042
"7901009",116,0,1,0.035511,1,0.013083,1,140.155328128734,1,4.84852352046498,836,1,6.16900014877319,34.8660011291504,0.0355109982192516,0.0197835862636566,135.149993896484,-86.8876,27.0845,11.9206738921536,63,63,63,63,61,63,0,7818,1.13366707078925,27,-87,0.001869,51,2026-07-12 23:22:33.0025,836,1.037,0.0011,"aoml_navis",1031.24177471671
"7901009",116,0,1,0.031773,1,0.009345,1,140.368650184431,1,4.84847678105596,838,1,6.16300010681152,34.8660011291504,0.0317730009555817,0.0164863225072622,135.355697631836,-86.8876,27.0845,11.9206738921536,63,63,63,63,61,63,0,7818,1.13366707078925,27,-87,0.001869,51,2026-07-12 23:22:33.0025,838,1.037,0.0011,"aoml_navis",1031.25171590716
"7901009",116,0,1,0.029904,1,0.007476,1,140.582177950887,1,4.84842725259592,840,1,6.15299987792969,34.8660011291504,0.0299040004611015,0.0148376896977425,135.561599731445,-86.8876,27.0845,11.9206738921536,63,63,63,63,61,63,0,7818,1.13366707078925,27,-87,0.001869,51,2026-07-12 23:22:33.0025,840,1.037,0.0011,"aoml_navis",1031.26225052112
"7901009",116,0,1,0.029904,1,0.007476,1,140.861548983699,1,4.84837703085808,842,1,6.14200019836426,34.8660011291504,0.0299040004611015,0.0148376896977425,135.830993652344,-86.8876,27.0845,11.9206738921536,63,63,63,63,61,63,0,7818,1.13366707078925,27,-87,0.001869,51,2026-07-12 23:22:33.0025,842,1.037,0.0011,"aoml_navis",1031.27293281378
"7901009",116,0,1,0.028035,1,0.005607,1,141.20067107966,1,4.84832890393759,844,1,6.13399982452393,34.8660011291504,0.0280349999666214,0.0131890568882227,136.158004760742,-86.8876,27.0845,11.9206738921536,63,63,63,63,61,63,0,7818,1.13366707078925,27,-87,0.001869,51,2026-07-12 23:22:33.0025,844,1.037,0.0011,"aoml_navis",1031.28316974107
"7901009",116,0,1,0.024297,1,0.001869,1,141.463870082139,1,4.84827291606104,846,1,6.11999988555908,34.867000579834,0.0242970008403063,0.00989179313182831,136.411804199219,-86.8876,27.0845,11.9206738921536,63,63,63,63,61,63,0,7818,1.13366707078925,27,-87,0.001869,51,2026-07-12 23:22:33.0025,846,1.037,0.0011,"aoml_navis",1031.29507900356
"7901009",116,0,1,0.031773,1,0.009345,1,141.717416502912,1,4.84821992259015,848,1,6.10500001907349,34.867000579834,0.0317730009555817,0.0164863225072622,136.656295776367,-86.8876,27.0845,11.9206738921536,63,63,63,63,61,63,0,7818,1.13366707078925,27,-87,0.001869,51,2026-07-12 23:22:33.0025,848,1.037,0.0011,"aoml_navis",1031.30635157507
"7901009",116,0,1,0.029904,1,0.007476,1,141.971184458347,1,4.84816832799319,850,1,6.09200000762939,34.867000579834,0.0299040004611015,0.0148376896977425,136.901000976562,-86.8876,27.0845,11.9206738921536,63,63,63,63,61,63,0,7818,1.13366707078925,27,-87,0.001869,51,2026-07-12 23:22:33.0025,850,1.037,0.0011,"aoml_navis",1031.31732682014
"7901009",116,0,1,0.028035,1,0.005607,1,142.184079268625,1,4.84811812955126,852,1,6.08099985122681,34.867000579834,0.0280349999666214,0.0131890568882227,137.106292724609,-86.8876,27.0845,11.9206738921536,63,63,63,63,61,63,0,7818,1.13366707078925,27,-87,0.001869,51,2026-07-12 23:22:33.0025,852,1.037,0.0011,"aoml_navis",1031.32800529817
"7901009",116,0,1,0.029904,1,0.007476,1,142.383713646985,1,4.84806425220503,854,1,6.07000017166138,34.8680000305176,0.0299040004611015,0.0148376896977425,137.298797607422,-86.8876,27.0845,11.9206738921536,63,63,63,63,61,63,0,7818,1.13366707078925,27,-87,0.001869,51,2026-07-12 23:22:33.0025,854,1.037,0.0011,"aoml_navis",1031.33946661822
"7901009",116,0,1,0.031773,1,0.009345,1,142.572761833278,1,4.84802121916601,856,1,6.06400012969971,34.867000579834,0.0317730009555817,0.0164863225072622,137.481094360352,-86.8876,27.0845,11.9206738921536,63,63,63,63,61,63,0,7818,1.13366707078925,27,-87,0.001869,51,2026-07-12 23:22:33.0025,856,1.037,0.0011,"aoml_navis",1031.34862121336
"7901009",116,0,1,0.031773,1,0.009345,1,142.805784649998,1,4.84796804279488,858,1,6.05399990081787,34.8680000305176,0.0317730009555817,0.0164863225072622,137.705795288086,-86.8876,27.0845,11.9206738921536,63,63,63,63,61,63,0,7818,1.13366707078925,27,-87,0.001869,51,2026-07-12 23:22:33.0025,858,1.037,0.0011,"aoml_navis",1031.35993386571
"7901009",116,0,1,0.029904,1,0.007476,1,142.946933877565,1,4.84792271978628,860,1,6.05000019073486,34.8680000305176,0.0299040004611015,0.0148376896977425,137.841903686523,-86.8876,27.0845,11.9206738921536,63,63,63,63,61,63,0,7818,1.13366707078925,27,-87,0.001869,51,2026-07-12 23:22:33.0025,860,1.037,0.0011,"aoml_navis",1031.36957600273
"7901009",116,0,1,0.029904,1,0.007476,1,143.183058179554,1,4.84788108147536,862,1,6.0460000038147,34.867000579834,0.0299040004611015,0.0148376896977425,138.069595336914,-86.8876,27.0845,11.9206738921536,63,63,63,63,61,63,0,7818,1.13366707078925,27,-87,0.001869,51,2026-07-12 23:22:33.0025,862,1.037,0.0011,"aoml_navis",1031.37843440631
"7901009",116,0,1,0.031773,1,0.009345,1,143.475610524761,1,4.84782444265199,864,1,6.0310001373291,34.8680000305176,0.0317730009555817,0.0164863225072622,138.351699829102,-86.8876,27.0845,11.9206738921536,63,63,63,63,61,63,0,7818,1.13366707078925,27,-87,0.001869,51,2026-07-12 23:22:33.0025,864,1.037,0.0011,"aoml_navis",1031.39048436019
"7901009",116,0,1,0.031773,1,0.009345,1,143.725849749507,1,4.84777496214564,866,1,6.02099990844727,34.8680000305176,0.0317730009555817,0.0164863225072622,138.593002319336,-86.8876,27.0845,11.9206738921536,63,63,63,63,61,63,0,7818,1.13366707078925,27,-87,0.001869,51,2026-07-12 23:22:33.0025,866,1.037,0.0011,"aoml_navis",1031.40101160698
"7901009",116,0,1,0.026166,1,0.003738,1,143.972876721652,1,4.84772548560018,868,1,6.01100015640259,34.8680000305176,0.0261659994721413,0.0115404240787029,138.831207275391,-86.8876,27.0845,11.9206738921536,63,63,63,63,61,63,0,7818,1.13366707078925,27,-87,0.001869,51,2026-07-12 23:22:33.0025,868,1.037,0.0011,"aoml_navis",1031.41153822595
"7901009",116,0,1,0.028035,1,0.005607,1,144.307631419989,1,4.84767670532839,870,1,6.0019998550415,34.8680000305176,0.0280349999666214,0.0131890568882227,139.154006958008,-86.8876,27.0845,11.9206738921536,63,63,63,63,61,63,0,7818,1.13366707078925,27,-87,0.001869,51,2026-07-12 23:22:33.0025,870,1.037,0.0011,"aoml_navis",1031.42191691624
"7901009",116,0,1,0.028035,1,0.005607,1,144.69879833764,1,4.84762308012237,872,1,5.98600006103516,34.8680000305176,0.0280349999666214,0.0131890568882227,139.531204223633,-86.8876,27.0845,11.9206738921536,63,63,63,63,61,63,0,7818,1.13366707078925,27,-87,0.001869,51,2026-07-12 23:22:33.0025,872,1.037,0.0011,"aoml_navis",1031.43332667559
"7901009",116,0,1,0.029904,1,0.007476,1,144.880899829886,1,4.84757223155748,874,1,5.97399997711182,34.8680000305176,0.0299040004611015,0.0148376896977425,139.706802368164,-86.8876,27.0845,11.9206738921536,63,63,63,63,61,63,0,7818,1.13366707078925,27,-87,0.001869,51,2026-07-12 23:22:33.0025,874,1.037,0.0011,"aoml_navis",1031.4441458861
"7901009",116,0,1,0.026166,1,0.003738,1,145.067052241667,1,4.84752484694461,876,1,5.96700000762939,34.8680000305176,0.0261659994721413,0.0115404240787029,139.886306762695,-86.8876,27.0845,11.9206738921536,63,63,63,63,61,63,0,7818,1.13366707078925,27,-87,0.001869,51,2026-07-12 23:22:33.0025,876,1.037,0.0011,"aoml_navis",1031.45422826486
"7901009",116,0,1,0.029904,1,0.007476,1,145.312196169185,1,4.84746755793354,878,1,5.95100021362305,34.8689994812012,0.0299040004611015,0.0148376896977425,140.122695922852,-86.8876,27.0845,11.9206738921536,63,63,63,63,61,63,0,7818,1.13366707078925,27,-87,0.001869,51,2026-07-12 23:22:33.0025,878,1.037,0.0011,"aoml_navis",1031.46641833978
"7901009",116,0,1,0.029904,1,0.007476,1,145.429799426951,1,4.84741879685081,880,1,5.94199991226196,34.8689994812012,0.0299040004611015,0.0148376896977425,140.236099243164,-86.8876,27.0845,11.9206738921536,63,63,63,63,61,63,0,7818,1.13366707078925,27,-87,0.001869,51,2026-07-12 23:22:33.0025,880,1.037,0.0011,"aoml_navis",1031.47679405137
"7901009",116,0,1,0.029904,1,0.007476,1,145.721212451038,1,4.84737142074915,882,1,5.93499994277954,34.8689994812012,0.0299040004611015,0.0148376896977425,140.517105102539,-86.8876,27.0845,11.9206738921536,63,63,63,63,61,63,0,7818,1.13366707078925,27,-87,0.001869,51,2026-07-12 23:22:33.0025,882,1.037,0.0011,"aoml_navis",1031.48687525728
"7901009",116,0,1,0.033642,1,0.011214,1,146.112996500962,1,4.84731921296865,884,1,5.9210000038147,34.8689994812012,0.0336420014500618,0.0181349534541368,140.894897460938,-86.8876,27.0845,11.9206738921536,63,63,63,63,61,63,0,7818,1.13366707078925,27,-87,0.001869,51,2026-07-12 23:22:33.0025,884,1.037,0.0011,"aoml_navis",1031.49798482899
"7901009",116,0,1,0.033642,1,0.011214,1,146.404931713896,1,4.84726701203094,886,1,5.90700006484985,34.8689994812012,0.0336420014500618,0.0181349534541368,141.176406860352,-86.8876,27.0845,11.9206738921536,63,63,63,63,61,63,0,7818,1.13366707078925,27,-87,0.001869,51,2026-07-12 23:22:33.0025,886,1.037,0.0011,"aoml_navis",1031.50909318385
"7901009",116,0,1,0.029904,1,0.007476,1,146.809153352705,1,4.84720768842316,888,1,5.88800001144409,34.8699989318848,0.0299040004611015,0.0148376896977425,141.566192626953,-86.8876,27.0845,11.9206738921536,63,63,63,63,61,63,0,7818,1.13366707078925,27,-87,0.001869,51,2026-07-12 23:22:33.0025,888,1.037,0.0011,"aoml_navis",1031.52171753271
"7901009",116,0,1,0.033642,1,0.011214,1,147.083049314583,1,4.84715688095637,890,1,5.87599992752075,34.8699989318848,0.0336420014500618,0.0181349534541368,141.830307006836,-86.8876,27.0845,11.9206738921536,63,63,63,63,61,63,0,7818,1.13366707078925,27,-87,0.001869,51,2026-07-12 23:22:33.0025,890,1.037,0.0011,"aoml_navis",1031.53252985149
"7901009",116,0,1,0.029904,1,0.007476,1,147.184876139626,1,4.84710308373763,892,1,5.86499977111816,34.8709983825684,0.0299040004611015,0.0148376896977425,141.928497314453,-86.8876,27.0845,11.9206738921536,63,63,63,63,61,63,0,7818,1.13366707078925,27,-87,0.001869,51,2026-07-12 23:22:33.0025,892,1.037,0.0011,"aoml_navis",1031.54397866539
"7901009",116,0,1,0.031773,1,0.009345,1,147.270958179756,1,4.84706216313807,894,1,5.86199998855591,34.8699989318848,0.0317730009555817,0.0164863225072622,142.011505126953,-86.8876,27.0845,11.9206738921536,63,63,63,63,61,63,0,7818,1.13366707078925,27,-87,0.001869,51,2026-07-12 23:22:33.0025,894,1.037,0.0011,"aoml_navis",1031.55268732161
"7901009",116,0,1,0.028035,1,0.005607,1,147.363353957756,1,4.84700906015825,896,1,5.85200023651123,34.8709983825684,0.0280349999666214,0.0131890568882227,142.100601196289,-86.8876,27.0845,11.9206738921536,63,63,63,63,61,63,0,7818,1.13366707078925,27,-87,0.001869,51,2026-07-12 23:22:33.0025,896,1.037,0.0011,"aoml_navis",1031.56398883165
"7901009",116,0,1,0.028035,1,0.005607,1,147.438438384304,1,4.84695895569343,898,1,5.84100008010864,34.8709983825684,0.0280349999666214,0.0131890568882227,142.173004150391,-86.8876,27.0845,11.9206738921536,63,63,63,63,61,63,0,7818,1.13366707078925,27,-87,0.001869,51,2026-07-12 23:22:33.0025,898,1.037,0.0011,"aoml_navis",1031.57465241722
"7901009",116,0,1,0.033642,1,0.011214,1,147.548667702603,1,4.84690790884105,900,1,5.83400011062622,34.8720016479492,0.0336420014500618,0.0181349534541368,142.279296875,-86.8876,27.0845,11.9206738921536,63,63,63,63,61,63,0,7818,1.13366707078925,27,-87,0.001869,51,2026-07-12 23:22:33.0025,900,1.037,0.0011,"aoml_navis",1031.58551679509
"7901009",116,0,1,0.028035,1,0.005607,1,147.747574181359,1,4.84686124870101,902,1,5.82800006866455,34.8720016479492,0.0280349999666214,0.0131890568882227,142.471099853516,-86.8876,27.0845,11.9206738921536,63,63,63,63,61,63,0,7818,1.13366707078925,27,-87,0.001869,51,2026-07-12 23:22:33.0025,902,1.037,0.0011,"aoml_navis",1031.59544774261
"7901009",116,0,1,0.029904,1,0.007476,1,147.955500285644,1,4.84682034971134,904,1,5.82499980926514,34.8709983825684,0.0299040004611015,0.0148376896977425,142.671600341797,-86.8876,27.0845,11.9206738921536,63,63,63,63,61,63,0,7818,1.13366707078925,27,-87,0.001869,51,2026-07-12 23:22:33.0025,904,1.037,0.0011,"aoml_navis",1031.60415266842
"7901009",116,0,1,0.031773,1,0.009345,1,148.256138646018,1,4.84676381122137,906,1,5.80999994277954,34.8720016479492,0.0317730009555817,0.0164863225072622,142.961502075195,-86.8876,27.0845,11.9206738921536,63,63,63,63,61,63,0,7818,1.13366707078925,27,-87,0.001869,51,2026-07-12 23:22:33.0025,906,1.037,0.0011,"aoml_navis",1031.6161865416
"7901009",116,0,1,0.029904,1,0.007476,1,148.613806357978,1,4.84670891796506,908,1,5.79199981689453,34.8720016479492,0.0299040004611015,0.0148376896977425,143.306396484375,-86.8876,27.0845,11.9206738921536,63,63,63,63,61,63,0,7818,1.13366707078925,27,-87,0.001869,51,2026-07-12 23:22:33.0025,908,1.037,0.0011,"aoml_navis",1031.62787050544
"7901009",116,0,1,0.026166,1,0.003738,1,148.93901924194,1,4.84664898243149,910,1,5.77199983596802,34.8730010986328,0.0261659994721413,0.0115404240787029,143.619995117188,-86.8876,27.0845,11.9206738921536,63,63,63,63,61,63,0,7818,1.13366707078925,27,-87,0.001869,51,2026-07-12 23:22:33.0025,910,1.037,0.0011,"aoml_navis",1031.6406280142
"7901009",116,0,1,0.029904,1,0.007476,1,149.178055142346,1,4.8465995944192,912,1,5.76200008392334,34.8730010986328,0.0299040004611015,0.0148376896977425,143.850494384766,-86.8876,27.0845,11.9206738921536,63,63,63,63,61,63,0,7818,1.13366707078925,27,-87,0.001869,51,2026-07-12 23:22:33.0025,912,1.037,0.0011,"aoml_navis",1031.65114067963
"7901009",116,0,1,0.033642,1,0.011214,1,149.375505821894,1,4.84654952482025,914,1,5.75099992752075,34.8730010986328,0.0336420014500618,0.0181349534541368,144.040893554688,-86.8876,27.0845,11.9206738921536,63,63,63,63,61,63,0,7818,1.13366707078925,27,-87,0.001869,51,2026-07-12 23:22:33.0025,914,1.037,0.0011,"aoml_navis",1031.66179864539
"7901009",116,0,1,0.031773,1,0.009345,1,149.573178036105,1,4.84649851542419,916,1,5.74399995803833,34.8740005493164,0.0317730009555817,0.0164863225072622,144.231506347656,-86.8876,27.0845,11.9206738921536,63,63,63,63,61,63,0,7818,1.13366707078925,27,-87,0.001869,51,2026-07-12 23:22:33.0025,916,1.037,0.0011,"aoml_navis",1031.67265688564
"7901009",116,0,1,0.031773,1,0.009345,1,149.816976931745,1,4.84645324492343,918,1,5.73999977111816,34.8740005493164,0.0317730009555817,0.0164863225072622,144.466598510742,-86.8876,27.0845,11.9206738921536,63,63,63,63,61,63,0,7818,1.13366707078925,27,-87,0.001869,51,2026-07-12 23:22:33.0025,918,1.037,0.0011,"aoml_navis",1031.68229369331
"7901009",116,0,1,0.028035,1,0.005607,1,150.188854509888,1,4.84640866123516,920,1,5.73699998855591,34.8740005493164,0.0280349999666214,0.0131890568882227,144.8251953125,-86.8876,27.0845,11.9206738921536,63,63,63,63,61,63,0,7818,1.13366707078925,27,-87,0.001869,51,2026-07-12 23:22:33.0025,920,1.037,0.0011,"aoml_navis",1031.69178447401
"7901009",116,0,1,0.029904,1,0.007476,1,150.605118139974,1,4.84635860199355,922,1,5.72599983215332,34.8740005493164,0.0299040004611015,0.0148376896977425,145.226593017578,-86.8876,27.0845,11.9206738921536,63,63,63,63,61,63,0,7818,1.13366707078925,27,-87,0.001869,51,2026-07-12 23:22:33.0025,922,1.037,0.0011,"aoml_navis",1031.70244107468
"7901009",116,0,1,0.031773,1,0.009345,1,150.901721404716,1,4.84630854733445,924,1,5.71500015258789,34.8740005493164,0.0317730009555817,0.0164863225072622,145.512603759766,-86.8876,27.0845,11.9206738921536,63,63,63,63,61,63,0,7818,1.13366707078925,27,-87,0.001869,51,2026-07-12 23:22:33.0025,924,1.037,0.0011,"aoml_navis",1031.71309691994
"7901009",116,0,1,0.029904,1,0.007476,1,151.285102961384,1,4.84625986407381,926,1,5.70599985122681,34.8740005493164,0.0299040004611015,0.0148376896977425,145.882293701172,-86.8876,27.0845,11.9206738921536,63,63,63,63,61,63,0,7818,1.13366707078925,27,-87,0.001869,51,2026-07-12 23:22:33.0025,926,1.037,0.0011,"aoml_navis",1031.72346102732
"7901009",116,0,1,0.029904,1,0.007476,1,151.78755939893,1,4.84620271786188,928,1,5.69000005722046,34.875,0.0299040004611015,0.0148376896977425,146.366806030273,-86.8876,27.0845,11.9206738921536,63,63,63,63,61,63,0,7818,1.13366707078925,27,-87,0.001869,51,2026-07-12 23:22:33.0025,928,1.037,0.0011,"aoml_navis",1031.73562706555
"7901009",116,0,1,0.033642,1,0.011214,1,152.091710666089,1,4.84614994575069,930,1,5.67500019073486,34.875,0.0336420014500618,0.0181349534541368,146.660095214844,-86.8876,27.0845,11.9206738921536,63,63,63,63,61,63,0,7818,1.13366707078925,27,-87,0.001869,51,2026-07-12 23:22:33.0025,930,1.037,0.0011,"aoml_navis",1031.74686214243
"7901009",116,0,1,0.029904,1,0.007476,1,152.529653045251,1,4.84609991026456,932,1,5.66400003433228,34.875,0.0299040004611015,0.0148376896977425,147.082397460938,-86.8876,27.0845,11.9206738921536,63,63,63,63,61,63,0,7818,1.13366707078925,27,-87,0.001869,51,2026-07-12 23:22:33.0025,932,1.037,0.0011,"aoml_navis",1031.7575148233
"7901009",116,0,1,0.026166,1,0.003738,1,153.09640200652,1,4.84603937925869,934,1,5.64300012588501,34.8759994506836,0.0261659994721413,0.0115404240787029,147.62890625,-86.8876,27.0845,11.9206738921536,63,63,63,63,61,63,0,7818,1.13366707078925,27,-87,0.001869,51,2026-07-12 23:22:33.0025,934,1.037,0.0011,"aoml_navis",1031.77040232076
"7901009",116,0,1,0.031773,1,0.009345,1,153.657644249045,1,4.84598731275329,936,1,5.62900018692017,34.8759994506836,0.0317730009555817,0.0164863225072622,148.170104980469,-86.8876,27.0845,11.9206738921536,63,63,63,63,61,63,0,7818,1.13366707078925,27,-87,0.001869,51,2026-07-12 23:22:33.0025,936,1.037,0.0011,"aoml_navis",1031.78148792123
"7901009",116,0,1,0.029904,1,0.007476,1,154.138105459425,1,4.84593157013992,938,1,5.61499977111816,34.8769989013672,0.0299040004611015,0.0148376896977425,148.633407592773,-86.8876,27.0845,11.9206738921536,63,63,63,63,61,63,0,7818,1.13366707078925,27,-87,0.001869,51,2026-07-12 23:22:33.0025,938,1.037,0.0011,"aoml_navis",1031.79335647441
"7901009",116,0,1,0.029904,1,0.007476,1,154.28224540493,1,4.84588155764794,940,1,5.60400009155273,34.8769989013672,0.0299040004611015,0.0148376896977425,148.772399902344,-86.8876,27.0845,11.9206738921536,63,63,63,63,61,63,0,7818,1.13366707078925,27,-87,0.001869,51,2026-07-12 23:22:33.0025,940,1.037,0.0011,"aoml_navis",1031.80400521941
"7901009",116,0,1,0.029904,1,0.007476,1,154.277783063879,1,4.84583222885147,942,1,5.5939998626709,34.8769989013672,0.0299040004611015,0.0148376896977425,148.768096923828,-86.8876,27.0845,11.9206738921536,63,63,63,63,61,63,0,7818,1.13366707078925,27,-87,0.001869,51,2026-07-12 23:22:33.0025,942,1.037,0.0011,"aoml_navis",1031.8145086061
"7901009",116,0,1,0.031773,1,0.009345,1,154.702148533035,1,4.84578426306333,944,1,5.58599996566772,34.8769989013672,0.0317730009555817,0.0164863225072622,149.177307128906,-86.8876,27.0845,11.9206738921536,63,63,63,63,61,63,0,7818,1.13366707078925,27,-87,0.001869,51,2026-07-12 23:22:33.0025,944,1.037,0.0011,"aoml_navis",1031.82472197786
"7901009",116,0,1,0.029904,1,0.007476,1,155.234559621679,1,4.84572718344817,946,1,5.57000017166138,34.8779983520508,0.0299040004611015,0.0148376896977425,149.690704345703,-86.8876,27.0845,11.9206738921536,63,63,63,63,61,63,0,7818,1.13366707078925,27,-87,0.001869,51,2026-07-12 23:22:33.0025,946,1.037,0.0011,"aoml_navis",1031.83687622341
"7901009",116,0,1,0.031773,1,0.009345,1,155.528757652947,1,4.84567447344339,948,1,5.55499982833862,34.8779983520508,0.0317730009555817,0.0164863225072622,149.974395751953,-86.8876,27.0845,11.9206738921536,63,63,63,63,61,63,0,7818,1.13366707078925,27,-87,0.001869,51,2026-07-12 23:22:33.0025,948,1.037,0.0011,"aoml_navis",1031.84810028044
"7901009",116,0,1,0.033642,1,0.011214,1,155.654763403968,1,4.84562146550476,950,1,5.54500007629395,34.8790016174316,0.0336420014500618,0.0181349534541368,150.095901489258,-86.8876,27.0845,11.9206738921536,63,63,63,63,61,63,0,7818,1.13366707078925,27,-87,0.001869,51,2026-07-12 23:22:33.0025,950,1.037,0.0011,"aoml_navis",1031.85938802571
"7901009",116,0,1,0.026166,1,0.003738,1,155.754105876016,1,4.84557351356907,952,1,5.53700017929077,34.8790016174316,0.0261659994721413,0.0115404240787029,150.191696166992,-86.8876,27.0845,11.9206738921536,63,63,63,63,61,63,0,7818,1.13366707078925,27,-87,0.001869,51,2026-07-12 23:22:33.0025,952,1.037,0.0011,"aoml_navis",1031.86959933607
"7901009",116,0,1,0.028035,1,0.005607,1,155.87512709714,1,4.84552624199218,954,1,5.53000020980835,34.8790016174316,0.0280349999666214,0.0131890568882227,150.308395385742,-86.8876,27.0845,11.9206738921536,63,63,63,63,61,63,0,7818,1.13366707078925,27,-87,0.001869,51,2026-07-12 23:22:33.0025,954,1.037,0.0011,"aoml_navis",1031.87966596262
"7901009",116,0,1,0.029904,1,0.007476,1,155.980087055262,1,4.84547761710346,956,1,5.52099990844727,34.8790016174316,0.0299040004611015,0.0148376896977425,150.409606933594,-86.8876,27.0845,11.9206738921536,63,63,63,63,61,63,0,7818,1.13366707078925,27,-87,0.001869,51,2026-07-12 23:22:33.0025,956,1.037,0.0011,"aoml_navis",1031.89002098598
"7901009",116,0,1,0.026166,1,0.003738,1,156.126822121094,1,4.84542124994177,958,1,5.50600004196167,34.8800010681152,0.0261659994721413,0.0115404240787029,150.55110168457,-86.8876,27.0845,11.9206738921536,63,63,63,63,61,63,0,7818,1.13366707078925,27,-87,0.001869,51,2026-07-12 23:22:33.0025,958,1.037,0.0011,"aoml_navis",1031.90202504273
"7901009",116,0,1,0.026166,1,0.003738,1,156.359734170483,1,4.84537398660775,960,1,5.49900007247925,34.8800010681152,0.0261659994721413,0.0115404240787029,150.775695800781,-86.8876,27.0845,11.9206738921536,63,63,63,63,61,63,0,7818,1.13366707078925,27,-87,0.001869,51,2026-07-12 23:22:33.0025,960,1.037,0.0011,"aoml_navis",1031.91209054649
"7901009",116,0,1,0.029904,1,0.007476,1,156.625006104443,1,4.84532334224671,962,1,5.48699998855591,34.8800010681152,0.0299040004611015,0.0148376896977425,151.031494140625,-86.8876,27.0845,11.9206738921536,63,63,63,63,61,63,0,7818,1.13366707078925,27,-87,0.001869,51,2026-07-12 23:22:33.0025,962,1.037,0.0011,"aoml_navis",1031.92287631347
"7901009",116,0,1,0.031773,1,0.009345,1,156.739080631519,1,4.8452747315943,964,1,5.47800016403198,34.8800010681152,0.0317730009555817,0.0164863225072622,151.141494750977,-86.8876,27.0845,11.9206738921536,63,63,63,63,61,63,0,7818,1.13366707078925,27,-87,0.001869,51,2026-07-12 23:22:33.0025,964,1.037,0.0011,"aoml_navis",1031.93322917208
"7901009",116,0,1,0.029904,1,0.007476,1,156.915691228926,1,4.84522659541728,965.900024414062,1,5.47200012207031,34.8810005187988,0.0299040004611015,0.0148376896977425,151.311798095703,-86.8876,27.0845,11.9206738921536,63,63,63,63,61,63,0,7818,1.13366707078925,27,-87,0.001869,51,2026-07-12 23:22:33.0025,965.900024414062,1.037,0.0011,"aoml_navis",1031.94348118396
"7901009",116,0,1,0.033642,1,0.011214,1,157.123095144365,1,4.84517924448981,968,1,5.46799993515015,34.8810005187988,0.0336420014500618,0.0181349534541368,151.511795043945,-86.8876,27.0845,11.9206738921536,63,63,63,63,61,63,0,7818,1.13366707078925,27,-87,0.001869,51,2026-07-12 23:22:33.0025,968,1.037,0.0011,"aoml_navis",1031.95356615264
"7901009",116,0,1,0.028035,1,0.005607,1,157.321906679695,1,4.84513131682372,970,1,5.46000003814697,34.8810005187988,0.0280349999666214,0.0131890568882227,151.703506469727,-86.8876,27.0845,11.9206738921536,63,63,63,63,61,63,0,7818,1.13366707078925,27,-87,0.001869,51,2026-07-12 23:22:33.0025,970,1.037,0.0011,"aoml_navis",1031.96377415789
"7901009",116,0,1,0.033642,1,0.011214,1,157.606673663919,1,4.84508339172702,972,1,5.4520001411438,34.8810005187988,0.0336420014500618,0.0181349534541368,151.978103637695,-86.8876,27.0845,11.9206738921536,63,63,63,63,61,63,0,7818,1.13366707078925,27,-87,0.001869,51,2026-07-12 23:22:33.0025,972,1.037,0.0011,"aoml_navis",1031.97398181784
"7901009",116,0,1,0.031773,1,0.009345,1,157.875268617811,1,4.8450334425726,974,1,5.44099998474121,34.8810005187988,0.0317730009555817,0.0164863225072622,152.237106323242,-86.8876,27.0845,11.9206738921536,63,63,63,63,61,63,0,7818,1.13366707078925,27,-87,0.001869,51,2026-07-12 23:22:33.0025,974,1.037,0.0011,"aoml_navis",1031.9846208007
"7901009",116,0,1,0.028035,1,0.005607,1,158.234392128979,1,4.84498049104333,976,1,5.43100023269653,34.8819999694824,0.0280349999666214,0.0131890568882227,152.583404541016,-86.8876,27.0845,11.9206738921536,63,63,63,63,61,63,0,7818,1.13366707078925,27,-87,0.001869,51,2026-07-12 23:22:33.0025,976,1.037,0.0011,"aoml_navis",1031.99589951771
"7901009",116,99999,9,99999,9,99999,9,158.579100063206,1,4.84493257438586,978,1,5.4229998588562,34.8819999694824,99999,99999,152.915802001953,-86.8876,27.0845,11.9206738921536,63,63,63,63,61,63,0,7818,1.13366707078925,27,-87,0.001869,51,2026-07-12 23:22:33.0025,978,1.037,0.0011,"aoml_navis",1032.00610601558
"7901009",116,0,1,0.031773,1,0.009345,1,163.499827977763,1,4.84438166493301,999.799987792969,1,5.30940008163452,34.8849983215332,0.0317730009555817,0.0164863225072622,157.660797119141,-86.8876,27.0845,11.9206738921536,63,63,63,63,61,63,0,7818,1.13366707078925,27,-87,0.001869,51,2026-07-12 23:22:33.0025,999.799987792969,1.037,0.0011,"aoml_navis",1032.12346710695
"7901009",116,0,1,0.028035,1,0.005607,1,169.160070242217,1,4.84318152511389,1049.09997558594,1,5.11439990997314,34.890998840332,0.0280349999666214,0.0131890568882227,163.118896484375,-86.8876,27.0845,11.9206738921536,63,63,63,63,61,63,0,7818,1.13366707078925,27,-87,0.001869,51,2026-07-12 23:22:33.0025,1049.09997558594,1.037,0.0011,"aoml_navis",1032.37922718216
"7901009",116,0,1,0.028035,1,0.005607,1,175.667049633026,1,4.84197797486448,1098.59997558594,1,4.92390012741089,34.8979988098145,0.0280349999666214,0.0131890568882227,169.393493652344,-86.8876,27.0845,11.9206738921536,63,63,63,63,61,63,0,7818,1.13366707078925,27,-87,0.001869,51,2026-07-12 23:22:33.0025,1098.59997558594,1.037,0.0011,"aoml_navis",1032.63584137636
"7901009",116,0,1,0.026166,1,0.003738,1,182.222054573796,1,4.84075914044488,1149.30004882812,1,4.74660015106201,34.9049987792969,0.0261659994721413,0.0115404240787029,175.714401245117,-86.8876,27.0845,11.9206738921536,63,63,63,63,61,63,0,7818,1.13366707078925,27,-87,0.001869,51,2026-07-12 23:22:33.0025,1149.30004882812,1.037,0.0011,"aoml_navis",1032.89584441925
"7901009",116,0,1,0.029904,1,0.007476,1,186.383472434007,1,4.83960004343063,1199.40002441406,1,4.62760019302368,34.9099998474121,0.0299040004611015,0.0148376896977425,179.727203369141,-86.8876,27.0845,11.9206738921536,63,63,63,63,61,63,0,7818,1.13366707078925,27,-87,0.001869,51,2026-07-12 23:22:33.0025,1199.40002441406,1.037,0.0011,"aoml_navis",1033.14322570666
"7901009",116,0,1,0.035511,1,0.013083,1,189.628670403487,1,4.83847540148032,1249.5,1,4.54809999465942,34.9129981994629,0.0355109982192516,0.0197835862636566,182.856506347656,-86.8876,27.0845,11.9206738921536,63,63,63,63,61,63,0,7818,1.13366707078925,27,-87,0.001869,51,2026-07-12 23:22:33.0025,1249.5,1.037,0.0011,"aoml_navis",1033.38336668411
"7901009",116,0,1,0.031773,1,0.009345,1,192.646431394512,1,4.8373693603332,1299.40002441406,1,4.4886999130249,34.9160003662109,0.0317730009555817,0.0164863225072622,185.766494750977,-86.8876,27.0845,11.9206738921536,63,63,63,63,61,63,0,7818,1.13366707078925,27,-87,0.001869,51,2026-07-12 23:22:33.0025,1299.40002441406,1.037,0.0011,"aoml_navis",1033.61964480124
"7901009",116,0,1,0.029904,1,0.007476,1,195.078391443329,1,4.83626530451809,1349.40002441406,1,4.43370008468628,34.9189987182617,0.0299040004611015,0.0148376896977425,188.111602783203,-86.8876,27.0845,11.9206738921536,63,63,63,63,61,63,0,7818,1.13366707078925,27,-87,0.001869,51,2026-07-12 23:22:33.0025,1349.40002441406,1.037,0.0011,"aoml_navis",1033.85560658324
"7901009",116,0,1,0.031773,1,0.009345,1,196.564556724024,1,4.83518455627293,1399.40002441406,1,4.40089988708496,34.9199981689453,0.0317730009555817,0.0164863225072622,189.544692993164,-86.8876,27.0845,11.9206738921536,63,63,63,63,61,63,0,7818,1.13366707078925,27,-87,0.001869,51,2026-07-12 23:22:33.0025,1399.40002441406,1.037,0.0011,"aoml_navis",1034.08669137836
"7901009",116,0,1,0.028035,1,0.005607,1,197.817620068477,1,4.83409492737726,1449.90002441406,1,4.37410020828247,34.9220008850098,0.0280349999666214,0.0131890568882227,190.753005981445,-86.8876,27.0845,11.9206738921536,63,63,63,63,61,63,0,7818,1.13366707078925,27,-87,0.001869,51,2026-07-12 23:22:33.0025,1449.90002441406,1.037,0.0011,"aoml_navis",1034.31977963096
"7901009",116,0,1,0.031773,1,0.009345,1,198.967891329717,1,4.83302660006187,1499.90002441406,1,4.35580015182495,34.9230003356934,0.0317730009555817,0.0164863225072622,191.862197875977,-86.8876,27.0845,11.9206738921536,63,63,63,63,61,63,0,7818,1.13366707078925,27,-87,0.001869,51,2026-07-12 23:22:33.0025,1499.90002441406,1.037,0.0011,"aoml_navis",1034.54841319019
"7901009",116,0,1,0.029904,1,0.007476,1,200.039770968381,1,4.83197249107464,1549.40002441406,1,4.34089994430542,34.923999786377,0.0299040004611015,0.0148376896977425,192.895797729492,-86.8876,27.0845,11.9206738921536,63,63,63,63,61,63,0,7818,1.13366707078925,27,-87,0.001869,51,2026-07-12 23:22:33.0025,1549.40002441406,1.037,0.0011,"aoml_navis",1034.77410296431
"7901009",116,0,1,0.028035,1,0.005607,1,200.651412346534,1,4.83092888507947,1598.80004882812,1,4.33090019226074,34.923999786377,0.0280349999666214,0.0131890568882227,193.485595703125,-86.8876,27.0845,11.9206738921536,63,63,63,63,61,63,0,7818,1.13366707078925,27,-87,0.001869,51,2026-07-12 23:22:33.0025,1598.80004882812,1.037,0.0011,"aoml_navis",1034.99764102153
"7901009",116,0,1,0.033642,1,0.011214,1,201.528341482551,1,4.82985415811483,1649.59997558594,1,4.32149982452393,34.9249992370605,0.0336420014500618,0.0181349534541368,194.331207275391,-86.8876,27.0845,11.9206738921536,63,63,63,63,61,63,0,7818,1.13366707078925,27,-87,0.001869,51,2026-07-12 23:22:33.0025,1649.59997558594,1.037,0.0011,"aoml_navis",1035.22794608597
"7901009",116,0,1,0.033642,1,0.011214,1,202.111879606426,1,4.82879908750418,1699.80004882812,1,4.31489992141724,34.9249992370605,0.0336420014500618,0.0181349534541368,194.893905639648,-86.8876,27.0845,11.9206738921536,63,63,63,63,61,63,0,7818,1.13366707078925,27,-87,0.001869,51,2026-07-12 23:22:33.0025,1699.80004882812,1.037,0.0011,"aoml_navis",1035.45413867784
"7901009",116,0,1,0.035511,1,0.013083,1,202.407216958813,1,4.82774341855432,1750,1,4.3105001449585,34.9259986877441,0.0355109982192516,0.0197835862636566,195.178695678711,-86.8876,27.0845,11.9206738921536,63,63,63,63,61,63,0,7818,1.13366707078925,27,-87,0.001869,51,2026-07-12 23:22:33.0025,1750,1.037,0.0011,"aoml_navis",1035.68055849523
"7901009",116,0,1,0.028035,1,0.005607,1,202.792370792778,1,4.8267064823466,1799.59997558594,1,4.3076000213623,34.9259986877441,0.0280349999666214,0.0131890568882227,195.550094604492,-86.8876,27.0845,11.9206738921536,63,63,63,63,61,63,0,7818,1.13366707078925,27,-87,0.001869,51,2026-07-12 23:22:33.0025,1799.59997558594,1.037,0.0011,"aoml_navis",1035.9030569369
"7901009",116,0,1,0.026166,1,0.003738,1,203.199108432393,1,4.82567718219774,1848.69995117188,1,4.30380010604858,34.9269981384277,0.0261659994721413,0.0115404240787029,195.942306518555,-86.8876,27.0845,11.9206738921536,63,63,63,63,61,63,0,7818,1.13366707078925,27,-87,0.001869,51,2026-07-12 23:22:33.0025,1848.69995117188,1.037,0.0011,"aoml_navis",1036.12401145384
"7901009",116,0,1,0.029904,1,0.007476,1,203.43979001886,1,4.82463898039419,1898.59997558594,1,4.30369997024536,34.9269981384277,0.0299040004611015,0.0148376896977425,196.174392700195,-86.8876,27.0845,11.9206738921536,63,63,63,63,61,63,0,7818,1.13366707078925,27,-87,0.001869,51,2026-07-12 23:22:33.0025,1898.59997558594,1.037,0.0011,"aoml_navis",1036.34697234724
"7901009",116,0,1,0.029904,1,0.007476,1,203.434821312867,1,4.82357347078589,1949.90002441406,1,4.30389976501465,34.9269981384277,0.0299040004611015,0.0148376896977425,196.16960144043,-86.8876,27.0845,11.9206738921536,63,63,63,63,61,63,0,7818,1.13366707078925,27,-87,0.001869,51,2026-07-12 23:22:33.0025,1949.90002441406,1.037,0.0011,"aoml_navis",1036.57589757524
"7901009",116,0,1,0.026166,1,0.003738,1,200.964504119698,4,4.82253617013372,1999.90002441406,1,4.30359983444214,34.9269981384277,0.0261659994721413,0.0115404240787029,193.787506103516,-86.8876,27.0845,11.9206738921536,63,63,63,63,61,63,0,7818,1.13366707078925,27,-87,0.001869,51,2026-07-12 23:22:33.0025,1999.90002441406,1.037,0.0011,"aoml_navis",1036.79885927354
"7901009",117,0.10716109087955,1,0.143913,1,0.121485,1,191.363789205416,1,4.8886765130277,2.09999990463257,1,29.2140007019043,36.0260009765625,0.143913000822067,0.11540424823761,184.529602050781,-86.9296,26.7202,31.7877835847979,63,63,63,63,61,63,0.121485,7818,1.13366707078925,27,-87,0.001869,51,2026-07-23 06:26:58.000681,2.09999990463257,1.037,0.0011,"aoml_navis",1022.77170245886
"7901009",117,0.10716109087955,1,0.143913,1,0.121485,1,191.317330207589,1,4.88863969962538,4,1,29.2129993438721,36.0250015258789,0.143913000822067,0.11540424823761,184.484802246094,-86.9296,26.7202,31.7877835847979,63,63,63,63,61,63,0.121485,7818,1.13366707078925,27,-87,0.001869,51,2026-07-23 06:26:58.000681,4,1.037,0.0011,"aoml_navis",1022.77940433678
"7901009",117,0.108809723046928,1,0.145782,1,0.123354,1,191.416989188623,1,4.88858884157166,6,1,29.2089996337891,36.0260009765625,0.145781993865967,0.117052875459194,184.580902099609,-86.9296,26.7202,31.7877835847979,63,63,63,63,61,63,0.123354,7818,1.13366707078925,27,-87,0.001869,51,2026-07-23 06:26:58.000681,6,1.037,0.0011,"aoml_navis",1022.79004474275
"7901009",117,0.108809723046928,1,0.145782,1,0.123354,1,191.335068809961,1,4.88855966009864,8,1,29.2140007019043,36.0250015258789,0.145781993865967,0.117052875459194,184.501907348633,-86.9296,26.7202,31.7877835847979,63,63,63,63,61,63,0.123354,7818,1.13366707078925,27,-87,0.001869,51,2026-07-23 06:26:58.000681,8,1.037,0.0011,"aoml_navis",1022.79615012392
"7901009",117,0.10716109087955,1,0.143913,1,0.121485,1,191.226168665873,1,4.88852044747142,10,1,29.2150001525879,36.0250015258789,0.143913000822067,0.11540424823761,184.396896362305,-86.9296,26.7202,31.7877835847979,63,63,63,63,61,63,0.121485,7818,1.13366707078925,27,-87,0.001869,51,2026-07-23 06:26:58.000681,10,1.037,0.0011,"aoml_navis",1022.80435434943
"7901009",117,0.108809723046928,1,0.145782,1,0.123354,1,191.322931871496,1,4.88847962707117,12,1,29.2150001525879,36.0250015258789,0.145781993865967,0.117052875459194,184.490203857422,-86.9296,26.7202,31.7877835847979,63,63,63,63,61,63,0.123354,7818,1.13366707078925,27,-87,0.001869,51,2026-07-23 06:26:58.000681,12,1.037,0.0011,"aoml_navis",1022.81289509958
"7901009",117,0.10716109087955,1,0.143913,1,0.121485,1,191.276884295312,1,4.88843719876054,14,1,29.2140007019043,36.0250015258789,0.143913000822067,0.11540424823761,184.44580078125,-86.9296,26.7202,31.7877835847979,63,63,63,63,61,63,0.121485,7818,1.13366707078925,27,-87,0.001869,51,2026-07-23 06:26:58.000681,14,1.037,0.0011,"aoml_navis",1022.82177241998
"7901009",117,0.120350148218572,1,0.158865,1,0.136437,1,191.318469529062,1,4.88839315943655,16,1,29.2119998931885,36.0250015258789,0.158865004777908,0.128593310713768,184.485900878906,-86.9296,26.7202,31.7877835847979,63,63,63,63,61,63,0.136437,7818,1.13366707078925,27,-87,0.001869,51,2026-07-23 06:26:58.000681,16,1.037,0.0011,"aoml_navis",1022.83098697739
"7901009",117,0.10716109087955,1,0.143913,1,0.121485,1,191.24473011153,1,4.88835395618001,18,1,29.2129993438721,36.0250015258789,0.143913000822067,0.11540424823761,184.414794921875,-86.9296,26.7202,31.7877835847979,63,63,63,63,61,63,0.121485,7818,1.13366707078925,27,-87,0.001869,51,2026-07-23 06:26:58.000681,18,1.037,0.0011,"aoml_navis",1022.83918980107
"7901009",117,0.113755619549061,1,0.151389,1,0.128961,1,191.213525362309,1,4.88831314503833,20,1,29.2129993438721,36.0250015258789,0.151389002799988,0.121998779475689,184.384704589844,-86.9296,26.7202,31.7877835847979,63,63,63,63,61,63,0.128961,7818,1.13366707078925,27,-87,0.001869,51,2026-07-23 06:26:58.000681,20,1.037,0.0011,"aoml_navis",1022.84772919571
"7901009",117,0.120350148218572,1,0.158865,1,0.136437,1,191.205534288091,1,4.88827432640813,22,1,29.2119998931885,36.023998260498,0.158865004777908,0.128593310713768,184.376998901367,-86.9296,26.7202,31.7877835847979,63,63,63,63,61,63,0.136437,7818,1.13366707078925,27,-87,0.001869,51,2026-07-23 06:26:58.000681,22,1.037,0.0011,"aoml_navis",1022.85585180608
"7901009",117,0.115404251716439,1,0.153258,1,0.13083,1,191.145498376049,1,4.88822905199338,24,1,29.2070007324219,36.0229988098145,0.153257995843887,0.123647406697273,184.319107055664,-86.9296,26.7202,31.7877835847979,63,63,63,63,61,63,0.13083,7818,1.13366707078925,27,-87,0.001869,51,2026-07-23 06:26:58.000681,24,1.037,0.0011,"aoml_navis",1022.86532542108
"7901009",117,0.115404251716439,1,0.153258,1,0.13083,1,191.214031727408,1,4.88817001039195,26,1,29.1889991760254,36.0200004577637,0.153257995843887,0.123647406697273,184.385192871094,-86.9296,26.7202,31.7877835847979,63,63,63,63,61,63,0.13083,7818,1.13366707078925,27,-87,0.001869,51,2026-07-23 06:26:58.000681,26,1.037,0.0011,"aoml_navis",1022.87768006643
"7901009",117,0.121998780385949,1,0.160734,1,0.138306,1,191.150150605396,1,4.88812635222843,28,1,29.1849994659424,36.0190010070801,0.160733997821808,0.130241945385933,184.323593139648,-86.9296,26.7202,31.7877835847979,63,63,63,63,61,63,0.138306,7818,1.13366707078925,27,-87,0.001869,51,2026-07-23 06:26:58.000681,28,1.037,0.0011,"aoml_navis",1022.88681586976
"7901009",117,0.123647412553327,1,0.162603,1,0.140175,1,191.11760082388,1,4.8880495005353,30,1,29.1469993591309,36.0120010375977,0.162603005766869,0.131890580058098,184.292205810547,-86.9296,26.7202,31.7877835847979,63,63,63,63,61,63,0.140175,7818,1.13366707078925,27,-87,0.001869,51,2026-07-23 06:26:58.000681,30,1.037,0.0011,"aoml_navis",1022.90289806853
"7901009",117,0.219268078261233,1,0.271005,1,0.248577,1,191.157208068962,1,4.8879933622074,32,1,29.132999420166,36.0099983215332,0.271005004644394,0.22751122713089,184.33039855957,-86.9296,26.7202,31.7877835847979,63,63,63,63,61,63,0.248577,7818,1.13366707078925,27,-87,0.001869,51,2026-07-23 06:26:58.000681,32,1.037,0.0011,"aoml_navis",1022.91464605059
"7901009",117,0.130241941222838,1,0.170079,1,0.147651,1,191.179187479038,1,4.88788850403133,34,1,29.0820007324219,36.0050010681152,0.170078992843628,0.138485088944435,184.351593017578,-86.9296,26.7202,31.7877835847979,63,63,63,63,61,63,0.147651,7818,1.13366707078925,27,-87,0.001869,51,2026-07-23 06:26:58.000681,34,1.037,0.0011,"aoml_navis",1022.93659028356
"7901009",117,0.146728262896615,1,0.188769,1,0.166341,1,191.352997299245,1,4.88776005465322,36,1,29.0139999389648,35.9990005493164,0.188768997788429,0.154971420764923,184.519195556641,-86.9296,26.7202,31.7877835847979,63,63,63,63,61,63,0.166341,7818,1.13366707078925,27,-87,0.001869,51,2026-07-23 06:26:58.000681,36,1.037,0.0011,"aoml_navis",1022.96347285704
"7901009",117,0.156620055900881,1,0.199983,1,0.177555,1,191.600435769619,1,4.88754419679188,38,1,28.9069995880127,36,0.19998300075531,0.164863213896751,184.757797241211,-86.9296,26.7202,31.7877835847979,63,63,63,63,61,63,0.177555,7818,1.13366707078925,27,-87,0.001869,51,2026-07-23 06:26:58.000681,38,1.037,0.0011,"aoml_navis",1023.00865192829
"7901009",117,0.156620055900881,1,0.199983,1,0.177555,1,191.543501343808,1,4.8874390895091,40,1,28.886999130249,36.0089988708496,0.19998300075531,0.164863213896751,184.702896118164,-86.9296,26.7202,31.7877835847979,63,63,63,63,61,63,0.177555,7818,1.13366707078925,27,-87,0.001869,51,2026-07-23 06:26:58.000681,40,1.037,0.0011,"aoml_navis",1023.03065233744
"7901009",117,0.159917320235636,1,0.203721,1,0.181293,1,191.593599840784,1,4.8873663807188,42,1,28.8850002288818,36.0169982910156,0.20372100174427,0.168160483241081,184.751205444336,-86.9296,26.7202,31.7877835847979,63,63,63,63,61,63,0.181293,7818,1.13366707078925,27,-87,0.001869,51,2026-07-23 06:26:58.000681,42,1.037,0.0011,"aoml_navis",1023.04587184737
"7901009",117,0.163214584570392,1,0.207459,1,0.185031,1,191.5710982417,1,4.88731602161339,44,1,28.8880004882812,36.0209999084473,0.207459002733231,0.171457752585411,184.729507446289,-86.9296,26.7202,31.7877835847979,63,63,63,63,61,63,0.185031,7818,1.13366707078925,27,-87,0.001869,51,2026-07-23 06:26:58.000681,44,1.037,0.0011,"aoml_navis",1023.05641335414
"7901009",117,0.173106377574658,1,0.218673,1,0.196245,1,191.562996400117,1,4.88725451916491,46,1,28.8929996490479,36.0289993286133,0.218673005700111,0.181349545717239,184.721694946289,-86.9296,26.7202,31.7877835847979,63,63,63,63,61,63,0.196245,7818,1.13366707078925,27,-87,0.001869,51,2026-07-23 06:26:58.000681,46,1.037,0.0011,"aoml_navis",1023.06928775511
"7901009",117,0.178052274076791,1,0.22428,1,0.201852,1,191.493307903377,1,4.88720935486156,48,1,28.8969993591309,36.0320014953613,0.224279999732971,0.186295434832573,184.654495239258,-86.9296,26.7202,31.7877835847979,63,63,63,63,61,63,0.201852,7818,1.13366707078925,27,-87,0.001869,51,2026-07-23 06:26:58.000681,48,1.037,0.0011,"aoml_navis",1023.07874227369
"7901009",117,0.19288996358319,1,0.241101,1,0.218673,1,191.550653750831,1,4.88715863871348,50,1,28.9020004272461,36.0369987487793,0.241100996732712,0.201133117079735,184.70979309082,-86.9296,26.7202,31.7877835847979,63,63,63,63,61,63,0.218673,7818,1.13366707078925,27,-87,0.001869,51,2026-07-23 06:26:58.000681,50,1.037,0.0011,"aoml_navis",1023.08935920202
"7901009",117,0.179700906244169,1,0.226149,1,0.203721,1,191.463242475628,1,4.88710951409129,52,1,28.9080009460449,36.0419998168945,0.226148992776871,0.187944054603577,184.625503540039,-86.9296,26.7202,31.7877835847979,63,63,63,63,61,63,0.203721,7818,1.13366707078925,27,-87,0.001869,51,2026-07-23 06:26:58.000681,52,1.037,0.0011,"aoml_navis",1023.0996431701
"7901009",117,0.178052274076791,1,0.22428,1,0.201852,1,191.557711214397,1,4.88706277326884,54,1,28.9109992980957,36.0449981689453,0.224279999732971,0.186295434832573,184.716598510742,-86.9296,26.7202,31.7877835847979,63,63,63,63,61,63,0.201852,7818,1.13366707078925,27,-87,0.001869,51,2026-07-23 06:26:58.000681,54,1.037,0.0011,"aoml_navis",1023.10942829482
"7901009",117,0.199484492252701,1,0.248577,1,0.226149,1,191.518926812601,1,4.88699968612871,56,1,28.9150009155273,36.0530014038086,0.248576998710632,0.207727640867233,184.67919921875,-86.9296,26.7202,31.7877835847979,63,63,63,63,61,63,0.226149,7818,1.13366707078925,27,-87,0.001869,51,2026-07-23 06:26:58.000681,56,1.037,0.0011,"aoml_navis",1023.12263579472
"7901009",117,0.211024917424345,1,0.26166,1,0.239232,1,191.464903986109,1,4.8869401575535,58.0999984741211,1,28.9179992675781,36.0589981079102,0.261660009622574,0.219268068671227,184.627105712891,-86.9296,26.7202,31.7877835847979,63,63,63,63,61,63,0.239232,7818,1.13366707078925,27,-87,0.001869,51,2026-07-23 06:26:58.000681,58.0999984741211,1.037,0.0011,"aoml_navis",1023.13509861007
"7901009",117,0.2143221817591,1,0.265398,1,0.24297,1,191.545368565111,1,4.88686393777225,60,1,28.9169998168945,36.0690002441406,0.265397995710373,0.222565352916718,184.704696655273,-86.9296,26.7202,31.7877835847979,63,63,63,63,61,63,0.24297,7818,1.13366707078925,27,-87,0.001869,51,2026-07-23 06:26:58.000681,60,1.037,0.0011,"aoml_navis",1023.15105631513
"7901009",117,0.227511239098122,1,0.28035,1,0.257922,1,192.200367644486,1,4.88672055395892,62,1,28.8910007476807,36.0859985351562,0.280349999666214,0.235754400491714,185.336303710938,-86.9296,26.7202,31.7877835847979,63,63,63,63,61,63,0.257922,7818,1.13366707078925,27,-87,0.001869,51,2026-07-23 06:26:58.000681,62,1.037,0.0011,"aoml_navis",1023.18107712325
"7901009",117,0.202781756587456,1,0.252315,1,0.229887,1,193.311554206269,1,4.8865203796091,64,1,28.8250007629395,36.101001739502,0.252315014600754,0.211024910211563,186.407806396484,-86.9296,26.7202,31.7877835847979,63,63,63,63,61,63,0.229887,7818,1.13366707078925,27,-87,0.001869,51,2026-07-23 06:26:58.000681,64,1.037,0.0011,"aoml_navis",1023.22299132619
"7901009",117,0.197835860085323,1,0.246708,1,0.22428,1,193.908463714452,1,4.88636425864908,65.9000015258789,1,28.7560005187988,36.1030006408691,0.246708005666733,0.20607902109623,186.9833984375,-86.9296,26.7202,31.7877835847979,63,63,63,63,61,63,0.22428,7818,1.13366707078925,27,-87,0.001869,51,2026-07-23 06:26:58.000681,65.9000015258789,1.037,0.0011,"aoml_navis",1023.2556836404
"7901009",117,0.206079020922212,1,0.256053,1,0.233625,1,194.176536562607,1,4.88618868865262,68,1,28.6749992370605,36.1040000915527,0.256053000688553,0.214322179555893,187.241897583008,-86.9296,26.7202,31.7877835847979,63,63,63,63,61,63,0.233625,7818,1.13366707078925,27,-87,0.001869,51,2026-07-23 06:26:58.000681,68,1.037,0.0011,"aoml_navis",1023.29245115148
"7901009",117,0.209376285256967,1,0.259791,1,0.237363,1,194.145838178484,1,4.8860698581135,70,1,28.6350002288818,36.1080017089844,0.259790986776352,0.217619448900223,187.212295532227,-86.9296,26.7202,31.7877835847979,63,63,63,63,61,63,0.237363,7818,1.13366707078925,27,-87,0.001869,51,2026-07-23 06:26:58.000681,70,1.037,0.0011,"aoml_navis",1023.31733790038
"7901009",117,0.2143221817591,1,0.265398,1,0.24297,1,194.781959334015,1,4.88594486229051,72,1,28.5639991760254,36.0999984741211,0.265397995710373,0.222565352916718,187.825698852539,-86.9296,26.7202,31.7877835847979,63,63,63,63,61,63,0.24297,7818,1.13366707078925,27,-87,0.001869,51,2026-07-23 06:26:58.000681,72,1.037,0.0011,"aoml_navis",1023.34351715464
"7901009",117,0.227511239098122,1,0.28035,1,0.257922,1,194.675765078424,1,4.88578305154064,74,1,28.4810009002686,36.0970001220703,0.280349999666214,0.235754400491714,187.723297119141,-86.9296,26.7202,31.7877835847979,63,63,63,63,61,63,0.257922,7818,1.13366707078925,27,-87,0.001869,51,2026-07-23 06:26:58.000681,74,1.037,0.0011,"aoml_navis",1023.37740895461
"7901009",117,0.234105767767632,1,0.287826,1,0.265398,1,193.84168681703,1,4.88560140581176,76,1,28.451000213623,36.1230010986328,0.287826001644135,0.242348909378052,186.919006347656,-86.9296,26.7202,31.7877835847979,63,63,63,63,61,63,0.265398,7818,1.13366707078925,27,-87,0.001869,51,2026-07-23 06:26:58.000681,76,1.037,0.0011,"aoml_navis",1023.41545793158
"7901009",117,0.258835250278298,1,0.315861,1,0.293433,1,193.254920434736,1,4.88546026379513,78,1,28.4419994354248,36.1469993591309,0.315860986709595,0.267078399658203,186.35319519043,-86.9296,26.7202,31.7877835847979,63,63,63,63,61,63,0.293433,7818,1.13366707078925,27,-87,0.001869,51,2026-07-23 06:26:58.000681,78,1.037,0.0011,"aoml_navis",1023.44502462822
"7901009",117,0.276970204119453,1,0.33642,1,0.313992,1,193.486709058771,1,4.8852910035665,80,1,28.3449993133545,36.1399993896484,0.336419999599457,0.285213381052017,186.576705932617,-86.9296,26.7202,31.7877835847979,63,63,63,63,61,63,0.313992,7818,1.13366707078925,27,-87,0.001869,51,2026-07-23 06:26:58.000681,80,1.037,0.0011,"aoml_navis",1023.48048383397
"7901009",117,0.290159261458474,1,0.351372,1,0.328944,1,193.241232753155,1,4.8851809597361,82,1,28.3080005645752,36.1430015563965,0.351372003555298,0.298402398824692,186.339996337891,-86.9296,26.7202,31.7877835847979,63,63,63,63,61,63,0.328944,7818,1.13366707078925,27,-87,0.001869,51,2026-07-23 06:26:58.000681,82,1.037,0.0011,"aoml_navis",1023.50353880649
"7901009",117,0.288510629291096,1,0.349503,1,0.327075,1,193.070856721275,1,4.88512068001589,84,1,28.306999206543,36.1479988098145,0.349503010511398,0.296753793954849,186.175704956055,-86.9296,26.7202,31.7877835847979,63,63,63,63,61,63,0.327075,7818,1.13366707078925,27,-87,0.001869,51,2026-07-23 06:26:58.000681,84,1.037,0.0011,"aoml_navis",1023.51616828097
"7901009",117,0.311591479634384,1,0.375669,1,0.353241,1,192.78691249205,1,4.88500351658057,86,1,28.2450008392334,36.1419982910156,0.375669002532959,0.319834619760513,185.901901245117,-86.9296,26.7202,31.7877835847979,63,63,63,63,61,63,0.353241,7818,1.13366707078925,27,-87,0.001869,51,2026-07-23 06:26:58.000681,86,1.037,0.0011,"aoml_navis",1023.54071660933
"7901009",117,0.337969594312427,1,0.405573,1,0.383145,1,192.426016591697,1,4.88477636622416,88,1,28.1450004577637,36.1500015258789,0.405573010444641,0.34621274471283,185.553894042969,-86.9296,26.7202,31.7877835847979,63,63,63,63,61,63,0.383145,7818,1.13366707078925,27,-87,0.001869,51,2026-07-23 06:26:58.000681,88,1.037,0.0011,"aoml_navis",1023.58831298246
"7901009",117,0.329726433475539,1,0.396228,1,0.3738,1,192.19786746681,1,4.88462347103206,90,1,28.0919990539551,36.1580009460449,0.396227985620499,0.337969571352005,185.333892822266,-86.9296,26.7202,31.7877835847979,63,63,63,63,61,63,0.3738,7818,1.13366707078925,27,-87,0.001869,51,2026-07-23 06:26:58.000681,90,1.037,0.0011,"aoml_navis",1023.62035265403
"7901009",117,0.336320962145049,1,0.403704,1,0.381276,1,191.608316076471,1,4.88453754440064,92,1,28.0610008239746,36.1570014953613,0.403703987598419,0.344564110040665,184.765396118164,-86.9296,26.7202,31.7877835847979,63,63,63,63,61,63,0.381276,7818,1.13366707078925,27,-87,0.001869,51,2026-07-23 06:26:58.000681,92,1.037,0.0011,"aoml_navis",1023.63835973207
"7901009",117,0.377536766329492,1,0.450429,1,0.428001,1,190.830333573693,1,4.88431393742616,94.0999984741211,1,27.9710006713867,36.1679992675781,0.450428992509842,0.385779917240143,184.015197753906,-86.9296,26.7202,31.7877835847979,63,63,63,63,61,63,0.428001,7818,1.13366707078925,27,-87,0.001869,51,2026-07-23 06:26:58.000681,94.0999984741211,1.037,0.0011,"aoml_navis",1023.68522254219
"7901009",117,0.38577992716638,1,0.459774,1,0.437346,1,189.859457616042,1,4.88413783010943,96,1,27.9200000762939,36.1839981079102,0.459773987531662,0.394023090600967,183.078994750977,-86.9296,26.7202,31.7877835847979,63,63,63,63,61,63,0.437346,7818,1.13366707078925,27,-87,0.001869,51,2026-07-23 06:26:58.000681,96,1.037,0.0011,"aoml_navis",1023.72213355166
"7901009",117,0.418752570513934,1,0.497154,1,0.474726,1,187.818157487071,1,4.88382725260962,98,1,27.8600006103516,36.2330017089844,0.497153997421265,0.426995724439621,181.110595703125,-86.9296,26.7202,31.7877835847979,63,63,63,63,61,63,0.474726,7818,1.13366707078925,27,-87,0.001869,51,2026-07-23 06:26:58.000681,98,1.037,0.0011,"aoml_navis",1023.78723517059
"7901009",117,0.403914881007535,1,0.480333,1,0.457905,1,187.545115931382,1,4.88340913068643,100,1,27.6089992523193,36.2290000915527,0.480333000421524,0.412158042192459,180.847305297852,-86.9296,26.7202,31.7877835847979,63,63,63,63,61,63,0.457905,7818,1.13366707078925,27,-87,0.001869,51,2026-07-23 06:26:58.000681,100,1.037,0.0011,"aoml_navis",1023.87489276312
"7901009",117,0.347861387316693,1,0.416787,1,0.394359,1,187.018812706682,1,4.88306383680593,102,1,27.3920001983643,36.2200012207031,0.416786998510361,0.356104552745819,180.339797973633,-86.9296,26.7202,31.7877835847979,63,63,63,63,61,63,0.394359,7818,1.13366707078925,27,-87,0.001869,51,2026-07-23 06:26:58.000681,102,1.037,0.0011,"aoml_navis",1023.94729356448
"7901009",117,0.349510019484071,1,0.418656,1,0.396228,1,183.957804035831,1,4.8827128462253,104.099998474121,1,27.2600002288818,36.2490005493164,0.41865599155426,0.357753187417984,177.388107299805,-86.9296,26.7202,31.7877835847979,63,63,63,63,61,63,0.396228,7818,1.13366707078925,27,-87,0.001869,51,2026-07-23 06:26:58.000681,104.099998474121,1.037,0.0011,"aoml_navis",1024.02089933783
"7901009",117,0.390725823668513,1,0.465381,1,0.442953,1,181.864949610226,1,4.88230140091186,106,1,27.1229991912842,36.2939987182617,0.465380996465683,0.398968994617462,175.369995117188,-86.9296,26.7202,31.7877835847979,63,63,63,63,61,63,0.442953,7818,1.13366707078925,27,-87,0.001869,51,2026-07-23 06:26:58.000681,106,1.037,0.0011,"aoml_navis",1024.10719646807
"7901009",117,0.415455306179179,1,0.493416,1,0.470988,1,180.7177794786,1,4.88203301650015,108,1,27.0310001373291,36.318000793457,0.493416011333466,0.423698455095291,174.263793945312,-86.9296,26.7202,31.7877835847979,63,63,63,63,61,63,0.470988,7818,1.13366707078925,27,-87,0.001869,51,2026-07-23 06:26:58.000681,108,1.037,0.0011,"aoml_navis",1024.16349563822
"7901009",117,0.387428559333758,1,0.461643,1,0.439215,1,179.276727702682,1,4.8818264048584,110,1,26.951000213623,36.3300018310547,0.461643010377884,0.39567169547081,172.874206542969,-86.9296,26.7202,31.7877835847979,63,63,63,63,61,63,0.439215,7818,1.13366707078925,27,-87,0.001869,51,2026-07-23 06:26:58.000681,110,1.037,0.0011,"aoml_navis",1024.20684091184
"7901009",117,0.370942237659981,1,0.442953,1,0.420525,1,177.26093571557,1,4.88153691835431,112,1,26.9409999847412,36.3950004577637,0.442952990531921,0.379185378551483,170.930404663086,-86.9296,26.7202,31.7877835847979,63,63,63,63,61,63,0.420525,7818,1.13366707078925,27,-87,0.001869,51,2026-07-23 06:26:58.000681,112,1.037,0.0011,"aoml_navis",1024.26757876198
"7901009",117,0.341266858647183,1,0.409311,1,0.386883,1,174.561012831985,1,4.88123161560145,114,1,26.8549995422363,36.431999206543,0.40931099653244,0.349510014057159,168.326904296875,-86.9296,26.7202,31.7877835847979,63,63,63,63,61,63,0.386883,7818,1.13366707078925,27,-87,0.001869,51,2026-07-23 06:26:58.000681,114,1.037,0.0011,"aoml_navis",1024.33164286221
"7901009",117,0.34291549081456,1,0.41118,1,0.388752,1,173.830517881141,1,4.88102272344881,116,1,26.7919998168945,36.4519996643066,0.41117998957634,0.351158648729324,167.622497558594,-86.9296,26.7202,31.7877835847979,63,63,63,63,61,63,0.388752,7818,1.13366707078925,27,-87,0.001869,51,2026-07-23 06:26:58.000681,116,1.037,0.0011,"aoml_navis",1024.37548097853
"7901009",117,0.311591479634384,1,0.375669,1,0.353241,1,174.257984968094,1,4.88082449284447,118,1,26.7099990844727,36.4609985351562,0.375669002532959,0.319834619760513,168.034698486328,-86.9296,26.7202,31.7877835847979,63,63,63,63,61,63,0.353241,7818,1.13366707078925,27,-87,0.001869,51,2026-07-23 06:26:58.000681,118,1.037,0.0011,"aoml_navis",1024.41708513188
"7901009",117,0.301699686630118,1,0.364455,1,0.342027,1,173.746208092169,1,4.88067511680109,120,1,26.7000007629395,36.4869995117188,0.364455014467239,0.309942841529846,167.541198730469,-86.9296,26.7202,31.7877835847979,63,63,63,63,61,63,0.342027,7818,1.13366707078925,27,-87,0.001869,51,2026-07-23 06:26:58.000681,120,1.037,0.0011,"aoml_navis",1024.44843804255
"7901009",117,0.27861883628683,1,0.338289,1,0.315861,1,172.973827253298,1,4.88048667291203,122,1,26.6620006561279,36.5120010375977,0.338288992643356,0.28686198592186,166.796401977539,-86.9296,26.7202,31.7877835847979,63,63,63,63,61,63,0.315861,7818,1.13366707078925,27,-87,0.001869,51,2026-07-23 06:26:58.000681,122,1.037,0.0011,"aoml_navis",1024.48799373868
"7901009",117,0.217619446093856,1,0.269136,1,0.246708,1,171.010190871375,1,4.88017907178561,124,1,26.6070003509521,36.5629997253418,0.269136011600494,0.225862592458725,164.902893066406,-86.9296,26.7202,31.7877835847979,63,63,63,63,61,63,0.246708,7818,1.13366707078925,27,-87,0.001869,51,2026-07-23 06:26:58.000681,124,1.037,0.0011,"aoml_navis",1024.55256793898
"7901009",117,0.169809113239902,1,0.214935,1,0.192507,1,168.897651502549,1,4.87981133171415,126,1,26.4200000762939,36.5750007629395,0.214935004711151,0.17805227637291,162.865798950195,-86.9296,26.7202,31.7877835847979,63,63,63,63,61,63,0.192507,7818,1.13366707078925,27,-87,0.001869,51,2026-07-23 06:26:58.000681,126,1.037,0.0011,"aoml_navis",1024.6297776934
"7901009",117,0.145079630729237,1,0.1869,1,0.164472,1,167.614838820047,1,4.8796447870425,128,1,26.363000869751,36.5859985351562,0.18690000474453,0.153322800993919,161.628799438477,-86.9296,26.7202,31.7877835847979,63,63,63,63,61,63,0.164472,7818,1.13366707078925,27,-87,0.001869,51,2026-07-23 06:26:58.000681,128,1.037,0.0011,"aoml_navis",1024.66474881063
"7901009",117,0.121998780385949,1,0.160734,1,0.138306,1,165.615123924826,1,4.87933310273513,130,1,26.2549991607666,36.6160011291504,0.160733997821808,0.130241945385933,159.700500488281,-86.9296,26.7202,31.7877835847979,63,63,63,63,61,63,0.138306,7818,1.13366707078925,27,-87,0.001869,51,2026-07-23 06:26:58.000681,130,1.037,0.0011,"aoml_navis",1024.73020282162
"7901009",117,0.118701516051194,1,0.156996,1,0.134568,1,164.192617770657,1,4.87898199586372,132,1,26.1420001983643,36.6549987792969,0.156995996832848,0.126944676041603,158.328796386719,-86.9296,26.7202,31.7877835847979,63,63,63,63,61,63,0.134568,7818,1.13366707078925,27,-87,0.001869,51,2026-07-23 06:26:58.000681,132,1.037,0.0011,"aoml_navis",1024.80394562613
"7901009",117,0.10716109087955,1,0.143913,1,0.121485,1,162.184706090396,1,4.87868322171046,134,1,26.0540008544922,36.689998626709,0.143913000822067,0.11540424823761,156.392593383789,-86.9296,26.7202,31.7877835847979,63,63,63,63,61,63,0.121485,7818,1.13366707078925,27,-87,0.001869,51,2026-07-23 06:26:58.000681,134,1.037,0.0011,"aoml_navis",1024.86670537445
"7901009",117,0.0906747692057731,1,0.125223,1,0.102795,1,159.971257651699,1,4.87818532714811,136,1,25.8519992828369,36.7330017089844,0.125222995877266,0.0989179238677025,154.258193969727,-86.9296,26.7202,31.7877835847979,63,63,63,63,61,63,0.102795,7818,1.13366707078925,27,-87,0.001869,51,2026-07-23 06:26:58.000681,136,1.037,0.0011,"aoml_navis",1024.97130893613
"7901009",117,0.0873775048710178,1,0.121485,1,0.099057,1,158.116220759587,1,4.87779064515255,138,1,25.6870002746582,36.7630004882812,0.121485002338886,0.0956206619739532,152.46940612793,-86.9296,26.7202,31.7877835847979,63,63,63,63,61,63,0.099057,7818,1.13366707078925,27,-87,0.001869,51,2026-07-23 06:26:58.000681,138,1.037,0.0011,"aoml_navis",1025.05424355777
"7901009",117,0.0824316083688847,1,0.115878,1,0.09345,1,156.429376199867,1,4.87764934148564,140,1,25.6459999084473,36.773998260498,0.115878000855446,0.0906747728586197,150.842803955078,-86.9296,26.7202,31.7877835847979,63,63,63,63,61,63,0.09345,7818,1.13366707078925,27,-87,0.001869,51,2026-07-23 06:26:58.000681,140,1.037,0.0011,"aoml_navis",1025.08393899368
"7901009",117,0.0840802405362624,1,0.117747,1,0.095319,1,154.380607185687,1,4.87730592321312,142,1,25.4759998321533,36.7879981994629,0.117747001349926,0.0923233926296234,148.867202758789,-86.9296,26.7202,31.7877835847979,63,63,63,63,61,63,0.095319,7818,1.13366707078925,27,-87,0.001869,51,2026-07-23 06:26:58.000681,142,1.037,0.0011,"aoml_navis",1025.15611665918
"7901009",117,0.080782976201507,1,0.114009,1,0.091581,1,153.282696883842,1,4.87689166017318,144,1,25.2670001983643,36.8059997558594,0.114009000360966,0.0890261381864548,147.808502197266,-86.9296,26.7202,31.7877835847979,63,63,63,63,61,63,0.091581,7818,1.13366707078925,27,-87,0.001869,51,2026-07-23 06:26:58.000681,144,1.037,0.0011,"aoml_navis",1025.24319759493
"7901009",117,0.080782976201507,1,0.114009,1,0.091581,1,152.019996390113,1,4.87665091233505,146,1,25.1580009460449,36.8170013427734,0.114009000360966,0.0890261381864548,146.590896606445,-86.9296,26.7202,31.7877835847979,63,63,63,63,61,63,0.091581,7818,1.13366707078925,27,-87,0.001869,51,2026-07-23 06:26:58.000681,146,1.037,0.0011,"aoml_navis",1025.29381124102
"7901009",117,0.0741884475319962,1,0.106533,1,0.084105,1,150.108642204655,1,4.87639517401065,148,1,25.0629997253418,36.8380012512207,0.106532998383045,0.0824316069483757,144.747802734375,-86.9296,26.7202,31.7877835847979,63,63,63,63,61,63,0.084105,7818,1.13366707078925,27,-87,0.001869,51,2026-07-23 06:26:58.000681,148,1.037,0.0011,"aoml_navis",1025.34758188756
"7901009",117,0.0989179300426616,1,0.134568,1,0.11214,1,148.454980382824,1,4.87592596851643,150,1,24.75,36.8300018310547,0.134568005800247,0.107161089777946,143.153198242188,-86.9296,26.7202,31.7877835847979,63,63,63,63,61,63,0.11214,7818,1.13366707078925,27,-87,0.001869,51,2026-07-23 06:26:58.000681,150,1.037,0.0011,"aoml_navis",1025.446250063
"7901009",117,0.0857288727036401,1,0.119616,1,0.097188,1,146.42529500331,1,4.87542828557662,152,1,24.4820003509521,36.8489990234375,0.119616001844406,0.0939720273017883,141.195999145508,-86.9296,26.7202,31.7877835847979,63,63,63,63,61,63,0.097188,7818,1.13366707078925,27,-87,0.001869,51,2026-07-23 06:26:58.000681,152,1.037,0.0011,"aoml_navis",1025.55092745224
"7901009",117,0.0708911831972408,1,0.102795,1,0.080367,1,145.348857746441,1,4.87501718543041,154,1,24.3099994659424,36.882999420166,0.102794997394085,0.0791343450546265,140.158004760742,-86.9296,26.7202,31.7877835847979,63,63,63,63,61,63,0.080367,7818,1.13366707078925,27,-87,0.001869,51,2026-07-23 06:26:58.000681,154,1.037,0.0011,"aoml_navis",1025.63741004711
"7901009",117,0.0511075971887085,1,0.080367,1,0.057939,1,144.880628269024,1,4.87467724302152,156,1,24.0939998626709,36.8800010681152,0.0803669989109039,0.0593507587909698,139.706497192383,-86.9296,26.7202,31.7877835847979,63,63,63,63,61,63,0.057939,7818,1.13366707078925,27,-87,0.001869,51,2026-07-23 06:26:58.000681,156,1.037,0.0011,"aoml_navis",1025.70893430081
"7901009",117,0.0478103328539531,1,0.076629,1,0.054201,1,143.647803316132,1,4.87437707832586,158,1,23.9300003051758,36.8870010375977,0.0766289979219437,0.0560534931719303,138.517700195312,-86.9296,26.7202,31.7877835847979,63,63,63,63,61,63,0.054201,7818,1.13366707078925,27,-87,0.001869,51,2026-07-23 06:26:58.000681,158,1.037,0.0011,"aoml_navis",1025.77209757381
"7901009",117,0.0346212755149316,1,0.061677,1,0.039249,1,142.949146070884,1,4.87383908700635,160,1,23.6100006103516,36.898998260498,0.0616770014166832,0.0428644381463528,137.843994140625,-86.9296,26.7202,31.7877835847979,63,63,63,63,61,63,0.039249,7818,1.13366707078925,27,-87,0.001869,51,2026-07-23 06:26:58.000681,160,1.037,0.0011,"aoml_navis",1025.88532586765
"7901009",117,0.0362699076823093,1,0.063546,1,0.041118,1,142.646023263537,1,4.87356669316235,162,1,23.4559993743896,36.9029998779297,0.0635460019111633,0.0445130690932274,137.551696777344,-86.9296,26.7202,31.7877835847979,63,63,63,63,61,63,0.041118,7818,1.13366707078925,27,-87,0.001869,51,2026-07-23 06:26:58.000681,162,1.037,0.0011,"aoml_navis",1025.94266474593
"7901009",117,0.0313240111801762,1,0.057939,1,0.035511,1,142.389359454017,1,4.87337626804645,164,1,23.3470001220703,36.9020004272461,0.0579390004277229,0.0395671725273132,137.30419921875,-86.9296,26.7202,31.7877835847979,63,63,63,63,61,63,0.035511,7818,1.13366707078925,27,-87,0.001869,51,2026-07-23 06:26:58.000681,164,1.037,0.0011,"aoml_navis",1025.98275302151
"7901009",117,0.0329726433475539,1,0.059808,1,0.03738,1,142.289494762162,1,4.87322126005474,166,1,23.2630004882812,36.9010009765625,0.0598080009222031,0.0412158034741879,137.207901000977,-86.9296,26.7202,31.7877835847979,63,63,63,63,61,63,0.03738,7818,1.13366707078925,27,-87,0.001869,51,2026-07-23 06:26:58.000681,166,1.037,0.0011,"aoml_navis",1026.0153876009
"7901009",117,0.0362699076823093,1,0.063546,1,0.041118,1,142.142648883472,1,4.87311960543297,168,1,23.2169990539551,36.9000015258789,0.0635460019111633,0.0445130690932274,137.066299438477,-86.9296,26.7202,31.7877835847979,63,63,63,63,61,63,0.041118,7818,1.13366707078925,27,-87,0.001869,51,2026-07-23 06:26:58.000681,168,1.037,0.0011,"aoml_navis",1026.03679056545
"7901009",117,0.0379185398496869,1,0.065415,1,0.042987,1,142.051075920113,1,4.87299474886572,170,1,23.1439990997314,36.8950004577637,0.0654150024056435,0.0461616963148117,136.977996826172,-86.9296,26.7202,31.7877835847979,63,63,63,63,61,63,0.042987,7818,1.13366707078925,27,-87,0.001869,51,2026-07-23 06:26:58.000681,170,1.037,0.0011,"aoml_navis",1026.0630798266
"7901009",117,0.0263781146780431,1,0.052332,1,0.029904,1,142.010012875371,1,4.87273041195229,172,1,22.9549999237061,36.8839988708496,0.0523319989442825,0.0346212722361088,136.938400268555,-86.9296,26.7202,31.7877835847979,63,63,63,63,61,63,0.029904,7818,1.13366707078925,27,-87,0.001869,51,2026-07-23 06:26:58.000681,172,1.037,0.0011,"aoml_navis",1026.11874191429
"7901009",117,0.0230808503432877,1,0.048594,1,0.026166,1,141.846267061505,1,4.87244112245595,174,1,22.7600002288818,36.8779983520508,0.0485940016806126,0.0313240103423595,136.780502319336,-86.9296,26.7202,31.7877835847979,63,63,63,63,61,63,0.026166,7818,1.13366707078925,27,-87,0.001869,51,2026-07-23 06:26:58.000681,174,1.037,0.0011,"aoml_navis",1026.17966525161
"7901009",117,0.02143221817591,1,0.046725,1,0.024297,1,141.103745939561,1,4.87228517515259,176,1,22.673999786377,36.8769989013672,0.0467250011861324,0.0296753793954849,136.064498901367,-86.9296,26.7202,31.7877835847979,63,63,63,63,61,63,0.024297,7818,1.13366707078925,27,-87,0.001869,51,2026-07-23 06:26:58.000681,176,1.037,0.0011,"aoml_navis",1026.21251019926
"7901009",117,0.0230808503432877,1,0.048594,1,0.026166,1,139.714121869004,1,4.87218207753111,178,1,22.621000289917,36.8740005493164,0.0485940016806126,0.0313240103423595,134.724502563477,-86.9296,26.7202,31.7877835847979,63,63,63,63,61,63,0.026166,7818,1.13366707078925,27,-87,0.001869,51,2026-07-23 06:26:58.000681,178,1.037,0.0011,"aoml_navis",1026.23422532962
"7901009",117,0.0329726433475539,1,0.059808,1,0.03738,1,138.234269867381,1,4.87201628252313,180,1,22.5380001068115,36.8769989013672,0.0598080009222031,0.0412158034741879,133.297500610352,-86.9296,26.7202,31.7877835847979,63,63,63,63,61,63,0.03738,7818,1.13366707078925,27,-87,0.001869,51,2026-07-23 06:26:58.000681,180,1.037,0.0011,"aoml_navis",1026.26914814221
"7901009",117,0.0329726433475539,1,0.059808,1,0.03738,1,138.35902556863,1,4.87190127146695,182,1,22.4839992523193,36.8769989013672,0.0598080009222031,0.0412158034741879,133.41780090332,-86.9296,26.7202,31.7877835847979,63,63,63,63,61,63,0.03738,7818,1.13366707078925,27,-87,0.001869,51,2026-07-23 06:26:58.000681,182,1.037,0.0011,"aoml_navis",1026.29337529545
"7901009",117,0.0247294825106654,1,0.050463,1,0.028035,1,138.944320327356,1,4.8716999914044,184,1,22.3509998321533,36.8709983825684,0.0504629984498024,0.0329726450145245,133.982192993164,-86.9296,26.7202,31.7877835847979,63,63,63,63,61,63,0.028035,7818,1.13366707078925,27,-87,0.001869,51,2026-07-23 06:26:58.000681,184,1.037,0.0011,"aoml_navis",1026.33577782334
"7901009",117,0.0164863216737769,1,0.041118,1,0.01869,1,138.597950775778,1,4.8715611085798,186,1,22.2660007476807,36.8660011291504,0.041117999702692,0.0247294809669256,133.648193359375,-86.9296,26.7202,31.7877835847979,63,63,63,63,61,63,0.01869,7818,1.13366707078925,27,-87,0.001869,51,2026-07-23 06:26:58.000681,186,1.037,0.0011,"aoml_navis",1026.36503752236
"7901009",117,0.0197835860085323,1,0.044856,1,0.022428,1,137.077557918422,1,4.87150140051643,188,1,22.2390003204346,36.8610000610352,0.0448560006916523,0.0280267465859652,132.182098388672,-86.9296,26.7202,31.7877835847979,63,63,63,63,61,63,0.022428,7818,1.13366707078925,27,-87,0.001869,51,2026-07-23 06:26:58.000681,188,1.037,0.0011,"aoml_navis",1026.37761727215
"7901009",117,0.0247294825106654,1,0.050463,1,0.028035,1,135.492239561038,1,4.87123310763246,190,1,22.05299949646,36.8540000915527,0.0504629984498024,0.0329726450145245,130.653396606445,-86.9296,26.7202,31.7877835847979,63,63,63,63,61,63,0.028035,7818,1.13366707078925,27,-87,0.001869,51,2026-07-23 06:26:58.000681,190,1.037,0.0011,"aoml_navis",1026.43414706756
"7901009",117,0.0181349538411546,1,0.042987,1,0.020559,1,136.185089431558,1,4.87089135705199,192,1,21.7900009155273,36.8390007019043,0.0429870001971722,0.0263781137764454,131.321502685547,-86.9296,26.7202,31.7877835847979,63,63,63,63,61,63,0.020559,7818,1.13366707078925,27,-87,0.001869,51,2026-07-23 06:26:58.000681,192,1.037,0.0011,"aoml_navis",1026.50616355076
"7901009",117,0.0197835860085323,1,0.044856,1,0.022428,1,136.449222126288,1,4.8707624043063,194,1,21.7029991149902,36.8310012817383,0.0448560006916523,0.0280267465859652,131.576202392578,-86.9296,26.7202,31.7877835847979,63,63,63,63,61,63,0.022428,7818,1.13366707078925,27,-87,0.001869,51,2026-07-23 06:26:58.000681,194,1.037,0.0011,"aoml_navis",1026.53334015624
"7901009",117,0.0148376895063992,1,0.039249,1,0.016821,1,137.200240687547,1,4.87058215006953,196,1,21.57200050354,36.8209991455078,0.0392489992082119,0.0230808481574059,132.300399780273,-86.9296,26.7202,31.7877835847979,63,63,63,63,61,63,0.016821,7818,1.13366707078925,27,-87,0.001869,51,2026-07-23 06:26:58.000681,196,1.037,0.0011,"aoml_navis",1026.57133088878
"7901009",117,0.0131890573390215,1,0.03738,1,0.014952,1,137.976767390666,1,4.87037953069372,198,1,21.4209995269775,36.810001373291,0.0373799987137318,0.0214322190731764,133.049194335938,-86.9296,26.7202,31.7877835847979,63,63,63,63,61,63,0.014952,7818,1.13366707078925,27,-87,0.001869,51,2026-07-23 06:26:58.000681,198,1.037,0.0011,"aoml_navis",1026.6140386985
"7901009",117,0.00989179300426616,1,0.033642,1,0.011214,1,138.555653466108,1,4.8701980367219,200,1,21.2880001068115,36.7999992370605,0.0336420014500618,0.0181349534541368,133.607406616211,-86.9296,26.7202,31.7877835847979,63,63,63,63,61,63,0.011214,7818,1.13366707078925,27,-87,0.001869,51,2026-07-23 06:26:58.000681,200,1.037,0.0011,"aoml_navis",1026.65229674428
"7901009",117,0.0115404251716439,1,0.035511,1,0.013083,1,139.056844146684,1,4.87001352218222,202,1,21.1439990997314,36.7869987487793,0.0355109982192516,0.0197835862636566,134.090698242188,-86.9296,26.7202,31.7877835847979,63,63,63,63,61,63,0.013083,7818,1.13366707078925,27,-87,0.001869,51,2026-07-23 06:26:58.000681,202,1.037,0.0011,"aoml_navis",1026.69119443421
"7901009",117,0.0164863216737769,1,0.041118,1,0.01869,1,139.396472712882,1,4.86989591930989,204,1,21.0639991760254,36.7789993286133,0.041117999702692,0.0247294809669256,134.418197631836,-86.9296,26.7202,31.7877835847979,63,63,63,63,61,63,0.01869,7818,1.13366707078925,27,-87,0.001869,51,2026-07-23 06:26:58.000681,204,1.037,0.0011,"aoml_navis",1026.71598794837
"7901009",117,0.00659452866951077,1,0.029904,1,0.007476,1,139.874655429274,1,4.8697496788005,206,1,20.9619998931885,36.7709999084473,0.0299040004611015,0.0148376896977425,134.879302978516,-86.9296,26.7202,31.7877835847979,63,63,63,63,61,63,0.007476,7818,1.13366707078925,27,-87,0.001869,51,2026-07-23 06:26:58.000681,206,1.037,0.0011,"aoml_navis",1026.74682063567
"7901009",117,0.00494589650213308,1,0.028035,1,0.005607,1,140.319639583868,1,4.86964473315479,208,1,20.8939990997314,36.7639999389648,0.0280349999666214,0.0131890568882227,135.308395385742,-86.9296,26.7202,31.7877835847979,63,63,63,63,61,63,0.005607,7818,1.13366707078925,27,-87,0.001869,51,2026-07-23 06:26:58.000681,208,1.037,0.0011,"aoml_navis",1026.76894804208
"7901009",117,0.00659452866951077,1,0.029904,1,0.007476,1,140.830277138321,1,4.86955659923984,210,1,20.8470001220703,36.7599983215332,0.0299040004611015,0.0148376896977425,135.800796508789,-86.9296,26.7202,31.7877835847979,63,63,63,63,61,63,0.007476,7818,1.13366707078925,27,-87,0.001869,51,2026-07-23 06:26:58.000681,210,1.037,0.0011,"aoml_navis",1026.78753149322
"7901009",117,0.00164863216737769,1,0.024297,1,0.001869,1,140.879236313823,1,4.86943297140754,212,1,20.7700004577637,36.7550010681152,0.0242970008403063,0.00989179313182831,135.848007202148,-86.9296,26.7202,31.7877835847979,63,63,63,63,61,63,0.001869,7818,1.13366707078925,27,-87,0.001869,51,2026-07-23 06:26:58.000681,212,1.037,0.0011,"aoml_navis",1026.81360013766
"7901009",117,0.00164863216737769,1,0.024297,1,0.001869,1,140.456642990948,1,4.86932040497712,214,1,20.693000793457,36.7470016479492,0.0242970008403063,0.00989179313182831,135.440505981445,-86.9296,26.7202,31.7877835847979,63,63,63,63,61,63,0.001869,7818,1.13366707078925,27,-87,0.001869,51,2026-07-23 06:26:58.000681,214,1.037,0.0011,"aoml_navis",1026.83733748334
"7901009",117,0.00494589650213308,1,0.028035,1,0.005607,1,140.108406218068,1,4.8691890332927,216,1,20.5930004119873,36.7360000610352,0.0280349999666214,0.0131890568882227,135.104705810547,-86.9296,26.7202,31.7877835847979,63,63,63,63,61,63,0.005607,7818,1.13366707078925,27,-87,0.001869,51,2026-07-23 06:26:58.000681,216,1.037,0.0011,"aoml_navis",1026.86504175806
"7901009",117,0.00989179300426616,1,0.033642,1,0.011214,1,140.088483916207,1,4.86908420389848,218,1,20.5160007476807,36.726001739502,0.0336420014500618,0.0181349534541368,135.085494995117,-86.9296,26.7202,31.7877835847979,63,63,63,63,61,63,0.011214,7818,1.13366707078925,27,-87,0.001869,51,2026-07-23 06:26:58.000681,218,1.037,0.0011,"aoml_navis",1026.887149743
"7901009",117,0.00494589650213308,1,0.028035,1,0.005607,1,139.981989006338,1,4.86899074490082,220,1,20.4559993743896,36.7190017700195,0.0280349999666214,0.0131890568882227,134.982803344727,-86.9296,26.7202,31.7877835847979,63,63,63,63,61,63,0.005607,7818,1.13366707078925,27,-87,0.001869,51,2026-07-23 06:26:58.000681,220,1.037,0.0011,"aoml_navis",1026.90686057195
"7901009",117,0.00659452866951077,1,0.029904,1,0.007476,1,139.797086625682,1,4.8689266241823,222,1,20.4270000457764,36.7150001525879,0.0299040004611015,0.0148376896977425,134.804504394531,-86.9296,26.7202,31.7877835847979,63,63,63,63,61,63,0.007476,7818,1.13366707078925,27,-87,0.001869,51,2026-07-23 06:26:58.000681,222,1.037,0.0011,"aoml_navis",1026.92038429306
"7901009",117,0.00494589650213308,1,0.028035,1,0.005607,1,139.820727546238,1,4.86885736894313,224,1,20.3939990997314,36.7109985351562,0.0280349999666214,0.0131890568882227,134.827301025391,-86.9296,26.7202,31.7877835847979,63,63,63,63,61,63,0.005607,7818,1.13366707078925,27,-87,0.001869,51,2026-07-23 06:26:58.000681,224,1.037,0.0011,"aoml_navis",1026.93499133768
"7901009",117,0.00494589650213308,1,0.028035,1,0.005607,1,139.846029977275,1,4.86878401496152,226,1,20.3549995422363,36.7060012817383,0.0280349999666214,0.0131890568882227,134.851699829102,-86.9296,26.7202,31.7877835847979,63,63,63,63,61,63,0.005607,7818,1.13366707078925,27,-87,0.001869,51,2026-07-23 06:26:58.000681,226,1.037,0.0011,"aoml_navis",1026.95046332621
"7901009",117,0.00659452866951077,1,0.029904,1,0.007476,1,139.820316124595,1,4.86869142041083,228,1,20.3010005950928,36.701000213623,0.0299040004611015,0.0148376896977425,134.826904296875,-86.9296,26.7202,31.7877835847979,63,63,63,63,61,63,0.007476,7818,1.13366707078925,27,-87,0.001869,51,2026-07-23 06:26:58.000681,228,1.037,0.0011,"aoml_navis",1026.969994245
"7901009",117,0.00494589650213308,1,0.028035,1,0.005607,1,140.050110936054,1,4.8686153945116,230,1,20.2569999694824,36.6949996948242,0.0280349999666214,0.0131890568882227,135.048492431641,-86.9296,26.7202,31.7877835847979,63,63,63,63,61,63,0.005607,7818,1.13366707078925,27,-87,0.001869,51,2026-07-23 06:26:58.000681,230,1.037,0.0011,"aoml_navis",1026.98603090244
"7901009",117,0.00659452866951077,1,0.029904,1,0.007476,1,140.264683146725,1,4.86852427964192,232,1,20.2040004730225,36.689998626709,0.0299040004611015,0.0148376896977425,135.255401611328,-86.9296,26.7202,31.7877835847979,63,63,63,63,61,63,0.007476,7818,1.13366707078925,27,-87,0.001869,51,2026-07-23 06:26:58.000681,232,1.037,0.0011,"aoml_navis",1027.00525103836
"7901009",117,0.00824316083688847,1,0.031773,1,0.009345,1,140.070238948736,1,4.86843559638022,234,1,20.1499996185303,36.6839981079102,0.0317730009555817,0.0164863225072622,135.067901611328,-86.9296,26.7202,31.7877835847979,63,63,63,63,61,63,0.009345,7818,1.13366707078925,27,-87,0.001869,51,2026-07-23 06:26:58.000681,234,1.037,0.0011,"aoml_navis",1027.02395893202
"7901009",117,0.00824316083688847,1,0.031773,1,0.009345,1,140.069305338085,1,4.86838330760915,236,1,20.1299991607666,36.6800003051758,0.0317730009555817,0.0164863225072622,135.067001342773,-86.9296,26.7202,31.7877835847979,63,63,63,63,61,63,0.009345,7818,1.13366707078925,27,-87,0.001869,51,2026-07-23 06:26:58.000681,236,1.037,0.0011,"aoml_navis",1027.03498966179
"7901009",117,0.00329726433475539,1,0.026166,1,0.003738,1,140.285728946149,1,4.86829861084788,238,1,20.0790004730225,36.673999786377,0.0261659994721413,0.0115404240787029,135.275695800781,-86.9296,26.7202,31.7877835847979,63,63,63,63,61,63,0.003738,7818,1.13366707078925,27,-87,0.001869,51,2026-07-23 06:26:58.000681,238,1.037,0.0011,"aoml_navis",1027.05285761614
"7901009",117,0.00329726433475539,1,0.026166,1,0.003738,1,140.311458622739,1,4.86823381778835,240,1,20.0520000457764,36.6710014343262,0.0261659994721413,0.0115404240787029,135.300506591797,-86.9296,26.7202,31.7877835847979,63,63,63,63,61,63,0.003738,7818,1.13366707078925,27,-87,0.001869,51,2026-07-23 06:26:58.000681,240,1.037,0.0011,"aoml_navis",1027.06652702879
"7901009",117,0.00659452866951077,1,0.029904,1,0.007476,1,140.248511111378,1,4.8681675688299,242,1,20.0209999084473,36.6669998168945,0.0299040004611015,0.0148376896977425,135.239807128906,-86.9296,26.7202,31.7877835847979,63,63,63,63,61,63,0.007476,7818,1.13366707078925,27,-87,0.001869,51,2026-07-23 06:26:58.000681,242,1.037,0.0011,"aoml_navis",1027.08050396913
"7901009",117,0.00329726433475539,1,0.026166,1,0.003738,1,140.383109284237,1,4.86809370227475,244,1,19.9839992523193,36.6629981994629,0.0261659994721413,0.0115404240787029,135.369598388672,-86.9296,26.7202,31.7877835847979,63,63,63,63,61,63,0.003738,7818,1.13366707078925,27,-87,0.001869,51,2026-07-23 06:26:58.000681,244,1.037,0.0011,"aoml_navis",1027.09608848811
"7901009",117,0,1,0.022428,1,0,1,140.600371559497,1,4.86802093641274,246,1,19.9449996948242,36.6580009460449,0.0224280003458261,0.00824316125363111,135.5791015625,-86.9296,26.7202,31.7877835847979,63,63,63,63,61,63,0,7818,1.13366707078925,27,-87,0.001869,51,2026-07-23 06:26:58.000681,246,1.037,0.0011,"aoml_navis",1027.111441243
"7901009",117,0.00329726433475539,1,0.026166,1,0.003738,1,140.910346119589,1,4.86794442343192,248,1,19.9029998779297,36.6529998779297,0.0261659994721413,0.0115404240787029,135.878005981445,-86.9296,26.7202,31.7877835847979,63,63,63,63,61,63,0.003738,7818,1.13366707078925,27,-87,0.001869,51,2026-07-23 06:26:58.000681,248,1.037,0.0011,"aoml_navis",1027.12758509165
"7901009",117,0.00329726433475539,1,0.026166,1,0.003738,1,141.058742741394,1,4.86787834271896,250,1,19.8719997406006,36.648998260498,0.0261659994721413,0.0115404240787029,136.021102905273,-86.9296,26.7202,31.7877835847979,63,63,63,63,61,63,0.003738,7818,1.13366707078925,27,-87,0.001869,51,2026-07-23 06:26:58.000681,250,1.037,0.0011,"aoml_navis",1027.14152819342
"7901009",117,0.00164863216737769,1,0.024297,1,0.001869,1,141.310643554202,1,4.8677901288062,252,1,19.8150005340576,36.6419982910156,0.0242970008403063,0.00989179313182831,136.264007568359,-86.9296,26.7202,31.7877835847979,63,63,63,63,61,63,0.001869,7818,1.13366707078925,27,-87,0.001869,51,2026-07-23 06:26:58.000681,252,1.037,0.0011,"aoml_navis",1027.16014201422
"7901009",117,0,1,0.022428,1,0,1,141.695575972845,1,4.86772394209111,254,1,19.7810001373291,36.6370010375977,0.0224280003458261,0.00824316125363111,136.635192871094,-86.9296,26.7202,31.7877835847979,63,63,63,63,61,63,0,7818,1.13366707078925,27,-87,0.001869,51,2026-07-23 06:26:58.000681,254,1.037,0.0011,"aoml_navis",1027.17410836821
"7901009",117,0.00164863216737769,1,0.024297,1,0.001869,1,142.136430087101,1,4.86764496434547,256,1,19.7339992523193,36.6310005187988,0.0242970008403063,0.00989179313182831,137.060302734375,-86.9296,26.7202,31.7877835847979,63,63,63,63,61,63,0.001869,7818,1.13366707078925,27,-87,0.001869,51,2026-07-23 06:26:58.000681,256,1.037,0.0011,"aoml_navis",1027.1907743116
"7901009",117,0,1,0.022428,1,0,1,142.885375716237,1,4.86751721190763,258,1,19.6340007781982,36.6199989318848,0.0224280003458261,0.00824316125363111,137.782501220703,-86.9296,26.7202,31.7877835847979,63,63,63,63,61,63,0,7818,1.13366707078925,27,-87,0.001869,51,2026-07-23 06:26:58.000681,258,1.037,0.0011,"aoml_navis",1027.21773387226
"7901009",117,0,1,0.022428,1,0,1,143.842247514122,1,4.86742321217345,260,1,19.57200050354,36.6129989624023,0.0224280003458261,0.00824316125363111,138.705200195312,-86.9296,26.7202,31.7877835847979,63,63,63,63,61,63,0,7818,1.13366707078925,27,-87,0.001869,51,2026-07-23 06:26:58.000681,260,1.037,0.0011,"aoml_navis",1027.23757151319
"7901009",117,-0.00164863216737769,1,0.020559,1,-0.001869,1,144.702371930292,1,4.86730014737705,262,1,19.4810009002686,36.6040000915527,0.020558999851346,0.00659452844411135,139.534606933594,-86.9296,26.7202,31.7877835847979,63,63,63,63,61,63,-0.001869,7818,1.13366707078925,27,-87,0.001869,51,2026-07-23 06:26:58.000681,262,1.037,0.0011,"aoml_navis",1027.26354418362
"7901009",117,-0.00329726433475539,1,0.01869,1,-0.003738,1,145.291606842443,1,4.86721447758751,264,1,19.4340000152588,36.5999984741211,0.0186899993568659,0.00494589656591415,140.102798461914,-86.9296,26.7202,31.7877835847979,63,63,63,63,61,63,-0.003738,7818,1.13366707078925,27,-87,0.001869,51,2026-07-23 06:26:58.000681,264,1.037,0.0011,"aoml_navis",1027.2816254603
"7901009",117,-0.00329726433475539,1,0.01869,1,-0.003738,1,145.674070731229,1,4.86714390730864,266,1,19.3990001678467,36.5960006713867,0.0186899993568659,0.00494589656591415,140.471603393555,-86.9296,26.7202,31.7877835847979,63,63,63,63,61,63,-0.003738,7818,1.13366707078925,27,-87,0.001869,51,2026-07-23 06:26:58.000681,266,1.037,0.0011,"aoml_navis",1027.29652034571
"7901009",117,-0.00329726433475539,1,0.01869,1,-0.003738,1,145.712332944017,1,4.86708632749465,268,1,19.382999420166,36.5950012207031,0.0186899993568659,0.00494589656591415,140.508499145508,-86.9296,26.7202,31.7877835847979,63,63,63,63,61,63,-0.003738,7818,1.13366707078925,27,-87,0.001869,51,2026-07-23 06:26:58.000681,268,1.037,0.0011,"aoml_navis",1027.30867372426
"7901009",117,-0.00164863216737769,1,0.020559,1,-0.001869,1,145.614857662473,1,4.86702487585272,270,1,19.3610000610352,36.5929985046387,0.020558999851346,0.00659452844411135,140.414505004883,-86.9296,26.7202,31.7877835847979,63,63,63,63,61,63,-0.001869,7818,1.13366707078925,27,-87,0.001869,51,2026-07-23 06:26:58.000681,270,1.037,0.0011,"aoml_navis",1027.32164464723
"7901009",117,-0.00164863216737769,1,0.020559,1,-0.001869,1,145.300737238133,1,4.86697454287622,272,1,19.3449993133545,36.5900001525879,0.020558999851346,0.00659452844411135,140.111602783203,-86.9296,26.7202,31.7877835847979,63,63,63,63,61,63,-0.001869,7818,1.13366707078925,27,-87,0.001869,51,2026-07-23 06:26:58.000681,272,1.037,0.0011,"aoml_navis",1027.33226893872
"7901009",117,-0.00494589650213308,1,0.016821,1,-0.005607,1,145.226380688137,1,4.86691993379407,274,1,19.3139991760254,36.5830001831055,0.0168210007250309,0.00329726422205567,140.039901733398,-86.9296,26.7202,31.7877835847979,63,63,63,63,61,63,-0.005607,7818,1.13366707078925,27,-87,0.001869,51,2026-07-23 06:26:58.000681,274,1.037,0.0011,"aoml_navis",1027.34379607971
"7901009",117,-0.00494589650213308,1,0.016821,1,-0.005607,1,145.862501843668,1,4.86680349156845,276,1,19.2159996032715,36.5699996948242,0.0168210007250309,0.00329726422205567,140.653305053711,-86.9296,26.7202,31.7877835847979,63,63,63,63,61,63,-0.005607,7818,1.13366707078925,27,-87,0.001869,51,2026-07-23 06:26:58.000681,276,1.037,0.0011,"aoml_navis",1027.36837611428
"7901009",117,-0.00494589650213308,1,0.016821,1,-0.005607,1,146.643696600042,1,4.86671668621853,278,1,19.1590003967285,36.5629997253418,0.0168210007250309,0.00329726422205567,141.406600952148,-86.9296,26.7202,31.7877835847979,63,63,63,63,61,63,-0.005607,7818,1.13366707078925,27,-87,0.001869,51,2026-07-23 06:26:58.000681,278,1.037,0.0011,"aoml_navis",1027.38670080362
"7901009",117,-0.00494589650213308,1,0.016821,1,-0.005607,1,147.96073639845,1,4.86666161087548,280,1,19.1420001983643,36.5610008239746,0.0168210007250309,0.00329726422205567,142.676605224609,-86.9296,26.7202,31.7877835847979,63,63,63,63,61,63,-0.005607,7818,1.13366707078925,27,-87,0.001869,51,2026-07-23 06:26:58.000681,280,1.037,0.0011,"aoml_navis",1027.39832759823
"7901009",117,-0.00494589650213308,1,0.016821,1,-0.005607,1,150.222605999733,1,4.86658825188151,282,1,19.1189994812012,36.5620002746582,0.0168210007250309,0.00329726422205567,144.857696533203,-86.9296,26.7202,31.7877835847979,63,63,63,63,61,63,-0.005607,7818,1.13366707078925,27,-87,0.001869,51,2026-07-23 06:26:58.000681,282,1.037,0.0011,"aoml_navis",1027.41381460963
"7901009",117,-0.00329726433475539,1,0.01869,1,-0.003738,1,150.89461578165,1,4.8664838898388,284,1,19.0709991455078,36.5629997253418,0.0186899993568659,0.00494589656591415,145.505706787109,-86.9296,26.7202,31.7877835847979,63,63,63,63,61,63,-0.003738,7818,1.13366707078925,27,-87,0.001869,51,2026-07-23 06:26:58.000681,284,1.037,0.0011,"aoml_navis",1027.43584756131
"7901009",117,-0.00659452866951077,1,0.014952,1,-0.007476,1,150.498764865562,1,4.86638091684347,286,1,18.9890003204346,36.5519981384277,0.0149520002305508,0.00164863211102784,145.123992919922,-86.9296,26.7202,31.7877835847979,63,63,63,63,61,63,-0.007476,7818,1.13366707078925,27,-87,0.001869,51,2026-07-23 06:26:58.000681,286,1.037,0.0011,"aoml_navis",1027.45758818305
"7901009",117,-0.00494589650213308,1,0.016821,1,-0.005607,1,150.937435280329,1,4.86627785680288,288,1,18.8950004577637,36.5369987487793,0.0168210007250309,0.00329726422205567,145.546997070312,-86.9296,26.7202,31.7877835847979,63,63,63,63,61,63,-0.005607,7818,1.13366707078925,27,-87,0.001869,51,2026-07-23 06:26:58.000681,288,1.037,0.0011,"aoml_navis",1027.47934810385
"7901009",117,-0.00494589650213308,1,0.016821,1,-0.005607,1,151.270528571969,1,4.86620182162814,290,1,18.8549995422363,36.5330009460449,0.0168210007250309,0.00329726422205567,145.868194580078,-86.9296,26.7202,31.7877835847979,63,63,63,63,61,63,-0.005607,7818,1.13366707078925,27,-87,0.001869,51,2026-07-23 06:26:58.000681,290,1.037,0.0011,"aoml_navis",1027.49540263151
"7901009",117,-0.00824316083688847,1,0.013083,1,-0.009345,1,150.978197670793,1,4.86612618461154,292.100006103516,1,18.8139991760254,36.5279998779297,0.0130829997360706,0,145.586303710938,-86.9296,26.7202,31.7877835847979,63,63,63,63,61,63,-0.009345,7818,1.13366707078925,27,-87,0.001869,51,2026-07-23 06:26:58.000681,292.100006103516,1.037,0.0011,"aoml_navis",1027.51137358744
"7901009",117,-0.00494589650213308,1,0.016821,1,-0.005607,1,150.322676402409,1,4.86605813141377,294,1,18.7639999389648,36.5190010070801,0.0168210007250309,0.00329726422205567,144.954193115234,-86.9296,26.7202,31.7877835847979,63,63,63,63,61,63,-0.005607,7818,1.13366707078925,27,-87,0.001869,51,2026-07-23 06:26:58.000681,294,1.037,0.0011,"aoml_navis",1027.5257436243
"7901009",117,0,1,0.01869,1,-0.003738,1,149.506953875851,1,4.86598928895483,296,1,18.7119998931885,36.5089988708496,0.0186899993568659,0.00494589656591415,144.167602539062,-86.9296,26.7202,31.7877835847979,63,63,63,63,61,63,0,7818,1.13366707078925,27,-87,0.001869,51,2026-07-23 06:26:58.000681,296,1.037,0.0011,"aoml_navis",1027.54028072963
"7901009",117,0,1,0.014952,1,-0.007476,1,148.698589467138,1,4.86587247100326,298,1,18.6000003814697,36.492000579834,0.0149520002305508,0.00164863211102784,143.388107299805,-86.9296,26.7202,31.7877835847979,63,63,63,63,61,63,0,7818,1.13366707078925,27,-87,0.001869,51,2026-07-23 06:26:58.000681,298,1.037,0.0011,"aoml_navis",1027.56494951235
"7901009",117,0,1,0.014952,1,-0.007476,1,147.447298012044,1,4.86578905021576,300,1,18.5149993896484,36.4749984741211,0.0149520002305508,0.00164863211102784,142.181503295898,-86.9296,26.7202,31.7877835847979,63,63,63,63,61,63,0,7818,1.13366707078925,27,-87,0.001869,51,2026-07-23 06:26:58.000681,300,1.037,0.0011,"aoml_navis",1027.58256644486
"7901009",117,0,1,0.016821,1,-0.005607,1,146.851512001425,1,4.86567670406715,302,1,18.3999996185303,36.4560012817383,0.0168210007250309,0.00329726422205567,141.606994628906,-86.9296,26.7202,31.7877835847979,63,63,63,63,61,63,0,7818,1.13366707078925,27,-87,0.001869,51,2026-07-23 06:26:58.000681,302,1.037,0.0011,"aoml_navis",1027.60629283499
"7901009",117,0,1,0.016821,1,-0.005607,1,146.56829567203,1,4.86560377321002,304,1,18.3470001220703,36.4469985961914,0.0168210007250309,0.00329726422205567,141.333892822266,-86.9296,26.7202,31.7877835847979,63,63,63,63,61,63,0,7818,1.13366707078925,27,-87,0.001869,51,2026-07-23 06:26:58.000681,304,1.037,0.0011,"aoml_navis",1027.62169569375
"7901009",117,0,1,0.016821,1,-0.005607,1,145.980310848716,1,4.8655333321449,306,1,18.2900009155273,36.4360008239746,0.0168210007250309,0.00329726422205567,140.766906738281,-86.9296,26.7202,31.7877835847979,63,63,63,63,61,63,0,7818,1.13366707078925,27,-87,0.001869,51,2026-07-23 06:26:58.000681,306,1.037,0.0011,"aoml_navis",1027.63657315154
"7901009",117,0,1,0.022428,1,0,1,145.16912978414,1,4.86545699410618,308,1,18.2280006408691,36.4249992370605,0.0224280003458261,0.00824316125363111,139.98469543457,-86.9296,26.7202,31.7877835847979,63,63,63,63,61,63,0,7818,1.13366707078925,27,-87,0.001869,51,2026-07-23 06:26:58.000681,308,1.037,0.0011,"aoml_navis",1027.65269656207
"7901009",117,0,1,0.01869,1,-0.003738,1,144.687956348881,1,4.86539042601487,310,1,18.1800003051758,36.4160003662109,0.0186899993568659,0.00494589656591415,139.520706176758,-86.9296,26.7202,31.7877835847979,63,63,63,63,61,63,0,7818,1.13366707078925,27,-87,0.001869,51,2026-07-23 06:26:58.000681,310,1.037,0.0011,"aoml_navis",1027.66675686814
"7901009",117,0,1,0.016821,1,-0.005607,1,144.636924241255,1,4.86529277302674,312,1,18.0849990844727,36.4000015258789,0.0168210007250309,0.00329726422205567,139.471496582031,-86.9296,26.7202,31.7877835847979,63,63,63,63,61,63,0,7818,1.13366707078925,27,-87,0.001869,51,2026-07-23 06:26:58.000681,312,1.037,0.0011,"aoml_navis",1027.68738352604
"7901009",117,0,1,0.013083,1,-0.009345,1,144.770604627372,1,4.86518941922378,314,1,17.9939994812012,36.3870010375977,0.0130829997360706,0,139.600402832031,-86.9296,26.7202,31.7877835847979,63,63,63,63,61,63,0,7818,1.13366707078925,27,-87,0.001869,51,2026-07-23 06:26:58.000681,314,1.037,0.0011,"aoml_navis",1027.70921523498
"7901009",117,0,1,0.01869,1,-0.003738,1,144.676025121238,1,4.86511373747835,316,1,17.9379997253418,36.3779983520508,0.0186899993568659,0.00494589656591415,139.509201049805,-86.9296,26.7202,31.7877835847979,63,63,63,63,61,63,0,7818,1.13366707078925,27,-87,0.001869,51,2026-07-23 06:26:58.000681,316,1.037,0.0011,"aoml_navis",1027.72520228716
"7901009",117,0,1,0.01869,1,-0.003738,1,144.650817633657,1,4.86502504000082,318,1,17.871000289917,36.3689994812012,0.0186899993568659,0.00494589656591415,139.484893798828,-86.9296,26.7202,31.7877835847979,63,63,63,63,61,63,0,7818,1.13366707078925,27,-87,0.001869,51,2026-07-23 06:26:58.000681,318,1.037,0.0011,"aoml_navis",1027.74393942259
"7901009",117,0,1,0.016821,1,-0.005607,1,144.693447245423,1,4.86495308972617,320,1,17.8239994049072,36.3619995117188,0.0168210007250309,0.00329726422205567,139.526000976562,-86.9296,26.7202,31.7877835847979,63,63,63,63,61,63,0,7818,1.13366707078925,27,-87,0.001869,51,2026-07-23 06:26:58.000681,320,1.037,0.0011,"aoml_navis",1027.75913925234
"7901009",117,0,1,0.01869,1,-0.003738,1,144.649472601363,1,4.86488474317853,322,1,17.7830009460449,36.3559989929199,0.0186899993568659,0.00494589656591415,139.483596801758,-86.9296,26.7202,31.7877835847979,63,63,63,63,61,63,0,7818,1.13366707078925,27,-87,0.001869,51,2026-07-23 06:26:58.000681,322,1.037,0.0011,"aoml_navis",1027.77357819441
"7901009",117,0,1,0.014952,1,-0.007476,1,144.573676075617,1,4.86482940468384,324,1,17.7590007781982,36.3520011901855,0.0149520002305508,0.00164863211102784,139.410507202148,-86.9296,26.7202,31.7877835847979,63,63,63,63,61,63,0,7818,1.13366707078925,27,-87,0.001869,51,2026-07-23 06:26:58.000681,324,1.037,0.0011,"aoml_navis",1027.78526934285
"7901009",117,0,1,0.013083,1,-0.009345,1,144.439378557035,1,4.86477534388803,326,1,17.7329998016357,36.3470001220703,0.0130829997360706,0,139.281005859375,-86.9296,26.7202,31.7877835847979,63,63,63,63,61,63,0,7818,1.13366707078925,27,-87,0.001869,51,2026-07-23 06:26:58.000681,326,1.037,0.0011,"aoml_navis",1027.79669081366
"7901009",117,0,1,0.01869,1,-0.003738,1,144.098911323642,1,4.86472368193269,328,1,17.7089996337891,36.3419990539551,0.0186899993568659,0.00494589656591415,138.952697753906,-86.9296,26.7202,31.7877835847979,63,63,63,63,61,63,0,7818,1.13366707078925,27,-87,0.001869,51,2026-07-23 06:26:58.000681,328,1.037,0.0011,"aoml_navis",1027.80760571658
"7901009",117,0,1,0.022428,1,0,1,144.172951395451,1,4.86461795467568,330,1,17.621000289917,36.3310012817383,0.0224280003458261,0.00824316125363111,139.02409362793,-86.9296,26.7202,31.7877835847979,63,63,63,63,61,63,0,7818,1.13366707078925,27,-87,0.001869,51,2026-07-23 06:26:58.000681,330,1.037,0.0011,"aoml_navis",1027.82994401322
"7901009",117,0,1,0.01869,1,-0.003738,1,144.034001647523,1,4.86456055611619,332,1,17.5890007019043,36.3250007629395,0.0186899993568659,0.00494589656591415,138.890106201172,-86.9296,26.7202,31.7877835847979,63,63,63,63,61,63,0,7818,1.13366707078925,27,-87,0.001869,51,2026-07-23 06:26:58.000681,332,1.037,0.0011,"aoml_navis",1027.8420717188
"7901009",117,0,1,0.01869,1,-0.003738,1,144.080872066992,1,4.86447992747001,334,1,17.5249996185303,36.314998626709,0.0186899993568659,0.00494589656591415,138.935302734375,-86.9296,26.7202,31.7877835847979,63,63,63,63,61,63,0,7818,1.13366707078925,27,-87,0.001869,51,2026-07-23 06:26:58.000681,334,1.037,0.0011,"aoml_navis",1027.85910817818
"7901009",117,0,1,0.013083,1,-0.009345,1,143.827515454525,1,4.86437043032344,336,1,17.423999786377,36.3009986877441,0.0130829997360706,0,138.690994262695,-86.9296,26.7202,31.7877835847979,63,63,63,63,61,63,0,7818,1.13366707078925,27,-87,0.001869,51,2026-07-23 06:26:58.000681,336,1.037,0.0011,"aoml_navis",1027.88224532225
"7901009",117,0,1,0.014952,1,-0.007476,1,143.794538427457,1,4.86424106339021,338,1,17.2840003967285,36.2799987792969,0.0149520002305508,0.00164863211102784,138.659194946289,-86.9296,26.7202,31.7877835847979,63,63,63,63,61,63,0,7818,1.13366707078925,27,-87,0.001869,51,2026-07-23 06:26:58.000681,338,1.037,0.0011,"aoml_navis",1027.90958236662
"7901009",117,0,1,0.022428,1,0,1,144.117377825843,1,4.8641158601365,340,1,17.1499996185303,36.2599983215332,0.0224280003458261,0.00824316125363111,138.970504760742,-86.9296,26.7202,31.7877835847979,63,63,63,63,61,63,0,7818,1.13366707078925,27,-87,0.001869,51,2026-07-23 06:26:58.000681,340,1.037,0.0011,"aoml_navis",1027.93604095189
"7901009",117,0,1,0.01869,1,-0.003738,1,143.897203951265,1,4.86405917281149,342,1,17.1149997711182,36.2529983520508,0.0186899993568659,0.00494589656591415,138.758193969727,-86.9296,26.7202,31.7877835847979,63,63,63,63,61,63,0,7818,1.13366707078925,27,-87,0.001869,51,2026-07-23 06:26:58.000681,342,1.037,0.0011,"aoml_navis",1027.94802085229
"7901009",117,0,1,0.013083,1,-0.009345,1,143.472759230996,1,4.86400212346938,343.899993896484,1,17.0809993743896,36.2470016479492,0.0130829997360706,0,138.348907470703,-86.9296,26.7202,31.7877835847979,63,63,63,63,61,63,0,7818,1.13366707078925,27,-87,0.001869,51,2026-07-23 06:26:58.000681,343.899993896484,1.037,0.0011,"aoml_navis",1027.96007754076
"7901009",117,0,1,0.01869,1,-0.003738,1,143.048504397639,1,4.86393781833027,346,1,17.0380001068115,36.2389984130859,0.0186899993568659,0.00494589656591415,137.939804077148,-86.9296,26.7202,31.7877835847979,63,63,63,63,61,63,0,7818,1.13366707078925,27,-87,0.001869,51,2026-07-23 06:26:58.000681,346,1.037,0.0011,"aoml_navis",1027.97366799324
"7901009",117,0,1,0.016821,1,-0.005607,1,142.75770841567,1,4.86384631060101,348,1,16.9540004730225,36.226001739502,0.0168210007250309,0.00329726422205567,137.659393310547,-86.9296,26.7202,31.7877835847979,63,63,63,63,61,63,0,7818,1.13366707078925,27,-87,0.001869,51,2026-07-23 06:26:58.000681,348,1.037,0.0011,"aoml_navis",1027.99300814712
"7901009",117,0,1,0.016821,1,-0.005607,1,142.256312024273,1,4.86378906258009,350,1,16.9120006561279,36.2169990539551,0.0168210007250309,0.00329726422205567,137.175903320312,-86.9296,26.7202,31.7877835847979,63,63,63,63,61,63,0,7818,1.13366707078925,27,-87,0.001869,51,2026-07-23 06:26:58.000681,350,1.037,0.0011,"aoml_navis",1028.00510788345
"7901009",117,0,1,0.022428,1,0,1,141.716431885357,1,4.86370783427748,352,1,16.8460006713867,36.2070007324219,0.0224280003458261,0.00824316125363111,136.655303955078,-86.9296,26.7202,31.7877835847979,63,63,63,63,61,63,0,7818,1.13366707078925,27,-87,0.001869,51,2026-07-23 06:26:58.000681,352,1.037,0.0011,"aoml_navis",1028.0222764949
"7901009",117,0,1,0.016821,1,-0.005607,1,141.045988670465,1,4.86361813262957,354,1,16.7630004882812,36.1940002441406,0.0168210007250309,0.00329726422205567,136.008804321289,-86.9296,26.7202,31.7877835847979,63,63,63,63,61,63,0,7818,1.13366707078925,27,-87,0.001869,51,2026-07-23 06:26:58.000681,354,1.037,0.0011,"aoml_navis",1028.04123671952
"7901009",117,0,1,0.01869,1,-0.003738,1,140.011326534257,1,4.86356999671462,356,1,16.7350006103516,36.1870002746582,0.0186899993568659,0.00494589656591415,135.011093139648,-86.9296,26.7202,31.7877835847979,63,63,63,63,61,63,0,7818,1.13366707078925,27,-87,0.001869,51,2026-07-23 06:26:58.000681,356,1.037,0.0011,"aoml_navis",1028.05141148941
"7901009",117,0,1,0.01869,1,-0.003738,1,139.497176071931,1,4.86345873713774,358,1,16.6359996795654,36.1749992370605,0.0186899993568659,0.00494589656591415,134.51530456543,-86.9296,26.7202,31.7877835847979,63,63,63,63,61,63,0,7818,1.13366707078925,27,-87,0.001869,51,2026-07-23 06:26:58.000681,358,1.037,0.0011,"aoml_navis",1028.07492984769
"7901009",117,0,1,0.01869,1,-0.003738,1,139.159826148679,1,4.86338756311261,360,1,16.5750007629395,36.1640014648438,0.0186899993568659,0.00494589656591415,134.190002441406,-86.9296,26.7202,31.7877835847979,63,63,63,63,61,63,0,7818,1.13366707078925,27,-87,0.001869,51,2026-07-23 06:26:58.000681,360,1.037,0.0011,"aoml_navis",1028.0899753751
"7901009",117,0,1,0.01869,1,-0.003738,1,138.914460610428,1,4.86334056283376,362,1,16.5510005950928,36.1580009460449,0.0186899993568659,0.00494589656591415,133.953399658203,-86.9296,26.7202,31.7877835847979,63,63,63,63,61,63,0,7818,1.13366707078925,27,-87,0.001869,51,2026-07-23 06:26:58.000681,362,1.037,0.0011,"aoml_navis",1028.09991103864
"7901009",117,0,1,0.020559,1,-0.001869,1,138.894443365111,1,4.86323955578572,364,1,16.4540004730225,36.1440010070801,0.020558999851346,0.00659452844411135,133.934097290039,-86.9296,26.7202,31.7877835847979,63,63,63,63,61,63,0,7818,1.13366707078925,27,-87,0.001869,51,2026-07-23 06:26:58.000681,364,1.037,0.0011,"aoml_navis",1028.12126415849
"7901009",117,0,1,0.01869,1,-0.003738,1,139.072193338745,1,4.86316384671849,366,1,16.378999710083,36.1300010681152,0.0186899993568659,0.00494589656591415,134.105499267578,-86.9296,26.7202,31.7877835847979,63,63,63,63,61,63,0,7818,1.13366707078925,27,-87,0.001869,51,2026-07-23 06:26:58.000681,366,1.037,0.0011,"aoml_navis",1028.13726980921
"7901009",117,0,1,0.016821,1,-0.005607,1,138.796857316202,1,4.86308337445229,368,1,16.3059997558594,36.1180000305176,0.0168210007250309,0.00329726422205567,133.839996337891,-86.9296,26.7202,31.7877835847979,63,63,63,63,61,63,0,7818,1.13366707078925,27,-87,0.001869,51,2026-07-23 06:26:58.000681,368,1.037,0.0011,"aoml_navis",1028.15428299399
"7901009",117,0,1,0.013083,1,-0.009345,1,138.28405188617,1,4.86301702725704,370,1,16.2549991607666,36.109001159668,0.0130829997360706,0,133.345504760742,-86.9296,26.7202,31.7877835847979,63,63,63,63,61,63,0,7818,1.13366707078925,27,-87,0.001869,51,2026-07-23 06:26:58.000681,370,1.037,0.0011,"aoml_navis",1028.1683103257
"7901009",117,0,1,0.014952,1,-0.007476,1,137.898787165431,1,4.8629157199828,372,1,16.1469993591309,36.0919990539551,0.0149520002305508,0.00164863211102784,132.973999023438,-86.9296,26.7202,31.7877835847979,63,63,63,63,61,63,0,7818,1.13366707078925,27,-87,0.001869,51,2026-07-23 06:26:58.000681,372,1.037,0.0011,"aoml_navis",1028.18972976519
"7901009",117,0,1,0.01869,1,-0.003738,1,137.520991329901,1,4.86283113326671,374,1,16.0599994659424,36.0769996643066,0.0186899993568659,0.00494589656591415,132.60969543457,-86.9296,26.7202,31.7877835847979,63,63,63,63,61,63,0,7818,1.13366707078925,27,-87,0.001869,51,2026-07-23 06:26:58.000681,374,1.037,0.0011,"aoml_navis",1028.20761465372
"7901009",117,0,1,0.01869,1,-0.003738,1,137.008075132504,1,4.86277338920956,376,1,16.0130004882812,36.0670013427734,0.0186899993568659,0.00494589656591415,132.115097045898,-86.9296,26.7202,31.7877835847979,63,63,63,63,61,63,0,7818,1.13366707078925,27,-87,0.001869,51,2026-07-23 06:26:58.000681,376,1.037,0.0011,"aoml_navis",1028.21982432801
"7901009",117,0,1,0.01869,1,-0.003738,1,136.474935978968,1,4.86270737270812,378,1,15.9650001525879,36.0589981079102,0.0186899993568659,0.00494589656591415,131.600997924805,-86.9296,26.7202,31.7877835847979,63,63,63,63,61,63,0,7818,1.13366707078925,27,-87,0.001869,51,2026-07-23 06:26:58.000681,378,1.037,0.0011,"aoml_navis",1028.233783522
"7901009",117,0,1,0.016821,1,-0.005607,1,136.402351706818,1,4.8626209116912,380,1,15.878999710083,36.0449981689453,0.0168210007250309,0.00329726422205567,131.531005859375,-86.9296,26.7202,31.7877835847979,63,63,63,63,61,63,0,7818,1.13366707078925,27,-87,0.001869,51,2026-07-23 06:26:58.000681,380,1.037,0.0011,"aoml_navis",1028.25206628354
"7901009",117,0,1,0.016821,1,-0.005607,1,136.530003183476,1,4.86252519050983,382,1,15.7679996490479,36.0260009765625,0.0168210007250309,0.00329726422205567,131.654098510742,-86.9296,26.7202,31.7877835847979,63,63,63,63,61,63,0,7818,1.13366707078925,27,-87,0.001869,51,2026-07-23 06:26:58.000681,382,1.037,0.0011,"aoml_navis",1028.27230792726
"7901009",117,0,1,0.024297,1,0.001869,1,136.498576899524,1,4.86244242558706,384,1,15.6879997253418,36.0130004882812,0.0242970008403063,0.00989179313182831,131.623794555664,-86.9296,26.7202,31.7877835847979,63,63,63,63,61,63,0,7818,1.13366707078925,27,-87,0.001869,51,2026-07-23 06:26:58.000681,384,1.037,0.0011,"aoml_navis",1028.28981042307
"7901009",117,0,1,0.01869,1,-0.003738,1,136.447449848441,1,4.86235992270158,386,1,15.6079998016357,36,0.0186899993568659,0.00494589656591415,131.574493408203,-86.9296,26.7202,31.7877835847979,63,63,63,63,61,63,0,7818,1.13366707078925,27,-87,0.001869,51,2026-07-23 06:26:58.000681,386,1.037,0.0011,"aoml_navis",1028.30725809823
"7901009",117,0,1,0.020559,1,-0.001869,1,136.162160586922,1,4.86228554517266,388,1,15.5550003051758,35.9930000305176,0.020558999851346,0.00659452844411135,131.299392700195,-86.9296,26.7202,31.7877835847979,63,63,63,63,61,63,0,7818,1.13366707078925,27,-87,0.001869,51,2026-07-23 06:26:58.000681,388,1.037,0.0011,"aoml_navis",1028.32298793395
"7901009",117,0,1,0.01869,1,-0.003738,1,135.940135314951,1,4.86221558879777,390,1,15.496000289917,35.9830017089844,0.0186899993568659,0.00494589656591415,131.085296630859,-86.9296,26.7202,31.7877835847979,63,63,63,63,61,63,0,7818,1.13366707078925,27,-87,0.001869,51,2026-07-23 06:26:58.000681,390,1.037,0.0011,"aoml_navis",1028.3377831949
"7901009",117,0,1,0.016821,1,-0.005607,1,135.529156741532,1,4.86216703717706,392,1,15.4729995727539,35.9780006408691,0.0168210007250309,0.00329726422205567,130.688995361328,-86.9296,26.7202,31.7877835847979,63,63,63,63,61,63,0,7818,1.13366707078925,27,-87,0.001869,51,2026-07-23 06:26:58.000681,392,1.037,0.0011,"aoml_navis",1028.34805175738
"7901009",117,0,1,0.022428,1,0,1,135.186426689103,1,4.86210606695363,394,1,15.4320001602173,35.9710006713867,0.0224280003458261,0.00824316125363111,130.358505249023,-86.9296,26.7202,31.7877835847979,63,63,63,63,61,63,0,7818,1.13366707078925,27,-87,0.001869,51,2026-07-23 06:26:58.000681,394,1.037,0.0011,"aoml_navis",1028.36094711788
"7901009",117,0,1,0.020559,1,-0.001869,1,134.791208729388,1,4.86204625388978,396,1,15.3920001983643,35.9640007019043,0.020558999851346,0.00659452844411135,129.977401733398,-86.9296,26.7202,31.7877835847979,63,63,63,63,61,63,0,7818,1.13366707078925,27,-87,0.001869,51,2026-07-23 06:26:58.000681,396,1.037,0.0011,"aoml_navis",1028.37359805038
"7901009",117,0,1,0.01869,1,-0.003738,1,134.334594001428,1,4.86198323175602,398,1,15.33899974823,35.9539985656738,0.0186899993568659,0.00494589656591415,129.537094116211,-86.9296,26.7202,31.7877835847979,63,63,63,63,61,63,0,7818,1.13366707078925,27,-87,0.001869,51,2026-07-23 06:26:58.000681,398,1.037,0.0011,"aoml_navis",1028.38692806313
"7901009",117,0,1,0.024297,1,0.001869,1,133.669135317978,1,4.86192285227669,400,1,15.2849998474121,35.943000793457,0.0242970008403063,0.00989179313182831,128.895401000977,-86.9296,26.7202,31.7877835847979,63,63,63,63,61,63,0,7818,1.13366707078925,27,-87,0.001869,51,2026-07-23 06:26:58.000681,400,1.037,0.0011,"aoml_navis",1028.39969944374
"7901009",117,0,1,0.016821,1,-0.005607,1,133.422946936442,1,4.86180888713787,402,1,15.1579999923706,35.9249992370605,0.0168210007250309,0.00329726422205567,128.658004760742,-86.9296,26.7202,31.7877835847979,63,63,63,63,61,63,0,7818,1.13366707078925,27,-87,0.001869,51,2026-07-23 06:26:58.000681,402,1.037,0.0011,"aoml_navis",1028.4238060504
"7901009",117,0,1,0.020559,1,-0.001869,1,132.966537919303,1,4.86173054449684,404,1,15.0869998931885,35.9140014648438,0.020558999851346,0.00659452844411135,128.217895507812,-86.9296,26.7202,31.7877835847979,63,63,63,63,61,63,0,7818,1.13366707078925,27,-87,0.001869,51,2026-07-23 06:26:58.000681,404,1.037,0.0011,"aoml_navis",1028.44037822287
"7901009",117,0,1,0.01869,1,-0.003738,1,132.590822927852,1,4.86165753446029,406,1,15.0139999389648,35.9010009765625,0.0186899993568659,0.00494589656591415,127.855598449707,-86.9296,26.7202,31.7877835847979,63,63,63,63,61,63,0,7818,1.13366707078925,27,-87,0.001869,51,2026-07-23 06:26:58.000681,406,1.037,0.0011,"aoml_navis",1028.45582284624
"7901009",117,0,1,0.020559,1,-0.001869,1,132.303880067806,1,4.86158714223382,408,1,14.9499998092651,35.8899993896484,0.020558999851346,0.00659452844411135,127.578903198242,-86.9296,26.7202,31.7877835847979,63,63,63,63,61,63,0,7818,1.13366707078925,27,-87,0.001869,51,2026-07-23 06:26:58.000681,408,1.037,0.0011,"aoml_navis",1028.47071413443
"7901009",117,0,1,0.014952,1,-0.007476,1,131.95761337164,1,4.86152702370555,410,1,14.9090003967285,35.882999420166,0.0149520002305508,0.00164863211102784,127.245002746582,-86.9296,26.7202,31.7877835847979,63,63,63,63,61,63,0,7818,1.13366707078925,27,-87,0.001869,51,2026-07-23 06:26:58.000681,410,1.037,0.0011,"aoml_navis",1028.48343239053
"7901009",117,0,1,0.020559,1,-0.001869,1,131.599629070606,1,4.86145902880683,412,1,14.8470001220703,35.8720016479492,0.020558999851346,0.00659452844411135,126.899803161621,-86.9296,26.7202,31.7877835847979,63,63,63,63,61,63,0,7818,1.13366707078925,27,-87,0.001869,51,2026-07-23 06:26:58.000681,412,1.037,0.0011,"aoml_navis",1028.49781729564
"7901009",117,0,1,0.022428,1,0,1,131.229199264874,1,4.86139354320704,414,1,14.793999671936,35.8629989624023,0.0224280003458261,0.00824316125363111,126.542602539062,-86.9296,26.7202,31.7877835847979,63,63,63,63,61,63,0,7818,1.13366707078925,27,-87,0.001869,51,2026-07-23 06:26:58.000681,414,1.037,0.0011,"aoml_navis",1028.51167171739
"7901009",117,0,1,0.01869,1,-0.003738,1,131.096041067765,1,4.86130633060182,416,1,14.6999998092651,35.8479995727539,0.0186899993568659,0.00494589656591415,126.414199829102,-86.9296,26.7202,31.7877835847979,63,63,63,63,61,63,0,7818,1.13366707078925,27,-87,0.001869,51,2026-07-23 06:26:58.000681,416,1.037,0.0011,"aoml_navis",1028.53012337962
"7901009",117,0,1,0.01869,1,-0.003738,1,130.831077617795,1,4.86124388368103,418,1,14.6529998779297,35.8400001525879,0.0186899993568659,0.00494589656591415,126.158699035645,-86.9296,26.7202,31.7877835847979,63,63,63,63,61,63,0,7818,1.13366707078925,27,-87,0.001869,51,2026-07-23 06:26:58.000681,418,1.037,0.0011,"aoml_navis",1028.5433357468
"7901009",117,0,1,0.020559,1,-0.001869,1,130.597951873421,1,4.86117107440865,420,1,14.6029996871948,35.8339996337891,0.020558999851346,0.00659452844411135,125.933898925781,-86.9296,26.7202,31.7877835847979,63,63,63,63,61,63,0,7818,1.13366707078925,27,-87,0.001869,51,2026-07-23 06:26:58.000681,420,1.037,0.0011,"aoml_navis",1028.55874098367
"7901009",117,0,1,0.024297,1,0.001869,1,130.216532362652,1,4.8611157535937,422,1,14.5659999847412,35.8269996643066,0.0242970008403063,0.00989179313182831,125.566101074219,-86.9296,26.7202,31.7877835847979,63,63,63,63,61,63,0,7818,1.13366707078925,27,-87,0.001869,51,2026-07-23 06:26:58.000681,422,1.037,0.0011,"aoml_navis",1028.57044626095
"7901009",117,0,1,0.01869,1,-0.003738,1,129.820483647696,1,4.86105402293767,424,1,14.5159997940063,35.818000793457,0.0186899993568659,0.00494589656591415,125.184196472168,-86.9296,26.7202,31.7877835847979,63,63,63,63,61,63,0,7818,1.13366707078925,27,-87,0.001869,51,2026-07-23 06:26:58.000681,424,1.037,0.0011,"aoml_navis",1028.58350810476
"7901009",117,0,1,0.024297,1,0.001869,1,129.639109998823,1,4.8609498479746,426,1,14.3909997940063,35.798999786377,0.0242970008403063,0.00989179313182831,125.009300231934,-86.9296,26.7202,31.7877835847979,63,63,63,63,61,63,0,7818,1.13366707078925,27,-87,0.001869,51,2026-07-23 06:26:58.000681,426,1.037,0.0011,"aoml_navis",1028.60555166668
"7901009",117,0,1,0.01869,1,-0.003738,1,129.54017891762,1,4.86088582173138,428,1,14.335000038147,35.7890014648438,0.0186899993568659,0.00494589656591415,124.913902282715,-86.9296,26.7202,31.7877835847979,63,63,63,63,61,63,0,7818,1.13366707078925,27,-87,0.001869,51,2026-07-23 06:26:58.000681,428,1.037,0.0011,"aoml_navis",1028.61910017444
"7901009",117,0,1,0.022428,1,0,1,129.289211715463,1,4.86083619040891,430,1,14.3100004196167,35.7840003967285,0.0224280003458261,0.00824316125363111,124.671897888184,-86.9296,26.7202,31.7877835847979,63,63,63,63,61,63,0,7818,1.13366707078925,27,-87,0.001869,51,2026-07-23 06:26:58.000681,430,1.037,0.0011,"aoml_navis",1028.62960283782
"7901009",117,0,1,0.020559,1,-0.001869,1,129.131478987146,1,4.86078344164733,432,1,14.2819995880127,35.7789993286133,0.020558999851346,0.00659452844411135,124.519798278809,-86.9296,26.7202,31.7877835847979,63,63,63,63,61,63,0,7818,1.13366707078925,27,-87,0.001869,51,2026-07-23 06:26:58.000681,432,1.037,0.0011,"aoml_navis",1028.64076542885
"7901009",117,0,1,0.022428,1,0,1,129.035451593307,1,4.86071605580489,434,1,14.2329998016357,35.7719993591309,0.0224280003458261,0.00824316125363111,124.427200317383,-86.9296,26.7202,31.7877835847979,63,63,63,63,61,63,0,7818,1.13366707078925,27,-87,0.001869,51,2026-07-23 06:26:58.000681,434,1.037,0.0011,"aoml_navis",1028.65502584311
"7901009",117,0,1,0.022428,1,0,1,128.832399188636,1,4.86065868245301,436,1,14.1969995498657,35.765998840332,0.0224280003458261,0.00824316125363111,124.231399536133,-86.9296,26.7202,31.7877835847979,63,63,63,63,61,63,0,7818,1.13366707078925,27,-87,0.001869,51,2026-07-23 06:26:58.000681,436,1.037,0.0011,"aoml_navis",1028.66716769273
"7901009",117,0,1,0.022428,1,0,1,128.769143111043,1,4.86059145170401,438,1,14.1409997940063,35.7569999694824,0.0224280003458261,0.00824316125363111,124.170402526855,-86.9296,26.7202,31.7877835847979,63,63,63,63,61,63,0,7818,1.13366707078925,27,-87,0.001869,51,2026-07-23 06:26:58.000681,438,1.037,0.0011,"aoml_navis",1028.68139601552
"7901009",117,0,1,0.020559,1,-0.001869,1,128.680268124226,1,4.86053991415885,440,1,14.121000289917,35.7540016174316,0.020558999851346,0.00659452844411135,124.084701538086,-86.9296,26.7202,31.7877835847979,63,63,63,63,61,63,0,7818,1.13366707078925,27,-87,0.001869,51,2026-07-23 06:26:58.000681,440,1.037,0.0011,"aoml_navis",1028.69230338689
"7901009",117,0,1,0.020559,1,-0.001869,1,128.524814038855,1,4.86049464130197,442,1,14.1140003204346,35.7529983520508,0.020558999851346,0.00659452844411135,123.934799194336,-86.9296,26.7202,31.7877835847979,63,63,63,63,61,63,0,7818,1.13366707078925,27,-87,0.001869,51,2026-07-23 06:26:58.000681,442,1.037,0.0011,"aoml_navis",1028.70188509469
"7901009",117,0,1,0.022428,1,0,1,128.273435415054,1,4.86045611267474,444,1,14.1099996566772,35.7509994506836,0.0224280003458261,0.00824316125363111,123.692398071289,-86.9296,26.7202,31.7877835847979,63,63,63,63,61,63,0,7818,1.13366707078925,27,-87,0.001869,51,2026-07-23 06:26:58.000681,444,1.037,0.0011,"aoml_navis",1028.71003957044
"7901009",117,0,1,0.022428,1,0,1,127.867852794721,1,4.86040461483649,446,1,14.0830001831055,35.7459983825684,0.0224280003458261,0.00824316125363111,123.301300048828,-86.9296,26.7202,31.7877835847979,63,63,63,63,61,63,0,7818,1.13366707078925,27,-87,0.001869,51,2026-07-23 06:26:58.000681,446,1.037,0.0011,"aoml_navis",1028.72093914515
"7901009",117,0,1,0.022428,1,0,1,127.712612332125,1,4.86033247054878,448,1,14.0150003433228,35.7350006103516,0.0224280003458261,0.00824316125363111,123.15160369873,-86.9296,26.7202,31.7877835847979,63,63,63,63,61,63,0,7818,1.13366707078925,27,-87,0.001869,51,2026-07-23 06:26:58.000681,448,1.037,0.0011,"aoml_navis",1028.73620895227
"7901009",117,0,1,0.026166,1,0.003738,1,127.535590258321,1,4.86026303276113,450,1,13.960000038147,35.7270011901855,0.0261659994721413,0.0115404240787029,122.980903625488,-86.9296,26.7202,31.7877835847979,63,63,63,63,61,63,0,7818,1.13366707078925,27,-87,0.001869,51,2026-07-23 06:26:58.000681,450,1.037,0.0011,"aoml_navis",1028.75090633922
"7901009",117,0,1,0.01869,1,-0.003738,1,127.424522238653,1,4.86019324623433,452,1,13.9010000228882,35.7179985046387,0.0186899993568659,0.00494589656591415,122.873802185059,-86.9296,26.7202,31.7877835847979,63,63,63,63,61,63,0,7818,1.13366707078925,27,-87,0.001869,51,2026-07-23 06:26:58.000681,452,1.037,0.0011,"aoml_navis",1028.76567796435
"7901009",117,0,1,0.01869,1,-0.003738,1,127.197101013596,1,4.86014243356134,454,1,13.8780002593994,35.7140007019043,0.0186899993568659,0.00494589656591415,122.654502868652,-86.9296,26.7202,31.7877835847979,63,63,63,63,61,63,0,7818,1.13366707078925,27,-87,0.001869,51,2026-07-23 06:26:58.000681,454,1.037,0.0011,"aoml_navis",1028.77643368492
"7901009",117,0,1,0.026166,1,0.003738,1,126.94633952226,1,4.8600825498919,456,1,13.8319997787476,35.7060012817383,0.0261659994721413,0.0115404240787029,122.412696838379,-86.9296,26.7202,31.7877835847979,63,63,63,63,61,63,0,7818,1.13366707078925,27,-87,0.001869,51,2026-07-23 06:26:58.000681,456,1.037,0.0011,"aoml_navis",1028.78910978811
"7901009",117,0,1,0.022428,1,0,1,126.90537933293,1,4.86001306733302,458,1,13.7729997634888,35.6969985961914,0.0224280003458261,0.00824316125363111,122.373199462891,-86.9296,26.7202,31.7877835847979,63,63,63,63,61,63,0,7818,1.13366707078925,27,-87,0.001869,51,2026-07-23 06:26:58.000681,458,1.037,0.0011,"aoml_navis",1028.80381816418
"7901009",117,0,1,0.024297,1,0.001869,1,126.792032670316,1,4.85995519354508,460,1,13.7430000305176,35.693000793457,0.0242970008403063,0.00989179313182831,122.263900756836,-86.9296,26.7202,31.7877835847979,63,63,63,63,61,63,0,7818,1.13366707078925,27,-87,0.001869,51,2026-07-23 06:26:58.000681,460,1.037,0.0011,"aoml_navis",1028.81606946519
"7901009",117,0,1,0.024297,1,0.001869,1,126.621957292713,1,4.85991259730298,462,1,13.7349996566772,35.6910018920898,0.0242970008403063,0.00989179313182831,122.099899291992,-86.9296,26.7202,31.7877835847979,63,63,63,63,61,63,0,7818,1.13366707078925,27,-87,0.001869,51,2026-07-23 06:26:58.000681,462,1.037,0.0011,"aoml_navis",1028.82508684925
"7901009",117,0,1,0.028035,1,0.005607,1,126.239707026704,1,4.85986740293298,464,1,13.7279996871948,35.689998626709,0.0280349999666214,0.0131890568882227,121.731300354004,-86.9296,26.7202,31.7877835847979,63,63,63,63,61,63,0,7818,1.13366707078925,27,-87,0.001869,51,2026-07-23 06:26:58.000681,464,1.037,0.0011,"aoml_navis",1028.83465441515
"7901009",117,0,1,0.020559,1,-0.001869,1,125.753232581816,1,4.85981833163474,466,1,13.7030000686646,35.685001373291,0.020558999851346,0.00659452844411135,121.262199401855,-86.9296,26.7202,31.7877835847979,63,63,63,63,61,63,0,7818,1.13366707078925,27,-87,0.001869,51,2026-07-23 06:26:58.000681,466,1.037,0.0011,"aoml_navis",1028.8450429212
"7901009",117,0,1,0.020559,1,-0.001869,1,125.359161855528,1,4.85974781770035,468,1,13.6319999694824,35.6730003356934,0.020558999851346,0.00659452844411135,120.882202148438,-86.9296,26.7202,31.7877835847979,63,63,63,63,61,63,0,7818,1.13366707078925,27,-87,0.001869,51,2026-07-23 06:26:58.000681,468,1.037,0.0011,"aoml_navis",1028.8599712497
"7901009",117,0,1,0.024297,1,0.001869,1,125.017349589841,1,4.85968285895749,470,1,13.5769996643066,35.6640014648438,0.0242970008403063,0.00989179313182831,120.552597045898,-86.9296,26.7202,31.7877835847979,63,63,63,63,61,63,0,7818,1.13366707078925,27,-87,0.001869,51,2026-07-23 06:26:58.000681,470,1.037,0.0011,"aoml_navis",1028.87372388589
"7901009",117,0,1,0.016821,1,-0.005607,1,124.768360376352,1,4.85961236773098,472,1,13.5200004577637,35.6559982299805,0.0168210007250309,0.00329726422205567,120.3125,-86.9296,26.7202,31.7877835847979,63,63,63,63,61,63,0,7818,1.13366707078925,27,-87,0.001869,51,2026-07-23 06:26:58.000681,472,1.037,0.0011,"aoml_navis",1028.88864823895
"7901009",117,0,1,0.022428,1,0,1,124.675956657752,1,4.85954747204414,474,1,13.4720001220703,35.648998260498,0.0224280003458261,0.00824316125363111,120.22339630127,-86.9296,26.7202,31.7877835847979,63,63,63,63,61,63,0,7818,1.13366707078925,27,-87,0.001869,51,2026-07-23 06:26:58.000681,474,1.037,0.0011,"aoml_navis",1028.90238829106
"7901009",117,0,1,0.020559,1,-0.001869,1,124.467207645718,1,4.85950332771632,476,1,13.4659996032715,35.6479988098145,0.020558999851346,0.00659452844411135,120.022102355957,-86.9296,26.7202,31.7877835847979,63,63,63,63,61,63,0,7818,1.13366707078925,27,-87,0.001869,51,2026-07-23 06:26:58.000681,476,1.037,0.0011,"aoml_navis",1028.91173496731
"7901009",117,0,1,0.01869,1,-0.003738,1,124.124256058558,1,4.85945655960193,478,1,13.4610004425049,35.6479988098145,0.0186899993568659,0.00494589656591415,119.691398620605,-86.9296,26.7202,31.7877835847979,63,63,63,63,61,63,0,7818,1.13366707078925,27,-87,0.001869,51,2026-07-23 06:26:58.000681,478,1.037,0.0011,"aoml_navis",1028.921637363
"7901009",117,0,1,0.024297,1,0.001869,1,123.523707051227,1,4.85941403423008,480,1,13.4530000686646,35.6459999084473,0.0242970008403063,0.00989179313182831,119.112297058105,-86.9296,26.7202,31.7877835847979,63,63,63,63,61,63,0,7818,1.13366707078925,27,-87,0.001869,51,2026-07-23 06:26:58.000681,480,1.037,0.0011,"aoml_navis",1028.93064159169
"7901009",117,0,1,0.024297,1,0.001869,1,122.575862793622,1,4.85936929519509,482,1,13.4499998092651,35.6459999084473,0.0242970008403063,0.00989179313182831,118.198303222656,-86.9296,26.7202,31.7877835847979,63,63,63,63,61,63,0,7818,1.13366707078925,27,-87,0.001869,51,2026-07-23 06:26:58.000681,482,1.037,0.0011,"aoml_navis",1028.94011470665
"7901009",117,0,1,0.022428,1,0,1,120.757212981042,1,4.85932759749786,484,1,13.4499998092651,35.6459999084473,0.0224280003458261,0.00824316125363111,116.444602966309,-86.9296,26.7202,31.7877835847979,63,63,63,63,61,63,0,7818,1.13366707078925,27,-87,0.001869,51,2026-07-23 06:26:58.000681,484,1.037,0.0011,"aoml_navis",1028.94894400093
"7901009",117,0,1,0.022428,1,0,1,117.873732749094,1,4.85926403132663,486,1,13.4320001602173,35.6469993591309,0.0224280003458261,0.00824316125363111,113.664100646973,-86.9296,26.7202,31.7877835847979,63,63,63,63,61,63,0,7818,1.13366707078925,27,-87,0.001869,51,2026-07-23 06:26:58.000681,486,1.037,0.0011,"aoml_navis",1028.96240413488
"7901009",117,0,1,0.022428,1,0,1,116.625867170373,1,4.85916288102005,488,1,13.3660001754761,35.6450004577637,0.0224280003458261,0.00824316125363111,112.460800170898,-86.9296,26.7202,31.7877835847979,63,63,63,63,61,63,0,7818,1.13366707078925,27,-87,0.001869,51,2026-07-23 06:26:58.000681,488,1.037,0.0011,"aoml_navis",1028.98382343388
"7901009",117,0,1,0.022428,1,0,1,116.484314389358,1,4.85910167002521,490,1,13.3249998092651,35.6389999389648,0.0224280003458261,0.00824316125363111,112.32430267334,-86.9296,26.7202,31.7877835847979,63,63,63,63,61,63,0,7818,1.13366707078925,27,-87,0.001869,51,2026-07-23 06:26:58.000681,490,1.037,0.0011,"aoml_navis",1028.99678573181
"7901009",117,0,1,0.022428,1,0,1,116.619854084823,1,4.85903535327889,492,1,13.2679996490479,35.6300010681152,0.0224280003458261,0.00824316125363111,112.455001831055,-86.9296,26.7202,31.7877835847979,63,63,63,63,61,63,0,7818,1.13366707078925,27,-87,0.001869,51,2026-07-23 06:26:58.000681,492,1.037,0.0011,"aoml_navis",1029.01082961374
"7901009",117,0,1,0.026166,1,0.003738,1,116.748447084088,1,4.85896132457338,494,1,13.1850004196167,35.6160011291504,0.0261659994721413,0.0115404240787029,112.579002380371,-86.9296,26.7202,31.7877835847979,63,63,63,63,61,63,0,7818,1.13366707078925,27,-87,0.001869,51,2026-07-23 06:26:58.000681,494,1.037,0.0011,"aoml_navis",1029.02650710829
"7901009",117,0,1,0.024297,1,0.001869,1,116.693063401392,1,4.85889099951038,496,1,13.1199998855591,35.6059989929199,0.0242970008403063,0.00989179313182831,112.525596618652,-86.9296,26.7202,31.7877835847979,63,63,63,63,61,63,0,7818,1.13366707078925,27,-87,0.001869,51,2026-07-23 06:26:58.000681,496,1.037,0.0011,"aoml_navis",1029.04140070313
"7901009",117,0,1,0.024297,1,0.001869,1,116.586046302515,1,4.85881152888844,498,1,13.0419998168945,35.5950012207031,0.0242970008403063,0.00989179313182831,112.422401428223,-86.9296,26.7202,31.7877835847979,63,63,63,63,61,63,0,7818,1.13366707078925,27,-87,0.001869,51,2026-07-23 06:26:58.000681,498,1.037,0.0011,"aoml_navis",1029.05823168322
"7901009",117,0,1,0.022428,1,0,1,116.491672507202,1,4.85874060017504,500,1,12.9759998321533,35.5849990844727,0.0224280003458261,0.00824316125363111,112.331398010254,-86.9296,26.7202,31.7877835847979,63,63,63,63,61,63,0,7818,1.13366707078925,27,-87,0.001869,51,2026-07-23 06:26:58.000681,500,1.037,0.0011,"aoml_navis",1029.07325404856
"7901009",117,0,1,0.022428,1,0,1,116.280739795679,1,4.85868268979179,502,1,12.9340000152588,35.5779991149902,0.0224280003458261,0.00824316125363111,112.127998352051,-86.9296,26.7202,31.7877835847979,63,63,63,63,61,63,0,7818,1.13366707078925,27,-87,0.001869,51,2026-07-23 06:26:58.000681,502,1.037,0.0011,"aoml_navis",1029.08551951851
"7901009",117,0,1,0.022428,1,0,1,116.011733336873,1,4.858621567378,504,1,12.8850002288818,35.5699996948242,0.0224280003458261,0.00824316125363111,111.868598937988,-86.9296,26.7202,31.7877835847979,63,63,63,63,61,63,0,7818,1.13366707078925,27,-87,0.001869,51,2026-07-23 06:26:58.000681,504,1.037,0.0011,"aoml_navis",1029.09846561651
"7901009",117,0,1,0.020559,1,-0.001869,1,115.849538266121,1,4.85854710767173,506,1,12.8149995803833,35.560001373291,0.020558999851346,0.00659452844411135,111.712196350098,-86.9296,26.7202,31.7877835847979,63,63,63,63,61,63,0,7818,1.13366707078925,27,-87,0.001869,51,2026-07-23 06:26:58.000681,506,1.037,0.0011,"aoml_navis",1029.11423707407
"7901009",117,0,1,0.024297,1,0.001869,1,115.70321457644,1,4.85848594697842,508,1,12.7620000839233,35.5509986877441,0.0242970008403063,0.00989179313182831,111.571098327637,-86.9296,26.7202,31.7877835847979,63,63,63,63,61,63,0,7818,1.13366707078925,27,-87,0.001869,51,2026-07-23 06:26:58.000681,508,1.037,0.0011,"aoml_navis",1029.12719200301
"7901009",117,0,1,0.024297,1,0.001869,1,115.487613811661,1,4.85843092333604,510,1,12.7299995422363,35.5460014343262,0.0242970008403063,0.00989179313182831,111.36319732666,-86.9296,26.7202,31.7877835847979,63,63,63,63,61,63,0,7818,1.13366707078925,27,-87,0.001869,51,2026-07-23 06:26:58.000681,510,1.037,0.0011,"aoml_navis",1029.1388472735
"7901009",117,0,1,0.024297,1,0.001869,1,115.314642658649,1,4.85835986840398,512,1,12.6630001068115,35.5359992980957,0.0242970008403063,0.00989179313182831,111.196403503418,-86.9296,26.7202,31.7877835847979,63,63,63,63,61,63,0,7818,1.13366707078925,27,-87,0.001869,51,2026-07-23 06:26:58.000681,512,1.037,0.0011,"aoml_navis",1029.15389872973
"7901009",117,0,1,0.026166,1,0.003738,1,115.253973790233,1,4.85829120547066,514,1,12.6020002365112,35.5270004272461,0.0261659994721413,0.0115404240787029,111.137901306152,-86.9296,26.7202,31.7877835847979,63,63,63,63,61,63,0,7818,1.13366707078925,27,-87,0.001869,51,2026-07-23 06:26:58.000681,514,1.037,0.0011,"aoml_navis",1029.16844391085
"7901009",117,0,1,0.024297,1,0.001869,1,115.261023341845,1,4.85822808060436,516,1,12.5539999008179,35.5200004577637,0.0242970008403063,0.00989179313182831,111.14469909668,-86.9296,26.7202,31.7877835847979,63,63,63,63,61,63,0,7818,1.13366707078925,27,-87,0.001869,51,2026-07-23 06:26:58.000681,516,1.037,0.0011,"aoml_navis",1029.18181630081
"7901009",117,0,1,0.028035,1,0.005607,1,115.270042970169,1,4.85817795502981,518,1,12.5229997634888,35.5139999389648,0.0280349999666214,0.0131890568882227,111.153396606445,-86.9296,26.7202,31.7877835847979,63,63,63,63,61,63,0,7818,1.13366707078925,27,-87,0.001869,51,2026-07-23 06:26:58.000681,518,1.037,0.0011,"aoml_navis",1029.19243516458
"7901009",117,0,1,0.022428,1,0,1,115.275438923255,1,4.85812227604567,520,1,12.4899997711182,35.5089988708496,0.0224280003458261,0.00824316125363111,111.158599853516,-86.9296,26.7202,31.7877835847979,63,63,63,63,61,63,0,7818,1.13366707078925,27,-87,0.001869,51,2026-07-23 06:26:58.000681,520,1.037,0.0011,"aoml_navis",1029.20423074855
"7901009",117,0,1,0.024297,1,0.001869,1,115.12475574655,1,4.85807974038535,522,1,12.4779996871948,35.5060005187988,0.0242970008403063,0.00989179313182831,111.013298034668,-86.9296,26.7202,31.7877835847979,63,63,63,63,61,63,0,7818,1.13366707078925,27,-87,0.001869,51,2026-07-23 06:26:58.000681,522,1.037,0.0011,"aoml_navis",1029.21324210364
"7901009",117,0,1,0.028035,1,0.005607,1,114.897334521493,1,4.85801588149197,524,1,12.4289999008179,35.4990005493164,0.0280349999666214,0.0131890568882227,110.793998718262,-86.9296,26.7202,31.7877835847979,63,63,63,63,61,63,0,7818,1.13366707078925,27,-87,0.001869,51,2026-07-23 06:26:58.000681,524,1.037,0.0011,"aoml_navis",1029.22677116988
"7901009",117,0,1,0.026166,1,0.003738,1,114.517679376616,1,4.8579570409725,526,1,12.3699998855591,35.4879989624023,0.0261659994721413,0.0115404240787029,110.42790222168,-86.9296,26.7202,31.7877835847979,63,63,63,63,61,63,0,7818,1.13366707078925,27,-87,0.001869,51,2026-07-23 06:26:58.000681,526,1.037,0.0011,"aoml_navis",1029.23923736449
"7901009",117,0,1,0.024297,1,0.001869,1,114.23436019181,1,4.85786398049702,528,1,12.2639999389648,35.4739990234375,0.0242970008403063,0.00989179313182831,110.15470123291,-86.9296,26.7202,31.7877835847979,63,63,63,63,61,63,0,7818,1.13366707078925,27,-87,0.001869,51,2026-07-23 06:26:58.000681,528,1.037,0.0011,"aoml_navis",1029.25895415632
"7901009",117,0,1,0.024297,1,0.001869,1,113.971991862972,1,4.85779613252572,530,1,12.1990003585815,35.4640007019043,0.0242970008403063,0.00989179313182831,109.901702880859,-86.9296,26.7202,31.7877835847979,63,63,63,63,61,63,0,7818,1.13366707078925,27,-87,0.001869,51,2026-07-23 06:26:58.000681,530,1.037,0.0011,"aoml_navis",1029.27332963237
"7901009",117,0,1,0.028035,1,0.005607,1,113.635266984138,1,4.85773361614388,532,1,12.1470003128052,35.4560012817383,0.0280349999666214,0.0131890568882227,109.577003479004,-86.9296,26.7202,31.7877835847979,63,63,63,63,61,63,0,7818,1.13366707078925,27,-87,0.001869,51,2026-07-23 06:26:58.000681,532,1.037,0.0011,"aoml_navis",1029.28657581867
"7901009",117,0,1,0.029904,1,0.007476,1,113.431178113405,1,4.85765464351008,534,1,12.0699996948242,35.4459991455078,0.0299040004611015,0.0148376896977425,109.38020324707,-86.9296,26.7202,31.7877835847979,63,63,63,63,61,63,0,7818,1.13366707078925,27,-87,0.001869,51,2026-07-23 06:26:58.000681,534,1.037,0.0011,"aoml_navis",1029.3033092997
"7901009",117,0,1,0.028035,1,0.005607,1,113.040833917768,1,4.85760448253876,536,1,12.0459995269775,35.4420013427734,0.0280349999666214,0.0131890568882227,109.003799438477,-86.9296,26.7202,31.7877835847979,63,63,63,63,61,63,0,7818,1.13366707078925,27,-87,0.001869,51,2026-07-23 06:26:58.000681,536,1.037,0.0011,"aoml_navis",1029.31393817119
"7901009",117,0,1,0.026166,1,0.003738,1,112.568466488058,1,4.85755229083366,538,1,12.0159997940063,35.4370002746582,0.0261659994721413,0.0115404240787029,108.548301696777,-86.9296,26.7202,31.7877835847979,63,63,63,63,61,63,0,7818,1.13366707078925,27,-87,0.001869,51,2026-07-23 06:26:58.000681,538,1.037,0.0011,"aoml_navis",1029.32499757854
"7901009",117,0,1,0.026166,1,0.003738,1,112.018838820988,1,4.85749316883465,540,1,11.9709997177124,35.4300003051758,0.0261659994721413,0.0115404240787029,108.01830291748,-86.9296,26.7202,31.7877835847979,63,63,63,63,61,63,0,7818,1.13366707078925,27,-87,0.001869,51,2026-07-23 06:26:58.000681,540,1.037,0.0011,"aoml_navis",1029.33752580028
"7901009",117,0,1,0.026166,1,0.003738,1,111.721831954602,1,4.8574089408359,542,1,11.8839998245239,35.4189987182617,0.0261659994721413,0.0115404240787029,107.731903076172,-86.9296,26.7202,31.7877835847979,63,63,63,63,61,63,0,7818,1.13366707078925,27,-87,0.001869,51,2026-07-23 06:26:58.000681,542,1.037,0.0011,"aoml_navis",1029.3553746248
"7901009",117,0,1,0.026166,1,0.003738,1,111.309397581523,1,4.85733942305237,544,1,11.8199996948242,35.4099998474121,0.0261659994721413,0.0115404240787029,107.334197998047,-86.9296,26.7202,31.7877835847979,63,63,63,63,61,63,0,7818,1.13366707078925,27,-87,0.001869,51,2026-07-23 06:26:58.000681,544,1.037,0.0011,"aoml_navis",1029.3701066618
"7901009",117,0,1,0.024297,1,0.001869,1,111.00907560613,1,4.85726432087951,546,1,11.746000289917,35.4000015258789,0.0242970008403063,0.00989179313182831,107.04460144043,-86.9296,26.7202,31.7877835847979,63,63,63,63,61,63,0,7818,1.13366707078925,27,-87,0.001869,51,2026-07-23 06:26:58.000681,546,1.037,0.0011,"aoml_navis",1029.38602260267
"7901009",117,0,1,0.024297,1,0.001869,1,110.816395774032,1,4.85721061074783,548,1,11.71399974823,35.3950004577637,0.0242970008403063,0.00989179313182831,106.85880279541,-86.9296,26.7202,31.7877835847979,63,63,63,63,61,63,0,7818,1.13366707078925,27,-87,0.001869,51,2026-07-23 06:26:58.000681,548,1.037,0.0011,"aoml_navis",1029.39740536188
"7901009",117,0,1,0.029904,1,0.007476,1,110.653061381808,1,4.85716069365555,550,1,11.6859998703003,35.3899993896484,0.0299040004611015,0.0148376896977425,106.701301574707,-86.9296,26.7202,31.7877835847979,63,63,63,63,61,63,0,7818,1.13366707078925,27,-87,0.001869,51,2026-07-23 06:26:58.000681,550,1.037,0.0011,"aoml_navis",1029.40798449
"7901009",117,0,1,0.026166,1,0.003738,1,110.505179037057,1,4.85709001794377,552,1,11.6280002593994,35.382999420166,0.0261659994721413,0.0115404240787029,106.558700561523,-86.9296,26.7202,31.7877835847979,63,63,63,63,61,63,0,7818,1.13366707078925,27,-87,0.001869,51,2026-07-23 06:26:58.000681,552,1.037,0.0011,"aoml_navis",1029.42296344689
"7901009",117,0,1,0.024297,1,0.001869,1,110.548940058341,1,4.85703824002568,554,1,11.5939998626709,35.3769989013672,0.0242970008403063,0.00989179313182831,106.600898742676,-86.9296,26.7202,31.7877835847979,63,63,63,63,61,63,0,7818,1.13366707078925,27,-87,0.001869,51,2026-07-23 06:26:58.000681,554,1.037,0.0011,"aoml_navis",1029.43393749635
"7901009",117,0,1,0.029904,1,0.007476,1,110.885870647996,1,4.85697710752576,555.900024414062,1,11.5319995880127,35.367000579834,0.0299040004611015,0.0148376896977425,106.925796508789,-86.9296,26.7202,31.7877835847979,63,63,63,63,61,63,0,7818,1.13366707078925,27,-87,0.001869,51,2026-07-23 06:26:58.000681,555.900024414062,1.037,0.0011,"aoml_navis",1029.4468945
"7901009",117,0,1,0.028035,1,0.005607,1,111.232659533171,1,4.85690168735752,558,1,11.4549999237061,35.3559989929199,0.0280349999666214,0.0131890568882227,107.260200500488,-86.9296,26.7202,31.7877835847979,63,63,63,63,61,63,0,7818,1.13366707078925,27,-87,0.001869,51,2026-07-23 06:26:58.000681,558,1.037,0.0011,"aoml_navis",1029.46288021744
"7901009",117,0,1,0.028035,1,0.005607,1,111.484655289436,1,4.8568378545633,560,1,11.3879995346069,35.3450012207031,0.0280349999666214,0.0131890568882227,107.503196716309,-86.9296,26.7202,31.7877835847979,63,63,63,63,61,63,0,7818,1.13366707078925,27,-87,0.001869,51,2026-07-23 06:26:58.000681,560,1.037,0.0011,"aoml_navis",1029.47641031545
"7901009",117,0,1,0.024297,1,0.001869,1,111.396302491627,1,4.8567938039555,562,1,11.3620004653931,35.3390007019043,0.0242970008403063,0.00989179313182831,107.417999267578,-86.9296,26.7202,31.7877835847979,63,63,63,63,61,63,0,7818,1.13366707078925,27,-87,0.001869,51,2026-07-23 06:26:58.000681,562,1.037,0.0011,"aoml_navis",1029.48574755796
"7901009",117,0,1,0.024297,1,0.001869,1,111.398169712929,1,4.8567117804765,564,1,11.2670001983643,35.326000213623,0.0242970008403063,0.00989179313182831,107.419799804688,-86.9296,26.7202,31.7877835847979,63,63,63,63,61,63,0,7818,1.13366707078925,27,-87,0.001869,51,2026-07-23 06:26:58.000681,564,1.037,0.0011,"aoml_navis",1029.50313421923
"7901009",117,0,1,0.026166,1,0.003738,1,111.390803683131,1,4.85663471565241,566,1,11.168999671936,35.3110008239746,0.0261659994721413,0.0115404240787029,107.412696838379,-86.9296,26.7202,31.7877835847979,63,63,63,63,61,63,0,7818,1.13366707078925,27,-87,0.001869,51,2026-07-23 06:26:58.000681,566,1.037,0.0011,"aoml_navis",1029.51947032078
"7901009",117,0,1,0.028035,1,0.005607,1,111.263460772705,1,4.85656259835324,568,1,11.0959997177124,35.3009986877441,0.0280349999666214,0.0131890568882227,107.289901733398,-86.9296,26.7202,31.7877835847979,63,63,63,63,61,63,0,7818,1.13366707078925,27,-87,0.001869,51,2026-07-23 06:26:58.000681,568,1.037,0.0011,"aoml_navis",1029.53475812201
"7901009",117,0,1,0.028035,1,0.005607,1,111.297885687477,1,4.85648171281453,570,1,10.9969997406006,35.2869987487793,0.0280349999666214,0.0131890568882227,107.323097229004,-86.9296,26.7202,31.7877835847979,63,63,63,63,61,63,0,7818,1.13366707078925,27,-87,0.001869,51,2026-07-23 06:26:58.000681,570,1.037,0.0011,"aoml_navis",1029.55190520059
"7901009",117,0,1,0.028035,1,0.005607,1,111.216685296691,1,4.85641013002672,572,1,10.923999786377,35.2770004272461,0.0280349999666214,0.0131890568882227,107.24479675293,-86.9296,26.7202,31.7877835847979,63,63,63,63,61,63,0,7818,1.13366707078925,27,-87,0.001869,51,2026-07-23 06:26:58.000681,572,1.037,0.0011,"aoml_navis",1029.5670806478
"7901009",117,0,1,0.029904,1,0.007476,1,110.96665961714,1,4.8563503593658,574,1,10.8760004043579,35.2700004577637,0.0299040004611015,0.0148376896977425,107.003700256348,-86.9296,26.7202,31.7877835847979,63,63,63,63,61,63,0,7818,1.13366707078925,27,-87,0.001869,51,2026-07-23 06:26:58.000681,574,1.037,0.0011,"aoml_navis",1029.57975228397
"7901009",117,0,1,0.035511,1,0.013083,1,110.565222861053,1,4.85629068406836,576,1,10.8280000686646,35.2630004882812,0.0355109982192516,0.0197835862636566,106.616600036621,-86.9296,26.7202,31.7877835847979,63,63,63,63,61,63,0,7818,1.13366707078925,27,-87,0.001869,51,2026-07-23 06:26:58.000681,576,1.037,0.0011,"aoml_navis",1029.59240401385
"7901009",117,0,1,0.026166,1,0.003738,1,110.145018948488,1,4.85622026380734,578,1,10.7720003128052,35.2569999694824,0.0261659994721413,0.0115404240787029,106.211402893066,-86.9296,26.7202,31.7877835847979,63,63,63,63,61,63,0,7818,1.13366707078925,27,-87,0.001869,51,2026-07-23 06:26:58.000681,578,1.037,0.0011,"aoml_navis",1029.60733417803
"7901009",117,0,1,0.029904,1,0.007476,1,109.813270689142,1,4.85617465087514,580,1,10.7679996490479,35.2569999694824,0.0299040004611015,0.0148376896977425,105.891502380371,-86.9296,26.7202,31.7877835847979,63,63,63,63,61,63,0,7818,1.13366707078925,27,-87,0.001869,51,2026-07-23 06:26:58.000681,580,1.037,0.0011,"aoml_navis",1029.61700504304
"7901009",117,0,1,0.028035,1,0.005607,1,109.298067936845,1,4.85612820804477,582,1,10.7589998245239,35.2560005187988,0.0280349999666214,0.0131890568882227,105.39469909668,-86.9296,26.7202,31.7877835847979,63,63,63,63,61,63,0,7818,1.13366707078925,27,-87,0.001869,51,2026-07-23 06:26:58.000681,582,1.037,0.0011,"aoml_navis",1029.62685204993
"7901009",117,0,1,0.029904,1,0.007476,1,108.883465688187,1,4.85605614753162,584,1,10.701000213623,35.25,0.0299040004611015,0.0148376896977425,104.994903564453,-86.9296,26.7202,31.7877835847979,63,63,63,63,61,63,0,7818,1.13366707078925,27,-87,0.001869,51,2026-07-23 06:26:58.000681,584,1.037,0.0011,"aoml_navis",1029.64213099998
"7901009",117,0,1,0.028035,1,0.005607,1,108.599624314373,1,4.85599324234188,586,1,10.6490001678467,35.2430000305176,0.0280349999666214,0.0131890568882227,104.721199035645,-86.9296,26.7202,31.7877835847979,63,63,63,63,61,63,0,7818,1.13366707078925,27,-87,0.001869,51,2026-07-23 06:26:58.000681,586,1.037,0.0011,"aoml_navis",1029.65546912266
"7901009",117,0,1,0.028035,1,0.005607,1,108.120096565686,1,4.85593134129479,588,1,10.5979995727539,35.2360000610352,0.0280349999666214,0.0131890568882227,104.258796691895,-86.9296,26.7202,31.7877835847979,63,63,63,63,61,63,0,7818,1.13366707078925,27,-87,0.001869,51,2026-07-23 06:26:58.000681,588,1.037,0.0011,"aoml_navis",1029.66859466897
"7901009",117,0,1,0.026166,1,0.003738,1,107.66650420441,1,4.85584580049287,590,1,10.5120000839233,35.2270011901855,0.0261659994721413,0.0115404240787029,103.821403503418,-86.9296,26.7202,31.7877835847979,63,63,63,63,61,63,0,7818,1.13366707078925,27,-87,0.001869,51,2026-07-23 06:26:58.000681,590,1.037,0.0011,"aoml_navis",1029.68673335807
"7901009",117,0,1,0.029904,1,0.007476,1,107.336623166366,1,4.85577358691517,592,1,10.4490003585815,35.2200012207031,0.0299040004611015,0.0148376896977425,103.503303527832,-86.9296,26.7202,31.7877835847979,63,63,63,63,61,63,0,7818,1.13366707078925,27,-87,0.001869,51,2026-07-23 06:26:58.000681,592,1.037,0.0011,"aoml_navis",1029.70204654382
"7901009",117,0,1,0.024297,1,0.001869,1,107.087523185512,1,4.85571009503294,594,1,10.4040002822876,35.2150001525879,0.0242970008403063,0.00989179313182831,103.26309967041,-86.9296,26.7202,31.7877835847979,63,63,63,63,61,63,0,7818,1.13366707078925,27,-87,0.001869,51,2026-07-23 06:26:58.000681,594,1.037,0.0011,"aoml_navis",1029.71551063451
"7901009",117,0,1,0.026166,1,0.003738,1,106.557912763759,1,4.85564256707655,596,1,10.3459997177124,35.2080001831055,0.0261659994721413,0.0115404240787029,102.752403259277,-86.9296,26.7202,31.7877835847979,63,63,63,63,61,63,0,7818,1.13366707078925,27,-87,0.001869,51,2026-07-23 06:26:58.000681,596,1.037,0.0011,"aoml_navis",1029.72983100162
"7901009",117,0,1,0.028035,1,0.005607,1,105.578737165658,1,4.85558832864651,598,1,10.3280000686646,35.2070007324219,0.0280349999666214,0.0131890568882227,101.808197021484,-86.9296,26.7202,31.7877835847979,63,63,63,63,61,63,0,7818,1.13366707078925,27,-87,0.001869,51,2026-07-23 06:26:58.000681,598,1.037,0.0011,"aoml_navis",1029.74133340372
"7901009",117,0,1,0.026166,1,0.003738,1,105.320000424014,1,4.85552898323438,600,1,10.3249998092651,35.2109985351562,0.0261659994721413,0.0115404240787029,101.558700561523,-86.9296,26.7202,31.7877835847979,63,63,63,63,61,63,0,7818,1.13366707078925,27,-87,0.001869,51,2026-07-23 06:26:58.000681,600,1.037,0.0011,"aoml_navis",1029.75391914341
"7901009",117,0,1,0.026166,1,0.003738,1,105.535909755025,1,4.85547008537926,602,1,10.2849998474121,35.2060012817383,0.0261659994721413,0.0115404240787029,101.766899108887,-86.9296,26.7202,31.7877835847979,63,63,63,63,61,63,0,7818,1.13366707078925,27,-87,0.001869,51,2026-07-23 06:26:58.000681,602,1.037,0.0011,"aoml_navis",1029.76641027116
"7901009",117,0,1,0.029904,1,0.007476,1,105.957878033481,1,4.85542074460701,604,1,10.2600002288818,35.2019996643066,0.0299040004611015,0.0148376896977425,102.173797607422,-86.9296,26.7202,31.7877835847979,63,63,63,63,61,63,0,7818,1.13366707078925,27,-87,0.001869,51,2026-07-23 06:26:58.000681,604,1.037,0.0011,"aoml_navis",1029.77687475459
"7901009",117,0,1,0.031773,1,0.009345,1,106.352162382545,1,4.85536682492043,606,1,10.2130002975464,35.1940002441406,0.0317730009555817,0.0164863225072622,102.554000854492,-86.9296,26.7202,31.7877835847979,63,63,63,63,61,63,0,7818,1.13366707078925,27,-87,0.001869,51,2026-07-23 06:26:58.000681,606,1.037,0.0011,"aoml_navis",1029.78831060451
"7901009",117,0,1,0.026166,1,0.003738,1,106.622830351833,1,4.85530323588631,608,1,10.1590003967285,35.1870002746582,0.0261659994721413,0.0115404240787029,102.815002441406,-86.9296,26.7202,31.7877835847979,63,63,63,63,61,63,0,7818,1.13366707078925,27,-87,0.001869,51,2026-07-23 06:26:58.000681,608,1.037,0.0011,"aoml_navis",1029.80179755699
"7901009",117,0,1,0.029904,1,0.007476,1,106.923358038047,1,4.8552543762559,610,1,10.1260004043579,35.1809997558594,0.0299040004611015,0.0148376896977425,103.104797363281,-86.9296,26.7202,31.7877835847979,63,63,63,63,61,63,0,7818,1.13366707078925,27,-87,0.001869,51,2026-07-23 06:26:58.000681,610,1.037,0.0011,"aoml_navis",1029.81216070819
"7901009",117,0,1,0.024297,1,0.001869,1,107.262052993594,1,4.8552090362282,612,1,10.0970001220703,35.1749992370605,0.0242970008403063,0.00989179313182831,103.431396484375,-86.9296,26.7202,31.7877835847979,63,63,63,63,61,63,0,7818,1.13366707078925,27,-87,0.001869,51,2026-07-23 06:26:58.000681,612,1.037,0.0011,"aoml_navis",1029.82177753654
"7901009",117,0,1,0.024297,1,0.001869,1,107.502236201535,1,4.85514497277885,614,1,10.0209999084473,35.1629981994629,0.0242970008403063,0.00989179313182831,103.66300201416,-86.9296,26.7202,31.7877835847979,63,63,63,63,61,63,0,7818,1.13366707078925,27,-87,0.001869,51,2026-07-23 06:26:58.000681,614,1.037,0.0011,"aoml_navis",1029.8353659949
"7901009",117,0,1,0.026166,1,0.003738,1,107.211242420699,1,4.85507382999776,616,1,9.94499969482422,35.1529998779297,0.0261659994721413,0.0115404240787029,103.382400512695,-86.9296,26.7202,31.7877835847979,63,63,63,63,61,63,0,7818,1.13366707078925,27,-87,0.001869,51,2026-07-23 06:26:58.000681,616,1.037,0.0011,"aoml_navis",1029.85045646614
"7901009",117,0,1,0.028035,1,0.005607,1,106.936840008806,1,4.85501727469182,618,1,9.92399978637695,35.1520004272461,0.0280349999666214,0.0131890568882227,103.117797851562,-86.9296,26.7202,31.7877835847979,63,63,63,63,61,63,0,7818,1.13366707078925,27,-87,0.001869,51,2026-07-23 06:26:58.000681,618,1.037,0.0011,"aoml_navis",1029.86245302647
"7901009",117,0,1,0.028035,1,0.005607,1,107.116971480796,1,4.85497149388315,620,1,9.92399978637695,35.1529998779297,0.0280349999666214,0.0131890568882227,103.291496276855,-86.9296,26.7202,31.7877835847979,63,63,63,63,61,63,0,7818,1.13366707078925,27,-87,0.001869,51,2026-07-23 06:26:58.000681,620,1.037,0.0011,"aoml_navis",1029.87216429583
"7901009",117,0,1,0.029904,1,0.007476,1,108.001259006531,1,4.85491756896728,622,1,9.88899993896484,35.1479988098145,0.0299040004611015,0.0148376896977425,104.144203186035,-86.9296,26.7202,31.7877835847979,63,63,63,63,61,63,0,7818,1.13366707078925,27,-87,0.001869,51,2026-07-23 06:26:58.000681,622,1.037,0.0011,"aoml_navis",1029.88360337158
"7901009",117,0,1,0.024297,1,0.001869,1,109.14282747425,1,4.85483414476562,624,1,9.75100040435791,35.1269989013672,0.0242970008403063,0.00989179313182831,105.245002746582,-86.9296,26.7202,31.7877835847979,63,63,63,63,61,63,0,7818,1.13366707078925,27,-87,0.001869,51,2026-07-23 06:26:58.000681,624,1.037,0.0011,"aoml_navis",1029.90130062237
"7901009",117,0,1,0.026166,1,0.003738,1,109.601918644022,1,4.85476836606495,626,1,9.66300010681152,35.1129989624023,0.0261659994721413,0.0115404240787029,105.687698364258,-86.9296,26.7202,31.7877835847979,63,63,63,63,61,63,0,7818,1.13366707078925,27,-87,0.001869,51,2026-07-23 06:26:58.000681,626,1.037,0.0011,"aoml_navis",1029.91525506144
"7901009",117,0,1,0.026166,1,0.003738,1,109.650553429383,1,4.8547131198582,628,1,9.62600040435791,35.1080017089844,0.0261659994721413,0.0115404240787029,105.734596252441,-86.9296,26.7202,31.7877835847979,63,63,63,63,61,63,0,7818,1.13366707078925,27,-87,0.001869,51,2026-07-23 06:26:58.000681,628,1.037,0.0011,"aoml_navis",1029.92697540613
"7901009",117,0,1,0.028035,1,0.005607,1,109.695153117862,1,4.8546596523304,630,1,9.60400009155273,35.1059989929199,0.0280349999666214,0.0131890568882227,105.777603149414,-86.9296,26.7202,31.7877835847979,63,63,63,63,61,63,0,7818,1.13366707078925,27,-87,0.001869,51,2026-07-23 06:26:58.000681,630,1.037,0.0011,"aoml_navis",1029.93831866253
"7901009",117,0,1,0.028035,1,0.005607,1,109.765150180835,1,4.85461323841444,632,1,9.58600044250488,35.1030006408691,0.0280349999666214,0.0131890568882227,105.845100402832,-86.9296,26.7202,31.7877835847979,63,63,63,63,61,63,0,7818,1.13366707078925,27,-87,0.001869,51,2026-07-23 06:26:58.000681,632,1.037,0.0011,"aoml_navis",1029.9481656819
"7901009",117,0,1,0.028035,1,0.005607,1,109.795745709547,1,4.85456769555519,634,1,9.56900024414062,35.0999984741211,0.0280349999666214,0.0131890568882227,105.874603271484,-86.9296,26.7202,31.7877835847979,63,63,63,63,61,63,0,7818,1.13366707078925,27,-87,0.001869,51,2026-07-23 06:26:58.000681,634,1.037,0.0011,"aoml_navis",1029.95782808384
"7901009",117,0,1,0.035511,1,0.013083,1,109.836808754288,1,4.85451285646245,636,1,9.54100036621094,35.0970001220703,0.0355109982192516,0.0197835862636566,105.914199829102,-86.9296,26.7202,31.7877835847979,63,63,63,63,61,63,0,7818,1.13366707078925,27,-87,0.001869,51,2026-07-23 06:26:58.000681,636,1.037,0.0011,"aoml_navis",1029.96946302117
"7901009",117,0,1,0.028035,1,0.005607,1,109.872895179541,1,4.85446003860035,638,1,9.51099967956543,35.0929985046387,0.0280349999666214,0.0131890568882227,105.948997497559,-86.9296,26.7202,31.7877835847979,63,63,63,63,61,63,0,7818,1.13366707078925,27,-87,0.001869,51,2026-07-23 06:26:58.000681,638,1.037,0.0011,"aoml_navis",1029.98066937257
"7901009",117,0,1,0.029904,1,0.007476,1,109.827686270553,1,4.8544139436345,640,1,9.5019998550415,35.0919990539551,0.0299040004611015,0.0148376896977425,105.905403137207,-86.9296,26.7202,31.7877835847979,63,63,63,63,61,63,0,7818,1.13366707078925,27,-87,0.001869,51,2026-07-23 06:26:58.000681,640,1.037,0.0011,"aoml_navis",1029.99044952819
"7901009",117,0,1,0.029904,1,0.007476,1,109.721389159551,1,4.85437038058665,642,1,9.49600028991699,35.0909996032715,0.0299040004611015,0.0148376896977425,105.80290222168,-86.9296,26.7202,31.7877835847979,63,63,63,63,61,63,0,7818,1.13366707078925,27,-87,0.001869,51,2026-07-23 06:26:58.000681,642,1.037,0.0011,"aoml_navis",1029.99969264722
"7901009",117,0,1,0.029904,1,0.007476,1,109.583254342953,1,4.85431339077418,644,1,9.46100044250488,35.0870018005371,0.0299040004611015,0.0148376896977425,105.669700622559,-86.9296,26.7202,31.7877835847979,63,63,63,63,61,63,0,7818,1.13366707078925,27,-87,0.001869,51,2026-07-23 06:26:58.000681,644,1.037,0.0011,"aoml_navis",1030.01178488037
"7901009",117,0,1,0.033642,1,0.011214,1,109.241133511034,1,4.85426732443007,646,1,9.45199966430664,35.0859985351562,0.0336420014500618,0.0181349534541368,105.339797973633,-86.9296,26.7202,31.7877835847979,63,63,63,63,61,63,0,7818,1.13366707078925,27,-87,0.001869,51,2026-07-23 06:26:58.000681,646,1.037,0.0011,"aoml_navis",1030.02155955369
"7901009",117,0,1,0.033642,1,0.011214,1,108.866557841055,1,4.85422315909912,648,1,9.45400047302246,35.0870018005371,0.0336420014500618,0.0181349534541368,104.97859954834,-86.9296,26.7202,31.7877835847979,63,63,63,63,61,63,0,7818,1.13366707078925,27,-87,0.001869,51,2026-07-23 06:26:58.000681,648,1.037,0.0011,"aoml_navis",1030.03093103118
"7901009",117,0,1,0.024297,1,0.001869,1,108.878069735101,1,4.85416112281053,650,1,9.42599964141846,35.0859985351562,0.0242970008403063,0.00989179313182831,104.989700317383,-86.9296,26.7202,31.7877835847979,63,63,63,63,61,63,0,7818,1.13366707078925,27,-87,0.001869,51,2026-07-23 06:26:58.000681,650,1.037,0.0011,"aoml_navis",1030.04409484971
"7901009",117,0,1,0.024297,1,0.001869,1,108.979801648258,1,4.85410065308691,652,1,9.37800025939941,35.0800018310547,0.0242970008403063,0.00989179313182831,105.087799072266,-86.9296,26.7202,31.7877835847979,63,63,63,63,61,63,0,7818,1.13366707078925,27,-87,0.001869,51,2026-07-23 06:26:58.000681,652,1.037,0.0011,"aoml_navis",1030.05692657409
"7901009",117,0,1,0.028035,1,0.005607,1,108.98913775477,1,4.85405021513212,654,1,9.35499954223633,35.0769996643066,0.0280349999666214,0.0131890568882227,105.096801757812,-86.9296,26.7202,31.7877835847979,63,63,63,63,61,63,0,7818,1.13366707078925,27,-87,0.001869,51,2026-07-23 06:26:58.000681,654,1.037,0.0011,"aoml_navis",1030.06762979355
"7901009",117,0,1,0.026166,1,0.003738,1,109.099786440841,1,4.85398707060617,656,1,9.30799961090088,35.0719985961914,0.0261659994721413,0.0115404240787029,105.203498840332,-86.9296,26.7202,31.7877835847979,63,63,63,63,61,63,0,7818,1.13366707078925,27,-87,0.001869,51,2026-07-23 06:26:58.000681,656,1.037,0.0011,"aoml_navis",1030.08102973286
"7901009",117,0,1,0.024297,1,0.001869,1,109.26861964156,1,4.85392135640777,658,1,9.24899959564209,35.064998626709,0.0242970008403063,0.00989179313182831,105.366302490234,-86.9296,26.7202,31.7877835847979,63,63,63,63,61,63,0,7818,1.13366707078925,27,-87,0.001869,51,2026-07-23 06:26:58.000681,658,1.037,0.0011,"aoml_navis",1030.09497535418
"7901009",117,0,1,0.024297,1,0.001869,1,109.312792084487,1,4.85387068289514,660,1,9.22999954223633,35.0629997253418,0.0242970008403063,0.00989179313182831,105.408897399902,-86.9296,26.7202,31.7877835847979,63,63,63,63,61,63,0,7818,1.13366707078925,27,-87,0.001869,51,2026-07-23 06:26:58.000681,660,1.037,0.0011,"aoml_navis",1030.1057293553
"7901009",117,0,1,0.026166,1,0.003738,1,109.344424079261,1,4.85382036464323,662,1,9.20699977874756,35.060001373291,0.0261659994721413,0.0115404240787029,105.439399719238,-86.9296,26.7202,31.7877835847979,63,63,63,63,61,63,0,7818,1.13366707078925,27,-87,0.001869,51,2026-07-23 06:26:58.000681,662,1.037,0.0011,"aoml_navis",1030.11640818469
"7901009",117,0,1,0.029904,1,0.007476,1,109.318813081992,1,4.85377388546515,664,1,9.19299983978271,35.0579986572266,0.0299040004611015,0.0148376896977425,105.414703369141,-86.9296,26.7202,31.7877835847979,63,63,63,63,61,63,0,7818,1.13366707078925,27,-87,0.001869,51,2026-07-23 06:26:58.000681,664,1.037,0.0011,"aoml_navis",1030.12627246043
"7901009",117,0,1,0.031773,1,0.009345,1,109.390258032669,1,4.8537202819706,666,1,9.16600036621094,35.0550003051758,0.0317730009555817,0.0164863225072622,105.483596801758,-86.9296,26.7202,31.7877835847979,63,63,63,63,61,63,0,7818,1.13366707078925,27,-87,0.001869,51,2026-07-23 06:26:58.000681,666,1.037,0.0011,"aoml_navis",1030.1376489644
"7901009",117,0,1,0.029904,1,0.007476,1,109.512529380151,1,4.85365501941235,668,1,9.11600017547607,35.0499992370605,0.0299040004611015,0.0148376896977425,105.601501464844,-86.9296,26.7202,31.7877835847979,63,63,63,63,61,63,0,7818,1.13366707078925,27,-87,0.001869,51,2026-07-23 06:26:58.000681,668,1.037,0.0011,"aoml_navis",1030.15150026163
"7901009",117,0,1,0.031773,1,0.009345,1,109.471774901642,1,4.85360691927227,670,1,9.10000038146973,35.0480003356934,0.0317730009555817,0.0164863225072622,105.562202453613,-86.9296,26.7202,31.7877835847979,63,63,63,63,61,63,0,7818,1.13366707078925,27,-87,0.001869,51,2026-07-23 06:26:58.000681,670,1.037,0.0011,"aoml_navis",1030.16170925306
"7901009",117,0,1,0.035511,1,0.013083,1,109.382274870406,1,4.85356085618654,672,1,9.08199977874756,35.0449981689453,0.0355109982192516,0.0197835862636566,105.475898742676,-86.9296,26.7202,31.7877835847979,63,63,63,63,61,63,0,7818,1.13366707078925,27,-87,0.001869,51,2026-07-23 06:26:58.000681,672,1.037,0.0011,"aoml_navis",1030.17148608053
"7901009",117,0,1,0.028035,1,0.005607,1,109.274427016289,1,4.85348879060342,674,1,9.02799987792969,35.0410003662109,0.0280349999666214,0.0131890568882227,105.37190246582,-86.9296,26.7202,31.7877835847979,63,63,63,63,61,63,0,7818,1.13366707078925,27,-87,0.001869,51,2026-07-23 06:26:58.000681,674,1.037,0.0011,"aoml_navis",1030.1867822751
"7901009",117,0,1,0.031773,1,0.009345,1,109.144900406373,1,4.85342589490319,676,1,8.98499965667725,35.0369987487793,0.0317730009555817,0.0164863225072622,105.247001647949,-86.9296,26.7202,31.7877835847979,63,63,63,63,61,63,0,7818,1.13366707078925,27,-87,0.001869,51,2026-07-23 06:26:58.000681,676,1.037,0.0011,"aoml_navis",1030.20013249831
"7901009",117,0,1,0.028035,1,0.005607,1,109.103315172624,1,4.85337705152396,678,1,8.9680004119873,35.0349998474121,0.0280349999666214,0.0131890568882227,105.206901550293,-86.9296,26.7202,31.7877835847979,63,63,63,63,61,63,0,7818,1.13366707078925,27,-87,0.001869,51,2026-07-23 06:26:58.000681,678,1.037,0.0011,"aoml_navis",1030.21050021861
"7901009",117,0,1,0.028035,1,0.005607,1,109.110989768654,1,4.85331426017432,680,1,8.92500019073486,35.0309982299805,0.0280349999666214,0.0131890568882227,105.214302062988,-86.9296,26.7202,31.7877835847979,63,63,63,63,61,63,0,7818,1.13366707078925,27,-87,0.001869,51,2026-07-23 06:26:58.000681,680,1.037,0.0011,"aoml_navis",1030.22382890582
"7901009",117,0,1,0.028035,1,0.005607,1,109.114929922081,1,4.85325440193773,682,1,8.89000034332275,35.0279998779297,0.0280349999666214,0.0131890568882227,105.218101501465,-86.9296,26.7202,31.7877835847979,63,63,63,63,61,63,0,7818,1.13366707078925,27,-87,0.001869,51,2026-07-23 06:26:58.000681,682,1.037,0.0011,"aoml_navis",1030.23653530375
"7901009",117,0,1,0.028035,1,0.005607,1,109.143966795722,1,4.85319908565211,684,1,8.86499977111816,35.0260009765625,0.0280349999666214,0.0131890568882227,105.246101379395,-86.9296,26.7202,31.7877835847979,63,63,63,63,61,63,0,7818,1.13366707078925,27,-87,0.001869,51,2026-07-23 06:26:58.000681,684,1.037,0.0011,"aoml_navis",1030.2482778384
"7901009",117,0,1,0.026166,1,0.003738,1,109.32462045672,1,4.85314665972698,686,1,8.83899974822998,35.0229988098145,0.0261659994721413,0.0115404240787029,105.420303344727,-86.9296,26.7202,31.7877835847979,63,63,63,63,61,63,0,7818,1.13366707078925,27,-87,0.001869,51,2026-07-23 06:26:58.000681,686,1.037,0.0011,"aoml_navis",1030.25940705474
"7901009",117,0,1,0.029904,1,0.007476,1,109.568633050722,1,4.85309058855462,688,1,8.80399990081787,35.0190010070801,0.0299040004611015,0.0148376896977425,105.655601501465,-86.9296,26.7202,31.7877835847979,63,63,63,63,61,63,0,7818,1.13366707078925,27,-87,0.001869,51,2026-07-23 06:26:58.000681,688,1.037,0.0011,"aoml_navis",1030.27131036702
"7901009",117,0,1,0.029904,1,0.007476,1,109.841476807544,1,4.85302850655837,690,1,8.75699996948242,35.0139999389648,0.0299040004611015,0.0148376896977425,105.918701171875,-86.9296,26.7202,31.7877835847979,63,63,63,63,61,63,0,7818,1.13366707078925,27,-87,0.001869,51,2026-07-23 06:26:58.000681,690,1.037,0.0011,"aoml_navis",1030.28449003401
"7901009",117,0,1,0.031773,1,0.009345,1,110.070559543082,1,4.85296247145369,692,1,8.70499992370605,35.0089988708496,0.0317730009555817,0.0164863225072622,106.139602661133,-86.9296,26.7202,31.7877835847979,63,63,63,63,61,63,0,7818,1.13366707078925,27,-87,0.001869,51,2026-07-23 06:26:58.000681,692,1.037,0.0011,"aoml_navis",1030.29850929432
"7901009",117,0,1,0.028035,1,0.005607,1,110.24135490856,1,4.85290578650243,694,1,8.66899967193604,35.0050010681152,0.0280349999666214,0.0131890568882227,106.304298400879,-86.9296,26.7202,31.7877835847979,63,63,63,63,61,63,0,7818,1.13366707078925,27,-87,0.001869,51,2026-07-23 06:26:58.000681,694,1.037,0.0011,"aoml_navis",1030.3105438203
"7901009",117,0,1,0.028035,1,0.005607,1,110.428749554937,1,4.8528559839802,696,1,8.64599990844727,35.0019989013672,0.0280349999666214,0.0131890568882227,106.485000610352,-86.9296,26.7202,31.7877835847979,63,63,63,63,61,63,0,7818,1.13366707078925,27,-87,0.001869,51,2026-07-23 06:26:58.000681,696,1.037,0.0011,"aoml_navis",1030.32111740087
"7901009",117,0,1,0.028035,1,0.005607,1,110.643108142833,1,4.85280457620524,698,1,8.62100028991699,34.9990005493164,0.0280349999666214,0.0131890568882227,106.691703796387,-86.9296,26.7202,31.7877835847979,63,63,63,63,61,63,0,7818,1.13366707078925,27,-87,0.001869,51,2026-07-23 06:26:58.000681,698,1.037,0.0011,"aoml_navis",1030.33203202052
"7901009",117,0,1,0.029904,1,0.007476,1,110.838066617875,1,4.85274883094388,700,1,8.58600044250488,34.9949989318848,0.0299040004611015,0.0148376896977425,106.879699707031,-86.9296,26.7202,31.7877835847979,63,63,63,63,61,63,0,7818,1.13366707078925,27,-87,0.001869,51,2026-07-23 06:26:58.000681,700,1.037,0.0011,"aoml_navis",1030.34386781305
"7901009",117,0,1,0.029904,1,0.007476,1,110.943532973637,1,4.8526867017267,702,1,8.54300022125244,34.9910011291504,0.0299040004611015,0.0148376896977425,106.981399536133,-86.9296,26.7202,31.7877835847979,63,63,63,63,61,63,0,7818,1.13366707078925,27,-87,0.001869,51,2026-07-23 06:26:58.000681,702,1.037,0.0011,"aoml_navis",1030.35705936278
"7901009",117,0,1,0.028035,1,0.005607,1,111.093282539691,1,4.85263220451556,704,1,8.51399993896484,34.9879989624023,0.0280349999666214,0.0131890568882227,107.125801086426,-86.9296,26.7202,31.7877835847979,63,63,63,63,61,63,0,7818,1.13366707078925,27,-87,0.001869,51,2026-07-23 06:26:58.000681,704,1.037,0.0011,"aoml_navis",1030.36863072938
"7901009",117,0,1,0.031773,1,0.009345,1,111.260034896332,1,4.85256189184948,706,1,8.45600032806396,34.9830017089844,0.0317730009555817,0.0164863225072622,107.286598205566,-86.9296,26.7202,31.7877835847979,63,63,63,63,61,63,0,7818,1.13366707078925,27,-87,0.001869,51,2026-07-23 06:26:58.000681,706,1.037,0.0011,"aoml_navis",1030.38356056791
"7901009",117,0,1,0.029904,1,0.007476,1,111.431977495238,1,4.85250080729346,708,1,8.41399955749512,34.9790000915527,0.0299040004611015,0.0148376896977425,107.45240020752,-86.9296,26.7202,31.7877835847979,63,63,63,63,61,63,0,7818,1.13366707078925,27,-87,0.001869,51,2026-07-23 06:26:58.000681,708,1.037,0.0011,"aoml_navis",1030.39653130708
"7901009",117,0,1,0.031773,1,0.009345,1,111.64436600642,1,4.85244963012858,710,1,8.38899993896484,34.976001739502,0.0317730009555817,0.0164863225072622,107.657203674316,-86.9296,26.7202,31.7877835847979,63,63,63,63,61,63,0,7818,1.13366707078925,27,-87,0.001869,51,2026-07-23 06:26:58.000681,710,1.037,0.0011,"aoml_navis",1030.40739855501
"7901009",117,0,1,0.031773,1,0.009345,1,111.744127842864,1,4.85239531310279,712,1,8.35999965667725,34.9729995727539,0.0317730009555817,0.0164863225072622,107.753402709961,-86.9296,26.7202,31.7877835847979,63,63,63,63,61,63,0,7818,1.13366707078925,27,-87,0.001869,51,2026-07-23 06:26:58.000681,712,1.037,0.0011,"aoml_navis",1030.41893278947
"7901009",117,0,1,0.028035,1,0.005607,1,111.979532230184,1,4.8523351734025,714,1,8.31900024414062,34.9690017700195,0.0280349999666214,0.0131890568882227,107.980400085449,-86.9296,26.7202,31.7877835847979,63,63,63,63,61,63,0,7818,1.13366707078925,27,-87,0.001869,51,2026-07-23 06:26:58.000681,714,1.037,0.0011,"aoml_navis",1030.4317037716
"7901009",117,0,1,0.029904,1,0.007476,1,112.354938655403,1,4.85226800352391,716,1,8.26900005340576,34.9650001525879,0.0299040004611015,0.0148376896977425,108.342399597168,-86.9296,26.7202,31.7877835847979,63,63,63,63,61,63,0,7818,1.13366707078925,27,-87,0.001869,51,2026-07-23 06:26:58.000681,716,1.037,0.0011,"aoml_navis",1030.44596802337
"7901009",117,0,1,0.028035,1,0.005607,1,112.886107732226,1,4.85220276848967,718,1,8.21199989318848,34.9589996337891,0.0280349999666214,0.0131890568882227,108.854598999023,-86.9296,26.7202,31.7877835847979,63,63,63,63,61,63,0,7818,1.13366707078925,27,-87,0.001869,51,2026-07-23 06:26:58.000681,718,1.037,0.0011,"aoml_navis",1030.45982176799
"7901009",117,0,1,0.031773,1,0.009345,1,113.246995720624,1,4.85212904406311,720,1,8.14400005340576,34.9529991149902,0.0317730009555817,0.0164863225072622,109.202598571777,-86.9296,26.7202,31.7877835847979,63,63,63,63,61,63,0,7818,1.13366707078925,27,-87,0.001869,51,2026-07-23 06:26:58.000681,720,1.037,0.0011,"aoml_navis",1030.47547882467
"7901009",117,0,1,0.026166,1,0.003738,1,113.451709635776,1,4.85207500442608,722,1,8.11499977111816,34.9500007629395,0.0261659994721413,0.0115404240787029,109.400001525879,-86.9296,26.7202,31.7877835847979,63,63,63,63,61,63,0,7818,1.13366707078925,27,-87,0.001869,51,2026-07-23 06:26:58.000681,722,1.037,0.0011,"aoml_navis",1030.48695567133
"7901009",117,0,1,0.029904,1,0.007476,1,113.687841922925,1,4.85201163224119,724,1,8.07400035858154,34.9469985961914,0.0299040004611015,0.0148376896977425,109.627700805664,-86.9296,26.7202,31.7877835847979,63,63,63,63,61,63,0,7818,1.13366707078925,27,-87,0.001869,51,2026-07-23 06:26:58.000681,724,1.037,0.0011,"aoml_navis",1030.50041487441
"7901009",117,0,1,0.028035,1,0.005607,1,114.002168058086,1,4.85194753543865,726,1,8.0319995880127,34.9440002441406,0.0280349999666214,0.0131890568882227,109.930801391602,-86.9296,26.7202,31.7877835847979,63,63,63,63,61,63,0,7818,1.13366707078925,27,-87,0.001869,51,2026-07-23 06:26:58.000681,726,1.037,0.0011,"aoml_navis",1030.51402833192
"7901009",117,0,1,0.029904,1,0.007476,1,114.208329860943,1,4.85189207126975,728,1,8.00100040435791,34.9410018920898,0.0299040004611015,0.0148376896977425,110.129600524902,-86.9296,26.7202,31.7877835847979,63,63,63,63,61,63,0,7818,1.13366707078925,27,-87,0.001869,51,2026-07-23 06:26:58.000681,728,1.037,0.0011,"aoml_navis",1030.52580860305
"7901009",117,0,1,0.028035,1,0.005607,1,114.305085154612,1,4.85183510500568,730,1,7.96799993515015,34.9379997253418,0.0280349999666214,0.0131890568882227,110.222900390625,-86.9296,26.7202,31.7877835847979,63,63,63,63,61,63,0,7818,1.13366707078925,27,-87,0.001869,51,2026-07-23 06:26:58.000681,730,1.037,0.0011,"aoml_navis",1030.53790819096
"7901009",117,0,1,0.028035,1,0.005607,1,114.506476048802,1,4.85177780344041,732,1,7.94399976730347,34.9370002746582,0.0280349999666214,0.0131890568882227,110.417098999023,-86.9296,26.7202,31.7877835847979,63,63,63,63,61,63,0,7818,1.13366707078925,27,-87,0.001869,51,2026-07-23 06:26:58.000681,732,1.037,0.0011,"aoml_navis",1030.5500792832
"7901009",117,0,1,0.028035,1,0.005607,1,114.750180076571,1,4.85173117224938,734,1,7.92899990081787,34.935001373291,0.0280349999666214,0.0131890568882227,110.652099609375,-86.9296,26.7202,31.7877835847979,63,63,63,63,61,63,0,7818,1.13366707078925,27,-87,0.001869,51,2026-07-23 06:26:58.000681,734,1.037,0.0011,"aoml_navis",1030.55998415549
"7901009",117,0,1,0.029904,1,0.007476,1,115.017635792262,1,4.85168611246187,736,1,7.91599988937378,34.9329986572266,0.0299040004611015,0.0148376896977425,110.910003662109,-86.9296,26.7202,31.7877835847979,63,63,63,63,61,63,0,7818,1.13366707078925,27,-87,0.001869,51,2026-07-23 06:26:58.000681,736,1.037,0.0011,"aoml_navis",1030.56955542882
"7901009",117,0,1,0.028035,1,0.005607,1,115.246710615845,1,4.85162846765887,738,1,7.88199996948242,34.9300003051758,0.0280349999666214,0.0131890568882227,111.130897521973,-86.9296,26.7202,31.7877835847979,63,63,63,63,61,63,0,7818,1.13366707078925,27,-87,0.001869,51,2026-07-23 06:26:58.000681,738,1.037,0.0011,"aoml_navis",1030.58180017909
"7901009",117,0,1,0.029904,1,0.007476,1,115.520487983318,1,4.85156702538413,740,1,7.84299993515015,34.9269981384277,0.0299040004611015,0.0148376896977425,111.394897460938,-86.9296,26.7202,31.7877835847979,63,63,63,63,61,63,0,7818,1.13366707078925,27,-87,0.001869,51,2026-07-23 06:26:58.000681,740,1.037,0.0011,"aoml_navis",1030.59485189821
"7901009",117,0,1,0.029904,1,0.007476,1,115.754444482933,1,4.85150041910289,742,1,7.80200004577637,34.9249992370605,0.0299040004611015,0.0148376896977425,111.620498657227,-86.9296,26.7202,31.7877835847979,63,63,63,63,61,63,0,7818,1.13366707078925,27,-87,0.001869,51,2026-07-23 06:26:58.000681,742,1.037,0.0011,"aoml_navis",1030.60900094173
"7901009",117,0,1,0.031773,1,0.009345,1,116.054560747505,1,4.85143849120065,744,1,7.76700019836426,34.9230003356934,0.0317730009555817,0.0164863225072622,111.909896850586,-86.9296,26.7202,31.7877835847979,63,63,63,63,61,63,0,7818,1.13366707078925,27,-87,0.001869,51,2026-07-23 06:26:58.000681,744,1.037,0.0011,"aoml_navis",1030.62215651477
"7901009",117,0,1,0.029904,1,0.007476,1,116.345871006529,1,4.85138044695842,746,1,7.73699998855591,34.9210014343262,0.0299040004611015,0.0148376896977425,112.190803527832,-86.9296,26.7202,31.7877835847979,63,63,63,63,61,63,0,7818,1.13366707078925,27,-87,0.001869,51,2026-07-23 06:26:58.000681,746,1.037,0.0011,"aoml_navis",1030.63448737251
"7901009",117,0,1,0.028035,1,0.005607,1,116.616016786808,1,4.85132689265081,748,1,7.70800018310547,34.9179992675781,0.0280349999666214,0.0131890568882227,112.451301574707,-86.9296,26.7202,31.7877835847979,63,63,63,63,61,63,0,7818,1.13366707078925,27,-87,0.001869,51,2026-07-23 06:26:58.000681,748,1.037,0.0011,"aoml_navis",1030.64586465497
"7901009",117,0,1,0.031773,1,0.009345,1,116.891036331164,1,4.85126983189387,750,1,7.68400001525879,34.9169998168945,0.0317730009555817,0.0164863225072622,112.716499328613,-86.9296,26.7202,31.7877835847979,63,63,63,63,61,63,0,7818,1.13366707078925,27,-87,0.001869,51,2026-07-23 06:26:58.000681,750,1.037,0.0011,"aoml_navis",1030.65798713737
"7901009",117,0,1,0.029904,1,0.007476,1,117.149361651165,1,4.85122487138119,752,1,7.6710000038147,34.9150009155273,0.0299040004611015,0.0148376896977425,112.965599060059,-86.9296,26.7202,31.7877835847979,63,63,63,63,61,63,0,7818,1.13366707078925,27,-87,0.001869,51,2026-07-23 06:26:58.000681,752,1.037,0.0011,"aoml_navis",1030.66753913975
"7901009",117,0,1,0.028035,1,0.005607,1,117.473743880713,1,4.85117229518897,754,1,7.64799976348877,34.9129981994629,0.0280349999666214,0.0131890568882227,113.278396606445,-86.9296,26.7202,31.7877835847979,63,63,63,63,61,63,0,7818,1.13366707078925,27,-87,0.001869,51,2026-07-23 06:26:58.000681,754,1.037,0.0011,"aoml_navis",1030.67870934179
"7901009",117,0,1,0.033642,1,0.011214,1,117.859317167684,1,4.85111743874745,756,1,7.62200021743774,34.9109992980957,0.0336420014500618,0.0181349534541368,113.650199890137,-86.9296,26.7202,31.7877835847979,63,63,63,63,61,63,0,7818,1.13366707078925,27,-87,0.001869,51,2026-07-23 06:26:58.000681,756,1.037,0.0011,"aoml_navis",1030.6903642578
"7901009",117,0,1,0.029904,1,0.007476,1,118.219477256253,1,4.85106108578291,758,1,7.5939998626709,34.9090003967285,0.0299040004611015,0.0148376896977425,113.997497558594,-86.9296,26.7202,31.7877835847979,63,63,63,63,61,63,0,7818,1.13366707078925,27,-87,0.001869,51,2026-07-23 06:26:58.000681,758,1.037,0.0011,"aoml_navis",1030.70233740276
"7901009",117,0,1,0.029904,1,0.007476,1,118.56730260749,1,4.85099944638221,760,1,7.55900001525879,34.9070014953613,0.0299040004611015,0.0148376896977425,114.332901000977,-86.9296,26.7202,31.7877835847979,63,63,63,63,61,63,0,7818,1.13366707078925,27,-87,0.001869,51,2026-07-23 06:26:58.000681,760,1.037,0.0011,"aoml_navis",1030.71543405945
"7901009",117,0,1,0.031773,1,0.009345,1,118.921861032151,1,4.8509424195639,762,1,7.53000020980835,34.9049987792969,0.0317730009555817,0.0164863225072622,114.674797058105,-86.9296,26.7202,31.7877835847979,63,63,63,63,61,63,0,7818,1.13366707078925,27,-87,0.001869,51,2026-07-23 06:26:58.000681,762,1.037,0.0011,"aoml_navis",1030.7275509672
"7901009",117,0,1,0.026166,1,0.003738,1,119.366544532468,1,4.85088378899785,764,1,7.49399995803833,34.9020004272461,0.0261659994721413,0.0115404240787029,115.10359954834,-86.9296,26.7202,31.7877835847979,63,63,63,63,61,63,0,7818,1.13366707078925,27,-87,0.001869,51,2026-07-23 06:26:58.000681,764,1.037,0.0011,"aoml_navis",1030.74000893205
"7901009",117,0,1,0.029904,1,0.007476,1,119.728160420696,1,4.85082220626067,766,1,7.4539999961853,34.898998260498,0.0299040004611015,0.0148376896977425,115.452301025391,-86.9296,26.7202,31.7877835847979,63,63,63,63,61,63,0,7818,1.13366707078925,27,-87,0.001869,51,2026-07-23 06:26:58.000681,766,1.037,0.0011,"aoml_navis",1030.75309450567
"7901009",117,0,1,0.028035,1,0.005607,1,120.129597176782,1,4.85075474145604,768,1,7.41099977493286,34.8969993591309,0.0280349999666214,0.0131890568882227,115.839401245117,-86.9296,26.7202,31.7877835847979,63,63,63,63,61,63,0,7818,1.13366707078925,27,-87,0.001869,51,2026-07-23 06:26:58.000681,768,1.037,0.0011,"aoml_navis",1030.76743032759
"7901009",117,0,1,0.029904,1,0.007476,1,120.232887745009,1,4.85071367044147,770,1,7.40299987792969,34.8950004577637,0.0299040004611015,0.0148376896977425,115.939002990723,-86.9296,26.7202,31.7877835847979,63,63,63,63,61,63,0,7818,1.13366707078925,27,-87,0.001869,51,2026-07-23 06:26:58.000681,770,1.037,0.0011,"aoml_navis",1030.77615784008
"7901009",117,0,1,0.028035,1,0.005607,1,120.370294661776,1,4.85066750814979,772,1,7.39799976348877,34.8950004577637,0.0280349999666214,0.0131890568882227,116.071502685547,-86.9296,26.7202,31.7877835847979,63,63,63,63,61,63,0,7818,1.13366707078925,27,-87,0.001869,51,2026-07-23 06:26:58.000681,772,1.037,0.0011,"aoml_navis",1030.78596741568
"7901009",117,0,1,0.031773,1,0.009345,1,120.553844098184,1,4.8506220135433,774,1,7.38899993896484,34.8940010070801,0.0317730009555817,0.0164863225072622,116.248497009277,-86.9296,26.7202,31.7877835847979,63,63,63,63,61,63,0,7818,1.13366707078925,27,-87,0.001869,51,2026-07-23 06:26:58.000681,774,1.037,0.0011,"aoml_navis",1030.79563528958
"7901009",117,0,1,0.031773,1,0.009345,1,120.722155109895,1,4.85057426558811,776,1,7.3769998550415,34.8930015563965,0.0317730009555817,0.0164863225072622,116.410797119141,-86.9296,26.7202,31.7877835847979,63,63,63,63,61,63,0,7818,1.13366707078925,27,-87,0.001869,51,2026-07-23 06:26:58.000681,776,1.037,0.0011,"aoml_navis",1030.8057822085
"7901009",117,0,1,0.031773,1,0.009345,1,121.043744419444,1,4.8505235309801,778,1,7.36100006103516,34.8919982910156,0.0317730009555817,0.0164863225072622,116.720901489258,-86.9296,26.7202,31.7877835847979,63,63,63,63,61,63,0,7818,1.13366707078925,27,-87,0.001869,51,2026-07-23 06:26:58.000681,778,1.037,0.0011,"aoml_navis",1030.81656403998
"7901009",117,0,1,0.033642,1,0.011214,1,121.566099578764,1,4.85046821132167,780,1,7.33400011062622,34.8899993896484,0.0336420014500618,0.0181349534541368,117.224601745605,-86.9296,26.7202,31.7877835847979,63,63,63,63,61,63,0,7818,1.13366707078925,27,-87,0.001869,51,2026-07-23 06:26:58.000681,780,1.037,0.0011,"aoml_navis",1030.82832051745
"7901009",117,0,1,0.033642,1,0.011214,1,121.943056747098,1,4.85040156002855,782,1,7.28200006484985,34.8860015869141,0.0336420014500618,0.0181349534541368,117.588096618652,-86.9296,26.7202,31.7877835847979,63,63,63,63,61,63,0,7818,1.13366707078925,27,-87,0.001869,51,2026-07-23 06:26:58.000681,782,1.037,0.0011,"aoml_navis",1030.84248553857
"7901009",117,0,1,0.028035,1,0.005607,1,122.038364153063,1,4.85034565124819,784,1,7.25899982452393,34.8849983215332,0.0280349999666214,0.0131890568882227,117.680000305176,-86.9296,26.7202,31.7877835847979,63,63,63,63,61,63,0,7818,1.13366707078925,27,-87,0.001869,51,2026-07-23 06:26:58.000681,784,1.037,0.0011,"aoml_navis",1030.85436781465
"7901009",117,0,1,0.029904,1,0.007476,1,121.885813755055,1,4.85028308866863,786,1,7.23199987411499,34.8849983215332,0.0299040004611015,0.0148376896977425,117.532897949219,-86.9296,26.7202,31.7877835847979,63,63,63,63,61,63,0,7818,1.13366707078925,27,-87,0.001869,51,2026-07-23 06:26:58.000681,786,1.037,0.0011,"aoml_navis",1030.86766454543
"7901009",117,0,1,0.033642,1,0.011214,1,121.584866735243,1,4.85023256538472,788,1,7.23099994659424,34.8870010375977,0.0336420014500618,0.0181349534541368,117.242698669434,-86.9296,26.7202,31.7877835847979,63,63,63,63,61,63,0,7818,1.13366707078925,27,-87,0.001869,51,2026-07-23 06:26:58.000681,788,1.037,0.0011,"aoml_navis",1030.87840275622
"7901009",117,0,1,0.028035,1,0.005607,1,121.665758559797,1,4.85018504379543,790,1,7.23400020599365,34.8889999389648,0.0280349999666214,0.0131890568882227,117.320701599121,-86.9296,26.7202,31.7877835847979,63,63,63,63,61,63,0,7818,1.13366707078925,27,-87,0.001869,51,2026-07-23 06:26:58.000681,790,1.037,0.0011,"aoml_navis",1030.88850319149
"7901009",117,0,1,0.029904,1,0.007476,1,122.038672719295,1,4.85014039949865,792,1,7.23099994659424,34.8889999389648,0.0299040004611015,0.0148376896977425,117.680297851562,-86.9296,26.7202,31.7877835847979,63,63,63,63,61,63,0,7818,1.13366707078925,27,-87,0.001869,51,2026-07-23 06:26:58.000681,792,1.037,0.0011,"aoml_navis",1030.89799225541
"7901009",117,0,1,0.026166,1,0.003738,1,122.735249120465,1,4.85007925053776,794,1,7.19600009918213,34.8870010375977,0.0261659994721413,0.0115404240787029,118.351997375488,-86.9296,26.7202,31.7877835847979,63,63,63,63,61,63,0,7818,1.13366707078925,27,-87,0.001869,51,2026-07-23 06:26:58.000681,794,1.037,0.0011,"aoml_navis",1030.91098963911
"7901009",117,0,1,0.026166,1,0.003738,1,123.20171423199,1,4.85001738341144,796,1,7.15500020980835,34.8839988708496,0.0261659994721413,0.0115404240787029,118.801803588867,-86.9296,26.7202,31.7877835847979,63,63,63,63,61,63,0,7818,1.13366707078925,27,-87,0.001869,51,2026-07-23 06:26:58.000681,796,1.037,0.0011,"aoml_navis",1030.92414000444
"7901009",117,0,1,0.031773,1,0.009345,1,123.726656600487,1,4.84996079313685,798,1,7.12599992752075,34.8819999694824,0.0317730009555817,0.0164863225072622,119.307998657227,-86.9296,26.7202,31.7877835847979,63,63,63,63,61,63,0,7818,1.13366707078925,27,-87,0.001869,51,2026-07-23 06:26:58.000681,798,1.037,0.0011,"aoml_navis",1030.93616902542
"7901009",117,0,1,0.031773,1,0.009345,1,124.1056946129,1,4.84990275550935,800,1,7.09499979019165,34.8800010681152,0.0317730009555817,0.0164863225072622,119.673500061035,-86.9296,26.7202,31.7877835847979,63,63,63,63,61,63,0,7818,1.13366707078925,27,-87,0.001869,51,2026-07-23 06:26:58.000681,800,1.037,0.0011,"aoml_navis",1030.94850599224
"7901009",117,0,1,0.029904,1,0.007476,1,124.316215902781,1,4.84983886272122,802,1,7.06099987030029,34.8790016174316,0.0299040004611015,0.0148376896977425,119.876502990723,-86.9296,26.7202,31.7877835847979,63,63,63,63,61,63,0,7818,1.13366707078925,27,-87,0.001869,51,2026-07-23 06:26:58.000681,802,1.037,0.0011,"aoml_navis",1030.96208792276
"7901009",117,0,1,0.028035,1,0.005607,1,124.545401493729,1,4.84979348113506,804,1,7.05200004577637,34.8779983520508,0.0280349999666214,0.0131890568882227,120.097503662109,-86.9296,26.7202,31.7877835847979,63,63,63,63,61,63,0,7818,1.13366707078925,27,-87,0.001869,51,2026-07-23 06:26:58.000681,804,1.037,0.0011,"aoml_navis",1030.97173507474
"7901009",117,0,1,0.028035,1,0.005607,1,124.813474341884,1,4.84973703014639,806,1,7.03299999237061,34.8779983520508,0.0280349999666214,0.0131890568882227,120.356002807617,-86.9296,26.7202,31.7877835847979,63,63,63,63,61,63,0,7818,1.13366707078925,27,-87,0.001869,51,2026-07-23 06:26:58.000681,806,1.037,0.0011,"aoml_navis",1030.98373559629
"7901009",117,0,1,0.031773,1,0.009345,1,125.221857794172,1,4.84967837391474,808,1,7.00600004196167,34.8769989013672,0.0317730009555817,0.0164863225072622,120.749801635742,-86.9296,26.7202,31.7877835847979,63,63,63,63,61,63,0,7818,1.13366707078925,27,-87,0.001869,51,2026-07-23 06:26:58.000681,808,1.037,0.0011,"aoml_navis",1030.99620521101
"7901009",117,0,1,0.029904,1,0.007476,1,125.699201843369,1,4.84962048159092,810,1,6.98000001907349,34.8759994506836,0.0299040004611015,0.0148376896977425,121.210098266602,-86.9296,26.7202,31.7877835847979,63,63,63,63,61,63,0,7818,1.13366707078925,27,-87,0.001869,51,2026-07-23 06:26:58.000681,810,1.037,0.0011,"aoml_navis",1031.00851272381
"7901009",117,0,1,0.029904,1,0.007476,1,126.087473106883,1,4.84956923153472,812,1,6.95800018310547,34.8740005493164,0.0299040004611015,0.0148376896977425,121.584503173828,-86.9296,26.7202,31.7877835847979,63,63,63,63,61,63,0,7818,1.13366707078925,27,-87,0.001869,51,2026-07-23 06:26:58.000681,812,1.037,0.0011,"aoml_navis",1031.01940838108
"7901009",117,0,1,0.029904,1,0.007476,1,126.501038889479,1,4.84952019418232,814,1,6.94399976730347,34.8730010986328,0.0299040004611015,0.0148376896977425,121.983299255371,-86.9296,26.7202,31.7877835847979,63,63,63,63,61,63,0,7818,1.13366707078925,27,-87,0.001869,51,2026-07-23 06:26:58.000681,814,1.037,0.0011,"aoml_navis",1031.02983383762
"7901009",117,0,1,0.028035,1,0.005607,1,127.029826467946,1,4.84944183592882,816,1,6.89499998092651,34.8730010986328,0.0280349999666214,0.0131890568882227,122.493202209473,-86.9296,26.7202,31.7877835847979,63,63,63,63,61,63,0,7818,1.13366707078925,27,-87,0.001869,51,2026-07-23 06:26:58.000681,816,1.037,0.0011,"aoml_navis",1031.0464934244
"7901009",117,0,1,0.031773,1,0.009345,1,127.514742257764,1,4.84939579085891,818,1,6.88000011444092,34.8709983825684,0.0317730009555817,0.0164863225072622,122.960800170898,-86.9296,26.7202,31.7877835847979,63,63,63,63,61,63,0,7818,1.13366707078925,27,-87,0.001869,51,2026-07-23 06:26:58.000681,818,1.037,0.0011,"aoml_navis",1031.05628322295
"7901009",117,0,1,0.029904,1,0.007476,1,128.234033880794,1,4.84933218360543,820,1,6.84600019454956,34.8699989318848,0.0299040004611015,0.0148376896977425,123.654403686523,-86.9296,26.7202,31.7877835847979,63,63,63,63,61,63,0,7818,1.13366707078925,27,-87,0.001869,51,2026-07-23 06:26:58.000681,820,1.037,0.0011,"aoml_navis",1031.06980728273
"7901009",117,0,1,0.029904,1,0.007476,1,128.798077129274,1,4.84925839027104,822,1,6.80299997329712,34.8699989318848,0.0299040004611015,0.0148376896977425,124.198303222656,-86.9296,26.7202,31.7877835847979,63,63,63,63,61,63,0,7818,1.13366707078925,27,-87,0.001869,51,2026-07-23 06:26:58.000681,822,1.037,0.0011,"aoml_navis",1031.08549753327
"7901009",117,0,1,0.029904,1,0.007476,1,129.283198629913,1,4.84918907896782,824,1,6.76100015640259,34.8689994812012,0.0299040004611015,0.0148376896977425,124.66609954834,-86.9296,26.7202,31.7877835847979,63,63,63,63,61,63,0,7818,1.13366707078925,27,-87,0.001869,51,2026-07-23 06:26:58.000681,824,1.037,0.0011,"aoml_navis",1031.10023523032
"7901009",117,0,1,0.028035,1,0.005607,1,129.589747313632,1,4.84912993283615,826,1,6.73799991607666,34.8689994812012,0.0280349999666214,0.0131890568882227,124.961700439453,-86.9296,26.7202,31.7877835847979,63,63,63,63,61,63,0,7818,1.13366707078925,27,-87,0.001869,51,2026-07-23 06:26:58.000681,826,1.037,0.0011,"aoml_navis",1031.11281183501
"7901009",117,0,1,0.029904,1,0.007476,1,129.949495980558,1,4.84907665855096,828,1,6.71799993515015,34.8680000305176,0.0299040004611015,0.0148376896977425,125.308601379395,-86.9296,26.7202,31.7877835847979,63,63,63,63,61,63,0,7818,1.13366707078925,27,-87,0.001869,51,2026-07-23 06:26:58.000681,828,1.037,0.0011,"aoml_navis",1031.12414013561
"7901009",117,0,1,0.031773,1,0.009345,1,130.370324937542,1,4.84901610257278,830,1,6.69299983978271,34.8680000305176,0.0317730009555817,0.0164863225072622,125.714401245117,-86.9296,26.7202,31.7877835847979,63,63,63,63,61,63,0,7818,1.13366707078925,27,-87,0.001869,51,2026-07-23 06:26:58.000681,830,1.037,0.0011,"aoml_navis",1031.13701712541
"7901009",117,0,1,0.026166,1,0.003738,1,130.726442017274,1,4.84896719817846,832,1,6.67899990081787,34.867000579834,0.0261659994721413,0.0115404240787029,126.057800292969,-86.9296,26.7202,31.7877835847979,63,63,63,63,61,63,0,7818,1.13366707078925,27,-87,0.001869,51,2026-07-23 06:26:58.000681,832,1.037,0.0011,"aoml_navis",1031.14741668664
"7901009",117,0,1,0.028035,1,0.005607,1,131.149138195561,1,4.84891035745206,834,1,6.65399980545044,34.8660011291504,0.0280349999666214,0.0131890568882227,126.465400695801,-86.9296,26.7202,31.7877835847979,63,63,63,63,61,63,0,7818,1.13366707078925,27,-87,0.001869,51,2026-07-23 06:26:58.000681,834,1.037,0.0011,"aoml_navis",1031.15950417927
"7901009",117,0,1,0.029904,1,0.007476,1,131.55254502836,1,4.84885418764433,836,1,6.63500022888184,34.8660011291504,0.0299040004611015,0.0148376896977425,126.854400634766,-86.9296,26.7202,31.7877835847979,63,63,63,63,61,63,0,7818,1.13366707078925,27,-87,0.001869,51,2026-07-23 06:26:58.000681,836,1.037,0.0011,"aoml_navis",1031.17144927575
"7901009",117,0,1,0.028035,1,0.005607,1,131.979806404491,1,4.84879882862351,838,1,6.61199998855591,34.8650016784668,0.0280349999666214,0.0131890568882227,127.266403198242,-86.9296,26.7202,31.7877835847979,63,63,63,63,61,63,0,7818,1.13366707078925,27,-87,0.001869,51,2026-07-23 06:26:58.000681,838,1.037,0.0011,"aoml_navis",1031.18322222071
"7901009",117,0,1,0.029904,1,0.007476,1,132.419608228776,1,4.8487412491048,840,1,6.59100008010864,34.8650016784668,0.0299040004611015,0.0148376896977425,127.690498352051,-86.9296,26.7202,31.7877835847979,63,63,63,63,61,63,0,7818,1.13366707078925,27,-87,0.001869,51,2026-07-23 06:26:58.000681,840,1.037,0.0011,"aoml_navis",1031.19546767383
"7901009",117,0,1,0.031773,1,0.009345,1,132.850596135557,1,4.84867947925855,842,1,6.55900001525879,34.8639984130859,0.0317730009555817,0.0164863225072622,128.106094360352,-86.9296,26.7202,31.7877835847979,63,63,63,63,61,63,0,7818,1.13366707078925,27,-87,0.001869,51,2026-07-23 06:26:58.000681,842,1.037,0.0011,"aoml_navis",1031.20860460848
"7901009",117,0,1,0.028035,1,0.005607,1,133.148228046363,1,4.84860678121485,844,1,6.52199983596802,34.8650016784668,0.0280349999666214,0.0131890568882227,128.393096923828,-86.9296,26.7202,31.7877835847979,63,63,63,63,61,63,0,7818,1.13366707078925,27,-87,0.001869,51,2026-07-23 06:26:58.000681,844,1.037,0.0011,"aoml_navis",1031.22406613209
"7901009",117,0,1,0.031773,1,0.009345,1,133.341849401066,1,4.84855428247023,846,1,6.50799989700317,34.8650016784668,0.0317730009555817,0.0164863225072622,128.579803466797,-86.9296,26.7202,31.7877835847979,63,63,63,63,61,63,0,7818,1.13366707078925,27,-87,0.001869,51,2026-07-23 06:26:58.000681,846,1.037,0.0011,"aoml_navis",1031.23523192827
"7901009",117,0,1,0.029904,1,0.007476,1,133.536705020698,1,4.84851335530318,848,1,6.50500011444092,34.8639984130859,0.0299040004611015,0.0148376896977425,128.767700195312,-86.9296,26.7202,31.7877835847979,63,63,63,63,61,63,0,7818,1.13366707078925,27,-87,0.001869,51,2026-07-23 06:26:58.000681,848,1.037,0.0011,"aoml_navis",1031.24393676902
"7901009",117,0,1,0.031773,1,0.009345,1,133.864924548261,1,4.84846158007341,850,1,6.49200010299683,34.8639984130859,0.0317730009555817,0.0164863225072622,129.084197998047,-86.9296,26.7202,31.7877835847979,63,63,63,63,61,63,0,7818,1.13366707078925,27,-87,0.001869,51,2026-07-23 06:26:58.000681,850,1.037,0.0011,"aoml_navis",1031.25494910579
"7901009",117,0,1,0.022428,1,0,1,134.317377588064,1,4.84840337837873,852,1,6.46999979019165,34.8639984130859,0.0224280003458261,0.00824316125363111,129.520492553711,-86.9296,26.7202,31.7877835847979,63,63,63,63,61,63,0,7818,1.13366707078925,27,-87,0.001869,51,2026-07-23 06:26:58.000681,852,1.037,0.0011,"aoml_navis",1031.26732860086
"7901009",117,0,1,0.029904,1,0.007476,1,134.672054692046,1,4.84834376809479,854,1,6.44600009918213,34.8639984130859,0.0299040004611015,0.0148376896977425,129.862503051758,-86.9296,26.7202,31.7877835847979,63,63,63,63,61,63,0,7818,1.13366707078925,27,-87,0.001869,51,2026-07-23 06:26:58.000681,854,1.037,0.0011,"aoml_navis",1031.28000801082
"7901009",117,0,1,0.029904,1,0.007476,1,135.039058621405,1,4.84828845503071,856,1,6.42799997329712,34.8639984130859,0.0299040004611015,0.0148376896977425,130.216400146484,-86.9296,26.7202,31.7877835847979,63,63,63,63,61,63,0,7818,1.13366707078925,27,-87,0.001869,51,2026-07-23 06:26:58.000681,856,1.037,0.0011,"aoml_navis",1031.29177365919
"7901009",117,0,1,0.029904,1,0.007476,1,135.234547197411,1,4.84823315360885,858,1,6.40999984741211,34.8639984130859,0.0299040004611015,0.0148376896977425,130.404907226562,-86.9296,26.7202,31.7877835847979,63,63,63,63,61,63,0,7818,1.13366707078925,27,-87,0.001869,51,2026-07-23 06:26:58.000681,858,1.037,0.0011,"aoml_navis",1031.30353709953
"7901009",117,0,1,0.028035,1,0.005607,1,135.346849482008,1,4.84818569209265,860,1,6.40299987792969,34.8639984130859,0.0280349999666214,0.0131890568882227,130.513198852539,-86.9296,26.7202,31.7877835847979,63,63,63,63,61,63,0,7818,1.13366707078925,27,-87,0.001869,51,2026-07-23 06:26:58.000681,860,1.037,0.0011,"aoml_navis",1031.31363308855
"7901009",117,0,1,0.029904,1,0.007476,1,135.583401102755,1,4.84813965638233,862,1,6.39799976348877,34.8639984130859,0.0299040004611015,0.0148376896977425,130.741302490234,-86.9296,26.7202,31.7877835847979,63,63,63,63,61,63,0,7818,1.13366707078925,27,-87,0.001869,51,2026-07-23 06:26:58.000681,862,1.037,0.0011,"aoml_navis",1031.32342596974
"7901009",117,0,1,0.028035,1,0.005607,1,135.968143634485,1,4.84808935286181,864,1,6.38700008392334,34.8639984130859,0.0280349999666214,0.0131890568882227,131.1123046875,-86.9296,26.7202,31.7877835847979,63,63,63,63,61,63,0,7818,1.13366707078925,27,-87,0.001869,51,2026-07-23 06:26:58.000681,864,1.037,0.0011,"aoml_navis",1031.33412692745
"7901009",117,0,1,0.029904,1,0.007476,1,136.400057239963,1,4.84803123338113,866,1,6.36499977111816,34.8639984130859,0.0299040004611015,0.0148376896977425,131.528793334961,-86.9296,26.7202,31.7877835847979,63,63,63,63,61,63,0,7818,1.13366707078925,27,-87,0.001869,51,2026-07-23 06:26:58.000681,866,1.037,0.0011,"aoml_navis",1031.34649083374
"7901009",117,0,1,0.035511,1,0.013083,1,136.672086065454,1,4.84797100344281,868,1,6.34000015258789,34.8639984130859,0.0355109982192516,0.0197835862636566,131.791107177734,-86.9296,26.7202,31.7877835847979,63,63,63,63,61,63,0,7818,1.13366707078925,27,-87,0.001869,51,2026-07-23 06:26:58.000681,868,1.037,0.0011,"aoml_navis",1031.35930401589
"7901009",117,0,1,0.033642,1,0.011214,1,136.798693164096,1,4.84791859395952,870,1,6.32600021362305,34.8639984130859,0.0336420014500618,0.0181349534541368,131.913192749023,-86.9296,26.7202,31.7877835847979,63,63,63,63,61,63,0,7818,1.13366707078925,27,-87,0.001869,51,2026-07-23 06:26:58.000681,870,1.037,0.0011,"aoml_navis",1031.37045375101
"7901009",117,0,1,0.029904,1,0.007476,1,136.920347379114,1,4.84786745833098,872,1,6.31899976730347,34.8650016784668,0.0299040004611015,0.0148376896977425,132.030502319336,-86.9296,26.7202,31.7877835847979,63,63,63,63,61,63,0,7818,1.13366707078925,27,-87,0.001869,51,2026-07-23 06:26:58.000681,872,1.037,0.0011,"aoml_navis",1031.38133271519
"7901009",117,0,1,0.029904,1,0.007476,1,137.040529970563,1,4.84781931055572,874,1,6.31099987030029,34.8650016784668,0.0299040004611015,0.0148376896977425,132.146392822266,-86.9296,26.7202,31.7877835847979,63,63,63,63,61,63,0,7818,1.13366707078925,27,-87,0.001869,51,2026-07-23 06:26:58.000681,874,1.037,0.0011,"aoml_navis",1031.39157623159
"7901009",117,0,1,0.031773,1,0.009345,1,137.254168570584,1,4.84776833156219,876,1,6.29899978637695,34.8650016784668,0.0317730009555817,0.0164863225072622,132.352401733398,-86.9296,26.7202,31.7877835847979,63,63,63,63,61,63,0,7818,1.13366707078925,27,-87,0.001869,51,2026-07-23 06:26:58.000681,876,1.037,0.0011,"aoml_navis",1031.40242231599
"7901009",117,0,1,0.028035,1,0.005607,1,137.525358728879,1,4.84771806585045,878,1,6.28800010681152,34.8650016784668,0.0280349999666214,0.0131890568882227,132.613906860352,-86.9296,26.7202,31.7877835847979,63,63,63,63,61,63,0,7818,1.13366707078925,27,-87,0.001869,51,2026-07-23 06:26:58.000681,878,1.037,0.0011,"aoml_navis",1031.4131168688
"7901009",117,0,1,0.029904,1,0.007476,1,137.873373967028,1,4.84766638903857,880,1,6.27500009536743,34.8650016784668,0.0299040004611015,0.0148376896977425,132.949493408203,-86.9296,26.7202,31.7877835847979,63,63,63,63,61,63,0,7818,1.13366707078925,27,-87,0.001869,51,2026-07-23 06:26:58.000681,880,1.037,0.0011,"aoml_navis",1031.42411187904
"7901009",117,0,1,0.026166,1,0.003738,1,138.207828114871,1,4.84761118326821,882,1,6.25699996948242,34.8650016784668,0.0261659994721413,0.0115404240787029,133.272003173828,-86.9296,26.7202,31.7877835847979,63,63,63,63,61,63,0,7818,1.13366707078925,27,-87,0.001869,51,2026-07-23 06:26:58.000681,882,1.037,0.0011,"aoml_navis",1031.43585798667
"7901009",117,0,1,0.028035,1,0.005607,1,138.541237884698,1,4.84755230927468,884,1,6.23899984359741,34.8660011291504,0.0280349999666214,0.0131890568882227,133.593505859375,-86.9296,26.7202,31.7877835847979,63,63,63,63,61,63,0,7818,1.13366707078925,27,-87,0.001869,51,2026-07-23 06:26:58.000681,884,1.037,0.0011,"aoml_navis",1031.44838487532
"7901009",117,0,1,0.028035,1,0.005607,1,138.714826170175,1,4.8474992434528,886,1,6.22399997711182,34.8660011291504,0.0280349999666214,0.0131890568882227,133.760894775391,-86.9296,26.7202,31.7877835847979,63,63,63,63,61,63,0,7818,1.13366707078925,27,-87,0.001869,51,2026-07-23 06:26:58.000681,886,1.037,0.0011,"aoml_navis",1031.45967619349
"7901009",117,0,1,0.029904,1,0.007476,1,138.825277057379,1,4.8474419561119,888,1,6.20300006866455,34.8660011291504,0.0299040004611015,0.0148376896977425,133.867401123047,-86.9296,26.7202,31.7877835847979,63,63,63,63,61,63,0,7818,1.13366707078925,27,-87,0.001869,51,2026-07-23 06:26:58.000681,888,1.037,0.0011,"aoml_navis",1031.47186604179
"7901009",117,0,1,0.029904,1,0.007476,1,138.80412049059,1,4.84738170888755,890,1,6.18300008773804,34.867000579834,0.0299040004611015,0.0148376896977425,133.84700012207,-86.9296,26.7202,31.7877835847979,63,63,63,63,61,63,0,7818,1.13366707078925,27,-87,0.001869,51,2026-07-23 06:26:58.000681,890,1.037,0.0011,"aoml_navis",1031.48468601774
"7901009",117,0,1,0.029904,1,0.007476,1,138.80723780073,1,4.84733273311958,892,1,6.17899990081787,34.8680000305176,0.0299040004611015,0.0148376896977425,133.850006103516,-86.9296,26.7202,31.7877835847979,63,63,63,63,61,63,0,7818,1.13366707078925,27,-87,0.001869,51,2026-07-23 06:26:58.000681,892,1.037,0.0011,"aoml_navis",1031.49510778109
"7901009",117,0,1,0.033642,1,0.011214,1,138.964543283494,1,4.84728814341873,894,1,6.17600011825562,34.8680000305176,0.0336420014500618,0.0181349534541368,134.001693725586,-86.9296,26.7202,31.7877835847979,63,63,63,63,61,63,0,7818,1.13366707078925,27,-87,0.001869,51,2026-07-23 06:26:58.000681,894,1.037,0.0011,"aoml_navis",1031.5045963976
"7901009",117,0,1,0.033642,1,0.011214,1,139.110249840711,1,4.84724285122675,896,1,6.17199993133545,34.8680000305176,0.0336420014500618,0.0181349534541368,134.142196655273,-86.9296,26.7202,31.7877835847979,63,63,63,63,61,63,0,7818,1.13366707078925,27,-87,0.001869,51,2026-07-23 06:26:58.000681,896,1.037,0.0011,"aoml_navis",1031.5142346818
"7901009",117,0,1,0.035511,1,0.013083,1,139.392738270277,1,4.84719685689428,898,1,6.16699981689453,34.8680000305176,0.0355109982192516,0.0197835862636566,134.414596557617,-86.9296,26.7202,31.7877835847979,63,63,63,63,61,63,0,7818,1.13366707078925,27,-87,0.001869,51,2026-07-23 06:26:58.000681,898,1.037,0.0011,"aoml_navis",1031.52402256747
"7901009",117,0,1,0.026166,1,0.003738,1,139.887203789382,1,4.84714664222382,900,1,6.1560001373291,34.8680000305176,0.0261659994721413,0.0115404240787029,134.891403198242,-86.9296,26.7202,31.7877835847979,63,63,63,63,61,63,0,7818,1.13366707078925,27,-87,0.001869,51,2026-07-23 06:26:58.000681,900,1.037,0.0011,"aoml_navis",1031.53470877994
"7901009",117,0,1,0.029904,1,0.007476,1,140.204125045675,1,4.84708940165934,902,1,6.13500022888184,34.8680000305176,0.0299040004611015,0.0148376896977425,135.197006225586,-86.9296,26.7202,31.7877835847979,63,63,63,63,61,63,0,7818,1.13366707078925,27,-87,0.001869,51,2026-07-23 06:26:58.000681,902,1.037,0.0011,"aoml_navis",1031.54689044694
"7901009",117,0,1,0.029904,1,0.007476,1,140.398252765477,1,4.84703779411323,904,1,6.12200021743774,34.8680000305176,0.0299040004611015,0.0148376896977425,135.384201049805,-86.9296,26.7202,31.7877835847979,63,63,63,63,61,63,0,7818,1.13366707078925,27,-87,0.001869,51,2026-07-23 06:26:58.000681,904,1.037,0.0011,"aoml_navis",1031.55787356817
"7901009",117,0,1,0.029904,1,0.007476,1,140.443161020189,1,4.84699110660698,906,1,6.11600017547607,34.8680000305176,0.0299040004611015,0.0148376896977425,135.427505493164,-86.9296,26.7202,31.7877835847979,63,63,63,63,61,63,0,7818,1.13366707078925,27,-87,0.001869,51,2026-07-23 06:26:58.000681,906,1.037,0.0011,"aoml_navis",1031.56780980771
"7901009",117,0,1,0.029904,1,0.007476,1,140.599960137854,1,4.84694722967478,908,1,6.11399984359741,34.8680000305176,0.0299040004611015,0.0148376896977425,135.578704833984,-86.9296,26.7202,31.7877835847979,63,63,63,63,61,63,0,7818,1.13366707078925,27,-87,0.001869,51,2026-07-23 06:26:58.000681,908,1.037,0.0011,"aoml_navis",1031.57714806305
"7901009",117,0,1,0.031773,1,0.009345,1,140.791809214711,1,4.84690054575004,910,1,6.10799980163574,34.8680000305176,0.0317730009555817,0.0164863225072622,135.763702392578,-86.9296,26.7202,31.7877835847979,63,63,63,63,61,63,0,7818,1.13366707078925,27,-87,0.001869,51,2026-07-23 06:26:58.000681,910,1.037,0.0011,"aoml_navis",1031.58708391164
"7901009",117,0,1,0.029904,1,0.007476,1,140.967059010669,1,4.84685035426339,912,1,6.09700012207031,34.8680000305176,0.0299040004611015,0.0148376896977425,135.932693481445,-86.9296,26.7202,31.7877835847979,63,63,63,63,61,63,0,7818,1.13366707078925,27,-87,0.001869,51,2026-07-23 06:26:58.000681,912,1.037,0.0011,"aoml_navis",1031.59776649632
"7901009",117,0,1,0.028035,1,0.005607,1,141.146786972971,1,4.84680578012753,914,1,6.0939998626709,34.8680000305176,0.0280349999666214,0.0131890568882227,136.106002807617,-86.9296,26.7202,31.7877835847979,63,63,63,63,61,63,0,7818,1.13366707078925,27,-87,0.001869,51,2026-07-23 06:26:58.000681,914,1.037,0.0011,"aoml_navis",1031.60725368873
"7901009",117,0,1,0.028035,1,0.005607,1,141.405935136257,1,4.84675419117209,916,1,6.08099985122681,34.8680000305176,0.0280349999666214,0.0131890568882227,136.355895996094,-86.9296,26.7202,31.7877835847979,63,63,63,63,61,63,0,7818,1.13366707078925,27,-87,0.001869,51,2026-07-23 06:26:58.000681,916,1.037,0.0011,"aoml_navis",1031.61823413843
"7901009",117,0,1,0.031773,1,0.009345,1,141.692996675623,1,4.84670050550922,918,1,6.06500005722046,34.8680000305176,0.0317730009555817,0.0164863225072622,136.632705688477,-86.9296,26.7202,31.7877835847979,63,63,63,63,61,63,0,7818,1.13366707078925,27,-87,0.001869,51,2026-07-23 06:26:58.000681,918,1.037,0.0011,"aoml_navis",1031.62966110997
"7901009",117,0,1,0.031773,1,0.009345,1,141.902995776494,1,4.84664665107577,920,1,6.05399990081787,34.8689994812012,0.0317730009555817,0.0164863225072622,136.835205078125,-86.9296,26.7202,31.7877835847979,63,63,63,63,61,63,0,7818,1.13366707078925,27,-87,0.001869,51,2026-07-23 06:26:58.000681,920,1.037,0.0011,"aoml_navis",1031.6411242586
"7901009",117,0,1,0.028035,1,0.005607,1,142.03624891706,1,4.84659998168138,922,1,6.0479998588562,34.8689994812012,0.0280349999666214,0.0131890568882227,136.96369934082,-86.9296,26.7202,31.7877835847979,63,63,63,63,61,63,0,7818,1.13366707078925,27,-87,0.001869,51,2026-07-23 06:26:58.000681,922,1.037,0.0011,"aoml_navis",1031.65105824669
"7901009",117,0,1,0.031773,1,0.009345,1,142.260141410333,1,4.84655401487634,924,1,6.04300022125244,34.8689994812012,0.0317730009555817,0.0164863225072622,137.179595947266,-86.9296,26.7202,31.7877835847979,63,63,63,63,61,63,0,7818,1.13366707078925,27,-87,0.001869,51,2026-07-23 06:26:58.000681,924,1.037,0.0011,"aoml_navis",1031.66084286952
"7901009",117,0,1,0.031773,1,0.009345,1,142.709603731271,1,4.84650384873244,926,1,6.03200006484985,34.8689994812012,0.0317730009555817,0.0164863225072622,137.613006591797,-86.9296,26.7202,31.7877835847979,63,63,63,63,61,63,0,7818,1.13366707078925,27,-87,0.001869,51,2026-07-23 06:26:58.000681,926,1.037,0.0011,"aoml_navis",1031.6715215872
"7901009",117,0,1,0.028035,1,0.005607,1,143.08501015649,1,4.84645018921029,928,1,6.01599979400635,34.8689994812012,0.0280349999666214,0.0131890568882227,137.975006103516,-86.9296,26.7202,31.7877835847979,63,63,63,63,61,63,0,7818,1.13366707078925,27,-87,0.001869,51,2026-07-23 06:26:58.000681,928,1.037,0.0011,"aoml_navis",1031.6829441746
"7901009",117,0,1,0.033642,1,0.011214,1,143.380046946164,1,4.84639723779277,930,1,6.00099992752075,34.8689994812012,0.0336420014500618,0.0181349534541368,138.259506225586,-86.9296,26.7202,31.7877835847979,63,63,63,63,61,63,0,7818,1.13366707078925,27,-87,0.001869,51,2026-07-23 06:26:58.000681,930,1.037,0.0011,"aoml_navis",1031.6942162746
"7901009",117,0,1,0.028035,1,0.005607,1,143.621567274444,1,4.84634569081297,932,1,5.98799991607666,34.8689994812012,0.0280349999666214,0.0131890568882227,138.492401123047,-86.9296,26.7202,31.7877835847979,63,63,63,63,61,63,0,7818,1.13366707078925,27,-87,0.001869,51,2026-07-23 06:26:58.000681,932,1.037,0.0011,"aoml_navis",1031.70518963975
"7901009",117,0,1,0.028035,1,0.005607,1,143.844431213611,1,4.84628837701002,934,1,5.97200012207031,34.8699989318848,0.0280349999666214,0.0131890568882227,138.707305908203,-86.9296,26.7202,31.7877835847979,63,63,63,63,61,63,0,7818,1.13366707078925,27,-87,0.001869,51,2026-07-23 06:26:58.000681,934,1.037,0.0011,"aoml_navis",1031.71739092522
"7901009",117,0,1,0.031773,1,0.009345,1,144.009617003227,1,4.84624172575275,936,1,5.96600008010864,34.8699989318848,0.0317730009555817,0.0164863225072622,138.866592407227,-86.9296,26.7202,31.7877835847979,63,63,63,63,61,63,0,7818,1.13366707078925,27,-87,0.001869,51,2026-07-23 06:26:58.000681,936,1.037,0.0011,"aoml_navis",1031.72732252091
"7901009",117,0,1,0.031773,1,0.009345,1,144.32437038394,1,4.84619228636785,938,1,5.95599985122681,34.8699989318848,0.0317730009555817,0.0164863225072622,139.170104980469,-86.9296,26.7202,31.7877835847979,63,63,63,63,61,63,0,7818,1.13366707078925,27,-87,0.001869,51,2026-07-23 06:26:58.000681,938,1.037,0.0011,"aoml_navis",1031.73784789035
"7901009",117,0,1,0.035511,1,0.013083,1,144.844549755725,1,4.84614285091938,940,1,5.94600009918213,34.8699989318848,0.0355109982192516,0.0197835862636566,139.67170715332,-86.9296,26.7202,31.7877835847979,63,63,63,63,61,63,0,7818,1.13366707078925,27,-87,0.001869,51,2026-07-23 06:26:58.000681,940,1.037,0.0011,"aoml_navis",1031.74837263648
"7901009",117,0,1,0.028035,1,0.005607,1,145.174320026404,1,4.8460871497147,942,1,5.92700004577637,34.8699989318848,0.0280349999666214,0.0131890568882227,139.989700317383,-86.9296,26.7202,31.7877835847979,63,63,63,63,61,63,0,7818,1.13366707078925,27,-87,0.001869,51,2026-07-23 06:26:58.000681,942,1.037,0.0011,"aoml_navis",1031.76023161168
"7901009",117,0,1,0.026166,1,0.003738,1,145.554394504879,1,4.84604050856706,944,1,5.9210000038147,34.8699989318848,0.0261659994721413,0.0115404240787029,140.356201171875,-86.9296,26.7202,31.7877835847979,63,63,63,63,61,63,0,7818,1.13366707078925,27,-87,0.001869,51,2026-07-23 06:26:58.000681,944,1.037,0.0011,"aoml_navis",1031.77016187974
"7901009",117,0,1,0.029904,1,0.007476,1,145.901697667107,1,4.84597697237351,946,1,5.89599990844727,34.8709983825684,0.0299040004611015,0.0148376896977425,140.691101074219,-86.9296,26.7202,31.7877835847979,63,63,63,63,61,63,0,7818,1.13366707078925,27,-87,0.001869,51,2026-07-23 06:26:58.000681,946,1.037,0.0011,"aoml_navis",1031.78368954383
"7901009",117,0,1,0.028035,1,0.005607,1,146.094068932973,1,4.84593471143562,948,1,5.89099979400635,34.8699989318848,0.0280349999666214,0.0131890568882227,140.876602172852,-86.9296,26.7202,31.7877835847979,63,63,63,63,61,63,0,7818,1.13366707078925,27,-87,0.001869,51,2026-07-23 06:26:58.000681,948,1.037,0.0011,"aoml_navis",1031.79268763172
"7901009",117,0,1,0.028035,1,0.005607,1,146.401131893746,1,4.84588231423485,950,1,5.88199996948242,34.8709983825684,0.0280349999666214,0.0131890568882227,141.172698974609,-86.9296,26.7202,31.7877835847979,63,63,63,63,61,63,0,7818,1.13366707078925,27,-87,0.001869,51,2026-07-23 06:26:58.000681,950,1.037,0.0011,"aoml_navis",1031.803844124
"7901009",117,0,1,0.033642,1,0.011214,1,146.597649023859,1,4.84582387893085,952,1,5.85900020599365,34.8709983825684,0.0336420014500618,0.0181349534541368,141.362197875977,-86.9296,26.7202,31.7877835847979,63,63,63,63,61,63,0,7818,1.13366707078925,27,-87,0.001869,51,2026-07-23 06:26:58.000681,952,1.037,0.0011,"aoml_navis",1031.81628654304
"7901009",117,0,1,0.033642,1,0.011214,1,146.640484346446,1,4.84577217064232,954,1,5.85099983215332,34.8720016479492,0.0336420014500618,0.0181349534541368,141.403503417969,-86.9296,26.7202,31.7877835847979,63,63,63,63,61,63,0,7818,1.13366707078925,27,-87,0.001869,51,2026-07-23 06:26:58.000681,954,1.037,0.0011,"aoml_navis",1031.82729685313
"7901009",117,0,1,0.029904,1,0.007476,1,146.779228383553,1,4.84572762704899,956,1,5.84800004959106,34.8720016479492,0.0299040004611015,0.0148376896977425,141.537292480469,-86.9296,26.7202,31.7877835847979,63,63,63,63,61,63,0,7818,1.13366707078925,27,-87,0.001869,51,2026-07-23 06:26:58.000681,956,1.037,0.0011,"aoml_navis",1031.83678176418
"7901009",117,0,1,0.031773,1,0.009345,1,146.981869366581,1,4.84568031008391,958,1,5.84100008010864,34.8720016479492,0.0317730009555817,0.0164863225072622,141.732696533203,-86.9296,26.7202,31.7877835847979,63,63,63,63,61,63,0,7818,1.13366707078925,27,-87,0.001869,51,2026-07-23 06:26:58.000681,958,1.037,0.0011,"aoml_navis",1031.84685741545
"7901009",117,0,1,0.029904,1,0.007476,1,147.059438170173,1,4.8456323019162,960,1,5.83300018310547,34.8720016479492,0.0299040004611015,0.0148376896977425,141.807495117188,-86.9296,26.7202,31.7877835847979,63,63,63,63,61,63,0,7818,1.13366707078925,27,-87,0.001869,51,2026-07-23 06:26:58.000681,960,1.037,0.0011,"aoml_navis",1031.85708045217
"7901009",117,0,1,0.031773,1,0.009345,1,147.167293936245,1,4.84558152355884,962,1,5.82100009918213,34.8720016479492,0.0317730009555817,0.0164863225072622,141.911499023438,-86.9296,26.7202,31.7877835847979,63,63,63,63,61,63,0,7818,1.13366707078925,27,-87,0.001869,51,2026-07-23 06:26:58.000681,962,1.037,0.0011,"aoml_navis",1031.86789360377
"7901009",117,0,1,0.029904,1,0.007476,1,147.30512018661,1,4.8455243008661,964,1,5.80499982833862,34.8730010986328,0.0299040004611015,0.0148376896977425,142.044403076172,-86.9296,26.7202,31.7877835847979,63,63,63,63,61,63,0,7818,1.13366707078925,27,-87,0.001869,51,2026-07-23 06:26:58.000681,964,1.037,0.0011,"aoml_navis",1031.88007933554
"7901009",117,0,1,0.028035,1,0.005607,1,147.485765935654,1,4.84547491858082,966,1,5.79500007629395,34.8730010986328,0.0280349999666214,0.0131890568882227,142.218597412109,-86.9296,26.7202,31.7877835847979,63,63,63,63,61,63,0,7818,1.13366707078925,27,-87,0.001869,51,2026-07-23 06:26:58.000681,966,1.037,0.0011,"aoml_navis",1031.89059566207
"7901009",117,0,1,0.028035,1,0.005607,1,147.761101958197,1,4.8454269236295,968,1,5.78700017929077,34.8730010986328,0.0280349999666214,0.0131890568882227,142.484100341797,-86.9296,26.7202,31.7877835847979,63,63,63,63,61,63,0,7818,1.13366707078925,27,-87,0.001869,51,2026-07-23 06:26:58.000681,968,1.037,0.0011,"aoml_navis",1031.90081675088
"7901009",117,0,1,0.028035,1,0.005607,1,148.082896978567,1,4.8453810066474,970,1,5.78200006484985,34.8730010986328,0.0280349999666214,0.0131890568882227,142.794403076172,-86.9296,26.7202,31.7877835847979,63,63,63,63,61,63,0,7818,1.13366707078925,27,-87,0.001869,51,2026-07-23 06:26:58.000681,970,1.037,0.0011,"aoml_navis",1031.91059550126
"7901009",117,0,1,0.031773,1,0.009345,1,148.397523768005,1,4.84532380503125,972,1,5.76599979400635,34.8740005493164,0.0317730009555817,0.0164863225072622,143.097793579102,-86.9296,26.7202,31.7877835847979,63,63,63,63,61,63,0,7818,1.13366707078925,27,-87,0.001869,51,2026-07-23 06:26:58.000681,972,1.037,0.0011,"aoml_navis",1031.92277775288
"7901009",117,0,1,0.028035,1,0.005607,1,148.754068093289,1,4.8452794976462,974,1,5.75799989700317,34.8730010986328,0.0280349999666214,0.0131890568882227,143.441604614258,-86.9296,26.7202,31.7877835847979,63,63,63,63,61,63,0,7818,1.13366707078925,27,-87,0.001869,51,2026-07-23 06:26:58.000681,974,1.037,0.0011,"aoml_navis",1031.93221411251
"7901009",117,0,1,0.029904,1,0.007476,1,149.190554808567,1,4.84522230955042,976,1,5.74200010299683,34.8740005493164,0.0299040004611015,0.0148376896977425,143.862503051758,-86.9296,26.7202,31.7877835847979,63,63,63,63,61,63,0,7818,1.13366707078925,27,-87,0.001869,51,2026-07-23 06:26:58.000681,976,1.037,0.0011,"aoml_navis",1031.94439399499
"7901009",117,0,1,0.028035,1,0.005607,1,149.551434885011,1,4.84517018905802,978,1,5.72800016403198,34.8740005493164,0.0280349999666214,0.0131890568882227,144.210494995117,-86.9296,26.7202,31.7877835847979,63,63,63,63,61,63,0,7818,1.13366707078925,27,-87,0.001869,51,2026-07-23 06:26:58.000681,978,1.037,0.0011,"aoml_navis",1031.95549483311
"7901009",117,0,1,0.028035,1,0.005607,1,154.988403543497,1,4.84460394855965,999.900024414062,1,5.5967001914978,34.8769989013672,0.0280349999666214,0.0131890568882227,149.45329284668,-86.9296,26.7202,31.7877835847979,63,63,63,63,61,63,0,7818,1.13366707078925,27,-87,0.001869,51,2026-07-23 06:26:58.000681,999.900024414062,1.037,0.0011,"aoml_navis",1032.07611047061
"7901009",117,0,1,0.031773,1,0.009345,1,162.285298682081,1,4.84335864294397,1049.30004882812,1,5.34579992294312,34.8839988708496,0.0317730009555817,0.0164863225072622,156.489593505859,-86.9296,26.7202,31.7877835847979,63,63,63,63,61,63,0,7818,1.13366707078925,27,-87,0.001869,51,2026-07-23 06:26:58.000681,1049.30004882812,1.037,0.0011,"aoml_navis",1032.34147388285
"7901009",117,0,1,0.031773,1,0.009345,1,169.446551269789,1,4.84212240745495,1099.59997558594,1,5.13350009918213,34.890998840332,0.0317730009555817,0.0164863225072622,163.395095825195,-86.9296,26.7202,31.7877835847979,63,63,63,63,61,63,0,7818,1.13366707078925,27,-87,0.001869,51,2026-07-23 06:26:58.000681,1099.59997558594,1.037,0.0011,"aoml_navis",1032.60503953844
"7901009",117,0,1,0.03738,1,0.014952,1,176.747703039986,1,4.8408845085514,1150,1,4.92479991912842,34.898998260498,0.0373799987137318,0.0214322190731764,170.435501098633,-86.9296,26.7202,31.7877835847979,63,63,63,63,61,63,0,7818,1.13366707078925,27,-87,0.001869,51,2026-07-23 06:26:58.000681,1150,1.037,0.0011,"aoml_navis",1032.86909472174
"7901009",117,0,1,0.029904,1,0.007476,1,182.038664486977,1,4.8397167755349,1199.40002441406,1,4.77629995346069,34.9049987792969,0.0299040004611015,0.0148376896977425,175.537506103516,-86.9296,26.7202,31.7877835847979,63,63,63,63,61,63,0,7818,1.13366707078925,27,-87,0.001869,51,2026-07-23 06:26:58.000681,1199.40002441406,1.037,0.0011,"aoml_navis",1033.11830669004
"7901009",117,0,1,0.029904,1,0.007476,1,187.255158616608,1,4.83853240359326,1249.80004882812,1,4.62729978561401,34.9099998474121,0.0299040004611015,0.0148376896977425,180.56770324707,-86.9296,26.7202,31.7877835847979,63,63,63,63,61,63,0,7818,1.13366707078925,27,-87,0.001869,51,2026-07-23 06:26:58.000681,1249.80004882812,1.037,0.0011,"aoml_navis",1033.37119253078
"7901009",117,0,1,0.031773,1,0.009345,1,190.993462255096,1,4.83740403343184,1299.30004882812,1,4.52680015563965,34.9140014648438,0.0317730009555817,0.0164863225072622,184.172500610352,-86.9296,26.7202,31.7877835847979,63,63,63,63,61,63,0,7818,1.13366707078925,27,-87,0.001869,51,2026-07-23 06:26:58.000681,1299.30004882812,1.037,0.0011,"aoml_navis",1033.61223611765
"7901009",117,0,1,0.029904,1,0.007476,1,194.036225958475,1,4.8362799146651,1349.69995117188,1,4.45419979095459,34.9169998168945,0.0299040004611015,0.0148376896977425,187.106597900391,-86.9296,26.7202,31.7877835847979,63,63,63,63,61,63,0,7818,1.13366707078925,27,-87,0.001869,51,2026-07-23 06:26:58.000681,1349.69995117188,1.037,0.0011,"aoml_navis",1033.85248335987
"7901009",117,0,1,0.033642,1,0.011214,1,196.089251604268,1,4.83519277789477,1399.19995117188,1,4.40689992904663,34.9199981689453,0.0336420014500618,0.0181349534541368,189.086303710938,-86.9296,26.7202,31.7877835847979,63,63,63,63,61,63,0,7818,1.13366707078925,27,-87,0.001869,51,2026-07-23 06:26:58.000681,1399.19995117188,1.037,0.0011,"aoml_navis",1034.08493304728
"7901009",117,0,1,0.031773,1,0.009345,1,197.797553385055,1,4.83411478014131,1449.30004882812,1,4.37939977645874,34.9210014343262,0.0317730009555817,0.0164863225072622,190.733596801758,-86.9296,26.7202,31.7877835847979,63,63,63,63,61,63,0,7818,1.13366707078925,27,-87,0.001869,51,2026-07-23 06:26:58.000681,1449.30004882812,1.037,0.0011,"aoml_navis",1034.3155318819
"7901009",117,0,1,0.026166,1,0.003738,1,199.402983931213,1,4.83303297805699,1499.59997558594,1,4.35589981079102,34.9230003356934,0.0261659994721413,0.0115404240787029,192.281692504883,-86.9296,26.7202,31.7877835847979,63,63,63,63,61,63,0,7818,1.13366707078925,27,-87,0.001869,51,2026-07-23 06:26:58.000681,1499.59997558594,1.037,0.0011,"aoml_navis",1034.54704793058
"7901009",117,0,1,0.031773,1,0.009345,1,200.464404298117,1,4.83196706310727,1549.69995117188,1,4.33680009841919,34.9230003356934,0.0317730009555817,0.0164863225072622,193.305206298828,-86.9296,26.7202,31.7877835847979,63,63,63,63,61,63,0,7818,1.13366707078925,27,-87,0.001869,51,2026-07-23 06:26:58.000681,1549.69995117188,1.037,0.0011,"aoml_navis",1034.77526537291
"7901009",117,0,1,0.031773,1,0.009345,1,200.810045949865,1,4.83091956101657,1599.30004882812,1,4.33260011672974,34.923999786377,0.0317730009555817,0.0164863225072622,193.63850402832,-86.9296,26.7202,31.7877835847979,63,63,63,63,61,63,0,7818,1.13366707078925,27,-87,0.001869,51,2026-07-23 06:26:58.000681,1599.30004882812,1.037,0.0011,"aoml_navis",1034.99963865013
"7901009",117,0,1,0.033642,1,0.011214,1,201.234506494043,1,4.82987057746743,1649,1,4.32709980010986,34.9249992370605,0.0336420014500618,0.0181349534541368,194.047805786133,-86.9296,26.7202,31.7877835847979,63,63,63,63,61,63,0,7818,1.13366707078925,27,-87,0.001869,51,2026-07-23 06:26:58.000681,1649,1.037,0.0011,"aoml_navis",1035.22442678408
"7901009",117,0,1,0.028035,1,0.005607,1,201.794910243374,1,4.82879509199245,1700.19995117188,1,4.32119989395142,34.9249992370605,0.0280349999666214,0.0131890568882227,194.588195800781,-86.9296,26.7202,31.7877835847979,63,63,63,63,61,63,0,7818,1.13366707078925,27,-87,0.001869,51,2026-07-23 06:26:58.000681,1700.19995117188,1.037,0.0011,"aoml_navis",1035.45499544834
"7901009",117,0,1,0.028035,1,0.005607,1,202.227662516047,1,4.82774641919143,1750,1,4.31479978561401,34.9259986877441,0.0280349999666214,0.0131890568882227,195.005493164062,-86.9296,26.7202,31.7877835847979,63,63,63,63,61,63,0,7818,1.13366707078925,27,-87,0.001869,51,2026-07-23 06:26:58.000681,1750,1.037,0.0011,"aoml_navis",1035.67991477842
"7901009",117,0,1,0.033642,1,0.011214,1,202.525927383226,1,4.8267080982508,1799.59997558594,1,4.30989980697632,34.9259986877441,0.0336420014500618,0.0181349534541368,195.293106079102,-86.9296,26.7202,31.7877835847979,63,63,63,63,61,63,0,7818,1.13366707078925,27,-87,0.001869,51,2026-07-23 06:26:58.000681,1799.59997558594,1.037,0.0011,"aoml_navis",1035.90271013323
"7901009",117,0,1,0.033642,1,0.011214,1,202.993824558547,1,4.82566603231953,1849.30004882812,1,4.30569982528687,34.9269981384277,0.0336420014500618,0.0181349534541368,195.744293212891,-86.9296,26.7202,31.7877835847979,63,63,63,63,61,63,0,7818,1.13366707078925,27,-87,0.001869,51,2026-07-23 06:26:58.000681,1849.30004882812,1.037,0.0011,"aoml_navis",1036.12640545634
"7901009",117,0,1,0.029904,1,0.007476,1,203.331807438173,1,4.8246189881171,1899.5,1,4.30189990997314,34.9269981384277,0.0299040004611015,0.0148376896977425,196.070205688477,-86.9296,26.7202,31.7877835847979,63,63,63,63,61,63,0,7818,1.13366707078925,27,-87,0.001869,51,2026-07-23 06:26:58.000681,1899.5,1.037,0.0011,"aoml_navis",1036.35126676632
"7901009",117,0,1,0.031773,1,0.009345,1,203.563991659942,1,4.82356437653228,1950.19995117188,1,4.29990005493164,34.9269981384277,0.0317730009555817,0.0164863225072622,196.294097900391,-86.9296,26.7202,31.7877835847979,63,63,63,63,61,63,0,7818,1.13366707078925,27,-87,0.001869,51,2026-07-23 06:26:58.000681,1950.19995117188,1.037,0.0011,"aoml_navis",1036.57785191509
"7901009",117,0,1,0.031773,1,0.009345,1,200.808178728562,4,4.82254043951724,1999.59997558594,1,4.30089998245239,34.9269981384277,0.0317730009555817,0.0164863225072622,193.636703491211,-86.9296,26.7202,31.7877835847979,63,63,63,63,61,63,0,7818,1.13366707078925,27,-87,0.001869,51,2026-07-23 06:26:58.000681,1999.59997558594,1.037,0.0011,"aoml_navis",1036.79794139798
"7901009",118,0.196060555092317,5,0.285957,1,0.263529,1,189.486087955416,1,4.89119892281718,2.29999995231628,1,29.7080001831055,35.5449981689453,0.285957008600235,0.499954402446747,182.718902587891,-86.7525,26.214,11.9214409752504,63,63,63,63,61,63,0.26166,8046,1.33458767306251,26,-87,0.001869,51,2026-08-02 13:38:53.00145,2.29999995231628,1.037,0.0011,"aoml_navis",1022.24425522243
"7901009",118,0.196060555092317,5,0.274743,1,0.252315,1,189.536075700532,1,4.89112999470052,3.90000009536743,1,29.7099990844727,35.5559997558594,0.274742990732193,0.499954402446747,182.767105102539,-86.7525,26.214,11.9214409752504,63,63,63,63,61,63,0.26166,8046,1.33458767306251,26,-87,0.001869,51,2026-08-02 13:38:53.00145,3.90000009536743,1.037,0.0011,"aoml_navis",1022.25866117184
"7901009",118,0.196060555092317,5,0.282219,1,0.259791,1,189.524033701788,1,4.89104694128498,6,1,29.7140007019043,35.5690002441406,0.282218992710114,0.499954402446747,182.755493164062,-86.7525,26.214,11.9214409752504,63,63,63,63,61,63,0.26166,8046,1.33458767306251,26,-87,0.001869,51,2026-08-02 13:38:53.00145,6,1.037,0.0011,"aoml_navis",1022.27601984257
"7901009",118,0.196060555092317,5,0.282219,1,0.259791,1,189.512846194413,1,4.89099891424104,8,1,29.7140007019043,35.5709991455078,0.282218992710114,0.499954402446747,182.744705200195,-86.7525,26.214,11.9214409752504,63,63,63,63,61,63,0.26166,8046,1.33458767306251,26,-87,0.001869,51,2026-08-02 13:38:53.00145,8,1.037,0.0011,"aoml_navis",1022.28605805689
"7901009",118,0.196060555092317,5,0.284088,1,0.26166,1,189.470533047709,1,4.89091574335188,10.1999998092651,1,29.7280006408691,35.5880012512207,0.284087985754013,0.499954402446747,182.703903198242,-86.7525,26.214,11.9214409752504,63,63,63,63,61,63,0.26166,8046,1.33458767306251,26,-87,0.001869,51,2026-08-02 13:38:53.00145,10.1999998092651,1.037,0.0011,"aoml_navis",1022.30344221251
"7901009",118,0.19325969001957,1,0.28035,1,0.257922,1,189.513985516239,1,4.89084369921753,12,1,29.746000289917,35.6059989929199,0.280349999666214,0.499954402446747,182.745803833008,-86.7525,26.214,11.9214409752504,63,63,63,63,61,63,0.257922,8046,1.33458767306251,26,-87,0.001869,51,2026-08-02 13:38:53.00145,12,1.037,0.0011,"aoml_navis",1022.31850116166
"7901009",118,0.165251039292096,1,0.24297,1,0.220542,1,189.859010142544,1,4.89028183879118,14,1,29.8379993438721,35.7929992675781,0.242970004677773,0.499954402446747,183.078506469727,-86.7525,26.214,11.9214409752504,63,63,63,63,61,63,0.220542,8046,1.33458767306251,26,-87,0.001869,51,2026-08-02 13:38:53.00145,14,1.037,0.0011,"aoml_navis",1022.43595866776
"7901009",118,0.131640658419127,1,0.198114,1,0.175686,1,189.941025490102,1,4.88915731642544,16,1,29.8509998321533,36.101001739502,0.198113992810249,0.499954402446747,183.157592773438,-86.7525,26.214,11.9214409752504,63,63,63,63,61,63,0.175686,8046,1.33458767306251,26,-87,0.001869,51,2026-08-02 13:38:53.00145,16,1.037,0.0011,"aoml_navis",1022.67112232249
"7901009",118,0.130240225882753,1,0.196245,1,0.173817,1,189.725646193246,1,4.88872675370929,18,1,29.8099994659424,36.1910018920898,0.19624499976635,0.499954402446747,182.949905395508,-86.7525,26.214,11.9214409752504,63,63,63,63,61,63,0.173817,8046,1.33458767306251,26,-87,0.001869,51,2026-08-02 13:38:53.00145,18,1.037,0.0011,"aoml_navis",1022.76119159376
"7901009",118,0.149846281391985,1,0.222411,1,0.199983,1,189.742134711894,1,4.88864226059265,20,1,29.7919998168945,36.1949996948242,0.222411006689072,0.499954402446747,182.965805053711,-86.7525,26.214,11.9214409752504,63,63,63,63,61,63,0.199983,8046,1.33458767306251,26,-87,0.001869,51,2026-08-02 13:38:53.00145,20,1.037,0.0011,"aoml_navis",1022.77886854291
"7901009",118,0.121837630664511,1,0.185031,1,0.162603,1,190.534422274473,1,4.88830857092104,22,1,29.6100006103516,36.1940002441406,0.185030996799469,0.499954402446747,183.729797363281,-86.7525,26.214,11.9214409752504,63,63,63,63,61,63,0.162603,8046,1.33458767306251,26,-87,0.001869,51,2026-08-02 13:38:53.00145,22,1.037,0.0011,"aoml_navis",1022.8486863009
"7901009",118,0.12883979334638,1,0.194376,1,0.171948,1,191.152077119391,1,4.8878627550662,23.8999996185303,1,29.3899993896484,36.2080001831055,0.19437600672245,0.499954402446747,184.325393676758,-86.7525,26.214,11.9214409752504,63,63,63,63,61,63,0.171948,8046,1.33458767306251,26,-87,0.001869,51,2026-08-02 13:38:53.00145,23.8999996185303,1.037,0.0011,"aoml_navis",1022.94197905159
"7901009",118,0.135841956028248,1,0.203721,1,0.181293,1,191.885895318816,1,4.88744920157791,26,1,29.1669998168945,36.2109985351562,0.20372100174427,0.499954402446747,185.033004760742,-86.7525,26.214,11.9214409752504,63,63,63,63,61,63,0.181293,8046,1.33458767306251,26,-87,0.001869,51,2026-08-02 13:38:53.00145,26,1.037,0.0011,"aoml_navis",1023.02853570033
"7901009",118,0.148445848855611,1,0.220542,1,0.198114,1,192.040305074067,1,4.88725360457275,28,1,29.0729999542236,36.2120018005371,0.220541998744011,0.499954402446747,185.181900024414,-86.7525,26.214,11.9214409752504,63,63,63,63,61,63,0.198114,8046,1.33458767306251,26,-87,0.001869,51,2026-08-02 13:38:53.00145,28,1.037,0.0011,"aoml_navis",1023.06947921052
"7901009",118,0.149846281391985,1,0.222411,1,0.199983,1,192.084168964368,1,4.88709248766861,30,1,29.0069999694824,36.2159996032715,0.222411006689072,0.499954402446747,185.224197387695,-86.7525,26.214,11.9214409752504,63,63,63,63,61,63,0.199983,8046,1.33458767306251,26,-87,0.001869,51,2026-08-02 13:38:53.00145,30,1.037,0.0011,"aoml_navis",1023.10320760581
"7901009",118,0.15544801153748,1,0.229887,1,0.207459,1,191.951437971639,1,4.88692632051552,32,1,28.9400005340576,36.2210006713867,0.229886993765831,0.499954402446747,185.096206665039,-86.7525,26.214,11.9214409752504,63,63,63,63,61,63,0.207459,8046,1.33458767306251,26,-87,0.001869,51,2026-08-02 13:38:53.00145,32,1.037,0.0011,"aoml_navis",1023.13799555557
"7901009",118,0.169452336901217,1,0.248577,1,0.226149,1,191.839436306579,1,4.88668799600088,34,1,28.8390007019043,36.2309989929199,0.248576998710632,0.499954402446747,184.988204956055,-86.7525,26.214,11.9214409752504,63,63,63,63,61,63,0.226149,8046,1.33458767306251,26,-87,0.001869,51,2026-08-02 13:38:53.00145,34,1.037,0.0011,"aoml_navis",1023.18789415077
"7901009",118,0.190458824946822,1,0.276612,1,0.254184,1,191.737071405296,1,4.88636988795097,36,1,28.6989994049072,36.2459983825684,0.276612013578415,0.499954402446747,184.889495849609,-86.7525,26.214,11.9214409752504,63,63,63,63,61,63,0.254184,8046,1.33458767306251,26,-87,0.001869,51,2026-08-02 13:38:53.00145,36,1.037,0.0011,"aoml_navis",1023.25450480718
"7901009",118,0.183456662264954,1,0.267267,1,0.244839,1,191.71862072128,1,4.88612563109545,38,1,28.5960006713867,36.2569999694824,0.267266988754272,0.499954402446747,184.871704101562,-86.7525,26.214,11.9214409752504,63,63,63,63,61,63,0.244839,8046,1.33458767306251,26,-87,0.001869,51,2026-08-02 13:38:53.00145,38,1.037,0.0011,"aoml_navis",1023.3056571816
"7901009",118,0.177854932119459,1,0.259791,1,0.237363,1,191.639596093516,1,4.88601125183117,40,1,28.5610008239746,36.2620010375977,0.259790986776352,0.499954402446747,184.795501708984,-86.7525,26.214,11.9214409752504,63,63,63,63,61,63,0.237363,8046,1.33458767306251,26,-87,0.001869,51,2026-08-02 13:38:53.00145,40,1.037,0.0011,"aoml_navis",1023.32961229389
"7901009",118,0.166651471828469,1,0.244839,1,0.222411,1,191.449614179032,1,4.88586868725016,42,1,28.5149993896484,36.2700004577637,0.244838997721672,0.499954402446747,184.6123046875,-86.7525,26.214,11.9214409752504,63,63,63,63,61,63,0.222411,8046,1.33458767306251,26,-87,0.001869,51,2026-08-02 13:38:53.00145,42,1.037,0.0011,"aoml_navis",1023.35947199066
"7901009",118,0.173653634510338,1,0.254184,1,0.231756,1,191.209533752032,1,4.88565118150241,44,1,28.4330005645752,36.2830009460449,0.254184007644653,0.499954402446747,184.380798339844,-86.7525,26.214,11.9214409752504,63,63,63,63,61,63,0.231756,8046,1.33458767306251,26,-87,0.001869,51,2026-08-02 13:38:53.00145,44,1.037,0.0011,"aoml_navis",1023.4050312332
"7901009",118,0.166651471828469,1,0.244839,1,0.222411,1,190.926111623902,1,4.88551473313541,46,1,28.3929996490479,36.2919998168945,0.244838997721672,0.499954402446747,184.107498168945,-86.7525,26.214,11.9214409752504,63,63,63,63,61,63,0.222411,8046,1.33458767306251,26,-87,0.001869,51,2026-08-02 13:38:53.00145,46,1.037,0.0011,"aoml_navis",1023.43361408535
"7901009",118,0.162450174219348,1,0.239232,1,0.216804,1,190.698073195646,1,4.885390686643,48,1,28.3540000915527,36.2980003356934,0.239232003688812,0.499954402446747,183.887603759766,-86.7525,26.214,11.9214409752504,63,63,63,63,61,63,0.216804,8046,1.33458767306251,26,-87,0.001869,51,2026-08-02 13:38:53.00145,48,1.037,0.0011,"aoml_navis",1023.45960041033
"7901009",118,0.180655797192206,1,0.263529,1,0.241101,1,190.476870698347,1,4.8852121165543,50,1,28.2849998474121,36.3059997558594,0.263529002666473,0.499954402446747,183.674301147461,-86.7525,26.214,11.9214409752504,63,63,63,63,61,63,0.241101,8046,1.33458767306251,26,-87,0.001869,51,2026-08-02 13:38:53.00145,50,1.037,0.0011,"aoml_navis",1023.49701112398
"7901009",118,0.194660122555943,1,0.282219,1,0.259791,1,190.194176470272,1,4.88495401613711,52,1,28.1700000762939,36.3160018920898,0.282218992710114,0.499954402446747,183.401702880859,-86.7525,26.214,11.9214409752504,63,63,63,63,61,63,0.259791,8046,1.33458767306251,26,-87,0.001869,51,2026-08-02 13:38:53.00145,52,1.037,0.0011,"aoml_navis",1023.55108839978
"7901009",118,0.211465312992428,1,0.304647,1,0.282219,1,189.652318174612,1,4.88460528911935,54,1,28.0289993286133,36.3400001525879,0.304646998643875,0.499954402446747,182.879196166992,-86.7525,26.214,11.9214409752504,63,63,63,63,61,63,0.282219,8046,1.33458767306251,26,-87,0.001869,51,2026-08-02 13:38:53.00145,54,1.037,0.0011,"aoml_navis",1023.62416286485
"7901009",118,0.218467475674296,1,0.313992,1,0.291564,1,189.347739473129,1,4.88443914929859,55.9000015258789,1,27.9729995727539,36.351001739502,0.313991993665695,0.499954402446747,182.585494995117,-86.7525,26.214,11.9214409752504,63,63,63,63,61,63,0.291564,8046,1.33458767306251,26,-87,0.001869,51,2026-08-02 13:38:53.00145,55.9000015258789,1.037,0.0011,"aoml_navis",1023.65898052349
"7901009",118,0.217067043137922,1,0.312123,1,0.289695,1,188.887928172855,1,4.88433537875729,58,1,27.9409999847412,36.3540000915527,0.312123000621796,0.499954402446747,182.142105102539,-86.7525,26.214,11.9214409752504,63,63,63,63,61,63,0.289695,8046,1.33458767306251,26,-87,0.001869,51,2026-08-02 13:38:53.00145,58,1.037,0.0011,"aoml_navis",1023.68072875293
"7901009",118,0.224069205819791,1,0.321468,1,0.29904,1,188.454542809378,1,4.88415264710861,60,1,27.871000289917,36.3629989624023,0.321467995643616,0.499954402446747,181.724197387695,-86.7525,26.214,11.9214409752504,63,63,63,63,61,63,0.29904,8046,1.33458767306251,26,-87,0.001869,51,2026-08-02 13:38:53.00145,60,1.037,0.0011,"aoml_navis",1023.71902789729
"7901009",118,0.278686074738365,1,0.394359,1,0.371931,1,188.001456672661,1,4.88400445549841,62,1,27.8229999542236,36.3720016479492,0.394358992576599,0.499954402446747,181.287292480469,-86.7525,26.214,11.9214409752504,63,63,63,63,61,63,0.371931,8046,1.33458767306251,26,-87,0.001869,51,2026-08-02 13:38:53.00145,62,1.037,0.0011,"aoml_navis",1023.75008982046
"7901009",118,0.249276991474517,1,0.35511,1,0.332682,1,187.801315805228,1,4.88388055843738,64,1,27.7789993286133,36.3759994506836,0.355109989643097,0.499954402446747,181.094299316406,-86.7525,26.214,11.9214409752504,63,63,63,63,61,63,0.332682,8046,1.33458767306251,26,-87,0.001869,51,2026-08-02 13:38:53.00145,64,1.037,0.0011,"aoml_navis",1023.77606089527
"7901009",118,0.267482614447375,1,0.379407,1,0.356979,1,187.946816696756,1,4.88373738883942,66,1,27.7180004119873,36.3779983520508,0.379406988620758,0.499954402446747,181.234603881836,-86.7525,26.214,11.9214409752504,63,63,63,63,61,63,0.356979,8046,1.33458767306251,26,-87,0.001869,51,2026-08-02 13:38:53.00145,66,1.037,0.0011,"aoml_navis",1023.80607348509
"7901009",118,0.257679586692759,1,0.366324,1,0.343896,1,187.33091830632,1,4.88361378231403,68,1,27.6809997558594,36.3849983215332,0.366324007511139,0.499954402446747,180.640701293945,-86.7525,26.214,11.9214409752504,63,63,63,63,61,63,0.343896,8046,1.33458767306251,26,-87,0.001869,51,2026-08-02 13:38:53.00145,68,1.037,0.0011,"aoml_navis",1023.83198649071
"7901009",118,0.263281316838254,1,0.3738,1,0.351372,1,186.433876431407,1,4.88350518782945,70,1,27.6490001678467,36.3899993896484,0.373800009489059,0.499954402446747,179.775695800781,-86.7525,26.214,11.9214409752504,63,63,63,63,61,63,0.351372,8046,1.33458767306251,26,-87,0.001869,51,2026-08-02 13:38:53.00145,70,1.037,0.0011,"aoml_navis",1023.85475343834
"7901009",118,0.306694725465839,1,0.431739,1,0.409311,1,185.189119864765,1,4.88313910119069,72.0999984741211,1,27.5149993896484,36.4220008850098,0.431739002466202,0.499954402446747,178.575393676758,-86.7525,26.214,11.9214409752504,63,63,63,63,61,63,0.409311,8046,1.33458767306251,26,-87,0.001869,51,2026-08-02 13:38:53.00145,72.0999984741211,1.037,0.0011,"aoml_navis",1023.93151134704
"7901009",118,0.348707701557049,1,0.487809,1,0.465381,1,186.272314266915,1,4.88280257388585,74,1,27.3460006713867,36.431999206543,0.487809002399445,0.499954402446747,179.619903564453,-86.7525,26.214,11.9214409752504,63,63,63,63,61,63,0.465381,8046,1.33458767306251,26,-87,0.001869,51,2026-08-02 13:38:53.00145,74,1.037,0.0011,"aoml_navis",1024.00208166125
"7901009",118,0.420129760912108,1,0.583128,1,0.5607,1,185.851999456609,1,4.88251577256709,75.9000015258789,1,27.1620006561279,36.4220008850098,0.583127975463867,0.499954402446747,179.214599609375,-86.7525,26.214,11.9214409752504,63,63,63,63,61,63,0.5607,8046,1.33458767306251,26,-87,0.001869,51,2026-08-02 13:38:53.00145,75.9000015258789,1.037,0.0011,"aoml_navis",1024.06223203477
"7901009",118,0.418729328375734,1,0.581259,1,0.558831,1,184.868274179434,1,4.88218034504482,77.9000015258789,1,26.996000289917,36.4329986572266,0.58125901222229,0.499954402446747,178.266006469727,-86.7525,26.214,11.9214409752504,63,63,63,63,61,63,0.558831,8046,1.33458767306251,26,-87,0.001869,51,2026-08-02 13:38:53.00145,77.9000015258789,1.037,0.0011,"aoml_navis",1024.13258966862
"7901009",118,0.393521542721008,1,0.547617,1,0.525189,1,183.460594591675,1,4.88190896946609,80,1,26.8819999694824,36.4480018615723,0.547617018222809,0.499954402446747,176.908599853516,-86.7525,26.214,11.9214409752504,63,63,63,63,61,63,0.525189,8046,1.33458767306251,26,-87,0.001869,51,2026-08-02 13:38:53.00145,80,1.037,0.0011,"aoml_navis",1024.18951915583
"7901009",118,0.49295225280354,1,0.680316,1,0.657888,1,179.412932270032,1,4.88148549053374,82,1,26.7089996337891,36.4809989929199,0.680315971374512,0.499954402446747,173.005493164062,-86.7525,26.214,11.9214409752504,63,63,63,63,61,63,0.657888,8046,1.33458767306251,26,-87,0.001869,51,2026-08-02 13:38:53.00145,82,1.037,0.0011,"aoml_navis",1024.27836970858
"7901009",118,0.504155713094529,1,0.695268,1,0.67284,1,178.382747980619,1,4.88131036767105,84.0999984741211,1,26.6410007476807,36.4889984130859,0.695267975330353,0.511157870292664,172.012100219727,-86.7525,26.214,11.9214409752504,63,63,63,63,61,63,0.67284,8046,1.33458767306251,26,-87,0.001869,51,2026-08-02 13:38:53.00145,84.0999984741211,1.037,0.0011,"aoml_navis",1024.31511692332
"7901009",118,0.495753117876287,1,0.684054,1,0.661626,1,176.944591534015,1,4.88119749311678,86,1,26.5970001220703,36.4910011291504,0.684054017066956,0.502755284309387,170.625305175781,-86.7525,26.214,11.9214409752504,63,63,63,63,61,63,0.661626,8046,1.33458767306251,26,-87,0.001869,51,2026-08-02 13:38:53.00145,86,1.037,0.0011,"aoml_navis",1024.33880355195
"7901009",118,0.484549657585298,1,0.669102,1,0.646674,1,174.603886490339,1,4.8808907341651,88,1,26.443000793457,36.5,0.669102013111115,0.491551846265793,168.368194580078,-86.7525,26.214,11.9214409752504,63,63,63,63,61,63,0.646674,8046,1.33458767306251,26,-87,0.001869,51,2026-08-02 13:38:53.00145,88,1.037,0.0011,"aoml_navis",1024.40318218991
"7901009",118,0.476147062367056,1,0.657888,1,0.63546,1,172.824123382908,1,4.88049343747427,90,1,26.2569999694824,36.5209999084473,0.657887995243073,0.483149230480194,166.651992797852,-86.7525,26.214,11.9214409752504,63,63,63,63,61,63,0.63546,8046,1.33458767306251,26,-87,0.001869,51,2026-08-02 13:38:53.00145,90,1.037,0.0011,"aoml_navis",1024.48657375669
"7901009",118,0.484549657585298,1,0.669102,1,0.646674,1,170.854599895792,1,4.88014478040701,92,1,26.0930004119873,36.5379981994629,0.669102013111115,0.491551846265793,164.752807617188,-86.7525,26.214,11.9214409752504,63,63,63,63,61,63,0.646674,8046,1.33458767306251,26,-87,0.001869,51,2026-08-02 13:38:53.00145,92,1.037,0.0011,"aoml_navis",1024.55976717621
"7901009",118,0.463543169539692,1,0.641067,1,0.618639,1,169.387802164395,1,4.87982614317176,94.0999984741211,1,25.9449996948242,36.5530014038086,0.641067028045654,0.470545321702957,163.338394165039,-86.7525,26.214,11.9214409752504,63,63,63,63,61,63,0.618639,8046,1.33458767306251,26,-87,0.001869,51,2026-08-02 13:38:53.00145,94.0999984741211,1.037,0.0011,"aoml_navis",1024.62666769315
"7901009",118,0.462142737003319,1,0.639198,1,0.61677,1,170.348313759366,1,4.87964421951823,95.9000015258789,1,25.8309993743896,36.5460014343262,0.639198005199432,0.469144910573959,164.264602661133,-86.7525,26.214,11.9214409752504,63,63,63,63,61,63,0.61677,8046,1.33458767306251,26,-87,0.001869,51,2026-08-02 13:38:53.00145,95.9000015258789,1.037,0.0011,"aoml_navis",1024.66486798368
"7901009",118,0.42853235613035,1,0.594342,1,0.571914,1,171.419054741001,1,4.87943460785073,98,1,25.67799949646,36.5289993286133,0.594341993331909,0.435534507036209,165.297103881836,-86.7525,26.214,11.9214409752504,63,63,63,63,61,63,0.571914,8046,1.33458767306251,26,-87,0.001869,51,2026-08-02 13:38:53.00145,98,1.037,0.0011,"aoml_navis",1024.70888572936
"7901009",118,0.408926300621118,1,0.568176,1,0.545748,1,171.779317796728,1,4.87932113500575,100,1,25.617000579834,36.523998260498,0.568175971508026,0.415928453207016,165.644500732422,-86.7525,26.214,11.9214409752504,63,63,63,63,61,63,0.545748,8046,1.33458767306251,26,-87,0.001869,51,2026-08-02 13:38:53.00145,100,1.037,0.0011,"aoml_navis",1024.73271622326
"7901009",118,0.393521542721008,1,0.547617,1,0.525189,1,172.783266036315,1,4.87917857694796,102,1,25.511999130249,36.5089988708496,0.547617018222809,0.400523722171783,166.612594604492,-86.7525,26.214,11.9214409752504,63,63,63,63,61,63,0.525189,8046,1.33458767306251,26,-87,0.001869,51,2026-08-02 13:38:53.00145,102,1.037,0.0011,"aoml_navis",1024.76265648953
"7901009",118,0.378116784820897,1,0.527058,1,0.50463,1,172.7961308786,1,4.87891805109019,104.099998474121,1,25.3330001831055,36.4959983825684,0.527058005332947,0.385118961334229,166.625,-86.7525,26.214,11.9214409752504,63,63,63,63,61,63,0.50463,8046,1.33458767306251,26,-87,0.001869,51,2026-08-02 13:38:53.00145,104.099998474121,1.037,0.0011,"aoml_navis",1024.81737705817
"7901009",118,0.359911161848039,1,0.502761,1,0.480333,1,170.187163016644,1,4.87857923242039,106,1,25.1240005493164,36.4939994812012,0.502761006355286,0.366913318634033,164.10920715332,-86.7525,26.214,11.9214409752504,63,63,63,63,61,63,0.480333,8046,1.33458767306251,26,-87,0.001869,51,2026-08-02 13:38:53.00145,106,1.037,0.0011,"aoml_navis",1024.88855090693
"7901009",118,0.351508566629797,1,0.491547,1,0.469119,1,165.380079402319,1,4.87807874009927,108,1,24.8290004730225,36.5019989013672,0.491546988487244,0.358510732650757,159.47380065918,-86.7525,26.214,11.9214409752504,63,63,63,63,61,63,0.469119,8046,1.33458767306251,26,-87,0.001869,51,2026-08-02 13:38:53.00145,108,1.037,0.0011,"aoml_navis",1024.9937047753
"7901009",118,0.317898185756828,1,0.446691,1,0.424263,1,160.526125353984,1,4.87737461157617,110,1,24.443000793457,36.5309982299805,0.446691006422043,0.324900329113007,154.793197631836,-86.7525,26.214,11.9214409752504,63,63,63,63,61,63,0.424263,8046,1.33458767306251,26,-87,0.001869,51,2026-08-02 13:38:53.00145,110,1.037,0.0011,"aoml_navis",1025.14167932329
"7901009",118,0.312296455611334,1,0.439215,1,0.416787,1,157.693043394508,1,4.87695136087963,112,1,24.2269992828369,36.5509986877441,0.439215004444122,0.319298595190048,152.061294555664,-86.7525,26.214,11.9214409752504,63,63,63,63,61,63,0.416787,8046,1.33458767306251,26,-87,0.001869,51,2026-08-02 13:38:53.00145,112,1.037,0.0011,"aoml_navis",1025.2306471841
"7901009",118,0.285688237420233,1,0.403704,1,0.381276,1,154.746931215543,1,4.87648432521238,114,1,23.9740009307861,36.5690002441406,0.403703987598419,0.292690396308899,149.220397949219,-86.7525,26.214,11.9214409752504,63,63,63,63,61,63,0.381276,8046,1.33458767306251,26,-87,0.001869,51,2026-08-02 13:38:53.00145,114,1.037,0.0011,"aoml_navis",1025.32883662704
"7901009",118,0.253478289083638,1,0.360717,1,0.338289,1,151.867912432999,1,4.87601178129258,116,1,23.746000289917,36.5989990234375,0.360716998577118,0.260480463504791,146.444198608398,-86.7525,26.214,11.9214409752504,63,63,63,63,61,63,0.338289,8046,1.33458767306251,26,-87,0.001869,51,2026-08-02 13:38:53.00145,116,1.037,0.0011,"aoml_navis",1025.42820326709
"7901009",118,0.224069205819791,1,0.321468,1,0.29904,1,149.679449268321,1,4.87548163397511,118,1,23.5090007781982,36.6419982910156,0.321467995643616,0.231071382761002,144.333892822266,-86.7525,26.214,11.9214409752504,63,63,63,63,61,63,0.29904,8046,1.33458767306251,26,-87,0.001869,51,2026-08-02 13:38:53.00145,118,1.037,0.0011,"aoml_navis",1025.53970568921
"7901009",118,0.204463150310559,1,0.295302,1,0.272874,1,148.532183837373,1,4.87496030091278,120,1,23.2329998016357,36.6679992675781,0.295302003622055,0.211465299129486,143.227600097656,-86.7525,26.214,11.9214409752504,63,63,63,63,61,63,0.272874,8046,1.33458767306251,26,-87,0.001869,51,2026-08-02 13:38:53.00145,120,1.037,0.0011,"aoml_navis",1025.64937791674
"7901009",118,0.190458824946822,1,0.276612,1,0.254184,1,147.056477242254,1,4.87460435563296,122,1,23.0559997558594,36.6870002746582,0.276612013578415,0.197460979223251,141.804595947266,-86.7525,26.214,11.9214409752504,63,63,63,63,61,63,0.254184,8046,1.33458767306251,26,-87,0.001869,51,2026-08-02 13:38:53.00145,122,1.037,0.0011,"aoml_navis",1025.72427118565
"7901009",118,0.189058392410449,1,0.274743,1,0.252315,1,145.869177308255,1,4.87428107920482,124,1,22.9069995880127,36.7080001831055,0.274742990732193,0.196060553193092,140.659698486328,-86.7525,26.214,11.9214409752504,63,63,63,63,61,63,0.252315,8046,1.33458767306251,26,-87,0.001869,51,2026-08-02 13:38:53.00145,124,1.037,0.0011,"aoml_navis",1025.79230018793
"7901009",118,0.190458824946822,1,0.276612,1,0.254184,1,145.05739468332,1,4.87406868647353,126,1,22.7959995269775,36.7130012512207,0.276612013578415,0.197460979223251,139.876907348633,-86.7525,26.214,11.9214409752504,63,63,63,63,61,63,0.254184,8046,1.33458767306251,26,-87,0.001869,51,2026-08-02 13:38:53.00145,126,1.037,0.0011,"aoml_navis",1025.83700017933
"7901009",118,0.191859257483196,1,0.278481,1,0.256053,1,143.818445493208,1,4.87391089075522,128,1,22.7059993743896,36.7109985351562,0.278481006622314,0.198861420154572,138.682205200195,-86.7525,26.214,11.9214409752504,63,63,63,63,61,63,0.256053,8046,1.33458767306251,26,-87,0.001869,51,2026-08-02 13:38:53.00145,128,1.037,0.0011,"aoml_navis",1025.87021225274
"7901009",118,0.187657959874075,1,0.272874,1,0.250446,1,142.402996363553,1,4.87366524475023,130,1,22.556999206543,36.7109985351562,0.272873997688293,0.194660127162933,137.317306518555,-86.7525,26.214,11.9214409752504,63,63,63,63,61,63,0.250446,8046,1.33458767306251,26,-87,0.001869,51,2026-08-02 13:38:53.00145,130,1.037,0.0011,"aoml_navis",1025.92191890608
"7901009",118,0.200261852701438,1,0.289695,1,0.267267,1,141.674684886286,1,4.87324498636794,132,1,22.257999420166,36.7029991149902,0.289694994688034,0.207264021039009,136.615005493164,-86.7525,26.214,11.9214409752504,63,63,63,63,61,63,0.267267,8046,1.33458767306251,26,-87,0.001869,51,2026-08-02 13:38:53.00145,132,1.037,0.0011,"aoml_navis",1026.01039225129
"7901009",118,0.211465312992428,1,0.304647,1,0.282219,1,141.098805174989,1,4.87296757255832,134,1,22.0890007019043,36.7050018310547,0.304646998643875,0.218467488884926,136.059692382812,-86.7525,26.214,11.9214409752504,63,63,63,63,61,63,0.282219,8046,1.33458767306251,26,-87,0.001869,51,2026-08-02 13:38:53.00145,134,1.037,0.0011,"aoml_navis",1026.06880213138
"7901009",118,0.204463150310559,1,0.295302,1,0.272874,1,140.777437300487,1,4.87267718695944,136,1,21.8290004730225,36.6769981384277,0.295302003622055,0.211465299129486,135.749801635742,-86.7525,26.214,11.9214409752504,63,63,63,63,61,63,0.272874,8046,1.33458767306251,26,-87,0.001869,51,2026-08-02 13:38:53.00145,136,1.037,0.0011,"aoml_navis",1026.12995036513
"7901009",118,0.212865745528801,1,0.306516,1,0.284088,1,140.121820885284,1,4.87229472744735,138,1,21.5060005187988,36.6520004272461,0.306515991687775,0.219867914915085,135.117599487305,-86.7525,26.214,11.9214409752504,63,63,63,63,61,63,0.284088,8046,1.33458767306251,26,-87,0.001869,51,2026-08-02 13:38:53.00145,138,1.037,0.0011,"aoml_navis",1026.21049827574
"7901009",118,0.205863582846933,1,0.297171,1,0.274743,1,139.702439685919,1,4.87198055283479,140,1,21.2700004577637,36.640998840332,0.297170996665955,0.212865754961967,134.713195800781,-86.7525,26.214,11.9214409752504,63,63,63,63,61,63,0.274743,8046,1.33458767306251,26,-87,0.001869,51,2026-08-02 13:38:53.00145,140,1.037,0.0011,"aoml_navis",1026.27667450165
"7901009",118,0.200261852701438,1,0.289695,1,0.267267,1,139.352762828824,1,4.87175358794802,142,1,21.1399993896484,36.6450004577637,0.289694994688034,0.207264021039009,134.376007080078,-86.7525,26.214,11.9214409752504,63,63,63,63,61,63,0.267267,8046,1.33458767306251,26,-87,0.001869,51,2026-08-02 13:38:53.00145,142,1.037,0.0011,"aoml_navis",1026.32448660155
"7901009",118,0.180655797192206,1,0.263529,1,0.241101,1,139.29157175242,1,4.87154295385761,144,1,21.0440006256104,36.6570014953613,0.263529002666473,0.187657952308655,134.317001342773,-86.7525,26.214,11.9214409752504,63,63,63,63,61,63,0.241101,8046,1.33458767306251,26,-87,0.001869,51,2026-08-02 13:38:53.00145,144,1.037,0.0011,"aoml_navis",1026.36886246495
"7901009",118,0.168051904364843,1,0.246708,1,0.22428,1,138.91067431251,1,4.87140219528439,146,1,20.9680004119873,36.6570014953613,0.246708005666733,0.17505407333374,133.94970703125,-86.7525,26.214,11.9214409752504,63,63,63,63,61,63,0.22428,8046,1.33458767306251,26,-87,0.001869,51,2026-08-02 13:38:53.00145,146,1.037,0.0011,"aoml_navis",1026.39851926825
"7901009",118,0.173653634510338,1,0.254184,1,0.231756,1,137.943627440955,1,4.87119371338132,148,1,20.9340000152588,36.6910018920898,0.254184007644653,0.180655792355537,133.017196655273,-86.7525,26.214,11.9214409752504,63,63,63,63,61,63,0.231756,8046,1.33458767306251,26,-87,0.001869,51,2026-08-02 13:38:53.00145,148,1.037,0.0011,"aoml_navis",1026.44244803175
"7901009",118,0.180655797192206,1,0.263529,1,0.241101,1,137.5509095371,1,4.87097376718335,150,1,20.8579998016357,36.7130012512207,0.263529002666473,0.187657952308655,132.63850402832,-86.7525,26.214,11.9214409752504,63,63,63,63,61,63,0.241101,8046,1.33458767306251,26,-87,0.001869,51,2026-08-02 13:38:53.00145,150,1.037,0.0011,"aoml_navis",1026.48879648786
"7901009",118,0.168051904364843,1,0.246708,1,0.22428,1,137.738407097047,1,4.87078333135687,152,1,20.7240009307861,36.7060012817383,0.246708005666733,0.17505407333374,132.819305419922,-86.7525,26.214,11.9214409752504,63,63,63,63,61,63,0.22428,8046,1.33458767306251,26,-87,0.001869,51,2026-08-02 13:38:53.00145,152,1.037,0.0011,"aoml_navis",1026.52892971265
"7901009",118,0.12883979334638,1,0.194376,1,0.171948,1,137.745148084518,1,4.87051233956474,154,1,20.5300006866455,36.7000007629395,0.19437600672245,0.135841950774193,132.825805664062,-86.7525,26.214,11.9214409752504,63,63,63,63,61,63,0.171948,8046,1.33458767306251,26,-87,0.001869,51,2026-08-02 13:38:53.00145,154,1.037,0.0011,"aoml_navis",1026.58604504158
"7901009",118,0.119036765591764,1,0.181293,1,0.158865,1,136.956579141787,1,4.87028638276206,156,1,20.3080005645752,36.6720008850098,0.181292995810509,0.126038923859596,132.065399169922,-86.7525,26.214,11.9214409752504,63,63,63,63,61,63,0.158865,8046,1.33458767306251,26,-87,0.001869,51,2026-08-02 13:38:53.00145,156,1.037,0.0011,"aoml_navis",1026.63367347289
"7901009",118,0.11763633305539,1,0.179424,1,0.156996,1,137.348790680386,1,4.87000743600938,158,1,19.9860000610352,36.6240005493164,0.179424002766609,0.124638497829437,132.443603515625,-86.7525,26.214,11.9214409752504,63,63,63,63,61,63,0.156996,8046,1.33458767306251,26,-87,0.001869,51,2026-08-02 13:38:53.00145,158,1.037,0.0011,"aoml_navis",1026.69247751645
"7901009",118,0.0924285474006637,1,0.145782,1,0.123354,1,138.671321785566,1,4.86978096422949,160,1,19.7970008850098,36.609001159668,0.145781993865967,0.0994307100772858,133.718902587891,-86.7525,26.214,11.9214409752504,63,63,63,63,61,63,0.123354,8046,1.33458767306251,26,-87,0.001869,51,2026-08-02 13:38:53.00145,160,1.037,0.0011,"aoml_navis",1026.74022440168
"7901009",118,0.0812250871096742,1,0.13083,1,0.108402,1,139.334296320894,1,4.8696674446243,162,1,19.7339992523193,36.6069984436035,0.130830004811287,0.0882272496819496,134.358200073242,-86.7525,26.214,11.9214409752504,63,63,63,63,61,63,0.108402,8046,1.33458767306251,26,-87,0.001869,51,2026-08-02 13:38:53.00145,162,1.037,0.0011,"aoml_navis",1026.76415933075
"7901009",118,0.0798246545733005,1,0.128961,1,0.106533,1,140.164228975474,1,4.86957120849764,164,1,19.6760005950928,36.6020011901855,0.128960996866226,0.08682681620121,135.158493041992,-86.7525,26.214,11.9214409752504,63,63,63,63,61,63,0.106533,8046,1.33458767306251,26,-87,0.001869,51,2026-08-02 13:38:53.00145,164,1.037,0.0011,"aoml_navis",1026.78445101588
"7901009",118,0.0686211942823109,1,0.114009,1,0.091581,1,141.017201249202,1,4.86944652017713,166,1,19.6009998321533,36.5989990234375,0.114009000360966,0.0756233558058739,135.981002807617,-86.7525,26.214,11.9214409752504,63,63,63,63,61,63,0.091581,8046,1.33458767306251,26,-87,0.001869,51,2026-08-02 13:38:53.00145,166,1.037,0.0011,"aoml_navis",1026.81074312695
"7901009",118,0.0658203292095636,1,0.110271,1,0.087843,1,141.430870015523,1,4.86935057401068,168,1,19.5429992675781,36.5940017700195,0.110270999372005,0.0728224962949753,136.379898071289,-86.7525,26.214,11.9214409752504,63,63,63,63,61,63,0.087843,8046,1.33458767306251,26,-87,0.001869,51,2026-08-02 13:38:53.00145,168,1.037,0.0011,"aoml_navis",1026.83097550762
"7901009",118,0.0560173014549477,1,0.097188,1,0.07476,1,141.922835509553,1,4.86921784909852,170,1,19.4409999847412,36.5839996337891,0.0971880033612251,0.0630194619297981,136.854293823242,-86.7525,26.214,11.9214409752504,63,63,63,63,61,63,0.07476,8046,1.33458767306251,26,-87,0.001869,51,2026-08-02 13:38:53.00145,170,1.037,0.0011,"aoml_navis",1026.85896481828
"7901009",118,0.0518160038458266,1,0.091581,1,0.069153,1,142.080679054196,1,4.8691191621007,172,1,19.3659992218018,36.5740013122559,0.0915810018777847,0.0588181652128696,137.006500244141,-86.7525,26.214,11.9214409752504,63,63,63,63,61,63,0.069153,8046,1.33458767306251,26,-87,0.001869,51,2026-08-02 13:38:53.00145,172,1.037,0.0011,"aoml_navis",1026.87977713054
"7901009",118,0.0420129760912108,1,0.078498,1,0.05607,1,142.295441218396,1,4.86896435609269,174,1,19.2339992523193,36.560001373291,0.0784979984164238,0.0490151382982731,137.213592529297,-86.7525,26.214,11.9214409752504,63,63,63,63,61,63,0.05607,8046,1.33458767306251,26,-87,0.001869,51,2026-08-02 13:38:53.00145,174,1.037,0.0011,"aoml_navis",1026.91242620073
"7901009",118,0.0308095158002212,1,0.063546,1,0.041118,1,142.627411115445,1,4.86880249069333,176,1,19.0839996337891,36.5419998168945,0.0635460019111633,0.0378116779029369,137.533706665039,-86.7525,26.214,11.9214409752504,63,63,63,63,61,63,0.041118,8046,1.33458767306251,26,-87,0.001869,51,2026-08-02 13:38:53.00145,176,1.037,0.0011,"aoml_navis",1026.94656633894
"7901009",118,0.0168051904364843,1,0.044856,1,0.022428,1,142.902636455994,1,4.86864417889001,178,1,18.9449996948242,36.5270004272461,0.0448560006916523,0.0238073542714119,137.799102783203,-86.7525,26.214,11.9214409752504,63,63,63,63,61,63,0.022428,8046,1.33458767306251,26,-87,0.001869,51,2026-08-02 13:38:53.00145,178,1.037,0.0011,"aoml_navis",1026.97995915979
"7901009",118,0.0154047579001106,1,0.042987,1,0.020559,1,142.685263345943,1,4.86856432459667,180,1,18.8929996490479,36.5200004577637,0.0429870001971722,0.0224069207906723,137.589492797852,-86.7525,26.214,11.9214409752504,63,63,63,63,61,63,0.020559,8046,1.33458767306251,26,-87,0.001869,51,2026-08-02 13:38:53.00145,180,1.037,0.0011,"aoml_navis",1026.99680370644
"7901009",118,0.0126038928273632,1,0.039249,1,0.016821,1,142.790524023533,1,4.86843274277,182,1,18.7749996185303,36.5050010681152,0.0392489992082119,0.0196060556918383,137.690994262695,-86.7525,26.214,11.9214409752504,63,63,63,63,61,63,0.016821,8046,1.33458767306251,26,-87,0.001869,51,2026-08-02 13:38:53.00145,182,1.037,0.0011,"aoml_navis",1027.02456091755
"7901009",118,0.018205622972858,1,0.046725,1,0.024297,1,142.961738775717,1,4.86834568025607,184,1,18.6989994049072,36.492000579834,0.0467250011861324,0.0252077858895063,137.856094360352,-86.7525,26.214,11.9214409752504,63,63,63,63,61,63,0.024297,8046,1.33458767306251,26,-87,0.001869,51,2026-08-02 13:38:53.00145,184,1.037,0.0011,"aoml_navis",1027.0429275961
"7901009",118,0.0168051904364843,1,0.044856,1,0.022428,1,143.135865128123,1,4.8682846659602,186,1,18.6679992675781,36.4869995117188,0.0448560006916523,0.0238073542714119,138.024002075195,-86.7525,26.214,11.9214409752504,63,63,63,63,61,63,0.022428,8046,1.33458767306251,26,-87,0.001869,51,2026-08-02 13:38:53.00145,186,1.037,0.0011,"aoml_navis",1027.05579954286
"7901009",118,0.0168051904364843,1,0.044856,1,0.022428,1,143.564566612982,1,4.86819431186356,188,1,18.5949993133545,36.476001739502,0.0448560006916523,0.0238073542714119,138.437393188477,-86.7525,26.214,11.9214409752504,63,63,63,63,61,63,0.022428,8046,1.33458767306251,26,-87,0.001869,51,2026-08-02 13:38:53.00145,188,1.037,0.0011,"aoml_navis",1027.07486178504
"7901009",118,0.0112034602909895,1,0.03738,1,0.014952,1,144.255027287363,1,4.86810055926569,190,1,18.5219993591309,36.4659996032715,0.0373799987137318,0.0182056240737438,139.10319519043,-86.7525,26.214,11.9214409752504,63,63,63,63,61,63,0.014952,8046,1.33458767306251,26,-87,0.001869,51,2026-08-02 13:38:53.00145,190,1.037,0.0011,"aoml_navis",1027.09464176603
"7901009",118,0.00560173014549477,1,0.029904,1,0.007476,1,145.273501880231,1,4.86799939836629,191.899993896484,1,18.4440002441406,36.4570007324219,0.0299040004611015,0.0126038929447532,140.085296630859,-86.7525,26.214,11.9214409752504,63,63,63,63,61,63,0.007476,8046,1.33458767306251,26,-87,0.001869,51,2026-08-02 13:38:53.00145,191.899993896484,1.037,0.0011,"aoml_navis",1027.11598560961
"7901009",118,0.00700216268186846,1,0.031773,1,0.009345,1,145.967807765774,1,4.8679064087927,194,1,18.3880004882812,36.4519996643066,0.0317730009555817,0.0140043264254928,140.754806518555,-86.7525,26.214,11.9214409752504,63,63,63,63,61,63,0.009345,8046,1.33458767306251,26,-87,0.001869,51,2026-08-02 13:38:53.00145,194,1.037,0.0011,"aoml_navis",1027.13560617532
"7901009",118,0.00560173014549477,1,0.029904,1,0.007476,1,146.483002765923,1,4.86781081510682,196,1,18.3159999847412,36.443000793457,0.0299040004611015,0.0126038929447532,141.251602172852,-86.7525,26.214,11.9214409752504,63,63,63,63,61,63,0.007476,8046,1.33458767306251,26,-87,0.001869,51,2026-08-02 13:38:53.00145,196,1.037,0.0011,"aoml_navis",1027.15577698356
"7901009",118,0,1,0.022428,1,0,1,146.968638694253,1,4.86773582167718,198,1,18.2700004577637,36.4370002746582,0.0224280003458261,0.00700216321274638,141.71989440918,-86.7525,26.214,11.9214409752504,63,63,63,63,61,63,0,8046,1.33458767306251,26,-87,0.001869,51,2026-08-02 13:38:53.00145,198,1.037,0.0011,"aoml_navis",1027.17160157579
"7901009",118,0.00140043253637369,1,0.024297,1,0.001869,1,146.988244524009,1,4.86767884912389,200,1,18.2509994506836,36.435001373291,0.0242970008403063,0.00840259529650211,141.738800048828,-86.7525,26.214,11.9214409752504,63,63,63,63,61,63,0.001869,8046,1.33458767306251,26,-87,0.001869,51,2026-08-02 13:38:53.00145,200,1.037,0.0011,"aoml_navis",1027.18362385389
"7901009",118,-0.00140043253637369,1,0.020559,1,-0.001869,1,146.978908414601,1,4.86760879101911,202,1,18.2059993743896,36.4280014038086,0.020558999851346,0.00560173019766808,141.729797363281,-86.7525,26.214,11.9214409752504,63,63,63,63,61,63,-0.001869,8046,1.33458767306251,26,-87,0.001869,51,2026-08-02 13:38:53.00145,202,1.037,0.0011,"aoml_navis",1027.19840781477
"7901009",118,0.00140043253637369,1,0.024297,1,0.001869,1,147.320309364543,1,4.86753052013089,204,1,18.1450004577637,36.4179992675781,0.0242970008403063,0.00840259529650211,142.059005737305,-86.7525,26.214,11.9214409752504,63,63,63,63,61,63,0.001869,8046,1.33458767306251,26,-87,0.001869,51,2026-08-02 13:38:53.00145,204,1.037,0.0011,"aoml_navis",1027.21492537566
"7901009",118,-0.00140043253637369,1,0.020559,1,-0.001869,1,147.365929709326,1,4.86743799634608,206,1,18.0750007629395,36.4090003967285,0.020558999851346,0.00560173019766808,142.102996826172,-86.7525,26.214,11.9214409752504,63,63,63,63,61,63,-0.001869,8046,1.33458767306251,26,-87,0.001869,51,2026-08-02 13:38:53.00145,206,1.037,0.0011,"aoml_navis",1027.23445142053
"7901009",118,-0.00280086507274739,1,0.01869,1,-0.003738,1,147.231632149087,1,4.8673505416265,208,1,18.0030002593994,36.3979988098145,0.0186899993568659,0.00420129764825106,141.973495483398,-86.7525,26.214,11.9214409752504,63,63,63,63,61,63,-0.003738,8046,1.33458767306251,26,-87,0.001869,51,2026-08-02 13:38:53.00145,208,1.037,0.0011,"aoml_navis",1027.25290838189
"7901009",118,0.00280086507274739,1,0.026166,1,0.003738,1,146.980981347368,1,4.86728324379759,210,1,17.9629993438721,36.3919982910156,0.0261659994721413,0.00980302784591913,141.731796264648,-86.7525,26.214,11.9214409752504,63,63,63,63,61,63,0.003738,8046,1.33458767306251,26,-87,0.001869,51,2026-08-02 13:38:53.00145,210,1.037,0.0011,"aoml_navis",1027.26711176538
"7901009",118,0.00140043253637369,1,0.024297,1,0.001869,1,147.200221679301,1,4.86721956366701,212,1,17.9260005950928,36.3860015869141,0.0242970008403063,0.00840259529650211,141.943206787109,-86.7525,26.214,11.9214409752504,63,63,63,63,61,63,0.001869,8046,1.33458767306251,26,-87,0.001869,51,2026-08-02 13:38:53.00145,212,1.037,0.0011,"aoml_navis",1027.28055198581
"7901009",118,0,1,0.022428,1,0,1,147.511636311739,1,4.86716295610102,214,1,17.9009990692139,36.3819999694824,0.0224280003458261,0.00700216321274638,142.243499755859,-86.7525,26.214,11.9214409752504,63,63,63,63,61,63,0,8046,1.33458767306251,26,-87,0.001869,51,2026-08-02 13:38:53.00145,214,1.037,0.0011,"aoml_navis",1027.29249977802
"7901009",118,0,1,0.016821,1,-0.005607,1,147.541401094443,1,4.86709581412613,216,1,17.8610000610352,36.3759994506836,0.0168210007250309,0.00280086509883404,142.272201538086,-86.7525,26.214,11.9214409752504,63,63,63,63,61,63,0,8046,1.33458767306251,26,-87,0.001869,51,2026-08-02 13:38:53.00145,216,1.037,0.0011,"aoml_navis",1027.30667135998
"7901009",118,0,1,0.016821,1,-0.005607,1,147.072032149962,1,4.86701938850513,218,1,17.806999206543,36.3680000305176,0.0168210007250309,0.00280086509883404,141.819595336914,-86.7525,26.214,11.9214409752504,63,63,63,63,61,63,0,8046,1.33458767306251,26,-87,0.001869,51,2026-08-02 13:38:53.00145,218,1.037,0.0011,"aoml_navis",1027.32280290663
"7901009",118,0,1,0.016821,1,-0.005607,1,146.822425726584,1,4.86692355719139,220,1,17.7150001525879,36.3530006408691,0.0168210007250309,0.00280086509883404,141.578903198242,-86.7525,26.214,11.9214409752504,63,63,63,63,61,63,0,8046,1.33458767306251,26,-87,0.001869,51,2026-08-02 13:38:53.00145,220,1.037,0.0011,"aoml_navis",1027.34303122801
"7901009",118,0,1,0.01869,1,-0.003738,1,146.682732211586,1,4.86681855480735,222,1,17.6180000305176,36.3390007019043,0.0186899993568659,0.00420129764825106,141.444198608398,-86.7525,26.214,11.9214409752504,63,63,63,63,61,63,0,8046,1.33458767306251,26,-87,0.001869,51,2026-08-02 13:38:53.00145,222,1.037,0.0011,"aoml_navis",1027.36519631723
"7901009",118,0,1,0.016821,1,-0.005607,1,146.503637150105,1,4.86674424357489,224,1,17.55299949646,36.3269996643066,0.0168210007250309,0.00280086509883404,141.271499633789,-86.7525,26.214,11.9214409752504,63,63,63,63,61,63,0,8046,1.33458767306251,26,-87,0.001869,51,2026-08-02 13:38:53.00145,224,1.037,0.0011,"aoml_navis",1027.38088334949
"7901009",118,0,1,0.020559,1,-0.001869,1,146.388533997851,1,4.86665252761048,226,1,17.4729995727539,36.314998626709,0.020558999851346,0.00560173019766808,141.160507202148,-86.7525,26.214,11.9214409752504,63,63,63,63,61,63,0,8046,1.33458767306251,26,-87,0.001869,51,2026-08-02 13:38:53.00145,226,1.037,0.0011,"aoml_navis",1027.40024516503
"7901009",118,0,1,0.014952,1,-0.007476,1,145.914607766066,1,4.86658382660304,228,1,17.42799949646,36.3079986572266,0.0149520002305508,0.00140043254941702,140.703506469727,-86.7525,26.214,11.9214409752504,63,63,63,63,61,63,0,8046,1.33458767306251,26,-87,0.001869,51,2026-08-02 13:38:53.00145,228,1.037,0.0011,"aoml_navis",1027.41474885681
"7901009",118,0,1,0.022428,1,0,1,145.323283914461,1,4.86649963536913,230,1,17.3509998321533,36.2949981689453,0.0224280003458261,0.00700216321274638,140.13330078125,-86.7525,26.214,11.9214409752504,63,63,63,63,61,63,0,8046,1.33458767306251,26,-87,0.001869,51,2026-08-02 13:38:53.00145,230,1.037,0.0011,"aoml_navis",1027.4325232988
"7901009",118,0,1,0.014952,1,-0.007476,1,144.703967558548,1,4.8664203221635,232,1,17.2779998779297,36.2820014953613,0.0149520002305508,0.00140043254941702,139.536102294922,-86.7525,26.214,11.9214409752504,63,63,63,63,61,63,0,8046,1.33458767306251,26,-87,0.001869,51,2026-08-02 13:38:53.00145,232,1.037,0.0011,"aoml_navis",1027.44926845471
"7901009",118,0,1,0.020559,1,-0.001869,1,144.225689750344,1,4.86631255432923,234,1,17.173999786377,36.2669982910156,0.020558999851346,0.00560173019766808,139.074905395508,-86.7525,26.214,11.9214409752504,63,63,63,63,61,63,0,8046,1.33458767306251,26,-87,0.001869,51,2026-08-02 13:38:53.00145,234,1.037,0.0011,"aoml_navis",1027.47202202453
"7901009",118,0,1,0.020559,1,-0.001869,1,142.998561024177,1,4.86627069327518,236,1,17.1580009460449,36.2620010375977,0.020558999851346,0.00560173019766808,137.8916015625,-86.7525,26.214,11.9214409752504,63,63,63,63,61,63,0,8046,1.33458767306251,26,-87,0.001869,51,2026-08-02 13:38:53.00145,236,1.037,0.0011,"aoml_navis",1027.4808606331
"7901009",118,0,1,0.020559,1,-0.001869,1,141.055257762973,1,4.86619625775877,238,1,17.0949993133545,36.2509994506836,0.020558999851346,0.00560173019766808,136.017700195312,-86.7525,26.214,11.9214409752504,63,63,63,63,61,63,0,8046,1.33458767306251,26,-87,0.001869,51,2026-08-02 13:38:53.00145,238,1.037,0.0011,"aoml_navis",1027.49657744031
"7901009",118,0,1,0.022428,1,0,1,138.451986510147,1,4.86610998203446,240,1,17.0090007781982,36.2360000610352,0.0224280003458261,0.00700216321274638,133.507400512695,-86.7525,26.214,11.9214409752504,63,63,63,63,61,63,0,8046,1.33458767306251,26,-87,0.001869,51,2026-08-02 13:38:53.00145,240,1.037,0.0011,"aoml_navis",1027.51479486897
"7901009",118,0,1,0.022428,1,0,1,136.137833994582,1,4.86601345824712,242,1,16.8980007171631,36.2159996032715,0.0224280003458261,0.00700216321274638,131.275894165039,-86.7525,26.214,11.9214409752504,63,63,63,63,61,63,0,8046,1.33458767306251,26,-87,0.001869,51,2026-08-02 13:38:53.00145,242,1.037,0.0011,"aoml_navis",1027.53517697856
"7901009",118,0,1,0.022428,1,0,1,136.077386642148,1,4.86591245728323,244,1,16.7889995574951,36.1980018615723,0.0224280003458261,0.00700216321274638,131.21760559082,-86.7525,26.214,11.9214409752504,63,63,63,63,61,63,0,8046,1.33458767306251,26,-87,0.001869,51,2026-08-02 13:38:53.00145,244,1.037,0.0011,"aoml_navis",1027.55650536131
"7901009",118,0,1,0.020559,1,-0.001869,1,135.110656248877,1,4.86584124790164,246,1,16.7280006408691,36.1870002746582,0.020558999851346,0.00560173019766808,130.285400390625,-86.7525,26.214,11.9214409752504,63,63,63,63,61,63,0,8046,1.33458767306251,26,-87,0.001869,51,2026-08-02 13:38:53.00145,246,1.037,0.0011,"aoml_navis",1027.5715431851
"7901009",118,0,1,0.067284,1,0.044856,1,132.456257929111,1,4.86574080185506,248,1,16.6219997406006,36.1699981689453,0.0672840029001236,0.0406125411391258,127.725799560547,-86.7525,26.214,11.9214409752504,63,63,63,63,61,63,0,8046,1.33458767306251,26,-87,0.001869,51,2026-08-02 13:38:53.00145,248,1.037,0.0011,"aoml_navis",1027.59275588493
"7901009",118,0,1,0.028035,1,0.005607,1,131.707517778547,1,4.86562680856486,250,1,16.4939994812012,36.1500015258789,0.0280349999666214,0.0112034603953362,127.003799438477,-86.7525,26.214,11.9214409752504,63,63,63,63,61,63,0,8046,1.33458767306251,26,-87,0.001869,51,2026-08-02 13:38:53.00145,250,1.037,0.0011,"aoml_navis",1027.61683062059
"7901009",118,0,1,0.024297,1,0.001869,1,130.633145208592,1,4.86553841123039,252,1,16.4009990692139,36.1339988708496,0.0242970008403063,0.00840259529650211,125.967796325684,-86.7525,26.214,11.9214409752504,63,63,63,63,61,63,0,8046,1.33458767306251,26,-87,0.001869,51,2026-08-02 13:38:53.00145,252,1.037,0.0011,"aoml_navis",1027.6355004123
"7901009",118,0,1,0.020559,1,-0.001869,1,128.813252654623,1,4.86546487051269,254,1,16.3500003814697,36.1269989013672,0.020558999851346,0.00560173019766808,124.212898254395,-86.7525,26.214,11.9214409752504,63,63,63,63,61,63,0,8046,1.33458767306251,26,-87,0.001869,51,2026-08-02 13:38:53.00145,254,1.037,0.0011,"aoml_navis",1027.65103295734
"7901009",118,0,1,0.022428,1,0,1,127.814281036068,1,4.86538912028637,256,1,16.2840003967285,36.1160011291504,0.0224280003458261,0.00700216321274638,123.249603271484,-86.7525,26.214,11.9214409752504,63,63,63,63,61,63,0,8046,1.33458767306251,26,-87,0.001869,51,2026-08-02 13:38:53.00145,256,1.037,0.0011,"aoml_navis",1027.66703266392
"7901009",118,0,1,0.022428,1,0,1,126.591717509163,1,4.86531973275217,258,1,16.2299995422363,36.1069984436035,0.0224280003458261,0.00700216321274638,122.070701599121,-86.7525,26.214,11.9214409752504,63,63,63,63,61,63,0,8046,1.33458767306251,26,-87,0.001869,51,2026-08-02 13:38:53.00145,258,1.037,0.0011,"aoml_navis",1027.68168890139
"7901009",118,0,1,0.024297,1,0.001869,1,125.434799490523,1,4.86523759877931,260,1,16.1580009460449,36.0960006713867,0.0242970008403063,0.00840259529650211,120.955101013184,-86.7525,26.214,11.9214409752504,63,63,63,63,61,63,0,8046,1.33458767306251,26,-87,0.001869,51,2026-08-02 13:38:53.00145,260,1.037,0.0011,"aoml_navis",1027.69903801913
"7901009",118,0,1,0.024297,1,0.001869,1,125.114357315005,1,4.86514653882148,262,1,16.068000793457,36.0820007324219,0.0242970008403063,0.00840259529650211,120.646102905273,-86.7525,26.214,11.9214409752504,63,63,63,63,61,63,0,8046,1.33458767306251,26,-87,0.001869,51,2026-08-02 13:38:53.00145,262,1.037,0.0011,"aoml_navis",1027.71827325291
"7901009",118,0,1,0.022428,1,0,1,125.503760108824,1,4.86504946084954,264,1,15.9689998626709,36.0670013427734,0.0224280003458261,0.00700216321274638,121.021598815918,-86.7525,26.214,11.9214409752504,63,63,63,63,61,63,0,8046,1.33458767306251,26,-87,0.001869,51,2026-08-02 13:38:53.00145,264,1.037,0.0011,"aoml_navis",1027.73878050705
"7901009",118,0,1,0.022428,1,0,1,125.707951898305,1,4.86498820091893,266,1,15.9250001907349,36.0589981079102,0.0224280003458261,0.00700216321274638,121.21849822998,-86.7525,26.214,11.9214409752504,63,63,63,63,61,63,0,8046,1.33458767306251,26,-87,0.001869,51,2026-08-02 13:38:53.00145,266,1.037,0.0011,"aoml_navis",1027.7517217936
"7901009",118,0,1,0.022428,1,0,1,125.912143687786,1,4.8648935897165,268,1,15.831000328064,36.0449981689453,0.0224280003458261,0.00700216321274638,121.415397644043,-86.7525,26.214,11.9214409752504,63,63,63,63,61,63,0,8046,1.33458767306251,26,-87,0.001869,51,2026-08-02 13:38:53.00145,268,1.037,0.0011,"aoml_navis",1027.77170924542
"7901009",118,0,1,0.020559,1,-0.001869,1,126.642947431547,1,4.86482286962178,270,1,15.7650003433228,36.0330009460449,0.020558999851346,0.00560173019766808,122.120101928711,-86.7525,26.214,11.9214409752504,63,63,63,63,61,63,0,8046,1.33458767306251,26,-87,0.001869,51,2026-08-02 13:38:53.00145,270,1.037,0.0011,"aoml_navis",1027.78664999754
"7901009",118,0,1,0.020559,1,-0.001869,1,126.95104695395,1,4.86474129402878,272,1,15.6789999008179,36.0180015563965,0.020558999851346,0.00560173019766808,122.417198181152,-86.7525,26.214,11.9214409752504,63,63,63,63,61,63,0,8046,1.33458767306251,26,-87,0.001869,51,2026-08-02 13:38:53.00145,272,1.037,0.0011,"aoml_navis",1027.80388468699
"7901009",118,0,1,0.01869,1,-0.003738,1,125.309315850521,1,4.86466990643152,274,1,15.6120004653931,36.0060005187988,0.0186899993568659,0.00420129764825106,120.834098815918,-86.7525,26.214,11.9214409752504,63,63,63,63,61,63,0,8046,1.33458767306251,26,-87,0.001869,51,2026-08-02 13:38:53.00145,274,1.037,0.0011,"aoml_navis",1027.81896740611
"7901009",118,0,1,0.01869,1,-0.003738,1,123.40739212508,1,4.86456779053104,276,1,15.5100002288818,35.992000579834,0.0186899993568659,0.00420129764825106,119.000099182129,-86.7525,26.214,11.9214409752504,63,63,63,63,61,63,0,8046,1.33458767306251,26,-87,0.001869,51,2026-08-02 13:38:53.00145,276,1.037,0.0011,"aoml_navis",1027.84054314806
"7901009",118,0,1,0.020559,1,-0.001869,1,122.549348286835,1,4.8645123790964,278,1,15.4840002059937,35.9879989624023,0.020558999851346,0.00560173019766808,118.172698974609,-86.7525,26.214,11.9214409752504,63,63,63,63,61,63,0,8046,1.33458767306251,26,-87,0.001869,51,2026-08-02 13:38:53.00145,278,1.037,0.0011,"aoml_navis",1027.85225123197
"7901009",118,0,1,0.016821,1,-0.005607,1,122.937303192501,1,4.86443532216026,280,1,15.4180002212524,35.9780006408691,0.0168210007250309,0.00280086509883404,118.546798706055,-86.7525,26.214,11.9214409752504,63,63,63,63,61,63,0,8046,1.33458767306251,26,-87,0.001869,51,2026-08-02 13:38:53.00145,280,1.037,0.0011,"aoml_navis",1027.86853331612
"7901009",118,0,1,0.020559,1,-0.001869,1,123.844298309478,1,4.86436309083395,282,1,15.3629999160767,35.9700012207031,0.020558999851346,0.00560173019766808,119.421401977539,-86.7525,26.214,11.9214409752504,63,63,63,63,61,63,0,8046,1.33458767306251,26,-87,0.001869,51,2026-08-02 13:38:53.00145,282,1.037,0.0011,"aoml_navis",1027.88379622024
"7901009",118,0,1,0.024297,1,0.001869,1,123.984086767961,1,4.86428568529909,284,1,15.2930002212524,35.9589996337891,0.0242970008403063,0.00840259529650211,119.556198120117,-86.7525,26.214,11.9214409752504,63,63,63,63,61,63,0,8046,1.33458767306251,26,-87,0.001869,51,2026-08-02 13:38:53.00145,284,1.037,0.0011,"aoml_navis",1027.90015296821
"7901009",118,0,1,0.022428,1,0,1,124.189425791225,1,4.86424208752683,286,1,15.2709999084473,35.9529991149902,0.0224280003458261,0.00700216321274638,119.754203796387,-86.7525,26.214,11.9214409752504,63,63,63,63,61,63,0,8046,1.33458767306251,26,-87,0.001869,51,2026-08-02 13:38:53.00145,286,1.037,0.0011,"aoml_navis",1027.9093659465
"7901009",118,0,1,0.020559,1,-0.001869,1,125.2743687359,1,4.86414181021043,288,1,15.1660003662109,35.9379997253418,0.020558999851346,0.00560173019766808,120.800399780273,-86.7525,26.214,11.9214409752504,63,63,63,63,61,63,0,8046,1.33458767306251,26,-87,0.001869,51,2026-08-02 13:38:53.00145,288,1.037,0.0011,"aoml_navis",1027.93055693903
"7901009",118,0,1,0.022428,1,0,1,126.404117093773,1,4.86407332247275,290,1,15.0970001220703,35.9249992370605,0.0224280003458261,0.00700216321274638,121.889801025391,-86.7525,26.214,11.9214409752504,63,63,63,63,61,63,0,8046,1.33458767306251,26,-87,0.001869,51,2026-08-02 13:38:53.00145,290,1.037,0.0011,"aoml_navis",1027.94503053629
"7901009",118,0,1,0.022428,1,0,1,128.36100518536,1,4.86402601923449,292,1,15.0509996414185,35.9129981994629,0.0224280003458261,0.00700216321274638,123.776802062988,-86.7525,26.214,11.9214409752504,63,63,63,63,61,63,0,8046,1.33458767306251,26,-87,0.001869,51,2026-08-02 13:38:53.00145,292,1.037,0.0011,"aoml_navis",1027.95502742539
"7901009",118,0,1,0.020559,1,-0.001869,1,130.106746877154,1,4.86394856548799,294,1,14.9460000991821,35.8919982910156,0.020558999851346,0.00560173019766808,125.46019744873,-86.7525,26.214,11.9214409752504,63,63,63,63,61,63,0,8046,1.33458767306251,26,-87,0.001869,51,2026-08-02 13:38:53.00145,294,1.037,0.0011,"aoml_navis",1027.97139662976
"7901009",118,0,1,0.01869,1,-0.003738,1,130.612099402639,1,4.86383707519321,296,1,14.7810001373291,35.8629989624023,0.0186899993568659,0.00420129764825106,125.94750213623,-86.7525,26.214,11.9214409752504,63,63,63,63,61,63,0,8046,1.33458767306251,26,-87,0.001869,51,2026-08-02 13:38:53.00145,296,1.037,0.0011,"aoml_navis",1027.99496009051
"7901009",118,0,1,0.022428,1,0,1,130.442538249494,1,4.86377393390396,298,1,14.7159996032715,35.8499984741211,0.0224280003458261,0.00700216321274638,125.783996582031,-86.7525,26.214,11.9214409752504,63,63,63,63,61,63,0,8046,1.33458767306251,26,-87,0.001869,51,2026-08-02 13:38:53.00145,298,1.037,0.0011,"aoml_navis",1028.00830547375
"7901009",118,0,1,0.020559,1,-0.001869,1,130.369123199332,1,4.86368777644172,300,1,14.628999710083,35.8370018005371,0.020558999851346,0.00560173019766808,125.713203430176,-86.7525,26.214,11.9214409752504,63,63,63,63,61,63,0,8046,1.33458767306251,26,-87,0.001869,51,2026-08-02 13:38:53.00145,300,1.037,0.0011,"aoml_navis",1028.0265160561
"7901009",118,0,1,0.024297,1,0.001869,1,130.183073527538,1,4.86363689294328,302,1,14.6029996871948,35.8320007324219,0.0242970008403063,0.00840259529650211,125.533798217773,-86.7525,26.214,11.9214409752504,63,63,63,63,61,63,0,8046,1.33458767306251,26,-87,0.001869,51,2026-08-02 13:38:53.00145,302,1.037,0.0011,"aoml_navis",1028.03727129683
"7901009",118,0,1,0.020559,1,-0.001869,1,130.143561213656,1,4.86357125709956,304,1,14.5559997558594,35.8250007629395,0.020558999851346,0.00560173019766808,125.495697021484,-86.7525,26.214,11.9214409752504,63,63,63,63,61,63,0,8046,1.33458767306251,26,-87,0.001869,51,2026-08-02 13:38:53.00145,304,1.037,0.0011,"aoml_navis",1028.0511450719
"7901009",118,0,1,0.026166,1,0.003738,1,129.952645688231,1,4.86352050586002,306,1,14.5369997024536,35.8219985961914,0.0261659994721413,0.00980302784591913,125.311599731445,-86.7525,26.214,11.9214409752504,63,63,63,63,61,63,0,8046,1.33458767306251,26,-87,0.001869,51,2026-08-02 13:38:53.00145,306,1.037,0.0011,"aoml_navis",1028.0618728708
"7901009",118,0,1,0.020559,1,-0.001869,1,129.787546878905,1,4.86346286067551,308,1,14.5010004043579,35.8160018920898,0.020558999851346,0.00560173019766808,125.152397155762,-86.7525,26.214,11.9214409752504,63,63,63,63,61,63,0,8046,1.33458767306251,26,-87,0.001869,51,2026-08-02 13:38:53.00145,308,1.037,0.0011,"aoml_navis",1028.07405818362
"7901009",118,0,1,0.020559,1,-0.001869,1,129.602960919179,1,4.86340477608995,310,1,14.4680004119873,35.8110008239746,0.020558999851346,0.00560173019766808,124.974403381348,-86.7525,26.214,11.9214409752504,63,63,63,63,61,63,0,8046,1.33458767306251,26,-87,0.001869,51,2026-08-02 13:38:53.00145,310,1.037,0.0011,"aoml_navis",1028.0863366713
"7901009",118,0,1,0.01869,1,-0.003738,1,129.455798516655,1,4.86333834428303,312,1,14.4200000762939,35.8040008544922,0.0186899993568659,0.00420129764825106,124.832496643066,-86.7525,26.214,11.9214409752504,63,63,63,63,61,63,0,8046,1.33458767306251,26,-87,0.001869,51,2026-08-02 13:38:53.00145,312,1.037,0.0011,"aoml_navis",1028.10038003579
"7901009",118,0,1,0.022428,1,0,1,129.239161218617,1,4.86328349431688,314,1,14.3900003433228,35.798999786377,0.0224280003458261,0.00700216321274638,124.623596191406,-86.7525,26.214,11.9214409752504,63,63,63,63,61,63,0,8046,1.33458767306251,26,-87,0.001869,51,2026-08-02 13:38:53.00145,314,1.037,0.0011,"aoml_navis",1028.111975344
"7901009",118,0,1,0.022428,1,0,1,128.859711666861,1,4.86323232116935,316,1,14.3599996566772,35.7929992675781,0.0224280003458261,0.00700216321274638,124.257698059082,-86.7525,26.214,11.9214409752504,63,63,63,63,61,63,0,8046,1.33458767306251,26,-87,0.001869,51,2026-08-02 13:38:53.00145,316,1.037,0.0011,"aoml_navis",1028.1227936069
"7901009",118,0,1,0.020559,1,-0.001869,1,128.437228980302,1,4.86316869849392,318,1,14.3109998703003,35.7849998474121,0.020558999851346,0.00560173019766808,123.850303649902,-86.7525,26.214,11.9214409752504,63,63,63,63,61,63,0,8046,1.33458767306251,26,-87,0.001869,51,2026-08-02 13:38:53.00145,318,1.037,0.0011,"aoml_navis",1028.13624408063
"7901009",118,0,1,0.020559,1,-0.001869,1,128.191657655058,1,4.86308917105951,320,1,14.2290000915527,35.7719993591309,0.020558999851346,0.00560173019766808,123.613502502441,-86.7525,26.214,11.9214409752504,63,63,63,63,61,63,0,8046,1.33458767306251,26,-87,0.001869,51,2026-08-02 13:38:53.00145,320,1.037,0.0011,"aoml_navis",1028.15305747533
"7901009",118,0,1,0.022428,1,0,1,127.949717918133,1,4.86301302704817,322,1,14.1499996185303,35.7589988708496,0.0224280003458261,0.00700216321274638,123.38020324707,-86.7525,26.214,11.9214409752504,63,63,63,63,61,63,0,8046,1.33458767306251,26,-87,0.001869,51,2026-08-02 13:38:53.00145,322,1.037,0.0011,"aoml_navis",1028.16915607462
"7901009",118,0,1,0.020559,1,-0.001869,1,127.795505961811,1,4.86293444030701,324,1,14.0790004730225,35.7490005493164,0.020558999851346,0.00560173019766808,123.231498718262,-86.7525,26.214,11.9214409752504,63,63,63,63,61,63,0,8046,1.33458767306251,26,-87,0.001869,51,2026-08-02 13:38:53.00145,324,1.037,0.0011,"aoml_navis",1028.18577165197
"7901009",118,0,1,0.024297,1,0.001869,1,127.557609234978,1,4.86287652479798,326,1,14.0349998474121,35.7410011291504,0.0242970008403063,0.00840259529650211,123.002098083496,-86.7525,26.214,11.9214409752504,63,63,63,63,61,63,0,8046,1.33458767306251,26,-87,0.001869,51,2026-08-02 13:38:53.00145,326,1.037,0.0011,"aoml_navis",1028.19801705899
"7901009",118,0,1,0.020559,1,-0.001869,1,127.268901919488,1,4.86282382228312,328,1,13.996000289917,35.7330017089844,0.020558999851346,0.00560173019766808,122.723701477051,-86.7525,26.214,11.9214409752504,63,63,63,63,61,63,0,8046,1.33458767306251,26,-87,0.001869,51,2026-08-02 13:38:53.00145,328,1.037,0.0011,"aoml_navis",1028.20916050635
"7901009",118,0,1,0.020559,1,-0.001869,1,127.083896626035,1,4.86273163375239,330,1,13.8970003128052,35.7190017700195,0.020558999851346,0.00560173019766808,122.545303344727,-86.7525,26.214,11.9214409752504,63,63,63,63,61,63,0,8046,1.33458767306251,26,-87,0.001869,51,2026-08-02 13:38:53.00145,330,1.037,0.0011,"aoml_navis",1028.22865347839
"7901009",118,0,1,0.026166,1,0.003738,1,126.80431179711,1,4.86266997736731,332,1,13.8489999771118,35.7109985351562,0.0261659994721413,0.00980302784591913,122.275703430176,-86.7525,26.214,11.9214409752504,63,63,63,63,61,63,0,8046,1.33458767306251,26,-87,0.001869,51,2026-08-02 13:38:53.00145,332,1.037,0.0011,"aoml_navis",1028.24169093767
"7901009",118,0,1,0.016821,1,-0.005607,1,126.623863790961,1,4.86260347435289,334,1,13.7889995574951,35.701000213623,0.0168210007250309,0.00280086509883404,122.101699829102,-86.7525,26.214,11.9214409752504,63,63,63,63,61,63,0,8046,1.33458767306251,26,-87,0.001869,51,2026-08-02 13:38:53.00145,334,1.037,0.0011,"aoml_navis",1028.25575360438
"7901009",118,0,1,0.024297,1,0.001869,1,126.392399485271,1,4.86254100076111,336,1,13.7399997711182,35.693000793457,0.0242970008403063,0.00840259529650211,121.87850189209,-86.7525,26.214,11.9214409752504,63,63,63,63,61,63,0,8046,1.33458767306251,26,-87,0.001869,51,2026-08-02 13:38:53.00145,336,1.037,0.0011,"aoml_navis",1028.26896456346
"7901009",118,0,1,0.022428,1,0,1,126.165081045113,1,4.86248898556,338,1,13.7119998931885,35.6879997253418,0.0224280003458261,0.00700216321274638,121.659301757812,-86.7525,26.214,11.9214409752504,63,63,63,63,61,63,0,8046,1.33458767306251,26,-87,0.001869,51,2026-08-02 13:38:53.00145,338,1.037,0.0011,"aoml_navis",1028.27996420113
"7901009",118,0,1,0.022428,1,0,1,126.064899843997,1,4.8624201852108,340,1,13.6529998779297,35.6790008544922,0.0224280003458261,0.00700216321274638,121.562698364258,-86.7525,26.214,11.9214409752504,63,63,63,63,61,63,0,8046,1.33458767306251,26,-87,0.001869,51,2026-08-02 13:38:53.00145,340,1.037,0.0011,"aoml_navis",1028.2945137501
"7901009",118,0,1,0.022428,1,0,1,125.911423699687,1,4.86235534438871,342,1,13.6049995422363,35.6720008850098,0.0224280003458261,0.00700216321274638,121.414703369141,-86.7525,26.214,11.9214409752504,63,63,63,63,61,63,0,8046,1.33458767306251,26,-87,0.001869,51,2026-08-02 13:38:53.00145,342,1.037,0.0011,"aoml_navis",1028.30822633523
"7901009",118,0,1,0.026166,1,0.003738,1,125.72029455142,1,4.86230891479787,344,1,13.5860004425049,35.6679992675781,0.0261659994721413,0.00980302784591913,121.230400085449,-86.7525,26.214,11.9214409752504,63,63,63,63,61,63,0,8046,1.33458767306251,26,-87,0.001869,51,2026-08-02 13:38:53.00145,344,1.037,0.0011,"aoml_navis",1028.31804552423
"7901009",118,0,1,0.020559,1,-0.001869,1,125.425985570285,1,4.86226311851355,346,1,13.5640001296997,35.6629981994629,0.020558999851346,0.00560173019766808,120.946601867676,-86.7525,26.214,11.9214409752504,63,63,63,63,61,63,0,8046,1.33458767306251,26,-87,0.001869,51,2026-08-02 13:38:53.00145,346,1.037,0.0011,"aoml_navis",1028.32773096174
"7901009",118,0,1,0.01869,1,-0.003738,1,125.139556898448,1,4.86219277097605,348,1,13.5139999389648,35.6570014953613,0.0186899993568659,0.00420129764825106,120.670402526855,-86.7525,26.214,11.9214409752504,63,63,63,63,61,63,0,8046,1.33458767306251,26,-87,0.001869,51,2026-08-02 13:38:53.00145,348,1.037,0.0011,"aoml_navis",1028.34260908917
"7901009",118,0,1,0.022428,1,0,1,124.939716685385,1,4.86212847522607,350,1,13.4589996337891,35.6479988098145,0.0224280003458261,0.00700216321274638,120.477699279785,-86.7525,26.214,11.9214409752504,63,63,63,63,61,63,0,8046,1.33458767306251,26,-87,0.001869,51,2026-08-02 13:38:53.00145,350,1.037,0.0011,"aoml_navis",1028.35620767251
"7901009",118,0,1,0.024297,1,0.001869,1,124.69373393837,1,4.86208615002471,352,1,13.4440002441406,35.6440010070801,0.0242970008403063,0.00840259529650211,120.240501403809,-86.7525,26.214,11.9214409752504,63,63,63,63,61,63,0,8046,1.33458767306251,26,-87,0.001869,51,2026-08-02 13:38:53.00145,352,1.037,0.0011,"aoml_navis",1028.36515967011
"7901009",118,0,1,0.022428,1,0,1,124.50883150036,1,4.86201600243262,354,1,13.3830003738403,35.6349983215332,0.0224280003458261,0.00700216321274638,120.062202453613,-86.7525,26.214,11.9214409752504,63,63,63,63,61,63,0,8046,1.33458767306251,26,-87,0.001869,51,2026-08-02 13:38:53.00145,354,1.037,0.0011,"aoml_navis",1028.37999658955
"7901009",118,0,1,0.020559,1,-0.001869,1,124.331287182476,1,4.86194899119157,356,1,13.3249998092651,35.6259994506836,0.020558999851346,0.00560173019766808,119.890998840332,-86.7525,26.214,11.9214409752504,63,63,63,63,61,63,0,8046,1.33458767306251,26,-87,0.001869,51,2026-08-02 13:38:53.00145,356,1.037,0.0011,"aoml_navis",1028.39417053913
"7901009",118,0,1,0.022428,1,0,1,124.131557736813,1,4.86188809848733,358,1,13.2729997634888,35.617000579834,0.0224280003458261,0.00700216321274638,119.698402404785,-86.7525,26.214,11.9214409752504,63,63,63,63,61,63,0,8046,1.33458767306251,26,-87,0.001869,51,2026-08-02 13:38:53.00145,358,1.037,0.0011,"aoml_navis",1028.40705065911
"7901009",118,0,1,0.020559,1,-0.001869,1,123.933276179305,1,4.86183062407523,360,1,13.2390003204346,35.6119995117188,0.020558999851346,0.00560173019766808,119.507202148438,-86.7525,26.214,11.9214409752504,63,63,63,63,61,63,0,8046,1.33458767306251,26,-87,0.001869,51,2026-08-02 13:38:53.00145,360,1.037,0.0011,"aoml_navis",1028.41920803258
"7901009",118,0,1,0.020559,1,-0.001869,1,123.691122819538,1,4.86177783767749,362,1,13.206000328064,35.6059989929199,0.020558999851346,0.00560173019766808,119.273696899414,-86.7525,26.214,11.9214409752504,63,63,63,63,61,63,0,8046,1.33458767306251,26,-87,0.001869,51,2026-08-02 13:38:53.00145,362,1.037,0.0011,"aoml_navis",1028.43037401901
"7901009",118,0,1,0.020559,1,-0.001869,1,123.373584332285,1,4.86172043765034,364,1,13.1719999313354,35.601001739502,0.020558999851346,0.00560173019766808,118.967498779297,-86.7525,26.214,11.9214409752504,63,63,63,63,61,63,0,8046,1.33458767306251,26,-87,0.001869,51,2026-08-02 13:38:53.00145,364,1.037,0.0011,"aoml_navis",1028.44251620862
"7901009",118,0,1,0.022428,1,0,1,123.030221216976,1,4.86165553858533,366,1,13.1230001449585,35.5940017700195,0.0224280003458261,0.00700216321274638,118.63639831543,-86.7525,26.214,11.9214409752504,63,63,63,63,61,63,0,8046,1.33458767306251,26,-87,0.001869,51,2026-08-02 13:38:53.00145,366,1.037,0.0011,"aoml_navis",1028.45624506234
"7901009",118,0,1,0.024297,1,0.001869,1,122.62608635899,1,4.86159864392802,368,1,13.0819997787476,35.5870018005371,0.0242970008403063,0.00840259529650211,118.246696472168,-86.7525,26.214,11.9214409752504,63,63,63,63,61,63,0,8046,1.33458767306251,26,-87,0.001869,51,2026-08-02 13:38:53.00145,368,1.037,0.0011,"aoml_navis",1028.46828095216
"7901009",118,0,1,0.026166,1,0.003738,1,122.400745908115,1,4.86152406212556,370,1,13.0229997634888,35.5800018310547,0.0261659994721413,0.00980302784591913,118.029403686523,-86.7525,26.214,11.9214409752504,63,63,63,63,61,63,0,8046,1.33458767306251,26,-87,0.001869,51,2026-08-02 13:38:53.00145,370,1.037,0.0011,"aoml_navis",1028.48405892985
"7901009",118,0,1,0.020559,1,-0.001869,1,122.039747040374,1,4.86146593979308,372,1,12.9879999160767,35.5750007629395,0.020558999851346,0.00560173019766808,117.681297302246,-86.7525,26.214,11.9214409752504,63,63,63,63,61,63,0,8046,1.33458767306251,26,-87,0.001869,51,2026-08-02 13:38:53.00145,372,1.037,0.0011,"aoml_navis",1028.49635519874
"7901009",118,0,1,0.026166,1,0.003738,1,121.300754420989,1,4.86141053308063,374,1,12.9519996643066,35.5690002441406,0.0261659994721413,0.00980302784591913,116.968696594238,-86.7525,26.214,11.9214409752504,63,63,63,63,61,63,0,8046,1.33458767306251,26,-87,0.001869,51,2026-08-02 13:38:53.00145,374,1.037,0.0011,"aoml_navis",1028.50807722909
"7901009",118,0,1,0.020559,1,-0.001869,1,120.058078699071,1,4.86135867652166,376,1,12.9270000457764,35.564998626709,0.020558999851346,0.00560173019766808,115.770401000977,-86.7525,26.214,11.9214409752504,63,63,63,63,61,63,0,8046,1.33458767306251,26,-87,0.001869,51,2026-08-02 13:38:53.00145,376,1.037,0.0011,"aoml_navis",1028.5190484191
"7901009",118,0,1,0.024297,1,0.001869,1,118.539647535477,1,4.86129854602869,378,1,12.9010000228882,35.5629997253418,0.0242970008403063,0.00840259529650211,114.306198120117,-86.7525,26.214,11.9214409752504,63,63,63,63,61,63,0,8046,1.33458767306251,26,-87,0.001869,51,2026-08-02 13:38:53.00145,378,1.037,0.0011,"aoml_navis",1028.53177040209
"7901009",118,0,1,0.016821,1,-0.005607,1,116.582142311234,1,4.86124094144745,380,1,12.8850002288818,35.5629997253418,0.0168210007250309,0.00280086509883404,112.418601989746,-86.7525,26.214,11.9214409752504,63,63,63,63,61,63,0,8046,1.33458767306251,26,-87,0.001869,51,2026-08-02 13:38:53.00145,380,1.037,0.0011,"aoml_navis",1028.54395826577
"7901009",118,0,1,0.022428,1,0,1,114.921121856334,1,4.86116428784864,382,1,12.8570003509521,35.564998626709,0.0224280003458261,0.00700216321274638,110.816902160645,-86.7525,26.214,11.9214409752504,63,63,63,63,61,63,0,8046,1.33458767306251,26,-87,0.001869,51,2026-08-02 13:38:53.00145,382,1.037,0.0011,"aoml_navis",1028.56017693095
"7901009",118,0,1,0.022428,1,0,1,114.563446010586,1,4.86108291660559,384,1,12.7980003356934,35.560001373291,0.0224280003458261,0.00700216321274638,110.47200012207,-86.7525,26.214,11.9214409752504,63,63,63,63,61,63,0,8046,1.33458767306251,26,-87,0.001869,51,2026-08-02 13:38:53.00145,384,1.037,0.0011,"aoml_navis",1028.57739433324
"7901009",118,0,1,0.024297,1,0.001869,1,114.863665223693,1,4.86100804307407,386,1,12.7229995727539,35.548999786377,0.0242970008403063,0.00840259529650211,110.761497497559,-86.7525,26.214,11.9214409752504,63,63,63,63,61,63,0,8046,1.33458767306251,26,-87,0.001869,51,2026-08-02 13:38:53.00145,386,1.037,0.0011,"aoml_navis",1028.5932373891
"7901009",118,0,1,0.024297,1,0.001869,1,114.928171410133,1,4.86093341140634,388,1,12.6479997634888,35.5379981994629,0.0242970008403063,0.00840259529650211,110.823699951172,-86.7525,26.214,11.9214409752504,63,63,63,63,61,63,0,8046,1.33458767306251,26,-87,0.001869,51,2026-08-02 13:38:53.00145,388,1.037,0.0011,"aoml_navis",1028.60902975287
"7901009",118,0,1,0.022428,1,0,1,114.84831602687,1,4.86087417668545,390,1,12.6000003814697,35.5299987792969,0.0224280003458261,0.00700216321274638,110.746696472168,-86.7525,26.214,11.9214409752504,63,63,63,63,61,63,0,8046,1.33458767306251,26,-87,0.001869,51,2026-08-02 13:38:53.00145,390,1.037,0.0011,"aoml_navis",1028.6215644054
"7901009",118,0,1,0.020559,1,-0.001869,1,114.704895980066,1,4.86081932881389,392,1,12.5640001296997,35.523998260498,0.020558999851346,0.00560173019766808,110.6083984375,-86.7525,26.214,11.9214409752504,63,63,63,63,61,63,0,8046,1.33458767306251,26,-87,0.001869,51,2026-08-02 13:38:53.00145,392,1.037,0.0011,"aoml_navis",1028.63317102964
"7901009",118,0,1,0.024297,1,0.001869,1,114.569981287172,1,4.86076590202628,394,1,12.5369997024536,35.5200004577637,0.0242970008403063,0.00840259529650211,110.478302001953,-86.7525,26.214,11.9214409752504,63,63,63,63,61,63,0,8046,1.33458767306251,26,-87,0.001869,51,2026-08-02 13:38:53.00145,394,1.037,0.0011,"aoml_navis",1028.64447718325
"7901009",118,0,1,0.022428,1,0,1,114.547685391993,1,4.86070302890202,396,1,12.4849996566772,35.5120010375977,0.0224280003458261,0.00700216321274638,110.456802368164,-86.7525,26.214,11.9214409752504,63,63,63,63,61,63,0,8046,1.33458767306251,26,-87,0.001869,51,2026-08-02 13:38:53.00145,396,1.037,0.0011,"aoml_navis",1028.65778268487
"7901009",118,0,1,0.022428,1,0,1,114.609382833654,1,4.86064546176712,398,1,12.4460000991821,35.5060005187988,0.0224280003458261,0.00700216321274638,110.516296386719,-86.7525,26.214,11.9214409752504,63,63,63,63,61,63,0,8046,1.33458767306251,26,-87,0.001869,51,2026-08-02 13:38:53.00145,398,1.037,0.0011,"aoml_navis",1028.66996561033
"7901009",118,0,1,0.022428,1,0,1,114.489089437526,1,4.86059697785244,400,1,12.423999786377,35.5019989013672,0.0224280003458261,0.00700216321274638,110.400299072266,-86.7525,26.214,11.9214409752504,63,63,63,63,61,63,0,8046,1.33458767306251,26,-87,0.001869,51,2026-08-02 13:38:53.00145,400,1.037,0.0011,"aoml_navis",1028.68022647892
"7901009",118,0,1,0.022428,1,0,1,114.384350949106,1,4.86053434464914,402,1,12.3719997406006,35.4939994812012,0.0224280003458261,0.00700216321274638,110.299301147461,-86.7525,26.214,11.9214409752504,63,63,63,63,61,63,0,8046,1.33458767306251,26,-87,0.001869,51,2026-08-02 13:38:53.00145,402,1.037,0.0011,"aoml_navis",1028.69348212803
"7901009",118,0,1,0.022428,1,0,1,114.152775876015,1,4.8604758238521,404,1,12.3280000686646,35.4869995117188,0.0224280003458261,0.00700216321274638,110.075996398926,-86.7525,26.214,11.9214409752504,63,63,63,63,61,63,0,8046,1.33458767306251,26,-87,0.001869,51,2026-08-02 13:38:53.00145,404,1.037,0.0011,"aoml_navis",1028.70586773896
"7901009",118,0,1,0.026166,1,0.003738,1,113.959787417823,1,4.86040958015917,406,1,12.2720003128052,35.4790000915527,0.0261659994721413,0.00980302784591913,109.88990020752,-86.7525,26.214,11.9214409752504,63,63,63,63,61,63,0,8046,1.33458767306251,26,-87,0.001869,51,2026-08-02 13:38:53.00145,406,1.037,0.0011,"aoml_navis",1028.71988821902
"7901009",118,0,1,0.026166,1,0.003738,1,114.01070877388,1,4.86033146226383,408,1,12.1879997253418,35.4669990539551,0.0261659994721413,0.00980302784591913,109.939002990723,-86.7525,26.214,11.9214409752504,63,63,63,63,61,63,0,8046,1.33458767306251,26,-87,0.001869,51,2026-08-02 13:38:53.00145,408,1.037,0.0011,"aoml_navis",1028.73642236555
"7901009",118,0,1,0.026166,1,0.003738,1,113.987890689531,1,4.86027531717172,410,1,12.1499996185303,35.4609985351562,0.0261659994721413,0.00980302784591913,109.916999816895,-86.7525,26.214,11.9214409752504,63,63,63,63,61,63,0,8046,1.33458767306251,26,-87,0.001869,51,2026-08-02 13:38:53.00145,410,1.037,0.0011,"aoml_navis",1028.7483061576
"7901009",118,0,1,0.024297,1,0.001869,1,113.974828048318,1,4.86019964380009,412,1,12.0719995498657,35.4500007629395,0.0242970008403063,0.00840259529650211,109.904403686523,-86.7525,26.214,11.9214409752504,63,63,63,63,61,63,0,8046,1.33458767306251,26,-87,0.001869,51,2026-08-02 13:38:53.00145,412,1.037,0.0011,"aoml_navis",1028.7643237821
"7901009",118,0,1,0.024297,1,0.001869,1,113.89165755502,1,4.86014663509612,414,1,12.0410003662109,35.4449996948242,0.0242970008403063,0.00840259529650211,109.824203491211,-86.7525,26.214,11.9214409752504,63,63,63,63,61,63,0,8046,1.33458767306251,26,-87,0.001869,51,2026-08-02 13:38:53.00145,414,1.037,0.0011,"aoml_navis",1028.77554432082
"7901009",118,0,1,0.028035,1,0.005607,1,113.680827633511,1,4.8601004888583,416,1,12.0249996185303,35.4420013427734,0.0280349999666214,0.0112034603953362,109.620903015137,-86.7525,26.214,11.9214409752504,63,63,63,63,61,63,0,8046,1.33458767306251,26,-87,0.001869,51,2026-08-02 13:38:53.00145,416,1.037,0.0011,"aoml_navis",1028.78531245648
"7901009",118,0,1,0.029904,1,0.007476,1,113.503702649355,1,4.86005413492939,418,1,12.0010004043579,35.4370002746582,0.0299040004611015,0.0126038929447532,109.450103759766,-86.7525,26.214,11.9214409752504,63,63,63,63,61,63,0,8046,1.33458767306251,26,-87,0.001869,51,2026-08-02 13:38:53.00145,418,1.037,0.0011,"aoml_navis",1028.7951247425
"7901009",118,0,1,0.024297,1,0.001869,1,113.366809967179,1,4.85998019176449,420,1,11.9359998703003,35.4290008544922,0.0242970008403063,0.00840259529650211,109.318099975586,-86.7525,26.214,11.9214409752504,63,63,63,63,61,63,0,8046,1.33458767306251,26,-87,0.001869,51,2026-08-02 13:38:53.00145,420,1.037,0.0011,"aoml_navis",1028.81077755683
"7901009",118,0,1,0.026166,1,0.003738,1,113.090753871132,1,4.85992537428412,422,1,11.8990001678467,35.4230003356934,0.0261659994721413,0.00980302784591913,109.051902770996,-86.7525,26.214,11.9214409752504,63,63,63,63,61,63,0,8046,1.33458767306251,26,-87,0.001869,51,2026-08-02 13:38:53.00145,422,1.037,0.0011,"aoml_navis",1028.82238201785
"7901009",118,0,1,0.026166,1,0.003738,1,112.776530493914,1,4.85986218121632,424,1,11.8529996871948,35.4169998168945,0.0261659994721413,0.00980302784591913,108.748901367188,-86.7525,26.214,11.9214409752504,63,63,63,63,61,63,0,8046,1.33458767306251,26,-87,0.001869,51,2026-08-02 13:38:53.00145,424,1.037,0.0011,"aoml_navis",1028.83575985453
"7901009",118,0,1,0.022428,1,0,1,112.619937038497,1,4.8598015599106,426,1,11.793999671936,35.4070014953613,0.0224280003458261,0.00700216321274638,108.597900390625,-86.7525,26.214,11.9214409752504,63,63,63,63,61,63,0,8046,1.33458767306251,26,-87,0.001869,51,2026-08-02 13:38:53.00145,426,1.037,0.0011,"aoml_navis",1028.84859358166
"7901009",118,0,1,0.026166,1,0.003738,1,112.553460774733,1,4.85973651328811,428,1,11.7340002059937,35.3979988098145,0.0261659994721413,0.00980302784591913,108.533798217773,-86.7525,26.214,11.9214409752504,63,63,63,63,61,63,0,8046,1.33458767306251,26,-87,0.001869,51,2026-08-02 13:38:53.00145,428,1.037,0.0011,"aoml_navis",1028.86236451881
"7901009",118,0,1,0.024297,1,0.001869,1,112.437107533253,1,4.85966789168316,430,1,11.6700000762939,35.3889999389648,0.0242970008403063,0.00840259529650211,108.421600341797,-86.7525,26.214,11.9214409752504,63,63,63,63,61,63,0,8046,1.33458767306251,26,-87,0.001869,51,2026-08-02 13:38:53.00145,430,1.037,0.0011,"aoml_navis",1028.87689271051
"7901009",118,0,1,0.024297,1,0.001869,1,112.387539121866,1,4.85960041612973,432,1,11.6110000610352,35.3810005187988,0.0242970008403063,0.00840259529650211,108.373802185059,-86.7525,26.214,11.9214409752504,63,63,63,63,61,63,0,8046,1.33458767306251,26,-87,0.001869,51,2026-08-02 13:38:53.00145,432,1.037,0.0011,"aoml_navis",1028.89117866651
"7901009",118,0,1,0.026166,1,0.003738,1,112.215390758741,1,4.85954879099181,434,1,11.5690002441406,35.3730010986328,0.0261659994721413,0.00980302784591913,108.207801818848,-86.7525,26.214,11.9214409752504,63,63,63,63,61,63,0,8046,1.33458767306251,26,-87,0.001869,51,2026-08-02 13:38:53.00145,434,1.037,0.0011,"aoml_navis",1028.90210903295
"7901009",118,0,1,0.031773,1,0.009345,1,112.147466606823,1,4.85948064588698,436,1,11.5089998245239,35.3650016784668,0.0317730009555817,0.0140043264254928,108.142303466797,-86.7525,26.214,11.9214409752504,63,63,63,63,61,63,0,8046,1.33458767306251,26,-87,0.001869,51,2026-08-02 13:38:53.00145,436,1.037,0.0011,"aoml_navis",1028.9165374559
"7901009",118,0,1,0.024297,1,0.001869,1,112.05776083694,1,4.85942650049305,438,1,11.4759998321533,35.3600006103516,0.0242970008403063,0.00840259529650211,108.055801391602,-86.7525,26.214,11.9214409752504,63,63,63,63,61,63,0,8046,1.33458767306251,26,-87,0.001869,51,2026-08-02 13:38:53.00145,438,1.037,0.0011,"aoml_navis",1028.92800199626
"7901009",118,0,1,0.029904,1,0.007476,1,111.93362222965,1,4.85937148035466,440,1,11.4420003890991,35.3549995422363,0.0299040004611015,0.0126038929447532,107.936096191406,-86.7525,26.214,11.9214409752504,63,63,63,63,61,63,0,8046,1.33458767306251,26,-87,0.001869,51,2026-08-02 13:38:53.00145,440,1.037,0.0011,"aoml_navis",1028.93965201341
"7901009",118,0,1,0.026166,1,0.003738,1,111.922735376646,1,4.85930181933544,442,1,11.3760004043579,35.3460006713867,0.0261659994721413,0.00980302784591913,107.925598144531,-86.7525,26.214,11.9214409752504,63,63,63,63,61,63,0,8046,1.33458767306251,26,-87,0.001869,51,2026-08-02 13:38:53.00145,442,1.037,0.0011,"aoml_navis",1028.95440248324
"7901009",118,0,1,0.026166,1,0.003738,1,111.781910451778,1,4.85924785887397,444,1,11.335000038147,35.3390007019043,0.0261659994721413,0.00980302784591913,107.78980255127,-86.7525,26.214,11.9214409752504,63,63,63,63,61,63,0,8046,1.33458767306251,26,-87,0.001869,51,2026-08-02 13:38:53.00145,444,1.037,0.0011,"aoml_navis",1028.96582870721
"7901009",118,0,1,0.028035,1,0.005607,1,111.645642814215,1,4.85918664733313,446,1,11.293999671936,35.3339996337891,0.0280349999666214,0.0112034603953362,107.658401489258,-86.7525,26.214,11.9214409752504,63,63,63,63,61,63,0,8046,1.33458767306251,26,-87,0.001869,51,2026-08-02 13:38:53.00145,446,1.037,0.0011,"aoml_navis",1028.97879066739
"7901009",118,0,1,0.026166,1,0.003738,1,111.536544837419,1,4.85912554439618,448,1,11.2449998855591,35.3269996643066,0.0261659994721413,0.00980302784591913,107.553199768066,-86.7525,26.214,11.9214409752504,63,63,63,63,61,63,0,8046,1.33458767306251,26,-87,0.001869,51,2026-08-02 13:38:53.00145,448,1.037,0.0011,"aoml_navis",1028.99172995567
"7901009",118,0,1,0.028035,1,0.005607,1,111.434187848094,1,4.8590753486403,450,1,11.2200002670288,35.3230018615723,0.0280349999666214,0.0112034603953362,107.454498291016,-86.7525,26.214,11.9214409752504,63,63,63,63,61,63,0,8046,1.33458767306251,26,-87,0.001869,51,2026-08-02 13:38:53.00145,450,1.037,0.0011,"aoml_navis",1029.00235975948
"7901009",118,0,1,0.028035,1,0.005607,1,111.315967384732,1,4.85901353643453,452,1,11.1660003662109,35.314998626709,0.0280349999666214,0.0112034603953362,107.34049987793,-86.7525,26.214,11.9214409752504,63,63,63,63,61,63,0,8046,1.33458767306251,26,-87,0.001869,51,2026-08-02 13:38:53.00145,452,1.037,0.0011,"aoml_navis",1029.01544984559
"7901009",118,0,1,0.028035,1,0.005607,1,111.282056736495,1,4.85894193711183,454,1,11.0970001220703,35.3059997558594,0.0280349999666214,0.0112034603953362,107.307800292969,-86.7525,26.214,11.9214409752504,63,63,63,63,61,63,0,8046,1.33458767306251,26,-87,0.001869,51,2026-08-02 13:38:53.00145,454,1.037,0.0011,"aoml_navis",1029.03061298403
"7901009",118,0,1,0.028035,1,0.005607,1,111.159896118486,1,4.85888749647906,456,1,11.0590000152588,35.2999992370605,0.0280349999666214,0.0112034603953362,107.190002441406,-86.7525,26.214,11.9214409752504,63,63,63,63,61,63,0,8046,1.33458767306251,26,-87,0.001869,51,2026-08-02 13:38:53.00145,456,1.037,0.0011,"aoml_navis",1029.042142594
"7901009",118,0,1,0.028035,1,0.005607,1,111.075997725132,1,4.8588224429883,458,1,11.0010004043579,35.2919998168945,0.0280349999666214,0.0112034603953362,107.109100341797,-86.7525,26.214,11.9214409752504,63,63,63,63,61,63,0,8046,1.33458767306251,26,-87,0.001869,51,2026-08-02 13:38:53.00145,458,1.037,0.0011,"aoml_navis",1029.05592016754
"7901009",118,0,1,0.029904,1,0.007476,1,111.061273572923,1,4.85874702515382,460,1,10.918999671936,35.2809982299805,0.0299040004611015,0.0126038929447532,107.094902038574,-86.7525,26.214,11.9214409752504,63,63,63,63,61,63,0,8046,1.33458767306251,26,-87,0.001869,51,2026-08-02 13:38:53.00145,460,1.037,0.0011,"aoml_navis",1029.07189325044
"7901009",118,0,1,0.024297,1,0.001869,1,111.004133418566,1,4.85868848685458,462,1,10.8719997406006,35.273998260498,0.0242970008403063,0.00840259529650211,107.03980255127,-86.7525,26.214,11.9214409752504,63,63,63,63,61,63,0,8046,1.33458767306251,26,-87,0.001869,51,2026-08-02 13:38:53.00145,462,1.037,0.0011,"aoml_navis",1029.08429168236
"7901009",118,0,1,0.029904,1,0.007476,1,110.807299749212,1,4.85864134192912,464,1,10.8500003814697,35.2700004577637,0.0299040004611015,0.0126038929447532,106.849998474121,-86.7525,26.214,11.9214409752504,63,63,63,63,61,63,0,8046,1.33458767306251,26,-87,0.001869,51,2026-08-02 13:38:53.00145,464,1.037,0.0011,"aoml_navis",1029.09427721099
"7901009",118,0,1,0.028035,1,0.005607,1,110.59947637141,1,4.85858550980383,466,1,10.8100004196167,35.2639999389648,0.0280349999666214,0.0112034603953362,106.649597167969,-86.7525,26.214,11.9214409752504,63,63,63,63,61,63,0,8046,1.33458767306251,26,-87,0.001869,51,2026-08-02 13:38:53.00145,466,1.037,0.0011,"aoml_navis",1029.1061029822
"7901009",118,0,1,0.026166,1,0.003738,1,110.350795647016,1,4.858516519803,468,1,10.7510004043579,35.2569999694824,0.0261659994721413,0.00980302784591913,106.409797668457,-86.7525,26.214,11.9214409752504,63,63,63,63,61,63,0,8046,1.33458767306251,26,-87,0.001869,51,2026-08-02 13:38:53.00145,468,1.037,0.0011,"aoml_navis",1029.12071609108
"7901009",118,0,1,0.029904,1,0.007476,1,110.02693550602,1,4.8584580752751,470,1,10.7119998931885,35.2519989013672,0.0299040004611015,0.0126038929447532,106.097503662109,-86.7525,26.214,11.9214409752504,63,63,63,63,61,63,0,8046,1.33458767306251,26,-87,0.001869,51,2026-08-02 13:38:53.00145,470,1.037,0.0011,"aoml_navis",1029.13309583656
"7901009",118,0,1,0.029904,1,0.007476,1,109.761038362921,1,4.85839804832861,472,1,10.6669998168945,35.2459983825684,0.0299040004611015,0.0126038929447532,105.841102600098,-86.7525,26.214,11.9214409752504,63,63,63,63,61,63,0,8046,1.33458767306251,26,-87,0.001869,51,2026-08-02 13:38:53.00145,472,1.037,0.0011,"aoml_navis",1029.14581108069
"7901009",118,0,1,0.029904,1,0.007476,1,109.219187979219,1,4.85833089720019,474,1,10.6180000305176,35.2410011291504,0.0299040004611015,0.0126038929447532,105.318603515625,-86.7525,26.214,11.9214409752504,63,63,63,63,61,63,0,8046,1.33458767306251,26,-87,0.001869,51,2026-08-02 13:38:53.00145,474,1.037,0.0011,"aoml_navis",1029.16003578131
"7901009",118,0,1,0.028035,1,0.005607,1,108.844604281094,1,4.85827297686359,476,1,10.5959997177124,35.2400016784668,0.0280349999666214,0.0112034603953362,104.957397460938,-86.7525,26.214,11.9214409752504,63,63,63,63,61,63,0,8046,1.33458767306251,26,-87,0.001869,51,2026-08-02 13:38:53.00145,476,1.037,0.0011,"aoml_navis",1029.17230542857
"7901009",118,0,1,0.029904,1,0.007476,1,108.41776210616,1,4.85822742578261,478,1,10.5880002975464,35.2389984130859,0.0299040004611015,0.0126038929447532,104.545799255371,-86.7525,26.214,11.9214409752504,63,63,63,63,61,63,0,8046,1.33458767306251,26,-87,0.001869,51,2026-08-02 13:38:53.00145,478,1.037,0.0011,"aoml_navis",1029.18195502026
"7901009",118,0,1,0.029904,1,0.007476,1,107.709467880419,1,4.85817157579963,480,1,10.5600004196167,35.2360000610352,0.0299040004611015,0.0126038929447532,103.862800598145,-86.7525,26.214,11.9214409752504,63,63,63,63,61,63,0,8046,1.33458767306251,26,-87,0.001869,51,2026-08-02 13:38:53.00145,480,1.037,0.0011,"aoml_navis",1029.19378658977
"7901009",118,0,1,0.028035,1,0.005607,1,106.951083054121,1,4.85811282270443,482,1,10.5369997024536,35.2350006103516,0.0280349999666214,0.0112034603953362,103.131500244141,-86.7525,26.214,11.9214409752504,63,63,63,63,61,63,0,8046,1.33458767306251,26,-87,0.001869,51,2026-08-02 13:38:53.00145,482,1.037,0.0011,"aoml_navis",1029.20623346425
"7901009",118,0,1,0.026166,1,0.003738,1,106.604088350491,1,4.8580619985987,484,1,10.5229997634888,35.234001159668,0.0261659994721413,0.00980302784591913,102.796897888184,-86.7525,26.214,11.9214409752504,63,63,63,63,61,63,0,8046,1.33458767306251,26,-87,0.001869,51,2026-08-02 13:38:53.00145,484,1.037,0.0011,"aoml_navis",1029.21700082095
"7901009",118,0,1,0.031773,1,0.009345,1,106.335912563741,1,4.85799498065862,486,1,10.4779996871948,35.2299995422363,0.0317730009555817,0.0140043264254928,102.538299560547,-86.7525,26.214,11.9214409752504,63,63,63,63,61,63,0,8046,1.33458767306251,26,-87,0.001869,51,2026-08-02 13:38:53.00145,486,1.037,0.0011,"aoml_navis",1029.23119927187
"7901009",118,0,1,0.029904,1,0.007476,1,106.37221262303,1,4.85793187749849,488,1,10.4289999008179,35.2239990234375,0.0299040004611015,0.0126038929447532,102.573303222656,-86.7525,26.214,11.9214409752504,63,63,63,63,61,63,0,8046,1.33458767306251,26,-87,0.001869,51,2026-08-02 13:38:53.00145,488,1.037,0.0011,"aoml_navis",1029.24456869384
"7901009",118,0,1,0.029904,1,0.007476,1,106.413687102279,1,4.8578840666538,490,1,10.4099998474121,35.2210006713867,0.0299040004611015,0.0126038929447532,102.613296508789,-86.7525,26.214,11.9214409752504,63,63,63,63,61,63,0,8046,1.33458767306251,26,-87,0.001869,51,2026-08-02 13:38:53.00145,490,1.037,0.0011,"aoml_navis",1029.25469842348
"7901009",118,0,1,0.029904,1,0.007476,1,106.412753491338,1,4.85783313720639,492,1,10.378999710083,35.2159996032715,0.0299040004611015,0.0126038929447532,102.612396240234,-86.7525,26.214,11.9214409752504,63,63,63,63,61,63,0,8046,1.33458767306251,26,-87,0.001869,51,2026-08-02 13:38:53.00145,492,1.037,0.0011,"aoml_navis",1029.26548911381
"7901009",118,0,1,0.029904,1,0.007476,1,106.408093348592,1,4.85777701877083,494,1,10.3420000076294,35.2109985351562,0.0299040004611015,0.0126038929447532,102.607902526855,-86.7525,26.214,11.9214409752504,63,63,63,63,61,63,0,8046,1.33458767306251,26,-87,0.001869,51,2026-08-02 13:38:53.00145,494,1.037,0.0011,"aoml_navis",1029.2773794844
"7901009",118,0,1,0.026166,1,0.003738,1,106.662059260346,1,4.85772065327214,496,1,10.2919998168945,35.2029991149902,0.0261659994721413,0.00980302784591913,102.852798461914,-86.7525,26.214,11.9214409752504,63,63,63,63,61,63,0,8046,1.33458767306251,26,-87,0.001869,51,2026-08-02 13:38:53.00145,496,1.037,0.0011,"aoml_navis",1029.28932247926
"7901009",118,0,1,0.029904,1,0.007476,1,107.047735522359,1,4.85764270072269,498,1,10.1999998092651,35.1910018920898,0.0299040004611015,0.0126038929447532,103.224700927734,-86.7525,26.214,11.9214409752504,63,63,63,63,61,63,0,8046,1.33458767306251,26,-87,0.001869,51,2026-08-02 13:38:53.00145,498,1.037,0.0011,"aoml_navis",1029.3058398997
"7901009",118,0,1,0.026166,1,0.003738,1,107.133912559364,1,4.85758299200608,500,1,10.1499996185303,35.1839981079102,0.0261659994721413,0.00980302784591913,103.307800292969,-86.7525,26.214,11.9214409752504,63,63,63,63,61,63,0,8046,1.33458767306251,26,-87,0.001869,51,2026-08-02 13:38:53.00145,500,1.037,0.0011,"aoml_navis",1029.31849198012
"7901009",118,0,1,0.026166,1,0.003738,1,107.018698639711,1,4.85754098355335,502,1,10.1459999084473,35.1829986572266,0.0261659994721413,0.00980302784591913,103.196701049805,-86.7525,26.214,11.9214409752504,63,63,63,63,61,63,0,8046,1.33458767306251,26,-87,0.001869,51,2026-08-02 13:38:53.00145,502,1.037,0.0011,"aoml_navis",1029.32739361932
"7901009",118,0,1,0.028035,1,0.005607,1,106.964145695334,1,4.85748843087522,504,1,10.1169996261597,35.1790008544922,0.0280349999666214,0.0112034603953362,103.144096374512,-86.7525,26.214,11.9214409752504,63,63,63,63,61,63,0,8046,1.33458767306251,26,-87,0.001869,51,2026-08-02 13:38:53.00145,504,1.037,0.0011,"aoml_navis",1029.33852980873
"7901009",118,0,1,0.029904,1,0.007476,1,106.803303518941,1,4.85743162655251,506,1,10.0830001831055,35.1749992370605,0.0299040004611015,0.0126038929447532,102.988998413086,-86.7525,26.214,11.9214409752504,63,63,63,63,61,63,0,8046,1.33458767306251,26,-87,0.001869,51,2026-08-02 13:38:53.00145,506,1.037,0.0011,"aoml_navis",1029.35056721502
"7901009",118,0,1,0.033642,1,0.011214,1,106.524755156399,1,4.857375246245,508,1,10.0579996109009,35.1730003356934,0.0336420014500618,0.0154047571122646,102.720397949219,-86.7525,26.214,11.9214409752504,63,63,63,63,61,63,0,8046,1.33458767306251,26,-87,0.001869,51,2026-08-02 13:38:53.00145,508,1.037,0.0011,"aoml_navis",1029.36251504663
"7901009",118,0,1,0.026166,1,0.003738,1,106.431219999268,1,4.85731485423087,510,1,10.0240001678467,35.1699981689453,0.0261659994721413,0.00980302784591913,102.63020324707,-86.7525,26.214,11.9214409752504,63,63,63,63,61,63,0,8046,1.33458767306251,26,-87,0.001869,51,2026-08-02 13:38:53.00145,510,1.037,0.0011,"aoml_navis",1029.37531332663
"7901009",118,0,1,0.028035,1,0.005607,1,106.244861761147,1,4.85727052384327,512,1,10.0129995346069,35.1679992675781,0.0280349999666214,0.0112034603953362,102.450500488281,-86.7525,26.214,11.9214409752504,63,63,63,63,61,63,0,8046,1.33458767306251,26,-87,0.001869,51,2026-08-02 13:38:53.00145,512,1.037,0.0011,"aoml_navis",1029.38470802812
"7901009",118,0,1,0.028035,1,0.005607,1,106.227233920672,1,4.8572198343769,514,1,9.98600006103516,35.1640014648438,0.0280349999666214,0.0112034603953362,102.433502197266,-86.7525,26.214,11.9214409752504,63,63,63,63,61,63,0,8046,1.33458767306251,26,-87,0.001869,51,2026-08-02 13:38:53.00145,514,1.037,0.0011,"aoml_navis",1029.39545058525
"7901009",118,0,1,0.029904,1,0.007476,1,106.383202331477,1,4.85715313409979,516,1,9.92300033569336,35.1559982299805,0.0299040004611015,0.0126038929447532,102.58390045166,-86.7525,26.214,11.9214409752504,63,63,63,63,61,63,0,8046,1.33458767306251,26,-87,0.001869,51,2026-08-02 13:38:53.00145,516,1.037,0.0011,"aoml_navis",1029.40958663571
"7901009",118,0,1,0.026166,1,0.003738,1,106.479435465988,1,4.85709312993014,518,1,9.87199974060059,35.148998260498,0.0261659994721413,0.00980302784591913,102.676696777344,-86.7525,26.214,11.9214409752504,63,63,63,63,61,63,0,8046,1.33458767306251,26,-87,0.001869,51,2026-08-02 13:38:53.00145,518,1.037,0.0011,"aoml_navis",1029.42230388568
"7901009",118,0,1,0.029904,1,0.007476,1,106.708312561698,1,4.85702927343281,520,1,9.8120002746582,35.140998840332,0.0299040004611015,0.0126038929447532,102.897399902344,-86.7525,26.214,11.9214409752504,63,63,63,63,61,63,0,8046,1.33458767306251,26,-87,0.001869,51,2026-08-02 13:38:53.00145,520,1.037,0.0011,"aoml_navis",1029.43583794094
"7901009",118,0,1,0.029904,1,0.007476,1,106.819997748474,1,4.85696079246756,522,1,9.74199962615967,35.1319999694824,0.0299040004611015,0.0126038929447532,103.005096435547,-86.7525,26.214,11.9214409752504,63,63,63,63,61,63,0,8046,1.33458767306251,26,-87,0.001869,51,2026-08-02 13:38:53.00145,522,1.037,0.0011,"aoml_navis",1029.4503525238
"7901009",118,0,1,0.031773,1,0.009345,1,106.782977701087,1,4.85690173387482,524,1,9.69600009918213,35.1259994506836,0.0317730009555817,0.0140043264254928,102.969398498535,-86.7525,26.214,11.9214409752504,63,63,63,63,61,63,0,8046,1.33458767306251,26,-87,0.001869,51,2026-08-02 13:38:53.00145,524,1.037,0.0011,"aoml_navis",1029.46287035769
"7901009",118,0,1,0.028035,1,0.005607,1,106.786197867637,1,4.85684910483381,526,1,9.67500019073486,35.1240005493164,0.0280349999666214,0.0112034603953362,102.972503662109,-86.7525,26.214,11.9214409752504,63,63,63,63,61,63,0,8046,1.33458767306251,26,-87,0.001869,51,2026-08-02 13:38:53.00145,526,1.037,0.0011,"aoml_navis",1029.47402566485
"7901009",118,0,1,0.026166,1,0.003738,1,107.068164195656,1,4.85679933463627,528,1,9.65299987792969,35.1209983825684,0.0261659994721413,0.00980302784591913,103.244400024414,-86.7525,26.214,11.9214409752504,63,63,63,63,61,63,0,8046,1.33458767306251,26,-87,0.001869,51,2026-08-02 13:38:53.00145,528,1.037,0.0011,"aoml_navis",1029.48457523095
"7901009",118,0,1,0.033642,1,0.011214,1,107.679703097715,1,4.85673875107415,530,1,9.60499954223633,35.1150016784668,0.0336420014500618,0.0154047571122646,103.834098815918,-86.7525,26.214,11.9214409752504,63,63,63,63,61,63,0,8046,1.33458767306251,26,-87,0.001869,51,2026-08-02 13:38:53.00145,530,1.037,0.0011,"aoml_navis",1029.49741714935
"7901009",118,0,1,0.028035,1,0.005607,1,108.390798156278,1,4.8566836246622,532,1,9.55900001525879,35.1080017089844,0.0280349999666214,0.0112034603953362,104.519798278809,-86.7525,26.214,11.9214409752504,63,63,63,63,61,63,0,8046,1.33458767306251,26,-87,0.001869,51,2026-08-02 13:38:53.00145,532,1.037,0.0011,"aoml_navis",1029.50910259216
"7901009",118,0,1,0.031773,1,0.009345,1,109.016855499662,1,4.85663260519706,534,1,9.50899982452393,35.0989990234375,0.0317730009555817,0.0140043264254928,105.123497009277,-86.7525,26.214,11.9214409752504,63,63,63,63,61,63,0,8046,1.33458767306251,26,-87,0.001869,51,2026-08-02 13:38:53.00145,534,1.037,0.0011,"aoml_navis",1029.51991769967
"7901009",118,0,1,0.026166,1,0.003738,1,109.460811237858,1,4.85656255067669,536,1,9.43599987030029,35.0900001525879,0.0261659994721413,0.00980302784591913,105.551597595215,-86.7525,26.214,11.9214409752504,63,63,63,63,61,63,0,8046,1.33458767306251,26,-87,0.001869,51,2026-08-02 13:38:53.00145,536,1.037,0.0011,"aoml_navis",1029.53476822888
"7901009",118,0,1,0.026166,1,0.003738,1,109.707521884928,1,4.85650859062231,538,1,9.39099979400635,35.0830001831055,0.0261659994721413,0.00980302784591913,105.789497375488,-86.7525,26.214,11.9214409752504,63,63,63,63,61,63,0,8046,1.33458767306251,26,-87,0.001869,51,2026-08-02 13:38:53.00145,538,1.037,0.0011,"aoml_navis",1029.54620725983
"7901009",118,0,1,0.026166,1,0.003738,1,109.784473579925,1,4.85646071177262,540,1,9.37100028991699,35.0800018310547,0.0261659994721413,0.00980302784591913,105.863700866699,-86.7525,26.214,11.9214409752504,63,63,63,63,61,63,0,8046,1.33458767306251,26,-87,0.001869,51,2026-08-02 13:38:53.00145,540,1.037,0.0011,"aoml_navis",1029.55635734464
"7901009",118,0,1,0.026166,1,0.003738,1,109.888278457405,1,4.85640908656267,542,1,9.34200000762939,35.076000213623,0.0261659994721413,0.00980302784591913,105.963798522949,-86.7525,26.214,11.9214409752504,63,63,63,63,61,63,0,8046,1.33458767306251,26,-87,0.001869,51,2026-08-02 13:38:53.00145,542,1.037,0.0011,"aoml_navis",1029.56730186397
"7901009",118,0,1,0.029904,1,0.007476,1,109.963877207734,1,4.85635088942548,544,1,9.30500030517578,35.0719985961914,0.0299040004611015,0.0126038929447532,106.036697387695,-86.7525,26.214,11.9214409752504,63,63,63,63,61,63,0,8046,1.33458767306251,26,-87,0.001869,51,2026-08-02 13:38:53.00145,544,1.037,0.0011,"aoml_navis",1029.57963990767
"7901009",118,0,1,0.033642,1,0.011214,1,109.93422319243,1,4.85630802553994,546,1,9.29100036621094,35.0690002441406,0.0336420014500618,0.0154047571122646,106.008102416992,-86.7525,26.214,11.9214409752504,63,63,63,63,61,63,0,8046,1.33458767306251,26,-87,0.001869,51,2026-08-02 13:38:53.00145,546,1.037,0.0011,"aoml_navis",1029.58872742511
"7901009",118,0,1,0.028035,1,0.005607,1,109.859969474812,1,4.85625445358656,548,1,9.26399993896484,35.0660018920898,0.0280349999666214,0.0112034603953362,105.936500549316,-86.7525,26.214,11.9214409752504,63,63,63,63,61,63,0,8046,1.33458767306251,26,-87,0.001869,51,2026-08-02 13:38:53.00145,548,1.037,0.0011,"aoml_navis",1029.60008537182
"7901009",118,0,1,0.026166,1,0.003738,1,109.726502670071,1,4.85619927888892,550,1,9.23499965667725,35.0629997253418,0.0261659994721413,0.00980302784591913,105.807800292969,-86.7525,26.214,11.9214409752504,63,63,63,63,61,63,0,8046,1.33458767306251,26,-87,0.001869,51,2026-08-02 13:38:53.00145,550,1.037,0.0011,"aoml_navis",1029.61178338299
"7901009",118,0,1,0.029904,1,0.007476,1,109.619691248884,1,4.85614041910562,552,1,9.19699954986572,35.0589981079102,0.0299040004611015,0.0126038929447532,105.704803466797,-86.7525,26.214,11.9214409752504,63,63,63,63,61,63,0,8046,1.33458767306251,26,-87,0.001869,51,2026-08-02 13:38:53.00145,552,1.037,0.0011,"aoml_navis",1029.6242629905
"7901009",118,0,1,0.029904,1,0.007476,1,109.589095710682,1,4.85608488333814,554,1,9.16300010681152,35.0550003051758,0.0299040004611015,0.0126038929447532,105.675300598145,-86.7525,26.214,11.9214409752504,63,63,63,63,61,63,0,8046,1.33458767306251,26,-87,0.001869,51,2026-08-02 13:38:53.00145,554,1.037,0.0011,"aoml_navis",1029.63603810873
"7901009",118,0,1,0.031773,1,0.009345,1,109.533719922764,1,4.85602531823845,556,1,9.12399959564209,35.0509986877441,0.0317730009555817,0.0140043264254928,105.62190246582,-86.7525,26.214,11.9214409752504,63,63,63,63,61,63,0,8046,1.33458767306251,26,-87,0.001869,51,2026-08-02 13:38:53.00145,556,1.037,0.0011,"aoml_navis",1029.64866785616
"7901009",118,0,1,0.026166,1,0.003738,1,109.474293212799,1,4.85596621111793,558,1,9.09000015258789,35.0480003356934,0.0261659994721413,0.00980302784591913,105.564598083496,-86.7525,26.214,11.9214409752504,63,63,63,63,61,63,0,8046,1.33458767306251,26,-87,0.001869,51,2026-08-02 13:38:53.00145,558,1.037,0.0011,"aoml_navis",1029.66120080331
"7901009",118,0,1,0.026166,1,0.003738,1,109.535373521803,1,4.85591652081374,560,1,9.07199954986572,35.0460014343262,0.0261659994721413,0.00980302784591913,105.623497009277,-86.7525,26.214,11.9214409752504,63,63,63,63,61,63,0,8046,1.33458767306251,26,-87,0.001869,51,2026-08-02 13:38:53.00145,560,1.037,0.0011,"aoml_navis",1029.67173726498
"7901009",118,0,1,0.031773,1,0.009345,1,109.640839910279,1,4.8558640121772,562,1,9.04599952697754,35.0429992675781,0.0317730009555817,0.0140043264254928,105.725196838379,-86.7525,26.214,11.9214409752504,63,63,63,63,61,63,0,8046,1.33458767306251,26,-87,0.001869,51,2026-08-02 13:38:53.00145,562,1.037,0.0011,"aoml_navis",1029.68287156752
"7901009",118,0,1,0.026166,1,0.003738,1,109.800028487633,1,4.8557932978924,564,1,8.98400020599365,35.0369987487793,0.0261659994721413,0.00980302784591913,105.878700256348,-86.7525,26.214,11.9214409752504,63,63,63,63,61,63,0,8046,1.33458767306251,26,-87,0.001869,51,2026-08-02 13:38:53.00145,564,1.037,0.0011,"aoml_navis",1029.69786670495
"7901009",118,0,1,0.026166,1,0.003738,1,109.85447066461,1,4.85573967825408,566,1,8.95199966430664,35.0330009460449,0.0261659994721413,0.00980302784591913,105.931198120117,-86.7525,26.214,11.9214409752504,63,63,63,63,61,63,0,8046,1.33458767306251,26,-87,0.001869,51,2026-08-02 13:38:53.00145,566,1.037,0.0011,"aoml_navis",1029.70923717183
"7901009",118,0,1,0.028035,1,0.005607,1,109.852706298171,1,4.85568530574531,568,1,8.91899967193604,35.0289993286133,0.0280349999666214,0.0112034603953362,105.929496765137,-86.7525,26.214,11.9214409752504,63,63,63,63,61,63,0,8046,1.33458767306251,26,-87,0.001869,51,2026-08-02 13:38:53.00145,568,1.037,0.0011,"aoml_navis",1029.72076754726
"7901009",118,0,1,0.031773,1,0.009345,1,109.95931992043,1,4.85561563029208,570,1,8.86699962615967,35.0250015258789,0.0317730009555817,0.0140043264254928,106.032302856445,-86.7525,26.214,11.9214409752504,63,63,63,63,61,63,0,8046,1.33458767306251,26,-87,0.001869,51,2026-08-02 13:38:53.00145,570,1.037,0.0011,"aoml_navis",1029.73554348231
"7901009",118,0,1,0.028035,1,0.005607,1,110.062713376139,1,4.85554975997654,572,1,8.8149995803833,35.0200004577637,0.0280349999666214,0.0112034603953362,106.13200378418,-86.7525,26.214,11.9214409752504,63,63,63,63,61,63,0,8046,1.33458767306251,26,-87,0.001869,51,2026-08-02 13:38:53.00145,572,1.037,0.0011,"aoml_navis",1029.74951285931
"7901009",118,0,1,0.033642,1,0.011214,1,110.045805523763,1,4.8554959151879,574,1,8.78699970245361,35.0169982910156,0.0336420014500618,0.0154047571122646,106.115699768066,-86.7525,26.214,11.9214409752504,63,63,63,63,61,63,0,8046,1.33458767306251,26,-87,0.001869,51,2026-08-02 13:38:53.00145,574,1.037,0.0011,"aoml_navis",1029.76093221706
"7901009",118,0,1,0.031773,1,0.009345,1,110.10698868821,1,4.85544482881334,576,1,8.76700019836426,35.0149993896484,0.0317730009555817,0.0140043264254928,106.174697875977,-86.7525,26.214,11.9214409752504,63,63,63,63,61,63,0,8046,1.33458767306251,26,-87,0.001869,51,2026-08-02 13:38:53.00145,576,1.037,0.0011,"aoml_navis",1029.77176680679
"7901009",118,0,1,0.033642,1,0.011214,1,110.200009568128,1,4.85538508873609,578,1,8.72700023651123,35.0110015869141,0.0336420014500618,0.0154047571122646,106.26439666748,-86.7525,26.214,11.9214409752504,63,63,63,63,61,63,0,8046,1.33458767306251,26,-87,0.001869,51,2026-08-02 13:38:53.00145,578,1.037,0.0011,"aoml_navis",1029.78443699541
"7901009",118,0,1,0.028035,1,0.005607,1,110.27840915128,1,4.85533006385407,580,1,8.70199966430664,35.0089988708496,0.0280349999666214,0.0112034603953362,106.339996337891,-86.7525,26.214,11.9214409752504,63,63,63,63,61,63,0,8046,1.33458767306251,26,-87,0.001869,51,2026-08-02 13:38:53.00145,580,1.037,0.0011,"aoml_navis",1029.79610742078
"7901009",118,0,1,0.026166,1,0.003738,1,110.320105165328,1,4.85528655213508,582,1,8.69600009918213,35.007999420166,0.0261659994721413,0.00980302784591913,106.38020324707,-86.7525,26.214,11.9214409752504,63,63,63,63,61,63,0,8046,1.33458767306251,26,-87,0.001869,51,2026-08-02 13:38:53.00145,582,1.037,0.0011,"aoml_navis",1029.80533616523
"7901009",118,0,1,0.029904,1,0.007476,1,110.39269737195,1,4.8552422429583,584,1,8.68900012969971,35.0069999694824,0.0299040004611015,0.0126038929447532,106.450202941895,-86.7525,26.214,11.9214409752504,63,63,63,63,61,63,0,8046,1.33458767306251,26,-87,0.001869,51,2026-08-02 13:38:53.00145,584,1.037,0.0011,"aoml_navis",1029.8147342188
"7901009",118,0,1,0.028035,1,0.005607,1,110.590045318517,1,4.85519043093299,586,1,8.66800022125244,35.0050010681152,0.0280349999666214,0.0112034603953362,106.640502929688,-86.7525,26.214,11.9214409752504,63,63,63,63,61,63,0,8046,1.33458767306251,26,-87,0.001869,51,2026-08-02 13:38:53.00145,586,1.037,0.0011,"aoml_navis",1029.82572385718
"7901009",118,0,1,0.031773,1,0.009345,1,110.817363758675,1,4.85513594689283,588,1,8.63899993896484,35.0019989013672,0.0317730009555817,0.0140043264254928,106.859703063965,-86.7525,26.214,11.9214409752504,63,63,63,63,61,63,0,8046,1.33458767306251,26,-87,0.001869,51,2026-08-02 13:38:53.00145,588,1.037,0.0011,"aoml_navis",1029.83728049878
"7901009",118,0,1,0.029904,1,0.007476,1,111.054216107167,1,4.85509183197332,590,1,8.6230001449585,34.9990005493164,0.0299040004611015,0.0126038929447532,107.088096618652,-86.7525,26.214,11.9214409752504,63,63,63,63,61,63,0,8046,1.33458767306251,26,-87,0.001869,51,2026-08-02 13:38:53.00145,590,1.037,0.0011,"aoml_navis",1029.84663793018
"7901009",118,0,1,0.031773,1,0.009345,1,111.3807821375,1,4.8550373988148,592,1,8.5939998626709,34.9959983825684,0.0317730009555817,0.0140043264254928,107.40299987793,-86.7525,26.214,11.9214409752504,63,63,63,63,61,63,0,8046,1.33458767306251,26,-87,0.001869,51,2026-08-02 13:38:53.00145,592,1.037,0.0011,"aoml_navis",1029.85818424809
"7901009",118,0,1,0.028035,1,0.005607,1,111.586635437977,1,4.85498269267352,594,1,8.5600004196167,34.992000579834,0.0280349999666214,0.0112034603953362,107.601501464844,-86.7525,26.214,11.9214409752504,63,63,63,63,61,63,0,8046,1.33458767306251,26,-87,0.001869,51,2026-08-02 13:38:53.00145,594,1.037,0.0011,"aoml_navis",1029.86978873175
"7901009",118,0,1,0.029904,1,0.007476,1,111.761996055695,1,4.85493574170217,596,1,8.54500007629395,34.9900016784668,0.0299040004611015,0.0126038929447532,107.770599365234,-86.7525,26.214,11.9214409752504,63,63,63,63,61,63,0,8046,1.33458767306251,26,-87,0.001869,51,2026-08-02 13:38:53.00145,596,1.037,0.0011,"aoml_navis",1029.87974836655
"7901009",118,0,1,0.026166,1,0.003738,1,112.104528415506,1,4.85487557504567,598,1,8.50399971008301,34.9860000610352,0.0261659994721413,0.00980302784591913,108.100898742676,-86.7525,26.214,11.9214409752504,63,63,63,63,61,63,0,8046,1.33458767306251,26,-87,0.001869,51,2026-08-02 13:38:53.00145,598,1.037,0.0011,"aoml_navis",1029.8925117052
"7901009",118,0,1,0.029904,1,0.007476,1,112.28788010992,1,4.85481126413637,600,1,8.45300006866455,34.9809989929199,0.0299040004611015,0.0126038929447532,108.277702331543,-86.7525,26.214,11.9214409752504,63,63,63,63,61,63,0,8046,1.33458767306251,26,-87,0.001869,51,2026-08-02 13:38:53.00145,600,1.037,0.0011,"aoml_navis",1029.90615452678
"7901009",118,0,1,0.028035,1,0.005607,1,112.297002596485,1,4.85476727329973,602,1,8.45100021362305,34.9809989929199,0.0280349999666214,0.0112034603953362,108.286499023438,-86.7525,26.214,11.9214409752504,63,63,63,63,61,63,0,8046,1.33458767306251,26,-87,0.001869,51,2026-08-02 13:38:53.00145,602,1.037,0.0011,"aoml_navis",1029.91548688626
"7901009",118,0,1,0.033642,1,0.011214,1,112.326245190019,1,4.85472932780584,604,1,8.45199966430664,34.9799995422363,0.0336420014500618,0.0154047571122646,108.314697265625,-86.7525,26.214,11.9214409752504,63,63,63,63,61,63,0,8046,1.33458767306251,26,-87,0.001869,51,2026-08-02 13:38:53.00145,604,1.037,0.0011,"aoml_navis",1029.92353690289
"7901009",118,0,1,0.026166,1,0.003738,1,112.403505451344,1,4.85468349315588,606,1,8.44299983978271,34.9790000915527,0.0261659994721413,0.00980302784591913,108.389198303223,-86.7525,26.214,11.9214409752504,63,63,63,63,61,63,0,8046,1.33458767306251,26,-87,0.001869,51,2026-08-02 13:38:53.00145,606,1.037,0.0011,"aoml_navis",1029.93326074686
"7901009",118,0,1,0.028035,1,0.005607,1,112.503789507903,1,4.85463450734435,608,1,8.43000030517578,34.9780006408691,0.0280349999666214,0.0112034603953362,108.485900878906,-86.7525,26.214,11.9214409752504,63,63,63,63,61,63,0,8046,1.33458767306251,26,-87,0.001869,51,2026-08-02 13:38:53.00145,608,1.037,0.0011,"aoml_navis",1029.94365331432
"7901009",118,0,1,0.029904,1,0.007476,1,112.625435848699,1,4.85458003110016,610,1,8.39599990844727,34.9739990234375,0.0299040004611015,0.0126038929447532,108.603202819824,-86.7525,26.214,11.9214409752504,63,63,63,63,61,63,0,8046,1.33458767306251,26,-87,0.001869,51,2026-08-02 13:38:53.00145,610,1.037,0.0011,"aoml_navis",1029.95521094888
"7901009",118,0,1,0.029904,1,0.007476,1,112.747596466708,1,4.85453002438926,612,1,8.3769998550415,34.9720001220703,0.0299040004611015,0.0126038929447532,108.721000671387,-86.7525,26.214,11.9214409752504,63,63,63,63,61,63,0,8046,1.33458767306251,26,-87,0.001869,51,2026-08-02 13:38:53.00145,612,1.037,0.0011,"aoml_navis",1029.96582055933
"7901009",118,0,1,0.028035,1,0.005607,1,112.863221808132,1,4.85448160210014,614,1,8.35999965667725,34.9700012207031,0.0280349999666214,0.0112034603953362,108.832496643066,-86.7525,26.214,11.9214409752504,63,63,63,63,61,63,0,8046,1.33458767306251,26,-87,0.001869,51,2026-08-02 13:38:53.00145,614,1.037,0.0011,"aoml_navis",1029.97609422125
"7901009",118,0,1,0.028035,1,0.005607,1,113.080895572554,1,4.85441311372365,616,1,8.30799961090088,34.9659996032715,0.0280349999666214,0.0112034603953362,109.04239654541,-86.7525,26.214,11.9214409752504,63,63,63,63,61,63,0,8046,1.33458767306251,26,-87,0.001869,51,2026-08-02 13:38:53.00145,616,1.037,0.0011,"aoml_navis",1029.99062561544
"7901009",118,0,1,0.031773,1,0.009345,1,113.044397714337,1,4.85436160583918,618,1,8.28699970245361,34.9640007019043,0.0317730009555817,0.0140043264254928,109.007202148438,-86.7525,26.214,11.9214409752504,63,63,63,63,61,63,0,8046,1.33458767306251,26,-87,0.001869,51,2026-08-02 13:38:53.00145,618,1.037,0.0011,"aoml_navis",1030.00155447539
"7901009",118,0,1,0.031773,1,0.009345,1,112.961227221039,1,4.8543212961534,620,1,8.28499984741211,34.9630012512207,0.0317730009555817,0.0140043264254928,108.927001953125,-86.7525,26.214,11.9214409752504,63,63,63,63,61,63,0,8046,1.33458767306251,26,-87,0.001869,51,2026-08-02 13:38:53.00145,620,1.037,0.0011,"aoml_navis",1030.01010748136
"7901009",118,0,1,0.029904,1,0.007476,1,112.976576417862,1,4.85426792404293,622,1,8.27099990844727,34.9630012512207,0.0299040004611015,0.0126038929447532,108.941802978516,-86.7525,26.214,11.9214409752504,63,63,63,63,61,63,0,8046,1.33458767306251,26,-87,0.001869,51,2026-08-02 13:38:53.00145,622,1.037,0.0011,"aoml_navis",1030.02143232253
"7901009",118,0,1,0.028035,1,0.005607,1,113.069280819495,1,4.85422348965348,624,1,8.25899982452393,34.9609985351562,0.0280349999666214,0.0112034603953362,109.031196594238,-86.7525,26.214,11.9214409752504,63,63,63,63,61,63,0,8046,1.33458767306251,26,-87,0.001869,51,2026-08-02 13:38:53.00145,624,1.037,0.0011,"aoml_navis",1030.03086088995
"7901009",118,0,1,0.031773,1,0.009345,1,113.385996463207,1,4.85415697165635,626,1,8.21399974822998,34.9580001831055,0.0317730009555817,0.0140043264254928,109.336601257324,-86.7525,26.214,11.9214409752504,63,63,63,63,61,63,0,8046,1.33458767306251,26,-87,0.001869,51,2026-08-02 13:38:53.00145,626,1.037,0.0011,"aoml_navis",1030.04497571777
"7901009",118,0,1,0.031773,1,0.009345,1,113.757257139339,1,4.85408568141763,628,1,8.15799999237061,34.9539985656738,0.0317730009555817,0.0140043264254928,109.694602966309,-86.7525,26.214,11.9214409752504,63,63,63,63,61,63,0,8046,1.33458767306251,26,-87,0.001869,51,2026-08-02 13:38:53.00145,628,1.037,0.0011,"aoml_navis",1030.06010362383
"7901009",118,0,1,0.029904,1,0.007476,1,113.964866894298,1,4.85402923723603,630,1,8.12100028991699,34.9500007629395,0.0299040004611015,0.0126038929447532,109.894798278809,-86.7525,26.214,11.9214409752504,63,63,63,63,61,63,0,8046,1.33458767306251,26,-87,0.001869,51,2026-08-02 13:38:53.00145,630,1.037,0.0011,"aoml_navis",1030.07208148731
"7901009",118,0,1,0.028035,1,0.005607,1,114.129237803569,1,4.85398407689251,632,1,8.10799980163574,34.9480018615723,0.0280349999666214,0.0112034603953362,110.053298950195,-86.7525,26.214,11.9214409752504,63,63,63,63,61,63,0,8046,1.33458767306251,26,-87,0.001869,51,2026-08-02 13:38:53.00145,632,1.037,0.0011,"aoml_navis",1030.08166503936
"7901009",118,0,1,0.028035,1,0.005607,1,114.336230425872,1,4.85393758249993,634,1,8.09799957275391,34.9469985961914,0.0280349999666214,0.0112034603953362,110.252899169922,-86.7525,26.214,11.9214409752504,63,63,63,63,61,63,0,8046,1.33458767306251,26,-87,0.001869,51,2026-08-02 13:38:53.00145,634,1.037,0.0011,"aoml_navis",1030.0915318785
"7901009",118,0,1,0.028035,1,0.005607,1,114.734969329098,1,4.85387427065852,636,1,8.05200004577637,34.943000793457,0.0280349999666214,0.0112034603953362,110.637397766113,-86.7525,26.214,11.9214409752504,63,63,63,63,61,63,0,8046,1.33458767306251,26,-87,0.001869,51,2026-08-02 13:38:53.00145,636,1.037,0.0011,"aoml_navis",1030.10496794794
"7901009",118,0,1,0.029904,1,0.007476,1,114.944865639666,1,4.85380952233403,638,1,8.00399971008301,34.9389991760254,0.0299040004611015,0.0126038929447532,110.839797973633,-86.7525,26.214,11.9214409752504,63,63,63,63,61,63,0,8046,1.33458767306251,26,-87,0.001869,51,2026-08-02 13:38:53.00145,638,1.037,0.0011,"aoml_navis",1030.11870923103
"7901009",118,0,1,0.028035,1,0.005607,1,115.061226793103,1,4.85376073883427,640,1,7.99100017547607,34.9379997253418,0.0280349999666214,0.0112034603953362,110.952003479004,-86.7525,26.214,11.9214409752504,63,63,63,63,61,63,0,8046,1.33458767306251,26,-87,0.001869,51,2026-08-02 13:38:53.00145,640,1.037,0.0011,"aoml_navis",1030.12906260411
"7901009",118,0,1,0.031773,1,0.009345,1,115.154556239349,1,4.85371426921821,642,1,7.98099994659424,34.9370002746582,0.0317730009555817,0.0140043264254928,111.041999816895,-86.7525,26.214,11.9214409752504,63,63,63,63,61,63,0,8046,1.33458767306251,26,-87,0.001869,51,2026-08-02 13:38:53.00145,642,1.037,0.0011,"aoml_navis",1030.13892509279
"7901009",118,0,1,0.028035,1,0.005607,1,115.20422750618,1,4.85366703416505,644,1,7.96999979019165,34.9360008239746,0.0280349999666214,0.0112034603953362,111.089897155762,-86.7525,26.214,11.9214409752504,63,63,63,63,61,63,0,8046,1.33458767306251,26,-87,0.001869,51,2026-08-02 13:38:53.00145,644,1.037,0.0011,"aoml_navis",1030.14895022772
"7901009",118,0,1,0.026166,1,0.003738,1,115.268527981734,1,4.85361596031508,646,1,7.9539999961853,34.935001373291,0.0261659994721413,0.00980302784591913,111.151901245117,-86.7525,26.214,11.9214409752504,63,63,63,63,61,63,0,8046,1.33458767306251,26,-87,0.001869,51,2026-08-02 13:38:53.00145,646,1.037,0.0011,"aoml_navis",1030.15979032577
"7901009",118,0,1,0.028035,1,0.005607,1,115.322867303268,1,4.85357105491461,648,1,7.94600009918213,34.9339981079102,0.0280349999666214,0.0112034603953362,111.204299926758,-86.7525,26.214,11.9214409752504,63,63,63,63,61,63,0,8046,1.33458767306251,26,-87,0.001869,51,2026-08-02 13:38:53.00145,648,1.037,0.0011,"aoml_navis",1030.16932139834
"7901009",118,0,1,0.033642,1,0.011214,1,115.351381996747,1,4.85352169138149,650,1,7.93699979782104,34.9339981079102,0.0336420014500618,0.0154047571122646,111.231796264648,-86.7525,26.214,11.9214409752504,63,63,63,63,61,63,0,8046,1.33458767306251,26,-87,0.001869,51,2026-08-02 13:38:53.00145,650,1.037,0.0011,"aoml_navis",1030.17979890326
"7901009",118,0,1,0.029904,1,0.007476,1,115.420967659661,1,4.85347984954173,652,1,7.93300008773804,34.9329986572266,0.0299040004611015,0.0126038929447532,111.298896789551,-86.7525,26.214,11.9214409752504,63,63,63,63,61,63,0,8046,1.33458767306251,26,-87,0.001869,51,2026-08-02 13:38:53.00145,652,1.037,0.0011,"aoml_navis",1030.18868008118
"7901009",118,0,1,0.026166,1,0.003738,1,115.551427920694,1,4.85343570524725,654,1,7.92600011825562,34.931999206543,0.0261659994721413,0.00980302784591913,111.424697875977,-86.7525,26.214,11.9214409752504,63,63,63,63,61,63,0,8046,1.33458767306251,26,-87,0.001869,51,2026-08-02 13:38:53.00145,654,1.037,0.0011,"aoml_navis",1030.19805013473
"7901009",118,0,1,0.031773,1,0.009345,1,115.726068550313,1,4.85339079554917,656,1,7.91800022125244,34.9309997558594,0.0317730009555817,0.0140043264254928,111.593101501465,-86.7525,26.214,11.9214409752504,63,63,63,63,61,63,0,8046,1.33458767306251,26,-87,0.001869,51,2026-08-02 13:38:53.00145,656,1.037,0.0011,"aoml_navis",1030.20758282751
"7901009",118,0,1,0.033642,1,0.011214,1,115.935134105383,1,4.85334128413205,658,1,7.90399980545044,34.9300003051758,0.0336420014500618,0.0154047571122646,111.794700622559,-86.7525,26.214,11.9214409752504,63,63,63,63,61,63,0,8046,1.33458767306251,26,-87,0.001869,51,2026-08-02 13:38:53.00145,658,1.037,0.0011,"aoml_navis",1030.21809250206
"7901009",118,0,1,0.026166,1,0.003738,1,116.140773783018,1,4.85327923367929,660,1,7.86399984359741,34.9269981384277,0.0261659994721413,0.00980302784591913,111.99299621582,-86.7525,26.214,11.9214409752504,63,63,63,63,61,63,0,8046,1.33458767306251,26,-87,0.001869,51,2026-08-02 13:38:53.00145,660,1.037,0.0011,"aoml_navis",1030.2312641116
"7901009",118,0,1,0.028035,1,0.005607,1,116.326095554756,1,4.85322563909085,662,1,7.83500003814697,34.923999786377,0.0280349999666214,0.0112034603953362,112.171699523926,-86.7525,26.214,11.9214409752504,63,63,63,63,61,63,0,8046,1.33458767306251,26,-87,0.001869,51,2026-08-02 13:38:53.00145,662,1.037,0.0011,"aoml_navis",1030.24264104412
"7901009",118,0,1,0.033642,1,0.011214,1,116.491811496738,1,4.85316853571857,664,1,7.81099987030029,34.9230003356934,0.0336420014500618,0.0154047571122646,112.331497192383,-86.7525,26.214,11.9214409752504,63,63,63,63,61,63,0,8046,1.33458767306251,26,-87,0.001869,51,2026-08-02 13:38:53.00145,664,1.037,0.0011,"aoml_navis",1030.25476308947
"7901009",118,0,1,0.028035,1,0.005607,1,116.665312804532,1,4.85311360898518,666,1,7.78499984741211,34.9210014343262,0.0280349999666214,0.0112034603953362,112.498802185059,-86.7525,26.214,11.9214409752504,63,63,63,63,61,63,0,8046,1.33458767306251,26,-87,0.001869,51,2026-08-02 13:38:53.00145,666,1.037,0.0011,"aoml_navis",1030.26642334168
"7901009",118,0,1,0.029904,1,0.007476,1,116.799191031043,1,4.85306100596109,668,1,7.76200008392334,34.9189987182617,0.0299040004611015,0.0126038929447532,112.627899169922,-86.7525,26.214,11.9214409752504,63,63,63,63,61,63,0,8046,1.33458767306251,26,-87,0.001869,51,2026-08-02 13:38:53.00145,668,1.037,0.0011,"aoml_navis",1030.27759054717
"7901009",118,0,1,0.029904,1,0.007476,1,116.859859918277,1,4.85300992940794,670,1,7.74100017547607,34.9169998168945,0.0299040004611015,0.0126038929447532,112.686401367188,-86.7525,26.214,11.9214409752504,63,63,63,63,61,63,0,8046,1.33458767306251,26,-87,0.001869,51,2026-08-02 13:38:53.00145,670,1.037,0.0011,"aoml_navis",1030.28843392661
"7901009",118,0,1,0.029904,1,0.007476,1,116.900202987657,1,4.85295063495778,672,1,7.71400022506714,34.9160003662109,0.0299040004611015,0.0126038929447532,112.725303649902,-86.7525,26.214,11.9214409752504,63,63,63,63,61,63,0,8046,1.33458767306251,26,-87,0.001869,51,2026-08-02 13:38:53.00145,672,1.037,0.0011,"aoml_navis",1030.30102222408
"7901009",118,0,1,0.028035,1,0.005607,1,116.996230411283,1,4.85289375493582,674,1,7.69500017166138,34.9160003662109,0.0280349999666214,0.0112034603953362,112.817901611328,-86.7525,26.214,11.9214409752504,63,63,63,63,61,63,0,8046,1.33458767306251,26,-87,0.001869,51,2026-08-02 13:38:53.00145,674,1.037,0.0011,"aoml_navis",1030.31309822404
"7901009",118,0,1,0.031773,1,0.009345,1,117.123059083996,1,4.85284738754839,676,1,7.68499994277954,34.9150009155273,0.0317730009555817,0.0140043264254928,112.940200805664,-86.7525,26.214,11.9214409752504,63,63,63,63,61,63,0,8046,1.33458767306251,26,-87,0.001869,51,2026-08-02 13:38:53.00145,676,1.037,0.0011,"aoml_navis",1030.3229425325
"7901009",118,0,1,0.026166,1,0.003738,1,117.296346768947,1,4.8527987510393,678,1,7.67199993133545,34.9140014648438,0.0261659994721413,0.00980302784591913,113.107299804688,-86.7525,26.214,11.9214409752504,63,63,63,63,61,63,0,8046,1.33458767306251,26,-87,0.001869,51,2026-08-02 13:38:53.00145,678,1.037,0.0011,"aoml_navis",1030.3332688027
"7901009",118,0,1,0.029904,1,0.007476,1,117.510705423334,1,4.85275392089573,680,1,7.66400003433228,34.9129981994629,0.0299040004611015,0.0126038929447532,113.314002990723,-86.7525,26.214,11.9214409752504,63,63,63,63,61,63,0,8046,1.33458767306251,26,-87,0.001869,51,2026-08-02 13:38:53.00145,680,1.037,0.0011,"aoml_navis",1030.34278710697
"7901009",118,0,1,0.029904,1,0.007476,1,117.831250454294,1,4.85268931018342,682,1,7.625,34.9109992980957,0.0299040004611015,0.0126038929447532,113.623100280762,-86.7525,26.214,11.9214409752504,63,63,63,63,61,63,0,8046,1.33458767306251,26,-87,0.001869,51,2026-08-02 13:38:53.00145,682,1.037,0.0011,"aoml_navis",1030.35650551694
"7901009",118,0,1,0.028035,1,0.005607,1,118.096316841895,1,4.85262928706641,684,1,7.59200000762939,34.9090003967285,0.0280349999666214,0.0112034603953362,113.878700256348,-86.7525,26.214,11.9214409752504,63,63,63,63,61,63,0,8046,1.33458767306251,26,-87,0.001869,51,2026-08-02 13:38:53.00145,684,1.037,0.0011,"aoml_navis",1030.36925019729
"7901009",118,0,1,0.028035,1,0.005607,1,118.302272997814,1,4.85258069341554,686,1,7.5789999961853,34.9080009460449,0.0280349999666214,0.0112034603953362,114.077301025391,-86.7525,26.214,11.9214409752504,63,63,63,63,61,63,0,8046,1.33458767306251,26,-87,0.001869,51,2026-08-02 13:38:53.00145,686,1.037,0.0011,"aoml_navis",1030.37956829538
"7901009",118,0,1,0.031773,1,0.009345,1,118.48738114671,1,4.85253429297204,688,1,7.56400012969971,34.9059982299805,0.0317730009555817,0.0140043264254928,114.255798339844,-86.7525,26.214,11.9214409752504,63,63,63,63,61,63,0,8046,1.33458767306251,26,-87,0.001869,51,2026-08-02 13:38:53.00145,688,1.037,0.0011,"aoml_navis",1030.38942089323
"7901009",118,0,1,0.031773,1,0.009345,1,118.731916005571,1,4.85248194923476,690,1,7.5460000038147,34.9049987792969,0.0317730009555817,0.0140043264254928,114.491600036621,-86.7525,26.214,11.9214409752504,63,63,63,63,61,63,0,8046,1.33458767306251,26,-87,0.001869,51,2026-08-02 13:38:53.00145,690,1.037,0.0011,"aoml_navis",1030.40053570699
"7901009",118,0,1,0.028035,1,0.005607,1,119.031929507792,1,4.85241526920399,692,1,7.50400018692017,34.9029998779297,0.0280349999666214,0.0112034603953362,114.780899047852,-86.7525,26.214,11.9214409752504,63,63,63,63,61,63,0,8046,1.33458767306251,26,-87,0.001869,51,2026-08-02 13:38:53.00145,692,1.037,0.0011,"aoml_navis",1030.41469507622
"7901009",118,0,1,0.028035,1,0.005607,1,119.199615527099,1,4.8523651463882,694,1,7.48400020599365,34.9010009765625,0.0280349999666214,0.0112034603953362,114.942596435547,-86.7525,26.214,11.9214409752504,63,63,63,63,61,63,0,8046,1.33458767306251,26,-87,0.001869,51,2026-08-02 13:38:53.00145,694,1.037,0.0011,"aoml_navis",1030.42533881064
"7901009",118,0,1,0.026166,1,0.003738,1,119.385040154279,1,4.85230008285525,696,1,7.44399976730347,34.898998260498,0.0261659994721413,0.00980302784591913,115.121398925781,-86.7525,26.214,11.9214409752504,63,63,63,63,61,63,0,8046,1.33458767306251,26,-87,0.001869,51,2026-08-02 13:38:53.00145,696,1.037,0.0011,"aoml_navis",1030.43915558039
"7901009",118,0,1,0.035511,1,0.013083,1,119.567972514965,1,4.85223437750222,698,1,7.40799999237061,34.8979988098145,0.0355109982192516,0.0168051905930042,115.297798156738,-86.7525,26.214,11.9214409752504,63,63,63,63,61,63,0,8046,1.33458767306251,26,-87,0.001869,51,2026-08-02 13:38:53.00145,698,1.037,0.0011,"aoml_navis",1030.45310902188
"7901009",118,0,1,0.029904,1,0.007476,1,119.733482746062,1,4.85217915729926,700,1,7.38600015640259,34.8969993591309,0.0299040004611015,0.0126038929447532,115.457397460938,-86.7525,26.214,11.9214409752504,63,63,63,63,61,63,0,8046,1.33458767306251,26,-87,0.001869,51,2026-08-02 13:38:53.00145,700,1.037,0.0011,"aoml_navis",1030.46483608882
"7901009",118,0,1,0.026166,1,0.003738,1,119.886444613159,1,4.85213219459895,702,1,7.38000011444092,34.8969993591309,0.0261659994721413,0.00980302784591913,115.60489654541,-86.7525,26.214,11.9214409752504,63,63,63,63,61,63,0,8046,1.33458767306251,26,-87,0.001869,51,2026-08-02 13:38:53.00145,702,1.037,0.0011,"aoml_navis",1030.47480972708
"7901009",118,0,1,0.028035,1,0.005607,1,120.228771262085,1,4.8520829537822,704,1,7.36600017547607,34.8959999084473,0.0280349999666214,0.0112034603953362,115.934997558594,-86.7525,26.214,11.9214409752504,63,63,63,63,61,63,0,8046,1.33458767306251,26,-87,0.001869,51,2026-08-02 13:38:53.00145,704,1.037,0.0011,"aoml_navis",1030.4852673845
"7901009",118,0,1,0.029904,1,0.007476,1,120.818536458137,1,4.85202999860134,706,1,7.34700012207031,34.8950004577637,0.0299040004611015,0.0126038929447532,116.503700256348,-86.7525,26.214,11.9214409752504,63,63,63,63,61,63,0,8046,1.33458767306251,26,-87,0.001869,51,2026-08-02 13:38:53.00145,706,1.037,0.0011,"aoml_navis",1030.49651412735
"7901009",118,0,1,0.031773,1,0.009345,1,121.667869231587,1,4.85195990053362,708,1,7.28999996185303,34.890998840332,0.0317730009555817,0.0140043264254928,117.322700500488,-86.7525,26.214,11.9214409752504,63,63,63,63,61,63,0,8046,1.33458767306251,26,-87,0.001869,51,2026-08-02 13:38:53.00145,708,1.037,0.0011,"aoml_navis",1030.51140209343
"7901009",118,0,1,0.026166,1,0.003738,1,122.115662268988,1,4.851898062614,710,1,7.24399995803833,34.8870010375977,0.0261659994721413,0.00980302784591913,117.754501342773,-86.7525,26.214,11.9214409752504,63,63,63,63,61,63,0,8046,1.33458767306251,26,-87,0.001869,51,2026-08-02 13:38:53.00145,710,1.037,0.0011,"aoml_navis",1030.52453606295
"7901009",118,0,1,0.028035,1,0.005607,1,122.461509738834,1,4.85183928932209,712,1,7.21700000762939,34.8860015869141,0.0280349999666214,0.0112034603953362,118.087997436523,-86.7525,26.214,11.9214409752504,63,63,63,63,61,63,0,8046,1.33458767306251,26,-87,0.001869,51,2026-08-02 13:38:53.00145,712,1.037,0.0011,"aoml_navis",1030.5370194359
"7901009",118,0,1,0.031773,1,0.009345,1,122.758105275578,1,4.85178424470608,714,1,7.19500017166138,34.8849983215332,0.0317730009555817,0.0140043264254928,118.374000549316,-86.7525,26.214,11.9214409752504,63,63,63,63,61,63,0,8046,1.33458767306251,26,-87,0.001869,51,2026-08-02 13:38:53.00145,714,1.037,0.0011,"aoml_navis",1030.54871111708
"7901009",118,0,1,0.028035,1,0.005607,1,123.058846677854,1,4.85172552396847,716,1,7.16300010681152,34.882999420166,0.0280349999666214,0.0112034603953362,118.664001464844,-86.7525,26.214,11.9214409752504,63,63,63,63,61,63,0,8046,1.33458767306251,26,-87,0.001869,51,2026-08-02 13:38:53.00145,716,1.037,0.0011,"aoml_navis",1030.56118391262
"7901009",118,0,1,0.031773,1,0.009345,1,123.29684626013,1,4.85167712800789,718,1,7.15000009536743,34.8819999694824,0.0317730009555817,0.0140043264254928,118.893501281738,-86.7525,26.214,11.9214409752504,63,63,63,63,61,63,0,8046,1.33458767306251,26,-87,0.001869,51,2026-08-02 13:38:53.00145,718,1.037,0.0011,"aoml_navis",1030.57146386264
"7901009",118,0,1,0.031773,1,0.009345,1,123.560148281292,1,4.85162873214507,720,1,7.14200019836426,34.8819999694824,0.0317730009555817,0.0140043264254928,119.147399902344,-86.7525,26.214,11.9214409752504,63,63,63,63,61,63,0,8046,1.33458767306251,26,-87,0.001869,51,2026-08-02 13:38:53.00145,720,1.037,0.0011,"aoml_navis",1030.581743997
"7901009",118,0,1,0.031773,1,0.009345,1,123.866799915541,1,4.85158108854958,722,1,7.125,34.8800010681152,0.0317730009555817,0.0140043264254928,119.443099975586,-86.7525,26.214,11.9214409752504,63,63,63,63,61,63,0,8046,1.33458767306251,26,-87,0.001869,51,2026-08-02 13:38:53.00145,722,1.037,0.0011,"aoml_navis",1030.59186453684
"7901009",118,0,1,0.031773,1,0.009345,1,124.255688432147,1,4.85152390400136,724,1,7.09999990463257,34.8790016174316,0.0317730009555817,0.0140043264254928,119.818099975586,-86.7525,26.214,11.9214409752504,63,63,63,63,61,63,0,8046,1.33458767306251,26,-87,0.001869,51,2026-08-02 13:38:53.00145,724,1.037,0.0011,"aoml_navis",1030.60401204582
"7901009",118,0,1,0.029904,1,0.007476,1,124.489019959719,1,4.85146970711058,726,1,7.07399988174438,34.8769989013672,0.0299040004611015,0.0126038929447532,120.043098449707,-86.7525,26.214,11.9214409752504,63,63,63,63,61,63,0,8046,1.33458767306251,26,-87,0.001869,51,2026-08-02 13:38:53.00145,726,1.037,0.0011,"aoml_navis",1030.61552516173
"7901009",118,0,1,0.031773,1,0.009345,1,124.593141315484,1,4.85140596504146,728,1,7.04500007629395,34.8769989013672,0.0317730009555817,0.0140043264254928,120.143501281738,-86.7525,26.214,11.9214409752504,63,63,63,63,61,63,0,8046,1.33458767306251,26,-87,0.001869,51,2026-08-02 13:38:53.00145,728,1.037,0.0011,"aoml_navis",1030.62906630146
"7901009",118,0,1,0.028035,1,0.005607,1,124.559744944459,1,4.85135321073268,730,1,7.0310001373291,34.8769989013672,0.0280349999666214,0.0112034603953362,120.111297607422,-86.7525,26.214,11.9214409752504,63,63,63,63,61,63,0,8046,1.33458767306251,26,-87,0.001869,51,2026-08-02 13:38:53.00145,730,1.037,0.0011,"aoml_navis",1030.64027350935
"7901009",118,0,1,0.029904,1,0.007476,1,124.472737151956,1,4.85130554694893,732,1,7.02899980545044,34.8779983520508,0.0299040004611015,0.0126038929447532,120.027397155762,-86.7525,26.214,11.9214409752504,63,63,63,63,61,63,0,8046,1.33458767306251,26,-87,0.001869,51,2026-08-02 13:38:53.00145,732,1.037,0.0011,"aoml_navis",1030.65039948774
"7901009",118,0,1,0.028035,1,0.005607,1,124.441524481098,1,4.85126156754202,734,1,7.02699995040894,34.8779983520508,0.0280349999666214,0.0112034603953362,119.997299194336,-86.7525,26.214,11.9214409752504,63,63,63,63,61,63,0,8046,1.33458767306251,26,-87,0.001869,51,2026-08-02 13:38:53.00145,734,1.037,0.0011,"aoml_navis",1030.65974291164
"7901009",118,0,1,0.031773,1,0.009345,1,124.443391702979,1,4.85121024000581,736,1,7.01999998092651,34.8790016174316,0.0317730009555817,0.0140043264254928,119.999099731445,-86.7525,26.214,11.9214409752504,63,63,63,63,61,63,0,8046,1.33458767306251,26,-87,0.001869,51,2026-08-02 13:38:53.00145,736,1.037,0.0011,"aoml_navis",1030.67064765967
"7901009",118,0,1,0.031773,1,0.009345,1,124.524797829838,1,4.85115089541544,738,1,7.0019998550415,34.8800010681152,0.0317730009555817,0.0140043264254928,120.077598571777,-86.7525,26.214,11.9214409752504,63,63,63,63,61,63,0,8046,1.33458767306251,26,-87,0.001869,51,2026-08-02 13:38:53.00145,738,1.037,0.0011,"aoml_navis",1030.68325595174
"7901009",118,0,1,0.029904,1,0.007476,1,124.579137151372,1,4.85110327018651,740,1,6.99499988555908,34.8800010681152,0.0299040004611015,0.0126038929447532,120.129997253418,-86.7525,26.214,11.9214409752504,63,63,63,63,61,63,0,8046,1.33458767306251,26,-87,0.001869,51,2026-08-02 13:38:53.00145,740,1.037,0.0011,"aoml_navis",1030.69337458317
"7901009",118,0,1,0.028035,1,0.005607,1,124.578100684989,1,4.85106002656868,742,1,6.99399995803833,34.8800010681152,0.0280349999666214,0.0112034603953362,120.128997802734,-86.7525,26.214,11.9214409752504,63,63,63,63,61,63,0,8046,1.33458767306251,26,-87,0.001869,51,2026-08-02 13:38:53.00145,742,1.037,0.0011,"aoml_navis",1030.70256245348
"7901009",118,0,1,0.031773,1,0.009345,1,124.582563028808,1,4.85101605507435,744,1,6.99200010299683,34.8800010681152,0.0317730009555817,0.0140043264254928,120.13330078125,-86.7525,26.214,11.9214409752504,63,63,63,63,61,63,0,8046,1.33458767306251,26,-87,0.001869,51,2026-08-02 13:38:53.00145,744,1.037,0.0011,"aoml_navis",1030.71190514198
"7901009",118,0,1,0.029904,1,0.007476,1,124.659301100963,1,4.85097208521272,746,1,6.98999977111816,34.8800010681152,0.0299040004611015,0.0126038929447532,120.207298278809,-86.7525,26.214,11.9214409752504,63,63,63,63,61,63,0,8046,1.33458767306251,26,-87,0.001869,51,2026-08-02 13:38:53.00145,746,1.037,0.0011,"aoml_navis",1030.72124765293
"7901009",118,0,1,0.029904,1,0.007476,1,124.847107227238,1,4.85093252921373,748,1,6.98899984359741,34.8790016174316,0.0299040004611015,0.0126038929447532,120.388397216797,-86.7525,26.214,11.9214409752504,63,63,63,63,61,63,0,8046,1.33458767306251,26,-87,0.001869,51,2026-08-02 13:38:53.00145,748,1.037,0.0011,"aoml_navis",1030.72965247167
"7901009",118,0,1,0.028035,1,0.005607,1,125.211112638686,1,4.85088126209043,750,1,6.97700023651123,34.8790016174316,0.0280349999666214,0.0112034603953362,120.739402770996,-86.7525,26.214,11.9214409752504,63,63,63,63,61,63,0,8046,1.33458767306251,26,-87,0.001869,51,2026-08-02 13:38:53.00145,750,1.037,0.0011,"aoml_navis",1030.74054586224
"7901009",118,0,1,0.031773,1,0.009345,1,125.65267896583,1,4.85081765736402,752,1,6.94299983978271,34.8779983520508,0.0317730009555817,0.0140043264254928,121.165199279785,-86.7525,26.214,11.9214409752504,63,63,63,63,61,63,0,8046,1.33458767306251,26,-87,0.001869,51,2026-08-02 13:38:53.00145,752,1.037,0.0011,"aoml_navis",1030.75406110339
"7901009",118,0,1,0.033642,1,0.011214,1,126.051417869056,1,4.85075263228307,754,1,6.90700006484985,34.8769989013672,0.0336420014500618,0.0154047571122646,121.549697875977,-86.7525,26.214,11.9214409752504,63,63,63,63,61,63,0,8046,1.33458767306251,26,-87,0.001869,51,2026-08-02 13:38:53.00145,754,1.037,0.0011,"aoml_navis",1030.76787851923
"7901009",118,0,1,0.029904,1,0.007476,1,126.375080211124,1,4.8506999965466,756,1,6.88800001144409,34.8759994506836,0.0299040004611015,0.0126038929447532,121.861801147461,-86.7525,26.214,11.9214409752504,63,63,63,63,61,63,0,8046,1.33458767306251,26,-87,0.001869,51,2026-08-02 13:38:53.00145,756,1.037,0.0011,"aoml_navis",1030.77906354953
"7901009",118,0,1,0.029904,1,0.007476,1,126.74509079803,1,4.85064229801944,758,1,6.86199998855591,34.875,0.0299040004611015,0.0126038929447532,122.218597412109,-86.7525,26.214,11.9214409752504,63,63,63,63,61,63,0,8046,1.33458767306251,26,-87,0.001869,51,2026-08-02 13:38:53.00145,758,1.037,0.0011,"aoml_navis",1030.79132469561
"7901009",118,0,1,0.029904,1,0.007476,1,127.088145347011,1,4.85057732484626,760,1,6.83099985122681,34.875,0.0299040004611015,0.0126038929447532,122.54940032959,-86.7525,26.214,11.9214409752504,63,63,63,63,61,63,0,8046,1.33458767306251,26,-87,0.001869,51,2026-08-02 13:38:53.00145,760,1.037,0.0011,"aoml_navis",1030.80513207951
"7901009",118,0,1,0.029904,1,0.007476,1,127.346779313469,1,4.85051600209489,762,1,6.80499982833862,34.875,0.0299040004611015,0.0126038929447532,122.798797607422,-86.7525,26.214,11.9214409752504,63,63,63,63,61,63,0,8046,1.33458767306251,26,-87,0.001869,51,2026-08-02 13:38:53.00145,762,1.037,0.0011,"aoml_navis",1030.81816405524
"7901009",118,0,1,0.026166,1,0.003738,1,127.606663369152,1,4.85045470538769,764,1,6.77899980545044,34.875,0.0261659994721413,0.00980302784591913,123.04940032959,-86.7525,26.214,11.9214409752504,63,63,63,63,61,63,0,8046,1.33458767306251,26,-87,0.001869,51,2026-08-02 13:38:53.00145,764,1.037,0.0011,"aoml_navis",1030.83119082551
"7901009",118,0,1,0.029904,1,0.007476,1,127.841347841393,1,4.85040432335825,766,1,6.76300001144409,34.8740005493164,0.0299040004611015,0.0126038929447532,123.275703430176,-86.7525,26.214,11.9214409752504,63,63,63,63,61,63,0,8046,1.33458767306251,26,-87,0.001869,51,2026-08-02 13:38:53.00145,766,1.037,0.0011,"aoml_navis",1030.84189825606
"7901009",118,0,1,0.029904,1,0.007476,1,128.035269910526,1,4.85034810741917,768,1,6.74399995803833,34.8740005493164,0.0299040004611015,0.0126038929447532,123.462699890137,-86.7525,26.214,11.9214409752504,63,63,63,63,61,63,0,8046,1.33458767306251,26,-87,0.001869,51,2026-08-02 13:38:53.00145,768,1.037,0.0011,"aoml_navis",1030.85384579963
"7901009",118,0,1,0.033642,1,0.011214,1,128.211564139184,1,4.85029766096534,770,1,6.73299980163574,34.8740005493164,0.0336420014500618,0.0154047571122646,123.632698059082,-86.7525,26.214,11.9214409752504,63,63,63,63,61,63,0,8046,1.33458767306251,26,-87,0.001869,51,2026-08-02 13:38:53.00145,770,1.037,0.0011,"aoml_navis",1030.86456739335
"7901009",118,0,1,0.028035,1,0.005607,1,128.34212725566,1,4.85025081686678,772,1,6.72700023651123,34.8740005493164,0.0280349999666214,0.0112034603953362,123.758598327637,-86.7525,26.214,11.9214409752504,63,63,63,63,61,63,0,8046,1.33458767306251,26,-87,0.001869,51,2026-08-02 13:38:53.00145,772,1.037,0.0011,"aoml_navis",1030.87452356329
"7901009",118,0,1,0.028035,1,0.005607,1,128.546944089754,1,4.85019821950757,774,1,6.71299982070923,34.8740005493164,0.0280349999666214,0.0112034603953362,123.956100463867,-86.7525,26.214,11.9214409752504,63,63,63,63,61,63,0,8046,1.33458767306251,26,-87,0.001869,51,2026-08-02 13:38:53.00145,774,1.037,0.0011,"aoml_navis",1030.88570275127
"7901009",118,0,1,0.028035,1,0.005607,1,128.809834689145,1,4.85015362440476,776,1,6.70499992370605,34.8730010986328,0.0280349999666214,0.0112034603953362,124.209602355957,-86.7525,26.214,11.9214409752504,63,63,63,63,61,63,0,8046,1.33458767306251,26,-87,0.001869,51,2026-08-02 13:38:53.00145,776,1.037,0.0011,"aoml_navis",1030.89518130751
"7901009",118,0,1,0.029904,1,0.007476,1,129.099997804746,1,4.85010463100973,778,1,6.69600009918213,34.8730010986328,0.0299040004611015,0.0126038929447532,124.489402770996,-86.7525,26.214,11.9214409752504,63,63,63,63,61,63,0,8046,1.33458767306251,26,-87,0.001869,51,2026-08-02 13:38:53.00145,778,1.037,0.0011,"aoml_navis",1030.90559490859
"7901009",118,0,1,0.028035,1,0.005607,1,129.464098159679,1,4.85005285906668,780,1,6.67799997329712,34.8720016479492,0.0280349999666214,0.0112034603953362,124.84049987793,-86.7525,26.214,11.9214409752504,63,63,63,63,61,63,0,8046,1.33458767306251,26,-87,0.001869,51,2026-08-02 13:38:53.00145,780,1.037,0.0011,"aoml_navis",1030.9165993218
"7901009",118,0,1,0.031773,1,0.009345,1,129.834630935755,1,4.85000387416834,782,1,6.66900014877319,34.8720016479492,0.0317730009555817,0.0140043264254928,125.197799682617,-86.7525,26.214,11.9214409752504,63,63,63,63,61,63,0,8046,1.33458767306251,26,-87,0.001869,51,2026-08-02 13:38:53.00145,782,1.037,0.0011,"aoml_navis",1030.92701154953
"7901009",118,0,1,0.029904,1,0.007476,1,130.277550207568,1,4.84994926573165,784,1,6.64699983596802,34.8709983825684,0.0299040004611015,0.0126038929447532,125.624900817871,-86.7525,26.214,11.9214409752504,63,63,63,63,61,63,0,8046,1.33458767306251,26,-87,0.001869,51,2026-08-02 13:38:53.00145,784,1.037,0.0011,"aoml_navis",1030.93861936424
"7901009",118,0,1,0.026166,1,0.003738,1,130.569683400492,1,4.84989824200824,786,1,6.63000011444092,34.8699989318848,0.0261659994721413,0.00980302784591913,125.906600952148,-86.7525,26.214,11.9214409752504,63,63,63,63,61,63,0,8046,1.33458767306251,26,-87,0.001869,51,2026-08-02 13:38:53.00145,786,1.037,0.0011,"aoml_navis",1030.94946543241
"7901009",118,0,1,0.029904,1,0.007476,1,131.002230096514,1,4.84984712411737,788,1,6.61800003051758,34.8699989318848,0.0299040004611015,0.0126038929447532,126.323699951172,-86.7525,26.214,11.9214409752504,63,63,63,63,61,63,0,8046,1.33458767306251,26,-87,0.001869,51,2026-08-02 13:38:53.00145,788,1.037,0.0011,"aoml_navis",1030.96033174653
"7901009",118,0,1,0.026166,1,0.003738,1,131.590230926127,1,4.8497975480681,790,1,6.60300016403198,34.8689994812012,0.0261659994721413,0.00980302784591913,126.890701293945,-86.7525,26.214,11.9214409752504,63,63,63,63,61,63,0,8046,1.33458767306251,26,-87,0.001869,51,2026-08-02 13:38:53.00145,790,1.037,0.0011,"aoml_navis",1030.97087052463
"7901009",118,0,1,0.028035,1,0.005607,1,132.041236218121,1,4.84973001468433,792,1,6.56799983978271,34.8689994812012,0.0280349999666214,0.0112034603953362,127.32559967041,-86.7525,26.214,11.9214409752504,63,63,63,63,61,63,0,8046,1.33458767306251,26,-87,0.001869,51,2026-08-02 13:38:53.00145,792,1.037,0.0011,"aoml_navis",1030.98522698391
"7901009",118,0,1,0.033642,1,0.011214,1,132.360127650042,1,4.84967832696976,794,1,6.55000019073486,34.8680000305176,0.0336420014500618,0.0154047571122646,127.633102416992,-86.7525,26.214,11.9214409752504,63,63,63,63,61,63,0,8046,1.33458767306251,26,-87,0.001869,51,2026-08-02 13:38:53.00145,794,1.037,0.0011,"aoml_navis",1030.99621519107
"7901009",118,0,1,0.031773,1,0.009345,1,132.780537403834,1,4.84963448820237,796,1,6.54300022125244,34.867000579834,0.0317730009555817,0.0140043264254928,128.038497924805,-86.7525,26.214,11.9214409752504,63,63,63,63,61,63,0,8046,1.33458767306251,26,-87,0.001869,51,2026-08-02 13:38:53.00145,796,1.037,0.0011,"aoml_navis",1031.0055349869
"7901009",118,0,1,0.033642,1,0.011214,1,133.220964409152,1,4.84957557353905,798,1,6.51999998092651,34.867000579834,0.0336420014500618,0.0154047571122646,128.463195800781,-86.7525,26.214,11.9214409752504,63,63,63,63,61,63,0,8046,1.33458767306251,26,-87,0.001869,51,2026-08-02 13:38:53.00145,798,1.037,0.0011,"aoml_navis",1031.01806007143
"7901009",118,0,1,0.026166,1,0.003738,1,133.424428298578,1,4.84952605029723,800,1,6.50500011444092,34.8660011291504,0.0261659994721413,0.00980302784591913,128.659393310547,-86.7525,26.214,11.9214409752504,63,63,63,63,61,63,0,8046,1.33458767306251,26,-87,0.001869,51,2026-08-02 13:38:53.00145,800,1.037,0.0011,"aoml_navis",1031.02858880272
"7901009",118,0,1,0.029904,1,0.007476,1,133.643462919625,1,4.84947640617689,802,1,6.49499988555908,34.8660011291504,0.0299040004611015,0.0126038929447532,128.87060546875,-86.7525,26.214,11.9214409752504,63,63,63,63,61,63,0,8046,1.33458767306251,26,-87,0.001869,51,2026-08-02 13:38:53.00145,802,1.037,0.0011,"aoml_navis",1031.03914344885
"7901009",118,0,1,0.028035,1,0.005607,1,133.876691591755,1,4.84942179278815,804,1,6.47800016403198,34.8660011291504,0.0280349999666214,0.0112034603953362,129.095504760742,-86.7525,26.214,11.9214409752504,63,63,63,63,61,63,0,8046,1.33458767306251,26,-87,0.001869,51,2026-08-02 13:38:53.00145,804,1.037,0.0011,"aoml_navis",1031.0507548417
"7901009",118,0,1,0.035511,1,0.013083,1,134.063967616902,1,4.84937073834421,806,1,6.46600008010864,34.8660011291504,0.0355109982192516,0.0168051905930042,129.276092529297,-86.7525,26.214,11.9214409752504,63,63,63,63,61,63,0,8046,1.33458767306251,26,-87,0.001869,51,2026-08-02 13:38:53.00145,806,1.037,0.0011,"aoml_navis",1031.0616098012
"7901009",118,0,1,0.031773,1,0.009345,1,134.291293969017,1,4.84931968897943,808,1,6.4539999961853,34.8660011291504,0.0317730009555817,0.0140043264254928,129.495300292969,-86.7525,26.214,11.9214409752504,63,63,63,63,61,63,0,8046,1.33458767306251,26,-87,0.001869,51,2026-08-02 13:38:53.00145,808,1.037,0.0011,"aoml_navis",1031.07246390932
"7901009",118,0,1,0.031773,1,0.009345,1,134.455039833675,1,4.84926368230458,810,1,6.43499994277954,34.8660011291504,0.0317730009555817,0.0140043264254928,129.653198242188,-86.7525,26.214,11.9214409752504,63,63,63,63,61,63,0,8046,1.33458767306251,26,-87,0.001869,51,2026-08-02 13:38:53.00145,810,1.037,0.0011,"aoml_navis",1031.08437230284
"7901009",118,0,1,0.033642,1,0.011214,1,134.459185699208,1,4.84921335422779,812,1,6.42399978637695,34.8660011291504,0.0336420014500618,0.0154047571122646,129.657196044922,-86.7525,26.214,11.9214409752504,63,63,63,63,61,63,0,8046,1.33458767306251,26,-87,0.001869,51,2026-08-02 13:38:53.00145,812,1.037,0.0011,"aoml_navis",1031.09507352172
"7901009",118,0,1,0.031773,1,0.009345,1,134.495074336727,1,4.84916005611967,814,1,6.41400003433228,34.867000579834,0.0317730009555817,0.0140043264254928,129.691802978516,-86.7525,26.214,11.9214409752504,63,63,63,63,61,63,0,8046,1.33458767306251,26,-87,0.001869,51,2026-08-02 13:38:53.00145,814,1.037,0.0011,"aoml_navis",1031.10640649817
"7901009",118,0,1,0.031773,1,0.009345,1,134.57264316438,1,4.84910761349953,816,1,6.40000009536743,34.867000579834,0.0317730009555817,0.0140043264254928,129.7666015625,-86.7525,26.214,11.9214409752504,63,63,63,63,61,63,0,8046,1.33458767306251,26,-87,0.001869,51,2026-08-02 13:38:53.00145,816,1.037,0.0011,"aoml_navis",1031.11755781216
"7901009",118,0,1,0.029904,1,0.007476,1,134.616617822081,1,4.84906295853672,818,1,6.39699983596802,34.867000579834,0.0299040004611015,0.0126038929447532,129.809005737305,-86.7525,26.214,11.9214409752504,63,63,63,63,61,63,0,8046,1.33458767306251,26,-87,0.001869,51,2026-08-02 13:38:53.00145,818,1.037,0.0011,"aoml_navis",1031.12705336142
"7901009",118,0,1,0.031773,1,0.009345,1,134.665877667141,1,4.84901901339821,820,1,6.39499998092651,34.867000579834,0.0317730009555817,0.0140043264254928,129.856506347656,-86.7525,26.214,11.9214409752504,63,63,63,63,61,63,0,8046,1.33458767306251,26,-87,0.001869,51,2026-08-02 13:38:53.00145,820,1.037,0.0011,"aoml_navis",1031.13639814251
"7901009",118,0,1,0.031773,1,0.009345,1,134.797785816328,1,4.84897436248396,822,1,6.39200019836426,34.867000579834,0.0317730009555817,0.0140043264254928,129.983703613281,-86.7525,26.214,11.9214409752504,63,63,63,63,61,63,0,8046,1.33458767306251,26,-87,0.001869,51,2026-08-02 13:38:53.00145,822,1.037,0.0011,"aoml_navis",1031.14589317785
"7901009",118,0,1,0.029904,1,0.007476,1,134.975836499468,1,4.84892192998735,824,1,6.37799978256226,34.867000579834,0.0299040004611015,0.0126038929447532,130.155395507812,-86.7525,26.214,11.9214409752504,63,63,63,63,61,63,0,8046,1.33458767306251,26,-87,0.001869,51,2026-08-02 13:38:53.00145,824,1.037,0.0011,"aoml_navis",1031.15704319311
"7901009",118,0,1,0.028035,1,0.005607,1,135.047392239706,1,4.84887516070261,826,1,6.37200021743774,34.867000579834,0.0280349999666214,0.0112034603953362,130.224395751953,-86.7525,26.214,11.9214409752504,63,63,63,63,61,63,0,8046,1.33458767306251,26,-87,0.001869,51,2026-08-02 13:38:53.00145,826,1.037,0.0011,"aoml_navis",1031.16698910341
"7901009",118,0,1,0.031773,1,0.009345,1,135.290795688698,1,4.84883122152876,828,1,6.36999988555908,34.867000579834,0.0317730009555817,0.0140043264254928,130.459106445312,-86.7525,26.214,11.9214409752504,63,63,63,63,61,63,0,8046,1.33458767306251,26,-87,0.001869,51,2026-08-02 13:38:53.00145,828,1.037,0.0011,"aoml_navis",1031.17633333989
"7901009",118,0,1,0.033642,1,0.011214,1,135.502029120021,1,4.84877950669483,830,1,6.35699987411499,34.867000579834,0.0336420014500618,0.0154047571122646,130.662796020508,-86.7525,26.214,11.9214409752504,63,63,63,63,61,63,0,8046,1.33458767306251,26,-87,0.001869,51,2026-08-02 13:38:53.00145,830,1.037,0.0011,"aoml_navis",1031.18733138852
"7901009",118,0,1,0.028035,1,0.005607,1,135.771668618839,1,4.84872199685636,832,1,6.34100008010864,34.8680000305176,0.0280349999666214,0.0112034603953362,130.922805786133,-86.7525,26.214,11.9214409752504,63,63,63,63,61,63,0,8046,1.33458767306251,26,-87,0.001869,51,2026-08-02 13:38:53.00145,832,1.037,0.0011,"aoml_navis",1031.19956212002
"7901009",118,0,1,0.029904,1,0.007476,1,136.074158563641,1,4.84867680066124,834,1,6.33199977874756,34.867000579834,0.0299040004611015,0.0126038929447532,131.214492797852,-86.7525,26.214,11.9214409752504,63,63,63,63,61,63,0,8046,1.33458767306251,26,-87,0.001869,51,2026-08-02 13:38:53.00145,834,1.037,0.0011,"aoml_navis",1031.20917428815
"7901009",118,0,1,0.031773,1,0.009345,1,136.306358681344,1,4.84862722003461,836,1,6.32200002670288,34.867000579834,0.0317730009555817,0.0140043264254928,131.438400268555,-86.7525,26.214,11.9214409752504,63,63,63,63,61,63,0,8046,1.33458767306251,26,-87,0.001869,51,2026-08-02 13:38:53.00145,836,1.037,0.0011,"aoml_navis",1031.2197191279
"7901009",118,0,1,0.026166,1,0.003738,1,136.605335717182,1,4.8485755270661,838,1,6.30900001525879,34.867000579834,0.0261659994721413,0.00980302784591913,131.726699829102,-86.7525,26.214,11.9214409752504,63,63,63,63,61,63,0,8046,1.33458767306251,26,-87,0.001869,51,2026-08-02 13:38:53.00145,838,1.037,0.0011,"aoml_navis",1031.23071345153
"7901009",118,0,1,0.026166,1,0.003738,1,136.943825066902,1,4.8485245447301,840,1,6.29699993133545,34.867000579834,0.0261659994721413,0.00980302784591913,132.053100585938,-86.7525,26.214,11.9214409752504,63,63,63,63,61,63,0,8046,1.33458767306251,26,-87,0.001869,51,2026-08-02 13:38:53.00145,840,1.037,0.0011,"aoml_navis",1031.24155686384
"7901009",118,0,1,0.029904,1,0.007476,1,137.381656950283,1,4.848464414558,842,1,6.27199983596802,34.867000579834,0.0299040004611015,0.0126038929447532,132.475296020508,-86.7525,26.214,11.9214409752504,63,63,63,63,61,63,0,8046,1.33458767306251,26,-87,0.001869,51,2026-08-02 13:38:53.00145,842,1.037,0.0011,"aoml_navis",1031.25434621877
"7901009",118,0,1,0.029904,1,0.007476,1,137.817004479127,1,4.84840852540417,844,1,6.25299978256226,34.867000579834,0.0299040004611015,0.0126038929447532,132.895095825195,-86.7525,26.214,11.9214409752504,63,63,63,63,61,63,0,8046,1.33458767306251,26,-87,0.001869,51,2026-08-02 13:38:53.00145,844,1.037,0.0011,"aoml_navis",1031.26623381704
"7901009",118,0,1,0.031773,1,0.009345,1,138.248934042493,1,4.84835054300934,846,1,6.23099994659424,34.867000579834,0.0317730009555817,0.0140043264254928,133.311599731445,-86.7525,26.214,11.9214409752504,63,63,63,63,61,63,0,8046,1.33458767306251,26,-87,0.001869,51,2026-08-02 13:38:53.00145,846,1.037,0.0011,"aoml_navis",1031.2785669364
"7901009",118,0,1,0.026166,1,0.003738,1,138.706166044744,1,4.84829678679952,848,1,6.21500015258789,34.867000579834,0.0261659994721413,0.00980302784591913,133.752502441406,-86.7525,26.214,11.9214409752504,63,63,63,63,61,63,0,8046,1.33458767306251,26,-87,0.001869,51,2026-08-02 13:38:53.00145,848,1.037,0.0011,"aoml_navis",1031.29000139049
"7901009",118,0,1,0.029904,1,0.007476,1,139.204350337074,1,4.84823235043686,850,1,6.18900012969971,34.8680000305176,0.0299040004611015,0.0126038929447532,134.232894897461,-86.7525,26.214,11.9214409752504,63,63,63,63,61,63,0,8046,1.33458767306251,26,-87,0.001869,51,2026-08-02 13:38:53.00145,850,1.037,0.0011,"aoml_navis",1031.30370794821
"7901009",118,0,1,0.028035,1,0.005607,1,139.787999590268,1,4.84818370055743,852,1,6.17500019073486,34.867000579834,0.0280349999666214,0.0112034603953362,134.795700073242,-86.7525,26.214,11.9214409752504,63,63,63,63,61,63,0,8046,1.33458767306251,26,-87,0.001869,51,2026-08-02 13:38:53.00145,852,1.037,0.0011,"aoml_navis",1031.31405673121
"7901009",118,0,1,0.031773,1,0.009345,1,140.58993974054,1,4.8481173966622,854,1,6.14099979400635,34.867000579834,0.0317730009555817,0.0140043264254928,135.569000244141,-86.7525,26.214,11.9214409752504,63,63,63,63,61,63,0,8046,1.33458767306251,26,-87,0.001869,51,2026-08-02 13:38:53.00145,854,1.037,0.0011,"aoml_navis",1031.32816120385
"7901009",118,0,1,0.035511,1,0.013083,1,141.167465138919,1,4.8480397940646,856,1,6.09600019454956,34.8680000305176,0.0355109982192516,0.0168051905930042,136.125900268555,-86.7525,26.214,11.9214409752504,63,63,63,63,61,63,0,8046,1.33458767306251,26,-87,0.001869,51,2026-08-02 13:38:53.00145,856,1.037,0.0011,"aoml_navis",1031.34466967896
"7901009",118,0,1,0.024297,1,0.001869,1,141.388762579704,1,4.84798681165784,858,1,6.08099985122681,34.8680000305176,0.0242970008403063,0.00840259529650211,136.339294433594,-86.7525,26.214,11.9214409752504,63,63,63,63,61,63,0,8046,1.33458767306251,26,-87,0.001869,51,2026-08-02 13:38:53.00145,858,1.037,0.0011,"aoml_navis",1031.35594098083
"7901009",118,0,1,0.029904,1,0.007476,1,141.422673227942,1,4.84794009676428,860,1,6.07499980926514,34.8680000305176,0.0299040004611015,0.0126038929447532,136.371994018555,-86.7525,26.214,11.9214409752504,63,63,63,63,61,63,0,8046,1.33458767306251,26,-87,0.001869,51,2026-08-02 13:38:53.00145,860,1.037,0.0011,"aoml_navis",1031.36587915705
"7901009",118,0,1,0.033642,1,0.011214,1,141.536747825769,1,4.84789407978706,862,1,6.07000017166138,34.8680000305176,0.0336420014500618,0.0154047571122646,136.481994628906,-86.7525,26.214,11.9214409752504,63,63,63,63,61,63,0,8046,1.33458767306251,26,-87,0.001869,51,2026-08-02 13:38:53.00145,862,1.037,0.0011,"aoml_navis",1031.37566904507
"7901009",118,0,1,0.031773,1,0.009345,1,141.663165076712,1,4.84784736879429,864,1,6.06400012969971,34.8680000305176,0.0317730009555817,0.0140043264254928,136.603897094727,-86.7525,26.214,11.9214409752504,63,63,63,63,61,63,0,8046,1.33458767306251,26,-87,0.001869,51,2026-08-02 13:38:53.00145,864,1.037,0.0011,"aoml_navis",1031.3856067716
"7901009",118,0,1,0.026166,1,0.003738,1,141.913198745775,1,4.84779350019738,866,1,6.05299997329712,34.8689994812012,0.0261659994721413,0.00980302784591913,136.845001220703,-86.7525,26.214,11.9214409752504,63,63,63,63,61,63,0,8046,1.33458767306251,26,-87,0.001869,51,2026-08-02 13:38:53.00145,866,1.037,0.0011,"aoml_navis",1031.39706751049
"7901009",118,0,1,0.029904,1,0.007476,1,142.110538780386,1,4.84773915053963,868,1,6.03599977493286,34.8689994812012,0.0299040004611015,0.0126038929447532,137.035293579102,-86.7525,26.214,11.9214409752504,63,63,63,63,61,63,0,8046,1.33458767306251,26,-87,0.001869,51,2026-08-02 13:38:53.00145,868,1.037,0.0011,"aoml_navis",1031.40863085495
"7901009",118,0,1,0.029904,1,0.007476,1,142.308211117196,1,4.84769383652755,870,1,6.03200006484985,34.8689994812012,0.0299040004611015,0.0126038929447532,137.22590637207,-86.7525,26.214,11.9214409752504,63,63,63,63,61,63,0,8046,1.33458767306251,26,-87,0.001869,51,2026-08-02 13:38:53.00145,870,1.037,0.0011,"aoml_navis",1031.41827198839
"7901009",118,0,1,0.033642,1,0.011214,1,142.615163405816,1,4.84764296923785,872,1,6.01999998092651,34.8689994812012,0.0336420014500618,0.0154047571122646,137.521896362305,-86.7525,26.214,11.9214409752504,63,63,63,63,61,63,0,8046,1.33458767306251,26,-87,0.001869,51,2026-08-02 13:38:53.00145,872,1.037,0.0011,"aoml_navis",1031.42909486713
"7901009",118,0,1,0.033642,1,0.011214,1,142.89692402295,1,4.84758725199061,874,1,6.00099992752075,34.8689994812012,0.0336420014500618,0.0154047571122646,137.793594360352,-86.7525,26.214,11.9214409752504,63,63,63,63,61,63,0,8046,1.33458767306251,26,-87,0.001869,51,2026-08-02 13:38:53.00145,874,1.037,0.0011,"aoml_navis",1031.44094991726
"7901009",118,0,1,0.029904,1,0.007476,1,143.064198620486,1,4.84753548726297,876,1,5.99300003051758,34.8699989318848,0.0299040004611015,0.0126038929447532,137.954895019531,-86.7525,26.214,11.9214409752504,63,63,63,63,61,63,0,8046,1.33458767306251,26,-87,0.001869,51,2026-08-02 13:38:53.00145,876,1.037,0.0011,"aoml_navis",1031.45196422752
"7901009",118,0,1,0.028035,1,0.005607,1,143.25440206977,1,4.84748879405521,878,1,5.98699998855591,34.8699989318848,0.0280349999666214,0.0112034603953362,138.138305664062,-86.7525,26.214,11.9214409752504,63,63,63,63,61,63,0,8046,1.33458767306251,26,-87,0.001869,51,2026-08-02 13:38:53.00145,878,1.037,0.0011,"aoml_navis",1031.46189964004
"7901009",118,0,1,0.026166,1,0.003738,1,143.381642164253,1,4.84744487536609,880,1,5.9850001335144,34.8699989318848,0.0261659994721413,0.00980302784591913,138.261001586914,-86.7525,26.214,11.9214409752504,63,63,63,63,61,63,0,8046,1.33458767306251,26,-87,0.001869,51,2026-08-02 13:38:53.00145,880,1.037,0.0011,"aoml_navis",1031.47124486328
"7901009",118,0,1,0.029904,1,0.007476,1,143.69077815304,1,4.84740095830764,882,1,5.98299980163574,34.8699989318848,0.0299040004611015,0.0126038929447532,138.559097290039,-86.7525,26.214,11.9214409752504,63,63,63,63,61,63,0,8046,1.33458767306251,26,-87,0.001869,51,2026-08-02 13:38:53.00145,882,1.037,0.0011,"aoml_navis",1031.48058990887
"7901009",118,0,1,0.033642,1,0.011214,1,144.211369107948,1,4.8473586462279,884,1,5.97800016403198,34.8689994812012,0.0336420014500618,0.0154047571122646,139.061096191406,-86.7525,26.214,11.9214409752504,63,63,63,63,61,63,0,8046,1.33458767306251,26,-87,0.001869,51,2026-08-02 13:38:53.00145,884,1.037,0.0011,"aoml_navis",1031.48959359359
"7901009",118,0,1,0.033642,1,0.011214,1,144.755300336374,1,4.84729442486391,886,1,5.9520001411438,34.8699989318848,0.0336420014500618,0.0154047571122646,139.585601806641,-86.7525,26.214,11.9214409752504,63,63,63,63,61,63,0,8046,1.33458767306251,26,-87,0.001869,51,2026-08-02 13:38:53.00145,886,1.037,0.0011,"aoml_navis",1031.50325970562
"7901009",118,0,1,0.028035,1,0.005607,1,144.935012530511,1,4.84723805919907,888,1,5.93200016021729,34.8699989318848,0.0280349999666214,0.0112034603953362,139.758895874023,-86.7525,26.214,11.9214409752504,63,63,63,63,61,63,0,8046,1.33458767306251,26,-87,0.001869,51,2026-08-02 13:38:53.00145,888,1.037,0.0011,"aoml_navis",1031.51525444702
"7901009",118,0,1,0.026166,1,0.003738,1,145.073361012798,1,4.8471913805574,890,1,5.92600011825562,34.8699989318848,0.0261659994721413,0.00980302784591913,139.892303466797,-86.7525,26.214,11.9214409752504,63,63,63,63,61,63,0,8046,1.33458767306251,26,-87,0.001869,51,2026-08-02 13:38:53.00145,890,1.037,0.0011,"aoml_navis",1031.52518797907
"7901009",118,0,1,0.029904,1,0.007476,1,145.217200393329,1,4.84714539501439,892,1,5.9210000038147,34.8699989318848,0.0299040004611015,0.0126038929447532,140.031005859375,-86.7525,26.214,11.9214409752504,63,63,63,63,61,63,0,8046,1.33458767306251,26,-87,0.001869,51,2026-08-02 13:38:53.00145,892,1.037,0.0011,"aoml_navis",1031.5349742021
"7901009",118,0,1,0.026166,1,0.003738,1,145.391421689221,1,4.84709733829894,894,1,5.91300010681152,34.8699989318848,0.0261659994721413,0.00980302784591913,140.199005126953,-86.7525,26.214,11.9214409752504,63,63,63,63,61,63,0,8046,1.33458767306251,26,-87,0.001869,51,2026-08-02 13:38:53.00145,894,1.037,0.0011,"aoml_navis",1031.54520139154
"7901009",118,0,1,0.029904,1,0.007476,1,145.707504376363,1,4.84704790250977,896,1,5.90299987792969,34.8699989318848,0.0299040004611015,0.0126038929447532,140.503799438477,-86.7525,26.214,11.9214409752504,63,63,63,63,61,63,0,8046,1.33458767306251,26,-87,0.001869,51,2026-08-02 13:38:53.00145,896,1.037,0.0011,"aoml_navis",1031.55572228016
"7901009",118,0,1,0.028035,1,0.005607,1,145.956082245315,1,4.84699064682489,898,1,5.88700008392334,34.8709983825684,0.0280349999666214,0.0112034603953362,140.743499755859,-86.7525,26.214,11.9214409752504,63,63,63,63,61,63,0,8046,1.33458767306251,26,-87,0.001869,51,2026-08-02 13:38:53.00145,898,1.037,0.0011,"aoml_navis",1031.5679076615
"7901009",118,0,1,0.028035,1,0.005607,1,146.16598646784,1,4.84694604977918,900,1,5.88399982452393,34.8709983825684,0.0280349999666214,0.0112034603953362,140.945907592773,-86.7525,26.214,11.9214409752504,63,63,63,63,61,63,0,8046,1.33458767306251,26,-87,0.001869,51,2026-08-02 13:38:53.00145,900,1.037,0.0011,"aoml_navis",1031.57739918062
"7901009",118,0,1,0.033642,1,0.011214,1,146.33834054185,1,4.84689386585372,902,1,5.86999988555908,34.8709983825684,0.0336420014500618,0.0154047571122646,141.112106323242,-86.7525,26.214,11.9214409752504,63,63,63,63,61,63,0,8046,1.33458767306251,26,-87,0.001869,51,2026-08-02 13:38:53.00145,902,1.037,0.0011,"aoml_navis",1031.5885056252
"7901009",118,0,1,0.031773,1,0.009345,1,146.562533758943,1,4.846847892788,904,1,5.86499977111816,34.8709983825684,0.0317730009555817,0.0140043264254928,141.32829284668,-86.7525,26.214,11.9214409752504,63,63,63,63,61,63,0,8046,1.33458767306251,26,-87,0.001869,51,2026-08-02 13:38:53.00145,904,1.037,0.0011,"aoml_navis",1031.59829039403
"7901009",118,0,1,0.031773,1,0.009345,1,146.879866535311,1,4.84679709647966,906,1,5.85300016403198,34.8709983825684,0.0317730009555817,0.0140043264254928,141.634292602539,-86.7525,26.214,11.9214409752504,63,63,63,63,61,63,0,8046,1.33458767306251,26,-87,0.001869,51,2026-08-02 13:38:53.00145,906,1.037,0.0011,"aoml_navis",1031.60910194314
"7901009",118,0,1,0.026166,1,0.003738,1,147.220444641712,1,4.84673709995424,908,1,5.83300018310547,34.8720016479492,0.0261659994721413,0.00980302784591913,141.962707519531,-86.7525,26.214,11.9214409752504,63,63,63,63,61,63,0,8046,1.33458767306251,26,-87,0.001869,51,2026-08-02 13:38:53.00145,908,1.037,0.0011,"aoml_navis",1031.62187196974
"7901009",118,0,1,0.026166,1,0.003738,1,147.576451064507,1,4.84668838059652,910,1,5.82399988174438,34.8720016479492,0.0261659994721413,0.00980302784591913,142.305999755859,-86.7525,26.214,11.9214409752504,63,63,63,63,61,63,0,8046,1.33458767306251,26,-87,0.001869,51,2026-08-02 13:38:53.00145,910,1.037,0.0011,"aoml_navis",1031.63224192776
"7901009",118,0,1,0.029904,1,0.007476,1,147.947806684124,1,4.84663760103845,912,1,5.81199979782104,34.8720016479492,0.0299040004611015,0.0126038929447532,142.664093017578,-86.7525,26.214,11.9214409752504,63,63,63,63,61,63,0,8046,1.33458767306251,26,-87,0.001869,51,2026-08-02 13:38:53.00145,912,1.037,0.0011,"aoml_navis",1031.64305062311
"7901009",118,0,1,0.033642,1,0.011214,1,148.106378128822,1,4.8465838318361,914,1,5.80100011825562,34.8730010986328,0.0336420014500618,0.0154047571122646,142.817001342773,-86.7525,26.214,11.9214409752504,63,63,63,63,61,63,0,8046,1.33458767306251,26,-87,0.001869,51,2026-08-02 13:38:53.00145,914,1.037,0.0011,"aoml_navis",1031.65449592683
"7901009",118,0,1,0.033642,1,0.011214,1,148.262449395069,1,4.8465415542011,916,1,5.7960000038147,34.8720016479492,0.0336420014500618,0.0154047571122646,142.967498779297,-86.7525,26.214,11.9214409752504,63,63,63,63,61,63,0,8046,1.33458767306251,26,-87,0.001869,51,2026-08-02 13:38:53.00145,916,1.037,0.0011,"aoml_navis",1031.66349531572
"7901009",118,0,1,0.033642,1,0.011214,1,148.449630476732,1,4.8464949089122,918,1,5.78999996185303,34.8720016479492,0.0336420014500618,0.0154047571122646,143.147994995117,-86.7525,26.214,11.9214409752504,63,63,63,63,61,63,0,8046,1.33458767306251,26,-87,0.001869,51,2026-08-02 13:38:53.00145,918,1.037,0.0011,"aoml_navis",1031.67342460332
"7901009",118,0,1,0.033642,1,0.011214,1,148.717608464554,1,4.84642511071427,920,1,5.76100015640259,34.8740005493164,0.0336420014500618,0.0154047571122646,143.406402587891,-86.7525,26.214,11.9214409752504,63,63,63,63,61,63,0,8046,1.33458767306251,26,-87,0.001869,51,2026-08-02 13:38:53.00145,920,1.037,0.0011,"aoml_navis",1031.68828276047
"7901009",118,0,1,0.029904,1,0.007476,1,148.806792045266,1,4.84637161537955,922,1,5.74499988555908,34.8740005493164,0.0299040004611015,0.0126038929447532,143.492401123047,-86.7525,26.214,11.9214409752504,63,63,63,63,61,63,0,8046,1.33458767306251,26,-87,0.001869,51,2026-08-02 13:38:53.00145,922,1.037,0.0011,"aoml_navis",1031.69967076667
"7901009",118,0,1,0.029904,1,0.007476,1,148.923256054146,1,4.84632292409693,924,1,5.73600006103516,34.8740005493164,0.0299040004611015,0.0126038929447532,143.604705810547,-86.7525,26.214,11.9214409752504,63,63,63,63,61,63,0,8046,1.33458767306251,26,-87,0.001869,51,2026-08-02 13:38:53.00145,924,1.037,0.0011,"aoml_navis",1031.71003631206
"7901009",118,0,1,0.035511,1,0.013083,1,149.003309236336,1,4.8462756056251,926,1,5.72900009155273,34.8740005493164,0.0355109982192516,0.0168051905930042,143.681900024414,-86.7525,26.214,11.9214409752504,63,63,63,63,61,63,0,8046,1.33458767306251,26,-87,0.001869,51,2026-08-02 13:38:53.00145,926,1.037,0.0011,"aoml_navis",1031.72010980896
"7901009",118,0,1,0.028035,1,0.005607,1,149.143002751335,1,4.84623171423631,928,1,5.72700023651123,34.8740005493164,0.0280349999666214,0.0112034603953362,143.816604614258,-86.7525,26.214,11.9214409752504,63,63,63,63,61,63,0,8046,1.33458767306251,26,-87,0.001869,51,2026-08-02 13:38:53.00145,928,1.037,0.0011,"aoml_navis",1031.72945389961
"7901009",118,0,1,0.029904,1,0.007476,1,149.349362417068,1,4.84618140233016,930,1,5.72100019454956,34.875,0.0299040004611015,0.0126038929447532,144.015594482422,-86.7525,26.214,11.9214409752504,63,63,63,63,61,63,0,8046,1.33458767306251,26,-87,0.001869,51,2026-08-02 13:38:53.00145,930,1.037,0.0011,"aoml_navis",1031.74016507015
"7901009",118,0,1,0.028035,1,0.005607,1,149.659242129824,1,4.84613340462141,932,1,5.71299982070923,34.875,0.0280349999666214,0.0112034603953362,144.314407348633,-86.7525,26.214,11.9214409752504,63,63,63,63,61,63,0,8046,1.33458767306251,26,-87,0.001869,51,2026-08-02 13:38:53.00145,932,1.037,0.0011,"aoml_navis",1031.75038376613
"7901009",118,0,1,0.031773,1,0.009345,1,150.051232133623,1,4.84608540982765,934,1,5.70499992370605,34.875,0.0317730009555817,0.0140043264254928,144.692398071289,-86.7525,26.214,11.9214409752504,63,63,63,63,61,63,0,8046,1.33458767306251,26,-87,0.001869,51,2026-08-02 13:38:53.00145,934,1.037,0.0011,"aoml_navis",1031.76060204391
"7901009",118,0,1,0.033642,1,0.011214,1,150.582092808879,1,4.84603126035134,936,1,5.68800020217896,34.875,0.0336420014500618,0.0154047571122646,145.204299926758,-86.7525,26.214,11.9214409752504,63,63,63,63,61,63,0,8046,1.33458767306251,26,-87,0.001869,51,2026-08-02 13:38:53.00145,936,1.037,0.0011,"aoml_navis",1031.77213092049
"7901009",118,0,1,0.029904,1,0.007476,1,151.000746108189,1,4.8459778040723,938,1,5.67199993133545,34.875,0.0299040004611015,0.0126038929447532,145.608001708984,-86.7525,26.214,11.9214409752504,63,63,63,63,61,63,0,8046,1.33458767306251,26,-87,0.001869,51,2026-08-02 13:38:53.00145,938,1.037,0.0011,"aoml_navis",1031.78351246229
"7901009",118,0,1,0.031773,1,0.009345,1,151.356246165728,1,4.84592545545373,940,1,5.66300010681152,34.8759994506836,0.0317730009555817,0.0140043264254928,145.950805664062,-86.7525,26.214,11.9214409752504,63,63,63,63,61,63,0,8046,1.33458767306251,26,-87,0.001869,51,2026-08-02 13:38:53.00145,940,1.037,0.0011,"aoml_navis",1031.79465841202
"7901009",118,0,1,0.029904,1,0.007476,1,151.62928780611,1,4.84587474343004,942,1,5.65100002288818,34.8759994506836,0.0299040004611015,0.0126038929447532,146.214096069336,-86.7525,26.214,11.9214409752504,63,63,63,63,61,63,0,8046,1.33458767306251,26,-87,0.001869,51,2026-08-02 13:38:53.00145,942,1.037,0.0011,"aoml_navis",1031.8054561313
"7901009",118,0,1,0.029904,1,0.007476,1,151.947759904304,1,4.84582676606492,944,1,5.64300012588501,34.8759994506836,0.0299040004611015,0.0126038929447532,146.521194458008,-86.7525,26.214,11.9214409752504,63,63,63,63,61,63,0,8046,1.33458767306251,26,-87,0.001869,51,2026-08-02 13:38:53.00145,944,1.037,0.0011,"aoml_navis",1031.81567178892
"7901009",118,0,1,0.029904,1,0.007476,1,152.254205827668,1,4.8457787912826,946,1,5.63500022888184,34.8759994506836,0.0299040004611015,0.0126038929447532,146.816696166992,-86.7525,26.214,11.9214409752504,63,63,63,63,61,63,0,8046,1.33458767306251,26,-87,0.001869,51,2026-08-02 13:38:53.00145,946,1.037,0.0011,"aoml_navis",1031.82588709886
"7901009",118,0,1,0.033642,1,0.011214,1,152.683128847326,1,4.84571895542165,948,1,5.61499977111816,34.8769989013672,0.0336420014500618,0.0154047571122646,147.23030090332,-86.7525,26.214,11.9214409752504,63,63,63,63,61,63,0,8046,1.33458767306251,26,-87,0.001869,51,2026-08-02 13:38:53.00145,948,1.037,0.0011,"aoml_navis",1031.83862828151
"7901009",118,0,1,0.029904,1,0.007476,1,152.880373938452,1,4.84566349735375,950,1,5.59600019454956,34.8769989013672,0.0299040004611015,0.0126038929447532,147.420501708984,-86.7525,26.214,11.9214409752504,63,63,63,63,61,63,0,8046,1.33458767306251,26,-87,0.001869,51,2026-08-02 13:38:53.00145,950,1.037,0.0011,"aoml_navis",1031.85043755732
"7901009",118,0,1,0.029904,1,0.007476,1,153.101370724866,1,4.84561689608593,952,1,5.59000015258789,34.8769989013672,0.0299040004611015,0.0126038929447532,147.633605957031,-86.7525,26.214,11.9214409752504,63,63,63,63,61,63,0,8046,1.33458767306251,26,-87,0.001869,51,2026-08-02 13:38:53.00145,952,1.037,0.0011,"aoml_navis",1031.86036106956
"7901009",118,0,1,0.028035,1,0.005607,1,153.34589767177,1,4.8455625325427,954,1,5.57800006866455,34.8779983520508,0.0280349999666214,0.0112034603953362,147.869400024414,-86.7525,26.214,11.9214409752504,63,63,63,63,61,63,0,8046,1.33458767306251,26,-87,0.001869,51,2026-08-02 13:38:53.00145,954,1.037,0.0011,"aoml_navis",1031.87193776163
"7901009",118,0,1,0.029904,1,0.007476,1,153.58575656397,1,4.84551525583021,956,1,5.57100009918213,34.8779983520508,0.0299040004611015,0.0126038929447532,148.100692749023,-86.7525,26.214,11.9214409752504,63,63,63,63,61,63,0,8046,1.33458767306251,26,-87,0.001869,51,2026-08-02 13:38:53.00145,956,1.037,0.0011,"aoml_navis",1031.88200552746
"7901009",118,0,1,0.035511,1,0.013083,1,153.891063165508,1,4.84547002123973,958,1,5.56699991226196,34.8779983520508,0.0355109982192516,0.0168051905930042,148.395095825195,-86.7525,26.214,11.9214409752504,63,63,63,63,61,63,0,8046,1.33458767306251,26,-87,0.001869,51,2026-08-02 13:38:53.00145,958,1.037,0.0011,"aoml_navis",1031.89163859912
"7901009",118,0,1,0.031773,1,0.009345,1,154.504271490521,1,4.84542410839556,960,1,5.56199979782104,34.8779983520508,0.0317730009555817,0.0140043264254928,148.986404418945,-86.7525,26.214,11.9214409752504,63,63,63,63,61,63,0,8046,1.33458767306251,26,-87,0.001869,51,2026-08-02 13:38:53.00145,960,1.037,0.0011,"aoml_navis",1031.90141629432
"7901009",118,0,1,0.029904,1,0.007476,1,155.059912415493,1,4.84536023286218,962,1,5.53599977493286,34.8790016174316,0.0299040004611015,0.0126038929447532,149.522201538086,-86.7525,26.214,11.9214409752504,63,63,63,63,61,63,0,8046,1.33458767306251,26,-87,0.001869,51,2026-08-02 13:38:53.00145,962,1.037,0.0011,"aoml_navis",1031.91501966954
"7901009",118,0,1,0.031773,1,0.009345,1,155.391249355972,1,4.84530753852569,964,1,5.52099990844727,34.8790016174316,0.0317730009555817,0.0140043264254928,149.841705322266,-86.7525,26.214,11.9214409752504,63,63,63,63,61,63,0,8046,1.33458767306251,26,-87,0.001869,51,2026-08-02 13:38:53.00145,964,1.037,0.0011,"aoml_navis",1031.92624208976
"7901009",118,0,1,0.029904,1,0.007476,1,155.67228207305,1,4.84526163281379,966,1,5.51599979400635,34.8790016174316,0.0299040004611015,0.0126038929447532,150.112701416016,-86.7525,26.214,11.9214409752504,63,63,63,63,61,63,0,8046,1.33458767306251,26,-87,0.001869,51,2026-08-02 13:38:53.00145,966,1.037,0.0011,"aoml_navis",1031.93601892172
"7901009",118,0,1,0.026166,1,0.003738,1,156.059303367775,1,4.84521233832105,968,1,5.50600004196167,34.8790016174316,0.0261659994721413,0.00980302784591913,150.485900878906,-86.7525,26.214,11.9214409752504,63,63,63,63,61,63,0,8046,1.33458767306251,26,-87,0.001869,51,2026-08-02 13:38:53.00145,968,1.037,0.0011,"aoml_navis",1031.9465176902
"7901009",118,0,1,0.029904,1,0.007476,1,156.276660653912,1,4.84515326777225,970,1,5.48699998855591,34.8800010681152,0.0299040004611015,0.0126038929447532,150.695495605469,-86.7525,26.214,11.9214409752504,63,63,63,63,61,63,0,8046,1.33458767306251,26,-87,0.001869,51,2026-08-02 13:38:53.00145,970,1.037,0.0011,"aoml_navis",1031.95909884992
"7901009",118,0,1,0.031773,1,0.009345,1,156.385244353495,1,4.84510872338348,972,1,5.48400020599365,34.8800010681152,0.0317730009555817,0.0140043264254928,150.800201416016,-86.7525,26.214,11.9214409752504,63,63,63,63,61,63,0,8046,1.33458767306251,26,-87,0.001869,51,2026-08-02 13:38:53.00145,972,1.037,0.0011,"aoml_navis",1031.96858635369
"7901009",118,0,1,0.029904,1,0.007476,1,156.504509195196,1,4.84506485784902,974,1,5.48199987411499,34.8800010681152,0.0299040004611015,0.0126038929447532,150.91520690918,-86.7525,26.214,11.9214409752504,63,63,63,63,61,63,0,8046,1.33458767306251,26,-87,0.001869,51,2026-08-02 13:38:53.00145,974,1.037,0.0011,"aoml_navis",1031.97792943886
"7901009",118,0,1,0.028035,1,0.005607,1,156.729952501515,1,4.8450209945871,976,1,5.48000001907349,34.8800010681152,0.0280349999666214,0.0112034603953362,151.132598876953,-86.7525,26.214,11.9214409752504,63,63,63,63,61,63,0,8046,1.33458767306251,26,-87,0.001869,51,2026-08-02 13:38:53.00145,976,1.037,0.0011,"aoml_navis",1031.98727220915
"7901009",118,0,1,0.031773,1,0.009345,1,156.843409966687,1,4.84497645570394,978,1,5.47700023651123,34.8800010681152,0.0317730009555817,0.0140043264254928,151.242004394531,-86.7525,26.214,11.9214409752504,63,63,63,63,61,63,0,8046,1.33458767306251,26,-87,0.001869,51,2026-08-02 13:38:53.00145,978,1.037,0.0011,"aoml_navis",1031.99675905825
"7901009",118,0,1,0.029904,1,0.007476,1,160.957437784695,1,4.84446443290606,999.200012207031,1,5.40240001678467,34.882999420166,0.0299040004611015,0.0126038929447532,155.209106445312,-86.7525,26.214,11.9214409752504,63,63,63,63,61,63,0,8046,1.33458767306251,26,-87,0.001869,51,2026-08-02 13:38:53.00145,999.200012207031,1.037,0.0011,"aoml_navis",1032.10583321398
"7901009",118,0,1,0.022428,1,0,1,166.844788377034,1,4.84323030695277,1049.40002441406,1,5.18590021133423,34.8889999389648,0.0224280003458261,0.00700216321274638,160.886199951172,-86.7525,26.214,11.9214409752504,63,63,63,63,61,63,0,8046,1.33458767306251,26,-87,0.001869,51,2026-08-02 13:38:53.00145,1049.40002441406,1.037,0.0011,"aoml_navis",1032.36882888311
"7901009",118,0,1,0.029904,1,0.007476,1,171.69480227072,1,4.84205237570305,1099.69995117188,1,5.04869985580444,34.8940010070801,0.0299040004611015,0.0126038929447532,165.563003540039,-86.7525,26.214,11.9214409752504,63,63,63,63,61,63,0,8046,1.33458767306251,26,-87,0.001869,51,2026-08-02 13:38:53.00145,1099.69995117188,1.037,0.0011,"aoml_navis",1032.61997435003
"7901009",118,0,1,0.026166,1,0.003738,1,177.229975827513,1,4.84086622873997,1149.90002441406,1,4.89419984817505,34.898998260498,0.0261659994721413,0.00980302784591913,170.900497436523,-86.7525,26.214,11.9214409752504,63,63,63,63,61,63,0,8046,1.33458767306251,26,-87,0.001869,51,2026-08-02 13:38:53.00145,1149.90002441406,1.037,0.0011,"aoml_navis",1032.87299498492
"7901009",118,0,1,0.028035,1,0.005607,1,183.285028263072,1,4.83967872800645,1199.80004882812,1,4.73729991912842,34.9059982299805,0.0280349999666214,0.0112034603953362,176.739303588867,-86.7525,26.214,11.9214409752504,63,63,63,63,61,63,0,8046,1.33458767306251,26,-87,0.001869,51,2026-08-02 13:38:53.00145,1199.80004882812,1.037,0.0011,"aoml_navis",1033.12642863374
"7901009",118,0,1,0.029904,1,0.007476,1,187.274711762905,1,4.83852399731381,1250,1,4.62099981307983,34.9099998474121,0.0299040004611015,0.0126038929447532,180.586502075195,-86.7525,26.214,11.9214409752504,63,63,63,63,61,63,0,8046,1.33458767306251,26,-87,0.001869,51,2026-08-02 13:38:53.00145,1250,1.037,0.0011,"aoml_navis",1033.37298787313
"7901009",118,0,1,0.031773,1,0.009345,1,190.668102702057,1,4.83740431452175,1299.5,1,4.53359985351562,34.9140014648438,0.0317730009555817,0.0140043264254928,183.858703613281,-86.7525,26.214,11.9214409752504,63,63,63,63,61,63,0,8046,1.33458767306251,26,-87,0.001869,51,2026-08-02 13:38:53.00145,1299.5,1.037,0.0011,"aoml_navis",1033.61217605693
"7901009",118,0,1,0.029904,1,0.007476,1,194.182309226507,1,4.83629974643924,1349,1,4.46180009841919,34.9169998168945,0.0299040004611015,0.0126038929447532,187.247406005859,-86.7525,26.214,11.9214409752504,63,63,63,63,61,63,0,8046,1.33458767306251,26,-87,0.001869,51,2026-08-02 13:38:53.00145,1349,1.037,0.0011,"aoml_navis",1033.84824393511
"7901009",118,0,1,0.028035,1,0.005607,1,196.039008205021,1,4.83519662528129,1399.59997558594,1,4.42530012130737,34.9199981689453,0.0280349999666214,0.0112034603953362,189.037796020508,-86.7525,26.214,11.9214409752504,63,63,63,63,61,63,0,8046,1.33458767306251,26,-87,0.001869,51,2026-08-02 13:38:53.00145,1399.59997558594,1.037,0.0011,"aoml_navis",1034.0841102215
"7901009",118,0,1,0.028035,1,0.005607,1,197.367140975846,1,4.83410256319244,1450.09997558594,1,4.3863000869751,34.9210014343262,0.0280349999666214,0.0112034603953362,190.318496704102,-86.7525,26.214,11.9214409752504,63,63,63,63,61,63,0,8046,1.33458767306251,26,-87,0.001869,51,2026-08-02 13:38:53.00145,1450.09997558594,1.037,0.0011,"aoml_navis",1034.31814584794
"7901009",118,0,1,0.028035,1,0.005607,1,198.344346800349,1,4.83304696669095,1499.59997558594,1,4.37120008468628,34.9220008850098,0.0280349999666214,0.0112034603953362,191.260803222656,-86.7525,26.214,11.9214409752504,63,63,63,63,61,63,0,8046,1.33458767306251,26,-87,0.001869,51,2026-08-02 13:38:53.00145,1499.59997558594,1.037,0.0011,"aoml_navis",1034.54405356697
"7901009",118,0,1,0.028035,1,0.005607,1,199.259222226623,1,4.83198546242792,1549.5,1,4.35769987106323,34.9230003356934,0.0280349999666214,0.0112034603953362,192.143005371094,-86.7525,26.214,11.9214409752504,63,63,63,63,61,63,0,8046,1.33458767306251,26,-87,0.001869,51,2026-08-02 13:38:53.00145,1549.5,1.037,0.0011,"aoml_navis",1034.77132513715
"7901009",118,0,1,0.03738,1,0.014952,1,200.005462198735,1,4.83092834171289,1599.40002441406,1,4.34849977493286,34.923999786377,0.0373799987137318,0.0182056240737438,192.862594604492,-86.7525,26.214,11.9214409752504,63,63,63,63,61,63,0,8046,1.33458767306251,26,-87,0.001869,51,2026-08-02 13:38:53.00145,1599.40002441406,1.037,0.0011,"aoml_navis",1034.99775743458
"7901009",118,0,1,0.033642,1,0.011214,1,200.440714784093,1,4.82988444717872,1648.90002441406,1,4.33890008926392,34.923999786377,0.0336420014500618,0.0154047571122646,193.282302856445,-86.7525,26.214,11.9214409752504,63,63,63,63,61,63,0,8046,1.33458767306251,26,-87,0.001869,51,2026-08-02 13:38:53.00145,1648.90002441406,1.037,0.0011,"aoml_navis",1035.22145398751
"7901009",118,0,1,0.029904,1,0.007476,1,200.997178552605,1,4.82881721804623,1699.5,1,4.33199977874756,34.9249992370605,0.0299040004611015,0.0126038929447532,193.818893432617,-86.7525,26.214,11.9214409752504,63,63,63,63,61,63,0,8046,1.33458767306251,26,-87,0.001869,51,2026-08-02 13:38:53.00145,1699.5,1.037,0.0011,"aoml_navis",1035.45025090493
"7901009",118,0,1,0.035511,1,0.013083,1,201.223777004664,1,4.82777318941893,1749.19995117188,1,4.32399988174438,34.9249992370605,0.0355109982192516,0.0168051905930042,194.037399291992,-86.7525,26.214,11.9214409752504,63,63,63,63,61,63,0,8046,1.33458767306251,26,-87,0.001869,51,2026-08-02 13:38:53.00145,1749.19995117188,1.037,0.0011,"aoml_navis",1035.67417188499
"7901009",118,0,1,0.020559,1,-0.001869,1,201.822870398166,1,4.82671824161894,1799.40002441406,1,4.31839990615845,34.9259986877441,0.020558999851346,0.00560173019766808,194.615097045898,-86.7525,26.214,11.9214409752504,63,63,63,63,61,63,0,8046,1.33458767306251,26,-87,0.001869,51,2026-08-02 13:38:53.00145,1799.40002441406,1.037,0.0011,"aoml_navis",1035.90053317944
"7901009",118,0,1,0.029904,1,0.007476,1,202.380805790704,1,4.82568048557155,1849.09997558594,1,4.31510019302368,34.9259986877441,0.0299040004611015,0.0126038929447532,195.153106689453,-86.7525,26.214,11.9214409752504,63,63,63,63,61,63,0,8046,1.33458767306251,26,-87,0.001869,51,2026-08-02 13:38:53.00145,1849.09997558594,1.037,0.0011,"aoml_navis",1036.12330218498
"7901009",118,0,1,0.026166,1,0.003738,1,202.943915603202,1,4.82462900097965,1899.19995117188,1,4.30719995498657,34.9269981384277,0.0261659994721413,0.00980302784591913,195.696105957031,-86.7525,26.214,11.9214409752504,63,63,63,63,61,63,0,8046,1.33458767306251,26,-87,0.001869,51,2026-08-02 13:38:53.00145,1899.19995117188,1.037,0.0011,"aoml_navis",1036.34911595995
"7901009",118,0,1,0.026166,1,0.003738,1,203.27420816534,1,4.82359093849274,1949.09997558594,1,4.30509996414185,34.9269981384277,0.0261659994721413,0.00980302784591913,196.014602661133,-86.7525,26.214,11.9214409752504,63,63,63,63,61,63,0,8046,1.33458767306251,26,-87,0.001869,51,2026-08-02 13:38:53.00145,1949.09997558594,1.037,0.0011,"aoml_navis",1036.57214381499
"7901009",118,0,1,0.024297,1,0.001869,1,200.674560588878,4,4.8225441723103,1999.5,1,4.30319976806641,34.9269981384277,0.0242970008403063,0.00840259529650211,193.507797241211,-86.7525,26.214,11.9214409752504,63,63,63,63,61,63,0,8046,1.33458767306251,26,-87,0.001869,51,2026-08-02 13:38:53.00145,1999.5,1.037,0.0011,"aoml_navis",1036.79713888545
"7901009",119,0.0238073531183528,5,0.039249,1,0.016821,1,191.211776761324,1,4.8897210903243,2.29999995231628,1,30.3190002441406,36.2360000610352,0.0392489992082119,1.06292831897736,184.382904052734,-87.4889,26.1385,19.8687922871603,63,63,63,63,61,63,0.031773,8046,1.33458767306251,26,-87,0.001869,51,2026-08-12 20:50:17.002218,2.29999995231628,1.037,0.0011,"aoml_navis",1022.55321063075
"7901009",119,0.0238073531183528,5,0.042987,1,0.020559,1,191.305422714902,1,4.88955449305584,4,1,30.2390003204346,36.2360000610352,0.0429870001971722,1.06292831897736,184.473205566406,-87.4889,26.1385,19.8687922871603,63,63,63,63,61,63,0.031773,8046,1.33458767306251,26,-87,0.001869,51,2026-08-12 20:50:17.002218,4,1.037,0.0011,"aoml_navis",1022.58805114065
"7901009",119,0.0238073531183528,5,0.048594,1,0.026166,1,191.359445574908,1,4.88943031227529,6,1,30.1840000152588,36.234001159668,0.0485940016806126,1.06292831897736,184.525299072266,-87.4889,26.1385,19.8687922871603,63,63,63,63,61,63,0.031773,8046,1.33458767306251,26,-87,0.001869,51,2026-08-12 20:50:17.002218,6,1.037,0.0011,"aoml_navis",1022.614022629
"7901009",119,0.0238073531183528,5,0.046725,1,0.024297,1,191.363180019829,1,4.88933389959033,8,1,30.1480007171631,36.2330017089844,0.0467250011861324,1.06292831897736,184.528900146484,-87.4889,26.1385,19.8687922871603,63,63,63,63,61,63,0.031773,8046,1.33458767306251,26,-87,0.001869,51,2026-08-12 20:50:17.002218,8,1.037,0.0011,"aoml_navis",1022.63418753605
"7901009",119,0.0238073531183528,5,0.048594,1,0.026166,1,191.359239863959,1,4.88926055653329,10,1,30.1259994506836,36.2319984436035,0.0485940016806126,1.06292831897736,184.525100708008,-87.4889,26.1385,19.8687922871603,63,63,63,63,61,63,0.031773,8046,1.33458767306251,26,-87,0.001869,51,2026-08-12 20:50:17.002218,10,1.037,0.0011,"aoml_navis",1022.6495279166
"7901009",119,0.0238073531183528,5,0.054201,1,0.031773,1,191.382991566615,1,4.88918527892388,12,1,30.1049995422363,36.2319984436035,0.0542009994387627,1.06292831897736,184.548004150391,-87.4889,26.1385,19.8687922871603,63,63,63,63,61,63,0.031773,8046,1.33458767306251,26,-87,0.001869,51,2026-08-12 20:50:17.002218,12,1.037,0.0011,"aoml_navis",1022.66527340533
"7901009",119,0.0238073531183528,5,0.054201,1,0.031773,1,191.356850452166,1,4.88912151723434,14,1,30.0909996032715,36.2319984436035,0.0542009994387627,1.06292831897736,184.522796630859,-87.4889,26.1385,19.8687922871603,63,63,63,63,61,63,0.031773,8046,1.33458767306251,26,-87,0.001869,51,2026-08-12 20:50:17.002218,14,1.037,0.0011,"aoml_navis",1022.67861053868
"7901009",119,0.0238073531183528,5,0.054201,1,0.031773,1,191.342640572762,1,4.88906627562132,16,1,30.0799999237061,36.2309989929199,0.0542009994387627,1.06292831897736,184.509094238281,-87.4889,26.1385,19.8687922871603,63,63,63,63,61,63,0.031773,8046,1.33458767306251,26,-87,0.001869,51,2026-08-12 20:50:17.002218,16,1.037,0.0011,"aoml_navis",1022.69016579543
"7901009",119,0.0238073531183528,5,0.054201,1,0.031773,1,191.318683159157,1,4.88901402454372,18,1,30.0729999542236,36.2309989929199,0.0542009994387627,1.06292831897736,184.485992431641,-87.4889,26.1385,19.8687922871603,63,63,63,63,61,63,0.031773,8046,1.33458767306251,26,-87,0.001869,51,2026-08-12 20:50:17.002218,18,1.037,0.0011,"aoml_navis",1022.70109574223
"7901009",119,0.0294090832638475,1,0.061677,1,0.039249,1,191.431523526673,1,4.88893714914431,20,1,30.0510005950928,36.2309989929199,0.0616770014166832,1.06292831897736,184.594802856445,-87.4889,26.1385,19.8687922871603,63,63,63,63,61,63,0.039249,8046,1.33458767306251,26,-87,0.001869,51,2026-08-12 20:50:17.002218,20,1.037,0.0011,"aoml_navis",1022.71717706069
"7901009",119,0.0280086507274739,1,0.059808,1,0.03738,1,191.695862096209,1,4.88878033238373,22,1,29.9890003204346,36.2350006103516,0.0598080009222031,1.06292831897736,184.849700927734,-87.4889,26.1385,19.8687922871603,63,63,63,63,61,63,0.03738,8046,1.33458767306251,26,-87,0.001869,51,2026-08-12 20:50:17.002218,22,1.037,0.0011,"aoml_navis",1022.74998262441
"7901009",119,0.0322099483365949,1,0.065415,1,0.042987,1,192.172889963149,1,4.88857052492095,24,1,29.8770008087158,36.2309989929199,0.0654150024056435,1.06292831897736,185.309692382812,-87.4889,26.1385,19.8687922871603,63,63,63,63,61,63,0.042987,8046,1.33458767306251,26,-87,0.001869,51,2026-08-12 20:50:17.002218,24,1.037,0.0011,"aoml_navis",1022.79387696485
"7901009",119,0.036411245945716,1,0.071022,1,0.048594,1,193.031875590728,1,4.88819454561782,26,1,29.6760005950928,36.2330017089844,0.0710219964385033,1.06292831897736,186.138000488281,-87.4889,26.1385,19.8687922871603,63,63,63,63,61,63,0.048594,8046,1.33458767306251,26,-87,0.001869,51,2026-08-12 20:50:17.002218,26,1.037,0.0011,"aoml_navis",1022.87254595511
"7901009",119,0.0448138411639582,1,0.082236,1,0.059808,1,193.544997817268,1,4.88786969081956,28,1,29.4990005493164,36.2319984436035,0.0822359994053841,1.06292831897736,186.632797241211,-87.4889,26.1385,19.8687922871603,63,63,63,63,61,63,0.059808,8046,1.33458767306251,26,-87,0.001869,51,2026-08-12 20:50:17.002218,28,1.037,0.0011,"aoml_navis",1022.94052752492
"7901009",119,0.0378116784820897,1,0.072891,1,0.050463,1,193.687080787388,1,4.88764379110867,30,1,29.367000579834,36.2239990234375,0.0728909969329834,1.06292831897736,186.769805908203,-87.4889,26.1385,19.8687922871603,63,63,63,63,61,63,0.050463,8046,1.33458767306251,26,-87,0.001869,51,2026-08-12 20:50:17.002218,30,1.037,0.0011,"aoml_navis",1022.98780633231
"7901009",119,0.0378116784820897,1,0.072891,1,0.050463,1,193.909201140611,1,4.88740504419461,32,1,29.2399997711182,36.2220001220703,0.0728909969329834,1.06292831897736,186.983993530273,-87.4889,26.1385,19.8687922871603,63,63,63,63,61,63,0.050463,8046,1.33458767306251,26,-87,0.001869,51,2026-08-12 20:50:17.002218,32,1.037,0.0011,"aoml_navis",1023.0377786959
"7901009",119,0.0406125435548371,1,0.076629,1,0.054201,1,193.647869115715,1,4.88722751926291,34,1,29.1439990997314,36.2169990539551,0.0766289979219437,1.06292831897736,186.731994628906,-87.4889,26.1385,19.8687922871603,63,63,63,63,61,63,0.054201,8046,1.33458767306251,26,-87,0.001869,51,2026-08-12 20:50:17.002218,34,1.037,0.0011,"aoml_navis",1023.07493978797
"7901009",119,0.0406125435548371,1,0.076629,1,0.054201,1,193.867410170114,1,4.88698864731779,36,1,29.0230007171631,36.2179985046387,0.0766289979219437,1.06292831897736,186.943695068359,-87.4889,26.1385,19.8687922871603,63,63,63,63,61,63,0.054201,8046,1.33458767306251,26,-87,0.001869,51,2026-08-12 20:50:17.002218,36,1.037,0.0011,"aoml_navis",1023.12494684108
"7901009",119,0.0462142737003319,1,0.084105,1,0.061677,1,194.822937528476,1,4.88681801148395,38,1,28.951000213623,36.2220001220703,0.0841049998998642,1.06292831897736,187.865097045898,-87.4889,26.1385,19.8687922871603,63,63,63,63,61,63,0.061677,8046,1.33458767306251,26,-87,0.001869,51,2026-08-12 20:50:17.002218,38,1.037,0.0011,"aoml_navis",1023.16067188303
"7901009",119,0.0518160038458266,1,0.091581,1,0.069153,1,196.570040618803,1,4.88655028869331,40,1,28.7709999084473,36.2050018310547,0.0915810018777847,1.06292831897736,189.5498046875,-87.4889,26.1385,19.8687922871603,63,63,63,63,61,63,0.069153,8046,1.33458767306251,26,-87,0.001869,51,2026-08-12 20:50:17.002218,40,1.037,0.0011,"aoml_navis",1023.21672849028
"7901009",119,0.0672207617459372,1,0.11214,1,0.089712,1,197.082229234113,1,4.88629375532096,42,1,28.5249996185303,36.1559982299805,0.112139999866486,1.06292831897736,190.043701171875,-87.4889,26.1385,19.8687922871603,63,63,63,63,61,63,0.089712,8046,1.33458767306251,26,-87,0.001869,51,2026-08-12 20:50:17.002218,42,1.037,0.0011,"aoml_navis",1023.27044798631
"7901009",119,0.0840259521824216,1,0.134568,1,0.11214,1,195.820983757616,1,4.8859776200637,44,1,28.5459995269775,36.242000579834,0.134568005800247,1.06292831897736,188.827499389648,-87.4889,26.1385,19.8687922871603,63,63,63,63,61,63,0.11214,8046,1.33458767306251,26,-87,0.001869,51,2026-08-12 20:50:17.002218,44,1.037,0.0011,"aoml_navis",1023.33665620327
"7901009",119,0.113435035446269,1,0.173817,1,0.151389,1,195.391649183018,1,4.8858469555625,46,1,28.5729999542236,36.2789993286133,0.173816993832588,1.06292831897736,188.413497924805,-87.4889,26.1385,19.8687922871603,63,63,63,63,61,63,0.151389,8046,1.33458767306251,26,-87,0.001869,51,2026-08-12 20:50:17.002218,46,1.037,0.0011,"aoml_navis",1023.36402377638
"7901009",119,0.120437198128138,1,0.183162,1,0.160734,1,195.169940251694,1,4.88578310518601,48,1,28.5629997253418,36.2809982299805,0.183162003755569,1.06292831897736,188.19970703125,-87.4889,26.1385,19.8687922871603,63,63,63,63,61,63,0.160734,8046,1.33458767306251,26,-87,0.001869,51,2026-08-12 20:50:17.002218,48,1.037,0.0011,"aoml_navis",1023.37739771804
"7901009",119,0.112034602909895,1,0.171948,1,0.14952,1,195.05254259546,1,4.88563915559327,50,1,28.4890003204346,36.2770004272461,0.171948000788689,1.06292831897736,188.086502075195,-87.4889,26.1385,19.8687922871603,63,63,63,63,61,63,0.14952,8046,1.33458767306251,26,-87,0.001869,51,2026-08-12 20:50:17.002218,50,1.037,0.0011,"aoml_navis",1023.40755032549
"7901009",119,0.116235900519016,1,0.177555,1,0.155127,1,195.094017087574,1,4.88553302383434,52,1,28.4409999847412,36.273998260498,0.177554994821548,1.06292831897736,188.126495361328,-87.4889,26.1385,19.8687922871603,63,63,63,63,61,63,0.155127,8046,1.33458767306251,26,-87,0.001869,51,2026-08-12 20:50:17.002218,52,1.037,0.0011,"aoml_navis",1023.42978250423
"7901009",119,0.123238063200885,1,0.1869,1,0.164472,1,194.997364589356,1,4.88548398584131,54,1,28.4290008544922,36.2709999084473,0.18690000474453,1.06292831897736,188.033294677734,-87.4889,26.1385,19.8687922871603,63,63,63,63,61,63,0.164472,8046,1.33458767306251,26,-87,0.001869,51,2026-08-12 20:50:17.002218,54,1.037,0.0011,"aoml_navis",1023.44005516968
"7901009",119,0.134441523491874,1,0.201852,1,0.179424,1,194.383966187111,1,4.88539420594981,56,1,28.3889999389648,36.2669982910156,0.20185199379921,1.06292831897736,187.441802978516,-87.4889,26.1385,19.8687922871603,63,63,63,63,61,63,0.179424,8046,1.33458767306251,26,-87,0.001869,51,2026-08-12 20:50:17.002218,56,1.037,0.0011,"aoml_navis",1023.45886313752
"7901009",119,0.135841956028248,1,0.203721,1,0.181293,1,192.537837010693,1,4.88512780615055,58,1,28.2940006256104,36.2879981994629,0.20372100174427,1.06292831897736,185.661605834961,-87.4889,26.1385,19.8687922871603,63,63,63,63,61,63,0.181293,8046,1.33458767306251,26,-87,0.001869,51,2026-08-12 20:50:17.002218,58,1.037,0.0011,"aoml_navis",1023.5146752363
"7901009",119,0.141443686173743,1,0.211197,1,0.188769,1,191.737447355757,1,4.88484954099981,60,1,28.1480007171631,36.2900009155273,0.211197003722191,1.06292831897736,184.889801025391,-87.4889,26.1385,19.8687922871603,63,63,63,63,61,63,0.188769,8046,1.33458767306251,26,-87,0.001869,51,2026-08-12 20:50:17.002218,60,1.037,0.0011,"aoml_navis",1023.57297968621
"7901009",119,0.154047579001106,1,0.228018,1,0.20559,1,191.567482640079,1,4.88474088384968,62,1,28.1140003204346,36.2939987182617,0.228018000721931,1.06292831897736,184.72590637207,-87.4889,26.1385,19.8687922871603,63,63,63,63,61,63,0.20559,8046,1.33458767306251,26,-87,0.001869,51,2026-08-12 20:50:17.002218,62,1.037,0.0011,"aoml_navis",1023.59574824765
"7901009",119,0.159649309146601,1,0.235494,1,0.213066,1,190.975430704779,1,4.88465447797033,64,1,28.0849990844727,36.2939987182617,0.235494002699852,1.06292831897736,184.154998779297,-87.4889,26.1385,19.8687922871603,63,63,63,63,61,63,0.213066,8046,1.33458767306251,26,-87,0.001869,51,2026-08-12 20:50:17.002218,64,1.037,0.0011,"aoml_navis",1023.61385488981
"7901009",119,0.190458824946822,1,0.276612,1,0.254184,1,190.561128853382,1,4.88433026318805,66,1,27.8700008392334,36.2789993286133,0.276612013578415,1.06292831897736,183.755493164062,-87.4889,26.1385,19.8687922871603,63,63,63,63,61,63,0.254184,8046,1.33458767306251,26,-87,0.001869,51,2026-08-12 20:50:17.002218,66,1.037,0.0011,"aoml_navis",1023.68180089781
"7901009",119,0.204463150310559,1,0.295302,1,0.272874,1,188.573660431043,1,4.884040450219,68.0999984741211,1,27.7970008850098,36.3160018920898,0.295302003622055,1.06292831897736,181.839004516602,-87.4889,26.1385,19.8687922871603,63,63,63,63,61,63,0.272874,8046,1.33458767306251,26,-87,0.001869,51,2026-08-12 20:50:17.002218,68.0999984741211,1.037,0.0011,"aoml_navis",1023.74254492012
"7901009",119,0.249276991474517,1,0.35511,1,0.332682,1,186.607427708214,1,4.88359438341326,70.0999984741211,1,27.6730003356934,36.375,0.355109989643097,1.06292831897736,179.942993164062,-87.4889,26.1385,19.8687922871603,63,63,63,63,61,63,0.332682,8046,1.33458767306251,26,-87,0.001869,51,2026-08-12 20:50:17.002218,70.0999984741211,1.037,0.0011,"aoml_navis",1023.83605341633
"7901009",119,0.277285642201991,1,0.39249,1,0.370062,1,185.470115166564,1,4.88331421219982,71.8000030517578,1,27.5659999847412,36.3969993591309,0.3924899995327,1.06292831897736,178.846298217773,-87.4889,26.1385,19.8687922871603,63,63,63,63,61,63,0.370062,8046,1.33458767306251,26,-87,0.001869,51,2026-08-12 20:50:17.002218,71.8000030517578,1.037,0.0011,"aoml_navis",1023.89479413564
"7901009",119,0.317898185756828,1,0.446691,1,0.424263,1,183.91052551826,1,4.88298923024188,73.9000015258789,1,27.4489994049072,36.4249992370605,0.446691006422043,1.06292831897736,177.342407226562,-87.4889,26.1385,19.8687922871603,63,63,63,63,61,63,0.424263,8046,1.33458767306251,26,-87,0.001869,51,2026-08-12 20:50:17.002218,73.9000015258789,1.037,0.0011,"aoml_navis",1023.9629383234
"7901009",119,0.383718514966392,1,0.534534,1,0.512106,1,183.000934997214,1,4.88277807319389,76,1,27.3309993743896,36.4210014343262,0.534533977508545,1.06292831897736,176.465301513672,-87.4889,26.1385,19.8687922871603,63,63,63,63,61,63,0.512106,8046,1.33458767306251,26,-87,0.001869,51,2026-08-12 20:50:17.002218,76,1.037,0.0011,"aoml_navis",1024.00721987543
"7901009",119,0.49295225280354,1,0.680316,1,0.657888,1,182.288906106857,1,4.88258294114906,78,1,27.2520008087158,36.4300003051758,0.680315971374512,1.06292831897736,175.778701782227,-87.4889,26.1385,19.8687922871603,63,63,63,63,61,63,0.657888,8046,1.33458767306251,26,-87,0.001869,51,2026-08-12 20:50:17.002218,78,1.037,0.0011,"aoml_navis",1024.04814424377
"7901009",119,0.658203292095636,1,0.900858,1,0.87843,1,182.180638851977,1,4.88224131137243,80,1,27.0869998931885,36.443000793457,0.900857985019684,1.06292831897736,175.674301147461,-87.4889,26.1385,19.8687922871603,63,63,63,63,61,63,0.87843,8046,1.33458767306251,26,-87,0.001869,51,2026-08-12 20:50:17.002218,80,1.037,0.0011,"aoml_navis",1024.11980095151
"7901009",119,0.851462982115205,1,1.15878,1,1.136352,1,181.154695053362,1,4.88211447620842,82,1,27.0310001373291,36.443000793457,1.15877997875214,1.06292831897736,174.684997558594,-87.4889,26.1385,19.8687922871603,63,63,63,63,61,63,1.136352,8046,1.33458767306251,26,-87,0.001869,51,2026-08-12 20:50:17.002218,82,1.037,0.0011,"aoml_navis",1024.14640712873
"7901009",119,1.05032440228027,1,1.424178,1,1.40175,1,179.934101225182,1,4.88203220507312,84,1,27.0109996795654,36.4459991455078,1.42417800426483,1.06292831897736,173.507995605469,-87.4889,26.1385,19.8687922871603,63,63,63,63,61,63,1.40175,8046,1.33458767306251,26,-87,0.001869,51,2026-08-12 20:50:17.002218,84,1.037,0.0011,"aoml_navis",1024.16366586117
"7901009",119,1.17356246548115,1,1.58865,1,1.566222,1,178.335299905205,1,4.88185632889373,86,1,26.9440002441406,36.4550018310547,1.58864998817444,1.06292831897736,171.966293334961,-87.4889,26.1385,19.8687922871603,63,63,63,63,61,63,1.566222,8046,1.33458767306251,26,-87,0.001869,51,2026-08-12 20:50:17.002218,86,1.037,0.0011,"aoml_navis",1024.20056288978
"7901009",119,1.23938279469072,1,1.676493,1,1.654065,1,177.322426663814,1,4.8816715193638,88,1,26.8640003204346,36.4609985351562,1.67649304866791,1.06292831897736,170.989593505859,-87.4889,26.1385,19.8687922871603,63,63,63,63,61,63,1.654065,8046,1.33458767306251,26,-87,0.001869,51,2026-08-12 20:50:17.002218,88,1.037,0.0011,"aoml_navis",1024.23933690885
"7901009",119,1.05592613242576,1,1.431654,1,1.409226,1,176.784207701489,1,4.88141817880801,90.0999984741211,1,26.7450008392334,36.4690017700195,1.43165397644043,1.06292831897736,170.470596313477,-87.4889,26.1385,19.8687922871603,63,63,63,63,61,63,1.409226,8046,1.33458767306251,26,-87,0.001869,51,2026-08-12 20:50:17.002218,90.0999984741211,1.037,0.0011,"aoml_navis",1024.29249387131
"7901009",119,1.0167140214073,1,1.379322,1,1.356894,1,176.197346011673,1,4.88119225141609,92,1,26.6410007476807,36.4770011901855,1.37932205200195,1.02371621131897,169.904693603516,-87.4889,26.1385,19.8687922871603,63,63,63,63,61,63,1.356894,8046,1.33458767306251,26,-87,0.001869,51,2026-08-12 20:50:17.002218,92,1.037,0.0011,"aoml_navis",1024.33990354497
"7901009",119,0.997107965898069,1,1.353156,1,1.330728,1,174.831789260086,1,4.88083086230962,93.9000015258789,1,26.4640007019043,36.492000579834,1.35315597057343,1.00411009788513,168.587905883789,-87.4889,26.1385,19.8687922871603,63,63,63,63,61,63,1.330728,8046,1.33458767306251,26,-87,0.001869,51,2026-08-12 20:50:17.002218,93.9000015258789,1.037,0.0011,"aoml_navis",1024.41574827159
"7901009",119,0.906079851033779,1,1.231671,1,1.209243,1,173.058038689896,1,4.88045170734343,96,1,26.3010005950928,36.5169982910156,1.23167097568512,0.913082003593445,166.877502441406,-87.4889,26.1385,19.8687922871603,63,63,63,63,61,63,1.209243,8046,1.33458767306251,26,-87,0.001869,51,2026-08-12 20:50:17.002218,96,1.037,0.0011,"aoml_navis",1024.49533359314
"7901009",119,0.820653466314984,1,1.117662,1,1.095234,1,171.402508619737,1,4.88024330550722,98,1,26.2280006408691,36.5330009460449,1.11766195297241,0.827655613422394,165.281097412109,-87.4889,26.1385,19.8687922871603,63,63,63,63,61,63,1.095234,8046,1.33458767306251,26,-87,0.001869,51,2026-08-12 20:50:17.002218,98,1.037,0.0011,"aoml_navis",1024.53908278664
"7901009",119,0.717021458623331,1,0.979356,1,0.956928,1,168.693770138253,1,4.87995806970367,100,1,26.1849994659424,36.5830001831055,0.979355990886688,0.724023640155792,162.669097900391,-87.4889,26.1385,19.8687922871603,63,63,63,63,61,63,0.956928,8046,1.33458767306251,26,-87,0.001869,51,2026-08-12 20:50:17.002218,100,1.037,0.0011,"aoml_navis",1024.59896756933
"7901009",119,0.651201129413767,1,0.891513,1,0.869085,1,165.486214253148,1,4.87952942258742,102,1,26.0799999237061,36.6469993591309,0.891512989997864,0.658203303813934,159.576095581055,-87.4889,26.1385,19.8687922871603,63,63,63,63,61,63,0.869085,8046,1.33458767306251,26,-87,0.001869,51,2026-08-12 20:50:17.002218,102,1.037,0.0011,"aoml_navis",1024.6889744849
"7901009",119,0.595183827958819,1,0.816753,1,0.794325,1,163.650876989595,1,4.87913681061085,104,1,25.8209991455078,36.6370010375977,0.816752970218658,0.602185964584351,157.806304931641,-87.4889,26.1385,19.8687922871603,63,63,63,63,61,63,0.794325,8046,1.33458767306251,26,-87,0.001869,51,2026-08-12 20:50:17.002218,104,1.037,0.0011,"aoml_navis",1024.77142865236
"7901009",119,0.562973879622224,1,0.773766,1,0.751338,1,163.439627668835,1,4.87892151276756,106,1,25.6870002746582,36.6300010681152,0.773765981197357,0.569976031780243,157.602600097656,-87.4889,26.1385,19.8687922871603,63,63,63,63,61,63,0.751338,8046,1.33458767306251,26,-87,0.001869,51,2026-08-12 20:50:17.002218,106,1.037,0.0011,"aoml_navis",1024.8166499329
"7901009",119,0.490151387730792,1,0.676578,1,0.65415,1,165.755125935321,1,4.87859283509252,108,1,25.4759998321533,36.6230010986328,0.676577985286713,0.497153550386429,159.835403442383,-87.4889,26.1385,19.8687922871603,63,63,63,63,61,63,0.65415,8046,1.33458767306251,26,-87,0.001869,51,2026-08-12 20:50:17.002218,108,1.037,0.0011,"aoml_navis",1024.88569327495
"7901009",119,0.438335383884966,1,0.607425,1,0.584997,1,168.151294541675,1,4.87833154127773,110,1,25.2950000762939,36.6100006103516,0.607424974441528,0.445337533950806,162.14599609375,-87.4889,26.1385,19.8687922871603,63,63,63,63,61,63,0.584997,8046,1.33458767306251,26,-87,0.001869,51,2026-08-12 20:50:17.002218,110,1.037,0.0011,"aoml_navis",1024.94058833287
"7901009",119,0.43973581642134,1,0.609294,1,0.586866,1,166.045589795387,1,4.87813372691426,112,1,25.1539993286133,36.5960006713867,0.60929399728775,0.446737974882126,160.115493774414,-87.4889,26.1385,19.8687922871603,63,63,63,63,61,63,0.586866,8046,1.33458767306251,26,-87,0.001869,51,2026-08-12 20:50:17.002218,112,1.037,0.0011,"aoml_navis",1024.98215094296
"7901009",119,0.471945764757934,1,0.652281,1,0.629853,1,157.375553721228,1,4.87766005363654,114,1,24.931999206543,36.6259994506836,0.652280986309052,0.478947937488556,151.755096435547,-87.4889,26.1385,19.8687922871603,63,63,63,63,61,63,0.629853,8046,1.33458767306251,26,-87,0.001869,51,2026-08-12 20:50:17.002218,114,1.037,0.0011,"aoml_navis",1025.08168773924
"7901009",119,0.421530193448481,1,0.584997,1,0.562569,1,154.392317714108,1,4.87729458442288,116,1,24.8080005645752,36.6660003662109,0.584996998310089,0.428532361984253,148.878402709961,-87.4889,26.1385,19.8687922871603,63,63,63,63,61,63,0.562569,8046,1.33458767306251,26,-87,0.001869,51,2026-08-12 20:50:17.002218,116,1.037,0.0011,"aoml_navis",1025.15849995385
"7901009",119,0.40192413793925,1,0.558831,1,0.536403,1,154.141761778158,1,4.87701052091491,118,1,24.6429996490479,36.6669998168945,0.558830976486206,0.408926278352737,148.636795043945,-87.4889,26.1385,19.8687922871603,63,63,63,63,61,63,0.536403,8046,1.33458767306251,26,-87,0.001869,51,2026-08-12 20:50:17.002218,118,1.037,0.0011,"aoml_navis",1025.21821073743
"7901009",119,0.378116784820897,1,0.527058,1,0.50463,1,155.764836990124,1,4.87678799458877,120,1,24.5,36.6599998474121,0.527058005332947,0.385118961334229,150.201904296875,-87.4889,26.1385,19.8687922871603,63,63,63,63,61,63,0.50463,8046,1.33458767306251,26,-87,0.001869,51,2026-08-12 20:50:17.002218,120,1.037,0.0011,"aoml_navis",1025.26499112694
"7901009",119,0.315097320684081,1,0.442953,1,0.420525,1,166.635252318894,1,4.87652964233657,122,1,24.3040008544922,36.6419982910156,0.442952990531921,0.322099477052689,160.684097290039,-87.4889,26.1385,19.8687922871603,63,63,63,63,61,63,0.420525,8046,1.33458767306251,26,-87,0.001869,51,2026-08-12 20:50:17.002218,122,1.037,0.0011,"aoml_navis",1025.31930834409
"7901009",119,0.173653634510338,1,0.254184,1,0.231756,1,188.644694004144,1,4.87602037477882,124,1,23.7940006256104,36.5699996948242,0.254184007644653,0.180655792355537,181.907501220703,-87.4889,26.1385,19.8687922871603,63,63,63,63,61,63,0.231756,8046,1.33458767306251,26,-87,0.001869,51,2026-08-12 20:50:17.002218,124,1.037,0.0011,"aoml_navis",1025.42639605496
"7901009",119,0.110634170373522,1,0.170079,1,0.147651,1,190.441769031172,1,4.87568240338173,126,1,23.4479999542236,36.5169982910156,0.170078992843628,0.117636330425739,183.640396118164,-87.4889,26.1385,19.8687922871603,63,63,63,63,61,63,0.147651,8046,1.33458767306251,26,-87,0.001869,51,2026-08-12 20:50:17.002218,126,1.037,0.0011,"aoml_navis",1025.49747631881
"7901009",119,0.141443686173743,1,0.211197,1,0.188769,1,189.256858140694,1,4.87515830275998,127.900001525879,1,23.2119998931885,36.560001373291,0.211197003722191,0.14844585955143,182.497802734375,-87.4889,26.1385,19.8687922871603,63,63,63,63,61,63,0.188769,8046,1.33458767306251,26,-87,0.001869,51,2026-08-12 20:50:17.002218,127.900001525879,1.037,0.0011,"aoml_navis",1025.60772173682
"7901009",119,0.110634170373522,1,0.170079,1,0.147651,1,192.669539489846,1,4.87469009243531,130,1,22.6809997558594,36.4739990234375,0.170078992843628,0.117636330425739,185.788604736328,-87.4889,26.1385,19.8687922871603,63,63,63,63,61,63,0.147651,8046,1.33458767306251,26,-87,0.001869,51,2026-08-12 20:50:17.002218,130,1.037,0.0011,"aoml_navis",1025.70623058872
"7901009",119,0.0952294124734111,1,0.14952,1,0.127092,1,187.9230125231,1,4.87433756208153,131.899993896484,1,22.4969997406006,36.4910011291504,0.149519994854927,0.102231569588184,181.21159362793,-87.4889,26.1385,19.8687922871603,63,63,63,63,61,63,0.127092,8046,1.33458767306251,26,-87,0.001869,51,2026-08-12 20:50:17.002218,131.899993896484,1.037,0.0011,"aoml_navis",1025.78041350604
"7901009",119,0.100831142618906,1,0.156996,1,0.134568,1,184.765760876998,1,4.87388546258325,134,1,22.1539993286133,36.4749984741211,0.156995996832848,0.107833303511143,178.167098999023,-87.4889,26.1385,19.8687922871603,63,63,63,63,61,63,0.134568,8046,1.33458767306251,26,-87,0.001869,51,2026-08-12 20:50:17.002218,134,1.037,0.0011,"aoml_navis",1025.87556445159
"7901009",119,0.119036765591764,1,0.181293,1,0.158865,1,177.564690866124,1,4.8735572470417,136,1,21.9440002441406,36.476001739502,0.181292995810509,0.126038923859596,171.223205566406,-87.4889,26.1385,19.8687922871603,63,63,63,63,61,63,0.158865,8046,1.33458767306251,26,-87,0.001869,51,2026-08-12 20:50:17.002218,136,1.037,0.0011,"aoml_navis",1025.94465326842
"7901009",119,0.09102811486429,1,0.143913,1,0.121485,1,168.501715231431,1,4.87320947524737,138,1,21.798999786377,36.5069999694824,0.143913000822067,0.0980302765965462,162.483901977539,-87.4889,26.1385,19.8687922871603,63,63,63,63,61,63,0.121485,8046,1.33458767306251,26,-87,0.001869,51,2026-08-12 20:50:17.002218,138,1.037,0.0011,"aoml_navis",1026.0178687981
"7901009",119,0.12883979334638,1,0.194376,1,0.171948,1,156.534306707025,1,4.87288373290912,140,1,21.6049995422363,36.5139999389648,0.19437600672245,0.135841950774193,150.943893432617,-87.4889,26.1385,19.8687922871603,63,63,63,63,61,63,0.171948,8046,1.33458767306251,26,-87,0.001869,51,2026-08-12 20:50:17.002218,140,1.037,0.0011,"aoml_navis",1026.08645599984
"7901009",119,0.203062717774185,1,0.293433,1,0.271005,1,147.112317994473,1,4.8726273497981,142,1,21.6520004272461,36.5909996032715,0.293433010578156,0.210064873099327,141.8583984375,-87.4889,26.1385,19.8687922871603,63,63,63,63,61,63,0.271005,8046,1.33458767306251,26,-87,0.001869,51,2026-08-12 20:50:17.002218,142,1.037,0.0011,"aoml_navis",1026.14044560727
"7901009",119,0.179255364655833,1,0.26166,1,0.239232,1,145.32021167806,1,4.87240477606106,144,1,21.5049991607666,36.5870018005371,0.261660009622574,0.186257526278496,140.130294799805,-87.4889,26.1385,19.8687922871603,63,63,63,63,61,63,0.239232,8046,1.33458767306251,26,-87,0.001869,51,2026-08-12 20:50:17.002218,144,1.037,0.0011,"aoml_navis",1026.18732018445
"7901009",119,0.151246713928359,1,0.22428,1,0.201852,1,143.379914358732,1,4.87216723177696,146,1,21.2339992523193,36.5419998168945,0.224279999732971,0.158248871564865,138.259292602539,-87.4889,26.1385,19.8687922871603,63,63,63,63,61,63,0.201852,8046,1.33458767306251,26,-87,0.001869,51,2026-08-12 20:50:17.002218,146,1.037,0.0011,"aoml_navis",1026.23735232019
"7901009",119,0.123238063200885,1,0.1869,1,0.164472,1,142.270910808455,1,4.87191958846373,148,1,21.0109996795654,36.5180015563965,0.18690000474453,0.130240231752396,137.189895629883,-87.4889,26.1385,19.8687922871603,63,63,63,63,61,63,0.164472,8046,1.33458767306251,26,-87,0.001869,51,2026-08-12 20:50:17.002218,148,1.037,0.0011,"aoml_navis",1026.28951673167
"7901009",119,0.119036765591764,1,0.181293,1,0.158865,1,142.363211728905,1,4.87167899583496,150,1,20.8640003204346,36.5200004577637,0.181292995810509,0.126038923859596,137.278900146484,-87.4889,26.1385,19.8687922871603,63,63,63,63,61,63,0.158865,8046,1.33458767306251,26,-87,0.001869,51,2026-08-12 20:50:17.002218,150,1.037,0.0011,"aoml_navis",1026.34020104255
"7901009",119,0.154047579001106,1,0.228018,1,0.20559,1,143.231723355816,1,4.8714355744843,152,1,20.7919998168945,36.5499992370605,0.228018000721931,0.161049738526344,138.116394042969,-87.4889,26.1385,19.8687922871603,63,63,63,63,61,63,0.20559,8046,1.33458767306251,26,-87,0.001869,51,2026-08-12 20:50:17.002218,152,1.037,0.0011,"aoml_navis",1026.39148635961
"7901009",119,0.124638495737259,1,0.188769,1,0.166341,1,142.217299370348,1,4.8712550158843,154,1,20.8320007324219,36.6030006408691,0.188768997788429,0.131640657782555,137.138198852539,-87.4889,26.1385,19.8687922871603,63,63,63,63,61,63,0.166341,8046,1.33458767306251,26,-87,0.001869,51,2026-08-12 20:50:17.002218,154,1.037,0.0011,"aoml_navis",1026.42953072584
"7901009",119,0.137242388564622,1,0.20559,1,0.183162,1,139.735982255004,1,4.87110758205054,156,1,20.8530006408691,36.6399993896484,0.20558999478817,0.14424455165863,134.745498657227,-87.4889,26.1385,19.8687922871603,63,63,63,63,61,63,0.183162,8046,1.33458767306251,26,-87,0.001869,51,2026-08-12 20:50:17.002218,156,1.037,0.0011,"aoml_navis",1026.46059767278
"7901009",119,0.121837630664511,1,0.185031,1,0.162603,1,137.967311162864,1,4.87078368710722,158,1,20.6049995422363,36.6290016174316,0.185030996799469,0.128839790821075,133.039993286133,-87.4889,26.1385,19.8687922871603,63,63,63,63,61,63,0.162603,8046,1.33458767306251,26,-87,0.001869,51,2026-08-12 20:50:17.002218,158,1.037,0.0011,"aoml_navis",1026.52885473744
"7901009",119,0.0966298450097848,1,0.151389,1,0.128961,1,137.122029049277,1,4.87045100382204,160,1,20.1959991455078,36.5639991760254,0.151389002799988,0.103632010519505,132.224899291992,-87.4889,26.1385,19.8687922871603,63,63,63,63,61,63,0.128961,8046,1.33458767306251,26,-87,0.001869,51,2026-08-12 20:50:17.002218,160,1.037,0.0011,"aoml_navis",1026.5989732935
"7901009",119,0.0770237895005531,1,0.125223,1,0.102795,1,137.366255417563,1,4.87015592908374,162,1,19.9769992828369,36.556999206543,0.125222995877266,0.0840259492397308,132.460403442383,-87.4889,26.1385,19.8687922871603,63,63,63,63,61,63,0.102795,8046,1.33458767306251,26,-87,0.001869,51,2026-08-12 20:50:17.002218,162,1.037,0.0011,"aoml_navis",1026.66117323695
"7901009",119,0.0504155713094529,1,0.089712,1,0.067284,1,138.326023586259,1,4.86995329243546,164,1,19.8640003204346,36.5620002746582,0.0897120013833046,0.0574177317321301,133.385894775391,-87.4889,26.1385,19.8687922871603,63,63,63,63,61,63,0.067284,8046,1.33458767306251,26,-87,0.001869,51,2026-08-12 20:50:17.002218,164,1.037,0.0011,"aoml_navis",1026.70389216392
"7901009",119,0.0448138411639582,1,0.082236,1,0.059808,1,138.469451589508,1,4.86984902678592,166,1,19.7970008850098,36.5559997558594,0.0822359994053841,0.0518160052597523,133.524200439453,-87.4889,26.1385,19.8687922871603,63,63,63,63,61,63,0.059808,8046,1.33458767306251,26,-87,0.001869,51,2026-08-12 20:50:17.002218,166,1.037,0.0011,"aoml_navis",1026.72587435426
"7901009",119,0.0322099483365949,1,0.065415,1,0.042987,1,138.670747665119,1,4.8696616455633,168,1,19.5890007019043,36.523998260498,0.0654150024056435,0.0392121113836765,133.718307495117,-87.4889,26.1385,19.8687922871603,63,63,63,63,61,63,0.042987,8046,1.33458767306251,26,-87,0.001869,51,2026-08-12 20:50:17.002218,168,1.037,0.0011,"aoml_navis",1026.765382058
"7901009",119,0.0266082181911002,1,0.057939,1,0.035511,1,138.326134353693,1,4.86950369054237,170,1,19.4379997253418,36.5040016174316,0.0579390004277229,0.0336103811860085,133.386001586914,-87.4889,26.1385,19.8687922871603,63,63,63,63,61,63,0.035511,8046,1.33458767306251,26,-87,0.001869,51,2026-08-12 20:50:17.002218,170,1.037,0.0011,"aoml_navis",1026.79868786445
"7901009",119,0.0322099483365949,1,0.065415,1,0.042987,1,138.200239252871,1,4.86926445158239,172,1,19.1359996795654,36.4550018310547,0.0654150024056435,0.0392121113836765,133.264602661133,-87.4889,26.1385,19.8687922871603,63,63,63,63,61,63,0.042987,8046,1.33458767306251,26,-87,0.001869,51,2026-08-12 20:50:17.002218,172,1.037,0.0011,"aoml_navis",1026.84913701393
"7901009",119,0.0448138411639582,1,0.082236,1,0.059808,1,138.144127635537,1,4.86912835717458,174,1,18.9179992675781,36.4070014953613,0.0822359994053841,0.0518160052597523,133.210494995117,-87.4889,26.1385,19.8687922871603,63,63,63,63,61,63,0.059808,8046,1.33458767306251,26,-87,0.001869,51,2026-08-12 20:50:17.002218,174,1.037,0.0011,"aoml_navis",1026.87783792608
"7901009",119,0.0434134086275845,1,0.080367,1,0.057939,1,138.162799860143,1,4.86894245522775,175.899993896484,1,18.742000579834,36.3880004882812,0.0803669989109039,0.0504155717790127,133.228500366211,-87.4889,26.1385,19.8687922871603,63,63,63,63,61,63,0.057939,8046,1.33458767306251,26,-87,0.001869,51,2026-08-12 20:50:17.002218,175.899993896484,1.037,0.0011,"aoml_navis",1026.91704532912
"7901009",119,0.0434134086275845,1,0.080367,1,0.057939,1,138.058583528568,1,4.86878068028204,178,1,18.6299991607666,36.382999420166,0.0803669989109039,0.0504155717790127,133.128005981445,-87.4889,26.1385,19.8687922871603,63,63,63,63,61,63,0.057939,8046,1.33458767306251,26,-87,0.001869,51,2026-08-12 20:50:17.002218,178,1.037,0.0011,"aoml_navis",1026.95116669547
"7901009",119,0.036411245945716,1,0.071022,1,0.048594,1,138.070704650643,1,4.86860449506848,180,1,18.5009994506836,36.3769989013672,0.0710219964385033,0.043413408100605,133.139694213867,-87.4889,26.1385,19.8687922871603,63,63,63,63,61,63,0.048594,8046,1.33458767306251,26,-87,0.001869,51,2026-08-12 20:50:17.002218,180,1.037,0.0011,"aoml_navis",1026.98833003679
"7901009",119,0.0280086507274739,1,0.059808,1,0.03738,1,138.291179316273,1,4.86841079078341,182,1,18.3929996490479,36.382999420166,0.0598080009222031,0.035010814666748,133.352294921875,-87.4889,26.1385,19.8687922871603,63,63,63,63,61,63,0.03738,8046,1.33458767306251,26,-87,0.001869,51,2026-08-12 20:50:17.002218,182,1.037,0.0011,"aoml_navis",1027.0291918393
"7901009",119,0.0210064880456054,1,0.050463,1,0.028035,1,138.400380182383,1,4.86827675051389,184,1,18.2859992980957,36.3730010986328,0.0504629984498024,0.0280086528509855,133.457595825195,-87.4889,26.1385,19.8687922871603,63,63,63,63,61,63,0.028035,8046,1.33458767306251,26,-87,0.001869,51,2026-08-12 20:50:17.002218,184,1.037,0.0011,"aoml_navis",1027.05746945718
"7901009",119,0.0154047579001106,1,0.042987,1,0.020559,1,138.570249954545,1,4.86811815932139,186,1,18.1459999084473,36.359001159668,0.0429870001971722,0.0224069207906723,133.621398925781,-87.4889,26.1385,19.8687922871603,63,63,63,63,61,63,0.020559,8046,1.33458767306251,26,-87,0.001869,51,2026-08-12 20:50:17.002218,186,1.037,0.0011,"aoml_navis",1027.09092843732
"7901009",119,0.00980302775461585,1,0.035511,1,0.013083,1,138.705275456722,1,4.86798886322298,188,1,18.0359992980957,36.3470001220703,0.0355109982192516,0.0168051905930042,133.751602172852,-87.4889,26.1385,19.8687922871603,63,63,63,63,61,63,0.013083,8046,1.33458767306251,26,-87,0.001869,51,2026-08-12 20:50:17.002218,188,1.037,0.0011,"aoml_navis",1027.11820846065
"7901009",119,0.00700216268186846,1,0.031773,1,0.009345,1,138.764077140313,1,4.86790850594808,190,1,17.9820003509521,36.3400001525879,0.0317730009555817,0.0140043264254928,133.808303833008,-87.4889,26.1385,19.8687922871603,63,63,63,63,61,63,0.009345,8046,1.33458767306251,26,-87,0.001869,51,2026-08-12 20:50:17.002218,190,1.037,0.0011,"aoml_navis",1027.13516367255
"7901009",119,0.00700216268186846,1,0.031773,1,0.009345,1,138.738458215196,1,4.86783764632795,192,1,17.9419994354248,36.3349990844727,0.0317730009555817,0.0140043264254928,133.783599853516,-87.4889,26.1385,19.8687922871603,63,63,63,63,61,63,0.009345,8046,1.33458767306251,26,-87,0.001869,51,2026-08-12 20:50:17.002218,192,1.037,0.0011,"aoml_navis",1027.15011536421
"7901009",119,0.00420129760912108,1,0.028035,1,0.005607,1,138.852327137458,1,4.86767955625018,194,1,17.8099994659424,36.3240013122559,0.0280349999666214,0.0112034603953362,133.893402099609,-87.4889,26.1385,19.8687922871603,63,63,63,63,61,63,0.005607,8046,1.33458767306251,26,-87,0.001869,51,2026-08-12 20:50:17.002218,194,1.037,0.0011,"aoml_navis",1027.18347463524
"7901009",119,0.00420129760912108,1,0.028035,1,0.005607,1,139.049667233278,1,4.86755772215817,196,1,17.7019996643066,36.3110008239746,0.0280349999666214,0.0112034603953362,134.083694458008,-87.4889,26.1385,19.8687922871603,63,63,63,63,61,63,0.005607,8046,1.33458767306251,26,-87,0.001869,51,2026-08-12 20:50:17.002218,196,1.037,0.0011,"aoml_navis",1027.20918485238
"7901009",119,0,1,0.022428,1,0,1,139.11354839492,1,4.86745720747553,198,1,17.621000289917,36.3009986877441,0.0224280003458261,0.00700216321274638,134.145294189453,-87.4889,26.1385,19.8687922871603,63,63,63,63,61,63,0,8046,1.33458767306251,26,-87,0.001869,51,2026-08-12 20:50:17.002218,198,1.037,0.0011,"aoml_navis",1027.23039707897
"7901009",119,0.00280086507274739,1,0.026166,1,0.003738,1,139.124957440633,1,4.86737186100147,200,1,17.5620002746582,36.2939987182617,0.0261659994721413,0.00980302784591913,134.156295776367,-87.4889,26.1385,19.8687922871603,63,63,63,63,61,63,0.003738,8046,1.33458767306251,26,-87,0.001869,51,2026-08-12 20:50:17.002218,200,1.037,0.0011,"aoml_navis",1027.24840895375
"7901009",119,0.00560173014549477,1,0.029904,1,0.007476,1,139.13347070914,1,4.86727622803621,202,1,17.4909992218018,36.2859992980957,0.0299040004611015,0.0126038929447532,134.164505004883,-87.4889,26.1385,19.8687922871603,63,63,63,63,61,63,0.007476,8046,1.33458767306251,26,-87,0.001869,51,2026-08-12 20:50:17.002218,202,1.037,0.0011,"aoml_navis",1027.26859248285
"7901009",119,-0.00140043253637369,1,0.020559,1,-0.001869,1,139.033605955333,1,4.86721209467304,204,1,17.4529991149902,36.2799987792969,0.020558999851346,0.00560173019766808,134.068206787109,-87.4889,26.1385,19.8687922871603,63,63,63,63,61,63,-0.001869,8046,1.33458767306251,26,-87,0.001869,51,2026-08-12 20:50:17.002218,204,1.037,0.0011,"aoml_navis",1027.28212840207
"7901009",119,0.00140043253637369,1,0.024297,1,0.001869,1,138.91392965474,1,4.86714904646439,206,1,17.4190006256104,36.2750015258789,0.0242970008403063,0.00840259529650211,133.95280456543,-87.4889,26.1385,19.8687922871603,63,63,63,63,61,63,0.001869,8046,1.33458767306251,26,-87,0.001869,51,2026-08-12 20:50:17.002218,206,1.037,0.0011,"aoml_navis",1027.29543563744
"7901009",119,0.00420129760912108,1,0.028035,1,0.005607,1,138.752557327166,1,4.867083719669,208,1,17.382999420166,36.2700004577637,0.0280349999666214,0.0112034603953362,133.79719543457,-87.4889,26.1385,19.8687922871603,63,63,63,63,61,63,0.005607,8046,1.33458767306251,26,-87,0.001869,51,2026-08-12 20:50:17.002218,208,1.037,0.0011,"aoml_navis",1027.30922416515
"7901009",119,0.00140043253637369,1,0.024297,1,0.001869,1,138.636204049596,1,4.86700268396833,210,1,17.3209991455078,36.2610015869141,0.0242970008403063,0.00840259529650211,133.684997558594,-87.4889,26.1385,19.8687922871603,63,63,63,63,61,63,0.001869,8046,1.33458767306251,26,-87,0.001869,51,2026-08-12 20:50:17.002218,210,1.037,0.0011,"aoml_navis",1027.3263288861
"7901009",119,0.00140043253637369,1,0.024297,1,0.001869,1,138.489880269141,1,4.86692762256572,212,1,17.2639999389648,36.2519989013672,0.0242970008403063,0.00840259529650211,133.543899536133,-87.4889,26.1385,19.8687922871603,63,63,63,63,61,63,0.001869,8046,1.33458767306251,26,-87,0.001869,51,2026-08-12 20:50:17.002218,212,1.037,0.0011,"aoml_navis",1027.34217308211
"7901009",119,0,1,0.022428,1,0,1,138.400079527919,1,4.86681755476431,214,1,17.1609992980957,36.2379989624023,0.0224280003458261,0.00700216321274638,133.457305908203,-87.4889,26.1385,19.8687922871603,63,63,63,63,61,63,0,8046,1.33458767306251,26,-87,0.001869,51,2026-08-12 20:50:17.002218,214,1.037,0.0011,"aoml_navis",1027.36540742221
"7901009",119,-0.00140043253637369,1,0.020559,1,-0.001869,1,138.395094993384,1,4.86672140962087,216,1,17.076000213623,36.226001739502,0.020558999851346,0.00560173019766808,133.452499389648,-87.4889,26.1385,19.8687922871603,63,63,63,63,61,63,-0.001869,8046,1.33458767306251,26,-87,0.001869,51,2026-08-12 20:50:17.002218,216,1.037,0.0011,"aoml_navis",1027.38570367222
"7901009",119,-0.00140043253637369,1,0.020559,1,-0.001869,1,138.275323749277,1,4.86664575247405,218,1,17.0179996490479,36.2169990539551,0.020558999851346,0.00560173019766808,133.337005615234,-87.4889,26.1385,19.8687922871603,63,63,63,63,61,63,-0.001869,8046,1.33458767306251,26,-87,0.001869,51,2026-08-12 20:50:17.002218,218,1.037,0.0011,"aoml_navis",1027.40167546778
"7901009",119,-0.00140043253637369,1,0.020559,1,-0.001869,1,138.147862080458,1,4.86657904775546,220,1,16.9740009307861,36.2099990844727,0.020558999851346,0.00560173019766808,133.214096069336,-87.4889,26.1385,19.8687922871603,63,63,63,63,61,63,-0.001869,8046,1.33458767306251,26,-87,0.001869,51,2026-08-12 20:50:17.002218,220,1.037,0.0011,"aoml_navis",1027.41575775001
"7901009",119,-0.00280086507274739,1,0.01869,1,-0.003738,1,137.965443940404,1,4.86652562678591,222,1,16.951000213623,36.2060012817383,0.0186899993568659,0.00420129764825106,133.038192749023,-87.4889,26.1385,19.8687922871603,63,63,63,63,61,63,-0.003738,8046,1.33458767306251,26,-87,0.001869,51,2026-08-12 20:50:17.002218,222,1.037,0.0011,"aoml_navis",1027.42703592876
"7901009",119,0.00140043253637369,1,0.024297,1,0.001869,1,137.604880118467,1,4.8664624743119,224,1,16.9099998474121,36.1990013122559,0.0242970008403063,0.00840259529650211,132.690505981445,-87.4889,26.1385,19.8687922871603,63,63,63,63,61,63,0.001869,8046,1.33458767306251,26,-87,0.001869,51,2026-08-12 20:50:17.002218,224,1.037,0.0011,"aoml_navis",1027.44036893184
"7901009",119,-0.00140043253637369,1,0.020559,1,-0.001869,1,137.539859634646,1,4.86632471595215,226,1,16.7560005187988,36.1769981384277,0.020558999851346,0.00560173019766808,132.627807617188,-87.4889,26.1385,19.8687922871603,63,63,63,63,61,63,-0.001869,8046,1.33458767306251,26,-87,0.001869,51,2026-08-12 20:50:17.002218,226,1.037,0.0011,"aoml_navis",1027.46945422891
"7901009",119,0,1,0.022428,1,0,1,137.585385050064,1,4.86622927449275,228,1,16.6639995574951,36.1629981994629,0.0224280003458261,0.00700216321274638,132.67170715332,-87.4889,26.1385,19.8687922871603,63,63,63,63,61,63,0,8046,1.33458767306251,26,-87,0.001869,51,2026-08-12 20:50:17.002218,228,1.037,0.0011,"aoml_navis",1027.48960600941
"7901009",119,-0.00280086507274739,1,0.01869,1,-0.003738,1,137.38283888484,1,4.86617407407023,230,1,16.6359996795654,36.1580009460449,0.0186899993568659,0.00420129764825106,132.47639465332,-87.4889,26.1385,19.8687922871603,63,63,63,63,61,63,-0.003738,8046,1.33458767306251,26,-87,0.001869,51,2026-08-12 20:50:17.002218,230,1.037,0.0011,"aoml_navis",1027.50126154403
"7901009",119,0,1,0.022428,1,0,1,137.218475836545,1,4.86610779919316,232,1,16.5949993133545,36.1520004272461,0.0224280003458261,0.00700216321274638,132.317901611328,-87.4889,26.1385,19.8687922871603,63,63,63,63,61,63,0,8046,1.33458767306251,26,-87,0.001869,51,2026-08-12 20:50:17.002218,232,1.037,0.0011,"aoml_navis",1027.51525579212
"7901009",119,-0.00420129760912108,1,0.016821,1,-0.005607,1,137.187888200813,1,4.8660203905881,234,1,16.5160007476807,36.1399993896484,0.0168210007250309,0.00280086509883404,132.28840637207,-87.4889,26.1385,19.8687922871603,63,63,63,63,61,63,-0.005607,8046,1.33458767306251,26,-87,0.001869,51,2026-08-12 20:50:17.002218,234,1.037,0.0011,"aoml_navis",1027.53371310795
"7901009",119,-0.00140043253637369,1,0.020559,1,-0.001869,1,137.149720907803,1,4.86596221512141,236,1,16.4820003509521,36.1339988708496,0.020558999851346,0.00560173019766808,132.251602172852,-87.4889,26.1385,19.8687922871603,63,63,63,63,61,63,-0.001869,8046,1.33458767306251,26,-87,0.001869,51,2026-08-12 20:50:17.002218,236,1.037,0.0011,"aoml_navis",1027.54599788343
"7901009",119,-0.00140043253637369,1,0.020559,1,-0.001869,1,136.935876464301,1,4.86592316539784,238,1,16.4810009002686,36.132999420166,0.020558999851346,0.00560173019766808,132.045394897461,-87.4889,26.1385,19.8687922871603,63,63,63,63,61,63,-0.001869,8046,1.33458767306251,26,-87,0.001869,51,2026-08-12 20:50:17.002218,238,1.037,0.0011,"aoml_navis",1027.55424408581
"7901009",119,-0.00280086507274739,1,0.01869,1,-0.003738,1,136.555501095578,1,4.86587758273092,240,1,16.4710006713867,36.1310005187988,0.0186899993568659,0.00420129764825106,131.678604125977,-87.4889,26.1385,19.8687922871603,63,63,63,63,61,63,-0.003738,8046,1.33458767306251,26,-87,0.001869,51,2026-08-12 20:50:17.002218,240,1.037,0.0011,"aoml_navis",1027.56387002934
"7901009",119,0,1,0.022428,1,0,1,136.285038669328,1,4.86581519905584,242,1,16.4300003051758,36.1240005493164,0.0224280003458261,0.00700216321274638,131.41780090332,-87.4889,26.1385,19.8687922871603,63,63,63,63,61,63,0,8046,1.33458767306251,26,-87,0.001869,51,2026-08-12 20:50:17.002218,242,1.037,0.0011,"aoml_navis",1027.57704422688
"7901009",119,-0.00140043253637369,1,0.020559,1,-0.001869,1,136.114757475267,1,4.86572829668142,244,1,16.3509998321533,36.1119995117188,0.020558999851346,0.00560173019766808,131.253601074219,-87.4889,26.1385,19.8687922871603,63,63,63,63,61,63,-0.001869,8046,1.33458767306251,26,-87,0.001869,51,2026-08-12 20:50:17.002218,244,1.037,0.0011,"aoml_navis",1027.59539685152
"7901009",119,-0.00280086507274739,1,0.01869,1,-0.003738,1,135.945409892437,1,4.86565006980439,246,1,16.2859992980957,36.1020011901855,0.0186899993568659,0.00420129764825106,131.090301513672,-87.4889,26.1385,19.8687922871603,63,63,63,63,61,63,-0.003738,8046,1.33458767306251,26,-87,0.001869,51,2026-08-12 20:50:17.002218,246,1.037,0.0011,"aoml_navis",1027.61191788727
"7901009",119,0,1,0.022428,1,0,1,135.617395872209,1,4.86560062028008,248,1,16.2660007476807,36.0979995727539,0.0224280003458261,0.00700216321274638,130.774002075195,-87.4889,26.1385,19.8687922871603,63,63,63,63,61,63,0,8046,1.33458767306251,26,-87,0.001869,51,2026-08-12 20:50:17.002218,248,1.037,0.0011,"aoml_navis",1027.62236159699
"7901009",119,0,1,0.022428,1,0,1,135.279934972243,1,4.86554724863248,250,1,16.2360000610352,36.0919990539551,0.0224280003458261,0.00700216321274638,130.448593139648,-87.4889,26.1385,19.8687922871603,63,63,63,63,61,63,0,8046,1.33458767306251,26,-87,0.001869,51,2026-08-12 20:50:17.002218,250,1.037,0.0011,"aoml_navis",1027.633633895
"7901009",119,0.00140043253637369,1,0.024297,1,0.001869,1,134.946540819501,1,4.865473388413,252.100006103516,1,16.1700000762939,36.0800018310547,0.0242970008403063,0.00840259529650211,130.127105712891,-87.4889,26.1385,19.8687922871603,63,63,63,63,61,63,0.001869,8046,1.33458767306251,26,-87,0.001869,51,2026-08-12 20:50:17.002218,252.100006103516,1.037,0.0011,"aoml_navis",1027.64923386641
"7901009",119,-0.00140043253637369,1,0.020559,1,-0.001869,1,134.950781629836,1,4.86536112928819,254,1,16.0459995269775,36.0620002746582,0.020558999851346,0.00560173019766808,130.131195068359,-87.4889,26.1385,19.8687922871603,63,63,63,63,61,63,-0.001869,8046,1.33458767306251,26,-87,0.001869,51,2026-08-12 20:50:17.002218,254,1.037,0.0011,"aoml_navis",1027.67294495394
"7901009",119,-0.00420129760912108,1,0.016821,1,-0.005607,1,134.83360550847,1,4.86529529797522,256,1,15.9980001449585,36.0540008544922,0.0168210007250309,0.00280086509883404,130.018203735352,-87.4889,26.1385,19.8687922871603,63,63,63,63,61,63,-0.005607,8046,1.33458767306251,26,-87,0.001869,51,2026-08-12 20:50:17.002218,256,1.037,0.0011,"aoml_navis",1027.68685018581
"7901009",119,0,1,0.022428,1,0,1,134.554851348581,1,4.86523652489991,258.100006103516,1,15.9680004119873,36.048999786377,0.0224280003458261,0.00700216321274638,129.749404907227,-87.4889,26.1385,19.8687922871603,63,63,63,63,61,63,0,8046,1.33458767306251,26,-87,0.001869,51,2026-08-12 20:50:17.002218,258.100006103516,1.037,0.0011,"aoml_navis",1027.69926485802
"7901009",119,0,1,0.022428,1,0,1,134.352827372689,1,4.865173233524,260,1,15.9169998168945,36.0400009155273,0.0224280003458261,0.00700216321274638,129.554595947266,-87.4889,26.1385,19.8687922871603,63,63,63,63,61,63,0,8046,1.33458767306251,26,-87,0.001869,51,2026-08-12 20:50:17.002218,260,1.037,0.0011,"aoml_navis",1027.712634269
"7901009",119,0,1,0.022428,1,0,1,134.142527487078,1,4.8651131698649,262,1,15.8739995956421,36.0320014953613,0.0224280003458261,0.00700216321274638,129.351806640625,-87.4889,26.1385,19.8687922871603,63,63,63,63,61,63,0,8046,1.33458767306251,26,-87,0.001869,51,2026-08-12 20:50:17.002218,262,1.037,0.0011,"aoml_navis",1027.72532219201
"7901009",119,-0.00140043253637369,1,0.020559,1,-0.001869,1,133.858883736169,1,4.8650480040404,264,1,15.8229999542236,36.0229988098145,0.020558999851346,0.00560173019766808,129.07829284668,-87.4889,26.1385,19.8687922871603,63,63,63,63,61,63,-0.001869,8046,1.33458767306251,26,-87,0.001869,51,2026-08-12 20:50:17.002218,264,1.037,0.0011,"aoml_navis",1027.7390882572
"7901009",119,-0.00420129760912108,1,0.016821,1,-0.005607,1,133.642871415742,1,4.86496742747927,266,1,15.7480001449585,36.0110015869141,0.0168210007250309,0.00280086509883404,128.869995117188,-87.4889,26.1385,19.8687922871603,63,63,63,63,61,63,-0.005607,8046,1.33458767306251,26,-87,0.001869,51,2026-08-12 20:50:17.002218,266,1.037,0.0011,"aoml_navis",1027.75611029953
"7901009",119,0,1,0.020559,1,-0.001869,1,133.438268141027,1,4.8648801149384,268,1,15.6599998474121,35.9970016479492,0.020558999851346,0.00560173019766808,128.672698974609,-87.4889,26.1385,19.8687922871603,63,63,63,63,61,63,0,8046,1.33458767306251,26,-87,0.001869,51,2026-08-12 20:50:17.002218,268,1.037,0.0011,"aoml_navis",1027.7745559745
"7901009",119,0,1,0.01869,1,-0.003738,1,133.345761509629,1,4.86477893502211,270,1,15.548999786377,35.9799995422363,0.0186899993568659,0.00420129764825106,128.58349609375,-87.4889,26.1385,19.8687922871603,63,63,63,63,61,63,0,8046,1.33458767306251,26,-87,0.001869,51,2026-08-12 20:50:17.002218,270,1.037,0.0011,"aoml_navis",1027.7959321038
"7901009",119,0,1,0.016821,1,-0.005607,1,133.277212291836,1,4.86469741971807,272,1,15.4689998626709,35.9669990539551,0.0168210007250309,0.00280086509883404,128.517395019531,-87.4889,26.1385,19.8687922871603,63,63,63,63,61,63,0,8046,1.33458767306251,26,-87,0.001869,51,2026-08-12 20:50:17.002218,272,1.037,0.0011,"aoml_navis",1027.81315436671
"7901009",119,0,1,0.020559,1,-0.001869,1,133.087958218705,1,4.86463411434059,274,1,15.4289999008179,35.9609985351562,0.020558999851346,0.00560173019766808,128.334899902344,-87.4889,26.1385,19.8687922871603,63,63,63,63,61,63,0,8046,1.33458767306251,26,-87,0.001869,51,2026-08-12 20:50:17.002218,274,1.037,0.0011,"aoml_navis",1027.8265296994
"7901009",119,0,1,0.024297,1,0.001869,1,132.785768834543,1,4.8645878401003,276,1,15.4079999923706,35.9560012817383,0.0242970008403063,0.00840259529650211,128.043502807617,-87.4889,26.1385,19.8687922871603,63,63,63,63,61,63,0,8046,1.33458767306251,26,-87,0.001869,51,2026-08-12 20:50:17.002218,276,1.037,0.0011,"aoml_navis",1027.83630686725
"7901009",119,0,1,0.020559,1,-0.001869,1,132.480256427358,1,4.86450491768784,278,1,15.3330001831055,35.9449996948242,0.020558999851346,0.00560173019766808,127.748901367188,-87.4889,26.1385,19.8687922871603,63,63,63,63,61,63,0,8046,1.33458767306251,26,-87,0.001869,51,2026-08-12 20:50:17.002218,278,1.037,0.0011,"aoml_navis",1027.85382780054
"7901009",119,0,1,0.016821,1,-0.005607,1,132.156079707525,1,4.86443329127464,280,1,15.2749996185303,35.9360008239746,0.0168210007250309,0.00280086509883404,127.436302185059,-87.4889,26.1385,19.8687922871603,63,63,63,63,61,63,0,8046,1.33458767306251,26,-87,0.001869,51,2026-08-12 20:50:17.002218,280,1.037,0.0011,"aoml_navis",1027.86896244801
"7901009",119,0,1,0.01869,1,-0.003738,1,131.790001249762,1,4.86436853819582,282,1,15.2299995422363,35.9290008544922,0.0186899993568659,0.00420129764825106,127.083297729492,-87.4889,26.1385,19.8687922871603,63,63,63,63,61,63,0,8046,1.33458767306251,26,-87,0.001869,51,2026-08-12 20:50:17.002218,282,1.037,0.0011,"aoml_navis",1027.88264514483
"7901009",119,0,1,0.01869,1,-0.003738,1,131.36056381969,1,4.86430950810722,284,1,15.1969995498657,35.923999786377,0.0186899993568659,0.00420129764825106,126.66919708252,-87.4889,26.1385,19.8687922871603,63,63,63,63,61,63,0,8046,1.33458767306251,26,-87,0.001869,51,2026-08-12 20:50:17.002218,284,1.037,0.0011,"aoml_navis",1027.89511885842
"7901009",119,0,1,0.01869,1,-0.003738,1,130.722060769701,1,4.86425829252488,286,1,15.1780004501343,35.9210014343262,0.0186899993568659,0.00420129764825106,126.053497314453,-87.4889,26.1385,19.8687922871603,63,63,63,63,61,63,0,8046,1.33458767306251,26,-87,0.001869,51,2026-08-12 20:50:17.002218,286,1.037,0.0011,"aoml_navis",1027.90594152529
"7901009",119,0,1,0.022428,1,0,1,130.167558994562,1,4.86417724500017,288,1,15.1379995346069,35.9199981689453,0.0224280003458261,0.00700216321274638,125.518798828125,-87.4889,26.1385,19.8687922871603,63,63,63,63,61,63,0,8046,1.33458767306251,26,-87,0.001869,51,2026-08-12 20:50:17.002218,288,1.037,0.0011,"aoml_navis",1027.92306862161
"7901009",119,0,1,0.01869,1,-0.003738,1,130.002673756935,1,4.86405897082082,290,1,15.0019998550415,35.9010009765625,0.0186899993568659,0.00420129764825106,125.359802246094,-87.4889,26.1385,19.8687922871603,63,63,63,63,61,63,0,8046,1.33458767306251,26,-87,0.001869,51,2026-08-12 20:50:17.002218,290,1.037,0.0011,"aoml_navis",1027.94806354008
"7901009",119,0,1,0.01869,1,-0.003738,1,129.655267523778,1,4.86396841691427,292,1,14.9049997329712,35.8860015869141,0.0186899993568659,0.00420129764825106,125.024803161621,-87.4889,26.1385,19.8687922871603,63,63,63,63,61,63,0,8046,1.33458767306251,26,-87,0.001869,51,2026-08-12 20:50:17.002218,292,1.037,0.0011,"aoml_navis",1027.96720114643
"7901009",119,0,1,0.020559,1,-0.001869,1,129.323519058629,1,4.8638982671633,294,1,14.8439998626709,35.8759994506836,0.020558999851346,0.00560173019766808,124.704902648926,-87.4889,26.1385,19.8687922871603,63,63,63,63,61,63,0,8046,1.33458767306251,26,-87,0.001869,51,2026-08-12 20:50:17.002218,294,1.037,0.0011,"aoml_navis",1027.98202704105
"7901009",119,0,1,0.016821,1,-0.005607,1,128.586496287961,1,4.86382719603268,296,1,14.7819995880127,35.8660011291504,0.0168210007250309,0.00280086509883404,123.994201660156,-87.4889,26.1385,19.8687922871603,63,63,63,63,61,63,0,8046,1.33458767306251,26,-87,0.001869,51,2026-08-12 20:50:17.002218,296,1.037,0.0011,"aoml_navis",1027.99704810204
"7901009",119,0,1,0.020559,1,-0.001869,1,127.167415129822,1,4.8637670990048,298,1,14.7440004348755,35.8600006103516,0.020558999851346,0.00560173019766808,122.625801086426,-87.4889,26.1385,19.8687922871603,63,63,63,63,61,63,0,8046,1.33458767306251,26,-87,0.001869,51,2026-08-12 20:50:17.002218,298,1.037,0.0011,"aoml_navis",1028.00975010154
"7901009",119,0,1,0.022428,1,0,1,124.509590108229,1,4.86370436011646,300,1,14.6999998092651,35.8530006408691,0.0224280003458261,0.00700216321274638,120.062896728516,-87.4889,26.1385,19.8687922871603,63,63,63,63,61,63,0,8046,1.33458767306251,26,-87,0.001869,51,2026-08-12 20:50:17.002218,300,1.037,0.0011,"aoml_navis",1028.0230108148
"7901009",119,0,1,0.024297,1,0.001869,1,121.701714773219,1,4.86361333344887,302,1,14.6359996795654,35.8479995727539,0.0242970008403063,0.00840259529650211,117.35530090332,-87.4889,26.1385,19.8687922871603,63,63,63,63,61,63,0,8046,1.33458767306251,26,-87,0.001869,51,2026-08-12 20:50:17.002218,302,1.037,0.0011,"aoml_navis",1028.04225114138
"7901009",119,0,1,0.020559,1,-0.001869,1,121.146793664223,1,4.86354244848391,304,1,14.5909996032715,35.8429985046387,0.020558999851346,0.00560173019766808,116.820198059082,-87.4889,26.1385,19.8687922871603,63,63,63,63,61,63,0,8046,1.33458767306251,26,-87,0.001869,51,2026-08-12 20:50:17.002218,304,1.037,0.0011,"aoml_navis",1028.05723461068
"7901009",119,0,1,0.022428,1,0,1,120.598304978365,1,4.86347787919463,306,1,14.5450000762939,35.8359985351562,0.0224280003458261,0.00700216321274638,116.291297912598,-87.4889,26.1385,19.8687922871603,63,63,63,63,61,63,0,8046,1.33458767306251,26,-87,0.001869,51,2026-08-12 20:50:17.002218,306,1.037,0.0011,"aoml_navis",1028.07088346991
"7901009",119,0,1,0.020559,1,-0.001869,1,119.950576583507,1,4.86341863409959,308,1,14.503999710083,35.8289985656738,0.020558999851346,0.00560173019766808,115.666702270508,-87.4889,26.1385,19.8687922871603,63,63,63,63,61,63,0,8046,1.33458767306251,26,-87,0.001869,51,2026-08-12 20:50:17.002218,308,1.037,0.0011,"aoml_navis",1028.08340720307
"7901009",119,0,1,0.022428,1,0,1,119.452487080167,1,4.86335843644571,310,1,14.4689998626709,35.8240013122559,0.0224280003458261,0.00700216321274638,115.186401367188,-87.4889,26.1385,19.8687922871603,63,63,63,63,61,63,0,8046,1.33458767306251,26,-87,0.001869,51,2026-08-12 20:50:17.002218,310,1.037,0.0011,"aoml_navis",1028.09613260876
"7901009",119,0,1,0.01869,1,-0.003738,1,119.233357447666,1,4.86329040941229,312,1,14.4090003967285,35.8139991760254,0.0186899993568659,0.00420129764825106,114.97509765625,-87.4889,26.1385,19.8687922871603,63,63,63,63,61,63,0,8046,1.33458767306251,26,-87,0.001869,51,2026-08-12 20:50:17.002218,312,1.037,0.0011,"aoml_navis",1028.11051347522
"7901009",119,0,1,0.01869,1,-0.003738,1,119.070339432499,1,4.86320899155724,314,1,14.3290004730225,35.8019981384277,0.0186899993568659,0.00420129764825106,114.817901611328,-87.4889,26.1385,19.8687922871603,63,63,63,63,61,63,0,8046,1.33458767306251,26,-87,0.001869,51,2026-08-12 20:50:17.002218,314,1.037,0.0011,"aoml_navis",1028.12772568077
"7901009",119,0,1,0.022428,1,0,1,118.878070902769,1,4.86314751148086,316,1,14.2819995880127,35.7939987182617,0.0224280003458261,0.00700216321274638,114.632499694824,-87.4889,26.1385,19.8687922871603,63,63,63,63,61,63,0,8046,1.33458767306251,26,-87,0.001869,51,2026-08-12 20:50:17.002218,316,1.037,0.0011,"aoml_navis",1028.14072330647
"7901009",119,0,1,0.01869,1,-0.003738,1,118.575778663132,1,4.86307987059918,318,1,14.2360000610352,35.7879981994629,0.0186899993568659,0.00420129764825106,114.341003417969,-87.4889,26.1385,19.8687922871603,63,63,63,63,61,63,0,8046,1.33458767306251,26,-87,0.001869,51,2026-08-12 20:50:17.002218,318,1.037,0.0011,"aoml_navis",1028.15502378001
"7901009",119,0,1,0.016821,1,-0.005607,1,118.353231064092,1,4.86301753203239,320,1,14.1879997253418,35.7799987792969,0.0168210007250309,0.00280086509883404,114.126403808594,-87.4889,26.1385,19.8687922871603,63,63,63,63,61,63,0,8046,1.33458767306251,26,-87,0.001869,51,2026-08-12 20:50:17.002218,320,1.037,0.0011,"aoml_navis",1028.16820360307
"7901009",119,0,1,0.022428,1,0,1,118.284887557248,1,4.86293327183605,322,1,14.1009998321533,35.7669982910156,0.0224280003458261,0.00700216321274638,114.060501098633,-87.4889,26.1385,19.8687922871603,63,63,63,63,61,63,0,8046,1.33458767306251,26,-87,0.001869,51,2026-08-12 20:50:17.002218,322,1.037,0.0011,"aoml_navis",1028.18601870558
"7901009",119,0,1,0.024297,1,0.001869,1,118.295980124578,1,4.86285137389818,324,1,14.0159997940063,35.7540016174316,0.0242970008403063,0.00840259529650211,114.071197509766,-87.4889,26.1385,19.8687922871603,63,63,63,63,61,63,0,8046,1.33458767306251,26,-87,0.001869,51,2026-08-12 20:50:17.002218,324,1.037,0.0011,"aoml_navis",1028.20333494829
"7901009",119,0,1,0.024297,1,0.001869,1,118.193631015463,1,4.86279563927732,326,1,13.9739999771118,35.7459983825684,0.0242970008403063,0.00840259529650211,113.972503662109,-87.4889,26.1385,19.8687922871603,63,63,63,63,61,63,0,8046,1.33458767306251,26,-87,0.001869,51,2026-08-12 20:50:17.002218,326,1.037,0.0011,"aoml_navis",1028.21511963498
"7901009",119,0,1,0.022428,1,0,1,118.107137473345,1,4.86273367957945,328,1,13.9329996109009,35.7400016784668,0.0224280003458261,0.00700216321274638,113.889099121094,-87.4889,26.1385,19.8687922871603,63,63,63,63,61,63,0,8046,1.33458767306251,26,-87,0.001869,51,2026-08-12 20:50:17.002218,328,1.037,0.0011,"aoml_navis",1028.22822088674
"7901009",119,0,1,0.022428,1,0,1,118.122795241352,1,4.86266640002108,330,1,13.8760004043579,35.7309989929199,0.0224280003458261,0.00700216321274638,113.904197692871,-87.4889,26.1385,19.8687922871603,63,63,63,63,61,63,0,8046,1.33458767306251,26,-87,0.001869,51,2026-08-12 20:50:17.002218,330,1.037,0.0011,"aoml_navis",1028.24244739025
"7901009",119,0,1,0.022428,1,0,1,118.130366986669,1,4.86260605624303,332,1,13.8400001525879,35.726001739502,0.0224280003458261,0.00700216321274638,113.911499023438,-87.4889,26.1385,19.8687922871603,63,63,63,63,61,63,0,8046,1.33458767306251,26,-87,0.001869,51,2026-08-12 20:50:17.002218,332,1.037,0.0011,"aoml_navis",1028.25520763307
"7901009",119,0,1,0.020559,1,-0.001869,1,118.106623195973,1,4.86255205187649,334,1,13.8030004501343,35.7190017700195,0.020558999851346,0.00560173019766808,113.888603210449,-87.4889,26.1385,19.8687922871603,63,63,63,63,61,63,0,8046,1.33458767306251,26,-87,0.001869,51,2026-08-12 20:50:17.002218,334,1.037,0.0011,"aoml_navis",1028.26662761799
"7901009",119,0,1,0.026166,1,0.003738,1,118.085466616058,1,4.86248447453806,336,1,13.7489995956421,35.7109985351562,0.0261659994721413,0.00980302784591913,113.868202209473,-87.4889,26.1385,19.8687922871603,63,63,63,63,61,63,0,8046,1.33458767306251,26,-87,0.001869,51,2026-08-12 20:50:17.002218,336,1.037,0.0011,"aoml_navis",1028.28091815656
"7901009",119,0,1,0.024297,1,0.001869,1,117.960188648084,1,4.8624342797547,338,1,13.7299995422363,35.7080001831055,0.0242970008403063,0.00840259529650211,113.747398376465,-87.4889,26.1385,19.8687922871603,63,63,63,63,61,63,0,8046,1.33458767306251,26,-87,0.001869,51,2026-08-12 20:50:17.002218,338,1.037,0.0011,"aoml_navis",1028.29153307389
"7901009",119,0,1,0.020559,1,-0.001869,1,117.750814461743,1,4.86238734629296,340,1,13.7069997787476,35.7029991149902,0.020558999851346,0.00560173019766808,113.545501708984,-87.4889,26.1385,19.8687922871603,63,63,63,63,61,63,0,8046,1.33458767306251,26,-87,0.001869,51,2026-08-12 20:50:17.002218,340,1.037,0.0011,"aoml_navis",1028.30145850309
"7901009",119,0,1,0.022428,1,0,1,117.646898784632,1,4.86230802522613,342,1,13.6339998245239,35.693000793457,0.0224280003458261,0.00700216321274638,113.445297241211,-87.4889,26.1385,19.8687922871603,63,63,63,63,61,63,0,8046,1.33458767306251,26,-87,0.001869,51,2026-08-12 20:50:17.002218,342,1.037,0.0011,"aoml_navis",1028.31823365766
"7901009",119,0,1,0.022428,1,0,1,117.574725889352,1,4.86224927390903,344,1,13.5920000076294,35.6860008239746,0.0224280003458261,0.00700216321274638,113.375701904297,-87.4889,26.1385,19.8687922871603,63,63,63,63,61,63,0,8046,1.33458767306251,26,-87,0.001869,51,2026-08-12 20:50:17.002218,344,1.037,0.0011,"aoml_navis",1028.33065898742
"7901009",119,0,1,0.01869,1,-0.003738,1,117.34657662293,1,4.86220386140041,346,1,13.5740003585815,35.681999206543,0.0186899993568659,0.00420129764825106,113.155700683594,-87.4889,26.1385,19.8687922871603,63,63,63,63,61,63,0,8046,1.33458767306251,26,-87,0.001869,51,2026-08-12 20:50:17.002218,346,1.037,0.0011,"aoml_navis",1028.34026349523
"7901009",119,0,1,0.022428,1,0,1,117.342842178009,1,4.86211980388526,348,1,13.4849996566772,35.6689987182617,0.0224280003458261,0.00700216321274638,113.152099609375,-87.4889,26.1385,19.8687922871603,63,63,63,63,61,63,0,8046,1.33458767306251,26,-87,0.001869,51,2026-08-12 20:50:17.002218,348,1.037,0.0011,"aoml_navis",1028.35804169296
"7901009",119,0,1,0.022428,1,0,1,117.371467647766,1,4.86205920774439,350,1,13.4300003051758,35.6590003967285,0.0224280003458261,0.00700216321274638,113.179702758789,-87.4889,26.1385,19.8687922871603,63,63,63,63,61,63,0,8046,1.33458767306251,26,-87,0.001869,51,2026-08-12 20:50:17.002218,350,1.037,0.0011,"aoml_navis",1028.37085818204
"7901009",119,0,1,0.026166,1,0.003738,1,117.283629072519,1,4.86200717114278,352,1,13.3979997634888,35.6529998779297,0.0261659994721413,0.00980302784591913,113.095001220703,-87.4889,26.1385,19.8687922871603,63,63,63,63,61,63,0,8046,1.33458767306251,26,-87,0.001869,51,2026-08-12 20:50:17.002218,352,1.037,0.0011,"aoml_navis",1028.38186452629
"7901009",119,0,1,0.024297,1,0.001869,1,117.388470448901,1,4.86192012748122,354,1,13.3090000152588,35.640998840332,0.0242970008403063,0.00840259529650211,113.196098327637,-87.4889,26.1385,19.8687922871603,63,63,63,63,61,63,0,8046,1.33458767306251,26,-87,0.001869,51,2026-08-12 20:50:17.002218,354,1.037,0.0011,"aoml_navis",1028.40027579604
"7901009",119,0,1,0.022428,1,0,1,117.369181091448,1,4.86186723930924,356,1,13.2650003433228,35.6319999694824,0.0224280003458261,0.00700216321274638,113.17749786377,-87.4889,26.1385,19.8687922871603,63,63,63,63,61,63,0,8046,1.33458767306251,26,-87,0.001869,51,2026-08-12 20:50:17.002218,356,1.037,0.0011,"aoml_navis",1028.41146289926
"7901009",119,0,1,0.024297,1,0.001869,1,117.304366318576,1,4.86181474990268,358,1,13.2360000610352,35.6269989013672,0.0242970008403063,0.00840259529650211,113.11499786377,-87.4889,26.1385,19.8687922871603,63,63,63,63,61,63,0,8046,1.33458767306251,26,-87,0.001869,51,2026-08-12 20:50:17.002218,358,1.037,0.0011,"aoml_navis",1028.42256589478
"7901009",119,0,1,0.026166,1,0.003738,1,117.242043812972,1,4.86175731071973,360,1,13.2019996643066,35.6220016479492,0.0261659994721413,0.00980302784591913,113.054901123047,-87.4889,26.1385,19.8687922871603,63,63,63,63,61,63,0,8046,1.33458767306251,26,-87,0.001869,51,2026-08-12 20:50:17.002218,360,1.037,0.0011,"aoml_navis",1028.43471618286
"7901009",119,0,1,0.028035,1,0.005607,1,116.934458472377,1,4.86171777220242,362,1,13.1969995498657,35.6199989318848,0.0280349999666214,0.0112034603953362,112.75830078125,-87.4889,26.1385,19.8687922871603,63,63,63,63,61,63,0,8046,1.33458767306251,26,-87,0.001869,51,2026-08-12 20:50:17.002218,362,1.037,0.0011,"aoml_navis",1028.44308005459
"7901009",119,0,1,0.022428,1,0,1,116.739389108955,1,4.86165219261248,364,1,13.1400003433228,35.6110000610352,0.0224280003458261,0.00700216321274638,112.570198059082,-87.4889,26.1385,19.8687922871603,63,63,63,63,61,63,0,8046,1.33458767306251,26,-87,0.001869,51,2026-08-12 20:50:17.002218,364,1.037,0.0011,"aoml_navis",1028.45695288481
"7901009",119,0,1,0.022428,1,0,1,116.584354261003,1,4.86159526931046,366,1,13.0989999771118,35.6040000915527,0.0224280003458261,0.00700216321274638,112.420700073242,-87.4889,26.1385,19.8687922871603,63,63,63,63,61,63,0,8046,1.33458767306251,26,-87,0.001869,51,2026-08-12 20:50:17.002218,366,1.037,0.0011,"aoml_navis",1028.46899485098
"7901009",119,0,1,0.024297,1,0.001869,1,116.521920987965,1,4.86151622969454,368,1,13.0170001983643,35.5919990539551,0.0242970008403063,0.00840259529650211,112.360496520996,-87.4889,26.1385,19.8687922871603,63,63,63,63,61,63,0,8046,1.33458767306251,26,-87,0.001869,51,2026-08-12 20:50:17.002218,368,1.037,0.0011,"aoml_navis",1028.48571592944
"7901009",119,0,1,0.029904,1,0.007476,1,116.496935019615,1,4.86144139342804,370,1,12.9390001296997,35.5800018310547,0.0299040004611015,0.0126038929447532,112.336402893066,-87.4889,26.1385,19.8687922871603,63,63,63,63,61,63,0,8046,1.33458767306251,26,-87,0.001869,51,2026-08-12 20:50:17.002218,370,1.037,0.0011,"aoml_navis",1028.50154827728
"7901009",119,0,1,0.029904,1,0.007476,1,116.42371774567,1,4.86137911548233,372,1,12.8809995651245,35.5699996948242,0.0299040004611015,0.0126038929447532,112.265800476074,-87.4889,26.1385,19.8687922871603,63,63,63,63,61,63,0,8046,1.33458767306251,26,-87,0.001869,51,2026-08-12 20:50:17.002218,372,1.037,0.0011,"aoml_navis",1028.51472416051
"7901009",119,0,1,0.028035,1,0.005607,1,116.337121348077,1,4.86131552751457,374,1,12.8290004730225,35.5620002746582,0.0280349999666214,0.0112034603953362,112.18229675293,-87.4889,26.1385,19.8687922871603,63,63,63,63,61,63,0,8046,1.33458767306251,26,-87,0.001869,51,2026-08-12 20:50:17.002218,374,1.037,0.0011,"aoml_navis",1028.52817754793
"7901009",119,0,1,0.026166,1,0.003738,1,116.316384102021,1,4.86126010518748,376,1,12.7889995574951,35.5550003051758,0.0261659994721413,0.00980302784591913,112.162300109863,-87.4889,26.1385,19.8687922871603,63,63,63,63,61,63,0,8046,1.33458767306251,26,-87,0.001869,51,2026-08-12 20:50:17.002218,376,1.037,0.0011,"aoml_navis",1028.53990360739
"7901009",119,0,1,0.024297,1,0.001869,1,116.221701681738,1,4.86120255683965,378,1,12.7430000305176,35.5470008850098,0.0242970008403063,0.00840259529650211,112.070999145508,-87.4889,26.1385,19.8687922871603,63,63,63,63,61,63,0,8046,1.33458767306251,26,-87,0.001869,51,2026-08-12 20:50:17.002218,378,1.037,0.0011,"aoml_navis",1028.55207976575
"7901009",119,0,1,0.026166,1,0.003738,1,115.914535675001,1,4.86114872218072,380,1,12.7119998931885,35.5419998168945,0.0261659994721413,0.00980302784591913,111.774803161621,-87.4889,26.1385,19.8687922871603,63,63,63,63,61,63,0,8046,1.33458767306251,26,-87,0.001869,51,2026-08-12 20:50:17.002218,380,1.037,0.0011,"aoml_navis",1028.5634704377
"7901009",119,0,1,0.026166,1,0.003738,1,115.63598722606,1,4.8610920117253,382,1,12.6780004501343,35.5369987487793,0.0261659994721413,0.00980302784591913,111.506202697754,-87.4889,26.1385,19.8687922871603,63,63,63,63,61,63,0,8046,1.33458767306251,26,-87,0.001869,51,2026-08-12 20:50:17.002218,382,1.037,0.0011,"aoml_navis",1028.57546986143
"7901009",119,0,1,0.022428,1,0,1,115.486546133531,1,4.86104429061052,384,1,12.6569995880127,35.5330009460449,0.0224280003458261,0.00700216321274638,111.362098693848,-87.4889,26.1385,19.8687922871603,63,63,63,63,61,63,0,8046,1.33458767306251,26,-87,0.001869,51,2026-08-12 20:50:17.002218,384,1.037,0.0011,"aoml_navis",1028.58556743823
"7901009",119,0,1,0.028035,1,0.005607,1,115.638163014945,1,4.86096151866524,386,1,12.5620002746582,35.5190010070801,0.0280349999666214,0.0112034603953362,111.50830078125,-87.4889,26.1385,19.8687922871603,63,63,63,63,61,63,0,8046,1.33458767306251,26,-87,0.001869,51,2026-08-12 20:50:17.002218,386,1.037,0.0011,"aoml_navis",1028.6030820859
"7901009",119,0,1,0.024297,1,0.001869,1,115.426502272286,1,4.86088222189637,388,1,12.4739999771118,35.5060005187988,0.0242970008403063,0.00840259529650211,111.30419921875,-87.4889,26.1385,19.8687922871603,63,63,63,63,61,63,0,8046,1.33458767306251,26,-87,0.001869,51,2026-08-12 20:50:17.002218,388,1.037,0.0011,"aoml_navis",1028.61986194131
"7901009",119,0,1,0.026166,1,0.003738,1,115.149196001,1,4.86082583901716,390,1,12.4399995803833,35.5009994506836,0.0261659994721413,0.00980302784591913,111.036796569824,-87.4889,26.1385,19.8687922871603,63,63,63,63,61,63,0,8046,1.33458767306251,26,-87,0.001869,51,2026-08-12 20:50:17.002218,390,1.037,0.0011,"aoml_navis",1028.63179336024
"7901009",119,0,1,0.026166,1,0.003738,1,114.850218872426,1,4.86077831205869,392,1,12.418999671936,35.4970016479492,0.0261659994721413,0.00980302784591913,110.748497009277,-87.4889,26.1385,19.8687922871603,63,63,63,63,61,63,0,8046,1.33458767306251,26,-87,0.001869,51,2026-08-12 20:50:17.002218,392,1.037,0.0011,"aoml_navis",1028.64185095542
"7901009",119,0,1,0.024297,1,0.001869,1,114.572817657625,1,4.86071477251265,394,1,12.3660001754761,35.4889984130859,0.0242970008403063,0.00840259529650211,110.481002807617,-87.4889,26.1385,19.8687922871603,63,63,63,63,61,63,0,8046,1.33458767306251,26,-87,0.001869,51,2026-08-12 20:50:17.002218,394,1.037,0.0011,"aoml_navis",1028.65529742148
"7901009",119,0,1,0.028035,1,0.005607,1,114.370595882744,1,4.86063667946687,396,1,12.289999961853,35.4790000915527,0.0280349999666214,0.0112034603953362,110.286003112793,-87.4889,26.1385,19.8687922871603,63,63,63,63,61,63,0,8046,1.33458767306251,26,-87,0.001869,51,2026-08-12 20:50:17.002218,396,1.037,0.0011,"aoml_navis",1028.67182423279
"7901009",119,0,1,0.024297,1,0.001869,1,114.219493278704,1,4.86056865339001,398,1,12.2320003509521,35.4710006713867,0.0242970008403063,0.00840259529650211,110.140296936035,-87.4889,26.1385,19.8687922871603,63,63,63,63,61,63,0,8046,1.33458767306251,26,-87,0.001869,51,2026-08-12 20:50:17.002218,398,1.037,0.0011,"aoml_navis",1028.68622100682
"7901009",119,0,1,0.024297,1,0.001869,1,114.040501017147,1,4.86050770471153,400,1,12.1890001296997,35.4650001525879,0.0242970008403063,0.00840259529650211,109.967697143555,-87.4889,26.1385,19.8687922871603,63,63,63,63,61,63,0,8046,1.33458767306251,26,-87,0.001869,51,2026-08-12 20:50:17.002218,400,1.037,0.0011,"aoml_navis",1028.6991202901
"7901009",119,0,1,0.020559,1,-0.001869,1,113.865037489562,1,4.86045266171435,402,1,12.1560001373291,35.4599990844727,0.020558999851346,0.00560173019766808,109.798500061035,-87.4889,26.1385,19.8687922871603,63,63,63,63,61,63,0,8046,1.33458767306251,26,-87,0.001869,51,2026-08-12 20:50:17.002218,402,1.037,0.0011,"aoml_navis",1028.71076996282
"7901009",119,0,1,0.026166,1,0.003738,1,113.693719828797,1,4.86038887362048,404,1,12.1059999465942,35.4529991149902,0.0261659994721413,0.00980302784591913,109.63330078125,-87.4889,26.1385,19.8687922871603,63,63,63,63,61,63,0,8046,1.33458767306251,26,-87,0.001869,51,2026-08-12 20:50:17.002218,404,1.037,0.0011,"aoml_navis",1028.7242708371
"7901009",119,0,1,0.028035,1,0.005607,1,113.565435316182,1,4.86033381603917,406,1,12.0690002441406,35.4469985961914,0.0280349999666214,0.0112034603953362,109.50959777832,-87.4889,26.1385,19.8687922871603,63,63,63,63,61,63,0,8046,1.33458767306251,26,-87,0.001869,51,2026-08-12 20:50:17.002218,406,1.037,0.0011,"aoml_navis",1028.73592416635
"7901009",119,0,1,0.024297,1,0.001869,1,113.581615273521,1,4.86025562469135,408,1,11.9879999160767,35.4360008239746,0.0242970008403063,0.00840259529650211,109.525199890137,-87.4889,26.1385,19.8687922871603,63,63,63,63,61,63,0,8046,1.33458767306251,26,-87,0.001869,51,2026-08-12 20:50:17.002218,408,1.037,0.0011,"aoml_navis",1028.75247437577
"7901009",119,0,1,0.026166,1,0.003738,1,113.49066729816,1,4.86020555157889,410,1,11.960000038147,35.4309997558594,0.0261659994721413,0.00980302784591913,109.4375,-87.4889,26.1385,19.8687922871603,63,63,63,63,61,63,0,8046,1.33458767306251,26,-87,0.001869,51,2026-08-12 20:50:17.002218,410,1.037,0.0011,"aoml_navis",1028.76307327695
"7901009",119,0,1,0.026166,1,0.003738,1,113.392772622288,1,4.86016237782083,412,1,11.951000213623,35.4290008544922,0.0261659994721413,0.00980302784591913,109.343101501465,-87.4889,26.1385,19.8687922871603,63,63,63,63,61,63,0,8046,1.33458767306251,26,-87,0.001869,51,2026-08-12 20:50:17.002218,412,1.037,0.0011,"aoml_navis",1028.77221197739
"7901009",119,0,1,0.026166,1,0.003738,1,113.250286142229,1,4.86011160344401,414,1,11.9300003051758,35.4259986877441,0.0261659994721413,0.00980302784591913,109.205703735352,-87.4889,26.1385,19.8687922871603,63,63,63,63,61,63,0,8046,1.33458767306251,26,-87,0.001869,51,2026-08-12 20:50:17.002218,414,1.037,0.0011,"aoml_navis",1028.7829597281
"7901009",119,0,1,0.022428,1,0,1,113.097007749304,1,4.8600560434879,416,1,11.8999996185303,35.4220008850098,0.0224280003458261,0.00700216321274638,109.057899475098,-87.4889,26.1385,19.8687922871603,63,63,63,63,61,63,0,8046,1.33458767306251,26,-87,0.001869,51,2026-08-12 20:50:17.002218,416,1.037,0.0011,"aoml_navis",1028.79472073159
"7901009",119,0,1,0.028035,1,0.005607,1,112.856832304323,1,4.85998801420673,418,1,11.8409996032715,35.4140014648438,0.0280349999666214,0.0112034603953362,108.826301574707,-87.4889,26.1385,19.8687922871603,63,63,63,63,61,63,0,8046,1.33458767306251,26,-87,0.001869,51,2026-08-12 20:50:17.002218,418,1.037,0.0011,"aoml_navis",1028.80912162417
"7901009",119,0,1,0.028035,1,0.005607,1,112.460783343674,1,4.85994082508799,420,1,11.8120002746582,35.4080009460449,0.0280349999666214,0.0112034603953362,108.444396972656,-87.4889,26.1385,19.8687922871603,63,63,63,63,61,63,0,8046,1.33458767306251,26,-87,0.001869,51,2026-08-12 20:50:17.002218,420,1.037,0.0011,"aoml_navis",1028.8191111688
"7901009",119,0,1,0.024297,1,0.001869,1,112.267375491764,1,4.85985495553136,422,1,11.710000038147,35.3940010070801,0.0242970008403063,0.00840259529650211,108.25789642334,-87.4889,26.1385,19.8687922871603,63,63,63,63,61,63,0,8046,1.33458767306251,26,-87,0.001869,51,2026-08-12 20:50:17.002218,422,1.037,0.0011,"aoml_navis",1028.83728953868
"7901009",119,0,1,0.026166,1,0.003738,1,112.003139777703,1,4.85978083404994,424,1,11.6359996795654,35.3839988708496,0.0261659994721413,0.00980302784591913,108.00309753418,-87.4889,26.1385,19.8687922871603,63,63,63,63,61,63,0,8046,1.33458767306251,26,-87,0.001869,51,2026-08-12 20:50:17.002218,424,1.037,0.0011,"aoml_navis",1028.85298138707
"7901009",119,0,1,0.026166,1,0.003738,1,111.769080277475,1,4.85971812851937,426,1,11.5860004425049,35.3769989013672,0.0261659994721413,0.00980302784591913,107.777397155762,-87.4889,26.1385,19.8687922871603,63,63,63,63,61,63,0,8046,1.33458767306251,26,-87,0.001869,51,2026-08-12 20:50:17.002218,426,1.037,0.0011,"aoml_navis",1028.86625680148
"7901009",119,0,1,0.028035,1,0.005607,1,111.558250290572,1,4.85966659496612,428,1,11.5480003356934,35.3699989318848,0.0280349999666214,0.0112034603953362,107.574096679688,-87.4889,26.1385,19.8687922871603,63,63,63,63,61,63,0,8046,1.33458767306251,26,-87,0.001869,51,2026-08-12 20:50:17.002218,428,1.037,0.0011,"aoml_navis",1028.87716724831
"7901009",119,0,1,0.028035,1,0.005607,1,111.453931103523,1,4.85959944960469,430,1,11.4890003204346,35.3619995117188,0.0280349999666214,0.0112034603953362,107.473503112793,-87.4889,26.1385,19.8687922871603,63,63,63,63,61,63,0,8046,1.33458767306251,26,-87,0.001869,51,2026-08-12 20:50:17.002218,430,1.037,0.0011,"aoml_navis",1028.89138330253
"7901009",119,0,1,0.028035,1,0.005607,1,111.383095329411,1,4.85954072280089,432,1,11.4429998397827,35.3549995422363,0.0280349999666214,0.0112034603953362,107.405197143555,-87.4889,26.1385,19.8687922871603,63,63,63,63,61,63,0,8046,1.33458767306251,26,-87,0.001869,51,2026-08-12 20:50:17.002218,432,1.037,0.0011,"aoml_navis",1028.90381729699
"7901009",119,0,1,0.026166,1,0.003738,1,111.41846178873,1,4.85947750060088,434,1,11.3839998245239,35.3460006713867,0.0261659994721413,0.00980302784591913,107.439300537109,-87.4889,26.1385,19.8687922871603,63,63,63,63,61,63,0,8046,1.33458767306251,26,-87,0.001869,51,2026-08-12 20:50:17.002218,434,1.037,0.0011,"aoml_navis",1028.91720341986
"7901009",119,0,1,0.028035,1,0.005607,1,111.721584784122,1,4.85941077721296,436,1,11.3210000991821,35.3370018005371,0.0280349999666214,0.0112034603953362,107.731597900391,-87.4889,26.1385,19.8687922871603,63,63,63,63,61,63,0,8046,1.33458767306251,26,-87,0.001869,51,2026-08-12 20:50:17.002218,436,1.037,0.0011,"aoml_navis",1028.93133123182
"7901009",119,0,1,0.026166,1,0.003738,1,111.983336142876,1,4.85933433471058,438,1,11.2309999465942,35.3240013122559,0.0261659994721413,0.00980302784591913,107.984001159668,-87.4889,26.1385,19.8687922871603,63,63,63,63,61,63,0,8046,1.33458767306251,26,-87,0.001869,51,2026-08-12 20:50:17.002218,438,1.037,0.0011,"aoml_navis",1028.94751741707
"7901009",119,0,1,0.028035,1,0.005607,1,111.944448861545,1,4.85929047226033,440,1,11.2209997177124,35.3219985961914,0.0280349999666214,0.0112034603953362,107.946502685547,-87.4889,26.1385,19.8687922871603,63,63,63,63,61,63,0,8046,1.33458767306251,26,-87,0.001869,51,2026-08-12 20:50:17.002218,440,1.037,0.0011,"aoml_navis",1028.95680522556
"7901009",119,0,1,0.028035,1,0.005607,1,111.796566425053,1,4.85924569221171,442,1,11.210000038147,35.3199996948242,0.0280349999666214,0.0112034603953362,107.803901672363,-87.4889,26.1385,19.8687922871603,63,63,63,63,61,63,0,8046,1.33458767306251,26,-87,0.001869,51,2026-08-12 20:50:17.002218,442,1.037,0.0011,"aoml_navis",1028.96628750711
"7901009",119,0,1,0.029904,1,0.007476,1,111.631570419992,1,4.85919372400512,444,1,11.1829996109009,35.3160018920898,0.0299040004611015,0.0126038929447532,107.644798278809,-87.4889,26.1385,19.8687922871603,63,63,63,63,61,63,0,8046,1.33458767306251,26,-87,0.001869,51,2026-08-12 20:50:17.002218,444,1.037,0.0011,"aoml_navis",1028.97729211727
"7901009",119,0,1,0.026166,1,0.003738,1,111.484415883781,1,4.85913821615766,446,1,11.1479997634888,35.3110008239746,0.0261659994721413,0.00980302784591913,107.502899169922,-87.4889,26.1385,19.8687922871603,63,63,63,63,61,63,0,8046,1.33458767306251,26,-87,0.001869,51,2026-08-12 20:50:17.002218,446,1.037,0.0011,"aoml_navis",1028.98904652968
"7901009",119,0,1,0.024297,1,0.001869,1,111.37936879645,1,4.85908275763866,448,1,11.1129999160767,35.3059997558594,0.0242970008403063,0.00840259529650211,107.40160369873,-87.4889,26.1385,19.8687922871603,63,63,63,63,61,63,0,8046,1.33458767306251,26,-87,0.001869,51,2026-08-12 20:50:17.002218,448,1.037,0.0011,"aoml_navis",1029.00079076443
"7901009",119,0,1,0.029904,1,0.007476,1,111.110148547853,1,4.85903000401371,450,1,11.085000038147,35.3019981384277,0.0299040004611015,0.0126038929447532,107.141998291016,-87.4889,26.1385,19.8687922871603,63,63,63,63,61,63,0,8046,1.33458767306251,26,-87,0.001869,51,2026-08-12 20:50:17.002218,450,1.037,0.0011,"aoml_navis",1029.01196244309
"7901009",119,0,1,0.026166,1,0.003738,1,110.809407052294,1,4.85897986216867,452,1,11.0679998397827,35.2999992370605,0.0261659994721413,0.00980302784591913,106.851997375488,-87.4889,26.1385,19.8687922871603,63,63,63,63,61,63,0,8046,1.33458767306251,26,-87,0.001869,51,2026-08-12 20:50:17.002218,452,1.037,0.0011,"aoml_navis",1029.02258124782
"7901009",119,0,1,0.024297,1,0.001869,1,110.517693102614,1,4.85892894436568,454,1,11.0419998168945,35.2960014343262,0.0242970008403063,0.00840259529650211,106.570701599121,-87.4889,26.1385,19.8687922871603,63,63,63,63,61,63,0,8046,1.33458767306251,26,-87,0.001869,51,2026-08-12 20:50:17.002218,454,1.037,0.0011,"aoml_navis",1029.03336460557
"7901009",119,0,1,0.022428,1,0,1,110.354770030962,1,4.85886485546151,456,1,10.9849996566772,35.2879981994629,0.0224280003458261,0.00700216321274638,106.413597106934,-87.4889,26.1385,19.8687922871603,63,63,63,63,61,63,0,8046,1.33458767306251,26,-87,0.001869,51,2026-08-12 20:50:17.002218,456,1.037,0.0011,"aoml_navis",1029.04693765661
"7901009",119,0,1,0.024297,1,0.001869,1,110.18978193786,1,4.85879828448653,458,1,10.9209995269775,35.2789993286133,0.0242970008403063,0.00840259529650211,106.254501342773,-87.4889,26.1385,19.8687922871603,63,63,63,63,61,63,0,8046,1.33458767306251,26,-87,0.001869,51,2026-08-12 20:50:17.002218,458,1.037,0.0011,"aoml_navis",1029.06103675148
"7901009",119,0,1,0.028035,1,0.005607,1,109.894222775825,1,4.85873617494399,460,1,10.8699998855591,35.2719993591309,0.0280349999666214,0.0112034603953362,105.969497680664,-87.4889,26.1385,19.8687922871603,63,63,63,63,61,63,0,8046,1.33458767306251,26,-87,0.001869,51,2026-08-12 20:50:17.002218,460,1.037,0.0011,"aoml_navis",1029.07419130606
"7901009",119,0,1,0.026166,1,0.003738,1,109.870162506745,1,4.85864911938983,462,1,10.7620000839233,35.257999420166,0.0261659994721413,0.00980302784591913,105.946296691895,-87.4889,26.1385,19.8687922871603,63,63,63,63,61,63,0,8046,1.33458767306251,26,-87,0.001869,51,2026-08-12 20:50:17.002218,462,1.037,0.0011,"aoml_navis",1029.09262989296
"7901009",119,0,1,0.029904,1,0.007476,1,109.853990461366,1,4.8585659956182,464,1,10.6619997024536,35.2449989318848,0.0299040004611015,0.0126038929447532,105.930702209473,-87.4889,26.1385,19.8687922871603,63,63,63,63,61,63,0,8046,1.33458767306251,26,-87,0.001869,51,2026-08-12 20:50:17.002218,464,1.037,0.0011,"aoml_navis",1029.11023633503
"7901009",119,0,1,0.029904,1,0.007476,1,109.708283813758,1,4.85852433607692,466,1,10.6459999084473,35.2410011291504,0.0299040004611015,0.0126038929447532,105.790199279785,-87.4889,26.1385,19.8687922871603,63,63,63,63,61,63,0,8046,1.33458767306251,26,-87,0.001869,51,2026-08-12 20:50:17.002218,466,1.037,0.0011,"aoml_navis",1029.1190604671
"7901009",119,0,1,0.028035,1,0.005607,1,109.611219893642,1,4.85844962140242,468,1,10.5799999237061,35.234001159668,0.0280349999666214,0.0112034603953362,105.696601867676,-87.4889,26.1385,19.8687922871603,63,63,63,63,61,63,0,8046,1.33458767306251,26,-87,0.001869,51,2026-08-12 20:50:17.002218,468,1.037,0.0011,"aoml_navis",1029.13488656423
"7901009",119,0,1,0.029904,1,0.007476,1,109.625319005612,1,4.85839249997708,470,1,10.5380001068115,35.2280006408691,0.0299040004611015,0.0126038929447532,105.71019744873,-87.4889,26.1385,19.8687922871603,63,63,63,63,61,63,0,8046,1.33458767306251,26,-87,0.001869,51,2026-08-12 20:50:17.002218,470,1.037,0.0011,"aoml_navis",1029.14698637946
"7901009",119,0,1,0.035511,1,0.013083,1,109.545677220489,1,4.85834885196543,472,1,10.5279998779297,35.226001739502,0.0355109982192516,0.0168051905930042,105.633399963379,-87.4889,26.1385,19.8687922871603,63,63,63,63,61,63,0,8046,1.33458767306251,26,-87,0.001869,51,2026-08-12 20:50:17.002218,472,1.037,0.0011,"aoml_navis",1029.15623236427
"7901009",119,0,1,0.029904,1,0.007476,1,109.535621119864,1,4.8582950059649,474,1,10.4980001449585,35.2220001220703,0.0299040004611015,0.0126038929447532,105.62370300293,-87.4889,26.1385,19.8687922871603,63,63,63,63,61,63,0,8046,1.33458767306251,26,-87,0.001869,51,2026-08-12 20:50:17.002218,474,1.037,0.0011,"aoml_navis",1029.16763882414
"7901009",119,0,1,0.026166,1,0.003738,1,109.522344851691,1,4.85824382204473,476,1,10.4709997177124,35.2179985046387,0.0261659994721413,0.00980302784591913,105.610900878906,-87.4889,26.1385,19.8687922871603,63,63,63,63,61,63,0,8046,1.33458767306251,26,-87,0.001869,51,2026-08-12 20:50:17.002218,476,1.037,0.0011,"aoml_navis",1029.178481597
"7901009",119,0,1,0.029904,1,0.007476,1,109.490918548243,1,4.85819544426063,478,1,10.4429998397827,35.2130012512207,0.0299040004611015,0.0126038929447532,105.580596923828,-87.4889,26.1385,19.8687922871603,63,63,63,63,61,63,0,8046,1.33458767306251,26,-87,0.001869,51,2026-08-12 20:50:17.002218,478,1.037,0.0011,"aoml_navis",1029.1887301296
"7901009",119,0,1,0.024297,1,0.001869,1,109.592341958087,1,4.85811904988187,480,1,10.3660001754761,35.2039985656738,0.0242970008403063,0.00840259529650211,105.678398132324,-87.4889,26.1385,19.8687922871603,63,63,63,63,61,63,0,8046,1.33458767306251,26,-87,0.001869,51,2026-08-12 20:50:17.002218,480,1.037,0.0011,"aoml_navis",1029.20491421913
"7901009",119,0,1,0.029904,1,0.007476,1,109.492065782382,1,4.85806141522889,482,1,10.3229999542236,35.1980018615723,0.0299040004611015,0.0126038929447532,105.581703186035,-87.4889,26.1385,19.8687922871603,63,63,63,63,61,63,0,8046,1.33458767306251,26,-87,0.001869,51,2026-08-12 20:50:17.002218,482,1.037,0.0011,"aoml_navis",1029.21712441225
"7901009",119,0,1,0.028035,1,0.005607,1,109.42631739828,1,4.85800580449574,484,1,10.2779998779297,35.1910018920898,0.0280349999666214,0.0112034603953362,105.51830291748,-87.4889,26.1385,19.8687922871603,63,63,63,63,61,63,0,8046,1.33458767306251,26,-87,0.001869,51,2026-08-12 20:50:17.002218,484,1.037,0.0011,"aoml_navis",1029.22890610235
"7901009",119,0,1,0.029904,1,0.007476,1,109.439174332596,1,4.85793320850646,486,1,10.2089996337891,35.1829986572266,0.0299040004611015,0.0126038929447532,105.530700683594,-87.4889,26.1385,19.8687922871603,63,63,63,63,61,63,0,8046,1.33458767306251,26,-87,0.001869,51,2026-08-12 20:50:17.002218,486,1.037,0.0011,"aoml_navis",1029.24428669476
"7901009",119,0,1,0.026166,1,0.003738,1,109.585917446908,1,4.85787006048563,488,1,10.1549997329712,35.1759986877441,0.0261659994721413,0.00980302784591913,105.672203063965,-87.4889,26.1385,19.8687922871603,63,63,63,63,61,63,0,8046,1.33458767306251,26,-87,0.001869,51,2026-08-12 20:50:17.002218,488,1.037,0.0011,"aoml_navis",1029.25766596156
"7901009",119,0,1,0.028035,1,0.005607,1,109.597635059045,1,4.85782204559495,490,1,10.1269998550415,35.1710014343262,0.0280349999666214,0.0112034603953362,105.683502197266,-87.4889,26.1385,19.8687922871603,63,63,63,63,61,63,0,8046,1.33458767306251,26,-87,0.001869,51,2026-08-12 20:50:17.002218,490,1.037,0.0011,"aoml_navis",1029.26783918196
"7901009",119,0,1,0.029904,1,0.007476,1,109.609146960233,1,4.85775908544046,492,1,10.0729999542236,35.1640014648438,0.0299040004611015,0.0126038929447532,105.694602966309,-87.4889,26.1385,19.8687922871603,63,63,63,63,61,63,0,8046,1.33458767306251,26,-87,0.001869,51,2026-08-12 20:50:17.002218,492,1.037,0.0011,"aoml_navis",1029.28117925524
"7901009",119,0,1,0.029904,1,0.007476,1,109.522139140742,1,4.85769625109008,494,1,10.0190000534058,35.1570014953613,0.0299040004611015,0.0126038929447532,105.610702514648,-87.4889,26.1385,19.8687922871603,63,63,63,63,61,63,0,8046,1.33458767306251,26,-87,0.001869,51,2026-08-12 20:50:17.002218,494,1.037,0.0011,"aoml_navis",1029.29449301775
"7901009",119,0,1,0.026166,1,0.003738,1,109.506687083684,1,4.85763499379762,496,1,9.9709997177124,35.1510009765625,0.0261659994721413,0.00980302784591913,105.595802307129,-87.4889,26.1385,19.8687922871603,63,63,63,63,61,63,0,8046,1.33458767306251,26,-87,0.001869,51,2026-08-12 20:50:17.002218,496,1.037,0.0011,"aoml_navis",1029.30747295426
"7901009",119,0,1,0.029904,1,0.007476,1,109.605823937209,1,4.85757294218162,498,1,9.90900039672852,35.1419982910156,0.0299040004611015,0.0126038929447532,105.691398620605,-87.4889,26.1385,19.8687922871603,63,63,63,63,61,63,0,8046,1.33458767306251,26,-87,0.001869,51,2026-08-12 20:50:17.002218,498,1.037,0.0011,"aoml_navis",1029.32062153541
"7901009",119,0,1,0.031773,1,0.009345,1,109.637661662555,1,4.8575085040386,500,1,9.85700035095215,35.1360015869141,0.0317730009555817,0.0140043264254928,105.722099304199,-87.4889,26.1385,19.8687922871603,63,63,63,63,61,63,0,8046,1.33458767306251,26,-87,0.001869,51,2026-08-12 20:50:17.002218,500,1.037,0.0011,"aoml_navis",1029.3342761712
"7901009",119,0,1,0.028035,1,0.005607,1,109.609969804029,1,4.85744701963557,502,1,9.80399990081787,35.1290016174316,0.0280349999666214,0.0112034603953362,105.69539642334,-87.4889,26.1385,19.8687922871603,63,63,63,63,61,63,0,8046,1.33458767306251,26,-87,0.001869,51,2026-08-12 20:50:17.002218,502,1.037,0.0011,"aoml_navis",1029.34730523837
"7901009",119,0,1,0.028035,1,0.005607,1,109.4172898524,1,4.85739068482368,504,1,9.77000045776367,35.125,0.0280349999666214,0.0112034603953362,105.50959777832,-87.4889,26.1385,19.8687922871603,63,63,63,63,61,63,0,8046,1.33458767306251,26,-87,0.001869,51,2026-08-12 20:50:17.002218,504,1.037,0.0011,"aoml_navis",1029.359243353
"7901009",119,0,1,0.028035,1,0.005607,1,109.646372730052,1,4.85733276622092,506,1,9.7209997177124,35.1180000305176,0.0280349999666214,0.0112034603953362,105.730499267578,-87.4889,26.1385,19.8687922871603,63,63,63,63,61,63,0,8046,1.33458767306251,26,-87,0.001869,51,2026-08-12 20:50:17.002218,506,1.037,0.0011,"aoml_navis",1029.37151738321
"7901009",119,0,1,0.029904,1,0.007476,1,109.898479410079,1,4.85725658808242,508,1,9.63700008392334,35.1080017089844,0.0299040004611015,0.0126038929447532,105.973602294922,-87.4889,26.1385,19.8687922871603,63,63,63,63,61,63,0,8046,1.33458767306251,26,-87,0.001869,51,2026-08-12 20:50:17.002218,508,1.037,0.0011,"aoml_navis",1029.38766139467
"7901009",119,0,1,0.029904,1,0.007476,1,110.01742781039,1,4.85719678790315,510,1,9.58100032806396,35.0999984741211,0.0299040004611015,0.0126038929447532,106.088302612305,-87.4889,26.1385,19.8687922871603,63,63,63,63,61,63,0,8046,1.33458767306251,26,-87,0.001869,51,2026-08-12 20:50:17.002218,510,1.037,0.0011,"aoml_navis",1029.40033487062
"7901009",119,0,1,0.029904,1,0.007476,1,110.040657323714,1,4.85713825273938,512,1,9.54399967193604,35.0960006713867,0.0299040004611015,0.0126038929447532,106.110702514648,-87.4889,26.1385,19.8687922871603,63,63,63,63,61,63,0,8046,1.33458767306251,26,-87,0.001869,51,2026-08-12 20:50:17.002218,512,1.037,0.0011,"aoml_navis",1029.41274055357
"7901009",119,0,1,0.028035,1,0.005607,1,110.04656755752,1,4.85708096255884,514,1,9.50399971008301,35.0909996032715,0.0280349999666214,0.0112034603953362,106.116401672363,-87.4889,26.1385,19.8687922871603,63,63,63,63,61,63,0,8046,1.33458767306251,26,-87,0.001869,51,2026-08-12 20:50:17.002218,514,1.037,0.0011,"aoml_navis",1029.42488266983
"7901009",119,0,1,0.028035,1,0.005607,1,110.03359985577,1,4.8570296800717,516,1,9.47999954223633,35.0880012512207,0.0280349999666214,0.0112034603953362,106.103897094727,-87.4889,26.1385,19.8687922871603,63,63,63,63,61,63,0,8046,1.33458767306251,26,-87,0.001869,51,2026-08-12 20:50:17.002218,516,1.037,0.0011,"aoml_navis",1029.4357517548
"7901009",119,0,1,0.029904,1,0.007476,1,110.019081409942,1,4.85698009577322,518,1,9.45800018310547,35.0849990844727,0.0299040004611015,0.0126038929447532,106.089897155762,-87.4889,26.1385,19.8687922871603,63,63,63,63,61,63,0,8046,1.33458767306251,26,-87,0.001869,51,2026-08-12 20:50:17.002218,518,1.037,0.0011,"aoml_navis",1029.44626113482
"7901009",119,0,1,0.029904,1,0.007476,1,109.943901970022,1,4.8569298108015,520,1,9.44400024414062,35.0839996337891,0.0299040004611015,0.0126038929447532,106.017402648926,-87.4889,26.1385,19.8687922871603,63,63,63,63,61,63,0,8046,1.33458767306251,26,-87,0.001869,51,2026-08-12 20:50:17.002218,520,1.037,0.0011,"aoml_navis",1029.45691924152
"7901009",119,0,1,0.026166,1,0.003738,1,109.842581415653,1,4.85688320516814,522,1,9.43000030517578,35.0820007324219,0.0261659994721413,0.00980302784591913,105.919700622559,-87.4889,26.1385,19.8687922871603,63,63,63,63,61,63,0,8046,1.33458767306251,26,-87,0.001869,51,2026-08-12 20:50:17.002218,522,1.037,0.0011,"aoml_navis",1029.46679769437
"7901009",119,0,1,0.029904,1,0.007476,1,109.819866179701,1,4.85682537487534,524,1,9.39799976348877,35.0789985656738,0.0299040004611015,0.0126038929447532,105.897796630859,-87.4889,26.1385,19.8687922871603,63,63,63,63,61,63,0,8046,1.33458767306251,26,-87,0.001869,51,2026-08-12 20:50:17.002218,524,1.037,0.0011,"aoml_navis",1029.47905557101
"7901009",119,0,1,0.029904,1,0.007476,1,109.900552343489,1,4.85676499778273,526,1,9.35400009155273,35.0740013122559,0.0299040004611015,0.0126038929447532,105.975601196289,-87.4889,26.1385,19.8687922871603,63,63,63,63,61,63,0,8046,1.33458767306251,26,-87,0.001869,51,2026-08-12 20:50:17.002218,526,1.037,0.0011,"aoml_navis",1029.49185358622
"7901009",119,0,1,0.029904,1,0.007476,1,110.047706879699,1,4.85669850016908,528,1,9.29800033569336,35.068000793457,0.0299040004611015,0.0126038929447532,106.117500305176,-87.4889,26.1385,19.8687922871603,63,63,63,63,61,63,0,8046,1.33458767306251,26,-87,0.001869,51,2026-08-12 20:50:17.002218,528,1.037,0.0011,"aoml_navis",1029.50594932461
"7901009",119,0,1,0.029904,1,0.007476,1,110.11780684157,1,4.85664867531653,530,1,9.27999973297119,35.0660018920898,0.0299040004611015,0.0126038929447532,106.185096740723,-87.4889,26.1385,19.8687922871603,63,63,63,63,61,63,0,8046,1.33458767306251,26,-87,0.001869,51,2026-08-12 20:50:17.002218,530,1.037,0.0011,"aoml_navis",1029.51651113082
"7901009",119,0,1,0.029904,1,0.007476,1,110.190715549091,1,4.85660584023185,532,1,9.26599979400635,35.0629997253418,0.0299040004611015,0.0126038929447532,106.255401611328,-87.4889,26.1385,19.8687922871603,63,63,63,63,61,63,0,8046,1.33458767306251,26,-87,0.001869,51,2026-08-12 20:50:17.002218,532,1.037,0.0011,"aoml_navis",1029.52559142854
"7901009",119,0,1,0.026166,1,0.003738,1,110.350315597719,1,4.85654779017228,534,1,9.22900009155273,35.0589981079102,0.0261659994721413,0.00980302784591913,106.409301757812,-87.4889,26.1385,19.8687922871603,63,63,63,63,61,63,0,8046,1.33458767306251,26,-87,0.001869,51,2026-08-12 20:50:17.002218,534,1.037,0.0011,"aoml_navis",1029.53789729363
"7901009",119,0,1,0.028035,1,0.005607,1,110.476724975914,1,4.8564918458203,536,1,9.19900035858154,35.0559997558594,0.0280349999666214,0.0112034603953362,106.531196594238,-87.4889,26.1385,19.8687922871603,63,63,63,63,61,63,0,8046,1.33458767306251,26,-87,0.001869,51,2026-08-12 20:50:17.002218,536,1.037,0.0011,"aoml_navis",1029.5497570542
"7901009",119,0,1,0.029904,1,0.007476,1,110.580537797551,1,4.85643839229319,538,1,9.17199993133545,35.0530014038086,0.0299040004611015,0.0126038929447532,106.631301879883,-87.4889,26.1385,19.8687922871603,63,63,63,63,61,63,0,8046,1.33458767306251,26,-87,0.001869,51,2026-08-12 20:50:17.002218,538,1.037,0.0011,"aoml_navis",1029.56108903484
"7901009",119,0,1,0.029904,1,0.007476,1,110.634046380184,1,4.85639275728403,540,1,9.15900039672852,35.0509986877441,0.0299040004611015,0.0126038929447532,106.682899475098,-87.4889,26.1385,19.8687922871603,63,63,63,63,61,63,0,8046,1.33458767306251,26,-87,0.001869,51,2026-08-12 20:50:17.002218,540,1.037,0.0011,"aoml_navis",1029.57076371152
"7901009",119,0,1,0.026166,1,0.003738,1,110.673661561796,1,4.8563483470988,542,1,9.15200042724609,35.0499992370605,0.0261659994721413,0.00980302784591913,106.721099853516,-87.4889,26.1385,19.8687922871603,63,63,63,63,61,63,0,8046,1.33458767306251,26,-87,0.001869,51,2026-08-12 20:50:17.002218,542,1.037,0.0011,"aoml_navis",1029.58017889862
"7901009",119,0,1,0.031773,1,0.009345,1,110.606045955234,1,4.85630393923592,544,1,9.14500045776367,35.048999786377,0.0317730009555817,0.0140043264254928,106.655899047852,-87.4889,26.1385,19.8687922871603,63,63,63,63,61,63,0,8046,1.33458767306251,26,-87,0.001869,51,2026-08-12 20:50:17.002218,544,1.037,0.0011,"aoml_navis",1029.58959376556
"7901009",119,0,1,0.028035,1,0.005607,1,110.49446358929,1,4.85625993665882,546,1,9.13399982452393,35.0470008850098,0.0280349999666214,0.0112034603953362,106.548301696777,-87.4889,26.1385,19.8687922871603,63,63,63,63,61,63,0,8046,1.33458767306251,26,-87,0.001869,51,2026-08-12 20:50:17.002218,546,1.037,0.0011,"aoml_navis",1029.5989228781
"7901009",119,0,1,0.028035,1,0.005607,1,110.339317973905,1,4.8562122756463,548,1,9.11400032043457,35.0439987182617,0.0280349999666214,0.0112034603953362,106.398696899414,-87.4889,26.1385,19.8687922871603,63,63,63,63,61,63,0,8046,1.33458767306251,26,-87,0.001869,51,2026-08-12 20:50:17.002218,548,1.037,0.0011,"aoml_navis",1029.60902781676
"7901009",119,0,1,0.026166,1,0.003738,1,110.330401195459,1,4.85613248152146,550,1,9.04100036621094,35.0379981994629,0.0261659994721413,0.00980302784591913,106.390098571777,-87.4889,26.1385,19.8687922871603,63,63,63,63,61,63,0,8046,1.33458767306251,26,-87,0.001869,51,2026-08-12 20:50:17.002218,550,1.037,0.0011,"aoml_navis",1029.62594596132
"7901009",119,0,1,0.029904,1,0.007476,1,110.32210946182,1,4.85607996805711,552,1,9.02400016784668,35.0369987487793,0.0299040004611015,0.0126038929447532,106.382102966309,-87.4889,26.1385,19.8687922871603,63,63,63,63,61,63,0,8046,1.33458767306251,26,-87,0.001869,51,2026-08-12 20:50:17.002218,552,1.037,0.0011,"aoml_navis",1029.63708029719
"7901009",119,0,1,0.031773,1,0.009345,1,110.310178226775,1,4.85603763666775,554,1,9.01500034332275,35.0349998474121,0.0317730009555817,0.0140043264254928,106.370597839355,-87.4889,26.1385,19.8687922871603,63,63,63,63,61,63,0,8046,1.33458767306251,26,-87,0.001869,51,2026-08-12 20:50:17.002218,554,1.037,0.0011,"aoml_navis",1029.64605592123
"7901009",119,0,1,0.028035,1,0.005607,1,110.478386487426,1,4.85597103713937,556,1,8.96700000762939,35.0309982299805,0.0280349999666214,0.0112034603953362,106.53279876709,-87.4889,26.1385,19.8687922871603,63,63,63,63,61,63,0,8046,1.33458767306251,26,-87,0.001869,51,2026-08-12 20:50:17.002218,556,1.037,0.0011,"aoml_navis",1029.66017749263
"7901009",119,0,1,0.033642,1,0.011214,1,110.628650423751,1,4.85592511005953,558,1,8.94900035858154,35.0279998779297,0.0336420014500618,0.0154047571122646,106.677696228027,-87.4889,26.1385,19.8687922871603,63,63,63,63,61,63,0,8046,1.33458767306251,26,-87,0.001869,51,2026-08-12 20:50:17.002218,558,1.037,0.0011,"aoml_navis",1029.66991596349
"7901009",119,0,1,0.022428,1,0,1,110.857424734979,1,4.85586510249859,560,1,8.90900039672852,35.023998260498,0.0224280003458261,0.00700216321274638,106.898300170898,-87.4889,26.1385,19.8687922871603,63,63,63,63,61,63,0,8046,1.33458767306251,26,-87,0.001869,51,2026-08-12 20:50:17.002218,560,1.037,0.0011,"aoml_navis",1029.68264036562
"7901009",119,0,1,0.029904,1,0.007476,1,111.062755909975,1,4.85580088344658,562,1,8.85000038146973,35.0169982910156,0.0299040004611015,0.0126038929447532,107.096298217773,-87.4889,26.1385,19.8687922871603,63,63,63,63,61,63,0,8046,1.33458767306251,26,-87,0.001869,51,2026-08-12 20:50:17.002218,562,1.037,0.0011,"aoml_navis",1029.69625814868
"7901009",119,0,1,0.028035,1,0.005607,1,111.193010500525,1,4.85574814497255,564,1,8.82800006866455,35.0149993896484,0.0280349999666214,0.0112034603953362,107.221900939941,-87.4889,26.1385,19.8687922871603,63,63,63,63,61,63,0,8046,1.33458767306251,26,-87,0.001869,51,2026-08-12 20:50:17.002218,564,1.037,0.0011,"aoml_navis",1029.70744172076
"7901009",119,0,1,0.028035,1,0.005607,1,111.345663848643,1,4.85569073367723,566,1,8.79100036621094,35.0110015869141,0.0280349999666214,0.0112034603953362,107.369102478027,-87.4889,26.1385,19.8687922871603,63,63,63,63,61,63,0,8046,1.33458767306251,26,-87,0.001869,51,2026-08-12 20:50:17.002218,566,1.037,0.0011,"aoml_navis",1029.71961647431
"7901009",119,0,1,0.029904,1,0.007476,1,111.382786762988,1,4.8556401321286,568,1,8.76700019836426,35.007999420166,0.0299040004611015,0.0126038929447532,107.404899597168,-87.4889,26.1385,19.8687922871603,63,63,63,63,61,63,0,8046,1.33458767306251,26,-87,0.001869,51,2026-08-12 20:50:17.002218,568,1.037,0.0011,"aoml_navis",1029.73034737814
"7901009",119,0,1,0.028035,1,0.005607,1,111.45340891419,1,4.85558586314494,570,1,8.74300003051758,35.0060005187988,0.0280349999666214,0.0112034603953362,107.472999572754,-87.4889,26.1385,19.8687922871603,63,63,63,63,61,63,0,8046,1.33458767306251,26,-87,0.001869,51,2026-08-12 20:50:17.002218,570,1.037,0.0011,"aoml_navis",1029.74185627139
"7901009",119,0,1,0.028035,1,0.005607,1,111.557427446776,1,4.85553530608882,572,1,8.7189998626709,35.0029983520508,0.0280349999666214,0.0112034603953362,107.573303222656,-87.4889,26.1385,19.8687922871603,63,63,63,63,61,63,0,8046,1.33458767306251,26,-87,0.001869,51,2026-08-12 20:50:17.002218,572,1.037,0.0011,"aoml_navis",1029.75257820287
"7901009",119,0,1,0.029904,1,0.007476,1,111.639767210115,1,4.85548395929932,574,1,8.69400024414062,35,0.0299040004611015,0.0126038929447532,107.652702331543,-87.4889,26.1385,19.8687922871603,63,63,63,63,61,63,0,8046,1.33458767306251,26,-87,0.001869,51,2026-08-12 20:50:17.002218,574,1.037,0.0011,"aoml_navis",1029.76346784627
"7901009",119,0,1,0.029904,1,0.007476,1,111.805586058973,1,4.85542437160731,576,1,8.6540002822876,34.9959983825684,0.0299040004611015,0.0126038929447532,107.812599182129,-87.4889,26.1385,19.8687922871603,63,63,63,63,61,63,0,8046,1.33458767306251,26,-87,0.001869,51,2026-08-12 20:50:17.002218,576,1.037,0.0011,"aoml_navis",1029.77610551163
"7901009",119,0,1,0.029904,1,0.007476,1,111.9174849033,1,4.8553619550804,578,1,8.61499977111816,34.9930000305176,0.0299040004611015,0.0126038929447532,107.920501708984,-87.4889,26.1385,19.8687922871603,63,63,63,63,61,63,0,8046,1.33458767306251,26,-87,0.001869,51,2026-08-12 20:50:17.002218,578,1.037,0.0011,"aoml_navis",1029.78934346352
"7901009",119,0,1,0.033642,1,0.011214,1,111.955960762733,1,4.8553122996867,580,1,8.59200000762939,34.9900016784668,0.0336420014500618,0.0154047571122646,107.95760345459,-87.4889,26.1385,19.8687922871603,63,63,63,63,61,63,0,8046,1.33458767306251,26,-87,0.001869,51,2026-08-12 20:50:17.002218,580,1.037,0.0011,"aoml_navis",1029.79987514349
"7901009",119,0,1,0.029904,1,0.007476,1,111.987070587797,1,4.85525929134539,582,1,8.57400035858154,34.9889984130859,0.0299040004611015,0.0126038929447532,107.987602233887,-87.4889,26.1385,19.8687922871603,63,63,63,63,61,63,0,8046,1.33458767306251,26,-87,0.001869,51,2026-08-12 20:50:17.002218,582,1.037,0.0011,"aoml_navis",1029.8111182059
"7901009",119,0,1,0.029904,1,0.007476,1,112.067020939344,1,4.85521207688719,583.900024414062,1,8.55599975585938,34.9869995117188,0.0299040004611015,0.0126038929447532,108.064697265625,-87.4889,26.1385,19.8687922871603,63,63,63,63,61,63,0,8046,1.33458767306251,26,-87,0.001869,51,2026-08-12 20:50:17.002218,583.900024414062,1.037,0.0011,"aoml_navis",1029.82113259317
"7901009",119,0,1,0.029904,1,0.007476,1,112.173112405339,1,4.85515797769833,586,1,8.52999973297119,34.984001159668,0.0299040004611015,0.0126038929447532,108.166999816895,-87.4889,26.1385,19.8687922871603,63,63,63,63,61,63,0,8046,1.33458767306251,26,-87,0.001869,51,2026-08-12 20:50:17.002218,586,1.037,0.0011,"aoml_navis",1029.83260750051
"7901009",119,0,1,0.029904,1,0.007476,1,112.324309952895,1,4.85509049373334,588,1,8.47500038146973,34.9790000915527,0.0299040004611015,0.0126038929447532,108.312797546387,-87.4889,26.1385,19.8687922871603,63,63,63,63,61,63,0,8046,1.33458767306251,26,-87,0.001869,51,2026-08-12 20:50:17.002218,588,1.037,0.0011,"aoml_navis",1029.84692179347
"7901009",119,0,1,0.041118,1,0.01869,1,112.387257503306,1,4.85503649852915,590,1,8.45100021362305,34.9770011901855,0.041117999702692,0.0210064873099327,108.373497009277,-87.4889,26.1385,19.8687922871603,63,63,63,63,61,63,0,8046,1.33458767306251,26,-87,0.001869,51,2026-08-12 20:50:17.002218,590,1.037,0.0011,"aoml_navis",1029.85837521814
"7901009",119,0,1,0.031773,1,0.009345,1,112.39431497125,1,4.85498490080788,592,1,8.43000030517578,34.9749984741211,0.0317730009555817,0.0140043264254928,108.380302429199,-87.4889,26.1385,19.8687922871603,63,63,63,63,61,63,0,8046,1.33458767306251,26,-87,0.001869,51,2026-08-12 20:50:17.002218,592,1.037,0.0011,"aoml_navis",1029.86932032847
"7901009",119,0,1,0.028035,1,0.005607,1,112.362477245904,1,4.85493434639022,594,1,8.41499996185303,34.9739990234375,0.0280349999666214,0.0112034603953362,108.349601745605,-87.4889,26.1385,19.8687922871603,63,63,63,63,61,63,0,8046,1.33458767306251,26,-87,0.001869,51,2026-08-12 20:50:17.002218,594,1.037,0.0011,"aoml_navis",1029.8800443548
"7901009",119,0,1,0.029904,1,0.007476,1,112.412876428423,1,4.85488248117288,596,1,8.40299987792969,34.9739990234375,0.0299040004611015,0.0126038929447532,108.39820098877,-87.4889,26.1385,19.8687922871603,63,63,63,63,61,63,0,8046,1.33458767306251,26,-87,0.001869,51,2026-08-12 20:50:17.002218,596,1.037,0.0011,"aoml_navis",1029.89104667103
"7901009",119,0,1,0.031773,1,0.009345,1,112.617479703137,1,4.85482830252434,598,1,8.37399959564209,34.9710006713867,0.0317730009555817,0.0140043264254928,108.595497131348,-87.4889,26.1385,19.8687922871603,63,63,63,63,61,63,0,8046,1.33458767306251,26,-87,0.001869,51,2026-08-12 20:50:17.002218,598,1.037,0.0011,"aoml_navis",1029.90253999306
"7901009",119,0,1,0.031773,1,0.009345,1,112.868241350036,1,4.85477596747563,600,1,8.35200023651123,34.9690017700195,0.0317730009555817,0.0140043264254928,108.837303161621,-87.4889,26.1385,19.8687922871603,63,63,63,63,61,63,0,8046,1.33458767306251,26,-87,0.001869,51,2026-08-12 20:50:17.002218,600,1.037,0.0011,"aoml_navis",1029.91364246204
"7901009",119,0,1,0.031773,1,0.009345,1,113.269884066107,1,4.85470653727059,602,1,8.29399967193604,34.9640007019043,0.0317730009555817,0.0140043264254928,109.224601745605,-87.4889,26.1385,19.8687922871603,63,63,63,63,61,63,0,8046,1.33458767306251,26,-87,0.001869,51,2026-08-12 20:50:17.002218,602,1.037,0.0011,"aoml_navis",1029.92837190342
"7901009",119,0,1,0.028035,1,0.005607,1,113.398160666762,1,4.85465072066635,604,1,8.25800037384033,34.9599990844727,0.0280349999666214,0.0112034603953362,109.348297119141,-87.4889,26.1385,19.8687922871603,63,63,63,63,61,63,0,8046,1.33458767306251,26,-87,0.001869,51,2026-08-12 20:50:17.002218,604,1.037,0.0011,"aoml_navis",1029.94021355952
"7901009",119,0,1,0.028035,1,0.005607,1,113.487455042571,1,4.8546064956696,606,1,8.25100040435791,34.9589996337891,0.0280349999666214,0.0112034603953362,109.43440246582,-87.4889,26.1385,19.8687922871603,63,63,63,63,61,63,0,8046,1.33458767306251,26,-87,0.001869,51,2026-08-12 20:50:17.002218,606,1.037,0.0011,"aoml_navis",1029.94959621549
"7901009",119,0,1,0.029904,1,0.007476,1,113.533083313463,1,4.85456461083771,608,1,8.24699974060059,34.9580001831055,0.0299040004611015,0.0126038929447532,109.478401184082,-87.4889,26.1385,19.8687922871603,63,63,63,63,61,63,0,8046,1.33458767306251,26,-87,0.001869,51,2026-08-12 20:50:17.002218,608,1.037,0.0011,"aoml_navis",1029.95848254602
"7901009",119,0,1,0.031773,1,0.009345,1,113.669453848768,1,4.85451961095443,610,1,8.23900032043457,34.9570007324219,0.0317730009555817,0.0140043264254928,109.609901428223,-87.4889,26.1385,19.8687922871603,63,63,63,63,61,63,0,8046,1.33458767306251,26,-87,0.001869,51,2026-08-12 20:50:17.002218,610,1.037,0.0011,"aoml_navis",1029.96802994003
"7901009",119,0,1,0.028035,1,0.005607,1,113.924875639858,1,4.85445375853838,612,1,8.1899995803833,34.9529991149902,0.0280349999666214,0.0112034603953362,109.856201171875,-87.4889,26.1385,19.8687922871603,63,63,63,63,61,63,0,8046,1.33458767306251,26,-87,0.001869,51,2026-08-12 20:50:17.002218,612,1.037,0.0011,"aoml_navis",1029.98200182783
"7901009",119,0,1,0.028035,1,0.005607,1,114.136219904134,1,4.85438819299655,614,1,8.14599990844727,34.9500007629395,0.0280349999666214,0.0112034603953362,110.059997558594,-87.4889,26.1385,19.8687922871603,63,63,63,63,61,63,0,8046,1.33458767306251,26,-87,0.001869,51,2026-08-12 20:50:17.002218,614,1.037,0.0011,"aoml_navis",1029.99591322621
"7901009",119,0,1,0.028035,1,0.005607,1,114.24718513723,1,4.85432890995008,616,1,8.10999965667725,34.9469985961914,0.0280349999666214,0.0112034603953362,110.166999816895,-87.4889,26.1385,19.8687922871603,63,63,63,63,61,63,0,8046,1.33458767306251,26,-87,0.001869,51,2026-08-12 20:50:17.002218,616,1.037,0.0011,"aoml_navis",1030.0084919568
"7901009",119,0,1,0.028035,1,0.005607,1,114.289498297059,1,4.85428239674619,618,1,8.10000038146973,34.9459991455078,0.0280349999666214,0.0112034603953362,110.207801818848,-87.4889,26.1385,19.8687922871603,63,63,63,63,61,63,0,8046,1.33458767306251,26,-87,0.001869,51,2026-08-12 20:50:17.002218,618,1.037,0.0011,"aoml_navis",1030.01836138571
"7901009",119,0,1,0.031773,1,0.009345,1,114.33740521231,1,4.85423588652208,620,1,8.09000015258789,34.9449996948242,0.0317730009555817,0.0140043264254928,110.253997802734,-87.4889,26.1385,19.8687922871603,63,63,63,63,61,63,0,8046,1.33458767306251,26,-87,0.001869,51,2026-08-12 20:50:17.002218,620,1.037,0.0011,"aoml_navis",1030.02823037147
"7901009",119,0,1,0.028035,1,0.005607,1,114.39848554026,1,4.85419015295182,622,1,8.08100032806396,34.9440002441406,0.0280349999666214,0.0112034603953362,110.312896728516,-87.4889,26.1385,19.8687922871603,63,63,63,63,61,63,0,8046,1.33458767306251,26,-87,0.001869,51,2026-08-12 20:50:17.002218,622,1.037,0.0011,"aoml_navis",1030.03793474376
"7901009",119,0,1,0.028035,1,0.005607,1,114.467968369284,1,4.85414210538438,624,1,8.06900024414062,34.943000793457,0.0280349999666214,0.0112034603953362,110.379898071289,-87.4889,26.1385,19.8687922871603,63,63,63,63,61,63,0,8046,1.33458767306251,26,-87,0.001869,51,2026-08-12 20:50:17.002218,624,1.037,0.0011,"aoml_navis",1030.04813032849
"7901009",119,0,1,0.033642,1,0.011214,1,114.524388553042,1,4.85409792281083,626,1,8.0620002746582,34.9420013427734,0.0336420014500618,0.0154047571122646,110.434303283691,-87.4889,26.1385,19.8687922871603,63,63,63,63,61,63,0,8046,1.33458767306251,26,-87,0.001869,51,2026-08-12 20:50:17.002218,626,1.037,0.0011,"aoml_navis",1030.05750594843
"7901009",119,0,1,0.029904,1,0.007476,1,114.655568842863,1,4.85404354847889,628,1,8.03699970245361,34.939998626709,0.0299040004611015,0.0126038929447532,110.56079864502,-87.4889,26.1385,19.8687922871603,63,63,63,63,61,63,0,8046,1.33458767306251,26,-87,0.001869,51,2026-08-12 20:50:17.002218,628,1.037,0.0011,"aoml_navis",1030.06904451173
"7901009",119,0,1,0.029904,1,0.007476,1,114.736974994971,1,4.85399629062166,630,1,8.02600002288818,34.9389991760254,0.0299040004611015,0.0126038929447532,110.639297485352,-87.4889,26.1385,19.8687922871603,63,63,63,63,61,63,0,8046,1.33458767306251,26,-87,0.001869,51,2026-08-12 20:50:17.002218,630,1.037,0.0011,"aoml_navis",1030.07907312588
"7901009",119,0,1,0.035511,1,0.013083,1,114.926862024869,1,4.85394056634895,632,1,8.00399971008301,34.9379997253418,0.0355109982192516,0.0168051905930042,110.822402954102,-87.4889,26.1385,19.8687922871603,63,63,63,63,61,63,0,8046,1.33458767306251,26,-87,0.001869,51,2026-08-12 20:50:17.002218,632,1.037,0.0011,"aoml_navis",1030.09089865328
"7901009",119,0,1,0.029904,1,0.007476,1,115.101186230274,1,4.85388606933193,634,1,7.97399997711182,34.935001373291,0.0299040004611015,0.0126038929447532,110.990501403809,-87.4889,26.1385,19.8687922871603,63,63,63,63,61,63,0,8046,1.33458767306251,26,-87,0.001869,51,2026-08-12 20:50:17.002218,634,1.037,0.0011,"aoml_navis",1030.10246400122
"7901009",119,0,1,0.029904,1,0.007476,1,115.339083030897,1,4.85382947781657,636,1,7.94600009918213,34.9329986572266,0.0299040004611015,0.0126038929447532,111.219902038574,-87.4889,26.1385,19.8687922871603,63,63,63,63,61,63,0,8046,1.33458767306251,26,-87,0.001869,51,2026-08-12 20:50:17.002218,636,1.037,0.0011,"aoml_navis",1030.11447411811
"7901009",119,0,1,0.024297,1,0.001869,1,115.648013404621,1,4.85377043061081,637.900024414062,1,7.91200017929077,34.9309997558594,0.0242970008403063,0.00840259529650211,111.517799377441,-87.4889,26.1385,19.8687922871603,63,63,63,63,61,63,0,8046,1.33458767306251,26,-87,0.001869,51,2026-08-12 20:50:17.002218,637.900024414062,1.037,0.0011,"aoml_navis",1030.12700569169
"7901009",119,0,1,0.028035,1,0.005607,1,115.962648301201,1,4.85371532203223,640,1,7.87900018692017,34.9269981384277,0.0280349999666214,0.0112034603953362,111.821197509766,-87.4889,26.1385,19.8687922871603,63,63,63,63,61,63,0,8046,1.33458767306251,26,-87,0.001869,51,2026-08-12 20:50:17.002218,640,1.037,0.0011,"aoml_navis",1030.1387016465
"7901009",119,0,1,0.031773,1,0.009345,1,116.339922181768,1,4.8536534819473,642,1,7.8439998626709,34.9249992370605,0.0317730009555817,0.0140043264254928,112.184997558594,-87.4889,26.1385,19.8687922871603,63,63,63,63,61,63,0,8046,1.33458767306251,26,-87,0.001869,51,2026-08-12 20:50:17.002218,642,1.037,0.0011,"aoml_navis",1030.15182657704
"7901009",119,0,1,0.033642,1,0.011214,1,116.712844484567,1,4.85359296415773,644,1,7.80100011825562,34.9210014343262,0.0336420014500618,0.0154047571122646,112.54460144043,-87.4889,26.1385,19.8687922871603,63,63,63,63,61,63,0,8046,1.33458767306251,26,-87,0.001869,51,2026-08-12 20:50:17.002218,644,1.037,0.0011,"aoml_navis",1030.1646711876
"7901009",119,0,1,0.028035,1,0.005607,1,117.061492895378,1,4.85352810000863,646,1,7.75699996948242,34.9179992675781,0.0280349999666214,0.0112034603953362,112.880798339844,-87.4889,26.1385,19.8687922871603,63,63,63,63,61,63,0,8046,1.33458767306251,26,-87,0.001869,51,2026-08-12 20:50:17.002218,646,1.037,0.0011,"aoml_navis",1030.17843864778
"7901009",119,0,1,0.031773,1,0.009345,1,117.357154912887,1,4.85347174006216,648,1,7.72900009155273,34.9160003662109,0.0317730009555817,0.0140043264254928,113.165901184082,-87.4889,26.1385,19.8687922871603,63,63,63,63,61,63,0,8046,1.33458767306251,26,-87,0.001869,51,2026-08-12 20:50:17.002218,648,1.037,0.0011,"aoml_navis",1030.19040138389
"7901009",119,0,1,0.031773,1,0.009345,1,117.626572960473,1,4.85342061874299,650,1,7.70300006866455,34.9129981994629,0.0317730009555817,0.0140043264254928,113.42569732666,-87.4889,26.1385,19.8687922871603,63,63,63,63,61,63,0,8046,1.33458767306251,26,-87,0.001869,51,2026-08-12 20:50:17.002218,650,1.037,0.0011,"aoml_navis",1030.20125243028
"7901009",119,0,1,0.031773,1,0.009345,1,117.975537849667,1,4.85336582936296,652,1,7.67700004577637,34.9109992980957,0.0317730009555817,0.0140043264254928,113.762199401855,-87.4889,26.1385,19.8687922871603,63,63,63,63,61,63,0,8046,1.33458767306251,26,-87,0.001869,51,2026-08-12 20:50:17.002218,652,1.037,0.0011,"aoml_navis",1030.21288231559
"7901009",119,0,1,0.029904,1,0.007476,1,118.445104738724,1,4.85329891740657,654,1,7.63000011444092,34.9080009460449,0.0299040004611015,0.0126038929447532,114.214996337891,-87.4889,26.1385,19.8687922871603,63,63,63,63,61,63,0,8046,1.33458767306251,26,-87,0.001869,51,2026-08-12 20:50:17.002218,654,1.037,0.0011,"aoml_navis",1030.2270857596
"7901009",119,0,1,0.033642,1,0.011214,1,118.769392225991,1,4.85322610655939,656,1,7.57499980926514,34.9049987792969,0.0336420014500618,0.0154047571122646,114.527702331543,-87.4889,26.1385,19.8687922871603,63,63,63,63,61,63,0,8046,1.33458767306251,26,-87,0.001869,51,2026-08-12 20:50:17.002218,656,1.037,0.0011,"aoml_navis",1030.24254180992
"7901009",119,0,1,0.026166,1,0.003738,1,118.968085266899,1,4.85318345320943,658,1,7.56500005722046,34.9029998779297,0.0261659994721413,0.00980302784591913,114.719299316406,-87.4889,26.1385,19.8687922871603,63,63,63,63,61,63,0,8046,1.33458767306251,26,-87,0.001869,51,2026-08-12 20:50:17.002218,658,1.037,0.0011,"aoml_navis",1030.25159634002
"7901009",119,0,1,0.029904,1,0.007476,1,119.397111275073,1,4.85313112231063,660,1,7.54699993133545,34.9020004272461,0.0299040004611015,0.0126038929447532,115.133003234863,-87.4889,26.1385,19.8687922871603,63,63,63,63,61,63,0,8046,1.33458767306251,26,-87,0.001869,51,2026-08-12 20:50:17.002218,660,1.037,0.0011,"aoml_navis",1030.26270545508
"7901009",119,0,1,0.029904,1,0.007476,1,119.753742853099,1,4.85306971408092,662,1,7.50699996948242,34.898998260498,0.0299040004611015,0.0126038929447532,115.476898193359,-87.4889,26.1385,19.8687922871603,63,63,63,63,61,63,0,8046,1.33458767306251,26,-87,0.001869,51,2026-08-12 20:50:17.002218,662,1.037,0.0011,"aoml_navis",1030.27574186556
"7901009",119,0,1,0.028035,1,0.005607,1,120.067760616832,1,4.85300542349756,664,1,7.46799993515015,34.8969993591309,0.0280349999666214,0.0112034603953362,115.77970123291,-87.4889,26.1385,19.8687922871603,63,63,63,63,61,63,0,8046,1.33458767306251,26,-87,0.001869,51,2026-08-12 20:50:17.002218,664,1.037,0.0011,"aoml_navis",1030.2893905271
"7901009",119,0,1,0.026166,1,0.003738,1,120.279421359491,1,4.85295162359093,666,1,7.44299983978271,34.8950004577637,0.0261659994721413,0.00980302784591913,115.98380279541,-87.4889,26.1385,19.8687922871603,63,63,63,63,61,63,0,8046,1.33458767306251,26,-87,0.001869,51,2026-08-12 20:50:17.002218,666,1.037,0.0011,"aoml_navis",1030.30081233331
"7901009",119,0,1,0.029904,1,0.007476,1,120.545627151488,1,4.85290454697679,668,1,7.42700004577637,34.8930015563965,0.0299040004611015,0.0126038929447532,116.240501403809,-87.4889,26.1385,19.8687922871603,63,63,63,63,61,63,0,8046,1.33458767306251,26,-87,0.001869,51,2026-08-12 20:50:17.002218,668,1.037,0.0011,"aoml_navis",1030.31080698153
"7901009",119,0,1,0.031773,1,0.009345,1,120.871148904449,1,4.85284265808813,670,1,7.39599990844727,34.8919982910156,0.0317730009555817,0.0140043264254928,116.554397583008,-87.4889,26.1385,19.8687922871603,63,63,63,63,61,63,0,8046,1.33458767306251,26,-87,0.001869,51,2026-08-12 20:50:17.002218,670,1.037,0.0011,"aoml_navis",1030.32394665972
"7901009",119,0,1,0.029904,1,0.007476,1,121.238366684391,1,4.85278153581212,672,1,7.36600017547607,34.890998840332,0.0299040004611015,0.0126038929447532,116.908500671387,-87.4889,26.1385,19.8687922871603,63,63,63,63,61,63,0,8046,1.33458767306251,26,-87,0.001869,51,2026-08-12 20:50:17.002218,672,1.037,0.0011,"aoml_navis",1030.33692390672
"7901009",119,0,1,0.029904,1,0.007476,1,121.569592960209,1,4.85272339125098,674,1,7.33500003814697,34.8889999389648,0.0299040004611015,0.0126038929447532,117.227897644043,-87.4889,26.1385,19.8687922871603,63,63,63,63,61,63,0,8046,1.33458767306251,26,-87,0.001869,51,2026-08-12 20:50:17.002218,674,1.037,0.0011,"aoml_navis",1030.34926924014
"7901009",119,0,1,0.031773,1,0.009345,1,121.969265598345,1,4.85266455996483,676,1,7.30800008773804,34.8880004882812,0.0317730009555817,0.0140043264254928,117.613296508789,-87.4889,26.1385,19.8687922871603,63,63,63,63,61,63,0,8046,1.33458767306251,26,-87,0.001869,51,2026-08-12 20:50:17.002218,676,1.037,0.0011,"aoml_navis",1030.36176068107
"7901009",119,0,1,0.031773,1,0.009345,1,122.475860458232,1,4.85260796363107,678,1,7.27899980545044,34.8860015869141,0.0317730009555817,0.0140043264254928,118.10179901123,-87.4889,26.1385,19.8687922871603,63,63,63,63,61,63,0,8046,1.33458767306251,26,-87,0.001869,51,2026-08-12 20:50:17.002218,678,1.037,0.0011,"aoml_navis",1030.37377786823
"7901009",119,0,1,0.031773,1,0.009345,1,122.94822818098,1,4.85253816942534,680,1,7.22200012207031,34.8819999694824,0.0317730009555817,0.0140043264254928,118.55729675293,-87.4889,26.1385,19.8687922871603,63,63,63,63,61,63,0,8046,1.33458767306251,26,-87,0.001869,51,2026-08-12 20:50:17.002218,680,1.037,0.0011,"aoml_navis",1030.38859776596
"7901009",119,0,1,0.026166,1,0.003738,1,123.248866821065,1,4.85246771825084,682,1,7.17899990081787,34.8810005187988,0.0261659994721413,0.00980302784591913,118.847198486328,-87.4889,26.1385,19.8687922871603,63,63,63,63,61,63,0,8046,1.33458767306251,26,-87,0.001869,51,2026-08-12 20:50:17.002218,682,1.037,0.0011,"aoml_navis",1030.40355759489
"7901009",119,0,1,0.029904,1,0.007476,1,123.423918926751,1,4.8524149176125,684,1,7.15999984741211,34.8800010681152,0.0299040004611015,0.0126038929447532,119.015998840332,-87.4889,26.1385,19.8687922871603,63,63,63,63,61,63,0,8046,1.33458767306251,26,-87,0.001869,51,2026-08-12 20:50:17.002218,684,1.037,0.0011,"aoml_navis",1030.41476973699
"7901009",119,0,1,0.029904,1,0.007476,1,123.69271984149,1,4.85235917880924,686,1,7.14200019836426,34.8800010681152,0.0299040004611015,0.0126038929447532,119.275199890137,-87.4889,26.1385,19.8687922871603,63,63,63,63,61,63,0,8046,1.33458767306251,26,-87,0.001869,51,2026-08-12 20:50:17.002218,686,1.037,0.0011,"aoml_navis",1030.42660605907
"7901009",119,0,1,0.026166,1,0.003738,1,123.978840035747,1,4.85229543958985,688,1,7.10799980163574,34.8790016174316,0.0261659994721413,0.00980302784591913,119.55110168457,-87.4889,26.1385,19.8687922871603,63,63,63,63,61,63,0,8046,1.33458767306251,26,-87,0.001869,51,2026-08-12 20:50:17.002218,688,1.037,0.0011,"aoml_navis",1030.44014162968
"7901009",119,0,1,0.031773,1,0.009345,1,124.144864595554,1,4.85224708339131,690,1,7.09499979019165,34.8779983520508,0.0317730009555817,0.0140043264254928,119.711196899414,-87.4889,26.1385,19.8687922871603,63,63,63,63,61,63,0,8046,1.33458767306251,26,-87,0.001869,51,2026-08-12 20:50:17.002218,690,1.037,0.0011,"aoml_navis",1030.45041072093
"7901009",119,0,1,0.028035,1,0.005607,1,124.392619697812,1,4.85218992871318,692,1,7.07499980926514,34.8779983520508,0.0280349999666214,0.0112034603953362,119.950103759766,-87.4889,26.1385,19.8687922871603,63,63,63,63,61,63,0,8046,1.33458767306251,26,-87,0.001869,51,2026-08-12 20:50:17.002218,692,1.037,0.0011,"aoml_navis",1030.46254855197
"7901009",119,0,1,0.028035,1,0.005607,1,124.572648426074,1,4.85213865889835,694,1,7.05800008773804,34.8769989013672,0.0280349999666214,0.0112034603953362,120.12370300293,-87.4889,26.1385,19.8687922871603,63,63,63,63,61,63,0,8046,1.33458767306251,26,-87,0.001869,51,2026-08-12 20:50:17.002218,694,1.037,0.0011,"aoml_navis",1030.47343686902
"7901009",119,0,1,0.029904,1,0.007476,1,124.767298455638,1,4.85208881225656,696,1,7.0479998588562,34.8769989013672,0.0299040004611015,0.0126038929447532,120.311401367188,-87.4889,26.1385,19.8687922871603,63,63,63,63,61,63,0,8046,1.33458767306251,26,-87,0.001869,51,2026-08-12 20:50:17.002218,696,1.037,0.0011,"aoml_navis",1030.48402316335
"7901009",119,0,1,0.033642,1,0.011214,1,124.95728042905,1,4.85204338176701,698,1,7.03900003433228,34.8759994506836,0.0336420014500618,0.0154047571122646,120.494598388672,-87.4889,26.1385,19.8687922871603,63,63,63,63,61,63,0,8046,1.33458767306251,26,-87,0.001869,51,2026-08-12 20:50:17.002218,698,1.037,0.0011,"aoml_navis",1030.49367175672
"7901009",119,0,1,0.029904,1,0.007476,1,125.268600214567,1,4.85199281453164,700,1,7.02799987792969,34.8759994506836,0.0299040004611015,0.0126038929447532,120.794799804688,-87.4889,26.1385,19.8687922871603,63,63,63,63,61,63,0,8046,1.33458767306251,26,-87,0.001869,51,2026-08-12 20:50:17.002218,700,1.037,0.0011,"aoml_navis",1030.50441151213
"7901009",119,0,1,0.031773,1,0.009345,1,125.803606921302,1,4.85193798855746,702,1,7.00099992752075,34.8740005493164,0.0317730009555817,0.0140043264254928,121.310699462891,-87.4889,26.1385,19.8687922871603,63,63,63,63,61,63,0,8046,1.33458767306251,26,-87,0.001869,51,2026-08-12 20:50:17.002218,702,1.037,0.0011,"aoml_navis",1030.5160560155
"7901009",119,0,1,0.028035,1,0.005607,1,126.353337784814,1,4.8518628359754,704,1,6.95100021362305,34.8730010986328,0.0280349999666214,0.0112034603953362,121.840797424316,-87.4889,26.1385,19.8687922871603,63,63,63,63,61,63,0,8046,1.33458767306251,26,-87,0.001869,51,2026-08-12 20:50:17.002218,704,1.037,0.0011,"aoml_navis",1030.53201812017
"7901009",119,0,1,0.028035,1,0.005607,1,126.624108777488,1,4.85179934884066,706,1,6.91699981689453,34.8720016479492,0.0280349999666214,0.0112034603953362,122.101898193359,-87.4889,26.1385,19.8687922871603,63,63,63,63,61,63,0,8046,1.33458767306251,26,-87,0.001869,51,2026-08-12 20:50:17.002218,706,1.037,0.0011,"aoml_navis",1030.5455029163
"7901009",119,0,1,0.026166,1,0.003738,1,126.855367444024,1,4.85175171692437,708,1,6.90999984741211,34.8720016479492,0.0261659994721413,0.00980302784591913,122.324897766113,-87.4889,26.1385,19.8687922871603,63,63,63,63,61,63,0,8046,1.33458767306251,26,-87,0.001869,51,2026-08-12 20:50:17.002218,708,1.037,0.0011,"aoml_navis",1030.5556202636
"7901009",119,0,1,0.028035,1,0.005607,1,127.159012628749,1,4.85169839837347,710,1,6.8899998664856,34.8709983825684,0.0280349999666214,0.0112034603953362,122.617698669434,-87.4889,26.1385,19.8687922871603,63,63,63,63,61,63,0,8046,1.33458767306251,26,-87,0.001869,51,2026-08-12 20:50:17.002218,710,1.037,0.0011,"aoml_navis",1030.56694572693
"7901009",119,0,1,0.028035,1,0.005607,1,127.48848244954,1,4.85164283817296,712,1,6.87200021743774,34.8709983825684,0.0280349999666214,0.0112034603953362,122.935401916504,-87.4889,26.1385,19.8687922871603,63,63,63,63,61,63,0,8046,1.33458767306251,26,-87,0.001869,51,2026-08-12 20:50:17.002218,712,1.037,0.0011,"aoml_navis",1030.57874760684
"7901009",119,0,1,0.028035,1,0.005607,1,127.83111777107,1,4.85159169463021,714,1,6.85500001907349,34.8699989318848,0.0280349999666214,0.0112034603953362,123.265800476074,-87.4889,26.1385,19.8687922871603,63,63,63,63,61,63,0,8046,1.33458767306251,26,-87,0.001869,51,2026-08-12 20:50:17.002218,714,1.037,0.0011,"aoml_navis",1030.58961155656
"7901009",119,0,1,0.028035,1,0.005607,1,128.150942913134,1,4.85152464756635,716,1,6.82100009918213,34.8699989318848,0.0280349999666214,0.0112034603953362,123.574203491211,-87.4889,26.1385,19.8687922871603,63,63,63,63,61,63,0,8046,1.33458767306251,26,-87,0.001869,51,2026-08-12 20:50:17.002218,716,1.037,0.0011,"aoml_navis",1030.60385409113
"7901009",119,0,1,0.029904,1,0.007476,1,128.261694523322,1,4.85147784686955,718,1,6.80999994277954,34.8689994812012,0.0299040004611015,0.0126038929447532,123.680999755859,-87.4889,26.1385,19.8687922871603,63,63,63,63,61,63,0,8046,1.33458767306251,26,-87,0.001869,51,2026-08-12 20:50:17.002218,718,1.037,0.0011,"aoml_navis",1030.61379600574
"7901009",119,0,1,0.029904,1,0.007476,1,128.397542869294,1,4.85143455041414,720,1,6.80900001525879,34.8689994812012,0.0299040004611015,0.0126038929447532,123.811996459961,-87.4889,26.1385,19.8687922871603,63,63,63,63,61,63,0,8046,1.33458767306251,26,-87,0.001869,51,2026-08-12 20:50:17.002218,720,1.037,0.0011,"aoml_navis",1030.62299368198
"7901009",119,0,1,0.028035,1,0.005607,1,128.654831882846,1,4.85138047885912,722,1,6.79300022125244,34.8689994812012,0.0280349999666214,0.0112034603953362,124.060096740723,-87.4889,26.1385,19.8687922871603,63,63,63,63,61,63,0,8046,1.33458767306251,26,-87,0.001869,51,2026-08-12 20:50:17.002218,722,1.037,0.0011,"aoml_navis",1030.63448059548
"7901009",119,0,1,0.028035,1,0.005607,1,129.014477917471,1,4.85133225403971,724,1,6.78000020980835,34.8680000305176,0.0280349999666214,0.0112034603953362,124.406898498535,-87.4889,26.1385,19.8687922871603,63,63,63,63,61,63,0,8046,1.33458767306251,26,-87,0.001869,51,2026-08-12 20:50:17.002218,724,1.037,0.0011,"aoml_navis",1030.64472564964
"7901009",119,0,1,0.031773,1,0.009345,1,129.355459639449,1,4.85126959750021,726,1,6.7519998550415,34.8680000305176,0.0317730009555817,0.0140043264254928,124.735702514648,-87.4889,26.1385,19.8687922871603,63,63,63,63,61,63,0,8046,1.33458767306251,26,-87,0.001869,51,2026-08-12 20:50:17.002218,726,1.037,0.0011,"aoml_navis",1030.65803693458
"7901009",119,0,1,0.029904,1,0.007476,1,129.525321499652,1,4.85121126456162,728,1,6.73000001907349,34.8680000305176,0.0299040004611015,0.0126038929447532,124.89949798584,-87.4889,26.1385,19.8687922871603,63,63,63,63,61,63,0,8046,1.33458767306251,26,-87,0.001869,51,2026-08-12 20:50:17.002218,728,1.037,0.0011,"aoml_navis",1030.67042998628
"7901009",119,0,1,0.029904,1,0.007476,1,129.667190846864,1,4.85116664501215,730,1,6.72200012207031,34.867000579834,0.0299040004611015,0.0126038929447532,125.03630065918,-87.4889,26.1385,19.8687922871603,63,63,63,63,61,63,0,8046,1.33458767306251,26,-87,0.001869,51,2026-08-12 20:50:17.002218,730,1.037,0.0011,"aoml_navis",1030.67990977817
"7901009",119,0,1,0.029904,1,0.007476,1,129.799415515349,1,4.85112048842916,732,1,6.71700000762939,34.867000579834,0.0299040004611015,0.0126038929447532,125.163803100586,-87.4889,26.1385,19.8687922871603,63,63,63,63,61,63,0,8046,1.33458767306251,26,-87,0.001869,51,2026-08-12 20:50:17.002218,732,1.037,0.0011,"aoml_navis",1030.68971630904
"7901009",119,0,1,0.029904,1,0.007476,1,130.023719569415,1,4.85107218841682,734,1,6.70900011062622,34.867000579834,0.0299040004611015,0.0126038929447532,125.380096435547,-87.4889,26.1385,19.8687922871603,63,63,63,63,61,63,0,8046,1.33458767306251,26,-87,0.001869,51,2026-08-12 20:50:17.002218,734,1.037,0.0011,"aoml_navis",1030.69997843751
"7901009",119,0,1,0.031773,1,0.009345,1,130.305385330429,1,4.8510167446449,736,1,6.69099998474121,34.867000579834,0.0317730009555817,0.0140043264254928,125.651702880859,-87.4889,26.1385,19.8687922871603,63,63,63,63,61,63,0,8046,1.33458767306251,26,-87,0.001869,51,2026-08-12 20:50:17.002218,736,1.037,0.0011,"aoml_navis",1030.71175862659
"7901009",119,0,1,0.029904,1,0.007476,1,130.515590272526,1,4.85096642540737,738,1,6.67500019073486,34.8660011291504,0.0299040004611015,0.0126038929447532,125.854400634766,-87.4889,26.1385,19.8687922871603,63,63,63,63,61,63,0,8046,1.33458767306251,26,-87,0.001869,51,2026-08-12 20:50:17.002218,738,1.037,0.0011,"aoml_navis",1030.72245023426
"7901009",119,0,1,0.026166,1,0.003738,1,130.647189896204,1,4.85091813673691,740,1,6.66699981689453,34.8660011291504,0.0261659994721413,0.00980302784591913,125.981300354004,-87.4889,26.1385,19.8687922871603,63,63,63,63,61,63,0,8046,1.33458767306251,26,-87,0.001869,51,2026-08-12 20:50:17.002218,740,1.037,0.0011,"aoml_navis",1030.73271060463
"7901009",119,0,1,0.029904,1,0.007476,1,130.909558387805,1,4.85086913780028,742,1,6.65799999237061,34.8660011291504,0.0299040004611015,0.0126038929447532,126.234298706055,-87.4889,26.1385,19.8687922871603,63,63,63,63,61,63,0,8046,1.33458767306251,26,-87,0.001869,51,2026-08-12 20:50:17.002218,742,1.037,0.0011,"aoml_navis",1030.74312210107
"7901009",119,0,1,0.033642,1,0.011214,1,131.247739276092,1,4.85081443892843,744,1,6.64099979400635,34.8660011291504,0.0336420014500618,0.0154047571122646,126.560401916504,-87.4889,26.1385,19.8687922871603,63,63,63,63,61,63,0,8046,1.33458767306251,26,-87,0.001869,51,2026-08-12 20:50:17.002218,744,1.037,0.0011,"aoml_navis",1030.75474499176
"7901009",119,0,1,0.031773,1,0.009345,1,131.525971246649,1,4.85076046276601,746,1,6.625,34.8660011291504,0.0317730009555817,0.0140043264254928,126.82869720459,-87.4889,26.1385,19.8687922871603,63,63,63,63,61,63,0,8046,1.33458767306251,26,-87,0.001869,51,2026-08-12 20:50:17.002218,746,1.037,0.0011,"aoml_navis",1030.76621457183
"7901009",119,0,1,0.029904,1,0.007476,1,131.807739863138,1,4.85070733535656,748,1,6.60500001907349,34.8650016784668,0.0299040004611015,0.0126038929447532,127.100402832031,-87.4889,26.1385,19.8687922871603,63,63,63,63,61,63,0,8046,1.33458767306251,26,-87,0.001869,51,2026-08-12 20:50:17.002218,748,1.037,0.0011,"aoml_navis",1030.77750404673
"7901009",119,0,1,0.029904,1,0.007476,1,132.119676781502,1,4.85065551188743,750,1,6.59200000762939,34.8650016784668,0.0299040004611015,0.0126038929447532,127.40119934082,-87.4889,26.1385,19.8687922871603,63,63,63,63,61,63,0,8046,1.33458767306251,26,-87,0.001869,51,2026-08-12 20:50:17.002218,750,1.037,0.0011,"aoml_navis",1030.78851667503
"7901009",119,0,1,0.031773,1,0.009345,1,132.465635126055,1,4.85059730355609,752,1,6.57000017166138,34.8650016784668,0.0317730009555817,0.0140043264254928,127.734802246094,-87.4889,26.1385,19.8687922871603,63,63,63,63,61,63,0,8046,1.33458767306251,26,-87,0.001869,51,2026-08-12 20:50:17.002218,752,1.037,0.0011,"aoml_navis",1030.80088638452
"7901009",119,0,1,0.028035,1,0.005607,1,132.749674474943,1,4.85053840414299,754,1,6.54699993133545,34.8650016784668,0.0280349999666214,0.0112034603953362,128.008697509766,-87.4889,26.1385,19.8687922871603,63,63,63,63,61,63,0,8046,1.33458767306251,26,-87,0.001869,51,2026-08-12 20:50:17.002218,754,1.037,0.0011,"aoml_navis",1030.8134032563
"7901009",119,0,1,0.024297,1,0.001869,1,132.959784473525,1,4.85048731565446,756,1,6.53499984741211,34.8650016784668,0.0242970008403063,0.00840259529650211,128.211303710938,-87.4889,26.1385,19.8687922871603,63,63,63,63,61,63,0,8046,1.33458767306251,26,-87,0.001869,51,2026-08-12 20:50:17.002218,756,1.037,0.0011,"aoml_navis",1030.82426045379
"7901009",119,0,1,0.028035,1,0.005607,1,133.195181094921,1,4.85044276461683,758,1,6.52699995040894,34.8639984130859,0.0280349999666214,0.0112034603953362,128.438293457031,-87.4889,26.1385,19.8687922871603,63,63,63,63,61,63,0,8046,1.33458767306251,26,-87,0.001869,51,2026-08-12 20:50:17.002218,758,1.037,0.0011,"aoml_navis",1030.8337285153
"7901009",119,0,1,0.031773,1,0.009345,1,133.443869808409,1,4.85038602311508,760,1,6.50699996948242,34.8639984130859,0.0317730009555817,0.0140043264254928,128.678100585938,-87.4889,26.1385,19.8687922871603,63,63,63,63,61,63,0,8046,1.33458767306251,26,-87,0.001869,51,2026-08-12 20:50:17.002218,760,1.037,0.0011,"aoml_navis",1030.84578756658
"7901009",119,0,1,0.028035,1,0.005607,1,133.633646070873,1,4.85033212372776,762,1,6.49100017547607,34.8639984130859,0.0280349999666214,0.0112034603953362,128.861099243164,-87.4889,26.1385,19.8687922871603,63,63,63,63,61,63,0,8046,1.33458767306251,26,-87,0.001869,51,2026-08-12 20:50:17.002218,762,1.037,0.0011,"aoml_navis",1030.85724285561
"7901009",119,0,1,0.028035,1,0.005607,1,133.751866570903,1,4.85028529880911,764,1,6.4850001335144,34.8639984130859,0.0280349999666214,0.0112034603953362,128.97509765625,-87.4889,26.1385,19.8687922871603,63,63,63,63,61,63,0,8046,1.33458767306251,26,-87,0.001869,51,2026-08-12 20:50:17.002218,764,1.037,0.0011,"aoml_navis",1030.86719480762
"7901009",119,0,1,0.029904,1,0.007476,1,133.90866578584,1,4.85023776930641,766,1,6.47800016403198,34.8639984130859,0.0299040004611015,0.0126038929447532,129.12629699707,-87.4889,26.1385,19.8687922871603,63,63,63,63,61,63,0,8046,1.33458767306251,26,-87,0.001869,51,2026-08-12 20:50:17.002218,766,1.037,0.0011,"aoml_navis",1030.87729670519
"7901009",119,0,1,0.029904,1,0.007476,1,134.072617412238,1,4.85019165506969,768,1,6.47300004959106,34.8639984130859,0.0299040004611015,0.0126038929447532,129.284393310547,-87.4889,26.1385,19.8687922871603,63,63,63,63,61,63,0,8046,1.33458767306251,26,-87,0.001869,51,2026-08-12 20:50:17.002218,768,1.037,0.0011,"aoml_navis",1030.88709799204
"7901009",119,0,1,0.028035,1,0.005607,1,134.425427513787,1,4.85014130438843,770,1,6.46199989318848,34.8639984130859,0.0280349999666214,0.0112034603953362,129.624603271484,-87.4889,26.1385,19.8687922871603,63,63,63,63,61,63,0,8046,1.33458767306251,26,-87,0.001869,51,2026-08-12 20:50:17.002218,770,1.037,0.0011,"aoml_navis",1030.897799921
"7901009",119,0,1,0.031773,1,0.009345,1,134.710400473905,1,4.8500895464929,772,1,6.44899988174438,34.8639984130859,0.0317730009555817,0.0140043264254928,129.899398803711,-87.4889,26.1385,19.8687922871603,63,63,63,63,61,63,0,8046,1.33458767306251,26,-87,0.001869,51,2026-08-12 20:50:17.002218,772,1.037,0.0011,"aoml_navis",1030.90880118193
"7901009",119,0,1,0.029904,1,0.007476,1,135.010722635607,1,4.85003638410678,774,1,6.43400001525879,34.8639984130859,0.0299040004611015,0.0126038929447532,130.188995361328,-87.4889,26.1385,19.8687922871603,63,63,63,63,61,63,0,8046,1.33458767306251,26,-87,0.001869,51,2026-08-12 20:50:17.002218,774,1.037,0.0011,"aoml_navis",1030.92010121504
"7901009",119,0,1,0.029904,1,0.007476,1,135.282735805934,1,4.84997759365432,776,1,6.41099977493286,34.8639984130859,0.0299040004611015,0.0126038929447532,130.451293945312,-87.4889,26.1385,19.8687922871603,63,63,63,63,61,63,0,8046,1.33458767306251,26,-87,0.001869,51,2026-08-12 20:50:17.002218,776,1.037,0.0011,"aoml_navis",1030.93259782106
"7901009",119,0,1,0.029904,1,0.007476,1,135.526439984888,1,4.84992797092965,778,1,6.40100002288818,34.8639984130859,0.0299040004611015,0.0126038929447532,130.686294555664,-87.4889,26.1385,19.8687922871603,63,63,63,63,61,63,0,8046,1.33458767306251,26,-87,0.001869,51,2026-08-12 20:50:17.002218,778,1.037,0.0011,"aoml_navis",1030.94314595389
"7901009",119,0,1,0.028035,1,0.005607,1,135.821999146923,1,4.84987694441855,780,1,6.38899993896484,34.8639984130859,0.0280349999666214,0.0112034603953362,130.971298217773,-87.4889,26.1385,19.8687922871603,63,63,63,63,61,63,0,8046,1.33458767306251,26,-87,0.001869,51,2026-08-12 20:50:17.002218,780,1.037,0.0011,"aoml_navis",1030.9539927099
"7901009",119,0,1,0.028035,1,0.005607,1,136.147117389946,1,4.84981608369611,782,1,6.36299991607666,34.8639984130859,0.0280349999666214,0.0112034603953362,131.284805297852,-87.4889,26.1385,19.8687922871603,63,63,63,63,61,63,0,8046,1.33458767306251,26,-87,0.001869,51,2026-08-12 20:50:17.002218,782,1.037,0.0011,"aoml_navis",1030.96693023242
"7901009",119,0,1,0.033642,1,0.011214,1,136.378273201007,1,4.84976717960748,784,1,6.35400009155273,34.8639984130859,0.0336420014500618,0.0154047571122646,131.507705688477,-87.4889,26.1385,19.8687922871603,63,63,63,63,61,63,0,8046,1.33458767306251,26,-87,0.001869,51,2026-08-12 20:50:17.002218,784,1.037,0.0011,"aoml_navis",1030.9773262981
"7901009",119,0,1,0.024297,1,0.001869,1,136.744027268428,1,4.8497168745908,786,1,6.34299993515015,34.8639984130859,0.0242970008403063,0.00840259529650211,131.860397338867,-87.4889,26.1385,19.8687922871603,63,63,63,63,61,63,0,8046,1.33458767306251,26,-87,0.001869,51,2026-08-12 20:50:17.002218,786,1.037,0.0011,"aoml_navis",1030.98802039282
"7901009",119,0,1,0.028035,1,0.005607,1,137.232052759183,1,4.8496509563504,788,1,6.31500005722046,34.8650016784668,0.0280349999666214,0.0112034603953362,132.330993652344,-87.4889,26.1385,19.8687922871603,63,63,63,63,61,63,0,8046,1.33458767306251,26,-87,0.001869,51,2026-08-12 20:50:17.002218,788,1.037,0.0011,"aoml_navis",1031.00203396138
"7901009",119,0,1,0.028035,1,0.005607,1,137.62323586469,1,4.84959509472561,789.900024414062,1,6.29300022125244,34.8650016784668,0.0280349999666214,0.0112034603953362,132.708206176758,-87.4889,26.1385,19.8687922871603,63,63,63,63,61,63,0,8046,1.33458767306251,26,-87,0.001869,51,2026-08-12 20:50:17.002218,789.900024414062,1.037,0.0011,"aoml_navis",1031.01390989074
"7901009",119,0,1,0.026166,1,0.003738,1,137.964826807556,1,4.84954498478602,792,1,6.28000020980835,34.8639984130859,0.0261659994721413,0.00980302784591913,133.03759765625,-87.4889,26.1385,19.8687922871603,63,63,63,63,61,63,0,8046,1.33458767306251,26,-87,0.001869,51,2026-08-12 20:50:17.002218,792,1.037,0.0011,"aoml_navis",1031.02456327057
"7901009",119,0,1,0.031773,1,0.009345,1,138.172753105294,1,4.84948611675753,794,1,6.26200008392334,34.8650016784668,0.0317730009555817,0.0140043264254928,133.238098144531,-87.4889,26.1385,19.8687922871603,63,63,63,63,61,63,0,8046,1.33458767306251,26,-87,0.001869,51,2026-08-12 20:50:17.002218,794,1.037,0.0011,"aoml_navis",1031.03707890252
"7901009",119,0,1,0.028035,1,0.005607,1,138.253534212596,1,4.84943654473547,796,1,6.2519998550415,34.8650016784668,0.0280349999666214,0.0112034603953362,133.315994262695,-87.4889,26.1385,19.8687922871603,63,63,63,63,61,63,0,8046,1.33458767306251,26,-87,0.001869,51,2026-08-12 20:50:17.002218,796,1.037,0.0011,"aoml_navis",1031.04761839352
"7901009",119,0,1,0.029904,1,0.007476,1,138.372909858725,1,4.8493911655809,798,1,6.2480001449585,34.8650016784668,0.0299040004611015,0.0126038929447532,133.431106567383,-87.4889,26.1385,19.8687922871603,63,63,63,63,61,63,0,8046,1.33458767306251,26,-87,0.001869,51,2026-08-12 20:50:17.002218,798,1.037,0.0011,"aoml_navis",1031.05726662928
"7901009",119,0,1,0.031773,1,0.009345,1,138.570455665494,1,4.84934578788833,800,1,6.24399995803833,34.8650016784668,0.0317730009555817,0.0140043264254928,133.621597290039,-87.4889,26.1385,19.8687922871603,63,63,63,63,61,63,0,8046,1.33458767306251,26,-87,0.001869,51,2026-08-12 20:50:17.002218,800,1.037,0.0011,"aoml_navis",1031.06691473475
"7901009",119,0,1,0.026166,1,0.003738,1,138.917458388713,1,4.84929133890962,802,1,6.22700023651123,34.8650016784668,0.0261659994721413,0.00980302784591913,133.956207275391,-87.4889,26.1385,19.8687922871603,63,63,63,63,61,63,0,8046,1.33458767306251,26,-87,0.001869,51,2026-08-12 20:50:17.002218,802,1.037,0.0011,"aoml_navis",1031.07849179552
"7901009",119,0,1,0.031773,1,0.009345,1,139.14943704357,1,4.84922555059741,804,1,6.19899988174438,34.8660011291504,0.0317730009555817,0.0140043264254928,134.179901123047,-87.4889,26.1385,19.8687922871603,63,63,63,63,61,63,0,8046,1.33458767306251,26,-87,0.001869,51,2026-08-12 20:50:17.002218,804,1.037,0.0011,"aoml_navis",1031.09248019697
"7901009",119,0,1,0.031773,1,0.009345,1,139.183964835173,1,4.84916973780395,806,1,6.17999982833862,34.8660011291504,0.0317730009555817,0.0140043264254928,134.213195800781,-87.4889,26.1385,19.8687922871603,63,63,63,63,61,63,0,8046,1.33458767306251,26,-87,0.001869,51,2026-08-12 20:50:17.002218,806,1.037,0.0011,"aoml_navis",1031.10434782684
"7901009",119,0,1,0.029904,1,0.007476,1,139.253036242298,1,4.84911998690349,808,1,6.17500019073486,34.867000579834,0.0299040004611015,0.0126038929447532,134.279800415039,-87.4889,26.1385,19.8687922871603,63,63,63,63,61,63,0,8046,1.33458767306251,26,-87,0.001869,51,2026-08-12 20:50:17.002218,808,1.037,0.0011,"aoml_navis",1031.1149267298
"7901009",119,0,1,0.031773,1,0.009345,1,139.517374811835,1,4.84906766466331,810,1,6.16099977493286,34.867000579834,0.0317730009555817,0.0140043264254928,134.534698486328,-87.4889,26.1385,19.8687922871603,63,63,63,63,61,63,0,8046,1.33458767306251,26,-87,0.001869,51,2026-08-12 20:50:17.002218,810,1.037,0.0011,"aoml_navis",1031.12605262999
"7901009",119,0,1,0.029904,1,0.007476,1,139.797379061337,1,4.84901882350351,812,1,6.15199995040894,34.867000579834,0.0299040004611015,0.0126038929447532,134.804702758789,-87.4889,26.1385,19.8687922871603,63,63,63,63,61,63,0,8046,1.33458767306251,26,-87,0.001869,51,2026-08-12 20:50:17.002218,812,1.037,0.0011,"aoml_navis",1031.13643852333
"7901009",119,0,1,0.029904,1,0.007476,1,140.1194749358,1,4.8489692908863,814,1,6.14200019836426,34.867000579834,0.0299040004611015,0.0126038929447532,135.115295410156,-87.4889,26.1385,19.8687922871603,63,63,63,63,61,63,0,8046,1.33458767306251,26,-87,0.001869,51,2026-08-12 20:50:17.002218,814,1.037,0.0011,"aoml_navis",1031.14697166624
"7901009",119,0,1,0.033642,1,0.011214,1,140.419496443038,1,4.84891698477465,816,1,6.12799978256226,34.867000579834,0.0336420014500618,0.0154047571122646,135.404602050781,-87.4889,26.1385,19.8687922871603,63,63,63,63,61,63,0,8046,1.33458767306251,26,-87,0.001869,51,2026-08-12 20:50:17.002218,816,1.037,0.0011,"aoml_navis",1031.15809482813
"7901009",119,0,1,0.029904,1,0.007476,1,140.810347246243,1,4.84885775287443,818,1,6.10400009155273,34.867000579834,0.0299040004611015,0.0126038929447532,135.781494140625,-87.4889,26.1385,19.8687922871603,63,63,63,63,61,63,0,8046,1.33458767306251,26,-87,0.001869,51,2026-08-12 20:50:17.002218,818,1.037,0.0011,"aoml_navis",1031.1706910841
"7901009",119,0,1,0.024297,1,0.001869,1,141.02034647739,1,4.84879762576002,820,1,6.08400011062622,34.8680000305176,0.0242970008403063,0.00840259529650211,135.983993530273,-87.4889,26.1385,19.8687922871603,63,63,63,63,61,63,0,8046,1.33458767306251,26,-87,0.001869,51,2026-08-12 20:50:17.002218,820,1.037,0.0011,"aoml_navis",1031.18347803107
"7901009",119,0,1,0.028035,1,0.005607,1,141.206293351417,1,4.84875019228784,822,1,6.0770001411438,34.8680000305176,0.0280349999666214,0.0112034603953362,136.163299560547,-87.4889,26.1385,19.8687922871603,63,63,63,63,61,63,0,8046,1.33458767306251,26,-87,0.001869,51,2026-08-12 20:50:17.002218,822,1.037,0.0011,"aoml_navis",1031.19356570539
"7901009",119,0,1,0.029904,1,0.007476,1,141.448241075345,1,4.84870691379998,824,1,6.07600021362305,34.8680000305176,0.0299040004611015,0.0126038929447532,136.396606445312,-87.4889,26.1385,19.8687922871603,63,63,63,63,61,63,0,8046,1.33458767306251,26,-87,0.001869,51,2026-08-12 20:50:17.002218,824,1.037,0.0011,"aoml_navis",1031.20276991159
"7901009",119,0,1,0.026166,1,0.003738,1,141.829550055298,1,4.84865809958521,826,1,6.06699991226196,34.8680000305176,0.0261659994721413,0.00980302784591913,136.764297485352,-87.4889,26.1385,19.8687922871603,63,63,63,63,61,63,0,8046,1.33458767306251,26,-87,0.001869,51,2026-08-12 20:50:17.002218,826,1.037,0.0011,"aoml_navis",1031.21315161977
"7901009",119,0,1,0.029904,1,0.007476,1,142.247064162284,1,4.84860375641533,828,1,6.05000019073486,34.8680000305176,0.0299040004611015,0.0126038929447532,137.166900634766,-87.4889,26.1385,19.8687922871603,63,63,63,63,61,63,0,8046,1.33458767306251,26,-87,0.001869,51,2026-08-12 20:50:17.002218,828,1.037,0.0011,"aoml_navis",1031.22470946081
"7901009",119,0,1,0.028035,1,0.005607,1,142.578401205536,1,4.84854320910039,830,1,6.02400016784668,34.8680000305176,0.0280349999666214,0.0112034603953362,137.486404418945,-87.4889,26.1385,19.8687922871603,63,63,63,63,61,63,0,8046,1.33458767306251,26,-87,0.001869,51,2026-08-12 20:50:17.002218,830,1.037,0.0011,"aoml_navis",1031.23758712005
"7901009",119,0,1,0.028035,1,0.005607,1,142.793479914733,1,4.84848796553521,832,1,6.01100015640259,34.8689994812012,0.0280349999666214,0.0112034603953362,137.693801879883,-87.4889,26.1385,19.8687922871603,63,63,63,63,61,63,0,8046,1.33458767306251,26,-87,0.001869,51,2026-08-12 20:50:17.002218,832,1.037,0.0011,"aoml_navis",1031.24933701843
"7901009",119,0,1,0.031773,1,0.009345,1,142.966150520586,1,4.84843848160379,834,1,6.00099992752075,34.8689994812012,0.0317730009555817,0.0140043264254928,137.860305786133,-87.4889,26.1385,19.8687922871603,63,63,63,63,61,63,0,8046,1.33458767306251,26,-87,0.001869,51,2026-08-12 20:50:17.002218,834,1.037,0.0011,"aoml_navis",1031.25986211257
"7901009",119,0,1,0.028035,1,0.005607,1,143.122111067808,1,4.84839451675863,836,1,5.99900007247925,34.8689994812012,0.0280349999666214,0.0112034603953362,138.010696411133,-87.4889,26.1385,19.8687922871603,63,63,63,63,61,63,0,8046,1.33458767306251,26,-87,0.001869,51,2026-08-12 20:50:17.002218,836,1.037,0.0011,"aoml_navis",1031.2692134927
"7901009",119,0,1,0.033642,1,0.011214,1,143.384376703934,1,4.84835492886382,838,1,5.9980001449585,34.8680000305176,0.0336420014500618,0.0154047571122646,138.263595581055,-87.4889,26.1385,19.8687922871603,63,63,63,63,61,63,0,8046,1.33458767306251,26,-87,0.001869,51,2026-08-12 20:50:17.002218,838,1.037,0.0011,"aoml_navis",1031.27763403487
"7901009",119,0,1,0.031773,1,0.009345,1,143.852701415338,1,4.84830545064465,840,1,5.98799991607666,34.8680000305176,0.0317730009555817,0.0140043264254928,138.715194702148,-87.4889,26.1385,19.8687922871603,63,63,63,63,61,63,0,8046,1.33458767306251,26,-87,0.001869,51,2026-08-12 20:50:17.002218,840,1.037,0.0011,"aoml_navis",1031.28815849158
"7901009",119,0,1,0.033642,1,0.011214,1,144.386363088945,1,4.8482426481872,842,1,5.96400022506714,34.8689994812012,0.0336420014500618,0.0154047571122646,139.229797363281,-87.4889,26.1385,19.8687922871603,63,63,63,63,61,63,0,8046,1.33458767306251,26,-87,0.001869,51,2026-08-12 20:50:17.002218,842,1.037,0.0011,"aoml_navis",1031.30151744149
"7901009",119,0,1,0.033642,1,0.011214,1,144.808640195598,1,4.84818767815687,844,1,5.94600009918213,34.8689994812012,0.0336420014500618,0.0154047571122646,139.636993408203,-87.4889,26.1385,19.8687922871603,63,63,63,63,61,63,0,8046,1.33458767306251,26,-87,0.001869,51,2026-08-12 20:50:17.002218,844,1.037,0.0011,"aoml_navis",1031.31321061004
"7901009",119,0,1,0.033642,1,0.011214,1,145.18094536555,1,4.84812147984239,846,1,5.91699981689453,34.8699989318848,0.0336420014500618,0.0154047571122646,139.996002197266,-87.4889,26.1385,19.8687922871603,63,63,63,63,61,63,0,8046,1.33458767306251,26,-87,0.001869,51,2026-08-12 20:50:17.002218,846,1.037,0.0011,"aoml_navis",1031.32729259964
"7901009",119,0,1,0.028035,1,0.005607,1,145.387938052057,1,4.84806791281006,848,1,5.90100002288818,34.8699989318848,0.0280349999666214,0.0112034603953362,140.195602416992,-87.4889,26.1385,19.8687922871603,63,63,63,63,61,63,0,8046,1.33458767306251,26,-87,0.001869,51,2026-08-12 20:50:17.002218,848,1.037,0.0011,"aoml_navis",1031.33868789018
"7901009",119,0,1,0.024297,1,0.001869,1,145.533011742898,1,4.8480246395678,850,1,5.90000009536743,34.8699989318848,0.0242970008403063,0.00840259529650211,140.335494995117,-87.4889,26.1385,19.8687922871603,63,63,63,63,61,63,0,8046,1.33458767306251,26,-87,0.001869,51,2026-08-12 20:50:17.002218,850,1.037,0.0011,"aoml_navis",1031.3478935713
"7901009",119,0,1,0.029904,1,0.007476,1,145.825770071243,1,4.84797862410584,852,1,5.89499998092651,34.8699989318848,0.0299040004611015,0.0126038929447532,140.617797851562,-87.4889,26.1385,19.8687922871603,63,63,63,63,61,63,0,8046,1.33458767306251,26,-87,0.001869,51,2026-08-12 20:50:17.002218,852,1.037,0.0011,"aoml_navis",1031.35768279552
"7901009",119,0,1,0.031773,1,0.009345,1,146.168721871156,1,4.84792781028978,854,1,5.88299989700317,34.8699989318848,0.0317730009555817,0.0140043264254928,140.948501586914,-87.4889,26.1385,19.8687922871603,63,63,63,63,61,63,0,8046,1.33458767306251,26,-87,0.001869,51,2026-08-12 20:50:17.002218,854,1.037,0.0011,"aoml_navis",1031.36849302654
"7901009",119,0,1,0.031773,1,0.009345,1,146.456084243067,1,4.84786920592079,856,1,5.86499977111816,34.8709983825684,0.0317730009555817,0.0140043264254928,141.225601196289,-87.4889,26.1385,19.8687922871603,63,63,63,63,61,63,0,8046,1.33458767306251,26,-87,0.001869,51,2026-08-12 20:50:17.002218,856,1.037,0.0011,"aoml_navis",1031.38096091648
"7901009",119,0,1,0.028035,1,0.005607,1,146.695326076819,1,4.84781429900328,858,1,5.84700012207031,34.8709983825684,0.0280349999666214,0.0112034603953362,141.456298828125,-87.4889,26.1385,19.8687922871603,63,63,63,63,61,63,0,8046,1.33458767306251,26,-87,0.001869,51,2026-08-12 20:50:17.002218,858,1.037,0.0011,"aoml_navis",1031.3926424591
"7901009",119,0,1,0.031773,1,0.009345,1,146.800792498007,1,4.84776624077912,860,1,5.83900022506714,34.8709983825684,0.0317730009555817,0.0140043264254928,141.557998657227,-87.4889,26.1385,19.8687922871603,63,63,63,63,61,63,0,8046,1.33458767306251,26,-87,0.001869,51,2026-08-12 20:50:17.002218,860,1.037,0.0011,"aoml_navis",1031.40286714741
"7901009",119,0,1,0.031773,1,0.009345,1,147.027391020352,1,4.84771886857638,862,1,5.83199977874756,34.8709983825684,0.0317730009555817,0.0140043264254928,141.776504516602,-87.4889,26.1385,19.8687922871603,63,63,63,63,61,63,0,8046,1.33458767306251,26,-87,0.001869,51,2026-08-12 20:50:17.002218,862,1.037,0.0011,"aoml_navis",1031.41294607877
"7901009",119,0,1,0.031773,1,0.009345,1,147.213844259791,1,4.847670131832,864,1,5.82299995422363,34.8709983825684,0.0317730009555817,0.0140043264254928,141.956298828125,-87.4889,26.1385,19.8687922871603,63,63,63,63,61,63,0,8046,1.33458767306251,26,-87,0.001869,51,2026-08-12 20:50:17.002218,864,1.037,0.0011,"aoml_navis",1031.42331553621
"7901009",119,0,1,0.031773,1,0.009345,1,147.397607432974,1,4.84762344814386,866,1,5.81699991226196,34.8709983825684,0.0317730009555817,0.0140043264254928,142.133499145508,-87.4889,26.1385,19.8687922871603,63,63,63,63,61,63,0,8046,1.33458767306251,26,-87,0.001869,51,2026-08-12 20:50:17.002218,866,1.037,0.0011,"aoml_navis",1031.43324837132
"7901009",119,0,1,0.029904,1,0.007476,1,147.686109127065,1,4.8475710174368,868,1,5.80800008773804,34.8720016479492,0.0299040004611015,0.0126038929447532,142.411697387695,-87.4889,26.1385,19.8687922871603,63,63,63,63,61,63,0,8046,1.33458767306251,26,-87,0.001869,51,2026-08-12 20:50:17.002218,868,1.037,0.0011,"aoml_navis",1031.44440422119
"7901009",119,0,1,0.029904,1,0.007476,1,148.024282103393,1,4.84752433811344,870,1,5.80200004577637,34.8720016479492,0.0299040004611015,0.0126038929447532,142.73779296875,-87.4889,26.1385,19.8687922871603,63,63,63,63,61,63,0,8046,1.33458767306251,26,-87,0.001869,51,2026-08-12 20:50:17.002218,870,1.037,0.0011,"aoml_navis",1031.45433653375
"7901009",119,0,1,0.028035,1,0.005607,1,148.341931456573,1,4.8474715158961,872,1,5.78700017929077,34.8720016479492,0.0280349999666214,0.0112034603953362,143.044097900391,-87.4889,26.1385,19.8687922871603,63,63,63,63,61,63,0,8046,1.33458767306251,26,-87,0.001869,51,2026-08-12 20:50:17.002218,872,1.037,0.0011,"aoml_navis",1031.46557614701
"7901009",119,0,1,0.031773,1,0.009345,1,148.689345601689,1,4.84742347646139,874,1,5.77899980545044,34.8720016479492,0.0317730009555817,0.0140043264254928,143.379104614258,-87.4889,26.1385,19.8687922871603,63,63,63,63,61,63,0,8046,1.33458767306251,26,-87,0.001869,51,2026-08-12 20:50:17.002218,874,1.037,0.0011,"aoml_navis",1031.47579828325
"7901009",119,0,1,0.031773,1,0.009345,1,149.124898976516,1,4.84737407586417,876,1,5.76900005340576,34.8720016479492,0.0317730009555817,0.0140043264254928,143.799102783203,-87.4889,26.1385,19.8687922871603,63,63,63,63,61,63,0,8046,1.33458767306251,26,-87,0.001869,51,2026-08-12 20:50:17.002218,876,1.037,0.0011,"aoml_navis",1031.48631026761
"7901009",119,0,1,0.031773,1,0.009345,1,149.580564552592,1,4.84731485983969,878,1,5.75,34.8730010986328,0.0317730009555817,0.0140043264254928,144.238494873047,-87.4889,26.1385,19.8687922871603,63,63,63,63,61,63,0,8046,1.33458767306251,26,-87,0.001869,51,2026-08-12 20:50:17.002218,878,1.037,0.0011,"aoml_navis",1031.4989111653
"7901009",119,0,1,0.028035,1,0.005607,1,149.88773847129,1,4.84726070318526,880,1,5.73299980163574,34.8730010986328,0.0280349999666214,0.0112034603953362,144.534698486328,-87.4889,26.1385,19.8687922871603,63,63,63,63,61,63,0,8046,1.33458767306251,26,-87,0.001869,51,2026-08-12 20:50:17.002218,880,1.037,0.0011,"aoml_navis",1031.51043572185
"7901009",119,0,1,0.031773,1,0.009345,1,150.178218155275,1,4.84720423190922,882,1,5.71799993515015,34.8740005493164,0.0317730009555817,0.0140043264254928,144.814804077148,-87.4889,26.1385,19.8687922871603,63,63,63,63,61,63,0,8046,1.33458767306251,26,-87,0.001869,51,2026-08-12 20:50:17.002218,882,1.037,0.0011,"aoml_navis",1031.52245310501
"7901009",119,0,1,0.028035,1,0.005607,1,150.417048567128,1,4.84715417216915,884,1,5.70699977874756,34.8740005493164,0.0280349999666214,0.0112034603953362,145.045104980469,-87.4889,26.1385,19.8687922871603,63,63,63,63,61,63,0,8046,1.33458767306251,26,-87,0.001869,51,2026-08-12 20:50:17.002218,884,1.037,0.0011,"aoml_navis",1031.5331063139
"7901009",119,0,1,0.031773,1,0.009345,1,150.503637052761,1,4.84710411702439,886,1,5.69600009918213,34.8740005493164,0.0317730009555817,0.0140043264254928,145.128601074219,-87.4889,26.1385,19.8687922871603,63,63,63,63,61,63,0,8046,1.33458767306251,26,-87,0.001869,51,2026-08-12 20:50:17.002218,886,1.037,0.0011,"aoml_navis",1031.54375876487
"7901009",119,0,1,0.031773,1,0.009345,1,150.652350245009,1,4.84705882031776,888,1,5.69199991226196,34.8740005493164,0.0317730009555817,0.0140043264254928,145.272003173828,-87.4889,26.1385,19.8687922871603,63,63,63,63,61,63,0,8046,1.33458767306251,26,-87,0.001869,51,2026-08-12 20:50:17.002218,888,1.037,0.0011,"aoml_navis",1031.55339874176
"7901009",119,0,1,0.031773,1,0.009345,1,150.786331368521,1,4.84701420506953,890,1,5.68900012969971,34.8740005493164,0.0317730009555817,0.0140043264254928,145.40119934082,-87.4889,26.1385,19.8687922871603,63,63,63,63,61,63,0,8046,1.33458767306251,26,-87,0.001869,51,2026-08-12 20:50:17.002218,890,1.037,0.0011,"aoml_navis",1031.56289386783
"7901009",119,0,1,0.033642,1,0.011214,1,150.997374978332,1,4.84696823253898,892,1,5.68400001525879,34.8740005493164,0.0336420014500618,0.0154047571122646,145.604705810547,-87.4889,26.1385,19.8687922871603,63,63,63,63,61,63,0,8046,1.33458767306251,26,-87,0.001869,51,2026-08-12 20:50:17.002218,892,1.037,0.0011,"aoml_navis",1031.5726780369
"7901009",119,0,1,0.029904,1,0.007476,1,151.312524152285,1,4.84691246504179,894,1,5.67000007629395,34.875,0.0299040004611015,0.0126038929447532,145.908599853516,-87.4889,26.1385,19.8687922871603,63,63,63,63,61,63,0,8046,1.33458767306251,26,-87,0.001869,51,2026-08-12 20:50:17.002218,894,1.037,0.0011,"aoml_navis",1031.58454708278
"7901009",119,0,1,0.031773,1,0.009345,1,151.537666874067,1,4.84685971101051,896,1,5.65500020980835,34.875,0.0317730009555817,0.0140043264254928,146.125701904297,-87.4889,26.1385,19.8687922871603,63,63,63,63,61,63,0,8046,1.33458767306251,26,-87,0.001869,51,2026-08-12 20:50:17.002218,896,1.037,0.0011,"aoml_navis",1031.59577502142
"7901009",119,0,1,0.028035,1,0.005607,1,151.666884997912,1,4.84681035417259,898,1,5.64499998092651,34.875,0.0280349999666214,0.0112034603953362,146.250305175781,-87.4889,26.1385,19.8687922871603,63,63,63,63,61,63,0,8046,1.33458767306251,26,-87,0.001869,51,2026-08-12 20:50:17.002218,898,1.037,0.0011,"aoml_navis",1031.60628013752
"7901009",119,0,1,0.029904,1,0.007476,1,151.930289956218,1,4.84676642464063,900,1,5.64300012588501,34.875,0.0299040004611015,0.0126038929447532,146.504302978516,-87.4889,26.1385,19.8687922871603,63,63,63,63,61,63,0,8046,1.33458767306251,26,-87,0.001869,51,2026-08-12 20:50:17.002218,900,1.037,0.0011,"aoml_navis",1031.61563028504
"7901009",119,0,1,0.029904,1,0.007476,1,152.226054829202,1,4.84671406560179,902,1,5.63399982452393,34.8759994506836,0.0299040004611015,0.0126038929447532,146.789505004883,-87.4889,26.1385,19.8687922871603,63,63,63,63,61,63,0,8046,1.33458767306251,26,-87,0.001869,51,2026-08-12 20:50:17.002218,902,1.037,0.0011,"aoml_navis",1031.62677482588
"7901009",119,0,1,0.029904,1,0.007476,1,152.649993447366,1,4.84666268449806,904,1,5.62099981307983,34.8759994506836,0.0299040004611015,0.0126038929447532,147.198303222656,-87.4889,26.1385,19.8687922871603,63,63,63,63,61,63,0,8046,1.33458767306251,26,-87,0.001869,51,2026-08-12 20:50:17.002218,904,1.037,0.0011,"aoml_navis",1031.63771144883
"7901009",119,0,1,0.031773,1,0.009345,1,152.940362363918,1,4.84660792523936,906,1,5.60300016403198,34.8759994506836,0.0317730009555817,0.0140043264254928,147.478302001953,-87.4889,26.1385,19.8687922871603,63,63,63,63,61,63,0,8046,1.33458767306251,26,-87,0.001869,51,2026-08-12 20:50:17.002218,906,1.037,0.0011,"aoml_navis",1031.64936737751
"7901009",119,0,1,0.029904,1,0.007476,1,153.226173991751,1,4.84655422588787,908,1,5.59200000762939,34.8769989013672,0.0299040004611015,0.0126038929447532,147.75390625,-87.4889,26.1385,19.8687922871603,63,63,63,63,61,63,0,8046,1.33458767306251,26,-87,0.001869,51,2026-08-12 20:50:17.002218,908,1.037,0.0011,"aoml_navis",1031.66079795259
"7901009",119,0,1,0.028035,1,0.005607,1,153.553349344264,1,4.84650692029484,910,1,5.58500003814697,34.8769989013672,0.0280349999666214,0.0112034603953362,148.069396972656,-87.4889,26.1385,19.8687922871603,63,63,63,63,61,63,0,8046,1.33458767306251,26,-87,0.001869,51,2026-08-12 20:50:17.002218,910,1.037,0.0011,"aoml_navis",1031.6708677465
"7901009",119,0,1,0.033642,1,0.011214,1,153.975215029019,1,4.84645826497026,912,1,5.57600021362305,34.8769989013672,0.0336420014500618,0.0154047571122646,148.476196289062,-87.4889,26.1385,19.8687922871603,63,63,63,63,61,63,0,8046,1.33458767306251,26,-87,0.001869,51,2026-08-12 20:50:17.002218,912,1.037,0.0011,"aoml_navis",1031.68122505862
"7901009",119,0,1,0.031773,1,0.009345,1,154.555652207658,1,4.84640488352482,914,1,5.55999994277954,34.8769989013672,0.0317730009555817,0.0140043264254928,149.035903930664,-87.4889,26.1385,19.8687922871603,63,63,63,63,61,63,0,8046,1.33458767306251,26,-87,0.001869,51,2026-08-12 20:50:17.002218,914,1.037,0.0011,"aoml_navis",1031.6925886645
"7901009",119,0,1,0.031773,1,0.009345,1,155.029990008341,1,4.84633703638315,916,1,5.52799987792969,34.8779983520508,0.0317730009555817,0.0140043264254928,149.493301391602,-87.4889,26.1385,19.8687922871603,63,63,63,63,61,63,0,8046,1.33458767306251,26,-87,0.001869,51,2026-08-12 20:50:17.002218,916,1.037,0.0011,"aoml_navis",1031.70703202506
"7901009",119,0,1,0.029904,1,0.007476,1,155.333951671449,1,4.84628402518509,918,1,5.51800012588501,34.8790016174316,0.0299040004611015,0.0126038929447532,149.786407470703,-87.4889,26.1385,19.8687922871603,63,63,63,63,61,63,0,8046,1.33458767306251,26,-87,0.001869,51,2026-08-12 20:50:17.002218,918,1.037,0.0011,"aoml_navis",1031.71831737803
"7901009",119,0,1,0.029904,1,0.007476,1,155.591343540475,1,4.84623606336185,920,1,5.51000022888184,34.8790016174316,0.0299040004611015,0.0126038929447532,150.034606933594,-87.4889,26.1385,19.8687922871603,63,63,63,63,61,63,0,8046,1.33458767306251,26,-87,0.001869,51,2026-08-12 20:50:17.002218,920,1.037,0.0011,"aoml_navis",1031.72852800148
"7901009",119,0,1,0.031773,1,0.009345,1,155.787338603167,1,4.84617768875162,922,1,5.49200010299683,34.8800010681152,0.0317730009555817,0.0140043264254928,150.223602294922,-87.4889,26.1385,19.8687922871603,63,63,63,63,61,63,0,8046,1.33458767306251,26,-87,0.001869,51,2026-08-12 20:50:17.002218,922,1.037,0.0011,"aoml_navis",1031.74095568254
"7901009",119,0,1,0.029904,1,0.007476,1,155.818448428232,1,4.84613309748632,924,1,5.48899984359741,34.8800010681152,0.0299040004611015,0.0126038929447532,150.253601074219,-87.4889,26.1385,19.8687922871603,63,63,63,63,61,63,0,8046,1.33458767306251,26,-87,0.001869,51,2026-08-12 20:50:17.002218,924,1.037,0.0011,"aoml_navis",1031.75044915574
"7901009",119,0,1,0.029904,1,0.007476,1,155.891871413125,1,4.84608985412289,926,1,5.48799991607666,34.8800010681152,0.0299040004611015,0.0126038929447532,150.324401855469,-87.4889,26.1385,19.8687922871603,63,63,63,63,61,63,0,8046,1.33458767306251,26,-87,0.001869,51,2026-08-12 20:50:17.002218,926,1.037,0.0011,"aoml_navis",1031.75965582771
"7901009",119,0,1,0.035511,1,0.013083,1,156.003556634543,1,4.84604526688874,928,1,5.4850001335144,34.8800010681152,0.0355109982192516,0.0168051905930042,150.432098388672,-87.4889,26.1385,19.8687922871603,63,63,63,63,61,63,0,8046,1.33458767306251,26,-87,0.001869,51,2026-08-12 20:50:17.002218,928,1.037,0.0011,"aoml_navis",1031.76914878678
"7901009",119,0,1,0.028035,1,0.005607,1,156.108200211936,1,4.84600068114035,930,1,5.48199987411499,34.8800010681152,0.0280349999666214,0.0112034603953362,150.533004760742,-87.4889,26.1385,19.8687922871603,63,63,63,63,61,63,0,8046,1.33458767306251,26,-87,0.001869,51,2026-08-12 20:50:17.002218,930,1.037,0.0011,"aoml_navis",1031.7786416042
"7901009",119,0,1,0.029904,1,0.007476,1,156.228588588891,1,4.84595609751938,932,1,5.47900009155273,34.8800010681152,0.0299040004611015,0.0126038929447532,150.64909362793,-87.4889,26.1385,19.8687922871603,63,63,63,63,61,63,0,8046,1.33458767306251,26,-87,0.001869,51,2026-08-12 20:50:17.002218,932,1.037,0.0011,"aoml_navis",1031.78813414333
"7901009",119,0,1,0.028035,1,0.005607,1,156.336966611205,1,4.84591084227888,934,1,5.47499990463257,34.8800010681152,0.0280349999666214,0.0112034603953362,150.753601074219,-87.4889,26.1385,19.8687922871603,63,63,63,63,61,63,0,8046,1.33458767306251,26,-87,0.001869,51,2026-08-12 20:50:17.002218,934,1.037,0.0011,"aoml_navis",1031.79776985923
"7901009",119,0,1,0.031773,1,0.009345,1,156.557963466167,1,4.8458682818316,936,1,5.47499990463257,34.8800010681152,0.0317730009555817,0.0140043264254928,150.966705322266,-87.4889,26.1385,19.8687922871603,63,63,63,63,61,63,0,8046,1.33458767306251,26,-87,0.001869,51,2026-08-12 20:50:17.002218,936,1.037,0.0011,"aoml_navis",1031.80683196576
"7901009",119,0,1,0.031773,1,0.009345,1,156.850500259643,1,4.84582168364985,938,1,5.4689998626709,34.8800010681152,0.0317730009555817,0.0140043264254928,151.248794555664,-87.4889,26.1385,19.8687922871603,63,63,63,63,61,63,0,8046,1.33458767306251,26,-87,0.001869,51,2026-08-12 20:50:17.002218,938,1.037,0.0011,"aoml_navis",1031.81675398217
"7901009",119,0,1,0.029904,1,0.007476,1,157.253076586944,1,4.84577037682481,940,1,5.45599985122681,34.8800010681152,0.0299040004611015,0.0126038929447532,151.636993408203,-87.4889,26.1385,19.8687922871603,63,63,63,63,61,63,0,8046,1.33458767306251,26,-87,0.001869,51,2026-08-12 20:50:17.002218,940,1.037,0.0011,"aoml_navis",1031.82767881714
"7901009",119,0,1,0.028035,1,0.005607,1,157.53526453729,1,4.84571606406623,942,1,5.44399976730347,34.8810005187988,0.0280349999666214,0.0112034603953362,151.909103393555,-87.4889,26.1385,19.8687922871603,63,63,63,63,61,63,0,8046,1.33458767306251,26,-87,0.001869,51,2026-08-12 20:50:17.002218,942,1.037,0.0011,"aoml_navis",1031.83924396187
"7901009",119,0,1,0.035511,1,0.013083,1,157.87509902513,1,4.84566947350298,944,1,5.43800020217896,34.8810005187988,0.0355109982192516,0.0168051905930042,152.236801147461,-87.4889,26.1385,19.8687922871603,63,63,63,63,61,63,0,8046,1.33458767306251,26,-87,0.001869,51,2026-08-12 20:50:17.002218,944,1.037,0.0011,"aoml_navis",1031.84916497935
"7901009",119,0,1,0.028035,1,0.005607,1,158.217940057609,1,4.84561952425977,946,1,5.42700004577637,34.8810005187988,0.0280349999666214,0.0112034603953362,152.567398071289,-87.4889,26.1385,19.8687922871603,63,63,63,63,61,63,0,8046,1.33458767306251,26,-87,0.001869,51,2026-08-12 20:50:17.002218,946,1.037,0.0011,"aoml_navis",1031.85980140771
"7901009",119,0,1,0.031773,1,0.009345,1,158.479794271838,1,4.84557092272123,948,1,5.41800022125244,34.8810005187988,0.0317730009555817,0.0140043264254928,152.819900512695,-87.4889,26.1385,19.8687922871603,63,63,63,63,61,63,0,8046,1.33458767306251,26,-87,0.001869,51,2026-08-12 20:50:17.002218,948,1.037,0.0011,"aoml_navis",1031.87015105994
"7901009",119,0,1,0.028035,1,0.005607,1,158.856134541175,1,4.84552232388959,950,1,5.40899991989136,34.8810005187988,0.0280349999666214,0.0112034603953362,153.182800292969,-87.4889,26.1385,19.8687922871603,63,63,63,63,61,63,0,8046,1.33458767306251,26,-87,0.001869,51,2026-08-12 20:50:17.002218,950,1.037,0.0011,"aoml_navis",1031.88050034334
"7901009",119,0,1,0.029904,1,0.007476,1,159.343748610032,1,4.8454707156859,952,1,5.40100002288818,34.8819999694824,0.0299040004611015,0.0126038929447532,153.65299987793,-87.4889,26.1385,19.8687922871603,63,63,63,63,61,63,0,8046,1.33458767306251,26,-87,0.001869,51,2026-08-12 20:50:17.002218,952,1.037,0.0011,"aoml_navis",1031.89149070984
"7901009",119,0,1,0.029904,1,0.007476,1,159.766136484119,1,4.84540905003854,954,1,5.37799978256226,34.882999420166,0.0299040004611015,0.0126038929447532,154.060302734375,-87.4889,26.1385,19.8687922871603,63,63,63,63,61,63,0,8046,1.33458767306251,26,-87,0.001869,51,2026-08-12 20:50:17.002218,954,1.037,0.0011,"aoml_navis",1031.90462319383
"7901009",119,0,1,0.029904,1,0.007476,1,160.030997242987,1,4.84535912409864,956,1,5.36700010299683,34.882999420166,0.0299040004611015,0.0126038929447532,154.315704345703,-87.4889,26.1385,19.8687922871603,63,63,63,63,61,63,0,8046,1.33458767306251,26,-87,0.001869,51,2026-08-12 20:50:17.002218,956,1.037,0.0011,"aoml_navis",1031.91525580266
"7901009",119,0,1,0.026166,1,0.003738,1,160.366780807522,1,4.8453105412302,958,1,5.35799980163574,34.882999420166,0.0261659994721413,0.00980302784591913,154.639495849609,-87.4889,26.1385,19.8687922871603,63,63,63,63,61,63,0,8046,1.33458767306251,26,-87,0.001869,51,2026-08-12 20:50:17.002218,958,1.037,0.0011,"aoml_navis",1031.9256025911
"7901009",119,0,1,0.029904,1,0.007476,1,160.565370992957,1,4.8452639703789,960,1,5.35200023651123,34.882999420166,0.0299040004611015,0.0126038929447532,154.830993652344,-87.4889,26.1385,19.8687922871603,63,63,63,63,61,63,0,8046,1.33458767306251,26,-87,0.001869,51,2026-08-12 20:50:17.002218,960,1.037,0.0011,"aoml_navis",1031.93552107111
"7901009",119,0,1,0.029904,1,0.007476,1,160.870266267295,1,4.84521037053302,962,1,5.34100008010864,34.8839988708496,0.0299040004611015,0.0126038929447532,155.125,-87.4889,26.1385,19.8687922871603,63,63,63,63,61,63,0,8046,1.33458767306251,26,-87,0.001869,51,2026-08-12 20:50:17.002218,962,1.037,0.0011,"aoml_navis",1031.94693679522
"7901009",119,0,1,0.031773,1,0.009345,1,160.98932543504,1,4.84516380385932,964,1,5.33500003814697,34.8839988708496,0.0317730009555817,0.0140043264254928,155.239807128906,-87.4889,26.1385,19.8687922871603,63,63,63,63,61,63,0,8046,1.33458767306251,26,-87,0.001869,51,2026-08-12 20:50:17.002218,964,1.037,0.0011,"aoml_navis",1031.95685479557
"7901009",119,0,1,0.029904,1,0.007476,1,161.151093360594,1,4.84511991579314,966,1,5.33300018310547,34.8839988708496,0.0299040004611015,0.0126038929447532,155.395797729492,-87.4889,26.1385,19.8687922871603,63,63,63,63,61,63,0,8046,1.33458767306251,26,-87,0.001869,51,2026-08-12 20:50:17.002218,966,1.037,0.0011,"aoml_navis",1031.96620246736
"7901009",119,0,1,0.035511,1,0.013083,1,161.480452413951,1,4.84506766170363,968,1,5.32399988174438,34.8849983215332,0.0355109982192516,0.0168051905930042,155.713394165039,-87.4889,26.1385,19.8687922871603,63,63,63,63,61,63,0,8046,1.33458767306251,26,-87,0.001869,51,2026-08-12 20:50:17.002218,968,1.037,0.0011,"aoml_navis",1031.97733223026
"7901009",119,0,1,0.031773,1,0.009345,1,161.613515750151,1,4.84501909457874,970,1,5.31500005722046,34.8849983215332,0.0317730009555817,0.0140043264254928,155.841705322266,-87.4889,26.1385,19.8687922871603,63,63,63,63,61,63,0,8046,1.33458767306251,26,-87,0.001869,51,2026-08-12 20:50:17.002218,970,1.037,0.0011,"aoml_navis",1031.98767691023
"7901009",119,0,1,0.029904,1,0.007476,1,161.819574825428,1,4.84497186744572,972,1,5.30800008773804,34.8849983215332,0.0299040004611015,0.0126038929447532,156.040405273438,-87.4889,26.1385,19.8687922871603,63,63,63,63,61,63,0,8046,1.33458767306251,26,-87,0.001869,51,2026-08-12 20:50:17.002218,972,1.037,0.0011,"aoml_navis",1031.99773637406
"7901009",119,0,1,0.029904,1,0.007476,1,162.016092077452,1,4.84492731646758,974,1,5.30499982833862,34.8849983215332,0.0299040004611015,0.0126038929447532,156.229904174805,-87.4889,26.1385,19.8687922871603,63,63,63,63,61,63,0,8046,1.33458767306251,26,-87,0.001869,51,2026-08-12 20:50:17.002218,974,1.037,0.0011,"aoml_navis",1032.00722599188
"7901009",119,0,1,0.031773,1,0.009345,1,162.195282137999,1,4.84487942473587,976,1,5.29699993133545,34.8849983215332,0.0317730009555817,0.0140043264254928,156.402694702148,-87.4889,26.1385,19.8687922871603,63,63,63,63,61,63,0,8046,1.33458767306251,26,-87,0.001869,51,2026-08-12 20:50:17.002218,976,1.037,0.0011,"aoml_navis",1032.01742740431
"7901009",119,99999,9,99999,9,99999,9,162.328551185148,1,4.8448370039678,977.900024414062,1,5.29400014877319,34.8849983215332,99999,99999,156.531204223633,-87.4889,26.1385,19.8687922871603,63,63,63,63,61,63,0,8046,1.33458767306251,26,-87,0.001869,51,2026-08-12 20:50:17.002218,977.900024414062,1.037,0.0011,"aoml_navis",1032.02646361583
"7901009",119,0,1,0.029904,1,0.007476,1,165.256719953598,1,4.84432485105077,999.599975585938,1,5.22919988632202,34.8870010375977,0.0299040004611015,0.0126038929447532,159.354797363281,-87.4889,26.1385,19.8687922871603,63,63,63,63,61,63,0,8046,1.33458767306251,26,-87,0.001869,51,2026-08-12 20:50:17.002218,999.599975585938,1.037,0.0011,"aoml_navis",1032.13557177435
"7901009",119,0,1,0.028035,1,0.005607,1,171.232955325958,1,4.8431297253306,1049.69995117188,1,5.06680011749268,34.8930015563965,0.0280349999666214,0.0112034603953362,165.117599487305,-87.4889,26.1385,19.8687922871603,63,63,63,63,61,63,0,8046,1.33458767306251,26,-87,0.001869,51,2026-08-12 20:50:17.002218,1049.69995117188,1.037,0.0011,"aoml_navis",1032.39026901322
"7901009",119,0,1,0.035511,1,0.013083,1,177.409648106213,1,4.84192030012505,1100,1,4.88719987869263,34.898998260498,0.0355109982192516,0.0168051905930042,171.073699951172,-87.4889,26.1385,19.8687922871603,63,63,63,63,61,63,0,8046,1.33458767306251,26,-87,0.001869,51,2026-08-12 20:50:17.002218,1100,1.037,0.0011,"aoml_navis",1032.64814166207
"7901009",119,0,1,0.031773,1,0.009345,1,183.328537595545,1,4.8407989839203,1146.69995117188,1,4.72889995574951,34.9059982299805,0.0317730009555817,0.0140043264254928,176.781204223633,-87.4889,26.1385,19.8687922871603,63,63,63,63,61,63,0,8046,1.33458767306251,26,-87,0.001869,51,2026-08-12 20:50:17.002218,1146.69995117188,1.037,0.0011,"aoml_navis",1032.88734289701
"7901009",119,0,1,0.028035,1,0.005607,1,186.745254044081,1,4.83960121494506,1199.90002441406,1,4.63990020751953,34.9090003967285,0.0280349999666214,0.0112034603953362,180.075897216797,-87.4889,26.1385,19.8687922871603,63,63,63,63,61,63,0,8046,1.33458767306251,26,-87,0.001869,51,2026-08-12 20:50:17.002218,1199.90002441406,1.037,0.0011,"aoml_navis",1033.14297561535
"7901009",119,0,1,0.033642,1,0.011214,1,189.611931062683,1,4.83848095556037,1249.90002441406,1,4.56379985809326,34.9119987487793,0.0336420014500618,0.0154047571122646,182.840194702148,-87.4889,26.1385,19.8687922871603,63,63,63,63,61,63,0,8046,1.33458767306251,26,-87,0.001869,51,2026-08-12 20:50:17.002218,1249.90002441406,1.037,0.0011,"aoml_navis",1033.38218046596
"7901009",119,0,1,0.028035,1,0.005607,1,191.943300720084,1,4.83738202432016,1299.40002441406,1,4.50229978561401,34.9150009155273,0.0280349999666214,0.0112034603953362,185.088302612305,-87.4889,26.1385,19.8687922871603,63,63,63,63,61,63,0,8046,1.33458767306251,26,-87,0.001869,51,2026-08-12 20:50:17.002218,1299.40002441406,1.037,0.0011,"aoml_navis",1033.61693884466
"7901009",119,0,1,0.031773,1,0.009345,1,194.609108908893,1,4.83626696090464,1349.80004882812,1,4.44339990615845,34.9179992675781,0.0317730009555817,0.0140043264254928,187.658905029297,-87.4889,26.1385,19.8687922871603,63,63,63,63,61,63,0,8046,1.33458767306251,26,-87,0.001869,51,2026-08-12 20:50:17.002218,1349.80004882812,1.037,0.0011,"aoml_navis",1033.85525249515
"7901009",119,0,1,0.031773,1,0.009345,1,196.325086350236,1,4.83519175180389,1399.09997558594,1,4.40220022201538,34.9199981689453,0.0317730009555817,0.0140043264254928,189.313598632812,-87.4889,26.1385,19.8687922871603,63,63,63,63,61,63,0,8046,1.33458767306251,26,-87,0.001869,51,2026-08-12 20:50:17.002218,1399.09997558594,1.037,0.0011,"aoml_navis",1034.08515249362
"7901009",119,0,1,0.028035,1,0.005607,1,197.762531166558,1,4.83412473485115,1448.90002441406,1,4.3762001991272,34.9199981689453,0.0280349999666214,0.0112034603953362,190.69970703125,-87.4889,26.1385,19.8687922871603,63,63,63,63,61,63,0,8046,1.33458767306251,26,-87,0.001869,51,2026-08-12 20:50:17.002218,1448.90002441406,1.037,0.0011,"aoml_navis",1034.31340195941
"7901009",119,0,1,0.028035,1,0.005607,1,198.961129747108,1,4.8330394365857,1499.30004882812,1,4.35069990158081,34.9220008850098,0.0280349999666214,0.0112034603953362,191.855499267578,-87.4889,26.1385,19.8687922871603,63,63,63,63,61,63,0,8046,1.33458767306251,26,-87,0.001869,51,2026-08-12 20:50:17.002218,1499.30004882812,1.037,0.0011,"aoml_navis",1034.5456654358
"7901009",119,0,1,0.026166,1,0.003738,1,199.99992256808,1,4.83196387433846,1549.80004882812,1,4.33519983291626,34.9230003356934,0.0261659994721413,0.00980302784591913,192.857192993164,-87.4889,26.1385,19.8687922871603,63,63,63,63,61,63,0,8046,1.33458767306251,26,-87,0.001869,51,2026-08-12 20:50:17.002218,1549.80004882812,1.037,0.0011,"aoml_navis",1034.77594825449
"7901009",119,0,1,0.028035,1,0.005607,1,200.632831862646,1,4.83092214077637,1598.90002441406,1,4.32410001754761,34.923999786377,0.0280349999666214,0.0112034603953362,193.467498779297,-87.4889,26.1385,19.8687922871603,63,63,63,63,61,63,0,8046,1.33458767306251,26,-87,0.001869,51,2026-08-12 20:50:17.002218,1598.90002441406,1.037,0.0011,"aoml_navis",1034.99908595017
"7901009",119,0,1,0.029904,1,0.007476,1,201.0551089693,1,4.82985677487053,1649.59997558594,1,4.32000017166138,34.923999786377,0.0299040004611015,0.0126038929447532,193.874694824219,-87.4889,26.1385,19.8687922871603,63,63,63,63,61,63,0,8046,1.33458767306251,26,-87,0.001869,51,2026-08-12 20:50:17.002218,1649.59997558594,1.037,0.0011,"aoml_navis",1035.22738521248
"7901009",119,0,1,0.035511,1,0.013083,1,201.396921447034,1,4.82881806554401,1699.09997558594,1,4.31589984893799,34.923999786377,0.0355109982192516,0.0168051905930042,194.204299926758,-87.4889,26.1385,19.8687922871603,63,63,63,63,61,63,0,8046,1.33458767306251,26,-87,0.001869,51,2026-08-12 20:50:17.002218,1699.09997558594,1.037,0.0011,"aoml_navis",1035.45006917479
"7901009",119,0,1,0.024297,1,0.001869,1,201.964383011963,1,4.82776216472839,1749.30004882812,1,4.31120014190674,34.9249992370605,0.0242970008403063,0.00840259529650211,194.751495361328,-87.4889,26.1385,19.8687922871603,63,63,63,63,61,63,0,8046,1.33458767306251,26,-87,0.001869,51,2026-08-12 20:50:17.002218,1749.30004882812,1.037,0.0011,"aoml_navis",1035.67653695329
"7901009",119,0,1,0.028035,1,0.005607,1,202.130312628254,1,4.82672876721877,1798.80004882812,1,4.31040000915527,34.9249992370605,0.0280349999666214,0.0112034603953362,194.911499023438,-87.4889,26.1385,19.8687922871603,63,63,63,63,61,63,0,8046,1.33458767306251,26,-87,0.001869,51,2026-08-12 20:50:17.002218,1798.80004882812,1.037,0.0011,"aoml_navis",1035.89827420136
"7901009",119,0,1,0.029904,1,0.007476,1,202.603305395809,1,4.82567345043652,1849.19995117188,1,4.30810022354126,34.9259986877441,0.0299040004611015,0.0126038929447532,195.367599487305,-87.4889,26.1385,19.8687922871603,63,63,63,63,61,63,0,8046,1.33458767306251,26,-87,0.001869,51,2026-08-12 20:50:17.002218,1849.19995117188,1.037,0.0011,"aoml_navis",1036.12481270313
"7901009",119,0,1,0.024297,1,0.001869,1,202.973316097483,1,4.82462440156962,1899.5,1,4.3043999671936,34.9259986877441,0.0242970008403063,0.00840259529650211,195.724395751953,-87.4889,26.1385,19.8687922871603,63,63,63,63,61,63,0,8046,1.33458767306251,26,-87,0.001869,51,2026-08-12 20:50:17.002218,1899.5,1.037,0.0011,"aoml_navis",1036.35010393209
"7901009",119,0,1,0.029904,1,0.007476,1,202.642612010998,1,4.82357788475435,1949.80004882812,1,4.30210018157959,34.9259986877441,0.0299040004611015,0.0126038929447532,195.405502319336,-87.4889,26.1385,19.8687922871603,63,63,63,63,61,63,0,8046,1.33458767306251,26,-87,0.001869,51,2026-08-12 20:50:17.002218,1949.80004882812,1.037,0.0011,"aoml_navis",1036.57494902347
"7901009",120,0.121173475512345,1,0.179424,1,0.156996,1,189.498231748476,1,4.89666894142146,2.40000009536743,1,30.9979991912842,34.6129989624023,0.179424002766609,0.128386184573174,182.730499267578,-87.6824,25.6366,9.9349982394158,63,63,63,63,61,63,0.156996,8045,1.29563008188212,26,-88,0.001869,51,2026-08-23 04:17:35.000454,2.40000009536743,1.037,0.0011,"aoml_navis",1021.10231665949
"7901009",120,0.12838618238808,1,0.188769,1,0.166341,1,189.420140683183,1,4.89604582457146,4,1,31.1469993591309,34.8470001220703,0.188768997788429,0.135598883032799,182.655197143555,-87.6824,25.6366,9.9349982394158,63,63,63,63,61,63,0.166341,8045,1.29563008188212,26,-88,0.001869,51,2026-08-23 04:17:35.000454,4,1.037,0.0011,"aoml_navis",1021.23227174608
"7901009",120,0.109633144511169,1,0.164472,1,0.142044,1,188.925263281769,1,4.89356040831642,5.90000009536743,1,30.9839992523193,35.4529991149902,0.164471998810768,0.116845853626728,182.177993774414,-87.6824,25.6366,9.9349982394158,63,63,63,63,61,63,0.142044,8045,1.29563008188212,26,-88,0.001869,51,2026-08-23 04:17:35.000454,5.90000009536743,1.037,0.0011,"aoml_navis",1021.75095080112
"7901009",120,0.077897234257936,1,0.123354,1,0.100926,1,189.179854396157,1,4.8899670714309,7.90000009536743,1,30.246000289917,36.1020011901855,0.123354002833366,0.0851099416613579,182.423492431641,-87.6824,25.6366,9.9349982394158,63,63,63,63,61,63,0.100926,8045,1.29563008188212,26,-88,0.001869,51,2026-08-23 04:17:35.000454,7.90000009536743,1.037,0.0011,"aoml_navis",1022.50177290803
"7901009",120,0.0750121515076421,1,0.119616,1,0.097188,1,189.024827412028,1,4.88897633143292,10,1,30.0249996185303,36.2649993896484,0.119616001844406,0.0822248533368111,182.274002075195,-87.6824,25.6366,9.9349982394158,63,63,63,63,61,63,0.097188,8045,1.29563008188212,26,-88,0.001869,51,2026-08-23 04:17:35.000454,10,1.037,0.0011,"aoml_navis",1022.7089805801
"7901009",120,0.0649143618816133,1,0.106533,1,0.084105,1,189.110482313027,1,4.88865248961571,12,1,29.8959999084473,36.2849998474121,0.106532998383045,0.072127066552639,182.356597900391,-87.6824,25.6366,9.9349982394158,63,63,63,63,61,63,0.084105,8045,1.29563008188212,26,-88,0.001869,51,2026-08-23 04:17:35.000454,12,1.037,0.0011,"aoml_navis",1022.77672847903
"7901009",120,0.076454692882789,1,0.121485,1,0.099057,1,189.514514566346,1,4.88834486573343,14,1,29.7040004730225,36.2719993591309,0.121485002338886,0.0836673974990845,182.746200561523,-87.6824,25.6366,9.9349982394158,63,63,63,63,61,63,0.099057,8045,1.29563008188212,26,-88,0.001869,51,2026-08-23 04:17:35.000454,14,1.037,0.0011,"aoml_navis",1022.84109188966
"7901009",120,0.0836673997585238,1,0.13083,1,0.108402,1,189.453529162974,1,4.88825197672289,16,1,29.6720008850098,36.2719993591309,0.130830004811287,0.0908801034092903,182.687393188477,-87.6824,25.6366,9.9349982394158,63,63,63,63,61,63,0.108402,8045,1.29563008188212,26,-88,0.001869,51,2026-08-23 04:17:35.000454,16,1.037,0.0011,"aoml_navis",1022.860528428
"7901009",120,0.0980928135099935,1,0.14952,1,0.127092,1,190.097119802812,1,4.88789199611732,17.8999996185303,1,29.4610004425049,36.265998840332,0.149519994854927,0.105305515229702,183.307998657227,-87.6824,25.6366,9.9349982394158,63,63,63,63,61,63,0.127092,8045,1.29563008188212,26,-88,0.001869,51,2026-08-23 04:17:35.000454,17.8999996185303,1.037,0.0011,"aoml_navis",1022.93585946083
"7901009",120,0.186087837393958,1,0.263529,1,0.241101,1,192.519430275761,1,4.88695684306565,20,1,28.9249992370605,36.273998260498,0.263529002666473,0.193300530314445,185.643798828125,-87.6824,25.6366,9.9349982394158,63,63,63,63,61,63,0.241101,8045,1.29563008188212,26,-88,0.001869,51,2026-08-23 04:17:35.000454,20,1.037,0.0011,"aoml_navis",1023.13160532505
"7901009",120,0.158679551266166,1,0.228018,1,0.20559,1,192.600638654096,1,4.88656889052611,22,1,28.7280006408691,36.2830009460449,0.228018000721931,0.165892258286476,185.722106933594,-87.6824,25.6366,9.9349982394158,63,63,63,63,61,63,0.20559,8045,1.29563008188212,26,-88,0.001869,51,2026-08-23 04:17:35.000454,22,1.037,0.0011,"aoml_navis",1023.21283338373
"7901009",120,0.142811596139549,1,0.207459,1,0.185031,1,191.733883213077,1,4.88643484955949,24,1,28.673999786377,36.2849998474121,0.207459002733231,0.150024309754372,184.886306762695,-87.6824,25.6366,9.9349982394158,63,63,63,63,61,63,0.185031,8045,1.29563008188212,26,-88,0.001869,51,2026-08-23 04:17:35.000454,24,1.037,0.0011,"aoml_navis",1023.24090138043
"7901009",120,0.129828723763227,1,0.190638,1,0.16821,1,190.56243811406,1,4.88604594137491,26.1000003814697,1,28.5060005187988,36.306999206543,0.19063800573349,0.137041434645653,183.756698608398,-87.6824,25.6366,9.9349982394158,63,63,63,63,61,63,0.16821,8045,1.29563008188212,26,-88,0.001869,51,2026-08-23 04:17:35.000454,26.1000003814697,1.037,0.0011,"aoml_navis",1023.32234694319
"7901009",120,0.151466844390431,1,0.218673,1,0.196245,1,190.466624253807,1,4.885695303139,28,1,28.3589992523193,36.3289985656738,0.218673005700111,0.158679559826851,183.664306640625,-87.6824,25.6366,9.9349982394158,63,63,63,63,61,63,0.196245,8045,1.29563008188212,26,-88,0.001869,51,2026-08-23 04:17:35.000454,28,1.037,0.0011,"aoml_navis",1023.39578908811
"7901009",120,0.223593913147779,1,0.312123,1,0.289695,1,191.235587844064,1,4.88533118794163,30,1,28.1450004577637,36.3250007629395,0.312123000621796,0.23080663383007,184.405807495117,-87.6824,25.6366,9.9349982394158,63,63,63,63,61,63,0.289695,8045,1.29563008188212,26,-88,0.001869,51,2026-08-23 04:17:35.000454,30,1.037,0.0011,"aoml_navis",1023.47206517777
"7901009",120,0.271197778527629,1,0.3738,1,0.351372,1,191.286920653752,1,4.885100176713,32,1,28.0240001678467,36.3250007629395,0.373800009489059,0.278410494327545,184.455307006836,-87.6824,25.6366,9.9349982394158,63,63,63,63,61,63,0.351372,8045,1.29563008188212,26,-88,0.001869,51,2026-08-23 04:17:35.000454,32,1.037,0.0011,"aoml_navis",1023.52046409094
"7901009",120,0.311588937031744,1,0.426132,1,0.403704,1,191.151784342181,1,4.88484041148801,34,1,27.8819999694824,36.3240013122559,0.426131993532181,0.318801641464233,184.324996948242,-87.6824,25.6366,9.9349982394158,63,63,63,63,61,63,0.403704,8045,1.29563008188212,26,-88,0.001869,51,2026-08-23 04:17:35.000454,34,1.037,0.0011,"aoml_navis",1023.57489269069
"7901009",120,0.559706053557022,1,0.7476,1,0.725172,1,190.646747981513,1,4.88432516108668,36.2000007629395,1,27.6149997711182,36.3390007019043,0.747600018978119,0.566918790340424,183.837997436523,-87.6824,25.6366,9.9349982394158,63,63,63,63,61,63,0.725172,8045,1.29563008188212,26,-88,0.001869,51,2026-08-23 04:17:35.000454,36.2000007629395,1.037,0.0011,"aoml_navis",1023.68287022226
"7901009",120,0.615965167187753,1,0.820491,1,0.798063,1,188.416081052995,1,4.8839896477853,37.7000007629395,1,27.4440002441406,36.3499984741211,0.820491015911102,0.623177886009216,181.686996459961,-87.6824,25.6366,9.9349982394158,63,63,63,63,61,63,0.798063,8045,1.29563008188212,26,-88,0.001869,51,2026-08-23 04:17:35.000454,37.7000007629395,1.037,0.0011,"aoml_navis",1023.7531937168
"7901009",120,0.701075108321424,1,0.930762,1,0.908334,1,183.338342057675,1,4.8831594706884,40,1,27.0009994506836,36.3779983520508,0.930761992931366,0.708287835121155,176.790603637695,-87.6824,25.6366,9.9349982394158,63,63,63,63,61,63,0.908334,8045,1.29563008188212,26,-88,0.001869,51,2026-08-23 04:17:35.000454,40,1.037,0.0011,"aoml_navis",1023.92724014297
"7901009",120,0.566918760432756,1,0.756945,1,0.734517,1,181.042243203121,1,4.88274423903228,42,1,26.8549995422363,36.4199981689453,0.756945013999939,0.574131488800049,174.576507568359,-87.6824,25.6366,9.9349982394158,63,63,63,63,61,63,0.734517,8045,1.29563008188212,26,-88,0.001869,51,2026-08-23 04:17:35.000454,42,1.037,0.0011,"aoml_navis",1024.01431556263
"7901009",120,0.604424836186577,1,0.805539,1,0.783111,1,179.258016644433,1,4.88242408110706,44.0999984741211,1,26.7180004119873,36.4389991760254,0.805539011955261,0.611637532711029,172.856002807617,-87.6824,25.6366,9.9349982394158,63,63,63,63,61,63,0.783111,8045,1.29563008188212,26,-88,0.001869,51,2026-08-23 04:17:35.000454,44.0999984741211,1.037,0.0011,"aoml_navis",1024.08146382612
"7901009",120,0.594327046560549,1,0.792456,1,0.770028,1,176.718102767784,1,4.88203784986992,45.9000015258789,1,26.5779991149902,36.4770011901855,0.792455971240997,0.601539731025696,170.406799316406,-87.6824,25.6366,9.9349982394158,63,63,63,63,61,63,0.770028,8045,1.29563008188212,26,-88,0.001869,51,2026-08-23 04:17:35.000454,45.9000015258789,1.037,0.0011,"aoml_navis",1024.16248168441
"7901009",120,0.649143618816133,1,0.863478,1,0.84105,1,175.534330831916,1,4.88154691924754,48,1,26.3080005645752,36.4879989624023,0.863478004932404,0.656356334686279,169.26530456543,-87.6824,25.6366,9.9349982394158,63,63,63,63,61,63,0.84105,8045,1.29563008188212,26,-88,0.001869,51,2026-08-23 04:17:35.000454,48,1.037,0.0011,"aoml_navis",1024.26548033071
"7901009",120,0.686649694569954,1,0.912072,1,0.889644,1,175.200920751728,1,4.88136784679593,50,1,26.17799949646,36.4720001220703,0.912072002887726,0.693862438201904,168.943801879883,-87.6824,25.6366,9.9349982394158,63,63,63,63,61,63,0.889644,8045,1.29563008188212,26,-88,0.001869,51,2026-08-23 04:17:35.000454,50,1.037,0.0011,"aoml_navis",1024.3030553991
"7901009",120,0.677994446319073,1,0.900858,1,0.87843,1,174.939588645687,1,4.88114688477913,52,1,26.0100002288818,36.4519996643066,0.900857985019684,0.68520712852478,168.691802978516,-87.6824,25.6366,9.9349982394158,63,63,63,63,61,63,0.87843,8045,1.29563008188212,26,-88,0.001869,51,2026-08-23 04:17:35.000454,52,1.037,0.0011,"aoml_navis",1024.34942402399
"7901009",120,0.69819002557113,1,0.927024,1,0.904596,1,174.197272543566,1,4.88095566768288,54,1,25.8950004577637,36.4459991455078,0.927024006843567,0.705402731895447,167.975997924805,-87.6824,25.6366,9.9349982394158,63,63,63,63,61,63,0.904596,8045,1.29563008188212,26,-88,0.001869,51,2026-08-23 04:17:35.000454,54,1.037,0.0011,"aoml_navis",1024.3895541001
"7901009",120,0.748678973701274,1,0.992439,1,0.970011,1,172.003633597375,1,4.880697760868,56.0999984741211,1,25.7870006561279,36.4609985351562,0.992438971996307,0.755891680717468,165.860702514648,-87.6824,25.6366,9.9349982394158,63,63,63,63,61,63,0.970011,8045,1.29563008188212,26,-88,0.001869,51,2026-08-23 04:17:35.000454,56.0999984741211,1.037,0.0011,"aoml_navis",1024.4436850994
"7901009",120,0.626062956813782,1,0.833574,1,0.811146,1,168.965424351713,1,4.88035549015542,58,1,25.6870002746582,36.5040016174316,0.833573997020721,0.63327568769455,162.930999755859,-87.6824,25.6366,9.9349982394158,63,63,63,63,61,63,0.811146,8045,1.29563008188212,26,-88,0.001869,51,2026-08-23 04:17:35.000454,58,1.037,0.0011,"aoml_navis",1024.51553172426
"7901009",120,0.519314895052907,1,0.695268,1,0.67284,1,165.580955999518,1,4.88007361653938,60,1,25.7910003662109,36.6139984130859,0.695267975330353,0.526527583599091,159.667404174805,-87.6824,25.6366,9.9349982394158,63,63,63,63,61,63,0.67284,8045,1.29563008188212,26,-88,0.001869,51,2026-08-23 04:17:35.000454,60,1.037,0.0011,"aoml_navis",1024.57470785977
"7901009",120,0.497676774425702,1,0.667233,1,0.644805,1,163.680993260171,1,4.87983861798175,62,1,25.7210006713867,36.6389999389648,0.667232990264893,0.504889488220215,157.835296630859,-87.6824,25.6366,9.9349982394158,63,63,63,63,61,63,0.644805,8045,1.29563008188212,26,-88,0.001869,51,2026-08-23 04:17:35.000454,62,1.037,0.0011,"aoml_navis",1024.62404833952
"7901009",120,0.535182850179523,1,0.715827,1,0.693399,1,160.515338130037,1,4.87935150084467,64.4000015258789,1,25.5130004882812,36.6749992370605,0.715826988220215,0.542395532131195,154.782699584961,-87.6824,25.6366,9.9349982394158,63,63,63,63,61,63,0.693399,8045,1.29563008188212,26,-88,0.001869,51,2026-08-23 04:17:35.000454,64.4000015258789,1.037,0.0011,"aoml_navis",1024.72633896829
"7901009",120,0.55105080530614,1,0.736386,1,0.713958,1,156.148995289201,1,4.87876738958592,65.8000030517578,1,25.1529998779297,36.681999206543,0.736386001110077,0.558263540267944,150.572296142578,-87.6824,25.6366,9.9349982394158,63,63,63,63,61,63,0.713958,8045,1.29563008188212,26,-88,0.001869,51,2026-08-23 04:17:35.000454,65.8000030517578,1.037,0.0011,"aoml_navis",1024.84902450419
"7901009",120,0.504889481301437,1,0.676578,1,0.65415,1,153.356563232219,1,4.87777134725052,68,1,24.4990005493164,36.681999206543,0.676577985286713,0.51210218667984,147.879592895508,-87.6824,25.6366,9.9349982394158,63,63,63,63,61,63,0.65415,8045,1.29563008188212,26,-88,0.001869,51,2026-08-23 04:17:35.000454,68,1.037,0.0011,"aoml_navis",1025.05829897467
"7901009",120,0.467383405547616,1,0.627984,1,0.605556,1,151.62305235018,1,4.87747691395714,70,1,24.3929996490479,36.7099990844727,0.62798398733139,0.474596112966537,146.207992553711,-87.6824,25.6366,9.9349982394158,63,63,63,63,61,63,0.605556,8045,1.29563008188212,26,-88,0.001869,51,2026-08-23 04:17:35.000454,70,1.037,0.0011,"aoml_navis",1025.12017754349
"7901009",120,0.421222081542913,1,0.568176,1,0.545748,1,150.896401932891,1,4.87718638428327,72,1,24.3020000457764,36.7430000305176,0.568175971508026,0.428434789180756,145.507293701172,-87.6824,25.6366,9.9349982394158,63,63,63,63,61,63,0.545748,8045,1.29563008188212,26,-88,0.001869,51,2026-08-23 04:17:35.000454,72,1.037,0.0011,"aoml_navis",1025.18124304466
"7901009",120,0.438532578044677,1,0.590604,1,0.568176,1,150.469662348529,1,4.87708508880234,74,1,24.2749996185303,36.7490005493164,0.59060400724411,0.445745289325714,145.095794677734,-87.6824,25.6366,9.9349982394158,63,63,63,63,61,63,0.568176,8045,1.29563008188212,26,-88,0.001869,51,2026-08-23 04:17:35.000454,74,1.037,0.0011,"aoml_navis",1025.20253572772
"7901009",120,0.42266462291806,1,0.570045,1,0.547617,1,149.887895780039,1,4.87697383993864,76,1,24.2360000610352,36.7529983520508,0.570044994354248,0.42987734079361,144.534805297852,-87.6824,25.6366,9.9349982394158,63,63,63,63,61,63,0.547617,8045,1.29563008188212,26,-88,0.001869,51,2026-08-23 04:17:35.000454,76,1.037,0.0011,"aoml_navis",1025.22592166763
"7901009",120,0.399583960915709,1,0.540141,1,0.517713,1,148.667095861843,1,4.87681039173853,78,1,24.1630001068115,36.757999420166,0.540140986442566,0.406796663999557,143.357604980469,-87.6824,25.6366,9.9349982394158,63,63,63,63,61,63,0.517713,8045,1.29563008188212,26,-88,0.001869,51,2026-08-23 04:17:35.000454,78,1.037,0.0011,"aoml_navis",1025.26028251378
"7901009",120,0.367848050662476,1,0.499023,1,0.476595,1,147.336572854134,1,4.87649773102594,80,1,24.0130004882812,36.773998260498,0.499022990465164,0.375060766935349,142.074600219727,-87.6824,25.6366,9.9349982394158,63,63,63,63,61,63,0.476595,8045,1.29563008188212,26,-88,0.001869,51,2026-08-23 04:17:35.000454,80,1.037,0.0011,"aoml_navis",1025.32601793051
"7901009",120,0.313031478406891,1,0.428001,1,0.405573,1,146.478314860341,1,4.87617167797286,82,1,23.8859996795654,36.8030014038086,0.42800098657608,0.320244193077087,141.246994018555,-87.6824,25.6366,9.9349982394158,63,63,63,63,61,63,0.405573,8045,1.29563008188212,26,-88,0.001869,51,2026-08-23 04:17:35.000454,82,1.037,0.0011,"aoml_navis",1025.39457800194
"7901009",120,0.285623192279099,1,0.39249,1,0.370062,1,145.677830013334,1,4.87596164733382,84,1,23.7819995880127,36.8089981079102,0.3924899995327,0.292835921049118,140.47509765625,-87.6824,25.6366,9.9349982394158,63,63,63,63,61,63,0.370062,8045,1.29563008188212,26,-88,0.001869,51,2026-08-23 04:17:35.000454,84,1.037,0.0011,"aoml_navis",1025.4387465771
"7901009",120,0.259657447526453,1,0.358848,1,0.33642,1,145.188142859016,1,4.87557155567337,86,1,23.5090007781982,36.798999786377,0.358848005533218,0.266870141029358,140.002899169922,-87.6824,25.6366,9.9349982394158,63,63,63,63,61,63,0.33642,8045,1.29563008188212,26,-88,0.001869,51,2026-08-23 04:17:35.000454,86,1.037,0.0011,"aoml_navis",1025.52079133816
"7901009",120,0.233691702773808,1,0.325206,1,0.302778,1,144.954391852631,1,4.87531178534494,88,1,23.3349990844727,36.7919998168945,0.325206011533737,0.240904405713081,139.777496337891,-87.6824,25.6366,9.9349982394158,63,63,63,63,61,63,0.302778,8045,1.29563008188212,26,-88,0.001869,51,2026-08-23 04:17:35.000454,88,1.037,0.0011,"aoml_navis",1025.57543397119
"7901009",120,0.235134244148955,1,0.327075,1,0.304647,1,144.741069532222,1,4.87515979223078,90,1,23.2530002593994,36.7910003662109,0.327075004577637,0.242346942424774,139.571792602539,-87.6824,25.6366,9.9349982394158,63,63,63,63,61,63,0.304647,8045,1.29563008188212,26,-88,0.001869,51,2026-08-23 04:17:35.000454,90,1.037,0.0011,"aoml_navis",1025.60740839063
"7901009",120,0.22792153727322,1,0.31773,1,0.295302,1,144.464815465781,1,4.87507494783819,92,1,23.2189998626709,36.7900009155273,0.317730009555817,0.235134243965149,139.305404663086,-87.6824,25.6366,9.9349982394158,63,63,63,63,61,63,0.295302,8045,1.29563008188212,26,-88,0.001869,51,2026-08-23 04:17:35.000454,92,1.037,0.0011,"aoml_navis",1025.62525776495
"7901009",120,0.223593913147779,1,0.312123,1,0.289695,1,144.188545575416,1,4.87497646714054,94,1,23.1700000762939,36.7869987487793,0.312123000621796,0.23080663383007,139.039001464844,-87.6824,25.6366,9.9349982394158,63,63,63,63,61,63,0.289695,8045,1.29563008188212,26,-88,0.001869,51,2026-08-23 04:17:35.000454,94,1.037,0.0011,"aoml_navis",1025.64597669387
"7901009",120,0.196185627019987,1,0.276612,1,0.254184,1,144.077588219826,1,4.87477412966298,96,1,23.0540008544922,36.7869987487793,0.276612013578415,0.203398331999779,138.932006835938,-87.6824,25.6366,9.9349982394158,63,63,63,63,61,63,0.254184,8045,1.29563008188212,26,-88,0.001869,51,2026-08-23 04:17:35.000454,96,1.037,0.0011,"aoml_navis",1025.68854822935
"7901009",120,0.157237009891019,1,0.226149,1,0.203721,1,143.931248570012,1,4.87450335855351,98,1,22.8959999084473,36.7900009155273,0.226148992776871,0.164449706673622,138.790893554688,-87.6824,25.6366,9.9349982394158,63,63,63,63,61,63,0.203721,8045,1.29563008188212,26,-88,0.001869,51,2026-08-23 04:17:35.000454,98,1.037,0.0011,"aoml_navis",1025.74552363909
"7901009",120,0.111075685886316,1,0.166341,1,0.143913,1,143.277293259907,1,4.8742027041564,100,1,22.6919994354248,36.7840003967285,0.166341006755829,0.118288390338421,138.160293579102,-87.6824,25.6366,9.9349982394158,63,63,63,63,61,63,0.143913,8045,1.29563008188212,26,-88,0.001869,51,2026-08-23 04:17:35.000454,100,1.037,0.0011,"aoml_navis",1025.80879447962
"7901009",120,0.100977896260287,1,0.153258,1,0.13083,1,141.880926904138,1,4.87384078340246,102,1,22.4419994354248,36.7779998779297,0.153257995843887,0.108190603554249,136.81379699707,-87.6824,25.6366,9.9349982394158,63,63,63,63,61,63,0.13083,8045,1.29563008188212,26,-88,0.001869,51,2026-08-23 04:17:35.000454,102,1.037,0.0011,"aoml_navis",1025.88496879651
"7901009",120,0.0908801066342587,1,0.140175,1,0.117747,1,140.665839422531,1,4.87341847207106,104,1,22.1270008087158,36.7649993896484,0.140174999833107,0.0980928167700768,135.642105102539,-87.6824,25.6366,9.9349982394158,63,63,63,63,61,63,0.117747,8045,1.29563008188212,26,-88,0.001869,51,2026-08-23 04:17:35.000454,104,1.037,0.0011,"aoml_navis",1025.97386796442
"7901009",120,0.0822248583833769,1,0.128961,1,0.106533,1,140.53070311096,1,4.87297320511435,106,1,21.7299995422363,36.7290000915527,0.128960996866226,0.0894375666975975,135.511795043945,-87.6824,25.6366,9.9349982394158,63,63,63,63,61,63,0.106533,8045,1.29563008188212,26,-88,0.001869,51,2026-08-23 04:17:35.000454,106,1.037,0.0011,"aoml_navis",1026.0676161224
"7901009",120,0.0836673997585238,1,0.13083,1,0.108402,1,140.151356179193,1,4.87283367815261,108,1,21.6319999694824,36.7200012207031,0.130830004811287,0.0908801034092903,135.14599609375,-87.6824,25.6366,9.9349982394158,63,63,63,63,61,63,0.108402,8045,1.29563008188212,26,-88,0.001869,51,2026-08-23 04:17:35.000454,108,1.037,0.0011,"aoml_navis",1026.09699617238
"7901009",120,0.0807823170082299,1,0.127092,1,0.104664,1,139.59375274276,1,4.8726848415544,110,1,21.5240001678467,36.7099990844727,0.127092003822327,0.0879950225353241,134.608306884766,-87.6824,25.6366,9.9349982394158,63,63,63,63,61,63,0.104664,8045,1.29563008188212,26,-88,0.001869,51,2026-08-23 04:17:35.000454,110,1.037,0.0011,"aoml_navis",1026.12833839772
"7901009",120,0.0735696101324951,1,0.117747,1,0.095319,1,137.718475324964,1,4.87257337277324,112,1,21.5200004577637,36.7280006408691,0.117747001349926,0.0807823166251183,132.800003051758,-87.6824,25.6366,9.9349982394158,63,63,63,63,61,63,0.095319,8045,1.29563008188212,26,-88,0.001869,51,2026-08-23 04:17:35.000454,112,1.037,0.0011,"aoml_navis",1026.15181290831
"7901009",120,0.0692419860070542,1,0.11214,1,0.089712,1,136.231880954138,1,4.87222924148685,114,1,21.4360008239746,36.7809982299805,0.112139999866486,0.0764546915888786,131.366500854492,-87.6824,25.6366,9.9349982394158,63,63,63,63,61,63,0.089712,8045,1.29563008188212,26,-88,0.001869,51,2026-08-23 04:17:35.000454,114,1.037,0.0011,"aoml_navis",1026.22429121873
"7901009",120,0.0634718205064664,1,0.104664,1,0.082236,1,136.317013665643,1,4.8719559631243,116,1,21.2250003814697,36.7680015563965,0.104663997888565,0.0706845298409462,131.448593139648,-87.6824,25.6366,9.9349982394158,63,63,63,63,61,63,0.082236,8045,1.29563008188212,26,-88,0.001869,51,2026-08-23 04:17:35.000454,116,1.037,0.0011,"aoml_navis",1026.28185431988
"7901009",120,0.0562591136307315,1,0.095319,1,0.072891,1,136.234887499712,1,4.87174180047136,118,1,21.0550003051758,36.7540016174316,0.095319002866745,0.0634718164801598,131.369400024414,-87.6824,25.6366,9.9349982394158,63,63,63,63,61,63,0.072891,8045,1.29563008188212,26,-88,0.001869,51,2026-08-23 04:17:35.000454,118,1.037,0.0011,"aoml_navis",1026.32696985629
"7901009",120,0.038948617128968,1,0.072891,1,0.050463,1,136.574405614591,1,4.87140596586253,120,1,20.7630004882812,36.7299995422363,0.0728909969329834,0.0461613237857819,131.696792602539,-87.6824,25.6366,9.9349982394158,63,63,63,63,61,63,0.050463,8045,1.29563008188212,26,-88,0.001869,51,2026-08-23 04:17:35.000454,120,1.037,0.0011,"aoml_navis",1026.39772481263
"7901009",120,0.0360635343786741,1,0.069153,1,0.046725,1,136.860850288134,1,4.8712502761034,122,1,20.632999420166,36.7150001525879,0.0691530033946037,0.0432762391865253,131.973007202148,-87.6824,25.6366,9.9349982394158,63,63,63,63,61,63,0.046725,8045,1.29563008188212,26,-88,0.001869,51,2026-08-23 04:17:35.000454,122,1.037,0.0011,"aoml_navis",1026.43052945323
"7901009",120,0.0346209930035271,1,0.067284,1,0.044856,1,136.945160155588,1,4.87115727115172,124,1,20.5790004730225,36.7099990844727,0.0672840029001236,0.0418336987495422,132.054306030273,-87.6824,25.6366,9.9349982394158,63,63,63,63,61,63,0.044856,8045,1.29563008188212,26,-88,0.001869,51,2026-08-23 04:17:35.000454,124,1.037,0.0011,"aoml_navis",1026.45012707993
"7901009",120,0.0346209930035271,1,0.067284,1,0.044856,1,137.160033220555,1,4.8710656497354,126,1,20.5259990692139,36.7050018310547,0.0672840029001236,0.0418336987495422,132.261505126953,-87.6824,25.6366,9.9349982394158,63,63,63,63,61,63,0.044856,8045,1.29563008188212,26,-88,0.001869,51,2026-08-23 04:17:35.000454,126,1.037,0.0011,"aoml_navis",1026.46943390541
"7901009",120,0.0302933688780862,1,0.061677,1,0.039249,1,137.551722813098,1,4.87093376660687,128,1,20.4220008850098,36.693000793457,0.0616770014166832,0.0375060774385929,132.639205932617,-87.6824,25.6366,9.9349982394158,63,63,63,63,61,63,0.039249,8045,1.29563008188212,26,-88,0.001869,51,2026-08-23 04:17:35.000454,128,1.037,0.0011,"aoml_navis",1026.49722611257
"7901009",120,0.0245232033774984,1,0.054201,1,0.031773,1,138.209096090803,1,4.87071569579395,130,1,20.2250003814697,36.6720008850098,0.0542009994387627,0.0317359082400799,133.273101806641,-87.6824,25.6366,9.9349982394158,63,63,63,63,61,63,0.031773,8045,1.29563008188212,26,-88,0.001869,51,2026-08-23 04:17:35.000454,130,1.037,0.0011,"aoml_navis",1026.54318426298
"7901009",120,0.0634718205064664,1,0.104664,1,0.082236,1,139.038206416456,1,4.87049849147415,132,1,20.0359992980957,36.6539993286133,0.104663997888565,0.0706845298409462,134.072601318359,-87.6824,25.6366,9.9349982394158,63,63,63,63,61,63,0.082236,8045,1.29563008188212,26,-88,0.001869,51,2026-08-23 04:17:35.000454,132,1.037,0.0011,"aoml_navis",1026.588963892
"7901009",120,0.0100977896260287,1,0.035511,1,0.013083,1,140.270209672894,1,4.87033060345546,134,1,19.8819999694824,36.6349983215332,0.0355109982192516,0.0173104964196682,135.260604858398,-87.6824,25.6366,9.9349982394158,63,63,63,63,61,63,0.013083,8045,1.29563008188212,26,-88,0.001869,51,2026-08-23 04:17:35.000454,134,1.037,0.0011,"aoml_navis",1026.62435204143
"7901009",120,0.00865524825088178,1,0.033642,1,0.011214,1,140.761352628227,1,4.8701918217701,136,1,19.8020000457764,36.6339988708496,0.0336420014500618,0.0158679541200399,135.73420715332,-87.6824,25.6366,9.9349982394158,63,63,63,63,61,63,0.011214,8045,1.29563008188212,26,-88,0.001869,51,2026-08-23 04:17:35.000454,136,1.037,0.0011,"aoml_navis",1026.65360687636
"7901009",120,0.0144254137514696,1,0.041118,1,0.01869,1,140.427831780571,1,4.87012980168978,138,1,19.753999710083,36.6230010986328,0.041117999702692,0.0216381195932627,135.41259765625,-87.6824,25.6366,9.9349982394158,63,63,63,63,61,63,0.01869,8045,1.29563008188212,26,-88,0.001869,51,2026-08-23 04:17:35.000454,138,1.037,0.0011,"aoml_navis",1026.66668109445
"7901009",120,0.0129828723763227,1,0.039249,1,0.016821,1,139.985853757329,1,4.87007496122979,140,1,19.7029991149902,36.609001159668,0.0392489992082119,0.0201955791562796,134.986404418945,-87.6824,25.6366,9.9349982394158,63,63,63,63,61,63,0.016821,8045,1.29563008188212,26,-88,0.001869,51,2026-08-23 04:17:35.000454,140,1.037,0.0011,"aoml_navis",1026.67824208139
"7901009",120,0.0158679551266166,1,0.042987,1,0.020559,1,140.014479235974,1,4.86993486087206,142,1,19.5580005645752,36.5859985351562,0.0429870001971722,0.0230806618928909,135.014007568359,-87.6824,25.6366,9.9349982394158,63,63,63,63,61,63,0.020559,8045,1.29563008188212,26,-88,0.001869,51,2026-08-23 04:17:35.000454,142,1.037,0.0011,"aoml_navis",1026.7077779978
"7901009",120,0.0115403310011757,1,0.03738,1,0.014952,1,138.716316152992,1,4.86974625999042,144,1,19.4169998168945,36.5779991149902,0.0373799987137318,0.0187530387192965,133.76220703125,-87.6824,25.6366,9.9349982394158,63,63,63,63,61,63,0.014952,8045,1.29563008188212,26,-88,0.001869,51,2026-08-23 04:17:35.000454,144,1.037,0.0011,"aoml_navis",1026.74754146427
"7901009",120,0.0274082861277923,1,0.057939,1,0.035511,1,136.922437000621,1,4.86963672737468,146,1,19.2339992523193,36.5340003967285,0.0579390004277229,0.0346209928393364,132.03239440918,-87.6824,25.6366,9.9349982394158,63,63,63,63,61,63,0.035511,8045,1.29563008188212,26,-88,0.001869,51,2026-08-23 04:17:35.000454,146,1.037,0.0011,"aoml_navis",1026.77063607075
"7901009",120,0.0519314895052907,1,0.089712,1,0.067284,1,136.659443382552,1,4.86953583379985,148,1,19.0979995727539,36.5040016174316,0.0897120013833046,0.0591441951692104,131.778793334961,-87.6824,25.6366,9.9349982394158,63,63,63,63,61,63,0.067284,8045,1.29563008188212,26,-88,0.001869,51,2026-08-23 04:17:35.000454,148,1.037,0.0011,"aoml_navis",1026.79191008198
"7901009",120,0.0605867377561724,1,0.100926,1,0.078498,1,136.686312405625,1,4.86942581539748,150,1,19.056999206543,36.5089988708496,0.100925996899605,0.0677994415163994,131.804702758789,-87.6824,25.6366,9.9349982394158,63,63,63,63,61,63,0.078498,8045,1.29563008188212,26,-88,0.001869,51,2026-08-23 04:17:35.000454,150,1.037,0.0011,"aoml_navis",1026.81510912224
"7901009",120,0.0504889481301437,1,0.087843,1,0.065415,1,136.927516480248,1,4.86931599328063,152,1,18.9689998626709,36.4980010986328,0.0878430008888245,0.0577016584575176,132.037292480469,-87.6824,25.6366,9.9349982394158,63,63,63,63,61,63,0.065415,8045,1.29563008188212,26,-88,0.001869,51,2026-08-23 04:17:35.000454,152,1.037,0.0011,"aoml_navis",1026.83826781825
"7901009",120,0.0418336998792619,1,0.076629,1,0.054201,1,137.46408992159,1,4.86925449737987,154,1,18.9290008544922,36.4900016784668,0.0766289979219437,0.0490464083850384,132.554702758789,-87.6824,25.6366,9.9349982394158,63,63,63,63,61,63,0.054201,8045,1.29563008188212,26,-88,0.001869,51,2026-08-23 04:17:35.000454,154,1.037,0.0011,"aoml_navis",1026.85123619858
"7901009",120,0.0302933688780862,1,0.061677,1,0.039249,1,138.210963313843,1,4.86915007684653,156,1,18.8479995727539,36.4799995422363,0.0616770014166832,0.0375060774385929,133.27490234375,-87.6824,25.6366,9.9349982394158,63,63,63,63,61,63,0.039249,8045,1.29563008188212,26,-88,0.001869,51,2026-08-23 04:17:35.000454,156,1.037,0.0011,"aoml_navis",1026.87325736286
"7901009",120,0.0187530378769105,1,0.046725,1,0.024297,1,138.132761481082,1,4.86895171282618,158,1,18.6599998474121,36.4599990844727,0.0467250011861324,0.0259657464921474,133.199493408203,-87.6824,25.6366,9.9349982394158,63,63,63,63,61,63,0.024297,8045,1.29563008188212,26,-88,0.001869,51,2026-08-23 04:17:35.000454,158,1.037,0.0011,"aoml_navis",1026.91509279679
"7901009",120,0.0230806620023514,1,0.052332,1,0.029904,1,137.197773279466,1,4.86877052523447,160,1,18.5,36.4449996948242,0.0523319989442825,0.0302933678030968,132.297897338867,-87.6824,25.6366,9.9349982394158,63,63,63,63,61,63,0.029904,8045,1.29563008188212,26,-88,0.001869,51,2026-08-23 04:17:35.000454,160,1.037,0.0011,"aoml_navis",1026.95330866086
"7901009",120,0.0331784516283801,1,0.065415,1,0.042987,1,136.74614266254,1,4.86869646462684,162,1,18.4549999237061,36.4389991760254,0.0654150024056435,0.0403911583125591,131.862396240234,-87.6824,25.6366,9.9349982394158,63,63,63,63,61,63,0.042987,8045,1.29563008188212,26,-88,0.001869,51,2026-08-23 04:17:35.000454,162,1.037,0.0011,"aoml_navis",1026.9689302521
"7901009",120,0.0274082861277923,1,0.057939,1,0.035511,1,136.839994356208,1,4.86855985780333,164,1,18.3400001525879,36.4269981384277,0.0579390004277229,0.0346209928393364,131.952896118164,-87.6824,25.6366,9.9349982394158,63,63,63,63,61,63,0.035511,8045,1.29563008188212,26,-88,0.001869,51,2026-08-23 04:17:35.000454,164,1.037,0.0011,"aoml_navis",1026.99774595274
"7901009",120,0.0317359102532332,1,0.063546,1,0.041118,1,136.819043480737,1,4.86848370938504,166,1,18.2870006561279,36.4189987182617,0.0635460019111633,0.038948617875576,131.932693481445,-87.6824,25.6366,9.9349982394158,63,63,63,63,61,63,0.041118,8045,1.29563008188212,26,-88,0.001869,51,2026-08-23 04:17:35.000454,166,1.037,0.0011,"aoml_navis",1027.01380932249
"7901009",120,0.0274082861277923,1,0.057939,1,0.035511,1,136.552742662537,1,4.86843753683053,168,1,18.2770004272461,36.4169998168945,0.0579390004277229,0.0346209928393364,131.675903320312,-87.6824,25.6366,9.9349982394158,63,63,63,63,61,63,0.035511,8045,1.29563008188212,26,-88,0.001869,51,2026-08-23 04:17:35.000454,168,1.037,0.0011,"aoml_navis",1027.02354958324
"7901009",120,0.0274082861277923,1,0.057939,1,0.035511,1,136.391069630298,1,4.86836268758008,170,1,18.2280006408691,36.4099998474121,0.0579390004277229,0.0346209928393364,131.520004272461,-87.6824,25.6366,9.9349982394158,63,63,63,63,61,63,0.035511,8045,1.29563008188212,26,-88,0.001869,51,2026-08-23 04:17:35.000454,170,1.037,0.0011,"aoml_navis",1027.03933968514
"7901009",120,0.038948617128968,1,0.072891,1,0.050463,1,136.326254837301,1,4.86826776242869,172,1,18.1469993591309,36.3979988098145,0.0728909969329834,0.0461613237857819,131.457504272461,-87.6824,25.6366,9.9349982394158,63,63,63,63,61,63,0.050463,8045,1.29563008188212,26,-88,0.001869,51,2026-08-23 04:17:35.000454,172,1.037,0.0011,"aoml_navis",1027.0593656717
"7901009",120,0.0173104965017636,1,0.044856,1,0.022428,1,136.323754657298,1,4.86815177837659,174,1,18.0389995574951,36.382999420166,0.0448560006916523,0.0245232041925192,131.455093383789,-87.6824,25.6366,9.9349982394158,63,63,63,63,61,63,0.022428,8045,1.29563008188212,26,-88,0.001869,51,2026-08-23 04:17:35.000454,174,1.037,0.0011,"aoml_navis",1027.08383543197
"7901009",120,0.0144254137514696,1,0.041118,1,0.01869,1,136.51851551477,1,4.86803032971713,176,1,17.9260005950928,36.3680000305176,0.041117999702692,0.0216381195932627,131.64289855957,-87.6824,25.6366,9.9349982394158,63,63,63,63,61,63,0.01869,8045,1.29563008188212,26,-88,0.001869,51,2026-08-23 04:17:35.000454,176,1.037,0.0011,"aoml_navis",1027.10945933867
"7901009",120,0.0144254137514696,1,0.041118,1,0.01869,1,136.575038571554,1,4.86791539092112,178,1,17.8150005340576,36.3520011901855,0.041117999702692,0.0216381195932627,131.697402954102,-87.6824,25.6366,9.9349982394158,63,63,63,63,61,63,0.01869,8045,1.29563008188212,26,-88,0.001869,51,2026-08-23 04:17:35.000454,178,1.037,0.0011,"aoml_navis",1027.13371093615
"7901009",120,0.0100977896260287,1,0.035511,1,0.013083,1,136.50378344146,1,4.86779958947072,180,1,17.7089996337891,36.3380012512207,0.0355109982192516,0.0173104964196682,131.628692626953,-87.6824,25.6366,9.9349982394158,63,63,63,63,61,63,0.013083,8045,1.29563008188212,26,-88,0.001869,51,2026-08-23 04:17:35.000454,180,1.037,0.0011,"aoml_navis",1027.15814570822
"7901009",120,0.00432762412544089,1,0.028035,1,0.005607,1,136.205850599041,1,4.86769706145954,182,1,17.617000579834,36.3250007629395,0.0280349999666214,0.0115403309464455,131.341400146484,-87.6824,25.6366,9.9349982394158,63,63,63,63,61,63,0.005607,8045,1.29563008188212,26,-88,0.001869,51,2026-08-23 04:17:35.000454,182,1.037,0.0011,"aoml_navis",1027.17978067863
"7901009",120,0.00432762412544089,1,0.028035,1,0.005607,1,136.059732484164,1,4.86760073066197,184,1,17.5300006866455,36.3120002746582,0.0280349999666214,0.0115403309464455,131.200500488281,-87.6824,25.6366,9.9349982394158,63,63,63,63,61,63,0.005607,8045,1.29563008188212,26,-88,0.001869,51,2026-08-23 04:17:35.000454,184,1.037,0.0011,"aoml_navis",1027.2001087731
"7901009",120,0.00577016550058785,1,0.029904,1,0.007476,1,135.901271708511,1,4.86753655816333,186,1,17.492000579834,36.3059997558594,0.0299040004611015,0.0129828732460737,131.047698974609,-87.6824,25.6366,9.9349982394158,63,63,63,63,61,63,0.007476,8045,1.29563008188212,26,-88,0.001869,51,2026-08-23 04:17:35.000454,186,1.037,0.0011,"aoml_navis",1027.2136511465
"7901009",120,0.00432762412544089,1,0.028035,1,0.005607,1,135.670115825674,1,4.86747465269823,188,1,17.4589996337891,36.3009986877441,0.0280349999666214,0.0115403309464455,130.824798583984,-87.6824,25.6366,9.9349982394158,63,63,63,63,61,63,0.005607,8045,1.29563008188212,26,-88,0.001869,51,2026-08-23 04:17:35.000454,188,1.037,0.0011,"aoml_navis",1027.22671544438
"7901009",120,0.00721270687573481,1,0.031773,1,0.009345,1,135.427867372063,1,4.86740500656016,190,1,17.4099998474121,36.2929992675781,0.0317730009555817,0.0144254146143794,130.591201782227,-87.6824,25.6366,9.9349982394158,63,63,63,63,61,63,0.009345,8045,1.29563008188212,26,-88,0.001869,51,2026-08-23 04:17:35.000454,190,1.037,0.0011,"aoml_navis",1027.2414137022
"7901009",120,0.00432762412544089,1,0.028035,1,0.005607,1,135.023945886212,1,4.86734347313377,192,1,17.371000289917,36.2859992980957,0.0280349999666214,0.0115403309464455,130.201705932617,-87.6824,25.6366,9.9349982394158,63,63,63,63,61,63,0.005607,8045,1.29563008188212,26,-88,0.001869,51,2026-08-23 04:17:35.000454,192,1.037,0.0011,"aoml_navis",1027.25440018738
"7901009",120,0.00432762412544089,1,0.028035,1,0.005607,1,135.022585028742,1,4.86723681892704,194,1,17.2649993896484,36.2700004577637,0.0280349999666214,0.0115403309464455,130.200393676758,-87.6824,25.6366,9.9349982394158,63,63,63,63,61,63,0.005607,8045,1.29563008188212,26,-88,0.001869,51,2026-08-23 04:17:35.000454,194,1.037,0.0011,"aoml_navis",1027.27691008514
"7901009",120,0.00432762412544089,1,0.028035,1,0.005607,1,134.980999756282,1,4.86710950506428,196,1,17.125,36.2490005493164,0.0280349999666214,0.0115403309464455,130.160293579102,-87.6824,25.6366,9.9349982394158,63,63,63,63,61,63,0.005607,8045,1.29563008188212,26,-88,0.001869,51,2026-08-23 04:17:35.000454,196,1.037,0.0011,"aoml_navis",1027.30378159716
"7901009",120,0.00288508275029393,1,0.026166,1,0.003738,1,134.332551171754,1,4.86702163218329,198,1,17.0470008850098,36.2369995117188,0.0261659994721413,0.0100977895781398,129.535003662109,-87.6824,25.6366,9.9349982394158,63,63,63,63,61,63,0.003738,8045,1.29563008188212,26,-88,0.001869,51,2026-08-23 04:17:35.000454,198,1.037,0.0011,"aoml_navis",1027.32232931479
"7901009",120,0.00577016550058785,1,0.029904,1,0.007476,1,133.161944740713,1,4.86695393735236,200,1,16.9990005493164,36.2290000915527,0.0299040004611015,0.0129828732460737,128.406204223633,-87.6824,25.6366,9.9349982394158,63,63,63,63,61,63,0.007476,8045,1.29563008188212,26,-88,0.001869,51,2026-08-23 04:17:35.000454,200,1.037,0.0011,"aoml_navis",1027.33661841887
"7901009",120,0.00288508275029393,1,0.026166,1,0.003738,1,132.634921037548,1,4.86686416576965,202,1,16.9190006256104,36.2169990539551,0.0261659994721413,0.0100977895781398,127.898002624512,-87.6824,25.6366,9.9349982394158,63,63,63,63,61,63,0.003738,8045,1.29563008188212,26,-88,0.001869,51,2026-08-23 04:17:35.000454,202,1.037,0.0011,"aoml_navis",1027.35556812264
"7901009",120,0.00144254137514696,1,0.024297,1,0.001869,1,132.264902309021,1,4.86679064839747,204,1,16.8530006408691,36.2050018310547,0.0242970008403063,0.0086552482098341,127.541198730469,-87.6824,25.6366,9.9349982394158,63,63,63,63,61,63,0.001869,8045,1.29563008188212,26,-88,0.001869,51,2026-08-23 04:17:35.000454,204,1.037,0.0011,"aoml_navis",1027.37108727831
"7901009",120,0,1,0.022428,1,0,1,131.992991909737,1,4.86667942040238,206,1,16.7409992218018,36.1889991760254,0.0224280003458261,0.0072127073071897,127.278999328613,-87.6824,25.6366,9.9349982394158,63,63,63,63,61,63,0,8045,1.29563008188212,26,-88,0.001869,51,2026-08-23 04:17:35.000454,206,1.037,0.0011,"aoml_navis",1027.3945678523
"7901009",120,0,1,0.022428,1,0,1,131.553601098081,1,4.86660274813237,208,1,16.6749992370605,36.1780014038086,0.0224280003458261,0.0072127073071897,126.85530090332,-87.6824,25.6366,9.9349982394158,63,63,63,63,61,63,0,8045,1.29563008188212,26,-88,0.001869,51,2026-08-23 04:17:35.000454,208,1.037,0.0011,"aoml_navis",1027.41075423072
"7901009",120,0,1,0.022428,1,0,1,131.006670898434,1,4.86651135324359,210,1,16.5830001831055,36.1629981994629,0.0224280003458261,0.0072127073071897,126.327903747559,-87.6824,25.6366,9.9349982394158,63,63,63,63,61,63,0,8045,1.29563008188212,26,-88,0.001869,51,2026-08-23 04:17:35.000454,210,1.037,0.0011,"aoml_navis",1027.43004938588
"7901009",120,-0.00432762412544089,1,0.016821,1,-0.005607,1,130.602330078595,1,4.86643776324263,212,1,16.5289993286133,36.1549987792969,0.0168210007250309,0.00288508273661137,125.938003540039,-87.6824,25.6366,9.9349982394158,63,63,63,63,61,63,-0.005607,8045,1.29563008188212,26,-88,0.001869,51,2026-08-23 04:17:35.000454,212,1.037,0.0011,"aoml_navis",1027.44558612589
"7901009",120,0,1,0.022428,1,0,1,130.241433842295,1,4.86637469555547,214,1,16.4810009002686,36.1459999084473,0.0224280003458261,0.0072127073071897,125.589996337891,-87.6824,25.6366,9.9349982394158,63,63,63,63,61,63,0,8045,1.29563008188212,26,-88,0.001869,51,2026-08-23 04:17:35.000454,214,1.037,0.0011,"aoml_navis",1027.45890170902
"7901009",120,-0.00144254137514696,1,0.020559,1,-0.001869,1,130.022937098715,1,4.86626939594043,216,1,16.3759994506836,36.1310005187988,0.020558999851346,0.00577016547322273,125.379302978516,-87.6824,25.6366,9.9349982394158,63,63,63,63,61,63,-0.001869,8045,1.29563008188212,26,-88,0.001869,51,2026-08-23 04:17:35.000454,216,1.037,0.0011,"aoml_navis",1027.48113455682
"7901009",120,0.00144254137514696,1,0.024297,1,0.001869,1,129.792817682905,1,4.86619962185909,218,1,16.3250007629395,36.1230010986328,0.0242970008403063,0.0086552482098341,125.157402038574,-87.6824,25.6366,9.9349982394158,63,63,63,63,61,63,0.001869,8045,1.29563008188212,26,-88,0.001869,51,2026-08-23 04:17:35.000454,218,1.037,0.0011,"aoml_navis",1027.49586711155
"7901009",120,-0.00432762412544089,1,0.016821,1,-0.005607,1,129.436597416168,1,4.86612827566113,220,1,16.2660007476807,36.1129989624023,0.0168210007250309,0.00288508273661137,124.813903808594,-87.6824,25.6366,9.9349982394158,63,63,63,63,61,63,-0.005607,8045,1.29563008188212,26,-88,0.001869,51,2026-08-23 04:17:35.000454,220,1.037,0.0011,"aoml_navis",1027.51093205012
"7901009",120,-0.00144254137514696,1,0.020559,1,-0.001869,1,128.970654059919,1,4.86607687083346,222,1,16.2409992218018,36.1080017089844,0.020558999851346,0.00577016547322273,124.364601135254,-87.6824,25.6366,9.9349982394158,63,63,63,63,61,63,-0.001869,8045,1.29563008188212,26,-88,0.001869,51,2026-08-23 04:17:35.000454,222,1.037,0.0011,"aoml_navis",1027.52178658937
"7901009",120,0,1,0.022428,1,0,1,128.767807177246,1,4.86599315794378,224,1,16.173999786377,36.0989990234375,0.0224280003458261,0.0072127073071897,124.168998718262,-87.6824,25.6366,9.9349982394158,63,63,63,63,61,63,0,8045,1.29563008188212,26,-88,0.001869,51,2026-08-23 04:17:35.000454,224,1.037,0.0011,"aoml_navis",1027.53946372437
"7901009",120,-0.00144254137514696,1,0.020559,1,-0.001869,1,128.302386010492,1,4.86593768893421,226,1,16.1420001983643,36.0929985046387,0.020558999851346,0.00577016547322273,123.720199584961,-87.6824,25.6366,9.9349982394158,63,63,63,63,61,63,-0.001869,8045,1.29563008188212,26,-88,0.001869,51,2026-08-23 04:17:35.000454,226,1.037,0.0011,"aoml_navis",1027.5511771083
"7901009",120,-0.00288508275029393,1,0.01869,1,-0.003738,1,127.999982909522,1,4.86586312225828,228,1,16.0830001831055,36.0839996337891,0.0186899993568659,0.00432762410491705,123.428596496582,-87.6824,25.6366,9.9349982394158,63,63,63,63,61,63,-0.003738,8045,1.29563008188212,26,-88,0.001869,51,2026-08-23 04:17:35.000454,228,1.037,0.0011,"aoml_navis",1027.5669237649
"7901009",120,0,1,0.020559,1,-0.001869,1,127.83188536411,1,4.86579807314941,230,1,16.0389995574951,36.0769996643066,0.020558999851346,0.00577016547322273,123.266502380371,-87.6824,25.6366,9.9349982394158,63,63,63,63,61,63,0,8045,1.29563008188212,26,-88,0.001869,51,2026-08-23 04:17:35.000454,230,1.037,0.0011,"aoml_navis",1027.58066093847
"7901009",120,0,1,0.016821,1,-0.005607,1,127.66243487319,1,4.86574294194159,232,1,16.0170001983643,36.0740013122559,0.0168210007250309,0.00288508273661137,123.103103637695,-87.6824,25.6366,9.9349982394158,63,63,63,63,61,63,0,8045,1.29563008188212,26,-88,0.001869,51,2026-08-23 04:17:35.000454,232,1.037,0.0011,"aoml_navis",1027.5923039216
"7901009",120,0,1,0.01869,1,-0.003738,1,127.435939135992,1,4.86569116794266,234,1,15.9980001449585,36.0709991455078,0.0186899993568659,0.00432762410491705,122.884696960449,-87.6824,25.6366,9.9349982394158,63,63,63,63,61,63,0,8045,1.29563008188212,26,-88,0.001869,51,2026-08-23 04:17:35.000454,234,1.037,0.0011,"aoml_navis",1027.60323814677
"7901009",120,0,1,0.016821,1,-0.005607,1,127.098493955166,1,4.86563859753353,236,1,15.9750003814697,36.0670013427734,0.0168210007250309,0.00288508273661137,122.559303283691,-87.6824,25.6366,9.9349982394158,63,63,63,63,61,63,0,8045,1.29563008188212,26,-88,0.001869,51,2026-08-23 04:17:35.000454,236,1.037,0.0011,"aoml_navis",1027.61434080505
"7901009",120,0,1,0.020559,1,-0.001869,1,126.704620661101,1,4.86556742556302,238,1,15.9219999313354,36.0589981079102,0.020558999851346,0.00577016547322273,122.179496765137,-87.6824,25.6366,9.9349982394158,63,63,63,63,61,63,0,8045,1.29563008188212,26,-88,0.001869,51,2026-08-23 04:17:35.000454,238,1.037,0.0011,"aoml_navis",1027.6293724203
"7901009",120,0,1,0.01869,1,-0.003738,1,126.222916676477,1,4.86550141834545,240,1,15.8669996261597,36.048999786377,0.0186899993568659,0.00432762410491705,121.714996337891,-87.6824,25.6366,9.9349982394158,63,63,63,63,61,63,0,8045,1.29563008188212,26,-88,0.001869,51,2026-08-23 04:17:35.000454,240,1.037,0.0011,"aoml_navis",1027.64331362589
"7901009",120,0,1,0.028035,1,0.005607,1,125.824905426267,1,4.86541005610304,242,1,15.7690000534058,36.0330009460449,0.0280349999666214,0.0115403309464455,121.331199645996,-87.6824,25.6366,9.9349982394158,63,63,63,63,61,63,0,8045,1.29563008188212,26,-88,0.001869,51,2026-08-23 04:17:35.000454,242,1.037,0.0011,"aoml_navis",1027.66261062172
"7901009",120,0,1,0.01869,1,-0.003738,1,125.753452497122,1,4.8652979230561,244,1,15.6450004577637,36.0149993896484,0.0186899993568659,0.00432762410491705,121.262298583984,-87.6824,25.6366,9.9349982394158,63,63,63,63,61,63,0,8045,1.29563008188212,26,-88,0.001869,51,2026-08-23 04:17:35.000454,244,1.037,0.0011,"aoml_navis",1027.68629569539
"7901009",120,0,1,0.01869,1,-0.003738,1,125.61189958434,1,4.86521472927326,246,1,15.5670003890991,36.0029983520508,0.0186899993568659,0.00432762410491705,121.125801086426,-87.6824,25.6366,9.9349982394158,63,63,63,63,61,63,0,8045,1.29563008188212,26,-88,0.001869,51,2026-08-23 04:17:35.000454,246,1.037,0.0011,"aoml_navis",1027.70386883764
"7901009",120,0,1,0.01869,1,-0.003738,1,125.359587115019,1,4.86516109307416,248,1,15.53600025177,35.9970016479492,0.0186899993568659,0.00432762410491705,120.882499694824,-87.6824,25.6366,9.9349982394158,63,63,63,63,61,63,0,8045,1.29563008188212,26,-88,0.001869,51,2026-08-23 04:17:35.000454,248,1.037,0.0011,"aoml_navis",1027.71519880766
"7901009",120,0,1,0.022428,1,0,1,124.965516021903,1,4.86510349568028,250,1,15.5080003738403,35.9930000305176,0.0224280003458261,0.0072127073071897,120.502502441406,-87.6824,25.6366,9.9349982394158,63,63,63,63,61,63,0,8045,1.29563008188212,26,-88,0.001869,51,2026-08-23 04:17:35.000454,250,1.037,0.0011,"aoml_navis",1027.72736580825
"7901009",120,0,1,0.020559,1,-0.001869,1,124.457156637181,1,4.86505282851654,252,1,15.4829998016357,35.9879989624023,0.020558999851346,0.00577016547322273,120.012298583984,-87.6824,25.6366,9.9349982394158,63,63,63,63,61,63,0,8045,1.29563008188212,26,-88,0.001869,51,2026-08-23 04:17:35.000454,252,1.037,0.0011,"aoml_navis",1027.73806908991
"7901009",120,0,1,0.020559,1,-0.001869,1,124.074700304333,1,4.86500006601174,254,1,15.4460000991821,35.9799995422363,0.020558999851346,0.00577016547322273,119.643501281738,-87.6824,25.6366,9.9349982394158,63,63,63,63,61,63,0,8045,1.29563008188212,26,-88,0.001869,51,2026-08-23 04:17:35.000454,254,1.037,0.0011,"aoml_navis",1027.74921524285
"7901009",120,0,1,0.020559,1,-0.001869,1,123.480060973611,1,4.86491503038808,256,1,15.3590002059937,35.9659996032715,0.020558999851346,0.00577016547322273,119.070098876953,-87.6824,25.6366,9.9349982394158,63,63,63,63,61,63,0,8045,1.29563008188212,26,-88,0.001869,51,2026-08-23 04:17:35.000454,256,1.037,0.0011,"aoml_navis",1027.76717964613
"7901009",120,0,1,0.01869,1,-0.003738,1,123.143130070317,1,4.86478570983232,258,1,15.1899995803833,35.939998626709,0.0186899993568659,0.00432762410491705,118.74520111084,-87.6824,25.6366,9.9349982394158,63,63,63,63,61,63,0,8045,1.29563008188212,26,-88,0.001869,51,2026-08-23 04:17:35.000454,258,1.037,0.0011,"aoml_navis",1027.79450077203
"7901009",120,0,1,0.020559,1,-0.001869,1,122.954073737472,1,4.86469047843211,260,1,15.0790004730225,35.9220008850098,0.020558999851346,0.00577016547322273,118.562896728516,-87.6824,25.6366,9.9349982394158,63,63,63,63,61,63,0,8045,1.29563008188212,26,-88,0.001869,51,2026-08-23 04:17:35.000454,260,1.037,0.0011,"aoml_navis",1027.81462092353
"7901009",120,0,1,0.026166,1,0.003738,1,123.053629955768,1,4.86460723491856,262,1,14.9890003204346,35.9070014953613,0.0261659994721413,0.0100977895781398,118.658897399902,-87.6824,25.6366,9.9349982394158,63,63,63,63,61,63,0,8045,1.29563008188212,26,-88,0.001869,51,2026-08-23 04:17:35.000454,262,1.037,0.0011,"aoml_navis",1027.83220896223
"7901009",120,0,1,0.022428,1,0,1,122.749264688214,1,4.86452069118165,264,1,14.8990001678467,35.8930015563965,0.0224280003458261,0.0072127073071897,118.36540222168,-87.6824,25.6366,9.9349982394158,63,63,63,63,61,63,0,8045,1.29563008188212,26,-88,0.001869,51,2026-08-23 04:17:35.000454,264,1.037,0.0011,"aoml_navis",1027.85049492418
"7901009",120,0,1,0.024297,1,0.001869,1,122.294936092234,1,4.86443885415955,266,1,14.8199996948242,35.8810005187988,0.0242970008403063,0.0086552482098341,117.927299499512,-87.6824,25.6366,9.9349982394158,63,63,63,63,61,63,0,8045,1.29563008188212,26,-88,0.001869,51,2026-08-23 04:17:35.000454,266,1.037,0.0011,"aoml_navis",1027.86778699552
"7901009",120,0,1,0.020559,1,-0.001869,1,122.085458985375,1,4.86437298383579,268,1,14.7799997329712,35.8759994506836,0.020558999851346,0.00577016547322273,117.725303649902,-87.6824,25.6366,9.9349982394158,63,63,63,63,61,63,0,8045,1.29563008188212,26,-88,0.001869,51,2026-08-23 04:17:35.000454,268,1.037,0.0011,"aoml_navis",1027.88170574397
"7901009",120,0,1,0.020559,1,-0.001869,1,121.704656252593,1,4.86432840966835,270,1,14.7670001983643,35.8730010986328,0.020558999851346,0.00577016547322273,117.358100891113,-87.6824,25.6366,9.9349982394158,63,63,63,63,61,63,0,8045,1.29563008188212,26,-88,0.001869,51,2026-08-23 04:17:35.000454,270,1.037,0.0011,"aoml_navis",1027.89112471559
"7901009",120,0,1,0.022428,1,0,1,120.98743689405,1,4.86428174098761,272,1,14.7519998550415,35.8699989318848,0.0224280003458261,0.0072127073071897,116.666496276855,-87.6824,25.6366,9.9349982394158,63,63,63,63,61,63,0,8045,1.29563008188212,26,-88,0.001869,51,2026-08-23 04:17:35.000454,272,1.037,0.0011,"aoml_navis",1027.900986464
"7901009",120,0,1,0.020559,1,-0.001869,1,120.500867052774,1,4.86421002554922,274,1,14.6960000991821,35.8619995117188,0.020558999851346,0.00577016547322273,116.197303771973,-87.6824,25.6366,9.9349982394158,63,63,63,63,61,63,0,8045,1.29563008188212,26,-88,0.001869,51,2026-08-23 04:17:35.000454,274,1.037,0.0011,"aoml_navis",1027.9161413133
"7901009",120,0,1,0.022428,1,0,1,120.421114475453,1,4.86413520527114,276,1,14.6300001144409,35.8520011901855,0.0224280003458261,0.0072127073071897,116.120399475098,-87.6824,25.6366,9.9349982394158,63,63,63,63,61,63,0,8045,1.29563008188212,26,-88,0.001869,51,2026-08-23 04:17:35.000454,276,1.037,0.0011,"aoml_navis",1027.93195275115
"7901009",120,0,1,0.016821,1,-0.005607,1,120.216297514233,1,4.86408650837087,278,1,14.6129999160767,35.8489990234375,0.0168210007250309,0.00288508273661137,115.922897338867,-87.6824,25.6366,9.9349982394158,63,63,63,63,61,63,0,8045,1.29563008188212,26,-88,0.001869,51,2026-08-23 04:17:35.000454,278,1.037,0.0011,"aoml_navis",1027.94224391265
"7901009",120,0,1,0.020559,1,-0.001869,1,120.119439274991,1,4.86401875088016,280,1,14.5570001602173,35.8400001525879,0.020558999851346,0.00577016547322273,115.829498291016,-87.6824,25.6366,9.9349982394158,63,63,63,63,61,63,0,8045,1.29563008188212,26,-88,0.001869,51,2026-08-23 04:17:35.000454,280,1.037,0.0011,"aoml_navis",1027.95656350939
"7901009",120,0,1,0.022428,1,0,1,120.05379372598,1,4.86395903091583,282,1,14.5190000534058,35.8339996337891,0.0224280003458261,0.0072127073071897,115.76619720459,-87.6824,25.6366,9.9349982394158,63,63,63,63,61,63,0,8045,1.29563008188212,26,-88,0.001869,51,2026-08-23 04:17:35.000454,282,1.037,0.0011,"aoml_navis",1027.96918481827
"7901009",120,0,1,0.01869,1,-0.003738,1,120.087704395265,1,4.86389832163081,284,1,14.4799995422363,35.8279991149902,0.0186899993568659,0.00432762410491705,115.798896789551,-87.6824,25.6366,9.9349982394158,63,63,63,63,61,63,0,8045,1.29563008188212,26,-88,0.001869,51,2026-08-23 04:17:35.000454,284,1.037,0.0011,"aoml_navis",1027.98201552938
"7901009",120,0,1,0.024297,1,0.001869,1,120.046538456793,1,4.86384445026547,286,1,14.4440002441406,35.8209991455078,0.0242970008403063,0.0086552482098341,115.759201049805,-87.6824,25.6366,9.9349982394158,63,63,63,63,61,63,0,8045,1.29563008188212,26,-88,0.001869,51,2026-08-23 04:17:35.000454,286,1.037,0.0011,"aoml_navis",1027.99340133649
"7901009",120,0,1,0.020559,1,-0.001869,1,119.582256612572,1,4.86379219630634,288,1,14.4200000762939,35.8170013427734,0.020558999851346,0.00577016547322273,115.311500549316,-87.6824,25.6366,9.9349982394158,63,63,63,63,61,63,0,8045,1.29563008188212,26,-88,0.001869,51,2026-08-23 04:17:35.000454,288,1.037,0.0011,"aoml_navis",1028.00444554294
"7901009",120,0,1,0.022428,1,0,1,119.374021683752,1,4.86373528536193,290,1,14.3879995346069,35.8120002746582,0.0224280003458261,0.0072127073071897,115.110702514648,-87.6824,25.6366,9.9349982394158,63,63,63,63,61,63,0,8045,1.29563008188212,26,-88,0.001869,51,2026-08-23 04:17:35.000454,290,1.037,0.0011,"aoml_navis",1028.01647430282
"7901009",120,0,1,0.024297,1,0.001869,1,119.427221716481,1,4.86367011136569,292,1,14.3339996337891,35.8030014038086,0.0242970008403063,0.0086552482098341,115.162002563477,-87.6824,25.6366,9.9349982394158,63,63,63,63,61,63,0,8045,1.29563008188212,26,-88,0.001869,51,2026-08-23 04:17:35.000454,292,1.037,0.0011,"aoml_navis",1028.03024989621
"7901009",120,0,1,0.020559,1,-0.001869,1,119.205607659859,1,4.86361746263034,294,1,14.3059997558594,35.7980003356934,0.020558999851346,0.00577016547322273,114.948303222656,-87.6824,25.6366,9.9349982394158,63,63,63,63,61,63,0,8045,1.29563008188212,26,-88,0.001869,51,2026-08-23 04:17:35.000454,294,1.037,0.0011,"aoml_navis",1028.0413783398
"7901009",120,0,1,0.022428,1,0,1,118.57425682529,1,4.8635663863018,296,1,14.2829999923706,35.7939987182617,0.0224280003458261,0.0072127073071897,114.339500427246,-87.6824,25.6366,9.9349982394158,63,63,63,63,61,63,0,8045,1.29563008188212,26,-88,0.001869,51,2026-08-23 04:17:35.000454,296,1.037,0.0011,"aoml_navis",1028.0521746516
"7901009",120,0,1,0.020559,1,-0.001869,1,118.176348430587,1,4.86348699690933,298,1,14.2080001831055,35.7830009460449,0.020558999851346,0.00577016547322273,113.95580291748,-87.6824,25.6366,9.9349982394158,63,63,63,63,61,63,0,8045,1.29563008188212,26,-88,0.001869,51,2026-08-23 04:17:35.000454,298,1.037,0.0011,"aoml_navis",1028.06895611676
"7901009",120,0,1,0.020559,1,-0.001869,1,117.981587573114,1,4.86339424005167,300,1,14.0950002670288,35.7649993896484,0.020558999851346,0.00577016547322273,113.767997741699,-87.6824,25.6366,9.9349982394158,63,63,63,63,61,63,0,8045,1.29563008188212,26,-88,0.001869,51,2026-08-23 04:17:35.000454,300,1.037,0.0011,"aoml_navis",1028.08856391352
"7901009",120,0,1,0.020559,1,-0.001869,1,117.731767371835,1,4.86330292606293,302,1,13.9899997711182,35.7490005493164,0.020558999851346,0.00577016547322273,113.527099609375,-87.6824,25.6366,9.9349982394158,63,63,63,63,61,63,0,8045,1.29563008188212,26,-88,0.001869,51,2026-08-23 04:17:35.000454,302,1.037,0.0011,"aoml_navis",1028.10786743398
"7901009",120,0,1,0.020559,1,-0.001869,1,117.489202439742,1,4.86323352830799,304,1,13.9309997558594,35.7400016784668,0.020558999851346,0.00577016547322273,113.293197631836,-87.6824,25.6366,9.9349982394158,63,63,63,63,61,63,0,8045,1.29563008188212,26,-88,0.001869,51,2026-08-23 04:17:35.000454,304,1.037,0.0011,"aoml_navis",1028.12253840905
"7901009",120,0,1,0.022428,1,0,1,117.384361030806,1,4.86317126335514,306,1,13.8859996795654,35.7330017089844,0.0224280003458261,0.0072127073071897,113.192100524902,-87.6824,25.6366,9.9349982394158,63,63,63,63,61,63,0,8045,1.29563008188212,26,-88,0.001869,51,2026-08-23 04:17:35.000454,306,1.037,0.0011,"aoml_navis",1028.13570183635
"7901009",120,0,1,0.026166,1,0.003738,1,117.306792155007,1,4.86311954083493,308,1,13.8620004653931,35.7290000915527,0.0261659994721413,0.0100977895781398,113.117301940918,-87.6824,25.6366,9.9349982394158,63,63,63,63,61,63,0,8045,1.29563008188212,26,-88,0.001869,51,2026-08-23 04:17:35.000454,308,1.037,0.0011,"aoml_navis",1028.14663674534
"7901009",120,0,1,0.024297,1,0.001869,1,117.210867527285,1,4.86306927158243,310,1,13.8430004119873,35.726001739502,0.0242970008403063,0.0086552482098341,113.024803161621,-87.6824,25.6366,9.9349982394158,63,63,63,63,61,63,0,8045,1.29563008188212,26,-88,0.001869,51,2026-08-23 04:17:35.000454,310,1.037,0.0011,"aoml_navis",1028.15726463485
"7901009",120,0,1,0.022428,1,0,1,117.286363469031,1,4.86301021245132,312,1,13.8009996414185,35.7190017700195,0.0224280003458261,0.0072127073071897,113.097602844238,-87.6824,25.6366,9.9349982394158,63,63,63,63,61,63,0,8045,1.29563008188212,26,-88,0.001869,51,2026-08-23 04:17:35.000454,312,1.037,0.0011,"aoml_navis",1028.16975115494
"7901009",120,0,1,0.022428,1,0,1,117.380215162699,1,4.86294533877541,314,1,13.746000289917,35.7099990844727,0.0224280003458261,0.0072127073071897,113.188102722168,-87.6824,25.6366,9.9349982394158,63,63,63,63,61,63,0,8045,1.29563008188212,26,-88,0.001869,51,2026-08-23 04:17:35.000454,314,1.037,0.0011,"aoml_navis",1028.18346735913
"7901009",120,0,1,0.024297,1,0.001869,1,117.196451932456,1,4.86289171543202,316,1,13.7019996643066,35.701000213623,0.0242970008403063,0.0086552482098341,113.010902404785,-87.6824,25.6366,9.9349982394158,63,63,63,63,61,63,0,8045,1.29563008188212,26,-88,0.001869,51,2026-08-23 04:17:35.000454,316,1.037,0.0011,"aoml_navis",1028.19480518821
"7901009",120,0,1,0.020559,1,-0.001869,1,117.301087630379,1,4.86280088355804,318,1,13.6029996871948,35.6870002746582,0.020558999851346,0.00577016547322273,113.111801147461,-87.6824,25.6366,9.9349982394158,63,63,63,63,61,63,0,8045,1.29563008188212,26,-88,0.001869,51,2026-08-23 04:17:35.000454,318,1.037,0.0011,"aoml_navis",1028.21401075784
"7901009",120,0,1,0.022428,1,0,1,117.336968378211,1,4.86272666091711,320,1,13.5310001373291,35.6759986877441,0.0224280003458261,0.0072127073071897,113.14640045166,-87.6824,25.6366,9.9349982394158,63,63,63,63,61,63,0,8045,1.29563008188212,26,-88,0.001869,51,2026-08-23 04:17:35.000454,320,1.037,0.0011,"aoml_navis",1028.22970498963
"7901009",120,0,1,0.024297,1,0.001869,1,117.194687564922,1,4.86267252159883,322,1,13.4969997406006,35.6699981689453,0.0242970008403063,0.0086552482098341,113.009201049805,-87.6824,25.6366,9.9349982394158,63,63,63,63,61,63,0,8045,1.29563008188212,26,-88,0.001869,51,2026-08-23 04:17:35.000454,322,1.037,0.0011,"aoml_navis",1028.24115294443
"7901009",120,0,1,0.024297,1,0.001869,1,117.075841983183,1,4.8626107533927,324,1,13.4589996337891,35.6650009155273,0.0242970008403063,0.0086552482098341,112.894599914551,-87.6824,25.6366,9.9349982394158,63,63,63,63,61,63,0,8045,1.29563008188212,26,-88,0.001869,51,2026-08-23 04:17:35.000454,324,1.037,0.0011,"aoml_navis",1028.25421436652
"7901009",120,0,1,0.026166,1,0.003738,1,116.843752488825,1,4.86255506397312,326,1,13.4270000457764,35.6599998474121,0.0261659994721413,0.0100977895781398,112.670799255371,-87.6824,25.6366,9.9349982394158,63,63,63,63,61,63,0,8045,1.29563008188212,26,-88,0.001869,51,2026-08-23 04:17:35.000454,326,1.037,0.0011,"aoml_navis",1028.265990661
"7901009",120,0,1,0.022428,1,0,1,116.547678957484,1,4.86250410313415,328,1,13.4069995880127,35.6570014953613,0.0224280003458261,0.0072127073071897,112.385299682617,-87.6824,25.6366,9.9349982394158,63,63,63,63,61,63,0,8045,1.29563008188212,26,-88,0.001869,51,2026-08-23 04:17:35.000454,328,1.037,0.0011,"aoml_navis",1028.27676726838
"7901009",120,0,1,0.022428,1,0,1,116.311957872553,1,4.8624558217505,330,1,13.3859996795654,35.6529998779297,0.0224280003458261,0.0072127073071897,112.157997131348,-87.6824,25.6366,9.9349982394158,63,63,63,63,61,63,0,8045,1.29563008188212,26,-88,0.001869,51,2026-08-23 04:17:35.000454,330,1.037,0.0011,"aoml_navis",1028.28697746399
"7901009",120,0,1,0.024297,1,0.001869,1,116.270894789587,1,4.86240153152035,332,1,13.3479995727539,35.6459999084473,0.0242970008403063,0.0086552482098341,112.11840057373,-87.6824,25.6366,9.9349982394158,63,63,63,63,61,63,0,8045,1.29563008188212,26,-88,0.001869,51,2026-08-23 04:17:35.000454,332,1.037,0.0011,"aoml_navis",1028.29845860891
"7901009",120,0,1,0.022428,1,0,1,116.393783383927,1,4.86232441662516,334,1,13.2650003433228,35.632999420166,0.0224280003458261,0.0072127073071897,112.23690032959,-87.6824,25.6366,9.9349982394158,63,63,63,63,61,63,0,8045,1.29563008188212,26,-88,0.001869,51,2026-08-23 04:17:35.000454,334,1.037,0.0011,"aoml_navis",1028.31476709043
"7901009",120,0,1,0.022428,1,0,1,116.483386353982,1,4.86224852416024,336,1,13.1940002441406,35.6230010986328,0.0224280003458261,0.0072127073071897,112.323303222656,-87.6824,25.6366,9.9349982394158,63,63,63,63,61,63,0,8045,1.29563008188212,26,-88,0.001869,51,2026-08-23 04:17:35.000454,336,1.037,0.0011,"aoml_navis",1028.33081755391
"7901009",120,0,1,0.022428,1,0,1,116.512423254653,1,4.86219651294775,338,1,13.1579999923706,35.6160011291504,0.0224280003458261,0.0072127073071897,112.351303100586,-87.6824,25.6366,9.9349982394158,63,63,63,63,61,63,0,8045,1.29563008188212,26,-88,0.001869,51,2026-08-23 04:17:35.000454,338,1.037,0.0011,"aoml_navis",1028.34181767135
"7901009",120,0,1,0.028035,1,0.005607,1,116.312060728059,1,4.86215467477039,340,1,13.1470003128052,35.6129989624023,0.0280349999666214,0.0115403309464455,112.158096313477,-87.6824,25.6366,9.9349982394158,63,63,63,63,61,63,0,8045,1.29563008188212,26,-88,0.001869,51,2026-08-23 04:17:35.000454,340,1.037,0.0011,"aoml_navis",1028.35066641234
"7901009",120,0,1,0.022428,1,0,1,116.127055319777,1,4.86209176040618,342,1,13.1110000610352,35.609001159668,0.0224280003458261,0.0072127073071897,111.979698181152,-87.6824,25.6366,9.9349982394158,63,63,63,63,61,63,0,8045,1.29563008188212,26,-88,0.001869,51,2026-08-23 04:17:35.000454,342,1.037,0.0011,"aoml_navis",1028.36397303664
"7901009",120,0,1,0.024297,1,0.001869,1,115.93717614288,1,4.86204085301407,344,1,13.076000213623,35.6020011901855,0.0242970008403063,0.0086552482098341,111.796600341797,-87.6824,25.6366,9.9349982394158,63,63,63,63,61,63,0,8045,1.29563008188212,26,-88,0.001869,51,2026-08-23 04:17:35.000454,344,1.037,0.0011,"aoml_navis",1028.37474039331
"7901009",120,0,1,0.024297,1,0.001869,1,115.663192809543,1,4.8619843714744,346,1,13.0389995574951,35.5960006713867,0.0242970008403063,0.0086552482098341,111.532402038574,-87.6824,25.6366,9.9349982394158,63,63,63,63,61,63,0,8045,1.29563008188212,26,-88,0.001869,51,2026-08-23 04:17:35.000454,346,1.037,0.0011,"aoml_navis",1028.38668699458
"7901009",120,0,1,0.026166,1,0.003738,1,115.487207037981,1,4.86189628080678,348,1,12.9399995803833,35.5820007324219,0.0261659994721413,0.0100977895781398,111.362701416016,-87.6824,25.6366,9.9349982394158,63,63,63,63,61,63,0,8045,1.29563008188212,26,-88,0.001869,51,2026-08-23 04:17:35.000454,348,1.037,0.0011,"aoml_navis",1028.40531990335
"7901009",120,0,1,0.024297,1,0.001869,1,115.1498568007,1,4.8618417009533,350,1,12.9010000228882,35.5750007629395,0.0242970008403063,0.0086552482098341,111.037399291992,-87.6824,25.6366,9.9349982394158,63,63,63,63,61,63,0,8045,1.29563008188212,26,-88,0.001869,51,2026-08-23 04:17:35.000454,350,1.037,0.0011,"aoml_navis",1028.41686495461
"7901009",120,0,1,0.020559,1,-0.001869,1,114.79902458011,1,4.86177740931359,352,1,12.8520002365112,35.568000793457,0.020558999851346,0.00577016547322273,110.699096679688,-87.6824,25.6366,9.9349982394158,63,63,63,63,61,63,0,8045,1.29563008188212,26,-88,0.001869,51,2026-08-23 04:17:35.000454,352,1.037,0.0011,"aoml_navis",1028.43046463247
"7901009",120,0,1,0.024297,1,0.001869,1,114.530745771401,1,4.86169813426907,354,1,12.7650003433228,35.5550003051758,0.0242970008403063,0.0086552482098341,110.440399169922,-87.6824,25.6366,9.9349982394158,63,63,63,63,61,63,0,8045,1.29563008188212,26,-88,0.001869,51,2026-08-23 04:17:35.000454,354,1.037,0.0011,"aoml_navis",1028.44723426082
"7901009",120,0,1,0.022428,1,0,1,114.311410359845,1,4.86162589554112,356,1,12.6999998092651,35.5460014343262,0.0224280003458261,0.0072127073071897,110.228897094727,-87.6824,25.6366,9.9349982394158,63,63,63,63,61,63,0,8045,1.29563008188212,26,-88,0.001869,51,2026-08-23 04:17:35.000454,356,1.037,0.0011,"aoml_navis",1028.46251592205
"7901009",120,0,1,0.022428,1,0,1,114.096853773359,1,4.86156762033476,358,1,12.6529998779297,35.5379981994629,0.0224280003458261,0.0072127073071897,110.022003173828,-87.6824,25.6366,9.9349982394158,63,63,63,63,61,63,0,8045,1.29563008188212,26,-88,0.001869,51,2026-08-23 04:17:35.000454,358,1.037,0.0011,"aoml_navis",1028.47484401661
"7901009",120,0,1,0.026166,1,0.003738,1,113.872328114707,1,4.8615102591366,360,1,12.6219997406006,35.5340003967285,0.0261659994721413,0.0100977895781398,109.80549621582,-87.6824,25.6366,9.9349982394158,63,63,63,63,61,63,0,8045,1.29563008188212,26,-88,0.001869,51,2026-08-23 04:17:35.000454,360,1.037,0.0011,"aoml_navis",1028.48697904178
"7901009",120,0,1,0.026166,1,0.003738,1,113.675090813118,1,4.86145584736035,362,1,12.5939998626709,35.5299987792969,0.0261659994721413,0.0100977895781398,109.615303039551,-87.6824,25.6366,9.9349982394158,63,63,63,63,61,63,0,8045,1.29563008188212,26,-88,0.001869,51,2026-08-23 04:17:35.000454,362,1.037,0.0011,"aoml_navis",1028.49849036783
"7901009",120,0,1,0.022428,1,0,1,113.497546385035,1,4.86140491610568,364,1,12.5620002746582,35.523998260498,0.0224280003458261,0.0072127073071897,109.44409942627,-87.6824,25.6366,9.9349982394158,63,63,63,63,61,63,0,8045,1.29563008188212,26,-88,0.001869,51,2026-08-23 04:17:35.000454,364,1.037,0.0011,"aoml_navis",1028.50926559011
"7901009",120,0,1,0.024297,1,0.001869,1,113.159262536233,1,4.86134959149696,366,1,12.5329999923706,35.5200004577637,0.0242970008403063,0.0086552482098341,109.117897033691,-87.6824,25.6366,9.9349982394158,63,63,63,63,61,63,0,8045,1.29563008188212,26,-88,0.001869,51,2026-08-23 04:17:35.000454,366,1.037,0.0011,"aoml_navis",1028.52097054397
"7901009",120,0,1,0.029904,1,0.007476,1,112.978822330045,1,4.86128815503951,368,1,12.4899997711182,35.5139999389648,0.0299040004611015,0.0129828732460737,108.943901062012,-87.6824,25.6366,9.9349982394158,63,63,63,63,61,63,0,8045,1.29563008188212,26,-88,0.001869,51,2026-08-23 04:17:35.000454,368,1.037,0.0011,"aoml_navis",1028.53396888573
"7901009",120,0,1,0.033642,1,0.011214,1,112.832601359662,1,4.86121935044892,370,1,12.423999786377,35.5040016174316,0.0336420014500618,0.0158679541200399,108.80290222168,-87.6824,25.6366,9.9349982394158,63,63,63,63,61,63,0,8045,1.29563008188212,26,-88,0.001869,51,2026-08-23 04:17:35.000454,370,1.037,0.0011,"aoml_navis",1028.54852652108
"7901009",120,0,1,0.026166,1,0.003738,1,112.482291328566,1,4.86115187049772,372,1,12.3629999160767,35.4949989318848,0.0261659994721413,0.0100977895781398,108.465103149414,-87.6824,25.6366,9.9349982394158,63,63,63,63,61,63,0,8045,1.29563008188212,26,-88,0.001869,51,2026-08-23 04:17:35.000454,372,1.037,0.0011,"aoml_navis",1028.56280429026
"7901009",120,0,1,0.026166,1,0.003738,1,112.248951744207,1,4.86108087826621,374,1,12.3020000457764,35.4869995117188,0.0261659994721413,0.0100977895781398,108.240097045898,-87.6824,25.6366,9.9349982394158,63,63,63,63,61,63,0,8045,1.29563008188212,26,-88,0.001869,51,2026-08-23 04:17:35.000454,374,1.037,0.0011,"aoml_navis",1028.5778256344
"7901009",120,0,1,0.026166,1,0.003738,1,112.099518517237,1,4.8610315694435,376,1,12.2790002822876,35.4830017089844,0.0261659994721413,0.0100977895781398,108.096000671387,-87.6824,25.6366,9.9349982394158,63,63,63,63,61,63,0,8045,1.29563008188212,26,-88,0.001869,51,2026-08-23 04:17:35.000454,376,1.037,0.0011,"aoml_navis",1028.58825921437
"7901009",120,0,1,0.024297,1,0.001869,1,112.119013591693,1,4.86096146838487,378,1,12.2110004425049,35.4729995727539,0.0242970008403063,0.0086552482098341,108.114799499512,-87.6824,25.6366,9.9349982394158,63,63,63,63,61,63,0,8045,1.29563008188212,26,-88,0.001869,51,2026-08-23 04:17:35.000454,378,1.037,0.0011,"aoml_navis",1028.60309272547
"7901009",120,0,1,0.024297,1,0.001869,1,111.950496712293,1,4.86089912586583,380,1,12.1510000228882,35.4630012512207,0.0242970008403063,0.0086552482098341,107.952301025391,-87.6824,25.6366,9.9349982394158,63,63,63,63,61,63,0,8045,1.29563008188212,26,-88,0.001869,51,2026-08-23 04:17:35.000454,380,1.037,0.0011,"aoml_navis",1028.61628487495
"7901009",120,0,1,0.026166,1,0.003738,1,111.701815833547,1,4.86082267406732,382,1,12.0719995498657,35.4519996643066,0.0261659994721413,0.0100977895781398,107.712501525879,-87.6824,25.6366,9.9349982394158,63,63,63,63,61,63,0,8045,1.29563008188212,26,-88,0.001869,51,2026-08-23 04:17:35.000454,382,1.037,0.0011,"aoml_navis",1028.63246311683
"7901009",120,0,1,0.028035,1,0.005607,1,111.113292449478,1,4.86076017758215,384,1,12.0270004272461,35.4459991455078,0.0280349999666214,0.0115403309464455,107.144996643066,-87.6824,25.6366,9.9349982394158,63,63,63,63,61,63,0,8045,1.29563008188212,26,-88,0.001869,51,2026-08-23 04:17:35.000454,384,1.037,0.0011,"aoml_navis",1028.64568860238
"7901009",120,0,1,0.026166,1,0.003738,1,110.584512290741,1,4.86069983140818,386,1,11.9919996261597,35.4420013427734,0.0261659994721413,0.0100977895781398,106.635101318359,-87.6824,25.6366,9.9349982394158,63,63,63,63,61,63,0,8045,1.29563008188212,26,-88,0.001869,51,2026-08-23 04:17:35.000454,386,1.037,0.0011,"aoml_navis",1028.65845936252
"7901009",120,0,1,0.026166,1,0.003738,1,110.370778548306,1,4.86064518184734,388,1,11.9630002975464,35.4379997253418,0.0261659994721413,0.0100977895781398,106.429000854492,-87.6824,25.6366,9.9349982394158,63,63,63,63,61,63,0,8045,1.29563008188212,26,-88,0.001869,51,2026-08-23 04:17:35.000454,388,1.037,0.0011,"aoml_navis",1028.67002485042
"7901009",120,0,1,0.024297,1,0.001869,1,110.002421331807,1,4.86060096326031,390,1,11.9490003585815,35.435001373291,0.0242970008403063,0.0086552482098341,106.073799133301,-87.6824,25.6366,9.9349982394158,63,63,63,63,61,63,0,8045,1.29563008188212,26,-88,0.001869,51,2026-08-23 04:17:35.000454,390,1.037,0.0011,"aoml_navis",1028.67938302143
"7901009",120,0,1,0.024297,1,0.001869,1,109.682081812902,1,4.86054524384937,392,1,11.91100025177,35.4290008544922,0.0242970008403063,0.0086552482098341,105.76490020752,-87.6824,25.6366,9.9349982394158,63,63,63,63,61,63,0,8045,1.29563008188212,26,-88,0.001869,51,2026-08-23 04:17:35.000454,392,1.037,0.0011,"aoml_navis",1028.69117540406
"7901009",120,0,1,0.026166,1,0.003738,1,110.008853756942,1,4.86045519198909,394,1,11.7930002212524,35.4119987487793,0.0261659994721413,0.0100977895781398,106.080001831055,-87.6824,25.6366,9.9349982394158,63,63,63,63,61,63,0,8045,1.29563008188212,26,-88,0.001869,51,2026-08-23 04:17:35.000454,394,1.037,0.0011,"aoml_navis",1028.71023443255
"7901009",120,0,1,0.024297,1,0.001869,1,110.093677901927,1,4.86038819516057,396,1,11.7150001525879,35.398998260498,0.0242970008403063,0.0086552482098341,106.161796569824,-87.6824,25.6366,9.9349982394158,63,63,63,63,61,63,0,8045,1.29563008188212,26,-88,0.001869,51,2026-08-23 04:17:35.000454,396,1.037,0.0011,"aoml_navis",1028.72441443637
"7901009",120,0,1,0.024297,1,0.001869,1,110.079373074567,1,4.86033570813326,398,1,11.6879997253418,35.3950004577637,0.0242970008403063,0.0086552482098341,106.148002624512,-87.6824,25.6366,9.9349982394158,63,63,63,63,61,63,0,8045,1.29563008188212,26,-88,0.001869,51,2026-08-23 04:17:35.000454,398,1.037,0.0011,"aoml_navis",1028.73552368677
"7901009",120,0,1,0.029904,1,0.007476,1,110.098868149023,1,4.86029627547964,400,1,11.6789999008179,35.3919982910156,0.0299040004611015,0.0129828732460737,106.166801452637,-87.6824,25.6366,9.9349982394158,63,63,63,63,61,63,0,8045,1.29563008188212,26,-88,0.001869,51,2026-08-23 04:17:35.000454,400,1.037,0.0011,"aoml_navis",1028.74387004454
"7901009",120,0,1,0.024297,1,0.001869,1,110.47012905559,1,4.86022892299996,402,1,11.6239995956421,35.3849983215332,0.0242970008403063,0.0086552482098341,106.524803161621,-87.6824,25.6366,9.9349982394158,63,63,63,63,61,63,0,8045,1.29563008188212,26,-88,0.001869,51,2026-08-23 04:17:35.000454,402,1.037,0.0011,"aoml_navis",1028.75812625586
"7901009",120,0,1,0.029904,1,0.007476,1,111.204454076054,1,4.86015876426169,404,1,11.5340003967285,35.3699989318848,0.0299040004611015,0.0129828732460737,107.232902526855,-87.6824,25.6366,9.9349982394158,63,63,63,63,61,63,0,8045,1.29563008188212,26,-88,0.001869,51,2026-08-23 04:17:35.000454,404,1.037,0.0011,"aoml_navis",1028.77297687611
"7901009",120,0,1,0.028035,1,0.005607,1,111.748480585634,1,4.86012116207045,406,1,11.5150003433228,35.3639984130859,0.0280349999666214,0.0115403309464455,107.757499694824,-87.6824,25.6366,9.9349982394158,63,63,63,63,61,63,0,8045,1.29563008188212,26,-88,0.001869,51,2026-08-23 04:17:35.000454,406,1.037,0.0011,"aoml_navis",1028.78093637278
"7901009",120,0,1,0.026166,1,0.003738,1,112.500852791502,1,4.86005967401748,408,1,11.4379997253418,35.3499984741211,0.0261659994721413,0.0100977895781398,108.483001708984,-87.6824,25.6366,9.9349982394158,63,63,63,63,61,63,0,8045,1.29563008188212,26,-88,0.001869,51,2026-08-23 04:17:35.000454,408,1.037,0.0011,"aoml_navis",1028.79395220817
"7901009",120,0,1,0.026166,1,0.003738,1,113.068836722126,1,4.86000934965173,410,1,11.3929996490479,35.3409996032715,0.0261659994721413,0.0100977895781398,109.030700683594,-87.6824,25.6366,9.9349982394158,63,63,63,63,61,63,0,8045,1.29563008188212,26,-88,0.001869,51,2026-08-23 04:17:35.000454,410,1.037,0.0011,"aoml_navis",1028.80460515128
"7901009",120,0,1,0.024297,1,0.001869,1,113.713044495003,1,4.85993098524876,412,1,11.2969999313354,35.3269996643066,0.0242970008403063,0.0086552482098341,109.651901245117,-87.6824,25.6366,9.9349982394158,63,63,63,63,61,63,0,8045,1.29563008188212,26,-88,0.001869,51,2026-08-23 04:17:35.000454,412,1.037,0.0011,"aoml_navis",1028.82119420551
"7901009",120,0,1,0.022428,1,0,1,114.143929947471,1,4.85986114279506,414,1,11.21399974823,35.3139991760254,0.0224280003458261,0.0072127073071897,110.067398071289,-87.6824,25.6366,9.9349982394158,63,63,63,63,61,63,0,8045,1.29563008188212,26,-88,0.001869,51,2026-08-23 04:17:35.000454,414,1.037,0.0011,"aoml_navis",1028.83597968899
"7901009",120,0,1,0.028035,1,0.005607,1,114.195579235641,1,4.8598167249949,416,1,11.1709995269775,35.3040008544922,0.0280349999666214,0.0115403309464455,110.117202758789,-87.6824,25.6366,9.9349982394158,63,63,63,63,61,63,0,8045,1.29563008188212,26,-88,0.001869,51,2026-08-23 04:17:35.000454,416,1.037,0.0011,"aoml_navis",1028.84538305408
"7901009",120,0,1,0.026166,1,0.003738,1,113.908106007033,1,4.85976861396617,418,1,11.1359996795654,35.2970008850098,0.0261659994721413,0.0100977895781398,109.839996337891,-87.6824,25.6366,9.9349982394158,63,63,63,63,61,63,0,8045,1.29563008188212,26,-88,0.001869,51,2026-08-23 04:17:35.000454,418,1.037,0.0011,"aoml_navis",1028.8555684793
"7901009",120,0,1,0.028035,1,0.005607,1,113.538506612494,1,4.85969728919937,420,1,11.0670003890991,35.2879981994629,0.0280349999666214,0.0115403309464455,109.483596801758,-87.6824,25.6366,9.9349982394158,63,63,63,63,61,63,0,8045,1.29563008188212,26,-88,0.001869,51,2026-08-23 04:17:35.000454,420,1.037,0.0011,"aoml_navis",1028.87066877858
"7901009",120,0,1,0.029904,1,0.007476,1,112.738433187512,1,4.85963056140145,422,1,11.0069999694824,35.2799987792969,0.0299040004611015,0.0129828732460737,108.712097167969,-87.6824,25.6366,9.9349982394158,63,63,63,63,61,63,0,8045,1.29563008188212,26,-88,0.001869,51,2026-08-23 04:17:35.000454,422,1.037,0.0011,"aoml_navis",1028.88479624634
"7901009",120,0,1,0.024297,1,0.001869,1,111.68698090473,1,4.85955727880528,424,1,10.960000038147,35.2770004272461,0.0242970008403063,0.0086552482098341,107.698196411133,-87.6824,25.6366,9.9349982394158,63,63,63,63,61,63,0,8045,1.29563008188212,26,-88,0.001869,51,2026-08-23 04:17:35.000454,424,1.037,0.0011,"aoml_navis",1028.90031192908
"7901009",120,0,1,0.031773,1,0.009345,1,111.358658216131,1,4.85948359247429,426,1,10.8959999084473,35.2700004577637,0.0317730009555817,0.0144254146143794,107.38159942627,-87.6824,25.6366,9.9349982394158,63,63,63,63,61,63,0,8045,1.29563008188212,26,-88,0.001869,51,2026-08-23 04:17:35.000454,426,1.037,0.0011,"aoml_navis",1028.91591356401
"7901009",120,0,1,0.028035,1,0.005607,1,111.7901687136,1,4.85939189888889,428,1,10.7950000762939,35.2589988708496,0.0280349999666214,0.0115403309464455,107.797698974609,-87.6824,25.6366,9.9349982394158,63,63,63,63,61,63,0,8045,1.29563008188212,26,-88,0.001869,51,2026-08-23 04:17:35.000454,428,1.037,0.0011,"aoml_navis",1028.9353285425
"7901009",120,0,1,0.024297,1,0.001869,1,111.70295515608,1,4.85932001437268,430,1,10.6909999847412,35.242000579834,0.0242970008403063,0.0086552482098341,107.713600158691,-87.6824,25.6366,9.9349982394158,63,63,63,63,61,63,0,8045,1.29563008188212,26,-88,0.001869,51,2026-08-23 04:17:35.000454,430,1.037,0.0011,"aoml_navis",1028.95054970885
"7901009",120,0,1,0.029904,1,0.007476,1,111.419224285515,1,4.8592481134883,432,1,10.6239995956421,35.234001159668,0.0299040004611015,0.0129828732460737,107.440002441406,-87.6824,25.6366,9.9349982394158,63,63,63,63,61,63,0,8045,1.29563008188212,26,-88,0.001869,51,2026-08-23 04:17:35.000454,432,1.037,0.0011,"aoml_navis",1028.96577479158
"7901009",120,0,1,0.029904,1,0.007476,1,110.631802087829,1,4.85920412692938,434,1,10.6219997406006,35.234001159668,0.0299040004611015,0.0129828732460737,106.680702209473,-87.6824,25.6366,9.9349982394158,63,63,63,63,61,63,0,8045,1.29563008188212,26,-88,0.001869,51,2026-08-23 04:17:35.000454,434,1.037,0.0011,"aoml_navis",1028.97508921067
"7901009",120,0,1,0.024297,1,0.001869,1,109.987697170458,1,4.85915308819566,436,1,10.6370000839233,35.2400016784668,0.0242970008403063,0.0086552482098341,106.059600830078,-87.6824,25.6366,9.9349982394158,63,63,63,63,61,63,0,8045,1.29563008188212,26,-88,0.001869,51,2026-08-23 04:17:35.000454,436,1.037,0.0011,"aoml_navis",1028.98589718165
"7901009",120,0,1,0.029904,1,0.007476,1,110.011963158022,1,4.85909958553962,438,1,10.6199998855591,35.2389984130859,0.0299040004611015,0.0129828732460737,106.083000183105,-87.6824,25.6366,9.9349982394158,63,63,63,63,61,63,0,8045,1.29563008188212,26,-88,0.001869,51,2026-08-23 04:17:35.000454,438,1.037,0.0011,"aoml_navis",1028.997227157
"7901009",120,0,1,0.028035,1,0.005607,1,110.20868618208,1,4.85905341288786,440,1,10.6029996871948,35.2360000610352,0.0280349999666214,0.0115403309464455,106.27269744873,-87.6824,25.6366,9.9349982394158,63,63,63,63,61,63,0,8045,1.29563008188212,26,-88,0.001869,51,2026-08-23 04:17:35.000454,440,1.037,0.0011,"aoml_navis",1029.00700509657
"7901009",120,0,1,0.028035,1,0.005607,1,110.591664704421,1,4.85899312790116,442,1,10.548999786377,35.2280006408691,0.0280349999666214,0.0115403309464455,106.641998291016,-87.6824,25.6366,9.9349982394158,63,63,63,63,61,63,0,8045,1.29563008188212,26,-88,0.001869,51,2026-08-23 04:17:35.000454,442,1.037,0.0011,"aoml_navis",1029.0197718719
"7901009",120,0,1,0.029904,1,0.007476,1,110.760806628822,1,4.85892842913792,444,1,10.4729995727539,35.2159996032715,0.0299040004611015,0.0129828732460737,106.805099487305,-87.6824,25.6366,9.9349982394158,63,63,63,63,61,63,0,8045,1.29563008188212,26,-88,0.001869,51,2026-08-23 04:17:35.000454,444,1.037,0.0011,"aoml_navis",1029.03347372151
"7901009",120,0,1,0.029904,1,0.007476,1,110.604632410198,1,4.85886634105218,446,1,10.4250001907349,35.2099990844727,0.0299040004611015,0.0129828732460737,106.654502868652,-87.6824,25.6366,9.9349982394158,63,63,63,63,61,63,0,8045,1.29563008188212,26,-88,0.001869,51,2026-08-23 04:17:35.000454,446,1.037,0.0011,"aoml_navis",1029.04662302714
"7901009",120,0,1,0.024297,1,0.001869,1,110.417965489888,1,4.85882166599342,448,1,10.4180002212524,35.2089996337891,0.0242970008403063,0.0086552482098341,106.474502563477,-87.6824,25.6366,9.9349982394158,63,63,63,63,61,63,0,8045,1.29563008188212,26,-88,0.001869,51,2026-08-23 04:17:35.000454,448,1.037,0.0011,"aoml_navis",1029.05608472825
"7901009",120,0,1,0.026166,1,0.003738,1,110.235238726672,1,4.85877593753442,450,1,10.4139995574951,35.2089996337891,0.0261659994721413,0.0100977895781398,106.298301696777,-87.6824,25.6366,9.9349982394158,63,63,63,63,61,63,0,8045,1.29563008188212,26,-88,0.001869,51,2026-08-23 04:17:35.000454,450,1.037,0.0011,"aoml_navis",1029.0657697085
"7901009",120,0,1,0.029904,1,0.007476,1,110.183692294008,1,4.85872691417663,452,1,10.4020004272461,35.2080001831055,0.0299040004611015,0.0129828732460737,106.248596191406,-87.6824,25.6366,9.9349982394158,63,63,63,63,61,63,0,8045,1.29563008188212,26,-88,0.001869,51,2026-08-23 04:17:35.000454,452,1.037,0.0011,"aoml_navis",1029.07615272864
"7901009",120,0,1,0.029904,1,0.007476,1,110.166586632087,1,4.85867963553308,454,1,10.3920001983643,35.2070007324219,0.0299040004611015,0.0129828732460737,106.23210144043,-87.6824,25.6366,9.9349982394158,63,63,63,63,61,63,0,8045,1.29563008188212,26,-88,0.001869,51,2026-08-23 04:17:35.000454,454,1.037,0.0011,"aoml_navis",1029.08616642131
"7901009",120,0,1,0.029904,1,0.007476,1,110.224454722417,1,4.8586342888431,456,1,10.3800001144409,35.2050018310547,0.0299040004611015,0.0129828732460737,106.287902832031,-87.6824,25.6366,9.9349982394158,63,63,63,63,61,63,0,8045,1.29563008188212,26,-88,0.001869,51,2026-08-23 04:17:35.000454,456,1.037,0.0011,"aoml_navis",1029.0957711062
"7901009",120,0,1,0.029904,1,0.007476,1,110.333655622435,1,4.8585882825784,458,1,10.3629999160767,35.2019996643066,0.0299040004611015,0.0129828732460737,106.393203735352,-87.6824,25.6366,9.9349982394158,63,63,63,63,61,63,0,8045,1.29563008188212,26,-88,0.001869,51,2026-08-23 04:17:35.000454,458,1.037,0.0011,"aoml_navis",1029.10551567596
"7901009",120,0,1,0.028035,1,0.005607,1,110.319754305138,1,4.85854073086746,460,1,10.3400001525879,35.1980018615723,0.0280349999666214,0.0115403309464455,106.37979888916,-87.6824,25.6366,9.9349982394158,63,63,63,63,61,63,0,8045,1.29563008188212,26,-88,0.001869,51,2026-08-23 04:17:35.000454,460,1.037,0.0011,"aoml_navis",1029.11558778005
"7901009",120,0,1,0.024297,1,0.001869,1,110.366735535706,1,4.85848561023788,462,1,10.3039999008179,35.193000793457,0.0242970008403063,0.0086552482098341,106.425102233887,-87.6824,25.6366,9.9349982394158,63,63,63,63,61,63,0,8045,1.29563008188212,26,-88,0.001869,51,2026-08-23 04:17:35.000454,462,1.037,0.0011,"aoml_navis",1029.12726333159
"7901009",120,0,1,0.033642,1,0.011214,1,110.490557741566,1,4.85842106694701,464.100006103516,1,10.2510004043579,35.1860008239746,0.0336420014500618,0.0158679541200399,106.544502258301,-87.6824,25.6366,9.9349982394158,63,63,63,63,61,63,0,8045,1.29563008188212,26,-88,0.001869,51,2026-08-23 04:17:35.000454,464.100006103516,1.037,0.0011,"aoml_navis",1029.14093511083
"7901009",120,0,1,0.026166,1,0.003738,1,110.395250246883,1,4.8583746650966,466,1,10.2309999465942,35.1829986572266,0.0261659994721413,0.0100977895781398,106.452598571777,-87.6824,25.6366,9.9349982394158,63,63,63,63,61,63,0,8045,1.29563008188212,26,-88,0.001869,51,2026-08-23 04:17:35.000454,466,1.037,0.0011,"aoml_navis",1029.15076433295
"7901009",120,0,1,0.029904,1,0.007476,1,110.240421061805,1,4.85832615214869,468,1,10.2110004425049,35.1800003051758,0.0299040004611015,0.0129828732460737,106.303298950195,-87.6824,25.6366,9.9349982394158,63,63,63,63,61,63,0,8045,1.29563008188212,26,-88,0.001869,51,2026-08-23 04:17:35.000454,468,1.037,0.0011,"aoml_navis",1029.16104094589
"7901009",120,0,1,0.028035,1,0.005607,1,109.880260637974,1,4.85828001940267,470,1,10.1979999542236,35.1780014038086,0.0280349999666214,0.0115403309464455,105.956001281738,-87.6824,25.6366,9.9349982394158,63,63,63,63,61,63,0,8045,1.29563008188212,26,-88,0.001869,51,2026-08-23 04:17:35.000454,470,1.037,0.0011,"aoml_navis",1029.1708135454
"7901009",120,0,1,0.026166,1,0.003738,1,109.570705123325,1,4.85823862165895,472,1,10.2159996032715,35.181999206543,0.0261659994721413,0.0100977895781398,105.657501220703,-87.6824,25.6366,9.9349982394158,63,63,63,63,61,63,0,8045,1.29563008188212,26,-88,0.001869,51,2026-08-23 04:17:35.000454,472,1.037,0.0011,"aoml_navis",1029.17958325658
"7901009",120,0,1,0.029904,1,0.007476,1,109.375738554839,1,4.85817850423749,474,1,10.173999786377,35.1769981384277,0.0299040004611015,0.0129828732460737,105.469497680664,-87.6824,25.6366,9.9349982394158,63,63,63,63,61,63,0,8045,1.29563008188212,26,-88,0.001869,51,2026-08-23 04:17:35.000454,474,1.037,0.0011,"aoml_navis",1029.19231881636
"7901009",120,0,1,0.024297,1,0.001869,1,108.879310408866,1,4.85812613821949,476,1,10.1579999923706,35.1759986877441,0.0242970008403063,0.0086552482098341,104.990798950195,-87.6824,25.6366,9.9349982394158,63,63,63,63,61,63,0,8045,1.29563008188212,26,-88,0.001869,51,2026-08-23 04:17:35.000454,476,1.037,0.0011,"aoml_navis",1029.20341253892
"7901009",120,0,1,0.029904,1,0.007476,1,108.858573156371,1,4.8580634614275,478,1,10.1300001144409,35.1749992370605,0.0299040004611015,0.0129828732460737,104.970802307129,-87.6824,25.6366,9.9349982394158,63,63,63,63,61,63,0,8045,1.29563008188212,26,-88,0.001869,51,2026-08-23 04:17:35.000454,478,1.037,0.0011,"aoml_navis",1029.21669090975
"7901009",120,0,1,0.029904,1,0.007476,1,109.003132614726,1,4.85799587632828,480,1,10.0620002746582,35.1660003662109,0.0299040004611015,0.0129828732460737,105.110198974609,-87.6824,25.6366,9.9349982394158,63,63,63,63,61,63,0,8045,1.29563008188212,26,-88,0.001869,51,2026-08-23 04:17:35.000454,480,1.037,0.0011,"aoml_navis",1029.23100951231
"7901009",120,0,1,0.028035,1,0.005607,1,108.971089168481,1,4.85794261714395,482,1,10.0319995880127,35.1619987487793,0.0280349999666214,0.0115403309464455,105.079299926758,-87.6824,25.6366,9.9349982394158,63,63,63,63,61,63,0,8045,1.29563008188212,26,-88,0.001869,51,2026-08-23 04:17:35.000454,482,1.037,0.0011,"aoml_navis",1029.24229330226
"7901009",120,0,1,0.024297,1,0.001869,1,108.969427656454,1,4.85789108876427,484,1,10.003999710083,35.1580009460449,0.0242970008403063,0.0086552482098341,105.077697753906,-87.6824,25.6366,9.9349982394158,63,63,63,63,61,63,0,8045,1.29563008188212,26,-88,0.001869,51,2026-08-23 04:17:35.000454,484,1.037,0.0011,"aoml_navis",1029.25321062969
"7901009",120,0,1,0.026166,1,0.003738,1,108.8335792683,1,4.85783849528412,486,1,9.97900009155273,35.1549987792969,0.0261659994721413,0.0100977895781398,104.946701049805,-87.6824,25.6366,9.9349982394158,63,63,63,63,61,63,0,8045,1.29563008188212,26,-88,0.001869,51,2026-08-23 04:17:35.000454,486,1.037,0.0011,"aoml_navis",1029.264353859
"7901009",120,0,1,0.033642,1,0.011214,1,108.493119629938,1,4.8577947709132,488,1,9.97299957275391,35.1539993286133,0.0336420014500618,0.0158679541200399,104.61840057373,-87.6824,25.6366,9.9349982394158,63,63,63,63,61,63,0,8045,1.29563008188212,26,-88,0.001869,51,2026-08-23 04:17:35.000454,488,1.037,0.0011,"aoml_navis",1029.27361813189
"7901009",120,0,1,0.031773,1,0.009345,1,108.128394004013,1,4.85775249797487,490,1,9.97299957275391,35.1539993286133,0.0317730009555817,0.0144254146143794,104.266700744629,-87.6824,25.6366,9.9349982394158,63,63,63,63,61,63,0,8045,1.29563008188212,26,-88,0.001869,51,2026-08-23 04:17:35.000454,490,1.037,0.0011,"aoml_navis",1029.28257503536
"7901009",120,0,1,0.029904,1,0.007476,1,107.920159075193,1,4.85769343067936,492,1,9.94900035858154,35.1529998779297,0.0299040004611015,0.0129828732460737,104.065902709961,-87.6824,25.6366,9.9349982394158,63,63,63,63,61,63,0,8045,1.29563008188212,26,-88,0.001869,51,2026-08-23 04:17:35.000454,492,1.037,0.0011,"aoml_navis",1029.29509063332
"7901009",120,0,1,0.031773,1,0.009345,1,107.973873385454,1,4.85763604552061,494,1,9.91399955749512,35.148998260498,0.0317730009555817,0.0144254146143794,104.117698669434,-87.6824,25.6366,9.9349982394158,63,63,63,63,61,63,0,8045,1.29563008188212,26,-88,0.001869,51,2026-08-23 04:17:35.000454,494,1.037,0.0011,"aoml_navis",1029.3072500997
"7901009",120,0,1,0.026166,1,0.003738,1,108.196840387585,1,4.85758009338035,496,1,9.87199974060059,35.1430015563965,0.0261659994721413,0.0100977895781398,104.332702636719,-87.6824,25.6366,9.9349982394158,63,63,63,63,61,63,0,8045,1.29563008188212,26,-88,0.001869,51,2026-08-23 04:17:35.000454,496,1.037,0.0011,"aoml_navis",1029.31910619729
"7901009",120,0,1,0.029904,1,0.007476,1,108.476528245549,1,4.8575040808075,498.100006103516,1,9.80000019073486,35.1349983215332,0.0299040004611015,0.0129828732460737,104.602401733398,-87.6824,25.6366,9.9349982394158,63,63,63,63,61,63,0,8045,1.29563008188212,26,-88,0.001869,51,2026-08-23 04:17:35.000454,498.100006103516,1.037,0.0011,"aoml_navis",1029.33521348042
"7901009",120,0,1,0.029904,1,0.007476,1,108.570063460736,1,4.85745830159792,500,1,9.77600002288818,35.1310005187988,0.0299040004611015,0.0129828732460737,104.692596435547,-87.6824,25.6366,9.9349982394158,63,63,63,63,61,63,0,8045,1.29563008188212,26,-88,0.001869,51,2026-08-23 04:17:35.000454,500,1.037,0.0011,"aoml_navis",1029.34491447002
"7901009",120,0,1,0.031773,1,0.009345,1,108.634775398227,1,4.85741152740527,502,1,9.76200008392334,35.1290016174316,0.0317730009555817,0.0144254146143794,104.754997253418,-87.6824,25.6366,9.9349982394158,63,63,63,63,61,63,0,8045,1.29563008188212,26,-88,0.001869,51,2026-08-23 04:17:35.000454,502,1.037,0.0011,"aoml_navis",1029.35482649354
"7901009",120,0,1,0.031773,1,0.009345,1,108.721886100241,1,4.85736507115038,504,1,9.74400043487549,35.1259994506836,0.0317730009555817,0.0144254146143794,104.838996887207,-87.6824,25.6366,9.9349982394158,63,63,63,63,61,63,0,8045,1.29563008188212,26,-88,0.001869,51,2026-08-23 04:17:35.000454,504,1.037,0.0011,"aoml_navis",1029.36467133113
"7901009",120,0,1,0.029904,1,0.007476,1,108.873811595252,1,4.85730291422368,506,1,9.70300006866455,35.1220016479492,0.0299040004611015,0.0129828732460737,104.985496520996,-87.6824,25.6366,9.9349982394158,63,63,63,63,61,63,0,8045,1.29563008188212,26,-88,0.001869,51,2026-08-23 04:17:35.000454,506,1.037,0.0011,"aoml_navis",1029.3778436915
"7901009",120,0,1,0.033642,1,0.011214,1,109.073754787858,1,4.85725123204135,508,1,9.67000007629395,35.117000579834,0.0336420014500618,0.0158679541200399,105.178298950195,-87.6824,25.6366,9.9349982394158,63,63,63,63,61,63,0,8045,1.29563008188212,26,-88,0.001869,51,2026-08-23 04:17:35.000454,508,1.037,0.0011,"aoml_navis",1029.38879648987
"7901009",120,0,1,0.029904,1,0.007476,1,109.246734013846,1,4.85720074929632,510,1,9.63399982452393,35.1110000610352,0.0299040004611015,0.0129828732460737,105.345100402832,-87.6824,25.6366,9.9349982394158,63,63,63,63,61,63,0,8045,1.29563008188212,26,-88,0.001869,51,2026-08-23 04:17:35.000454,510,1.037,0.0011,"aoml_navis",1029.39949532133
"7901009",120,0,1,0.026166,1,0.003738,1,109.295265988973,1,4.85714195356964,512,1,9.58800029754639,35.1049995422363,0.0261659994721413,0.0100977895781398,105.391899108887,-87.6824,25.6366,9.9349982394158,63,63,63,63,61,63,0,8045,1.29563008188212,26,-88,0.001869,51,2026-08-23 04:17:35.000454,512,1.037,0.0011,"aoml_navis",1029.41195620716
"7901009",120,0,1,0.028035,1,0.005607,1,109.31756189799,1,4.85709225944979,514,1,9.56599998474121,35.1020011901855,0.0280349999666214,0.0115403309464455,105.413398742676,-87.6824,25.6366,9.9349982394158,63,63,63,63,61,63,0,8045,1.29563008188212,26,-88,0.001869,51,2026-08-23 04:17:35.000454,514,1.037,0.0011,"aoml_navis",1029.42248837711
"7901009",120,0,1,0.026166,1,0.003738,1,109.47364117307,1,4.85703726592127,516,1,9.52000045776367,35.0950012207031,0.0261659994721413,0.0100977895781398,105.563903808594,-87.6824,25.6366,9.9349982394158,63,63,63,63,61,63,0,8045,1.29563008188212,26,-88,0.001869,51,2026-08-23 04:17:35.000454,516,1.037,0.0011,"aoml_navis",1029.43414395475
"7901009",120,0,1,0.029904,1,0.007476,1,109.751667519007,1,4.8569510500139,518,1,9.42300033569336,35.0849990844727,0.0299040004611015,0.0129828732460737,105.832000732422,-87.6824,25.6366,9.9349982394158,63,63,63,63,61,63,0,8045,1.29563008188212,26,-88,0.001869,51,2026-08-23 04:17:35.000454,518,1.037,0.0011,"aoml_navis",1029.45241747612
"7901009",120,0,1,0.026166,1,0.003738,1,110.014036092075,1,4.85688513925282,520,1,9.35900020599365,35.0769996643066,0.0261659994721413,0.0100977895781398,106.084999084473,-87.6824,25.6366,9.9349982394158,63,63,63,63,61,63,0,8045,1.29563008188212,26,-88,0.001869,51,2026-08-23 04:17:35.000454,520,1.037,0.0011,"aoml_navis",1029.46638774521
"7901009",120,0,1,0.028035,1,0.005607,1,110.230048479576,1,4.85684187969334,522,1,9.34899997711182,35.0750007629395,0.0280349999666214,0.0115403309464455,106.293296813965,-87.6824,25.6366,9.9349982394158,63,63,63,63,61,63,0,8045,1.29563008188212,26,-88,0.001869,51,2026-08-23 04:17:35.000454,522,1.037,0.0011,"aoml_navis",1029.47555713214
"7901009",120,0,1,0.028035,1,0.005607,1,110.629934864788,1,4.85679683085472,524,1,9.31900024414062,35.0690002441406,0.0280349999666214,0.0115403309464455,106.678901672363,-87.6824,25.6366,9.9349982394158,63,63,63,63,61,63,0,8045,1.29563008188212,26,-88,0.001869,51,2026-08-23 04:17:35.000454,524,1.037,0.0011,"aoml_navis",1029.48510595204
"7901009",120,0,1,0.029904,1,0.007476,1,111.205490543081,1,4.85672168230294,526,1,9.2209997177124,35.0559997558594,0.0299040004611015,0.0129828732460737,107.233901977539,-87.6824,25.6366,9.9349982394158,63,63,63,63,61,63,0,8045,1.29563008188212,26,-88,0.001869,51,2026-08-23 04:17:35.000454,526,1.037,0.0011,"aoml_navis",1029.50103528047
"7901009",120,0,1,0.028035,1,0.005607,1,111.385725038256,1,4.85665756499907,528,1,9.1540002822876,35.0470008850098,0.0280349999666214,0.0115403309464455,107.407699584961,-87.6824,25.6366,9.9349982394158,63,63,63,63,61,63,0,8045,1.29563008188212,26,-88,0.001869,51,2026-08-23 04:17:35.000454,528,1.037,0.0011,"aoml_navis",1029.51462669182
"7901009",120,0,1,0.029904,1,0.007476,1,111.48974360314,1,4.8565968631307,530,1,9.10900020599365,35.0419998168945,0.0299040004611015,0.0129828732460737,107.508003234863,-87.6824,25.6366,9.9349982394158,63,63,63,63,61,63,0,8045,1.29563008188212,26,-88,0.001869,51,2026-08-23 04:17:35.000454,530,1.037,0.0011,"aoml_navis",1029.52749443915
"7901009",120,0,1,0.033642,1,0.011214,1,111.528211562558,1,4.85653504641939,532,1,9.05799961090088,35.0359992980957,0.0336420014500618,0.0158679541200399,107.545097351074,-87.6824,25.6366,9.9349982394158,63,63,63,63,61,63,0,8045,1.29563008188212,26,-88,0.001869,51,2026-08-23 04:17:35.000454,532,1.037,0.0011,"aoml_navis",1029.54059884452
"7901009",120,0,1,0.026166,1,0.003738,1,111.470968517229,1,4.85648739915344,534,1,9.04699993133545,35.0349998474121,0.0261659994721413,0.0100977895781398,107.489898681641,-87.6824,25.6366,9.9349982394158,63,63,63,63,61,63,0,8045,1.29563008188212,26,-88,0.001869,51,2026-08-23 04:17:35.000454,534,1.037,0.0011,"aoml_navis",1029.55069972416
"7901009",120,0,1,0.031773,1,0.009345,1,111.356790993091,1,4.8564336936436,536,1,9.02400016784668,35.0330009460449,0.0317730009555817,0.0144254146143794,107.37979888916,-87.6824,25.6366,9.9349982394158,63,63,63,63,61,63,0,8045,1.29563008188212,26,-88,0.001869,51,2026-08-23 04:17:35.000454,536,1.037,0.0011,"aoml_navis",1029.5620851458
"7901009",120,0,1,0.029904,1,0.007476,1,111.381990592175,1,4.85637235896692,538,1,8.98700046539307,35.0299987792969,0.0299040004611015,0.0129828732460737,107.404098510742,-87.6824,25.6366,9.9349982394158,63,63,63,63,61,63,0,8045,1.29563008188212,26,-88,0.001869,51,2026-08-23 04:17:35.000454,538,1.037,0.0011,"aoml_navis",1029.57508823801
"7901009",120,0,1,0.031773,1,0.009345,1,111.276729849251,1,4.85632635633605,540,1,8.97799968719482,35.0289993286133,0.0317730009555817,0.0144254146143794,107.302597045898,-87.6824,25.6366,9.9349982394158,63,63,63,63,61,63,0,8045,1.29563008188212,26,-88,0.001869,51,2026-08-23 04:17:35.000454,540,1.037,0.0011,"aoml_navis",1029.58484111689
"7901009",120,0,1,0.028035,1,0.005607,1,111.238570456352,1,4.85626911364246,542,1,8.94600009918213,35.0260009765625,0.0280349999666214,0.0115403309464455,107.265800476074,-87.6824,25.6366,9.9349982394158,63,63,63,63,61,63,0,8045,1.29563008188212,26,-88,0.001869,51,2026-08-23 04:17:35.000454,542,1.037,0.0011,"aoml_navis",1029.59697722553
"7901009",120,0,1,0.031773,1,0.009345,1,111.208599944161,1,4.85622196828632,544,1,8.93099975585938,35.023998260498,0.0317730009555817,0.0144254146143794,107.23690032959,-87.6824,25.6366,9.9349982394158,63,63,63,63,61,63,0,8045,1.29563008188212,26,-88,0.001869,51,2026-08-23 04:17:35.000454,544,1.037,0.0011,"aoml_navis",1029.6069727975
"7901009",120,0,1,0.031773,1,0.009345,1,111.251633105673,1,4.85615672698011,546,1,8.88899993896484,35.0209999084473,0.0317730009555817,0.0144254146143794,107.278396606445,-87.6824,25.6366,9.9349982394158,63,63,63,63,61,63,0,8045,1.29563008188212,26,-88,0.001869,51,2026-08-23 04:17:35.000454,546,1.037,0.0011,"aoml_navis",1029.62080532136
"7901009",120,0,1,0.028035,1,0.005607,1,111.287727476481,1,4.85610442374766,548,1,8.86299991607666,35.0180015563965,0.0280349999666214,0.0115403309464455,107.313201904297,-87.6824,25.6366,9.9349982394158,63,63,63,63,61,63,0,8045,1.29563008188212,26,-88,0.001869,51,2026-08-23 04:17:35.000454,548,1.037,0.0011,"aoml_navis",1029.63189497093
"7901009",120,0,1,0.022428,1,0,1,111.313029931071,1,4.85605410936445,550,1,8.8439998626709,35.015998840332,0.0224280003458261,0.0072127073071897,107.337600708008,-87.6824,25.6366,9.9349982394158,63,63,63,63,61,63,0,8045,1.29563008188212,26,-88,0.001869,51,2026-08-23 04:17:35.000454,550,1.037,0.0011,"aoml_navis",1029.64256315801
"7901009",120,0,1,0.028035,1,0.005607,1,111.378778335588,1,4.85600104924531,552,1,8.81700038909912,35.0130004882812,0.0280349999666214,0.0115403309464455,107.401000976562,-87.6824,25.6366,9.9349982394158,63,63,63,63,61,63,0,8045,1.29563008188212,26,-88,0.001869,51,2026-08-23 04:17:35.000454,552,1.037,0.0011,"aoml_navis",1029.65381376453
"7901009",120,0,1,0.028035,1,0.005607,1,111.568554656978,1,4.855920650493,554,1,8.74199962615967,35.0069999694824,0.0280349999666214,0.0115403309464455,107.583999633789,-87.6824,25.6366,9.9349982394158,63,63,63,63,61,63,0,8045,1.29563008188212,26,-88,0.001869,51,2026-08-23 04:17:35.000454,554,1.037,0.0011,"aoml_navis",1029.67086158881
"7901009",120,0,1,0.031773,1,0.009345,1,111.625797702307,1,4.85587009739258,556,1,8.7180004119873,35.0040016174316,0.0317730009555817,0.0144254146143794,107.639198303223,-87.6824,25.6366,9.9349982394158,63,63,63,63,61,63,0,8045,1.29563008188212,26,-88,0.001869,51,2026-08-23 04:17:35.000454,556,1.037,0.0011,"aoml_navis",1029.68158120309
"7901009",120,0,1,0.028035,1,0.005607,1,111.749936386649,1,4.85582037652564,558,1,8.69499969482422,35.0009994506836,0.0280349999666214,0.0115403309464455,107.758903503418,-87.6824,25.6366,9.9349982394158,63,63,63,63,61,63,0,8045,1.29563008188212,26,-88,0.001869,51,2026-08-23 04:17:35.000454,558,1.037,0.0011,"aoml_navis",1029.6921245628
"7901009",120,0,1,0.026166,1,0.003738,1,111.833621209101,1,4.85575872592527,560,1,8.6569995880127,34.9980010986328,0.0261659994721413,0.0100977895781398,107.839599609375,-87.6824,25.6366,9.9349982394158,63,63,63,63,61,63,0,8045,1.29563008188212,26,-88,0.001869,51,2026-08-23 04:17:35.000454,560,1.037,0.0011,"aoml_navis",1029.70519793428
"7901009",120,0,1,0.028035,1,0.005607,1,111.964912307123,1,4.85570479593748,562,1,8.62399959564209,34.9939994812012,0.0280349999666214,0.0115403309464455,107.966201782227,-87.6824,25.6366,9.9349982394158,63,63,63,63,61,63,0,8045,1.29563008188212,26,-88,0.001869,51,2026-08-23 04:17:35.000454,562,1.037,0.0011,"aoml_navis",1029.71663437679
"7901009",120,0,1,0.035511,1,0.013083,1,112.073693873152,1,4.85564246509486,564,1,8.58500003814697,34.9910011291504,0.0355109982192516,0.0173104964196682,108.071098327637,-87.6824,25.6366,9.9349982394158,63,63,63,63,61,63,0,8045,1.29563008188212,26,-88,0.001869,51,2026-08-23 04:17:35.000454,564,1.037,0.0011,"aoml_navis",1029.72985262874
"7901009",120,0,1,0.031773,1,0.009345,1,112.204779260161,1,4.85557677620997,566,1,8.53699970245361,34.9869995117188,0.0317730009555817,0.0144254146143794,108.19750213623,-87.6824,25.6366,9.9349982394158,63,63,63,63,61,63,0,8045,1.29563008188212,26,-88,0.001869,51,2026-08-23 04:17:35.000454,566,1.037,0.0011,"aoml_navis",1029.74378337454
"7901009",120,0,1,0.028035,1,0.005607,1,112.256626347382,1,4.85552826538319,568,1,8.52000045776367,34.9850006103516,0.0280349999666214,0.0115403309464455,108.247497558594,-87.6824,25.6366,9.9349982394158,63,63,63,63,61,63,0,8045,1.29563008188212,26,-88,0.001869,51,2026-08-23 04:17:35.000454,568,1.037,0.0011,"aoml_navis",1029.75407138432
"7901009",120,0,1,0.028035,1,0.005607,1,112.349758052505,1,4.85548081948322,570,1,8.50899982452393,34.984001159668,0.0280349999666214,0.0115403309464455,108.337303161621,-87.6824,25.6366,9.9349982394158,63,63,63,63,61,63,0,8045,1.29563008188212,26,-88,0.001869,51,2026-08-23 04:17:35.000454,570,1.037,0.0011,"aoml_navis",1029.76413374694
"7901009",120,0,1,0.029904,1,0.007476,1,112.462274064616,1,4.85543180158969,572,1,8.49600028991699,34.9830017089844,0.0299040004611015,0.0129828732460737,108.44580078125,-87.6824,25.6366,9.9349982394158,63,63,63,63,61,63,0,8045,1.29563008188212,26,-88,0.001869,51,2026-08-23 04:17:35.000454,572,1.037,0.0011,"aoml_navis",1029.77452970567
"7901009",120,0,1,0.028035,1,0.005607,1,112.636392613137,1,4.85538123345941,574,1,8.46700000762939,34.9790000915527,0.0280349999666214,0.0115403309464455,108.613700866699,-87.6824,25.6366,9.9349982394158,63,63,63,63,61,63,0,8045,1.29563008188212,26,-88,0.001869,51,2026-08-23 04:17:35.000454,574,1.037,0.0011,"aoml_navis",1029.78525466631
"7901009",120,0,1,0.028035,1,0.005607,1,112.790185331188,1,4.85532229167117,576,1,8.43200016021729,34.976001739502,0.0280349999666214,0.0115403309464455,108.762001037598,-87.6824,25.6366,9.9349982394158,63,63,63,63,61,63,0,8045,1.29563008188212,26,-88,0.001869,51,2026-08-23 04:17:35.000454,576,1.037,0.0011,"aoml_navis",1029.79775587236
"7901009",120,0,1,0.028035,1,0.005607,1,112.869210008002,1,4.85526522685876,578,1,8.4040002822876,34.9739990234375,0.0280349999666214,0.0115403309464455,108.838203430176,-87.6824,25.6366,9.9349982394158,63,63,63,63,61,63,0,8045,1.29563008188212,26,-88,0.001869,51,2026-08-23 04:17:35.000454,578,1.037,0.0011,"aoml_navis",1029.80985927207
"7901009",120,0,1,0.028035,1,0.005607,1,112.956834987548,1,4.85521601498776,580,1,8.38599967956543,34.9720001220703,0.0280349999666214,0.0115403309464455,108.922698974609,-87.6824,25.6366,9.9349982394158,63,63,63,63,61,63,0,8045,1.29563008188212,26,-88,0.001869,51,2026-08-23 04:17:35.000454,580,1.037,0.0011,"aoml_navis",1029.82029729785
"7901009",120,0,1,0.028035,1,0.005607,1,113.043114933548,1,4.85516759934019,582,1,8.36900043487549,34.9700012207031,0.0280349999666214,0.0115403309464455,109.005897521973,-87.6824,25.6366,9.9349982394158,63,63,63,63,61,63,0,8045,1.29563008188212,26,-88,0.001869,51,2026-08-23 04:17:35.000454,582,1.037,0.0011,"aoml_navis",1029.8305666481
"7901009",120,0,1,0.029904,1,0.007476,1,113.187785159372,1,4.85511316721125,584,1,8.34899997711182,34.9690017700195,0.0299040004611015,0.0129828732460737,109.145401000977,-87.6824,25.6366,9.9349982394158,63,63,63,63,61,63,0,8045,1.29563008188212,26,-88,0.001869,51,2026-08-23 04:17:35.000454,584,1.037,0.0011,"aoml_navis",1029.84211238725
"7901009",120,0,1,0.029904,1,0.007476,1,113.320627001953,1,4.85506377713298,586,1,8.32600021362305,34.9659996032715,0.0299040004611015,0.0129828732460737,109.273498535156,-87.6824,25.6366,9.9349982394158,63,63,63,63,61,63,0,8045,1.29563008188212,26,-88,0.001869,51,2026-08-23 04:17:35.000454,586,1.037,0.0011,"aoml_navis",1029.85258886807
"7901009",120,0,1,0.029904,1,0.007476,1,113.389587663057,1,4.85501227572642,588,1,8.30500030517578,34.9640007019043,0.0299040004611015,0.0129828732460737,109.339996337891,-87.6824,25.6366,9.9349982394158,63,63,63,63,61,63,0,8045,1.29563008188212,26,-88,0.001869,51,2026-08-23 04:17:35.000454,588,1.037,0.0011,"aoml_navis",1029.86351342477
"7901009",120,0,1,0.029904,1,0.007476,1,113.440611906225,1,4.85495611276817,590,1,8.27799987792969,34.9620018005371,0.0299040004611015,0.0129828732460737,109.389198303223,-87.6824,25.6366,9.9349982394158,63,63,63,63,61,63,0,8045,1.29563008188212,26,-88,0.001869,51,2026-08-23 04:17:35.000454,590,1.037,0.0011,"aoml_navis",1029.8754270611
"7901009",120,0,1,0.028035,1,0.005607,1,113.337740575836,1,4.85490721580639,592,1,8.26500034332275,34.9609985351562,0.0280349999666214,0.0115403309464455,109.290000915527,-87.6824,25.6366,9.9349982394158,63,63,63,63,61,63,0,8045,1.29563008188212,26,-88,0.001869,51,2026-08-23 04:17:35.000454,592,1.037,0.0011,"aoml_navis",1029.88579961348
"7901009",120,0,1,0.031773,1,0.009345,1,113.294493791349,1,4.85485986723032,594,1,8.25399971008301,34.9599990844727,0.0317730009555817,0.0144254146143794,109.24829864502,-87.6824,25.6366,9.9349982394158,63,63,63,63,61,63,0,8045,1.29563008188212,26,-88,0.001869,51,2026-08-23 04:17:35.000454,594,1.037,0.0011,"aoml_navis",1029.89584390465
"7901009",120,0,1,0.029904,1,0.007476,1,113.32757370462,1,4.85480163237432,596,1,8.22900009155273,34.9589996337891,0.0299040004611015,0.0129828732460737,109.280197143555,-87.6824,25.6366,9.9349982394158,63,63,63,63,61,63,0,8045,1.29563008188212,26,-88,0.001869,51,2026-08-23 04:17:35.000454,596,1.037,0.0011,"aoml_navis",1029.90819782572
"7901009",120,0,1,0.028035,1,0.005607,1,113.309740142192,1,4.85474612076539,598,1,8.19799995422363,34.9560012817383,0.0280349999666214,0.0115403309464455,109.263000488281,-87.6824,25.6366,9.9349982394158,63,63,63,63,61,63,0,8045,1.29563008188212,26,-88,0.001869,51,2026-08-23 04:17:35.000454,598,1.037,0.0011,"aoml_navis",1029.91997431406
"7901009",120,0,1,0.028035,1,0.005607,1,113.27261721632,1,4.85469201550705,600,1,8.18299961090088,34.9560012817383,0.0280349999666214,0.0115403309464455,109.227203369141,-87.6824,25.6366,9.9349982394158,63,63,63,63,61,63,0,8045,1.29563008188212,26,-88,0.001869,51,2026-08-23 04:17:35.000454,600,1.037,0.0011,"aoml_navis",1029.93145271189
"7901009",120,0,1,0.029904,1,0.007476,1,113.319384823913,1,4.85464412160545,602,1,8.17599964141846,34.9560012817383,0.0299040004611015,0.0129828732460737,109.272300720215,-87.6824,25.6366,9.9349982394158,63,63,63,63,61,63,0,8045,1.29563008188212,26,-88,0.001869,51,2026-08-23 04:17:35.000454,602,1.037,0.0011,"aoml_navis",1029.94161358763
"7901009",120,0,1,0.028035,1,0.005607,1,113.451087343961,1,4.85459448252664,604,1,8.16199970245361,34.9550018310547,0.0280349999666214,0.0115403309464455,109.399299621582,-87.6824,25.6366,9.9349982394158,63,63,63,63,61,63,0,8045,1.29563008188212,26,-88,0.001869,51,2026-08-23 04:17:35.000454,604,1.037,0.0011,"aoml_navis",1029.95214492101
"7901009",120,0,1,0.028035,1,0.005607,1,113.684213305345,1,4.85454215818631,606,1,8.13500022888184,34.9519996643066,0.0280349999666214,0.0115403309464455,109.624099731445,-87.6824,25.6366,9.9349982394158,63,63,63,63,61,63,0,8045,1.29563008188212,26,-88,0.001869,51,2026-08-23 04:17:35.000454,606,1.037,0.0011,"aoml_navis",1029.96324618757
"7901009",120,0,1,0.028035,1,0.005607,1,113.949279857467,1,4.85447653923437,608,1,8.08600044250488,34.9480018615723,0.0280349999666214,0.0115403309464455,109.879699707031,-87.6824,25.6366,9.9349982394158,63,63,63,63,61,63,0,8045,1.29563008188212,26,-88,0.001869,51,2026-08-23 04:17:35.000454,608,1.037,0.0011,"aoml_navis",1029.97716841136
"7901009",120,0,1,0.029904,1,0.007476,1,114.066052505153,1,4.85442370016106,610,1,8.0629997253418,34.9459991455078,0.0299040004611015,0.0129828732460737,109.992301940918,-87.6824,25.6366,9.9349982394158,63,63,63,63,61,63,0,8045,1.29563008188212,26,-88,0.001869,51,2026-08-23 04:17:35.000454,610,1.037,0.0011,"aoml_navis",1029.98837943093
"7901009",120,0,1,0.031773,1,0.009345,1,114.347291107677,1,4.85436223800786,612,1,8.02400016784668,34.943000793457,0.0317730009555817,0.0144254146143794,110.263496398926,-87.6824,25.6366,9.9349982394158,63,63,63,63,61,63,0,8045,1.29563008188212,26,-88,0.001869,51,2026-08-23 04:17:35.000454,612,1.037,0.0011,"aoml_navis",1030.00142034145
"7901009",120,0,1,0.029904,1,0.007476,1,114.499841647689,1,4.85430176347188,614,1,7.99100017547607,34.9410018920898,0.0299040004611015,0.0129828732460737,110.410598754883,-87.6824,25.6366,9.9349982394158,63,63,63,63,61,63,0,8045,1.29563008188212,26,-88,0.001869,51,2026-08-23 04:17:35.000454,614,1.037,0.0011,"aoml_navis",1030.01425202374
"7901009",120,0,1,0.031773,1,0.009345,1,114.577727001969,1,4.85425591201816,616,1,7.97700023651123,34.9389991760254,0.0317730009555817,0.0144254146143794,110.485702514648,-87.6824,25.6366,9.9349982394158,63,63,63,63,61,63,0,8045,1.29563008188212,26,-88,0.001869,51,2026-08-23 04:17:35.000454,616,1.037,0.0011,"aoml_navis",1030.02398114632
"7901009",120,0,1,0.031773,1,0.009345,1,114.679459009825,1,4.85420867302548,618,1,7.96600008010864,34.9379997253418,0.0317730009555817,0.0144254146143794,110.583801269531,-87.6824,25.6366,9.9349982394158,63,63,63,63,61,63,0,8045,1.29563008188212,26,-88,0.001869,51,2026-08-23 04:17:35.000454,618,1.037,0.0011,"aoml_navis",1030.03400488007
"7901009",120,0,1,0.028035,1,0.005607,1,114.780779595655,1,4.85416220469411,620,1,7.95599985122681,34.9370002746582,0.0280349999666214,0.0115403309464455,110.681503295898,-87.6824,25.6366,9.9349982394158,63,63,63,63,61,63,0,8045,1.29563008188212,26,-88,0.001869,51,2026-08-23 04:17:35.000454,620,1.037,0.0011,"aoml_navis",1030.04386527604
"7901009",120,0,1,0.033642,1,0.011214,1,114.966718615458,1,4.85410961379275,622,1,7.93800020217896,34.9360008239746,0.0336420014500618,0.0158679541200399,110.860801696777,-87.6824,25.6366,9.9349982394158,63,63,63,63,61,63,0,8045,1.29563008188212,26,-88,0.001869,51,2026-08-23 04:17:35.000454,622,1.037,0.0011,"aoml_navis",1030.05502508487
"7901009",120,0,1,0.028035,1,0.005607,1,115.264762225346,1,4.8540498838913,624,1,7.90100002288818,34.9329986572266,0.0280349999666214,0.0115403309464455,111.14820098877,-87.6824,25.6366,9.9349982394158,63,63,63,63,61,63,0,8045,1.29563008188212,26,-88,0.001869,51,2026-08-23 04:17:35.000454,624,1.037,0.0011,"aoml_navis",1030.06770008546
"7901009",120,0,1,0.029904,1,0.007476,1,115.514890993145,1,4.85399795761992,626,1,7.87900018692017,34.9309997558594,0.0299040004611015,0.0129828732460737,111.38939666748,-87.6824,25.6366,9.9349982394158,63,63,63,63,61,63,0,8045,1.29563008188212,26,-88,0.001869,51,2026-08-23 04:17:35.000454,626,1.037,0.0011,"aoml_navis",1030.078719368
"7901009",120,0,1,0.033642,1,0.011214,1,115.813978982021,1,4.85394058722543,628,1,7.84499979019165,34.9280014038086,0.0336420014500618,0.0158679541200399,111.677803039551,-87.6824,25.6366,9.9349982394158,63,63,63,63,61,63,0,8045,1.29563008188212,26,-88,0.001869,51,2026-08-23 04:17:35.000454,628,1.037,0.0011,"aoml_navis",1030.09089422293
"7901009",120,0,1,0.029904,1,0.007476,1,116.115131992989,1,4.8538856803376,630,1,7.81899976730347,34.9259986877441,0.0299040004611015,0.0129828732460737,111.968200683594,-87.6824,25.6366,9.9349982394158,63,63,63,63,61,63,0,8045,1.29563008188212,26,-88,0.001869,51,2026-08-23 04:17:35.000454,630,1.037,0.0011,"aoml_navis",1030.10254655446
"7901009",120,0,1,0.028035,1,0.005607,1,116.503087139451,1,4.8538307862417,632,1,7.79300022125244,34.923999786377,0.0280349999666214,0.0115403309464455,112.342300415039,-87.6824,25.6366,9.9349982394158,63,63,63,63,61,63,0,8045,1.29563008188212,26,-88,0.001869,51,2026-08-23 04:17:35.000454,632,1.037,0.0011,"aoml_navis",1030.11419643483
"7901009",120,0,1,0.033642,1,0.011214,1,116.78764876603,1,4.85377656641806,634,1,7.76300001144409,34.9210014343262,0.0336420014500618,0.0158679541200399,112.61669921875,-87.6824,25.6366,9.9349982394158,63,63,63,63,61,63,0,8045,1.29563008188212,26,-88,0.001869,51,2026-08-23 04:17:35.000454,634,1.037,0.0011,"aoml_navis",1030.12570347667
"7901009",120,0,1,0.031773,1,0.009345,1,117.062565710887,1,4.85371256311139,636,1,7.71999979019165,34.9179992675781,0.0317730009555817,0.0144254146143794,112.881797790527,-87.6824,25.6366,9.9349982394158,63,63,63,63,61,63,0,8045,1.29563008188212,26,-88,0.001869,51,2026-08-23 04:17:35.000454,636,1.037,0.0011,"aoml_navis",1030.13928719233
"7901009",120,0,1,0.029904,1,0.007476,1,117.138892408646,1,4.85365626169541,638,1,7.69199991226196,34.9160003662109,0.0299040004611015,0.0129828732460737,112.95539855957,-87.6824,25.6366,9.9349982394158,63,63,63,63,61,63,0,8045,1.29563008188212,26,-88,0.001869,51,2026-08-23 04:17:35.000454,638,1.037,0.0011,"aoml_navis",1030.15123659653
"7901009",120,0,1,0.029904,1,0.007476,1,117.213557594377,1,4.853595469827,640,1,7.65799999237061,34.9140014648438,0.0299040004611015,0.0129828732460737,113.027397155762,-87.6824,25.6366,9.9349982394158,63,63,63,63,61,63,0,8045,1.29563008188212,26,-88,0.001869,51,2026-08-23 04:17:35.000454,640,1.037,0.0011,"aoml_navis",1030.16413936496
"7901009",120,0,1,0.029904,1,0.007476,1,117.280239610415,1,4.85353557009787,642,1,7.63000011444092,34.9129981994629,0.0299040004611015,0.0129828732460737,113.091697692871,-87.6824,25.6366,9.9349982394158,63,63,63,63,61,63,0,8045,1.29563008188212,26,-88,0.001869,51,2026-08-23 04:17:35.000454,642,1.037,0.0011,"aoml_navis",1030.17685309746
"7901009",120,0,1,0.029904,1,0.007476,1,117.290509337137,1,4.8534802696386,644,1,7.61299991607666,34.9129981994629,0.0299040004611015,0.0129828732460737,113.101600646973,-87.6824,25.6366,9.9349982394158,63,63,63,63,61,63,0,8045,1.29563008188212,26,-88,0.001869,51,2026-08-23 04:17:35.000454,644,1.037,0.0011,"aoml_navis",1030.18859091237
"7901009",120,0,1,0.029904,1,0.007476,1,117.43362090644,1,4.85343091476952,646,1,7.59899997711182,34.9119987487793,0.0299040004611015,0.0129828732460737,113.239601135254,-87.6824,25.6366,9.9349982394158,63,63,63,63,61,63,0,8045,1.29563008188212,26,-88,0.001869,51,2026-08-23 04:17:35.000454,646,1.037,0.0011,"aoml_navis",1030.19906697022
"7901009",120,0,1,0.028035,1,0.005607,1,117.653059173503,1,4.85337631403545,648,1,7.57800006866455,34.9109992980957,0.0280349999666214,0.0115403309464455,113.451202392578,-87.6824,25.6366,9.9349982394158,63,63,63,63,61,63,0,8045,1.29563008188212,26,-88,0.001869,51,2026-08-23 04:17:35.000454,648,1.037,0.0011,"aoml_navis",1030.21065676291
"7901009",120,0,1,0.028035,1,0.005607,1,117.796067887299,1,4.85332241460481,650,1,7.55299997329712,34.9090003967285,0.0280349999666214,0.0115403309464455,113.58910369873,-87.6824,25.6366,9.9349982394158,63,63,63,63,61,63,0,8045,1.29563008188212,26,-88,0.001869,51,2026-08-23 04:17:35.000454,650,1.037,0.0011,"aoml_navis",1030.2220979496
"7901009",120,0,1,0.029904,1,0.007476,1,117.850818664587,1,4.85327390084325,652,1,7.54500007629395,34.9090003967285,0.0299040004611015,0.0129828732460737,113.641899108887,-87.6824,25.6366,9.9349982394158,63,63,63,63,61,63,0,8045,1.29563008188212,26,-88,0.001869,51,2026-08-23 04:17:35.000454,652,1.037,0.0011,"aoml_navis",1030.23239614217
"7901009",120,0,1,0.029904,1,0.007476,1,117.950272027377,1,4.85322757411046,654,1,7.53499984741211,34.9080009460449,0.0299040004611015,0.0129828732460737,113.737800598145,-87.6824,25.6366,9.9349982394158,63,63,63,63,61,63,0,8045,1.29563008188212,26,-88,0.001869,51,2026-08-23 04:17:35.000454,654,1.037,0.0011,"aoml_navis",1030.24223027836
"7901009",120,0,1,0.029904,1,0.007476,1,118.05770855986,1,4.85317233220054,656,1,7.51800012588501,34.9080009460449,0.0299040004611015,0.0129828732460737,113.841400146484,-87.6824,25.6366,9.9349982394158,63,63,63,63,61,63,0,8045,1.29563008188212,26,-88,0.001869,51,2026-08-23 04:17:35.000454,656,1.037,0.0011,"aoml_navis",1030.25395715402
"7901009",120,0,1,0.029904,1,0.007476,1,118.18774956788,1,4.85312601507995,658,1,7.50799989700317,34.9070014953613,0.0299040004611015,0.0129828732460737,113.966796875,-87.6824,25.6366,9.9349982394158,63,63,63,63,61,63,0,8045,1.29563008188212,26,-88,0.001869,51,2026-08-23 04:17:35.000454,658,1.037,0.0011,"aoml_navis",1030.26378966128
"7901009",120,0,1,0.031773,1,0.009345,1,118.283262773576,1,4.85308121081064,660,1,7.5,34.9059982299805,0.0317730009555817,0.0144254146143794,114.058898925781,-87.6824,25.6366,9.9349982394158,63,63,63,63,61,63,0,8045,1.29563008188212,26,-88,0.001869,51,2026-08-23 04:17:35.000454,660,1.037,0.0011,"aoml_navis",1030.27330118896
"7901009",120,0,1,0.029904,1,0.007476,1,118.407812879943,1,4.85303340630735,662,1,7.48799991607666,34.9049987792969,0.0299040004611015,0.0129828732460737,114.179000854492,-87.6824,25.6366,9.9349982394158,63,63,63,63,61,63,0,8045,1.29563008188212,26,-88,0.001869,51,2026-08-23 04:17:35.000454,662,1.037,0.0011,"aoml_navis",1030.28344983194
"7901009",120,0,1,0.028035,1,0.005607,1,118.49512929297,1,4.85297669959239,664,1,7.4689998626709,34.9049987792969,0.0280349999666214,0.0115403309464455,114.263198852539,-87.6824,25.6366,9.9349982394158,63,63,63,63,61,63,0,8045,1.29563008188212,26,-88,0.001869,51,2026-08-23 04:17:35.000454,664,1.037,0.0011,"aoml_navis",1030.29548862659
"7901009",120,0,1,0.031773,1,0.009345,1,118.689265105442,1,4.85293040043308,666,1,7.45900011062622,34.9039993286133,0.0317730009555817,0.0144254146143794,114.450401306152,-87.6824,25.6366,9.9349982394158,63,63,63,63,61,63,0,8045,1.29563008188212,26,-88,0.001869,51,2026-08-23 04:17:35.000454,666,1.037,0.0011,"aoml_navis",1030.30531811332
"7901009",120,0,1,0.033642,1,0.011214,1,118.868668844603,1,4.85288186790572,668,1,7.44600009918213,34.9029998779297,0.0336420014500618,0.0158679541200399,114.623397827148,-87.6824,25.6366,9.9349982394158,63,63,63,63,61,63,0,8045,1.29563008188212,26,-88,0.001869,51,2026-08-23 04:17:35.000454,668,1.037,0.0011,"aoml_navis",1030.31562195388
"7901009",120,0,1,0.028035,1,0.005607,1,119.151885437636,1,4.8528325963843,670,1,7.43200016021729,34.9020004272461,0.0280349999666214,0.0115403309464455,114.896499633789,-87.6824,25.6366,9.9349982394158,63,63,63,63,61,63,0,8045,1.29563008188212,26,-88,0.001869,51,2026-08-23 04:17:35.000454,670,1.037,0.0011,"aoml_navis",1030.32608289957
"7901009",120,0,1,0.029904,1,0.007476,1,119.58671895916,1,4.8527736203915,672,1,7.40000009536743,34.9000015258789,0.0299040004611015,0.0129828732460737,115.315803527832,-87.6824,25.6366,9.9349982394158,63,63,63,63,61,63,0,8045,1.29563008188212,26,-88,0.001869,51,2026-08-23 04:17:35.000454,672,1.037,0.0011,"aoml_navis",1030.33860450235
"7901009",120,0,1,0.029904,1,0.007476,1,119.949158028057,1,4.85271544225856,674,1,7.36899995803833,34.8979988098145,0.0299040004611015,0.0129828732460737,115.665298461914,-87.6824,25.6366,9.9349982394158,63,63,63,63,61,63,0,8045,1.29563008188212,26,-88,0.001869,51,2026-08-23 04:17:35.000454,674,1.037,0.0011,"aoml_navis",1030.35095700416
"7901009",120,0,1,0.031773,1,0.009345,1,120.342611988134,1,4.85267211725832,676,1,7.35799980163574,34.8959999084473,0.0317730009555817,0.0144254146143794,116.044700622559,-87.6824,25.6366,9.9349982394158,63,63,63,63,61,63,0,8045,1.29563008188212,26,-88,0.001869,51,2026-08-23 04:17:35.000454,676,1.037,0.0011,"aoml_navis",1030.36015605046
"7901009",120,0,1,0.028035,1,0.005607,1,120.881867584606,1,4.85260287304676,678,1,7.31199979782104,34.8940010070801,0.0280349999666214,0.0115403309464455,116.564697265625,-87.6824,25.6366,9.9349982394158,63,63,63,63,61,63,0,8045,1.29563008188212,26,-88,0.001869,51,2026-08-23 04:17:35.000454,678,1.037,0.0011,"aoml_navis",1030.37485877362
"7901009",120,0,1,0.031773,1,0.009345,1,121.1719280248,1,4.85254922636608,680,1,7.28200006484985,34.890998840332,0.0317730009555817,0.0144254146143794,116.844398498535,-87.6824,25.6366,9.9349982394158,63,63,63,63,61,63,0,8045,1.29563008188212,26,-88,0.001869,51,2026-08-23 04:17:35.000454,680,1.037,0.0011,"aoml_navis",1030.38624993905
"7901009",120,0,1,0.031773,1,0.009345,1,121.456386795872,1,4.85250815829541,682,1,7.27899980545044,34.8899993896484,0.0317730009555817,0.0144254146143794,117.118698120117,-87.6824,25.6366,9.9349982394158,63,63,63,63,61,63,0,8045,1.29563008188212,26,-88,0.001869,51,2026-08-23 04:17:35.000454,682,1.037,0.0011,"aoml_navis",1030.39497037268
"7901009",120,0,1,0.033642,1,0.011214,1,121.951992097793,1,4.85245454368702,684,1,7.25899982452393,34.8889999389648,0.0336420014500618,0.0158679541200399,117.596603393555,-87.6824,25.6366,9.9349982394158,63,63,63,63,61,63,0,8045,1.29563008188212,26,-88,0.001869,51,2026-08-23 04:17:35.000454,684,1.037,0.0011,"aoml_navis",1030.40635517234
"7901009",120,0,1,0.028035,1,0.005607,1,122.448000909778,1,4.85237960792104,686,1,7.19999980926514,34.8860015869141,0.0280349999666214,0.0115403309464455,118.074897766113,-87.6824,25.6366,9.9349982394158,63,63,63,63,61,63,0,8045,1.29563008188212,26,-88,0.001869,51,2026-08-23 04:17:35.000454,686,1.037,0.0011,"aoml_navis",1030.422267837
"7901009",120,0,1,0.028035,1,0.005607,1,122.551702996181,1,4.85232462928091,688,1,7.16800022125244,34.882999420166,0.0280349999666214,0.0115403309464455,118.174896240234,-87.6824,25.6366,9.9349982394158,63,63,63,63,61,63,0,8045,1.29563008188212,26,-88,0.001869,51,2026-08-23 04:17:35.000454,688,1.037,0.0011,"aoml_navis",1030.43394290398
"7901009",120,0,1,0.029904,1,0.007476,1,122.731628924836,1,4.85225567601968,690,1,7.13700008392334,34.8839988708496,0.0299040004611015,0.0129828732460737,118.34839630127,-87.6824,25.6366,9.9349982394158,63,63,63,63,61,63,0,8045,1.29563008188212,26,-88,0.001869,51,2026-08-23 04:17:35.000454,690,1.037,0.0011,"aoml_navis",1030.4485859454
"7901009",120,0,1,0.029904,1,0.007476,1,123.022417265537,1,4.85217872353341,692,1,7.09499979019165,34.8849983215332,0.0299040004611015,0.0129828732460737,118.628799438477,-87.6824,25.6366,9.9349982394158,63,63,63,63,61,63,0,8045,1.29563008188212,26,-88,0.001869,51,2026-08-23 04:17:35.000454,692,1.037,0.0011,"aoml_navis",1030.46492820836
"7901009",120,0,1,0.033642,1,0.011214,1,123.289556751713,1,4.85212164223188,694,1,7.06500005722046,34.882999420166,0.0336420014500618,0.0158679541200399,118.88639831543,-87.6824,25.6366,9.9349982394158,63,63,63,63,61,63,0,8045,1.29563008188212,26,-88,0.001869,51,2026-08-23 04:17:35.000454,694,1.037,0.0011,"aoml_navis",1030.47705079795
"7901009",120,0,1,0.029904,1,0.007476,1,123.467512601822,1,4.85206378058959,696,1,7.04400014877319,34.882999420166,0.0299040004611015,0.0129828732460737,119.057998657227,-87.6824,25.6366,9.9349982394158,63,63,63,63,61,63,0,8045,1.29563008188212,26,-88,0.001869,51,2026-08-23 04:17:35.000454,696,1.037,0.0011,"aoml_navis",1030.4893394028
"7901009",120,0,1,0.028035,1,0.005607,1,123.586358183561,1,4.85200884498903,698,1,7.02699995040894,34.882999420166,0.0280349999666214,0.0115403309464455,119.17259979248,-87.6824,25.6366,9.9349982394158,63,63,63,63,61,63,0,8045,1.29563008188212,26,-88,0.001869,51,2026-08-23 04:17:35.000454,698,1.037,0.0011,"aoml_navis",1030.5010068487
"7901009",120,0,1,0.033642,1,0.011214,1,123.697734873139,1,4.85196555684769,700,1,7.02600002288818,34.882999420166,0.0336420014500618,0.0158679541200399,119.279998779297,-87.6824,25.6366,9.9349982394158,63,63,63,63,61,63,0,8045,1.29563008188212,26,-88,0.001869,51,2026-08-23 04:17:35.000454,700,1.037,0.0011,"aoml_navis",1030.51020074604
"7901009",120,0,1,0.029904,1,0.007476,1,123.956788334114,1,4.85192449904409,702,1,7.02299976348877,34.8819999694824,0.0299040004611015,0.0129828732460737,119.529800415039,-87.6824,25.6366,9.9349982394158,63,63,63,63,61,63,0,8045,1.29563008188212,26,-88,0.001869,51,2026-08-23 04:17:35.000454,702,1.037,0.0011,"aoml_navis",1030.5189210972
"7901009",120,0,1,0.026166,1,0.003738,1,124.35179303875,1,4.85187035152127,704,1,7.0019998550415,34.8810005187988,0.0261659994721413,0.0100977895781398,119.910697937012,-87.6824,25.6366,9.9349982394158,63,63,63,63,61,63,0,8045,1.29563008188212,26,-88,0.001869,51,2026-08-23 04:17:35.000454,704,1.037,0.0011,"aoml_navis",1030.53042182635
"7901009",120,0,1,0.029904,1,0.007476,1,124.806224490237,1,4.8518046108381,706,1,6.96500015258789,34.8800010681152,0.0299040004611015,0.0129828732460737,120.348899841309,-87.6824,25.6366,9.9349982394158,63,63,63,63,61,63,0,8045,1.29563008188212,26,-88,0.001869,51,2026-08-23 04:17:35.000454,706,1.037,0.0011,"aoml_navis",1030.54438524397
"7901009",120,0,1,0.029904,1,0.007476,1,125.147095550624,1,4.85174544050489,708,1,6.93699979782104,34.8790016174316,0.0299040004611015,0.0129828732460737,120.677597045898,-87.6824,25.6366,9.9349982394158,63,63,63,63,61,63,0,8045,1.29563008188212,26,-88,0.001869,51,2026-08-23 04:17:35.000454,708,1.037,0.0011,"aoml_navis",1030.55695343317
"7901009",120,0,1,0.028035,1,0.005607,1,125.472831027637,1,4.85169426964178,710,1,6.92000007629395,34.8779983520508,0.0280349999666214,0.0115403309464455,120.99169921875,-87.6824,25.6366,9.9349982394158,63,63,63,63,61,63,0,8045,1.29563008188212,26,-88,0.001869,51,2026-08-23 04:17:35.000454,710,1.037,0.0011,"aoml_navis",1030.56782272663
"7901009",120,0,1,0.029904,1,0.007476,1,125.719850394356,1,4.85163290814432,712,1,6.89400005340576,34.8779983520508,0.0299040004611015,0.0129828732460737,121.22989654541,-87.6824,25.6366,9.9349982394158,63,63,63,63,61,63,0,8045,1.29563008188212,26,-88,0.001869,51,2026-08-23 04:17:35.000454,712,1.037,0.0011,"aoml_navis",1030.58085693306
"7901009",120,0,1,0.031773,1,0.009345,1,125.925909533616,1,4.85158102823786,714,1,6.87599992752075,34.8769989013672,0.0317730009555817,0.0144254146143794,121.428596496582,-87.6824,25.6366,9.9349982394158,63,63,63,63,61,63,0,8045,1.29563008188212,26,-88,0.001869,51,2026-08-23 04:17:35.000454,714,1.037,0.0011,"aoml_navis",1030.5918773485
"7901009",120,0,1,0.028035,1,0.005607,1,126.118280978554,1,4.85152835944705,716,1,6.86199998855591,34.8769989013672,0.0280349999666214,0.0115403309464455,121.614097595215,-87.6824,25.6366,9.9349982394158,63,63,63,63,61,63,0,8045,1.29563008188212,26,-88,0.001869,51,2026-08-23 04:17:35.000454,716,1.037,0.0011,"aoml_navis",1030.60306558115
"7901009",120,0,1,0.031773,1,0.009345,1,126.249049887081,1,4.8514829856148,718,1,6.85300016403198,34.8759994506836,0.0317730009555817,0.0144254146143794,121.740196228027,-87.6824,25.6366,9.9349982394158,63,63,63,63,61,63,0,8045,1.29563008188212,26,-88,0.001869,51,2026-08-23 04:17:35.000454,718,1.037,0.0011,"aoml_navis",1030.61270436804
"7901009",120,0,1,0.031773,1,0.009345,1,126.392058600878,1,4.85143176875365,720,1,6.84100008010864,34.8759994506836,0.0317730009555817,0.0144254146143794,121.87809753418,-87.6824,25.6366,9.9349982394158,63,63,63,63,61,63,0,8045,1.29563008188212,26,-88,0.001869,51,2026-08-23 04:17:35.000454,720,1.037,0.0011,"aoml_navis",1030.62358460923
"7901009",120,0,1,0.031773,1,0.009345,1,126.529054223527,1,4.85137839748044,722,1,6.82600021362305,34.8759994506836,0.0317730009555817,0.0144254146143794,122.010200500488,-87.6824,25.6366,9.9349982394158,63,63,63,63,61,63,0,8045,1.29563008188212,26,-88,0.001869,51,2026-08-23 04:17:35.000454,722,1.037,0.0011,"aoml_navis",1030.63492276685
"7901009",120,0,1,0.029904,1,0.007476,1,126.650487016852,1,4.85132575310529,724,1,6.81199979782104,34.8759994506836,0.0299040004611015,0.0129828732460737,122.127296447754,-87.6824,25.6366,9.9349982394158,63,63,63,63,61,63,0,8045,1.29563008188212,26,-88,0.001869,51,2026-08-23 04:17:35.000454,724,1.037,0.0011,"aoml_navis",1030.64610674712
"7901009",120,0,1,0.028035,1,0.005607,1,126.820253986254,1,4.8512731160131,726,1,6.7979998588562,34.8759994506836,0.0280349999666214,0.0115403309464455,122.291000366211,-87.6824,25.6366,9.9349982394158,63,63,63,63,61,63,0,8045,1.29563008188212,26,-88,0.001869,51,2026-08-23 04:17:35.000454,726,1.037,0.0011,"aoml_navis",1030.65728942285
"7901009",120,0,1,0.029904,1,0.007476,1,127.049439790544,1,4.85122120414658,728,1,6.78499984741211,34.8759994506836,0.0299040004611015,0.0129828732460737,122.512001037598,-87.6824,25.6366,9.9349982394158,63,63,63,63,61,63,0,8045,1.29563008188212,26,-88,0.001869,51,2026-08-23 04:17:35.000454,728,1.037,0.0011,"aoml_navis",1030.66831826309
"7901009",120,0,1,0.028035,1,0.005607,1,127.341573164791,1,4.85116068718288,730,1,6.76000022888184,34.8759994506836,0.0280349999666214,0.0115403309464455,122.793701171875,-87.6824,25.6366,9.9349982394158,63,63,63,63,61,63,0,8045,1.29563008188212,26,-88,0.001869,51,2026-08-23 04:17:35.000454,730,1.037,0.0011,"aoml_navis",1030.68117558142
"7901009",120,0,1,0.028035,1,0.005607,1,127.60363317134,1,4.85111319427628,732,1,6.7480001449585,34.875,0.0280349999666214,0.0115403309464455,123.046401977539,-87.6824,25.6366,9.9349982394158,63,63,63,63,61,63,0,8045,1.29563008188212,26,-88,0.001869,51,2026-08-23 04:17:35.000454,732,1.037,0.0011,"aoml_navis",1030.69126605815
"7901009",120,0,1,0.031773,1,0.009345,1,127.914636575042,1,4.85105127995783,734,1,6.72100019454956,34.875,0.0317730009555817,0.0144254146143794,123.346298217773,-87.6824,25.6366,9.9349982394158,63,63,63,63,61,63,0,8045,1.29563008188212,26,-88,0.001869,51,2026-08-23 04:17:35.000454,734,1.037,0.0011,"aoml_navis",1030.70442084534
"7901009",120,0,1,0.029904,1,0.007476,1,128.054433032252,1,4.85100165748828,736,1,6.70599985122681,34.8740005493164,0.0299040004611015,0.0129828732460737,123.481101989746,-87.6824,25.6366,9.9349982394158,63,63,63,63,61,63,0,8045,1.29563008188212,26,-88,0.001869,51,2026-08-23 04:17:35.000454,736,1.037,0.0011,"aoml_navis",1030.71496425521
"7901009",120,0,1,0.031773,1,0.009345,1,128.172242146965,1,4.85095693778326,738,1,6.70300006866455,34.8740005493164,0.0317730009555817,0.0144254146143794,123.594703674316,-87.6824,25.6366,9.9349982394158,63,63,63,63,61,63,0,8045,1.29563008188212,26,-88,0.001869,51,2026-08-23 04:17:35.000454,738,1.037,0.0011,"aoml_navis",1030.72446614726
"7901009",120,0,1,0.029904,1,0.007476,1,128.347705729033,1,4.85090935908949,740,1,6.69600009918213,34.8740005493164,0.0299040004611015,0.0129828732460737,123.763900756836,-87.6824,25.6366,9.9349982394158,63,63,63,63,61,63,0,8045,1.29563008188212,26,-88,0.001869,51,2026-08-23 04:17:35.000454,740,1.037,0.0011,"aoml_navis",1030.73457569995
"7901009",120,0,1,0.031773,1,0.009345,1,128.551272600251,1,4.85085820864327,742,1,6.68400001525879,34.8740005493164,0.0317730009555817,0.0144254146143794,123.96019744873,-87.6824,25.6366,9.9349982394158,63,63,63,63,61,63,0,8045,1.29563008188212,26,-88,0.001869,51,2026-08-23 04:17:35.000454,742,1.037,0.0011,"aoml_navis",1030.74544440219
"7901009",120,0,1,0.033642,1,0.011214,1,128.815927730348,1,4.85081431999515,744,1,6.67700004577637,34.8730010986328,0.0336420014500618,0.0158679541200399,124.215400695801,-87.6824,25.6366,9.9349982394158,63,63,63,63,61,63,0,8045,1.29563008188212,26,-88,0.001869,51,2026-08-23 04:17:35.000454,744,1.037,0.0011,"aoml_navis",1030.75477026402
"7901009",120,0,1,0.028035,1,0.005607,1,129.184902079886,1,4.85076960653136,746,1,6.67399978637695,34.8730010986328,0.0280349999666214,0.0115403309464455,124.571197509766,-87.6824,25.6366,9.9349982394158,63,63,63,63,61,63,0,8045,1.29563008188212,26,-88,0.001869,51,2026-08-23 04:17:35.000454,746,1.037,0.0011,"aoml_navis",1030.76427156377
"7901009",120,0,1,0.028035,1,0.005607,1,129.952417781091,1,4.85072000826668,748,1,6.65899991989136,34.8720016479492,0.0280349999666214,0.0115403309464455,125.311302185059,-87.6824,25.6366,9.9349982394158,63,63,63,63,61,63,0,8045,1.29563008188212,26,-88,0.001869,51,2026-08-23 04:17:35.000454,748,1.037,0.0011,"aoml_navis",1030.77481105463
"7901009",120,0,1,0.028035,1,0.005607,1,130.960520423879,1,4.85065131284663,750,1,6.61199998855591,34.8699989318848,0.0280349999666214,0.0115403309464455,126.283401489258,-87.6824,25.6366,9.9349982394158,63,63,63,63,61,63,0,8045,1.29563008188212,26,-88,0.001869,51,2026-08-23 04:17:35.000454,750,1.037,0.0011,"aoml_navis",1030.78940899294
"7901009",120,0,1,0.033642,1,0.011214,1,131.499467453832,1,4.85058540258337,752,1,6.57399988174438,34.8689994812012,0.0336420014500618,0.0158679541200399,126.803100585938,-87.6824,25.6366,9.9349982394158,63,63,63,63,61,63,0,8045,1.29563008188212,26,-88,0.001869,51,2026-08-23 04:17:35.000454,752,1.037,0.0011,"aoml_navis",1030.80341546756
"7901009",120,0,1,0.028035,1,0.005607,1,132.023065277435,1,4.85051870132538,754,1,6.53999996185303,34.8689994812012,0.0280349999666214,0.0115403309464455,127.307998657227,-87.6824,25.6366,9.9349982394158,63,63,63,63,61,63,0,8045,1.29563008188212,26,-88,0.001869,51,2026-08-23 04:17:35.000454,754,1.037,0.0011,"aoml_navis",1030.8175904226
"7901009",120,0,1,0.028035,1,0.005607,1,132.398891386097,1,4.85046492932624,756,1,6.51900005340576,34.8680000305176,0.0280349999666214,0.0115403309464455,127.670402526855,-87.6824,25.6366,9.9349982394158,63,63,63,63,61,63,0,8045,1.29563008188212,26,-88,0.001869,51,2026-08-23 04:17:35.000454,756,1.037,0.0011,"aoml_navis",1030.8290180122
"7901009",120,0,1,0.029904,1,0.007476,1,132.776157471849,1,4.85040890218234,758,1,6.5,34.8680000305176,0.0299040004611015,0.0129828732460737,128.034194946289,-87.6824,25.6366,9.9349982394158,63,63,63,63,61,63,0,8045,1.29563008188212,26,-88,0.001869,51,2026-08-23 04:17:35.000454,758,1.037,0.0011,"aoml_navis",1030.84092513321
"7901009",120,0,1,0.029904,1,0.007476,1,133.280260220996,1,4.85036010576195,760,1,6.48600006103516,34.867000579834,0.0299040004611015,0.0129828732460737,128.520294189453,-87.6824,25.6366,9.9349982394158,63,63,63,63,61,63,0,8045,1.29563008188212,26,-88,0.001869,51,2026-08-23 04:17:35.000454,760,1.037,0.0011,"aoml_navis",1030.85129577499
"7901009",120,0,1,0.029904,1,0.007476,1,133.859763968344,1,4.85029563591752,762,1,6.45499992370605,34.867000579834,0.0299040004611015,0.0129828732460737,129.0791015625,-87.6824,25.6366,9.9349982394158,63,63,63,63,61,63,0,8045,1.29563008188212,26,-88,0.001869,51,2026-08-23 04:17:35.000454,762,1.037,0.0011,"aoml_navis",1030.8649977898
"7901009",120,0,1,0.029904,1,0.007476,1,134.471295338014,1,4.85023700216717,764,1,6.42700004577637,34.8660011291504,0.0299040004611015,0.0129828732460737,129.668792724609,-87.6824,25.6366,9.9349982394158,63,63,63,63,61,63,0,8045,1.29563008188212,26,-88,0.001869,51,2026-08-23 04:17:35.000454,764,1.037,0.0011,"aoml_navis",1030.87745975422
"7901009",120,0,1,0.033642,1,0.011214,1,134.821099003539,1,4.85017541620692,766,1,6.40000009536743,34.8660011291504,0.0336420014500618,0.0158679541200399,130.006103515625,-87.6824,25.6366,9.9349982394158,63,63,63,63,61,63,0,8045,1.29563008188212,26,-88,0.001869,51,2026-08-23 04:17:35.000454,766,1.037,0.0011,"aoml_navis",1030.8905495031
"7901009",120,0,1,0.031773,1,0.009345,1,135.06863264779,1,4.85012368639632,768,1,6.38700008392334,34.8660011291504,0.0317730009555817,0.0144254146143794,130.24479675293,-87.6824,25.6366,9.9349982394158,63,63,63,63,61,63,0,8045,1.29563008188212,26,-88,0.001869,51,2026-08-23 04:17:35.000454,768,1.037,0.0011,"aoml_navis",1030.90154463979
"7901009",120,0,1,0.031773,1,0.009345,1,135.406916496592,1,4.85007406823997,770,1,6.3769998550415,34.8660011291504,0.0317730009555817,0.0144254146143794,130.570999145508,-87.6824,25.6366,9.9349982394158,63,63,63,63,61,63,0,8045,1.29563008188212,26,-88,0.001869,51,2026-08-23 04:17:35.000454,770,1.037,0.0011,"aoml_navis",1030.91209116615
"7901009",120,0,1,0.029904,1,0.007476,1,135.88467241216,1,4.85002603494939,772,1,6.36399984359741,34.8650016784668,0.0299040004611015,0.0129828732460737,131.031692504883,-87.6824,25.6366,9.9349982394158,63,63,63,63,61,63,0,8045,1.29563008188212,26,-88,0.001869,51,2026-08-23 04:17:35.000454,772,1.037,0.0011,"aoml_navis",1030.92230102888
"7901009",120,0,1,0.029904,1,0.007476,1,136.35652600405,1,4.84996012463314,774,1,6.33599996566772,34.8660011291504,0.0299040004611015,0.0129828732460737,131.486694335938,-87.6824,25.6366,9.9349982394158,63,63,63,63,61,63,0,8045,1.29563008188212,26,-88,0.001869,51,2026-08-23 04:17:35.000454,774,1.037,0.0011,"aoml_navis",1030.93631112652
"7901009",120,0,1,0.028035,1,0.005607,1,136.556572052162,1,4.84990422548562,776,1,6.31699991226196,34.8660011291504,0.0280349999666214,0.0115403309464455,131.679595947266,-87.6824,25.6366,9.9349982394158,63,63,63,63,61,63,0,8045,1.29563008188212,26,-88,0.001869,51,2026-08-23 04:17:35.000454,776,1.037,0.0011,"aoml_navis",1030.94819351806
"7901009",120,0,1,0.029904,1,0.007476,1,136.694398430826,1,4.84986162692444,778,1,6.31699991226196,34.8660011291504,0.0299040004611015,0.0129828732460737,131.8125,-87.6824,25.6366,9.9349982394158,63,63,63,63,61,63,0,8045,1.29563008188212,26,-88,0.001869,51,2026-08-23 04:17:35.000454,778,1.037,0.0011,"aoml_navis",1030.95724880934
"7901009",120,0,1,0.024297,1,0.001869,1,136.903147637178,1,4.84981921742005,780,1,6.31199979782104,34.8650016784668,0.0242970008403063,0.0086552482098341,132.013793945312,-87.6824,25.6366,9.9349982394158,63,63,63,63,61,63,0,8045,1.29563008188212,26,-88,0.001869,51,2026-08-23 04:17:35.000454,780,1.037,0.0011,"aoml_navis",1030.96626407032
"7901009",120,0,1,0.029904,1,0.007476,1,137.116375014042,1,4.84977032558757,782,1,6.30299997329712,34.8650016784668,0.0299040004611015,0.0129828732460737,132.21940612793,-87.6824,25.6366,9.9349982394158,63,63,63,63,61,63,0,8045,1.29563008188212,26,-88,0.001869,51,2026-08-23 04:17:35.000454,782,1.037,0.0011,"aoml_navis",1030.97665751712
"7901009",120,0,1,0.031773,1,0.009345,1,137.287795583509,1,4.84971724234963,784,1,6.28800010681152,34.8650016784668,0.0317730009555817,0.0144254146143794,132.384704589844,-87.6824,25.6366,9.9349982394158,63,63,63,63,61,63,0,8045,1.29563008188212,26,-88,0.001869,51,2026-08-23 04:17:35.000454,784,1.037,0.0011,"aoml_navis",1030.98794221198
"7901009",120,0,1,0.029904,1,0.007476,1,137.439088121557,1,4.84965698971696,786,1,6.26800012588501,34.8660011291504,0.0299040004611015,0.0129828732460737,132.53059387207,-87.6824,25.6366,9.9349982394158,63,63,63,63,61,63,0,8045,1.29563008188212,26,-88,0.001869,51,2026-08-23 04:17:35.000454,786,1.037,0.0011,"aoml_navis",1031.00075131124
"7901009",120,0,1,0.029904,1,0.007476,1,137.506197383544,1,4.84960950734825,788,1,6.26100015640259,34.8660011291504,0.0299040004611015,0.0129828732460737,132.595306396484,-87.6824,25.6366,9.9349982394158,63,63,63,63,61,63,0,8045,1.29563008188212,26,-88,0.001869,51,2026-08-23 04:17:35.000454,788,1.037,0.0011,"aoml_navis",1031.01084580601
"7901009",120,0,1,0.031773,1,0.009345,1,137.596615285689,1,4.84956621514495,790,1,6.26000022888184,34.8660011291504,0.0317730009555817,0.0144254146143794,132.682495117188,-87.6824,25.6366,9.9349982394158,63,63,63,63,61,63,0,8045,1.29563008188212,26,-88,0.001869,51,2026-08-23 04:17:35.000454,790,1.037,0.0011,"aoml_navis",1031.02004966656
"7901009",120,0,1,0.029904,1,0.007476,1,137.741293423475,1,4.84952292481648,792,1,6.25899982452393,34.8660011291504,0.0299040004611015,0.0129828732460737,132.822006225586,-87.6824,25.6366,9.9349982394158,63,63,63,63,61,63,0,8045,1.29563008188212,26,-88,0.001869,51,2026-08-23 04:17:35.000454,792,1.037,0.0011,"aoml_navis",1031.02925329283
"7901009",120,0,1,0.028035,1,0.005607,1,138.026060761067,1,4.8494768439817,794,1,6.25400018692017,34.8660011291504,0.0280349999666214,0.0115403309464455,133.096603393555,-87.6824,25.6366,9.9349982394158,63,63,63,63,61,63,0,8045,1.29563008188212,26,-88,0.001869,51,2026-08-23 04:17:35.000454,794,1.037,0.0011,"aoml_navis",1031.0390503679
"7901009",120,0,1,0.029904,1,0.007476,1,138.464937295192,1,4.84942727443051,796,1,6.24399995803833,34.8660011291504,0.0299040004611015,0.0129828732460737,133.519805908203,-87.6824,25.6366,9.9349982394158,63,63,63,63,61,63,0,8045,1.29563008188212,26,-88,0.001869,51,2026-08-23 04:17:35.000454,796,1.037,0.0011,"aoml_navis",1031.04958937387
"7901009",120,0,1,0.028035,1,0.005607,1,138.965827787752,1,4.84936585669134,798,1,6.21700000762939,34.8660011291504,0.0280349999666214,0.0115403309464455,134.002807617188,-87.6824,25.6366,9.9349982394158,63,63,63,63,61,63,0,8045,1.29563008188212,26,-88,0.001869,51,2026-08-23 04:17:35.000454,798,1.037,0.0011,"aoml_navis",1031.0626477276
"7901009",120,0,1,0.028035,1,0.005607,1,139.386965702993,1,4.84931351444605,800,1,6.20300006866455,34.8660011291504,0.0280349999666214,0.0115403309464455,134.408905029297,-87.6824,25.6366,9.9349982394158,63,63,63,63,61,63,0,8045,1.29563008188212,26,-88,0.001869,51,2026-08-23 04:17:35.000454,800,1.037,0.0011,"aoml_navis",1031.07377675315
"7901009",120,0,1,0.031773,1,0.009345,1,139.821379890529,1,4.8492641692,802,1,6.18800020217896,34.8650016784668,0.0317730009555817,0.0144254146143794,134.82780456543,-87.6824,25.6366,9.9349982394158,63,63,63,63,61,63,0,8045,1.29563008188212,26,-88,0.001869,51,2026-08-23 04:17:35.000454,802,1.037,0.0011,"aoml_navis",1031.08426877574
"7901009",120,0,1,0.031773,1,0.009345,1,140.12243004599,1,4.84920190055855,804,1,6.16499996185303,34.8660011291504,0.0317730009555817,0.0144254146143794,135.118103027344,-87.6824,25.6366,9.9349982394158,63,63,63,63,61,63,0,8045,1.29563008188212,26,-88,0.001869,51,2026-08-23 04:17:35.000454,804,1.037,0.0011,"aoml_navis",1031.09750893731
"7901009",120,0,1,0.031773,1,0.009345,1,140.266475226813,1,4.84915097252016,806,1,6.15299987792969,34.8660011291504,0.0317730009555817,0.0144254146143794,135.25700378418,-87.6824,25.6366,9.9349982394158,63,63,63,63,61,63,0,8045,1.29563008188212,26,-88,0.001869,51,2026-08-23 04:17:35.000454,806,1.037,0.0011,"aoml_navis",1031.10833800282
"7901009",120,0,1,0.029904,1,0.007476,1,140.44609258895,1,4.8491028258193,808,1,6.14499998092651,34.8660011291504,0.0299040004611015,0.0129828732460737,135.430206298828,-87.6824,25.6366,9.9349982394158,63,63,63,63,61,63,0,8045,1.29563008188212,26,-88,0.001869,51,2026-08-23 04:17:35.000454,808,1.037,0.0011,"aoml_navis",1031.11857586877
"7901009",120,0,1,0.029904,1,0.007476,1,140.71332701867,1,4.8490526000125,810,1,6.13399982452393,34.8660011291504,0.0299040004611015,0.0129828732460737,135.687896728516,-87.6824,25.6366,9.9349982394158,63,63,63,63,61,63,0,8045,1.29563008188212,26,-88,0.001869,51,2026-08-23 04:17:35.000454,810,1.037,0.0011,"aoml_navis",1031.12925605037
"7901009",120,0,1,0.026166,1,0.003738,1,140.942520734922,1,4.84900445919344,812,1,6.12599992752075,34.8660011291504,0.0261659994721413,0.0100977895781398,135.908905029297,-87.6824,25.6366,9.9349982394158,63,63,63,63,61,63,0,8045,1.29563008188212,26,-88,0.001869,51,2026-08-23 04:17:35.000454,812,1.037,0.0011,"aoml_navis",1031.13949308095
"7901009",120,0,1,0.028035,1,0.005607,1,141.191510180188,1,4.84895562771333,814,1,6.11700010299683,34.8660011291504,0.0280349999666214,0.0115403309464455,136.149002075195,-87.6824,25.6366,9.9349982394158,63,63,63,63,61,63,0,8045,1.29563008188212,26,-88,0.001869,51,2026-08-23 04:17:35.000454,814,1.037,0.0011,"aoml_navis",1031.14987718663
"7901009",120,0,1,0.031773,1,0.009345,1,141.514539766185,1,4.8489040273402,816,1,6.10400009155273,34.8660011291504,0.0317730009555817,0.0144254146143794,136.460494995117,-87.6824,25.6366,9.9349982394158,63,63,63,63,61,63,0,8045,1.29563008188212,26,-88,0.001869,51,2026-08-23 04:17:35.000454,816,1.037,0.0011,"aoml_navis",1031.16085032986
"7901009",120,0,1,0.028035,1,0.005607,1,141.651638244341,1,4.84884805485153,818,1,6.09000015258789,34.867000579834,0.0280349999666214,0.0115403309464455,136.592697143555,-87.6824,25.6366,9.9349982394158,63,63,63,63,61,63,0,8045,1.29563008188212,26,-88,0.001869,51,2026-08-23 04:17:35.000454,818,1.037,0.0011,"aoml_navis",1031.17275349497
"7901009",120,0,1,0.029904,1,0.007476,1,141.822853102795,1,4.84880638154026,820,1,6.08599996566772,34.8660011291504,0.0299040004611015,0.0129828732460737,136.757797241211,-87.6824,25.6366,9.9349982394158,63,63,63,63,61,63,0,8045,1.29563008188212,26,-88,0.001869,51,2026-08-23 04:17:35.000454,820,1.037,0.0011,"aoml_navis",1031.18161596127
"7901009",120,0,1,0.026166,1,0.003738,1,142.031301654589,1,4.84875110969301,822,1,6.07299995422363,34.867000579834,0.0261659994721413,0.0100977895781398,136.958801269531,-87.6824,25.6366,9.9349982394158,63,63,63,63,61,63,0,8045,1.29563008188212,26,-88,0.001869,51,2026-08-23 04:17:35.000454,822,1.037,0.0011,"aoml_navis",1031.193370599
"7901009",120,0,1,0.028035,1,0.005607,1,142.173891034398,1,4.84869883800748,824,1,6.05900001525879,34.867000579834,0.0280349999666214,0.0115403309464455,137.096298217773,-87.6824,25.6366,9.9349982394158,63,63,63,63,61,63,0,8045,1.29563008188212,26,-88,0.001869,51,2026-08-23 04:17:35.000454,824,1.037,0.0011,"aoml_navis",1031.20448744032
"7901009",120,0,1,0.028035,1,0.005607,1,142.228752579154,1,4.84865141071315,826,1,6.05200004577637,34.867000579834,0.0280349999666214,0.0115403309464455,137.149200439453,-87.6824,25.6366,9.9349982394158,63,63,63,63,61,63,0,8045,1.29563008188212,26,-88,0.001869,51,2026-08-23 04:17:35.000454,826,1.037,0.0011,"aoml_navis",1031.2145742118
"7901009",120,0,1,0.029904,1,0.007476,1,142.290038637083,1,4.84860398568504,828,1,6.04500007629395,34.867000579834,0.0299040004611015,0.0129828732460737,137.208297729492,-87.6824,25.6366,9.9349982394158,63,63,63,63,61,63,0,8045,1.29563008188212,26,-88,0.001869,51,2026-08-23 04:17:35.000454,828,1.037,0.0011,"aoml_navis",1031.22466069861
"7901009",120,0,1,0.029904,1,0.007476,1,142.397055835579,1,4.8485508046727,830,1,6.03499984741211,34.8680000305176,0.0299040004611015,0.0129828732460737,137.311492919922,-87.6824,25.6366,9.9349982394158,63,63,63,63,61,63,0,8045,1.29563008188212,26,-88,0.001869,51,2026-08-23 04:17:35.000454,830,1.037,0.0011,"aoml_navis",1031.23597161885
"7901009",120,0,1,0.035511,1,0.013083,1,142.662755344665,1,4.84850269412854,832,1,6.02699995040894,34.8680000305176,0.0355109982192516,0.0173104964196682,137.56770324707,-87.6824,25.6366,9.9349982394158,63,63,63,63,61,63,0,8045,1.29563008188212,26,-88,0.001869,51,2026-08-23 04:17:35.000454,832,1.037,0.0011,"aoml_navis",1031.24620432921
"7901009",120,0,1,0.028035,1,0.005607,1,142.854715367577,1,4.8484538958907,834,1,6.01800012588501,34.8680000305176,0.0280349999666214,0.0115403309464455,137.752807617188,-87.6824,25.6366,9.9349982394158,63,63,63,63,61,63,0,8045,1.29563008188212,26,-88,0.001869,51,2026-08-23 04:17:35.000454,834,1.037,0.0011,"aoml_navis",1031.25658351371
"7901009",120,0,1,0.033642,1,0.011214,1,143.02406300299,1,4.84839382723522,836,1,5.9980001449585,34.8689994812012,0.0336420014500618,0.0158679541200399,137.916107177734,-87.6824,25.6366,9.9349982394158,63,63,63,63,61,63,0,8045,1.29563008188212,26,-88,0.001869,51,2026-08-23 04:17:35.000454,836,1.037,0.0011,"aoml_navis",1031.26936015658
"7901009",120,0,1,0.029904,1,0.007476,1,143.125889954391,1,4.848347795375,838,1,5.99300003051758,34.8689994812012,0.0299040004611015,0.0129828732460737,138.014297485352,-87.6824,25.6366,9.9349982394158,63,63,63,63,61,63,0,8045,1.29563008188212,26,-88,0.001869,51,2026-08-23 04:17:35.000454,838,1.037,0.0011,"aoml_navis",1031.27915137806
"7901009",120,0,1,0.029904,1,0.007476,1,143.314843431729,1,4.84830383407876,840,1,5.99100017547607,34.8689994812012,0.0299040004611015,0.0129828732460737,138.196502685547,-87.6824,25.6366,9.9349982394158,63,63,63,63,61,63,0,8045,1.29563008188212,26,-88,0.001869,51,2026-08-23 04:17:35.000454,840,1.037,0.0011,"aoml_navis",1031.28850235312
"7901009",120,0,1,0.029904,1,0.007476,1,143.68475930475,1,4.8482614909154,842,1,5.98600006103516,34.8680000305176,0.0299040004611015,0.0129828732460737,138.553207397461,-87.6824,25.6366,9.9349982394158,63,63,63,63,61,63,0,8045,1.29563008188212,26,-88,0.001869,51,2026-08-23 04:17:35.000454,842,1.037,0.0011,"aoml_navis",1031.29750929667
"7901009",120,0,1,0.031773,1,0.009345,1,144.045528949657,1,4.84820419788181,844,1,5.96999979019165,34.8689994812012,0.0317730009555817,0.0144254146143794,138.901092529297,-87.6824,25.6366,9.9349982394158,63,63,63,63,61,63,0,8045,1.29563008188212,26,-88,0.001869,51,2026-08-23 04:17:35.000454,844,1.037,0.0011,"aoml_navis",1031.3096965232
"7901009",120,0,1,0.029904,1,0.007476,1,144.389113813023,1,4.84814571784616,846.099975585938,1,5.94999980926514,34.8689994812012,0.0299040004611015,0.0129828732460737,139.232406616211,-87.6824,25.6366,9.9349982394158,63,63,63,63,61,63,0,8045,1.29563008188212,26,-88,0.001869,51,2026-08-23 04:17:35.000454,846.099975585938,1.037,0.0011,"aoml_navis",1031.32213654281
"7901009",120,0,1,0.028035,1,0.005607,1,144.560629326034,1,4.84808988669686,848,1,5.93300008773804,34.8699989318848,0.0280349999666214,0.0115403309464455,139.397796630859,-87.6824,25.6366,9.9349982394158,63,63,63,63,61,63,0,8045,1.29563008188212,26,-88,0.001869,51,2026-08-23 04:17:35.000454,848,1.037,0.0011,"aoml_navis",1031.33401336472
"7901009",120,0,1,0.031773,1,0.009345,1,144.748854902865,1,4.84804249321863,850,1,5.92600011825562,34.8699989318848,0.0317730009555817,0.0144254146143794,139.579299926758,-87.6824,25.6366,9.9349982394158,63,63,63,63,61,63,0,8045,1.29563008188212,26,-88,0.001869,51,2026-08-23 04:17:35.000454,850,1.037,0.0011,"aoml_navis",1031.34409547646
"7901009",120,0,1,0.031773,1,0.009345,1,144.915306760174,1,4.84799372752116,852,1,5.91699981689453,34.8699989318848,0.0317730009555817,0.0144254146143794,139.739807128906,-87.6824,25.6366,9.9349982394158,63,63,63,63,61,63,0,8045,1.29563008188212,26,-88,0.001869,51,2026-08-23 04:17:35.000454,852,1.037,0.0011,"aoml_navis",1031.35446970897
"7901009",120,0,1,0.026166,1,0.003738,1,145.074796090891,1,4.84794977416587,854,1,5.91499996185303,34.8699989318848,0.0261659994721413,0.0100977895781398,139.893600463867,-87.6824,25.6366,9.9349982394158,63,63,63,63,61,63,0,8045,1.29563008188212,26,-88,0.001869,51,2026-08-23 04:17:35.000454,854,1.037,0.0011,"aoml_navis",1031.3638203606
"7901009",120,0,1,0.033642,1,0.011214,1,145.355306792908,1,4.84790032632112,856,1,5.90500020980835,34.8699989318848,0.0336420014500618,0.0158679541200399,140.164093017578,-87.6824,25.6366,9.9349982394158,63,63,63,63,61,63,0,8045,1.29563008188212,26,-88,0.001869,51,2026-08-23 04:17:35.000454,856,1.037,0.0011,"aoml_navis",1031.37434011444
"7901009",120,0,1,0.031773,1,0.009345,1,145.663002996479,1,4.8478488224685,858,1,5.89200019836426,34.8699989318848,0.0317730009555817,0.0144254146143794,140.460800170898,-87.6824,25.6366,9.9349982394158,63,63,63,63,61,63,0,8045,1.29563008188212,26,-88,0.001869,51,2026-08-23 04:17:35.000454,858,1.037,0.0011,"aoml_navis",1031.38529750068
"7901009",120,0,1,0.031773,1,0.009345,1,145.937089185322,1,4.84779089584954,860,1,5.875,34.8709983825684,0.0317730009555817,0.0144254146143794,140.72509765625,-87.6824,25.6366,9.9349982394158,63,63,63,63,61,63,0,8045,1.29563008188212,26,-88,0.001869,51,2026-08-23 04:17:35.000454,860,1.037,0.0011,"aoml_navis",1031.39762160137
"7901009",120,0,1,0.029904,1,0.007476,1,146.204022960485,1,4.84774146163359,862,1,5.86499977111816,34.8709983825684,0.0299040004611015,0.0129828732460737,140.982498168945,-87.6824,25.6366,9.9349982394158,63,63,63,63,61,63,0,8045,1.29563008188212,26,-88,0.001869,51,2026-08-23 04:17:35.000454,862,1.037,0.0011,"aoml_navis",1031.40813914509
"7901009",120,0,1,0.035511,1,0.013083,1,146.513475619629,1,4.84769271650554,864,1,5.85599994659424,34.8709983825684,0.0355109982192516,0.0173104964196682,141.280899047852,-87.6824,25.6366,9.9349982394158,63,63,63,63,61,63,0,8045,1.29563008188212,26,-88,0.001869,51,2026-08-23 04:17:35.000454,864,1.037,0.0011,"aoml_navis",1031.41851028962
"7901009",120,0,1,0.029904,1,0.007476,1,146.767338833508,1,4.84764260440623,866,1,5.84499979019165,34.8709983825684,0.0299040004611015,0.0129828732460737,141.525695800781,-87.6824,25.6366,9.9349982394158,63,63,63,63,61,63,0,8045,1.29563008188212,26,-88,0.001869,51,2026-08-23 04:17:35.000454,866,1.037,0.0011,"aoml_navis",1031.42917249207
"7901009",120,0,1,0.029904,1,0.007476,1,146.954630798819,1,4.84759044345844,868,1,5.83099985122681,34.8709983825684,0.0299040004611015,0.0129828732460737,141.706298828125,-87.6824,25.6366,9.9349982394158,63,63,63,63,61,63,0,8045,1.29563008188212,26,-88,0.001869,51,2026-08-23 04:17:35.000454,868,1.037,0.0011,"aoml_navis",1031.44027085606
"7901009",120,0,1,0.031773,1,0.009345,1,147.061030864276,1,4.84754074721205,870,1,5.82600021362305,34.8720016479492,0.0317730009555817,0.0144254146143794,141.808898925781,-87.6824,25.6366,9.9349982394158,63,63,63,63,61,63,0,8045,1.29563008188212,26,-88,0.001869,51,2026-08-23 04:17:35.000454,870,1.037,0.0011,"aoml_navis",1031.45084502397
"7901009",120,0,1,0.029904,1,0.007476,1,147.214507103846,1,4.8474954357967,872,1,5.82200002670288,34.8720016479492,0.0299040004611015,0.0129828732460737,141.956893920898,-87.6824,25.6366,9.9349982394158,63,63,63,63,61,63,0,8045,1.29563008188212,26,-88,0.001869,51,2026-08-23 04:17:35.000454,872,1.037,0.0011,"aoml_navis",1031.46048639409
"7901009",120,0,1,0.028035,1,0.005607,1,147.485808282053,1,4.84744944193114,874,1,5.81699991226196,34.8720016479492,0.0280349999666214,0.0115403309464455,142.218505859375,-87.6824,25.6366,9.9349982394158,63,63,63,63,61,63,0,8045,1.29563008188212,26,-88,0.001869,51,2026-08-23 04:17:35.000454,874,1.037,0.0011,"aoml_navis",1031.47027316041
"7901009",120,0,1,0.029904,1,0.007476,1,147.781873901432,1,4.84739934591604,876,1,5.80600023269653,34.8720016479492,0.0299040004611015,0.0129828732460737,142.503997802734,-87.6824,25.6366,9.9349982394158,63,63,63,63,61,63,0,8045,1.29563008188212,26,-88,0.001869,51,2026-08-23 04:17:35.000454,876,1.037,0.0011,"aoml_navis",1031.48093301051
"7901009",120,0,1,0.031773,1,0.009345,1,147.927264115801,1,4.84734857038353,878,1,5.79400014877319,34.8720016479492,0.0317730009555817,0.0144254146143794,142.644195556641,-87.6824,25.6366,9.9349982394158,63,63,63,63,61,63,0,8045,1.29563008188212,26,-88,0.001869,51,2026-08-23 04:17:35.000454,878,1.037,0.0011,"aoml_navis",1031.49173767885
"7901009",120,0,1,0.029904,1,0.007476,1,148.010640371734,1,4.84730326612719,880,1,5.78999996185303,34.8720016479492,0.0299040004611015,0.0129828732460737,142.724594116211,-87.6824,25.6366,9.9349982394158,63,63,63,63,61,63,0,8045,1.29563008188212,26,-88,0.001869,51,2026-08-23 04:17:35.000454,880,1.037,0.0011,"aoml_navis",1031.50137829004
"7901009",120,0,1,0.031773,1,0.009345,1,148.132389643541,1,4.84726069811507,882,1,5.78999996185303,34.8720016479492,0.0317730009555817,0.0144254146143794,142.841995239258,-87.6824,25.6366,9.9349982394158,63,63,63,63,61,63,0,8045,1.29563008188212,26,-88,0.001869,51,2026-08-23 04:17:35.000454,882,1.037,0.0011,"aoml_navis",1031.51043680079
"7901009",120,0,1,0.024297,1,0.001869,1,148.444342482687,1,4.84721266326187,884,1,5.78200006484985,34.8720016479492,0.0242970008403063,0.0086552482098341,143.142807006836,-87.6824,25.6366,9.9349982394158,63,63,63,63,61,63,0,8045,1.29563008188212,26,-88,0.001869,51,2026-08-23 04:17:35.000454,884,1.037,0.0011,"aoml_navis",1031.52065885125
"7901009",120,0,1,0.028035,1,0.005607,1,148.782721275033,1,4.8471554816263,886,1,5.76599979400635,34.8730010986328,0.0280349999666214,0.0115403309464455,143.469100952148,-87.6824,25.6366,9.9349982394158,63,63,63,63,61,63,0,8045,1.29563008188212,26,-88,0.001869,51,2026-08-23 04:17:35.000454,886,1.037,0.0011,"aoml_navis",1031.53282764563
"7901009",120,0,1,0.029904,1,0.007476,1,149.149836313493,1,4.84710745365399,888,1,5.75799989700317,34.8730010986328,0.0299040004611015,0.0129828732460737,143.823104858398,-87.6824,25.6366,9.9349982394158,63,63,63,63,61,63,0,8045,1.29563008188212,26,-88,0.001869,51,2026-08-23 04:17:35.000454,888,1.037,0.0011,"aoml_navis",1031.54304867551
"7901009",120,0,1,0.029904,1,0.007476,1,149.651961072132,1,4.84705601642,890,1,5.74499988555908,34.8730010986328,0.0299040004611015,0.0129828732460737,144.30729675293,-87.6824,25.6366,9.9349982394158,63,63,63,63,61,63,0,8045,1.29563008188212,26,-88,0.001869,51,2026-08-23 04:17:35.000454,890,1.037,0.0011,"aoml_navis",1031.55399546898
"7901009",120,0,1,0.033642,1,0.011214,1,149.964008854823,1,4.84700117705228,892,1,5.72700023651123,34.8730010986328,0.0336420014500618,0.0158679541200399,144.608200073242,-87.6824,25.6366,9.9349982394158,63,63,63,63,61,63,0,8045,1.29563008188212,26,-88,0.001869,51,2026-08-23 04:17:35.000454,892,1.037,0.0011,"aoml_navis",1031.56566655525
"7901009",120,0,1,0.029904,1,0.007476,1,150.324588612641,1,4.84694470705595,894,1,5.71199989318848,34.8740005493164,0.0299040004611015,0.0129828732460737,144.955902099609,-87.6824,25.6366,9.9349982394158,63,63,63,63,61,63,0,8045,1.29563008188212,26,-88,0.001869,51,2026-08-23 04:17:35.000454,894,1.037,0.0011,"aoml_navis",1031.577684953
"7901009",120,0,1,0.033642,1,0.011214,1,150.523384570752,1,4.84689601329516,896,1,5.70300006866455,34.8740005493164,0.0336420014500618,0.0158679541200399,145.147598266602,-87.6824,25.6366,9.9349982394158,63,63,63,63,61,63,0,8045,1.29563008188212,26,-88,0.001869,51,2026-08-23 04:17:35.000454,896,1.037,0.0011,"aoml_navis",1031.58804857477
"7901009",120,0,1,0.029904,1,0.007476,1,150.728098676466,1,4.84684868354356,898,1,5.69600009918213,34.8740005493164,0.0299040004611015,0.0129828732460737,145.345001220703,-87.6824,25.6366,9.9349982394158,63,63,63,63,61,63,0,8045,1.29563008188212,26,-88,0.001869,51,2026-08-23 04:17:35.000454,898,1.037,0.0011,"aoml_navis",1031.59812209043
"7901009",120,0,1,0.029904,1,0.007476,1,150.94805122106,1,4.84680271688101,900,1,5.69099998474121,34.8740005493164,0.0299040004611015,0.0129828732460737,145.557098388672,-87.6824,25.6366,9.9349982394158,63,63,63,63,61,63,0,8045,1.29563008188212,26,-88,0.001869,51,2026-08-23 04:17:35.000454,900,1.037,0.0011,"aoml_navis",1031.60790567881
"7901009",120,0,1,0.028035,1,0.005607,1,151.065860335773,1,4.8467553912994,902,1,5.68400001525879,34.8740005493164,0.0280349999666214,0.0115403309464455,145.670700073242,-87.6824,25.6366,9.9349982394158,63,63,63,63,61,63,0,8045,1.29563008188212,26,-88,0.001869,51,2026-08-23 04:17:35.000454,902,1.037,0.0011,"aoml_navis",1031.61797869471
"7901009",120,0,1,0.029904,1,0.007476,1,151.337778647018,1,4.84670506394297,904,1,5.67799997329712,34.875,0.0299040004611015,0.0129828732460737,145.932907104492,-87.6824,25.6366,9.9349982394158,63,63,63,63,61,63,0,8045,1.29563008188212,26,-88,0.001869,51,2026-08-23 04:17:35.000454,904,1.037,0.0011,"aoml_navis",1031.62869083936
"7901009",120,0,1,0.028035,1,0.005607,1,151.597971430527,1,4.84665842284393,906,1,5.67199993133545,34.875,0.0280349999666214,0.0115403309464455,146.183807373047,-87.6824,25.6366,9.9349982394158,63,63,63,63,61,63,0,8045,1.29563008188212,26,-88,0.001869,51,2026-08-23 04:17:35.000454,906,1.037,0.0011,"aoml_navis",1031.63861856518
"7901009",120,0,1,0.029904,1,0.007476,1,151.956668141381,1,4.84660702446325,908,1,5.65899991989136,34.875,0.0299040004611015,0.0129828732460737,146.529693603516,-87.6824,25.6366,9.9349982394158,63,63,63,63,61,63,0,8045,1.29563008188212,26,-88,0.001869,51,2026-08-23 04:17:35.000454,908,1.037,0.0011,"aoml_navis",1031.64955911682
"7901009",120,0,1,0.029904,1,0.007476,1,152.254506040256,1,4.84655359452194,910,1,5.64300012588501,34.875,0.0299040004611015,0.0129828732460737,146.81689453125,-87.6824,25.6366,9.9349982394158,63,63,63,63,61,63,0,8045,1.29563008188212,26,-88,0.001869,51,2026-08-23 04:17:35.000454,910,1.037,0.0011,"aoml_navis",1031.66093234819
"7901009",120,0,1,0.035511,1,0.013083,1,152.488051335628,1,4.8465012399865,912,1,5.63399982452393,34.8759994506836,0.0355109982192516,0.0173104964196682,147.042098999023,-87.6824,25.6366,9.9349982394158,63,63,63,63,61,63,0,8045,1.29563008188212,26,-88,0.001869,51,2026-08-23 04:17:35.000454,912,1.037,0.0011,"aoml_navis",1031.67207690922
"7901009",120,0,1,0.029904,1,0.007476,1,152.631479383412,1,4.84645528800504,914,1,5.62900018692017,34.8759994506836,0.0299040004611015,0.0129828732460737,147.180404663086,-87.6824,25.6366,9.9349982394158,63,63,63,63,61,63,0,8045,1.29563008188212,26,-88,0.001869,51,2026-08-23 04:17:35.000454,914,1.037,0.0011,"aoml_navis",1031.68185877521
"7901009",120,0,1,0.031773,1,0.009345,1,152.904315482254,1,4.84641001626776,916,1,5.625,34.8759994506836,0.0317730009555817,0.0144254146143794,147.443496704102,-87.6824,25.6366,9.9349982394158,63,63,63,63,61,63,0,8045,1.29563008188212,26,-88,0.001869,51,2026-08-23 04:17:35.000454,916,1.037,0.0011,"aoml_navis",1031.69149601802
"7901009",120,0,1,0.031773,1,0.009345,1,153.323902652935,1,4.84636135307842,918,1,5.61600017547607,34.8759994506836,0.0317730009555817,0.0144254146143794,147.848098754883,-87.6824,25.6366,9.9349982394158,63,63,63,63,61,63,0,8045,1.29563008188212,26,-88,0.001869,51,2026-08-23 04:17:35.000454,918,1.037,0.0011,"aoml_navis",1031.7018554186
"7901009",120,0,1,0.029904,1,0.007476,1,153.703154641158,1,4.84629883958615,920,1,5.59200000762939,34.8769989013672,0.0299040004611015,0.0129828732460737,148.213806152344,-87.6824,25.6366,9.9349982394158,63,63,63,63,61,63,0,8045,1.29563008188212,26,-88,0.001869,51,2026-08-23 04:17:35.000454,920,1.037,0.0011,"aoml_navis",1031.7151635715
"7901009",120,0,1,0.029904,1,0.007476,1,153.882139046331,1,4.84624815440121,922,1,5.57999992370605,34.8769989013672,0.0299040004611015,0.0129828732460737,148.38639831543,-87.6824,25.6366,9.9349982394158,63,63,63,63,61,63,0,8045,1.29563008188212,26,-88,0.001869,51,2026-08-23 04:17:35.000454,922,1.037,0.0011,"aoml_navis",1031.72595391327
"7901009",120,0,1,0.035511,1,0.013083,1,154.028367928677,1,4.84620356736665,924,1,5.5770001411438,34.8769989013672,0.0355109982192516,0.0173104964196682,148.527404785156,-87.6824,25.6366,9.9349982394158,63,63,63,63,61,63,0,8045,1.29563008188212,26,-88,0.001869,51,2026-08-23 04:17:35.000454,924,1.037,0.0011,"aoml_navis",1031.73544620969
"7901009",120,0,1,0.029904,1,0.007476,1,154.201450010171,1,4.84615965906013,926,1,5.57499980926514,34.8769989013672,0.0299040004611015,0.0129828732460737,148.694305419922,-87.6824,25.6366,9.9349982394158,63,63,63,63,61,63,0,8045,1.29563008188212,26,-88,0.001869,51,2026-08-23 04:17:35.000454,926,1.037,0.0011,"aoml_navis",1031.74479417992
"7901009",120,0,1,0.029904,1,0.007476,1,154.362078663421,1,4.84611439840108,928,1,5.57100009918213,34.8769989013672,0.0299040004611015,0.0129828732460737,148.849197387695,-87.6824,25.6366,9.9349982394158,63,63,63,63,61,63,0,8045,1.29563008188212,26,-88,0.001869,51,2026-08-23 04:17:35.000454,928,1.037,0.0011,"aoml_navis",1031.75443023997
"7901009",120,0,1,0.031773,1,0.009345,1,154.658666472295,1,4.84606575317325,930,1,5.56199979782104,34.8769989013672,0.0317730009555817,0.0144254146143794,149.135192871094,-87.6824,25.6366,9.9349982394158,63,63,63,63,61,63,0,8045,1.29563008188212,26,-88,0.001869,51,2026-08-23 04:17:35.000454,930,1.037,0.0011,"aoml_navis",1031.76478708031
"7901009",120,0,1,0.026166,1,0.003738,1,154.910472576045,1,4.84601342767745,932,1,5.55299997329712,34.8779983520508,0.0261659994721413,0.0100977895781398,149.378005981445,-87.6824,25.6366,9.9349982394158,63,63,63,63,61,63,0,8045,1.29563008188212,26,-88,0.001869,51,2026-08-23 04:17:35.000454,932,1.037,0.0011,"aoml_navis",1031.77592770236
"7901009",120,0,1,0.029904,1,0.007476,1,155.246367012312,1,4.84596614202087,934,1,5.5460000038147,34.8779983520508,0.0299040004611015,0.0129828732460737,149.701904296875,-87.6824,25.6366,9.9349982394158,63,63,63,63,61,63,0,8045,1.29563008188212,26,-88,0.001869,51,2026-08-23 04:17:35.000454,934,1.037,0.0011,"aoml_navis",1031.78599549911
"7901009",120,0,1,0.029904,1,0.007476,1,155.637012225866,1,4.84591885859016,936,1,5.53900003433228,34.8779983520508,0.0299040004611015,0.0129828732460737,150.078598022461,-87.6824,25.6366,9.9349982394158,63,63,63,63,61,63,0,8045,1.29563008188212,26,-88,0.001869,51,2026-08-23 04:17:35.000454,936,1.037,0.0011,"aoml_navis",1031.79606301841
"7901009",120,0,1,0.024297,1,0.001869,1,156.239840437296,1,4.84586819612575,938,1,5.52699995040894,34.8779983520508,0.0242970008403063,0.0086552482098341,150.659896850586,-87.6824,25.6366,9.9349982394158,63,63,63,63,61,63,0,8045,1.29563008188212,26,-88,0.001869,51,2026-08-23 04:17:35.000454,938,1.037,0.0011,"aoml_navis",1031.80685021468
"7901009",120,0,1,0.029904,1,0.007476,1,156.838317069606,1,4.84580236132318,940,1,5.4980001449585,34.8790016174316,0.0299040004611015,0.0129828732460737,151.236999511719,-87.6824,25.6366,9.9349982394158,63,63,63,63,61,63,0,8045,1.29563008188212,26,-88,0.001869,51,2026-08-23 04:17:35.000454,940,1.037,0.0011,"aoml_navis",1031.82086828541
"7901009",120,0,1,0.031773,1,0.009345,1,157.329871446965,1,4.84574196393951,942,1,5.47700023651123,34.8800010681152,0.0317730009555817,0.0144254146143794,151.710998535156,-87.6824,25.6366,9.9349982394158,63,63,63,63,61,63,0,8045,1.29563008188212,26,-88,0.001869,51,2026-08-23 04:17:35.000454,942,1.037,0.0011,"aoml_navis",1031.83372891261
"7901009",120,0,1,0.031773,1,0.009345,1,157.501814205926,1,4.84568930615066,944,1,5.46199989318848,34.8800010681152,0.0317730009555817,0.0144254146143794,151.876800537109,-87.6824,25.6366,9.9349982394158,63,63,63,63,61,63,0,8045,1.29563008188212,26,-88,0.001869,51,2026-08-23 04:17:35.000454,944,1.037,0.0011,"aoml_navis",1031.84494178227
"7901009",120,0,1,0.029904,1,0.007476,1,157.649688776375,1,4.84564473521729,946,1,5.45900011062622,34.8800010681152,0.0299040004611015,0.0129828732460737,152.019393920898,-87.6824,25.6366,9.9349982394158,63,63,63,63,61,63,0,8045,1.29563008188212,26,-88,0.001869,51,2026-08-23 04:17:35.000454,946,1.037,0.0011,"aoml_navis",1031.85443283963
"7901009",120,0,1,0.031773,1,0.009345,1,157.773305271222,1,4.84559949227448,948,1,5.45499992370605,34.8800010681152,0.0317730009555817,0.0144254146143794,152.138595581055,-87.6824,25.6366,9.9349982394158,63,63,63,63,61,63,0,8045,1.29563008188212,26,-88,0.001869,51,2026-08-23 04:17:35.000454,948,1.037,0.0011,"aoml_navis",1031.86406717511
"7901009",120,0,1,0.028035,1,0.005607,1,157.86435613033,1,4.84554989415894,950,1,5.44999980926514,34.8810005187988,0.0280349999666214,0.0115403309464455,152.22639465332,-87.6824,25.6366,9.9349982394158,63,63,63,63,61,63,0,8045,1.29563008188212,26,-88,0.001869,51,2026-08-23 04:17:35.000454,950,1.037,0.0011,"aoml_navis",1031.87462913698
"7901009",120,0,1,0.033642,1,0.011214,1,158.016708871291,1,4.84550465514568,952,1,5.44600009918213,34.8810005187988,0.0336420014500618,0.0158679541200399,152.373306274414,-87.6824,25.6366,9.9349982394158,63,63,63,63,61,63,0,8045,1.29563008188212,26,-88,0.001869,51,2026-08-23 04:17:35.000454,952,1.037,0.0011,"aoml_navis",1031.88426301278
"7901009",120,0,1,0.029904,1,0.007476,1,158.17266946694,1,4.8454600910167,954,1,5.44299983978271,34.8810005187988,0.0299040004611015,0.0129828732460737,152.523696899414,-87.6824,25.6366,9.9349982394158,63,63,63,63,61,63,0,8045,1.29563008188212,26,-88,0.001869,51,2026-08-23 04:17:35.000454,954,1.037,0.0011,"aoml_navis",1031.89375334446
"7901009",120,0,1,0.031773,1,0.009345,1,158.43069437285,1,4.84541081526749,956,1,5.43300008773804,34.8810005187988,0.0317730009555817,0.0144254146143794,152.772506713867,-87.6824,25.6366,9.9349982394158,63,63,63,63,61,63,0,8045,1.29563008188212,26,-88,0.001869,51,2026-08-23 04:17:35.000454,956,1.037,0.0011,"aoml_navis",1031.90424726123
"7901009",120,0,1,0.029904,1,0.007476,1,158.586560024955,1,4.84536288893573,958,1,5.42500019073486,34.8810005187988,0.0299040004611015,0.0129828732460737,152.922805786133,-87.6824,25.6366,9.9349982394158,63,63,63,63,61,63,0,8045,1.29563008188212,26,-88,0.001869,51,2026-08-23 04:17:35.000454,958,1.037,0.0011,"aoml_navis",1031.91445400661
"7901009",120,0,1,0.029904,1,0.007476,1,158.785355983066,1,4.84531631080842,960,1,5.41900014877319,34.8810005187988,0.0299040004611015,0.0129828732460737,153.114501953125,-87.6824,25.6366,9.9349982394158,63,63,63,63,61,63,0,8045,1.29563008188212,26,-88,0.001869,51,2026-08-23 04:17:35.000454,960,1.037,0.0011,"aoml_navis",1031.9243738219
"7901009",120,0,1,0.029904,1,0.007476,1,159.064426707992,1,4.84526537881967,962,1,5.41200017929077,34.8819999694824,0.0299040004611015,0.0129828732460737,153.383605957031,-87.6824,25.6366,9.9349982394158,63,63,63,63,61,63,0,8045,1.29563008188212,26,-88,0.001869,51,2026-08-23 04:17:35.000454,962,1.037,0.0011,"aoml_navis",1031.93522110403
"7901009",120,0,1,0.026166,1,0.003738,1,159.370967765106,1,4.84521611437308,964,1,5.40199995040894,34.8819999694824,0.0261659994721413,0.0100977895781398,153.67919921875,-87.6824,25.6366,9.9349982394158,63,63,63,63,61,63,0,8045,1.29563008188212,26,-88,0.001869,51,2026-08-23 04:17:35.000454,964,1.037,0.0011,"aoml_navis",1031.94571345698
"7901009",120,0,1,0.029904,1,0.007476,1,159.626397547469,1,4.8451577947107,966,1,5.38399982452393,34.882999420166,0.0299040004611015,0.0129828732460737,153.925506591797,-87.6824,25.6366,9.9349982394158,63,63,63,63,61,63,0,8045,1.29563008188212,26,-88,0.001869,51,2026-08-23 04:17:35.000454,966,1.037,0.0011,"aoml_navis",1031.95813466763
"7901009",120,0,1,0.026166,1,0.003738,1,159.81326226683,1,4.84511692473452,968,1,5.38100004196167,34.8819999694824,0.0261659994721413,0.0100977895781398,154.105697631836,-87.6824,25.6366,9.9349982394158,63,63,63,63,61,63,0,8045,1.29563008188212,26,-88,0.001869,51,2026-08-23 04:17:35.000454,968,1.037,0.0011,"aoml_navis",1031.96683953586
"7901009",120,0,1,0.031773,1,0.009345,1,160.107571430637,1,4.84506533171742,970,1,5.3730001449585,34.882999420166,0.0317730009555817,0.0144254146143794,154.389495849609,-87.6824,25.6366,9.9349982394158,63,63,63,63,61,63,0,8045,1.29563008188212,26,-88,0.001869,51,2026-08-23 04:17:35.000454,970,1.037,0.0011,"aoml_navis",1031.97782850694
"7901009",120,0,1,0.029904,1,0.007476,1,160.385819311511,1,4.84501541004658,972,1,5.36199998855591,34.882999420166,0.0299040004611015,0.0129828732460737,154.657806396484,-87.6824,25.6366,9.9349982394158,63,63,63,63,61,63,0,8045,1.29563008188212,26,-88,0.001869,51,2026-08-23 04:17:35.000454,972,1.037,0.0011,"aoml_navis",1031.98846171511
"7901009",120,0,1,0.029904,1,0.007476,1,160.640204714885,1,4.8449688479167,974,1,5.35599994659424,34.882999420166,0.0299040004611015,0.0129828732460737,154.903106689453,-87.6824,25.6366,9.9349982394158,63,63,63,63,61,63,0,8045,1.29563008188212,26,-88,0.001869,51,2026-08-23 04:17:35.000454,974,1.037,0.0011,"aoml_navis",1031.99837954582
"7901009",120,0,1,0.031773,1,0.009345,1,160.979833597233,1,4.84492228774469,976,1,5.34999990463257,34.882999420166,0.0317730009555817,0.0144254146143794,155.230606079102,-87.6824,25.6366,9.9349982394158,63,63,63,63,61,63,0,8045,1.29563008188212,26,-88,0.001869,51,2026-08-23 04:17:35.000454,976,1.037,0.0011,"aoml_navis",1032.00829715011
"7901009",120,0,1,0.028035,1,0.005607,1,161.343198365688,1,4.84487438778744,978,1,5.34200000762939,34.882999420166,0.0280349999666214,0.0115403309464455,155.580993652344,-87.6824,25.6366,9.9349982394158,63,63,63,63,61,63,0,8045,1.29563008188212,26,-88,0.001869,51,2026-08-23 04:17:35.000454,978,1.037,0.0011,"aoml_navis",1032.01850033586
"7901009",120,0,1,0.031773,1,0.009345,1,164.970136706432,1,4.84434488135364,999.5,1,5.25600004196167,34.8870010375977,0.0317730009555817,0.0144254146143794,159.078399658203,-87.6824,25.6366,9.9349982394158,63,63,63,63,61,63,0,8045,1.29563008188212,26,-88,0.001869,51,2026-08-23 04:17:35.000454,999.5,1.037,0.0011,"aoml_navis",1032.13130412029
"7901009",120,0,1,0.031773,1,0.009345,1,171.873481821887,1,4.8431086501884,1049.80004882812,1,5.04379987716675,34.8940010070801,0.0317730009555817,0.0144254146143794,165.735198974609,-87.6824,25.6366,9.9349982394158,63,63,63,63,61,63,0,8045,1.29563008188212,26,-88,0.001869,51,2026-08-23 04:17:35.000454,1049.80004882812,1.037,0.0011,"aoml_navis",1032.39476153513
"7901009",120,0,1,0.029904,1,0.007476,1,177.840177223698,1,4.84191785017541,1099.5,1,4.8730001449585,34.9000015258789,0.0299040004611015,0.0129828732460737,171.488800048828,-87.6824,25.6366,9.9349982394158,63,63,63,63,61,63,0,8045,1.29563008188212,26,-88,0.001869,51,2026-08-23 04:17:35.000454,1099.5,1.037,0.0011,"aoml_navis",1032.64866416907
"7901009",120,0,1,0.033642,1,0.011214,1,182.984297580498,1,4.84075977915713,1149,1,4.73789978027344,34.9049987792969,0.0336420014500618,0.0158679541200399,176.449203491211,-87.6824,25.6366,9.9349982394158,63,63,63,63,61,63,0,8045,1.29563008188212,26,-88,0.001869,51,2026-08-23 04:17:35.000454,1149,1.037,0.0011,"aoml_navis",1032.89570813419
"7901009",120,0,1,0.024297,1,0.001869,1,187.871532353921,1,4.83958470636844,1199.90002441406,1,4.61479997634888,34.9090003967285,0.0242970008403063,0.0086552482098341,181.161895751953,-87.6824,25.6366,9.9349982394158,63,63,63,63,61,63,0,8045,1.29563008188212,26,-88,0.001869,51,2026-08-23 04:17:35.000454,1199.90002441406,1.037,0.0011,"aoml_navis",1033.14649982683
"7901009",120,0,1,0.028035,1,0.005607,1,191.638781429407,1,4.83845741901951,1249.09997558594,1,4.51350021362305,34.9140014648438,0.0280349999666214,0.0115403309464455,184.79460144043,-87.6824,25.6366,9.9349982394158,63,63,63,63,61,63,0,8045,1.29563008188212,26,-88,0.001869,51,2026-08-23 04:17:35.000454,1249.09997558594,1.037,0.0011,"aoml_navis",1033.38720732469
"7901009",120,0,1,0.029904,1,0.007476,1,193.553143939659,1,4.83741532625274,1296.59997558594,1,4.4741997718811,34.9169998168945,0.0299040004611015,0.0129828732460737,186.640594482422,-87.6824,25.6366,9.9349982394158,63,63,63,63,61,63,0,8045,1.29563008188212,26,-88,0.001869,51,2026-08-23 04:17:35.000454,1296.59997558594,1.037,0.0011,"aoml_navis",1033.60982317663
"7901009",120,0,1,0.035511,1,0.013083,1,195.439102506203,1,4.83627260028645,1349.19995117188,1,4.43279981613159,34.9179992675781,0.0355109982192516,0.0173104964196682,188.459197998047,-87.6824,25.6366,9.9349982394158,63,63,63,63,61,63,0,8045,1.29563008188212,26,-88,0.001869,51,2026-08-23 04:17:35.000454,1349.19995117188,1.037,0.0011,"aoml_navis",1033.85404695837
"7901009",120,0,1,0.024297,1,0.001869,1,197.138497007943,1,4.83517791444277,1399.5,1,4.39410018920898,34.9199981689453,0.0242970008403063,0.0086552482098341,190.097900390625,-87.6824,25.6366,9.9349982394158,63,63,63,63,61,63,0,8045,1.29563008188212,26,-88,0.001869,51,2026-08-23 04:17:35.000454,1399.5,1.037,0.0011,"aoml_navis",1034.08811184898
"7901009",120,0,1,0.033642,1,0.011214,1,198.135609935464,1,4.83411068907533,1449.30004882812,1,4.37330007553101,34.9210014343262,0.0336420014500618,0.0158679541200399,191.05940246582,-87.6824,25.6366,9.9349982394158,63,63,63,63,61,63,0,8045,1.29563008188212,26,-88,0.001869,51,2026-08-23 04:17:35.000454,1449.30004882812,1.037,0.0011,"aoml_navis",1034.31640721417
"7901009",120,0,1,0.033642,1,0.011214,1,199.071120326574,1,4.83303155123417,1499.80004882812,1,4.35459995269775,34.9220008850098,0.0336420014500618,0.0158679541200399,191.961502075195,-87.6824,25.6366,9.9349982394158,63,63,63,63,61,63,0,8045,1.29563008188212,26,-88,0.001869,51,2026-08-23 04:17:35.000454,1499.80004882812,1.037,0.0011,"aoml_navis",1034.54735335282
"7901009",120,0,1,0.031773,1,0.009345,1,200.181374311206,1,4.83197466378076,1549.59997558594,1,4.34490013122559,34.9230003356934,0.0317730009555817,0.0144254146143794,193.032104492188,-87.6824,25.6366,9.9349982394158,63,63,63,63,61,63,0,8045,1.29563008188212,26,-88,0.001869,51,2026-08-23 04:17:35.000454,1549.59997558594,1.037,0.0011,"aoml_navis",1034.77363767627
"7901009",120,0,1,0.028035,1,0.005607,1,200.464590904239,1,4.83092006871451,1599.59997558594,1,4.33720016479492,34.9230003356934,0.0280349999666214,0.0115403309464455,193.305206298828,-87.6824,25.6366,9.9349982394158,63,63,63,63,61,63,0,8045,1.29563008188212,26,-88,0.001869,51,2026-08-23 04:17:35.000454,1599.59997558594,1.037,0.0011,"aoml_navis",1034.99952987847
"7901009",120,0,1,0.022428,1,0,1,201.375827395823,1,4.82986866221358,1649.19995117188,1,4.32509994506836,34.923999786377,0.0224280003458261,0.0072127073071897,194.183898925781,-87.6824,25.6366,9.9349982394158,63,63,63,63,61,63,0,8045,1.29563008188212,26,-88,0.001869,51,2026-08-23 04:17:35.000454,1649.19995117188,1.037,0.0011,"aoml_navis",1035.22483729577
"7901009",120,0,1,0.031773,1,0.009345,1,201.699173460301,1,4.82880694460732,1699.59997558594,1,4.32019996643066,34.9249992370605,0.0317730009555817,0.0144254146143794,194.495697021484,-87.6824,25.6366,9.9349982394158,63,63,63,63,61,63,0,8045,1.29563008188212,26,-88,0.001869,51,2026-08-23 04:17:35.000454,1699.59997558594,1.037,0.0011,"aoml_navis",1035.45245385796
"7901009",120,0,1,0.031773,1,0.009345,1,202.063693375213,1,4.82774943990931,1750.09997558594,1,4.31689977645874,34.9249992370605,0.0317730009555817,0.0144254146143794,194.847198486328,-87.6824,25.6366,9.9349982394158,63,63,63,63,61,63,0,8045,1.29563008188212,26,-88,0.001869,51,2026-08-23 04:17:35.000454,1750.09997558594,1.037,0.0011,"aoml_navis",1035.67926675456
"7901009",120,0,1,0.026166,1,0.003738,1,202.868957047291,1,4.82670596496307,1799.80004882812,1,4.31279993057251,34.9259986877441,0.0261659994721413,0.0100977895781398,195.62370300293,-87.6824,25.6366,9.9349982394158,63,63,63,63,61,63,0,8045,1.29563008188212,26,-88,0.001869,51,2026-08-23 04:17:35.000454,1799.80004882812,1.037,0.0011,"aoml_navis",1035.90316797726
"7901009",120,0,1,0.024297,1,0.001869,1,203.142521046639,1,4.82567772529484,1849.09997558594,1,4.31120014190674,34.9259986877441,0.0242970008403063,0.0086552482098341,195.887496948242,-87.6824,25.6366,9.9349982394158,63,63,63,63,61,63,0,8045,1.29563008188212,26,-88,0.001869,51,2026-08-23 04:17:35.000454,1849.09997558594,1.037,0.0011,"aoml_navis",1036.12389484516
"7901009",120,0,1,0.031773,1,0.009345,1,203.557550927188,1,4.82462696633773,1899.5,1,4.30800008773804,34.9259986877441,0.0317730009555817,0.0144254146143794,196.287704467773,-87.6824,25.6366,9.9349982394158,63,63,63,63,61,63,0,8045,1.29563008188212,26,-88,0.001869,51,2026-08-23 04:17:35.000454,1899.5,1.037,0.0011,"aoml_navis",1036.34955300915
"7901009",120,0,1,0.026166,1,0.003738,1,203.6787780095,1,4.82357746431307,1950,1,4.30730009078979,34.9259986877441,0.0261659994721413,0.0100977895781398,196.404602050781,-87.6824,25.6366,9.9349982394158,63,63,63,63,61,63,0,8045,1.29563008188212,26,-88,0.001869,51,2026-08-23 04:17:35.000454,1950,1.037,0.0011,"aoml_navis",1036.57503937527
"7901009",120,0,1,0.029904,1,0.007476,1,200.945258421836,4,4.82253770966524,2000,1,4.30859994888306,34.9269981384277,0.0299040004611015,0.0129828732460737,193.768707275391,-87.6824,25.6366,9.9349982394158,63,63,63,63,61,63,0,8045,1.29563008188212,26,-88,0.001869,51,2026-08-23 04:17:35.000454,2000,1.037,0.0011,"aoml_navis",1036.79852828918
"7901009",121,0.0447187826295558,1,0.080367,1,0.057939,1,190.465433200171,1,4.89015138566568,2.09999990463257,1,30.4899997711182,36.1959991455078,0.0803669989109039,0.0519314929842949,183.663101196289,-88.3605,26.0317,11.9215993981301,63,63,63,63,61,63,0.057939,8045,1.29563008188212,26,-88,0.001869,51,2026-09-02 11:18:38.001206,2.09999990463257,1.037,0.0011,"aoml_navis",1022.46323389012
"7901009",121,0.0447187826295558,1,0.080367,1,0.057939,1,190.433184032917,1,4.89010908307422,4,1,30.4899997711182,36.1969985961914,0.0803669989109039,0.0519314929842949,183.63200378418,-88.3605,26.0317,11.9215993981301,63,63,63,63,61,63,0.057939,8045,1.29563008188212,26,-88,0.001869,51,2026-09-02 11:18:38.001206,4,1.037,0.0011,"aoml_navis",1022.47207885528
"7901009",121,0.0432762412544089,1,0.078498,1,0.05607,1,190.438579992698,1,4.89006832848289,6,1,30.4899997711182,36.1969985961914,0.0784979984164238,0.0504889488220215,183.63720703125,-88.3605,26.0317,11.9215993981301,63,63,63,63,61,63,0.05607,8045,1.29563008188212,26,-88,0.001869,51,2026-09-02 11:18:38.001206,6,1.037,0.0011,"aoml_navis",1022.48060029689
"7901009",121,0.0447187826295558,1,0.080367,1,0.057939,1,190.247854176746,1,4.89002757622383,8,1,30.4899997711182,36.1969985961914,0.0803669989109039,0.0519314929842949,183.45329284668,-88.3605,26.0317,11.9215993981301,63,63,63,63,61,63,0.057939,8045,1.29563008188212,26,-88,0.001869,51,2026-09-02 11:18:38.001206,8,1.037,0.0011,"aoml_navis",1022.48912139287
"7901009",121,0.0677994446319072,1,0.110271,1,0.087843,1,190.340360865542,1,4.88998322947993,10,1,30.4899997711182,36.1980018615723,0.110270999372005,0.0750121548771858,183.542495727539,-88.3605,26.0317,11.9215993981301,63,63,63,63,61,63,0.087843,8045,1.29563008188212,26,-88,0.001869,51,2026-09-02 11:18:38.001206,10,1.037,0.0011,"aoml_navis",1022.49839423923
"7901009",121,0.0519314895052907,1,0.089712,1,0.067284,1,190.49913816889,1,4.88989860126758,12,1,30.4699993133545,36.201000213623,0.0897120013833046,0.0591441951692104,183.695602416992,-88.3605,26.0317,11.9215993981301,63,63,63,63,61,63,0.067284,8045,1.29563008188212,26,-88,0.001869,51,2026-09-02 11:18:38.001206,12,1.037,0.0011,"aoml_navis",1022.5160903549
"7901009",121,0.0476038653798498,1,0.084105,1,0.061677,1,190.854116367616,1,4.88970919596253,14,1,30.3910007476807,36.2060012817383,0.0841049998998642,0.0548165738582611,184.037902832031,-88.3605,26.0317,11.9215993981301,63,63,63,63,61,63,0.061677,8045,1.29563008188212,26,-88,0.001869,51,2026-09-02 11:18:38.001206,14,1.037,0.0011,"aoml_navis",1022.55569802158
"7901009",121,0.0461613240047028,1,0.082236,1,0.059808,1,191.026154123446,1,4.88957407371627,16,1,30.3099994659424,36.1949996948242,0.0822359994053841,0.053374033421278,184.203796386719,-88.3605,26.0317,11.9215993981301,63,63,63,63,61,63,0.059808,8045,1.29563008188212,26,-88,0.001869,51,2026-09-02 11:18:38.001206,16,1.037,0.0011,"aoml_navis",1022.58395611129
"7901009",121,0.0519314895052907,1,0.089712,1,0.067284,1,191.075113359699,1,4.8895047553726,18,1,30.2840003967285,36.1910018920898,0.0897120013833046,0.0591441951692104,184.251007080078,-88.3605,26.0317,11.9215993981301,63,63,63,63,61,63,0.067284,8045,1.29563008188212,26,-88,0.001869,51,2026-09-02 11:18:38.001206,18,1.037,0.0011,"aoml_navis",1022.59845324948
"7901009",121,0.0461613240047028,1,0.082236,1,0.059808,1,191.032483695037,1,4.88942966866348,20,1,30.2609996795654,36.189998626709,0.0822359994053841,0.053374033421278,184.209899902344,-88.3605,26.0317,11.9215993981301,63,63,63,63,61,63,0.059808,8045,1.29563008188212,26,-88,0.001869,51,2026-09-02 11:18:38.001206,20,1.037,0.0011,"aoml_navis",1022.61415723907
"7901009",121,0.0562591136307315,1,0.095319,1,0.072891,1,191.099893632476,1,4.8893534136665,22.1000003814697,1,30.2320003509521,36.1860008239746,0.095319002866745,0.0634718164801598,184.27490234375,-88.3605,26.0317,11.9215993981301,63,63,63,63,61,63,0.072891,8045,1.29563008188212,26,-88,0.001869,51,2026-09-02 11:18:38.001206,22.1000003814697,1.037,0.0011,"aoml_navis",1022.63010606356
"7901009",121,0.0504889481301437,1,0.087843,1,0.065415,1,191.151115690572,1,4.8892780748572,24,1,30.2250003814697,36.193000793457,0.0878430008888245,0.0577016584575176,184.324295043945,-88.3605,26.0317,11.9215993981301,63,63,63,63,61,63,0.065415,8045,1.29563008188212,26,-88,0.001869,51,2026-09-02 11:18:38.001206,24,1.037,0.0011,"aoml_navis",1022.64586375485
"7901009",121,0.0533740308804376,1,0.091581,1,0.069153,1,191.109736116299,1,4.88921137697411,26,1,30.2310009002686,36.2029991149902,0.0915810018777847,0.0605867356061935,184.284393310547,-88.3605,26.0317,11.9215993981301,63,63,63,63,61,63,0.069153,8045,1.29563008188212,26,-88,0.001869,51,2026-09-02 11:18:38.001206,26,1.037,0.0011,"aoml_navis",1022.65981453525
"7901009",121,0.0504889481301437,1,0.087843,1,0.065415,1,191.116904356125,1,4.8891513484439,28,1,30.2280006408691,36.2070007324219,0.0878430008888245,0.0577016584575176,184.291305541992,-88.3605,26.0317,11.9215993981301,63,63,63,63,61,63,0.065415,8045,1.29563008188212,26,-88,0.001869,51,2026-09-02 11:18:38.001206,28,1.037,0.0011,"aoml_navis",1022.67237065414
"7901009",121,0.0504889481301437,1,0.087843,1,0.065415,1,191.235014162004,1,4.88910294581594,30,1,30.2189998626709,36.2050018310547,0.0878430008888245,0.0577016584575176,184.405197143555,-88.3605,26.0317,11.9215993981301,63,63,63,63,61,63,0.065415,8045,1.29563008188212,26,-88,0.001869,51,2026-09-02 11:18:38.001206,30,1.037,0.0011,"aoml_navis",1022.68249521703
"7901009",121,0.0476038653798498,1,0.084105,1,0.061677,1,191.824360572798,1,4.88901569994087,32,1,30.2059993743896,36.2120018005371,0.0841049998998642,0.0548165738582611,184.973495483398,-88.3605,26.0317,11.9215993981301,63,63,63,63,61,63,0.061677,8045,1.29563008188212,26,-88,0.001869,51,2026-09-02 11:18:38.001206,32,1.037,0.0011,"aoml_navis",1022.7007452769
"7901009",121,0.0548165722555846,1,0.09345,1,0.071022,1,192.574667989139,1,4.88890783583471,34,1,30.1870002746582,36.2220001220703,0.0934500023722649,0.0620292760431767,185.697006225586,-88.3605,26.0317,11.9215993981301,63,63,63,63,61,63,0.071022,8045,1.29563008188212,26,-88,0.001869,51,2026-09-02 11:18:38.001206,34,1.037,0.0011,"aoml_navis",1022.72330915118
"7901009",121,0.0476038653798498,1,0.084105,1,0.061677,1,193.373080149568,1,4.88872763443096,36,1,30.1480007171631,36.2430000305176,0.0841049998998642,0.0548165738582611,186.466903686523,-88.3605,26.0317,11.9215993981301,63,63,63,63,61,63,0.061677,8045,1.29563008188212,26,-88,0.001869,51,2026-09-02 11:18:38.001206,36,1.037,0.0011,"aoml_navis",1022.76100733969
"7901009",121,0.0504889481301437,1,0.087843,1,0.065415,1,193.626009830325,1,4.8885461253251,38,1,30.0820007324219,36.2519989013672,0.0878430008888245,0.0577016584575176,186.710800170898,-88.3605,26.0317,11.9215993981301,63,63,63,63,61,63,0.065415,8045,1.29563008188212,26,-88,0.001869,51,2026-09-02 11:18:38.001206,38,1.037,0.0011,"aoml_navis",1022.79898190947
"7901009",121,0.0591441963810255,1,0.099057,1,0.076629,1,194.22924965076,1,4.88831132523788,40,1,29.9549999237061,36.2480010986328,0.0990569964051247,0.0663569048047066,187.292495727539,-88.3605,26.0317,11.9215993981301,63,63,63,63,61,63,0.076629,8045,1.29563008188212,26,-88,0.001869,51,2026-09-02 11:18:38.001206,40,1.037,0.0011,"aoml_navis",1022.84810997726
"7901009",121,0.0562591136307315,1,0.095319,1,0.072891,1,193.923942765091,1,4.8881118018867,42,1,29.8579998016357,36.2480010986328,0.095319002866745,0.0634718164801598,186.998092651367,-88.3605,26.0317,11.9215993981301,63,63,63,63,61,63,0.072891,8045,1.29563008188212,26,-88,0.001869,51,2026-09-02 11:18:38.001206,42,1.037,0.0011,"aoml_navis",1022.88986067588
"7901009",121,0.0591441963810255,1,0.099057,1,0.076629,1,193.88454118194,1,4.88795218464322,44,1,29.8050003051758,36.2569999694824,0.0990569964051247,0.0663569048047066,186.960098266602,-88.3605,26.0317,11.9215993981301,63,63,63,63,61,63,0.076629,8045,1.29563008188212,26,-88,0.001869,51,2026-09-02 11:18:38.001206,44,1.037,0.0011,"aoml_navis",1022.92326338805
"7901009",121,0.0706845273822012,1,0.114009,1,0.091581,1,194.570745861998,1,4.88770885150902,46,1,29.6720008850098,36.2529983520508,0.114009000360966,0.077897235751152,187.621795654297,-88.3605,26.0317,11.9215993981301,63,63,63,63,61,63,0.091581,8045,1.29563008188212,26,-88,0.001869,51,2026-09-02 11:18:38.001206,46,1.037,0.0011,"aoml_navis",1022.97418931905
"7901009",121,0.0706845273822012,1,0.114009,1,0.091581,1,194.619594330748,1,4.8875339900821,48,1,29.5939998626709,36.2550010681152,0.114009000360966,0.077897235751152,187.668899536133,-88.3605,26.0317,11.9215993981301,63,63,63,63,61,63,0.091581,8045,1.29563008188212,26,-88,0.001869,51,2026-09-02 11:18:38.001206,48,1.037,0.0011,"aoml_navis",1023.01078829244
"7901009",121,0.0750121515076421,1,0.119616,1,0.097188,1,194.917954511596,1,4.887274893354,50,1,29.4750003814697,36.2620010375977,0.119616001844406,0.0822248533368111,187.956604003906,-88.3605,26.0317,11.9215993981301,63,63,63,63,61,63,0.097188,8045,1.29563008188212,26,-88,0.001869,51,2026-09-02 11:18:38.001206,50,1.037,0.0011,"aoml_navis",1023.06502275927
"7901009",121,0.0923226480094056,1,0.142044,1,0.119616,1,194.843597869336,1,4.88715761850259,52,1,29.4300003051758,36.2630004882812,0.142043992877007,0.0995353534817696,187.884902954102,-88.3605,26.0317,11.9215993981301,63,63,63,63,61,63,0.119616,8045,1.29563008188212,26,-88,0.001869,51,2026-09-02 11:18:38.001206,52,1.037,0.0011,"aoml_navis",1023.08957277543
"7901009",121,0.0879950238839647,1,0.136437,1,0.114009,1,194.809987844191,1,4.88691881161446,54,1,29.3320007324219,36.273998260498,0.136436998844147,0.0952077284455299,187.852493286133,-88.3605,26.0317,11.9215993981301,63,63,63,63,61,63,0.114009,8045,1.29563008188212,26,-88,0.001869,51,2026-09-02 11:18:38.001206,54,1.037,0.0011,"aoml_navis",1023.13956763857
"7901009",121,0.0908801066342587,1,0.140175,1,0.117747,1,194.677051016861,1,4.88679492962418,56,1,29.2849998474121,36.2760009765625,0.140174999833107,0.0980928167700768,187.724304199219,-88.3605,26.0317,11.9215993981301,63,63,63,63,61,63,0.117747,8045,1.29563008188212,26,-88,0.001869,51,2026-09-02 11:18:38.001206,56,1.037,0.0011,"aoml_navis",1023.16550459066
"7901009",121,0.0908801066342587,1,0.140175,1,0.117747,1,194.94138975041,1,4.88656632108642,58,1,29.1730003356934,36.2779998779297,0.140174999833107,0.0980928167700768,187.979202270508,-88.3605,26.0317,11.9215993981301,63,63,63,63,61,63,0.117747,8045,1.29563008188212,26,-88,0.001869,51,2026-09-02 11:18:38.001206,58,1.037,0.0011,"aoml_navis",1023.21337140644
"7901009",121,0.106748061760875,1,0.160734,1,0.138306,1,194.970632371158,1,4.88640334238441,60,1,29.1060009002686,36.2820014953613,0.160733997821808,0.113960765302181,188.007400512695,-88.3605,26.0317,11.9215993981301,63,63,63,63,61,63,0.138306,8045,1.29563008188212,26,-88,0.001869,51,2026-09-02 11:18:38.001206,60,1.037,0.0011,"aoml_navis",1023.2474991637
"7901009",121,0.103862979010581,1,0.156996,1,0.134568,1,195.026633255805,1,4.88630235021972,62,1,29.0729999542236,36.2840003967285,0.156995996832848,0.111075684428215,188.061401367188,-88.3605,26.0317,11.9215993981301,63,63,63,63,61,63,0.134568,8045,1.29563008188212,26,-88,0.001869,51,2026-09-02 11:18:38.001206,62,1.037,0.0011,"aoml_navis",1023.26864807602
"7901009",121,0.112518227261463,1,0.16821,1,0.145782,1,194.866716629571,1,4.88620065800377,64,1,29.0440006256104,36.2879981994629,0.168209999799728,0.119730934500694,187.907196044922,-88.3605,26.0317,11.9215993981301,63,63,63,63,61,63,0.145782,8045,1.29563008188212,26,-88,0.001869,51,2026-09-02 11:18:38.001206,64,1.037,0.0011,"aoml_navis",1023.28994447042
"7901009",121,0.106748061760875,1,0.160734,1,0.138306,1,195.036697274634,1,4.8861029371897,66,1,29.0130004882812,36.2900009155273,0.160733997821808,0.113960765302181,188.071105957031,-88.3605,26.0317,11.9215993981301,63,63,63,63,61,63,0.138306,8045,1.29563008188212,26,-88,0.001869,51,2026-09-02 11:18:38.001206,66,1.037,0.0011,"aoml_navis",1023.31041000864
"7901009",121,0.121173475512345,1,0.179424,1,0.156996,1,195.388352448275,1,4.88598044410048,68,1,28.9710006713867,36.2939987182617,0.179424002766609,0.128386184573174,188.410202026367,-88.3605,26.0317,11.9215993981301,63,63,63,63,61,63,0.156996,8045,1.29563008188212,26,-88,0.001869,51,2026-09-02 11:18:38.001206,68,1.037,0.0011,"aoml_navis",1023.33606472723
"7901009",121,0.124058558262639,1,0.183162,1,0.160734,1,195.505955888427,1,4.88584892505504,70,1,28.9389991760254,36.3050003051758,0.183162003755569,0.13127127289772,188.52360534668,-88.3605,26.0317,11.9215993981301,63,63,63,63,61,63,0.160734,8045,1.29563008188212,26,-88,0.001869,51,2026-09-02 11:18:38.001206,70,1.037,0.0011,"aoml_navis",1023.36361125691
"7901009",121,0.131271265138374,1,0.192507,1,0.170079,1,195.221283406143,1,4.88572454632621,72,1,28.8980007171631,36.310001373291,0.19250699877739,0.138483971357346,188.249099731445,-88.3605,26.0317,11.9215993981301,63,63,63,63,61,63,0.170079,8045,1.29563008188212,26,-88,0.001869,51,2026-09-02 11:18:38.001206,72,1.037,0.0011,"aoml_navis",1023.38966361903
"7901009",121,0.132713806513521,1,0.194376,1,0.171948,1,195.086574298768,1,4.88558615170831,74,1,28.8369998931885,36.310001373291,0.19437600672245,0.139926508069038,188.119201660156,-88.3605,26.0317,11.9215993981301,63,63,63,63,61,63,0.171948,8045,1.29563008188212,26,-88,0.001869,51,2026-09-02 11:18:38.001206,74,1.037,0.0011,"aoml_navis",1023.41865330769
"7901009",121,0.131271265138374,1,0.192507,1,0.170079,1,195.296890138792,1,4.88550859035774,76,1,28.8050003051758,36.3059997558594,0.19250699877739,0.138483971357346,188.322006225586,-88.3605,26.0317,11.9215993981301,63,63,63,63,61,63,0.170079,8045,1.29563008188212,26,-88,0.001869,51,2026-09-02 11:18:38.001206,76,1.037,0.0011,"aoml_navis",1023.43490089614
"7901009",121,0.142811596139549,1,0.207459,1,0.185031,1,195.347495063658,1,4.88535400836304,78,1,28.7269992828369,36.3030014038086,0.207459002733231,0.150024309754372,188.370803833008,-88.3605,26.0317,11.9215993981301,63,63,63,63,61,63,0.185031,8045,1.29563008188212,26,-88,0.001869,51,2026-09-02 11:18:38.001206,78,1.037,0.0011,"aoml_navis",1023.46728434433
"7901009",121,0.151466844390431,1,0.218673,1,0.196245,1,195.108348025039,1,4.88521877742019,80,1,28.6609992980957,36.2999992370605,0.218673005700111,0.158679559826851,188.140197753906,-88.3605,26.0317,11.9215993981301,63,63,63,63,61,63,0.196245,8045,1.29563008188212,26,-88,0.001869,51,2026-09-02 11:18:38.001206,80,1.037,0.0011,"aoml_navis",1023.49561561303
"7901009",121,0.168777340892195,1,0.241101,1,0.218673,1,194.861225726216,1,4.88505498123636,82,1,28.6040000915527,36.3089981079102,0.241100996732712,0.175990045070648,187.901901245117,-88.3605,26.0317,11.9215993981301,63,63,63,63,61,63,0.218673,8045,1.29563008188212,26,-88,0.001869,51,2026-09-02 11:18:38.001206,82,1.037,0.0011,"aoml_navis",1023.52993348184
"7901009",121,0.191858002894546,1,0.271005,1,0.248577,1,194.568467216225,1,4.88487665457338,84,1,28.5219993591309,36.3110008239746,0.271005004644394,0.199070706963539,187.619598388672,-88.3605,26.0317,11.9215993981301,63,63,63,63,61,63,0.248577,8045,1.29563008188212,26,-88,0.001869,51,2026-09-02 11:18:38.001206,84,1.037,0.0011,"aoml_navis",1023.56729833062
"7901009",121,0.196185627019987,1,0.276612,1,0.254184,1,194.223442268826,1,4.88479891837027,86,1,28.5100002288818,36.3160018920898,0.276612013578415,0.203398331999779,187.286895751953,-88.3605,26.0317,11.9215993981301,63,63,63,63,61,63,0.254184,8045,1.29563008188212,26,-88,0.001869,51,2026-09-02 11:18:38.001206,86,1.037,0.0011,"aoml_navis",1023.58358727859
"7901009",121,0.219266289022338,1,0.306516,1,0.284088,1,193.050667596675,1,4.884681635873,88,1,28.4549999237061,36.3129997253418,0.306515991687775,0.226479008793831,186.156005859375,-88.3605,26.0317,11.9215993981301,63,63,63,63,61,63,0.284088,8045,1.29563008188212,26,-88,0.001869,51,2026-09-02 11:18:38.001206,88,1.037,0.0011,"aoml_navis",1023.60816379109
"7901009",121,0.251002199275572,1,0.347634,1,0.325206,1,192.541785864726,1,4.8845212328089,90,1,28.3409996032715,36.2960014343262,0.347633987665176,0.258214920759201,185.665298461914,-88.3605,26.0317,11.9215993981301,63,63,63,63,61,63,0.325206,8045,1.29563008188212,26,-88,0.001869,51,2026-09-02 11:18:38.001206,90,1.037,0.0011,"aoml_navis",1023.64177811644
"7901009",121,0.271197778527629,1,0.3738,1,0.351372,1,192.833199340754,1,4.8843883935662,92,1,28.3439998626709,36.3230018615723,0.373800009489059,0.278410494327545,185.946304321289,-88.3605,26.0317,11.9215993981301,63,63,63,63,61,63,0.351372,8045,1.29563008188212,26,-88,0.001869,51,2026-09-02 11:18:38.001206,92,1.037,0.0011,"aoml_navis",1023.66961779413
"7901009",121,0.29427844052998,1,0.403704,1,0.381276,1,192.55517290864,1,4.88425103725748,94,1,28.326000213623,36.3419990539551,0.403703987598419,0.301491141319275,185.678207397461,-88.3605,26.0317,11.9215993981301,63,63,63,63,61,63,0.381276,8045,1.29563008188212,26,-88,0.001869,51,2026-09-02 11:18:38.001206,94,1.037,0.0011,"aoml_navis",1023.69840572476
"7901009",121,0.32312926803292,1,0.441084,1,0.418656,1,191.880677936025,1,4.88416389558849,96,1,28.3080005645752,36.3470001220703,0.441083997488022,0.330341994762421,185.027801513672,-88.3605,26.0317,11.9215993981301,63,63,63,63,61,63,0.418656,8045,1.29563008188212,26,-88,0.001869,51,2026-09-02 11:18:38.001206,96,1.037,0.0011,"aoml_navis",1023.71667021988
"7901009",121,0.324571809408067,1,0.442953,1,0.420525,1,191.340385705058,1,4.88403093014707,98,1,28.2609996795654,36.3520011901855,0.442952990531921,0.331784516572952,184.506805419922,-88.3605,26.0317,11.9215993981301,63,63,63,63,61,63,0.420525,8045,1.29563008188212,26,-88,0.001869,51,2026-09-02 11:18:38.001206,98,1.037,0.0011,"aoml_navis",1023.744540424
"7901009",121,0.330341974908655,1,0.450429,1,0.428001,1,190.357482356694,1,4.88392186572898,100,1,28.2199993133545,36.3530006408691,0.450428992509842,0.337554693222046,183.559005737305,-88.3605,26.0317,11.9215993981301,63,63,63,63,61,63,0.428001,8045,1.29563008188212,26,-88,0.001869,51,2026-09-02 11:18:38.001206,100,1.037,0.0011,"aoml_navis",1023.7674019901
"7901009",121,0.328899433533508,1,0.44856,1,0.426132,1,189.209677844468,1,4.88375524073959,102,1,28.1469993591309,36.3559989929199,0.448559999465942,0.336112141609192,182.452194213867,-88.3605,26.0317,11.9215993981301,63,63,63,63,61,63,0.426132,8045,1.29563008188212,26,-88,0.001869,51,2026-09-02 11:18:38.001206,102,1.037,0.0011,"aoml_navis",1023.80233110184
"7901009",121,0.336112140409242,1,0.457905,1,0.435477,1,188.511336210886,1,4.88358571102096,104,1,28.0879993438721,36.3660011291504,0.457904994487762,0.343324840068817,181.778793334961,-88.3605,26.0317,11.9215993981301,63,63,63,63,61,63,0.435477,8045,1.29563008188212,26,-88,0.001869,51,2026-09-02 11:18:38.001206,104,1.037,0.0011,"aoml_navis",1023.83787156972
"7901009",121,0.331784516283801,1,0.452298,1,0.42987,1,187.6459413591,1,4.88343699293071,106,1,28.048999786377,36.3790016174316,0.452297985553741,0.338997215032578,180.944305419922,-88.3605,26.0317,11.9215993981301,63,63,63,63,61,63,0.42987,8045,1.29563008188212,26,-88,0.001869,51,2026-09-02 11:18:38.001206,106,1.037,0.0011,"aoml_navis",1023.869051088
"7901009",121,0.317359102532332,1,0.433608,1,0.41118,1,186.973725032258,1,4.88323313285577,108,1,27.9680004119873,36.3889999389648,0.433607995510101,0.324571818113327,180.296096801758,-88.3605,26.0317,11.9215993981301,63,63,63,63,61,63,0.41118,8045,1.29563008188212,26,-88,0.001869,51,2026-09-02 11:18:38.001206,108,1.037,0.0011,"aoml_navis",1023.91179449504
"7901009",121,0.291393357779687,1,0.399966,1,0.377538,1,186.55757152411,1,4.8830586458026,110,1,27.8850002288818,36.3899993896484,0.39996600151062,0.298606067895889,179.894805908203,-88.3605,26.0317,11.9215993981301,63,63,63,63,61,63,0.377538,8045,1.29563008188212,26,-88,0.001869,51,2026-09-02 11:18:38.001206,110,1.037,0.0011,"aoml_navis",1023.94838208587
"7901009",121,0.302933688780862,1,0.414918,1,0.39249,1,185.454058189089,1,4.88289996288318,112,1,27.8279991149902,36.3979988098145,0.414918005466461,0.310146391391754,178.830703735352,-88.3605,26.0317,11.9215993981301,63,63,63,63,61,63,0.39249,8045,1.29563008188212,26,-88,0.001869,51,2026-09-02 11:18:38.001206,112,1.037,0.0011,"aoml_navis",1023.98165803251
"7901009",121,0.321686726657773,1,0.439215,1,0.416787,1,184.009570832486,1,4.88269393410408,114,1,27.7590007781982,36.4140014648438,0.439215004444122,0.328899413347244,177.437805175781,-88.3605,26.0317,11.9215993981301,63,63,63,63,61,63,0.416787,8045,1.29563008188212,26,-88,0.001869,51,2026-09-02 11:18:38.001206,114,1.037,0.0011,"aoml_navis",1024.02486567437
"7901009",121,0.297163523280274,1,0.407442,1,0.385014,1,182.940901789071,1,4.88243821104873,116,1,27.6350002288818,36.4199981689453,0.407442003488541,0.304376214742661,176.407302856445,-88.3605,26.0317,11.9215993981301,63,63,63,63,61,63,0.385014,8045,1.29563008188212,26,-88,0.001869,51,2026-09-02 11:18:38.001206,116,1.037,0.0011,"aoml_navis",1024.07850009965
"7901009",121,0.321686726657773,1,0.439215,1,0.416787,1,181.523061928865,1,4.88208627453828,118,1,27.451000213623,36.4269981384277,0.439215004444122,0.328899413347244,175.040100097656,-88.3605,26.0317,11.9215993981301,63,63,63,63,61,63,0.416787,8045,1.29563008188212,26,-88,0.001869,51,2026-09-02 11:18:38.001206,118,1.037,0.0011,"aoml_navis",1024.15232317312
"7901009",121,0.310146395656597,1,0.424263,1,0.401835,1,179.51733145933,1,4.88186508291276,120,1,27.367000579834,36.4410018920898,0.424263000488281,0.317359119653702,173.106002807617,-88.3605,26.0317,11.9215993981301,63,63,63,63,61,63,0.401835,8045,1.29563008188212,26,-88,0.001869,51,2026-09-02 11:18:38.001206,120,1.037,0.0011,"aoml_navis",1024.198726323
"7901009",121,0.336112140409242,1,0.457905,1,0.435477,1,178.929124371423,1,4.88140654289169,122,1,27.0450000762939,36.4189987182617,0.457904994487762,0.343324840068817,172.538803100586,-88.3605,26.0317,11.9215993981301,63,63,63,63,61,63,0.435477,8045,1.29563008188212,26,-88,0.001869,51,2026-09-02 11:18:38.001206,122,1.037,0.0011,"aoml_navis",1024.29493549989
"7901009",121,0.351980095535859,1,0.478464,1,0.456036,1,177.738911729541,1,4.88124908552426,124,1,26.9689998626709,36.4189987182617,0.478464007377625,0.359192788600922,171.391098022461,-88.3605,26.0317,11.9215993981301,63,63,63,63,61,63,0.456036,8045,1.29563008188212,26,-88,0.001869,51,2026-09-02 11:18:38.001206,124,1.037,0.0011,"aoml_navis",1024.32797679346
"7901009",121,0.376503298913357,1,0.510237,1,0.487809,1,175.495901445007,1,4.88102300871913,126,1,26.9090003967285,36.4449996948242,0.510236978530884,0.383715987205505,169.22819519043,-88.3605,26.0317,11.9215993981301,63,63,63,63,61,63,0.487809,8045,1.29563008188212,26,-88,0.001869,51,2026-09-02 11:18:38.001206,126,1.037,0.0011,"aoml_navis",1024.37542110913
"7901009",121,0.390928712664827,1,0.528927,1,0.506499,1,174.83240410303,1,4.88080362361693,128,1,26.8040008544922,36.4500007629395,0.528927028179169,0.398141413927078,168.588394165039,-88.3605,26.0317,11.9215993981301,63,63,63,63,61,63,0.506499,8045,1.29563008188212,26,-88,0.001869,51,2026-09-02 11:18:38.001206,128,1.037,0.0011,"aoml_navis",1024.42146531082
"7901009",121,0.380830923038798,1,0.515844,1,0.493416,1,174.410648924024,1,4.88052752497824,130,1,26.8589992523193,36.5390014648438,0.515843987464905,0.388043642044067,168.181701660156,-88.3605,26.0317,11.9215993981301,63,63,63,63,61,63,0.493416,8045,1.29563008188212,26,-88,0.001869,51,2026-09-02 11:18:38.001206,130,1.037,0.0011,"aoml_navis",1024.47941834367
"7901009",121,0.354865178286153,1,0.482202,1,0.459774,1,172.957759061135,1,4.8802935012526,132,1,26.7959995269775,36.5660018920898,0.482201993465424,0.36207789182663,166.780700683594,-88.3605,26.0317,11.9215993981301,63,63,63,63,61,63,0.459774,8045,1.29563008188212,26,-88,0.001869,51,2026-09-02 11:18:38.001206,132,1.037,0.0011,"aoml_navis",1024.52854499769
"7901009",121,0.338997223159536,1,0.461643,1,0.439215,1,171.040595122081,1,4.88004894291426,134,1,26.7259998321533,36.5929985046387,0.461643010377884,0.346209913492203,164.932006835938,-88.3605,26.0317,11.9215993981301,63,63,63,63,61,63,0.439215,8045,1.29563008188212,26,-88,0.001869,51,2026-09-02 11:18:38.001206,134,1.037,0.0011,"aoml_navis",1024.57988813
"7901009",121,0.330341974908655,1,0.450429,1,0.428001,1,168.89786107547,1,4.87992995625081,136,1,26.6040000915527,36.5629997253418,0.450428992509842,0.337554693222046,162.865798950195,-88.3605,26.0317,11.9215993981301,63,63,63,63,61,63,0.428001,8045,1.29563008188212,26,-88,0.001869,51,2026-09-02 11:18:38.001206,136,1.037,0.0011,"aoml_navis",1024.60487032101
"7901009",121,0.317359102532332,1,0.433608,1,0.41118,1,166.752959150589,1,4.87963086943586,138,1,26.4409999847412,36.5660018920898,0.433607995510101,0.324571818113327,160.797500610352,-88.3605,26.0317,11.9215993981301,63,63,63,63,61,63,0.41118,8045,1.29563008188212,26,-88,0.001869,51,2026-09-02 11:18:38.001206,138,1.037,0.0011,"aoml_navis",1024.66767134336
"7901009",121,0.30870385428145,1,0.422394,1,0.399966,1,164.96572549236,1,4.87933177905011,140,1,26.2940006256104,36.576000213623,0.422394007444382,0.315916568040848,159.074096679688,-88.3605,26.0317,11.9215993981301,63,63,63,63,61,63,0.399966,8045,1.29563008188212,26,-88,0.001869,51,2026-09-02 11:18:38.001206,140,1.037,0.0011,"aoml_navis",1024.7304808146
"7901009",121,0.311588937031744,1,0.426132,1,0.403704,1,163.43278237278,1,4.8791975755034,142,1,26.2439994812012,36.5810012817383,0.426131993532181,0.318801641464233,157.595901489258,-88.3605,26.0317,11.9215993981301,63,63,63,63,61,63,0.403704,8045,1.29563008188212,26,-88,0.001869,51,2026-09-02 11:18:38.001206,142,1.037,0.0011,"aoml_navis",1024.75866628216
"7901009",121,0.317359102532332,1,0.433608,1,0.41118,1,161.685061065204,1,4.87894495930016,144,1,26.1630001068115,36.6059989929199,0.433607995510101,0.324571818113327,155.910598754883,-88.3605,26.0317,11.9215993981301,63,63,63,63,61,63,0.41118,8045,1.29563008188212,26,-88,0.001869,51,2026-09-02 11:18:38.001206,144,1.037,0.0011,"aoml_navis",1024.8117250163
"7901009",121,0.295720981905127,1,0.405573,1,0.383145,1,160.529075581697,1,4.87863004209566,146,1,26.0380001068115,36.6300010681152,0.405573010444641,0.302933692932129,154.7958984375,-88.3605,26.0317,11.9215993981301,63,63,63,63,61,63,0.383145,8045,1.29563008188212,26,-88,0.001869,51,2026-09-02 11:18:38.001206,146,1.037,0.0011,"aoml_navis",1024.87787695666
"7901009",121,0.284180650903952,1,0.390621,1,0.368193,1,159.635767319198,1,4.87840104835179,148,1,25.9580001831055,36.648998260498,0.3906210064888,0.291393339633942,153.934494018555,-88.3605,26.0317,11.9215993981301,63,63,63,63,61,63,0.368193,8045,1.29563008188212,26,-88,0.001869,51,2026-09-02 11:18:38.001206,148,1.037,0.0011,"aoml_navis",1024.92598506006
"7901009",121,0.252444740650718,1,0.349503,1,0.327075,1,158.27622281334,1,4.87817883758251,150,1,25.8920001983643,36.6720008850098,0.349503010511398,0.259657442569733,152.623504638672,-88.3605,26.0317,11.9215993981301,63,63,63,63,61,63,0.327075,8045,1.29563008188212,26,-88,0.001869,51,2026-09-02 11:18:38.001206,150,1.037,0.0011,"aoml_navis",1024.97267248157
"7901009",121,0.220708830397485,1,0.308385,1,0.285957,1,156.828507375226,1,4.87789527939089,152,1,25.7800006866455,36.693000793457,0.308385014533997,0.227921530604362,151.227493286133,-88.3605,26.0317,11.9215993981301,63,63,63,63,61,63,0.285957,8045,1.29563008188212,26,-88,0.001869,51,2026-09-02 11:18:38.001206,152,1.037,0.0011,"aoml_navis",1025.03225543299
"7901009",121,0.183202754643664,1,0.259791,1,0.237363,1,155.853183688843,1,4.87740780484513,154,1,25.5450000762939,36.7200012207031,0.259790986776352,0.19041545689106,150.287002563477,-88.3605,26.0317,11.9215993981301,63,63,63,63,61,63,0.237363,8045,1.29563008188212,26,-88,0.001869,51,2026-09-02 11:18:38.001206,154,1.037,0.0011,"aoml_navis",1025.13470270685
"7901009",121,0.167334799517048,1,0.239232,1,0.216804,1,155.640272724466,1,4.87711462783904,156,1,25.3939990997314,36.7280006408691,0.239232003688812,0.174547508358955,150.081695556641,-88.3605,26.0317,11.9215993981301,63,63,63,63,61,63,0.216804,8045,1.29563008188212,26,-88,0.001869,51,2026-09-02 11:18:38.001206,156,1.037,0.0011,"aoml_navis",1025.19632642209
"7901009",121,0.158679551266166,1,0.228018,1,0.20559,1,155.129840247477,1,4.87697762288317,158,1,25.3239994049072,36.726001739502,0.228018000721931,0.165892258286476,149.589492797852,-88.3605,26.0317,11.9215993981301,63,63,63,63,61,63,0.20559,8045,1.29563008188212,26,-88,0.001869,51,2026-09-02 11:18:38.001206,158,1.037,0.0011,"aoml_navis",1025.22512642658
"7901009",121,0.137041430638961,1,0.199983,1,0.177555,1,154.273148556629,1,4.87670691944994,160,1,25.2070007324219,36.742000579834,0.19998300075531,0.144254133105278,148.763397216797,-88.3605,26.0317,11.9215993981301,63,63,63,63,61,63,0.177555,8045,1.29563008188212,26,-88,0.001869,51,2026-09-02 11:18:38.001206,160,1.037,0.0011,"aoml_navis",1025.28203613351
"7901009",121,0.132713806513521,1,0.194376,1,0.171948,1,152.745807107906,1,4.87643954282716,162,1,25.0650005340576,36.7470016479492,0.19437600672245,0.139926508069038,147.290603637695,-88.3605,26.0317,11.9215993981301,63,63,63,63,61,63,0.171948,8045,1.29563008188212,26,-88,0.001869,51,2026-09-02 11:18:38.001206,162,1.037,0.0011,"aoml_navis",1025.33825265087
"7901009",121,0.112518227261463,1,0.16821,1,0.145782,1,151.033752936243,1,4.87607193112288,163.899993896484,1,24.8819999694824,36.7639999389648,0.168209999799728,0.119730934500694,145.639694213867,-88.3605,26.0317,11.9215993981301,63,63,63,63,61,63,0.145782,8045,1.29563008188212,26,-88,0.001869,51,2026-09-02 11:18:38.001206,163.899993896484,1.037,0.0011,"aoml_navis",1025.41555387773
"7901009",121,0.0894375652591117,1,0.138306,1,0.115878,1,149.252753906031,1,4.87558192510361,165.899993896484,1,24.6450004577637,36.7929992675781,0.138306006789207,0.0966502651572227,143.922302246094,-88.3605,26.0317,11.9215993981301,63,63,63,63,61,63,0.115878,8045,1.29563008188212,26,-88,0.001869,51,2026-09-02 11:18:38.001206,165.899993896484,1.037,0.0011,"aoml_navis",1025.51861025159
"7901009",121,0.0879950238839647,1,0.136437,1,0.114009,1,148.166457005736,1,4.87522297992953,168,1,24.4489994049072,36.8019981384277,0.136436998844147,0.0952077284455299,142.874801635742,-88.3605,26.0317,11.9215993981301,63,63,63,63,61,63,0.114009,8045,1.29563008188212,26,-88,0.001869,51,2026-09-02 11:18:38.001206,168,1.037,0.0011,"aoml_navis",1025.59411550695
"7901009",121,0.0793397756330829,1,0.125223,1,0.102795,1,147.366066854185,1,4.87497676109375,170,1,24.3190002441406,36.806999206543,0.125222995877266,0.0865524783730507,142.102996826172,-88.3605,26.0317,11.9215993981301,63,63,63,63,61,63,0.102795,8045,1.29563008188212,26,-88,0.001869,51,2026-09-02 11:18:38.001206,170,1.037,0.0011,"aoml_navis",1025.64591484908
"7901009",121,0.0735696101324951,1,0.117747,1,0.095319,1,146.130233825064,1,4.87475480701594,172,1,24.2129993438721,36.814998626709,0.117747001349926,0.0807823166251183,140.91130065918,-88.3605,26.0317,11.9215993981301,63,63,63,63,61,63,0.095319,8045,1.29563008188212,26,-88,0.001869,51,2026-09-02 11:18:38.001206,172,1.037,0.0011,"aoml_navis",1025.69261387338
"7901009",121,0.0620292791313194,1,0.102795,1,0.080367,1,145.001623738687,1,4.87448092676559,174,1,24.0830001831055,36.8279991149902,0.102794997394085,0.0692419856786728,139.822998046875,-88.3605,26.0317,11.9215993981301,63,63,63,63,61,63,0.080367,8045,1.29563008188212,26,-88,0.001869,51,2026-09-02 11:18:38.001206,174,1.037,0.0011,"aoml_navis",1025.75024399935
"7901009",121,0.0461613240047028,1,0.082236,1,0.059808,1,144.37244849866,1,4.87410781763676,176,1,23.9409999847412,36.8639984130859,0.0822359994053841,0.053374033421278,139.216293334961,-88.3605,26.0317,11.9215993981301,63,63,63,63,61,63,0.059808,8045,1.29563008188212,26,-88,0.001869,51,2026-09-02 11:18:38.001206,176,1.037,0.0011,"aoml_navis",1025.82876437565
"7901009",121,0.0432762412544089,1,0.078498,1,0.05607,1,144.21462063105,1,4.87387641667657,178,1,23.8400001525879,36.8769989013672,0.0784979984164238,0.0504889488220215,139.064102172852,-88.3605,26.0317,11.9215993981301,63,63,63,63,61,63,0.05607,8045,1.29563008188212,26,-88,0.001869,51,2026-09-02 11:18:38.001206,178,1.037,0.0011,"aoml_navis",1025.87746847497
"7901009",121,0.0360635343786741,1,0.069153,1,0.046725,1,144.095466445858,1,4.87375742134922,180,1,23.7849998474121,36.8769989013672,0.0691530033946037,0.0432762391865253,138.949203491211,-88.3605,26.0317,11.9215993981301,63,63,63,63,61,63,0.046725,8045,1.29563008188212,26,-88,0.001869,51,2026-09-02 11:18:38.001206,180,1.037,0.0011,"aoml_navis",1025.90251580798
"7901009",121,0.0418336998792619,1,0.076629,1,0.054201,1,143.75583745824,1,4.87366066647872,182,1,23.738000869751,36.8740005493164,0.0766289979219437,0.0490464083850384,138.621704101562,-88.3605,26.0317,11.9215993981301,63,63,63,63,61,63,0.054201,8045,1.29563008188212,26,-88,0.001869,51,2026-09-02 11:18:38.001206,182,1.037,0.0011,"aoml_navis",1025.92288264758
"7901009",121,0.0447187826295558,1,0.080367,1,0.057939,1,143.569890468839,1,4.87344501565298,184,1,23.6119995117188,36.8730010986328,0.0803669989109039,0.0519314929842949,138.442398071289,-88.3605,26.0317,11.9215993981301,63,63,63,63,61,63,0.057939,8045,1.29563008188212,26,-88,0.001869,51,2026-09-02 11:18:38.001206,184,1.037,0.0011,"aoml_navis",1025.96827992119
"7901009",121,0.038948617128968,1,0.072891,1,0.050463,1,143.382187023322,1,4.87325677296877,186,1,23.5279998779297,36.8810005187988,0.0728909969329834,0.0461613237857819,138.26139831543,-88.3605,26.0317,11.9215993981301,63,63,63,63,61,63,0.050463,8045,1.29563008188212,26,-88,0.001869,51,2026-09-02 11:18:38.001206,186,1.037,0.0011,"aoml_navis",1026.00791071266
"7901009",121,0.037506075753821,1,0.071022,1,0.048594,1,143.538574913395,1,4.87305458139447,188,1,23.4160003662109,36.8819999694824,0.0710219964385033,0.0447187833487988,138.412200927734,-88.3605,26.0317,11.9215993981301,63,63,63,63,61,63,0.048594,8045,1.29563008188212,26,-88,0.001869,51,2026-09-02 11:18:38.001206,188,1.037,0.0011,"aoml_navis",1026.05048157889
"7901009",121,0.040391158504115,1,0.07476,1,0.052332,1,143.693095579849,1,4.87274879473861,190,1,23.2220001220703,36.8800010681152,0.0747599974274635,0.047603864222765,138.56120300293,-88.3605,26.0317,11.9215993981301,63,63,63,63,61,63,0.052332,8045,1.29563008188212,26,-88,0.001869,51,2026-09-02 11:18:38.001206,190,1.037,0.0011,"aoml_navis",1026.11487080943
"7901009",121,0.0346209930035271,1,0.067284,1,0.044856,1,143.801774324058,1,4.87253544072225,192,1,23.1140003204346,36.8860015869141,0.0672840029001236,0.0418336987495422,138.666000366211,-88.3605,26.0317,11.9215993981301,63,63,63,63,61,63,0.044856,8045,1.29563008188212,26,-88,0.001869,51,2026-09-02 11:18:38.001206,192,1.037,0.0011,"aoml_navis",1026.15980136593
"7901009",121,0.0288508275029393,1,0.059808,1,0.03738,1,144.040921362677,1,4.87223779514939,194,1,22.9580001831055,36.8969993591309,0.0598080009222031,0.0360635332763195,138.896606445312,-88.3605,26.0317,11.9215993981301,63,63,63,63,61,63,0.03738,8045,1.29563008188212,26,-88,0.001869,51,2026-09-02 11:18:38.001206,194,1.037,0.0011,"aoml_navis",1026.22248958739
"7901009",121,0.0245232033774984,1,0.054201,1,0.031773,1,143.839102972513,1,4.87202270767584,196,1,22.8479995727539,36.9029998779297,0.0542009994387627,0.0317359082400799,138.701995849609,-88.3605,26.0317,11.9215993981301,63,63,63,63,61,63,0.031773,8045,1.29563008188212,26,-88,0.001869,51,2026-09-02 11:18:38.001206,196,1.037,0.0011,"aoml_navis",1026.26779471338
"7901009",121,0.0216381206272044,1,0.050463,1,0.028035,1,142.797097249423,1,4.87189988448226,198,1,22.7810001373291,36.9000015258789,0.0504629984498024,0.0288508292287588,137.697204589844,-88.3605,26.0317,11.9215993981301,63,63,63,63,61,63,0.028035,8045,1.29563008188212,26,-88,0.001869,51,2026-09-02 11:18:38.001206,198,1.037,0.0011,"aoml_navis",1026.29366747165
"7901009",121,0.0201955792520575,1,0.048594,1,0.026166,1,142.324404843043,1,4.8715549722377,200,1,22.5289993286133,36.8880004882812,0.0485940016806126,0.0274082869291306,137.241394042969,-88.3605,26.0317,11.9215993981301,63,63,63,63,61,63,0.026166,8045,1.29563008188212,26,-88,0.001869,51,2026-09-02 11:18:38.001206,200,1.037,0.0011,"aoml_navis",1026.36633035946
"7901009",121,0.0158679551266166,1,0.042987,1,0.020559,1,141.705610100424,1,4.87144238298278,202,1,22.4610004425049,36.8819999694824,0.0429870001971722,0.0230806618928909,136.64469909668,-88.3605,26.0317,11.9215993981301,63,63,63,63,61,63,0.020559,8045,1.29563008188212,26,-88,0.001869,51,2026-09-02 11:18:38.001206,202,1.037,0.0011,"aoml_navis",1026.39005183892
"7901009",121,0.0187530378769105,1,0.046725,1,0.024297,1,141.726450214886,1,4.87113064578332,204,1,22.2469997406006,36.8759994506836,0.0467250011861324,0.0259657464921474,136.664794921875,-88.3605,26.0317,11.9215993981301,63,63,63,63,61,63,0.024297,8045,1.29563008188212,26,-88,0.001869,51,2026-09-02 11:18:38.001206,204,1.037,0.0011,"aoml_navis",1026.4557376075
"7901009",121,0.0187530378769105,1,0.046725,1,0.024297,1,141.29804898571,1,4.87100197624556,206,1,22.1639995574951,36.8689994812012,0.0467250011861324,0.0259657464921474,136.251693725586,-88.3605,26.0317,11.9215993981301,63,63,63,63,61,63,0.024297,8045,1.29563008188212,26,-88,0.001869,51,2026-09-02 11:18:38.001206,206,1.037,0.0011,"aoml_navis",1026.48285186159
"7901009",121,0.00865524825088178,1,0.033642,1,0.011214,1,141.309774517082,1,4.8707548149732,208,1,21.9799995422363,36.8569984436035,0.0336420014500618,0.0158679541200399,136.263000488281,-88.3605,26.0317,11.9215993981301,63,63,63,63,61,63,0.011214,8045,1.29563008188212,26,-88,0.001869,51,2026-09-02 11:18:38.001206,208,1.037,0.0011,"aoml_navis",1026.5349396421
"7901009",121,0.00721270687573481,1,0.031773,1,0.009345,1,141.472903400898,1,4.87053364140694,210,1,21.8090000152588,36.8429985046387,0.0317730009555817,0.0144254146143794,136.420303344727,-88.3605,26.0317,11.9215993981301,63,63,63,63,61,63,0.009345,8045,1.29563008188212,26,-88,0.001869,51,2026-09-02 11:18:38.001206,210,1.037,0.0011,"aoml_navis",1026.58155514878
"7901009",121,-0.00144254137514696,1,0.020559,1,-0.001869,1,141.979807141726,1,4.87017026060888,212,1,21.5200004577637,36.8250007629395,0.020558999851346,0.00577016547322273,136.909103393555,-88.3605,26.0317,11.9215993981301,63,63,63,63,61,63,-0.001869,8045,1.29563008188212,26,-88,0.001869,51,2026-09-02 11:18:38.001206,212,1.037,0.0011,"aoml_navis",1026.65815206528
"7901009",121,0.00288508275029393,1,0.026166,1,0.003738,1,142.129865460208,1,4.87004481179972,214,1,21.4349994659424,36.8170013427734,0.0261659994721413,0.0100977895781398,137.053802490234,-88.3605,26.0317,11.9215993981301,63,63,63,63,61,63,0.003738,8045,1.29563008188212,26,-88,0.001869,51,2026-09-02 11:18:38.001206,214,1.037,0.0011,"aoml_navis",1026.68459803191
"7901009",121,0.00288508275029393,1,0.026166,1,0.003738,1,142.397210740263,1,4.86990769992487,216,1,21.3409996032715,36.8089981079102,0.0261659994721413,0.0100977895781398,137.311599731445,-88.3605,26.0317,11.9215993981301,63,63,63,63,61,63,0.003738,8045,1.29563008188212,26,-88,0.001869,51,2026-09-02 11:18:38.001206,216,1.037,0.0011,"aoml_navis",1026.71350425741
"7901009",121,-0.00288508275029393,1,0.01869,1,-0.003738,1,142.737045438958,1,4.86978584425281,218,1,21.2609996795654,36.8019981384277,0.0186899993568659,0.00432762410491705,137.639297485352,-88.3605,26.0317,11.9215993981301,63,63,63,63,61,63,-0.003738,8045,1.29563008188212,26,-88,0.001869,51,2026-09-02 11:18:38.001206,218,1.037,0.0011,"aoml_navis",1026.739195503
"7901009",121,0,1,0.022428,1,0,1,143.28730674518,1,4.86954897735102,220,1,21.0799999237061,36.7900009155273,0.0224280003458261,0.0072127073071897,138.169906616211,-88.3605,26.0317,11.9215993981301,63,63,63,63,61,63,0,8045,1.29563008188212,26,-88,0.001869,51,2026-09-02 11:18:38.001206,220,1.037,0.0011,"aoml_navis",1026.78913863599
"7901009",121,-0.00144254137514696,1,0.020559,1,-0.001869,1,143.751786532422,1,4.86929538423973,222,1,20.8770008087158,36.7750015258789,0.020558999851346,0.00577016547322273,138.617797851562,-88.3605,26.0317,11.9215993981301,63,63,63,63,61,63,-0.001869,8045,1.29563008188212,26,-88,0.001869,51,2026-09-02 11:18:38.001206,222,1.037,0.0011,"aoml_navis",1026.84261385812
"7901009",121,-0.00144254137514696,1,0.020559,1,-0.001869,1,143.896670426129,1,4.86918446730361,224,1,20.7959995269775,36.7649993896484,0.020558999851346,0.00577016547322273,138.757507324219,-88.3605,26.0317,11.9215993981301,63,63,63,63,61,63,-0.001869,8045,1.29563008188212,26,-88,0.001869,51,2026-09-02 11:18:38.001206,224,1.037,0.0011,"aoml_navis",1026.86600468206
"7901009",121,-0.00144254137514696,1,0.020559,1,-0.001869,1,143.908285189997,1,4.86913171761767,226,1,20.7759990692139,36.7610015869141,0.020558999851346,0.00577016547322273,138.768707275391,-88.3605,26.0317,11.9215993981301,63,63,63,63,61,63,-0.001869,8045,1.29563008188212,26,-88,0.001869,51,2026-09-02 11:18:38.001206,226,1.037,0.0011,"aoml_navis",1026.87712922385
"7901009",121,0,1,0.022428,1,0,1,144.072442629198,1,4.86904737895332,228,1,20.7290000915527,36.7560005187988,0.0224280003458261,0.0072127073071897,138.927001953125,-88.3605,26.0317,11.9215993981301,63,63,63,63,61,63,0,8045,1.29563008188212,26,-88,0.001869,51,2026-09-02 11:18:38.001206,228,1.037,0.0011,"aoml_navis",1026.89491616219
"7901009",121,0,1,0.022428,1,0,1,144.485811125846,1,4.8688612319149,230,1,20.5869998931885,36.7449989318848,0.0224280003458261,0.0072127073071897,139.325607299805,-88.3605,26.0317,11.9215993981301,63,63,63,63,61,63,0,8045,1.29563008188212,26,-88,0.001869,51,2026-09-02 11:18:38.001206,230,1.037,0.0011,"aoml_navis",1026.93417656381
"7901009",121,-0.00432762412544089,1,0.016821,1,-0.005607,1,144.713738998821,1,4.86874916088957,232,1,20.5100002288818,36.7369995117188,0.0168210007250309,0.00288508273661137,139.545394897461,-88.3605,26.0317,11.9215993981301,63,63,63,63,61,63,-0.005607,8045,1.29563008188212,26,-88,0.001869,51,2026-09-02 11:18:38.001206,232,1.037,0.0011,"aoml_navis",1026.95781498968
"7901009",121,-0.00288508275029393,1,0.01869,1,-0.003738,1,144.830820249316,1,4.86869273010844,234,1,20.4869995117188,36.7330017089844,0.0186899993568659,0.00432762410491705,139.658294677734,-88.3605,26.0317,11.9215993981301,63,63,63,63,61,63,-0.003738,8045,1.29563008188212,26,-88,0.001869,51,2026-09-02 11:18:38.001206,234,1.037,0.0011,"aoml_navis",1026.96971798601
"7901009",121,-0.00432762412544089,1,0.016821,1,-0.005607,1,145.246166737087,1,4.86863633452908,236,1,20.4640007019043,36.7290000915527,0.0168210007250309,0.00288508273661137,140.058807373047,-88.3605,26.0317,11.9215993981301,63,63,63,63,61,63,-0.005607,8045,1.29563008188212,26,-88,0.001869,51,2026-09-02 11:18:38.001206,236,1.037,0.0011,"aoml_navis",1026.98161383287
"7901009",121,-0.00432762412544089,1,0.016821,1,-0.005607,1,145.91868371858,1,4.86848229317685,238,1,20.3570003509521,36.7220001220703,0.0168210007250309,0.00288508273661137,140.707305908203,-88.3605,26.0317,11.9215993981301,63,63,63,63,61,63,-0.005607,8045,1.29563008188212,26,-88,0.001869,51,2026-09-02 11:18:38.001206,238,1.037,0.0011,"aoml_navis",1027.01410807378
"7901009",121,-0.00288508275029393,1,0.01869,1,-0.003738,1,146.325089686478,1,4.86835237644271,240,1,20.2600002288818,36.7120018005371,0.0186899993568659,0.00432762410491705,141.099197387695,-88.3605,26.0317,11.9215993981301,63,63,63,63,61,63,-0.003738,8045,1.29563008188212,26,-88,0.001869,51,2026-09-02 11:18:38.001206,240,1.037,0.0011,"aoml_navis",1027.0415149475
"7901009",121,0,1,0.022428,1,0,1,146.499627623087,1,4.86824873104168,242,1,20.1860008239746,36.7029991149902,0.0224280003458261,0.0072127073071897,141.267501831055,-88.3605,26.0317,11.9215993981301,63,63,63,63,61,63,0,8045,1.29563008188212,26,-88,0.001869,51,2026-09-02 11:18:38.001206,242,1.037,0.0011,"aoml_navis",1027.06338074269
"7901009",121,-0.00144254137514696,1,0.020559,1,-0.001869,1,146.62231054444,1,4.86809748783524,244.100006103516,1,20.0480003356934,36.6839981079102,0.020558999851346,0.00577016547322273,141.385803222656,-88.3605,26.0317,11.9215993981301,63,63,63,63,61,63,-0.001869,8045,1.29563008188212,26,-88,0.001869,51,2026-09-02 11:18:38.001206,244.100006103516,1.037,0.0011,"aoml_navis",1027.09528979121
"7901009",121,-0.00144254137514696,1,0.020559,1,-0.001869,1,146.927095240453,1,4.86792846545009,246,1,19.8780002593994,36.6599998474121,0.020558999851346,0.00577016547322273,141.679702758789,-88.3605,26.0317,11.9215993981301,63,63,63,63,61,63,-0.001869,8045,1.29563008188212,26,-88,0.001869,51,2026-09-02 11:18:38.001206,246,1.037,0.0011,"aoml_navis",1027.13095220837
"7901009",121,-0.00144254137514696,1,0.020559,1,-0.001869,1,146.880936839629,1,4.86783204683513,248,1,19.8059997558594,36.6500015258789,0.020558999851346,0.00577016547322273,141.635192871094,-88.3605,26.0317,11.9215993981301,63,63,63,63,61,63,-0.001869,8045,1.29563008188212,26,-88,0.001869,51,2026-09-02 11:18:38.001206,248,1.037,0.0011,"aoml_navis",1027.15129690039
"7901009",121,-0.00144254137514696,1,0.020559,1,-0.001869,1,146.693961294845,1,4.86768149180466,250,1,19.6709995269775,36.632999420166,0.020558999851346,0.00577016547322273,141.454895019531,-88.3605,26.0317,11.9215993981301,63,63,63,63,61,63,-0.001869,8045,1.29563008188212,26,-88,0.001869,51,2026-09-02 11:18:38.001206,250,1.037,0.0011,"aoml_navis",1027.18306619242
"7901009",121,-0.00144254137514696,1,0.020559,1,-0.001869,1,146.9194206349,1,4.867494467895,252,1,19.4689998626709,36.6030006408691,0.020558999851346,0.00577016547322273,141.672302246094,-88.3605,26.0317,11.9215993981301,63,63,63,63,61,63,-0.001869,8045,1.29563008188212,26,-88,0.001869,51,2026-09-02 11:18:38.001206,252,1.037,0.0011,"aoml_navis",1027.22253368319
"7901009",121,-0.00144254137514696,1,0.020559,1,-0.001869,1,147.131287219964,1,4.86738473981648,254,1,19.371000289917,36.5880012512207,0.020558999851346,0.00577016547322273,141.876602172852,-88.3605,26.0317,11.9215993981301,63,63,63,63,61,63,-0.001869,8045,1.29563008188212,26,-88,0.001869,51,2026-09-02 11:18:38.001206,254,1.037,0.0011,"aoml_navis",1027.24569091461
"7901009",121,-0.00144254137514696,1,0.020559,1,-0.001869,1,148.269945501241,1,4.86728713312051,256,1,19.2940006256104,36.5769996643066,0.020558999851346,0.00577016547322273,142.974594116211,-88.3605,26.0317,11.9215993981301,63,63,63,63,61,63,-0.001869,8045,1.29563008188212,26,-88,0.001869,51,2026-09-02 11:18:38.001206,256,1.037,0.0011,"aoml_navis",1027.26629090288
"7901009",121,-0.00432762412544089,1,0.016821,1,-0.005607,1,149.976398002046,1,4.86712812108884,258,1,19.181999206543,36.5709991455078,0.0168210007250309,0.00288508273661137,144.620101928711,-88.3605,26.0317,11.9215993981301,63,63,63,63,61,63,-0.005607,8045,1.29563008188212,26,-88,0.001869,51,2026-09-02 11:18:38.001206,258,1.037,0.0011,"aoml_navis",1027.29985231649
"7901009",121,-0.00432762412544089,1,0.016821,1,-0.005607,1,150.193344068312,1,4.86699873606157,260,1,19.076000213623,36.5589981079102,0.0168210007250309,0.00288508273661137,144.829299926758,-88.3605,26.0317,11.9215993981301,63,63,63,63,61,63,-0.005607,8045,1.29563008188212,26,-88,0.001869,51,2026-09-02 11:18:38.001206,260,1.037,0.0011,"aoml_navis",1027.32716221045
"7901009",121,-0.00144254137514696,1,0.020559,1,-0.001869,1,149.94187018902,1,4.86694484166922,262,1,19.056999206543,36.5559997558594,0.020558999851346,0.00577016547322273,144.586807250977,-88.3605,26.0317,11.9215993981301,63,63,63,63,61,63,-0.001869,8045,1.29563008188212,26,-88,0.001869,51,2026-09-02 11:18:38.001206,262,1.037,0.0011,"aoml_navis",1027.3385383766
"7901009",121,-0.00577016550058785,1,0.014952,1,-0.007476,1,149.754878820307,1,4.8668983056759,264,1,19.0410003662109,36.5519981384277,0.0149520002305508,0.00144254136830568,144.406494140625,-88.3605,26.0317,11.9215993981301,63,63,63,63,61,63,-0.007476,8045,1.29563008188212,26,-88,0.001869,51,2026-09-02 11:18:38.001206,264,1.037,0.0011,"aoml_navis",1027.34836151577
"7901009",121,-0.00288508275029393,1,0.01869,1,-0.003738,1,149.591338514337,1,4.86683824937609,266,1,19.0170001983643,36.548999786377,0.0186899993568659,0.00432762410491705,144.248794555664,-88.3605,26.0317,11.9215993981301,63,63,63,63,61,63,-0.003738,8045,1.29563008188212,26,-88,0.001869,51,2026-09-02 11:18:38.001206,266,1.037,0.0011,"aoml_navis",1027.36103889234
"7901009",121,-0.00432762412544089,1,0.016821,1,-0.005607,1,149.454350761189,1,4.86678174779203,268,1,18.9899997711182,36.5439987182617,0.0168210007250309,0.00288508273661137,144.11669921875,-88.3605,26.0317,11.9215993981301,63,63,63,63,61,63,-0.005607,8045,1.29563008188212,26,-88,0.001869,51,2026-09-02 11:18:38.001206,268,1.037,0.0011,"aoml_navis",1027.37296618415
"7901009",121,-0.00288508275029393,1,0.01869,1,-0.003738,1,149.536271241499,1,4.86667030452111,270,1,18.8950004577637,36.5309982299805,0.0186899993568659,0.00432762410491705,144.195693969727,-88.3605,26.0317,11.9215993981301,63,63,63,63,61,63,-0.003738,8045,1.29563008188212,26,-88,0.001869,51,2026-09-02 11:18:38.001206,270,1.037,0.0011,"aoml_navis",1027.39649229064
"7901009",121,-0.00577016550058785,1,0.014952,1,-0.007476,1,150.069933246225,1,4.86654440458888,272,1,18.7849998474121,36.5169982910156,0.0149520002305508,0.00144254136830568,144.710296630859,-88.3605,26.0317,11.9215993981301,63,63,63,63,61,63,-0.007476,8045,1.29563008188212,26,-88,0.001869,51,2026-09-02 11:18:38.001206,272,1.037,0.0011,"aoml_navis",1027.42307155058
"7901009",121,0,1,0.01869,1,-0.003738,1,150.415891805434,1,4.86647211046463,274,1,18.742000579834,36.5110015869141,0.0186899993568659,0.00432762410491705,145.043899536133,-88.3605,26.0317,11.9215993981301,63,63,63,63,61,63,0,8045,1.29563008188212,26,-88,0.001869,51,2026-09-02 11:18:38.001206,274,1.037,0.0011,"aoml_navis",1027.43833448634
"7901009",121,0,1,0.014952,1,-0.007476,1,150.859325767138,1,4.86640620035485,276,1,18.7129993438721,36.507999420166,0.0149520002305508,0.00144254136830568,145.471496582031,-88.3605,26.0317,11.9215993981301,63,63,63,63,61,63,0,8045,1.29563008188212,26,-88,0.001869,51,2026-09-02 11:18:38.001206,276,1.037,0.0011,"aoml_navis",1027.45225000646
"7901009",121,0,1,0.014952,1,-0.007476,1,150.907557102657,1,4.86633898610326,278,1,18.6770000457764,36.5029983520508,0.0149520002305508,0.00144254136830568,145.518005371094,-88.3605,26.0317,11.9215993981301,63,63,63,63,61,63,0,8045,1.29563008188212,26,-88,0.001869,51,2026-09-02 11:18:38.001206,278,1.037,0.0011,"aoml_navis",1027.46644125665
"7901009",121,0,1,0.016821,1,-0.005607,1,151.032930091937,1,4.86628408589987,280,1,18.6539993286133,36.4990005493164,0.0168210007250309,0.00288508273661137,145.638900756836,-88.3605,26.0317,11.9215993981301,63,63,63,63,61,63,0,8045,1.29563008188212,26,-88,0.001869,51,2026-09-02 11:18:38.001206,280,1.037,0.0011,"aoml_navis",1027.47803287678
"7901009",121,0,1,0.013083,1,-0.009345,1,151.480098500878,1,4.86618750017999,282,1,18.5849990844727,36.4910011291504,0.0130829997360706,0,146.070098876953,-88.3605,26.0317,11.9215993981301,63,63,63,63,61,63,0,8045,1.29563008188212,26,-88,0.001869,51,2026-09-02 11:18:38.001206,282,1.037,0.0011,"aoml_navis",1027.49842660503
"7901009",121,0,1,0.014952,1,-0.007476,1,151.575817447256,1,4.86612537554519,284,1,18.5559997558594,36.4869995117188,0.0149520002305508,0.00144254136830568,146.162399291992,-88.3605,26.0317,11.9215993981301,63,63,63,63,61,63,0,8045,1.29563008188212,26,-88,0.001869,51,2026-09-02 11:18:38.001206,284,1.037,0.0011,"aoml_navis",1027.51154442662
"7901009",121,0,1,0.014952,1,-0.007476,1,151.369963955203,1,4.86608524411672,286,1,18.5480003356934,36.484001159668,0.0149520002305508,0.00144254136830568,145.963897705078,-88.3605,26.0317,11.9215993981301,63,63,63,63,61,63,0,8045,1.29563008188212,26,-88,0.001869,51,2026-09-02 11:18:38.001206,286,1.037,0.0011,"aoml_navis",1027.52001848821
"7901009",121,0,1,0.013083,1,-0.009345,1,150.828833056,1,4.8660231938042,288,1,18.5219993591309,36.4809989929199,0.0130829997360706,0,145.442092895508,-88.3605,26.0317,11.9215993981301,63,63,63,63,61,63,0,8045,1.29563008188212,26,-88,0.001869,51,2026-09-02 11:18:38.001206,288,1.037,0.0011,"aoml_navis",1027.53312116687
"7901009",121,0,1,0.016821,1,-0.005607,1,150.107989795413,1,4.86593532516654,290,1,18.4449996948242,36.4679985046387,0.0168210007250309,0.00288508273661137,144.746994018555,-88.3605,26.0317,11.9215993981301,63,63,63,63,61,63,0,8045,1.29563008188212,26,-88,0.001869,51,2026-09-02 11:18:38.001206,290,1.037,0.0011,"aoml_navis",1027.55167627076
"7901009",121,0,1,0.01869,1,-0.003738,1,149.060588112542,1,4.86585984116431,292,1,18.3840007781982,36.4570007324219,0.0186899993568659,0.00432762410491705,143.736999511719,-88.3605,26.0317,11.9215993981301,63,63,63,63,61,63,0,8045,1.29563008188212,26,-88,0.001869,51,2026-09-02 11:18:38.001206,292,1.037,0.0011,"aoml_navis",1027.56761666271
"7901009",121,0,1,0.013083,1,-0.009345,1,148.178688902835,1,4.86571918963098,294,1,18.2269992828369,36.431999206543,0.0130829997360706,0,142.886596679688,-88.3605,26.0317,11.9215993981301,63,63,63,63,61,63,0,8045,1.29563008188212,26,-88,0.001869,51,2026-09-02 11:18:38.001206,294,1.037,0.0011,"aoml_navis",1027.59732017729
"7901009",121,0,1,0.014952,1,-0.007476,1,147.417811101938,1,4.86563826639588,296,1,18.1459999084473,36.4160003662109,0.0149520002305508,0.00144254136830568,142.152893066406,-88.3605,26.0317,11.9215993981301,63,63,63,63,61,63,0,8045,1.29563008188212,26,-88,0.001869,51,2026-09-02 11:18:38.001206,296,1.037,0.0011,"aoml_navis",1027.61441074074
"7901009",121,0,1,0.01869,1,-0.003738,1,146.467789877987,1,4.86555869663054,298,1,18.0839996337891,36.4059982299805,0.0186899993568659,0.00432762410491705,141.236801147461,-88.3605,26.0317,11.9215993981301,63,63,63,63,61,63,0,8045,1.29563008188212,26,-88,0.001869,51,2026-09-02 11:18:38.001206,298,1.037,0.0011,"aoml_navis",1027.63121601278
"7901009",121,0,1,0.020559,1,-0.001869,1,145.404516794353,1,4.86549497629246,300,1,18.0200004577637,36.390998840332,0.020558999851346,0.00577016547322273,140.211502075195,-88.3605,26.0317,11.9215993981301,63,63,63,63,61,63,0,8045,1.29563008188212,26,-88,0.001869,51,2026-09-02 11:18:38.001206,300,1.037,0.0011,"aoml_navis",1027.64467425471
"7901009",121,0,1,0.016821,1,-0.005607,1,144.619380910335,1,4.86538247603527,302,1,17.9120006561279,36.375,0.0168210007250309,0.00288508273661137,139.454406738281,-88.3605,26.0317,11.9215993981301,63,63,63,63,61,63,0,8045,1.29563008188212,26,-88,0.001869,51,2026-09-02 11:18:38.001206,302,1.037,0.0011,"aoml_navis",1027.66843606393
"7901009",121,0,1,0.01869,1,-0.003738,1,144.459258573024,1,4.86521759241576,304,1,17.7290000915527,36.3489990234375,0.0186899993568659,0.00432762410491705,139.300003051758,-88.3605,26.0317,11.9215993981301,63,63,63,63,61,63,0,8045,1.29563008188212,26,-88,0.001869,51,2026-09-02 11:18:38.001206,304,1.037,0.0011,"aoml_navis",1027.70326404195
"7901009",121,0,1,0.026166,1,0.003738,1,144.41912908914,1,4.86510904775623,306,1,17.6110000610352,36.3289985656738,0.0261659994721413,0.0100977895781398,139.261306762695,-88.3605,26.0317,11.9215993981301,63,63,63,63,61,63,0,8045,1.29563008188212,26,-88,0.001869,51,2026-09-02 11:18:38.001206,306,1.037,0.0011,"aoml_navis",1027.72619296293
"7901009",121,0,1,0.01869,1,-0.003738,1,144.165044261567,1,4.86504594682781,308,1,17.568000793457,36.3209991455078,0.0186899993568659,0.00432762410491705,139.016296386719,-88.3605,26.0317,11.9215993981301,63,63,63,63,61,63,0,8045,1.29563008188212,26,-88,0.001869,51,2026-09-02 11:18:38.001206,308,1.037,0.0011,"aoml_navis",1027.73952284257
"7901009",121,0,1,0.01869,1,-0.003738,1,143.986059800916,1,4.86496987077726,310,1,17.5170001983643,36.3139991760254,0.0186899993568659,0.00432762410491705,138.843704223633,-88.3605,26.0317,11.9215993981301,63,63,63,63,61,63,0,8045,1.29563008188212,26,-88,0.001869,51,2026-09-02 11:18:38.001206,310,1.037,0.0011,"aoml_navis",1027.75559413715
"7901009",121,0,1,0.014952,1,-0.007476,1,143.492321568997,1,4.86492536888275,312,1,17.5020008087158,36.310001373291,0.0149520002305508,0.00144254136830568,138.367599487305,-88.3605,26.0317,11.9215993981301,63,63,63,63,61,63,0,8045,1.29563008188212,26,-88,0.001869,51,2026-09-02 11:18:38.001206,312,1.037,0.0011,"aoml_navis",1027.76499552927
"7901009",121,0,1,0.01869,1,-0.003738,1,143.015071871072,1,4.86483680379722,314,1,17.4309997558594,36.2999992370605,0.0186899993568659,0.00432762410491705,137.90739440918,-88.3605,26.0317,11.9215993981301,63,63,63,63,61,63,0,8045,1.29563008188212,26,-88,0.001869,51,2026-09-02 11:18:38.001206,314,1.037,0.0011,"aoml_navis",1027.78370614555
"7901009",121,0,1,0.01869,1,-0.003738,1,142.933262158264,1,4.86473410222043,316,1,17.3229999542236,36.2820014953613,0.0186899993568659,0.00432762410491705,137.828506469727,-88.3605,26.0317,11.9215993981301,63,63,63,63,61,63,0,8045,1.29563008188212,26,-88,0.001869,51,2026-09-02 11:18:38.001206,316,1.037,0.0011,"aoml_navis",1027.80540414693
"7901009",121,0,1,0.016821,1,-0.005607,1,142.809123435445,1,4.8646748663238,318,1,17.2859992980957,36.2750015258789,0.0168210007250309,0.00288508273661137,137.708801269531,-88.3605,26.0317,11.9215993981301,63,63,63,63,61,63,0,8045,1.29563008188212,26,-88,0.001869,51,2026-09-02 11:18:38.001206,318,1.037,0.0011,"aoml_navis",1027.8179194694
"7901009",121,0,1,0.014952,1,-0.007476,1,142.618729922002,1,4.86463131465701,320,1,17.2810001373291,36.273998260498,0.0149520002305508,0.00144254136830568,137.525207519531,-88.3605,26.0317,11.9215993981301,63,63,63,63,61,63,0,8045,1.29563008188212,26,-88,0.001869,51,2026-09-02 11:18:38.001206,320,1.037,0.0011,"aoml_navis",1027.82712123222
"7901009",121,0,1,0.016821,1,-0.005607,1,142.337380464803,1,4.86458331534389,322,1,17.2660007476807,36.2709999084473,0.0168210007250309,0.00288508273661137,137.25390625,-88.3605,26.0317,11.9215993981301,63,63,63,63,61,63,0,8045,1.29563008188212,26,-88,0.001869,51,2026-09-02 11:18:38.001206,322,1.037,0.0011,"aoml_navis",1027.83726290163
"7901009",121,0,1,0.01869,1,-0.003738,1,142.185549866275,1,4.86451353475255,324,1,17.2229995727539,36.2649993896484,0.0186899993568659,0.00432762410491705,137.107498168945,-88.3605,26.0317,11.9215993981301,63,63,63,63,61,63,0,8045,1.29563008188212,26,-88,0.001869,51,2026-09-02 11:18:38.001206,324,1.037,0.0011,"aoml_navis",1027.85200704644
"7901009",121,0,1,0.020559,1,-0.001869,1,141.932414474441,1,4.86445780237135,326,1,17.1919994354248,36.2589988708496,0.020558999851346,0.00577016547322273,136.863403320312,-88.3605,26.0317,11.9215993981301,63,63,63,63,61,63,0,8045,1.29563008188212,26,-88,0.001869,51,2026-09-02 11:18:38.001206,326,1.037,0.0011,"aoml_navis",1027.86378320777
"7901009",121,0,1,0.016821,1,-0.005607,1,141.521846813222,1,4.86440312648005,328,1,17.1650009155273,36.2540016174316,0.0168210007250309,0.00288508273661137,136.467498779297,-88.3605,26.0317,11.9215993981301,63,63,63,63,61,63,0,8045,1.29563008188212,26,-88,0.001869,51,2026-09-02 11:18:38.001206,328,1.037,0.0011,"aoml_navis",1027.87533639673
"7901009",121,0,1,0.01869,1,-0.003738,1,141.296292529594,1,4.86432013338713,330,1,17.0979995727539,36.2439994812012,0.0186899993568659,0.00432762410491705,136.25,-88.3605,26.0317,11.9215993981301,63,63,63,63,61,63,0,8045,1.29563008188212,26,-88,0.001869,51,2026-09-02 11:18:38.001206,330,1.037,0.0011,"aoml_navis",1027.89287359637
"7901009",121,0,1,0.014952,1,-0.007476,1,140.9442259338,1,4.86424990657521,332,1,17.0450000762939,36.2350006103516,0.0149520002305508,0.00144254136830568,135.910507202148,-88.3605,26.0317,11.9215993981301,63,63,63,63,61,63,0,8045,1.29563008188212,26,-88,0.001869,51,2026-09-02 11:18:38.001206,332,1.037,0.0011,"aoml_navis",1027.90771363151
"7901009",121,0,1,0.022428,1,0,1,140.381527019402,1,4.86419453214997,334,1,17.0109996795654,36.2280006408691,0.0224280003458261,0.0072127073071897,135.367904663086,-88.3605,26.0317,11.9215993981301,63,63,63,63,61,63,0,8045,1.29563008188212,26,-88,0.001869,51,2026-09-02 11:18:38.001206,334,1.037,0.0011,"aoml_navis",1027.91941542478
"7901009",121,0,1,0.01869,1,-0.003738,1,139.802956704241,1,4.86409559316987,336,1,16.9109992980957,36.2120018005371,0.0186899993568659,0.00432762410491705,134.809997558594,-88.3605,26.0317,11.9215993981301,63,63,63,63,61,63,0,8045,1.29563008188212,26,-88,0.001869,51,2026-09-02 11:18:38.001206,336,1.037,0.0011,"aoml_navis",1027.94032399794
"7901009",121,0,1,0.022428,1,0,1,139.080974120768,1,4.86400450274764,338,1,16.8080005645752,36.193000793457,0.0224280003458261,0.0072127073071897,134.113800048828,-88.3605,26.0317,11.9215993981301,63,63,63,63,61,63,0,8045,1.29563008188212,26,-88,0.001869,51,2026-09-02 11:18:38.001206,338,1.037,0.0011,"aoml_navis",1027.95957470342
"7901009",121,0,1,0.020559,1,-0.001869,1,138.784386219965,1,4.86386603150728,340,1,16.6410007476807,36.1669998168945,0.020558999851346,0.00577016547322273,133.82780456543,-88.3605,26.0317,11.9215993981301,63,63,63,63,61,63,0,8045,1.29563008188212,26,-88,0.001869,51,2026-09-02 11:18:38.001206,340,1.037,0.0011,"aoml_navis",1027.98884007307
"7901009",121,0,1,0.022428,1,0,1,138.621573814728,1,4.86379459861631,342,1,16.5669994354248,36.1520004272461,0.0224280003458261,0.0072127073071897,133.670806884766,-88.3605,26.0317,11.9215993981301,63,63,63,63,61,63,0,8045,1.29563008188212,26,-88,0.001869,51,2026-09-02 11:18:38.001206,342,1.037,0.0011,"aoml_navis",1028.00393779426
"7901009",121,0,1,0.01869,1,-0.003738,1,138.49401712325,1,4.86369297872397,344,1,16.4790000915527,36.140998840332,0.0186899993568659,0.00432762410491705,133.547805786133,-88.3605,26.0317,11.9215993981301,63,63,63,63,61,63,0,8045,1.29563008188212,26,-88,0.001869,51,2026-09-02 11:18:38.001206,344,1.037,0.0011,"aoml_navis",1028.02541646282
"7901009",121,0,1,0.020559,1,-0.001869,1,138.425562806498,1,4.86361818037347,346,1,16.4080009460449,36.1279983520508,0.020558999851346,0.00577016547322273,133.481796264648,-88.3605,26.0317,11.9215993981301,63,63,63,63,61,63,0,8045,1.29563008188212,26,-88,0.001869,51,2026-09-02 11:18:38.001206,346,1.037,0.0011,"aoml_navis",1028.04122662772
"7901009",121,0,1,0.020559,1,-0.001869,1,138.309826589966,1,4.86355864485628,348,1,16.3759994506836,36.1230010986328,0.020558999851346,0.00577016547322273,133.370193481445,-88.3605,26.0317,11.9215993981301,63,63,63,63,61,63,0,8045,1.29563008188212,26,-88,0.001869,51,2026-09-02 11:18:38.001206,348,1.037,0.0011,"aoml_navis",1028.05381102745
"7901009",121,0,1,0.020559,1,-0.001869,1,138.233919202666,1,4.86349196140072,350,1,16.3279991149902,36.1150016784668,0.020558999851346,0.00577016547322273,133.296997070312,-88.3605,26.0317,11.9215993981301,63,63,63,63,61,63,0,8045,1.29563008188212,26,-88,0.001869,51,2026-09-02 11:18:38.001206,350,1.037,0.0011,"aoml_navis",1028.06790669804
"7901009",121,0,1,0.020559,1,-0.001869,1,138.017906748211,1,4.86344762662257,352,1,16.3190002441406,36.1129989624023,0.020558999851346,0.00577016547322273,133.08869934082,-88.3605,26.0317,11.9215993981301,63,63,63,63,61,63,0,8045,1.29563008188212,26,-88,0.001869,51,2026-09-02 11:18:38.001206,352,1.037,0.0011,"aoml_navis",1028.07727847832
"7901009",121,0,1,0.01869,1,-0.003738,1,137.622482587022,1,4.86340327927021,354,1,16.3099994659424,36.1110000610352,0.0186899993568659,0.00432762410491705,132.707397460938,-88.3605,26.0317,11.9215993981301,63,63,63,63,61,63,0,8045,1.29563008188212,26,-88,0.001869,51,2026-09-02 11:18:38.001206,354,1.037,0.0011,"aoml_navis",1028.08665308757
"7901009",121,0,1,0.020559,1,-0.001869,1,137.127810743293,1,4.86335112973248,356,1,16.2779998779297,36.1040000915527,0.020558999851346,0.00577016547322273,132.230392456055,-88.3605,26.0317,11.9215993981301,63,63,63,63,61,63,0,8045,1.29563008188212,26,-88,0.001869,51,2026-09-02 11:18:38.001206,356,1.037,0.0011,"aoml_navis",1028.09767722345
"7901009",121,0,1,0.016821,1,-0.005607,1,136.832567876453,1,4.86323294719994,358,1,16.1550006866455,36.0870018005371,0.0168210007250309,0.00288508273661137,131.945693969727,-88.3605,26.0317,11.9215993981301,63,63,63,63,61,63,0,8045,1.29563008188212,26,-88,0.001869,51,2026-09-02 11:18:38.001206,358,1.037,0.0011,"aoml_navis",1028.12266125948
"7901009",121,0,1,0.022428,1,0,1,136.604007046319,1,4.86315457937298,360,1,16.0799999237061,36.0740013122559,0.0224280003458261,0.0072127073071897,131.725296020508,-88.3605,26.0317,11.9215993981301,63,63,63,63,61,63,0,8045,1.29563008188212,26,-88,0.001869,51,2026-09-02 11:18:38.001206,360,1.037,0.0011,"aoml_navis",1028.13922905257
"7901009",121,0,1,0.01869,1,-0.003738,1,136.349621564096,1,4.86309292375703,362,1,16.0359992980957,36.0660018920898,0.0186899993568659,0.00432762410491705,131.479995727539,-88.3605,26.0317,11.9215993981301,63,63,63,63,61,63,0,8045,1.29563008188212,26,-88,0.001869,51,2026-09-02 11:18:38.001206,362,1.037,0.0011,"aoml_navis",1028.1522640816
"7901009",121,0,1,0.016821,1,-0.005607,1,136.05323937437,1,4.86303609244256,364,1,16.0060005187988,36.0610008239746,0.0168210007250309,0.00288508273661137,131.194198608398,-88.3605,26.0317,11.9215993981301,63,63,63,63,61,63,0,8045,1.29563008188212,26,-88,0.001869,51,2026-09-02 11:18:38.001206,364,1.037,0.0011,"aoml_navis",1028.16427946531
"7901009",121,0,1,0.014952,1,-0.007476,1,135.605026586116,1,4.86299268466353,366,1,15.9879999160767,36.0559997558594,0.0149520002305508,0.00144254136830568,130.761993408203,-88.3605,26.0317,11.9215993981301,63,63,63,63,61,63,0,8045,1.29563008188212,26,-88,0.001869,51,2026-09-02 11:18:38.001206,366,1.037,0.0011,"aoml_navis",1028.173457009
"7901009",121,0,1,0.022428,1,0,1,135.208257390964,1,4.86289115568849,368,1,15.8950004577637,36.0439987182617,0.0224280003458261,0.0072127073071897,130.37939453125,-88.3605,26.0317,11.9215993981301,63,63,63,63,61,63,0,8045,1.29563008188212,26,-88,0.001869,51,2026-09-02 11:18:38.001206,368,1.037,0.0011,"aoml_navis",1028.19492353867
"7901009",121,0,1,0.016821,1,-0.005607,1,135.038609048409,1,4.86280762774967,370,1,15.7950000762939,36.0250015258789,0.0168210007250309,0.00288508273661137,130.215805053711,-88.3605,26.0317,11.9215993981301,63,63,63,63,61,63,0,8045,1.29563008188212,26,-88,0.001869,51,2026-09-02 11:18:38.001206,370,1.037,0.0011,"aoml_navis",1028.2125847355
"7901009",121,0,1,0.016821,1,-0.005607,1,134.633643058047,1,4.8627527975641,372,1,15.7600002288818,36.0180015563965,0.0168210007250309,0.00288508273661137,129.825302124023,-88.3605,26.0317,11.9215993981301,63,63,63,63,61,63,0,8045,1.29563008188212,26,-88,0.001869,51,2026-09-02 11:18:38.001206,372,1.037,0.0011,"aoml_navis",1028.22417839226
"7901009",121,0,1,0.020559,1,-0.001869,1,134.142183471901,1,4.86268508083055,374,1,15.710000038147,36.0099983215332,0.020558999851346,0.00577016547322273,129.35139465332,-88.3605,26.0317,11.9215993981301,63,63,63,63,61,63,0,8045,1.29563008188212,26,-88,0.001869,51,2026-09-02 11:18:38.001206,374,1.037,0.0011,"aoml_navis",1028.23849722672
"7901009",121,0,1,0.020559,1,-0.001869,1,133.918290700815,1,4.86257041291703,376,1,15.581000328064,35.9910011291504,0.020558999851346,0.00577016547322273,129.135498046875,-88.3605,26.0317,11.9215993981301,63,63,63,63,61,63,0,8045,1.29563008188212,26,-88,0.001869,51,2026-09-02 11:18:38.001206,376,1.037,0.0011,"aoml_navis",1028.26274488857
"7901009",121,0,1,0.022428,1,0,1,133.743135630976,1,4.86248825971684,378,1,15.4910001754761,35.9749984741211,0.0224280003458261,0.0072127073071897,128.966598510742,-88.3605,26.0317,11.9215993981301,63,63,63,63,61,63,0,8045,1.29563008188212,26,-88,0.001869,51,2026-09-02 11:18:38.001206,378,1.037,0.0011,"aoml_navis",1028.28011769661
"7901009",121,0,1,0.01869,1,-0.003738,1,133.458684683698,1,4.862424001497,380,1,15.4469995498657,35.9679985046387,0.0186899993568659,0.00432762410491705,128.692306518555,-88.3605,26.0317,11.9215993981301,63,63,63,63,61,63,0,8045,1.29563008188212,26,-88,0.001869,51,2026-09-02 11:18:38.001206,380,1.037,0.0011,"aoml_navis",1028.29370669046
"7901009",121,0,1,0.014952,1,-0.007476,1,132.940577601156,1,4.86237696837479,382,1,15.4320001602173,35.9650001525879,0.0149520002305508,0.00144254136830568,128.19270324707,-88.3605,26.0317,11.9215993981301,63,63,63,63,61,63,0,8045,1.29563008188212,26,-88,0.001869,51,2026-09-02 11:18:38.001206,382,1.037,0.0011,"aoml_navis",1028.30365323798
"7901009",121,0,1,0.020559,1,-0.001869,1,132.49879724003,1,4.8623091774174,384,1,15.3879995346069,35.9589996337891,0.020558999851346,0.00577016547322273,127.766700744629,-88.3605,26.0317,11.9215993981301,63,63,63,63,61,63,0,8045,1.29563008188212,26,-88,0.001869,51,2026-09-02 11:18:38.001206,384,1.037,0.0011,"aoml_navis",1028.31798998346
"7901009",121,0,1,0.022428,1,0,1,131.778990446792,1,4.86226616824888,386,1,15.3599996566772,35.951000213623,0.0224280003458261,0.0072127073071897,127.072601318359,-88.3605,26.0317,11.9215993981301,63,63,63,63,61,63,0,8045,1.29563008188212,26,-88,0.001869,51,2026-09-02 11:18:38.001206,386,1.037,0.0011,"aoml_navis",1028.32708596879
"7901009",121,0,1,0.024297,1,0.001869,1,130.670706197184,1,4.86221411061655,388,1,15.3269996643066,35.9440002441406,0.0242970008403063,0.0086552482098341,126.003898620605,-88.3605,26.0317,11.9215993981301,63,63,63,63,61,63,0,8045,1.29563008188212,26,-88,0.001869,51,2026-09-02 11:18:38.001206,388,1.037,0.0011,"aoml_navis",1028.338095824
"7901009",121,0,1,0.026166,1,0.003738,1,129.858503482653,1,4.86211295529559,390,1,15.2220001220703,35.9290008544922,0.0261659994721413,0.0100977895781398,125.220703125,-88.3605,26.0317,11.9215993981301,63,63,63,63,61,63,0,8045,1.29563008188212,26,-88,0.001869,51,2026-09-02 11:18:38.001206,390,1.037,0.0011,"aoml_navis",1028.35949019947
"7901009",121,0,1,0.033642,1,0.011214,1,130.181430313237,1,4.86195227222616,392,1,15.003999710083,35.8969993591309,0.0336420014500618,0.0158679541200399,125.532096862793,-88.3605,26.0317,11.9215993981301,63,63,63,63,61,63,0,8045,1.29563008188212,26,-88,0.001869,51,2026-09-02 11:18:38.001206,392,1.037,0.0011,"aoml_navis",1028.39347653872
"7901009",121,0,1,0.026166,1,0.003738,1,130.314588675572,1,4.86190210172441,394,1,14.9519996643066,35.8839988708496,0.0261659994721413,0.0100977895781398,125.660499572754,-88.3605,26.0317,11.9215993981301,63,63,63,63,61,63,0,8045,1.29563008188212,26,-88,0.001869,51,2026-09-02 11:18:38.001206,394,1.037,0.0011,"aoml_navis",1028.40408864395
"7901009",121,0,1,0.020559,1,-0.001869,1,130.370898126835,1,4.8618006791409,396,1,14.8520002365112,35.8709983825684,0.020558999851346,0.00577016547322273,125.714797973633,-88.3605,26.0317,11.9215993981301,63,63,63,63,61,63,0,8045,1.29563008188212,26,-88,0.001869,51,2026-09-02 11:18:38.001206,396,1.037,0.0011,"aoml_navis",1028.4255423
"7901009",121,0,1,0.01869,1,-0.003738,1,130.165258257823,1,4.86173294960522,398,1,14.7729997634888,35.8549995422363,0.0186899993568659,0.00432762410491705,125.516502380371,-88.3605,26.0317,11.9215993981301,63,63,63,63,61,63,0,8045,1.29563008188212,26,-88,0.001869,51,2026-09-02 11:18:38.001206,398,1.037,0.0011,"aoml_navis",1028.43986945149
"7901009",121,0,1,0.020559,1,-0.001869,1,129.429065786129,1,4.86168698549656,400,1,14.7449998855591,35.8479995727539,0.020558999851346,0.00577016547322273,124.806602478027,-88.3605,26.0317,11.9215993981301,63,63,63,63,61,63,0,8045,1.29563008188212,26,-88,0.001869,51,2026-09-02 11:18:38.001206,400,1.037,0.0011,"aoml_navis",1028.44959268584
"7901009",121,0,1,0.01869,1,-0.003738,1,128.675759735247,1,4.86163679790367,402,1,14.7130002975464,35.8409996032715,0.0186899993568659,0.00432762410491705,124.080200195312,-88.3605,26.0317,11.9215993981301,63,63,63,63,61,63,0,8045,1.29563008188212,26,-88,0.001869,51,2026-09-02 11:18:38.001206,402,1.037,0.0011,"aoml_navis",1028.46020956481
"7901009",121,0,1,0.01869,1,-0.003738,1,128.095227252893,1,4.86151797833817,404,1,14.5749998092651,35.8219985961914,0.0186899993568659,0.00432762410491705,123.520401000977,-88.3605,26.0317,11.9215993981301,63,63,63,63,61,63,0,8045,1.29563008188212,26,-88,0.001869,51,2026-09-02 11:18:38.001206,404,1.037,0.0011,"aoml_navis",1028.48534599252
"7901009",121,0,1,0.020559,1,-0.001869,1,127.840216725476,1,4.86141395323094,406,1,14.4329996109009,35.7980003356934,0.020558999851346,0.00577016547322273,123.27449798584,-88.3605,26.0317,11.9215993981301,63,63,63,63,61,63,0,8045,1.29563008188212,26,-88,0.001869,51,2026-09-02 11:18:38.001206,406,1.037,0.0011,"aoml_navis",1028.50735364285
"7901009",121,0,1,0.024297,1,0.001869,1,127.183879711361,1,4.86135298407798,408,1,14.3730001449585,35.7859992980957,0.0242970008403063,0.0086552482098341,122.6416015625,-88.3605,26.0317,11.9215993981301,63,63,63,63,61,63,0,8045,1.29563008188212,26,-88,0.001869,51,2026-09-02 11:18:38.001206,408,1.037,0.0011,"aoml_navis",1028.52025277245
"7901009",121,0,1,0.01869,1,-0.003738,1,126.89931799658,1,4.8612596774652,410,1,14.2679996490479,35.7700004577637,0.0186899993568659,0.00432762410491705,122.367202758789,-88.3605,26.0317,11.9215993981301,63,63,63,63,61,63,0,8045,1.29563008188212,26,-88,0.001869,51,2026-09-02 11:18:38.001206,410,1.037,0.0011,"aoml_navis",1028.5399941044
"7901009",121,0,1,0.024297,1,0.001869,1,126.522352448541,1,4.86119025156905,412,1,14.1890001296997,35.7550010681152,0.0242970008403063,0.0086552482098341,122.003700256348,-88.3605,26.0317,11.9215993981301,63,63,63,63,61,63,0,8045,1.29563008188212,26,-88,0.001869,51,2026-09-02 11:18:38.001206,412,1.037,0.0011,"aoml_navis",1028.55468336919
"7901009",121,0,1,0.022428,1,0,1,126.040236892456,1,4.86112002374414,414,1,14.1230001449585,35.7439994812012,0.0224280003458261,0.0072127073071897,121.538803100586,-88.3605,26.0317,11.9215993981301,63,63,63,63,61,63,0,8045,1.29563008188212,26,-88,0.001869,51,2026-09-02 11:18:38.001206,414,1.037,0.0011,"aoml_navis",1028.56954273449
"7901009",121,0,1,0.020559,1,-0.001869,1,125.6983213471,1,4.86103763078156,416,1,14.0310001373291,35.7290000915527,0.020558999851346,0.00577016547322273,121.209098815918,-88.3605,26.0317,11.9215993981301,63,63,63,63,61,63,0,8045,1.29563008188212,26,-88,0.001869,51,2026-09-02 11:18:38.001206,416,1.037,0.0011,"aoml_navis",1028.58697664435
"7901009",121,0,1,0.01869,1,-0.003738,1,125.24472051103,1,4.86096061926303,418,1,13.9580001831055,35.7179985046387,0.0186899993568659,0.00432762410491705,120.771697998047,-88.3605,26.0317,11.9215993981301,63,63,63,63,61,63,0,8045,1.29563008188212,26,-88,0.001869,51,2026-09-02 11:18:38.001206,418,1.037,0.0011,"aoml_navis",1028.60327240381
"7901009",121,0,1,0.024297,1,0.001869,1,124.712514307769,1,4.86088128889219,420,1,13.878999710083,35.7060012817383,0.0242970008403063,0.0086552482098341,120.258499145508,-88.3605,26.0317,11.9215993981301,63,63,63,63,61,63,0,8045,1.29563008188212,26,-88,0.001869,51,2026-09-02 11:18:38.001206,420,1.037,0.0011,"aoml_navis",1028.62005937601
"7901009",121,0,1,0.022428,1,0,1,124.195965882231,1,4.86077049994106,422,1,13.7690000534058,35.6940002441406,0.0224280003458261,0.0072127073071897,119.760398864746,-88.3605,26.0317,11.9215993981301,63,63,63,63,61,63,0,8045,1.29563008188212,26,-88,0.001869,51,2026-09-02 11:18:38.001206,422,1.037,0.0011,"aoml_navis",1028.64350416475
"7901009",121,0,1,0.029904,1,0.007476,1,124.093822420689,1,4.86067003686806,424,1,13.6400003433228,35.673999786377,0.0299040004611015,0.0129828732460737,119.661903381348,-88.3605,26.0317,11.9215993981301,63,63,63,63,61,63,0,8045,1.29563008188212,26,-88,0.001869,51,2026-09-02 11:18:38.001206,424,1.037,0.0011,"aoml_navis",1028.66476474954
"7901009",121,0,1,0.031773,1,0.009345,1,123.953717353533,1,4.86061517262722,426,1,13.6020002365112,35.6669998168945,0.0317730009555817,0.0144254146143794,119.526802062988,-88.3605,26.0317,11.9215993981301,63,63,63,63,61,63,0,8045,1.29563008188212,26,-88,0.001869,51,2026-09-02 11:18:38.001206,426,1.037,0.0011,"aoml_navis",1028.67637581303
"7901009",121,0,1,0.031773,1,0.009345,1,123.79214712672,1,4.86055970763265,428.100006103516,1,13.5690002441406,35.6609992980957,0.0317730009555817,0.0144254146143794,119.371002197266,-88.3605,26.0317,11.9215993981301,63,63,63,63,61,63,0,8045,1.29563008188212,26,-88,0.001869,51,2026-09-02 11:18:38.001206,428.100006103516,1.037,0.0011,"aoml_navis",1028.68811428206
"7901009",121,0,1,0.031773,1,0.009345,1,123.721002742043,1,4.86047611044333,430,1,13.4680004119873,35.6450004577637,0.0317730009555817,0.0144254146143794,119.302398681641,-88.3605,26.0317,11.9215993981301,63,63,63,63,61,63,0,8045,1.29563008188212,26,-88,0.001869,51,2026-09-02 11:18:38.001206,430,1.037,0.0011,"aoml_navis",1028.70580708274
"7901009",121,0,1,0.031773,1,0.009345,1,123.51421563818,1,4.8604106492107,432,1,13.4119997024536,35.6360015869141,0.0317730009555817,0.0144254146143794,119.102996826172,-88.3605,26.0317,11.9215993981301,63,63,63,63,61,63,0,8045,1.29563008188212,26,-88,0.001869,51,2026-09-02 11:18:38.001206,432,1.037,0.0011,"aoml_navis",1028.71966195119
"7901009",121,0,1,0.026166,1,0.003738,1,123.273834333101,1,4.86033341030585,434,1,13.326000213623,35.6220016479492,0.0261659994721413,0.0100977895781398,118.871200561523,-88.3605,26.0317,11.9215993981301,63,63,63,63,61,63,0,8045,1.29563008188212,26,-88,0.001869,51,2026-09-02 11:18:38.001206,434,1.037,0.0011,"aoml_navis",1028.73601004367
"7901009",121,0,1,0.026166,1,0.003738,1,123.208813808937,1,4.86023701591551,436,1,13.1840000152588,35.5979995727539,0.0261659994721413,0.0100977895781398,118.808502197266,-88.3605,26.0317,11.9215993981301,63,63,63,63,61,63,0,8045,1.29563008188212,26,-88,0.001869,51,2026-09-02 11:18:38.001206,436,1.037,0.0011,"aoml_navis",1028.75641324216
"7901009",121,0,1,0.026166,1,0.003738,1,122.621326709798,1,4.86016193954221,438,1,13.1140003204346,35.5880012512207,0.0261659994721413,0.0100977895781398,118.241996765137,-88.3605,26.0317,11.9215993981301,63,63,63,63,61,63,0,8045,1.29563008188212,26,-88,0.001869,51,2026-09-02 11:18:38.001206,438,1.037,0.0011,"aoml_navis",1028.77230474978
"7901009",121,0,1,0.024297,1,0.001869,1,122.665815686115,1,4.86005675283051,440,1,12.9469995498657,35.560001373291,0.0242970008403063,0.0086552482098341,118.284896850586,-88.3605,26.0317,11.9215993981301,63,63,63,63,61,63,0,8045,1.29563008188212,26,-88,0.001869,51,2026-09-02 11:18:38.001206,440,1.037,0.0011,"aoml_navis",1028.79457057533
"7901009",121,0,1,0.022428,1,0,1,122.355745797825,1,4.86000436532776,442,1,12.9029998779297,35.5509986877441,0.0224280003458261,0.0072127073071897,117.985900878906,-88.3605,26.0317,11.9215993981301,63,63,63,63,61,63,0,8045,1.29563008188212,26,-88,0.001869,51,2026-09-02 11:18:38.001206,442,1.037,0.0011,"aoml_navis",1028.80566027286
"7901009",121,0,1,0.024297,1,0.001869,1,122.164830094725,1,4.8599347588063,444,1,12.8339996337891,35.5400009155273,0.0242970008403063,0.0086552482098341,117.801803588867,-88.3605,26.0317,11.9215993981301,63,63,63,63,61,63,0,8045,1.29563008188212,26,-88,0.001869,51,2026-09-02 11:18:38.001206,444,1.037,0.0011,"aoml_navis",1028.82039536434
"7901009",121,0,1,0.024297,1,0.001869,1,122.009272960924,1,4.85987428628258,446,1,12.7889995574951,35.5330009460449,0.0242970008403063,0.0086552482098341,117.651802062988,-88.3605,26.0317,11.9215993981301,63,63,63,63,61,63,0,8045,1.29563008188212,26,-88,0.001869,51,2026-09-02 11:18:38.001206,446,1.037,0.0011,"aoml_navis",1028.83319721108
"7901009",121,0,1,0.020559,1,-0.001869,1,121.742750525176,1,4.85981737007974,448,1,12.7550001144409,35.5279998779297,0.020558999851346,0.00577016547322273,117.394798278809,-88.3605,26.0317,11.9215993981301,63,63,63,63,61,63,0,8045,1.29563008188212,26,-88,0.001869,51,2026-09-02 11:18:38.001206,448,1.037,0.0011,"aoml_navis",1028.84524648669
"7901009",121,0,1,0.022428,1,0,1,121.540631480361,1,4.85975025506182,450,1,12.7180004119873,35.5250015258789,0.0224280003458261,0.0072127073071897,117.199897766113,-88.3605,26.0317,11.9215993981301,63,63,63,63,61,63,0,8045,1.29563008188212,26,-88,0.001869,51,2026-09-02 11:18:38.001206,450,1.037,0.0011,"aoml_navis",1028.85945523478
"7901009",121,0,1,0.026166,1,0.003738,1,121.299625130088,1,4.85970202494177,452,1,12.7040004730225,35.5229988098145,0.0261659994721413,0.0100977895781398,116.967498779297,-88.3605,26.0317,11.9215993981301,63,63,63,63,61,63,0,8045,1.29563008188212,26,-88,0.001869,51,2026-09-02 11:18:38.001206,452,1.037,0.0011,"aoml_navis",1028.86966615199
"7901009",121,0,1,0.020559,1,-0.001869,1,120.740763518467,1,4.85965157558991,454,1,12.6840000152588,35.5200004577637,0.020558999851346,0.00577016547322273,116.428596496582,-88.3605,26.0317,11.9215993981301,63,63,63,63,61,63,0,8045,1.29563008188212,26,-88,0.001869,51,2026-09-02 11:18:38.001206,454,1.037,0.0011,"aoml_navis",1028.8803471251
"7901009",121,0,1,0.026166,1,0.003738,1,120.136067896566,1,4.85957018944195,456,1,12.6059999465942,35.5099983215332,0.0261659994721413,0.0100977895781398,115.845497131348,-88.3605,26.0317,11.9215993981301,63,63,63,63,61,63,0,8045,1.29563008188212,26,-88,0.001869,51,2026-09-02 11:18:38.001206,456,1.037,0.0011,"aoml_navis",1028.89757840378
"7901009",121,0,1,0.026166,1,0.003738,1,119.853579116481,1,4.85946149040052,458.100006103516,1,12.46399974823,35.4900016784668,0.0261659994721413,0.0100977895781398,115.573097229004,-88.3605,26.0317,11.9215993981301,63,63,63,63,61,63,0,8045,1.29563008188212,26,-88,0.001869,51,2026-09-02 11:18:38.001206,458.100006103516,1.037,0.0011,"aoml_navis",1028.92059333675
"7901009",121,0,1,0.028035,1,0.005607,1,119.435139050596,1,4.85940442678886,460,1,12.4309997558594,35.4860000610352,0.0280349999666214,0.0115403309464455,115.16960144043,-88.3605,26.0317,11.9215993981301,63,63,63,63,61,63,0,8045,1.29563008188212,26,-88,0.001869,51,2026-09-02 11:18:38.001206,460,1.037,0.0011,"aoml_navis",1028.93267587198
"7901009",121,0,1,0.022428,1,0,1,118.697593632974,1,4.85934896113041,462,1,12.3979997634888,35.4809989929199,0.0224280003458261,0.0072127073071897,114.458396911621,-88.3605,26.0317,11.9215993981301,63,63,63,63,61,63,0,8045,1.29563008188212,26,-88,0.001869,51,2026-09-02 11:18:38.001206,462,1.037,0.0011,"aoml_navis",1028.94442033175
"7901009",121,0,1,0.026166,1,0.003738,1,117.716146086077,1,4.85926793559341,464,1,12.3269996643066,35.4729995727539,0.0261659994721413,0.0100977895781398,113.512001037598,-88.3605,26.0317,11.9215993981301,63,63,63,63,61,63,0,8045,1.29563008188212,26,-88,0.001869,51,2026-09-02 11:18:38.001206,464,1.037,0.0011,"aoml_navis",1028.96157739641
"7901009",121,0,1,0.022428,1,0,1,117.493281870374,1,4.85918006073117,466,1,12.2410001754761,35.4630012512207,0.0224280003458261,0.0072127073071897,113.297096252441,-88.3605,26.0317,11.9215993981301,63,63,63,63,61,63,0,8045,1.29563008188212,26,-88,0.001869,51,2026-09-02 11:18:38.001206,466,1.037,0.0011,"aoml_navis",1028.98018544463
"7901009",121,0,1,0.024297,1,0.001869,1,117.195032457029,1,4.85913171494804,468,1,12.2189998626709,35.4589996337891,0.0242970008403063,0.0086552482098341,113.009498596191,-88.3605,26.0317,11.9215993981301,63,63,63,63,61,63,0,8045,1.29563008188212,26,-88,0.001869,51,2026-09-02 11:18:38.001206,468,1.037,0.0011,"aoml_navis",1028.99042325167
"7901009",121,0,1,0.024297,1,0.001869,1,116.674441017637,1,4.85908209138293,470,1,12.1879997253418,35.4529991149902,0.0242970008403063,0.0086552482098341,112.507499694824,-88.3605,26.0317,11.9215993981301,63,63,63,63,61,63,0,8045,1.29563008188212,26,-88,0.001869,51,2026-09-02 11:18:38.001206,470,1.037,0.0011,"aoml_navis",1029.00093185645
"7901009",121,0,1,0.024297,1,0.001869,1,116.293638166822,1,4.85899361246069,472,1,12.0970001220703,35.4420013427734,0.0242970008403063,0.0086552482098341,112.140296936035,-88.3605,26.0317,11.9215993981301,63,63,63,63,61,63,0,8045,1.29563008188212,26,-88,0.001869,51,2026-09-02 11:18:38.001206,472,1.037,0.0011,"aoml_navis",1029.01966925367
"7901009",121,0,1,0.022428,1,0,1,116.106971188653,1,4.85891957991329,474,1,12.0170001983643,35.4300003051758,0.0224280003458261,0.0072127073071897,111.960296630859,-88.3605,26.0317,11.9215993981301,63,63,63,63,61,63,0,8045,1.29563008188212,26,-88,0.001869,51,2026-09-02 11:18:38.001206,474,1.037,0.0011,"aoml_navis",1029.03534783122
"7901009",121,0,1,0.024297,1,0.001869,1,115.86348048153,1,4.85886547985747,476,1,11.9809999465942,35.423999786377,0.0242970008403063,0.0086552482098341,111.72550201416,-88.3605,26.0317,11.9215993981301,63,63,63,63,61,63,0,8045,1.29563008188212,26,-88,0.001869,51,2026-09-02 11:18:38.001206,476,1.037,0.0011,"aoml_navis",1029.04680541736
"7901009",121,0,1,0.026166,1,0.003738,1,115.580366656251,1,4.85880576507981,478,1,11.9390001296997,35.4179992675781,0.0261659994721413,0.0100977895781398,111.452499389648,-88.3605,26.0317,11.9215993981301,63,63,63,63,61,63,0,8045,1.29563008188212,26,-88,0.001869,51,2026-09-02 11:18:38.001206,478,1.037,0.0011,"aoml_navis",1029.0594524142
"7901009",121,0,1,0.024297,1,0.001869,1,115.488690723726,1,4.85872672147939,480,1,11.8570003509521,35.4070014953613,0.0242970008403063,0.0086552482098341,111.364097595215,-88.3605,26.0317,11.9215993981301,63,63,63,63,61,63,0,8045,1.29563008188212,26,-88,0.001869,51,2026-09-02 11:18:38.001206,480,1.037,0.0011,"aoml_navis",1029.07619354183
"7901009",121,0,1,0.024297,1,0.001869,1,115.361861932981,1,4.85867577878789,482,1,11.8280000686646,35.4020004272461,0.0242970008403063,0.0086552482098341,111.241798400879,-88.3605,26.0317,11.9215993981301,63,63,63,63,61,63,0,8045,1.29563008188212,26,-88,0.001869,51,2026-09-02 11:18:38.001206,482,1.037,0.0011,"aoml_navis",1029.08698329473
"7901009",121,0,1,0.026166,1,0.003738,1,115.156427775046,1,4.8586334182563,484,1,11.8120002746582,35.3979988098145,0.0261659994721413,0.0100977895781398,111.043701171875,-88.3605,26.0317,11.9215993981301,63,63,63,63,61,63,0,8045,1.29563008188212,26,-88,0.001869,51,2026-09-02 11:18:38.001206,484,1.037,0.0011,"aoml_navis",1029.09595550315
"7901009",121,0,1,0.024297,1,0.001869,1,115.02876822803,1,4.85856350202662,486,1,11.7510004043579,35.3899993896484,0.0242970008403063,0.0086552482098341,110.920600891113,-88.3605,26.0317,11.9215993981301,63,63,63,63,61,63,0,8045,1.29563008188212,26,-88,0.001869,51,2026-09-02 11:18:38.001206,486,1.037,0.0011,"aoml_navis",1029.11076451185
"7901009",121,0,1,0.026166,1,0.003738,1,115.061017395284,1,4.85849731703149,488,1,11.6859998703003,35.3800010681152,0.0261659994721413,0.0100977895781398,110.951698303223,-88.3605,26.0317,11.9215993981301,63,63,63,63,61,63,0,8045,1.29563008188212,26,-88,0.001869,51,2026-09-02 11:18:38.001206,488,1.037,0.0011,"aoml_navis",1029.12478359769
"7901009",121,0,1,0.024297,1,0.001869,1,115.031252584879,1,4.85844090665346,490,1,11.6470003128052,35.3740005493164,0.0242970008403063,0.0086552482098341,110.922996520996,-88.3605,26.0317,11.9215993981301,63,63,63,63,61,63,0,8045,1.29563008188212,26,-88,0.001869,51,2026-09-02 11:18:38.001206,490,1.037,0.0011,"aoml_navis",1029.13673255811
"7901009",121,0,1,0.024297,1,0.001869,1,115.042558782133,1,4.85838841269353,492,1,11.6199998855591,35.3699989318848,0.0242970008403063,0.0086552482098341,110.933898925781,-88.3605,26.0317,11.9215993981301,63,63,63,63,61,63,0,8045,1.29563008188212,26,-88,0.001869,51,2026-09-02 11:18:38.001206,492,1.037,0.0011,"aoml_navis",1029.14785218417
"7901009",121,0,1,0.024297,1,0.001869,1,114.903490182324,1,4.85834722503472,494,1,11.6129999160767,35.3680000305176,0.0242970008403063,0.0086552482098341,110.799797058105,-88.3605,26.0317,11.9215993981301,63,63,63,63,61,63,0,8045,1.29563008188212,26,-88,0.001869,51,2026-09-02 11:18:38.001206,494,1.037,0.0011,"aoml_navis",1029.1565770012
"7901009",121,0,1,0.026166,1,0.003738,1,114.716206070925,1,4.85830510898723,496,1,11.6049995422363,35.3660011291504,0.0261659994721413,0.0100977895781398,110.619201660156,-88.3605,26.0317,11.9215993981301,63,63,63,63,61,63,0,8045,1.29563008188212,26,-88,0.001869,51,2026-09-02 11:18:38.001206,496,1.037,0.0011,"aoml_navis",1029.16549863257
"7901009",121,0,1,0.029904,1,0.007476,1,114.549239884332,1,4.85824237812679,498,1,11.5629997253418,35.3610000610352,0.0299040004611015,0.0129828732460737,110.458198547363,-88.3605,26.0317,11.9215993981301,63,63,63,63,61,63,0,8045,1.29563008188212,26,-88,0.001869,51,2026-09-02 11:18:38.001206,498,1.037,0.0011,"aoml_navis",1029.17878747908
"7901009",121,0,1,0.016821,1,-0.005607,1,114.374915570764,1,4.85818249939979,500,1,11.5240001678467,35.3559989929199,0.0168210007250309,0.00288508273661137,110.290100097656,-88.3605,26.0317,11.9215993981301,63,63,63,63,61,63,0,8045,1.29563008188212,26,-88,0.001869,51,2026-09-02 11:18:38.001206,500,1.037,0.0011,"aoml_navis",1029.19147245245
"7901009",121,0,1,0.029904,1,0.007476,1,114.166783432939,1,4.85812826661625,502,1,11.4949998855591,35.3520011901855,0.0299040004611015,0.0129828732460737,110.089401245117,-88.3605,26.0317,11.9215993981301,63,63,63,63,61,63,0,8045,1.29563008188212,26,-88,0.001869,51,2026-09-02 11:18:38.001206,502,1.037,0.0011,"aoml_navis",1029.20296163414
"7901009",121,0,1,0.028035,1,0.005607,1,113.897048739609,1,4.85808147802579,504,1,11.4739999771118,35.3479995727539,0.0280349999666214,0.0115403309464455,109.829299926758,-88.3605,26.0317,11.9215993981301,63,63,63,63,61,63,0,8045,1.29563008188212,26,-88,0.001869,51,2026-09-02 11:18:38.001206,504,1.037,0.0011,"aoml_navis",1029.21287397425
"7901009",121,0,1,0.028035,1,0.005607,1,113.617985840147,1,4.8580236455598,506,1,11.4449996948242,35.3450012207031,0.0280349999666214,0.0115403309464455,109.560203552246,-88.3605,26.0317,11.9215993981301,63,63,63,63,61,63,0,8045,1.29563008188212,26,-88,0.001869,51,2026-09-02 11:18:38.001206,506,1.037,0.0011,"aoml_navis",1029.22512626507
"7901009",121,0,1,0.026166,1,0.003738,1,113.34772895716,1,4.85796394842361,508,1,11.4060001373291,35.3400001525879,0.0261659994721413,0.0100977895781398,109.299598693848,-88.3605,26.0317,11.9215993981301,63,63,63,63,61,63,0,8045,1.29563008188212,26,-88,0.001869,51,2026-09-02 11:18:38.001206,508,1.037,0.0011,"aoml_navis",1029.23777390783
"7901009",121,0,1,0.028035,1,0.005607,1,113.255230180329,1,4.8578950869148,510,1,11.3529996871948,35.3339996337891,0.0280349999666214,0.0115403309464455,109.210403442383,-88.3605,26.0317,11.9215993981301,63,63,63,63,61,63,0,8045,1.29563008188212,26,-88,0.001869,51,2026-09-02 11:18:38.001206,510,1.037,0.0011,"aoml_navis",1029.2523635325
"7901009",121,0,1,0.024297,1,0.001869,1,113.014943818824,1,4.85785211678864,512,1,11.3439998626709,35.3320007324219,0.0242970008403063,0.0086552482098341,108.978698730469,-88.3605,26.0317,11.9215993981301,63,63,63,63,61,63,0,8045,1.29563008188212,26,-88,0.001869,51,2026-09-02 11:18:38.001206,512,1.037,0.0011,"aoml_navis",1029.26146778328
"7901009",121,0,1,0.022428,1,0,1,112.793226837972,1,4.85780362983895,514,1,11.3249998092651,35.3289985656738,0.0224280003458261,0.0072127073071897,108.76490020752,-88.3605,26.0317,11.9215993981301,63,63,63,63,61,63,0,8045,1.29563008188212,26,-88,0.001869,51,2026-09-02 11:18:38.001206,514,1.037,0.0011,"aoml_navis",1029.27174109872
"7901009",121,0,1,0.026166,1,0.003738,1,112.629789387541,1,4.85774319864204,516,1,11.2889995574951,35.3250007629395,0.0261659994721413,0.0100977895781398,108.607299804688,-88.3605,26.0317,11.9215993981301,63,63,63,63,61,63,0,8045,1.29563008188212,26,-88,0.001869,51,2026-09-02 11:18:38.001206,516,1.037,0.0011,"aoml_navis",1029.28454542383
"7901009",121,0,1,0.028035,1,0.005607,1,112.461375311446,1,4.85768465236045,518,1,11.2469997406006,35.3190002441406,0.0280349999666214,0.0115403309464455,108.444900512695,-88.3605,26.0317,11.9215993981301,63,63,63,63,61,63,0,8045,1.29563008188212,26,-88,0.001869,51,2026-09-02 11:18:38.001206,518,1.037,0.0011,"aoml_navis",1029.29695067184
"7901009",121,0,1,0.026166,1,0.003738,1,112.531063894657,1,4.85759608193445,520,1,11.1599998474121,35.310001373291,0.0261659994721413,0.0100977895781398,108.512100219727,-88.3605,26.0317,11.9215993981301,63,63,63,63,61,63,0,8045,1.29563008188212,26,-88,0.001869,51,2026-09-02 11:18:38.001206,520,1.037,0.0011,"aoml_navis",1029.31571824079
"7901009",121,0,1,0.022428,1,0,1,112.575964293128,1,4.85754777163386,522,1,11.128999710083,35.3040008544922,0.0224280003458261,0.0072127073071897,108.555397033691,-88.3605,26.0317,11.9215993981301,63,63,63,63,61,63,0,8045,1.29563008188212,26,-88,0.001869,51,2026-09-02 11:18:38.001206,522,1.037,0.0011,"aoml_navis",1029.32595520686
"7901009",121,0,1,0.026166,1,0.003738,1,112.727581268614,1,4.85749041302666,524,1,11.0880002975464,35.2980003356934,0.0261659994721413,0.0100977895781398,108.701599121094,-88.3605,26.0317,11.9215993981301,63,63,63,63,61,63,0,8045,1.29563008188212,26,-88,0.001869,51,2026-09-02 11:18:38.001206,524,1.037,0.0011,"aoml_navis",1029.33810977602
"7901009",121,0,1,0.031773,1,0.009345,1,112.825895339344,1,4.85743847873815,526,1,11.0649995803833,35.2949981689453,0.0317730009555817,0.0144254146143794,108.796401977539,-88.3605,26.0317,11.9215993981301,63,63,63,63,61,63,0,8045,1.29563008188212,26,-88,0.001869,51,2026-09-02 11:18:38.001206,526,1.037,0.0011,"aoml_navis",1029.34911515315
"7901009",121,0,1,0.026166,1,0.003738,1,112.967756862617,1,4.8573838958815,528,1,11.0310001373291,35.2900009155273,0.0261659994721413,0.0100977895781398,108.933197021484,-88.3605,26.0317,11.9215993981301,63,63,63,63,61,63,0,8045,1.29563008188212,26,-88,0.001869,51,2026-09-02 11:18:38.001206,528,1.037,0.0011,"aoml_navis",1029.36068204109
"7901009",121,0,1,0.026166,1,0.003738,1,113.198809961564,1,4.8573222184606,530,1,10.9809999465942,35.2830009460449,0.0261659994721413,0.0100977895781398,109.15599822998,-88.3605,26.0317,11.9215993981301,63,63,63,63,61,63,0,8045,1.29563008188212,26,-88,0.001869,51,2026-09-02 11:18:38.001206,530,1.037,0.0011,"aoml_navis",1029.3737526815
"7901009",121,0,1,0.026166,1,0.003738,1,113.31070887532,1,4.85726239995443,532,1,10.9370002746582,35.2770004272461,0.0261659994721413,0.0100977895781398,109.263900756836,-88.3605,26.0317,11.9215993981301,63,63,63,63,61,63,0,8045,1.29563008188212,26,-88,0.001869,51,2026-09-02 11:18:38.001206,532,1.037,0.0011,"aoml_navis",1029.38642969894
"7901009",121,0,1,0.026166,1,0.003738,1,113.392217933477,1,4.8572115012551,534,1,10.914999961853,35.273998260498,0.0261659994721413,0.0100977895781398,109.342498779297,-88.3605,26.0317,11.9215993981301,63,63,63,63,61,63,0,8045,1.29563008188212,26,-88,0.001869,51,2026-09-02 11:18:38.001206,534,1.037,0.0011,"aoml_navis",1029.3972166351
"7901009",121,0,1,0.020559,1,-0.001869,1,113.416689639639,1,4.85716499903325,536,1,10.9060001373291,35.2729988098145,0.020558999851346,0.00577016547322273,109.366096496582,-88.3605,26.0317,11.9215993981301,63,63,63,63,61,63,0,8045,1.29563008188212,26,-88,0.001869,51,2026-09-02 11:18:38.001206,536,1.037,0.0011,"aoml_navis",1029.40707202559
"7901009",121,0,1,0.028035,1,0.005607,1,113.462222995268,1,4.85712125708076,538,1,10.8959999084473,35.2709999084473,0.0280349999666214,0.0115403309464455,109.410003662109,-88.3605,26.0317,11.9215993981301,63,63,63,63,61,63,0,8045,1.29563008188212,26,-88,0.001869,51,2026-09-02 11:18:38.001206,538,1.037,0.0011,"aoml_navis",1029.41634259407
"7901009",121,0,1,0.024297,1,0.001869,1,113.445940172352,1,4.85707926404343,540,1,10.8920001983643,35.2700004577637,0.0242970008403063,0.0086552482098341,109.394302368164,-88.3605,26.0317,11.9215993981301,63,63,63,63,61,63,0,8045,1.29563008188212,26,-88,0.001869,51,2026-09-02 11:18:38.001206,540,1.037,0.0011,"aoml_navis",1029.42524265861
"7901009",121,0,1,0.031773,1,0.009345,1,113.431833139669,1,4.85703547104807,542,1,10.8859996795654,35.2690010070801,0.0317730009555817,0.0144254146143794,109.380699157715,-88.3605,26.0317,11.9215993981301,63,63,63,63,61,63,0,8045,1.29563008188212,26,-88,0.001869,51,2026-09-02 11:18:38.001206,542,1.037,0.0011,"aoml_navis",1029.43452437276
"7901009",121,0,1,0.024297,1,0.001869,1,113.430171627127,1,4.85699162468003,544,1,10.8839998245239,35.2690010070801,0.0242970008403063,0.0086552482098341,109.379096984863,-88.3605,26.0317,11.9215993981301,63,63,63,63,61,63,0,8045,1.29563008188212,26,-88,0.001869,51,2026-09-02 11:18:38.001206,544,1.037,0.0011,"aoml_navis",1029.44381756668
"7901009",121,0,1,0.024297,1,0.001869,1,113.365570437081,1,4.85695233895335,546,1,10.8830003738403,35.2680015563965,0.0242970008403063,0.0086552482098341,109.316802978516,-88.3605,26.0317,11.9215993981301,63,63,63,63,61,63,0,8045,1.29563008188212,26,-88,0.001869,51,2026-09-02 11:18:38.001206,546,1.037,0.0011,"aoml_navis",1029.45214427973
"7901009",121,0,1,0.029904,1,0.007476,1,113.328439587738,1,4.8569130683042,548,1,10.8819999694824,35.2669982910156,0.0299040004611015,0.0129828732460737,109.28099822998,-88.3605,26.0317,11.9215993981301,63,63,63,63,61,63,0,8045,1.29563008188212,26,-88,0.001869,51,2026-09-02 11:18:38.001206,548,1.037,0.0011,"aoml_navis",1029.46046793169
"7901009",121,0,1,0.026166,1,0.003738,1,113.26642561008,1,4.85687288536065,550,1,10.8800001144409,35.265998840332,0.0261659994721413,0.0100977895781398,109.221199035645,-88.3605,26.0317,11.9215993981301,63,63,63,63,61,63,0,8045,1.29563008188212,26,-88,0.001869,51,2026-09-02 11:18:38.001206,550,1.037,0.0011,"aoml_navis",1029.46898508931
"7901009",121,0,1,0.026166,1,0.003738,1,113.227229738006,1,4.85682842673032,552,1,10.8570003509521,35.2610015869141,0.0261659994721413,0.0100977895781398,109.183403015137,-88.3605,26.0317,11.9215993981301,63,63,63,63,61,63,0,8045,1.29563008188212,26,-88,0.001869,51,2026-09-02 11:18:38.001206,552,1.037,0.0011,"aoml_navis",1029.47840868368
"7901009",121,0,1,0.022428,1,0,1,113.393048689749,1,4.85674103143393,554,1,10.7329998016357,35.2430000305176,0.0224280003458261,0.0072127073071897,109.343299865723,-88.3605,26.0317,11.9215993981301,63,63,63,63,61,63,0,8045,1.29563008188212,26,-88,0.001869,51,2026-09-02 11:18:38.001206,554,1.037,0.0011,"aoml_navis",1029.49693377491
"7901009",121,0,1,0.024297,1,0.001869,1,113.401656907112,1,4.8566857631693,556,1,10.668999671936,35.2309989929199,0.0242970008403063,0.0086552482098341,109.351600646973,-88.3605,26.0317,11.9215993981301,63,63,63,63,61,63,0,8045,1.29563008188212,26,-88,0.001869,51,2026-09-02 11:18:38.001206,556,1.037,0.0011,"aoml_navis",1029.50864927633
"7901009",121,0,1,0.028035,1,0.005607,1,113.663400516309,1,4.85662135572255,558,1,10.6110000610352,35.2229995727539,0.0280349999666214,0.0115403309464455,109.603996276855,-88.3605,26.0317,11.9215993981301,63,63,63,63,61,63,0,8045,1.29563008188212,26,-88,0.001869,51,2026-09-02 11:18:38.001206,558,1.037,0.0011,"aoml_navis",1029.52230239413
"7901009",121,0,1,0.028035,1,0.005607,1,114.000956569231,1,4.85654442060329,560,1,10.4890003204346,35.2029991149902,0.0280349999666214,0.0115403309464455,109.929496765137,-88.3605,26.0317,11.9215993981301,63,63,63,63,61,63,0,8045,1.29563008188212,26,-88,0.001869,51,2026-09-02 11:18:38.001206,560,1.037,0.0011,"aoml_navis",1029.5386116079
"7901009",121,0,1,0.026166,1,0.003738,1,113.80589499674,1,4.85649225344892,562,1,10.4610004425049,35.1990013122559,0.0261659994721413,0.0100977895781398,109.741401672363,-88.3605,26.0317,11.9215993981301,63,63,63,63,61,63,0,8045,1.29563008188212,26,-88,0.001869,51,2026-09-02 11:18:38.001206,562,1.037,0.0011,"aoml_navis",1029.54967063917
"7901009",121,0,1,0.028035,1,0.005607,1,113.110662765202,1,4.85643660721272,564,1,10.4289999008179,35.1949996948242,0.0280349999666214,0.0115403309464455,109.070999145508,-88.3605,26.0317,11.9215993981301,63,63,63,63,61,63,0,8045,1.29563008188212,26,-88,0.001869,51,2026-09-02 11:18:38.001206,564,1.037,0.0011,"aoml_navis",1029.56146747063
"7901009",121,0,1,0.031773,1,0.009345,1,111.915687120698,1,4.85637835045235,566,1,10.3940000534058,35.1910018920898,0.0317730009555817,0.0144254146143794,107.918701171875,-88.3605,26.0317,11.9215993981301,63,63,63,63,61,63,0,8045,1.29563008188212,26,-88,0.001869,51,2026-09-02 11:18:38.001206,566,1.037,0.0011,"aoml_navis",1029.57381801487
"7901009",121,0,1,0.028035,1,0.005607,1,110.593566206869,1,4.85632512249565,568,1,10.3979997634888,35.1949996948242,0.0280349999666214,0.0115403309464455,106.643798828125,-88.3605,26.0317,11.9215993981301,63,63,63,63,61,63,0,8045,1.29563008188212,26,-88,0.001869,51,2026-09-02 11:18:38.001206,568,1.037,0.0011,"aoml_navis",1029.58510270221
"7901009",121,0,1,0.029904,1,0.007476,1,109.982960347496,1,4.85626164532675,570,1,10.4069995880127,35.2029991149902,0.0299040004611015,0.0129828732460737,106.055000305176,-88.3605,26.0317,11.9215993981301,63,63,63,63,61,63,0,8045,1.29563008188212,26,-88,0.001869,51,2026-09-02 11:18:38.001206,570,1.037,0.0011,"aoml_navis",1029.59856061536
"7901009",121,0,1,0.024297,1,0.001869,1,110.612127675558,1,4.8561804791795,572,1,10.3249998092651,35.1940002441406,0.0242970008403063,0.0086552482098341,106.661697387695,-88.3605,26.0317,11.9215993981301,63,63,63,63,61,63,0,8045,1.29563008188212,26,-88,0.001869,51,2026-09-02 11:18:38.001206,572,1.037,0.0011,"aoml_navis",1029.61576931441
"7901009",121,0,1,0.026166,1,0.003738,1,111.212677428067,1,4.85613036389546,574,1,10.2740001678467,35.1839981079102,0.0261659994721413,0.0100977895781398,107.240798950195,-88.3605,26.0317,11.9215993981301,63,63,63,63,61,63,0,8045,1.29563008188212,26,-88,0.001869,51,2026-09-02 11:18:38.001206,574,1.037,0.0011,"aoml_navis",1029.62639495311
"7901009",121,0,1,0.028035,1,0.005607,1,111.629361037836,1,4.85608662693511,576,1,10.2469997406006,35.1780014038086,0.0280349999666214,0.0115403309464455,107.642601013184,-88.3605,26.0317,11.9215993981301,63,63,63,63,61,63,0,8045,1.29563008188212,26,-88,0.001869,51,2026-09-02 11:18:38.001206,576,1.037,0.0011,"aoml_navis",1029.63566841387
"7901009",121,0,1,0.028035,1,0.005607,1,112.055269998198,1,4.85604956782778,578,1,10.2360000610352,35.173999786377,0.0280349999666214,0.0115403309464455,108.053298950195,-88.3605,26.0317,11.9215993981301,63,63,63,63,61,63,0,8045,1.29563008188212,26,-88,0.001869,51,2026-09-02 11:18:38.001206,578,1.037,0.0011,"aoml_navis",1029.64352611347
"7901009",121,0,1,0.026166,1,0.003738,1,112.741894012373,1,4.85599683528466,580,1,10.1859998703003,35.1650009155273,0.0261659994721413,0.0100977895781398,108.715400695801,-88.3605,26.0317,11.9215993981301,63,63,63,63,61,63,0,8045,1.29563008188212,26,-88,0.001869,51,2026-09-02 11:18:38.001206,580,1.037,0.0011,"aoml_navis",1029.65470728255
"7901009",121,0,1,0.028035,1,0.005607,1,113.075715618058,1,4.85592918418898,582,1,10.1059999465942,35.1529998779297,0.0280349999666214,0.0115403309464455,109.037300109863,-88.3605,26.0317,11.9215993981301,63,63,63,63,61,63,0,8045,1.29563008188212,26,-88,0.001869,51,2026-09-02 11:18:38.001206,582,1.037,0.0011,"aoml_navis",1029.6690520694
"7901009",121,0,1,0.028035,1,0.005607,1,113.136487417291,1,4.85587393682874,584,1,10.0570001602173,35.1450004577637,0.0280349999666214,0.0115403309464455,109.095901489258,-88.3605,26.0317,11.9215993981301,63,63,63,63,61,63,0,8045,1.29563008188212,26,-88,0.001869,51,2026-09-02 11:18:38.001206,584,1.037,0.0011,"aoml_navis",1029.68076705578
"7901009",121,0,1,0.029904,1,0.007476,1,113.009033581351,1,4.85582788182147,586,1,10.043999671936,35.1430015563965,0.0299040004611015,0.0129828732460737,108.972999572754,-88.3605,26.0317,11.9215993981301,63,63,63,63,61,63,0,8045,1.29563008188212,26,-88,0.001869,51,2026-09-02 11:18:38.001206,586,1.037,0.0011,"aoml_navis",1029.69053304345
"7901009",121,0,1,0.022428,1,0,1,112.986737665424,1,4.85577773849235,588,1,10.0220003128052,35.1399993896484,0.0224280003458261,0.0072127073071897,108.951499938965,-88.3605,26.0317,11.9215993981301,63,63,63,63,61,63,0,8045,1.29563008188212,26,-88,0.001869,51,2026-09-02 11:18:38.001206,588,1.037,0.0011,"aoml_navis",1029.70116617249
"7901009",121,0,1,0.031773,1,0.009345,1,113.149344359584,1,4.85571382886508,590,1,9.96700000762939,35.132999420166,0.0317730009555817,0.0144254146143794,109.108299255371,-88.3605,26.0317,11.9215993981301,63,63,63,63,61,63,0,8045,1.29563008188212,26,-88,0.001869,51,2026-09-02 11:18:38.001206,590,1.037,0.0011,"aoml_navis",1029.7147188282
"7901009",121,0,1,0.024297,1,0.001869,1,113.201405085916,1,4.85566739961378,592,1,9.94499969482422,35.1290016174316,0.0242970008403063,0.0086552482098341,109.158500671387,-88.3605,26.0317,11.9215993981301,63,63,63,63,61,63,0,8045,1.29563008188212,26,-88,0.001869,51,2026-09-02 11:18:38.001206,592,1.037,0.0011,"aoml_navis",1029.72456482454
"7901009",121,0,1,0.028035,1,0.005607,1,113.231067040783,1,4.85562358042851,594,1,9.92599964141846,35.125,0.0280349999666214,0.0115403309464455,109.187103271484,-88.3605,26.0317,11.9215993981301,63,63,63,63,61,63,0,8045,1.29563008188212,26,-88,0.001869,51,2026-09-02 11:18:38.001206,594,1.037,0.0011,"aoml_navis",1029.73385749122
"7901009",121,0,1,0.029904,1,0.007476,1,113.268498544776,1,4.85557352266547,596,1,9.9040002822876,35.1220016479492,0.0299040004611015,0.0129828732460737,109.223197937012,-88.3605,26.0317,11.9215993981301,63,63,63,63,61,63,0,8045,1.29563008188212,26,-88,0.001869,51,2026-09-02 11:18:38.001206,596,1.037,0.0011,"aoml_navis",1029.74447336867
"7901009",121,0,1,0.035511,1,0.013083,1,113.238844501874,1,4.85552458714838,598,1,9.87899971008301,35.1180000305176,0.0355109982192516,0.0173104964196682,109.194602966309,-88.3605,26.0317,11.9215993981301,63,63,63,63,61,63,0,8045,1.29563008188212,26,-88,0.001869,51,2026-09-02 11:18:38.001206,598,1.037,0.0011,"aoml_navis",1029.75485146013
"7901009",121,0,1,0.029904,1,0.007476,1,113.164068525497,1,4.85547628131749,600,1,9.85900020599365,35.1150016784668,0.0299040004611015,0.0129828732460737,109.122497558594,-88.3605,26.0317,11.9215993981301,63,63,63,63,61,63,0,8045,1.29563008188212,26,-88,0.001869,51,2026-09-02 11:18:38.001206,600,1.037,0.0011,"aoml_navis",1029.76509621489
"7901009",121,0,1,0.028035,1,0.005607,1,113.080177966029,1,4.85543009332755,602,1,9.85000038146973,35.1139984130859,0.0280349999666214,0.0115403309464455,109.041603088379,-88.3605,26.0317,11.9215993981301,63,63,63,63,61,63,0,8045,1.29563008188212,26,-88,0.001869,51,2026-09-02 11:18:38.001206,602,1.037,0.0011,"aoml_navis",1029.77489200619
"7901009",121,0,1,0.029904,1,0.007476,1,113.03640897848,1,4.85537985501972,604,1,9.83199977874756,35.1119995117188,0.0299040004611015,0.0129828732460737,108.999397277832,-88.3605,26.0317,11.9215993981301,63,63,63,63,61,63,0,8045,1.29563008188212,26,-88,0.001869,51,2026-09-02 11:18:38.001206,604,1.037,0.0011,"aoml_navis",1029.78554702178
"7901009",121,0,1,0.031773,1,0.009345,1,113.116675858213,1,4.85531671541858,606,1,9.78600025177002,35.1069984436035,0.0317730009555817,0.0144254146143794,109.076797485352,-88.3605,26.0317,11.9215993981301,63,63,63,63,61,63,0,8045,1.29563008188212,26,-88,0.001869,51,2026-09-02 11:18:38.001206,606,1.037,0.0011,"aoml_navis",1029.7989385784
"7901009",121,0,1,0.029904,1,0.007476,1,113.216334962906,1,4.85525018611998,608,1,9.72299957275391,35.0989990234375,0.0299040004611015,0.0129828732460737,109.172897338867,-88.3605,26.0317,11.9215993981301,63,63,63,63,61,63,0,8045,1.29563008188212,26,-88,0.001869,51,2026-09-02 11:18:38.001206,608,1.037,0.0011,"aoml_navis",1029.81304944776
"7901009",121,0,1,0.028035,1,0.005607,1,113.222458823419,1,4.85519233772379,610,1,9.68299961090088,35.0940017700195,0.0280349999666214,0.0115403309464455,109.178802490234,-88.3605,26.0317,11.9215993981301,63,63,63,63,61,63,0,8045,1.29563008188212,26,-88,0.001869,51,2026-09-02 11:18:38.001206,610,1.037,0.0011,"aoml_navis",1029.82531941136
"7901009",121,0,1,0.028035,1,0.005607,1,113.100084468681,1,4.85514816657236,612,1,9.67199993133545,35.0919990539551,0.0280349999666214,0.0115403309464455,109.06079864502,-88.3605,26.0317,11.9215993981301,63,63,63,63,61,63,0,8045,1.29563008188212,26,-88,0.001869,51,2026-09-02 11:18:38.001206,612,1.037,0.0011,"aoml_navis",1029.83468855285
"7901009",121,0,1,0.028035,1,0.005607,1,112.868311380965,1,4.85510541159987,614,1,9.66699981689453,35.0909996032715,0.0280349999666214,0.0115403309464455,108.837303161621,-88.3605,26.0317,11.9215993981301,63,63,63,63,61,63,0,8045,1.29563008188212,26,-88,0.001869,51,2026-09-02 11:18:38.001206,614,1.037,0.0011,"aoml_navis",1029.84375747104
"7901009",121,0,1,0.024297,1,0.001869,1,112.613095142471,1,4.8550604222897,616,1,9.66800022125244,35.0919990539551,0.0242970008403063,0.0086552482098341,108.591201782227,-88.3605,26.0317,11.9215993981301,63,63,63,63,61,63,0,8045,1.29563008188212,26,-88,0.001869,51,2026-09-02 11:18:38.001206,616,1.037,0.0011,"aoml_navis",1029.85330049547
"7901009",121,0,1,0.029904,1,0.007476,1,112.449238357921,1,4.85501570399837,618,1,9.66499996185303,35.0919990539551,0.0299040004611015,0.0129828732460737,108.433197021484,-88.3605,26.0317,11.9215993981301,63,63,63,63,61,63,0,8045,1.29563008188212,26,-88,0.001869,51,2026-09-02 11:18:38.001206,618,1.037,0.0011,"aoml_navis",1029.86278620731
"7901009",121,0,1,0.028035,1,0.005607,1,112.639125505637,1,4.85495795731404,620,1,9.63799953460693,35.0900001525879,0.0280349999666214,0.0115403309464455,108.616302490234,-88.3605,26.0317,11.9215993981301,63,63,63,63,61,63,0,8045,1.29563008188212,26,-88,0.001869,51,2026-09-02 11:18:38.001206,620,1.037,0.0011,"aoml_navis",1029.87503578017
"7901009",121,0,1,0.026166,1,0.003738,1,113.032991009822,1,4.8548870124215,622,1,9.5649995803833,35.0810012817383,0.0261659994721413,0.0100977895781398,108.996101379395,-88.3605,26.0317,11.9215993981301,63,63,63,63,61,63,0,8045,1.29563008188212,26,-88,0.001869,51,2026-09-02 11:18:38.001206,622,1.037,0.0011,"aoml_navis",1029.89008543499
"7901009",121,0,1,0.028035,1,0.005607,1,113.375626543946,1,4.85482341195647,624,1,9.48299980163574,35.068000793457,0.0280349999666214,0.0115403309464455,109.326499938965,-88.3605,26.0317,11.9215993981301,63,63,63,63,61,63,0,8045,1.29563008188212,26,-88,0.001869,51,2026-09-02 11:18:38.001206,624,1.037,0.0011,"aoml_navis",1029.90357747843
"7901009",121,0,1,0.031773,1,0.009345,1,113.616007849025,1,4.85476597588875,626,1,9.40799999237061,35.0550003051758,0.0317730009555817,0.0144254146143794,109.558296203613,-88.3605,26.0317,11.9215993981301,63,63,63,63,61,63,0,8045,1.29563008188212,26,-88,0.001869,51,2026-09-02 11:18:38.001206,626,1.037,0.0011,"aoml_navis",1029.91576212583
"7901009",121,0,1,0.028035,1,0.005607,1,113.634680085217,1,4.85471959978073,628.099975585938,1,9.38799953460693,35.0509986877441,0.0280349999666214,0.0115403309464455,109.576301574707,-88.3605,26.0317,11.9215993981301,63,63,63,63,61,63,0,8045,1.29563008188212,26,-88,0.001869,51,2026-09-02 11:18:38.001206,628.099975585938,1.037,0.0011,"aoml_navis",1029.92560069295
"7901009",121,0,1,0.028035,1,0.005607,1,113.586456661661,1,4.85467782864728,630,1,9.38599967956543,35.0509986877441,0.0280349999666214,0.0115403309464455,109.529800415039,-88.3605,26.0317,11.9215993981301,63,63,63,63,61,63,0,8045,1.29563008188212,26,-88,0.001869,51,2026-09-02 11:18:38.001206,630,1.037,0.0011,"aoml_navis",1029.93446248795
"7901009",121,0,1,0.028035,1,0.005607,1,113.628666992206,1,4.85462187063647,632,1,9.35200023651123,35.0470008850098,0.0280349999666214,0.0115403309464455,109.570503234863,-88.3605,26.0317,11.9215993981301,63,63,63,63,61,63,0,8045,1.29563008188212,26,-88,0.001869,51,2026-09-02 11:18:38.001206,632,1.037,0.0011,"aoml_navis",1029.94633428463
"7901009",121,0,1,0.028035,1,0.005607,1,113.639965277495,1,4.85457314612778,634,1,9.33100032806396,35.0439987182617,0.0280349999666214,0.0115403309464455,109.581398010254,-88.3605,26.0317,11.9215993981301,63,63,63,63,61,63,0,8045,1.29563008188212,26,-88,0.001869,51,2026-09-02 11:18:38.001206,634,1.037,0.0011,"aoml_navis",1029.95667167735
"7901009",121,0,1,0.026166,1,0.003738,1,113.647125605357,1,4.85452025827884,636,1,9.30500030517578,35.0410003662109,0.0261659994721413,0.0100977895781398,109.588302612305,-88.3605,26.0317,11.9215993981301,63,63,63,63,61,63,0,8045,1.29563008188212,26,-88,0.001869,51,2026-09-02 11:18:38.001206,636,1.037,0.0011,"aoml_navis",1029.96789259929
"7901009",121,0,1,0.033642,1,0.011214,1,113.68300636431,1,4.85447024466933,638,1,9.27799987792969,35.0369987487793,0.0336420014500618,0.0158679541200399,109.622901916504,-88.3605,26.0317,11.9215993981301,63,63,63,63,61,63,0,8045,1.29563008188212,26,-88,0.001869,51,2026-09-02 11:18:38.001206,638,1.037,0.0011,"aoml_navis",1029.97850393469
"7901009",121,0,1,0.024297,1,0.001869,1,113.686946522626,1,4.85442073365133,640,1,9.25599956512451,35.0340003967285,0.0242970008403063,0.0086552482098341,109.62670135498,-88.3605,26.0317,11.9215993981301,63,63,63,63,61,63,0,8045,1.29563008188212,26,-88,0.001869,51,2026-09-02 11:18:38.001206,640,1.037,0.0011,"aoml_navis",1029.98900885115
"7901009",121,0,1,0.026166,1,0.003738,1,113.754039981485,1,4.85435963866583,642,1,9.22000026702881,35.0309982299805,0.0261659994721413,0.0100977895781398,109.691398620605,-88.3605,26.0317,11.9215993981301,63,63,63,63,61,63,0,8045,1.29563008188212,26,-88,0.001869,51,2026-09-02 11:18:38.001206,642,1.037,0.0011,"aoml_navis",1030.00197187166
"7901009",121,0,1,0.033642,1,0.011214,1,113.741080183654,1,4.85429940956822,644,1,9.1850004196167,35.0279998779297,0.0336420014500618,0.0158679541200399,109.678901672363,-88.3605,26.0317,11.9215993981301,63,63,63,63,61,63,0,8045,1.29563008188212,26,-88,0.001869,51,2026-09-02 11:18:38.001206,644,1.037,0.0011,"aoml_navis",1030.01475148908
"7901009",121,0,1,0.028035,1,0.005607,1,113.705405135776,1,4.85424214923352,646,1,9.18900012969971,35.0330009460449,0.0280349999666214,0.0115403309464455,109.644500732422,-88.3605,26.0317,11.9215993981301,63,63,63,63,61,63,0,8045,1.29563008188212,26,-88,0.001869,51,2026-09-02 11:18:38.001206,646,1.037,0.0011,"aoml_navis",1030.02690147822
"7901009",121,0,1,0.033642,1,0.011214,1,113.658423890646,1,4.85418159479488,648,1,9.18900012969971,35.0379981994629,0.0336420014500618,0.0158679541200399,109.599197387695,-88.3605,26.0317,11.9215993981301,63,63,63,63,61,63,0,8045,1.29563008188212,26,-88,0.001869,51,2026-09-02 11:18:38.001206,648,1.037,0.0011,"aoml_navis",1030.03975075046
"7901009",121,0,1,0.028035,1,0.005607,1,113.299924867723,1,4.85412577298982,650,1,9.20800018310547,35.0460014343262,0.0280349999666214,0.0115403309464455,109.25350189209,-88.3605,26.0317,11.9215993981301,63,63,63,63,61,63,0,8045,1.29563008188212,26,-88,0.001869,51,2026-09-02 11:18:38.001206,650,1.037,0.0011,"aoml_navis",1030.05159607151
"7901009",121,0,1,0.031773,1,0.009345,1,113.041179893067,1,4.8540609489964,652,1,9.19400024414062,35.048999786377,0.0317730009555817,0.0144254146143794,109.003997802734,-88.3605,26.0317,11.9215993981301,63,63,63,63,61,63,0,8045,1.29563008188212,26,-88,0.001869,51,2026-09-02 11:18:38.001206,652,1.037,0.0011,"aoml_navis",1030.06535198817
"7901009",121,0,1,0.029904,1,0.007476,1,113.048957354159,1,4.85400394277175,654,1,9.1850004196167,35.0509986877441,0.0299040004611015,0.0129828732460737,109.011497497559,-88.3605,26.0317,11.9215993981301,63,63,63,63,61,63,0,8045,1.29563008188212,26,-88,0.001869,51,2026-09-02 11:18:38.001206,654,1.037,0.0011,"aoml_navis",1030.07744924593
"7901009",121,0,1,0.029904,1,0.007476,1,113.019817588949,1,4.85395414708945,656,1,9.16699981689453,35.048999786377,0.0299040004611015,0.0129828732460737,108.9833984375,-88.3605,26.0317,11.9215993981301,63,63,63,63,61,63,0,8045,1.29563008188212,26,-88,0.001869,51,2026-09-02 11:18:38.001206,656,1.037,0.0011,"aoml_navis",1030.0880165912
"7901009",121,0,1,0.028035,1,0.005607,1,112.936963496829,1,4.85388607726612,658,1,9.11800003051758,35.0449981689453,0.0280349999666214,0.0115403309464455,108.903503417969,-88.3605,26.0317,11.9215993981301,63,63,63,63,61,63,0,8045,1.29563008188212,26,-88,0.001869,51,2026-09-02 11:18:38.001206,658,1.037,0.0011,"aoml_navis",1030.1024623174
"7901009",121,0,1,0.033642,1,0.011214,1,112.987774132772,1,4.85384348519089,660,1,9.12199974060059,35.0460014343262,0.0336420014500618,0.0158679541200399,108.952499389648,-88.3605,26.0317,11.9215993981301,63,63,63,63,61,63,0,8045,1.29563008188212,26,-88,0.001869,51,2026-09-02 11:18:38.001206,660,1.037,0.0011,"aoml_navis",1030.11150138134
"7901009",121,0,1,0.031773,1,0.009345,1,113.402384807845,1,4.85379503485523,662,1,9.10999965667725,35.0449981689453,0.0317730009555817,0.0144254146143794,109.35230255127,-88.3605,26.0317,11.9215993981301,63,63,63,63,61,63,0,8045,1.29563008188212,26,-88,0.001869,51,2026-09-02 11:18:38.001206,662,1.037,0.0011,"aoml_navis",1030.12178390205
"7901009",121,0,1,0.026166,1,0.003738,1,114.055509564377,1,4.85371178598312,664,1,9.03800010681152,35.0400009155273,0.0261659994721413,0.0100977895781398,109.98210144043,-88.3605,26.0317,11.9215993981301,63,63,63,63,61,63,0,8045,1.29563008188212,26,-88,0.001869,51,2026-09-02 11:18:38.001206,664,1.037,0.0011,"aoml_navis",1030.13945212803
"7901009",121,0,1,0.033642,1,0.011214,1,114.557745246156,1,4.8536582581346,666,1,8.99300003051758,35.0330009460449,0.0336420014500618,0.0158679541200399,110.466400146484,-88.3605,26.0317,11.9215993981301,63,63,63,63,61,63,0,8045,1.29563008188212,26,-88,0.001869,51,2026-09-02 11:18:38.001206,666,1.037,0.0011,"aoml_navis",1030.15081286783
"7901009",121,0,1,0.031773,1,0.009345,1,115.062987474441,1,4.85358969046691,668,1,8.93400001525879,35.0270004272461,0.0317730009555817,0.0144254146143794,110.953598022461,-88.3605,26.0317,11.9215993981301,63,63,63,63,61,63,0,8045,1.29563008188212,26,-88,0.001869,51,2026-09-02 11:18:38.001206,668,1.037,0.0011,"aoml_navis",1030.16536602191
"7901009",121,0,1,0.028035,1,0.005607,1,115.334795102467,1,4.85352290315022,670,1,8.86800003051758,35.0190010070801,0.0280349999666214,0.0115403309464455,111.215698242188,-88.3605,26.0317,11.9215993981301,63,63,63,63,61,63,0,8045,1.29563008188212,26,-88,0.001869,51,2026-09-02 11:18:38.001206,670,1.037,0.0011,"aoml_navis",1030.17954170046
"7901009",121,0,1,0.029904,1,0.007476,1,115.226322069335,1,4.85348108398966,672,1,8.8459997177124,35.0139999389648,0.0299040004611015,0.0129828732460737,111.111099243164,-88.3605,26.0317,11.9215993981301,63,63,63,63,61,63,0,8045,1.29563008188212,26,-88,0.001869,51,2026-09-02 11:18:38.001206,672,1.037,0.0011,"aoml_navis",1030.18841806012
"7901009",121,0,1,0.035511,1,0.013083,1,115.12583220837,1,4.85340922294557,674,1,8.78699970245361,35.0089988708496,0.0355109982192516,0.0173104964196682,111.014198303223,-88.3605,26.0317,11.9215993981301,63,63,63,63,61,63,0,8045,1.29563008188212,26,-88,0.001869,51,2026-09-02 11:18:38.001206,674,1.037,0.0011,"aoml_navis",1030.20367134125
"7901009",121,0,1,0.031773,1,0.009345,1,114.670364148681,1,4.85335979984692,676,1,8.75100040435791,35.0029983520508,0.0317730009555817,0.0144254146143794,110.574996948242,-88.3605,26.0317,11.9215993981301,63,63,63,63,61,63,0,8045,1.29563008188212,26,-88,0.001869,51,2026-09-02 11:18:38.001206,676,1.037,0.0011,"aoml_navis",1030.21416218878
"7901009",121,0,1,0.031773,1,0.009345,1,114.043166899776,1,4.85328274367137,678,1,8.70800018310547,35.0029983520508,0.0317730009555817,0.0144254146143794,109.970199584961,-88.3605,26.0317,11.9215993981301,63,63,63,63,61,63,0,8045,1.29563008188212,26,-88,0.001869,51,2026-09-02 11:18:38.001206,678,1.037,0.0011,"aoml_navis",1030.23051902755
"7901009",121,0,1,0.029904,1,0.007476,1,114.062978458854,1,4.85321256532746,680,1,8.67800045013428,35.0040016174316,0.0299040004611015,0.0129828732460737,109.989303588867,-88.3605,26.0317,11.9215993981301,63,63,63,63,61,63,0,8045,1.29563008188212,26,-88,0.001869,51,2026-09-02 11:18:38.001206,680,1.037,0.0011,"aoml_navis",1030.24541634983
"7901009",121,0,1,0.028035,1,0.005607,1,114.929211978875,1,4.85316957911537,682,1,8.66800022125244,35.0019989013672,0.0280349999666214,0.0115403309464455,110.824600219727,-88.3605,26.0317,11.9215993981301,63,63,63,63,61,63,0,8045,1.29563008188212,26,-88,0.001869,51,2026-09-02 11:18:38.001206,682,1.037,0.0011,"aoml_navis",1030.25454159205
"7901009",121,0,1,0.031773,1,0.009345,1,116.660753319073,1,4.85309917598391,684,1,8.59200000762939,34.9930000305176,0.0317730009555817,0.0144254146143794,112.494300842285,-88.3605,26.0317,11.9215993981301,63,63,63,63,61,63,0,8045,1.29563008188212,26,-88,0.001869,51,2026-09-02 11:18:38.001206,684,1.037,0.0011,"aoml_navis",1030.26948732947
"7901009",121,0,1,0.028035,1,0.005607,1,117.770176891566,1,4.85298496425917,686,1,8.40999984741211,34.9729995727539,0.0280349999666214,0.0115403309464455,113.564102172852,-88.3605,26.0317,11.9215993981301,63,63,63,63,61,63,0,8045,1.29563008188212,26,-88,0.001869,51,2026-09-02 11:18:38.001206,686,1.037,0.0011,"aoml_navis",1030.29373402629
"7901009",121,0,1,0.029904,1,0.007476,1,118.136041953428,1,4.85290989782263,688,1,8.3129997253418,34.9609985351562,0.0299040004611015,0.0129828732460737,113.916900634766,-88.3605,26.0317,11.9215993981301,63,63,63,63,61,63,0,8045,1.29563008188212,26,-88,0.001869,51,2026-09-02 11:18:38.001206,688,1.037,0.0011,"aoml_navis",1030.30967095502
"7901009",121,0,1,0.033642,1,0.011214,1,118.552931274273,1,4.85283340635163,690,1,8.22299957275391,34.951000213623,0.0336420014500618,0.0158679541200399,114.318901062012,-88.3605,26.0317,11.9215993981301,63,63,63,63,61,63,0,8045,1.29563008188212,26,-88,0.001869,51,2026-09-02 11:18:38.001206,690,1.037,0.0011,"aoml_navis",1030.3259109319
"7901009",121,0,1,0.026166,1,0.003738,1,118.960073054869,1,4.85273932963775,692,1,8.10999965667725,34.9410018920898,0.0261659994721413,0.0100977895781398,114.711502075195,-88.3605,26.0317,11.9215993981301,63,63,63,63,61,63,0,8045,1.29563008188212,26,-88,0.001869,51,2026-09-02 11:18:38.001206,692,1.037,0.0011,"aoml_navis",1030.34588515045
"7901009",121,0,1,0.029904,1,0.007476,1,119.094473595629,1,4.85268572972318,694,1,8.07199954986572,34.9360008239746,0.0299040004611015,0.0129828732460737,114.841102600098,-88.3605,26.0317,11.9215993981301,63,63,63,63,61,63,0,8045,1.29563008188212,26,-88,0.001869,51,2026-09-02 11:18:38.001206,694,1.037,0.0011,"aoml_navis",1030.35726574555
"7901009",121,0,1,0.026166,1,0.003738,1,119.156487573287,1,4.85262095851928,696,1,8.0290002822876,34.9329986572266,0.0261659994721413,0.0100977895781398,114.900901794434,-88.3605,26.0317,11.9215993981301,63,63,63,63,61,63,0,8045,1.29563008188212,26,-88,0.001869,51,2026-09-02 11:18:38.001206,696,1.037,0.0011,"aoml_navis",1030.37101861871
"7901009",121,0,1,0.031773,1,0.009345,1,119.172976107281,1,4.85256147450854,698,1,7.98799991607666,34.9290008544922,0.0317730009555817,0.0144254146143794,114.916801452637,-88.3605,26.0317,11.9215993981301,63,63,63,63,61,63,0,8045,1.29563008188212,26,-88,0.001869,51,2026-09-02 11:18:38.001206,698,1.037,0.0011,"aoml_navis",1030.38364918528
"7901009",121,0,1,0.031773,1,0.009345,1,119.144042053148,1,4.85249647854309,700,1,7.93499994277954,34.923999786377,0.0317730009555817,0.0144254146143794,114.888900756836,-88.3605,26.0317,11.9215993981301,63,63,63,63,61,63,0,8045,1.29563008188212,26,-88,0.001869,51,2026-09-02 11:18:38.001206,700,1.037,0.0011,"aoml_navis",1030.39745048948
"7901009",121,0,1,0.031773,1,0.009345,1,119.247538460617,1,4.8524291227314,702,1,7.87400007247925,34.9179992675781,0.0317730009555817,0.0144254146143794,114.988700866699,-88.3605,26.0317,11.9215993981301,63,63,63,63,61,63,0,8045,1.29563008188212,26,-88,0.001869,51,2026-09-02 11:18:38.001206,702,1.037,0.0011,"aoml_navis",1030.41175327576
"7901009",121,0,1,0.029904,1,0.007476,1,119.386607060425,1,4.85237929406426,704,1,7.84999990463257,34.9150009155273,0.0299040004611015,0.0129828732460737,115.122802734375,-88.3605,26.0317,11.9215993981301,63,63,63,63,61,63,0,8045,1.29563008188212,26,-88,0.001869,51,2026-09-02 11:18:38.001206,704,1.037,0.0011,"aoml_navis",1030.42233448575
"7901009",121,0,1,0.029904,1,0.007476,1,119.576589151715,1,4.85232889673084,706,1,7.82999992370605,34.9129981994629,0.0299040004611015,0.0129828732460737,115.305999755859,-88.3605,26.0317,11.9215993981301,63,63,63,63,61,63,0,8045,1.29563008188212,26,-88,0.001869,51,2026-09-02 11:18:38.001206,706,1.037,0.0011,"aoml_navis",1030.43303667413
"7901009",121,0,1,0.028035,1,0.005607,1,119.80691434993,1,4.85225764855922,708,1,7.80200004577637,34.9150009155273,0.0280349999666214,0.0115403309464455,115.528099060059,-88.3605,26.0317,11.9215993981301,63,63,63,63,61,63,0,8045,1.29563008188212,26,-88,0.001869,51,2026-09-02 11:18:38.001206,708,1.037,0.0011,"aoml_navis",1030.44816704749
"7901009",121,0,1,0.033642,1,0.011214,1,120.007894071858,1,4.85220681544221,710,1,7.79099988937378,34.9150009155273,0.0336420014500618,0.0158679541200399,115.721900939941,-88.3605,26.0317,11.9215993981301,63,63,63,63,61,63,0,8045,1.29563008188212,26,-88,0.001869,51,2026-09-02 11:18:38.001206,710,1.037,0.0011,"aoml_navis",1030.45896231946
"7901009",121,0,1,0.028035,1,0.005607,1,120.236146335377,1,4.85216349275074,712,1,7.78499984741211,34.9140014648438,0.0280349999666214,0.0115403309464455,115.942001342773,-88.3605,26.0317,11.9215993981301,63,63,63,63,61,63,0,8045,1.29563008188212,26,-88,0.001869,51,2026-09-02 11:18:38.001206,712,1.037,0.0011,"aoml_navis",1030.4681628041
"7901009",121,0,1,0.026166,1,0.003738,1,120.642354504163,1,4.85210305055306,714,1,7.74700021743774,34.9109992980957,0.0261659994721413,0.0100977895781398,116.333702087402,-88.3605,26.0317,11.9215993981301,63,63,63,63,61,63,0,8045,1.29563008188212,26,-88,0.001869,51,2026-09-02 11:18:38.001206,714,1.037,0.0011,"aoml_navis",1030.48099925044
"7901009",121,0,1,0.031773,1,0.009345,1,121.129652396989,1,4.85203210101058,716,1,7.6710000038147,34.9029998779297,0.0317730009555817,0.0144254146143794,116.803596496582,-88.3605,26.0317,11.9215993981301,63,63,63,63,61,63,0,8045,1.29563008188212,26,-88,0.001869,51,2026-09-02 11:18:38.001206,716,1.037,0.0011,"aoml_navis",1030.49606760817
"7901009",121,0,1,0.031773,1,0.009345,1,121.395446932004,1,4.85198626331154,718,1,7.65199995040894,34.9000015258789,0.0317730009555817,0.0144254146143794,117.059898376465,-88.3605,26.0317,11.9215993981301,63,63,63,63,61,63,0,8045,1.29563008188212,26,-88,0.001869,51,2026-09-02 11:18:38.001206,718,1.037,0.0011,"aoml_navis",1030.50580291368
"7901009",121,0,1,0.033642,1,0.011214,1,121.775830448701,1,4.85193677630842,720,1,7.63299989700317,34.8979988098145,0.0336420014500618,0.0158679541200399,117.426696777344,-88.3605,26.0317,11.9215993981301,63,63,63,63,61,63,0,8045,1.29563008188212,26,-88,0.001869,51,2026-09-02 11:18:38.001206,720,1.037,0.0011,"aoml_navis",1030.51631348837
"7901009",121,0,1,0.033642,1,0.011214,1,122.242707561182,1,4.85187569333012,722,1,7.58900022506714,34.8940010070801,0.0336420014500618,0.0158679541200399,117.876899719238,-88.3605,26.0317,11.9215993981301,63,63,63,63,61,63,0,8045,1.29563008188212,26,-88,0.001869,51,2026-09-02 11:18:38.001206,722,1.037,0.0011,"aoml_navis",1030.52928723494
"7901009",121,0,1,0.033642,1,0.011214,1,122.631493584166,1,4.85180574296714,724,1,7.53800010681152,34.890998840332,0.0336420014500618,0.0158679541200399,118.251800537109,-88.3605,26.0317,11.9215993981301,63,63,63,63,61,63,0,8045,1.29563008188212,26,-88,0.001869,51,2026-09-02 11:18:38.001206,724,1.037,0.0011,"aoml_navis",1030.5441447749
"7901009",121,0,1,0.031773,1,0.009345,1,122.876337237216,1,4.85175538636679,726,1,7.50799989700317,34.8870010375977,0.0317730009555817,0.0144254146143794,118.487899780273,-88.3605,26.0317,11.9215993981301,63,63,63,63,61,63,0,8045,1.29563008188212,26,-88,0.001869,51,2026-09-02 11:18:38.001206,726,1.037,0.0011,"aoml_navis",1030.55484084168
"7901009",121,0,1,0.031773,1,0.009345,1,123.193567453369,1,4.85169772515891,728,1,7.47800016403198,34.8849983215332,0.0317730009555817,0.0144254146143794,118.793800354004,-88.3605,26.0317,11.9215993981301,63,63,63,63,61,63,0,8045,1.29563008188212,26,-88,0.001869,51,2026-09-02 11:18:38.001206,728,1.037,0.0011,"aoml_navis",1030.56708872691
"7901009",121,0,1,0.031773,1,0.009345,1,123.628503965212,1,4.85163100150946,730,1,7.43100023269653,34.8819999694824,0.0317730009555817,0.0144254146143794,119.213203430176,-88.3605,26.0317,11.9215993981301,63,63,63,63,61,63,0,8045,1.29563008188212,26,-88,0.001869,51,2026-09-02 11:18:38.001206,730,1.037,0.0011,"aoml_navis",1030.58126193941
"7901009",121,0,1,0.029904,1,0.007476,1,124.103047771282,1,4.85156869059935,732,1,7.375,34.8759994506836,0.0299040004611015,0.0129828732460737,119.670799255371,-88.3605,26.0317,11.9215993981301,63,63,63,63,61,63,0,8045,1.29563008188212,26,-88,0.001869,51,2026-09-02 11:18:38.001206,732,1.037,0.0011,"aoml_navis",1030.59449816474
"7901009",121,0,1,0.03738,1,0.014952,1,124.53466125804,1,4.85149556453834,734,1,7.3289999961853,34.875,0.0373799987137318,0.0187530387192965,120.08699798584,-88.3605,26.0317,11.9215993981301,63,63,63,63,61,63,0,8045,1.29563008188212,26,-88,0.001869,51,2026-09-02 11:18:38.001206,734,1.037,0.0011,"aoml_navis",1030.61003220268
"7901009",121,0,1,0.033642,1,0.011214,1,124.989717895576,1,4.85142992557433,736,1,7.28800010681152,34.8730010986328,0.0336420014500618,0.0158679541200399,120.525802612305,-88.3605,26.0317,11.9215993981301,63,63,63,63,61,63,0,8045,1.29563008188212,26,-88,0.001869,51,2026-09-02 11:18:38.001206,736,1.037,0.0011,"aoml_navis",1030.62397616886
"7901009",121,0,1,0.03738,1,0.014952,1,125.471524885047,1,4.85135696838108,738,1,7.24200010299683,34.8720016479492,0.0373799987137318,0.0187530387192965,120.99040222168,-88.3605,26.0317,11.9215993981301,63,63,63,63,61,63,0,8045,1.29563008188212,26,-88,0.001869,51,2026-09-02 11:18:38.001206,738,1.037,0.0011,"aoml_navis",1030.63947522058
"7901009",121,0,1,0.029904,1,0.007476,1,125.834066921823,1,4.85130111617314,740,1,7.21400022506714,34.8699989318848,0.0299040004611015,0.0129828732460737,121.339996337891,-88.3605,26.0317,11.9215993981301,63,63,63,63,61,63,0,8045,1.29563008188212,26,-88,0.001869,51,2026-09-02 11:18:38.001206,740,1.037,0.0011,"aoml_navis",1030.65134079827
"7901009",121,0,1,0.028035,1,0.005607,1,126.304987048158,1,4.85121797678706,742,1,7.15899991989136,34.8699989318848,0.0280349999666214,0.0115403309464455,121.794097900391,-88.3605,26.0317,11.9215993981301,63,63,63,63,61,63,0,8045,1.29563008188212,26,-88,0.001869,51,2026-09-02 11:18:38.001206,742,1.037,0.0011,"aoml_navis",1030.66900393362
"7901009",121,0,1,0.026166,1,0.003738,1,126.504099546467,1,4.8511585247084,744,1,7.13100004196167,34.8689994812012,0.0261659994721413,0.0100977895781398,121.986099243164,-88.3605,26.0317,11.9215993981301,63,63,63,63,61,63,0,8045,1.29563008188212,26,-88,0.001869,51,2026-09-02 11:18:38.001206,744,1.037,0.0011,"aoml_navis",1030.68163502254
"7901009",121,0,1,0.031773,1,0.009345,1,126.578559044265,1,4.85111235555267,746,1,7.12599992752075,34.8689994812012,0.0317730009555817,0.0144254146143794,122.057899475098,-88.3605,26.0317,11.9215993981301,63,63,63,63,61,63,0,8045,1.29563008188212,26,-88,0.001869,51,2026-09-02 11:18:38.001206,746,1.037,0.0011,"aoml_navis",1030.6914442575
"7901009",121,0,1,0.031773,1,0.009345,1,126.589137340786,1,4.85106471508573,748,1,7.11899995803833,34.8689994812012,0.0317730009555817,0.0144254146143794,122.068099975586,-88.3605,26.0317,11.9215993981301,63,63,63,63,61,63,0,8045,1.29563008188212,26,-88,0.001869,51,2026-09-02 11:18:38.001206,748,1.037,0.0011,"aoml_navis",1030.70156628732
"7901009",121,0,1,0.028035,1,0.005607,1,126.558644629649,1,4.85101854983708,750,1,7.11399984359741,34.8689994812012,0.0280349999666214,0.0115403309464455,122.038696289062,-88.3605,26.0317,11.9215993981301,63,63,63,63,61,63,0,8045,1.29563008188212,26,-88,0.001869,51,2026-09-02 11:18:38.001206,750,1.037,0.0011,"aoml_navis",1030.71137507152
"7901009",121,0,1,0.031773,1,0.009345,1,126.48968394717,1,4.85097017739363,752,1,7.10599994659424,34.8689994812012,0.0317730009555817,0.0144254146143794,121.972198486328,-88.3605,26.0317,11.9215993981301,63,63,63,63,61,63,0,8045,1.29563008188212,26,-88,0.001869,51,2026-09-02 11:18:38.001206,752,1.037,0.0011,"aoml_navis",1030.72165302126
"7901009",121,0,1,0.029904,1,0.007476,1,126.273980059329,1,4.85092254323778,754,1,7.0939998626709,34.8680000305176,0.0299040004611015,0.0129828732460737,121.764198303223,-88.3605,26.0317,11.9215993981301,63,63,63,63,61,63,0,8045,1.29563008188212,26,-88,0.001869,51,2026-09-02 11:18:38.001206,754,1.037,0.0011,"aoml_navis",1030.73177430343
"7901009",121,0,1,0.031773,1,0.009345,1,125.815719076175,1,4.85084258620344,756,1,7.04300022125244,34.8680000305176,0.0317730009555817,0.0144254146143794,121.322303771973,-88.3605,26.0317,11.9215993981301,63,63,63,63,61,63,0,8045,1.29563008188212,26,-88,0.001869,51,2026-09-02 11:18:38.001206,756,1.037,0.0011,"aoml_navis",1030.74876398191
"7901009",121,0,1,0.031773,1,0.009345,1,125.187786014573,1,4.85075096669676,758,1,6.99100017547607,34.8709983825684,0.0317730009555817,0.0144254146143794,120.716796875,-88.3605,26.0317,11.9215993981301,63,63,63,63,61,63,0,8045,1.29563008188212,26,-88,0.001869,51,2026-09-02 11:18:38.001206,758,1.037,0.0011,"aoml_navis",1030.76823245059
"7901009",121,0,1,0.028035,1,0.005607,1,124.691049148113,1,4.8506878629053,760,1,6.98799991607666,34.8759994506836,0.0280349999666214,0.0115403309464455,120.237800598145,-88.3605,26.0317,11.9215993981301,63,63,63,63,61,63,0,8045,1.29563008188212,26,-88,0.001869,51,2026-09-02 11:18:38.001206,760,1.037,0.0011,"aoml_navis",1030.78164196805
"7901009",121,0,1,0.031773,1,0.009345,1,124.494737485233,1,4.85062405495781,762,1,6.97900009155273,34.8800010681152,0.0317730009555817,0.0144254146143794,120.048500061035,-88.3605,26.0317,11.9215993981301,63,63,63,63,61,63,0,8045,1.29563008188212,26,-88,0.001869,51,2026-09-02 11:18:38.001206,762,1.037,0.0011,"aoml_navis",1030.795201473
"7901009",121,0,1,0.026166,1,0.003738,1,124.455953035312,1,4.85057937219065,764,1,6.97599983215332,34.8800010681152,0.0261659994721413,0.0100977895781398,120.011100769043,-88.3605,26.0317,11.9215993981301,63,63,63,63,61,63,0,8045,1.29563008188212,26,-88,0.001869,51,2026-09-02 11:18:38.001206,764,1.037,0.0011,"aoml_navis",1030.80469699476
"7901009",121,0,1,0.029904,1,0.007476,1,124.416962874314,1,4.85052954908535,766,1,6.97100019454956,34.8810005187988,0.0299040004611015,0.0129828732460737,119.973503112793,-88.3605,26.0317,11.9215993981301,63,63,63,63,61,63,0,8045,1.29563008188212,26,-88,0.001869,51,2026-09-02 11:18:38.001206,766,1.037,0.0011,"aoml_navis",1030.81528509456
"7901009",121,0,1,0.028035,1,0.005607,1,124.342400520978,1,4.85048194588834,768,1,6.96400022506714,34.8810005187988,0.0280349999666214,0.0115403309464455,119.90160369873,-88.3605,26.0317,11.9215993981301,63,63,63,63,61,63,0,8045,1.29563008188212,26,-88,0.001869,51,2026-09-02 11:18:38.001206,768,1.037,0.0011,"aoml_navis",1030.82540163631
"7901009",121,0,1,0.031773,1,0.009345,1,124.329432811182,1,4.8504284723612,770,1,6.9539999961853,34.8819999694824,0.0317730009555817,0.0144254146143794,119.889099121094,-88.3605,26.0317,11.9215993981301,63,63,63,63,61,63,0,8045,1.29563008188212,26,-88,0.001869,51,2026-09-02 11:18:38.001206,770,1.037,0.0011,"aoml_navis",1030.83676596636
"7901009",121,0,1,0.029904,1,0.007476,1,124.322383250823,1,4.85038014386023,772,1,6.94600009918213,34.8819999694824,0.0299040004611015,0.0129828732460737,119.882301330566,-88.3605,26.0317,11.9215993981301,63,63,63,63,61,63,0,8045,1.29563008188212,26,-88,0.001869,51,2026-09-02 11:18:38.001206,772,1.037,0.0011,"aoml_navis",1030.84703707794
"7901009",121,0,1,0.029904,1,0.007476,1,124.340841863974,1,4.85032594711262,774,1,6.93499994277954,34.882999420166,0.0299040004611015,0.0129828732460737,119.900100708008,-88.3605,26.0317,11.9215993981301,63,63,63,63,61,63,0,8045,1.29563008188212,26,-88,0.001869,51,2026-09-02 11:18:38.001206,774,1.037,0.0011,"aoml_navis",1030.85855559387
"7901009",121,0,1,0.028035,1,0.005607,1,124.498369076933,1,4.85027324580722,776,1,6.9210000038147,34.882999420166,0.0280349999666214,0.0115403309464455,120.052001953125,-88.3605,26.0317,11.9215993981301,63,63,63,63,61,63,0,8045,1.29563008188212,26,-88,0.001869,51,2026-09-02 11:18:38.001206,776,1.037,0.0011,"aoml_navis",1030.86975652809
"7901009",121,0,1,0.029904,1,0.007476,1,124.634217507195,1,4.85021395491767,778,1,6.90299987792969,34.8839988708496,0.0299040004611015,0.0129828732460737,120.182998657227,-88.3605,26.0317,11.9215993981301,63,63,63,63,61,63,0,8045,1.29563008188212,26,-88,0.001869,51,2026-09-02 11:18:38.001206,778,1.037,0.0011,"aoml_navis",1030.88235827833
"7901009",121,0,1,0.029904,1,0.007476,1,124.736471736239,1,4.85016932120136,780,1,6.89499998092651,34.882999420166,0.0299040004611015,0.0129828732460737,120.281600952148,-88.3605,26.0317,11.9215993981301,63,63,63,63,61,63,0,8045,1.29563008188212,26,-88,0.001869,51,2026-09-02 11:18:38.001206,780,1.037,0.0011,"aoml_navis",1030.89184498028
"7901009",121,0,1,0.031773,1,0.009345,1,124.78075500148,1,4.85012465344306,782,1,6.89200019836426,34.882999420166,0.0317730009555817,0.0144254146143794,120.32430267334,-88.3605,26.0317,11.9215993981301,63,63,63,63,61,63,0,8045,1.29563008188212,26,-88,0.001869,51,2026-09-02 11:18:38.001206,782,1.037,0.0011,"aoml_navis",1030.9013390925
"7901009",121,0,1,0.028035,1,0.005607,1,124.897005495704,1,4.85007634355995,784,1,6.88399982452393,34.882999420166,0.0280349999666214,0.0115403309464455,120.436401367188,-88.3605,26.0317,11.9215993981301,63,63,63,63,61,63,0,8045,1.29563008188212,26,-88,0.001869,51,2026-09-02 11:18:38.001206,784,1.037,0.0011,"aoml_navis",1030.91160753359
"7901009",121,0,1,0.033642,1,0.011214,1,124.975713718432,1,4.85003026003926,786,1,6.87400007247925,34.8819999694824,0.0336420014500618,0.0158679541200399,120.512298583984,-88.3605,26.0317,11.9215993981301,63,63,63,63,61,63,0,8045,1.29563008188212,26,-88,0.001869,51,2026-09-02 11:18:38.001206,786,1.037,0.0011,"aoml_navis",1030.92140294389
"7901009",121,0,1,0.026166,1,0.003738,1,125.030575280193,1,4.84998632552006,788,1,6.87200021743774,34.8819999694824,0.0261659994721413,0.0100977895781398,120.565200805664,-88.3605,26.0317,11.9215993981301,63,63,63,63,61,63,0,8045,1.29563008188212,26,-88,0.001869,51,2026-09-02 11:18:38.001206,788,1.037,0.0011,"aoml_navis",1030.93074174057
"7901009",121,0,1,0.028035,1,0.005607,1,125.036382662127,1,4.84994166425557,790,1,6.86899995803833,34.8819999694824,0.0280349999666214,0.0115403309464455,120.57080078125,-88.3605,26.0317,11.9215993981301,63,63,63,63,61,63,0,8045,1.29563008188212,26,-88,0.001869,51,2026-09-02 11:18:38.001206,790,1.037,0.0011,"aoml_navis",1030.94023518888
"7901009",121,0,1,0.029904,1,0.007476,1,125.060126467556,1,4.84989773359903,792,1,6.86700010299683,34.8819999694824,0.0299040004611015,0.0129828732460737,120.593696594238,-88.3605,26.0317,11.9215993981301,63,63,63,63,61,63,0,8045,1.29563008188212,26,-88,0.001869,51,2026-09-02 11:18:38.001206,792,1.037,0.0011,"aoml_navis",1030.94957350566
"7901009",121,0,1,0.031773,1,0.009345,1,125.12028113356,1,4.84985307606677,794,1,6.86399984359741,34.8819999694824,0.0317730009555817,0.0144254146143794,120.651702880859,-88.3605,26.0317,11.9215993981301,63,63,63,63,61,63,0,8045,1.29563008188212,26,-88,0.001869,51,2026-09-02 11:18:38.001206,794,1.037,0.0011,"aoml_navis",1030.95906650743
"7901009",121,0,1,0.028035,1,0.005607,1,125.186132413995,1,4.84980914927211,796,1,6.86199998855591,34.8819999694824,0.0280349999666214,0.0115403309464455,120.715202331543,-88.3605,26.0317,11.9215993981301,63,63,63,63,61,63,0,8045,1.29563008188212,26,-88,0.001869,51,2026-09-02 11:18:38.001206,796,1.037,0.0011,"aoml_navis",1030.96840434441
"7901009",121,0,1,0.029904,1,0.007476,1,125.231966424275,1,4.84976376688613,798,1,6.85799980163574,34.8819999694824,0.0299040004611015,0.0129828732460737,120.759399414062,-88.3605,26.0317,11.9215993981301,63,63,63,63,61,63,0,8045,1.29563008188212,26,-88,0.001869,51,2026-09-02 11:18:38.001206,798,1.037,0.0011,"aoml_navis",1030.97805178464
"7901009",121,0,1,0.028035,1,0.005607,1,125.332456285239,1,4.84971838666069,800,1,6.85400009155273,34.8819999694824,0.0280349999666214,0.0115403309464455,120.856300354004,-88.3605,26.0317,11.9215993981301,63,63,63,63,61,63,0,8045,1.29563008188212,26,-88,0.001869,51,2026-09-02 11:18:38.001206,800,1.037,0.0011,"aoml_navis",1030.98769894612
"7901009",121,0,1,0.029904,1,0.007476,1,125.411583842085,1,4.84967373646879,802,1,6.85099983215332,34.8819999694824,0.0299040004611015,0.0129828732460737,120.932601928711,-88.3605,26.0317,11.9215993981301,63,63,63,63,61,63,0,8045,1.29563008188212,26,-88,0.001869,51,2026-09-02 11:18:38.001206,802,1.037,0.0011,"aoml_navis",1030.99719108953
"7901009",121,0,1,0.028035,1,0.005607,1,125.528562237042,1,4.849634224797,804,1,6.84999990463257,34.8810005187988,0.0280349999666214,0.0115403309464455,121.045402526855,-88.3605,26.0317,11.9215993981301,63,63,63,63,61,63,0,8045,1.29563008188212,26,-88,0.001869,51,2026-09-02 11:18:38.001206,804,1.037,0.0011,"aoml_navis",1031.00559098543
"7901009",121,0,1,0.033642,1,0.011214,1,125.777140337331,1,4.84959030740804,806,1,6.84800004959106,34.8810005187988,0.0336420014500618,0.0158679541200399,121.285102844238,-88.3605,26.0317,11.9215993981301,63,63,63,63,61,63,0,8045,1.29563008188212,26,-88,0.001869,51,2026-09-02 11:18:38.001206,806,1.037,0.0011,"aoml_navis",1031.01492766558
"7901009",121,0,1,0.026166,1,0.003738,1,126.184487829004,1,4.84954211809364,808.099975585938,1,6.83799982070923,34.8800010681152,0.0261659994721413,0.0100977895781398,121.67790222168,-88.3605,26.0317,11.9215993981301,63,63,63,63,61,63,0,8045,1.29563008188212,26,-88,0.001869,51,2026-09-02 11:18:38.001206,808.099975585938,1.037,0.0011,"aoml_navis",1031.02517273641
"7901009",121,0,1,0.029904,1,0.007476,1,126.618696440114,1,4.84947273131128,810.099975585938,1,6.80100011825562,34.8800010681152,0.0299040004611015,0.0129828732460737,122.096603393555,-88.3605,26.0317,11.9215993981301,63,63,63,63,61,63,0,8045,1.29563008188212,26,-88,0.001869,51,2026-09-02 11:18:38.001206,810.099975585938,1.037,0.0011,"aoml_navis",1031.03992475652
"7901009",121,0,1,0.031773,1,0.009345,1,126.826828577939,1,4.84941718333683,812,1,6.77500009536743,34.8790016174316,0.0317730009555817,0.0144254146143794,122.297302246094,-88.3605,26.0317,11.9215993981301,63,63,63,63,61,63,0,8045,1.29563008188212,26,-88,0.001869,51,2026-09-02 11:18:38.001206,812,1.037,0.0011,"aoml_navis",1031.05173487251
"7901009",121,0,1,0.028035,1,0.005607,1,127.067937783751,1,4.84936093396524,814,1,6.75600004196167,34.8790016174316,0.0280349999666214,0.0115403309464455,122.529800415039,-88.3605,26.0317,11.9215993981301,63,63,63,63,61,63,0,8045,1.29563008188212,26,-88,0.001869,51,2026-09-02 11:18:38.001206,814,1.037,0.0011,"aoml_navis",1031.06369438902
"7901009",121,0,1,0.028035,1,0.005607,1,127.204102692592,1,4.84931636172534,816,1,6.7480001449585,34.8779983520508,0.0280349999666214,0.0115403309464455,122.661102294922,-88.3605,26.0317,11.9215993981301,63,63,63,63,61,63,0,8045,1.29563008188212,26,-88,0.001869,51,2026-09-02 11:18:38.001206,816,1.037,0.0011,"aoml_navis",1031.07317135751
"7901009",121,0,1,0.031773,1,0.009345,1,127.45278364842,1,4.84926664938457,818,1,6.73799991607666,34.8779983520508,0.0317730009555817,0.0144254146143794,122.900901794434,-88.3605,26.0317,11.9215993981301,63,63,63,63,61,63,0,8045,1.29563008188212,26,-88,0.001869,51,2026-09-02 11:18:38.001206,818,1.037,0.0011,"aoml_navis",1031.08374142192
"7901009",121,0,1,0.029904,1,0.007476,1,127.683836747367,1,4.84921259633787,820,1,6.72200012207031,34.8779983520508,0.0299040004611015,0.0129828732460737,123.12370300293,-88.3605,26.0317,11.9215993981301,63,63,63,63,61,63,0,8045,1.29563008188212,26,-88,0.001869,51,2026-09-02 11:18:38.001206,820,1.037,0.0011,"aoml_navis",1031.09523467295
"7901009",121,0,1,0.029904,1,0.007476,1,127.88574216914,1,4.84916512520565,822,1,6.71000003814697,34.8769989013672,0.0299040004611015,0.0129828732460737,123.318397521973,-88.3605,26.0317,11.9215993981301,63,63,63,63,61,63,0,8045,1.29563008188212,26,-88,0.001869,51,2026-09-02 11:18:38.001206,822,1.037,0.0011,"aoml_navis",1031.1053286287
"7901009",121,0,1,0.031773,1,0.009345,1,128.132872379928,1,4.84911397995548,824,1,6.69799995422363,34.8769989013672,0.0317730009555817,0.0144254146143794,123.556701660156,-88.3605,26.0317,11.9215993981301,63,63,63,63,61,63,0,8045,1.29563008188212,26,-88,0.001869,51,2026-09-02 11:18:38.001206,824,1.037,0.0011,"aoml_navis",1031.1162040464
"7901009",121,0,1,0.026166,1,0.003738,1,128.356662295475,1,4.84906868758478,826,1,6.68900012969971,34.8759994506836,0.0261659994721413,0.0100977895781398,123.772499084473,-88.3605,26.0317,11.9215993981301,63,63,63,63,61,63,0,8045,1.29563008188212,26,-88,0.001869,51,2026-09-02 11:18:38.001206,826,1.037,0.0011,"aoml_navis",1031.12583511173
"7901009",121,0,1,0.029904,1,0.007476,1,128.640812588103,1,4.84901971880787,828,1,6.67999982833862,34.8759994506836,0.0299040004611015,0.0129828732460737,124.046501159668,-88.3605,26.0317,11.9215993981301,63,63,63,63,61,63,0,8045,1.29563008188212,26,-88,0.001869,51,2026-09-02 11:18:38.001206,828,1.037,0.0011,"aoml_navis",1031.13624813826
"7901009",121,0,1,0.031773,1,0.009345,1,129.004185381151,1,4.84897515488387,830,1,6.67199993133545,34.875,0.0317730009555817,0.0144254146143794,124.396896362305,-88.3605,26.0317,11.9215993981301,63,63,63,63,61,63,0,8045,1.29563008188212,26,-88,0.001869,51,2026-09-02 11:18:38.001206,830,1.037,0.0011,"aoml_navis",1031.14572467216
"7901009",121,0,1,0.028035,1,0.005607,1,129.465460822774,1,4.84892330394214,832,1,6.65899991989136,34.875,0.0280349999666214,0.0115403309464455,124.841697692871,-88.3605,26.0317,11.9215993981301,63,63,63,63,61,63,0,8045,1.29563008188212,26,-88,0.001869,51,2026-09-02 11:18:38.001206,832,1.037,0.0011,"aoml_navis",1031.15675101214
"7901009",121,0,1,0.033642,1,0.011214,1,130.007422478249,1,4.84887513795923,834,1,6.64599990844727,34.8740005493164,0.0336420014500618,0.0158679541200399,125.364303588867,-88.3605,26.0317,11.9215993981301,63,63,63,63,61,63,0,8045,1.29563008188212,26,-88,0.001869,51,2026-09-02 11:18:38.001206,834,1.037,0.0011,"aoml_navis",1031.16699394004
"7901009",121,0,1,0.029904,1,0.007476,1,130.730955806762,1,4.84881609082522,836,1,6.6230001449585,34.8740005493164,0.0299040004611015,0.0129828732460737,126.061996459961,-88.3605,26.0317,11.9215993981301,63,63,63,63,61,63,0,8045,1.29563008188212,26,-88,0.001869,51,2026-09-02 11:18:38.001206,836,1.037,0.0011,"aoml_navis",1031.17955111988
"7901009",121,0,1,0.024297,1,0.001869,1,131.519311860326,1,4.84876082412339,838,1,6.59499979019165,34.8720016479492,0.0242970008403063,0.0086552482098341,126.822196960449,-88.3605,26.0317,11.9215993981301,63,63,63,63,61,63,0,8045,1.29563008188212,26,-88,0.001869,51,2026-09-02 11:18:38.001206,838,1.037,0.0011,"aoml_navis",1031.19130461626
"7901009",121,0,1,0.029904,1,0.007476,1,132.402769727038,1,4.84870695181949,840,1,6.57399988174438,34.8709983825684,0.0299040004611015,0.0129828732460737,127.674102783203,-88.3605,26.0317,11.9215993981301,63,63,63,63,61,63,0,8045,1.29563008188212,26,-88,0.001869,51,2026-09-02 11:18:38.001206,840,1.037,0.0011,"aoml_navis",1031.20276182576
"7901009",121,0,1,0.029904,1,0.007476,1,133.36420000378,1,4.8486574789759,842,1,6.55399990081787,34.8689994812012,0.0299040004611015,0.0129828732460737,128.601196289062,-88.3605,26.0317,11.9215993981301,63,63,63,63,61,63,0,8045,1.29563008188212,26,-88,0.001869,51,2026-09-02 11:18:38.001206,842,1.037,0.0011,"aoml_navis",1031.21328361105
"7901009",121,0,1,0.029904,1,0.007476,1,134.459833022171,1,4.84861456859841,844,1,6.53800010681152,34.8660011291504,0.0299040004611015,0.0129828732460737,129.657699584961,-88.3605,26.0317,11.9215993981301,63,63,63,63,61,63,0,8045,1.29563008188212,26,-88,0.001869,51,2026-09-02 11:18:38.001206,844,1.037,0.0011,"aoml_navis",1031.22240987808
"7901009",121,0,1,0.026166,1,0.003738,1,135.758312986109,1,4.84854796035485,846,1,6.49399995803833,34.8639984130859,0.0261659994721413,0.0100977895781398,130.909805297852,-88.3605,26.0317,11.9215993981301,63,63,63,63,61,63,0,8045,1.29563008188212,26,-88,0.001869,51,2026-09-02 11:18:38.001206,846,1.037,0.0011,"aoml_navis",1031.23657657582
"7901009",121,0,1,0.026166,1,0.003738,1,137.02027132197,1,4.84848165285601,848,1,6.44000005722046,34.8600006103516,0.0261659994721413,0.0100977895781398,132.126693725586,-88.3605,26.0317,11.9215993981301,63,63,63,63,61,63,0,8045,1.29563008188212,26,-88,0.001869,51,2026-09-02 11:18:38.001206,848,1.037,0.0011,"aoml_navis",1031.25067969572
"7901009",121,0,1,0.028035,1,0.005607,1,138.013238689163,1,4.84842588002839,850,1,6.41099977493286,34.8580017089844,0.0280349999666214,0.0115403309464455,133.084197998047,-88.3605,26.0317,11.9215993981301,63,63,63,63,61,63,0,8045,1.29563008188212,26,-88,0.001869,51,2026-09-02 11:18:38.001206,850,1.037,0.0011,"aoml_navis",1031.26254246682
"7901009",121,0,1,0.029904,1,0.007476,1,139.183022638736,1,4.84837867930569,852,1,6.39400005340576,34.8559989929199,0.0299040004611015,0.0129828732460737,134.212203979492,-88.3605,26.0317,11.9215993981301,63,63,63,63,61,63,0,8045,1.29563008188212,26,-88,0.001869,51,2026-09-02 11:18:38.001206,852,1.037,0.0011,"aoml_navis",1031.27258218123
"7901009",121,0,1,0.026166,1,0.003738,1,140.783992828986,1,4.84830736451533,854,1,6.34299993515015,34.8540000915527,0.0261659994721413,0.0100977895781398,135.755996704102,-88.3605,26.0317,11.9215993981301,63,63,63,63,61,63,0,8045,1.29563008188212,26,-88,0.001869,51,2026-09-02 11:18:38.001206,854,1.037,0.0011,"aoml_navis",1031.28775139029
"7901009",121,0,1,0.033642,1,0.011214,1,141.865415959156,1,4.84820780409321,856,1,6.25699996948242,34.8530006408691,0.0336420014500618,0.0158679541200399,136.798797607422,-88.3605,26.0317,11.9215993981301,63,63,63,63,61,63,0,8045,1.29563008188212,26,-88,0.001869,51,2026-09-02 11:18:38.001206,856,1.037,0.0011,"aoml_navis",1031.30892941071
"7901009",121,0,1,0.031773,1,0.009345,1,142.38040572769,1,4.84814067029672,858,1,6.22200012207031,34.8530006408691,0.0317730009555817,0.0144254146143794,137.295394897461,-88.3605,26.0317,11.9215993981301,63,63,63,63,61,63,0,8045,1.29563008188212,26,-88,0.001869,51,2026-09-02 11:18:38.001206,858,1.037,0.0011,"aoml_navis",1031.32321028424
"7901009",121,0,1,0.028035,1,0.005607,1,142.702723337008,1,4.8480706053809,860,1,6.18800020217896,34.8540000915527,0.0280349999666214,0.0115403309464455,137.606201171875,-88.3605,26.0317,11.9215993981301,63,63,63,63,61,63,0,8045,1.29563008188212,26,-88,0.001869,51,2026-09-02 11:18:38.001206,860,1.037,0.0011,"aoml_navis",1031.33811509479
"7901009",121,0,1,0.031773,1,0.009345,1,142.732583090987,1,4.84801336884178,862,1,6.16699981689453,34.8540000915527,0.0317730009555817,0.0144254146143794,137.634994506836,-88.3605,26.0317,11.9215993981301,63,63,63,63,61,63,0,8045,1.29563008188212,26,-88,0.001869,51,2026-09-02 11:18:38.001206,862,1.037,0.0011,"aoml_navis",1031.35029126261
"7901009",121,0,1,0.031773,1,0.009345,1,142.577033869149,1,4.84794388934343,864,1,6.13899993896484,34.8559989929199,0.0317730009555817,0.0144254146143794,137.485000610352,-88.3605,26.0317,11.9215993981301,63,63,63,63,61,63,0,8045,1.29563008188212,26,-88,0.001869,51,2026-09-02 11:18:38.001206,864,1.037,0.0011,"aoml_navis",1031.36507231258
"7901009",121,0,1,0.028035,1,0.005607,1,142.11793421776,1,4.84787163417446,866,1,6.10699987411499,34.8580017089844,0.0280349999666214,0.0115403309464455,137.042297363281,-88.3605,26.0317,11.9215993981301,63,63,63,63,61,63,0,8045,1.29563008188212,26,-88,0.001869,51,2026-09-02 11:18:38.001206,866,1.037,0.0011,"aoml_navis",1031.38044430738
"7901009",121,0,1,0.029904,1,0.007476,1,141.534078710321,1,4.84781806157066,868,1,6.10699987411499,34.8610000610352,0.0299040004611015,0.0129828732460737,136.479293823242,-88.3605,26.0317,11.9215993981301,63,63,63,63,61,63,0,8045,1.29563008188212,26,-88,0.001869,51,2026-09-02 11:18:38.001206,868,1.037,0.0011,"aoml_navis",1031.39184195787
"7901009",121,0,1,0.029904,1,0.007476,1,141.148623624387,1,4.84776239801597,870,1,6.10400009155273,34.8639984130859,0.0299040004611015,0.0129828732460737,136.107604980469,-88.3605,26.0317,11.9215993981301,63,63,63,63,61,63,0,8045,1.29563008188212,26,-88,0.001869,51,2026-09-02 11:18:38.001206,870,1.037,0.0011,"aoml_navis",1031.4036847281
"7901009",121,0,1,0.035511,1,0.013083,1,141.229404781811,1,4.84770551878338,872,1,6.0939998626709,34.8660011291504,0.0355109982192516,0.0173104964196682,136.185501098633,-88.3605,26.0317,11.9215993981301,63,63,63,63,61,63,0,8045,1.29563008188212,26,-88,0.001869,51,2026-09-02 11:18:38.001206,872,1.037,0.0011,"aoml_navis",1031.41578642237
"7901009",121,0,1,0.029904,1,0.007476,1,141.297843274633,1,4.84765164234267,874,1,6.08300018310547,34.867000579834,0.0299040004611015,0.0129828732460737,136.251495361328,-88.3605,26.0317,11.9215993981301,63,63,63,63,61,63,0,8045,1.29563008188212,26,-88,0.001869,51,2026-09-02 11:18:38.001206,874,1.037,0.0011,"aoml_navis",1031.4272495009
"7901009",121,0,1,0.029904,1,0.007476,1,141.454436875783,1,4.84760493817963,876,1,6.0770001411438,34.867000579834,0.0299040004611015,0.0129828732460737,136.402496337891,-88.3605,26.0317,11.9215993981301,63,63,63,63,61,63,0,8045,1.29563008188212,26,-88,0.001869,51,2026-09-02 11:18:38.001206,876,1.037,0.0011,"aoml_navis",1031.43718676828
"7901009",121,0,1,0.031773,1,0.009345,1,141.607296029694,1,4.84756172296177,878,1,6.07600021362305,34.867000579834,0.0317730009555817,0.0144254146143794,136.549896240234,-88.3605,26.0317,11.9215993981301,63,63,63,63,61,63,0,8045,1.29563008188212,26,-88,0.001869,51,2026-09-02 11:18:38.001206,878,1.037,0.0011,"aoml_navis",1031.44638186166
"7901009",121,0,1,0.026166,1,0.003738,1,141.900054539685,1,4.84751083878608,880,1,6.06400012969971,34.867000579834,0.0261659994721413,0.0100977895781398,136.83219909668,-88.3605,26.0317,11.9215993981301,63,63,63,63,61,63,0,8045,1.29563008188212,26,-88,0.001869,51,2026-09-02 11:18:38.001206,880,1.037,0.0011,"aoml_navis",1031.45720892336
"7901009",121,0,1,0.028035,1,0.005607,1,142.350545973711,1,4.84745995964709,882,1,6.05200004577637,34.867000579834,0.0280349999666214,0.0115403309464455,137.2666015625,-88.3605,26.0317,11.9215993981301,63,63,63,63,61,63,0,8045,1.29563008188212,26,-88,0.001869,51,2026-09-02 11:18:38.001206,882,1.037,0.0011,"aoml_navis",1031.46803514062
"7901009",121,0,1,0.028035,1,0.005607,1,143.244787848021,1,4.84740769316227,884,1,6.03800010681152,34.867000579834,0.0280349999666214,0.0115403309464455,138.12890625,-88.3605,26.0317,11.9215993981301,63,63,63,63,61,63,0,8045,1.29563008188212,26,-88,0.001869,51,2026-09-02 11:18:38.001206,884,1.037,0.0011,"aoml_navis",1031.47915679817
"7901009",121,0,1,0.031773,1,0.009345,1,144.470240379733,1,4.84732882059909,886,1,5.99100017547607,34.8680000305176,0.0317730009555817,0.0144254146143794,139.310592651367,-88.3605,26.0317,11.9215993981301,63,63,63,63,61,63,0,8045,1.29563008188212,26,-88,0.001869,51,2026-09-02 11:18:38.001206,886,1.037,0.0011,"aoml_navis",1031.49594035216
"7901009",121,0,1,0.028035,1,0.005607,1,144.994566266363,1,4.84725649188597,888,1,5.94799995422363,34.8680000305176,0.0280349999666214,0.0115403309464455,139.816192626953,-88.3605,26.0317,11.9215993981301,63,63,63,63,61,63,0,8045,1.29563008188212,26,-88,0.001869,51,2026-09-02 11:18:38.001206,888,1.037,0.0011,"aoml_navis",1031.51133189872
"7901009",121,0,1,0.031773,1,0.009345,1,145.192855920365,1,4.84720012820906,890,1,5.92799997329712,34.8680000305176,0.0317730009555817,0.0144254146143794,140.007400512695,-88.3605,26.0317,11.9215993981301,63,63,63,63,61,63,0,8045,1.29563008188212,26,-88,0.001869,51,2026-09-02 11:18:38.001206,890,1.037,0.0011,"aoml_navis",1031.5233264048
"7901009",121,0,1,0.029904,1,0.007476,1,145.332549565368,1,4.84715345121082,892,1,5.92199993133545,34.8680000305176,0.0299040004611015,0.0129828732460737,140.142105102539,-88.3605,26.0317,11.9215993981301,63,63,63,63,61,63,0,8045,1.29563008188212,26,-88,0.001869,51,2026-09-02 11:18:38.001206,892,1.037,0.0011,"aoml_navis",1031.53325974258
"7901009",121,0,1,0.029904,1,0.007476,1,145.592315183443,1,4.84710672411296,894.099975585938,1,5.91900014877319,34.8680000305176,0.0299040004611015,0.0129828732460737,140.392593383789,-88.3605,26.0317,11.9215993981301,63,63,63,63,61,63,0,8045,1.29563008188212,26,-88,0.001869,51,2026-09-02 11:18:38.001206,894.099975585938,1.037,0.0011,"aoml_navis",1031.54320393369
"7901009",121,0,1,0.028035,1,0.005607,1,146.273139727649,1,4.84706010319053,896,1,5.90999984741211,34.8680000305176,0.0280349999666214,0.0115403309464455,141.049102783203,-88.3605,26.0317,11.9215993981301,63,63,63,63,61,63,0,8045,1.29563008188212,26,-88,0.001869,51,2026-09-02 11:18:38.001206,896,1.037,0.0011,"aoml_navis",1031.55312572023
"7901009",121,0,1,0.028035,1,0.005607,1,147.172666794237,1,4.84700031435553,898,1,5.88500022888184,34.8680000305176,0.0280349999666214,0.0115403309464455,141.91650390625,-88.3605,26.0317,11.9215993981301,63,63,63,63,61,63,0,8045,1.29563008188212,26,-88,0.001869,51,2026-09-02 11:18:38.001206,898,1.037,0.0011,"aoml_navis",1031.56585015918
"7901009",121,0,1,0.029904,1,0.007476,1,147.703622907108,1,4.84694675112323,900,1,5.86899995803833,34.8680000305176,0.0299040004611015,0.0129828732460737,142.428497314453,-88.3605,26.0317,11.9215993981301,63,63,63,63,61,63,0,8045,1.29563008188212,26,-88,0.001869,51,2026-09-02 11:18:38.001206,900,1.037,0.0011,"aoml_navis",1031.57724991332
"7901009",121,0,1,0.028035,1,0.005607,1,148.16468472569,1,4.84687299868788,902,1,5.8289999961853,34.8689994812012,0.0280349999666214,0.0115403309464455,142.873092651367,-88.3605,26.0317,11.9215993981301,63,63,63,63,61,63,0,8045,1.29563008188212,26,-88,0.001869,51,2026-09-02 11:18:38.001206,902,1.037,0.0011,"aoml_navis",1031.59294690692
"7901009",121,0,1,0.033642,1,0.011214,1,148.376867789334,1,4.84681784642947,904,1,5.81599998474121,34.8699989318848,0.0336420014500618,0.0158679541200399,143.077697753906,-88.3605,26.0317,11.9215993981301,63,63,63,63,61,63,0,8045,1.29563008188212,26,-88,0.001869,51,2026-09-02 11:18:38.001206,904,1.037,0.0011,"aoml_navis",1031.60468547077
"7901009",121,0,1,0.029904,1,0.007476,1,148.64960902917,1,4.84677119074057,906,1,5.80999994277954,34.8699989318848,0.0299040004611015,0.0129828732460737,143.340698242188,-88.3605,26.0317,11.9215993981301,63,63,63,63,61,63,0,8045,1.29563008188212,26,-88,0.001869,51,2026-09-02 11:18:38.001206,906,1.037,0.0011,"aoml_navis",1031.61461583996
"7901009",121,0,1,0.028035,1,0.005607,1,149.076253802229,1,4.84672890658417,908,1,5.80499982833862,34.8689994812012,0.0280349999666214,0.0115403309464455,143.752105712891,-88.3605,26.0317,11.9215993981301,63,63,63,63,61,63,0,8045,1.29563008188212,26,-88,0.001869,51,2026-09-02 11:18:38.001206,908,1.037,0.0011,"aoml_navis",1031.62361592117
"7901009",121,0,1,0.028035,1,0.005607,1,149.914178313311,1,4.84668088118828,910,1,5.79699993133545,34.8689994812012,0.0280349999666214,0.0115403309464455,144.560104370117,-88.3605,26.0317,11.9215993981301,63,63,63,63,61,63,0,8045,1.29563008188212,26,-88,0.001869,51,2026-09-02 11:18:38.001206,910,1.037,0.0011,"aoml_navis",1031.63383820189
"7901009",121,0,1,0.028035,1,0.005607,1,150.90983574843,1,4.84662624857038,912,1,5.77400016784668,34.8680000305176,0.0280349999666214,0.0115403309464455,145.520202636719,-88.3605,26.0317,11.9215993981301,63,63,63,63,61,63,0,8045,1.29563008188212,26,-88,0.001869,51,2026-09-02 11:18:38.001206,912,1.037,0.0011,"aoml_navis",1031.64546708648
"7901009",121,0,1,0.026166,1,0.003738,1,151.592416748752,1,4.84656932260119,914,1,5.75299978256226,34.8680000305176,0.0261659994721413,0.0100977895781398,146.178405761719,-88.3605,26.0317,11.9215993981301,63,63,63,63,61,63,0,8045,1.29563008188212,26,-88,0.001869,51,2026-09-02 11:18:38.001206,914,1.037,0.0011,"aoml_navis",1031.65758440374
"7901009",121,0,1,0.029904,1,0.007476,1,152.003285064622,1,4.8465178874863,916,1,5.73999977111816,34.8680000305176,0.0299040004611015,0.0129828732460737,146.574600219727,-88.3605,26.0317,11.9215993981301,63,63,63,63,61,63,0,8045,1.29563008188212,26,-88,0.001869,51,2026-09-02 11:18:38.001206,916,1.037,0.0011,"aoml_navis",1031.66853317719
"7901009",121,0,1,0.029904,1,0.007476,1,152.290758382335,1,4.84646919490459,918,1,5.73099994659424,34.8680000305176,0.0299040004611015,0.0129828732460737,146.851806640625,-88.3605,26.0317,11.9215993981301,63,63,63,63,61,63,0,8045,1.29563008188212,26,-88,0.001869,51,2026-09-02 11:18:38.001206,918,1.037,0.0011,"aoml_navis",1031.67889837344
"7901009",121,0,1,0.031773,1,0.009345,1,152.505109324248,1,4.84642050537052,920,1,5.72200012207031,34.8680000305176,0.0317730009555817,0.0144254146143794,147.058502197266,-88.3605,26.0317,11.9215993981301,63,63,63,63,61,63,0,8045,1.29563008188212,26,-88,0.001869,51,2026-09-02 11:18:38.001206,920,1.037,0.0011,"aoml_navis",1031.68926312921
"7901009",121,0,1,0.031773,1,0.009345,1,152.76352990836,1,4.84635256928542,922,1,5.70100021362305,34.8709983825684,0.0317730009555817,0.0144254146143794,147.307693481445,-88.3605,26.0317,11.9215993981301,63,63,63,63,61,63,0,8045,1.29563008188212,26,-88,0.001869,51,2026-09-02 11:18:38.001206,922,1.037,0.0011,"aoml_navis",1031.70372533116
"7901009",121,0,1,0.029904,1,0.007476,1,152.862777590899,1,4.84630087475698,924,1,5.69299983978271,34.8720016479492,0.0299040004611015,0.0129828732460737,147.403396606445,-88.3605,26.0317,11.9215993981301,63,63,63,63,61,63,0,8045,1.29563008188212,26,-88,0.001869,51,2026-09-02 11:18:38.001206,924,1.037,0.0011,"aoml_navis",1031.71473030979
"7901009",121,0,1,0.031773,1,0.009345,1,152.95922443801,1,4.84625561157763,926,1,5.68900012969971,34.8720016479492,0.0317730009555817,0.0144254146143794,147.496398925781,-88.3605,26.0317,11.9215993981301,63,63,63,63,61,63,0,8045,1.29563008188212,26,-88,0.001869,51,2026-09-02 11:18:38.001206,926,1.037,0.0011,"aoml_navis",1031.72436634483
"7901009",121,0,1,0.029904,1,0.007476,1,153.047680200987,1,4.84621034983945,928,1,5.68499994277954,34.8720016479492,0.0299040004611015,0.0129828732460737,147.581695556641,-88.3605,26.0317,11.9215993981301,63,63,63,63,61,63,0,8045,1.29563008188212,26,-88,0.001869,51,2026-09-02 11:18:38.001206,928,1.037,0.0011,"aoml_navis",1031.73400225305
"7901009",121,0,1,0.029904,1,0.007476,1,153.10607049891,1,4.84616235862765,930,1,5.67700004577637,34.8720016479492,0.0299040004611015,0.0129828732460737,147.638000488281,-88.3605,26.0317,11.9215993981301,63,63,63,63,61,63,0,8045,1.29563008188212,26,-88,0.001869,51,2026-09-02 11:18:38.001206,930,1.037,0.0011,"aoml_navis",1031.74421944376
"7901009",121,0,1,0.031773,1,0.009345,1,153.212359829844,1,4.84611000505797,932,1,5.66800022125244,34.8730010986328,0.0317730009555817,0.0144254146143794,147.740493774414,-88.3605,26.0317,11.9215993981301,63,63,63,63,61,63,0,8045,1.29563008188212,26,-88,0.001869,51,2026-09-02 11:18:38.001206,932,1.037,0.0011,"aoml_navis",1031.75536559868
"7901009",121,0,1,0.031773,1,0.009345,1,153.202612289594,1,4.84606201894719,934,1,5.65999984741211,34.8730010986328,0.0317730009555817,0.0144254146143794,147.731094360352,-88.3605,26.0317,11.9215993981301,63,63,63,63,61,63,0,8045,1.29563008188212,26,-88,0.001869,51,2026-09-02 11:18:38.001206,934,1.037,0.0011,"aoml_navis",1031.76558212647
"7901009",121,0,1,0.029904,1,0.007476,1,153.349980540151,1,4.84601103548791,936,1,5.65299987792969,34.8740005493164,0.0299040004611015,0.0129828732460737,147.873199462891,-88.3605,26.0317,11.9215993981301,63,63,63,63,61,63,0,8045,1.29563008188212,26,-88,0.001869,51,2026-09-02 11:18:38.001206,936,1.037,0.0011,"aoml_navis",1031.77643702922
"7901009",121,0,1,0.026166,1,0.003738,1,153.571072475808,1,4.84595255528435,938,1,5.63500022888184,34.875,0.0261659994721413,0.0100977895781398,148.086395263672,-88.3605,26.0317,11.9215993981301,63,63,63,63,61,63,0,8045,1.29563008188212,26,-88,0.001869,51,2026-09-02 11:18:38.001206,938,1.037,0.0011,"aoml_navis",1031.78888834718
"7901009",121,0,1,0.029904,1,0.007476,1,153.759408878484,1,4.84590117332528,940,1,5.62200021743774,34.875,0.0299040004611015,0.0129828732460737,148.268005371094,-88.3605,26.0317,11.9215993981301,63,63,63,63,61,63,0,8045,1.29563008188212,26,-88,0.001869,51,2026-09-02 11:18:38.001206,940,1.037,0.0011,"aoml_navis",1031.79982858977
"7901009",121,0,1,0.029904,1,0.007476,1,153.918281125406,1,4.84585388128822,942,1,5.61499977111816,34.875,0.0299040004611015,0.0129828732460737,148.421203613281,-88.3605,26.0317,11.9215993981301,63,63,63,63,61,63,0,8045,1.29563008188212,26,-88,0.001869,51,2026-09-02 11:18:38.001206,942,1.037,0.0011,"aoml_navis",1031.80989821154
"7901009",121,0,1,0.029904,1,0.007476,1,154.032245061894,1,4.84579746531779,944,1,5.59999990463257,34.8759994506836,0.0299040004611015,0.0129828732460737,148.531097412109,-88.3605,26.0317,11.9215993981301,63,63,63,63,61,63,0,8045,1.29563008188212,26,-88,0.001869,51,2026-09-02 11:18:38.001206,944,1.037,0.0011,"aoml_navis",1031.82191079711
"7901009",121,0,1,0.028035,1,0.005607,1,154.202320650531,1,4.84573833826466,946,1,5.58099985122681,34.8769989013672,0.0280349999666214,0.0115403309464455,148.695098876953,-88.3605,26.0317,11.9215993981301,63,63,63,63,61,63,0,8045,1.29563008188212,26,-88,0.001869,51,2026-09-02 11:18:38.001206,946,1.037,0.0011,"aoml_navis",1031.8345009505
"7901009",121,0,1,0.028035,1,0.005607,1,154.275126547751,1,4.84569173581497,948,1,5.57499980926514,34.8769989013672,0.0280349999666214,0.0115403309464455,148.76530456543,-88.3605,26.0317,11.9215993981301,63,63,63,63,61,63,0,8045,1.29563008188212,26,-88,0.001869,51,2026-09-02 11:18:38.001206,948,1.037,0.0011,"aoml_navis",1031.84442440788
"7901009",121,0,1,0.028035,1,0.005607,1,154.302296233803,1,4.8456485329856,950,1,5.57399988174438,34.8769989013672,0.0280349999666214,0.0115403309464455,148.79150390625,-88.3605,26.0317,11.9215993981301,63,63,63,63,61,63,0,8045,1.29563008188212,26,-88,0.001869,51,2026-09-02 11:18:38.001206,950,1.037,0.0011,"aoml_navis",1031.85362412558
"7901009",121,0,1,0.028035,1,0.005607,1,154.447069360008,1,4.84560397297822,952,1,5.57100009918213,34.8769989013672,0.0280349999666214,0.0115403309464455,148.931106567383,-88.3605,26.0317,11.9215993981301,63,63,63,63,61,63,0,8045,1.29563008188212,26,-88,0.001869,51,2026-09-02 11:18:38.001206,952,1.037,0.0011,"aoml_navis",1031.863113016
"7901009",121,0,1,0.029904,1,0.007476,1,154.505238122924,1,4.84555873479268,954,1,5.56699991226196,34.8769989013672,0.0299040004611015,0.0129828732460737,148.987197875977,-88.3605,26.0317,11.9215993981301,63,63,63,63,61,63,0,8045,1.29563008188212,26,-88,0.001869,51,2026-09-02 11:18:38.001206,954,1.037,0.0011,"aoml_navis",1031.8727465005
"7901009",121,0,1,0.03738,1,0.014952,1,154.617651314372,1,4.84551213920081,956,1,5.56099987030029,34.8769989013672,0.0373799987137318,0.0187530387192965,149.095596313477,-88.3605,26.0317,11.9215993981301,63,63,63,63,61,63,0,8045,1.29563008188212,26,-88,0.001869,51,2026-09-02 11:18:38.001206,956,1.037,0.0011,"aoml_navis",1031.88266923312
"7901009",121,0,1,0.031773,1,0.009345,1,154.734321142714,1,4.84546622535825,958,1,5.55600023269653,34.8769989013672,0.0317730009555817,0.0144254146143794,149.208099365234,-88.3605,26.0317,11.9215993981301,63,63,63,63,61,63,0,8045,1.29563008188212,26,-88,0.001869,51,2026-09-02 11:18:38.001206,958,1.037,0.0011,"aoml_navis",1031.89244697095
"7901009",121,0,1,0.031773,1,0.009345,1,154.8945384236,1,4.84542167196468,960,1,5.55299997329712,34.8769989013672,0.0317730009555817,0.0144254146143794,149.362594604492,-88.3605,26.0317,11.9215993981301,63,63,63,63,61,63,0,8045,1.29563008188212,26,-88,0.001869,51,2026-09-02 11:18:38.001206,960,1.037,0.0011,"aoml_navis",1031.9019351669
"7901009",121,0,1,0.033642,1,0.011214,1,155.175587226148,1,4.84537207963022,962,1,5.5479998588562,34.8779983520508,0.0336420014500618,0.0158679541200399,149.633605957031,-88.3605,26.0317,11.9215993981301,63,63,63,63,61,63,0,8045,1.29563008188212,26,-88,0.001869,51,2026-09-02 11:18:38.001206,962,1.037,0.0011,"aoml_navis",1031.91249667282
"7901009",121,0,1,0.029904,1,0.007476,1,155.395223360339,1,4.8453207366707,964,1,5.53499984741211,34.8779983520508,0.0299040004611015,0.0129828732460737,149.845397949219,-88.3605,26.0317,11.9215993981301,63,63,63,63,61,63,0,8045,1.29563008188212,26,-88,0.001869,51,2026-09-02 11:18:38.001206,964,1.037,0.0011,"aoml_navis",1031.92343123101
"7901009",121,0,1,0.029904,1,0.007476,1,155.692238507224,1,4.84527211461361,966,1,5.52600002288818,34.8779983520508,0.0299040004611015,0.0129828732460737,150.131805419922,-88.3605,26.0317,11.9215993981301,63,63,63,63,61,63,0,8045,1.29563008188212,26,-88,0.001869,51,2026-09-02 11:18:38.001206,966,1.037,0.0011,"aoml_navis",1031.9337865297
"7901009",121,0,1,0.033642,1,0.011214,1,155.924106538514,1,4.84522485274853,968,1,5.51900005340576,34.8779983520508,0.0336420014500618,0.0158679541200399,150.355392456055,-88.3605,26.0317,11.9215993981301,63,63,63,63,61,63,0,8045,1.29563008188212,26,-88,0.001869,51,2026-09-02 11:18:38.001206,968,1.037,0.0011,"aoml_navis",1031.94385234024
"7901009",121,0,1,0.033642,1,0.011214,1,156.180992201516,1,4.84517254063843,970,1,5.51000022888184,34.8790016174316,0.0336420014500618,0.0158679541200399,150.603103637695,-88.3605,26.0317,11.9215993981301,63,63,63,63,61,63,0,8045,1.29563008188212,26,-88,0.001869,51,2026-09-02 11:18:38.001206,970,1.037,0.0011,"aoml_navis",1031.95499397864
"7901009",121,0,1,0.029904,1,0.007476,1,156.40290698148,1,4.84512189267634,972,1,5.4980001449585,34.8790016174316,0.0299040004611015,0.0129828732460737,150.817092895508,-88.3605,26.0317,11.9215993981301,63,63,63,63,61,63,0,8045,1.29563008188212,26,-88,0.001869,51,2026-09-02 11:18:38.001206,972,1.037,0.0011,"aoml_navis",1031.9657814095
"7901009",121,0,1,0.028035,1,0.005607,1,156.595911443204,1,4.84507599436479,974,1,5.49300003051758,34.8790016174316,0.0280349999666214,0.0115403309464455,151.003204345703,-88.3605,26.0317,11.9215993981301,63,63,63,63,61,63,0,8045,1.29563008188212,26,-88,0.001869,51,2026-09-02 11:18:38.001206,974,1.037,0.0011,"aoml_navis",1031.97555741445
"7901009",121,0,1,0.029904,1,0.007476,1,156.837637782246,1,4.84503009786345,976,1,5.48799991607666,34.8790016174316,0.0299040004611015,0.0129828732460737,151.236297607422,-88.3605,26.0317,11.9215993981301,63,63,63,63,61,63,0,8045,1.29563008188212,26,-88,0.001869,51,2026-09-02 11:18:38.001206,976,1.037,0.0011,"aoml_navis",1031.98533321906
"7901009",121,99999,9,99999,9,99999,9,156.988012579308,1,4.84497916628612,978,1,5.48099994659424,34.8800010681152,99999,99999,151.381301879883,-88.3605,26.0317,11.9215993981301,63,63,63,63,61,63,0,8045,1.29563008188212,26,-88,0.001869,51,2026-09-02 11:18:38.001206,978,1.037,0.0011,"aoml_navis",1031.99618169519
"7901009",121,0,1,0.026166,1,0.003738,1,161.002480064882,1,4.84447569575749,998.700012207031,1,5.39790010452271,34.8819999694824,0.0261659994721413,0.0100977895781398,155.252395629883,-88.3605,26.0317,11.9215993981301,63,63,63,63,61,63,0,8045,1.29563008188212,26,-88,0.001869,51,2026-09-02 11:18:38.001206,998.700012207031,1.037,0.0011,"aoml_navis",1032.10343368607
"7901009",121,0,1,0.026166,1,0.003738,1,169.335804133818,1,4.8431668413354,1050.19995117188,1,5.12190008163452,34.8899993896484,0.0261659994721413,0.0100977895781398,163.288101196289,-88.3605,26.0317,11.9215993981301,63,63,63,63,61,63,0,8045,1.29563008188212,26,-88,0.001869,51,2026-09-02 11:18:38.001206,1050.19995117188,1.037,0.0011,"aoml_navis",1032.38235720605
"7901009",121,0,1,0.031773,1,0.009345,1,175.359530825089,1,4.84198250240743,1099.09997558594,1,4.9411997795105,34.8969993591309,0.0317730009555817,0.0144254146143794,169.096694946289,-88.3605,26.0317,11.9215993981301,63,63,63,63,61,63,0,8045,1.29563008188212,26,-88,0.001869,51,2026-09-02 11:18:38.001206,1099.09997558594,1.037,0.0011,"aoml_navis",1032.63487580015
"7901009",121,0,1,0.035511,1,0.013083,1,181.828368814534,1,4.84078263357142,1149.40002441406,1,4.77430009841919,34.9029998779297,0.0355109982192516,0.0173104964196682,175.334503173828,-88.3605,26.0317,11.9215993981301,63,63,63,63,61,63,0,8045,1.29563008188212,26,-88,0.001869,51,2026-09-02 11:18:38.001206,1149.40002441406,1.037,0.0011,"aoml_navis",1032.89083160322
"7901009",121,0,1,0.033642,1,0.011214,1,186.408953183164,1,4.8396219459413,1199.5,1,4.65850019454956,34.9090003967285,0.0336420014500618,0.0158679541200399,179.751495361328,-88.3605,26.0317,11.9215993981301,63,63,63,63,61,63,0,8045,1.29563008188212,26,-88,0.001869,51,2026-09-02 11:18:38.001206,1199.5,1.037,0.0011,"aoml_navis",1033.13855004588
"7901009",121,0,1,0.031773,1,0.009345,1,191.364438077102,1,4.83845869130309,1249.40002441406,1,4.52510023117065,34.9140014648438,0.0317730009555817,0.0144254146143794,184.529998779297,-88.3605,26.0317,11.9215993981301,63,63,63,63,61,63,0,8045,1.29563008188212,26,-88,0.001869,51,2026-09-02 11:18:38.001206,1249.40002441406,1.037,0.0011,"aoml_navis",1033.3869355932
"7901009",121,0,1,0.029904,1,0.007476,1,194.124716775942,1,4.83734257417986,1299.69995117188,1,4.4633002281189,34.9169998168945,0.0299040004611015,0.0129828732460737,187.191696166992,-88.3605,26.0317,11.9215993981301,63,63,63,63,61,63,0,8045,1.29563008188212,26,-88,0.001869,51,2026-09-02 11:18:38.001206,1299.69995117188,1.037,0.0011,"aoml_navis",1033.62536833516
"7901009",121,0,1,0.029904,1,0.007476,1,196.125367764275,1,4.83624841979358,1349.59997558594,1,4.41459989547729,34.9189987182617,0.0299040004611015,0.0129828732460737,189.120895385742,-88.3605,26.0317,11.9215993981301,63,63,63,63,61,63,0,8045,1.29563008188212,26,-88,0.001869,51,2026-09-02 11:18:38.001206,1349.59997558594,1.037,0.0011,"aoml_navis",1033.85921606844
"7901009",121,0,1,0.031773,1,0.009345,1,197.179526264819,1,4.83516792044196,1399.80004882812,1,4.38859987258911,34.9199981689453,0.0317730009555817,0.0144254146143794,190.137405395508,-88.3605,26.0317,11.9215993981301,63,63,63,63,61,63,0,8045,1.29563008188212,26,-88,0.001869,51,2026-09-02 11:18:38.001206,1399.80004882812,1.037,0.0011,"aoml_navis",1034.09024924681
"7901009",121,0,1,0.028035,1,0.005607,1,198.437338731288,1,4.83410949562295,1449.5,1,4.37779998779297,34.9210014343262,0.0280349999666214,0.0115403309464455,191.350296020508,-88.3605,26.0317,11.9215993981301,63,63,63,63,61,63,0,8045,1.29563008188212,26,-88,0.001869,51,2026-09-02 11:18:38.001206,1449.5,1.037,0.0011,"aoml_navis",1034.31666256779
"7901009",121,0,1,0.031773,1,0.009345,1,199.256179584025,1,4.83303662605899,1499.69995117188,1,4.35900020599365,34.9220008850098,0.0317730009555817,0.0144254146143794,192.139892578125,-88.3605,26.0317,11.9215993981301,63,63,63,63,61,63,0,8045,1.29563008188212,26,-88,0.001869,51,2026-09-02 11:18:38.001206,1499.69995117188,1.037,0.0011,"aoml_navis",1034.54626704891
"7901009",121,0,1,0.033642,1,0.011214,1,200.041537003049,1,4.83197235416512,1549.59997558594,1,4.34149980545044,34.9230003356934,0.0336420014500618,0.0158679541200399,192.897201538086,-88.3605,26.0317,11.9215993981301,63,63,63,63,61,63,0,8045,1.29563008188212,26,-88,0.001869,51,2026-09-02 11:18:38.001206,1549.59997558594,1.037,0.0011,"aoml_navis",1034.77413228369
"7901009",121,0,1,0.029904,1,0.007476,1,200.896677948858,1,4.83091851564895,1599.19995117188,1,4.32800006866455,34.923999786377,0.0299040004611015,0.0129828732460737,193.721801757812,-88.3605,26.0317,11.9215993981301,63,63,63,63,61,63,0,8045,1.29563008188212,26,-88,0.001869,51,2026-09-02 11:18:38.001206,1599.19995117188,1.037,0.0011,"aoml_navis",1034.99986261481
"7901009",121,0,1,0.026166,1,0.003738,1,201.387504577845,1,4.82986975249276,1649,1,4.3206000328064,34.923999786377,0.0261659994721413,0.0100977895781398,194.195098876953,-88.3605,26.0317,11.9215993981301,63,63,63,63,61,63,0,8045,1.29563008188212,26,-88,0.001869,51,2026-09-02 11:18:38.001206,1649,1.037,0.0011,"aoml_navis",1035.22460360746
"7901009",121,0,1,0.026166,1,0.003738,1,201.751090993933,1,4.82881074793284,1699.09997558594,1,4.31059980392456,34.9249992370605,0.0261659994721413,0.0100977895781398,194.545700073242,-88.3605,26.0317,11.9215993981301,63,63,63,63,61,63,0,8045,1.29563008188212,26,-88,0.001869,51,2026-09-02 11:18:38.001206,1699.09997558594,1.037,0.0011,"aoml_navis",1035.45163830254
"7901009",121,0,1,0.026166,1,0.003738,1,202.319486522763,1,4.82775088431474,1749.69995117188,1,4.30700016021729,34.9249992370605,0.0261659994721413,0.0100977895781398,195.093795776367,-88.3605,26.0317,11.9215993981301,63,63,63,63,61,63,0,8045,1.29563008188212,26,-88,0.001869,51,2026-09-02 11:18:38.001206,1749.69995117188,1.037,0.0011,"aoml_navis",1035.67895689168
"7901009",121,0,1,0.026166,1,0.003738,1,202.943582281588,1,4.82671593314503,1799.19995117188,1,4.30399990081787,34.9249992370605,0.0261659994721413,0.0100977895781398,195.695602416992,-88.3605,26.0317,11.9215993981301,63,63,63,63,61,63,0,8045,1.29563008188212,26,-88,0.001869,51,2026-09-02 11:18:38.001206,1799.19995117188,1.037,0.0011,"aoml_navis",1035.90102861969
"7901009",121,0,1,0.028035,1,0.005607,1,203.410135003526,1,4.82567156913974,1849.19995117188,1,4.30030012130737,34.9249992370605,0.0280349999666214,0.0115403309464455,196.145492553711,-88.3605,26.0317,11.9215993981301,63,63,63,63,61,63,0,8045,1.29563008188212,26,-88,0.001869,51,2026-09-02 11:18:38.001206,1849.19995117188,1.037,0.0011,"aoml_navis",1036.12521663826
"7901009",121,0,1,0.033642,1,0.011214,1,203.593803347154,1,4.82462766129045,1899.09997558594,1,4.29729986190796,34.9259986877441,0.0336420014500618,0.0158679541200399,196.322601318359,-88.3605,26.0317,11.9215993981301,63,63,63,63,61,63,0,8045,1.29563008188212,26,-88,0.001869,51,2026-09-02 11:18:38.001206,1899.09997558594,1.037,0.0011,"aoml_navis",1036.34940373049
"7901009",121,0,1,0.033642,1,0.011214,1,203.40682780237,1,4.82357923734603,1949.5,1,4.29530000686646,34.9259986877441,0.0336420014500618,0.0158679541200399,196.142303466797,-88.3605,26.0317,11.9215993981301,63,63,63,63,61,63,0,8045,1.29563008188212,26,-88,0.001869,51,2026-09-02 11:18:38.001206,1949.5,1.037,0.0011,"aoml_navis",1036.57465835495
"7901009",122,0.0346212755149316,5,0.031773,1,0.009345,1,190.175850888599,1,4.89058032090925,2.20000004768372,1,30.7859992980957,36.2130012512207,0.0317730009555817,0.72045224905014,183.383804321289,-87.2112,26.7005,23.8413349516182,63,63,63,63,61,63,0.039249,7818,1.13366707078925,27,-87,0.001869,51,2026-09-12 18:04:03.001937,2.20000004768372,1.037,0.0011,"aoml_navis",1022.37355731035
"7901009",122,0.0346212755149316,5,0.035511,1,0.013083,1,190.417893781165,1,4.89035497341709,4,1,30.6770000457764,36.2150001525879,0.0355109982192516,0.72045224905014,183.617202758789,-87.2112,26.7005,23.8413349516182,63,63,63,63,61,63,0.039249,7818,1.13366707078925,27,-87,0.001869,51,2026-09-12 18:04:03.001937,4,1.037,0.0011,"aoml_navis",1022.42066827028
"7901009",122,0.0346212755149316,5,0.039249,1,0.016821,1,190.402861043983,1,4.89025769229729,6,1,30.6429996490479,36.2150001525879,0.0392489992082119,0.72045224905014,183.60270690918,-87.2112,26.7005,23.8413349516182,63,63,63,63,61,63,0.039249,7818,1.13366707078925,27,-87,0.001869,51,2026-09-12 18:04:03.001937,6,1.037,0.0011,"aoml_navis",1022.4410071223
"7901009",122,0.0346212755149316,5,0.050463,1,0.028035,1,190.44351273011,1,4.89019368015639,8,1,30.628999710083,36.2150001525879,0.0504629984498024,0.72045224905014,183.641906738281,-87.2112,26.7005,23.8413349516182,63,63,63,63,61,63,0.039249,7818,1.13366707078925,27,-87,0.001869,51,2026-09-12 18:04:03.001937,8,1.037,0.0011,"aoml_navis",1022.45439077172
"7901009",122,0.0346212755149316,5,0.050463,1,0.028035,1,190.412086397433,1,4.89013798482837,10,1,30.6200008392334,36.2150001525879,0.0504629984498024,0.72045224905014,183.611602783203,-87.2112,26.7005,23.8413349516182,63,63,63,63,61,63,0.039249,7818,1.13366707078925,27,-87,0.001869,51,2026-09-12 18:04:03.001937,10,1.037,0.0011,"aoml_navis",1022.46603582813
"7901009",122,0.0346212755149316,5,0.046725,1,0.024297,1,190.386578216025,1,4.89008893537534,12,1,30.6149997711182,36.2150001525879,0.0467250011861324,0.72045224905014,183.587005615234,-87.2112,26.7005,23.8413349516182,63,63,63,63,61,63,0.039249,7818,1.13366707078925,27,-87,0.001869,51,2026-09-12 18:04:03.001937,12,1.037,0.0011,"aoml_navis",1022.47629155158
"7901009",122,0.0346212755149316,5,0.050463,1,0.028035,1,190.304752653953,1,4.89004129356529,14,1,30.613000869751,36.2159996032715,0.0504629984498024,0.72045224905014,183.508102416992,-87.2112,26.7005,23.8413349516182,63,63,63,63,61,63,0.039249,7818,1.13366707078925,27,-87,0.001869,51,2026-09-12 18:04:03.001937,14,1.037,0.0011,"aoml_navis",1022.4862531487
"7901009",122,0.0346212755149316,5,0.057939,1,0.035511,1,190.319168257713,1,4.8899955731836,16,1,30.6100006103516,36.2159996032715,0.0579390004277229,0.72045224905014,183.522003173828,-87.2112,26.7005,23.8413349516182,63,63,63,63,61,63,0.039249,7818,1.13366707078925,27,-87,0.001869,51,2026-09-12 18:04:03.001937,16,1.037,0.0011,"aoml_navis",1022.49581316999
"7901009",122,0.0346212755149316,5,0.052332,1,0.029904,1,190.24791308347,1,4.88994819497545,18,1,30.6060009002686,36.2159996032715,0.0523319989442825,0.72045224905014,183.45329284668,-87.2112,26.7005,23.8413349516182,63,63,63,63,61,63,0.039249,7818,1.13366707078925,27,-87,0.001869,51,2026-09-12 18:04:03.001937,18,1.037,0.0011,"aoml_navis",1022.50572002739
"7901009",122,0.0346212755149316,5,0.05607,1,0.033642,1,190.16050167274,1,4.88990413966119,20,1,30.6040000915527,36.2159996032715,0.0560699999332428,0.72045224905014,183.369003295898,-87.2112,26.7005,23.8413349516182,63,63,63,63,61,63,0.039249,7818,1.13366707078925,27,-87,0.001869,51,2026-09-12 18:04:03.001937,20,1.037,0.0011,"aoml_navis",1022.51493223473
"7901009",122,0.0346212755149316,5,0.061677,1,0.039249,1,190.088534421472,1,4.88986175000796,22,1,30.6030006408691,36.2159996032715,0.0616770014166832,0.72045224905014,183.299606323242,-87.2112,26.7005,23.8413349516182,63,63,63,63,61,63,0.039249,7818,1.13366707078925,27,-87,0.001869,51,2026-09-12 18:04:03.001937,22,1.037,0.0011,"aoml_navis",1022.52379629994
"7901009",122,0.0346212755149316,1,0.061677,1,0.039249,1,190.755655649746,1,4.88980493446301,24,1,30.5890007019043,36.2140007019043,0.0616770014166832,0.72045224905014,183.942901611328,-87.2112,26.7005,23.8413349516182,63,63,63,63,61,63,0.039249,7818,1.13366707078925,27,-87,0.001869,51,2026-09-12 18:04:03.001937,24,1.037,0.0011,"aoml_navis",1022.53567719243
"7901009",122,0.0346212755149316,1,0.061677,1,0.039249,1,192.849225397263,1,4.88962587790417,26,1,30.4839992523193,36.2039985656738,0.0616770014166832,0.72045224905014,185.961700439453,-87.2112,26.7005,23.8413349516182,63,63,63,63,61,63,0.039249,7818,1.13366707078925,27,-87,0.001869,51,2026-09-12 18:04:03.001937,26,1.037,0.0011,"aoml_navis",1022.5731221267
"7901009",122,0.0395671720170646,1,0.067284,1,0.044856,1,194.709566183383,1,4.88932876567317,28,1,30.3159999847412,36.1980018615723,0.0672840029001236,0.72045224905014,187.755599975586,-87.2112,26.7005,23.8413349516182,63,63,63,63,61,63,0.044856,7818,1.13366707078925,27,-87,0.001869,51,2026-09-12 18:04:03.001937,28,1.037,0.0011,"aoml_navis",1022.63526132745
"7901009",122,0.0478103328539531,1,0.076629,1,0.054201,1,196.120871197906,1,4.88914480642077,30.1000003814697,1,30.2129993438721,36.189998626709,0.0766289979219437,0.72045224905014,189.116500854492,-87.2112,26.7005,23.8413349516182,63,63,63,63,61,63,0.054201,7818,1.13366707078925,27,-87,0.001869,51,2026-09-12 18:04:03.001937,30.1000003814697,1.037,0.0011,"aoml_navis",1022.67373906243
"7901009",122,0.04286443635182,1,0.071022,1,0.048594,1,197.833337321956,1,4.88875743997442,32,1,30.0139999389648,36.1959991455078,0.0710219964385033,0.72045224905014,190.767807006836,-87.2112,26.7005,23.8413349516182,63,63,63,63,61,63,0.048594,7818,1.13366707078925,27,-87,0.001869,51,2026-09-12 18:04:03.001937,32,1.037,0.0011,"aoml_navis",1022.75477181911
"7901009",122,0.0445130685191977,1,0.072891,1,0.050463,1,199.298554479195,1,4.88834644527847,34,1,29.746000289917,36.1769981384277,0.0728909969329834,0.72045224905014,192.180694580078,-87.2112,26.7005,23.8413349516182,63,63,63,63,61,63,0.050463,7818,1.13366707078925,27,-87,0.001869,51,2026-09-12 18:04:03.001937,34,1.037,0.0011,"aoml_navis",1022.84076138453
"7901009",122,0.0494589650213308,1,0.078498,1,0.05607,1,197.965862768167,1,4.8880921423855,36,1,29.6919994354248,36.2120018005371,0.0784979984164238,0.72045224905014,190.895599365234,-87.2112,26.7005,23.8413349516182,63,63,63,63,61,63,0.05607,7818,1.13366707078925,27,-87,0.001869,51,2026-09-12 18:04:03.001937,36,1.037,0.0011,"aoml_navis",1022.89397465406
"7901009",122,0.0560534936908416,1,0.085974,1,0.063546,1,198.220659751436,1,4.88785526570017,38,1,29.6310005187988,36.2389984130859,0.0859740003943443,0.72045224905014,191.141296386719,-87.2112,26.7005,23.8413349516182,63,63,63,63,61,63,0.063546,7818,1.13366707078925,27,-87,0.001869,51,2026-09-12 18:04:03.001937,38,1.037,0.0011,"aoml_navis",1022.94354644394
"7901009",122,0.0577021258582193,1,0.087843,1,0.065415,1,198.380370716046,1,4.88764540650422,40,1,29.5380001068115,36.2439994812012,0.0878430008888245,0.72045224905014,191.295303344727,-87.2112,26.7005,23.8413349516182,63,63,63,63,61,63,0.065415,7818,1.13366707078925,27,-87,0.001869,51,2026-09-12 18:04:03.001937,40,1.037,0.0011,"aoml_navis",1022.98746822883
"7901009",122,0.0609993901929747,1,0.091581,1,0.069153,1,198.441973290625,1,4.8874709271076,42,1,29.4599990844727,36.2459983825684,0.0915810018777847,0.72045224905014,191.354705810547,-87.2112,26.7005,23.8413349516182,63,63,63,63,61,63,0.069153,7818,1.13366707078925,27,-87,0.001869,51,2026-09-12 18:04:03.001937,42,1.037,0.0011,"aoml_navis",1023.02398818749
"7901009",122,0.0675939188624854,1,0.099057,1,0.076629,1,198.288069709748,1,4.88729158228126,44,1,29.3700008392334,36.2439994812012,0.0990569964051247,0.72045224905014,191.206298828125,-87.2112,26.7005,23.8413349516182,63,63,63,63,61,63,0.076629,7818,1.13366707078925,27,-87,0.001869,51,2026-09-12 18:04:03.001937,44,1.037,0.0011,"aoml_navis",1023.06152923786
"7901009",122,0.0708911831972408,1,0.102795,1,0.080367,1,198.010771092506,1,4.88717178413701,46,1,29.3299999237061,36.2480010986328,0.102794997394085,0.72045224905014,190.938903808594,-87.2112,26.7005,23.8413349516182,63,63,63,63,61,63,0.080367,7818,1.13366707078925,27,-87,0.001869,51,2026-09-12 18:04:03.001937,46,1.037,0.0011,"aoml_navis",1023.08660731534
"7901009",122,0.0824316083688847,1,0.115878,1,0.09345,1,197.815804403222,1,4.88701526901576,48,1,29.2649993896484,36.2509994506836,0.115878000855446,0.72045224905014,190.750900268555,-87.2112,26.7005,23.8413349516182,63,63,63,63,61,63,0.09345,7818,1.13366707078925,27,-87,0.001869,51,2026-09-12 18:04:03.001937,48,1.037,0.0011,"aoml_navis",1023.11937343445
"7901009",122,0.0873775048710178,1,0.121485,1,0.099057,1,197.723503396923,1,4.88678637914554,50,1,29.1550006866455,36.2540016174316,0.121485002338886,0.72045224905014,190.661895751953,-87.2112,26.7005,23.8413349516182,63,63,63,63,61,63,0.099057,7818,1.13366707078925,27,-87,0.001869,51,2026-09-12 18:04:03.001937,50,1.037,0.0011,"aoml_navis",1023.16729483769
"7901009",122,0.0972692978752839,1,0.132699,1,0.110271,1,197.565770424048,1,4.8865620491248,52,1,29.0230007171631,36.2459983825684,0.132698997855186,0.72045224905014,190.509796142578,-87.2112,26.7005,23.8413349516182,63,63,63,63,61,63,0.110271,7818,1.13366707078925,27,-87,0.001869,51,2026-09-12 18:04:03.001937,52,1.037,0.0011,"aoml_navis",1023.2142659266
"7901009",122,0.102215194377417,1,0.138306,1,0.115878,1,197.423908856851,1,4.88643986525375,54,1,28.931999206543,36.2280006408691,0.138306006789207,0.72045224905014,190.373001098633,-87.2112,26.7005,23.8413349516182,63,63,63,63,61,63,0.115878,7818,1.13366707078925,27,-87,0.001869,51,2026-09-12 18:04:03.001937,54,1.037,0.0011,"aoml_navis",1023.23985107312
"7901009",122,0.113755619549061,1,0.151389,1,0.128961,1,197.142448545,1,4.8862523705326,56,1,28.7730007171631,36.1980018615723,0.151389002799988,0.72045224905014,190.101593017578,-87.2112,26.7005,23.8413349516182,63,63,63,63,61,63,0.128961,7818,1.13366707078925,27,-87,0.001869,51,2026-09-12 18:04:03.001937,56,1.037,0.0011,"aoml_navis",1023.2791147165
"7901009",122,0.120350148218572,1,0.158865,1,0.136437,1,196.436859333474,1,4.88607881100349,58.0999984741211,1,28.6459999084473,36.1780014038086,0.158865004777908,0.72045224905014,189.421203613281,-87.2112,26.7005,23.8413349516182,63,63,63,63,61,63,0.136437,7818,1.13366707078925,27,-87,0.001869,51,2026-09-12 18:04:03.001937,58.0999984741211,1.037,0.0011,"aoml_navis",1023.31546284926
"7901009",122,0.131890573390215,1,0.171948,1,0.14952,1,195.364977700589,1,4.88591981268953,60,1,28.6019992828369,36.1920013427734,0.171948000788689,0.72045224905014,188.387603759766,-87.2112,26.7005,23.8413349516182,63,63,63,63,61,63,0.14952,7818,1.13366707078925,27,-87,0.001869,51,2026-09-12 18:04:03.001937,60,1.037,0.0011,"aoml_navis",1023.34876373005
"7901009",122,0.153322791566125,1,0.196245,1,0.173817,1,194.69109965255,1,4.88580022766549,62,1,28.5750007629395,36.2019996643066,0.19624499976635,0.72045224905014,187.73779296875,-87.2112,26.7005,23.8413349516182,63,63,63,63,61,63,0.173817,7818,1.13366707078925,27,-87,0.001869,51,2026-09-12 18:04:03.001937,62,1.037,0.0011,"aoml_navis",1023.37381125161
"7901009",122,0.168160481072525,1,0.213066,1,0.190638,1,194.002204691262,1,4.88566087992697,64,1,28.5219993591309,36.2060012817383,0.21306599676609,0.72045224905014,187.073501586914,-87.2112,26.7005,23.8413349516182,63,63,63,63,61,63,0.190638,7818,1.13366707078925,27,-87,0.001869,51,2026-09-12 18:04:03.001937,64,1.037,0.0011,"aoml_navis",1023.402999693
"7901009",122,0.182998170578924,1,0.229887,1,0.207459,1,192.915290321195,1,4.88543636349988,66,1,28.4220008850098,36.2130012512207,0.229886993765831,0.72045224905014,186.025405883789,-87.2112,26.7005,23.8413349516182,63,63,63,63,61,63,0.207459,7818,1.13366707078925,27,-87,0.001869,51,2026-09-12 18:04:03.001937,66,1.037,0.0011,"aoml_navis",1023.45003147642
"7901009",122,0.202781756587456,1,0.252315,1,0.229887,1,193.035583866519,1,4.88521377361921,68,1,28.3229999542236,36.2200012207031,0.252315014600754,0.72045224905014,186.141403198242,-87.2112,26.7005,23.8413349516182,63,63,63,63,61,63,0.229887,7818,1.13366707078925,27,-87,0.001869,51,2026-09-12 18:04:03.001937,68,1.037,0.0011,"aoml_navis",1023.49666395371
"7901009",122,0.222565342595989,1,0.274743,1,0.252315,1,192.770105727883,1,4.88507147047517,70,1,28.2859992980957,36.2319984436035,0.274742990732193,0.72045224905014,185.885406494141,-87.2112,26.7005,23.8413349516182,63,63,63,63,61,63,0.252315,7818,1.13366707078925,27,-87,0.001869,51,2026-09-12 18:04:03.001937,70,1.037,0.0011,"aoml_navis",1023.52647862359
"7901009",122,0.240700296437143,1,0.295302,1,0.272874,1,192.377165801877,1,4.8848828507527,72,1,28.2310009002686,36.2490005493164,0.295302003622055,0.72045224905014,185.506500244141,-87.2112,26.7005,23.8413349516182,63,63,63,63,61,63,0.272874,7818,1.13366707078925,27,-87,0.001869,51,2026-09-12 18:04:03.001937,72,1.037,0.0011,"aoml_navis",1023.56599999723
"7901009",122,0.268727043282564,1,0.327075,1,0.304647,1,191.827948704913,1,4.88473924745182,74,1,28.1840000152588,36.2569999694824,0.327075004577637,0.72045224905014,184.976898193359,-87.2112,26.7005,23.8413349516182,63,63,63,63,61,63,0.304647,7818,1.13366707078925,27,-87,0.001869,51,2026-09-12 18:04:03.001937,74,1.037,0.0011,"aoml_navis",1023.59609115436
"7901009",122,0.285213364956341,1,0.345765,1,0.323337,1,190.564834831137,1,4.88456954093293,76,1,28.0930004119873,36.2529983520508,0.345764994621277,0.72045224905014,183.758895874023,-87.2112,26.7005,23.8413349516182,63,63,63,63,61,63,0.323337,7818,1.13366707078925,27,-87,0.001869,51,2026-09-12 18:04:03.001937,76,1.037,0.0011,"aoml_navis",1023.63165435557
"7901009",122,0.296753790127985,1,0.358848,1,0.33642,1,190.007120281681,1,4.88428948241263,78,1,27.8649997711182,36.2200012207031,0.358848005533218,0.72045224905014,183.221099853516,-87.2112,26.7005,23.8413349516182,63,63,63,63,61,63,0.33642,7818,1.13366707078925,27,-87,0.001869,51,2026-09-12 18:04:03.001937,78,1.037,0.0011,"aoml_navis",1023.69034800333
"7901009",122,0.324780536973406,1,0.390621,1,0.368193,1,188.971950175387,1,4.88412877001598,80,1,27.7630004882812,36.2089996337891,0.3906210064888,0.72045224905014,182.222900390625,-87.2112,26.7005,23.8413349516182,63,63,63,63,61,63,0.368193,7818,1.13366707078925,27,-87,0.001869,51,2026-09-12 18:04:03.001937,80,1.037,0.0011,"aoml_navis",1023.72403256347
"7901009",122,0.341266858647183,1,0.409311,1,0.386883,1,187.763286458079,1,4.88394520749654,82,1,27.7059993743896,36.2239990234375,0.40931099653244,0.72045224905014,181.057403564453,-87.2112,26.7005,23.8413349516182,63,63,63,63,61,63,0.386883,7818,1.13366707078925,27,-87,0.001869,51,2026-09-12 18:04:03.001937,82,1.037,0.0011,"aoml_navis",1023.7625091136
"7901009",122,0.374239501994736,1,0.446691,1,0.424263,1,186.709444109811,1,4.88373040330781,84,1,27.6450004577637,36.2459983825684,0.446691006422043,0.72045224905014,180.041198730469,-87.2112,26.7005,23.8413349516182,63,63,63,63,61,63,0.424263,7818,1.13366707078925,27,-87,0.001869,51,2026-09-12 18:04:03.001937,84,1.037,0.0011,"aoml_navis",1023.80753790452
"7901009",122,0.397320352338024,1,0.472857,1,0.450429,1,186.595575081641,1,4.88352186906246,86,1,27.5510005950928,36.2519989013672,0.472856998443604,0.72045224905014,179.931396484375,-87.2112,26.7005,23.8413349516182,63,63,63,63,61,63,0.450429,7818,1.13366707078925,27,-87,0.001869,51,2026-09-12 18:04:03.001937,86,1.037,0.0011,"aoml_navis",1023.85125613452
"7901009",122,0.4434820530246,1,0.525189,1,0.502761,1,186.087737571761,1,4.88338818871213,88,1,27.511999130249,36.2610015869141,0.525188982486725,0.72045224905014,179.441696166992,-87.2112,26.7005,23.8413349516182,63,63,63,63,61,63,0.502761,7818,1.13366707078925,27,-87,0.001869,51,2026-09-12 18:04:03.001937,88,1.037,0.0011,"aoml_navis",1023.87928355919
"7901009",122,0.545697247402017,1,0.641067,1,0.618639,1,185.209572537385,1,4.88321687742339,90,1,27.451000213623,36.2709999084473,0.641067028045654,0.72045224905014,178.59489440918,-87.2112,26.7005,23.8413349516182,63,63,63,63,61,63,0.618639,7818,1.13366707078925,27,-87,0.001869,51,2026-09-12 18:04:03.001937,90,1.037,0.0011,"aoml_navis",1023.91520293037
"7901009",122,0.628128855770901,1,0.734517,1,0.712089,1,184.193596862883,1,4.88306412750243,92,1,27.3880004882812,36.2750015258789,0.734516978263855,0.72045224905014,177.615203857422,-87.2112,26.7005,23.8413349516182,63,63,63,63,61,63,0.712089,7818,1.13366707078925,27,-87,0.001869,51,2026-09-12 18:04:03.001937,92,1.037,0.0011,"aoml_navis",1023.94723260728
"7901009",122,0.68583098162912,1,0.799932,1,0.777504,1,183.1684749546,1,4.88291853756004,94,1,27.3689994812012,36.2960014343262,0.79993200302124,0.72045224905014,176.626693725586,-87.2112,26.7005,23.8413349516182,63,63,63,63,61,63,0.777504,7818,1.13366707078925,27,-87,0.001869,51,2026-09-12 18:04:03.001937,94,1.037,0.0011,"aoml_navis",1023.9777627948
"7901009",122,0.712209096307164,1,0.829836,1,0.807408,1,181.822918385331,1,4.88275006880673,96,1,27.3050003051758,36.3040008544922,0.829836010932922,0.72045224905014,175.329193115234,-87.2112,26.7005,23.8413349516182,63,63,63,63,61,63,0.807408,7818,1.13366707078925,27,-87,0.001869,51,2026-09-12 18:04:03.001937,96,1.037,0.0011,"aoml_navis",1024.01309293759
"7901009",122,0.736938578817829,1,0.857871,1,0.835443,1,180.113569576255,1,4.88255825635441,98,1,27.2630004882812,36.3279991149902,0.857870995998383,0.745181739330292,173.680892944336,-87.2112,26.7005,23.8413349516182,63,63,63,63,61,63,0.835443,7818,1.13366707078925,27,-87,0.001869,51,2026-09-12 18:04:03.001937,98,1.037,0.0011,"aoml_navis",1024.05332153339
"7901009",122,0.72210088931143,1,0.84105,1,0.818622,1,179.123624272979,1,4.88240285831804,100,1,27.2049999237061,36.3349990844727,0.841050028800964,0.730343997478485,172.726303100586,-87.2112,26.7005,23.8413349516182,63,63,63,63,61,63,0.818622,7818,1.13366707078925,27,-87,0.001869,51,2026-09-12 18:04:03.001937,100,1.037,0.0011,"aoml_navis",1024.08591529509
"7901009",122,0.63637201660779,1,0.743862,1,0.721434,1,177.520153405466,1,4.88224089023211,102,1,27.1310005187988,36.3370018005371,0.743861973285675,0.644615173339844,171.180099487305,-87.2112,26.7005,23.8413349516182,63,63,63,63,61,63,0.721434,7818,1.13366707078925,27,-87,0.001869,51,2026-09-12 18:04:03.001937,102,1.037,0.0011,"aoml_navis",1024.11988929172
"7901009",122,0.606696637594991,1,0.71022,1,0.687792,1,175.98782694466,1,4.88199347731835,104,1,27.0550003051758,36.3619995117188,0.710219979286194,0.614939749240875,169.702499389648,-87.2112,26.7005,23.8413349516182,63,63,63,63,61,63,0.687792,7818,1.13366707078925,27,-87,0.001869,51,2026-09-12 18:04:03.001937,104,1.037,0.0011,"aoml_navis",1024.17179032088
"7901009",122,0.534156822230373,1,0.627984,1,0.605556,1,174.973702670422,1,4.88182301768612,106,1,27.0219993591309,36.3839988708496,0.62798398733139,0.542399942874908,168.724594116211,-87.2112,26.7005,23.8413349516182,63,63,63,63,61,63,0.605556,7818,1.13366707078925,27,-87,0.001869,51,2026-09-12 18:04:03.001937,106,1.037,0.0011,"aoml_navis",1024.20755154084
"7901009",122,0.525913661393484,1,0.618639,1,0.596211,1,173.904115507948,1,4.88168493557028,108,1,26.9820003509521,36.3940010070801,0.61863899230957,0.534156799316406,167.693206787109,-87.2112,26.7005,23.8413349516182,63,63,63,63,61,63,0.596211,7818,1.13366707078925,27,-87,0.001869,51,2026-09-12 18:04:03.001937,108,1.037,0.0011,"aoml_navis",1024.23652201878
"7901009",122,0.530859557895617,1,0.624246,1,0.601818,1,172.916116548539,1,4.88145945666933,110,1,26.9060001373291,36.4129981994629,0.624246001243591,0.539102733135223,166.740493774414,-87.2112,26.7005,23.8413349516182,63,63,63,63,61,63,0.601818,7818,1.13366707078925,27,-87,0.001869,51,2026-09-12 18:04:03.001937,110,1.037,0.0011,"aoml_navis",1024.28383240359
"7901009",122,0.49294101804593,1,0.581259,1,0.558831,1,172.187187034545,1,4.88131953210178,112,1,26.8600006103516,36.4210014343262,0.58125901222229,0.501184165477753,166.03759765625,-87.2112,26.7005,23.8413349516182,63,63,63,63,61,63,0.558831,7818,1.13366707078925,27,-87,0.001869,51,2026-09-12 18:04:03.001937,112,1.037,0.0011,"aoml_navis",1024.31319382346
"7901009",122,0.453373846028866,1,0.536403,1,0.513975,1,171.418634390127,1,4.88121220276042,114,1,26.8470001220703,36.4339981079102,0.536403000354767,0.461616992950439,165.296493530273,-87.2112,26.7005,23.8413349516182,63,63,63,63,61,63,0.513975,7818,1.13366707078925,27,-87,0.001869,51,2026-09-12 18:04:03.001937,114,1.037,0.0011,"aoml_navis",1024.33571668374
"7901009",122,0.413806674011801,1,0.491547,1,0.469119,1,170.091655119228,1,4.88105423285599,116,1,26.8759994506836,36.4790000915527,0.491546988487244,0.422049820423126,164.016906738281,-87.2112,26.7005,23.8413349516182,63,63,63,63,61,63,0.469119,7818,1.13366707078925,27,-87,0.001869,51,2026-09-12 18:04:03.001937,116,1.037,0.0011,"aoml_navis",1024.36886817265
"7901009",122,0.341266858647183,1,0.409311,1,0.386883,1,167.808514643878,1,4.88067224876785,118,1,26.9039993286133,36.5859985351562,0.40931099653244,0.349510014057159,161.815307617188,-87.2112,26.7005,23.8413349516182,63,63,63,63,61,63,0.386883,7818,1.13366707078925,27,-87,0.001869,51,2026-09-12 18:04:03.001937,118,1.037,0.0011,"aoml_navis",1024.44904003998
"7901009",122,0.285213364956341,1,0.345765,1,0.323337,1,166.31921345928,1,4.88032407350476,120,1,26.7569999694824,36.609001159668,0.345764994621277,0.293456524610519,160.379196166992,-87.2112,26.7005,23.8413349516182,63,63,63,63,61,63,0.323337,7818,1.13366707078925,27,-87,0.001869,51,2026-09-12 18:04:03.001937,120,1.037,0.0011,"aoml_navis",1024.52212695156
"7901009",122,0.260483882445676,1,0.31773,1,0.295302,1,165.632391433331,1,4.87995452404271,122,1,26.5860004425049,36.6279983520508,0.317730009555817,0.268727034330368,159.716903686523,-87.2112,26.7005,23.8413349516182,63,63,63,63,61,63,0.295302,7818,1.13366707078925,27,-87,0.001869,51,2026-09-12 18:04:03.001937,122,1.037,0.0011,"aoml_navis",1024.59971201901
"7901009",122,0.239051664269766,1,0.293433,1,0.271005,1,164.908747113252,1,4.87975436391487,124,1,26.5,36.6360015869141,0.293433010578156,0.247294813394547,159.019104003906,-87.2112,26.7005,23.8413349516182,63,63,63,63,61,63,0.271005,7818,1.13366707078925,27,-87,0.001869,51,2026-09-12 18:04:03.001937,124,1.037,0.0011,"aoml_navis",1024.64173954622
"7901009",122,0.243997560771899,1,0.29904,1,0.276612,1,163.32695503515,1,4.87955162789793,126,1,26.4050006866455,36.640998840332,0.299039989709854,0.252240717411041,157.493804931641,-87.2112,26.7005,23.8413349516182,63,63,63,63,61,63,0.276612,7818,1.13366707078925,27,-87,0.001869,51,2026-09-12 18:04:03.001937,126,1.037,0.0011,"aoml_navis",1024.68431144645
"7901009",122,0.242348928604521,1,0.297171,1,0.274743,1,160.473029440962,1,4.87923389361379,128,1,26.2360000610352,36.6469993591309,0.297170996665955,0.250592082738876,154.741806030273,-87.2112,26.7005,23.8413349516182,63,63,63,63,61,63,0.274743,7818,1.13366707078925,27,-87,0.001869,51,2026-09-12 18:04:03.001937,128,1.037,0.0011,"aoml_navis",1024.75103858913
"7901009",122,0.258835250278298,1,0.315861,1,0.293433,1,159.272546697467,1,4.87880706703153,130,1,26.007999420166,36.6590003967285,0.315860986709595,0.267078399658203,153.584197998047,-87.2112,26.7005,23.8413349516182,63,63,63,63,61,63,0.293433,7818,1.13366707078925,27,-87,0.001869,51,2026-09-12 18:04:03.001937,130,1.037,0.0011,"aoml_navis",1024.84068980457
"7901009",122,0.253889353776165,1,0.310254,1,0.287826,1,158.809617511928,1,4.87872942915274,132,1,25.9930000305176,36.6629981994629,0.310254007577896,0.262132495641708,153.137802124023,-87.2112,26.7005,23.8413349516182,63,63,63,63,61,63,0.287826,7818,1.13366707078925,27,-87,0.001869,51,2026-09-12 18:04:03.001937,132,1.037,0.0011,"aoml_navis",1024.85699865268
"7901009",122,0.25718661811092,1,0.313992,1,0.291564,1,158.225666880106,1,4.87861792833892,134,1,25.9650001525879,36.6710014343262,0.313991993665695,0.265429794788361,152.57470703125,-87.2112,26.7005,23.8413349516182,63,63,63,63,61,63,0.291564,7818,1.13366707078925,27,-87,0.001869,51,2026-09-12 18:04:03.001937,134,1.037,0.0011,"aoml_navis",1024.88042175961
"7901009",122,0.23575439993501,1,0.289695,1,0.267267,1,157.751012159564,1,4.87851005908394,136,1,25.9370002746582,36.6780014038086,0.289694994688034,0.243997558951378,152.117004394531,-87.2112,26.7005,23.8413349516182,63,63,63,63,61,63,0.267267,7818,1.13366707078925,27,-87,0.001869,51,2026-09-12 18:04:03.001937,136,1.037,0.0011,"aoml_navis",1024.90308299966
"7901009",122,0.204430388754834,1,0.254184,1,0.231756,1,157.564242268027,1,4.87829418663889,138,1,25.8680000305176,36.6980018615723,0.254184007644653,0.212673544883728,151.936904907227,-87.2112,26.7005,23.8413349516182,63,63,63,63,61,63,0.231756,7818,1.13366707078925,27,-87,0.001869,51,2026-09-12 18:04:03.001937,138,1.037,0.0011,"aoml_navis",1024.94843662657
"7901009",122,0.194538595750568,1,0.24297,1,0.220542,1,157.387726285641,1,4.87821902593316,140,1,25.8449993133545,36.6980018615723,0.242970004677773,0.2027817517519,151.766693115234,-87.2112,26.7005,23.8413349516182,63,63,63,63,61,63,0.220542,7818,1.13366707078925,27,-87,0.001869,51,2026-09-12 18:04:03.001937,140,1.037,0.0011,"aoml_navis",1024.96422842423
"7901009",122,0.179700906244169,1,0.226149,1,0.203721,1,157.0637628874,1,4.87810115262404,142,1,25.80299949646,36.7019996643066,0.226148992776871,0.187944054603577,151.454299926758,-87.2112,26.7005,23.8413349516182,63,63,63,63,61,63,0.203721,7818,1.13366707078925,27,-87,0.001869,51,2026-09-12 18:04:03.001937,142,1.037,0.0011,"aoml_navis",1024.98899542302
"7901009",122,0.159917320235636,1,0.203721,1,0.181293,1,156.479606544437,1,4.87791915739271,144,1,25.7299995422363,36.7109985351562,0.20372100174427,0.168160483241081,150.891006469727,-87.2112,26.7005,23.8413349516182,63,63,63,63,61,63,0.181293,7818,1.13366707078925,27,-87,0.001869,51,2026-09-12 18:04:03.001937,144,1.037,0.0011,"aoml_navis",1025.02723777664
"7901009",122,0.156620055900881,1,0.199983,1,0.177555,1,155.821916380753,1,4.87778496322388,146,1,25.6889991760254,36.7200012207031,0.19998300075531,0.164863213896751,150.256805419922,-87.2112,26.7005,23.8413349516182,63,63,63,63,61,63,0.177555,7818,1.13366707078925,27,-87,0.001869,51,2026-09-12 18:04:03.001937,146,1.037,0.0011,"aoml_navis",1025.05543760079
"7901009",122,0.163214584570392,1,0.207459,1,0.185031,1,154.559419640399,1,4.8776581394312,148,1,25.6359996795654,36.7220001220703,0.207459002733231,0.171457752585411,149.039398193359,-87.2112,26.7005,23.8413349516182,63,63,63,63,61,63,0.185031,7818,1.13366707078925,27,-87,0.001869,51,2026-09-12 18:04:03.001937,148,1.037,0.0011,"aoml_navis",1025.08209002591
"7901009",122,0.174755009742036,1,0.220542,1,0.198114,1,153.478312654064,1,4.87746086535148,150,1,25.5499992370605,36.7299995422363,0.220541998744011,0.182998165488243,147.99690246582,-87.2112,26.7005,23.8413349516182,63,63,63,63,61,63,0.198114,7818,1.13366707078925,27,-87,0.001869,51,2026-09-12 18:04:03.001937,150,1.037,0.0011,"aoml_navis",1025.12355055866
"7901009",122,0.159917320235636,1,0.203721,1,0.181293,1,152.901720151494,1,4.87717886711044,152,1,25.4260005950928,36.7459983825684,0.20372100174427,0.168160483241081,147.440902709961,-87.2112,26.7005,23.8413349516182,63,63,63,63,61,63,0.181293,7818,1.13366707078925,27,-87,0.001869,51,2026-09-12 18:04:03.001937,152,1.037,0.0011,"aoml_navis",1025.18282315168
"7901009",122,0.15002552723137,1,0.192507,1,0.170079,1,151.917360696876,1,4.87702610109534,154,1,25.3770008087158,36.7569999694824,0.19250699877739,0.158268690109253,146.49169921875,-87.2112,26.7005,23.8413349516182,63,63,63,63,61,63,0.170079,7818,1.13366707078925,27,-87,0.001869,51,2026-09-12 18:04:03.001937,154,1.037,0.0011,"aoml_navis",1025.21493556843
"7901009",122,0.166511848905147,1,0.211197,1,0.188769,1,150.80036502851,1,4.87686361221074,156,1,25.2970008850098,36.757999420166,0.211197003722191,0.17475500702858,145.414596557617,-87.2112,26.7005,23.8413349516182,63,63,63,63,61,63,0.188769,7818,1.13366707078925,27,-87,0.001869,51,2026-09-12 18:04:03.001937,156,1.037,0.0011,"aoml_navis",1025.24909400397
"7901009",122,0.138485102059726,1,0.179424,1,0.156996,1,150.434705564506,1,4.87671377397968,158,1,25.2229995727539,36.757999420166,0.179424002766609,0.14672826230526,145.061996459961,-87.2112,26.7005,23.8413349516182,63,63,63,63,61,63,0.156996,7818,1.13366707078925,27,-87,0.001869,51,2026-09-12 18:04:03.001937,158,1.037,0.0011,"aoml_navis",1025.28059503474
"7901009",122,0.140133734227104,1,0.181293,1,0.158865,1,150.664405788648,1,4.87663995433571,160,1,25.2029991149902,36.7589988708496,0.181292995810509,0.148376896977425,145.283493041992,-87.2112,26.7005,23.8413349516182,63,63,63,63,61,63,0.158865,7818,1.13366707078925,27,-87,0.001869,51,2026-09-12 18:04:03.001937,160,1.037,0.0011,"aoml_navis",1025.29611511603
"7901009",122,0.151674159398748,1,0.194376,1,0.171948,1,150.86258473651,1,4.87645229781473,162,1,25.1520004272461,36.7789993286133,0.19437600672245,0.159917309880257,145.474594116211,-87.2112,26.7005,23.8413349516182,63,63,63,63,61,63,0.171948,7818,1.13366707078925,27,-87,0.001869,51,2026-09-12 18:04:03.001937,162,1.037,0.0011,"aoml_navis",1025.33557074692
"7901009",122,0.145079630729237,1,0.1869,1,0.164472,1,149.901043394541,1,4.87631468347187,164,1,25.113000869751,36.7900009155273,0.18690000474453,0.153322800993919,144.547393798828,-87.2112,26.7005,23.8413349516182,63,63,63,63,61,63,0.164472,7818,1.13366707078925,27,-87,0.001869,51,2026-09-12 18:04:03.001937,164,1.037,0.0011,"aoml_navis",1025.36450671393
"7901009",122,0.130241941222838,1,0.170079,1,0.147651,1,148.886824176699,1,4.87591501444737,166,1,24.9220008850098,36.8120002746582,0.170078992843628,0.138485088944435,143.569396972656,-87.2112,26.7005,23.8413349516182,63,63,63,63,61,63,0.147651,7818,1.13366707078925,27,-87,0.001869,51,2026-09-12 18:04:03.001937,166,1.037,0.0011,"aoml_navis",1025.44855379656
"7901009",122,0.126944676888082,1,0.166341,1,0.143913,1,148.178212593803,1,4.87564848520491,168,1,24.7870006561279,36.8199996948242,0.166341006755829,0.135187834501266,142.886093139648,-87.2112,26.7005,23.8413349516182,63,63,63,63,61,63,0.143913,7818,1.13366707078925,27,-87,0.001869,51,2026-09-12 18:04:03.001937,168,1.037,0.0011,"aoml_navis",1025.50461034515
"7901009",122,0.118701516051194,1,0.156996,1,0.134568,1,147.250281287386,1,4.87541302742993,170,1,24.6679992675781,36.826000213623,0.156995996832848,0.126944676041603,141.991302490234,-87.2112,26.7005,23.8413349516182,63,63,63,63,61,63,0.134568,7818,1.13366707078925,27,-87,0.001869,51,2026-09-12 18:04:03.001937,170,1.037,0.0011,"aoml_navis",1025.5541370278
"7901009",122,0.117052883883816,1,0.155127,1,0.132699,1,146.199144831812,1,4.87509495095367,172,1,24.4990005493164,36.8349990844727,0.155127003788948,0.125296041369438,140.97770690918,-87.2112,26.7005,23.8413349516182,63,63,63,63,61,63,0.132699,7818,1.13366707078925,27,-87,0.001869,51,2026-09-12 18:04:03.001937,172,1.037,0.0011,"aoml_navis",1025.6210494981
"7901009",122,0.105512458712172,1,0.142044,1,0.119616,1,144.964434919344,1,4.87460460602358,174,1,24.2269992828369,36.851001739502,0.142043992877007,0.113755613565445,139.787094116211,-87.2112,26.7005,23.8413349516182,63,63,63,63,61,63,0.119616,7818,1.13366707078925,27,-87,0.001869,51,2026-09-12 18:04:03.001937,174,1.037,0.0011,"aoml_navis",1025.72421849794
"7901009",122,0.080782976201507,1,0.114009,1,0.091581,1,144.092093092633,1,4.87399749278567,176,1,23.8610000610352,36.8629989624023,0.114009000360966,0.0890261381864548,138.945907592773,-87.2112,26.7005,23.8413349516182,63,63,63,63,61,63,0.091581,7818,1.13366707078925,27,-87,0.001869,51,2026-09-12 18:04:03.001937,176,1.037,0.0011,"aoml_navis",1025.85198441338
"7901009",122,0.0824316083688847,1,0.115878,1,0.09345,1,143.245338567,1,4.87358367117215,178,1,23.6310005187988,36.8759994506836,0.115878000855446,0.0906747728586197,138.12939453125,-87.2112,26.7005,23.8413349516182,63,63,63,63,61,63,0.09345,7818,1.13366707078925,27,-87,0.001869,51,2026-09-12 18:04:03.001937,178,1.037,0.0011,"aoml_navis",1025.93909068918
"7901009",122,0.0939720335405285,1,0.128961,1,0.106533,1,142.271565324145,1,4.8732647826264,180,1,23.4619998931885,36.8870010375977,0.128960996866226,0.102215193212032,137.190399169922,-87.2112,26.7005,23.8413349516182,63,63,63,63,61,63,0.106533,7818,1.13366707078925,27,-87,0.001869,51,2026-09-12 18:04:03.001937,180,1.037,0.0011,"aoml_navis",1026.00622437455
"7901009",122,0.0989179300426616,1,0.134568,1,0.11214,1,142.066328901775,1,4.87291912393598,182,1,23.2320003509521,36.8819999694824,0.134568005800247,0.107161089777946,136.992492675781,-87.2112,26.7005,23.8413349516182,63,63,63,63,61,63,0.11214,7818,1.13366707078925,27,-87,0.001869,51,2026-09-12 18:04:03.001937,182,1.037,0.0011,"aoml_navis",1026.07900374127
"7901009",122,0.0972692978752839,1,0.132699,1,0.110271,1,141.606517031209,1,4.87276150878948,184,1,23.132999420166,36.8759994506836,0.132698997855186,0.105512455105782,136.549102783203,-87.2112,26.7005,23.8413349516182,63,63,63,63,61,63,0.110271,7818,1.13366707078925,27,-87,0.001869,51,2026-09-12 18:04:03.001937,184,1.037,0.0011,"aoml_navis",1026.11219346176
"7901009",122,0.100566562210039,1,0.136437,1,0.114009,1,141.571261306533,1,4.87248661680537,186,1,22.9389991760254,36.8660011291504,0.136436998844147,0.108809724450111,136.515106201172,-87.2112,26.7005,23.8413349516182,63,63,63,63,61,63,0.114009,7818,1.13366707078925,27,-87,0.001869,51,2026-09-12 18:04:03.001937,186,1.037,0.0011,"aoml_navis",1026.17008382431
"7901009",122,0.0972692978752839,1,0.132699,1,0.110271,1,141.532983210487,1,4.87235889546666,188,1,22.8530006408691,36.8569984436035,0.132698997855186,0.105512455105782,136.47819519043,-87.2112,26.7005,23.8413349516182,63,63,63,63,61,63,0.110271,7818,1.13366707078925,27,-87,0.001869,51,2026-09-12 18:04:03.001937,188,1.037,0.0011,"aoml_navis",1026.196983283
"7901009",122,0.0956206657079062,1,0.13083,1,0.108402,1,141.155614035415,1,4.87221899974503,190,1,22.757999420166,36.8479995727539,0.130830004811287,0.103863820433617,136.114303588867,-87.2112,26.7005,23.8413349516182,63,63,63,63,61,63,0.108402,7818,1.13366707078925,27,-87,0.001869,51,2026-09-12 18:04:03.001937,190,1.037,0.0011,"aoml_navis",1026.22644841327
"7901009",122,0.0873775048710178,1,0.121485,1,0.099057,1,140.627553538043,1,4.87203857459634,192,1,22.6149997711182,36.8320007324219,0.121485002338886,0.0956206619739532,135.605102539062,-87.2112,26.7005,23.8413349516182,63,63,63,63,61,63,0.099057,7818,1.13366707078925,27,-87,0.001869,51,2026-09-12 18:04:03.001937,192,1.037,0.0011,"aoml_navis",1026.26445243494
"7901009",122,0.0824316083688847,1,0.115878,1,0.09345,1,140.382804752784,1,4.87184025612782,194,1,22.4610004425049,36.8170013427734,0.115878000855446,0.0906747728586197,135.369094848633,-87.2112,26.7005,23.8413349516182,63,63,63,63,61,63,0.09345,7818,1.13366707078925,27,-87,0.001869,51,2026-09-12 18:04:03.001937,194,1.037,0.0011,"aoml_navis",1026.30622868042
"7901009",122,0.0840802405362624,1,0.117747,1,0.095319,1,140.297766932135,1,4.87172052822525,196,1,22.3850002288818,36.810001373291,0.117747001349926,0.0923233926296234,135.287094116211,-87.2112,26.7005,23.8413349516182,63,63,63,63,61,63,0.095319,7818,1.13366707078925,27,-87,0.001869,51,2026-09-12 18:04:03.001937,196,1.037,0.0011,"aoml_navis",1026.33145128739
"7901009",122,0.0791343440341293,1,0.11214,1,0.089712,1,140.399198348279,1,4.87150787118946,198,1,22.238000869751,36.8019981384277,0.112139999866486,0.0873775035142899,135.384902954102,-87.2112,26.7005,23.8413349516182,63,63,63,63,61,63,0.089712,7818,1.13366707078925,27,-87,0.001869,51,2026-09-12 18:04:03.001937,198,1.037,0.0011,"aoml_navis",1026.37625396655
"7901009",122,0.0708911831972408,1,0.102795,1,0.080367,1,140.152582338824,1,4.87122191800828,200,1,22.0230007171631,36.7890014648438,0.102794997394085,0.0791343450546265,135.147094726562,-87.2112,26.7005,23.8413349516182,63,63,63,63,61,63,0.080367,7818,1.13366707078925,27,-87,0.001869,51,2026-09-12 18:04:03.001937,200,1.037,0.0011,"aoml_navis",1026.43650487687
"7901009",122,0.0527562293560862,1,0.082236,1,0.059808,1,140.265723466036,1,4.87084780597939,202,1,21.7329998016357,36.7729988098145,0.0822359994053841,0.0609993897378445,135.256195068359,-87.2112,26.7005,23.8413349516182,63,63,63,63,61,63,0.059808,7818,1.13366707078925,27,-87,0.001869,51,2026-09-12 18:04:03.001937,202,1.037,0.0011,"aoml_navis",1026.51534171568
"7901009",122,0.0313240111801762,1,0.057939,1,0.035511,1,140.172077425359,1,4.87055169018563,204,1,21.5639991760254,36.7809982299805,0.0579390004277229,0.0395671725273132,135.165893554688,-87.2112,26.7005,23.8413349516182,63,63,63,63,61,63,0.035511,7818,1.13366707078925,27,-87,0.001869,51,2026-09-12 18:04:03.001937,204,1.037,0.0011,"aoml_navis",1026.57775095072
"7901009",122,0.0280267468454208,1,0.054201,1,0.031773,1,139.95949869767,1,4.87030751187122,206,1,21.3980007171631,36.7760009765625,0.0542009994387627,0.0362699069082737,134.960906982422,-87.2112,26.7005,23.8413349516182,63,63,63,63,61,63,0.031773,7818,1.13366707078925,27,-87,0.001869,51,2026-09-12 18:04:03.001937,206,1.037,0.0011,"aoml_navis",1026.62921957446
"7901009",122,0.0412158041844423,1,0.069153,1,0.046725,1,139.454462024087,1,4.87018131302715,208,1,21.2740001678467,36.7540016174316,0.0691530033946037,0.0494589619338512,134.473907470703,-87.2112,26.7005,23.8413349516182,63,63,63,63,61,63,0.046725,7818,1.13366707078925,27,-87,0.001869,51,2026-09-12 18:04:03.001937,208,1.037,0.0011,"aoml_navis",1026.6558221612
"7901009",122,0.0362699076823093,1,0.063546,1,0.041118,1,138.64815347344,1,4.87000921730776,210,1,21.1119995117188,36.7309989929199,0.0635460019111633,0.0445130690932274,133.696395874023,-87.2112,26.7005,23.8413349516182,63,63,63,63,61,63,0.041118,7818,1.13366707078925,27,-87,0.001869,51,2026-09-12 18:04:03.001937,210,1.037,0.0011,"aoml_navis",1026.69210198417
"7901009",122,0.0280267468454208,1,0.054201,1,0.031773,1,137.565590685189,1,4.8697085704108,212,1,20.8290004730225,36.7000007629395,0.0542009994387627,0.0362699069082737,132.652496337891,-87.2112,26.7005,23.8413349516182,63,63,63,63,61,63,0.031773,7818,1.13366707078925,27,-87,0.001869,51,2026-09-12 18:04:03.001937,212,1.037,0.0011,"aoml_navis",1026.755488076
"7901009",122,0.0230808503432877,1,0.048594,1,0.026166,1,136.612562619645,1,4.86947600301456,214,1,20.5709991455078,36.6599998474121,0.0485940016806126,0.0313240103423595,131.733505249023,-87.2112,26.7005,23.8413349516182,63,63,63,63,61,63,0.026166,7818,1.13366707078925,27,-87,0.001869,51,2026-09-12 18:04:03.001937,214,1.037,0.0011,"aoml_navis",1026.80452617584
"7901009",122,0.0329726433475539,1,0.059808,1,0.03738,1,136.395094296388,1,4.86915480994772,216,1,20.2110004425049,36.609001159668,0.0598080009222031,0.0412158034741879,131.523803710938,-87.2112,26.7005,23.8413349516182,63,63,63,63,61,63,0.03738,7818,1.13366707078925,27,-87,0.001869,51,2026-09-12 18:04:03.001937,216,1.037,0.0011,"aoml_navis",1026.87225918243
"7901009",122,0.0346212755149316,1,0.061677,1,0.039249,1,137.029127678928,1,4.86895764630673,218,1,20.0069999694824,36.5800018310547,0.0616770014166832,0.0428644381463528,132.135192871094,-87.2112,26.7005,23.8413349516182,63,63,63,63,61,63,0.039249,7818,1.13366707078925,27,-87,0.001869,51,2026-09-12 18:04:03.001937,218,1.037,0.0011,"aoml_navis",1026.91384136247
"7901009",122,0.0247294825106654,1,0.050463,1,0.028035,1,138.448218068918,1,4.86875764451506,220,1,19.9389991760254,36.5999984741211,0.0504629984498024,0.0329726450145245,133.503601074219,-87.2112,26.7005,23.8413349516182,63,63,63,63,61,63,0.028035,7818,1.13366707078925,27,-87,0.001869,51,2026-09-12 18:04:03.001937,220,1.037,0.0011,"aoml_navis",1026.95602555465
"7901009",122,0.0115404251716439,1,0.035511,1,0.013083,1,139.454873446368,1,4.86848166151148,222,1,19.7509994506836,36.5989990234375,0.0355109982192516,0.0197835862636566,134.474304199219,-87.2112,26.7005,23.8413349516182,63,63,63,63,61,63,0.013083,7818,1.13366707078925,27,-87,0.001869,51,2026-09-12 18:04:03.001937,222,1.037,0.0011,"aoml_navis",1027.01424132461
"7901009",122,0.0115404251716439,1,0.035511,1,0.013083,1,140.215846426459,1,4.86822830662974,224,1,19.5310001373291,36.5810012817383,0.0355109982192516,0.0197835862636566,135.208099365234,-87.2112,26.7005,23.8413349516182,63,63,63,63,61,63,0.013083,7818,1.13366707078925,27,-87,0.001869,51,2026-09-12 18:04:03.001937,224,1.037,0.0011,"aoml_navis",1027.06768973649
"7901009",122,0.00659452866951077,1,0.029904,1,0.007476,1,140.664154297097,1,4.86807759228699,226,1,19.4090003967285,36.5690002441406,0.0299040004611015,0.0148376896977425,135.640396118164,-87.2112,26.7005,23.8413349516182,63,63,63,63,61,63,0.007476,7818,1.13366707078925,27,-87,0.001869,51,2026-09-12 18:04:03.001937,226,1.037,0.0011,"aoml_navis",1027.09948746956
"7901009",122,0.00329726433475539,1,0.026166,1,0.003738,1,140.960330867453,1,4.86796523506682,228,1,19.326000213623,36.560001373291,0.0261659994721413,0.0115404240787029,135.925994873047,-87.2112,26.7005,23.8413349516182,63,63,63,63,61,63,0.003738,7818,1.13366707078925,27,-87,0.001869,51,2026-09-12 18:04:03.001937,228,1.037,0.0011,"aoml_navis",1027.12319389261
"7901009",122,0.00164863216737769,1,0.024297,1,0.001869,1,141.406154380472,1,4.86784818129846,230,1,19.2390003204346,36.5509986877441,0.0242970008403063,0.00989179313182831,136.355895996094,-87.2112,26.7005,23.8413349516182,63,63,63,63,61,63,0.001869,7818,1.13366707078925,27,-87,0.001869,51,2026-09-12 18:04:03.001937,230,1.037,0.0011,"aoml_navis",1027.14789241153
"7901009",122,0.00329726433475539,1,0.026166,1,0.003738,1,142.315951458667,1,4.86770638814945,232,1,19.1259994506836,36.5400009155273,0.0261659994721413,0.0115404240787029,137.233200073242,-87.2112,26.7005,23.8413349516182,63,63,63,63,61,63,0.003738,7818,1.13366707078925,27,-87,0.001869,51,2026-09-12 18:04:03.001937,232,1.037,0.0011,"aoml_navis",1027.17781256746
"7901009",122,-0.00329726433475539,1,0.01869,1,-0.003738,1,142.832191477434,1,4.86758771170329,234,1,19.0429992675781,36.5330009460449,0.0186899993568659,0.00494589656591415,137.731002807617,-87.2112,26.7005,23.8413349516182,63,63,63,63,61,63,-0.003738,7818,1.13366707078925,27,-87,0.001869,51,2026-09-12 18:04:03.001937,234,1.037,0.0011,"aoml_navis",1027.20285614543
"7901009",122,0.00164863216737769,1,0.024297,1,0.001869,1,143.228644316761,1,4.86751893668781,236,1,19.0090007781982,36.5289993286133,0.0242970008403063,0.00989179313182831,138.113296508789,-87.2112,26.7005,23.8413349516182,63,63,63,63,61,63,0.001869,7818,1.13366707078925,27,-87,0.001869,51,2026-09-12 18:04:03.001937,236,1.037,0.0011,"aoml_navis",1027.21736988297
"7901009",122,0,1,0.022428,1,0,1,143.569317789175,1,4.86743414808045,238,1,18.9619998931885,36.5250015258789,0.0224280003458261,0.00824316125363111,138.441802978516,-87.2112,26.7005,23.8413349516182,63,63,63,63,61,63,0,7818,1.13366707078925,27,-87,0.001869,51,2026-09-12 18:04:03.001937,238,1.037,0.0011,"aoml_navis",1027.23526356732
"7901009",122,-0.00659452866951077,1,0.014952,1,-0.007476,1,143.537796512894,1,4.86736169814554,240,1,18.9220008850098,36.5200004577637,0.0149520002305508,0.00164863211102784,138.411407470703,-87.2112,26.7005,23.8413349516182,63,63,63,63,61,63,-0.007476,7818,1.13366707078925,27,-87,0.001869,51,2026-09-12 18:04:03.001937,240,1.037,0.0011,"aoml_navis",1027.25055380721
"7901009",122,0,1,0.022428,1,0,1,143.28849043468,1,4.86728677162267,242,1,18.8770008087158,36.5139999389648,0.0224280003458261,0.00824316125363111,138.171005249023,-87.2112,26.7005,23.8413349516182,63,63,63,63,61,63,0,7818,1.13366707078925,27,-87,0.001869,51,2026-09-12 18:04:03.001937,242,1.037,0.0011,"aoml_navis",1027.26636719888
"7901009",122,-0.00164863216737769,1,0.020559,1,-0.001869,1,143.206253450326,1,4.86719195652226,244,1,18.8010005950928,36.5029983520508,0.020558999851346,0.00659452844411135,138.091705322266,-87.2112,26.7005,23.8413349516182,63,63,63,63,61,63,-0.001869,7818,1.13366707078925,27,-87,0.001869,51,2026-09-12 18:04:03.001937,244,1.037,0.0011,"aoml_navis",1027.28637881228
"7901009",122,-0.00164863216737769,1,0.020559,1,-0.001869,1,143.129918793309,1,4.86713182421405,246,1,18.761999130249,36.4949989318848,0.020558999851346,0.00659452844411135,138.018096923828,-87.2112,26.7005,23.8413349516182,63,63,63,63,61,63,-0.001869,7818,1.13366707078925,27,-87,0.001869,51,2026-09-12 18:04:03.001937,246,1.037,0.0011,"aoml_navis",1027.29907070216
"7901009",122,-0.00164863216737769,1,0.020559,1,-0.001869,1,143.016777666097,1,4.86707925496955,248,1,18.738000869751,36.4900016784668,0.020558999851346,0.00659452844411135,137.908996582031,-87.2112,26.7005,23.8413349516182,63,63,63,63,61,63,-0.001869,7818,1.13366707078925,27,-87,0.001869,51,2026-09-12 18:04:03.001937,248,1.037,0.0011,"aoml_navis",1027.31016654285
"7901009",122,-0.00164863216737769,1,0.020559,1,-0.001869,1,142.896800599449,1,4.86701800556132,250,1,18.6979999542236,36.4819984436035,0.020558999851346,0.00659452844411135,137.793304443359,-87.2112,26.7005,23.8413349516182,63,63,63,63,61,63,-0.001869,7818,1.13366707078925,27,-87,0.001869,51,2026-09-12 18:04:03.001937,250,1.037,0.0011,"aoml_navis",1027.32309481632
"7901009",122,0.00329726433475539,1,0.026166,1,0.003738,1,142.849613628632,1,4.86691755815042,252,1,18.6140003204346,36.4700012207031,0.0261659994721413,0.0115404240787029,137.747802734375,-87.2112,26.7005,23.8413349516182,63,63,63,63,61,63,0.003738,7818,1.13366707078925,27,-87,0.001869,51,2026-09-12 18:04:03.001937,252,1.037,0.0011,"aoml_navis",1027.34429754758
"7901009",122,0,1,0.022428,1,0,1,142.800353722476,1,4.86679915638029,254,1,18.5149993896484,36.4580001831055,0.0224280003458261,0.00824316125363111,137.700302124023,-87.2112,26.7005,23.8413349516182,63,63,63,63,61,63,0,7818,1.13366707078925,27,-87,0.001869,51,2026-09-12 18:04:03.001937,254,1.037,0.0011,"aoml_navis",1027.36929126099
"7901009",122,-0.00329726433475539,1,0.01869,1,-0.003738,1,141.893768902858,1,4.86672854626515,256,1,18.4699993133545,36.451000213623,0.0186899993568659,0.00494589656591415,136.826095581055,-87.2112,26.7005,23.8413349516182,63,63,63,63,61,63,-0.003738,7818,1.13366707078925,27,-87,0.001869,51,2026-09-12 18:04:03.001937,256,1.037,0.0011,"aoml_navis",1027.3841970983
"7901009",122,0.00659452866951077,1,0.029904,1,0.007476,1,140.277243289898,1,4.86663972271271,258,1,18.3859996795654,36.4360008239746,0.0299040004611015,0.0148376896977425,135.267303466797,-87.2112,26.7005,23.8413349516182,63,63,63,63,61,63,0.007476,7818,1.13366707078925,27,-87,0.001869,51,2026-09-12 18:04:03.001937,258,1.037,0.0011,"aoml_navis",1027.40294841734
"7901009",122,0.00989179300426616,1,0.033642,1,0.011214,1,139.620170259635,1,4.86654756334019,260,1,18.2810001373291,36.4150009155273,0.0336420014500618,0.0181349534541368,134.633697509766,-87.2112,26.7005,23.8413349516182,63,63,63,63,61,63,0.011214,7818,1.13366707078925,27,-87,0.001869,51,2026-09-12 18:04:03.001937,260,1.037,0.0011,"aoml_navis",1027.42240467659
"7901009",122,0.00824316083688847,1,0.031773,1,0.009345,1,139.486505490185,1,4.86643661839737,262,1,18.1599998474121,36.3940010070801,0.0317730009555817,0.0164863225072622,134.504806518555,-87.2112,26.7005,23.8413349516182,63,63,63,63,61,63,0.009345,7818,1.13366707078925,27,-87,0.001869,51,2026-09-12 18:04:03.001937,262,1.037,0.0011,"aoml_navis",1027.44582783585
"7901009",122,0.00329726433475539,1,0.026166,1,0.003738,1,139.2915388009,1,4.86632258873053,264,1,18.0450000762939,36.3759994506836,0.0261659994721413,0.0115404240787029,134.316802978516,-87.2112,26.7005,23.8413349516182,63,63,63,63,61,63,0.003738,7818,1.13366707078925,27,-87,0.001869,51,2026-09-12 18:04:03.001937,264,1.037,0.0011,"aoml_navis",1027.4699033679
"7901009",122,0.00494589650213308,1,0.028035,1,0.005607,1,139.348267603846,1,4.86620088550479,266,1,17.9139995574951,36.3549995422363,0.0280349999666214,0.0131890568882227,134.371505737305,-87.2112,26.7005,23.8413349516182,63,63,63,63,61,63,0.005607,7818,1.13366707078925,27,-87,0.001869,51,2026-09-12 18:04:03.001937,266,1.037,0.0011,"aoml_navis",1027.4956002934
"7901009",122,0.00329726433475539,1,0.026166,1,0.003738,1,139.641943992648,1,4.86607949916571,268,1,17.8010005950928,36.3400001525879,0.0261659994721413,0.0115404240787029,134.654693603516,-87.2112,26.7005,23.8413349516182,63,63,63,63,61,63,0.003738,7818,1.13366707078925,27,-87,0.001869,51,2026-09-12 18:04:03.001937,268,1.037,0.0011,"aoml_navis",1027.52123159049
"7901009",122,0.00329726433475539,1,0.026166,1,0.003738,1,140.037368276273,1,4.86600072810097,270,1,17.7450008392334,36.3320007324219,0.0261659994721413,0.0115404240787029,135.035995483398,-87.2112,26.7005,23.8413349516182,63,63,63,63,61,63,0.003738,7818,1.13366707078925,27,-87,0.001869,51,2026-09-12 18:04:03.001937,270,1.037,0.0011,"aoml_navis",1027.53786515592
"7901009",122,0.00494589650213308,1,0.028035,1,0.005607,1,140.262511207459,1,4.86591734638246,272,1,17.6849994659424,36.3240013122559,0.0280349999666214,0.0131890568882227,135.25309753418,-87.2112,26.7005,23.8413349516182,63,63,63,63,61,63,0.005607,7818,1.13366707078925,27,-87,0.001869,51,2026-09-12 18:04:03.001937,272,1.037,0.0011,"aoml_navis",1027.55547290938
"7901009",122,0,1,0.022428,1,0,1,140.337485006163,1,4.8658237546296,274,1,17.6070003509521,36.3129997253418,0.0224280003458261,0.00824316125363111,135.325393676758,-87.2112,26.7005,23.8413349516182,63,63,63,63,61,63,0,7818,1.13366707078925,27,-87,0.001869,51,2026-09-12 18:04:03.001937,274,1.037,0.0011,"aoml_navis",1027.57523743903
"7901009",122,-0.00494589650213308,1,0.016821,1,-0.005607,1,140.223204555712,1,4.86573617815444,276,1,17.5370006561279,36.3030014038086,0.0168210007250309,0.00329726422205567,135.215194702148,-87.2112,26.7005,23.8413349516182,63,63,63,63,61,63,-0.005607,7818,1.13366707078925,27,-87,0.001869,51,2026-09-12 18:04:03.001937,276,1.037,0.0011,"aoml_navis",1027.5937323623
"7901009",122,-0.00164863216737769,1,0.020559,1,-0.001869,1,140.321930079163,1,4.86564891159715,278,1,17.4640007019043,36.2919998168945,0.020558999851346,0.00659452844411135,135.310394287109,-87.2112,26.7005,23.8413349516182,63,63,63,63,61,63,-0.001869,7818,1.13366707078925,27,-87,0.001869,51,2026-09-12 18:04:03.001937,278,1.037,0.0011,"aoml_navis",1027.61216249751
"7901009",122,-0.00329726433475539,1,0.01869,1,-0.003738,1,140.291247471378,1,4.86555845704973,280,1,17.3850002288818,36.2799987792969,0.0186899993568659,0.00494589656591415,135.280807495117,-87.2112,26.7005,23.8413349516182,63,63,63,63,61,63,-0.003738,7818,1.13366707078925,27,-87,0.001869,51,2026-09-12 18:04:03.001937,280,1.037,0.0011,"aoml_navis",1027.63126661349
"7901009",122,0.00164863216737769,1,0.024297,1,0.001869,1,140.059980677782,1,4.86548760740847,282,1,17.3349990844727,36.2719993591309,0.0242970008403063,0.00989179313182831,135.057800292969,-87.2112,26.7005,23.8413349516182,63,63,63,63,61,63,0.001869,7818,1.13366707078925,27,-87,0.001869,51,2026-09-12 18:04:03.001937,282,1.037,0.0011,"aoml_navis",1027.64623064433
"7901009",122,-0.00494589650213308,1,0.016821,1,-0.005607,1,139.76826645678,1,4.86539858275103,284,1,17.2600002288818,36.2610015869141,0.0168210007250309,0.00329726422205567,134.776504516602,-87.2112,26.7005,23.8413349516182,63,63,63,63,61,63,-0.005607,7818,1.13366707078925,27,-87,0.001869,51,2026-09-12 18:04:03.001937,284,1.037,0.0011,"aoml_navis",1027.66503400691
"7901009",122,-0.00329726433475539,1,0.01869,1,-0.003738,1,139.554421814381,1,4.86531849821493,286,1,17.1800003051758,36.2459983825684,0.0186899993568659,0.00494589656591415,134.570297241211,-87.2112,26.7005,23.8413349516182,63,63,63,63,61,63,-0.003738,7818,1.13366707078925,27,-87,0.001869,51,2026-09-12 18:04:03.001937,286,1.037,0.0011,"aoml_navis",1027.68194966773
"7901009",122,0,1,0.022428,1,0,1,139.359882371311,1,4.8651969643426,288,1,17.0639991760254,36.2309989929199,0.0224280003458261,0.00824316125363111,134.382705688477,-87.2112,26.7005,23.8413349516182,63,63,63,63,61,63,0,7818,1.13366707078925,27,-87,0.001869,51,2026-09-12 18:04:03.001937,288,1.037,0.0011,"aoml_navis",1027.70762142733
"7901009",122,-0.00329726433475539,1,0.01869,1,-0.003738,1,139.270698679986,1,4.86512623711516,290,1,17.0009994506836,36.2190017700195,0.0186899993568659,0.00494589656591415,134.29670715332,-87.2112,26.7005,23.8413349516182,63,63,63,63,61,63,-0.003738,7818,1.13366707078925,27,-87,0.001869,51,2026-09-12 18:04:03.001937,290,1.037,0.0011,"aoml_navis",1027.72256182294
"7901009",122,0,1,0.022428,1,0,1,139.285731417168,1,4.86503955436339,292,1,16.923999786377,36.2070007324219,0.0224280003458261,0.00824316125363111,134.31120300293,-87.2112,26.7005,23.8413349516182,63,63,63,63,61,63,0,7818,1.13366707078925,27,-87,0.001869,51,2026-09-12 18:04:03.001937,292,1.037,0.0011,"aoml_navis",1027.74087325057
"7901009",122,-0.00329726433475539,1,0.01869,1,-0.003738,1,139.427498040762,1,4.86497828806906,294,1,16.8910007476807,36.2019996643066,0.0186899993568659,0.00494589656591415,134.447906494141,-87.2112,26.7005,23.8413349516182,63,63,63,63,61,63,-0.003738,7818,1.13366707078925,27,-87,0.001869,51,2026-09-12 18:04:03.001937,294,1.037,0.0011,"aoml_navis",1027.7538159342
"7901009",122,-0.00164863216737769,1,0.020559,1,-0.001869,1,139.810991078245,1,4.86488448708398,296,1,16.8169994354248,36.193000793457,0.020558999851346,0.00659452844411135,134.81770324707,-87.2112,26.7005,23.8413349516182,63,63,63,63,61,63,-0.001869,7818,1.13366707078925,27,-87,0.001869,51,2026-09-12 18:04:03.001937,296,1.037,0.0011,"aoml_navis",1027.7736322979
"7901009",122,-0.00164863216737769,1,0.020559,1,-0.001869,1,140.17726767567,1,4.8648120853186,298,1,16.7709999084473,36.1870002746582,0.020558999851346,0.00659452844411135,135.1708984375,-87.2112,26.7005,23.8413349516182,63,63,63,63,61,63,-0.001869,7818,1.13366707078925,27,-87,0.001869,51,2026-09-12 18:04:03.001937,298,1.037,0.0011,"aoml_navis",1027.7889283924
"7901009",122,-0.00659452866951077,1,0.014952,1,-0.007476,1,140.415481176238,1,4.86475520016114,300,1,16.7479991912842,36.1839981079102,0.0149520002305508,0.00164863211102784,135.400604248047,-87.2112,26.7005,23.8413349516182,63,63,63,63,61,63,-0.007476,7818,1.13366707078925,27,-87,0.001869,51,2026-09-12 18:04:03.001937,300,1.037,0.0011,"aoml_navis",1027.80094666107
"7901009",122,-0.00164863216737769,1,0.020559,1,-0.001869,1,140.775950389931,1,4.86464885324187,302,1,16.6690006256104,36.1769981384277,0.020558999851346,0.00659452844411135,135.748199462891,-87.2112,26.7005,23.8413349516182,63,63,63,63,61,63,-0.001869,7818,1.13366707078925,27,-87,0.001869,51,2026-09-12 18:04:03.001937,302,1.037,0.0011,"aoml_navis",1027.82341559308
"7901009",122,0,1,0.014952,1,-0.007476,1,140.957118608876,1,4.86458717934467,304,1,16.628999710083,36.1699981689453,0.0149520002305508,0.00164863211102784,135.922897338867,-87.2112,26.7005,23.8413349516182,63,63,63,63,61,63,0,7818,1.13366707078925,27,-87,0.001869,51,2026-09-12 18:04:03.001937,304,1.037,0.0011,"aoml_navis",1027.83644647799
"7901009",122,0,1,0.022428,1,0,1,141.067158245049,1,4.86451440096354,306,1,16.576000213623,36.1619987487793,0.0224280003458261,0.00824316125363111,136.029006958008,-87.2112,26.7005,23.8413349516182,63,63,63,63,61,63,0,7818,1.13366707078925,27,-87,0.001869,51,2026-09-12 18:04:03.001937,306,1.037,0.0011,"aoml_navis",1027.8518240196
"7901009",122,0,1,0.014952,1,-0.007476,1,140.778861993764,1,4.86446265087885,308,1,16.5510005950928,36.1570014953613,0.0149520002305508,0.00164863211102784,135.751007080078,-87.2112,26.7005,23.8413349516182,63,63,63,63,61,63,0,7818,1.13366707078925,27,-87,0.001869,51,2026-09-12 18:04:03.001937,308,1.037,0.0011,"aoml_navis",1027.86275871533
"7901009",122,0,1,0.020559,1,-0.001869,1,140.29051957042,1,4.86439752993228,310,1,16.5109996795654,36.1510009765625,0.020558999851346,0.00659452844411135,135.28010559082,-87.2112,26.7005,23.8413349516182,63,63,63,63,61,63,0,7818,1.13366707078925,27,-87,0.001869,51,2026-09-12 18:04:03.001937,310,1.037,0.0011,"aoml_navis",1027.87651897965
"7901009",122,0,1,0.014952,1,-0.007476,1,139.708325395258,1,4.86431980259148,312,1,16.44700050354,36.140998840332,0.0149520002305508,0.00164863211102784,134.718704223633,-87.2112,26.7005,23.8413349516182,63,63,63,63,61,63,0,7818,1.13366707078925,27,-87,0.001869,51,2026-09-12 18:04:03.001937,312,1.037,0.0011,"aoml_navis",1027.89294349772
"7901009",122,0,1,0.020559,1,-0.001869,1,139.103835297265,1,4.86424763776777,314,1,16.3910007476807,36.1319999694824,0.020558999851346,0.00659452844411135,134.135803222656,-87.2112,26.7005,23.8413349516182,63,63,63,63,61,63,0,7818,1.13366707078925,27,-87,0.001869,51,2026-09-12 18:04:03.001937,314,1.037,0.0011,"aoml_navis",1027.90819307352
"7901009",122,0,1,0.016821,1,-0.005607,1,138.617977231539,1,4.8641893801364,316,1,16.3439998626709,36.1220016479492,0.0168210007250309,0.00329726422205567,133.667297363281,-87.2112,26.7005,23.8413349516182,63,63,63,63,61,63,0,7818,1.13366707078925,27,-87,0.001869,51,2026-09-12 18:04:03.001937,316,1.037,0.0011,"aoml_navis",1027.92050416832
"7901009",122,0,1,0.016821,1,-0.005607,1,138.307068578745,1,4.86410844931736,318,1,16.2800006866455,36.1129989624023,0.0168210007250309,0.00329726422205567,133.367492675781,-87.2112,26.7005,23.8413349516182,63,63,63,63,61,63,0,7818,1.13366707078925,27,-87,0.001869,51,2026-09-12 18:04:03.001937,318,1.037,0.0011,"aoml_navis",1027.93760708639
"7901009",122,0,1,0.020559,1,-0.001869,1,137.913305808178,1,4.86405126493727,320,1,16.2369995117188,36.1040000915527,0.020558999851346,0.00659452844411135,132.98779296875,-87.2112,26.7005,23.8413349516182,63,63,63,63,61,63,0,7818,1.13366707078925,27,-87,0.001869,51,2026-09-12 18:04:03.001937,320,1.037,0.0011,"aoml_navis",1027.94969206898
"7901009",122,0,1,0.016821,1,-0.005607,1,137.239649295213,1,4.86398775595969,322,1,16.1979999542236,36.0979995727539,0.0168210007250309,0.00329726422205567,132.338195800781,-87.2112,26.7005,23.8413349516182,63,63,63,63,61,63,0,7818,1.13366707078925,27,-87,0.001869,51,2026-09-12 18:04:03.001937,322,1.037,0.0011,"aoml_navis",1027.96311398475
"7901009",122,0,1,0.01869,1,-0.003738,1,136.172135068077,1,4.86390912428921,324,1,16.1259994506836,36.0859985351562,0.0186899993568659,0.00494589656591415,131.308807373047,-87.2112,26.7005,23.8413349516182,63,63,63,63,61,63,0,7818,1.13366707078925,27,-87,0.001869,51,2026-09-12 18:04:03.001937,324,1.037,0.0011,"aoml_navis",1027.97973239903
"7901009",122,0,1,0.016821,1,-0.005607,1,134.820454636398,1,4.86383599548521,326,1,16.0620002746582,36.0750007629395,0.0168210007250309,0.00329726422205567,130.005401611328,-87.2112,26.7005,23.8413349516182,63,63,63,63,61,63,0,7818,1.13366707078925,27,-87,0.001869,51,2026-09-12 18:04:03.001937,326,1.037,0.0011,"aoml_navis",1027.99518829195
"7901009",122,0,1,0.016821,1,-0.005607,1,133.417552130762,1,4.8637485597995,328,1,15.9849996566772,36.0639991760254,0.0168210007250309,0.00329726422205567,128.652603149414,-87.2112,26.7005,23.8413349516182,63,63,63,63,61,63,0,7818,1.13366707078925,27,-87,0.001869,51,2026-09-12 18:04:03.001937,328,1.037,0.0011,"aoml_navis",1028.01366857791
"7901009",122,0,1,0.01869,1,-0.003738,1,132.242688336213,1,4.86369380899051,330,1,15.9469995498657,36.0559997558594,0.0186899993568659,0.00494589656591415,127.51969909668,-87.2112,26.7005,23.8413349516182,63,63,63,63,61,63,0,7818,1.13366707078925,27,-87,0.001869,51,2026-09-12 18:04:03.001937,330,1.037,0.0011,"aoml_navis",1028.02524097169
"7901009",122,0,1,0.020559,1,-0.001869,1,130.904078473915,1,4.86363881613719,332,1,15.9119997024536,36.048999786377,0.020558999851346,0.00659452844411135,126.228897094727,-87.2112,26.7005,23.8413349516182,63,63,63,63,61,63,0,7818,1.13366707078925,27,-87,0.001869,51,2026-09-12 18:04:03.001937,332,1.037,0.0011,"aoml_navis",1028.0368647874
"7901009",122,0,1,0.01869,1,-0.003738,1,130.454836991178,1,4.86353014841671,334,1,15.798999786377,36.0330009460449,0.0186899993568659,0.00494589656591415,125.795700073242,-87.2112,26.7005,23.8413349516182,63,63,63,63,61,63,0,7818,1.13366707078925,27,-87,0.001869,51,2026-09-12 18:04:03.001937,334,1.037,0.0011,"aoml_navis",1028.05983460958
"7901009",122,0,1,0.01869,1,-0.003738,1,130.312247523023,1,4.8634581996011,336,1,15.7320003509521,36.0209999084473,0.0186899993568659,0.00494589656591415,125.658203125,-87.2112,26.7005,23.8413349516182,63,63,63,63,61,63,0,7818,1.13366707078925,27,-87,0.001869,51,2026-09-12 18:04:03.001937,336,1.037,0.0011,"aoml_navis",1028.07504347629
"7901009",122,0,1,0.016821,1,-0.005607,1,130.193607578788,1,4.86338059887787,338,1,15.6630001068115,36.0099983215332,0.0168210007250309,0.00329726422205567,125.543800354004,-87.2112,26.7005,23.8413349516182,63,63,63,63,61,63,0,7818,1.13366707078925,27,-87,0.001869,51,2026-09-12 18:04:03.001937,338,1.037,0.0011,"aoml_navis",1028.09144757325
"7901009",122,0,1,0.020559,1,-0.001869,1,130.587781771637,1,4.86328446618875,340,1,15.5670003890991,35.9959983825684,0.020558999851346,0.00659452844411135,125.923896789551,-87.2112,26.7005,23.8413349516182,63,63,63,63,61,63,0,7818,1.13366707078925,27,-87,0.001869,51,2026-09-12 18:04:03.001937,340,1.037,0.0011,"aoml_navis",1028.11176988756
"7901009",122,0,1,0.022428,1,0,1,130.685470827419,1,4.86322372796557,342,1,15.5129995346069,35.9850006103516,0.0224280003458261,0.00824316125363111,126.018096923828,-87.2112,26.7005,23.8413349516182,63,63,63,63,61,63,0,7818,1.13366707078925,27,-87,0.001869,51,2026-09-12 18:04:03.001937,342,1.037,0.0011,"aoml_navis",1028.12461027608
"7901009",122,0,1,0.020559,1,-0.001869,1,129.803682112185,1,4.86316496251098,344,1,15.4739999771118,35.9780006408691,0.020558999851346,0.00659452844411135,125.16780090332,-87.2112,26.7005,23.8413349516182,63,63,63,63,61,63,0,7818,1.13366707078925,27,-87,0.001869,51,2026-09-12 18:04:03.001937,344,1.037,0.0011,"aoml_navis",1028.13703391595
"7901009",122,0,1,0.01869,1,-0.003738,1,128.781993997554,1,4.86309170602713,346,1,15.414999961853,35.9690017700195,0.0186899993568659,0.00494589656591415,124.182601928711,-87.2112,26.7005,23.8413349516182,63,63,63,63,61,63,0,7818,1.13366707078925,27,-87,0.001869,51,2026-09-12 18:04:03.001937,346,1.037,0.0011,"aoml_navis",1028.15252153341
"7901009",122,0,1,0.022428,1,0,1,128.87055264349,1,4.86300345536335,348,1,15.3219995498657,35.9539985656738,0.0224280003458261,0.00824316125363111,124.267997741699,-87.2112,26.7005,23.8413349516182,63,63,63,63,61,63,0,7818,1.13366707078925,27,-87,0.001869,51,2026-09-12 18:04:03.001937,348,1.037,0.0011,"aoml_navis",1028.17117978511
"7901009",122,0,1,0.01869,1,-0.003738,1,129.323220007911,1,4.86290905724621,350,1,15.2229995727539,35.9389991760254,0.0186899993568659,0.00494589656591415,124.704498291016,-87.2112,26.7005,23.8413349516182,63,63,63,63,61,63,0,7818,1.13366707078925,27,-87,0.001869,51,2026-09-12 18:04:03.001937,350,1.037,0.0011,"aoml_navis",1028.19113850166
"7901009",122,0,1,0.016821,1,-0.005607,1,129.874098617933,1,4.86281842955926,352,1,15.1169996261597,35.9210014343262,0.0168210007250309,0.00329726422205567,125.235702514648,-87.2112,26.7005,23.8413349516182,63,63,63,63,61,63,0,7818,1.13366707078925,27,-87,0.001869,51,2026-09-12 18:04:03.001937,352,1.037,0.0011,"aoml_navis",1028.21030076033
"7901009",122,0,1,0.020559,1,-0.001869,1,129.791030877051,1,4.86274595366862,354,1,15.0410003662109,35.9070014953613,0.020558999851346,0.00659452844411135,125.155601501465,-87.2112,26.7005,23.8413349516182,63,63,63,63,61,63,0,7818,1.13366707078925,27,-87,0.001869,51,2026-09-12 18:04:03.001937,354,1.037,0.0011,"aoml_navis",1028.2256255291
"7901009",122,0,1,0.01869,1,-0.003738,1,129.517150229527,1,4.86269114268453,356,1,15.0050001144409,35.9000015258789,0.0186899993568659,0.00494589656591415,124.891502380371,-87.2112,26.7005,23.8413349516182,63,63,63,63,61,63,0,7818,1.13366707078925,27,-87,0.001869,51,2026-09-12 18:04:03.001937,356,1.037,0.0011,"aoml_navis",1028.2372154197
"7901009",122,0,1,0.016821,1,-0.005607,1,129.242644536615,1,4.86261646351134,358,1,14.9469995498657,35.8919982910156,0.0168210007250309,0.00329726422205567,124.626800537109,-87.2112,26.7005,23.8413349516182,63,63,63,63,61,63,0,7818,1.13366707078925,27,-87,0.001869,51,2026-09-12 18:04:03.001937,358,1.037,0.0011,"aoml_navis",1028.25300689857
"7901009",122,0,1,0.020559,1,-0.001869,1,129.037313170641,1,4.86255813582777,360,1,14.91100025177,35.8860015869141,0.020558999851346,0.00659452844411135,124.428802490234,-87.2112,26.7005,23.8413349516182,63,63,63,63,61,63,0,7818,1.13366707078925,27,-87,0.001869,51,2026-09-12 18:04:03.001937,360,1.037,0.0011,"aoml_navis",1028.26534106802
"7901009",122,0,1,0.022428,1,0,1,128.756897238427,1,4.8625071223254,362,1,14.8920001983643,35.882999420166,0.0224280003458261,0.00824316125363111,124.158401489258,-87.2112,26.7005,23.8413349516182,63,63,63,63,61,63,0,7818,1.13366707078925,27,-87,0.001869,51,2026-09-12 18:04:03.001937,362,1.037,0.0011,"aoml_navis",1028.27612879852
"7901009",122,0,1,0.01869,1,-0.003738,1,128.360847909414,1,4.86245867627674,364,1,14.8719997406006,35.8790016174316,0.0186899993568659,0.00494589656591415,123.776496887207,-87.2112,26.7005,23.8413349516182,63,63,63,63,61,63,0,7818,1.13366707078925,27,-87,0.001869,51,2026-09-12 18:04:03.001937,364,1.037,0.0011,"aoml_navis",1028.28637380392
"7901009",122,0,1,0.016821,1,-0.005607,1,127.887237568508,1,4.8624015301639,366,1,14.8369998931885,35.8730010986328,0.0168210007250309,0.00329726422205567,123.319801330566,-87.2112,26.7005,23.8413349516182,63,63,63,63,61,63,0,7818,1.13366707078925,27,-87,0.001869,51,2026-09-12 18:04:03.001937,366,1.037,0.0011,"aoml_navis",1028.29845889578
"7901009",122,0,1,0.014952,1,-0.007476,1,127.496172778666,1,4.86233131517662,368,1,14.7760000228882,35.8629989624023,0.0149520002305508,0.00164863211102784,122.94270324707,-87.2112,26.7005,23.8413349516182,63,63,63,63,61,63,0,7818,1.13366707078925,27,-87,0.001869,51,2026-09-12 18:04:03.001937,368,1.037,0.0011,"aoml_navis",1028.31330814371
"7901009",122,0,1,0.01869,1,-0.003738,1,127.175310871465,1,4.86225744671543,370,1,14.7080001831055,35.8520011901855,0.0186899993568659,0.00494589656591415,122.63330078125,-87.2112,26.7005,23.8413349516182,63,63,63,63,61,63,0,7818,1.13366707078925,27,-87,0.001869,51,2026-09-12 18:04:03.001937,370,1.037,0.0011,"aoml_navis",1028.32893050071
"7901009",122,0,1,0.01869,1,-0.003738,1,126.831219429333,1,4.86218603294958,372,1,14.6490001678467,35.8429985046387,0.0186899993568659,0.00494589656591415,122.301498413086,-87.2112,26.7005,23.8413349516182,63,63,63,63,61,63,0,7818,1.13366707078925,27,-87,0.001869,51,2026-09-12 18:04:03.001937,372,1.037,0.0011,"aoml_navis",1028.34403416827
"7901009",122,0,1,0.022428,1,0,1,126.199978971123,1,4.86212366661572,374,1,14.5950002670288,35.8330001831055,0.0224280003458261,0.00824316125363111,121.692802429199,-87.2112,26.7005,23.8413349516182,63,63,63,63,61,63,0,7818,1.13366707078925,27,-87,0.001869,51,2026-09-12 18:04:03.001937,374,1.037,0.0011,"aoml_navis",1028.35722471046
"7901009",122,0,1,0.024297,1,0.001869,1,125.338508186985,1,4.86205980080617,376,1,14.53600025177,35.8219985961914,0.0242970008403063,0.00989179313182831,120.862098693848,-87.2112,26.7005,23.8413349516182,63,63,63,63,61,63,0,7818,1.13366707078925,27,-87,0.001869,51,2026-09-12 18:04:03.001937,376,1.037,0.0011,"aoml_navis",1028.37073274396
"7901009",122,0,1,0.020559,1,-0.001869,1,124.281770058819,1,4.86198878654506,378,1,14.4770002365112,35.8129997253418,0.020558999851346,0.00659452844411135,119.843101501465,-87.2112,26.7005,23.8413349516182,63,63,63,63,61,63,0,7818,1.13366707078925,27,-87,0.001869,51,2026-09-12 18:04:03.001937,378,1.037,0.0011,"aoml_navis",1028.38575313807
"7901009",122,0,1,0.022428,1,0,1,124.495606789251,1,4.86188158664499,380,1,14.3590002059937,35.7970008850098,0.0224280003458261,0.00824316125363111,120.049301147461,-87.2112,26.7005,23.8413349516182,63,63,63,63,61,63,0,7818,1.13366707078925,27,-87,0.001869,51,2026-09-12 18:04:03.001937,380,1.037,0.0011,"aoml_navis",1028.40842807328
"7901009",122,0,1,0.022428,1,0,1,125.195190817871,1,4.86177707349739,382,1,14.25,35.7830009460449,0.0224280003458261,0.00824316125363111,120.723899841309,-87.2112,26.7005,23.8413349516182,63,63,63,63,61,63,0,7818,1.13366707078925,27,-87,0.001869,51,2026-09-12 18:04:03.001937,382,1.037,0.0011,"aoml_navis",1028.43053566896
"7901009",122,0,1,0.01869,1,-0.003738,1,125.266746646858,1,4.86173432789275,384,1,14.21399974823,35.7729988098145,0.0186899993568659,0.00494589656591415,120.792900085449,-87.2112,26.7005,23.8413349516182,63,63,63,63,61,63,0,7818,1.13366707078925,27,-87,0.001869,51,2026-09-12 18:04:03.001937,384,1.037,0.0011,"aoml_navis",1028.43957789178
"7901009",122,0,1,0.020559,1,-0.001869,1,125.161074416435,1,4.86168795257327,386,1,14.1920003890991,35.7680015563965,0.020558999851346,0.00659452844411135,120.69100189209,-87.2112,26.7005,23.8413349516182,63,63,63,63,61,63,0,7818,1.13366707078925,27,-87,0.001869,51,2026-09-12 18:04:03.001937,386,1.037,0.0011,"aoml_navis",1028.44938810882
"7901009",122,0,1,0.01869,1,-0.003738,1,125.128097338237,1,4.86162245220283,388.100006103516,1,14.1359996795654,35.757999420166,0.0186899993568659,0.00494589656591415,120.659202575684,-87.2112,26.7005,23.8413349516182,63,63,63,63,61,63,0,7818,1.13366707078925,27,-87,0.001869,51,2026-09-12 18:04:03.001937,388.100006103516,1.037,0.0011,"aoml_navis",1028.46324435055
"7901009",122,0,1,0.024297,1,0.001869,1,125.141159995652,1,4.86155556892812,390,1,14.0710000991821,35.7470016479492,0.0242970008403063,0.00989179313182831,120.671798706055,-87.2112,26.7005,23.8413349516182,63,63,63,63,61,63,0,7818,1.13366707078925,27,-87,0.001869,51,2026-09-12 18:04:03.001937,390,1.037,0.0011,"aoml_navis",1028.47739352333
"7901009",122,0,1,0.024297,1,0.001869,1,125.082255401799,1,4.86148933796291,392,1,14.0120000839233,35.7369995117188,0.0242970008403063,0.00989179313182831,120.61499786377,-87.2112,26.7005,23.8413349516182,63,63,63,63,61,63,0,7818,1.13366707078925,27,-87,0.001869,51,2026-09-12 18:04:03.001937,392,1.037,0.0011,"aoml_navis",1028.49140508351
"7901009",122,0,1,0.022428,1,0,1,125.024387275615,1,4.86142950428177,394,1,13.9519996643066,35.7249984741211,0.0224280003458261,0.00824316125363111,120.559196472168,-87.2112,26.7005,23.8413349516182,63,63,63,63,61,63,0,7818,1.13366707078925,27,-87,0.001869,51,2026-09-12 18:04:03.001937,394,1.037,0.0011,"aoml_navis",1028.50406358792
"7901009",122,0,1,0.022428,1,0,1,124.937276519628,1,4.8613656041791,396,1,13.8950004577637,35.7150001525879,0.0224280003458261,0.00824316125363111,120.475196838379,-87.2112,26.7005,23.8413349516182,63,63,63,63,61,63,0,7818,1.13366707078925,27,-87,0.001869,51,2026-09-12 18:04:03.001937,396,1.037,0.0011,"aoml_navis",1028.51758273472
"7901009",122,0,1,0.022428,1,0,1,124.961756145334,1,4.86126333765946,398,1,13.7790002822876,35.6990013122559,0.0224280003458261,0.00824316125363111,120.498802185059,-87.2112,26.7005,23.8413349516182,63,63,63,63,61,63,0,7818,1.13366707078925,27,-87,0.001869,51,2026-09-12 18:04:03.001937,398,1.037,0.0011,"aoml_navis",1028.53921968509
"7901009",122,0,1,0.026166,1,0.003738,1,124.859501884628,1,4.86119465675692,400,1,13.6990003585815,35.6839981079102,0.0261659994721413,0.0115404240787029,120.400199890137,-87.2112,26.7005,23.8413349516182,63,63,63,63,61,63,0,7818,1.13366707078925,27,-87,0.001869,51,2026-09-12 18:04:03.001937,400,1.037,0.0011,"aoml_navis",1028.55375129859
"7901009",122,0,1,0.020559,1,-0.001869,1,124.383810696418,1,4.86114135122632,402,1,13.6590003967285,35.6759986877441,0.020558999851346,0.00659452844411135,119.941497802734,-87.2112,26.7005,23.8413349516182,63,63,63,63,61,63,0,7818,1.13366707078925,27,-87,0.001869,51,2026-09-12 18:04:03.001937,402,1.037,0.0011,"aoml_navis",1028.56503004971
"7901009",122,0,1,0.024297,1,0.001869,1,123.764185005672,1,4.86107003230268,404,1,13.5939998626709,35.6660003662109,0.0242970008403063,0.00989179313182831,119.34400177002,-87.2112,26.7005,23.8413349516182,63,63,63,63,61,63,0,7818,1.13366707078925,27,-87,0.001869,51,2026-09-12 18:04:03.001937,404,1.037,0.0011,"aoml_navis",1028.58012058541
"7901009",122,0,1,0.024297,1,0.001869,1,122.825145297675,1,4.86100839577127,406,1,13.5419998168945,35.6570014953613,0.0242970008403063,0.00989179313182831,118.438499450684,-87.2112,26.7005,23.8413349516182,63,63,63,63,61,63,0,7818,1.13366707078925,27,-87,0.001869,51,2026-09-12 18:04:03.001937,406,1.037,0.0011,"aoml_navis",1028.59316275809
"7901009",122,0,1,0.020559,1,-0.001869,1,122.038759079778,1,4.86091180738716,408,1,13.4479999542236,35.6459999084473,0.020558999851346,0.00659452844411135,117.680198669434,-87.2112,26.7005,23.8413349516182,63,63,63,63,61,63,0,7818,1.13366707078925,27,-87,0.001869,51,2026-09-12 18:04:03.001937,408,1.037,0.0011,"aoml_navis",1028.61360134152
"7901009",122,0,1,0.01869,1,-0.003738,1,121.06072919871,1,4.86084583556208,410,1,13.3950004577637,35.6380004882812,0.0186899993568659,0.00494589656591415,116.737098693848,-87.2112,26.7005,23.8413349516182,63,63,63,63,61,63,0,7818,1.13366707078925,27,-87,0.001869,51,2026-09-12 18:04:03.001937,410,1.037,0.0011,"aoml_navis",1028.62756177533
"7901009",122,0,1,0.024297,1,0.001869,1,120.289280774393,1,4.86078208821382,412,1,13.3549995422363,35.632999420166,0.0242970008403063,0.00989179313182831,115.993202209473,-87.2112,26.7005,23.8413349516182,63,63,63,63,61,63,0,7818,1.13366707078925,27,-87,0.001869,51,2026-09-12 18:04:03.001937,412,1.037,0.0011,"aoml_navis",1028.64105184303
"7901009",122,0,1,0.022428,1,0,1,119.842001459457,1,4.86071495432618,414,1,13.2969999313354,35.6240005493164,0.0224280003458261,0.00824316125363111,115.561897277832,-87.2112,26.7005,23.8413349516182,63,63,63,63,61,63,0,7818,1.13366707078925,27,-87,0.001869,51,2026-09-12 18:04:03.001937,414,1.037,0.0011,"aoml_navis",1028.65525894495
"7901009",122,0,1,0.020559,1,-0.001869,1,119.735498472505,1,4.86063161117585,416,1,13.2080001831055,35.6110000610352,0.020558999851346,0.00659452844411135,115.459197998047,-87.2112,26.7005,23.8413349516182,63,63,63,63,61,63,0,7818,1.13366707078925,27,-87,0.001869,51,2026-09-12 18:04:03.001937,416,1.037,0.0011,"aoml_navis",1028.67289685228
"7901009",122,0,1,0.024297,1,0.001869,1,119.853616226922,1,4.86054695867975,418,1,13.1099996566772,35.5960006713867,0.0242970008403063,0.00989179313182831,115.573097229004,-87.2112,26.7005,23.8413349516182,63,63,63,63,61,63,0,7818,1.13366707078925,27,-87,0.001869,51,2026-09-12 18:04:03.001937,418,1.037,0.0011,"aoml_navis",1028.69081247558
"7901009",122,0,1,0.022428,1,0,1,119.876434339571,1,4.86049065129756,420,1,13.0659999847412,35.5880012512207,0.0224280003458261,0.00824316125363111,115.595100402832,-87.2112,26.7005,23.8413349516182,63,63,63,63,61,63,0,7818,1.13366707078925,27,-87,0.001869,51,2026-09-12 18:04:03.001937,420,1.037,0.0011,"aoml_navis",1028.70272956192
"7901009",122,0,1,0.020559,1,-0.001869,1,119.833187528288,1,4.86044130078252,422,1,13.039999961853,35.5830001831055,0.020558999851346,0.00659452844411135,115.553398132324,-87.2112,26.7005,23.8413349516182,63,63,63,63,61,63,0,7818,1.13366707078925,27,-87,0.001869,51,2026-09-12 18:04:03.001937,422,1.037,0.0011,"aoml_navis",1028.71317450023
"7901009",122,0,1,0.024297,1,0.001869,1,119.663222654527,1,4.86038245736391,424,1,12.9969997406006,35.576000213623,0.0242970008403063,0.00989179313182831,115.389503479004,-87.2112,26.7005,23.8413349516182,63,63,63,63,61,63,0,7818,1.13366707078925,27,-87,0.001869,51,2026-09-12 18:04:03.001937,424,1.037,0.0011,"aoml_navis",1028.72562886992
"7901009",122,0,1,0.022428,1,0,1,119.385710414178,1,4.86032664954564,426,1,12.9569997787476,35.5690002441406,0.0224280003458261,0.00824316125363111,115.12190246582,-87.2112,26.7005,23.8413349516182,63,63,63,63,61,63,0,7818,1.13366707078925,27,-87,0.001869,51,2026-09-12 18:04:03.001937,426,1.037,0.0011,"aoml_navis",1028.73744102517
"7901009",122,0,1,0.020559,1,-0.001869,1,118.949325877716,1,4.86026441235405,428,1,12.9029998779297,35.560001373291,0.020558999851346,0.00659452844411135,114.701103210449,-87.2112,26.7005,23.8413349516182,63,63,63,63,61,63,0,7818,1.13366707078925,27,-87,0.001869,51,2026-09-12 18:04:03.001937,428,1.037,0.0011,"aoml_navis",1028.75061432682
"7901009",122,0,1,0.024297,1,0.001869,1,117.989438136837,1,4.86020792309477,430,1,12.8509998321533,35.5499992370605,0.0242970008403063,0.00989179313182831,113.775497436523,-87.2112,26.7005,23.8413349516182,63,63,63,63,61,63,0,7818,1.13366707078925,27,-87,0.001869,51,2026-09-12 18:04:03.001937,430,1.037,0.0011,"aoml_navis",1028.76257129679
"7901009",122,0,1,0.020559,1,-0.001869,1,116.037532157344,1,4.86014843039199,432,1,12.8070001602173,35.5429992675781,0.020558999851346,0.00659452844411135,111.89330291748,-87.2112,26.7005,23.8413349516182,63,63,63,63,61,63,0,7818,1.13366707078925,27,-87,0.001869,51,2026-09-12 18:04:03.001937,432,1.037,0.0011,"aoml_navis",1028.77516430023
"7901009",122,0,1,0.020559,1,-0.001869,1,113.226117561514,1,4.86008313721232,434,1,12.7980003356934,35.5470008850098,0.020558999851346,0.00659452844411135,109.18229675293,-87.2112,26.7005,23.8413349516182,63,63,63,63,61,63,0,7818,1.13366707078925,27,-87,0.001869,51,2026-09-12 18:04:03.001937,434,1.037,0.0011,"aoml_navis",1028.78898546331
"7901009",122,0,1,0.022428,1,0,1,112.467526083471,1,4.85998909668244,436,1,12.7819995880127,35.556999206543,0.0224280003458261,0.00824316125363111,108.450798034668,-87.2112,26.7005,23.8413349516182,63,63,63,63,61,63,0,7818,1.13366707078925,27,-87,0.001869,51,2026-09-12 18:04:03.001937,436,1.037,0.0011,"aoml_navis",1028.80889247532
"7901009",122,0,1,0.024297,1,0.001869,1,112.696917740902,1,4.85992625861317,438,1,12.7270002365112,35.5480003356934,0.0242970008403063,0.00989179313182831,108.671997070312,-87.2112,26.7005,23.8413349516182,63,63,63,63,61,63,0,7818,1.13366707078925,27,-87,0.001869,51,2026-09-12 18:04:03.001937,438,1.037,0.0011,"aoml_navis",1028.82219480976
"7901009",122,0,1,0.026166,1,0.003738,1,113.042354217413,1,4.85985964565331,440,1,12.6680002212524,35.5390014648438,0.0261659994721413,0.0115404240787029,109.005096435547,-87.2112,26.7005,23.8413349516182,63,63,63,63,61,63,0,7818,1.13366707078925,27,-87,0.001869,51,2026-09-12 18:04:03.001937,440,1.037,0.0011,"aoml_navis",1028.83629663504
"7901009",122,0,1,0.026166,1,0.003738,1,112.992374322266,1,4.85978835048056,442,1,12.58899974823,35.5260009765625,0.0261659994721413,0.0115404240787029,108.956901550293,-87.2112,26.7005,23.8413349516182,63,63,63,63,61,63,0,7818,1.13366707078925,27,-87,0.001869,51,2026-09-12 18:04:03.001937,442,1.037,0.0011,"aoml_navis",1028.85139010335
"7901009",122,0,1,0.024297,1,0.001869,1,112.25120499542,1,4.85973976007917,444,1,12.5520000457764,35.5180015563965,0.0242970008403063,0.00989179313182831,108.242202758789,-87.2112,26.7005,23.8413349516182,63,63,63,63,61,63,0,7818,1.13366707078925,27,-87,0.001869,51,2026-09-12 18:04:03.001937,444,1.037,0.0011,"aoml_navis",1028.86167713609
"7901009",122,0,1,0.028035,1,0.005607,1,111.299822618999,1,4.85965017461752,446,1,12.4650001525879,35.507999420166,0.0280349999666214,0.0131890568882227,107.324798583984,-87.2112,26.7005,23.8413349516182,63,63,63,63,61,63,0,7818,1.13366707078925,27,-87,0.001869,51,2026-09-12 18:04:03.001937,446,1.037,0.0011,"aoml_navis",1028.8806437376
"7901009",122,0,1,0.022428,1,0,1,110.787839238445,1,4.85957402038511,448,1,12.4029998779297,35.5009994506836,0.0224280003458261,0.00824316125363111,106.831100463867,-87.2112,26.7005,23.8413349516182,63,63,63,63,61,63,0,7818,1.13366707078925,27,-87,0.001869,51,2026-09-12 18:04:03.001937,448,1.037,0.0011,"aoml_navis",1028.89676729397
"7901009",122,0,1,0.026166,1,0.003738,1,110.454951141498,1,4.85949841408998,450,1,12.3299999237061,35.4910011291504,0.0261659994721413,0.0115404240787029,106.510101318359,-87.2112,26.7005,23.8413349516182,63,63,63,63,61,63,0,7818,1.13366707078925,27,-87,0.001869,51,2026-09-12 18:04:03.001937,450,1.037,0.0011,"aoml_navis",1028.91277533966
"7901009",122,0,1,0.024297,1,0.001869,1,109.881159475224,1,4.85944405921714,452,1,12.2980003356934,35.4860000610352,0.0242970008403063,0.00989179313182831,105.956802368164,-87.2112,26.7005,23.8413349516182,63,63,63,63,61,63,0,7818,1.13366707078925,27,-87,0.001869,51,2026-09-12 18:04:03.001937,452,1.037,0.0011,"aoml_navis",1028.92428415062
"7901009",122,0,1,0.029904,1,0.007476,1,109.421331780724,1,4.85938094931591,454,1,12.2530002593994,35.4799995422363,0.0299040004611015,0.0148376896977425,105.513397216797,-87.2112,26.7005,23.8413349516182,63,63,63,63,61,63,0,7818,1.13366707078925,27,-87,0.001869,51,2026-09-12 18:04:03.001937,454,1.037,0.0011,"aoml_navis",1028.93764702763
"7901009",122,0,1,0.028035,1,0.005607,1,109.777243701461,1,4.85931966354474,456,1,12.206000328064,35.4729995727539,0.0280349999666214,0.0131890568882227,105.856597900391,-87.2112,26.7005,23.8413349516182,63,63,63,63,61,63,0,7818,1.13366707078925,27,-87,0.001869,51,2026-09-12 18:04:03.001937,456,1.037,0.0011,"aoml_navis",1028.95062399592
"7901009",122,0,1,0.020559,1,-0.001869,1,110.773526490254,1,4.85924771111139,458,1,12.1169996261597,35.4580001831055,0.020558999851346,0.00659452844411135,106.81729888916,-87.2112,26.7005,23.8413349516182,63,63,63,63,61,63,0,7818,1.13366707078925,27,-87,0.001869,51,2026-09-12 18:04:03.001937,458,1.037,0.0011,"aoml_navis",1028.96585999655
"7901009",122,0,1,0.026166,1,0.003738,1,112.092538410446,1,4.85920349287071,460,1,12.0799999237061,35.4490013122559,0.0261659994721413,0.0115404240787029,108.089202880859,-87.2112,26.7005,23.8413349516182,63,63,63,63,61,63,0,7818,1.13366707078925,27,-87,0.001869,51,2026-09-12 18:04:03.001937,460,1.037,0.0011,"aoml_navis",1028.97522347765
"7901009",122,0,1,0.026166,1,0.003738,1,114.020281242911,1,4.85913569610895,462,1,11.9910001754761,35.4329986572266,0.0261659994721413,0.0115404240787029,109.948097229004,-87.2112,26.7005,23.8413349516182,63,63,63,63,61,63,0,7818,1.13366707078925,27,-87,0.001869,51,2026-09-12 18:04:03.001937,462,1.037,0.0011,"aoml_navis",1028.98958018477
"7901009",122,0,1,0.029904,1,0.007476,1,115.581644622379,1,4.85904808971983,464,1,11.8299999237061,35.4039993286133,0.0299040004611015,0.0148376896977425,111.45369720459,-87.2112,26.7005,23.8413349516182,63,63,63,63,61,63,0,7818,1.13366707078925,27,-87,0.001869,51,2026-09-12 18:04:03.001937,464,1.037,0.0011,"aoml_navis",1029.00813239086
"7901009",122,0,1,0.024297,1,0.001869,1,116.422370229206,1,4.85899599180215,466,1,11.7449998855591,35.3849983215332,0.0242970008403063,0.00989179313182831,112.26439666748,-87.2112,26.7005,23.8413349516182,63,63,63,63,61,63,0,7818,1.13366707078925,27,-87,0.001869,51,2026-09-12 18:04:03.001937,466,1.037,0.0011,"aoml_navis",1029.0191653658
"7901009",122,0,1,0.028035,1,0.005607,1,117.122895781892,1,4.85890453116541,468,1,11.6370000839233,35.3709983825684,0.0280349999666214,0.0131890568882227,112.939903259277,-87.2112,26.7005,23.8413349516182,63,63,63,63,61,63,0,7818,1.13366707078925,27,-87,0.001869,51,2026-09-12 18:04:03.001937,468,1.037,0.0011,"aoml_navis",1029.03853490629
"7901009",122,0,1,0.024297,1,0.001869,1,117.091263738074,1,4.85886261518712,470,1,11.5780000686646,35.3559989929199,0.0242970008403063,0.00989179313182831,112.909400939941,-87.2112,26.7005,23.8413349516182,63,63,63,63,61,63,0,7818,1.13366707078925,27,-87,0.001869,51,2026-09-12 18:04:03.001937,470,1.037,0.0011,"aoml_navis",1029.04741211899
"7901009",122,0,1,0.026166,1,0.003738,1,116.846625720352,1,4.858816738215,472,1,11.5620002746582,35.3530006408691,0.0261659994721413,0.0115404240787029,112.673500061035,-87.2112,26.7005,23.8413349516182,63,63,63,63,61,63,0,7818,1.13366707078925,27,-87,0.001869,51,2026-09-12 18:04:03.001937,472,1.037,0.0011,"aoml_navis",1029.05712838984
"7901009",122,0,1,0.024297,1,0.001869,1,116.270238928923,1,4.85875580210607,474,1,11.5019998550415,35.3429985046387,0.0242970008403063,0.00989179313182831,112.117698669434,-87.2112,26.7005,23.8413349516182,63,63,63,63,61,63,0,7818,1.13366707078925,27,-87,0.001869,51,2026-09-12 18:04:03.001937,474,1.037,0.0011,"aoml_navis",1029.07003431469
"7901009",122,0,1,0.024297,1,0.001869,1,115.392596084364,1,4.85869052999186,476,1,11.4569997787476,35.3380012512207,0.0242970008403063,0.00989179313182831,111.27140045166,-87.2112,26.7005,23.8413349516182,63,63,63,63,61,63,0,7818,1.13366707078925,27,-87,0.001869,51,2026-09-12 18:04:03.001937,476,1.037,0.0011,"aoml_navis",1029.08385894015
"7901009",122,0,1,0.024297,1,0.001869,1,115.123897775184,1,4.85862730517203,478,1,11.4340000152588,35.3380012512207,0.0242970008403063,0.00989179313182831,111.012298583984,-87.2112,26.7005,23.8413349516182,63,63,63,63,61,63,0,7818,1.13366707078925,27,-87,0.001869,51,2026-09-12 18:04:03.001937,478,1.037,0.0011,"aoml_navis",1029.09725030308
"7901009",122,0,1,0.028035,1,0.005607,1,114.94947055207,1,4.85856858423282,480,1,11.3920001983643,35.3320007324219,0.0280349999666214,0.0131890568882227,110.844100952148,-87.2112,26.7005,23.8413349516182,63,63,63,63,61,63,0,7818,1.13366707078925,27,-87,0.001869,51,2026-09-12 18:04:03.001937,480,1.037,0.0011,"aoml_navis",1029.10968803161
"7901009",122,0,1,0.026166,1,0.003738,1,114.60279189675,1,4.85850718340256,482,1,11.3470001220703,35.326000213623,0.0261659994721413,0.0115404240787029,110.509803771973,-87.2112,26.7005,23.8413349516182,63,63,63,63,61,63,0,7818,1.13366707078925,27,-87,0.001869,51,2026-09-12 18:04:03.001937,482,1.037,0.0011,"aoml_navis",1029.12269371152
"7901009",122,0,1,0.029904,1,0.007476,1,114.27301320281,1,4.85844129002817,484,1,11.2969999313354,35.3199996948242,0.0299040004611015,0.0148376896977425,110.191802978516,-87.2112,26.7005,23.8413349516182,63,63,63,63,61,63,0,7818,1.13366707078925,27,-87,0.001869,51,2026-09-12 18:04:03.001937,484,1.037,0.0011,"aoml_navis",1029.13665134997
"7901009",122,0,1,0.028035,1,0.005607,1,114.198965104237,1,4.85838186983068,486,1,11.2620000839233,35.3160018920898,0.0280349999666214,0.0131890568882227,110.120399475098,-87.2112,26.7005,23.8413349516182,63,63,63,63,61,63,0,7818,1.13366707078925,27,-87,0.001869,51,2026-09-12 18:04:03.001937,486,1.037,0.0011,"aoml_navis",1029.14923815453
"7901009",122,0,1,0.026166,1,0.003738,1,114.251959458788,1,4.8583389318878,488,1,11.2489995956421,35.3129997253418,0.0261659994721413,0.0115404240787029,110.171501159668,-87.2112,26.7005,23.8413349516182,63,63,63,63,61,63,0,7818,1.13366707078925,27,-87,0.001869,51,2026-09-12 18:04:03.001937,488,1.037,0.0011,"aoml_navis",1029.1583337635
"7901009",122,0,1,0.029904,1,0.007476,1,114.369040745535,1,4.85828598434127,490,1,11.2170000076294,35.3079986572266,0.0299040004611015,0.0148376896977425,110.284400939941,-87.2112,26.7005,23.8413349516182,63,63,63,63,61,63,0,7818,1.13366707078925,27,-87,0.001869,51,2026-09-12 18:04:03.001937,490,1.037,0.0011,"aoml_navis",1029.16954994323
"7901009",122,0,1,0.026166,1,0.003738,1,114.435722802889,1,4.8582213500018,492,1,11.1520004272461,35.2980003356934,0.0261659994721413,0.0115404240787029,110.348701477051,-87.2112,26.7005,23.8413349516182,63,63,63,63,61,63,0,7818,1.13366707078925,27,-87,0.001869,51,2026-09-12 18:04:03.001937,492,1.037,0.0011,"aoml_navis",1029.18324213411
"7901009",122,0,1,0.022428,1,0,1,114.518576920663,1,4.85814430835749,494,1,11.0649995803833,35.2859992980957,0.0224280003458261,0.00824316125363111,110.428596496582,-87.2112,26.7005,23.8413349516182,63,63,63,63,61,63,0,7818,1.13366707078925,27,-87,0.001869,51,2026-09-12 18:04:03.001937,494,1.037,0.0011,"aoml_navis",1029.19956317446
"7901009",122,0,1,0.031773,1,0.009345,1,114.436964981698,1,4.85808727438358,496,1,11.0120000839233,35.2770004272461,0.0317730009555817,0.0164863225072622,110.349899291992,-87.2112,26.7005,23.8413349516182,63,63,63,63,61,63,0,7818,1.13366707078925,27,-87,0.001869,51,2026-09-12 18:04:03.001937,496,1.037,0.0011,"aoml_navis",1029.21164598354
"7901009",122,0,1,0.031773,1,0.009345,1,114.2746668039,1,4.85803187954877,498,1,10.9809999465942,35.2729988098145,0.0317730009555817,0.0164863225072622,110.193397521973,-87.2112,26.7005,23.8413349516182,63,63,63,63,61,63,0,7818,1.13366707078925,27,-87,0.001869,51,2026-09-12 18:04:03.001937,498,1.037,0.0011,"aoml_navis",1029.22338180795
"7901009",122,0,1,0.026166,1,0.003738,1,114.123057693435,1,4.85797746820643,500,1,10.9469995498657,35.2680015563965,0.0261659994721413,0.0115404240787029,110.047203063965,-87.2112,26.7005,23.8413349516182,63,63,63,63,61,63,0,7818,1.13366707078925,27,-87,0.001869,51,2026-09-12 18:04:03.001937,500,1.037,0.0011,"aoml_navis",1029.23490953242
"7901009",122,0,1,0.028035,1,0.005607,1,113.905795081319,1,4.85793107959672,502,1,10.9300003051758,35.2649993896484,0.0280349999666214,0.0131890568882227,109.837699890137,-87.2112,26.7005,23.8413349516182,63,63,63,63,61,63,0,7818,1.13366707078925,27,-87,0.001869,51,2026-09-12 18:04:03.001937,502,1.037,0.0011,"aoml_navis",1029.24473774442
"7901009",122,0,1,0.028035,1,0.005607,1,113.578192178286,1,4.8578873184406,504,1,10.9200000762939,35.2630004882812,0.0280349999666214,0.0131890568882227,109.521797180176,-87.2112,26.7005,23.8413349516182,63,63,63,63,61,63,0,7818,1.13366707078925,27,-87,0.001869,51,2026-09-12 18:04:03.001937,504,1.037,0.0011,"aoml_navis",1029.25400945797
"7901009",122,0,1,0.028035,1,0.005607,1,112.985633326435,1,4.85784364092197,506,1,10.9060001373291,35.2599983215332,0.0280349999666214,0.0131890568882227,108.950401306152,-87.2112,26.7005,23.8413349516182,63,63,63,63,61,63,0,7818,1.13366707078925,27,-87,0.001869,51,2026-09-12 18:04:03.001937,506,1.037,0.0011,"aoml_navis",1029.26326361773
"7901009",122,0,1,0.028035,1,0.005607,1,112.522593373359,1,4.85776340873577,508,1,10.83899974823,35.2540016174316,0.0280349999666214,0.0131890568882227,108.503898620605,-87.2112,26.7005,23.8413349516182,63,63,63,63,61,63,0,7818,1.13366707078925,27,-87,0.001869,51,2026-09-12 18:04:03.001937,508,1.037,0.0011,"aoml_navis",1029.28026321917
"7901009",122,0,1,0.028035,1,0.005607,1,112.017865266486,1,4.85770213754956,510,1,10.7930002212524,35.2480010986328,0.0280349999666214,0.0131890568882227,108.017196655273,-87.2112,26.7005,23.8413349516182,63,63,63,63,61,63,0,7818,1.13366707078925,27,-87,0.001869,51,2026-09-12 18:04:03.001937,510,1.037,0.0011,"aoml_navis",1029.29324574072
"7901009",122,0,1,0.028035,1,0.005607,1,111.623896784778,1,4.85763124756274,512,1,10.7320003509521,35.2410011291504,0.0280349999666214,0.0131890568882227,107.637298583984,-87.2112,26.7005,23.8413349516182,63,63,63,63,61,63,0,7818,1.13366707078925,27,-87,0.001869,51,2026-09-12 18:04:03.001937,512,1.037,0.0011,"aoml_navis",1029.30826676247
"7901009",122,0,1,0.029904,1,0.007476,1,110.862923804686,1,4.85757431541189,514,1,10.7030000686646,35.2379989624023,0.0299040004611015,0.0148376896977425,106.903503417969,-87.2112,26.7005,23.8413349516182,63,63,63,63,61,63,0,7818,1.13366707078925,27,-87,0.001869,51,2026-09-12 18:04:03.001937,514,1.037,0.0011,"aoml_navis",1029.32033054774
"7901009",122,0,1,0.028035,1,0.005607,1,109.975319793752,1,4.85749277107971,516,1,10.6379995346069,35.2330017089844,0.0280349999666214,0.0131890568882227,106.04759979248,-87.2112,26.7005,23.8413349516182,63,63,63,63,61,63,0,7818,1.13366707078925,27,-87,0.001869,51,2026-09-12 18:04:03.001937,516,1.037,0.0011,"aoml_navis",1029.3376100874
"7901009",122,0,1,0.029904,1,0.007476,1,108.832507377268,1,4.85744075975814,518,1,10.6639995574951,35.242000579834,0.0299040004611015,0.0148376896977425,104.945602416992,-87.2112,26.7005,23.8413349516182,63,63,63,63,61,63,0,7818,1.13366707078925,27,-87,0.001869,51,2026-09-12 18:04:03.001937,518,1.037,0.0011,"aoml_navis",1029.34863177806
"7901009",122,0,1,0.024297,1,0.001869,1,108.453777343882,1,4.85738910837636,520,1,10.6780004501343,35.2480010986328,0.0242970008403063,0.00989179313182831,104.58039855957,-87.2112,26.7005,23.8413349516182,63,63,63,63,61,63,0,7818,1.13366707078925,27,-87,0.001869,51,2026-09-12 18:04:03.001937,520,1.037,0.0011,"aoml_navis",1029.35957742766
"7901009",122,0,1,0.028035,1,0.005607,1,108.095895343378,1,4.85734022245945,522,1,10.6579999923706,35.2449989318848,0.0280349999666214,0.0131890568882227,104.235298156738,-87.2112,26.7005,23.8413349516182,63,63,63,63,61,63,0,7818,1.13366707078925,27,-87,0.001869,51,2026-09-12 18:04:03.001937,522,1.037,0.0011,"aoml_navis",1029.36993725103
"7901009",122,0,1,0.029904,1,0.007476,1,107.825954855389,1,4.85726876406777,524,1,10.5959997177124,35.2379989624023,0.0299040004611015,0.0148376896977425,103.974998474121,-87.2112,26.7005,23.8413349516182,63,63,63,63,61,63,0,7818,1.13366707078925,27,-87,0.001869,51,2026-09-12 18:04:03.001937,524,1.037,0.0011,"aoml_navis",1029.38508097145
"7901009",122,0,1,0.028035,1,0.005607,1,107.623835747992,1,4.85719848532321,526,1,10.5310001373291,35.2299995422363,0.0280349999666214,0.0131890568882227,103.780097961426,-87.2112,26.7005,23.8413349516182,63,63,63,63,61,63,0,7818,1.13366707078925,27,-87,0.001869,51,2026-09-12 18:04:03.001937,526,1.037,0.0011,"aoml_navis",1029.3999751314
"7901009",122,0,1,0.029904,1,0.007476,1,107.491721724062,1,4.8571455774379,528,1,10.4980001449585,35.2249984741211,0.0299040004611015,0.0148376896977425,103.652702331543,-87.2112,26.7005,23.8413349516182,63,63,63,63,61,63,0,7818,1.13366707078925,27,-87,0.001869,51,2026-09-12 18:04:03.001937,528,1.037,0.0011,"aoml_navis",1029.41118817309
"7901009",122,0,1,0.029904,1,0.007476,1,107.320293136418,1,4.8570985767689,530,1,10.4799995422363,35.2220001220703,0.0299040004611015,0.0148376896977425,103.487396240234,-87.2112,26.7005,23.8413349516182,63,63,63,63,61,63,0,7818,1.13366707078925,27,-87,0.001869,51,2026-09-12 18:04:03.001937,530,1.037,0.0011,"aoml_navis",1029.42114947277
"7901009",122,0,1,0.029904,1,0.007476,1,107.118593363269,1,4.85704426438582,532,1,10.4619998931885,35.2210006713867,0.0299040004611015,0.0148376896977425,103.292900085449,-87.2112,26.7005,23.8413349516182,63,63,63,63,61,63,0,7818,1.13366707078925,27,-87,0.001869,51,2026-09-12 18:04:03.001937,532,1.037,0.0011,"aoml_navis",1029.4326606538
"7901009",122,0,1,0.024297,1,0.001869,1,107.010848197508,1,4.8569939324428,534,1,10.4359998703003,35.2169990539551,0.0242970008403063,0.00989179313182831,103.189002990723,-87.2112,26.7005,23.8413349516182,63,63,63,63,61,63,0,7818,1.13366707078925,27,-87,0.001869,51,2026-09-12 18:04:03.001937,534,1.037,0.0011,"aoml_navis",1029.44332843448
"7901009",122,0,1,0.026166,1,0.003738,1,107.068819179262,1,4.85692201312641,536,1,10.3769998550415,35.2109985351562,0.0261659994721413,0.0115404240787029,103.244903564453,-87.2112,26.7005,23.8413349516182,63,63,63,63,61,63,0,7818,1.13366707078925,27,-87,0.001869,51,2026-09-12 18:04:03.001937,536,1.037,0.0011,"aoml_navis",1029.45857201061
"7901009",122,0,1,0.022428,1,0,1,107.103766337227,1,4.85686193711214,538,1,10.3229999542236,35.2029991149902,0.0224280003458261,0.00824316125363111,103.278602600098,-87.2112,26.7005,23.8413349516182,63,63,63,63,61,63,0,7818,1.13366707078925,27,-87,0.001869,51,2026-09-12 18:04:03.001937,538,1.037,0.0011,"aoml_navis",1029.47130569929
"7901009",122,0,1,0.029904,1,0.007476,1,106.902786553069,1,4.85681035152039,540,1,10.2869997024536,35.1969985961914,0.0299040004611015,0.0148376896977425,103.084800720215,-87.2112,26.7005,23.8413349516182,63,63,63,63,61,63,0,7818,1.13366707078925,27,-87,0.001869,51,2026-09-12 18:04:03.001937,540,1.037,0.0011,"aoml_navis",1029.48224001268
"7901009",122,0,1,0.024297,1,0.001869,1,106.937005810076,1,4.85674295773738,542,1,10.2370004653931,35.1920013427734,0.0242970008403063,0.00989179313182831,103.117797851562,-87.2112,26.7005,23.8413349516182,63,63,63,63,61,63,0,7818,1.13366707078925,27,-87,0.001869,51,2026-09-12 18:04:03.001937,542,1.037,0.0011,"aoml_navis",1029.49652545116
"7901009",122,0,1,0.029904,1,0.007476,1,107.300078060891,1,4.85669149991217,544,1,10.201000213623,35.1860008239746,0.0299040004611015,0.0148376896977425,103.467903137207,-87.2112,26.7005,23.8413349516182,63,63,63,63,61,63,0,7818,1.13366707078925,27,-87,0.001869,51,2026-09-12 18:04:03.001937,544,1.037,0.0011,"aoml_navis",1029.50743321671
"7901009",122,0,1,0.029904,1,0.007476,1,107.730758069192,1,4.85662704955149,546,1,10.1330003738403,35.1759986877441,0.0299040004611015,0.0148376896977425,103.883201599121,-87.2112,26.7005,23.8413349516182,63,63,63,63,61,63,0,7818,1.13366707078925,27,-87,0.001869,51,2026-09-12 18:04:03.001937,546,1.037,0.0011,"aoml_navis",1029.52109539927
"7901009",122,0,1,0.028035,1,0.005607,1,108.034300680766,1,4.85658006852782,548,1,10.1020002365112,35.1699981689453,0.0280349999666214,0.0131890568882227,104.175903320312,-87.2112,26.7005,23.8413349516182,63,63,63,63,61,63,0,7818,1.13366707078925,27,-87,0.001869,51,2026-09-12 18:04:03.001937,548,1.037,0.0011,"aoml_navis",1029.53105466161
"7901009",122,0,1,0.028035,1,0.005607,1,108.520253690095,1,4.85652599738372,550,1,10.0670003890991,35.1650009155273,0.0280349999666214,0.0131890568882227,104.644500732422,-87.2112,26.7005,23.8413349516182,63,63,63,63,61,63,0,7818,1.13366707078925,27,-87,0.001869,51,2026-09-12 18:04:03.001937,550,1.037,0.0011,"aoml_navis",1029.54251716012
"7901009",122,0,1,0.028035,1,0.005607,1,109.108152393419,1,4.85646279931838,552,1,10,35.1549987792969,0.0280349999666214,0.0131890568882227,105.211402893066,-87.2112,26.7005,23.8413349516182,63,63,63,63,61,63,0,7818,1.13366707078925,27,-87,0.001869,51,2026-09-12 18:04:03.001937,552,1.037,0.0011,"aoml_navis",1029.55591479086
"7901009",122,0,1,0.024297,1,0.001869,1,109.569008643621,1,4.856400522551,554,1,9.92099952697754,35.1419982910156,0.0242970008403063,0.00989179313182831,105.655799865723,-87.2112,26.7005,23.8413349516182,63,63,63,63,61,63,0,7818,1.13366707078925,27,-87,0.001869,51,2026-09-12 18:04:03.001937,554,1.037,0.0011,"aoml_navis",1029.56911745277
"7901009",122,0,1,0.029904,1,0.007476,1,109.626979625375,1,4.85634330104362,556,1,9.88199996948242,35.1370010375977,0.0299040004611015,0.0148376896977425,105.711700439453,-87.2112,26.7005,23.8413349516182,63,63,63,63,61,63,0,7818,1.13366707078925,27,-87,0.001869,51,2026-09-12 18:04:03.001937,556,1.037,0.0011,"aoml_navis",1029.5812486991
"7901009",122,0,1,0.026166,1,0.003738,1,110.012339887055,1,4.8562738931843,558,1,9.81999969482422,35.1300010681152,0.0261659994721413,0.0115404240787029,106.083297729492,-87.2112,26.7005,23.8413349516182,63,63,63,63,61,63,0,7818,1.13366707078925,27,-87,0.001869,51,2026-09-12 18:04:03.001937,558,1.037,0.0011,"aoml_navis",1029.59596389681
"7901009",122,0,1,0.031773,1,0.009345,1,110.454848285927,1,4.85623153123342,560,1,9.7810001373291,35.1209983825684,0.0317730009555817,0.0164863225072622,106.51000213623,-87.2112,26.7005,23.8413349516182,63,63,63,63,61,63,0,7818,1.13366707078925,27,-87,0.001869,51,2026-09-12 18:04:03.001937,560,1.037,0.0011,"aoml_navis",1029.60494528358
"7901009",122,0,1,0.028035,1,0.005607,1,111.085360843179,1,4.85618499020708,562,1,9.75,35.1150016784668,0.0280349999666214,0.0131890568882227,107.11799621582,-87.2112,26.7005,23.8413349516182,63,63,63,63,61,63,0,7818,1.13366707078925,27,-87,0.001869,51,2026-09-12 18:04:03.001937,562,1.037,0.0011,"aoml_navis",1029.61481287944
"7901009",122,0,1,0.035511,1,0.013083,1,111.759025268111,1,4.8561006040973,564,1,9.62199974060059,35.0970001220703,0.0355109982192516,0.0197835862636566,107.767601013184,-87.2112,26.7005,23.8413349516182,63,63,63,63,61,63,0,7818,1.13366707078925,27,-87,0.001869,51,2026-09-12 18:04:03.001937,564,1.037,0.0011,"aoml_navis",1029.6327048458
"7901009",122,0,1,0.029904,1,0.007476,1,111.845202411999,1,4.8560497332442,566,1,9.55500030517578,35.0839996337891,0.0299040004611015,0.0148376896977425,107.850700378418,-87.2112,26.7005,23.8413349516182,63,63,63,63,61,63,0,7818,1.13366707078925,27,-87,0.001869,51,2026-09-12 18:04:03.001937,566,1.037,0.0011,"aoml_navis",1029.64349103971
"7901009",122,0,1,0.029904,1,0.007476,1,111.558567673771,1,4.85598643494571,568,1,9.50800037384033,35.0789985656738,0.0299040004611015,0.0148376896977425,107.57430267334,-87.2112,26.7005,23.8413349516182,63,63,63,63,61,63,0,7818,1.13366707078925,27,-87,0.001869,51,2026-09-12 18:04:03.001937,568,1.037,0.0011,"aoml_navis",1029.65691255188
"7901009",122,0,1,0.028035,1,0.005607,1,111.701259997497,1,4.85592928914477,570,1,9.49899959564209,35.0810012817383,0.0280349999666214,0.0131890568882227,107.711898803711,-87.2112,26.7005,23.8413349516182,63,63,63,63,61,63,0,7818,1.13366707078925,27,-87,0.001869,51,2026-09-12 18:04:03.001937,570,1.037,0.0011,"aoml_navis",1029.66902981419
"7901009",122,0,1,0.028035,1,0.005607,1,112.351584119962,1,4.85586508871528,572,1,9.44200038909912,35.0740013122559,0.0280349999666214,0.0131890568882227,108.338996887207,-87.2112,26.7005,23.8413349516182,63,63,63,63,61,63,0,7818,1.13366707078925,27,-87,0.001869,51,2026-09-12 18:04:03.001937,572,1.037,0.0011,"aoml_navis",1029.68264328836
"7901009",122,0,1,0.028035,1,0.005607,1,112.699924288339,1,4.85581058832812,574,1,9.36999988555908,35.0610008239746,0.0280349999666214,0.0131890568882227,108.674896240234,-87.2112,26.7005,23.8413349516182,63,63,63,63,61,63,0,7818,1.13366707078925,27,-87,0.001869,51,2026-09-12 18:04:03.001937,574,1.037,0.0011,"aoml_navis",1029.69420018533
"7901009",122,0,1,0.028035,1,0.005607,1,112.619143105902,1,4.8557647277947,576,1,9.34799957275391,35.056999206543,0.0280349999666214,0.0131890568882227,108.59700012207,-87.2112,26.7005,23.8413349516182,63,63,63,63,61,63,0,7818,1.13366707078925,27,-87,0.001869,51,2026-09-12 18:04:03.001937,576,1.037,0.0011,"aoml_navis",1029.70392518807
"7901009",122,0,1,0.029904,1,0.007476,1,112.327943162751,1,4.8557003314332,578,1,9.27700042724609,35.0470008850098,0.0299040004611015,0.0148376896977425,108.316200256348,-87.2112,26.7005,23.8413349516182,63,63,63,63,61,63,0,7818,1.13366707078925,27,-87,0.001869,51,2026-09-12 18:04:03.001937,578,1.037,0.0011,"aoml_navis",1029.71758113504
"7901009",122,0,1,0.026166,1,0.003738,1,111.714639133589,1,4.85564308262905,580,1,9.25,35.0449981689453,0.0261659994721413,0.0115404240787029,107.724800109863,-87.2112,26.7005,23.8413349516182,63,63,63,63,61,63,0,7818,1.13366707078925,27,-87,0.001869,51,2026-09-12 18:04:03.001937,580,1.037,0.0011,"aoml_navis",1029.72972166908
"7901009",122,0,1,0.029904,1,0.007476,1,111.234904930274,1,4.8555831593635,582,1,9.24199962615967,35.0480003356934,0.0299040004611015,0.0148376896977425,107.262199401855,-87.2112,26.7005,23.8413349516182,63,63,63,63,61,63,0,7818,1.13366707078925,27,-87,0.001869,51,2026-09-12 18:04:03.001937,582,1.037,0.0011,"aoml_navis",1029.74242967253
"7901009",122,0,1,0.026166,1,0.003738,1,111.484725286339,1,4.85549289008153,584,1,9.1569995880127,35.0419998168945,0.0261659994721413,0.0115404240787029,107.50309753418,-87.2112,26.7005,23.8413349516182,63,63,63,63,61,63,0,7818,1.13366707078925,27,-87,0.001869,51,2026-09-12 18:04:03.001937,584,1.037,0.0011,"aoml_navis",1029.7615737866
"7901009",122,0,1,0.028035,1,0.005607,1,111.596102044925,1,4.85543320328151,586,1,9.10000038146973,35.0340003967285,0.0280349999666214,0.0131890568882227,107.610496520996,-87.2112,26.7005,23.8413349516182,63,63,63,63,61,63,0,7818,1.13366707078925,27,-87,0.001869,51,2026-09-12 18:04:03.001937,586,1.037,0.0011,"aoml_navis",1029.77423242499
"7901009",122,0,1,0.029904,1,0.007476,1,111.711324019442,1,4.85537852729774,588.099975585938,1,9.08300018310547,35.0330009460449,0.0299040004611015,0.0148376896977425,107.721603393555,-87.2112,26.7005,23.8413349516182,63,63,63,63,61,63,0,7818,1.13366707078925,27,-87,0.001869,51,2026-09-12 18:04:03.001937,588.099975585938,1.037,0.0011,"aoml_navis",1029.78582862061
"7901009",122,0,1,0.029904,1,0.007476,1,111.878488056907,1,4.85532359115446,590,1,9.04699993133545,35.0289993286133,0.0299040004611015,0.0148376896977425,107.882797241211,-87.2112,26.7005,23.8413349516182,63,63,63,63,61,63,0,7818,1.13366707078925,27,-87,0.001869,51,2026-09-12 18:04:03.001937,590,1.037,0.0011,"aoml_navis",1029.79748025633
"7901009",122,0,1,0.035511,1,0.013083,1,112.008845624177,1,4.85526700434731,592,1,9.00699996948242,35.023998260498,0.0355109982192516,0.0197835862636566,108.008499145508,-87.2112,26.7005,23.8413349516182,63,63,63,63,61,63,0,7818,1.13366707078925,27,-87,0.001869,51,2026-09-12 18:04:03.001937,592,1.037,0.0011,"aoml_navis",1029.80948226392
"7901009",122,0,1,0.026166,1,0.003738,1,112.095339246742,1,4.85519340129382,594,1,8.94600009918213,35.0190010070801,0.0261659994721413,0.0115404240787029,108.091903686523,-87.2112,26.7005,23.8413349516182,63,63,63,63,61,63,0,7818,1.13366707078925,27,-87,0.001869,51,2026-09-12 18:04:03.001937,594,1.037,0.0011,"aoml_navis",1029.82509381966
"7901009",122,0,1,0.028035,1,0.005607,1,112.208472461988,1,4.85513736696215,596,1,8.91100025177002,35.0149993896484,0.0280349999666214,0.0131890568882227,108.200996398926,-87.2112,26.7005,23.8413349516182,63,63,63,63,61,63,0,7818,1.13366707078925,27,-87,0.001869,51,2026-09-12 18:04:03.001937,596,1.037,0.0011,"aoml_navis",1029.83697928376
"7901009",122,0,1,0.029904,1,0.007476,1,112.355737902604,1,4.85508379633537,598,1,8.87899971008301,35.0110015869141,0.0299040004611015,0.0148376896977425,108.343002319336,-87.2112,26.7005,23.8413349516182,63,63,63,63,61,63,0,7818,1.13366707078925,27,-87,0.001869,51,2026-09-12 18:04:03.001937,598,1.037,0.0011,"aoml_navis",1029.84834242697
"7901009",122,0,1,0.028035,1,0.005607,1,112.683546516777,1,4.8550083200989,600,1,8.79699993133545,35.0019989013672,0.0280349999666214,0.0131890568882227,108.659103393555,-87.2112,26.7005,23.8413349516182,63,63,63,63,61,63,0,7818,1.13366707078925,27,-87,0.001869,51,2026-09-12 18:04:03.001937,600,1.037,0.0011,"aoml_navis",1029.86435250808
"7901009",122,0,1,0.029904,1,0.007476,1,112.947885332174,1,4.85494458333714,602,1,8.74300003051758,34.9959983825684,0.0299040004611015,0.0148376896977425,108.914001464844,-87.2112,26.7005,23.8413349516182,63,63,63,63,61,63,0,7818,1.13366707078925,27,-87,0.001869,51,2026-09-12 18:04:03.001937,602,1.037,0.0011,"aoml_navis",1029.87787278988
"7901009",122,0,1,0.026166,1,0.003738,1,113.180386392613,1,4.8548817601554,604,1,8.6899995803833,34.9900016784668,0.0261659994721413,0.0115404240787029,109.138198852539,-87.2112,26.7005,23.8413349516182,63,63,63,63,61,63,0,7818,1.13366707078925,27,-87,0.001869,51,2026-09-12 18:04:03.001937,604,1.037,0.0011,"aoml_navis",1029.89119962418
"7901009",122,0,1,0.029904,1,0.007476,1,113.394017411904,1,4.85482338589052,606,1,8.64700031280518,34.9850006103516,0.0299040004611015,0.0148376896977425,109.344200134277,-87.2112,26.7005,23.8413349516182,63,63,63,63,61,63,0,7818,1.13366707078925,27,-87,0.001869,51,2026-09-12 18:04:03.001937,606,1.037,0.0011,"aoml_navis",1029.90358300807
"7901009",122,0,1,0.029904,1,0.007476,1,113.728250543231,1,4.85476030856742,608,1,8.59799957275391,34.9799995422363,0.0299040004611015,0.0148376896977425,109.666496276855,-87.2112,26.7005,23.8413349516182,63,63,63,63,61,63,0,7818,1.13366707078925,27,-87,0.001869,51,2026-09-12 18:04:03.001937,608,1.037,0.0011,"aoml_navis",1029.91696442279
"7901009",122,0,1,0.029904,1,0.007476,1,113.998301798757,1,4.8546975383194,610,1,8.53999996185303,34.9729995727539,0.0299040004611015,0.0148376896977425,109.926902770996,-87.2112,26.7005,23.8413349516182,63,63,63,63,61,63,0,7818,1.13366707078925,27,-87,0.001869,51,2026-09-12 18:04:03.001937,610,1.037,0.0011,"aoml_navis",1029.93028103887
"7901009",122,0,1,0.029904,1,0.007476,1,114.242520482231,1,4.85462598298838,612,1,8.47999954223633,34.9679985046387,0.0299040004611015,0.0148376896977425,110.162399291992,-87.2112,26.7005,23.8413349516182,63,63,63,63,61,63,0,7818,1.13366707078925,27,-87,0.001869,51,2026-09-12 18:04:03.001937,612,1.037,0.0011,"aoml_navis",1029.94546181746
"7901009",122,0,1,0.028035,1,0.005607,1,114.374017372739,1,4.85456140268057,614,1,8.42399978637695,34.9620018005371,0.0280349999666214,0.0131890568882227,110.289199829102,-87.2112,26.7005,23.8413349516182,63,63,63,63,61,63,0,7818,1.13366707078925,27,-87,0.001869,51,2026-09-12 18:04:03.001937,614,1.037,0.0011,"aoml_navis",1029.95916319837
"7901009",122,0,1,0.031773,1,0.009345,1,114.354625141775,1,4.85450902448263,616,1,8.40200042724609,34.9599990844727,0.0317730009555817,0.0164863225072622,110.270500183105,-87.2112,26.7005,23.8413349516182,63,63,63,63,61,63,0,7818,1.13366707078925,27,-87,0.001869,51,2026-09-12 18:04:03.001937,616,1.037,0.0011,"aoml_navis",1029.97027604308
"7901009",122,0,1,0.031773,1,0.009345,1,114.219599514012,1,4.85446241932655,618,1,8.39200019836426,34.9589996337891,0.0317730009555817,0.0164863225072622,110.140296936035,-87.2112,26.7005,23.8413349516182,63,63,63,63,61,63,0,7818,1.13366707078925,27,-87,0.001869,51,2026-09-12 18:04:03.001937,618,1.037,0.0011,"aoml_navis",1029.9801642493
"7901009",122,0,1,0.029904,1,0.007476,1,114.198965104237,1,4.85440191383725,620,1,8.36900043487549,34.9589996337891,0.0299040004611015,0.0148376896977425,110.120399475098,-87.2112,26.7005,23.8413349516182,63,63,63,63,61,63,0,7818,1.13366707078925,27,-87,0.001869,51,2026-09-12 18:04:03.001937,620,1.037,0.0011,"aoml_navis",1029.99300196956
"7901009",122,0,1,0.031773,1,0.009345,1,114.030242409286,1,4.85433549444173,622,1,8.3149995803833,34.9539985656738,0.0317730009555817,0.0164863225072622,109.957702636719,-87.2112,26.7005,23.8413349516182,63,63,63,63,61,63,0,7818,1.13366707078925,27,-87,0.001869,51,2026-09-12 18:04:03.001937,622,1.037,0.0011,"aoml_navis",1030.00709483822
"7901009",122,0,1,0.033642,1,0.011214,1,114.132702381132,1,4.85427004038007,624,1,8.29500007629395,34.9560012817383,0.0336420014500618,0.0181349534541368,110.056503295898,-87.2112,26.7005,23.8413349516182,63,63,63,63,61,63,0,7818,1.13366707078925,27,-87,0.001869,51,2026-09-12 18:04:03.001937,624,1.037,0.0011,"aoml_navis",1030.02098325962
"7901009",122,0,1,0.031773,1,0.009345,1,114.493377305965,1,4.8542087046183,626,1,8.2519998550415,34.9519996643066,0.0317730009555817,0.0164863225072622,110.404296875,-87.2112,26.7005,23.8413349516182,63,63,63,63,61,63,0,7818,1.13366707078925,27,-87,0.001869,51,2026-09-12 18:04:03.001937,626,1.037,0.0011,"aoml_navis",1030.03399817626
"7901009",122,0,1,0.028035,1,0.005607,1,114.951440631838,1,4.85414956593571,628,1,8.20699977874756,34.9469985961914,0.0280349999666214,0.0131890568882227,110.846000671387,-87.2112,26.7005,23.8413349516182,63,63,63,63,61,63,0,7818,1.13366707078925,27,-87,0.001869,51,2026-09-12 18:04:03.001937,628,1.037,0.0011,"aoml_navis",1030.0465472032
"7901009",122,0,1,0.026166,1,0.003738,1,115.503458565099,1,4.8540953762036,630,1,8.17300033569336,34.943000793457,0.0261659994721413,0.0115404240787029,111.378303527832,-87.2112,26.7005,23.8413349516182,63,63,63,63,61,63,0,7818,1.13366707078925,27,-87,0.001869,51,2026-09-12 18:04:03.001937,630,1.037,0.0011,"aoml_navis",1030.05804634818
"7901009",122,0,1,0.028035,1,0.005607,1,116.035767788717,1,4.85402514049369,632,1,8.10400009155273,34.9360008239746,0.0280349999666214,0.0131890568882227,111.8916015625,-87.2112,26.7005,23.8413349516182,63,63,63,63,61,63,0,7818,1.13366707078925,27,-87,0.001869,51,2026-09-12 18:04:03.001937,632,1.037,0.0011,"aoml_navis",1030.07295085651
"7901009",122,0,1,0.031773,1,0.009345,1,116.244208557697,1,4.85397151347516,634,1,8.06099987030029,34.9300003051758,0.0317730009555817,0.0164863225072622,112.092597961426,-87.2112,26.7005,23.8413349516182,63,63,63,63,61,63,0,7818,1.13366707078925,27,-87,0.001869,51,2026-09-12 18:04:03.001937,634,1.037,0.0011,"aoml_navis",1030.08433117488
"7901009",122,0,1,0.031773,1,0.009345,1,116.628120929427,1,4.85389768603755,636,1,8.00599956512451,34.9269981384277,0.0317730009555817,0.0164863225072622,112.462799072266,-87.2112,26.7005,23.8413349516182,63,63,63,63,61,63,0,7818,1.13366707078925,27,-87,0.001869,51,2026-09-12 18:04:03.001937,636,1.037,0.0011,"aoml_navis",1030.09999868409
"7901009",122,0,1,0.028035,1,0.005607,1,116.895885626508,1,4.85385224328863,638,1,7.98299980163574,34.9230003356934,0.0280349999666214,0.0131890568882227,112.721000671387,-87.2112,26.7005,23.8413349516182,63,63,63,63,61,63,0,7818,1.13366707078925,27,-87,0.001869,51,2026-09-12 18:04:03.001937,638,1.037,0.0011,"aoml_navis",1030.10964268915
"7901009",122,0,1,0.029904,1,0.007476,1,117.298984518063,1,4.85379869547598,640,1,7.95900011062622,34.9210014343262,0.0299040004611015,0.0148376896977425,113.109703063965,-87.2112,26.7005,23.8413349516182,63,63,63,63,61,63,0,7818,1.13366707078925,27,-87,0.001869,51,2026-09-12 18:04:03.001937,640,1.037,0.0011,"aoml_navis",1030.12100700845
"7901009",122,0,1,0.033642,1,0.011214,1,117.586552868389,1,4.85374196037309,642,1,7.92600011825562,34.9179992675781,0.0336420014500618,0.0181349534541368,113.387001037598,-87.2112,26.7005,23.8413349516182,63,63,63,63,61,63,0,7818,1.13366707078925,27,-87,0.001869,51,2026-09-12 18:04:03.001937,642,1.037,0.0011,"aoml_navis",1030.13304803201
"7901009",122,0,1,0.031773,1,0.009345,1,117.793023557602,1,4.85368602099476,644,1,7.89400005340576,34.9150009155273,0.0317730009555817,0.0164863225072622,113.586097717285,-87.2112,26.7005,23.8413349516182,63,63,63,63,61,63,0,7818,1.13366707078925,27,-87,0.001869,51,2026-09-12 18:04:03.001937,644,1.037,0.0011,"aoml_navis",1030.14492045269
"7901009",122,0,1,0.031773,1,0.009345,1,117.975236156183,1,4.85362555485837,646,1,7.85599994659424,34.9119987487793,0.0317730009555817,0.0164863225072622,113.76180267334,-87.2112,26.7005,23.8413349516182,63,63,63,63,61,63,0,7818,1.13366707078925,27,-87,0.001869,51,2026-09-12 18:04:03.001937,646,1.037,0.0011,"aoml_navis",1030.15775392791
"7901009",122,0,1,0.029904,1,0.007476,1,118.224747945538,1,4.85356678991909,648,1,7.82499980926514,34.9099998474121,0.0299040004611015,0.0148376896977425,114.002403259277,-87.2112,26.7005,23.8413349516182,63,63,63,63,61,63,0,7818,1.13366707078925,27,-87,0.001869,51,2026-09-12 18:04:03.001937,648,1.037,0.0011,"aoml_navis",1030.17022664344
"7901009",122,0,1,0.035511,1,0.013083,1,118.315276671242,1,4.85351174376731,650,1,7.79400014877319,34.9070014953613,0.0355109982192516,0.0197835862636566,114.089698791504,-87.2112,26.7005,23.8413349516182,63,63,63,63,61,63,0,7818,1.13366707078925,27,-87,0.001869,51,2026-09-12 18:04:03.001937,650,1.037,0.0011,"aoml_navis",1030.18191032932
"7901009",122,0,1,0.033642,1,0.011214,1,118.33892554042,1,4.85346839497254,652,1,7.78800010681152,34.9059982299805,0.0336420014500618,0.0181349534541368,114.112503051758,-87.2112,26.7005,23.8413349516182,63,63,63,63,61,63,0,7818,1.13366707078925,27,-87,0.001869,51,2026-09-12 18:04:03.001937,652,1.037,0.0011,"aoml_navis",1030.19111140793
"7901009",122,0,1,0.028035,1,0.005607,1,118.372314040898,1,4.85342515853431,654,1,7.78700017929077,34.9059982299805,0.0280349999666214,0.0131890568882227,114.14469909668,-87.2112,26.7005,23.8413349516182,63,63,63,63,61,63,0,7818,1.13366707078925,27,-87,0.001869,51,2026-09-12 18:04:03.001937,654,1.037,0.0011,"aoml_navis",1030.20028880181
"7901009",122,0,1,0.033642,1,0.011214,1,118.458491184786,1,4.85338408153341,656,1,7.78399991989136,34.9049987792969,0.0336420014500618,0.0181349534541368,114.227798461914,-87.2112,26.7005,23.8413349516182,63,63,63,63,61,63,0,7818,1.13366707078925,27,-87,0.001869,51,2026-09-12 18:04:03.001937,656,1.037,0.0011,"aoml_navis",1030.20900798361
"7901009",122,0,1,0.031773,1,0.009345,1,118.687779986648,1,4.8533360373152,658,1,7.76700019836426,34.9029998779297,0.0317730009555817,0.0164863225072622,114.44889831543,-87.2112,26.7005,23.8413349516182,63,63,63,63,61,63,0,7818,1.13366707078925,27,-87,0.001869,51,2026-09-12 18:04:03.001937,658,1.037,0.0011,"aoml_navis",1030.21920624436
"7901009",122,0,1,0.031773,1,0.009345,1,118.978979929799,1,4.85327422491102,660,1,7.72700023651123,34.9000015258789,0.0317730009555817,0.0164863225072622,114.729698181152,-87.2112,26.7005,23.8413349516182,63,63,63,63,61,63,0,7818,1.13366707078925,27,-87,0.001869,51,2026-09-12 18:04:03.001937,660,1.037,0.0011,"aoml_navis",1030.23232735044
"7901009",122,0,1,0.028035,1,0.005607,1,119.190435158183,1,4.8532138018624,662,1,7.67899990081787,34.8950004577637,0.0280349999666214,0.0131890568882227,114.933601379395,-87.2112,26.7005,23.8413349516182,63,63,63,63,61,63,0,7818,1.13366707078925,27,-87,0.001869,51,2026-09-12 18:04:03.001937,662,1.037,0.0011,"aoml_navis",1030.24515385687
"7901009",122,0,1,0.031773,1,0.009345,1,119.267173325514,1,4.85316809225053,664,1,7.66499996185303,34.8930015563965,0.0317730009555817,0.0164863225072622,115.007598876953,-87.2112,26.7005,23.8413349516182,63,63,63,63,61,63,0,7818,1.13366707078925,27,-87,0.001869,51,2026-09-12 18:04:03.001937,664,1.037,0.0011,"aoml_navis",1030.25485723108
"7901009",122,0,1,0.031773,1,0.009345,1,119.407381291621,1,4.85311729519403,666,1,7.65399980545044,34.8930015563965,0.0317730009555817,0.0164863225072622,115.142799377441,-87.2112,26.7005,23.8413349516182,63,63,63,63,61,63,0,7818,1.13366707078925,27,-87,0.001869,51,2026-09-12 18:04:03.001937,666,1.037,0.0011,"aoml_navis",1030.26564079781
"7901009",122,0,1,0.029904,1,0.007476,1,119.484016603382,1,4.853058293221,668,1,7.63700008392334,34.8940010070801,0.0299040004611015,0.0148376896977425,115.216697692871,-87.2112,26.7005,23.8413349516182,63,63,63,63,61,63,0,7818,1.13366707078925,27,-87,0.001869,51,2026-09-12 18:04:03.001937,668,1.037,0.0011,"aoml_navis",1030.27816644697
"7901009",122,0,1,0.028035,1,0.005607,1,119.53753314775,1,4.85300826152874,670,1,7.6269998550415,34.8940010070801,0.0280349999666214,0.0131890568882227,115.26830291748,-87.2112,26.7005,23.8413349516182,63,63,63,63,61,63,0,7818,1.13366707078925,27,-87,0.001869,51,2026-09-12 18:04:03.001937,670,1.037,0.0011,"aoml_navis",1030.28878801557
"7901009",122,0,1,0.028035,1,0.005607,1,119.59311471549,1,4.85296568553595,672,1,7.62200021743774,34.8930015563965,0.0280349999666214,0.0131890568882227,115.321899414062,-87.2112,26.7005,23.8413349516182,63,63,63,63,61,63,0,7818,1.13366707078925,27,-87,0.001869,51,2026-09-12 18:04:03.001937,672,1.037,0.0011,"aoml_navis",1030.29782693545
"7901009",122,0,1,0.033642,1,0.011214,1,119.703249295266,1,4.85291716797625,674,1,7.61399984359741,34.8930015563965,0.0336420014500618,0.0181349534541368,115.428100585938,-87.2112,26.7005,23.8413349516182,63,63,63,63,61,63,0,7818,1.13366707078925,27,-87,0.001869,51,2026-09-12 18:04:03.001937,674,1.037,0.0011,"aoml_navis",1030.30812744844
"7901009",122,0,1,0.028035,1,0.005607,1,119.795858868275,1,4.85287460983997,676,1,7.60900020599365,34.8919982910156,0.0280349999666214,0.0131890568882227,115.517402648926,-87.2112,26.7005,23.8413349516182,63,63,63,63,61,63,0,7818,1.13366707078925,27,-87,0.001869,51,2026-09-12 18:04:03.001937,676,1.037,0.0011,"aoml_navis",1030.31716291653
"7901009",122,0,1,0.033642,1,0.011214,1,119.982937326522,1,4.85282308198445,678,1,7.59700012207031,34.8919982910156,0.0336420014500618,0.0181349534541368,115.697799682617,-87.2112,26.7005,23.8413349516182,63,63,63,63,61,63,0,7818,1.13366707078925,27,-87,0.001869,51,2026-09-12 18:04:03.001937,678,1.037,0.0011,"aoml_navis",1030.32810294732
"7901009",122,0,1,0.028035,1,0.005607,1,120.160996142461,1,4.85277147312387,680,1,7.57999992370605,34.890998840332,0.0280349999666214,0.0131890568882227,115.869499206543,-87.2112,26.7005,23.8413349516182,63,63,63,63,61,63,0,7818,1.13366707078925,27,-87,0.001869,51,2026-09-12 18:04:03.001937,680,1.037,0.0011,"aoml_navis",1030.3390604094
"7901009",122,0,1,0.029904,1,0.007476,1,120.379912355667,1,4.85271845245277,682,1,7.56599998474121,34.890998840332,0.0299040004611015,0.0148376896977425,116.080596923828,-87.2112,26.7005,23.8413349516182,63,63,63,63,61,63,0,7818,1.13366707078925,27,-87,0.001869,51,2026-09-12 18:04:03.001937,682,1.037,0.0011,"aoml_navis",1030.35031786622
"7901009",122,0,1,0.031773,1,0.009345,1,120.642494714404,1,4.85264132562622,684,1,7.5149998664856,34.8899993896484,0.0317730009555817,0.0164863225072622,116.333801269531,-87.2112,26.7005,23.8413349516182,63,63,63,63,61,63,0,7818,1.13366707078925,27,-87,0.001869,51,2026-09-12 18:04:03.001937,684,1.037,0.0011,"aoml_navis",1030.36669403024
"7901009",122,0,1,0.024297,1,0.001869,1,120.840879373406,1,4.85258514219062,686,1,7.48199987411499,34.8870010375977,0.0242970008403063,0.00989179313182831,116.525100708008,-87.2112,26.7005,23.8413349516182,63,63,63,63,61,63,0,7818,1.13366707078925,27,-87,0.001869,51,2026-09-12 18:04:03.001937,686,1.037,0.0011,"aoml_navis",1030.37862365931
"7901009",122,0,1,0.029904,1,0.007476,1,121.047666541296,1,4.85253510268175,688,1,7.46700000762939,34.8860015869141,0.0299040004611015,0.0148376896977425,116.724502563477,-87.2112,26.7005,23.8413349516182,63,63,63,63,61,63,0,7818,1.13366707078925,27,-87,0.001869,51,2026-09-12 18:04:03.001937,688,1.037,0.0011,"aoml_navis",1030.38924895912
"7901009",122,0,1,0.031773,1,0.009345,1,121.267097032353,1,4.85247393792508,690.099975585938,1,7.43499994277954,34.8839988708496,0.0317730009555817,0.0164863225072622,116.936096191406,-87.2112,26.7005,23.8413349516182,63,63,63,63,61,63,0,7818,1.13366707078925,27,-87,0.001869,51,2026-09-12 18:04:03.001937,690.099975585938,1.037,0.0011,"aoml_navis",1030.40223687178
"7901009",122,0,1,0.033642,1,0.011214,1,121.476685036539,1,4.85240368148709,692,1,7.3899998664856,34.882999420166,0.0336420014500618,0.0181349534541368,117.138198852539,-87.2112,26.7005,23.8413349516182,63,63,63,63,61,63,0,7818,1.13366707078925,27,-87,0.001869,51,2026-09-12 18:04:03.001937,692,1.037,0.0011,"aoml_navis",1030.41715574407
"7901009",122,0,1,0.031773,1,0.009345,1,121.623119720627,1,4.85235294817878,694,1,7.37400007247925,34.8819999694824,0.0317730009555817,0.0164863225072622,117.279403686523,-87.2112,26.7005,23.8413349516182,63,63,63,63,61,63,0,7818,1.13366707078925,27,-87,0.001869,51,2026-09-12 18:04:03.001937,694,1.037,0.0011,"aoml_navis",1030.42792917128
"7901009",122,0,1,0.031773,1,0.009345,1,121.77555958762,1,4.85231115057534,696,1,7.36999988555908,34.8810005187988,0.0317730009555817,0.0164863225072622,117.426399230957,-87.2112,26.7005,23.8413349516182,63,63,63,63,61,63,0,7818,1.13366707078925,27,-87,0.001869,51,2026-09-12 18:04:03.001937,696,1.037,0.0011,"aoml_navis",1030.43680523396
"7901009",122,0,1,0.033642,1,0.011214,1,122.019675415524,1,4.85226567412407,698,1,7.36600017547607,34.8810005187988,0.0336420014500618,0.0181349534541368,117.661796569824,-87.2112,26.7005,23.8413349516182,63,63,63,63,61,63,0,7818,1.13366707078925,27,-87,0.001869,51,2026-09-12 18:04:03.001937,698,1.037,0.0011,"aoml_navis",1030.44646270375
"7901009",122,0,1,0.029904,1,0.007476,1,122.434491930113,1,4.85221569699904,700,1,7.35099983215332,34.8800010681152,0.0299040004611015,0.0148376896977425,118.061798095703,-87.2112,26.7005,23.8413349516182,63,63,63,63,61,63,0,7818,1.13366707078925,27,-87,0.001869,51,2026-09-12 18:04:03.001937,700,1.037,0.0011,"aoml_navis",1030.45707615438
"7901009",122,0,1,0.029904,1,0.007476,1,122.911322441563,1,4.85214490365964,702,1,7.2979998588562,34.8769989013672,0.0299040004611015,0.0148376896977425,118.521598815918,-87.2112,26.7005,23.8413349516182,63,63,63,63,61,63,0,7818,1.13366707078925,27,-87,0.001869,51,2026-09-12 18:04:03.001937,702,1.037,0.0011,"aoml_navis",1030.47211063891
"7901009",122,0,1,0.028035,1,0.005607,1,123.177631336727,1,4.8520934624363,704,1,7.27600002288818,34.875,0.0280349999666214,0.0131890568882227,118.778396606445,-87.2112,26.7005,23.8413349516182,63,63,63,63,61,63,0,7818,1.13366707078925,27,-87,0.001869,51,2026-09-12 18:04:03.001937,704,1.037,0.0011,"aoml_navis",1030.48303556161
"7901009",122,0,1,0.028035,1,0.005607,1,123.332254906596,1,4.85203985359651,706,1,7.26100015640259,34.875,0.0280349999666214,0.0131890568882227,118.92749786377,-87.2112,26.7005,23.8413349516182,63,63,63,63,61,63,0,7818,1.13366707078925,27,-87,0.001869,51,2026-09-12 18:04:03.001937,706,1.037,0.0011,"aoml_navis",1030.49442108226
"7901009",122,0,1,0.029904,1,0.007476,1,123.56735109219,1,4.85197885193887,708,1,7.23099994659424,34.8740005493164,0.0299040004611015,0.0148376896977425,119.154197692871,-87.2112,26.7005,23.8413349516182,63,63,63,63,61,63,0,7818,1.13366707078925,27,-87,0.001869,51,2026-09-12 18:04:03.001937,708,1.037,0.0011,"aoml_navis",1030.50737700598
"7901009",122,0,1,0.028035,1,0.005607,1,123.790112521328,1,4.8519274733802,710,1,7.21400022506714,34.8730010986328,0.0280349999666214,0.0131890568882227,119.369003295898,-87.2112,26.7005,23.8413349516182,63,63,63,63,61,63,0,7818,1.13366707078925,27,-87,0.001869,51,2026-09-12 18:04:03.001937,710,1.037,0.0011,"aoml_navis",1030.51828936689
"7901009",122,0,1,0.031773,1,0.009345,1,124.053098390378,1,4.85186947507198,712,1,7.19299983978271,34.8730010986328,0.0317730009555817,0.0164863225072622,119.622596740723,-87.2112,26.7005,23.8413349516182,63,63,63,63,61,63,0,7818,1.13366707078925,27,-87,0.001869,51,2026-09-12 18:04:03.001937,712,1.037,0.0011,"aoml_navis",1030.53060798298
"7901009",122,0,1,0.029904,1,0.007476,1,124.146641575486,1,4.85182255201642,714,1,7.17700004577637,34.8709983825684,0.0299040004611015,0.0148376896977425,119.712799072266,-87.2112,26.7005,23.8413349516182,63,63,63,63,61,63,0,7818,1.13366707078925,27,-87,0.001869,51,2026-09-12 18:04:03.001937,714,1.037,0.0011,"aoml_navis",1030.54057447381
"7901009",122,0,1,0.029904,1,0.007476,1,124.205023979521,1,4.85177120647297,716,1,7.15999984741211,34.8699989318848,0.0299040004611015,0.0148376896977425,119.769096374512,-87.2112,26.7005,23.8413349516182,63,63,63,63,61,63,0,7818,1.13366707078925,27,-87,0.001869,51,2026-09-12 18:04:03.001937,716,1.037,0.0011,"aoml_navis",1030.55148052515
"7901009",122,0,1,0.033642,1,0.011214,1,124.192064177676,1,4.85171030320386,718,1,7.1399998664856,34.8709983825684,0.0336420014500618,0.0181349534541368,119.75659942627,-87.2112,26.7005,23.8413349516182,63,63,63,63,61,63,0,7818,1.13366707078925,27,-87,0.001869,51,2026-09-12 18:04:03.001937,718,1.037,0.0011,"aoml_navis",1030.56441698471
"7901009",122,0,1,0.028035,1,0.005607,1,124.291414746516,1,4.85165894029683,720,1,7.13800001144409,34.8730010986328,0.0280349999666214,0.0131890568882227,119.852401733398,-87.2112,26.7005,23.8413349516182,63,63,63,63,61,63,0,7818,1.13366707078925,27,-87,0.001869,51,2026-09-12 18:04:03.001937,720,1.037,0.0011,"aoml_navis",1030.57532722902
"7901009",122,0,1,0.031773,1,0.009345,1,124.721263998288,1,4.85160982140828,722,1,7.12400007247925,34.8720016479492,0.0317730009555817,0.0164863225072622,120.266899108887,-87.2112,26.7005,23.8413349516182,63,63,63,63,61,63,0,7818,1.13366707078925,27,-87,0.001869,51,2026-09-12 18:04:03.001937,722,1.037,0.0011,"aoml_navis",1030.58576102656
"7901009",122,0,1,0.033642,1,0.011214,1,125.168535401257,1,4.85155560138035,724,1,7.09800004959106,34.8699989318848,0.0336420014500618,0.0181349534541368,120.698196411133,-87.2112,26.7005,23.8413349516182,63,63,63,63,61,63,0,7818,1.13366707078925,27,-87,0.001869,51,2026-09-12 18:04:03.001937,724,1.037,0.0011,"aoml_navis",1030.59727864964
"7901009",122,0,1,0.029904,1,0.007476,1,125.559710958636,1,4.8515028583211,726,1,7.07399988174438,34.8680000305176,0.0299040004611015,0.0148376896977425,121.075401306152,-87.2112,26.7005,23.8413349516182,63,63,63,63,61,63,0,7818,1.13366707078925,27,-87,0.001869,51,2026-09-12 18:04:03.001937,726,1.037,0.0011,"aoml_navis",1030.60848277647
"7901009",122,0,1,0.031773,1,0.009345,1,125.896847781829,1,4.85144204222817,728,1,7.04899978637695,34.8680000305176,0.0317730009555817,0.0164863225072622,121.400497436523,-87.2112,26.7005,23.8413349516182,63,63,63,63,61,63,0,7818,1.13366707078925,27,-87,0.001869,51,2026-09-12 18:04:03.001937,728,1.037,0.0011,"aoml_navis",1030.6214021478
"7901009",122,0,1,0.031773,1,0.009345,1,126.272674123349,1,4.85138931495219,730,1,7.03000020980835,34.867000579834,0.0317730009555817,0.0164863225072622,121.762901306152,-87.2112,26.7005,23.8413349516182,63,63,63,63,61,63,0,7818,1.13366707078925,27,-87,0.001869,51,2026-09-12 18:04:03.001937,730,1.037,0.0011,"aoml_navis",1030.63260344615
"7901009",122,0,1,0.033642,1,0.011214,1,126.729487358445,1,4.85131254444943,732,1,6.97800016403198,34.8660011291504,0.0336420014500618,0.0181349534541368,122.203399658203,-87.2112,26.7005,23.8413349516182,63,63,63,63,61,63,0,7818,1.13366707078925,27,-87,0.001869,51,2026-09-12 18:04:03.001937,732,1.037,0.0011,"aoml_navis",1030.64891288455
"7901009",122,0,1,0.029904,1,0.007476,1,127.103652186908,1,4.85126205067651,734,1,6.96199989318848,34.8650016784668,0.0299040004611015,0.0148376896977425,122.56420135498,-87.2112,26.7005,23.8413349516182,63,63,63,63,61,63,0,7818,1.13366707078925,27,-87,0.001869,51,2026-09-12 18:04:03.001937,734,1.037,0.0011,"aoml_navis",1030.65964026881
"7901009",122,0,1,0.029904,1,0.007476,1,127.626008156118,1,4.85120715702618,736,1,6.94500017166138,34.8650016784668,0.0299040004611015,0.0148376896977425,123.067901611328,-87.2112,26.7005,23.8413349516182,63,63,63,63,61,63,0,7818,1.13366707078925,27,-87,0.001869,51,2026-09-12 18:04:03.001937,736,1.037,0.0011,"aoml_navis",1030.67130265883
"7901009",122,0,1,0.028035,1,0.005607,1,127.974142613355,1,4.85115021574556,738,1,6.91499996185303,34.8629989624023,0.0280349999666214,0.0131890568882227,123.403602600098,-87.2112,26.7005,23.8413349516182,63,63,63,63,61,63,0,7818,1.13366707078925,27,-87,0.001869,51,2026-09-12 18:04:03.001937,738,1.037,0.0011,"aoml_navis",1030.68340035551
"7901009",122,0,1,0.028035,1,0.005607,1,128.327459408936,1,4.85109462616475,740,1,6.89699983596802,34.8629989624023,0.0280349999666214,0.0131890568882227,123.744300842285,-87.2112,26.7005,23.8413349516182,63,63,63,63,61,63,0,7818,1.13366707078925,27,-87,0.001869,51,2026-09-12 18:04:03.001937,740,1.037,0.0011,"aoml_navis",1030.69521114515
"7901009",122,0,1,0.031773,1,0.009345,1,128.726301662278,1,4.8510281260818,742,1,6.86899995803833,34.8639984130859,0.0317730009555817,0.0164863225072622,124.128898620605,-87.2112,26.7005,23.8413349516182,63,63,63,63,61,63,0,7818,1.13366707078925,27,-87,0.001869,51,2026-09-12 18:04:03.001937,742,1.037,0.0011,"aoml_navis",1030.70934038029
"7901009",122,0,1,0.028035,1,0.005607,1,129.10793538753,1,4.85097841928948,744,1,6.85400009155273,34.8629989624023,0.0280349999666214,0.0131890568882227,124.49690246582,-87.2112,26.7005,23.8413349516182,63,63,63,63,61,63,0,7818,1.13366707078925,27,-87,0.001869,51,2026-09-12 18:04:03.001937,744,1.037,0.0011,"aoml_navis",1030.71990180743
"7901009",122,0,1,0.028035,1,0.005607,1,129.675713958931,1,4.85091651838664,746,1,6.81699991226196,34.8610000610352,0.0280349999666214,0.0131890568882227,125.044403076172,-87.2112,26.7005,23.8413349516182,63,63,63,63,61,63,0,7818,1.13366707078925,27,-87,0.001869,51,2026-09-12 18:04:03.001937,746,1.037,0.0011,"aoml_navis",1030.73305447502
"7901009",122,0,1,0.031773,1,0.009345,1,130.115832943788,1,4.85085747201107,748,1,6.78900003433228,34.8600006103516,0.0317730009555817,0.0164863225072622,125.468803405762,-87.2112,26.7005,23.8413349516182,63,63,63,63,61,63,0,7818,1.13366707078925,27,-87,0.001869,51,2026-09-12 18:04:03.001937,748,1.037,0.0011,"aoml_navis",1030.74560092715
"7901009",122,0,1,0.029904,1,0.007476,1,130.50077387122,1,4.85080484531248,750,1,6.77500009536743,34.8600006103516,0.0299040004611015,0.0148376896977425,125.839996337891,-87.2112,26.7005,23.8413349516182,63,63,63,63,61,63,0,7818,1.13366707078925,27,-87,0.001869,51,2026-09-12 18:04:03.001937,750,1.037,0.0011,"aoml_navis",1030.75678355349
"7901009",122,0,1,0.031773,1,0.009345,1,130.793121049577,1,4.85074216038515,752,1,6.74700021743774,34.8600006103516,0.0317730009555817,0.0164863225072622,126.12190246582,-87.2112,26.7005,23.8413349516182,63,63,63,63,61,63,0,7818,1.13366707078925,27,-87,0.001869,51,2026-09-12 18:04:03.001937,752,1.037,0.0011,"aoml_navis",1030.77010376552
"7901009",122,0,1,0.035511,1,0.013083,1,130.971591287796,1,4.85068309350182,754,1,6.72399997711182,34.8600006103516,0.0355109982192516,0.0197835862636566,126.293998718262,-87.2112,26.7005,23.8413349516182,63,63,63,63,61,63,0,7818,1.13366707078925,27,-87,0.001869,51,2026-09-12 18:04:03.001937,754,1.037,0.0011,"aoml_navis",1030.78265547758
"7901009",122,0,1,0.031773,1,0.009345,1,131.081417300862,1,4.85063049912605,756,1,6.71000003814697,34.8600006103516,0.0317730009555817,0.0164863225072622,126.39990234375,-87.2112,26.7005,23.8413349516182,63,63,63,63,61,63,0,7818,1.13366707078925,27,-87,0.001869,51,2026-09-12 18:04:03.001937,756,1.037,0.0011,"aoml_navis",1030.79383203913
"7901009",122,0,1,0.029904,1,0.007476,1,131.201916557327,1,4.8505770948884,758,1,6.69999980926514,34.8610000610352,0.0299040004611015,0.0148376896977425,126.516098022461,-87.2112,26.7005,23.8413349516182,63,63,63,63,61,63,0,7818,1.13366707078925,27,-87,0.001869,51,2026-09-12 18:04:03.001937,758,1.037,0.0011,"aoml_navis",1030.80518094828
"7901009",122,0,1,0.029904,1,0.007476,1,131.357995929112,1,4.85052379606071,760,1,6.68499994277954,34.8610000610352,0.0299040004611015,0.0148376896977425,126.666603088379,-87.2112,26.7005,23.8413349516182,63,63,63,63,61,63,0,7818,1.13366707078925,27,-87,0.001869,51,2026-09-12 18:04:03.001937,760,1.037,0.0011,"aoml_navis",1030.81650770597
"7901009",122,0,1,0.028035,1,0.005607,1,131.459933711141,1,4.850461097217,762,1,6.66200017929077,34.8619995117188,0.0280349999666214,0.0131890568882227,126.76490020752,-87.2112,26.7005,23.8413349516182,63,63,63,63,61,63,0,7818,1.13366707078925,27,-87,0.001869,51,2026-09-12 18:04:03.001937,762,1.037,0.0011,"aoml_navis",1030.82983241919
"7901009",122,0,1,0.028035,1,0.005607,1,131.38360696609,1,4.85041221683992,764,1,6.64799976348877,34.8610000610352,0.0280349999666214,0.0131890568882227,126.691299438477,-87.2112,26.7005,23.8413349516182,63,63,63,63,61,63,0,7818,1.13366707078925,27,-87,0.001869,51,2026-09-12 18:04:03.001937,764,1.037,0.0011,"aoml_navis",1030.84022068078
"7901009",122,0,1,0.028035,1,0.005607,1,131.233342890005,1,4.85035657983836,766,1,6.6399998664856,34.8629989624023,0.0280349999666214,0.0131890568882227,126.546401977539,-87.2112,26.7005,23.8413349516182,63,63,63,63,61,63,0,7818,1.13366707078925,27,-87,0.001869,51,2026-09-12 18:04:03.001937,766,1.037,0.0011,"aoml_navis",1030.85204514317
"7901009",122,0,1,0.029904,1,0.007476,1,131.335280672033,1,4.8503082023168,768,1,6.63700008392334,34.8639984130859,0.0299040004611015,0.0148376896977425,126.64469909668,-87.2112,26.7005,23.8413349516182,63,63,63,63,61,63,0,7818,1.13366707078925,27,-87,0.001869,51,2026-09-12 18:04:03.001937,768,1.037,0.0011,"aoml_navis",1030.86232697784
"7901009",122,0,1,0.031773,1,0.009345,1,131.641101930086,1,4.85024624075841,770,1,6.61499977111816,34.8650016784668,0.0317730009555817,0.0164863225072622,126.939598083496,-87.2112,26.7005,23.8413349516182,63,63,63,63,61,63,0,7818,1.13366707078925,27,-87,0.001869,51,2026-09-12 18:04:03.001937,770,1.037,0.0011,"aoml_navis",1030.87549617237
"7901009",122,0,1,0.028035,1,0.005607,1,131.869354264279,1,4.85018799522084,772,1,6.59299993515015,34.8650016784668,0.0280349999666214,0.0131890568882227,127.159698486328,-87.2112,26.7005,23.8413349516182,63,63,63,63,61,63,0,7818,1.13366707078925,27,-87,0.001869,51,2026-09-12 18:04:03.001937,772,1.037,0.0011,"aoml_navis",1030.88787587755
"7901009",122,0,1,0.028035,1,0.005607,1,132.059130703252,1,4.85013974103257,774,1,6.58500003814697,34.8650016784668,0.0280349999666214,0.0131890568882227,127.342697143555,-87.2112,26.7005,23.8413349516182,63,63,63,63,61,63,0,7818,1.13366707078925,27,-87,0.001869,51,2026-09-12 18:04:03.001937,774,1.037,0.0011,"aoml_navis",1030.89813221248
"7901009",122,0,1,0.031773,1,0.009345,1,132.309061826855,1,4.85009077706298,776,1,6.57600021362305,34.8650016784668,0.0317730009555817,0.0164863225072622,127.583702087402,-87.2112,26.7005,23.8413349516182,63,63,63,63,61,63,0,7818,1.13366707078925,27,-87,0.001869,51,2026-09-12 18:04:03.001937,776,1.037,0.0011,"aoml_navis",1030.90853961868
"7901009",122,0,1,0.028035,1,0.005607,1,132.857859589572,1,4.8500455134751,778,1,6.56699991226196,34.8639984130859,0.0280349999666214,0.0131890568882227,128.112899780273,-87.2112,26.7005,23.8413349516182,63,63,63,63,61,63,0,7818,1.13366707078925,27,-87,0.001869,51,2026-09-12 18:04:03.001937,778,1.037,0.0011,"aoml_navis",1030.918160687
"7901009",122,0,1,0.029904,1,0.007476,1,133.462033208888,1,4.84999241077319,780,1,6.54699993133545,34.8629989624023,0.0299040004611015,0.0148376896977425,128.695495605469,-87.2112,26.7005,23.8413349516182,63,63,63,63,61,63,0,7818,1.13366707078925,27,-87,0.001869,51,2026-09-12 18:04:03.001937,780,1.037,0.0011,"aoml_navis",1030.92944823864
"7901009",122,0,1,0.031773,1,0.009345,1,133.655132673975,1,4.84993932293211,782,1,6.52699995040894,34.8619995117188,0.0317730009555817,0.0164863225072622,128.881698608398,-87.2112,26.7005,23.8413349516182,63,63,63,63,61,63,0,7818,1.13366707078925,27,-87,0.001869,51,2026-09-12 18:04:03.001937,782,1.037,0.0011,"aoml_navis",1030.94073287852
"7901009",122,0,1,0.031773,1,0.009345,1,133.667997532216,1,4.84988753586898,784,1,6.51399993896484,34.8619995117188,0.0317730009555817,0.0164863225072622,128.894104003906,-87.2112,26.7005,23.8413349516182,63,63,63,63,61,63,0,7818,1.13366707078925,27,-87,0.001869,51,2026-09-12 18:04:03.001937,784,1.037,0.0011,"aoml_navis",1030.95174125602
"7901009",122,0,1,0.029904,1,0.007476,1,133.818878741723,1,4.84983704007156,786,1,6.50799989700317,34.8629989624023,0.0299040004611015,0.0148376896977425,129.039596557617,-87.2112,26.7005,23.8413349516182,63,63,63,63,61,63,0,7818,1.13366707078925,27,-87,0.001869,51,2026-09-12 18:04:03.001937,786,1.037,0.0011,"aoml_navis",1030.96247537551
"7901009",122,0,1,0.028035,1,0.005607,1,133.929124089036,1,4.84978313336635,788,1,6.49200010299683,34.8629989624023,0.0280349999666214,0.0131890568882227,129.145904541016,-87.2112,26.7005,23.8413349516182,63,63,63,63,61,63,0,7818,1.13366707078925,27,-87,0.001869,51,2026-09-12 18:04:03.001937,788,1.037,0.0011,"aoml_navis",1030.97393481374
"7901009",122,0,1,0.029904,1,0.007476,1,134.093598057742,1,4.84972767869351,790,1,6.47900009155273,34.8639984130859,0.0299040004611015,0.0148376896977425,129.304504394531,-87.2112,26.7005,23.8413349516182,63,63,63,63,61,63,0,7818,1.13366707078925,27,-87,0.001869,51,2026-09-12 18:04:03.001937,790,1.037,0.0011,"aoml_navis",1030.98572358334
"7901009",122,0,1,0.029904,1,0.007476,1,134.338236075464,1,4.84968087454873,792,1,6.47300004959106,34.8639984130859,0.0299040004611015,0.0148376896977425,129.540405273438,-87.2112,26.7005,23.8413349516182,63,63,63,63,61,63,0,7818,1.13366707078925,27,-87,0.001869,51,2026-09-12 18:04:03.001937,792,1.037,0.0011,"aoml_navis",1030.99567359992
"7901009",122,0,1,0.031773,1,0.009345,1,134.835186718836,1,4.84962982063315,794,1,6.46099996566772,34.8639984130859,0.0317730009555817,0.0164863225072622,130.019607543945,-87.2112,26.7005,23.8413349516182,63,63,63,63,61,63,0,7818,1.13366707078925,27,-87,0.001869,51,2026-09-12 18:04:03.001937,794,1.037,0.0011,"aoml_navis",1031.00652728732
"7901009",122,0,1,0.026166,1,0.003738,1,135.522530934604,1,4.84956618310847,796,1,6.42600011825562,34.8629989624023,0.0261659994721413,0.0115404240787029,130.682403564453,-87.2112,26.7005,23.8413349516182,63,63,63,63,61,63,0,7818,1.13366707078925,27,-87,0.001869,51,2026-09-12 18:04:03.001937,796,1.037,0.0011,"aoml_navis",1031.02005647753
"7901009",122,0,1,0.031773,1,0.009345,1,135.80221896586,1,4.84951302910559,798,1,6.41099977493286,34.8629989624023,0.0317730009555817,0.0164863225072622,130.952102661133,-87.2112,26.7005,23.8413349516182,63,63,63,63,61,63,0,7818,1.13366707078925,27,-87,0.001869,51,2026-09-12 18:04:03.001937,798,1.037,0.0011,"aoml_navis",1031.03135716746
"7901009",122,0,1,0.035511,1,0.013083,1,136.091543772847,1,4.84946709696027,800,1,6.40100002288818,34.8619995117188,0.0355109982192516,0.0197835862636566,131.231094360352,-87.2112,26.7005,23.8413349516182,63,63,63,63,61,63,0,7818,1.13366707078925,27,-87,0.001869,51,2026-09-12 18:04:03.001937,800,1.037,0.0011,"aoml_navis",1031.04112266976
"7901009",122,0,1,0.029904,1,0.007476,1,136.303315479908,1,4.84941537821524,801.900024414062,1,6.38500022888184,34.8619995117188,0.0299040004611015,0.0148376896977425,131.435302734375,-87.2112,26.7005,23.8413349516182,63,63,63,63,61,63,0,7818,1.13366707078925,27,-87,0.001869,51,2026-09-12 18:04:03.001937,801.900024414062,1.037,0.0011,"aoml_navis",1031.05211866594
"7901009",122,0,1,0.031773,1,0.009345,1,136.391359847994,1,4.84936434902254,804,1,6.37599992752075,34.8619995117188,0.0317730009555817,0.0164863225072622,131.520202636719,-87.2112,26.7005,23.8413349516182,63,63,63,63,61,63,0,7818,1.13366707078925,27,-87,0.001869,51,2026-09-12 18:04:03.001937,804,1.037,0.0011,"aoml_navis",1031.06296828528
"7901009",122,0,1,0.028035,1,0.005607,1,136.460526262965,1,4.84931756537742,806,1,6.36999988555908,34.8619995117188,0.0280349999666214,0.0131890568882227,131.586898803711,-87.2112,26.7005,23.8413349516182,63,63,63,63,61,63,0,7818,1.13366707078925,27,-87,0.001869,51,2026-09-12 18:04:03.001937,806,1.037,0.0011,"aoml_navis",1031.07291543421
"7901009",122,0,1,0.033642,1,0.011214,1,136.633086261882,1,4.84926498551861,808,1,6.36100006103516,34.8629989624023,0.0336420014500618,0.0181349534541368,131.753295898438,-87.2112,26.7005,23.8413349516182,63,63,63,63,61,63,0,7818,1.13366707078925,27,-87,0.001869,51,2026-09-12 18:04:03.001937,808,1.037,0.0011,"aoml_navis",1031.08409520444
"7901009",122,0,1,0.031773,1,0.009345,1,136.929895789592,1,4.8492146831157,810,1,6.34999990463257,34.8629989624023,0.0317730009555817,0.0164863225072622,132.039505004883,-87.2112,26.7005,23.8413349516182,63,63,63,63,61,63,0,7818,1.13366707078925,27,-87,0.001869,51,2026-09-12 18:04:03.001937,810,1.037,0.0011,"aoml_navis",1031.09479095849
"7901009",122,0,1,0.028035,1,0.005607,1,137.381526686344,1,4.84916227297533,812,1,6.33599996566772,34.8629989624023,0.0280349999666214,0.0131890568882227,132.475006103516,-87.2112,26.7005,23.8413349516182,63,63,63,63,61,63,0,7818,1.13366707078925,27,-87,0.001869,51,2026-09-12 18:04:03.001937,812,1.037,0.0011,"aoml_navis",1031.10593511487
"7901009",122,0,1,0.031773,1,0.009345,1,137.947216498474,1,4.84911409159923,814,1,6.32800006866455,34.8629989624023,0.0317730009555817,0.0164863225072622,133.020492553711,-87.2112,26.7005,23.8413349516182,63,63,63,63,61,63,0,7818,1.13366707078925,27,-87,0.001869,51,2026-09-12 18:04:03.001937,814,1.037,0.0011,"aoml_navis",1031.11618030646
"7901009",122,0,1,0.03738,1,0.014952,1,138.67272804275,1,4.84906484065238,816,1,6.30800008773804,34.8610000610352,0.0373799987137318,0.0214322190731764,133.720092773438,-87.2112,26.7005,23.8413349516182,63,63,63,63,61,63,0,7818,1.13366707078925,27,-87,0.001869,51,2026-09-12 18:04:03.001937,816,1.037,0.0011,"aoml_navis",1031.12665313985
"7901009",122,0,1,0.031773,1,0.009345,1,139.270176490168,1,4.84901034382756,818,1,6.29099988937378,34.8610000610352,0.0317730009555817,0.0164863225072622,134.296203613281,-87.2112,26.7005,23.8413349516182,63,63,63,63,61,63,0,7818,1.13366707078925,27,-87,0.001869,51,2026-09-12 18:04:03.001937,818,1.037,0.0011,"aoml_navis",1031.13824171661
"7901009",122,0,1,0.028035,1,0.005607,1,139.677721907142,1,4.84895603368132,820,1,6.26900005340576,34.8600006103516,0.0280349999666214,0.0131890568882227,134.689193725586,-87.2112,26.7005,23.8413349516182,63,63,63,63,61,63,0,7818,1.13366707078925,27,-87,0.001869,51,2026-09-12 18:04:03.001937,820,1.037,0.0011,"aoml_navis",1031.14979085591
"7901009",122,0,1,0.031773,1,0.009345,1,139.900902670527,1,4.84890156084949,822,1,6.2519998550415,34.8600006103516,0.0317730009555817,0.0164863225072622,134.904403686523,-87.2112,26.7005,23.8413349516182,63,63,63,63,61,63,0,7818,1.13366707078925,27,-87,0.001869,51,2026-09-12 18:04:03.001937,822,1.037,0.0011,"aoml_navis",1031.16137485044
"7901009",122,0,1,0.031773,1,0.009345,1,140.150414459883,1,4.84884639866981,824,1,6.23400020599365,34.8600006103516,0.0317730009555817,0.0164863225072622,135.145004272461,-87.2112,26.7005,23.8413349516182,63,63,63,63,61,63,0,7818,1.13366707078925,27,-87,0.001869,51,2026-09-12 18:04:03.001937,824,1.037,0.0011,"aoml_navis",1031.17310570441
"7901009",122,0,1,0.028035,1,0.005607,1,140.120855351402,1,4.84879474531555,826,1,6.22100019454956,34.8600006103516,0.0280349999666214,0.0131890568882227,135.116500854492,-87.2112,26.7005,23.8413349516182,63,63,63,63,61,63,0,7818,1.13366707078925,27,-87,0.001869,51,2026-09-12 18:04:03.001937,826,1.037,0.0011,"aoml_navis",1031.18409060943
"7901009",122,0,1,0.031773,1,0.009345,1,140.142106894598,1,4.84873871459412,828,1,6.20699977874756,34.8610000610352,0.0317730009555817,0.0164863225072622,135.136993408203,-87.2112,26.7005,23.8413349516182,63,63,63,63,61,63,0,7818,1.13366707078925,27,-87,0.001869,51,2026-09-12 18:04:03.001937,828,1.037,0.0011,"aoml_navis",1031.19600669564
"7901009",122,0,1,0.031773,1,0.009345,1,140.22083096563,1,4.84868548605537,830,1,6.19700002670288,34.8619995117188,0.0317730009555817,0.0164863225072622,135.212905883789,-87.2112,26.7005,23.8413349516182,63,63,63,63,61,63,0,7818,1.13366707078925,27,-87,0.001869,51,2026-09-12 18:04:03.001937,830,1.037,0.0011,"aoml_navis",1031.20732709511
"7901009",122,0,1,0.031773,1,0.009345,1,140.325775295095,1,4.84863016571368,832,1,6.18400001525879,34.8629989624023,0.0317730009555817,0.0164863225072622,135.314102172852,-87.2112,26.7005,23.8413349516182,63,63,63,63,61,63,0,7818,1.13366707078925,27,-87,0.001869,51,2026-09-12 18:04:03.001937,832,1.037,0.0011,"aoml_navis",1031.21909263295
"7901009",122,0,1,0.029904,1,0.007476,1,140.406967899813,1,4.84857275788868,834,1,6.16800022125244,34.8639984130859,0.0299040004611015,0.0148376896977425,135.392395019531,-87.2112,26.7005,23.8413349516182,63,63,63,63,61,63,0,7818,1.13366707078925,27,-87,0.001869,51,2026-09-12 18:04:03.001937,834,1.037,0.0011,"aoml_navis",1031.23130242089
"7901009",122,0,1,0.029904,1,0.007476,1,140.430830392097,1,4.84852950579688,836,1,6.16699981689453,34.8639984130859,0.0299040004611015,0.0148376896977425,135.415405273438,-87.2112,26.7005,23.8413349516182,63,63,63,63,61,63,0,7818,1.13366707078925,27,-87,0.001869,51,2026-09-12 18:04:03.001937,836,1.037,0.0011,"aoml_navis",1031.24050168655
"7901009",122,0,1,0.026166,1,0.003738,1,140.503620487926,1,4.848486256242,838,1,6.16599988937378,34.8639984130859,0.0261659994721413,0.0115404240787029,135.485595703125,-87.2112,26.7005,23.8413349516182,63,63,63,63,61,63,0,7818,1.13366707078925,27,-87,0.001869,51,2026-09-12 18:04:03.001937,838,1.037,0.0011,"aoml_navis",1031.24970057674
"7901009",122,0,1,0.031773,1,0.009345,1,140.548940234547,1,4.84844300889115,840,1,6.16499996185303,34.8639984130859,0.0317730009555817,0.0164863225072622,135.529296875,-87.2112,26.7005,23.8413349516182,63,63,63,63,61,63,0,7818,1.13366707078925,27,-87,0.001869,51,2026-09-12 18:04:03.001937,840,1.037,0.0011,"aoml_navis",1031.25889916225
"7901009",122,0,1,0.031773,1,0.009345,1,140.652017339815,1,4.8483941785806,842,1,6.1560001373291,34.8639984130859,0.0317730009555817,0.0164863225072622,135.628692626953,-87.2112,26.7005,23.8413349516182,63,63,63,63,61,63,0,7818,1.13366707078925,27,-87,0.001869,51,2026-09-12 18:04:03.001937,842,1.037,0.0011,"aoml_navis",1031.26928542427
"7901009",122,0,1,0.033642,1,0.011214,1,140.647143568181,1,4.84833467908577,844,1,6.13700008392334,34.8650016784668,0.0336420014500618,0.0181349534541368,135.623992919922,-87.2112,26.7005,23.8413349516182,63,63,63,63,61,63,0,7818,1.13366707078925,27,-87,0.001869,51,2026-09-12 18:04:03.001937,844,1.037,0.0011,"aoml_navis",1031.28194131656
"7901009",122,0,1,0.028035,1,0.005607,1,140.599339463942,1,4.84827889024928,846,1,6.11800003051758,34.8650016784668,0.0280349999666214,0.0131890568882227,135.577896118164,-87.2112,26.7005,23.8413349516182,63,63,63,63,61,63,0,7818,1.13366707078925,27,-87,0.001869,51,2026-09-12 18:04:03.001937,846,1.037,0.0011,"aoml_navis",1031.2938082122
"7901009",122,0,1,0.026166,1,0.003738,1,140.756866725676,1,4.84822221432502,848,1,6.10300016403198,34.8660011291504,0.0261659994721413,0.0115404240787029,135.729797363281,-87.2112,26.7005,23.8413349516182,63,63,63,63,61,63,0,7818,1.13366707078925,27,-87,0.001869,51,2026-09-12 18:04:03.001937,848,1.037,0.0011,"aoml_navis",1031.30586408076
"7901009",122,0,1,0.031773,1,0.009345,1,140.775016777832,1,4.8481734027002,850,1,6.0939998626709,34.8660011291504,0.0317730009555817,0.0164863225072622,135.747299194336,-87.2112,26.7005,23.8413349516182,63,63,63,63,61,63,0,7818,1.13366707078925,27,-87,0.001869,51,2026-09-12 18:04:03.001937,850,1.037,0.0011,"aoml_navis",1031.31624731393
"7901009",122,0,1,0.029904,1,0.007476,1,141.030953084341,1,4.84812737666633,852,1,6.08900022506714,34.8660011291504,0.0299040004611015,0.0148376896977425,135.994094848633,-87.2112,26.7005,23.8413349516182,63,63,63,63,61,63,0,7818,1.13366707078925,27,-87,0.001869,51,2026-09-12 18:04:03.001937,852,1.037,0.0011,"aoml_navis",1031.32603818634
"7901009",122,0,1,0.029904,1,0.007476,1,141.410205307544,1,4.84807648448775,854,1,6.0770001411438,34.8660011291504,0.0299040004611015,0.0148376896977425,136.359802246094,-87.2112,26.7005,23.8413349516182,63,63,63,63,61,63,0,7818,1.13366707078925,27,-87,0.001869,51,2026-09-12 18:04:03.001937,854,1.037,0.0011,"aoml_navis",1031.33686442414
"7901009",122,0,1,0.029904,1,0.007476,1,141.735308029025,1,4.84802142939316,856,1,6.05900001525879,34.8660011291504,0.0299040004611015,0.0148376896977425,136.673294067383,-87.2112,26.7005,23.8413349516182,63,63,63,63,61,63,0,7818,1.13366707078925,27,-87,0.001869,51,2026-09-12 18:04:03.001937,856,1.037,0.0011,"aoml_navis",1031.34857649048
"7901009",122,0,1,0.028035,1,0.005607,1,141.955276533834,1,4.84797263244647,858,1,6.05000019073486,34.8660011291504,0.0280349999666214,0.0131890568882227,136.885406494141,-87.2112,26.7005,23.8413349516182,63,63,63,63,61,63,0,7818,1.13366707078925,27,-87,0.001869,51,2026-09-12 18:04:03.001937,858,1.037,0.0011,"aoml_navis",1031.35895746111
"7901009",122,0,1,0.029904,1,0.007476,1,142.077532246959,1,4.84792245044709,860,1,6.03900003433228,34.8660011291504,0.0299040004611015,0.0148376896977425,137.003295898438,-87.2112,26.7005,23.8413349516182,63,63,63,63,61,63,0,7818,1.13366707078925,27,-87,0.001869,51,2026-09-12 18:04:03.001937,860,1.037,0.0011,"aoml_navis",1031.36963330321
"7901009",122,0,1,0.033642,1,0.011214,1,142.276027673498,1,4.84787782262996,862,1,6.03599977493286,34.8660011291504,0.0336420014500618,0.0181349534541368,137.194702148438,-87.2112,26.7005,23.8413349516182,63,63,63,63,61,63,0,7818,1.13366707078925,27,-87,0.001869,51,2026-09-12 18:04:03.001937,862,1.037,0.0011,"aoml_navis",1031.37912772057
"7901009",122,0,1,0.028035,1,0.005607,1,142.616796089515,1,4.84782903389556,864,1,6.02699995040894,34.8660011291504,0.0280349999666214,0.0131890568882227,137.523300170898,-87.2112,26.7005,23.8413349516182,63,63,63,63,61,63,0,7818,1.13366707078925,27,-87,0.001869,51,2026-09-12 18:04:03.001937,864,1.037,0.0011,"aoml_navis",1031.38950755905
"7901009",122,0,1,0.033642,1,0.011214,1,142.869314426307,1,4.84776963282049,866,1,6.00799989700317,34.867000579834,0.0336420014500618,0.0181349534541368,137.766799926758,-87.2112,26.7005,23.8413349516182,63,63,63,63,61,63,0,7818,1.13366707078925,27,-87,0.001869,51,2026-09-12 18:04:03.001937,866,1.037,0.0011,"aoml_navis",1031.4021454627
"7901009",122,0,1,0.029904,1,0.007476,1,143.102337676563,1,4.84770816850294,868,1,5.98600006103516,34.8680000305176,0.0299040004611015,0.0148376896977425,137.991500854492,-87.2112,26.7005,23.8413349516182,63,63,63,63,61,63,0,7818,1.13366707078925,27,-87,0.001869,51,2026-09-12 18:04:03.001937,868,1.037,0.0011,"aoml_navis",1031.41522265852
"7901009",122,0,1,0.031773,1,0.009345,1,143.217235260436,1,4.84765731953005,870,1,5.97399997711182,34.8680000305176,0.0317730009555817,0.0164863225072622,138.102294921875,-87.2112,26.7005,23.8413349516182,63,63,63,63,61,63,0,7818,1.13366707078925,27,-87,0.001869,51,2026-09-12 18:04:03.001937,870,1.037,0.0011,"aoml_navis",1031.42604157604
"7901009",122,0,1,0.031773,1,0.009345,1,143.335772349101,1,4.84761707411,872,1,5.97200012207031,34.867000579834,0.0317730009555817,0.0164863225072622,138.216598510742,-87.2112,26.7005,23.8413349516182,63,63,63,63,61,63,0,7818,1.13366707078925,27,-87,0.001869,51,2026-09-12 18:04:03.001937,872,1.037,0.0011,"aoml_navis",1031.43460458208
"7901009",122,0,1,0.028035,1,0.005607,1,143.510199572215,1,4.84757176340025,874,1,5.96799993515015,34.867000579834,0.0280349999666214,0.0131890568882227,138.384796142578,-87.2112,26.7005,23.8413349516182,63,63,63,63,61,63,0,7818,1.13366707078925,27,-87,0.001869,51,2026-09-12 18:04:03.001937,874,1.037,0.0011,"aoml_navis",1031.44424549846
"7901009",122,0,1,0.029904,1,0.007476,1,143.9647420728,1,4.84751654777586,876,1,5.95499992370605,34.8680000305176,0.0299040004611015,0.0148376896977425,138.823104858398,-87.2112,26.7005,23.8413349516182,63,63,63,63,61,63,0,7818,1.13366707078925,27,-87,0.001869,51,2026-09-12 18:04:03.001937,876,1.037,0.0011,"aoml_navis",1031.4559941614
"7901009",122,0,1,0.029904,1,0.007476,1,144.413255654578,1,4.8474615676302,878,1,5.93699979782104,34.8680000305176,0.0299040004611015,0.0148376896977425,139.255599975586,-87.2112,26.7005,23.8413349516182,63,63,63,63,61,63,0,7818,1.13366707078925,27,-87,0.001869,51,2026-09-12 18:04:03.001937,878,1.037,0.0011,"aoml_navis",1031.46769298562
"7901009",122,0,1,0.028035,1,0.005607,1,144.835643921528,1,4.84740659947878,880,1,5.91900014877319,34.8680000305176,0.0280349999666214,0.0131890568882227,139.662902832031,-87.2112,26.7005,23.8413349516182,63,63,63,63,61,63,0,7818,1.13366707078925,27,-87,0.001869,51,2026-09-12 18:04:03.001937,880,1.037,0.0011,"aoml_navis",1031.47938952297
"7901009",122,0,1,0.029904,1,0.007476,1,145.146331039247,1,4.84734445430266,882.099975585938,1,5.89900016784668,34.8689994812012,0.0299040004611015,0.0148376896977425,139.962493896484,-87.2112,26.7005,23.8413349516182,63,63,63,63,61,63,0,7818,1.13366707078925,27,-87,0.001869,51,2026-09-12 18:04:03.001937,882.099975585938,1.037,0.0011,"aoml_navis",1031.49261356119
"7901009",122,0,1,0.031773,1,0.009345,1,145.406840462646,1,4.84729714596171,884,1,5.88899993896484,34.8689994812012,0.0317730009555817,0.0164863225072622,140.21369934082,-87.2112,26.7005,23.8413349516182,63,63,63,63,61,63,0,7818,1.13366707078925,27,-87,0.001869,51,2026-09-12 18:04:03.001937,884,1.037,0.0011,"aoml_navis",1031.50268065689
"7901009",122,0,1,0.031773,1,0.009345,1,145.605335889185,1,4.84724978035206,886,1,5.88199996948242,34.8689994812012,0.0317730009555817,0.0164863225072622,140.40510559082,-87.2112,26.7005,23.8413349516182,63,63,63,63,61,63,0,7818,1.13366707078925,27,-87,0.001869,51,2026-09-12 18:04:03.001937,886,1.037,0.0011,"aoml_navis",1031.51276013609
"7901009",122,0,1,0.029904,1,0.007476,1,145.776440086185,1,4.84720035190192,888,1,5.87200021743774,34.8689994812012,0.0299040004611015,0.0148376896977425,140.570098876953,-87.2112,26.7005,23.8413349516182,63,63,63,63,61,63,0,7818,1.13366707078925,27,-87,0.001869,51,2026-09-12 18:04:03.001937,888,1.037,0.0011,"aoml_navis",1031.52327880116
"7901009",122,0,1,0.026166,1,0.003738,1,145.992151952782,1,4.8471509267413,890,1,5.86199998855591,34.8689994812012,0.0261659994721413,0.0115404240787029,140.778106689453,-87.2112,26.7005,23.8413349516182,63,63,63,63,61,63,0,7818,1.13366707078925,27,-87,0.001869,51,2026-09-12 18:04:03.001937,890,1.037,0.0011,"aoml_navis",1031.5337969807
"7901009",122,0,1,0.028035,1,0.005607,1,146.11752498088,1,4.84709713429669,892,1,5.85099983215332,34.8699989318848,0.0280349999666214,0.0131890568882227,140.899002075195,-87.2112,26.7005,23.8413349516182,63,63,63,63,61,63,0,7818,1.13366707078925,27,-87,0.001869,51,2026-09-12 18:04:03.001937,892,1.037,0.0011,"aoml_navis",1031.54524480671
"7901009",122,0,1,0.031773,1,0.009345,1,146.24943329367,1,4.84705690080066,894,1,5.84899997711182,34.8689994812012,0.0317730009555817,0.0164863225072622,141.02619934082,-87.2112,26.7005,23.8413349516182,63,63,63,63,61,63,0,7818,1.13366707078925,27,-87,0.001869,51,2026-09-12 18:04:03.001937,894,1.037,0.0011,"aoml_navis",1031.55380725448
"7901009",122,0,1,0.031773,1,0.009345,1,146.40343181815,1,4.8470122982206,896,1,5.84600019454956,34.8689994812012,0.0317730009555817,0.0164863225072622,141.174697875977,-87.2112,26.7005,23.8413349516182,63,63,63,63,61,63,0,7818,1.13366707078925,27,-87,0.001869,51,2026-09-12 18:04:03.001937,896,1.037,0.0011,"aoml_navis",1031.56329969197
"7901009",122,0,1,0.029904,1,0.007476,1,146.675033819196,1,4.84696700933363,898,1,5.84200000762939,34.8689994812012,0.0299040004611015,0.0148376896977425,141.436599731445,-87.2112,26.7005,23.8413349516182,63,63,63,63,61,63,0,7818,1.13366707078925,27,-87,0.001869,51,2026-09-12 18:04:03.001937,898,1.037,0.0011,"aoml_navis",1031.57293836985
"7901009",122,0,1,0.031773,1,0.009345,1,147.003570334327,1,4.84692103447855,900,1,5.83699989318848,34.8689994812012,0.0317730009555817,0.0164863225072622,141.753402709961,-87.2112,26.7005,23.8413349516182,63,63,63,63,61,63,0,7818,1.13366707078925,27,-87,0.001869,51,2026-09-12 18:04:03.001937,900,1.037,0.0011,"aoml_navis",1031.58272322419
"7901009",122,0,1,0.028035,1,0.005607,1,147.517943128897,1,4.84686175547527,902,1,5.81799983978271,34.8699989318848,0.0280349999666214,0.0131890568882227,142.249404907227,-87.2112,26.7005,23.8413349516182,63,63,63,63,61,63,0,7818,1.13366707078925,27,-87,0.001869,51,2026-09-12 18:04:03.001937,902,1.037,0.0011,"aoml_navis",1031.59533988188
"7901009",122,0,1,0.028035,1,0.005607,1,147.967501090311,1,4.84681029100128,904,1,5.80499982833862,34.8699989318848,0.0280349999666214,0.0131890568882227,142.682907104492,-87.2112,26.7005,23.8413349516182,63,63,63,63,61,63,0,7818,1.13366707078925,27,-87,0.001869,51,2026-09-12 18:04:03.001937,904,1.037,0.0011,"aoml_navis",1031.60629358305
"7901009",122,0,1,0.024297,1,0.001869,1,148.365298964018,1,4.84675951882623,906,1,5.79300022125244,34.8699989318848,0.0242970008403063,0.00989179313182831,143.066497802734,-87.2112,26.7005,23.8413349516182,63,63,63,63,61,63,0,7818,1.13366707078925,27,-87,0.001869,51,2026-09-12 18:04:03.001937,906,1.037,0.0011,"aoml_navis",1031.61710016322
"7901009",122,0,1,0.029904,1,0.007476,1,148.810505343616,1,4.846712180558,908,1,5.78599977493286,34.8699989318848,0.0299040004611015,0.0148376896977425,143.495803833008,-87.2112,26.7005,23.8413349516182,63,63,63,63,61,63,0,7818,1.13366707078925,27,-87,0.001869,51,2026-09-12 18:04:03.001937,908,1.037,0.0011,"aoml_navis",1031.62717605904
"7901009",122,0,1,0.033642,1,0.011214,1,149.322583667774,1,4.84666073054141,910,1,5.77299976348877,34.8699989318848,0.0336420014500618,0.0181349534541368,143.989593505859,-87.2112,26.7005,23.8413349516182,63,63,63,63,61,63,0,7818,1.13366707078925,27,-87,0.001869,51,2026-09-12 18:04:03.001937,910,1.037,0.0011,"aoml_navis",1031.63812735897
"7901009",122,0,1,0.028035,1,0.005607,1,149.842668902473,1,4.84661202737452,912,1,5.76399993896484,34.8699989318848,0.0280349999666214,0.0131890568882227,144.491104125977,-87.2112,26.7005,23.8413349516182,63,63,63,63,61,63,0,7818,1.13366707078925,27,-87,0.001869,51,2026-09-12 18:04:03.001937,912,1.037,0.0011,"aoml_navis",1031.64849419742
"7901009",122,0,1,0.031773,1,0.009345,1,150.438962202718,1,4.84653746874016,914,1,5.72800016403198,34.8720016479492,0.0317730009555817,0.0164863225072622,145.066101074219,-87.2112,26.7005,23.8413349516182,63,63,63,63,61,63,0,7818,1.13366707078925,27,-87,0.001869,51,2026-09-12 18:04:03.001937,914,1.037,0.0011,"aoml_navis",1031.66436497183
"7901009",122,0,1,0.031773,1,0.009345,1,150.917968505076,1,4.84649179191582,916,1,5.71799993515015,34.8709983825684,0.0317730009555817,0.0164863225072622,145.52799987793,-87.2112,26.7005,23.8413349516182,63,63,63,63,61,63,0,7818,1.13366707078925,27,-87,0.001869,51,2026-09-12 18:04:03.001937,916,1.037,0.0011,"aoml_navis",1031.6740881188
"7901009",122,0,1,0.026166,1,0.003738,1,151.351560117209,1,4.8464332612126,918,1,5.69999980926514,34.8720016479492,0.0261659994721413,0.0115404240787029,145.946105957031,-87.2112,26.7005,23.8413349516182,63,63,63,63,61,63,0,7818,1.13366707078925,27,-87,0.001869,51,2026-09-12 18:04:03.001937,918,1.037,0.0011,"aoml_navis",1031.68654771674
"7901009",122,0,1,0.028035,1,0.005607,1,151.732141550858,1,4.84636453129693,920,1,5.66699981689453,34.8730010986328,0.0280349999666214,0.0131890568882227,146.313095092773,-87.2112,26.7005,23.8413349516182,63,63,63,63,61,63,0,7818,1.13366707078925,27,-87,0.001869,51,2026-09-12 18:04:03.001937,920,1.037,0.0011,"aoml_navis",1031.70117883435
"7901009",122,0,1,0.031773,1,0.009345,1,152.009661703174,1,4.84630468712948,922,1,5.64699983596802,34.8740005493164,0.0317730009555817,0.0164863225072622,146.580703735352,-87.2112,26.7005,23.8413349516182,63,63,63,63,61,63,0,7818,1.13366707078925,27,-87,0.001869,51,2026-09-12 18:04:03.001937,922,1.037,0.0011,"aoml_navis",1031.71391870567
"7901009",122,0,1,0.028035,1,0.005607,1,152.218616750005,1,4.8462637862067,924,1,5.64400005340576,34.8730010986328,0.0280349999666214,0.0131890568882227,146.782196044922,-87.2112,26.7005,23.8413349516182,63,63,63,63,61,63,0,7818,1.13366707078925,27,-87,0.001869,51,2026-09-12 18:04:03.001937,924,1.037,0.0011,"aoml_navis",1031.72262604253
"7901009",122,0,1,0.031773,1,0.009345,1,152.61404103363,1,4.84620735711631,926,1,5.62900018692017,34.8740005493164,0.0317730009555817,0.0164863225072622,147.163497924805,-87.2112,26.7005,23.8413349516182,63,63,63,63,61,63,0,7818,1.13366707078925,27,-87,0.001869,51,2026-09-12 18:04:03.001937,926,1.037,0.0011,"aoml_navis",1031.73463938926
"7901009",122,0,1,0.031773,1,0.009345,1,152.953369471665,1,4.84615597800589,928,1,5.61600017547607,34.8740005493164,0.0317730009555817,0.0164863225072622,147.490707397461,-87.2112,26.7005,23.8413349516182,63,63,63,63,61,63,0,7818,1.13366707078925,27,-87,0.001869,51,2026-09-12 18:04:03.001937,928,1.037,0.0011,"aoml_navis",1031.74557787499
"7901009",122,0,1,0.029904,1,0.007476,1,153.296622245301,1,4.84610732128882,930,1,5.60699987411499,34.8740005493164,0.0299040004611015,0.0148376896977425,147.821701049805,-87.2112,26.7005,23.8413349516182,63,63,63,63,61,63,0,7818,1.13366707078925,27,-87,0.001869,51,2026-09-12 18:04:03.001937,930,1.037,0.0011,"aoml_navis",1031.75593698372
"7901009",122,0,1,0.033642,1,0.011214,1,153.657502881274,1,4.84605023272632,932,1,5.59100008010864,34.875,0.0336420014500618,0.0181349534541368,148.169692993164,-87.2112,26.7005,23.8413349516182,63,63,63,63,61,63,0,7818,1.13366707078925,27,-87,0.001869,51,2026-09-12 18:04:03.001937,932,1.037,0.0011,"aoml_navis",1031.76809151379
"7901009",122,0,1,0.029904,1,0.007476,1,153.918012304673,1,4.8459975144674,934,1,5.57600021362305,34.875,0.0299040004611015,0.0148376896977425,148.4208984375,-87.2112,26.7005,23.8413349516182,63,63,63,63,61,63,0,7818,1.13366707078925,27,-87,0.001869,51,2026-09-12 18:04:03.001937,934,1.037,0.0011,"aoml_navis",1031.77931583185
"7901009",122,0,1,0.029904,1,0.007476,1,154.233066828142,1,4.84594450914151,936,1,5.56599998474121,34.8759994506836,0.0299040004611015,0.0148376896977425,148.724700927734,-87.2112,26.7005,23.8413349516182,63,63,63,63,61,63,0,7818,1.13366707078925,27,-87,0.001869,51,2026-09-12 18:04:03.001937,936,1.037,0.0011,"aoml_navis",1031.79060151594
"7901009",122,0,1,0.033642,1,0.011214,1,154.491503316204,1,4.8458985790876,938,1,5.56099987030029,34.8759994506836,0.0336420014500618,0.0181349534541368,148.973907470703,-87.2112,26.7005,23.8413349516182,63,63,63,63,61,63,0,7818,1.13366707078925,27,-87,0.001869,51,2026-09-12 18:04:03.001937,938,1.037,0.0011,"aoml_navis",1031.8003809608
"7901009",122,0,1,0.031773,1,0.009345,1,154.91118569046,1,4.84585701195428,940,1,5.55700016021729,34.875,0.0317730009555817,0.0164863225072622,149.378601074219,-87.2112,26.7005,23.8413349516182,63,63,63,63,61,63,0,7818,1.13366707078925,27,-87,0.001869,51,2026-09-12 18:04:03.001937,940,1.037,0.0011,"aoml_navis",1031.80923161073
"7901009",122,0,1,0.031773,1,0.009345,1,155.64769486878,1,4.84580566524969,942,1,5.54400014877319,34.875,0.0317730009555817,0.0164863225072622,150.088806152344,-87.2112,26.7005,23.8413349516182,63,63,63,63,61,63,0,7818,1.13366707078925,27,-87,0.001869,51,2026-09-12 18:04:03.001937,942,1.037,0.0011,"aoml_navis",1031.82016477798
"7901009",122,0,1,0.028035,1,0.005607,1,156.523470489141,1,4.84573005145786,944,1,5.50600004196167,34.8769989013672,0.0280349999666214,0.0131890568882227,150.933303833008,-87.2112,26.7005,23.8413349516182,63,63,63,63,61,63,0,7818,1.13366707078925,27,-87,0.001869,51,2026-09-12 18:04:03.001937,944,1.037,0.0011,"aoml_navis",1031.83626551705
"7901009",122,0,1,0.028035,1,0.005607,1,157.338988569304,1,4.84566357312952,946,1,5.47599983215332,34.8779983520508,0.0280349999666214,0.0131890568882227,151.719696044922,-87.2112,26.7005,23.8413349516182,63,63,63,63,61,63,0,7818,1.13366707078925,27,-87,0.001869,51,2026-09-12 18:04:03.001937,946,1.037,0.0011,"aoml_navis",1031.8504214214
"7901009",122,0,1,0.029904,1,0.007476,1,158.164064305527,1,4.84560485337065,948,1,5.4520001411438,34.8779983520508,0.0299040004611015,0.0148376896977425,152.51530456543,-87.2112,26.7005,23.8413349516182,63,63,63,63,61,63,0,7818,1.13366707078925,27,-87,0.001869,51,2026-09-12 18:04:03.001937,948,1.037,0.0011,"aoml_navis",1031.86292553796
"7901009",122,0,1,0.028035,1,0.005607,1,158.76222482997,1,4.84554245738468,950,1,5.42799997329712,34.8790016174316,0.0280349999666214,0.0131890568882227,153.092102050781,-87.2112,26.7005,23.8413349516182,63,63,63,63,61,63,0,7818,1.13366707078925,27,-87,0.001869,51,2026-09-12 18:04:03.001937,950,1.037,0.0011,"aoml_navis",1031.87621282317
"7901009",122,0,1,0.029904,1,0.007476,1,159.353122168763,1,4.84548076876635,952,1,5.40500020980835,34.8800010681152,0.0299040004611015,0.0148376896977425,153.661895751953,-87.2112,26.7005,23.8413349516182,63,63,63,63,61,63,0,7818,1.13366707078925,27,-87,0.001869,51,2026-09-12 18:04:03.001937,952,1.037,0.0011,"aoml_navis",1031.88934981017
"7901009",122,0,1,0.031773,1,0.009345,1,159.908763782882,1,4.84541775881753,954,1,5.38000011444092,34.8810005187988,0.0317730009555817,0.0164863225072622,154.197692871094,-87.2112,26.7005,23.8413349516182,63,63,63,63,61,63,0,7818,1.13366707078925,27,-87,0.001869,51,2026-09-12 18:04:03.001937,954,1.037,0.0011,"aoml_navis",1031.9027685283
"7901009",122,0,1,0.029904,1,0.007476,1,160.284598036368,1,4.8453567805999,956,1,5.35799980163574,34.8819999694824,0.0299040004611015,0.0148376896977425,154.560104370117,-87.2112,26.7005,23.8413349516182,63,63,63,63,61,63,0,7818,1.13366707078925,27,-87,0.001869,51,2026-09-12 18:04:03.001937,956,1.037,0.0011,"aoml_navis",1031.9157548974
"7901009",122,0,1,0.031773,1,0.009345,1,160.448549815256,1,4.84530552369801,958,1,5.34499979019165,34.8819999694824,0.0317730009555817,0.0164863225072622,154.718200683594,-87.2112,26.7005,23.8413349516182,63,63,63,63,61,63,0,7818,1.13366707078925,27,-87,0.001869,51,2026-09-12 18:04:03.001937,958,1.037,0.0011,"aoml_navis",1031.92667119656
"7901009",122,0,1,0.028035,1,0.005607,1,160.525090183414,1,4.84526096091668,960,1,5.34200000762939,34.8819999694824,0.0280349999666214,0.0131890568882227,154.792007446289,-87.2112,26.7005,23.8413349516182,63,63,63,63,61,63,0,7818,1.13366707078925,27,-87,0.001869,51,2026-09-12 18:04:03.001937,960,1.037,0.0011,"aoml_navis",1031.9361620213
"7901009",122,0,1,0.028035,1,0.005607,1,160.720246759905,1,4.84521706902573,962,1,5.34000015258789,34.8819999694824,0.0280349999666214,0.0131890568882227,154.980194091797,-87.2112,26.7005,23.8413349516182,63,63,63,63,61,63,0,7818,1.13366707078925,27,-87,0.001869,51,2026-09-12 18:04:03.001937,962,1.037,0.0011,"aoml_navis",1031.94551013282
"7901009",122,0,1,0.033642,1,0.011214,1,160.864086318837,1,4.84517250957668,964,1,5.33699989318848,34.8819999694824,0.0336420014500618,0.0181349534541368,155.118896484375,-87.2112,26.7005,23.8413349516182,63,63,63,63,61,63,0,7818,1.13366707078925,27,-87,0.001869,51,2026-09-12 18:04:03.001937,964,1.037,0.0011,"aoml_navis",1031.95500059436
"7901009",122,0,1,0.031773,1,0.009345,1,161.072534999784,1,4.84512527548096,966,1,5.32999992370605,34.8819999694824,0.0317730009555817,0.0164863225072622,155.319900512695,-87.2112,26.7005,23.8413349516182,63,63,63,63,61,63,0,7818,1.13366707078925,27,-87,0.001869,51,2026-09-12 18:04:03.001937,966,1.037,0.0011,"aoml_navis",1031.96506090416
"7901009",122,0,1,0.026166,1,0.003738,1,161.217102459675,1,4.84507435998935,968,1,5.32299995422363,34.882999420166,0.0261659994721413,0.0115404240787029,155.45930480957,-87.2112,26.7005,23.8413349516182,63,63,63,63,61,63,0,7818,1.13366707078925,27,-87,0.001869,51,2026-09-12 18:04:03.001937,968,1.037,0.0011,"aoml_navis",1031.9759055279
"7901009",122,0,1,0.028035,1,0.005607,1,161.343409099872,1,4.8450298059699,970,1,5.32000017166138,34.882999420166,0.0280349999666214,0.0131890568882227,155.581100463867,-87.2112,26.7005,23.8413349516182,63,63,63,63,61,63,0,7818,1.13366707078925,27,-87,0.001869,51,2026-09-12 18:04:03.001937,970,1.037,0.0011,"aoml_navis",1031.98539539203
"7901009",122,0,1,0.026166,1,0.003738,1,161.623825032087,1,4.84498525343147,972,1,5.31699991226196,34.882999420166,0.0261659994721413,0.0115404240787029,155.851501464844,-87.2112,26.7005,23.8413349516182,63,63,63,63,61,63,0,7818,1.13366707078925,27,-87,0.001869,51,2026-09-12 18:04:03.001937,972,1.037,0.0011,"aoml_navis",1031.99488511523
"7901009",122,0,1,0.031773,1,0.009345,1,161.915017063271,1,4.8449373582318,974,1,5.30900001525879,34.882999420166,0.0317730009555817,0.0164863225072622,156.132293701172,-87.2112,26.7005,23.8413349516182,63,63,63,63,61,63,0,7818,1.13366707078925,27,-87,0.001869,51,2026-09-12 18:04:03.001937,974,1.037,0.0011,"aoml_navis",1032.00508702238
"7901009",122,0,1,0.029904,1,0.007476,1,162.255374057008,1,4.84488612307768,976,1,5.2960000038147,34.882999420166,0.0299040004611015,0.0148376896977425,156.460494995117,-87.2112,26.7005,23.8413349516182,63,63,63,63,61,63,0,7818,1.13366707078925,27,-87,0.001869,51,2026-09-12 18:04:03.001937,976,1.037,0.0011,"aoml_navis",1032.01600057914
"7901009",122,0,1,0.035511,1,0.013083,1,162.597914753619,1,4.84483890214739,978,1,5.28900003433228,34.882999420166,0.0355109982192516,0.0197835862636566,156.790802001953,-87.2112,26.7005,23.8413349516182,63,63,63,63,61,63,0,7818,1.13366707078925,27,-87,0.001869,51,2026-09-12 18:04:03.001937,978,1.037,0.0011,"aoml_navis",1032.02605927389
"7901009",122,0,1,0.028035,1,0.005607,1,166.942581510387,1,4.84430886512306,999.900024414062,1,5.21479988098145,34.8870010375977,0.0280349999666214,0.0131890568882227,160.98030090332,-87.2112,26.7005,23.8413349516182,63,63,63,63,61,63,0,7818,1.13366707078925,27,-87,0.001869,51,2026-09-12 18:04:03.001937,999.900024414062,1.037,0.0011,"aoml_navis",1032.13897775962
"7901009",122,0,1,0.033642,1,0.011214,1,175.368921242906,1,4.84306318456087,1048.80004882812,1,4.94840002059937,34.8950004577637,0.0336420014500618,0.0181349534541368,169.105697631836,-87.2112,26.7005,23.8413349516182,63,63,63,63,61,63,0,7818,1.13366707078925,27,-87,0.001869,51,2026-09-12 18:04:03.001937,1048.80004882812,1.037,0.0011,"aoml_navis",1032.4044534334
"7901009",122,0,1,0.022428,1,0,1,181.086219319805,1,4.84186695466804,1099.40002441406,1,4.7979998588562,34.9010009765625,0.0224280003458261,0.00824316125363111,174.618804931641,-87.2112,26.7005,23.8413349516182,63,63,63,63,61,63,0,7818,1.13366707078925,27,-87,0.001869,51,2026-09-12 18:04:03.001937,1099.40002441406,1.037,0.0011,"aoml_navis",1032.65951890304
"7901009",122,0,1,0.028035,1,0.005607,1,185.867895658424,1,4.84069797947192,1149.5,1,4.66550016403198,34.9059982299805,0.0280349999666214,0.0131890568882227,179.229705810547,-87.2112,26.7005,23.8413349516182,63,63,63,63,61,63,0,7818,1.13366707078925,27,-87,0.001869,51,2026-09-12 18:04:03.001937,1149.5,1.037,0.0011,"aoml_navis",1032.90889479237
"7901009",122,0,1,0.029904,1,0.007476,1,190.037502234722,1,4.83954900506122,1199.19995117188,1,4.54890012741089,34.9109992980957,0.0299040004611015,0.0148376896977425,183.250396728516,-87.2112,26.7005,23.8413349516182,63,63,63,63,61,63,0,7818,1.13366707078925,27,-87,0.001869,51,2026-09-12 18:04:03.001937,1199.19995117188,1.037,0.0011,"aoml_navis",1033.15412133878
"7901009",122,0,1,0.035511,1,0.013083,1,193.309986703861,1,4.83842545560701,1249.5,1,4.47770023345947,34.9140014648438,0.0355109982192516,0.0197835862636566,186.406005859375,-87.2112,26.7005,23.8413349516182,63,63,63,63,61,63,0,7818,1.13366707078925,27,-87,0.001869,51,2026-09-12 18:04:03.001937,1249.5,1.037,0.0011,"aoml_navis",1033.39403404588
"7901009",122,0,1,0.026166,1,0.003738,1,195.691947646266,1,4.83731316623429,1300,1,4.42829990386963,34.9169998168945,0.0261659994721413,0.0115404240787029,188.702896118164,-87.2112,26.7005,23.8413349516182,63,63,63,63,61,63,0,7818,1.13366707078925,27,-87,0.001869,51,2026-09-12 18:04:03.001937,1300,1.037,0.0011,"aoml_navis",1033.63165215378
"7901009",122,0,1,0.029904,1,0.007476,1,197.399745709823,1,4.83624730099014,1349.30004882812,1,4.39779996871948,34.9179992675781,0.0299040004611015,0.0148376896977425,190.349700927734,-87.2112,26.7005,23.8413349516182,63,63,63,63,61,63,0,7818,1.13366707078925,27,-87,0.001869,51,2026-09-12 18:04:03.001937,1349.30004882812,1.037,0.0011,"aoml_navis",1033.85945523843
"7901009",122,0,1,0.028035,1,0.005607,1,198.692719346822,1,4.83516963867491,1399.09997558594,1,4.36899995803833,34.9199981689453,0.0280349999666214,0.0131890568882227,191.596496582031,-87.2112,26.7005,23.8413349516182,63,63,63,63,61,63,0,7818,1.13366707078925,27,-87,0.001869,51,2026-09-12 18:04:03.001937,1399.09997558594,1.037,0.0011,"aoml_navis",1034.08988177099
"7901009",122,0,1,0.029904,1,0.007476,1,199.66919848237,1,4.83411102732399,1448.80004882812,1,4.35260009765625,34.9199981689453,0.0299040004611015,0.0148376896977425,192.538101196289,-87.2112,26.7005,23.8413349516182,63,63,63,63,61,63,0,7818,1.13366707078925,27,-87,0.001869,51,2026-09-12 18:04:03.001937,1448.80004882812,1.037,0.0011,"aoml_navis",1034.31633484178
"7901009",122,0,1,0.031773,1,0.009345,1,200.256994330124,1,4.83303553022937,1499.40002441406,1,4.34259986877441,34.9210014343262,0.0317730009555817,0.0164863225072622,193.104904174805,-87.2112,26.7005,23.8413349516182,63,63,63,63,61,63,0,7818,1.13366707078925,27,-87,0.001869,51,2026-09-12 18:04:03.001937,1499.40002441406,1.037,0.0011,"aoml_navis",1034.54650161918
"7901009",122,0,1,0.028035,1,0.005607,1,201.074585345624,1,4.83197091333174,1549.5,1,4.33090019226074,34.9220008850098,0.0280349999666214,0.0131890568882227,193.893295288086,-87.2112,26.7005,23.8413349516182,63,63,63,63,61,63,0,7818,1.13366707078925,27,-87,0.001869,51,2026-09-12 18:04:03.001937,1549.5,1.037,0.0011,"aoml_navis",1034.77444084041
"7901009",122,0,1,0.028035,1,0.005607,1,201.745029600012,1,4.83091827514815,1599.40002441406,1,4.32310009002686,34.9220008850098,0.0280349999666214,0.0131890568882227,194.539794921875,-87.2112,26.7005,23.8413349516182,63,63,63,63,61,63,0,7818,1.13366707078925,27,-87,0.001869,51,2026-09-12 18:04:03.001937,1599.40002441406,1.037,0.0011,"aoml_navis",1034.99991414089
"7901009",122,0,1,0.029904,1,0.007476,1,202.372860000472,1,4.82985811415713,1649.5,1,4.31360006332397,34.9230003356934,0.0299040004611015,0.0148376896977425,195.145202636719,-87.2112,26.7005,23.8413349516182,63,63,63,63,61,63,0,7818,1.13366707078925,27,-87,0.001869,51,2026-09-12 18:04:03.001937,1649.5,1.037,0.0011,"aoml_navis",1035.22709815101
"7901009",122,0,1,0.031773,1,0.009345,1,202.863164591617,1,4.82881749836021,1699,1,4.30679988861084,34.9230003356934,0.0317730009555817,0.0164863225072622,195.61799621582,-87.2112,26.7005,23.8413349516182,63,63,63,63,61,63,0,7818,1.13366707078925,27,-87,0.001869,51,2026-09-12 18:04:03.001937,1699,1.037,0.0011,"aoml_navis",1035.4501907968
"7901009",122,0,1,0.028035,1,0.005607,1,203.377442442583,1,4.82774150102657,1750.09997558594,1,4.30030012130737,34.923999786377,0.0280349999666214,0.0131890568882227,196.113906860352,-87.2112,26.7005,23.8413349516182,63,63,63,63,61,63,0,7818,1.13366707078925,27,-87,0.001869,51,2026-09-12 18:04:03.001937,1750.09997558594,1.037,0.0011,"aoml_navis",1035.68096985657
"7901009",122,0,1,0.033642,1,0.011214,1,203.747137009726,1,4.82669571863931,1799.90002441406,1,4.2960000038147,34.9249992370605,0.0336420014500618,0.0181349534541368,196.470397949219,-87.2112,26.7005,23.8413349516182,63,63,63,63,61,63,0,7818,1.13366707078925,27,-87,0.001869,51,2026-09-12 18:04:03.001937,1799.90002441406,1.037,0.0011,"aoml_navis",1035.90536703846
"7901009",122,0,1,0.024297,1,0.001869,1,204.241397584339,1,4.82566940863052,1849.09997558594,1,4.2943000793457,34.9249992370605,0.0242970008403063,0.00989179313182831,196.947006225586,-87.2112,26.7005,23.8413349516182,63,63,63,63,61,63,0,7818,1.13366707078925,27,-87,0.001869,51,2026-09-12 18:04:03.001937,1849.09997558594,1.037,0.0011,"aoml_navis",1036.12568052376
"7901009",122,0,1,0.029904,1,0.007476,1,204.341357374633,1,4.82462622592495,1899.19995117188,1,4.29309988021851,34.9249992370605,0.0299040004611015,0.0148376896977425,197.043395996094,-87.2112,26.7005,23.8413349516182,63,63,63,63,61,63,0,7818,1.13366707078925,27,-87,0.001869,51,2026-09-12 18:04:03.001937,1899.19995117188,1.037,0.0011,"aoml_navis",1036.34971205286
"7901009",122,0,1,0.029904,1,0.007476,1,204.373195129592,1,4.8236168659856,1947.80004882812,1,4.29349994659424,34.9249992370605,0.0299040004611015,0.0148376896977425,197.074096679688,-87.2112,26.7005,23.8413349516182,63,63,63,63,61,63,0,7818,1.13366707078925,27,-87,0.001869,51,2026-09-12 18:04:03.001937,1947.80004882812,1.037,0.0011,"aoml_navis",1036.56657212106
"7901009",122,0,1,0.031773,1,0.009345,1,202.176864755485,4,4.82254536079044,1999.5,1,4.2947998046875,34.9249992370605,0.0317730009555817,0.0164863225072622,194.956207275391,-87.2112,26.7005,23.8413349516182,63,63,63,63,61,63,0,7818,1.13366707078925,27,-87,0.001869,51,2026-09-12 18:04:03.001937,1999.5,1.037,0.0011,"aoml_navis",1036.79688337457
"7901009",123,0.0331784516283801,1,0.065415,1,0.042987,1,189.79448962375,1,4.89048168432994,2.20000004768372,1,30.6599998474121,36.181999206543,0.0654150024056435,0.0403911583125591,183.016006469727,-87.741,26.1135,36.2591612536323,63,63,63,63,61,63,0.042987,8045,1.29563008188212,26,-88,0.001869,51,2026-09-23 01:07:21.000117,2.20000004768372,1.037,0.0011,"aoml_navis",1022.39417765759
"7901009",123,0.0346209930035271,1,0.067284,1,0.044856,1,189.789615850605,1,4.89044334599833,4,1,30.6590003967285,36.181999206543,0.0672840029001236,0.0418336987495422,183.011306762695,-87.741,26.1135,36.2591612536323,63,63,63,63,61,63,0.044856,8045,1.29563008188212,26,-88,0.001869,51,2026-09-23 01:07:21.000117,4,1.037,0.0011,"aoml_navis",1022.40219265423
"7901009",123,0.0331784516283801,1,0.065415,1,0.042987,1,189.859304476998,1,4.89038763251149,6,1,30.6499996185303,36.181999206543,0.0654150024056435,0.0403911583125591,183.078506469727,-87.741,26.1135,36.2591612536323,63,63,63,63,61,63,0.042987,8045,1.29563008188212,26,-88,0.001869,51,2026-09-23 01:07:21.000117,6,1.037,0.0011,"aoml_navis",1022.41384031806
"7901009",123,0.0360635343786741,1,0.069153,1,0.046725,1,190.112123546909,1,4.89026633323286,8,1,30.6079998016357,36.185001373291,0.0691530033946037,0.0432762391865253,183.322296142578,-87.741,26.1135,36.2591612536323,63,63,63,63,61,63,0.046725,8045,1.29563008188212,26,-88,0.001869,51,2026-09-23 01:07:21.000117,8,1.037,0.0011,"aoml_navis",1022.43920050354
"7901009",123,0.038948617128968,1,0.072891,1,0.050463,1,190.152047344454,1,4.89016415401727,10,1,30.5709991455078,36.185001373291,0.0728909969329834,0.0461613237857819,183.360794067383,-87.741,26.1135,36.2591612536323,63,63,63,63,61,63,0.050463,8045,1.29563008188212,26,-88,0.001869,51,2026-09-23 01:07:21.000117,10,1.037,0.0011,"aoml_navis",1022.46056421081
"7901009",123,0.038948617128968,1,0.072891,1,0.050463,1,190.248399307694,1,4.89011013280061,12,1,30.5629997253418,36.185001373291,0.0728909969329834,0.0461613237857819,183.453704833984,-87.741,26.1135,36.2591612536323,63,63,63,63,61,63,0.050463,8045,1.29563008188212,26,-88,0.001869,51,2026-09-23 01:07:21.000117,12,1.037,0.0011,"aoml_navis",1022.47185936822
"7901009",123,0.038948617128968,1,0.072891,1,0.050463,1,190.084020231633,1,4.8900594321413,14,1,30.556999206543,36.185001373291,0.0728909969329834,0.0461613237857819,183.295196533203,-87.741,26.1135,36.2591612536323,63,63,63,63,61,63,0.050463,8045,1.29563008188212,26,-88,0.001869,51,2026-09-23 01:07:21.000117,14,1.037,0.0011,"aoml_navis",1022.48246046583
"7901009",123,0.040391158504115,1,0.07476,1,0.052332,1,190.048875263599,1,4.89001565052727,16,1,30.55299949646,36.1839981079102,0.0747599974274635,0.047603864222765,183.261306762695,-87.741,26.1135,36.2591612536323,63,63,63,63,61,63,0.052332,8045,1.29563008188212,26,-88,0.001869,51,2026-09-23 01:07:21.000117,16,1.037,0.0011,"aoml_navis",1022.49161502395
"7901009",123,0.038948617128968,1,0.072891,1,0.050463,1,190.056233395133,1,4.88996467878414,18,1,30.548999786377,36.185001373291,0.0728909969329834,0.0461613237857819,183.268402099609,-87.741,26.1135,36.2591612536323,63,63,63,63,61,63,0.050463,8045,1.29563008188212,26,-88,0.001869,51,2026-09-23 01:07:21.000117,18,1.037,0.0011,"aoml_navis",1022.50227321544
"7901009",123,0.040391158504115,1,0.07476,1,0.052332,1,190.065253040238,1,4.88991564796218,20,1,30.5440006256104,36.185001373291,0.0747599974274635,0.047603864222765,183.277099609375,-87.741,26.1135,36.2591612536323,63,63,63,63,61,63,0.052332,8045,1.29563008188212,26,-88,0.001869,51,2026-09-23 01:07:21.000117,20,1.037,0.0011,"aoml_navis",1022.51252576999
"7901009",123,0.040391158504115,1,0.07476,1,0.052332,1,190.114307250461,1,4.88987325167773,22,1,30.5429992675781,36.185001373291,0.0747599974274635,0.047603864222765,183.324401855469,-87.741,26.1135,36.2591612536323,63,63,63,63,61,63,0.052332,8045,1.29563008188212,26,-88,0.001869,51,2026-09-23 01:07:21.000117,22,1.037,0.0011,"aoml_navis",1022.52139118013
"7901009",123,0.0418336998792619,1,0.076629,1,0.054201,1,189.997637349825,1,4.88982562057495,24,1,30.5410003662109,36.1860008239746,0.0766289979219437,0.0490464083850384,183.211898803711,-87.741,26.1135,36.2591612536323,63,63,63,63,61,63,0.054201,8045,1.29563008188212,26,-88,0.001869,51,2026-09-23 01:07:21.000117,24,1.037,0.0011,"aoml_navis",1022.53135141701
"7901009",123,0.0461613240047028,1,0.082236,1,0.059808,1,189.907725729669,1,4.88978515318833,26,1,30.5389995574951,36.185001373291,0.0822359994053841,0.053374033421278,183.125198364258,-87.741,26.1135,36.2591612536323,63,63,63,63,61,63,0.059808,8045,1.29563008188212,26,-88,0.001869,51,2026-09-23 01:07:21.000117,26,1.037,0.0011,"aoml_navis",1022.53981378708
"7901009",123,0.0432762412544089,1,0.078498,1,0.05607,1,189.863339581388,1,4.88973944794324,28,1,30.5359992980957,36.185001373291,0.0784979984164238,0.0504889488220215,183.082397460938,-87.741,26.1135,36.2591612536323,63,63,63,63,61,63,0.05607,8045,1.29563008188212,26,-88,0.001869,51,2026-09-23 01:07:21.000117,28,1.037,0.0011,"aoml_navis",1022.54937164456
"7901009",123,0.0490464067549967,1,0.085974,1,0.063546,1,189.780801916704,1,4.88969513987187,30,1,30.5359992980957,36.1860008239746,0.0859740003943443,0.0562591180205345,183.002807617188,-87.741,26.1135,36.2591612536323,63,63,63,63,61,63,0.063546,8045,1.29563008188212,26,-88,0.001869,51,2026-09-23 01:07:21.000117,30,1.037,0.0011,"aoml_navis",1022.55863749637
"7901009",123,0.0476038653798498,1,0.084105,1,0.061677,1,189.788365759441,1,4.88964917640906,32,1,30.5349998474121,36.1870002746582,0.0841049998998642,0.0548165738582611,183.010101318359,-87.741,26.1135,36.2591612536323,63,63,63,63,61,63,0.061677,8045,1.29563008188212,26,-88,0.001869,51,2026-09-23 01:07:21.000117,32,1.037,0.0011,"aoml_navis",1022.56824970662
"7901009",123,0.0519314895052907,1,0.089712,1,0.067284,1,189.725307363397,1,4.88960513929807,34,1,30.5330009460449,36.1870002746582,0.0897120013833046,0.0591441951692104,182.949295043945,-87.741,26.1135,36.2591612536323,63,63,63,63,61,63,0.067284,8045,1.29563008188212,26,-88,0.001869,51,2026-09-23 01:07:21.000117,34,1.037,0.0011,"aoml_navis",1022.57745923381
"7901009",123,0.0533740308804376,1,0.091581,1,0.069153,1,189.939879973273,1,4.88955269429224,36.0999984741211,1,30.5249996185303,36.1860008239746,0.0915810018777847,0.0605867356061935,183.156204223633,-87.741,26.1135,36.2591612536323,63,63,63,63,61,63,0.069153,8045,1.29563008188212,26,-88,0.001869,51,2026-09-23 01:07:21.000117,36.0999984741211,1.037,0.0011,"aoml_navis",1022.58842732929
"7901009",123,0.0519314895052907,1,0.089712,1,0.067284,1,193.302261253117,1,4.8893958413938,37.9000015258789,1,30.4069995880127,36.1650009155273,0.0897120013833046,0.0591441951692104,186.398498535156,-87.741,26.1135,36.2591612536323,63,63,63,63,61,63,0.067284,8045,1.29563008188212,26,-88,0.001869,51,2026-09-23 01:07:21.000117,37.9000015258789,1.037,0.0011,"aoml_navis",1022.62123219188
"7901009",123,0.0548165722555846,1,0.09345,1,0.071022,1,199.426489512112,1,4.88878857292375,40,1,29.9990005493164,36.1349983215332,0.0934500023722649,0.0620292760431767,192.304000854492,-87.741,26.1135,36.2591612536323,63,63,63,63,61,63,0.071022,8045,1.29563008188212,26,-88,0.001869,51,2026-09-23 01:07:21.000117,40,1.037,0.0011,"aoml_navis",1022.74825867745
"7901009",123,0.0663569032567603,1,0.108402,1,0.085974,1,199.926541801543,1,4.88849395880083,42,1,29.82200050354,36.125,0.108401998877525,0.0735696107149124,192.786193847656,-87.741,26.1135,36.2591612536323,63,63,63,63,61,63,0.085974,8045,1.29563008188212,26,-88,0.001869,51,2026-09-23 01:07:21.000117,42,1.037,0.0011,"aoml_navis",1022.80989649142
"7901009",123,0.0692419860070542,1,0.11214,1,0.089712,1,199.881949942057,1,4.88833571893576,44,1,29.7719993591309,36.1349983215332,0.112139999866486,0.0764546915888786,192.743194580078,-87.741,26.1135,36.2591612536323,63,63,63,63,61,63,0.089712,8045,1.29563008188212,26,-88,0.001869,51,2026-09-23 01:07:21.000117,44,1.037,0.0011,"aoml_navis",1022.84300577632
"7901009",123,0.0706845273822012,1,0.114009,1,0.091581,1,199.969693682599,1,4.88821765266485,46,1,29.7070007324219,36.1269989013672,0.114009000360966,0.077897235751152,192.82780456543,-87.741,26.1135,36.2591612536323,63,63,63,63,61,63,0.091581,8045,1.29563008188212,26,-88,0.001869,51,2026-09-23 01:07:21.000117,46,1.037,0.0011,"aoml_navis",1022.86771074406
"7901009",123,0.0677994446319072,1,0.110271,1,0.087843,1,199.316354898193,1,4.88805731434668,48,1,29.6599998474121,36.1389999389648,0.110270999372005,0.0750121548771858,192.197799682617,-87.741,26.1135,36.2591612536323,63,63,63,63,61,63,0.087843,8045,1.29563008188212,26,-88,0.001869,51,2026-09-23 01:07:21.000117,48,1.037,0.0011,"aoml_navis",1022.90126290557
"7901009",123,0.076454692882789,1,0.121485,1,0.099057,1,198.706579417252,1,4.88789829574037,50,1,29.6380004882812,36.1619987487793,0.121485002338886,0.0836673974990845,191.609802246094,-87.741,26.1135,36.2591612536323,63,63,63,63,61,63,0.099057,8045,1.29563008188212,26,-88,0.001869,51,2026-09-23 01:07:21.000117,50,1.037,0.0011,"aoml_navis",1022.93454108023
"7901009",123,0.076454692882789,1,0.121485,1,0.099057,1,198.565857129669,1,4.88777910005559,52,1,29.6030006408691,36.1679992675781,0.121485002338886,0.0836673974990845,191.474105834961,-87.741,26.1135,36.2591612536323,63,63,63,63,61,63,0.099057,8045,1.29563008188212,26,-88,0.001869,51,2026-09-23 01:07:21.000117,52,1.037,0.0011,"aoml_navis",1022.95948684406
"7901009",123,0.0836673997585238,1,0.13083,1,0.108402,1,198.358231228918,1,4.8876811713359,54,1,29.5590000152588,36.1640014648438,0.130830004811287,0.0908801034092903,191.273895263672,-87.741,26.1135,36.2591612536323,63,63,63,63,61,63,0.108402,8045,1.29563008188212,26,-88,0.001869,51,2026-09-23 01:07:21.000117,54,1.037,0.0011,"aoml_navis",1022.97998268029
"7901009",123,0.0937651893845526,1,0.143913,1,0.121485,1,197.674304770847,1,4.88756655337057,56,1,29.5400009155273,36.1759986877441,0.143913000822067,0.100977897644043,190.614395141602,-87.741,26.1135,36.2591612536323,63,63,63,63,61,63,0.121485,8045,1.29563008188212,26,-88,0.001869,51,2026-09-23 01:07:21.000117,56,1.037,0.0011,"aoml_navis",1023.00397250896
"7901009",123,0.109633144511169,1,0.164472,1,0.142044,1,197.297346901196,1,4.88743740031803,58,1,29.5009994506836,36.1829986572266,0.164471998810768,0.116845853626728,190.250900268555,-87.741,26.1135,36.2591612536323,63,63,63,63,61,63,0.142044,8045,1.29563008188212,26,-88,0.001869,51,2026-09-23 01:07:21.000117,58,1.037,0.0011,"aoml_navis",1023.03100591624
"7901009",123,0.118288392762051,1,0.175686,1,0.153258,1,197.207751759816,1,4.88736361417726,60,1,29.4740009307861,36.1800003051758,0.175686001777649,0.125501096248627,190.164505004883,-87.741,26.1135,36.2591612536323,63,63,63,63,61,63,0.153258,8045,1.29563008188212,26,-88,0.001869,51,2026-09-23 01:07:21.000117,60,1.037,0.0011,"aoml_navis",1023.04645095282
"7901009",123,0.112518227261463,1,0.16821,1,0.145782,1,196.605540121612,1,4.88728072033096,62,1,29.4479999542236,36.1800003051758,0.168209999799728,0.119730934500694,189.583801269531,-87.741,26.1135,36.2591612536323,63,63,63,63,61,63,0.145782,8045,1.29563008188212,26,-88,0.001869,51,2026-09-23 01:07:21.000117,62,1.037,0.0011,"aoml_navis",1023.0638029856
"7901009",123,0.142811596139549,1,0.207459,1,0.185031,1,195.848190587595,1,4.88709362846549,64,1,29.3819999694824,36.1910018920898,0.207459002733231,0.150024309754372,188.853500366211,-87.741,26.1135,36.2591612536323,63,63,63,63,61,63,0.185031,8045,1.29563008188212,26,-88,0.001869,51,2026-09-23 01:07:21.000117,64,1.037,0.0011,"aoml_navis",1023.10296878228
"7901009",123,0.142811596139549,1,0.207459,1,0.185031,1,195.812934851991,1,4.88696856287368,66,1,29.3209991455078,36.1870002746582,0.207459002733231,0.150024309754372,188.81950378418,-87.741,26.1135,36.2591612536323,63,63,63,63,61,63,0.185031,8045,1.29563008188212,26,-88,0.001869,51,2026-09-23 01:07:21.000117,66,1.037,0.0011,"aoml_navis",1023.12915167595
"7901009",123,0.148581761640137,1,0.214935,1,0.192507,1,196.595681807751,1,4.88682048620402,68,1,29.2189998626709,36.1710014343262,0.214935004711151,0.155794471502304,189.574295043945,-87.741,26.1135,36.2591612536323,63,63,63,63,61,63,0.192507,8045,1.29563008188212,26,-88,0.001869,51,2026-09-23 01:07:21.000117,68,1.037,0.0011,"aoml_navis",1023.16015374731
"7901009",123,0.150024303015284,1,0.216804,1,0.194376,1,198.112358868132,1,4.88667930628481,70,1,29.07200050354,36.132999420166,0.216803997755051,0.157237008213997,191.036804199219,-87.741,26.1135,36.2591612536323,63,63,63,63,61,63,0.194376,8045,1.29563008188212,26,-88,0.001869,51,2026-09-23 01:07:21.000117,70,1.037,0.0011,"aoml_navis",1023.18971363016
"7901009",123,0.152909385765578,1,0.220542,1,0.198114,1,198.231813781993,1,4.88658168567302,72,1,28.9829998016357,36.109001159668,0.220541998744011,0.160122096538544,191.151992797852,-87.741,26.1135,36.2591612536323,63,63,63,63,61,63,0.198114,8045,1.29563008188212,26,-88,0.001869,51,2026-09-23 01:07:21.000117,72,1.037,0.0011,"aoml_navis",1023.21015417782
"7901009",123,0.170219882267342,1,0.24297,1,0.220542,1,197.916142027243,1,4.88641359501942,74,1,28.9169998168945,36.1150016784668,0.242970004677773,0.177432596683502,190.847595214844,-87.741,26.1135,36.2591612536323,63,63,63,63,61,63,0.220542,8045,1.29563008188212,26,-88,0.001869,51,2026-09-23 01:07:21.000117,74,1.037,0.0011,"aoml_navis",1023.24535219375
"7901009",123,0.183202754643664,1,0.259791,1,0.237363,1,197.706047592042,1,4.88625990937632,76,1,28.8330001831055,36.109001159668,0.259790986776352,0.19041545689106,190.645004272461,-87.741,26.1135,36.2591612536323,63,63,63,63,61,63,0.237363,8045,1.29563008188212,26,-88,0.001869,51,2026-09-23 01:07:21.000117,76,1.037,0.0011,"aoml_navis",1023.27753593406
"7901009",123,0.188972920144252,1,0.267267,1,0.244839,1,197.451139762213,1,4.88614449066064,78,1,28.8020000457764,36.1160011291504,0.267266988754272,0.196185633540154,190.399200439453,-87.741,26.1135,36.2591612536323,63,63,63,63,61,63,0.244839,8045,1.29563008188212,26,-88,0.001869,51,2026-09-23 01:07:21.000117,78,1.037,0.0011,"aoml_navis",1023.30170742126
"7901009",123,0.204840875270869,1,0.287826,1,0.265398,1,197.347540435011,1,4.886009143531,80,1,28.753999710083,36.1209983825684,0.287826001644135,0.212053567171097,190.299301147461,-87.741,26.1135,36.2591612536323,63,63,63,63,61,63,0.265398,8045,1.29563008188212,26,-88,0.001869,51,2026-09-23 01:07:21.000117,80,1.037,0.0011,"aoml_navis",1023.33005385795
"7901009",123,0.223593913147779,1,0.312123,1,0.289695,1,196.934693872204,1,4.88583377226222,82,1,28.7819995880127,36.1710014343262,0.312123000621796,0.23080663383007,189.90119934082,-87.741,26.1135,36.2591612536323,63,63,63,63,61,63,0.289695,8045,1.29563008188212,26,-88,0.001869,51,2026-09-23 01:07:21.000117,82,1.037,0.0011,"aoml_navis",1023.36678508915
"7901009",123,0.238019326899249,1,0.330813,1,0.308385,1,195.841338822103,1,4.88564819720889,84,1,28.7070007324219,36.1780014038086,0.330812990665436,0.245232045650482,188.846893310547,-87.741,26.1135,36.2591612536323,63,63,63,63,61,63,0.308385,8045,1.29563008188212,26,-88,0.001869,51,2026-09-23 01:07:21.000117,84,1.037,0.0011,"aoml_navis",1023.40565635824
"7901009",123,0.266870154402188,1,0.368193,1,0.345765,1,194.802750424125,1,4.8855066500191,86,1,28.636999130249,36.1749992370605,0.368193000555038,0.274082869291306,187.845397949219,-87.741,26.1135,36.2591612536323,63,63,63,63,61,63,0.345765,8045,1.29563008188212,26,-88,0.001869,51,2026-09-23 01:07:21.000117,86,1.037,0.0011,"aoml_navis",1023.43530736581
"7901009",123,0.271197778527629,1,0.3738,1,0.351372,1,192.825327738245,1,4.88535211093639,88,1,28.5699996948242,36.1769981384277,0.373800009489059,0.278410494327545,185.938598632812,-87.741,26.1135,36.2591612536323,63,63,63,63,61,63,0.351372,8045,1.29563008188212,26,-88,0.001869,51,2026-09-23 01:07:21.000117,88,1.037,0.0011,"aoml_navis",1023.46768184978
"7901009",123,0.291393357779687,1,0.399966,1,0.377538,1,191.377722170645,1,4.88518109038023,90,1,28.4360008239746,36.1539993286133,0.39996600151062,0.298606067895889,184.542694091797,-87.741,26.1135,36.2591612536323,63,63,63,63,61,63,0.377538,8045,1.29563008188212,26,-88,0.001869,51,2026-09-23 01:07:21.000117,90,1.037,0.0011,"aoml_navis",1023.50351143499
"7901009",123,0.310146395656597,1,0.424263,1,0.401835,1,190.463272572407,1,4.88501931906776,92,1,28.3460006713867,36.1479988098145,0.424263000488281,0.317359119653702,183.660903930664,-87.741,26.1135,36.2591612536323,63,63,63,63,61,63,0.401835,8045,1.29563008188212,26,-88,0.001869,51,2026-09-23 01:07:21.000117,92,1.037,0.0011,"aoml_navis",1023.53740557042
"7901009",123,0.369290592037622,1,0.500892,1,0.478464,1,189.527349889242,1,4.88484031935756,94,1,28.253999710083,36.1459999084473,0.500891983509064,0.37650328874588,182.758407592773,-87.741,26.1135,36.2591612536323,63,63,63,63,61,63,0.478464,8045,1.29563008188212,26,-88,0.001869,51,2026-09-23 01:07:21.000117,94,1.037,0.0011,"aoml_navis",1023.57491199581
"7901009",123,0.432762412544089,1,0.583128,1,0.5607,1,188.942148985228,1,4.88469325450603,96,1,28.1979999542236,36.1510009765625,0.583127975463867,0.43997511267662,182.194107055664,-87.741,26.1135,36.2591612536323,63,63,63,63,61,63,0.5607,8045,1.29563008188212,26,-88,0.001869,51,2026-09-23 01:07:21.000117,96,1.037,0.0011,"aoml_navis",1023.60572905732
"7901009",123,0.490464067549967,1,0.657888,1,0.63546,1,188.689409035012,1,4.88456222953265,98,1,28.1429996490479,36.1520004272461,0.657887995243073,0.49767678976059,181.950393676758,-87.741,26.1135,36.2591612536323,63,63,63,63,61,63,0.63546,8045,1.29563008188212,26,-88,0.001869,51,2026-09-23 01:07:21.000117,98,1.037,0.0011,"aoml_navis",1023.63318656673
"7901009",123,0.507774564051731,1,0.680316,1,0.657888,1,188.555949935329,1,4.88446619135305,100,1,28.117000579834,36.1559982299805,0.680315971374512,0.514987230300903,181.821701049805,-87.741,26.1135,36.2591612536323,63,63,63,63,61,63,0.657888,8045,1.29563008188212,26,-88,0.001869,51,2026-09-23 01:07:21.000117,100,1.037,0.0011,"aoml_navis",1023.65331320165
"7901009",123,0.502004398551143,1,0.67284,1,0.650412,1,188.107230503305,1,4.88439936210656,102,1,28.1049995422363,36.1580009460449,0.672839999198914,0.509217143058777,181.389007568359,-87.741,26.1135,36.2591612536323,63,63,63,63,61,63,0.650412,8045,1.29563008188212,26,-88,0.001869,51,2026-09-23 01:07:21.000117,102,1.037,0.0011,"aoml_navis",1023.66731901373
"7901009",123,0.55105080530614,1,0.736386,1,0.713958,1,187.308501369375,1,4.8842337424759,104,1,28.0370006561279,36.1629981994629,0.736386001110077,0.558263540267944,180.618804931641,-87.741,26.1135,36.2591612536323,63,63,63,63,61,63,0.713958,8045,1.29563008188212,26,-88,0.001869,51,2026-09-23 01:07:21.000117,104,1.037,0.0011,"aoml_navis",1023.70203058001
"7901009",123,0.513544729552319,1,0.687792,1,0.665364,1,186.447647451789,1,4.88403762279187,106,1,27.9220008850098,36.1559982299805,0.687792003154755,0.520757436752319,179.788696289062,-87.741,26.1135,36.2591612536323,63,63,63,63,61,63,0.665364,8045,1.29563008188212,26,-88,0.001869,51,2026-09-23 01:07:21.000117,106,1.037,0.0011,"aoml_navis",1023.74313757678
"7901009",123,0.504889481301437,1,0.676578,1,0.65415,1,185.312406435734,1,4.88393113465159,108,1,27.8640003204346,36.148998260498,0.676577985286713,0.51210218667984,178.694000244141,-87.741,26.1135,36.2591612536323,63,63,63,63,61,63,0.65415,8045,1.29563008188212,26,-88,0.001869,51,2026-09-23 01:07:21.000117,108,1.037,0.0011,"aoml_navis",1023.7654590428
"7901009",123,0.487578984799673,1,0.65415,1,0.631722,1,184.674733350721,1,4.88378101095369,110,1,27.7779998779297,36.1419982910156,0.654150009155273,0.494791716337204,178.0791015625,-87.741,26.1135,36.2591612536323,63,63,63,63,61,63,0.631722,8045,1.29563008188212,26,-88,0.001869,51,2026-09-23 01:07:21.000117,110,1.037,0.0011,"aoml_navis",1023.79692881103
"7901009",123,0.444302743545265,1,0.59808,1,0.575652,1,184.481633825771,1,4.88363238446718,112,1,27.7250003814697,36.148998260498,0.598079979419708,0.451515436172485,177.89289855957,-87.741,26.1135,36.2591612536323,63,63,63,63,61,63,0.575652,8045,1.29563008188212,26,-88,0.001869,51,2026-09-23 01:07:21.000117,112,1.037,0.0011,"aoml_navis",1023.82808663136
"7901009",123,0.42266462291806,1,0.570045,1,0.547617,1,184.084975152338,1,4.88346949603341,114,1,27.6720008850098,36.1599998474121,0.570044994354248,0.42987734079361,177.510406494141,-87.741,26.1135,36.2591612536323,63,63,63,63,61,63,0.547617,8045,1.29563008188212,26,-88,0.001869,51,2026-09-23 01:07:21.000117,114,1.037,0.0011,"aoml_navis",1023.86223648192
"7901009",123,0.38948617128968,1,0.527058,1,0.50463,1,182.925460214192,1,4.88332979329151,116,1,27.6200008392334,36.1650009155273,0.527058005332947,0.396698892116547,176.392303466797,-87.741,26.1135,36.2591612536323,63,63,63,63,61,63,0.50463,8045,1.29563008188212,26,-88,0.001869,51,2026-09-23 01:07:21.000117,116,1.037,0.0011,"aoml_navis",1023.8915272257
"7901009",123,0.326014350783214,1,0.444822,1,0.422394,1,182.130876952223,1,4.88302239713133,118,1,27.5270004272461,36.1990013122559,0.444822013378143,0.333227068185806,175.626098632812,-87.741,26.1135,36.2591612536323,63,63,63,63,61,63,0.422394,8045,1.29563008188212,26,-88,0.001869,51,2026-09-23 01:07:21.000117,118,1.037,0.0011,"aoml_navis",1023.95598327327
"7901009",123,0.246674575150131,1,0.342027,1,0.319599,1,181.624178608503,1,4.88282923177712,120,1,27.4820003509521,36.2220001220703,0.342027008533478,0.253887265920639,175.137496948242,-87.741,26.1135,36.2591612536323,63,63,63,63,61,63,0.319599,8045,1.29563008188212,26,-88,0.001869,51,2026-09-23 01:07:21.000117,120,1.037,0.0011,"aoml_navis",1023.99649110404
"7901009",123,0.210611040771457,1,0.295302,1,0.272874,1,180.498479427533,1,4.88262160686243,122,1,27.4230003356934,36.2430000305176,0.295302003622055,0.21782374382019,174.052001953125,-87.741,26.1135,36.2591612536323,63,63,63,63,61,63,0.272874,8045,1.29563008188212,26,-88,0.001869,51,2026-09-23 01:07:21.000117,122,1.037,0.0011,"aoml_navis",1024.04003475768
"7901009",123,0.201955792520575,1,0.284088,1,0.26166,1,179.54864750218,1,4.88243929830516,124,1,27.371000289917,36.2599983215332,0.284087985754013,0.209168493747711,173.136093139648,-87.741,26.1135,36.2591612536323,63,63,63,63,61,63,0.26166,8045,1.29563008188212,26,-88,0.001869,51,2026-09-23 01:07:21.000117,124,1.037,0.0011,"aoml_navis",1024.07827205054
"7901009",123,0.183202754643664,1,0.259791,1,0.237363,1,178.634720093921,1,4.88223703066298,126,1,27.3129997253418,36.2799987792969,0.259790986776352,0.19041545689106,172.254806518555,-87.741,26.1135,36.2591612536323,63,63,63,63,61,63,0.237363,8045,1.29563008188212,26,-88,0.001869,51,2026-09-23 01:07:21.000117,126,1.037,0.0011,"aoml_navis",1024.12069889221
"7901009",123,0.167334799517048,1,0.239232,1,0.216804,1,177.788487495769,1,4.88202661417153,128,1,27.2450008392334,36.2980003356934,0.239232003688812,0.174547508358955,171.43879699707,-87.741,26.1135,36.2591612536323,63,63,63,63,61,63,0.216804,8045,1.29563008188212,26,-88,0.001869,51,2026-09-23 01:07:21.000117,128,1.037,0.0011,"aoml_navis",1024.16483873439
"7901009",123,0.167334799517048,1,0.239232,1,0.216804,1,177.000550288088,1,4.88187641470024,130,1,27.1949996948242,36.306999206543,0.239232003688812,0.174547508358955,170.679000854492,-87.741,26.1135,36.2591612536323,63,63,63,63,61,63,0.216804,8045,1.29563008188212,26,-88,0.001869,51,2026-09-23 01:07:21.000117,130,1.037,0.0011,"aoml_navis",1024.19634895797
"7901009",123,0.16156463401646,1,0.231756,1,0.209328,1,175.806191036745,1,4.8817175675986,132,1,27.136999130249,36.314998626709,0.231756001710892,0.168777346611023,169.527297973633,-87.741,26.1135,36.2591612536323,63,63,63,63,61,63,0.209328,8045,1.29563008188212,26,-88,0.001869,51,2026-09-23 01:07:21.000117,132,1.037,0.0011,"aoml_navis",1024.22967547047
"7901009",123,0.137041430638961,1,0.199983,1,0.177555,1,173.39747107544,1,4.88151166542326,134,1,27.0739994049072,36.3339996337891,0.19998300075531,0.144254133105278,167.204605102539,-87.741,26.1135,36.2591612536323,63,63,63,63,61,63,0.177555,8045,1.29563008188212,26,-88,0.001869,51,2026-09-23 01:07:21.000117,134,1.037,0.0011,"aoml_navis",1024.27287748097
"7901009",123,0.126943641012933,1,0.1869,1,0.164472,1,172.458842498744,1,4.88120039062047,136,1,26.9750003814697,36.367000579834,0.18690000474453,0.134156346321106,166.299499511719,-87.741,26.1135,36.2591612536323,63,63,63,63,61,63,0.164472,8045,1.29563008188212,26,-88,0.001869,51,2026-09-23 01:07:21.000117,136,1.037,0.0011,"aoml_navis",1024.33819549958
"7901009",123,0.131271265138374,1,0.192507,1,0.170079,1,172.089448471831,1,4.88103222101409,138,1,26.9200000762939,36.3790016174316,0.19250699877739,0.138483971357346,165.943298339844,-87.741,26.1135,36.2591612536323,63,63,63,63,61,63,0.170079,8045,1.29563008188212,26,-88,0.001869,51,2026-09-23 01:07:21.000117,138,1.037,0.0011,"aoml_navis",1024.37348773764
"7901009",123,0.129828723763227,1,0.190638,1,0.16821,1,171.452598231635,1,4.88095824667628,140,1,26.9029998779297,36.3810005187988,0.19063800573349,0.137041434645653,165.329193115234,-87.741,26.1135,36.2591612536323,63,63,63,63,61,63,0.16821,8045,1.29563008188212,26,-88,0.001869,51,2026-09-23 01:07:21.000117,140,1.037,0.0011,"aoml_navis",1024.38901283468
"7901009",123,0.11396076863661,1,0.170079,1,0.147651,1,171.175505239633,1,4.88073762424822,142,1,26.8229999542236,36.3969993591309,0.170078992843628,0.121173471212387,165.061996459961,-87.741,26.1135,36.2591612536323,63,63,63,63,61,63,0.147651,8045,1.29563008188212,26,-88,0.001869,51,2026-09-23 01:07:21.000117,142,1.037,0.0011,"aoml_navis",1024.4353179649
"7901009",123,0.0995353548851404,1,0.151389,1,0.128961,1,171.088710935417,1,4.88049486620395,144,1,26.7259998321533,36.4119987487793,0.151389002799988,0.106748066842556,164.978302001953,-87.741,26.1135,36.2591612536323,63,63,63,63,61,63,0.128961,8045,1.29563008188212,26,-88,0.001869,51,2026-09-23 01:07:21.000117,144,1.037,0.0011,"aoml_navis",1024.48627384563
"7901009",123,0.076454692882789,1,0.121485,1,0.099057,1,169.684241424935,1,4.88024720836075,146,1,26.6350002288818,36.4309997558594,0.121485002338886,0.0836673974990845,163.623992919922,-87.741,26.1135,36.2591612536323,63,63,63,63,61,63,0.099057,8045,1.29563008188212,26,-88,0.001869,51,2026-09-23 01:07:21.000117,146,1.037,0.0011,"aoml_navis",1024.53826343757
"7901009",123,0.0649143618816133,1,0.106533,1,0.084105,1,168.360363234667,1,4.88003527437854,148,1,26.5979995727539,36.4630012512207,0.106532998383045,0.072127066552639,162.347396850586,-87.741,26.1135,36.2591612536323,63,63,63,63,61,63,0.084105,8045,1.29563008188212,26,-88,0.001869,51,2026-09-23 01:07:21.000117,148,1.037,0.0011,"aoml_navis",1024.58275788524
"7901009",123,0.0663569032567603,1,0.108402,1,0.085974,1,167.382744472813,1,4.87988185785285,150,1,26.5900001525879,36.4910011291504,0.108401998877525,0.0735696107149124,161.404693603516,-87.741,26.1135,36.2591612536323,63,63,63,63,61,63,0.085974,8045,1.29563008188212,26,-88,0.001869,51,2026-09-23 01:07:21.000117,150,1.037,0.0011,"aoml_navis",1024.61496930583
"7901009",123,0.0519314895052907,1,0.089712,1,0.067284,1,166.271872322481,1,4.87964597303353,152,1,26.548999786377,36.5279998779297,0.0897120013833046,0.0591441951692104,160.33349609375,-87.741,26.1135,36.2591612536323,63,63,63,63,61,63,0.067284,8045,1.29563008188212,26,-88,0.001869,51,2026-09-23 01:07:21.000117,152,1.037,0.0011,"aoml_navis",1024.66449976732
"7901009",123,0.0432762412544089,1,0.078498,1,0.05607,1,165.085820638999,1,4.87939598364348,154,1,26.4489994049072,36.5439987182617,0.0784979984164238,0.0504889488220215,159.189804077148,-87.741,26.1135,36.2591612536323,63,63,63,63,61,63,0.05607,8045,1.29563008188212,26,-88,0.001869,51,2026-09-23 01:07:21.000117,154,1.037,0.0011,"aoml_navis",1024.71699709571
"7901009",123,0.0533740308804376,1,0.091581,1,0.069153,1,164.238448717255,1,4.87918820944644,156,1,26.3980007171631,36.5690002441406,0.0915810018777847,0.0605867356061935,158.372695922852,-87.741,26.1135,36.2591612536323,63,63,63,63,61,63,0.069153,8045,1.29563008188212,26,-88,0.001869,51,2026-09-23 01:07:21.000117,156,1.037,0.0011,"aoml_navis",1024.76063340202
"7901009",123,0.0548165722555846,1,0.09345,1,0.071022,1,163.459008964699,1,4.87899262653999,158,1,26.3549995422363,36.5940017700195,0.0934500023722649,0.0620292760431767,157.62109375,-87.741,26.1135,36.2591612536323,63,63,63,63,61,63,0.071022,8045,1.29563008188212,26,-88,0.001869,51,2026-09-23 01:07:21.000117,158,1.037,0.0011,"aoml_navis",1024.80171271458
"7901009",123,0.0519314895052907,1,0.089712,1,0.067284,1,162.865927739172,1,4.87870701842312,160,1,26.2689990997314,36.6259994506836,0.0897120013833046,0.0591441951692104,157.049194335938,-87.741,26.1135,36.2591612536323,63,63,63,63,61,63,0.067284,8045,1.29563008188212,26,-88,0.001869,51,2026-09-23 01:07:21.000117,160,1.037,0.0011,"aoml_navis",1024.86170641501
"7901009",123,0.0461613240047028,1,0.082236,1,0.059808,1,162.658934795973,1,4.87850086633081,162,1,26.2259998321533,36.6539993286133,0.0822359994053841,0.053374033421278,156.849594116211,-87.741,26.1135,36.2591612536323,63,63,63,63,61,63,0.059808,8045,1.29563008188212,26,-88,0.001869,51,2026-09-23 01:07:21.000117,162,1.037,0.0011,"aoml_navis",1024.90501426529
"7901009",123,0.0461613240047028,1,0.082236,1,0.059808,1,162.060362663688,1,4.87826606624559,164,1,26.1830005645752,36.689998626709,0.0822359994053841,0.053374033421278,156.272399902344,-87.741,26.1135,36.2591612536323,63,63,63,63,61,63,0.059808,8045,1.29563008188212,26,-88,0.001869,51,2026-09-23 01:07:21.000117,164,1.037,0.0011,"aoml_navis",1024.95434486379
"7901009",123,0.0461613240047028,1,0.082236,1,0.059808,1,161.328220664151,1,4.87808797477226,166.100006103516,1,26.117000579834,36.7000007629395,0.0822359994053841,0.053374033421278,155.56640625,-87.741,26.1135,36.2591612536323,63,63,63,63,61,63,0.059808,8045,1.29563008188212,26,-88,0.001869,51,2026-09-23 01:07:21.000117,166.100006103516,1.037,0.0011,"aoml_navis",1024.99176436715
"7901009",123,0.0418336998792619,1,0.076629,1,0.054201,1,160.19733123126,1,4.8779402565455,168,1,26.0659999847412,36.7089996337891,0.0766289979219437,0.0490464083850384,154.47590637207,-87.741,26.1135,36.2591612536323,63,63,63,63,61,63,0.054201,8045,1.29563008188212,26,-88,0.001869,51,2026-09-23 01:07:21.000117,168,1.037,0.0011,"aoml_navis",1025.02280410071
"7901009",123,0.040391158504115,1,0.07476,1,0.052332,1,158.562227813039,1,4.87762118138158,170,1,25.9260005950928,36.7280006408691,0.0747599974274635,0.047603864222765,152.899200439453,-87.741,26.1135,36.2591612536323,63,63,63,63,61,63,0.052332,8045,1.29563008188212,26,-88,0.001869,51,2026-09-23 01:07:21.000117,170,1.037,0.0011,"aoml_navis",1025.08985713888
"7901009",123,0.0418336998792619,1,0.076629,1,0.054201,1,157.258256137758,1,4.87731144776583,172,1,25.798999786377,36.75,0.0766289979219437,0.0490464083850384,151.641799926758,-87.741,26.1135,36.2591612536323,63,63,63,63,61,63,0.054201,8045,1.29563008188212,26,-88,0.001869,51,2026-09-23 01:07:21.000117,172,1.037,0.0011,"aoml_navis",1025.15495546022
"7901009",123,0.0360635343786741,1,0.069153,1,0.046725,1,156.50598608809,1,4.87701825890509,174,1,25.7019996643066,36.7799987792969,0.0691530033946037,0.0432762391865253,150.916397094727,-87.741,26.1135,36.2591612536323,63,63,63,63,61,63,0.046725,8045,1.29563008188212,26,-88,0.001869,51,2026-09-23 01:07:21.000117,174,1.037,0.0011,"aoml_navis",1025.21658410246
"7901009",123,0.0274082861277923,1,0.057939,1,0.035511,1,154.849219697677,1,4.87678704182229,176,1,25.6030006408691,36.7919998168945,0.0579390004277229,0.0346209928393364,149.318801879883,-87.741,26.1135,36.2591612536323,63,63,63,63,61,63,0.035511,8045,1.29563008188212,26,-88,0.001869,51,2026-09-23 01:07:21.000117,176,1.037,0.0011,"aoml_navis",1025.26519143056
"7901009",123,0.0230806620023514,1,0.052332,1,0.029904,1,152.951122416909,1,4.87657022269217,178,1,25.4820003509521,36.7910003662109,0.0523319989442825,0.0302933678030968,147.488494873047,-87.741,26.1135,36.2591612536323,63,63,63,63,61,63,0.029904,8045,1.29563008188212,26,-88,0.001869,51,2026-09-23 01:07:21.000117,178,1.037,0.0011,"aoml_navis",1025.31077615441
"7901009",123,0.0158679551266166,1,0.042987,1,0.020559,1,152.324652680553,1,4.87631719460883,180,1,25.3409996032715,36.7919998168945,0.0429870001971722,0.0230806618928909,146.884399414062,-87.741,26.1135,36.2591612536323,63,63,63,63,61,63,0.020559,8045,1.29563008188212,26,-88,0.001869,51,2026-09-23 01:07:21.000117,180,1.037,0.0011,"aoml_navis",1025.36397868619
"7901009",123,0.0173104965017636,1,0.044856,1,0.022428,1,150.994334147201,1,4.87613925260487,182,1,25.2870006561279,36.8079986572266,0.0448560006916523,0.0245232041925192,145.601593017578,-87.741,26.1135,36.2591612536323,63,63,63,63,61,63,0.022428,8045,1.29563008188212,26,-88,0.001869,51,2026-09-23 01:07:21.000117,182,1.037,0.0011,"aoml_navis",1025.40139667442
"7901009",123,0.0158679551266166,1,0.042987,1,0.020559,1,149.540620539231,1,4.875942752803,184,1,25.173999786377,36.8050003051758,0.0429870001971722,0.0230806618928909,144.199798583984,-87.741,26.1135,36.2591612536323,63,63,63,63,61,63,0.020559,8045,1.29563008188212,26,-88,0.001869,51,2026-09-23 01:07:21.000117,184,1.037,0.0011,"aoml_navis",1025.44272020538
"7901009",123,0.0115403310011757,1,0.03738,1,0.014952,1,148.223578290516,1,4.87564022888869,186,1,24.9540004730225,36.7879981994629,0.0373799987137318,0.0187530387192965,142.929794311523,-87.741,26.1135,36.2591612536323,63,63,63,63,61,63,0.014952,8045,1.29563008188212,26,-88,0.001869,51,2026-09-23 01:07:21.000117,186,1.037,0.0011,"aoml_navis",1025.50634691511
"7901009",123,0.0230806620023514,1,0.052332,1,0.029904,1,146.992206846364,1,4.87523742438223,188,1,24.806999206543,36.8289985656738,0.0523319989442825,0.0302933678030968,141.742401123047,-87.741,26.1135,36.2591612536323,63,63,63,63,61,63,0.029904,8045,1.29563008188212,26,-88,0.001869,51,2026-09-23 01:07:21.000117,188,1.037,0.0011,"aoml_navis",1025.59107685583
"7901009",123,0.0245232033774984,1,0.054201,1,0.031773,1,146.811133514888,1,4.87496229839353,190,1,24.6879997253418,36.8460006713867,0.0542009994387627,0.0317359082400799,141.567794799805,-87.741,26.1135,36.2591612536323,63,63,63,63,61,63,0.031773,8045,1.29563008188212,26,-88,0.001869,51,2026-09-23 01:07:21.000117,190,1.037,0.0011,"aoml_navis",1025.64895766428
"7901009",123,0.0216381206272044,1,0.050463,1,0.028035,1,146.638256983701,1,4.87466802994193,192,1,24.5480003356934,36.8600006103516,0.0504629984498024,0.0288508292287588,141.401092529297,-87.741,26.1135,36.2591612536323,63,63,63,63,61,63,0.028035,8045,1.29563008188212,26,-88,0.001869,51,2026-09-23 01:07:21.000117,192,1.037,0.0011,"aoml_navis",1025.71087288165
"7901009",123,0.0201955792520575,1,0.048594,1,0.026166,1,145.803560036921,1,4.87449415745306,194,1,24.4610004425049,36.8619995117188,0.0485940016806126,0.0274082869291306,140.596206665039,-87.741,26.1135,36.2591612536323,63,63,63,63,61,63,0.026166,8045,1.29563008188212,26,-88,0.001869,51,2026-09-23 01:07:21.000117,194,1.037,0.0011,"aoml_navis",1025.74745983746
"7901009",123,0.0230806620023514,1,0.052332,1,0.029904,1,145.067778531463,1,4.87428223277372,196,1,24.3150005340576,36.851001739502,0.0523319989442825,0.0302933678030968,139.886703491211,-87.741,26.1135,36.2591612536323,63,63,63,63,61,63,0.029904,8045,1.29563008188212,26,-88,0.001869,51,2026-09-23 01:07:21.000117,196,1.037,0.0011,"aoml_navis",1025.79205741945
"7901009",123,0.0173104965017636,1,0.044856,1,0.022428,1,144.606700603251,1,4.87408900494527,198,1,24.1989994049072,36.8470001220703,0.0448560006916523,0.0245232041925192,139.442092895508,-87.741,26.1135,36.2591612536323,63,63,63,63,61,63,0.022428,8045,1.29563008188212,26,-88,0.001869,51,2026-09-23 01:07:21.000117,198,1.037,0.0011,"aoml_navis",1025.83272380274
"7901009",123,0.0158679551266166,1,0.042987,1,0.020559,1,143.929103720693,1,4.8738705750656,200,1,24.0550003051758,36.8390007019043,0.0429870001971722,0.0230806618928909,138.788696289062,-87.741,26.1135,36.2591612536323,63,63,63,63,61,63,0.020559,8045,1.29563008188212,26,-88,0.001869,51,2026-09-23 01:07:21.000117,200,1.037,0.0011,"aoml_navis",1025.87869804743
"7901009",123,0.0115403310011757,1,0.03738,1,0.014952,1,142.685183893087,1,4.87361714690971,202,1,23.9540004730225,36.8580017089844,0.0373799987137318,0.0187530387192965,137.589202880859,-87.741,26.1135,36.2591612536323,63,63,63,63,61,63,0.014952,8045,1.29563008188212,26,-88,0.001869,51,2026-09-23 01:07:21.000117,202,1.037,0.0011,"aoml_navis",1025.93204375326
"7901009",123,0.00432762412544089,1,0.028035,1,0.005607,1,141.580008360716,1,4.87322914104858,204,1,23.7530002593994,36.875,0.0280349999666214,0.0115403309464455,136.523498535156,-87.741,26.1135,36.2591612536323,63,63,63,63,61,63,0.005607,8045,1.29563008188212,26,-88,0.001869,51,2026-09-23 01:07:21.000117,204,1.037,0.0011,"aoml_navis",1026.0137283272
"7901009",123,0.00432762412544089,1,0.028035,1,0.005607,1,140.920767247144,1,4.87285019917306,206,1,23.5370006561279,36.8839988708496,0.0280349999666214,0.0115403309464455,135.887802124023,-87.741,26.1135,36.2591612536323,63,63,63,63,61,63,0.005607,8045,1.29563008188212,26,-88,0.001869,51,2026-09-23 01:07:21.000117,206,1.037,0.0011,"aoml_navis",1026.09351727014
"7901009",123,0.00288508275029393,1,0.026166,1,0.003738,1,140.357862272873,1,4.87252640103841,208,1,23.3360004425049,36.8839988708496,0.0261659994721413,0.0100977895781398,135.345001220703,-87.741,26.1135,36.2591612536323,63,63,63,63,61,63,0.003738,8045,1.29563008188212,26,-88,0.001869,51,2026-09-23 01:07:21.000117,208,1.037,0.0011,"aoml_navis",1026.161705134
"7901009",123,0.00577016550058785,1,0.029904,1,0.007476,1,140.057840393578,1,4.87228795542657,210,1,23.1949996948242,36.8839988708496,0.0299040004611015,0.0129828732460737,135.055694580078,-87.741,26.1135,36.2591612536323,63,63,63,63,61,63,0.007476,8045,1.29563008188212,26,-88,0.001869,51,2026-09-23 01:07:21.000117,210,1.037,0.0011,"aoml_navis",1026.21192461155
"7901009",123,0.00432762412544089,1,0.028035,1,0.005607,1,139.487482344141,1,4.87216484709841,212,1,23.1310005187988,36.8819999694824,0.0280349999666214,0.0115403309464455,134.505706787109,-87.741,26.1135,36.2591612536323,63,63,63,63,61,63,0.005607,8045,1.29563008188212,26,-88,0.001869,51,2026-09-23 01:07:21.000117,212,1.037,0.0011,"aoml_navis",1026.23785461153
"7901009",123,0.00144254137514696,1,0.024297,1,0.001869,1,138.998934058204,1,4.87190218776641,214,1,22.9769992828369,36.8839988708496,0.0242970008403063,0.0086552482098341,134.034606933594,-87.741,26.1135,36.2591612536323,63,63,63,63,61,63,0.001869,8045,1.29563008188212,26,-88,0.001869,51,2026-09-23 01:07:21.000117,214,1.037,0.0011,"aoml_navis",1026.29318227185
"7901009",123,0.00432762412544089,1,0.028035,1,0.005607,1,138.327761694791,1,4.87172048851299,216,1,22.8729991912842,36.882999420166,0.0280349999666214,0.0115403309464455,133.387405395508,-87.741,26.1135,36.2591612536323,63,63,63,63,61,63,0.005607,8045,1.29563008188212,26,-88,0.001869,51,2026-09-23 01:07:21.000117,216,1.037,0.0011,"aoml_navis",1026.33145965362
"7901009",123,0.00144254137514696,1,0.024297,1,0.001869,1,137.58669499378,1,4.87149855238469,218,1,22.7369995117188,36.8810005187988,0.0242970008403063,0.0086552482098341,132.672805786133,-87.741,26.1135,36.2591612536323,63,63,63,63,61,63,0.001869,8045,1.29563008188212,26,-88,0.001869,51,2026-09-23 01:07:21.000117,218,1.037,0.0011,"aoml_navis",1026.37821734595
"7901009",123,-0.00144254137514696,1,0.020559,1,-0.001869,1,137.314570718556,1,4.87122364634738,220,1,22.5620002746582,36.8790016174316,0.020558999851346,0.00577016547322273,132.410400390625,-87.741,26.1135,36.2591612536323,63,63,63,63,61,63,-0.001869,8045,1.29563008188212,26,-88,0.001869,51,2026-09-23 01:07:21.000117,220,1.037,0.0011,"aoml_navis",1026.43614069109
"7901009",123,0,1,0.022428,1,0,1,137.317577266925,1,4.87102525219868,222,1,22.4209995269775,36.8689994812012,0.0224280003458261,0.0072127073071897,132.413299560547,-87.741,26.1135,36.2591612536323,63,63,63,63,61,63,0,8045,1.29563008188212,26,-88,0.001869,51,2026-09-23 01:07:21.000117,222,1.037,0.0011,"aoml_navis",1026.47794686408
"7901009",123,-0.00144254137514696,1,0.020559,1,-0.001869,1,137.326185489622,1,4.87086308181532,224,1,22.3059997558594,36.859001159668,0.020558999851346,0.00577016547322273,132.421600341797,-87.741,26.1135,36.2591612536323,63,63,63,63,61,63,-0.001869,8045,1.29563008188212,26,-88,0.001869,51,2026-09-23 01:07:21.000117,224,1.037,0.0011,"aoml_navis",1026.51212239301
"7901009",123,-0.00144254137514696,1,0.020559,1,-0.001869,1,137.406143852284,1,4.87071279605352,226,1,22.2019996643066,36.8499984741211,0.020558999851346,0.00577016547322273,132.49870300293,-87.741,26.1135,36.2591612536323,63,63,63,63,61,63,-0.001869,8045,1.29563008188212,26,-88,0.001869,51,2026-09-23 01:07:21.000117,226,1.037,0.0011,"aoml_navis",1026.54379540736
"7901009",123,0.00144254137514696,1,0.024297,1,0.001869,1,137.288746050465,1,4.87063952874188,228,1,22.1650009155273,36.8450012207031,0.0242970008403063,0.0086552482098341,132.385498046875,-87.741,26.1135,36.2591612536323,63,63,63,63,61,63,0.001869,8045,1.29563008188212,26,-88,0.001869,51,2026-09-23 01:07:21.000117,228,1.037,0.0011,"aoml_navis",1026.55923734342
"7901009",123,-0.00288508275029393,1,0.01869,1,-0.003738,1,137.10623274056,1,4.87054730375449,230,1,22.1140003204346,36.8400001525879,0.0186899993568659,0.00432762410491705,132.209503173828,-87.741,26.1135,36.2591612536323,63,63,63,63,61,63,-0.003738,8045,1.29563008188212,26,-88,0.001869,51,2026-09-23 01:07:21.000117,230,1.037,0.0011,"aoml_navis",1026.57867549007
"7901009",123,-0.00144254137514696,1,0.020559,1,-0.001869,1,137.093985011943,1,4.87035716219254,232,1,21.988000869751,36.8339996337891,0.020558999851346,0.00577016547322273,132.197692871094,-87.741,26.1135,36.2591612536323,63,63,63,63,61,63,-0.001869,8045,1.29563008188212,26,-88,0.001869,51,2026-09-23 01:07:21.000117,232,1.037,0.0011,"aoml_navis",1026.61875371561
"7901009",123,-0.00144254137514696,1,0.020559,1,-0.001869,1,137.320789526497,1,4.87011454442395,234,1,21.8360004425049,36.8330001831055,0.020558999851346,0.00577016547322273,132.416397094727,-87.741,26.1135,36.2591612536323,63,63,63,63,61,63,-0.001869,8045,1.29563008188212,26,-88,0.001869,51,2026-09-23 01:07:21.000117,234,1.037,0.0011,"aoml_navis",1026.66989747187
"7901009",123,0,1,0.022428,1,0,1,137.405099472325,1,4.87000726861888,236,1,21.7679996490479,36.826000213623,0.0224280003458261,0.0072127073071897,132.497695922852,-87.741,26.1135,36.2591612536323,63,63,63,63,61,63,0,8045,1.29563008188212,26,-88,0.001869,51,2026-09-23 01:07:21.000117,236,1.037,0.0011,"aoml_navis",1026.69251280563
"7901009",123,-0.00288508275029393,1,0.01869,1,-0.003738,1,137.70304841564,1,4.86985412134943,238,1,21.6630001068115,36.818000793457,0.0186899993568659,0.00432762410491705,132.785003662109,-87.741,26.1135,36.2591612536323,63,63,63,63,61,63,-0.003738,8045,1.29563008188212,26,-88,0.001869,51,2026-09-23 01:07:21.000117,238,1.037,0.0011,"aoml_navis",1026.72480025223
"7901009",123,0,1,0.022428,1,0,1,138.052630871198,1,4.86969336711861,240,1,21.5520000457764,36.810001373291,0.0224280003458261,0.0072127073071897,133.122100830078,-87.741,26.1135,36.2591612536323,63,63,63,63,61,63,0,8045,1.29563008188212,26,-88,0.001869,51,2026-09-23 01:07:21.000117,240,1.037,0.0011,"aoml_navis",1026.75869362972
"7901009",123,-0.00721270687573481,1,0.013083,1,-0.009345,1,138.36841339352,1,4.86954508836675,242,1,21.4500007629395,36.8019981384277,0.0130829997360706,0,133.426605224609,-87.741,26.1135,36.2591612536323,63,63,63,63,61,63,-0.009345,8045,1.29563008188212,26,-88,0.001869,51,2026-09-23 01:07:21.000117,242,1.037,0.0011,"aoml_navis",1026.7899586647
"7901009",123,-0.00432762412544089,1,0.016821,1,-0.005607,1,138.503217527999,1,4.86943157508343,244,1,21.3819999694824,36.7970008850098,0.0168210007250309,0.00288508273661137,133.556594848633,-87.741,26.1135,36.2591612536323,63,63,63,63,61,63,-0.005607,8045,1.29563008188212,26,-88,0.001869,51,2026-09-23 01:07:21.000117,244,1.037,0.0011,"aoml_navis",1026.81389457954
"7901009",123,-0.00288508275029393,1,0.01869,1,-0.003738,1,138.643528393174,1,4.86931388585243,246,1,21.3080005645752,36.7910003662109,0.0186899993568659,0.00432762410491705,133.69189453125,-87.741,26.1135,36.2591612536323,63,63,63,63,61,63,-0.003738,8045,1.29563008188212,26,-88,0.001869,51,2026-09-23 01:07:21.000117,246,1.037,0.0011,"aoml_navis",1026.83871223157
"7901009",123,-0.00144254137514696,1,0.020559,1,-0.001869,1,139.098893879486,1,4.86918124523573,248,1,21.2280006408691,36.7869987487793,0.020558999851346,0.00577016547322273,134.130996704102,-87.741,26.1135,36.2591612536323,63,63,63,63,61,63,-0.001869,8045,1.29563008188212,26,-88,0.001869,51,2026-09-23 01:07:21.000117,248,1.037,0.0011,"aoml_navis",1026.86668418685
"7901009",123,-0.00288508275029393,1,0.01869,1,-0.003738,1,139.772977847635,1,4.86901510156042,250,1,21.117000579834,36.7809982299805,0.0186899993568659,0.00432762410491705,134.781005859375,-87.741,26.1135,36.2591612536323,63,63,63,63,61,63,-0.003738,8045,1.29563008188212,26,-88,0.001869,51,2026-09-23 01:07:21.000117,250,1.037,0.0011,"aoml_navis",1026.90172359449
"7901009",123,-0.00577016550058785,1,0.014952,1,-0.007476,1,140.186030121646,1,4.86889979839989,252,1,21.0470008850098,36.7760009765625,0.0149520002305508,0.00144254136830568,135.179306030273,-87.741,26.1135,36.2591612536323,63,63,63,63,61,63,-0.007476,8045,1.29563008188212,26,-88,0.001869,51,2026-09-23 01:07:21.000117,252,1.037,0.0011,"aoml_navis",1026.92604223303
"7901009",123,-0.00432762412544089,1,0.016821,1,-0.005607,1,140.630192259301,1,4.86875244927978,254,1,20.9360008239746,36.7649993896484,0.0168210007250309,0.00288508273661137,135.607604980469,-87.741,26.1135,36.2591612536323,63,63,63,63,61,63,-0.005607,8045,1.29563008188212,26,-88,0.001869,51,2026-09-23 01:07:21.000117,254,1.037,0.0011,"aoml_navis",1026.95712137503
"7901009",123,-0.00288508275029393,1,0.01869,1,-0.003738,1,141.212165079803,1,4.86856432183761,256,1,20.798999786377,36.7560005187988,0.0186899993568659,0.00432762410491705,136.168792724609,-87.741,26.1135,36.2591612536323,63,63,63,63,61,63,-0.003738,8045,1.29563008188212,26,-88,0.001869,51,2026-09-23 01:07:21.000117,256,1.037,0.0011,"aoml_navis",1026.99680428845
"7901009",123,-0.00288508275029393,1,0.01869,1,-0.003738,1,141.557712430973,1,4.86846099806858,258,1,20.7320003509521,36.7490005493164,0.0186899993568659,0.00432762410491705,136.501998901367,-87.741,26.1135,36.2591612536323,63,63,63,63,61,63,-0.003738,8045,1.29563008188212,26,-88,0.001869,51,2026-09-23 01:07:21.000117,258,1.037,0.0011,"aoml_navis",1027.0186003305
"7901009",123,-0.00432762412544089,1,0.016821,1,-0.005607,1,142.027588469148,1,4.86835814408389,260,1,20.6679992675781,36.7430000305176,0.0168210007250309,0.00288508273661137,136.955093383789,-87.741,26.1135,36.2591612536323,63,63,63,63,61,63,-0.005607,8045,1.29563008188212,26,-88,0.001869,51,2026-09-23 01:07:21.000117,260,1.037,0.0011,"aoml_navis",1027.0402981909
"7901009",123,-0.00432762412544089,1,0.016821,1,-0.005607,1,142.580128763517,1,4.86824474680463,262,1,20.5930004119873,36.7360000610352,0.0168210007250309,0.00288508273661137,137.487899780273,-87.741,26.1135,36.2591612536323,63,63,63,63,61,63,-0.005607,8045,1.29563008188212,26,-88,0.001869,51,2026-09-23 01:07:21.000117,262,1.037,0.0011,"aoml_navis",1027.06422130519
"7901009",123,-0.00144254137514696,1,0.020559,1,-0.001869,1,143.001900027796,1,4.86807571905426,264,1,20.4610004425049,36.7239990234375,0.020558999851346,0.00577016547322273,137.894607543945,-87.741,26.1135,36.2591612536323,63,63,63,63,61,63,-0.001869,8045,1.29563008188212,26,-88,0.001869,51,2026-09-23 01:07:21.000117,264,1.037,0.0011,"aoml_navis",1027.09988269685
"7901009",123,-0.00432762412544089,1,0.016821,1,-0.005607,1,142.924948213502,1,4.86798202726084,266,1,20.3980007171631,36.7159996032715,0.0168210007250309,0.00288508273661137,137.820404052734,-87.741,26.1135,36.2591612536323,63,63,63,63,61,63,-0.005607,8045,1.29563008188212,26,-88,0.001869,51,2026-09-23 01:07:21.000117,266,1.037,0.0011,"aoml_navis",1027.11965081215
"7901009",123,0,1,0.022428,1,0,1,143.212611596609,1,4.86783949215536,268,1,20.2830009460449,36.7029991149902,0.0224280003458261,0.0072127073071897,138.097793579102,-87.741,26.1135,36.2591612536323,63,63,63,63,61,63,0,8045,1.29563008188212,26,-88,0.001869,51,2026-09-23 01:07:21.000117,268,1.037,0.0011,"aoml_navis",1027.14972588098
"7901009",123,-0.00432762412544089,1,0.016821,1,-0.005607,1,143.504848098024,1,4.86777012025644,270,1,20.2469997406006,36.6980018615723,0.0168210007250309,0.00288508273661137,138.379592895508,-87.741,26.1135,36.2591612536323,63,63,63,63,61,63,-0.005607,8045,1.29563008188212,26,-88,0.001869,51,2026-09-23 01:07:21.000117,270,1.037,0.0011,"aoml_navis",1027.1643640675
"7901009",123,-0.00288508275029393,1,0.01869,1,-0.003738,1,144.106236891412,1,4.86768484760876,272,1,20.2070007324219,36.6959991455078,0.0186899993568659,0.00432762410491705,138.959503173828,-87.741,26.1135,36.2591612536323,63,63,63,63,61,63,-0.003738,8045,1.29563008188212,26,-88,0.001869,51,2026-09-23 01:07:21.000117,272,1.037,0.0011,"aoml_navis",1027.18235804774
"7901009",123,-0.00577016550058785,1,0.014952,1,-0.007476,1,144.845230656442,1,4.8675755604875,274,1,20.136999130249,36.689998626709,0.0149520002305508,0.00144254136830568,139.672103881836,-87.741,26.1135,36.2591612536323,63,63,63,63,61,63,-0.007476,8045,1.29563008188212,26,-88,0.001869,51,2026-09-23 01:07:21.000117,274,1.037,0.0011,"aoml_navis",1027.20542041247
"7901009",123,-0.00288508275029393,1,0.01869,1,-0.003738,1,145.170127767502,1,4.86750662066504,276,1,20.1040000915527,36.6860008239746,0.0186899993568659,0.00432762410491705,139.985397338867,-87.741,26.1135,36.2591612536323,63,63,63,63,61,63,-0.003738,8045,1.29563008188212,26,-88,0.001869,51,2026-09-23 01:07:21.000117,276,1.037,0.0011,"aoml_navis",1027.21996900271
"7901009",123,-0.00432762412544089,1,0.016821,1,-0.005607,1,145.450955209055,1,4.86740783669887,278,1,20.0419998168945,36.6800003051758,0.0168210007250309,0.00288508273661137,140.256195068359,-87.741,26.1135,36.2591612536323,63,63,63,63,61,63,-0.005607,8045,1.29563008188212,26,-88,0.001869,51,2026-09-23 01:07:21.000117,278,1.037,0.0011,"aoml_navis",1027.24081641596
"7901009",123,-0.00432762412544089,1,0.016821,1,-0.005607,1,145.345694368281,1,4.86732452250725,280,1,19.992000579834,36.673999786377,0.0168210007250309,0.00288508273661137,140.154693603516,-87.741,26.1135,36.2591612536323,63,63,63,63,61,63,-0.005607,8045,1.29563008188212,26,-88,0.001869,51,2026-09-23 01:07:21.000117,280,1.037,0.0011,"aoml_navis",1027.25839973876
"7901009",123,-0.00288508275029393,1,0.01869,1,-0.003738,1,145.034279253063,1,4.86723066521297,282,1,19.92799949646,36.6660003662109,0.0186899993568659,0.00432762410491705,139.854400634766,-87.741,26.1135,36.2591612536323,63,63,63,63,61,63,-0.003738,8045,1.29563008188212,26,-88,0.001869,51,2026-09-23 01:07:21.000117,282,1.037,0.0011,"aoml_navis",1027.27820888703
"7901009",123,-0.00432762412544089,1,0.016821,1,-0.005607,1,145.037807991411,1,4.86712130221129,284,1,19.8460006713867,36.6559982299805,0.0168210007250309,0.00288508273661137,139.857803344727,-87.741,26.1135,36.2591612536323,63,63,63,63,61,63,-0.005607,8045,1.29563008188212,26,-88,0.001869,51,2026-09-23 01:07:21.000117,284,1.037,0.0011,"aoml_navis",1027.30129157215
"7901009",123,-0.00288508275029393,1,0.01869,1,-0.003738,1,145.132894039549,1,4.86703268022274,286,1,19.7830009460449,36.6469993591309,0.0186899993568659,0.00432762410491705,139.949493408203,-87.741,26.1135,36.2591612536323,63,63,63,63,61,63,-0.003738,8045,1.29563008188212,26,-88,0.001869,51,2026-09-23 01:07:21.000117,286,1.037,0.0011,"aoml_navis",1027.31999731943
"7901009",123,-0.00288508275029393,1,0.01869,1,-0.003738,1,145.563684948934,1,4.8669340749925,288,1,19.7119998931885,36.6380004882812,0.0186899993568659,0.00432762410491705,140.364898681641,-87.741,26.1135,36.2591612536323,63,63,63,63,61,63,-0.003738,8045,1.29563008188212,26,-88,0.001869,51,2026-09-23 01:07:21.000117,288,1.037,0.0011,"aoml_navis",1027.34081106445
"7901009",123,-0.00577016550058785,1,0.014952,1,-0.007476,1,146.178745625428,1,4.86683531616018,290,1,19.6350002288818,36.6269989013672,0.0149520002305508,0.00144254136830568,140.957992553711,-87.741,26.1135,36.2591612536323,63,63,63,63,61,63,-0.007476,8045,1.29563008188212,26,-88,0.001869,51,2026-09-23 01:07:21.000117,290,1.037,0.0011,"aoml_navis",1027.36165807741
"7901009",123,-0.00144254137514696,1,0.020559,1,-0.001869,1,146.945953473306,1,4.866707792397,292,1,19.5349998474121,36.6160011291504,0.020558999851346,0.00577016547322273,141.697799682617,-87.741,26.1135,36.2591612536323,63,63,63,63,61,63,-0.001869,8045,1.29563008188212,26,-88,0.001869,51,2026-09-23 01:07:21.000117,292,1.037,0.0011,"aoml_navis",1027.38857833446
"7901009",123,-0.00577016550058785,1,0.014952,1,-0.007476,1,147.239740720721,1,4.86655119317641,294,1,19.3999996185303,36.601001739502,0.0149520002305508,0.00144254136830568,141.981094360352,-87.741,26.1135,36.2591612536323,63,63,63,63,61,63,-0.007476,8045,1.29563008188212,26,-88,0.001869,51,2026-09-23 01:07:21.000117,294,1.037,0.0011,"aoml_navis",1027.42163834847
"7901009",123,-0.00288508275029393,1,0.01869,1,-0.003738,1,147.38285242306,1,4.86646602374689,296,1,19.3360004425049,36.5909996032715,0.0186899993568659,0.00432762410491705,142.119094848633,-87.741,26.1135,36.2591612536323,63,63,63,63,61,63,-0.003738,8045,1.29563008188212,26,-88,0.001869,51,2026-09-23 01:07:21.000117,296,1.037,0.0011,"aoml_navis",1027.43961955175
"7901009",123,0,1,0.020559,1,-0.001869,1,147.445072150349,1,4.86637100387359,298,1,19.2639999389648,36.5810012817383,0.020558999851346,0.00577016547322273,142.179092407227,-87.741,26.1135,36.2591612536323,63,63,63,63,61,63,0,8045,1.29563008188212,26,-88,0.001869,51,2026-09-23 01:07:21.000117,298,1.037,0.0011,"aoml_navis",1027.4596811505
"7901009",123,0,1,0.014952,1,-0.007476,1,147.408154901172,1,4.86623710301045,300,1,19.1490001678467,36.5670013427734,0.0149520002305508,0.00144254136830568,142.143493652344,-87.741,26.1135,36.2591612536323,63,63,63,63,61,63,0,8045,1.29563008188212,26,-88,0.001869,51,2026-09-23 01:07:21.000117,300,1.037,0.0011,"aoml_navis",1027.48795304421
"7901009",123,0,1,0.014952,1,-0.007476,1,147.09548969479,1,4.8661474721531,302,1,19.0779991149902,36.5559997558594,0.0149520002305508,0.00144254136830568,141.841995239258,-87.741,26.1135,36.2591612536323,63,63,63,63,61,63,0,8045,1.29563008188212,26,-88,0.001869,51,2026-09-23 01:07:21.000117,302,1.037,0.0011,"aoml_navis",1027.50687861658
"7901009",123,0,1,0.01869,1,-0.003738,1,146.80812696652,1,4.86605421911429,304,1,19.0009994506836,36.5439987182617,0.0186899993568659,0.00432762410491705,141.564895629883,-87.741,26.1135,36.2591612536323,63,63,63,63,61,63,0,8045,1.29563008188212,26,-88,0.001869,51,2026-09-23 01:07:21.000117,304,1.037,0.0011,"aoml_navis",1027.52656975328
"7901009",123,0,1,0.01869,1,-0.003738,1,146.847955820432,1,4.8659563355229,306,1,18.9230003356934,36.5330009460449,0.0186899993568659,0.00432762410491705,141.603302001953,-87.741,26.1135,36.2591612536323,63,63,63,63,61,63,0,8045,1.29563008188212,26,-88,0.001869,51,2026-09-23 01:07:21.000117,306,1.037,0.0011,"aoml_navis",1027.54723948066
"7901009",123,0,1,0.011214,1,-0.011214,1,146.904162450984,1,4.86587604289818,308,1,18.8619995117188,36.5229988098145,0.0112140001729131,-0.00144254136830568,141.657501220703,-87.741,26.1135,36.2591612536323,63,63,63,63,61,63,0,8045,1.29563008188212,26,-88,0.001869,51,2026-09-23 01:07:21.000117,308,1.037,0.0011,"aoml_navis",1027.56419520748
"7901009",123,0,1,0.01869,1,-0.003738,1,147.027367638336,1,4.86579973142507,310,1,18.8099994659424,36.5149993896484,0.0186899993568659,0.00432762410491705,141.776306152344,-87.741,26.1135,36.2591612536323,63,63,63,63,61,63,0,8045,1.29563008188212,26,-88,0.001869,51,2026-09-23 01:07:21.000117,310,1.037,0.0011,"aoml_navis",1027.58031073663
"7901009",123,0,1,0.01869,1,-0.003738,1,147.361806584481,1,4.86571853441289,312,1,18.7509994506836,36.5060005187988,0.0186899993568659,0.00432762410491705,142.09880065918,-87.741,26.1135,36.2591612536323,63,63,63,63,61,63,0,8045,1.29563008188212,26,-88,0.001869,51,2026-09-23 01:07:21.000117,312,1.037,0.0011,"aoml_navis",1027.59745855363
"7901009",123,0,1,0.016821,1,-0.005607,1,147.637665309257,1,4.86564244296886,314,1,18.6989994049072,36.4980010986328,0.0168210007250309,0.00288508273661137,142.364807128906,-87.741,26.1135,36.2591612536323,63,63,63,63,61,63,0,8045,1.29563008188212,26,-88,0.001869,51,2026-09-23 01:07:21.000117,314,1.037,0.0011,"aoml_navis",1027.61352865649
"7901009",123,0,1,0.01869,1,-0.003738,1,147.919315595627,1,4.86554437318225,316,1,18.6259994506836,36.4889984130859,0.0186899993568659,0.00432762410491705,142.63639831543,-87.741,26.1135,36.2591612536323,63,63,63,63,61,63,0,8045,1.29563008188212,26,-88,0.001869,51,2026-09-23 01:07:21.000117,316,1.037,0.0011,"aoml_navis",1027.63424120821
"7901009",123,0,1,0.01869,1,-0.003738,1,148.147465144978,1,4.86546725823241,318,1,18.5699996948242,36.4799995422363,0.0186899993568659,0.00432762410491705,142.856399536133,-87.741,26.1135,36.2591612536323,63,63,63,63,61,63,0,8045,1.29563008188212,26,-88,0.001869,51,2026-09-23 01:07:21.000117,318,1.037,0.0011,"aoml_navis",1027.65052863935
"7901009",123,0,1,0.01869,1,-0.003738,1,148.241633404666,1,4.86538299049599,320,1,18.5109996795654,36.4720001220703,0.0186899993568659,0.00432762410491705,142.947204589844,-87.741,26.1135,36.2591612536323,63,63,63,63,61,63,0,8045,1.29563008188212,26,-88,0.001869,51,2026-09-23 01:07:21.000117,320,1.037,0.0011,"aoml_navis",1027.6683273993
"7901009",123,0,1,0.01869,1,-0.003738,1,148.177435685029,1,4.86532206437212,322,1,18.4769992828369,36.4659996032715,0.0186899993568659,0.00432762410491705,142.885299682617,-87.741,26.1135,36.2591612536323,63,63,63,63,61,63,0,8045,1.29563008188212,26,-88,0.001869,51,2026-09-23 01:07:21.000117,322,1.037,0.0011,"aoml_navis",1027.68119640303
"7901009",123,0,1,0.016821,1,-0.005607,1,148.129315087195,1,4.86522093086546,324,1,18.3980007171631,36.4560012817383,0.0168210007250309,0.00288508273661137,142.838897705078,-87.741,26.1135,36.2591612536323,63,63,63,63,61,63,0,8045,1.29563008188212,26,-88,0.001869,51,2026-09-23 01:07:21.000117,324,1.037,0.0011,"aoml_navis",1027.70255884568
"7901009",123,0,1,0.014952,1,-0.007476,1,148.179825099785,1,4.86511395664451,326,1,18.3080005645752,36.4440002441406,0.0149520002305508,0.00144254136830568,142.887603759766,-87.741,26.1135,36.2591612536323,63,63,63,63,61,63,0,8045,1.29563008188212,26,-88,0.001869,51,2026-09-23 01:07:21.000117,326,1.037,0.0011,"aoml_navis",1027.72515598967
"7901009",123,0,1,0.020559,1,-0.001869,1,148.205649767877,1,4.86505326196408,328,1,18.2679996490479,36.4360008239746,0.020558999851346,0.00577016547322273,142.912506103516,-87.741,26.1135,36.2591612536323,63,63,63,63,61,63,0,8045,1.29563008188212,26,-88,0.001869,51,2026-09-23 01:07:21.000117,328,1.037,0.0011,"aoml_navis",1027.73797752451
"7901009",123,0,1,0.01869,1,-0.003738,1,148.169871842292,1,4.86499749144543,330,1,18.2409992218018,36.4309997558594,0.0186899993568659,0.00432762410491705,142.878005981445,-87.741,26.1135,36.2591612536323,63,63,63,63,61,63,0,8045,1.29563008188212,26,-88,0.001869,51,2026-09-23 01:07:21.000117,330,1.037,0.0011,"aoml_navis",1027.74975912977
"7901009",123,0,1,0.020559,1,-0.001869,1,148.081510968137,1,4.86493691706865,332,1,18.2099990844727,36.4259986877441,0.020558999851346,0.00577016547322273,142.79280090332,-87.741,26.1135,36.2591612536323,63,63,63,63,61,63,0,8045,1.29563008188212,26,-88,0.001869,51,2026-09-23 01:07:21.000117,332,1.037,0.0011,"aoml_navis",1027.76255586326
"7901009",123,0,1,0.016821,1,-0.005607,1,147.968781228258,1,4.86486310850222,334,1,18.1620006561279,36.4189987182617,0.0168210007250309,0.00288508273661137,142.684097290039,-87.741,26.1135,36.2591612536323,63,63,63,63,61,63,0,8045,1.29563008188212,26,-88,0.001869,51,2026-09-23 01:07:21.000117,334,1.037,0.0011,"aoml_navis",1027.77814883662
"7901009",123,0,1,0.014952,1,-0.007476,1,147.792486726294,1,4.86478697647908,336,1,18.1119995117188,36.4119987487793,0.0149520002305508,0.00144254136830568,142.514099121094,-87.741,26.1135,36.2591612536323,63,63,63,63,61,63,0,8045,1.29563008188212,26,-88,0.001869,51,2026-09-23 01:07:21.000117,336,1.037,0.0011,"aoml_navis",1027.79423316471
"7901009",123,0,1,0.013083,1,-0.009345,1,147.58062000995,1,4.86470976296041,338,1,18.0550003051758,36.4029998779297,0.0130829997360706,0,142.309799194336,-87.741,26.1135,36.2591612536323,63,63,63,63,61,63,0,8045,1.29563008188212,26,-88,0.001869,51,2026-09-23 01:07:21.000117,338,1.037,0.0011,"aoml_navis",1027.81054649338
"7901009",123,0,1,0.011214,1,-0.011214,1,147.38337461304,1,4.8646100904642,340,1,17.9549999237061,36.3860015869141,0.0112140001729131,-0.00144254136830568,142.119598388672,-87.741,26.1135,36.2591612536323,63,63,63,63,61,63,0,8045,1.29563008188212,26,-88,0.001869,51,2026-09-23 01:07:21.000117,340,1.037,0.0011,"aoml_navis",1027.8316056206
"7901009",123,0,1,0.016821,1,-0.005607,1,147.169324193144,1,4.86451657724588,342,1,17.8780002593994,36.375,0.0168210007250309,0.00288508273661137,141.913192749023,-87.741,26.1135,36.2591612536323,63,63,63,63,61,63,0,8045,1.29563008188212,26,-88,0.001869,51,2026-09-23 01:07:21.000117,342,1.037,0.0011,"aoml_navis",1027.85136418033
"7901009",123,0,1,0.016821,1,-0.005607,1,146.969594437845,1,4.86442567891471,344,1,17.80299949646,36.3639984130859,0.0168210007250309,0.00288508273661137,141.720596313477,-87.741,26.1135,36.2591612536323,63,63,63,63,61,63,0,8045,1.29563008188212,26,-88,0.001869,51,2026-09-23 01:07:21.000117,344,1.037,0.0011,"aoml_navis",1027.87057096441
"7901009",123,0,1,0.01869,1,-0.003738,1,146.82825501665,1,4.86435406017992,346,1,17.7409992218018,36.3520011901855,0.0186899993568659,0.00432762410491705,141.58430480957,-87.741,26.1135,36.2591612536323,63,63,63,63,61,63,0,8045,1.29563008188212,26,-88,0.001869,51,2026-09-23 01:07:21.000117,346,1.037,0.0011,"aoml_navis",1027.88570448243
"7901009",123,0,1,0.01869,1,-0.003738,1,146.659840836199,1,4.86427275080946,348,1,17.6889991760254,36.3460006713867,0.0186899993568659,0.00432762410491705,141.421905517578,-87.741,26.1135,36.2591612536323,63,63,63,63,61,63,0,8045,1.29563008188212,26,-88,0.001869,51,2026-09-23 01:07:21.000117,348,1.037,0.0011,"aoml_navis",1027.90288623679
"7901009",123,0,1,0.014952,1,-0.007476,1,146.485397735073,1,4.86422130294731,350,1,17.6560001373291,36.3380012512207,0.0149520002305508,0.00144254136830568,141.253692626953,-87.741,26.1135,36.2591612536323,63,63,63,63,61,63,0,8045,1.29563008188212,26,-88,0.001869,51,2026-09-23 01:07:21.000117,350,1.037,0.0011,"aoml_navis",1027.91375815291
"7901009",123,0,1,0.014952,1,-0.007476,1,146.107205598197,1,4.86415673640864,352,1,17.6180000305176,36.3320007324219,0.0149520002305508,0.00144254136830568,140.889007568359,-87.741,26.1135,36.2591612536323,63,63,63,63,61,63,0,8045,1.29563008188212,26,-88,0.001869,51,2026-09-23 01:07:21.000117,352,1.037,0.0011,"aoml_navis",1027.92740262142
"7901009",123,0,1,0.016821,1,-0.005607,1,145.891082242321,1,4.86405870518096,354.100006103516,1,17.5349998474121,36.3199996948242,0.0168210007250309,0.00288508273661137,140.680603027344,-87.741,26.1135,36.2591612536323,63,63,63,63,61,63,0,8045,1.29563008188212,26,-88,0.001869,51,2026-09-23 01:07:21.000117,354.100006103516,1.037,0.0011,"aoml_navis",1027.9481196792
"7901009",123,0,1,0.016821,1,-0.005607,1,145.597801360947,1,4.86399308590096,356,1,17.4850006103516,36.3110008239746,0.0168210007250309,0.00288508273661137,140.397796630859,-87.741,26.1135,36.2591612536323,63,63,63,63,61,63,0,8045,1.29563008188212,26,-88,0.001869,51,2026-09-23 01:07:21.000117,356,1.037,0.0011,"aoml_navis",1027.96198754749
"7901009",123,0,1,0.016821,1,-0.005607,1,145.191600852428,1,4.86393112047341,358,1,17.4489994049072,36.3050003051758,0.0168210007250309,0.00288508273661137,140.006103515625,-87.741,26.1135,36.2591612536323,63,63,63,63,61,63,0,8045,1.29563008188212,26,-88,0.001869,51,2026-09-23 01:07:21.000117,358,1.037,0.0011,"aoml_navis",1027.97508356026
"7901009",123,0,1,0.020559,1,-0.001869,1,144.846892170014,1,4.86384402216376,360,1,17.3700008392334,36.2919998168945,0.020558999851346,0.00577016547322273,139.673706054688,-87.741,26.1135,36.2591612536323,63,63,63,63,61,63,0,8045,1.29563008188212,26,-88,0.001869,51,2026-09-23 01:07:21.000117,360,1.037,0.0011,"aoml_navis",1027.99349181754
"7901009",123,0,1,0.014952,1,-0.007476,1,144.586176954651,1,4.86376281532805,362,1,17.3020000457764,36.2809982299805,0.0149520002305508,0.00144254136830568,139.422302246094,-87.741,26.1135,36.2591612536323,63,63,63,63,61,63,0,8045,1.29563008188212,26,-88,0.001869,51,2026-09-23 01:07:21.000117,362,1.037,0.0011,"aoml_navis",1028.01065550372
"7901009",123,0,1,0.020559,1,-0.001869,1,144.409882452688,1,4.86368400323058,364,1,17.2390003204346,36.2709999084473,0.020558999851346,0.00577016547322273,139.252304077148,-87.741,26.1135,36.2591612536323,63,63,63,63,61,63,0,8045,1.29563008188212,26,-88,0.001869,51,2026-09-23 01:07:21.000117,364,1.037,0.0011,"aoml_navis",1028.02731359169
"7901009",123,0,1,0.016821,1,-0.005607,1,144.136302375096,1,4.86362004192293,366,1,17.201000213623,36.2649993896484,0.0168210007250309,0.00288508273661137,138.988494873047,-87.741,26.1135,36.2591612536323,63,63,63,63,61,63,0,8045,1.29563008188212,26,-88,0.001869,51,2026-09-23 01:07:21.000117,366,1.037,0.0011,"aoml_navis",1028.04083314517
"7901009",123,0,1,0.013083,1,-0.009345,1,143.734769928518,1,4.86356429876643,368,1,17.1700000762939,36.2589988708496,0.0130829997360706,0,138.601303100586,-87.741,26.1135,36.2591612536323,63,63,63,63,61,63,0,8045,1.29563008188212,26,-88,0.001869,51,2026-09-23 01:07:21.000117,368,1.037,0.0011,"aoml_navis",1028.05261591138
"7901009",123,0,1,0.014952,1,-0.007476,1,143.338728388697,1,4.86347882540223,370,1,17.1009998321533,36.2490005493164,0.0149520002305508,0.00144254136830568,138.21940612793,-87.741,26.1135,36.2591612536323,63,63,63,63,61,63,0,8045,1.29563008188212,26,-88,0.001869,51,2026-09-23 01:07:21.000117,370,1.037,0.0011,"aoml_navis",1028.07068345496
"7901009",123,0,1,0.01869,1,-0.003738,1,143.166674702327,1,4.86340195836437,372,1,17.0330009460449,36.2369995117188,0.0186899993568659,0.00432762410491705,138.053497314453,-87.741,26.1135,36.2591612536323,63,63,63,63,61,63,0,8045,1.29563008188212,26,-88,0.001869,51,2026-09-23 01:07:21.000117,372,1.037,0.0011,"aoml_navis",1028.08693231714
"7901009",123,0,1,0.01869,1,-0.003738,1,142.909282514109,1,4.8633553964572,374,1,17.0160007476807,36.2330017089844,0.0186899993568659,0.00432762410491705,137.805297851562,-87.741,26.1135,36.2591612536323,63,63,63,63,61,63,0,8045,1.29563008188212,26,-88,0.001869,51,2026-09-23 01:07:21.000117,374,1.037,0.0011,"aoml_navis",1028.09677525158
"7901009",123,0,1,0.01869,1,-0.003738,1,142.457034343736,1,4.86331363882625,376,1,17,36.2280006408691,0.0186899993568659,0.00432762410491705,137.369201660156,-87.741,26.1135,36.2591612536323,63,63,63,63,61,63,0,8045,1.29563008188212,26,-88,0.001869,51,2026-09-23 01:07:21.000117,376,1.037,0.0011,"aoml_navis",1028.10560274841
"7901009",123,0,1,0.020559,1,-0.001869,1,141.946601550465,1,4.86322832114072,378,1,16.9370002746582,36.2200012207031,0.020558999851346,0.00577016547322273,136.876998901367,-87.741,26.1135,36.2591612536323,63,63,63,63,61,63,0,8045,1.29563008188212,26,-88,0.001869,51,2026-09-23 01:07:21.000117,378,1.037,0.0011,"aoml_navis",1028.12363924283
"7901009",123,0,1,0.01869,1,-0.003738,1,141.620976538221,1,4.86312732340999,380,1,16.8320007324219,36.2029991149902,0.0186899993568659,0.00432762410491705,136.563003540039,-87.741,26.1135,36.2591612536323,63,63,63,63,61,63,0,8045,1.29563008188212,26,-88,0.001869,51,2026-09-23 01:07:21.000117,380,1.037,0.0011,"aoml_navis",1028.14499137852
"7901009",123,0,1,0.016821,1,-0.005607,1,141.089592850003,1,4.86306134292933,382,1,16.7759990692139,36.1920013427734,0.0168210007250309,0.00288508273661137,136.050598144531,-87.741,26.1135,36.2591612536323,63,63,63,63,61,63,0,8045,1.29563008188212,26,-88,0.001869,51,2026-09-23 01:07:21.000117,382,1.037,0.0011,"aoml_navis",1028.1589409251
"7901009",123,0,1,0.014952,1,-0.007476,1,140.561009998949,1,4.86297634668829,384,1,16.69700050354,36.1790008544922,0.0149520002305508,0.00144254136830568,135.540893554688,-87.741,26.1135,36.2591612536323,63,63,63,63,61,63,0,8045,1.29563008188212,26,-88,0.001869,51,2026-09-23 01:07:21.000117,384,1.037,0.0011,"aoml_navis",1028.17691132819
"7901009",123,0,1,0.01869,1,-0.003738,1,140.146818401345,1,4.86288206408451,386,1,16.6159992218018,36.1679992675781,0.0186899993568659,0.00432762410491705,135.141494750977,-87.741,26.1135,36.2591612536323,63,63,63,63,61,63,0,8045,1.29563008188212,26,-88,0.001869,51,2026-09-23 01:07:21.000117,386,1.037,0.0011,"aoml_navis",1028.19684584337
"7901009",123,0,1,0.016821,1,-0.005607,1,139.65838088298,1,4.86280328025737,388,1,16.5419998168945,36.1549987792969,0.0168210007250309,0.00288508273661137,134.670501708984,-87.741,26.1135,36.2591612536323,63,63,63,63,61,63,0,8045,1.29563008188212,26,-88,0.001869,51,2026-09-23 01:07:21.000117,388,1.037,0.0011,"aoml_navis",1028.21350398846
"7901009",123,0,1,0.016821,1,-0.005607,1,139.19181204801,1,4.86273246289269,390,1,16.4780006408691,36.1430015563965,0.0168210007250309,0.00288508273661137,134.220596313477,-87.741,26.1135,36.2591612536323,63,63,63,63,61,63,0,8045,1.29563008188212,26,-88,0.001869,51,2026-09-23 01:07:21.000117,390,1.037,0.0011,"aoml_navis",1028.22847815601
"7901009",123,0,1,0.014952,1,-0.007476,1,138.767983671689,1,4.86265727793338,392,1,16.4099998474121,36.1310005187988,0.0149520002305508,0.00144254136830568,133.811904907227,-87.741,26.1135,36.2591612536323,63,63,63,63,61,63,0,8045,1.29563008188212,26,-88,0.001869,51,2026-09-23 01:07:21.000117,392,1.037,0.0011,"aoml_navis",1028.24437631866
"7901009",123,0,1,0.022428,1,0,1,138.23908434186,1,4.86259089792996,394,1,16.3560009002686,36.1209983825684,0.0224280003458261,0.0072127073071897,133.301895141602,-87.741,26.1135,36.2591612536323,63,63,63,63,61,63,0,8045,1.29563008188212,26,-88,0.001869,51,2026-09-23 01:07:21.000117,394,1.037,0.0011,"aoml_navis",1028.25841304654
"7901009",123,0,1,0.01869,1,-0.003738,1,138.008766912896,1,4.86250336141371,396,1,16.2800006866455,36.1100006103516,0.0186899993568659,0.00432762410491705,133.079803466797,-87.741,26.1135,36.2591612536323,63,63,63,63,61,63,0,8045,1.29563008188212,26,-88,0.001869,51,2026-09-23 01:07:21.000117,396,1.037,0.0011,"aoml_navis",1028.27692412048
"7901009",123,0,1,0.01869,1,-0.003738,1,137.721926374606,1,4.86245209598246,398,1,16.2520008087158,36.1040000915527,0.0186899993568659,0.00432762410491705,132.803207397461,-87.741,26.1135,36.2591612536323,63,63,63,63,61,63,0,8045,1.29563008188212,26,-88,0.001869,51,2026-09-23 01:07:21.000117,398,1.037,0.0011,"aoml_navis",1028.28776537072
"7901009",123,0,1,0.014952,1,-0.007476,1,137.35231081255,1,4.86239344418154,400,1,16.2110004425049,36.0960006713867,0.0149520002305508,0.00144254136830568,132.446792602539,-87.741,26.1135,36.2591612536323,63,63,63,63,61,63,0,8045,1.29563008188212,26,-88,0.001869,51,2026-09-23 01:07:21.000117,400,1.037,0.0011,"aoml_navis",1028.30016891848
"7901009",123,0,1,0.01869,1,-0.003738,1,137.296009238366,1,4.86229536492314,402,1,16.1219997406006,36.0839996337891,0.0186899993568659,0.00432762410491705,132.392501831055,-87.741,26.1135,36.2591612536323,63,63,63,63,61,63,0,8045,1.29563008188212,26,-88,0.001869,51,2026-09-23 01:07:21.000117,402,1.037,0.0011,"aoml_navis",1028.32091116271
"7901009",123,0,1,0.01869,1,-0.003738,1,137.025546476714,1,4.86224677062181,404,1,16.0930004119873,36.0769996643066,0.0186899993568659,0.00432762410491705,132.131698608398,-87.741,26.1135,36.2591612536323,63,63,63,63,61,63,0,8045,1.29563008188212,26,-88,0.001869,51,2026-09-23 01:07:21.000117,404,1.037,0.0011,"aoml_navis",1028.33118841489
"7901009",123,0,1,0.013083,1,-0.009345,1,136.765875641311,1,4.86216984318687,406,1,16.0289993286133,36.0670013427734,0.0130829997360706,0,131.881301879883,-87.741,26.1135,36.2591612536323,63,63,63,63,61,63,0,8045,1.29563008188212,26,-88,0.001869,51,2026-09-23 01:07:21.000117,406,1.037,0.0011,"aoml_navis",1028.34745828681
"7901009",123,0,1,0.022428,1,0,1,136.502771011193,1,4.8620914062472,408,1,15.9569997787476,36.0550003051758,0.0224280003458261,0.0072127073071897,131.627593994141,-87.741,26.1135,36.2591612536323,63,63,63,63,61,63,0,8045,1.29563008188212,26,-88,0.001869,51,2026-09-23 01:07:21.000117,408,1.037,0.0011,"aoml_navis",1028.36404794357
"7901009",123,0,1,0.020559,1,-0.001869,1,136.025948263893,1,4.862036297744,410,1,15.9219999313354,36.0480003356934,0.020558999851346,0.00577016547322273,131.16780090332,-87.741,26.1135,36.2591612536323,63,63,63,63,61,63,0,8045,1.29563008188212,26,-88,0.001869,51,2026-09-23 01:07:21.000117,410,1.037,0.0011,"aoml_navis",1028.37570388358
"7901009",123,0,1,0.01869,1,-0.003738,1,135.626900175703,1,4.86196063541431,412,1,15.8620004653931,36.0390014648438,0.0186899993568659,0.00432762410491705,130.783004760742,-87.741,26.1135,36.2591612536323,63,63,63,63,61,63,0,8045,1.29563008188212,26,-88,0.001869,51,2026-09-23 01:07:21.000117,412,1.037,0.0011,"aoml_navis",1028.39170757168
"7901009",123,0,1,0.022428,1,0,1,135.16738881743,1,4.86191034943353,414,1,15.8409996032715,36.0349998474121,0.0224280003458261,0.0072127073071897,130.339904785156,-87.741,26.1135,36.2591612536323,63,63,63,63,61,63,0,8045,1.29563008188212,26,-88,0.001869,51,2026-09-23 01:07:21.000117,414,1.037,0.0011,"aoml_navis",1028.40234406678
"7901009",123,0,1,0.011214,1,-0.011214,1,134.674172469553,1,4.86183983956149,416,1,15.7919998168945,36.0279998779297,0.0112140001729131,-0.00144254136830568,129.864303588867,-87.741,26.1135,36.2591612536323,63,63,63,63,61,63,0,8045,1.29563008188212,26,-88,0.001869,51,2026-09-23 01:07:21.000117,416,1.037,0.0011,"aoml_navis",1028.41725869172
"7901009",123,0,1,0.020559,1,-0.001869,1,134.059206736691,1,4.86178021524885,418,1,15.7559995651245,36.0219993591309,0.020558999851346,0.00577016547322273,129.271301269531,-87.741,26.1135,36.2591612536323,63,63,63,63,61,63,0,8045,1.29563008188212,26,-88,0.001869,51,2026-09-23 01:07:21.000117,418,1.037,0.0011,"aoml_navis",1028.42987108254
"7901009",123,0,1,0.016821,1,-0.005607,1,133.288897396812,1,4.86171822943701,420,1,15.7080001831055,36.0130004882812,0.0168210007250309,0.00288508273661137,128.528503417969,-87.741,26.1135,36.2591612536323,63,63,63,63,61,63,0,8045,1.29563008188212,26,-88,0.001869,51,2026-09-23 01:07:21.000117,420,1.037,0.0011,"aoml_navis",1028.44298333164
"7901009",123,0,1,0.013083,1,-0.009345,1,132.403785381075,1,4.86163960393412,422,1,15.6350002288818,36.0009994506836,0.0130829997360706,0,127.675003051758,-87.741,26.1135,36.2591612536323,63,63,63,63,61,63,0,8045,1.29563008188212,26,-88,0.001869,51,2026-09-23 01:07:21.000117,422,1.037,0.0011,"aoml_navis",1028.45961596041
"7901009",123,0,1,0.016821,1,-0.005607,1,131.394020287586,1,4.86157486148927,424,1,15.581000328064,35.9910011291504,0.0168210007250309,0.00288508273661137,126.701301574707,-87.741,26.1135,36.2591612536323,63,63,63,63,61,63,0,8045,1.29563008188212,26,-88,0.001869,51,2026-09-23 01:07:21.000117,424,1.037,0.0011,"aoml_navis",1028.47331213744
"7901009",123,0,1,0.020559,1,-0.001869,1,130.545097619842,1,4.86147783000941,426,1,15.4809999465942,35.976001739502,0.020558999851346,0.00577016547322273,125.882698059082,-87.741,26.1135,36.2591612536323,63,63,63,63,61,63,0,8045,1.29563008188212,26,-88,0.001869,51,2026-09-23 01:07:21.000117,426,1.037,0.0011,"aoml_navis",1028.49383969942
"7901009",123,0,1,0.020559,1,-0.001869,1,130.010193105245,1,4.86139983028549,428,1,15.3979997634888,35.9609985351562,0.020558999851346,0.00577016547322273,125.366897583008,-87.741,26.1135,36.2591612536323,63,63,63,63,61,63,0,8045,1.29563008188212,26,-88,0.001869,51,2026-09-23 01:07:21.000117,428,1.037,0.0011,"aoml_navis",1028.5103415792
"7901009",123,0,1,0.01869,1,-0.003738,1,129.654700408551,1,4.86131519899726,430,1,15.3120002746582,35.9469985961914,0.0186899993568659,0.00432762410491705,125.024101257324,-87.741,26.1135,36.2591612536323,63,63,63,63,61,63,0,8045,1.29563008188212,26,-88,0.001869,51,2026-09-23 01:07:21.000117,430,1.037,0.0011,"aoml_navis",1028.52824705367
"7901009",123,0,1,0.016821,1,-0.005607,1,129.404254929458,1,4.86122760909092,432,1,15.2229995727539,35.9329986572266,0.0168210007250309,0.00288508273661137,124.782600402832,-87.741,26.1135,36.2591612536323,63,63,63,63,61,63,0,8045,1.29563008188212,26,-88,0.001869,51,2026-09-23 01:07:21.000117,432,1.037,0.0011,"aoml_navis",1028.54677914064
"7901009",123,0,1,0.022428,1,0,1,129.139393842135,1,4.86115948416608,434,1,15.1549997329712,35.9199981689453,0.0224280003458261,0.0072127073071897,124.527198791504,-87.741,26.1135,36.2591612536323,63,63,63,63,61,63,0,8045,1.29563008188212,26,-88,0.001869,51,2026-09-23 01:07:21.000117,434,1.037,0.0011,"aoml_navis",1028.56119332973
"7901009",123,0,1,0.022428,1,0,1,128.652087735392,1,4.8610961078689,436,1,15.1079998016357,35.9119987487793,0.0224280003458261,0.0072127073071897,124.05729675293,-87.741,26.1135,36.2591612536323,63,63,63,63,61,63,0,8045,1.29563008188212,26,-88,0.001869,51,2026-09-23 01:07:21.000117,436,1.037,0.0011,"aoml_navis",1028.5746031448
"7901009",123,0,1,0.020559,1,-0.001869,1,128.41357350614,1,4.86100414615722,438,1,15.0209999084473,35.9000015258789,0.020558999851346,0.00577016547322273,123.827301025391,-87.741,26.1135,36.2591612536323,63,63,63,63,61,63,0,8045,1.29563008188212,26,-88,0.001869,51,2026-09-23 01:07:21.000117,438,1.037,0.0011,"aoml_navis",1028.59406198052
"7901009",123,0,1,0.014952,1,-0.007476,1,128.225869944315,1,4.86093254848809,440,1,14.956000328064,35.8889999389648,0.0149520002305508,0.00144254136830568,123.646301269531,-87.741,26.1135,36.2591612536323,63,63,63,63,61,63,0,8045,1.29563008188212,26,-88,0.001869,51,2026-09-23 01:07:21.000117,440,1.037,0.0011,"aoml_navis",1028.60921235271
"7901009",123,0,1,0.01869,1,-0.003738,1,128.038063526888,1,4.86087477222568,442,1,14.923999786377,35.8839988708496,0.0186899993568659,0.00432762410491705,123.465202331543,-87.741,26.1135,36.2591612536323,63,63,63,63,61,63,0,8045,1.29563008188212,26,-88,0.001869,51,2026-09-23 01:07:21.000117,442,1.037,0.0011,"aoml_navis",1028.62143838168
"7901009",123,0,1,0.020559,1,-0.001869,1,127.770093035594,1,4.86082627940667,444,1,14.9040002822876,35.8800010681152,0.020558999851346,0.00577016547322273,123.206802368164,-87.741,26.1135,36.2591612536323,63,63,63,63,61,63,0,8045,1.29563008188212,26,-88,0.001869,51,2026-09-23 01:07:21.000117,444,1.037,0.0011,"aoml_navis",1028.63170016648
"7901009",123,0,1,0.01869,1,-0.003738,1,127.333811219452,1,4.86077996102611,446,1,14.8859996795654,35.8759994506836,0.0186899993568659,0.00432762410491705,122.786102294922,-87.741,26.1135,36.2591612536323,63,63,63,63,61,63,0,8045,1.29563008188212,26,-88,0.001869,51,2026-09-23 01:07:21.000117,446,1.037,0.0011,"aoml_navis",1028.64150199971
"7901009",123,0,1,0.016821,1,-0.005607,1,127.228028188699,1,4.86067744578655,448,1,14.7510004043579,35.8530006408691,0.0168210007250309,0.00288508273661137,122.684097290039,-87.741,26.1135,36.2591612536323,63,63,63,63,61,63,0,8045,1.29563008188212,26,-88,0.001869,51,2026-09-23 01:07:21.000117,448,1.037,0.0011,"aoml_navis",1028.66319680073
"7901009",123,0,1,0.022428,1,0,1,126.990344716233,1,4.86060361186387,450,1,14.6730003356934,35.8390007019043,0.0224280003458261,0.0072127073071897,122.454902648926,-87.741,26.1135,36.2591612536323,63,63,63,63,61,63,0,8045,1.29563008188212,26,-88,0.001869,51,2026-09-23 01:07:21.000117,450,1.037,0.0011,"aoml_navis",1028.6788224812
"7901009",123,0,1,0.020559,1,-0.001869,1,126.886531765857,1,4.86050714246474,452,1,14.5699996948242,35.8240013122559,0.020558999851346,0.00577016547322273,122.354797363281,-87.741,26.1135,36.2591612536323,63,63,63,63,61,63,0,8045,1.29563008188212,26,-88,0.001869,51,2026-09-23 01:07:21.000117,452,1.037,0.0011,"aoml_navis",1028.69923928648
"7901009",123,0,1,0.01869,1,-0.003738,1,126.577806720232,1,4.86045620347914,454,1,14.543999671936,35.8190002441406,0.0186899993568659,0.00432762410491705,122.057098388672,-87.741,26.1135,36.2591612536323,63,63,63,63,61,63,0,8045,1.29563008188212,26,-88,0.001869,51,2026-09-23 01:07:21.000117,454,1.037,0.0011,"aoml_navis",1028.71002035179
"7901009",123,0,1,0.022428,1,0,1,126.51693202774,1,4.86036170897513,456,1,14.4320001602173,35.8009986877441,0.0224280003458261,0.0072127073071897,121.998397827148,-87.741,26.1135,36.2591612536323,63,63,63,63,61,63,0,8045,1.29563008188212,26,-88,0.001869,51,2026-09-23 01:07:21.000117,456,1.037,0.0011,"aoml_navis",1028.73002039478
"7901009",123,0,1,0.022428,1,0,1,126.279968544488,1,4.86030486202883,458,1,14.3830003738403,35.7910003662109,0.0224280003458261,0.0072127073071897,121.769897460938,-87.741,26.1135,36.2591612536323,63,63,63,63,61,63,0,8045,1.29563008188212,26,-88,0.001869,51,2026-09-23 01:07:21.000117,458,1.037,0.0011,"aoml_navis",1028.7420525948
"7901009",123,0,1,0.022428,1,0,1,126.058045715049,1,4.86019750976009,460,1,14.2580003738403,35.7729988098145,0.0224280003458261,0.0072127073071897,121.55590057373,-87.741,26.1135,36.2591612536323,63,63,63,63,61,63,0,8045,1.29563008188212,26,-88,0.001869,51,2026-09-23 01:07:21.000117,460,1.037,0.0011,"aoml_navis",1028.76477549712
"7901009",123,0,1,0.022428,1,0,1,126.311600598112,1,4.86009495260317,462,1,14.1230001449585,35.7509994506836,0.0224280003458261,0.0072127073071897,121.800399780273,-87.741,26.1135,36.2591612536323,63,63,63,63,61,63,0,8045,1.29563008188212,26,-88,0.001869,51,2026-09-23 01:07:21.000117,462,1.037,0.0011,"aoml_navis",1028.78648437144
"7901009",123,0,1,0.022428,1,0,1,126.244190618904,1,4.86003249570438,464,1,14.0679998397827,35.7410011291504,0.0224280003458261,0.0072127073071897,121.735397338867,-87.741,26.1135,36.2591612536323,63,63,63,63,61,63,0,8045,1.29563008188212,26,-88,0.001869,51,2026-09-23 01:07:21.000117,464,1.037,0.0011,"aoml_navis",1028.79970543805
"7901009",123,0,1,0.020559,1,-0.001869,1,126.18736685474,1,4.85997533293126,466,1,14.0249996185303,35.7330017089844,0.020558999851346,0.00577016547322273,121.680603027344,-87.741,26.1135,36.2591612536323,63,63,63,63,61,63,0,8045,1.29563008188212,26,-88,0.001869,51,2026-09-23 01:07:21.000117,466,1.037,0.0011,"aoml_navis",1028.81180612583
"7901009",123,0,1,0.016821,1,-0.005607,1,125.866813414875,1,4.85992907207091,468,1,14.0100002288818,35.7299995422363,0.0168210007250309,0.00288508273661137,121.37149810791,-87.741,26.1135,36.2591612536323,63,63,63,63,61,63,0,8045,1.29563008188212,26,-88,0.001869,51,2026-09-23 01:07:21.000117,468,1.037,0.0011,"aoml_navis",1028.82159921511
"7901009",123,0,1,0.022428,1,0,1,125.446403009331,1,4.85985855481366,470,1,13.9540004730225,35.7220001220703,0.0224280003458261,0.0072127073071897,120.966102600098,-87.741,26.1135,36.2591612536323,63,63,63,63,61,63,0,8045,1.29563008188212,26,-88,0.001869,51,2026-09-23 01:07:21.000117,470,1.037,0.0011,"aoml_navis",1028.83652756674
"7901009",123,0,1,0.022428,1,0,1,125.207050111324,1,4.85979489782625,472,1,13.9010000228882,35.7130012512207,0.0224280003458261,0.0072127073071897,120.735298156738,-87.741,26.1135,36.2591612536323,63,63,63,63,61,63,0,8045,1.29563008188212,26,-88,0.001869,51,2026-09-23 01:07:21.000117,472,1.037,0.0011,"aoml_navis",1028.85000398607
"7901009",123,0,1,0.01869,1,-0.003738,1,124.934933748069,1,4.85973844537774,474,1,13.8690004348755,35.7080001831055,0.0186899993568659,0.00432762410491705,120.472900390625,-87.741,26.1135,36.2591612536323,63,63,63,63,61,63,0,8045,1.29563008188212,26,-88,0.001869,51,2026-09-23 01:07:21.000117,474,1.037,0.0011,"aoml_navis",1028.86195547327
"7901009",123,0,1,0.024297,1,0.001869,1,124.673909965901,1,4.85967853330201,476,1,13.8229999542236,35.7000007629395,0.0242970008403063,0.0086552482098341,120.221199035645,-87.741,26.1135,36.2591612536323,63,63,63,63,61,63,0,8045,1.29563008188212,26,-88,0.001869,51,2026-09-23 01:07:21.000117,476,1.037,0.0011,"aoml_navis",1028.87463969816
"7901009",123,0,1,0.020559,1,-0.001869,1,124.380636996496,1,4.85960089151561,478,1,13.7489995956421,35.6889991760254,0.020558999851346,0.00577016547322273,119.938400268555,-87.741,26.1135,36.2591612536323,63,63,63,63,61,63,0,8045,1.29563008188212,26,-88,0.001869,51,2026-09-23 01:07:21.000117,478,1.037,0.0011,"aoml_navis",1028.8910780162
"7901009",123,0,1,0.020559,1,-0.001869,1,124.391523866377,1,4.8595172097332,480,1,13.6759996414185,35.6800003051758,0.020558999851346,0.00577016547322273,119.94889831543,-87.741,26.1135,36.2591612536323,63,63,63,63,61,63,0,8045,1.29563008188212,26,-88,0.001869,51,2026-09-23 01:07:21.000117,480,1.037,0.0011,"aoml_navis",1028.90879571029
"7901009",123,0,1,0.020559,1,-0.001869,1,124.532151210327,1,4.8594598467073,482,1,13.625,35.6699981689453,0.020558999851346,0.00577016547322273,120.084503173828,-87.741,26.1135,36.2591612536323,63,63,63,63,61,63,0,8045,1.29563008188212,26,-88,0.001869,51,2026-09-23 01:07:21.000117,482,1.037,0.0011,"aoml_navis",1028.9209413651
"7901009",123,0,1,0.022428,1,0,1,124.688634140937,1,4.85938608455831,484.100006103516,1,13.5670003890991,35.6619987487793,0.0224280003458261,0.0072127073071897,120.235397338867,-87.741,26.1135,36.2591612536323,63,63,63,63,61,63,0,8045,1.29563008188212,26,-88,0.001869,51,2026-09-23 01:07:21.000117,484.100006103516,1.037,0.0011,"aoml_navis",1028.93655967953
"7901009",123,0,1,0.024297,1,0.001869,1,124.824174088569,1,4.85932772941735,486,1,13.5019998550415,35.648998260498,0.0242970008403063,0.0086552482098341,120.366096496582,-87.741,26.1135,36.2591612536323,63,63,63,63,61,63,0,8045,1.29563008188212,26,-88,0.001869,51,2026-09-23 01:07:21.000117,486,1.037,0.0011,"aoml_navis",1028.94891606735
"7901009",123,0,1,0.022428,1,0,1,124.693610769683,1,4.85928274855304,488,1,13.4879999160767,35.6459999084473,0.0224280003458261,0.0072127073071897,120.240196228027,-87.741,26.1135,36.2591612536323,63,63,63,63,61,63,0,8045,1.29563008188212,26,-88,0.001869,51,2026-09-23 01:07:21.000117,488,1.037,0.0011,"aoml_navis",1028.95844072644
"7901009",123,0,1,0.022428,1,0,1,124.509538801809,1,4.85923878965496,490,1,13.4750003814697,35.6430015563965,0.0224280003458261,0.0072127073071897,120.062698364258,-87.741,26.1135,36.2591612536323,63,63,63,63,61,63,0,8045,1.29563008188212,26,-88,0.001869,51,2026-09-23 01:07:21.000117,490,1.037,0.0011,"aoml_navis",1028.96774915543
"7901009",123,0,1,0.024297,1,0.001869,1,124.257748287919,1,4.85918632322087,492,1,13.4499998092651,35.6389999389648,0.0242970008403063,0.0086552482098341,119.819900512695,-87.741,26.1135,36.2591612536323,63,63,63,63,61,63,0,8045,1.29563008188212,26,-88,0.001869,51,2026-09-23 01:07:21.000117,492,1.037,0.0011,"aoml_navis",1028.97885930124
"7901009",123,0,1,0.020559,1,-0.001869,1,123.950787611468,1,4.85912658038366,494,1,13.4069995880127,35.6319999694824,0.020558999851346,0.00577016547322273,119.523902893066,-87.741,26.1135,36.2591612536323,63,63,63,63,61,63,0,8045,1.29563008188212,26,-88,0.001869,51,2026-09-23 01:07:21.000117,494,1.037,0.0011,"aoml_navis",1028.99151057004
"7901009",123,0,1,0.020559,1,-0.001869,1,123.799067686432,1,4.85905198255426,496,1,13.3420000076294,35.6230010986328,0.020558999851346,0.00577016547322273,119.377601623535,-87.741,26.1135,36.2591612536323,63,63,63,63,61,63,0,8045,1.29563008188212,26,-88,0.001869,51,2026-09-23 01:07:21.000117,496,1.037,0.0011,"aoml_navis",1029.00730799995
"7901009",123,0,1,0.01869,1,-0.003738,1,123.517195864919,1,4.85900026020183,498,1,13.3140001296997,35.6180000305176,0.0186899993568659,0.00432762410491705,119.105796813965,-87.741,26.1135,36.2591612536323,63,63,63,63,61,63,0,8045,1.29563008188212,26,-88,0.001869,51,2026-09-23 01:07:21.000117,498,1.037,0.0011,"aoml_navis",1029.0182614216
"7901009",123,0,1,0.020559,1,-0.001869,1,123.117522731148,1,4.85894453992979,500,1,13.2819995880127,35.6129989624023,0.020558999851346,0.00577016547322273,118.720397949219,-87.741,26.1135,36.2591612536323,63,63,63,63,61,63,0,8045,1.29563008188212,26,-88,0.001869,51,2026-09-23 01:07:21.000117,500,1.037,0.0011,"aoml_navis",1029.03006175746
"7901009",123,0,1,0.024297,1,0.001869,1,122.558874396409,1,4.8588797997318,502,1,13.2410001754761,35.6080017089844,0.0242970008403063,0.0086552482098341,118.181701660156,-87.741,26.1135,36.2591612536323,63,63,63,63,61,63,0,8045,1.29563008188212,26,-88,0.001869,51,2026-09-23 01:07:21.000117,502,1.037,0.0011,"aoml_navis",1029.0437726564
"7901009",123,0,1,0.022428,1,0,1,121.651775017735,1,4.85882617801068,504,1,13.2110004425049,35.6030006408691,0.0224280003458261,0.0072127073071897,117.306999206543,-87.741,26.1135,36.2591612536323,63,63,63,63,61,63,0,8045,1.29563008188212,26,-88,0.001869,51,2026-09-23 01:07:21.000117,504,1.037,0.0011,"aoml_navis",1029.05512912321
"7901009",123,0,1,0.024297,1,0.001869,1,120.62884440718,1,4.85876156445817,506,1,13.1700000762939,35.5979995727539,0.0242970008403063,0.0086552482098341,116.320602416992,-87.741,26.1135,36.2591612536323,63,63,63,63,61,63,0,8045,1.29563008188212,26,-88,0.001869,51,2026-09-23 01:07:21.000117,506,1.037,0.0011,"aoml_navis",1029.06881386709
"7901009",123,0,1,0.020559,1,-0.001869,1,120.21941581515,1,4.85870001871082,508,1,13.1319999694824,35.5929985046387,0.020558999851346,0.00577016547322273,115.925796508789,-87.741,26.1135,36.2591612536323,63,63,63,63,61,63,0,8045,1.29563008188212,26,-88,0.001869,51,2026-09-23 01:07:21.000117,508,1.037,0.0011,"aoml_navis",1029.08184920761
"7901009",123,0,1,0.022428,1,0,1,119.97840931554,1,4.85863017239308,510,1,13.0819997787476,35.5870018005371,0.0224280003458261,0.0072127073071897,115.693397521973,-87.741,26.1135,36.2591612536323,63,63,63,63,61,63,0,8045,1.29563008188212,26,-88,0.001869,51,2026-09-23 01:07:21.000117,510,1.037,0.0011,"aoml_navis",1029.09664300242
"7901009",123,0,1,0.024297,1,0.001869,1,119.682960554553,1,4.85855844809752,512,1,13.0299997329712,35.5810012817383,0.0242970008403063,0.0086552482098341,115.408500671387,-87.741,26.1135,36.2591612536323,63,63,63,63,61,63,0,8045,1.29563008188212,26,-88,0.001869,51,2026-09-23 01:07:21.000117,512,1.037,0.0011,"aoml_navis",1029.11183500486
"7901009",123,0,1,0.020559,1,-0.001869,1,119.297077983429,1,4.85849876542575,514,1,12.9899997711182,35.5750007629395,0.020558999851346,0.00577016547322273,115.036399841309,-87.741,26.1135,36.2591612536323,63,63,63,63,61,63,0,8045,1.29563008188212,26,-88,0.001869,51,2026-09-23 01:07:21.000117,514,1.037,0.0011,"aoml_navis",1029.12447679954
"7901009",123,0,1,0.029904,1,0.007476,1,118.865155662421,1,4.85843286063916,516,1,12.9399995803833,35.568000793457,0.0299040004611015,0.0129828732460737,114.619903564453,-87.741,26.1135,36.2591612536323,63,63,63,63,61,63,0,8045,1.29563008188212,26,-88,0.001869,51,2026-09-23 01:07:21.000117,516,1.037,0.0011,"aoml_navis",1029.13843690375
"7901009",123,0,1,0.022428,1,0,1,118.441422229733,1,4.85836705814727,518,1,12.8900003433228,35.5610008239746,0.0224280003458261,0.0072127073071897,114.211303710938,-87.741,26.1135,36.2591612536323,63,63,63,63,61,63,0,8045,1.29563008188212,26,-88,0.001869,51,2026-09-23 01:07:21.000117,518,1.037,0.0011,"aoml_navis",1029.15237571752
"7901009",123,0,1,0.016821,1,-0.005607,1,117.847715958624,1,4.85830822466982,520,1,12.8579998016357,35.556999206543,0.0168210007250309,0.00288508273661137,113.638801574707,-87.741,26.1135,36.2591612536323,63,63,63,63,61,63,0,8045,1.29563008188212,26,-88,0.001869,51,2026-09-23 01:07:21.000117,520,1.037,0.0011,"aoml_navis",1029.16483861824
"7901009",123,0,1,0.024297,1,0.001869,1,116.82633609407,1,4.85824850903583,522,1,12.8140001296997,35.5499992370605,0.0242970008403063,0.0086552482098341,112.653900146484,-87.741,26.1135,36.2591612536323,63,63,63,63,61,63,0,8045,1.29563008188212,26,-88,0.001869,51,2026-09-23 01:07:21.000117,522,1.037,0.0011,"aoml_navis",1029.17748869794
"7901009",123,0,1,0.024297,1,0.001869,1,114.904083570753,1,4.85818355585348,524,1,12.7720003128052,35.5449981689453,0.0242970008403063,0.0086552482098341,110.800300598145,-87.741,26.1135,36.2591612536323,63,63,63,63,61,63,0,8045,1.29563008188212,26,-88,0.001869,51,2026-09-23 01:07:21.000117,524,1.037,0.0011,"aoml_navis",1029.19124864594
"7901009",123,0,1,0.024297,1,0.001869,1,113.812390034224,1,4.85812130265258,526,1,12.7659997940063,35.548999786377,0.0242970008403063,0.0086552482098341,109.747596740723,-87.741,26.1135,36.2591612536323,63,63,63,63,61,63,0,8045,1.29563008188212,26,-88,0.001869,51,2026-09-23 01:07:21.000117,526,1.037,0.0011,"aoml_navis",1029.20443696413
"7901009",123,0,1,0.024297,1,0.001869,1,113.499930539046,1,4.8580544575795,528,1,12.7220001220703,35.5439987182617,0.0242970008403063,0.0086552482098341,109.446296691895,-87.741,26.1135,36.2591612536323,63,63,63,63,61,63,0,8045,1.29563008188212,26,-88,0.001869,51,2026-09-23 01:07:21.000117,528,1.037,0.0011,"aoml_navis",1029.21859844511
"7901009",123,0,1,0.022428,1,0,1,113.377461164848,1,4.8580050827161,530,1,12.6920003890991,35.5379981994629,0.0224280003458261,0.0072127073071897,109.328201293945,-87.741,26.1135,36.2591612536323,63,63,63,63,61,63,0,8045,1.29563008188212,26,-88,0.001869,51,2026-09-23 01:07:21.000117,530,1.037,0.0011,"aoml_navis",1029.22905902036
"7901009",123,0,1,0.024297,1,0.001869,1,113.358796829055,1,4.85792522847035,532,1,12.6160001754761,35.5279998779297,0.0242970008403063,0.0086552482098341,109.310203552246,-87.741,26.1135,36.2591612536323,63,63,63,63,61,63,0,8045,1.29563008188212,26,-88,0.001869,51,2026-09-23 01:07:21.000117,532,1.037,0.0011,"aoml_navis",1029.24597741789
"7901009",123,0,1,0.024297,1,0.001869,1,112.994276575287,1,4.8578573320458,534,1,12.5520000457764,35.5180015563965,0.0242970008403063,0.0086552482098341,108.958702087402,-87.741,26.1135,36.2591612536323,63,63,63,63,61,63,0,8045,1.29563008188212,26,-88,0.001869,51,2026-09-23 01:07:21.000117,534,1.037,0.0011,"aoml_navis",1029.26036279751
"7901009",123,0,1,0.024297,1,0.001869,1,112.271146308885,1,4.85780328475419,536,1,12.5170001983643,35.5120010375977,0.0242970008403063,0.0086552482098341,108.26139831543,-87.741,26.1135,36.2591612536323,63,63,63,63,61,63,0,8045,1.29563008188212,26,-88,0.001869,51,2026-09-23 01:07:21.000117,536,1.037,0.0011,"aoml_navis",1029.2718142153
"7901009",123,0,1,0.022428,1,0,1,111.951115059,1,4.85775393405866,538,1,12.4980001449585,35.5089988708496,0.0224280003458261,0.0072127073071897,107.952796936035,-87.741,26.1135,36.2591612536323,63,63,63,63,61,63,0,8045,1.29563008188212,26,-88,0.001869,51,2026-09-23 01:07:21.000117,538,1.037,0.0011,"aoml_navis",1029.28227075151
"7901009",123,0,1,0.024297,1,0.001869,1,111.898025744389,1,4.85768877361383,540,1,12.4440002441406,35.5009994506836,0.0242970008403063,0.0086552482098341,107.90160369873,-87.741,26.1135,36.2591612536323,63,63,63,63,61,63,0,8045,1.29563008188212,26,-88,0.001869,51,2026-09-23 01:07:21.000117,540,1.037,0.0011,"aoml_navis",1029.29607741838
"7901009",123,0,1,0.026166,1,0.003738,1,112.277578739999,1,4.85762640852125,542,1,12.3889999389648,35.492000579834,0.0261659994721413,0.0100977895781398,108.267601013184,-87.741,26.1135,36.2591612536323,63,63,63,63,61,63,0,8045,1.29563008188212,26,-88,0.001869,51,2026-09-23 01:07:21.000117,542,1.037,0.0011,"aoml_navis",1029.30929213268
"7901009",123,0,1,0.022428,1,0,1,112.979133065873,1,4.85755429133712,544,1,12.3199996948242,35.4819984436035,0.0224280003458261,0.0072127073071897,108.94409942627,-87.741,26.1135,36.2591612536323,63,63,63,63,61,63,0,8045,1.29563008188212,26,-88,0.001869,51,2026-09-23 01:07:21.000117,544,1.037,0.0011,"aoml_navis",1029.32457366805
"7901009",123,0,1,0.026166,1,0.003738,1,113.855842570118,1,4.85750025677715,546,1,12.2620000839233,35.4700012207031,0.0261659994721413,0.0100977895781398,109.789497375488,-87.741,26.1135,36.2591612536323,63,63,63,63,61,63,0,8045,1.29563008188212,26,-88,0.001869,51,2026-09-23 01:07:21.000117,546,1.037,0.0011,"aoml_navis",1029.33602381679
"7901009",123,0,1,0.028035,1,0.005607,1,115.029670260891,1,4.85742811610311,548,1,12.1850004196167,35.4580001831055,0.0280349999666214,0.0115403309464455,110.921401977539,-87.741,26.1135,36.2591612536323,63,63,63,63,61,63,0,8045,1.29563008188212,26,-88,0.001869,51,2026-09-23 01:07:21.000117,548,1.037,0.0011,"aoml_navis",1029.35131112373
"7901009",123,0,1,0.026166,1,0.003738,1,116.246428297579,1,4.85736132202107,550,1,12.0790004730225,35.4370002746582,0.0261659994721413,0.0100977895781398,112.094703674316,-87.741,26.1135,36.2591612536323,63,63,63,63,61,63,0,8045,1.29563008188212,26,-88,0.001869,51,2026-09-23 01:07:21.000117,550,1.037,0.0011,"aoml_navis",1029.36546584094
"7901009",123,0,1,0.026166,1,0.003738,1,117.227670741414,1,4.85728867653171,552,1,11.9969997406006,35.423999786377,0.0261659994721413,0.0100977895781398,113.040901184082,-87.741,26.1135,36.2591612536323,63,63,63,63,61,63,0,8045,1.29563008188212,26,-88,0.001869,51,2026-09-23 01:07:21.000117,552,1.037,0.0011,"aoml_navis",1029.3808610054
"7901009",123,0,1,0.024297,1,0.001869,1,117.465148502676,1,4.85722976121451,554,1,11.9329996109009,35.4119987487793,0.0242970008403063,0.0086552482098341,113.269897460938,-87.741,26.1135,36.2591612536323,63,63,63,63,61,63,0,8045,1.29563008188212,26,-88,0.001869,51,2026-09-23 01:07:21.000117,554,1.037,0.0011,"aoml_navis",1029.39334678494
"7901009",123,0,1,0.026166,1,0.003738,1,117.261684297824,1,4.85718950585291,556,1,11.9270000457764,35.4099998474121,0.0261659994721413,0.0100977895781398,113.073699951172,-87.741,26.1135,36.2591612536323,63,63,63,63,61,63,0,8045,1.29563008188212,26,-88,0.001869,51,2026-09-23 01:07:21.000117,556,1.037,0.0011,"aoml_navis",1029.40187817976
"7901009",123,0,1,0.026166,1,0.003738,1,116.925473070536,1,4.85713080132939,558,1,11.8900003433228,35.4049987792969,0.0261659994721413,0.0100977895781398,112.749496459961,-87.741,26.1135,36.2591612536323,63,63,63,63,61,63,0,8045,1.29563008188212,26,-88,0.001869,51,2026-09-23 01:07:21.000117,558,1.037,0.0011,"aoml_navis",1029.4143197938
"7901009",123,0,1,0.028035,1,0.005607,1,116.377608750077,1,4.8570720134651,560,1,11.8489999771118,35.398998260498,0.0280349999666214,0.0115403309464455,112.221199035645,-87.741,26.1135,36.2591612536323,63,63,63,63,61,63,0,8045,1.29563008188212,26,-88,0.001869,51,2026-09-23 01:07:21.000117,560,1.037,0.0011,"aoml_navis",1029.42677937215
"7901009",123,0,1,0.026166,1,0.003738,1,115.963828574882,1,4.85701668541026,562,1,11.8000001907349,35.3899993896484,0.0261659994721413,0.0100977895781398,111.822196960449,-87.741,26.1135,36.2591612536323,63,63,63,63,61,63,0,8045,1.29563008188212,26,-88,0.001869,51,2026-09-23 01:07:21.000117,562,1.037,0.0011,"aoml_navis",1029.43850594939
"7901009",123,0,1,0.024297,1,0.001869,1,115.520394338411,1,4.85694650663584,564,1,11.7390003204346,35.3819999694824,0.0242970008403063,0.0086552482098341,111.394599914551,-87.741,26.1135,36.2591612536323,63,63,63,63,61,63,0,8045,1.29563008188212,26,-88,0.001869,51,2026-09-23 01:07:21.000117,564,1.037,0.0011,"aoml_navis",1029.45338046625
"7901009",123,0,1,0.026166,1,0.003738,1,115.154426194244,1,4.8568785755987,566,1,11.6879997253418,35.3759994506836,0.0261659994721413,0.0100977895781398,111.041702270508,-87.741,26.1135,36.2591612536323,63,63,63,63,61,63,0,8045,1.29563008188212,26,-88,0.001869,51,2026-09-23 01:07:21.000117,566,1.037,0.0011,"aoml_navis",1029.46777898059
"7901009",123,0,1,0.024297,1,0.001869,1,114.460855045486,1,4.8568229389362,568,1,11.6499996185303,35.3699989318848,0.0242970008403063,0.0086552482098341,110.372901916504,-87.741,26.1135,36.2591612536323,63,63,63,63,61,63,0,8045,1.29563008188212,26,-88,0.001869,51,2026-09-23 01:07:21.000117,568,1.037,0.0011,"aoml_navis",1029.47957190615
"7901009",123,0,1,0.024297,1,0.001869,1,113.496821135076,1,4.85676492130936,570,1,11.625,35.3680000305176,0.0242970008403063,0.0086552482098341,109.443298339844,-87.741,26.1135,36.2591612536323,63,63,63,63,61,63,0,8045,1.29563008188212,26,-88,0.001869,51,2026-09-23 01:07:21.000117,570,1.037,0.0011,"aoml_navis",1029.49186979633
"7901009",123,0,1,0.026166,1,0.003738,1,112.803875031899,1,4.85671114949397,572,1,11.6239995956421,35.3709983825684,0.0261659994721413,0.0100977895781398,108.775100708008,-87.741,26.1135,36.2591612536323,63,63,63,63,61,63,0,8045,1.29563008188212,26,-88,0.001869,51,2026-09-23 01:07:21.000117,572,1.037,0.0011,"aoml_navis",1029.50326797198
"7901009",123,0,1,0.024297,1,0.001869,1,112.226348738194,1,4.85666382859802,574,1,11.6260004043579,35.3730010986328,0.0242970008403063,0.0086552482098341,108.218200683594,-87.741,26.1135,36.2591612536323,63,63,63,63,61,63,0,8045,1.29563008188212,26,-88,0.001869,51,2026-09-23 01:07:21.000117,574,1.037,0.0011,"aoml_navis",1029.51329893536
"7901009",123,0,1,0.024297,1,0.001869,1,111.909221181076,1,4.85661726267931,576,1,11.621000289917,35.3730010986328,0.0242970008403063,0.0086552482098341,107.912399291992,-87.741,26.1135,36.2591612536323,63,63,63,63,61,63,0,8045,1.29563008188212,26,-88,0.001869,51,2026-09-23 01:07:21.000117,576,1.037,0.0011,"aoml_navis",1029.52317005141
"7901009",123,0,1,0.024297,1,0.001869,1,111.409263835278,1,4.85656498025499,578,1,11.6059999465942,35.3720016479492,0.0242970008403063,0.0086552482098341,107.430297851562,-87.741,26.1135,36.2591612536323,63,63,63,63,61,63,0,8045,1.29563008188212,26,-88,0.001869,51,2026-09-23 01:07:21.000117,578,1.037,0.0011,"aoml_navis",1029.5342531868
"7901009",123,0,1,0.026166,1,0.003738,1,110.665499152705,1,4.85651552827445,580,1,11.5939998626709,35.3709983825684,0.0261659994721413,0.0100977895781398,106.713096618652,-87.741,26.1135,36.2591612536323,63,63,63,63,61,63,0,8045,1.29563008188212,26,-88,0.001869,51,2026-09-23 01:07:21.000117,580,1.037,0.0011,"aoml_navis",1029.5447365277
"7901009",123,0,1,0.024297,1,0.001869,1,109.748968706517,1,4.8564643708732,582,1,11.5880002975464,35.3720016479492,0.0242970008403063,0.0086552482098341,105.829299926758,-87.741,26.1135,36.2591612536323,63,63,63,63,61,63,0,8045,1.29563008188212,26,-88,0.001869,51,2026-09-23 01:07:21.000117,582,1.037,0.0011,"aoml_navis",1029.55558162594
"7901009",123,0,1,0.028035,1,0.005607,1,109.398349782968,1,4.85640387163393,584,1,11.5719995498657,35.3730010986328,0.0280349999666214,0.0115403309464455,105.491203308105,-87.741,26.1135,36.2591612536323,63,63,63,63,61,63,0,8045,1.29563008188212,26,-88,0.001869,51,2026-09-23 01:07:21.000117,584,1.037,0.0011,"aoml_navis",1029.56840743926
"7901009",123,0,1,0.020559,1,-0.001869,1,109.233764995703,1,4.85636360427633,586,1,11.5620002746582,35.3699989318848,0.020558999851346,0.00577016547322273,105.332496643066,-87.741,26.1135,36.2591612536323,63,63,63,63,61,63,0,8045,1.29563008188212,26,-88,0.001869,51,2026-09-23 01:07:21.000117,586,1.037,0.0011,"aoml_navis",1029.57694427929
"7901009",123,0,1,0.024297,1,0.001869,1,109.166465784065,1,4.85630183646013,588,1,11.5290002822876,35.367000579834,0.0242970008403063,0.0086552482098341,105.267601013184,-87.741,26.1135,36.2591612536323,63,63,63,63,61,63,0,8045,1.29563008188212,26,-88,0.001869,51,2026-09-23 01:07:21.000117,588,1.037,0.0011,"aoml_navis",1029.59003957724
"7901009",123,0,1,0.026166,1,0.003738,1,109.381750471186,1,4.8562340094702,590,1,11.4619998931885,35.3569984436035,0.0261659994721413,0.0100977895781398,105.475196838379,-87.741,26.1135,36.2591612536323,63,63,63,63,61,63,0,8045,1.29563008188212,26,-88,0.001869,51,2026-09-23 01:07:21.000117,590,1.037,0.0011,"aoml_navis",1029.60441985486
"7901009",123,0,1,0.029904,1,0.007476,1,109.685190321259,1,4.856173913783,592,1,11.41100025177,35.3489990234375,0.0299040004611015,0.0129828732460737,105.767799377441,-87.741,26.1135,36.2591612536323,63,63,63,63,61,63,0,8045,1.29563008188212,26,-88,0.001869,51,2026-09-23 01:07:21.000117,592,1.037,0.0011,"aoml_navis",1029.61716132299
"7901009",123,0,1,0.028035,1,0.005607,1,109.964775583618,1,4.85610437035861,594,1,11.326000213623,35.3349990844727,0.0280349999666214,0.0115403309464455,106.037399291992,-87.741,26.1135,36.2591612536323,63,63,63,63,61,63,0,8045,1.29563008188212,26,-88,0.001869,51,2026-09-23 01:07:21.000117,594,1.037,0.0011,"aoml_navis",1029.63190629092
"7901009",123,0,1,0.029904,1,0.007476,1,110.155802172587,1,4.85601960349647,596,1,11.2399997711182,35.3250007629395,0.0299040004611015,0.0129828732460737,106.221603393555,-87.741,26.1135,36.2591612536323,63,63,63,63,61,63,0,8045,1.29563008188212,26,-88,0.001869,51,2026-09-23 01:07:21.000117,596,1.037,0.0011,"aoml_navis",1029.64987958448
"7901009",123,0,1,0.028035,1,0.005607,1,110.22030054706,1,4.85596454892526,598,1,11.1859998703003,35.314998626709,0.0280349999666214,0.0115403309464455,106.283798217773,-87.741,26.1135,36.2591612536323,63,63,63,63,61,63,0,8045,1.29563008188212,26,-88,0.001869,51,2026-09-23 01:07:21.000117,598,1.037,0.0011,"aoml_navis",1029.6615532555
"7901009",123,0,1,0.026166,1,0.003738,1,110.198321096092,1,4.85591058487906,600,1,11.1529998779297,35.310001373291,0.0261659994721413,0.0100977895781398,106.262603759766,-87.741,26.1135,36.2591612536323,63,63,63,63,61,63,0,8045,1.29563008188212,26,-88,0.001869,51,2026-09-23 01:07:21.000117,600,1.037,0.0011,"aoml_navis",1029.67299595047
"7901009",123,0,1,0.024297,1,0.001869,1,110.179443137126,1,4.85584476287055,602,1,11.0950002670288,35.3019981384277,0.0242970008403063,0.0086552482098341,106.244400024414,-87.741,26.1135,36.2591612536323,63,63,63,63,61,63,0,8045,1.29563008188212,26,-88,0.001869,51,2026-09-23 01:07:21.000117,602,1.037,0.0011,"aoml_navis",1029.68695338692
"7901009",123,0,1,0.031773,1,0.009345,1,110.076571711108,1,4.85578089287601,604,1,11.0389995574951,35.2939987182617,0.0317730009555817,0.0144254146143794,106.145202636719,-87.741,26.1135,36.2591612536323,63,63,63,63,61,63,0,8045,1.29563008188212,26,-88,0.001869,51,2026-09-23 01:07:21.000117,604,1.037,0.0011,"aoml_navis",1029.70049726411
"7901009",123,0,1,0.026166,1,0.003738,1,109.916868608957,1,4.85572350534186,606,1,10.9980001449585,35.2879981994629,0.0261659994721413,0.0100977895781398,105.991203308105,-87.741,26.1135,36.2591612536323,63,63,63,63,61,63,0,8045,1.29563008188212,26,-88,0.001869,51,2026-09-23 01:07:21.000117,606,1.037,0.0011,"aoml_navis",1029.71266681462
"7901009",123,0,1,0.029904,1,0.007476,1,109.811188433805,1,4.85566886679422,608,1,10.9680004119873,35.2840003967285,0.0299040004611015,0.0129828732460737,105.889297485352,-87.741,26.1135,36.2591612536323,63,63,63,63,61,63,0,8045,1.29563008188212,26,-88,0.001869,51,2026-09-23 01:07:21.000117,608,1.037,0.0011,"aoml_navis",1029.72425368476
"7901009",123,0,1,0.024297,1,0.001869,1,109.630431581105,1,4.85561876700773,610,1,10.951000213623,35.2820014953613,0.0242970008403063,0.0086552482098341,105.714996337891,-87.741,26.1135,36.2591612536323,63,63,63,63,61,63,0,8045,1.29563008188212,26,-88,0.001869,51,2026-09-23 01:07:21.000117,610,1.037,0.0011,"aoml_navis",1029.73487827613
"7901009",123,0,1,0.029904,1,0.007476,1,109.536271233387,1,4.85556782625625,612,1,10.9250001907349,35.2779998779297,0.0299040004611015,0.0129828732460737,105.624198913574,-87.741,26.1135,36.2591612536323,63,63,63,63,61,63,0,8045,1.29563008188212,26,-88,0.001869,51,2026-09-23 01:07:21.000117,612,1.037,0.0011,"aoml_navis",1029.74568143457
"7901009",123,0,1,0.028035,1,0.005607,1,109.284480719497,1,4.85551777824824,614,1,10.9040002822876,35.2750015258789,0.0280349999666214,0.0115403309464455,105.381401062012,-87.741,26.1135,36.2591612536323,63,63,63,63,61,63,0,8045,1.29563008188212,26,-88,0.001869,51,2026-09-23 01:07:21.000117,614,1.037,0.0011,"aoml_navis",1029.75629548696
"7901009",123,0,1,0.024297,1,0.001869,1,108.885116152532,1,4.85546238620167,616,1,10.8690004348755,35.2700004577637,0.0242970008403063,0.0086552482098341,104.996299743652,-87.741,26.1135,36.2591612536323,63,63,63,63,61,63,0,8045,1.29563008188212,26,-88,0.001869,51,2026-09-23 01:07:21.000117,616,1.037,0.0011,"aoml_navis",1029.76804314437
"7901009",123,0,1,0.026166,1,0.003738,1,108.48233361479,1,4.85539081980866,618,1,10.8120002746582,35.2639999389648,0.0261659994721413,0.0100977895781398,104.607902526855,-87.741,26.1135,36.2591612536323,63,63,63,63,61,63,0,8045,1.29563008188212,26,-88,0.001869,51,2026-09-23 01:07:21.000117,618,1.037,0.0011,"aoml_navis",1029.7832214868
"7901009",123,0,1,0.024297,1,0.001869,1,108.131089645659,1,4.85533280508795,620,1,10.7779998779297,35.2599983215332,0.0242970008403063,0.0086552482098341,104.269203186035,-87.741,26.1135,36.2591612536323,63,63,63,63,61,63,0,8045,1.29563008188212,26,-88,0.001869,51,2026-09-23 01:07:21.000117,620,1.037,0.0011,"aoml_navis",1029.79552601635
"7901009",123,0,1,0.029904,1,0.007476,1,108.105470688772,1,4.85528472683241,622,1,10.7550001144409,35.2560005187988,0.0299040004611015,0.0129828732460737,104.244499206543,-87.741,26.1135,36.2591612536323,63,63,63,63,61,63,0,8045,1.29563008188212,26,-88,0.001869,51,2026-09-23 01:07:21.000117,622,1.037,0.0011,"aoml_navis",1029.80572331172
"7901009",123,0,1,0.028035,1,0.005607,1,108.303546842469,1,4.85522325020877,624,1,10.7130002975464,35.2509994506836,0.0280349999666214,0.0115403309464455,104.435501098633,-87.741,26.1135,36.2591612536323,63,63,63,63,61,63,0,8045,1.29563008188212,26,-88,0.001869,51,2026-09-23 01:07:21.000117,624,1.037,0.0011,"aoml_navis",1029.81876266658
"7901009",123,0,1,0.026166,1,0.003738,1,108.523816070306,1,4.85516639638256,626,1,10.6719999313354,35.2449989318848,0.0261659994721413,0.0100977895781398,104.647903442383,-87.741,26.1135,36.2591612536323,63,63,63,63,61,63,0,8045,1.29563008188212,26,-88,0.001869,51,2026-09-23 01:07:21.000117,626,1.037,0.0011,"aoml_navis",1029.83082180775
"7901009",123,0,1,0.022428,1,0,1,108.511884820465,1,4.85511408860196,628,1,10.6359996795654,35.2389984130859,0.0224280003458261,0.0072127073071897,104.63639831543,-87.741,26.1135,36.2591612536323,63,63,63,63,61,63,0,8045,1.29563008188212,26,-88,0.001869,51,2026-09-23 01:07:21.000117,628,1.037,0.0011,"aoml_navis",1029.84191694654
"7901009",123,0,1,0.028035,1,0.005607,1,108.451223751146,1,4.8550556568547,630,1,10.58899974823,35.2319984436035,0.0280349999666214,0.0115403309464455,104.577903747559,-87.741,26.1135,36.2591612536323,63,63,63,63,61,63,0,8045,1.29563008188212,26,-88,0.001869,51,2026-09-23 01:07:21.000117,630,1.037,0.0011,"aoml_navis",1029.85431133846
"7901009",123,0,1,0.024297,1,0.001869,1,108.371059677279,1,4.8550052416253,632,1,10.5550003051758,35.226001739502,0.0242970008403063,0.0086552482098341,104.500602722168,-87.741,26.1135,36.2591612536323,63,63,63,63,61,63,0,8045,1.29563008188212,26,-88,0.001869,51,2026-09-23 01:07:21.000117,632,1.037,0.0011,"aoml_navis",1029.86500552699
"7901009",123,0,1,0.028035,1,0.005607,1,108.418760940736,1,4.85492771336338,634,1,10.4739999771118,35.2159996032715,0.0280349999666214,0.0115403309464455,104.546600341797,-87.741,26.1135,36.2591612536323,63,63,63,63,61,63,0,8045,1.29563008188212,26,-88,0.001869,51,2026-09-23 01:07:21.000117,634,1.037,0.0011,"aoml_navis",1029.88145142456
"7901009",123,0,1,0.028035,1,0.005607,1,108.565915659434,1,4.85484223141424,636,1,10.3629999160767,35.201000213623,0.0280349999666214,0.0115403309464455,104.688499450684,-87.741,26.1135,36.2591612536323,63,63,63,63,61,63,0,8045,1.29563008188212,26,-88,0.001869,51,2026-09-23 01:07:21.000117,636,1.037,0.0011,"aoml_navis",1029.89958512894
"7901009",123,0,1,0.026166,1,0.003738,1,108.599929215844,1,4.85477316129299,638,1,10.2950000762939,35.1920013427734,0.0261659994721413,0.0100977895781398,104.721298217773,-87.741,26.1135,36.2591612536323,63,63,63,63,61,63,0,8045,1.29563008188212,26,-88,0.001869,51,2026-09-23 01:07:21.000117,638,1.037,0.0011,"aoml_navis",1029.91423777838
"7901009",123,0,1,0.024297,1,0.001869,1,108.738689335018,1,4.85468954950105,640,1,10.206000328064,35.181999206543,0.0242970008403063,0.0086552482098341,104.855102539062,-87.741,26.1135,36.2591612536323,63,63,63,63,61,63,0,8045,1.29563008188212,26,-88,0.001869,51,2026-09-23 01:07:21.000117,640,1.037,0.0011,"aoml_navis",1029.93197587967
"7901009",123,0,1,0.028035,1,0.005607,1,108.715143314112,1,4.85464708833587,642,1,10.1929998397827,35.1790008544922,0.0280349999666214,0.0115403309464455,104.832397460938,-87.741,26.1135,36.2591612536323,63,63,63,63,61,63,0,8045,1.29563008188212,26,-88,0.001869,51,2026-09-23 01:07:21.000117,642,1.037,0.0011,"aoml_navis",1029.94098417851
"7901009",123,0,1,0.029904,1,0.007476,1,108.680718335293,1,4.85460289726138,644,1,10.1780004501343,35.1759986877441,0.0299040004611015,0.0129828732460737,104.799201965332,-87.741,26.1135,36.2591612536323,63,63,63,63,61,63,0,8045,1.29563008188212,26,-88,0.001869,51,2026-09-23 01:07:21.000117,644,1.037,0.0011,"aoml_navis",1029.95035965159
"7901009",123,0,1,0.029904,1,0.007476,1,108.649814182853,1,4.85455448590196,646,1,10.1540002822876,35.1720008850098,0.0299040004611015,0.0129828732460737,104.769401550293,-87.741,26.1135,36.2591612536323,63,63,63,63,61,63,0,8045,1.29563008188212,26,-88,0.001869,51,2026-09-23 01:07:21.000117,646,1.037,0.0011,"aoml_navis",1029.96063068618
"7901009",123,0,1,0.029904,1,0.007476,1,108.781722536534,1,4.85448828720483,648,1,10.0970001220703,35.1650009155273,0.0299040004611015,0.0129828732460737,104.896598815918,-87.741,26.1135,36.2591612536323,63,63,63,63,61,63,0,8045,1.29563008188212,26,-88,0.001869,51,2026-09-23 01:07:21.000117,648,1.037,0.0011,"aoml_navis",1029.97467584353
"7901009",123,0,1,0.024297,1,0.001869,1,108.973366259116,1,4.85441187184238,650,1,10.0069999694824,35.1529998779297,0.0242970008403063,0.0086552482098341,105.081398010254,-87.741,26.1135,36.2591612536323,63,63,63,63,61,63,0,8045,1.29563008188212,26,-88,0.001869,51,2026-09-23 01:07:21.000117,650,1.037,0.0011,"aoml_navis",1029.99088911307
"7901009",123,0,1,0.028035,1,0.005607,1,109.020141822154,1,4.85434643435374,652,1,9.94200038909912,35.1440010070801,0.0280349999666214,0.0115403309464455,105.126502990723,-87.741,26.1135,36.2591612536323,63,63,63,63,61,63,0,8045,1.29563008188212,26,-88,0.001869,51,2026-09-23 01:07:21.000117,652,1.037,0.0011,"aoml_navis",1030.00477358095
"7901009",123,0,1,0.024297,1,0.001869,1,109.101753786419,1,4.85427838287462,654,1,9.87800025939941,35.1360015869141,0.0242970008403063,0.0086552482098341,105.205200195312,-87.741,26.1135,36.2591612536323,63,63,63,63,61,63,0,8045,1.29563008188212,26,-88,0.001869,51,2026-09-23 01:07:21.000117,654,1.037,0.0011,"aoml_navis",1030.01921308005
"7901009",123,0,1,0.024297,1,0.001869,1,109.030506502056,1,4.85422102220357,656,1,9.83899974822998,35.1310005187988,0.0242970008403063,0.0086552482098341,105.136497497559,-87.741,26.1135,36.2591612536323,63,63,63,63,61,63,0,8045,1.29563008188212,26,-88,0.001869,51,2026-09-23 01:07:21.000117,656,1.037,0.0011,"aoml_navis",1030.03138446511
"7901009",123,0,1,0.024297,1,0.001869,1,108.848507470161,1,4.85417100840663,658,1,9.81700038909912,35.1279983520508,0.0242970008403063,0.0086552482098341,104.960998535156,-87.741,26.1135,36.2591612536323,63,63,63,63,61,63,0,8045,1.29563008188212,26,-88,0.001869,51,2026-09-23 01:07:21.000117,658,1.037,0.0011,"aoml_navis",1030.0419971486
"7901009",123,0,1,0.028035,1,0.005607,1,108.759845941169,1,4.85410235081764,660,1,9.76900005340576,35.1240005493164,0.0280349999666214,0.0115403309464455,104.875503540039,-87.741,26.1135,36.2591612536323,63,63,63,63,61,63,0,8045,1.29563008188212,26,-88,0.001869,51,2026-09-23 01:07:21.000117,660,1.037,0.0011,"aoml_navis",1030.05656630989
"7901009",123,0,1,0.029904,1,0.007476,1,108.712453244519,1,4.85405496520507,662,1,9.75,35.1209983825684,0.0299040004611015,0.0129828732460737,104.829803466797,-87.741,26.1135,36.2591612536323,63,63,63,63,61,63,0,8045,1.29563008188212,26,-88,0.001869,51,2026-09-23 01:07:21.000117,662,1.037,0.0011,"aoml_navis",1030.0666217917
"7901009",123,0,1,0.026166,1,0.003738,1,108.796866045948,1,4.85400867168392,664,1,9.72799968719482,35.117000579834,0.0261659994721413,0.0100977895781398,104.911201477051,-87.741,26.1135,36.2591612536323,63,63,63,63,61,63,0,8045,1.29563008188212,26,-88,0.001869,51,2026-09-23 01:07:21.000117,664,1.037,0.0011,"aoml_navis",1030.07644571542
"7901009",123,0,1,0.026166,1,0.003738,1,109.168230153239,1,4.85395899159619,666,1,9.70199966430664,35.1129989624023,0.0261659994721413,0.0100977895781398,105.269302368164,-87.741,26.1135,36.2591612536323,63,63,63,63,61,63,0,8045,1.29563008188212,26,-88,0.001869,51,2026-09-23 01:07:21.000117,666,1.037,0.0011,"aoml_navis",1030.0869885091
"7901009",123,0,1,0.026166,1,0.003738,1,109.764729349543,1,4.85389924761719,668,1,9.64700031280518,35.1049995422363,0.0261659994721413,0.0100977895781398,105.844497680664,-87.741,26.1135,36.2591612536323,63,63,63,63,61,63,0,8045,1.29563008188212,26,-88,0.001869,51,2026-09-23 01:07:21.000117,668,1.037,0.0011,"aoml_navis",1030.09966728389
"7901009",123,0,1,0.026166,1,0.003738,1,110.312079391992,1,4.85383852165073,670,1,9.59500026702881,35.0979995727539,0.0261659994721413,0.0100977895781398,106.372299194336,-87.741,26.1135,36.2591612536323,63,63,63,63,61,63,0,8045,1.29563008188212,26,-88,0.001869,51,2026-09-23 01:07:21.000117,670,1.037,0.0011,"aoml_navis",1030.11255477439
"7901009",123,0,1,0.029904,1,0.007476,1,110.800833389133,1,4.85375615611963,672,1,9.5,35.0870018005371,0.0299040004611015,0.0129828732460737,106.843597412109,-87.741,26.1135,36.2591612536323,63,63,63,63,61,63,0,8045,1.29563008188212,26,-88,0.001869,51,2026-09-23 01:07:21.000117,672,1.037,0.0011,"aoml_navis",1030.13003520912
"7901009",123,0,1,0.031773,1,0.009345,1,110.794923147998,1,4.85370377251355,673.900024414062,1,9.45499992370605,35.0800018310547,0.0317730009555817,0.0144254146143794,106.837898254395,-87.741,26.1135,36.2591612536323,63,63,63,63,61,63,0,8045,1.29563008188212,26,-88,0.001869,51,2026-09-23 01:07:21.000117,673.900024414062,1.037,0.0011,"aoml_navis",1030.14115288925
"7901009",123,0,1,0.028035,1,0.005607,1,110.606491684989,1,4.85364751261281,676,1,9.41899967193604,35.0750007629395,0.0280349999666214,0.0115403309464455,106.656196594238,-87.741,26.1135,36.2591612536323,63,63,63,63,61,63,0,8045,1.29563008188212,26,-88,0.001869,51,2026-09-23 01:07:21.000117,676,1.037,0.0011,"aoml_navis",1030.15309352541
"7901009",123,0,1,0.035511,1,0.013083,1,110.234921866494,1,4.85359257195864,678,1,9.38199996948242,35.0699996948242,0.0355109982192516,0.0173104964196682,106.297897338867,-87.741,26.1135,36.2591612536323,63,63,63,63,61,63,0,8045,1.29563008188212,26,-88,0.001869,51,2026-09-23 01:07:21.000117,678,1.037,0.0011,"aoml_navis",1030.16475443102
"7901009",123,0,1,0.031773,1,0.009345,1,109.695460057528,1,4.85353789845481,680,1,9.35400009155273,35.0670013427734,0.0317730009555817,0.0144254146143794,105.777702331543,-87.741,26.1135,36.2591612536323,63,63,63,63,61,63,0,8045,1.29563008188212,26,-88,0.001869,51,2026-09-23 01:07:21.000117,680,1.037,0.0011,"aoml_navis",1030.17635889725
"7901009",123,0,1,0.033642,1,0.011214,1,109.118242330629,1,4.85347751661136,682,1,9.34099960327148,35.0690002441406,0.0336420014500618,0.0158679541200399,105.221099853516,-87.741,26.1135,36.2591612536323,63,63,63,63,61,63,0,8045,1.29563008188212,26,-88,0.001869,51,2026-09-23 01:07:21.000117,682,1.037,0.0011,"aoml_navis",1030.18917526395
"7901009",123,0,1,0.031773,1,0.009345,1,108.999293782809,1,4.85341807320785,684,1,9.31599998474121,35.068000793457,0.0317730009555817,0.0144254146143794,105.106399536133,-87.741,26.1135,36.2591612536323,63,63,63,63,61,63,0,8045,1.29563008188212,26,-88,0.001869,51,2026-09-23 01:07:21.000117,684,1.037,0.0011,"aoml_navis",1030.2017927533
"7901009",123,0,1,0.031773,1,0.009345,1,108.687562188816,1,4.85336315276563,686,1,9.29199981689453,35.0660018920898,0.0317730009555817,0.0144254146143794,104.805801391602,-87.741,26.1135,36.2591612536323,63,63,63,63,61,63,0,8045,1.29563008188212,26,-88,0.001869,51,2026-09-23 01:07:21.000117,686,1.037,0.0011,"aoml_navis",1030.2134504711
"7901009",123,0,1,0.029904,1,0.007476,1,108.445827788022,1,4.85329842072336,688,1,9.26500034332275,35.0660018920898,0.0299040004611015,0.0129828732460737,104.572700500488,-87.741,26.1135,36.2591612536323,63,63,63,63,61,63,0,8045,1.29563008188212,26,-88,0.001869,51,2026-09-23 01:07:21.000117,688,1.037,0.0011,"aoml_navis",1030.22719119233
"7901009",123,0,1,0.031773,1,0.009345,1,108.268805384874,1,4.85325158860917,690,1,9.25500011444092,35.064998626709,0.0317730009555817,0.0144254146143794,104.402000427246,-87.741,26.1135,36.2591612536323,63,63,63,63,61,63,0,8045,1.29563008188212,26,-88,0.001869,51,2026-09-23 01:07:21.000117,690,1.037,0.0011,"aoml_navis",1030.23713251035
"7901009",123,0,1,0.029904,1,0.007476,1,107.995027508048,1,4.85320725206922,692,1,9.2480001449585,35.0639991760254,0.0299040004611015,0.0129828732460737,104.138000488281,-87.741,26.1135,36.2591612536323,63,63,63,63,61,63,0,8045,1.29563008188212,26,-88,0.001869,51,2026-09-23 01:07:21.000117,692,1.037,0.0011,"aoml_navis",1030.24654425549
"7901009",123,0,1,0.022428,1,0,1,107.677797095327,1,4.85315591491807,694,1,9.23700046539307,35.0639991760254,0.0224280003458261,0.0072127073071897,103.832099914551,-87.741,26.1135,36.2591612536323,63,63,63,63,61,63,0,8045,1.29563008188212,26,-88,0.001869,51,2026-09-23 01:07:21.000117,694,1.037,0.0011,"aoml_navis",1030.25744230276
"7901009",123,0,1,0.028035,1,0.005607,1,107.601367471013,1,4.85309573165847,696,1,9.21100044250488,35.0629997253418,0.0280349999666214,0.0115403309464455,103.758399963379,-87.741,26.1135,36.2591612536323,63,63,63,63,61,63,0,8045,1.29563008188212,26,-88,0.001869,51,2026-09-23 01:07:21.000117,696,1.037,0.0011,"aoml_navis",1030.27021852943
"7901009",123,0,1,0.031773,1,0.009345,1,107.462195929431,1,4.8530442345843,698,1,9.19099998474121,35.0610008239746,0.0317730009555817,0.0144254146143794,103.624198913574,-87.741,26.1135,36.2591612536323,63,63,63,63,61,63,0,8045,1.29563008188212,26,-88,0.001869,51,2026-09-23 01:07:21.000117,698,1.037,0.0011,"aoml_navis",1030.28115102855
"7901009",123,0,1,0.028035,1,0.005607,1,107.425690102662,1,4.85299491696013,700,1,9.17800045013428,35.060001373291,0.0280349999666214,0.0115403309464455,103.588996887207,-87.741,26.1135,36.2591612536323,63,63,63,63,61,63,0,8045,1.29563008188212,26,-88,0.001869,51,2026-09-23 01:07:21.000117,700,1.037,0.0011,"aoml_navis",1030.2916210619
"7901009",123,0,1,0.028035,1,0.005607,1,107.488534875532,1,4.85292966259783,702,1,9.13700008392334,35.056999206543,0.0280349999666214,0.0115403309464455,103.649597167969,-87.741,26.1135,36.2591612536323,63,63,63,63,61,63,0,8045,1.29563008188212,26,-88,0.001869,51,2026-09-23 01:07:21.000117,702,1.037,0.0011,"aoml_navis",1030.30547476005
"7901009",123,0,1,0.029904,1,0.007476,1,107.539978500511,1,4.85287642008138,704,1,9.10599994659424,35.0530014038086,0.0299040004611015,0.0129828732460737,103.699203491211,-87.741,26.1135,36.2591612536323,63,63,63,63,61,63,0,8045,1.29563008188212,26,-88,0.001869,51,2026-09-23 01:07:21.000117,704,1.037,0.0011,"aoml_navis",1030.31677858307
"7901009",123,0,1,0.029904,1,0.007476,1,107.629265075085,1,4.85281873821557,706,1,9.07400035858154,35.0499992370605,0.0299040004611015,0.0129828732460737,103.785301208496,-87.741,26.1135,36.2591612536323,63,63,63,63,61,63,0,8045,1.29563008188212,26,-88,0.001869,51,2026-09-23 01:07:21.000117,706,1.037,0.0011,"aoml_navis",1030.3290251963
"7901009",123,0,1,0.029904,1,0.007476,1,107.988697932535,1,4.85276015819152,708,1,9.0319995880127,35.0449981689453,0.0299040004611015,0.0129828732460737,104.131896972656,-87.741,26.1135,36.2591612536323,63,63,63,63,61,63,0,8045,1.29563008188212,26,-88,0.001869,51,2026-09-23 01:07:21.000117,708,1.037,0.0011,"aoml_navis",1030.34146279822
"7901009",123,0,1,0.026166,1,0.003738,1,108.58271277045,1,4.85268223558754,710,1,8.96199989318848,35.0390014648438,0.0261659994721413,0.0100977895781398,104.704696655273,-87.741,26.1135,36.2591612536323,63,63,63,63,61,63,0,8045,1.29563008188212,26,-88,0.001869,51,2026-09-23 01:07:21.000117,710,1.037,0.0011,"aoml_navis",1030.35800764618
"7901009",123,0,1,0.026166,1,0.003738,1,109.043885642295,1,4.85263322169273,712,1,8.91800022125244,35.0309982299805,0.0261659994721413,0.0100977895781398,105.149398803711,-87.741,26.1135,36.2591612536323,63,63,63,63,61,63,0,8045,1.29563008188212,26,-88,0.001869,51,2026-09-23 01:07:21.000117,712,1.037,0.0011,"aoml_navis",1030.36841475026
"7901009",123,0,1,0.026166,1,0.003738,1,109.570284789797,1,4.8525921776164,714,1,8.9060001373291,35.0279998779297,0.0261659994721413,0.0100977895781398,105.656997680664,-87.741,26.1135,36.2591612536323,63,63,63,63,61,63,0,8045,1.29563008188212,26,-88,0.001869,51,2026-09-23 01:07:21.000117,714,1.037,0.0011,"aoml_navis",1030.37712978716
"7901009",123,0,1,0.028035,1,0.005607,1,110.331163062162,1,4.85253841935154,716,1,8.87399959564209,35.023998260498,0.0280349999666214,0.0115403309464455,106.390701293945,-87.741,26.1135,36.2591612536323,63,63,63,63,61,63,0,8045,1.29563008188212,26,-88,0.001869,51,2026-09-23 01:07:21.000117,716,1.037,0.0011,"aoml_navis",1030.38854469661
"7901009",123,0,1,0.028035,1,0.005607,1,111.200095100496,1,4.85247604610378,718,1,8.80000019073486,35.0130004882812,0.0280349999666214,0.0115403309464455,107.22859954834,-87.741,26.1135,36.2591612536323,63,63,63,63,61,63,0,8045,1.29563008188212,26,-88,0.001869,51,2026-09-23 01:07:21.000117,718,1.037,0.0011,"aoml_navis",1030.40178920917
"7901009",123,0,1,0.026166,1,0.003738,1,111.893974816061,1,4.85242202650418,720,1,8.75399971008301,35.0060005187988,0.0261659994721413,0.0100977895781398,107.89769744873,-87.741,26.1135,36.2591612536323,63,63,63,63,61,63,0,8045,1.29563008188212,26,-88,0.001869,51,2026-09-23 01:07:21.000117,720,1.037,0.0011,"aoml_navis",1030.41326015951
"7901009",123,0,1,0.026166,1,0.003738,1,112.541292591761,1,4.85233264886542,722,1,8.62800025939941,34.9910011291504,0.0261659994721413,0.0100977895781398,108.521896362305,-87.741,26.1135,36.2591612536323,63,63,63,63,61,63,0,8045,1.29563008188212,26,-88,0.001869,51,2026-09-23 01:07:21.000117,722,1.037,0.0011,"aoml_navis",1030.43223987727
"7901009",123,0,1,0.029904,1,0.007476,1,112.856655779705,1,4.85227297764242,724,1,8.56999969482422,34.9830017089844,0.0299040004611015,0.0129828732460737,108.825996398926,-87.741,26.1135,36.2591612536323,63,63,63,63,61,63,0,8045,1.29563008188212,26,-88,0.001869,51,2026-09-23 01:07:21.000117,724,1.037,0.0011,"aoml_navis",1030.44491170185
"7901009",123,0,1,0.029904,1,0.007476,1,113.101610352041,1,4.85221334632828,726,1,8.52099990844727,34.9770011901855,0.0299040004611015,0.0129828732460737,109.062202453613,-87.741,26.1135,36.2591612536323,63,63,63,63,61,63,0,8045,1.29563008188212,26,-88,0.001869,51,2026-09-23 01:07:21.000117,726,1.037,0.0011,"aoml_navis",1030.4575753627
"7901009",123,0,1,0.031773,1,0.009345,1,113.344167597652,1,4.8521593038677,728,1,8.48799991607666,34.9729995727539,0.0317730009555817,0.0144254146143794,109.296096801758,-87.741,26.1135,36.2591612536323,63,63,63,63,61,63,0,8045,1.29563008188212,26,-88,0.001869,51,2026-09-23 01:07:21.000117,728,1.037,0.0011,"aoml_navis",1030.46905241022
"7901009",123,0,1,0.028035,1,0.005607,1,113.549712650453,1,4.85210224221248,730,1,8.44200038909912,34.9669990539551,0.0280349999666214,0.0115403309464455,109.494300842285,-87.741,26.1135,36.2591612536323,63,63,63,63,61,63,0,8045,1.29563008188212,26,-88,0.001869,51,2026-09-23 01:07:21.000117,730,1.037,0.0011,"aoml_navis",1030.4811709244
"7901009",123,0,1,0.031773,1,0.009345,1,113.668661198272,1,4.85205547913261,732,1,8.41800022125244,34.9630012512207,0.0317730009555817,0.0144254146143794,109.609001159668,-87.741,26.1135,36.2591612536323,63,63,63,63,61,63,0,8045,1.29563008188212,26,-88,0.001869,51,2026-09-23 01:07:21.000117,732,1.037,0.0011,"aoml_navis",1030.49110248299
"7901009",123,0,1,0.029904,1,0.007476,1,113.84361066544,1,4.85198484313512,734,1,8.36400032043457,34.9589996337891,0.0299040004611015,0.0129828732460737,109.777702331543,-87.741,26.1135,36.2591612536323,63,63,63,63,61,63,0,8045,1.29563008188212,26,-88,0.001869,51,2026-09-23 01:07:21.000117,734,1.037,0.0011,"aoml_navis",1030.50610454282
"7901009",123,0,1,0.029904,1,0.007476,1,113.984332953023,1,4.8519224641798,736,1,8.31099987030029,34.9529991149902,0.0299040004611015,0.0129828732460737,109.913398742676,-87.741,26.1135,36.2591612536323,63,63,63,63,61,63,0,8045,1.29563008188212,26,-88,0.001869,51,2026-09-23 01:07:21.000117,736,1.037,0.0011,"aoml_navis",1030.51935329004
"7901009",123,0,1,0.029904,1,0.007476,1,113.966080039638,1,4.85186531782966,738,1,8.28299999237061,34.951000213623,0.0299040004611015,0.0129828732460737,109.895797729492,-87.741,26.1135,36.2591612536323,63,63,63,63,61,63,0,8045,1.29563008188212,26,-88,0.001869,51,2026-09-23 01:07:21.000117,738,1.037,0.0011,"aoml_navis",1030.53149097646
"7901009",123,0,1,0.026166,1,0.003738,1,113.949591495428,1,4.85181482599877,740,1,8.26799964904785,34.9500007629395,0.0261659994721413,0.0100977895781398,109.879898071289,-87.741,26.1135,36.2591612536323,63,63,63,63,61,63,0,8045,1.29563008188212,26,-88,0.001869,51,2026-09-23 01:07:21.000117,740,1.037,0.0011,"aoml_navis",1030.54221550401
"7901009",123,0,1,0.029904,1,0.007476,1,114.124335251391,1,4.85175621228233,742,1,8.2519998550415,34.951000213623,0.0299040004611015,0.0129828732460737,110.048400878906,-87.741,26.1135,36.2591612536323,63,63,63,63,61,63,0,8045,1.29563008188212,26,-88,0.001869,51,2026-09-23 01:07:21.000117,742,1.037,0.0011,"aoml_navis",1030.5546654101
"7901009",123,0,1,0.029904,1,0.007476,1,114.491545574752,1,4.85168279115349,744,1,8.19400024414062,34.9469985961914,0.0299040004611015,0.0129828732460737,110.402496337891,-87.741,26.1135,36.2591612536323,63,63,63,63,61,63,0,8045,1.29563008188212,26,-88,0.001869,51,2026-09-23 01:07:21.000117,744,1.037,0.0011,"aoml_navis",1030.5702609241
"7901009",123,0,1,0.031773,1,0.009345,1,114.833769898778,1,4.85161553062073,746,1,8.13899993896484,34.9420013427734,0.0317730009555817,0.0144254146143794,110.732498168945,-87.741,26.1135,36.2591612536323,63,63,63,63,61,63,0,8045,1.29563008188212,26,-88,0.001869,51,2026-09-23 01:07:21.000117,746,1.037,0.0011,"aoml_navis",1030.58454826908
"7901009",123,0,1,0.029904,1,0.007476,1,115.033088231668,1,4.85157089964672,748,1,8.12199974060059,34.9389991760254,0.0299040004611015,0.0129828732460737,110.924697875977,-87.741,26.1135,36.2591612536323,63,63,63,63,61,63,0,8045,1.29563008188212,26,-88,0.001869,51,2026-09-23 01:07:21.000117,748,1.037,0.0011,"aoml_navis",1030.59402890806
"7901009",123,0,1,0.031773,1,0.009345,1,115.167386000106,1,4.85152338037603,750,1,8.10599994659424,34.9370002746582,0.0317730009555817,0.0144254146143794,111.05419921875,-87.741,26.1135,36.2591612536323,63,63,63,63,61,63,0,8045,1.29563008188212,26,-88,0.001869,51,2026-09-23 01:07:21.000117,750,1.037,0.0011,"aoml_navis",1030.604123279
"7901009",123,0,1,0.035511,1,0.013083,1,115.334249434556,1,4.85146410682803,752,1,8.07499980926514,34.935001373291,0.0355109982192516,0.0173104964196682,111.215103149414,-87.741,26.1135,36.2591612536323,63,63,63,63,61,63,0,8045,1.29563008188212,26,-88,0.001869,51,2026-09-23 01:07:21.000117,752,1.037,0.0011,"aoml_navis",1030.61671485169
"7901009",123,0,1,0.031773,1,0.009345,1,115.411501903687,1,4.85140307953053,754,1,8.03699970245361,34.931999206543,0.0317730009555817,0.0144254146143794,111.289596557617,-87.741,26.1135,36.2591612536323,63,63,63,63,61,63,0,8045,1.29563008188212,26,-88,0.001869,51,2026-09-23 01:07:21.000117,754,1.037,0.0011,"aoml_navis",1030.62967929761
"7901009",123,0,1,0.029904,1,0.007476,1,115.362867027842,1,4.8513535026845,756,1,8.02299976348877,34.9309997558594,0.0299040004611015,0.0129828732460737,111.242698669434,-87.741,26.1135,36.2591612536323,63,63,63,63,61,63,0,8045,1.29563008188212,26,-88,0.001869,51,2026-09-23 01:07:21.000117,756,1.037,0.0011,"aoml_navis",1030.64021148598
"7901009",123,0,1,0.029904,1,0.007476,1,115.376349023684,1,4.85130260608643,758,1,8.01200008392334,34.9309997558594,0.0299040004611015,0.0129828732460737,111.255699157715,-87.741,26.1135,36.2591612536323,63,63,63,63,61,63,0,8045,1.29563008188212,26,-88,0.001869,51,2026-09-23 01:07:21.000117,758,1.037,0.0011,"aoml_navis",1030.65102426862
"7901009",123,0,1,0.033642,1,0.011214,1,115.464496274665,1,4.85125850854416,760,1,8.00500011444092,34.9300003051758,0.0336420014500618,0.0158679541200399,111.340698242188,-87.741,26.1135,36.2591612536323,63,63,63,63,61,63,0,8045,1.29563008188212,26,-88,0.001869,51,2026-09-23 01:07:21.000117,760,1.037,0.0011,"aoml_navis",1030.66039280196
"7901009",123,0,1,0.029904,1,0.007476,1,115.67999458496,1,4.85121050873536,762,1,7.99300003051758,34.9290008544922,0.0299040004611015,0.0129828732460737,111.548500061035,-87.741,26.1135,36.2591612536323,63,63,63,63,61,63,0,8045,1.29563008188212,26,-88,0.001869,51,2026-09-23 01:07:21.000117,762,1.037,0.0011,"aoml_navis",1030.67059056636
"7901009",123,0,1,0.031773,1,0.009345,1,116.000540112855,1,4.8511467047529,764,1,7.95599985122681,34.9269981384277,0.0317730009555817,0.0144254146143794,111.857597351074,-87.741,26.1135,36.2591612536323,63,63,63,63,61,63,0,8045,1.29563008188212,26,-88,0.001869,51,2026-09-23 01:07:21.000117,764,1.037,0.0011,"aoml_navis",1030.68414630736
"7901009",123,0,1,0.028035,1,0.005607,1,116.385077649182,1,4.85109594776529,766,1,7.93100023269653,34.923999786377,0.0280349999666214,0.0115403309464455,112.228401184082,-87.741,26.1135,36.2591612536323,63,63,63,63,61,63,0,8045,1.29563008188212,26,-88,0.001869,51,2026-09-23 01:07:21.000117,766,1.037,0.0011,"aoml_navis",1030.69493034936
"7901009",123,0,1,0.024297,1,0.001869,1,116.935845662407,1,4.85102307774085,768,1,7.86800003051758,34.9189987182617,0.0242970008403063,0.0086552482098341,112.759498596191,-87.741,26.1135,36.2591612536323,63,63,63,63,61,63,0,8045,1.29563008188212,26,-88,0.001869,51,2026-09-23 01:07:21.000117,768,1.037,0.0011,"aoml_navis",1030.71041301427
"7901009",123,0,1,0.029904,1,0.007476,1,117.431759991847,1,4.85095828760203,770,1,7.82000017166138,34.9150009155273,0.0299040004611015,0.0129828732460737,113.237701416016,-87.741,26.1135,36.2591612536323,63,63,63,63,61,63,0,8045,1.29563008188212,26,-88,0.001869,51,2026-09-23 01:07:21.000117,770,1.037,0.0011,"aoml_navis",1030.72417933976
"7901009",123,0,1,0.029904,1,0.007476,1,117.914192325445,1,4.85089592276981,772,1,7.77500009536743,34.9109992980957,0.0299040004611015,0.0129828732460737,113.702903747559,-87.741,26.1135,36.2591612536323,63,63,63,63,61,63,0,8045,1.29563008188212,26,-88,0.001869,51,2026-09-23 01:07:21.000117,772,1.037,0.0011,"aoml_navis",1030.73743069405
"7901009",123,0,1,0.028035,1,0.005607,1,118.20953823083,1,4.85082886014864,774,1,7.7189998626709,34.9059982299805,0.0280349999666214,0.0115403309464455,113.987701416016,-87.741,26.1135,36.2591612536323,63,63,63,63,61,63,0,8045,1.29563008188212,26,-88,0.001869,51,2026-09-23 01:07:21.000117,774,1.037,0.0011,"aoml_navis",1030.75168062037
"7901009",123,0,1,0.031773,1,0.009345,1,118.327030976282,1,4.85077313492537,776,1,7.69199991226196,34.9039993286133,0.0317730009555817,0.0144254146143794,114.100997924805,-87.741,26.1135,36.2591612536323,63,63,63,63,61,63,0,8045,1.29563008188212,26,-88,0.001869,51,2026-09-23 01:07:21.000117,776,1.037,0.0011,"aoml_navis",1030.76352179825
"7901009",123,0,1,0.026166,1,0.003738,1,118.497415237111,1,4.85070595069133,778,1,7.65000009536743,34.9020004272461,0.0261659994721413,0.0100977895781398,114.265296936035,-87.741,26.1135,36.2591612536323,63,63,63,63,61,63,0,8045,1.29563008188212,26,-88,0.001869,51,2026-09-23 01:07:21.000117,778,1.037,0.0011,"aoml_navis",1030.7777982888
"7901009",123,0,1,0.029904,1,0.007476,1,118.603198267865,1,4.85065917009118,780,1,7.64900016784668,34.9029998779297,0.0299040004611015,0.0129828732460737,114.367301940918,-87.741,26.1135,36.2591612536323,63,63,63,63,61,63,0,8045,1.29563008188212,26,-88,0.001869,51,2026-09-23 01:07:21.000117,780,1.037,0.0011,"aoml_navis",1030.78773928905
"7901009",123,0,1,0.031773,1,0.009345,1,118.879879837458,1,4.85061498955684,782,1,7.63700008392334,34.9010009765625,0.0317730009555817,0.0144254146143794,114.634101867676,-87.741,26.1135,36.2591612536323,63,63,63,63,61,63,0,8045,1.29563008188212,26,-88,0.001869,51,2026-09-23 01:07:21.000117,782,1.037,0.0011,"aoml_navis",1030.79712794456
"7901009",123,0,1,0.026166,1,0.003738,1,119.255184105505,1,4.85055616004685,784,1,7.60099983215332,34.8979988098145,0.0261659994721413,0.0100977895781398,114.996002197266,-87.741,26.1135,36.2591612536323,63,63,63,63,61,63,0,8045,1.29563008188212,26,-88,0.001869,51,2026-09-23 01:07:21.000117,784,1.037,0.0011,"aoml_navis",1030.80962986968
"7901009",123,0,1,0.033642,1,0.011214,1,119.429714238295,1,4.85049307219357,786,1,7.56899976730347,34.8969993591309,0.0336420014500618,0.0158679541200399,115.16429901123,-87.741,26.1135,36.2591612536323,63,63,63,63,61,63,0,8045,1.29563008188212,26,-88,0.001869,51,2026-09-23 01:07:21.000117,786,1.037,0.0011,"aoml_navis",1030.8230370771
"7901009",123,0,1,0.028035,1,0.005607,1,119.87387637595,1,4.85043611379929,788,1,7.54500007629395,34.8959999084473,0.0280349999666214,0.0115403309464455,115.592597961426,-87.741,26.1135,36.2591612536323,63,63,63,63,61,63,0,8045,1.29563008188212,26,-88,0.001869,51,2026-09-23 01:07:21.000117,788,1.037,0.0011,"aoml_navis",1030.83514197315
"7901009",123,0,1,0.029904,1,0.007476,1,120.36719557943,1,4.85037360643111,790,1,7.50400018692017,34.8930015563965,0.0299040004611015,0.0129828732460737,116.068298339844,-87.741,26.1135,36.2591612536323,63,63,63,63,61,63,0,8045,1.29563008188212,26,-88,0.001869,51,2026-09-23 01:07:21.000117,790,1.037,0.0011,"aoml_navis",1030.84842647389
"7901009",123,0,1,0.029904,1,0.007476,1,120.907393201549,1,4.85032179460969,792,1,7.47700023651123,34.8899993896484,0.0299040004611015,0.0129828732460737,116.589202880859,-87.741,26.1135,36.2591612536323,63,63,63,63,61,63,0,8045,1.29563008188212,26,-88,0.001869,51,2026-09-23 01:07:21.000117,792,1.037,0.0011,"aoml_navis",1030.85943814216
"7901009",123,0,1,0.033642,1,0.011214,1,121.671270110313,1,4.85026231968893,794,1,7.43499994277954,34.8860015869141,0.0336420014500618,0.0158679541200399,117.325798034668,-87.741,26.1135,36.2591612536323,63,63,63,63,61,63,0,8045,1.29563008188212,26,-88,0.001869,51,2026-09-23 01:07:21.000117,794,1.037,0.0011,"aoml_navis",1030.87207875401
"7901009",123,0,1,0.029904,1,0.007476,1,122.376147463331,1,4.85017571469808,796,1,7.35200023651123,34.8810005187988,0.0299040004611015,0.0129828732460737,118.005500793457,-87.741,26.1135,36.2591612536323,63,63,63,63,61,63,0,8045,1.29563008188212,26,-88,0.001869,51,2026-09-23 01:07:21.000117,796,1.037,0.0011,"aoml_navis",1030.89048605969
"7901009",123,0,1,0.029904,1,0.007476,1,122.612691612205,1,4.85010747724354,798,1,7.2979998588562,34.8769989013672,0.0299040004611015,0.0129828732460737,118.233596801758,-87.741,26.1135,36.2591612536323,63,63,63,63,61,63,0,8045,1.29563008188212,26,-88,0.001869,51,2026-09-23 01:07:21.000117,798,1.037,0.0011,"aoml_navis",1030.90498993264
"7901009",123,0,1,0.029904,1,0.007476,1,122.51666403971,1,4.85004267724172,800,1,7.27299976348877,34.8779983520508,0.0299040004611015,0.0129828732460737,118.140998840332,-87.741,26.1135,36.2591612536323,63,63,63,63,61,63,0,8045,1.29563008188212,26,-88,0.001869,51,2026-09-23 01:07:21.000117,800,1.037,0.0011,"aoml_navis",1030.91876355273
"7901009",123,0,1,0.031773,1,0.009345,1,122.816266584627,1,4.8499840083877,802,1,7.26599979400635,34.8810005187988,0.0317730009555817,0.0144254146143794,118.429901123047,-87.741,26.1135,36.2591612536323,63,63,63,63,61,63,0,8045,1.29563008188212,26,-88,0.001869,51,2026-09-23 01:07:21.000117,802,1.037,0.0011,"aoml_navis",1030.93123427889
"7901009",123,0,1,0.031773,1,0.009345,1,123.45446185962,1,4.84992727143856,804,1,7.23699998855591,34.8790016174316,0.0317730009555817,0.0144254146143794,119.045303344727,-87.741,26.1135,36.2591612536323,63,63,63,63,61,63,0,8045,1.29563008188212,26,-88,0.001869,51,2026-09-23 01:07:21.000117,804,1.037,0.0011,"aoml_navis",1030.94329464386
"7901009",123,0,1,0.026166,1,0.003738,1,124.076580012811,1,4.84987574994681,806,1,7.21000003814697,34.8759994506836,0.0261659994721413,0.0100977895781398,119.645202636719,-87.741,26.1135,36.2591612536323,63,63,63,63,61,63,0,8045,1.29563008188212,26,-88,0.001869,51,2026-09-23 01:07:21.000117,806,1.037,0.0011,"aoml_navis",1030.95424662268
"7901009",123,0,1,0.029904,1,0.007476,1,124.837347517604,1,4.8498086021133,808,1,7.16200017929077,34.8730010986328,0.0299040004611015,0.0129828732460737,120.378799438477,-87.741,26.1135,36.2591612536323,63,63,63,63,61,63,0,8045,1.29563008188212,26,-88,0.001869,51,2026-09-23 01:07:21.000117,808,1.037,0.0011,"aoml_navis",1030.96852065899
"7901009",123,0,1,0.031773,1,0.009345,1,125.097231976181,1,4.84974001744536,810,1,7.10200023651123,34.8680000305176,0.0317730009555817,0.0144254146143794,120.629402160645,-87.741,26.1135,36.2591612536323,63,63,63,63,61,63,0,8045,1.29563008188212,26,-88,0.001869,51,2026-09-23 01:07:21.000117,810,1.037,0.0011,"aoml_navis",1030.98310054026
"7901009",123,0,1,0.028035,1,0.005607,1,124.983671479516,1,4.84968951660325,812,1,7.10099983215332,34.8699989318848,0.0280349999666214,0.0115403309464455,120.519897460938,-87.741,26.1135,36.2591612536323,63,63,63,63,61,63,0,8045,1.29563008188212,26,-88,0.001869,51,2026-09-23 01:07:21.000117,812,1.037,0.0011,"aoml_navis",1030.99383638523
"7901009",123,0,1,0.028035,1,0.005607,1,125.190561567113,1,4.84963527908076,814,1,7.09000015258789,34.8709983825684,0.0280349999666214,0.0115403309464455,120.719398498535,-87.741,26.1135,36.2591612536323,63,63,63,63,61,63,0,8045,1.29563008188212,26,-88,0.001869,51,2026-09-23 01:07:21.000117,814,1.037,0.0011,"aoml_navis",1031.00536685054
"7901009",123,0,1,0.033642,1,0.011214,1,125.389777044402,1,4.84958469318842,816,1,7.07399988174438,34.8699989318848,0.0336420014500618,0.0158679541200399,120.911499023438,-87.741,26.1135,36.2591612536323,63,63,63,63,61,63,0,8045,1.29563008188212,26,-88,0.001869,51,2026-09-23 01:07:21.000117,816,1.037,0.0011,"aoml_navis",1031.01612124083
"7901009",123,0,1,0.029904,1,0.007476,1,125.568666672326,1,4.84953633721331,818,1,7.06099987030029,34.8689994812012,0.0299040004611015,0.0129828732460737,121.083999633789,-87.741,26.1135,36.2591612536323,63,63,63,63,61,63,0,8045,1.29563008188212,26,-88,0.001869,51,2026-09-23 01:07:21.000117,818,1.037,0.0011,"aoml_navis",1031.02640176796
"7901009",123,0,1,0.029904,1,0.007476,1,125.872003666796,1,4.84948724742184,820,1,7.04699993133545,34.8680000305176,0.0299040004611015,0.0129828732460737,121.376502990723,-87.741,26.1135,36.2591612536323,63,63,63,63,61,63,0,8045,1.29563008188212,26,-88,0.001869,51,2026-09-23 01:07:21.000117,820,1.037,0.0011,"aoml_navis",1031.03683851487
"7901009",123,0,1,0.024297,1,0.001869,1,126.291796938728,1,4.84942414343627,822,1,7.01900005340576,34.8680000305176,0.0242970008403063,0.0086552482098341,121.781303405762,-87.741,26.1135,36.2591612536323,63,63,63,63,61,63,0,8045,1.29563008188212,26,-88,0.001869,51,2026-09-23 01:07:21.000117,822,1.037,0.0011,"aoml_navis",1031.05025506328
"7901009",123,0,1,0.028035,1,0.005607,1,126.817571040648,1,4.84935001382431,824,1,6.97599983215332,34.8680000305176,0.0280349999666214,0.0115403309464455,122.288299560547,-87.741,26.1135,36.2591612536323,63,63,63,63,61,63,0,8045,1.29563008188212,26,-88,0.001869,51,2026-09-23 01:07:21.000117,824,1.037,0.0011,"aoml_navis",1031.06601621789
"7901009",123,0,1,0.031773,1,0.009345,1,127.312654613302,1,4.84928478432295,826,1,6.93499994277954,34.8660011291504,0.0317730009555817,0.0144254146143794,122.765701293945,-87.741,26.1135,36.2591612536323,63,63,63,63,61,63,0,8045,1.29563008188212,26,-88,0.001869,51,2026-09-23 01:07:21.000117,826,1.037,0.0011,"aoml_navis",1031.07988546358
"7901009",123,0,1,0.029904,1,0.007476,1,127.506268416261,1,4.84923502326857,828,1,6.92000007629395,34.8650016784668,0.0299040004611015,0.0129828732460737,122.95240020752,-87.741,26.1135,36.2591612536323,63,63,63,63,61,63,0,8045,1.29563008188212,26,-88,0.001869,51,2026-09-23 01:07:21.000117,828,1.037,0.0011,"aoml_navis",1031.09046602361
"7901009",123,0,1,0.024297,1,0.001869,1,127.697397860833,1,4.84918526243965,830,1,6.90999984741211,34.8650016784668,0.0242970008403063,0.0086552482098341,123.136703491211,-87.741,26.1135,36.2591612536323,63,63,63,63,61,63,0,8045,1.29563008188212,26,-88,0.001869,51,2026-09-23 01:07:21.000117,830,1.037,0.0011,"aoml_navis",1031.10104675285
"7901009",123,0,1,0.029904,1,0.007476,1,127.892878888569,1,4.84913919637653,832,1,6.90000009536743,34.8639984130859,0.0299040004611015,0.0129828732460737,123.325202941895,-87.741,26.1135,36.2591612536323,63,63,63,63,61,63,0,8045,1.29563008188212,26,-88,0.001869,51,2026-09-23 01:07:21.000117,832,1.037,0.0011,"aoml_navis",1031.11084205135
"7901009",123,0,1,0.029904,1,0.007476,1,128.160635756689,1,4.84908724311115,834,1,6.88700008392334,34.8639984130859,0.0299040004611015,0.0129828732460737,123.583396911621,-87.741,26.1135,36.2591612536323,63,63,63,63,61,63,0,8045,1.29563008188212,26,-88,0.001869,51,2026-09-23 01:07:21.000117,834,1.037,0.0011,"aoml_navis",1031.12188940367
"7901009",123,0,1,0.031773,1,0.009345,1,128.406104607035,1,4.84903529576608,836,1,6.87400007247925,34.8639984130859,0.0317730009555817,0.0144254146143794,123.820098876953,-87.741,26.1135,36.2591612536323,63,63,63,63,61,63,0,8045,1.29563008188212,26,-88,0.001869,51,2026-09-23 01:07:21.000117,836,1.037,0.0011,"aoml_navis",1031.13293573378
"7901009",123,0,1,0.029904,1,0.007476,1,128.732876854841,1,4.84898703104343,838,1,6.86100006103516,34.8629989624023,0.0299040004611015,0.0129828732460737,124.135200500488,-87.741,26.1135,36.2591612536323,63,63,63,63,61,63,0,8045,1.29563008188212,26,-88,0.001869,51,2026-09-23 01:07:21.000117,838,1.037,0.0011,"aoml_navis",1031.14319918568
"7901009",123,0,1,0.031773,1,0.009345,1,129.116061444402,1,4.84892777905951,840,1,6.83799982070923,34.8629989624023,0.0317730009555817,0.0144254146143794,124.504699707031,-87.741,26.1135,36.2591612536323,63,63,63,63,61,63,0,8045,1.29563008188212,26,-88,0.001869,51,2026-09-23 01:07:21.000117,840,1.037,0.0011,"aoml_navis",1031.15579934865
"7901009",123,0,1,0.029904,1,0.007476,1,129.299927701072,1,4.8488766076373,842,1,6.82100009918213,34.8619995117188,0.0299040004611015,0.0129828732460737,124.681999206543,-87.741,26.1135,36.2591612536323,63,63,63,63,61,63,0,8045,1.29563008188212,26,-88,0.001869,51,2026-09-23 01:07:21.000117,842,1.037,0.0011,"aoml_navis",1031.16668139682
"7901009",123,0,1,0.026166,1,0.003738,1,129.410268026195,1,4.84882907284554,844,1,6.81400012969971,34.8619995117188,0.0261659994721413,0.0100977895781398,124.788398742676,-87.741,26.1135,36.2591612536323,63,63,63,63,61,63,0,8045,1.29563008188212,26,-88,0.001869,51,2026-09-23 01:07:21.000117,844,1.037,0.0011,"aoml_navis",1031.17679028965
"7901009",123,0,1,0.031773,1,0.009345,1,129.600044524,1,4.84878154034992,846,1,6.80700016021729,34.8619995117188,0.0317730009555817,0.0144254146143794,124.971397399902,-87.741,26.1135,36.2591612536323,63,63,63,63,61,63,0,8045,1.29563008188212,26,-88,0.001869,51,2026-09-23 01:07:21.000117,846,1.037,0.0011,"aoml_navis",1031.18689889237
"7901009",123,0,1,0.033642,1,0.011214,1,129.809324026354,1,4.84873622614457,848,1,6.7979998588562,34.8610000610352,0.0336420014500618,0.0158679541200399,125.173202514648,-87.741,26.1135,36.2591612536323,63,63,63,63,61,63,0,8045,1.29563008188212,26,-88,0.001869,51,2026-09-23 01:07:21.000117,848,1.037,0.0011,"aoml_navis",1031.19653592204
"7901009",123,0,1,0.031773,1,0.009345,1,130.160465139882,1,4.84868286008117,850,1,6.78299999237061,34.8610000610352,0.0317730009555817,0.0144254146143794,125.51180267334,-87.741,26.1135,36.2591612536323,63,63,63,63,61,63,0,8045,1.29563008188212,26,-88,0.001869,51,2026-09-23 01:07:21.000117,850,1.037,0.0011,"aoml_navis",1031.20788558159
"7901009",123,0,1,0.033642,1,0.011214,1,130.415570768947,1,4.84862002815483,852,1,6.75500011444092,34.8610000610352,0.0336420014500618,0.0158679541200399,125.757797241211,-87.741,26.1135,36.2591612536323,63,63,63,63,61,63,0,8045,1.29563008188212,26,-88,0.001869,51,2026-09-23 01:07:21.000117,852,1.037,0.0011,"aoml_navis",1031.22124871946
"7901009",123,0,1,0.026166,1,0.003738,1,130.492625438843,1,4.84856454013053,854,1,6.73199987411499,34.8600006103516,0.0261659994721413,0.0100977895781398,125.832099914551,-87.741,26.1135,36.2591612536323,63,63,63,63,61,63,0,8045,1.29563008188212,26,-88,0.001869,51,2026-09-23 01:07:21.000117,854,1.037,0.0011,"aoml_navis",1031.23305023911
"7901009",123,0,1,0.029904,1,0.007476,1,130.393899884785,1,4.84851997587965,856,1,6.72399997711182,34.859001159668,0.0299040004611015,0.0129828732460737,125.73690032959,-87.741,26.1135,36.2591612536323,63,63,63,63,61,63,0,8045,1.29563008188212,26,-88,0.001869,51,2026-09-23 01:07:21.000117,856,1.037,0.0011,"aoml_navis",1031.24252862192
"7901009",123,0,1,0.029904,1,0.007476,1,130.043383816839,1,4.84846878755092,858,1,6.71700000762939,34.8600006103516,0.0299040004611015,0.0129828732460737,125.398902893066,-87.741,26.1135,36.2591612536323,63,63,63,63,61,63,0,8045,1.29563008188212,26,-88,0.001869,51,2026-09-23 01:07:21.000117,858,1.037,0.0011,"aoml_navis",1031.25341609668
"7901009",123,0,1,0.033642,1,0.011214,1,129.879732641961,1,4.84841388383503,860,1,6.71500015258789,34.8629989624023,0.0336420014500618,0.0158679541200399,125.241096496582,-87.741,26.1135,36.2591612536323,63,63,63,63,61,63,0,8045,1.29563008188212,26,-88,0.001869,51,2026-09-23 01:07:21.000117,860,1.037,0.0011,"aoml_navis",1031.26509406929
"7901009",123,0,1,0.031773,1,0.009345,1,130.084652649181,1,4.84834515724908,862,1,6.69399976730347,34.8660011291504,0.0317730009555817,0.0144254146143794,125.438697814941,-87.741,26.1135,36.2591612536323,63,63,63,63,61,63,0,8045,1.29563008188212,26,-88,0.001869,51,2026-09-23 01:07:21.000117,862,1.037,0.0011,"aoml_navis",1031.2797125271
"7901009",123,0,1,0.031773,1,0.009345,1,130.335620318254,1,4.84828313861147,864,1,6.66699981689453,34.8660011291504,0.0317730009555817,0.0144254146143794,125.680702209473,-87.741,26.1135,36.2591612536323,63,63,63,63,61,63,0,8045,1.29563008188212,26,-88,0.001869,51,2026-09-23 01:07:21.000117,864,1.037,0.0011,"aoml_navis",1031.29290452949
"7901009",123,0,1,0.028035,1,0.005607,1,130.523735302487,1,4.84823424326855,866,1,6.65299987792969,34.8650016784668,0.0280349999666214,0.0115403309464455,125.862098693848,-87.741,26.1135,36.2591612536323,63,63,63,63,61,63,0,8045,1.29563008188212,26,-88,0.001869,51,2026-09-23 01:07:21.000117,866,1.037,0.0011,"aoml_navis",1031.30330531
"7901009",123,0,1,0.033642,1,0.011214,1,130.739747890792,1,4.84818964822107,868,1,6.65000009536743,34.8650016784668,0.0336420014500618,0.0158679541200399,126.07039642334,-87.741,26.1135,36.2591612536323,63,63,63,63,61,63,0,8045,1.29563008188212,26,-88,0.001869,51,2026-09-23 01:07:21.000117,868,1.037,0.0011,"aoml_navis",1031.31279153542
"7901009",123,0,1,0.028035,1,0.005607,1,131.01570947117,1,4.84813998173692,870,1,6.6399998664856,34.8650016784668,0.0280349999666214,0.0115403309464455,126.336502075195,-87.741,26.1135,36.2591612536323,63,63,63,63,61,63,0,8045,1.29563008188212,26,-88,0.001869,51,2026-09-23 01:07:21.000117,870,1.037,0.0011,"aoml_navis",1031.3233567585
"7901009",123,0,1,0.035511,1,0.013083,1,131.377634598978,1,4.84808235552377,872,1,6.61899995803833,34.8650016784668,0.0355109982192516,0.0173104964196682,126.685501098633,-87.741,26.1135,36.2591612536323,63,63,63,63,61,63,0,8045,1.29563008188212,26,-88,0.001869,51,2026-09-23 01:07:21.000117,872,1.037,0.0011,"aoml_navis",1031.33561547343
"7901009",123,0,1,0.026166,1,0.003738,1,131.844195521979,1,4.84802402273928,874,1,6.59700012207031,34.8650016784668,0.0261659994721413,0.0100977895781398,127.135398864746,-87.741,26.1135,36.2591612536323,63,63,63,63,61,63,0,8045,1.29563008188212,26,-88,0.001869,51,2026-09-23 01:07:21.000117,874,1.037,0.0011,"aoml_navis",1031.34802479276
"7901009",123,0,1,0.028035,1,0.005607,1,132.376093488207,1,4.84795560557944,876,1,6.56099987030029,34.8650016784668,0.0280349999666214,0.0115403309464455,127.648300170898,-87.741,26.1135,36.2591612536323,63,63,63,63,61,63,0,8045,1.29563008188212,26,-88,0.001869,51,2026-09-23 01:07:21.000117,876,1.037,0.0011,"aoml_navis",1031.36257977395
"7901009",123,0,1,0.031773,1,0.009345,1,132.689178028967,1,4.84789669130423,878,1,6.53299999237061,34.8639984130859,0.0317730009555817,0.0144254146143794,127.950202941895,-87.741,26.1135,36.2591612536323,63,63,63,63,61,63,0,8045,1.29563008188212,26,-88,0.001869,51,2026-09-23 01:07:21.000117,878,1.037,0.0011,"aoml_navis",1031.37511345252
"7901009",123,0,1,0.033642,1,0.011214,1,132.950407522339,1,4.84784418487623,880,1,6.51900005340576,34.8639984130859,0.0336420014500618,0.0158679541200399,128.202102661133,-87.741,26.1135,36.2591612536323,63,63,63,63,61,63,0,8045,1.29563008188212,26,-88,0.001869,51,2026-09-23 01:07:21.000117,880,1.037,0.0011,"aoml_navis",1031.3862841546
"7901009",123,0,1,0.028035,1,0.005607,1,133.233513611078,1,4.84779384246736,882,1,6.50799989700317,34.8639984130859,0.0280349999666214,0.0115403309464455,128.47509765625,-87.741,26.1135,36.2591612536323,63,63,63,63,61,63,0,8045,1.29563008188212,26,-88,0.001869,51,2026-09-23 01:07:21.000117,882,1.037,0.0011,"aoml_navis",1031.39699469051
"7901009",123,0,1,0.029904,1,0.007476,1,133.643242857944,1,4.84775149550315,884,1,6.50299978256226,34.8629989624023,0.0299040004611015,0.0129828732460737,128.870193481445,-87.741,26.1135,36.2591612536323,63,63,63,63,61,63,0,8045,1.29563008188212,26,-88,0.001869,51,2026-09-23 01:07:21.000117,884,1.037,0.0011,"aoml_navis",1031.4060043379
"7901009",123,0,1,0.029904,1,0.007476,1,134.175560158551,1,4.8476838347026,886,1,6.47300004959106,34.8639984130859,0.0299040004611015,0.0129828732460737,129.383499145508,-87.741,26.1135,36.2591612536323,63,63,63,63,61,63,0,8045,1.29563008188212,26,-88,0.001869,51,2026-09-23 01:07:21.000117,886,1.037,0.0011,"aoml_navis",1031.42040002837
"7901009",123,0,1,0.028035,1,0.005607,1,134.668776506428,1,4.84761272313429,888,1,6.43300008773804,34.8639984130859,0.0280349999666214,0.0115403309464455,129.859100341797,-87.741,26.1135,36.2591612536323,63,63,63,63,61,63,0,8045,1.29563008188212,26,-88,0.001869,51,2026-09-23 01:07:21.000117,888,1.037,0.0011,"aoml_navis",1031.4355303464
"7901009",123,0,1,0.031773,1,0.009345,1,135.0581878159,1,4.84756108149343,890,1,6.41499996185303,34.8629989624023,0.0317730009555817,0.0144254146143794,130.234603881836,-87.741,26.1135,36.2591612536323,63,63,63,63,61,63,0,8045,1.29563008188212,26,-88,0.001869,51,2026-09-23 01:07:21.000117,890,1.037,0.0011,"aoml_navis",1031.44651835096
"7901009",123,0,1,0.029904,1,0.007476,1,135.358826828808,1,4.84749709450636,892,1,6.3899998664856,34.8639984130859,0.0299040004611015,0.0129828732460737,130.524505615234,-87.741,26.1135,36.2591612536323,63,63,63,63,61,63,0,8045,1.29563008188212,26,-88,0.001869,51,2026-09-23 01:07:21.000117,892,1.037,0.0011,"aoml_navis",1031.46013345041
"7901009",123,0,1,0.029904,1,0.007476,1,135.547669714225,1,4.84744323085249,894,1,6.37400007247925,34.8639984130859,0.0299040004611015,0.0129828732460737,130.706604003906,-87.741,26.1135,36.2591612536323,63,63,63,63,61,63,0,8045,1.29563008188212,26,-88,0.001869,51,2026-09-23 01:07:21.000117,894,1.037,0.0011,"aoml_navis",1031.47159479384
"7901009",123,0,1,0.028035,1,0.005607,1,135.75186182026,1,4.84739650994006,896,1,6.36800003051758,34.8639984130859,0.0280349999666214,0.0115403309464455,130.903503417969,-87.741,26.1135,36.2591612536323,63,63,63,63,61,63,0,8045,1.29563008188212,26,-88,0.001869,51,2026-09-23 01:07:21.000117,896,1.037,0.0011,"aoml_navis",1031.48153647984
"7901009",123,0,1,0.028035,1,0.005607,1,136.064115604233,1,4.8473426583588,898,1,6.35200023651123,34.8639984130859,0.0280349999666214,0.0115403309464455,131.204605102539,-87.741,26.1135,36.2591612536323,63,63,63,63,61,63,0,8045,1.29563008188212,26,-88,0.001869,51,2026-09-23 01:07:21.000117,898,1.037,0.0011,"aoml_navis",1031.49299572993
"7901009",123,0,1,0.031773,1,0.009345,1,136.379676591412,1,4.84729237836624,900,1,6.34100008010864,34.8639984130859,0.0317730009555817,0.0144254146143794,131.508895874023,-87.741,26.1135,36.2591612536323,63,63,63,63,61,63,0,8045,1.29563008188212,26,-88,0.001869,51,2026-09-23 01:07:21.000117,900,1.037,0.0011,"aoml_navis",1031.50369520009
"7901009",123,0,1,0.033642,1,0.011214,1,136.842194498054,1,4.84723925390095,902,1,6.32600021362305,34.8639984130859,0.0336420014500618,0.0158679541200399,131.954895019531,-87.741,26.1135,36.2591612536323,63,63,63,63,61,63,0,8045,1.29563008188212,26,-88,0.001869,51,2026-09-23 01:07:21.000117,902,1.037,0.0011,"aoml_navis",1031.51500020885
"7901009",123,0,1,0.026166,1,0.003738,1,137.353766614918,1,4.8471754686895,904,1,6.2960000038147,34.8639984130859,0.0261659994721413,0.0100977895781398,132.448196411133,-87.741,26.1135,36.2591612536323,63,63,63,63,61,63,0,8045,1.29563008188212,26,-88,0.001869,51,2026-09-23 01:07:21.000117,904,1.037,0.0011,"aoml_navis",1031.52857417638
"7901009",123,0,1,0.028035,1,0.005607,1,137.707605710009,1,4.84712876281865,906,1,6.28999996185303,34.8639984130859,0.0280349999666214,0.0115403309464455,132.789398193359,-87.741,26.1135,36.2591612536323,63,63,63,63,61,63,0,8045,1.29563008188212,26,-88,0.001869,51,2026-09-23 01:07:21.000117,906,1.037,0.0011,"aoml_navis",1031.53851375973
"7901009",123,0,1,0.028035,1,0.005607,1,138.037075939376,1,4.84707282469424,908,1,6.27099990844727,34.8639984130859,0.0280349999666214,0.0115403309464455,133.10710144043,-87.741,26.1135,36.2591612536323,63,63,63,63,61,63,0,8045,1.29563008188212,26,-88,0.001869,51,2026-09-23 01:07:21.000117,908,1.037,0.0011,"aoml_navis",1031.5504183322
"7901009",123,0,1,0.029904,1,0.007476,1,138.185995027248,1,4.84702115609554,910,1,6.25799989700317,34.8639984130859,0.0299040004611015,0.0129828732460737,133.250701904297,-87.741,26.1135,36.2591612536323,63,63,63,63,61,63,0,8045,1.29563008188212,26,-88,0.001869,51,2026-09-23 01:07:21.000117,910,1.037,0.0011,"aoml_navis",1031.56141452201
"7901009",123,0,1,0.035511,1,0.013083,1,138.25921239199,1,4.84697233033259,912,1,6.24900007247925,34.8639984130859,0.0355109982192516,0.0173104964196682,133.321304321289,-87.741,26.1135,36.2591612536323,63,63,63,63,61,63,0,8045,1.29563008188212,26,-88,0.001869,51,2026-09-23 01:07:21.000117,912,1.037,0.0011,"aoml_navis",1031.57180591062
"7901009",123,0,1,0.028035,1,0.005607,1,138.375154391441,1,4.84692421666692,914,1,6.24100017547607,34.8639984130859,0.0280349999666214,0.0115403309464455,133.43310546875,-87.741,26.1135,36.2591612536323,63,63,63,63,61,63,0,8045,1.29563008188212,26,-88,0.001869,51,2026-09-23 01:07:21.000117,914,1.037,0.0011,"aoml_navis",1031.58204595127
"7901009",123,0,1,0.033642,1,0.011214,1,138.586293206601,1,4.84687043571991,916,1,6.22499990463257,34.8639984130859,0.0336420014500618,0.0158679541200399,133.636703491211,-87.741,26.1135,36.2591612536323,63,63,63,63,61,63,0,8045,1.29563008188212,26,-88,0.001869,51,2026-09-23 01:07:21.000117,916,1.037,0.0011,"aoml_navis",1031.59349240111
"7901009",123,0,1,0.031773,1,0.009345,1,138.792969671025,1,4.84681155618335,918,1,6.20699977874756,34.8650016784668,0.0317730009555817,0.0144254146143794,133.835998535156,-87.741,26.1135,36.2591612536323,63,63,63,63,61,63,0,8045,1.29563008188212,26,-88,0.001869,51,2026-09-23 01:07:21.000117,918,1.037,0.0011,"aoml_navis",1031.60602429884
"7901009",123,0,1,0.033642,1,0.011214,1,138.90963957166,1,4.84676274651006,920,1,6.19799995422363,34.8650016784668,0.0336420014500618,0.0158679541200399,133.948501586914,-87.741,26.1135,36.2591612536323,63,63,63,63,61,63,0,8045,1.29563008188212,26,-88,0.001869,51,2026-09-23 01:07:21.000117,920,1.037,0.0011,"aoml_navis",1031.6164131616
"7901009",123,0,1,0.031773,1,0.009345,1,139.001307649021,1,4.8467160619246,922,1,6.19199991226196,34.8650016784668,0.0317730009555817,0.0144254146143794,134.036895751953,-87.741,26.1135,36.2591612536323,63,63,63,63,61,63,0,8045,1.29563008188212,26,-88,0.001869,51,2026-09-23 01:07:21.000117,922,1.037,0.0011,"aoml_navis",1031.62634990723
"7901009",123,0,1,0.031773,1,0.009345,1,139.082516102847,1,4.8466693793385,924,1,6.18599987030029,34.8650016784668,0.0317730009555817,0.0144254146143794,134.115203857422,-87.741,26.1135,36.2591612536323,63,63,63,63,61,63,0,8045,1.29563008188212,26,-88,0.001869,51,2026-09-23 01:07:21.000117,924,1.037,0.0011,"aoml_navis",1031.6362864187
"7901009",123,0,1,0.028035,1,0.005607,1,139.262022864383,1,4.84662552831338,926,1,6.18400001525879,34.8650016784668,0.0280349999666214,0.0115403309464455,134.288299560547,-87.741,26.1135,36.2591612536323,63,63,63,63,61,63,0,8045,1.29563008188212,26,-88,0.001869,51,2026-09-23 01:07:21.000117,926,1.037,0.0011,"aoml_navis",1031.64562039931
"7901009",123,0,1,0.029904,1,0.007476,1,139.591382326179,1,4.84657672762831,928,1,6.17500019073486,34.8650016784668,0.0299040004611015,0.0129828732460737,134.605895996094,-87.741,26.1135,36.2591612536323,63,63,63,63,61,63,0,8045,1.29563008188212,26,-88,0.001869,51,2026-09-23 01:07:21.000117,928,1.037,0.0011,"aoml_navis",1031.65600814635
"7901009",123,0,1,0.029904,1,0.007476,1,140.000605207005,1,4.84652580918461,930,1,6.16300010681152,34.8650016784668,0.0299040004611015,0.0129828732460737,135.000503540039,-87.741,26.1135,36.2591612536323,63,63,63,63,61,63,0,8045,1.29563008188212,26,-88,0.001869,51,2026-09-23 01:07:21.000117,930,1.037,0.0011,"aoml_navis",1031.66684690393
"7901009",123,0,1,0.029904,1,0.007476,1,140.48022879147,1,4.84646642237634,932,1,6.13899993896484,34.8650016784668,0.0299040004611015,0.0129828732460737,135.462997436523,-87.741,26.1135,36.2591612536323,63,63,63,63,61,63,0,8045,1.29563008188212,26,-88,0.001869,51,2026-09-23 01:07:21.000117,932,1.037,0.0011,"aoml_navis",1031.67948856816
"7901009",123,0,1,0.028035,1,0.005607,1,140.818307243534,1,4.84640337946236,934,1,6.11499977111816,34.8660011291504,0.0280349999666214,0.0115403309464455,135.789001464844,-87.741,26.1135,36.2591612536323,63,63,63,63,61,63,0,8045,1.29563008188212,26,-88,0.001869,51,2026-09-23 01:07:21.000117,934,1.037,0.0011,"aoml_navis",1031.69290884629
"7901009",123,0,1,0.028035,1,0.005607,1,141.066268364239,1,4.84634966852107,936,1,6.09899997711182,34.8660011291504,0.0280349999666214,0.0115403309464455,136.028106689453,-87.741,26.1135,36.2591612536323,63,63,63,63,61,63,0,8045,1.29563008188212,26,-88,0.001869,51,2026-09-23 01:07:21.000117,936,1.037,0.0011,"aoml_navis",1031.70434285354
"7901009",123,0,1,0.029904,1,0.007476,1,141.207085595455,1,4.84630738711756,938,1,6.0939998626709,34.8650016784668,0.0299040004611015,0.0129828732460737,136.16389465332,-87.741,26.1135,36.2591612536323,63,63,63,63,61,63,0,8045,1.29563008188212,26,-88,0.001869,51,2026-09-23 01:07:21.000117,938,1.037,0.0011,"aoml_navis",1031.71334391438
"7901009",123,0,1,0.026166,1,0.003738,1,141.567365033629,1,4.84625564002631,940,1,6.08599996566772,34.8660011291504,0.0261659994721413,0.0100977895781398,136.511306762695,-87.741,26.1135,36.2591612536323,63,63,63,63,61,63,0,8045,1.29563008188212,26,-88,0.001869,51,2026-09-23 01:07:21.000117,940,1.037,0.0011,"aoml_navis",1031.72436028836
"7901009",123,0,1,0.029904,1,0.007476,1,141.801527679717,1,4.84620124108359,942,1,6.06899976730347,34.8660011291504,0.0299040004611015,0.0129828732460737,136.737106323242,-87.741,26.1135,36.2591612536323,63,63,63,63,61,63,0,8045,1.29563008188212,26,-88,0.001869,51,2026-09-23 01:07:21.000117,942,1.037,0.0011,"aoml_navis",1031.73594146537
"7901009",123,0,1,0.035511,1,0.013083,1,142.011622114917,1,4.84615458536657,944,1,6.06300020217896,34.8660011291504,0.0355109982192516,0.0173104964196682,136.939697265625,-87.741,26.1135,36.2591612536323,63,63,63,63,61,63,0,8045,1.29563008188212,26,-88,0.001869,51,2026-09-23 01:07:21.000117,944,1.037,0.0011,"aoml_navis",1031.74587436768
"7901009",123,0,1,0.028035,1,0.005607,1,142.282702010182,1,4.8461079313053,946,1,6.05700016021729,34.8660011291504,0.0280349999666214,0.0115403309464455,137.201095581055,-87.741,26.1135,36.2591612536323,63,63,63,63,61,63,0,8045,1.29563008188212,26,-88,0.001869,51,2026-09-23 01:07:21.000117,946,1.037,0.0011,"aoml_navis",1031.75580710875
"7901009",123,0,1,0.029904,1,0.007476,1,142.709647702443,1,4.84606284776537,948,1,6.0479998588562,34.8650016784668,0.0299040004611015,0.0129828732460737,137.61279296875,-87.741,26.1135,36.2591612536323,63,63,63,63,61,63,0,8045,1.29563008188212,26,-88,0.001869,51,2026-09-23 01:07:21.000117,948,1.037,0.0011,"aoml_navis",1031.76540566444
"7901009",123,0,1,0.033642,1,0.011214,1,143.253057584135,1,4.84600549534167,950,1,6.03200006484985,34.8660011291504,0.0336420014500618,0.0158679541200399,138.136795043945,-87.741,26.1135,36.2591612536323,63,63,63,63,61,63,0,8045,1.29563008188212,26,-88,0.001869,51,2026-09-23 01:07:21.000117,950,1.037,0.0011,"aoml_navis",1031.77761659708
"7901009",123,0,1,0.033642,1,0.011214,1,143.639351577666,1,4.84594271142833,952,1,6.00299978256226,34.8660011291504,0.0336420014500618,0.0158679541200399,138.509292602539,-87.741,26.1135,36.2591612536323,63,63,63,63,61,63,0,8045,1.29563008188212,26,-88,0.001869,51,2026-09-23 01:07:21.000117,952,1.037,0.0011,"aoml_navis",1031.79098428224
"7901009",123,0,1,0.031773,1,0.009345,1,143.863766677464,1,4.845890463184,954,1,5.98899984359741,34.8660011291504,0.0317730009555817,0.0144254146143794,138.725692749023,-87.741,26.1135,36.2591612536323,63,63,63,63,61,63,0,8045,1.29563008188212,26,-88,0.001869,51,2026-09-23 01:07:21.000117,954,1.037,0.0011,"aoml_navis",1031.80210902141
"7901009",123,0,1,0.029904,1,0.007476,1,143.95679561356,1,4.84584382359363,956,1,5.98299980163574,34.8660011291504,0.0299040004611015,0.0129828732460737,138.815399169922,-87.741,26.1135,36.2591612536323,63,63,63,63,61,63,0,8045,1.29563008188212,26,-88,0.001869,51,2026-09-23 01:07:21.000117,956,1.037,0.0011,"aoml_navis",1031.81203976402
"7901009",123,0,1,0.033642,1,0.011214,1,144.19364832924,1,4.84579858699366,958,1,5.97900009155273,34.8660011291504,0.0336420014500618,0.0158679541200399,139.043792724609,-87.741,26.1135,36.2591612536323,63,63,63,63,61,63,0,8045,1.29563008188212,26,-88,0.001869,51,2026-09-23 01:07:21.000117,958,1.037,0.0011,"aoml_navis",1031.82167195727
"7901009",123,0,1,0.031773,1,0.009345,1,144.521979235015,1,4.84574477246661,960,1,5.96799993515015,34.867000579834,0.0317730009555817,0.0144254146143794,139.360397338867,-87.741,26.1135,36.2591612536323,63,63,63,63,61,63,0,8045,1.29563008188212,26,-88,0.001869,51,2026-09-23 01:07:21.000117,960,1.037,0.0011,"aoml_navis",1031.83313087595
"7901009",123,0,1,0.033642,1,0.011214,1,144.84045182693,1,4.84567977260822,962,1,5.94099998474121,34.8680000305176,0.0336420014500618,0.0158679541200399,139.667495727539,-87.741,26.1135,36.2591612536323,63,63,63,63,61,63,0,8045,1.29563008188212,26,-88,0.001869,51,2026-09-23 01:07:21.000117,962,1.037,0.0011,"aoml_navis",1031.84697186639
"7901009",123,0,1,0.026166,1,0.003738,1,145.006903838971,1,4.84562685592733,964,1,5.92600011825562,34.8680000305176,0.0261659994721413,0.0100977895781398,139.828002929688,-87.741,26.1135,36.2591612536323,63,63,63,63,61,63,0,8045,1.29563008188212,26,-88,0.001869,51,2026-09-23 01:07:21.000117,964,1.037,0.0011,"aoml_navis",1031.85824015397
"7901009",123,0,1,0.029904,1,0.007476,1,145.163497537152,1,4.84558022978821,966,1,5.92000007629395,34.8680000305176,0.0299040004611015,0.0129828732460737,139.97900390625,-87.741,26.1135,36.2591612536323,63,63,63,63,61,63,0,8045,1.29563008188212,26,-88,0.001869,51,2026-09-23 01:07:21.000117,966,1.037,0.0011,"aoml_navis",1031.86816911265
"7901009",123,0,1,0.028035,1,0.005607,1,145.419544690574,1,4.84553500205375,968,1,5.91599988937378,34.8680000305176,0.0280349999666214,0.0115403309464455,140.22590637207,-87.741,26.1135,36.2591612536323,63,63,63,63,61,63,0,8045,1.29563008188212,26,-88,0.001869,51,2026-09-23 01:07:21.000117,968,1.037,0.0011,"aoml_navis",1031.87780046595
"7901009",123,0,1,0.029904,1,0.007476,1,145.891699375934,1,4.84548488950082,970,1,5.90500020980835,34.8680000305176,0.0299040004611015,0.0129828732460737,140.681198120117,-87.741,26.1135,36.2591612536323,63,63,63,63,61,63,0,8045,1.29563008188212,26,-88,0.001869,51,2026-09-23 01:07:21.000117,970,1.037,0.0011,"aoml_navis",1031.88847226291
"7901009",123,0,1,0.029904,1,0.007476,1,146.335244379976,1,4.84541994751859,972,1,5.87799978256226,34.8689994812012,0.0299040004611015,0.0129828732460737,141.108901977539,-87.741,26.1135,36.2591612536323,63,63,63,63,61,63,0,8045,1.29563008188212,26,-88,0.001869,51,2026-09-23 01:07:21.000117,972,1.037,0.0011,"aoml_navis",1031.90230241252
"7901009",123,0,1,0.028035,1,0.005607,1,146.598649664931,1,4.84536706340482,974,1,5.86299991607666,34.8689994812012,0.0280349999666214,0.0115403309464455,141.362899780273,-87.741,26.1135,36.2591612536323,63,63,63,63,61,63,0,8045,1.29563008188212,26,-88,0.001869,51,2026-09-23 01:07:21.000117,974,1.037,0.0011,"aoml_navis",1031.91356497283
"7901009",123,0,1,0.031773,1,0.009345,1,146.822542574749,1,4.84532253956267,976,1,5.8600001335144,34.8689994812012,0.0317730009555817,0.0144254146143794,141.578796386719,-87.741,26.1135,36.2591612536323,63,63,63,63,61,63,0,8045,1.29563008188212,26,-88,0.001869,51,2026-09-23 01:07:21.000117,976,1.037,0.0011,"aoml_navis",1031.92304726349
"7901009",123,0,1,0.031773,1,0.009345,1,147.139052998255,1,4.84527732089894,978,1,5.85599994659424,34.8689994812012,0.0317730009555817,0.0144254146143794,141.884002685547,-87.741,26.1135,36.2591612536323,63,63,63,63,61,63,0,8045,1.29563008188212,26,-88,0.001869,51,2026-09-23 01:07:21.000117,978,1.037,0.0011,"aoml_navis",1031.93267770943
"7901009",123,0,1,0.035511,1,0.013083,1,151.873433066202,1,4.84471632248034,999.599975585938,1,5.72389984130859,34.8720016479492,0.0355109982192516,0.0173104964196682,146.449295043945,-87.741,26.1135,36.2591612536323,63,63,63,63,61,63,0,8045,1.29563008188212,26,-88,0.001869,51,2026-09-23 01:07:21.000117,999.599975585938,1.037,0.0011,"aoml_navis",1032.05217131065
"7901009",123,0,1,0.028035,1,0.005607,1,159.33679379245,1,4.84344986747345,1049.80004882812,1,5.46290016174316,34.8779983520508,0.0280349999666214,0.0115403309464455,153.646102905273,-87.741,26.1135,36.2591612536323,63,63,63,63,61,63,0,8045,1.29563008188212,26,-88,0.001869,51,2026-09-23 01:07:21.000117,1049.80004882812,1.037,0.0011,"aoml_navis",1032.32203012524
"7901009",123,0,1,0.031773,1,0.009345,1,166.614302357711,1,4.84220982744959,1099.09997558594,1,5.22009992599487,34.8860015869141,0.0317730009555817,0.0144254146143794,160.663696289062,-87.741,26.1135,36.2591612536323,63,63,63,63,61,63,0,8045,1.29563008188212,26,-88,0.001869,51,2026-09-23 01:07:21.000117,1099.09997558594,1.037,0.0011,"aoml_navis",1032.58639715609
"7901009",123,0,1,0.03738,1,0.014952,1,174.340134756526,1,4.8409382828678,1149.5,1,4.96740007400513,34.8950004577637,0.0373799987137318,0.0187530387192965,168.11360168457,-87.741,26.1135,36.2591612536323,63,63,63,63,61,63,0,8045,1.29563008188212,26,-88,0.001869,51,2026-09-23 01:07:21.000117,1149.5,1.037,0.0011,"aoml_navis",1032.85762136136
"7901009",123,0,1,0.033642,1,0.011214,1,179.993442597386,1,4.8397578273519,1199.30004882812,1,4.81269979476929,34.9010009765625,0.0336420014500618,0.0158679541200399,173.565002441406,-87.741,26.1135,36.2591612536323,63,63,63,63,61,63,0,8045,1.29563008188212,26,-88,0.001869,51,2026-09-23 01:07:21.000117,1199.30004882812,1.037,0.0011,"aoml_navis",1033.109543569
"7901009",123,0,1,0.029904,1,0.007476,1,183.753843409398,1,4.83861341198171,1249.69995117188,1,4.71280002593994,34.9039993286133,0.0299040004611015,0.0129828732460737,177.191101074219,-87.741,26.1135,36.2591612536323,63,63,63,63,61,63,0,8045,1.29563008188212,26,-88,0.001869,51,2026-09-23 01:07:21.000117,1249.69995117188,1.037,0.0011,"aoml_navis",1033.35389176136
"7901009",123,0,1,0.029904,1,0.007476,1,187.301760371454,1,4.83749433194219,1299.59997558594,1,4.63339996337891,34.9070014953613,0.0299040004611015,0.0129828732460737,180.6123046875,-87.741,26.1135,36.2591612536323,63,63,63,63,61,63,0,8045,1.29563008188212,26,-88,0.001869,51,2026-09-23 01:07:21.000117,1299.59997558594,1.037,0.0011,"aoml_navis",1033.59294231825
"7901009",123,0,1,0.029904,1,0.007476,1,191.468266748352,1,4.83634551560155,1349.80004882812,1,4.5282998085022,34.9119987487793,0.0299040004611015,0.0129828732460737,184.630004882812,-87.741,26.1135,36.2591612536323,63,63,63,63,61,63,0,8045,1.29563008188212,26,-88,0.001869,51,2026-09-23 01:07:21.000117,1349.80004882812,1.037,0.0011,"aoml_navis",1033.83846002535
"7901009",123,0,1,0.029904,1,0.007476,1,194.202928200677,1,4.83523798744821,1399.5,1,4.45660018920898,34.9150009155273,0.0299040004611015,0.0129828732460737,187.266998291016,-87.741,26.1135,36.2591612536323,63,63,63,63,61,63,0,8045,1.29563008188212,26,-88,0.001869,51,2026-09-23 01:07:21.000117,1399.5,1.037,0.0011,"aoml_navis",1034.07526433642
"7901009",123,0,1,0.033642,1,0.011214,1,196.051765560018,1,4.83416227402413,1449.09997558594,1,4.42199993133545,34.9169998168945,0.0336420014500618,0.0158679541200399,189.0498046875,-87.741,26.1135,36.2591612536323,63,63,63,63,61,63,0,8045,1.29563008188212,26,-88,0.001869,51,2026-09-23 01:07:21.000117,1449.09997558594,1.037,0.0011,"aoml_navis",1034.30537010869
"7901009",123,0,1,0.029904,1,0.007476,1,197.429049543674,1,4.83306083091064,1500.09997558594,1,4.38560009002686,34.9179992675781,0.0299040004611015,0.0129828732460737,190.377899169922,-87.741,26.1135,36.2591612536323,63,63,63,63,61,63,0,8045,1.29563008188212,26,-88,0.001869,51,2026-09-23 01:07:21.000117,1500.09997558594,1.037,0.0011,"aoml_navis",1034.54108585219
"7901009",123,0,1,0.029904,1,0.007476,1,198.483920774659,1,4.83200568259185,1549.40002441406,1,4.36819982528687,34.9199981689453,0.0299040004611015,0.0129828732460737,191.395095825195,-87.741,26.1135,36.2591612536323,63,63,63,63,61,63,0,8045,1.29563008188212,26,-88,0.001869,51,2026-09-23 01:07:21.000117,1549.40002441406,1.037,0.0011,"aoml_navis",1034.76699500031
"7901009",123,0,1,0.033642,1,0.011214,1,199.340628820284,1,4.83094903051638,1599.30004882812,1,4.35430002212524,34.9199981689453,0.0336420014500618,0.0158679541200399,192.221206665039,-87.741,26.1135,36.2591612536323,63,63,63,63,61,63,0,8045,1.29563008188212,26,-88,0.001869,51,2026-09-23 01:07:21.000117,1599.30004882812,1.037,0.0011,"aoml_navis",1034.99332500007
"7901009",123,0,1,0.033642,1,0.011214,1,200.403586083986,1,4.82989663359568,1648.90002441406,1,4.34070014953613,34.9210014343262,0.0336420014500618,0.0158679541200399,193.246200561523,-87.741,26.1135,36.2591612536323,63,63,63,63,61,63,0,8045,1.29563008188212,26,-88,0.001869,51,2026-09-23 01:07:21.000117,1648.90002441406,1.037,0.0011,"aoml_navis",1035.2188419978
"7901009",123,0,1,0.033642,1,0.011214,1,200.947407388086,1,4.82883917425216,1698.90002441406,1,4.32980012893677,34.9220008850098,0.0336420014500618,0.0158679541200399,193.770599365234,-87.741,26.1135,36.2591612536323,63,63,63,63,61,63,0,8045,1.29563008188212,26,-88,0.001869,51,2026-09-23 01:07:21.000117,1698.90002441406,1.037,0.0011,"aoml_navis",1035.44554282538
"7901009",123,0,1,0.029904,1,0.007476,1,201.601474073676,1,4.82776968528272,1749.69995117188,1,4.32350015640259,34.9230003356934,0.0299040004611015,0.0129828732460737,194.401306152344,-87.741,26.1135,36.2591612536323,63,63,63,63,61,63,0,8045,1.29563008188212,26,-88,0.001869,51,2026-09-23 01:07:21.000117,1749.69995117188,1.037,0.0011,"aoml_navis",1035.67492360754
"7901009",123,0,1,0.031773,1,0.009345,1,201.994097642721,1,4.82671482237226,1800,1,4.31580018997192,34.9230003356934,0.0317730009555817,0.0144254146143794,194.779907226562,-87.741,26.1135,36.2591612536323,63,63,63,63,61,63,0,8045,1.29563008188212,26,-88,0.001869,51,2026-09-23 01:07:21.000117,1800,1.037,0.0011,"aoml_navis",1035.90126701179
"7901009",123,0,1,0.028035,1,0.005607,1,202.4657301381,1,4.82569449420398,1848.90002441406,1,4.31360006332397,34.9230003356934,0.0280349999666214,0.0115403309464455,195.23469543457,-87.741,26.1135,36.2591612536323,63,63,63,63,61,63,0,8045,1.29563008188212,26,-88,0.001869,51,2026-09-23 01:07:21.000117,1848.90002441406,1.037,0.0011,"aoml_navis",1036.12029439604
"7901009",123,0,1,0.029904,1,0.007476,1,202.900461208242,1,4.82465233176195,1898.90002441406,1,4.31080007553101,34.9230003356934,0.0299040004611015,0.0129828732460737,195.653900146484,-87.741,26.1135,36.2591612536323,63,63,63,63,61,63,0,8045,1.29563008188212,26,-88,0.001869,51,2026-09-23 01:07:21.000117,1898.90002441406,1.037,0.0011,"aoml_navis",1036.3441044412
"7901009",123,0,1,0.03738,1,0.014952,1,203.147172237783,1,4.82359446123342,1949.59997558594,1,4.3092999458313,34.923999786377,0.0373799987137318,0.0187530387192965,195.891799926758,-87.741,26.1135,36.2591612536323,63,63,63,63,61,63,0,8045,1.29563008188212,26,-88,0.001869,51,2026-09-23 01:07:21.000117,1949.59997558594,1.037,0.0011,"aoml_navis",1036.57138679139
"7901009",123,0,1,0.031773,1,0.009345,1,199.829382817425,4,4.82258205401227,1998.19995117188,1,4.30830001831055,34.9249992370605,0.0317730009555817,0.0144254146143794,192.692504882812,-87.741,26.1135,36.2591612536323,63,63,63,63,61,63,0,8045,1.29563008188212,26,-88,0.001869,51,2026-09-23 01:07:21.000117,1998.19995117188,1.037,0.0011,"aoml_navis",1036.78899477514
